#TopoPred_TM8: 8-state transmembrane topology prediction results by no_profile mode 
#probabilities are in the order of H E C I L F X _, the 8 transmembrane topology types used in PDBTM 
   1 M X   0.021 0.004 0.003 0.105 0.014 0.021 0.541 0.291 
   2 S X   0.010 0.004 0.000 0.088 0.004 0.016 0.555 0.323 
   3 P X   0.005 0.004 0.000 0.075 0.002 0.015 0.557 0.342 
   4 F X   0.005 0.006 0.000 0.068 0.003 0.016 0.551 0.351 
   5 L X   0.007 0.009 0.000 0.065 0.004 0.019 0.538 0.357 
   6 R X   0.009 0.012 0.001 0.062 0.006 0.022 0.521 0.367 
   7 I X   0.010 0.015 0.001 0.059 0.007 0.022 0.506 0.380 
   8 G X   0.011 0.018 0.001 0.054 0.008 0.021 0.490 0.397 
   9 L X   0.010 0.020 0.001 0.047 0.008 0.019 0.476 0.419 
  10 S X   0.009 0.021 0.001 0.040 0.007 0.017 0.462 0.442 
  11 N _   0.008 0.021 0.001 0.032 0.006 0.014 0.450 0.467 
  12 F _   0.007 0.020 0.001 0.024 0.005 0.012 0.440 0.490 
  13 D _   0.006 0.019 0.001 0.018 0.004 0.010 0.430 0.511 
  14 C _   0.005 0.018 0.000 0.013 0.003 0.009 0.422 0.528 
  15 G _   0.005 0.018 0.000 0.010 0.003 0.008 0.413 0.543 
  16 S _   0.004 0.017 0.000 0.009 0.002 0.008 0.404 0.555 
  17 C _   0.004 0.018 0.000 0.008 0.002 0.007 0.395 0.565 
  18 Q _   0.004 0.019 0.000 0.008 0.002 0.008 0.385 0.574 
  19 S _   0.004 0.021 0.000 0.008 0.003 0.008 0.374 0.582 
  20 C _   0.004 0.023 0.000 0.009 0.003 0.009 0.362 0.589 
  21 Q _   0.005 0.028 0.000 0.010 0.004 0.010 0.349 0.595 
  22 G _   0.005 0.034 0.001 0.011 0.004 0.012 0.336 0.597 
  23 E _   0.006 0.043 0.001 0.014 0.005 0.014 0.321 0.596 
  24 A _   0.007 0.055 0.001 0.017 0.007 0.016 0.306 0.591 
  25 V _   0.008 0.071 0.001 0.021 0.009 0.018 0.290 0.581 
  26 N _   0.009 0.090 0.001 0.027 0.011 0.021 0.274 0.567 
  27 P _   0.010 0.111 0.001 0.033 0.014 0.022 0.259 0.550 
  28 Y _   0.011 0.132 0.001 0.039 0.015 0.024 0.245 0.533 
  29 C _   0.012 0.149 0.001 0.045 0.017 0.024 0.232 0.518 
  30 A _   0.012 0.161 0.001 0.050 0.018 0.025 0.222 0.511 
  31 V _   0.013 0.168 0.001 0.052 0.018 0.024 0.215 0.510 
  32 L _   0.013 0.170 0.001 0.051 0.016 0.023 0.209 0.517 
  33 V _   0.013 0.167 0.001 0.048 0.015 0.021 0.204 0.531 
  34 K _   0.012 0.161 0.001 0.042 0.013 0.019 0.200 0.552 
  35 E _   0.011 0.148 0.001 0.035 0.011 0.017 0.197 0.579 
  36 Y _   0.011 0.131 0.001 0.027 0.009 0.015 0.195 0.612 
  37 V _   0.010 0.113 0.001 0.020 0.007 0.013 0.193 0.644 
  38 E _   0.009 0.096 0.001 0.015 0.005 0.012 0.191 0.672 
  39 S _   0.008 0.083 0.001 0.011 0.004 0.011 0.189 0.693 
  40 E _   0.008 0.074 0.000 0.009 0.004 0.010 0.186 0.708 
  41 N _   0.008 0.069 0.000 0.008 0.003 0.010 0.184 0.717 
  42 G _   0.007 0.066 0.000 0.009 0.003 0.010 0.182 0.723 
  43 Q _   0.007 0.065 0.000 0.010 0.004 0.010 0.179 0.725 
  44 M _   0.007 0.064 0.000 0.012 0.004 0.010 0.176 0.726 
  45 Y _   0.007 0.064 0.001 0.014 0.005 0.011 0.173 0.726 
  46 I _   0.007 0.064 0.001 0.015 0.005 0.011 0.170 0.727 
  47 Q _   0.007 0.064 0.001 0.017 0.005 0.011 0.167 0.728 
  48 K _   0.007 0.063 0.001 0.018 0.006 0.011 0.165 0.730 
  49 K _   0.007 0.061 0.001 0.018 0.006 0.011 0.163 0.734 
  50 P _   0.007 0.058 0.001 0.018 0.005 0.010 0.161 0.740 
  51 T _   0.007 0.054 0.001 0.017 0.005 0.010 0.160 0.746 
  52 M _   0.007 0.050 0.001 0.016 0.005 0.009 0.159 0.754 
  53 Y _   0.006 0.045 0.001 0.014 0.004 0.009 0.158 0.764 
  54 P _   0.006 0.040 0.000 0.012 0.004 0.008 0.157 0.773 
  55 P _   0.006 0.035 0.000 0.010 0.003 0.007 0.156 0.782 
  56 W _   0.005 0.031 0.000 0.009 0.003 0.007 0.154 0.791 
  57 D _   0.005 0.027 0.000 0.007 0.002 0.007 0.153 0.798 
  58 S _   0.005 0.025 0.000 0.006 0.002 0.007 0.151 0.803 
  59 T _   0.005 0.024 0.000 0.006 0.002 0.007 0.149 0.807 
  60 F _   0.005 0.024 0.000 0.006 0.002 0.008 0.146 0.808 
  61 D _   0.005 0.025 0.000 0.006 0.003 0.009 0.143 0.807 
  62 A _   0.006 0.029 0.000 0.008 0.004 0.012 0.139 0.803 
  63 H _   0.007 0.034 0.001 0.011 0.005 0.014 0.134 0.793 
  64 I _   0.009 0.044 0.001 0.015 0.007 0.018 0.129 0.777 
  65 N _   0.011 0.059 0.001 0.022 0.010 0.021 0.123 0.753 
  66 K _   0.013 0.077 0.001 0.031 0.014 0.025 0.116 0.723 
  67 G _   0.014 0.094 0.001 0.040 0.018 0.028 0.110 0.695 
  68 R _   0.016 0.108 0.002 0.049 0.021 0.030 0.105 0.671 
  69 V _   0.017 0.116 0.002 0.056 0.023 0.031 0.101 0.655 
  70 M _   0.017 0.120 0.002 0.059 0.023 0.031 0.098 0.650 
  71 Q _   0.018 0.119 0.002 0.059 0.023 0.031 0.096 0.654 
  72 I _   0.018 0.113 0.002 0.054 0.021 0.029 0.095 0.668 
  73 I _   0.019 0.102 0.002 0.046 0.019 0.028 0.094 0.692 
  74 V _   0.019 0.084 0.002 0.035 0.015 0.026 0.094 0.725 
  75 K _   0.019 0.060 0.001 0.025 0.012 0.024 0.095 0.765 
  76 G _   0.019 0.038 0.001 0.016 0.009 0.022 0.095 0.801 
  77 K _   0.019 0.021 0.001 0.009 0.006 0.021 0.095 0.828 
  78 N _   0.019 0.012 0.001 0.005 0.005 0.021 0.095 0.843 
  79 V _   0.021 0.008 0.000 0.004 0.004 0.022 0.094 0.847 
  80 D _   0.024 0.007 0.000 0.003 0.004 0.025 0.093 0.843 
  81 L _   0.030 0.008 0.001 0.004 0.006 0.029 0.092 0.831 
  82 I _   0.038 0.012 0.001 0.006 0.010 0.035 0.090 0.808 
  83 S _   0.046 0.024 0.001 0.011 0.017 0.042 0.087 0.772 
  84 E _   0.053 0.050 0.002 0.019 0.025 0.048 0.084 0.718 
  85 T _   0.057 0.090 0.003 0.030 0.033 0.051 0.081 0.654 
  86 T _   0.058 0.131 0.003 0.043 0.038 0.052 0.079 0.596 
  87 V _   0.057 0.163 0.003 0.055 0.039 0.051 0.077 0.555 
  88 E _   0.054 0.184 0.002 0.064 0.039 0.048 0.076 0.533 
  89 L _   0.050 0.193 0.002 0.069 0.036 0.045 0.076 0.528 
  90 Y _   0.046 0.195 0.002 0.068 0.032 0.040 0.077 0.540 
  91 S _   0.040 0.189 0.002 0.062 0.027 0.035 0.079 0.565 
  92 L _   0.035 0.175 0.002 0.053 0.021 0.030 0.081 0.604 
  93 A _   0.029 0.151 0.002 0.041 0.016 0.025 0.083 0.653 
  94 E _   0.024 0.119 0.001 0.029 0.011 0.020 0.086 0.709 
  95 R _   0.019 0.087 0.001 0.018 0.007 0.016 0.089 0.762 
  96 C _   0.015 0.064 0.001 0.011 0.004 0.012 0.090 0.802 
  97 R _   0.012 0.050 0.000 0.007 0.003 0.010 0.091 0.828 
  98 K _   0.009 0.043 0.000 0.004 0.002 0.009 0.091 0.841 
  99 N _   0.007 0.041 0.000 0.004 0.002 0.008 0.091 0.847 
 100 N _   0.007 0.042 0.000 0.004 0.002 0.008 0.089 0.847 
 101 G _   0.007 0.047 0.000 0.006 0.002 0.009 0.088 0.841 
 102 K _   0.007 0.057 0.000 0.009 0.003 0.010 0.086 0.827 
 103 T _   0.008 0.074 0.001 0.013 0.005 0.012 0.083 0.805 
 104 E _   0.008 0.097 0.001 0.017 0.006 0.013 0.079 0.779 
 105 I _   0.008 0.121 0.001 0.021 0.007 0.013 0.076 0.753 
 106 W _   0.007 0.142 0.001 0.023 0.007 0.013 0.073 0.733 
 107 L _   0.007 0.159 0.001 0.023 0.007 0.013 0.071 0.719 
 108 E _   0.007 0.171 0.001 0.023 0.006 0.013 0.069 0.711 
 109 L _   0.006 0.180 0.001 0.021 0.006 0.013 0.067 0.706 
 110 K _   0.007 0.186 0.001 0.019 0.006 0.013 0.066 0.703 
 111 P _   0.007 0.193 0.001 0.017 0.006 0.014 0.064 0.699 
 112 Q _   0.007 0.199 0.001 0.016 0.006 0.015 0.063 0.693 
 113 G _   0.008 0.208 0.001 0.017 0.007 0.016 0.062 0.682 
 114 R _   0.009 0.219 0.001 0.019 0.008 0.017 0.060 0.667 
 115 M _   0.010 0.232 0.001 0.023 0.009 0.018 0.059 0.646 
 116 L _   0.011 0.247 0.001 0.029 0.011 0.019 0.058 0.624 
 117 M _   0.012 0.259 0.001 0.035 0.012 0.020 0.057 0.604 
 118 N _   0.012 0.267 0.001 0.042 0.013 0.020 0.057 0.588 
 119 A _   0.013 0.270 0.001 0.046 0.013 0.019 0.057 0.581 
 120 R _   0.013 0.268 0.001 0.047 0.013 0.018 0.057 0.582 
 121 Y _   0.013 0.258 0.001 0.046 0.012 0.017 0.058 0.595 
 122 F _   0.012 0.239 0.001 0.041 0.011 0.016 0.060 0.620 
 123 L _   0.012 0.207 0.001 0.034 0.009 0.014 0.063 0.660 
 124 E _   0.011 0.163 0.001 0.026 0.008 0.012 0.065 0.713 
 125 M _   0.010 0.115 0.001 0.018 0.006 0.011 0.068 0.770 
 126 S _   0.009 0.075 0.001 0.012 0.004 0.009 0.071 0.819 
 127 D _   0.008 0.050 0.000 0.007 0.003 0.008 0.072 0.853 
 128 T _   0.006 0.037 0.000 0.004 0.002 0.007 0.072 0.871 
 129 K _   0.006 0.032 0.000 0.003 0.001 0.007 0.072 0.878 
 130 D _   0.006 0.031 0.000 0.003 0.002 0.008 0.072 0.879 
 131 M _   0.007 0.033 0.000 0.004 0.002 0.010 0.070 0.873 
 132 N _   0.008 0.041 0.000 0.008 0.004 0.013 0.068 0.858 
 133 E _   0.010 0.058 0.001 0.014 0.006 0.017 0.065 0.829 
 134 F _   0.012 0.088 0.001 0.022 0.009 0.020 0.061 0.787 
 135 E _   0.012 0.124 0.001 0.032 0.012 0.023 0.057 0.738 
 136 T _   0.012 0.156 0.001 0.041 0.014 0.024 0.053 0.697 
 137 E _   0.012 0.179 0.001 0.048 0.015 0.025 0.050 0.669 
 138 G _   0.012 0.193 0.001 0.051 0.016 0.025 0.048 0.654 
 139 F _   0.012 0.199 0.001 0.052 0.016 0.024 0.046 0.651 
 140 F _   0.011 0.200 0.001 0.049 0.015 0.023 0.045 0.656 
 141 A _   0.011 0.196 0.001 0.044 0.014 0.022 0.044 0.667 
 142 L _   0.011 0.187 0.001 0.038 0.013 0.021 0.044 0.686 
 143 H _   0.011 0.173 0.001 0.032 0.011 0.019 0.044 0.709 
 144 Q _   0.011 0.157 0.001 0.026 0.010 0.018 0.044 0.733 
 145 R _   0.011 0.140 0.001 0.021 0.008 0.018 0.044 0.757 
 146 R _   0.011 0.125 0.001 0.018 0.007 0.017 0.044 0.777 
 147 G _   0.011 0.112 0.001 0.015 0.007 0.016 0.044 0.794 
 148 A _   0.011 0.102 0.001 0.014 0.006 0.016 0.044 0.806 
 149 I _   0.011 0.094 0.001 0.013 0.006 0.016 0.044 0.815 
 150 K _   0.012 0.087 0.001 0.012 0.006 0.016 0.044 0.823 
 151 Q _   0.012 0.082 0.001 0.011 0.006 0.017 0.044 0.828 
 152 A _   0.012 0.078 0.001 0.011 0.006 0.017 0.043 0.832 
 153 K _   0.012 0.074 0.001 0.011 0.006 0.018 0.043 0.834 
 154 V _   0.013 0.072 0.001 0.011 0.007 0.020 0.042 0.834 
 155 H _   0.014 0.071 0.001 0.012 0.007 0.021 0.042 0.832 
 156 H _   0.015 0.072 0.001 0.013 0.009 0.023 0.041 0.826 
 157 V _   0.017 0.073 0.001 0.016 0.010 0.025 0.040 0.817 
 158 K _   0.019 0.075 0.001 0.019 0.012 0.027 0.040 0.805 
 159 C _   0.021 0.078 0.001 0.023 0.015 0.029 0.039 0.794 
 160 H _   0.023 0.079 0.001 0.028 0.017 0.031 0.038 0.783 
 161 E _   0.024 0.079 0.001 0.031 0.018 0.032 0.038 0.776 
 162 F _   0.025 0.077 0.001 0.033 0.019 0.032 0.038 0.775 
 163 T _   0.026 0.072 0.001 0.032 0.018 0.032 0.038 0.780 
 164 A _   0.026 0.064 0.001 0.030 0.017 0.031 0.039 0.793 
 165 T _   0.027 0.052 0.001 0.025 0.015 0.030 0.039 0.811 
 166 F _   0.027 0.038 0.001 0.019 0.012 0.029 0.040 0.834 
 167 F _   0.029 0.024 0.001 0.013 0.010 0.028 0.040 0.855 
 168 P _   0.031 0.013 0.001 0.008 0.008 0.028 0.041 0.870 
 169 Q _   0.034 0.007 0.001 0.005 0.007 0.029 0.041 0.877 
 170 P _   0.039 0.004 0.001 0.004 0.007 0.031 0.041 0.874 
 171 T _   0.048 0.004 0.001 0.003 0.008 0.034 0.040 0.862 
 172 F _   0.059 0.005 0.001 0.004 0.012 0.039 0.040 0.841 
 173 C _   0.072 0.008 0.001 0.007 0.018 0.045 0.040 0.809 
 174 S _   0.086 0.018 0.002 0.012 0.027 0.051 0.039 0.765 
 175 V _   0.097 0.035 0.002 0.021 0.037 0.055 0.039 0.714 
 176 C _   0.103 0.056 0.003 0.033 0.044 0.057 0.039 0.665 
 177 H _   0.106 0.073 0.003 0.044 0.047 0.057 0.039 0.631 
 178 E _   0.103 0.083 0.003 0.053 0.047 0.054 0.040 0.617 
 179 F _   0.098 0.087 0.003 0.056 0.044 0.051 0.041 0.621 
 180 V _   0.090 0.086 0.002 0.053 0.039 0.046 0.043 0.641 
 181 W _   0.078 0.079 0.002 0.047 0.032 0.040 0.045 0.677 
 182 G _   0.066 0.066 0.002 0.037 0.024 0.033 0.048 0.724 
 183 L _   0.052 0.049 0.002 0.025 0.017 0.027 0.051 0.777 
 184 N _   0.040 0.031 0.001 0.016 0.011 0.022 0.053 0.827 
 185 K _   0.030 0.017 0.001 0.010 0.007 0.017 0.055 0.865 
 186 Q _   0.021 0.009 0.000 0.006 0.004 0.013 0.056 0.890 
 187 G _   0.015 0.006 0.000 0.004 0.003 0.011 0.056 0.904 
 188 Y _   0.012 0.005 0.000 0.003 0.002 0.010 0.057 0.911 
 189 Q _   0.010 0.004 0.000 0.004 0.002 0.009 0.057 0.913 
 190 C _   0.009 0.005 0.000 0.005 0.003 0.010 0.057 0.912 
 191 R _   0.009 0.007 0.000 0.006 0.003 0.010 0.056 0.909 
 192 Q _   0.009 0.009 0.000 0.008 0.004 0.011 0.055 0.903 
 193 C _   0.009 0.013 0.001 0.011 0.005 0.012 0.054 0.896 
 194 N _   0.009 0.017 0.001 0.013 0.005 0.013 0.054 0.888 
 195 A _   0.010 0.021 0.001 0.014 0.006 0.014 0.053 0.882 
 196 A _   0.010 0.025 0.001 0.015 0.006 0.015 0.052 0.877 
 197 I _   0.010 0.028 0.001 0.015 0.007 0.016 0.051 0.873 
 198 H _   0.011 0.031 0.001 0.014 0.007 0.017 0.050 0.869 
 199 K _   0.012 0.035 0.001 0.014 0.007 0.018 0.049 0.864 
 200 K _   0.013 0.038 0.001 0.014 0.008 0.019 0.048 0.859 
 201 C _   0.014 0.043 0.001 0.014 0.009 0.021 0.047 0.850 
 202 I _   0.016 0.050 0.001 0.016 0.010 0.022 0.046 0.839 
 203 D _   0.018 0.057 0.001 0.018 0.012 0.024 0.046 0.825 
 204 K _   0.019 0.066 0.001 0.021 0.013 0.025 0.045 0.809 
 205 V _   0.020 0.075 0.001 0.024 0.014 0.026 0.044 0.795 
 206 I _   0.021 0.083 0.001 0.027 0.015 0.026 0.044 0.782 
 207 A _   0.021 0.089 0.001 0.029 0.015 0.026 0.044 0.774 
 208 K _   0.021 0.093 0.001 0.030 0.015 0.025 0.044 0.772 
 209 C _   0.020 0.094 0.001 0.028 0.014 0.024 0.044 0.775 
 210 T _   0.019 0.093 0.001 0.026 0.013 0.023 0.044 0.781 
 211 G _   0.018 0.090 0.001 0.023 0.012 0.022 0.045 0.789 
 212 S _   0.017 0.087 0.001 0.021 0.010 0.020 0.046 0.799 
 213 A _   0.015 0.083 0.001 0.018 0.009 0.019 0.046 0.809 
 214 I _   0.015 0.079 0.001 0.016 0.008 0.018 0.047 0.816 
 215 N _   0.014 0.075 0.001 0.015 0.007 0.018 0.048 0.821 
 216 S _   0.014 0.072 0.001 0.015 0.007 0.017 0.049 0.825 
 217 R _   0.014 0.070 0.001 0.016 0.007 0.017 0.050 0.826 
 218 E _   0.013 0.067 0.001 0.017 0.007 0.016 0.051 0.828 
 219 T _   0.013 0.065 0.001 0.018 0.007 0.016 0.052 0.829 
 220 M _   0.013 0.062 0.001 0.019 0.007 0.015 0.053 0.831 
 221 F _   0.012 0.057 0.001 0.019 0.007 0.014 0.054 0.835 
 222 H _   0.011 0.052 0.001 0.018 0.007 0.014 0.056 0.841 
 223 K _   0.011 0.047 0.001 0.016 0.006 0.013 0.057 0.849 
 224 E _   0.010 0.041 0.001 0.015 0.006 0.012 0.059 0.857 
 225 R _   0.010 0.034 0.001 0.013 0.005 0.011 0.061 0.865 
 226 F _   0.009 0.028 0.001 0.012 0.005 0.011 0.062 0.873 
 227 K _   0.009 0.023 0.001 0.010 0.004 0.010 0.064 0.879 
 228 I _   0.009 0.019 0.000 0.010 0.004 0.010 0.065 0.883 
 229 D _   0.009 0.016 0.000 0.010 0.004 0.010 0.066 0.885 
 230 M _   0.009 0.014 0.000 0.010 0.004 0.010 0.068 0.886 
 231 P _   0.009 0.012 0.000 0.010 0.004 0.009 0.069 0.886 
 232 H _   0.009 0.010 0.000 0.010 0.004 0.009 0.070 0.887 
 233 R _   0.009 0.008 0.000 0.010 0.004 0.009 0.071 0.888 
 234 F _   0.009 0.007 0.000 0.009 0.004 0.009 0.072 0.890 
 235 K _   0.009 0.005 0.000 0.008 0.003 0.009 0.073 0.893 
 236 V _   0.009 0.003 0.000 0.007 0.003 0.009 0.073 0.896 
 237 Y _   0.009 0.002 0.000 0.005 0.003 0.009 0.074 0.898 
 238 N _   0.011 0.001 0.000 0.004 0.002 0.009 0.073 0.898 
 239 Y _   0.015 0.000 0.000 0.003 0.002 0.010 0.073 0.895 
 240 K _   0.022 0.000 0.000 0.003 0.002 0.013 0.072 0.887 
 241 S _   0.035 0.000 0.000 0.002 0.003 0.016 0.071 0.872 
 242 P _   0.055 0.000 0.001 0.002 0.005 0.022 0.070 0.845 
 243 T _   0.087 0.000 0.001 0.003 0.008 0.030 0.067 0.804 
 244 F _   0.129 0.000 0.001 0.003 0.014 0.040 0.065 0.748 
 245 C _   0.179 0.001 0.001 0.004 0.024 0.051 0.063 0.677 
 246 E _   0.229 0.004 0.002 0.007 0.038 0.062 0.060 0.599 
 247 H _   0.273 0.009 0.002 0.010 0.053 0.070 0.059 0.524 
 248 C _   0.308 0.017 0.003 0.015 0.066 0.076 0.057 0.459 
 249 G _   0.330 0.026 0.003 0.021 0.075 0.077 0.057 0.411 
 250 T _   0.340 0.034 0.003 0.026 0.079 0.076 0.058 0.382 
 251 L _   0.340 0.040 0.003 0.031 0.080 0.073 0.059 0.372 
 252 L _   0.330 0.042 0.003 0.034 0.077 0.069 0.062 0.383 
 253 W _   0.309 0.042 0.003 0.035 0.069 0.063 0.065 0.413 
 254 G _   0.278 0.038 0.003 0.032 0.059 0.056 0.069 0.464 
 255 L _   0.239 0.032 0.003 0.027 0.046 0.048 0.074 0.531 
 256 A _   0.194 0.023 0.002 0.021 0.033 0.040 0.079 0.606 
 257 R _   0.150 0.015 0.002 0.015 0.021 0.032 0.085 0.680 
 258 Q _   0.110 0.008 0.001 0.011 0.013 0.026 0.089 0.742 
 259 G _   0.077 0.005 0.001 0.007 0.008 0.020 0.093 0.789 
 260 L _   0.053 0.002 0.001 0.006 0.005 0.016 0.096 0.822 
 261 K _   0.035 0.002 0.000 0.005 0.004 0.013 0.098 0.843 
 262 C _   0.024 0.001 0.000 0.004 0.003 0.011 0.100 0.856 
 263 D _   0.017 0.001 0.000 0.005 0.003 0.010 0.101 0.862 
 264 A _   0.013 0.001 0.000 0.005 0.003 0.010 0.102 0.866 
 265 C _   0.011 0.001 0.000 0.006 0.003 0.009 0.103 0.867 
 266 G _   0.010 0.001 0.000 0.006 0.003 0.010 0.103 0.866 
 267 M _   0.009 0.002 0.000 0.007 0.003 0.010 0.103 0.865 
 268 N _   0.009 0.002 0.000 0.008 0.004 0.011 0.103 0.863 
 269 V _   0.009 0.002 0.000 0.009 0.004 0.011 0.103 0.861 
 270 H _   0.009 0.003 0.001 0.009 0.004 0.012 0.103 0.859 
 271 H _   0.009 0.003 0.001 0.010 0.005 0.013 0.103 0.856 
 272 R _   0.010 0.003 0.001 0.010 0.005 0.015 0.103 0.853 
 273 C _   0.011 0.003 0.001 0.011 0.006 0.016 0.103 0.849 
 274 Q _   0.012 0.004 0.001 0.011 0.007 0.018 0.104 0.843 
 275 T _   0.014 0.004 0.001 0.012 0.008 0.020 0.104 0.837 
 276 K _   0.017 0.004 0.001 0.013 0.009 0.022 0.104 0.830 
 277 V _   0.020 0.004 0.001 0.014 0.010 0.024 0.105 0.822 
 278 A _   0.024 0.004 0.001 0.015 0.010 0.026 0.106 0.814 
 279 N _   0.029 0.004 0.001 0.014 0.011 0.028 0.107 0.806 
 280 L _   0.035 0.003 0.001 0.013 0.011 0.030 0.108 0.799 
 281 C _   0.042 0.003 0.001 0.011 0.011 0.032 0.109 0.791 
 282 G _   0.052 0.002 0.001 0.009 0.011 0.034 0.110 0.781 
 283 I _   0.064 0.001 0.001 0.007 0.011 0.037 0.112 0.768 
 284 N _   0.078 0.001 0.001 0.005 0.012 0.040 0.113 0.750 
 285 Q _   0.094 0.001 0.001 0.005 0.014 0.043 0.115 0.727 
 286 K _   0.113 0.001 0.001 0.005 0.018 0.047 0.116 0.699 
 287 L _   0.131 0.002 0.001 0.006 0.022 0.051 0.118 0.668 
 288 M _   0.148 0.003 0.002 0.008 0.028 0.055 0.121 0.636 
 289 A _   0.161 0.005 0.002 0.012 0.033 0.058 0.125 0.605 
 290 E _   0.169 0.008 0.002 0.016 0.038 0.058 0.129 0.579 
 291 A _   0.171 0.011 0.002 0.021 0.040 0.058 0.134 0.562 
 292 L _   0.168 0.013 0.002 0.025 0.040 0.055 0.141 0.555 
 293 A _   0.159 0.015 0.002 0.027 0.038 0.052 0.148 0.560 
 294 M _   0.146 0.014 0.002 0.026 0.034 0.047 0.156 0.575 
 295 I _   0.130 0.013 0.002 0.023 0.028 0.042 0.165 0.597 
 296 E _   0.112 0.011 0.002 0.019 0.022 0.036 0.175 0.623 
 297 S _   0.093 0.008 0.001 0.015 0.016 0.031 0.185 0.651 
 298 T _   0.076 0.005 0.001 0.011 0.012 0.026 0.194 0.676 
 299 Q _   0.060 0.003 0.001 0.008 0.008 0.021 0.203 0.696 
 300 Q _   0.047 0.002 0.001 0.006 0.006 0.018 0.210 0.711 
 301 A _   0.036 0.001 0.001 0.005 0.004 0.015 0.217 0.720 
 302 R _   0.028 0.001 0.000 0.004 0.004 0.013 0.224 0.726 
 303 C _   0.022 0.001 0.000 0.004 0.003 0.012 0.229 0.727 
 304 L _   0.018 0.001 0.000 0.005 0.003 0.012 0.234 0.726 
 305 R _   0.016 0.002 0.000 0.005 0.003 0.012 0.238 0.723 
 306 D _   0.014 0.003 0.000 0.006 0.004 0.012 0.243 0.718 
 307 T _   0.013 0.004 0.001 0.008 0.004 0.012 0.247 0.711 
 308 E _   0.012 0.006 0.001 0.010 0.005 0.013 0.251 0.703 
 309 Q _   0.012 0.008 0.001 0.011 0.006 0.013 0.255 0.695 
 310 I _   0.012 0.010 0.001 0.013 0.006 0.013 0.259 0.686 
 311 F _   0.012 0.012 0.001 0.015 0.007 0.014 0.263 0.678 
 312 R _   0.011 0.014 0.001 0.016 0.007 0.014 0.268 0.669 
 313 E _   0.011 0.016 0.001 0.018 0.007 0.014 0.273 0.660 
 314 G _   0.011 0.017 0.001 0.019 0.008 0.014 0.278 0.652 
 315 P _   0.011 0.019 0.001 0.020 0.008 0.014 0.284 0.643 
 316 V _   0.011 0.020 0.001 0.021 0.008 0.014 0.291 0.634 
 317 E _   0.011 0.020 0.001 0.022 0.008 0.014 0.299 0.626 
 318 I _   0.011 0.020 0.001 0.022 0.007 0.013 0.307 0.619 
 319 G _   0.010 0.019 0.001 0.021 0.007 0.012 0.316 0.613 
 320 L _   0.010 0.018 0.001 0.020 0.006 0.011 0.326 0.609 
 321 P _   0.009 0.016 0.001 0.017 0.005 0.010 0.335 0.607 
 322 C _   0.008 0.013 0.001 0.014 0.004 0.009 0.344 0.606 
 323 S _   0.007 0.011 0.000 0.012 0.004 0.008 0.353 0.605 
 324 I _   0.007 0.008 0.000 0.010 0.003 0.007 0.362 0.603 
 325 K _   0.006 0.007 0.000 0.008 0.002 0.006 0.369 0.601 
 326 N _   0.006 0.005 0.000 0.007 0.002 0.006 0.376 0.598 
 327 E _   0.006 0.004 0.000 0.006 0.002 0.005 0.382 0.594 
 328 A _   0.005 0.004 0.000 0.006 0.002 0.005 0.388 0.590 
 329 R _   0.005 0.003 0.000 0.006 0.002 0.005 0.392 0.587 
 330 P _   0.005 0.003 0.000 0.006 0.002 0.005 0.396 0.583 
 331 P _   0.005 0.003 0.000 0.006 0.002 0.005 0.400 0.581 
 332 C _   0.004 0.002 0.000 0.005 0.001 0.004 0.402 0.580 
 333 L _   0.004 0.002 0.000 0.005 0.001 0.004 0.403 0.580 
 334 P _   0.004 0.002 0.000 0.004 0.001 0.004 0.404 0.580 
 335 T _   0.003 0.002 0.000 0.004 0.001 0.004 0.404 0.581 
 336 P _   0.003 0.002 0.000 0.004 0.001 0.004 0.403 0.583 
 337 G _   0.003 0.003 0.000 0.004 0.001 0.004 0.401 0.584 
 338 K _   0.003 0.003 0.000 0.004 0.001 0.004 0.399 0.586 
 339 R _   0.003 0.004 0.000 0.005 0.001 0.004 0.396 0.586 
 340 E _   0.003 0.006 0.000 0.006 0.002 0.005 0.392 0.587 
 341 P _   0.003 0.008 0.000 0.008 0.002 0.006 0.387 0.586 
 342 Q _   0.003 0.012 0.000 0.011 0.002 0.006 0.381 0.584 
 343 G _   0.003 0.016 0.000 0.013 0.003 0.007 0.375 0.582 
 344 I _   0.003 0.019 0.000 0.016 0.003 0.008 0.370 0.580 
 345 S _   0.004 0.023 0.000 0.018 0.004 0.008 0.365 0.579 
 346 W _   0.004 0.025 0.000 0.019 0.004 0.008 0.360 0.579 
 347 E _   0.003 0.027 0.000 0.019 0.004 0.008 0.356 0.581 
 348 S _   0.004 0.028 0.000 0.019 0.004 0.008 0.353 0.584 
 349 P _   0.004 0.028 0.000 0.018 0.004 0.008 0.351 0.587 
 350 L _   0.004 0.028 0.000 0.017 0.004 0.008 0.349 0.590 
 351 D _   0.004 0.028 0.000 0.016 0.003 0.008 0.347 0.593 
 352 E _   0.004 0.027 0.000 0.016 0.003 0.008 0.346 0.596 
 353 V _   0.005 0.026 0.000 0.015 0.003 0.008 0.345 0.598 
 354 D _   0.005 0.025 0.000 0.014 0.003 0.008 0.345 0.600 
 355 K _   0.005 0.023 0.000 0.014 0.003 0.008 0.344 0.602 
 356 M _   0.006 0.021 0.000 0.013 0.003 0.007 0.344 0.605 
 357 C _   0.006 0.018 0.000 0.012 0.003 0.007 0.344 0.609 
 358 H _   0.006 0.016 0.000 0.011 0.003 0.007 0.344 0.614 
 359 L _   0.005 0.013 0.000 0.009 0.002 0.006 0.344 0.619 
 360 P _   0.005 0.010 0.000 0.008 0.002 0.006 0.344 0.626 
 361 E _   0.005 0.008 0.000 0.006 0.002 0.005 0.342 0.632 
 362 P _   0.004 0.006 0.000 0.005 0.001 0.005 0.340 0.638 
 363 E _   0.004 0.005 0.000 0.004 0.001 0.004 0.338 0.644 
 364 L _   0.004 0.004 0.000 0.003 0.001 0.004 0.334 0.649 
 365 N _   0.004 0.004 0.000 0.003 0.001 0.004 0.329 0.655 
 366 K _   0.004 0.004 0.000 0.003 0.001 0.005 0.323 0.659 
 367 E _   0.004 0.006 0.000 0.004 0.002 0.006 0.316 0.663 
 368 R _   0.004 0.008 0.000 0.005 0.002 0.008 0.306 0.666 
 369 P _   0.005 0.013 0.000 0.007 0.003 0.010 0.295 0.666 
 370 S _   0.006 0.021 0.001 0.010 0.004 0.013 0.282 0.662 
 371 L _   0.007 0.034 0.001 0.015 0.006 0.016 0.268 0.653 
 372 Q _   0.009 0.051 0.001 0.019 0.008 0.020 0.252 0.641 
 373 I _   0.010 0.069 0.001 0.024 0.010 0.023 0.236 0.627 
 374 K _   0.011 0.087 0.001 0.028 0.012 0.025 0.221 0.614 
 375 L _   0.012 0.103 0.001 0.031 0.014 0.028 0.207 0.604 
 376 K _   0.013 0.116 0.001 0.033 0.016 0.029 0.195 0.596 
 377 I _   0.014 0.125 0.001 0.035 0.017 0.031 0.184 0.592 
 378 E _   0.016 0.132 0.001 0.035 0.018 0.031 0.175 0.591 
 379 D _   0.017 0.136 0.001 0.035 0.018 0.032 0.167 0.593 
 380 F _   0.019 0.138 0.001 0.033 0.018 0.031 0.161 0.599 
 381 I _   0.020 0.138 0.001 0.032 0.017 0.030 0.155 0.607 
 382 L _   0.020 0.136 0.001 0.029 0.016 0.029 0.150 0.618 
 383 H _   0.020 0.131 0.001 0.026 0.015 0.028 0.146 0.633 
 384 K _   0.020 0.125 0.001 0.023 0.013 0.026 0.142 0.650 
 385 M _   0.019 0.117 0.001 0.019 0.011 0.025 0.138 0.669 
 386 L _   0.019 0.109 0.001 0.016 0.010 0.023 0.135 0.688 
 387 G _   0.018 0.102 0.001 0.014 0.009 0.022 0.132 0.704 
 388 K _   0.017 0.096 0.001 0.012 0.008 0.021 0.129 0.716 
 389 G _   0.017 0.093 0.001 0.012 0.008 0.020 0.125 0.724 
 390 S _   0.016 0.091 0.001 0.013 0.008 0.020 0.122 0.729 
 391 F _   0.016 0.090 0.001 0.015 0.008 0.020 0.119 0.731 
 392 G _   0.016 0.090 0.001 0.017 0.009 0.020 0.116 0.731 
 393 K _   0.016 0.089 0.001 0.020 0.009 0.019 0.113 0.733 
 394 V _   0.016 0.087 0.001 0.021 0.009 0.019 0.111 0.737 
 395 F _   0.015 0.084 0.001 0.020 0.009 0.018 0.109 0.744 
 396 L _   0.014 0.079 0.001 0.019 0.008 0.017 0.107 0.756 
 397 A _   0.013 0.072 0.001 0.016 0.007 0.016 0.105 0.770 
 398 E _   0.013 0.065 0.001 0.013 0.006 0.015 0.103 0.785 
 399 F _   0.012 0.058 0.001 0.010 0.005 0.014 0.101 0.799 
 400 K _   0.012 0.053 0.001 0.008 0.005 0.014 0.099 0.809 
 401 K _   0.011 0.050 0.001 0.008 0.005 0.014 0.097 0.814 
 402 T _   0.012 0.049 0.001 0.008 0.005 0.015 0.095 0.814 
 403 N _   0.013 0.050 0.001 0.010 0.006 0.016 0.093 0.810 
 404 Q _   0.014 0.053 0.001 0.014 0.007 0.017 0.091 0.802 
 405 F _   0.015 0.057 0.001 0.018 0.009 0.018 0.089 0.793 
 406 F _   0.016 0.061 0.001 0.022 0.010 0.019 0.087 0.784 
 407 A _   0.016 0.064 0.001 0.026 0.011 0.019 0.085 0.778 
 408 I _   0.016 0.065 0.001 0.029 0.011 0.019 0.083 0.775 
 409 K _   0.015 0.064 0.001 0.030 0.011 0.018 0.082 0.778 
 410 A _   0.015 0.061 0.001 0.028 0.011 0.017 0.081 0.785 
 411 L _   0.014 0.056 0.001 0.026 0.010 0.016 0.081 0.796 
 412 K _   0.014 0.048 0.001 0.022 0.008 0.015 0.081 0.811 
 413 K _   0.013 0.039 0.001 0.018 0.007 0.013 0.081 0.827 
 414 D _   0.012 0.029 0.001 0.014 0.006 0.012 0.082 0.844 
 415 V _   0.011 0.020 0.001 0.011 0.004 0.011 0.082 0.859 
 416 V _   0.011 0.013 0.000 0.008 0.004 0.010 0.082 0.872 
 417 L _   0.010 0.008 0.000 0.006 0.003 0.009 0.082 0.882 
 418 M _   0.009 0.005 0.000 0.005 0.002 0.008 0.081 0.889 
 419 D _   0.009 0.003 0.000 0.004 0.002 0.009 0.080 0.893 
 420 D _   0.009 0.002 0.000 0.003 0.002 0.010 0.079 0.894 
 421 D _   0.010 0.002 0.000 0.003 0.002 0.011 0.078 0.893 
 422 V _   0.011 0.002 0.000 0.004 0.003 0.014 0.076 0.889 
 423 E _   0.014 0.003 0.000 0.006 0.005 0.018 0.073 0.881 
 424 C _   0.017 0.005 0.001 0.009 0.007 0.022 0.071 0.870 
 425 T _   0.020 0.007 0.001 0.013 0.009 0.027 0.068 0.855 
 426 M _   0.024 0.010 0.001 0.017 0.012 0.032 0.065 0.839 
 427 V _   0.027 0.014 0.001 0.022 0.015 0.036 0.061 0.823 
 428 E _   0.030 0.016 0.001 0.025 0.018 0.040 0.058 0.811 
 429 K _   0.033 0.018 0.001 0.027 0.020 0.043 0.055 0.802 
 430 R _   0.037 0.018 0.001 0.027 0.021 0.045 0.053 0.797 
 431 V _   0.041 0.018 0.001 0.025 0.022 0.047 0.050 0.795 
 432 L _   0.045 0.017 0.001 0.023 0.022 0.049 0.048 0.795 
 433 S _   0.051 0.015 0.001 0.019 0.022 0.050 0.046 0.797 
 434 L _   0.057 0.012 0.001 0.016 0.021 0.050 0.045 0.798 
 435 A _   0.064 0.010 0.001 0.013 0.020 0.051 0.043 0.798 
 436 W _   0.071 0.009 0.001 0.011 0.020 0.051 0.041 0.796 
 437 E _   0.078 0.008 0.001 0.010 0.020 0.052 0.040 0.792 
 438 H _   0.085 0.007 0.001 0.010 0.021 0.053 0.039 0.785 
 439 P _   0.093 0.007 0.001 0.010 0.023 0.053 0.037 0.775 
 440 F _   0.101 0.008 0.001 0.012 0.025 0.053 0.036 0.763 
 441 L _   0.107 0.008 0.002 0.015 0.027 0.053 0.035 0.753 
 442 T _   0.112 0.009 0.002 0.017 0.028 0.052 0.035 0.745 
 443 H _   0.115 0.009 0.002 0.019 0.027 0.051 0.034 0.744 
 444 M _   0.115 0.008 0.002 0.019 0.026 0.048 0.034 0.749 
 445 F _   0.112 0.007 0.002 0.017 0.022 0.045 0.034 0.762 
 446 C _   0.107 0.005 0.001 0.013 0.018 0.041 0.034 0.780 
 447 T _   0.101 0.003 0.001 0.009 0.014 0.038 0.033 0.800 
 448 F _   0.094 0.002 0.001 0.006 0.011 0.035 0.033 0.817 
 449 Q _   0.089 0.001 0.001 0.004 0.009 0.034 0.033 0.830 
 450 T _   0.086 0.001 0.001 0.003 0.008 0.034 0.032 0.836 
 451 K _   0.085 0.001 0.001 0.003 0.009 0.034 0.032 0.835 
 452 E _   0.087 0.001 0.001 0.005 0.011 0.036 0.032 0.828 
 453 N _   0.089 0.003 0.001 0.008 0.014 0.038 0.031 0.816 
 454 L _   0.090 0.006 0.001 0.013 0.018 0.040 0.031 0.802 
 455 F _   0.089 0.010 0.002 0.019 0.022 0.041 0.031 0.788 
 456 F _   0.085 0.013 0.002 0.025 0.024 0.040 0.030 0.780 
 457 V _   0.080 0.015 0.002 0.028 0.024 0.039 0.030 0.782 
 458 M _   0.072 0.016 0.002 0.028 0.022 0.036 0.031 0.793 
 459 E _   0.063 0.015 0.001 0.025 0.019 0.033 0.031 0.813 
 460 Y _   0.053 0.013 0.001 0.020 0.015 0.029 0.031 0.837 
 461 L _   0.044 0.011 0.001 0.015 0.012 0.026 0.031 0.860 
 462 N _   0.037 0.008 0.001 0.011 0.009 0.023 0.031 0.879 
 463 G _   0.031 0.007 0.001 0.009 0.007 0.021 0.031 0.893 
 464 G _   0.026 0.006 0.001 0.008 0.006 0.020 0.031 0.901 
 465 D _   0.023 0.006 0.001 0.009 0.006 0.019 0.031 0.906 
 466 L _   0.021 0.006 0.001 0.011 0.006 0.018 0.031 0.907 
 467 M _   0.019 0.006 0.001 0.012 0.007 0.017 0.030 0.907 
 468 Y _   0.018 0.006 0.001 0.014 0.007 0.017 0.030 0.908 
 469 H _   0.016 0.006 0.001 0.015 0.007 0.016 0.030 0.910 
 470 I _   0.015 0.005 0.001 0.014 0.006 0.015 0.029 0.914 
 471 Q _   0.015 0.005 0.001 0.013 0.006 0.014 0.029 0.919 
 472 S _   0.015 0.003 0.001 0.010 0.005 0.013 0.028 0.924 
 473 C _   0.017 0.002 0.001 0.008 0.004 0.012 0.028 0.928 
 474 H _   0.022 0.001 0.000 0.006 0.004 0.012 0.027 0.928 
 475 K _   0.029 0.001 0.000 0.004 0.003 0.013 0.026 0.923 
 476 F _   0.042 0.000 0.000 0.003 0.004 0.014 0.025 0.911 
 477 D _   0.064 0.000 0.001 0.003 0.004 0.016 0.023 0.888 
 478 L _   0.099 0.000 0.001 0.003 0.006 0.019 0.022 0.851 
 479 S _   0.148 0.000 0.001 0.003 0.008 0.023 0.020 0.798 
 480 R _   0.213 0.000 0.001 0.003 0.012 0.028 0.018 0.726 
 481 A _   0.288 0.000 0.001 0.003 0.017 0.032 0.016 0.642 
 482 T _   0.366 0.000 0.002 0.003 0.023 0.037 0.014 0.555 
 483 F _   0.438 0.000 0.002 0.004 0.029 0.040 0.013 0.474 
 484 Y H   0.500 0.000 0.002 0.004 0.035 0.041 0.012 0.406 
 485 A H   0.547 0.000 0.002 0.005 0.039 0.041 0.011 0.355 
 486 A H   0.581 0.001 0.002 0.005 0.042 0.041 0.011 0.318 
 487 E H   0.601 0.001 0.002 0.005 0.042 0.039 0.011 0.299 
 488 I H   0.608 0.001 0.002 0.005 0.042 0.037 0.012 0.293 
 489 I H   0.602 0.001 0.002 0.005 0.039 0.035 0.012 0.303 
 490 L H   0.582 0.001 0.002 0.005 0.036 0.033 0.013 0.328 
 491 G H   0.548 0.000 0.002 0.005 0.032 0.031 0.015 0.367 
 492 L H   0.499 0.000 0.002 0.004 0.027 0.029 0.017 0.422 
 493 Q _   0.437 0.000 0.002 0.004 0.022 0.027 0.019 0.489 
 494 F _   0.369 0.000 0.001 0.004 0.018 0.025 0.022 0.561 
 495 L _   0.301 0.000 0.001 0.004 0.014 0.024 0.024 0.630 
 496 H _   0.242 0.000 0.001 0.004 0.012 0.023 0.027 0.690 
 497 S _   0.192 0.000 0.001 0.005 0.010 0.022 0.030 0.739 
 498 K _   0.150 0.001 0.001 0.007 0.009 0.021 0.032 0.779 
 499 G _   0.117 0.001 0.001 0.009 0.009 0.020 0.034 0.809 
 500 I _   0.090 0.002 0.001 0.010 0.008 0.019 0.036 0.832 
 501 V _   0.069 0.003 0.001 0.013 0.008 0.018 0.038 0.850 
 502 Y _   0.053 0.004 0.001 0.014 0.008 0.017 0.040 0.863 
 503 R _   0.040 0.005 0.001 0.015 0.007 0.016 0.042 0.875 
 504 D _   0.030 0.005 0.001 0.015 0.007 0.014 0.044 0.884 
 505 L _   0.023 0.005 0.001 0.014 0.006 0.013 0.045 0.893 
 506 K _   0.018 0.005 0.001 0.013 0.005 0.011 0.047 0.901 
 507 L _   0.014 0.005 0.000 0.011 0.004 0.010 0.048 0.908 
 508 D _   0.011 0.005 0.000 0.009 0.003 0.008 0.050 0.914 
 509 N _   0.009 0.005 0.000 0.007 0.003 0.007 0.050 0.918 
 510 I _   0.008 0.005 0.000 0.006 0.002 0.007 0.051 0.922 
 511 L _   0.007 0.005 0.000 0.005 0.002 0.006 0.051 0.923 
 512 L _   0.006 0.006 0.000 0.004 0.002 0.006 0.051 0.924 
 513 D _   0.006 0.008 0.000 0.005 0.002 0.007 0.051 0.922 
 514 K _   0.006 0.011 0.000 0.005 0.002 0.008 0.050 0.917 
 515 D _   0.007 0.017 0.000 0.007 0.003 0.009 0.049 0.907 
 516 G _   0.007 0.028 0.001 0.011 0.004 0.011 0.048 0.891 
 517 H _   0.008 0.046 0.001 0.016 0.006 0.013 0.046 0.865 
 518 I _   0.009 0.072 0.001 0.022 0.008 0.015 0.044 0.830 
 519 K _   0.009 0.102 0.001 0.030 0.009 0.016 0.041 0.792 
 520 I _   0.009 0.129 0.001 0.037 0.011 0.017 0.039 0.758 
 521 A _   0.008 0.150 0.001 0.043 0.011 0.017 0.037 0.732 
 522 D _   0.008 0.163 0.001 0.047 0.011 0.017 0.036 0.716 
 523 F _   0.008 0.171 0.001 0.049 0.011 0.016 0.035 0.709 
 524 G _   0.007 0.173 0.001 0.048 0.011 0.016 0.035 0.710 
 525 M _   0.007 0.171 0.001 0.045 0.010 0.015 0.035 0.716 
 526 C _   0.007 0.165 0.001 0.040 0.009 0.014 0.035 0.729 
 527 K _   0.007 0.155 0.001 0.035 0.008 0.013 0.036 0.746 
 528 E _   0.007 0.141 0.001 0.029 0.007 0.012 0.037 0.766 
 529 N _   0.007 0.124 0.001 0.024 0.006 0.011 0.038 0.790 
 530 M _   0.007 0.107 0.001 0.020 0.005 0.010 0.039 0.812 
 531 L _   0.007 0.091 0.001 0.016 0.004 0.009 0.040 0.832 
 532 G _   0.006 0.078 0.001 0.013 0.004 0.009 0.041 0.849 
 533 D _   0.006 0.067 0.000 0.012 0.003 0.008 0.041 0.862 
 534 A _   0.006 0.059 0.000 0.010 0.003 0.008 0.042 0.872 
 535 K _   0.006 0.052 0.000 0.009 0.003 0.008 0.042 0.880 
 536 T _   0.006 0.047 0.000 0.009 0.003 0.007 0.042 0.886 
 537 N _   0.006 0.043 0.000 0.008 0.003 0.007 0.042 0.890 
 538 T _   0.005 0.041 0.000 0.008 0.003 0.008 0.042 0.893 
 539 F _   0.005 0.039 0.000 0.008 0.003 0.008 0.041 0.896 
 540 C _   0.005 0.038 0.000 0.008 0.003 0.008 0.040 0.897 
 541 G _   0.005 0.039 0.000 0.008 0.003 0.009 0.040 0.896 
 542 T _   0.006 0.040 0.000 0.009 0.003 0.010 0.038 0.893 
 543 P _   0.006 0.043 0.000 0.011 0.004 0.011 0.037 0.887 
 544 D _   0.007 0.047 0.001 0.015 0.005 0.013 0.036 0.877 
 545 Y _   0.008 0.053 0.001 0.020 0.007 0.015 0.034 0.862 
 546 I _   0.009 0.061 0.001 0.027 0.009 0.017 0.032 0.844 
 547 A _   0.009 0.069 0.001 0.035 0.011 0.019 0.031 0.825 
 548 P _   0.010 0.074 0.001 0.042 0.013 0.020 0.029 0.810 
 549 E _   0.011 0.077 0.001 0.047 0.014 0.021 0.028 0.801 
 550 I _   0.012 0.077 0.001 0.049 0.014 0.021 0.027 0.800 
 551 L _   0.013 0.073 0.001 0.046 0.013 0.020 0.027 0.808 
 552 L _   0.014 0.064 0.001 0.039 0.012 0.019 0.027 0.825 
 553 G _   0.016 0.050 0.001 0.030 0.010 0.017 0.026 0.850 
 554 Q _   0.019 0.033 0.001 0.020 0.008 0.016 0.026 0.877 
 555 K _   0.025 0.017 0.001 0.012 0.006 0.015 0.026 0.900 
 556 Y _   0.034 0.006 0.001 0.006 0.004 0.014 0.025 0.909 
 557 N _   0.050 0.002 0.000 0.003 0.004 0.014 0.025 0.902 
 558 H _   0.078 0.000 0.000 0.002 0.004 0.015 0.023 0.877 
 559 S _   0.126 0.000 0.001 0.002 0.005 0.018 0.022 0.827 
 560 V _   0.200 0.000 0.001 0.002 0.007 0.021 0.020 0.748 
 561 D _   0.299 0.000 0.001 0.002 0.012 0.026 0.019 0.642 
 562 W _   0.409 0.000 0.001 0.002 0.018 0.032 0.017 0.521 
 563 W H   0.510 0.000 0.002 0.003 0.027 0.036 0.015 0.408 
 564 S H   0.592 0.000 0.002 0.003 0.035 0.039 0.015 0.315 
 565 F H   0.651 0.001 0.002 0.004 0.042 0.040 0.014 0.247 
 566 G H   0.689 0.001 0.002 0.005 0.048 0.039 0.015 0.202 
 567 V H   0.712 0.002 0.002 0.006 0.050 0.038 0.016 0.175 
 568 L H   0.717 0.002 0.002 0.007 0.052 0.036 0.017 0.165 
 569 L H   0.708 0.003 0.002 0.008 0.052 0.034 0.019 0.172 
 570 Y H   0.683 0.003 0.003 0.009 0.050 0.033 0.023 0.196 
 571 E H   0.635 0.004 0.003 0.011 0.046 0.030 0.027 0.243 
 572 M H   0.564 0.003 0.003 0.012 0.040 0.028 0.033 0.317 
 573 L H   0.471 0.003 0.003 0.012 0.030 0.025 0.041 0.415 
 574 I _   0.368 0.002 0.002 0.011 0.021 0.021 0.050 0.525 
 575 G _   0.268 0.001 0.001 0.009 0.013 0.017 0.059 0.632 
 576 Q _   0.181 0.001 0.001 0.007 0.008 0.013 0.066 0.723 
 577 S _   0.115 0.000 0.001 0.004 0.004 0.010 0.072 0.793 
 578 P _   0.069 0.000 0.000 0.003 0.003 0.008 0.076 0.841 
 579 F _   0.040 0.000 0.000 0.002 0.002 0.007 0.078 0.870 
 580 H _   0.024 0.000 0.000 0.002 0.001 0.006 0.080 0.886 
 581 G _   0.015 0.001 0.000 0.002 0.001 0.006 0.081 0.893 
 582 Q _   0.011 0.002 0.000 0.003 0.002 0.007 0.081 0.893 
 583 D _   0.009 0.005 0.000 0.006 0.002 0.009 0.081 0.887 
 584 E _   0.009 0.013 0.000 0.010 0.004 0.011 0.081 0.872 
 585 E _   0.009 0.025 0.001 0.017 0.005 0.013 0.080 0.851 
 586 E _   0.009 0.040 0.001 0.025 0.007 0.014 0.079 0.826 
 587 L _   0.009 0.053 0.001 0.032 0.008 0.015 0.078 0.805 
 588 F _   0.008 0.062 0.001 0.037 0.009 0.015 0.077 0.790 
 589 H _   0.008 0.066 0.001 0.039 0.009 0.015 0.077 0.784 
 590 S _   0.008 0.068 0.001 0.038 0.009 0.014 0.077 0.786 
 591 I _   0.007 0.066 0.001 0.034 0.008 0.013 0.078 0.792 
 592 R _   0.007 0.063 0.001 0.028 0.007 0.012 0.080 0.803 
 593 M _   0.007 0.057 0.001 0.022 0.006 0.011 0.082 0.816 
 594 D _   0.007 0.051 0.001 0.016 0.005 0.010 0.084 0.828 
 595 N _   0.007 0.045 0.000 0.012 0.004 0.009 0.086 0.837 
 596 P _   0.007 0.040 0.000 0.010 0.003 0.008 0.087 0.844 
 597 F _   0.007 0.037 0.000 0.008 0.003 0.008 0.089 0.848 
 598 Y _   0.007 0.035 0.000 0.008 0.003 0.008 0.090 0.850 
 599 P _   0.007 0.034 0.000 0.007 0.003 0.008 0.091 0.850 
 600 R _   0.007 0.034 0.000 0.008 0.003 0.008 0.092 0.848 
 601 W _   0.007 0.035 0.000 0.008 0.003 0.009 0.092 0.847 
 602 L _   0.006 0.037 0.000 0.008 0.003 0.009 0.092 0.844 
 603 E _   0.006 0.039 0.000 0.009 0.003 0.009 0.092 0.840 
 604 K _   0.007 0.043 0.000 0.009 0.004 0.010 0.092 0.836 
 605 E _   0.007 0.047 0.000 0.010 0.004 0.011 0.091 0.829 
 606 A _   0.007 0.053 0.001 0.012 0.005 0.012 0.091 0.820 
 607 K _   0.008 0.061 0.001 0.014 0.006 0.013 0.090 0.808 
 608 D _   0.009 0.069 0.001 0.018 0.007 0.014 0.090 0.793 
 609 L _   0.009 0.079 0.001 0.022 0.008 0.015 0.090 0.777 
 610 L _   0.010 0.087 0.001 0.026 0.009 0.016 0.090 0.762 
 611 V _   0.011 0.093 0.001 0.029 0.009 0.016 0.090 0.751 
 612 K _   0.011 0.096 0.001 0.032 0.010 0.016 0.091 0.744 
 613 L _   0.011 0.097 0.001 0.032 0.010 0.016 0.092 0.743 
 614 F _   0.011 0.095 0.001 0.029 0.009 0.015 0.094 0.747 
 615 V _   0.010 0.090 0.001 0.026 0.008 0.014 0.096 0.756 
 616 R _   0.010 0.083 0.001 0.022 0.007 0.012 0.098 0.768 
 617 E _   0.009 0.075 0.001 0.017 0.006 0.011 0.100 0.781 
 618 P _   0.009 0.067 0.001 0.013 0.005 0.010 0.103 0.793 
 619 E _   0.008 0.060 0.000 0.010 0.004 0.009 0.105 0.803 
 620 K _   0.008 0.054 0.000 0.009 0.003 0.009 0.108 0.809 
 621 R _   0.007 0.051 0.000 0.007 0.003 0.008 0.109 0.813 
 622 L _   0.007 0.049 0.000 0.007 0.003 0.008 0.111 0.815 
 623 G _   0.007 0.048 0.000 0.007 0.003 0.008 0.112 0.814 
 624 V _   0.007 0.049 0.000 0.007 0.003 0.008 0.113 0.812 
 625 R _   0.007 0.051 0.000 0.008 0.003 0.008 0.114 0.808 
 626 G _   0.007 0.054 0.000 0.008 0.003 0.009 0.115 0.803 
 627 D _   0.007 0.057 0.000 0.009 0.004 0.010 0.116 0.797 
 628 I _   0.007 0.062 0.001 0.011 0.004 0.010 0.116 0.789 
 629 R _   0.007 0.068 0.001 0.012 0.005 0.011 0.117 0.780 
 630 Q _   0.007 0.074 0.001 0.014 0.005 0.012 0.117 0.770 
 631 H _   0.007 0.081 0.001 0.015 0.006 0.012 0.118 0.759 
 632 P _   0.008 0.089 0.001 0.018 0.006 0.013 0.119 0.747 
 633 L _   0.008 0.097 0.001 0.020 0.007 0.014 0.120 0.735 
 634 F _   0.008 0.104 0.001 0.023 0.007 0.014 0.120 0.723 
 635 R _   0.008 0.110 0.001 0.025 0.008 0.014 0.122 0.712 
 636 E _   0.008 0.114 0.001 0.028 0.008 0.014 0.124 0.703 
 637 I _   0.008 0.117 0.001 0.030 0.008 0.014 0.126 0.695 
 638 N _   0.008 0.118 0.001 0.031 0.008 0.014 0.128 0.691 
 639 W _   0.008 0.116 0.001 0.032 0.008 0.013 0.132 0.689 
 640 E _   0.009 0.112 0.001 0.031 0.008 0.013 0.136 0.691 
 641 E _   0.009 0.106 0.001 0.028 0.007 0.012 0.141 0.696 
 642 L _   0.008 0.096 0.001 0.025 0.006 0.011 0.147 0.706 
 643 E _   0.008 0.083 0.001 0.021 0.006 0.010 0.153 0.718 
 644 R _   0.008 0.069 0.001 0.017 0.005 0.009 0.160 0.733 
 645 K _   0.008 0.054 0.001 0.013 0.004 0.008 0.166 0.747 
 646 E _   0.007 0.042 0.000 0.010 0.003 0.007 0.172 0.758 
 647 I _   0.007 0.034 0.000 0.007 0.002 0.007 0.177 0.766 
 648 D _   0.006 0.028 0.000 0.006 0.002 0.006 0.181 0.771 
 649 P _   0.006 0.024 0.000 0.005 0.002 0.006 0.184 0.772 
 650 P _   0.006 0.023 0.000 0.005 0.002 0.006 0.187 0.772 
 651 F _   0.006 0.022 0.000 0.005 0.002 0.006 0.189 0.770 
 652 R _   0.006 0.023 0.000 0.006 0.002 0.006 0.191 0.767 
 653 P _   0.006 0.024 0.000 0.007 0.002 0.007 0.192 0.762 
 654 K _   0.006 0.026 0.000 0.009 0.002 0.007 0.192 0.758 
 655 V _   0.005 0.029 0.000 0.010 0.003 0.007 0.192 0.752 
 656 K _   0.005 0.032 0.000 0.011 0.003 0.008 0.193 0.748 
 657 S _   0.005 0.036 0.000 0.012 0.003 0.008 0.192 0.744 
 658 P _   0.005 0.039 0.000 0.012 0.003 0.008 0.192 0.741 
 659 F _   0.005 0.042 0.000 0.012 0.003 0.007 0.192 0.738 
 660 D _   0.005 0.044 0.000 0.012 0.003 0.007 0.192 0.737 
 661 C _   0.004 0.047 0.000 0.011 0.003 0.007 0.192 0.735 
 662 S _   0.004 0.050 0.000 0.011 0.003 0.007 0.191 0.734 
 663 N _   0.004 0.054 0.000 0.010 0.003 0.007 0.190 0.731 
