#TopoPred_TM8: 8-state transmembrane topology prediction results by no_profile mode 
#probabilities are in the order of H E C I L F X _, the 8 transmembrane topology types used in PDBTM 
   1 M X   0.005 0.000 0.001 0.023 0.006 0.005 0.923 0.037 
   2 R X   0.001 0.000 0.000 0.010 0.001 0.002 0.948 0.037 
   3 E X   0.000 0.000 0.000 0.005 0.000 0.001 0.955 0.038 
   4 A X   0.000 0.000 0.000 0.003 0.000 0.001 0.957 0.038 
   5 A X   0.001 0.000 0.000 0.003 0.000 0.002 0.957 0.038 
   6 A X   0.001 0.000 0.000 0.002 0.000 0.002 0.956 0.038 
   7 A X   0.001 0.001 0.000 0.002 0.001 0.003 0.955 0.038 
   8 L X   0.001 0.001 0.000 0.003 0.001 0.003 0.953 0.039 
   9 V X   0.002 0.001 0.000 0.003 0.001 0.003 0.951 0.039 
  10 P X   0.002 0.002 0.000 0.003 0.001 0.004 0.949 0.039 
  11 P X   0.002 0.003 0.000 0.004 0.002 0.004 0.947 0.039 
  12 P X   0.002 0.004 0.000 0.004 0.002 0.004 0.945 0.039 
  13 A X   0.002 0.004 0.000 0.005 0.002 0.005 0.944 0.038 
  14 F X   0.002 0.005 0.000 0.005 0.002 0.005 0.943 0.037 
  15 A X   0.002 0.006 0.000 0.006 0.003 0.005 0.942 0.036 
  16 V X   0.003 0.007 0.000 0.007 0.003 0.005 0.942 0.034 
  17 T X   0.003 0.007 0.000 0.007 0.003 0.005 0.943 0.032 
  18 P X   0.003 0.007 0.000 0.008 0.003 0.005 0.944 0.030 
  19 A X   0.003 0.008 0.000 0.008 0.003 0.004 0.946 0.029 
  20 A X   0.003 0.007 0.000 0.008 0.003 0.004 0.949 0.027 
  21 A X   0.002 0.007 0.000 0.007 0.002 0.004 0.952 0.026 
  22 M X   0.002 0.006 0.000 0.006 0.002 0.003 0.956 0.024 
  23 E X   0.002 0.005 0.000 0.004 0.002 0.003 0.961 0.023 
  24 E X   0.002 0.003 0.000 0.003 0.001 0.002 0.966 0.022 
  25 P X   0.002 0.002 0.000 0.002 0.001 0.002 0.971 0.020 
  26 P X   0.001 0.001 0.000 0.001 0.001 0.001 0.976 0.019 
  27 P X   0.001 0.001 0.000 0.001 0.000 0.001 0.979 0.017 
  28 P X   0.001 0.000 0.000 0.000 0.000 0.001 0.982 0.016 
  29 P X   0.001 0.000 0.000 0.000 0.000 0.000 0.984 0.015 
  30 P X   0.001 0.000 0.000 0.000 0.000 0.000 0.985 0.014 
  31 P X   0.000 0.000 0.000 0.000 0.000 0.000 0.985 0.014 
  32 P X   0.000 0.000 0.000 0.000 0.000 0.000 0.986 0.014 
  33 P X   0.000 0.000 0.000 0.000 0.000 0.000 0.986 0.014 
  34 P X   0.000 0.000 0.000 0.000 0.000 0.000 0.985 0.014 
  35 P X   0.000 0.000 0.000 0.000 0.000 0.000 0.984 0.015 
  36 P X   0.000 0.000 0.000 0.000 0.000 0.000 0.982 0.017 
  37 E X   0.000 0.000 0.000 0.000 0.000 0.001 0.979 0.020 
  38 P X   0.001 0.000 0.000 0.000 0.000 0.001 0.975 0.023 
  39 E X   0.001 0.000 0.000 0.001 0.000 0.002 0.968 0.027 
  40 T X   0.001 0.002 0.000 0.002 0.001 0.003 0.959 0.032 
  41 E X   0.001 0.005 0.000 0.004 0.002 0.004 0.947 0.038 
  42 S X   0.002 0.011 0.000 0.007 0.003 0.006 0.929 0.042 
  43 E X   0.002 0.023 0.001 0.011 0.004 0.007 0.907 0.045 
  44 P X   0.002 0.040 0.001 0.016 0.005 0.008 0.882 0.046 
  45 E X   0.002 0.058 0.001 0.021 0.006 0.008 0.860 0.045 
  46 C X   0.001 0.073 0.001 0.026 0.006 0.008 0.841 0.044 
  47 C X   0.001 0.083 0.001 0.029 0.006 0.008 0.828 0.044 
  48 L X   0.001 0.090 0.001 0.031 0.006 0.007 0.819 0.045 
  49 A X   0.001 0.093 0.000 0.032 0.005 0.007 0.814 0.048 
  50 A X   0.001 0.094 0.000 0.031 0.005 0.006 0.810 0.052 
  51 R X   0.001 0.093 0.000 0.029 0.005 0.006 0.809 0.057 
  52 Q X   0.001 0.089 0.000 0.025 0.004 0.006 0.809 0.064 
  53 E X   0.002 0.083 0.000 0.021 0.004 0.005 0.811 0.074 
  54 G X   0.002 0.073 0.000 0.017 0.003 0.005 0.815 0.085 
  55 T X   0.002 0.060 0.000 0.013 0.003 0.004 0.820 0.097 
  56 L X   0.002 0.048 0.000 0.010 0.002 0.004 0.825 0.109 
  57 G X   0.002 0.036 0.000 0.007 0.002 0.004 0.830 0.119 
  58 D X   0.002 0.027 0.000 0.006 0.001 0.003 0.834 0.127 
  59 S X   0.002 0.021 0.000 0.004 0.001 0.003 0.837 0.132 
  60 A X   0.001 0.017 0.000 0.004 0.001 0.003 0.840 0.135 
  61 C X   0.001 0.014 0.000 0.003 0.001 0.002 0.841 0.138 
  62 K X   0.001 0.012 0.000 0.003 0.001 0.002 0.842 0.139 
  63 S X   0.001 0.010 0.000 0.003 0.001 0.002 0.842 0.141 
  64 P X   0.001 0.009 0.000 0.003 0.001 0.002 0.842 0.142 
  65 E X   0.001 0.008 0.000 0.003 0.001 0.002 0.841 0.144 
  66 S X   0.001 0.008 0.000 0.003 0.001 0.002 0.840 0.145 
  67 D X   0.001 0.007 0.000 0.003 0.001 0.002 0.839 0.147 
  68 L X   0.001 0.006 0.000 0.003 0.001 0.002 0.838 0.149 
  69 E X   0.001 0.006 0.000 0.003 0.001 0.002 0.836 0.151 
  70 D X   0.001 0.006 0.000 0.003 0.001 0.002 0.834 0.154 
  71 F X   0.001 0.005 0.000 0.003 0.001 0.002 0.832 0.156 
  72 S X   0.001 0.005 0.000 0.003 0.001 0.002 0.830 0.159 
  73 D X   0.001 0.005 0.000 0.003 0.001 0.002 0.827 0.161 
  74 E X   0.001 0.005 0.000 0.003 0.001 0.002 0.824 0.164 
  75 T X   0.001 0.005 0.000 0.004 0.001 0.002 0.821 0.166 
  76 N X   0.001 0.006 0.000 0.004 0.001 0.002 0.818 0.168 
  77 T X   0.001 0.006 0.000 0.004 0.001 0.003 0.814 0.170 
  78 E X   0.001 0.006 0.000 0.005 0.001 0.003 0.811 0.173 
  79 N X   0.001 0.007 0.000 0.005 0.001 0.003 0.808 0.175 
  80 L X   0.001 0.007 0.000 0.005 0.001 0.003 0.805 0.178 
  81 Y X   0.001 0.007 0.000 0.004 0.001 0.003 0.802 0.181 
  82 G X   0.001 0.007 0.000 0.004 0.001 0.003 0.799 0.184 
  83 T X   0.001 0.008 0.000 0.004 0.001 0.003 0.796 0.188 
  84 S X   0.001 0.008 0.000 0.004 0.001 0.003 0.792 0.191 
  85 P X   0.001 0.009 0.000 0.004 0.001 0.003 0.788 0.193 
  86 P X   0.002 0.010 0.000 0.004 0.001 0.004 0.784 0.195 
  87 S X   0.002 0.012 0.000 0.006 0.002 0.004 0.779 0.195 
  88 T X   0.002 0.015 0.000 0.008 0.002 0.005 0.774 0.194 
  89 P X   0.002 0.019 0.000 0.010 0.003 0.006 0.769 0.192 
  90 R X   0.002 0.022 0.000 0.013 0.003 0.006 0.764 0.188 
  91 Q X   0.002 0.025 0.000 0.016 0.004 0.006 0.759 0.186 
  92 M X   0.002 0.028 0.000 0.018 0.004 0.007 0.756 0.185 
  93 K X   0.002 0.028 0.000 0.019 0.004 0.006 0.754 0.185 
  94 R X   0.002 0.028 0.000 0.018 0.004 0.006 0.754 0.187 
  95 M X   0.002 0.027 0.000 0.017 0.003 0.005 0.754 0.190 
  96 S X   0.002 0.025 0.000 0.014 0.003 0.005 0.756 0.195 
  97 T X   0.002 0.022 0.000 0.011 0.002 0.004 0.758 0.200 
  98 K X   0.002 0.018 0.000 0.009 0.002 0.004 0.761 0.204 
  99 H X   0.002 0.015 0.000 0.006 0.002 0.003 0.764 0.208 
 100 Q X   0.002 0.012 0.000 0.005 0.001 0.003 0.766 0.211 
 101 R X   0.002 0.009 0.000 0.004 0.001 0.003 0.769 0.212 
 102 N X   0.002 0.008 0.000 0.003 0.001 0.003 0.770 0.213 
 103 N X   0.002 0.006 0.000 0.003 0.001 0.002 0.771 0.214 
 104 V X   0.002 0.006 0.000 0.003 0.001 0.002 0.772 0.214 
 105 G X   0.002 0.005 0.000 0.003 0.001 0.002 0.772 0.215 
 106 R X   0.002 0.005 0.000 0.003 0.001 0.002 0.772 0.215 
 107 P X   0.002 0.004 0.000 0.004 0.001 0.002 0.771 0.216 
 108 A X   0.002 0.004 0.000 0.004 0.001 0.003 0.770 0.217 
 109 S X   0.002 0.004 0.000 0.004 0.001 0.003 0.769 0.218 
 110 R X   0.002 0.004 0.000 0.004 0.001 0.003 0.767 0.220 
 111 S X   0.002 0.003 0.000 0.004 0.001 0.003 0.766 0.221 
 112 N X   0.002 0.003 0.000 0.005 0.001 0.003 0.764 0.222 
 113 L X   0.002 0.003 0.000 0.005 0.001 0.003 0.762 0.224 
 114 K X   0.002 0.003 0.000 0.005 0.001 0.003 0.761 0.225 
 115 E X   0.002 0.003 0.000 0.005 0.001 0.003 0.759 0.227 
 116 K X   0.002 0.003 0.000 0.005 0.001 0.003 0.757 0.229 
 117 M X   0.002 0.003 0.000 0.005 0.001 0.003 0.754 0.232 
 118 N X   0.002 0.002 0.000 0.005 0.001 0.003 0.752 0.236 
 119 A X   0.002 0.002 0.000 0.004 0.001 0.002 0.749 0.240 
 120 P X   0.002 0.002 0.000 0.003 0.001 0.002 0.746 0.244 
 121 N X   0.002 0.001 0.000 0.003 0.001 0.002 0.742 0.249 
 122 Q X   0.002 0.001 0.000 0.002 0.001 0.002 0.737 0.254 
 123 P X   0.002 0.001 0.000 0.002 0.001 0.002 0.732 0.260 
 124 P X   0.002 0.001 0.000 0.002 0.001 0.002 0.725 0.267 
 125 H X   0.002 0.002 0.000 0.002 0.001 0.003 0.716 0.274 
 126 K X   0.002 0.002 0.000 0.003 0.001 0.003 0.706 0.282 
 127 D X   0.002 0.003 0.000 0.004 0.001 0.004 0.694 0.290 
 128 T X   0.002 0.006 0.000 0.007 0.002 0.005 0.680 0.298 
 129 G X   0.003 0.009 0.000 0.010 0.003 0.006 0.664 0.305 
 130 K X   0.003 0.013 0.000 0.013 0.003 0.007 0.647 0.312 
 131 T X   0.003 0.018 0.001 0.017 0.004 0.008 0.630 0.319 
 132 V X   0.003 0.023 0.001 0.020 0.005 0.009 0.614 0.326 
 133 E X   0.003 0.026 0.001 0.022 0.005 0.009 0.600 0.334 
 134 N X   0.004 0.028 0.001 0.022 0.005 0.009 0.587 0.345 
 135 V X   0.004 0.030 0.001 0.020 0.004 0.009 0.576 0.357 
 136 E X   0.003 0.030 0.000 0.018 0.004 0.008 0.566 0.371 
 137 E X   0.003 0.029 0.000 0.014 0.003 0.007 0.556 0.385 
 138 Y X   0.003 0.029 0.000 0.011 0.003 0.007 0.548 0.400 
 139 S X   0.003 0.028 0.000 0.008 0.002 0.007 0.539 0.413 
 140 Y X   0.003 0.028 0.000 0.007 0.002 0.007 0.529 0.425 
 141 K X   0.003 0.029 0.000 0.006 0.002 0.007 0.519 0.434 
 142 Q X   0.003 0.031 0.000 0.007 0.003 0.008 0.507 0.440 
 143 E X   0.004 0.036 0.000 0.010 0.003 0.010 0.494 0.443 
 144 K X   0.005 0.045 0.001 0.015 0.005 0.011 0.478 0.440 
 145 K X   0.005 0.058 0.001 0.022 0.007 0.013 0.461 0.433 
 146 I X   0.006 0.072 0.001 0.030 0.009 0.014 0.444 0.424 
 147 R X   0.006 0.085 0.001 0.038 0.010 0.015 0.429 0.417 
 148 A X   0.006 0.092 0.001 0.043 0.010 0.015 0.417 0.414 
 149 A _   0.006 0.096 0.001 0.045 0.010 0.015 0.408 0.418 
 150 L _   0.006 0.096 0.001 0.043 0.010 0.014 0.401 0.429 
 151 R _   0.006 0.092 0.001 0.038 0.008 0.013 0.396 0.446 
 152 T _   0.006 0.085 0.001 0.030 0.007 0.012 0.391 0.468 
 153 T _   0.006 0.073 0.001 0.022 0.006 0.011 0.388 0.494 
 154 E _   0.006 0.061 0.001 0.015 0.004 0.010 0.386 0.519 
 155 R _   0.006 0.049 0.000 0.009 0.003 0.009 0.383 0.540 
 156 D _   0.005 0.042 0.000 0.006 0.002 0.009 0.380 0.555 
 157 R _   0.006 0.039 0.000 0.004 0.002 0.009 0.377 0.564 
 158 K _   0.006 0.038 0.000 0.004 0.002 0.010 0.372 0.568 
 159 K _   0.007 0.040 0.000 0.005 0.003 0.012 0.366 0.567 
 160 N _   0.009 0.046 0.001 0.007 0.005 0.014 0.359 0.558 
 161 V _   0.011 0.062 0.001 0.013 0.008 0.017 0.350 0.539 
 162 Q _   0.012 0.087 0.001 0.021 0.011 0.020 0.339 0.508 
 163 C _   0.012 0.119 0.001 0.030 0.014 0.022 0.328 0.474 
 164 S _   0.012 0.147 0.001 0.039 0.016 0.022 0.318 0.443 
 165 F _   0.012 0.167 0.001 0.047 0.016 0.022 0.311 0.423 
 166 M _   0.012 0.178 0.001 0.051 0.016 0.021 0.306 0.414 
 167 L _   0.011 0.183 0.001 0.052 0.015 0.020 0.303 0.414 
 168 D _   0.011 0.183 0.001 0.050 0.014 0.019 0.301 0.421 
 169 S _   0.010 0.178 0.001 0.046 0.012 0.017 0.300 0.436 
 170 V _   0.010 0.167 0.001 0.039 0.011 0.015 0.300 0.457 
 171 G _   0.010 0.151 0.001 0.032 0.009 0.014 0.301 0.483 
 172 G _   0.010 0.129 0.001 0.026 0.007 0.012 0.303 0.511 
 173 S _   0.009 0.106 0.001 0.020 0.006 0.011 0.306 0.541 
 174 L _   0.009 0.083 0.001 0.016 0.005 0.010 0.309 0.568 
 175 P _   0.008 0.064 0.001 0.012 0.004 0.009 0.311 0.592 
 176 K _   0.007 0.049 0.000 0.009 0.003 0.007 0.312 0.611 
 177 K _   0.006 0.039 0.000 0.007 0.002 0.007 0.313 0.625 
 178 S _   0.006 0.032 0.000 0.006 0.002 0.006 0.313 0.636 
 179 I _   0.005 0.028 0.000 0.005 0.001 0.005 0.311 0.644 
 180 P _   0.004 0.026 0.000 0.004 0.001 0.005 0.309 0.650 
 181 D _   0.004 0.026 0.000 0.004 0.001 0.005 0.305 0.655 
 182 V _   0.004 0.027 0.000 0.004 0.001 0.005 0.301 0.657 
 183 D _   0.004 0.029 0.000 0.005 0.002 0.006 0.295 0.658 
 184 L _   0.004 0.034 0.000 0.007 0.002 0.007 0.288 0.657 
 185 N _   0.004 0.042 0.000 0.010 0.003 0.008 0.280 0.651 
 186 K _   0.005 0.054 0.001 0.013 0.004 0.009 0.271 0.642 
 187 P _   0.005 0.070 0.001 0.017 0.005 0.010 0.262 0.631 
 188 Y _   0.005 0.086 0.001 0.021 0.006 0.011 0.252 0.619 
 189 L _   0.005 0.101 0.001 0.023 0.006 0.011 0.243 0.610 
 190 S _   0.005 0.113 0.001 0.025 0.006 0.011 0.234 0.605 
 191 L _   0.005 0.123 0.001 0.025 0.006 0.011 0.227 0.603 
 192 G _   0.004 0.129 0.001 0.024 0.006 0.011 0.221 0.604 
 193 C _   0.004 0.134 0.001 0.022 0.005 0.011 0.216 0.607 
 194 S _   0.005 0.137 0.001 0.020 0.005 0.011 0.211 0.611 
 195 N _   0.005 0.139 0.001 0.018 0.005 0.011 0.207 0.614 
 196 A _   0.005 0.141 0.001 0.016 0.005 0.011 0.204 0.617 
 197 K _   0.006 0.143 0.001 0.015 0.005 0.011 0.201 0.619 
 198 L _   0.006 0.145 0.001 0.015 0.005 0.012 0.199 0.619 
 199 P _   0.007 0.148 0.001 0.015 0.005 0.012 0.196 0.617 
 200 V _   0.007 0.151 0.001 0.016 0.006 0.013 0.194 0.614 
 201 S _   0.008 0.154 0.001 0.017 0.006 0.013 0.191 0.609 
 202 V _   0.008 0.158 0.001 0.019 0.007 0.014 0.189 0.604 
 203 P _   0.009 0.162 0.001 0.022 0.008 0.015 0.187 0.597 
 204 M _   0.009 0.164 0.001 0.025 0.008 0.015 0.186 0.591 
 205 P _   0.010 0.165 0.001 0.027 0.009 0.016 0.185 0.587 
 206 I _   0.010 0.164 0.001 0.030 0.009 0.016 0.184 0.585 
 207 A _   0.010 0.160 0.001 0.031 0.009 0.015 0.185 0.588 
 208 R _   0.010 0.153 0.001 0.030 0.009 0.015 0.186 0.596 
 209 P _   0.010 0.142 0.001 0.028 0.008 0.014 0.187 0.609 
 210 A _   0.010 0.125 0.001 0.025 0.007 0.013 0.190 0.629 
 211 R _   0.009 0.104 0.001 0.021 0.006 0.011 0.193 0.655 
 212 Q _   0.008 0.079 0.001 0.016 0.005 0.010 0.196 0.685 
 213 T _   0.007 0.056 0.001 0.012 0.004 0.009 0.198 0.713 
 214 S _   0.007 0.037 0.000 0.008 0.003 0.009 0.200 0.736 
 215 R _   0.006 0.025 0.000 0.006 0.002 0.008 0.202 0.751 
 216 T _   0.006 0.018 0.000 0.004 0.002 0.008 0.202 0.759 
 217 D _   0.006 0.015 0.000 0.003 0.002 0.009 0.202 0.762 
 218 C _   0.007 0.014 0.000 0.003 0.002 0.011 0.202 0.761 
 219 P _   0.009 0.015 0.000 0.004 0.003 0.014 0.200 0.755 
 220 A _   0.012 0.018 0.000 0.005 0.004 0.019 0.198 0.743 
 221 D _   0.018 0.024 0.001 0.008 0.007 0.025 0.195 0.722 
 222 R _   0.025 0.037 0.001 0.012 0.011 0.033 0.191 0.690 
 223 L _   0.033 0.056 0.001 0.017 0.018 0.041 0.186 0.648 
 224 K _   0.042 0.083 0.002 0.022 0.025 0.048 0.181 0.598 
 225 F _   0.050 0.111 0.002 0.027 0.033 0.054 0.176 0.547 
 226 F _   0.057 0.139 0.002 0.033 0.040 0.057 0.172 0.499 
 227 E _   0.063 0.164 0.002 0.038 0.045 0.059 0.170 0.460 
 228 T _   0.068 0.182 0.002 0.043 0.046 0.058 0.168 0.433 
 229 L _   0.070 0.194 0.002 0.047 0.046 0.056 0.168 0.416 
 230 R _   0.071 0.201 0.002 0.050 0.044 0.053 0.169 0.410 
 231 L _   0.070 0.202 0.002 0.051 0.040 0.048 0.171 0.415 
 232 L _   0.067 0.197 0.002 0.050 0.034 0.043 0.175 0.432 
 233 L _   0.061 0.185 0.002 0.046 0.028 0.037 0.180 0.460 
 234 K _   0.055 0.164 0.002 0.040 0.022 0.032 0.186 0.500 
 235 L _   0.047 0.134 0.002 0.032 0.016 0.026 0.192 0.551 
 236 T _   0.039 0.098 0.001 0.024 0.011 0.021 0.199 0.605 
 237 S _   0.032 0.065 0.001 0.017 0.008 0.017 0.206 0.656 
 238 V _   0.025 0.039 0.001 0.011 0.005 0.013 0.210 0.697 
 239 S _   0.018 0.023 0.000 0.007 0.003 0.010 0.213 0.725 
 240 K _   0.014 0.015 0.000 0.005 0.002 0.008 0.215 0.742 
 241 K _   0.010 0.010 0.000 0.004 0.001 0.006 0.216 0.753 
 242 K _   0.008 0.008 0.000 0.003 0.001 0.005 0.215 0.759 
 243 D _   0.006 0.008 0.000 0.003 0.001 0.005 0.214 0.763 
 244 R _   0.005 0.008 0.000 0.003 0.001 0.005 0.211 0.765 
 245 E _   0.005 0.010 0.000 0.004 0.002 0.006 0.208 0.766 
 246 Q _   0.005 0.013 0.000 0.006 0.002 0.007 0.203 0.765 
 247 R _   0.005 0.018 0.000 0.008 0.002 0.008 0.197 0.762 
 248 G _   0.005 0.025 0.000 0.010 0.003 0.009 0.191 0.757 
 249 Q _   0.005 0.035 0.000 0.013 0.004 0.010 0.183 0.750 
 250 E _   0.005 0.046 0.001 0.016 0.004 0.011 0.175 0.743 
 251 N _   0.005 0.057 0.001 0.018 0.005 0.012 0.167 0.735 
 252 T _   0.005 0.068 0.001 0.019 0.005 0.013 0.160 0.729 
 253 S _   0.005 0.078 0.001 0.020 0.006 0.014 0.153 0.724 
 254 G _   0.006 0.086 0.001 0.020 0.006 0.015 0.147 0.720 
 255 F _   0.006 0.093 0.001 0.019 0.006 0.016 0.141 0.717 
 256 W _   0.007 0.099 0.001 0.018 0.006 0.017 0.136 0.715 
 257 L _   0.008 0.105 0.001 0.017 0.007 0.019 0.131 0.712 
 258 N _   0.010 0.111 0.001 0.016 0.007 0.021 0.127 0.708 
 259 R _   0.011 0.118 0.001 0.016 0.009 0.023 0.122 0.701 
 260 S _   0.014 0.127 0.001 0.016 0.010 0.026 0.117 0.689 
 261 N _   0.016 0.140 0.001 0.019 0.013 0.029 0.112 0.671 
 262 E _   0.019 0.155 0.001 0.022 0.016 0.032 0.106 0.648 
 263 L _   0.022 0.174 0.001 0.027 0.019 0.034 0.101 0.621 
 264 I _   0.024 0.192 0.002 0.033 0.021 0.035 0.097 0.596 
 265 W _   0.025 0.208 0.002 0.039 0.023 0.035 0.092 0.575 
 266 L _   0.026 0.219 0.002 0.045 0.024 0.035 0.089 0.561 
 267 E _   0.026 0.224 0.002 0.048 0.024 0.034 0.086 0.555 
 268 L _   0.026 0.224 0.002 0.049 0.023 0.032 0.084 0.560 
 269 Q _   0.025 0.219 0.002 0.048 0.021 0.029 0.083 0.573 
 270 A _   0.024 0.207 0.002 0.044 0.019 0.027 0.083 0.596 
 271 W _   0.022 0.186 0.002 0.037 0.016 0.024 0.083 0.631 
 272 H _   0.021 0.156 0.001 0.030 0.013 0.021 0.083 0.674 
 273 A _   0.019 0.121 0.001 0.023 0.010 0.018 0.084 0.723 
 274 G _   0.017 0.087 0.001 0.017 0.008 0.016 0.084 0.770 
 275 R _   0.015 0.060 0.001 0.011 0.006 0.014 0.084 0.809 
 276 T _   0.012 0.041 0.001 0.008 0.004 0.012 0.084 0.837 
 277 I _   0.011 0.032 0.000 0.005 0.003 0.011 0.084 0.854 
 278 N _   0.010 0.027 0.000 0.005 0.003 0.011 0.083 0.862 
 279 D _   0.009 0.026 0.000 0.005 0.003 0.012 0.081 0.864 
 280 Q _   0.010 0.027 0.000 0.006 0.004 0.013 0.079 0.861 
 281 D _   0.011 0.029 0.001 0.008 0.005 0.015 0.077 0.854 
 282 F _   0.012 0.035 0.001 0.011 0.006 0.017 0.075 0.843 
 283 F _   0.013 0.042 0.001 0.016 0.008 0.019 0.072 0.829 
 284 L _   0.014 0.050 0.001 0.020 0.010 0.021 0.069 0.815 
 285 Y _   0.014 0.056 0.001 0.023 0.011 0.022 0.067 0.805 
 286 T _   0.014 0.062 0.001 0.024 0.012 0.023 0.064 0.799 
 287 A _   0.015 0.065 0.001 0.024 0.012 0.024 0.062 0.797 
 288 R _   0.015 0.067 0.001 0.022 0.011 0.024 0.061 0.799 
 289 Q _   0.016 0.068 0.001 0.019 0.011 0.025 0.059 0.802 
 290 A _   0.017 0.068 0.001 0.016 0.011 0.025 0.058 0.805 
 291 I _   0.018 0.069 0.001 0.014 0.010 0.026 0.057 0.805 
 292 P _   0.020 0.071 0.001 0.013 0.011 0.027 0.055 0.801 
 293 D _   0.022 0.076 0.001 0.014 0.012 0.029 0.054 0.792 
 294 I _   0.024 0.082 0.001 0.017 0.014 0.030 0.053 0.778 
 295 I _   0.027 0.090 0.001 0.020 0.016 0.032 0.052 0.762 
 296 N _   0.028 0.099 0.001 0.024 0.018 0.032 0.051 0.746 
 297 E _   0.029 0.106 0.001 0.028 0.019 0.033 0.050 0.734 
 298 I _   0.029 0.111 0.001 0.030 0.019 0.032 0.049 0.728 
 299 L _   0.028 0.113 0.001 0.030 0.018 0.031 0.049 0.730 
 300 T _   0.026 0.113 0.001 0.027 0.017 0.029 0.049 0.737 
 301 F _   0.024 0.111 0.001 0.024 0.014 0.027 0.049 0.750 
 302 K _   0.022 0.107 0.001 0.020 0.012 0.025 0.049 0.764 
 303 V _   0.020 0.104 0.001 0.017 0.010 0.024 0.049 0.776 
 304 D _   0.018 0.101 0.001 0.015 0.009 0.023 0.049 0.785 
 305 Y _   0.017 0.100 0.001 0.014 0.009 0.022 0.049 0.789 
 306 G _   0.016 0.101 0.001 0.015 0.009 0.021 0.049 0.789 
 307 S _   0.015 0.102 0.001 0.017 0.009 0.021 0.049 0.786 
 308 F _   0.015 0.104 0.001 0.020 0.009 0.020 0.049 0.781 
 309 A _   0.015 0.105 0.001 0.023 0.010 0.019 0.050 0.777 
 310 F _   0.014 0.106 0.001 0.025 0.010 0.018 0.050 0.776 
 311 V _   0.013 0.105 0.001 0.026 0.010 0.017 0.051 0.778 
 312 R _   0.013 0.102 0.001 0.025 0.009 0.016 0.051 0.784 
 313 D _   0.012 0.096 0.001 0.023 0.008 0.015 0.052 0.793 
 314 R _   0.011 0.089 0.001 0.020 0.007 0.013 0.053 0.806 
 315 A _   0.010 0.080 0.001 0.017 0.006 0.012 0.055 0.819 
 316 G _   0.009 0.071 0.001 0.014 0.005 0.011 0.056 0.833 
 317 F _   0.008 0.063 0.001 0.012 0.004 0.010 0.057 0.845 
 318 N _   0.008 0.057 0.000 0.010 0.004 0.009 0.058 0.854 
 319 G _   0.007 0.052 0.000 0.009 0.003 0.008 0.059 0.861 
 320 T _   0.007 0.048 0.000 0.009 0.003 0.008 0.060 0.865 
 321 S _   0.006 0.046 0.000 0.008 0.003 0.008 0.061 0.868 
 322 V _   0.006 0.044 0.000 0.008 0.003 0.008 0.061 0.870 
 323 E _   0.006 0.044 0.000 0.008 0.003 0.008 0.061 0.870 
 324 G _   0.006 0.044 0.000 0.008 0.003 0.008 0.061 0.869 
 325 Q _   0.006 0.045 0.000 0.009 0.003 0.009 0.061 0.867 
 326 C _   0.006 0.048 0.000 0.010 0.003 0.009 0.060 0.863 
 327 K _   0.006 0.051 0.000 0.011 0.004 0.010 0.060 0.857 
 328 A _   0.007 0.056 0.001 0.013 0.005 0.012 0.059 0.848 
 329 T _   0.007 0.061 0.001 0.017 0.006 0.013 0.059 0.837 
 330 P _   0.008 0.068 0.001 0.020 0.007 0.014 0.058 0.824 
 331 G _   0.008 0.074 0.001 0.025 0.008 0.015 0.058 0.811 
 332 T _   0.009 0.079 0.001 0.029 0.009 0.016 0.058 0.799 
 333 K _   0.009 0.082 0.001 0.032 0.010 0.017 0.058 0.791 
 334 I _   0.009 0.084 0.001 0.033 0.010 0.017 0.059 0.787 
 335 V _   0.009 0.082 0.001 0.033 0.010 0.017 0.060 0.788 
 336 G _   0.009 0.079 0.001 0.031 0.009 0.016 0.061 0.794 
 337 Y _   0.009 0.072 0.001 0.027 0.009 0.016 0.062 0.805 
 338 S _   0.009 0.063 0.001 0.023 0.008 0.015 0.064 0.818 
 339 T _   0.009 0.052 0.001 0.019 0.007 0.014 0.066 0.832 
 340 H _   0.009 0.042 0.001 0.015 0.006 0.014 0.068 0.846 
 341 H _   0.009 0.033 0.001 0.012 0.005 0.014 0.070 0.856 
 342 E _   0.009 0.026 0.001 0.011 0.005 0.014 0.072 0.863 
 343 H _   0.010 0.021 0.001 0.010 0.005 0.015 0.073 0.866 
 344 L _   0.011 0.018 0.001 0.010 0.005 0.015 0.075 0.866 
 345 Q _   0.012 0.015 0.001 0.010 0.005 0.016 0.076 0.864 
 346 R _   0.014 0.013 0.001 0.010 0.006 0.018 0.078 0.861 
 347 Q _   0.016 0.011 0.001 0.011 0.006 0.019 0.079 0.857 
 348 R _   0.018 0.009 0.001 0.011 0.007 0.021 0.081 0.853 
 349 V _   0.021 0.007 0.001 0.010 0.007 0.022 0.082 0.848 
 350 S _   0.026 0.006 0.001 0.009 0.008 0.024 0.084 0.842 
 351 F _   0.031 0.004 0.001 0.008 0.008 0.027 0.086 0.834 
 352 E _   0.039 0.003 0.001 0.008 0.009 0.030 0.087 0.823 
 353 Q _   0.048 0.002 0.001 0.007 0.010 0.033 0.089 0.810 
 354 V _   0.059 0.002 0.001 0.006 0.011 0.036 0.091 0.793 
 355 K _   0.073 0.002 0.001 0.006 0.013 0.040 0.093 0.772 
 356 R _   0.086 0.002 0.001 0.007 0.016 0.045 0.095 0.748 
 357 I _   0.101 0.003 0.001 0.008 0.019 0.049 0.097 0.722 
 358 M _   0.115 0.004 0.001 0.009 0.023 0.053 0.100 0.695 
 359 E _   0.127 0.006 0.002 0.011 0.027 0.055 0.103 0.670 
 360 L _   0.135 0.008 0.002 0.013 0.030 0.058 0.107 0.648 
 361 L _   0.140 0.010 0.002 0.015 0.033 0.059 0.112 0.629 
 362 E _   0.142 0.013 0.002 0.017 0.035 0.058 0.117 0.616 
 363 Y _   0.141 0.015 0.002 0.019 0.035 0.057 0.123 0.608 
 364 I _   0.136 0.018 0.002 0.021 0.034 0.055 0.129 0.605 
 365 E _   0.128 0.019 0.002 0.023 0.032 0.051 0.137 0.607 
 366 A _   0.117 0.020 0.002 0.025 0.029 0.047 0.146 0.613 
 367 L _   0.105 0.021 0.002 0.026 0.026 0.043 0.156 0.623 
 368 Y _   0.090 0.020 0.002 0.025 0.022 0.038 0.166 0.637 
 369 P _   0.075 0.019 0.001 0.024 0.018 0.032 0.177 0.653 
 370 S _   0.061 0.016 0.001 0.022 0.014 0.027 0.188 0.670 
 371 L _   0.048 0.013 0.001 0.019 0.010 0.023 0.199 0.686 
 372 Q _   0.038 0.010 0.001 0.015 0.008 0.018 0.210 0.701 
 373 A _   0.029 0.007 0.001 0.011 0.005 0.015 0.219 0.713 
 374 L _   0.021 0.005 0.000 0.008 0.004 0.012 0.227 0.722 
 375 Q _   0.016 0.003 0.000 0.006 0.003 0.009 0.234 0.728 
 376 K _   0.012 0.002 0.000 0.005 0.002 0.008 0.240 0.731 
 377 D _   0.009 0.001 0.000 0.004 0.002 0.006 0.244 0.733 
 378 Y _   0.008 0.001 0.000 0.003 0.002 0.006 0.248 0.733 
 379 E _   0.007 0.000 0.000 0.003 0.001 0.005 0.251 0.732 
 380 K _   0.006 0.000 0.000 0.003 0.001 0.006 0.253 0.730 
 381 Y _   0.006 0.000 0.000 0.003 0.001 0.006 0.255 0.729 
 382 A _   0.007 0.000 0.000 0.003 0.001 0.007 0.255 0.726 
 383 A _   0.008 0.000 0.000 0.003 0.002 0.009 0.255 0.723 
 384 K _   0.011 0.000 0.000 0.003 0.002 0.011 0.254 0.718 
 385 D _   0.017 0.000 0.000 0.003 0.003 0.014 0.253 0.710 
 386 F _   0.026 0.000 0.000 0.003 0.004 0.020 0.251 0.695 
 387 Q _   0.039 0.001 0.001 0.004 0.007 0.027 0.248 0.673 
 388 D _   0.058 0.002 0.001 0.006 0.013 0.035 0.245 0.640 
 389 R _   0.082 0.004 0.001 0.008 0.021 0.045 0.241 0.597 
 390 V _   0.105 0.009 0.002 0.012 0.032 0.053 0.238 0.549 
 391 Q _   0.127 0.016 0.002 0.018 0.043 0.059 0.236 0.499 
 392 A _   0.142 0.023 0.002 0.026 0.050 0.063 0.236 0.458 
 393 L _   0.153 0.029 0.003 0.033 0.054 0.063 0.236 0.430 
 394 C _   0.158 0.032 0.003 0.037 0.054 0.061 0.239 0.417 
 395 L _   0.156 0.032 0.003 0.038 0.050 0.056 0.243 0.421 
 396 W _   0.148 0.030 0.002 0.034 0.043 0.051 0.248 0.442 
 397 L _   0.136 0.025 0.002 0.028 0.035 0.044 0.255 0.475 
 398 N _   0.120 0.017 0.002 0.019 0.025 0.037 0.262 0.518 
 399 I _   0.103 0.009 0.001 0.011 0.016 0.030 0.268 0.561 
 400 T _   0.086 0.003 0.001 0.005 0.009 0.025 0.274 0.598 
 401 K _   0.070 0.001 0.001 0.003 0.005 0.021 0.278 0.623 
 402 D _   0.059 0.000 0.000 0.001 0.003 0.018 0.281 0.636 
 403 L _   0.054 0.000 0.000 0.001 0.003 0.018 0.284 0.640 
 404 N _   0.053 0.000 0.000 0.001 0.003 0.019 0.286 0.637 
 405 Q _   0.058 0.000 0.000 0.002 0.005 0.022 0.289 0.625 
 406 K _   0.065 0.001 0.001 0.003 0.008 0.027 0.291 0.605 
 407 L _   0.073 0.003 0.001 0.006 0.013 0.033 0.294 0.577 
 408 R _   0.080 0.009 0.001 0.013 0.020 0.038 0.297 0.542 
 409 I _   0.084 0.018 0.002 0.022 0.027 0.041 0.301 0.506 
 410 M _   0.083 0.026 0.002 0.032 0.031 0.042 0.306 0.476 
 411 G _   0.080 0.032 0.002 0.038 0.033 0.042 0.313 0.458 
 412 T _   0.075 0.035 0.002 0.041 0.032 0.040 0.322 0.452 
 413 V _   0.068 0.035 0.002 0.040 0.029 0.037 0.332 0.457 
 414 L _   0.058 0.033 0.002 0.035 0.025 0.033 0.344 0.470 
 415 G _   0.049 0.029 0.002 0.027 0.019 0.028 0.357 0.488 
 416 I _   0.040 0.023 0.001 0.020 0.014 0.024 0.371 0.508 
 417 K _   0.031 0.017 0.001 0.013 0.010 0.020 0.384 0.524 
 418 N _   0.025 0.013 0.001 0.009 0.007 0.017 0.396 0.533 
 419 L _   0.020 0.011 0.001 0.007 0.005 0.015 0.406 0.537 
 420 S _   0.016 0.010 0.000 0.006 0.004 0.014 0.415 0.535 
 421 D _   0.014 0.010 0.000 0.007 0.004 0.013 0.424 0.528 
 422 I _   0.013 0.010 0.000 0.009 0.004 0.013 0.432 0.519 
 423 G _   0.012 0.011 0.001 0.012 0.005 0.013 0.440 0.507 
 424 W _   0.011 0.013 0.001 0.016 0.006 0.013 0.449 0.492 
 425 P _   0.010 0.014 0.001 0.019 0.006 0.012 0.459 0.478 
 426 V X   0.009 0.015 0.001 0.022 0.006 0.012 0.470 0.465 
 427 F X   0.009 0.015 0.001 0.022 0.006 0.011 0.482 0.454 
 428 E X   0.008 0.014 0.001 0.021 0.005 0.010 0.496 0.446 
 429 I X   0.007 0.012 0.001 0.018 0.005 0.009 0.509 0.440 
 430 P X   0.006 0.010 0.000 0.014 0.004 0.008 0.523 0.435 
 431 S X   0.005 0.008 0.000 0.011 0.003 0.006 0.536 0.431 
 432 P X   0.005 0.006 0.000 0.008 0.002 0.005 0.548 0.426 
 433 R X   0.004 0.004 0.000 0.006 0.002 0.004 0.559 0.421 
 434 P X   0.004 0.003 0.000 0.005 0.001 0.004 0.568 0.416 
 435 S X   0.003 0.002 0.000 0.004 0.001 0.003 0.575 0.411 
 436 K X   0.003 0.002 0.000 0.003 0.001 0.003 0.580 0.407 
 437 G X   0.003 0.001 0.000 0.003 0.001 0.003 0.585 0.404 
 438 N X   0.003 0.001 0.000 0.003 0.001 0.003 0.587 0.402 
 439 E X   0.003 0.001 0.000 0.003 0.001 0.003 0.589 0.400 
 440 P X   0.002 0.001 0.000 0.003 0.001 0.003 0.590 0.400 
 441 E X   0.002 0.001 0.000 0.003 0.001 0.003 0.589 0.401 
 442 Y X   0.002 0.002 0.000 0.003 0.001 0.003 0.587 0.402 
 443 E X   0.002 0.002 0.000 0.004 0.001 0.003 0.585 0.404 
 444 G X   0.002 0.002 0.000 0.004 0.001 0.003 0.581 0.407 
 445 D X   0.002 0.003 0.000 0.005 0.001 0.004 0.576 0.409 
 446 D X   0.002 0.004 0.000 0.006 0.001 0.004 0.571 0.411 
 447 T X   0.002 0.006 0.000 0.008 0.002 0.005 0.564 0.413 
 448 E X   0.002 0.008 0.000 0.010 0.002 0.005 0.558 0.414 
 449 G X   0.002 0.010 0.000 0.013 0.002 0.006 0.551 0.415 
 450 E X   0.002 0.012 0.000 0.016 0.003 0.006 0.544 0.416 
 451 L X   0.003 0.014 0.000 0.018 0.003 0.007 0.538 0.418 
 452 K X   0.003 0.015 0.000 0.018 0.003 0.007 0.533 0.421 
 453 E X   0.003 0.016 0.000 0.018 0.003 0.007 0.528 0.426 
 454 L X   0.003 0.016 0.000 0.017 0.003 0.006 0.524 0.431 
 455 E X   0.003 0.015 0.000 0.015 0.003 0.006 0.521 0.438 
 456 S X   0.003 0.014 0.000 0.013 0.002 0.006 0.518 0.444 
 457 S X   0.003 0.013 0.000 0.011 0.002 0.005 0.516 0.450 
 458 T X   0.003 0.012 0.000 0.010 0.002 0.005 0.514 0.455 
 459 D X   0.003 0.010 0.000 0.008 0.002 0.005 0.512 0.459 
 460 E X   0.003 0.009 0.000 0.008 0.002 0.005 0.510 0.464 
 461 S X   0.003 0.008 0.000 0.007 0.002 0.005 0.508 0.468 
 462 E X   0.003 0.007 0.000 0.006 0.001 0.004 0.505 0.472 
 463 E X   0.003 0.007 0.000 0.006 0.001 0.004 0.501 0.477 
 464 E X   0.003 0.006 0.000 0.005 0.001 0.004 0.497 0.483 
 465 Q X   0.003 0.006 0.000 0.005 0.001 0.004 0.492 0.489 
 466 I _   0.003 0.006 0.000 0.004 0.001 0.004 0.486 0.495 
 467 S _   0.003 0.006 0.000 0.005 0.001 0.004 0.479 0.501 
 468 D _   0.003 0.007 0.000 0.005 0.002 0.005 0.472 0.506 
 469 P _   0.003 0.008 0.000 0.006 0.002 0.005 0.464 0.511 
 470 R _   0.003 0.010 0.000 0.008 0.002 0.006 0.456 0.514 
 471 V _   0.004 0.013 0.000 0.010 0.003 0.007 0.446 0.517 
 472 P _   0.004 0.015 0.000 0.013 0.003 0.008 0.437 0.519 
 473 E _   0.004 0.018 0.000 0.015 0.004 0.008 0.428 0.522 
 474 I _   0.004 0.020 0.000 0.017 0.004 0.008 0.420 0.525 
 475 R _   0.004 0.022 0.000 0.018 0.004 0.008 0.413 0.530 
 476 Q _   0.004 0.023 0.000 0.017 0.004 0.008 0.406 0.537 
 477 P _   0.004 0.023 0.000 0.016 0.004 0.008 0.400 0.545 
 478 I _   0.004 0.023 0.000 0.014 0.003 0.007 0.395 0.554 
 479 D _   0.004 0.022 0.000 0.012 0.003 0.007 0.390 0.562 
 480 N _   0.004 0.021 0.000 0.010 0.003 0.006 0.386 0.570 
 481 S _   0.004 0.020 0.000 0.009 0.002 0.006 0.381 0.577 
 482 F _   0.004 0.020 0.000 0.008 0.002 0.006 0.377 0.584 
 483 D _   0.004 0.020 0.000 0.007 0.002 0.006 0.372 0.589 
 484 I _   0.004 0.020 0.000 0.007 0.002 0.006 0.367 0.593 
 485 Q _   0.004 0.021 0.000 0.008 0.002 0.007 0.362 0.596 
 486 S _   0.004 0.023 0.000 0.009 0.003 0.007 0.356 0.598 
 487 R _   0.004 0.026 0.000 0.011 0.003 0.008 0.349 0.599 
 488 D _   0.004 0.029 0.000 0.013 0.004 0.008 0.343 0.599 
 489 C _   0.005 0.032 0.000 0.016 0.004 0.009 0.336 0.598 
 490 I _   0.005 0.035 0.001 0.018 0.005 0.010 0.330 0.597 
 491 S _   0.005 0.037 0.001 0.021 0.005 0.010 0.324 0.597 
 492 K _   0.005 0.039 0.001 0.022 0.005 0.010 0.319 0.598 
 493 K _   0.006 0.039 0.001 0.022 0.005 0.010 0.315 0.601 
 494 L _   0.006 0.039 0.001 0.021 0.005 0.009 0.312 0.607 
 495 E _   0.006 0.037 0.001 0.019 0.004 0.009 0.310 0.615 
 496 R _   0.005 0.034 0.000 0.016 0.004 0.008 0.307 0.624 
 497 L _   0.005 0.031 0.000 0.013 0.003 0.007 0.305 0.635 
 498 E _   0.005 0.027 0.000 0.010 0.003 0.006 0.303 0.645 
 499 S _   0.005 0.024 0.000 0.008 0.002 0.006 0.301 0.654 
 500 E _   0.005 0.021 0.000 0.007 0.002 0.005 0.299 0.661 
 501 D _   0.004 0.020 0.000 0.006 0.002 0.005 0.296 0.667 
 502 D _   0.004 0.019 0.000 0.005 0.002 0.005 0.292 0.672 
 503 S _   0.004 0.019 0.000 0.006 0.002 0.005 0.288 0.675 
 504 L _   0.004 0.020 0.000 0.006 0.002 0.006 0.283 0.678 
 505 G _   0.004 0.022 0.000 0.007 0.002 0.006 0.277 0.681 
 506 W _   0.004 0.024 0.000 0.008 0.002 0.007 0.271 0.684 
 507 G _   0.004 0.027 0.000 0.009 0.003 0.007 0.263 0.686 
 508 A _   0.004 0.031 0.000 0.010 0.003 0.008 0.255 0.688 
 509 P _   0.004 0.036 0.000 0.011 0.003 0.008 0.247 0.691 
 510 D _   0.004 0.041 0.000 0.012 0.003 0.009 0.238 0.692 
 511 W _   0.004 0.047 0.001 0.013 0.004 0.010 0.229 0.693 
 512 S _   0.005 0.054 0.001 0.013 0.004 0.012 0.219 0.693 
 513 T _   0.005 0.062 0.001 0.015 0.005 0.013 0.209 0.690 
 514 E _   0.006 0.073 0.001 0.017 0.006 0.015 0.199 0.684 
 515 A _   0.007 0.086 0.001 0.019 0.007 0.017 0.189 0.675 
 516 G _   0.008 0.100 0.001 0.022 0.009 0.020 0.179 0.663 
 517 F _   0.009 0.115 0.001 0.025 0.011 0.022 0.169 0.649 
 518 S _   0.010 0.129 0.001 0.029 0.013 0.024 0.159 0.634 
 519 R _   0.011 0.141 0.001 0.032 0.015 0.026 0.151 0.621 
 520 H _   0.013 0.151 0.001 0.036 0.017 0.028 0.144 0.611 
 521 C _   0.014 0.158 0.001 0.038 0.018 0.029 0.138 0.604 
 522 L _   0.016 0.161 0.001 0.040 0.020 0.029 0.133 0.600 
 523 T _   0.017 0.162 0.001 0.041 0.020 0.029 0.128 0.602 
 524 S _   0.018 0.159 0.001 0.040 0.019 0.029 0.125 0.609 
 525 I _   0.020 0.152 0.001 0.037 0.018 0.028 0.123 0.620 
 526 Y _   0.020 0.142 0.001 0.034 0.017 0.026 0.121 0.639 
 527 R _   0.020 0.126 0.001 0.030 0.015 0.025 0.120 0.663 
 528 P _   0.020 0.106 0.001 0.025 0.013 0.023 0.119 0.692 
 529 F _   0.020 0.084 0.001 0.020 0.011 0.022 0.119 0.724 
 530 V _   0.019 0.062 0.001 0.015 0.009 0.020 0.119 0.755 
 531 D _   0.019 0.044 0.001 0.011 0.007 0.019 0.118 0.780 
 532 K _   0.018 0.032 0.001 0.008 0.006 0.019 0.118 0.799 
 533 A _   0.018 0.024 0.001 0.006 0.005 0.018 0.117 0.812 
 534 L _   0.018 0.020 0.001 0.005 0.005 0.019 0.116 0.817 
 535 K _   0.019 0.018 0.001 0.005 0.005 0.020 0.114 0.819 
 536 Q _   0.021 0.018 0.001 0.006 0.006 0.021 0.113 0.816 
 537 M _   0.023 0.019 0.001 0.008 0.007 0.023 0.111 0.808 
 538 G _   0.026 0.021 0.001 0.010 0.009 0.026 0.109 0.797 
 539 L _   0.029 0.025 0.001 0.014 0.012 0.028 0.107 0.784 
 540 R _   0.031 0.029 0.001 0.018 0.014 0.030 0.105 0.771 
 541 K _   0.033 0.033 0.001 0.022 0.016 0.031 0.104 0.760 
 542 L _   0.034 0.036 0.001 0.025 0.018 0.031 0.102 0.753 
 543 I _   0.033 0.037 0.001 0.027 0.018 0.030 0.102 0.751 
 544 L _   0.032 0.037 0.001 0.027 0.017 0.029 0.101 0.756 
 545 R _   0.031 0.035 0.001 0.025 0.015 0.027 0.101 0.765 
 546 L _   0.028 0.032 0.001 0.022 0.013 0.025 0.101 0.779 
 547 H _   0.026 0.027 0.001 0.017 0.011 0.022 0.102 0.794 
 548 K _   0.023 0.022 0.001 0.014 0.009 0.020 0.102 0.809 
 549 L _   0.021 0.018 0.001 0.010 0.007 0.018 0.103 0.823 
 550 M _   0.019 0.015 0.001 0.008 0.006 0.016 0.103 0.833 
 551 D _   0.018 0.013 0.001 0.007 0.005 0.015 0.103 0.839 
 552 G _   0.017 0.012 0.001 0.007 0.005 0.015 0.103 0.841 
 553 S _   0.017 0.012 0.001 0.008 0.005 0.015 0.103 0.840 
 554 L _   0.017 0.012 0.001 0.010 0.006 0.015 0.103 0.836 
 555 Q _   0.018 0.013 0.001 0.012 0.007 0.015 0.103 0.831 
 556 R _   0.018 0.014 0.001 0.015 0.007 0.016 0.104 0.827 
 557 A _   0.017 0.014 0.001 0.017 0.008 0.015 0.104 0.824 
 558 R _   0.017 0.014 0.001 0.018 0.007 0.015 0.105 0.823 
 559 I _   0.016 0.014 0.001 0.017 0.007 0.014 0.106 0.826 
 560 A _   0.015 0.013 0.001 0.015 0.006 0.013 0.107 0.831 
 561 L _   0.013 0.011 0.001 0.013 0.005 0.011 0.108 0.838 
 562 V _   0.012 0.009 0.001 0.010 0.004 0.010 0.109 0.845 
 563 K _   0.011 0.007 0.000 0.008 0.004 0.009 0.109 0.851 
 564 N _   0.010 0.006 0.000 0.007 0.003 0.009 0.110 0.855 
 565 D _   0.009 0.005 0.000 0.006 0.003 0.008 0.110 0.858 
 566 R _   0.009 0.005 0.000 0.006 0.003 0.008 0.111 0.858 
 567 P _   0.009 0.005 0.000 0.006 0.003 0.008 0.111 0.857 
 568 V _   0.009 0.005 0.000 0.007 0.003 0.009 0.111 0.855 
 569 E _   0.009 0.006 0.000 0.008 0.004 0.009 0.111 0.853 
 570 F _   0.009 0.007 0.000 0.009 0.004 0.010 0.110 0.851 
 571 S _   0.009 0.008 0.000 0.010 0.004 0.010 0.110 0.849 
 572 E _   0.009 0.009 0.001 0.011 0.004 0.010 0.110 0.848 
 573 F _   0.009 0.009 0.000 0.011 0.004 0.010 0.109 0.848 
 574 P _   0.008 0.010 0.000 0.010 0.004 0.010 0.109 0.848 
 575 D _   0.008 0.011 0.000 0.010 0.004 0.010 0.108 0.848 
 576 P _   0.008 0.012 0.000 0.011 0.004 0.010 0.108 0.846 
 577 M _   0.009 0.013 0.001 0.012 0.005 0.011 0.107 0.843 
 578 W _   0.009 0.014 0.001 0.014 0.005 0.011 0.107 0.839 
 579 G _   0.010 0.016 0.001 0.016 0.006 0.012 0.106 0.834 
 580 S _   0.010 0.017 0.001 0.019 0.006 0.012 0.106 0.830 
 581 D _   0.010 0.018 0.001 0.021 0.006 0.012 0.106 0.827 
 582 Y _   0.010 0.018 0.001 0.021 0.006 0.012 0.106 0.826 
 583 V _   0.010 0.017 0.001 0.021 0.006 0.011 0.106 0.829 
 584 Q _   0.009 0.015 0.001 0.018 0.005 0.010 0.106 0.835 
 585 L _   0.008 0.013 0.000 0.015 0.004 0.009 0.106 0.843 
 586 S _   0.008 0.010 0.000 0.011 0.003 0.008 0.106 0.853 
 587 R _   0.007 0.008 0.000 0.008 0.002 0.007 0.106 0.862 
 588 T _   0.006 0.006 0.000 0.006 0.002 0.006 0.105 0.870 
 589 P _   0.005 0.004 0.000 0.004 0.002 0.005 0.104 0.876 
 590 P _   0.004 0.004 0.000 0.004 0.001 0.005 0.102 0.879 
 591 S _   0.004 0.004 0.000 0.003 0.001 0.006 0.100 0.881 
 592 S _   0.005 0.005 0.000 0.004 0.002 0.006 0.097 0.881 
 593 E _   0.005 0.007 0.000 0.006 0.002 0.008 0.093 0.878 
 594 E _   0.006 0.012 0.000 0.009 0.003 0.010 0.089 0.871 
 595 K _   0.007 0.020 0.001 0.014 0.005 0.013 0.083 0.858 
 596 C _   0.008 0.031 0.001 0.022 0.007 0.015 0.077 0.840 
 597 S _   0.009 0.043 0.001 0.031 0.009 0.017 0.070 0.820 
 598 A _   0.009 0.054 0.001 0.040 0.011 0.019 0.064 0.802 
 599 V _   0.009 0.061 0.001 0.047 0.012 0.020 0.058 0.791 
 600 S _   0.010 0.065 0.001 0.051 0.013 0.020 0.054 0.786 
 601 W _   0.010 0.065 0.001 0.051 0.013 0.020 0.050 0.789 
 602 E _   0.011 0.063 0.001 0.048 0.013 0.019 0.047 0.798 
 603 E _   0.012 0.056 0.001 0.041 0.011 0.018 0.045 0.816 
 604 L _   0.014 0.046 0.001 0.032 0.009 0.016 0.043 0.839 
 605 K _   0.016 0.033 0.001 0.023 0.008 0.015 0.041 0.865 
 606 A _   0.021 0.019 0.001 0.014 0.006 0.013 0.039 0.887 
 607 M _   0.028 0.009 0.001 0.008 0.004 0.012 0.036 0.902 
 608 D _   0.039 0.003 0.000 0.005 0.004 0.010 0.034 0.905 
 609 L _   0.057 0.001 0.000 0.003 0.003 0.010 0.031 0.895 
 610 P _   0.087 0.000 0.000 0.002 0.003 0.010 0.028 0.869 
 611 S _   0.135 0.000 0.001 0.001 0.004 0.010 0.024 0.825 
 612 F _   0.205 0.000 0.001 0.001 0.005 0.011 0.020 0.757 
 613 E _   0.302 0.000 0.001 0.001 0.007 0.012 0.016 0.662 
 614 P _   0.418 0.000 0.001 0.001 0.008 0.013 0.012 0.546 
 615 A H   0.541 0.000 0.001 0.001 0.010 0.013 0.008 0.425 
 616 F H   0.654 0.000 0.001 0.001 0.012 0.013 0.006 0.314 
 617 L H   0.750 0.000 0.001 0.001 0.013 0.012 0.004 0.220 
 618 V H   0.820 0.000 0.001 0.001 0.013 0.010 0.003 0.153 
 619 L H   0.867 0.000 0.001 0.001 0.013 0.009 0.002 0.107 
 620 C H   0.895 0.000 0.001 0.000 0.013 0.008 0.002 0.081 
 621 R H   0.910 0.000 0.001 0.000 0.013 0.007 0.002 0.067 
 622 V H   0.916 0.000 0.001 0.000 0.013 0.006 0.002 0.062 
 623 L H   0.914 0.000 0.001 0.000 0.013 0.006 0.002 0.065 
 624 L H   0.902 0.000 0.001 0.000 0.013 0.006 0.002 0.075 
 625 N H   0.880 0.000 0.001 0.001 0.014 0.006 0.003 0.095 
 626 V H   0.846 0.000 0.001 0.001 0.015 0.007 0.003 0.126 
 627 I H   0.800 0.000 0.001 0.001 0.015 0.008 0.005 0.170 
 628 H H   0.735 0.000 0.001 0.001 0.015 0.010 0.007 0.230 
 629 E H   0.652 0.000 0.001 0.002 0.015 0.011 0.011 0.307 
 630 C H   0.558 0.000 0.001 0.003 0.014 0.012 0.016 0.396 
 631 L _   0.457 0.000 0.001 0.004 0.013 0.012 0.021 0.492 
 632 K _   0.354 0.000 0.001 0.005 0.011 0.012 0.028 0.589 
 633 L _   0.261 0.000 0.001 0.005 0.009 0.012 0.034 0.678 
 634 R _   0.182 0.000 0.001 0.005 0.007 0.011 0.039 0.755 
 635 L _   0.122 0.000 0.001 0.005 0.005 0.010 0.043 0.814 
 636 E _   0.078 0.000 0.001 0.004 0.004 0.009 0.047 0.857 
 637 Q _   0.049 0.000 0.000 0.004 0.003 0.008 0.049 0.886 
 638 R _   0.031 0.000 0.000 0.003 0.002 0.007 0.051 0.905 
 639 P _   0.021 0.000 0.000 0.003 0.002 0.007 0.053 0.915 
 640 A _   0.015 0.000 0.000 0.003 0.002 0.007 0.053 0.919 
 641 G _   0.012 0.001 0.000 0.003 0.002 0.008 0.054 0.920 
 642 E _   0.011 0.002 0.000 0.004 0.002 0.010 0.054 0.916 
 643 P _   0.012 0.004 0.000 0.006 0.003 0.012 0.054 0.909 
 644 S _   0.013 0.007 0.001 0.008 0.005 0.015 0.054 0.898 
 645 L _   0.015 0.013 0.001 0.012 0.007 0.018 0.053 0.882 
 646 L _   0.016 0.020 0.001 0.017 0.009 0.021 0.053 0.863 
 647 S _   0.018 0.028 0.001 0.022 0.012 0.024 0.052 0.844 
 648 I _   0.020 0.034 0.001 0.027 0.014 0.026 0.052 0.827 
 649 K _   0.021 0.039 0.001 0.030 0.015 0.027 0.052 0.815 
 650 Q _   0.022 0.042 0.001 0.031 0.015 0.028 0.052 0.809 
 651 L _   0.022 0.043 0.001 0.029 0.015 0.028 0.052 0.810 
 652 V _   0.022 0.042 0.001 0.026 0.014 0.027 0.053 0.815 
 653 R _   0.022 0.040 0.001 0.021 0.012 0.027 0.053 0.823 
 654 E _   0.022 0.037 0.001 0.017 0.011 0.026 0.054 0.832 
 655 C _   0.022 0.034 0.001 0.014 0.010 0.026 0.055 0.839 
 656 K _   0.023 0.031 0.001 0.011 0.009 0.025 0.056 0.843 
 657 E _   0.024 0.030 0.001 0.010 0.009 0.026 0.057 0.843 
 658 V _   0.025 0.030 0.001 0.010 0.009 0.026 0.058 0.841 
 659 L _   0.027 0.030 0.001 0.010 0.009 0.027 0.059 0.837 
 660 K _   0.028 0.031 0.001 0.011 0.009 0.028 0.060 0.832 
 661 G _   0.029 0.033 0.001 0.012 0.010 0.029 0.061 0.825 
 662 G _   0.031 0.035 0.001 0.013 0.011 0.029 0.062 0.818 
 663 L _   0.033 0.036 0.001 0.013 0.011 0.030 0.063 0.812 
