#TopoPred_TM8: 8-state transmembrane topology prediction results by no_profile mode 
#probabilities are in the order of H E C I L F X _, the 8 transmembrane topology types used in PDBTM 
   1 M X   0.020 0.004 0.003 0.093 0.013 0.015 0.526 0.325 
   2 A X   0.007 0.003 0.000 0.063 0.003 0.008 0.540 0.375 
   3 S X   0.002 0.004 0.000 0.039 0.001 0.006 0.540 0.408 
   4 A X   0.002 0.005 0.000 0.028 0.001 0.006 0.532 0.426 
   5 S X   0.002 0.009 0.000 0.025 0.002 0.008 0.518 0.436 
   6 S X   0.003 0.015 0.000 0.025 0.003 0.011 0.498 0.446 
   7 G X   0.004 0.026 0.001 0.026 0.004 0.013 0.474 0.452 
   8 P _   0.005 0.044 0.001 0.030 0.005 0.016 0.445 0.455 
   9 S _   0.006 0.070 0.001 0.036 0.007 0.017 0.410 0.454 
  10 S _   0.006 0.102 0.001 0.041 0.009 0.018 0.372 0.450 
  11 S _   0.005 0.137 0.001 0.045 0.010 0.019 0.335 0.447 
  12 V _   0.005 0.168 0.001 0.047 0.010 0.018 0.304 0.446 
  13 G _   0.005 0.192 0.001 0.047 0.010 0.018 0.280 0.448 
  14 F _   0.005 0.209 0.001 0.044 0.010 0.017 0.259 0.454 
  15 S _   0.005 0.221 0.001 0.041 0.009 0.017 0.243 0.463 
  16 S _   0.005 0.230 0.001 0.037 0.009 0.016 0.229 0.473 
  17 F _   0.005 0.237 0.001 0.032 0.008 0.016 0.217 0.483 
  18 D _   0.005 0.243 0.001 0.028 0.008 0.016 0.206 0.493 
  19 P _   0.005 0.247 0.001 0.025 0.007 0.015 0.196 0.502 
  20 A _   0.006 0.252 0.001 0.023 0.007 0.015 0.187 0.509 
  21 V _   0.006 0.256 0.001 0.022 0.007 0.015 0.179 0.514 
  22 P _   0.006 0.260 0.001 0.022 0.007 0.015 0.170 0.517 
  23 S _   0.006 0.264 0.001 0.023 0.008 0.015 0.163 0.520 
  24 C _   0.007 0.267 0.001 0.023 0.008 0.015 0.156 0.523 
  25 T _   0.007 0.269 0.001 0.024 0.008 0.015 0.150 0.526 
  26 L _   0.007 0.269 0.001 0.024 0.008 0.015 0.145 0.532 
  27 S _   0.007 0.267 0.001 0.023 0.008 0.014 0.140 0.540 
  28 S _   0.007 0.262 0.001 0.022 0.008 0.014 0.136 0.551 
  29 A _   0.007 0.256 0.001 0.020 0.007 0.014 0.132 0.564 
  30 A _   0.007 0.248 0.001 0.018 0.007 0.014 0.128 0.578 
  31 S _   0.008 0.239 0.001 0.016 0.006 0.013 0.125 0.592 
  32 G _   0.008 0.231 0.001 0.014 0.006 0.014 0.122 0.605 
  33 I _   0.009 0.225 0.001 0.013 0.006 0.014 0.120 0.614 
  34 K _   0.009 0.220 0.001 0.012 0.006 0.014 0.117 0.621 
  35 R _   0.009 0.217 0.001 0.013 0.006 0.015 0.114 0.624 
  36 P _   0.010 0.215 0.001 0.015 0.007 0.016 0.112 0.624 
  37 M _   0.011 0.215 0.001 0.017 0.008 0.017 0.110 0.622 
  38 A _   0.011 0.214 0.001 0.020 0.009 0.017 0.107 0.620 
  39 S _   0.012 0.213 0.001 0.022 0.009 0.018 0.106 0.619 
  40 E _   0.012 0.210 0.001 0.024 0.010 0.018 0.104 0.620 
  41 V _   0.013 0.205 0.001 0.025 0.010 0.017 0.103 0.626 
  42 L _   0.013 0.196 0.001 0.024 0.010 0.017 0.103 0.636 
  43 E _   0.013 0.182 0.001 0.022 0.009 0.016 0.102 0.654 
  44 A _   0.013 0.164 0.001 0.019 0.008 0.016 0.103 0.677 
  45 R _   0.012 0.144 0.001 0.015 0.007 0.015 0.103 0.702 
  46 Q _   0.012 0.125 0.001 0.012 0.006 0.015 0.103 0.726 
  47 D _   0.012 0.111 0.001 0.009 0.005 0.015 0.103 0.744 
  48 S _   0.012 0.101 0.001 0.008 0.005 0.015 0.103 0.756 
  49 Y _   0.012 0.097 0.001 0.007 0.005 0.015 0.103 0.760 
  50 I _   0.013 0.096 0.001 0.008 0.005 0.016 0.103 0.759 
  51 S _   0.014 0.098 0.001 0.009 0.006 0.017 0.103 0.753 
  52 L _   0.015 0.102 0.001 0.012 0.007 0.018 0.102 0.743 
  53 V _   0.015 0.108 0.001 0.016 0.009 0.020 0.101 0.731 
  54 P _   0.016 0.115 0.001 0.020 0.010 0.021 0.100 0.717 
  55 Y _   0.016 0.122 0.001 0.024 0.011 0.021 0.100 0.705 
  56 A _   0.016 0.128 0.001 0.028 0.013 0.022 0.100 0.694 
  57 S _   0.015 0.131 0.001 0.031 0.013 0.022 0.100 0.687 
  58 G _   0.015 0.133 0.001 0.033 0.013 0.021 0.100 0.684 
  59 M _   0.014 0.132 0.001 0.034 0.013 0.020 0.101 0.684 
  60 P _   0.014 0.130 0.001 0.034 0.012 0.019 0.102 0.688 
  61 I _   0.013 0.124 0.001 0.033 0.011 0.018 0.104 0.696 
  62 K _   0.012 0.116 0.001 0.030 0.010 0.017 0.107 0.707 
  63 K _   0.011 0.105 0.001 0.027 0.009 0.015 0.109 0.723 
  64 I _   0.011 0.091 0.001 0.024 0.007 0.013 0.112 0.741 
  65 G _   0.010 0.075 0.001 0.020 0.006 0.012 0.115 0.761 
  66 H _   0.009 0.059 0.001 0.016 0.005 0.011 0.118 0.781 
  67 R _   0.008 0.045 0.001 0.013 0.004 0.009 0.121 0.799 
  68 S _   0.007 0.033 0.000 0.011 0.003 0.008 0.123 0.813 
  69 V _   0.007 0.024 0.000 0.009 0.003 0.008 0.125 0.824 
  70 D _   0.006 0.018 0.000 0.008 0.003 0.007 0.127 0.830 
  71 S _   0.006 0.014 0.000 0.008 0.002 0.007 0.128 0.835 
  72 S _   0.005 0.011 0.000 0.007 0.002 0.007 0.129 0.837 
  73 G _   0.005 0.009 0.000 0.008 0.002 0.007 0.130 0.839 
  74 E _   0.005 0.007 0.000 0.008 0.002 0.007 0.130 0.840 
  75 T _   0.005 0.005 0.000 0.008 0.002 0.007 0.130 0.842 
  76 T _   0.005 0.004 0.000 0.007 0.002 0.008 0.129 0.844 
  77 Y _   0.005 0.003 0.000 0.007 0.002 0.008 0.129 0.846 
  78 K _   0.005 0.002 0.000 0.006 0.002 0.009 0.128 0.848 
  79 K _   0.006 0.002 0.000 0.005 0.002 0.010 0.126 0.849 
  80 T _   0.008 0.001 0.000 0.005 0.002 0.012 0.125 0.847 
  81 T _   0.012 0.001 0.000 0.004 0.003 0.015 0.122 0.842 
  82 S _   0.020 0.001 0.000 0.004 0.004 0.020 0.120 0.831 
  83 S _   0.034 0.001 0.001 0.005 0.006 0.027 0.116 0.810 
  84 A _   0.056 0.002 0.001 0.006 0.011 0.036 0.113 0.776 
  85 L _   0.086 0.004 0.001 0.008 0.019 0.047 0.108 0.728 
  86 K _   0.121 0.008 0.002 0.011 0.030 0.059 0.103 0.667 
  87 G _   0.158 0.014 0.002 0.015 0.045 0.069 0.098 0.598 
  88 A _   0.192 0.023 0.003 0.019 0.059 0.077 0.094 0.534 
  89 I _   0.219 0.033 0.003 0.023 0.070 0.081 0.092 0.479 
  90 Q _   0.238 0.043 0.003 0.028 0.077 0.081 0.090 0.440 
  91 L _   0.249 0.049 0.003 0.032 0.079 0.080 0.090 0.419 
  92 G _   0.250 0.053 0.003 0.035 0.077 0.076 0.090 0.415 
  93 I _   0.244 0.054 0.003 0.036 0.072 0.070 0.092 0.429 
  94 T _   0.229 0.053 0.003 0.036 0.063 0.063 0.094 0.458 
  95 H _   0.205 0.048 0.003 0.033 0.052 0.055 0.098 0.505 
  96 T _   0.176 0.040 0.003 0.029 0.039 0.047 0.102 0.564 
  97 V _   0.144 0.031 0.002 0.023 0.027 0.039 0.106 0.628 
  98 G _   0.112 0.020 0.001 0.016 0.017 0.031 0.111 0.691 
  99 S _   0.082 0.012 0.001 0.011 0.010 0.024 0.114 0.746 
 100 L _   0.057 0.006 0.001 0.007 0.006 0.018 0.116 0.788 
 101 S _   0.039 0.003 0.000 0.004 0.004 0.015 0.118 0.817 
 102 T _   0.026 0.002 0.000 0.003 0.003 0.012 0.119 0.835 
 103 K _   0.019 0.001 0.000 0.002 0.002 0.011 0.119 0.845 
 104 P _   0.015 0.002 0.000 0.002 0.002 0.011 0.118 0.850 
 105 E _   0.013 0.002 0.000 0.003 0.002 0.012 0.118 0.849 
 106 R _   0.014 0.005 0.000 0.004 0.003 0.015 0.116 0.841 
 107 D _   0.016 0.013 0.001 0.007 0.005 0.019 0.114 0.825 
 108 V _   0.019 0.030 0.001 0.011 0.009 0.023 0.112 0.795 
 109 L _   0.022 0.058 0.001 0.017 0.013 0.028 0.108 0.753 
 110 M _   0.023 0.096 0.002 0.025 0.017 0.031 0.105 0.702 
 111 Q _   0.024 0.137 0.002 0.032 0.021 0.034 0.101 0.649 
 112 D _   0.025 0.174 0.002 0.039 0.024 0.035 0.098 0.603 
 113 F _   0.025 0.203 0.002 0.044 0.026 0.036 0.096 0.569 
 114 Y _   0.025 0.223 0.002 0.049 0.026 0.035 0.094 0.546 
 115 V _   0.025 0.236 0.002 0.052 0.026 0.034 0.094 0.532 
 116 V _   0.025 0.242 0.002 0.053 0.025 0.032 0.094 0.527 
 117 E _   0.024 0.243 0.002 0.053 0.023 0.030 0.095 0.531 
 118 S _   0.023 0.239 0.002 0.050 0.020 0.028 0.096 0.542 
 119 I _   0.021 0.228 0.001 0.046 0.018 0.025 0.099 0.562 
 120 F _   0.019 0.209 0.001 0.040 0.015 0.022 0.101 0.591 
 121 F _   0.018 0.184 0.001 0.034 0.012 0.019 0.105 0.627 
 122 P _   0.016 0.153 0.001 0.027 0.010 0.017 0.109 0.667 
 123 S _   0.014 0.121 0.001 0.021 0.008 0.015 0.112 0.708 
 124 E _   0.012 0.093 0.001 0.017 0.006 0.013 0.116 0.744 
 125 G _   0.010 0.070 0.001 0.013 0.004 0.011 0.119 0.773 
 126 S _   0.009 0.054 0.000 0.010 0.003 0.009 0.121 0.793 
 127 N _   0.008 0.043 0.000 0.008 0.003 0.008 0.122 0.807 
 128 L _   0.007 0.036 0.000 0.007 0.002 0.008 0.123 0.817 
 129 T _   0.006 0.031 0.000 0.006 0.002 0.007 0.124 0.823 
 130 P _   0.005 0.029 0.000 0.006 0.002 0.007 0.124 0.827 
 131 A _   0.005 0.027 0.000 0.006 0.002 0.007 0.123 0.830 
 132 H _   0.005 0.027 0.000 0.006 0.002 0.007 0.122 0.831 
 133 H _   0.005 0.027 0.000 0.006 0.002 0.008 0.121 0.832 
 134 Y _   0.005 0.029 0.000 0.006 0.002 0.009 0.119 0.830 
 135 N _   0.005 0.032 0.000 0.007 0.003 0.010 0.116 0.826 
 136 D _   0.006 0.037 0.000 0.008 0.003 0.013 0.114 0.819 
 137 F _   0.008 0.045 0.001 0.010 0.005 0.016 0.110 0.807 
 138 R _   0.010 0.057 0.001 0.012 0.006 0.019 0.106 0.789 
 139 F _   0.012 0.075 0.001 0.015 0.009 0.023 0.102 0.763 
 140 K _   0.014 0.099 0.001 0.019 0.012 0.028 0.097 0.729 
 141 T _   0.017 0.130 0.001 0.024 0.016 0.032 0.092 0.688 
 142 Y _   0.019 0.166 0.002 0.029 0.020 0.035 0.087 0.642 
 143 A _   0.021 0.205 0.002 0.034 0.023 0.038 0.082 0.595 
 144 P _   0.023 0.241 0.002 0.039 0.026 0.040 0.078 0.552 
 145 V _   0.025 0.271 0.002 0.043 0.028 0.040 0.075 0.516 
 146 A _   0.026 0.292 0.002 0.048 0.030 0.040 0.072 0.490 
 147 F _   0.026 0.306 0.002 0.052 0.030 0.039 0.070 0.476 
 148 R _   0.026 0.312 0.002 0.054 0.029 0.037 0.069 0.470 
 149 Y _   0.025 0.312 0.002 0.055 0.027 0.035 0.069 0.475 
 150 F _   0.024 0.305 0.002 0.054 0.025 0.032 0.069 0.489 
 151 R _   0.023 0.291 0.002 0.050 0.022 0.029 0.070 0.514 
 152 E _   0.021 0.266 0.002 0.044 0.019 0.026 0.072 0.551 
 153 L _   0.020 0.228 0.002 0.037 0.016 0.023 0.074 0.601 
 154 F _   0.018 0.181 0.002 0.029 0.012 0.020 0.076 0.662 
 155 G _   0.016 0.131 0.001 0.022 0.009 0.017 0.078 0.725 
 156 I _   0.014 0.088 0.001 0.015 0.007 0.015 0.080 0.780 
 157 R _   0.012 0.057 0.001 0.010 0.005 0.013 0.082 0.821 
 158 P _   0.010 0.039 0.000 0.007 0.003 0.012 0.082 0.846 
 159 D _   0.008 0.031 0.000 0.005 0.003 0.011 0.082 0.860 
 160 D _   0.008 0.027 0.000 0.004 0.002 0.012 0.082 0.865 
 161 Y _   0.008 0.026 0.000 0.004 0.003 0.013 0.080 0.865 
 162 L _   0.010 0.028 0.000 0.005 0.003 0.016 0.079 0.859 
 163 Y _   0.012 0.033 0.001 0.007 0.005 0.020 0.077 0.845 
 164 S _   0.015 0.045 0.001 0.012 0.008 0.025 0.074 0.820 
 165 L _   0.018 0.065 0.001 0.018 0.013 0.030 0.071 0.784 
 166 C _   0.022 0.092 0.002 0.025 0.018 0.035 0.067 0.740 
 167 S _   0.024 0.122 0.002 0.033 0.022 0.040 0.063 0.695 
 168 E _   0.027 0.147 0.002 0.039 0.026 0.043 0.060 0.657 
 169 P _   0.030 0.166 0.002 0.042 0.028 0.045 0.057 0.630 
 170 L _   0.032 0.178 0.002 0.043 0.029 0.046 0.055 0.614 
 171 I _   0.035 0.183 0.002 0.041 0.030 0.047 0.054 0.609 
 172 E _   0.036 0.185 0.002 0.038 0.029 0.046 0.052 0.611 
 173 L _   0.037 0.183 0.002 0.033 0.028 0.046 0.052 0.620 
 174 C _   0.038 0.178 0.002 0.029 0.026 0.044 0.051 0.631 
 175 S _   0.039 0.173 0.002 0.025 0.025 0.043 0.051 0.643 
 176 S _   0.039 0.168 0.001 0.024 0.023 0.041 0.051 0.654 
 177 G _   0.038 0.163 0.001 0.024 0.021 0.039 0.051 0.662 
 178 A _   0.038 0.159 0.001 0.024 0.020 0.037 0.051 0.669 
 179 S _   0.037 0.153 0.001 0.026 0.019 0.034 0.052 0.677 
 180 G _   0.035 0.146 0.001 0.027 0.018 0.032 0.053 0.688 
 181 S _   0.033 0.136 0.001 0.026 0.016 0.029 0.054 0.704 
 182 L _   0.030 0.123 0.001 0.024 0.014 0.026 0.055 0.727 
 183 F _   0.027 0.105 0.001 0.021 0.012 0.022 0.057 0.756 
 184 Y _   0.023 0.085 0.001 0.016 0.009 0.020 0.058 0.787 
 185 V _   0.020 0.066 0.001 0.013 0.007 0.017 0.060 0.816 
 186 S _   0.017 0.051 0.001 0.009 0.006 0.015 0.061 0.840 
 187 S _   0.015 0.042 0.001 0.007 0.004 0.014 0.062 0.856 
 188 D _   0.014 0.037 0.000 0.006 0.004 0.013 0.063 0.864 
 189 D _   0.013 0.035 0.000 0.006 0.004 0.013 0.063 0.866 
 190 E _   0.013 0.034 0.000 0.007 0.004 0.013 0.064 0.865 
 191 F _   0.013 0.036 0.001 0.008 0.004 0.013 0.064 0.861 
 192 I _   0.012 0.038 0.001 0.010 0.005 0.014 0.064 0.855 
 193 I _   0.013 0.041 0.001 0.012 0.006 0.015 0.064 0.848 
 194 K _   0.013 0.045 0.001 0.014 0.006 0.015 0.065 0.842 
 195 T _   0.012 0.048 0.001 0.015 0.007 0.015 0.065 0.838 
 196 V _   0.012 0.050 0.001 0.015 0.007 0.015 0.065 0.835 
 197 Q _   0.011 0.052 0.001 0.015 0.006 0.015 0.066 0.834 
 198 H _   0.011 0.054 0.001 0.014 0.006 0.015 0.066 0.833 
 199 K _   0.011 0.056 0.001 0.013 0.006 0.015 0.066 0.832 
 200 E _   0.011 0.058 0.001 0.014 0.006 0.015 0.067 0.828 
 201 A _   0.011 0.061 0.001 0.015 0.007 0.016 0.067 0.823 
 202 E _   0.012 0.065 0.001 0.016 0.007 0.016 0.068 0.816 
 203 F _   0.012 0.068 0.001 0.019 0.008 0.016 0.069 0.808 
 204 L _   0.012 0.072 0.001 0.021 0.008 0.017 0.069 0.800 
 205 Q _   0.012 0.075 0.001 0.024 0.009 0.017 0.070 0.792 
 206 K _   0.013 0.076 0.001 0.026 0.009 0.016 0.072 0.787 
 207 L _   0.012 0.076 0.001 0.027 0.009 0.016 0.073 0.785 
 208 L _   0.012 0.074 0.001 0.027 0.009 0.015 0.075 0.787 
 209 P _   0.012 0.069 0.001 0.026 0.008 0.014 0.078 0.791 
 210 G _   0.012 0.063 0.001 0.024 0.008 0.013 0.081 0.799 
 211 Y _   0.011 0.055 0.001 0.021 0.007 0.012 0.084 0.809 
 212 Y _   0.011 0.044 0.001 0.018 0.006 0.011 0.088 0.823 
 213 M _   0.010 0.033 0.001 0.014 0.005 0.010 0.091 0.837 
 214 N _   0.009 0.022 0.000 0.010 0.004 0.008 0.094 0.851 
 215 L _   0.008 0.014 0.000 0.007 0.003 0.007 0.097 0.863 
 216 N _   0.007 0.009 0.000 0.005 0.002 0.007 0.099 0.871 
 217 Q _   0.007 0.005 0.000 0.004 0.002 0.006 0.100 0.876 
 218 N _   0.006 0.004 0.000 0.003 0.002 0.006 0.101 0.878 
 219 P _   0.006 0.003 0.000 0.003 0.002 0.007 0.102 0.877 
 220 R _   0.007 0.003 0.000 0.003 0.002 0.009 0.102 0.874 
 221 T _   0.008 0.004 0.000 0.004 0.003 0.011 0.101 0.869 
 222 L _   0.010 0.005 0.000 0.006 0.004 0.014 0.100 0.861 
 223 L _   0.011 0.009 0.001 0.008 0.005 0.017 0.099 0.849 
 224 P _   0.014 0.014 0.001 0.012 0.008 0.021 0.098 0.832 
 225 K _   0.016 0.022 0.001 0.017 0.011 0.026 0.096 0.812 
 226 F _   0.018 0.029 0.001 0.023 0.014 0.030 0.094 0.792 
 227 Y _   0.020 0.037 0.001 0.028 0.017 0.033 0.092 0.772 
 228 G _   0.022 0.042 0.001 0.032 0.020 0.036 0.091 0.755 
 229 L _   0.023 0.046 0.002 0.035 0.021 0.038 0.090 0.745 
 230 Y _   0.025 0.047 0.002 0.035 0.022 0.039 0.090 0.740 
 231 C _   0.027 0.047 0.002 0.033 0.022 0.039 0.090 0.742 
 232 V _   0.029 0.044 0.001 0.029 0.020 0.039 0.090 0.748 
 233 Q _   0.031 0.040 0.001 0.024 0.019 0.039 0.091 0.756 
 234 A _   0.033 0.036 0.001 0.019 0.017 0.038 0.091 0.764 
 235 G _   0.035 0.031 0.001 0.015 0.016 0.038 0.092 0.771 
 236 G _   0.038 0.028 0.001 0.012 0.015 0.039 0.094 0.773 
 237 K _   0.042 0.026 0.001 0.011 0.016 0.039 0.095 0.771 
 238 N _   0.045 0.025 0.001 0.012 0.016 0.039 0.097 0.765 
 239 I _   0.049 0.025 0.001 0.013 0.017 0.040 0.099 0.757 
 240 R _   0.051 0.025 0.001 0.016 0.019 0.039 0.101 0.748 
 241 I _   0.052 0.026 0.001 0.018 0.019 0.039 0.104 0.741 
 242 V _   0.051 0.026 0.001 0.020 0.019 0.037 0.107 0.738 
 243 V _   0.049 0.026 0.001 0.021 0.018 0.035 0.111 0.739 
 244 M _   0.046 0.025 0.001 0.020 0.017 0.033 0.115 0.743 
 245 N _   0.043 0.023 0.001 0.018 0.015 0.030 0.119 0.751 
 246 N _   0.039 0.020 0.001 0.016 0.013 0.028 0.123 0.760 
 247 L _   0.035 0.017 0.001 0.013 0.011 0.025 0.128 0.769 
 248 L _   0.032 0.015 0.001 0.011 0.009 0.023 0.132 0.777 
 249 P _   0.029 0.013 0.001 0.010 0.008 0.021 0.137 0.782 
 250 R _   0.026 0.011 0.001 0.010 0.007 0.019 0.141 0.785 
 251 S _   0.023 0.011 0.001 0.010 0.007 0.018 0.146 0.785 
 252 V _   0.021 0.010 0.001 0.011 0.006 0.017 0.150 0.784 
 253 K _   0.020 0.010 0.001 0.011 0.006 0.015 0.155 0.782 
 254 M _   0.018 0.010 0.001 0.012 0.006 0.014 0.159 0.780 
 255 H _   0.016 0.009 0.001 0.012 0.005 0.013 0.164 0.779 
 256 I _   0.014 0.009 0.001 0.012 0.005 0.012 0.168 0.778 
 257 K _   0.013 0.008 0.001 0.012 0.005 0.011 0.173 0.778 
 258 Y _   0.012 0.007 0.000 0.011 0.004 0.010 0.177 0.779 
 259 D _   0.011 0.006 0.000 0.010 0.003 0.009 0.181 0.780 
 260 L _   0.010 0.006 0.000 0.009 0.003 0.008 0.185 0.779 
 261 K _   0.009 0.005 0.000 0.008 0.003 0.008 0.188 0.779 
 262 G _   0.008 0.004 0.000 0.008 0.003 0.007 0.192 0.778 
 263 S _   0.008 0.004 0.000 0.007 0.002 0.007 0.195 0.777 
 264 T _   0.008 0.003 0.000 0.007 0.002 0.006 0.197 0.776 
 265 Y _   0.007 0.003 0.000 0.007 0.002 0.006 0.200 0.775 
 266 K _   0.007 0.002 0.000 0.006 0.002 0.006 0.201 0.776 
 267 R _   0.006 0.002 0.000 0.006 0.002 0.005 0.202 0.777 
 268 R _   0.005 0.002 0.000 0.005 0.002 0.005 0.202 0.779 
 269 A _   0.005 0.002 0.000 0.005 0.001 0.005 0.201 0.781 
 270 S _   0.004 0.002 0.000 0.004 0.001 0.005 0.200 0.783 
 271 Q _   0.004 0.003 0.000 0.004 0.001 0.005 0.198 0.784 
 272 K _   0.004 0.003 0.000 0.005 0.001 0.005 0.196 0.785 
 273 E _   0.004 0.005 0.000 0.006 0.002 0.006 0.193 0.786 
 274 R _   0.004 0.007 0.000 0.007 0.002 0.006 0.189 0.785 
 275 E _   0.004 0.010 0.000 0.009 0.002 0.007 0.185 0.783 
 276 K _   0.004 0.014 0.000 0.011 0.003 0.008 0.180 0.780 
 277 P _   0.005 0.018 0.000 0.013 0.004 0.009 0.174 0.776 
 278 L _   0.005 0.023 0.001 0.016 0.004 0.010 0.169 0.773 
 279 P _   0.005 0.028 0.001 0.018 0.005 0.010 0.164 0.770 
 280 T _   0.005 0.032 0.001 0.019 0.005 0.011 0.159 0.769 
 281 F _   0.005 0.035 0.001 0.019 0.005 0.011 0.155 0.769 
 282 K _   0.006 0.038 0.001 0.020 0.006 0.012 0.151 0.769 
 283 D _   0.006 0.039 0.001 0.020 0.006 0.012 0.148 0.769 
 284 L _   0.006 0.041 0.001 0.020 0.006 0.012 0.145 0.770 
 285 D _   0.007 0.041 0.001 0.019 0.006 0.013 0.142 0.771 
 286 F _   0.007 0.042 0.001 0.019 0.006 0.013 0.140 0.773 
 287 L _   0.007 0.041 0.001 0.018 0.006 0.013 0.138 0.776 
 288 Q _   0.008 0.041 0.001 0.018 0.006 0.013 0.136 0.778 
 289 D _   0.008 0.040 0.001 0.017 0.006 0.013 0.134 0.782 
 290 I _   0.008 0.038 0.001 0.016 0.006 0.013 0.133 0.785 
 291 P _   0.008 0.037 0.001 0.016 0.006 0.013 0.131 0.788 
 292 D _   0.009 0.035 0.001 0.015 0.006 0.013 0.130 0.791 
 293 G _   0.009 0.033 0.001 0.015 0.006 0.013 0.129 0.794 
 294 L _   0.009 0.031 0.001 0.015 0.006 0.013 0.128 0.797 
 295 F _   0.009 0.029 0.001 0.014 0.006 0.014 0.127 0.800 
 296 L _   0.009 0.027 0.001 0.014 0.006 0.014 0.126 0.804 
 297 D _   0.009 0.024 0.001 0.013 0.006 0.014 0.126 0.808 
 298 A _   0.009 0.022 0.001 0.012 0.005 0.014 0.125 0.812 
 299 D _   0.010 0.019 0.001 0.012 0.005 0.014 0.124 0.815 
 300 M _   0.010 0.017 0.001 0.011 0.006 0.015 0.123 0.817 
 301 Y _   0.011 0.015 0.001 0.011 0.006 0.015 0.123 0.819 
 302 N _   0.012 0.014 0.001 0.011 0.006 0.016 0.122 0.819 
 303 A _   0.013 0.012 0.001 0.011 0.006 0.017 0.121 0.819 
 304 L _   0.014 0.011 0.001 0.011 0.006 0.018 0.121 0.819 
 305 C _   0.015 0.009 0.001 0.011 0.007 0.019 0.120 0.819 
 306 K _   0.016 0.008 0.001 0.010 0.007 0.020 0.120 0.818 
 307 T _   0.018 0.007 0.001 0.010 0.007 0.021 0.119 0.817 
 308 L _   0.020 0.006 0.001 0.010 0.008 0.023 0.119 0.814 
 309 Q _   0.023 0.005 0.001 0.009 0.008 0.024 0.118 0.811 
 310 R _   0.026 0.005 0.001 0.009 0.009 0.026 0.118 0.805 
 311 D _   0.030 0.004 0.001 0.010 0.010 0.028 0.118 0.799 
 312 C _   0.035 0.004 0.001 0.010 0.011 0.030 0.118 0.792 
 313 L _   0.040 0.004 0.001 0.010 0.012 0.032 0.118 0.783 
 314 V _   0.046 0.004 0.001 0.010 0.013 0.035 0.118 0.774 
 315 L _   0.052 0.003 0.001 0.010 0.013 0.036 0.118 0.765 
 316 Q _   0.059 0.003 0.001 0.010 0.014 0.038 0.118 0.756 
 317 S _   0.067 0.003 0.001 0.009 0.015 0.040 0.119 0.747 
 318 F _   0.074 0.003 0.001 0.008 0.016 0.042 0.119 0.737 
 319 K _   0.082 0.003 0.001 0.007 0.017 0.043 0.120 0.726 
 320 I _   0.089 0.004 0.001 0.007 0.019 0.045 0.121 0.713 
 321 M _   0.097 0.005 0.001 0.008 0.022 0.047 0.122 0.698 
 322 D _   0.102 0.007 0.001 0.010 0.025 0.049 0.124 0.681 
 323 Y _   0.107 0.010 0.002 0.013 0.028 0.049 0.126 0.665 
 324 S _   0.108 0.014 0.002 0.018 0.030 0.049 0.129 0.651 
 325 L _   0.106 0.018 0.002 0.022 0.031 0.047 0.133 0.641 
 326 L _   0.100 0.021 0.002 0.027 0.030 0.045 0.137 0.639 
 327 M _   0.092 0.022 0.002 0.029 0.028 0.041 0.142 0.644 
 328 S _   0.082 0.023 0.002 0.029 0.025 0.037 0.147 0.655 
 329 I _   0.071 0.022 0.002 0.028 0.020 0.032 0.154 0.672 
 330 H _   0.060 0.019 0.001 0.024 0.016 0.027 0.160 0.692 
 331 N _   0.049 0.016 0.001 0.020 0.012 0.023 0.166 0.713 
 332 I _   0.040 0.012 0.001 0.015 0.008 0.019 0.173 0.732 
 333 D _   0.031 0.009 0.001 0.012 0.006 0.015 0.178 0.748 
 334 H _   0.024 0.006 0.001 0.009 0.004 0.012 0.183 0.761 
 335 A _   0.019 0.004 0.000 0.006 0.003 0.010 0.187 0.770 
 336 Q _   0.015 0.003 0.000 0.005 0.002 0.009 0.190 0.775 
 337 R _   0.012 0.002 0.000 0.004 0.002 0.007 0.193 0.779 
 338 E _   0.010 0.002 0.000 0.004 0.002 0.007 0.195 0.780 
 339 P _   0.008 0.002 0.000 0.005 0.002 0.007 0.196 0.780 
 340 L _   0.008 0.002 0.000 0.005 0.002 0.007 0.197 0.779 
 341 S _   0.007 0.002 0.000 0.006 0.002 0.007 0.197 0.778 
 342 S _   0.007 0.003 0.000 0.007 0.002 0.007 0.198 0.776 
 343 E _   0.007 0.003 0.000 0.008 0.002 0.007 0.197 0.775 
 344 T _   0.006 0.004 0.000 0.009 0.003 0.007 0.197 0.775 
 345 Q _   0.006 0.004 0.000 0.009 0.003 0.007 0.196 0.775 
 346 Y _   0.005 0.005 0.000 0.009 0.002 0.007 0.195 0.777 
 347 S _   0.005 0.005 0.000 0.008 0.002 0.006 0.194 0.779 
 348 V _   0.005 0.006 0.000 0.007 0.002 0.006 0.192 0.782 
 349 D _   0.005 0.006 0.000 0.006 0.002 0.006 0.190 0.784 
 350 T _   0.004 0.007 0.000 0.006 0.002 0.006 0.188 0.786 
 351 R _   0.005 0.009 0.000 0.005 0.002 0.007 0.185 0.787 
 352 R _   0.005 0.012 0.000 0.006 0.002 0.008 0.181 0.786 
 353 P _   0.005 0.017 0.000 0.007 0.003 0.010 0.176 0.782 
 354 A _   0.006 0.027 0.000 0.009 0.004 0.012 0.170 0.771 
 355 P _   0.008 0.045 0.001 0.013 0.006 0.015 0.163 0.751 
 356 Q _   0.009 0.075 0.001 0.017 0.008 0.018 0.153 0.717 
 357 K _   0.011 0.119 0.001 0.023 0.011 0.021 0.143 0.671 
 358 A _   0.011 0.174 0.002 0.030 0.014 0.023 0.132 0.614 
 359 L _   0.011 0.231 0.002 0.036 0.016 0.024 0.121 0.558 
 360 Y _   0.011 0.281 0.002 0.040 0.017 0.024 0.113 0.512 
 361 S _   0.011 0.319 0.002 0.044 0.017 0.024 0.106 0.478 
 362 T _   0.010 0.346 0.001 0.046 0.017 0.023 0.101 0.455 
 363 A _   0.010 0.363 0.001 0.047 0.016 0.022 0.097 0.444 
 364 M _   0.010 0.371 0.001 0.046 0.015 0.021 0.094 0.441 
 365 E _   0.010 0.374 0.001 0.044 0.014 0.020 0.092 0.444 
 366 S _   0.010 0.372 0.001 0.040 0.013 0.019 0.091 0.454 
 367 I _   0.010 0.365 0.001 0.037 0.012 0.018 0.090 0.468 
 368 Q _   0.010 0.353 0.001 0.034 0.011 0.017 0.090 0.485 
 369 G _   0.010 0.337 0.001 0.031 0.010 0.016 0.090 0.505 
 370 E _   0.010 0.317 0.001 0.029 0.009 0.015 0.091 0.527 
 371 A _   0.011 0.294 0.001 0.027 0.009 0.015 0.092 0.552 
 372 R _   0.011 0.267 0.001 0.026 0.008 0.014 0.093 0.580 
 373 R _   0.010 0.237 0.001 0.024 0.008 0.013 0.095 0.611 
 374 G _   0.010 0.206 0.001 0.023 0.007 0.013 0.097 0.643 
 375 G _   0.010 0.173 0.001 0.021 0.007 0.012 0.099 0.678 
 376 T _   0.009 0.141 0.001 0.019 0.006 0.011 0.101 0.712 
 377 M _   0.009 0.111 0.001 0.016 0.005 0.010 0.103 0.745 
 378 E _   0.008 0.084 0.001 0.014 0.004 0.009 0.105 0.775 
 379 T _   0.007 0.063 0.001 0.012 0.004 0.009 0.107 0.799 
 380 D _   0.006 0.047 0.000 0.010 0.003 0.008 0.108 0.816 
 381 D _   0.006 0.036 0.000 0.010 0.003 0.008 0.109 0.829 
 382 H _   0.006 0.027 0.000 0.009 0.003 0.007 0.109 0.839 
 383 M _   0.005 0.021 0.000 0.009 0.002 0.007 0.109 0.846 
 384 G _   0.005 0.016 0.000 0.008 0.002 0.007 0.109 0.852 
 385 G _   0.005 0.012 0.000 0.008 0.002 0.007 0.108 0.858 
 386 I _   0.005 0.008 0.000 0.007 0.002 0.007 0.107 0.863 
 387 P _   0.006 0.005 0.000 0.006 0.002 0.007 0.105 0.868 
 388 A _   0.007 0.003 0.000 0.005 0.002 0.008 0.103 0.872 
 389 R _   0.009 0.002 0.000 0.004 0.002 0.009 0.100 0.873 
 390 N _   0.015 0.001 0.000 0.004 0.002 0.011 0.097 0.870 
 391 S _   0.026 0.000 0.000 0.003 0.003 0.014 0.093 0.860 
 392 K _   0.047 0.000 0.000 0.003 0.004 0.020 0.089 0.836 
 393 G _   0.084 0.000 0.001 0.004 0.007 0.027 0.083 0.794 
 394 E _   0.141 0.000 0.001 0.004 0.012 0.037 0.076 0.729 
 395 R _   0.211 0.000 0.001 0.005 0.021 0.047 0.068 0.646 
 396 L _   0.286 0.001 0.002 0.007 0.031 0.056 0.061 0.556 
 397 L _   0.358 0.001 0.002 0.008 0.043 0.064 0.055 0.469 
 398 L H   0.416 0.001 0.002 0.010 0.053 0.068 0.050 0.400 
 399 Y H   0.460 0.002 0.002 0.010 0.059 0.069 0.047 0.351 
 400 I H   0.491 0.002 0.003 0.010 0.062 0.068 0.045 0.319 
 401 G H   0.511 0.002 0.003 0.010 0.062 0.065 0.043 0.304 
 402 I H   0.520 0.002 0.002 0.009 0.060 0.061 0.043 0.302 
 403 I H   0.518 0.002 0.002 0.009 0.056 0.057 0.043 0.313 
 404 D H   0.505 0.002 0.002 0.008 0.050 0.053 0.044 0.337 
 405 I H   0.477 0.001 0.002 0.007 0.044 0.048 0.045 0.375 
 406 L H   0.436 0.001 0.002 0.007 0.036 0.044 0.047 0.427 
 407 Q _   0.384 0.001 0.002 0.006 0.029 0.040 0.049 0.489 
 408 S _   0.324 0.001 0.002 0.006 0.023 0.036 0.052 0.558 
 409 Y _   0.263 0.000 0.001 0.006 0.017 0.032 0.055 0.625 
 410 R _   0.207 0.000 0.001 0.006 0.013 0.028 0.058 0.686 
 411 F _   0.159 0.000 0.001 0.006 0.010 0.026 0.060 0.738 
 412 V _   0.120 0.001 0.001 0.006 0.008 0.023 0.062 0.780 
 413 K _   0.089 0.001 0.001 0.006 0.007 0.021 0.064 0.811 
 414 K _   0.066 0.001 0.001 0.007 0.006 0.019 0.065 0.835 
 415 L _   0.049 0.002 0.001 0.008 0.006 0.018 0.066 0.851 
 416 E _   0.037 0.003 0.001 0.009 0.006 0.017 0.067 0.861 
 417 H _   0.029 0.004 0.001 0.011 0.006 0.016 0.068 0.866 
 418 S _   0.023 0.005 0.001 0.012 0.006 0.016 0.068 0.868 
 419 W _   0.019 0.006 0.001 0.014 0.007 0.015 0.069 0.869 
 420 K _   0.017 0.007 0.001 0.015 0.007 0.014 0.070 0.870 
 421 A _   0.015 0.008 0.001 0.015 0.006 0.014 0.070 0.871 
 422 L _   0.013 0.008 0.001 0.014 0.006 0.013 0.071 0.874 
 423 V _   0.012 0.008 0.001 0.013 0.005 0.012 0.072 0.877 
 424 H _   0.011 0.008 0.001 0.011 0.004 0.011 0.073 0.882 
 425 D _   0.010 0.008 0.000 0.009 0.004 0.011 0.073 0.885 
 426 G _   0.009 0.008 0.000 0.007 0.003 0.011 0.074 0.888 
 427 D _   0.009 0.008 0.000 0.006 0.003 0.011 0.074 0.888 
 428 T _   0.010 0.009 0.000 0.005 0.003 0.012 0.074 0.886 
 429 V _   0.010 0.012 0.000 0.006 0.004 0.014 0.074 0.880 
 430 S _   0.012 0.016 0.001 0.007 0.005 0.017 0.073 0.870 
 431 V _   0.014 0.025 0.001 0.009 0.006 0.020 0.073 0.852 
 432 H _   0.016 0.040 0.001 0.013 0.009 0.024 0.071 0.826 
 433 R _   0.018 0.063 0.001 0.017 0.012 0.028 0.070 0.791 
 434 P _   0.020 0.091 0.001 0.022 0.015 0.032 0.068 0.750 
 435 G _   0.022 0.122 0.002 0.026 0.018 0.035 0.067 0.709 
 436 F _   0.023 0.149 0.002 0.029 0.020 0.037 0.066 0.674 
 437 Y _   0.024 0.171 0.002 0.031 0.022 0.039 0.065 0.647 
 438 A _   0.025 0.189 0.002 0.031 0.023 0.040 0.064 0.627 
 439 E _   0.027 0.201 0.002 0.030 0.023 0.040 0.064 0.613 
 440 R _   0.028 0.211 0.001 0.029 0.023 0.041 0.064 0.603 
 441 F _   0.029 0.218 0.001 0.028 0.023 0.040 0.065 0.595 
 442 Q _   0.030 0.224 0.001 0.027 0.023 0.040 0.065 0.589 
 443 R _   0.031 0.229 0.001 0.027 0.023 0.039 0.066 0.582 
 444 F _   0.032 0.234 0.001 0.029 0.023 0.038 0.068 0.576 
 445 M _   0.033 0.237 0.001 0.031 0.022 0.036 0.069 0.570 
 446 C _   0.032 0.239 0.001 0.034 0.021 0.034 0.071 0.566 
 447 N _   0.031 0.239 0.001 0.037 0.020 0.031 0.074 0.566 
 448 T _   0.030 0.234 0.001 0.039 0.019 0.029 0.077 0.572 
 449 V _   0.028 0.225 0.001 0.038 0.017 0.026 0.081 0.584 
 450 F _   0.026 0.210 0.001 0.036 0.014 0.023 0.085 0.604 
 451 K _   0.024 0.187 0.001 0.032 0.012 0.020 0.090 0.634 
 452 K _   0.021 0.156 0.001 0.027 0.010 0.017 0.096 0.672 
 453 I _   0.018 0.122 0.001 0.020 0.008 0.015 0.102 0.714 
 454 P _   0.016 0.090 0.001 0.015 0.006 0.012 0.107 0.753 
 455 L _   0.013 0.067 0.001 0.010 0.004 0.010 0.112 0.784 
 456 K _   0.011 0.052 0.000 0.007 0.003 0.009 0.115 0.804 
 457 P _   0.009 0.044 0.000 0.005 0.002 0.007 0.117 0.816 
 458 S _   0.007 0.040 0.000 0.004 0.002 0.007 0.119 0.821 
 459 P _   0.006 0.039 0.000 0.004 0.002 0.007 0.120 0.822 
 460 S _   0.006 0.040 0.000 0.005 0.002 0.007 0.120 0.819 
 461 K _   0.006 0.044 0.000 0.007 0.002 0.008 0.120 0.813 
 462 K _   0.006 0.051 0.000 0.009 0.003 0.008 0.119 0.804 
 463 F _   0.006 0.061 0.000 0.012 0.004 0.009 0.117 0.790 
 464 R _   0.005 0.073 0.001 0.016 0.004 0.010 0.116 0.775 
 465 S _   0.005 0.086 0.001 0.019 0.005 0.010 0.114 0.760 
 466 G _   0.005 0.098 0.001 0.022 0.005 0.010 0.112 0.747 
 467 S _   0.005 0.107 0.001 0.024 0.005 0.010 0.111 0.738 
 468 S _   0.005 0.114 0.001 0.024 0.005 0.010 0.110 0.732 
 469 F _   0.004 0.118 0.001 0.023 0.005 0.009 0.110 0.730 
 470 S _   0.004 0.121 0.001 0.021 0.005 0.009 0.110 0.730 
 471 R _   0.004 0.122 0.001 0.019 0.004 0.008 0.110 0.732 
 472 R _   0.004 0.122 0.000 0.017 0.004 0.008 0.110 0.734 
 473 A _   0.004 0.123 0.000 0.015 0.003 0.008 0.111 0.736 
 474 G _   0.004 0.123 0.000 0.014 0.003 0.008 0.112 0.736 
 475 S _   0.004 0.124 0.000 0.014 0.003 0.008 0.112 0.734 
 476 S _   0.004 0.126 0.000 0.015 0.004 0.009 0.113 0.729 
 477 G _   0.005 0.128 0.001 0.016 0.004 0.009 0.114 0.722 
 478 N _   0.005 0.131 0.001 0.019 0.005 0.010 0.115 0.715 
 479 S _   0.006 0.133 0.001 0.022 0.005 0.010 0.117 0.707 
 480 C _   0.006 0.134 0.001 0.024 0.006 0.011 0.119 0.700 
 481 I _   0.006 0.134 0.001 0.025 0.006 0.011 0.121 0.696 
 482 T _   0.006 0.131 0.001 0.025 0.006 0.011 0.124 0.697 
 483 Y _   0.006 0.126 0.001 0.023 0.006 0.010 0.127 0.702 
 484 Q _   0.006 0.118 0.001 0.020 0.005 0.009 0.131 0.710 
 485 P _   0.005 0.109 0.001 0.016 0.004 0.009 0.135 0.720 
 486 S _   0.005 0.100 0.000 0.013 0.004 0.008 0.140 0.731 
 487 V _   0.005 0.092 0.000 0.010 0.003 0.008 0.144 0.738 
 488 S _   0.005 0.087 0.000 0.008 0.003 0.008 0.147 0.742 
 489 G _   0.005 0.084 0.000 0.007 0.003 0.008 0.150 0.743 
 490 E _   0.005 0.084 0.000 0.007 0.003 0.008 0.153 0.739 
 491 H _   0.006 0.085 0.000 0.008 0.003 0.009 0.156 0.733 
 492 K _   0.006 0.089 0.000 0.010 0.004 0.010 0.159 0.722 
 493 A _   0.007 0.094 0.001 0.013 0.005 0.011 0.161 0.709 
 494 Q _   0.007 0.100 0.001 0.016 0.005 0.012 0.163 0.695 
 495 V _   0.007 0.107 0.001 0.019 0.006 0.013 0.166 0.680 
 496 T _   0.008 0.113 0.001 0.022 0.007 0.014 0.169 0.667 
 497 T _   0.008 0.118 0.001 0.024 0.008 0.014 0.173 0.655 
 498 K _   0.008 0.121 0.001 0.026 0.008 0.015 0.177 0.645 
 499 A _   0.008 0.122 0.001 0.027 0.008 0.015 0.182 0.637 
 500 E _   0.008 0.122 0.001 0.027 0.009 0.015 0.188 0.631 
 501 V _   0.009 0.119 0.001 0.027 0.008 0.014 0.195 0.627 
 502 E _   0.009 0.115 0.001 0.026 0.008 0.014 0.203 0.624 
 503 P _   0.009 0.110 0.001 0.025 0.008 0.013 0.212 0.622 
 504 G _   0.009 0.103 0.001 0.024 0.008 0.013 0.222 0.620 
 505 V _   0.009 0.093 0.001 0.023 0.007 0.012 0.233 0.620 
 506 H _   0.009 0.082 0.001 0.021 0.007 0.012 0.246 0.622 
 507 L _   0.009 0.069 0.001 0.019 0.006 0.011 0.259 0.626 
 508 G _   0.009 0.056 0.001 0.016 0.005 0.010 0.273 0.630 
 509 R _   0.008 0.043 0.001 0.013 0.004 0.009 0.286 0.635 
 510 P _   0.008 0.032 0.001 0.010 0.004 0.008 0.299 0.639 
 511 D _   0.007 0.023 0.000 0.008 0.003 0.007 0.309 0.642 
 512 V _   0.006 0.017 0.000 0.007 0.002 0.007 0.319 0.643 
 513 L _   0.005 0.013 0.000 0.005 0.002 0.006 0.326 0.642 
 514 P _   0.005 0.010 0.000 0.005 0.002 0.006 0.333 0.638 
 515 Q _   0.005 0.009 0.000 0.005 0.002 0.006 0.339 0.634 
 516 T _   0.005 0.009 0.000 0.006 0.002 0.006 0.344 0.629 
 517 P _   0.005 0.008 0.000 0.007 0.002 0.006 0.348 0.623 
 518 P _   0.005 0.009 0.000 0.009 0.003 0.007 0.352 0.615 
 519 L _   0.005 0.009 0.000 0.011 0.003 0.007 0.357 0.609 
 520 E _   0.005 0.009 0.000 0.012 0.003 0.007 0.361 0.602 
 521 E _   0.005 0.009 0.000 0.013 0.003 0.007 0.365 0.597 
 522 I _   0.005 0.008 0.000 0.013 0.003 0.007 0.370 0.594 
 523 S _   0.004 0.007 0.000 0.011 0.003 0.006 0.374 0.593 
 524 E _   0.004 0.006 0.000 0.009 0.002 0.006 0.379 0.593 
 525 G _   0.004 0.005 0.000 0.007 0.002 0.005 0.383 0.593 
 526 S _   0.003 0.004 0.000 0.006 0.002 0.005 0.387 0.594 
 527 P _   0.003 0.003 0.000 0.004 0.001 0.004 0.390 0.594 
 528 I _   0.003 0.003 0.000 0.003 0.001 0.005 0.392 0.594 
 529 P _   0.003 0.003 0.000 0.003 0.001 0.005 0.392 0.593 
 530 D _   0.004 0.003 0.000 0.002 0.001 0.006 0.393 0.591 
 531 P _   0.005 0.004 0.000 0.003 0.002 0.009 0.392 0.586 
 532 S _   0.007 0.008 0.000 0.004 0.003 0.012 0.390 0.576 
 533 F _   0.010 0.015 0.001 0.006 0.005 0.017 0.387 0.559 
 534 S _   0.014 0.033 0.001 0.010 0.009 0.024 0.383 0.526 
 535 P _   0.018 0.069 0.001 0.016 0.015 0.032 0.376 0.472 
 536 L _   0.022 0.121 0.002 0.023 0.023 0.038 0.369 0.402 
 537 V X   0.024 0.183 0.002 0.029 0.029 0.042 0.362 0.328 
 538 G X   0.026 0.239 0.002 0.034 0.033 0.044 0.357 0.265 
 539 E X   0.026 0.279 0.002 0.037 0.035 0.045 0.355 0.222 
 540 T X   0.027 0.304 0.002 0.038 0.035 0.045 0.354 0.195 
 541 L X   0.028 0.318 0.002 0.038 0.035 0.044 0.355 0.181 
 542 Q X   0.028 0.324 0.002 0.036 0.034 0.042 0.359 0.175 
 543 M X   0.028 0.325 0.002 0.034 0.032 0.041 0.364 0.174 
 544 L X   0.029 0.321 0.002 0.031 0.030 0.039 0.370 0.179 
 545 T X   0.028 0.312 0.002 0.028 0.027 0.036 0.379 0.188 
 546 T X   0.028 0.299 0.002 0.024 0.024 0.034 0.389 0.199 
 547 S X   0.027 0.284 0.001 0.022 0.021 0.033 0.401 0.211 
 548 T X   0.026 0.267 0.001 0.020 0.018 0.031 0.414 0.222 
 549 T X   0.025 0.251 0.001 0.019 0.016 0.029 0.427 0.231 
 550 L X   0.024 0.236 0.001 0.019 0.014 0.027 0.441 0.238 
 551 E X   0.022 0.222 0.001 0.019 0.012 0.025 0.456 0.242 
 552 K X   0.020 0.209 0.001 0.020 0.011 0.023 0.471 0.245 
 553 L X   0.018 0.195 0.001 0.020 0.010 0.020 0.486 0.249 
 554 E X   0.015 0.181 0.001 0.020 0.009 0.018 0.502 0.254 
 555 V X   0.012 0.166 0.001 0.020 0.008 0.015 0.518 0.260 
 556 A X   0.009 0.149 0.001 0.019 0.007 0.012 0.535 0.267 
 557 E X   0.006 0.128 0.001 0.017 0.005 0.009 0.555 0.280 
 558 S X   0.004 0.101 0.001 0.013 0.003 0.005 0.576 0.298 
 559 E X   0.001 0.070 0.000 0.007 0.001 0.002 0.593 0.325 
 560 F X   0.000 0.048 0.000 0.004 0.000 0.001 0.600 0.347 
 561 T X   0.000 0.039 0.000 0.004 0.000 0.001 0.598 0.358 
 562 H X   0.002 0.035 0.001 0.010 0.003 0.003 0.588 0.358 
