#TopoPred_TM8: 8-state transmembrane topology prediction results by no_profile mode 
#probabilities are in the order of H E C I L F X _, the 8 transmembrane topology types used in PDBTM 
   1 M X   0.011 0.003 0.002 0.067 0.009 0.009 0.753 0.146 
   2 S X   0.004 0.002 0.000 0.044 0.002 0.005 0.774 0.168 
   3 G X   0.001 0.002 0.000 0.027 0.001 0.003 0.780 0.187 
   4 G X   0.001 0.003 0.000 0.019 0.001 0.003 0.777 0.197 
   5 G X   0.001 0.005 0.000 0.015 0.001 0.004 0.769 0.205 
   6 P X   0.001 0.008 0.000 0.014 0.001 0.005 0.757 0.214 
   7 S X   0.002 0.013 0.000 0.014 0.001 0.006 0.742 0.222 
   8 G X   0.002 0.022 0.000 0.016 0.002 0.008 0.720 0.230 
   9 G X   0.003 0.036 0.000 0.020 0.003 0.009 0.690 0.239 
  10 G X   0.003 0.058 0.001 0.027 0.004 0.011 0.652 0.245 
  11 P X   0.003 0.089 0.001 0.033 0.006 0.013 0.607 0.248 
  12 G X   0.003 0.128 0.001 0.040 0.007 0.014 0.559 0.247 
  13 G X   0.003 0.172 0.001 0.045 0.008 0.014 0.513 0.244 
  14 S X   0.003 0.214 0.001 0.047 0.009 0.014 0.472 0.240 
  15 G X   0.003 0.251 0.001 0.048 0.008 0.013 0.438 0.237 
  16 R X   0.003 0.282 0.001 0.047 0.008 0.012 0.411 0.236 
  17 A X   0.003 0.305 0.001 0.046 0.007 0.012 0.390 0.236 
  18 R X   0.002 0.322 0.001 0.045 0.007 0.011 0.374 0.238 
  19 T X   0.002 0.335 0.001 0.043 0.006 0.010 0.361 0.242 
  20 S X   0.002 0.343 0.001 0.042 0.006 0.009 0.351 0.247 
  21 S E   0.002 0.347 0.001 0.040 0.005 0.009 0.343 0.253 
  22 F E   0.002 0.349 0.001 0.037 0.005 0.008 0.337 0.261 
  23 A E   0.002 0.348 0.001 0.035 0.005 0.008 0.332 0.270 
  24 E E   0.003 0.343 0.001 0.031 0.004 0.007 0.329 0.282 
  25 P E   0.003 0.335 0.001 0.027 0.004 0.007 0.326 0.297 
  26 G X   0.003 0.324 0.001 0.024 0.004 0.006 0.325 0.314 
  27 G _   0.003 0.309 0.000 0.020 0.003 0.006 0.323 0.334 
  28 G _   0.003 0.293 0.000 0.017 0.003 0.006 0.322 0.356 
  29 G _   0.003 0.276 0.000 0.014 0.003 0.006 0.321 0.377 
  30 G _   0.003 0.261 0.000 0.012 0.002 0.006 0.319 0.397 
  31 G _   0.003 0.249 0.000 0.010 0.002 0.005 0.317 0.414 
  32 G _   0.003 0.240 0.000 0.008 0.002 0.005 0.314 0.427 
  33 G _   0.003 0.235 0.000 0.008 0.002 0.005 0.311 0.437 
  34 G _   0.003 0.232 0.000 0.007 0.002 0.005 0.306 0.445 
  35 G _   0.003 0.232 0.000 0.008 0.002 0.005 0.299 0.451 
  36 P _   0.003 0.235 0.000 0.009 0.002 0.006 0.291 0.454 
  37 G _   0.002 0.240 0.000 0.010 0.002 0.006 0.282 0.456 
  38 G _   0.002 0.249 0.000 0.012 0.002 0.007 0.270 0.456 
  39 S _   0.003 0.261 0.000 0.015 0.003 0.008 0.257 0.454 
  40 A _   0.003 0.277 0.001 0.017 0.003 0.008 0.242 0.450 
  41 S _   0.003 0.297 0.001 0.019 0.004 0.009 0.225 0.443 
  42 G _   0.003 0.319 0.001 0.022 0.004 0.010 0.208 0.434 
  43 P _   0.003 0.345 0.001 0.023 0.005 0.010 0.190 0.423 
  44 G _   0.003 0.375 0.001 0.025 0.005 0.011 0.171 0.409 
  45 G E   0.003 0.408 0.001 0.026 0.006 0.012 0.153 0.392 
  46 T E   0.003 0.445 0.001 0.027 0.007 0.012 0.134 0.370 
  47 G E   0.004 0.488 0.001 0.028 0.008 0.013 0.116 0.343 
  48 G E   0.004 0.537 0.001 0.029 0.009 0.014 0.097 0.309 
  49 G E   0.004 0.594 0.001 0.030 0.011 0.014 0.079 0.267 
  50 K E   0.004 0.658 0.002 0.031 0.012 0.014 0.061 0.219 
  51 A E   0.004 0.723 0.002 0.031 0.012 0.012 0.046 0.170 
  52 S E   0.003 0.781 0.001 0.030 0.011 0.011 0.035 0.127 
  53 V E   0.003 0.826 0.001 0.029 0.009 0.009 0.028 0.096 
  54 G E   0.002 0.854 0.001 0.028 0.008 0.007 0.023 0.077 
  55 A E   0.002 0.870 0.001 0.027 0.006 0.006 0.021 0.068 
  56 M E   0.002 0.876 0.000 0.026 0.005 0.006 0.020 0.065 
  57 G E   0.002 0.877 0.000 0.026 0.005 0.005 0.019 0.067 
  58 G E   0.002 0.871 0.001 0.025 0.005 0.005 0.018 0.074 
  59 G E   0.002 0.855 0.001 0.024 0.005 0.005 0.018 0.089 
  60 V E   0.003 0.825 0.001 0.023 0.006 0.005 0.019 0.119 
  61 G E   0.004 0.775 0.001 0.022 0.006 0.006 0.020 0.166 
  62 A E   0.004 0.710 0.001 0.020 0.006 0.006 0.022 0.230 
  63 S E   0.005 0.641 0.001 0.017 0.005 0.007 0.024 0.300 
  64 S E   0.005 0.582 0.001 0.014 0.004 0.007 0.026 0.362 
  65 S E   0.004 0.541 0.000 0.012 0.003 0.006 0.027 0.406 
  66 G E   0.003 0.515 0.000 0.010 0.002 0.006 0.028 0.435 
  67 G E   0.003 0.499 0.000 0.009 0.002 0.006 0.028 0.453 
  68 G E   0.003 0.489 0.000 0.009 0.002 0.005 0.028 0.463 
  69 P E   0.002 0.484 0.000 0.010 0.002 0.005 0.028 0.469 
  70 G E   0.002 0.481 0.000 0.010 0.002 0.005 0.028 0.472 
  71 G E   0.002 0.480 0.000 0.011 0.002 0.005 0.027 0.474 
  72 S E   0.002 0.479 0.000 0.011 0.002 0.005 0.026 0.474 
  73 G E   0.002 0.480 0.000 0.012 0.002 0.005 0.026 0.474 
  74 G E   0.002 0.480 0.000 0.012 0.002 0.005 0.025 0.474 
  75 G E   0.002 0.481 0.000 0.013 0.002 0.005 0.024 0.474 
  76 G E   0.002 0.482 0.000 0.014 0.002 0.005 0.023 0.473 
  77 S E   0.002 0.483 0.000 0.014 0.002 0.005 0.023 0.471 
  78 G E   0.002 0.483 0.000 0.015 0.002 0.005 0.022 0.470 
  79 G E   0.002 0.484 0.000 0.016 0.003 0.005 0.022 0.469 
  80 P E   0.002 0.483 0.000 0.017 0.003 0.006 0.021 0.469 
  81 G E   0.002 0.480 0.000 0.017 0.003 0.006 0.021 0.470 
  82 A E   0.002 0.476 0.000 0.018 0.003 0.006 0.021 0.474 
  83 G _   0.002 0.470 0.000 0.018 0.003 0.006 0.021 0.479 
  84 T _   0.002 0.462 0.000 0.017 0.003 0.006 0.021 0.488 
  85 S _   0.003 0.451 0.000 0.016 0.003 0.006 0.021 0.499 
  86 F _   0.003 0.439 0.000 0.015 0.003 0.006 0.022 0.512 
  87 P _   0.003 0.427 0.000 0.014 0.003 0.006 0.022 0.524 
  88 P _   0.003 0.416 0.000 0.013 0.003 0.007 0.023 0.536 
  89 P _   0.003 0.406 0.000 0.012 0.003 0.007 0.023 0.547 
  90 G _   0.003 0.397 0.000 0.011 0.003 0.007 0.024 0.555 
  91 V _   0.003 0.391 0.000 0.010 0.003 0.008 0.024 0.562 
  92 K _   0.004 0.386 0.000 0.009 0.003 0.009 0.024 0.566 
  93 L _   0.004 0.384 0.000 0.009 0.003 0.010 0.024 0.566 
  94 G _   0.004 0.385 0.000 0.009 0.003 0.011 0.024 0.564 
  95 R _   0.005 0.388 0.000 0.010 0.004 0.013 0.023 0.556 
  96 D _   0.007 0.396 0.001 0.011 0.005 0.015 0.023 0.542 
  97 S _   0.008 0.409 0.001 0.014 0.007 0.018 0.022 0.520 
  98 G _   0.010 0.431 0.001 0.019 0.010 0.020 0.021 0.487 
  99 K E   0.012 0.459 0.001 0.025 0.014 0.022 0.021 0.446 
 100 V E   0.013 0.489 0.001 0.034 0.016 0.024 0.020 0.404 
 101 T E   0.013 0.512 0.001 0.042 0.018 0.024 0.019 0.371 
 102 T E   0.013 0.526 0.001 0.049 0.018 0.024 0.019 0.350 
 103 V E   0.013 0.531 0.001 0.054 0.018 0.023 0.019 0.339 
 104 V E   0.013 0.528 0.001 0.057 0.018 0.022 0.020 0.342 
 105 A E   0.013 0.512 0.001 0.056 0.017 0.020 0.021 0.359 
 106 T E   0.013 0.478 0.002 0.052 0.017 0.019 0.022 0.397 
 107 L _   0.014 0.415 0.002 0.046 0.016 0.018 0.025 0.465 
 108 G _   0.014 0.320 0.002 0.037 0.015 0.017 0.028 0.567 
 109 Q _   0.015 0.210 0.002 0.027 0.012 0.016 0.032 0.687 
 110 G _   0.013 0.117 0.001 0.017 0.008 0.015 0.035 0.793 
 111 P _   0.011 0.061 0.001 0.010 0.005 0.013 0.037 0.861 
 112 E _   0.009 0.036 0.000 0.007 0.004 0.012 0.039 0.895 
 113 R _   0.008 0.025 0.000 0.005 0.003 0.011 0.039 0.908 
 114 S _   0.008 0.022 0.000 0.005 0.002 0.011 0.040 0.912 
 115 Q _   0.008 0.021 0.000 0.006 0.003 0.012 0.040 0.910 
 116 E _   0.009 0.021 0.000 0.008 0.004 0.014 0.040 0.904 
 117 V _   0.010 0.023 0.001 0.011 0.005 0.016 0.039 0.895 
 118 A _   0.011 0.026 0.001 0.015 0.007 0.018 0.039 0.885 
 119 Y _   0.012 0.028 0.001 0.018 0.008 0.019 0.038 0.876 
 120 T _   0.013 0.030 0.001 0.020 0.009 0.021 0.038 0.870 
 121 D _   0.014 0.031 0.001 0.020 0.010 0.022 0.038 0.866 
 122 I _   0.015 0.031 0.001 0.019 0.010 0.023 0.037 0.863 
 123 K _   0.017 0.030 0.001 0.018 0.011 0.024 0.037 0.862 
 124 V _   0.018 0.029 0.001 0.016 0.011 0.026 0.037 0.862 
 125 I _   0.020 0.028 0.001 0.014 0.011 0.027 0.038 0.861 
 126 G _   0.023 0.027 0.001 0.013 0.011 0.028 0.038 0.859 
 127 N _   0.025 0.027 0.001 0.013 0.012 0.030 0.038 0.854 
 128 G _   0.028 0.027 0.001 0.014 0.013 0.031 0.038 0.848 
 129 S _   0.030 0.027 0.001 0.015 0.014 0.032 0.039 0.842 
 130 F _   0.032 0.027 0.001 0.016 0.015 0.033 0.039 0.836 
 131 G _   0.033 0.028 0.001 0.017 0.015 0.033 0.040 0.832 
 132 V _   0.034 0.028 0.001 0.018 0.015 0.033 0.041 0.830 
 133 V _   0.033 0.028 0.001 0.018 0.015 0.033 0.041 0.831 
 134 Y _   0.033 0.027 0.001 0.017 0.014 0.032 0.042 0.835 
 135 Q _   0.031 0.025 0.001 0.015 0.012 0.030 0.043 0.841 
 136 A _   0.030 0.024 0.001 0.013 0.011 0.029 0.044 0.848 
 137 R _   0.029 0.022 0.001 0.011 0.010 0.028 0.045 0.854 
 138 L _   0.028 0.021 0.001 0.010 0.009 0.028 0.046 0.857 
 139 A _   0.028 0.021 0.001 0.009 0.009 0.027 0.047 0.857 
 140 E _   0.029 0.022 0.001 0.010 0.010 0.027 0.047 0.854 
 141 T _   0.029 0.025 0.001 0.012 0.010 0.028 0.048 0.847 
 142 R _   0.030 0.028 0.001 0.015 0.012 0.028 0.049 0.837 
 143 E _   0.031 0.032 0.001 0.019 0.013 0.028 0.050 0.826 
 144 L _   0.031 0.036 0.001 0.024 0.014 0.027 0.051 0.815 
 145 V _   0.030 0.040 0.001 0.028 0.015 0.026 0.052 0.808 
 146 A _   0.029 0.041 0.001 0.031 0.014 0.025 0.053 0.806 
 147 I _   0.027 0.040 0.001 0.030 0.013 0.023 0.055 0.810 
 148 K _   0.025 0.038 0.001 0.028 0.011 0.020 0.057 0.819 
 149 K _   0.022 0.033 0.001 0.023 0.009 0.018 0.060 0.834 
 150 V _   0.019 0.027 0.001 0.018 0.007 0.015 0.062 0.851 
 151 L _   0.016 0.021 0.001 0.012 0.005 0.013 0.064 0.868 
 152 Q _   0.013 0.015 0.000 0.008 0.004 0.011 0.066 0.883 
 153 D _   0.011 0.012 0.000 0.006 0.003 0.009 0.067 0.893 
 154 K _   0.009 0.010 0.000 0.004 0.002 0.008 0.067 0.899 
 155 R _   0.008 0.009 0.000 0.004 0.002 0.008 0.068 0.901 
 156 F _   0.008 0.010 0.000 0.004 0.002 0.008 0.068 0.899 
 157 K _   0.008 0.012 0.000 0.005 0.003 0.009 0.068 0.895 
 158 N _   0.008 0.016 0.000 0.007 0.003 0.011 0.067 0.886 
 159 R _   0.009 0.024 0.001 0.011 0.004 0.012 0.066 0.873 
 160 E _   0.009 0.033 0.001 0.014 0.006 0.014 0.066 0.857 
 161 L _   0.010 0.044 0.001 0.018 0.007 0.015 0.065 0.842 
 162 Q _   0.010 0.052 0.001 0.020 0.007 0.016 0.064 0.830 
 163 I _   0.010 0.059 0.001 0.020 0.007 0.017 0.063 0.822 
 164 M _   0.011 0.064 0.001 0.019 0.007 0.017 0.063 0.818 
 165 R _   0.011 0.067 0.001 0.017 0.007 0.018 0.062 0.817 
 166 K _   0.012 0.070 0.001 0.015 0.007 0.019 0.062 0.815 
 167 L _   0.013 0.072 0.001 0.013 0.007 0.021 0.062 0.811 
 168 D _   0.015 0.077 0.001 0.013 0.008 0.023 0.061 0.803 
 169 H _   0.018 0.083 0.001 0.014 0.010 0.025 0.061 0.788 
 170 C _   0.020 0.095 0.001 0.019 0.013 0.028 0.060 0.764 
 171 N _   0.023 0.112 0.001 0.026 0.016 0.030 0.060 0.731 
 172 I _   0.025 0.133 0.002 0.036 0.019 0.032 0.059 0.694 
 173 V _   0.027 0.151 0.002 0.047 0.021 0.032 0.059 0.663 
 174 R _   0.027 0.162 0.002 0.056 0.022 0.031 0.059 0.642 
 175 L _   0.025 0.166 0.002 0.061 0.021 0.029 0.060 0.636 
 176 R _   0.023 0.164 0.002 0.060 0.019 0.027 0.062 0.643 
 177 Y _   0.021 0.155 0.001 0.055 0.017 0.023 0.064 0.664 
 178 F _   0.018 0.136 0.001 0.046 0.013 0.020 0.067 0.699 
 179 F _   0.015 0.107 0.001 0.034 0.010 0.016 0.070 0.746 
 180 Y _   0.013 0.072 0.001 0.023 0.007 0.013 0.073 0.798 
 181 S _   0.010 0.041 0.001 0.014 0.005 0.010 0.076 0.843 
 182 S _   0.008 0.020 0.000 0.008 0.003 0.008 0.077 0.875 
 183 G _   0.006 0.009 0.000 0.004 0.002 0.007 0.078 0.893 
 184 E _   0.005 0.004 0.000 0.003 0.001 0.006 0.078 0.902 
 185 K _   0.005 0.002 0.000 0.002 0.001 0.006 0.078 0.905 
 186 K _   0.005 0.002 0.000 0.002 0.001 0.008 0.077 0.904 
 187 D _   0.007 0.002 0.000 0.003 0.002 0.010 0.076 0.900 
 188 E _   0.009 0.003 0.000 0.005 0.003 0.014 0.074 0.892 
 189 L _   0.012 0.005 0.001 0.008 0.005 0.019 0.071 0.878 
 190 Y _   0.017 0.008 0.001 0.013 0.008 0.026 0.068 0.859 
 191 L _   0.023 0.013 0.001 0.019 0.012 0.033 0.064 0.835 
 192 N _   0.029 0.017 0.001 0.025 0.016 0.040 0.060 0.811 
 193 L _   0.035 0.021 0.001 0.029 0.021 0.046 0.057 0.791 
 194 V _   0.042 0.023 0.002 0.031 0.025 0.050 0.054 0.774 
 195 L _   0.049 0.024 0.002 0.031 0.028 0.054 0.051 0.762 
 196 E _   0.056 0.024 0.002 0.028 0.030 0.057 0.048 0.755 
 197 Y _   0.064 0.022 0.002 0.025 0.031 0.059 0.046 0.750 
 198 V _   0.071 0.021 0.002 0.022 0.032 0.059 0.044 0.749 
 199 P _   0.077 0.019 0.002 0.020 0.031 0.059 0.043 0.750 
 200 E _   0.082 0.017 0.002 0.018 0.030 0.058 0.042 0.752 
 201 T _   0.086 0.015 0.002 0.017 0.028 0.057 0.041 0.755 
 202 V _   0.087 0.013 0.002 0.017 0.027 0.054 0.040 0.761 
 203 Y _   0.087 0.011 0.002 0.016 0.024 0.051 0.039 0.769 
 204 R _   0.084 0.010 0.001 0.015 0.022 0.048 0.039 0.780 
 205 V _   0.080 0.008 0.001 0.014 0.019 0.044 0.038 0.796 
 206 A _   0.075 0.006 0.001 0.012 0.016 0.041 0.038 0.812 
 207 R _   0.071 0.004 0.001 0.010 0.013 0.037 0.037 0.827 
 208 H _   0.067 0.002 0.001 0.008 0.010 0.034 0.037 0.841 
 209 F _   0.064 0.001 0.001 0.006 0.009 0.032 0.036 0.851 
 210 T _   0.065 0.001 0.001 0.005 0.008 0.031 0.035 0.856 
 211 K _   0.068 0.000 0.001 0.004 0.007 0.030 0.034 0.855 
 212 A _   0.074 0.000 0.001 0.004 0.007 0.031 0.033 0.849 
 213 K _   0.084 0.000 0.001 0.004 0.008 0.033 0.032 0.838 
 214 L _   0.096 0.000 0.001 0.004 0.010 0.035 0.031 0.823 
 215 T _   0.112 0.000 0.001 0.004 0.012 0.038 0.030 0.803 
 216 I _   0.129 0.000 0.001 0.005 0.014 0.041 0.029 0.780 
 217 P _   0.148 0.000 0.001 0.006 0.017 0.045 0.029 0.755 
 218 I _   0.168 0.001 0.001 0.006 0.020 0.048 0.028 0.727 
 219 L _   0.186 0.001 0.001 0.007 0.023 0.052 0.027 0.703 
 220 Y _   0.203 0.001 0.002 0.007 0.026 0.055 0.027 0.680 
 221 V _   0.217 0.001 0.002 0.007 0.029 0.057 0.026 0.661 
 222 K _   0.228 0.001 0.002 0.008 0.031 0.059 0.026 0.646 
 223 V _   0.234 0.001 0.002 0.008 0.032 0.060 0.026 0.637 
 224 Y _   0.237 0.001 0.002 0.008 0.033 0.060 0.026 0.633 
 225 M _   0.235 0.001 0.002 0.008 0.032 0.060 0.027 0.635 
 226 Y _   0.231 0.002 0.002 0.008 0.032 0.059 0.027 0.640 
 227 Q _   0.224 0.002 0.002 0.008 0.031 0.058 0.028 0.647 
 228 L _   0.213 0.003 0.002 0.009 0.031 0.057 0.029 0.658 
 229 F _   0.201 0.004 0.002 0.009 0.030 0.055 0.030 0.669 
 230 R _   0.188 0.005 0.002 0.011 0.030 0.054 0.031 0.679 
 231 S _   0.174 0.007 0.002 0.013 0.030 0.052 0.032 0.690 
 232 L _   0.159 0.010 0.002 0.016 0.030 0.050 0.034 0.701 
 233 A _   0.142 0.012 0.002 0.020 0.029 0.047 0.035 0.713 
 234 Y _   0.125 0.015 0.002 0.024 0.027 0.043 0.037 0.727 
 235 I _   0.107 0.016 0.002 0.027 0.025 0.039 0.040 0.744 
 236 H _   0.091 0.017 0.002 0.028 0.022 0.035 0.042 0.763 
 237 S _   0.075 0.017 0.001 0.027 0.018 0.031 0.045 0.786 
 238 Q _   0.060 0.016 0.001 0.024 0.014 0.026 0.047 0.811 
 239 G _   0.046 0.014 0.001 0.020 0.011 0.022 0.050 0.836 
 240 V _   0.035 0.011 0.001 0.016 0.008 0.018 0.053 0.859 
 241 C _   0.026 0.008 0.001 0.012 0.006 0.015 0.055 0.878 
 242 H _   0.020 0.006 0.000 0.009 0.004 0.012 0.057 0.892 
 243 R _   0.015 0.004 0.000 0.007 0.003 0.010 0.058 0.903 
 244 D _   0.012 0.003 0.000 0.006 0.002 0.008 0.059 0.909 
 245 I _   0.009 0.003 0.000 0.005 0.002 0.007 0.060 0.913 
 246 K _   0.008 0.003 0.000 0.005 0.002 0.007 0.060 0.915 
 247 P _   0.007 0.003 0.000 0.005 0.002 0.006 0.060 0.916 
 248 Q _   0.007 0.003 0.000 0.005 0.002 0.006 0.060 0.916 
 249 N _   0.006 0.004 0.000 0.005 0.002 0.007 0.060 0.915 
 250 L _   0.006 0.006 0.000 0.006 0.002 0.007 0.059 0.913 
 251 L _   0.006 0.008 0.000 0.007 0.003 0.008 0.058 0.911 
 252 V _   0.006 0.011 0.000 0.007 0.003 0.008 0.057 0.907 
 253 D _   0.007 0.014 0.000 0.008 0.003 0.010 0.056 0.902 
 254 P _   0.007 0.020 0.000 0.010 0.004 0.011 0.054 0.894 
 255 D _   0.008 0.027 0.001 0.012 0.005 0.012 0.052 0.884 
 256 T _   0.009 0.036 0.001 0.015 0.006 0.014 0.050 0.871 
 257 A _   0.009 0.046 0.001 0.018 0.007 0.015 0.049 0.857 
 258 V _   0.010 0.056 0.001 0.021 0.008 0.016 0.047 0.843 
 259 L _   0.010 0.065 0.001 0.023 0.008 0.017 0.045 0.831 
 260 K _   0.010 0.072 0.001 0.025 0.009 0.017 0.043 0.823 
 261 L _   0.010 0.077 0.001 0.026 0.009 0.017 0.042 0.818 
 262 C _   0.010 0.081 0.001 0.026 0.009 0.017 0.041 0.817 
 263 D _   0.010 0.082 0.001 0.025 0.009 0.016 0.040 0.818 
 264 F _   0.009 0.083 0.001 0.024 0.008 0.015 0.039 0.821 
 265 G _   0.009 0.082 0.001 0.022 0.008 0.015 0.038 0.825 
 266 S _   0.009 0.080 0.001 0.020 0.007 0.014 0.037 0.830 
 267 A _   0.010 0.078 0.001 0.019 0.007 0.014 0.037 0.835 
 268 K _   0.010 0.075 0.001 0.018 0.006 0.014 0.036 0.840 
 269 Q _   0.010 0.072 0.001 0.016 0.006 0.013 0.036 0.846 
 270 L _   0.009 0.069 0.001 0.015 0.006 0.013 0.036 0.853 
 271 V _   0.009 0.065 0.001 0.013 0.005 0.012 0.035 0.859 
 272 R _   0.009 0.062 0.001 0.012 0.005 0.012 0.035 0.865 
 273 G _   0.009 0.060 0.001 0.011 0.005 0.012 0.034 0.869 
 274 E _   0.009 0.058 0.001 0.010 0.004 0.012 0.034 0.872 
 275 P _   0.009 0.057 0.001 0.009 0.004 0.013 0.033 0.874 
 276 N _   0.009 0.058 0.001 0.010 0.005 0.014 0.032 0.872 
 277 V _   0.010 0.059 0.001 0.010 0.005 0.015 0.032 0.868 
 278 S _   0.011 0.062 0.001 0.012 0.006 0.016 0.031 0.862 
 279 Y _   0.012 0.066 0.001 0.013 0.007 0.018 0.030 0.854 
 280 I _   0.013 0.072 0.001 0.016 0.008 0.019 0.029 0.844 
 281 C _   0.013 0.078 0.001 0.018 0.009 0.021 0.027 0.833 
 282 S _   0.014 0.083 0.001 0.020 0.010 0.022 0.026 0.823 
 283 R _   0.014 0.089 0.001 0.023 0.011 0.023 0.025 0.813 
 284 Y _   0.015 0.094 0.001 0.025 0.013 0.025 0.024 0.803 
 285 Y _   0.015 0.099 0.001 0.028 0.014 0.025 0.023 0.794 
 286 R _   0.015 0.103 0.001 0.031 0.015 0.026 0.022 0.786 
 287 A _   0.016 0.105 0.001 0.034 0.016 0.026 0.021 0.781 
 288 P _   0.016 0.106 0.001 0.037 0.016 0.026 0.021 0.777 
 289 E _   0.017 0.104 0.001 0.038 0.016 0.025 0.020 0.778 
 290 L _   0.017 0.100 0.001 0.038 0.015 0.024 0.020 0.785 
 291 I _   0.017 0.091 0.001 0.036 0.014 0.022 0.020 0.798 
 292 F _   0.019 0.078 0.001 0.031 0.012 0.020 0.020 0.819 
 293 G _   0.021 0.060 0.001 0.024 0.011 0.019 0.020 0.845 
 294 A _   0.024 0.039 0.001 0.017 0.008 0.017 0.019 0.874 
 295 T _   0.030 0.020 0.001 0.011 0.006 0.016 0.019 0.897 
 296 D _   0.039 0.008 0.001 0.006 0.005 0.015 0.019 0.908 
 297 Y _   0.053 0.002 0.001 0.003 0.004 0.014 0.018 0.904 
 298 T _   0.077 0.001 0.000 0.002 0.004 0.014 0.017 0.884 
 299 S _   0.118 0.000 0.001 0.002 0.005 0.016 0.016 0.844 
 300 S _   0.181 0.000 0.001 0.001 0.006 0.018 0.015 0.778 
 301 I _   0.271 0.000 0.001 0.002 0.010 0.022 0.013 0.682 
 302 D _   0.376 0.000 0.001 0.002 0.014 0.025 0.012 0.569 
 303 V H   0.481 0.000 0.001 0.002 0.021 0.029 0.010 0.456 
 304 W H   0.571 0.000 0.002 0.002 0.027 0.031 0.010 0.358 
 305 S H   0.639 0.000 0.002 0.002 0.033 0.032 0.009 0.283 
 306 A H   0.684 0.000 0.002 0.003 0.038 0.032 0.009 0.232 
 307 G H   0.711 0.000 0.002 0.003 0.041 0.031 0.010 0.201 
 308 C H   0.724 0.000 0.002 0.004 0.043 0.030 0.011 0.187 
 309 V H   0.721 0.001 0.002 0.004 0.043 0.029 0.012 0.188 
 310 L H   0.704 0.001 0.002 0.005 0.042 0.027 0.014 0.205 
 311 A H   0.670 0.001 0.002 0.005 0.040 0.026 0.017 0.238 
 312 E H   0.618 0.001 0.002 0.006 0.037 0.025 0.020 0.291 
 313 L H   0.546 0.001 0.002 0.007 0.031 0.024 0.025 0.363 
 314 L H   0.458 0.001 0.002 0.007 0.025 0.022 0.031 0.454 
 315 L _   0.361 0.001 0.002 0.007 0.018 0.019 0.038 0.553 
 316 G _   0.269 0.000 0.001 0.007 0.013 0.017 0.045 0.647 
 317 Q _   0.189 0.000 0.001 0.006 0.009 0.014 0.052 0.729 
 318 P _   0.125 0.000 0.001 0.005 0.006 0.012 0.057 0.794 
 319 I _   0.078 0.000 0.001 0.004 0.004 0.010 0.062 0.842 
 320 F _   0.047 0.000 0.000 0.003 0.003 0.008 0.065 0.874 
 321 P _   0.028 0.000 0.000 0.002 0.002 0.007 0.066 0.893 
 322 G _   0.019 0.000 0.000 0.002 0.002 0.007 0.068 0.902 
 323 D _   0.014 0.000 0.000 0.002 0.002 0.008 0.069 0.905 
 324 S _   0.013 0.001 0.000 0.002 0.002 0.010 0.069 0.903 
 325 G _   0.015 0.002 0.000 0.003 0.003 0.014 0.069 0.895 
 326 V _   0.018 0.005 0.001 0.005 0.005 0.019 0.069 0.879 
 327 D _   0.024 0.013 0.001 0.009 0.009 0.026 0.068 0.851 
 328 Q _   0.030 0.030 0.001 0.016 0.014 0.033 0.066 0.810 
 329 L _   0.035 0.057 0.002 0.024 0.021 0.040 0.065 0.757 
 330 V _   0.040 0.088 0.002 0.033 0.027 0.045 0.063 0.701 
 331 E _   0.042 0.115 0.002 0.042 0.032 0.048 0.062 0.656 
 332 I _   0.044 0.134 0.002 0.048 0.035 0.050 0.062 0.625 
 333 I _   0.046 0.146 0.002 0.051 0.036 0.050 0.062 0.607 
 334 K _   0.046 0.152 0.002 0.051 0.036 0.049 0.063 0.601 
 335 V _   0.046 0.154 0.002 0.048 0.034 0.047 0.064 0.605 
 336 L _   0.044 0.151 0.002 0.045 0.031 0.045 0.066 0.618 
 337 G _   0.041 0.144 0.002 0.040 0.027 0.041 0.068 0.637 
 338 T _   0.038 0.134 0.002 0.035 0.023 0.037 0.070 0.660 
 339 P _   0.035 0.122 0.002 0.030 0.020 0.034 0.073 0.685 
 340 T _   0.032 0.109 0.001 0.026 0.016 0.030 0.076 0.710 
 341 R _   0.028 0.095 0.001 0.023 0.013 0.026 0.079 0.734 
 342 E _   0.024 0.082 0.001 0.020 0.010 0.023 0.083 0.756 
 343 Q _   0.021 0.070 0.001 0.018 0.009 0.020 0.086 0.776 
 344 I _   0.018 0.058 0.001 0.016 0.007 0.017 0.089 0.795 
 345 R _   0.016 0.047 0.001 0.014 0.006 0.015 0.091 0.811 
 346 E _   0.013 0.038 0.001 0.012 0.005 0.013 0.094 0.825 
 347 M _   0.012 0.030 0.001 0.010 0.004 0.011 0.096 0.837 
 348 N _   0.010 0.023 0.000 0.008 0.003 0.010 0.098 0.847 
 349 P _   0.009 0.019 0.000 0.007 0.003 0.009 0.099 0.854 
 350 N _   0.008 0.015 0.000 0.006 0.003 0.008 0.100 0.859 
 351 Y _   0.008 0.013 0.000 0.006 0.003 0.008 0.101 0.861 
 352 T _   0.007 0.012 0.000 0.006 0.003 0.008 0.102 0.862 
 353 E _   0.007 0.012 0.000 0.006 0.003 0.008 0.102 0.862 
 354 F _   0.007 0.012 0.000 0.007 0.003 0.009 0.102 0.860 
 355 K _   0.007 0.013 0.000 0.008 0.003 0.010 0.102 0.856 
 356 F _   0.008 0.015 0.000 0.010 0.004 0.011 0.101 0.851 
 357 P _   0.008 0.017 0.001 0.012 0.005 0.012 0.101 0.845 
 358 Q _   0.008 0.020 0.001 0.015 0.006 0.013 0.100 0.838 
 359 I _   0.009 0.023 0.001 0.018 0.007 0.014 0.100 0.830 
 360 K _   0.009 0.025 0.001 0.021 0.008 0.015 0.099 0.822 
 361 A _   0.009 0.027 0.001 0.024 0.008 0.015 0.099 0.816 
 362 H _   0.009 0.028 0.001 0.026 0.009 0.015 0.100 0.812 
 363 P _   0.009 0.028 0.001 0.026 0.009 0.015 0.100 0.811 
 364 W _   0.010 0.026 0.001 0.025 0.008 0.015 0.102 0.814 
 365 T _   0.010 0.023 0.001 0.022 0.007 0.014 0.103 0.820 
 366 K _   0.010 0.019 0.001 0.018 0.006 0.014 0.104 0.828 
 367 V _   0.009 0.015 0.001 0.014 0.005 0.013 0.106 0.838 
 368 F _   0.010 0.010 0.001 0.009 0.004 0.013 0.107 0.846 
 369 K _   0.010 0.007 0.000 0.006 0.003 0.013 0.108 0.852 
 370 S _   0.012 0.004 0.000 0.004 0.003 0.014 0.108 0.854 
 371 R _   0.014 0.003 0.000 0.003 0.003 0.017 0.109 0.850 
 372 T _   0.020 0.003 0.000 0.003 0.004 0.021 0.109 0.840 
 373 P _   0.027 0.004 0.001 0.004 0.006 0.026 0.109 0.823 
 374 P _   0.039 0.007 0.001 0.006 0.010 0.034 0.108 0.795 
 375 E _   0.053 0.016 0.001 0.010 0.018 0.043 0.107 0.752 
 376 A _   0.066 0.033 0.002 0.016 0.028 0.052 0.105 0.697 
 377 I _   0.077 0.061 0.002 0.025 0.038 0.059 0.104 0.633 
 378 A _   0.084 0.090 0.003 0.036 0.047 0.063 0.103 0.574 
 379 L _   0.088 0.114 0.003 0.047 0.052 0.064 0.103 0.530 
 380 C _   0.088 0.128 0.003 0.056 0.053 0.062 0.104 0.505 
 381 S _   0.086 0.135 0.003 0.061 0.052 0.059 0.107 0.497 
 382 S _   0.082 0.136 0.003 0.061 0.048 0.055 0.110 0.506 
 383 L _   0.075 0.130 0.003 0.057 0.041 0.049 0.114 0.531 
 384 L _   0.067 0.116 0.002 0.048 0.033 0.043 0.119 0.572 
 385 E _   0.057 0.094 0.002 0.036 0.024 0.036 0.125 0.626 
 386 Y _   0.047 0.064 0.002 0.024 0.016 0.030 0.131 0.686 
 387 T _   0.037 0.037 0.001 0.014 0.010 0.025 0.136 0.739 
 388 P _   0.029 0.020 0.001 0.007 0.006 0.021 0.139 0.777 
 389 S _   0.023 0.012 0.000 0.004 0.004 0.018 0.142 0.797 
 390 S _   0.019 0.009 0.000 0.003 0.003 0.017 0.143 0.805 
 391 R _   0.018 0.009 0.000 0.003 0.003 0.018 0.145 0.805 
 392 L _   0.018 0.011 0.000 0.004 0.004 0.020 0.145 0.798 
 393 S _   0.020 0.016 0.001 0.006 0.006 0.023 0.146 0.783 
 394 P _   0.023 0.030 0.001 0.010 0.009 0.026 0.146 0.754 
 395 L _   0.025 0.056 0.001 0.016 0.013 0.030 0.145 0.713 
 396 E _   0.027 0.089 0.002 0.023 0.016 0.032 0.145 0.667 
 397 A _   0.027 0.122 0.002 0.028 0.019 0.034 0.144 0.625 
 398 C _   0.028 0.149 0.002 0.031 0.020 0.034 0.145 0.591 
 399 A _   0.028 0.169 0.002 0.034 0.021 0.035 0.145 0.566 
 400 H _   0.028 0.184 0.002 0.035 0.022 0.034 0.147 0.548 
 401 S _   0.029 0.195 0.002 0.036 0.022 0.034 0.149 0.534 
 402 F _   0.029 0.202 0.002 0.037 0.022 0.033 0.152 0.523 
 403 F _   0.029 0.207 0.001 0.039 0.022 0.032 0.156 0.514 
 404 D _   0.029 0.209 0.001 0.040 0.021 0.030 0.161 0.508 
 405 E _   0.029 0.208 0.001 0.042 0.019 0.028 0.167 0.506 
 406 L _   0.027 0.203 0.001 0.042 0.018 0.026 0.174 0.509 
 407 R _   0.026 0.193 0.001 0.041 0.016 0.023 0.183 0.517 
 408 C _   0.023 0.176 0.001 0.038 0.013 0.021 0.193 0.534 
 409 L _   0.021 0.151 0.001 0.033 0.011 0.018 0.205 0.560 
 410 G _   0.018 0.119 0.001 0.027 0.009 0.015 0.218 0.593 
 411 T _   0.016 0.084 0.001 0.019 0.006 0.012 0.231 0.631 
 412 Q _   0.013 0.053 0.001 0.013 0.004 0.010 0.242 0.665 
 413 L _   0.010 0.032 0.000 0.008 0.003 0.007 0.251 0.689 
 414 P _   0.007 0.020 0.000 0.005 0.002 0.006 0.257 0.704 
 415 N _   0.006 0.014 0.000 0.003 0.001 0.005 0.261 0.711 
 416 N _   0.004 0.012 0.000 0.002 0.001 0.004 0.263 0.713 
 417 R _   0.004 0.012 0.000 0.002 0.001 0.005 0.265 0.711 
 418 P _   0.004 0.014 0.000 0.003 0.001 0.006 0.265 0.707 
 419 L _   0.005 0.019 0.000 0.005 0.002 0.007 0.264 0.697 
 420 P _   0.006 0.030 0.000 0.009 0.003 0.010 0.262 0.680 
 421 P _   0.006 0.050 0.001 0.015 0.005 0.012 0.259 0.651 
 422 L _   0.007 0.079 0.001 0.022 0.007 0.014 0.255 0.616 
 423 F _   0.006 0.110 0.001 0.029 0.008 0.015 0.251 0.579 
 424 N _   0.006 0.135 0.001 0.034 0.009 0.016 0.249 0.550 
 425 F _   0.006 0.152 0.001 0.037 0.010 0.016 0.247 0.532 
 426 S _   0.006 0.162 0.001 0.038 0.010 0.015 0.246 0.522 
 427 A _   0.006 0.167 0.001 0.037 0.009 0.015 0.247 0.519 
 428 G _   0.006 0.169 0.001 0.033 0.009 0.014 0.248 0.521 
 429 E _   0.006 0.167 0.001 0.028 0.008 0.014 0.250 0.526 
 430 L _   0.006 0.163 0.001 0.023 0.007 0.013 0.253 0.534 
 431 S _   0.006 0.158 0.001 0.019 0.006 0.013 0.256 0.541 
 432 I _   0.006 0.153 0.001 0.016 0.006 0.013 0.260 0.546 
 433 Q _   0.007 0.148 0.001 0.014 0.006 0.013 0.264 0.548 
 434 P _   0.007 0.145 0.001 0.014 0.006 0.013 0.268 0.548 
 435 S _   0.008 0.142 0.001 0.014 0.006 0.013 0.272 0.544 
 436 L _   0.009 0.141 0.001 0.015 0.006 0.014 0.277 0.539 
 437 N _   0.009 0.140 0.001 0.016 0.007 0.014 0.281 0.532 
 438 A _   0.009 0.138 0.001 0.018 0.007 0.014 0.287 0.526 
 439 I _   0.009 0.136 0.001 0.018 0.007 0.014 0.293 0.523 
 440 L _   0.009 0.132 0.001 0.018 0.007 0.013 0.299 0.521 
 441 I _   0.009 0.127 0.001 0.017 0.007 0.013 0.306 0.522 
 442 P _   0.008 0.121 0.001 0.015 0.006 0.012 0.313 0.525 
 443 P _   0.008 0.114 0.001 0.013 0.005 0.012 0.320 0.528 
 444 H _   0.008 0.108 0.001 0.011 0.005 0.011 0.327 0.529 
 445 L _   0.007 0.103 0.001 0.010 0.005 0.011 0.335 0.528 
 446 R _   0.007 0.100 0.001 0.010 0.004 0.011 0.342 0.526 
 447 S _   0.007 0.098 0.001 0.010 0.004 0.011 0.349 0.520 
 448 P _   0.007 0.097 0.001 0.011 0.005 0.011 0.356 0.513 
 449 A _   0.007 0.097 0.001 0.012 0.005 0.011 0.363 0.505 
 450 G _   0.007 0.098 0.001 0.014 0.005 0.011 0.369 0.496 
 451 T _   0.006 0.099 0.001 0.015 0.005 0.011 0.376 0.487 
 452 T _   0.006 0.099 0.001 0.016 0.005 0.011 0.384 0.479 
 453 T _   0.006 0.098 0.001 0.017 0.005 0.011 0.392 0.471 
 454 L _   0.006 0.097 0.001 0.017 0.005 0.011 0.400 0.464 
 455 T _   0.005 0.095 0.001 0.017 0.005 0.011 0.409 0.457 
 456 P _   0.005 0.093 0.001 0.018 0.005 0.011 0.418 0.449 
 457 S _   0.005 0.090 0.001 0.019 0.006 0.011 0.428 0.441 
 458 S X   0.005 0.087 0.001 0.019 0.006 0.011 0.440 0.431 
 459 Q X   0.006 0.084 0.001 0.020 0.006 0.011 0.452 0.421 
 460 A X   0.006 0.080 0.001 0.021 0.006 0.011 0.466 0.411 
 461 L X   0.006 0.074 0.001 0.021 0.006 0.010 0.481 0.401 
 462 T X   0.006 0.068 0.001 0.020 0.006 0.010 0.497 0.393 
 463 E X   0.005 0.060 0.001 0.018 0.005 0.009 0.515 0.386 
 464 T X   0.005 0.052 0.001 0.016 0.004 0.008 0.533 0.382 
 465 P X   0.004 0.043 0.001 0.013 0.004 0.007 0.551 0.377 
 466 T X   0.004 0.035 0.000 0.010 0.003 0.006 0.568 0.373 
 467 S X   0.004 0.029 0.000 0.008 0.002 0.006 0.583 0.368 
 468 S X   0.003 0.024 0.000 0.006 0.002 0.005 0.597 0.362 
 469 D X   0.003 0.021 0.000 0.005 0.002 0.005 0.608 0.355 
 470 W X   0.003 0.020 0.000 0.005 0.002 0.005 0.618 0.347 
 471 Q X   0.003 0.019 0.000 0.006 0.002 0.005 0.627 0.338 
 472 S X   0.003 0.019 0.000 0.007 0.002 0.005 0.635 0.329 
 473 T X   0.003 0.019 0.000 0.009 0.002 0.006 0.642 0.319 
 474 D X   0.003 0.020 0.000 0.011 0.002 0.006 0.649 0.309 
 475 A X   0.003 0.020 0.000 0.012 0.003 0.006 0.655 0.301 
 476 T X   0.003 0.021 0.000 0.013 0.003 0.005 0.661 0.294 
 477 P X   0.002 0.021 0.000 0.013 0.002 0.004 0.668 0.289 
 478 T X   0.002 0.020 0.000 0.012 0.002 0.003 0.674 0.286 
 479 L X   0.001 0.019 0.000 0.010 0.001 0.002 0.681 0.286 
 480 T X   0.000 0.016 0.000 0.006 0.000 0.001 0.687 0.288 
 481 N X   0.000 0.014 0.000 0.004 0.000 0.000 0.689 0.293 
 482 S X   0.000 0.012 0.000 0.005 0.000 0.000 0.686 0.297 
 483 S X   0.002 0.012 0.001 0.012 0.003 0.002 0.672 0.296 
