#TopoPred_TM8: 8-state transmembrane topology prediction results by no_profile mode 
#probabilities are in the order of H E C I L F X _, the 8 transmembrane topology types used in PDBTM 
   1 M X   0.014 0.000 0.002 0.027 0.008 0.011 0.680 0.258 
   2 D X   0.006 0.000 0.000 0.012 0.001 0.007 0.694 0.280 
   3 F X   0.004 0.000 0.000 0.006 0.001 0.006 0.695 0.288 
   4 G X   0.009 0.000 0.000 0.005 0.001 0.009 0.689 0.287 
   5 S X   0.026 0.000 0.000 0.004 0.003 0.015 0.675 0.276 
   6 L X   0.059 0.000 0.001 0.004 0.007 0.025 0.650 0.254 
   7 E X   0.101 0.000 0.001 0.004 0.012 0.034 0.623 0.225 
   8 T X   0.142 0.001 0.001 0.005 0.018 0.041 0.595 0.196 
   9 V X   0.174 0.003 0.002 0.007 0.027 0.046 0.569 0.172 
  10 V X   0.198 0.006 0.002 0.009 0.036 0.049 0.547 0.153 
  11 A X   0.214 0.010 0.002 0.011 0.044 0.050 0.529 0.139 
  12 N X   0.225 0.014 0.002 0.013 0.049 0.049 0.515 0.132 
  13 S X   0.230 0.018 0.002 0.015 0.052 0.047 0.505 0.131 
  14 A X   0.229 0.020 0.002 0.017 0.051 0.045 0.499 0.136 
  15 F X   0.223 0.022 0.002 0.018 0.048 0.041 0.495 0.151 
  16 I X   0.209 0.023 0.002 0.019 0.043 0.038 0.493 0.174 
  17 A X   0.188 0.022 0.002 0.020 0.036 0.034 0.493 0.205 
  18 A X   0.162 0.020 0.002 0.019 0.029 0.029 0.495 0.244 
  19 R X   0.134 0.018 0.002 0.017 0.021 0.024 0.497 0.288 
  20 G X   0.105 0.014 0.001 0.014 0.014 0.020 0.501 0.331 
  21 S X   0.079 0.010 0.001 0.011 0.009 0.016 0.504 0.370 
  22 F X   0.056 0.007 0.001 0.009 0.005 0.012 0.507 0.402 
  23 D X   0.039 0.005 0.000 0.006 0.003 0.009 0.510 0.428 
  24 G X   0.026 0.003 0.000 0.005 0.002 0.007 0.511 0.446 
  25 S X   0.017 0.002 0.000 0.004 0.002 0.005 0.511 0.460 
  26 S X   0.011 0.001 0.000 0.003 0.001 0.004 0.510 0.470 
  27 S X   0.007 0.001 0.000 0.002 0.001 0.003 0.508 0.477 
  28 Q X   0.005 0.001 0.000 0.002 0.001 0.003 0.504 0.484 
  29 P X   0.004 0.001 0.000 0.002 0.001 0.003 0.500 0.490 
  30 S _   0.003 0.001 0.000 0.002 0.001 0.003 0.494 0.495 
  31 R _   0.003 0.002 0.000 0.003 0.001 0.004 0.486 0.501 
  32 D _   0.003 0.003 0.000 0.005 0.001 0.005 0.476 0.506 
  33 K _   0.003 0.006 0.000 0.007 0.002 0.006 0.465 0.511 
  34 K _   0.004 0.011 0.000 0.011 0.003 0.007 0.451 0.514 
  35 Y _   0.004 0.017 0.000 0.015 0.004 0.008 0.436 0.516 
  36 L _   0.004 0.024 0.001 0.019 0.004 0.009 0.420 0.519 
  37 A _   0.004 0.030 0.001 0.022 0.005 0.010 0.406 0.523 
  38 K _   0.004 0.034 0.001 0.024 0.005 0.010 0.392 0.529 
  39 L _   0.004 0.038 0.001 0.024 0.005 0.010 0.381 0.537 
  40 K _   0.004 0.040 0.001 0.023 0.005 0.010 0.370 0.548 
  41 L _   0.004 0.040 0.001 0.021 0.005 0.009 0.362 0.559 
  42 P _   0.004 0.040 0.000 0.018 0.004 0.009 0.354 0.570 
  43 P _   0.004 0.040 0.000 0.015 0.004 0.009 0.347 0.580 
  44 L _   0.004 0.039 0.000 0.013 0.003 0.008 0.341 0.590 
  45 S _   0.004 0.038 0.000 0.011 0.003 0.008 0.335 0.599 
  46 K _   0.004 0.038 0.000 0.010 0.003 0.008 0.329 0.607 
  47 C _   0.004 0.037 0.000 0.009 0.003 0.008 0.323 0.614 
  48 E _   0.005 0.038 0.000 0.008 0.003 0.009 0.317 0.620 
  49 S _   0.005 0.039 0.000 0.008 0.003 0.009 0.310 0.625 
  50 L _   0.005 0.041 0.000 0.009 0.003 0.010 0.303 0.628 
  51 R _   0.006 0.044 0.000 0.009 0.004 0.011 0.296 0.629 
  52 D _   0.007 0.048 0.001 0.011 0.005 0.013 0.288 0.628 
  53 S _   0.008 0.053 0.001 0.013 0.006 0.014 0.280 0.625 
  54 L _   0.009 0.060 0.001 0.016 0.007 0.016 0.273 0.618 
  55 S _   0.010 0.067 0.001 0.019 0.009 0.017 0.265 0.611 
  56 L _   0.011 0.074 0.001 0.022 0.010 0.019 0.258 0.605 
  57 E _   0.012 0.079 0.001 0.024 0.011 0.019 0.252 0.601 
  58 F _   0.013 0.082 0.001 0.025 0.011 0.019 0.248 0.601 
  59 E _   0.014 0.084 0.001 0.024 0.011 0.019 0.244 0.604 
  60 S _   0.014 0.083 0.001 0.022 0.010 0.019 0.240 0.612 
  61 V _   0.014 0.081 0.001 0.019 0.009 0.018 0.237 0.622 
  62 C _   0.014 0.077 0.001 0.015 0.008 0.017 0.235 0.633 
  63 L _   0.014 0.073 0.001 0.012 0.007 0.016 0.233 0.644 
  64 E _   0.014 0.070 0.001 0.010 0.006 0.016 0.231 0.653 
  65 Q _   0.014 0.068 0.001 0.009 0.005 0.016 0.229 0.659 
  66 P _   0.014 0.067 0.001 0.008 0.005 0.016 0.227 0.662 
  67 I _   0.014 0.068 0.001 0.009 0.006 0.017 0.225 0.660 
  68 G _   0.015 0.071 0.001 0.010 0.007 0.018 0.222 0.656 
  69 K _   0.015 0.076 0.001 0.013 0.008 0.018 0.220 0.649 
  70 K _   0.015 0.082 0.001 0.016 0.009 0.019 0.217 0.641 
  71 L _   0.015 0.087 0.001 0.020 0.010 0.019 0.215 0.634 
  72 F _   0.014 0.090 0.001 0.022 0.010 0.018 0.214 0.631 
  73 Q _   0.013 0.092 0.001 0.023 0.009 0.017 0.213 0.632 
  74 Q _   0.012 0.092 0.001 0.022 0.009 0.016 0.212 0.637 
  75 F _   0.011 0.089 0.001 0.019 0.008 0.015 0.212 0.646 
  76 L _   0.010 0.085 0.001 0.016 0.006 0.014 0.212 0.655 
  77 Q _   0.009 0.081 0.001 0.013 0.005 0.013 0.212 0.666 
  78 S _   0.009 0.076 0.001 0.011 0.005 0.012 0.213 0.675 
  79 A _   0.009 0.073 0.000 0.009 0.004 0.012 0.213 0.680 
  80 E _   0.008 0.071 0.000 0.009 0.004 0.012 0.214 0.683 
  81 K _   0.009 0.070 0.000 0.009 0.004 0.012 0.214 0.681 
  82 H _   0.009 0.072 0.001 0.011 0.005 0.013 0.214 0.676 
  83 L _   0.010 0.074 0.001 0.014 0.006 0.014 0.214 0.667 
  84 P _   0.011 0.078 0.001 0.018 0.007 0.014 0.214 0.656 
  85 A _   0.012 0.082 0.001 0.023 0.008 0.015 0.215 0.645 
  86 L _   0.012 0.085 0.001 0.028 0.009 0.015 0.216 0.636 
  87 E _   0.012 0.085 0.001 0.031 0.009 0.015 0.217 0.630 
  88 L _   0.012 0.083 0.001 0.031 0.009 0.014 0.220 0.630 
  89 W _   0.011 0.079 0.001 0.030 0.008 0.013 0.223 0.635 
  90 K _   0.011 0.071 0.001 0.026 0.007 0.012 0.227 0.645 
  91 D _   0.010 0.060 0.001 0.022 0.006 0.010 0.232 0.659 
  92 I _   0.009 0.047 0.001 0.017 0.004 0.009 0.236 0.676 
  93 E _   0.008 0.034 0.000 0.013 0.003 0.008 0.241 0.692 
  94 D _   0.008 0.023 0.000 0.009 0.003 0.007 0.244 0.707 
  95 Y _   0.007 0.015 0.000 0.006 0.002 0.006 0.247 0.718 
  96 D _   0.006 0.010 0.000 0.005 0.001 0.005 0.248 0.725 
  97 T _   0.005 0.007 0.000 0.004 0.001 0.004 0.249 0.731 
  98 A _   0.004 0.005 0.000 0.003 0.001 0.004 0.248 0.735 
  99 D _   0.004 0.005 0.000 0.003 0.001 0.004 0.246 0.738 
 100 N _   0.004 0.005 0.000 0.003 0.001 0.004 0.243 0.740 
 101 D _   0.004 0.005 0.000 0.003 0.001 0.005 0.239 0.742 
 102 L _   0.004 0.007 0.000 0.005 0.002 0.007 0.234 0.741 
 103 Q _   0.005 0.012 0.000 0.007 0.002 0.009 0.226 0.738 
 104 P _   0.006 0.020 0.000 0.011 0.004 0.012 0.218 0.729 
 105 Q _   0.007 0.033 0.001 0.018 0.006 0.015 0.207 0.713 
 106 K _   0.008 0.051 0.001 0.026 0.008 0.018 0.196 0.691 
 107 A _   0.008 0.068 0.001 0.035 0.011 0.021 0.186 0.670 
 108 Q _   0.009 0.082 0.001 0.043 0.013 0.023 0.176 0.654 
 109 T _   0.010 0.091 0.001 0.048 0.014 0.024 0.169 0.644 
 110 I _   0.010 0.095 0.001 0.049 0.014 0.025 0.163 0.643 
 111 L _   0.011 0.095 0.001 0.047 0.014 0.025 0.158 0.650 
 112 A _   0.011 0.092 0.001 0.041 0.013 0.024 0.154 0.665 
 113 Q _   0.011 0.085 0.001 0.033 0.011 0.023 0.151 0.684 
 114 Y _   0.012 0.075 0.001 0.024 0.010 0.023 0.148 0.707 
 115 L _   0.013 0.064 0.001 0.018 0.008 0.023 0.146 0.729 
 116 D _   0.014 0.054 0.001 0.012 0.007 0.023 0.143 0.746 
 117 P _   0.016 0.047 0.001 0.009 0.007 0.024 0.141 0.756 
 118 Q _   0.018 0.044 0.001 0.008 0.007 0.025 0.139 0.759 
 119 A _   0.021 0.043 0.001 0.008 0.008 0.026 0.137 0.757 
 120 K _   0.025 0.043 0.001 0.009 0.009 0.028 0.134 0.751 
 121 L _   0.028 0.046 0.001 0.012 0.011 0.029 0.132 0.741 
 122 F _   0.031 0.050 0.001 0.015 0.014 0.031 0.129 0.729 
 123 C _   0.033 0.055 0.001 0.019 0.016 0.032 0.126 0.718 
 124 S _   0.034 0.059 0.001 0.023 0.018 0.032 0.124 0.709 
 125 F _   0.035 0.062 0.001 0.026 0.018 0.031 0.123 0.703 
 126 L _   0.035 0.063 0.001 0.029 0.019 0.030 0.121 0.701 
 127 D _   0.035 0.062 0.001 0.029 0.018 0.029 0.121 0.704 
 128 E _   0.034 0.060 0.001 0.029 0.016 0.027 0.121 0.712 
 129 G _   0.032 0.056 0.001 0.027 0.014 0.024 0.121 0.725 
 130 I _   0.030 0.050 0.001 0.024 0.012 0.022 0.121 0.741 
 131 V _   0.027 0.042 0.001 0.020 0.010 0.019 0.122 0.759 
 132 A _   0.024 0.033 0.001 0.016 0.008 0.016 0.123 0.779 
 133 K _   0.020 0.025 0.001 0.013 0.006 0.014 0.124 0.798 
 134 F _   0.017 0.017 0.001 0.009 0.004 0.012 0.124 0.816 
 135 K _   0.013 0.011 0.000 0.007 0.003 0.010 0.124 0.830 
 136 E _   0.011 0.007 0.000 0.005 0.003 0.009 0.124 0.841 
 137 G _   0.009 0.006 0.000 0.004 0.002 0.009 0.123 0.847 
 138 P _   0.008 0.005 0.000 0.003 0.002 0.009 0.122 0.851 
 139 V _   0.008 0.005 0.000 0.003 0.002 0.009 0.120 0.852 
 140 E _   0.009 0.005 0.000 0.004 0.002 0.011 0.118 0.851 
 141 I _   0.010 0.007 0.000 0.005 0.003 0.013 0.115 0.846 
 142 Q _   0.012 0.011 0.001 0.007 0.004 0.017 0.112 0.836 
 143 D _   0.015 0.019 0.001 0.010 0.007 0.022 0.108 0.818 
 144 G _   0.018 0.033 0.001 0.014 0.010 0.028 0.103 0.792 
 145 L _   0.022 0.051 0.001 0.020 0.015 0.033 0.098 0.759 
 146 F _   0.026 0.073 0.002 0.027 0.020 0.038 0.093 0.722 
 147 Q _   0.028 0.094 0.002 0.034 0.024 0.042 0.088 0.687 
 148 P _   0.031 0.113 0.002 0.040 0.028 0.045 0.083 0.658 
 149 L _   0.033 0.126 0.002 0.046 0.030 0.046 0.080 0.638 
 150 L _   0.034 0.133 0.002 0.049 0.031 0.046 0.077 0.627 
 151 Q _   0.035 0.137 0.002 0.050 0.032 0.046 0.074 0.624 
 152 A _   0.036 0.136 0.002 0.049 0.031 0.044 0.073 0.630 
 153 T _   0.036 0.130 0.002 0.045 0.028 0.042 0.072 0.645 
 154 L _   0.036 0.120 0.002 0.040 0.025 0.039 0.071 0.668 
 155 A _   0.035 0.104 0.002 0.034 0.021 0.036 0.071 0.697 
 156 H _   0.034 0.085 0.002 0.027 0.018 0.034 0.071 0.731 
 157 L _   0.033 0.063 0.001 0.020 0.014 0.031 0.071 0.766 
 158 G _   0.032 0.043 0.001 0.015 0.011 0.029 0.071 0.798 
 159 Q _   0.032 0.027 0.001 0.010 0.009 0.028 0.071 0.822 
 160 A _   0.032 0.017 0.001 0.007 0.007 0.027 0.071 0.838 
 161 P _   0.033 0.011 0.001 0.006 0.006 0.028 0.070 0.845 
 162 F _   0.036 0.008 0.001 0.005 0.006 0.029 0.070 0.846 
 163 Q _   0.041 0.007 0.001 0.004 0.007 0.031 0.069 0.840 
 164 E _   0.048 0.007 0.001 0.005 0.009 0.034 0.067 0.828 
 165 Y _   0.057 0.009 0.001 0.006 0.012 0.039 0.066 0.809 
 166 L _   0.067 0.013 0.001 0.009 0.017 0.043 0.065 0.784 
 167 G _   0.077 0.021 0.002 0.013 0.023 0.048 0.063 0.753 
 168 S _   0.085 0.030 0.002 0.019 0.029 0.051 0.062 0.721 
 169 L _   0.090 0.040 0.002 0.025 0.034 0.053 0.061 0.694 
 170 Y _   0.093 0.049 0.002 0.031 0.037 0.053 0.061 0.675 
 171 F _   0.092 0.054 0.002 0.035 0.038 0.051 0.061 0.667 
 172 L _   0.088 0.057 0.002 0.037 0.036 0.048 0.062 0.670 
 173 R _   0.082 0.056 0.002 0.036 0.033 0.044 0.063 0.684 
 174 F _   0.073 0.053 0.002 0.033 0.028 0.040 0.064 0.708 
 175 L _   0.063 0.048 0.002 0.028 0.022 0.034 0.065 0.738 
 176 Q _   0.052 0.041 0.001 0.022 0.017 0.029 0.067 0.771 
 177 W _   0.042 0.033 0.001 0.018 0.012 0.025 0.068 0.801 
 178 K _   0.033 0.026 0.001 0.014 0.009 0.021 0.070 0.827 
 179 W _   0.026 0.020 0.001 0.010 0.006 0.017 0.071 0.848 
 180 L _   0.021 0.016 0.001 0.008 0.005 0.015 0.072 0.864 
 181 E _   0.017 0.013 0.000 0.007 0.004 0.013 0.072 0.874 
 182 A _   0.014 0.012 0.000 0.006 0.003 0.011 0.073 0.881 
 183 Q _   0.012 0.011 0.000 0.006 0.003 0.011 0.072 0.885 
 184 P _   0.011 0.012 0.000 0.005 0.003 0.010 0.072 0.887 
 185 M _   0.010 0.013 0.000 0.006 0.003 0.010 0.072 0.886 
 186 G _   0.010 0.015 0.000 0.006 0.003 0.011 0.071 0.883 
 187 E _   0.011 0.018 0.000 0.008 0.004 0.012 0.070 0.877 
 188 D _   0.011 0.023 0.001 0.009 0.005 0.013 0.069 0.869 
 189 W _   0.012 0.029 0.001 0.011 0.006 0.015 0.068 0.858 
 190 F _   0.013 0.038 0.001 0.014 0.007 0.016 0.067 0.845 
 191 L _   0.013 0.047 0.001 0.016 0.008 0.017 0.066 0.831 
 192 D _   0.014 0.057 0.001 0.019 0.009 0.018 0.064 0.817 
 193 F _   0.014 0.067 0.001 0.021 0.010 0.019 0.063 0.805 
 194 R _   0.014 0.076 0.001 0.022 0.010 0.019 0.063 0.794 
 195 V _   0.015 0.083 0.001 0.022 0.010 0.019 0.062 0.787 
 196 L _   0.014 0.089 0.001 0.022 0.010 0.019 0.062 0.783 
 197 G _   0.014 0.093 0.001 0.021 0.010 0.019 0.061 0.780 
 198 K _   0.014 0.096 0.001 0.020 0.009 0.019 0.061 0.779 
 199 G _   0.014 0.098 0.001 0.019 0.009 0.018 0.061 0.779 
 200 G _   0.014 0.100 0.001 0.018 0.009 0.018 0.061 0.780 
 201 F _   0.013 0.102 0.001 0.017 0.008 0.018 0.062 0.779 
 202 G _   0.014 0.104 0.001 0.017 0.008 0.018 0.062 0.777 
 203 E _   0.013 0.106 0.001 0.017 0.008 0.017 0.062 0.775 
 204 V _   0.013 0.108 0.001 0.018 0.008 0.017 0.063 0.772 
 205 S _   0.013 0.110 0.001 0.019 0.008 0.017 0.064 0.768 
 206 A _   0.013 0.111 0.001 0.020 0.008 0.017 0.064 0.766 
 207 C _   0.013 0.112 0.001 0.021 0.008 0.016 0.065 0.764 
 208 Q _   0.012 0.111 0.001 0.022 0.008 0.016 0.066 0.763 
 209 M _   0.012 0.110 0.001 0.023 0.008 0.015 0.067 0.764 
 210 K _   0.012 0.107 0.001 0.023 0.008 0.015 0.069 0.766 
 211 A _   0.011 0.103 0.001 0.023 0.007 0.014 0.071 0.771 
 212 T _   0.011 0.097 0.001 0.022 0.007 0.013 0.073 0.776 
 213 G _   0.011 0.090 0.001 0.021 0.006 0.013 0.075 0.783 
 214 K _   0.011 0.081 0.001 0.020 0.006 0.012 0.078 0.791 
 215 L _   0.011 0.071 0.001 0.019 0.005 0.011 0.081 0.802 
 216 Y _   0.010 0.059 0.001 0.017 0.005 0.010 0.084 0.814 
 217 A _   0.010 0.048 0.001 0.015 0.004 0.009 0.087 0.827 
 218 C _   0.009 0.037 0.000 0.012 0.003 0.009 0.090 0.839 
 219 K _   0.008 0.027 0.000 0.010 0.003 0.008 0.093 0.851 
 220 K _   0.008 0.019 0.000 0.008 0.002 0.007 0.095 0.861 
 221 L _   0.007 0.013 0.000 0.007 0.002 0.006 0.096 0.869 
 222 N _   0.006 0.009 0.000 0.006 0.002 0.006 0.097 0.875 
 223 K _   0.006 0.006 0.000 0.005 0.001 0.005 0.097 0.880 
 224 K _   0.005 0.004 0.000 0.004 0.001 0.005 0.096 0.883 
 225 R _   0.005 0.003 0.000 0.004 0.001 0.005 0.095 0.886 
 226 L _   0.004 0.003 0.000 0.004 0.001 0.005 0.094 0.888 
 227 K _   0.004 0.002 0.000 0.005 0.002 0.006 0.092 0.889 
 228 K _   0.004 0.002 0.000 0.005 0.002 0.006 0.089 0.890 
 229 R _   0.005 0.003 0.000 0.006 0.002 0.007 0.086 0.891 
 230 K _   0.005 0.003 0.000 0.008 0.002 0.009 0.082 0.891 
 231 G _   0.005 0.003 0.000 0.009 0.003 0.010 0.078 0.890 
 232 Y _   0.006 0.004 0.000 0.011 0.004 0.012 0.074 0.887 
 233 Q _   0.008 0.005 0.001 0.014 0.005 0.014 0.070 0.884 
 234 G _   0.010 0.006 0.001 0.016 0.006 0.017 0.065 0.880 
 235 A _   0.013 0.006 0.001 0.019 0.007 0.020 0.060 0.874 
 236 M _   0.019 0.006 0.001 0.020 0.009 0.022 0.056 0.867 
 237 V _   0.027 0.006 0.001 0.020 0.010 0.025 0.052 0.859 
 238 E _   0.041 0.005 0.001 0.019 0.012 0.027 0.047 0.848 
 239 K _   0.060 0.004 0.001 0.016 0.013 0.029 0.043 0.833 
 240 K _   0.087 0.003 0.001 0.013 0.014 0.031 0.039 0.813 
 241 I _   0.125 0.002 0.001 0.009 0.014 0.032 0.035 0.783 
 242 L _   0.173 0.001 0.001 0.006 0.014 0.032 0.031 0.742 
 243 M _   0.232 0.000 0.001 0.004 0.015 0.032 0.027 0.689 
 244 K _   0.300 0.000 0.001 0.003 0.017 0.033 0.023 0.624 
 245 V _   0.375 0.000 0.001 0.002 0.019 0.033 0.020 0.549 
 246 H _   0.454 0.000 0.001 0.002 0.022 0.033 0.017 0.471 
 247 S H   0.526 0.000 0.002 0.002 0.026 0.032 0.015 0.398 
 248 R H   0.588 0.000 0.002 0.002 0.029 0.031 0.014 0.334 
 249 F H   0.638 0.000 0.002 0.002 0.031 0.030 0.013 0.284 
 250 I H   0.675 0.000 0.002 0.003 0.032 0.028 0.012 0.248 
 251 V H   0.696 0.000 0.002 0.003 0.032 0.026 0.012 0.229 
 252 S H   0.702 0.000 0.002 0.004 0.030 0.024 0.013 0.226 
 253 L H   0.693 0.000 0.002 0.004 0.027 0.022 0.014 0.239 
 254 A H   0.670 0.000 0.002 0.003 0.023 0.020 0.015 0.267 
 255 Y H   0.633 0.000 0.001 0.003 0.019 0.018 0.016 0.309 
 256 A H   0.585 0.000 0.001 0.002 0.014 0.016 0.018 0.364 
 257 F H   0.532 0.000 0.001 0.001 0.009 0.015 0.020 0.421 
 258 E H   0.484 0.000 0.001 0.001 0.007 0.015 0.022 0.471 
 259 T _   0.451 0.000 0.001 0.001 0.005 0.015 0.024 0.504 
 260 K _   0.432 0.000 0.001 0.001 0.005 0.016 0.026 0.519 
 261 A _   0.428 0.000 0.001 0.001 0.007 0.019 0.028 0.517 
 262 D _   0.437 0.000 0.001 0.001 0.010 0.023 0.030 0.499 
 263 L _   0.450 0.000 0.001 0.002 0.015 0.027 0.033 0.472 
 264 C H   0.463 0.000 0.001 0.003 0.022 0.032 0.036 0.441 
 265 L H   0.470 0.001 0.002 0.007 0.031 0.036 0.040 0.413 
 266 V H   0.468 0.003 0.002 0.012 0.038 0.039 0.046 0.393 
 267 M H   0.454 0.005 0.003 0.017 0.042 0.040 0.052 0.387 
 268 T H   0.430 0.006 0.003 0.020 0.043 0.040 0.061 0.397 
 269 I _   0.395 0.007 0.003 0.021 0.041 0.039 0.071 0.424 
 270 M _   0.351 0.006 0.003 0.020 0.037 0.037 0.082 0.465 
 271 N _   0.301 0.005 0.002 0.017 0.031 0.034 0.095 0.515 
 272 G _   0.249 0.004 0.002 0.015 0.024 0.030 0.108 0.567 
 273 G _   0.200 0.003 0.002 0.013 0.018 0.027 0.122 0.616 
 274 D _   0.155 0.003 0.001 0.012 0.013 0.024 0.135 0.657 
 275 I _   0.117 0.002 0.001 0.011 0.010 0.021 0.148 0.690 
 276 R _   0.085 0.002 0.001 0.011 0.008 0.018 0.160 0.714 
 277 Y _   0.061 0.002 0.001 0.012 0.006 0.015 0.171 0.732 
 278 H _   0.043 0.002 0.001 0.011 0.005 0.013 0.181 0.743 
 279 I _   0.030 0.002 0.001 0.011 0.004 0.011 0.190 0.752 
 280 Y _   0.021 0.001 0.000 0.010 0.003 0.009 0.197 0.758 
 281 N _   0.014 0.001 0.000 0.008 0.003 0.007 0.203 0.763 
 282 V _   0.010 0.001 0.000 0.006 0.002 0.006 0.208 0.766 
 283 N _   0.008 0.001 0.000 0.005 0.001 0.005 0.212 0.769 
 284 E _   0.006 0.000 0.000 0.003 0.001 0.004 0.214 0.771 
 285 E _   0.004 0.000 0.000 0.002 0.001 0.004 0.215 0.773 
 286 N _   0.004 0.000 0.000 0.002 0.001 0.004 0.216 0.774 
 287 P _   0.004 0.000 0.000 0.002 0.001 0.005 0.215 0.774 
 288 G _   0.005 0.000 0.000 0.002 0.001 0.007 0.213 0.772 
 289 F _   0.009 0.000 0.000 0.002 0.001 0.010 0.211 0.767 
 290 P _   0.016 0.000 0.000 0.003 0.002 0.017 0.207 0.755 
 291 E _   0.030 0.001 0.000 0.004 0.005 0.027 0.201 0.732 
 292 P _   0.052 0.002 0.001 0.006 0.010 0.041 0.193 0.695 
 293 R _   0.083 0.005 0.001 0.010 0.019 0.057 0.183 0.640 
 294 A _   0.116 0.012 0.002 0.015 0.034 0.074 0.173 0.574 
 295 L _   0.149 0.021 0.003 0.021 0.052 0.089 0.162 0.504 
 296 F _   0.177 0.031 0.003 0.027 0.068 0.099 0.153 0.442 
 297 Y _   0.200 0.039 0.003 0.032 0.081 0.104 0.146 0.394 
 298 T _   0.219 0.045 0.003 0.035 0.089 0.105 0.141 0.361 
 299 A _   0.233 0.049 0.003 0.037 0.092 0.103 0.138 0.345 
 300 Q _   0.242 0.049 0.003 0.036 0.091 0.099 0.136 0.344 
 301 I _   0.245 0.048 0.003 0.034 0.086 0.092 0.136 0.356 
 302 I _   0.244 0.043 0.003 0.029 0.077 0.085 0.136 0.383 
 303 C _   0.235 0.036 0.003 0.023 0.065 0.076 0.138 0.423 
 304 G _   0.219 0.027 0.003 0.018 0.052 0.068 0.140 0.473 
 305 L _   0.197 0.019 0.002 0.014 0.040 0.059 0.142 0.527 
 306 E _   0.171 0.013 0.002 0.011 0.029 0.052 0.145 0.578 
 307 H _   0.143 0.009 0.001 0.009 0.021 0.045 0.148 0.623 
 308 L _   0.117 0.007 0.001 0.008 0.016 0.039 0.151 0.661 
 309 H _   0.094 0.006 0.001 0.009 0.012 0.034 0.154 0.690 
 310 Q _   0.075 0.006 0.001 0.009 0.010 0.029 0.157 0.713 
 311 R _   0.058 0.006 0.001 0.011 0.009 0.026 0.159 0.730 
 312 R _   0.045 0.006 0.001 0.012 0.008 0.022 0.161 0.744 
 313 I _   0.035 0.006 0.001 0.013 0.007 0.020 0.163 0.755 
 314 V _   0.027 0.007 0.001 0.014 0.006 0.017 0.165 0.764 
 315 Y _   0.021 0.007 0.001 0.014 0.006 0.015 0.167 0.771 
 316 R _   0.016 0.006 0.001 0.013 0.005 0.013 0.169 0.776 
 317 D _   0.013 0.006 0.001 0.013 0.004 0.011 0.171 0.781 
 318 L _   0.011 0.005 0.000 0.012 0.004 0.010 0.173 0.785 
 319 K _   0.009 0.005 0.000 0.010 0.003 0.009 0.175 0.788 
 320 P _   0.008 0.004 0.000 0.009 0.003 0.008 0.177 0.791 
 321 E _   0.007 0.004 0.000 0.008 0.003 0.007 0.178 0.794 
 322 N _   0.006 0.003 0.000 0.007 0.002 0.006 0.179 0.796 
 323 V _   0.006 0.003 0.000 0.006 0.002 0.005 0.180 0.798 
 324 L _   0.005 0.002 0.000 0.005 0.002 0.005 0.180 0.800 
 325 L _   0.005 0.002 0.000 0.004 0.001 0.005 0.180 0.803 
 326 D _   0.004 0.002 0.000 0.003 0.001 0.005 0.179 0.805 
 327 N _   0.004 0.002 0.000 0.003 0.001 0.006 0.177 0.806 
 328 D _   0.005 0.003 0.000 0.003 0.001 0.007 0.175 0.805 
 329 G _   0.006 0.006 0.000 0.004 0.002 0.010 0.171 0.801 
 330 N _   0.009 0.012 0.000 0.006 0.004 0.014 0.166 0.788 
 331 V _   0.014 0.028 0.001 0.010 0.007 0.021 0.160 0.759 
 332 R _   0.019 0.067 0.001 0.019 0.014 0.028 0.150 0.702 
 333 I _   0.022 0.139 0.002 0.032 0.022 0.035 0.137 0.610 
 334 S _   0.023 0.232 0.003 0.048 0.029 0.038 0.124 0.502 
 335 D _   0.023 0.319 0.003 0.064 0.031 0.038 0.114 0.408 
 336 L E   0.021 0.376 0.002 0.076 0.031 0.037 0.106 0.350 
 337 G E   0.021 0.406 0.002 0.083 0.029 0.035 0.102 0.322 
 338 L E   0.020 0.417 0.002 0.086 0.027 0.033 0.100 0.315 
 339 A E   0.019 0.418 0.002 0.084 0.025 0.030 0.099 0.323 
 340 V E   0.019 0.407 0.002 0.077 0.023 0.027 0.099 0.347 
 341 E _   0.018 0.379 0.002 0.066 0.020 0.024 0.100 0.391 
 342 L _   0.018 0.326 0.002 0.052 0.017 0.021 0.102 0.463 
 343 L _   0.017 0.250 0.002 0.038 0.013 0.018 0.106 0.556 
 344 D _   0.016 0.169 0.001 0.025 0.010 0.016 0.109 0.653 
 345 G _   0.014 0.105 0.001 0.016 0.006 0.013 0.112 0.733 
 346 Q _   0.011 0.068 0.001 0.009 0.004 0.011 0.113 0.783 
 347 S _   0.009 0.050 0.000 0.006 0.002 0.009 0.114 0.809 
 348 K _   0.007 0.043 0.000 0.004 0.002 0.008 0.113 0.822 
 349 T _   0.007 0.040 0.000 0.004 0.002 0.008 0.112 0.828 
 350 K _   0.006 0.041 0.000 0.004 0.002 0.009 0.110 0.828 
 351 G _   0.006 0.044 0.000 0.006 0.003 0.010 0.107 0.824 
 352 Y _   0.007 0.052 0.000 0.009 0.004 0.011 0.104 0.813 
 353 A _   0.007 0.065 0.001 0.014 0.005 0.013 0.099 0.795 
 354 G _   0.008 0.084 0.001 0.020 0.007 0.015 0.094 0.772 
 355 T _   0.008 0.105 0.001 0.027 0.008 0.016 0.089 0.746 
 356 P _   0.008 0.125 0.001 0.034 0.010 0.017 0.084 0.721 
 357 G _   0.008 0.141 0.001 0.040 0.011 0.018 0.079 0.701 
 358 F _   0.008 0.152 0.001 0.046 0.012 0.019 0.076 0.687 
 359 M _   0.008 0.158 0.001 0.049 0.013 0.019 0.073 0.678 
 360 A _   0.008 0.161 0.001 0.051 0.013 0.019 0.071 0.676 
 361 P _   0.008 0.159 0.001 0.050 0.013 0.018 0.070 0.680 
 362 E _   0.009 0.153 0.001 0.047 0.012 0.018 0.069 0.692 
 363 L _   0.009 0.141 0.001 0.043 0.011 0.017 0.069 0.710 
 364 L _   0.009 0.122 0.001 0.036 0.010 0.016 0.069 0.737 
 365 Q _   0.010 0.097 0.001 0.028 0.008 0.015 0.070 0.771 
 366 G _   0.011 0.067 0.001 0.021 0.007 0.014 0.070 0.810 
 367 E _   0.012 0.039 0.001 0.014 0.005 0.013 0.070 0.845 
 368 E _   0.015 0.019 0.001 0.009 0.004 0.013 0.070 0.870 
 369 Y _   0.020 0.007 0.000 0.005 0.003 0.013 0.070 0.881 
 370 D _   0.029 0.002 0.000 0.003 0.003 0.015 0.069 0.878 
 371 F _   0.047 0.001 0.000 0.002 0.003 0.017 0.067 0.862 
 372 S _   0.077 0.000 0.001 0.002 0.005 0.022 0.065 0.828 
 373 V _   0.125 0.000 0.001 0.002 0.008 0.029 0.063 0.772 
 374 D _   0.187 0.000 0.001 0.003 0.014 0.037 0.060 0.697 
 375 Y _   0.261 0.000 0.001 0.004 0.022 0.046 0.057 0.608 
 376 F _   0.331 0.000 0.002 0.005 0.032 0.054 0.055 0.521 
 377 A _   0.389 0.001 0.002 0.006 0.042 0.060 0.054 0.445 
 378 L H   0.436 0.002 0.002 0.008 0.052 0.063 0.053 0.384 
 379 G H   0.467 0.003 0.002 0.010 0.059 0.065 0.053 0.341 
 380 V H   0.487 0.004 0.003 0.011 0.063 0.064 0.054 0.314 
 381 T H   0.496 0.004 0.003 0.012 0.065 0.062 0.056 0.303 
 382 L H   0.490 0.005 0.003 0.013 0.064 0.059 0.059 0.309 
 383 Y H   0.473 0.005 0.003 0.013 0.060 0.055 0.063 0.328 
 384 E H   0.443 0.005 0.003 0.014 0.054 0.051 0.068 0.362 
 385 M _   0.401 0.005 0.003 0.015 0.046 0.046 0.074 0.411 
 386 I _   0.349 0.004 0.002 0.014 0.037 0.041 0.081 0.471 
 387 A _   0.291 0.004 0.002 0.014 0.028 0.035 0.089 0.537 
 388 A _   0.233 0.003 0.002 0.013 0.020 0.030 0.098 0.602 
 389 R _   0.179 0.002 0.001 0.012 0.014 0.025 0.106 0.660 
 390 G _   0.132 0.002 0.001 0.011 0.010 0.021 0.113 0.710 
 391 P _   0.094 0.002 0.001 0.009 0.007 0.017 0.120 0.750 
 392 F _   0.064 0.001 0.001 0.008 0.005 0.014 0.126 0.781 
 393 R _   0.043 0.001 0.000 0.007 0.004 0.011 0.130 0.803 
 394 A _   0.028 0.001 0.000 0.006 0.003 0.010 0.134 0.818 
 395 R _   0.019 0.001 0.000 0.005 0.002 0.008 0.136 0.828 
 396 G _   0.013 0.001 0.000 0.005 0.002 0.007 0.138 0.834 
 397 E _   0.009 0.001 0.000 0.004 0.002 0.006 0.140 0.837 
 398 K _   0.007 0.002 0.000 0.004 0.002 0.006 0.140 0.839 
 399 V _   0.006 0.003 0.000 0.004 0.002 0.006 0.140 0.838 
 400 E _   0.006 0.004 0.000 0.005 0.002 0.007 0.140 0.835 
 401 N _   0.006 0.007 0.000 0.007 0.003 0.008 0.140 0.829 
 402 K _   0.007 0.012 0.000 0.010 0.003 0.010 0.139 0.820 
 403 E _   0.007 0.019 0.001 0.014 0.005 0.011 0.138 0.806 
 404 L _   0.008 0.028 0.001 0.019 0.006 0.013 0.136 0.789 
 405 K _   0.009 0.036 0.001 0.025 0.008 0.014 0.135 0.771 
 406 H _   0.009 0.044 0.001 0.032 0.009 0.015 0.135 0.756 
 407 R _   0.009 0.048 0.001 0.036 0.009 0.016 0.135 0.745 
 408 I _   0.010 0.051 0.001 0.038 0.010 0.016 0.136 0.739 
 409 I _   0.010 0.052 0.001 0.038 0.009 0.015 0.137 0.738 
 410 S _   0.010 0.050 0.001 0.034 0.008 0.014 0.139 0.744 
 411 E _   0.009 0.045 0.001 0.029 0.007 0.013 0.142 0.754 
 412 P _   0.009 0.039 0.001 0.022 0.006 0.011 0.145 0.768 
 413 V _   0.008 0.031 0.001 0.016 0.004 0.010 0.148 0.783 
 414 K _   0.007 0.024 0.000 0.011 0.003 0.008 0.150 0.795 
 415 Y _   0.007 0.018 0.000 0.008 0.002 0.007 0.152 0.805 
 416 P _   0.006 0.015 0.000 0.005 0.002 0.007 0.154 0.812 
 417 D _   0.005 0.013 0.000 0.004 0.002 0.006 0.154 0.815 
 418 K _   0.005 0.012 0.000 0.004 0.002 0.006 0.155 0.815 
 419 F _   0.005 0.013 0.000 0.005 0.002 0.007 0.154 0.814 
 420 S _   0.005 0.015 0.000 0.007 0.002 0.008 0.153 0.810 
 421 Q _   0.006 0.019 0.000 0.009 0.003 0.009 0.152 0.802 
 422 A _   0.006 0.024 0.000 0.014 0.004 0.010 0.150 0.792 
 423 S _   0.006 0.031 0.001 0.019 0.005 0.011 0.148 0.780 
 424 K _   0.007 0.037 0.001 0.024 0.006 0.012 0.146 0.767 
 425 D _   0.007 0.042 0.001 0.029 0.007 0.012 0.145 0.757 
 426 F _   0.007 0.045 0.001 0.032 0.007 0.013 0.144 0.750 
 427 C _   0.007 0.046 0.001 0.033 0.007 0.012 0.144 0.749 
 428 E _   0.007 0.046 0.001 0.032 0.007 0.012 0.145 0.751 
 429 A _   0.007 0.043 0.001 0.028 0.006 0.011 0.146 0.759 
 430 L _   0.007 0.038 0.001 0.022 0.005 0.009 0.147 0.771 
 431 L _   0.006 0.031 0.000 0.016 0.004 0.008 0.149 0.785 
 432 E _   0.006 0.025 0.000 0.011 0.003 0.007 0.150 0.798 
 433 K _   0.006 0.019 0.000 0.008 0.002 0.006 0.151 0.808 
 434 D _   0.005 0.015 0.000 0.005 0.002 0.006 0.151 0.815 
 435 P _   0.005 0.013 0.000 0.004 0.001 0.005 0.151 0.819 
 436 E _   0.005 0.013 0.000 0.004 0.001 0.005 0.150 0.821 
 437 K _   0.005 0.013 0.000 0.005 0.002 0.006 0.149 0.820 
 438 R _   0.005 0.014 0.000 0.006 0.002 0.007 0.147 0.818 
 439 L _   0.005 0.017 0.000 0.008 0.002 0.007 0.145 0.814 
 440 G _   0.006 0.021 0.000 0.010 0.003 0.008 0.143 0.810 
 441 F _   0.006 0.025 0.000 0.012 0.003 0.009 0.140 0.805 
 442 R _   0.006 0.029 0.000 0.014 0.004 0.009 0.137 0.801 
 443 D _   0.006 0.033 0.001 0.015 0.004 0.010 0.134 0.798 
 444 E _   0.005 0.036 0.001 0.016 0.004 0.010 0.131 0.797 
 445 T _   0.006 0.039 0.001 0.016 0.004 0.010 0.128 0.796 
 446 C _   0.006 0.042 0.001 0.017 0.005 0.010 0.125 0.795 
 447 D _   0.006 0.044 0.001 0.017 0.005 0.011 0.123 0.794 
 448 K _   0.006 0.045 0.001 0.017 0.005 0.011 0.121 0.794 
 449 L _   0.006 0.046 0.001 0.016 0.005 0.011 0.120 0.795 
 450 R _   0.007 0.047 0.001 0.016 0.005 0.011 0.118 0.796 
 451 A _   0.007 0.047 0.001 0.015 0.005 0.011 0.117 0.798 
 452 H _   0.007 0.047 0.001 0.014 0.004 0.011 0.116 0.801 
 453 P _   0.007 0.047 0.001 0.013 0.004 0.011 0.115 0.804 
 454 L _   0.007 0.046 0.000 0.011 0.004 0.011 0.114 0.808 
 455 F _   0.007 0.046 0.000 0.010 0.004 0.011 0.112 0.811 
 456 K _   0.007 0.046 0.000 0.009 0.004 0.011 0.111 0.812 
 457 D _   0.008 0.047 0.000 0.008 0.004 0.012 0.109 0.812 
 458 L _   0.008 0.049 0.000 0.009 0.004 0.014 0.107 0.808 
 459 N _   0.009 0.054 0.001 0.010 0.005 0.015 0.105 0.800 
 460 W _   0.011 0.062 0.001 0.013 0.007 0.017 0.103 0.786 
 461 R _   0.012 0.074 0.001 0.018 0.009 0.020 0.100 0.766 
 462 Q _   0.014 0.088 0.001 0.024 0.011 0.022 0.097 0.742 
 463 L _   0.015 0.103 0.001 0.031 0.014 0.023 0.094 0.718 
 464 E _   0.016 0.116 0.001 0.039 0.016 0.024 0.092 0.696 
 465 A _   0.017 0.125 0.001 0.044 0.017 0.025 0.091 0.681 
 466 G _   0.017 0.130 0.001 0.047 0.017 0.024 0.090 0.674 
 467 M _   0.017 0.130 0.001 0.047 0.016 0.023 0.089 0.676 
 468 L _   0.017 0.126 0.001 0.044 0.015 0.021 0.090 0.687 
 469 M _   0.016 0.117 0.001 0.039 0.013 0.019 0.090 0.705 
 470 P _   0.015 0.103 0.001 0.031 0.010 0.017 0.092 0.731 
 471 P _   0.013 0.085 0.001 0.024 0.008 0.014 0.093 0.762 
 472 F _   0.011 0.066 0.001 0.017 0.006 0.012 0.094 0.792 
 473 I _   0.010 0.049 0.001 0.012 0.005 0.011 0.095 0.817 
 474 P _   0.009 0.038 0.000 0.009 0.003 0.009 0.096 0.835 
 475 D _   0.008 0.031 0.000 0.006 0.003 0.008 0.096 0.847 
 476 S _   0.007 0.027 0.000 0.005 0.002 0.008 0.096 0.853 
 477 K _   0.007 0.026 0.000 0.005 0.002 0.008 0.095 0.857 
 478 T _   0.006 0.026 0.000 0.005 0.002 0.008 0.094 0.858 
 479 V _   0.006 0.028 0.000 0.006 0.003 0.009 0.093 0.856 
 480 Y _   0.007 0.031 0.000 0.007 0.003 0.010 0.091 0.851 
 481 A _   0.007 0.037 0.000 0.009 0.004 0.011 0.088 0.843 
 482 K _   0.008 0.046 0.001 0.011 0.005 0.013 0.086 0.832 
 483 D _   0.008 0.059 0.001 0.013 0.006 0.015 0.082 0.817 
 484 I _   0.009 0.074 0.001 0.016 0.007 0.017 0.079 0.796 
 485 Q _   0.010 0.094 0.001 0.020 0.009 0.019 0.075 0.772 
 486 D _   0.011 0.114 0.001 0.023 0.011 0.021 0.071 0.747 
 487 V _   0.012 0.136 0.001 0.028 0.013 0.023 0.068 0.718 
 488 G _   0.013 0.157 0.001 0.033 0.015 0.025 0.065 0.691 
 489 A _   0.014 0.174 0.001 0.038 0.017 0.026 0.062 0.667 
 490 F _   0.015 0.187 0.001 0.042 0.018 0.026 0.060 0.650 
 491 S _   0.016 0.194 0.001 0.045 0.018 0.026 0.059 0.640 
 492 T _   0.016 0.196 0.001 0.046 0.018 0.026 0.058 0.638 
 493 V _   0.016 0.194 0.001 0.045 0.017 0.025 0.057 0.645 
 494 K _   0.016 0.186 0.001 0.041 0.015 0.023 0.058 0.660 
 495 G _   0.016 0.171 0.001 0.034 0.013 0.022 0.058 0.684 
 496 V _   0.016 0.152 0.001 0.027 0.011 0.020 0.059 0.715 
 497 A _   0.015 0.128 0.001 0.020 0.009 0.019 0.060 0.748 
 498 F _   0.014 0.105 0.001 0.014 0.007 0.017 0.060 0.781 
 499 D _   0.013 0.088 0.001 0.010 0.006 0.017 0.061 0.804 
 500 K _   0.012 0.078 0.001 0.008 0.005 0.016 0.061 0.818 
 501 T _   0.012 0.073 0.001 0.008 0.005 0.017 0.061 0.824 
 502 D _   0.013 0.072 0.001 0.009 0.005 0.017 0.061 0.823 
 503 T _   0.013 0.073 0.001 0.012 0.006 0.018 0.061 0.816 
 504 E _   0.014 0.076 0.001 0.016 0.008 0.019 0.060 0.806 
 505 F _   0.014 0.080 0.001 0.021 0.009 0.020 0.060 0.795 
 506 F _   0.015 0.082 0.001 0.026 0.010 0.020 0.060 0.786 
 507 Q _   0.015 0.083 0.001 0.028 0.011 0.020 0.060 0.783 
 508 E _   0.014 0.081 0.001 0.028 0.011 0.019 0.060 0.786 
 509 F _   0.013 0.077 0.001 0.026 0.010 0.018 0.061 0.796 
 510 A _   0.012 0.069 0.001 0.022 0.008 0.017 0.061 0.810 
 511 T _   0.011 0.060 0.001 0.017 0.007 0.016 0.062 0.826 
 512 G _   0.011 0.051 0.001 0.012 0.005 0.015 0.063 0.841 
 513 N _   0.011 0.044 0.001 0.008 0.004 0.015 0.064 0.853 
 514 C _   0.012 0.040 0.000 0.006 0.004 0.015 0.064 0.858 
 515 P _   0.013 0.038 0.000 0.005 0.004 0.017 0.064 0.858 
 516 I _   0.015 0.039 0.000 0.005 0.005 0.020 0.064 0.851 
 517 P _   0.019 0.044 0.001 0.007 0.006 0.024 0.064 0.837 
 518 W _   0.023 0.055 0.001 0.009 0.010 0.029 0.063 0.810 
 519 Q _   0.028 0.079 0.001 0.014 0.015 0.034 0.061 0.766 
 520 E _   0.032 0.125 0.002 0.020 0.022 0.039 0.060 0.700 
 521 E _   0.034 0.189 0.003 0.027 0.028 0.042 0.058 0.620 
 522 M _   0.034 0.262 0.003 0.034 0.032 0.042 0.056 0.538 
 523 I _   0.033 0.330 0.003 0.039 0.033 0.041 0.055 0.467 
 524 E _   0.031 0.383 0.002 0.043 0.031 0.039 0.054 0.417 
 525 T E   0.028 0.418 0.002 0.046 0.030 0.036 0.054 0.385 
 526 G E   0.026 0.440 0.002 0.049 0.028 0.033 0.055 0.368 
 527 I E   0.024 0.451 0.002 0.049 0.025 0.031 0.057 0.361 
 528 F E   0.022 0.454 0.001 0.049 0.023 0.028 0.059 0.364 
 529 G E   0.020 0.450 0.001 0.047 0.020 0.025 0.062 0.374 
 530 E E   0.018 0.438 0.001 0.044 0.017 0.023 0.066 0.392 
 531 L _   0.017 0.417 0.001 0.040 0.015 0.020 0.070 0.419 
 532 N _   0.016 0.385 0.001 0.035 0.013 0.018 0.077 0.455 
 533 V _   0.015 0.342 0.001 0.030 0.010 0.016 0.084 0.502 
 534 W _   0.013 0.294 0.001 0.024 0.008 0.014 0.092 0.553 
 535 R _   0.012 0.248 0.001 0.019 0.006 0.012 0.099 0.603 
 536 S _   0.010 0.211 0.001 0.014 0.005 0.010 0.105 0.644 
 537 D _   0.008 0.184 0.000 0.010 0.003 0.009 0.110 0.675 
 538 G _   0.007 0.168 0.000 0.008 0.002 0.007 0.114 0.694 
 539 Q _   0.005 0.159 0.000 0.006 0.002 0.007 0.116 0.705 
 540 M _   0.005 0.156 0.000 0.006 0.002 0.006 0.118 0.709 
 541 P _   0.004 0.156 0.000 0.006 0.002 0.006 0.118 0.708 
 542 D _   0.004 0.160 0.000 0.007 0.002 0.007 0.119 0.702 
 543 D _   0.004 0.168 0.000 0.009 0.002 0.007 0.118 0.691 
 544 M _   0.004 0.180 0.000 0.011 0.003 0.008 0.117 0.676 
 545 K _   0.004 0.196 0.000 0.014 0.003 0.009 0.116 0.657 
 546 G _   0.004 0.216 0.001 0.016 0.004 0.010 0.114 0.636 
 547 I _   0.004 0.235 0.001 0.017 0.004 0.010 0.112 0.617 
 548 S _   0.004 0.255 0.001 0.018 0.004 0.011 0.110 0.598 
 549 G _   0.004 0.274 0.001 0.017 0.004 0.012 0.108 0.580 
 550 G _   0.005 0.295 0.001 0.017 0.005 0.013 0.106 0.560 
 551 S _   0.006 0.319 0.001 0.017 0.006 0.015 0.103 0.533 
 552 S _   0.007 0.352 0.001 0.018 0.007 0.017 0.100 0.498 
 553 S _   0.009 0.399 0.001 0.021 0.011 0.020 0.096 0.444 
 554 S E   0.010 0.472 0.002 0.024 0.015 0.021 0.091 0.366 
 555 S E   0.010 0.573 0.002 0.027 0.018 0.020 0.085 0.266 
 556 K E   0.007 0.680 0.002 0.028 0.017 0.016 0.080 0.169 
 557 S E   0.005 0.772 0.001 0.027 0.012 0.011 0.077 0.096 
 558 G E   0.002 0.823 0.001 0.025 0.007 0.006 0.076 0.060 
 559 M E   0.001 0.844 0.000 0.023 0.003 0.003 0.077 0.048 
 560 C E   0.001 0.851 0.000 0.021 0.001 0.002 0.078 0.047 
 561 L E   0.001 0.849 0.000 0.020 0.000 0.001 0.079 0.051 
 562 V E   0.001 0.836 0.000 0.021 0.001 0.001 0.079 0.061 
 563 S E   0.004 0.806 0.002 0.030 0.005 0.004 0.077 0.072 
