#TopoPred_TM8: 8-state transmembrane topology prediction results by no_profile mode 
#probabilities are in the order of H E C I L F X _, the 8 transmembrane topology types used in PDBTM 
   1 M X   0.011 0.001 0.002 0.048 0.008 0.008 0.795 0.128 
   2 G X   0.004 0.000 0.000 0.027 0.002 0.004 0.817 0.146 
   3 R X   0.001 0.000 0.000 0.013 0.000 0.002 0.823 0.160 
   4 K X   0.001 0.000 0.000 0.008 0.000 0.002 0.821 0.169 
   5 E X   0.001 0.000 0.000 0.006 0.000 0.002 0.815 0.175 
   6 E X   0.001 0.000 0.000 0.005 0.001 0.003 0.806 0.184 
   7 D X   0.002 0.000 0.000 0.005 0.001 0.004 0.795 0.194 
   8 D X   0.002 0.000 0.000 0.005 0.001 0.005 0.780 0.207 
   9 C X   0.002 0.000 0.000 0.006 0.001 0.006 0.761 0.223 
  10 S X   0.003 0.000 0.000 0.008 0.002 0.008 0.737 0.242 
  11 S X   0.003 0.000 0.000 0.009 0.003 0.010 0.709 0.265 
  12 W X   0.005 0.001 0.000 0.011 0.003 0.012 0.679 0.289 
  13 K X   0.007 0.001 0.001 0.011 0.004 0.015 0.646 0.316 
  14 K X   0.011 0.001 0.001 0.011 0.005 0.018 0.612 0.341 
  15 Q X   0.018 0.000 0.001 0.011 0.006 0.023 0.575 0.365 
  16 T X   0.032 0.000 0.001 0.010 0.009 0.029 0.533 0.385 
  17 T X   0.057 0.000 0.001 0.009 0.012 0.037 0.487 0.396 
  18 N X   0.093 0.000 0.002 0.009 0.018 0.046 0.436 0.396 
  19 I _   0.143 0.000 0.002 0.008 0.027 0.056 0.382 0.382 
  20 R _   0.206 0.000 0.002 0.008 0.037 0.065 0.328 0.353 
  21 K _   0.270 0.000 0.003 0.008 0.049 0.072 0.280 0.317 
  22 T H   0.331 0.001 0.003 0.008 0.060 0.076 0.240 0.280 
  23 F H   0.385 0.001 0.003 0.009 0.067 0.077 0.209 0.248 
  24 I H   0.426 0.001 0.003 0.010 0.070 0.075 0.187 0.227 
  25 F H   0.457 0.002 0.003 0.011 0.070 0.071 0.171 0.216 
  26 M H   0.478 0.002 0.003 0.010 0.066 0.066 0.158 0.217 
  27 E H   0.489 0.002 0.003 0.009 0.060 0.060 0.149 0.228 
  28 V H   0.489 0.001 0.002 0.007 0.052 0.055 0.141 0.252 
  29 L H   0.478 0.001 0.002 0.006 0.043 0.049 0.135 0.285 
  30 G H   0.455 0.000 0.002 0.004 0.035 0.045 0.131 0.328 
  31 S H   0.425 0.000 0.002 0.003 0.027 0.041 0.127 0.375 
  32 G _   0.389 0.000 0.001 0.003 0.022 0.038 0.125 0.422 
  33 A _   0.352 0.000 0.001 0.003 0.018 0.035 0.123 0.468 
  34 F _   0.313 0.000 0.001 0.003 0.015 0.034 0.122 0.511 
  35 S _   0.277 0.000 0.001 0.004 0.014 0.033 0.121 0.549 
  36 E _   0.242 0.000 0.001 0.005 0.014 0.032 0.121 0.584 
  37 V _   0.211 0.001 0.001 0.007 0.014 0.031 0.120 0.615 
  38 F _   0.181 0.001 0.001 0.008 0.013 0.030 0.120 0.645 
  39 L _   0.152 0.001 0.001 0.009 0.013 0.029 0.120 0.674 
  40 V _   0.127 0.002 0.001 0.010 0.012 0.028 0.120 0.701 
  41 K _   0.105 0.002 0.001 0.010 0.011 0.027 0.119 0.725 
  42 Q _   0.085 0.003 0.001 0.009 0.010 0.026 0.119 0.748 
  43 R _   0.069 0.003 0.001 0.009 0.009 0.024 0.118 0.765 
  44 L _   0.056 0.004 0.001 0.010 0.009 0.023 0.118 0.779 
  45 T _   0.046 0.005 0.001 0.011 0.009 0.023 0.117 0.789 
  46 G _   0.039 0.007 0.001 0.012 0.009 0.022 0.116 0.794 
  47 K _   0.033 0.009 0.001 0.015 0.009 0.021 0.116 0.796 
  48 L _   0.029 0.010 0.001 0.017 0.009 0.020 0.115 0.798 
  49 F _   0.025 0.012 0.001 0.019 0.009 0.019 0.115 0.799 
  50 A _   0.022 0.013 0.001 0.021 0.009 0.018 0.114 0.802 
  51 L _   0.019 0.014 0.001 0.021 0.008 0.017 0.114 0.806 
  52 K _   0.016 0.013 0.001 0.021 0.007 0.015 0.114 0.813 
  53 C _   0.014 0.012 0.001 0.019 0.006 0.013 0.114 0.821 
  54 I _   0.012 0.011 0.001 0.016 0.005 0.011 0.115 0.829 
  55 K _   0.011 0.009 0.001 0.013 0.004 0.010 0.115 0.838 
  56 K _   0.009 0.007 0.000 0.010 0.003 0.009 0.115 0.847 
  57 S _   0.008 0.005 0.000 0.008 0.003 0.007 0.115 0.854 
  58 P _   0.007 0.004 0.000 0.006 0.002 0.006 0.115 0.860 
  59 A _   0.006 0.003 0.000 0.005 0.002 0.006 0.114 0.865 
  60 F _   0.006 0.002 0.000 0.004 0.002 0.006 0.113 0.868 
  61 R _   0.005 0.002 0.000 0.004 0.002 0.006 0.111 0.870 
  62 D _   0.006 0.003 0.000 0.004 0.002 0.007 0.109 0.870 
  63 S _   0.006 0.004 0.000 0.005 0.002 0.008 0.107 0.868 
  64 S _   0.007 0.006 0.000 0.007 0.003 0.010 0.104 0.863 
  65 L _   0.008 0.009 0.001 0.010 0.004 0.012 0.101 0.855 
  66 E _   0.009 0.014 0.001 0.014 0.006 0.015 0.097 0.844 
  67 N _   0.011 0.021 0.001 0.020 0.008 0.017 0.093 0.830 
  68 E _   0.012 0.027 0.001 0.026 0.010 0.019 0.089 0.817 
  69 I _   0.013 0.032 0.001 0.030 0.011 0.020 0.086 0.807 
  70 A _   0.014 0.034 0.001 0.032 0.012 0.021 0.083 0.803 
  71 V _   0.014 0.036 0.001 0.032 0.012 0.022 0.080 0.803 
  72 L _   0.015 0.035 0.001 0.029 0.012 0.022 0.078 0.808 
  73 K _   0.015 0.033 0.001 0.025 0.011 0.021 0.077 0.817 
  74 K _   0.015 0.030 0.001 0.021 0.010 0.021 0.075 0.827 
  75 I _   0.015 0.027 0.001 0.018 0.009 0.020 0.074 0.837 
  76 K _   0.015 0.024 0.001 0.015 0.008 0.020 0.073 0.845 
  77 H _   0.015 0.021 0.001 0.014 0.008 0.020 0.072 0.850 
  78 E _   0.016 0.019 0.001 0.013 0.008 0.020 0.071 0.852 
  79 N _   0.017 0.018 0.001 0.014 0.008 0.020 0.070 0.853 
  80 I _   0.017 0.016 0.001 0.015 0.008 0.020 0.070 0.853 
  81 V _   0.018 0.015 0.001 0.016 0.008 0.020 0.069 0.853 
  82 T _   0.018 0.014 0.001 0.016 0.008 0.020 0.068 0.856 
  83 L _   0.018 0.011 0.001 0.015 0.008 0.020 0.067 0.860 
  84 E _   0.018 0.009 0.001 0.013 0.007 0.019 0.067 0.867 
  85 D _   0.018 0.006 0.001 0.010 0.006 0.019 0.066 0.874 
  86 I _   0.019 0.004 0.001 0.007 0.005 0.019 0.065 0.880 
  87 Y _   0.021 0.002 0.001 0.005 0.005 0.020 0.064 0.883 
  88 E _   0.025 0.001 0.000 0.004 0.004 0.022 0.063 0.881 
  89 S _   0.031 0.001 0.001 0.003 0.005 0.025 0.061 0.873 
  90 T _   0.040 0.001 0.001 0.003 0.007 0.030 0.060 0.859 
  91 T _   0.052 0.001 0.001 0.004 0.010 0.036 0.058 0.837 
  92 H _   0.066 0.002 0.001 0.007 0.016 0.043 0.056 0.809 
  93 Y _   0.081 0.004 0.001 0.010 0.023 0.050 0.054 0.776 
  94 Y _   0.094 0.007 0.002 0.016 0.030 0.056 0.053 0.742 
  95 L _   0.105 0.011 0.002 0.021 0.037 0.060 0.051 0.712 
  96 V _   0.113 0.014 0.002 0.026 0.041 0.063 0.050 0.691 
  97 M _   0.118 0.016 0.002 0.028 0.042 0.063 0.050 0.682 
  98 Q _   0.120 0.016 0.002 0.027 0.042 0.062 0.049 0.682 
  99 L _   0.119 0.015 0.002 0.024 0.039 0.059 0.049 0.692 
 100 V _   0.116 0.013 0.002 0.020 0.034 0.056 0.049 0.709 
 101 S _   0.110 0.011 0.002 0.016 0.029 0.053 0.050 0.730 
 102 G _   0.102 0.008 0.002 0.012 0.024 0.049 0.050 0.751 
 103 G _   0.094 0.007 0.001 0.010 0.020 0.046 0.051 0.770 
 104 E _   0.087 0.006 0.001 0.009 0.017 0.043 0.052 0.784 
 105 L _   0.080 0.005 0.001 0.009 0.016 0.041 0.052 0.795 
 106 F _   0.073 0.005 0.001 0.011 0.015 0.039 0.053 0.802 
 107 D _   0.066 0.006 0.001 0.013 0.015 0.037 0.054 0.808 
 108 R _   0.060 0.006 0.001 0.016 0.015 0.034 0.054 0.813 
 109 I _   0.053 0.007 0.001 0.019 0.014 0.032 0.055 0.819 
 110 L _   0.046 0.007 0.001 0.020 0.013 0.029 0.056 0.828 
 111 E _   0.039 0.006 0.001 0.018 0.011 0.026 0.057 0.841 
 112 R _   0.033 0.005 0.001 0.016 0.009 0.022 0.058 0.856 
 113 G _   0.028 0.004 0.001 0.012 0.007 0.020 0.059 0.871 
 114 V _   0.024 0.002 0.001 0.008 0.005 0.017 0.059 0.885 
 115 Y _   0.021 0.001 0.000 0.005 0.003 0.016 0.059 0.894 
 116 T _   0.021 0.000 0.000 0.003 0.003 0.015 0.059 0.898 
 117 E _   0.023 0.000 0.000 0.002 0.003 0.017 0.059 0.896 
 118 K _   0.028 0.000 0.000 0.002 0.003 0.019 0.058 0.888 
 119 D _   0.038 0.000 0.000 0.002 0.005 0.024 0.057 0.872 
 120 A _   0.052 0.001 0.001 0.004 0.009 0.032 0.057 0.845 
 121 S _   0.070 0.004 0.001 0.007 0.015 0.040 0.055 0.807 
 122 L _   0.087 0.012 0.002 0.013 0.024 0.049 0.054 0.760 
 123 V _   0.102 0.023 0.002 0.021 0.034 0.056 0.053 0.709 
 124 I _   0.113 0.036 0.002 0.030 0.041 0.060 0.052 0.665 
 125 Q _   0.118 0.045 0.002 0.038 0.045 0.062 0.052 0.637 
 126 Q _   0.120 0.051 0.003 0.042 0.047 0.062 0.052 0.624 
 127 V _   0.119 0.053 0.003 0.042 0.046 0.060 0.052 0.626 
 128 L _   0.114 0.052 0.002 0.038 0.043 0.056 0.053 0.642 
 129 S _   0.107 0.047 0.002 0.032 0.037 0.051 0.055 0.668 
 130 A _   0.098 0.041 0.002 0.026 0.030 0.046 0.056 0.700 
 131 V _   0.087 0.034 0.002 0.020 0.024 0.041 0.058 0.734 
 132 K _   0.076 0.028 0.001 0.016 0.018 0.036 0.060 0.764 
 133 Y _   0.065 0.023 0.001 0.014 0.014 0.031 0.062 0.790 
 134 L _   0.054 0.019 0.001 0.013 0.011 0.027 0.064 0.811 
 135 H _   0.045 0.016 0.001 0.012 0.009 0.023 0.066 0.827 
 136 E _   0.037 0.013 0.001 0.012 0.007 0.020 0.068 0.841 
 137 N _   0.031 0.012 0.001 0.011 0.006 0.017 0.070 0.852 
 138 G _   0.025 0.010 0.001 0.011 0.005 0.015 0.071 0.862 
 139 I _   0.021 0.008 0.001 0.010 0.004 0.013 0.072 0.871 
 140 V _   0.017 0.007 0.000 0.008 0.004 0.011 0.073 0.879 
 141 H _   0.014 0.005 0.000 0.007 0.003 0.009 0.074 0.886 
 142 R _   0.012 0.004 0.000 0.006 0.003 0.008 0.075 0.892 
 143 D _   0.010 0.004 0.000 0.005 0.002 0.008 0.075 0.896 
 144 L _   0.008 0.004 0.000 0.005 0.002 0.007 0.075 0.899 
 145 K _   0.008 0.004 0.000 0.005 0.002 0.007 0.074 0.900 
 146 P _   0.007 0.004 0.000 0.006 0.002 0.007 0.074 0.899 
 147 E _   0.007 0.006 0.000 0.007 0.003 0.008 0.073 0.897 
 148 N _   0.007 0.007 0.000 0.008 0.003 0.008 0.072 0.895 
 149 L _   0.007 0.009 0.000 0.009 0.003 0.008 0.070 0.893 
 150 L _   0.007 0.011 0.000 0.010 0.003 0.009 0.069 0.891 
 151 Y _   0.007 0.013 0.000 0.010 0.003 0.009 0.067 0.890 
 152 L _   0.006 0.016 0.000 0.010 0.003 0.009 0.065 0.890 
 153 T _   0.006 0.018 0.000 0.009 0.003 0.010 0.063 0.890 
 154 P _   0.006 0.021 0.000 0.009 0.004 0.011 0.061 0.888 
 155 E _   0.007 0.025 0.000 0.009 0.004 0.012 0.059 0.884 
 156 E _   0.008 0.031 0.001 0.011 0.005 0.014 0.056 0.875 
 157 N _   0.009 0.040 0.001 0.014 0.006 0.016 0.054 0.860 
 158 S _   0.011 0.053 0.001 0.018 0.009 0.019 0.051 0.839 
 159 K _   0.013 0.069 0.001 0.025 0.011 0.021 0.047 0.812 
 160 I _   0.014 0.085 0.001 0.033 0.014 0.023 0.045 0.786 
 161 M _   0.014 0.098 0.001 0.040 0.015 0.025 0.042 0.764 
 162 I _   0.015 0.106 0.001 0.045 0.016 0.025 0.040 0.751 
 163 T _   0.015 0.110 0.001 0.046 0.017 0.025 0.038 0.748 
 164 D _   0.014 0.110 0.001 0.044 0.016 0.024 0.037 0.754 
 165 F _   0.014 0.105 0.001 0.039 0.014 0.023 0.036 0.768 
 166 G _   0.014 0.097 0.001 0.032 0.012 0.021 0.035 0.788 
 167 L _   0.014 0.085 0.001 0.025 0.010 0.020 0.034 0.811 
 168 S _   0.013 0.072 0.001 0.018 0.009 0.019 0.034 0.834 
 169 K _   0.013 0.061 0.001 0.013 0.007 0.018 0.033 0.854 
 170 M _   0.013 0.053 0.001 0.010 0.006 0.018 0.033 0.867 
 171 E _   0.013 0.048 0.001 0.009 0.006 0.018 0.032 0.874 
 172 Q _   0.014 0.046 0.001 0.009 0.006 0.018 0.031 0.875 
 173 N _   0.015 0.046 0.001 0.010 0.007 0.019 0.030 0.872 
 174 G _   0.017 0.048 0.001 0.013 0.008 0.020 0.030 0.865 
 175 I _   0.018 0.050 0.001 0.016 0.009 0.021 0.029 0.857 
 176 M _   0.019 0.052 0.001 0.019 0.011 0.021 0.028 0.849 
 177 S _   0.020 0.053 0.001 0.022 0.012 0.022 0.027 0.845 
 178 T _   0.020 0.053 0.001 0.023 0.012 0.021 0.026 0.844 
 179 A _   0.020 0.051 0.001 0.022 0.012 0.021 0.026 0.848 
 180 C _   0.019 0.048 0.001 0.021 0.011 0.020 0.025 0.855 
 181 G _   0.017 0.045 0.001 0.018 0.010 0.019 0.025 0.865 
 182 T _   0.017 0.040 0.001 0.016 0.009 0.018 0.024 0.875 
 183 P _   0.016 0.037 0.001 0.015 0.008 0.017 0.024 0.883 
 184 G _   0.015 0.034 0.001 0.014 0.007 0.017 0.024 0.889 
 185 Y _   0.014 0.032 0.001 0.015 0.007 0.016 0.023 0.892 
 186 V _   0.014 0.030 0.001 0.016 0.007 0.016 0.023 0.894 
 187 A _   0.013 0.028 0.001 0.018 0.007 0.015 0.022 0.895 
 188 P _   0.012 0.026 0.001 0.019 0.007 0.015 0.022 0.898 
 189 E _   0.012 0.024 0.001 0.020 0.007 0.014 0.021 0.901 
 190 V _   0.012 0.021 0.001 0.019 0.006 0.013 0.021 0.908 
 191 L _   0.012 0.017 0.001 0.016 0.006 0.011 0.020 0.917 
 192 A _   0.013 0.012 0.001 0.012 0.005 0.010 0.020 0.928 
 193 Q _   0.014 0.007 0.000 0.009 0.004 0.009 0.019 0.938 
 194 K _   0.018 0.003 0.000 0.006 0.003 0.008 0.018 0.943 
 195 P _   0.026 0.001 0.000 0.003 0.003 0.007 0.017 0.942 
 196 Y _   0.041 0.000 0.000 0.002 0.002 0.007 0.016 0.931 
 197 S _   0.070 0.000 0.000 0.001 0.003 0.008 0.014 0.904 
 198 K _   0.120 0.000 0.001 0.001 0.004 0.009 0.012 0.853 
 199 A _   0.203 0.000 0.001 0.001 0.005 0.010 0.010 0.769 
 200 V _   0.320 0.000 0.001 0.001 0.007 0.012 0.008 0.651 
 201 D _   0.455 0.000 0.001 0.001 0.010 0.014 0.006 0.514 
 202 C H   0.592 0.000 0.001 0.001 0.013 0.015 0.004 0.374 
 203 W H   0.708 0.000 0.001 0.001 0.016 0.014 0.003 0.256 
 204 S H   0.791 0.000 0.001 0.001 0.018 0.014 0.002 0.173 
 205 I H   0.845 0.000 0.001 0.001 0.019 0.012 0.002 0.120 
 206 G H   0.877 0.000 0.001 0.001 0.020 0.011 0.001 0.089 
 207 V H   0.893 0.000 0.001 0.001 0.020 0.010 0.001 0.074 
 208 I H   0.897 0.000 0.001 0.001 0.020 0.009 0.002 0.070 
 209 T H   0.890 0.000 0.001 0.001 0.021 0.009 0.002 0.076 
 210 Y H   0.870 0.000 0.001 0.001 0.022 0.009 0.002 0.094 
 211 I H   0.834 0.000 0.002 0.001 0.022 0.010 0.003 0.128 
 212 L H   0.774 0.000 0.002 0.002 0.022 0.010 0.005 0.186 
 213 L H   0.686 0.000 0.002 0.002 0.020 0.011 0.008 0.270 
 214 C H   0.578 0.000 0.002 0.003 0.018 0.012 0.012 0.376 
 215 G _   0.460 0.000 0.002 0.003 0.014 0.012 0.016 0.493 
 216 Y _   0.345 0.000 0.001 0.003 0.010 0.011 0.021 0.607 
 217 P _   0.246 0.000 0.001 0.003 0.008 0.011 0.026 0.704 
 218 P _   0.167 0.000 0.001 0.003 0.006 0.010 0.031 0.782 
 219 F _   0.108 0.000 0.001 0.003 0.004 0.009 0.034 0.841 
 220 Y _   0.069 0.000 0.000 0.003 0.003 0.008 0.037 0.879 
 221 E _   0.043 0.001 0.000 0.003 0.003 0.008 0.039 0.903 
 222 E _   0.028 0.001 0.000 0.004 0.003 0.008 0.041 0.916 
 223 T _   0.019 0.002 0.000 0.004 0.003 0.008 0.042 0.921 
 224 E _   0.015 0.005 0.000 0.006 0.003 0.009 0.043 0.920 
 225 S _   0.012 0.009 0.000 0.008 0.004 0.010 0.043 0.914 
 226 K _   0.011 0.015 0.001 0.011 0.004 0.011 0.044 0.903 
 227 L _   0.010 0.024 0.001 0.015 0.005 0.012 0.044 0.889 
 228 F _   0.010 0.033 0.001 0.018 0.006 0.013 0.044 0.875 
 229 E _   0.009 0.042 0.001 0.021 0.007 0.013 0.045 0.862 
 230 K _   0.009 0.049 0.001 0.023 0.007 0.013 0.045 0.852 
 231 I _   0.009 0.054 0.001 0.024 0.007 0.014 0.046 0.846 
 232 K _   0.008 0.057 0.001 0.025 0.007 0.014 0.047 0.841 
 233 E _   0.008 0.059 0.001 0.024 0.007 0.013 0.048 0.838 
 234 G _   0.008 0.060 0.001 0.024 0.007 0.013 0.050 0.837 
 235 Y _   0.008 0.060 0.001 0.023 0.007 0.013 0.052 0.837 
 236 Y _   0.008 0.059 0.001 0.022 0.006 0.012 0.054 0.838 
 237 E _   0.008 0.058 0.001 0.020 0.006 0.012 0.056 0.840 
 238 F _   0.008 0.055 0.001 0.019 0.005 0.011 0.058 0.843 
 239 E _   0.008 0.052 0.001 0.017 0.005 0.010 0.061 0.847 
 240 S _   0.007 0.049 0.001 0.014 0.004 0.010 0.063 0.853 
 241 P _   0.007 0.045 0.000 0.012 0.004 0.009 0.065 0.858 
 242 F _   0.006 0.043 0.000 0.009 0.003 0.008 0.067 0.863 
 243 W _   0.006 0.040 0.000 0.008 0.003 0.008 0.069 0.866 
 244 D _   0.006 0.039 0.000 0.007 0.002 0.008 0.070 0.867 
 245 D _   0.006 0.040 0.000 0.006 0.002 0.009 0.071 0.865 
 246 I _   0.006 0.042 0.000 0.007 0.003 0.010 0.072 0.859 
 247 S _   0.008 0.048 0.000 0.009 0.004 0.013 0.072 0.846 
 248 E _   0.009 0.059 0.001 0.013 0.006 0.015 0.072 0.824 
 249 S _   0.011 0.079 0.001 0.021 0.009 0.018 0.072 0.788 
 250 A _   0.013 0.106 0.001 0.032 0.012 0.021 0.072 0.742 
 251 K _   0.014 0.133 0.001 0.045 0.015 0.023 0.072 0.696 
 252 D _   0.015 0.153 0.001 0.057 0.017 0.024 0.072 0.660 
 253 F _   0.015 0.165 0.001 0.065 0.018 0.024 0.074 0.638 
 254 I _   0.015 0.169 0.001 0.069 0.017 0.023 0.076 0.629 
 255 C _   0.015 0.166 0.001 0.066 0.016 0.022 0.079 0.634 
 256 H _   0.014 0.157 0.001 0.059 0.014 0.020 0.083 0.653 
 257 L _   0.013 0.137 0.001 0.047 0.012 0.017 0.088 0.685 
 258 L _   0.012 0.107 0.001 0.034 0.009 0.014 0.094 0.729 
 259 E _   0.011 0.073 0.001 0.021 0.006 0.012 0.100 0.776 
 260 K _   0.010 0.044 0.001 0.012 0.004 0.010 0.105 0.815 
 261 D _   0.008 0.027 0.000 0.007 0.003 0.008 0.109 0.839 
 262 P _   0.007 0.019 0.000 0.004 0.002 0.007 0.111 0.851 
 263 N _   0.006 0.016 0.000 0.003 0.001 0.007 0.112 0.854 
 264 E _   0.006 0.015 0.000 0.003 0.002 0.007 0.113 0.854 
 265 R _   0.006 0.017 0.000 0.005 0.002 0.008 0.113 0.850 
 266 Y _   0.007 0.020 0.000 0.007 0.003 0.009 0.113 0.842 
 267 T _   0.007 0.026 0.000 0.010 0.003 0.010 0.111 0.832 
 268 C _   0.007 0.034 0.001 0.014 0.004 0.011 0.110 0.818 
 269 E _   0.007 0.044 0.001 0.019 0.005 0.012 0.108 0.804 
 270 K _   0.007 0.053 0.001 0.022 0.006 0.013 0.107 0.791 
 271 A _   0.007 0.061 0.001 0.025 0.007 0.013 0.105 0.782 
 272 L _   0.006 0.067 0.001 0.026 0.007 0.013 0.104 0.775 
 273 S _   0.006 0.071 0.001 0.026 0.007 0.013 0.104 0.772 
 274 H _   0.006 0.073 0.001 0.026 0.007 0.013 0.104 0.770 
 275 P _   0.006 0.074 0.001 0.025 0.007 0.012 0.104 0.770 
 276 W _   0.007 0.074 0.001 0.024 0.007 0.012 0.104 0.772 
 277 I _   0.007 0.073 0.001 0.022 0.006 0.012 0.105 0.774 
 278 D _   0.007 0.070 0.001 0.020 0.006 0.012 0.107 0.778 
 279 G _   0.007 0.067 0.001 0.018 0.006 0.011 0.108 0.782 
 280 N _   0.007 0.064 0.001 0.016 0.005 0.011 0.110 0.787 
 281 T _   0.007 0.060 0.001 0.014 0.005 0.011 0.111 0.792 
 282 A _   0.007 0.056 0.001 0.012 0.004 0.011 0.113 0.797 
 283 L _   0.007 0.053 0.000 0.010 0.004 0.010 0.114 0.801 
 284 H _   0.008 0.051 0.000 0.009 0.004 0.011 0.115 0.803 
 285 R _   0.008 0.050 0.000 0.008 0.004 0.011 0.117 0.803 
 286 D _   0.008 0.050 0.000 0.009 0.004 0.012 0.117 0.799 
 287 I _   0.009 0.052 0.001 0.010 0.005 0.013 0.118 0.792 
 288 Y _   0.010 0.055 0.001 0.013 0.006 0.015 0.119 0.782 
 289 P _   0.010 0.060 0.001 0.017 0.008 0.017 0.120 0.767 
 290 S _   0.011 0.066 0.001 0.023 0.009 0.018 0.121 0.751 
 291 V _   0.012 0.071 0.001 0.029 0.011 0.019 0.122 0.736 
 292 S _   0.012 0.074 0.001 0.034 0.012 0.020 0.124 0.724 
 293 L _   0.012 0.075 0.001 0.036 0.013 0.020 0.126 0.717 
 294 Q _   0.012 0.073 0.001 0.036 0.012 0.020 0.129 0.718 
 295 I _   0.012 0.067 0.001 0.033 0.011 0.018 0.133 0.725 
 296 Q _   0.011 0.058 0.001 0.028 0.010 0.017 0.137 0.738 
 297 K _   0.010 0.046 0.001 0.022 0.008 0.016 0.141 0.755 
 298 N _   0.010 0.033 0.001 0.016 0.006 0.015 0.146 0.773 
 299 F _   0.010 0.020 0.001 0.011 0.005 0.014 0.150 0.789 
 300 A _   0.011 0.011 0.001 0.007 0.004 0.014 0.154 0.797 
 301 K _   0.013 0.006 0.000 0.005 0.003 0.015 0.157 0.800 
 302 S _   0.016 0.004 0.000 0.004 0.003 0.016 0.160 0.797 
 303 K _   0.021 0.003 0.000 0.003 0.004 0.019 0.162 0.787 
 304 W _   0.030 0.002 0.000 0.004 0.005 0.023 0.164 0.771 
 305 R _   0.043 0.003 0.001 0.004 0.007 0.029 0.166 0.747 
 306 Q _   0.060 0.004 0.001 0.006 0.012 0.036 0.168 0.714 
 307 A _   0.079 0.007 0.001 0.008 0.018 0.044 0.170 0.673 
 308 F _   0.101 0.012 0.002 0.012 0.027 0.051 0.172 0.624 
 309 N _   0.122 0.019 0.002 0.016 0.036 0.058 0.175 0.573 
 310 A _   0.139 0.027 0.002 0.021 0.044 0.062 0.179 0.526 
 311 A _   0.151 0.035 0.002 0.026 0.049 0.064 0.184 0.488 
 312 A _   0.158 0.041 0.003 0.030 0.051 0.063 0.191 0.462 
 313 V _   0.160 0.045 0.003 0.033 0.051 0.061 0.200 0.448 
 314 V _   0.156 0.046 0.003 0.035 0.048 0.057 0.210 0.445 
 315 H _   0.148 0.046 0.002 0.034 0.043 0.052 0.222 0.452 
 316 H _   0.135 0.043 0.002 0.032 0.037 0.047 0.236 0.469 
 317 M _   0.119 0.037 0.002 0.028 0.030 0.040 0.251 0.492 
 318 R _   0.102 0.030 0.002 0.023 0.022 0.034 0.268 0.519 
 319 K _   0.083 0.023 0.001 0.018 0.016 0.028 0.285 0.546 
 320 L _   0.065 0.016 0.001 0.014 0.011 0.022 0.302 0.570 
 321 H _   0.049 0.010 0.001 0.010 0.007 0.018 0.316 0.589 
 322 M _   0.037 0.007 0.001 0.008 0.005 0.014 0.328 0.601 
 323 N _   0.027 0.004 0.000 0.007 0.004 0.011 0.339 0.608 
 324 L _   0.021 0.003 0.000 0.006 0.003 0.009 0.348 0.610 
 325 H _   0.016 0.002 0.000 0.005 0.002 0.008 0.356 0.611 
 326 S _   0.012 0.002 0.000 0.005 0.002 0.007 0.362 0.610 
 327 P _   0.010 0.001 0.000 0.005 0.002 0.006 0.368 0.608 
 328 G _   0.008 0.001 0.000 0.005 0.002 0.005 0.372 0.606 
 329 V _   0.007 0.001 0.000 0.005 0.001 0.005 0.376 0.605 
 330 R _   0.006 0.001 0.000 0.004 0.001 0.004 0.378 0.604 
 331 P _   0.005 0.001 0.000 0.004 0.001 0.004 0.380 0.604 
 332 E _   0.005 0.001 0.000 0.004 0.001 0.004 0.380 0.605 
 333 V _   0.004 0.001 0.000 0.004 0.001 0.004 0.380 0.606 
 334 E _   0.004 0.001 0.000 0.004 0.001 0.004 0.378 0.608 
 335 N _   0.004 0.002 0.000 0.004 0.001 0.004 0.376 0.609 
 336 R _   0.004 0.002 0.000 0.004 0.001 0.004 0.373 0.611 
 337 P _   0.004 0.003 0.000 0.005 0.001 0.005 0.369 0.612 
 338 P _   0.004 0.005 0.000 0.007 0.002 0.005 0.364 0.614 
 339 E _   0.004 0.007 0.000 0.008 0.002 0.006 0.358 0.615 
 340 T _   0.004 0.009 0.000 0.010 0.002 0.006 0.352 0.616 
 341 Q _   0.004 0.012 0.000 0.011 0.003 0.007 0.345 0.619 
 342 A _   0.004 0.014 0.000 0.012 0.003 0.007 0.337 0.623 
 343 S _   0.004 0.017 0.000 0.011 0.003 0.007 0.330 0.629 
 344 E _   0.003 0.019 0.000 0.011 0.003 0.007 0.322 0.635 
 345 T _   0.003 0.022 0.000 0.010 0.003 0.007 0.314 0.641 
 346 S _   0.003 0.025 0.000 0.010 0.003 0.008 0.305 0.646 
 347 R _   0.004 0.029 0.000 0.010 0.003 0.008 0.296 0.650 
 348 P _   0.004 0.035 0.000 0.010 0.003 0.009 0.287 0.651 
 349 S _   0.004 0.044 0.001 0.012 0.004 0.011 0.276 0.648 
 350 S _   0.005 0.056 0.001 0.015 0.005 0.013 0.265 0.640 
 351 P _   0.006 0.074 0.001 0.019 0.007 0.015 0.253 0.626 
 352 E _   0.007 0.096 0.001 0.024 0.008 0.017 0.240 0.607 
 353 I _   0.007 0.117 0.001 0.028 0.010 0.018 0.228 0.590 
 354 T _   0.008 0.136 0.001 0.031 0.010 0.019 0.218 0.577 
 355 I _   0.008 0.150 0.001 0.031 0.010 0.019 0.210 0.570 
 356 T _   0.008 0.159 0.001 0.030 0.010 0.020 0.203 0.569 
 357 E _   0.009 0.166 0.001 0.027 0.010 0.020 0.197 0.571 
 358 A _   0.009 0.170 0.001 0.023 0.009 0.020 0.191 0.576 
 359 P _   0.009 0.172 0.001 0.020 0.009 0.021 0.186 0.582 
 360 V _   0.010 0.174 0.001 0.016 0.008 0.021 0.182 0.587 
 361 L _   0.011 0.177 0.001 0.015 0.008 0.022 0.178 0.587 
 362 D _   0.013 0.182 0.001 0.015 0.009 0.024 0.173 0.583 
 363 H _   0.015 0.191 0.001 0.016 0.011 0.025 0.169 0.572 
 364 S _   0.016 0.204 0.001 0.020 0.013 0.026 0.164 0.555 
 365 V _   0.018 0.220 0.001 0.025 0.015 0.027 0.160 0.534 
 366 A _   0.019 0.235 0.001 0.031 0.016 0.027 0.156 0.514 
 367 L _   0.020 0.247 0.001 0.037 0.017 0.026 0.153 0.500 
 368 P _   0.020 0.253 0.001 0.041 0.017 0.025 0.151 0.493 
 369 A _   0.019 0.254 0.001 0.042 0.016 0.023 0.149 0.494 
 370 L _   0.019 0.250 0.001 0.041 0.015 0.021 0.149 0.505 
 371 T _   0.018 0.239 0.001 0.037 0.013 0.019 0.149 0.524 
 372 Q _   0.016 0.220 0.001 0.032 0.011 0.017 0.150 0.552 
 373 L _   0.015 0.193 0.001 0.026 0.009 0.015 0.152 0.589 
 374 P _   0.014 0.162 0.001 0.020 0.007 0.013 0.153 0.630 
 375 C _   0.012 0.132 0.001 0.015 0.005 0.011 0.155 0.669 
 376 Q _   0.010 0.110 0.001 0.011 0.004 0.010 0.156 0.699 
 377 H _   0.009 0.095 0.000 0.008 0.003 0.009 0.157 0.720 
 378 G _   0.007 0.087 0.000 0.006 0.002 0.008 0.156 0.734 
 379 R _   0.006 0.082 0.000 0.005 0.002 0.007 0.155 0.742 
 380 R _   0.005 0.081 0.000 0.005 0.002 0.007 0.153 0.745 
 381 P _   0.005 0.083 0.000 0.006 0.002 0.007 0.151 0.746 
 382 T _   0.005 0.088 0.000 0.007 0.002 0.008 0.147 0.743 
 383 A _   0.005 0.096 0.000 0.009 0.003 0.009 0.143 0.734 
 384 P _   0.005 0.112 0.001 0.011 0.004 0.011 0.137 0.719 
 385 G _   0.006 0.136 0.001 0.015 0.005 0.012 0.130 0.695 
 386 G _   0.006 0.171 0.001 0.019 0.007 0.014 0.121 0.660 
 387 R _   0.007 0.216 0.001 0.023 0.009 0.016 0.112 0.615 
 388 S _   0.007 0.268 0.001 0.028 0.011 0.017 0.103 0.565 
 389 L _   0.007 0.323 0.001 0.032 0.013 0.018 0.094 0.512 
 390 N _   0.007 0.374 0.002 0.034 0.014 0.019 0.086 0.464 
 391 C _   0.007 0.418 0.001 0.036 0.014 0.019 0.080 0.425 
 392 L E   0.007 0.451 0.001 0.037 0.014 0.019 0.075 0.396 
 393 V E   0.007 0.474 0.001 0.037 0.013 0.018 0.072 0.377 
 394 N E   0.007 0.488 0.001 0.036 0.013 0.018 0.069 0.367 
 395 G E   0.008 0.496 0.001 0.034 0.013 0.018 0.067 0.363 
 396 S E   0.008 0.498 0.001 0.032 0.013 0.018 0.066 0.364 
 397 L E   0.009 0.495 0.001 0.030 0.012 0.018 0.066 0.370 
 398 H E   0.009 0.487 0.001 0.028 0.012 0.017 0.065 0.381 
 399 I E   0.010 0.475 0.001 0.025 0.012 0.017 0.065 0.395 
 400 S E   0.010 0.460 0.001 0.023 0.011 0.017 0.066 0.412 
 401 S E   0.010 0.441 0.001 0.021 0.010 0.017 0.067 0.432 
 402 S _   0.011 0.421 0.001 0.019 0.009 0.017 0.068 0.454 
 403 L _   0.011 0.400 0.001 0.016 0.008 0.017 0.070 0.476 
 404 V _   0.011 0.382 0.001 0.014 0.008 0.017 0.071 0.496 
 405 P _   0.011 0.366 0.001 0.012 0.007 0.017 0.073 0.513 
 406 M _   0.011 0.353 0.001 0.011 0.006 0.018 0.074 0.527 
 407 H _   0.011 0.345 0.001 0.010 0.006 0.018 0.075 0.534 
 408 Q _   0.012 0.341 0.001 0.010 0.006 0.019 0.075 0.537 
 409 G _   0.012 0.340 0.001 0.010 0.007 0.020 0.076 0.534 
 410 S _   0.013 0.343 0.001 0.011 0.008 0.021 0.077 0.527 
 411 L _   0.014 0.349 0.001 0.013 0.009 0.022 0.077 0.515 
 412 A _   0.015 0.358 0.001 0.015 0.010 0.023 0.078 0.500 
 413 A _   0.015 0.370 0.001 0.018 0.012 0.023 0.079 0.482 
 414 G _   0.016 0.383 0.001 0.020 0.013 0.023 0.079 0.465 
 415 P _   0.016 0.395 0.001 0.023 0.014 0.023 0.080 0.448 
 416 C _   0.015 0.406 0.001 0.026 0.014 0.023 0.081 0.434 
 417 G _   0.015 0.413 0.001 0.029 0.015 0.022 0.083 0.422 
 418 C E   0.015 0.417 0.001 0.031 0.015 0.021 0.085 0.415 
 419 C E   0.014 0.417 0.001 0.034 0.015 0.021 0.088 0.411 
 420 S E   0.013 0.412 0.001 0.036 0.015 0.020 0.091 0.412 
 421 S _   0.013 0.402 0.001 0.037 0.014 0.019 0.096 0.419 
 422 C _   0.012 0.386 0.001 0.037 0.013 0.017 0.101 0.432 
 423 L _   0.012 0.361 0.001 0.036 0.012 0.016 0.109 0.454 
 424 N _   0.011 0.326 0.001 0.033 0.011 0.015 0.117 0.485 
 425 I _   0.011 0.281 0.001 0.030 0.010 0.014 0.128 0.525 
 426 G _   0.011 0.231 0.001 0.025 0.009 0.013 0.140 0.571 
 427 S _   0.010 0.181 0.001 0.020 0.007 0.012 0.151 0.617 
 428 K _   0.009 0.138 0.001 0.015 0.006 0.011 0.163 0.658 
 429 G _   0.008 0.107 0.001 0.011 0.004 0.010 0.172 0.687 
 430 K _   0.007 0.087 0.000 0.009 0.003 0.009 0.180 0.705 
 431 S _   0.006 0.076 0.000 0.008 0.003 0.009 0.186 0.713 
 432 S _   0.005 0.070 0.000 0.008 0.003 0.008 0.191 0.715 
 433 Y _   0.005 0.067 0.000 0.009 0.003 0.009 0.195 0.711 
 434 C _   0.005 0.066 0.000 0.012 0.003 0.009 0.200 0.704 
 435 S _   0.005 0.066 0.000 0.016 0.004 0.010 0.204 0.695 
 436 E _   0.006 0.067 0.001 0.020 0.004 0.010 0.208 0.685 
 437 P _   0.006 0.067 0.001 0.023 0.005 0.010 0.213 0.676 
 438 T _   0.006 0.065 0.001 0.024 0.005 0.010 0.218 0.671 
 439 L _   0.005 0.062 0.001 0.023 0.005 0.010 0.225 0.670 
 440 L _   0.005 0.056 0.001 0.021 0.005 0.009 0.232 0.672 
 441 K _   0.005 0.049 0.001 0.017 0.004 0.008 0.239 0.678 
 442 K _   0.004 0.041 0.000 0.013 0.003 0.007 0.246 0.685 
 443 A _   0.004 0.033 0.000 0.009 0.003 0.006 0.254 0.690 
 444 N _   0.004 0.028 0.000 0.007 0.002 0.006 0.260 0.693 
 445 K _   0.004 0.025 0.000 0.005 0.002 0.006 0.265 0.693 
 446 K _   0.004 0.023 0.000 0.005 0.002 0.006 0.269 0.690 
 447 Q _   0.004 0.024 0.000 0.006 0.002 0.007 0.273 0.683 
 448 N _   0.005 0.025 0.000 0.008 0.003 0.009 0.277 0.673 
 449 F _   0.006 0.028 0.000 0.012 0.004 0.010 0.280 0.659 
 450 K _   0.006 0.033 0.001 0.018 0.005 0.012 0.283 0.641 
 451 S _   0.007 0.038 0.001 0.025 0.007 0.014 0.287 0.622 
 452 E _   0.007 0.042 0.001 0.032 0.008 0.015 0.292 0.603 
 453 V _   0.008 0.044 0.001 0.036 0.009 0.015 0.297 0.589 
 454 M _   0.008 0.044 0.001 0.038 0.009 0.015 0.304 0.581 
 455 V _   0.007 0.042 0.001 0.036 0.009 0.014 0.313 0.578 
 456 P _   0.007 0.038 0.001 0.031 0.008 0.013 0.322 0.580 
 457 V _   0.007 0.031 0.001 0.024 0.006 0.012 0.333 0.586 
 458 K _   0.007 0.023 0.001 0.016 0.005 0.011 0.343 0.594 
 459 A _   0.006 0.016 0.001 0.011 0.004 0.010 0.353 0.600 
 460 S _   0.006 0.010 0.000 0.006 0.003 0.010 0.362 0.602 
 461 G _   0.007 0.007 0.000 0.004 0.002 0.011 0.369 0.600 
 462 S _   0.009 0.005 0.000 0.003 0.002 0.012 0.375 0.594 
 463 S _   0.012 0.005 0.000 0.003 0.003 0.015 0.380 0.582 
 464 H _   0.017 0.007 0.000 0.003 0.004 0.019 0.385 0.565 
 465 C _   0.024 0.011 0.001 0.005 0.008 0.025 0.389 0.537 
 466 R _   0.033 0.024 0.001 0.008 0.014 0.031 0.393 0.496 
 467 A _   0.040 0.051 0.002 0.013 0.021 0.036 0.398 0.440 
 468 G X   0.042 0.093 0.002 0.019 0.028 0.038 0.402 0.377 
 469 Q X   0.040 0.139 0.002 0.024 0.030 0.036 0.409 0.320 
 470 T X   0.035 0.181 0.002 0.029 0.027 0.031 0.418 0.276 
 471 G X   0.028 0.205 0.002 0.032 0.021 0.025 0.431 0.255 
 472 V X   0.021 0.216 0.001 0.033 0.013 0.017 0.447 0.252 
 473 C X   0.013 0.216 0.001 0.027 0.005 0.010 0.462 0.265 
 474 L X   0.007 0.209 0.000 0.021 0.002 0.006 0.470 0.285 
 475 I X   0.005 0.196 0.000 0.019 0.001 0.005 0.470 0.305 
 476 M X   0.009 0.182 0.002 0.025 0.006 0.008 0.460 0.309 
