#TopoPred_TM8: 8-state transmembrane topology prediction results by no_profile mode 
#probabilities are in the order of H E C I L F X _, the 8 transmembrane topology types used in PDBTM 
   1 M X   0.014 0.002 0.002 0.057 0.009 0.011 0.722 0.184 
   2 S X   0.005 0.001 0.000 0.035 0.002 0.006 0.741 0.209 
   3 R X   0.002 0.001 0.000 0.021 0.001 0.004 0.745 0.227 
   4 E X   0.001 0.002 0.000 0.015 0.001 0.004 0.741 0.236 
   5 S X   0.002 0.003 0.000 0.014 0.001 0.005 0.732 0.243 
   6 D X   0.002 0.005 0.000 0.014 0.002 0.007 0.720 0.251 
   7 V X   0.003 0.008 0.000 0.014 0.002 0.008 0.705 0.259 
   8 E X   0.004 0.013 0.000 0.016 0.003 0.009 0.687 0.268 
   9 A X   0.004 0.019 0.000 0.019 0.003 0.010 0.666 0.279 
  10 Q X   0.004 0.026 0.001 0.021 0.004 0.010 0.644 0.290 
  11 Q X   0.004 0.034 0.001 0.023 0.004 0.010 0.622 0.303 
  12 S X   0.003 0.040 0.001 0.023 0.004 0.010 0.601 0.318 
  13 H X   0.003 0.046 0.001 0.022 0.004 0.009 0.582 0.333 
  14 G X   0.003 0.050 0.001 0.020 0.004 0.009 0.565 0.348 
  15 S X   0.003 0.054 0.000 0.018 0.004 0.009 0.549 0.363 
  16 S X   0.003 0.058 0.000 0.016 0.003 0.008 0.535 0.376 
  17 A X   0.003 0.063 0.000 0.014 0.003 0.008 0.520 0.387 
  18 C X   0.004 0.068 0.000 0.014 0.003 0.008 0.505 0.398 
  19 S X   0.004 0.074 0.000 0.014 0.003 0.008 0.490 0.407 
  20 Q X   0.004 0.081 0.001 0.015 0.004 0.008 0.475 0.414 
  21 P X   0.004 0.089 0.001 0.016 0.004 0.009 0.459 0.419 
  22 H X   0.004 0.099 0.001 0.017 0.004 0.009 0.443 0.424 
  23 G _   0.004 0.109 0.001 0.018 0.004 0.009 0.428 0.428 
  24 S _   0.004 0.119 0.001 0.019 0.004 0.009 0.413 0.432 
  25 V _   0.004 0.128 0.001 0.019 0.004 0.009 0.399 0.436 
  26 T _   0.004 0.137 0.001 0.018 0.004 0.009 0.386 0.442 
  27 Q _   0.004 0.145 0.001 0.017 0.004 0.008 0.373 0.449 
  28 S _   0.003 0.152 0.001 0.016 0.004 0.008 0.360 0.455 
  29 Q _   0.003 0.160 0.000 0.016 0.004 0.008 0.348 0.461 
  30 G _   0.003 0.169 0.001 0.016 0.004 0.008 0.336 0.464 
  31 S _   0.003 0.179 0.001 0.016 0.004 0.008 0.324 0.465 
  32 S _   0.003 0.192 0.001 0.017 0.004 0.008 0.311 0.463 
  33 S _   0.003 0.206 0.001 0.019 0.004 0.009 0.299 0.459 
  34 Q _   0.003 0.222 0.001 0.021 0.005 0.009 0.287 0.453 
  35 S _   0.003 0.239 0.001 0.023 0.005 0.009 0.275 0.447 
  36 Q _   0.003 0.254 0.001 0.024 0.005 0.008 0.264 0.441 
  37 G _   0.003 0.267 0.001 0.025 0.005 0.008 0.255 0.437 
  38 I _   0.003 0.277 0.001 0.025 0.005 0.008 0.247 0.435 
  39 S _   0.003 0.284 0.001 0.024 0.004 0.007 0.240 0.436 
  40 S _   0.003 0.289 0.000 0.023 0.004 0.007 0.235 0.439 
  41 S _   0.003 0.291 0.000 0.021 0.003 0.007 0.230 0.445 
  42 S _   0.003 0.291 0.000 0.018 0.003 0.006 0.227 0.451 
  43 T _   0.003 0.291 0.000 0.016 0.003 0.006 0.223 0.458 
  44 S _   0.003 0.289 0.000 0.014 0.002 0.006 0.220 0.465 
  45 T _   0.003 0.288 0.000 0.012 0.002 0.006 0.217 0.472 
  46 M _   0.003 0.288 0.000 0.011 0.002 0.005 0.214 0.477 
  47 P _   0.003 0.289 0.000 0.010 0.002 0.005 0.210 0.481 
  48 N _   0.002 0.292 0.000 0.009 0.002 0.005 0.206 0.482 
  49 S _   0.002 0.298 0.000 0.009 0.002 0.006 0.201 0.482 
  50 S _   0.003 0.306 0.000 0.010 0.002 0.006 0.195 0.477 
  51 Q _   0.003 0.320 0.000 0.011 0.003 0.007 0.188 0.468 
  52 S _   0.003 0.339 0.000 0.013 0.003 0.008 0.180 0.453 
  53 S _   0.003 0.368 0.001 0.016 0.004 0.009 0.170 0.429 
  54 H E   0.004 0.406 0.001 0.019 0.005 0.010 0.159 0.396 
  55 S E   0.004 0.454 0.001 0.022 0.007 0.011 0.147 0.355 
  56 S E   0.004 0.511 0.001 0.024 0.008 0.011 0.135 0.307 
  57 S E   0.004 0.569 0.001 0.024 0.008 0.011 0.124 0.259 
  58 G E   0.004 0.625 0.001 0.024 0.008 0.011 0.115 0.213 
  59 T E   0.003 0.672 0.001 0.023 0.008 0.010 0.108 0.174 
  60 L E   0.003 0.710 0.001 0.023 0.008 0.009 0.103 0.143 
  61 S E   0.003 0.739 0.001 0.022 0.007 0.009 0.100 0.120 
  62 S E   0.003 0.758 0.001 0.021 0.007 0.008 0.098 0.104 
  63 L E   0.003 0.770 0.001 0.022 0.007 0.008 0.097 0.093 
  64 E E   0.003 0.777 0.001 0.022 0.007 0.008 0.097 0.087 
  65 T E   0.003 0.779 0.001 0.023 0.007 0.008 0.097 0.083 
  66 V E   0.003 0.776 0.001 0.024 0.007 0.008 0.099 0.083 
  67 S E   0.004 0.768 0.001 0.025 0.007 0.008 0.101 0.086 
  68 T E   0.005 0.750 0.001 0.027 0.008 0.008 0.106 0.096 
  69 Q E   0.006 0.717 0.001 0.030 0.009 0.009 0.113 0.115 
  70 E E   0.007 0.662 0.002 0.033 0.011 0.010 0.126 0.148 
  71 L E   0.010 0.577 0.002 0.036 0.013 0.012 0.148 0.202 
  72 Y E   0.012 0.466 0.002 0.037 0.013 0.014 0.179 0.277 
  73 S _   0.014 0.341 0.002 0.033 0.012 0.015 0.217 0.366 
  74 I _   0.015 0.228 0.002 0.028 0.010 0.014 0.255 0.449 
  75 P _   0.014 0.145 0.001 0.021 0.007 0.013 0.287 0.512 
  76 E _   0.013 0.091 0.001 0.015 0.004 0.011 0.310 0.555 
  77 D _   0.011 0.059 0.000 0.010 0.003 0.009 0.327 0.581 
  78 Q _   0.009 0.040 0.000 0.007 0.002 0.008 0.337 0.597 
  79 E _   0.007 0.029 0.000 0.005 0.001 0.006 0.344 0.606 
  80 P _   0.006 0.024 0.000 0.004 0.001 0.006 0.348 0.612 
  81 E _   0.005 0.020 0.000 0.004 0.001 0.005 0.349 0.615 
  82 D _   0.004 0.019 0.000 0.003 0.001 0.005 0.349 0.619 
  83 Q _   0.004 0.019 0.000 0.003 0.001 0.005 0.347 0.622 
  84 E _   0.004 0.019 0.000 0.003 0.001 0.005 0.343 0.624 
  85 P _   0.004 0.022 0.000 0.004 0.001 0.006 0.337 0.626 
  86 E _   0.004 0.026 0.000 0.005 0.002 0.008 0.328 0.626 
  87 E _   0.005 0.036 0.000 0.008 0.003 0.011 0.316 0.620 
  88 P _   0.006 0.058 0.001 0.012 0.005 0.015 0.299 0.604 
  89 T _   0.008 0.101 0.001 0.020 0.009 0.020 0.275 0.566 
  90 P _   0.010 0.180 0.002 0.030 0.014 0.024 0.243 0.497 
  91 A _   0.011 0.293 0.003 0.039 0.019 0.027 0.206 0.402 
  92 P E   0.010 0.423 0.003 0.046 0.022 0.026 0.171 0.299 
  93 W E   0.008 0.533 0.002 0.048 0.020 0.023 0.146 0.218 
  94 A E   0.006 0.609 0.002 0.049 0.018 0.020 0.129 0.166 
  95 R E   0.005 0.653 0.001 0.047 0.015 0.018 0.120 0.141 
  96 L E   0.005 0.675 0.001 0.046 0.013 0.016 0.114 0.131 
  97 W E   0.004 0.684 0.001 0.044 0.012 0.015 0.110 0.130 
  98 A E   0.004 0.686 0.001 0.041 0.011 0.014 0.108 0.135 
  99 L E   0.005 0.680 0.001 0.038 0.011 0.013 0.107 0.147 
 100 Q E   0.005 0.665 0.001 0.035 0.010 0.012 0.106 0.165 
 101 D E   0.006 0.640 0.001 0.032 0.010 0.012 0.107 0.191 
 102 G E   0.007 0.605 0.001 0.030 0.011 0.013 0.108 0.226 
 103 F E   0.008 0.558 0.001 0.029 0.011 0.013 0.111 0.269 
 104 A E   0.010 0.502 0.001 0.028 0.011 0.014 0.114 0.320 
 105 N E   0.011 0.442 0.001 0.027 0.010 0.014 0.119 0.376 
 106 L _   0.012 0.380 0.001 0.026 0.010 0.014 0.124 0.433 
 107 E _   0.012 0.320 0.001 0.024 0.009 0.014 0.130 0.489 
 108 C _   0.012 0.265 0.001 0.022 0.008 0.014 0.135 0.543 
 109 V _   0.011 0.217 0.001 0.020 0.007 0.013 0.141 0.590 
 110 N _   0.011 0.176 0.001 0.018 0.006 0.013 0.145 0.631 
 111 D _   0.010 0.142 0.001 0.016 0.005 0.012 0.149 0.666 
 112 N _   0.009 0.114 0.001 0.014 0.004 0.011 0.153 0.695 
 113 Y _   0.008 0.093 0.000 0.012 0.003 0.010 0.155 0.718 
 114 W _   0.007 0.077 0.000 0.010 0.003 0.009 0.157 0.737 
 115 F _   0.007 0.066 0.000 0.008 0.002 0.008 0.158 0.751 
 116 G _   0.006 0.058 0.000 0.007 0.002 0.007 0.158 0.761 
 117 R _   0.005 0.053 0.000 0.007 0.002 0.007 0.158 0.768 
 118 D _   0.005 0.050 0.000 0.007 0.002 0.007 0.157 0.773 
 119 K _   0.005 0.049 0.000 0.007 0.002 0.007 0.155 0.775 
 120 S _   0.005 0.049 0.000 0.008 0.002 0.007 0.153 0.775 
 121 C _   0.005 0.051 0.000 0.010 0.003 0.008 0.151 0.773 
 122 E _   0.005 0.053 0.000 0.012 0.003 0.009 0.148 0.769 
 123 Y _   0.005 0.056 0.000 0.015 0.004 0.009 0.145 0.765 
 124 C _   0.005 0.060 0.001 0.018 0.004 0.010 0.143 0.760 
 125 F _   0.005 0.063 0.001 0.021 0.005 0.010 0.140 0.756 
 126 D _   0.005 0.065 0.001 0.023 0.005 0.010 0.138 0.753 
 127 E _   0.006 0.066 0.001 0.024 0.005 0.011 0.136 0.752 
 128 P _   0.006 0.066 0.001 0.024 0.005 0.010 0.134 0.754 
 129 L _   0.006 0.064 0.001 0.023 0.005 0.010 0.134 0.758 
 130 L _   0.006 0.060 0.001 0.020 0.005 0.010 0.133 0.765 
 131 K _   0.006 0.056 0.001 0.018 0.004 0.009 0.133 0.774 
 132 R _   0.006 0.050 0.000 0.014 0.004 0.009 0.133 0.784 
 133 T _   0.006 0.045 0.000 0.011 0.003 0.008 0.132 0.794 
 134 D _   0.006 0.040 0.000 0.009 0.003 0.008 0.132 0.803 
 135 K _   0.006 0.037 0.000 0.007 0.002 0.007 0.131 0.810 
 136 Y _   0.005 0.035 0.000 0.006 0.002 0.007 0.130 0.815 
 137 R _   0.006 0.034 0.000 0.005 0.002 0.008 0.128 0.817 
 138 T _   0.006 0.035 0.000 0.005 0.002 0.009 0.126 0.816 
 139 Y _   0.006 0.039 0.000 0.007 0.003 0.010 0.123 0.811 
 140 S _   0.007 0.047 0.001 0.010 0.004 0.012 0.119 0.800 
 141 K _   0.008 0.061 0.001 0.015 0.006 0.014 0.115 0.780 
 142 K _   0.009 0.081 0.001 0.021 0.008 0.016 0.110 0.753 
 143 H _   0.010 0.104 0.001 0.029 0.010 0.018 0.105 0.723 
 144 F _   0.010 0.124 0.001 0.035 0.012 0.018 0.101 0.699 
 145 R _   0.010 0.139 0.001 0.040 0.012 0.018 0.097 0.683 
 146 I _   0.009 0.147 0.001 0.042 0.012 0.018 0.094 0.677 
 147 F _   0.009 0.150 0.001 0.040 0.011 0.017 0.092 0.679 
 148 R _   0.008 0.150 0.001 0.036 0.010 0.016 0.091 0.688 
 149 E _   0.008 0.146 0.001 0.030 0.009 0.015 0.090 0.702 
 150 V _   0.008 0.140 0.001 0.024 0.007 0.013 0.089 0.718 
 151 G _   0.007 0.133 0.001 0.018 0.006 0.012 0.089 0.734 
 152 P _   0.007 0.127 0.001 0.015 0.005 0.012 0.088 0.746 
 153 K _   0.007 0.122 0.001 0.013 0.005 0.012 0.088 0.753 
 154 N _   0.007 0.120 0.001 0.013 0.005 0.012 0.087 0.756 
 155 S _   0.007 0.119 0.001 0.014 0.005 0.012 0.086 0.756 
 156 Y _   0.008 0.119 0.001 0.016 0.005 0.012 0.086 0.755 
 157 I _   0.008 0.119 0.001 0.017 0.006 0.012 0.085 0.753 
 158 A _   0.007 0.119 0.001 0.018 0.006 0.011 0.085 0.753 
 159 Y _   0.007 0.118 0.001 0.018 0.005 0.011 0.084 0.757 
 160 I _   0.007 0.115 0.001 0.016 0.005 0.010 0.084 0.763 
 161 E _   0.006 0.112 0.001 0.013 0.004 0.010 0.084 0.771 
 162 D _   0.006 0.108 0.000 0.011 0.004 0.009 0.083 0.779 
 163 H _   0.006 0.105 0.000 0.009 0.003 0.009 0.083 0.785 
 164 S _   0.006 0.104 0.000 0.008 0.003 0.010 0.082 0.787 
 165 G _   0.007 0.106 0.000 0.008 0.004 0.011 0.081 0.784 
 166 N _   0.008 0.111 0.001 0.010 0.004 0.012 0.080 0.774 
 167 G _   0.009 0.121 0.001 0.014 0.006 0.014 0.079 0.757 
 168 T _   0.010 0.137 0.001 0.020 0.008 0.016 0.077 0.731 
 169 F _   0.011 0.156 0.001 0.028 0.010 0.018 0.076 0.701 
 170 V _   0.011 0.175 0.001 0.037 0.012 0.019 0.074 0.671 
 171 N _   0.011 0.189 0.001 0.044 0.013 0.019 0.073 0.649 
 172 T _   0.011 0.197 0.001 0.049 0.013 0.019 0.073 0.636 
 173 E _   0.011 0.200 0.001 0.051 0.013 0.018 0.073 0.633 
 174 L _   0.011 0.197 0.001 0.050 0.012 0.017 0.074 0.638 
 175 V _   0.010 0.188 0.001 0.045 0.011 0.016 0.076 0.654 
 176 G _   0.010 0.173 0.001 0.038 0.009 0.014 0.078 0.677 
 177 K _   0.009 0.151 0.001 0.030 0.007 0.012 0.080 0.709 
 178 G _   0.009 0.124 0.001 0.022 0.006 0.011 0.083 0.745 
 179 K _   0.008 0.099 0.001 0.015 0.004 0.009 0.085 0.779 
 180 R _   0.007 0.080 0.000 0.009 0.003 0.008 0.087 0.806 
 181 R _   0.006 0.068 0.000 0.006 0.002 0.007 0.088 0.823 
 182 P _   0.005 0.062 0.000 0.004 0.002 0.007 0.088 0.832 
 183 L _   0.005 0.061 0.000 0.004 0.001 0.007 0.088 0.835 
 184 N _   0.005 0.062 0.000 0.004 0.002 0.008 0.087 0.832 
 185 N _   0.006 0.068 0.000 0.006 0.002 0.010 0.085 0.824 
 186 N _   0.007 0.080 0.000 0.009 0.004 0.012 0.082 0.805 
 187 S _   0.008 0.104 0.001 0.013 0.005 0.015 0.079 0.774 
 188 E _   0.009 0.142 0.001 0.018 0.008 0.019 0.075 0.729 
 189 I _   0.010 0.186 0.001 0.023 0.010 0.021 0.070 0.678 
 190 A _   0.011 0.233 0.001 0.027 0.011 0.023 0.065 0.628 
 191 L _   0.011 0.273 0.001 0.030 0.013 0.025 0.061 0.585 
 192 S _   0.012 0.307 0.001 0.032 0.014 0.027 0.057 0.550 
 193 L _   0.013 0.334 0.001 0.033 0.016 0.028 0.054 0.520 
 194 S _   0.014 0.355 0.001 0.034 0.018 0.030 0.052 0.496 
 195 R _   0.016 0.371 0.001 0.035 0.019 0.031 0.050 0.476 
 196 N _   0.018 0.384 0.001 0.037 0.021 0.031 0.048 0.460 
 197 K _   0.020 0.392 0.001 0.040 0.021 0.031 0.048 0.447 
 198 V _   0.021 0.396 0.001 0.043 0.021 0.030 0.047 0.440 
 199 F _   0.022 0.395 0.001 0.045 0.021 0.028 0.047 0.440 
 200 V _   0.023 0.387 0.001 0.046 0.020 0.027 0.048 0.449 
 201 F _   0.023 0.370 0.002 0.044 0.018 0.024 0.049 0.470 
 202 F _   0.022 0.340 0.002 0.041 0.017 0.022 0.051 0.506 
 203 D _   0.022 0.293 0.002 0.036 0.015 0.020 0.053 0.560 
 204 L _   0.020 0.230 0.002 0.029 0.012 0.018 0.056 0.633 
 205 T _   0.019 0.162 0.001 0.021 0.009 0.016 0.059 0.712 
 206 V _   0.016 0.106 0.001 0.014 0.007 0.014 0.061 0.780 
 207 D _   0.014 0.070 0.001 0.009 0.004 0.012 0.063 0.827 
 208 D _   0.011 0.051 0.000 0.006 0.003 0.010 0.064 0.854 
 209 Q _   0.009 0.043 0.000 0.004 0.002 0.009 0.064 0.868 
 210 S _   0.008 0.039 0.000 0.004 0.002 0.009 0.064 0.874 
 211 V _   0.007 0.039 0.000 0.004 0.002 0.009 0.063 0.875 
 212 Y _   0.007 0.042 0.000 0.006 0.003 0.010 0.062 0.870 
 213 P _   0.008 0.049 0.000 0.008 0.003 0.011 0.060 0.861 
 214 K _   0.008 0.060 0.001 0.011 0.005 0.012 0.058 0.846 
 215 A _   0.008 0.075 0.001 0.015 0.006 0.014 0.055 0.827 
 216 L _   0.008 0.092 0.001 0.019 0.007 0.015 0.052 0.806 
 217 R _   0.008 0.109 0.001 0.022 0.008 0.015 0.049 0.787 
 218 D _   0.008 0.123 0.001 0.024 0.009 0.016 0.047 0.772 
 219 E _   0.008 0.134 0.001 0.026 0.009 0.016 0.045 0.761 
 220 Y _   0.008 0.143 0.001 0.026 0.009 0.016 0.043 0.754 
 221 I _   0.008 0.149 0.001 0.026 0.009 0.016 0.041 0.750 
 222 M _   0.008 0.152 0.001 0.025 0.009 0.015 0.040 0.750 
 223 S _   0.009 0.154 0.001 0.023 0.008 0.015 0.039 0.752 
 224 K _   0.009 0.154 0.001 0.021 0.008 0.015 0.038 0.755 
 225 T _   0.009 0.152 0.001 0.019 0.007 0.015 0.038 0.760 
 226 L _   0.009 0.151 0.001 0.018 0.007 0.015 0.037 0.763 
 227 G _   0.009 0.149 0.001 0.017 0.007 0.015 0.037 0.766 
 228 S _   0.010 0.146 0.001 0.017 0.007 0.015 0.036 0.768 
 229 G _   0.010 0.145 0.001 0.018 0.007 0.015 0.036 0.768 
 230 A _   0.010 0.143 0.001 0.019 0.008 0.016 0.036 0.768 
 231 C _   0.011 0.140 0.001 0.021 0.008 0.016 0.036 0.768 
 232 G _   0.011 0.137 0.001 0.022 0.009 0.016 0.036 0.769 
 233 E _   0.012 0.132 0.001 0.022 0.009 0.016 0.036 0.773 
 234 V _   0.012 0.125 0.001 0.022 0.008 0.016 0.036 0.780 
 235 K _   0.012 0.115 0.001 0.021 0.008 0.016 0.036 0.791 
 236 L _   0.011 0.103 0.001 0.019 0.007 0.015 0.037 0.806 
 237 A _   0.011 0.090 0.001 0.016 0.007 0.015 0.038 0.822 
 238 F _   0.011 0.077 0.001 0.013 0.006 0.015 0.038 0.840 
 239 E _   0.011 0.065 0.001 0.010 0.005 0.015 0.039 0.854 
 240 R _   0.012 0.057 0.001 0.008 0.005 0.015 0.039 0.864 
 241 K _   0.012 0.051 0.001 0.007 0.005 0.016 0.039 0.868 
 242 T _   0.014 0.049 0.001 0.007 0.005 0.017 0.040 0.869 
 243 C _   0.016 0.048 0.001 0.008 0.006 0.019 0.040 0.864 
 244 K _   0.018 0.049 0.001 0.009 0.007 0.021 0.040 0.855 
 245 K _   0.021 0.052 0.001 0.011 0.009 0.024 0.040 0.842 
 246 V _   0.024 0.057 0.001 0.014 0.011 0.026 0.040 0.826 
 247 A _   0.027 0.063 0.001 0.018 0.013 0.028 0.040 0.810 
 248 I _   0.030 0.068 0.001 0.021 0.015 0.029 0.040 0.795 
 249 K _   0.031 0.073 0.001 0.024 0.017 0.030 0.041 0.783 
 250 I _   0.032 0.076 0.001 0.027 0.018 0.030 0.041 0.775 
 251 I _   0.032 0.078 0.001 0.028 0.018 0.030 0.042 0.770 
 252 S _   0.031 0.078 0.001 0.029 0.018 0.029 0.043 0.771 
 253 K _   0.029 0.077 0.001 0.030 0.017 0.027 0.044 0.775 
 254 R _   0.027 0.074 0.001 0.029 0.015 0.025 0.046 0.783 
 255 K _   0.025 0.068 0.001 0.028 0.013 0.023 0.048 0.794 
 256 F _   0.022 0.062 0.001 0.025 0.011 0.021 0.050 0.808 
 257 A _   0.020 0.053 0.001 0.022 0.009 0.018 0.052 0.824 
 258 I _   0.017 0.044 0.001 0.019 0.007 0.016 0.054 0.842 
 259 G _   0.015 0.034 0.001 0.015 0.006 0.013 0.056 0.860 
 260 S _   0.013 0.024 0.001 0.011 0.004 0.011 0.058 0.878 
 261 A _   0.011 0.016 0.000 0.008 0.003 0.010 0.059 0.892 
 262 R _   0.009 0.010 0.000 0.006 0.003 0.008 0.060 0.903 
 263 E _   0.008 0.007 0.000 0.004 0.002 0.008 0.061 0.910 
 264 A _   0.008 0.005 0.000 0.003 0.002 0.008 0.061 0.913 
 265 D _   0.008 0.005 0.000 0.003 0.002 0.009 0.061 0.912 
 266 P _   0.009 0.006 0.000 0.004 0.003 0.011 0.060 0.907 
 267 A _   0.011 0.008 0.000 0.006 0.004 0.013 0.060 0.898 
 268 L _   0.014 0.013 0.001 0.010 0.006 0.017 0.059 0.881 
 269 N _   0.016 0.023 0.001 0.016 0.009 0.021 0.057 0.857 
 270 V _   0.018 0.035 0.001 0.025 0.012 0.024 0.056 0.829 
 271 E _   0.019 0.046 0.001 0.033 0.015 0.026 0.055 0.805 
 272 T _   0.019 0.055 0.001 0.040 0.016 0.027 0.054 0.787 
 273 E _   0.019 0.059 0.001 0.043 0.017 0.027 0.053 0.779 
 274 I _   0.019 0.061 0.001 0.043 0.017 0.027 0.053 0.780 
 275 E _   0.019 0.059 0.001 0.039 0.015 0.025 0.053 0.789 
 276 I _   0.018 0.055 0.001 0.032 0.013 0.023 0.053 0.804 
 277 L _   0.017 0.049 0.001 0.025 0.011 0.021 0.054 0.822 
 278 K _   0.016 0.041 0.001 0.019 0.009 0.020 0.054 0.841 
 279 K _   0.015 0.034 0.001 0.014 0.007 0.018 0.055 0.856 
 280 L _   0.014 0.028 0.001 0.011 0.006 0.017 0.055 0.867 
 281 N _   0.014 0.025 0.001 0.010 0.006 0.016 0.056 0.874 
 282 H _   0.014 0.023 0.001 0.010 0.005 0.016 0.056 0.876 
 283 P _   0.014 0.022 0.001 0.011 0.006 0.016 0.057 0.875 
 284 C _   0.014 0.022 0.001 0.013 0.006 0.016 0.057 0.871 
 285 I _   0.014 0.022 0.001 0.015 0.007 0.016 0.057 0.868 
 286 I _   0.014 0.022 0.001 0.017 0.007 0.016 0.057 0.865 
 287 K _   0.014 0.022 0.001 0.017 0.007 0.016 0.057 0.866 
 288 I _   0.014 0.020 0.001 0.017 0.007 0.015 0.058 0.869 
 289 K _   0.013 0.018 0.001 0.015 0.006 0.014 0.058 0.875 
 290 N _   0.012 0.016 0.001 0.012 0.005 0.013 0.058 0.883 
 291 F _   0.011 0.013 0.001 0.009 0.005 0.012 0.059 0.890 
 292 F _   0.011 0.011 0.000 0.007 0.004 0.012 0.059 0.896 
 293 D _   0.011 0.010 0.000 0.006 0.004 0.012 0.059 0.899 
 294 A _   0.011 0.010 0.000 0.005 0.004 0.013 0.059 0.898 
 295 E _   0.012 0.011 0.000 0.006 0.004 0.014 0.059 0.894 
 296 D _   0.014 0.013 0.001 0.007 0.005 0.016 0.058 0.886 
 297 Y _   0.016 0.017 0.001 0.010 0.007 0.018 0.058 0.874 
 298 Y _   0.017 0.023 0.001 0.015 0.009 0.020 0.057 0.859 
 299 I _   0.019 0.031 0.001 0.020 0.011 0.022 0.056 0.840 
 300 V _   0.020 0.038 0.001 0.026 0.013 0.023 0.056 0.823 
 301 L _   0.021 0.043 0.001 0.030 0.014 0.024 0.055 0.811 
 302 E _   0.021 0.046 0.001 0.033 0.015 0.024 0.055 0.805 
 303 L _   0.020 0.047 0.001 0.033 0.014 0.023 0.055 0.805 
 304 M _   0.020 0.046 0.001 0.031 0.013 0.021 0.056 0.811 
 305 E _   0.018 0.043 0.001 0.028 0.012 0.020 0.057 0.821 
 306 G _   0.017 0.038 0.001 0.024 0.010 0.018 0.058 0.834 
 307 G _   0.015 0.033 0.001 0.020 0.008 0.016 0.059 0.849 
 308 E _   0.014 0.026 0.001 0.016 0.006 0.014 0.060 0.863 
 309 L _   0.012 0.020 0.001 0.013 0.005 0.012 0.061 0.875 
 310 F _   0.011 0.015 0.001 0.010 0.004 0.011 0.061 0.886 
 311 D _   0.010 0.011 0.000 0.009 0.004 0.010 0.062 0.894 
 312 K _   0.009 0.008 0.000 0.007 0.003 0.009 0.063 0.901 
 313 V _   0.009 0.005 0.000 0.006 0.003 0.009 0.063 0.905 
 314 V _   0.008 0.004 0.000 0.006 0.003 0.009 0.063 0.908 
 315 G _   0.009 0.003 0.000 0.005 0.003 0.009 0.062 0.909 
 316 N _   0.010 0.002 0.000 0.005 0.003 0.010 0.062 0.909 
 317 K _   0.012 0.001 0.000 0.005 0.003 0.011 0.061 0.907 
 318 R _   0.015 0.001 0.000 0.005 0.003 0.013 0.060 0.903 
 319 L _   0.021 0.001 0.000 0.005 0.004 0.015 0.058 0.896 
 320 K _   0.030 0.000 0.000 0.005 0.004 0.019 0.057 0.885 
 321 E _   0.044 0.000 0.001 0.005 0.006 0.023 0.055 0.867 
 322 A _   0.067 0.000 0.001 0.005 0.008 0.028 0.052 0.839 
 323 T _   0.098 0.000 0.001 0.005 0.011 0.035 0.050 0.800 
 324 C _   0.140 0.000 0.001 0.005 0.016 0.042 0.047 0.748 
 325 K _   0.187 0.000 0.001 0.005 0.024 0.050 0.044 0.688 
 326 L _   0.237 0.001 0.002 0.006 0.033 0.057 0.041 0.624 
 327 Y _   0.284 0.001 0.002 0.007 0.042 0.062 0.039 0.563 
 328 F _   0.324 0.002 0.002 0.009 0.050 0.065 0.038 0.510 
 329 Y _   0.355 0.003 0.002 0.010 0.056 0.066 0.037 0.470 
 330 Q _   0.377 0.003 0.003 0.012 0.059 0.065 0.037 0.443 
 331 M _   0.389 0.004 0.003 0.013 0.059 0.063 0.037 0.432 
 332 L _   0.390 0.004 0.003 0.014 0.056 0.059 0.038 0.436 
 333 L _   0.381 0.004 0.002 0.013 0.051 0.054 0.040 0.455 
 334 A _   0.360 0.004 0.002 0.012 0.044 0.049 0.041 0.487 
 335 V _   0.329 0.003 0.002 0.011 0.036 0.044 0.043 0.532 
 336 Q _   0.291 0.002 0.002 0.009 0.028 0.039 0.046 0.583 
 337 Y _   0.249 0.001 0.002 0.008 0.021 0.033 0.049 0.637 
 338 L _   0.205 0.001 0.001 0.007 0.016 0.029 0.051 0.689 
 339 H _   0.165 0.001 0.001 0.007 0.012 0.025 0.054 0.735 
 340 E _   0.129 0.001 0.001 0.007 0.009 0.022 0.057 0.775 
 341 N _   0.098 0.001 0.001 0.007 0.007 0.019 0.059 0.808 
 342 G _   0.074 0.001 0.001 0.008 0.006 0.016 0.061 0.833 
 343 I _   0.055 0.001 0.001 0.007 0.005 0.014 0.063 0.853 
 344 I _   0.041 0.001 0.001 0.007 0.004 0.012 0.064 0.869 
 345 H _   0.030 0.001 0.000 0.007 0.004 0.011 0.065 0.882 
 346 R _   0.022 0.001 0.000 0.006 0.003 0.010 0.066 0.891 
 347 D _   0.017 0.001 0.000 0.006 0.003 0.009 0.066 0.898 
 348 L _   0.013 0.001 0.000 0.006 0.003 0.008 0.067 0.902 
 349 K _   0.011 0.001 0.000 0.006 0.003 0.008 0.067 0.906 
 350 P _   0.009 0.001 0.000 0.006 0.002 0.007 0.066 0.907 
 351 E _   0.008 0.002 0.000 0.006 0.003 0.007 0.066 0.908 
 352 N _   0.008 0.002 0.000 0.006 0.003 0.008 0.065 0.908 
 353 V _   0.007 0.003 0.000 0.007 0.003 0.008 0.064 0.908 
 354 L _   0.007 0.004 0.000 0.008 0.003 0.008 0.063 0.908 
 355 L _   0.007 0.004 0.000 0.008 0.003 0.009 0.061 0.908 
 356 S _   0.007 0.006 0.000 0.008 0.003 0.009 0.060 0.907 
 357 S _   0.007 0.007 0.000 0.009 0.004 0.010 0.058 0.906 
 358 Q _   0.007 0.008 0.000 0.010 0.004 0.011 0.056 0.903 
 359 E _   0.007 0.010 0.001 0.012 0.005 0.012 0.054 0.900 
 360 E _   0.008 0.012 0.001 0.014 0.005 0.013 0.052 0.895 
 361 D _   0.009 0.015 0.001 0.016 0.006 0.015 0.050 0.888 
 362 C _   0.010 0.017 0.001 0.019 0.007 0.016 0.048 0.882 
 363 L _   0.011 0.019 0.001 0.021 0.008 0.017 0.046 0.876 
 364 I _   0.012 0.021 0.001 0.022 0.009 0.018 0.045 0.873 
 365 K _   0.012 0.021 0.001 0.023 0.009 0.019 0.043 0.872 
 366 I _   0.013 0.021 0.001 0.022 0.009 0.019 0.042 0.874 
 367 T _   0.013 0.020 0.001 0.019 0.009 0.020 0.041 0.878 
 368 D _   0.013 0.018 0.001 0.017 0.008 0.020 0.039 0.884 
 369 F _   0.014 0.015 0.001 0.014 0.008 0.020 0.038 0.890 
 370 G _   0.015 0.013 0.001 0.012 0.007 0.021 0.038 0.894 
 371 H _   0.016 0.012 0.001 0.010 0.007 0.022 0.037 0.896 
 372 S _   0.018 0.011 0.001 0.009 0.007 0.024 0.036 0.895 
 373 K _   0.021 0.010 0.001 0.009 0.008 0.026 0.034 0.891 
 374 I _   0.025 0.010 0.001 0.009 0.009 0.029 0.033 0.883 
 375 L _   0.029 0.011 0.001 0.011 0.011 0.032 0.032 0.873 
 376 G _   0.034 0.013 0.001 0.013 0.014 0.035 0.031 0.859 
 377 E _   0.039 0.014 0.001 0.016 0.018 0.039 0.029 0.844 
 378 T _   0.044 0.016 0.001 0.019 0.021 0.041 0.028 0.830 
 379 S _   0.048 0.018 0.002 0.022 0.024 0.043 0.027 0.817 
 380 L _   0.052 0.018 0.002 0.024 0.026 0.044 0.026 0.809 
 381 M _   0.055 0.018 0.002 0.025 0.026 0.044 0.025 0.806 
 382 R _   0.057 0.017 0.002 0.024 0.025 0.043 0.024 0.808 
 383 T _   0.058 0.015 0.002 0.022 0.023 0.041 0.024 0.815 
 384 L _   0.058 0.013 0.001 0.019 0.020 0.038 0.023 0.827 
 385 C _   0.057 0.009 0.001 0.015 0.017 0.036 0.023 0.842 
 386 G _   0.056 0.006 0.001 0.011 0.014 0.033 0.022 0.856 
 387 T _   0.055 0.004 0.001 0.008 0.011 0.031 0.022 0.868 
 388 P _   0.055 0.002 0.001 0.006 0.009 0.030 0.021 0.875 
 389 T _   0.056 0.001 0.001 0.005 0.008 0.029 0.021 0.879 
 390 Y _   0.059 0.001 0.001 0.004 0.008 0.029 0.020 0.879 
 391 L _   0.063 0.000 0.001 0.004 0.008 0.030 0.019 0.875 
 392 A _   0.068 0.000 0.001 0.004 0.010 0.031 0.019 0.867 
 393 P _   0.075 0.001 0.001 0.005 0.012 0.033 0.018 0.855 
 394 E _   0.082 0.001 0.001 0.007 0.015 0.035 0.017 0.842 
 395 V _   0.089 0.002 0.001 0.010 0.018 0.036 0.016 0.828 
 396 L _   0.096 0.003 0.001 0.013 0.021 0.037 0.016 0.814 
 397 V _   0.101 0.003 0.002 0.016 0.022 0.036 0.015 0.804 
 398 S _   0.104 0.004 0.002 0.018 0.023 0.035 0.014 0.800 
 399 V _   0.107 0.004 0.002 0.018 0.021 0.032 0.014 0.803 
 400 G _   0.108 0.003 0.001 0.015 0.018 0.029 0.013 0.812 
 401 T _   0.109 0.002 0.001 0.011 0.015 0.025 0.013 0.824 
 402 A _   0.111 0.001 0.001 0.007 0.011 0.020 0.012 0.837 
 403 G _   0.116 0.000 0.001 0.004 0.007 0.017 0.012 0.844 
 404 Y _   0.125 0.000 0.001 0.002 0.005 0.013 0.011 0.844 
 405 N _   0.140 0.000 0.000 0.001 0.004 0.011 0.010 0.834 
 406 R _   0.166 0.000 0.000 0.001 0.003 0.009 0.009 0.811 
 407 A _   0.213 0.000 0.000 0.000 0.004 0.009 0.008 0.766 
 408 V _   0.289 0.000 0.001 0.001 0.005 0.009 0.007 0.689 
 409 D _   0.398 0.000 0.001 0.001 0.007 0.009 0.006 0.579 
 410 C H   0.532 0.000 0.001 0.001 0.009 0.010 0.004 0.443 
 411 W H   0.661 0.000 0.001 0.001 0.012 0.010 0.003 0.312 
 412 S H   0.760 0.000 0.001 0.001 0.014 0.010 0.003 0.211 
 413 L H   0.824 0.000 0.001 0.001 0.016 0.009 0.002 0.146 
 414 G H   0.862 0.000 0.001 0.001 0.017 0.009 0.002 0.109 
 415 V H   0.880 0.000 0.001 0.001 0.018 0.008 0.002 0.090 
 416 I H   0.885 0.000 0.001 0.001 0.019 0.008 0.002 0.085 
 417 L H   0.876 0.000 0.001 0.001 0.020 0.008 0.003 0.091 
 418 F H   0.853 0.000 0.001 0.001 0.020 0.008 0.004 0.112 
 419 I H   0.809 0.000 0.002 0.001 0.021 0.009 0.005 0.153 
 420 C H   0.737 0.000 0.002 0.002 0.020 0.009 0.008 0.222 
 421 L H   0.633 0.000 0.002 0.002 0.018 0.010 0.012 0.324 
 422 S H   0.505 0.000 0.002 0.002 0.014 0.010 0.018 0.449 
 423 G _   0.376 0.000 0.001 0.002 0.010 0.010 0.025 0.576 
 424 Y _   0.263 0.000 0.001 0.002 0.007 0.009 0.032 0.686 
 425 P _   0.172 0.000 0.001 0.002 0.005 0.009 0.038 0.773 
 426 P _   0.108 0.000 0.001 0.002 0.004 0.008 0.043 0.834 
 427 F _   0.068 0.000 0.000 0.003 0.003 0.008 0.048 0.870 
 428 S _   0.043 0.000 0.000 0.003 0.003 0.008 0.051 0.890 
 429 E _   0.029 0.001 0.000 0.005 0.003 0.009 0.054 0.899 
 430 H _   0.021 0.002 0.000 0.007 0.003 0.010 0.057 0.900 
 431 R _   0.016 0.003 0.001 0.010 0.004 0.011 0.059 0.897 
 432 T _   0.013 0.005 0.001 0.014 0.005 0.011 0.062 0.889 
 433 Q _   0.011 0.008 0.001 0.018 0.006 0.012 0.064 0.881 
 434 V _   0.010 0.010 0.001 0.021 0.007 0.012 0.066 0.874 
 435 S _   0.009 0.011 0.001 0.023 0.007 0.012 0.069 0.868 
 436 L _   0.009 0.012 0.001 0.022 0.007 0.012 0.072 0.866 
 437 K _   0.008 0.011 0.001 0.020 0.006 0.011 0.075 0.867 
 438 D _   0.008 0.010 0.001 0.017 0.005 0.010 0.079 0.870 
 439 Q _   0.007 0.009 0.001 0.013 0.004 0.010 0.082 0.874 
 440 I _   0.007 0.007 0.000 0.010 0.004 0.009 0.086 0.877 
 441 T _   0.007 0.006 0.000 0.007 0.003 0.009 0.089 0.878 
 442 S _   0.007 0.005 0.000 0.006 0.003 0.009 0.092 0.878 
 443 G _   0.007 0.005 0.000 0.005 0.003 0.010 0.095 0.875 
 444 K _   0.008 0.005 0.000 0.005 0.003 0.011 0.098 0.869 
 445 Y _   0.010 0.006 0.000 0.006 0.004 0.014 0.100 0.860 
 446 N _   0.012 0.008 0.001 0.008 0.005 0.016 0.102 0.847 
 447 F _   0.014 0.012 0.001 0.012 0.007 0.019 0.104 0.831 
 448 I _   0.016 0.018 0.001 0.016 0.010 0.022 0.107 0.811 
 449 P _   0.018 0.024 0.001 0.021 0.012 0.025 0.109 0.790 
 450 E _   0.019 0.030 0.001 0.026 0.014 0.027 0.112 0.771 
 451 V _   0.020 0.034 0.001 0.029 0.016 0.029 0.115 0.756 
 452 W _   0.021 0.036 0.001 0.030 0.017 0.030 0.119 0.746 
 453 A _   0.021 0.037 0.001 0.030 0.017 0.030 0.124 0.740 
 454 E _   0.022 0.037 0.001 0.028 0.016 0.029 0.129 0.738 
 455 V _   0.022 0.035 0.001 0.025 0.015 0.029 0.134 0.739 
 456 S _   0.022 0.032 0.001 0.022 0.014 0.028 0.140 0.741 
 457 E _   0.022 0.029 0.001 0.018 0.012 0.027 0.147 0.744 
 458 K _   0.022 0.027 0.001 0.016 0.011 0.025 0.153 0.745 
 459 A _   0.022 0.024 0.001 0.014 0.010 0.024 0.160 0.744 
 460 L _   0.022 0.023 0.001 0.014 0.010 0.023 0.167 0.741 
 461 D _   0.022 0.021 0.001 0.014 0.009 0.022 0.174 0.736 
 462 L _   0.022 0.020 0.001 0.014 0.009 0.021 0.181 0.731 
 463 V _   0.022 0.019 0.001 0.014 0.009 0.021 0.189 0.725 
 464 K _   0.022 0.018 0.001 0.015 0.009 0.020 0.197 0.719 
 465 K _   0.021 0.017 0.001 0.015 0.008 0.018 0.206 0.714 
 466 L _   0.020 0.015 0.001 0.014 0.008 0.017 0.215 0.710 
 467 L _   0.018 0.013 0.001 0.012 0.007 0.016 0.224 0.708 
 468 V _   0.017 0.012 0.001 0.011 0.006 0.014 0.233 0.707 
 469 V _   0.015 0.010 0.001 0.009 0.005 0.013 0.242 0.705 
 470 D _   0.014 0.009 0.001 0.008 0.004 0.013 0.250 0.701 
 471 P _   0.013 0.009 0.000 0.007 0.004 0.012 0.257 0.697 
 472 K _   0.013 0.009 0.000 0.007 0.004 0.012 0.265 0.690 
 473 A _   0.012 0.009 0.000 0.008 0.004 0.012 0.272 0.682 
 474 R _   0.012 0.010 0.001 0.009 0.005 0.012 0.279 0.673 
 475 F _   0.011 0.011 0.001 0.011 0.005 0.012 0.286 0.662 
 476 T _   0.011 0.013 0.001 0.013 0.006 0.013 0.293 0.651 
 477 T _   0.010 0.015 0.001 0.016 0.006 0.013 0.301 0.638 
 478 E _   0.010 0.016 0.001 0.018 0.006 0.013 0.309 0.627 
 479 E _   0.009 0.017 0.001 0.020 0.007 0.012 0.318 0.616 
 480 A _   0.009 0.018 0.001 0.020 0.006 0.012 0.327 0.607 
 481 L _   0.008 0.018 0.001 0.020 0.006 0.011 0.337 0.600 
 482 R _   0.008 0.017 0.001 0.018 0.005 0.010 0.348 0.594 
 483 H _   0.007 0.015 0.001 0.016 0.005 0.009 0.359 0.589 
 484 P _   0.006 0.013 0.000 0.013 0.004 0.008 0.371 0.585 
 485 W _   0.006 0.011 0.000 0.011 0.003 0.007 0.382 0.580 
 486 L _   0.005 0.009 0.000 0.009 0.003 0.006 0.393 0.576 
 487 Q _   0.005 0.007 0.000 0.007 0.002 0.005 0.402 0.571 
 488 D _   0.004 0.006 0.000 0.006 0.002 0.005 0.411 0.565 
 489 E _   0.004 0.005 0.000 0.005 0.002 0.005 0.419 0.559 
 490 D _   0.004 0.005 0.000 0.005 0.002 0.005 0.426 0.553 
 491 M _   0.004 0.005 0.000 0.006 0.002 0.005 0.432 0.547 
 492 K _   0.004 0.005 0.000 0.006 0.002 0.005 0.438 0.540 
 493 R _   0.004 0.006 0.000 0.007 0.002 0.005 0.443 0.534 
 494 K _   0.004 0.006 0.000 0.007 0.002 0.005 0.448 0.528 
 495 F _   0.004 0.006 0.000 0.008 0.002 0.005 0.452 0.523 
 496 Q _   0.003 0.007 0.000 0.008 0.002 0.005 0.456 0.518 
 497 D _   0.003 0.007 0.000 0.007 0.002 0.005 0.460 0.515 
 498 L _   0.003 0.008 0.000 0.007 0.002 0.005 0.464 0.512 
 499 L _   0.003 0.008 0.000 0.006 0.002 0.005 0.467 0.509 
 500 S _   0.003 0.009 0.000 0.005 0.001 0.005 0.470 0.507 
 501 E _   0.003 0.010 0.000 0.005 0.001 0.005 0.472 0.504 
 502 E _   0.003 0.012 0.000 0.005 0.002 0.006 0.473 0.499 
 503 N _   0.004 0.015 0.000 0.006 0.002 0.007 0.474 0.492 
 504 E _   0.004 0.020 0.000 0.009 0.003 0.008 0.475 0.480 
 505 S X   0.005 0.029 0.000 0.013 0.004 0.010 0.475 0.463 
 506 T X   0.006 0.042 0.001 0.019 0.005 0.012 0.475 0.440 
 507 A X   0.007 0.056 0.001 0.026 0.007 0.013 0.476 0.414 
 508 L X   0.007 0.068 0.001 0.034 0.008 0.014 0.477 0.390 
 509 P X   0.008 0.076 0.001 0.040 0.009 0.015 0.480 0.371 
 510 Q X   0.008 0.081 0.001 0.044 0.009 0.015 0.485 0.358 
 511 V X   0.008 0.081 0.001 0.044 0.009 0.014 0.492 0.352 
 512 L X   0.007 0.079 0.001 0.040 0.008 0.013 0.501 0.351 
 513 A X   0.007 0.073 0.001 0.034 0.007 0.011 0.512 0.355 
 514 Q X   0.006 0.063 0.001 0.027 0.006 0.010 0.525 0.363 
 515 P X   0.006 0.050 0.001 0.019 0.004 0.008 0.538 0.373 
 516 S X   0.005 0.037 0.000 0.013 0.003 0.007 0.552 0.383 
 517 T X   0.005 0.026 0.000 0.008 0.002 0.005 0.563 0.390 
 518 S X   0.004 0.020 0.000 0.005 0.001 0.004 0.572 0.394 
 519 R X   0.004 0.016 0.000 0.003 0.001 0.004 0.578 0.394 
 520 K X   0.003 0.014 0.000 0.003 0.001 0.003 0.582 0.394 
 521 R X   0.003 0.014 0.000 0.002 0.001 0.003 0.584 0.393 
 522 P X   0.003 0.014 0.000 0.003 0.001 0.003 0.586 0.391 
 523 R X   0.002 0.015 0.000 0.003 0.001 0.004 0.585 0.389 
 524 E X   0.002 0.018 0.000 0.004 0.001 0.004 0.584 0.386 
 525 G X   0.002 0.021 0.000 0.005 0.001 0.005 0.582 0.383 
 526 E X   0.002 0.026 0.000 0.007 0.002 0.006 0.578 0.380 
 527 A X   0.002 0.033 0.000 0.008 0.002 0.006 0.573 0.376 
 528 E X   0.002 0.041 0.000 0.009 0.002 0.007 0.567 0.371 
 529 G X   0.003 0.050 0.000 0.010 0.003 0.009 0.561 0.365 
 530 A X   0.003 0.062 0.000 0.011 0.003 0.010 0.553 0.357 
 531 E X   0.004 0.078 0.001 0.012 0.004 0.013 0.544 0.344 
 532 T X   0.006 0.101 0.001 0.014 0.007 0.015 0.533 0.324 
 533 T X   0.008 0.135 0.001 0.017 0.010 0.018 0.520 0.291 
 534 K X   0.009 0.189 0.002 0.021 0.014 0.020 0.505 0.241 
 535 R X   0.009 0.258 0.002 0.024 0.018 0.020 0.488 0.181 
 536 P X   0.008 0.332 0.002 0.026 0.017 0.017 0.475 0.123 
 537 A X   0.005 0.397 0.001 0.027 0.013 0.012 0.467 0.077 
 538 V X   0.003 0.434 0.001 0.026 0.008 0.008 0.464 0.056 
 539 C X   0.002 0.450 0.000 0.025 0.004 0.005 0.464 0.049 
 540 A X   0.001 0.455 0.000 0.023 0.001 0.003 0.466 0.051 
 541 A X   0.001 0.453 0.000 0.021 0.001 0.002 0.466 0.057 
 542 V X   0.001 0.443 0.000 0.021 0.001 0.002 0.463 0.069 
 543 L X   0.004 0.424 0.002 0.029 0.005 0.004 0.450 0.081 
