#TopoPred_TM8: 8-state transmembrane topology prediction results by no_profile mode 
#probabilities are in the order of H E C I L F X _, the 8 transmembrane topology types used in PDBTM 
   1 M X   0.007 0.001 0.002 0.046 0.008 0.007 0.862 0.066 
   2 S X   0.003 0.000 0.000 0.028 0.002 0.004 0.891 0.073 
   3 S X   0.001 0.000 0.000 0.017 0.001 0.002 0.900 0.079 
   4 C X   0.001 0.000 0.000 0.011 0.000 0.002 0.902 0.083 
   5 V X   0.001 0.000 0.000 0.009 0.000 0.002 0.901 0.086 
   6 S X   0.001 0.000 0.000 0.007 0.001 0.002 0.898 0.091 
   7 S X   0.001 0.000 0.000 0.005 0.001 0.002 0.895 0.095 
   8 Q X   0.001 0.000 0.000 0.004 0.001 0.002 0.891 0.101 
   9 P X   0.001 0.000 0.000 0.003 0.001 0.002 0.886 0.106 
  10 S X   0.001 0.000 0.000 0.003 0.001 0.002 0.880 0.113 
  11 S X   0.001 0.000 0.000 0.003 0.001 0.002 0.873 0.120 
  12 N X   0.001 0.000 0.000 0.003 0.001 0.002 0.865 0.127 
  13 R X   0.001 0.000 0.000 0.003 0.001 0.002 0.856 0.136 
  14 A X   0.001 0.001 0.000 0.004 0.001 0.003 0.845 0.145 
  15 A X   0.001 0.001 0.000 0.005 0.001 0.003 0.833 0.155 
  16 P X   0.001 0.001 0.000 0.006 0.001 0.004 0.821 0.166 
  17 Q X   0.002 0.001 0.000 0.008 0.002 0.004 0.807 0.177 
  18 D X   0.002 0.002 0.000 0.009 0.002 0.004 0.792 0.189 
  19 E X   0.002 0.002 0.000 0.011 0.002 0.005 0.777 0.201 
  20 L X   0.002 0.003 0.000 0.012 0.002 0.005 0.763 0.214 
  21 G X   0.002 0.003 0.000 0.012 0.002 0.005 0.748 0.227 
  22 G X   0.002 0.003 0.000 0.012 0.002 0.005 0.734 0.241 
  23 R X   0.002 0.003 0.000 0.011 0.002 0.005 0.721 0.256 
  24 G X   0.002 0.003 0.000 0.010 0.002 0.005 0.708 0.270 
  25 S X   0.002 0.002 0.000 0.008 0.002 0.005 0.695 0.286 
  26 S X   0.002 0.002 0.000 0.007 0.002 0.005 0.681 0.301 
  27 S X   0.002 0.002 0.000 0.006 0.002 0.005 0.667 0.317 
  28 S X   0.002 0.001 0.000 0.005 0.002 0.005 0.651 0.333 
  29 E X   0.002 0.001 0.000 0.005 0.002 0.006 0.634 0.349 
  30 S X   0.002 0.002 0.000 0.006 0.002 0.007 0.616 0.365 
  31 Q X   0.003 0.002 0.000 0.008 0.003 0.009 0.595 0.380 
  32 K X   0.004 0.003 0.000 0.010 0.004 0.012 0.573 0.394 
  33 P X   0.005 0.004 0.001 0.014 0.005 0.016 0.549 0.408 
  34 C X   0.006 0.005 0.001 0.019 0.007 0.020 0.523 0.419 
  35 E X   0.008 0.006 0.001 0.023 0.009 0.025 0.498 0.430 
  36 A X   0.011 0.007 0.001 0.026 0.012 0.029 0.473 0.440 
  37 L _   0.016 0.007 0.001 0.028 0.014 0.034 0.448 0.451 
  38 R _   0.022 0.007 0.001 0.027 0.017 0.038 0.425 0.462 
  39 G _   0.032 0.006 0.001 0.025 0.019 0.043 0.403 0.471 
  40 L _   0.045 0.005 0.002 0.021 0.021 0.047 0.383 0.478 
  41 S _   0.062 0.004 0.002 0.016 0.023 0.050 0.363 0.481 
  42 S _   0.084 0.003 0.002 0.012 0.024 0.053 0.344 0.478 
  43 L _   0.109 0.002 0.002 0.009 0.026 0.056 0.327 0.469 
  44 S _   0.138 0.001 0.002 0.007 0.029 0.058 0.312 0.454 
  45 I _   0.166 0.001 0.002 0.006 0.031 0.059 0.299 0.436 
  46 H _   0.193 0.001 0.002 0.006 0.034 0.059 0.288 0.417 
  47 L _   0.217 0.001 0.002 0.006 0.037 0.059 0.279 0.399 
  48 G _   0.236 0.001 0.002 0.007 0.040 0.058 0.272 0.384 
  49 M _   0.249 0.001 0.002 0.008 0.041 0.055 0.267 0.376 
  50 E _   0.255 0.002 0.002 0.009 0.041 0.053 0.263 0.376 
  51 S _   0.253 0.002 0.002 0.010 0.040 0.049 0.261 0.384 
  52 F _   0.242 0.002 0.002 0.010 0.036 0.045 0.260 0.403 
  53 I _   0.224 0.002 0.002 0.010 0.032 0.041 0.260 0.429 
  54 V _   0.200 0.002 0.002 0.010 0.026 0.036 0.261 0.464 
  55 V _   0.170 0.001 0.001 0.009 0.020 0.031 0.263 0.504 
  56 T _   0.140 0.001 0.001 0.008 0.015 0.027 0.264 0.544 
  57 E _   0.110 0.001 0.001 0.007 0.011 0.023 0.266 0.582 
  58 C _   0.084 0.001 0.001 0.006 0.008 0.019 0.268 0.614 
  59 E _   0.063 0.001 0.001 0.005 0.006 0.017 0.269 0.639 
  60 P _   0.046 0.001 0.001 0.005 0.005 0.015 0.270 0.657 
  61 G _   0.035 0.001 0.001 0.006 0.004 0.014 0.270 0.669 
  62 C _   0.027 0.002 0.001 0.007 0.004 0.013 0.271 0.677 
  63 A _   0.021 0.002 0.001 0.009 0.004 0.012 0.271 0.680 
  64 V _   0.017 0.003 0.001 0.011 0.004 0.011 0.271 0.683 
  65 D _   0.014 0.004 0.001 0.012 0.004 0.011 0.270 0.684 
  66 L _   0.012 0.004 0.001 0.013 0.004 0.010 0.270 0.686 
  67 G _   0.010 0.005 0.000 0.012 0.004 0.009 0.270 0.690 
  68 L _   0.009 0.005 0.000 0.011 0.003 0.008 0.269 0.694 
  69 A _   0.007 0.005 0.000 0.010 0.003 0.007 0.269 0.700 
  70 R _   0.006 0.004 0.000 0.008 0.002 0.006 0.268 0.705 
  71 D _   0.005 0.004 0.000 0.006 0.002 0.005 0.267 0.710 
  72 R _   0.005 0.004 0.000 0.005 0.002 0.005 0.265 0.714 
  73 P _   0.004 0.004 0.000 0.005 0.002 0.005 0.263 0.717 
  74 L _   0.004 0.005 0.000 0.005 0.002 0.005 0.261 0.719 
  75 E _   0.004 0.006 0.000 0.006 0.002 0.005 0.258 0.720 
  76 A _   0.005 0.007 0.000 0.007 0.002 0.006 0.254 0.719 
  77 D _   0.005 0.010 0.000 0.008 0.002 0.006 0.250 0.718 
  78 G _   0.005 0.013 0.000 0.010 0.003 0.007 0.246 0.717 
  79 Q _   0.005 0.017 0.000 0.012 0.003 0.007 0.241 0.715 
  80 E _   0.005 0.020 0.000 0.013 0.003 0.008 0.236 0.715 
  81 V _   0.005 0.024 0.000 0.013 0.003 0.008 0.231 0.716 
  82 P _   0.005 0.026 0.000 0.013 0.003 0.008 0.227 0.718 
  83 L _   0.005 0.029 0.000 0.013 0.003 0.008 0.222 0.721 
  84 D _   0.005 0.031 0.000 0.011 0.003 0.007 0.218 0.725 
  85 T _   0.005 0.032 0.000 0.010 0.003 0.007 0.214 0.729 
  86 S _   0.005 0.035 0.000 0.010 0.003 0.007 0.209 0.732 
  87 G _   0.005 0.038 0.000 0.009 0.003 0.007 0.204 0.734 
  88 S _   0.005 0.042 0.000 0.009 0.003 0.008 0.199 0.734 
  89 Q _   0.005 0.047 0.000 0.010 0.003 0.008 0.193 0.733 
  90 A _   0.005 0.055 0.000 0.011 0.003 0.008 0.187 0.730 
  91 R _   0.005 0.065 0.000 0.012 0.003 0.009 0.180 0.725 
  92 P _   0.005 0.077 0.001 0.014 0.004 0.009 0.172 0.718 
  93 H _   0.005 0.091 0.001 0.015 0.004 0.010 0.164 0.709 
  94 L _   0.005 0.107 0.001 0.017 0.005 0.010 0.156 0.699 
  95 S _   0.005 0.123 0.001 0.018 0.005 0.010 0.149 0.689 
  96 G _   0.005 0.138 0.001 0.019 0.005 0.010 0.141 0.680 
  97 R _   0.005 0.152 0.001 0.019 0.005 0.010 0.135 0.673 
  98 K _   0.005 0.165 0.001 0.019 0.005 0.010 0.128 0.667 
  99 L _   0.005 0.177 0.001 0.018 0.005 0.010 0.123 0.662 
 100 S _   0.005 0.188 0.001 0.017 0.005 0.010 0.117 0.658 
 101 L _   0.005 0.200 0.001 0.017 0.005 0.010 0.111 0.653 
 102 Q _   0.005 0.212 0.001 0.016 0.005 0.010 0.106 0.646 
 103 E _   0.005 0.225 0.001 0.017 0.005 0.010 0.100 0.637 
 104 R _   0.005 0.240 0.001 0.018 0.005 0.010 0.095 0.626 
 105 S _   0.005 0.257 0.001 0.019 0.006 0.010 0.090 0.613 
 106 Q _   0.005 0.274 0.001 0.021 0.006 0.011 0.085 0.598 
 107 G _   0.005 0.290 0.001 0.022 0.006 0.011 0.081 0.585 
 108 G _   0.005 0.303 0.001 0.023 0.006 0.011 0.077 0.574 
 109 L _   0.005 0.314 0.001 0.024 0.006 0.010 0.074 0.566 
 110 A _   0.005 0.322 0.001 0.023 0.006 0.010 0.071 0.562 
 111 A _   0.005 0.325 0.001 0.022 0.006 0.010 0.069 0.562 
 112 G _   0.005 0.327 0.001 0.021 0.006 0.010 0.067 0.565 
 113 G _   0.005 0.326 0.001 0.019 0.005 0.010 0.066 0.569 
 114 S _   0.005 0.324 0.001 0.017 0.005 0.010 0.065 0.574 
 115 L _   0.005 0.321 0.001 0.016 0.005 0.010 0.064 0.578 
 116 D _   0.006 0.318 0.001 0.016 0.005 0.010 0.063 0.581 
 117 M _   0.006 0.316 0.001 0.016 0.005 0.011 0.063 0.582 
 118 N _   0.007 0.314 0.001 0.017 0.006 0.011 0.062 0.583 
 119 G _   0.007 0.311 0.001 0.018 0.006 0.012 0.062 0.582 
 120 R _   0.008 0.308 0.001 0.020 0.006 0.012 0.062 0.583 
 121 C _   0.008 0.303 0.001 0.022 0.007 0.012 0.062 0.584 
 122 I _   0.009 0.297 0.001 0.023 0.007 0.013 0.063 0.588 
 123 C _   0.009 0.286 0.001 0.024 0.008 0.013 0.064 0.595 
 124 P _   0.009 0.272 0.001 0.025 0.008 0.012 0.065 0.608 
 125 S _   0.010 0.252 0.001 0.024 0.008 0.012 0.067 0.626 
 126 L _   0.010 0.228 0.001 0.023 0.007 0.012 0.070 0.649 
 127 P _   0.011 0.197 0.001 0.021 0.007 0.012 0.073 0.679 
 128 Y _   0.011 0.164 0.001 0.018 0.006 0.011 0.076 0.713 
 129 S _   0.010 0.132 0.001 0.015 0.005 0.011 0.079 0.747 
 130 P _   0.010 0.106 0.001 0.012 0.004 0.010 0.081 0.777 
 131 V _   0.009 0.086 0.000 0.009 0.003 0.009 0.083 0.800 
 132 S _   0.008 0.074 0.000 0.007 0.003 0.008 0.085 0.816 
 133 S _   0.007 0.066 0.000 0.006 0.002 0.008 0.085 0.826 
 134 P _   0.006 0.062 0.000 0.005 0.002 0.007 0.085 0.831 
 135 Q _   0.006 0.061 0.000 0.005 0.002 0.007 0.085 0.834 
 136 S _   0.006 0.061 0.000 0.006 0.002 0.008 0.084 0.833 
 137 S _   0.005 0.064 0.000 0.007 0.003 0.008 0.083 0.829 
 138 P _   0.006 0.070 0.000 0.009 0.003 0.009 0.081 0.822 
 139 R _   0.006 0.078 0.000 0.011 0.004 0.010 0.079 0.813 
 140 L _   0.006 0.088 0.001 0.013 0.004 0.011 0.076 0.802 
 141 P _   0.006 0.099 0.001 0.014 0.005 0.011 0.074 0.791 
 142 R _   0.006 0.110 0.001 0.015 0.005 0.012 0.072 0.781 
 143 R _   0.006 0.120 0.001 0.016 0.005 0.012 0.069 0.771 
 144 P _   0.006 0.131 0.001 0.015 0.005 0.013 0.067 0.763 
 145 T _   0.006 0.141 0.001 0.015 0.005 0.014 0.064 0.753 
 146 V _   0.007 0.153 0.001 0.015 0.006 0.015 0.062 0.741 
 147 E _   0.008 0.166 0.001 0.016 0.007 0.017 0.060 0.726 
 148 S _   0.009 0.183 0.001 0.017 0.008 0.018 0.058 0.706 
 149 H _   0.010 0.203 0.001 0.019 0.010 0.020 0.055 0.682 
 150 H _   0.011 0.227 0.001 0.022 0.012 0.022 0.053 0.652 
 151 V _   0.012 0.255 0.001 0.025 0.014 0.024 0.051 0.618 
 152 S _   0.013 0.282 0.001 0.029 0.015 0.025 0.049 0.585 
 153 I _   0.014 0.306 0.001 0.033 0.017 0.025 0.047 0.556 
 154 T _   0.015 0.324 0.001 0.036 0.017 0.025 0.046 0.536 
 155 G _   0.015 0.335 0.001 0.038 0.017 0.025 0.045 0.525 
 156 M _   0.015 0.340 0.001 0.039 0.016 0.024 0.044 0.521 
 157 Q _   0.014 0.340 0.001 0.038 0.016 0.022 0.044 0.524 
 158 D _   0.014 0.335 0.001 0.036 0.015 0.021 0.045 0.533 
 159 C _   0.013 0.325 0.001 0.034 0.013 0.020 0.045 0.548 
 160 V _   0.013 0.309 0.001 0.031 0.012 0.018 0.046 0.569 
 161 Q _   0.013 0.288 0.001 0.027 0.010 0.017 0.048 0.596 
 162 L _   0.012 0.263 0.001 0.023 0.009 0.015 0.049 0.628 
 163 N _   0.012 0.236 0.001 0.019 0.008 0.014 0.051 0.659 
 164 Q _   0.011 0.210 0.001 0.016 0.006 0.013 0.053 0.689 
 165 Y _   0.010 0.187 0.001 0.013 0.005 0.012 0.055 0.718 
 166 T _   0.009 0.169 0.001 0.010 0.004 0.011 0.056 0.741 
 167 L _   0.008 0.156 0.000 0.008 0.003 0.010 0.057 0.757 
 168 K _   0.007 0.148 0.000 0.007 0.003 0.010 0.057 0.767 
 169 D _   0.007 0.145 0.000 0.007 0.003 0.010 0.058 0.771 
 170 E _   0.007 0.145 0.000 0.007 0.003 0.010 0.058 0.770 
 171 I _   0.008 0.149 0.000 0.008 0.003 0.011 0.057 0.764 
 172 G _   0.008 0.157 0.001 0.011 0.005 0.012 0.057 0.751 
 173 K _   0.009 0.170 0.001 0.015 0.006 0.014 0.056 0.731 
 174 G _   0.009 0.187 0.001 0.021 0.008 0.015 0.055 0.706 
 175 S _   0.009 0.204 0.001 0.027 0.009 0.015 0.054 0.680 
 176 Y _   0.009 0.219 0.001 0.033 0.010 0.016 0.053 0.659 
 177 G _   0.009 0.229 0.001 0.038 0.011 0.016 0.053 0.644 
 178 V _   0.009 0.234 0.001 0.040 0.010 0.015 0.053 0.637 
 179 V _   0.009 0.234 0.001 0.039 0.010 0.015 0.054 0.639 
 180 K _   0.009 0.228 0.001 0.035 0.009 0.014 0.056 0.649 
 181 L _   0.008 0.217 0.001 0.030 0.008 0.012 0.057 0.667 
 182 A _   0.008 0.200 0.001 0.023 0.006 0.011 0.059 0.692 
 183 Y _   0.007 0.181 0.001 0.016 0.005 0.009 0.061 0.720 
 184 N _   0.006 0.163 0.000 0.011 0.003 0.008 0.063 0.744 
 185 E _   0.006 0.151 0.000 0.008 0.003 0.008 0.064 0.760 
 186 N _   0.005 0.144 0.000 0.006 0.002 0.008 0.065 0.768 
 187 D _   0.006 0.143 0.000 0.006 0.002 0.008 0.066 0.769 
 188 N _   0.006 0.145 0.000 0.006 0.003 0.009 0.066 0.764 
 189 T _   0.007 0.153 0.000 0.008 0.003 0.010 0.067 0.751 
 190 Y _   0.007 0.167 0.001 0.012 0.004 0.012 0.066 0.731 
 191 Y _   0.007 0.186 0.001 0.016 0.006 0.013 0.066 0.706 
 192 A _   0.008 0.209 0.001 0.019 0.006 0.013 0.065 0.679 
 193 M _   0.007 0.230 0.001 0.022 0.007 0.014 0.065 0.655 
 194 K _   0.007 0.247 0.001 0.024 0.007 0.014 0.064 0.635 
 195 V _   0.007 0.261 0.001 0.025 0.007 0.014 0.064 0.621 
 196 L _   0.007 0.271 0.001 0.025 0.007 0.014 0.065 0.610 
 197 S _   0.007 0.278 0.001 0.025 0.007 0.014 0.065 0.603 
 198 K _   0.007 0.283 0.001 0.026 0.008 0.014 0.066 0.596 
 199 K _   0.008 0.286 0.001 0.027 0.008 0.014 0.067 0.589 
 200 K _   0.008 0.288 0.001 0.029 0.008 0.014 0.069 0.582 
 201 L _   0.009 0.287 0.001 0.031 0.008 0.014 0.072 0.578 
 202 I _   0.009 0.283 0.001 0.033 0.008 0.014 0.075 0.577 
 203 R _   0.009 0.276 0.001 0.034 0.008 0.013 0.078 0.581 
 204 Q _   0.010 0.263 0.001 0.033 0.008 0.013 0.083 0.590 
 205 A _   0.010 0.243 0.001 0.032 0.008 0.012 0.088 0.607 
 206 G _   0.010 0.214 0.001 0.029 0.007 0.011 0.095 0.633 
 207 F _   0.010 0.176 0.001 0.024 0.006 0.011 0.102 0.669 
 208 P _   0.010 0.134 0.001 0.020 0.005 0.010 0.111 0.710 
 209 R _   0.009 0.095 0.001 0.015 0.004 0.009 0.118 0.749 
 210 R _   0.008 0.065 0.000 0.011 0.003 0.008 0.125 0.781 
 211 P _   0.007 0.045 0.000 0.008 0.002 0.007 0.129 0.802 
 212 P _   0.006 0.033 0.000 0.006 0.002 0.006 0.133 0.815 
 213 P _   0.005 0.027 0.000 0.005 0.001 0.005 0.134 0.822 
 214 R _   0.005 0.024 0.000 0.004 0.001 0.005 0.136 0.825 
 215 G _   0.004 0.023 0.000 0.004 0.001 0.005 0.136 0.826 
 216 T _   0.004 0.023 0.000 0.005 0.001 0.005 0.135 0.825 
 217 R _   0.004 0.025 0.000 0.007 0.002 0.006 0.134 0.822 
 218 P _   0.004 0.027 0.000 0.008 0.002 0.006 0.133 0.819 
 219 A _   0.004 0.030 0.000 0.010 0.002 0.007 0.131 0.815 
 220 P _   0.004 0.035 0.000 0.011 0.003 0.008 0.128 0.811 
 221 G _   0.004 0.039 0.000 0.012 0.003 0.008 0.125 0.807 
 222 G _   0.004 0.043 0.000 0.013 0.003 0.009 0.123 0.805 
 223 C _   0.004 0.048 0.000 0.013 0.003 0.009 0.120 0.803 
 224 I _   0.004 0.052 0.000 0.012 0.003 0.010 0.117 0.800 
 225 Q _   0.005 0.058 0.000 0.012 0.004 0.012 0.114 0.796 
 226 P _   0.005 0.064 0.001 0.012 0.004 0.013 0.111 0.789 
 227 R _   0.006 0.073 0.001 0.013 0.005 0.016 0.107 0.778 
 228 G _   0.008 0.086 0.001 0.016 0.007 0.019 0.103 0.760 
 229 P _   0.010 0.104 0.001 0.019 0.010 0.023 0.099 0.734 
 230 I _   0.012 0.129 0.001 0.025 0.013 0.027 0.095 0.699 
 231 E _   0.014 0.159 0.002 0.032 0.017 0.030 0.090 0.656 
 232 Q _   0.015 0.189 0.002 0.041 0.020 0.032 0.086 0.615 
 233 V _   0.016 0.215 0.002 0.049 0.022 0.033 0.082 0.580 
 234 Y _   0.017 0.233 0.002 0.056 0.024 0.034 0.079 0.557 
 235 Q _   0.017 0.242 0.002 0.061 0.024 0.033 0.077 0.545 
 236 E _   0.017 0.245 0.002 0.062 0.023 0.031 0.076 0.544 
 237 I _   0.017 0.242 0.002 0.060 0.021 0.029 0.076 0.553 
 238 A _   0.017 0.231 0.002 0.053 0.019 0.027 0.076 0.575 
 239 I _   0.017 0.211 0.002 0.045 0.016 0.024 0.077 0.608 
 240 L _   0.016 0.179 0.001 0.035 0.014 0.022 0.079 0.654 
 241 K _   0.016 0.141 0.001 0.025 0.011 0.020 0.080 0.706 
 242 K _   0.015 0.103 0.001 0.017 0.009 0.018 0.082 0.754 
 243 L _   0.014 0.076 0.001 0.012 0.006 0.017 0.084 0.791 
 244 D _   0.013 0.060 0.001 0.009 0.005 0.016 0.085 0.813 
 245 H _   0.013 0.052 0.000 0.008 0.004 0.015 0.085 0.822 
 246 P _   0.013 0.049 0.000 0.009 0.005 0.015 0.085 0.824 
 247 N _   0.013 0.048 0.001 0.012 0.005 0.016 0.086 0.820 
 248 V _   0.014 0.049 0.001 0.016 0.006 0.016 0.086 0.812 
 249 V _   0.014 0.050 0.001 0.021 0.007 0.016 0.086 0.804 
 250 K _   0.014 0.050 0.001 0.025 0.008 0.016 0.086 0.799 
 251 L _   0.013 0.048 0.001 0.027 0.008 0.015 0.087 0.801 
 252 V _   0.012 0.044 0.001 0.026 0.007 0.014 0.088 0.809 
 253 E _   0.011 0.037 0.001 0.022 0.006 0.012 0.089 0.823 
 254 V _   0.009 0.028 0.001 0.016 0.005 0.010 0.089 0.841 
 255 L _   0.008 0.019 0.000 0.010 0.003 0.009 0.090 0.860 
 256 D _   0.007 0.011 0.000 0.006 0.002 0.008 0.090 0.875 
 257 D _   0.006 0.007 0.000 0.003 0.002 0.007 0.090 0.885 
 258 P _   0.006 0.005 0.000 0.002 0.001 0.007 0.089 0.888 
 259 N _   0.007 0.005 0.000 0.002 0.002 0.009 0.088 0.887 
 260 E _   0.009 0.006 0.000 0.003 0.003 0.012 0.087 0.879 
 261 D _   0.013 0.012 0.001 0.006 0.005 0.017 0.084 0.862 
 262 H _   0.018 0.027 0.001 0.013 0.009 0.023 0.081 0.827 
 263 L _   0.021 0.056 0.001 0.024 0.014 0.029 0.078 0.777 
 264 Y _   0.024 0.090 0.002 0.036 0.019 0.033 0.073 0.723 
 265 M _   0.025 0.118 0.002 0.046 0.022 0.035 0.070 0.681 
 266 V _   0.025 0.136 0.002 0.052 0.023 0.036 0.067 0.658 
 267 F _   0.025 0.145 0.002 0.054 0.024 0.036 0.065 0.650 
 268 E _   0.025 0.148 0.002 0.051 0.023 0.035 0.064 0.653 
 269 L _   0.024 0.146 0.002 0.045 0.021 0.033 0.063 0.666 
 270 V _   0.024 0.140 0.001 0.037 0.019 0.031 0.063 0.684 
 271 N _   0.023 0.131 0.001 0.031 0.017 0.029 0.063 0.705 
 272 Q _   0.023 0.120 0.001 0.025 0.014 0.027 0.063 0.725 
 273 G _   0.022 0.110 0.001 0.022 0.013 0.026 0.064 0.742 
 274 P _   0.022 0.102 0.001 0.020 0.011 0.024 0.065 0.755 
 275 V _   0.022 0.094 0.001 0.020 0.010 0.023 0.065 0.766 
 276 M _   0.021 0.087 0.001 0.019 0.009 0.021 0.066 0.776 
 277 E _   0.019 0.079 0.001 0.019 0.008 0.019 0.067 0.788 
 278 V _   0.017 0.071 0.001 0.018 0.007 0.017 0.068 0.801 
 279 P _   0.016 0.061 0.001 0.016 0.007 0.016 0.068 0.816 
 280 T _   0.014 0.052 0.001 0.013 0.005 0.014 0.069 0.833 
 281 L _   0.012 0.042 0.001 0.010 0.004 0.012 0.069 0.849 
 282 K _   0.010 0.035 0.000 0.008 0.004 0.011 0.069 0.863 
 283 P _   0.009 0.030 0.000 0.006 0.003 0.011 0.069 0.872 
 284 L _   0.009 0.027 0.000 0.005 0.003 0.011 0.069 0.877 
 285 S _   0.009 0.026 0.000 0.005 0.003 0.011 0.068 0.878 
 286 E _   0.009 0.027 0.000 0.005 0.003 0.013 0.067 0.875 
 287 D _   0.010 0.031 0.000 0.007 0.004 0.015 0.066 0.867 
 288 Q _   0.012 0.037 0.001 0.009 0.006 0.017 0.064 0.854 
 289 A _   0.014 0.047 0.001 0.012 0.007 0.020 0.062 0.836 
 290 R _   0.015 0.060 0.001 0.016 0.010 0.023 0.060 0.815 
 291 F _   0.017 0.074 0.001 0.019 0.012 0.025 0.058 0.794 
 292 Y _   0.018 0.087 0.001 0.022 0.013 0.027 0.056 0.775 
 293 F _   0.019 0.099 0.001 0.024 0.015 0.029 0.054 0.759 
 294 Q _   0.021 0.109 0.001 0.026 0.016 0.030 0.052 0.745 
 295 D _   0.022 0.117 0.001 0.026 0.017 0.031 0.051 0.735 
 296 L _   0.024 0.123 0.001 0.026 0.018 0.032 0.050 0.726 
 297 I _   0.026 0.128 0.001 0.026 0.018 0.032 0.049 0.720 
 298 K _   0.027 0.131 0.001 0.026 0.018 0.032 0.048 0.715 
 299 G _   0.029 0.134 0.001 0.026 0.018 0.032 0.048 0.712 
 300 I _   0.029 0.135 0.001 0.027 0.018 0.031 0.048 0.711 
 301 E _   0.029 0.135 0.001 0.028 0.017 0.030 0.048 0.712 
 302 Y _   0.028 0.133 0.001 0.028 0.016 0.029 0.048 0.717 
 303 L _   0.026 0.130 0.001 0.028 0.015 0.027 0.049 0.724 
 304 H _   0.024 0.125 0.001 0.028 0.014 0.025 0.049 0.734 
 305 Y _   0.022 0.117 0.001 0.026 0.013 0.022 0.050 0.748 
 306 Q _   0.020 0.108 0.001 0.025 0.011 0.020 0.051 0.765 
 307 K _   0.017 0.096 0.001 0.022 0.009 0.018 0.052 0.785 
 308 I _   0.015 0.083 0.001 0.019 0.008 0.015 0.053 0.806 
 309 I _   0.013 0.070 0.001 0.016 0.006 0.013 0.055 0.826 
 310 H _   0.012 0.058 0.001 0.013 0.005 0.011 0.056 0.845 
 311 R _   0.010 0.048 0.001 0.010 0.004 0.010 0.056 0.861 
 312 D _   0.009 0.040 0.000 0.008 0.003 0.009 0.057 0.874 
 313 I _   0.008 0.035 0.000 0.007 0.003 0.008 0.057 0.882 
 314 K _   0.007 0.032 0.000 0.006 0.003 0.008 0.057 0.887 
 315 P _   0.007 0.031 0.000 0.006 0.002 0.007 0.057 0.889 
 316 S _   0.006 0.030 0.000 0.006 0.002 0.007 0.057 0.890 
 317 N _   0.006 0.031 0.000 0.007 0.003 0.008 0.056 0.888 
 318 L _   0.006 0.033 0.000 0.008 0.003 0.008 0.056 0.886 
 319 L _   0.006 0.036 0.000 0.009 0.003 0.009 0.055 0.882 
 320 V _   0.007 0.040 0.000 0.010 0.003 0.009 0.053 0.878 
 321 G _   0.007 0.045 0.000 0.011 0.004 0.010 0.052 0.871 
 322 E _   0.007 0.051 0.001 0.012 0.005 0.011 0.050 0.863 
 323 D _   0.007 0.059 0.001 0.015 0.005 0.012 0.049 0.852 
 324 G _   0.008 0.067 0.001 0.017 0.006 0.014 0.047 0.839 
 325 H _   0.009 0.077 0.001 0.021 0.008 0.015 0.045 0.824 
 326 I _   0.009 0.087 0.001 0.026 0.009 0.016 0.044 0.808 
 327 K _   0.010 0.096 0.001 0.030 0.010 0.017 0.042 0.794 
 328 I _   0.010 0.103 0.001 0.034 0.011 0.017 0.041 0.783 
 329 A _   0.010 0.107 0.001 0.037 0.011 0.017 0.041 0.777 
 330 D _   0.010 0.107 0.001 0.038 0.011 0.016 0.040 0.777 
 331 F _   0.010 0.105 0.001 0.036 0.010 0.015 0.040 0.784 
 332 G _   0.009 0.099 0.001 0.032 0.009 0.014 0.040 0.796 
 333 V _   0.009 0.090 0.001 0.027 0.007 0.013 0.040 0.813 
 334 S _   0.008 0.078 0.001 0.021 0.006 0.012 0.041 0.833 
 335 N _   0.008 0.066 0.001 0.015 0.005 0.011 0.041 0.854 
 336 E _   0.007 0.054 0.001 0.011 0.004 0.010 0.041 0.872 
 337 F _   0.007 0.046 0.000 0.008 0.003 0.009 0.041 0.886 
 338 K _   0.006 0.041 0.000 0.006 0.003 0.009 0.041 0.893 
 339 G _   0.006 0.039 0.000 0.005 0.002 0.010 0.041 0.897 
 340 S _   0.007 0.038 0.000 0.006 0.003 0.011 0.040 0.896 
 341 D _   0.008 0.040 0.000 0.007 0.003 0.012 0.039 0.890 
 342 A _   0.010 0.045 0.001 0.009 0.004 0.015 0.038 0.880 
 343 L _   0.011 0.053 0.001 0.012 0.006 0.017 0.036 0.863 
 344 L _   0.013 0.064 0.001 0.016 0.008 0.020 0.034 0.843 
 345 S _   0.015 0.077 0.001 0.021 0.011 0.023 0.033 0.819 
 346 N _   0.016 0.091 0.001 0.027 0.013 0.026 0.031 0.795 
 347 T _   0.018 0.104 0.001 0.033 0.016 0.028 0.029 0.772 
 348 V _   0.019 0.114 0.001 0.039 0.018 0.029 0.027 0.753 
 349 G _   0.020 0.120 0.001 0.043 0.020 0.030 0.026 0.740 
 350 T _   0.021 0.123 0.001 0.045 0.020 0.030 0.025 0.734 
 351 P _   0.022 0.122 0.001 0.046 0.020 0.029 0.025 0.736 
 352 A _   0.022 0.117 0.001 0.043 0.018 0.028 0.024 0.746 
 353 F _   0.021 0.108 0.001 0.038 0.016 0.025 0.024 0.766 
 354 M _   0.020 0.093 0.001 0.032 0.014 0.023 0.024 0.792 
 355 A _   0.019 0.075 0.001 0.025 0.011 0.021 0.024 0.823 
 356 P _   0.018 0.055 0.001 0.019 0.009 0.019 0.024 0.855 
 357 E _   0.016 0.037 0.001 0.014 0.007 0.017 0.024 0.884 
 358 S _   0.016 0.023 0.001 0.010 0.006 0.015 0.024 0.905 
 359 L _   0.015 0.015 0.001 0.008 0.005 0.014 0.024 0.919 
 360 S _   0.017 0.009 0.000 0.007 0.004 0.014 0.023 0.926 
 361 E _   0.019 0.006 0.000 0.006 0.004 0.014 0.022 0.928 
 362 T _   0.023 0.004 0.000 0.006 0.004 0.014 0.022 0.927 
 363 R _   0.030 0.002 0.001 0.006 0.005 0.015 0.021 0.921 
 364 K _   0.040 0.001 0.001 0.006 0.005 0.015 0.019 0.912 
 365 I _   0.056 0.001 0.001 0.006 0.006 0.016 0.018 0.896 
 366 F _   0.079 0.001 0.001 0.005 0.007 0.017 0.016 0.874 
 367 S _   0.112 0.000 0.001 0.004 0.007 0.018 0.015 0.843 
 368 G _   0.156 0.000 0.001 0.003 0.008 0.018 0.013 0.800 
 369 K _   0.213 0.000 0.001 0.003 0.009 0.019 0.011 0.745 
 370 A _   0.282 0.000 0.001 0.002 0.010 0.019 0.009 0.678 
 371 L _   0.363 0.000 0.001 0.002 0.011 0.019 0.007 0.597 
 372 D _   0.451 0.000 0.001 0.001 0.012 0.019 0.006 0.510 
 373 V H   0.541 0.000 0.001 0.001 0.014 0.018 0.004 0.420 
 374 W H   0.627 0.000 0.001 0.001 0.015 0.017 0.003 0.336 
 375 A H   0.699 0.000 0.001 0.001 0.016 0.016 0.003 0.264 
 376 M H   0.757 0.000 0.001 0.001 0.017 0.014 0.002 0.207 
 377 G H   0.799 0.000 0.001 0.001 0.018 0.013 0.002 0.166 
 378 V H   0.825 0.000 0.001 0.001 0.019 0.012 0.002 0.140 
 379 T H   0.838 0.000 0.001 0.001 0.020 0.011 0.002 0.127 
 380 L H   0.839 0.000 0.001 0.001 0.020 0.011 0.002 0.125 
 381 Y H   0.829 0.000 0.001 0.001 0.021 0.011 0.002 0.134 
 382 C H   0.806 0.000 0.001 0.001 0.021 0.011 0.003 0.155 
 383 F H   0.766 0.000 0.002 0.002 0.021 0.012 0.004 0.193 
 384 V H   0.707 0.000 0.002 0.002 0.020 0.013 0.006 0.251 
 385 F H   0.630 0.000 0.002 0.002 0.018 0.014 0.008 0.327 
 386 G H   0.542 0.000 0.001 0.002 0.016 0.014 0.011 0.414 
 387 Q _   0.448 0.000 0.001 0.002 0.013 0.015 0.014 0.506 
 388 C _   0.360 0.000 0.001 0.002 0.011 0.016 0.018 0.592 
 389 P _   0.284 0.000 0.001 0.002 0.009 0.017 0.021 0.665 
 390 F _   0.222 0.000 0.001 0.003 0.009 0.018 0.025 0.722 
 391 M _   0.175 0.000 0.001 0.004 0.009 0.020 0.029 0.762 
 392 D _   0.140 0.001 0.001 0.006 0.009 0.022 0.032 0.789 
 393 E _   0.113 0.003 0.001 0.009 0.010 0.023 0.035 0.806 
 394 R _   0.091 0.006 0.001 0.013 0.012 0.024 0.039 0.815 
 395 I _   0.073 0.009 0.001 0.016 0.013 0.025 0.042 0.821 
 396 M _   0.059 0.013 0.001 0.020 0.013 0.024 0.045 0.824 
 397 C _   0.048 0.016 0.001 0.022 0.013 0.024 0.049 0.827 
 398 L _   0.039 0.019 0.001 0.024 0.012 0.023 0.052 0.830 
 399 H _   0.032 0.020 0.001 0.024 0.012 0.022 0.056 0.833 
 400 S _   0.027 0.021 0.001 0.024 0.011 0.020 0.060 0.836 
 401 K _   0.023 0.022 0.001 0.024 0.010 0.019 0.064 0.838 
 402 I _   0.020 0.021 0.001 0.023 0.009 0.018 0.068 0.840 
 403 K _   0.018 0.021 0.001 0.022 0.008 0.016 0.073 0.842 
 404 S _   0.017 0.019 0.001 0.021 0.007 0.014 0.078 0.844 
 405 Q _   0.015 0.017 0.001 0.019 0.006 0.013 0.083 0.847 
 406 A _   0.013 0.015 0.001 0.016 0.005 0.011 0.087 0.852 
 407 L _   0.011 0.012 0.001 0.013 0.004 0.009 0.092 0.858 
 408 E _   0.010 0.009 0.000 0.010 0.003 0.008 0.096 0.864 
 409 F _   0.008 0.007 0.000 0.007 0.002 0.006 0.100 0.870 
 410 P _   0.007 0.005 0.000 0.005 0.002 0.005 0.102 0.874 
 411 D _   0.006 0.004 0.000 0.004 0.001 0.005 0.104 0.876 
 412 Q _   0.005 0.003 0.000 0.003 0.001 0.005 0.106 0.877 
 413 P _   0.005 0.004 0.000 0.003 0.001 0.005 0.107 0.876 
 414 D _   0.005 0.005 0.000 0.003 0.001 0.006 0.107 0.873 
 415 I _   0.006 0.007 0.000 0.005 0.002 0.007 0.107 0.866 
 416 A _   0.006 0.013 0.000 0.008 0.003 0.009 0.106 0.854 
 417 E _   0.007 0.023 0.001 0.014 0.005 0.012 0.104 0.835 
 418 D _   0.008 0.038 0.001 0.021 0.006 0.014 0.103 0.809 
 419 L _   0.009 0.055 0.001 0.030 0.008 0.016 0.101 0.781 
 420 K _   0.009 0.069 0.001 0.038 0.010 0.017 0.099 0.757 
 421 D _   0.009 0.078 0.001 0.044 0.011 0.017 0.098 0.742 
 422 L _   0.009 0.083 0.001 0.047 0.011 0.017 0.098 0.734 
 423 I _   0.009 0.084 0.001 0.046 0.011 0.017 0.099 0.734 
 424 T _   0.009 0.082 0.001 0.041 0.009 0.015 0.100 0.742 
 425 R _   0.008 0.076 0.001 0.034 0.008 0.014 0.101 0.758 
 426 M _   0.008 0.067 0.001 0.026 0.006 0.012 0.103 0.777 
 427 L _   0.007 0.056 0.001 0.018 0.005 0.011 0.106 0.797 
 428 D _   0.007 0.046 0.000 0.011 0.004 0.009 0.107 0.815 
 429 K _   0.006 0.039 0.000 0.007 0.003 0.008 0.109 0.827 
 430 N _   0.006 0.036 0.000 0.005 0.002 0.008 0.110 0.833 
 431 P _   0.006 0.035 0.000 0.005 0.002 0.009 0.110 0.833 
 432 E _   0.007 0.036 0.000 0.005 0.003 0.010 0.110 0.829 
 433 S _   0.008 0.041 0.000 0.007 0.004 0.012 0.110 0.818 
 434 R _   0.010 0.052 0.001 0.011 0.005 0.014 0.109 0.799 
 435 I _   0.011 0.070 0.001 0.016 0.007 0.017 0.107 0.771 
 436 V _   0.012 0.093 0.001 0.023 0.009 0.019 0.106 0.738 
 437 V _   0.012 0.116 0.001 0.029 0.011 0.020 0.104 0.706 
 438 P _   0.012 0.135 0.001 0.034 0.013 0.021 0.103 0.680 
 439 E _   0.012 0.149 0.001 0.038 0.013 0.022 0.103 0.661 
 440 I _   0.012 0.158 0.001 0.040 0.014 0.022 0.103 0.651 
 441 K _   0.012 0.162 0.001 0.040 0.013 0.021 0.104 0.646 
 442 L _   0.012 0.163 0.001 0.039 0.013 0.020 0.106 0.646 
 443 H _   0.012 0.161 0.001 0.038 0.012 0.019 0.107 0.649 
 444 P _   0.012 0.156 0.001 0.036 0.011 0.018 0.110 0.655 
 445 W _   0.012 0.148 0.001 0.034 0.010 0.017 0.113 0.664 
 446 V _   0.012 0.138 0.001 0.032 0.009 0.016 0.117 0.675 
 447 T _   0.011 0.124 0.001 0.029 0.008 0.014 0.122 0.690 
 448 R _   0.011 0.107 0.001 0.026 0.007 0.013 0.127 0.708 
 449 H _   0.010 0.088 0.001 0.022 0.006 0.012 0.132 0.729 
 450 G _   0.009 0.067 0.001 0.017 0.005 0.010 0.138 0.753 
 451 A _   0.008 0.048 0.001 0.013 0.004 0.009 0.142 0.776 
 452 E _   0.007 0.032 0.000 0.009 0.003 0.007 0.146 0.796 
 453 P _   0.006 0.022 0.000 0.006 0.002 0.006 0.148 0.810 
 454 L _   0.005 0.015 0.000 0.004 0.002 0.005 0.149 0.819 
 455 P _   0.004 0.012 0.000 0.003 0.001 0.005 0.150 0.824 
 456 S _   0.004 0.011 0.000 0.003 0.001 0.005 0.150 0.825 
 457 E _   0.004 0.011 0.000 0.003 0.002 0.006 0.149 0.824 
 458 D _   0.005 0.013 0.000 0.005 0.002 0.008 0.148 0.818 
 459 E _   0.006 0.018 0.000 0.009 0.003 0.011 0.145 0.807 
 460 N _   0.008 0.028 0.001 0.015 0.005 0.014 0.142 0.787 
 461 C _   0.009 0.043 0.001 0.024 0.008 0.018 0.138 0.760 
 462 T _   0.010 0.060 0.001 0.035 0.011 0.021 0.134 0.729 
 463 L _   0.011 0.075 0.001 0.046 0.014 0.023 0.130 0.700 
 464 V _   0.011 0.085 0.001 0.055 0.016 0.024 0.127 0.681 
 465 E _   0.011 0.090 0.001 0.060 0.017 0.025 0.125 0.671 
 466 V _   0.011 0.091 0.001 0.061 0.017 0.024 0.124 0.671 
 467 T _   0.011 0.087 0.001 0.057 0.016 0.023 0.124 0.681 
 468 E _   0.011 0.079 0.001 0.049 0.014 0.022 0.125 0.699 
 469 E _   0.012 0.066 0.001 0.038 0.012 0.020 0.126 0.724 
 470 E _   0.013 0.048 0.001 0.027 0.010 0.019 0.128 0.754 
 471 V _   0.015 0.030 0.001 0.018 0.007 0.018 0.129 0.783 
 472 E _   0.018 0.015 0.001 0.011 0.005 0.017 0.131 0.803 
 473 N _   0.022 0.006 0.001 0.006 0.004 0.017 0.131 0.813 
 474 S _   0.031 0.002 0.000 0.004 0.004 0.017 0.131 0.811 
 475 V _   0.045 0.001 0.000 0.003 0.004 0.019 0.131 0.797 
 476 K _   0.069 0.000 0.001 0.002 0.005 0.023 0.130 0.770 
 477 H _   0.104 0.000 0.001 0.002 0.007 0.029 0.129 0.727 
 478 I _   0.152 0.000 0.001 0.003 0.012 0.036 0.128 0.668 
 479 P _   0.207 0.000 0.001 0.004 0.019 0.045 0.127 0.596 
 480 S _   0.266 0.001 0.002 0.005 0.029 0.053 0.126 0.518 
 481 L _   0.317 0.002 0.002 0.006 0.041 0.060 0.127 0.445 
 482 A _   0.357 0.004 0.002 0.008 0.053 0.065 0.128 0.382 
 483 T H   0.384 0.008 0.003 0.011 0.063 0.067 0.131 0.333 
 484 V H   0.400 0.013 0.003 0.015 0.069 0.067 0.135 0.299 
 485 I H   0.403 0.017 0.003 0.019 0.072 0.065 0.142 0.280 
 486 L H   0.394 0.020 0.003 0.023 0.071 0.062 0.150 0.277 
 487 V H   0.374 0.022 0.003 0.026 0.067 0.057 0.161 0.289 
 488 K H   0.344 0.022 0.003 0.028 0.061 0.052 0.175 0.315 
 489 T _   0.303 0.021 0.003 0.028 0.051 0.046 0.192 0.355 
 490 M _   0.253 0.018 0.003 0.026 0.040 0.040 0.212 0.409 
 491 I _   0.200 0.014 0.002 0.022 0.028 0.033 0.233 0.467 
 492 R _   0.150 0.010 0.002 0.017 0.018 0.026 0.255 0.521 
 493 K _   0.107 0.007 0.001 0.013 0.011 0.021 0.274 0.566 
 494 R _   0.072 0.004 0.001 0.009 0.007 0.016 0.291 0.600 
 495 S _   0.047 0.002 0.001 0.007 0.004 0.012 0.304 0.623 
 496 F _   0.030 0.002 0.000 0.005 0.003 0.009 0.314 0.636 
 497 G _   0.019 0.001 0.000 0.005 0.002 0.007 0.323 0.642 
 498 N _   0.013 0.001 0.000 0.004 0.002 0.006 0.329 0.645 
 499 P _   0.009 0.001 0.000 0.004 0.001 0.005 0.334 0.645 
 500 F _   0.007 0.001 0.000 0.004 0.001 0.005 0.338 0.643 
 501 E _   0.006 0.001 0.000 0.004 0.001 0.005 0.341 0.641 
 502 G _   0.005 0.002 0.000 0.004 0.001 0.005 0.343 0.640 
 503 S _   0.004 0.002 0.000 0.005 0.001 0.005 0.345 0.638 
 504 R _   0.004 0.003 0.000 0.005 0.002 0.005 0.346 0.636 
 505 R _   0.003 0.004 0.000 0.006 0.002 0.005 0.346 0.634 
 506 E _   0.003 0.006 0.000 0.007 0.002 0.005 0.346 0.631 
 507 E _   0.004 0.008 0.000 0.008 0.002 0.006 0.345 0.627 
 508 R _   0.004 0.011 0.000 0.009 0.002 0.006 0.345 0.623 
 509 S _   0.004 0.014 0.000 0.010 0.003 0.007 0.344 0.618 
 510 L _   0.004 0.018 0.000 0.012 0.003 0.007 0.344 0.612 
 511 S _   0.004 0.021 0.000 0.014 0.003 0.008 0.343 0.606 
 512 A _   0.004 0.025 0.000 0.016 0.004 0.008 0.343 0.600 
 513 P _   0.004 0.027 0.000 0.017 0.004 0.008 0.344 0.596 
 514 G _   0.004 0.029 0.000 0.017 0.004 0.008 0.344 0.592 
 515 N _   0.005 0.031 0.000 0.017 0.004 0.008 0.346 0.589 
 516 L _   0.005 0.031 0.000 0.016 0.004 0.008 0.348 0.588 
 517 L _   0.005 0.031 0.000 0.014 0.003 0.008 0.350 0.588 
 518 T _   0.005 0.030 0.000 0.012 0.003 0.007 0.352 0.590 
 519 K _   0.005 0.029 0.000 0.010 0.003 0.007 0.355 0.591 
 520 K _   0.004 0.029 0.000 0.008 0.002 0.007 0.357 0.591 
 521 P _   0.004 0.028 0.000 0.007 0.002 0.006 0.360 0.591 
 522 T _   0.004 0.029 0.000 0.007 0.002 0.006 0.361 0.590 
 523 R _   0.004 0.030 0.000 0.007 0.002 0.007 0.363 0.587 
 524 E _   0.004 0.032 0.000 0.007 0.002 0.007 0.364 0.583 
 525 C _   0.005 0.035 0.000 0.009 0.003 0.007 0.365 0.577 
 526 E _   0.005 0.038 0.000 0.010 0.003 0.008 0.366 0.569 
 527 S _   0.005 0.043 0.000 0.013 0.003 0.008 0.366 0.560 
 528 L _   0.005 0.049 0.000 0.016 0.004 0.009 0.367 0.551 
 529 S _   0.005 0.054 0.001 0.019 0.004 0.009 0.368 0.541 
 530 E _   0.005 0.058 0.001 0.021 0.005 0.009 0.369 0.532 
 531 L _   0.005 0.060 0.001 0.023 0.005 0.010 0.371 0.525 
 532 K _   0.005 0.062 0.001 0.024 0.005 0.009 0.374 0.519 
 533 E _   0.005 0.062 0.001 0.024 0.005 0.009 0.378 0.516 
 534 A _   0.005 0.060 0.001 0.023 0.005 0.009 0.383 0.514 
 535 R _   0.005 0.057 0.001 0.020 0.004 0.008 0.389 0.516 
 536 Q _   0.005 0.053 0.000 0.017 0.004 0.007 0.395 0.519 
 537 R _   0.005 0.047 0.000 0.014 0.003 0.007 0.402 0.523 
 538 R _   0.005 0.042 0.000 0.010 0.002 0.006 0.408 0.527 
 539 Q _   0.004 0.037 0.000 0.008 0.002 0.005 0.413 0.531 
 540 P _   0.004 0.033 0.000 0.006 0.001 0.004 0.417 0.534 
 541 P _   0.004 0.031 0.000 0.004 0.001 0.004 0.420 0.535 
 542 G _   0.003 0.030 0.000 0.004 0.001 0.004 0.422 0.536 
 543 H _   0.003 0.030 0.000 0.003 0.001 0.004 0.422 0.536 
 544 R _   0.003 0.032 0.000 0.004 0.001 0.004 0.422 0.535 
 545 P _   0.003 0.036 0.000 0.004 0.001 0.005 0.419 0.531 
 546 A _   0.003 0.044 0.000 0.006 0.002 0.006 0.416 0.523 
 547 P _   0.004 0.059 0.000 0.009 0.003 0.007 0.410 0.507 
 548 R _   0.004 0.086 0.001 0.013 0.004 0.009 0.402 0.480 
 549 G _   0.004 0.128 0.001 0.019 0.006 0.011 0.391 0.440 
 550 G _   0.004 0.183 0.001 0.024 0.007 0.012 0.379 0.389 
 551 G X   0.004 0.242 0.001 0.028 0.008 0.012 0.368 0.336 
 552 G X   0.004 0.297 0.001 0.031 0.009 0.012 0.358 0.288 
 553 S X   0.003 0.341 0.001 0.032 0.008 0.012 0.352 0.251 
 554 A E   0.003 0.373 0.001 0.032 0.008 0.012 0.347 0.224 
 555 L E   0.003 0.395 0.001 0.031 0.008 0.011 0.345 0.207 
 556 V E   0.003 0.408 0.001 0.030 0.007 0.011 0.344 0.195 
 557 R E   0.003 0.417 0.001 0.030 0.007 0.011 0.344 0.187 
 558 G E   0.003 0.422 0.001 0.029 0.007 0.011 0.345 0.181 
 559 S E   0.003 0.424 0.001 0.029 0.008 0.011 0.348 0.177 
 560 P E   0.003 0.424 0.001 0.029 0.008 0.011 0.351 0.173 
 561 C E   0.004 0.421 0.001 0.029 0.008 0.011 0.356 0.170 
 562 V E   0.004 0.414 0.001 0.030 0.009 0.012 0.362 0.168 
 563 E E   0.004 0.404 0.001 0.031 0.009 0.012 0.370 0.169 
 564 S E   0.005 0.390 0.001 0.031 0.009 0.012 0.381 0.171 
 565 C X   0.005 0.369 0.001 0.032 0.010 0.012 0.395 0.177 
 566 W X   0.005 0.340 0.001 0.032 0.010 0.012 0.413 0.186 
 567 A X   0.006 0.303 0.001 0.031 0.010 0.012 0.437 0.200 
 568 P X   0.006 0.259 0.001 0.029 0.010 0.012 0.465 0.218 
 569 A X   0.006 0.211 0.001 0.026 0.009 0.012 0.498 0.236 
 570 P X   0.006 0.167 0.001 0.023 0.008 0.012 0.532 0.251 
 571 G X   0.006 0.128 0.001 0.019 0.007 0.011 0.566 0.263 
 572 S X   0.006 0.097 0.001 0.015 0.005 0.010 0.597 0.269 
 573 P X   0.005 0.075 0.001 0.013 0.004 0.009 0.624 0.270 
 574 A X   0.005 0.060 0.001 0.011 0.003 0.008 0.646 0.266 
 575 R X   0.004 0.049 0.000 0.009 0.003 0.008 0.666 0.260 
 576 M X   0.004 0.042 0.000 0.009 0.003 0.007 0.683 0.253 
 577 H X   0.004 0.037 0.000 0.008 0.002 0.007 0.698 0.244 
 578 P X   0.004 0.033 0.000 0.008 0.002 0.006 0.712 0.235 
 579 L X   0.003 0.029 0.000 0.008 0.002 0.006 0.724 0.227 
 580 R X   0.003 0.027 0.000 0.008 0.002 0.005 0.734 0.220 
 581 P X   0.002 0.024 0.000 0.008 0.002 0.004 0.744 0.215 
 582 E X   0.002 0.022 0.000 0.008 0.002 0.004 0.753 0.210 
 583 E X   0.001 0.019 0.000 0.007 0.001 0.003 0.762 0.207 
 584 A X   0.001 0.016 0.000 0.005 0.001 0.001 0.770 0.205 
 585 M X   0.000 0.013 0.000 0.003 0.000 0.001 0.776 0.206 
 586 E X   0.000 0.010 0.000 0.002 0.000 0.000 0.777 0.210 
 587 P X   0.000 0.009 0.000 0.003 0.000 0.000 0.774 0.213 
 588 E X   0.002 0.009 0.001 0.010 0.002 0.002 0.759 0.214 
