#TopoPred_TM8: 8-state transmembrane topology prediction results by no_profile mode 
#probabilities are in the order of H E C I L F X _, the 8 transmembrane topology types used in PDBTM 
   1 M X   0.010 0.001 0.002 0.043 0.008 0.008 0.804 0.124 
   2 F X   0.004 0.000 0.000 0.024 0.001 0.004 0.826 0.141 
   3 G X   0.001 0.000 0.000 0.013 0.000 0.002 0.831 0.152 
   4 K X   0.001 0.000 0.000 0.008 0.000 0.002 0.830 0.158 
   5 R X   0.001 0.001 0.000 0.007 0.001 0.003 0.825 0.162 
   6 K X   0.001 0.001 0.000 0.007 0.001 0.004 0.818 0.167 
   7 K X   0.002 0.002 0.000 0.007 0.001 0.005 0.810 0.173 
   8 R X   0.002 0.004 0.000 0.008 0.002 0.006 0.800 0.179 
   9 V X   0.003 0.006 0.000 0.010 0.002 0.006 0.788 0.185 
  10 E X   0.003 0.009 0.000 0.011 0.003 0.007 0.775 0.193 
  11 I X   0.003 0.011 0.000 0.013 0.003 0.007 0.761 0.201 
  12 S X   0.003 0.014 0.000 0.014 0.003 0.008 0.748 0.210 
  13 A X   0.003 0.017 0.000 0.015 0.004 0.008 0.736 0.218 
  14 P X   0.003 0.019 0.000 0.015 0.004 0.008 0.725 0.226 
  15 S X   0.003 0.020 0.000 0.015 0.004 0.008 0.716 0.234 
  16 N X   0.003 0.022 0.000 0.015 0.004 0.008 0.707 0.240 
  17 F X   0.003 0.023 0.000 0.016 0.004 0.008 0.699 0.246 
  18 E X   0.004 0.023 0.000 0.015 0.004 0.008 0.693 0.253 
  19 H X   0.004 0.023 0.000 0.015 0.004 0.008 0.687 0.259 
  20 R X   0.004 0.023 0.000 0.014 0.004 0.007 0.682 0.267 
  21 V X   0.004 0.022 0.000 0.012 0.003 0.007 0.677 0.274 
  22 H X   0.004 0.020 0.000 0.011 0.003 0.006 0.673 0.283 
  23 T X   0.004 0.019 0.000 0.009 0.002 0.006 0.668 0.292 
  24 G X   0.003 0.017 0.000 0.007 0.002 0.005 0.664 0.301 
  25 F X   0.003 0.015 0.000 0.006 0.002 0.005 0.660 0.309 
  26 D X   0.003 0.014 0.000 0.004 0.002 0.004 0.656 0.317 
  27 Q X   0.003 0.013 0.000 0.004 0.001 0.004 0.651 0.323 
  28 H X   0.003 0.013 0.000 0.004 0.001 0.004 0.646 0.329 
  29 E X   0.003 0.013 0.000 0.004 0.002 0.005 0.640 0.334 
  30 Q X   0.003 0.014 0.000 0.004 0.002 0.005 0.633 0.338 
  31 K X   0.003 0.016 0.000 0.006 0.002 0.006 0.626 0.341 
  32 F X   0.003 0.020 0.000 0.007 0.003 0.007 0.617 0.344 
  33 T X   0.004 0.024 0.000 0.009 0.003 0.007 0.608 0.345 
  34 G X   0.004 0.029 0.000 0.011 0.004 0.008 0.598 0.345 
  35 L X   0.004 0.035 0.001 0.014 0.005 0.009 0.589 0.344 
  36 P X   0.004 0.040 0.001 0.016 0.005 0.010 0.580 0.344 
  37 R X   0.005 0.045 0.001 0.019 0.006 0.010 0.572 0.343 
  38 Q X   0.005 0.049 0.001 0.021 0.006 0.011 0.565 0.343 
  39 W X   0.005 0.052 0.001 0.023 0.007 0.011 0.559 0.343 
  40 Q X   0.005 0.053 0.001 0.024 0.007 0.011 0.554 0.345 
  41 S X   0.005 0.053 0.001 0.024 0.007 0.010 0.551 0.349 
  42 L X   0.005 0.052 0.001 0.023 0.006 0.010 0.549 0.354 
  43 I X   0.005 0.050 0.001 0.021 0.006 0.009 0.547 0.362 
  44 E X   0.005 0.046 0.001 0.018 0.005 0.008 0.547 0.371 
  45 E X   0.005 0.040 0.001 0.014 0.004 0.007 0.546 0.383 
  46 S X   0.005 0.033 0.000 0.011 0.003 0.006 0.546 0.395 
  47 A X   0.004 0.026 0.000 0.008 0.002 0.006 0.546 0.407 
  48 R X   0.004 0.021 0.000 0.005 0.002 0.005 0.546 0.416 
  49 R X   0.004 0.017 0.000 0.004 0.002 0.005 0.545 0.423 
  50 P X   0.004 0.015 0.000 0.003 0.001 0.005 0.544 0.428 
  51 K X   0.004 0.015 0.000 0.003 0.001 0.005 0.542 0.430 
  52 P X   0.004 0.015 0.000 0.003 0.002 0.006 0.539 0.429 
  53 L X   0.005 0.017 0.000 0.005 0.002 0.007 0.536 0.427 
  54 V X   0.006 0.021 0.000 0.007 0.003 0.008 0.533 0.421 
  55 D X   0.006 0.027 0.001 0.010 0.004 0.010 0.529 0.414 
  56 P X   0.007 0.034 0.001 0.013 0.006 0.011 0.525 0.405 
  57 A X   0.007 0.041 0.001 0.016 0.006 0.011 0.521 0.397 
  58 C X   0.007 0.047 0.001 0.018 0.007 0.012 0.518 0.391 
  59 I X   0.007 0.051 0.001 0.020 0.007 0.012 0.516 0.388 
  60 T X   0.007 0.054 0.001 0.020 0.007 0.011 0.514 0.387 
  61 S X   0.006 0.055 0.001 0.019 0.007 0.011 0.513 0.388 
  62 I X   0.006 0.055 0.001 0.017 0.006 0.010 0.513 0.391 
  63 Q X   0.006 0.055 0.001 0.016 0.006 0.010 0.514 0.394 
  64 P X   0.006 0.054 0.001 0.014 0.005 0.009 0.515 0.397 
  65 G X   0.006 0.053 0.000 0.013 0.004 0.009 0.516 0.399 
  66 A X   0.005 0.052 0.000 0.012 0.004 0.008 0.518 0.401 
  67 P X   0.005 0.051 0.000 0.011 0.004 0.008 0.520 0.402 
  68 K X   0.005 0.049 0.000 0.010 0.003 0.007 0.522 0.403 
  69 T X   0.005 0.048 0.000 0.009 0.003 0.007 0.524 0.405 
  70 I X   0.004 0.047 0.000 0.008 0.003 0.006 0.525 0.406 
  71 V X   0.004 0.046 0.000 0.007 0.002 0.006 0.527 0.408 
  72 R X   0.004 0.045 0.000 0.006 0.002 0.005 0.528 0.410 
  73 G X   0.003 0.045 0.000 0.005 0.002 0.005 0.529 0.411 
  74 S X   0.003 0.045 0.000 0.004 0.002 0.005 0.530 0.411 
  75 K X   0.003 0.047 0.000 0.004 0.002 0.006 0.529 0.409 
  76 G X   0.003 0.050 0.000 0.005 0.002 0.006 0.529 0.404 
  77 A X   0.004 0.056 0.000 0.006 0.003 0.008 0.528 0.395 
  78 K X   0.005 0.068 0.000 0.008 0.004 0.009 0.525 0.380 
  79 D X   0.005 0.088 0.001 0.012 0.005 0.011 0.523 0.356 
  80 G X   0.006 0.116 0.001 0.016 0.007 0.012 0.519 0.324 
  81 A X   0.006 0.147 0.001 0.021 0.008 0.013 0.516 0.289 
  82 L X   0.006 0.173 0.001 0.025 0.009 0.013 0.514 0.259 
  83 T X   0.005 0.192 0.001 0.028 0.009 0.014 0.514 0.237 
  84 L X   0.005 0.204 0.001 0.030 0.009 0.014 0.515 0.222 
  85 L X   0.005 0.211 0.001 0.031 0.009 0.014 0.518 0.212 
  86 L X   0.005 0.214 0.001 0.031 0.009 0.014 0.522 0.206 
  87 D X   0.005 0.213 0.001 0.030 0.009 0.013 0.527 0.201 
  88 E X   0.006 0.210 0.001 0.029 0.009 0.013 0.535 0.199 
  89 F X   0.006 0.204 0.001 0.027 0.008 0.013 0.544 0.197 
  90 E X   0.006 0.196 0.001 0.026 0.008 0.012 0.556 0.196 
  91 N X   0.006 0.185 0.001 0.025 0.008 0.012 0.569 0.194 
  92 M X   0.007 0.171 0.001 0.024 0.008 0.011 0.585 0.193 
  93 S X   0.007 0.154 0.001 0.023 0.007 0.011 0.604 0.193 
  94 V X   0.007 0.135 0.001 0.022 0.007 0.010 0.625 0.193 
  95 T X   0.006 0.114 0.001 0.020 0.006 0.010 0.649 0.194 
  96 R X   0.006 0.091 0.001 0.018 0.005 0.009 0.674 0.196 
  97 S X   0.006 0.068 0.001 0.015 0.005 0.008 0.700 0.198 
  98 N X   0.005 0.047 0.001 0.012 0.004 0.007 0.725 0.199 
  99 S X   0.005 0.031 0.000 0.009 0.003 0.005 0.747 0.200 
 100 L X   0.004 0.019 0.000 0.006 0.002 0.004 0.765 0.200 
 101 R X   0.003 0.012 0.000 0.004 0.001 0.003 0.779 0.198 
 102 R X   0.003 0.007 0.000 0.003 0.001 0.003 0.789 0.195 
 103 D X   0.002 0.005 0.000 0.002 0.001 0.002 0.796 0.192 
 104 S X   0.002 0.004 0.000 0.002 0.001 0.002 0.801 0.189 
 105 P X   0.001 0.004 0.000 0.001 0.000 0.002 0.805 0.187 
 106 P X   0.001 0.004 0.000 0.002 0.000 0.002 0.807 0.184 
 107 P X   0.001 0.004 0.000 0.002 0.001 0.002 0.808 0.182 
 108 P X   0.001 0.004 0.000 0.002 0.001 0.002 0.809 0.181 
 109 A X   0.001 0.005 0.000 0.003 0.001 0.002 0.809 0.179 
 110 R X   0.001 0.005 0.000 0.003 0.001 0.002 0.808 0.178 
 111 A X   0.001 0.006 0.000 0.004 0.001 0.002 0.807 0.178 
 112 R X   0.001 0.007 0.000 0.004 0.001 0.002 0.806 0.179 
 113 Q X   0.001 0.008 0.000 0.004 0.001 0.002 0.804 0.179 
 114 E X   0.001 0.009 0.000 0.004 0.001 0.002 0.802 0.181 
 115 N X   0.001 0.010 0.000 0.004 0.001 0.002 0.800 0.182 
 116 G X   0.001 0.011 0.000 0.004 0.001 0.002 0.798 0.183 
 117 M X   0.001 0.013 0.000 0.004 0.001 0.002 0.795 0.184 
 118 P X   0.001 0.014 0.000 0.004 0.001 0.002 0.793 0.184 
 119 E X   0.001 0.017 0.000 0.004 0.001 0.003 0.790 0.184 
 120 E X   0.001 0.019 0.000 0.005 0.001 0.003 0.787 0.184 
 121 P X   0.001 0.022 0.000 0.005 0.001 0.003 0.783 0.183 
 122 A X   0.001 0.026 0.000 0.006 0.001 0.003 0.780 0.182 
 123 T X   0.001 0.029 0.000 0.007 0.001 0.003 0.777 0.181 
 124 T X   0.001 0.032 0.000 0.007 0.001 0.003 0.774 0.181 
 125 A X   0.001 0.035 0.000 0.007 0.001 0.003 0.772 0.180 
 126 R X   0.001 0.038 0.000 0.007 0.001 0.003 0.769 0.180 
 127 G X   0.001 0.040 0.000 0.007 0.001 0.003 0.767 0.180 
 128 G X   0.001 0.042 0.000 0.006 0.001 0.003 0.765 0.181 
 129 P X   0.001 0.044 0.000 0.006 0.001 0.003 0.763 0.181 
 130 G X   0.001 0.046 0.000 0.006 0.001 0.003 0.762 0.181 
 131 K X   0.001 0.049 0.000 0.006 0.001 0.003 0.760 0.180 
 132 A X   0.001 0.052 0.000 0.007 0.001 0.003 0.758 0.178 
 133 G X   0.001 0.055 0.000 0.008 0.002 0.004 0.756 0.175 
 134 S X   0.001 0.059 0.000 0.009 0.002 0.004 0.753 0.171 
 135 R X   0.001 0.064 0.000 0.011 0.002 0.004 0.751 0.166 
 136 G X   0.001 0.068 0.000 0.014 0.002 0.004 0.750 0.160 
 137 R X   0.001 0.071 0.000 0.016 0.003 0.005 0.750 0.155 
 138 F X   0.001 0.073 0.000 0.018 0.003 0.005 0.750 0.150 
 139 A X   0.001 0.075 0.000 0.020 0.003 0.005 0.751 0.145 
 140 G X   0.001 0.075 0.000 0.020 0.003 0.005 0.754 0.141 
 141 H X   0.001 0.073 0.000 0.020 0.003 0.005 0.759 0.138 
 142 S X   0.001 0.071 0.000 0.020 0.003 0.005 0.765 0.135 
 143 E X   0.002 0.066 0.000 0.018 0.003 0.005 0.773 0.132 
 144 A X   0.002 0.060 0.000 0.016 0.003 0.004 0.783 0.131 
 145 G X   0.002 0.053 0.000 0.014 0.003 0.004 0.795 0.129 
 146 G X   0.002 0.044 0.000 0.012 0.002 0.004 0.808 0.127 
 147 G X   0.002 0.035 0.000 0.010 0.002 0.004 0.822 0.125 
 148 S X   0.002 0.027 0.000 0.008 0.002 0.004 0.836 0.122 
 149 G X   0.002 0.021 0.000 0.007 0.002 0.003 0.848 0.118 
 150 D X   0.002 0.015 0.000 0.005 0.001 0.003 0.860 0.113 
 151 R X   0.001 0.011 0.000 0.004 0.001 0.003 0.870 0.109 
 152 R X   0.001 0.008 0.000 0.004 0.001 0.002 0.879 0.104 
 153 R X   0.001 0.006 0.000 0.003 0.001 0.002 0.886 0.100 
 154 A X   0.001 0.005 0.000 0.003 0.001 0.002 0.893 0.096 
 155 G X   0.001 0.004 0.000 0.002 0.001 0.002 0.898 0.093 
 156 P X   0.001 0.003 0.000 0.002 0.000 0.002 0.902 0.090 
 157 E X   0.001 0.002 0.000 0.002 0.000 0.001 0.905 0.088 
 158 K X   0.001 0.002 0.000 0.002 0.000 0.001 0.908 0.086 
 159 R X   0.001 0.002 0.000 0.002 0.000 0.001 0.910 0.084 
 160 P X   0.001 0.002 0.000 0.002 0.000 0.001 0.912 0.082 
 161 K X   0.001 0.002 0.000 0.002 0.000 0.001 0.914 0.081 
 162 S X   0.001 0.001 0.000 0.002 0.000 0.001 0.915 0.079 
 163 S X   0.001 0.001 0.000 0.002 0.000 0.001 0.916 0.078 
 164 R X   0.001 0.001 0.000 0.002 0.000 0.001 0.917 0.077 
 165 E X   0.001 0.001 0.000 0.002 0.000 0.001 0.918 0.076 
 166 G X   0.001 0.001 0.000 0.002 0.000 0.001 0.918 0.076 
 167 S X   0.001 0.001 0.000 0.002 0.000 0.001 0.919 0.075 
 168 G X   0.001 0.001 0.000 0.002 0.000 0.001 0.919 0.075 
 169 G X   0.001 0.001 0.000 0.002 0.000 0.001 0.919 0.075 
 170 P X   0.001 0.001 0.000 0.002 0.000 0.001 0.919 0.076 
 171 Q X   0.001 0.001 0.000 0.002 0.000 0.001 0.919 0.076 
 172 E X   0.001 0.001 0.000 0.002 0.000 0.001 0.918 0.077 
 173 S X   0.001 0.001 0.000 0.002 0.000 0.001 0.918 0.078 
 174 S X   0.001 0.001 0.000 0.002 0.000 0.001 0.917 0.079 
 175 R X   0.001 0.001 0.000 0.002 0.000 0.001 0.915 0.080 
 176 D X   0.001 0.001 0.000 0.002 0.000 0.001 0.914 0.081 
 177 K X   0.001 0.001 0.000 0.002 0.000 0.001 0.912 0.083 
 178 R X   0.001 0.001 0.000 0.002 0.000 0.001 0.909 0.084 
 179 P X   0.001 0.002 0.000 0.002 0.001 0.001 0.907 0.087 
 180 L X   0.001 0.002 0.000 0.002 0.001 0.001 0.904 0.089 
 181 S X   0.001 0.002 0.000 0.002 0.001 0.001 0.900 0.092 
 182 G X   0.001 0.003 0.000 0.002 0.001 0.002 0.896 0.096 
 183 P X   0.001 0.003 0.000 0.002 0.001 0.002 0.892 0.099 
 184 D X   0.001 0.004 0.000 0.002 0.001 0.002 0.887 0.103 
 185 V X   0.001 0.005 0.000 0.003 0.001 0.002 0.881 0.107 
 186 G X   0.001 0.007 0.000 0.003 0.001 0.002 0.875 0.111 
 187 T X   0.001 0.010 0.000 0.004 0.001 0.003 0.867 0.114 
 188 P X   0.001 0.014 0.000 0.005 0.001 0.004 0.858 0.117 
 189 Q X   0.001 0.021 0.000 0.007 0.002 0.004 0.847 0.118 
 190 P X   0.002 0.030 0.000 0.009 0.003 0.005 0.834 0.117 
 191 A X   0.002 0.043 0.000 0.012 0.003 0.006 0.820 0.115 
 192 G X   0.002 0.057 0.001 0.014 0.004 0.006 0.806 0.111 
 193 L X   0.002 0.071 0.001 0.017 0.004 0.006 0.793 0.107 
 194 A X   0.002 0.083 0.001 0.019 0.004 0.006 0.782 0.103 
 195 S X   0.001 0.093 0.000 0.021 0.004 0.006 0.773 0.101 
 196 G X   0.001 0.100 0.000 0.022 0.004 0.006 0.767 0.099 
 197 A X   0.001 0.104 0.000 0.023 0.004 0.006 0.762 0.099 
 198 K X   0.001 0.107 0.000 0.023 0.004 0.006 0.759 0.099 
 199 L X   0.002 0.107 0.000 0.023 0.004 0.006 0.758 0.100 
 200 A X   0.002 0.106 0.000 0.022 0.004 0.006 0.758 0.102 
 201 A X   0.002 0.104 0.000 0.021 0.004 0.006 0.759 0.104 
 202 G X   0.002 0.099 0.000 0.019 0.004 0.005 0.762 0.108 
 203 R X   0.002 0.092 0.000 0.017 0.004 0.005 0.767 0.112 
 204 P X   0.002 0.083 0.000 0.016 0.004 0.005 0.773 0.117 
 205 F X   0.003 0.071 0.000 0.014 0.003 0.005 0.781 0.124 
 206 N X   0.003 0.057 0.000 0.011 0.003 0.005 0.790 0.131 
 207 T X   0.003 0.043 0.000 0.009 0.003 0.004 0.800 0.138 
 208 Y X   0.003 0.030 0.000 0.007 0.002 0.004 0.809 0.145 
 209 P X   0.002 0.021 0.000 0.005 0.002 0.003 0.818 0.149 
 210 R X   0.002 0.014 0.000 0.004 0.001 0.003 0.824 0.153 
 211 A X   0.002 0.009 0.000 0.003 0.001 0.002 0.828 0.155 
 212 D X   0.002 0.007 0.000 0.002 0.001 0.002 0.831 0.155 
 213 T X   0.001 0.005 0.000 0.002 0.001 0.002 0.834 0.156 
 214 D X   0.001 0.005 0.000 0.002 0.001 0.002 0.835 0.156 
 215 H X   0.001 0.004 0.000 0.002 0.001 0.002 0.835 0.155 
 216 P X   0.001 0.004 0.000 0.002 0.001 0.002 0.835 0.155 
 217 S X   0.001 0.004 0.000 0.003 0.001 0.002 0.834 0.155 
 218 R X   0.001 0.004 0.000 0.004 0.001 0.002 0.833 0.155 
 219 G X   0.001 0.004 0.000 0.004 0.001 0.002 0.832 0.155 
 220 A X   0.001 0.004 0.000 0.005 0.001 0.002 0.831 0.155 
 221 Q X   0.001 0.004 0.000 0.005 0.001 0.002 0.830 0.156 
 222 G X   0.001 0.004 0.000 0.005 0.001 0.002 0.829 0.157 
 223 E X   0.001 0.004 0.000 0.004 0.001 0.002 0.828 0.159 
 224 P X   0.001 0.004 0.000 0.004 0.001 0.002 0.828 0.161 
 225 H X   0.001 0.004 0.000 0.003 0.001 0.002 0.826 0.163 
 226 D X   0.001 0.003 0.000 0.002 0.001 0.002 0.825 0.166 
 227 V X   0.001 0.003 0.000 0.002 0.001 0.002 0.823 0.169 
 228 A X   0.001 0.004 0.000 0.002 0.000 0.002 0.820 0.172 
 229 P X   0.001 0.004 0.000 0.002 0.001 0.002 0.816 0.174 
 230 N X   0.001 0.005 0.000 0.003 0.001 0.002 0.812 0.176 
 231 G X   0.001 0.008 0.000 0.004 0.001 0.003 0.806 0.176 
 232 P X   0.002 0.012 0.000 0.007 0.002 0.004 0.798 0.175 
 233 S X   0.002 0.018 0.000 0.011 0.003 0.005 0.790 0.172 
 234 A X   0.002 0.026 0.000 0.015 0.003 0.006 0.781 0.166 
 235 G X   0.002 0.033 0.000 0.020 0.004 0.007 0.772 0.161 
 236 G X   0.002 0.038 0.000 0.024 0.005 0.007 0.766 0.158 
 237 L X   0.002 0.040 0.000 0.026 0.005 0.007 0.762 0.157 
 238 A X   0.002 0.041 0.000 0.027 0.005 0.007 0.759 0.158 
 239 I X   0.002 0.041 0.000 0.025 0.004 0.006 0.758 0.163 
 240 P X   0.002 0.039 0.000 0.022 0.004 0.006 0.759 0.169 
 241 Q X   0.002 0.035 0.000 0.017 0.003 0.005 0.760 0.176 
 242 S X   0.002 0.030 0.000 0.013 0.002 0.004 0.763 0.185 
 243 S X   0.002 0.023 0.000 0.009 0.002 0.004 0.766 0.194 
 244 S X   0.002 0.017 0.000 0.006 0.001 0.003 0.768 0.202 
 245 S X   0.002 0.013 0.000 0.004 0.001 0.003 0.770 0.207 
 246 S X   0.002 0.010 0.000 0.003 0.001 0.003 0.772 0.210 
 247 S X   0.001 0.008 0.000 0.003 0.001 0.002 0.772 0.212 
 248 R X   0.001 0.007 0.000 0.002 0.001 0.002 0.772 0.214 
 249 P X   0.001 0.007 0.000 0.003 0.001 0.002 0.771 0.215 
 250 P X   0.001 0.007 0.000 0.003 0.001 0.002 0.769 0.216 
 251 T X   0.001 0.007 0.000 0.004 0.001 0.003 0.767 0.217 
 252 R X   0.001 0.007 0.000 0.004 0.001 0.003 0.765 0.218 
 253 A X   0.001 0.007 0.000 0.005 0.001 0.003 0.763 0.219 
 254 R X   0.001 0.008 0.000 0.005 0.001 0.003 0.760 0.221 
 255 G X   0.001 0.008 0.000 0.006 0.001 0.003 0.757 0.222 
 256 A X   0.001 0.009 0.000 0.006 0.001 0.003 0.755 0.224 
 257 P X   0.001 0.009 0.000 0.006 0.001 0.003 0.753 0.225 
 258 S X   0.002 0.009 0.000 0.007 0.002 0.003 0.751 0.226 
 259 P X   0.002 0.009 0.000 0.007 0.002 0.003 0.750 0.227 
 260 G X   0.002 0.010 0.000 0.007 0.002 0.003 0.749 0.228 
 261 V X   0.002 0.010 0.000 0.007 0.002 0.003 0.747 0.229 
 262 L X   0.002 0.010 0.000 0.007 0.001 0.003 0.747 0.231 
 263 G X   0.002 0.009 0.000 0.006 0.001 0.003 0.746 0.232 
 264 P X   0.002 0.009 0.000 0.005 0.001 0.003 0.745 0.235 
 265 H X   0.002 0.009 0.000 0.005 0.001 0.003 0.744 0.237 
 266 A X   0.002 0.008 0.000 0.004 0.001 0.003 0.743 0.239 
 267 S X   0.001 0.008 0.000 0.003 0.001 0.003 0.742 0.242 
 268 E X   0.001 0.008 0.000 0.003 0.001 0.003 0.740 0.243 
 269 P X   0.001 0.009 0.000 0.003 0.001 0.003 0.738 0.245 
 270 Q X   0.002 0.009 0.000 0.004 0.001 0.003 0.735 0.246 
 271 L X   0.002 0.010 0.000 0.004 0.001 0.003 0.732 0.246 
 272 A X   0.002 0.012 0.000 0.006 0.002 0.004 0.729 0.246 
 273 P X   0.002 0.015 0.000 0.008 0.002 0.004 0.725 0.244 
 274 P X   0.002 0.017 0.000 0.010 0.002 0.005 0.721 0.241 
 275 A X   0.002 0.020 0.000 0.013 0.003 0.005 0.718 0.238 
 276 C X   0.003 0.022 0.000 0.015 0.003 0.006 0.715 0.235 
 277 T X   0.003 0.024 0.000 0.017 0.004 0.006 0.714 0.232 
 278 P X   0.003 0.024 0.000 0.018 0.004 0.006 0.714 0.231 
 279 A X   0.003 0.024 0.000 0.018 0.003 0.006 0.715 0.230 
 280 A X   0.003 0.023 0.000 0.016 0.003 0.005 0.717 0.232 
 281 P X   0.003 0.021 0.000 0.014 0.003 0.005 0.719 0.235 
 282 A X   0.003 0.017 0.000 0.011 0.002 0.004 0.723 0.240 
 283 V X   0.003 0.013 0.000 0.008 0.002 0.004 0.726 0.245 
 284 P X   0.003 0.009 0.000 0.005 0.001 0.003 0.728 0.250 
 285 G X   0.003 0.006 0.000 0.003 0.001 0.003 0.730 0.254 
 286 P X   0.003 0.004 0.000 0.002 0.001 0.002 0.730 0.258 
 287 P X   0.002 0.003 0.000 0.002 0.001 0.002 0.729 0.261 
 288 G X   0.002 0.002 0.000 0.001 0.000 0.002 0.727 0.264 
 289 P X   0.002 0.002 0.000 0.001 0.001 0.002 0.724 0.268 
 290 R X   0.002 0.002 0.000 0.001 0.001 0.002 0.719 0.272 
 291 S X   0.002 0.003 0.000 0.002 0.001 0.003 0.712 0.277 
 292 P X   0.002 0.004 0.000 0.003 0.001 0.004 0.702 0.284 
 293 Q X   0.003 0.007 0.000 0.004 0.002 0.006 0.688 0.290 
 294 R X   0.003 0.013 0.000 0.007 0.002 0.008 0.670 0.297 
 295 E X   0.004 0.024 0.001 0.010 0.004 0.010 0.647 0.301 
 296 P X   0.004 0.042 0.001 0.015 0.005 0.013 0.618 0.301 
 297 Q X   0.005 0.070 0.001 0.021 0.008 0.016 0.583 0.297 
 298 R X   0.005 0.107 0.001 0.027 0.010 0.019 0.544 0.286 
 299 V X   0.006 0.151 0.002 0.033 0.013 0.021 0.504 0.270 
 300 S X   0.006 0.200 0.002 0.039 0.015 0.023 0.465 0.249 
 301 H X   0.006 0.249 0.002 0.044 0.017 0.024 0.430 0.228 
 302 E X   0.006 0.293 0.002 0.049 0.019 0.024 0.400 0.207 
 303 Q X   0.007 0.327 0.002 0.054 0.019 0.023 0.377 0.191 
 304 F X   0.007 0.351 0.001 0.058 0.019 0.022 0.360 0.181 
 305 R E   0.007 0.364 0.001 0.061 0.018 0.022 0.348 0.178 
 306 A E   0.007 0.371 0.001 0.063 0.017 0.020 0.340 0.180 
 307 A E   0.008 0.370 0.001 0.062 0.016 0.019 0.334 0.189 
 308 L E   0.009 0.363 0.001 0.059 0.015 0.018 0.331 0.205 
 309 Q E   0.009 0.345 0.001 0.054 0.014 0.016 0.329 0.231 
 310 L X   0.010 0.312 0.001 0.047 0.013 0.015 0.329 0.273 
 311 V _   0.011 0.259 0.002 0.039 0.011 0.014 0.331 0.334 
 312 V _   0.011 0.190 0.001 0.030 0.010 0.013 0.333 0.412 
 313 D _   0.011 0.121 0.001 0.021 0.007 0.011 0.336 0.490 
 314 P _   0.010 0.066 0.001 0.013 0.005 0.010 0.338 0.556 
 315 G _   0.008 0.032 0.000 0.008 0.003 0.008 0.338 0.602 
 316 D _   0.007 0.014 0.000 0.005 0.002 0.007 0.337 0.629 
 317 P _   0.005 0.007 0.000 0.003 0.001 0.006 0.334 0.644 
 318 R _   0.004 0.004 0.000 0.002 0.001 0.006 0.330 0.653 
 319 S _   0.004 0.002 0.000 0.003 0.001 0.006 0.325 0.659 
 320 Y _   0.004 0.002 0.000 0.003 0.002 0.008 0.318 0.663 
 321 L _   0.005 0.002 0.000 0.004 0.002 0.010 0.310 0.666 
 322 D _   0.006 0.003 0.000 0.007 0.003 0.013 0.300 0.668 
 323 N _   0.008 0.004 0.001 0.009 0.004 0.017 0.288 0.668 
 324 F _   0.011 0.006 0.001 0.012 0.006 0.022 0.276 0.666 
 325 I _   0.014 0.008 0.001 0.015 0.009 0.028 0.262 0.663 
 326 K _   0.019 0.010 0.001 0.017 0.012 0.034 0.249 0.658 
 327 I _   0.025 0.012 0.001 0.018 0.016 0.041 0.235 0.652 
 328 G _   0.033 0.014 0.001 0.019 0.020 0.048 0.222 0.642 
 329 E _   0.044 0.016 0.002 0.019 0.026 0.055 0.210 0.629 
 330 G _   0.056 0.018 0.002 0.019 0.033 0.062 0.198 0.612 
 331 S _   0.070 0.021 0.002 0.019 0.039 0.067 0.187 0.593 
 332 T _   0.083 0.025 0.002 0.021 0.045 0.071 0.178 0.574 
 333 G _   0.094 0.029 0.002 0.025 0.050 0.073 0.170 0.557 
 334 I _   0.102 0.033 0.002 0.028 0.051 0.073 0.163 0.546 
 335 V _   0.106 0.036 0.002 0.032 0.050 0.071 0.158 0.545 
 336 C _   0.106 0.037 0.002 0.033 0.047 0.067 0.154 0.554 
 337 I _   0.103 0.036 0.002 0.032 0.042 0.061 0.150 0.573 
 338 A _   0.096 0.034 0.002 0.028 0.036 0.055 0.148 0.602 
 339 T _   0.086 0.029 0.002 0.022 0.028 0.049 0.145 0.638 
 340 V _   0.075 0.025 0.002 0.017 0.022 0.043 0.143 0.674 
 341 R _   0.063 0.020 0.001 0.013 0.016 0.038 0.141 0.708 
 342 S _   0.052 0.017 0.001 0.010 0.012 0.033 0.139 0.735 
 343 S _   0.043 0.015 0.001 0.010 0.010 0.029 0.137 0.755 
 344 G _   0.037 0.014 0.001 0.010 0.009 0.026 0.136 0.767 
 345 K _   0.031 0.015 0.001 0.012 0.008 0.024 0.134 0.775 
 346 L _   0.027 0.015 0.001 0.014 0.008 0.022 0.132 0.780 
 347 V _   0.024 0.016 0.001 0.017 0.008 0.020 0.131 0.784 
 348 A _   0.021 0.016 0.001 0.018 0.008 0.018 0.129 0.789 
 349 V _   0.018 0.015 0.001 0.018 0.007 0.016 0.128 0.797 
 350 K _   0.015 0.014 0.001 0.016 0.006 0.014 0.127 0.807 
 351 K _   0.013 0.012 0.001 0.014 0.005 0.012 0.126 0.818 
 352 M _   0.011 0.009 0.000 0.011 0.004 0.010 0.125 0.830 
 353 D _   0.009 0.007 0.000 0.008 0.003 0.009 0.124 0.840 
 354 L _   0.008 0.005 0.000 0.005 0.002 0.008 0.123 0.849 
 355 R _   0.007 0.003 0.000 0.004 0.002 0.007 0.121 0.855 
 356 K _   0.007 0.003 0.000 0.003 0.002 0.008 0.119 0.859 
 357 Q _   0.007 0.003 0.000 0.003 0.002 0.008 0.116 0.860 
 358 Q _   0.008 0.004 0.000 0.004 0.002 0.010 0.113 0.859 
 359 R _   0.009 0.005 0.000 0.005 0.003 0.012 0.110 0.854 
 360 R _   0.011 0.009 0.001 0.008 0.005 0.015 0.105 0.845 
 361 E _   0.014 0.016 0.001 0.013 0.007 0.019 0.100 0.829 
 362 L _   0.016 0.026 0.001 0.020 0.011 0.023 0.095 0.809 
 363 L _   0.018 0.037 0.001 0.028 0.014 0.026 0.089 0.787 
 364 F _   0.020 0.047 0.001 0.036 0.017 0.028 0.084 0.767 
 365 N _   0.021 0.054 0.001 0.042 0.019 0.029 0.080 0.753 
 366 E _   0.022 0.058 0.001 0.046 0.020 0.030 0.076 0.748 
 367 V _   0.022 0.059 0.001 0.046 0.019 0.029 0.073 0.751 
 368 V _   0.022 0.056 0.001 0.042 0.018 0.027 0.071 0.762 
 369 I _   0.022 0.051 0.001 0.036 0.016 0.026 0.069 0.780 
 370 M _   0.021 0.043 0.001 0.028 0.013 0.023 0.067 0.804 
 371 R _   0.019 0.032 0.001 0.020 0.010 0.021 0.065 0.830 
 372 D _   0.017 0.022 0.001 0.014 0.008 0.020 0.064 0.854 
 373 Y _   0.016 0.015 0.001 0.010 0.006 0.018 0.062 0.872 
 374 Q _   0.014 0.010 0.001 0.008 0.005 0.017 0.060 0.885 
 375 H _   0.014 0.007 0.001 0.007 0.005 0.017 0.059 0.892 
 376 E _   0.014 0.006 0.001 0.007 0.005 0.017 0.057 0.894 
 377 N _   0.015 0.005 0.001 0.008 0.005 0.018 0.055 0.894 
 378 V _   0.016 0.005 0.001 0.009 0.006 0.019 0.052 0.892 
 379 V _   0.018 0.005 0.001 0.011 0.007 0.021 0.050 0.888 
 380 E _   0.021 0.005 0.001 0.013 0.008 0.022 0.047 0.883 
 381 M _   0.024 0.004 0.001 0.013 0.009 0.024 0.045 0.880 
 382 Y _   0.029 0.004 0.001 0.013 0.009 0.026 0.042 0.876 
 383 N _   0.036 0.003 0.001 0.011 0.010 0.027 0.040 0.872 
 384 S _   0.046 0.002 0.001 0.009 0.010 0.029 0.038 0.865 
 385 Y _   0.059 0.001 0.001 0.007 0.010 0.032 0.035 0.854 
 386 L _   0.077 0.001 0.001 0.006 0.011 0.035 0.033 0.837 
 387 V _   0.101 0.000 0.001 0.005 0.013 0.038 0.030 0.812 
 388 G _   0.130 0.000 0.001 0.005 0.015 0.042 0.028 0.779 
 389 D _   0.164 0.000 0.001 0.005 0.019 0.046 0.025 0.739 
 390 E _   0.200 0.001 0.001 0.005 0.025 0.050 0.023 0.694 
 391 L _   0.235 0.001 0.002 0.007 0.031 0.054 0.021 0.650 
 392 W _   0.267 0.001 0.002 0.008 0.037 0.057 0.019 0.609 
 393 V _   0.292 0.002 0.002 0.010 0.041 0.058 0.018 0.577 
 394 V _   0.309 0.002 0.002 0.012 0.044 0.057 0.017 0.556 
 395 M _   0.319 0.003 0.002 0.012 0.044 0.056 0.016 0.549 
 396 E _   0.320 0.003 0.002 0.012 0.041 0.053 0.016 0.553 
 397 F _   0.314 0.002 0.002 0.011 0.037 0.049 0.015 0.569 
 398 L _   0.300 0.002 0.002 0.009 0.032 0.046 0.015 0.595 
 399 E _   0.280 0.001 0.002 0.008 0.027 0.042 0.015 0.627 
 400 G _   0.254 0.001 0.001 0.006 0.022 0.038 0.015 0.663 
 401 G _   0.229 0.001 0.001 0.006 0.018 0.034 0.015 0.697 
 402 A _   0.206 0.000 0.001 0.006 0.015 0.031 0.015 0.727 
 403 L _   0.185 0.000 0.001 0.006 0.012 0.028 0.015 0.754 
 404 T _   0.167 0.000 0.001 0.006 0.011 0.025 0.015 0.776 
 405 D _   0.151 0.000 0.001 0.006 0.009 0.022 0.014 0.796 
 406 I _   0.138 0.000 0.001 0.006 0.008 0.019 0.014 0.813 
 407 V _   0.131 0.000 0.001 0.005 0.007 0.017 0.014 0.826 
 408 T _   0.128 0.000 0.001 0.004 0.005 0.014 0.013 0.834 
 409 H _   0.130 0.000 0.001 0.003 0.005 0.012 0.012 0.837 
 410 T _   0.139 0.000 0.000 0.002 0.004 0.011 0.012 0.833 
 411 R _   0.155 0.000 0.000 0.001 0.003 0.010 0.011 0.820 
 412 M _   0.183 0.000 0.000 0.001 0.003 0.009 0.009 0.794 
 413 N _   0.226 0.000 0.000 0.001 0.004 0.009 0.008 0.752 
 414 E _   0.293 0.000 0.001 0.001 0.005 0.009 0.007 0.685 
 415 E _   0.387 0.000 0.001 0.001 0.006 0.010 0.006 0.590 
 416 Q H   0.501 0.000 0.001 0.001 0.008 0.010 0.004 0.476 
 417 I H   0.620 0.000 0.001 0.001 0.009 0.010 0.003 0.356 
 418 A H   0.725 0.000 0.001 0.001 0.011 0.009 0.002 0.251 
 419 A H   0.805 0.000 0.001 0.001 0.012 0.009 0.001 0.171 
 420 V H   0.858 0.000 0.001 0.001 0.013 0.008 0.001 0.120 
 421 C H   0.890 0.000 0.001 0.000 0.012 0.007 0.001 0.088 
 422 L H   0.907 0.000 0.001 0.000 0.012 0.006 0.001 0.073 
 423 A H   0.913 0.000 0.001 0.000 0.012 0.005 0.001 0.067 
 424 V H   0.911 0.000 0.001 0.000 0.012 0.005 0.001 0.069 
 425 L H   0.900 0.000 0.001 0.000 0.012 0.005 0.001 0.080 
 426 Q H   0.881 0.000 0.001 0.000 0.012 0.006 0.001 0.099 
 427 A H   0.850 0.000 0.001 0.001 0.012 0.006 0.002 0.129 
 428 L H   0.807 0.000 0.001 0.001 0.012 0.007 0.002 0.170 
 429 S H   0.754 0.000 0.001 0.001 0.012 0.008 0.003 0.222 
 430 V H   0.689 0.000 0.001 0.001 0.012 0.009 0.004 0.283 
 431 L H   0.616 0.000 0.001 0.001 0.012 0.011 0.006 0.353 
 432 H H   0.539 0.000 0.001 0.002 0.012 0.012 0.009 0.424 
 433 A _   0.459 0.000 0.001 0.003 0.012 0.014 0.012 0.498 
 434 Q _   0.380 0.000 0.001 0.005 0.012 0.015 0.015 0.572 
 435 G _   0.304 0.000 0.001 0.006 0.011 0.015 0.018 0.644 
 436 V _   0.234 0.000 0.001 0.007 0.010 0.015 0.021 0.712 
 437 I _   0.173 0.000 0.001 0.007 0.008 0.014 0.024 0.772 
 438 H _   0.126 0.000 0.001 0.006 0.006 0.013 0.026 0.821 
 439 R _   0.089 0.001 0.001 0.005 0.005 0.012 0.029 0.859 
 440 D _   0.062 0.001 0.001 0.005 0.004 0.011 0.030 0.887 
 441 I _   0.043 0.001 0.000 0.005 0.004 0.011 0.032 0.904 
 442 K _   0.031 0.001 0.000 0.005 0.004 0.011 0.033 0.915 
 443 S _   0.024 0.002 0.000 0.006 0.004 0.011 0.033 0.919 
 444 D _   0.019 0.004 0.001 0.008 0.004 0.012 0.034 0.918 
 445 S _   0.016 0.007 0.001 0.010 0.005 0.012 0.035 0.915 
 446 I _   0.015 0.010 0.001 0.012 0.005 0.013 0.035 0.909 
 447 L _   0.013 0.013 0.001 0.015 0.006 0.013 0.036 0.904 
 448 L _   0.012 0.015 0.001 0.016 0.006 0.013 0.036 0.901 
 449 T _   0.011 0.017 0.001 0.016 0.006 0.013 0.037 0.900 
 450 H _   0.010 0.019 0.001 0.015 0.006 0.013 0.037 0.901 
 451 D _   0.009 0.019 0.001 0.013 0.005 0.012 0.038 0.902 
 452 G _   0.009 0.020 0.001 0.011 0.005 0.012 0.038 0.904 
 453 R _   0.009 0.021 0.000 0.010 0.004 0.012 0.039 0.904 
 454 V _   0.009 0.022 0.001 0.010 0.005 0.013 0.039 0.902 
 455 K _   0.010 0.024 0.001 0.010 0.005 0.014 0.039 0.897 
 456 L _   0.011 0.028 0.001 0.012 0.006 0.015 0.040 0.888 
 457 S _   0.012 0.033 0.001 0.015 0.007 0.016 0.040 0.876 
 458 D _   0.013 0.039 0.001 0.020 0.009 0.018 0.040 0.862 
 459 F _   0.013 0.045 0.001 0.025 0.010 0.018 0.041 0.847 
 460 G _   0.014 0.050 0.001 0.029 0.011 0.019 0.041 0.835 
 461 F _   0.014 0.052 0.001 0.031 0.011 0.019 0.042 0.829 
 462 C _   0.014 0.053 0.001 0.032 0.011 0.018 0.043 0.827 
 463 A _   0.013 0.051 0.001 0.031 0.011 0.018 0.045 0.831 
 464 Q _   0.013 0.047 0.001 0.027 0.009 0.016 0.047 0.840 
 465 V _   0.012 0.041 0.001 0.022 0.008 0.015 0.049 0.852 
 466 S _   0.011 0.034 0.001 0.017 0.006 0.014 0.051 0.866 
 467 K _   0.011 0.027 0.001 0.013 0.005 0.013 0.053 0.878 
 468 E _   0.010 0.021 0.001 0.009 0.004 0.012 0.054 0.888 
 469 V _   0.010 0.017 0.000 0.007 0.004 0.012 0.056 0.893 
 470 P _   0.010 0.014 0.000 0.006 0.003 0.012 0.058 0.896 
 471 R _   0.011 0.013 0.000 0.006 0.003 0.013 0.059 0.895 
 472 R _   0.011 0.013 0.000 0.006 0.004 0.014 0.060 0.891 
 473 K _   0.013 0.014 0.000 0.007 0.004 0.016 0.061 0.885 
 474 S _   0.015 0.016 0.001 0.008 0.006 0.018 0.062 0.875 
 475 L _   0.017 0.019 0.001 0.010 0.007 0.021 0.062 0.862 
 476 V _   0.019 0.024 0.001 0.013 0.010 0.025 0.063 0.845 
 477 G _   0.022 0.031 0.001 0.017 0.013 0.028 0.063 0.825 
 478 T _   0.025 0.037 0.001 0.022 0.016 0.031 0.064 0.803 
 479 P _   0.027 0.044 0.001 0.027 0.019 0.034 0.065 0.782 
 480 Y _   0.029 0.050 0.002 0.032 0.021 0.035 0.066 0.764 
 481 W _   0.030 0.054 0.002 0.036 0.023 0.036 0.068 0.752 
 482 M _   0.030 0.056 0.002 0.038 0.024 0.036 0.070 0.745 
 483 A _   0.029 0.056 0.002 0.039 0.023 0.034 0.073 0.744 
 484 P _   0.028 0.054 0.002 0.038 0.021 0.032 0.076 0.750 
 485 E _   0.026 0.050 0.001 0.034 0.018 0.030 0.079 0.761 
 486 L _   0.025 0.043 0.001 0.030 0.015 0.027 0.083 0.776 
 487 I _   0.023 0.034 0.001 0.024 0.012 0.024 0.087 0.794 
 488 S _   0.022 0.025 0.001 0.018 0.009 0.021 0.091 0.813 
 489 R _   0.021 0.015 0.001 0.012 0.007 0.019 0.095 0.830 
 490 L _   0.021 0.008 0.001 0.008 0.005 0.017 0.098 0.842 
 491 P _   0.022 0.004 0.000 0.005 0.004 0.016 0.100 0.849 
 492 Y _   0.025 0.001 0.000 0.003 0.003 0.016 0.102 0.848 
 493 G _   0.032 0.000 0.000 0.002 0.003 0.018 0.103 0.840 
 494 P _   0.046 0.000 0.000 0.002 0.004 0.020 0.104 0.823 
 495 E _   0.067 0.000 0.001 0.002 0.005 0.025 0.105 0.795 
 496 V _   0.097 0.000 0.001 0.002 0.009 0.033 0.106 0.752 
 497 D _   0.137 0.001 0.001 0.003 0.016 0.042 0.107 0.693 
 498 I _   0.181 0.003 0.002 0.005 0.027 0.053 0.108 0.622 
 499 W _   0.219 0.009 0.002 0.009 0.042 0.063 0.109 0.546 
 500 S _   0.248 0.023 0.003 0.016 0.057 0.070 0.112 0.471 
 501 L _   0.265 0.043 0.003 0.025 0.068 0.073 0.116 0.406 
 502 G _   0.271 0.063 0.004 0.036 0.073 0.073 0.122 0.359 
 503 I _   0.267 0.077 0.004 0.046 0.073 0.070 0.130 0.334 
 504 M _   0.253 0.084 0.003 0.053 0.069 0.065 0.140 0.332 
 505 V _   0.231 0.086 0.003 0.056 0.062 0.059 0.153 0.350 
 506 I _   0.200 0.083 0.003 0.053 0.052 0.051 0.169 0.389 
 507 E _   0.164 0.073 0.003 0.047 0.039 0.042 0.187 0.444 
 508 M _   0.127 0.058 0.002 0.037 0.027 0.034 0.206 0.509 
 509 V _   0.093 0.038 0.002 0.025 0.016 0.025 0.226 0.574 
 510 D _   0.065 0.021 0.001 0.015 0.009 0.018 0.242 0.628 
 511 G _   0.043 0.011 0.001 0.009 0.005 0.013 0.254 0.666 
 512 E _   0.027 0.005 0.000 0.005 0.003 0.009 0.263 0.689 
 513 P _   0.017 0.002 0.000 0.003 0.001 0.006 0.269 0.702 
 514 P _   0.011 0.001 0.000 0.002 0.001 0.005 0.273 0.708 
 515 Y _   0.007 0.001 0.000 0.002 0.001 0.004 0.275 0.710 
 516 F _   0.005 0.001 0.000 0.002 0.001 0.004 0.276 0.710 
 517 N _   0.005 0.003 0.000 0.003 0.001 0.005 0.277 0.706 
 518 E _   0.005 0.006 0.000 0.005 0.002 0.007 0.276 0.699 
 519 P _   0.006 0.013 0.000 0.009 0.003 0.009 0.274 0.685 
 520 P _   0.007 0.026 0.001 0.015 0.005 0.012 0.271 0.663 
 521 L _   0.007 0.044 0.001 0.024 0.006 0.014 0.268 0.636 
 522 K _   0.008 0.061 0.001 0.033 0.008 0.015 0.265 0.610 
 523 A _   0.008 0.073 0.001 0.040 0.009 0.016 0.263 0.591 
 524 M _   0.007 0.080 0.001 0.044 0.009 0.015 0.263 0.581 
 525 K _   0.007 0.083 0.001 0.045 0.009 0.015 0.263 0.578 
 526 M _   0.007 0.082 0.001 0.041 0.008 0.014 0.265 0.583 
 527 I _   0.006 0.078 0.001 0.036 0.007 0.012 0.268 0.592 
 528 R _   0.006 0.070 0.001 0.028 0.006 0.011 0.272 0.606 
 529 D _   0.006 0.060 0.001 0.021 0.005 0.009 0.276 0.622 
 530 N _   0.006 0.048 0.001 0.015 0.004 0.008 0.281 0.638 
 531 L _   0.005 0.039 0.000 0.010 0.003 0.007 0.285 0.651 
 532 P _   0.005 0.031 0.000 0.007 0.002 0.006 0.288 0.660 
 533 P _   0.005 0.027 0.000 0.005 0.002 0.006 0.290 0.665 
 534 R _   0.005 0.025 0.000 0.004 0.002 0.006 0.292 0.667 
 535 L _   0.004 0.025 0.000 0.004 0.002 0.006 0.292 0.666 
 536 K _   0.004 0.026 0.000 0.005 0.002 0.007 0.292 0.664 
 537 N _   0.005 0.028 0.000 0.006 0.002 0.008 0.292 0.660 
 538 L _   0.005 0.032 0.000 0.007 0.003 0.009 0.291 0.653 
 539 H _   0.005 0.039 0.000 0.009 0.003 0.010 0.289 0.644 
 540 K _   0.006 0.048 0.001 0.012 0.004 0.012 0.286 0.632 
 541 V _   0.006 0.059 0.001 0.015 0.006 0.013 0.284 0.616 
 542 S _   0.007 0.072 0.001 0.019 0.007 0.015 0.281 0.599 
 543 P _   0.008 0.084 0.001 0.023 0.008 0.016 0.279 0.581 
 544 S _   0.008 0.095 0.001 0.027 0.010 0.018 0.277 0.564 
 545 L _   0.009 0.105 0.001 0.031 0.011 0.019 0.276 0.548 
 546 K _   0.010 0.111 0.001 0.035 0.012 0.019 0.276 0.536 
 547 G _   0.010 0.114 0.001 0.037 0.013 0.019 0.277 0.529 
 548 F _   0.011 0.115 0.001 0.037 0.013 0.019 0.280 0.526 
 549 L _   0.011 0.112 0.001 0.035 0.012 0.018 0.283 0.527 
 550 D _   0.011 0.107 0.001 0.032 0.011 0.017 0.287 0.534 
 551 R _   0.011 0.098 0.001 0.027 0.009 0.015 0.293 0.546 
 552 L _   0.011 0.086 0.001 0.021 0.008 0.014 0.299 0.561 
 553 L _   0.010 0.072 0.001 0.016 0.006 0.012 0.305 0.578 
 554 V _   0.009 0.059 0.001 0.011 0.005 0.011 0.310 0.594 
 555 R _   0.009 0.050 0.000 0.008 0.004 0.010 0.315 0.604 
 556 D _   0.008 0.044 0.000 0.006 0.003 0.010 0.320 0.609 
 557 P _   0.008 0.042 0.000 0.005 0.003 0.010 0.323 0.610 
 558 A _   0.008 0.041 0.000 0.005 0.003 0.010 0.326 0.607 
 559 Q _   0.008 0.042 0.000 0.006 0.003 0.011 0.328 0.601 
 560 R _   0.009 0.046 0.000 0.008 0.004 0.012 0.330 0.591 
 561 A _   0.009 0.051 0.001 0.011 0.005 0.012 0.332 0.579 
 562 T _   0.009 0.057 0.001 0.014 0.006 0.013 0.334 0.566 
 563 A _   0.009 0.063 0.001 0.017 0.007 0.013 0.336 0.553 
 564 A _   0.009 0.068 0.001 0.019 0.007 0.013 0.339 0.543 
 565 E _   0.009 0.071 0.001 0.020 0.007 0.013 0.343 0.536 
 566 L _   0.008 0.073 0.001 0.020 0.007 0.013 0.347 0.532 
 567 L _   0.008 0.073 0.001 0.018 0.006 0.012 0.352 0.530 
 568 K _   0.008 0.072 0.001 0.016 0.006 0.011 0.357 0.529 
 569 H _   0.007 0.070 0.001 0.014 0.005 0.011 0.363 0.529 
 570 P _   0.007 0.068 0.001 0.012 0.005 0.010 0.369 0.528 
 571 F _   0.007 0.067 0.000 0.010 0.004 0.010 0.375 0.526 
 572 L _   0.007 0.066 0.000 0.009 0.004 0.010 0.381 0.523 
 573 A _   0.007 0.065 0.000 0.008 0.003 0.010 0.387 0.519 
 574 K _   0.008 0.066 0.000 0.008 0.003 0.011 0.392 0.512 
 575 A _   0.008 0.069 0.000 0.008 0.004 0.011 0.397 0.503 
 576 G _   0.008 0.073 0.000 0.010 0.004 0.012 0.402 0.490 
 577 P _   0.009 0.080 0.001 0.013 0.005 0.014 0.407 0.473 
 578 P _   0.009 0.089 0.001 0.017 0.007 0.015 0.411 0.450 
 579 A _   0.010 0.100 0.001 0.024 0.009 0.017 0.417 0.423 
 580 S X   0.011 0.111 0.001 0.031 0.010 0.018 0.423 0.397 
 581 I X   0.011 0.118 0.001 0.037 0.011 0.018 0.430 0.374 
 582 V X   0.010 0.122 0.001 0.041 0.011 0.017 0.440 0.357 
 583 P X   0.009 0.123 0.001 0.042 0.011 0.016 0.450 0.348 
 584 L X   0.008 0.120 0.001 0.040 0.010 0.014 0.462 0.346 
 585 M X   0.006 0.114 0.001 0.035 0.008 0.011 0.477 0.348 
 586 R X   0.005 0.101 0.001 0.028 0.006 0.008 0.494 0.357 
 587 Q X   0.003 0.082 0.001 0.019 0.003 0.005 0.513 0.374 
 588 N X   0.001 0.054 0.000 0.010 0.001 0.002 0.531 0.401 
 589 R X   0.000 0.034 0.000 0.005 0.000 0.001 0.537 0.423 
 590 T X   0.000 0.026 0.000 0.004 0.000 0.001 0.537 0.432 
 591 R X   0.002 0.024 0.001 0.010 0.003 0.003 0.528 0.430 
