#TopoPred_TM8: 8-state transmembrane topology prediction results by no_profile mode 
#probabilities are in the order of H E C I L F X _, the 8 transmembrane topology types used in PDBTM 
   1 M X   0.015 0.001 0.003 0.066 0.011 0.013 0.682 0.209 
   2 S X   0.006 0.001 0.000 0.045 0.003 0.008 0.701 0.236 
   3 A X   0.003 0.001 0.000 0.030 0.001 0.006 0.705 0.254 
   4 I X   0.002 0.001 0.000 0.022 0.001 0.007 0.702 0.265 
   5 Q X   0.003 0.001 0.000 0.019 0.001 0.008 0.694 0.274 
   6 A X   0.004 0.001 0.000 0.016 0.002 0.009 0.683 0.284 
   7 A X   0.005 0.002 0.000 0.015 0.003 0.010 0.671 0.294 
   8 W X   0.005 0.003 0.000 0.015 0.003 0.011 0.658 0.304 
   9 P X   0.006 0.004 0.000 0.015 0.004 0.011 0.644 0.315 
  10 S X   0.006 0.006 0.001 0.016 0.004 0.011 0.631 0.325 
  11 G X   0.006 0.007 0.001 0.018 0.005 0.011 0.617 0.336 
  12 T X   0.006 0.008 0.001 0.018 0.005 0.011 0.604 0.347 
  13 E X   0.006 0.009 0.001 0.018 0.005 0.011 0.593 0.357 
  14 C X   0.006 0.009 0.001 0.018 0.005 0.010 0.583 0.368 
  15 I X   0.005 0.010 0.001 0.017 0.005 0.010 0.574 0.379 
  16 A X   0.005 0.009 0.001 0.015 0.004 0.009 0.566 0.389 
  17 K X   0.005 0.009 0.000 0.013 0.004 0.009 0.559 0.401 
  18 Y X   0.005 0.008 0.000 0.012 0.004 0.008 0.551 0.412 
  19 N X   0.005 0.008 0.000 0.010 0.003 0.007 0.544 0.422 
  20 F X   0.004 0.007 0.000 0.009 0.003 0.007 0.537 0.433 
  21 H X   0.004 0.006 0.000 0.007 0.003 0.007 0.530 0.442 
  22 G X   0.004 0.006 0.000 0.006 0.002 0.007 0.523 0.452 
  23 T X   0.004 0.005 0.000 0.006 0.002 0.007 0.516 0.460 
  24 A X   0.004 0.005 0.000 0.005 0.002 0.007 0.508 0.468 
  25 E X   0.004 0.006 0.000 0.005 0.002 0.008 0.499 0.476 
  26 Q X   0.005 0.006 0.000 0.005 0.002 0.009 0.490 0.483 
  27 D _   0.006 0.007 0.000 0.005 0.003 0.011 0.480 0.489 
  28 L _   0.007 0.009 0.000 0.006 0.004 0.013 0.468 0.492 
  29 P _   0.009 0.013 0.001 0.007 0.005 0.017 0.455 0.492 
  30 F _   0.013 0.020 0.001 0.010 0.008 0.022 0.440 0.487 
  31 C _   0.017 0.033 0.001 0.014 0.013 0.027 0.422 0.473 
  32 K _   0.021 0.054 0.002 0.020 0.019 0.033 0.403 0.448 
  33 G _   0.025 0.084 0.002 0.029 0.026 0.037 0.382 0.414 
  34 D _   0.028 0.118 0.002 0.039 0.031 0.040 0.363 0.377 
  35 V X   0.030 0.149 0.002 0.050 0.034 0.041 0.348 0.345 
  36 L X   0.031 0.171 0.002 0.060 0.035 0.040 0.336 0.325 
  37 T X   0.032 0.183 0.002 0.066 0.033 0.038 0.328 0.318 
  38 I _   0.031 0.187 0.002 0.068 0.031 0.036 0.322 0.323 
  39 V _   0.030 0.185 0.002 0.066 0.027 0.032 0.319 0.340 
  40 A _   0.027 0.175 0.002 0.059 0.022 0.028 0.317 0.370 
  41 V _   0.024 0.156 0.002 0.048 0.018 0.024 0.316 0.413 
  42 T _   0.021 0.126 0.001 0.036 0.013 0.020 0.316 0.468 
  43 K _   0.018 0.089 0.001 0.025 0.009 0.016 0.316 0.527 
  44 D _   0.015 0.055 0.001 0.015 0.006 0.012 0.316 0.580 
  45 P _   0.012 0.032 0.000 0.009 0.004 0.010 0.315 0.618 
  46 N _   0.009 0.019 0.000 0.005 0.002 0.007 0.314 0.643 
  47 W _   0.007 0.013 0.000 0.004 0.002 0.006 0.311 0.658 
  48 Y _   0.005 0.011 0.000 0.003 0.001 0.005 0.306 0.668 
  49 K _   0.005 0.010 0.000 0.003 0.001 0.005 0.301 0.675 
  50 A _   0.004 0.011 0.000 0.004 0.001 0.006 0.294 0.680 
  51 K _   0.005 0.013 0.000 0.005 0.002 0.007 0.285 0.683 
  52 N _   0.005 0.018 0.000 0.008 0.003 0.008 0.275 0.683 
  53 K _   0.005 0.027 0.001 0.011 0.004 0.010 0.262 0.680 
  54 V _   0.006 0.039 0.001 0.016 0.005 0.011 0.248 0.674 
  55 G _   0.006 0.055 0.001 0.021 0.006 0.013 0.233 0.665 
  56 R _   0.006 0.070 0.001 0.026 0.008 0.014 0.219 0.656 
  57 E _   0.007 0.084 0.001 0.030 0.008 0.015 0.206 0.649 
  58 G _   0.007 0.094 0.001 0.033 0.009 0.015 0.195 0.647 
  59 I _   0.007 0.101 0.001 0.033 0.009 0.015 0.186 0.647 
  60 I _   0.007 0.105 0.001 0.033 0.009 0.015 0.179 0.652 
  61 P _   0.007 0.107 0.001 0.030 0.008 0.015 0.172 0.659 
  62 A _   0.007 0.107 0.001 0.027 0.008 0.014 0.167 0.669 
  63 N _   0.008 0.105 0.001 0.024 0.007 0.013 0.162 0.680 
  64 Y _   0.008 0.102 0.001 0.020 0.006 0.013 0.158 0.692 
  65 V _   0.008 0.098 0.001 0.017 0.005 0.012 0.155 0.705 
  66 Q _   0.008 0.094 0.001 0.014 0.005 0.012 0.151 0.716 
  67 K _   0.007 0.091 0.001 0.012 0.004 0.011 0.147 0.726 
  68 R _   0.007 0.089 0.000 0.010 0.004 0.011 0.144 0.734 
  69 E _   0.007 0.087 0.000 0.010 0.004 0.012 0.140 0.739 
  70 G _   0.008 0.087 0.000 0.009 0.004 0.012 0.136 0.743 
  71 V _   0.008 0.089 0.001 0.009 0.004 0.013 0.132 0.744 
  72 K _   0.008 0.092 0.001 0.010 0.005 0.014 0.128 0.742 
  73 A _   0.009 0.096 0.001 0.011 0.006 0.015 0.124 0.738 
  74 G _   0.010 0.102 0.001 0.013 0.007 0.016 0.119 0.732 
  75 T _   0.011 0.108 0.001 0.015 0.008 0.018 0.115 0.725 
  76 K _   0.012 0.115 0.001 0.017 0.009 0.019 0.111 0.716 
  77 L _   0.013 0.122 0.001 0.019 0.010 0.020 0.107 0.707 
  78 S _   0.014 0.128 0.001 0.022 0.012 0.021 0.103 0.698 
  79 L _   0.016 0.133 0.001 0.024 0.012 0.022 0.100 0.692 
  80 M _   0.016 0.137 0.001 0.026 0.013 0.022 0.098 0.688 
  81 P _   0.017 0.138 0.001 0.026 0.013 0.022 0.096 0.688 
  82 W _   0.017 0.137 0.001 0.026 0.012 0.021 0.094 0.691 
  83 F _   0.017 0.134 0.001 0.025 0.011 0.020 0.093 0.698 
  84 H _   0.017 0.129 0.001 0.023 0.010 0.019 0.092 0.709 
  85 G _   0.016 0.122 0.001 0.020 0.009 0.018 0.091 0.722 
  86 K _   0.016 0.114 0.001 0.018 0.008 0.017 0.090 0.736 
  87 I _   0.015 0.106 0.001 0.015 0.007 0.016 0.090 0.750 
  88 T _   0.014 0.097 0.001 0.013 0.006 0.015 0.090 0.764 
  89 R _   0.013 0.090 0.001 0.012 0.006 0.014 0.089 0.776 
  90 E _   0.012 0.085 0.001 0.011 0.005 0.013 0.089 0.785 
  91 Q _   0.011 0.080 0.001 0.010 0.005 0.012 0.088 0.793 
  92 A _   0.011 0.077 0.001 0.009 0.004 0.012 0.087 0.799 
  93 E _   0.010 0.075 0.000 0.009 0.004 0.011 0.086 0.804 
  94 R _   0.010 0.074 0.000 0.008 0.004 0.011 0.085 0.807 
  95 L _   0.010 0.074 0.000 0.008 0.004 0.011 0.084 0.809 
  96 L _   0.010 0.075 0.000 0.008 0.004 0.012 0.082 0.808 
  97 Y _   0.010 0.078 0.001 0.009 0.004 0.013 0.080 0.805 
  98 P _   0.010 0.083 0.001 0.011 0.005 0.014 0.078 0.797 
  99 P _   0.011 0.091 0.001 0.015 0.007 0.015 0.076 0.784 
 100 E _   0.011 0.102 0.001 0.021 0.009 0.017 0.074 0.765 
 101 T _   0.012 0.115 0.001 0.027 0.011 0.018 0.072 0.744 
 102 G _   0.013 0.126 0.001 0.035 0.012 0.019 0.070 0.724 
 103 L _   0.013 0.133 0.001 0.041 0.013 0.019 0.068 0.712 
 104 F _   0.013 0.136 0.001 0.044 0.013 0.018 0.067 0.708 
 105 L _   0.012 0.135 0.001 0.043 0.012 0.017 0.066 0.713 
 106 V _   0.011 0.129 0.001 0.039 0.010 0.016 0.066 0.728 
 107 R _   0.010 0.118 0.001 0.032 0.009 0.014 0.066 0.750 
 108 E _   0.009 0.101 0.001 0.024 0.007 0.012 0.067 0.780 
 109 S _   0.008 0.082 0.001 0.016 0.005 0.010 0.067 0.811 
 110 T _   0.007 0.065 0.001 0.010 0.004 0.009 0.067 0.837 
 111 N _   0.006 0.055 0.000 0.007 0.003 0.008 0.067 0.854 
 112 Y _   0.006 0.050 0.000 0.005 0.002 0.008 0.066 0.863 
 113 P _   0.006 0.049 0.000 0.005 0.002 0.008 0.065 0.865 
 114 G _   0.006 0.050 0.000 0.006 0.003 0.009 0.064 0.861 
 115 D _   0.007 0.055 0.000 0.009 0.004 0.010 0.062 0.852 
 116 Y _   0.007 0.064 0.001 0.013 0.005 0.012 0.060 0.839 
 117 T _   0.007 0.076 0.001 0.017 0.006 0.013 0.058 0.823 
 118 L _   0.007 0.088 0.001 0.020 0.007 0.013 0.056 0.808 
 119 C _   0.007 0.098 0.001 0.023 0.007 0.014 0.054 0.797 
 120 V _   0.007 0.106 0.001 0.024 0.007 0.014 0.052 0.790 
 121 S _   0.006 0.112 0.001 0.023 0.007 0.014 0.050 0.786 
 122 C _   0.006 0.116 0.001 0.022 0.007 0.014 0.048 0.786 
 123 D _   0.007 0.119 0.001 0.021 0.007 0.014 0.047 0.785 
 124 G _   0.007 0.121 0.001 0.020 0.007 0.015 0.045 0.784 
 125 K _   0.008 0.124 0.001 0.020 0.007 0.016 0.044 0.780 
 126 V _   0.009 0.127 0.001 0.021 0.008 0.017 0.043 0.775 
 127 E _   0.009 0.130 0.001 0.022 0.009 0.017 0.043 0.769 
 128 H _   0.010 0.132 0.001 0.024 0.010 0.018 0.042 0.763 
 129 Y _   0.011 0.134 0.001 0.027 0.010 0.018 0.041 0.758 
 130 R _   0.011 0.134 0.001 0.028 0.010 0.018 0.041 0.757 
 131 I _   0.011 0.132 0.001 0.027 0.010 0.018 0.041 0.760 
 132 M _   0.011 0.127 0.001 0.026 0.009 0.017 0.041 0.768 
 133 Y _   0.010 0.120 0.001 0.023 0.009 0.017 0.041 0.780 
 134 H _   0.010 0.111 0.001 0.019 0.008 0.016 0.041 0.794 
 135 A _   0.010 0.101 0.001 0.015 0.007 0.016 0.041 0.810 
 136 S _   0.010 0.091 0.001 0.012 0.006 0.016 0.041 0.824 
 137 K _   0.010 0.084 0.001 0.010 0.005 0.016 0.041 0.833 
 138 L _   0.011 0.079 0.001 0.008 0.005 0.017 0.041 0.838 
 139 S _   0.012 0.077 0.001 0.008 0.005 0.019 0.041 0.838 
 140 I _   0.015 0.078 0.001 0.008 0.006 0.021 0.041 0.831 
 141 D _   0.018 0.081 0.001 0.009 0.007 0.024 0.040 0.820 
 142 E _   0.021 0.088 0.001 0.012 0.010 0.027 0.039 0.801 
 143 E _   0.025 0.098 0.001 0.015 0.013 0.031 0.038 0.777 
 144 V _   0.029 0.112 0.001 0.020 0.018 0.035 0.037 0.747 
 145 Y _   0.033 0.128 0.002 0.026 0.022 0.038 0.036 0.715 
 146 F _   0.035 0.144 0.002 0.033 0.026 0.040 0.035 0.684 
 147 E _   0.037 0.158 0.002 0.040 0.029 0.041 0.035 0.659 
 148 N _   0.038 0.167 0.002 0.047 0.030 0.041 0.034 0.641 
 149 L _   0.038 0.172 0.002 0.051 0.029 0.039 0.035 0.635 
 150 M _   0.036 0.171 0.002 0.053 0.027 0.036 0.035 0.639 
 151 Q _   0.034 0.166 0.002 0.050 0.024 0.033 0.036 0.656 
 152 L _   0.031 0.153 0.002 0.044 0.020 0.029 0.037 0.685 
 153 V _   0.027 0.132 0.002 0.036 0.016 0.025 0.039 0.725 
 154 E _   0.023 0.104 0.001 0.027 0.012 0.021 0.040 0.772 
 155 H _   0.019 0.073 0.001 0.018 0.008 0.017 0.042 0.821 
 156 Y _   0.016 0.048 0.001 0.011 0.006 0.014 0.043 0.861 
 157 T _   0.013 0.033 0.001 0.007 0.004 0.012 0.043 0.887 
 158 S _   0.011 0.026 0.000 0.005 0.003 0.011 0.043 0.901 
 159 D _   0.010 0.023 0.000 0.004 0.002 0.010 0.043 0.907 
 160 A _   0.009 0.022 0.000 0.004 0.002 0.011 0.043 0.908 
 161 D _   0.010 0.024 0.000 0.005 0.003 0.011 0.042 0.905 
 162 G _   0.011 0.028 0.000 0.007 0.004 0.013 0.041 0.895 
 163 L _   0.012 0.036 0.001 0.010 0.005 0.015 0.040 0.882 
 164 C _   0.012 0.047 0.001 0.014 0.007 0.016 0.038 0.864 
 165 T _   0.013 0.060 0.001 0.018 0.008 0.018 0.037 0.846 
 166 R _   0.013 0.074 0.001 0.021 0.009 0.019 0.035 0.829 
 167 L _   0.013 0.086 0.001 0.022 0.010 0.020 0.034 0.815 
 168 I _   0.013 0.096 0.001 0.023 0.010 0.020 0.032 0.804 
 169 K _   0.013 0.105 0.001 0.023 0.011 0.020 0.031 0.796 
 170 P _   0.013 0.112 0.001 0.023 0.011 0.021 0.030 0.789 
 171 K _   0.014 0.118 0.001 0.023 0.011 0.021 0.029 0.784 
 172 V _   0.014 0.123 0.001 0.023 0.011 0.021 0.029 0.778 
 173 M _   0.014 0.128 0.001 0.023 0.011 0.021 0.028 0.774 
 174 E _   0.014 0.132 0.001 0.024 0.011 0.021 0.028 0.770 
 175 G _   0.014 0.134 0.001 0.025 0.011 0.020 0.027 0.768 
 176 T _   0.014 0.135 0.001 0.025 0.010 0.019 0.027 0.769 
 177 V _   0.014 0.134 0.001 0.024 0.010 0.018 0.027 0.772 
 178 A _   0.013 0.132 0.001 0.023 0.009 0.018 0.027 0.778 
 179 A _   0.013 0.128 0.001 0.020 0.008 0.016 0.027 0.787 
 180 Q _   0.012 0.122 0.001 0.018 0.007 0.015 0.027 0.797 
 181 D _   0.011 0.115 0.001 0.016 0.007 0.015 0.027 0.809 
 182 E _   0.011 0.109 0.001 0.014 0.006 0.014 0.027 0.819 
 183 F _   0.010 0.102 0.001 0.012 0.005 0.013 0.027 0.829 
 184 Y _   0.010 0.097 0.001 0.011 0.005 0.013 0.027 0.836 
 185 R _   0.010 0.093 0.001 0.011 0.005 0.013 0.027 0.840 
 186 S _   0.010 0.090 0.001 0.011 0.005 0.012 0.027 0.843 
 187 G _   0.010 0.088 0.001 0.012 0.005 0.013 0.027 0.844 
 188 W _   0.010 0.087 0.001 0.013 0.005 0.013 0.027 0.845 
 189 A _   0.010 0.085 0.001 0.013 0.006 0.013 0.027 0.844 
 190 L _   0.010 0.084 0.001 0.014 0.006 0.013 0.027 0.845 
 191 N _   0.011 0.082 0.001 0.014 0.006 0.013 0.027 0.846 
 192 M _   0.011 0.080 0.001 0.014 0.006 0.013 0.027 0.848 
 193 K _   0.011 0.079 0.001 0.014 0.006 0.014 0.027 0.849 
 194 E _   0.011 0.077 0.001 0.014 0.006 0.014 0.027 0.851 
 195 L _   0.012 0.075 0.001 0.013 0.006 0.014 0.027 0.853 
 196 K _   0.012 0.073 0.001 0.013 0.006 0.014 0.027 0.854 
 197 L _   0.012 0.071 0.001 0.013 0.006 0.014 0.027 0.855 
 198 L _   0.012 0.070 0.001 0.013 0.006 0.014 0.027 0.856 
 199 Q _   0.012 0.069 0.001 0.013 0.006 0.014 0.028 0.857 
 200 T _   0.012 0.068 0.001 0.013 0.006 0.015 0.028 0.857 
 201 I _   0.013 0.067 0.001 0.014 0.007 0.015 0.028 0.857 
 202 G _   0.013 0.066 0.001 0.015 0.007 0.015 0.028 0.855 
 203 K _   0.013 0.066 0.001 0.016 0.007 0.015 0.028 0.854 
 204 G _   0.013 0.065 0.001 0.018 0.008 0.016 0.028 0.852 
 205 E _   0.013 0.065 0.001 0.019 0.008 0.016 0.028 0.850 
 206 F _   0.013 0.063 0.001 0.021 0.008 0.016 0.029 0.850 
 207 G _   0.013 0.061 0.001 0.022 0.008 0.015 0.029 0.851 
 208 D _   0.012 0.058 0.001 0.022 0.008 0.015 0.030 0.855 
 209 V _   0.012 0.053 0.001 0.021 0.008 0.014 0.031 0.861 
 210 M _   0.011 0.048 0.001 0.019 0.007 0.013 0.031 0.870 
 211 L _   0.011 0.041 0.001 0.017 0.006 0.012 0.032 0.881 
 212 G _   0.010 0.033 0.001 0.014 0.005 0.011 0.033 0.892 
 213 D _   0.010 0.026 0.001 0.012 0.005 0.011 0.034 0.903 
 214 Y _   0.009 0.020 0.001 0.010 0.004 0.010 0.034 0.912 
 215 R _   0.009 0.015 0.000 0.008 0.004 0.010 0.035 0.919 
 216 G _   0.008 0.011 0.000 0.008 0.004 0.010 0.035 0.923 
 217 N _   0.008 0.009 0.000 0.008 0.004 0.010 0.036 0.924 
 218 K _   0.009 0.008 0.000 0.008 0.004 0.011 0.036 0.924 
 219 V _   0.009 0.007 0.000 0.009 0.004 0.011 0.036 0.923 
 220 A _   0.009 0.006 0.000 0.009 0.004 0.012 0.036 0.922 
 221 V _   0.010 0.005 0.001 0.010 0.004 0.013 0.036 0.921 
 222 K _   0.011 0.004 0.001 0.009 0.004 0.014 0.036 0.921 
 223 C _   0.012 0.004 0.001 0.008 0.004 0.015 0.036 0.921 
 224 I _   0.013 0.003 0.000 0.007 0.004 0.016 0.036 0.920 
 225 K _   0.017 0.002 0.000 0.006 0.004 0.018 0.035 0.917 
 226 N _   0.022 0.002 0.001 0.005 0.005 0.022 0.034 0.910 
 227 D _   0.031 0.001 0.001 0.005 0.006 0.026 0.033 0.896 
 228 A _   0.044 0.002 0.001 0.005 0.009 0.032 0.032 0.875 
 229 T _   0.062 0.002 0.001 0.006 0.013 0.039 0.031 0.846 
 230 A _   0.083 0.004 0.001 0.008 0.019 0.047 0.030 0.808 
 231 Q _   0.105 0.007 0.002 0.011 0.027 0.054 0.029 0.766 
 232 A _   0.125 0.010 0.002 0.016 0.035 0.060 0.028 0.723 
 233 F _   0.144 0.015 0.002 0.021 0.042 0.064 0.027 0.686 
 234 L _   0.157 0.018 0.002 0.026 0.046 0.066 0.026 0.658 
 235 A _   0.166 0.020 0.002 0.029 0.048 0.065 0.026 0.643 
 236 E _   0.170 0.021 0.002 0.030 0.046 0.062 0.026 0.642 
 237 A _   0.169 0.020 0.002 0.028 0.042 0.058 0.026 0.655 
 238 S _   0.164 0.017 0.002 0.024 0.036 0.052 0.027 0.680 
 239 V _   0.156 0.012 0.002 0.018 0.028 0.046 0.027 0.711 
 240 M _   0.145 0.007 0.001 0.012 0.020 0.040 0.027 0.746 
 241 T _   0.133 0.004 0.001 0.007 0.014 0.035 0.028 0.779 
 242 Q _   0.120 0.001 0.001 0.004 0.009 0.030 0.028 0.806 
 243 L _   0.110 0.000 0.001 0.003 0.007 0.027 0.028 0.825 
 244 R _   0.102 0.000 0.001 0.002 0.005 0.025 0.028 0.836 
 245 H _   0.099 0.000 0.001 0.002 0.005 0.025 0.028 0.840 
 246 S _   0.100 0.000 0.001 0.002 0.006 0.026 0.028 0.838 
 247 N _   0.105 0.000 0.001 0.003 0.008 0.028 0.028 0.829 
 248 L _   0.112 0.000 0.001 0.004 0.010 0.030 0.028 0.815 
 249 V _   0.119 0.001 0.001 0.006 0.013 0.033 0.028 0.799 
 250 Q _   0.125 0.001 0.001 0.009 0.016 0.035 0.028 0.785 
 251 L _   0.127 0.002 0.001 0.012 0.019 0.037 0.028 0.775 
 252 L _   0.127 0.002 0.002 0.014 0.020 0.037 0.028 0.771 
 253 G _   0.124 0.002 0.001 0.014 0.020 0.036 0.028 0.775 
 254 V _   0.119 0.002 0.001 0.012 0.018 0.035 0.028 0.783 
 255 I _   0.113 0.002 0.001 0.010 0.016 0.034 0.029 0.795 
 256 V _   0.107 0.001 0.001 0.008 0.013 0.033 0.029 0.808 
 257 E _   0.100 0.001 0.001 0.006 0.011 0.032 0.029 0.820 
 258 E _   0.094 0.001 0.001 0.004 0.010 0.031 0.030 0.829 
 259 K _   0.089 0.001 0.001 0.004 0.009 0.031 0.030 0.835 
 260 G _   0.085 0.001 0.001 0.004 0.010 0.032 0.030 0.838 
 261 G _   0.083 0.001 0.001 0.005 0.011 0.033 0.030 0.836 
 262 L _   0.080 0.003 0.001 0.007 0.013 0.035 0.030 0.831 
 263 Y _   0.078 0.005 0.001 0.011 0.016 0.036 0.031 0.823 
 264 I _   0.075 0.008 0.001 0.015 0.018 0.037 0.031 0.814 
 265 V _   0.072 0.012 0.001 0.019 0.020 0.037 0.031 0.807 
 266 T _   0.067 0.015 0.002 0.023 0.021 0.037 0.032 0.805 
 267 E _   0.060 0.016 0.001 0.025 0.020 0.035 0.033 0.809 
 268 Y _   0.053 0.017 0.001 0.025 0.019 0.033 0.034 0.818 
 269 M _   0.046 0.017 0.001 0.023 0.017 0.030 0.035 0.831 
 270 A _   0.040 0.016 0.001 0.021 0.014 0.027 0.036 0.845 
 271 K _   0.033 0.015 0.001 0.018 0.012 0.024 0.037 0.861 
 272 G _   0.028 0.013 0.001 0.015 0.009 0.021 0.038 0.875 
 273 S _   0.023 0.011 0.001 0.012 0.008 0.019 0.039 0.887 
 274 L _   0.020 0.010 0.001 0.011 0.006 0.017 0.040 0.896 
 275 V _   0.017 0.008 0.001 0.009 0.005 0.015 0.041 0.903 
 276 D _   0.015 0.008 0.001 0.009 0.005 0.014 0.042 0.907 
 277 Y _   0.014 0.007 0.001 0.008 0.004 0.013 0.042 0.911 
 278 L _   0.012 0.007 0.001 0.008 0.004 0.013 0.043 0.913 
 279 R _   0.011 0.007 0.001 0.008 0.004 0.013 0.043 0.913 
 280 S _   0.011 0.007 0.001 0.008 0.004 0.013 0.043 0.913 
 281 R _   0.011 0.007 0.001 0.008 0.004 0.014 0.043 0.912 
 282 G _   0.011 0.008 0.001 0.009 0.005 0.015 0.043 0.908 
 283 R _   0.012 0.009 0.001 0.009 0.006 0.017 0.043 0.903 
 284 S _   0.013 0.010 0.001 0.010 0.006 0.018 0.043 0.897 
 285 V _   0.015 0.012 0.001 0.012 0.007 0.021 0.043 0.889 
 286 L _   0.016 0.014 0.001 0.013 0.008 0.023 0.043 0.880 
 287 G _   0.018 0.016 0.001 0.015 0.010 0.025 0.043 0.872 
 288 G _   0.021 0.018 0.001 0.015 0.011 0.028 0.043 0.863 
 289 D _   0.024 0.020 0.001 0.015 0.012 0.030 0.043 0.855 
 290 C _   0.028 0.021 0.001 0.015 0.013 0.032 0.043 0.847 
 291 L _   0.032 0.022 0.001 0.014 0.014 0.035 0.044 0.839 
 292 L _   0.036 0.024 0.001 0.013 0.015 0.037 0.044 0.830 
 293 K _   0.041 0.025 0.001 0.013 0.017 0.039 0.044 0.819 
 294 F _   0.045 0.028 0.001 0.014 0.019 0.041 0.045 0.808 
 295 S _   0.050 0.031 0.001 0.016 0.021 0.042 0.045 0.793 
 296 L _   0.055 0.036 0.001 0.019 0.023 0.043 0.046 0.777 
 297 D _   0.058 0.041 0.002 0.023 0.025 0.044 0.047 0.760 
 298 V _   0.062 0.045 0.002 0.028 0.027 0.043 0.048 0.745 
 299 C _   0.063 0.049 0.002 0.033 0.027 0.042 0.049 0.735 
 300 E _   0.062 0.050 0.002 0.036 0.027 0.039 0.051 0.733 
 301 A _   0.059 0.049 0.002 0.036 0.024 0.036 0.054 0.741 
 302 M _   0.054 0.046 0.002 0.033 0.021 0.032 0.056 0.756 
 303 E _   0.047 0.040 0.001 0.028 0.017 0.028 0.060 0.779 
 304 Y _   0.039 0.031 0.001 0.022 0.012 0.023 0.063 0.808 
 305 L _   0.031 0.021 0.001 0.015 0.009 0.019 0.066 0.838 
 306 E _   0.024 0.013 0.001 0.010 0.006 0.015 0.068 0.863 
 307 G _   0.019 0.008 0.000 0.006 0.004 0.012 0.070 0.880 
 308 N _   0.015 0.005 0.000 0.004 0.003 0.010 0.072 0.891 
 309 N _   0.012 0.003 0.000 0.003 0.002 0.009 0.073 0.897 
 310 F _   0.010 0.003 0.000 0.003 0.002 0.009 0.073 0.899 
 311 V _   0.010 0.003 0.000 0.004 0.002 0.009 0.074 0.898 
 312 H _   0.010 0.004 0.000 0.005 0.003 0.010 0.074 0.893 
 313 R _   0.010 0.006 0.000 0.008 0.004 0.012 0.074 0.887 
 314 D _   0.011 0.009 0.001 0.011 0.005 0.013 0.074 0.877 
 315 L _   0.011 0.012 0.001 0.015 0.007 0.014 0.073 0.866 
 316 A _   0.012 0.016 0.001 0.019 0.008 0.015 0.073 0.856 
 317 A _   0.012 0.019 0.001 0.022 0.009 0.016 0.073 0.848 
 318 R _   0.012 0.021 0.001 0.024 0.009 0.016 0.073 0.844 
 319 N _   0.012 0.022 0.001 0.023 0.008 0.015 0.074 0.844 
 320 V _   0.012 0.022 0.001 0.022 0.008 0.015 0.074 0.847 
 321 L _   0.011 0.021 0.001 0.019 0.007 0.014 0.075 0.852 
 322 V _   0.011 0.020 0.001 0.016 0.006 0.013 0.076 0.858 
 323 S _   0.011 0.018 0.001 0.012 0.005 0.012 0.077 0.865 
 324 E _   0.010 0.016 0.001 0.010 0.004 0.011 0.078 0.870 
 325 D _   0.010 0.015 0.000 0.008 0.004 0.011 0.079 0.873 
 326 N _   0.010 0.015 0.000 0.007 0.004 0.011 0.079 0.874 
 327 V _   0.010 0.015 0.000 0.008 0.004 0.012 0.080 0.872 
 328 A _   0.011 0.016 0.000 0.009 0.004 0.012 0.080 0.868 
 329 K _   0.011 0.019 0.001 0.011 0.005 0.013 0.080 0.861 
 330 V _   0.012 0.022 0.001 0.014 0.006 0.014 0.080 0.852 
 331 S _   0.012 0.025 0.001 0.018 0.007 0.015 0.080 0.841 
 332 D _   0.013 0.029 0.001 0.022 0.008 0.015 0.080 0.833 
 333 F _   0.013 0.031 0.001 0.025 0.008 0.015 0.081 0.826 
 334 G _   0.013 0.032 0.001 0.027 0.008 0.015 0.082 0.823 
 335 L _   0.012 0.031 0.001 0.026 0.008 0.014 0.083 0.825 
 336 T _   0.012 0.029 0.001 0.024 0.007 0.013 0.084 0.831 
 337 K _   0.011 0.025 0.001 0.020 0.006 0.011 0.086 0.840 
 338 E _   0.010 0.020 0.001 0.016 0.004 0.010 0.088 0.852 
 339 A _   0.009 0.015 0.000 0.011 0.003 0.008 0.089 0.863 
 340 S _   0.008 0.011 0.000 0.008 0.003 0.007 0.090 0.873 
 341 S _   0.007 0.007 0.000 0.006 0.002 0.006 0.091 0.881 
 342 T _   0.006 0.005 0.000 0.004 0.002 0.006 0.091 0.886 
 343 Q _   0.006 0.004 0.000 0.004 0.001 0.005 0.091 0.888 
 344 D _   0.005 0.004 0.000 0.004 0.002 0.005 0.091 0.889 
 345 T _   0.005 0.004 0.000 0.004 0.002 0.006 0.090 0.889 
 346 G _   0.006 0.005 0.000 0.005 0.002 0.007 0.088 0.886 
 347 K _   0.006 0.007 0.000 0.007 0.003 0.008 0.086 0.883 
 348 L _   0.006 0.010 0.000 0.010 0.003 0.009 0.084 0.877 
 349 P _   0.007 0.013 0.000 0.013 0.004 0.010 0.082 0.871 
 350 V _   0.007 0.017 0.001 0.017 0.005 0.011 0.079 0.864 
 351 K _   0.007 0.020 0.001 0.020 0.006 0.012 0.076 0.858 
 352 W _   0.007 0.023 0.001 0.023 0.006 0.012 0.074 0.854 
 353 T _   0.007 0.025 0.001 0.025 0.007 0.012 0.072 0.852 
 354 A _   0.007 0.025 0.001 0.026 0.007 0.013 0.070 0.851 
 355 P _   0.007 0.025 0.001 0.026 0.007 0.012 0.069 0.854 
 356 E _   0.007 0.024 0.001 0.024 0.006 0.012 0.068 0.859 
 357 A _   0.007 0.021 0.001 0.021 0.006 0.011 0.067 0.866 
 358 L _   0.007 0.017 0.001 0.018 0.005 0.011 0.066 0.875 
 359 R _   0.008 0.013 0.001 0.014 0.004 0.010 0.065 0.884 
 360 E _   0.010 0.009 0.000 0.010 0.004 0.010 0.064 0.893 
 361 K _   0.012 0.005 0.000 0.007 0.003 0.010 0.063 0.899 
 362 K _   0.017 0.003 0.000 0.005 0.003 0.010 0.062 0.900 
 363 F _   0.027 0.001 0.000 0.004 0.003 0.011 0.060 0.894 
 364 S _   0.044 0.000 0.000 0.003 0.003 0.012 0.059 0.879 
 365 T _   0.073 0.000 0.001 0.003 0.004 0.015 0.056 0.849 
 366 K _   0.121 0.000 0.001 0.002 0.006 0.019 0.053 0.798 
 367 S _   0.191 0.000 0.001 0.002 0.009 0.024 0.050 0.723 
 368 D _   0.282 0.000 0.001 0.003 0.014 0.030 0.046 0.624 
 369 V _   0.383 0.000 0.002 0.003 0.022 0.036 0.043 0.513 
 370 W H   0.475 0.000 0.002 0.003 0.030 0.040 0.040 0.409 
 371 S H   0.548 0.000 0.002 0.004 0.038 0.042 0.039 0.327 
 372 F H   0.602 0.000 0.002 0.004 0.044 0.043 0.038 0.267 
 373 G H   0.637 0.001 0.002 0.005 0.047 0.042 0.039 0.227 
 374 I H   0.657 0.001 0.002 0.006 0.049 0.040 0.040 0.205 
 375 L H   0.662 0.001 0.002 0.006 0.049 0.038 0.042 0.199 
 376 L H   0.652 0.001 0.002 0.006 0.048 0.036 0.045 0.209 
 377 W H   0.629 0.001 0.002 0.006 0.045 0.033 0.050 0.234 
 378 E H   0.589 0.001 0.002 0.006 0.040 0.031 0.056 0.275 
 379 I H   0.532 0.001 0.002 0.006 0.034 0.029 0.064 0.333 
 380 Y H   0.461 0.000 0.002 0.006 0.028 0.026 0.074 0.402 
 381 S _   0.384 0.000 0.002 0.006 0.021 0.024 0.086 0.477 
 382 F _   0.309 0.000 0.002 0.006 0.016 0.022 0.099 0.547 
 383 G _   0.239 0.000 0.001 0.006 0.012 0.020 0.112 0.609 
 384 R _   0.179 0.000 0.001 0.006 0.009 0.018 0.125 0.661 
 385 V _   0.130 0.000 0.001 0.007 0.008 0.016 0.137 0.702 
 386 P _   0.092 0.000 0.001 0.007 0.006 0.014 0.147 0.733 
 387 Y _   0.064 0.000 0.001 0.006 0.005 0.012 0.156 0.755 
 388 P _   0.045 0.001 0.001 0.006 0.004 0.011 0.164 0.769 
 389 R _   0.031 0.001 0.000 0.006 0.003 0.010 0.170 0.779 
 390 I _   0.022 0.001 0.000 0.005 0.003 0.009 0.176 0.784 
 391 P _   0.016 0.001 0.000 0.005 0.003 0.008 0.181 0.785 
 392 L _   0.012 0.002 0.000 0.006 0.003 0.008 0.185 0.784 
 393 K _   0.010 0.002 0.000 0.007 0.003 0.008 0.189 0.781 
 394 D _   0.009 0.003 0.000 0.008 0.003 0.008 0.192 0.776 
 395 V _   0.008 0.005 0.000 0.010 0.004 0.009 0.196 0.768 
 396 V _   0.008 0.006 0.000 0.013 0.004 0.009 0.199 0.760 
 397 P _   0.008 0.008 0.001 0.015 0.005 0.010 0.203 0.751 
 398 R _   0.008 0.009 0.001 0.017 0.005 0.010 0.206 0.743 
 399 V _   0.008 0.010 0.001 0.019 0.005 0.010 0.211 0.737 
 400 E _   0.008 0.011 0.001 0.019 0.005 0.009 0.216 0.733 
 401 K _   0.007 0.010 0.001 0.018 0.004 0.009 0.221 0.731 
 402 G _   0.006 0.009 0.000 0.015 0.004 0.008 0.226 0.731 
 403 Y _   0.006 0.008 0.000 0.012 0.003 0.007 0.231 0.734 
 404 K _   0.005 0.007 0.000 0.009 0.002 0.006 0.235 0.736 
 405 M _   0.005 0.006 0.000 0.006 0.002 0.005 0.239 0.738 
 406 D _   0.004 0.005 0.000 0.004 0.001 0.005 0.242 0.739 
 407 A _   0.004 0.005 0.000 0.003 0.001 0.004 0.243 0.739 
 408 P _   0.004 0.005 0.000 0.003 0.001 0.005 0.244 0.738 
 409 D _   0.004 0.007 0.000 0.003 0.001 0.006 0.245 0.734 
 410 G _   0.005 0.011 0.000 0.004 0.002 0.009 0.244 0.724 
 411 C _   0.007 0.023 0.000 0.007 0.004 0.012 0.242 0.704 
 412 P _   0.009 0.049 0.001 0.013 0.007 0.017 0.239 0.666 
 413 P _   0.011 0.096 0.001 0.021 0.011 0.021 0.234 0.604 
 414 A _   0.012 0.164 0.002 0.030 0.015 0.024 0.229 0.525 
 415 V _   0.011 0.233 0.002 0.038 0.017 0.026 0.224 0.449 
 416 Y _   0.011 0.287 0.002 0.043 0.018 0.026 0.221 0.394 
 417 E _   0.010 0.322 0.001 0.045 0.018 0.026 0.219 0.359 
 418 V E   0.010 0.341 0.001 0.044 0.017 0.026 0.219 0.341 
 419 M E   0.010 0.351 0.001 0.042 0.017 0.025 0.221 0.333 
 420 K E   0.010 0.354 0.001 0.039 0.016 0.025 0.223 0.332 
 421 N E   0.010 0.353 0.001 0.034 0.016 0.024 0.226 0.335 
 422 C E   0.011 0.347 0.001 0.030 0.015 0.024 0.231 0.342 
 423 W _   0.011 0.337 0.001 0.026 0.014 0.023 0.237 0.351 
 424 H _   0.012 0.326 0.001 0.022 0.012 0.022 0.243 0.361 
 425 L _   0.012 0.313 0.001 0.020 0.011 0.022 0.250 0.371 
 426 D _   0.013 0.300 0.001 0.017 0.010 0.021 0.258 0.379 
 427 A _   0.013 0.288 0.001 0.016 0.010 0.021 0.266 0.385 
 428 A _   0.014 0.277 0.001 0.014 0.009 0.021 0.274 0.390 
 429 M _   0.014 0.267 0.001 0.013 0.009 0.020 0.282 0.394 
 430 R _   0.014 0.258 0.001 0.013 0.008 0.020 0.291 0.395 
 431 P _   0.014 0.250 0.001 0.013 0.008 0.020 0.299 0.394 
 432 S _   0.015 0.244 0.001 0.013 0.008 0.020 0.308 0.391 
 433 F _   0.014 0.239 0.001 0.014 0.008 0.020 0.317 0.387 
 434 L _   0.014 0.235 0.001 0.015 0.009 0.020 0.326 0.381 
 435 Q _   0.014 0.231 0.001 0.016 0.009 0.020 0.336 0.374 
 436 L _   0.014 0.227 0.001 0.017 0.009 0.019 0.346 0.367 
 437 R _   0.014 0.222 0.001 0.018 0.009 0.019 0.357 0.360 
 438 E X   0.013 0.217 0.001 0.019 0.009 0.018 0.368 0.355 
 439 Q X   0.013 0.211 0.001 0.019 0.009 0.018 0.380 0.349 
 440 L X   0.013 0.205 0.001 0.020 0.008 0.017 0.393 0.345 
 441 E X   0.012 0.197 0.001 0.020 0.008 0.016 0.406 0.341 
 442 H X   0.011 0.188 0.001 0.020 0.008 0.014 0.419 0.339 
 443 I X   0.009 0.178 0.001 0.020 0.007 0.013 0.433 0.339 
 444 K X   0.007 0.167 0.001 0.019 0.007 0.010 0.449 0.340 
 445 T X   0.005 0.153 0.001 0.018 0.005 0.008 0.465 0.345 
 446 H X   0.003 0.133 0.001 0.014 0.003 0.005 0.484 0.356 
 447 E X   0.001 0.107 0.000 0.010 0.001 0.002 0.501 0.377 
 448 L X   0.000 0.085 0.000 0.006 0.000 0.001 0.507 0.400 
 449 H X   0.000 0.074 0.000 0.006 0.000 0.001 0.507 0.411 
 450 L X   0.003 0.068 0.001 0.014 0.003 0.003 0.498 0.410 
