#TopoPred_TM8: 8-state transmembrane topology prediction results by no_profile mode 
#probabilities are in the order of H E C I L F X _, the 8 transmembrane topology types used in PDBTM 
   1 M X   0.013 0.001 0.002 0.037 0.008 0.009 0.724 0.206 
   2 S X   0.004 0.000 0.000 0.018 0.001 0.004 0.741 0.230 
   3 E X   0.001 0.000 0.000 0.009 0.000 0.003 0.744 0.242 
   4 L X   0.001 0.001 0.000 0.007 0.001 0.004 0.740 0.247 
   5 E X   0.002 0.002 0.000 0.008 0.001 0.007 0.731 0.249 
   6 E X   0.005 0.004 0.000 0.011 0.003 0.011 0.718 0.249 
   7 D X   0.007 0.009 0.000 0.015 0.004 0.015 0.702 0.247 
   8 F X   0.010 0.018 0.001 0.023 0.006 0.018 0.681 0.243 
   9 A X   0.011 0.029 0.001 0.033 0.009 0.020 0.658 0.239 
  10 K X   0.011 0.040 0.001 0.041 0.011 0.021 0.637 0.238 
  11 I X   0.011 0.047 0.001 0.046 0.012 0.021 0.620 0.242 
  12 L X   0.010 0.051 0.001 0.048 0.012 0.020 0.606 0.252 
  13 M X   0.010 0.051 0.001 0.045 0.011 0.018 0.596 0.267 
  14 L X   0.010 0.050 0.001 0.040 0.010 0.017 0.588 0.285 
  15 K X   0.009 0.046 0.001 0.032 0.008 0.015 0.582 0.306 
  16 E X   0.009 0.040 0.001 0.025 0.007 0.013 0.577 0.329 
  17 E X   0.008 0.033 0.001 0.018 0.005 0.011 0.573 0.351 
  18 R X   0.008 0.025 0.000 0.013 0.004 0.009 0.569 0.372 
  19 I X   0.007 0.019 0.000 0.009 0.003 0.008 0.565 0.389 
  20 K X   0.006 0.014 0.000 0.007 0.002 0.006 0.561 0.404 
  21 E X   0.006 0.010 0.000 0.005 0.002 0.006 0.555 0.416 
  22 L X   0.005 0.008 0.000 0.004 0.001 0.005 0.549 0.428 
  23 E X   0.004 0.007 0.000 0.004 0.001 0.005 0.541 0.438 
  24 K X   0.004 0.006 0.000 0.003 0.001 0.004 0.531 0.449 
  25 R X   0.004 0.006 0.000 0.004 0.001 0.005 0.521 0.459 
  26 L X   0.004 0.007 0.000 0.004 0.002 0.005 0.508 0.470 
  27 S X   0.004 0.008 0.000 0.006 0.002 0.006 0.493 0.481 
  28 E _   0.004 0.011 0.000 0.007 0.002 0.007 0.477 0.492 
  29 K _   0.004 0.014 0.000 0.010 0.003 0.008 0.459 0.502 
  30 E _   0.004 0.019 0.001 0.014 0.004 0.009 0.439 0.510 
  31 E _   0.005 0.025 0.001 0.017 0.005 0.010 0.419 0.519 
  32 E _   0.005 0.030 0.001 0.021 0.005 0.011 0.400 0.527 
  33 I _   0.005 0.035 0.001 0.023 0.006 0.011 0.382 0.536 
  34 Q _   0.005 0.039 0.001 0.024 0.006 0.012 0.366 0.547 
  35 E _   0.005 0.042 0.001 0.024 0.006 0.012 0.352 0.559 
  36 L _   0.005 0.043 0.001 0.022 0.006 0.012 0.339 0.572 
  37 K _   0.006 0.043 0.001 0.020 0.005 0.011 0.328 0.587 
  38 R _   0.006 0.043 0.001 0.017 0.005 0.011 0.317 0.601 
  39 K _   0.006 0.042 0.001 0.014 0.004 0.011 0.308 0.614 
  40 L _   0.006 0.042 0.001 0.012 0.004 0.011 0.299 0.626 
  41 H _   0.007 0.042 0.001 0.011 0.004 0.011 0.290 0.635 
  42 K _   0.007 0.042 0.001 0.010 0.004 0.011 0.282 0.642 
  43 C _   0.008 0.044 0.001 0.011 0.004 0.012 0.273 0.648 
  44 Q _   0.008 0.046 0.001 0.011 0.005 0.012 0.265 0.652 
  45 S _   0.009 0.049 0.001 0.012 0.005 0.013 0.257 0.655 
  46 V _   0.009 0.052 0.001 0.013 0.006 0.013 0.248 0.657 
  47 L _   0.010 0.056 0.001 0.014 0.006 0.013 0.240 0.660 
  48 P _   0.010 0.060 0.001 0.015 0.006 0.013 0.232 0.664 
  49 V _   0.010 0.063 0.001 0.015 0.006 0.013 0.225 0.668 
  50 P _   0.010 0.066 0.001 0.014 0.006 0.013 0.217 0.672 
  51 S _   0.010 0.069 0.001 0.014 0.006 0.013 0.210 0.677 
  52 T _   0.010 0.072 0.001 0.013 0.006 0.013 0.203 0.682 
  53 H _   0.009 0.076 0.001 0.013 0.006 0.013 0.196 0.685 
  54 I _   0.009 0.081 0.001 0.013 0.006 0.014 0.189 0.687 
  55 G _   0.009 0.087 0.001 0.013 0.006 0.014 0.182 0.687 
  56 P _   0.009 0.095 0.001 0.014 0.006 0.014 0.175 0.686 
  57 R _   0.009 0.104 0.001 0.015 0.007 0.014 0.168 0.682 
  58 T _   0.009 0.114 0.001 0.016 0.007 0.014 0.161 0.677 
  59 T _   0.009 0.125 0.001 0.018 0.007 0.014 0.154 0.672 
  60 R _   0.008 0.136 0.001 0.019 0.008 0.014 0.147 0.667 
  61 A _   0.008 0.146 0.001 0.021 0.008 0.014 0.141 0.662 
  62 Q _   0.008 0.155 0.001 0.022 0.008 0.014 0.135 0.658 
  63 G _   0.008 0.162 0.001 0.023 0.008 0.014 0.130 0.655 
  64 I _   0.008 0.167 0.001 0.023 0.008 0.014 0.126 0.655 
  65 S _   0.008 0.170 0.001 0.022 0.007 0.013 0.122 0.657 
  66 A _   0.007 0.171 0.001 0.021 0.007 0.013 0.119 0.661 
  67 E _   0.007 0.170 0.001 0.020 0.006 0.012 0.116 0.667 
  68 P _   0.007 0.168 0.001 0.018 0.006 0.012 0.114 0.674 
  69 Q _   0.007 0.165 0.001 0.016 0.005 0.012 0.112 0.682 
  70 T _   0.007 0.161 0.001 0.014 0.005 0.011 0.110 0.691 
  71 Y _   0.007 0.157 0.001 0.013 0.005 0.011 0.109 0.698 
  72 R _   0.007 0.155 0.001 0.012 0.005 0.012 0.107 0.703 
  73 S _   0.007 0.153 0.001 0.012 0.005 0.012 0.105 0.705 
  74 F _   0.008 0.153 0.001 0.014 0.005 0.012 0.104 0.704 
  75 H _   0.008 0.153 0.001 0.016 0.006 0.013 0.102 0.702 
  76 D _   0.008 0.154 0.001 0.018 0.006 0.013 0.101 0.698 
  77 L _   0.009 0.155 0.001 0.022 0.007 0.014 0.099 0.693 
  78 R _   0.009 0.155 0.001 0.025 0.008 0.014 0.098 0.690 
  79 Q _   0.010 0.152 0.001 0.027 0.008 0.014 0.097 0.691 
  80 A _   0.010 0.147 0.001 0.028 0.008 0.014 0.097 0.696 
  81 F _   0.010 0.138 0.001 0.027 0.008 0.013 0.097 0.708 
  82 R _   0.009 0.124 0.001 0.024 0.007 0.012 0.097 0.725 
  83 K _   0.009 0.105 0.001 0.021 0.006 0.011 0.098 0.749 
  84 F _   0.008 0.084 0.001 0.016 0.005 0.010 0.099 0.777 
  85 T _   0.008 0.064 0.001 0.012 0.004 0.009 0.100 0.804 
  86 K _   0.007 0.048 0.000 0.009 0.003 0.008 0.100 0.825 
  87 S _   0.006 0.038 0.000 0.006 0.002 0.007 0.100 0.841 
  88 E _   0.006 0.032 0.000 0.005 0.002 0.007 0.099 0.849 
  89 R _   0.005 0.030 0.000 0.005 0.002 0.007 0.098 0.853 
  90 S _   0.006 0.029 0.000 0.006 0.002 0.008 0.096 0.852 
  91 K _   0.006 0.031 0.000 0.009 0.003 0.009 0.095 0.847 
  92 D _   0.007 0.034 0.000 0.013 0.004 0.010 0.093 0.839 
  93 L _   0.008 0.038 0.001 0.018 0.005 0.012 0.090 0.829 
  94 I _   0.008 0.042 0.001 0.023 0.006 0.013 0.088 0.820 
  95 K _   0.008 0.044 0.001 0.026 0.007 0.013 0.086 0.814 
  96 E _   0.008 0.045 0.001 0.027 0.007 0.013 0.085 0.813 
  97 A _   0.008 0.044 0.001 0.026 0.007 0.012 0.084 0.818 
  98 I _   0.007 0.041 0.001 0.022 0.006 0.012 0.083 0.828 
  99 L _   0.007 0.037 0.001 0.018 0.005 0.011 0.083 0.839 
 100 D _   0.007 0.032 0.001 0.013 0.004 0.010 0.082 0.851 
 101 N _   0.006 0.028 0.000 0.010 0.003 0.010 0.082 0.861 
 102 D _   0.006 0.024 0.000 0.007 0.003 0.010 0.081 0.868 
 103 F _   0.007 0.022 0.000 0.006 0.003 0.010 0.080 0.871 
 104 M _   0.008 0.022 0.000 0.006 0.003 0.011 0.079 0.871 
 105 K _   0.009 0.022 0.000 0.006 0.003 0.013 0.078 0.868 
 106 N _   0.010 0.024 0.000 0.008 0.004 0.015 0.076 0.862 
 107 L _   0.012 0.029 0.001 0.010 0.006 0.018 0.075 0.851 
 108 E _   0.014 0.035 0.001 0.013 0.007 0.021 0.072 0.837 
 109 L _   0.017 0.042 0.001 0.016 0.010 0.024 0.070 0.820 
 110 S _   0.020 0.051 0.001 0.020 0.012 0.027 0.068 0.801 
 111 Q _   0.023 0.060 0.001 0.024 0.015 0.030 0.066 0.782 
 112 I _   0.025 0.067 0.001 0.027 0.018 0.032 0.065 0.765 
 113 Q _   0.028 0.074 0.001 0.030 0.019 0.033 0.063 0.751 
 114 E _   0.030 0.079 0.001 0.033 0.021 0.034 0.062 0.740 
 115 I _   0.031 0.082 0.001 0.035 0.022 0.034 0.062 0.734 
 116 V _   0.032 0.083 0.001 0.036 0.021 0.033 0.061 0.731 
 117 D _   0.032 0.082 0.001 0.037 0.020 0.031 0.062 0.734 
 118 C _   0.032 0.079 0.001 0.035 0.019 0.029 0.062 0.743 
 119 M _   0.030 0.073 0.001 0.033 0.017 0.026 0.063 0.757 
 120 Y _   0.027 0.064 0.001 0.028 0.014 0.023 0.064 0.778 
 121 P _   0.024 0.052 0.001 0.023 0.011 0.020 0.066 0.804 
 122 V _   0.020 0.039 0.001 0.018 0.008 0.017 0.067 0.830 
 123 E _   0.016 0.027 0.001 0.013 0.006 0.014 0.068 0.855 
 124 Y _   0.013 0.017 0.001 0.009 0.004 0.012 0.068 0.875 
 125 G _   0.011 0.011 0.000 0.006 0.003 0.010 0.069 0.889 
 126 K _   0.009 0.008 0.000 0.005 0.003 0.009 0.069 0.897 
 127 D _   0.008 0.006 0.000 0.004 0.002 0.008 0.068 0.902 
 128 S _   0.008 0.006 0.000 0.004 0.002 0.009 0.067 0.904 
 129 C _   0.008 0.006 0.000 0.005 0.003 0.009 0.067 0.903 
 130 I _   0.008 0.007 0.000 0.006 0.003 0.010 0.065 0.899 
 131 I _   0.009 0.010 0.000 0.008 0.004 0.012 0.064 0.893 
 132 K _   0.010 0.013 0.001 0.011 0.005 0.013 0.062 0.885 
 133 E _   0.010 0.017 0.001 0.014 0.007 0.015 0.060 0.875 
 134 G _   0.011 0.022 0.001 0.018 0.008 0.017 0.058 0.864 
 135 D _   0.012 0.027 0.001 0.022 0.010 0.019 0.057 0.852 
 136 V _   0.013 0.031 0.001 0.027 0.011 0.020 0.055 0.842 
 137 G _   0.014 0.035 0.001 0.030 0.012 0.021 0.054 0.835 
 138 S _   0.014 0.036 0.001 0.032 0.013 0.021 0.053 0.831 
 139 L _   0.015 0.037 0.001 0.033 0.013 0.020 0.052 0.831 
 140 V _   0.015 0.036 0.001 0.031 0.012 0.019 0.051 0.835 
 141 Y _   0.014 0.033 0.001 0.028 0.011 0.018 0.051 0.844 
 142 V _   0.013 0.028 0.001 0.024 0.009 0.016 0.051 0.857 
 143 M _   0.012 0.023 0.001 0.019 0.007 0.014 0.051 0.872 
 144 E _   0.011 0.017 0.001 0.015 0.006 0.013 0.051 0.887 
 145 D _   0.010 0.012 0.001 0.011 0.004 0.011 0.051 0.900 
 146 G _   0.009 0.008 0.000 0.008 0.003 0.010 0.051 0.910 
 147 K _   0.009 0.005 0.000 0.006 0.003 0.010 0.050 0.917 
 148 V _   0.009 0.004 0.000 0.005 0.003 0.010 0.049 0.920 
 149 E _   0.009 0.003 0.000 0.005 0.003 0.010 0.049 0.921 
 150 V _   0.009 0.002 0.000 0.005 0.003 0.011 0.048 0.920 
 151 T _   0.011 0.002 0.000 0.006 0.004 0.013 0.046 0.917 
 152 K _   0.012 0.002 0.001 0.007 0.005 0.015 0.045 0.913 
 153 E _   0.014 0.003 0.001 0.009 0.006 0.018 0.043 0.907 
 154 G _   0.017 0.003 0.001 0.011 0.007 0.020 0.042 0.900 
 155 V _   0.020 0.003 0.001 0.012 0.008 0.023 0.040 0.892 
 156 K _   0.023 0.003 0.001 0.013 0.009 0.026 0.039 0.885 
 157 L _   0.028 0.003 0.001 0.013 0.010 0.028 0.038 0.879 
 158 C _   0.033 0.003 0.001 0.012 0.011 0.031 0.036 0.873 
 159 T _   0.039 0.003 0.001 0.011 0.011 0.034 0.035 0.867 
 160 M _   0.046 0.002 0.001 0.009 0.012 0.037 0.033 0.859 
 161 G _   0.055 0.002 0.001 0.008 0.013 0.040 0.032 0.849 
 162 P _   0.067 0.001 0.001 0.007 0.014 0.044 0.031 0.835 
 163 G _   0.081 0.001 0.001 0.007 0.017 0.048 0.029 0.815 
 164 K _   0.097 0.002 0.001 0.008 0.021 0.053 0.028 0.790 
 165 V _   0.113 0.002 0.001 0.009 0.026 0.057 0.027 0.764 
 166 F _   0.126 0.003 0.002 0.012 0.031 0.061 0.025 0.739 
 167 G _   0.137 0.005 0.002 0.015 0.036 0.063 0.024 0.717 
 168 E _   0.145 0.006 0.002 0.018 0.039 0.064 0.024 0.703 
 169 L _   0.148 0.007 0.002 0.021 0.039 0.063 0.023 0.698 
 170 A _   0.147 0.007 0.002 0.021 0.038 0.060 0.023 0.702 
 171 I _   0.144 0.006 0.002 0.019 0.035 0.057 0.022 0.715 
 172 L _   0.139 0.005 0.002 0.016 0.030 0.053 0.022 0.733 
 173 Y _   0.131 0.004 0.002 0.012 0.025 0.049 0.021 0.755 
 174 N _   0.123 0.002 0.001 0.009 0.020 0.045 0.021 0.777 
 175 C _   0.116 0.001 0.001 0.007 0.017 0.042 0.021 0.795 
 176 T _   0.110 0.001 0.001 0.006 0.014 0.040 0.021 0.808 
 177 R _   0.105 0.001 0.001 0.005 0.012 0.038 0.021 0.817 
 178 T _   0.103 0.000 0.001 0.005 0.011 0.037 0.020 0.822 
 179 A _   0.101 0.000 0.001 0.005 0.011 0.036 0.020 0.824 
 180 T _   0.101 0.001 0.001 0.006 0.012 0.036 0.020 0.824 
 181 V _   0.102 0.001 0.001 0.007 0.012 0.036 0.020 0.822 
 182 K _   0.103 0.001 0.001 0.008 0.013 0.036 0.020 0.820 
 183 T _   0.104 0.001 0.001 0.008 0.013 0.036 0.019 0.817 
 184 L _   0.107 0.001 0.001 0.009 0.014 0.036 0.019 0.813 
 185 V _   0.111 0.001 0.001 0.009 0.014 0.036 0.019 0.809 
 186 N _   0.115 0.001 0.001 0.009 0.014 0.036 0.019 0.805 
 187 V _   0.120 0.001 0.001 0.009 0.014 0.035 0.018 0.801 
 188 K _   0.126 0.001 0.001 0.008 0.013 0.035 0.018 0.799 
 189 L _   0.133 0.001 0.001 0.006 0.012 0.034 0.018 0.795 
 190 W _   0.142 0.000 0.001 0.005 0.011 0.034 0.018 0.789 
 191 A _   0.154 0.000 0.001 0.004 0.010 0.034 0.017 0.780 
 192 I _   0.168 0.000 0.001 0.003 0.010 0.034 0.017 0.767 
 193 D _   0.186 0.000 0.001 0.002 0.011 0.035 0.016 0.748 
 194 R _   0.209 0.000 0.001 0.002 0.013 0.037 0.016 0.722 
 195 Q _   0.234 0.000 0.001 0.003 0.016 0.040 0.016 0.691 
 196 C _   0.261 0.000 0.001 0.003 0.020 0.043 0.015 0.655 
 197 F _   0.286 0.000 0.001 0.005 0.025 0.046 0.015 0.621 
 198 Q _   0.305 0.001 0.002 0.007 0.031 0.049 0.015 0.591 
 199 T _   0.318 0.002 0.002 0.009 0.036 0.050 0.016 0.568 
 200 I _   0.323 0.002 0.002 0.011 0.038 0.050 0.016 0.556 
 201 M _   0.322 0.003 0.002 0.013 0.039 0.049 0.017 0.555 
 202 M _   0.312 0.003 0.002 0.014 0.037 0.047 0.018 0.567 
 203 R _   0.294 0.003 0.002 0.012 0.033 0.045 0.019 0.591 
 204 T _   0.270 0.002 0.002 0.010 0.028 0.042 0.020 0.625 
 205 G _   0.241 0.002 0.002 0.008 0.023 0.039 0.022 0.664 
 206 L _   0.209 0.001 0.001 0.007 0.018 0.036 0.023 0.705 
 207 I _   0.179 0.001 0.001 0.005 0.014 0.033 0.024 0.742 
 208 K _   0.151 0.001 0.001 0.005 0.012 0.032 0.026 0.773 
 209 H _   0.128 0.001 0.001 0.005 0.011 0.030 0.027 0.798 
 210 T _   0.109 0.001 0.001 0.006 0.010 0.029 0.028 0.815 
 211 E _   0.092 0.002 0.001 0.008 0.011 0.029 0.029 0.829 
 212 Y _   0.077 0.003 0.001 0.010 0.011 0.028 0.030 0.839 
 213 M _   0.065 0.004 0.001 0.013 0.012 0.027 0.031 0.846 
 214 E _   0.055 0.005 0.001 0.015 0.012 0.026 0.032 0.854 
 215 F _   0.046 0.006 0.001 0.016 0.011 0.024 0.033 0.862 
 216 L _   0.039 0.006 0.001 0.015 0.010 0.023 0.034 0.871 
 217 K _   0.032 0.006 0.001 0.014 0.009 0.021 0.035 0.882 
 218 S _   0.027 0.006 0.001 0.012 0.007 0.019 0.036 0.892 
 219 V _   0.023 0.005 0.001 0.010 0.006 0.018 0.037 0.900 
 220 P _   0.021 0.005 0.001 0.008 0.005 0.017 0.038 0.906 
 221 T _   0.019 0.005 0.001 0.007 0.005 0.016 0.038 0.909 
 222 F _   0.018 0.006 0.001 0.006 0.005 0.016 0.039 0.909 
 223 Q _   0.018 0.007 0.001 0.007 0.005 0.017 0.039 0.907 
 224 S _   0.018 0.009 0.001 0.007 0.006 0.018 0.039 0.902 
 225 L _   0.019 0.012 0.001 0.009 0.007 0.020 0.040 0.894 
 226 P _   0.019 0.016 0.001 0.011 0.008 0.021 0.040 0.883 
 227 E _   0.020 0.023 0.001 0.014 0.010 0.023 0.040 0.869 
 228 E _   0.021 0.031 0.001 0.018 0.012 0.024 0.040 0.853 
 229 I _   0.022 0.039 0.001 0.023 0.013 0.025 0.040 0.837 
 230 L _   0.022 0.047 0.001 0.026 0.014 0.026 0.040 0.824 
 231 S _   0.022 0.053 0.001 0.030 0.015 0.025 0.040 0.814 
 232 K _   0.021 0.056 0.001 0.032 0.015 0.025 0.041 0.808 
 233 L _   0.020 0.059 0.001 0.034 0.015 0.024 0.041 0.807 
 234 A _   0.019 0.059 0.001 0.033 0.014 0.022 0.042 0.809 
 235 D _   0.019 0.057 0.001 0.031 0.012 0.020 0.044 0.816 
 236 V _   0.018 0.054 0.001 0.027 0.010 0.018 0.045 0.827 
 237 L _   0.016 0.049 0.001 0.023 0.008 0.016 0.046 0.840 
 238 E _   0.015 0.042 0.001 0.018 0.007 0.014 0.048 0.855 
 239 E _   0.013 0.036 0.001 0.013 0.005 0.013 0.049 0.870 
 240 T _   0.012 0.030 0.001 0.009 0.004 0.011 0.050 0.883 
 241 H _   0.010 0.026 0.000 0.007 0.003 0.010 0.051 0.892 
 242 Y _   0.009 0.024 0.000 0.005 0.003 0.010 0.052 0.897 
 243 E _   0.009 0.023 0.000 0.005 0.003 0.010 0.052 0.899 
 244 N _   0.009 0.025 0.000 0.005 0.003 0.011 0.052 0.896 
 245 G _   0.009 0.028 0.000 0.007 0.003 0.012 0.052 0.888 
 246 E _   0.010 0.035 0.001 0.009 0.004 0.014 0.051 0.876 
 247 Y _   0.011 0.045 0.001 0.011 0.006 0.016 0.051 0.860 
 248 I _   0.012 0.059 0.001 0.014 0.007 0.018 0.050 0.841 
 249 I _   0.012 0.075 0.001 0.016 0.008 0.020 0.049 0.820 
 250 R _   0.013 0.091 0.001 0.018 0.009 0.021 0.048 0.799 
 251 Q _   0.013 0.107 0.001 0.019 0.010 0.023 0.047 0.780 
 252 G _   0.014 0.124 0.001 0.020 0.011 0.025 0.046 0.759 
 253 A _   0.015 0.142 0.001 0.021 0.013 0.027 0.045 0.735 
 254 R _   0.017 0.162 0.001 0.023 0.016 0.029 0.044 0.708 
 255 G _   0.019 0.184 0.001 0.025 0.018 0.031 0.043 0.678 
 256 D _   0.021 0.208 0.002 0.029 0.020 0.032 0.043 0.646 
 257 T _   0.022 0.231 0.002 0.034 0.022 0.033 0.043 0.614 
 258 F _   0.023 0.253 0.002 0.039 0.023 0.033 0.042 0.584 
 259 F _   0.024 0.269 0.002 0.044 0.024 0.033 0.043 0.563 
 260 I _   0.024 0.279 0.002 0.048 0.024 0.032 0.044 0.549 
 261 I _   0.023 0.283 0.002 0.050 0.023 0.030 0.045 0.543 
 262 S _   0.023 0.282 0.002 0.051 0.022 0.028 0.046 0.547 
 263 K _   0.022 0.274 0.002 0.049 0.020 0.026 0.049 0.558 
 264 G _   0.021 0.260 0.002 0.046 0.018 0.024 0.052 0.578 
 265 T _   0.020 0.236 0.002 0.042 0.015 0.021 0.055 0.608 
 266 V _   0.019 0.202 0.002 0.036 0.013 0.019 0.060 0.649 
 267 N _   0.017 0.160 0.001 0.029 0.010 0.017 0.065 0.700 
 268 V _   0.016 0.115 0.001 0.022 0.008 0.014 0.070 0.754 
 269 T _   0.014 0.075 0.001 0.015 0.006 0.012 0.074 0.804 
 270 R _   0.011 0.047 0.001 0.010 0.004 0.010 0.077 0.841 
 271 E _   0.009 0.031 0.000 0.006 0.002 0.008 0.079 0.864 
 272 D _   0.007 0.023 0.000 0.004 0.002 0.007 0.080 0.877 
 273 S _   0.006 0.020 0.000 0.003 0.001 0.007 0.081 0.882 
 274 P _   0.006 0.019 0.000 0.003 0.002 0.008 0.081 0.881 
 275 S _   0.007 0.022 0.000 0.005 0.002 0.009 0.080 0.875 
 276 E _   0.008 0.028 0.000 0.009 0.004 0.012 0.079 0.860 
 277 D _   0.009 0.041 0.001 0.016 0.006 0.014 0.077 0.836 
 278 P _   0.010 0.059 0.001 0.027 0.008 0.017 0.075 0.803 
 279 V _   0.010 0.077 0.001 0.037 0.010 0.018 0.073 0.772 
 280 F _   0.010 0.090 0.001 0.046 0.011 0.019 0.071 0.751 
 281 L _   0.010 0.096 0.001 0.051 0.012 0.019 0.071 0.741 
 282 R _   0.009 0.098 0.001 0.051 0.012 0.018 0.070 0.741 
 283 T _   0.008 0.096 0.001 0.047 0.010 0.016 0.071 0.751 
 284 L _   0.008 0.090 0.001 0.039 0.009 0.015 0.071 0.768 
 285 G _   0.007 0.079 0.001 0.031 0.007 0.013 0.072 0.789 
 286 K _   0.007 0.066 0.001 0.024 0.006 0.011 0.074 0.811 
 287 G _   0.007 0.052 0.001 0.018 0.005 0.010 0.075 0.833 
 288 D _   0.006 0.040 0.001 0.013 0.004 0.009 0.077 0.850 
 289 W _   0.006 0.031 0.000 0.011 0.003 0.009 0.078 0.862 
 290 F _   0.006 0.024 0.000 0.010 0.003 0.008 0.079 0.870 
 291 G _   0.006 0.019 0.000 0.009 0.003 0.008 0.080 0.874 
 292 E _   0.006 0.016 0.000 0.009 0.003 0.009 0.080 0.877 
 293 K _   0.006 0.013 0.000 0.009 0.003 0.009 0.080 0.879 
 294 A _   0.006 0.011 0.000 0.009 0.003 0.009 0.081 0.881 
 295 L _   0.006 0.009 0.000 0.009 0.003 0.009 0.080 0.883 
 296 Q _   0.006 0.006 0.000 0.008 0.003 0.010 0.080 0.885 
 297 G _   0.008 0.005 0.000 0.007 0.003 0.011 0.080 0.886 
 298 E _   0.010 0.003 0.000 0.006 0.003 0.013 0.079 0.885 
 299 D _   0.014 0.002 0.000 0.006 0.003 0.016 0.079 0.880 
 300 V _   0.021 0.001 0.000 0.005 0.004 0.020 0.078 0.870 
 301 R _   0.033 0.001 0.001 0.005 0.006 0.025 0.076 0.853 
 302 T _   0.052 0.001 0.001 0.005 0.008 0.032 0.075 0.826 
 303 A _   0.079 0.001 0.001 0.006 0.013 0.041 0.073 0.786 
 304 N _   0.113 0.001 0.001 0.007 0.021 0.051 0.071 0.735 
 305 V _   0.152 0.002 0.002 0.008 0.031 0.061 0.069 0.674 
 306 I _   0.191 0.004 0.002 0.011 0.043 0.070 0.067 0.611 
 307 A _   0.225 0.007 0.002 0.014 0.055 0.076 0.066 0.554 
 308 A _   0.252 0.011 0.003 0.018 0.065 0.080 0.066 0.506 
 309 E _   0.269 0.014 0.003 0.022 0.071 0.081 0.067 0.474 
 310 A _   0.276 0.016 0.003 0.026 0.072 0.079 0.068 0.459 
 311 V _   0.274 0.017 0.003 0.028 0.070 0.075 0.071 0.462 
 312 T _   0.263 0.017 0.003 0.028 0.063 0.069 0.074 0.483 
 313 C _   0.243 0.015 0.003 0.025 0.053 0.062 0.078 0.520 
 314 L _   0.216 0.012 0.003 0.020 0.041 0.054 0.083 0.571 
 315 V _   0.184 0.008 0.002 0.015 0.029 0.046 0.088 0.628 
 316 I _   0.150 0.005 0.001 0.009 0.019 0.039 0.092 0.685 
 317 D _   0.118 0.003 0.001 0.006 0.013 0.033 0.096 0.731 
 318 R _   0.092 0.002 0.001 0.004 0.009 0.029 0.099 0.765 
 319 D _   0.071 0.002 0.001 0.004 0.007 0.026 0.101 0.788 
 320 S _   0.057 0.002 0.001 0.006 0.007 0.025 0.104 0.799 
 321 F _   0.047 0.004 0.001 0.009 0.008 0.024 0.106 0.801 
 322 K _   0.039 0.008 0.001 0.014 0.009 0.024 0.109 0.797 
 323 H _   0.033 0.012 0.001 0.021 0.010 0.023 0.111 0.789 
 324 L _   0.028 0.017 0.001 0.027 0.011 0.022 0.114 0.780 
 325 I _   0.024 0.020 0.001 0.032 0.011 0.021 0.117 0.774 
 326 G _   0.020 0.022 0.001 0.033 0.010 0.019 0.121 0.774 
 327 G _   0.017 0.021 0.001 0.031 0.009 0.016 0.125 0.779 
 328 L _   0.014 0.020 0.001 0.027 0.007 0.014 0.129 0.788 
 329 D _   0.012 0.017 0.001 0.021 0.005 0.011 0.134 0.799 
 330 D _   0.010 0.013 0.000 0.015 0.004 0.009 0.139 0.810 
 331 V _   0.008 0.010 0.000 0.010 0.003 0.008 0.143 0.818 
 332 S _   0.007 0.007 0.000 0.007 0.002 0.006 0.146 0.824 
 333 N _   0.006 0.005 0.000 0.005 0.002 0.005 0.149 0.828 
 334 K _   0.005 0.004 0.000 0.004 0.001 0.005 0.150 0.829 
 335 A _   0.005 0.004 0.000 0.004 0.001 0.005 0.151 0.830 
 336 Y _   0.004 0.004 0.000 0.004 0.001 0.005 0.151 0.831 
 337 E _   0.004 0.005 0.000 0.004 0.001 0.005 0.150 0.831 
 338 D _   0.004 0.007 0.000 0.004 0.001 0.006 0.148 0.830 
 339 A _   0.004 0.009 0.000 0.005 0.002 0.007 0.145 0.827 
 340 E _   0.005 0.015 0.000 0.007 0.002 0.009 0.141 0.821 
 341 A _   0.005 0.024 0.000 0.009 0.003 0.012 0.135 0.810 
 342 K _   0.007 0.040 0.001 0.014 0.005 0.016 0.129 0.789 
 343 A _   0.008 0.067 0.001 0.020 0.008 0.020 0.121 0.755 
 344 K _   0.010 0.105 0.001 0.029 0.012 0.025 0.111 0.708 
 345 Y _   0.012 0.152 0.002 0.040 0.016 0.029 0.101 0.650 
 346 E _   0.013 0.198 0.002 0.052 0.020 0.032 0.092 0.592 
 347 A _   0.014 0.234 0.002 0.063 0.023 0.033 0.084 0.546 
 348 E _   0.015 0.256 0.002 0.072 0.024 0.034 0.079 0.518 
 349 A _   0.016 0.266 0.002 0.076 0.025 0.034 0.075 0.505 
 350 A _   0.017 0.267 0.002 0.076 0.025 0.033 0.073 0.507 
 351 F _   0.018 0.260 0.002 0.071 0.023 0.031 0.071 0.524 
 352 F _   0.018 0.243 0.002 0.062 0.021 0.029 0.070 0.556 
 353 A _   0.018 0.211 0.002 0.050 0.019 0.026 0.070 0.603 
 354 N _   0.019 0.165 0.002 0.037 0.016 0.024 0.070 0.667 
 355 L _   0.019 0.113 0.002 0.025 0.013 0.022 0.071 0.735 
 356 K _   0.019 0.068 0.001 0.016 0.010 0.020 0.071 0.794 
 357 L _   0.018 0.038 0.001 0.010 0.007 0.019 0.072 0.836 
 358 S _   0.018 0.022 0.001 0.007 0.005 0.017 0.072 0.859 
 359 D _   0.017 0.015 0.000 0.005 0.004 0.017 0.071 0.870 
 360 F _   0.018 0.012 0.000 0.004 0.004 0.017 0.070 0.874 
 361 N _   0.019 0.011 0.000 0.005 0.004 0.018 0.069 0.873 
 362 I _   0.022 0.011 0.001 0.006 0.005 0.020 0.068 0.867 
 363 I _   0.025 0.013 0.001 0.007 0.007 0.022 0.067 0.857 
 364 D _   0.029 0.017 0.001 0.010 0.009 0.025 0.065 0.844 
 365 T _   0.033 0.021 0.001 0.013 0.011 0.028 0.064 0.829 
 366 L _   0.036 0.026 0.001 0.016 0.014 0.030 0.063 0.813 
 367 G _   0.039 0.031 0.001 0.020 0.017 0.032 0.061 0.798 
 368 V _   0.041 0.037 0.001 0.023 0.018 0.034 0.060 0.786 
 369 G _   0.041 0.041 0.001 0.026 0.020 0.034 0.060 0.776 
 370 G _   0.041 0.044 0.001 0.029 0.020 0.034 0.059 0.770 
 371 F _   0.040 0.046 0.001 0.031 0.020 0.033 0.059 0.769 
 372 G _   0.038 0.047 0.001 0.032 0.019 0.031 0.059 0.772 
 373 R _   0.035 0.046 0.001 0.031 0.017 0.029 0.060 0.781 
 374 V _   0.031 0.043 0.001 0.029 0.015 0.026 0.060 0.795 
 375 E _   0.026 0.038 0.001 0.025 0.012 0.023 0.061 0.814 
 376 L _   0.022 0.032 0.001 0.020 0.009 0.020 0.062 0.835 
 377 V _   0.018 0.025 0.001 0.015 0.007 0.017 0.062 0.856 
 378 Q _   0.015 0.019 0.001 0.010 0.005 0.014 0.063 0.873 
 379 L _   0.012 0.014 0.000 0.007 0.004 0.013 0.063 0.887 
 380 K _   0.011 0.011 0.000 0.005 0.003 0.011 0.062 0.896 
 381 S _   0.010 0.010 0.000 0.004 0.003 0.011 0.062 0.900 
 382 E _   0.010 0.010 0.000 0.004 0.003 0.012 0.061 0.900 
 383 E _   0.011 0.011 0.000 0.005 0.003 0.013 0.060 0.896 
 384 S _   0.013 0.015 0.001 0.008 0.005 0.016 0.059 0.885 
 385 K _   0.015 0.022 0.001 0.012 0.007 0.018 0.057 0.868 
 386 T _   0.017 0.031 0.001 0.018 0.010 0.021 0.055 0.847 
 387 F _   0.019 0.042 0.001 0.025 0.012 0.023 0.054 0.824 
 388 A _   0.020 0.051 0.001 0.032 0.014 0.024 0.052 0.805 
 389 M _   0.021 0.057 0.001 0.036 0.015 0.024 0.051 0.794 
 390 K _   0.021 0.060 0.001 0.038 0.015 0.024 0.050 0.791 
 391 I _   0.021 0.060 0.001 0.036 0.014 0.022 0.050 0.796 
 392 L _   0.020 0.057 0.001 0.031 0.012 0.021 0.050 0.807 
 393 K _   0.019 0.052 0.001 0.026 0.011 0.019 0.050 0.823 
 394 K _   0.018 0.045 0.001 0.020 0.009 0.017 0.050 0.841 
 395 R _   0.016 0.037 0.001 0.016 0.007 0.015 0.051 0.857 
 396 H _   0.015 0.030 0.001 0.012 0.006 0.014 0.051 0.872 
 397 I _   0.014 0.025 0.001 0.010 0.005 0.012 0.051 0.883 
 398 V _   0.013 0.021 0.000 0.009 0.004 0.011 0.051 0.890 
 399 D _   0.012 0.019 0.000 0.008 0.004 0.011 0.051 0.896 
 400 T _   0.011 0.017 0.000 0.007 0.003 0.010 0.051 0.899 
 401 R _   0.010 0.016 0.000 0.007 0.003 0.010 0.051 0.902 
 402 Q _   0.010 0.015 0.000 0.007 0.003 0.010 0.050 0.904 
 403 Q _   0.009 0.015 0.000 0.007 0.003 0.010 0.049 0.906 
 404 E _   0.008 0.015 0.000 0.008 0.004 0.010 0.048 0.906 
 405 H _   0.008 0.016 0.000 0.008 0.004 0.010 0.047 0.905 
 406 I _   0.008 0.017 0.000 0.009 0.004 0.011 0.046 0.903 
 407 R _   0.008 0.019 0.001 0.010 0.005 0.012 0.045 0.900 
 408 S _   0.009 0.021 0.001 0.012 0.005 0.013 0.044 0.896 
 409 E _   0.010 0.024 0.001 0.013 0.006 0.014 0.042 0.891 
 410 K _   0.010 0.026 0.001 0.014 0.006 0.015 0.041 0.886 
 411 Q _   0.011 0.028 0.001 0.015 0.007 0.016 0.040 0.883 
 412 I _   0.012 0.030 0.001 0.015 0.007 0.018 0.039 0.880 
 413 M _   0.013 0.031 0.001 0.014 0.007 0.019 0.037 0.878 
 414 Q _   0.014 0.032 0.001 0.014 0.008 0.020 0.036 0.875 
 415 G _   0.017 0.034 0.001 0.014 0.008 0.022 0.035 0.869 
 416 A _   0.019 0.036 0.001 0.014 0.010 0.025 0.034 0.861 
 417 H _   0.022 0.039 0.001 0.017 0.012 0.028 0.032 0.849 
 418 S _   0.026 0.043 0.001 0.021 0.015 0.030 0.031 0.832 
 419 D _   0.030 0.048 0.001 0.027 0.018 0.032 0.030 0.813 
 420 F _   0.034 0.053 0.001 0.034 0.020 0.034 0.029 0.795 
 421 I _   0.037 0.056 0.002 0.040 0.022 0.034 0.028 0.782 
 422 V _   0.039 0.056 0.002 0.043 0.022 0.033 0.027 0.778 
 423 R _   0.041 0.053 0.002 0.042 0.020 0.031 0.027 0.785 
 424 L _   0.041 0.047 0.001 0.036 0.017 0.028 0.026 0.803 
 425 Y _   0.042 0.036 0.001 0.027 0.013 0.024 0.026 0.830 
 426 R _   0.044 0.022 0.001 0.017 0.009 0.021 0.025 0.860 
 427 T _   0.048 0.009 0.001 0.009 0.006 0.018 0.025 0.884 
 428 F _   0.055 0.003 0.000 0.004 0.004 0.016 0.024 0.894 
 429 K _   0.067 0.001 0.000 0.002 0.003 0.015 0.022 0.890 
 430 D _   0.092 0.000 0.000 0.001 0.003 0.015 0.021 0.868 
 431 S _   0.136 0.000 0.001 0.001 0.004 0.017 0.019 0.822 
 432 K _   0.207 0.000 0.001 0.001 0.007 0.021 0.017 0.745 
 433 Y _   0.304 0.000 0.001 0.002 0.012 0.027 0.014 0.641 
 434 L _   0.407 0.000 0.001 0.002 0.019 0.032 0.012 0.526 
 435 Y H   0.501 0.000 0.002 0.003 0.027 0.037 0.011 0.419 
 436 M H   0.578 0.000 0.002 0.004 0.035 0.039 0.009 0.332 
 437 L H   0.632 0.000 0.002 0.005 0.040 0.040 0.008 0.273 
 438 M H   0.668 0.001 0.002 0.005 0.043 0.039 0.008 0.235 
 439 E H   0.688 0.001 0.002 0.005 0.044 0.037 0.008 0.215 
 440 A H   0.695 0.001 0.002 0.004 0.044 0.036 0.008 0.210 
 441 C H   0.691 0.001 0.002 0.004 0.043 0.035 0.008 0.216 
 442 L H   0.673 0.001 0.002 0.004 0.042 0.033 0.009 0.236 
 443 G H   0.643 0.001 0.002 0.004 0.040 0.033 0.010 0.268 
 444 G H   0.601 0.001 0.002 0.005 0.037 0.032 0.011 0.311 
 445 E H   0.545 0.001 0.002 0.007 0.034 0.031 0.013 0.366 
 446 L H   0.477 0.001 0.002 0.010 0.030 0.030 0.016 0.434 
 447 W _   0.402 0.002 0.002 0.012 0.026 0.028 0.019 0.509 
 448 T _   0.323 0.002 0.002 0.014 0.021 0.026 0.022 0.590 
 449 I _   0.248 0.002 0.002 0.015 0.016 0.023 0.025 0.670 
 450 L _   0.181 0.002 0.001 0.013 0.012 0.019 0.028 0.744 
 451 R _   0.125 0.001 0.001 0.010 0.008 0.016 0.030 0.808 
 452 D _   0.084 0.001 0.001 0.008 0.005 0.013 0.032 0.857 
 453 R _   0.056 0.000 0.000 0.005 0.003 0.010 0.033 0.891 
 454 G _   0.038 0.000 0.000 0.003 0.002 0.008 0.034 0.913 
 455 S _   0.029 0.000 0.000 0.002 0.002 0.007 0.034 0.925 
 456 F _   0.026 0.000 0.000 0.002 0.002 0.007 0.034 0.929 
 457 E _   0.030 0.000 0.000 0.002 0.002 0.008 0.033 0.926 
 458 D _   0.041 0.000 0.000 0.002 0.002 0.010 0.032 0.913 
 459 S _   0.063 0.000 0.000 0.002 0.003 0.014 0.031 0.887 
 460 T _   0.102 0.000 0.001 0.002 0.005 0.019 0.029 0.841 
 461 T _   0.161 0.000 0.001 0.003 0.009 0.027 0.027 0.772 
 462 R _   0.237 0.000 0.001 0.003 0.016 0.036 0.025 0.682 
 463 F _   0.319 0.000 0.002 0.004 0.026 0.044 0.022 0.582 
 464 Y _   0.396 0.001 0.002 0.005 0.038 0.051 0.020 0.487 
 465 T H   0.461 0.001 0.002 0.007 0.048 0.056 0.019 0.407 
 466 A H   0.509 0.002 0.002 0.008 0.056 0.058 0.018 0.347 
 467 C H   0.543 0.002 0.003 0.009 0.061 0.058 0.017 0.307 
 468 V H   0.563 0.003 0.003 0.010 0.062 0.056 0.017 0.286 
 469 V H   0.570 0.003 0.003 0.011 0.061 0.053 0.018 0.282 
 470 E H   0.564 0.003 0.003 0.010 0.058 0.050 0.019 0.294 
 471 A H   0.544 0.002 0.003 0.009 0.053 0.046 0.020 0.324 
 472 F H   0.509 0.002 0.002 0.008 0.045 0.042 0.022 0.370 
 473 A H   0.457 0.001 0.002 0.007 0.037 0.038 0.024 0.432 
 474 Y _   0.395 0.001 0.002 0.006 0.029 0.034 0.027 0.505 
 475 L _   0.327 0.001 0.002 0.006 0.022 0.031 0.030 0.581 
 476 H _   0.263 0.001 0.001 0.006 0.017 0.028 0.033 0.651 
 477 S _   0.206 0.001 0.001 0.007 0.013 0.025 0.037 0.711 
 478 K _   0.158 0.001 0.001 0.008 0.010 0.022 0.040 0.761 
 479 G _   0.118 0.001 0.001 0.009 0.008 0.020 0.042 0.801 
 480 I _   0.087 0.001 0.001 0.009 0.007 0.017 0.045 0.833 
 481 I _   0.063 0.001 0.001 0.010 0.006 0.015 0.046 0.857 
 482 Y _   0.045 0.001 0.001 0.009 0.005 0.013 0.048 0.877 
 483 R _   0.032 0.002 0.001 0.009 0.004 0.012 0.049 0.892 
 484 D _   0.023 0.002 0.000 0.008 0.004 0.010 0.051 0.903 
 485 L _   0.017 0.002 0.000 0.007 0.003 0.009 0.051 0.911 
 486 K _   0.012 0.002 0.000 0.006 0.003 0.008 0.052 0.917 
 487 P _   0.010 0.002 0.000 0.005 0.002 0.008 0.052 0.920 
 488 E _   0.009 0.003 0.000 0.005 0.002 0.008 0.052 0.921 
 489 N _   0.008 0.004 0.000 0.006 0.003 0.008 0.052 0.920 
 490 L _   0.008 0.005 0.000 0.006 0.003 0.008 0.052 0.918 
 491 I _   0.008 0.008 0.000 0.007 0.003 0.009 0.051 0.914 
 492 L _   0.008 0.010 0.000 0.008 0.003 0.010 0.051 0.910 
 493 D _   0.008 0.014 0.000 0.009 0.004 0.010 0.050 0.905 
 494 H _   0.008 0.019 0.001 0.010 0.004 0.012 0.049 0.898 
 495 R _   0.009 0.024 0.001 0.011 0.005 0.013 0.048 0.891 
 496 G _   0.009 0.031 0.001 0.012 0.006 0.014 0.046 0.881 
 497 Y _   0.010 0.039 0.001 0.014 0.006 0.016 0.045 0.870 
 498 A _   0.011 0.048 0.001 0.015 0.007 0.017 0.044 0.856 
 499 K _   0.012 0.059 0.001 0.018 0.008 0.018 0.043 0.841 
 500 L _   0.013 0.070 0.001 0.020 0.010 0.020 0.042 0.825 
 501 V _   0.014 0.081 0.001 0.023 0.010 0.021 0.041 0.810 
 502 D _   0.014 0.091 0.001 0.025 0.011 0.021 0.040 0.797 
 503 F _   0.015 0.099 0.001 0.027 0.012 0.022 0.039 0.786 
 504 G _   0.015 0.105 0.001 0.028 0.012 0.022 0.039 0.779 
 505 F _   0.015 0.108 0.001 0.028 0.012 0.022 0.038 0.775 
 506 A _   0.015 0.109 0.001 0.026 0.012 0.022 0.038 0.777 
 507 K _   0.015 0.108 0.001 0.024 0.011 0.021 0.038 0.781 
 508 K _   0.015 0.106 0.001 0.022 0.010 0.020 0.039 0.787 
 509 I _   0.015 0.103 0.001 0.020 0.009 0.020 0.039 0.794 
 510 G _   0.015 0.099 0.001 0.018 0.009 0.019 0.039 0.801 
 511 F _   0.015 0.095 0.001 0.016 0.008 0.018 0.040 0.807 
 512 G _   0.015 0.092 0.001 0.015 0.008 0.018 0.040 0.812 
 513 K _   0.015 0.089 0.001 0.015 0.008 0.017 0.040 0.816 
 514 K _   0.014 0.086 0.001 0.015 0.008 0.017 0.041 0.819 
 515 T _   0.013 0.083 0.001 0.014 0.007 0.016 0.042 0.823 
 516 W _   0.013 0.080 0.001 0.014 0.007 0.016 0.042 0.826 
 517 T _   0.012 0.078 0.001 0.014 0.007 0.016 0.043 0.830 
 518 F _   0.012 0.075 0.001 0.014 0.007 0.015 0.044 0.833 
 519 C _   0.012 0.072 0.001 0.013 0.006 0.015 0.044 0.836 
 520 G _   0.011 0.070 0.001 0.013 0.006 0.015 0.045 0.839 
 521 T _   0.011 0.069 0.001 0.013 0.006 0.015 0.045 0.840 
 522 P _   0.011 0.068 0.001 0.013 0.007 0.016 0.046 0.839 
 523 E _   0.011 0.068 0.001 0.015 0.007 0.016 0.047 0.835 
 524 Y _   0.011 0.069 0.001 0.018 0.008 0.017 0.047 0.830 
 525 V _   0.011 0.070 0.001 0.021 0.009 0.017 0.048 0.822 
 526 A _   0.012 0.071 0.001 0.025 0.010 0.018 0.049 0.815 
 527 P _   0.012 0.071 0.001 0.028 0.011 0.018 0.050 0.810 
 528 E _   0.011 0.069 0.001 0.031 0.011 0.018 0.051 0.808 
 529 I _   0.011 0.066 0.001 0.031 0.011 0.017 0.053 0.810 
 530 I _   0.011 0.060 0.001 0.029 0.010 0.017 0.055 0.819 
 531 L _   0.011 0.051 0.001 0.025 0.008 0.016 0.057 0.832 
 532 N _   0.010 0.039 0.001 0.019 0.007 0.015 0.059 0.850 
 533 K _   0.010 0.026 0.001 0.014 0.005 0.014 0.061 0.868 
 534 G _   0.011 0.014 0.001 0.009 0.004 0.014 0.063 0.883 
 535 H _   0.014 0.007 0.000 0.006 0.003 0.014 0.065 0.891 
 536 D _   0.018 0.003 0.000 0.004 0.003 0.016 0.066 0.891 
 537 I _   0.026 0.001 0.000 0.003 0.003 0.018 0.067 0.881 
 538 S _   0.042 0.001 0.000 0.002 0.004 0.023 0.067 0.859 
 539 A _   0.066 0.001 0.001 0.003 0.007 0.031 0.068 0.824 
 540 D _   0.099 0.002 0.001 0.004 0.014 0.042 0.068 0.771 
 541 Y _   0.140 0.006 0.002 0.006 0.025 0.054 0.068 0.699 
 542 W _   0.181 0.016 0.002 0.011 0.042 0.066 0.068 0.615 
 543 S _   0.214 0.036 0.003 0.017 0.059 0.075 0.068 0.526 
 544 L _   0.238 0.064 0.004 0.026 0.072 0.079 0.070 0.446 
 545 G _   0.251 0.091 0.004 0.036 0.080 0.080 0.072 0.386 
 546 I _   0.257 0.112 0.004 0.044 0.082 0.077 0.076 0.347 
 547 L _   0.255 0.124 0.004 0.051 0.081 0.072 0.081 0.332 
 548 M _   0.246 0.129 0.003 0.054 0.076 0.067 0.088 0.337 
 549 Y _   0.229 0.128 0.003 0.054 0.068 0.060 0.097 0.361 
 550 E _   0.204 0.120 0.003 0.050 0.057 0.052 0.109 0.405 
 551 L _   0.172 0.103 0.003 0.044 0.044 0.044 0.123 0.468 
 552 L _   0.136 0.080 0.003 0.034 0.030 0.035 0.138 0.544 
 553 T _   0.102 0.052 0.002 0.024 0.019 0.027 0.153 0.621 
 554 G _   0.072 0.029 0.001 0.015 0.011 0.020 0.167 0.686 
 555 S _   0.048 0.014 0.001 0.009 0.006 0.014 0.177 0.731 
 556 P _   0.031 0.007 0.000 0.005 0.003 0.010 0.184 0.760 
 557 P _   0.019 0.003 0.000 0.003 0.002 0.008 0.189 0.776 
 558 F _   0.012 0.002 0.000 0.002 0.001 0.006 0.193 0.784 
 559 S _   0.008 0.001 0.000 0.002 0.001 0.005 0.195 0.788 
 560 G _   0.006 0.001 0.000 0.002 0.001 0.006 0.196 0.788 
 561 P _   0.006 0.002 0.000 0.002 0.001 0.007 0.196 0.786 
 562 D _   0.007 0.003 0.000 0.003 0.002 0.009 0.196 0.780 
 563 P _   0.008 0.008 0.000 0.005 0.003 0.012 0.195 0.768 
 564 M _   0.011 0.019 0.001 0.009 0.006 0.017 0.193 0.745 
 565 K _   0.014 0.040 0.001 0.015 0.009 0.022 0.190 0.709 
 566 T _   0.016 0.072 0.001 0.023 0.014 0.027 0.186 0.661 
 567 Y _   0.017 0.112 0.002 0.032 0.018 0.031 0.182 0.607 
 568 N _   0.018 0.149 0.002 0.040 0.022 0.033 0.178 0.557 
 569 I _   0.019 0.179 0.002 0.047 0.025 0.035 0.176 0.518 
 570 I _   0.019 0.200 0.002 0.051 0.026 0.035 0.175 0.492 
 571 L _   0.019 0.212 0.002 0.054 0.026 0.035 0.175 0.477 
 572 R _   0.019 0.217 0.002 0.055 0.026 0.034 0.176 0.472 
 573 G _   0.019 0.217 0.002 0.053 0.024 0.032 0.178 0.475 
 574 I _   0.019 0.212 0.002 0.049 0.022 0.030 0.182 0.486 
 575 D _   0.019 0.201 0.002 0.043 0.019 0.027 0.186 0.504 
 576 M _   0.018 0.184 0.002 0.036 0.016 0.024 0.191 0.529 
 577 I _   0.017 0.162 0.001 0.028 0.013 0.022 0.198 0.559 
 578 E _   0.015 0.138 0.001 0.021 0.010 0.020 0.204 0.591 
 579 F _   0.014 0.116 0.001 0.015 0.008 0.017 0.210 0.620 
 580 P _   0.012 0.099 0.001 0.011 0.006 0.016 0.215 0.641 
 581 K _   0.011 0.089 0.001 0.008 0.005 0.014 0.219 0.654 
 582 K _   0.010 0.083 0.000 0.007 0.004 0.013 0.222 0.660 
 583 I _   0.009 0.081 0.000 0.007 0.004 0.013 0.225 0.660 
 584 A _   0.009 0.082 0.000 0.009 0.004 0.014 0.228 0.654 
 585 K _   0.009 0.085 0.001 0.012 0.005 0.014 0.230 0.644 
 586 N _   0.010 0.090 0.001 0.016 0.006 0.015 0.232 0.630 
 587 A _   0.010 0.096 0.001 0.022 0.008 0.015 0.235 0.614 
 588 A _   0.010 0.100 0.001 0.027 0.008 0.015 0.239 0.599 
 589 N _   0.010 0.103 0.001 0.031 0.009 0.015 0.243 0.588 
 590 L _   0.010 0.103 0.001 0.032 0.009 0.015 0.248 0.583 
 591 I _   0.010 0.099 0.001 0.032 0.008 0.014 0.255 0.582 
 592 K _   0.009 0.093 0.001 0.029 0.008 0.012 0.262 0.586 
 593 K _   0.008 0.083 0.001 0.024 0.006 0.011 0.271 0.595 
 594 L _   0.008 0.071 0.001 0.019 0.005 0.010 0.281 0.606 
 595 C _   0.007 0.057 0.001 0.014 0.004 0.008 0.290 0.618 
 596 R _   0.006 0.046 0.000 0.010 0.003 0.007 0.299 0.628 
 597 D _   0.005 0.038 0.000 0.008 0.002 0.006 0.307 0.634 
 598 N _   0.005 0.032 0.000 0.006 0.002 0.005 0.312 0.637 
 599 P _   0.004 0.030 0.000 0.005 0.002 0.005 0.317 0.637 
 600 S _   0.004 0.028 0.000 0.005 0.001 0.005 0.321 0.635 
 601 E _   0.004 0.028 0.000 0.005 0.002 0.005 0.324 0.632 
 602 R _   0.004 0.029 0.000 0.006 0.002 0.005 0.326 0.628 
 603 L _   0.004 0.031 0.000 0.007 0.002 0.005 0.327 0.623 
 604 G _   0.004 0.034 0.000 0.008 0.002 0.006 0.329 0.618 
 605 N _   0.004 0.037 0.000 0.009 0.002 0.006 0.330 0.612 
 606 L _   0.003 0.041 0.000 0.010 0.002 0.006 0.330 0.606 
 607 K _   0.003 0.045 0.000 0.011 0.003 0.006 0.331 0.601 
 608 N _   0.003 0.048 0.000 0.010 0.003 0.006 0.332 0.596 
 609 G _   0.003 0.052 0.000 0.010 0.003 0.006 0.333 0.592 
 610 V _   0.003 0.056 0.000 0.010 0.003 0.006 0.334 0.587 
 611 K _   0.003 0.060 0.000 0.010 0.003 0.007 0.335 0.582 
 612 D _   0.004 0.065 0.000 0.010 0.003 0.007 0.336 0.575 
 613 I _   0.004 0.071 0.000 0.010 0.003 0.008 0.337 0.567 
 614 Q _   0.004 0.079 0.000 0.011 0.003 0.008 0.338 0.556 
 615 K _   0.004 0.087 0.000 0.012 0.004 0.009 0.339 0.544 
 616 H _   0.005 0.097 0.001 0.014 0.004 0.009 0.341 0.529 
 617 K _   0.005 0.108 0.001 0.016 0.005 0.010 0.342 0.514 
 618 W _   0.005 0.119 0.001 0.017 0.005 0.010 0.344 0.498 
 619 F _   0.005 0.129 0.001 0.019 0.006 0.011 0.346 0.484 
 620 E _   0.005 0.137 0.001 0.020 0.006 0.011 0.350 0.471 
 621 G _   0.005 0.144 0.001 0.021 0.006 0.011 0.353 0.460 
 622 F _   0.005 0.148 0.001 0.021 0.006 0.011 0.358 0.451 
 623 N _   0.005 0.151 0.001 0.020 0.006 0.011 0.363 0.443 
 624 W _   0.005 0.153 0.001 0.019 0.006 0.011 0.369 0.437 
 625 E _   0.005 0.153 0.001 0.018 0.006 0.011 0.375 0.431 
 626 G _   0.005 0.152 0.001 0.017 0.006 0.011 0.383 0.425 
 627 L _   0.005 0.151 0.001 0.016 0.005 0.011 0.391 0.419 
 628 R _   0.006 0.150 0.001 0.015 0.005 0.011 0.400 0.413 
 629 K X   0.006 0.148 0.001 0.014 0.005 0.011 0.409 0.406 
 630 G X   0.006 0.147 0.001 0.013 0.005 0.012 0.418 0.398 
 631 T X   0.006 0.147 0.001 0.014 0.005 0.012 0.428 0.387 
 632 L X   0.006 0.147 0.001 0.015 0.006 0.013 0.438 0.375 
 633 T X   0.006 0.148 0.001 0.017 0.006 0.014 0.448 0.360 
 634 P X   0.007 0.149 0.001 0.019 0.007 0.014 0.459 0.344 
 635 P X   0.007 0.150 0.001 0.023 0.008 0.015 0.471 0.325 
 636 I X   0.007 0.151 0.001 0.027 0.009 0.015 0.485 0.304 
 637 I X   0.007 0.151 0.001 0.032 0.010 0.016 0.500 0.284 
 638 P X   0.007 0.149 0.001 0.035 0.010 0.016 0.518 0.264 
 639 S X   0.007 0.145 0.001 0.037 0.011 0.015 0.538 0.246 
 640 V X   0.007 0.138 0.001 0.038 0.010 0.015 0.562 0.230 
 641 A X   0.006 0.127 0.001 0.036 0.010 0.014 0.589 0.216 
 642 S X   0.006 0.113 0.001 0.033 0.009 0.013 0.620 0.204 
 643 P X   0.006 0.096 0.001 0.029 0.008 0.012 0.655 0.193 
 644 T X   0.005 0.077 0.001 0.025 0.007 0.011 0.692 0.182 
 645 D X   0.005 0.059 0.001 0.021 0.006 0.009 0.730 0.169 
 646 T X   0.004 0.044 0.001 0.017 0.005 0.008 0.767 0.155 
 647 S X   0.004 0.031 0.001 0.013 0.004 0.007 0.801 0.139 
 648 N X   0.003 0.022 0.000 0.011 0.003 0.006 0.832 0.123 
 649 F X   0.003 0.015 0.000 0.009 0.002 0.005 0.858 0.108 
 650 D X   0.002 0.010 0.000 0.007 0.002 0.004 0.881 0.093 
 651 S X   0.002 0.007 0.000 0.005 0.001 0.003 0.900 0.081 
 652 F X   0.002 0.004 0.000 0.004 0.001 0.003 0.916 0.069 
 653 P X   0.001 0.003 0.000 0.003 0.001 0.002 0.930 0.060 
 654 E X   0.001 0.002 0.000 0.002 0.001 0.002 0.940 0.052 
 655 D X   0.001 0.001 0.000 0.002 0.000 0.001 0.949 0.046 
 656 N X   0.001 0.001 0.000 0.001 0.000 0.001 0.955 0.041 
 657 D X   0.000 0.000 0.000 0.001 0.000 0.001 0.960 0.037 
 658 E X   0.000 0.000 0.000 0.001 0.000 0.001 0.964 0.034 
 659 P X   0.000 0.000 0.000 0.001 0.000 0.000 0.966 0.032 
 660 P X   0.000 0.000 0.000 0.000 0.000 0.000 0.968 0.030 
 661 P X   0.000 0.000 0.000 0.000 0.000 0.000 0.969 0.029 
 662 D X   0.000 0.000 0.000 0.001 0.000 0.000 0.970 0.028 
 663 D X   0.000 0.001 0.000 0.001 0.000 0.001 0.970 0.028 
