#TopoPred_TM8: 8-state transmembrane topology prediction results by no_profile mode 
#probabilities are in the order of H E C I L F X _, the 8 transmembrane topology types used in PDBTM 
   1 M _   0.037 0.000 0.002 0.007 0.013 0.014 0.245 0.681 
   2 W _   0.026 0.000 0.000 0.001 0.003 0.008 0.248 0.715 
   3 S _   0.031 0.000 0.000 0.001 0.002 0.006 0.245 0.715 
   4 W _   0.087 0.000 0.001 0.001 0.004 0.007 0.233 0.669 
   5 K _   0.222 0.000 0.001 0.001 0.006 0.009 0.203 0.558 
   6 C H   0.416 0.000 0.002 0.001 0.011 0.011 0.157 0.403 
   7 L H   0.605 0.000 0.002 0.001 0.013 0.011 0.113 0.255 
   8 L H   0.740 0.000 0.002 0.001 0.015 0.010 0.081 0.153 
   9 F H   0.817 0.000 0.001 0.001 0.015 0.008 0.061 0.097 
  10 W H   0.857 0.000 0.001 0.000 0.015 0.007 0.051 0.069 
  11 A H   0.878 0.000 0.001 0.000 0.015 0.006 0.045 0.055 
  12 V H   0.886 0.000 0.001 0.000 0.015 0.005 0.041 0.051 
  13 L H   0.885 0.000 0.001 0.000 0.015 0.005 0.038 0.055 
  14 V H   0.875 0.000 0.001 0.000 0.015 0.005 0.037 0.067 
  15 T H   0.852 0.000 0.001 0.001 0.015 0.005 0.037 0.090 
  16 A H   0.809 0.000 0.001 0.001 0.015 0.006 0.038 0.130 
  17 T H   0.743 0.000 0.001 0.001 0.014 0.007 0.040 0.194 
  18 L H   0.652 0.000 0.001 0.001 0.013 0.007 0.045 0.280 
  19 C H   0.541 0.000 0.001 0.002 0.011 0.008 0.052 0.386 
  20 T _   0.420 0.000 0.001 0.002 0.008 0.008 0.061 0.500 
  21 A _   0.304 0.000 0.001 0.002 0.006 0.007 0.071 0.609 
  22 R _   0.204 0.000 0.001 0.002 0.004 0.007 0.079 0.702 
  23 P _   0.131 0.000 0.000 0.002 0.003 0.006 0.087 0.771 
  24 S _   0.080 0.000 0.000 0.003 0.002 0.006 0.092 0.817 
  25 P _   0.047 0.000 0.000 0.003 0.002 0.005 0.096 0.847 
  26 T _   0.028 0.000 0.000 0.003 0.002 0.005 0.099 0.863 
  27 L _   0.017 0.001 0.000 0.003 0.001 0.005 0.101 0.872 
  28 P _   0.011 0.001 0.000 0.003 0.001 0.005 0.102 0.876 
  29 E _   0.008 0.003 0.000 0.004 0.001 0.006 0.102 0.876 
  30 Q _   0.006 0.005 0.000 0.005 0.002 0.006 0.101 0.874 
  31 A _   0.006 0.009 0.000 0.006 0.002 0.007 0.100 0.870 
  32 Q _   0.006 0.016 0.000 0.007 0.003 0.009 0.098 0.861 
  33 P _   0.006 0.027 0.000 0.010 0.003 0.011 0.095 0.848 
  34 W _   0.007 0.044 0.001 0.012 0.005 0.013 0.091 0.827 
  35 G _   0.008 0.069 0.001 0.016 0.007 0.016 0.087 0.795 
  36 A _   0.009 0.102 0.001 0.021 0.009 0.020 0.083 0.755 
  37 P _   0.010 0.143 0.001 0.026 0.012 0.023 0.078 0.707 
  38 V _   0.012 0.187 0.001 0.031 0.014 0.025 0.074 0.655 
  39 E _   0.013 0.225 0.001 0.036 0.017 0.028 0.071 0.610 
  40 V _   0.014 0.256 0.001 0.039 0.018 0.029 0.068 0.574 
  41 E _   0.015 0.277 0.001 0.042 0.019 0.030 0.066 0.550 
  42 S _   0.016 0.290 0.001 0.042 0.020 0.031 0.064 0.536 
  43 F _   0.017 0.296 0.001 0.041 0.020 0.030 0.064 0.531 
  44 L _   0.018 0.297 0.001 0.039 0.019 0.030 0.063 0.533 
  45 V _   0.018 0.293 0.001 0.036 0.018 0.029 0.063 0.540 
  46 H _   0.018 0.286 0.001 0.033 0.017 0.028 0.064 0.552 
  47 P _   0.019 0.275 0.001 0.030 0.016 0.027 0.065 0.567 
  48 G _   0.019 0.262 0.001 0.027 0.015 0.026 0.066 0.584 
  49 D _   0.019 0.246 0.001 0.025 0.014 0.025 0.067 0.603 
  50 L _   0.019 0.228 0.001 0.023 0.013 0.023 0.069 0.623 
  51 L _   0.019 0.209 0.001 0.022 0.011 0.022 0.071 0.645 
  52 Q _   0.018 0.188 0.001 0.020 0.010 0.021 0.073 0.669 
  53 L _   0.017 0.167 0.001 0.019 0.009 0.019 0.075 0.693 
  54 R _   0.015 0.146 0.001 0.017 0.008 0.018 0.077 0.719 
  55 C _   0.014 0.126 0.001 0.014 0.007 0.016 0.079 0.743 
  56 R _   0.013 0.109 0.001 0.012 0.006 0.015 0.080 0.764 
  57 L _   0.012 0.096 0.001 0.010 0.005 0.014 0.082 0.781 
  58 R _   0.011 0.087 0.001 0.009 0.004 0.013 0.083 0.792 
  59 D _   0.010 0.081 0.001 0.008 0.004 0.013 0.084 0.800 
  60 D _   0.010 0.078 0.000 0.008 0.004 0.013 0.084 0.803 
  61 V _   0.010 0.077 0.001 0.008 0.004 0.014 0.085 0.802 
  62 Q _   0.011 0.077 0.001 0.010 0.005 0.014 0.085 0.797 
  63 S _   0.011 0.080 0.001 0.012 0.006 0.015 0.085 0.790 
  64 I _   0.012 0.083 0.001 0.015 0.007 0.016 0.086 0.780 
  65 N _   0.013 0.088 0.001 0.018 0.008 0.017 0.086 0.769 
  66 W _   0.013 0.092 0.001 0.021 0.009 0.018 0.087 0.759 
  67 L _   0.013 0.094 0.001 0.024 0.010 0.018 0.087 0.752 
  68 R _   0.014 0.096 0.001 0.026 0.010 0.018 0.088 0.747 
  69 D _   0.013 0.095 0.001 0.027 0.010 0.018 0.090 0.746 
  70 G _   0.013 0.093 0.001 0.026 0.010 0.017 0.091 0.749 
  71 V _   0.013 0.088 0.001 0.024 0.009 0.016 0.094 0.756 
  72 Q _   0.012 0.082 0.001 0.020 0.008 0.015 0.096 0.767 
  73 L _   0.012 0.074 0.001 0.017 0.006 0.013 0.098 0.779 
  74 A _   0.011 0.066 0.001 0.013 0.005 0.012 0.101 0.791 
  75 E _   0.010 0.059 0.001 0.011 0.004 0.011 0.103 0.801 
  76 S _   0.009 0.054 0.000 0.009 0.004 0.011 0.105 0.809 
  77 N _   0.009 0.051 0.000 0.008 0.004 0.010 0.107 0.812 
  78 R _   0.009 0.049 0.000 0.008 0.004 0.010 0.108 0.812 
  79 T _   0.009 0.050 0.000 0.009 0.004 0.011 0.109 0.808 
  80 R _   0.009 0.051 0.001 0.011 0.004 0.011 0.111 0.802 
  81 I _   0.009 0.054 0.001 0.014 0.005 0.012 0.112 0.793 
  82 T _   0.009 0.057 0.001 0.017 0.006 0.012 0.113 0.785 
  83 G _   0.009 0.059 0.001 0.020 0.006 0.012 0.115 0.778 
  84 E _   0.009 0.060 0.001 0.021 0.006 0.012 0.117 0.774 
  85 E _   0.009 0.060 0.001 0.021 0.006 0.011 0.119 0.774 
  86 V _   0.008 0.059 0.001 0.018 0.005 0.010 0.121 0.778 
  87 E _   0.007 0.056 0.001 0.015 0.004 0.009 0.124 0.784 
  88 V _   0.006 0.052 0.000 0.011 0.003 0.008 0.126 0.792 
  89 Q _   0.006 0.049 0.000 0.008 0.003 0.007 0.128 0.798 
  90 D _   0.005 0.048 0.000 0.006 0.002 0.007 0.129 0.802 
  91 S _   0.005 0.048 0.000 0.005 0.002 0.008 0.130 0.802 
  92 V _   0.005 0.050 0.000 0.006 0.002 0.009 0.131 0.797 
  93 P _   0.006 0.058 0.000 0.008 0.003 0.011 0.130 0.783 
  94 A _   0.008 0.076 0.001 0.013 0.006 0.013 0.129 0.755 
  95 D _   0.009 0.111 0.001 0.021 0.009 0.016 0.128 0.705 
  96 S _   0.009 0.163 0.001 0.033 0.012 0.018 0.125 0.638 
  97 G _   0.009 0.218 0.002 0.046 0.014 0.019 0.123 0.569 
  98 L _   0.009 0.258 0.001 0.056 0.015 0.019 0.122 0.520 
  99 Y _   0.008 0.281 0.001 0.062 0.015 0.019 0.123 0.492 
 100 A _   0.008 0.291 0.001 0.063 0.014 0.018 0.125 0.481 
 101 C _   0.007 0.293 0.001 0.060 0.013 0.016 0.127 0.483 
 102 V _   0.007 0.287 0.001 0.052 0.011 0.015 0.132 0.495 
 103 T _   0.006 0.273 0.001 0.042 0.010 0.013 0.137 0.518 
 104 S _   0.006 0.252 0.001 0.031 0.008 0.012 0.144 0.547 
 105 S _   0.006 0.226 0.001 0.021 0.006 0.011 0.151 0.579 
 106 P _   0.006 0.204 0.001 0.014 0.004 0.010 0.158 0.604 
 107 S _   0.005 0.189 0.000 0.010 0.003 0.009 0.163 0.619 
 108 G _   0.005 0.181 0.000 0.009 0.003 0.009 0.168 0.625 
 109 S _   0.005 0.178 0.000 0.009 0.003 0.010 0.172 0.623 
 110 D _   0.005 0.180 0.000 0.011 0.003 0.010 0.175 0.614 
 111 T _   0.006 0.185 0.001 0.015 0.004 0.011 0.178 0.600 
 112 T _   0.006 0.193 0.001 0.022 0.005 0.012 0.181 0.580 
 113 Y _   0.006 0.202 0.001 0.029 0.007 0.013 0.184 0.560 
 114 F _   0.005 0.209 0.001 0.036 0.007 0.013 0.187 0.541 
 115 S _   0.005 0.212 0.001 0.042 0.008 0.013 0.192 0.527 
 116 V _   0.005 0.213 0.001 0.045 0.008 0.013 0.197 0.517 
 117 N _   0.005 0.209 0.001 0.046 0.008 0.013 0.204 0.513 
 118 V _   0.005 0.202 0.001 0.045 0.008 0.012 0.213 0.514 
 119 S _   0.005 0.189 0.001 0.042 0.008 0.012 0.224 0.520 
 120 D _   0.005 0.169 0.001 0.038 0.007 0.011 0.238 0.531 
 121 A _   0.006 0.144 0.001 0.032 0.006 0.010 0.254 0.546 
 122 L _   0.006 0.116 0.001 0.026 0.005 0.009 0.272 0.564 
 123 P _   0.005 0.089 0.001 0.021 0.004 0.009 0.289 0.582 
 124 S _   0.005 0.066 0.001 0.016 0.003 0.008 0.305 0.597 
 125 S _   0.005 0.048 0.000 0.012 0.002 0.007 0.318 0.608 
 126 E _   0.004 0.035 0.000 0.009 0.002 0.006 0.328 0.616 
 127 D _   0.004 0.027 0.000 0.007 0.001 0.005 0.335 0.620 
 128 D _   0.004 0.022 0.000 0.006 0.001 0.005 0.341 0.622 
 129 D _   0.003 0.019 0.000 0.005 0.001 0.005 0.345 0.622 
 130 D _   0.003 0.018 0.000 0.005 0.001 0.005 0.347 0.621 
 131 D _   0.003 0.017 0.000 0.006 0.001 0.005 0.348 0.619 
 132 D _   0.003 0.017 0.000 0.007 0.001 0.005 0.349 0.617 
 133 D _   0.003 0.017 0.000 0.008 0.001 0.006 0.349 0.615 
 134 S _   0.004 0.018 0.000 0.010 0.002 0.006 0.348 0.613 
 135 S _   0.004 0.018 0.000 0.011 0.002 0.007 0.346 0.612 
 136 S _   0.004 0.019 0.000 0.012 0.002 0.007 0.344 0.611 
 137 E _   0.003 0.020 0.000 0.012 0.002 0.007 0.342 0.613 
 138 E _   0.003 0.020 0.000 0.011 0.002 0.007 0.340 0.617 
 139 K _   0.003 0.020 0.000 0.010 0.002 0.006 0.337 0.621 
 140 E _   0.003 0.020 0.000 0.009 0.002 0.006 0.334 0.627 
 141 T _   0.003 0.020 0.000 0.007 0.002 0.005 0.331 0.632 
 142 D _   0.003 0.020 0.000 0.007 0.001 0.005 0.327 0.637 
 143 N _   0.003 0.021 0.000 0.006 0.001 0.005 0.322 0.641 
 144 T _   0.003 0.023 0.000 0.007 0.002 0.006 0.317 0.642 
 145 K _   0.003 0.027 0.000 0.008 0.002 0.007 0.312 0.642 
 146 P _   0.003 0.033 0.000 0.010 0.003 0.008 0.306 0.637 
 147 N _   0.004 0.041 0.000 0.014 0.003 0.009 0.299 0.630 
 148 R _   0.004 0.051 0.001 0.018 0.004 0.010 0.291 0.621 
 149 M _   0.005 0.061 0.001 0.022 0.005 0.010 0.285 0.611 
 150 P _   0.005 0.070 0.001 0.026 0.006 0.011 0.279 0.603 
 151 V _   0.005 0.077 0.001 0.028 0.006 0.011 0.274 0.599 
 152 A _   0.005 0.080 0.001 0.028 0.006 0.011 0.270 0.601 
 153 P _   0.005 0.081 0.001 0.026 0.005 0.010 0.267 0.606 
 154 Y _   0.005 0.081 0.001 0.022 0.005 0.009 0.264 0.614 
 155 W _   0.004 0.079 0.000 0.018 0.004 0.008 0.262 0.623 
 156 T _   0.004 0.076 0.000 0.014 0.003 0.008 0.260 0.634 
 157 S _   0.004 0.073 0.000 0.011 0.003 0.007 0.258 0.644 
 158 P _   0.004 0.072 0.000 0.008 0.002 0.007 0.256 0.651 
 159 E _   0.004 0.071 0.000 0.007 0.002 0.007 0.253 0.656 
 160 K _   0.004 0.072 0.000 0.007 0.002 0.007 0.249 0.659 
 161 M _   0.004 0.076 0.000 0.007 0.002 0.007 0.245 0.658 
 162 E _   0.004 0.082 0.000 0.009 0.003 0.008 0.240 0.653 
 163 K _   0.005 0.094 0.000 0.012 0.004 0.010 0.233 0.643 
 164 K _   0.005 0.111 0.001 0.016 0.005 0.011 0.225 0.627 
 165 L _   0.005 0.133 0.001 0.021 0.006 0.012 0.217 0.604 
 166 H _   0.006 0.158 0.001 0.027 0.008 0.014 0.208 0.578 
 167 A _   0.006 0.182 0.001 0.033 0.009 0.014 0.200 0.554 
 168 V _   0.006 0.202 0.001 0.038 0.010 0.015 0.194 0.534 
 169 P _   0.006 0.215 0.001 0.043 0.010 0.015 0.189 0.521 
 170 A _   0.007 0.223 0.001 0.045 0.011 0.015 0.186 0.512 
 171 A _   0.007 0.226 0.001 0.047 0.011 0.015 0.183 0.510 
 172 K _   0.007 0.224 0.001 0.046 0.010 0.015 0.182 0.514 
 173 T _   0.008 0.217 0.001 0.043 0.010 0.014 0.182 0.525 
 174 V _   0.008 0.204 0.001 0.039 0.009 0.013 0.183 0.542 
 175 K _   0.008 0.183 0.001 0.034 0.008 0.012 0.185 0.567 
 176 F _   0.009 0.155 0.001 0.027 0.007 0.012 0.188 0.601 
 177 K _   0.009 0.122 0.001 0.021 0.006 0.011 0.191 0.640 
 178 C _   0.009 0.090 0.001 0.015 0.005 0.009 0.195 0.677 
 179 P _   0.008 0.064 0.001 0.010 0.004 0.008 0.197 0.708 
 180 S _   0.007 0.047 0.000 0.007 0.003 0.008 0.199 0.729 
 181 S _   0.006 0.037 0.000 0.005 0.002 0.007 0.200 0.742 
 182 G _   0.006 0.032 0.000 0.005 0.002 0.007 0.200 0.748 
 183 T _   0.006 0.031 0.000 0.005 0.002 0.007 0.199 0.750 
 184 P _   0.006 0.031 0.000 0.007 0.002 0.008 0.198 0.748 
 185 N _   0.006 0.032 0.000 0.010 0.003 0.009 0.196 0.743 
 186 P _   0.007 0.035 0.000 0.015 0.004 0.010 0.194 0.735 
 187 T _   0.007 0.038 0.001 0.019 0.005 0.011 0.192 0.727 
 188 L _   0.007 0.040 0.001 0.024 0.006 0.012 0.190 0.721 
 189 R _   0.007 0.041 0.001 0.026 0.006 0.012 0.188 0.719 
 190 W _   0.007 0.041 0.001 0.026 0.006 0.011 0.187 0.721 
 191 L _   0.006 0.039 0.001 0.025 0.005 0.010 0.187 0.728 
 192 K _   0.006 0.035 0.001 0.021 0.005 0.009 0.186 0.737 
 193 N _   0.005 0.030 0.000 0.017 0.004 0.008 0.186 0.750 
 194 G _   0.005 0.024 0.000 0.012 0.003 0.007 0.186 0.762 
 195 K _   0.005 0.019 0.000 0.009 0.002 0.007 0.185 0.772 
 196 E _   0.004 0.016 0.000 0.006 0.002 0.006 0.185 0.781 
 197 F _   0.004 0.013 0.000 0.005 0.002 0.006 0.183 0.787 
 198 K _   0.004 0.012 0.000 0.004 0.002 0.006 0.181 0.790 
 199 P _   0.004 0.013 0.000 0.004 0.002 0.007 0.179 0.791 
 200 D _   0.005 0.014 0.000 0.005 0.002 0.009 0.175 0.790 
 201 H _   0.006 0.017 0.000 0.006 0.003 0.012 0.171 0.785 
 202 R _   0.008 0.023 0.000 0.008 0.004 0.016 0.165 0.775 
 203 I _   0.010 0.035 0.001 0.011 0.006 0.021 0.158 0.757 
 204 G _   0.014 0.053 0.001 0.015 0.009 0.028 0.150 0.731 
 205 G _   0.018 0.077 0.001 0.020 0.014 0.035 0.140 0.695 
 206 Y _   0.022 0.109 0.002 0.024 0.020 0.042 0.130 0.651 
 207 K _   0.027 0.147 0.002 0.029 0.028 0.049 0.119 0.600 
 208 V _   0.032 0.189 0.002 0.033 0.036 0.055 0.108 0.545 
 209 R _   0.037 0.230 0.003 0.038 0.044 0.059 0.099 0.492 
 210 Y _   0.041 0.267 0.003 0.042 0.050 0.061 0.091 0.446 
 211 A _   0.044 0.299 0.003 0.048 0.053 0.061 0.085 0.409 
 212 T _   0.046 0.322 0.003 0.053 0.054 0.059 0.080 0.383 
 213 W _   0.047 0.338 0.002 0.058 0.052 0.056 0.077 0.370 
 214 S _   0.047 0.344 0.002 0.062 0.049 0.052 0.075 0.369 
 215 I _   0.046 0.344 0.002 0.063 0.044 0.047 0.073 0.380 
 216 I _   0.044 0.334 0.002 0.061 0.039 0.042 0.073 0.405 
 217 M _   0.041 0.313 0.002 0.056 0.033 0.037 0.073 0.444 
 218 D _   0.037 0.276 0.002 0.048 0.027 0.032 0.075 0.503 
 219 S _   0.034 0.220 0.002 0.037 0.021 0.028 0.076 0.582 
 220 V _   0.029 0.154 0.002 0.027 0.015 0.023 0.078 0.673 
 221 V _   0.024 0.096 0.001 0.017 0.010 0.019 0.079 0.754 
 222 P _   0.018 0.059 0.001 0.010 0.006 0.015 0.080 0.811 
 223 S _   0.014 0.041 0.000 0.006 0.004 0.013 0.080 0.843 
 224 D _   0.010 0.034 0.000 0.004 0.003 0.011 0.079 0.858 
 225 K _   0.009 0.032 0.000 0.004 0.002 0.011 0.078 0.864 
 226 G _   0.008 0.033 0.000 0.005 0.003 0.011 0.076 0.863 
 227 N _   0.008 0.038 0.000 0.008 0.004 0.012 0.074 0.855 
 228 Y _   0.009 0.047 0.001 0.013 0.005 0.014 0.072 0.840 
 229 T _   0.009 0.061 0.001 0.019 0.007 0.015 0.069 0.820 
 230 C _   0.009 0.076 0.001 0.025 0.008 0.015 0.066 0.800 
 231 I _   0.009 0.089 0.001 0.030 0.009 0.016 0.063 0.784 
 232 V _   0.008 0.098 0.001 0.032 0.009 0.015 0.061 0.775 
 233 E _   0.008 0.103 0.001 0.032 0.009 0.015 0.059 0.774 
 234 N _   0.008 0.106 0.001 0.029 0.008 0.014 0.058 0.777 
 235 E _   0.007 0.105 0.001 0.025 0.007 0.013 0.057 0.785 
 236 Y _   0.007 0.103 0.001 0.021 0.006 0.012 0.056 0.794 
 237 G _   0.007 0.101 0.001 0.017 0.005 0.012 0.056 0.802 
 238 S _   0.007 0.098 0.001 0.014 0.005 0.011 0.055 0.809 
 239 I _   0.007 0.097 0.001 0.013 0.005 0.011 0.055 0.812 
 240 N _   0.007 0.097 0.001 0.013 0.005 0.012 0.054 0.812 
 241 H _   0.008 0.098 0.001 0.014 0.005 0.012 0.053 0.810 
 242 T _   0.008 0.100 0.001 0.015 0.005 0.012 0.053 0.805 
 243 Y _   0.008 0.103 0.001 0.017 0.006 0.012 0.052 0.800 
 244 Q _   0.008 0.104 0.001 0.019 0.006 0.012 0.052 0.797 
 245 L _   0.008 0.105 0.001 0.020 0.006 0.012 0.052 0.795 
 246 D _   0.008 0.105 0.001 0.019 0.006 0.012 0.052 0.798 
 247 V _   0.008 0.103 0.001 0.018 0.006 0.011 0.052 0.802 
 248 V _   0.008 0.100 0.001 0.016 0.005 0.011 0.052 0.809 
 249 E _   0.007 0.097 0.001 0.014 0.005 0.010 0.052 0.816 
 250 R _   0.007 0.093 0.001 0.012 0.004 0.010 0.052 0.822 
 251 S _   0.007 0.090 0.000 0.010 0.004 0.010 0.052 0.826 
 252 P _   0.007 0.089 0.000 0.010 0.004 0.010 0.052 0.828 
 253 H _   0.007 0.089 0.000 0.010 0.004 0.010 0.052 0.828 
 254 R _   0.007 0.090 0.000 0.011 0.004 0.010 0.052 0.824 
 255 P _   0.008 0.092 0.001 0.013 0.005 0.011 0.052 0.819 
 256 I _   0.008 0.096 0.001 0.014 0.005 0.011 0.052 0.814 
 257 L _   0.008 0.099 0.001 0.015 0.005 0.011 0.051 0.810 
 258 Q _   0.008 0.101 0.001 0.016 0.005 0.011 0.051 0.807 
 259 A _   0.007 0.102 0.001 0.016 0.005 0.011 0.051 0.807 
 260 G _   0.007 0.102 0.001 0.015 0.005 0.011 0.051 0.808 
 261 L _   0.007 0.102 0.001 0.013 0.005 0.011 0.051 0.810 
 262 P _   0.007 0.102 0.001 0.011 0.004 0.012 0.051 0.812 
 263 A _   0.007 0.102 0.000 0.010 0.004 0.012 0.051 0.813 
 264 N _   0.008 0.104 0.000 0.009 0.004 0.013 0.051 0.810 
 265 K _   0.009 0.107 0.001 0.010 0.005 0.015 0.051 0.803 
 266 T _   0.011 0.113 0.001 0.011 0.006 0.017 0.050 0.791 
 267 V _   0.012 0.124 0.001 0.014 0.008 0.019 0.050 0.773 
 268 A _   0.014 0.140 0.001 0.019 0.010 0.022 0.049 0.746 
 269 L _   0.016 0.160 0.001 0.025 0.013 0.024 0.048 0.713 
 270 G _   0.017 0.181 0.001 0.033 0.015 0.026 0.048 0.679 
 271 S _   0.018 0.199 0.001 0.042 0.018 0.027 0.047 0.649 
 272 N _   0.019 0.210 0.001 0.049 0.019 0.027 0.047 0.628 
 273 V _   0.019 0.215 0.001 0.054 0.019 0.026 0.048 0.617 
 274 E _   0.019 0.214 0.001 0.055 0.018 0.025 0.050 0.619 
 275 F _   0.018 0.206 0.001 0.052 0.017 0.023 0.051 0.631 
 276 M _   0.017 0.189 0.001 0.046 0.014 0.021 0.054 0.657 
 277 C _   0.016 0.161 0.001 0.036 0.012 0.018 0.057 0.699 
 278 K _   0.015 0.122 0.001 0.026 0.009 0.015 0.061 0.750 
 279 V _   0.014 0.082 0.001 0.017 0.007 0.013 0.064 0.802 
 280 Y _   0.012 0.050 0.001 0.011 0.005 0.011 0.067 0.844 
 281 S _   0.010 0.032 0.000 0.006 0.003 0.010 0.069 0.870 
 282 D _   0.009 0.023 0.000 0.004 0.002 0.009 0.070 0.883 
 283 P _   0.008 0.020 0.000 0.004 0.002 0.009 0.071 0.887 
 284 Q _   0.008 0.019 0.000 0.004 0.002 0.010 0.071 0.885 
 285 P _   0.009 0.021 0.000 0.006 0.003 0.011 0.071 0.879 
 286 H _   0.009 0.026 0.000 0.010 0.004 0.013 0.070 0.867 
 287 I _   0.010 0.035 0.001 0.016 0.006 0.015 0.070 0.848 
 288 Q _   0.011 0.045 0.001 0.023 0.008 0.016 0.069 0.827 
 289 W _   0.011 0.055 0.001 0.031 0.009 0.017 0.068 0.807 
 290 L _   0.011 0.063 0.001 0.037 0.010 0.017 0.067 0.793 
 291 K _   0.010 0.067 0.001 0.041 0.011 0.017 0.067 0.787 
 292 H _   0.010 0.068 0.001 0.041 0.010 0.016 0.067 0.787 
 293 I _   0.009 0.066 0.001 0.038 0.009 0.015 0.068 0.794 
 294 E _   0.009 0.061 0.001 0.033 0.008 0.013 0.069 0.805 
 295 V _   0.008 0.054 0.001 0.027 0.006 0.012 0.071 0.821 
 296 N _   0.008 0.045 0.001 0.021 0.005 0.010 0.072 0.838 
 297 G _   0.007 0.036 0.001 0.015 0.004 0.009 0.074 0.855 
 298 S _   0.007 0.027 0.000 0.010 0.003 0.007 0.075 0.871 
 299 K _   0.006 0.020 0.000 0.007 0.002 0.007 0.076 0.882 
 300 I _   0.005 0.016 0.000 0.005 0.002 0.006 0.076 0.890 
 301 G _   0.005 0.014 0.000 0.004 0.002 0.006 0.075 0.893 
 302 P _   0.005 0.014 0.000 0.004 0.002 0.007 0.075 0.894 
 303 D _   0.006 0.015 0.000 0.004 0.002 0.008 0.073 0.891 
 304 N _   0.007 0.019 0.000 0.006 0.003 0.010 0.071 0.883 
 305 L _   0.008 0.029 0.001 0.010 0.004 0.013 0.069 0.866 
 306 P _   0.010 0.046 0.001 0.017 0.007 0.016 0.065 0.839 
 307 Y _   0.011 0.071 0.001 0.026 0.010 0.019 0.061 0.801 
 308 V _   0.011 0.098 0.001 0.037 0.013 0.021 0.057 0.761 
 309 Q _   0.011 0.121 0.001 0.047 0.014 0.022 0.054 0.730 
 310 I _   0.011 0.135 0.001 0.053 0.015 0.022 0.051 0.711 
 311 L _   0.011 0.142 0.001 0.055 0.015 0.022 0.049 0.704 
 312 K _   0.010 0.143 0.001 0.054 0.014 0.021 0.048 0.708 
 313 T _   0.010 0.140 0.001 0.048 0.013 0.019 0.047 0.722 
 314 A _   0.009 0.131 0.001 0.039 0.011 0.017 0.047 0.745 
 315 G _   0.009 0.117 0.001 0.030 0.009 0.015 0.047 0.773 
 316 V _   0.008 0.101 0.001 0.021 0.007 0.013 0.047 0.803 
 317 N _   0.008 0.085 0.001 0.014 0.005 0.012 0.047 0.828 
 318 T _   0.008 0.074 0.001 0.010 0.004 0.012 0.046 0.846 
 319 T _   0.007 0.068 0.000 0.008 0.003 0.011 0.046 0.856 
 320 D _   0.008 0.065 0.000 0.008 0.004 0.012 0.045 0.859 
 321 K _   0.008 0.064 0.000 0.010 0.004 0.013 0.044 0.856 
 322 E _   0.009 0.066 0.001 0.012 0.005 0.014 0.043 0.850 
 323 M _   0.009 0.069 0.001 0.017 0.006 0.015 0.042 0.841 
 324 E _   0.010 0.073 0.001 0.022 0.008 0.016 0.041 0.830 
 325 V _   0.010 0.076 0.001 0.026 0.009 0.016 0.039 0.822 
 326 L _   0.010 0.078 0.001 0.029 0.009 0.016 0.038 0.818 
 327 H _   0.010 0.077 0.001 0.030 0.009 0.016 0.038 0.820 
 328 L _   0.010 0.073 0.001 0.028 0.009 0.016 0.037 0.826 
 329 R _   0.009 0.067 0.001 0.025 0.008 0.015 0.037 0.837 
 330 N _   0.009 0.059 0.001 0.021 0.007 0.014 0.036 0.852 
 331 V _   0.009 0.049 0.001 0.017 0.006 0.013 0.036 0.868 
 332 S _   0.009 0.040 0.001 0.013 0.005 0.013 0.036 0.883 
 333 F _   0.009 0.032 0.001 0.011 0.005 0.013 0.036 0.895 
 334 E _   0.009 0.027 0.001 0.009 0.004 0.013 0.035 0.902 
 335 D _   0.009 0.023 0.000 0.009 0.004 0.013 0.035 0.906 
 336 A _   0.010 0.021 0.001 0.009 0.005 0.014 0.034 0.907 
 337 G _   0.011 0.020 0.001 0.010 0.005 0.015 0.033 0.905 
 338 E _   0.012 0.020 0.001 0.012 0.006 0.017 0.032 0.900 
 339 Y _   0.013 0.020 0.001 0.015 0.008 0.018 0.031 0.894 
 340 T _   0.014 0.020 0.001 0.017 0.009 0.020 0.030 0.889 
 341 C _   0.015 0.020 0.001 0.019 0.010 0.021 0.030 0.885 
 342 L _   0.016 0.019 0.001 0.020 0.010 0.022 0.029 0.883 
 343 A _   0.017 0.017 0.001 0.020 0.010 0.022 0.028 0.885 
 344 G _   0.020 0.014 0.001 0.018 0.010 0.023 0.027 0.888 
 345 N _   0.023 0.011 0.001 0.014 0.009 0.023 0.027 0.892 
 346 S _   0.028 0.007 0.001 0.011 0.008 0.024 0.026 0.896 
 347 I _   0.035 0.004 0.001 0.007 0.007 0.025 0.025 0.896 
 348 G _   0.044 0.002 0.001 0.005 0.007 0.027 0.024 0.891 
 349 L _   0.058 0.001 0.001 0.004 0.008 0.029 0.023 0.877 
 350 S _   0.076 0.001 0.001 0.003 0.010 0.033 0.022 0.854 
 351 H _   0.100 0.001 0.001 0.004 0.013 0.039 0.021 0.822 
 352 H _   0.128 0.001 0.001 0.005 0.019 0.045 0.020 0.782 
 353 S _   0.157 0.003 0.002 0.007 0.027 0.050 0.019 0.736 
 354 A _   0.183 0.005 0.002 0.012 0.036 0.055 0.018 0.690 
 355 W _   0.203 0.009 0.002 0.018 0.043 0.057 0.017 0.652 
 356 L _   0.214 0.013 0.002 0.024 0.046 0.057 0.016 0.627 
 357 T _   0.218 0.015 0.003 0.028 0.047 0.055 0.016 0.618 
 358 V _   0.215 0.016 0.002 0.029 0.044 0.051 0.016 0.626 
 359 L _   0.205 0.015 0.002 0.027 0.039 0.046 0.016 0.650 
 360 E _   0.188 0.013 0.002 0.022 0.031 0.040 0.016 0.688 
 361 A _   0.166 0.009 0.002 0.016 0.023 0.033 0.016 0.735 
 362 L _   0.142 0.005 0.001 0.010 0.016 0.027 0.016 0.783 
 363 E _   0.121 0.002 0.001 0.006 0.010 0.021 0.016 0.823 
 364 E _   0.104 0.001 0.001 0.003 0.006 0.017 0.015 0.854 
 365 R _   0.092 0.000 0.000 0.002 0.004 0.013 0.015 0.873 
 366 P _   0.088 0.000 0.000 0.002 0.003 0.011 0.014 0.882 
 367 A _   0.092 0.000 0.000 0.001 0.003 0.010 0.013 0.881 
 368 V _   0.105 0.000 0.000 0.001 0.003 0.009 0.012 0.869 
 369 M _   0.129 0.000 0.000 0.001 0.003 0.009 0.011 0.846 
 370 T _   0.164 0.000 0.001 0.001 0.004 0.010 0.010 0.810 
 371 S _   0.212 0.000 0.001 0.001 0.005 0.010 0.009 0.761 
 372 P _   0.272 0.000 0.001 0.001 0.006 0.011 0.007 0.701 
 373 L _   0.338 0.000 0.001 0.001 0.007 0.011 0.006 0.636 
 374 Y _   0.409 0.000 0.001 0.001 0.007 0.010 0.005 0.566 
 375 L _   0.481 0.000 0.001 0.001 0.007 0.009 0.004 0.497 
 376 E H   0.554 0.000 0.001 0.001 0.007 0.008 0.004 0.425 
 377 I H   0.631 0.000 0.001 0.000 0.007 0.007 0.003 0.351 
 378 I H   0.703 0.000 0.001 0.000 0.007 0.006 0.002 0.280 
 379 I H   0.769 0.000 0.001 0.000 0.007 0.005 0.002 0.216 
 380 Y H   0.827 0.000 0.001 0.000 0.007 0.005 0.002 0.159 
 381 C H   0.871 0.000 0.001 0.000 0.007 0.004 0.001 0.116 
 382 T H   0.904 0.000 0.001 0.000 0.007 0.004 0.001 0.083 
 383 G H   0.926 0.000 0.001 0.000 0.007 0.003 0.001 0.062 
 384 A H   0.938 0.000 0.001 0.000 0.008 0.003 0.001 0.049 
 385 F H   0.945 0.000 0.001 0.000 0.008 0.003 0.001 0.043 
 386 L H   0.946 0.000 0.001 0.000 0.009 0.003 0.001 0.040 
 387 I H   0.943 0.000 0.001 0.000 0.010 0.003 0.001 0.042 
 388 S H   0.936 0.000 0.001 0.000 0.010 0.003 0.001 0.049 
 389 C H   0.921 0.000 0.001 0.000 0.012 0.004 0.001 0.061 
 390 M H   0.900 0.000 0.001 0.000 0.013 0.004 0.001 0.080 
 391 V H   0.869 0.000 0.001 0.001 0.014 0.005 0.002 0.108 
 392 G H   0.826 0.000 0.001 0.001 0.015 0.006 0.003 0.148 
 393 S H   0.767 0.000 0.001 0.001 0.016 0.008 0.005 0.203 
 394 V H   0.693 0.000 0.002 0.002 0.016 0.009 0.007 0.271 
 395 I H   0.604 0.000 0.002 0.003 0.016 0.010 0.011 0.354 
 396 V H   0.502 0.000 0.002 0.004 0.014 0.011 0.017 0.450 
 397 Y _   0.392 0.000 0.001 0.005 0.012 0.012 0.023 0.555 
 398 K _   0.287 0.000 0.001 0.006 0.009 0.011 0.029 0.656 
 399 M _   0.195 0.000 0.001 0.005 0.006 0.010 0.035 0.747 
 400 K _   0.124 0.000 0.001 0.004 0.004 0.009 0.039 0.819 
 401 S _   0.074 0.000 0.000 0.003 0.003 0.007 0.043 0.869 
 402 G _   0.042 0.000 0.000 0.003 0.002 0.006 0.045 0.902 
 403 T _   0.025 0.000 0.000 0.002 0.002 0.006 0.046 0.919 
 404 K _   0.016 0.001 0.000 0.002 0.001 0.006 0.047 0.926 
 405 K _   0.012 0.001 0.000 0.002 0.002 0.007 0.048 0.927 
 406 S _   0.011 0.004 0.000 0.004 0.002 0.009 0.048 0.922 
 407 D _   0.011 0.011 0.000 0.007 0.004 0.012 0.048 0.907 
 408 F _   0.012 0.027 0.001 0.012 0.006 0.015 0.047 0.881 
 409 H _   0.013 0.053 0.001 0.019 0.009 0.019 0.046 0.841 
 410 S _   0.014 0.085 0.001 0.027 0.012 0.021 0.044 0.796 
 411 Q _   0.014 0.115 0.001 0.034 0.014 0.023 0.043 0.756 
 412 M _   0.014 0.137 0.001 0.040 0.015 0.024 0.042 0.726 
 413 A _   0.014 0.152 0.001 0.043 0.016 0.025 0.042 0.708 
 414 V _   0.014 0.159 0.001 0.042 0.015 0.025 0.042 0.701 
 415 H _   0.015 0.162 0.001 0.040 0.015 0.024 0.042 0.702 
 416 K _   0.015 0.161 0.001 0.035 0.014 0.023 0.043 0.708 
 417 L _   0.015 0.157 0.001 0.030 0.012 0.022 0.044 0.719 
 418 A _   0.015 0.150 0.001 0.025 0.011 0.021 0.045 0.732 
 419 K _   0.015 0.143 0.001 0.021 0.010 0.020 0.047 0.744 
 420 S _   0.015 0.136 0.001 0.018 0.009 0.019 0.048 0.754 
 421 I _   0.015 0.130 0.001 0.017 0.008 0.019 0.049 0.761 
 422 P _   0.015 0.125 0.001 0.017 0.008 0.018 0.051 0.765 
 423 L _   0.015 0.120 0.001 0.018 0.008 0.017 0.052 0.768 
 424 R _   0.015 0.116 0.001 0.019 0.008 0.017 0.054 0.772 
 425 R _   0.014 0.111 0.001 0.019 0.007 0.016 0.055 0.777 
 426 Q _   0.012 0.105 0.001 0.018 0.007 0.015 0.057 0.786 
 427 V _   0.011 0.097 0.001 0.016 0.006 0.013 0.059 0.797 
 428 T _   0.010 0.089 0.001 0.014 0.005 0.012 0.060 0.809 
 429 V _   0.008 0.081 0.001 0.011 0.004 0.011 0.061 0.822 
 430 S _   0.008 0.075 0.000 0.009 0.003 0.010 0.062 0.832 
 431 A _   0.007 0.070 0.000 0.007 0.003 0.010 0.063 0.839 
 432 D _   0.007 0.069 0.000 0.006 0.003 0.010 0.064 0.841 
 433 S _   0.008 0.069 0.000 0.006 0.003 0.012 0.064 0.838 
 434 S _   0.009 0.074 0.000 0.007 0.004 0.014 0.064 0.828 
 435 A _   0.011 0.083 0.001 0.011 0.006 0.017 0.063 0.809 
 436 S _   0.013 0.101 0.001 0.016 0.009 0.020 0.063 0.777 
 437 M _   0.015 0.128 0.001 0.025 0.012 0.023 0.062 0.734 
 438 N _   0.016 0.159 0.001 0.035 0.016 0.025 0.061 0.687 
 439 S _   0.017 0.186 0.002 0.045 0.018 0.027 0.060 0.645 
 440 G _   0.018 0.203 0.002 0.054 0.020 0.027 0.060 0.616 
 441 V _   0.018 0.212 0.001 0.058 0.020 0.027 0.061 0.602 
 442 L _   0.018 0.213 0.001 0.058 0.019 0.026 0.063 0.601 
 443 L _   0.017 0.208 0.001 0.054 0.018 0.024 0.065 0.612 
 444 V _   0.016 0.195 0.001 0.046 0.015 0.022 0.068 0.636 
 445 R _   0.015 0.172 0.001 0.035 0.013 0.020 0.071 0.672 
 446 P _   0.014 0.142 0.001 0.025 0.010 0.018 0.075 0.715 
 447 S _   0.013 0.113 0.001 0.016 0.007 0.016 0.079 0.756 
 448 R _   0.011 0.093 0.001 0.010 0.005 0.015 0.082 0.784 
 449 L _   0.010 0.082 0.000 0.007 0.004 0.014 0.084 0.799 
 450 S _   0.010 0.078 0.000 0.006 0.003 0.014 0.086 0.803 
 451 S _   0.010 0.078 0.000 0.007 0.004 0.015 0.087 0.799 
 452 S _   0.011 0.083 0.001 0.010 0.005 0.016 0.088 0.786 
 453 G _   0.011 0.094 0.001 0.017 0.007 0.018 0.089 0.763 
 454 T _   0.013 0.110 0.001 0.025 0.010 0.020 0.089 0.732 
 455 P _   0.013 0.127 0.001 0.036 0.012 0.021 0.090 0.700 
 456 M _   0.014 0.140 0.001 0.045 0.014 0.021 0.091 0.673 
 457 L _   0.014 0.147 0.001 0.052 0.014 0.021 0.093 0.657 
 458 A _   0.014 0.149 0.001 0.054 0.014 0.020 0.096 0.651 
 459 G _   0.013 0.146 0.001 0.053 0.013 0.019 0.100 0.654 
 460 V _   0.013 0.138 0.001 0.047 0.012 0.017 0.105 0.667 
 461 S _   0.013 0.122 0.001 0.039 0.010 0.015 0.111 0.688 
 462 E _   0.012 0.099 0.001 0.031 0.008 0.013 0.118 0.718 
 463 Y _   0.011 0.072 0.001 0.022 0.006 0.012 0.126 0.750 
 464 E _   0.010 0.046 0.001 0.015 0.004 0.010 0.133 0.780 
 465 L _   0.009 0.028 0.000 0.010 0.003 0.008 0.139 0.802 
 466 P _   0.008 0.016 0.000 0.007 0.002 0.007 0.143 0.817 
 467 E _   0.007 0.009 0.000 0.005 0.002 0.006 0.146 0.825 
 468 D _   0.006 0.006 0.000 0.004 0.001 0.005 0.148 0.829 
 469 P _   0.005 0.004 0.000 0.004 0.001 0.005 0.149 0.831 
 470 R _   0.005 0.004 0.000 0.004 0.001 0.005 0.150 0.831 
 471 W _   0.005 0.003 0.000 0.004 0.002 0.006 0.150 0.830 
 472 E _   0.005 0.003 0.000 0.006 0.002 0.006 0.149 0.829 
 473 L _   0.005 0.004 0.000 0.007 0.002 0.007 0.147 0.828 
 474 P _   0.005 0.004 0.000 0.008 0.003 0.008 0.146 0.826 
 475 R _   0.005 0.005 0.000 0.010 0.003 0.009 0.144 0.824 
 476 D _   0.005 0.006 0.000 0.011 0.003 0.010 0.142 0.823 
 477 R _   0.005 0.006 0.000 0.012 0.004 0.011 0.140 0.823 
 478 L _   0.006 0.006 0.000 0.012 0.004 0.012 0.137 0.823 
 479 V _   0.006 0.006 0.000 0.011 0.004 0.013 0.135 0.823 
 480 L _   0.007 0.006 0.000 0.010 0.004 0.015 0.133 0.823 
 481 G _   0.009 0.006 0.001 0.009 0.004 0.017 0.131 0.821 
 482 K _   0.013 0.007 0.001 0.008 0.005 0.021 0.129 0.817 
 483 P _   0.019 0.007 0.001 0.007 0.006 0.025 0.126 0.809 
 484 L _   0.029 0.008 0.001 0.007 0.008 0.031 0.123 0.793 
 485 G _   0.043 0.010 0.001 0.007 0.012 0.039 0.120 0.768 
 486 E _   0.061 0.015 0.001 0.009 0.019 0.049 0.116 0.731 
 487 G _   0.082 0.024 0.002 0.011 0.030 0.059 0.112 0.679 
 488 C _   0.103 0.044 0.002 0.017 0.043 0.068 0.108 0.615 
 489 F _   0.120 0.075 0.003 0.025 0.055 0.074 0.105 0.544 
 490 G _   0.131 0.112 0.003 0.036 0.064 0.076 0.102 0.476 
 491 Q _   0.136 0.147 0.003 0.048 0.066 0.074 0.100 0.425 
 492 V _   0.137 0.170 0.003 0.059 0.064 0.070 0.100 0.396 
 493 V _   0.132 0.183 0.003 0.067 0.060 0.064 0.102 0.390 
 494 L _   0.123 0.186 0.003 0.070 0.053 0.058 0.104 0.403 
 495 A _   0.110 0.180 0.003 0.067 0.045 0.050 0.108 0.437 
 496 E _   0.094 0.164 0.003 0.058 0.036 0.042 0.113 0.491 
 497 A _   0.076 0.132 0.002 0.045 0.026 0.034 0.119 0.566 
 498 I _   0.058 0.089 0.002 0.030 0.016 0.026 0.125 0.654 
 499 G _   0.042 0.046 0.001 0.017 0.009 0.019 0.130 0.735 
 500 L _   0.028 0.019 0.001 0.008 0.005 0.013 0.134 0.792 
 501 D _   0.018 0.007 0.000 0.004 0.002 0.010 0.135 0.823 
 502 K _   0.012 0.003 0.000 0.002 0.001 0.008 0.136 0.838 
 503 D _   0.008 0.002 0.000 0.001 0.001 0.007 0.136 0.844 
 504 K _   0.008 0.002 0.000 0.002 0.001 0.008 0.135 0.844 
 505 P _   0.009 0.004 0.000 0.003 0.002 0.011 0.134 0.838 
 506 N _   0.011 0.011 0.000 0.007 0.004 0.015 0.131 0.820 
 507 R _   0.014 0.032 0.001 0.016 0.008 0.020 0.127 0.781 
 508 V _   0.016 0.073 0.001 0.031 0.013 0.025 0.122 0.718 
 509 T _   0.016 0.125 0.002 0.048 0.018 0.028 0.115 0.648 
 510 K _   0.016 0.167 0.002 0.065 0.020 0.029 0.111 0.592 
 511 V _   0.015 0.191 0.002 0.077 0.021 0.029 0.107 0.559 
 512 A _   0.014 0.202 0.002 0.082 0.020 0.027 0.106 0.546 
 513 V _   0.013 0.205 0.001 0.081 0.019 0.026 0.105 0.549 
 514 K _   0.013 0.200 0.001 0.075 0.017 0.023 0.106 0.565 
 515 M _   0.012 0.186 0.001 0.063 0.015 0.021 0.107 0.594 
 516 L _   0.012 0.161 0.001 0.050 0.012 0.018 0.110 0.636 
 517 K _   0.011 0.124 0.001 0.036 0.010 0.016 0.113 0.689 
 518 S _   0.010 0.084 0.001 0.024 0.007 0.013 0.116 0.745 
 519 D _   0.009 0.049 0.001 0.015 0.005 0.011 0.119 0.791 
 520 A _   0.008 0.027 0.000 0.009 0.003 0.010 0.121 0.823 
 521 T _   0.007 0.015 0.000 0.005 0.002 0.008 0.122 0.840 
 522 E _   0.006 0.010 0.000 0.003 0.002 0.008 0.122 0.849 
 523 K _   0.006 0.008 0.000 0.003 0.002 0.009 0.121 0.852 
 524 D _   0.007 0.007 0.000 0.003 0.002 0.010 0.120 0.851 
 525 L _   0.009 0.008 0.000 0.004 0.003 0.013 0.118 0.845 
 526 S _   0.012 0.010 0.000 0.006 0.004 0.017 0.116 0.834 
 527 D _   0.016 0.016 0.001 0.011 0.007 0.023 0.112 0.815 
 528 L _   0.020 0.026 0.001 0.017 0.011 0.029 0.108 0.788 
 529 I _   0.024 0.040 0.001 0.026 0.017 0.034 0.104 0.754 
 530 S _   0.028 0.054 0.002 0.037 0.022 0.039 0.100 0.719 
 531 E _   0.031 0.065 0.002 0.047 0.026 0.042 0.096 0.690 
 532 M _   0.034 0.073 0.002 0.054 0.029 0.044 0.093 0.672 
 533 E _   0.035 0.076 0.002 0.057 0.029 0.044 0.092 0.665 
 534 M _   0.036 0.075 0.002 0.055 0.028 0.042 0.090 0.672 
 535 M _   0.036 0.069 0.002 0.048 0.025 0.039 0.090 0.691 
 536 K _   0.035 0.059 0.002 0.038 0.021 0.036 0.090 0.719 
 537 M _   0.033 0.045 0.001 0.027 0.016 0.033 0.090 0.754 
 538 I _   0.031 0.031 0.001 0.017 0.012 0.030 0.090 0.787 
 539 G _   0.029 0.020 0.001 0.010 0.009 0.028 0.091 0.813 
 540 K _   0.028 0.014 0.001 0.006 0.007 0.026 0.091 0.828 
 541 H _   0.028 0.011 0.001 0.005 0.006 0.026 0.090 0.833 
 542 K _   0.028 0.011 0.001 0.005 0.007 0.027 0.090 0.831 
 543 N _   0.030 0.013 0.001 0.007 0.008 0.029 0.090 0.822 
 544 I _   0.033 0.017 0.001 0.012 0.011 0.031 0.089 0.806 
 545 I _   0.035 0.024 0.001 0.018 0.015 0.033 0.088 0.786 
 546 N _   0.036 0.032 0.001 0.025 0.017 0.034 0.088 0.767 
 547 L _   0.036 0.038 0.001 0.031 0.019 0.034 0.088 0.753 
 548 L _   0.035 0.042 0.002 0.034 0.019 0.033 0.088 0.748 
 549 G _   0.033 0.043 0.001 0.032 0.018 0.031 0.088 0.753 
 550 A _   0.030 0.042 0.001 0.028 0.016 0.029 0.089 0.765 
 551 C _   0.027 0.039 0.001 0.022 0.013 0.026 0.090 0.781 
 552 T _   0.024 0.035 0.001 0.016 0.011 0.024 0.091 0.797 
 553 Q _   0.022 0.032 0.001 0.012 0.009 0.023 0.092 0.810 
 554 D _   0.021 0.030 0.001 0.010 0.007 0.022 0.093 0.816 
 555 G _   0.020 0.030 0.001 0.009 0.007 0.021 0.094 0.818 
 556 P _   0.020 0.032 0.001 0.010 0.008 0.021 0.095 0.814 
 557 L _   0.020 0.034 0.001 0.013 0.009 0.021 0.096 0.806 
 558 Y _   0.020 0.038 0.001 0.017 0.010 0.021 0.097 0.796 
 559 V _   0.019 0.042 0.001 0.021 0.010 0.021 0.098 0.787 
 560 I _   0.018 0.046 0.001 0.024 0.011 0.020 0.100 0.781 
 561 V _   0.017 0.047 0.001 0.024 0.010 0.019 0.102 0.780 
 562 E _   0.015 0.047 0.001 0.023 0.009 0.017 0.104 0.784 
 563 Y _   0.014 0.046 0.001 0.020 0.008 0.015 0.106 0.790 
 564 A _   0.012 0.043 0.001 0.016 0.006 0.014 0.109 0.798 
 565 S _   0.011 0.041 0.001 0.013 0.005 0.013 0.111 0.805 
 566 K _   0.010 0.038 0.001 0.011 0.005 0.012 0.114 0.810 
 567 G _   0.009 0.037 0.000 0.010 0.004 0.011 0.116 0.813 
 568 N _   0.009 0.036 0.000 0.009 0.004 0.010 0.118 0.813 
 569 L _   0.008 0.036 0.000 0.010 0.004 0.010 0.120 0.811 
 570 R _   0.008 0.037 0.000 0.011 0.004 0.010 0.122 0.807 
 571 E _   0.008 0.038 0.000 0.012 0.004 0.011 0.124 0.802 
 572 Y _   0.008 0.040 0.001 0.013 0.004 0.011 0.126 0.797 
 573 L _   0.008 0.042 0.001 0.015 0.005 0.011 0.128 0.792 
 574 Q _   0.008 0.043 0.001 0.016 0.005 0.011 0.129 0.788 
 575 A _   0.007 0.044 0.001 0.017 0.005 0.011 0.131 0.784 
 576 R _   0.007 0.045 0.001 0.018 0.005 0.011 0.134 0.779 
 577 R _   0.008 0.045 0.001 0.020 0.005 0.011 0.136 0.774 
 578 P _   0.008 0.045 0.001 0.022 0.006 0.011 0.139 0.769 
 579 P _   0.008 0.044 0.001 0.023 0.006 0.011 0.143 0.765 
 580 G _   0.008 0.042 0.001 0.023 0.006 0.011 0.147 0.763 
 581 L _   0.008 0.039 0.001 0.023 0.005 0.010 0.151 0.763 
 582 E _   0.008 0.035 0.001 0.020 0.005 0.009 0.156 0.767 
 583 Y _   0.007 0.029 0.001 0.017 0.004 0.009 0.160 0.773 
 584 C _   0.007 0.022 0.000 0.014 0.003 0.007 0.165 0.781 
 585 Y _   0.006 0.016 0.000 0.011 0.003 0.007 0.169 0.789 
 586 N _   0.005 0.011 0.000 0.008 0.002 0.006 0.172 0.795 
 587 P _   0.005 0.007 0.000 0.006 0.002 0.005 0.175 0.800 
 588 S _   0.004 0.005 0.000 0.005 0.001 0.005 0.177 0.803 
 589 H _   0.004 0.003 0.000 0.004 0.001 0.005 0.178 0.804 
 590 N _   0.004 0.002 0.000 0.004 0.001 0.005 0.179 0.805 
 591 P _   0.004 0.002 0.000 0.004 0.001 0.005 0.178 0.806 
 592 E _   0.004 0.002 0.000 0.004 0.001 0.006 0.177 0.806 
 593 E _   0.004 0.002 0.000 0.004 0.002 0.008 0.175 0.805 
 594 Q _   0.005 0.003 0.000 0.005 0.002 0.010 0.172 0.803 
 595 L _   0.006 0.004 0.000 0.005 0.002 0.013 0.169 0.800 
 596 S _   0.009 0.006 0.000 0.006 0.003 0.017 0.164 0.793 
 597 S _   0.014 0.010 0.001 0.008 0.005 0.023 0.159 0.780 
 598 K _   0.021 0.017 0.001 0.010 0.009 0.032 0.153 0.757 
 599 D _   0.032 0.030 0.001 0.013 0.016 0.042 0.145 0.720 
 600 L _   0.046 0.050 0.002 0.018 0.026 0.054 0.137 0.667 
 601 V _   0.060 0.078 0.002 0.025 0.038 0.064 0.129 0.604 
 602 S _   0.074 0.112 0.003 0.032 0.049 0.072 0.120 0.538 
 603 C _   0.085 0.144 0.003 0.041 0.058 0.076 0.114 0.481 
 604 A _   0.092 0.168 0.003 0.048 0.063 0.077 0.109 0.440 
 605 Y _   0.099 0.184 0.003 0.052 0.065 0.076 0.105 0.416 
 606 Q _   0.102 0.192 0.003 0.055 0.064 0.073 0.103 0.408 
 607 V _   0.103 0.193 0.003 0.054 0.062 0.069 0.102 0.414 
 608 A _   0.101 0.188 0.003 0.051 0.057 0.064 0.102 0.435 
 609 R _   0.095 0.176 0.003 0.046 0.049 0.058 0.102 0.471 
 610 G _   0.088 0.155 0.003 0.039 0.041 0.051 0.103 0.520 
 611 M _   0.077 0.126 0.002 0.032 0.032 0.044 0.105 0.580 
 612 E _   0.065 0.093 0.002 0.025 0.023 0.037 0.108 0.647 
 613 Y _   0.052 0.062 0.002 0.019 0.016 0.031 0.110 0.708 
 614 L _   0.041 0.038 0.001 0.013 0.011 0.026 0.112 0.759 
 615 A _   0.031 0.021 0.001 0.009 0.007 0.021 0.113 0.796 
 616 S _   0.024 0.012 0.001 0.007 0.005 0.018 0.113 0.821 
 617 K _   0.019 0.007 0.000 0.005 0.004 0.015 0.114 0.836 
 618 K _   0.015 0.005 0.000 0.005 0.003 0.014 0.113 0.845 
 619 C _   0.013 0.004 0.000 0.004 0.003 0.013 0.113 0.850 
 620 I _   0.013 0.003 0.000 0.005 0.003 0.013 0.112 0.851 
 621 H _   0.013 0.003 0.000 0.006 0.004 0.013 0.111 0.849 
 622 R _   0.013 0.004 0.001 0.008 0.005 0.015 0.109 0.845 
 623 D _   0.014 0.005 0.001 0.010 0.006 0.016 0.108 0.840 
 624 L _   0.015 0.005 0.001 0.013 0.007 0.017 0.107 0.835 
 625 A _   0.016 0.006 0.001 0.015 0.008 0.018 0.106 0.830 
 626 A _   0.017 0.007 0.001 0.016 0.009 0.018 0.105 0.828 
 627 R _   0.018 0.007 0.001 0.016 0.009 0.018 0.104 0.827 
 628 N _   0.018 0.006 0.001 0.015 0.008 0.018 0.104 0.829 
 629 V _   0.018 0.006 0.001 0.013 0.008 0.018 0.103 0.833 
 630 L _   0.019 0.005 0.001 0.011 0.007 0.018 0.103 0.837 
 631 V _   0.018 0.005 0.001 0.009 0.006 0.017 0.103 0.841 
 632 T _   0.019 0.004 0.001 0.007 0.005 0.018 0.102 0.844 
 633 E _   0.019 0.004 0.001 0.006 0.005 0.018 0.102 0.846 
 634 D _   0.020 0.004 0.001 0.006 0.005 0.019 0.101 0.844 
 635 N _   0.022 0.005 0.001 0.006 0.006 0.021 0.101 0.839 
 636 V _   0.024 0.007 0.001 0.008 0.008 0.023 0.100 0.830 
 637 M _   0.027 0.011 0.001 0.011 0.010 0.026 0.099 0.816 
 638 K _   0.030 0.017 0.001 0.015 0.013 0.028 0.097 0.798 
 639 I _   0.032 0.025 0.001 0.021 0.015 0.030 0.096 0.778 
 640 A _   0.033 0.033 0.001 0.028 0.018 0.031 0.095 0.760 
 641 D _   0.033 0.039 0.001 0.033 0.019 0.031 0.095 0.748 
 642 F _   0.033 0.043 0.001 0.036 0.019 0.030 0.095 0.743 
 643 G _   0.032 0.044 0.001 0.037 0.018 0.029 0.095 0.744 
 644 L _   0.030 0.044 0.001 0.035 0.016 0.026 0.096 0.751 
 645 A _   0.027 0.041 0.001 0.031 0.014 0.024 0.097 0.764 
 646 R _   0.024 0.037 0.001 0.026 0.011 0.021 0.098 0.781 
 647 D _   0.021 0.031 0.001 0.021 0.009 0.018 0.100 0.799 
 648 I _   0.019 0.025 0.001 0.017 0.007 0.015 0.102 0.816 
 649 H _   0.016 0.019 0.001 0.013 0.005 0.013 0.103 0.831 
 650 H _   0.014 0.014 0.000 0.010 0.004 0.011 0.104 0.843 
 651 I _   0.012 0.010 0.000 0.008 0.003 0.009 0.105 0.853 
 652 D _   0.011 0.007 0.000 0.006 0.003 0.008 0.105 0.860 
 653 Y _   0.009 0.005 0.000 0.005 0.002 0.007 0.104 0.866 
 654 Y _   0.008 0.004 0.000 0.005 0.002 0.007 0.104 0.870 
 655 K _   0.007 0.004 0.000 0.004 0.002 0.006 0.103 0.874 
 656 K _   0.006 0.003 0.000 0.004 0.002 0.006 0.101 0.877 
 657 T _   0.006 0.004 0.000 0.004 0.002 0.006 0.099 0.879 
 658 T _   0.006 0.004 0.000 0.004 0.002 0.007 0.097 0.880 
 659 N _   0.006 0.006 0.000 0.005 0.002 0.008 0.093 0.879 
 660 G _   0.006 0.009 0.000 0.007 0.003 0.009 0.090 0.876 
 661 R _   0.007 0.014 0.000 0.009 0.004 0.011 0.086 0.870 
 662 L _   0.008 0.021 0.001 0.012 0.005 0.013 0.081 0.860 
 663 P _   0.008 0.031 0.001 0.016 0.006 0.015 0.076 0.847 
