#TopoPred_TM8: 8-state transmembrane topology prediction results by no_profile mode 
#probabilities are in the order of H E C I L F X _, the 8 transmembrane topology types used in PDBTM 
   1 M X   0.012 0.001 0.002 0.038 0.009 0.010 0.790 0.139 
   2 E X   0.005 0.000 0.000 0.022 0.002 0.006 0.810 0.154 
   3 I X   0.002 0.000 0.000 0.014 0.001 0.005 0.814 0.163 
   4 D X   0.002 0.001 0.000 0.011 0.001 0.006 0.812 0.166 
   5 M X   0.004 0.001 0.000 0.011 0.001 0.008 0.806 0.168 
   6 T X   0.005 0.002 0.000 0.011 0.003 0.011 0.797 0.171 
   7 Y X   0.007 0.004 0.000 0.013 0.004 0.012 0.787 0.173 
   8 Q X   0.009 0.006 0.000 0.016 0.005 0.013 0.775 0.175 
   9 L X   0.009 0.008 0.001 0.019 0.006 0.014 0.764 0.179 
  10 K X   0.009 0.010 0.001 0.022 0.006 0.013 0.753 0.185 
  11 V X   0.008 0.012 0.001 0.022 0.007 0.012 0.744 0.194 
  12 I X   0.008 0.012 0.001 0.021 0.006 0.011 0.736 0.205 
  13 Q X   0.007 0.012 0.001 0.019 0.005 0.010 0.730 0.216 
  14 Q X   0.006 0.011 0.000 0.015 0.004 0.009 0.725 0.229 
  15 S X   0.006 0.009 0.000 0.012 0.003 0.007 0.721 0.241 
  16 L X   0.005 0.008 0.000 0.009 0.003 0.006 0.717 0.252 
  17 E X   0.004 0.006 0.000 0.006 0.002 0.005 0.714 0.262 
  18 Q X   0.004 0.005 0.000 0.005 0.002 0.005 0.709 0.271 
  19 E X   0.003 0.004 0.000 0.004 0.001 0.004 0.705 0.279 
  20 E X   0.003 0.003 0.000 0.004 0.001 0.004 0.700 0.285 
  21 A X   0.003 0.003 0.000 0.004 0.001 0.004 0.694 0.291 
  22 E X   0.003 0.003 0.000 0.004 0.001 0.004 0.689 0.297 
  23 H X   0.003 0.003 0.000 0.004 0.001 0.004 0.682 0.303 
  24 K X   0.003 0.003 0.000 0.005 0.002 0.004 0.675 0.309 
  25 A X   0.003 0.003 0.000 0.006 0.002 0.004 0.668 0.315 
  26 T X   0.003 0.003 0.000 0.006 0.002 0.004 0.660 0.322 
  27 K X   0.003 0.003 0.000 0.007 0.002 0.004 0.652 0.329 
  28 A X   0.003 0.003 0.000 0.006 0.002 0.004 0.645 0.337 
  29 R X   0.003 0.003 0.000 0.006 0.002 0.004 0.637 0.346 
  30 L X   0.003 0.003 0.000 0.005 0.002 0.004 0.629 0.355 
  31 A X   0.003 0.003 0.000 0.005 0.002 0.004 0.620 0.364 
  32 D X   0.003 0.003 0.000 0.005 0.001 0.004 0.611 0.373 
  33 K X   0.003 0.004 0.000 0.005 0.002 0.004 0.601 0.382 
  34 N X   0.003 0.004 0.000 0.006 0.002 0.005 0.591 0.390 
  35 K X   0.003 0.005 0.000 0.007 0.002 0.005 0.580 0.397 
  36 I X   0.003 0.007 0.000 0.009 0.003 0.006 0.569 0.404 
  37 Y X   0.004 0.009 0.000 0.011 0.003 0.007 0.557 0.410 
  38 E X   0.004 0.011 0.000 0.013 0.004 0.007 0.545 0.416 
  39 S X   0.004 0.013 0.001 0.015 0.004 0.008 0.533 0.422 
  40 I X   0.004 0.015 0.001 0.016 0.004 0.008 0.523 0.430 
  41 E X   0.004 0.016 0.001 0.016 0.004 0.008 0.513 0.438 
  42 E X   0.004 0.017 0.000 0.016 0.004 0.008 0.504 0.447 
  43 A X   0.004 0.017 0.000 0.014 0.004 0.008 0.497 0.456 
  44 K X   0.004 0.017 0.000 0.013 0.003 0.007 0.490 0.465 
  45 S X   0.004 0.017 0.000 0.012 0.003 0.007 0.483 0.474 
  46 E _   0.004 0.016 0.000 0.010 0.003 0.007 0.477 0.482 
  47 A _   0.004 0.016 0.000 0.010 0.003 0.006 0.472 0.490 
  48 M _   0.004 0.015 0.000 0.009 0.002 0.006 0.466 0.497 
  49 K _   0.004 0.015 0.000 0.008 0.002 0.006 0.460 0.503 
  50 E _   0.004 0.015 0.000 0.008 0.002 0.006 0.455 0.509 
  51 M _   0.004 0.015 0.000 0.008 0.002 0.006 0.449 0.516 
  52 E _   0.004 0.015 0.000 0.008 0.002 0.006 0.444 0.521 
  53 K _   0.004 0.015 0.000 0.008 0.002 0.006 0.438 0.527 
  54 K _   0.004 0.015 0.000 0.008 0.002 0.006 0.432 0.532 
  55 L _   0.004 0.016 0.000 0.008 0.002 0.006 0.426 0.537 
  56 L _   0.004 0.017 0.000 0.008 0.002 0.006 0.420 0.542 
  57 E _   0.004 0.017 0.000 0.008 0.003 0.006 0.415 0.547 
  58 E _   0.004 0.018 0.000 0.008 0.003 0.007 0.409 0.551 
  59 R _   0.004 0.020 0.000 0.008 0.003 0.007 0.403 0.555 
  60 T _   0.004 0.021 0.000 0.008 0.003 0.007 0.397 0.559 
  61 L _   0.004 0.023 0.000 0.008 0.003 0.007 0.391 0.563 
  62 K _   0.004 0.025 0.000 0.008 0.003 0.008 0.385 0.566 
  63 Q _   0.005 0.028 0.000 0.009 0.003 0.009 0.379 0.567 
  64 K _   0.005 0.032 0.000 0.011 0.004 0.010 0.373 0.565 
  65 V _   0.006 0.037 0.001 0.013 0.005 0.011 0.366 0.562 
  66 E _   0.006 0.043 0.001 0.016 0.006 0.012 0.360 0.557 
  67 N _   0.007 0.048 0.001 0.019 0.006 0.013 0.355 0.551 
  68 L _   0.008 0.053 0.001 0.022 0.007 0.013 0.349 0.547 
  69 L _   0.008 0.056 0.001 0.024 0.008 0.013 0.345 0.545 
  70 L _   0.008 0.058 0.001 0.025 0.008 0.013 0.342 0.546 
  71 E _   0.008 0.058 0.001 0.024 0.007 0.013 0.339 0.550 
  72 A _   0.008 0.056 0.001 0.022 0.007 0.012 0.338 0.556 
  73 E _   0.008 0.053 0.001 0.019 0.006 0.012 0.337 0.565 
  74 K _   0.008 0.048 0.001 0.017 0.006 0.011 0.336 0.574 
  75 R _   0.008 0.043 0.001 0.014 0.005 0.010 0.336 0.583 
  76 C _   0.008 0.038 0.001 0.012 0.004 0.009 0.337 0.591 
  77 S _   0.008 0.033 0.000 0.011 0.004 0.009 0.338 0.597 
  78 L _   0.008 0.029 0.000 0.010 0.003 0.008 0.339 0.603 
  79 L _   0.007 0.025 0.000 0.009 0.003 0.008 0.340 0.608 
  80 D _   0.007 0.021 0.000 0.008 0.003 0.007 0.340 0.613 
  81 C _   0.007 0.018 0.000 0.007 0.003 0.007 0.341 0.618 
  82 D _   0.006 0.015 0.000 0.006 0.002 0.006 0.341 0.623 
  83 L _   0.006 0.013 0.000 0.005 0.002 0.006 0.341 0.627 
  84 K _   0.005 0.011 0.000 0.005 0.002 0.006 0.340 0.630 
  85 Q _   0.005 0.010 0.000 0.005 0.002 0.006 0.339 0.633 
  86 S _   0.005 0.010 0.000 0.005 0.002 0.006 0.338 0.634 
  87 Q _   0.005 0.010 0.000 0.006 0.002 0.006 0.337 0.634 
  88 Q _   0.005 0.011 0.000 0.007 0.002 0.007 0.335 0.633 
  89 K _   0.005 0.012 0.000 0.009 0.003 0.007 0.333 0.631 
  90 I _   0.005 0.014 0.000 0.011 0.003 0.008 0.331 0.628 
  91 N _   0.006 0.015 0.000 0.013 0.004 0.008 0.329 0.625 
  92 E _   0.006 0.017 0.000 0.014 0.004 0.008 0.327 0.624 
  93 L _   0.005 0.017 0.000 0.015 0.004 0.008 0.326 0.625 
  94 L _   0.005 0.017 0.000 0.014 0.004 0.008 0.325 0.627 
  95 K _   0.005 0.017 0.000 0.012 0.003 0.007 0.324 0.631 
  96 Q _   0.005 0.016 0.000 0.010 0.003 0.006 0.323 0.636 
  97 K _   0.004 0.014 0.000 0.008 0.002 0.006 0.323 0.641 
  98 D _   0.004 0.014 0.000 0.007 0.002 0.006 0.323 0.645 
  99 V _   0.004 0.013 0.000 0.005 0.002 0.006 0.322 0.648 
 100 L _   0.004 0.013 0.000 0.005 0.002 0.006 0.322 0.649 
 101 N _   0.005 0.014 0.000 0.005 0.002 0.006 0.321 0.648 
 102 E _   0.005 0.015 0.000 0.005 0.002 0.007 0.319 0.646 
 103 D _   0.005 0.017 0.000 0.007 0.003 0.008 0.318 0.642 
 104 V _   0.006 0.021 0.000 0.009 0.003 0.009 0.316 0.636 
 105 R _   0.006 0.026 0.000 0.011 0.004 0.010 0.314 0.627 
 106 N _   0.007 0.032 0.001 0.014 0.005 0.011 0.312 0.617 
 107 L _   0.007 0.038 0.001 0.018 0.006 0.012 0.310 0.608 
 108 T _   0.008 0.043 0.001 0.021 0.007 0.013 0.309 0.599 
 109 L _   0.008 0.046 0.001 0.023 0.007 0.013 0.308 0.592 
 110 K _   0.008 0.049 0.001 0.024 0.008 0.014 0.308 0.588 
 111 I _   0.008 0.049 0.001 0.024 0.008 0.013 0.309 0.587 
 112 E _   0.008 0.049 0.001 0.023 0.007 0.013 0.311 0.589 
 113 Q _   0.008 0.047 0.001 0.021 0.006 0.012 0.313 0.593 
 114 E _   0.008 0.043 0.001 0.018 0.006 0.011 0.316 0.598 
 115 T _   0.007 0.039 0.001 0.015 0.005 0.010 0.319 0.605 
 116 Q _   0.007 0.034 0.000 0.012 0.004 0.009 0.322 0.612 
 117 K _   0.006 0.029 0.000 0.010 0.003 0.008 0.326 0.618 
 118 R _   0.006 0.024 0.000 0.008 0.003 0.007 0.329 0.623 
 119 C _   0.006 0.021 0.000 0.006 0.002 0.007 0.332 0.626 
 120 L _   0.005 0.019 0.000 0.005 0.002 0.006 0.334 0.627 
 121 T _   0.005 0.018 0.000 0.005 0.002 0.006 0.336 0.627 
 122 Q _   0.005 0.017 0.000 0.005 0.002 0.006 0.338 0.626 
 123 N _   0.005 0.017 0.000 0.005 0.002 0.007 0.339 0.624 
 124 D _   0.006 0.018 0.000 0.006 0.003 0.007 0.340 0.620 
 125 L _   0.006 0.020 0.000 0.007 0.003 0.008 0.341 0.614 
 126 K _   0.006 0.023 0.000 0.009 0.003 0.009 0.342 0.608 
 127 M _   0.006 0.025 0.000 0.011 0.004 0.009 0.343 0.600 
 128 Q _   0.007 0.028 0.001 0.013 0.005 0.010 0.344 0.593 
 129 T _   0.007 0.031 0.001 0.015 0.005 0.010 0.345 0.586 
 130 Q _   0.007 0.033 0.001 0.017 0.006 0.011 0.347 0.579 
 131 Q _   0.007 0.035 0.001 0.019 0.006 0.011 0.349 0.573 
 132 V _   0.007 0.035 0.001 0.020 0.006 0.011 0.353 0.569 
 133 N _   0.007 0.035 0.001 0.019 0.006 0.010 0.356 0.566 
 134 T _   0.007 0.034 0.001 0.019 0.005 0.010 0.361 0.564 
 135 L _   0.006 0.031 0.001 0.017 0.005 0.009 0.366 0.564 
 136 K _   0.006 0.028 0.001 0.015 0.004 0.008 0.372 0.566 
 137 M _   0.006 0.025 0.000 0.012 0.004 0.007 0.378 0.568 
 138 S _   0.005 0.021 0.000 0.010 0.003 0.007 0.384 0.570 
 139 E _   0.005 0.017 0.000 0.008 0.002 0.006 0.389 0.572 
 140 K _   0.004 0.014 0.000 0.006 0.002 0.005 0.394 0.573 
 141 Q _   0.004 0.012 0.000 0.005 0.002 0.005 0.398 0.573 
 142 L _   0.004 0.011 0.000 0.004 0.002 0.005 0.402 0.572 
 143 K _   0.004 0.011 0.000 0.004 0.001 0.005 0.405 0.570 
 144 Q _   0.004 0.011 0.000 0.004 0.002 0.005 0.408 0.566 
 145 E _   0.004 0.012 0.000 0.005 0.002 0.006 0.410 0.561 
 146 N _   0.004 0.013 0.000 0.007 0.002 0.007 0.412 0.554 
 147 N _   0.005 0.016 0.000 0.010 0.003 0.008 0.414 0.545 
 148 H _   0.005 0.019 0.000 0.013 0.004 0.008 0.416 0.535 
 149 L _   0.006 0.022 0.001 0.017 0.005 0.009 0.418 0.524 
 150 M _   0.006 0.024 0.001 0.020 0.005 0.009 0.422 0.514 
 151 E _   0.006 0.025 0.001 0.021 0.005 0.009 0.426 0.508 
 152 M _   0.006 0.024 0.001 0.021 0.005 0.009 0.431 0.503 
 153 K _   0.005 0.023 0.001 0.019 0.004 0.008 0.437 0.502 
 154 M _   0.005 0.021 0.000 0.017 0.004 0.008 0.443 0.502 
 155 N _   0.005 0.018 0.000 0.014 0.003 0.007 0.450 0.502 
 156 L _   0.005 0.015 0.000 0.011 0.003 0.006 0.458 0.503 
 157 E _   0.004 0.012 0.000 0.008 0.002 0.005 0.465 0.503 
 158 K _   0.004 0.010 0.000 0.007 0.002 0.005 0.471 0.502 
 159 Q _   0.004 0.008 0.000 0.005 0.002 0.005 0.476 0.500 
 160 N _   0.004 0.006 0.000 0.005 0.001 0.004 0.481 0.498 
 161 A _   0.004 0.006 0.000 0.005 0.001 0.004 0.484 0.496 
 162 E _   0.004 0.005 0.000 0.005 0.001 0.004 0.487 0.494 
 163 L _   0.004 0.005 0.000 0.005 0.001 0.004 0.490 0.492 
 164 R X   0.003 0.004 0.000 0.005 0.001 0.004 0.491 0.491 
 165 K X   0.003 0.004 0.000 0.005 0.001 0.004 0.492 0.490 
 166 E X   0.003 0.004 0.000 0.005 0.001 0.004 0.493 0.490 
 167 R X   0.003 0.004 0.000 0.005 0.001 0.004 0.493 0.490 
 168 Q X   0.003 0.005 0.000 0.005 0.001 0.004 0.493 0.491 
 169 D X   0.003 0.005 0.000 0.005 0.001 0.004 0.492 0.491 
 170 A _   0.003 0.005 0.000 0.005 0.001 0.004 0.491 0.491 
 171 D _   0.003 0.006 0.000 0.005 0.001 0.004 0.489 0.492 
 172 G _   0.003 0.007 0.000 0.005 0.001 0.004 0.487 0.493 
 173 Q _   0.003 0.008 0.000 0.005 0.001 0.004 0.484 0.493 
 174 M _   0.003 0.010 0.000 0.006 0.002 0.005 0.481 0.494 
 175 K _   0.003 0.012 0.000 0.006 0.002 0.005 0.478 0.495 
 176 E _   0.003 0.014 0.000 0.006 0.002 0.005 0.474 0.496 
 177 L _   0.003 0.017 0.000 0.007 0.002 0.006 0.469 0.496 
 178 Q _   0.003 0.020 0.000 0.008 0.002 0.007 0.465 0.495 
 179 D _   0.003 0.025 0.000 0.009 0.003 0.007 0.460 0.493 
 180 Q _   0.004 0.030 0.000 0.010 0.003 0.008 0.455 0.490 
 181 L _   0.004 0.037 0.000 0.011 0.004 0.009 0.450 0.485 
 182 E _   0.005 0.044 0.001 0.013 0.004 0.010 0.445 0.479 
 183 A _   0.005 0.051 0.001 0.014 0.005 0.012 0.440 0.472 
 184 E _   0.006 0.059 0.001 0.016 0.006 0.012 0.436 0.465 
 185 Q _   0.006 0.065 0.001 0.018 0.007 0.013 0.432 0.458 
 186 Y _   0.007 0.071 0.001 0.019 0.007 0.014 0.429 0.453 
 187 F _   0.007 0.076 0.001 0.021 0.008 0.014 0.426 0.447 
 188 S _   0.008 0.079 0.001 0.022 0.008 0.015 0.424 0.443 
 189 T _   0.008 0.082 0.001 0.023 0.009 0.015 0.423 0.440 
 190 L _   0.009 0.083 0.001 0.023 0.009 0.015 0.423 0.438 
 191 Y _   0.009 0.083 0.001 0.024 0.008 0.014 0.424 0.437 
 192 K _   0.009 0.082 0.001 0.024 0.008 0.014 0.425 0.437 
 193 T _   0.009 0.080 0.001 0.023 0.008 0.013 0.428 0.440 
 194 Q _   0.009 0.076 0.001 0.022 0.007 0.012 0.431 0.444 
 195 V _   0.009 0.070 0.001 0.020 0.006 0.011 0.434 0.449 
 196 R _   0.008 0.063 0.001 0.018 0.005 0.010 0.439 0.456 
 197 E _   0.008 0.054 0.001 0.015 0.005 0.009 0.444 0.465 
 198 L _   0.007 0.044 0.001 0.013 0.004 0.008 0.449 0.474 
 199 K _   0.007 0.035 0.000 0.010 0.003 0.007 0.454 0.484 
 200 E _   0.006 0.026 0.000 0.008 0.003 0.006 0.459 0.492 
 201 E _   0.005 0.019 0.000 0.006 0.002 0.005 0.463 0.498 
 202 C _   0.005 0.014 0.000 0.005 0.002 0.005 0.466 0.503 
 203 E _   0.004 0.011 0.000 0.004 0.001 0.005 0.468 0.506 
 204 E _   0.004 0.009 0.000 0.004 0.001 0.004 0.470 0.507 
 205 K _   0.004 0.008 0.000 0.004 0.001 0.004 0.471 0.508 
 206 T _   0.004 0.007 0.000 0.004 0.001 0.004 0.471 0.508 
 207 K _   0.004 0.007 0.000 0.005 0.001 0.004 0.471 0.507 
 208 L _   0.004 0.007 0.000 0.006 0.002 0.005 0.470 0.507 
 209 G _   0.004 0.007 0.000 0.007 0.002 0.005 0.469 0.507 
 210 K _   0.004 0.007 0.000 0.008 0.002 0.005 0.468 0.507 
 211 E _   0.004 0.007 0.000 0.008 0.002 0.005 0.467 0.507 
 212 L _   0.004 0.006 0.000 0.009 0.002 0.005 0.465 0.508 
 213 Q _   0.004 0.006 0.000 0.009 0.002 0.005 0.464 0.510 
 214 Q _   0.004 0.006 0.000 0.008 0.002 0.005 0.463 0.512 
 215 K _   0.004 0.005 0.000 0.007 0.002 0.005 0.462 0.516 
 216 K _   0.003 0.004 0.000 0.006 0.001 0.004 0.460 0.520 
 217 Q _   0.003 0.004 0.000 0.005 0.001 0.004 0.458 0.525 
 218 E _   0.003 0.003 0.000 0.004 0.001 0.004 0.455 0.530 
 219 L _   0.003 0.003 0.000 0.003 0.001 0.004 0.451 0.534 
 220 Q _   0.003 0.003 0.000 0.003 0.001 0.004 0.447 0.539 
 221 D _   0.003 0.004 0.000 0.003 0.001 0.005 0.441 0.543 
 222 E _   0.004 0.006 0.000 0.004 0.002 0.007 0.433 0.545 
 223 R _   0.005 0.009 0.000 0.005 0.003 0.009 0.424 0.544 
 224 D _   0.006 0.018 0.001 0.009 0.004 0.013 0.412 0.536 
 225 S _   0.008 0.035 0.001 0.017 0.008 0.017 0.397 0.517 
 226 L _   0.010 0.062 0.001 0.027 0.012 0.021 0.380 0.487 
 227 A _   0.011 0.093 0.001 0.039 0.015 0.024 0.363 0.453 
 228 A _   0.012 0.118 0.001 0.051 0.017 0.025 0.348 0.427 
 229 Q _   0.012 0.133 0.001 0.059 0.018 0.026 0.337 0.413 
 230 L _   0.013 0.140 0.001 0.062 0.018 0.025 0.329 0.411 
 231 E _   0.012 0.142 0.001 0.061 0.017 0.024 0.324 0.419 
 232 I _   0.012 0.138 0.001 0.054 0.015 0.022 0.320 0.438 
 233 T _   0.012 0.127 0.001 0.044 0.013 0.020 0.318 0.465 
 234 L _   0.012 0.110 0.001 0.033 0.011 0.017 0.316 0.500 
 235 T _   0.011 0.087 0.001 0.022 0.008 0.015 0.315 0.540 
 236 K _   0.010 0.066 0.001 0.014 0.006 0.014 0.315 0.575 
 237 A _   0.010 0.051 0.001 0.009 0.004 0.012 0.314 0.600 
 238 D _   0.009 0.042 0.000 0.007 0.003 0.012 0.313 0.614 
 239 S _   0.009 0.039 0.000 0.006 0.003 0.011 0.311 0.621 
 240 E _   0.009 0.038 0.000 0.007 0.003 0.012 0.309 0.622 
 241 Q _   0.009 0.038 0.000 0.010 0.004 0.012 0.306 0.620 
 242 L _   0.010 0.040 0.001 0.013 0.005 0.013 0.303 0.616 
 243 A _   0.010 0.041 0.001 0.018 0.006 0.013 0.300 0.611 
 244 R _   0.010 0.042 0.001 0.021 0.007 0.013 0.298 0.609 
 245 S _   0.010 0.042 0.001 0.023 0.007 0.012 0.296 0.610 
 246 I _   0.009 0.040 0.001 0.022 0.006 0.011 0.294 0.616 
 247 A _   0.008 0.037 0.001 0.020 0.005 0.010 0.294 0.625 
 248 E _   0.008 0.031 0.001 0.016 0.004 0.009 0.293 0.638 
 249 E _   0.007 0.025 0.000 0.012 0.003 0.008 0.293 0.652 
 250 Q _   0.006 0.018 0.000 0.008 0.003 0.007 0.292 0.665 
 251 Y _   0.005 0.014 0.000 0.005 0.002 0.006 0.291 0.676 
 252 S _   0.005 0.011 0.000 0.004 0.002 0.005 0.290 0.683 
 253 D _   0.005 0.009 0.000 0.003 0.001 0.005 0.288 0.688 
 254 L _   0.005 0.009 0.000 0.003 0.001 0.006 0.285 0.691 
 255 E _   0.005 0.010 0.000 0.004 0.002 0.006 0.282 0.691 
 256 K _   0.006 0.012 0.000 0.005 0.002 0.008 0.278 0.689 
 257 E _   0.007 0.017 0.000 0.007 0.003 0.010 0.273 0.683 
 258 K _   0.007 0.025 0.001 0.011 0.004 0.011 0.267 0.673 
 259 I _   0.008 0.037 0.001 0.015 0.006 0.013 0.260 0.660 
 260 M _   0.009 0.050 0.001 0.020 0.007 0.015 0.254 0.645 
 261 K _   0.009 0.062 0.001 0.025 0.009 0.016 0.247 0.631 
 262 E _   0.010 0.073 0.001 0.029 0.010 0.017 0.242 0.619 
 263 L _   0.010 0.080 0.001 0.032 0.010 0.017 0.238 0.612 
 264 E _   0.010 0.085 0.001 0.033 0.011 0.017 0.235 0.608 
 265 I _   0.011 0.087 0.001 0.033 0.010 0.017 0.233 0.609 
 266 K _   0.011 0.086 0.001 0.032 0.010 0.016 0.231 0.613 
 267 E _   0.011 0.083 0.001 0.029 0.009 0.015 0.231 0.622 
 268 M _   0.010 0.078 0.001 0.025 0.008 0.014 0.231 0.634 
 269 M _   0.010 0.071 0.001 0.021 0.006 0.012 0.232 0.647 
 270 A _   0.009 0.062 0.001 0.017 0.005 0.011 0.232 0.662 
 271 R _   0.009 0.053 0.001 0.013 0.004 0.010 0.233 0.677 
 272 H _   0.008 0.045 0.000 0.010 0.003 0.009 0.234 0.691 
 273 K _   0.007 0.038 0.000 0.008 0.003 0.008 0.234 0.702 
 274 Q _   0.006 0.033 0.000 0.006 0.002 0.007 0.234 0.709 
 275 E _   0.006 0.030 0.000 0.006 0.002 0.007 0.234 0.715 
 276 L _   0.006 0.029 0.000 0.005 0.002 0.007 0.233 0.718 
 277 T _   0.005 0.029 0.000 0.005 0.002 0.007 0.232 0.719 
 278 E _   0.005 0.030 0.000 0.006 0.002 0.007 0.230 0.719 
 279 K _   0.006 0.032 0.000 0.007 0.003 0.008 0.228 0.716 
 280 D _   0.006 0.036 0.000 0.009 0.003 0.009 0.226 0.711 
 281 A _   0.006 0.041 0.000 0.011 0.004 0.010 0.223 0.704 
 282 T _   0.007 0.047 0.001 0.014 0.005 0.011 0.220 0.696 
 283 I _   0.007 0.053 0.001 0.016 0.006 0.012 0.217 0.688 
 284 A _   0.007 0.059 0.001 0.019 0.006 0.013 0.215 0.680 
 285 S _   0.008 0.064 0.001 0.020 0.007 0.013 0.213 0.675 
 286 L _   0.008 0.067 0.001 0.021 0.007 0.013 0.212 0.671 
 287 E _   0.008 0.069 0.001 0.021 0.007 0.013 0.211 0.670 
 288 E _   0.008 0.070 0.001 0.020 0.007 0.013 0.211 0.671 
 289 T _   0.008 0.070 0.001 0.019 0.007 0.013 0.211 0.672 
 290 N _   0.008 0.069 0.001 0.019 0.006 0.013 0.211 0.673 
 291 R _   0.008 0.068 0.001 0.018 0.006 0.012 0.212 0.674 
 292 T _   0.008 0.067 0.001 0.018 0.006 0.012 0.213 0.676 
 293 L _   0.008 0.065 0.001 0.018 0.006 0.012 0.215 0.676 
 294 T _   0.008 0.063 0.001 0.018 0.006 0.011 0.217 0.676 
 295 S _   0.008 0.061 0.001 0.019 0.005 0.011 0.219 0.677 
 296 D _   0.008 0.057 0.001 0.019 0.005 0.010 0.221 0.679 
 297 V _   0.008 0.053 0.001 0.018 0.005 0.010 0.224 0.682 
 298 A _   0.008 0.048 0.001 0.017 0.004 0.009 0.227 0.686 
 299 N _   0.007 0.042 0.001 0.015 0.004 0.008 0.230 0.692 
 300 L _   0.007 0.035 0.000 0.013 0.004 0.008 0.234 0.699 
 301 A _   0.007 0.028 0.000 0.011 0.003 0.007 0.237 0.707 
 302 N _   0.006 0.021 0.000 0.009 0.002 0.006 0.240 0.715 
 303 E _   0.006 0.016 0.000 0.007 0.002 0.006 0.242 0.722 
 304 K _   0.005 0.012 0.000 0.006 0.002 0.005 0.243 0.727 
 305 E _   0.005 0.009 0.000 0.005 0.001 0.005 0.244 0.731 
 306 E _   0.004 0.008 0.000 0.004 0.001 0.004 0.244 0.734 
 307 L _   0.004 0.007 0.000 0.004 0.001 0.004 0.244 0.736 
 308 N _   0.004 0.007 0.000 0.004 0.001 0.005 0.243 0.736 
 309 N _   0.004 0.007 0.000 0.005 0.001 0.005 0.241 0.737 
 310 K _   0.004 0.008 0.000 0.006 0.002 0.006 0.239 0.736 
 311 L _   0.004 0.009 0.000 0.008 0.002 0.006 0.236 0.735 
 312 K _   0.004 0.011 0.000 0.010 0.003 0.007 0.233 0.733 
 313 D _   0.004 0.013 0.000 0.012 0.003 0.007 0.230 0.731 
 314 V _   0.004 0.014 0.000 0.013 0.003 0.008 0.226 0.730 
 315 Q _   0.004 0.016 0.000 0.014 0.003 0.008 0.223 0.731 
 316 E _   0.004 0.017 0.000 0.014 0.003 0.008 0.221 0.733 
 317 Q _   0.004 0.017 0.000 0.013 0.003 0.008 0.218 0.736 
 318 L _   0.004 0.017 0.000 0.011 0.003 0.008 0.216 0.740 
 319 S _   0.004 0.018 0.000 0.010 0.003 0.008 0.213 0.744 
 320 R _   0.004 0.018 0.000 0.009 0.003 0.008 0.211 0.747 
 321 L _   0.004 0.018 0.000 0.008 0.003 0.008 0.209 0.749 
 322 K _   0.005 0.019 0.000 0.007 0.003 0.009 0.206 0.749 
 323 D _   0.006 0.022 0.000 0.008 0.003 0.010 0.204 0.747 
 324 E _   0.007 0.025 0.000 0.010 0.004 0.012 0.201 0.741 
 325 E _   0.008 0.029 0.001 0.012 0.005 0.014 0.198 0.733 
 326 I _   0.009 0.035 0.001 0.015 0.007 0.015 0.196 0.722 
 327 S _   0.011 0.042 0.001 0.019 0.008 0.017 0.193 0.709 
 328 A _   0.012 0.048 0.001 0.023 0.010 0.019 0.191 0.697 
 329 A _   0.013 0.053 0.001 0.026 0.011 0.020 0.189 0.689 
 330 A _   0.014 0.055 0.001 0.027 0.011 0.020 0.188 0.685 
 331 I _   0.014 0.056 0.001 0.027 0.011 0.020 0.187 0.685 
 332 K _   0.014 0.055 0.001 0.025 0.010 0.019 0.187 0.688 
 333 A _   0.014 0.053 0.001 0.022 0.010 0.019 0.187 0.695 
 334 Q _   0.014 0.049 0.001 0.018 0.009 0.018 0.187 0.704 
 335 F _   0.014 0.045 0.001 0.015 0.008 0.017 0.188 0.712 
 336 E _   0.014 0.041 0.001 0.012 0.007 0.016 0.189 0.720 
 337 K _   0.013 0.038 0.001 0.011 0.006 0.016 0.191 0.725 
 338 Q _   0.013 0.035 0.001 0.010 0.006 0.015 0.192 0.729 
 339 L _   0.013 0.033 0.001 0.009 0.006 0.015 0.193 0.730 
 340 L _   0.013 0.032 0.001 0.009 0.006 0.015 0.194 0.730 
 341 T _   0.014 0.032 0.001 0.009 0.006 0.015 0.196 0.729 
 342 E _   0.014 0.031 0.001 0.010 0.006 0.015 0.197 0.727 
 343 R _   0.014 0.031 0.001 0.010 0.006 0.015 0.199 0.725 
 344 T _   0.014 0.032 0.001 0.010 0.006 0.015 0.201 0.722 
 345 L _   0.014 0.032 0.001 0.011 0.006 0.015 0.203 0.720 
 346 K _   0.013 0.033 0.001 0.011 0.006 0.015 0.205 0.717 
 347 T _   0.013 0.034 0.001 0.011 0.006 0.015 0.207 0.713 
 348 Q _   0.013 0.035 0.001 0.012 0.007 0.015 0.209 0.708 
 349 A _   0.013 0.036 0.001 0.014 0.007 0.015 0.211 0.702 
 350 V _   0.013 0.038 0.001 0.016 0.007 0.015 0.214 0.694 
 351 N _   0.014 0.040 0.001 0.018 0.008 0.015 0.218 0.687 
 352 K _   0.013 0.041 0.001 0.020 0.008 0.015 0.221 0.680 
 353 L _   0.013 0.041 0.001 0.022 0.008 0.015 0.226 0.675 
 354 A _   0.013 0.041 0.001 0.022 0.008 0.014 0.230 0.671 
 355 E _   0.012 0.039 0.001 0.022 0.007 0.013 0.236 0.670 
 356 I _   0.011 0.036 0.001 0.021 0.007 0.012 0.242 0.671 
 357 M _   0.011 0.032 0.001 0.018 0.006 0.011 0.248 0.674 
 358 N _   0.010 0.027 0.001 0.015 0.005 0.010 0.255 0.678 
 359 R _   0.009 0.021 0.000 0.013 0.004 0.009 0.262 0.682 
 360 K _   0.009 0.016 0.000 0.010 0.003 0.008 0.269 0.685 
 361 E _   0.008 0.012 0.000 0.008 0.002 0.007 0.275 0.688 
 362 P _   0.007 0.009 0.000 0.006 0.002 0.006 0.280 0.689 
 363 V _   0.006 0.006 0.000 0.005 0.002 0.005 0.285 0.690 
 364 K _   0.006 0.005 0.000 0.005 0.002 0.005 0.289 0.689 
 365 R _   0.006 0.004 0.000 0.004 0.001 0.005 0.292 0.688 
 366 G _   0.005 0.003 0.000 0.004 0.001 0.005 0.294 0.687 
 367 N _   0.005 0.003 0.000 0.005 0.001 0.005 0.295 0.686 
 368 D _   0.005 0.003 0.000 0.005 0.001 0.005 0.296 0.685 
 369 T _   0.004 0.003 0.000 0.005 0.001 0.005 0.297 0.685 
 370 D _   0.004 0.003 0.000 0.005 0.001 0.005 0.296 0.686 
 371 V _   0.004 0.003 0.000 0.005 0.001 0.005 0.295 0.687 
 372 R _   0.004 0.003 0.000 0.005 0.001 0.005 0.293 0.689 
 373 R _   0.004 0.003 0.000 0.005 0.001 0.005 0.291 0.691 
 374 K _   0.003 0.004 0.000 0.005 0.001 0.005 0.288 0.694 
 375 E _   0.003 0.004 0.000 0.006 0.002 0.005 0.284 0.696 
 376 K _   0.003 0.005 0.000 0.006 0.002 0.005 0.280 0.698 
 377 E _   0.003 0.007 0.000 0.007 0.002 0.006 0.276 0.700 
 378 N _   0.003 0.008 0.000 0.008 0.002 0.006 0.271 0.701 
 379 R _   0.004 0.010 0.000 0.010 0.002 0.007 0.267 0.701 
 380 K _   0.004 0.012 0.000 0.011 0.003 0.007 0.262 0.701 
 381 L _   0.004 0.015 0.000 0.012 0.003 0.007 0.257 0.701 
 382 H _   0.004 0.017 0.000 0.013 0.003 0.008 0.252 0.703 
 383 M _   0.004 0.018 0.000 0.013 0.003 0.008 0.248 0.706 
 384 E _   0.004 0.020 0.000 0.012 0.003 0.008 0.243 0.709 
 385 L _   0.004 0.021 0.000 0.011 0.003 0.008 0.239 0.714 
 386 K _   0.004 0.021 0.000 0.010 0.003 0.008 0.235 0.718 
 387 S _   0.004 0.022 0.000 0.010 0.003 0.008 0.231 0.721 
 388 E _   0.005 0.023 0.000 0.009 0.003 0.008 0.227 0.724 
 389 R _   0.005 0.025 0.000 0.010 0.003 0.009 0.223 0.724 
 390 E _   0.006 0.028 0.000 0.011 0.004 0.010 0.219 0.723 
 391 K _   0.006 0.031 0.001 0.013 0.005 0.011 0.215 0.719 
 392 L _   0.007 0.034 0.001 0.016 0.005 0.012 0.211 0.714 
 393 T _   0.007 0.038 0.001 0.018 0.006 0.012 0.207 0.711 
 394 Q _   0.008 0.040 0.001 0.020 0.006 0.012 0.204 0.709 
 395 Q _   0.008 0.041 0.001 0.021 0.006 0.012 0.201 0.710 
 396 M _   0.008 0.041 0.001 0.020 0.006 0.012 0.199 0.713 
 397 I _   0.008 0.040 0.001 0.018 0.006 0.011 0.197 0.719 
 398 K _   0.007 0.038 0.001 0.015 0.005 0.011 0.196 0.727 
 399 Y _   0.007 0.036 0.001 0.013 0.004 0.010 0.194 0.735 
 400 Q _   0.007 0.034 0.000 0.010 0.004 0.010 0.193 0.742 
 401 K _   0.007 0.032 0.000 0.009 0.004 0.010 0.192 0.747 
 402 E _   0.007 0.030 0.000 0.008 0.003 0.010 0.191 0.750 
 403 L _   0.007 0.030 0.000 0.008 0.004 0.010 0.190 0.750 
 404 N _   0.008 0.031 0.000 0.009 0.004 0.010 0.189 0.749 
 405 E _   0.008 0.032 0.000 0.009 0.004 0.011 0.188 0.747 
 406 M _   0.009 0.033 0.001 0.010 0.005 0.012 0.187 0.744 
 407 Q _   0.009 0.035 0.001 0.011 0.005 0.012 0.186 0.742 
 408 A _   0.010 0.036 0.001 0.011 0.005 0.013 0.185 0.740 
 409 Q _   0.010 0.037 0.001 0.011 0.005 0.013 0.183 0.740 
 410 I _   0.011 0.038 0.001 0.010 0.005 0.014 0.182 0.739 
 411 A _   0.011 0.040 0.001 0.010 0.005 0.015 0.181 0.736 
 412 E _   0.013 0.042 0.001 0.011 0.006 0.016 0.180 0.732 
 413 E _   0.014 0.045 0.001 0.012 0.007 0.018 0.179 0.724 
 414 S _   0.016 0.050 0.001 0.015 0.008 0.019 0.178 0.712 
 415 Q _   0.018 0.057 0.001 0.019 0.010 0.021 0.178 0.697 
 416 I _   0.019 0.064 0.001 0.025 0.012 0.022 0.177 0.680 
 417 R _   0.020 0.070 0.001 0.031 0.013 0.023 0.177 0.665 
 418 I _   0.021 0.074 0.001 0.035 0.014 0.022 0.178 0.654 
 419 E _   0.020 0.075 0.001 0.038 0.014 0.021 0.179 0.651 
 420 L _   0.019 0.074 0.001 0.037 0.012 0.019 0.182 0.656 
 421 Q _   0.017 0.068 0.001 0.032 0.010 0.017 0.185 0.669 
 422 M _   0.015 0.059 0.001 0.026 0.008 0.015 0.188 0.688 
 423 T _   0.013 0.048 0.001 0.019 0.006 0.012 0.191 0.711 
 424 L _   0.011 0.035 0.001 0.012 0.004 0.010 0.194 0.733 
 425 D _   0.009 0.025 0.000 0.008 0.003 0.008 0.197 0.750 
 426 S _   0.007 0.018 0.000 0.005 0.002 0.007 0.199 0.762 
 427 K _   0.006 0.015 0.000 0.003 0.002 0.007 0.200 0.768 
 428 D _   0.006 0.014 0.000 0.003 0.001 0.007 0.200 0.770 
 429 S _   0.006 0.015 0.000 0.003 0.002 0.008 0.199 0.768 
 430 D _   0.007 0.019 0.000 0.004 0.002 0.010 0.197 0.761 
 431 I _   0.008 0.027 0.000 0.007 0.004 0.013 0.195 0.746 
 432 E _   0.010 0.046 0.001 0.012 0.006 0.016 0.191 0.719 
 433 Q _   0.011 0.078 0.001 0.018 0.009 0.020 0.185 0.678 
 434 L _   0.012 0.123 0.001 0.025 0.012 0.022 0.179 0.626 
 435 R _   0.012 0.172 0.002 0.033 0.015 0.024 0.172 0.571 
 436 S _   0.012 0.216 0.002 0.039 0.016 0.025 0.167 0.523 
 437 Q _   0.012 0.251 0.002 0.045 0.017 0.025 0.163 0.486 
 438 L _   0.011 0.274 0.001 0.049 0.018 0.025 0.160 0.462 
 439 Q _   0.011 0.288 0.001 0.051 0.018 0.024 0.159 0.447 
 440 A _   0.012 0.295 0.001 0.052 0.017 0.023 0.159 0.442 
 441 L _   0.011 0.297 0.001 0.050 0.016 0.021 0.160 0.444 
 442 H _   0.011 0.292 0.001 0.047 0.014 0.020 0.161 0.453 
 443 I _   0.011 0.283 0.001 0.043 0.012 0.018 0.164 0.468 
 444 G _   0.011 0.267 0.001 0.038 0.011 0.016 0.167 0.489 
 445 L _   0.011 0.244 0.001 0.033 0.009 0.015 0.172 0.516 
 446 D _   0.011 0.217 0.001 0.028 0.008 0.014 0.177 0.545 
 447 S _   0.010 0.188 0.001 0.023 0.007 0.012 0.182 0.577 
 448 S _   0.010 0.159 0.001 0.019 0.006 0.011 0.187 0.607 
 449 S _   0.009 0.134 0.001 0.016 0.005 0.010 0.192 0.633 
 450 I _   0.008 0.113 0.001 0.014 0.004 0.009 0.197 0.654 
 451 G _   0.008 0.097 0.000 0.012 0.003 0.009 0.200 0.671 
 452 S _   0.007 0.084 0.000 0.011 0.003 0.008 0.203 0.684 
 453 G _   0.006 0.074 0.000 0.010 0.002 0.007 0.205 0.694 
 454 P _   0.006 0.067 0.000 0.008 0.002 0.007 0.207 0.703 
 455 G _   0.005 0.061 0.000 0.008 0.002 0.006 0.208 0.711 
 456 D _   0.005 0.057 0.000 0.007 0.002 0.006 0.208 0.716 
 457 A _   0.004 0.055 0.000 0.006 0.002 0.005 0.207 0.721 
 458 E _   0.004 0.053 0.000 0.005 0.001 0.005 0.206 0.725 
 459 A _   0.003 0.054 0.000 0.005 0.001 0.005 0.203 0.727 
 460 D _   0.003 0.056 0.000 0.006 0.001 0.006 0.200 0.728 
 461 D _   0.003 0.061 0.000 0.007 0.002 0.007 0.196 0.724 
 462 G _   0.004 0.070 0.000 0.010 0.003 0.009 0.190 0.715 
 463 F _   0.005 0.087 0.001 0.014 0.004 0.011 0.182 0.697 
 464 P _   0.005 0.114 0.001 0.020 0.006 0.013 0.173 0.668 
 465 E _   0.006 0.153 0.001 0.029 0.008 0.015 0.162 0.626 
 466 S _   0.006 0.197 0.001 0.040 0.010 0.017 0.151 0.579 
 467 R _   0.006 0.236 0.001 0.050 0.011 0.018 0.141 0.537 
 468 L _   0.006 0.265 0.001 0.058 0.012 0.018 0.134 0.505 
 469 E _   0.006 0.283 0.001 0.064 0.013 0.018 0.129 0.487 
 470 G _   0.006 0.291 0.001 0.066 0.013 0.017 0.126 0.480 
 471 W _   0.006 0.292 0.001 0.065 0.012 0.017 0.124 0.483 
 472 L _   0.006 0.287 0.001 0.060 0.012 0.016 0.123 0.496 
 473 S _   0.007 0.272 0.001 0.052 0.011 0.014 0.123 0.520 
 474 L _   0.007 0.247 0.001 0.042 0.009 0.013 0.124 0.557 
 475 P _   0.007 0.211 0.001 0.031 0.008 0.012 0.126 0.604 
 476 V _   0.007 0.172 0.001 0.021 0.006 0.011 0.128 0.653 
 477 R _   0.007 0.138 0.001 0.014 0.004 0.010 0.130 0.696 
 478 N _   0.007 0.116 0.000 0.009 0.003 0.010 0.131 0.724 
 479 N _   0.006 0.104 0.000 0.006 0.003 0.010 0.131 0.740 
 480 T _   0.006 0.100 0.000 0.005 0.002 0.010 0.131 0.746 
 481 K _   0.007 0.100 0.000 0.005 0.003 0.012 0.130 0.744 
 482 K _   0.008 0.104 0.000 0.007 0.004 0.014 0.128 0.735 
 483 F _   0.010 0.115 0.001 0.010 0.005 0.016 0.125 0.718 
 484 G _   0.011 0.135 0.001 0.014 0.008 0.019 0.122 0.690 
 485 W _   0.013 0.164 0.001 0.019 0.010 0.022 0.119 0.653 
 486 V _   0.013 0.198 0.001 0.024 0.012 0.023 0.115 0.612 
 487 K _   0.014 0.231 0.001 0.029 0.014 0.025 0.112 0.574 
 488 K _   0.014 0.259 0.001 0.032 0.016 0.026 0.109 0.542 
 489 Y _   0.015 0.280 0.001 0.035 0.017 0.026 0.107 0.519 
 490 V _   0.015 0.295 0.001 0.038 0.017 0.026 0.106 0.502 
 491 I _   0.015 0.305 0.001 0.040 0.018 0.026 0.105 0.490 
 492 V _   0.016 0.310 0.001 0.042 0.017 0.025 0.105 0.483 
 493 S _   0.016 0.311 0.001 0.043 0.017 0.024 0.106 0.482 
 494 S _   0.016 0.308 0.001 0.043 0.016 0.023 0.108 0.485 
 495 K _   0.016 0.299 0.001 0.042 0.015 0.021 0.110 0.496 
 496 K _   0.016 0.283 0.001 0.039 0.013 0.019 0.114 0.515 
 497 I _   0.015 0.258 0.001 0.036 0.012 0.018 0.118 0.543 
 498 L _   0.014 0.223 0.001 0.032 0.010 0.016 0.123 0.581 
 499 F _   0.014 0.180 0.001 0.026 0.009 0.014 0.129 0.628 
 500 Y _   0.013 0.133 0.001 0.021 0.007 0.013 0.134 0.680 
 501 D _   0.011 0.091 0.001 0.015 0.005 0.011 0.139 0.727 
 502 S _   0.009 0.059 0.001 0.010 0.004 0.009 0.143 0.765 
 503 E _   0.008 0.040 0.000 0.007 0.002 0.008 0.146 0.790 
 504 Q _   0.006 0.029 0.000 0.005 0.002 0.006 0.147 0.804 
 505 D _   0.005 0.024 0.000 0.003 0.001 0.006 0.148 0.812 
 506 K _   0.005 0.023 0.000 0.003 0.001 0.006 0.147 0.815 
 507 E _   0.005 0.023 0.000 0.004 0.002 0.007 0.146 0.814 
 508 Q _   0.005 0.025 0.000 0.005 0.002 0.008 0.144 0.810 
 509 S _   0.006 0.031 0.000 0.007 0.003 0.010 0.142 0.801 
 510 N _   0.007 0.041 0.001 0.011 0.004 0.012 0.139 0.786 
 511 P _   0.008 0.055 0.001 0.015 0.006 0.014 0.135 0.766 
 512 Y _   0.009 0.071 0.001 0.019 0.007 0.016 0.132 0.745 
 513 M _   0.009 0.087 0.001 0.023 0.008 0.018 0.128 0.725 
 514 V _   0.010 0.100 0.001 0.026 0.009 0.019 0.125 0.710 
 515 L _   0.010 0.111 0.001 0.027 0.010 0.020 0.122 0.698 
 516 D _   0.011 0.118 0.001 0.027 0.011 0.021 0.120 0.691 
 517 I _   0.011 0.123 0.001 0.027 0.011 0.022 0.118 0.687 
 518 D _   0.012 0.127 0.001 0.026 0.011 0.022 0.117 0.684 
 519 K _   0.013 0.130 0.001 0.026 0.012 0.022 0.116 0.681 
 520 L _   0.013 0.131 0.001 0.026 0.012 0.022 0.115 0.680 
 521 F _   0.014 0.131 0.001 0.027 0.012 0.022 0.115 0.679 
 522 H _   0.014 0.131 0.001 0.027 0.012 0.021 0.115 0.679 
 523 V _   0.014 0.128 0.001 0.028 0.011 0.020 0.116 0.682 
 524 R _   0.013 0.124 0.001 0.028 0.011 0.019 0.117 0.688 
 525 P _   0.013 0.117 0.001 0.026 0.010 0.017 0.118 0.698 
 526 V _   0.012 0.108 0.001 0.024 0.009 0.016 0.120 0.710 
 527 T _   0.012 0.096 0.001 0.021 0.008 0.014 0.122 0.727 
 528 Q _   0.011 0.081 0.001 0.017 0.006 0.013 0.124 0.747 
 529 T _   0.010 0.067 0.001 0.013 0.005 0.012 0.126 0.767 
 530 D _   0.009 0.054 0.001 0.010 0.004 0.010 0.128 0.785 
 531 V _   0.008 0.044 0.000 0.007 0.003 0.010 0.129 0.798 
 532 Y _   0.008 0.039 0.000 0.005 0.003 0.009 0.130 0.807 
 533 R _   0.007 0.036 0.000 0.004 0.002 0.010 0.130 0.810 
 534 A _   0.008 0.035 0.000 0.004 0.002 0.011 0.130 0.809 
 535 D _   0.009 0.037 0.000 0.005 0.003 0.013 0.129 0.803 
 536 A _   0.011 0.043 0.001 0.007 0.005 0.016 0.128 0.790 
 537 K _   0.014 0.057 0.001 0.011 0.007 0.019 0.126 0.766 
 538 E _   0.016 0.082 0.001 0.018 0.011 0.023 0.123 0.726 
 539 I _   0.018 0.120 0.002 0.028 0.015 0.026 0.120 0.672 
 540 P _   0.019 0.163 0.002 0.039 0.019 0.028 0.116 0.613 
 541 R _   0.020 0.200 0.002 0.051 0.021 0.029 0.114 0.563 
 542 I _   0.020 0.225 0.002 0.061 0.022 0.029 0.113 0.528 
 543 F _   0.019 0.238 0.002 0.068 0.022 0.028 0.113 0.510 
 544 Q _   0.019 0.242 0.001 0.070 0.021 0.027 0.114 0.506 
 545 I _   0.018 0.239 0.001 0.068 0.019 0.025 0.117 0.514 
 546 L _   0.017 0.227 0.001 0.061 0.016 0.022 0.120 0.536 
 547 Y _   0.015 0.205 0.001 0.050 0.013 0.019 0.125 0.572 
 548 A _   0.014 0.170 0.001 0.038 0.010 0.016 0.130 0.620 
 549 N _   0.013 0.128 0.001 0.026 0.007 0.013 0.136 0.674 
 550 E _   0.012 0.089 0.001 0.017 0.005 0.011 0.141 0.724 
 551 G _   0.010 0.061 0.000 0.010 0.003 0.009 0.145 0.761 
 552 E _   0.008 0.046 0.000 0.006 0.002 0.007 0.147 0.784 
 553 S _   0.006 0.038 0.000 0.004 0.002 0.006 0.148 0.796 
 554 K _   0.005 0.035 0.000 0.004 0.001 0.006 0.148 0.802 
 555 K _   0.005 0.034 0.000 0.004 0.001 0.006 0.147 0.803 
 556 E _   0.005 0.035 0.000 0.005 0.002 0.006 0.145 0.801 
 557 Q _   0.005 0.040 0.000 0.007 0.002 0.007 0.143 0.797 
 558 E _   0.005 0.047 0.000 0.009 0.003 0.008 0.140 0.788 
 559 F _   0.005 0.057 0.000 0.013 0.003 0.008 0.136 0.777 
 560 P _   0.005 0.069 0.001 0.016 0.004 0.009 0.132 0.765 
 561 V _   0.005 0.082 0.001 0.018 0.004 0.009 0.127 0.754 
 562 E _   0.005 0.093 0.001 0.020 0.005 0.010 0.123 0.744 
 563 P _   0.005 0.102 0.001 0.021 0.005 0.010 0.120 0.738 
 564 V _   0.004 0.110 0.001 0.020 0.005 0.010 0.116 0.734 
 565 G _   0.004 0.116 0.001 0.019 0.005 0.010 0.113 0.732 
 566 E _   0.005 0.121 0.001 0.018 0.004 0.010 0.111 0.731 
 567 K _   0.005 0.125 0.001 0.016 0.004 0.010 0.109 0.731 
 568 S _   0.005 0.129 0.000 0.014 0.004 0.010 0.106 0.731 
 569 N _   0.005 0.134 0.000 0.013 0.004 0.011 0.104 0.729 
 570 Y _   0.005 0.140 0.001 0.013 0.004 0.011 0.102 0.724 
 571 I _   0.006 0.148 0.001 0.013 0.005 0.012 0.099 0.716 
 572 C _   0.007 0.159 0.001 0.015 0.006 0.014 0.096 0.703 
 573 H _   0.007 0.175 0.001 0.017 0.007 0.015 0.093 0.685 
 574 K _   0.008 0.195 0.001 0.021 0.009 0.017 0.090 0.660 
 575 G _   0.009 0.217 0.001 0.025 0.010 0.018 0.086 0.633 
 576 H _   0.009 0.240 0.001 0.030 0.012 0.019 0.083 0.606 
 577 E _   0.009 0.258 0.001 0.035 0.013 0.020 0.081 0.584 
 578 F _   0.009 0.270 0.001 0.038 0.013 0.020 0.079 0.569 
 579 I _   0.009 0.277 0.001 0.039 0.013 0.019 0.078 0.563 
 580 P _   0.009 0.278 0.001 0.038 0.012 0.019 0.078 0.564 
 581 T _   0.009 0.275 0.001 0.035 0.011 0.018 0.078 0.573 
 582 L _   0.009 0.267 0.001 0.030 0.010 0.017 0.079 0.587 
 583 Y _   0.009 0.255 0.001 0.024 0.009 0.016 0.079 0.607 
 584 H _   0.009 0.240 0.001 0.019 0.008 0.016 0.080 0.628 
 585 F _   0.009 0.226 0.001 0.015 0.007 0.015 0.082 0.647 
 586 P _   0.009 0.215 0.001 0.012 0.006 0.015 0.083 0.660 
 587 T _   0.009 0.208 0.001 0.010 0.006 0.016 0.083 0.667 
 588 N _   0.010 0.205 0.001 0.010 0.006 0.017 0.084 0.667 
 589 C _   0.011 0.207 0.001 0.012 0.007 0.017 0.085 0.661 
 590 E _   0.012 0.211 0.001 0.015 0.008 0.018 0.085 0.650 
 591 A _   0.013 0.217 0.001 0.019 0.009 0.019 0.086 0.637 
 592 C _   0.013 0.223 0.001 0.023 0.011 0.019 0.086 0.624 
 593 M _   0.013 0.227 0.001 0.027 0.011 0.019 0.087 0.614 
 594 K _   0.013 0.227 0.001 0.029 0.012 0.019 0.089 0.610 
 595 P _   0.013 0.224 0.001 0.029 0.011 0.018 0.090 0.612 
 596 L _   0.013 0.217 0.001 0.028 0.010 0.017 0.093 0.621 
 597 W _   0.012 0.205 0.001 0.024 0.009 0.016 0.096 0.636 
 598 H _   0.012 0.189 0.001 0.020 0.008 0.015 0.099 0.656 
 599 M _   0.011 0.171 0.001 0.015 0.007 0.014 0.103 0.678 
 600 F _   0.010 0.155 0.001 0.012 0.005 0.013 0.106 0.698 
 601 K _   0.010 0.143 0.001 0.009 0.004 0.013 0.109 0.711 
 602 P _   0.009 0.137 0.000 0.008 0.004 0.013 0.111 0.717 
 603 P _   0.009 0.135 0.000 0.008 0.004 0.014 0.113 0.717 
 604 P _   0.010 0.137 0.001 0.009 0.005 0.015 0.115 0.709 
 605 A _   0.011 0.143 0.001 0.013 0.006 0.017 0.116 0.693 
 606 L _   0.012 0.154 0.001 0.020 0.008 0.018 0.117 0.670 
 607 E _   0.012 0.167 0.001 0.028 0.011 0.019 0.118 0.643 
 608 C _   0.012 0.179 0.001 0.036 0.012 0.020 0.119 0.620 
 609 R _   0.012 0.186 0.001 0.044 0.013 0.020 0.121 0.602 
 610 R _   0.012 0.188 0.001 0.048 0.013 0.019 0.125 0.593 
 611 C _   0.011 0.186 0.001 0.049 0.013 0.018 0.129 0.594 
 612 H _   0.011 0.177 0.001 0.046 0.012 0.016 0.134 0.603 
 613 I _   0.010 0.161 0.001 0.040 0.010 0.015 0.141 0.622 
 614 K _   0.009 0.135 0.001 0.033 0.009 0.013 0.149 0.651 
 615 C _   0.009 0.103 0.001 0.024 0.007 0.011 0.158 0.687 
 616 H _   0.008 0.069 0.001 0.016 0.005 0.009 0.167 0.724 
 617 K _   0.007 0.044 0.001 0.010 0.003 0.008 0.175 0.752 
 618 D _   0.006 0.027 0.000 0.006 0.002 0.007 0.181 0.770 
 619 H _   0.005 0.019 0.000 0.004 0.002 0.006 0.185 0.779 
 620 M _   0.005 0.016 0.000 0.003 0.001 0.006 0.188 0.781 
 621 D _   0.005 0.015 0.000 0.003 0.002 0.007 0.190 0.779 
 622 K _   0.006 0.016 0.000 0.004 0.002 0.009 0.191 0.772 
 623 K _   0.007 0.020 0.000 0.006 0.003 0.011 0.192 0.760 
 624 E _   0.008 0.028 0.001 0.011 0.005 0.014 0.192 0.741 
 625 E _   0.010 0.041 0.001 0.017 0.007 0.017 0.192 0.715 
 626 I _   0.011 0.058 0.001 0.024 0.010 0.020 0.191 0.684 
 627 I _   0.012 0.073 0.001 0.032 0.012 0.023 0.192 0.656 
 628 A _   0.012 0.084 0.001 0.037 0.014 0.024 0.193 0.635 
 629 P _   0.013 0.090 0.001 0.039 0.015 0.025 0.194 0.622 
 630 C _   0.013 0.093 0.001 0.038 0.015 0.026 0.197 0.617 
 631 K _   0.013 0.092 0.001 0.035 0.014 0.026 0.201 0.617 
 632 V _   0.014 0.089 0.001 0.029 0.013 0.026 0.205 0.622 
 633 Y _   0.014 0.085 0.001 0.023 0.012 0.025 0.210 0.630 
 634 Y _   0.014 0.079 0.001 0.018 0.010 0.025 0.215 0.637 
 635 D _   0.015 0.074 0.001 0.015 0.009 0.025 0.220 0.640 
 636 I _   0.016 0.072 0.001 0.013 0.009 0.026 0.225 0.639 
 637 S _   0.017 0.070 0.001 0.012 0.010 0.026 0.230 0.633 
 638 T _   0.018 0.071 0.001 0.014 0.011 0.027 0.235 0.623 
 639 A _   0.020 0.073 0.001 0.017 0.012 0.028 0.241 0.609 
 640 K _   0.020 0.075 0.001 0.021 0.013 0.028 0.247 0.595 
 641 N _   0.021 0.077 0.001 0.024 0.014 0.027 0.253 0.581 
 642 L _   0.021 0.078 0.001 0.027 0.015 0.026 0.261 0.571 
 643 L _   0.020 0.077 0.001 0.027 0.014 0.025 0.269 0.567 
 644 L _   0.019 0.073 0.001 0.026 0.013 0.023 0.279 0.566 
 645 L _   0.018 0.067 0.001 0.023 0.011 0.021 0.289 0.570 
 646 A _   0.017 0.059 0.001 0.019 0.010 0.019 0.300 0.575 
 647 N _   0.016 0.050 0.001 0.014 0.008 0.018 0.312 0.581 
 648 S _   0.015 0.042 0.001 0.011 0.006 0.017 0.323 0.586 
 649 T _   0.014 0.037 0.001 0.008 0.005 0.016 0.333 0.586 
 650 E _   0.014 0.033 0.001 0.007 0.005 0.015 0.343 0.582 
 651 E _   0.014 0.032 0.001 0.007 0.005 0.016 0.352 0.574 
 652 Q _   0.015 0.032 0.001 0.008 0.005 0.016 0.361 0.562 
 653 Q _   0.015 0.034 0.001 0.011 0.006 0.017 0.370 0.546 
 654 K _   0.016 0.036 0.001 0.016 0.008 0.018 0.380 0.526 
 655 W _   0.016 0.040 0.001 0.022 0.009 0.018 0.390 0.504 
 656 V _   0.016 0.043 0.001 0.028 0.011 0.019 0.401 0.481 
 657 S _   0.016 0.045 0.001 0.033 0.011 0.018 0.415 0.461 
 658 R _   0.015 0.045 0.001 0.036 0.011 0.017 0.431 0.445 
 659 L X   0.013 0.043 0.001 0.035 0.010 0.016 0.449 0.433 
 660 V X   0.012 0.039 0.001 0.031 0.009 0.014 0.469 0.427 
 661 K X   0.010 0.032 0.001 0.025 0.007 0.011 0.491 0.423 
 662 K X   0.009 0.024 0.001 0.018 0.005 0.009 0.513 0.422 
 663 I X   0.007 0.016 0.000 0.011 0.003 0.007 0.534 0.421 
