#TopoPred_TM8: 8-state transmembrane topology prediction results by no_profile mode 
#probabilities are in the order of H E C I L F X _, the 8 transmembrane topology types used in PDBTM 
   1 M X   0.017 0.002 0.002 0.061 0.010 0.011 0.606 0.290 
   2 E X   0.006 0.001 0.000 0.035 0.002 0.006 0.621 0.329 
   3 K X   0.001 0.001 0.000 0.019 0.001 0.004 0.622 0.352 
   4 Y X   0.001 0.002 0.000 0.014 0.001 0.004 0.616 0.363 
   5 E X   0.002 0.004 0.000 0.013 0.001 0.006 0.604 0.369 
   6 K X   0.003 0.009 0.000 0.015 0.002 0.010 0.585 0.375 
   7 I X   0.005 0.019 0.001 0.018 0.004 0.014 0.562 0.377 
   8 G X   0.007 0.038 0.001 0.024 0.006 0.019 0.530 0.375 
   9 K X   0.008 0.070 0.001 0.033 0.009 0.023 0.489 0.367 
  10 I X   0.009 0.115 0.002 0.042 0.013 0.025 0.442 0.351 
  11 G X   0.008 0.166 0.002 0.051 0.016 0.027 0.396 0.333 
  12 E X   0.008 0.212 0.002 0.059 0.018 0.027 0.357 0.317 
  13 G X   0.008 0.248 0.002 0.064 0.019 0.027 0.327 0.306 
  14 S X   0.008 0.272 0.002 0.066 0.019 0.026 0.304 0.302 
  15 Y _   0.008 0.288 0.002 0.067 0.019 0.025 0.288 0.304 
  16 G _   0.008 0.295 0.001 0.065 0.018 0.024 0.275 0.312 
  17 V _   0.009 0.297 0.001 0.061 0.016 0.023 0.266 0.327 
  18 V _   0.009 0.293 0.001 0.053 0.015 0.021 0.258 0.350 
  19 F _   0.009 0.282 0.001 0.044 0.013 0.019 0.252 0.379 
  20 K _   0.009 0.265 0.001 0.034 0.010 0.017 0.247 0.416 
  21 C _   0.009 0.243 0.001 0.025 0.008 0.016 0.242 0.456 
  22 R _   0.008 0.221 0.001 0.018 0.006 0.015 0.238 0.493 
  23 N _   0.007 0.204 0.001 0.013 0.005 0.014 0.234 0.522 
  24 R _   0.007 0.194 0.001 0.010 0.004 0.013 0.229 0.542 
  25 D _   0.007 0.189 0.000 0.009 0.004 0.013 0.224 0.553 
  26 T _   0.007 0.188 0.001 0.011 0.005 0.014 0.219 0.556 
  27 G _   0.007 0.192 0.001 0.015 0.006 0.015 0.213 0.553 
  28 Q _   0.008 0.198 0.001 0.020 0.007 0.015 0.206 0.545 
  29 I _   0.008 0.204 0.001 0.028 0.009 0.016 0.199 0.535 
  30 V _   0.008 0.209 0.001 0.034 0.010 0.016 0.193 0.528 
  31 A _   0.008 0.211 0.001 0.039 0.010 0.016 0.189 0.526 
  32 I _   0.008 0.208 0.001 0.041 0.010 0.015 0.185 0.531 
  33 K _   0.008 0.199 0.001 0.040 0.010 0.014 0.183 0.545 
  34 K _   0.008 0.181 0.001 0.035 0.009 0.013 0.181 0.570 
  35 F _   0.008 0.153 0.001 0.029 0.008 0.012 0.181 0.608 
  36 L _   0.008 0.117 0.001 0.022 0.006 0.011 0.181 0.654 
  37 E _   0.007 0.081 0.001 0.015 0.005 0.010 0.181 0.701 
  38 S _   0.007 0.053 0.001 0.009 0.003 0.009 0.181 0.738 
  39 E _   0.006 0.037 0.000 0.005 0.002 0.009 0.179 0.761 
  40 D _   0.006 0.030 0.000 0.004 0.002 0.009 0.178 0.772 
  41 D _   0.007 0.028 0.000 0.003 0.002 0.010 0.175 0.775 
  42 P _   0.009 0.029 0.000 0.004 0.003 0.013 0.172 0.771 
  43 V _   0.012 0.034 0.000 0.006 0.005 0.018 0.167 0.758 
  44 I _   0.016 0.048 0.001 0.012 0.009 0.023 0.161 0.730 
  45 K _   0.020 0.077 0.001 0.021 0.014 0.029 0.153 0.684 
  46 K _   0.023 0.118 0.002 0.034 0.020 0.034 0.144 0.626 
  47 I _   0.024 0.159 0.002 0.047 0.024 0.037 0.135 0.571 
  48 A _   0.025 0.189 0.002 0.058 0.026 0.038 0.129 0.533 
  49 L _   0.025 0.207 0.002 0.067 0.027 0.037 0.124 0.512 
  50 R _   0.024 0.214 0.002 0.070 0.027 0.036 0.121 0.506 
  51 E _   0.024 0.215 0.002 0.070 0.025 0.034 0.119 0.513 
  52 I _   0.022 0.208 0.002 0.064 0.023 0.031 0.118 0.533 
  53 R _   0.021 0.191 0.002 0.055 0.019 0.027 0.118 0.567 
  54 M _   0.020 0.161 0.002 0.043 0.016 0.024 0.118 0.617 
  55 L _   0.018 0.120 0.001 0.031 0.012 0.021 0.119 0.677 
  56 K _   0.017 0.077 0.001 0.020 0.009 0.018 0.121 0.738 
  57 Q _   0.015 0.043 0.001 0.012 0.006 0.015 0.121 0.788 
  58 L _   0.013 0.023 0.001 0.006 0.004 0.014 0.121 0.819 
  59 K _   0.011 0.014 0.000 0.004 0.003 0.013 0.120 0.835 
  60 H _   0.011 0.011 0.000 0.003 0.002 0.013 0.119 0.841 
  61 P _   0.012 0.010 0.000 0.003 0.003 0.014 0.118 0.839 
  62 N _   0.014 0.012 0.000 0.005 0.004 0.017 0.115 0.832 
  63 L _   0.017 0.016 0.001 0.009 0.007 0.020 0.113 0.817 
  64 V _   0.020 0.024 0.001 0.016 0.010 0.024 0.110 0.796 
  65 N _   0.022 0.033 0.001 0.024 0.013 0.027 0.106 0.772 
  66 L _   0.024 0.042 0.001 0.032 0.016 0.029 0.103 0.752 
  67 L _   0.025 0.047 0.001 0.038 0.017 0.030 0.101 0.741 
  68 E _   0.025 0.049 0.001 0.039 0.018 0.030 0.099 0.739 
  69 V _   0.024 0.048 0.001 0.036 0.017 0.029 0.097 0.746 
  70 F _   0.024 0.045 0.001 0.030 0.015 0.028 0.096 0.761 
  71 R _   0.023 0.040 0.001 0.023 0.013 0.026 0.095 0.779 
  72 R _   0.022 0.034 0.001 0.017 0.011 0.025 0.094 0.797 
  73 K _   0.022 0.028 0.001 0.012 0.009 0.024 0.093 0.811 
  74 R _   0.021 0.024 0.001 0.010 0.008 0.023 0.092 0.821 
  75 R _   0.021 0.022 0.001 0.009 0.007 0.022 0.092 0.826 
  76 L _   0.021 0.022 0.001 0.009 0.007 0.022 0.091 0.827 
  77 H _   0.021 0.022 0.001 0.011 0.008 0.022 0.090 0.825 
  78 L _   0.022 0.023 0.001 0.013 0.009 0.022 0.089 0.820 
  79 V _   0.022 0.025 0.001 0.016 0.010 0.022 0.089 0.817 
  80 F _   0.021 0.026 0.001 0.018 0.010 0.021 0.088 0.815 
  81 E _   0.020 0.027 0.001 0.019 0.010 0.020 0.087 0.816 
  82 Y _   0.018 0.026 0.001 0.020 0.010 0.019 0.087 0.820 
  83 C _   0.017 0.025 0.001 0.019 0.009 0.018 0.086 0.824 
  84 D _   0.016 0.024 0.001 0.018 0.008 0.017 0.086 0.831 
  85 H _   0.014 0.022 0.001 0.017 0.008 0.015 0.086 0.838 
  86 T _   0.013 0.019 0.001 0.015 0.007 0.014 0.086 0.845 
  87 V _   0.012 0.017 0.001 0.013 0.006 0.013 0.086 0.852 
  88 L _   0.011 0.014 0.001 0.012 0.005 0.012 0.086 0.858 
  89 H _   0.011 0.012 0.001 0.011 0.005 0.011 0.086 0.864 
  90 E _   0.010 0.010 0.001 0.010 0.004 0.011 0.086 0.869 
  91 L _   0.009 0.008 0.000 0.009 0.004 0.010 0.086 0.874 
  92 D _   0.008 0.007 0.000 0.008 0.003 0.010 0.086 0.877 
  93 R _   0.008 0.006 0.000 0.007 0.003 0.010 0.085 0.880 
  94 Y _   0.008 0.005 0.000 0.006 0.003 0.011 0.085 0.882 
  95 Q _   0.009 0.004 0.000 0.006 0.003 0.011 0.084 0.882 
  96 R _   0.010 0.004 0.000 0.006 0.003 0.013 0.083 0.881 
  97 G _   0.011 0.004 0.000 0.006 0.004 0.015 0.082 0.877 
  98 V _   0.014 0.005 0.001 0.006 0.004 0.018 0.081 0.871 
  99 P _   0.018 0.005 0.001 0.007 0.006 0.022 0.079 0.862 
 100 E _   0.025 0.007 0.001 0.008 0.007 0.027 0.078 0.848 
 101 H _   0.033 0.010 0.001 0.009 0.010 0.033 0.076 0.828 
 102 L _   0.044 0.013 0.001 0.010 0.015 0.041 0.074 0.801 
 103 V _   0.058 0.020 0.001 0.012 0.021 0.049 0.072 0.768 
 104 K _   0.072 0.028 0.002 0.015 0.028 0.056 0.070 0.729 
 105 S _   0.086 0.039 0.002 0.019 0.036 0.063 0.068 0.687 
 106 I _   0.098 0.053 0.002 0.023 0.044 0.067 0.066 0.646 
 107 T _   0.108 0.067 0.002 0.028 0.050 0.070 0.065 0.609 
 108 W _   0.114 0.079 0.003 0.033 0.053 0.071 0.065 0.583 
 109 Q _   0.116 0.088 0.003 0.037 0.055 0.069 0.065 0.567 
 110 T _   0.115 0.094 0.003 0.040 0.053 0.066 0.066 0.564 
 111 L _   0.110 0.096 0.002 0.041 0.049 0.062 0.067 0.572 
 112 Q _   0.103 0.095 0.002 0.040 0.044 0.056 0.069 0.590 
 113 A _   0.092 0.091 0.002 0.038 0.037 0.050 0.071 0.619 
 114 V _   0.080 0.083 0.002 0.034 0.030 0.044 0.074 0.653 
 115 N _   0.068 0.073 0.002 0.030 0.023 0.037 0.077 0.691 
 116 F _   0.055 0.060 0.001 0.025 0.017 0.031 0.080 0.731 
 117 C _   0.043 0.046 0.001 0.020 0.012 0.025 0.083 0.769 
 118 H _   0.034 0.034 0.001 0.016 0.009 0.021 0.085 0.801 
 119 K _   0.025 0.024 0.001 0.012 0.006 0.017 0.088 0.827 
 120 H _   0.019 0.016 0.001 0.010 0.004 0.013 0.089 0.848 
 121 N _   0.014 0.010 0.000 0.008 0.003 0.011 0.090 0.863 
 122 C _   0.010 0.007 0.000 0.006 0.003 0.009 0.091 0.874 
 123 I _   0.008 0.004 0.000 0.005 0.002 0.008 0.091 0.881 
 124 H _   0.007 0.003 0.000 0.004 0.002 0.007 0.091 0.885 
 125 R _   0.006 0.002 0.000 0.004 0.002 0.007 0.090 0.888 
 126 D _   0.006 0.002 0.000 0.004 0.002 0.007 0.090 0.889 
 127 V _   0.006 0.002 0.000 0.004 0.002 0.008 0.088 0.889 
 128 K _   0.007 0.002 0.000 0.005 0.002 0.010 0.087 0.886 
 129 P _   0.008 0.003 0.000 0.006 0.003 0.013 0.085 0.882 
 130 E _   0.010 0.005 0.000 0.007 0.004 0.016 0.082 0.874 
 131 N _   0.013 0.007 0.001 0.009 0.006 0.021 0.080 0.864 
 132 I _   0.016 0.011 0.001 0.011 0.008 0.026 0.077 0.851 
 133 L _   0.021 0.014 0.001 0.013 0.010 0.031 0.074 0.836 
 134 I _   0.027 0.019 0.001 0.015 0.012 0.037 0.071 0.819 
 135 T _   0.034 0.024 0.001 0.015 0.016 0.043 0.068 0.799 
 136 K _   0.042 0.029 0.001 0.016 0.020 0.050 0.065 0.777 
 137 H _   0.052 0.035 0.002 0.016 0.024 0.056 0.062 0.754 
 138 S _   0.064 0.041 0.002 0.016 0.030 0.062 0.059 0.727 
 139 V _   0.076 0.050 0.002 0.017 0.036 0.067 0.056 0.697 
 140 I _   0.088 0.061 0.002 0.019 0.042 0.071 0.053 0.664 
 141 K _   0.099 0.075 0.002 0.022 0.048 0.073 0.051 0.630 
 142 L _   0.106 0.091 0.003 0.027 0.052 0.074 0.049 0.598 
 143 C _   0.112 0.107 0.003 0.033 0.055 0.072 0.048 0.571 
 144 D _   0.113 0.120 0.003 0.040 0.056 0.070 0.047 0.552 
 145 F _   0.110 0.130 0.003 0.047 0.054 0.065 0.047 0.545 
 146 G _   0.104 0.134 0.003 0.051 0.050 0.060 0.047 0.550 
 147 F _   0.096 0.134 0.002 0.053 0.045 0.054 0.047 0.568 
 148 A _   0.086 0.128 0.002 0.051 0.038 0.048 0.049 0.599 
 149 R _   0.074 0.116 0.002 0.045 0.030 0.040 0.050 0.644 
 150 L _   0.060 0.095 0.002 0.035 0.022 0.033 0.052 0.701 
 151 L _   0.047 0.069 0.001 0.025 0.015 0.026 0.053 0.763 
 152 A _   0.035 0.044 0.001 0.016 0.009 0.020 0.055 0.820 
 153 G _   0.025 0.025 0.001 0.010 0.006 0.016 0.055 0.862 
 154 P _   0.018 0.015 0.000 0.006 0.003 0.012 0.055 0.890 
 155 S _   0.013 0.010 0.000 0.004 0.002 0.010 0.055 0.904 
 156 D _   0.010 0.009 0.000 0.003 0.002 0.010 0.054 0.911 
 157 Y _   0.009 0.009 0.000 0.004 0.002 0.010 0.053 0.912 
 158 Y _   0.009 0.010 0.000 0.005 0.003 0.011 0.052 0.909 
 159 T _   0.009 0.014 0.000 0.008 0.004 0.013 0.050 0.901 
 160 D _   0.010 0.020 0.001 0.013 0.005 0.015 0.048 0.888 
 161 Y _   0.011 0.029 0.001 0.018 0.007 0.016 0.046 0.872 
 162 V _   0.011 0.038 0.001 0.023 0.009 0.018 0.044 0.856 
 163 A _   0.012 0.046 0.001 0.027 0.010 0.019 0.041 0.844 
 164 T _   0.012 0.052 0.001 0.029 0.010 0.019 0.039 0.837 
 165 R _   0.012 0.055 0.001 0.030 0.011 0.020 0.037 0.834 
 166 W _   0.012 0.057 0.001 0.029 0.011 0.019 0.036 0.835 
 167 Y _   0.012 0.058 0.001 0.028 0.011 0.019 0.035 0.837 
 168 R _   0.012 0.057 0.001 0.027 0.011 0.019 0.033 0.840 
 169 S _   0.012 0.056 0.001 0.027 0.010 0.018 0.033 0.844 
 170 P _   0.012 0.054 0.001 0.026 0.010 0.018 0.032 0.847 
 171 E _   0.013 0.051 0.001 0.026 0.009 0.017 0.031 0.852 
 172 L _   0.013 0.047 0.001 0.025 0.009 0.016 0.031 0.859 
 173 L _   0.014 0.041 0.001 0.023 0.008 0.014 0.030 0.869 
 174 V _   0.014 0.033 0.001 0.020 0.007 0.013 0.030 0.882 
 175 G _   0.015 0.025 0.001 0.015 0.006 0.011 0.030 0.897 
 176 D _   0.017 0.015 0.001 0.011 0.005 0.010 0.029 0.913 
 177 T _   0.020 0.008 0.000 0.007 0.003 0.008 0.028 0.926 
 178 Q _   0.025 0.003 0.000 0.004 0.003 0.007 0.027 0.931 
 179 Y _   0.034 0.001 0.000 0.002 0.002 0.007 0.026 0.928 
 180 G _   0.052 0.000 0.000 0.001 0.002 0.007 0.024 0.914 
 181 P _   0.085 0.000 0.000 0.001 0.003 0.008 0.022 0.881 
 182 P _   0.145 0.000 0.001 0.001 0.004 0.010 0.019 0.821 
 183 V _   0.246 0.000 0.001 0.001 0.006 0.012 0.016 0.719 
 184 D _   0.376 0.000 0.001 0.001 0.009 0.015 0.012 0.585 
 185 V H   0.516 0.000 0.001 0.001 0.013 0.017 0.009 0.442 
 186 W H   0.641 0.000 0.001 0.001 0.017 0.019 0.007 0.314 
 187 A H   0.731 0.000 0.001 0.001 0.022 0.019 0.006 0.220 
 188 I H   0.792 0.000 0.001 0.001 0.025 0.019 0.005 0.156 
 189 G H   0.831 0.000 0.001 0.001 0.027 0.018 0.004 0.117 
 190 C H   0.852 0.000 0.001 0.001 0.028 0.017 0.004 0.096 
 191 V H   0.859 0.000 0.001 0.001 0.029 0.016 0.004 0.088 
 192 F H   0.855 0.000 0.001 0.001 0.030 0.015 0.005 0.092 
 193 A H   0.838 0.000 0.002 0.002 0.031 0.015 0.006 0.107 
 194 E H   0.806 0.000 0.002 0.002 0.031 0.015 0.007 0.137 
 195 L H   0.754 0.000 0.002 0.003 0.030 0.016 0.010 0.186 
 196 L H   0.677 0.000 0.002 0.003 0.028 0.016 0.013 0.260 
 197 S H   0.582 0.000 0.002 0.004 0.024 0.016 0.019 0.353 
 198 G H   0.475 0.000 0.002 0.005 0.019 0.016 0.025 0.458 
 199 V _   0.367 0.000 0.002 0.006 0.014 0.015 0.032 0.565 
 200 P _   0.268 0.000 0.001 0.006 0.010 0.013 0.040 0.662 
 201 L _   0.184 0.000 0.001 0.005 0.007 0.012 0.046 0.745 
 202 W _   0.120 0.000 0.001 0.004 0.005 0.010 0.051 0.809 
 203 P _   0.075 0.000 0.000 0.004 0.003 0.009 0.055 0.853 
 204 G _   0.047 0.000 0.000 0.003 0.002 0.008 0.058 0.881 
 205 K _   0.030 0.000 0.000 0.002 0.002 0.008 0.060 0.896 
 206 S _   0.021 0.001 0.000 0.003 0.002 0.009 0.061 0.902 
 207 D _   0.017 0.002 0.000 0.003 0.003 0.011 0.062 0.900 
 208 V _   0.017 0.007 0.000 0.005 0.004 0.014 0.063 0.890 
 209 D _   0.018 0.018 0.001 0.009 0.006 0.018 0.063 0.866 
 210 Q _   0.019 0.042 0.001 0.016 0.010 0.022 0.064 0.827 
 211 L _   0.019 0.078 0.001 0.025 0.014 0.025 0.063 0.774 
 212 Y _   0.020 0.116 0.002 0.033 0.017 0.028 0.063 0.722 
 213 L _   0.019 0.147 0.002 0.040 0.018 0.029 0.064 0.681 
 214 I _   0.019 0.168 0.002 0.044 0.019 0.029 0.065 0.655 
 215 R _   0.018 0.179 0.001 0.045 0.019 0.029 0.066 0.642 
 216 K _   0.018 0.185 0.001 0.043 0.018 0.028 0.068 0.639 
 217 T _   0.017 0.186 0.001 0.038 0.017 0.027 0.071 0.642 
 218 L _   0.017 0.183 0.001 0.033 0.015 0.026 0.074 0.650 
 219 G _   0.017 0.178 0.001 0.028 0.013 0.025 0.078 0.660 
 220 D _   0.017 0.172 0.001 0.023 0.012 0.023 0.082 0.670 
 221 L _   0.017 0.165 0.001 0.020 0.010 0.022 0.086 0.679 
 222 I _   0.016 0.158 0.001 0.018 0.009 0.021 0.091 0.685 
 223 P _   0.016 0.153 0.001 0.017 0.008 0.020 0.095 0.689 
 224 R _   0.016 0.149 0.001 0.016 0.008 0.019 0.100 0.692 
 225 H _   0.015 0.144 0.001 0.016 0.008 0.018 0.104 0.694 
 226 Q _   0.015 0.140 0.001 0.016 0.007 0.018 0.109 0.695 
 227 Q _   0.014 0.137 0.001 0.016 0.007 0.017 0.113 0.695 
 228 V _   0.013 0.134 0.001 0.017 0.007 0.016 0.117 0.695 
 229 F _   0.013 0.130 0.001 0.018 0.007 0.016 0.122 0.693 
 230 S _   0.012 0.127 0.001 0.019 0.007 0.015 0.127 0.691 
 231 T _   0.012 0.124 0.001 0.021 0.007 0.015 0.132 0.688 
 232 N _   0.012 0.119 0.001 0.023 0.007 0.014 0.138 0.685 
 233 Q _   0.012 0.114 0.001 0.024 0.007 0.014 0.145 0.684 
 234 Y _   0.011 0.107 0.001 0.025 0.007 0.013 0.152 0.685 
 235 F _   0.011 0.097 0.001 0.024 0.006 0.012 0.160 0.689 
 236 S _   0.010 0.084 0.001 0.022 0.006 0.011 0.169 0.698 
 237 G _   0.009 0.070 0.001 0.018 0.005 0.010 0.178 0.710 
 238 V _   0.009 0.054 0.001 0.014 0.004 0.008 0.186 0.725 
 239 K _   0.008 0.039 0.000 0.010 0.003 0.007 0.193 0.739 
 240 I _   0.007 0.028 0.000 0.007 0.002 0.006 0.199 0.751 
 241 P _   0.006 0.021 0.000 0.005 0.001 0.005 0.203 0.759 
 242 D _   0.005 0.018 0.000 0.004 0.001 0.004 0.205 0.763 
 243 P _   0.004 0.016 0.000 0.003 0.001 0.004 0.207 0.765 
 244 E _   0.004 0.016 0.000 0.003 0.001 0.004 0.207 0.765 
 245 D _   0.004 0.017 0.000 0.004 0.001 0.005 0.206 0.763 
 246 M _   0.004 0.020 0.000 0.005 0.002 0.006 0.205 0.758 
 247 E _   0.004 0.026 0.000 0.007 0.002 0.007 0.202 0.750 
 248 P _   0.005 0.036 0.000 0.010 0.003 0.009 0.198 0.739 
 249 L _   0.005 0.050 0.000 0.013 0.003 0.010 0.194 0.725 
 250 E _   0.005 0.066 0.001 0.015 0.004 0.012 0.189 0.709 
 251 L _   0.005 0.082 0.001 0.017 0.005 0.013 0.184 0.694 
 252 K _   0.005 0.099 0.001 0.018 0.005 0.014 0.178 0.681 
 253 F _   0.006 0.115 0.001 0.018 0.006 0.016 0.173 0.667 
 254 P _   0.006 0.132 0.001 0.018 0.007 0.018 0.168 0.650 
 255 N _   0.008 0.152 0.001 0.020 0.008 0.020 0.164 0.628 
 256 I _   0.009 0.175 0.001 0.022 0.011 0.023 0.159 0.600 
 257 S _   0.011 0.204 0.001 0.025 0.014 0.026 0.154 0.565 
 258 Y _   0.013 0.239 0.001 0.029 0.017 0.029 0.149 0.522 
 259 P _   0.015 0.276 0.002 0.035 0.020 0.031 0.145 0.477 
 260 A _   0.016 0.308 0.002 0.042 0.021 0.031 0.141 0.439 
 261 L _   0.016 0.331 0.002 0.047 0.022 0.031 0.139 0.412 
 262 G _   0.016 0.345 0.001 0.050 0.022 0.030 0.138 0.398 
 263 L _   0.016 0.350 0.001 0.051 0.021 0.029 0.137 0.394 
 264 L _   0.016 0.348 0.001 0.049 0.020 0.027 0.138 0.400 
 265 K _   0.016 0.339 0.001 0.046 0.019 0.026 0.139 0.415 
 266 G _   0.016 0.320 0.002 0.040 0.017 0.024 0.141 0.441 
 267 C _   0.015 0.289 0.002 0.033 0.015 0.022 0.145 0.479 
 268 L _   0.015 0.250 0.001 0.027 0.013 0.020 0.149 0.525 
 269 H _   0.015 0.208 0.001 0.020 0.010 0.019 0.154 0.573 
 270 M _   0.014 0.172 0.001 0.015 0.008 0.018 0.158 0.613 
 271 D _   0.013 0.146 0.001 0.012 0.007 0.017 0.162 0.642 
 272 P _   0.012 0.130 0.001 0.010 0.006 0.016 0.166 0.659 
 273 T _   0.012 0.121 0.001 0.009 0.005 0.016 0.169 0.669 
 274 Q _   0.011 0.115 0.001 0.009 0.005 0.015 0.171 0.672 
 275 R _   0.011 0.112 0.001 0.011 0.005 0.015 0.173 0.672 
 276 L _   0.011 0.111 0.001 0.012 0.006 0.015 0.175 0.668 
 277 T _   0.011 0.110 0.001 0.014 0.006 0.015 0.177 0.665 
 278 C _   0.010 0.110 0.001 0.016 0.007 0.015 0.179 0.661 
 279 E _   0.010 0.109 0.001 0.017 0.007 0.015 0.182 0.659 
 280 Q _   0.010 0.107 0.001 0.017 0.007 0.014 0.184 0.659 
 281 L _   0.010 0.104 0.001 0.017 0.007 0.014 0.187 0.661 
 282 L _   0.009 0.100 0.001 0.016 0.006 0.013 0.190 0.665 
 283 H _   0.009 0.095 0.001 0.015 0.006 0.013 0.193 0.669 
 284 H _   0.009 0.091 0.001 0.013 0.006 0.012 0.197 0.672 
 285 P _   0.008 0.087 0.001 0.013 0.005 0.012 0.200 0.674 
 286 Y _   0.008 0.084 0.001 0.013 0.005 0.012 0.204 0.673 
 287 F _   0.009 0.082 0.001 0.014 0.005 0.012 0.208 0.670 
 288 E _   0.009 0.080 0.001 0.015 0.006 0.012 0.212 0.666 
 289 N _   0.009 0.079 0.001 0.017 0.006 0.012 0.216 0.660 
 290 I _   0.009 0.077 0.001 0.019 0.006 0.012 0.221 0.655 
 291 R _   0.009 0.075 0.001 0.020 0.006 0.012 0.226 0.650 
 292 E _   0.009 0.072 0.001 0.020 0.006 0.011 0.232 0.648 
 293 I _   0.009 0.068 0.001 0.020 0.006 0.011 0.238 0.648 
 294 E _   0.009 0.062 0.001 0.018 0.005 0.010 0.244 0.650 
 295 D _   0.008 0.055 0.001 0.016 0.005 0.009 0.251 0.655 
 296 L _   0.007 0.047 0.001 0.013 0.004 0.008 0.258 0.661 
 297 A _   0.007 0.039 0.000 0.010 0.003 0.008 0.265 0.667 
 298 K _   0.006 0.033 0.000 0.008 0.003 0.007 0.271 0.672 
 299 E _   0.006 0.028 0.000 0.006 0.002 0.006 0.277 0.675 
 300 H _   0.005 0.025 0.000 0.005 0.002 0.006 0.281 0.675 
 301 N _   0.005 0.023 0.000 0.005 0.002 0.006 0.285 0.673 
 302 K _   0.005 0.023 0.000 0.005 0.002 0.006 0.289 0.670 
 303 P _   0.005 0.024 0.000 0.005 0.002 0.006 0.292 0.666 
 304 T _   0.005 0.025 0.000 0.006 0.002 0.007 0.294 0.660 
 305 R _   0.005 0.028 0.000 0.008 0.003 0.007 0.296 0.653 
 306 K _   0.005 0.031 0.000 0.009 0.003 0.008 0.298 0.646 
 307 T _   0.005 0.035 0.000 0.010 0.003 0.008 0.299 0.639 
 308 L _   0.005 0.039 0.000 0.011 0.003 0.009 0.301 0.632 
 309 R _   0.005 0.043 0.000 0.012 0.004 0.009 0.303 0.624 
 310 K _   0.005 0.048 0.000 0.012 0.004 0.009 0.304 0.617 
 311 S _   0.005 0.052 0.000 0.013 0.004 0.010 0.306 0.610 
 312 R _   0.005 0.056 0.001 0.013 0.004 0.010 0.308 0.602 
 313 K _   0.006 0.061 0.001 0.014 0.005 0.010 0.311 0.593 
 314 H _   0.006 0.065 0.001 0.015 0.005 0.010 0.314 0.585 
 315 H _   0.006 0.068 0.001 0.015 0.005 0.011 0.317 0.578 
 316 C _   0.006 0.071 0.001 0.015 0.005 0.011 0.321 0.571 
 317 F _   0.006 0.073 0.001 0.015 0.005 0.011 0.325 0.565 
 318 T _   0.006 0.075 0.001 0.014 0.005 0.011 0.329 0.559 
 319 E _   0.006 0.076 0.001 0.013 0.005 0.011 0.334 0.554 
 320 T _   0.006 0.077 0.001 0.012 0.005 0.011 0.339 0.550 
 321 S _   0.006 0.077 0.001 0.011 0.005 0.012 0.344 0.544 
 322 K _   0.007 0.079 0.001 0.011 0.005 0.012 0.349 0.537 
 323 L _   0.007 0.081 0.001 0.011 0.005 0.013 0.354 0.528 
 324 Q _   0.008 0.083 0.001 0.011 0.005 0.014 0.360 0.517 
 325 Y _   0.009 0.088 0.001 0.013 0.006 0.015 0.365 0.503 
 326 L _   0.010 0.093 0.001 0.015 0.007 0.017 0.371 0.486 
 327 P _   0.010 0.100 0.001 0.018 0.009 0.018 0.377 0.467 
 328 Q _   0.011 0.107 0.001 0.022 0.010 0.019 0.384 0.446 
 329 L _   0.011 0.113 0.001 0.027 0.012 0.020 0.393 0.423 
 330 T _   0.012 0.118 0.001 0.032 0.013 0.020 0.402 0.402 
 331 G X   0.012 0.121 0.001 0.036 0.014 0.020 0.413 0.384 
 332 S X   0.012 0.121 0.001 0.039 0.014 0.019 0.426 0.368 
 333 S X   0.011 0.119 0.001 0.040 0.013 0.018 0.441 0.356 
 334 I X   0.011 0.114 0.001 0.038 0.012 0.017 0.459 0.347 
 335 L X   0.010 0.105 0.001 0.035 0.011 0.015 0.480 0.343 
 336 P X   0.009 0.091 0.001 0.030 0.009 0.013 0.504 0.343 
 337 A X   0.008 0.075 0.001 0.024 0.007 0.011 0.529 0.344 
 338 L X   0.008 0.057 0.001 0.018 0.006 0.010 0.556 0.345 
 339 D X   0.007 0.041 0.001 0.013 0.004 0.008 0.581 0.345 
 340 N X   0.006 0.029 0.000 0.009 0.003 0.007 0.603 0.343 
 341 K X   0.005 0.021 0.000 0.006 0.002 0.006 0.621 0.339 
 342 K X   0.004 0.016 0.000 0.005 0.002 0.005 0.636 0.333 
 343 Y X   0.003 0.014 0.000 0.004 0.001 0.005 0.648 0.325 
 344 Y X   0.003 0.013 0.000 0.004 0.001 0.004 0.657 0.317 
 345 C X   0.003 0.012 0.000 0.004 0.001 0.004 0.665 0.309 
 346 D X   0.003 0.013 0.000 0.005 0.001 0.005 0.672 0.300 
 347 T X   0.003 0.014 0.000 0.006 0.002 0.005 0.678 0.291 
 348 K X   0.003 0.015 0.000 0.008 0.002 0.005 0.684 0.282 
 349 K X   0.003 0.017 0.000 0.010 0.002 0.005 0.689 0.274 
 350 L X   0.002 0.018 0.000 0.012 0.002 0.005 0.693 0.267 
 351 N X   0.002 0.019 0.000 0.012 0.002 0.004 0.699 0.261 
 352 Y X   0.002 0.020 0.000 0.012 0.002 0.003 0.704 0.257 
 353 R X   0.001 0.019 0.000 0.011 0.001 0.002 0.710 0.255 
 354 F X   0.000 0.018 0.000 0.008 0.000 0.001 0.716 0.257 
 355 P X   0.000 0.016 0.000 0.006 0.000 0.000 0.716 0.261 
 356 N X   0.000 0.015 0.000 0.006 0.000 0.000 0.713 0.265 
 357 I X   0.002 0.015 0.001 0.013 0.003 0.002 0.698 0.265 
