#TopoPred_TM8: 8-state transmembrane topology prediction results by no_profile mode 
#probabilities are in the order of H E C I L F X _, the 8 transmembrane topology types used in PDBTM 
   1 M X   0.007 0.001 0.002 0.043 0.007 0.006 0.870 0.064 
   2 I X   0.002 0.000 0.000 0.024 0.001 0.003 0.897 0.072 
   3 P X   0.001 0.000 0.000 0.013 0.000 0.002 0.905 0.079 
   4 L X   0.001 0.000 0.000 0.008 0.000 0.001 0.906 0.083 
   5 E X   0.001 0.000 0.000 0.006 0.000 0.002 0.904 0.086 
   6 K X   0.001 0.001 0.000 0.005 0.000 0.002 0.901 0.090 
   7 P X   0.001 0.001 0.000 0.004 0.001 0.002 0.896 0.095 
   8 G X   0.001 0.001 0.000 0.004 0.001 0.002 0.890 0.100 
   9 S X   0.001 0.002 0.000 0.005 0.001 0.003 0.882 0.107 
  10 G X   0.001 0.003 0.000 0.005 0.001 0.003 0.872 0.114 
  11 G X   0.001 0.005 0.000 0.006 0.001 0.003 0.860 0.123 
  12 S X   0.001 0.007 0.000 0.008 0.001 0.004 0.847 0.132 
  13 S X   0.001 0.010 0.000 0.009 0.002 0.004 0.832 0.142 
  14 P X   0.001 0.013 0.000 0.010 0.002 0.005 0.817 0.152 
  15 G X   0.001 0.017 0.000 0.012 0.002 0.005 0.801 0.162 
  16 A X   0.002 0.021 0.000 0.014 0.002 0.006 0.784 0.171 
  17 T X   0.002 0.026 0.000 0.016 0.003 0.006 0.767 0.180 
  18 S X   0.002 0.031 0.000 0.019 0.003 0.007 0.751 0.188 
  19 G X   0.002 0.036 0.000 0.022 0.003 0.007 0.735 0.195 
  20 S X   0.002 0.041 0.000 0.025 0.004 0.007 0.720 0.202 
  21 G X   0.002 0.044 0.000 0.027 0.004 0.007 0.708 0.207 
  22 R X   0.002 0.047 0.000 0.029 0.004 0.007 0.697 0.213 
  23 A X   0.002 0.048 0.000 0.030 0.004 0.007 0.689 0.219 
  24 G X   0.002 0.048 0.000 0.029 0.004 0.007 0.683 0.226 
  25 R X   0.002 0.047 0.000 0.027 0.004 0.007 0.679 0.234 
  26 G X   0.003 0.044 0.000 0.024 0.003 0.006 0.676 0.244 
  27 L X   0.003 0.039 0.000 0.020 0.003 0.006 0.674 0.255 
  28 S X   0.003 0.032 0.000 0.016 0.002 0.005 0.673 0.269 
  29 G X   0.003 0.024 0.000 0.011 0.002 0.004 0.672 0.284 
  30 P X   0.003 0.016 0.000 0.007 0.001 0.004 0.670 0.299 
  31 C X   0.002 0.009 0.000 0.004 0.001 0.003 0.668 0.312 
  32 R X   0.002 0.006 0.000 0.003 0.001 0.003 0.664 0.323 
  33 P X   0.002 0.004 0.000 0.002 0.001 0.002 0.658 0.332 
  34 P X   0.002 0.003 0.000 0.001 0.001 0.003 0.650 0.340 
  35 P X   0.002 0.003 0.000 0.001 0.001 0.004 0.640 0.349 
  36 P X   0.003 0.004 0.000 0.002 0.001 0.006 0.625 0.358 
  37 P X   0.005 0.007 0.000 0.004 0.003 0.011 0.605 0.365 
  38 Q X   0.009 0.016 0.001 0.009 0.006 0.019 0.575 0.365 
  39 A X   0.014 0.045 0.002 0.018 0.014 0.030 0.530 0.348 
  40 R X   0.018 0.107 0.003 0.030 0.026 0.040 0.467 0.308 
  41 G X   0.021 0.206 0.004 0.043 0.037 0.047 0.396 0.246 
  42 L X   0.021 0.316 0.004 0.053 0.042 0.048 0.333 0.182 
  43 L E   0.020 0.406 0.004 0.058 0.042 0.046 0.288 0.136 
  44 T E   0.019 0.466 0.003 0.060 0.040 0.042 0.260 0.110 
  45 E E   0.018 0.500 0.002 0.062 0.036 0.039 0.242 0.100 
  46 I E   0.018 0.517 0.002 0.062 0.034 0.036 0.231 0.100 
  47 R E   0.019 0.523 0.002 0.061 0.031 0.034 0.224 0.107 
  48 A E   0.019 0.521 0.002 0.059 0.029 0.031 0.219 0.121 
  49 V E   0.020 0.508 0.002 0.055 0.026 0.028 0.215 0.145 
  50 V E   0.021 0.480 0.002 0.049 0.024 0.026 0.214 0.185 
  51 R E   0.021 0.431 0.002 0.043 0.021 0.024 0.214 0.245 
  52 T E   0.022 0.358 0.002 0.036 0.018 0.022 0.215 0.328 
  53 E _   0.022 0.270 0.002 0.028 0.015 0.020 0.217 0.426 
  54 P _   0.020 0.189 0.002 0.021 0.011 0.017 0.220 0.520 
  55 F _   0.017 0.130 0.001 0.014 0.007 0.015 0.221 0.594 
  56 Q _   0.014 0.093 0.001 0.010 0.005 0.012 0.221 0.645 
  57 D _   0.011 0.073 0.000 0.007 0.003 0.010 0.220 0.676 
  58 G _   0.008 0.064 0.000 0.005 0.002 0.009 0.218 0.693 
  59 Y _   0.007 0.060 0.000 0.005 0.002 0.008 0.215 0.704 
  60 S _   0.006 0.059 0.000 0.005 0.002 0.008 0.211 0.709 
  61 L _   0.006 0.060 0.000 0.006 0.002 0.008 0.207 0.711 
  62 C _   0.006 0.065 0.000 0.007 0.003 0.009 0.201 0.710 
  63 P _   0.006 0.073 0.000 0.009 0.003 0.010 0.193 0.705 
  64 G _   0.006 0.086 0.001 0.013 0.005 0.012 0.184 0.694 
  65 R _   0.007 0.104 0.001 0.016 0.006 0.013 0.174 0.679 
  66 E _   0.007 0.126 0.001 0.021 0.007 0.015 0.164 0.658 
  67 L _   0.007 0.152 0.001 0.026 0.009 0.016 0.154 0.635 
  68 G _   0.007 0.177 0.001 0.032 0.010 0.017 0.144 0.611 
  69 R _   0.008 0.199 0.001 0.037 0.012 0.018 0.135 0.590 
  70 G _   0.008 0.217 0.001 0.042 0.013 0.019 0.127 0.573 
  71 K _   0.008 0.230 0.001 0.046 0.013 0.019 0.121 0.560 
  72 F _   0.008 0.238 0.001 0.050 0.013 0.019 0.117 0.554 
  73 A _   0.009 0.240 0.001 0.050 0.013 0.018 0.114 0.555 
  74 V _   0.009 0.238 0.001 0.049 0.012 0.017 0.111 0.563 
  75 V _   0.009 0.229 0.001 0.045 0.011 0.016 0.110 0.580 
  76 R _   0.009 0.213 0.001 0.039 0.010 0.014 0.109 0.605 
  77 K _   0.009 0.189 0.001 0.031 0.008 0.013 0.109 0.640 
  78 C _   0.009 0.157 0.001 0.023 0.007 0.012 0.109 0.683 
  79 I _   0.008 0.126 0.001 0.016 0.005 0.011 0.109 0.724 
  80 K _   0.008 0.101 0.001 0.011 0.004 0.010 0.109 0.757 
  81 K _   0.007 0.084 0.000 0.008 0.003 0.009 0.108 0.780 
  82 D _   0.006 0.075 0.000 0.007 0.003 0.009 0.108 0.792 
  83 S _   0.006 0.071 0.000 0.007 0.003 0.009 0.106 0.797 
  84 G _   0.007 0.070 0.000 0.009 0.003 0.010 0.105 0.796 
  85 K _   0.007 0.071 0.000 0.012 0.004 0.011 0.103 0.792 
  86 E _   0.008 0.074 0.001 0.017 0.005 0.012 0.100 0.784 
  87 F _   0.008 0.076 0.001 0.023 0.006 0.013 0.098 0.776 
  88 A _   0.008 0.077 0.001 0.028 0.007 0.013 0.096 0.771 
  89 A _   0.008 0.075 0.001 0.030 0.007 0.013 0.094 0.771 
  90 K _   0.008 0.071 0.001 0.030 0.007 0.013 0.093 0.777 
  91 F _   0.008 0.064 0.001 0.027 0.006 0.012 0.093 0.790 
  92 M _   0.007 0.052 0.001 0.022 0.006 0.011 0.092 0.809 
  93 R _   0.008 0.037 0.001 0.016 0.005 0.010 0.092 0.832 
  94 K _   0.008 0.022 0.000 0.011 0.003 0.009 0.092 0.854 
  95 R _   0.008 0.011 0.000 0.007 0.003 0.009 0.091 0.871 
  96 R _   0.010 0.004 0.000 0.004 0.002 0.009 0.090 0.880 
  97 K _   0.013 0.002 0.000 0.003 0.002 0.011 0.088 0.881 
  98 G _   0.021 0.001 0.000 0.002 0.002 0.013 0.086 0.874 
  99 Q _   0.035 0.000 0.000 0.002 0.003 0.018 0.084 0.857 
 100 D _   0.060 0.000 0.001 0.003 0.005 0.025 0.080 0.827 
 101 C _   0.096 0.000 0.001 0.004 0.010 0.034 0.076 0.780 
 102 R _   0.139 0.001 0.001 0.005 0.017 0.045 0.072 0.720 
 103 M _   0.185 0.002 0.002 0.008 0.028 0.056 0.067 0.653 
 104 E _   0.227 0.005 0.002 0.011 0.041 0.065 0.063 0.586 
 105 I _   0.262 0.009 0.003 0.015 0.053 0.071 0.059 0.528 
 106 I _   0.287 0.014 0.003 0.020 0.061 0.074 0.057 0.484 
 107 H _   0.304 0.018 0.003 0.025 0.066 0.074 0.055 0.456 
 108 E _   0.310 0.021 0.003 0.028 0.067 0.071 0.054 0.446 
 109 I _   0.307 0.022 0.003 0.030 0.063 0.067 0.054 0.454 
 110 A _   0.294 0.021 0.003 0.029 0.057 0.061 0.054 0.481 
 111 V _   0.269 0.019 0.003 0.027 0.047 0.054 0.055 0.527 
 112 L _   0.235 0.015 0.002 0.022 0.036 0.045 0.056 0.589 
 113 E _   0.195 0.009 0.002 0.015 0.025 0.037 0.058 0.659 
 114 L _   0.154 0.005 0.001 0.010 0.016 0.030 0.059 0.726 
 115 A _   0.115 0.002 0.001 0.006 0.009 0.023 0.059 0.784 
 116 Q _   0.084 0.001 0.001 0.004 0.006 0.018 0.059 0.828 
 117 D _   0.061 0.000 0.000 0.002 0.004 0.015 0.059 0.858 
 118 N _   0.048 0.000 0.000 0.002 0.003 0.013 0.059 0.875 
 119 P _   0.041 0.000 0.000 0.002 0.003 0.013 0.058 0.884 
 120 W _   0.040 0.000 0.000 0.002 0.003 0.013 0.057 0.885 
 121 V _   0.042 0.000 0.000 0.003 0.003 0.015 0.055 0.881 
 122 I _   0.049 0.000 0.000 0.003 0.004 0.017 0.054 0.873 
 123 N _   0.060 0.000 0.001 0.004 0.005 0.020 0.052 0.858 
 124 L _   0.077 0.000 0.001 0.005 0.007 0.023 0.050 0.838 
 125 H _   0.099 0.000 0.001 0.005 0.008 0.027 0.047 0.813 
 126 E _   0.126 0.000 0.001 0.005 0.011 0.031 0.044 0.782 
 127 V _   0.159 0.000 0.001 0.004 0.013 0.035 0.042 0.745 
 128 Y _   0.198 0.000 0.001 0.004 0.016 0.040 0.039 0.703 
 129 E _   0.239 0.000 0.001 0.004 0.020 0.044 0.037 0.657 
 130 T _   0.281 0.000 0.001 0.004 0.024 0.047 0.034 0.608 
 131 A _   0.320 0.000 0.002 0.004 0.029 0.051 0.033 0.561 
 132 S _   0.356 0.000 0.002 0.004 0.034 0.053 0.032 0.519 
 133 E _   0.385 0.000 0.002 0.005 0.039 0.054 0.031 0.483 
 134 M _   0.405 0.001 0.002 0.006 0.043 0.055 0.031 0.458 
 135 I _   0.418 0.001 0.002 0.007 0.046 0.054 0.031 0.441 
 136 L _   0.420 0.002 0.002 0.008 0.047 0.053 0.031 0.437 
 137 V _   0.412 0.002 0.002 0.010 0.046 0.051 0.033 0.444 
 138 L _   0.394 0.002 0.002 0.011 0.044 0.048 0.034 0.464 
 139 E _   0.366 0.002 0.002 0.011 0.040 0.045 0.036 0.497 
 140 Y _   0.328 0.002 0.002 0.011 0.035 0.041 0.038 0.542 
 141 A _   0.284 0.002 0.002 0.011 0.029 0.037 0.041 0.594 
 142 A _   0.236 0.002 0.002 0.011 0.023 0.033 0.044 0.650 
 143 G _   0.189 0.002 0.001 0.011 0.017 0.029 0.047 0.703 
 144 G _   0.147 0.002 0.001 0.010 0.013 0.026 0.050 0.751 
 145 E _   0.111 0.001 0.001 0.010 0.010 0.022 0.052 0.792 
 146 I _   0.082 0.001 0.001 0.009 0.008 0.019 0.055 0.825 
 147 F _   0.059 0.001 0.001 0.009 0.006 0.016 0.057 0.851 
 148 D _   0.042 0.001 0.001 0.008 0.005 0.014 0.058 0.870 
 149 Q _   0.030 0.001 0.001 0.008 0.004 0.012 0.060 0.884 
 150 C _   0.021 0.001 0.000 0.008 0.004 0.011 0.061 0.894 
 151 V _   0.016 0.001 0.000 0.007 0.003 0.010 0.062 0.900 
 152 A _   0.013 0.001 0.000 0.007 0.003 0.009 0.062 0.904 
 153 D _   0.010 0.001 0.000 0.007 0.003 0.009 0.063 0.907 
 154 R _   0.009 0.001 0.000 0.007 0.003 0.008 0.063 0.908 
 155 E _   0.008 0.001 0.000 0.007 0.003 0.008 0.063 0.910 
 156 E _   0.008 0.001 0.000 0.006 0.003 0.008 0.063 0.910 
 157 A _   0.007 0.001 0.000 0.006 0.003 0.009 0.063 0.911 
 158 F _   0.007 0.002 0.000 0.006 0.003 0.009 0.062 0.911 
 159 K _   0.008 0.002 0.000 0.005 0.003 0.010 0.062 0.910 
 160 E _   0.009 0.002 0.000 0.005 0.003 0.012 0.061 0.907 
 161 K _   0.011 0.003 0.000 0.006 0.003 0.015 0.060 0.902 
 162 D _   0.014 0.004 0.000 0.006 0.004 0.018 0.059 0.894 
 163 V _   0.018 0.006 0.001 0.007 0.006 0.023 0.057 0.881 
 164 Q _   0.024 0.010 0.001 0.009 0.009 0.028 0.056 0.864 
 165 R _   0.031 0.015 0.001 0.012 0.012 0.034 0.054 0.840 
 166 L _   0.039 0.023 0.001 0.016 0.017 0.040 0.052 0.812 
 167 M _   0.047 0.032 0.002 0.020 0.023 0.046 0.050 0.781 
 168 R _   0.055 0.042 0.002 0.025 0.028 0.050 0.048 0.751 
 169 Q _   0.061 0.050 0.002 0.028 0.032 0.053 0.047 0.727 
 170 I _   0.066 0.056 0.002 0.031 0.034 0.054 0.046 0.710 
 171 L _   0.070 0.060 0.002 0.032 0.035 0.054 0.045 0.701 
 172 E _   0.072 0.062 0.002 0.033 0.035 0.053 0.045 0.699 
 173 G _   0.072 0.062 0.002 0.031 0.033 0.050 0.045 0.704 
 174 V _   0.071 0.061 0.002 0.029 0.030 0.047 0.045 0.716 
 175 H _   0.066 0.057 0.002 0.026 0.026 0.043 0.045 0.734 
 176 F _   0.061 0.052 0.002 0.024 0.023 0.039 0.046 0.754 
 177 L _   0.055 0.046 0.001 0.021 0.019 0.035 0.047 0.776 
 178 H _   0.048 0.040 0.001 0.019 0.016 0.031 0.048 0.798 
 179 T _   0.041 0.033 0.001 0.017 0.013 0.027 0.049 0.819 
 180 R _   0.034 0.027 0.001 0.015 0.010 0.023 0.050 0.839 
 181 D _   0.029 0.022 0.001 0.013 0.008 0.020 0.051 0.857 
 182 V _   0.024 0.017 0.001 0.011 0.006 0.017 0.051 0.872 
 183 V _   0.020 0.013 0.001 0.009 0.005 0.015 0.052 0.884 
 184 H _   0.017 0.010 0.001 0.008 0.004 0.013 0.052 0.894 
 185 L _   0.015 0.008 0.000 0.007 0.004 0.012 0.052 0.902 
 186 D _   0.013 0.007 0.000 0.006 0.004 0.011 0.052 0.906 
 187 L _   0.012 0.006 0.000 0.006 0.003 0.011 0.052 0.909 
 188 K _   0.011 0.006 0.000 0.007 0.004 0.011 0.052 0.910 
 189 P _   0.011 0.006 0.000 0.008 0.004 0.011 0.052 0.910 
 190 Q _   0.010 0.006 0.000 0.009 0.004 0.011 0.051 0.908 
 191 N _   0.010 0.006 0.001 0.010 0.005 0.011 0.051 0.906 
 192 I _   0.011 0.007 0.001 0.011 0.005 0.012 0.050 0.905 
 193 L _   0.011 0.007 0.001 0.011 0.005 0.012 0.050 0.904 
 194 L _   0.011 0.007 0.001 0.011 0.005 0.012 0.049 0.904 
 195 T _   0.010 0.007 0.001 0.010 0.005 0.012 0.049 0.906 
 196 S _   0.010 0.007 0.001 0.009 0.005 0.012 0.048 0.907 
 197 E _   0.011 0.007 0.001 0.008 0.004 0.013 0.047 0.909 
 198 S _   0.011 0.007 0.000 0.007 0.004 0.013 0.046 0.910 
 199 P _   0.012 0.008 0.000 0.006 0.004 0.015 0.045 0.909 
 200 L _   0.014 0.009 0.001 0.007 0.005 0.017 0.044 0.904 
 201 G _   0.016 0.012 0.001 0.008 0.006 0.019 0.043 0.894 
 202 D _   0.019 0.016 0.001 0.011 0.009 0.022 0.042 0.880 
 203 I _   0.023 0.024 0.001 0.015 0.012 0.026 0.040 0.859 
 204 K _   0.025 0.034 0.001 0.022 0.015 0.029 0.039 0.835 
 205 I _   0.027 0.045 0.001 0.029 0.018 0.031 0.037 0.810 
 206 V _   0.028 0.054 0.002 0.037 0.021 0.032 0.036 0.791 
 207 D _   0.028 0.060 0.002 0.042 0.022 0.032 0.035 0.780 
 208 F _   0.027 0.062 0.002 0.045 0.021 0.031 0.034 0.778 
 209 G _   0.025 0.062 0.001 0.043 0.019 0.029 0.034 0.786 
 210 L _   0.024 0.058 0.001 0.039 0.017 0.026 0.034 0.801 
 211 S _   0.021 0.051 0.001 0.032 0.014 0.023 0.034 0.825 
 212 R _   0.019 0.041 0.001 0.023 0.010 0.020 0.034 0.852 
 213 I _   0.016 0.029 0.001 0.016 0.008 0.017 0.034 0.879 
 214 L _   0.014 0.020 0.001 0.011 0.005 0.015 0.034 0.900 
 215 K _   0.012 0.014 0.000 0.007 0.004 0.013 0.034 0.915 
 216 N _   0.011 0.010 0.000 0.006 0.003 0.012 0.033 0.923 
 217 S _   0.011 0.009 0.000 0.005 0.003 0.012 0.033 0.926 
 218 E _   0.011 0.008 0.000 0.006 0.004 0.013 0.032 0.925 
 219 E _   0.012 0.009 0.000 0.008 0.004 0.014 0.031 0.922 
 220 L _   0.013 0.010 0.001 0.010 0.005 0.015 0.030 0.917 
 221 R _   0.014 0.011 0.001 0.012 0.006 0.016 0.029 0.910 
 222 E _   0.014 0.012 0.001 0.015 0.007 0.017 0.028 0.906 
 223 I _   0.015 0.013 0.001 0.016 0.008 0.017 0.027 0.903 
 224 M _   0.015 0.014 0.001 0.017 0.008 0.017 0.026 0.902 
 225 G _   0.015 0.014 0.001 0.017 0.008 0.018 0.025 0.903 
 226 T _   0.015 0.014 0.001 0.016 0.008 0.018 0.024 0.904 
 227 P _   0.015 0.013 0.001 0.015 0.008 0.018 0.023 0.906 
 228 E _   0.015 0.012 0.001 0.015 0.008 0.018 0.023 0.908 
 229 Y _   0.016 0.012 0.001 0.015 0.008 0.018 0.022 0.909 
 230 V _   0.017 0.011 0.001 0.015 0.008 0.018 0.021 0.909 
 231 A _   0.017 0.010 0.001 0.016 0.008 0.017 0.021 0.910 
 232 P _   0.018 0.009 0.001 0.016 0.008 0.017 0.020 0.911 
 233 E _   0.019 0.008 0.001 0.015 0.008 0.016 0.019 0.914 
 234 I _   0.021 0.006 0.001 0.013 0.007 0.015 0.019 0.918 
 235 L _   0.023 0.005 0.001 0.011 0.006 0.014 0.018 0.922 
 236 S _   0.028 0.003 0.001 0.008 0.005 0.013 0.017 0.925 
 237 Y _   0.035 0.002 0.001 0.006 0.005 0.012 0.016 0.924 
 238 D _   0.047 0.001 0.001 0.004 0.004 0.011 0.015 0.917 
 239 P _   0.067 0.000 0.001 0.003 0.004 0.011 0.014 0.901 
 240 I _   0.098 0.000 0.001 0.002 0.004 0.011 0.012 0.872 
 241 S _   0.144 0.000 0.001 0.001 0.005 0.011 0.011 0.827 
 242 M _   0.210 0.000 0.001 0.001 0.006 0.011 0.009 0.762 
 243 A _   0.293 0.000 0.001 0.001 0.007 0.011 0.007 0.680 
 244 T _   0.394 0.000 0.001 0.001 0.008 0.011 0.006 0.579 
 245 D H   0.501 0.000 0.001 0.001 0.009 0.011 0.004 0.473 
 246 M H   0.607 0.000 0.001 0.001 0.010 0.010 0.003 0.368 
 247 W H   0.705 0.000 0.001 0.001 0.010 0.009 0.002 0.271 
 248 S H   0.784 0.000 0.001 0.001 0.011 0.008 0.002 0.193 
 249 I H   0.844 0.000 0.001 0.000 0.011 0.007 0.001 0.135 
 250 G H   0.884 0.000 0.001 0.000 0.012 0.006 0.001 0.096 
 251 V H   0.908 0.000 0.001 0.000 0.012 0.005 0.001 0.073 
 252 L H   0.920 0.000 0.001 0.000 0.012 0.005 0.001 0.061 
 253 T H   0.922 0.000 0.001 0.000 0.013 0.005 0.001 0.058 
 254 Y H   0.916 0.000 0.001 0.000 0.014 0.005 0.001 0.063 
 255 V H   0.900 0.000 0.001 0.000 0.015 0.005 0.002 0.077 
 256 M H   0.870 0.000 0.001 0.001 0.016 0.006 0.002 0.104 
 257 L H   0.822 0.000 0.001 0.001 0.017 0.007 0.004 0.148 
 258 T H   0.754 0.000 0.002 0.001 0.017 0.008 0.006 0.212 
 259 G H   0.664 0.000 0.002 0.002 0.016 0.009 0.009 0.299 
 260 I H   0.556 0.000 0.002 0.002 0.014 0.009 0.014 0.403 
 261 S _   0.438 0.000 0.001 0.002 0.011 0.010 0.020 0.517 
 262 P _   0.320 0.000 0.001 0.003 0.008 0.009 0.026 0.633 
 263 F _   0.216 0.000 0.001 0.003 0.006 0.009 0.032 0.734 
 264 L _   0.136 0.000 0.001 0.002 0.004 0.008 0.038 0.811 
 265 G _   0.082 0.000 0.000 0.002 0.003 0.007 0.042 0.863 
 266 N _   0.049 0.000 0.000 0.002 0.002 0.007 0.045 0.894 
 267 D _   0.031 0.000 0.000 0.002 0.002 0.007 0.047 0.909 
 268 K _   0.022 0.001 0.000 0.003 0.002 0.008 0.049 0.913 
 269 Q _   0.017 0.003 0.000 0.005 0.003 0.010 0.051 0.910 
 270 E _   0.015 0.006 0.001 0.009 0.004 0.012 0.052 0.901 
 271 T _   0.014 0.013 0.001 0.014 0.006 0.014 0.054 0.885 
 272 F _   0.013 0.021 0.001 0.021 0.008 0.015 0.055 0.866 
 273 L _   0.012 0.028 0.001 0.028 0.009 0.016 0.056 0.849 
 274 N _   0.012 0.034 0.001 0.033 0.010 0.017 0.058 0.836 
 275 I _   0.011 0.037 0.001 0.035 0.010 0.017 0.060 0.828 
 276 S _   0.011 0.038 0.001 0.034 0.010 0.016 0.063 0.827 
 277 Q _   0.011 0.036 0.001 0.031 0.009 0.015 0.066 0.832 
 278 M _   0.010 0.033 0.001 0.025 0.008 0.014 0.069 0.840 
 279 N _   0.009 0.029 0.001 0.019 0.006 0.013 0.073 0.850 
 280 L _   0.009 0.024 0.001 0.015 0.005 0.012 0.076 0.859 
 281 S _   0.008 0.019 0.001 0.011 0.004 0.011 0.080 0.867 
 282 Y _   0.008 0.016 0.000 0.008 0.003 0.010 0.083 0.872 
 283 S _   0.008 0.014 0.000 0.006 0.003 0.010 0.085 0.873 
 284 E _   0.008 0.013 0.000 0.006 0.003 0.011 0.088 0.872 
 285 E _   0.008 0.012 0.000 0.006 0.003 0.012 0.090 0.869 
 286 E _   0.010 0.013 0.000 0.006 0.003 0.013 0.092 0.863 
 287 F _   0.011 0.015 0.000 0.006 0.004 0.015 0.093 0.855 
 288 D _   0.013 0.018 0.001 0.007 0.005 0.018 0.094 0.843 
 289 V _   0.016 0.023 0.001 0.009 0.007 0.021 0.096 0.827 
 290 L _   0.020 0.031 0.001 0.012 0.009 0.025 0.097 0.804 
 291 S _   0.025 0.042 0.001 0.015 0.013 0.030 0.098 0.777 
 292 E _   0.030 0.056 0.001 0.020 0.017 0.034 0.099 0.743 
 293 S _   0.034 0.073 0.002 0.025 0.022 0.037 0.101 0.706 
 294 A _   0.039 0.091 0.002 0.033 0.026 0.040 0.103 0.667 
 295 V _   0.042 0.108 0.002 0.041 0.029 0.041 0.106 0.631 
 296 D _   0.044 0.120 0.002 0.049 0.030 0.041 0.109 0.604 
 297 F _   0.044 0.127 0.002 0.055 0.030 0.039 0.114 0.589 
 298 I _   0.043 0.129 0.002 0.058 0.028 0.036 0.120 0.584 
 299 R _   0.039 0.126 0.002 0.056 0.024 0.033 0.128 0.592 
 300 T _   0.035 0.117 0.002 0.051 0.020 0.029 0.136 0.610 
 301 L _   0.030 0.101 0.002 0.042 0.016 0.024 0.146 0.639 
 302 L _   0.025 0.078 0.001 0.031 0.012 0.020 0.157 0.676 
 303 V _   0.020 0.052 0.001 0.020 0.008 0.015 0.167 0.716 
 304 K _   0.016 0.031 0.001 0.012 0.005 0.012 0.176 0.748 
 305 K _   0.012 0.018 0.000 0.007 0.003 0.009 0.182 0.769 
 306 P _   0.009 0.011 0.000 0.004 0.002 0.007 0.187 0.780 
 307 E _   0.007 0.008 0.000 0.003 0.001 0.006 0.190 0.784 
 308 D _   0.006 0.007 0.000 0.003 0.001 0.006 0.192 0.784 
 309 R _   0.006 0.008 0.000 0.003 0.002 0.006 0.194 0.782 
 310 A _   0.006 0.009 0.000 0.005 0.002 0.007 0.195 0.776 
 311 T _   0.006 0.012 0.000 0.007 0.003 0.008 0.195 0.768 
 312 A _   0.007 0.018 0.000 0.011 0.004 0.010 0.196 0.756 
 313 E _   0.007 0.025 0.001 0.015 0.005 0.011 0.195 0.742 
 314 E _   0.007 0.032 0.001 0.019 0.006 0.012 0.195 0.728 
 315 C _   0.007 0.037 0.001 0.022 0.006 0.013 0.195 0.717 
 316 L _   0.007 0.042 0.001 0.025 0.007 0.013 0.196 0.709 
 317 K _   0.008 0.044 0.001 0.025 0.007 0.014 0.197 0.704 
 318 H _   0.007 0.045 0.001 0.025 0.007 0.013 0.199 0.702 
 319 P _   0.008 0.045 0.001 0.023 0.007 0.013 0.202 0.702 
 320 W _   0.008 0.044 0.001 0.021 0.006 0.012 0.205 0.704 
 321 L _   0.008 0.041 0.001 0.018 0.006 0.012 0.209 0.707 
 322 T _   0.008 0.038 0.001 0.015 0.005 0.011 0.213 0.710 
 323 Q _   0.008 0.035 0.001 0.012 0.004 0.010 0.217 0.713 
 324 S _   0.007 0.032 0.000 0.010 0.004 0.010 0.221 0.715 
 325 S _   0.007 0.031 0.000 0.009 0.004 0.009 0.224 0.716 
 326 I _   0.007 0.029 0.000 0.008 0.003 0.009 0.228 0.715 
 327 Q _   0.007 0.029 0.000 0.008 0.003 0.009 0.231 0.712 
 328 E _   0.007 0.030 0.000 0.009 0.004 0.010 0.233 0.707 
 329 P _   0.008 0.031 0.000 0.010 0.004 0.010 0.236 0.701 
 330 S _   0.008 0.032 0.001 0.012 0.005 0.010 0.239 0.694 
 331 F _   0.008 0.034 0.001 0.014 0.005 0.011 0.242 0.687 
 332 R _   0.008 0.036 0.001 0.015 0.005 0.011 0.245 0.680 
 333 M _   0.007 0.038 0.001 0.016 0.005 0.011 0.248 0.674 
 334 E _   0.007 0.039 0.001 0.017 0.005 0.010 0.252 0.670 
 335 K _   0.007 0.039 0.001 0.016 0.005 0.010 0.255 0.667 
 336 A _   0.006 0.039 0.001 0.015 0.005 0.010 0.259 0.666 
 337 L _   0.006 0.038 0.000 0.014 0.004 0.009 0.263 0.665 
 338 E _   0.006 0.037 0.000 0.013 0.004 0.009 0.267 0.664 
 339 E _   0.006 0.036 0.000 0.012 0.004 0.009 0.271 0.662 
 340 A _   0.006 0.035 0.000 0.012 0.004 0.009 0.276 0.659 
 341 N _   0.006 0.035 0.000 0.013 0.004 0.009 0.280 0.654 
 342 A _   0.006 0.035 0.000 0.014 0.004 0.009 0.284 0.648 
 343 L _   0.006 0.034 0.000 0.015 0.004 0.009 0.289 0.642 
 344 Q _   0.006 0.034 0.001 0.016 0.004 0.009 0.294 0.635 
 345 E _   0.006 0.033 0.001 0.018 0.005 0.009 0.300 0.627 
 346 G _   0.006 0.032 0.001 0.019 0.005 0.009 0.307 0.621 
 347 H _   0.006 0.030 0.001 0.019 0.005 0.009 0.314 0.616 
 348 S _   0.006 0.027 0.001 0.018 0.004 0.008 0.322 0.613 
 349 V _   0.006 0.023 0.001 0.016 0.004 0.008 0.331 0.611 
 350 P _   0.006 0.019 0.000 0.014 0.003 0.007 0.340 0.610 
 351 E _   0.005 0.014 0.000 0.011 0.003 0.006 0.349 0.611 
 352 I _   0.005 0.010 0.000 0.009 0.002 0.005 0.357 0.612 
 353 N _   0.004 0.007 0.000 0.006 0.002 0.005 0.364 0.613 
 354 S _   0.004 0.004 0.000 0.005 0.001 0.004 0.369 0.613 
 355 D _   0.003 0.002 0.000 0.003 0.001 0.004 0.373 0.613 
 356 T _   0.003 0.002 0.000 0.003 0.001 0.004 0.376 0.612 
 357 D _   0.003 0.001 0.000 0.002 0.001 0.004 0.378 0.610 
 358 K _   0.003 0.001 0.000 0.002 0.001 0.005 0.379 0.608 
 359 S _   0.004 0.001 0.000 0.003 0.001 0.007 0.379 0.604 
 360 E _   0.006 0.002 0.000 0.003 0.002 0.010 0.379 0.598 
 361 T _   0.009 0.003 0.000 0.005 0.003 0.014 0.378 0.588 
 362 K _   0.014 0.006 0.000 0.007 0.005 0.020 0.376 0.572 
 363 E _   0.021 0.011 0.001 0.009 0.008 0.028 0.374 0.548 
 364 S _   0.031 0.018 0.001 0.012 0.013 0.037 0.371 0.516 
 365 I _   0.045 0.028 0.001 0.015 0.021 0.046 0.368 0.476 
 366 V _   0.059 0.040 0.002 0.018 0.030 0.054 0.365 0.431 
 367 T _   0.075 0.053 0.002 0.021 0.039 0.061 0.364 0.385 
 368 E X   0.089 0.066 0.002 0.024 0.048 0.066 0.364 0.343 
 369 E X   0.100 0.077 0.002 0.026 0.054 0.068 0.366 0.307 
 370 L X   0.108 0.086 0.002 0.029 0.058 0.067 0.369 0.279 
 371 I X   0.112 0.093 0.002 0.032 0.058 0.065 0.375 0.261 
 372 V X   0.113 0.097 0.002 0.034 0.056 0.061 0.384 0.252 
 373 V X   0.109 0.099 0.002 0.036 0.051 0.056 0.395 0.252 
 374 T X   0.102 0.097 0.002 0.037 0.045 0.050 0.409 0.258 
 375 S X   0.091 0.091 0.002 0.036 0.037 0.043 0.426 0.273 
 376 Y X   0.078 0.082 0.002 0.032 0.029 0.036 0.445 0.296 
 377 T X   0.064 0.067 0.002 0.027 0.021 0.029 0.467 0.323 
 378 L X   0.050 0.050 0.001 0.021 0.014 0.023 0.489 0.351 
 379 G X   0.037 0.033 0.001 0.014 0.009 0.017 0.510 0.378 
 380 Q X   0.027 0.020 0.001 0.009 0.005 0.013 0.527 0.399 
 381 C X   0.018 0.011 0.000 0.006 0.003 0.009 0.540 0.412 
 382 R X   0.012 0.007 0.000 0.004 0.002 0.007 0.550 0.419 
 383 Q X   0.008 0.005 0.000 0.002 0.001 0.005 0.557 0.421 
 384 S X   0.006 0.004 0.000 0.002 0.001 0.004 0.563 0.420 
 385 E X   0.004 0.004 0.000 0.002 0.001 0.004 0.567 0.418 
 386 K X   0.004 0.005 0.000 0.003 0.001 0.004 0.570 0.414 
 387 E X   0.003 0.006 0.000 0.003 0.001 0.004 0.572 0.409 
 388 K X   0.003 0.008 0.000 0.005 0.002 0.005 0.574 0.403 
 389 M X   0.003 0.012 0.000 0.006 0.002 0.005 0.575 0.396 
 390 E X   0.003 0.016 0.000 0.008 0.002 0.006 0.576 0.388 
 391 Q X   0.003 0.021 0.000 0.010 0.003 0.006 0.577 0.380 
 392 K X   0.003 0.025 0.000 0.011 0.003 0.006 0.578 0.373 
 393 A X   0.003 0.029 0.000 0.011 0.003 0.007 0.580 0.367 
 394 I X   0.003 0.032 0.000 0.011 0.003 0.007 0.582 0.362 
 395 S X   0.003 0.035 0.000 0.011 0.003 0.007 0.584 0.357 
 396 K X   0.003 0.037 0.000 0.011 0.003 0.007 0.587 0.351 
 397 R X   0.003 0.039 0.000 0.010 0.003 0.008 0.591 0.345 
 398 F X   0.004 0.041 0.000 0.010 0.003 0.008 0.595 0.339 
 399 K X   0.004 0.043 0.000 0.010 0.003 0.008 0.599 0.332 
 400 F X   0.004 0.046 0.000 0.010 0.004 0.009 0.603 0.323 
 401 E X   0.005 0.049 0.000 0.011 0.004 0.009 0.608 0.314 
 402 E X   0.005 0.052 0.000 0.012 0.004 0.010 0.612 0.303 
 403 P X   0.006 0.056 0.001 0.014 0.005 0.011 0.617 0.290 
 404 L X   0.006 0.060 0.001 0.016 0.005 0.011 0.623 0.278 
 405 L X   0.007 0.062 0.001 0.017 0.006 0.011 0.630 0.267 
 406 Q X   0.006 0.064 0.001 0.019 0.006 0.011 0.636 0.257 
 407 E X   0.006 0.065 0.001 0.020 0.006 0.010 0.644 0.250 
 408 I X   0.005 0.065 0.001 0.020 0.006 0.008 0.652 0.244 
 409 P X   0.004 0.064 0.001 0.018 0.005 0.006 0.662 0.242 
 410 G X   0.002 0.060 0.000 0.015 0.003 0.004 0.673 0.243 
 411 E X   0.001 0.054 0.000 0.010 0.001 0.002 0.682 0.251 
 412 F X   0.000 0.046 0.000 0.006 0.000 0.001 0.685 0.261 
 413 I X   0.000 0.041 0.000 0.006 0.000 0.001 0.683 0.269 
 414 Y X   0.002 0.038 0.001 0.012 0.003 0.003 0.669 0.271 
