#TopoPred_TM8: 8-state transmembrane topology prediction results by no_profile mode 
#probabilities are in the order of H E C I L F X _, the 8 transmembrane topology types used in PDBTM 
   1 M X   0.020 0.002 0.003 0.072 0.012 0.014 0.548 0.330 
   2 L X   0.008 0.001 0.000 0.045 0.003 0.008 0.561 0.375 
   3 R X   0.003 0.000 0.000 0.027 0.001 0.005 0.562 0.402 
   4 G X   0.002 0.000 0.000 0.019 0.001 0.006 0.554 0.418 
   5 G X   0.002 0.000 0.000 0.016 0.001 0.008 0.541 0.430 
   6 R X   0.004 0.000 0.000 0.015 0.002 0.010 0.522 0.445 
   7 R X   0.006 0.001 0.000 0.015 0.003 0.013 0.502 0.460 
   8 G _   0.008 0.001 0.001 0.017 0.004 0.015 0.477 0.478 
   9 Q _   0.010 0.001 0.001 0.018 0.005 0.017 0.449 0.499 
  10 L _   0.014 0.001 0.001 0.019 0.006 0.019 0.419 0.521 
  11 G _   0.019 0.001 0.001 0.019 0.008 0.021 0.387 0.544 
  12 W _   0.029 0.001 0.001 0.018 0.009 0.023 0.354 0.565 
  13 H _   0.047 0.001 0.001 0.015 0.010 0.024 0.322 0.580 
  14 S _   0.076 0.001 0.001 0.011 0.011 0.026 0.289 0.585 
  15 W _   0.117 0.000 0.001 0.008 0.012 0.027 0.254 0.579 
  16 A _   0.174 0.000 0.001 0.005 0.013 0.028 0.219 0.559 
  17 A _   0.244 0.000 0.001 0.003 0.014 0.029 0.185 0.523 
  18 G _   0.331 0.000 0.002 0.002 0.016 0.029 0.151 0.468 
  19 P H   0.427 0.000 0.002 0.002 0.019 0.029 0.121 0.400 
  20 G H   0.522 0.000 0.002 0.002 0.022 0.029 0.096 0.327 
  21 S H   0.607 0.000 0.002 0.001 0.025 0.028 0.078 0.259 
  22 L H   0.673 0.000 0.002 0.001 0.028 0.026 0.067 0.204 
  23 L H   0.719 0.000 0.002 0.001 0.029 0.024 0.059 0.165 
  24 A H   0.748 0.000 0.002 0.001 0.031 0.022 0.055 0.141 
  25 W H   0.761 0.000 0.002 0.002 0.031 0.020 0.053 0.132 
  26 L H   0.758 0.000 0.002 0.002 0.031 0.019 0.052 0.136 
  27 I H   0.741 0.000 0.002 0.003 0.030 0.018 0.052 0.155 
  28 L H   0.706 0.000 0.002 0.003 0.029 0.017 0.052 0.190 
  29 A H   0.650 0.000 0.002 0.004 0.027 0.017 0.054 0.246 
  30 S H   0.573 0.000 0.002 0.004 0.023 0.016 0.056 0.326 
  31 A H   0.478 0.000 0.002 0.004 0.017 0.014 0.060 0.424 
  32 G _   0.377 0.000 0.001 0.004 0.012 0.013 0.064 0.528 
  33 A _   0.279 0.000 0.001 0.004 0.008 0.011 0.068 0.628 
  34 A _   0.194 0.000 0.001 0.004 0.006 0.010 0.072 0.714 
  35 P _   0.128 0.000 0.001 0.003 0.004 0.009 0.075 0.781 
  36 C _   0.081 0.000 0.000 0.003 0.003 0.007 0.077 0.828 
  37 P _   0.050 0.000 0.000 0.003 0.002 0.007 0.078 0.859 
  38 D _   0.031 0.001 0.000 0.003 0.002 0.006 0.079 0.877 
  39 A _   0.020 0.001 0.000 0.003 0.002 0.006 0.079 0.888 
  40 C _   0.014 0.002 0.000 0.004 0.002 0.006 0.078 0.893 
  41 C _   0.010 0.005 0.000 0.005 0.002 0.007 0.077 0.894 
  42 P _   0.008 0.009 0.000 0.007 0.003 0.008 0.075 0.890 
  43 H _   0.007 0.018 0.000 0.010 0.003 0.009 0.072 0.880 
  44 G _   0.007 0.031 0.001 0.014 0.004 0.011 0.069 0.863 
  45 S _   0.007 0.050 0.001 0.019 0.006 0.012 0.065 0.840 
  46 S _   0.007 0.072 0.001 0.025 0.007 0.014 0.061 0.813 
  47 G _   0.007 0.094 0.001 0.032 0.008 0.015 0.058 0.786 
  48 L _   0.007 0.111 0.001 0.038 0.009 0.015 0.054 0.764 
  49 R _   0.007 0.123 0.001 0.042 0.010 0.015 0.052 0.750 
  50 C _   0.007 0.130 0.001 0.044 0.010 0.015 0.050 0.742 
  51 T _   0.007 0.133 0.001 0.044 0.010 0.015 0.049 0.742 
  52 R _   0.007 0.133 0.001 0.041 0.009 0.014 0.048 0.748 
  53 D _   0.007 0.129 0.001 0.036 0.008 0.013 0.047 0.758 
  54 G _   0.007 0.122 0.001 0.031 0.007 0.012 0.047 0.773 
  55 A _   0.007 0.113 0.001 0.026 0.006 0.011 0.048 0.790 
  56 L _   0.007 0.101 0.001 0.020 0.005 0.010 0.048 0.808 
  57 D _   0.006 0.089 0.001 0.016 0.004 0.009 0.049 0.826 
  58 S _   0.006 0.078 0.000 0.013 0.004 0.009 0.049 0.842 
  59 L _   0.006 0.069 0.000 0.010 0.003 0.008 0.049 0.854 
  60 H _   0.006 0.063 0.000 0.008 0.003 0.008 0.049 0.863 
  61 H _   0.006 0.059 0.000 0.008 0.003 0.008 0.049 0.868 
  62 L _   0.006 0.057 0.000 0.007 0.003 0.008 0.048 0.871 
  63 P _   0.006 0.056 0.000 0.008 0.003 0.009 0.048 0.871 
  64 G _   0.006 0.057 0.000 0.009 0.003 0.010 0.047 0.867 
  65 A _   0.007 0.060 0.000 0.011 0.004 0.011 0.046 0.860 
  66 E _   0.008 0.064 0.001 0.015 0.005 0.012 0.045 0.852 
  67 N _   0.009 0.068 0.001 0.018 0.006 0.013 0.044 0.842 
  68 L _   0.009 0.072 0.001 0.022 0.007 0.014 0.043 0.833 
  69 T _   0.009 0.074 0.001 0.025 0.008 0.014 0.042 0.826 
  70 E _   0.010 0.075 0.001 0.027 0.008 0.015 0.042 0.823 
  71 L _   0.010 0.074 0.001 0.027 0.008 0.014 0.041 0.825 
  72 Y _   0.010 0.071 0.001 0.025 0.007 0.014 0.041 0.832 
  73 I _   0.009 0.065 0.001 0.022 0.007 0.013 0.041 0.842 
  74 E _   0.009 0.058 0.001 0.019 0.006 0.012 0.042 0.854 
  75 N _   0.009 0.049 0.001 0.015 0.005 0.011 0.042 0.868 
  76 Q _   0.008 0.041 0.001 0.012 0.004 0.011 0.042 0.881 
  77 Q _   0.008 0.034 0.000 0.010 0.004 0.010 0.043 0.891 
  78 H _   0.008 0.028 0.000 0.009 0.003 0.010 0.043 0.899 
  79 L _   0.008 0.024 0.000 0.008 0.003 0.010 0.043 0.904 
  80 Q _   0.008 0.022 0.000 0.008 0.003 0.010 0.043 0.907 
  81 H _   0.008 0.020 0.000 0.008 0.003 0.010 0.043 0.908 
  82 L _   0.008 0.019 0.000 0.009 0.004 0.010 0.042 0.909 
  83 E _   0.008 0.018 0.000 0.009 0.004 0.011 0.042 0.908 
  84 L _   0.008 0.017 0.000 0.010 0.004 0.011 0.041 0.908 
  85 R _   0.009 0.017 0.000 0.010 0.004 0.012 0.040 0.907 
  86 D _   0.009 0.017 0.001 0.010 0.005 0.013 0.040 0.906 
  87 L _   0.010 0.016 0.001 0.010 0.005 0.014 0.039 0.904 
  88 R _   0.012 0.016 0.001 0.011 0.006 0.016 0.038 0.901 
  89 G _   0.014 0.016 0.001 0.011 0.006 0.017 0.038 0.897 
  90 L _   0.016 0.016 0.001 0.011 0.007 0.019 0.037 0.892 
  91 G _   0.018 0.017 0.001 0.011 0.008 0.021 0.037 0.887 
  92 E _   0.022 0.017 0.001 0.012 0.009 0.023 0.036 0.881 
  93 L _   0.025 0.018 0.001 0.012 0.010 0.025 0.036 0.874 
  94 R _   0.029 0.019 0.001 0.012 0.011 0.027 0.035 0.867 
  95 N _   0.032 0.020 0.001 0.013 0.012 0.029 0.035 0.859 
  96 L _   0.036 0.021 0.001 0.013 0.013 0.031 0.034 0.851 
  97 T _   0.039 0.022 0.001 0.014 0.014 0.032 0.034 0.844 
  98 I _   0.041 0.024 0.001 0.015 0.015 0.033 0.034 0.836 
  99 V _   0.043 0.026 0.001 0.017 0.016 0.034 0.034 0.829 
 100 K _   0.044 0.028 0.001 0.018 0.017 0.034 0.034 0.824 
 101 S _   0.044 0.029 0.001 0.019 0.017 0.034 0.034 0.821 
 102 G _   0.044 0.030 0.001 0.020 0.017 0.033 0.034 0.821 
 103 L _   0.042 0.030 0.001 0.020 0.016 0.032 0.035 0.824 
 104 R _   0.039 0.030 0.001 0.019 0.015 0.030 0.035 0.830 
 105 F _   0.036 0.029 0.001 0.018 0.013 0.028 0.035 0.839 
 106 V _   0.033 0.028 0.001 0.017 0.012 0.026 0.036 0.848 
 107 A _   0.029 0.026 0.001 0.016 0.011 0.024 0.036 0.857 
 108 P _   0.026 0.024 0.001 0.015 0.009 0.022 0.037 0.866 
 109 D _   0.023 0.023 0.001 0.014 0.008 0.020 0.037 0.874 
 110 A _   0.020 0.021 0.001 0.013 0.007 0.018 0.038 0.882 
 111 F _   0.018 0.019 0.001 0.012 0.007 0.017 0.038 0.889 
 112 H _   0.016 0.018 0.001 0.011 0.006 0.016 0.039 0.895 
 113 F _   0.014 0.016 0.001 0.010 0.005 0.014 0.039 0.900 
 114 T _   0.012 0.015 0.001 0.010 0.005 0.014 0.039 0.905 
 115 P _   0.011 0.014 0.001 0.009 0.005 0.013 0.039 0.909 
 116 R _   0.010 0.014 0.001 0.009 0.004 0.013 0.039 0.911 
 117 L _   0.010 0.014 0.001 0.009 0.004 0.013 0.039 0.911 
 118 S _   0.010 0.014 0.001 0.009 0.005 0.013 0.039 0.911 
 119 R _   0.011 0.015 0.001 0.009 0.005 0.014 0.038 0.908 
 120 L _   0.011 0.016 0.001 0.010 0.006 0.014 0.038 0.904 
 121 N _   0.012 0.017 0.001 0.012 0.006 0.015 0.038 0.899 
 122 L _   0.013 0.018 0.001 0.013 0.007 0.016 0.038 0.894 
 123 S _   0.014 0.019 0.001 0.014 0.008 0.017 0.037 0.890 
 124 F _   0.015 0.020 0.001 0.015 0.008 0.018 0.037 0.886 
 125 N _   0.016 0.020 0.001 0.015 0.008 0.019 0.037 0.885 
 126 A _   0.017 0.020 0.001 0.014 0.008 0.019 0.037 0.884 
 127 L _   0.018 0.020 0.001 0.013 0.008 0.020 0.037 0.884 
 128 E _   0.019 0.019 0.001 0.012 0.008 0.020 0.037 0.885 
 129 S _   0.020 0.018 0.001 0.010 0.008 0.021 0.037 0.885 
 130 L _   0.022 0.018 0.001 0.009 0.008 0.022 0.037 0.884 
 131 S _   0.023 0.018 0.001 0.009 0.008 0.023 0.037 0.881 
 132 W _   0.026 0.019 0.001 0.009 0.009 0.025 0.037 0.876 
 133 K _   0.028 0.020 0.001 0.010 0.010 0.026 0.037 0.869 
 134 T _   0.030 0.023 0.001 0.012 0.011 0.028 0.037 0.859 
 135 V _   0.031 0.027 0.001 0.015 0.013 0.029 0.037 0.848 
 136 Q _   0.032 0.032 0.001 0.018 0.015 0.030 0.037 0.834 
 137 G _   0.033 0.037 0.001 0.023 0.016 0.031 0.037 0.822 
 138 L _   0.033 0.041 0.001 0.027 0.018 0.031 0.037 0.812 
 139 S _   0.032 0.044 0.001 0.030 0.018 0.030 0.038 0.807 
 140 L _   0.031 0.044 0.001 0.031 0.017 0.029 0.038 0.807 
 141 Q _   0.029 0.043 0.001 0.030 0.016 0.027 0.039 0.814 
 142 E _   0.027 0.040 0.001 0.027 0.014 0.025 0.040 0.827 
 143 L _   0.024 0.035 0.001 0.022 0.011 0.022 0.042 0.844 
 144 V _   0.021 0.029 0.001 0.016 0.008 0.019 0.043 0.862 
 145 L _   0.019 0.023 0.001 0.011 0.006 0.017 0.044 0.879 
 146 S _   0.017 0.018 0.001 0.008 0.005 0.016 0.045 0.891 
 147 G _   0.016 0.015 0.000 0.006 0.004 0.015 0.045 0.898 
 148 N _   0.016 0.014 0.000 0.005 0.004 0.016 0.046 0.900 
 149 P _   0.017 0.014 0.000 0.005 0.004 0.017 0.046 0.896 
 150 L _   0.019 0.016 0.001 0.007 0.006 0.019 0.046 0.887 
 151 H _   0.021 0.021 0.001 0.010 0.008 0.022 0.046 0.871 
 152 C _   0.024 0.030 0.001 0.015 0.011 0.024 0.046 0.849 
 153 S _   0.025 0.041 0.001 0.022 0.014 0.026 0.046 0.824 
 154 C _   0.026 0.052 0.001 0.030 0.016 0.027 0.046 0.801 
 155 A _   0.027 0.061 0.001 0.036 0.017 0.027 0.046 0.784 
 156 L _   0.027 0.066 0.001 0.040 0.017 0.027 0.047 0.775 
 157 R _   0.025 0.068 0.001 0.040 0.017 0.025 0.048 0.776 
 158 W _   0.024 0.067 0.001 0.038 0.015 0.023 0.049 0.783 
 159 L _   0.022 0.062 0.001 0.033 0.013 0.021 0.051 0.798 
 160 Q _   0.019 0.056 0.001 0.027 0.010 0.018 0.053 0.816 
 161 R _   0.017 0.047 0.001 0.021 0.008 0.015 0.054 0.837 
 162 W _   0.015 0.038 0.001 0.016 0.006 0.013 0.056 0.856 
 163 E _   0.013 0.030 0.001 0.012 0.004 0.011 0.058 0.871 
 164 E _   0.011 0.024 0.000 0.009 0.003 0.010 0.059 0.883 
 165 E _   0.010 0.020 0.000 0.007 0.003 0.009 0.060 0.891 
 166 G _   0.009 0.017 0.000 0.006 0.002 0.008 0.061 0.895 
 167 L _   0.009 0.016 0.000 0.006 0.002 0.007 0.062 0.897 
 168 G _   0.008 0.016 0.000 0.006 0.002 0.007 0.062 0.898 
 169 G _   0.007 0.016 0.000 0.007 0.002 0.007 0.062 0.898 
 170 V _   0.007 0.016 0.000 0.007 0.003 0.007 0.062 0.898 
 171 P _   0.007 0.018 0.000 0.008 0.003 0.008 0.061 0.896 
 172 E _   0.006 0.020 0.000 0.009 0.003 0.008 0.060 0.894 
 173 Q _   0.006 0.022 0.000 0.009 0.003 0.008 0.059 0.892 
 174 K _   0.006 0.024 0.000 0.010 0.003 0.008 0.058 0.889 
 175 L _   0.006 0.027 0.000 0.012 0.004 0.009 0.057 0.886 
 176 Q _   0.006 0.030 0.000 0.013 0.004 0.009 0.056 0.882 
 177 C _   0.006 0.034 0.000 0.014 0.004 0.009 0.055 0.878 
 178 H _   0.006 0.037 0.001 0.015 0.004 0.010 0.054 0.874 
 179 G _   0.006 0.041 0.001 0.016 0.005 0.010 0.053 0.870 
 180 Q _   0.006 0.043 0.001 0.017 0.005 0.010 0.052 0.867 
 181 G _   0.006 0.046 0.001 0.016 0.005 0.010 0.051 0.865 
 182 P _   0.006 0.047 0.001 0.015 0.005 0.010 0.050 0.865 
 183 L _   0.006 0.048 0.001 0.014 0.004 0.011 0.050 0.866 
 184 A _   0.007 0.049 0.001 0.013 0.004 0.011 0.049 0.867 
 185 H _   0.007 0.049 0.000 0.011 0.004 0.012 0.049 0.867 
 186 M _   0.008 0.051 0.000 0.010 0.004 0.012 0.048 0.866 
 187 P _   0.008 0.053 0.001 0.010 0.005 0.014 0.048 0.862 
 188 N _   0.010 0.057 0.001 0.011 0.005 0.015 0.047 0.855 
 189 A _   0.011 0.063 0.001 0.012 0.007 0.018 0.046 0.843 
 190 S _   0.013 0.072 0.001 0.016 0.008 0.020 0.045 0.826 
 191 C _   0.014 0.084 0.001 0.020 0.011 0.022 0.044 0.804 
 192 G _   0.015 0.098 0.001 0.026 0.013 0.024 0.042 0.780 
 193 V _   0.016 0.112 0.001 0.033 0.015 0.026 0.041 0.756 
 194 P _   0.016 0.122 0.001 0.040 0.017 0.026 0.040 0.737 
 195 T _   0.016 0.129 0.001 0.044 0.017 0.026 0.040 0.726 
 196 L _   0.016 0.131 0.001 0.047 0.017 0.025 0.039 0.722 
 197 K _   0.016 0.130 0.001 0.046 0.017 0.024 0.039 0.727 
 198 V _   0.015 0.125 0.001 0.042 0.015 0.022 0.040 0.740 
 199 Q _   0.014 0.114 0.001 0.036 0.013 0.020 0.041 0.761 
 200 V _   0.013 0.100 0.001 0.029 0.010 0.017 0.042 0.788 
 201 P _   0.012 0.083 0.001 0.022 0.008 0.015 0.043 0.817 
 202 N _   0.011 0.065 0.001 0.016 0.006 0.013 0.044 0.844 
 203 A _   0.010 0.051 0.001 0.011 0.005 0.012 0.045 0.867 
 204 S _   0.009 0.040 0.000 0.007 0.003 0.011 0.045 0.883 
 205 V _   0.009 0.035 0.000 0.006 0.003 0.010 0.045 0.893 
 206 D _   0.008 0.032 0.000 0.005 0.003 0.010 0.045 0.897 
 207 V _   0.008 0.032 0.000 0.005 0.003 0.011 0.045 0.896 
 208 G _   0.009 0.034 0.000 0.006 0.004 0.012 0.044 0.890 
 209 D _   0.010 0.039 0.001 0.008 0.005 0.014 0.043 0.880 
 210 D _   0.012 0.047 0.001 0.012 0.006 0.016 0.042 0.865 
 211 V _   0.012 0.058 0.001 0.016 0.008 0.018 0.041 0.846 
 212 L _   0.013 0.069 0.001 0.020 0.009 0.020 0.040 0.828 
 213 L _   0.013 0.080 0.001 0.023 0.010 0.021 0.039 0.813 
 214 R _   0.013 0.088 0.001 0.025 0.011 0.021 0.038 0.804 
 215 C _   0.013 0.093 0.001 0.025 0.011 0.022 0.037 0.799 
 216 Q _   0.012 0.097 0.001 0.024 0.010 0.022 0.036 0.798 
 217 V _   0.013 0.098 0.001 0.022 0.010 0.022 0.035 0.799 
 218 E _   0.013 0.099 0.001 0.019 0.009 0.022 0.035 0.802 
 219 G _   0.014 0.099 0.001 0.017 0.009 0.023 0.034 0.804 
 220 R _   0.015 0.099 0.001 0.015 0.009 0.023 0.034 0.804 
 221 G _   0.016 0.100 0.001 0.014 0.009 0.024 0.034 0.802 
 222 L _   0.018 0.101 0.001 0.014 0.010 0.025 0.033 0.797 
 223 E _   0.019 0.104 0.001 0.015 0.011 0.027 0.033 0.789 
 224 Q _   0.021 0.108 0.001 0.018 0.013 0.028 0.033 0.779 
 225 A _   0.022 0.112 0.001 0.021 0.014 0.029 0.033 0.768 
 226 G _   0.024 0.116 0.001 0.024 0.015 0.030 0.032 0.758 
 227 W _   0.025 0.119 0.001 0.026 0.016 0.030 0.032 0.750 
 228 I _   0.026 0.120 0.001 0.028 0.017 0.029 0.033 0.746 
 229 L _   0.026 0.118 0.001 0.029 0.016 0.028 0.033 0.748 
 230 T _   0.026 0.114 0.001 0.028 0.016 0.027 0.033 0.755 
 231 E _   0.025 0.106 0.001 0.026 0.014 0.025 0.034 0.768 
 232 L _   0.024 0.095 0.001 0.023 0.013 0.024 0.035 0.785 
 233 E _   0.023 0.082 0.001 0.019 0.011 0.022 0.036 0.805 
 234 Q _   0.021 0.069 0.001 0.016 0.010 0.021 0.037 0.825 
 235 S _   0.020 0.057 0.001 0.013 0.008 0.019 0.039 0.843 
 236 A _   0.019 0.047 0.001 0.010 0.007 0.018 0.040 0.857 
 237 T _   0.019 0.040 0.001 0.008 0.006 0.018 0.041 0.868 
 238 V _   0.018 0.036 0.001 0.007 0.005 0.017 0.041 0.875 
 239 M _   0.018 0.034 0.001 0.006 0.005 0.018 0.042 0.877 
 240 K _   0.018 0.033 0.001 0.006 0.005 0.018 0.042 0.876 
 241 S _   0.019 0.034 0.001 0.007 0.005 0.020 0.042 0.872 
 242 G _   0.021 0.037 0.001 0.008 0.007 0.022 0.043 0.863 
 243 G _   0.023 0.043 0.001 0.011 0.009 0.025 0.042 0.847 
 244 L _   0.026 0.053 0.001 0.015 0.012 0.028 0.042 0.823 
 245 P _   0.028 0.067 0.001 0.022 0.016 0.030 0.042 0.794 
 246 S _   0.030 0.084 0.002 0.031 0.019 0.032 0.042 0.760 
 247 L _   0.030 0.100 0.002 0.040 0.022 0.033 0.042 0.731 
 248 G _   0.030 0.112 0.002 0.049 0.024 0.033 0.042 0.709 
 249 L _   0.029 0.118 0.002 0.054 0.024 0.032 0.043 0.699 
 250 T _   0.028 0.119 0.002 0.055 0.022 0.029 0.044 0.701 
 251 L _   0.025 0.115 0.002 0.053 0.019 0.026 0.046 0.714 
 252 A _   0.022 0.105 0.001 0.045 0.016 0.023 0.049 0.738 
 253 N _   0.019 0.089 0.001 0.036 0.012 0.019 0.052 0.772 
 254 V _   0.016 0.066 0.001 0.025 0.009 0.016 0.054 0.812 
 255 T _   0.014 0.044 0.001 0.017 0.006 0.013 0.057 0.849 
 256 S _   0.011 0.025 0.001 0.010 0.004 0.010 0.059 0.879 
 257 D _   0.009 0.014 0.000 0.006 0.003 0.009 0.060 0.898 
 258 L _   0.008 0.008 0.000 0.005 0.002 0.008 0.061 0.908 
 259 N _   0.007 0.006 0.000 0.004 0.002 0.007 0.062 0.912 
 260 R _   0.007 0.005 0.000 0.004 0.002 0.007 0.062 0.913 
 261 K _   0.007 0.005 0.000 0.005 0.002 0.008 0.062 0.911 
 262 N _   0.007 0.005 0.000 0.007 0.003 0.009 0.062 0.907 
 263 V _   0.008 0.006 0.000 0.009 0.003 0.010 0.061 0.903 
 264 T _   0.008 0.007 0.000 0.011 0.004 0.010 0.061 0.899 
 265 C _   0.007 0.008 0.001 0.013 0.004 0.011 0.060 0.896 
 266 W _   0.007 0.009 0.001 0.014 0.005 0.011 0.059 0.895 
 267 A _   0.007 0.009 0.001 0.013 0.005 0.012 0.058 0.895 
 268 E _   0.007 0.009 0.001 0.013 0.005 0.012 0.057 0.896 
 269 N _   0.008 0.009 0.001 0.012 0.005 0.013 0.057 0.896 
 270 D _   0.008 0.009 0.001 0.011 0.005 0.014 0.056 0.896 
 271 V _   0.009 0.010 0.001 0.011 0.005 0.016 0.055 0.894 
 272 G _   0.011 0.010 0.001 0.011 0.006 0.017 0.054 0.890 
 273 R _   0.013 0.011 0.001 0.012 0.007 0.020 0.053 0.883 
 274 A _   0.015 0.012 0.001 0.014 0.008 0.022 0.053 0.876 
 275 E _   0.017 0.013 0.001 0.016 0.010 0.024 0.052 0.867 
 276 V _   0.019 0.014 0.001 0.017 0.011 0.026 0.051 0.860 
 277 S _   0.021 0.015 0.001 0.018 0.012 0.028 0.051 0.854 
 278 V _   0.023 0.016 0.001 0.018 0.013 0.030 0.050 0.849 
 279 Q _   0.025 0.015 0.001 0.018 0.013 0.031 0.050 0.847 
 280 V _   0.027 0.015 0.001 0.017 0.013 0.032 0.050 0.846 
 281 N _   0.028 0.014 0.001 0.015 0.013 0.033 0.050 0.846 
 282 V _   0.030 0.013 0.001 0.014 0.012 0.034 0.050 0.846 
 283 S _   0.032 0.012 0.001 0.012 0.012 0.035 0.050 0.847 
 284 F _   0.034 0.011 0.001 0.011 0.012 0.036 0.050 0.846 
 285 P _   0.037 0.011 0.001 0.010 0.012 0.037 0.050 0.842 
 286 A _   0.040 0.011 0.001 0.010 0.013 0.039 0.050 0.836 
 287 S _   0.044 0.011 0.001 0.010 0.014 0.040 0.051 0.829 
 288 V _   0.047 0.012 0.001 0.010 0.015 0.042 0.051 0.821 
 289 Q _   0.051 0.014 0.001 0.011 0.016 0.044 0.051 0.812 
 290 L _   0.054 0.017 0.001 0.013 0.018 0.045 0.051 0.801 
 291 H _   0.057 0.020 0.001 0.014 0.020 0.046 0.052 0.789 
 292 T _   0.060 0.023 0.001 0.016 0.022 0.047 0.052 0.777 
 293 A _   0.062 0.027 0.002 0.018 0.024 0.047 0.053 0.766 
 294 V _   0.063 0.032 0.002 0.021 0.026 0.047 0.054 0.757 
 295 E _   0.062 0.036 0.002 0.024 0.026 0.046 0.055 0.749 
 296 M _   0.061 0.039 0.002 0.027 0.026 0.044 0.057 0.745 
 297 H _   0.059 0.041 0.002 0.030 0.025 0.041 0.059 0.744 
 298 H _   0.055 0.042 0.002 0.032 0.023 0.037 0.061 0.749 
 299 W _   0.049 0.041 0.002 0.032 0.021 0.033 0.063 0.759 
 300 C _   0.043 0.038 0.001 0.030 0.017 0.029 0.067 0.775 
 301 I _   0.037 0.034 0.001 0.026 0.014 0.025 0.070 0.793 
 302 P _   0.031 0.028 0.001 0.021 0.010 0.021 0.073 0.815 
 303 F _   0.025 0.021 0.001 0.016 0.007 0.017 0.076 0.838 
 304 S _   0.019 0.014 0.001 0.011 0.005 0.013 0.079 0.858 
 305 V _   0.015 0.009 0.000 0.007 0.003 0.011 0.081 0.874 
 306 D _   0.011 0.006 0.000 0.005 0.002 0.009 0.082 0.884 
 307 G _   0.009 0.005 0.000 0.003 0.002 0.008 0.083 0.890 
 308 Q _   0.008 0.004 0.000 0.003 0.002 0.008 0.083 0.892 
 309 P _   0.007 0.005 0.000 0.003 0.002 0.009 0.083 0.890 
 310 A _   0.008 0.007 0.000 0.005 0.003 0.010 0.082 0.884 
 311 P _   0.009 0.012 0.000 0.007 0.004 0.013 0.082 0.873 
 312 S _   0.010 0.021 0.001 0.012 0.006 0.015 0.081 0.856 
 313 L _   0.011 0.032 0.001 0.017 0.008 0.018 0.079 0.834 
 314 R _   0.011 0.045 0.001 0.022 0.010 0.020 0.078 0.813 
 315 W _   0.012 0.056 0.001 0.025 0.011 0.022 0.077 0.796 
 316 L _   0.012 0.063 0.001 0.027 0.012 0.024 0.076 0.785 
 317 F _   0.013 0.068 0.001 0.026 0.012 0.025 0.076 0.780 
 318 N _   0.014 0.070 0.001 0.024 0.012 0.027 0.075 0.777 
 319 G _   0.016 0.071 0.001 0.021 0.012 0.028 0.075 0.776 
 320 S _   0.019 0.072 0.001 0.017 0.012 0.030 0.076 0.773 
 321 V _   0.023 0.072 0.001 0.015 0.013 0.032 0.076 0.767 
 322 L _   0.028 0.074 0.001 0.014 0.015 0.035 0.076 0.757 
 323 N _   0.033 0.078 0.001 0.015 0.017 0.038 0.077 0.741 
 324 E _   0.038 0.083 0.001 0.018 0.021 0.040 0.078 0.721 
 325 T _   0.042 0.090 0.002 0.023 0.024 0.042 0.079 0.698 
 326 S _   0.045 0.098 0.002 0.029 0.026 0.042 0.080 0.677 
 327 F _   0.047 0.104 0.002 0.035 0.028 0.042 0.082 0.661 
 328 I _   0.046 0.107 0.002 0.039 0.027 0.040 0.085 0.653 
 329 F _   0.045 0.107 0.002 0.041 0.026 0.038 0.088 0.654 
 330 T _   0.042 0.104 0.002 0.039 0.023 0.034 0.092 0.665 
 331 E _   0.037 0.096 0.002 0.035 0.020 0.030 0.096 0.684 
 332 F _   0.032 0.084 0.001 0.028 0.016 0.027 0.101 0.711 
 333 L _   0.028 0.068 0.001 0.022 0.012 0.023 0.106 0.740 
 334 E _   0.023 0.052 0.001 0.015 0.009 0.020 0.111 0.769 
 335 P _   0.019 0.039 0.001 0.010 0.006 0.017 0.115 0.792 
 336 A _   0.016 0.031 0.001 0.007 0.005 0.015 0.119 0.806 
 337 A _   0.014 0.027 0.000 0.006 0.004 0.014 0.122 0.813 
 338 N _   0.012 0.026 0.000 0.006 0.004 0.014 0.124 0.814 
 339 E _   0.012 0.026 0.000 0.007 0.004 0.014 0.126 0.810 
 340 T _   0.012 0.028 0.001 0.009 0.005 0.015 0.128 0.802 
 341 V _   0.012 0.032 0.001 0.013 0.006 0.016 0.130 0.790 
 342 R _   0.012 0.037 0.001 0.019 0.007 0.016 0.132 0.776 
 343 H _   0.012 0.042 0.001 0.024 0.009 0.017 0.134 0.762 
 344 G _   0.011 0.045 0.001 0.029 0.010 0.017 0.136 0.750 
 345 C _   0.011 0.047 0.001 0.032 0.010 0.017 0.139 0.742 
 346 L _   0.011 0.047 0.001 0.033 0.010 0.016 0.143 0.739 
 347 R _   0.010 0.045 0.001 0.031 0.009 0.015 0.148 0.741 
 348 L _   0.010 0.041 0.001 0.027 0.008 0.013 0.153 0.747 
 349 N _   0.009 0.034 0.001 0.022 0.007 0.012 0.159 0.756 
 350 Q _   0.008 0.027 0.001 0.016 0.005 0.010 0.165 0.767 
 351 P _   0.008 0.020 0.001 0.012 0.004 0.009 0.171 0.777 
 352 T _   0.007 0.014 0.000 0.008 0.003 0.008 0.176 0.784 
 353 H _   0.006 0.010 0.000 0.006 0.002 0.007 0.181 0.788 
 354 V _   0.006 0.008 0.000 0.005 0.002 0.007 0.185 0.789 
 355 N _   0.006 0.007 0.000 0.004 0.002 0.007 0.188 0.787 
 356 N _   0.006 0.007 0.000 0.005 0.002 0.007 0.190 0.783 
 357 G _   0.006 0.007 0.000 0.006 0.002 0.008 0.192 0.777 
 358 N _   0.006 0.009 0.000 0.007 0.003 0.010 0.194 0.770 
 359 Y _   0.007 0.011 0.000 0.009 0.004 0.011 0.196 0.761 
 360 T _   0.007 0.013 0.001 0.011 0.004 0.013 0.198 0.753 
 361 L _   0.008 0.015 0.001 0.013 0.005 0.015 0.199 0.745 
 362 L _   0.008 0.017 0.001 0.013 0.005 0.017 0.201 0.738 
 363 A _   0.010 0.019 0.001 0.012 0.006 0.019 0.202 0.731 
 364 A _   0.011 0.021 0.001 0.011 0.006 0.022 0.203 0.724 
 365 N _   0.014 0.023 0.001 0.010 0.007 0.025 0.205 0.715 
 366 P _   0.019 0.026 0.001 0.009 0.009 0.030 0.206 0.700 
 367 F _   0.026 0.031 0.001 0.010 0.012 0.035 0.207 0.678 
 368 G _   0.035 0.040 0.001 0.012 0.018 0.042 0.208 0.644 
 369 Q _   0.045 0.057 0.002 0.016 0.026 0.049 0.210 0.596 
 370 A _   0.054 0.084 0.002 0.023 0.036 0.055 0.211 0.535 
 371 S _   0.061 0.119 0.003 0.033 0.044 0.059 0.214 0.467 
 372 A _   0.066 0.154 0.003 0.045 0.049 0.059 0.218 0.407 
 373 S _   0.068 0.180 0.003 0.055 0.050 0.057 0.224 0.364 
 374 I _   0.068 0.196 0.003 0.063 0.048 0.054 0.232 0.338 
 375 M _   0.065 0.203 0.002 0.066 0.044 0.050 0.242 0.327 
 376 A _   0.061 0.202 0.002 0.066 0.040 0.045 0.255 0.330 
 377 A _   0.055 0.194 0.002 0.061 0.034 0.039 0.270 0.344 
 378 F _   0.048 0.177 0.002 0.052 0.027 0.034 0.289 0.370 
 379 M _   0.041 0.149 0.002 0.043 0.021 0.028 0.311 0.404 
 380 D _   0.035 0.114 0.002 0.033 0.016 0.024 0.335 0.442 
 381 N _   0.029 0.078 0.001 0.024 0.011 0.019 0.359 0.479 
 382 P _   0.023 0.049 0.001 0.016 0.007 0.015 0.381 0.508 
 383 F _   0.018 0.029 0.001 0.011 0.004 0.012 0.399 0.527 
 384 E _   0.013 0.016 0.000 0.008 0.003 0.009 0.412 0.538 
 385 F _   0.010 0.009 0.000 0.005 0.002 0.007 0.422 0.544 
 386 N _   0.008 0.005 0.000 0.004 0.001 0.006 0.429 0.546 
 387 P _   0.006 0.003 0.000 0.004 0.001 0.005 0.435 0.546 
 388 E _   0.005 0.002 0.000 0.003 0.001 0.004 0.438 0.545 
 389 D _   0.005 0.002 0.000 0.003 0.001 0.004 0.440 0.545 
 390 P _   0.004 0.001 0.000 0.004 0.001 0.004 0.441 0.544 
 391 I _   0.004 0.001 0.000 0.004 0.001 0.004 0.441 0.544 
 392 P _   0.004 0.001 0.000 0.005 0.001 0.004 0.440 0.545 
 393 D _   0.004 0.001 0.000 0.005 0.001 0.004 0.437 0.546 
 394 T _   0.004 0.001 0.000 0.006 0.001 0.005 0.434 0.549 
 395 N _   0.003 0.001 0.000 0.007 0.001 0.005 0.430 0.552 
 396 S _   0.003 0.001 0.000 0.007 0.002 0.005 0.425 0.557 
 397 T _   0.003 0.001 0.000 0.007 0.002 0.005 0.419 0.563 
 398 S _   0.003 0.001 0.000 0.007 0.002 0.005 0.411 0.571 
 399 G _   0.003 0.001 0.000 0.007 0.002 0.004 0.402 0.581 
 400 D _   0.003 0.001 0.000 0.006 0.002 0.004 0.392 0.592 
 401 P _   0.003 0.001 0.000 0.006 0.001 0.004 0.380 0.605 
 402 V _   0.003 0.000 0.000 0.005 0.001 0.004 0.366 0.620 
 403 E _   0.004 0.000 0.000 0.004 0.002 0.004 0.350 0.636 
 404 K _   0.006 0.000 0.000 0.004 0.002 0.004 0.332 0.652 
 405 K _   0.011 0.000 0.000 0.004 0.002 0.005 0.311 0.667 
 406 D _   0.023 0.000 0.000 0.003 0.003 0.006 0.287 0.678 
 407 E _   0.048 0.000 0.001 0.003 0.004 0.008 0.257 0.679 
 408 T _   0.095 0.000 0.001 0.003 0.005 0.010 0.223 0.664 
 409 P _   0.169 0.000 0.001 0.002 0.006 0.011 0.183 0.627 
 410 F _   0.267 0.000 0.001 0.001 0.008 0.012 0.143 0.567 
 411 G _   0.381 0.000 0.001 0.001 0.009 0.012 0.107 0.489 
 412 V H   0.503 0.000 0.001 0.001 0.009 0.011 0.077 0.398 
 413 S H   0.618 0.000 0.001 0.001 0.009 0.009 0.054 0.308 
 414 V H   0.723 0.000 0.001 0.001 0.009 0.008 0.037 0.222 
 415 A H   0.809 0.000 0.001 0.000 0.008 0.006 0.025 0.150 
 416 V H   0.873 0.000 0.001 0.000 0.008 0.005 0.017 0.096 
 417 G H   0.914 0.000 0.001 0.000 0.007 0.004 0.012 0.062 
 418 L H   0.939 0.000 0.001 0.000 0.007 0.003 0.009 0.041 
 419 A H   0.954 0.000 0.001 0.000 0.007 0.003 0.007 0.029 
 420 V H   0.961 0.000 0.001 0.000 0.007 0.002 0.006 0.023 
 421 F H   0.965 0.000 0.001 0.000 0.007 0.002 0.005 0.021 
 422 A H   0.964 0.000 0.001 0.000 0.007 0.002 0.004 0.022 
 423 C H   0.961 0.000 0.001 0.000 0.007 0.002 0.003 0.025 
 424 L H   0.954 0.000 0.001 0.000 0.008 0.002 0.003 0.032 
 425 F H   0.942 0.000 0.001 0.000 0.008 0.003 0.003 0.043 
 426 L H   0.924 0.000 0.001 0.000 0.009 0.003 0.003 0.060 
 427 S H   0.899 0.000 0.001 0.000 0.010 0.003 0.003 0.084 
 428 T H   0.864 0.000 0.001 0.000 0.011 0.004 0.004 0.117 
 429 L H   0.818 0.000 0.001 0.001 0.011 0.005 0.004 0.160 
 430 L H   0.757 0.000 0.001 0.001 0.012 0.006 0.006 0.219 
 431 L H   0.679 0.000 0.001 0.001 0.011 0.006 0.008 0.294 
 432 V H   0.583 0.000 0.001 0.001 0.010 0.007 0.011 0.386 
 433 L _   0.479 0.000 0.001 0.001 0.009 0.008 0.015 0.487 
 434 N _   0.371 0.000 0.001 0.002 0.007 0.008 0.020 0.592 
 435 K _   0.271 0.000 0.001 0.002 0.006 0.008 0.025 0.688 
 436 C _   0.187 0.000 0.001 0.002 0.005 0.007 0.029 0.768 
 437 G _   0.125 0.000 0.001 0.003 0.004 0.007 0.033 0.828 
 438 R _   0.081 0.000 0.000 0.003 0.003 0.007 0.037 0.870 
 439 R _   0.052 0.000 0.000 0.003 0.003 0.007 0.039 0.896 
 440 N _   0.033 0.000 0.000 0.004 0.002 0.006 0.041 0.912 
 441 K _   0.022 0.000 0.000 0.004 0.002 0.007 0.043 0.921 
 442 F _   0.016 0.001 0.000 0.005 0.002 0.007 0.044 0.926 
 443 G _   0.012 0.001 0.000 0.005 0.002 0.007 0.045 0.927 
 444 I _   0.010 0.002 0.000 0.006 0.003 0.008 0.046 0.926 
 445 N _   0.008 0.002 0.000 0.007 0.003 0.008 0.046 0.925 
 446 R _   0.008 0.003 0.000 0.008 0.003 0.009 0.046 0.922 
 447 P _   0.008 0.004 0.000 0.008 0.003 0.010 0.047 0.919 
 448 A _   0.008 0.005 0.000 0.009 0.003 0.012 0.047 0.916 
 449 V _   0.009 0.006 0.000 0.008 0.004 0.013 0.047 0.913 
 450 L _   0.010 0.007 0.000 0.008 0.004 0.015 0.047 0.908 
 451 A _   0.013 0.009 0.000 0.007 0.004 0.018 0.046 0.902 
 452 P _   0.017 0.011 0.001 0.007 0.005 0.023 0.046 0.891 
 453 E _   0.024 0.015 0.001 0.007 0.008 0.028 0.045 0.872 
 454 D _   0.033 0.023 0.001 0.009 0.012 0.036 0.044 0.843 
 455 G _   0.046 0.039 0.001 0.011 0.019 0.044 0.042 0.797 
 456 L _   0.060 0.070 0.002 0.016 0.030 0.053 0.040 0.728 
 457 A _   0.072 0.123 0.003 0.024 0.042 0.060 0.038 0.638 
 458 M _   0.080 0.192 0.004 0.034 0.052 0.063 0.037 0.539 
 459 S _   0.084 0.259 0.003 0.046 0.056 0.063 0.035 0.454 
 460 L _   0.085 0.306 0.003 0.056 0.055 0.060 0.035 0.400 
 461 H _   0.084 0.332 0.003 0.064 0.053 0.056 0.035 0.374 
 462 F _   0.081 0.344 0.002 0.068 0.049 0.051 0.037 0.368 
 463 M _   0.076 0.344 0.002 0.068 0.043 0.046 0.038 0.382 
 464 T _   0.069 0.333 0.002 0.063 0.037 0.040 0.041 0.414 
 465 L _   0.060 0.307 0.002 0.055 0.030 0.034 0.044 0.467 
 466 G _   0.051 0.262 0.002 0.044 0.023 0.029 0.048 0.541 
 467 G _   0.043 0.199 0.002 0.033 0.016 0.024 0.053 0.631 
 468 S _   0.035 0.134 0.001 0.022 0.011 0.019 0.057 0.721 
 469 S _   0.026 0.083 0.001 0.014 0.007 0.015 0.061 0.793 
 470 L _   0.019 0.052 0.001 0.009 0.004 0.011 0.064 0.841 
 471 S _   0.013 0.036 0.000 0.005 0.002 0.009 0.065 0.868 
 472 P _   0.009 0.030 0.000 0.004 0.002 0.007 0.065 0.882 
 473 T _   0.007 0.028 0.000 0.003 0.001 0.007 0.065 0.889 
 474 E _   0.006 0.028 0.000 0.004 0.001 0.007 0.064 0.890 
 475 G _   0.006 0.031 0.000 0.005 0.002 0.008 0.063 0.885 
 476 K _   0.006 0.039 0.000 0.008 0.003 0.010 0.061 0.873 
 477 G _   0.007 0.056 0.001 0.013 0.004 0.012 0.058 0.850 
 478 S _   0.007 0.084 0.001 0.019 0.006 0.014 0.054 0.816 
 479 G _   0.007 0.119 0.001 0.027 0.008 0.015 0.050 0.772 
 480 L _   0.007 0.156 0.001 0.034 0.010 0.016 0.046 0.729 
 481 Q _   0.007 0.186 0.001 0.041 0.011 0.017 0.042 0.696 
 482 G _   0.007 0.205 0.001 0.044 0.011 0.017 0.040 0.675 
 483 H _   0.007 0.217 0.001 0.045 0.011 0.016 0.038 0.664 
 484 I _   0.007 0.223 0.001 0.044 0.011 0.016 0.037 0.662 
 485 I _   0.007 0.223 0.001 0.040 0.010 0.015 0.036 0.668 
 486 E _   0.007 0.220 0.001 0.034 0.009 0.014 0.036 0.679 
 487 N _   0.007 0.212 0.001 0.028 0.008 0.014 0.035 0.695 
 488 P _   0.007 0.202 0.001 0.022 0.007 0.013 0.035 0.713 
 489 Q _   0.007 0.191 0.001 0.017 0.006 0.012 0.035 0.731 
 490 Y _   0.007 0.181 0.001 0.014 0.005 0.012 0.036 0.745 
 491 F _   0.007 0.174 0.001 0.012 0.005 0.012 0.036 0.754 
 492 S _   0.007 0.170 0.001 0.011 0.005 0.012 0.035 0.759 
 493 D _   0.008 0.168 0.001 0.011 0.005 0.013 0.035 0.760 
 494 A _   0.008 0.168 0.001 0.012 0.005 0.013 0.035 0.759 
 495 C _   0.009 0.169 0.001 0.013 0.006 0.013 0.035 0.755 
 496 V _   0.009 0.170 0.001 0.015 0.006 0.014 0.034 0.751 
 497 H _   0.009 0.172 0.001 0.016 0.007 0.014 0.034 0.748 
 498 H _   0.010 0.172 0.001 0.017 0.007 0.014 0.033 0.746 
 499 I _   0.010 0.172 0.001 0.017 0.007 0.014 0.033 0.746 
 500 K _   0.010 0.171 0.001 0.016 0.007 0.015 0.033 0.748 
 501 R _   0.010 0.168 0.001 0.016 0.007 0.015 0.033 0.751 
 502 R _   0.010 0.166 0.001 0.015 0.007 0.015 0.033 0.755 
 503 D _   0.010 0.163 0.001 0.014 0.006 0.015 0.033 0.758 
 504 I _   0.010 0.160 0.001 0.013 0.006 0.015 0.033 0.762 
 505 V _   0.011 0.159 0.001 0.012 0.006 0.015 0.033 0.763 
 506 L _   0.011 0.158 0.001 0.011 0.006 0.016 0.033 0.764 
 507 K _   0.011 0.157 0.001 0.011 0.006 0.017 0.033 0.764 
 508 W _   0.012 0.158 0.001 0.011 0.006 0.018 0.033 0.762 
 509 E _   0.013 0.160 0.001 0.011 0.007 0.019 0.033 0.757 
 510 L _   0.014 0.164 0.001 0.011 0.007 0.020 0.033 0.750 
 511 G _   0.015 0.170 0.001 0.013 0.009 0.022 0.032 0.739 
 512 E _   0.016 0.178 0.001 0.015 0.010 0.024 0.032 0.723 
 513 G _   0.018 0.189 0.001 0.018 0.012 0.026 0.031 0.704 
 514 A _   0.020 0.202 0.001 0.022 0.015 0.028 0.031 0.681 
 515 F _   0.022 0.214 0.001 0.027 0.017 0.029 0.030 0.659 
 516 G _   0.023 0.224 0.001 0.033 0.019 0.030 0.030 0.639 
 517 K _   0.024 0.231 0.001 0.038 0.020 0.030 0.030 0.626 
 518 V _   0.024 0.233 0.001 0.041 0.020 0.029 0.031 0.621 
 519 F _   0.024 0.229 0.001 0.042 0.019 0.027 0.032 0.625 
 520 L _   0.023 0.220 0.001 0.041 0.018 0.026 0.033 0.638 
 521 A _   0.022 0.203 0.002 0.038 0.016 0.023 0.034 0.662 
 522 E _   0.021 0.176 0.001 0.032 0.014 0.021 0.036 0.697 
 523 C _   0.020 0.141 0.001 0.026 0.012 0.019 0.039 0.743 
 524 H _   0.018 0.101 0.001 0.019 0.009 0.017 0.041 0.792 
 525 N _   0.017 0.067 0.001 0.013 0.007 0.015 0.043 0.837 
 526 L _   0.015 0.042 0.001 0.009 0.005 0.013 0.045 0.870 
 527 L _   0.013 0.028 0.000 0.006 0.004 0.012 0.046 0.890 
 528 P _   0.012 0.022 0.000 0.004 0.003 0.012 0.047 0.900 
 529 E _   0.012 0.019 0.000 0.004 0.003 0.012 0.047 0.903 
 530 Q _   0.012 0.019 0.000 0.005 0.003 0.013 0.047 0.901 
 531 D _   0.013 0.020 0.000 0.007 0.004 0.015 0.047 0.893 
 532 K _   0.015 0.025 0.001 0.010 0.006 0.017 0.047 0.880 
 533 M _   0.016 0.032 0.001 0.016 0.008 0.019 0.046 0.862 
 534 L _   0.017 0.041 0.001 0.024 0.010 0.020 0.046 0.841 
 535 V _   0.018 0.050 0.001 0.031 0.012 0.021 0.045 0.822 
 536 A _   0.018 0.056 0.001 0.037 0.013 0.022 0.045 0.809 
 537 V _   0.017 0.058 0.001 0.040 0.013 0.021 0.045 0.804 
 538 K _   0.016 0.058 0.001 0.040 0.012 0.020 0.046 0.807 
 539 A _   0.015 0.055 0.001 0.036 0.011 0.018 0.046 0.818 
 540 L _   0.014 0.048 0.001 0.030 0.009 0.016 0.047 0.835 
 541 K _   0.013 0.039 0.001 0.023 0.007 0.014 0.048 0.855 
 542 E _   0.011 0.028 0.001 0.016 0.005 0.012 0.050 0.876 
 543 A _   0.010 0.019 0.001 0.011 0.004 0.010 0.051 0.895 
 544 S _   0.009 0.011 0.000 0.008 0.003 0.009 0.051 0.908 
 545 E _   0.008 0.007 0.000 0.005 0.002 0.008 0.052 0.917 
 546 S _   0.008 0.004 0.000 0.004 0.002 0.008 0.052 0.922 
 547 A _   0.008 0.002 0.000 0.004 0.002 0.009 0.051 0.924 
 548 R _   0.008 0.002 0.000 0.004 0.002 0.010 0.051 0.923 
 549 Q _   0.009 0.002 0.000 0.004 0.002 0.011 0.050 0.921 
 550 D _   0.011 0.002 0.000 0.005 0.003 0.014 0.049 0.916 
 551 F _   0.014 0.002 0.000 0.007 0.004 0.017 0.048 0.909 
 552 Q _   0.017 0.002 0.001 0.009 0.006 0.020 0.046 0.899 
 553 R _   0.023 0.003 0.001 0.011 0.008 0.024 0.044 0.886 
 554 E _   0.029 0.003 0.001 0.013 0.010 0.029 0.043 0.872 
 555 A _   0.037 0.003 0.001 0.015 0.012 0.032 0.041 0.858 
 556 E _   0.046 0.004 0.001 0.016 0.014 0.036 0.040 0.844 
 557 L _   0.057 0.003 0.001 0.015 0.016 0.039 0.038 0.832 
 558 L _   0.069 0.003 0.001 0.013 0.016 0.041 0.037 0.820 
 559 T _   0.083 0.002 0.001 0.011 0.017 0.042 0.035 0.808 
 560 M _   0.098 0.001 0.001 0.009 0.017 0.044 0.034 0.796 
 561 L _   0.114 0.001 0.001 0.007 0.017 0.045 0.033 0.782 
 562 Q _   0.131 0.001 0.001 0.005 0.018 0.047 0.032 0.765 
 563 H _   0.148 0.000 0.001 0.005 0.019 0.048 0.031 0.747 
 564 Q _   0.166 0.000 0.001 0.005 0.021 0.050 0.031 0.727 
 565 H _   0.182 0.001 0.001 0.005 0.023 0.051 0.030 0.706 
 566 I _   0.196 0.001 0.001 0.007 0.025 0.052 0.030 0.688 
 567 V _   0.206 0.001 0.002 0.008 0.028 0.053 0.030 0.673 
 568 R _   0.211 0.002 0.002 0.010 0.028 0.052 0.030 0.665 
 569 F _   0.210 0.002 0.002 0.011 0.028 0.051 0.031 0.665 
 570 F _   0.205 0.002 0.002 0.011 0.027 0.050 0.031 0.672 
 571 G _   0.195 0.002 0.002 0.011 0.024 0.048 0.032 0.686 
 572 V _   0.182 0.002 0.002 0.009 0.021 0.046 0.033 0.705 
 573 C _   0.167 0.001 0.001 0.007 0.018 0.044 0.033 0.727 
 574 T _   0.152 0.001 0.001 0.006 0.015 0.043 0.034 0.747 
 575 E _   0.138 0.001 0.001 0.005 0.014 0.043 0.035 0.763 
 576 G _   0.126 0.002 0.001 0.005 0.014 0.043 0.036 0.773 
 577 R _   0.117 0.004 0.001 0.006 0.015 0.044 0.036 0.777 
 578 P _   0.108 0.007 0.001 0.009 0.017 0.045 0.037 0.775 
 579 L _   0.100 0.014 0.001 0.014 0.021 0.046 0.038 0.767 
 580 L _   0.091 0.023 0.002 0.020 0.024 0.046 0.039 0.756 
 581 M _   0.082 0.033 0.002 0.028 0.026 0.045 0.040 0.744 
 582 V _   0.072 0.041 0.002 0.034 0.027 0.043 0.041 0.739 
 583 F _   0.062 0.047 0.002 0.038 0.026 0.040 0.043 0.742 
 584 E _   0.053 0.049 0.002 0.038 0.023 0.037 0.045 0.754 
 585 Y _   0.043 0.049 0.001 0.035 0.020 0.032 0.047 0.772 
 586 M _   0.035 0.046 0.001 0.031 0.016 0.028 0.049 0.793 
 587 R _   0.029 0.042 0.001 0.026 0.013 0.024 0.051 0.814 
 588 H _   0.023 0.037 0.001 0.021 0.010 0.021 0.054 0.833 
 589 G _   0.019 0.032 0.001 0.017 0.007 0.018 0.056 0.849 
 590 D _   0.016 0.028 0.001 0.015 0.006 0.015 0.058 0.861 
 591 L _   0.014 0.024 0.001 0.013 0.005 0.014 0.061 0.869 
 592 N _   0.013 0.021 0.001 0.012 0.004 0.012 0.063 0.875 
 593 R _   0.011 0.018 0.000 0.012 0.004 0.011 0.065 0.880 
 594 F _   0.010 0.015 0.000 0.011 0.004 0.010 0.066 0.885 
 595 L _   0.009 0.013 0.000 0.010 0.003 0.009 0.068 0.889 
 596 R _   0.008 0.010 0.000 0.009 0.003 0.008 0.069 0.894 
 597 S _   0.007 0.009 0.000 0.008 0.002 0.007 0.070 0.898 
 598 H _   0.006 0.007 0.000 0.007 0.002 0.007 0.070 0.900 
 599 G _   0.006 0.006 0.000 0.007 0.002 0.007 0.070 0.901 
 600 P _   0.006 0.006 0.000 0.007 0.002 0.007 0.071 0.901 
 601 D _   0.006 0.006 0.000 0.008 0.002 0.007 0.071 0.899 
 602 A _   0.007 0.006 0.000 0.010 0.003 0.007 0.071 0.897 
 603 K _   0.007 0.006 0.000 0.011 0.003 0.008 0.071 0.894 
 604 L _   0.007 0.005 0.000 0.012 0.003 0.008 0.070 0.893 
 605 L _   0.007 0.005 0.000 0.012 0.003 0.008 0.070 0.894 
 606 A _   0.007 0.004 0.000 0.011 0.003 0.007 0.070 0.896 
 607 G _   0.007 0.003 0.000 0.010 0.003 0.007 0.069 0.901 
 608 G _   0.007 0.002 0.000 0.007 0.002 0.006 0.069 0.906 
 609 E _   0.007 0.001 0.000 0.005 0.002 0.006 0.067 0.911 
 610 D _   0.008 0.001 0.000 0.003 0.001 0.005 0.066 0.915 
 611 V _   0.011 0.000 0.000 0.002 0.001 0.006 0.064 0.915 
 612 A _   0.017 0.000 0.000 0.002 0.001 0.007 0.061 0.911 
 613 P _   0.030 0.000 0.000 0.002 0.002 0.009 0.058 0.899 
 614 G _   0.055 0.000 0.000 0.002 0.003 0.013 0.053 0.873 
 615 P _   0.100 0.000 0.001 0.003 0.006 0.019 0.048 0.825 
 616 L _   0.165 0.000 0.001 0.004 0.010 0.025 0.041 0.754 
 617 G _   0.247 0.000 0.001 0.005 0.015 0.031 0.034 0.666 
 618 L _   0.335 0.000 0.002 0.006 0.021 0.036 0.027 0.575 
 619 G _   0.420 0.000 0.002 0.006 0.025 0.037 0.021 0.490 
 620 Q H   0.497 0.000 0.002 0.005 0.027 0.036 0.015 0.417 
 621 L H   0.564 0.000 0.002 0.004 0.027 0.034 0.012 0.358 
 622 L H   0.623 0.000 0.002 0.003 0.026 0.030 0.008 0.308 
 623 A H   0.675 0.000 0.001 0.002 0.023 0.026 0.006 0.266 
 624 V H   0.721 0.000 0.001 0.001 0.021 0.022 0.005 0.229 
 625 A H   0.761 0.000 0.001 0.001 0.018 0.018 0.003 0.197 
 626 S H   0.796 0.000 0.001 0.001 0.016 0.015 0.003 0.169 
 627 Q H   0.824 0.000 0.001 0.001 0.015 0.013 0.002 0.145 
 628 V H   0.847 0.000 0.001 0.000 0.014 0.011 0.002 0.125 
 629 A H   0.862 0.000 0.001 0.000 0.014 0.010 0.001 0.112 
 630 A H   0.870 0.000 0.001 0.000 0.014 0.009 0.001 0.104 
 631 G H   0.872 0.000 0.001 0.001 0.015 0.008 0.001 0.102 
 632 M H   0.866 0.000 0.001 0.001 0.016 0.008 0.001 0.107 
 633 V H   0.850 0.000 0.001 0.001 0.017 0.009 0.001 0.121 
 634 Y H   0.822 0.000 0.001 0.001 0.018 0.010 0.002 0.146 
 635 L H   0.778 0.000 0.001 0.001 0.019 0.011 0.002 0.188 
 636 A H   0.717 0.000 0.002 0.002 0.019 0.012 0.003 0.245 
 637 G H   0.638 0.000 0.002 0.002 0.018 0.013 0.005 0.322 
 638 L H   0.543 0.000 0.002 0.003 0.016 0.013 0.006 0.417 
 639 H _   0.443 0.000 0.001 0.003 0.013 0.013 0.008 0.518 
 640 F _   0.344 0.000 0.001 0.003 0.010 0.013 0.010 0.617 
 641 V _   0.259 0.000 0.001 0.003 0.008 0.013 0.012 0.704 
 642 H _   0.189 0.000 0.001 0.003 0.006 0.013 0.013 0.775 
 643 R _   0.137 0.000 0.001 0.003 0.005 0.013 0.015 0.827 
 644 D _   0.102 0.000 0.001 0.002 0.004 0.013 0.016 0.862 
 645 L _   0.080 0.000 0.000 0.003 0.004 0.014 0.017 0.882 
 646 A _   0.066 0.000 0.000 0.003 0.004 0.016 0.017 0.893 
 647 T _   0.059 0.001 0.001 0.003 0.005 0.019 0.018 0.895 
 648 R _   0.056 0.002 0.001 0.005 0.006 0.022 0.018 0.890 
 649 N _   0.056 0.004 0.001 0.006 0.009 0.026 0.018 0.880 
 650 C _   0.058 0.009 0.001 0.009 0.012 0.030 0.018 0.863 
 651 L _   0.060 0.017 0.001 0.013 0.016 0.034 0.018 0.841 
 652 V _   0.062 0.027 0.001 0.018 0.020 0.038 0.018 0.816 
 653 G _   0.063 0.039 0.002 0.022 0.023 0.041 0.018 0.792 
 654 Q _   0.063 0.049 0.002 0.026 0.026 0.043 0.019 0.773 
 655 G _   0.063 0.058 0.002 0.030 0.028 0.043 0.019 0.758 
 656 L _   0.061 0.065 0.002 0.032 0.028 0.043 0.019 0.748 
 657 V _   0.059 0.070 0.002 0.034 0.028 0.042 0.020 0.746 
 658 V _   0.055 0.072 0.002 0.034 0.026 0.040 0.021 0.749 
 659 K _   0.050 0.073 0.002 0.034 0.024 0.038 0.022 0.758 
 660 I _   0.045 0.072 0.001 0.033 0.021 0.035 0.023 0.771 
 661 G _   0.041 0.069 0.001 0.031 0.018 0.031 0.024 0.785 
 662 D _   0.035 0.065 0.001 0.029 0.016 0.028 0.025 0.802 
 663 F _   0.030 0.059 0.001 0.026 0.013 0.024 0.026 0.821 
