#TopoPred_TM8: 8-state transmembrane topology prediction results by no_profile mode 
#probabilities are in the order of H E C I L F X _, the 8 transmembrane topology types used in PDBTM 
   1 M X   0.016 0.001 0.002 0.051 0.010 0.011 0.619 0.289 
   2 D X   0.005 0.001 0.000 0.029 0.002 0.006 0.634 0.324 
   3 D X   0.001 0.001 0.000 0.016 0.001 0.004 0.634 0.342 
   4 A X   0.001 0.001 0.000 0.013 0.001 0.005 0.628 0.351 
   5 T X   0.002 0.003 0.000 0.013 0.001 0.008 0.617 0.356 
   6 V X   0.004 0.006 0.000 0.016 0.003 0.012 0.599 0.359 
   7 L X   0.007 0.013 0.001 0.021 0.005 0.016 0.578 0.361 
   8 R X   0.008 0.023 0.001 0.028 0.007 0.019 0.552 0.362 
   9 K X   0.009 0.037 0.001 0.036 0.009 0.021 0.524 0.363 
  10 K X   0.009 0.051 0.001 0.043 0.011 0.022 0.495 0.366 
  11 G X   0.008 0.063 0.001 0.049 0.013 0.022 0.470 0.373 
  12 Y X   0.008 0.071 0.001 0.051 0.014 0.022 0.449 0.384 
  13 I X   0.008 0.076 0.001 0.051 0.013 0.021 0.432 0.397 
  14 V X   0.008 0.078 0.001 0.048 0.013 0.020 0.419 0.412 
  15 G _   0.008 0.078 0.001 0.044 0.012 0.019 0.408 0.429 
  16 I _   0.009 0.076 0.001 0.039 0.011 0.017 0.399 0.448 
  17 N _   0.009 0.072 0.001 0.034 0.009 0.016 0.391 0.468 
  18 L _   0.008 0.067 0.001 0.028 0.008 0.014 0.384 0.490 
  19 G _   0.008 0.060 0.001 0.023 0.006 0.013 0.377 0.512 
  20 K _   0.007 0.052 0.001 0.018 0.005 0.012 0.371 0.534 
  21 G _   0.006 0.044 0.001 0.014 0.004 0.010 0.365 0.555 
  22 S _   0.006 0.037 0.000 0.011 0.004 0.009 0.359 0.574 
  23 Y _   0.005 0.032 0.000 0.009 0.003 0.008 0.353 0.590 
  24 A _   0.005 0.029 0.000 0.007 0.003 0.008 0.346 0.603 
  25 K _   0.005 0.027 0.000 0.007 0.002 0.008 0.338 0.613 
  26 V _   0.005 0.026 0.000 0.006 0.002 0.008 0.330 0.622 
  27 K _   0.005 0.026 0.000 0.007 0.003 0.009 0.322 0.629 
  28 S _   0.005 0.027 0.000 0.007 0.003 0.010 0.312 0.635 
  29 A _   0.006 0.029 0.000 0.009 0.004 0.012 0.302 0.638 
  30 Y _   0.007 0.033 0.001 0.011 0.005 0.014 0.291 0.640 
  31 S _   0.008 0.038 0.001 0.014 0.006 0.016 0.279 0.638 
  32 E _   0.010 0.044 0.001 0.017 0.008 0.019 0.268 0.633 
  33 R _   0.012 0.053 0.001 0.022 0.011 0.022 0.255 0.626 
  34 L _   0.014 0.062 0.001 0.027 0.013 0.024 0.244 0.616 
  35 K _   0.016 0.070 0.001 0.032 0.015 0.026 0.233 0.606 
  36 F _   0.017 0.078 0.001 0.038 0.017 0.027 0.223 0.599 
  37 N _   0.019 0.082 0.001 0.042 0.018 0.027 0.215 0.595 
  38 V _   0.019 0.085 0.001 0.044 0.018 0.027 0.208 0.597 
  39 A _   0.020 0.084 0.001 0.044 0.018 0.026 0.202 0.605 
  40 V _   0.020 0.081 0.001 0.041 0.016 0.024 0.198 0.619 
  41 K _   0.019 0.074 0.001 0.036 0.014 0.022 0.194 0.640 
  42 I _   0.018 0.063 0.001 0.029 0.011 0.020 0.191 0.666 
  43 I _   0.017 0.049 0.001 0.022 0.009 0.017 0.188 0.697 
  44 D _   0.015 0.034 0.001 0.015 0.007 0.015 0.186 0.728 
  45 R _   0.013 0.022 0.001 0.010 0.005 0.013 0.183 0.754 
  46 K _   0.011 0.014 0.000 0.006 0.004 0.011 0.179 0.774 
  47 K _   0.010 0.010 0.000 0.005 0.003 0.010 0.176 0.787 
  48 T _   0.009 0.008 0.000 0.004 0.003 0.010 0.172 0.795 
  49 P _   0.008 0.007 0.000 0.004 0.003 0.010 0.168 0.799 
  50 T _   0.009 0.008 0.000 0.006 0.003 0.011 0.163 0.800 
  51 D _   0.009 0.009 0.001 0.008 0.004 0.013 0.158 0.798 
  52 F _   0.010 0.011 0.001 0.012 0.006 0.014 0.152 0.795 
  53 V _   0.010 0.014 0.001 0.015 0.007 0.016 0.146 0.791 
  54 E _   0.011 0.016 0.001 0.018 0.008 0.017 0.140 0.788 
  55 R _   0.011 0.018 0.001 0.020 0.009 0.018 0.134 0.788 
  56 F _   0.011 0.019 0.001 0.021 0.009 0.019 0.128 0.790 
  57 L _   0.012 0.020 0.001 0.021 0.010 0.020 0.123 0.794 
  58 P _   0.012 0.020 0.001 0.019 0.010 0.020 0.119 0.800 
  59 R _   0.013 0.019 0.001 0.018 0.010 0.020 0.114 0.805 
  60 E _   0.014 0.018 0.001 0.017 0.010 0.021 0.111 0.809 
  61 M _   0.015 0.017 0.001 0.016 0.010 0.021 0.107 0.813 
  62 D _   0.017 0.017 0.001 0.015 0.010 0.022 0.104 0.816 
  63 I _   0.018 0.016 0.001 0.015 0.010 0.022 0.101 0.818 
  64 L _   0.020 0.015 0.001 0.014 0.010 0.022 0.098 0.820 
  65 A _   0.021 0.014 0.001 0.014 0.010 0.023 0.095 0.823 
  66 T _   0.021 0.014 0.001 0.013 0.010 0.023 0.092 0.826 
  67 V _   0.022 0.013 0.001 0.013 0.010 0.023 0.090 0.829 
  68 N _   0.023 0.012 0.001 0.013 0.010 0.023 0.087 0.831 
  69 H _   0.023 0.012 0.001 0.012 0.010 0.024 0.085 0.833 
  70 G _   0.024 0.011 0.001 0.013 0.010 0.024 0.082 0.833 
  71 S _   0.025 0.011 0.001 0.014 0.011 0.025 0.080 0.833 
  72 I _   0.026 0.011 0.001 0.015 0.011 0.025 0.078 0.833 
  73 I _   0.026 0.011 0.001 0.016 0.012 0.025 0.076 0.833 
  74 K _   0.025 0.011 0.001 0.017 0.012 0.025 0.074 0.835 
  75 T _   0.024 0.010 0.001 0.017 0.011 0.024 0.073 0.840 
  76 Y _   0.023 0.008 0.001 0.016 0.010 0.023 0.071 0.847 
  77 E _   0.022 0.007 0.001 0.014 0.009 0.021 0.070 0.857 
  78 I _   0.020 0.005 0.001 0.011 0.007 0.020 0.068 0.868 
  79 F _   0.020 0.003 0.001 0.008 0.006 0.019 0.067 0.878 
  80 E _   0.019 0.002 0.001 0.005 0.005 0.019 0.065 0.884 
  81 T _   0.021 0.001 0.000 0.004 0.005 0.020 0.063 0.886 
  82 S _   0.025 0.001 0.001 0.003 0.005 0.021 0.061 0.883 
  83 D _   0.030 0.001 0.001 0.004 0.006 0.025 0.059 0.874 
  84 G _   0.038 0.002 0.001 0.005 0.009 0.029 0.057 0.859 
  85 R _   0.048 0.004 0.001 0.008 0.013 0.034 0.055 0.838 
  86 I _   0.058 0.007 0.001 0.012 0.018 0.039 0.053 0.812 
  87 Y _   0.067 0.012 0.002 0.017 0.023 0.044 0.050 0.785 
  88 I _   0.074 0.017 0.002 0.022 0.027 0.047 0.048 0.762 
  89 I _   0.078 0.021 0.002 0.026 0.029 0.049 0.047 0.748 
  90 M _   0.080 0.023 0.002 0.027 0.030 0.049 0.045 0.744 
  91 E _   0.079 0.023 0.002 0.026 0.029 0.048 0.044 0.750 
  92 L _   0.076 0.023 0.002 0.022 0.026 0.046 0.043 0.763 
  93 G _   0.072 0.021 0.001 0.017 0.022 0.044 0.042 0.780 
  94 V _   0.066 0.019 0.001 0.013 0.019 0.041 0.042 0.798 
  95 Q _   0.059 0.018 0.001 0.011 0.016 0.039 0.041 0.814 
  96 G _   0.054 0.018 0.001 0.010 0.014 0.037 0.040 0.827 
  97 D _   0.049 0.018 0.001 0.010 0.013 0.035 0.039 0.835 
  98 L _   0.045 0.020 0.001 0.011 0.012 0.034 0.039 0.837 
  99 L _   0.041 0.023 0.001 0.014 0.013 0.032 0.038 0.838 
 100 E _   0.037 0.026 0.001 0.016 0.013 0.031 0.038 0.838 
 101 F _   0.034 0.029 0.001 0.018 0.013 0.029 0.037 0.839 
 102 I _   0.030 0.032 0.001 0.019 0.012 0.027 0.036 0.841 
 103 K _   0.027 0.034 0.001 0.020 0.012 0.025 0.036 0.846 
 104 C _   0.024 0.035 0.001 0.018 0.010 0.023 0.036 0.853 
 105 Q _   0.022 0.035 0.001 0.017 0.009 0.021 0.035 0.861 
 106 G _   0.019 0.034 0.001 0.014 0.008 0.020 0.035 0.869 
 107 A _   0.018 0.033 0.001 0.012 0.007 0.018 0.035 0.876 
 108 L _   0.016 0.033 0.001 0.011 0.006 0.017 0.035 0.881 
 109 H _   0.015 0.032 0.001 0.010 0.006 0.017 0.035 0.885 
 110 E _   0.015 0.033 0.001 0.009 0.006 0.017 0.035 0.885 
 111 D _   0.015 0.035 0.001 0.010 0.006 0.017 0.034 0.882 
 112 V _   0.016 0.037 0.001 0.011 0.006 0.018 0.034 0.877 
 113 A _   0.017 0.041 0.001 0.012 0.007 0.019 0.034 0.869 
 114 R _   0.017 0.045 0.001 0.014 0.008 0.020 0.033 0.861 
 115 K _   0.018 0.050 0.001 0.016 0.009 0.021 0.033 0.852 
 116 M _   0.018 0.054 0.001 0.018 0.010 0.021 0.033 0.844 
 117 F _   0.019 0.057 0.001 0.020 0.011 0.022 0.032 0.838 
 118 R _   0.019 0.060 0.001 0.021 0.011 0.022 0.032 0.834 
 119 Q _   0.018 0.061 0.001 0.022 0.011 0.022 0.032 0.832 
 120 L _   0.018 0.062 0.001 0.022 0.011 0.021 0.033 0.832 
 121 S _   0.018 0.061 0.001 0.021 0.011 0.020 0.033 0.834 
 122 S _   0.018 0.060 0.001 0.020 0.010 0.019 0.033 0.838 
 123 A _   0.018 0.058 0.001 0.019 0.009 0.018 0.034 0.843 
 124 V _   0.017 0.055 0.001 0.017 0.009 0.017 0.035 0.849 
 125 K _   0.016 0.052 0.001 0.016 0.008 0.016 0.035 0.855 
 126 Y _   0.016 0.048 0.001 0.015 0.007 0.015 0.036 0.862 
 127 C _   0.015 0.045 0.001 0.014 0.007 0.014 0.037 0.868 
 128 H _   0.014 0.041 0.001 0.013 0.006 0.013 0.038 0.874 
 129 D _   0.013 0.038 0.001 0.012 0.006 0.013 0.039 0.880 
 130 L _   0.012 0.035 0.001 0.011 0.005 0.012 0.039 0.884 
 131 D _   0.011 0.033 0.001 0.011 0.005 0.012 0.040 0.888 
 132 I _   0.011 0.031 0.001 0.010 0.004 0.011 0.041 0.891 
 133 V _   0.010 0.029 0.001 0.010 0.004 0.011 0.041 0.893 
 134 H _   0.010 0.028 0.001 0.010 0.004 0.011 0.042 0.894 
 135 R _   0.009 0.028 0.001 0.011 0.004 0.011 0.042 0.894 
 136 D _   0.009 0.028 0.001 0.012 0.005 0.011 0.043 0.893 
 137 L _   0.009 0.028 0.001 0.013 0.005 0.011 0.043 0.891 
 138 K _   0.009 0.028 0.001 0.014 0.005 0.011 0.043 0.890 
 139 C _   0.009 0.028 0.001 0.015 0.005 0.011 0.044 0.888 
 140 E _   0.009 0.028 0.001 0.016 0.005 0.011 0.044 0.887 
 141 N _   0.009 0.027 0.001 0.016 0.005 0.011 0.045 0.887 
 142 L _   0.009 0.026 0.001 0.015 0.005 0.010 0.046 0.888 
 143 L _   0.008 0.025 0.001 0.014 0.004 0.010 0.046 0.891 
 144 L _   0.008 0.023 0.001 0.013 0.004 0.009 0.047 0.896 
 145 D _   0.008 0.021 0.000 0.011 0.004 0.009 0.048 0.900 
 146 K _   0.007 0.019 0.000 0.009 0.003 0.008 0.048 0.904 
 147 D _   0.007 0.017 0.000 0.008 0.003 0.008 0.049 0.907 
 148 F _   0.007 0.016 0.000 0.008 0.003 0.008 0.049 0.909 
 149 N _   0.007 0.016 0.000 0.008 0.003 0.009 0.049 0.908 
 150 I _   0.007 0.016 0.000 0.009 0.003 0.009 0.049 0.906 
 151 K _   0.008 0.017 0.000 0.011 0.004 0.010 0.049 0.902 
 152 L _   0.008 0.018 0.000 0.013 0.004 0.010 0.049 0.897 
 153 S _   0.008 0.019 0.001 0.016 0.005 0.011 0.048 0.892 
 154 D _   0.008 0.020 0.001 0.018 0.005 0.011 0.048 0.888 
 155 F _   0.008 0.021 0.001 0.020 0.005 0.011 0.048 0.886 
 156 G _   0.008 0.021 0.001 0.020 0.005 0.011 0.048 0.887 
 157 F _   0.007 0.019 0.001 0.018 0.005 0.010 0.048 0.891 
 158 S _   0.007 0.017 0.001 0.016 0.004 0.009 0.048 0.897 
 159 K _   0.007 0.015 0.000 0.013 0.004 0.008 0.049 0.905 
 160 R _   0.006 0.012 0.000 0.009 0.003 0.008 0.049 0.913 
 161 C _   0.006 0.010 0.000 0.007 0.002 0.007 0.048 0.919 
 162 L _   0.005 0.009 0.000 0.005 0.002 0.007 0.048 0.923 
 163 R _   0.005 0.009 0.000 0.004 0.002 0.007 0.047 0.924 
 164 D _   0.006 0.009 0.000 0.004 0.002 0.009 0.047 0.922 
 165 S _   0.007 0.012 0.000 0.005 0.003 0.011 0.045 0.917 
 166 N _   0.009 0.016 0.000 0.008 0.004 0.013 0.044 0.906 
 167 G _   0.010 0.025 0.001 0.012 0.006 0.017 0.042 0.888 
 168 R _   0.012 0.038 0.001 0.017 0.008 0.020 0.040 0.865 
 169 I _   0.013 0.053 0.001 0.023 0.011 0.023 0.037 0.838 
 170 I _   0.015 0.068 0.001 0.028 0.013 0.026 0.035 0.814 
 171 L _   0.015 0.080 0.001 0.032 0.015 0.028 0.033 0.796 
 172 S _   0.016 0.088 0.001 0.033 0.016 0.029 0.031 0.786 
 173 K _   0.017 0.093 0.001 0.033 0.016 0.030 0.029 0.781 
 174 T _   0.017 0.095 0.001 0.031 0.016 0.031 0.028 0.781 
 175 F _   0.018 0.096 0.001 0.028 0.016 0.031 0.026 0.784 
 176 C _   0.019 0.095 0.001 0.025 0.015 0.031 0.025 0.788 
 177 G _   0.020 0.094 0.001 0.023 0.015 0.031 0.024 0.791 
 178 S _   0.022 0.093 0.001 0.022 0.015 0.031 0.023 0.793 
 179 A _   0.023 0.092 0.001 0.022 0.015 0.031 0.023 0.793 
 180 A _   0.025 0.090 0.001 0.023 0.015 0.031 0.022 0.793 
 181 Y _   0.026 0.089 0.001 0.024 0.016 0.031 0.021 0.793 
 182 A _   0.026 0.087 0.001 0.025 0.016 0.030 0.020 0.795 
 183 A _   0.027 0.083 0.001 0.026 0.016 0.029 0.020 0.799 
 184 P _   0.027 0.079 0.001 0.026 0.015 0.027 0.019 0.804 
 185 E _   0.028 0.073 0.001 0.026 0.015 0.026 0.019 0.814 
 186 V _   0.028 0.065 0.001 0.024 0.013 0.024 0.019 0.826 
 187 L _   0.028 0.054 0.001 0.022 0.012 0.022 0.018 0.843 
 188 Q _   0.028 0.041 0.001 0.018 0.010 0.020 0.018 0.863 
 189 S _   0.029 0.028 0.001 0.014 0.008 0.017 0.018 0.883 
 190 I _   0.031 0.017 0.001 0.010 0.007 0.015 0.018 0.901 
 191 P _   0.035 0.008 0.001 0.007 0.005 0.013 0.017 0.914 
 192 Y _   0.042 0.003 0.001 0.004 0.004 0.011 0.016 0.919 
 193 Q _   0.053 0.001 0.000 0.003 0.003 0.010 0.015 0.914 
 194 P _   0.073 0.000 0.000 0.002 0.003 0.010 0.014 0.897 
 195 K _   0.107 0.000 0.000 0.001 0.003 0.010 0.013 0.865 
 196 V _   0.159 0.000 0.001 0.001 0.004 0.010 0.012 0.813 
 197 Y _   0.238 0.000 0.001 0.001 0.005 0.011 0.010 0.734 
 198 D _   0.343 0.000 0.001 0.001 0.007 0.012 0.008 0.627 
 199 I _   0.471 0.000 0.001 0.001 0.010 0.013 0.006 0.497 
 200 W H   0.598 0.000 0.001 0.001 0.013 0.014 0.005 0.368 
 201 S H   0.702 0.000 0.001 0.001 0.016 0.014 0.004 0.262 
 202 L H   0.781 0.000 0.001 0.001 0.018 0.014 0.004 0.182 
 203 G H   0.832 0.000 0.001 0.001 0.020 0.013 0.003 0.130 
 204 V H   0.864 0.000 0.001 0.001 0.021 0.011 0.003 0.099 
 205 I H   0.879 0.000 0.001 0.001 0.021 0.011 0.004 0.084 
 206 L H   0.880 0.000 0.001 0.001 0.022 0.010 0.004 0.081 
 207 Y H   0.870 0.000 0.001 0.001 0.023 0.010 0.005 0.089 
 208 I H   0.845 0.000 0.002 0.001 0.024 0.010 0.007 0.110 
 209 M H   0.797 0.000 0.002 0.002 0.025 0.011 0.010 0.153 
 210 V H   0.720 0.000 0.002 0.003 0.023 0.012 0.016 0.224 
 211 C H   0.614 0.000 0.002 0.003 0.020 0.012 0.023 0.325 
 212 G H   0.489 0.000 0.002 0.004 0.015 0.011 0.033 0.445 
 213 S _   0.362 0.000 0.001 0.003 0.011 0.010 0.045 0.568 
 214 M _   0.247 0.000 0.001 0.003 0.007 0.009 0.056 0.678 
 215 P _   0.154 0.000 0.001 0.002 0.004 0.008 0.065 0.766 
 216 Y _   0.092 0.000 0.000 0.002 0.003 0.007 0.072 0.824 
 217 D _   0.054 0.000 0.000 0.002 0.002 0.007 0.078 0.857 
 218 D _   0.033 0.000 0.000 0.002 0.002 0.007 0.082 0.873 
 219 S _   0.023 0.001 0.000 0.003 0.002 0.008 0.085 0.878 
 220 D _   0.018 0.003 0.000 0.004 0.003 0.010 0.088 0.873 
 221 I _   0.016 0.009 0.000 0.008 0.004 0.012 0.091 0.859 
 222 R _   0.015 0.021 0.001 0.015 0.006 0.015 0.093 0.835 
 223 K _   0.014 0.038 0.001 0.023 0.008 0.017 0.095 0.803 
 224 M _   0.013 0.056 0.001 0.032 0.010 0.019 0.097 0.771 
 225 L _   0.013 0.069 0.001 0.040 0.012 0.019 0.100 0.746 
 226 R _   0.012 0.078 0.001 0.044 0.012 0.019 0.103 0.730 
 227 I _   0.011 0.082 0.001 0.046 0.012 0.019 0.107 0.722 
 228 Q _   0.010 0.082 0.001 0.044 0.011 0.017 0.112 0.721 
 229 K _   0.010 0.080 0.001 0.040 0.010 0.016 0.118 0.725 
 230 E _   0.009 0.074 0.001 0.034 0.009 0.015 0.126 0.733 
 231 H _   0.009 0.066 0.001 0.027 0.007 0.013 0.133 0.743 
 232 R _   0.008 0.056 0.001 0.021 0.006 0.011 0.142 0.755 
 233 V _   0.008 0.047 0.001 0.016 0.004 0.010 0.150 0.765 
 234 D _   0.007 0.038 0.000 0.011 0.003 0.009 0.157 0.774 
 235 F _   0.006 0.031 0.000 0.008 0.003 0.008 0.163 0.780 
 236 P _   0.006 0.027 0.000 0.006 0.002 0.007 0.169 0.783 
 237 R _   0.005 0.025 0.000 0.005 0.002 0.007 0.173 0.782 
 238 S _   0.005 0.025 0.000 0.004 0.002 0.008 0.176 0.779 
 239 K _   0.006 0.026 0.000 0.005 0.002 0.009 0.179 0.774 
 240 N _   0.006 0.029 0.000 0.006 0.003 0.010 0.182 0.764 
 241 L _   0.007 0.035 0.000 0.008 0.004 0.012 0.184 0.750 
 242 T _   0.008 0.045 0.001 0.011 0.005 0.015 0.185 0.729 
 243 C _   0.010 0.061 0.001 0.016 0.007 0.018 0.187 0.701 
 244 E _   0.011 0.081 0.001 0.022 0.010 0.021 0.188 0.666 
 245 C _   0.012 0.103 0.001 0.029 0.012 0.023 0.190 0.630 
 246 K _   0.012 0.121 0.001 0.036 0.014 0.025 0.192 0.598 
 247 D _   0.013 0.135 0.001 0.042 0.016 0.026 0.195 0.572 
 248 L _   0.014 0.143 0.001 0.045 0.017 0.026 0.200 0.553 
 249 I _   0.015 0.147 0.001 0.047 0.018 0.026 0.205 0.541 
 250 Y _   0.015 0.146 0.001 0.045 0.017 0.026 0.213 0.537 
 251 R _   0.015 0.141 0.001 0.041 0.016 0.024 0.222 0.539 
 252 M _   0.015 0.131 0.001 0.035 0.014 0.023 0.233 0.548 
 253 L _   0.015 0.117 0.001 0.027 0.012 0.021 0.245 0.562 
 254 Q _   0.014 0.101 0.001 0.020 0.010 0.020 0.258 0.577 
 255 P _   0.013 0.086 0.001 0.014 0.008 0.019 0.270 0.590 
 256 D _   0.013 0.074 0.001 0.010 0.006 0.018 0.281 0.596 
 257 V _   0.013 0.068 0.001 0.008 0.005 0.018 0.291 0.596 
 258 S _   0.013 0.065 0.001 0.008 0.005 0.018 0.301 0.590 
 259 Q _   0.014 0.064 0.001 0.009 0.006 0.018 0.310 0.579 
 260 R _   0.014 0.065 0.001 0.012 0.007 0.019 0.319 0.564 
 261 L _   0.014 0.068 0.001 0.016 0.008 0.020 0.328 0.545 
 262 H _   0.014 0.071 0.001 0.021 0.010 0.020 0.337 0.525 
 263 I _   0.014 0.075 0.001 0.026 0.011 0.020 0.347 0.505 
 264 D _   0.014 0.077 0.001 0.030 0.012 0.020 0.359 0.488 
 265 E _   0.013 0.077 0.001 0.033 0.012 0.019 0.371 0.473 
 266 I _   0.013 0.075 0.001 0.034 0.011 0.018 0.386 0.462 
 267 L _   0.012 0.070 0.001 0.033 0.010 0.016 0.403 0.454 
 268 S _   0.011 0.063 0.001 0.029 0.009 0.015 0.421 0.451 
 269 H _   0.010 0.053 0.001 0.024 0.008 0.013 0.441 0.450 
 270 S X   0.009 0.041 0.001 0.019 0.006 0.011 0.462 0.451 
 271 W X   0.008 0.029 0.001 0.014 0.005 0.009 0.482 0.453 
 272 L X   0.007 0.019 0.000 0.010 0.003 0.007 0.500 0.453 
 273 Q X   0.006 0.012 0.000 0.007 0.002 0.006 0.515 0.451 
 274 P X   0.005 0.008 0.000 0.005 0.002 0.005 0.528 0.448 
 275 P X   0.004 0.005 0.000 0.004 0.001 0.004 0.538 0.443 
 276 K X   0.004 0.004 0.000 0.003 0.001 0.004 0.546 0.438 
 277 P X   0.003 0.004 0.000 0.003 0.001 0.004 0.552 0.432 
 278 K X   0.003 0.004 0.000 0.004 0.001 0.004 0.558 0.426 
 279 A X   0.003 0.004 0.000 0.005 0.001 0.004 0.563 0.420 
 280 T X   0.003 0.004 0.000 0.006 0.002 0.004 0.567 0.414 
 281 S X   0.003 0.004 0.000 0.007 0.002 0.005 0.571 0.408 
 282 S X   0.003 0.005 0.000 0.008 0.002 0.005 0.574 0.403 
 283 A X   0.003 0.006 0.000 0.008 0.002 0.005 0.578 0.398 
 284 S X   0.003 0.006 0.000 0.008 0.002 0.005 0.581 0.394 
 285 F X   0.003 0.006 0.000 0.008 0.002 0.005 0.585 0.391 
 286 K X   0.003 0.006 0.000 0.007 0.002 0.004 0.589 0.389 
 287 R X   0.002 0.006 0.000 0.007 0.002 0.004 0.592 0.387 
 288 E X   0.002 0.006 0.000 0.006 0.001 0.004 0.595 0.385 
 289 G X   0.002 0.006 0.000 0.006 0.001 0.004 0.598 0.382 
 290 E X   0.002 0.007 0.000 0.005 0.001 0.004 0.601 0.379 
 291 G X   0.002 0.007 0.000 0.006 0.002 0.004 0.603 0.375 
 292 K X   0.003 0.008 0.000 0.006 0.002 0.005 0.606 0.371 
 293 Y X   0.003 0.009 0.000 0.007 0.002 0.005 0.608 0.366 
 294 R X   0.003 0.010 0.000 0.009 0.002 0.005 0.610 0.361 
 295 A X   0.003 0.011 0.000 0.010 0.002 0.006 0.613 0.355 
 296 E X   0.003 0.012 0.000 0.012 0.003 0.006 0.615 0.349 
 297 C X   0.003 0.013 0.000 0.013 0.003 0.006 0.618 0.344 
 298 K X   0.003 0.013 0.000 0.013 0.003 0.006 0.622 0.339 
 299 L X   0.003 0.013 0.000 0.014 0.003 0.006 0.627 0.334 
 300 D X   0.003 0.013 0.000 0.013 0.003 0.006 0.632 0.331 
 301 T X   0.003 0.012 0.000 0.012 0.003 0.005 0.638 0.327 
 302 K X   0.003 0.010 0.000 0.011 0.002 0.005 0.644 0.324 
 303 T X   0.003 0.009 0.000 0.009 0.002 0.004 0.650 0.322 
 304 G X   0.003 0.007 0.000 0.007 0.002 0.004 0.656 0.321 
 305 L X   0.003 0.006 0.000 0.005 0.001 0.003 0.662 0.319 
 306 R X   0.003 0.005 0.000 0.004 0.001 0.003 0.666 0.318 
 307 P X   0.002 0.004 0.000 0.003 0.001 0.003 0.669 0.318 
 308 D X   0.002 0.004 0.000 0.002 0.001 0.002 0.672 0.317 
 309 H X   0.002 0.003 0.000 0.002 0.001 0.002 0.673 0.317 
 310 R X   0.002 0.004 0.000 0.002 0.001 0.002 0.673 0.317 
 311 P X   0.002 0.004 0.000 0.002 0.001 0.003 0.673 0.316 
 312 D X   0.002 0.005 0.000 0.003 0.001 0.003 0.671 0.316 
 313 H X   0.002 0.007 0.000 0.003 0.001 0.004 0.668 0.314 
 314 K X   0.002 0.011 0.000 0.005 0.001 0.004 0.665 0.311 
 315 L X   0.002 0.017 0.000 0.007 0.002 0.006 0.660 0.306 
 316 G X   0.003 0.025 0.000 0.010 0.003 0.007 0.653 0.299 
 317 A X   0.003 0.036 0.000 0.014 0.004 0.008 0.647 0.288 
 318 K X   0.003 0.048 0.001 0.018 0.005 0.008 0.641 0.276 
 319 T X   0.003 0.058 0.001 0.023 0.005 0.009 0.635 0.266 
 320 Q X   0.003 0.066 0.001 0.026 0.006 0.009 0.632 0.258 
 321 H X   0.003 0.071 0.001 0.028 0.006 0.009 0.630 0.252 
 322 R X   0.003 0.074 0.001 0.029 0.006 0.009 0.629 0.249 
 323 L X   0.003 0.074 0.001 0.028 0.006 0.008 0.630 0.249 
 324 L X   0.003 0.073 0.001 0.026 0.005 0.008 0.633 0.252 
 325 V X   0.003 0.069 0.001 0.022 0.005 0.007 0.637 0.256 
 326 V X   0.003 0.064 0.000 0.018 0.004 0.006 0.641 0.263 
 327 P X   0.003 0.057 0.000 0.013 0.003 0.006 0.647 0.271 
 328 E X   0.003 0.049 0.000 0.009 0.002 0.005 0.652 0.279 
 329 N X   0.003 0.043 0.000 0.007 0.002 0.004 0.657 0.284 
 330 E X   0.003 0.038 0.000 0.005 0.002 0.004 0.662 0.287 
 331 N X   0.002 0.035 0.000 0.004 0.001 0.004 0.665 0.288 
 332 R X   0.002 0.034 0.000 0.004 0.001 0.004 0.668 0.287 
 333 M X   0.002 0.033 0.000 0.004 0.001 0.004 0.670 0.284 
 334 E X   0.003 0.034 0.000 0.005 0.002 0.004 0.672 0.281 
 335 D X   0.003 0.035 0.000 0.006 0.002 0.005 0.674 0.276 
 336 R X   0.003 0.036 0.000 0.007 0.002 0.005 0.675 0.271 
 337 L X   0.003 0.038 0.000 0.008 0.002 0.005 0.677 0.267 
 338 A X   0.003 0.039 0.000 0.009 0.002 0.005 0.679 0.264 
 339 E X   0.002 0.039 0.000 0.009 0.002 0.005 0.681 0.261 
 340 T X   0.002 0.040 0.000 0.008 0.002 0.005 0.684 0.259 
 341 S X   0.002 0.040 0.000 0.007 0.002 0.004 0.686 0.258 
 342 R X   0.002 0.040 0.000 0.006 0.002 0.004 0.689 0.257 
 343 A X   0.002 0.040 0.000 0.005 0.002 0.004 0.691 0.255 
 344 K X   0.002 0.041 0.000 0.005 0.001 0.004 0.693 0.253 
 345 D X   0.002 0.042 0.000 0.005 0.002 0.005 0.695 0.249 
 346 H X   0.003 0.045 0.000 0.006 0.002 0.005 0.696 0.243 
 347 H X   0.003 0.049 0.000 0.008 0.002 0.006 0.697 0.234 
 348 I X   0.003 0.054 0.000 0.011 0.003 0.006 0.698 0.224 
 349 S X   0.003 0.060 0.000 0.014 0.003 0.007 0.699 0.213 
 350 G X   0.003 0.065 0.000 0.017 0.004 0.007 0.700 0.204 
 351 A X   0.003 0.069 0.000 0.019 0.004 0.006 0.702 0.197 
 352 E X   0.002 0.072 0.000 0.020 0.004 0.005 0.704 0.193 
 353 V X   0.002 0.072 0.000 0.019 0.003 0.004 0.708 0.192 
 354 G X   0.001 0.070 0.000 0.017 0.002 0.003 0.712 0.195 
 355 K X   0.001 0.066 0.000 0.012 0.001 0.001 0.717 0.202 
 356 A X   0.000 0.059 0.000 0.008 0.000 0.001 0.718 0.213 
 357 S X   0.000 0.054 0.000 0.008 0.000 0.001 0.715 0.223 
 358 T X   0.002 0.050 0.001 0.015 0.003 0.003 0.699 0.227 
