#TopoPred_TM8: 8-state transmembrane topology prediction results by no_profile mode 
#probabilities are in the order of H E C I L F X _, the 8 transmembrane topology types used in PDBTM 
   1 M X   0.013 0.001 0.002 0.066 0.010 0.011 0.701 0.195 
   2 A X   0.005 0.001 0.000 0.043 0.002 0.006 0.722 0.221 
   3 S X   0.002 0.000 0.000 0.026 0.001 0.004 0.726 0.241 
   4 G X   0.001 0.000 0.000 0.017 0.001 0.004 0.723 0.254 
   5 S X   0.002 0.000 0.000 0.014 0.001 0.004 0.715 0.264 
   6 C X   0.002 0.001 0.000 0.011 0.001 0.005 0.704 0.276 
   7 Q X   0.002 0.001 0.000 0.010 0.001 0.006 0.690 0.289 
   8 G X   0.003 0.001 0.000 0.009 0.002 0.006 0.674 0.305 
   9 C X   0.003 0.002 0.000 0.009 0.002 0.007 0.654 0.323 
  10 E X   0.003 0.003 0.000 0.010 0.002 0.008 0.630 0.343 
  11 E X   0.003 0.004 0.000 0.011 0.003 0.009 0.604 0.365 
  12 D X   0.004 0.006 0.001 0.013 0.004 0.011 0.576 0.385 
  13 E X   0.004 0.009 0.001 0.017 0.005 0.013 0.547 0.404 
  14 E X   0.005 0.013 0.001 0.021 0.006 0.016 0.517 0.420 
  15 T X   0.006 0.018 0.001 0.027 0.008 0.018 0.487 0.434 
  16 L X   0.007 0.024 0.001 0.034 0.010 0.020 0.459 0.445 
  17 K _   0.008 0.028 0.001 0.041 0.012 0.022 0.432 0.456 
  18 K _   0.009 0.032 0.001 0.046 0.013 0.023 0.408 0.468 
  19 L _   0.010 0.034 0.001 0.048 0.014 0.023 0.387 0.484 
  20 I _   0.010 0.033 0.001 0.046 0.013 0.022 0.370 0.503 
  21 V _   0.011 0.031 0.001 0.041 0.012 0.021 0.355 0.527 
  22 R _   0.012 0.027 0.001 0.033 0.010 0.020 0.341 0.555 
  23 L _   0.013 0.021 0.001 0.025 0.009 0.018 0.329 0.585 
  24 N _   0.014 0.014 0.001 0.017 0.007 0.017 0.318 0.613 
  25 N _   0.016 0.008 0.001 0.011 0.005 0.016 0.306 0.637 
  26 V _   0.019 0.004 0.001 0.007 0.004 0.016 0.295 0.655 
  27 Q _   0.024 0.002 0.000 0.004 0.004 0.016 0.284 0.666 
  28 E _   0.032 0.001 0.000 0.003 0.004 0.018 0.271 0.671 
  29 G _   0.047 0.000 0.001 0.003 0.004 0.021 0.257 0.667 
  30 K _   0.067 0.000 0.001 0.003 0.006 0.025 0.242 0.656 
  31 Q _   0.096 0.000 0.001 0.003 0.008 0.031 0.225 0.636 
  32 I _   0.132 0.000 0.001 0.004 0.012 0.038 0.207 0.606 
  33 E _   0.173 0.000 0.001 0.005 0.018 0.045 0.189 0.568 
  34 T _   0.216 0.000 0.002 0.006 0.025 0.052 0.172 0.527 
  35 L _   0.257 0.001 0.002 0.006 0.032 0.058 0.157 0.487 
  36 V _   0.294 0.001 0.002 0.007 0.039 0.062 0.144 0.452 
  37 Q _   0.323 0.001 0.002 0.008 0.045 0.064 0.133 0.425 
  38 I _   0.345 0.001 0.002 0.008 0.049 0.064 0.125 0.405 
  39 L _   0.359 0.002 0.002 0.009 0.051 0.064 0.119 0.395 
  40 E _   0.365 0.002 0.002 0.010 0.052 0.061 0.113 0.394 
  41 D _   0.364 0.003 0.002 0.011 0.050 0.058 0.110 0.403 
  42 L _   0.353 0.003 0.002 0.011 0.046 0.054 0.107 0.424 
  43 L _   0.333 0.003 0.002 0.012 0.041 0.050 0.105 0.455 
  44 V _   0.305 0.003 0.002 0.012 0.035 0.045 0.103 0.495 
  45 F _   0.269 0.002 0.002 0.012 0.029 0.040 0.102 0.545 
  46 T _   0.228 0.002 0.002 0.011 0.022 0.034 0.102 0.600 
  47 Y _   0.185 0.001 0.001 0.009 0.016 0.029 0.101 0.656 
  48 S _   0.145 0.001 0.001 0.008 0.011 0.024 0.100 0.709 
  49 E _   0.111 0.001 0.001 0.006 0.008 0.020 0.099 0.754 
  50 R _   0.083 0.000 0.001 0.005 0.006 0.017 0.098 0.790 
  51 A _   0.061 0.000 0.001 0.004 0.004 0.014 0.096 0.819 
  52 S _   0.047 0.000 0.000 0.003 0.003 0.012 0.094 0.840 
  53 K _   0.037 0.000 0.000 0.003 0.003 0.011 0.091 0.854 
  54 L _   0.032 0.000 0.000 0.003 0.003 0.011 0.088 0.863 
  55 F _   0.031 0.000 0.000 0.003 0.003 0.012 0.085 0.867 
  56 Q _   0.033 0.000 0.000 0.003 0.003 0.013 0.081 0.867 
  57 G _   0.039 0.000 0.000 0.003 0.004 0.015 0.077 0.863 
  58 K _   0.049 0.000 0.001 0.003 0.005 0.018 0.072 0.852 
  59 N _   0.065 0.000 0.001 0.004 0.007 0.022 0.067 0.834 
  60 I _   0.086 0.000 0.001 0.005 0.010 0.027 0.061 0.810 
  61 H _   0.113 0.000 0.001 0.006 0.013 0.032 0.055 0.779 
  62 V _   0.143 0.001 0.001 0.008 0.017 0.037 0.049 0.744 
  63 P _   0.176 0.001 0.001 0.009 0.021 0.041 0.044 0.707 
  64 L _   0.208 0.001 0.002 0.010 0.025 0.043 0.039 0.672 
  65 L _   0.239 0.001 0.002 0.010 0.027 0.045 0.034 0.642 
  66 I _   0.268 0.001 0.002 0.010 0.028 0.044 0.030 0.617 
  67 V _   0.295 0.001 0.002 0.008 0.027 0.043 0.027 0.597 
  68 L _   0.319 0.001 0.002 0.007 0.026 0.041 0.023 0.581 
  69 D _   0.342 0.000 0.002 0.006 0.023 0.039 0.021 0.568 
  70 S _   0.362 0.000 0.001 0.004 0.021 0.036 0.018 0.557 
  71 Y _   0.383 0.000 0.001 0.003 0.018 0.032 0.016 0.546 
  72 M _   0.404 0.000 0.001 0.003 0.015 0.029 0.014 0.534 
  73 R _   0.424 0.000 0.001 0.002 0.013 0.026 0.012 0.521 
  74 V _   0.447 0.000 0.001 0.002 0.011 0.024 0.011 0.504 
  75 A _   0.472 0.000 0.001 0.001 0.011 0.022 0.010 0.483 
  76 S H   0.500 0.000 0.001 0.001 0.010 0.020 0.008 0.459 
  77 V H   0.532 0.000 0.001 0.001 0.010 0.019 0.007 0.430 
  78 Q H   0.566 0.000 0.001 0.001 0.010 0.018 0.006 0.398 
  79 Q H   0.601 0.000 0.001 0.001 0.010 0.017 0.005 0.364 
  80 V H   0.637 0.000 0.001 0.001 0.011 0.017 0.005 0.328 
  81 G H   0.672 0.000 0.001 0.001 0.013 0.017 0.004 0.293 
  82 W H   0.701 0.000 0.001 0.001 0.014 0.016 0.004 0.263 
  83 S H   0.724 0.000 0.001 0.001 0.016 0.016 0.004 0.238 
  84 L H   0.741 0.000 0.001 0.001 0.018 0.016 0.004 0.219 
  85 L H   0.750 0.000 0.001 0.001 0.019 0.017 0.004 0.208 
  86 C H   0.751 0.000 0.001 0.001 0.021 0.017 0.004 0.204 
  87 K H   0.743 0.000 0.001 0.002 0.022 0.017 0.005 0.210 
  88 L H   0.725 0.000 0.001 0.002 0.023 0.018 0.005 0.225 
  89 I H   0.699 0.000 0.001 0.002 0.023 0.018 0.007 0.249 
  90 E H   0.660 0.000 0.002 0.003 0.023 0.019 0.008 0.285 
  91 V H   0.610 0.000 0.002 0.004 0.023 0.020 0.010 0.331 
  92 C H   0.548 0.000 0.002 0.005 0.022 0.020 0.013 0.390 
  93 P H   0.476 0.001 0.002 0.007 0.021 0.021 0.016 0.456 
  94 G _   0.400 0.001 0.002 0.009 0.019 0.021 0.020 0.529 
  95 T _   0.323 0.001 0.002 0.011 0.017 0.021 0.024 0.602 
  96 M _   0.250 0.001 0.001 0.012 0.014 0.019 0.028 0.674 
  97 Q _   0.185 0.001 0.001 0.012 0.011 0.017 0.032 0.740 
  98 S _   0.129 0.001 0.001 0.011 0.008 0.015 0.036 0.799 
  99 L _   0.085 0.001 0.001 0.009 0.006 0.013 0.039 0.847 
 100 M _   0.055 0.001 0.001 0.007 0.004 0.010 0.041 0.882 
 101 G _   0.035 0.000 0.000 0.005 0.003 0.008 0.042 0.906 
 102 P _   0.023 0.000 0.000 0.004 0.002 0.007 0.043 0.922 
 103 Q _   0.016 0.000 0.000 0.003 0.002 0.006 0.043 0.930 
 104 D _   0.013 0.000 0.000 0.002 0.001 0.006 0.043 0.934 
 105 V _   0.013 0.000 0.000 0.002 0.001 0.008 0.043 0.934 
 106 G _   0.016 0.000 0.000 0.002 0.002 0.010 0.042 0.928 
 107 N _   0.025 0.000 0.000 0.002 0.003 0.014 0.041 0.915 
 108 D _   0.040 0.000 0.000 0.003 0.004 0.021 0.039 0.892 
 109 W _   0.065 0.000 0.001 0.004 0.007 0.030 0.037 0.856 
 110 E _   0.097 0.001 0.001 0.006 0.013 0.041 0.034 0.807 
 111 V _   0.136 0.001 0.001 0.008 0.022 0.053 0.031 0.748 
 112 L _   0.176 0.002 0.002 0.011 0.032 0.065 0.028 0.685 
 113 G _   0.214 0.003 0.002 0.013 0.044 0.074 0.025 0.624 
 114 V _   0.249 0.004 0.002 0.015 0.055 0.080 0.023 0.571 
 115 H _   0.279 0.005 0.003 0.017 0.063 0.083 0.021 0.530 
 116 Q _   0.302 0.006 0.003 0.018 0.068 0.083 0.019 0.501 
 117 L _   0.319 0.006 0.003 0.018 0.069 0.082 0.018 0.485 
 118 I _   0.329 0.006 0.003 0.017 0.066 0.078 0.017 0.483 
 119 L _   0.331 0.005 0.003 0.016 0.061 0.072 0.017 0.495 
 120 K _   0.327 0.004 0.002 0.013 0.052 0.066 0.017 0.518 
 121 M _   0.318 0.003 0.002 0.011 0.042 0.059 0.017 0.549 
 122 L _   0.303 0.002 0.002 0.008 0.032 0.053 0.017 0.585 
 123 T _   0.286 0.001 0.001 0.005 0.023 0.046 0.017 0.621 
 124 V _   0.267 0.000 0.001 0.004 0.016 0.041 0.017 0.654 
 125 H _   0.251 0.000 0.001 0.003 0.012 0.037 0.017 0.680 
 126 N _   0.239 0.000 0.001 0.002 0.010 0.035 0.016 0.696 
 127 A _   0.233 0.000 0.001 0.002 0.009 0.034 0.016 0.704 
 128 S _   0.231 0.000 0.001 0.002 0.010 0.035 0.016 0.705 
 129 V _   0.232 0.000 0.001 0.003 0.012 0.036 0.016 0.700 
 130 N _   0.235 0.000 0.001 0.004 0.014 0.038 0.016 0.691 
 131 L _   0.237 0.001 0.001 0.006 0.017 0.040 0.016 0.681 
 132 S _   0.239 0.001 0.001 0.008 0.020 0.041 0.016 0.673 
 133 V _   0.237 0.001 0.002 0.010 0.022 0.042 0.016 0.670 
 134 I _   0.232 0.002 0.002 0.011 0.023 0.042 0.017 0.672 
 135 G _   0.225 0.002 0.002 0.011 0.023 0.041 0.017 0.680 
 136 L _   0.214 0.001 0.002 0.010 0.021 0.040 0.017 0.694 
 137 K _   0.202 0.001 0.001 0.008 0.019 0.038 0.018 0.713 
 138 T _   0.189 0.001 0.001 0.007 0.016 0.036 0.018 0.732 
 139 L _   0.176 0.000 0.001 0.005 0.014 0.035 0.018 0.751 
 140 D _   0.164 0.000 0.001 0.004 0.012 0.033 0.019 0.766 
 141 L _   0.156 0.000 0.001 0.003 0.011 0.033 0.019 0.777 
 142 L _   0.150 0.000 0.001 0.004 0.011 0.033 0.019 0.783 
 143 L _   0.147 0.000 0.001 0.004 0.012 0.033 0.020 0.783 
 144 T _   0.145 0.000 0.001 0.005 0.013 0.034 0.020 0.781 
 145 S _   0.144 0.001 0.001 0.007 0.015 0.034 0.021 0.777 
 146 G _   0.144 0.001 0.001 0.010 0.016 0.034 0.021 0.771 
 147 K _   0.143 0.002 0.001 0.012 0.017 0.034 0.022 0.768 
 148 I _   0.142 0.002 0.001 0.013 0.017 0.033 0.022 0.769 
 149 T _   0.141 0.002 0.001 0.013 0.015 0.031 0.023 0.773 
 150 L _   0.140 0.001 0.001 0.011 0.013 0.029 0.024 0.780 
 151 L _   0.140 0.001 0.001 0.008 0.010 0.027 0.024 0.789 
 152 I _   0.141 0.000 0.001 0.005 0.008 0.025 0.025 0.796 
 153 L _   0.144 0.000 0.001 0.003 0.006 0.024 0.025 0.798 
 154 D _   0.152 0.000 0.001 0.002 0.005 0.024 0.025 0.793 
 155 E _   0.168 0.000 0.001 0.001 0.006 0.025 0.025 0.775 
 156 E _   0.194 0.000 0.001 0.001 0.008 0.028 0.024 0.744 
 157 S _   0.230 0.000 0.001 0.002 0.012 0.033 0.024 0.698 
 158 D _   0.269 0.001 0.001 0.003 0.019 0.039 0.025 0.644 
 159 I _   0.305 0.002 0.002 0.005 0.029 0.045 0.025 0.587 
 160 F _   0.332 0.007 0.002 0.010 0.040 0.049 0.026 0.535 
 161 M _   0.345 0.014 0.003 0.018 0.047 0.051 0.027 0.496 
 162 L _   0.345 0.021 0.003 0.026 0.051 0.050 0.029 0.475 
 163 I _   0.333 0.025 0.003 0.031 0.051 0.048 0.032 0.477 
 164 F _   0.309 0.026 0.003 0.034 0.047 0.045 0.035 0.501 
 165 D _   0.274 0.025 0.003 0.032 0.041 0.040 0.039 0.548 
 166 A _   0.231 0.021 0.002 0.027 0.031 0.034 0.043 0.611 
 167 M _   0.183 0.014 0.002 0.019 0.022 0.027 0.047 0.685 
 168 H _   0.135 0.008 0.001 0.012 0.013 0.021 0.051 0.758 
 169 S _   0.092 0.004 0.001 0.007 0.007 0.016 0.054 0.819 
 170 F _   0.060 0.001 0.000 0.004 0.004 0.012 0.056 0.862 
 171 P _   0.038 0.000 0.000 0.003 0.002 0.009 0.058 0.889 
 172 A _   0.024 0.000 0.000 0.002 0.002 0.008 0.059 0.905 
 173 N _   0.016 0.000 0.000 0.002 0.001 0.008 0.059 0.913 
 174 D _   0.013 0.000 0.000 0.002 0.001 0.008 0.059 0.916 
 175 E _   0.012 0.000 0.000 0.002 0.002 0.010 0.059 0.915 
 176 V _   0.013 0.001 0.000 0.003 0.002 0.013 0.058 0.910 
 177 Q _   0.017 0.002 0.000 0.004 0.004 0.017 0.057 0.899 
 178 K _   0.021 0.006 0.001 0.007 0.006 0.023 0.055 0.882 
 179 L _   0.026 0.013 0.001 0.011 0.010 0.030 0.052 0.857 
 180 G _   0.033 0.023 0.001 0.016 0.016 0.037 0.050 0.825 
 181 C _   0.039 0.037 0.002 0.023 0.022 0.043 0.047 0.788 
 182 K _   0.045 0.051 0.002 0.029 0.028 0.048 0.045 0.752 
 183 A _   0.051 0.063 0.002 0.036 0.032 0.051 0.043 0.722 
 184 L _   0.055 0.072 0.002 0.041 0.036 0.053 0.041 0.700 
 185 H _   0.058 0.077 0.002 0.044 0.037 0.053 0.040 0.689 
 186 V _   0.059 0.079 0.002 0.044 0.036 0.052 0.039 0.689 
 187 L _   0.060 0.077 0.002 0.040 0.034 0.049 0.038 0.699 
 188 F _   0.058 0.073 0.002 0.036 0.030 0.046 0.038 0.717 
 189 E _   0.056 0.065 0.002 0.030 0.026 0.042 0.038 0.741 
 190 R _   0.052 0.056 0.002 0.025 0.022 0.038 0.038 0.768 
 191 V _   0.048 0.046 0.001 0.020 0.018 0.035 0.038 0.795 
 192 S _   0.043 0.036 0.001 0.017 0.014 0.031 0.039 0.820 
 193 E _   0.038 0.028 0.001 0.015 0.012 0.028 0.039 0.840 
 194 E _   0.034 0.022 0.001 0.013 0.010 0.025 0.039 0.857 
 195 Q _   0.030 0.017 0.001 0.012 0.008 0.022 0.039 0.872 
 196 L _   0.026 0.012 0.001 0.010 0.006 0.019 0.039 0.886 
 197 T _   0.023 0.008 0.001 0.008 0.005 0.017 0.039 0.898 
 198 E _   0.021 0.005 0.001 0.007 0.004 0.016 0.039 0.908 
 199 F _   0.020 0.003 0.000 0.005 0.004 0.015 0.038 0.916 
 200 V _   0.020 0.002 0.000 0.004 0.003 0.015 0.037 0.920 
 201 E _   0.021 0.001 0.000 0.003 0.003 0.015 0.036 0.920 
 202 N _   0.025 0.001 0.000 0.003 0.004 0.017 0.035 0.915 
 203 K _   0.031 0.001 0.001 0.004 0.005 0.020 0.034 0.904 
 204 D _   0.039 0.002 0.001 0.006 0.008 0.024 0.032 0.888 
 205 Y _   0.049 0.004 0.001 0.010 0.012 0.029 0.031 0.865 
 206 M _   0.058 0.007 0.001 0.017 0.017 0.032 0.029 0.838 
 207 I _   0.066 0.011 0.002 0.025 0.021 0.035 0.028 0.814 
 208 L _   0.071 0.014 0.002 0.031 0.023 0.035 0.027 0.798 
 209 L _   0.075 0.015 0.002 0.033 0.023 0.034 0.026 0.794 
 210 S _   0.076 0.014 0.002 0.031 0.020 0.032 0.025 0.801 
 211 A _   0.078 0.011 0.001 0.025 0.016 0.028 0.024 0.816 
 212 L _   0.080 0.008 0.001 0.017 0.012 0.024 0.023 0.836 
 213 T _   0.083 0.004 0.001 0.009 0.008 0.020 0.022 0.853 
 214 N _   0.089 0.001 0.001 0.004 0.005 0.017 0.020 0.862 
 215 F _   0.099 0.000 0.000 0.002 0.004 0.015 0.019 0.860 
 216 K _   0.119 0.000 0.000 0.001 0.003 0.014 0.017 0.844 
 217 D _   0.152 0.000 0.000 0.001 0.004 0.015 0.016 0.812 
 218 E _   0.204 0.000 0.001 0.001 0.005 0.017 0.014 0.759 
 219 E _   0.277 0.000 0.001 0.001 0.008 0.020 0.012 0.682 
 220 E _   0.360 0.000 0.001 0.001 0.012 0.023 0.010 0.594 
 221 I _   0.443 0.000 0.001 0.002 0.017 0.026 0.008 0.503 
 222 V H   0.515 0.000 0.001 0.002 0.023 0.028 0.007 0.423 
 223 L H   0.570 0.000 0.002 0.003 0.028 0.030 0.006 0.362 
 224 H H   0.608 0.000 0.002 0.003 0.032 0.030 0.006 0.319 
 225 V H   0.631 0.000 0.002 0.003 0.035 0.030 0.005 0.293 
 226 L H   0.638 0.000 0.002 0.004 0.037 0.029 0.005 0.285 
 227 H H   0.632 0.000 0.002 0.004 0.037 0.028 0.005 0.291 
 228 C H   0.612 0.000 0.002 0.004 0.036 0.027 0.006 0.314 
 229 L H   0.578 0.000 0.002 0.004 0.033 0.026 0.006 0.352 
 230 H H   0.532 0.000 0.002 0.004 0.028 0.024 0.007 0.403 
 231 S H   0.473 0.000 0.002 0.003 0.023 0.023 0.007 0.469 
 232 L _   0.406 0.000 0.001 0.003 0.018 0.021 0.008 0.542 
 233 A _   0.338 0.000 0.001 0.003 0.013 0.020 0.009 0.615 
 234 I _   0.275 0.000 0.001 0.003 0.010 0.019 0.010 0.682 
 235 P _   0.219 0.000 0.001 0.003 0.008 0.018 0.011 0.740 
 236 C _   0.175 0.000 0.001 0.003 0.007 0.018 0.012 0.785 
 237 N _   0.141 0.000 0.001 0.003 0.007 0.019 0.012 0.817 
 238 N _   0.118 0.000 0.001 0.004 0.007 0.020 0.013 0.838 
 239 V _   0.101 0.000 0.001 0.005 0.007 0.021 0.013 0.851 
 240 E _   0.088 0.000 0.001 0.006 0.008 0.022 0.014 0.861 
 241 V _   0.078 0.000 0.001 0.007 0.008 0.024 0.014 0.868 
 242 L _   0.071 0.001 0.001 0.007 0.009 0.025 0.014 0.873 
 243 M _   0.066 0.001 0.001 0.007 0.009 0.026 0.014 0.876 
 244 S _   0.063 0.001 0.001 0.007 0.009 0.027 0.014 0.878 
 245 G _   0.061 0.001 0.001 0.006 0.010 0.029 0.014 0.878 
 246 N _   0.062 0.001 0.001 0.006 0.010 0.030 0.014 0.876 
 247 V _   0.064 0.001 0.001 0.006 0.011 0.033 0.014 0.870 
 248 R _   0.068 0.002 0.001 0.007 0.013 0.035 0.014 0.861 
 249 C _   0.072 0.002 0.001 0.009 0.016 0.038 0.013 0.849 
 250 Y _   0.077 0.004 0.001 0.011 0.019 0.040 0.013 0.834 
 251 N _   0.081 0.006 0.001 0.015 0.022 0.042 0.013 0.820 
 252 I _   0.084 0.008 0.002 0.020 0.025 0.043 0.013 0.807 
 253 V _   0.085 0.010 0.002 0.024 0.026 0.043 0.013 0.798 
 254 V _   0.085 0.011 0.002 0.026 0.026 0.042 0.013 0.795 
 255 E _   0.084 0.011 0.002 0.026 0.024 0.040 0.013 0.800 
 256 A _   0.082 0.010 0.002 0.024 0.021 0.037 0.013 0.811 
 257 M _   0.079 0.008 0.001 0.020 0.018 0.034 0.013 0.827 
 258 K _   0.076 0.006 0.001 0.015 0.014 0.030 0.013 0.845 
 259 A _   0.074 0.004 0.001 0.010 0.010 0.027 0.013 0.862 
 260 F _   0.074 0.002 0.001 0.007 0.008 0.024 0.013 0.873 
 261 P _   0.078 0.001 0.001 0.004 0.006 0.023 0.012 0.876 
 262 M _   0.087 0.000 0.001 0.003 0.005 0.022 0.012 0.871 
 263 S _   0.103 0.000 0.001 0.002 0.005 0.022 0.011 0.856 
 264 E _   0.127 0.000 0.001 0.002 0.006 0.023 0.011 0.830 
 265 R _   0.162 0.000 0.001 0.002 0.008 0.025 0.010 0.792 
 266 I _   0.207 0.000 0.001 0.003 0.011 0.028 0.009 0.741 
 267 Q _   0.262 0.000 0.001 0.003 0.014 0.031 0.008 0.681 
 268 E _   0.320 0.000 0.001 0.004 0.019 0.034 0.007 0.615 
 269 V _   0.380 0.000 0.002 0.004 0.024 0.036 0.006 0.548 
 270 S _   0.437 0.000 0.002 0.005 0.028 0.037 0.005 0.487 
 271 C H   0.485 0.000 0.002 0.005 0.031 0.037 0.004 0.436 
 272 C H   0.526 0.000 0.002 0.005 0.032 0.036 0.004 0.396 
 273 L H   0.559 0.000 0.002 0.004 0.031 0.033 0.003 0.366 
 274 L H   0.584 0.000 0.002 0.004 0.030 0.031 0.003 0.347 
 275 H H   0.601 0.000 0.002 0.003 0.026 0.028 0.003 0.337 
 276 R H   0.611 0.000 0.001 0.002 0.023 0.026 0.003 0.334 
 277 L H   0.615 0.000 0.001 0.002 0.019 0.023 0.003 0.338 
 278 T H   0.615 0.000 0.001 0.001 0.015 0.021 0.003 0.344 
 279 L H   0.611 0.000 0.001 0.001 0.013 0.020 0.003 0.351 
 280 G H   0.608 0.000 0.001 0.001 0.012 0.019 0.003 0.357 
 281 N H   0.604 0.000 0.001 0.001 0.011 0.018 0.003 0.362 
 282 F H   0.600 0.000 0.001 0.001 0.011 0.018 0.003 0.367 
 283 F H   0.595 0.000 0.001 0.001 0.011 0.018 0.003 0.370 
 284 N H   0.590 0.000 0.001 0.001 0.012 0.019 0.003 0.374 
 285 I H   0.583 0.000 0.001 0.002 0.013 0.019 0.003 0.379 
 286 L H   0.572 0.000 0.001 0.002 0.014 0.020 0.004 0.387 
 287 V H   0.557 0.000 0.001 0.002 0.015 0.021 0.004 0.398 
 288 L H   0.540 0.000 0.001 0.003 0.017 0.023 0.005 0.412 
 289 N H   0.520 0.000 0.001 0.003 0.018 0.024 0.005 0.428 
 290 E H   0.495 0.000 0.001 0.004 0.019 0.025 0.006 0.449 
 291 V _   0.465 0.000 0.001 0.005 0.021 0.026 0.007 0.475 
 292 H _   0.427 0.001 0.002 0.007 0.021 0.026 0.008 0.508 
 293 E _   0.381 0.001 0.002 0.010 0.022 0.027 0.009 0.548 
 294 F _   0.333 0.002 0.002 0.013 0.021 0.026 0.011 0.594 
 295 V _   0.283 0.002 0.002 0.014 0.018 0.024 0.012 0.644 
 296 V _   0.234 0.002 0.001 0.014 0.015 0.022 0.013 0.698 
 297 K _   0.188 0.001 0.001 0.012 0.011 0.019 0.015 0.752 
 298 A _   0.149 0.001 0.001 0.009 0.008 0.016 0.016 0.800 
 299 V _   0.119 0.001 0.001 0.006 0.005 0.013 0.016 0.839 
 300 Q _   0.099 0.000 0.000 0.004 0.004 0.011 0.016 0.866 
 301 Q _   0.089 0.000 0.000 0.002 0.003 0.009 0.016 0.881 
 302 Y _   0.088 0.000 0.000 0.001 0.002 0.008 0.016 0.884 
 303 P _   0.098 0.000 0.000 0.001 0.002 0.009 0.016 0.874 
 304 E _   0.124 0.000 0.000 0.001 0.003 0.010 0.015 0.847 
 305 N _   0.170 0.000 0.001 0.001 0.004 0.011 0.014 0.799 
 306 A _   0.240 0.000 0.001 0.001 0.006 0.013 0.013 0.726 
 307 A _   0.327 0.000 0.001 0.002 0.008 0.015 0.011 0.635 
 308 L _   0.423 0.000 0.001 0.002 0.011 0.017 0.010 0.535 
 309 Q H   0.518 0.000 0.001 0.002 0.014 0.018 0.009 0.438 
 310 I H   0.606 0.000 0.001 0.001 0.016 0.017 0.009 0.350 
 311 S H   0.681 0.000 0.001 0.001 0.018 0.016 0.008 0.274 
 312 A H   0.744 0.000 0.001 0.001 0.019 0.015 0.008 0.211 
 313 L H   0.790 0.000 0.001 0.001 0.020 0.014 0.009 0.165 
 314 S H   0.823 0.000 0.001 0.001 0.021 0.013 0.009 0.132 
 315 C H   0.845 0.000 0.001 0.001 0.021 0.012 0.011 0.109 
 316 L H   0.855 0.000 0.001 0.001 0.022 0.011 0.013 0.097 
 317 A H   0.855 0.000 0.001 0.001 0.023 0.011 0.016 0.093 
 318 L H   0.843 0.000 0.001 0.001 0.024 0.012 0.022 0.097 
 319 L H   0.818 0.000 0.002 0.002 0.025 0.012 0.030 0.111 
 320 T H   0.775 0.000 0.002 0.003 0.026 0.013 0.044 0.137 
 321 E H   0.709 0.000 0.002 0.004 0.026 0.014 0.065 0.179 
 322 T H   0.621 0.000 0.002 0.005 0.024 0.015 0.095 0.236 
 323 I H   0.518 0.000 0.002 0.007 0.020 0.015 0.135 0.302 
 324 F H   0.408 0.000 0.002 0.007 0.016 0.015 0.181 0.371 
 325 L _   0.302 0.000 0.002 0.008 0.011 0.013 0.230 0.435 
 326 N _   0.211 0.000 0.001 0.007 0.008 0.012 0.274 0.486 
 327 Q _   0.142 0.000 0.001 0.007 0.005 0.010 0.313 0.522 
 328 D _   0.092 0.000 0.001 0.006 0.004 0.008 0.344 0.545 
 329 L _   0.059 0.000 0.000 0.005 0.003 0.007 0.369 0.556 
 330 E _   0.037 0.000 0.000 0.005 0.002 0.006 0.389 0.561 
 331 E _   0.024 0.000 0.000 0.004 0.002 0.005 0.403 0.562 
 332 K _   0.016 0.000 0.000 0.004 0.001 0.004 0.414 0.561 
 333 N _   0.011 0.000 0.000 0.004 0.001 0.004 0.421 0.559 
 334 E _   0.008 0.000 0.000 0.003 0.001 0.004 0.426 0.558 
 335 N _   0.006 0.001 0.000 0.003 0.001 0.003 0.429 0.557 
 336 Q _   0.004 0.001 0.000 0.003 0.001 0.003 0.430 0.558 
 337 E _   0.003 0.001 0.000 0.003 0.001 0.003 0.430 0.559 
 338 N _   0.003 0.001 0.000 0.003 0.001 0.004 0.428 0.561 
 339 D _   0.003 0.002 0.000 0.003 0.001 0.004 0.424 0.563 
 340 D _   0.003 0.004 0.000 0.003 0.001 0.005 0.419 0.565 
 341 E _   0.003 0.007 0.000 0.004 0.001 0.007 0.412 0.564 
 342 G _   0.004 0.015 0.000 0.007 0.002 0.010 0.401 0.560 
 343 E _   0.006 0.030 0.001 0.011 0.004 0.015 0.387 0.546 
 344 E _   0.008 0.062 0.001 0.018 0.008 0.021 0.367 0.515 
 345 D _   0.010 0.119 0.002 0.027 0.013 0.027 0.340 0.462 
 346 K _   0.012 0.200 0.002 0.038 0.019 0.031 0.309 0.389 
 347 L _   0.012 0.288 0.003 0.048 0.023 0.034 0.279 0.313 
 348 F E   0.012 0.362 0.002 0.055 0.026 0.034 0.256 0.253 
 349 W E   0.012 0.411 0.002 0.061 0.026 0.034 0.239 0.215 
 350 L E   0.012 0.440 0.002 0.065 0.026 0.033 0.228 0.194 
 351 E E   0.012 0.454 0.002 0.067 0.026 0.032 0.221 0.186 
 352 A E   0.013 0.459 0.001 0.068 0.026 0.030 0.217 0.186 
 353 C E   0.014 0.455 0.002 0.066 0.025 0.029 0.214 0.196 
 354 Y E   0.016 0.441 0.002 0.061 0.024 0.027 0.214 0.216 
 355 K E   0.018 0.411 0.002 0.055 0.022 0.025 0.215 0.252 
 356 A E   0.020 0.357 0.002 0.048 0.021 0.024 0.218 0.311 
 357 L _   0.022 0.275 0.002 0.039 0.018 0.023 0.223 0.398 
 358 T _   0.023 0.178 0.002 0.028 0.015 0.022 0.229 0.503 
 359 W _   0.023 0.091 0.002 0.018 0.011 0.020 0.235 0.602 
 360 H _   0.021 0.035 0.001 0.009 0.007 0.018 0.239 0.670 
 361 R _   0.019 0.011 0.000 0.005 0.004 0.017 0.240 0.705 
 362 K _   0.018 0.003 0.000 0.002 0.003 0.016 0.240 0.717 
 363 N _   0.020 0.001 0.000 0.002 0.002 0.017 0.239 0.718 
 364 K _   0.025 0.001 0.000 0.002 0.003 0.020 0.238 0.711 
 365 H _   0.035 0.001 0.000 0.002 0.005 0.025 0.236 0.695 
 366 V _   0.050 0.004 0.001 0.004 0.009 0.033 0.233 0.666 
 367 Q _   0.068 0.011 0.001 0.008 0.017 0.042 0.230 0.623 
 368 E _   0.084 0.028 0.002 0.015 0.027 0.049 0.226 0.569 
 369 A _   0.097 0.050 0.002 0.023 0.036 0.055 0.223 0.514 
 370 A _   0.105 0.071 0.002 0.031 0.042 0.057 0.221 0.470 
 371 C _   0.111 0.087 0.002 0.037 0.046 0.058 0.220 0.440 
 372 W _   0.113 0.097 0.002 0.041 0.047 0.056 0.220 0.424 
 373 A _   0.112 0.101 0.002 0.043 0.045 0.053 0.222 0.421 
 374 L _   0.108 0.101 0.002 0.042 0.042 0.050 0.225 0.430 
 375 N _   0.101 0.098 0.002 0.039 0.037 0.045 0.230 0.449 
 376 N _   0.092 0.090 0.002 0.035 0.030 0.040 0.235 0.476 
 377 L _   0.081 0.078 0.002 0.029 0.024 0.034 0.242 0.511 
 378 L _   0.069 0.063 0.001 0.023 0.017 0.028 0.249 0.549 
 379 M _   0.057 0.047 0.001 0.018 0.012 0.023 0.257 0.585 
 380 Y _   0.045 0.033 0.001 0.014 0.008 0.019 0.263 0.617 
 381 Q _   0.034 0.022 0.001 0.011 0.006 0.015 0.269 0.643 
 382 N _   0.025 0.014 0.001 0.008 0.004 0.012 0.274 0.663 
 383 S _   0.019 0.009 0.000 0.007 0.003 0.010 0.277 0.676 
 384 L _   0.014 0.006 0.000 0.005 0.002 0.008 0.280 0.685 
 385 H _   0.010 0.003 0.000 0.005 0.002 0.006 0.281 0.692 
 386 E _   0.008 0.002 0.000 0.004 0.002 0.005 0.282 0.697 
 387 K _   0.006 0.001 0.000 0.004 0.001 0.005 0.282 0.701 
 388 I _   0.005 0.001 0.000 0.003 0.001 0.005 0.281 0.704 
 389 G _   0.004 0.001 0.000 0.003 0.001 0.005 0.279 0.708 
 390 D _   0.004 0.000 0.000 0.003 0.001 0.005 0.276 0.711 
 391 E _   0.004 0.000 0.000 0.002 0.001 0.006 0.272 0.713 
 392 D _   0.006 0.000 0.000 0.003 0.001 0.008 0.267 0.715 
 393 G _   0.008 0.001 0.000 0.003 0.002 0.011 0.261 0.714 
 394 H _   0.013 0.001 0.000 0.004 0.003 0.017 0.253 0.709 
 395 F _   0.021 0.003 0.001 0.005 0.006 0.026 0.243 0.695 
 396 P _   0.034 0.007 0.001 0.008 0.011 0.038 0.231 0.669 
 397 A _   0.051 0.017 0.001 0.013 0.022 0.052 0.216 0.627 
 398 H _   0.069 0.035 0.002 0.021 0.036 0.065 0.199 0.572 
 399 R _   0.087 0.059 0.003 0.032 0.050 0.076 0.182 0.511 
 400 E _   0.100 0.082 0.003 0.043 0.061 0.082 0.168 0.460 
 401 V _   0.109 0.099 0.003 0.052 0.067 0.084 0.158 0.427 
 402 M _   0.115 0.108 0.003 0.059 0.069 0.083 0.149 0.413 
 403 L _   0.117 0.111 0.003 0.061 0.067 0.080 0.143 0.417 
 404 S _   0.117 0.108 0.003 0.057 0.062 0.074 0.139 0.440 
 405 M _   0.112 0.099 0.003 0.048 0.054 0.067 0.135 0.481 
 406 L _   0.105 0.081 0.003 0.037 0.044 0.060 0.132 0.539 
 407 M _   0.095 0.056 0.002 0.025 0.033 0.053 0.130 0.605 
 408 H _   0.084 0.031 0.002 0.016 0.023 0.045 0.127 0.671 
 409 S _   0.074 0.014 0.001 0.009 0.015 0.039 0.125 0.722 
 410 S _   0.064 0.006 0.001 0.005 0.010 0.034 0.123 0.757 
 411 S _   0.057 0.002 0.001 0.004 0.007 0.031 0.120 0.778 
 412 K _   0.053 0.001 0.001 0.003 0.006 0.029 0.118 0.789 
 413 E _   0.051 0.001 0.001 0.004 0.006 0.029 0.115 0.795 
 414 V _   0.050 0.001 0.001 0.004 0.007 0.029 0.112 0.796 
 415 F _   0.052 0.001 0.001 0.006 0.008 0.030 0.109 0.794 
 416 Q _   0.054 0.002 0.001 0.008 0.010 0.031 0.106 0.788 
 417 A _   0.056 0.003 0.001 0.010 0.012 0.033 0.103 0.782 
 418 S _   0.059 0.004 0.001 0.012 0.015 0.034 0.099 0.775 
 419 A _   0.061 0.005 0.001 0.014 0.017 0.035 0.096 0.770 
 420 N _   0.063 0.006 0.001 0.016 0.018 0.035 0.094 0.767 
 421 A _   0.064 0.007 0.001 0.017 0.018 0.034 0.092 0.767 
 422 L _   0.064 0.007 0.001 0.017 0.018 0.033 0.090 0.770 
 423 S _   0.062 0.007 0.001 0.017 0.017 0.032 0.088 0.777 
 424 T _   0.059 0.006 0.001 0.015 0.015 0.030 0.087 0.787 
 425 L _   0.055 0.005 0.001 0.013 0.013 0.028 0.086 0.800 
 426 L _   0.051 0.004 0.001 0.010 0.010 0.025 0.085 0.814 
 427 E _   0.046 0.002 0.001 0.008 0.008 0.023 0.084 0.826 
 428 Q _   0.042 0.002 0.001 0.006 0.007 0.022 0.083 0.837 
 429 N _   0.038 0.001 0.001 0.005 0.006 0.020 0.082 0.846 
 430 V _   0.036 0.001 0.001 0.005 0.005 0.020 0.081 0.851 
 431 N _   0.035 0.001 0.001 0.004 0.005 0.020 0.080 0.854 
 432 F _   0.035 0.001 0.001 0.005 0.006 0.021 0.079 0.854 
 433 R _   0.036 0.001 0.001 0.005 0.006 0.022 0.078 0.852 
 434 K _   0.038 0.001 0.001 0.005 0.006 0.023 0.076 0.850 
 435 I _   0.039 0.001 0.001 0.006 0.007 0.025 0.075 0.847 
 436 L _   0.041 0.001 0.001 0.006 0.008 0.027 0.073 0.842 
 437 L _   0.045 0.002 0.001 0.006 0.009 0.029 0.072 0.836 
 438 S _   0.049 0.003 0.001 0.007 0.011 0.031 0.070 0.828 
 439 K _   0.054 0.005 0.001 0.008 0.013 0.034 0.069 0.816 
 440 G _   0.059 0.007 0.001 0.010 0.016 0.037 0.067 0.802 
 441 I _   0.063 0.011 0.001 0.014 0.020 0.040 0.066 0.785 
 442 H _   0.066 0.017 0.002 0.019 0.024 0.041 0.064 0.767 
 443 L _   0.067 0.022 0.002 0.026 0.026 0.042 0.063 0.751 
 444 N _   0.067 0.027 0.002 0.032 0.027 0.041 0.063 0.741 
 445 V _   0.065 0.029 0.002 0.036 0.027 0.040 0.063 0.739 
 446 L _   0.060 0.030 0.002 0.037 0.025 0.037 0.063 0.747 
 447 E _   0.054 0.029 0.002 0.035 0.021 0.033 0.063 0.764 
 448 L _   0.046 0.026 0.001 0.029 0.017 0.028 0.064 0.788 
 449 M _   0.039 0.021 0.001 0.022 0.013 0.024 0.064 0.816 
 450 Q _   0.031 0.015 0.001 0.015 0.009 0.020 0.065 0.844 
 451 K _   0.024 0.010 0.001 0.010 0.006 0.016 0.065 0.868 
 452 H _   0.019 0.006 0.000 0.006 0.004 0.013 0.065 0.886 
 453 I _   0.015 0.005 0.000 0.004 0.003 0.012 0.065 0.897 
 454 H _   0.012 0.004 0.000 0.004 0.003 0.011 0.064 0.902 
 455 S _   0.011 0.004 0.000 0.004 0.003 0.011 0.063 0.904 
 456 P _   0.011 0.005 0.000 0.005 0.003 0.012 0.062 0.902 
 457 E _   0.012 0.008 0.000 0.007 0.004 0.014 0.060 0.896 
 458 V _   0.013 0.012 0.001 0.009 0.005 0.016 0.058 0.885 
 459 A _   0.014 0.019 0.001 0.013 0.007 0.018 0.056 0.871 
 460 E _   0.014 0.028 0.001 0.018 0.009 0.021 0.054 0.854 
 461 S _   0.015 0.038 0.001 0.024 0.012 0.023 0.051 0.836 
 462 G _   0.016 0.047 0.001 0.029 0.014 0.025 0.048 0.820 
 463 C _   0.017 0.055 0.001 0.034 0.016 0.026 0.046 0.806 
 464 K _   0.017 0.059 0.001 0.038 0.017 0.027 0.044 0.796 
 465 M _   0.018 0.062 0.001 0.041 0.017 0.027 0.043 0.791 
 466 L _   0.018 0.062 0.001 0.042 0.017 0.026 0.041 0.793 
 467 N _   0.018 0.059 0.001 0.039 0.016 0.025 0.041 0.800 
 468 H _   0.018 0.053 0.001 0.035 0.014 0.023 0.040 0.815 
 469 L _   0.018 0.045 0.001 0.028 0.012 0.021 0.040 0.835 
 470 F _   0.018 0.033 0.001 0.021 0.009 0.020 0.040 0.859 
 471 E _   0.018 0.021 0.001 0.014 0.007 0.018 0.039 0.881 
 472 G _   0.020 0.011 0.001 0.009 0.005 0.017 0.039 0.898 
 473 S _   0.023 0.005 0.000 0.005 0.004 0.017 0.038 0.908 
 474 N _   0.028 0.002 0.000 0.003 0.004 0.018 0.037 0.908 
 475 T _   0.037 0.001 0.000 0.003 0.004 0.020 0.036 0.899 
 476 S _   0.052 0.000 0.001 0.003 0.005 0.024 0.035 0.880 
 477 L _   0.072 0.000 0.001 0.003 0.008 0.029 0.034 0.853 
 478 D _   0.098 0.001 0.001 0.005 0.012 0.036 0.032 0.816 
 479 I _   0.126 0.002 0.001 0.007 0.018 0.043 0.031 0.772 
 480 M _   0.153 0.003 0.002 0.010 0.025 0.049 0.030 0.728 
 481 A _   0.175 0.006 0.002 0.014 0.032 0.054 0.029 0.688 
 482 A _   0.194 0.009 0.002 0.017 0.037 0.057 0.028 0.656 
 483 V _   0.205 0.011 0.002 0.020 0.041 0.058 0.027 0.636 
 484 V _   0.210 0.013 0.002 0.022 0.042 0.057 0.027 0.627 
 485 P _   0.208 0.013 0.002 0.023 0.041 0.055 0.027 0.630 
 486 K _   0.201 0.013 0.002 0.022 0.038 0.052 0.027 0.644 
 487 I _   0.189 0.012 0.002 0.021 0.034 0.048 0.028 0.667 
 488 L _   0.171 0.011 0.002 0.020 0.028 0.043 0.028 0.697 
 489 T _   0.150 0.008 0.002 0.017 0.022 0.037 0.029 0.735 
 490 V _   0.127 0.006 0.001 0.013 0.016 0.031 0.030 0.775 
 491 M _   0.106 0.004 0.001 0.010 0.011 0.026 0.030 0.812 
 492 K _   0.088 0.002 0.001 0.007 0.008 0.022 0.030 0.843 
 493 R _   0.074 0.001 0.001 0.005 0.005 0.018 0.030 0.866 
 494 H _   0.066 0.000 0.000 0.003 0.004 0.015 0.030 0.881 
 495 E _   0.064 0.000 0.000 0.002 0.003 0.014 0.030 0.887 
 496 T _   0.068 0.000 0.000 0.002 0.003 0.013 0.029 0.885 
 497 S _   0.082 0.000 0.000 0.002 0.003 0.014 0.028 0.872 
 498 L _   0.106 0.000 0.000 0.002 0.004 0.015 0.027 0.846 
 499 P _   0.146 0.000 0.001 0.002 0.005 0.018 0.025 0.803 
 500 V _   0.202 0.000 0.001 0.002 0.008 0.022 0.023 0.743 
 501 Q _   0.270 0.000 0.001 0.002 0.011 0.026 0.022 0.668 
 502 L _   0.345 0.000 0.001 0.002 0.017 0.031 0.020 0.583 
 503 E _   0.421 0.000 0.002 0.003 0.024 0.035 0.019 0.497 
 504 A H   0.487 0.000 0.002 0.003 0.031 0.038 0.018 0.422 
 505 L H   0.538 0.000 0.002 0.003 0.037 0.039 0.017 0.362 
 506 R H   0.575 0.001 0.002 0.004 0.042 0.040 0.018 0.319 
 507 A H   0.596 0.001 0.002 0.005 0.045 0.039 0.018 0.293 
 508 I H   0.602 0.002 0.002 0.007 0.047 0.038 0.020 0.282 
 509 L H   0.594 0.003 0.002 0.009 0.046 0.037 0.021 0.288 
 510 H H   0.568 0.003 0.002 0.011 0.044 0.035 0.024 0.312 
 511 F H   0.525 0.003 0.003 0.013 0.040 0.032 0.027 0.357 
 512 I H   0.466 0.003 0.002 0.013 0.034 0.029 0.031 0.420 
 513 V _   0.395 0.003 0.002 0.013 0.026 0.026 0.036 0.498 
 514 P _   0.317 0.002 0.002 0.012 0.019 0.022 0.041 0.585 
 515 G _   0.240 0.001 0.001 0.010 0.012 0.018 0.046 0.671 
 516 M _   0.171 0.001 0.001 0.007 0.008 0.015 0.050 0.748 
 517 P _   0.116 0.001 0.001 0.005 0.005 0.012 0.053 0.808 
 518 E _   0.074 0.000 0.000 0.004 0.003 0.009 0.055 0.853 
 519 E _   0.045 0.000 0.000 0.003 0.002 0.008 0.057 0.884 
 520 S _   0.027 0.000 0.000 0.003 0.002 0.007 0.058 0.904 
 521 R _   0.017 0.000 0.000 0.003 0.002 0.006 0.058 0.914 
 522 E _   0.011 0.001 0.000 0.003 0.002 0.006 0.058 0.919 
 523 D _   0.009 0.002 0.000 0.004 0.002 0.007 0.057 0.919 
 524 T _   0.008 0.003 0.000 0.006 0.002 0.008 0.056 0.916 
 525 E _   0.007 0.006 0.000 0.009 0.003 0.009 0.055 0.910 
 526 F _   0.007 0.011 0.001 0.012 0.004 0.011 0.053 0.900 
 527 H _   0.007 0.017 0.001 0.017 0.005 0.013 0.051 0.889 
 528 H _   0.007 0.023 0.001 0.023 0.007 0.014 0.049 0.877 
 529 K _   0.008 0.028 0.001 0.028 0.008 0.015 0.048 0.866 
 530 L _   0.008 0.031 0.001 0.032 0.009 0.016 0.046 0.858 
 531 N _   0.008 0.034 0.001 0.033 0.009 0.017 0.044 0.854 
 532 M _   0.008 0.034 0.001 0.033 0.009 0.017 0.043 0.854 
 533 V _   0.009 0.033 0.001 0.030 0.009 0.017 0.043 0.859 
 534 K _   0.009 0.030 0.001 0.026 0.008 0.016 0.042 0.867 
 535 K _   0.010 0.026 0.001 0.021 0.007 0.016 0.042 0.878 
 536 Q _   0.010 0.020 0.001 0.015 0.006 0.016 0.042 0.890 
 537 C _   0.011 0.015 0.001 0.011 0.005 0.016 0.041 0.900 
 538 F _   0.012 0.012 0.000 0.008 0.004 0.017 0.041 0.906 
 539 K _   0.014 0.010 0.000 0.006 0.004 0.018 0.040 0.907 
 540 N _   0.017 0.009 0.001 0.006 0.005 0.021 0.039 0.902 
 541 D _   0.022 0.010 0.001 0.006 0.007 0.024 0.039 0.891 
 542 I _   0.029 0.012 0.001 0.009 0.010 0.029 0.038 0.873 
 543 H _   0.036 0.016 0.001 0.013 0.014 0.033 0.036 0.850 
 544 K _   0.042 0.022 0.001 0.020 0.019 0.037 0.035 0.823 
 545 L _   0.047 0.029 0.002 0.027 0.024 0.040 0.034 0.797 
 546 V _   0.051 0.035 0.002 0.034 0.027 0.042 0.033 0.777 
 547 L _   0.053 0.039 0.002 0.039 0.028 0.041 0.033 0.766 
 548 A _   0.053 0.040 0.002 0.041 0.028 0.040 0.033 0.765 
 549 A _   0.052 0.039 0.002 0.039 0.026 0.037 0.033 0.774 
 550 L _   0.049 0.035 0.002 0.034 0.022 0.034 0.033 0.792 
 551 N _   0.045 0.028 0.001 0.027 0.018 0.030 0.033 0.817 
 552 R _   0.041 0.020 0.001 0.020 0.013 0.026 0.034 0.846 
 553 F _   0.036 0.012 0.001 0.013 0.009 0.022 0.034 0.873 
 554 I _   0.032 0.006 0.001 0.008 0.006 0.019 0.034 0.894 
 555 G _   0.029 0.002 0.000 0.005 0.004 0.017 0.034 0.908 
 556 N _   0.028 0.001 0.000 0.003 0.003 0.016 0.033 0.914 
 557 P _   0.030 0.000 0.000 0.002 0.003 0.017 0.033 0.914 
 558 G _   0.036 0.000 0.000 0.002 0.003 0.018 0.032 0.908 
 559 I _   0.045 0.000 0.000 0.002 0.004 0.022 0.031 0.896 
 560 Q _   0.058 0.000 0.001 0.003 0.006 0.027 0.030 0.877 
 561 K _   0.074 0.000 0.001 0.004 0.009 0.033 0.028 0.851 
 562 C _   0.093 0.001 0.001 0.005 0.014 0.040 0.027 0.819 
 563 G _   0.113 0.001 0.001 0.008 0.020 0.046 0.025 0.785 
 564 L _   0.131 0.002 0.002 0.011 0.027 0.052 0.024 0.750 
 565 K _   0.148 0.004 0.002 0.014 0.033 0.057 0.023 0.719 
 566 V _   0.163 0.005 0.002 0.017 0.037 0.060 0.022 0.695 
 567 I _   0.174 0.005 0.002 0.019 0.039 0.061 0.021 0.679 
 568 S _   0.182 0.005 0.002 0.018 0.039 0.061 0.020 0.673 
 569 S _   0.186 0.005 0.002 0.017 0.036 0.060 0.020 0.675 
 570 I _   0.188 0.004 0.002 0.014 0.033 0.058 0.019 0.682 
 571 V _   0.189 0.003 0.002 0.011 0.028 0.055 0.019 0.694 
 572 H _   0.188 0.002 0.002 0.008 0.024 0.053 0.019 0.706 
 573 F _   0.185 0.001 0.001 0.006 0.020 0.050 0.018 0.718 
 574 P _   0.183 0.001 0.001 0.005 0.017 0.049 0.018 0.727 
 575 D _   0.183 0.000 0.001 0.004 0.015 0.047 0.018 0.731 
 576 A _   0.183 0.000 0.001 0.004 0.015 0.047 0.018 0.732 
 577 L _   0.184 0.000 0.001 0.004 0.015 0.047 0.018 0.731 
 578 E _   0.185 0.000 0.001 0.005 0.016 0.048 0.018 0.727 
 579 M _   0.188 0.001 0.001 0.006 0.018 0.048 0.018 0.721 
 580 L _   0.189 0.001 0.001 0.006 0.019 0.049 0.018 0.716 
 581 S _   0.189 0.002 0.001 0.007 0.021 0.050 0.018 0.712 
 582 L _   0.187 0.003 0.001 0.008 0.023 0.050 0.018 0.710 
 583 E _   0.184 0.004 0.001 0.009 0.024 0.050 0.018 0.709 
 584 G _   0.180 0.005 0.002 0.011 0.026 0.049 0.018 0.709 
 585 A _   0.173 0.007 0.002 0.013 0.027 0.048 0.018 0.711 
 586 M _   0.165 0.009 0.002 0.016 0.027 0.047 0.019 0.715 
 587 D _   0.154 0.011 0.002 0.020 0.027 0.044 0.019 0.723 
 588 S _   0.142 0.013 0.002 0.023 0.026 0.041 0.020 0.733 
 589 V _   0.127 0.014 0.002 0.026 0.023 0.038 0.021 0.749 
 590 L _   0.110 0.014 0.002 0.027 0.020 0.033 0.022 0.772 
 591 H _   0.093 0.013 0.001 0.025 0.016 0.028 0.023 0.801 
 592 T _   0.076 0.010 0.001 0.020 0.012 0.023 0.024 0.833 
 593 L _   0.061 0.007 0.001 0.015 0.008 0.018 0.024 0.865 
 594 Q _   0.049 0.004 0.001 0.009 0.005 0.014 0.025 0.894 
 595 M _   0.039 0.002 0.000 0.005 0.003 0.010 0.025 0.916 
 596 Y _   0.033 0.000 0.000 0.002 0.002 0.008 0.024 0.930 
 597 P _   0.032 0.000 0.000 0.001 0.001 0.007 0.023 0.935 
 598 D _   0.037 0.000 0.000 0.001 0.001 0.007 0.022 0.931 
 599 D _   0.054 0.000 0.000 0.001 0.002 0.008 0.021 0.914 
 600 Q _   0.089 0.000 0.000 0.001 0.003 0.012 0.019 0.876 
 601 E _   0.153 0.000 0.001 0.001 0.005 0.017 0.017 0.806 
 602 I _   0.242 0.000 0.001 0.002 0.010 0.024 0.014 0.708 
 603 Q _   0.343 0.000 0.001 0.002 0.017 0.031 0.012 0.593 
 604 C _   0.437 0.000 0.002 0.003 0.027 0.038 0.009 0.483 
 605 L H   0.514 0.001 0.002 0.005 0.036 0.042 0.008 0.392 
 606 G H   0.572 0.001 0.002 0.007 0.044 0.044 0.006 0.324 
 607 L H   0.611 0.002 0.002 0.008 0.047 0.043 0.006 0.281 
 608 S H   0.633 0.002 0.002 0.009 0.048 0.041 0.005 0.259 
 609 L H   0.643 0.002 0.002 0.009 0.046 0.038 0.005 0.255 
 610 I H   0.642 0.002 0.002 0.008 0.042 0.034 0.004 0.266 
 611 G H   0.629 0.001 0.002 0.006 0.035 0.030 0.004 0.292 
 612 Y H   0.606 0.001 0.002 0.004 0.028 0.026 0.004 0.329 
 613 L H   0.574 0.000 0.001 0.003 0.020 0.022 0.004 0.376 
 614 I H   0.539 0.000 0.001 0.002 0.013 0.019 0.004 0.422 
 615 T H   0.508 0.000 0.001 0.001 0.009 0.016 0.004 0.461 
 616 K _   0.485 0.000 0.001 0.001 0.006 0.015 0.004 0.489 
 617 K _   0.475 0.000 0.001 0.001 0.005 0.014 0.004 0.502 
 618 N _   0.479 0.000 0.001 0.001 0.005 0.014 0.003 0.498 
 619 V H   0.497 0.000 0.001 0.001 0.006 0.014 0.003 0.478 
 620 F H   0.527 0.000 0.001 0.001 0.007 0.015 0.003 0.446 
 621 I H   0.567 0.000 0.001 0.001 0.010 0.017 0.003 0.403 
 622 G H   0.611 0.000 0.001 0.001 0.013 0.018 0.002 0.354 
 623 T H   0.651 0.000 0.001 0.001 0.017 0.019 0.002 0.309 
 624 G H   0.683 0.000 0.001 0.002 0.021 0.020 0.002 0.271 
 625 H H   0.707 0.000 0.001 0.002 0.024 0.020 0.002 0.243 
 626 L H   0.721 0.000 0.001 0.002 0.026 0.021 0.002 0.227 
 627 L H   0.724 0.000 0.001 0.002 0.027 0.020 0.002 0.222 
 628 A H   0.716 0.000 0.002 0.003 0.028 0.020 0.002 0.229 
 629 K H   0.697 0.000 0.002 0.003 0.027 0.020 0.003 0.249 
 630 I H   0.666 0.000 0.002 0.003 0.026 0.020 0.003 0.281 
 631 L H   0.622 0.000 0.002 0.003 0.024 0.019 0.004 0.327 
 632 V H   0.566 0.000 0.002 0.003 0.021 0.019 0.005 0.385 
 633 S H   0.502 0.000 0.001 0.003 0.017 0.018 0.005 0.452 
 634 S _   0.433 0.000 0.001 0.004 0.014 0.017 0.006 0.525 
 635 L _   0.365 0.000 0.001 0.003 0.011 0.016 0.007 0.596 
 636 Y _   0.303 0.000 0.001 0.003 0.009 0.015 0.008 0.661 
 637 R _   0.252 0.000 0.001 0.003 0.007 0.014 0.009 0.714 
 638 F _   0.213 0.000 0.001 0.003 0.005 0.013 0.009 0.756 
 639 K _   0.186 0.000 0.001 0.002 0.005 0.013 0.010 0.784 
 640 D _   0.170 0.000 0.000 0.002 0.004 0.013 0.010 0.801 
 641 V _   0.166 0.000 0.000 0.002 0.004 0.013 0.010 0.805 
 642 A _   0.172 0.000 0.000 0.002 0.004 0.014 0.010 0.799 
 643 E _   0.190 0.000 0.001 0.002 0.004 0.015 0.009 0.779 
 644 I _   0.222 0.000 0.001 0.002 0.006 0.017 0.009 0.744 
 645 Q _   0.265 0.000 0.001 0.002 0.008 0.021 0.008 0.696 
 646 T _   0.320 0.000 0.001 0.002 0.011 0.024 0.007 0.635 
 647 K _   0.385 0.000 0.001 0.002 0.015 0.028 0.006 0.562 
 648 G _   0.450 0.000 0.001 0.003 0.021 0.032 0.006 0.488 
 649 F H   0.511 0.000 0.002 0.003 0.026 0.035 0.005 0.418 
 650 Q H   0.562 0.000 0.002 0.004 0.031 0.036 0.005 0.360 
 651 T H   0.600 0.000 0.002 0.004 0.034 0.037 0.004 0.318 
 652 I H   0.627 0.000 0.002 0.004 0.036 0.036 0.004 0.290 
 653 L H   0.641 0.001 0.002 0.005 0.037 0.035 0.005 0.276 
 654 A H   0.645 0.001 0.002 0.005 0.036 0.034 0.005 0.273 
 655 I H   0.639 0.001 0.002 0.005 0.034 0.032 0.005 0.283 
 656 L H   0.623 0.000 0.002 0.004 0.031 0.030 0.006 0.304 
 657 K H   0.597 0.000 0.002 0.004 0.027 0.029 0.006 0.335 
 658 L H   0.563 0.000 0.001 0.003 0.023 0.027 0.007 0.375 
 659 S H   0.522 0.000 0.001 0.003 0.019 0.026 0.008 0.420 
 660 A H   0.480 0.000 0.001 0.003 0.016 0.025 0.009 0.466 
 661 S _   0.437 0.000 0.001 0.003 0.013 0.025 0.010 0.511 
 662 F _   0.398 0.000 0.001 0.003 0.011 0.024 0.011 0.552 
 663 S _   0.364 0.000 0.001 0.003 0.010 0.024 0.012 0.586 
