#TopoPred_TM8: 8-state transmembrane topology prediction results by no_profile mode 
#probabilities are in the order of H E C I L F X _, the 8 transmembrane topology types used in PDBTM 
   1 M X   0.019 0.002 0.003 0.068 0.013 0.019 0.689 0.188 
   2 F X   0.011 0.001 0.000 0.054 0.004 0.015 0.708 0.207 
   3 P X   0.007 0.001 0.000 0.044 0.002 0.014 0.712 0.219 
   4 L X   0.008 0.002 0.000 0.040 0.003 0.015 0.708 0.224 
   5 I X   0.009 0.003 0.000 0.038 0.004 0.018 0.699 0.228 
   6 G X   0.011 0.004 0.001 0.037 0.006 0.019 0.687 0.235 
   7 K X   0.013 0.005 0.001 0.036 0.007 0.019 0.675 0.244 
   8 T X   0.014 0.006 0.001 0.034 0.007 0.018 0.663 0.256 
   9 I X   0.013 0.006 0.001 0.031 0.007 0.017 0.653 0.272 
  10 I X   0.012 0.006 0.001 0.026 0.006 0.014 0.644 0.291 
  11 F X   0.010 0.006 0.001 0.020 0.005 0.012 0.635 0.312 
  12 D X   0.008 0.005 0.000 0.014 0.004 0.009 0.627 0.332 
  13 N X   0.006 0.003 0.000 0.009 0.003 0.007 0.620 0.351 
  14 F X   0.005 0.002 0.000 0.005 0.002 0.006 0.612 0.367 
  15 P X   0.004 0.002 0.000 0.003 0.001 0.005 0.604 0.380 
  16 D X   0.003 0.002 0.000 0.002 0.001 0.005 0.595 0.391 
  17 P X   0.003 0.002 0.000 0.002 0.001 0.005 0.585 0.401 
  18 S X   0.004 0.003 0.000 0.003 0.002 0.006 0.573 0.408 
  19 D X   0.005 0.006 0.000 0.005 0.003 0.008 0.559 0.413 
  20 T X   0.006 0.013 0.001 0.009 0.005 0.011 0.542 0.414 
  21 W X   0.007 0.026 0.001 0.014 0.007 0.014 0.521 0.409 
  22 E X   0.008 0.045 0.001 0.020 0.009 0.017 0.499 0.400 
  23 I X   0.008 0.065 0.001 0.026 0.011 0.018 0.477 0.392 
  24 T X   0.008 0.083 0.001 0.031 0.012 0.020 0.458 0.387 
  25 E X   0.008 0.096 0.001 0.034 0.013 0.020 0.441 0.386 
  26 T X   0.009 0.106 0.001 0.034 0.013 0.021 0.426 0.389 
  27 I X   0.009 0.113 0.001 0.034 0.013 0.021 0.414 0.395 
  28 G X   0.009 0.116 0.001 0.033 0.013 0.021 0.403 0.403 
  29 K _   0.010 0.119 0.001 0.032 0.013 0.021 0.394 0.411 
  30 G _   0.010 0.120 0.001 0.031 0.012 0.020 0.387 0.419 
  31 T _   0.010 0.119 0.001 0.031 0.012 0.019 0.380 0.428 
  32 Y _   0.010 0.117 0.001 0.031 0.011 0.018 0.375 0.436 
  33 G _   0.010 0.114 0.001 0.031 0.010 0.017 0.371 0.446 
  34 K _   0.010 0.109 0.001 0.029 0.009 0.016 0.368 0.459 
  35 V _   0.009 0.101 0.001 0.027 0.008 0.014 0.365 0.475 
  36 F _   0.009 0.090 0.001 0.024 0.007 0.013 0.363 0.494 
  37 K _   0.008 0.076 0.001 0.020 0.006 0.011 0.361 0.517 
  38 V _   0.007 0.060 0.001 0.015 0.005 0.009 0.360 0.542 
  39 L _   0.007 0.045 0.001 0.011 0.004 0.008 0.358 0.567 
  40 N _   0.006 0.033 0.000 0.008 0.003 0.007 0.356 0.587 
  41 K _   0.005 0.024 0.000 0.006 0.002 0.006 0.353 0.603 
  42 K _   0.005 0.019 0.000 0.005 0.002 0.006 0.350 0.614 
  43 N _   0.004 0.017 0.000 0.004 0.002 0.006 0.346 0.621 
  44 G _   0.004 0.016 0.000 0.005 0.002 0.006 0.341 0.625 
  45 Q _   0.005 0.016 0.000 0.007 0.002 0.007 0.336 0.627 
  46 K _   0.005 0.017 0.000 0.010 0.003 0.008 0.330 0.627 
  47 A _   0.005 0.019 0.000 0.013 0.004 0.009 0.324 0.626 
  48 A _   0.006 0.020 0.001 0.017 0.005 0.009 0.318 0.625 
  49 V _   0.006 0.021 0.001 0.019 0.005 0.010 0.313 0.626 
  50 K _   0.006 0.021 0.001 0.020 0.005 0.010 0.308 0.630 
  51 I _   0.006 0.020 0.001 0.019 0.005 0.009 0.304 0.637 
  52 L _   0.006 0.018 0.001 0.016 0.004 0.009 0.300 0.646 
  53 D _   0.005 0.015 0.000 0.012 0.004 0.008 0.297 0.658 
  54 P _   0.005 0.013 0.000 0.009 0.003 0.007 0.294 0.669 
  55 I _   0.005 0.010 0.000 0.006 0.002 0.007 0.290 0.679 
  56 H _   0.005 0.009 0.000 0.005 0.002 0.007 0.286 0.686 
  57 D _   0.005 0.008 0.000 0.004 0.002 0.008 0.282 0.691 
  58 I _   0.006 0.009 0.000 0.004 0.002 0.009 0.277 0.693 
  59 D _   0.007 0.010 0.000 0.006 0.003 0.012 0.271 0.691 
  60 E _   0.009 0.015 0.001 0.009 0.005 0.015 0.264 0.684 
  61 E _   0.011 0.024 0.001 0.014 0.007 0.018 0.255 0.671 
  62 I _   0.012 0.037 0.001 0.022 0.010 0.021 0.245 0.651 
  63 E _   0.013 0.052 0.001 0.031 0.013 0.024 0.235 0.630 
  64 A _   0.014 0.065 0.001 0.040 0.016 0.026 0.226 0.613 
  65 E _   0.014 0.074 0.001 0.046 0.017 0.026 0.219 0.603 
  66 Y _   0.014 0.078 0.001 0.049 0.017 0.026 0.213 0.602 
  67 N _   0.014 0.079 0.001 0.048 0.017 0.025 0.208 0.608 
  68 I _   0.014 0.077 0.001 0.044 0.015 0.024 0.205 0.621 
  69 L _   0.014 0.071 0.001 0.036 0.013 0.022 0.202 0.642 
  70 K _   0.013 0.061 0.001 0.027 0.010 0.020 0.200 0.667 
  71 A _   0.013 0.049 0.001 0.019 0.008 0.019 0.199 0.693 
  72 L _   0.012 0.039 0.001 0.012 0.006 0.017 0.197 0.716 
  73 S _   0.012 0.032 0.001 0.008 0.005 0.017 0.195 0.731 
  74 D _   0.013 0.028 0.000 0.006 0.004 0.017 0.192 0.738 
  75 H _   0.014 0.028 0.000 0.006 0.005 0.019 0.190 0.738 
  76 P _   0.017 0.030 0.001 0.008 0.006 0.021 0.186 0.731 
  77 N _   0.020 0.037 0.001 0.012 0.009 0.024 0.182 0.714 
  78 V _   0.023 0.049 0.001 0.021 0.013 0.027 0.178 0.688 
  79 V _   0.025 0.064 0.001 0.033 0.017 0.029 0.174 0.657 
  80 R _   0.026 0.077 0.002 0.044 0.020 0.030 0.170 0.631 
  81 F _   0.025 0.085 0.002 0.054 0.021 0.029 0.167 0.617 
  82 Y _   0.024 0.088 0.002 0.058 0.020 0.028 0.166 0.615 
  83 G _   0.022 0.086 0.001 0.056 0.018 0.025 0.165 0.625 
  84 I _   0.020 0.079 0.001 0.049 0.015 0.022 0.166 0.647 
  85 Y _   0.017 0.066 0.001 0.038 0.012 0.018 0.167 0.680 
  86 F _   0.014 0.047 0.001 0.026 0.008 0.015 0.168 0.721 
  87 K _   0.012 0.027 0.001 0.015 0.005 0.012 0.169 0.760 
  88 K _   0.010 0.012 0.000 0.008 0.003 0.009 0.170 0.789 
  89 D _   0.008 0.004 0.000 0.004 0.002 0.008 0.169 0.806 
  90 K _   0.007 0.001 0.000 0.002 0.001 0.007 0.167 0.814 
  91 V _   0.008 0.000 0.000 0.001 0.001 0.008 0.165 0.816 
  92 N _   0.011 0.000 0.000 0.001 0.002 0.011 0.162 0.812 
  93 G _   0.018 0.000 0.000 0.002 0.003 0.017 0.158 0.802 
  94 D _   0.030 0.001 0.000 0.003 0.005 0.025 0.153 0.781 
  95 K _   0.046 0.003 0.001 0.007 0.011 0.037 0.147 0.748 
  96 L _   0.063 0.007 0.001 0.014 0.020 0.049 0.140 0.705 
  97 W _   0.080 0.014 0.002 0.022 0.030 0.060 0.132 0.659 
  98 L _   0.094 0.021 0.002 0.031 0.040 0.068 0.125 0.618 
  99 V _   0.105 0.026 0.002 0.037 0.047 0.073 0.119 0.591 
 100 L _   0.114 0.028 0.002 0.039 0.050 0.075 0.114 0.578 
 101 E _   0.120 0.028 0.003 0.037 0.051 0.075 0.110 0.577 
 102 L _   0.123 0.026 0.003 0.031 0.049 0.072 0.107 0.588 
 103 C _   0.126 0.022 0.002 0.024 0.044 0.069 0.105 0.608 
 104 S _   0.125 0.018 0.002 0.018 0.038 0.065 0.103 0.632 
 105 G _   0.121 0.013 0.002 0.013 0.031 0.060 0.102 0.658 
 106 G _   0.116 0.010 0.001 0.010 0.026 0.056 0.101 0.680 
 107 S _   0.110 0.008 0.001 0.009 0.022 0.052 0.100 0.697 
 108 V _   0.103 0.007 0.001 0.010 0.020 0.048 0.100 0.711 
 109 T _   0.096 0.007 0.001 0.011 0.018 0.045 0.099 0.721 
 110 D _   0.088 0.008 0.001 0.014 0.017 0.041 0.099 0.731 
 111 L _   0.080 0.008 0.001 0.016 0.016 0.038 0.099 0.742 
 112 V _   0.070 0.008 0.001 0.018 0.015 0.034 0.099 0.754 
 113 K _   0.061 0.008 0.001 0.019 0.013 0.030 0.100 0.769 
 114 G _   0.052 0.007 0.001 0.017 0.011 0.026 0.100 0.787 
 115 F _   0.044 0.005 0.001 0.014 0.009 0.022 0.100 0.805 
 116 L _   0.037 0.004 0.001 0.010 0.006 0.018 0.100 0.823 
 117 K _   0.033 0.002 0.001 0.007 0.005 0.015 0.100 0.838 
 118 R _   0.030 0.001 0.000 0.004 0.003 0.013 0.099 0.848 
 119 G _   0.031 0.000 0.000 0.003 0.003 0.012 0.098 0.853 
 120 E _   0.036 0.000 0.000 0.002 0.002 0.012 0.096 0.851 
 121 R _   0.048 0.000 0.000 0.002 0.003 0.014 0.094 0.840 
 122 M _   0.069 0.000 0.000 0.002 0.004 0.017 0.092 0.817 
 123 S _   0.104 0.000 0.001 0.002 0.005 0.021 0.089 0.778 
 124 E _   0.153 0.000 0.001 0.002 0.009 0.028 0.086 0.720 
 125 P _   0.213 0.000 0.001 0.003 0.015 0.036 0.083 0.649 
 126 L _   0.277 0.000 0.001 0.004 0.024 0.044 0.080 0.569 
 127 I _   0.337 0.001 0.002 0.005 0.035 0.051 0.077 0.491 
 128 A _   0.387 0.002 0.002 0.007 0.046 0.056 0.075 0.423 
 129 Y H   0.423 0.005 0.002 0.009 0.056 0.059 0.075 0.371 
 130 I H   0.446 0.007 0.003 0.012 0.062 0.060 0.075 0.336 
 131 L H   0.456 0.009 0.003 0.014 0.065 0.059 0.076 0.318 
 132 H H   0.454 0.011 0.003 0.017 0.065 0.056 0.079 0.315 
 133 E H   0.439 0.012 0.003 0.019 0.063 0.053 0.082 0.329 
 134 A H   0.413 0.012 0.003 0.020 0.057 0.049 0.087 0.360 
 135 L _   0.374 0.012 0.003 0.020 0.049 0.044 0.093 0.406 
 136 M _   0.324 0.010 0.003 0.018 0.039 0.039 0.100 0.468 
 137 G _   0.269 0.008 0.002 0.016 0.028 0.033 0.107 0.536 
 138 L _   0.211 0.005 0.002 0.013 0.019 0.027 0.115 0.607 
 139 Q _   0.156 0.004 0.001 0.011 0.012 0.022 0.123 0.671 
 140 H _   0.110 0.002 0.001 0.008 0.008 0.017 0.129 0.724 
 141 L _   0.074 0.001 0.001 0.007 0.005 0.014 0.135 0.764 
 142 H _   0.049 0.001 0.000 0.005 0.004 0.011 0.139 0.791 
 143 N _   0.032 0.001 0.000 0.005 0.003 0.009 0.142 0.809 
 144 N _   0.021 0.000 0.000 0.004 0.002 0.007 0.144 0.821 
 145 K _   0.014 0.000 0.000 0.004 0.002 0.006 0.145 0.828 
 146 T _   0.010 0.000 0.000 0.003 0.002 0.006 0.146 0.832 
 147 I _   0.008 0.001 0.000 0.003 0.001 0.006 0.146 0.835 
 148 H _   0.007 0.001 0.000 0.003 0.002 0.006 0.146 0.836 
 149 R _   0.006 0.001 0.000 0.004 0.002 0.006 0.145 0.837 
 150 D _   0.006 0.002 0.000 0.004 0.002 0.007 0.143 0.836 
 151 V _   0.006 0.004 0.000 0.005 0.002 0.009 0.141 0.833 
 152 K _   0.007 0.007 0.000 0.006 0.003 0.012 0.138 0.826 
 153 G _   0.009 0.013 0.001 0.009 0.005 0.015 0.135 0.814 
 154 N _   0.011 0.024 0.001 0.012 0.007 0.019 0.130 0.796 
 155 N _   0.014 0.040 0.001 0.016 0.010 0.024 0.126 0.770 
 156 I _   0.016 0.060 0.001 0.022 0.013 0.028 0.121 0.739 
 157 L _   0.019 0.081 0.001 0.027 0.016 0.032 0.117 0.707 
 158 L _   0.021 0.100 0.001 0.031 0.019 0.035 0.113 0.680 
 159 T _   0.022 0.113 0.001 0.033 0.020 0.038 0.109 0.662 
 160 T _   0.024 0.123 0.002 0.034 0.021 0.039 0.107 0.650 
 161 E _   0.026 0.130 0.002 0.033 0.022 0.040 0.105 0.643 
 162 G _   0.027 0.133 0.001 0.030 0.022 0.041 0.103 0.642 
 163 G _   0.029 0.135 0.001 0.027 0.021 0.041 0.102 0.643 
 164 V _   0.032 0.136 0.001 0.024 0.020 0.041 0.102 0.645 
 165 K _   0.033 0.136 0.001 0.022 0.019 0.041 0.101 0.646 
 166 L _   0.035 0.136 0.001 0.021 0.019 0.040 0.101 0.647 
 167 V _   0.035 0.136 0.001 0.021 0.019 0.039 0.101 0.646 
 168 D _   0.035 0.137 0.001 0.023 0.019 0.038 0.101 0.646 
 169 F _   0.035 0.137 0.001 0.026 0.019 0.036 0.102 0.645 
 170 G _   0.034 0.136 0.001 0.028 0.018 0.034 0.102 0.646 
 171 V _   0.032 0.134 0.001 0.030 0.017 0.032 0.104 0.650 
 172 S _   0.030 0.129 0.001 0.031 0.016 0.029 0.105 0.658 
 173 A _   0.028 0.121 0.001 0.030 0.014 0.026 0.107 0.672 
 174 Q _   0.025 0.108 0.001 0.028 0.012 0.023 0.109 0.693 
 175 L _   0.022 0.091 0.001 0.024 0.010 0.020 0.112 0.720 
 176 T _   0.019 0.070 0.001 0.019 0.008 0.017 0.115 0.751 
 177 S _   0.016 0.049 0.001 0.014 0.006 0.015 0.117 0.782 
 178 T _   0.013 0.031 0.001 0.010 0.005 0.013 0.119 0.808 
 179 R _   0.011 0.020 0.000 0.006 0.003 0.011 0.121 0.828 
 180 H _   0.009 0.013 0.000 0.004 0.002 0.010 0.121 0.839 
 181 R _   0.009 0.010 0.000 0.003 0.002 0.010 0.122 0.844 
 182 R _   0.008 0.009 0.000 0.003 0.002 0.010 0.122 0.845 
 183 N _   0.009 0.010 0.000 0.003 0.002 0.012 0.121 0.842 
 184 T _   0.011 0.013 0.000 0.005 0.004 0.015 0.120 0.833 
 185 S _   0.014 0.019 0.001 0.007 0.006 0.019 0.118 0.817 
 186 V _   0.017 0.034 0.001 0.011 0.009 0.023 0.116 0.789 
 187 G _   0.021 0.059 0.001 0.016 0.013 0.028 0.112 0.748 
 188 T _   0.024 0.094 0.002 0.022 0.017 0.033 0.109 0.699 
 189 P _   0.027 0.132 0.002 0.028 0.021 0.036 0.106 0.648 
 190 F _   0.028 0.167 0.002 0.033 0.025 0.039 0.103 0.604 
 191 W _   0.029 0.197 0.002 0.036 0.027 0.040 0.101 0.568 
 192 M _   0.030 0.221 0.002 0.039 0.028 0.041 0.099 0.541 
 193 A _   0.030 0.239 0.002 0.041 0.029 0.040 0.098 0.521 
 194 P _   0.030 0.251 0.002 0.043 0.029 0.040 0.098 0.508 
 195 E _   0.030 0.259 0.002 0.044 0.028 0.038 0.098 0.502 
 196 V _   0.029 0.262 0.002 0.045 0.026 0.036 0.099 0.501 
 197 I _   0.028 0.261 0.002 0.045 0.024 0.034 0.101 0.506 
 198 A _   0.026 0.255 0.002 0.045 0.022 0.031 0.103 0.517 
 199 C _   0.024 0.243 0.002 0.042 0.019 0.028 0.107 0.535 
 200 E _   0.022 0.224 0.002 0.039 0.016 0.025 0.110 0.563 
 201 Q _   0.020 0.195 0.001 0.033 0.013 0.022 0.115 0.600 
 202 Q _   0.017 0.159 0.001 0.027 0.011 0.019 0.120 0.645 
 203 L _   0.015 0.119 0.001 0.021 0.008 0.016 0.125 0.694 
 204 D _   0.013 0.084 0.001 0.015 0.006 0.014 0.130 0.738 
 205 T _   0.011 0.057 0.001 0.010 0.004 0.012 0.134 0.771 
 206 T _   0.009 0.041 0.000 0.006 0.003 0.011 0.136 0.793 
 207 Y _   0.008 0.033 0.000 0.004 0.002 0.010 0.138 0.804 
 208 D _   0.008 0.030 0.000 0.004 0.002 0.011 0.139 0.808 
 209 A _   0.008 0.029 0.000 0.004 0.002 0.012 0.139 0.806 
 210 R _   0.010 0.032 0.000 0.005 0.003 0.014 0.138 0.797 
 211 C _   0.013 0.040 0.001 0.008 0.006 0.018 0.137 0.777 
 212 D _   0.016 0.060 0.001 0.014 0.010 0.023 0.135 0.740 
 213 T _   0.020 0.101 0.002 0.024 0.016 0.028 0.132 0.677 
 214 W _   0.022 0.159 0.002 0.039 0.022 0.032 0.129 0.596 
 215 S _   0.022 0.217 0.002 0.054 0.026 0.033 0.126 0.520 
 216 L _   0.023 0.260 0.002 0.069 0.028 0.033 0.124 0.461 
 217 G _   0.023 0.286 0.002 0.079 0.028 0.033 0.124 0.426 
 218 I _   0.022 0.297 0.002 0.084 0.027 0.031 0.126 0.410 
 219 T _   0.022 0.299 0.002 0.084 0.025 0.029 0.129 0.411 
 220 A _   0.021 0.290 0.002 0.078 0.022 0.026 0.134 0.426 
 221 I _   0.020 0.269 0.002 0.067 0.019 0.023 0.141 0.460 
 222 E _   0.019 0.228 0.002 0.052 0.015 0.020 0.150 0.514 
 223 L _   0.018 0.170 0.002 0.037 0.012 0.017 0.161 0.586 
 224 G _   0.016 0.109 0.001 0.023 0.008 0.014 0.171 0.659 
 225 D _   0.013 0.062 0.001 0.012 0.005 0.011 0.180 0.717 
 226 G _   0.010 0.037 0.000 0.006 0.003 0.008 0.186 0.750 
 227 D _   0.007 0.027 0.000 0.004 0.002 0.007 0.189 0.765 
 228 P _   0.006 0.023 0.000 0.003 0.001 0.007 0.191 0.770 
 229 P _   0.006 0.023 0.000 0.003 0.001 0.007 0.191 0.769 
 230 L _   0.006 0.025 0.000 0.004 0.002 0.009 0.191 0.762 
 231 A _   0.007 0.033 0.000 0.008 0.003 0.011 0.190 0.747 
 232 D _   0.008 0.052 0.001 0.016 0.005 0.014 0.187 0.717 
 233 L _   0.009 0.084 0.001 0.028 0.008 0.017 0.183 0.671 
 234 H _   0.009 0.121 0.001 0.042 0.010 0.019 0.178 0.620 
 235 P _   0.009 0.153 0.001 0.055 0.012 0.020 0.175 0.576 
 236 M _   0.009 0.172 0.001 0.065 0.013 0.020 0.173 0.548 
 237 R _   0.009 0.180 0.001 0.070 0.013 0.019 0.173 0.535 
 238 A _   0.009 0.182 0.001 0.069 0.012 0.018 0.174 0.534 
 239 L _   0.009 0.177 0.001 0.064 0.011 0.016 0.177 0.545 
 240 F _   0.008 0.163 0.001 0.054 0.009 0.014 0.181 0.569 
 241 K _   0.008 0.140 0.001 0.041 0.008 0.013 0.187 0.603 
 242 I _   0.008 0.107 0.001 0.028 0.006 0.011 0.193 0.646 
 243 P _   0.008 0.074 0.001 0.017 0.004 0.009 0.199 0.688 
 244 R _   0.007 0.049 0.000 0.010 0.003 0.007 0.204 0.720 
 245 N _   0.006 0.035 0.000 0.005 0.002 0.006 0.207 0.739 
 246 P _   0.005 0.029 0.000 0.003 0.001 0.005 0.208 0.749 
 247 P _   0.004 0.026 0.000 0.002 0.001 0.005 0.208 0.754 
 248 P _   0.004 0.027 0.000 0.003 0.001 0.005 0.206 0.754 
 249 K _   0.004 0.030 0.000 0.004 0.001 0.007 0.203 0.751 
 250 L _   0.005 0.038 0.000 0.007 0.002 0.009 0.198 0.740 
 251 R _   0.006 0.057 0.001 0.012 0.004 0.012 0.191 0.717 
 252 Q _   0.007 0.092 0.001 0.020 0.006 0.015 0.180 0.678 
 253 P _   0.007 0.143 0.001 0.029 0.009 0.017 0.168 0.627 
 254 E _   0.007 0.195 0.001 0.038 0.010 0.018 0.156 0.575 
 255 L _   0.006 0.240 0.001 0.045 0.011 0.018 0.145 0.534 
 256 W _   0.006 0.270 0.001 0.049 0.011 0.017 0.138 0.508 
 257 S _   0.006 0.287 0.001 0.052 0.011 0.017 0.132 0.494 
 258 A _   0.005 0.297 0.001 0.053 0.011 0.016 0.128 0.489 
 259 E _   0.005 0.300 0.001 0.052 0.011 0.016 0.125 0.490 
 260 F _   0.006 0.298 0.001 0.049 0.010 0.015 0.123 0.498 
 261 N _   0.006 0.290 0.001 0.046 0.010 0.015 0.122 0.510 
 262 D _   0.007 0.277 0.001 0.041 0.009 0.014 0.122 0.529 
 263 F _   0.007 0.257 0.001 0.036 0.009 0.013 0.123 0.554 
 264 I _   0.008 0.230 0.001 0.032 0.008 0.013 0.124 0.584 
 265 S _   0.009 0.198 0.001 0.027 0.007 0.013 0.126 0.619 
 266 K _   0.009 0.161 0.001 0.023 0.007 0.012 0.128 0.659 
 267 C _   0.009 0.125 0.001 0.018 0.006 0.012 0.130 0.699 
 268 L _   0.009 0.093 0.001 0.014 0.005 0.011 0.132 0.735 
 269 T _   0.008 0.069 0.001 0.011 0.004 0.010 0.133 0.765 
 270 K _   0.008 0.051 0.000 0.008 0.003 0.009 0.134 0.787 
 271 D _   0.007 0.041 0.000 0.006 0.002 0.009 0.133 0.801 
 272 Y _   0.006 0.035 0.000 0.005 0.002 0.009 0.132 0.810 
 273 E _   0.006 0.033 0.000 0.004 0.002 0.009 0.131 0.814 
 274 K _   0.007 0.033 0.000 0.005 0.002 0.011 0.129 0.814 
 275 R _   0.007 0.035 0.000 0.006 0.003 0.013 0.126 0.809 
 276 P _   0.009 0.040 0.001 0.009 0.005 0.015 0.123 0.799 
 277 T _   0.010 0.049 0.001 0.014 0.007 0.018 0.119 0.782 
 278 V _   0.012 0.062 0.001 0.020 0.009 0.021 0.114 0.761 
 279 S _   0.013 0.077 0.001 0.027 0.012 0.023 0.110 0.737 
 280 E _   0.014 0.090 0.001 0.034 0.014 0.025 0.105 0.716 
 281 L _   0.014 0.100 0.001 0.040 0.016 0.026 0.102 0.701 
 282 L _   0.015 0.106 0.001 0.043 0.017 0.026 0.099 0.693 
 283 Q _   0.015 0.107 0.001 0.044 0.017 0.026 0.097 0.693 
 284 H _   0.015 0.106 0.001 0.042 0.016 0.025 0.095 0.699 
 285 K _   0.015 0.101 0.001 0.039 0.015 0.024 0.094 0.710 
 286 F _   0.016 0.092 0.001 0.034 0.014 0.022 0.094 0.728 
 287 I _   0.016 0.080 0.001 0.028 0.012 0.020 0.094 0.749 
 288 T _   0.015 0.065 0.001 0.023 0.010 0.019 0.094 0.773 
 289 Q _   0.015 0.049 0.001 0.018 0.008 0.017 0.095 0.797 
 290 I _   0.014 0.035 0.001 0.013 0.007 0.016 0.095 0.819 
 291 E _   0.014 0.023 0.001 0.010 0.005 0.015 0.096 0.836 
 292 G _   0.014 0.015 0.001 0.008 0.004 0.015 0.096 0.849 
 293 K _   0.014 0.009 0.000 0.006 0.004 0.015 0.095 0.856 
 294 D _   0.015 0.006 0.000 0.005 0.004 0.015 0.095 0.860 
 295 V _   0.016 0.004 0.000 0.005 0.004 0.017 0.094 0.860 
 296 M _   0.020 0.003 0.000 0.004 0.004 0.019 0.093 0.857 
 297 L _   0.024 0.003 0.001 0.005 0.005 0.022 0.091 0.850 
 298 Q _   0.030 0.003 0.001 0.005 0.006 0.026 0.089 0.840 
 299 K _   0.038 0.004 0.001 0.006 0.009 0.030 0.087 0.825 
 300 Q _   0.047 0.006 0.001 0.007 0.012 0.036 0.085 0.805 
 301 L _   0.058 0.010 0.001 0.009 0.018 0.042 0.083 0.779 
 302 T _   0.070 0.016 0.001 0.012 0.024 0.048 0.081 0.748 
 303 E _   0.080 0.024 0.002 0.017 0.030 0.052 0.079 0.716 
 304 F _   0.089 0.034 0.002 0.022 0.036 0.055 0.078 0.685 
 305 I _   0.095 0.044 0.002 0.028 0.040 0.056 0.077 0.658 
 306 G _   0.098 0.052 0.002 0.034 0.041 0.056 0.076 0.641 
 307 I _   0.098 0.057 0.002 0.038 0.040 0.053 0.076 0.635 
 308 H _   0.094 0.059 0.002 0.039 0.038 0.050 0.077 0.640 
 309 Q _   0.087 0.058 0.002 0.038 0.033 0.045 0.078 0.658 
 310 C _   0.078 0.054 0.002 0.033 0.027 0.040 0.079 0.686 
 311 M _   0.066 0.048 0.002 0.028 0.021 0.035 0.081 0.719 
 312 G _   0.055 0.039 0.001 0.022 0.016 0.030 0.083 0.754 
 313 G _   0.045 0.031 0.001 0.016 0.012 0.025 0.085 0.786 
 314 T _   0.035 0.023 0.001 0.012 0.008 0.021 0.086 0.813 
 315 E _   0.028 0.018 0.001 0.010 0.006 0.018 0.087 0.833 
 316 K _   0.022 0.015 0.001 0.009 0.005 0.015 0.088 0.846 
 317 A _   0.018 0.013 0.000 0.008 0.004 0.013 0.088 0.855 
 318 R _   0.015 0.012 0.000 0.008 0.004 0.012 0.089 0.860 
 319 R _   0.012 0.011 0.000 0.009 0.004 0.011 0.089 0.864 
 320 E _   0.011 0.011 0.000 0.009 0.004 0.010 0.089 0.867 
 321 R _   0.009 0.011 0.000 0.009 0.003 0.009 0.089 0.869 
 322 I _   0.008 0.010 0.000 0.009 0.003 0.009 0.088 0.872 
 323 H _   0.007 0.010 0.000 0.008 0.003 0.008 0.088 0.875 
 324 T _   0.007 0.010 0.000 0.008 0.003 0.008 0.087 0.878 
 325 K _   0.006 0.010 0.000 0.008 0.003 0.007 0.086 0.879 
 326 K _   0.006 0.011 0.000 0.008 0.003 0.008 0.085 0.880 
 327 G _   0.006 0.012 0.000 0.008 0.003 0.008 0.084 0.878 
 328 N _   0.006 0.013 0.000 0.010 0.003 0.009 0.083 0.875 
 329 F _   0.006 0.015 0.000 0.012 0.004 0.009 0.082 0.870 
 330 N _   0.007 0.017 0.001 0.015 0.005 0.010 0.081 0.865 
 331 R _   0.007 0.020 0.001 0.018 0.005 0.010 0.080 0.860 
 332 P _   0.007 0.021 0.001 0.019 0.005 0.010 0.079 0.857 
 333 L _   0.007 0.022 0.001 0.020 0.005 0.010 0.079 0.857 
 334 I _   0.007 0.022 0.001 0.018 0.005 0.010 0.078 0.860 
 335 S _   0.006 0.021 0.001 0.016 0.004 0.009 0.078 0.865 
 336 N _   0.006 0.019 0.000 0.013 0.004 0.008 0.077 0.872 
 337 L _   0.006 0.018 0.000 0.010 0.003 0.008 0.077 0.878 
 338 K _   0.006 0.016 0.000 0.008 0.003 0.008 0.076 0.883 
 339 D _   0.006 0.016 0.000 0.007 0.003 0.008 0.076 0.885 
 340 V _   0.006 0.016 0.000 0.007 0.003 0.009 0.075 0.884 
 341 D _   0.007 0.017 0.000 0.008 0.003 0.010 0.074 0.881 
 342 D _   0.008 0.019 0.000 0.010 0.004 0.011 0.073 0.874 
 343 L _   0.009 0.023 0.001 0.014 0.005 0.012 0.072 0.864 
 344 A _   0.010 0.027 0.001 0.019 0.006 0.014 0.071 0.853 
 345 T _   0.010 0.030 0.001 0.023 0.007 0.014 0.070 0.844 
 346 L _   0.010 0.032 0.001 0.025 0.008 0.015 0.069 0.839 
 347 E _   0.010 0.033 0.001 0.026 0.008 0.015 0.069 0.838 
 348 I _   0.010 0.033 0.001 0.025 0.007 0.014 0.069 0.842 
 349 L _   0.009 0.031 0.001 0.022 0.007 0.013 0.068 0.849 
 350 D _   0.009 0.028 0.001 0.019 0.006 0.013 0.069 0.857 
 351 E _   0.009 0.024 0.001 0.016 0.005 0.012 0.069 0.865 
 352 N _   0.008 0.020 0.001 0.013 0.005 0.011 0.069 0.873 
 353 T _   0.008 0.017 0.000 0.011 0.004 0.011 0.069 0.879 
 354 V _   0.008 0.014 0.000 0.010 0.004 0.011 0.069 0.882 
 355 S _   0.008 0.012 0.000 0.010 0.004 0.011 0.069 0.885 
 356 E _   0.009 0.011 0.000 0.010 0.004 0.011 0.069 0.886 
 357 Q _   0.009 0.009 0.000 0.010 0.004 0.011 0.069 0.888 
 358 L _   0.009 0.008 0.000 0.009 0.004 0.011 0.069 0.890 
 359 E _   0.009 0.007 0.000 0.009 0.004 0.011 0.068 0.892 
 360 K _   0.009 0.006 0.000 0.008 0.004 0.012 0.067 0.895 
 361 C _   0.009 0.005 0.000 0.007 0.004 0.012 0.067 0.897 
 362 Y _   0.010 0.004 0.000 0.006 0.004 0.014 0.066 0.896 
 363 S _   0.012 0.004 0.000 0.006 0.004 0.015 0.065 0.894 
 364 R _   0.015 0.004 0.001 0.006 0.005 0.018 0.063 0.888 
 365 D _   0.019 0.005 0.001 0.007 0.006 0.022 0.062 0.879 
 366 Q _   0.025 0.007 0.001 0.008 0.008 0.026 0.061 0.865 
 367 I _   0.032 0.010 0.001 0.010 0.011 0.031 0.059 0.846 
 368 Y _   0.040 0.014 0.001 0.012 0.015 0.036 0.058 0.824 
 369 V _   0.049 0.020 0.001 0.015 0.020 0.041 0.056 0.798 
 370 Y _   0.056 0.027 0.002 0.018 0.024 0.045 0.055 0.773 
 371 V _   0.064 0.034 0.002 0.022 0.028 0.049 0.054 0.748 
 372 G _   0.069 0.041 0.002 0.025 0.031 0.051 0.053 0.728 
 373 D _   0.073 0.047 0.002 0.027 0.033 0.053 0.052 0.713 
 374 I _   0.076 0.051 0.002 0.028 0.034 0.052 0.052 0.704 
 375 L _   0.076 0.054 0.002 0.029 0.033 0.051 0.052 0.703 
 376 I _   0.074 0.056 0.002 0.028 0.031 0.049 0.053 0.708 
 377 A _   0.069 0.056 0.002 0.027 0.028 0.046 0.054 0.719 
 378 L _   0.062 0.054 0.002 0.026 0.024 0.042 0.055 0.735 
 379 N _   0.055 0.052 0.001 0.024 0.021 0.038 0.056 0.754 
 380 P _   0.047 0.049 0.001 0.022 0.017 0.033 0.057 0.773 
 381 F _   0.040 0.045 0.001 0.020 0.014 0.029 0.058 0.792 
 382 Q _   0.034 0.041 0.001 0.018 0.011 0.025 0.059 0.811 
 383 S _   0.028 0.036 0.001 0.015 0.009 0.022 0.061 0.829 
 384 L _   0.023 0.032 0.001 0.013 0.007 0.019 0.062 0.844 
 385 G _   0.019 0.028 0.001 0.011 0.006 0.016 0.062 0.857 
 386 L _   0.016 0.025 0.001 0.009 0.005 0.014 0.063 0.868 
 387 Y _   0.013 0.024 0.000 0.008 0.004 0.012 0.063 0.875 
 388 S _   0.012 0.023 0.000 0.008 0.004 0.011 0.063 0.879 
 389 T _   0.010 0.022 0.000 0.008 0.004 0.011 0.063 0.881 
 390 K _   0.010 0.023 0.000 0.009 0.004 0.011 0.063 0.880 
 391 H _   0.009 0.025 0.000 0.010 0.004 0.011 0.063 0.878 
 392 S _   0.009 0.027 0.001 0.012 0.004 0.011 0.063 0.874 
 393 K _   0.009 0.029 0.001 0.014 0.005 0.011 0.062 0.869 
 394 L _   0.009 0.031 0.001 0.015 0.005 0.011 0.062 0.866 
 395 Y _   0.008 0.033 0.001 0.015 0.005 0.011 0.062 0.865 
 396 I _   0.008 0.034 0.001 0.015 0.005 0.010 0.061 0.866 
 397 G _   0.008 0.035 0.001 0.013 0.004 0.010 0.061 0.868 
 398 S _   0.007 0.035 0.000 0.011 0.004 0.009 0.061 0.872 
 399 K _   0.007 0.035 0.000 0.009 0.003 0.009 0.060 0.875 
 400 R _   0.007 0.036 0.000 0.008 0.003 0.010 0.060 0.877 
 401 T _   0.007 0.038 0.000 0.007 0.003 0.010 0.059 0.875 
 402 A _   0.007 0.042 0.000 0.008 0.004 0.012 0.058 0.869 
 403 S _   0.008 0.051 0.001 0.009 0.005 0.014 0.057 0.857 
 404 P _   0.010 0.066 0.001 0.013 0.006 0.016 0.055 0.833 
 405 P _   0.011 0.093 0.001 0.018 0.009 0.019 0.052 0.797 
 406 H _   0.012 0.130 0.001 0.025 0.012 0.021 0.050 0.748 
 407 I _   0.013 0.172 0.002 0.033 0.014 0.023 0.047 0.696 
 408 F _   0.013 0.210 0.002 0.041 0.016 0.024 0.044 0.650 
 409 A _   0.013 0.238 0.002 0.047 0.018 0.025 0.042 0.615 
 410 M _   0.013 0.256 0.001 0.052 0.019 0.025 0.041 0.593 
 411 A _   0.013 0.265 0.001 0.055 0.019 0.025 0.040 0.582 
 412 D _   0.013 0.268 0.001 0.055 0.019 0.024 0.040 0.581 
 413 L _   0.013 0.265 0.001 0.053 0.018 0.023 0.040 0.587 
 414 G _   0.013 0.256 0.001 0.049 0.016 0.021 0.041 0.602 
 415 Y _   0.013 0.239 0.001 0.044 0.015 0.020 0.042 0.626 
 416 Q _   0.013 0.212 0.001 0.037 0.013 0.019 0.044 0.662 
 417 S _   0.013 0.176 0.001 0.029 0.011 0.017 0.046 0.707 
 418 M _   0.013 0.136 0.001 0.021 0.008 0.016 0.048 0.757 
 419 I _   0.012 0.102 0.001 0.015 0.006 0.014 0.049 0.801 
 420 T _   0.010 0.077 0.001 0.010 0.005 0.013 0.050 0.833 
 421 Y _   0.009 0.063 0.000 0.007 0.004 0.013 0.051 0.852 
 422 N _   0.009 0.057 0.000 0.006 0.003 0.013 0.051 0.859 
 423 S _   0.010 0.055 0.000 0.007 0.004 0.014 0.051 0.859 
 424 D _   0.010 0.057 0.001 0.010 0.005 0.015 0.051 0.851 
 425 Q _   0.011 0.061 0.001 0.015 0.007 0.017 0.051 0.838 
 426 C _   0.012 0.068 0.001 0.022 0.009 0.018 0.050 0.819 
 427 I _   0.013 0.075 0.001 0.031 0.011 0.020 0.050 0.800 
 428 V _   0.013 0.080 0.001 0.038 0.012 0.020 0.050 0.785 
 429 I _   0.013 0.082 0.001 0.043 0.013 0.020 0.050 0.778 
 430 S _   0.012 0.081 0.001 0.043 0.013 0.019 0.050 0.781 
 431 G _   0.012 0.076 0.001 0.039 0.011 0.018 0.051 0.791 
 432 E _   0.011 0.066 0.001 0.033 0.010 0.016 0.052 0.811 
 433 S _   0.010 0.052 0.001 0.024 0.008 0.015 0.054 0.837 
 434 G _   0.010 0.035 0.001 0.016 0.006 0.014 0.055 0.864 
 435 A _   0.010 0.021 0.001 0.009 0.004 0.013 0.057 0.886 
 436 G _   0.010 0.013 0.000 0.005 0.003 0.013 0.057 0.898 
 437 K _   0.011 0.009 0.000 0.004 0.003 0.014 0.058 0.902 
 438 T _   0.014 0.008 0.000 0.003 0.003 0.016 0.058 0.898 
 439 E _   0.019 0.009 0.000 0.004 0.004 0.021 0.057 0.886 
 440 N _   0.026 0.012 0.001 0.006 0.007 0.027 0.057 0.864 
 441 A _   0.035 0.022 0.001 0.011 0.013 0.034 0.056 0.828 
 442 H _   0.044 0.043 0.002 0.019 0.021 0.041 0.055 0.776 
 443 L _   0.050 0.072 0.002 0.031 0.029 0.047 0.053 0.714 
 444 L _   0.055 0.102 0.002 0.045 0.035 0.050 0.052 0.659 
 445 V _   0.057 0.123 0.002 0.057 0.039 0.051 0.052 0.620 
 446 Q _   0.057 0.134 0.002 0.065 0.039 0.049 0.052 0.601 
 447 Q _   0.055 0.138 0.002 0.068 0.038 0.046 0.053 0.599 
 448 L _   0.052 0.136 0.002 0.065 0.034 0.042 0.055 0.613 
 449 T _   0.047 0.127 0.002 0.057 0.029 0.037 0.057 0.643 
 450 V _   0.042 0.108 0.002 0.046 0.023 0.032 0.060 0.687 
 451 L _   0.036 0.081 0.002 0.033 0.017 0.027 0.063 0.743 
 452 G _   0.030 0.051 0.001 0.021 0.011 0.022 0.065 0.799 
 453 K _   0.024 0.027 0.001 0.012 0.007 0.018 0.067 0.844 
 454 A _   0.019 0.013 0.001 0.007 0.004 0.014 0.069 0.873 
 455 N _   0.015 0.006 0.000 0.004 0.003 0.012 0.070 0.889 
 456 N _   0.012 0.004 0.000 0.003 0.002 0.011 0.070 0.897 
 457 R _   0.011 0.003 0.000 0.003 0.002 0.011 0.070 0.900 
 458 T _   0.011 0.003 0.000 0.003 0.002 0.012 0.070 0.899 
 459 L _   0.012 0.003 0.000 0.005 0.003 0.013 0.069 0.895 
 460 Q _   0.013 0.004 0.000 0.006 0.004 0.015 0.068 0.889 
 461 E _   0.014 0.006 0.001 0.008 0.005 0.018 0.068 0.881 
 462 K _   0.016 0.009 0.001 0.009 0.006 0.020 0.066 0.872 
 463 I _   0.018 0.012 0.001 0.011 0.007 0.023 0.065 0.862 
 464 L _   0.021 0.016 0.001 0.012 0.009 0.027 0.064 0.851 
 465 Q _   0.025 0.021 0.001 0.013 0.011 0.031 0.062 0.837 
 466 V _   0.030 0.026 0.001 0.014 0.014 0.035 0.061 0.820 
 467 N _   0.035 0.034 0.001 0.016 0.017 0.039 0.059 0.798 
 468 N _   0.041 0.043 0.001 0.019 0.022 0.043 0.058 0.774 
 469 L _   0.047 0.055 0.002 0.023 0.026 0.046 0.056 0.745 
 470 V _   0.052 0.068 0.002 0.028 0.030 0.048 0.055 0.715 
 471 E _   0.056 0.083 0.002 0.035 0.034 0.049 0.055 0.687 
 472 A _   0.058 0.094 0.002 0.042 0.035 0.049 0.054 0.666 
 473 F _   0.057 0.102 0.002 0.048 0.035 0.047 0.054 0.655 
 474 G _   0.054 0.106 0.002 0.051 0.034 0.044 0.055 0.654 
 475 N _   0.050 0.106 0.002 0.052 0.030 0.040 0.056 0.664 
 476 A _   0.045 0.101 0.002 0.049 0.026 0.035 0.058 0.684 
 477 C _   0.039 0.092 0.002 0.042 0.021 0.030 0.060 0.714 
 478 T _   0.033 0.077 0.001 0.034 0.015 0.025 0.063 0.753 
 479 I _   0.027 0.058 0.001 0.025 0.011 0.020 0.065 0.794 
 480 I _   0.021 0.039 0.001 0.016 0.007 0.016 0.067 0.833 
 481 N _   0.016 0.024 0.001 0.010 0.005 0.013 0.068 0.864 
 482 D _   0.012 0.015 0.000 0.007 0.003 0.010 0.069 0.884 
 483 N _   0.009 0.010 0.000 0.005 0.002 0.009 0.070 0.896 
 484 S _   0.008 0.007 0.000 0.004 0.002 0.008 0.070 0.901 
 485 S _   0.007 0.006 0.000 0.004 0.002 0.008 0.069 0.903 
 486 R _   0.006 0.007 0.000 0.005 0.002 0.009 0.069 0.901 
 487 F _   0.007 0.007 0.000 0.007 0.003 0.010 0.068 0.897 
 488 G _   0.007 0.009 0.000 0.010 0.004 0.011 0.067 0.891 
 489 K _   0.007 0.011 0.001 0.013 0.005 0.013 0.066 0.885 
 490 Y _   0.008 0.012 0.001 0.016 0.006 0.014 0.064 0.879 
 491 L _   0.008 0.014 0.001 0.017 0.006 0.016 0.063 0.876 
 492 E _   0.009 0.015 0.001 0.017 0.006 0.017 0.062 0.874 
 493 M _   0.009 0.015 0.001 0.016 0.007 0.018 0.061 0.874 
 494 K _   0.011 0.015 0.001 0.014 0.007 0.020 0.060 0.873 
 495 F _   0.013 0.014 0.001 0.012 0.007 0.022 0.059 0.871 
 496 T _   0.016 0.014 0.001 0.011 0.008 0.025 0.059 0.865 
 497 S _   0.021 0.015 0.001 0.011 0.010 0.029 0.058 0.855 
 498 S _   0.027 0.016 0.001 0.012 0.012 0.034 0.057 0.840 
 499 G _   0.035 0.018 0.001 0.015 0.016 0.038 0.057 0.820 
 500 A _   0.044 0.021 0.001 0.018 0.020 0.043 0.056 0.796 
 501 V _   0.053 0.024 0.002 0.022 0.025 0.047 0.056 0.772 
 502 V _   0.061 0.027 0.002 0.026 0.028 0.050 0.056 0.750 
 503 G _   0.068 0.029 0.002 0.029 0.031 0.052 0.056 0.733 
 504 A _   0.073 0.029 0.002 0.030 0.032 0.053 0.056 0.725 
 505 Q _   0.075 0.028 0.002 0.029 0.032 0.052 0.057 0.726 
 506 I _   0.075 0.025 0.002 0.026 0.030 0.050 0.058 0.735 
 507 S _   0.072 0.021 0.002 0.022 0.026 0.047 0.059 0.750 
 508 E _   0.068 0.017 0.002 0.017 0.022 0.044 0.061 0.769 
 509 Y _   0.063 0.012 0.001 0.013 0.018 0.041 0.063 0.789 
 510 L _   0.057 0.009 0.001 0.011 0.015 0.038 0.064 0.806 
 511 L _   0.052 0.007 0.001 0.009 0.012 0.035 0.066 0.818 
 512 E _   0.048 0.005 0.001 0.008 0.011 0.033 0.068 0.827 
 513 K _   0.044 0.004 0.001 0.008 0.010 0.031 0.069 0.833 
 514 S _   0.041 0.004 0.001 0.009 0.010 0.029 0.070 0.836 
 515 R _   0.038 0.004 0.001 0.010 0.010 0.028 0.072 0.837 
 516 V _   0.037 0.004 0.001 0.011 0.010 0.027 0.074 0.836 
 517 I _   0.035 0.004 0.001 0.012 0.010 0.026 0.075 0.837 
 518 H _   0.034 0.004 0.001 0.012 0.009 0.025 0.077 0.839 
 519 Q _   0.033 0.003 0.001 0.011 0.008 0.024 0.079 0.841 
 520 A _   0.032 0.003 0.001 0.009 0.008 0.024 0.080 0.844 
 521 I _   0.032 0.002 0.001 0.007 0.007 0.024 0.082 0.847 
 522 G _   0.033 0.002 0.001 0.005 0.006 0.024 0.083 0.846 
 523 E _   0.036 0.002 0.001 0.004 0.006 0.025 0.084 0.842 
 524 K _   0.041 0.002 0.001 0.004 0.008 0.028 0.085 0.832 
 525 N _   0.047 0.004 0.001 0.005 0.010 0.031 0.086 0.815 
 526 F _   0.055 0.008 0.001 0.008 0.015 0.036 0.087 0.791 
 527 H _   0.062 0.016 0.001 0.014 0.020 0.040 0.089 0.758 
 528 I _   0.067 0.031 0.002 0.023 0.026 0.043 0.090 0.719 
 529 F _   0.069 0.046 0.002 0.033 0.031 0.044 0.093 0.681 
 530 Y _   0.069 0.060 0.002 0.043 0.033 0.044 0.096 0.653 
 531 Y _   0.066 0.068 0.002 0.050 0.032 0.042 0.099 0.639 
 532 I _   0.061 0.072 0.002 0.053 0.030 0.039 0.104 0.638 
 533 Y _   0.055 0.072 0.002 0.051 0.026 0.035 0.110 0.650 
 534 A _   0.047 0.068 0.002 0.045 0.021 0.031 0.116 0.670 
 535 G _   0.040 0.060 0.001 0.036 0.016 0.026 0.123 0.697 
 536 L _   0.033 0.049 0.001 0.027 0.012 0.022 0.130 0.726 
 537 A _   0.027 0.037 0.001 0.020 0.008 0.018 0.137 0.752 
 538 E _   0.022 0.027 0.001 0.014 0.006 0.015 0.143 0.773 
 539 K _   0.018 0.019 0.001 0.010 0.004 0.012 0.149 0.787 
 540 K _   0.015 0.014 0.000 0.008 0.003 0.011 0.153 0.795 
 541 K _   0.013 0.011 0.000 0.007 0.003 0.009 0.157 0.800 
 542 L _   0.011 0.009 0.000 0.007 0.002 0.008 0.160 0.802 
 543 A _   0.010 0.007 0.000 0.007 0.002 0.007 0.163 0.803 
 544 H _   0.009 0.006 0.000 0.007 0.002 0.007 0.165 0.804 
 545 Y _   0.008 0.005 0.000 0.006 0.002 0.006 0.167 0.806 
 546 K _   0.007 0.004 0.000 0.006 0.002 0.006 0.168 0.807 
 547 L _   0.006 0.004 0.000 0.006 0.002 0.005 0.168 0.809 
 548 P _   0.006 0.004 0.000 0.005 0.002 0.005 0.168 0.811 
 549 E _   0.005 0.003 0.000 0.005 0.001 0.005 0.167 0.814 
 550 N _   0.005 0.003 0.000 0.004 0.001 0.005 0.165 0.816 
 551 K _   0.004 0.004 0.000 0.004 0.001 0.005 0.163 0.818 
 552 P _   0.004 0.005 0.000 0.005 0.001 0.005 0.160 0.819 
 553 P _   0.004 0.006 0.000 0.005 0.002 0.006 0.156 0.820 
 554 R _   0.004 0.009 0.000 0.006 0.002 0.007 0.152 0.820 
 555 Y _   0.005 0.013 0.000 0.008 0.002 0.008 0.145 0.818 
 556 L _   0.005 0.020 0.000 0.011 0.003 0.010 0.138 0.812 
 557 Q _   0.005 0.031 0.001 0.016 0.005 0.012 0.130 0.801 
 558 N _   0.006 0.044 0.001 0.022 0.006 0.014 0.121 0.786 
 559 D _   0.007 0.060 0.001 0.029 0.008 0.016 0.112 0.768 
 560 H _   0.007 0.075 0.001 0.037 0.010 0.017 0.103 0.750 
 561 L _   0.007 0.088 0.001 0.045 0.011 0.018 0.095 0.734 
 562 R _   0.008 0.096 0.001 0.051 0.012 0.019 0.089 0.726 
 563 T _   0.008 0.100 0.001 0.054 0.012 0.018 0.084 0.724 
 564 V _   0.008 0.100 0.001 0.054 0.012 0.018 0.079 0.729 
 565 Q _   0.008 0.096 0.001 0.050 0.011 0.017 0.076 0.741 
 566 D _   0.008 0.088 0.001 0.043 0.010 0.016 0.073 0.761 
 567 I _   0.008 0.076 0.001 0.035 0.009 0.014 0.071 0.786 
 568 M _   0.008 0.059 0.001 0.026 0.007 0.013 0.070 0.816 
 569 N _   0.009 0.040 0.001 0.018 0.006 0.012 0.068 0.847 
 570 N _   0.009 0.023 0.001 0.012 0.004 0.011 0.066 0.874 
 571 S _   0.010 0.012 0.000 0.008 0.003 0.011 0.064 0.892 
 572 F _   0.012 0.006 0.000 0.005 0.003 0.011 0.062 0.901 
 573 Y _   0.016 0.002 0.000 0.004 0.003 0.012 0.059 0.904 
 574 K _   0.024 0.001 0.000 0.003 0.003 0.013 0.056 0.899 
 575 S _   0.038 0.001 0.000 0.004 0.004 0.016 0.052 0.886 
 576 Q _   0.059 0.000 0.001 0.004 0.006 0.020 0.048 0.863 
 577 Y _   0.092 0.000 0.001 0.005 0.008 0.024 0.043 0.827 
 578 E _   0.135 0.000 0.001 0.005 0.012 0.029 0.037 0.780 
 579 L _   0.186 0.000 0.001 0.005 0.016 0.033 0.032 0.726 
 580 I _   0.243 0.000 0.002 0.006 0.020 0.036 0.027 0.667 
 581 E _   0.303 0.000 0.002 0.006 0.025 0.038 0.022 0.606 
 582 Q _   0.361 0.000 0.002 0.005 0.028 0.038 0.018 0.549 
 583 C _   0.416 0.000 0.002 0.004 0.029 0.037 0.014 0.498 
 584 F H   0.465 0.000 0.002 0.003 0.029 0.034 0.012 0.455 
 585 K H   0.505 0.000 0.002 0.003 0.028 0.031 0.010 0.422 
 586 V H   0.537 0.000 0.002 0.002 0.025 0.028 0.008 0.398 
 587 I H   0.562 0.000 0.001 0.002 0.022 0.024 0.007 0.382 
 588 G H   0.578 0.000 0.001 0.002 0.018 0.020 0.006 0.375 
 589 F H   0.588 0.000 0.001 0.001 0.014 0.016 0.006 0.374 
 590 T H   0.593 0.000 0.001 0.001 0.011 0.013 0.005 0.376 
 591 M H   0.597 0.000 0.001 0.001 0.008 0.010 0.005 0.379 
 592 E H   0.602 0.000 0.001 0.000 0.006 0.008 0.005 0.379 
 593 Q H   0.612 0.000 0.001 0.000 0.005 0.007 0.004 0.370 
 594 L H   0.631 0.000 0.001 0.000 0.005 0.006 0.004 0.353 
 595 G H   0.669 0.000 0.001 0.000 0.005 0.006 0.004 0.315 
 596 S H   0.720 0.000 0.001 0.000 0.006 0.006 0.003 0.265 
 597 I H   0.774 0.000 0.001 0.000 0.007 0.005 0.002 0.210 
 598 Y H   0.821 0.000 0.001 0.000 0.008 0.005 0.002 0.162 
 599 S H   0.856 0.000 0.001 0.000 0.009 0.005 0.002 0.127 
 600 I H   0.876 0.000 0.001 0.000 0.010 0.005 0.002 0.106 
 601 L H   0.886 0.000 0.001 0.000 0.012 0.005 0.001 0.095 
 602 A H   0.884 0.000 0.001 0.000 0.013 0.005 0.002 0.095 
 603 A H   0.872 0.000 0.001 0.001 0.014 0.005 0.002 0.105 
 604 I H   0.848 0.000 0.001 0.001 0.014 0.006 0.002 0.128 
 605 L H   0.807 0.000 0.001 0.001 0.014 0.007 0.003 0.167 
 606 N H   0.744 0.000 0.001 0.001 0.014 0.008 0.004 0.228 
 607 V H   0.662 0.000 0.001 0.001 0.013 0.009 0.006 0.307 
 608 G H   0.567 0.000 0.001 0.001 0.012 0.010 0.009 0.400 
 609 N _   0.468 0.000 0.001 0.001 0.010 0.011 0.012 0.497 
 610 I _   0.374 0.000 0.001 0.002 0.009 0.012 0.015 0.587 
 611 E _   0.291 0.000 0.001 0.003 0.009 0.013 0.019 0.664 
 612 F _   0.224 0.000 0.001 0.004 0.008 0.014 0.023 0.726 
 613 S _   0.169 0.000 0.001 0.006 0.008 0.014 0.027 0.775 
 614 S _   0.125 0.001 0.001 0.008 0.008 0.015 0.030 0.813 
 615 V _   0.091 0.001 0.001 0.010 0.007 0.014 0.033 0.842 
 616 A _   0.065 0.001 0.001 0.012 0.007 0.013 0.036 0.865 
 617 T _   0.046 0.001 0.001 0.012 0.006 0.012 0.039 0.883 
 618 E _   0.033 0.001 0.001 0.011 0.005 0.011 0.041 0.897 
 619 H _   0.023 0.001 0.001 0.009 0.004 0.010 0.043 0.909 
 620 Q _   0.017 0.001 0.000 0.007 0.003 0.008 0.045 0.919 
 621 I _   0.012 0.001 0.000 0.005 0.002 0.007 0.046 0.926 
 622 D _   0.009 0.000 0.000 0.004 0.002 0.007 0.047 0.930 
 623 K _   0.008 0.000 0.000 0.003 0.002 0.007 0.048 0.933 
 624 S _   0.007 0.000 0.000 0.003 0.002 0.007 0.048 0.933 
 625 H _   0.008 0.000 0.000 0.003 0.002 0.009 0.048 0.931 
 626 I _   0.010 0.000 0.000 0.003 0.002 0.011 0.048 0.926 
 627 S _   0.014 0.000 0.000 0.003 0.003 0.015 0.047 0.917 
 628 N _   0.021 0.001 0.000 0.005 0.005 0.020 0.046 0.903 
 629 H _   0.030 0.002 0.001 0.006 0.007 0.026 0.045 0.883 
 630 T _   0.042 0.003 0.001 0.008 0.011 0.033 0.044 0.858 
 631 A _   0.055 0.006 0.001 0.011 0.017 0.041 0.042 0.827 
 632 L _   0.069 0.009 0.001 0.014 0.023 0.048 0.041 0.795 
 633 E _   0.084 0.012 0.002 0.017 0.030 0.054 0.039 0.761 
 634 N _   0.098 0.016 0.002 0.020 0.037 0.059 0.038 0.730 
 635 C _   0.112 0.019 0.002 0.023 0.042 0.062 0.037 0.703 
 636 A _   0.123 0.021 0.002 0.026 0.045 0.063 0.036 0.684 
 637 S _   0.130 0.023 0.002 0.027 0.045 0.062 0.036 0.675 
 638 L _   0.132 0.023 0.002 0.028 0.043 0.059 0.036 0.676 
 639 L _   0.130 0.021 0.002 0.026 0.039 0.055 0.037 0.689 
 640 C _   0.124 0.018 0.002 0.023 0.033 0.050 0.037 0.712 
 641 I _   0.114 0.015 0.002 0.019 0.026 0.045 0.038 0.742 
 642 R _   0.102 0.010 0.001 0.014 0.020 0.040 0.039 0.774 
 643 A _   0.090 0.006 0.001 0.010 0.014 0.035 0.039 0.805 
 644 D _   0.077 0.003 0.001 0.007 0.010 0.030 0.040 0.831 
 645 E _   0.067 0.002 0.001 0.005 0.007 0.027 0.040 0.852 
 646 L _   0.058 0.001 0.001 0.004 0.006 0.024 0.040 0.867 
 647 Q _   0.052 0.000 0.001 0.003 0.005 0.023 0.040 0.876 
 648 E _   0.048 0.000 0.001 0.003 0.005 0.022 0.040 0.881 
 649 A _   0.046 0.001 0.001 0.004 0.006 0.022 0.040 0.881 
 650 L _   0.045 0.001 0.001 0.005 0.007 0.023 0.040 0.879 
 651 T _   0.046 0.002 0.001 0.007 0.008 0.025 0.039 0.872 
 652 S _   0.047 0.004 0.001 0.009 0.010 0.026 0.039 0.863 
 653 H _   0.048 0.006 0.001 0.013 0.013 0.028 0.039 0.853 
 654 C _   0.049 0.008 0.001 0.016 0.015 0.029 0.038 0.843 
 655 V _   0.049 0.010 0.001 0.020 0.016 0.029 0.038 0.836 
 656 V _   0.048 0.012 0.001 0.022 0.017 0.029 0.038 0.833 
 657 T _   0.045 0.013 0.001 0.023 0.016 0.028 0.038 0.835 
 658 R _   0.042 0.013 0.001 0.023 0.015 0.026 0.039 0.841 
 659 G _   0.038 0.012 0.001 0.021 0.013 0.024 0.039 0.851 
 660 E _   0.034 0.011 0.001 0.018 0.011 0.021 0.040 0.863 
 661 T _   0.029 0.009 0.001 0.016 0.009 0.019 0.041 0.876 
 662 I _   0.025 0.007 0.001 0.013 0.008 0.017 0.041 0.888 
 663 I _   0.021 0.006 0.001 0.011 0.006 0.015 0.042 0.899 
