#TopoPred_TM8: 8-state transmembrane topology prediction results by no_profile mode 
#probabilities are in the order of H E C I L F X _, the 8 transmembrane topology types used in PDBTM 
   1 M X   0.015 0.001 0.002 0.050 0.011 0.014 0.755 0.152 
   2 S X   0.008 0.001 0.000 0.034 0.003 0.010 0.776 0.169 
   3 L X   0.004 0.001 0.000 0.024 0.001 0.008 0.781 0.180 
   4 L X   0.004 0.001 0.000 0.019 0.001 0.009 0.778 0.187 
   5 Q X   0.005 0.001 0.000 0.017 0.002 0.011 0.770 0.193 
   6 S X   0.007 0.002 0.000 0.016 0.003 0.012 0.759 0.200 
   7 A X   0.008 0.003 0.000 0.016 0.004 0.013 0.747 0.207 
   8 L X   0.010 0.005 0.001 0.017 0.005 0.014 0.734 0.216 
   9 D X   0.010 0.006 0.001 0.018 0.005 0.013 0.721 0.225 
  10 F X   0.009 0.008 0.001 0.020 0.006 0.013 0.708 0.236 
  11 L X   0.008 0.009 0.001 0.020 0.006 0.012 0.697 0.247 
  12 A X   0.008 0.009 0.001 0.020 0.006 0.011 0.687 0.259 
  13 G X   0.007 0.009 0.001 0.018 0.005 0.010 0.679 0.271 
  14 P X   0.006 0.009 0.000 0.016 0.004 0.008 0.673 0.283 
  15 G X   0.006 0.008 0.000 0.013 0.004 0.007 0.667 0.295 
  16 S X   0.005 0.006 0.000 0.010 0.003 0.006 0.662 0.306 
  17 L X   0.005 0.005 0.000 0.008 0.002 0.005 0.657 0.318 
  18 G X   0.004 0.003 0.000 0.006 0.002 0.005 0.652 0.328 
  19 G X   0.004 0.002 0.000 0.004 0.001 0.004 0.646 0.338 
  20 A X   0.003 0.002 0.000 0.003 0.001 0.003 0.639 0.348 
  21 S X   0.003 0.001 0.000 0.003 0.001 0.003 0.631 0.358 
  22 G X   0.003 0.001 0.000 0.002 0.001 0.003 0.622 0.368 
  23 R X   0.003 0.001 0.000 0.002 0.001 0.004 0.612 0.378 
  24 D X   0.003 0.001 0.000 0.003 0.001 0.004 0.600 0.388 
  25 Q X   0.003 0.001 0.000 0.003 0.002 0.006 0.587 0.398 
  26 S X   0.004 0.002 0.000 0.005 0.002 0.007 0.571 0.408 
  27 D X   0.004 0.004 0.000 0.008 0.003 0.010 0.553 0.416 
  28 F X   0.005 0.007 0.001 0.012 0.005 0.013 0.534 0.423 
  29 V X   0.006 0.011 0.001 0.017 0.007 0.017 0.512 0.428 
  30 G X   0.008 0.016 0.001 0.023 0.009 0.020 0.491 0.432 
  31 Q X   0.009 0.019 0.001 0.028 0.011 0.024 0.471 0.437 
  32 T X   0.010 0.022 0.001 0.031 0.013 0.026 0.453 0.444 
  33 V _   0.012 0.023 0.001 0.031 0.014 0.029 0.437 0.453 
  34 E _   0.014 0.023 0.001 0.030 0.015 0.030 0.422 0.465 
  35 L _   0.016 0.023 0.001 0.027 0.015 0.032 0.409 0.478 
  36 G _   0.018 0.021 0.001 0.023 0.014 0.033 0.398 0.492 
  37 E _   0.021 0.019 0.001 0.018 0.014 0.034 0.388 0.505 
  38 L _   0.024 0.017 0.001 0.015 0.013 0.035 0.378 0.517 
  39 R _   0.028 0.015 0.001 0.012 0.012 0.036 0.370 0.527 
  40 L _   0.031 0.013 0.001 0.010 0.012 0.037 0.362 0.535 
  41 R _   0.035 0.012 0.001 0.008 0.012 0.038 0.354 0.539 
  42 V _   0.039 0.012 0.001 0.008 0.013 0.039 0.346 0.541 
  43 R _   0.043 0.013 0.001 0.009 0.014 0.040 0.338 0.541 
  44 R _   0.047 0.015 0.001 0.010 0.016 0.042 0.331 0.539 
  45 V _   0.051 0.017 0.001 0.011 0.018 0.042 0.324 0.535 
  46 L _   0.053 0.021 0.001 0.014 0.020 0.043 0.317 0.530 
  47 A _   0.055 0.025 0.001 0.017 0.022 0.043 0.311 0.525 
  48 E _   0.055 0.029 0.002 0.021 0.024 0.042 0.306 0.522 
  49 G _   0.055 0.033 0.002 0.025 0.024 0.040 0.301 0.520 
  50 G _   0.053 0.035 0.002 0.028 0.024 0.038 0.298 0.523 
  51 F _   0.050 0.036 0.002 0.030 0.022 0.035 0.295 0.531 
  52 A _   0.045 0.035 0.001 0.030 0.020 0.031 0.293 0.544 
  53 F _   0.040 0.033 0.001 0.027 0.016 0.027 0.293 0.563 
  54 V _   0.033 0.028 0.001 0.023 0.013 0.023 0.293 0.586 
  55 Y _   0.027 0.023 0.001 0.018 0.009 0.019 0.293 0.610 
  56 E _   0.022 0.016 0.001 0.013 0.007 0.015 0.293 0.634 
  57 A _   0.017 0.011 0.001 0.008 0.004 0.012 0.292 0.654 
  58 Q _   0.013 0.007 0.000 0.005 0.003 0.010 0.291 0.669 
  59 D _   0.011 0.005 0.000 0.004 0.002 0.009 0.290 0.679 
  60 V _   0.009 0.004 0.000 0.004 0.002 0.008 0.288 0.684 
  61 G _   0.009 0.004 0.000 0.004 0.002 0.009 0.286 0.686 
  62 S _   0.009 0.005 0.000 0.006 0.003 0.009 0.283 0.685 
  63 G _   0.009 0.007 0.000 0.009 0.004 0.010 0.280 0.680 
  64 R _   0.009 0.009 0.001 0.014 0.005 0.011 0.277 0.674 
  65 E _   0.009 0.012 0.001 0.019 0.006 0.012 0.274 0.667 
  66 Y _   0.009 0.014 0.001 0.023 0.007 0.013 0.271 0.663 
  67 A _   0.009 0.015 0.001 0.025 0.007 0.012 0.269 0.662 
  68 L _   0.008 0.014 0.001 0.025 0.007 0.012 0.268 0.666 
  69 K _   0.008 0.013 0.001 0.022 0.006 0.011 0.267 0.674 
  70 R _   0.007 0.011 0.001 0.017 0.005 0.009 0.266 0.684 
  71 L _   0.006 0.008 0.000 0.012 0.003 0.008 0.265 0.696 
  72 L _   0.006 0.005 0.000 0.008 0.002 0.007 0.264 0.707 
  73 S _   0.005 0.003 0.000 0.005 0.002 0.006 0.263 0.716 
  74 N _   0.005 0.001 0.000 0.003 0.001 0.006 0.261 0.722 
  75 E _   0.006 0.001 0.000 0.002 0.001 0.007 0.258 0.725 
  76 E _   0.007 0.001 0.000 0.002 0.002 0.009 0.255 0.725 
  77 E _   0.011 0.001 0.000 0.002 0.002 0.013 0.250 0.720 
  78 K _   0.017 0.002 0.000 0.004 0.004 0.019 0.245 0.709 
  79 N _   0.026 0.006 0.001 0.007 0.009 0.027 0.238 0.686 
  80 R _   0.037 0.017 0.001 0.014 0.017 0.037 0.229 0.648 
  81 A _   0.047 0.040 0.002 0.025 0.027 0.046 0.218 0.594 
  82 I _   0.055 0.068 0.003 0.039 0.037 0.053 0.208 0.537 
  83 I _   0.061 0.092 0.003 0.053 0.043 0.056 0.200 0.493 
  84 Q _   0.063 0.107 0.002 0.064 0.045 0.056 0.194 0.468 
  85 E _   0.062 0.114 0.002 0.070 0.045 0.055 0.190 0.462 
  86 V _   0.061 0.114 0.002 0.070 0.042 0.051 0.188 0.471 
  87 C _   0.058 0.109 0.002 0.063 0.038 0.047 0.187 0.498 
  88 F _   0.054 0.095 0.002 0.051 0.031 0.041 0.186 0.539 
  89 M _   0.049 0.072 0.002 0.036 0.023 0.036 0.187 0.595 
  90 K _   0.043 0.044 0.002 0.022 0.016 0.030 0.188 0.656 
  91 K _   0.036 0.021 0.001 0.011 0.010 0.026 0.188 0.708 
  92 L _   0.029 0.008 0.001 0.005 0.006 0.022 0.188 0.741 
  93 S _   0.025 0.003 0.000 0.003 0.004 0.020 0.187 0.759 
  94 G _   0.023 0.002 0.000 0.002 0.003 0.019 0.185 0.765 
  95 H _   0.024 0.002 0.000 0.002 0.004 0.021 0.183 0.763 
  96 P _   0.026 0.004 0.001 0.004 0.006 0.024 0.181 0.754 
  97 N _   0.030 0.010 0.001 0.009 0.009 0.027 0.178 0.736 
  98 I _   0.033 0.023 0.001 0.017 0.014 0.031 0.174 0.706 
  99 V _   0.035 0.042 0.002 0.030 0.019 0.033 0.170 0.670 
 100 Q _   0.034 0.060 0.002 0.043 0.023 0.034 0.167 0.639 
 101 F _   0.032 0.072 0.002 0.053 0.024 0.033 0.164 0.619 
 102 C _   0.030 0.077 0.002 0.059 0.024 0.031 0.163 0.613 
 103 S _   0.027 0.079 0.002 0.060 0.022 0.029 0.163 0.619 
 104 A _   0.024 0.076 0.002 0.055 0.019 0.025 0.164 0.636 
 105 A _   0.021 0.068 0.001 0.046 0.015 0.022 0.165 0.663 
 106 S _   0.018 0.054 0.001 0.034 0.011 0.018 0.167 0.698 
 107 I _   0.015 0.037 0.001 0.022 0.007 0.014 0.169 0.734 
 108 G _   0.012 0.021 0.001 0.013 0.004 0.011 0.170 0.767 
 109 K _   0.010 0.010 0.000 0.007 0.003 0.009 0.170 0.791 
 110 E _   0.008 0.004 0.000 0.003 0.002 0.008 0.170 0.805 
 111 E _   0.007 0.001 0.000 0.002 0.001 0.008 0.169 0.812 
 112 S _   0.008 0.001 0.000 0.001 0.001 0.009 0.167 0.813 
 113 D _   0.011 0.000 0.000 0.002 0.002 0.012 0.164 0.809 
 114 T _   0.017 0.001 0.000 0.002 0.003 0.017 0.161 0.799 
 115 G _   0.027 0.002 0.001 0.004 0.006 0.025 0.157 0.779 
 116 Q _   0.041 0.007 0.001 0.008 0.011 0.036 0.151 0.744 
 117 A _   0.056 0.019 0.001 0.016 0.020 0.048 0.143 0.696 
 118 E _   0.071 0.035 0.002 0.026 0.030 0.058 0.136 0.641 
 119 F _   0.083 0.051 0.002 0.035 0.039 0.065 0.129 0.595 
 120 L _   0.093 0.062 0.002 0.042 0.046 0.069 0.123 0.562 
 121 L _   0.101 0.068 0.003 0.045 0.050 0.071 0.119 0.544 
 122 L _   0.107 0.070 0.003 0.043 0.051 0.070 0.116 0.540 
 123 T _   0.111 0.068 0.002 0.038 0.050 0.068 0.113 0.548 
 124 E _   0.112 0.064 0.002 0.032 0.046 0.065 0.112 0.567 
 125 L _   0.110 0.057 0.002 0.026 0.041 0.061 0.111 0.592 
 126 C _   0.107 0.049 0.002 0.021 0.035 0.056 0.110 0.619 
 127 K _   0.101 0.042 0.002 0.018 0.029 0.051 0.111 0.647 
 128 G _   0.093 0.036 0.002 0.016 0.024 0.046 0.111 0.673 
 129 Q _   0.083 0.031 0.001 0.015 0.019 0.041 0.112 0.697 
 130 L _   0.072 0.027 0.001 0.015 0.016 0.036 0.113 0.719 
 131 V _   0.061 0.024 0.001 0.016 0.013 0.032 0.113 0.740 
 132 E _   0.050 0.021 0.001 0.016 0.011 0.028 0.114 0.759 
 133 F _   0.041 0.018 0.001 0.015 0.009 0.024 0.115 0.778 
 134 L _   0.033 0.014 0.001 0.014 0.008 0.020 0.115 0.796 
 135 K _   0.025 0.011 0.001 0.012 0.006 0.017 0.115 0.813 
 136 K _   0.020 0.007 0.001 0.009 0.005 0.014 0.115 0.829 
 137 M _   0.016 0.005 0.000 0.007 0.004 0.012 0.115 0.841 
 138 E _   0.013 0.003 0.000 0.005 0.003 0.011 0.114 0.851 
 139 S _   0.011 0.002 0.000 0.004 0.002 0.010 0.113 0.857 
 140 R _   0.010 0.001 0.000 0.003 0.002 0.010 0.112 0.861 
 141 G _   0.011 0.001 0.000 0.003 0.002 0.011 0.110 0.861 
 142 P _   0.014 0.001 0.000 0.003 0.002 0.013 0.108 0.858 
 143 L _   0.018 0.001 0.000 0.003 0.003 0.017 0.106 0.851 
 144 S _   0.025 0.002 0.001 0.004 0.005 0.022 0.103 0.839 
 145 C _   0.035 0.003 0.001 0.006 0.008 0.029 0.100 0.818 
 146 D _   0.048 0.007 0.001 0.009 0.013 0.038 0.096 0.788 
 147 T _   0.063 0.014 0.001 0.012 0.021 0.047 0.092 0.750 
 148 V _   0.079 0.024 0.002 0.017 0.029 0.055 0.087 0.706 
 149 L _   0.093 0.036 0.002 0.023 0.038 0.062 0.083 0.663 
 150 K _   0.105 0.048 0.002 0.028 0.045 0.067 0.079 0.626 
 151 I _   0.113 0.058 0.002 0.032 0.050 0.069 0.076 0.599 
 152 F _   0.117 0.065 0.003 0.034 0.053 0.069 0.074 0.585 
 153 Y _   0.118 0.070 0.003 0.036 0.052 0.068 0.073 0.581 
 154 Q _   0.115 0.072 0.002 0.036 0.050 0.065 0.072 0.588 
 155 T _   0.108 0.071 0.002 0.036 0.046 0.060 0.072 0.604 
 156 C _   0.101 0.068 0.002 0.033 0.040 0.055 0.072 0.628 
 157 R _   0.091 0.063 0.002 0.031 0.034 0.050 0.072 0.657 
 158 A _   0.079 0.056 0.002 0.027 0.027 0.044 0.073 0.692 
 159 V _   0.068 0.048 0.002 0.023 0.021 0.037 0.074 0.728 
 160 Q _   0.056 0.040 0.001 0.018 0.015 0.032 0.075 0.763 
 161 H _   0.046 0.031 0.001 0.015 0.011 0.027 0.075 0.794 
 162 M _   0.036 0.024 0.001 0.012 0.008 0.022 0.076 0.820 
 163 H _   0.029 0.019 0.001 0.009 0.006 0.019 0.076 0.841 
 164 R _   0.023 0.015 0.001 0.008 0.005 0.016 0.076 0.857 
 165 Q _   0.019 0.012 0.000 0.007 0.004 0.014 0.076 0.867 
 166 K _   0.016 0.011 0.000 0.006 0.004 0.013 0.076 0.875 
 167 P _   0.013 0.011 0.000 0.006 0.003 0.012 0.075 0.879 
 168 P _   0.012 0.011 0.000 0.006 0.004 0.011 0.075 0.881 
 169 I _   0.011 0.012 0.000 0.007 0.004 0.011 0.074 0.880 
 170 I _   0.011 0.013 0.000 0.008 0.004 0.012 0.073 0.879 
 171 H _   0.011 0.016 0.001 0.009 0.005 0.012 0.072 0.875 
 172 R _   0.011 0.019 0.001 0.010 0.005 0.013 0.071 0.871 
 173 D _   0.011 0.022 0.001 0.012 0.005 0.013 0.070 0.867 
 174 L _   0.011 0.026 0.001 0.013 0.006 0.014 0.069 0.862 
 175 K _   0.010 0.030 0.001 0.014 0.006 0.014 0.067 0.857 
 176 V _   0.010 0.034 0.001 0.015 0.007 0.014 0.066 0.853 
 177 E _   0.011 0.038 0.001 0.016 0.007 0.015 0.065 0.849 
 178 N _   0.011 0.041 0.001 0.016 0.007 0.015 0.064 0.845 
 179 L _   0.011 0.045 0.001 0.016 0.007 0.015 0.063 0.842 
 180 L _   0.011 0.047 0.001 0.016 0.007 0.015 0.063 0.840 
 181 L _   0.011 0.049 0.001 0.016 0.007 0.015 0.062 0.840 
 182 S _   0.011 0.051 0.001 0.015 0.007 0.015 0.061 0.840 
 183 N _   0.011 0.052 0.001 0.015 0.006 0.015 0.061 0.840 
 184 Q _   0.011 0.054 0.001 0.014 0.006 0.015 0.060 0.839 
 185 G _   0.011 0.056 0.001 0.014 0.007 0.015 0.060 0.837 
 186 T _   0.012 0.058 0.001 0.014 0.007 0.016 0.059 0.834 
 187 I _   0.012 0.061 0.001 0.015 0.007 0.016 0.059 0.829 
 188 K _   0.012 0.065 0.001 0.017 0.007 0.017 0.058 0.823 
 189 L _   0.013 0.068 0.001 0.019 0.008 0.017 0.058 0.816 
 190 C _   0.013 0.072 0.001 0.022 0.009 0.017 0.057 0.809 
 191 D _   0.013 0.075 0.001 0.025 0.009 0.018 0.057 0.803 
 192 F _   0.013 0.077 0.001 0.027 0.010 0.017 0.056 0.798 
 193 G _   0.013 0.078 0.001 0.029 0.010 0.017 0.057 0.796 
 194 S _   0.012 0.077 0.001 0.030 0.010 0.016 0.057 0.797 
 195 A _   0.012 0.074 0.001 0.029 0.009 0.015 0.057 0.803 
 196 T _   0.011 0.069 0.001 0.026 0.008 0.014 0.058 0.813 
 197 T _   0.011 0.061 0.001 0.022 0.007 0.013 0.059 0.827 
 198 I _   0.010 0.051 0.001 0.018 0.005 0.011 0.060 0.843 
 199 S _   0.009 0.041 0.001 0.014 0.004 0.010 0.061 0.861 
 200 H _   0.008 0.032 0.000 0.010 0.003 0.009 0.062 0.876 
 201 Y _   0.007 0.026 0.000 0.007 0.002 0.008 0.062 0.888 
 202 P _   0.006 0.022 0.000 0.005 0.002 0.007 0.062 0.895 
 203 D _   0.006 0.020 0.000 0.004 0.002 0.008 0.062 0.898 
 204 Y _   0.006 0.020 0.000 0.004 0.002 0.009 0.061 0.898 
 205 S _   0.007 0.022 0.000 0.005 0.003 0.010 0.060 0.893 
 206 W _   0.008 0.027 0.000 0.007 0.004 0.013 0.058 0.882 
 207 S _   0.010 0.038 0.001 0.012 0.006 0.016 0.056 0.862 
 208 A _   0.012 0.057 0.001 0.018 0.009 0.020 0.053 0.831 
 209 Q _   0.013 0.083 0.001 0.026 0.012 0.023 0.050 0.792 
 210 R _   0.014 0.111 0.001 0.036 0.015 0.025 0.047 0.751 
 211 R _   0.014 0.135 0.001 0.045 0.017 0.027 0.044 0.716 
 212 A _   0.015 0.151 0.001 0.052 0.019 0.027 0.042 0.693 
 213 L _   0.015 0.160 0.001 0.055 0.020 0.028 0.040 0.681 
 214 V _   0.016 0.163 0.001 0.056 0.019 0.027 0.039 0.679 
 215 E _   0.016 0.162 0.001 0.053 0.018 0.026 0.038 0.686 
 216 E _   0.016 0.154 0.001 0.048 0.017 0.024 0.038 0.702 
 217 E _   0.016 0.141 0.001 0.040 0.015 0.022 0.038 0.727 
 218 I _   0.016 0.121 0.001 0.032 0.013 0.021 0.038 0.759 
 219 T _   0.016 0.098 0.001 0.024 0.010 0.019 0.039 0.794 
 220 R _   0.015 0.075 0.001 0.017 0.008 0.018 0.039 0.827 
 221 N _   0.015 0.057 0.001 0.013 0.007 0.016 0.040 0.852 
 222 T _   0.014 0.044 0.001 0.010 0.006 0.016 0.040 0.871 
 223 T _   0.014 0.036 0.001 0.008 0.005 0.015 0.040 0.882 
 224 P _   0.013 0.032 0.001 0.008 0.005 0.015 0.039 0.887 
 225 M _   0.013 0.030 0.001 0.009 0.005 0.015 0.039 0.889 
 226 Y _   0.013 0.028 0.001 0.010 0.006 0.015 0.038 0.888 
 227 R _   0.013 0.028 0.001 0.012 0.006 0.016 0.038 0.886 
 228 T _   0.013 0.029 0.001 0.015 0.007 0.016 0.037 0.883 
 229 P _   0.013 0.029 0.001 0.017 0.008 0.016 0.037 0.880 
 230 E _   0.013 0.029 0.001 0.019 0.008 0.016 0.036 0.879 
 231 I _   0.012 0.028 0.001 0.020 0.008 0.015 0.035 0.880 
 232 I _   0.012 0.027 0.001 0.021 0.008 0.015 0.035 0.882 
 233 D _   0.012 0.024 0.001 0.020 0.007 0.014 0.035 0.887 
 234 L _   0.011 0.021 0.001 0.019 0.007 0.013 0.034 0.895 
 235 Y _   0.011 0.017 0.001 0.016 0.006 0.011 0.034 0.905 
 236 S _   0.011 0.012 0.001 0.012 0.005 0.010 0.034 0.915 
 237 N _   0.012 0.007 0.001 0.009 0.004 0.009 0.033 0.924 
 238 F _   0.015 0.004 0.000 0.006 0.003 0.008 0.033 0.931 
 239 P _   0.020 0.002 0.000 0.004 0.002 0.008 0.032 0.932 
 240 I _   0.029 0.001 0.000 0.003 0.002 0.008 0.031 0.927 
 241 G _   0.047 0.000 0.000 0.002 0.002 0.008 0.029 0.911 
 242 E _   0.080 0.000 0.000 0.002 0.003 0.010 0.027 0.878 
 243 K _   0.138 0.000 0.001 0.001 0.005 0.012 0.024 0.819 
 244 Q _   0.226 0.000 0.001 0.001 0.007 0.016 0.021 0.728 
 245 D _   0.343 0.000 0.001 0.002 0.011 0.020 0.017 0.607 
 246 I _   0.470 0.000 0.001 0.002 0.016 0.023 0.014 0.474 
 247 W H   0.582 0.000 0.001 0.002 0.022 0.025 0.012 0.355 
 248 A H   0.669 0.000 0.002 0.002 0.028 0.026 0.011 0.262 
 249 L H   0.732 0.000 0.002 0.002 0.032 0.026 0.010 0.197 
 250 G H   0.769 0.000 0.002 0.002 0.035 0.025 0.010 0.157 
 251 C H   0.789 0.000 0.002 0.003 0.036 0.024 0.010 0.136 
 252 I H   0.793 0.000 0.002 0.003 0.037 0.022 0.011 0.131 
 253 L H   0.781 0.001 0.002 0.004 0.037 0.021 0.012 0.142 
 254 Y H   0.750 0.001 0.002 0.004 0.036 0.020 0.014 0.172 
 255 L H   0.697 0.001 0.002 0.005 0.034 0.019 0.017 0.225 
 256 L H   0.616 0.000 0.002 0.005 0.029 0.018 0.021 0.307 
 257 C H   0.513 0.000 0.002 0.005 0.022 0.017 0.026 0.415 
 258 F _   0.395 0.000 0.002 0.004 0.015 0.014 0.032 0.537 
 259 R _   0.282 0.000 0.001 0.004 0.010 0.012 0.039 0.652 
 260 Q _   0.187 0.000 0.001 0.003 0.006 0.010 0.044 0.749 
 261 H _   0.117 0.000 0.001 0.003 0.004 0.009 0.049 0.818 
 262 P _   0.070 0.000 0.000 0.002 0.003 0.008 0.052 0.865 
 263 F _   0.042 0.000 0.000 0.003 0.002 0.007 0.054 0.891 
 264 E _   0.027 0.000 0.000 0.003 0.002 0.007 0.056 0.903 
 265 D _   0.019 0.001 0.000 0.004 0.002 0.008 0.058 0.907 
 266 G _   0.015 0.002 0.000 0.007 0.003 0.009 0.059 0.904 
 267 A _   0.013 0.005 0.000 0.011 0.004 0.010 0.060 0.897 
 268 K _   0.012 0.008 0.001 0.016 0.005 0.012 0.061 0.887 
 269 L _   0.011 0.010 0.001 0.022 0.007 0.012 0.061 0.876 
 270 R _   0.011 0.013 0.001 0.026 0.007 0.013 0.063 0.868 
 271 I _   0.010 0.014 0.001 0.028 0.008 0.013 0.064 0.864 
 272 V _   0.009 0.014 0.001 0.027 0.007 0.012 0.066 0.864 
 273 N _   0.009 0.012 0.001 0.023 0.006 0.011 0.068 0.870 
 274 G _   0.008 0.010 0.001 0.018 0.005 0.010 0.070 0.877 
 275 K _   0.008 0.007 0.000 0.013 0.004 0.009 0.073 0.886 
 276 Y _   0.007 0.004 0.000 0.008 0.003 0.008 0.075 0.894 
 277 S _   0.007 0.002 0.000 0.005 0.002 0.007 0.076 0.900 
 278 I _   0.007 0.001 0.000 0.003 0.002 0.007 0.077 0.902 
 279 P _   0.008 0.000 0.000 0.002 0.002 0.008 0.078 0.901 
 280 P _   0.012 0.000 0.000 0.002 0.002 0.010 0.078 0.896 
 281 H _   0.019 0.000 0.000 0.002 0.002 0.015 0.078 0.884 
 282 D _   0.031 0.000 0.000 0.002 0.004 0.021 0.077 0.864 
 283 T _   0.051 0.001 0.001 0.003 0.007 0.031 0.076 0.831 
 284 Q _   0.076 0.003 0.001 0.005 0.014 0.043 0.074 0.783 
 285 Y _   0.105 0.009 0.002 0.009 0.025 0.056 0.072 0.722 
 286 T _   0.132 0.021 0.002 0.015 0.040 0.069 0.070 0.650 
 287 V _   0.156 0.039 0.003 0.023 0.056 0.078 0.069 0.578 
 288 F _   0.172 0.059 0.003 0.032 0.067 0.083 0.068 0.516 
 289 H _   0.183 0.076 0.003 0.041 0.074 0.084 0.068 0.473 
 290 S _   0.187 0.086 0.003 0.047 0.076 0.082 0.068 0.450 
 291 L _   0.187 0.091 0.003 0.052 0.073 0.077 0.070 0.446 
 292 I _   0.181 0.091 0.003 0.052 0.067 0.071 0.073 0.462 
 293 R _   0.169 0.086 0.003 0.048 0.058 0.064 0.076 0.496 
 294 A _   0.152 0.074 0.003 0.040 0.047 0.055 0.080 0.550 
 295 M _   0.132 0.054 0.003 0.029 0.033 0.046 0.085 0.618 
 296 L _   0.109 0.032 0.002 0.018 0.021 0.038 0.090 0.690 
 297 Q _   0.087 0.014 0.001 0.010 0.012 0.030 0.093 0.752 
 298 V _   0.068 0.005 0.001 0.005 0.007 0.025 0.096 0.794 
 299 N _   0.055 0.001 0.000 0.003 0.004 0.021 0.097 0.819 
 300 P _   0.048 0.000 0.000 0.002 0.003 0.020 0.098 0.830 
 301 E _   0.046 0.000 0.000 0.001 0.003 0.020 0.099 0.831 
 302 E _   0.049 0.000 0.000 0.001 0.003 0.022 0.099 0.824 
 303 R _   0.057 0.000 0.000 0.002 0.005 0.027 0.100 0.809 
 304 L _   0.069 0.001 0.001 0.003 0.008 0.032 0.100 0.786 
 305 S _   0.082 0.003 0.001 0.006 0.013 0.039 0.100 0.757 
 306 I _   0.096 0.007 0.001 0.009 0.019 0.046 0.100 0.722 
 307 A _   0.108 0.014 0.002 0.014 0.026 0.051 0.100 0.685 
 308 E _   0.116 0.023 0.002 0.020 0.032 0.055 0.101 0.650 
 309 V _   0.122 0.033 0.002 0.025 0.037 0.057 0.102 0.622 
 310 V _   0.123 0.041 0.002 0.031 0.040 0.057 0.104 0.603 
 311 H _   0.120 0.046 0.002 0.035 0.041 0.056 0.106 0.593 
 312 Q _   0.115 0.050 0.002 0.038 0.040 0.053 0.109 0.593 
 313 L _   0.106 0.051 0.002 0.039 0.036 0.049 0.113 0.602 
 314 Q _   0.096 0.050 0.002 0.039 0.031 0.044 0.118 0.619 
 315 E _   0.084 0.047 0.002 0.036 0.026 0.038 0.124 0.643 
 316 I _   0.070 0.042 0.002 0.031 0.020 0.032 0.130 0.673 
 317 A _   0.057 0.034 0.001 0.025 0.014 0.026 0.137 0.706 
 318 A _   0.044 0.026 0.001 0.018 0.010 0.021 0.143 0.738 
 319 A _   0.033 0.018 0.001 0.012 0.006 0.016 0.147 0.766 
 320 R _   0.024 0.012 0.001 0.008 0.004 0.012 0.151 0.788 
 321 N _   0.017 0.008 0.000 0.005 0.003 0.010 0.154 0.803 
 322 V _   0.012 0.007 0.000 0.003 0.002 0.008 0.156 0.812 
 323 N _   0.009 0.006 0.000 0.003 0.002 0.007 0.156 0.816 
 324 P _   0.008 0.007 0.000 0.003 0.002 0.008 0.157 0.815 
 325 K _   0.008 0.010 0.000 0.004 0.002 0.009 0.157 0.810 
 326 S _   0.008 0.017 0.000 0.007 0.003 0.010 0.156 0.798 
 327 P _   0.009 0.031 0.001 0.012 0.005 0.012 0.154 0.776 
 328 I _   0.009 0.053 0.001 0.018 0.007 0.014 0.152 0.745 
 329 T _   0.009 0.080 0.001 0.026 0.008 0.015 0.150 0.711 
 330 E _   0.009 0.104 0.001 0.032 0.009 0.016 0.149 0.680 
 331 L _   0.008 0.122 0.001 0.037 0.010 0.016 0.148 0.658 
 332 L _   0.008 0.134 0.001 0.039 0.009 0.016 0.147 0.646 
 333 E _   0.007 0.140 0.001 0.039 0.009 0.015 0.148 0.641 
 334 Q _   0.007 0.143 0.001 0.037 0.008 0.014 0.149 0.640 
 335 N _   0.007 0.143 0.001 0.035 0.008 0.013 0.151 0.643 
 336 G _   0.007 0.141 0.001 0.032 0.007 0.013 0.153 0.646 
 337 G _   0.007 0.137 0.001 0.030 0.007 0.012 0.156 0.650 
 338 Y _   0.008 0.131 0.001 0.029 0.006 0.012 0.160 0.654 
 339 G _   0.008 0.124 0.001 0.027 0.006 0.011 0.165 0.658 
 340 S _   0.008 0.115 0.001 0.026 0.005 0.011 0.170 0.664 
 341 A _   0.008 0.103 0.001 0.024 0.005 0.011 0.175 0.673 
 342 T _   0.009 0.090 0.001 0.021 0.005 0.010 0.181 0.685 
 343 L _   0.008 0.074 0.001 0.018 0.004 0.009 0.187 0.700 
 344 S _   0.008 0.058 0.000 0.014 0.003 0.008 0.192 0.717 
 345 R _   0.007 0.044 0.000 0.010 0.002 0.007 0.196 0.733 
 346 G _   0.006 0.033 0.000 0.007 0.002 0.006 0.199 0.747 
 347 P _   0.005 0.026 0.000 0.005 0.001 0.005 0.200 0.756 
 348 P _   0.004 0.022 0.000 0.004 0.001 0.004 0.201 0.763 
 349 P _   0.004 0.021 0.000 0.003 0.001 0.004 0.200 0.767 
 350 P _   0.004 0.021 0.000 0.003 0.001 0.004 0.198 0.769 
 351 V _   0.004 0.023 0.000 0.004 0.001 0.005 0.195 0.769 
 352 G _   0.004 0.028 0.000 0.005 0.002 0.007 0.190 0.764 
 353 P _   0.005 0.040 0.000 0.009 0.003 0.009 0.182 0.753 
 354 A _   0.006 0.064 0.001 0.014 0.005 0.012 0.171 0.728 
 355 G _   0.007 0.106 0.001 0.022 0.007 0.015 0.156 0.687 
 356 S _   0.007 0.170 0.001 0.030 0.010 0.017 0.137 0.627 
 357 G _   0.007 0.246 0.002 0.039 0.012 0.018 0.119 0.558 
 358 Y _   0.006 0.321 0.002 0.046 0.013 0.018 0.101 0.494 
 359 S _   0.005 0.382 0.001 0.050 0.012 0.017 0.088 0.444 
 360 G E   0.005 0.424 0.001 0.051 0.011 0.016 0.079 0.413 
 361 G E   0.004 0.449 0.001 0.051 0.010 0.015 0.072 0.397 
 362 L E   0.004 0.462 0.001 0.048 0.010 0.014 0.068 0.394 
 363 A E   0.004 0.467 0.001 0.044 0.009 0.013 0.065 0.398 
 364 L E   0.004 0.465 0.001 0.038 0.008 0.012 0.062 0.410 
 365 A E   0.004 0.457 0.001 0.031 0.007 0.012 0.061 0.427 
 366 E _   0.004 0.444 0.001 0.024 0.006 0.011 0.059 0.450 
 367 Y _   0.005 0.428 0.001 0.018 0.005 0.011 0.058 0.474 
 368 D _   0.005 0.413 0.001 0.013 0.005 0.012 0.058 0.494 
 369 Q _   0.006 0.402 0.000 0.010 0.004 0.012 0.057 0.509 
 370 P _   0.006 0.396 0.000 0.009 0.004 0.014 0.056 0.515 
 371 Y _   0.007 0.395 0.000 0.009 0.004 0.015 0.054 0.514 
 372 G _   0.009 0.400 0.001 0.010 0.006 0.017 0.053 0.506 
 373 G _   0.010 0.411 0.001 0.012 0.007 0.019 0.050 0.489 
 374 F _   0.012 0.429 0.001 0.016 0.010 0.021 0.048 0.464 
 375 L E   0.013 0.451 0.001 0.021 0.012 0.022 0.046 0.434 
 376 D E   0.013 0.473 0.001 0.027 0.014 0.023 0.043 0.406 
 377 I E   0.013 0.491 0.001 0.032 0.015 0.023 0.041 0.383 
 378 L E   0.013 0.502 0.001 0.036 0.016 0.023 0.040 0.368 
 379 R E   0.013 0.507 0.001 0.040 0.017 0.022 0.039 0.361 
 380 G E   0.013 0.506 0.001 0.042 0.017 0.022 0.038 0.361 
 381 G E   0.014 0.498 0.001 0.043 0.016 0.021 0.038 0.369 
 382 T E   0.014 0.478 0.001 0.043 0.016 0.019 0.039 0.390 
 383 E E   0.014 0.442 0.002 0.041 0.015 0.019 0.040 0.428 
 384 R _   0.015 0.383 0.002 0.038 0.015 0.018 0.042 0.489 
 385 L _   0.015 0.303 0.002 0.032 0.014 0.017 0.045 0.572 
 386 F _   0.015 0.211 0.002 0.025 0.011 0.017 0.048 0.672 
 387 T _   0.014 0.129 0.001 0.018 0.008 0.015 0.050 0.764 
 388 N _   0.012 0.074 0.001 0.011 0.006 0.014 0.052 0.830 
 389 L _   0.011 0.046 0.001 0.007 0.004 0.013 0.053 0.867 
 390 K _   0.009 0.034 0.000 0.004 0.003 0.012 0.053 0.884 
 391 D _   0.009 0.030 0.000 0.004 0.003 0.013 0.053 0.888 
 392 T _   0.010 0.030 0.000 0.005 0.003 0.015 0.053 0.885 
 393 S _   0.012 0.033 0.001 0.008 0.005 0.017 0.052 0.874 
 394 S _   0.014 0.040 0.001 0.014 0.008 0.021 0.050 0.853 
 395 K _   0.015 0.054 0.001 0.024 0.011 0.024 0.048 0.822 
 396 V _   0.016 0.070 0.001 0.036 0.015 0.026 0.047 0.790 
 397 I _   0.017 0.082 0.001 0.046 0.017 0.027 0.045 0.764 
 398 Q _   0.017 0.089 0.001 0.054 0.019 0.028 0.044 0.749 
 399 S _   0.017 0.091 0.001 0.056 0.019 0.027 0.043 0.746 
 400 V _   0.016 0.089 0.001 0.054 0.018 0.025 0.043 0.753 
 401 A _   0.015 0.083 0.001 0.048 0.016 0.024 0.043 0.770 
 402 N _   0.015 0.071 0.001 0.038 0.013 0.021 0.044 0.796 
 403 Y _   0.014 0.054 0.001 0.028 0.010 0.019 0.045 0.829 
 404 A _   0.013 0.035 0.001 0.019 0.008 0.017 0.046 0.861 
 405 K _   0.013 0.019 0.001 0.012 0.006 0.016 0.046 0.888 
 406 G _   0.014 0.008 0.000 0.007 0.004 0.015 0.047 0.905 
 407 D _   0.015 0.003 0.000 0.004 0.003 0.015 0.047 0.912 
 408 L _   0.019 0.001 0.000 0.003 0.003 0.017 0.046 0.911 
 409 D _   0.026 0.001 0.000 0.003 0.003 0.020 0.046 0.902 
 410 I _   0.037 0.001 0.000 0.003 0.005 0.025 0.045 0.884 
 411 S _   0.054 0.001 0.001 0.004 0.008 0.031 0.044 0.858 
 412 Y _   0.075 0.001 0.001 0.006 0.014 0.040 0.042 0.821 
 413 I _   0.099 0.003 0.001 0.008 0.021 0.049 0.041 0.778 
 414 T _   0.122 0.006 0.002 0.012 0.031 0.057 0.039 0.731 
 415 S _   0.143 0.009 0.002 0.016 0.040 0.064 0.038 0.687 
 416 R _   0.160 0.014 0.002 0.020 0.047 0.068 0.038 0.651 
 417 I _   0.172 0.017 0.002 0.023 0.052 0.070 0.037 0.627 
 418 A _   0.179 0.020 0.003 0.025 0.054 0.069 0.037 0.614 
 419 V _   0.180 0.021 0.003 0.025 0.053 0.067 0.038 0.612 
 420 M _   0.176 0.022 0.002 0.025 0.051 0.064 0.038 0.622 
 421 S _   0.166 0.021 0.002 0.024 0.046 0.059 0.039 0.643 
 422 F _   0.151 0.020 0.002 0.022 0.039 0.054 0.041 0.671 
 423 P _   0.132 0.018 0.002 0.021 0.032 0.048 0.043 0.705 
 424 A _   0.112 0.016 0.002 0.019 0.025 0.042 0.044 0.740 
 425 E _   0.091 0.013 0.001 0.016 0.019 0.036 0.046 0.777 
 426 G _   0.072 0.011 0.001 0.014 0.014 0.031 0.048 0.810 
 427 V _   0.056 0.009 0.001 0.012 0.010 0.026 0.049 0.837 
 428 E _   0.043 0.007 0.001 0.009 0.007 0.022 0.050 0.860 
 429 S _   0.033 0.006 0.001 0.008 0.006 0.018 0.051 0.877 
 430 A _   0.026 0.006 0.001 0.007 0.004 0.016 0.052 0.889 
 431 L _   0.020 0.006 0.000 0.006 0.004 0.015 0.052 0.896 
 432 K _   0.017 0.006 0.000 0.007 0.004 0.014 0.052 0.899 
 433 N _   0.015 0.008 0.000 0.008 0.004 0.014 0.052 0.899 
 434 N _   0.014 0.010 0.001 0.010 0.005 0.014 0.052 0.894 
 435 I _   0.013 0.013 0.001 0.014 0.006 0.014 0.052 0.887 
 436 E _   0.013 0.016 0.001 0.018 0.007 0.015 0.052 0.879 
 437 D _   0.013 0.019 0.001 0.021 0.007 0.015 0.052 0.872 
 438 V _   0.013 0.021 0.001 0.023 0.007 0.014 0.053 0.869 
 439 R _   0.012 0.021 0.001 0.023 0.007 0.014 0.053 0.869 
 440 L _   0.011 0.021 0.001 0.021 0.006 0.012 0.053 0.874 
 441 F _   0.010 0.020 0.001 0.017 0.005 0.011 0.054 0.882 
 442 L _   0.009 0.018 0.001 0.014 0.004 0.010 0.054 0.891 
 443 D _   0.008 0.016 0.000 0.010 0.003 0.009 0.055 0.899 
 444 S _   0.007 0.014 0.000 0.008 0.003 0.008 0.055 0.905 
 445 K _   0.007 0.013 0.000 0.006 0.002 0.008 0.055 0.908 
 446 H _   0.006 0.014 0.000 0.006 0.002 0.008 0.055 0.909 
 447 P _   0.006 0.015 0.000 0.007 0.003 0.008 0.054 0.906 
 448 G _   0.007 0.018 0.000 0.009 0.003 0.009 0.054 0.900 
 449 H _   0.007 0.022 0.001 0.013 0.004 0.010 0.053 0.890 
 450 Y _   0.008 0.028 0.001 0.017 0.005 0.011 0.052 0.879 
 451 A _   0.008 0.034 0.001 0.021 0.006 0.012 0.051 0.868 
 452 V _   0.008 0.038 0.001 0.025 0.007 0.013 0.050 0.859 
 453 Y _   0.008 0.042 0.001 0.028 0.007 0.013 0.049 0.852 
 454 N _   0.008 0.044 0.001 0.029 0.007 0.013 0.049 0.850 
 455 L _   0.008 0.044 0.001 0.028 0.007 0.012 0.049 0.851 
 456 S _   0.008 0.043 0.001 0.026 0.007 0.012 0.049 0.856 
 457 P _   0.007 0.040 0.001 0.023 0.006 0.011 0.049 0.863 
 458 R _   0.007 0.036 0.001 0.019 0.005 0.010 0.049 0.871 
 459 T _   0.007 0.032 0.001 0.016 0.004 0.010 0.050 0.881 
 460 Y _   0.007 0.027 0.000 0.013 0.004 0.009 0.050 0.890 
 461 R _   0.006 0.023 0.000 0.010 0.003 0.008 0.051 0.898 
 462 P _   0.006 0.020 0.000 0.008 0.003 0.008 0.051 0.904 
 463 S _   0.006 0.018 0.000 0.006 0.002 0.008 0.051 0.909 
 464 R _   0.005 0.018 0.000 0.006 0.002 0.008 0.050 0.911 
 465 F _   0.006 0.018 0.000 0.005 0.002 0.008 0.050 0.911 
 466 H _   0.006 0.019 0.000 0.006 0.003 0.010 0.049 0.907 
 467 N _   0.007 0.023 0.000 0.008 0.004 0.012 0.047 0.899 
 468 R _   0.008 0.029 0.001 0.012 0.005 0.014 0.046 0.886 
 469 V _   0.009 0.040 0.001 0.017 0.007 0.017 0.044 0.866 
 470 S _   0.010 0.052 0.001 0.024 0.010 0.020 0.041 0.841 
 471 E _   0.011 0.064 0.001 0.032 0.012 0.023 0.039 0.817 
 472 C _   0.012 0.074 0.001 0.039 0.014 0.025 0.037 0.797 
 473 G _   0.013 0.080 0.001 0.044 0.015 0.027 0.036 0.784 
 474 W _   0.013 0.083 0.001 0.044 0.016 0.028 0.034 0.781 
 475 A _   0.014 0.082 0.001 0.042 0.015 0.028 0.033 0.784 
 476 A _   0.015 0.078 0.001 0.036 0.014 0.028 0.033 0.795 
 477 R _   0.016 0.070 0.001 0.028 0.013 0.029 0.032 0.811 
 478 R _   0.018 0.061 0.001 0.020 0.011 0.029 0.032 0.828 
 479 A _   0.020 0.052 0.001 0.014 0.010 0.030 0.031 0.842 
 480 P _   0.022 0.046 0.001 0.010 0.009 0.031 0.030 0.850 
 481 H _   0.026 0.042 0.001 0.008 0.010 0.034 0.030 0.849 
 482 L _   0.031 0.042 0.001 0.008 0.011 0.036 0.029 0.841 
 483 H _   0.037 0.043 0.001 0.010 0.014 0.040 0.028 0.826 
 484 T _   0.044 0.048 0.001 0.013 0.018 0.043 0.028 0.805 
 485 L _   0.049 0.054 0.001 0.018 0.022 0.046 0.027 0.781 
 486 Y _   0.054 0.062 0.002 0.024 0.027 0.048 0.026 0.757 
 487 N _   0.057 0.069 0.002 0.031 0.030 0.048 0.025 0.738 
 488 I _   0.059 0.074 0.002 0.035 0.031 0.047 0.025 0.727 
 489 C _   0.059 0.076 0.002 0.038 0.031 0.045 0.025 0.724 
 490 R _   0.058 0.075 0.002 0.039 0.029 0.042 0.024 0.730 
 491 N _   0.055 0.070 0.002 0.037 0.027 0.039 0.025 0.746 
 492 M _   0.051 0.063 0.002 0.033 0.023 0.035 0.025 0.770 
 493 H _   0.046 0.051 0.002 0.027 0.018 0.030 0.025 0.801 
 494 A _   0.040 0.037 0.001 0.020 0.014 0.025 0.026 0.836 
 495 W _   0.035 0.023 0.001 0.014 0.009 0.021 0.026 0.871 
 496 L _   0.029 0.012 0.001 0.009 0.007 0.017 0.026 0.899 
 497 R _   0.025 0.005 0.001 0.006 0.005 0.015 0.026 0.918 
 498 Q _   0.023 0.002 0.000 0.004 0.003 0.013 0.026 0.929 
 499 D _   0.022 0.001 0.000 0.003 0.003 0.012 0.025 0.935 
 500 H _   0.024 0.000 0.000 0.002 0.003 0.012 0.024 0.934 
 501 K _   0.028 0.000 0.000 0.003 0.003 0.012 0.023 0.929 
 502 N _   0.036 0.000 0.000 0.004 0.004 0.013 0.023 0.919 
 503 V _   0.047 0.000 0.001 0.005 0.006 0.015 0.021 0.905 
 504 C _   0.062 0.000 0.001 0.006 0.007 0.016 0.020 0.888 
 505 V _   0.080 0.000 0.001 0.006 0.008 0.017 0.019 0.869 
 506 V _   0.101 0.000 0.001 0.006 0.009 0.017 0.017 0.849 
 507 H _   0.126 0.000 0.001 0.005 0.009 0.016 0.016 0.828 
 508 C _   0.156 0.000 0.001 0.003 0.008 0.015 0.014 0.803 
 509 M _   0.192 0.000 0.001 0.002 0.007 0.013 0.012 0.772 
 510 D _   0.235 0.000 0.001 0.001 0.006 0.012 0.011 0.734 
 511 G _   0.287 0.000 0.001 0.001 0.006 0.011 0.009 0.685 
 512 R _   0.353 0.000 0.001 0.001 0.006 0.010 0.008 0.622 
 513 A _   0.434 0.000 0.001 0.001 0.006 0.009 0.006 0.543 
 514 A H   0.532 0.000 0.001 0.001 0.007 0.008 0.005 0.446 
 515 S H   0.638 0.000 0.001 0.000 0.008 0.007 0.004 0.342 
 516 A H   0.734 0.000 0.001 0.000 0.008 0.006 0.003 0.247 
 517 V H   0.813 0.000 0.001 0.000 0.008 0.005 0.002 0.170 
 518 A H   0.870 0.000 0.001 0.000 0.008 0.005 0.002 0.115 
 519 V H   0.907 0.000 0.001 0.000 0.008 0.004 0.001 0.078 
 520 C H   0.930 0.000 0.001 0.000 0.008 0.003 0.001 0.057 
 521 S H   0.943 0.000 0.001 0.000 0.008 0.003 0.001 0.045 
 522 F H   0.948 0.000 0.001 0.000 0.008 0.003 0.001 0.040 
 523 L H   0.949 0.000 0.001 0.000 0.007 0.002 0.001 0.039 
 524 C H   0.946 0.000 0.001 0.000 0.007 0.002 0.001 0.042 
 525 F H   0.939 0.000 0.001 0.000 0.007 0.003 0.001 0.049 
 526 C H   0.927 0.000 0.001 0.000 0.007 0.003 0.001 0.061 
 527 R H   0.911 0.000 0.001 0.000 0.007 0.003 0.001 0.076 
 528 L H   0.891 0.000 0.001 0.000 0.008 0.004 0.002 0.095 
 529 F H   0.868 0.000 0.001 0.000 0.008 0.005 0.002 0.116 
 530 S H   0.841 0.000 0.001 0.000 0.009 0.005 0.003 0.141 
 531 T H   0.811 0.000 0.001 0.000 0.010 0.007 0.003 0.167 
 532 A H   0.775 0.000 0.001 0.001 0.012 0.008 0.005 0.199 
 533 E H   0.733 0.000 0.001 0.001 0.014 0.010 0.006 0.235 
 534 A H   0.685 0.000 0.001 0.002 0.016 0.012 0.009 0.276 
 535 A H   0.628 0.000 0.002 0.003 0.018 0.013 0.012 0.324 
 536 V H   0.561 0.000 0.002 0.004 0.019 0.015 0.016 0.383 
 537 Y H   0.487 0.000 0.002 0.006 0.019 0.016 0.021 0.450 
 538 M _   0.406 0.001 0.002 0.008 0.017 0.017 0.027 0.524 
 539 F _   0.324 0.001 0.002 0.008 0.015 0.016 0.033 0.602 
 540 S _   0.247 0.001 0.001 0.008 0.012 0.015 0.039 0.677 
 541 M _   0.179 0.000 0.001 0.008 0.009 0.014 0.045 0.744 
 542 K _   0.123 0.000 0.001 0.006 0.006 0.012 0.050 0.801 
 543 R _   0.081 0.000 0.001 0.005 0.005 0.011 0.054 0.844 
 544 C _   0.052 0.000 0.000 0.004 0.003 0.009 0.057 0.873 
 545 P _   0.034 0.000 0.000 0.003 0.002 0.008 0.060 0.892 
 546 P _   0.023 0.000 0.000 0.003 0.002 0.008 0.062 0.903 
 547 G _   0.017 0.000 0.000 0.002 0.002 0.008 0.063 0.908 
 548 I _   0.014 0.000 0.000 0.003 0.002 0.009 0.063 0.909 
 549 W _   0.013 0.001 0.000 0.003 0.002 0.011 0.064 0.906 
 550 P _   0.014 0.002 0.000 0.004 0.003 0.014 0.064 0.900 
 551 S _   0.016 0.004 0.000 0.005 0.004 0.018 0.064 0.888 
 552 H _   0.020 0.008 0.001 0.008 0.007 0.023 0.063 0.871 
 553 K _   0.024 0.017 0.001 0.012 0.011 0.028 0.062 0.845 
 554 R _   0.028 0.031 0.001 0.017 0.016 0.034 0.061 0.811 
 555 Y _   0.033 0.051 0.002 0.023 0.021 0.039 0.060 0.771 
 556 I _   0.036 0.074 0.002 0.032 0.027 0.043 0.059 0.727 
 557 E _   0.038 0.096 0.002 0.040 0.031 0.046 0.058 0.688 
 558 Y _   0.040 0.114 0.002 0.048 0.034 0.046 0.058 0.657 
 559 M _   0.041 0.125 0.002 0.055 0.035 0.046 0.058 0.638 
 560 C _   0.040 0.131 0.002 0.060 0.035 0.044 0.059 0.629 
 561 D _   0.039 0.133 0.002 0.061 0.033 0.041 0.060 0.632 
 562 M _   0.036 0.129 0.002 0.059 0.029 0.037 0.062 0.645 
 563 V _   0.034 0.120 0.002 0.052 0.024 0.033 0.065 0.670 
 564 A _   0.031 0.103 0.002 0.043 0.019 0.029 0.068 0.706 
 565 E _   0.027 0.080 0.001 0.032 0.014 0.024 0.071 0.750 
 566 E _   0.023 0.053 0.001 0.022 0.010 0.020 0.074 0.797 
 567 P _   0.019 0.028 0.001 0.013 0.006 0.016 0.076 0.839 
 568 I _   0.015 0.012 0.001 0.007 0.004 0.014 0.078 0.869 
 569 T _   0.013 0.005 0.000 0.004 0.002 0.012 0.079 0.885 
 570 P _   0.011 0.002 0.000 0.002 0.002 0.012 0.079 0.892 
 571 H _   0.012 0.001 0.000 0.002 0.002 0.013 0.078 0.891 
 572 S _   0.016 0.001 0.000 0.002 0.003 0.017 0.078 0.884 
 573 K _   0.022 0.003 0.000 0.003 0.005 0.022 0.077 0.868 
 574 P _   0.031 0.008 0.001 0.006 0.009 0.030 0.075 0.840 
 575 I _   0.042 0.024 0.001 0.012 0.017 0.040 0.072 0.792 
 576 L _   0.051 0.058 0.002 0.021 0.027 0.048 0.069 0.724 
 577 V _   0.057 0.105 0.003 0.032 0.036 0.054 0.066 0.646 
 578 R _   0.060 0.155 0.003 0.044 0.042 0.057 0.064 0.576 
 579 A _   0.060 0.191 0.003 0.053 0.046 0.057 0.062 0.528 
 580 V _   0.060 0.213 0.003 0.060 0.046 0.056 0.061 0.500 
 581 V _   0.058 0.225 0.002 0.064 0.046 0.054 0.061 0.490 
 582 M _   0.056 0.228 0.002 0.064 0.043 0.050 0.062 0.495 
 583 T _   0.052 0.225 0.002 0.061 0.038 0.046 0.063 0.513 
 584 P _   0.048 0.213 0.002 0.054 0.033 0.041 0.065 0.544 
 585 V _   0.043 0.192 0.002 0.046 0.026 0.036 0.068 0.587 
 586 P _   0.037 0.162 0.002 0.037 0.020 0.031 0.071 0.640 
 587 L _   0.032 0.126 0.002 0.027 0.015 0.026 0.075 0.699 
 588 F _   0.026 0.090 0.001 0.018 0.010 0.021 0.078 0.756 
 589 S _   0.021 0.062 0.001 0.012 0.007 0.018 0.080 0.800 
 590 K _   0.017 0.045 0.001 0.008 0.004 0.015 0.081 0.829 
 591 Q _   0.013 0.037 0.000 0.005 0.003 0.013 0.082 0.846 
 592 R _   0.011 0.033 0.000 0.004 0.003 0.012 0.082 0.854 
 593 S _   0.010 0.033 0.000 0.004 0.003 0.012 0.082 0.855 
 594 G _   0.010 0.036 0.000 0.006 0.004 0.013 0.082 0.850 
 595 C _   0.011 0.042 0.001 0.009 0.005 0.015 0.081 0.837 
 596 R _   0.012 0.055 0.001 0.014 0.007 0.017 0.080 0.816 
 597 P _   0.012 0.071 0.001 0.020 0.009 0.018 0.078 0.790 
 598 F _   0.013 0.089 0.001 0.026 0.011 0.020 0.077 0.764 
 599 C _   0.013 0.104 0.001 0.032 0.012 0.020 0.076 0.742 
 600 E _   0.012 0.114 0.001 0.036 0.013 0.021 0.076 0.726 
 601 V _   0.012 0.120 0.001 0.039 0.014 0.021 0.075 0.718 
 602 Y _   0.012 0.124 0.001 0.039 0.013 0.020 0.076 0.715 
 603 V _   0.012 0.124 0.001 0.038 0.013 0.020 0.077 0.716 
 604 G _   0.012 0.122 0.001 0.036 0.012 0.019 0.078 0.721 
 605 D _   0.012 0.117 0.001 0.032 0.011 0.018 0.080 0.730 
 606 E _   0.012 0.109 0.001 0.029 0.010 0.016 0.082 0.741 
 607 R _   0.011 0.100 0.001 0.026 0.008 0.015 0.085 0.754 
 608 V _   0.011 0.089 0.001 0.023 0.007 0.014 0.087 0.768 
 609 A _   0.010 0.078 0.001 0.020 0.006 0.013 0.090 0.782 
 610 S _   0.009 0.066 0.001 0.018 0.006 0.012 0.092 0.797 
 611 T _   0.009 0.054 0.001 0.016 0.005 0.011 0.095 0.810 
 612 S _   0.008 0.044 0.001 0.014 0.004 0.010 0.097 0.823 
 613 Q _   0.007 0.034 0.000 0.012 0.004 0.009 0.099 0.834 
 614 E _   0.007 0.026 0.000 0.011 0.003 0.008 0.101 0.844 
 615 Y _   0.006 0.019 0.000 0.009 0.003 0.007 0.103 0.853 
 616 D _   0.006 0.014 0.000 0.008 0.002 0.007 0.104 0.859 
 617 K _   0.005 0.010 0.000 0.007 0.002 0.006 0.105 0.864 
 618 M _   0.005 0.007 0.000 0.006 0.002 0.006 0.105 0.868 
 619 R _   0.005 0.005 0.000 0.006 0.002 0.006 0.105 0.871 
 620 D _   0.005 0.003 0.000 0.005 0.002 0.006 0.105 0.873 
 621 F _   0.005 0.002 0.000 0.005 0.002 0.007 0.105 0.874 
 622 K _   0.005 0.002 0.000 0.005 0.002 0.007 0.104 0.875 
 623 I _   0.006 0.001 0.000 0.005 0.002 0.009 0.103 0.874 
 624 E _   0.007 0.001 0.000 0.005 0.003 0.010 0.101 0.872 
 625 D _   0.008 0.001 0.000 0.006 0.003 0.013 0.099 0.869 
 626 G _   0.011 0.001 0.000 0.007 0.004 0.016 0.097 0.862 
 627 K _   0.016 0.002 0.001 0.008 0.005 0.021 0.095 0.853 
 628 A _   0.022 0.002 0.001 0.010 0.008 0.026 0.093 0.839 
 629 V _   0.030 0.002 0.001 0.012 0.010 0.032 0.090 0.822 
 630 I _   0.042 0.002 0.001 0.014 0.013 0.038 0.087 0.802 
 631 P _   0.055 0.003 0.001 0.015 0.017 0.044 0.084 0.780 
 632 L _   0.072 0.003 0.001 0.015 0.020 0.050 0.082 0.756 
 633 G _   0.091 0.002 0.002 0.014 0.024 0.056 0.080 0.731 
 634 V _   0.112 0.002 0.002 0.013 0.027 0.060 0.078 0.706 
 635 T _   0.135 0.002 0.002 0.010 0.029 0.064 0.076 0.682 
 636 V _   0.156 0.001 0.002 0.009 0.031 0.067 0.075 0.659 
 637 Q _   0.177 0.001 0.002 0.008 0.034 0.069 0.074 0.636 
 638 G _   0.197 0.001 0.002 0.007 0.037 0.071 0.073 0.612 
 639 D _   0.215 0.001 0.002 0.008 0.039 0.071 0.073 0.591 
 640 V _   0.229 0.002 0.002 0.008 0.041 0.071 0.074 0.573 
 641 L _   0.237 0.002 0.002 0.010 0.042 0.070 0.075 0.562 
 642 I _   0.239 0.002 0.002 0.011 0.043 0.068 0.077 0.558 
 643 V _   0.235 0.003 0.002 0.012 0.042 0.066 0.080 0.560 
 644 I _   0.226 0.003 0.002 0.013 0.040 0.062 0.083 0.571 
 645 Y _   0.211 0.003 0.002 0.013 0.036 0.058 0.086 0.590 
 646 H _   0.191 0.003 0.002 0.012 0.032 0.054 0.090 0.616 
 647 A _   0.169 0.003 0.002 0.011 0.027 0.050 0.095 0.644 
 648 R _   0.147 0.002 0.002 0.010 0.023 0.045 0.100 0.671 
 649 S _   0.124 0.002 0.001 0.010 0.019 0.041 0.104 0.698 
 650 T _   0.103 0.002 0.001 0.010 0.016 0.038 0.109 0.721 
 651 L _   0.085 0.002 0.001 0.010 0.013 0.035 0.114 0.739 
 652 G _   0.070 0.002 0.001 0.010 0.012 0.032 0.119 0.753 
 653 G _   0.058 0.003 0.001 0.011 0.011 0.029 0.124 0.763 
 654 R _   0.048 0.003 0.001 0.011 0.010 0.027 0.129 0.770 
 655 L _   0.040 0.003 0.001 0.011 0.009 0.025 0.133 0.777 
 656 Q _   0.035 0.003 0.001 0.010 0.008 0.024 0.138 0.782 
 657 A _   0.030 0.003 0.001 0.009 0.007 0.023 0.142 0.785 
 658 K _   0.027 0.003 0.001 0.009 0.007 0.022 0.146 0.786 
 659 M _   0.026 0.003 0.001 0.008 0.007 0.021 0.150 0.785 
 660 A _   0.025 0.003 0.001 0.008 0.007 0.022 0.154 0.781 
 661 S _   0.025 0.004 0.001 0.008 0.007 0.022 0.158 0.775 
 662 M _   0.027 0.004 0.001 0.009 0.008 0.023 0.162 0.765 
 663 K _   0.028 0.006 0.001 0.010 0.009 0.024 0.167 0.754 
