#TopoPred_TM8: 8-state transmembrane topology prediction results by no_profile mode 
#probabilities are in the order of H E C I L F X _, the 8 transmembrane topology types used in PDBTM 
   1 M X   0.011 0.001 0.002 0.062 0.009 0.010 0.774 0.130 
   2 L X   0.005 0.001 0.000 0.040 0.002 0.005 0.798 0.148 
   3 K X   0.002 0.001 0.000 0.024 0.001 0.004 0.804 0.165 
   4 F X   0.001 0.001 0.000 0.016 0.001 0.003 0.802 0.175 
   5 K X   0.002 0.001 0.000 0.012 0.001 0.004 0.797 0.184 
   6 Y X   0.002 0.001 0.000 0.009 0.001 0.004 0.788 0.194 
   7 G X   0.002 0.002 0.000 0.008 0.001 0.005 0.778 0.204 
   8 A X   0.002 0.004 0.000 0.007 0.001 0.005 0.763 0.217 
   9 R X   0.003 0.006 0.000 0.008 0.002 0.006 0.745 0.231 
  10 N X   0.003 0.010 0.000 0.009 0.002 0.007 0.722 0.247 
  11 P X   0.003 0.017 0.000 0.012 0.003 0.008 0.695 0.263 
  12 L X   0.003 0.029 0.001 0.015 0.004 0.010 0.661 0.277 
  13 D X   0.003 0.047 0.001 0.020 0.005 0.012 0.623 0.289 
  14 A X   0.004 0.071 0.001 0.026 0.007 0.013 0.582 0.297 
  15 G X   0.004 0.100 0.001 0.030 0.008 0.014 0.540 0.302 
  16 A X   0.004 0.130 0.001 0.034 0.009 0.015 0.500 0.305 
  17 A X   0.004 0.159 0.001 0.037 0.009 0.016 0.464 0.309 
  18 E X   0.004 0.184 0.001 0.038 0.009 0.016 0.433 0.314 
  19 P X   0.004 0.204 0.001 0.038 0.009 0.016 0.407 0.321 
  20 I X   0.004 0.218 0.001 0.037 0.009 0.016 0.384 0.330 
  21 A X   0.005 0.229 0.001 0.035 0.009 0.016 0.366 0.340 
  22 S X   0.005 0.236 0.001 0.033 0.009 0.016 0.351 0.349 
  23 R _   0.005 0.241 0.001 0.032 0.009 0.016 0.337 0.358 
  24 A _   0.006 0.244 0.001 0.031 0.009 0.016 0.326 0.367 
  25 S _   0.006 0.246 0.001 0.030 0.009 0.016 0.316 0.375 
  26 R _   0.007 0.245 0.001 0.030 0.009 0.016 0.308 0.384 
  27 L _   0.007 0.243 0.001 0.030 0.009 0.016 0.301 0.392 
  28 N _   0.008 0.239 0.001 0.030 0.009 0.016 0.295 0.403 
  29 L _   0.009 0.231 0.001 0.029 0.009 0.015 0.290 0.417 
  30 F _   0.009 0.219 0.001 0.027 0.009 0.015 0.286 0.435 
  31 F _   0.010 0.202 0.001 0.025 0.008 0.014 0.283 0.457 
  32 Q _   0.010 0.180 0.001 0.023 0.008 0.014 0.280 0.485 
  33 G _   0.010 0.154 0.001 0.021 0.007 0.013 0.278 0.516 
  34 K _   0.010 0.127 0.001 0.018 0.007 0.013 0.277 0.547 
  35 P _   0.010 0.101 0.001 0.016 0.006 0.012 0.276 0.579 
  36 P _   0.010 0.077 0.001 0.014 0.005 0.011 0.274 0.607 
  37 F _   0.009 0.058 0.001 0.012 0.005 0.011 0.273 0.631 
  38 M _   0.009 0.042 0.001 0.011 0.004 0.010 0.271 0.653 
  39 T _   0.008 0.029 0.000 0.009 0.003 0.009 0.269 0.671 
  40 Q _   0.008 0.018 0.000 0.008 0.003 0.009 0.266 0.687 
  41 Q _   0.007 0.011 0.000 0.006 0.003 0.008 0.263 0.701 
  42 Q _   0.008 0.006 0.000 0.005 0.002 0.008 0.258 0.712 
  43 M _   0.009 0.003 0.000 0.004 0.002 0.009 0.253 0.720 
  44 S _   0.012 0.001 0.000 0.003 0.002 0.010 0.247 0.724 
  45 P _   0.019 0.001 0.000 0.003 0.002 0.012 0.240 0.723 
  46 L _   0.031 0.000 0.000 0.003 0.003 0.016 0.232 0.714 
  47 S _   0.051 0.000 0.001 0.003 0.005 0.022 0.222 0.696 
  48 R _   0.083 0.000 0.001 0.003 0.009 0.030 0.211 0.662 
  49 E _   0.125 0.000 0.001 0.004 0.016 0.040 0.198 0.615 
  50 G _   0.171 0.001 0.002 0.006 0.026 0.050 0.185 0.559 
  51 I _   0.218 0.002 0.002 0.008 0.038 0.059 0.172 0.500 
  52 L _   0.258 0.004 0.002 0.011 0.050 0.065 0.162 0.447 
  53 D _   0.289 0.006 0.003 0.015 0.058 0.069 0.155 0.406 
  54 A _   0.312 0.009 0.003 0.018 0.063 0.069 0.149 0.379 
  55 L _   0.322 0.010 0.003 0.021 0.063 0.066 0.145 0.370 
  56 F _   0.322 0.010 0.003 0.021 0.060 0.063 0.142 0.378 
  57 V _   0.313 0.010 0.003 0.020 0.054 0.057 0.140 0.403 
  58 L _   0.292 0.008 0.003 0.016 0.046 0.051 0.139 0.445 
  59 F _   0.263 0.005 0.002 0.012 0.035 0.045 0.138 0.499 
  60 E _   0.228 0.003 0.002 0.008 0.025 0.038 0.138 0.558 
  61 E _   0.190 0.001 0.001 0.005 0.017 0.033 0.138 0.614 
  62 C _   0.155 0.001 0.001 0.004 0.012 0.028 0.138 0.662 
  63 S _   0.125 0.000 0.001 0.003 0.008 0.025 0.138 0.699 
  64 Q _   0.101 0.000 0.001 0.003 0.007 0.022 0.138 0.728 
  65 P _   0.083 0.000 0.001 0.004 0.006 0.021 0.138 0.747 
  66 A _   0.069 0.000 0.001 0.005 0.006 0.020 0.138 0.761 
  67 L _   0.058 0.001 0.001 0.006 0.006 0.020 0.138 0.771 
  68 M _   0.050 0.001 0.001 0.007 0.007 0.019 0.137 0.778 
  69 K _   0.043 0.001 0.001 0.009 0.007 0.019 0.137 0.784 
  70 I _   0.037 0.002 0.001 0.009 0.007 0.018 0.136 0.790 
  71 K _   0.032 0.002 0.001 0.010 0.007 0.018 0.136 0.795 
  72 H _   0.028 0.002 0.001 0.010 0.007 0.017 0.135 0.800 
  73 V _   0.025 0.002 0.001 0.010 0.007 0.016 0.135 0.805 
  74 S _   0.023 0.003 0.001 0.009 0.006 0.016 0.134 0.809 
  75 N _   0.021 0.003 0.001 0.008 0.006 0.015 0.134 0.813 
  76 F _   0.020 0.003 0.001 0.008 0.005 0.015 0.133 0.816 
  77 V _   0.019 0.003 0.001 0.007 0.005 0.015 0.133 0.818 
  78 R _   0.018 0.004 0.001 0.007 0.005 0.015 0.132 0.819 
  79 K _   0.017 0.004 0.001 0.008 0.005 0.015 0.131 0.819 
  80 Y _   0.017 0.006 0.001 0.009 0.006 0.015 0.130 0.817 
  81 S _   0.016 0.007 0.001 0.011 0.007 0.016 0.129 0.813 
  82 D _   0.016 0.010 0.001 0.015 0.007 0.016 0.128 0.807 
  83 T _   0.017 0.012 0.001 0.019 0.008 0.017 0.127 0.800 
  84 I _   0.016 0.014 0.001 0.022 0.009 0.017 0.126 0.794 
  85 A _   0.016 0.016 0.001 0.025 0.009 0.016 0.126 0.791 
  86 E _   0.015 0.016 0.001 0.026 0.009 0.016 0.126 0.792 
  87 L _   0.014 0.015 0.001 0.024 0.008 0.014 0.126 0.799 
  88 Q _   0.012 0.013 0.001 0.020 0.006 0.012 0.126 0.810 
  89 E _   0.010 0.010 0.001 0.015 0.005 0.011 0.126 0.823 
  90 L _   0.009 0.007 0.000 0.010 0.003 0.009 0.126 0.835 
  91 Q _   0.007 0.004 0.000 0.007 0.002 0.008 0.125 0.846 
  92 P _   0.006 0.002 0.000 0.004 0.002 0.007 0.125 0.853 
  93 S _   0.006 0.001 0.000 0.003 0.002 0.007 0.123 0.857 
  94 A _   0.007 0.001 0.000 0.002 0.002 0.008 0.121 0.858 
  95 K _   0.009 0.001 0.000 0.002 0.002 0.011 0.119 0.856 
  96 D _   0.012 0.002 0.000 0.003 0.003 0.014 0.116 0.849 
  97 F _   0.017 0.004 0.000 0.005 0.005 0.020 0.113 0.837 
  98 E _   0.024 0.008 0.001 0.008 0.008 0.027 0.108 0.815 
  99 V _   0.032 0.018 0.001 0.014 0.014 0.035 0.103 0.785 
 100 R _   0.041 0.031 0.002 0.020 0.020 0.042 0.098 0.747 
 101 S _   0.049 0.046 0.002 0.027 0.027 0.049 0.092 0.708 
 102 L _   0.056 0.061 0.002 0.033 0.034 0.054 0.087 0.674 
 103 V _   0.062 0.072 0.002 0.038 0.039 0.057 0.083 0.648 
 104 G _   0.067 0.080 0.002 0.041 0.042 0.058 0.079 0.631 
 105 C _   0.070 0.084 0.002 0.043 0.043 0.058 0.076 0.623 
 106 G _   0.071 0.086 0.002 0.043 0.042 0.056 0.074 0.625 
 107 H _   0.069 0.085 0.002 0.042 0.039 0.053 0.073 0.636 
 108 F _   0.066 0.082 0.002 0.039 0.035 0.049 0.072 0.655 
 109 A _   0.061 0.076 0.002 0.035 0.030 0.044 0.071 0.681 
 110 E _   0.055 0.067 0.002 0.030 0.024 0.039 0.071 0.713 
 111 V _   0.047 0.056 0.001 0.024 0.018 0.034 0.071 0.748 
 112 Q _   0.040 0.045 0.001 0.019 0.013 0.029 0.071 0.782 
 113 V _   0.033 0.035 0.001 0.014 0.010 0.024 0.071 0.813 
 114 V _   0.027 0.027 0.001 0.010 0.007 0.021 0.070 0.837 
 115 R _   0.022 0.022 0.001 0.008 0.005 0.018 0.069 0.855 
 116 E _   0.019 0.019 0.001 0.006 0.004 0.016 0.068 0.867 
 117 K _   0.016 0.017 0.000 0.006 0.004 0.015 0.067 0.874 
 118 A _   0.014 0.017 0.000 0.006 0.004 0.014 0.066 0.877 
 119 T _   0.014 0.018 0.001 0.007 0.004 0.014 0.065 0.877 
 120 G _   0.014 0.021 0.001 0.008 0.005 0.015 0.063 0.873 
 121 D _   0.014 0.025 0.001 0.011 0.006 0.016 0.062 0.866 
 122 I _   0.015 0.030 0.001 0.014 0.007 0.016 0.060 0.858 
 123 Y _   0.015 0.036 0.001 0.016 0.008 0.017 0.058 0.849 
 124 A _   0.015 0.040 0.001 0.018 0.008 0.017 0.057 0.843 
 125 M _   0.015 0.044 0.001 0.019 0.008 0.017 0.056 0.840 
 126 K _   0.015 0.046 0.001 0.019 0.008 0.017 0.054 0.840 
 127 V _   0.014 0.047 0.001 0.017 0.008 0.017 0.053 0.843 
 128 M _   0.014 0.047 0.001 0.015 0.007 0.017 0.053 0.847 
 129 K _   0.013 0.047 0.001 0.013 0.006 0.016 0.052 0.851 
 130 K _   0.013 0.048 0.001 0.012 0.006 0.016 0.051 0.854 
 131 K _   0.013 0.048 0.001 0.011 0.006 0.016 0.050 0.855 
 132 A _   0.013 0.050 0.001 0.011 0.006 0.017 0.049 0.854 
 133 L _   0.014 0.052 0.001 0.012 0.006 0.017 0.048 0.850 
 134 L _   0.014 0.056 0.001 0.013 0.007 0.018 0.047 0.844 
 135 A _   0.015 0.060 0.001 0.015 0.008 0.018 0.046 0.836 
 136 Q _   0.015 0.065 0.001 0.018 0.009 0.019 0.045 0.828 
 137 E _   0.016 0.069 0.001 0.021 0.010 0.019 0.044 0.821 
 138 Q _   0.016 0.072 0.001 0.023 0.010 0.019 0.044 0.816 
 139 V _   0.016 0.073 0.001 0.024 0.010 0.019 0.043 0.813 
 140 S _   0.016 0.074 0.001 0.025 0.010 0.019 0.043 0.812 
 141 F _   0.016 0.072 0.001 0.025 0.010 0.018 0.043 0.814 
 142 F _   0.016 0.069 0.001 0.024 0.010 0.017 0.043 0.820 
 143 E _   0.016 0.065 0.001 0.022 0.009 0.016 0.043 0.828 
 144 E _   0.015 0.058 0.001 0.020 0.008 0.015 0.044 0.839 
 145 E _   0.015 0.051 0.001 0.016 0.007 0.014 0.044 0.852 
 146 R _   0.013 0.043 0.001 0.013 0.005 0.013 0.045 0.867 
 147 N _   0.012 0.036 0.001 0.010 0.004 0.012 0.045 0.880 
 148 I _   0.011 0.031 0.000 0.008 0.004 0.011 0.045 0.890 
 149 L _   0.011 0.027 0.000 0.006 0.003 0.010 0.045 0.897 
 150 S _   0.010 0.025 0.000 0.005 0.003 0.010 0.045 0.901 
 151 R _   0.010 0.025 0.000 0.005 0.003 0.011 0.044 0.901 
 152 S _   0.011 0.026 0.000 0.006 0.004 0.012 0.044 0.897 
 153 T _   0.011 0.030 0.001 0.009 0.005 0.014 0.043 0.889 
 154 S _   0.012 0.036 0.001 0.013 0.006 0.016 0.041 0.875 
 155 P _   0.013 0.046 0.001 0.019 0.008 0.018 0.040 0.855 
 156 W _   0.014 0.058 0.001 0.026 0.010 0.019 0.039 0.833 
 157 I _   0.014 0.068 0.001 0.033 0.012 0.020 0.037 0.814 
 158 P _   0.015 0.075 0.001 0.038 0.013 0.021 0.037 0.801 
 159 Q _   0.014 0.078 0.001 0.040 0.013 0.020 0.036 0.797 
 160 L _   0.014 0.078 0.001 0.039 0.012 0.019 0.036 0.801 
 161 Q _   0.012 0.075 0.001 0.034 0.010 0.017 0.036 0.815 
 162 Y _   0.011 0.068 0.001 0.027 0.008 0.015 0.036 0.834 
 163 A _   0.010 0.058 0.001 0.019 0.006 0.013 0.036 0.856 
 164 F _   0.009 0.049 0.001 0.013 0.005 0.011 0.036 0.877 
 165 Q _   0.008 0.041 0.000 0.008 0.004 0.010 0.036 0.892 
 166 D _   0.008 0.037 0.000 0.006 0.003 0.010 0.035 0.900 
 167 K _   0.008 0.035 0.000 0.006 0.003 0.010 0.035 0.902 
 168 N _   0.009 0.036 0.000 0.007 0.003 0.011 0.034 0.899 
 169 H _   0.010 0.039 0.001 0.009 0.004 0.012 0.034 0.891 
 170 L _   0.011 0.044 0.001 0.014 0.006 0.014 0.033 0.879 
 171 Y _   0.012 0.050 0.001 0.019 0.007 0.015 0.032 0.865 
 172 L _   0.012 0.055 0.001 0.023 0.008 0.016 0.031 0.854 
 173 V _   0.012 0.058 0.001 0.025 0.009 0.016 0.030 0.848 
 174 M _   0.012 0.060 0.001 0.025 0.009 0.016 0.030 0.848 
 175 E _   0.011 0.059 0.001 0.023 0.008 0.015 0.029 0.853 
 176 Y _   0.010 0.057 0.001 0.020 0.007 0.014 0.029 0.862 
 177 Q _   0.010 0.053 0.001 0.017 0.006 0.014 0.028 0.872 
 178 P _   0.009 0.049 0.001 0.014 0.006 0.013 0.028 0.880 
 179 G _   0.009 0.046 0.001 0.013 0.005 0.013 0.028 0.886 
 180 G _   0.009 0.044 0.001 0.013 0.005 0.013 0.027 0.888 
 181 D _   0.010 0.042 0.001 0.014 0.005 0.013 0.027 0.888 
 182 L _   0.010 0.042 0.001 0.016 0.006 0.013 0.026 0.886 
 183 L _   0.011 0.041 0.001 0.018 0.006 0.013 0.026 0.884 
 184 S _   0.011 0.039 0.001 0.020 0.006 0.013 0.026 0.885 
 185 L _   0.010 0.036 0.001 0.020 0.006 0.012 0.025 0.889 
 186 L _   0.010 0.031 0.001 0.019 0.006 0.012 0.025 0.897 
 187 N _   0.010 0.025 0.001 0.016 0.005 0.010 0.025 0.908 
 188 R _   0.011 0.018 0.001 0.012 0.004 0.009 0.024 0.921 
 189 Y _   0.012 0.011 0.000 0.009 0.003 0.008 0.024 0.933 
 190 E _   0.014 0.006 0.000 0.006 0.003 0.008 0.023 0.940 
 191 D _   0.019 0.002 0.000 0.004 0.002 0.007 0.022 0.943 
 192 Q _   0.029 0.001 0.000 0.003 0.002 0.007 0.021 0.937 
 193 L _   0.047 0.000 0.000 0.002 0.002 0.008 0.020 0.921 
 194 D _   0.079 0.000 0.000 0.002 0.003 0.009 0.018 0.888 
 195 E _   0.132 0.000 0.001 0.002 0.004 0.011 0.016 0.834 
 196 N _   0.209 0.000 0.001 0.002 0.006 0.013 0.013 0.756 
 197 L _   0.308 0.000 0.001 0.002 0.008 0.015 0.011 0.655 
 198 I _   0.420 0.000 0.001 0.002 0.011 0.017 0.008 0.542 
 199 Q H   0.530 0.000 0.001 0.001 0.013 0.017 0.006 0.431 
 200 F H   0.626 0.000 0.001 0.001 0.015 0.017 0.004 0.336 
 201 Y H   0.709 0.000 0.001 0.001 0.016 0.016 0.003 0.255 
 202 L H   0.772 0.000 0.001 0.001 0.016 0.014 0.002 0.194 
 203 A H   0.819 0.000 0.001 0.001 0.016 0.012 0.002 0.149 
 204 E H   0.853 0.000 0.001 0.001 0.015 0.010 0.001 0.118 
 205 L H   0.876 0.000 0.001 0.001 0.015 0.009 0.001 0.098 
 206 I H   0.889 0.000 0.001 0.000 0.014 0.008 0.001 0.087 
 207 L H   0.893 0.000 0.001 0.000 0.014 0.007 0.001 0.084 
 208 A H   0.889 0.000 0.001 0.000 0.014 0.007 0.001 0.087 
 209 V H   0.878 0.000 0.001 0.000 0.015 0.007 0.002 0.097 
 210 H H   0.859 0.000 0.001 0.001 0.015 0.007 0.002 0.115 
 211 S H   0.829 0.000 0.001 0.001 0.016 0.008 0.003 0.142 
 212 V H   0.786 0.000 0.001 0.001 0.017 0.009 0.004 0.182 
 213 H H   0.728 0.000 0.001 0.002 0.018 0.010 0.006 0.236 
 214 L H   0.650 0.000 0.002 0.002 0.017 0.011 0.009 0.309 
 215 M H   0.556 0.000 0.002 0.003 0.016 0.012 0.013 0.399 
 216 G _   0.451 0.000 0.002 0.004 0.013 0.012 0.017 0.501 
 217 Y _   0.343 0.000 0.001 0.004 0.011 0.012 0.022 0.607 
 218 V _   0.245 0.000 0.001 0.004 0.008 0.011 0.027 0.704 
 219 H _   0.166 0.000 0.001 0.004 0.006 0.010 0.030 0.783 
 220 R _   0.107 0.000 0.001 0.003 0.004 0.009 0.034 0.842 
 221 D _   0.067 0.000 0.000 0.003 0.003 0.008 0.036 0.882 
 222 I _   0.043 0.000 0.000 0.003 0.003 0.008 0.038 0.906 
 223 K _   0.028 0.000 0.000 0.003 0.002 0.008 0.040 0.919 
 224 P _   0.020 0.001 0.000 0.003 0.002 0.008 0.041 0.924 
 225 E _   0.016 0.003 0.000 0.005 0.003 0.010 0.041 0.923 
 226 N _   0.014 0.005 0.000 0.006 0.004 0.011 0.042 0.918 
 227 I _   0.013 0.010 0.001 0.009 0.005 0.013 0.042 0.908 
 228 L _   0.013 0.017 0.001 0.012 0.006 0.014 0.042 0.895 
 229 V _   0.013 0.026 0.001 0.015 0.007 0.016 0.042 0.880 
 230 D _   0.013 0.036 0.001 0.017 0.008 0.018 0.042 0.864 
 231 R _   0.013 0.045 0.001 0.020 0.009 0.019 0.042 0.849 
 232 T _   0.014 0.054 0.001 0.023 0.010 0.020 0.043 0.836 
 233 G _   0.014 0.062 0.001 0.025 0.011 0.021 0.043 0.823 
 234 H _   0.014 0.068 0.001 0.028 0.012 0.021 0.043 0.812 
 235 I _   0.014 0.074 0.001 0.030 0.013 0.022 0.044 0.802 
 236 K _   0.015 0.078 0.001 0.033 0.013 0.021 0.045 0.794 
 237 L _   0.015 0.081 0.001 0.035 0.013 0.021 0.046 0.789 
 238 V _   0.014 0.081 0.001 0.035 0.012 0.020 0.048 0.788 
 239 D _   0.014 0.080 0.001 0.035 0.011 0.018 0.049 0.792 
 240 F _   0.013 0.076 0.001 0.032 0.010 0.017 0.051 0.801 
 241 G _   0.012 0.069 0.001 0.028 0.008 0.015 0.054 0.814 
 242 S _   0.011 0.059 0.001 0.023 0.007 0.013 0.056 0.830 
 243 A _   0.010 0.048 0.001 0.018 0.006 0.011 0.058 0.849 
 244 A _   0.009 0.036 0.001 0.013 0.004 0.010 0.061 0.867 
 245 K _   0.008 0.027 0.000 0.009 0.003 0.008 0.062 0.882 
 246 M _   0.007 0.020 0.000 0.007 0.003 0.007 0.064 0.893 
 247 N _   0.006 0.016 0.000 0.006 0.002 0.007 0.065 0.899 
 248 S _   0.006 0.014 0.000 0.005 0.002 0.007 0.066 0.901 
 249 N _   0.006 0.013 0.000 0.005 0.002 0.007 0.066 0.901 
 250 K _   0.006 0.013 0.000 0.007 0.002 0.007 0.066 0.898 
 251 M _   0.006 0.014 0.000 0.008 0.003 0.008 0.066 0.894 
 252 V _   0.007 0.015 0.000 0.011 0.004 0.009 0.066 0.888 
 253 N _   0.007 0.017 0.001 0.013 0.004 0.010 0.066 0.882 
 254 A _   0.007 0.019 0.001 0.015 0.005 0.010 0.066 0.877 
 255 K _   0.008 0.020 0.001 0.016 0.005 0.011 0.066 0.875 
 256 L _   0.007 0.020 0.001 0.016 0.005 0.011 0.066 0.875 
 257 P _   0.007 0.020 0.001 0.014 0.005 0.011 0.066 0.876 
 258 I _   0.008 0.019 0.001 0.012 0.004 0.011 0.066 0.879 
 259 G _   0.008 0.019 0.000 0.010 0.004 0.011 0.066 0.881 
 260 T _   0.008 0.018 0.000 0.009 0.004 0.012 0.066 0.882 
 261 P _   0.009 0.019 0.000 0.008 0.004 0.012 0.066 0.881 
 262 D _   0.010 0.020 0.001 0.009 0.005 0.014 0.066 0.876 
 263 Y _   0.011 0.023 0.001 0.011 0.006 0.015 0.066 0.867 
 264 M _   0.012 0.027 0.001 0.015 0.008 0.017 0.066 0.854 
 265 A _   0.013 0.034 0.001 0.021 0.009 0.019 0.065 0.838 
 266 P _   0.014 0.040 0.001 0.027 0.011 0.020 0.065 0.821 
 267 E _   0.014 0.046 0.001 0.033 0.012 0.020 0.065 0.808 
 268 V _   0.014 0.049 0.001 0.038 0.013 0.020 0.065 0.800 
 269 L _   0.013 0.050 0.001 0.039 0.012 0.019 0.066 0.798 
 270 T _   0.012 0.049 0.001 0.038 0.011 0.018 0.067 0.804 
 271 V _   0.011 0.045 0.001 0.034 0.010 0.016 0.068 0.815 
 272 M _   0.010 0.039 0.001 0.028 0.008 0.014 0.070 0.831 
 273 N _   0.009 0.030 0.001 0.022 0.006 0.013 0.071 0.849 
 274 G _   0.008 0.021 0.001 0.016 0.005 0.011 0.073 0.866 
 275 D _   0.007 0.013 0.000 0.011 0.004 0.010 0.074 0.881 
 276 G _   0.007 0.008 0.000 0.007 0.003 0.009 0.075 0.891 
 277 K _   0.007 0.004 0.000 0.005 0.002 0.009 0.075 0.897 
 278 G _   0.008 0.002 0.000 0.004 0.002 0.010 0.075 0.899 
 279 T _   0.009 0.001 0.000 0.003 0.002 0.011 0.075 0.897 
 280 Y _   0.013 0.001 0.000 0.003 0.003 0.014 0.074 0.891 
 281 G _   0.020 0.001 0.000 0.004 0.004 0.019 0.073 0.879 
 282 L _   0.032 0.001 0.001 0.004 0.006 0.025 0.072 0.859 
 283 D _   0.050 0.002 0.001 0.006 0.010 0.034 0.070 0.828 
 284 C _   0.074 0.004 0.001 0.007 0.017 0.045 0.067 0.784 
 285 D _   0.104 0.008 0.002 0.010 0.028 0.057 0.065 0.728 
 286 W _   0.136 0.015 0.002 0.013 0.042 0.068 0.062 0.663 
 287 W _   0.165 0.026 0.003 0.017 0.057 0.076 0.059 0.596 
 288 S _   0.190 0.039 0.003 0.022 0.069 0.082 0.058 0.537 
 289 V _   0.209 0.053 0.003 0.029 0.078 0.084 0.057 0.487 
 290 G _   0.222 0.065 0.003 0.034 0.082 0.083 0.057 0.454 
 291 V _   0.228 0.072 0.003 0.039 0.082 0.080 0.057 0.439 
 292 I _   0.228 0.076 0.003 0.041 0.078 0.075 0.059 0.440 
 293 A _   0.219 0.076 0.003 0.041 0.071 0.069 0.061 0.460 
 294 Y _   0.202 0.071 0.003 0.038 0.061 0.062 0.064 0.499 
 295 E _   0.178 0.063 0.003 0.033 0.048 0.054 0.068 0.553 
 296 M _   0.149 0.051 0.002 0.026 0.035 0.046 0.072 0.619 
 297 I _   0.117 0.038 0.002 0.018 0.023 0.038 0.076 0.688 
 298 Y _   0.087 0.027 0.001 0.012 0.014 0.031 0.080 0.747 
 299 G _   0.062 0.020 0.001 0.008 0.009 0.025 0.083 0.791 
 300 R _   0.044 0.017 0.001 0.006 0.006 0.021 0.085 0.821 
 301 S _   0.031 0.016 0.000 0.005 0.004 0.019 0.086 0.839 
 302 P _   0.023 0.017 0.000 0.005 0.004 0.017 0.087 0.847 
 303 F _   0.018 0.019 0.000 0.006 0.004 0.017 0.088 0.848 
 304 A _   0.015 0.025 0.001 0.007 0.004 0.017 0.088 0.843 
 305 E _   0.014 0.035 0.001 0.009 0.005 0.018 0.088 0.830 
 306 G _   0.014 0.051 0.001 0.012 0.007 0.019 0.087 0.809 
 307 T _   0.014 0.074 0.001 0.015 0.008 0.021 0.086 0.781 
 308 S _   0.014 0.101 0.001 0.019 0.010 0.022 0.085 0.748 
 309 A _   0.014 0.131 0.001 0.022 0.012 0.024 0.084 0.711 
 310 R _   0.015 0.162 0.001 0.026 0.014 0.025 0.083 0.673 
 311 T _   0.015 0.194 0.001 0.030 0.016 0.026 0.083 0.634 
 312 F _   0.016 0.224 0.002 0.035 0.018 0.027 0.083 0.596 
 313 N _   0.017 0.251 0.002 0.041 0.020 0.028 0.083 0.560 
 314 N _   0.017 0.273 0.002 0.047 0.020 0.028 0.084 0.530 
 315 I _   0.018 0.287 0.002 0.052 0.021 0.027 0.085 0.507 
 316 M _   0.019 0.295 0.001 0.057 0.021 0.026 0.088 0.492 
 317 N _   0.019 0.296 0.001 0.059 0.020 0.025 0.091 0.488 
 318 F _   0.019 0.290 0.001 0.059 0.019 0.023 0.096 0.493 
 319 Q _   0.018 0.274 0.002 0.055 0.017 0.021 0.102 0.510 
 320 R _   0.017 0.246 0.002 0.049 0.015 0.019 0.110 0.542 
 321 F _   0.016 0.202 0.002 0.040 0.013 0.017 0.120 0.591 
 322 L _   0.015 0.146 0.001 0.030 0.010 0.015 0.131 0.651 
 323 K _   0.013 0.090 0.001 0.021 0.007 0.012 0.143 0.713 
 324 F _   0.011 0.047 0.001 0.012 0.005 0.010 0.152 0.763 
 325 P _   0.009 0.022 0.000 0.007 0.003 0.008 0.158 0.794 
 326 D _   0.007 0.010 0.000 0.004 0.002 0.006 0.162 0.809 
 327 D _   0.005 0.005 0.000 0.002 0.001 0.006 0.164 0.816 
 328 P _   0.005 0.004 0.000 0.002 0.001 0.006 0.165 0.816 
 329 K _   0.006 0.004 0.000 0.002 0.001 0.008 0.166 0.813 
 330 V _   0.009 0.005 0.000 0.003 0.002 0.012 0.165 0.803 
 331 S _   0.013 0.011 0.000 0.005 0.005 0.018 0.164 0.784 
 332 S _   0.020 0.028 0.001 0.011 0.010 0.026 0.162 0.744 
 333 D _   0.026 0.070 0.002 0.021 0.017 0.034 0.157 0.672 
 334 F _   0.030 0.138 0.002 0.035 0.026 0.040 0.152 0.577 
 335 L _   0.031 0.209 0.003 0.050 0.031 0.043 0.148 0.486 
 336 D _   0.030 0.260 0.002 0.063 0.033 0.043 0.145 0.423 
 337 L _   0.030 0.288 0.002 0.071 0.033 0.042 0.144 0.390 
 338 I _   0.029 0.300 0.002 0.075 0.031 0.040 0.145 0.378 
 339 Q _   0.028 0.302 0.002 0.073 0.029 0.037 0.147 0.382 
 340 S _   0.026 0.294 0.002 0.066 0.026 0.034 0.150 0.401 
 341 L _   0.025 0.273 0.002 0.056 0.023 0.030 0.155 0.436 
 342 L _   0.023 0.235 0.002 0.043 0.018 0.027 0.161 0.490 
 343 C _   0.021 0.185 0.002 0.030 0.014 0.024 0.169 0.556 
 344 G _   0.019 0.134 0.001 0.019 0.010 0.021 0.176 0.619 
 345 Q _   0.017 0.099 0.001 0.012 0.007 0.019 0.182 0.664 
 346 K _   0.014 0.079 0.001 0.007 0.005 0.017 0.186 0.690 
 347 E _   0.013 0.071 0.000 0.005 0.003 0.016 0.189 0.702 
 348 R _   0.012 0.068 0.000 0.005 0.003 0.016 0.191 0.704 
 349 L _   0.012 0.069 0.000 0.006 0.004 0.017 0.192 0.699 
 350 K _   0.012 0.075 0.001 0.008 0.005 0.018 0.193 0.687 
 351 F _   0.013 0.087 0.001 0.013 0.007 0.020 0.193 0.665 
 352 E _   0.014 0.107 0.001 0.019 0.010 0.022 0.193 0.634 
 353 G _   0.014 0.130 0.001 0.027 0.012 0.023 0.193 0.599 
 354 L _   0.014 0.151 0.001 0.036 0.014 0.023 0.193 0.567 
 355 C _   0.014 0.168 0.001 0.043 0.015 0.023 0.194 0.541 
 356 C _   0.014 0.178 0.001 0.049 0.016 0.023 0.196 0.524 
 357 H _   0.013 0.182 0.001 0.052 0.016 0.022 0.200 0.515 
 358 P _   0.012 0.182 0.001 0.053 0.015 0.020 0.204 0.513 
 359 F _   0.012 0.177 0.001 0.050 0.014 0.018 0.210 0.518 
 360 F _   0.011 0.166 0.001 0.046 0.012 0.017 0.217 0.529 
 361 S _   0.011 0.149 0.001 0.039 0.010 0.015 0.226 0.548 
 362 K _   0.011 0.124 0.001 0.032 0.008 0.013 0.237 0.574 
 363 I _   0.010 0.096 0.001 0.024 0.007 0.011 0.249 0.602 
 364 D _   0.009 0.069 0.001 0.017 0.005 0.010 0.260 0.630 
 365 W _   0.008 0.046 0.001 0.012 0.003 0.008 0.269 0.654 
 366 N _   0.007 0.030 0.000 0.008 0.002 0.007 0.276 0.670 
 367 N _   0.006 0.021 0.000 0.005 0.002 0.005 0.281 0.680 
 368 I _   0.005 0.016 0.000 0.004 0.001 0.005 0.285 0.684 
 369 R _   0.004 0.014 0.000 0.003 0.001 0.005 0.287 0.686 
 370 N _   0.004 0.013 0.000 0.004 0.001 0.005 0.288 0.685 
 371 S _   0.004 0.013 0.000 0.005 0.002 0.006 0.289 0.681 
 372 P _   0.004 0.015 0.000 0.008 0.002 0.007 0.289 0.675 
 373 P _   0.005 0.019 0.000 0.012 0.003 0.008 0.288 0.665 
 374 P _   0.005 0.023 0.000 0.018 0.004 0.010 0.287 0.653 
 375 F _   0.006 0.028 0.001 0.023 0.005 0.010 0.286 0.642 
 376 V _   0.006 0.031 0.001 0.028 0.005 0.011 0.285 0.633 
 377 P _   0.006 0.033 0.001 0.030 0.005 0.011 0.286 0.628 
 378 T _   0.006 0.033 0.001 0.030 0.005 0.010 0.287 0.629 
 379 L _   0.005 0.032 0.001 0.027 0.005 0.009 0.288 0.633 
 380 K _   0.005 0.030 0.000 0.022 0.004 0.008 0.290 0.640 
 381 S _   0.004 0.026 0.000 0.017 0.003 0.007 0.292 0.649 
 382 D _   0.004 0.022 0.000 0.013 0.002 0.006 0.294 0.658 
 383 D _   0.004 0.019 0.000 0.009 0.002 0.005 0.296 0.665 
 384 D _   0.004 0.016 0.000 0.007 0.001 0.005 0.297 0.670 
 385 T _   0.003 0.015 0.000 0.005 0.001 0.004 0.296 0.674 
 386 S _   0.003 0.014 0.000 0.005 0.001 0.004 0.295 0.677 
 387 N _   0.003 0.014 0.000 0.005 0.001 0.004 0.293 0.679 
 388 F _   0.003 0.015 0.000 0.005 0.001 0.005 0.289 0.680 
 389 D _   0.003 0.017 0.000 0.006 0.001 0.005 0.285 0.682 
 390 E _   0.003 0.021 0.000 0.008 0.002 0.006 0.279 0.682 
 391 P _   0.003 0.026 0.000 0.010 0.002 0.007 0.272 0.681 
 392 E _   0.003 0.032 0.000 0.012 0.003 0.008 0.263 0.679 
 393 K _   0.004 0.041 0.000 0.015 0.003 0.008 0.254 0.675 
 394 N _   0.004 0.051 0.000 0.018 0.004 0.009 0.245 0.670 
 395 S _   0.004 0.062 0.001 0.021 0.004 0.010 0.235 0.665 
 396 W _   0.004 0.072 0.001 0.023 0.004 0.010 0.226 0.660 
 397 V _   0.004 0.081 0.001 0.024 0.005 0.010 0.218 0.657 
 398 S _   0.004 0.089 0.001 0.024 0.005 0.010 0.211 0.656 
 399 S _   0.004 0.094 0.001 0.023 0.004 0.010 0.205 0.659 
 400 S _   0.004 0.098 0.001 0.021 0.004 0.009 0.200 0.663 
 401 P _   0.004 0.100 0.000 0.019 0.004 0.009 0.195 0.669 
 402 C _   0.004 0.102 0.000 0.016 0.003 0.009 0.190 0.675 
 403 Q _   0.004 0.104 0.000 0.014 0.003 0.008 0.186 0.680 
 404 L _   0.004 0.107 0.000 0.012 0.003 0.008 0.181 0.685 
 405 S _   0.004 0.110 0.000 0.010 0.003 0.009 0.176 0.687 
 406 P _   0.004 0.116 0.000 0.010 0.003 0.009 0.170 0.686 
 407 S _   0.005 0.124 0.000 0.011 0.003 0.010 0.164 0.682 
 408 G _   0.005 0.137 0.001 0.012 0.004 0.012 0.158 0.671 
 409 F _   0.006 0.156 0.001 0.015 0.006 0.014 0.150 0.654 
 410 S _   0.007 0.182 0.001 0.018 0.007 0.015 0.141 0.628 
 411 G _   0.007 0.215 0.001 0.021 0.009 0.017 0.133 0.596 
 412 E _   0.008 0.250 0.001 0.025 0.010 0.018 0.125 0.564 
 413 E _   0.008 0.283 0.001 0.027 0.011 0.019 0.117 0.534 
 414 L _   0.008 0.311 0.001 0.027 0.011 0.020 0.111 0.510 
 415 P _   0.008 0.332 0.001 0.027 0.011 0.020 0.106 0.494 
 416 F _   0.009 0.348 0.001 0.025 0.011 0.020 0.102 0.485 
 417 V _   0.009 0.359 0.001 0.023 0.010 0.020 0.098 0.479 
 418 G _   0.009 0.367 0.001 0.021 0.010 0.021 0.095 0.476 
 419 F _   0.010 0.373 0.001 0.019 0.010 0.021 0.093 0.473 
 420 S _   0.010 0.379 0.001 0.018 0.011 0.022 0.090 0.469 
 421 Y _   0.011 0.385 0.001 0.017 0.011 0.023 0.088 0.463 
 422 S _   0.012 0.393 0.001 0.018 0.012 0.023 0.086 0.455 
 423 K _   0.013 0.401 0.001 0.019 0.013 0.024 0.085 0.445 
 424 A _   0.014 0.409 0.001 0.021 0.013 0.024 0.083 0.435 
 425 L _   0.015 0.417 0.001 0.023 0.014 0.023 0.082 0.426 
 426 G E   0.015 0.422 0.001 0.025 0.014 0.023 0.081 0.419 
 427 I E   0.015 0.424 0.001 0.027 0.014 0.022 0.081 0.416 
 428 L E   0.015 0.422 0.001 0.028 0.014 0.021 0.081 0.418 
 429 G _   0.015 0.417 0.001 0.029 0.014 0.020 0.081 0.424 
 430 R _   0.014 0.406 0.001 0.029 0.013 0.019 0.082 0.435 
 431 S _   0.014 0.390 0.001 0.029 0.013 0.018 0.084 0.451 
 432 E _   0.014 0.368 0.001 0.029 0.012 0.017 0.086 0.473 
 433 S _   0.013 0.340 0.001 0.028 0.011 0.016 0.089 0.501 
 434 V _   0.013 0.306 0.001 0.027 0.010 0.016 0.093 0.534 
 435 V _   0.013 0.268 0.001 0.025 0.009 0.015 0.097 0.572 
 436 S _   0.012 0.226 0.001 0.023 0.008 0.014 0.102 0.614 
 437 G _   0.011 0.184 0.001 0.019 0.007 0.013 0.107 0.658 
 438 L _   0.010 0.145 0.001 0.016 0.006 0.012 0.111 0.699 
 439 D _   0.009 0.114 0.001 0.012 0.004 0.010 0.115 0.734 
 440 S _   0.008 0.091 0.001 0.009 0.003 0.009 0.118 0.760 
 441 P _   0.007 0.076 0.000 0.007 0.003 0.009 0.120 0.777 
 442 A _   0.006 0.068 0.000 0.006 0.002 0.008 0.122 0.787 
 443 K _   0.006 0.064 0.000 0.006 0.002 0.008 0.123 0.791 
 444 T _   0.006 0.062 0.000 0.007 0.002 0.008 0.123 0.791 
 445 S _   0.006 0.063 0.000 0.008 0.003 0.009 0.123 0.787 
 446 S _   0.006 0.065 0.000 0.011 0.003 0.010 0.123 0.780 
 447 M _   0.006 0.069 0.000 0.015 0.004 0.011 0.123 0.771 
 448 E _   0.007 0.073 0.001 0.020 0.005 0.012 0.123 0.760 
 449 K _   0.007 0.077 0.001 0.024 0.006 0.012 0.123 0.751 
 450 K _   0.007 0.079 0.001 0.027 0.006 0.012 0.123 0.744 
 451 L _   0.007 0.079 0.001 0.029 0.007 0.012 0.124 0.741 
 452 L _   0.008 0.077 0.001 0.029 0.006 0.012 0.126 0.741 
 453 I _   0.008 0.073 0.001 0.028 0.006 0.012 0.128 0.746 
 454 K _   0.008 0.066 0.001 0.025 0.006 0.011 0.131 0.754 
 455 S _   0.008 0.056 0.001 0.020 0.005 0.010 0.134 0.766 
 456 K _   0.008 0.044 0.001 0.016 0.004 0.009 0.138 0.781 
 457 E _   0.007 0.032 0.000 0.012 0.003 0.008 0.141 0.796 
 458 L _   0.007 0.022 0.000 0.008 0.002 0.007 0.144 0.809 
 459 Q _   0.006 0.015 0.000 0.006 0.002 0.006 0.146 0.819 
 460 D _   0.005 0.011 0.000 0.004 0.001 0.005 0.147 0.826 
 461 S _   0.005 0.009 0.000 0.003 0.001 0.005 0.147 0.830 
 462 Q _   0.004 0.008 0.000 0.003 0.001 0.005 0.146 0.831 
 463 D _   0.004 0.008 0.000 0.003 0.001 0.006 0.145 0.831 
 464 K _   0.005 0.010 0.000 0.004 0.002 0.007 0.143 0.829 
 465 C _   0.005 0.013 0.000 0.006 0.002 0.009 0.141 0.823 
 466 H _   0.006 0.019 0.000 0.010 0.003 0.011 0.137 0.813 
 467 K _   0.007 0.027 0.001 0.014 0.005 0.013 0.134 0.801 
 468 M _   0.007 0.036 0.001 0.019 0.006 0.015 0.130 0.786 
 469 E _   0.008 0.045 0.001 0.023 0.007 0.016 0.126 0.773 
 470 Q _   0.008 0.052 0.001 0.026 0.008 0.018 0.123 0.765 
 471 E _   0.009 0.056 0.001 0.026 0.009 0.018 0.120 0.761 
 472 M _   0.009 0.059 0.001 0.025 0.009 0.019 0.117 0.762 
 473 T _   0.010 0.059 0.001 0.022 0.009 0.019 0.115 0.765 
 474 R _   0.011 0.059 0.001 0.019 0.008 0.019 0.114 0.769 
 475 L _   0.012 0.058 0.001 0.016 0.008 0.020 0.113 0.773 
 476 H _   0.013 0.058 0.001 0.014 0.008 0.021 0.112 0.774 
 477 R _   0.015 0.058 0.001 0.013 0.009 0.022 0.111 0.772 
 478 R _   0.017 0.059 0.001 0.014 0.009 0.023 0.110 0.767 
 479 V _   0.019 0.061 0.001 0.016 0.011 0.024 0.109 0.759 
 480 S _   0.022 0.064 0.001 0.019 0.012 0.025 0.109 0.749 
 481 E _   0.023 0.067 0.001 0.023 0.013 0.025 0.108 0.739 
 482 V _   0.024 0.069 0.001 0.026 0.014 0.025 0.108 0.732 
 483 E _   0.024 0.070 0.001 0.028 0.014 0.024 0.109 0.730 
 484 A _   0.023 0.069 0.001 0.029 0.013 0.023 0.109 0.733 
 485 V _   0.021 0.065 0.001 0.028 0.012 0.021 0.110 0.742 
 486 L _   0.019 0.059 0.001 0.024 0.010 0.019 0.111 0.756 
 487 S _   0.017 0.051 0.001 0.020 0.008 0.017 0.113 0.773 
 488 Q _   0.015 0.041 0.001 0.016 0.007 0.015 0.114 0.791 
 489 K _   0.013 0.032 0.001 0.013 0.005 0.013 0.116 0.808 
 490 E _   0.012 0.024 0.001 0.010 0.004 0.011 0.117 0.821 
 491 V _   0.011 0.018 0.000 0.008 0.004 0.010 0.118 0.831 
 492 E _   0.009 0.014 0.000 0.007 0.003 0.009 0.119 0.838 
 493 L _   0.009 0.011 0.000 0.006 0.003 0.009 0.120 0.842 
 494 K _   0.008 0.010 0.000 0.006 0.003 0.009 0.120 0.845 
 495 A _   0.008 0.009 0.000 0.006 0.003 0.009 0.120 0.845 
 496 S _   0.008 0.008 0.000 0.006 0.003 0.009 0.120 0.846 
 497 E _   0.008 0.008 0.000 0.007 0.003 0.010 0.119 0.845 
 498 T _   0.008 0.008 0.000 0.007 0.003 0.010 0.119 0.844 
 499 Q _   0.008 0.008 0.000 0.008 0.004 0.011 0.118 0.842 
 500 R _   0.009 0.009 0.000 0.008 0.004 0.013 0.117 0.840 
 501 S _   0.011 0.009 0.000 0.008 0.004 0.014 0.116 0.837 
 502 L _   0.012 0.010 0.001 0.008 0.005 0.016 0.115 0.832 
 503 L _   0.015 0.012 0.001 0.009 0.006 0.018 0.114 0.825 
 504 E _   0.018 0.014 0.001 0.010 0.008 0.021 0.113 0.815 
 505 Q _   0.021 0.018 0.001 0.012 0.010 0.024 0.112 0.802 
 506 D _   0.025 0.022 0.001 0.015 0.013 0.027 0.111 0.786 
 507 L _   0.030 0.026 0.001 0.019 0.016 0.030 0.110 0.768 
 508 A _   0.033 0.031 0.001 0.023 0.018 0.031 0.109 0.753 
 509 T _   0.035 0.034 0.001 0.026 0.019 0.032 0.109 0.743 
 510 Y _   0.036 0.036 0.001 0.028 0.020 0.031 0.110 0.738 
 511 I _   0.035 0.036 0.001 0.028 0.018 0.030 0.111 0.741 
 512 T _   0.034 0.034 0.001 0.025 0.016 0.028 0.112 0.749 
 513 E _   0.031 0.031 0.001 0.022 0.014 0.026 0.114 0.762 
 514 C _   0.028 0.027 0.001 0.017 0.011 0.023 0.115 0.776 
 515 S _   0.026 0.023 0.001 0.013 0.009 0.021 0.117 0.791 
 516 S _   0.023 0.019 0.001 0.010 0.007 0.019 0.119 0.802 
 517 L _   0.021 0.017 0.001 0.008 0.006 0.018 0.120 0.809 
 518 K _   0.020 0.016 0.001 0.008 0.005 0.017 0.121 0.813 
 519 R _   0.019 0.016 0.001 0.009 0.006 0.016 0.122 0.812 
 520 S _   0.018 0.016 0.001 0.011 0.006 0.016 0.123 0.809 
 521 L _   0.017 0.018 0.001 0.014 0.007 0.016 0.124 0.804 
 522 E _   0.017 0.019 0.001 0.017 0.007 0.016 0.126 0.798 
 523 Q _   0.016 0.019 0.001 0.019 0.007 0.015 0.127 0.795 
 524 A _   0.015 0.019 0.001 0.020 0.007 0.014 0.129 0.795 
 525 R _   0.013 0.018 0.001 0.019 0.006 0.012 0.131 0.799 
 526 M _   0.012 0.015 0.001 0.016 0.005 0.011 0.134 0.807 
 527 E _   0.010 0.013 0.000 0.012 0.004 0.009 0.136 0.817 
 528 V _   0.009 0.010 0.000 0.008 0.003 0.008 0.137 0.826 
 529 S _   0.007 0.007 0.000 0.005 0.002 0.007 0.139 0.832 
 530 Q _   0.006 0.006 0.000 0.004 0.002 0.006 0.140 0.836 
 531 E _   0.006 0.005 0.000 0.003 0.002 0.006 0.140 0.838 
 532 D _   0.006 0.006 0.000 0.003 0.002 0.006 0.140 0.837 
 533 D _   0.007 0.007 0.000 0.005 0.002 0.007 0.140 0.832 
 534 K _   0.007 0.010 0.000 0.007 0.003 0.009 0.139 0.824 
 535 A _   0.008 0.015 0.000 0.011 0.004 0.011 0.138 0.811 
 536 L _   0.009 0.022 0.001 0.017 0.006 0.012 0.137 0.796 
 537 Q _   0.010 0.029 0.001 0.023 0.007 0.014 0.136 0.781 
 538 L _   0.010 0.035 0.001 0.027 0.008 0.014 0.136 0.769 
 539 L _   0.010 0.038 0.001 0.030 0.008 0.014 0.136 0.764 
 540 H _   0.009 0.039 0.001 0.030 0.008 0.013 0.136 0.764 
 541 D _   0.009 0.038 0.001 0.027 0.007 0.012 0.137 0.769 
 542 I _   0.008 0.035 0.001 0.022 0.006 0.011 0.139 0.777 
 543 R _   0.008 0.032 0.001 0.018 0.005 0.010 0.140 0.787 
 544 E _   0.007 0.027 0.000 0.013 0.004 0.009 0.142 0.797 
 545 Q _   0.007 0.023 0.000 0.010 0.003 0.008 0.144 0.805 
 546 S _   0.006 0.020 0.000 0.007 0.003 0.007 0.145 0.811 
 547 R _   0.006 0.018 0.000 0.006 0.002 0.007 0.146 0.815 
 548 K _   0.006 0.017 0.000 0.006 0.002 0.007 0.147 0.816 
 549 L _   0.006 0.016 0.000 0.006 0.002 0.007 0.147 0.816 
 550 Q _   0.006 0.017 0.000 0.006 0.002 0.007 0.147 0.814 
 551 E _   0.006 0.018 0.000 0.006 0.002 0.008 0.147 0.812 
 552 I _   0.006 0.021 0.000 0.007 0.003 0.008 0.146 0.810 
 553 K _   0.006 0.024 0.000 0.007 0.003 0.009 0.145 0.806 
 554 E _   0.006 0.028 0.000 0.008 0.003 0.010 0.144 0.801 
 555 Q _   0.007 0.033 0.000 0.009 0.004 0.011 0.142 0.794 
 556 E _   0.007 0.039 0.001 0.010 0.004 0.012 0.141 0.785 
 557 Y _   0.008 0.047 0.001 0.012 0.005 0.014 0.139 0.774 
 558 Q _   0.009 0.058 0.001 0.014 0.007 0.016 0.138 0.759 
 559 A _   0.010 0.070 0.001 0.017 0.008 0.017 0.136 0.741 
 560 Q _   0.011 0.083 0.001 0.021 0.010 0.019 0.134 0.721 
 561 V _   0.012 0.096 0.001 0.024 0.011 0.020 0.133 0.702 
 562 E _   0.013 0.107 0.001 0.028 0.012 0.021 0.133 0.686 
 563 E _   0.014 0.114 0.001 0.030 0.013 0.022 0.132 0.674 
 564 M _   0.014 0.119 0.001 0.031 0.013 0.021 0.133 0.668 
 565 R _   0.014 0.121 0.001 0.031 0.012 0.021 0.133 0.667 
 566 L _   0.014 0.120 0.001 0.029 0.012 0.020 0.135 0.670 
 567 M _   0.014 0.116 0.001 0.027 0.011 0.019 0.136 0.676 
 568 M _   0.013 0.111 0.001 0.024 0.010 0.018 0.139 0.685 
 569 N _   0.013 0.103 0.001 0.021 0.009 0.017 0.141 0.695 
 570 Q _   0.013 0.095 0.001 0.019 0.008 0.016 0.144 0.704 
 571 L _   0.013 0.087 0.001 0.017 0.007 0.015 0.148 0.713 
 572 E _   0.012 0.079 0.001 0.015 0.006 0.014 0.151 0.721 
 573 E _   0.012 0.071 0.001 0.014 0.006 0.013 0.155 0.728 
 574 D _   0.012 0.064 0.001 0.014 0.006 0.012 0.158 0.734 
 575 L _   0.011 0.057 0.001 0.013 0.005 0.012 0.162 0.739 
 576 V _   0.011 0.050 0.001 0.013 0.005 0.011 0.166 0.744 
 577 S _   0.011 0.044 0.001 0.012 0.004 0.010 0.169 0.749 
 578 A _   0.010 0.037 0.001 0.011 0.004 0.009 0.173 0.755 
 579 R _   0.009 0.032 0.000 0.010 0.004 0.009 0.176 0.760 
 580 R _   0.009 0.026 0.000 0.008 0.003 0.008 0.180 0.766 
 581 R _   0.008 0.022 0.000 0.007 0.003 0.007 0.183 0.770 
 582 S _   0.007 0.019 0.000 0.006 0.002 0.007 0.185 0.773 
 583 D _   0.006 0.017 0.000 0.005 0.002 0.007 0.187 0.775 
 584 L _   0.006 0.016 0.000 0.005 0.002 0.007 0.188 0.776 
 585 Y _   0.006 0.016 0.000 0.005 0.002 0.007 0.189 0.775 
 586 E _   0.006 0.017 0.000 0.005 0.002 0.007 0.190 0.772 
 587 S _   0.006 0.019 0.000 0.006 0.003 0.008 0.190 0.768 
 588 E _   0.006 0.022 0.000 0.008 0.003 0.009 0.190 0.762 
 589 L _   0.006 0.026 0.000 0.010 0.004 0.010 0.190 0.753 
 590 R _   0.007 0.031 0.001 0.013 0.004 0.010 0.190 0.744 
 591 E _   0.007 0.037 0.001 0.016 0.005 0.011 0.190 0.733 
 592 S _   0.007 0.043 0.001 0.019 0.006 0.012 0.189 0.724 
 593 R _   0.007 0.048 0.001 0.021 0.006 0.012 0.190 0.715 
 594 L _   0.007 0.051 0.001 0.023 0.007 0.012 0.191 0.709 
 595 A _   0.007 0.053 0.001 0.023 0.007 0.012 0.192 0.705 
 596 A _   0.007 0.054 0.001 0.023 0.006 0.012 0.194 0.704 
 597 E _   0.007 0.053 0.001 0.022 0.006 0.011 0.196 0.704 
 598 E _   0.007 0.052 0.001 0.019 0.005 0.011 0.199 0.706 
 599 F _   0.007 0.049 0.001 0.017 0.005 0.010 0.202 0.709 
 600 K _   0.007 0.046 0.001 0.015 0.004 0.010 0.205 0.712 
 601 R _   0.007 0.043 0.000 0.014 0.004 0.009 0.209 0.714 
 602 K _   0.007 0.039 0.000 0.013 0.004 0.009 0.213 0.714 
 603 A _   0.007 0.037 0.000 0.012 0.004 0.009 0.217 0.714 
 604 T _   0.007 0.034 0.000 0.013 0.004 0.009 0.221 0.712 
 605 E _   0.008 0.032 0.000 0.013 0.004 0.009 0.225 0.709 
 606 C _   0.008 0.029 0.000 0.013 0.004 0.009 0.230 0.707 
 607 Q _   0.008 0.027 0.000 0.014 0.003 0.008 0.235 0.705 
 608 H _   0.008 0.024 0.000 0.013 0.003 0.008 0.239 0.705 
 609 K _   0.007 0.020 0.000 0.012 0.003 0.007 0.244 0.706 
 610 L _   0.007 0.016 0.000 0.011 0.003 0.007 0.248 0.709 
 611 L _   0.006 0.012 0.000 0.008 0.002 0.006 0.252 0.713 
 612 K _   0.006 0.009 0.000 0.006 0.002 0.005 0.254 0.718 
 613 A _   0.005 0.006 0.000 0.005 0.001 0.004 0.256 0.722 
 614 K _   0.004 0.005 0.000 0.003 0.001 0.004 0.257 0.726 
 615 D _   0.004 0.004 0.000 0.003 0.001 0.003 0.257 0.729 
 616 Q _   0.003 0.003 0.000 0.002 0.001 0.003 0.256 0.731 
 617 G _   0.003 0.003 0.000 0.003 0.001 0.003 0.254 0.732 
 618 K _   0.003 0.004 0.000 0.003 0.001 0.004 0.252 0.732 
 619 P _   0.004 0.006 0.000 0.004 0.001 0.005 0.248 0.732 
 620 E _   0.004 0.009 0.000 0.007 0.002 0.006 0.243 0.729 
 621 V _   0.004 0.014 0.000 0.009 0.003 0.007 0.237 0.725 
 622 G _   0.005 0.020 0.000 0.013 0.003 0.008 0.231 0.720 
 623 E _   0.005 0.026 0.000 0.016 0.004 0.009 0.225 0.716 
 624 Y _   0.005 0.031 0.001 0.017 0.004 0.009 0.218 0.714 
 625 A _   0.005 0.035 0.001 0.018 0.004 0.009 0.213 0.715 
 626 K _   0.005 0.038 0.000 0.018 0.004 0.009 0.208 0.717 
 627 L _   0.004 0.040 0.000 0.016 0.004 0.009 0.204 0.722 
 628 E _   0.004 0.041 0.000 0.015 0.004 0.008 0.201 0.727 
 629 K _   0.004 0.041 0.000 0.013 0.003 0.008 0.198 0.732 
 630 I _   0.004 0.041 0.000 0.011 0.003 0.008 0.195 0.736 
 631 N _   0.005 0.042 0.000 0.011 0.003 0.008 0.192 0.739 
 632 A _   0.005 0.042 0.000 0.010 0.003 0.008 0.190 0.741 
 633 E _   0.005 0.043 0.000 0.010 0.003 0.008 0.188 0.742 
 634 Q _   0.005 0.044 0.000 0.011 0.003 0.008 0.186 0.742 
 635 Q _   0.005 0.045 0.000 0.011 0.003 0.008 0.183 0.742 
 636 L _   0.005 0.047 0.000 0.012 0.004 0.008 0.181 0.742 
 637 K _   0.005 0.047 0.000 0.013 0.004 0.008 0.179 0.743 
 638 I _   0.005 0.048 0.000 0.013 0.004 0.008 0.178 0.744 
 639 Q _   0.005 0.048 0.000 0.013 0.004 0.008 0.176 0.746 
 640 E _   0.005 0.048 0.000 0.012 0.004 0.008 0.175 0.748 
 641 L _   0.005 0.047 0.000 0.012 0.003 0.008 0.173 0.751 
 642 Q _   0.005 0.046 0.000 0.011 0.003 0.008 0.172 0.754 
 643 E _   0.005 0.045 0.000 0.010 0.003 0.008 0.172 0.757 
 644 K _   0.005 0.045 0.000 0.009 0.003 0.008 0.171 0.759 
 645 L _   0.005 0.044 0.000 0.008 0.003 0.008 0.170 0.762 
 646 E _   0.005 0.044 0.000 0.008 0.003 0.008 0.169 0.763 
 647 K _   0.006 0.045 0.000 0.007 0.003 0.009 0.167 0.763 
 648 A _   0.006 0.046 0.000 0.008 0.003 0.009 0.166 0.761 
 649 V _   0.007 0.049 0.000 0.008 0.004 0.010 0.165 0.757 
 650 K _   0.008 0.052 0.000 0.010 0.004 0.011 0.163 0.751 
 651 A _   0.008 0.057 0.001 0.011 0.005 0.013 0.162 0.743 
 652 S _   0.009 0.063 0.001 0.014 0.006 0.014 0.161 0.733 
 653 T _   0.010 0.069 0.001 0.017 0.007 0.015 0.160 0.721 
 654 E _   0.011 0.075 0.001 0.020 0.009 0.016 0.159 0.709 
 655 A _   0.012 0.080 0.001 0.023 0.009 0.016 0.159 0.699 
 656 T _   0.012 0.084 0.001 0.025 0.010 0.017 0.159 0.693 
 657 E _   0.012 0.085 0.001 0.026 0.010 0.016 0.160 0.689 
 658 L _   0.012 0.085 0.001 0.026 0.009 0.016 0.162 0.689 
 659 L _   0.012 0.082 0.001 0.025 0.009 0.015 0.164 0.693 
 660 Q _   0.012 0.078 0.001 0.022 0.008 0.014 0.166 0.700 
 661 N _   0.011 0.071 0.001 0.019 0.007 0.013 0.169 0.709 
 662 I _   0.011 0.063 0.001 0.016 0.006 0.011 0.173 0.719 
 663 R _   0.010 0.055 0.001 0.014 0.005 0.011 0.176 0.729 
