#TopoPred_TM8: 8-state transmembrane topology prediction results by no_profile mode 
#probabilities are in the order of H E C I L F X _, the 8 transmembrane topology types used in PDBTM 
   1 M X   0.011 0.002 0.002 0.069 0.009 0.010 0.733 0.164 
   2 A X   0.004 0.001 0.000 0.044 0.002 0.005 0.754 0.189 
   3 A X   0.001 0.001 0.000 0.026 0.001 0.003 0.759 0.209 
   4 P X   0.001 0.002 0.000 0.018 0.001 0.002 0.756 0.221 
   5 S X   0.001 0.003 0.000 0.016 0.001 0.003 0.748 0.228 
   6 P X   0.001 0.004 0.000 0.015 0.001 0.004 0.737 0.237 
   7 S X   0.002 0.007 0.000 0.016 0.001 0.005 0.723 0.245 
   8 G X   0.002 0.012 0.000 0.019 0.002 0.006 0.704 0.255 
   9 G X   0.002 0.019 0.000 0.024 0.003 0.008 0.680 0.264 
  10 G X   0.002 0.027 0.001 0.031 0.004 0.009 0.653 0.274 
  11 G X   0.002 0.037 0.001 0.037 0.004 0.009 0.625 0.285 
  12 S X   0.002 0.046 0.001 0.042 0.005 0.010 0.598 0.297 
  13 G X   0.002 0.053 0.001 0.045 0.005 0.010 0.575 0.309 
  14 G X   0.002 0.058 0.001 0.045 0.005 0.010 0.556 0.323 
  15 G X   0.002 0.061 0.001 0.043 0.005 0.009 0.541 0.338 
  16 S X   0.002 0.063 0.001 0.039 0.004 0.009 0.529 0.353 
  17 G X   0.002 0.063 0.001 0.034 0.004 0.008 0.518 0.370 
  18 S X   0.002 0.062 0.000 0.028 0.003 0.008 0.509 0.387 
  19 G X   0.002 0.060 0.000 0.023 0.003 0.007 0.501 0.403 
  20 T X   0.002 0.058 0.000 0.018 0.002 0.006 0.494 0.419 
  21 P X   0.002 0.056 0.000 0.014 0.002 0.006 0.486 0.433 
  22 G X   0.002 0.055 0.000 0.011 0.002 0.005 0.478 0.446 
  23 P X   0.002 0.054 0.000 0.009 0.002 0.005 0.469 0.458 
  24 V _   0.002 0.055 0.000 0.008 0.002 0.005 0.459 0.468 
  25 G _   0.002 0.057 0.000 0.008 0.002 0.006 0.448 0.477 
  26 S _   0.003 0.060 0.000 0.008 0.002 0.006 0.435 0.485 
  27 P _   0.003 0.066 0.000 0.010 0.003 0.007 0.421 0.490 
  28 A _   0.003 0.076 0.000 0.013 0.003 0.009 0.404 0.491 
  29 P _   0.004 0.090 0.001 0.016 0.004 0.010 0.385 0.489 
  30 G _   0.004 0.109 0.001 0.021 0.005 0.011 0.365 0.483 
  31 H _   0.004 0.132 0.001 0.026 0.006 0.013 0.345 0.474 
  32 P _   0.004 0.155 0.001 0.030 0.007 0.013 0.325 0.465 
  33 A _   0.004 0.175 0.001 0.034 0.008 0.014 0.307 0.457 
  34 V _   0.004 0.191 0.001 0.036 0.008 0.014 0.292 0.453 
  35 S _   0.004 0.202 0.001 0.037 0.008 0.013 0.280 0.454 
  36 S _   0.004 0.209 0.001 0.037 0.008 0.013 0.270 0.457 
  37 M _   0.004 0.213 0.001 0.036 0.007 0.013 0.262 0.464 
  38 Q _   0.004 0.213 0.001 0.033 0.007 0.012 0.255 0.474 
  39 G _   0.004 0.211 0.001 0.030 0.006 0.012 0.250 0.485 
  40 K _   0.004 0.207 0.001 0.027 0.006 0.011 0.246 0.498 
  41 R _   0.005 0.200 0.001 0.024 0.005 0.010 0.243 0.512 
  42 K _   0.005 0.192 0.001 0.021 0.005 0.010 0.240 0.528 
  43 A _   0.005 0.182 0.001 0.018 0.005 0.009 0.237 0.543 
  44 L _   0.005 0.172 0.001 0.016 0.004 0.009 0.235 0.558 
  45 K _   0.005 0.162 0.001 0.014 0.004 0.009 0.233 0.572 
  46 L _   0.005 0.153 0.000 0.012 0.003 0.008 0.232 0.587 
  47 N _   0.005 0.144 0.000 0.010 0.003 0.008 0.229 0.600 
  48 F _   0.005 0.138 0.000 0.009 0.003 0.008 0.227 0.610 
  49 A _   0.005 0.133 0.000 0.008 0.003 0.008 0.225 0.617 
  50 N _   0.005 0.130 0.000 0.009 0.003 0.009 0.222 0.623 
  51 P _   0.005 0.130 0.000 0.009 0.003 0.009 0.218 0.625 
  52 P _   0.006 0.131 0.000 0.012 0.004 0.010 0.215 0.623 
  53 F _   0.006 0.133 0.001 0.015 0.005 0.011 0.211 0.619 
  54 K _   0.007 0.137 0.001 0.019 0.006 0.012 0.207 0.613 
  55 S _   0.007 0.140 0.001 0.024 0.006 0.012 0.203 0.607 
  56 T _   0.007 0.141 0.001 0.028 0.007 0.013 0.200 0.603 
  57 A _   0.008 0.141 0.001 0.030 0.008 0.013 0.197 0.603 
  58 R _   0.008 0.137 0.001 0.031 0.007 0.012 0.196 0.609 
  59 F _   0.007 0.130 0.001 0.029 0.007 0.011 0.195 0.621 
  60 T _   0.007 0.118 0.001 0.025 0.006 0.010 0.194 0.639 
  61 L _   0.007 0.101 0.001 0.020 0.005 0.009 0.194 0.663 
  62 N _   0.006 0.083 0.001 0.015 0.004 0.008 0.195 0.689 
  63 P _   0.006 0.065 0.000 0.010 0.003 0.007 0.194 0.714 
  64 N _   0.005 0.052 0.000 0.007 0.002 0.006 0.194 0.733 
  65 P _   0.005 0.045 0.000 0.005 0.002 0.006 0.192 0.745 
  66 T _   0.005 0.042 0.000 0.004 0.001 0.006 0.190 0.752 
  67 G _   0.005 0.042 0.000 0.004 0.002 0.007 0.187 0.754 
  68 V _   0.005 0.044 0.000 0.005 0.002 0.008 0.183 0.752 
  69 Q _   0.006 0.051 0.000 0.008 0.003 0.010 0.178 0.743 
  70 N _   0.007 0.066 0.001 0.013 0.005 0.013 0.171 0.725 
  71 P _   0.008 0.091 0.001 0.020 0.007 0.015 0.162 0.696 
  72 H _   0.008 0.122 0.001 0.028 0.009 0.017 0.153 0.661 
  73 I _   0.008 0.153 0.001 0.036 0.011 0.018 0.144 0.629 
  74 E _   0.008 0.175 0.001 0.042 0.011 0.018 0.137 0.608 
  75 R _   0.008 0.190 0.001 0.045 0.011 0.017 0.131 0.597 
  76 L _   0.007 0.197 0.001 0.046 0.011 0.016 0.127 0.595 
  77 R _   0.007 0.199 0.001 0.044 0.010 0.015 0.124 0.600 
  78 T _   0.006 0.197 0.001 0.039 0.009 0.014 0.122 0.611 
  79 H _   0.006 0.191 0.001 0.034 0.008 0.013 0.120 0.628 
  80 S _   0.006 0.181 0.001 0.028 0.007 0.012 0.119 0.647 
  81 I _   0.006 0.169 0.001 0.022 0.006 0.011 0.118 0.668 
  82 E _   0.006 0.156 0.001 0.018 0.005 0.010 0.118 0.687 
  83 S _   0.006 0.145 0.001 0.014 0.004 0.009 0.117 0.704 
  84 S _   0.006 0.135 0.000 0.012 0.003 0.009 0.116 0.718 
  85 G _   0.006 0.127 0.000 0.010 0.003 0.009 0.116 0.729 
  86 K _   0.006 0.122 0.000 0.010 0.003 0.008 0.114 0.737 
  87 L _   0.006 0.118 0.000 0.010 0.003 0.008 0.113 0.742 
  88 K _   0.006 0.116 0.000 0.010 0.003 0.009 0.111 0.745 
  89 I _   0.006 0.115 0.000 0.011 0.003 0.009 0.110 0.746 
  90 S _   0.006 0.115 0.000 0.012 0.004 0.009 0.108 0.745 
  91 P _   0.006 0.116 0.000 0.014 0.004 0.009 0.106 0.743 
  92 E _   0.006 0.117 0.001 0.017 0.005 0.010 0.104 0.741 
  93 Q _   0.006 0.118 0.001 0.018 0.005 0.010 0.103 0.739 
  94 H _   0.006 0.117 0.001 0.019 0.005 0.010 0.101 0.740 
  95 W _   0.006 0.115 0.001 0.019 0.005 0.009 0.100 0.744 
  96 D _   0.006 0.111 0.001 0.018 0.004 0.009 0.100 0.751 
  97 F _   0.006 0.106 0.001 0.016 0.004 0.008 0.099 0.761 
  98 T _   0.005 0.100 0.000 0.013 0.003 0.008 0.098 0.772 
  99 A _   0.005 0.095 0.000 0.011 0.003 0.007 0.097 0.783 
 100 E _   0.005 0.090 0.000 0.008 0.002 0.006 0.096 0.792 
 101 D _   0.004 0.087 0.000 0.007 0.002 0.006 0.095 0.799 
 102 L _   0.004 0.086 0.000 0.006 0.002 0.006 0.093 0.802 
 103 K _   0.004 0.088 0.000 0.006 0.002 0.007 0.091 0.801 
 104 D _   0.005 0.093 0.000 0.008 0.003 0.008 0.088 0.796 
 105 L _   0.005 0.102 0.000 0.010 0.003 0.009 0.085 0.785 
 106 G _   0.006 0.116 0.001 0.014 0.005 0.010 0.081 0.767 
 107 E _   0.006 0.135 0.001 0.019 0.006 0.012 0.077 0.746 
 108 I _   0.007 0.154 0.001 0.023 0.007 0.013 0.072 0.723 
 109 G _   0.007 0.171 0.001 0.028 0.008 0.013 0.069 0.704 
 110 R _   0.007 0.183 0.001 0.030 0.008 0.014 0.066 0.691 
 111 G _   0.007 0.192 0.001 0.032 0.008 0.014 0.063 0.684 
 112 A _   0.006 0.195 0.001 0.032 0.008 0.014 0.062 0.682 
 113 Y _   0.006 0.196 0.001 0.031 0.008 0.013 0.060 0.685 
 114 G _   0.006 0.194 0.001 0.028 0.008 0.013 0.059 0.691 
 115 S _   0.007 0.189 0.001 0.024 0.007 0.012 0.059 0.702 
 116 V _   0.007 0.181 0.001 0.021 0.006 0.012 0.058 0.714 
 117 N _   0.007 0.173 0.001 0.017 0.005 0.012 0.058 0.727 
 118 K _   0.007 0.165 0.001 0.013 0.005 0.011 0.058 0.740 
 119 M _   0.007 0.158 0.001 0.011 0.004 0.011 0.058 0.750 
 120 V _   0.007 0.153 0.000 0.009 0.004 0.012 0.058 0.756 
 121 H _   0.008 0.151 0.000 0.008 0.004 0.013 0.057 0.759 
 122 K _   0.009 0.152 0.000 0.009 0.004 0.014 0.056 0.755 
 123 P _   0.010 0.156 0.001 0.011 0.006 0.016 0.055 0.746 
 124 S _   0.012 0.164 0.001 0.014 0.008 0.018 0.054 0.729 
 125 G _   0.014 0.177 0.001 0.020 0.010 0.020 0.053 0.705 
 126 Q _   0.015 0.193 0.001 0.027 0.012 0.022 0.052 0.678 
 127 I _   0.016 0.208 0.001 0.034 0.014 0.023 0.051 0.653 
 128 M _   0.016 0.219 0.001 0.041 0.015 0.023 0.051 0.635 
 129 A _   0.016 0.224 0.001 0.045 0.015 0.023 0.051 0.626 
 130 V _   0.016 0.223 0.001 0.046 0.015 0.021 0.051 0.627 
 131 K _   0.015 0.217 0.001 0.044 0.013 0.020 0.052 0.638 
 132 R _   0.014 0.202 0.001 0.040 0.012 0.018 0.053 0.660 
 133 I _   0.013 0.180 0.001 0.034 0.010 0.016 0.055 0.691 
 134 R _   0.012 0.148 0.001 0.027 0.008 0.014 0.057 0.733 
 135 S _   0.011 0.112 0.001 0.020 0.007 0.012 0.060 0.778 
 136 T _   0.010 0.080 0.001 0.014 0.005 0.011 0.062 0.818 
 137 V _   0.008 0.057 0.001 0.010 0.003 0.009 0.063 0.849 
 138 D _   0.007 0.043 0.000 0.007 0.003 0.008 0.064 0.868 
 139 E _   0.006 0.036 0.000 0.005 0.002 0.008 0.064 0.879 
 140 K _   0.006 0.033 0.000 0.005 0.002 0.008 0.064 0.883 
 141 E _   0.006 0.032 0.000 0.005 0.002 0.009 0.063 0.883 
 142 Q _   0.006 0.033 0.000 0.007 0.003 0.010 0.062 0.879 
 143 K _   0.007 0.037 0.000 0.010 0.004 0.012 0.060 0.870 
 144 Q _   0.008 0.044 0.001 0.015 0.005 0.014 0.058 0.855 
 145 L _   0.009 0.052 0.001 0.022 0.007 0.016 0.056 0.836 
 146 L _   0.010 0.061 0.001 0.031 0.010 0.018 0.054 0.816 
 147 M _   0.010 0.067 0.001 0.038 0.011 0.019 0.053 0.800 
 148 D _   0.011 0.071 0.001 0.043 0.012 0.020 0.051 0.790 
 149 L _   0.012 0.071 0.001 0.044 0.013 0.020 0.051 0.789 
 150 D _   0.012 0.068 0.001 0.042 0.012 0.020 0.050 0.796 
 151 V _   0.012 0.061 0.001 0.036 0.011 0.018 0.050 0.811 
 152 V _   0.012 0.050 0.001 0.028 0.009 0.017 0.050 0.832 
 153 M _   0.013 0.035 0.001 0.019 0.007 0.016 0.051 0.858 
 154 R _   0.013 0.021 0.001 0.012 0.005 0.016 0.051 0.881 
 155 S _   0.014 0.010 0.001 0.007 0.004 0.015 0.051 0.898 
 156 S _   0.015 0.004 0.000 0.004 0.003 0.016 0.051 0.906 
 157 D _   0.017 0.002 0.000 0.003 0.003 0.018 0.050 0.906 
 158 C _   0.022 0.002 0.000 0.003 0.004 0.021 0.049 0.899 
 159 P _   0.029 0.002 0.001 0.004 0.006 0.026 0.048 0.884 
 160 Y _   0.039 0.002 0.001 0.007 0.010 0.032 0.047 0.863 
 161 I _   0.049 0.004 0.001 0.013 0.015 0.038 0.045 0.834 
 162 V _   0.060 0.007 0.001 0.020 0.020 0.044 0.044 0.804 
 163 Q _   0.070 0.009 0.002 0.026 0.025 0.049 0.042 0.777 
 164 F _   0.078 0.011 0.002 0.030 0.028 0.051 0.041 0.760 
 165 Y _   0.085 0.011 0.002 0.031 0.028 0.052 0.040 0.752 
 166 G _   0.092 0.009 0.002 0.027 0.026 0.051 0.039 0.753 
 167 A _   0.101 0.007 0.002 0.020 0.023 0.050 0.039 0.759 
 168 L _   0.109 0.004 0.001 0.013 0.019 0.048 0.038 0.768 
 169 F _   0.119 0.002 0.001 0.007 0.015 0.046 0.037 0.772 
 170 R _   0.132 0.001 0.001 0.004 0.012 0.046 0.036 0.768 
 171 E _   0.149 0.000 0.001 0.002 0.012 0.047 0.036 0.753 
 172 G _   0.172 0.000 0.001 0.002 0.014 0.049 0.035 0.728 
 173 D _   0.199 0.000 0.001 0.003 0.018 0.052 0.034 0.693 
 174 C _   0.228 0.001 0.001 0.004 0.025 0.056 0.034 0.652 
 175 W _   0.254 0.002 0.002 0.007 0.034 0.059 0.033 0.609 
 176 I _   0.272 0.005 0.002 0.012 0.042 0.061 0.034 0.572 
 177 C _   0.280 0.008 0.002 0.018 0.047 0.061 0.034 0.549 
 178 M _   0.278 0.010 0.003 0.023 0.049 0.059 0.035 0.543 
 179 E _   0.267 0.011 0.003 0.025 0.047 0.056 0.037 0.557 
 180 L _   0.246 0.010 0.003 0.023 0.042 0.051 0.038 0.588 
 181 M _   0.218 0.008 0.002 0.019 0.034 0.045 0.040 0.633 
 182 S _   0.186 0.005 0.002 0.013 0.026 0.039 0.042 0.686 
 183 T _   0.155 0.003 0.001 0.009 0.018 0.034 0.043 0.738 
 184 S _   0.124 0.001 0.001 0.005 0.012 0.029 0.045 0.782 
 185 F _   0.098 0.001 0.001 0.004 0.009 0.025 0.046 0.816 
 186 D _   0.079 0.000 0.001 0.004 0.007 0.023 0.047 0.839 
 187 K _   0.064 0.000 0.001 0.004 0.006 0.021 0.049 0.854 
 188 F _   0.053 0.000 0.001 0.005 0.006 0.021 0.050 0.864 
 189 Y _   0.046 0.001 0.001 0.007 0.007 0.020 0.051 0.869 
 190 K _   0.040 0.001 0.001 0.009 0.007 0.020 0.051 0.872 
 191 Y _   0.035 0.001 0.001 0.010 0.008 0.019 0.052 0.873 
 192 V _   0.031 0.002 0.001 0.011 0.008 0.019 0.053 0.876 
 193 Y _   0.028 0.002 0.001 0.012 0.007 0.018 0.054 0.879 
 194 S _   0.025 0.002 0.001 0.011 0.007 0.017 0.055 0.883 
 195 V _   0.024 0.001 0.001 0.009 0.006 0.016 0.055 0.887 
 196 L _   0.023 0.001 0.001 0.007 0.005 0.016 0.056 0.891 
 197 D _   0.024 0.001 0.001 0.006 0.005 0.016 0.057 0.892 
 198 D _   0.026 0.000 0.000 0.005 0.004 0.016 0.057 0.891 
 199 V _   0.030 0.000 0.000 0.004 0.004 0.018 0.057 0.887 
 200 I _   0.037 0.000 0.000 0.003 0.004 0.020 0.057 0.878 
 201 P _   0.047 0.000 0.001 0.003 0.005 0.023 0.057 0.864 
 202 E _   0.060 0.000 0.001 0.003 0.007 0.028 0.057 0.844 
 203 E _   0.078 0.000 0.001 0.004 0.010 0.033 0.057 0.818 
 204 I _   0.098 0.001 0.001 0.004 0.014 0.040 0.057 0.785 
 205 L _   0.119 0.002 0.001 0.006 0.021 0.047 0.057 0.748 
 206 G _   0.140 0.004 0.002 0.009 0.029 0.053 0.057 0.707 
 207 K _   0.158 0.007 0.002 0.013 0.038 0.059 0.057 0.667 
 208 I _   0.169 0.011 0.002 0.018 0.044 0.062 0.058 0.635 
 209 T _   0.174 0.016 0.002 0.024 0.048 0.062 0.060 0.614 
 210 L _   0.172 0.019 0.003 0.029 0.049 0.061 0.062 0.606 
 211 A _   0.164 0.021 0.003 0.032 0.047 0.057 0.065 0.612 
 212 T _   0.153 0.020 0.002 0.031 0.041 0.052 0.069 0.631 
 213 V _   0.137 0.019 0.002 0.027 0.034 0.047 0.073 0.661 
 214 K _   0.118 0.015 0.002 0.022 0.026 0.040 0.077 0.700 
 215 A _   0.099 0.011 0.001 0.016 0.019 0.034 0.081 0.740 
 216 L _   0.080 0.007 0.001 0.011 0.013 0.028 0.085 0.776 
 217 N _   0.062 0.004 0.001 0.007 0.009 0.024 0.088 0.805 
 218 H _   0.049 0.003 0.001 0.006 0.006 0.020 0.091 0.825 
 219 L _   0.038 0.002 0.001 0.005 0.005 0.018 0.094 0.838 
 220 K _   0.031 0.002 0.001 0.005 0.005 0.016 0.096 0.845 
 221 E _   0.025 0.002 0.001 0.006 0.005 0.015 0.098 0.848 
 222 N _   0.022 0.003 0.001 0.008 0.005 0.014 0.100 0.848 
 223 L _   0.019 0.003 0.001 0.010 0.005 0.014 0.102 0.846 
 224 K _   0.017 0.004 0.001 0.012 0.005 0.013 0.104 0.845 
 225 I _   0.015 0.004 0.001 0.013 0.005 0.012 0.105 0.844 
 226 I _   0.013 0.005 0.001 0.013 0.005 0.012 0.107 0.845 
 227 H _   0.012 0.005 0.001 0.012 0.005 0.011 0.109 0.847 
 228 R _   0.010 0.005 0.001 0.011 0.004 0.010 0.110 0.849 
 229 D _   0.009 0.004 0.000 0.010 0.004 0.009 0.112 0.851 
 230 I _   0.008 0.004 0.000 0.009 0.003 0.009 0.114 0.853 
 231 K _   0.008 0.004 0.000 0.008 0.003 0.008 0.115 0.853 
 232 P _   0.007 0.004 0.000 0.008 0.003 0.008 0.117 0.853 
 233 S _   0.007 0.004 0.000 0.008 0.003 0.008 0.118 0.852 
 234 N _   0.007 0.005 0.000 0.008 0.003 0.008 0.119 0.850 
 235 I _   0.007 0.005 0.000 0.008 0.003 0.008 0.120 0.848 
 236 L _   0.007 0.006 0.000 0.009 0.003 0.009 0.121 0.846 
 237 L _   0.007 0.006 0.000 0.008 0.003 0.009 0.121 0.845 
 238 D _   0.006 0.007 0.000 0.008 0.003 0.009 0.122 0.844 
 239 R _   0.007 0.008 0.000 0.008 0.003 0.010 0.122 0.842 
 240 S _   0.007 0.009 0.000 0.007 0.003 0.011 0.122 0.840 
 241 G _   0.008 0.011 0.000 0.007 0.004 0.013 0.122 0.836 
 242 N _   0.009 0.013 0.000 0.008 0.004 0.015 0.122 0.829 
 243 I _   0.011 0.018 0.001 0.009 0.006 0.018 0.121 0.817 
 244 K _   0.013 0.024 0.001 0.011 0.007 0.021 0.121 0.801 
 245 L _   0.016 0.034 0.001 0.014 0.010 0.025 0.120 0.780 
 246 C _   0.020 0.046 0.001 0.019 0.013 0.029 0.120 0.753 
 247 D _   0.023 0.060 0.001 0.024 0.017 0.032 0.119 0.723 
 248 F _   0.026 0.074 0.002 0.029 0.021 0.035 0.119 0.694 
 249 G _   0.029 0.087 0.002 0.035 0.024 0.037 0.119 0.669 
 250 I _   0.031 0.096 0.002 0.039 0.026 0.038 0.120 0.648 
 251 S _   0.032 0.102 0.002 0.042 0.026 0.038 0.122 0.636 
 252 G _   0.033 0.105 0.002 0.043 0.026 0.037 0.125 0.630 
 253 Q _   0.032 0.104 0.002 0.042 0.024 0.035 0.128 0.632 
 254 L _   0.031 0.100 0.002 0.040 0.022 0.032 0.132 0.642 
 255 V _   0.029 0.093 0.001 0.035 0.019 0.029 0.137 0.656 
 256 D _   0.027 0.083 0.001 0.030 0.015 0.026 0.142 0.676 
 257 S _   0.024 0.070 0.001 0.024 0.012 0.022 0.148 0.699 
 258 I _   0.021 0.057 0.001 0.019 0.009 0.019 0.153 0.721 
 259 A _   0.018 0.044 0.001 0.014 0.007 0.017 0.158 0.740 
 260 K _   0.015 0.035 0.001 0.011 0.005 0.014 0.163 0.755 
 261 T _   0.013 0.028 0.001 0.009 0.004 0.013 0.167 0.765 
 262 R _   0.011 0.023 0.000 0.008 0.004 0.011 0.170 0.772 
 263 D _   0.010 0.020 0.000 0.008 0.003 0.011 0.173 0.774 
 264 A _   0.009 0.018 0.000 0.008 0.003 0.010 0.176 0.774 
 265 G _   0.009 0.017 0.000 0.010 0.004 0.010 0.178 0.772 
 266 C _   0.009 0.017 0.000 0.011 0.004 0.010 0.180 0.769 
 267 R _   0.009 0.016 0.000 0.012 0.004 0.010 0.183 0.766 
 268 P _   0.008 0.015 0.001 0.014 0.004 0.009 0.185 0.763 
 269 Y _   0.008 0.014 0.000 0.014 0.004 0.009 0.188 0.763 
 270 M _   0.007 0.013 0.000 0.013 0.004 0.008 0.191 0.763 
 271 A _   0.007 0.011 0.000 0.012 0.003 0.008 0.193 0.765 
 272 P _   0.006 0.009 0.000 0.010 0.003 0.007 0.196 0.768 
 273 E _   0.006 0.007 0.000 0.009 0.003 0.006 0.198 0.771 
 274 R _   0.005 0.005 0.000 0.007 0.002 0.006 0.200 0.774 
 275 I _   0.005 0.004 0.000 0.006 0.002 0.005 0.202 0.776 
 276 D _   0.004 0.003 0.000 0.005 0.002 0.005 0.203 0.777 
 277 P _   0.004 0.002 0.000 0.005 0.002 0.005 0.204 0.778 
 278 S _   0.004 0.002 0.000 0.005 0.002 0.006 0.204 0.777 
 279 A _   0.004 0.001 0.000 0.005 0.002 0.006 0.204 0.777 
 280 S _   0.004 0.001 0.000 0.005 0.002 0.007 0.203 0.777 
 281 R _   0.005 0.001 0.000 0.005 0.002 0.008 0.202 0.776 
 282 Q _   0.006 0.001 0.000 0.005 0.002 0.010 0.201 0.774 
 283 G _   0.008 0.001 0.000 0.005 0.003 0.013 0.199 0.771 
 284 Y _   0.013 0.001 0.000 0.005 0.003 0.016 0.197 0.765 
 285 D _   0.020 0.001 0.000 0.005 0.005 0.021 0.194 0.753 
 286 V _   0.034 0.001 0.001 0.006 0.007 0.028 0.191 0.733 
 287 R _   0.054 0.001 0.001 0.006 0.011 0.036 0.187 0.703 
 288 S _   0.083 0.002 0.001 0.007 0.018 0.047 0.183 0.659 
 289 D _   0.118 0.004 0.002 0.008 0.028 0.058 0.178 0.603 
 290 V _   0.157 0.008 0.002 0.010 0.042 0.069 0.174 0.537 
 291 W _   0.194 0.014 0.002 0.013 0.056 0.077 0.171 0.473 
 292 S _   0.223 0.022 0.003 0.017 0.068 0.081 0.169 0.416 
 293 L _   0.246 0.030 0.003 0.021 0.077 0.083 0.169 0.371 
 294 G _   0.260 0.038 0.003 0.026 0.082 0.082 0.170 0.339 
 295 I _   0.267 0.044 0.003 0.030 0.083 0.079 0.172 0.323 
 296 T _   0.265 0.047 0.003 0.032 0.080 0.074 0.176 0.323 
 297 L _   0.254 0.047 0.003 0.033 0.074 0.068 0.182 0.339 
 298 Y _   0.236 0.045 0.003 0.032 0.064 0.061 0.190 0.370 
 299 E _   0.210 0.040 0.003 0.029 0.052 0.053 0.199 0.413 
 300 L _   0.177 0.033 0.003 0.025 0.040 0.045 0.210 0.467 
 301 A _   0.142 0.025 0.002 0.020 0.027 0.037 0.222 0.525 
 302 T _   0.108 0.016 0.001 0.015 0.017 0.029 0.233 0.580 
 303 G _   0.078 0.010 0.001 0.011 0.011 0.023 0.243 0.624 
 304 R _   0.054 0.006 0.001 0.007 0.006 0.017 0.251 0.657 
 305 F _   0.036 0.003 0.000 0.005 0.004 0.014 0.257 0.680 
 306 P _   0.024 0.002 0.000 0.004 0.003 0.011 0.262 0.694 
 307 Y _   0.017 0.002 0.000 0.003 0.002 0.010 0.265 0.701 
 308 P _   0.012 0.002 0.000 0.003 0.002 0.009 0.268 0.704 
 309 K _   0.010 0.003 0.000 0.003 0.002 0.009 0.270 0.702 
 310 W _   0.010 0.005 0.000 0.005 0.003 0.011 0.271 0.695 
 311 N _   0.010 0.010 0.000 0.008 0.004 0.013 0.272 0.683 
 312 S _   0.011 0.019 0.001 0.013 0.006 0.015 0.272 0.662 
 313 V _   0.012 0.034 0.001 0.021 0.009 0.017 0.273 0.633 
 314 F _   0.012 0.050 0.001 0.031 0.011 0.019 0.273 0.602 
 315 D _   0.012 0.064 0.001 0.040 0.013 0.020 0.274 0.575 
 316 Q _   0.012 0.073 0.001 0.047 0.014 0.020 0.277 0.556 
 317 L _   0.012 0.077 0.001 0.051 0.014 0.019 0.281 0.545 
 318 T _   0.011 0.078 0.001 0.051 0.013 0.018 0.286 0.542 
 319 Q _   0.010 0.075 0.001 0.046 0.011 0.016 0.293 0.547 
 320 V _   0.010 0.069 0.001 0.039 0.009 0.014 0.302 0.557 
 321 V _   0.009 0.059 0.001 0.030 0.007 0.012 0.312 0.571 
 322 K _   0.008 0.046 0.001 0.022 0.005 0.010 0.322 0.586 
 323 G _   0.007 0.034 0.001 0.015 0.004 0.008 0.331 0.601 
 324 D _   0.006 0.024 0.000 0.010 0.003 0.007 0.339 0.611 
 325 P _   0.005 0.017 0.000 0.006 0.002 0.005 0.346 0.618 
 326 P _   0.004 0.012 0.000 0.004 0.001 0.005 0.350 0.622 
 327 Q _   0.004 0.010 0.000 0.003 0.001 0.004 0.354 0.623 
 328 L _   0.003 0.009 0.000 0.003 0.001 0.004 0.355 0.624 
 329 S _   0.003 0.009 0.000 0.003 0.001 0.004 0.356 0.623 
 330 N _   0.003 0.010 0.000 0.003 0.001 0.005 0.356 0.621 
 331 S _   0.003 0.012 0.000 0.004 0.001 0.007 0.354 0.618 
 332 E _   0.004 0.016 0.000 0.005 0.002 0.009 0.351 0.612 
 333 E _   0.005 0.025 0.000 0.007 0.003 0.011 0.347 0.600 
 334 R _   0.007 0.040 0.001 0.011 0.005 0.015 0.342 0.579 
 335 E _   0.009 0.066 0.001 0.015 0.008 0.020 0.335 0.546 
 336 F _   0.012 0.105 0.001 0.021 0.012 0.024 0.326 0.498 
 337 S _   0.014 0.158 0.002 0.028 0.018 0.028 0.316 0.436 
 338 P _   0.016 0.220 0.002 0.036 0.023 0.031 0.307 0.365 
 339 S _   0.017 0.278 0.002 0.044 0.026 0.033 0.300 0.300 
 340 F E   0.018 0.325 0.002 0.051 0.028 0.033 0.295 0.249 
 341 I E   0.018 0.355 0.002 0.057 0.028 0.032 0.293 0.215 
 342 N E   0.019 0.371 0.002 0.062 0.027 0.030 0.293 0.197 
 343 F E   0.019 0.377 0.001 0.064 0.025 0.028 0.296 0.190 
 344 V E   0.019 0.374 0.001 0.063 0.023 0.026 0.300 0.192 
 345 N E   0.019 0.362 0.002 0.059 0.021 0.024 0.307 0.206 
 346 L E   0.019 0.335 0.002 0.053 0.019 0.021 0.318 0.234 
 347 C X   0.018 0.287 0.002 0.045 0.017 0.019 0.333 0.280 
 348 L X   0.018 0.216 0.002 0.035 0.014 0.017 0.352 0.346 
 349 T _   0.017 0.136 0.002 0.025 0.010 0.014 0.374 0.422 
 350 K _   0.015 0.072 0.001 0.015 0.007 0.012 0.393 0.486 
 351 D _   0.011 0.032 0.001 0.009 0.004 0.009 0.407 0.527 
 352 E _   0.008 0.013 0.000 0.005 0.002 0.007 0.416 0.549 
 353 S _   0.006 0.005 0.000 0.003 0.001 0.005 0.421 0.558 
 354 K _   0.004 0.002 0.000 0.002 0.001 0.004 0.424 0.562 
 355 R _   0.004 0.001 0.000 0.002 0.001 0.004 0.426 0.562 
 356 P _   0.003 0.001 0.000 0.002 0.001 0.004 0.426 0.562 
 357 K _   0.004 0.001 0.000 0.002 0.001 0.005 0.426 0.561 
 358 Y _   0.004 0.001 0.000 0.004 0.002 0.007 0.424 0.559 
 359 K _   0.005 0.002 0.000 0.005 0.002 0.009 0.422 0.556 
 360 E _   0.005 0.002 0.000 0.008 0.003 0.011 0.419 0.552 
 361 L _   0.006 0.003 0.000 0.010 0.004 0.013 0.416 0.547 
 362 L _   0.007 0.004 0.001 0.013 0.005 0.016 0.413 0.541 
 363 K _   0.009 0.005 0.001 0.015 0.007 0.019 0.409 0.536 
 364 H _   0.011 0.005 0.001 0.016 0.008 0.021 0.406 0.531 
 365 P _   0.015 0.005 0.001 0.017 0.009 0.024 0.404 0.526 
 366 F _   0.020 0.004 0.001 0.016 0.010 0.027 0.402 0.520 
 367 I _   0.028 0.004 0.001 0.014 0.011 0.029 0.400 0.512 
 368 L _   0.039 0.003 0.001 0.012 0.011 0.032 0.399 0.502 
 369 M _   0.053 0.002 0.001 0.009 0.012 0.035 0.398 0.489 
 370 Y _   0.071 0.001 0.001 0.007 0.013 0.038 0.397 0.471 
 371 E _   0.093 0.001 0.001 0.005 0.014 0.041 0.397 0.449 
 372 E _   0.117 0.000 0.001 0.004 0.016 0.044 0.397 0.422 
 373 R X   0.144 0.000 0.001 0.003 0.018 0.047 0.397 0.389 
 374 A X   0.170 0.000 0.001 0.003 0.022 0.050 0.399 0.355 
 375 V X   0.195 0.000 0.001 0.003 0.028 0.052 0.402 0.319 
 376 E X   0.216 0.001 0.002 0.004 0.034 0.055 0.406 0.283 
 377 V X   0.232 0.002 0.002 0.006 0.040 0.056 0.412 0.251 
 378 A X   0.240 0.003 0.002 0.008 0.045 0.056 0.421 0.224 
 379 C X   0.242 0.005 0.002 0.011 0.049 0.055 0.433 0.203 
 380 Y X   0.234 0.007 0.002 0.015 0.051 0.053 0.448 0.190 
 381 V X   0.220 0.008 0.003 0.018 0.050 0.050 0.467 0.184 
 382 C X   0.201 0.009 0.003 0.021 0.046 0.046 0.490 0.184 
 383 K X   0.177 0.009 0.002 0.023 0.041 0.042 0.517 0.189 
 384 I X   0.151 0.009 0.002 0.023 0.034 0.037 0.547 0.197 
 385 L X   0.125 0.008 0.002 0.021 0.026 0.032 0.580 0.207 
 386 D X   0.099 0.006 0.002 0.018 0.019 0.027 0.614 0.215 
 387 Q X   0.076 0.005 0.001 0.015 0.013 0.021 0.648 0.220 
 388 M X   0.056 0.003 0.001 0.012 0.009 0.017 0.680 0.223 
 389 P X   0.040 0.002 0.001 0.009 0.005 0.013 0.709 0.221 
 390 A X   0.027 0.001 0.000 0.007 0.004 0.010 0.733 0.219 
 391 T X   0.017 0.001 0.000 0.005 0.003 0.007 0.752 0.214 
 392 P X   0.011 0.001 0.000 0.004 0.002 0.005 0.768 0.209 
 393 S X   0.007 0.001 0.000 0.004 0.001 0.004 0.782 0.202 
 394 S X   0.003 0.000 0.000 0.003 0.001 0.002 0.793 0.197 
 395 P X   0.001 0.000 0.000 0.002 0.001 0.001 0.802 0.193 
 396 M X   0.000 0.000 0.000 0.001 0.000 0.000 0.807 0.190 
 397 Y X   0.000 0.000 0.000 0.001 0.000 0.000 0.808 0.191 
 398 V X   0.000 0.000 0.000 0.002 0.000 0.000 0.805 0.193 
 399 D X   0.002 0.001 0.001 0.008 0.002 0.002 0.790 0.195 
