#TopoPred_TM8: 8-state transmembrane topology prediction results by no_profile mode 
#probabilities are in the order of H E C I L F X _, the 8 transmembrane topology types used in PDBTM 
   1 M X   0.012 0.001 0.002 0.047 0.008 0.009 0.771 0.150 
   2 C X   0.005 0.001 0.000 0.027 0.002 0.004 0.791 0.170 
   3 D X   0.001 0.001 0.000 0.014 0.001 0.003 0.796 0.185 
   4 L X   0.001 0.001 0.000 0.009 0.000 0.003 0.793 0.193 
   5 I X   0.001 0.001 0.000 0.008 0.001 0.003 0.787 0.199 
   6 E X   0.002 0.002 0.000 0.008 0.001 0.005 0.776 0.206 
   7 P X   0.002 0.004 0.000 0.008 0.001 0.006 0.763 0.214 
   8 Q X   0.003 0.008 0.000 0.010 0.002 0.007 0.746 0.223 
   9 P X   0.003 0.015 0.000 0.012 0.003 0.009 0.725 0.233 
  10 A X   0.004 0.025 0.001 0.016 0.004 0.010 0.699 0.242 
  11 E X   0.004 0.039 0.001 0.019 0.005 0.011 0.671 0.251 
  12 K X   0.004 0.054 0.001 0.022 0.006 0.012 0.643 0.259 
  13 I X   0.004 0.068 0.001 0.024 0.006 0.013 0.618 0.267 
  14 G X   0.004 0.082 0.001 0.025 0.007 0.013 0.596 0.274 
  15 K X   0.004 0.093 0.001 0.024 0.007 0.013 0.576 0.282 
  16 M X   0.004 0.103 0.001 0.024 0.007 0.014 0.559 0.290 
  17 K X   0.004 0.111 0.001 0.023 0.007 0.014 0.543 0.298 
  18 K X   0.004 0.118 0.001 0.022 0.007 0.014 0.529 0.305 
  19 L X   0.005 0.124 0.001 0.021 0.007 0.014 0.517 0.313 
  20 R X   0.005 0.129 0.001 0.020 0.007 0.014 0.505 0.319 
  21 R X   0.006 0.133 0.001 0.020 0.007 0.015 0.494 0.324 
  22 T X   0.006 0.137 0.001 0.022 0.008 0.015 0.485 0.327 
  23 L X   0.006 0.140 0.001 0.023 0.008 0.015 0.476 0.330 
  24 S X   0.007 0.143 0.001 0.025 0.009 0.015 0.469 0.332 
  25 E X   0.007 0.143 0.001 0.027 0.009 0.015 0.462 0.335 
  26 S X   0.008 0.142 0.001 0.029 0.009 0.015 0.457 0.340 
  27 F X   0.008 0.138 0.001 0.029 0.009 0.014 0.453 0.348 
  28 S X   0.008 0.131 0.001 0.027 0.008 0.013 0.450 0.361 
  29 R X   0.008 0.119 0.001 0.024 0.007 0.012 0.449 0.380 
  30 I X   0.008 0.102 0.001 0.020 0.006 0.011 0.448 0.404 
  31 A X   0.008 0.081 0.001 0.015 0.005 0.010 0.447 0.433 
  32 L _   0.007 0.060 0.001 0.011 0.004 0.009 0.447 0.462 
  33 K _   0.007 0.043 0.000 0.007 0.003 0.008 0.446 0.486 
  34 K _   0.006 0.033 0.000 0.004 0.002 0.007 0.444 0.502 
  35 D _   0.006 0.029 0.000 0.003 0.002 0.007 0.442 0.511 
  36 D _   0.006 0.027 0.000 0.003 0.002 0.008 0.439 0.515 
  37 T _   0.006 0.028 0.000 0.004 0.002 0.009 0.435 0.515 
  38 T _   0.007 0.032 0.000 0.006 0.004 0.011 0.430 0.509 
  39 F _   0.008 0.041 0.001 0.011 0.006 0.013 0.424 0.496 
  40 D _   0.009 0.056 0.001 0.018 0.008 0.015 0.416 0.476 
  41 E _   0.009 0.073 0.001 0.026 0.010 0.017 0.409 0.455 
  42 I _   0.009 0.086 0.001 0.033 0.011 0.017 0.402 0.439 
  43 C _   0.009 0.095 0.001 0.038 0.012 0.017 0.397 0.430 
  44 V _   0.009 0.100 0.001 0.039 0.012 0.017 0.394 0.428 
  45 T _   0.009 0.101 0.001 0.038 0.011 0.016 0.392 0.433 
  46 K _   0.008 0.098 0.001 0.034 0.010 0.015 0.391 0.442 
  47 M _   0.008 0.093 0.001 0.029 0.009 0.014 0.391 0.456 
  48 S _   0.007 0.084 0.001 0.023 0.007 0.012 0.393 0.473 
  49 T _   0.007 0.073 0.001 0.018 0.006 0.011 0.395 0.491 
  50 R _   0.006 0.062 0.001 0.013 0.005 0.010 0.397 0.506 
  51 N _   0.006 0.054 0.000 0.010 0.004 0.009 0.399 0.518 
  52 C _   0.006 0.048 0.000 0.009 0.003 0.009 0.400 0.525 
  53 Q _   0.006 0.044 0.000 0.008 0.003 0.008 0.402 0.528 
  54 G _   0.006 0.042 0.000 0.009 0.003 0.008 0.403 0.529 
  55 M _   0.006 0.040 0.000 0.010 0.003 0.008 0.404 0.528 
  56 D _   0.006 0.039 0.000 0.012 0.004 0.008 0.406 0.526 
  57 S _   0.006 0.037 0.000 0.013 0.004 0.008 0.407 0.524 
  58 V _   0.006 0.035 0.000 0.014 0.004 0.008 0.409 0.523 
  59 I _   0.006 0.033 0.000 0.014 0.004 0.007 0.412 0.524 
  60 K _   0.006 0.029 0.000 0.013 0.003 0.007 0.414 0.527 
  61 P _   0.005 0.025 0.000 0.011 0.003 0.006 0.417 0.532 
  62 L _   0.005 0.020 0.000 0.009 0.003 0.006 0.420 0.537 
  63 D _   0.005 0.016 0.000 0.007 0.002 0.005 0.423 0.542 
  64 T _   0.004 0.013 0.000 0.005 0.002 0.004 0.425 0.547 
  65 I _   0.004 0.010 0.000 0.004 0.001 0.004 0.427 0.550 
  66 P _   0.004 0.009 0.000 0.003 0.001 0.004 0.427 0.551 
  67 E _   0.003 0.009 0.000 0.003 0.001 0.004 0.427 0.552 
  68 D _   0.004 0.009 0.000 0.004 0.001 0.005 0.427 0.550 
  69 K _   0.004 0.010 0.000 0.005 0.002 0.006 0.425 0.547 
  70 K _   0.004 0.013 0.000 0.007 0.002 0.007 0.424 0.542 
  71 V _   0.005 0.016 0.000 0.011 0.003 0.008 0.421 0.535 
  72 R _   0.005 0.021 0.000 0.015 0.004 0.009 0.419 0.527 
  73 V _   0.005 0.025 0.001 0.019 0.005 0.009 0.417 0.519 
  74 Q _   0.005 0.028 0.001 0.022 0.005 0.010 0.416 0.513 
  75 R _   0.005 0.029 0.001 0.024 0.005 0.010 0.415 0.511 
  76 T _   0.005 0.029 0.001 0.023 0.005 0.009 0.416 0.512 
  77 Q _   0.005 0.028 0.001 0.021 0.005 0.008 0.417 0.516 
  78 S _   0.004 0.025 0.000 0.017 0.004 0.007 0.419 0.523 
  79 T _   0.004 0.022 0.000 0.013 0.003 0.006 0.421 0.530 
  80 F _   0.004 0.019 0.000 0.009 0.002 0.006 0.423 0.537 
  81 D _   0.004 0.016 0.000 0.007 0.002 0.005 0.425 0.542 
  82 P _   0.003 0.013 0.000 0.005 0.002 0.004 0.426 0.546 
  83 F _   0.003 0.012 0.000 0.005 0.001 0.004 0.426 0.548 
  84 E _   0.003 0.012 0.000 0.004 0.001 0.004 0.426 0.548 
  85 K _   0.003 0.012 0.000 0.005 0.001 0.005 0.426 0.548 
  86 P _   0.003 0.013 0.000 0.006 0.002 0.005 0.425 0.547 
  87 A _   0.003 0.014 0.000 0.008 0.002 0.005 0.423 0.544 
  88 N _   0.003 0.016 0.000 0.010 0.002 0.006 0.421 0.541 
  89 Q _   0.003 0.018 0.000 0.011 0.003 0.006 0.419 0.539 
  90 V _   0.003 0.020 0.000 0.013 0.003 0.006 0.417 0.537 
  91 K _   0.003 0.022 0.000 0.014 0.003 0.006 0.415 0.536 
  92 R _   0.003 0.023 0.000 0.013 0.003 0.006 0.414 0.537 
  93 V _   0.003 0.023 0.000 0.013 0.003 0.006 0.413 0.538 
  94 H _   0.003 0.024 0.000 0.012 0.003 0.006 0.412 0.539 
  95 S _   0.003 0.024 0.000 0.012 0.003 0.006 0.412 0.541 
  96 E _   0.003 0.024 0.000 0.012 0.003 0.006 0.411 0.541 
  97 N _   0.003 0.024 0.000 0.012 0.003 0.006 0.411 0.540 
  98 N _   0.004 0.025 0.000 0.012 0.003 0.007 0.412 0.538 
  99 A _   0.004 0.025 0.000 0.013 0.003 0.007 0.412 0.535 
 100 C _   0.004 0.025 0.000 0.015 0.003 0.007 0.413 0.532 
 101 I _   0.004 0.025 0.000 0.016 0.004 0.008 0.414 0.529 
 102 N _   0.005 0.025 0.000 0.016 0.004 0.008 0.415 0.527 
 103 F _   0.005 0.024 0.000 0.016 0.004 0.007 0.417 0.527 
 104 K _   0.004 0.022 0.000 0.014 0.003 0.007 0.419 0.529 
 105 T _   0.004 0.020 0.000 0.012 0.003 0.006 0.422 0.532 
 106 S _   0.004 0.017 0.000 0.010 0.003 0.006 0.424 0.536 
 107 S _   0.004 0.014 0.000 0.008 0.002 0.005 0.426 0.540 
 108 T _   0.003 0.012 0.000 0.007 0.002 0.005 0.428 0.543 
 109 G _   0.003 0.010 0.000 0.006 0.002 0.005 0.430 0.544 
 110 K _   0.003 0.009 0.000 0.006 0.002 0.005 0.431 0.544 
 111 E _   0.003 0.008 0.000 0.006 0.002 0.005 0.432 0.543 
 112 S _   0.004 0.008 0.000 0.007 0.002 0.005 0.432 0.542 
 113 P _   0.004 0.008 0.000 0.008 0.002 0.006 0.433 0.539 
 114 K _   0.004 0.009 0.000 0.010 0.002 0.006 0.433 0.536 
 115 V _   0.004 0.009 0.000 0.011 0.003 0.006 0.433 0.534 
 116 R _   0.004 0.009 0.000 0.012 0.003 0.007 0.433 0.532 
 117 R _   0.004 0.008 0.000 0.012 0.003 0.006 0.434 0.532 
 118 H _   0.004 0.008 0.000 0.011 0.003 0.006 0.435 0.533 
 119 S _   0.004 0.007 0.000 0.010 0.002 0.006 0.435 0.535 
 120 S _   0.004 0.006 0.000 0.008 0.002 0.005 0.436 0.538 
 121 P _   0.004 0.005 0.000 0.007 0.002 0.005 0.436 0.541 
 122 S _   0.004 0.004 0.000 0.006 0.002 0.005 0.436 0.543 
 123 S _   0.004 0.003 0.000 0.005 0.001 0.004 0.436 0.546 
 124 P _   0.004 0.003 0.000 0.005 0.001 0.004 0.435 0.548 
 125 T _   0.004 0.003 0.000 0.005 0.001 0.004 0.433 0.550 
 126 S _   0.003 0.003 0.000 0.005 0.001 0.004 0.431 0.553 
 127 P _   0.003 0.003 0.000 0.005 0.001 0.004 0.428 0.555 
 128 K _   0.003 0.003 0.000 0.005 0.001 0.005 0.424 0.558 
 129 F _   0.003 0.004 0.000 0.006 0.002 0.005 0.418 0.563 
 130 G _   0.003 0.005 0.000 0.006 0.002 0.005 0.412 0.567 
 131 K _   0.003 0.006 0.000 0.007 0.002 0.005 0.406 0.572 
 132 A _   0.003 0.007 0.000 0.007 0.002 0.006 0.398 0.577 
 133 D _   0.003 0.009 0.000 0.008 0.002 0.006 0.389 0.582 
 134 S _   0.003 0.011 0.000 0.009 0.002 0.007 0.380 0.587 
 135 Y _   0.003 0.015 0.000 0.011 0.003 0.007 0.369 0.592 
 136 E _   0.004 0.019 0.000 0.012 0.003 0.008 0.359 0.595 
 137 K _   0.004 0.023 0.000 0.015 0.004 0.009 0.347 0.598 
 138 L _   0.004 0.029 0.001 0.017 0.004 0.010 0.336 0.600 
 139 E _   0.004 0.034 0.001 0.020 0.005 0.010 0.325 0.601 
 140 K _   0.005 0.039 0.001 0.022 0.005 0.011 0.314 0.602 
 141 L _   0.005 0.044 0.001 0.025 0.006 0.012 0.305 0.604 
 142 G _   0.005 0.047 0.001 0.028 0.006 0.012 0.296 0.605 
 143 E _   0.005 0.049 0.001 0.030 0.007 0.012 0.289 0.606 
 144 G _   0.006 0.051 0.001 0.031 0.007 0.012 0.283 0.609 
 145 S _   0.006 0.050 0.001 0.031 0.007 0.012 0.278 0.615 
 146 Y _   0.007 0.048 0.001 0.030 0.007 0.012 0.274 0.622 
 147 A _   0.007 0.044 0.001 0.026 0.006 0.011 0.271 0.634 
 148 T _   0.007 0.038 0.001 0.022 0.005 0.010 0.269 0.648 
 149 V _   0.006 0.031 0.001 0.017 0.004 0.009 0.267 0.666 
 150 Y _   0.006 0.023 0.000 0.012 0.003 0.008 0.264 0.683 
 151 K _   0.005 0.017 0.000 0.008 0.002 0.007 0.262 0.699 
 152 G _   0.005 0.012 0.000 0.005 0.002 0.006 0.258 0.711 
 153 K _   0.004 0.010 0.000 0.004 0.002 0.006 0.254 0.719 
 154 S _   0.005 0.009 0.000 0.003 0.002 0.007 0.250 0.724 
 155 K _   0.005 0.009 0.000 0.004 0.002 0.009 0.244 0.726 
 156 V _   0.007 0.012 0.000 0.005 0.003 0.011 0.238 0.724 
 157 N _   0.009 0.017 0.001 0.009 0.005 0.015 0.230 0.715 
 158 G _   0.011 0.029 0.001 0.015 0.008 0.019 0.220 0.697 
 159 K _   0.013 0.049 0.001 0.025 0.011 0.023 0.208 0.670 
 160 L _   0.014 0.070 0.001 0.036 0.015 0.026 0.197 0.641 
 161 V _   0.015 0.087 0.001 0.046 0.017 0.028 0.187 0.618 
 162 A _   0.016 0.099 0.001 0.053 0.019 0.028 0.178 0.605 
 163 L _   0.016 0.105 0.001 0.056 0.019 0.028 0.172 0.602 
 164 K _   0.016 0.106 0.001 0.056 0.019 0.027 0.167 0.608 
 165 V _   0.016 0.103 0.001 0.051 0.017 0.026 0.162 0.623 
 166 I _   0.016 0.095 0.001 0.043 0.015 0.023 0.159 0.647 
 167 R _   0.015 0.083 0.001 0.033 0.012 0.021 0.157 0.677 
 168 L _   0.014 0.066 0.001 0.024 0.010 0.019 0.155 0.710 
 169 Q _   0.013 0.049 0.001 0.016 0.007 0.017 0.153 0.743 
 170 E _   0.012 0.035 0.001 0.011 0.006 0.016 0.151 0.770 
 171 E _   0.012 0.026 0.001 0.007 0.004 0.015 0.148 0.787 
 172 E _   0.011 0.022 0.000 0.006 0.004 0.014 0.146 0.797 
 173 G _   0.011 0.020 0.000 0.006 0.004 0.015 0.143 0.801 
 174 T _   0.012 0.020 0.000 0.007 0.004 0.016 0.140 0.801 
 175 P _   0.013 0.021 0.001 0.009 0.006 0.018 0.136 0.796 
 176 F _   0.015 0.023 0.001 0.013 0.008 0.020 0.133 0.788 
 177 T _   0.016 0.026 0.001 0.018 0.010 0.022 0.128 0.779 
 178 A _   0.016 0.029 0.001 0.023 0.012 0.023 0.125 0.771 
 179 I _   0.017 0.030 0.001 0.026 0.013 0.024 0.121 0.767 
 180 R _   0.017 0.031 0.001 0.028 0.014 0.025 0.118 0.766 
 181 E _   0.018 0.030 0.001 0.027 0.013 0.025 0.116 0.770 
 182 A _   0.018 0.027 0.001 0.025 0.013 0.025 0.114 0.778 
 183 S _   0.019 0.023 0.001 0.021 0.011 0.024 0.112 0.789 
 184 L _   0.020 0.018 0.001 0.017 0.010 0.024 0.110 0.800 
 185 L _   0.022 0.013 0.001 0.013 0.009 0.023 0.109 0.810 
 186 K _   0.024 0.009 0.001 0.010 0.008 0.024 0.108 0.818 
 187 G _   0.026 0.006 0.001 0.008 0.007 0.024 0.106 0.822 
 188 L _   0.030 0.004 0.001 0.007 0.007 0.025 0.105 0.821 
 189 K _   0.035 0.003 0.001 0.006 0.008 0.026 0.104 0.817 
 190 H _   0.040 0.003 0.001 0.007 0.009 0.028 0.103 0.810 
 191 A _   0.046 0.002 0.001 0.007 0.011 0.030 0.102 0.800 
 192 N _   0.053 0.002 0.001 0.009 0.012 0.032 0.101 0.790 
 193 I _   0.059 0.003 0.001 0.010 0.014 0.034 0.101 0.779 
 194 V _   0.065 0.003 0.001 0.012 0.015 0.035 0.100 0.770 
 195 L _   0.069 0.003 0.001 0.012 0.015 0.035 0.100 0.764 
 196 L _   0.072 0.002 0.001 0.012 0.015 0.035 0.100 0.762 
 197 H _   0.075 0.002 0.001 0.011 0.013 0.035 0.100 0.764 
 198 D _   0.077 0.001 0.001 0.008 0.012 0.034 0.100 0.767 
 199 I _   0.079 0.001 0.001 0.006 0.010 0.034 0.100 0.769 
 200 I _   0.083 0.001 0.001 0.005 0.009 0.035 0.100 0.768 
 201 H _   0.088 0.000 0.001 0.003 0.009 0.036 0.100 0.763 
 202 T _   0.096 0.000 0.001 0.003 0.009 0.038 0.100 0.752 
 203 K _   0.106 0.001 0.001 0.003 0.012 0.042 0.100 0.736 
 204 E _   0.117 0.001 0.001 0.004 0.016 0.047 0.100 0.714 
 205 T _   0.128 0.004 0.001 0.006 0.021 0.051 0.100 0.687 
 206 L _   0.137 0.009 0.002 0.010 0.029 0.056 0.101 0.657 
 207 T _   0.143 0.018 0.002 0.016 0.036 0.059 0.102 0.624 
 208 L _   0.144 0.030 0.002 0.023 0.041 0.060 0.104 0.596 
 209 V _   0.141 0.041 0.002 0.030 0.044 0.059 0.106 0.577 
 210 F _   0.134 0.049 0.002 0.036 0.044 0.057 0.109 0.570 
 211 E _   0.123 0.053 0.002 0.039 0.042 0.053 0.112 0.574 
 212 Y _   0.110 0.055 0.002 0.040 0.038 0.049 0.117 0.590 
 213 V _   0.096 0.054 0.002 0.038 0.032 0.043 0.122 0.612 
 214 H _   0.081 0.051 0.002 0.035 0.026 0.038 0.128 0.639 
 215 T _   0.067 0.045 0.002 0.030 0.020 0.032 0.134 0.669 
 216 D _   0.054 0.038 0.001 0.025 0.015 0.027 0.141 0.699 
 217 L _   0.042 0.030 0.001 0.020 0.011 0.022 0.148 0.726 
 218 C _   0.033 0.022 0.001 0.016 0.007 0.018 0.154 0.749 
 219 Q _   0.025 0.016 0.001 0.012 0.005 0.014 0.159 0.767 
 220 Y _   0.019 0.010 0.000 0.009 0.004 0.011 0.164 0.782 
 221 M _   0.014 0.006 0.000 0.007 0.003 0.009 0.167 0.793 
 222 D _   0.011 0.004 0.000 0.005 0.002 0.007 0.170 0.801 
 223 K _   0.009 0.002 0.000 0.004 0.002 0.006 0.171 0.806 
 224 H _   0.007 0.001 0.000 0.003 0.001 0.005 0.172 0.810 
 225 P _   0.006 0.000 0.000 0.002 0.001 0.005 0.172 0.812 
 226 G _   0.006 0.000 0.000 0.002 0.001 0.006 0.172 0.813 
 227 G _   0.008 0.000 0.000 0.002 0.001 0.007 0.170 0.812 
 228 L _   0.011 0.000 0.000 0.002 0.001 0.009 0.168 0.808 
 229 H _   0.018 0.000 0.000 0.002 0.002 0.014 0.165 0.799 
 230 P _   0.031 0.000 0.000 0.003 0.004 0.021 0.160 0.781 
 231 D _   0.052 0.001 0.001 0.004 0.007 0.032 0.154 0.750 
 232 N _   0.081 0.002 0.001 0.006 0.014 0.046 0.147 0.703 
 233 V _   0.116 0.004 0.002 0.009 0.026 0.062 0.139 0.643 
 234 K _   0.152 0.010 0.002 0.014 0.041 0.076 0.130 0.575 
 235 L _   0.182 0.017 0.003 0.021 0.056 0.087 0.123 0.512 
 236 F _   0.205 0.025 0.003 0.027 0.068 0.093 0.117 0.463 
 237 L _   0.221 0.031 0.003 0.033 0.075 0.095 0.112 0.431 
 238 F _   0.230 0.034 0.003 0.036 0.078 0.094 0.109 0.417 
 239 Q _   0.234 0.035 0.003 0.035 0.077 0.090 0.106 0.419 
 240 L _   0.233 0.033 0.003 0.032 0.072 0.085 0.105 0.437 
 241 L _   0.227 0.029 0.003 0.026 0.064 0.078 0.104 0.469 
 242 R _   0.215 0.023 0.003 0.020 0.054 0.070 0.104 0.510 
 243 G _   0.200 0.018 0.002 0.016 0.043 0.063 0.105 0.554 
 244 L _   0.180 0.013 0.002 0.012 0.033 0.055 0.106 0.598 
 245 S _   0.160 0.010 0.002 0.011 0.025 0.049 0.107 0.638 
 246 Y _   0.138 0.008 0.001 0.010 0.020 0.043 0.108 0.672 
 247 I _   0.116 0.007 0.001 0.011 0.016 0.038 0.109 0.701 
 248 H _   0.096 0.007 0.001 0.012 0.013 0.033 0.111 0.727 
 249 Q _   0.077 0.006 0.001 0.013 0.011 0.029 0.112 0.750 
 250 R _   0.061 0.006 0.001 0.013 0.009 0.024 0.114 0.771 
 251 Y _   0.047 0.005 0.001 0.013 0.008 0.021 0.115 0.791 
 252 I _   0.036 0.005 0.001 0.011 0.006 0.017 0.116 0.809 
 253 L _   0.027 0.004 0.001 0.010 0.005 0.014 0.116 0.824 
 254 H _   0.020 0.003 0.000 0.008 0.004 0.012 0.116 0.836 
 255 R _   0.016 0.003 0.000 0.006 0.003 0.010 0.116 0.846 
 256 D _   0.012 0.002 0.000 0.006 0.003 0.009 0.116 0.852 
 257 L _   0.010 0.002 0.000 0.005 0.002 0.008 0.116 0.856 
 258 K _   0.009 0.002 0.000 0.005 0.002 0.008 0.115 0.858 
 259 P _   0.008 0.003 0.000 0.006 0.002 0.007 0.114 0.859 
 260 Q _   0.008 0.003 0.000 0.006 0.003 0.008 0.113 0.858 
 261 N _   0.008 0.004 0.000 0.007 0.003 0.008 0.112 0.858 
 262 L _   0.008 0.005 0.000 0.008 0.003 0.008 0.110 0.857 
 263 L _   0.008 0.007 0.000 0.009 0.003 0.008 0.109 0.857 
 264 I _   0.007 0.008 0.000 0.009 0.003 0.008 0.107 0.857 
 265 S _   0.007 0.009 0.000 0.009 0.003 0.008 0.105 0.858 
 266 D _   0.007 0.011 0.000 0.009 0.003 0.009 0.103 0.859 
 267 T _   0.007 0.013 0.000 0.008 0.003 0.009 0.100 0.860 
 268 G _   0.007 0.015 0.000 0.009 0.003 0.010 0.097 0.859 
 269 E _   0.007 0.018 0.000 0.009 0.004 0.011 0.095 0.856 
 270 L _   0.008 0.022 0.001 0.011 0.004 0.012 0.092 0.851 
 271 K _   0.008 0.028 0.001 0.014 0.005 0.013 0.088 0.842 
 272 L _   0.009 0.036 0.001 0.018 0.006 0.015 0.085 0.831 
 273 A _   0.010 0.044 0.001 0.023 0.008 0.016 0.081 0.818 
 274 D _   0.010 0.052 0.001 0.028 0.009 0.017 0.077 0.805 
 275 F _   0.011 0.059 0.001 0.033 0.010 0.018 0.074 0.794 
 276 G _   0.011 0.063 0.001 0.037 0.011 0.018 0.072 0.787 
 277 L _   0.011 0.065 0.001 0.038 0.011 0.018 0.069 0.786 
 278 A _   0.011 0.064 0.001 0.037 0.011 0.017 0.068 0.791 
 279 R _   0.011 0.060 0.001 0.034 0.010 0.016 0.067 0.802 
 280 A _   0.011 0.054 0.001 0.028 0.008 0.015 0.066 0.818 
 281 K _   0.010 0.045 0.001 0.022 0.007 0.013 0.065 0.838 
 282 S _   0.010 0.034 0.001 0.015 0.005 0.011 0.065 0.859 
 283 V _   0.009 0.025 0.001 0.010 0.004 0.010 0.064 0.877 
 284 P _   0.008 0.019 0.000 0.007 0.003 0.010 0.063 0.890 
 285 S _   0.008 0.015 0.000 0.005 0.003 0.010 0.061 0.898 
 286 H _   0.008 0.014 0.000 0.005 0.003 0.010 0.060 0.901 
 287 T _   0.009 0.014 0.000 0.005 0.003 0.011 0.058 0.900 
 288 Y _   0.010 0.015 0.000 0.008 0.004 0.013 0.056 0.894 
 289 S _   0.011 0.019 0.001 0.012 0.006 0.016 0.053 0.883 
 290 N _   0.012 0.024 0.001 0.018 0.008 0.018 0.050 0.868 
 291 E _   0.014 0.031 0.001 0.025 0.011 0.020 0.047 0.852 
 292 V _   0.015 0.036 0.001 0.032 0.013 0.021 0.045 0.838 
 293 V _   0.015 0.040 0.001 0.036 0.014 0.022 0.042 0.830 
 294 T _   0.015 0.041 0.001 0.037 0.014 0.022 0.040 0.830 
 295 L _   0.015 0.040 0.001 0.036 0.014 0.021 0.038 0.836 
 296 W _   0.014 0.036 0.001 0.031 0.012 0.020 0.037 0.849 
 297 Y _   0.013 0.031 0.001 0.025 0.011 0.018 0.036 0.865 
 298 R _   0.013 0.024 0.001 0.020 0.009 0.017 0.035 0.882 
 299 P _   0.012 0.018 0.001 0.015 0.007 0.016 0.033 0.897 
 300 P _   0.013 0.013 0.001 0.012 0.006 0.015 0.032 0.908 
 301 D _   0.014 0.009 0.001 0.010 0.006 0.014 0.031 0.915 
 302 V _   0.016 0.006 0.001 0.009 0.005 0.014 0.030 0.919 
 303 L _   0.020 0.004 0.001 0.008 0.005 0.014 0.029 0.919 
 304 L _   0.026 0.003 0.001 0.008 0.005 0.013 0.028 0.917 
 305 G _   0.035 0.002 0.001 0.007 0.005 0.013 0.026 0.911 
 306 S _   0.048 0.001 0.001 0.006 0.005 0.013 0.024 0.902 
 307 T _   0.068 0.001 0.001 0.004 0.005 0.013 0.022 0.887 
 308 E _   0.097 0.000 0.001 0.003 0.005 0.013 0.019 0.862 
 309 Y _   0.139 0.000 0.001 0.002 0.006 0.012 0.017 0.823 
 310 S _   0.200 0.000 0.001 0.001 0.006 0.013 0.014 0.765 
 311 T _   0.283 0.000 0.001 0.001 0.007 0.013 0.011 0.684 
 312 C _   0.387 0.000 0.001 0.001 0.008 0.012 0.008 0.583 
 313 L H   0.505 0.000 0.001 0.001 0.009 0.012 0.006 0.466 
 314 D H   0.625 0.000 0.001 0.001 0.011 0.011 0.004 0.347 
 315 M H   0.729 0.000 0.001 0.001 0.012 0.010 0.003 0.244 
 316 W H   0.807 0.000 0.001 0.001 0.012 0.009 0.002 0.168 
 317 G H   0.861 0.000 0.001 0.000 0.012 0.008 0.001 0.116 
 318 V H   0.895 0.000 0.001 0.000 0.012 0.007 0.001 0.084 
 319 G H   0.915 0.000 0.001 0.000 0.012 0.006 0.001 0.065 
 320 C H   0.925 0.000 0.001 0.000 0.012 0.005 0.001 0.055 
 321 I H   0.927 0.000 0.001 0.000 0.012 0.005 0.001 0.054 
 322 F H   0.921 0.000 0.001 0.000 0.012 0.005 0.001 0.059 
 323 V H   0.906 0.000 0.001 0.000 0.013 0.005 0.001 0.073 
 324 E H   0.880 0.000 0.001 0.001 0.014 0.006 0.002 0.097 
 325 M H   0.838 0.000 0.001 0.001 0.015 0.007 0.003 0.135 
 326 I H   0.782 0.000 0.001 0.001 0.016 0.008 0.005 0.187 
 327 Q H   0.710 0.000 0.001 0.001 0.016 0.009 0.007 0.256 
 328 G H   0.623 0.000 0.001 0.002 0.015 0.010 0.011 0.338 
 329 V H   0.525 0.000 0.001 0.003 0.013 0.011 0.016 0.431 
 330 A _   0.421 0.000 0.001 0.004 0.012 0.011 0.021 0.529 
 331 A _   0.319 0.000 0.001 0.004 0.009 0.011 0.028 0.627 
 332 F _   0.229 0.000 0.001 0.004 0.007 0.011 0.034 0.714 
 333 P _   0.156 0.000 0.001 0.004 0.005 0.010 0.039 0.785 
 334 G _   0.103 0.000 0.001 0.003 0.004 0.009 0.043 0.838 
 335 M _   0.068 0.000 0.000 0.003 0.003 0.008 0.045 0.873 
 336 K _   0.045 0.000 0.000 0.002 0.002 0.008 0.048 0.894 
 337 D _   0.033 0.000 0.000 0.002 0.002 0.009 0.049 0.905 
 338 I _   0.028 0.000 0.000 0.002 0.002 0.011 0.050 0.906 
 339 Q _   0.029 0.001 0.000 0.002 0.003 0.015 0.051 0.898 
 340 D _   0.032 0.003 0.001 0.004 0.006 0.021 0.052 0.881 
 341 Q _   0.039 0.011 0.001 0.009 0.011 0.028 0.052 0.849 
 342 L _   0.045 0.032 0.002 0.019 0.018 0.035 0.052 0.798 
 343 E _   0.049 0.065 0.002 0.034 0.026 0.041 0.052 0.732 
 344 R _   0.050 0.100 0.002 0.051 0.031 0.043 0.052 0.670 
 345 I _   0.049 0.125 0.002 0.065 0.033 0.044 0.053 0.628 
 346 F _   0.047 0.138 0.002 0.074 0.034 0.043 0.055 0.608 
 347 L _   0.044 0.142 0.002 0.075 0.032 0.040 0.057 0.609 
 348 V _   0.040 0.139 0.002 0.070 0.028 0.036 0.060 0.626 
 349 L _   0.035 0.129 0.002 0.059 0.023 0.031 0.063 0.659 
 350 G _   0.029 0.109 0.002 0.045 0.017 0.026 0.067 0.705 
 351 T _   0.025 0.083 0.001 0.030 0.012 0.021 0.071 0.757 
 352 P _   0.020 0.055 0.001 0.018 0.008 0.017 0.075 0.805 
 353 N _   0.016 0.035 0.001 0.011 0.005 0.014 0.078 0.840 
 354 E _   0.013 0.024 0.000 0.007 0.003 0.011 0.081 0.861 
 355 D _   0.010 0.019 0.000 0.005 0.003 0.010 0.082 0.871 
 356 T _   0.009 0.017 0.000 0.004 0.002 0.009 0.083 0.875 
 357 W _   0.008 0.017 0.000 0.005 0.002 0.009 0.084 0.875 
 358 P _   0.008 0.019 0.000 0.006 0.003 0.009 0.084 0.872 
 359 G _   0.008 0.021 0.000 0.008 0.003 0.009 0.084 0.866 
 360 V _   0.008 0.026 0.000 0.010 0.004 0.010 0.084 0.859 
 361 H _   0.008 0.031 0.001 0.012 0.004 0.011 0.084 0.851 
 362 S _   0.007 0.037 0.001 0.013 0.005 0.011 0.083 0.843 
 363 L _   0.007 0.042 0.001 0.015 0.005 0.012 0.082 0.836 
 364 P _   0.007 0.048 0.001 0.016 0.005 0.012 0.082 0.830 
 365 H _   0.007 0.053 0.001 0.017 0.006 0.012 0.082 0.823 
 366 F _   0.007 0.058 0.001 0.017 0.006 0.013 0.081 0.817 
 367 K _   0.008 0.062 0.001 0.018 0.006 0.013 0.081 0.811 
 368 P _   0.008 0.066 0.001 0.019 0.006 0.013 0.081 0.805 
 369 E _   0.008 0.070 0.001 0.020 0.007 0.013 0.082 0.799 
 370 R _   0.008 0.073 0.001 0.020 0.007 0.013 0.083 0.796 
 371 F _   0.008 0.074 0.001 0.020 0.006 0.012 0.083 0.796 
 372 T _   0.008 0.074 0.001 0.018 0.006 0.012 0.084 0.798 
 373 L _   0.007 0.073 0.001 0.016 0.005 0.011 0.085 0.801 
 374 Y _   0.007 0.072 0.001 0.014 0.005 0.011 0.086 0.805 
 375 S _   0.007 0.070 0.000 0.012 0.004 0.010 0.087 0.809 
 376 S _   0.007 0.069 0.000 0.010 0.004 0.010 0.088 0.811 
 377 K _   0.007 0.070 0.000 0.010 0.004 0.010 0.089 0.811 
 378 N _   0.007 0.071 0.000 0.010 0.004 0.010 0.090 0.808 
 379 L _   0.007 0.073 0.001 0.011 0.004 0.011 0.090 0.803 
 380 R _   0.008 0.077 0.001 0.013 0.005 0.012 0.091 0.795 
 381 Q _   0.008 0.081 0.001 0.015 0.006 0.012 0.092 0.785 
 382 A _   0.008 0.086 0.001 0.018 0.006 0.013 0.092 0.776 
 383 W _   0.008 0.090 0.001 0.020 0.007 0.013 0.093 0.769 
 384 N _   0.008 0.092 0.001 0.021 0.007 0.013 0.094 0.763 
 385 K _   0.008 0.094 0.001 0.021 0.007 0.013 0.096 0.760 
 386 L _   0.009 0.094 0.001 0.021 0.007 0.013 0.097 0.759 
 387 S _   0.009 0.092 0.001 0.019 0.007 0.013 0.099 0.760 
 388 Y _   0.009 0.090 0.001 0.018 0.006 0.013 0.102 0.762 
 389 V _   0.009 0.087 0.001 0.016 0.006 0.013 0.104 0.765 
 390 N _   0.009 0.084 0.001 0.015 0.006 0.012 0.107 0.767 
 391 H _   0.009 0.081 0.001 0.015 0.006 0.013 0.110 0.767 
 392 A _   0.009 0.078 0.001 0.015 0.006 0.013 0.113 0.766 
 393 E _   0.010 0.076 0.001 0.015 0.006 0.013 0.116 0.764 
 394 D _   0.010 0.074 0.001 0.016 0.006 0.013 0.119 0.762 
 395 L _   0.010 0.072 0.001 0.017 0.006 0.013 0.122 0.759 
 396 A _   0.010 0.069 0.001 0.018 0.006 0.013 0.126 0.756 
 397 S _   0.011 0.066 0.001 0.019 0.006 0.013 0.130 0.755 
 398 K _   0.010 0.062 0.001 0.019 0.006 0.012 0.135 0.756 
 399 L _   0.010 0.056 0.001 0.017 0.006 0.011 0.140 0.759 
 400 L _   0.009 0.049 0.001 0.015 0.005 0.010 0.145 0.766 
 401 Q _   0.008 0.042 0.001 0.012 0.004 0.009 0.149 0.774 
 402 C _   0.007 0.036 0.000 0.010 0.003 0.008 0.154 0.781 
 403 S _   0.007 0.030 0.000 0.007 0.003 0.008 0.158 0.787 
 404 P _   0.006 0.027 0.000 0.006 0.002 0.008 0.161 0.790 
 405 K _   0.006 0.025 0.000 0.005 0.002 0.008 0.164 0.790 
 406 N _   0.006 0.024 0.000 0.005 0.002 0.008 0.166 0.787 
 407 R _   0.007 0.025 0.000 0.006 0.003 0.009 0.168 0.781 
 408 L _   0.007 0.028 0.000 0.009 0.004 0.010 0.170 0.771 
 409 S _   0.008 0.033 0.001 0.012 0.005 0.012 0.172 0.758 
 410 A _   0.009 0.039 0.001 0.017 0.006 0.013 0.174 0.742 
 411 Q _   0.009 0.045 0.001 0.022 0.007 0.014 0.176 0.727 
 412 A _   0.009 0.050 0.001 0.026 0.008 0.015 0.178 0.714 
 413 A _   0.009 0.052 0.001 0.028 0.009 0.015 0.181 0.705 
 414 L _   0.009 0.053 0.001 0.028 0.008 0.014 0.185 0.701 
 415 S _   0.009 0.052 0.001 0.026 0.008 0.014 0.189 0.702 
 416 H _   0.009 0.049 0.001 0.022 0.007 0.013 0.195 0.705 
 417 E _   0.008 0.044 0.001 0.018 0.006 0.012 0.201 0.711 
 418 Y _   0.008 0.038 0.001 0.014 0.005 0.011 0.206 0.717 
 419 F _   0.008 0.033 0.001 0.010 0.004 0.010 0.212 0.721 
 420 S _   0.007 0.029 0.000 0.008 0.004 0.010 0.218 0.723 
 421 D _   0.008 0.027 0.000 0.007 0.003 0.010 0.223 0.721 
 422 L _   0.008 0.026 0.000 0.006 0.003 0.011 0.228 0.716 
 423 P _   0.009 0.027 0.000 0.007 0.004 0.012 0.233 0.709 
 424 P _   0.010 0.028 0.001 0.008 0.004 0.014 0.238 0.698 
 425 R _   0.011 0.031 0.001 0.009 0.005 0.015 0.242 0.685 
 426 L _   0.012 0.035 0.001 0.011 0.006 0.017 0.247 0.671 
 427 W _   0.013 0.040 0.001 0.013 0.007 0.019 0.251 0.656 
 428 E _   0.014 0.046 0.001 0.015 0.009 0.020 0.256 0.640 
 429 L _   0.015 0.051 0.001 0.016 0.010 0.021 0.261 0.625 
 430 T _   0.016 0.057 0.001 0.018 0.011 0.023 0.266 0.608 
 431 D _   0.017 0.063 0.001 0.020 0.013 0.024 0.272 0.591 
 432 M _   0.018 0.069 0.001 0.023 0.014 0.024 0.279 0.573 
 433 S _   0.019 0.073 0.001 0.025 0.015 0.025 0.286 0.555 
 434 S _   0.019 0.077 0.001 0.028 0.016 0.024 0.296 0.538 
 435 I _   0.019 0.080 0.001 0.031 0.016 0.024 0.307 0.523 
 436 F _   0.019 0.080 0.001 0.032 0.015 0.022 0.319 0.512 
 437 T _   0.017 0.078 0.001 0.031 0.014 0.021 0.333 0.505 
 438 V _   0.016 0.075 0.001 0.028 0.012 0.019 0.348 0.502 
 439 P _   0.014 0.069 0.001 0.024 0.010 0.016 0.364 0.501 
 440 N _   0.013 0.062 0.001 0.019 0.008 0.014 0.381 0.502 
 441 V _   0.011 0.055 0.001 0.014 0.006 0.012 0.398 0.504 
 442 R _   0.009 0.048 0.001 0.010 0.004 0.011 0.413 0.503 
 443 L _   0.008 0.044 0.000 0.008 0.003 0.010 0.427 0.500 
 444 Q _   0.007 0.041 0.000 0.007 0.003 0.009 0.439 0.494 
 445 P _   0.006 0.040 0.000 0.007 0.003 0.009 0.450 0.485 
 446 E _   0.005 0.041 0.000 0.009 0.003 0.009 0.460 0.472 
 447 A X   0.005 0.043 0.000 0.012 0.004 0.010 0.470 0.456 
 448 G X   0.005 0.046 0.001 0.016 0.004 0.010 0.480 0.437 
 449 E X   0.005 0.049 0.001 0.021 0.005 0.011 0.491 0.416 
 450 S X   0.005 0.052 0.001 0.026 0.006 0.011 0.502 0.396 
 451 M X   0.005 0.054 0.001 0.030 0.006 0.011 0.515 0.377 
 452 R X   0.005 0.053 0.001 0.032 0.007 0.011 0.531 0.360 
 453 A X   0.005 0.052 0.001 0.032 0.006 0.011 0.549 0.345 
 454 F X   0.004 0.048 0.001 0.029 0.006 0.010 0.569 0.333 
 455 G X   0.004 0.043 0.001 0.026 0.005 0.009 0.592 0.320 
 456 K X   0.004 0.036 0.001 0.021 0.005 0.008 0.617 0.308 
 457 N X   0.004 0.029 0.001 0.017 0.004 0.007 0.644 0.294 
 458 N X   0.004 0.022 0.000 0.014 0.003 0.007 0.670 0.280 
 459 S X   0.004 0.017 0.000 0.011 0.002 0.006 0.695 0.266 
 460 Y X   0.003 0.012 0.000 0.008 0.002 0.005 0.715 0.254 
 461 G X   0.003 0.009 0.000 0.007 0.002 0.004 0.733 0.243 
 462 K X   0.002 0.007 0.000 0.006 0.001 0.003 0.746 0.234 
 463 S X   0.002 0.006 0.000 0.005 0.001 0.003 0.758 0.226 
 464 L X   0.001 0.004 0.000 0.004 0.001 0.002 0.768 0.220 
 465 S X   0.001 0.003 0.000 0.003 0.000 0.001 0.775 0.216 
 466 N X   0.000 0.003 0.000 0.002 0.000 0.000 0.780 0.214 
 467 S X   0.000 0.002 0.000 0.001 0.000 0.000 0.781 0.215 
 468 K X   0.000 0.002 0.000 0.002 0.000 0.000 0.778 0.217 
 469 H X   0.002 0.002 0.001 0.009 0.002 0.002 0.763 0.218 
