#TopoPred_TM8: 8-state transmembrane topology prediction results by no_profile mode 
#probabilities are in the order of H E C I L F X _, the 8 transmembrane topology types used in PDBTM 
   1 M X   0.020 0.001 0.002 0.042 0.012 0.018 0.734 0.170 
   2 R X   0.012 0.001 0.000 0.031 0.003 0.015 0.753 0.186 
   3 L X   0.009 0.001 0.000 0.025 0.002 0.014 0.756 0.194 
   4 T X   0.011 0.001 0.000 0.022 0.002 0.015 0.752 0.196 
   5 L X   0.014 0.002 0.000 0.023 0.004 0.018 0.742 0.197 
   6 L X   0.017 0.004 0.001 0.024 0.006 0.020 0.727 0.202 
   7 C X   0.020 0.005 0.001 0.026 0.007 0.021 0.711 0.209 
   8 C X   0.021 0.007 0.001 0.028 0.008 0.020 0.696 0.220 
   9 T X   0.021 0.008 0.001 0.027 0.008 0.018 0.681 0.235 
  10 W X   0.019 0.008 0.001 0.025 0.008 0.016 0.667 0.256 
  11 R X   0.015 0.008 0.001 0.021 0.007 0.013 0.654 0.280 
  12 E X   0.012 0.007 0.001 0.016 0.005 0.011 0.643 0.305 
  13 E X   0.010 0.006 0.000 0.011 0.004 0.009 0.631 0.329 
  14 R X   0.008 0.005 0.000 0.007 0.002 0.007 0.621 0.350 
  15 M X   0.006 0.004 0.000 0.004 0.002 0.006 0.609 0.368 
  16 G X   0.005 0.004 0.000 0.003 0.001 0.005 0.597 0.384 
  17 E X   0.004 0.004 0.000 0.003 0.001 0.005 0.583 0.398 
  18 E X   0.004 0.006 0.000 0.004 0.002 0.006 0.567 0.411 
  19 G X   0.004 0.010 0.000 0.006 0.003 0.008 0.548 0.421 
  20 S X   0.005 0.018 0.001 0.009 0.004 0.010 0.524 0.429 
  21 E X   0.006 0.035 0.001 0.014 0.006 0.012 0.495 0.430 
  22 L X   0.007 0.063 0.001 0.021 0.009 0.015 0.459 0.425 
  23 P X   0.007 0.099 0.001 0.028 0.011 0.016 0.423 0.415 
  24 V _   0.007 0.136 0.002 0.033 0.012 0.017 0.389 0.405 
  25 C _   0.007 0.168 0.001 0.036 0.012 0.018 0.360 0.398 
  26 A _   0.007 0.192 0.001 0.037 0.012 0.018 0.336 0.396 
  27 S _   0.007 0.210 0.001 0.037 0.012 0.018 0.317 0.399 
  28 C _   0.007 0.222 0.001 0.035 0.011 0.017 0.301 0.406 
  29 G _   0.007 0.230 0.001 0.032 0.010 0.017 0.289 0.414 
  30 Q _   0.007 0.235 0.001 0.029 0.010 0.016 0.277 0.425 
  31 R _   0.007 0.238 0.001 0.026 0.009 0.016 0.268 0.435 
  32 I _   0.007 0.240 0.001 0.024 0.008 0.015 0.259 0.445 
  33 Y _   0.007 0.241 0.001 0.023 0.008 0.015 0.251 0.454 
  34 D _   0.007 0.242 0.001 0.022 0.008 0.014 0.244 0.462 
  35 G _   0.007 0.241 0.001 0.022 0.007 0.014 0.238 0.470 
  36 Q _   0.007 0.239 0.001 0.021 0.007 0.013 0.233 0.479 
  37 Y _   0.007 0.236 0.001 0.020 0.007 0.012 0.228 0.489 
  38 L _   0.006 0.231 0.001 0.019 0.006 0.011 0.223 0.502 
  39 Q _   0.006 0.225 0.001 0.017 0.005 0.011 0.219 0.516 
  40 A _   0.006 0.217 0.001 0.015 0.005 0.010 0.215 0.531 
  41 L _   0.006 0.209 0.001 0.013 0.004 0.010 0.212 0.546 
  42 N _   0.005 0.203 0.001 0.011 0.004 0.009 0.208 0.558 
  43 A _   0.006 0.197 0.000 0.010 0.004 0.010 0.204 0.569 
  44 D _   0.006 0.194 0.000 0.010 0.004 0.010 0.201 0.576 
  45 W _   0.006 0.192 0.000 0.011 0.004 0.010 0.197 0.579 
  46 H _   0.006 0.192 0.001 0.013 0.005 0.011 0.193 0.580 
  47 A _   0.007 0.194 0.001 0.015 0.005 0.012 0.189 0.578 
  48 D _   0.007 0.196 0.001 0.018 0.006 0.012 0.185 0.575 
  49 C _   0.007 0.197 0.001 0.021 0.007 0.013 0.181 0.573 
  50 F _   0.008 0.197 0.001 0.024 0.007 0.013 0.178 0.573 
  51 R _   0.008 0.194 0.001 0.025 0.007 0.013 0.175 0.576 
  52 C _   0.008 0.189 0.001 0.025 0.007 0.012 0.173 0.584 
  53 C _   0.008 0.181 0.001 0.025 0.007 0.012 0.172 0.594 
  54 D _   0.008 0.169 0.001 0.024 0.007 0.012 0.171 0.609 
  55 C _   0.008 0.154 0.001 0.022 0.006 0.011 0.171 0.627 
  56 S _   0.008 0.135 0.001 0.020 0.006 0.011 0.171 0.649 
  57 A _   0.008 0.114 0.001 0.018 0.005 0.010 0.171 0.672 
  58 S _   0.008 0.093 0.001 0.015 0.005 0.010 0.172 0.696 
  59 L _   0.008 0.074 0.001 0.013 0.004 0.009 0.173 0.718 
  60 S _   0.008 0.057 0.000 0.011 0.004 0.009 0.173 0.738 
  61 H _   0.007 0.044 0.000 0.009 0.003 0.008 0.173 0.754 
  62 Q _   0.007 0.035 0.000 0.008 0.003 0.008 0.173 0.766 
  63 Y _   0.007 0.028 0.000 0.007 0.002 0.007 0.172 0.776 
  64 Y _   0.006 0.023 0.000 0.007 0.002 0.007 0.171 0.783 
  65 E _   0.006 0.020 0.000 0.007 0.002 0.007 0.170 0.788 
  66 K _   0.006 0.017 0.000 0.007 0.002 0.007 0.168 0.792 
  67 D _   0.006 0.016 0.000 0.007 0.002 0.007 0.166 0.796 
  68 G _   0.006 0.015 0.000 0.008 0.002 0.007 0.163 0.798 
  69 Q _   0.006 0.015 0.000 0.008 0.003 0.008 0.160 0.801 
  70 L _   0.006 0.015 0.000 0.009 0.003 0.008 0.156 0.804 
  71 F _   0.006 0.015 0.000 0.009 0.003 0.008 0.153 0.806 
  72 C _   0.006 0.015 0.000 0.010 0.003 0.009 0.149 0.808 
  73 K _   0.006 0.016 0.000 0.011 0.004 0.009 0.145 0.809 
  74 K _   0.006 0.017 0.000 0.012 0.004 0.010 0.141 0.810 
  75 D _   0.006 0.018 0.001 0.013 0.004 0.011 0.137 0.810 
  76 Y _   0.007 0.019 0.001 0.015 0.005 0.011 0.133 0.810 
  77 W _   0.007 0.020 0.001 0.016 0.005 0.012 0.129 0.810 
  78 A _   0.007 0.020 0.001 0.018 0.006 0.012 0.126 0.810 
  79 R _   0.008 0.021 0.001 0.018 0.006 0.012 0.122 0.813 
  80 Y _   0.008 0.020 0.001 0.017 0.006 0.012 0.119 0.817 
  81 G _   0.008 0.019 0.001 0.016 0.005 0.012 0.117 0.823 
  82 E _   0.007 0.018 0.001 0.013 0.005 0.012 0.114 0.830 
  83 S _   0.007 0.016 0.001 0.011 0.004 0.012 0.111 0.838 
  84 C _   0.008 0.015 0.000 0.009 0.004 0.013 0.108 0.844 
  85 H _   0.008 0.014 0.000 0.008 0.004 0.013 0.105 0.848 
  86 G _   0.009 0.014 0.000 0.007 0.004 0.015 0.102 0.849 
  87 C _   0.011 0.014 0.001 0.007 0.005 0.018 0.098 0.847 
  88 S _   0.014 0.016 0.001 0.008 0.006 0.021 0.094 0.839 
  89 E _   0.018 0.021 0.001 0.011 0.009 0.025 0.090 0.826 
  90 Q _   0.022 0.028 0.001 0.015 0.013 0.030 0.085 0.806 
  91 I _   0.026 0.038 0.001 0.022 0.017 0.035 0.080 0.781 
  92 T _   0.030 0.049 0.002 0.030 0.023 0.039 0.075 0.753 
  93 K _   0.034 0.060 0.002 0.040 0.027 0.042 0.070 0.726 
  94 G _   0.037 0.068 0.002 0.048 0.030 0.043 0.066 0.706 
  95 L _   0.039 0.073 0.002 0.054 0.031 0.043 0.063 0.695 
  96 V _   0.040 0.074 0.002 0.056 0.031 0.042 0.060 0.696 
  97 M _   0.041 0.071 0.002 0.053 0.029 0.039 0.059 0.706 
  98 V _   0.043 0.064 0.002 0.046 0.025 0.036 0.057 0.728 
  99 A _   0.044 0.051 0.002 0.036 0.020 0.032 0.056 0.759 
 100 G _   0.047 0.034 0.001 0.024 0.015 0.029 0.055 0.795 
 101 E _   0.052 0.017 0.001 0.014 0.010 0.025 0.054 0.828 
 102 L _   0.058 0.006 0.001 0.007 0.007 0.022 0.052 0.847 
 103 K _   0.068 0.001 0.001 0.003 0.005 0.021 0.051 0.851 
 104 Y _   0.084 0.000 0.000 0.002 0.004 0.021 0.048 0.840 
 105 H _   0.114 0.000 0.001 0.001 0.005 0.022 0.046 0.811 
 106 P _   0.160 0.000 0.001 0.001 0.007 0.026 0.043 0.761 
 107 E _   0.226 0.000 0.001 0.002 0.012 0.032 0.041 0.687 
 108 C _   0.302 0.000 0.001 0.002 0.021 0.039 0.038 0.596 
 109 F _   0.370 0.001 0.002 0.003 0.033 0.046 0.036 0.509 
 110 I _   0.424 0.003 0.002 0.006 0.046 0.051 0.034 0.433 
 111 C H   0.461 0.006 0.003 0.010 0.056 0.053 0.034 0.378 
 112 L H   0.477 0.010 0.003 0.015 0.063 0.053 0.034 0.346 
 113 T H   0.478 0.013 0.003 0.019 0.065 0.052 0.035 0.335 
 114 C H   0.464 0.015 0.003 0.022 0.064 0.049 0.036 0.347 
 115 G H   0.433 0.015 0.003 0.023 0.060 0.046 0.038 0.382 
 116 T _   0.386 0.013 0.003 0.021 0.052 0.041 0.041 0.442 
 117 F _   0.327 0.010 0.003 0.018 0.041 0.036 0.044 0.522 
 118 I _   0.260 0.007 0.002 0.014 0.028 0.030 0.048 0.610 
 119 G _   0.195 0.004 0.001 0.010 0.018 0.025 0.051 0.697 
 120 D _   0.136 0.002 0.001 0.007 0.011 0.020 0.054 0.770 
 121 G _   0.091 0.001 0.001 0.005 0.006 0.016 0.056 0.824 
 122 D _   0.060 0.001 0.001 0.004 0.004 0.014 0.058 0.860 
 123 T _   0.039 0.001 0.000 0.004 0.003 0.012 0.059 0.882 
 124 Y _   0.026 0.001 0.000 0.004 0.003 0.011 0.060 0.895 
 125 T _   0.019 0.001 0.000 0.004 0.003 0.011 0.060 0.901 
 126 L _   0.014 0.002 0.000 0.005 0.003 0.011 0.060 0.903 
 127 V _   0.012 0.004 0.000 0.006 0.003 0.012 0.060 0.902 
 128 E _   0.011 0.007 0.000 0.008 0.004 0.013 0.060 0.898 
 129 H _   0.010 0.010 0.001 0.009 0.004 0.014 0.059 0.893 
 130 S _   0.010 0.015 0.001 0.010 0.005 0.016 0.058 0.885 
 131 K _   0.011 0.021 0.001 0.011 0.006 0.018 0.057 0.875 
 132 L _   0.012 0.028 0.001 0.012 0.007 0.021 0.056 0.863 
 133 Y _   0.014 0.037 0.001 0.013 0.009 0.024 0.055 0.847 
 134 C _   0.017 0.048 0.001 0.015 0.011 0.027 0.054 0.827 
 135 G _   0.020 0.063 0.001 0.017 0.014 0.031 0.053 0.801 
 136 H _   0.024 0.081 0.001 0.020 0.017 0.035 0.052 0.769 
 137 C _   0.028 0.103 0.002 0.023 0.021 0.039 0.050 0.733 
 138 Y _   0.032 0.128 0.002 0.026 0.025 0.042 0.049 0.695 
 139 Y _   0.036 0.154 0.002 0.031 0.029 0.044 0.049 0.655 
 140 Q _   0.038 0.179 0.002 0.036 0.032 0.045 0.048 0.620 
 141 T _   0.040 0.201 0.002 0.040 0.034 0.045 0.048 0.589 
 142 V _   0.041 0.218 0.002 0.046 0.035 0.045 0.048 0.565 
 143 V _   0.041 0.230 0.002 0.051 0.035 0.043 0.049 0.550 
 144 T _   0.040 0.236 0.002 0.055 0.033 0.040 0.050 0.545 
 145 P _   0.038 0.235 0.002 0.056 0.030 0.037 0.052 0.549 
 146 V _   0.035 0.229 0.002 0.056 0.027 0.034 0.055 0.563 
 147 I _   0.032 0.216 0.002 0.052 0.023 0.030 0.059 0.587 
 148 E _   0.028 0.192 0.002 0.046 0.019 0.026 0.063 0.625 
 149 Q _   0.024 0.156 0.002 0.037 0.015 0.022 0.068 0.677 
 150 I _   0.020 0.112 0.001 0.027 0.011 0.019 0.074 0.736 
 151 L _   0.017 0.071 0.001 0.017 0.007 0.015 0.079 0.793 
 152 P _   0.013 0.041 0.001 0.010 0.005 0.012 0.082 0.836 
 153 D _   0.010 0.024 0.000 0.006 0.003 0.010 0.085 0.863 
 154 S _   0.008 0.016 0.000 0.003 0.002 0.009 0.086 0.875 
 155 P _   0.007 0.014 0.000 0.003 0.002 0.009 0.087 0.878 
 156 G _   0.008 0.014 0.000 0.003 0.002 0.011 0.087 0.875 
 157 S _   0.010 0.018 0.000 0.005 0.003 0.014 0.086 0.863 
 158 H _   0.013 0.030 0.001 0.009 0.006 0.019 0.085 0.836 
 159 L _   0.017 0.062 0.001 0.017 0.012 0.025 0.083 0.782 
 160 P _   0.020 0.122 0.002 0.029 0.018 0.030 0.080 0.699 
 161 H _   0.020 0.198 0.002 0.043 0.023 0.033 0.077 0.604 
 162 T _   0.019 0.264 0.002 0.054 0.025 0.033 0.074 0.528 
 163 V _   0.018 0.309 0.002 0.062 0.026 0.032 0.073 0.478 
 164 T _   0.017 0.333 0.002 0.066 0.025 0.031 0.073 0.454 
 165 L _   0.016 0.344 0.002 0.065 0.023 0.029 0.074 0.447 
 166 V _   0.015 0.346 0.002 0.061 0.021 0.027 0.075 0.452 
 167 S _   0.015 0.341 0.001 0.054 0.018 0.024 0.078 0.469 
 168 I _   0.014 0.327 0.001 0.044 0.015 0.022 0.080 0.496 
 169 P _   0.013 0.306 0.001 0.035 0.012 0.020 0.084 0.529 
 170 A _   0.012 0.281 0.001 0.026 0.010 0.018 0.088 0.564 
 171 S _   0.011 0.258 0.001 0.020 0.008 0.017 0.091 0.594 
 172 S _   0.010 0.240 0.001 0.017 0.006 0.015 0.095 0.616 
 173 H _   0.009 0.227 0.001 0.016 0.006 0.015 0.097 0.630 
 174 G _   0.009 0.219 0.001 0.016 0.005 0.014 0.100 0.637 
 175 K _   0.009 0.213 0.001 0.018 0.005 0.013 0.102 0.639 
 176 R _   0.009 0.208 0.001 0.021 0.005 0.013 0.105 0.639 
 177 G _   0.009 0.202 0.001 0.023 0.006 0.012 0.108 0.640 
 178 L _   0.008 0.194 0.001 0.025 0.006 0.012 0.111 0.644 
 179 S _   0.008 0.182 0.001 0.025 0.006 0.011 0.114 0.653 
 180 V _   0.008 0.165 0.001 0.023 0.005 0.010 0.119 0.668 
 181 S _   0.008 0.143 0.001 0.020 0.005 0.009 0.123 0.691 
 182 I _   0.007 0.118 0.001 0.016 0.004 0.008 0.128 0.717 
 183 D _   0.007 0.094 0.000 0.012 0.003 0.007 0.133 0.744 
 184 P _   0.006 0.075 0.000 0.008 0.002 0.006 0.136 0.765 
 185 P _   0.005 0.063 0.000 0.006 0.002 0.006 0.138 0.780 
 186 H _   0.005 0.056 0.000 0.004 0.001 0.005 0.140 0.788 
 187 G _   0.004 0.054 0.000 0.004 0.001 0.005 0.140 0.792 
 188 P _   0.004 0.054 0.000 0.004 0.001 0.006 0.139 0.792 
 189 P _   0.004 0.057 0.000 0.005 0.002 0.007 0.137 0.788 
 190 G _   0.005 0.065 0.000 0.007 0.002 0.009 0.134 0.778 
 191 C _   0.006 0.080 0.000 0.011 0.003 0.011 0.129 0.759 
 192 G _   0.006 0.109 0.001 0.017 0.005 0.014 0.122 0.726 
 193 T _   0.007 0.153 0.001 0.024 0.007 0.016 0.114 0.678 
 194 E _   0.007 0.211 0.001 0.032 0.010 0.017 0.104 0.618 
 195 H _   0.006 0.275 0.001 0.040 0.011 0.018 0.094 0.554 
 196 S _   0.006 0.336 0.001 0.048 0.013 0.018 0.085 0.494 
 197 H _   0.005 0.385 0.001 0.054 0.013 0.017 0.078 0.447 
 198 T E   0.005 0.420 0.001 0.058 0.013 0.017 0.073 0.414 
 199 V E   0.005 0.441 0.001 0.061 0.013 0.016 0.069 0.394 
 200 R E   0.004 0.452 0.001 0.063 0.012 0.015 0.067 0.385 
 201 V E   0.005 0.455 0.001 0.062 0.012 0.015 0.066 0.384 
 202 Q E   0.005 0.451 0.001 0.060 0.012 0.014 0.066 0.392 
 203 G E   0.005 0.438 0.001 0.056 0.011 0.013 0.066 0.409 
 204 V _   0.006 0.415 0.001 0.050 0.011 0.013 0.068 0.437 
 205 D _   0.006 0.378 0.001 0.043 0.010 0.013 0.070 0.478 
 206 P _   0.007 0.327 0.001 0.036 0.010 0.012 0.073 0.533 
 207 G _   0.008 0.268 0.001 0.029 0.008 0.012 0.078 0.596 
 208 C _   0.008 0.212 0.001 0.022 0.007 0.012 0.082 0.657 
 209 M _   0.007 0.166 0.001 0.016 0.005 0.011 0.085 0.709 
 210 S _   0.007 0.133 0.001 0.011 0.004 0.010 0.088 0.746 
 211 P _   0.006 0.114 0.000 0.008 0.003 0.010 0.090 0.769 
 212 D _   0.005 0.104 0.000 0.007 0.002 0.009 0.090 0.781 
 213 V _   0.005 0.100 0.000 0.006 0.002 0.010 0.091 0.786 
 214 K _   0.006 0.099 0.000 0.006 0.003 0.011 0.091 0.784 
 215 N _   0.007 0.102 0.000 0.008 0.003 0.013 0.090 0.777 
 216 S _   0.008 0.109 0.001 0.011 0.005 0.015 0.089 0.764 
 217 I _   0.009 0.120 0.001 0.015 0.007 0.018 0.088 0.743 
 218 H _   0.010 0.136 0.001 0.021 0.009 0.021 0.086 0.717 
 219 V _   0.011 0.154 0.001 0.027 0.012 0.023 0.084 0.687 
 220 G _   0.012 0.171 0.001 0.034 0.015 0.026 0.082 0.659 
 221 D _   0.013 0.186 0.001 0.040 0.017 0.027 0.081 0.634 
 222 R _   0.014 0.196 0.001 0.045 0.019 0.028 0.081 0.616 
 223 I _   0.015 0.201 0.001 0.049 0.020 0.028 0.081 0.605 
 224 L _   0.016 0.201 0.001 0.050 0.020 0.028 0.081 0.602 
 225 E _   0.016 0.197 0.001 0.049 0.019 0.027 0.083 0.607 
 226 I _   0.017 0.187 0.001 0.046 0.018 0.025 0.085 0.620 
 227 N _   0.017 0.171 0.001 0.040 0.016 0.024 0.088 0.642 
 228 G _   0.017 0.148 0.001 0.034 0.014 0.022 0.091 0.673 
 229 T _   0.016 0.120 0.001 0.026 0.011 0.020 0.095 0.710 
 230 P _   0.016 0.089 0.001 0.019 0.009 0.018 0.099 0.749 
 231 I _   0.015 0.062 0.001 0.013 0.007 0.017 0.103 0.783 
 232 R _   0.014 0.043 0.001 0.009 0.005 0.016 0.106 0.807 
 233 N _   0.013 0.032 0.000 0.006 0.004 0.015 0.108 0.822 
 234 V _   0.013 0.027 0.000 0.004 0.003 0.016 0.110 0.827 
 235 P _   0.014 0.026 0.000 0.004 0.003 0.017 0.111 0.825 
 236 L _   0.016 0.027 0.000 0.004 0.004 0.020 0.111 0.818 
 237 D _   0.019 0.031 0.001 0.006 0.006 0.023 0.112 0.802 
 238 E _   0.023 0.041 0.001 0.009 0.009 0.028 0.112 0.777 
 239 I _   0.028 0.060 0.001 0.014 0.013 0.033 0.111 0.740 
 240 D _   0.032 0.088 0.002 0.019 0.018 0.038 0.110 0.693 
 241 L _   0.035 0.122 0.002 0.025 0.022 0.041 0.110 0.644 
 242 L _   0.036 0.154 0.002 0.031 0.025 0.043 0.110 0.599 
 243 I _   0.037 0.182 0.002 0.036 0.028 0.044 0.110 0.562 
 244 Q _   0.038 0.202 0.002 0.040 0.029 0.044 0.111 0.535 
 245 E _   0.038 0.216 0.002 0.043 0.030 0.043 0.112 0.516 
 246 T _   0.037 0.224 0.002 0.046 0.029 0.041 0.115 0.506 
 247 S _   0.035 0.228 0.002 0.048 0.028 0.039 0.118 0.503 
 248 R _   0.034 0.227 0.002 0.049 0.026 0.036 0.122 0.505 
 249 L _   0.032 0.221 0.002 0.048 0.022 0.032 0.127 0.516 
 250 L _   0.030 0.209 0.002 0.045 0.019 0.028 0.134 0.533 
 251 Q _   0.027 0.190 0.002 0.040 0.016 0.025 0.141 0.560 
 252 L _   0.024 0.161 0.001 0.034 0.013 0.021 0.150 0.595 
 253 T _   0.021 0.126 0.001 0.027 0.010 0.018 0.159 0.638 
 254 L _   0.018 0.089 0.001 0.020 0.007 0.014 0.168 0.683 
 255 E _   0.015 0.056 0.001 0.013 0.005 0.011 0.176 0.723 
 256 H _   0.012 0.034 0.000 0.008 0.003 0.009 0.182 0.751 
 257 D _   0.009 0.021 0.000 0.006 0.002 0.007 0.186 0.768 
 258 P _   0.007 0.015 0.000 0.004 0.002 0.006 0.189 0.777 
 259 H _   0.006 0.012 0.000 0.004 0.001 0.006 0.191 0.780 
 260 D _   0.006 0.011 0.000 0.004 0.002 0.006 0.192 0.780 
 261 T _   0.005 0.011 0.000 0.006 0.002 0.006 0.192 0.777 
 262 L _   0.006 0.012 0.000 0.008 0.002 0.007 0.192 0.773 
 263 G _   0.006 0.013 0.000 0.011 0.003 0.008 0.191 0.768 
 264 H _   0.006 0.015 0.000 0.014 0.003 0.008 0.191 0.763 
 265 G _   0.005 0.017 0.000 0.016 0.004 0.009 0.189 0.759 
 266 L _   0.005 0.018 0.000 0.018 0.004 0.009 0.188 0.758 
 267 G _   0.005 0.019 0.000 0.017 0.004 0.008 0.188 0.759 
 268 P _   0.005 0.018 0.000 0.016 0.003 0.008 0.187 0.762 
 269 E _   0.005 0.018 0.000 0.014 0.003 0.007 0.186 0.767 
 270 T _   0.004 0.017 0.000 0.012 0.003 0.007 0.186 0.771 
 271 S _   0.004 0.016 0.000 0.010 0.002 0.006 0.186 0.775 
 272 P _   0.004 0.015 0.000 0.009 0.002 0.006 0.185 0.777 
 273 L _   0.004 0.015 0.000 0.009 0.002 0.006 0.184 0.779 
 274 S _   0.004 0.016 0.000 0.008 0.002 0.006 0.183 0.780 
 275 S _   0.004 0.016 0.000 0.009 0.002 0.006 0.182 0.779 
 276 P _   0.004 0.017 0.000 0.010 0.002 0.007 0.181 0.779 
 277 A _   0.005 0.019 0.000 0.010 0.002 0.007 0.179 0.778 
 278 Y _   0.004 0.020 0.000 0.011 0.003 0.007 0.177 0.778 
 279 T _   0.004 0.022 0.000 0.011 0.003 0.007 0.175 0.779 
 280 P _   0.004 0.024 0.000 0.011 0.003 0.007 0.172 0.780 
 281 S _   0.004 0.025 0.000 0.011 0.003 0.007 0.169 0.781 
 282 G _   0.004 0.027 0.000 0.010 0.002 0.007 0.166 0.783 
 283 E _   0.004 0.030 0.000 0.010 0.002 0.007 0.163 0.784 
 284 A _   0.004 0.033 0.000 0.010 0.003 0.007 0.159 0.784 
 285 G _   0.004 0.037 0.000 0.011 0.003 0.008 0.155 0.782 
 286 S _   0.004 0.042 0.000 0.012 0.003 0.009 0.151 0.778 
 287 S _   0.004 0.050 0.000 0.014 0.004 0.009 0.147 0.771 
 288 A _   0.005 0.059 0.001 0.017 0.004 0.010 0.142 0.762 
 289 R _   0.005 0.070 0.001 0.021 0.005 0.011 0.137 0.750 
 290 Q _   0.005 0.080 0.001 0.025 0.006 0.012 0.133 0.738 
 291 K _   0.005 0.090 0.001 0.029 0.007 0.012 0.128 0.728 
 292 P _   0.006 0.096 0.001 0.032 0.007 0.012 0.125 0.721 
 293 V _   0.006 0.100 0.001 0.033 0.007 0.012 0.122 0.718 
 294 L _   0.006 0.102 0.001 0.033 0.007 0.012 0.121 0.719 
 295 R _   0.006 0.101 0.001 0.031 0.007 0.011 0.119 0.725 
 296 S _   0.006 0.098 0.001 0.028 0.006 0.010 0.119 0.733 
 297 C _   0.006 0.092 0.001 0.024 0.005 0.010 0.118 0.745 
 298 S _   0.006 0.085 0.001 0.019 0.004 0.009 0.118 0.758 
 299 I _   0.005 0.078 0.000 0.016 0.004 0.008 0.118 0.770 
 300 D _   0.005 0.071 0.000 0.013 0.003 0.008 0.118 0.781 
 301 R _   0.005 0.066 0.000 0.011 0.003 0.007 0.118 0.790 
 302 S _   0.005 0.062 0.000 0.010 0.003 0.007 0.117 0.796 
 303 P _   0.005 0.059 0.000 0.010 0.003 0.007 0.116 0.800 
 304 G _   0.005 0.057 0.000 0.010 0.003 0.007 0.115 0.802 
 305 A _   0.005 0.057 0.000 0.011 0.003 0.008 0.114 0.802 
 306 G _   0.005 0.056 0.000 0.013 0.003 0.008 0.113 0.801 
 307 S _   0.005 0.056 0.000 0.014 0.003 0.008 0.112 0.801 
 308 L _   0.005 0.056 0.000 0.015 0.003 0.008 0.111 0.802 
 309 G _   0.005 0.054 0.000 0.015 0.003 0.008 0.109 0.805 
 310 S _   0.005 0.053 0.000 0.014 0.003 0.008 0.108 0.809 
 311 P _   0.005 0.051 0.000 0.013 0.003 0.007 0.107 0.814 
 312 A _   0.004 0.048 0.000 0.011 0.003 0.007 0.106 0.819 
 313 S _   0.004 0.046 0.000 0.010 0.002 0.007 0.105 0.825 
 314 Q _   0.004 0.045 0.000 0.008 0.002 0.007 0.104 0.830 
 315 R _   0.004 0.044 0.000 0.007 0.002 0.007 0.102 0.833 
 316 K _   0.004 0.045 0.000 0.007 0.002 0.007 0.100 0.835 
 317 D _   0.004 0.047 0.000 0.007 0.002 0.008 0.097 0.834 
 318 L _   0.005 0.051 0.000 0.008 0.003 0.010 0.094 0.829 
 319 G _   0.006 0.058 0.000 0.010 0.004 0.012 0.091 0.819 
 320 R _   0.007 0.069 0.001 0.013 0.005 0.014 0.087 0.804 
 321 S _   0.008 0.085 0.001 0.018 0.007 0.017 0.082 0.782 
 322 E _   0.009 0.105 0.001 0.024 0.009 0.020 0.078 0.754 
 323 S _   0.011 0.126 0.001 0.030 0.012 0.022 0.073 0.726 
 324 L _   0.012 0.145 0.001 0.037 0.014 0.024 0.069 0.699 
 325 R _   0.012 0.159 0.001 0.043 0.016 0.025 0.065 0.678 
 326 V _   0.013 0.169 0.001 0.047 0.017 0.026 0.062 0.664 
 327 V _   0.014 0.174 0.001 0.049 0.018 0.026 0.060 0.658 
 328 C _   0.015 0.174 0.001 0.048 0.017 0.025 0.058 0.660 
 329 R _   0.016 0.169 0.001 0.045 0.017 0.024 0.057 0.670 
 330 P _   0.016 0.159 0.001 0.040 0.015 0.023 0.057 0.688 
 331 H _   0.016 0.143 0.001 0.033 0.013 0.021 0.057 0.715 
 332 R _   0.016 0.122 0.001 0.026 0.011 0.020 0.057 0.747 
 333 I _   0.015 0.099 0.001 0.019 0.009 0.018 0.057 0.782 
 334 F _   0.014 0.077 0.001 0.014 0.007 0.016 0.057 0.813 
 335 R _   0.013 0.062 0.001 0.010 0.006 0.015 0.057 0.837 
 336 P _   0.012 0.052 0.001 0.007 0.005 0.015 0.057 0.852 
 337 S _   0.011 0.048 0.000 0.006 0.004 0.014 0.056 0.860 
 338 D _   0.011 0.046 0.000 0.006 0.004 0.015 0.055 0.862 
 339 L _   0.011 0.046 0.001 0.007 0.005 0.016 0.054 0.860 
 340 I _   0.012 0.049 0.001 0.009 0.006 0.017 0.052 0.854 
 341 H _   0.013 0.055 0.001 0.012 0.007 0.019 0.051 0.844 
 342 G _   0.014 0.062 0.001 0.015 0.008 0.020 0.049 0.831 
 343 E _   0.015 0.070 0.001 0.019 0.010 0.022 0.047 0.817 
 344 V _   0.016 0.077 0.001 0.021 0.011 0.023 0.045 0.805 
 345 L _   0.017 0.083 0.001 0.023 0.012 0.024 0.044 0.796 
 346 G _   0.017 0.087 0.001 0.024 0.013 0.025 0.042 0.790 
 347 K _   0.018 0.090 0.001 0.025 0.014 0.026 0.041 0.786 
 348 G _   0.018 0.092 0.001 0.024 0.014 0.026 0.040 0.785 
 349 C _   0.019 0.092 0.001 0.023 0.014 0.026 0.039 0.786 
 350 F _   0.019 0.092 0.001 0.022 0.013 0.026 0.038 0.788 
 351 G _   0.019 0.090 0.001 0.021 0.013 0.026 0.038 0.792 
 352 Q _   0.019 0.088 0.001 0.020 0.012 0.025 0.038 0.797 
 353 A _   0.019 0.086 0.001 0.018 0.011 0.024 0.037 0.803 
 354 I _   0.019 0.083 0.001 0.017 0.010 0.024 0.037 0.809 
 355 K _   0.019 0.080 0.001 0.015 0.010 0.023 0.037 0.815 
 356 V _   0.019 0.078 0.001 0.014 0.009 0.023 0.036 0.821 
 357 T _   0.019 0.075 0.001 0.013 0.009 0.023 0.036 0.825 
 358 H _   0.019 0.073 0.001 0.012 0.009 0.023 0.036 0.828 
 359 R _   0.019 0.073 0.001 0.012 0.009 0.023 0.036 0.828 
 360 E _   0.019 0.073 0.001 0.013 0.009 0.023 0.036 0.826 
 361 T _   0.019 0.074 0.001 0.014 0.010 0.024 0.035 0.822 
 362 G _   0.020 0.076 0.001 0.017 0.011 0.025 0.035 0.815 
 363 E _   0.021 0.079 0.001 0.020 0.012 0.025 0.035 0.807 
 364 V _   0.021 0.082 0.001 0.023 0.013 0.025 0.035 0.799 
 365 M _   0.022 0.083 0.001 0.026 0.014 0.025 0.035 0.794 
 366 V _   0.022 0.083 0.001 0.028 0.014 0.025 0.035 0.791 
 367 M _   0.022 0.081 0.001 0.029 0.014 0.024 0.036 0.793 
 368 K _   0.022 0.077 0.001 0.028 0.013 0.022 0.037 0.801 
 369 E _   0.020 0.070 0.001 0.025 0.012 0.021 0.037 0.813 
 370 L _   0.019 0.060 0.001 0.022 0.010 0.019 0.039 0.831 
 371 I _   0.017 0.048 0.001 0.018 0.009 0.017 0.040 0.851 
 372 R _   0.016 0.036 0.001 0.014 0.007 0.016 0.041 0.871 
 373 F _   0.014 0.026 0.001 0.010 0.005 0.014 0.042 0.887 
 374 D _   0.013 0.018 0.001 0.008 0.004 0.013 0.043 0.900 
 375 E _   0.012 0.014 0.000 0.006 0.004 0.013 0.043 0.907 
 376 E _   0.012 0.011 0.000 0.006 0.004 0.013 0.043 0.911 
 377 T _   0.012 0.010 0.000 0.005 0.004 0.013 0.044 0.912 
 378 Q _   0.013 0.009 0.000 0.006 0.004 0.014 0.044 0.910 
 379 R _   0.014 0.009 0.001 0.007 0.005 0.015 0.043 0.905 
 380 T _   0.015 0.010 0.001 0.009 0.006 0.017 0.043 0.899 
 381 F _   0.016 0.012 0.001 0.012 0.007 0.018 0.043 0.891 
 382 L _   0.017 0.014 0.001 0.015 0.009 0.020 0.043 0.882 
 383 K _   0.018 0.016 0.001 0.018 0.010 0.021 0.042 0.874 
 384 E _   0.019 0.017 0.001 0.020 0.011 0.022 0.042 0.868 
 385 V _   0.019 0.018 0.001 0.021 0.011 0.022 0.042 0.865 
 386 K _   0.020 0.017 0.001 0.021 0.011 0.022 0.042 0.866 
 387 V _   0.020 0.016 0.001 0.019 0.010 0.022 0.043 0.870 
 388 M _   0.020 0.015 0.001 0.016 0.009 0.021 0.043 0.875 
 389 R _   0.020 0.013 0.001 0.013 0.008 0.020 0.043 0.882 
 390 C _   0.020 0.011 0.001 0.010 0.007 0.020 0.043 0.889 
 391 L _   0.020 0.010 0.001 0.008 0.006 0.020 0.043 0.892 
 392 E _   0.021 0.009 0.001 0.007 0.006 0.020 0.044 0.893 
 393 H _   0.022 0.009 0.001 0.007 0.007 0.022 0.043 0.890 
 394 P _   0.024 0.011 0.001 0.008 0.008 0.023 0.043 0.881 
 395 N _   0.027 0.014 0.001 0.011 0.010 0.025 0.043 0.868 
 396 V _   0.030 0.019 0.001 0.016 0.013 0.027 0.043 0.851 
 397 L _   0.031 0.025 0.001 0.023 0.015 0.029 0.043 0.832 
 398 K _   0.032 0.031 0.001 0.030 0.017 0.029 0.043 0.817 
 399 F _   0.031 0.034 0.001 0.034 0.018 0.029 0.043 0.810 
 400 I _   0.029 0.035 0.001 0.035 0.017 0.027 0.044 0.811 
 401 G _   0.027 0.034 0.001 0.033 0.015 0.025 0.045 0.820 
 402 V _   0.024 0.031 0.001 0.027 0.012 0.022 0.046 0.836 
 403 L _   0.021 0.025 0.001 0.020 0.009 0.020 0.047 0.857 
 404 Y _   0.018 0.019 0.001 0.014 0.007 0.017 0.047 0.877 
 405 K _   0.016 0.014 0.001 0.009 0.005 0.015 0.048 0.892 
 406 D _   0.014 0.011 0.000 0.006 0.004 0.014 0.048 0.902 
 407 K _   0.013 0.010 0.000 0.004 0.003 0.014 0.049 0.906 
 408 R _   0.013 0.010 0.000 0.004 0.003 0.015 0.049 0.905 
 409 L _   0.015 0.012 0.000 0.005 0.004 0.017 0.049 0.898 
 410 N _   0.017 0.018 0.001 0.007 0.006 0.019 0.048 0.884 
 411 F _   0.019 0.029 0.001 0.011 0.008 0.022 0.048 0.862 
 412 I _   0.021 0.046 0.001 0.016 0.011 0.026 0.047 0.832 
 413 T _   0.023 0.067 0.001 0.021 0.014 0.028 0.046 0.799 
 414 E _   0.024 0.088 0.001 0.026 0.017 0.030 0.045 0.768 
 415 Y _   0.025 0.106 0.001 0.030 0.019 0.032 0.044 0.743 
 416 I _   0.025 0.121 0.002 0.033 0.020 0.033 0.044 0.722 
 417 K _   0.026 0.133 0.001 0.035 0.021 0.033 0.044 0.706 
 418 G _   0.026 0.141 0.002 0.038 0.022 0.033 0.044 0.694 
 419 G _   0.026 0.147 0.002 0.039 0.022 0.033 0.045 0.687 
 420 T _   0.026 0.150 0.001 0.041 0.021 0.032 0.046 0.684 
 421 L _   0.025 0.150 0.001 0.041 0.020 0.030 0.047 0.685 
 422 R _   0.024 0.146 0.001 0.041 0.019 0.028 0.049 0.692 
 423 G _   0.022 0.139 0.001 0.039 0.016 0.025 0.051 0.706 
 424 I _   0.020 0.128 0.001 0.035 0.014 0.023 0.054 0.725 
 425 I _   0.018 0.112 0.001 0.030 0.012 0.020 0.056 0.750 
 426 K _   0.016 0.093 0.001 0.024 0.009 0.018 0.059 0.780 
 427 S _   0.014 0.071 0.001 0.018 0.007 0.016 0.062 0.811 
 428 M _   0.012 0.051 0.001 0.013 0.006 0.014 0.065 0.838 
 429 D _   0.011 0.036 0.001 0.010 0.004 0.012 0.067 0.859 
 430 S _   0.009 0.026 0.000 0.007 0.003 0.011 0.069 0.873 
 431 Q _   0.008 0.020 0.000 0.006 0.003 0.011 0.071 0.881 
 432 Y _   0.008 0.017 0.000 0.005 0.003 0.012 0.072 0.884 
 433 P _   0.008 0.016 0.000 0.005 0.003 0.013 0.073 0.883 
 434 W _   0.009 0.016 0.000 0.006 0.003 0.014 0.073 0.878 
 435 S _   0.010 0.017 0.000 0.007 0.004 0.017 0.073 0.871 
 436 Q _   0.012 0.019 0.001 0.008 0.005 0.020 0.073 0.861 
 437 R _   0.015 0.023 0.001 0.010 0.007 0.024 0.073 0.847 
 438 V _   0.019 0.028 0.001 0.012 0.009 0.029 0.073 0.829 
 439 S _   0.025 0.034 0.001 0.014 0.012 0.035 0.072 0.807 
 440 F _   0.031 0.041 0.001 0.016 0.016 0.040 0.072 0.782 
 441 A _   0.039 0.050 0.001 0.018 0.021 0.046 0.072 0.753 
 442 K _   0.048 0.060 0.002 0.020 0.027 0.052 0.071 0.720 
 443 D _   0.058 0.072 0.002 0.022 0.032 0.057 0.071 0.686 
 444 I _   0.067 0.083 0.002 0.025 0.037 0.061 0.072 0.653 
 445 A _   0.075 0.094 0.002 0.027 0.041 0.063 0.073 0.625 
 446 S _   0.081 0.103 0.002 0.029 0.044 0.064 0.074 0.603 
 447 G _   0.086 0.110 0.002 0.031 0.046 0.063 0.076 0.586 
 448 M _   0.087 0.115 0.002 0.032 0.045 0.062 0.078 0.578 
 449 A _   0.086 0.118 0.002 0.033 0.044 0.059 0.081 0.577 
 450 Y _   0.082 0.119 0.002 0.034 0.041 0.055 0.085 0.583 
 451 L _   0.075 0.117 0.002 0.035 0.037 0.051 0.089 0.593 
 452 H _   0.068 0.114 0.002 0.035 0.032 0.046 0.095 0.608 
 453 S _   0.060 0.108 0.002 0.034 0.027 0.041 0.101 0.627 
 454 M _   0.052 0.099 0.002 0.033 0.022 0.035 0.107 0.650 
 455 N _   0.043 0.088 0.002 0.030 0.018 0.030 0.114 0.676 
 456 I _   0.036 0.074 0.001 0.026 0.013 0.025 0.121 0.703 
 457 I _   0.028 0.059 0.001 0.021 0.010 0.020 0.129 0.731 
 458 H _   0.022 0.044 0.001 0.017 0.007 0.016 0.135 0.757 
 459 R _   0.017 0.030 0.001 0.012 0.005 0.013 0.142 0.781 
 460 D _   0.013 0.019 0.001 0.009 0.004 0.011 0.147 0.798 
 461 L _   0.010 0.012 0.000 0.006 0.003 0.009 0.151 0.809 
 462 N _   0.007 0.008 0.000 0.005 0.002 0.008 0.154 0.816 
 463 S _   0.006 0.007 0.000 0.004 0.002 0.007 0.156 0.818 
 464 H _   0.006 0.006 0.000 0.004 0.002 0.007 0.158 0.818 
 465 N _   0.006 0.006 0.000 0.004 0.002 0.008 0.160 0.815 
 466 C _   0.006 0.007 0.000 0.004 0.002 0.009 0.161 0.811 
 467 L _   0.007 0.009 0.000 0.006 0.003 0.011 0.161 0.804 
 468 V _   0.008 0.012 0.000 0.007 0.004 0.013 0.161 0.794 
 469 R _   0.010 0.017 0.001 0.009 0.005 0.016 0.161 0.782 
 470 E _   0.012 0.023 0.001 0.011 0.006 0.020 0.161 0.765 
 471 N _   0.016 0.033 0.001 0.013 0.009 0.024 0.161 0.744 
 472 K _   0.020 0.045 0.001 0.016 0.012 0.029 0.160 0.717 
 473 N _   0.024 0.061 0.001 0.019 0.016 0.034 0.160 0.685 
 474 V _   0.030 0.080 0.002 0.023 0.021 0.039 0.159 0.647 
 475 V _   0.035 0.104 0.002 0.029 0.025 0.042 0.160 0.604 
 476 V _   0.039 0.128 0.002 0.036 0.029 0.044 0.160 0.562 
 477 A _   0.042 0.149 0.002 0.043 0.032 0.045 0.162 0.525 
 478 D _   0.043 0.165 0.002 0.051 0.033 0.044 0.164 0.498 
 479 F _   0.043 0.174 0.002 0.056 0.032 0.042 0.168 0.482 
 480 G _   0.041 0.177 0.002 0.059 0.030 0.039 0.174 0.478 
 481 L _   0.039 0.174 0.002 0.057 0.027 0.036 0.180 0.485 
 482 A _   0.035 0.164 0.002 0.052 0.023 0.031 0.188 0.504 
 483 R _   0.031 0.147 0.002 0.044 0.018 0.027 0.198 0.533 
 484 L _   0.027 0.120 0.001 0.035 0.014 0.023 0.209 0.572 
 485 M _   0.023 0.089 0.001 0.025 0.010 0.019 0.219 0.614 
 486 V _   0.019 0.060 0.001 0.017 0.007 0.015 0.229 0.652 
 487 D _   0.016 0.037 0.001 0.011 0.005 0.012 0.237 0.680 
 488 E _   0.013 0.024 0.000 0.008 0.003 0.010 0.244 0.698 
 489 K _   0.011 0.015 0.000 0.006 0.002 0.009 0.249 0.707 
 490 T _   0.009 0.011 0.000 0.005 0.002 0.008 0.253 0.711 
 491 Q _   0.009 0.009 0.000 0.005 0.002 0.007 0.256 0.713 
 492 P _   0.008 0.007 0.000 0.006 0.002 0.007 0.258 0.712 
 493 E _   0.007 0.006 0.000 0.006 0.002 0.007 0.260 0.711 
 494 G _   0.007 0.006 0.000 0.007 0.002 0.006 0.261 0.711 
 495 L _   0.007 0.005 0.000 0.007 0.002 0.006 0.261 0.712 
 496 R _   0.006 0.005 0.000 0.007 0.002 0.006 0.260 0.714 
 497 S _   0.006 0.004 0.000 0.006 0.002 0.006 0.259 0.717 
 498 L _   0.005 0.004 0.000 0.005 0.002 0.005 0.257 0.722 
 499 K _   0.004 0.004 0.000 0.005 0.001 0.005 0.255 0.726 
 500 K _   0.004 0.004 0.000 0.004 0.001 0.005 0.251 0.731 
 501 P _   0.004 0.004 0.000 0.004 0.001 0.005 0.247 0.735 
 502 D _   0.004 0.006 0.000 0.004 0.002 0.006 0.241 0.737 
 503 R _   0.004 0.008 0.000 0.005 0.002 0.007 0.235 0.738 
 504 K _   0.005 0.013 0.000 0.007 0.003 0.009 0.227 0.736 
 505 K _   0.006 0.022 0.000 0.010 0.004 0.011 0.218 0.730 
 506 R _   0.007 0.035 0.001 0.014 0.005 0.013 0.206 0.719 
 507 Y _   0.007 0.055 0.001 0.019 0.007 0.016 0.193 0.702 
 508 T _   0.008 0.080 0.001 0.025 0.009 0.018 0.179 0.680 
 509 V _   0.008 0.108 0.001 0.032 0.011 0.020 0.165 0.655 
 510 V _   0.009 0.136 0.001 0.039 0.013 0.022 0.151 0.630 
 511 G _   0.009 0.161 0.001 0.045 0.014 0.023 0.138 0.608 
 512 N _   0.009 0.180 0.001 0.052 0.016 0.024 0.128 0.590 
 513 P _   0.010 0.194 0.001 0.057 0.017 0.024 0.118 0.578 
 514 Y _   0.010 0.202 0.001 0.062 0.018 0.024 0.111 0.572 
 515 W _   0.010 0.205 0.001 0.065 0.018 0.023 0.105 0.572 
 516 M _   0.010 0.204 0.001 0.065 0.017 0.022 0.101 0.579 
 517 A _   0.011 0.197 0.001 0.062 0.016 0.021 0.097 0.595 
 518 P _   0.011 0.184 0.001 0.056 0.014 0.019 0.095 0.620 
 519 E _   0.011 0.163 0.001 0.047 0.012 0.017 0.093 0.656 
 520 M _   0.011 0.131 0.001 0.037 0.010 0.015 0.091 0.704 
 521 I _   0.011 0.093 0.001 0.026 0.008 0.013 0.089 0.758 
 522 N _   0.011 0.055 0.001 0.017 0.006 0.011 0.088 0.812 
 523 G _   0.012 0.027 0.001 0.010 0.004 0.009 0.085 0.853 
 524 R _   0.013 0.010 0.000 0.005 0.003 0.007 0.083 0.878 
 525 S _   0.017 0.003 0.000 0.003 0.002 0.006 0.079 0.889 
 526 Y _   0.025 0.001 0.000 0.002 0.002 0.006 0.075 0.889 
 527 D _   0.045 0.000 0.000 0.001 0.002 0.007 0.070 0.874 
 528 E _   0.084 0.000 0.000 0.001 0.003 0.009 0.063 0.839 
 529 K _   0.155 0.000 0.001 0.001 0.005 0.011 0.055 0.772 
 530 V _   0.263 0.000 0.001 0.001 0.007 0.015 0.045 0.668 
 531 D _   0.395 0.000 0.001 0.001 0.011 0.018 0.036 0.538 
 532 V H   0.532 0.000 0.001 0.002 0.016 0.020 0.027 0.401 
 533 F H   0.646 0.000 0.002 0.001 0.021 0.022 0.021 0.287 
 534 S H   0.728 0.000 0.002 0.001 0.025 0.022 0.018 0.204 
 535 F H   0.785 0.000 0.001 0.001 0.028 0.021 0.016 0.148 
 536 G H   0.818 0.000 0.001 0.001 0.029 0.019 0.015 0.115 
 537 I H   0.836 0.000 0.001 0.001 0.030 0.018 0.015 0.098 
 538 V H   0.839 0.000 0.002 0.002 0.031 0.017 0.015 0.095 
 539 L H   0.830 0.000 0.002 0.002 0.031 0.016 0.016 0.103 
 540 C H   0.806 0.000 0.002 0.003 0.031 0.016 0.018 0.125 
 541 E H   0.761 0.000 0.002 0.003 0.030 0.015 0.021 0.167 
 542 I H   0.688 0.000 0.002 0.004 0.028 0.015 0.025 0.237 
 543 I H   0.587 0.000 0.002 0.005 0.023 0.015 0.032 0.336 
 544 G H   0.467 0.000 0.002 0.005 0.017 0.014 0.040 0.455 
 545 R _   0.344 0.000 0.001 0.005 0.012 0.012 0.050 0.577 
 546 V _   0.234 0.000 0.001 0.004 0.008 0.011 0.058 0.684 
 547 N _   0.148 0.000 0.001 0.003 0.005 0.009 0.065 0.769 
 548 A _   0.088 0.000 0.000 0.003 0.003 0.008 0.070 0.828 
 549 D _   0.050 0.000 0.000 0.002 0.002 0.007 0.074 0.863 
 550 P _   0.029 0.001 0.000 0.002 0.002 0.007 0.077 0.882 
 551 D _   0.019 0.001 0.000 0.003 0.002 0.007 0.079 0.889 
 552 Y _   0.014 0.004 0.000 0.004 0.002 0.009 0.080 0.887 
 553 L _   0.012 0.010 0.000 0.006 0.003 0.011 0.081 0.876 
 554 P _   0.012 0.025 0.001 0.010 0.005 0.014 0.081 0.852 
 555 R _   0.012 0.052 0.001 0.017 0.007 0.017 0.081 0.813 
 556 T _   0.012 0.092 0.001 0.025 0.010 0.019 0.080 0.759 
 557 M _   0.011 0.139 0.001 0.035 0.013 0.021 0.079 0.701 
 558 D _   0.011 0.182 0.001 0.044 0.015 0.022 0.079 0.647 
 559 F _   0.010 0.216 0.001 0.052 0.016 0.022 0.079 0.604 
 560 G _   0.010 0.238 0.001 0.058 0.016 0.022 0.080 0.575 
 561 L _   0.009 0.251 0.001 0.061 0.016 0.022 0.082 0.557 
 562 N _   0.009 0.256 0.001 0.063 0.016 0.021 0.084 0.549 
 563 V _   0.009 0.256 0.001 0.062 0.015 0.020 0.088 0.549 
 564 R _   0.009 0.250 0.001 0.058 0.014 0.019 0.092 0.556 
 565 G _   0.010 0.237 0.001 0.052 0.013 0.017 0.098 0.572 
 566 F _   0.010 0.215 0.001 0.045 0.012 0.016 0.105 0.597 
 567 L _   0.010 0.183 0.001 0.036 0.010 0.015 0.114 0.631 
 568 D _   0.009 0.146 0.001 0.027 0.008 0.013 0.124 0.671 
 569 R _   0.009 0.108 0.001 0.020 0.006 0.012 0.134 0.711 
 570 Y _   0.008 0.077 0.001 0.013 0.005 0.010 0.142 0.744 
 571 C _   0.007 0.058 0.000 0.008 0.003 0.009 0.148 0.765 
 572 P _   0.006 0.047 0.000 0.006 0.002 0.009 0.153 0.776 
 573 P _   0.006 0.043 0.000 0.004 0.002 0.009 0.157 0.779 
 574 N _   0.006 0.042 0.000 0.005 0.002 0.010 0.159 0.775 
 575 C _   0.007 0.044 0.000 0.006 0.003 0.012 0.161 0.765 
 576 P _   0.009 0.052 0.001 0.010 0.005 0.016 0.163 0.746 
 577 P _   0.010 0.068 0.001 0.018 0.008 0.019 0.163 0.712 
 578 S _   0.012 0.094 0.001 0.030 0.012 0.022 0.164 0.665 
 579 F _   0.012 0.123 0.002 0.044 0.016 0.025 0.165 0.613 
 580 F _   0.012 0.149 0.002 0.059 0.019 0.026 0.166 0.568 
 581 P _   0.012 0.166 0.002 0.070 0.020 0.026 0.169 0.536 
 582 I _   0.012 0.174 0.002 0.076 0.020 0.025 0.173 0.518 
 583 T _   0.011 0.176 0.002 0.077 0.019 0.024 0.179 0.511 
 584 V _   0.011 0.171 0.002 0.073 0.018 0.022 0.187 0.517 
 585 R _   0.010 0.159 0.002 0.063 0.016 0.020 0.198 0.533 
 586 C _   0.010 0.136 0.001 0.050 0.013 0.017 0.210 0.562 
 587 C _   0.010 0.103 0.001 0.036 0.010 0.015 0.225 0.601 
 588 D _   0.009 0.066 0.001 0.023 0.007 0.012 0.240 0.641 
 589 L _   0.008 0.035 0.001 0.014 0.005 0.010 0.253 0.675 
 590 D _   0.007 0.016 0.000 0.007 0.003 0.009 0.263 0.695 
 591 P _   0.006 0.007 0.000 0.004 0.002 0.008 0.270 0.703 
 592 E _   0.006 0.003 0.000 0.003 0.001 0.008 0.275 0.704 
 593 K _   0.006 0.002 0.000 0.002 0.001 0.010 0.279 0.700 
 594 R _   0.008 0.001 0.000 0.002 0.002 0.012 0.282 0.692 
 595 P _   0.011 0.002 0.000 0.003 0.003 0.017 0.284 0.680 
 596 S _   0.016 0.003 0.000 0.005 0.004 0.023 0.286 0.663 
 597 F _   0.024 0.005 0.001 0.007 0.007 0.030 0.288 0.639 
 598 V _   0.032 0.008 0.001 0.010 0.012 0.039 0.289 0.609 
 599 K _   0.042 0.013 0.001 0.014 0.018 0.047 0.290 0.575 
 600 L _   0.053 0.018 0.001 0.017 0.025 0.055 0.292 0.539 
 601 E _   0.063 0.022 0.002 0.019 0.032 0.062 0.294 0.505 
 602 H _   0.074 0.026 0.002 0.020 0.039 0.067 0.297 0.474 
 603 W _   0.084 0.030 0.002 0.021 0.045 0.070 0.302 0.446 
 604 L _   0.093 0.033 0.002 0.022 0.050 0.072 0.307 0.420 
 605 E _   0.101 0.036 0.002 0.023 0.053 0.072 0.315 0.398 
 606 T _   0.105 0.038 0.002 0.025 0.054 0.070 0.324 0.382 
 607 L _   0.107 0.039 0.002 0.026 0.052 0.067 0.336 0.371 
 608 R _   0.105 0.039 0.002 0.028 0.049 0.062 0.349 0.366 
 609 M _   0.100 0.038 0.002 0.028 0.043 0.056 0.366 0.367 
 610 H X   0.093 0.036 0.002 0.027 0.037 0.050 0.384 0.372 
 611 L X   0.083 0.032 0.002 0.025 0.030 0.043 0.404 0.382 
 612 A X   0.071 0.027 0.002 0.022 0.023 0.037 0.425 0.394 
 613 G X   0.060 0.022 0.001 0.018 0.017 0.031 0.446 0.406 
 614 H X   0.048 0.017 0.001 0.014 0.012 0.025 0.467 0.415 
 615 L X   0.038 0.012 0.001 0.011 0.009 0.020 0.487 0.422 
 616 P X   0.029 0.009 0.001 0.009 0.006 0.016 0.504 0.425 
 617 L X   0.022 0.007 0.001 0.007 0.004 0.014 0.520 0.425 
 618 G X   0.017 0.005 0.000 0.005 0.003 0.011 0.534 0.423 
 619 P X   0.013 0.005 0.000 0.005 0.003 0.010 0.547 0.418 
 620 Q X   0.010 0.004 0.000 0.004 0.003 0.009 0.558 0.411 
 621 L X   0.008 0.005 0.000 0.005 0.002 0.009 0.568 0.404 
 622 E X   0.007 0.005 0.000 0.005 0.003 0.008 0.577 0.394 
 623 Q X   0.007 0.006 0.000 0.007 0.003 0.009 0.585 0.383 
 624 L X   0.006 0.008 0.000 0.009 0.004 0.009 0.594 0.370 
 625 D X   0.006 0.010 0.000 0.012 0.004 0.010 0.602 0.355 
 626 R X   0.006 0.012 0.001 0.016 0.005 0.010 0.611 0.339 
 627 G X   0.006 0.014 0.001 0.019 0.006 0.011 0.622 0.322 
 628 F X   0.006 0.016 0.001 0.022 0.006 0.010 0.633 0.306 
 629 W X   0.005 0.016 0.001 0.023 0.006 0.010 0.647 0.291 
 630 E X   0.005 0.016 0.001 0.023 0.006 0.010 0.662 0.278 
 631 T X   0.005 0.015 0.001 0.021 0.005 0.009 0.678 0.267 
 632 Y X   0.004 0.013 0.001 0.018 0.005 0.008 0.695 0.256 
 633 R X   0.004 0.011 0.000 0.015 0.004 0.007 0.713 0.246 
 634 R X   0.004 0.009 0.000 0.012 0.003 0.006 0.731 0.234 
 635 G X   0.004 0.007 0.000 0.009 0.003 0.006 0.749 0.222 
 636 E X   0.003 0.006 0.000 0.008 0.002 0.005 0.766 0.210 
 637 S X   0.003 0.005 0.000 0.007 0.002 0.005 0.781 0.197 
 638 G X   0.003 0.004 0.000 0.006 0.002 0.004 0.795 0.186 
 639 L X   0.003 0.003 0.000 0.005 0.001 0.003 0.807 0.177 
 640 P X   0.002 0.002 0.000 0.005 0.001 0.003 0.817 0.170 
 641 A X   0.002 0.002 0.000 0.004 0.001 0.002 0.826 0.163 
 642 H X   0.001 0.002 0.000 0.003 0.001 0.002 0.834 0.158 
 643 P X   0.001 0.001 0.000 0.002 0.000 0.001 0.840 0.154 
 644 E X   0.000 0.001 0.000 0.001 0.000 0.000 0.844 0.153 
 645 V X   0.000 0.001 0.000 0.001 0.000 0.000 0.845 0.153 
 646 P X   0.000 0.001 0.000 0.001 0.000 0.000 0.841 0.156 
 647 D X   0.001 0.001 0.001 0.007 0.002 0.002 0.827 0.160 
