#TopoPred_TM8: 8-state transmembrane topology prediction results by no_profile mode 
#probabilities are in the order of H E C I L F X _, the 8 transmembrane topology types used in PDBTM 
   1 M X   0.006 0.000 0.001 0.028 0.006 0.005 0.887 0.066 
   2 E X   0.002 0.000 0.000 0.013 0.001 0.002 0.911 0.071 
   3 G X   0.001 0.000 0.000 0.006 0.000 0.001 0.918 0.074 
   4 G X   0.000 0.000 0.000 0.004 0.000 0.001 0.918 0.076 
   5 P X   0.001 0.000 0.000 0.003 0.000 0.002 0.917 0.077 
   6 A X   0.001 0.000 0.000 0.003 0.000 0.002 0.914 0.079 
   7 V X   0.001 0.000 0.000 0.003 0.001 0.003 0.910 0.082 
   8 C X   0.001 0.001 0.000 0.003 0.001 0.004 0.906 0.085 
   9 C X   0.002 0.001 0.000 0.003 0.001 0.004 0.900 0.088 
  10 Q X   0.002 0.002 0.000 0.004 0.001 0.005 0.894 0.092 
  11 D X   0.002 0.003 0.000 0.004 0.002 0.006 0.886 0.096 
  12 P X   0.003 0.004 0.000 0.004 0.002 0.008 0.878 0.100 
  13 R X   0.004 0.006 0.000 0.005 0.003 0.010 0.870 0.102 
  14 A X   0.005 0.009 0.000 0.006 0.005 0.011 0.861 0.102 
  15 E X   0.006 0.014 0.001 0.007 0.006 0.013 0.852 0.100 
  16 L X   0.007 0.019 0.001 0.009 0.008 0.015 0.843 0.097 
  17 V X   0.009 0.027 0.001 0.012 0.010 0.016 0.834 0.092 
  18 E X   0.009 0.034 0.001 0.014 0.011 0.016 0.827 0.087 
  19 R X   0.010 0.039 0.001 0.017 0.012 0.016 0.821 0.083 
  20 V X   0.010 0.044 0.001 0.019 0.012 0.016 0.818 0.081 
  21 A X   0.011 0.046 0.001 0.020 0.011 0.015 0.815 0.081 
  22 A X   0.010 0.047 0.001 0.020 0.011 0.014 0.815 0.083 
  23 I X   0.010 0.046 0.001 0.019 0.009 0.012 0.816 0.086 
  24 D X   0.009 0.044 0.001 0.018 0.008 0.011 0.818 0.091 
  25 V X   0.008 0.040 0.001 0.015 0.006 0.009 0.821 0.098 
  26 T X   0.007 0.035 0.000 0.013 0.005 0.008 0.825 0.107 
  27 H X   0.006 0.028 0.000 0.010 0.003 0.006 0.830 0.116 
  28 L X   0.005 0.021 0.000 0.007 0.002 0.005 0.834 0.124 
  29 E X   0.005 0.014 0.000 0.005 0.002 0.004 0.838 0.132 
  30 E X   0.004 0.009 0.000 0.004 0.001 0.003 0.841 0.138 
  31 A X   0.003 0.006 0.000 0.003 0.001 0.003 0.843 0.142 
  32 D X   0.003 0.004 0.000 0.002 0.001 0.002 0.844 0.144 
  33 G X   0.002 0.003 0.000 0.002 0.001 0.002 0.844 0.147 
  34 G X   0.002 0.002 0.000 0.002 0.000 0.002 0.843 0.149 
  35 P X   0.002 0.002 0.000 0.002 0.000 0.002 0.842 0.151 
  36 E X   0.002 0.001 0.000 0.002 0.000 0.002 0.839 0.154 
  37 P X   0.002 0.001 0.000 0.002 0.001 0.002 0.836 0.157 
  38 T X   0.002 0.001 0.000 0.002 0.001 0.002 0.831 0.162 
  39 R X   0.002 0.001 0.000 0.002 0.001 0.002 0.824 0.169 
  40 N X   0.001 0.001 0.000 0.002 0.001 0.002 0.815 0.178 
  41 G X   0.001 0.001 0.000 0.002 0.001 0.002 0.804 0.188 
  42 V X   0.002 0.002 0.000 0.002 0.001 0.003 0.788 0.202 
  43 D X   0.002 0.004 0.000 0.003 0.001 0.004 0.768 0.217 
  44 P X   0.003 0.007 0.000 0.005 0.002 0.007 0.742 0.234 
  45 P X   0.004 0.016 0.001 0.009 0.004 0.011 0.706 0.249 
  46 P X   0.005 0.038 0.001 0.017 0.008 0.016 0.656 0.259 
  47 R X   0.007 0.084 0.002 0.029 0.013 0.022 0.587 0.255 
  48 A X   0.008 0.158 0.003 0.043 0.019 0.026 0.506 0.237 
  49 R X   0.007 0.249 0.003 0.055 0.022 0.027 0.426 0.210 
  50 A X   0.007 0.333 0.003 0.062 0.022 0.026 0.363 0.185 
  51 A E   0.006 0.393 0.002 0.065 0.020 0.024 0.319 0.171 
  52 S E   0.006 0.431 0.002 0.064 0.018 0.022 0.290 0.167 
  53 V E   0.006 0.452 0.001 0.062 0.016 0.021 0.270 0.172 
  54 I E   0.006 0.461 0.001 0.058 0.015 0.020 0.256 0.183 
  55 P E   0.006 0.464 0.001 0.053 0.014 0.019 0.246 0.198 
  56 G E   0.006 0.460 0.001 0.048 0.013 0.017 0.238 0.218 
  57 S E   0.007 0.448 0.001 0.042 0.012 0.017 0.232 0.242 
  58 T E   0.007 0.430 0.001 0.036 0.011 0.016 0.227 0.272 
  59 S E   0.008 0.405 0.001 0.031 0.010 0.015 0.223 0.308 
  60 R E   0.008 0.375 0.001 0.026 0.009 0.014 0.220 0.346 
  61 L _   0.008 0.343 0.001 0.022 0.007 0.014 0.218 0.386 
  62 L _   0.008 0.312 0.001 0.019 0.006 0.013 0.216 0.425 
  63 P _   0.008 0.285 0.001 0.016 0.005 0.012 0.214 0.459 
  64 A _   0.008 0.262 0.001 0.014 0.005 0.011 0.211 0.489 
  65 R _   0.007 0.243 0.001 0.012 0.004 0.010 0.208 0.515 
  66 P _   0.007 0.228 0.000 0.011 0.004 0.010 0.205 0.536 
  67 S _   0.006 0.216 0.000 0.010 0.003 0.009 0.202 0.553 
  68 L _   0.006 0.208 0.000 0.010 0.003 0.009 0.198 0.566 
  69 S _   0.006 0.201 0.000 0.010 0.003 0.009 0.195 0.576 
  70 A _   0.006 0.197 0.000 0.010 0.003 0.009 0.191 0.584 
  71 R _   0.006 0.194 0.000 0.011 0.003 0.009 0.187 0.591 
  72 K _   0.005 0.192 0.000 0.011 0.003 0.009 0.183 0.597 
  73 L _   0.005 0.190 0.000 0.012 0.004 0.009 0.178 0.602 
  74 S _   0.005 0.188 0.000 0.012 0.004 0.008 0.174 0.608 
  75 L _   0.005 0.186 0.000 0.012 0.004 0.008 0.170 0.614 
  76 Q _   0.005 0.184 0.000 0.012 0.004 0.008 0.166 0.621 
  77 E _   0.005 0.182 0.000 0.011 0.003 0.008 0.162 0.628 
  78 R _   0.005 0.179 0.000 0.011 0.003 0.008 0.158 0.635 
  79 P _   0.005 0.178 0.000 0.011 0.003 0.008 0.154 0.641 
  80 A _   0.005 0.177 0.000 0.010 0.003 0.008 0.150 0.645 
  81 G _   0.005 0.178 0.000 0.011 0.003 0.008 0.146 0.648 
  82 S _   0.005 0.179 0.000 0.011 0.004 0.009 0.142 0.649 
  83 Y _   0.006 0.182 0.000 0.012 0.004 0.009 0.138 0.648 
  84 L _   0.006 0.185 0.001 0.014 0.004 0.010 0.134 0.647 
  85 E _   0.006 0.188 0.001 0.015 0.005 0.010 0.130 0.645 
  86 A _   0.006 0.192 0.001 0.016 0.005 0.010 0.126 0.643 
  87 Q _   0.006 0.195 0.001 0.017 0.005 0.010 0.123 0.642 
  88 A _   0.007 0.196 0.001 0.018 0.005 0.010 0.119 0.643 
  89 G _   0.007 0.197 0.001 0.018 0.005 0.010 0.117 0.646 
  90 P _   0.007 0.195 0.001 0.016 0.005 0.010 0.114 0.652 
  91 Y _   0.007 0.193 0.001 0.015 0.005 0.010 0.112 0.659 
  92 A _   0.007 0.190 0.001 0.013 0.004 0.009 0.110 0.666 
  93 T _   0.006 0.186 0.000 0.011 0.004 0.009 0.108 0.675 
  94 G _   0.006 0.184 0.000 0.010 0.003 0.009 0.106 0.681 
  95 P _   0.006 0.183 0.000 0.009 0.003 0.009 0.104 0.686 
  96 A _   0.006 0.183 0.000 0.009 0.003 0.009 0.101 0.688 
  97 S _   0.006 0.186 0.000 0.009 0.004 0.010 0.098 0.686 
  98 H _   0.006 0.193 0.001 0.010 0.004 0.011 0.095 0.680 
  99 I _   0.007 0.203 0.001 0.012 0.005 0.012 0.092 0.669 
 100 S _   0.007 0.218 0.001 0.015 0.006 0.013 0.088 0.653 
 101 P _   0.007 0.235 0.001 0.019 0.007 0.014 0.084 0.634 
 102 R _   0.007 0.252 0.001 0.022 0.008 0.014 0.080 0.617 
 103 A _   0.007 0.266 0.001 0.024 0.008 0.014 0.077 0.603 
 104 W _   0.007 0.277 0.001 0.025 0.008 0.014 0.074 0.595 
 105 R _   0.006 0.283 0.001 0.025 0.008 0.014 0.072 0.592 
 106 R _   0.006 0.287 0.001 0.024 0.008 0.013 0.070 0.592 
 107 P _   0.006 0.288 0.001 0.022 0.007 0.013 0.068 0.596 
 108 T _   0.006 0.287 0.001 0.019 0.007 0.012 0.067 0.601 
 109 I _   0.006 0.286 0.001 0.017 0.006 0.012 0.066 0.606 
 110 E _   0.006 0.283 0.001 0.016 0.006 0.012 0.065 0.611 
 111 S _   0.007 0.281 0.001 0.015 0.006 0.012 0.065 0.615 
 112 H _   0.007 0.278 0.001 0.014 0.006 0.012 0.064 0.617 
 113 H _   0.007 0.277 0.001 0.014 0.006 0.012 0.064 0.619 
 114 V _   0.008 0.277 0.001 0.015 0.006 0.013 0.063 0.618 
 115 A _   0.008 0.276 0.001 0.016 0.006 0.013 0.063 0.617 
 116 I _   0.009 0.276 0.001 0.017 0.007 0.013 0.063 0.615 
 117 S _   0.009 0.274 0.001 0.018 0.007 0.013 0.063 0.615 
 118 D _   0.009 0.272 0.001 0.019 0.007 0.013 0.063 0.616 
 119 A _   0.009 0.267 0.001 0.019 0.007 0.013 0.063 0.620 
 120 E _   0.010 0.261 0.001 0.019 0.007 0.013 0.064 0.626 
 121 D _   0.010 0.252 0.001 0.019 0.007 0.013 0.065 0.634 
 122 C _   0.010 0.241 0.001 0.018 0.007 0.013 0.066 0.646 
 123 V _   0.009 0.229 0.001 0.016 0.006 0.012 0.067 0.660 
 124 Q _   0.009 0.215 0.001 0.014 0.006 0.012 0.068 0.675 
 125 L _   0.009 0.202 0.001 0.013 0.005 0.011 0.070 0.690 
 126 N _   0.009 0.191 0.001 0.011 0.004 0.011 0.071 0.702 
 127 Q _   0.008 0.182 0.001 0.010 0.004 0.011 0.072 0.713 
 128 Y _   0.008 0.175 0.000 0.008 0.004 0.011 0.073 0.721 
 129 K _   0.008 0.171 0.000 0.008 0.003 0.011 0.074 0.725 
 130 L _   0.007 0.170 0.000 0.008 0.003 0.011 0.074 0.726 
 131 Q _   0.008 0.171 0.000 0.008 0.004 0.012 0.074 0.723 
 132 S _   0.008 0.176 0.001 0.009 0.004 0.013 0.074 0.715 
 133 E _   0.009 0.184 0.001 0.011 0.005 0.014 0.074 0.702 
 134 I _   0.010 0.197 0.001 0.014 0.007 0.016 0.073 0.682 
 135 G _   0.011 0.216 0.001 0.019 0.009 0.017 0.073 0.655 
 136 K _   0.011 0.237 0.001 0.025 0.011 0.019 0.072 0.624 
 137 G _   0.012 0.258 0.001 0.032 0.013 0.019 0.072 0.593 
 138 A _   0.012 0.274 0.001 0.039 0.014 0.020 0.072 0.568 
 139 Y _   0.012 0.284 0.001 0.045 0.015 0.020 0.073 0.551 
 140 G _   0.012 0.288 0.001 0.048 0.015 0.020 0.074 0.542 
 141 V _   0.012 0.286 0.001 0.048 0.014 0.019 0.077 0.543 
 142 V _   0.012 0.277 0.001 0.046 0.013 0.017 0.080 0.554 
 143 R _   0.011 0.260 0.001 0.040 0.011 0.016 0.084 0.577 
 144 L _   0.011 0.231 0.001 0.032 0.010 0.014 0.089 0.611 
 145 A _   0.010 0.193 0.001 0.024 0.008 0.013 0.095 0.655 
 146 Y _   0.010 0.152 0.001 0.017 0.006 0.011 0.101 0.702 
 147 N _   0.008 0.120 0.001 0.011 0.004 0.010 0.106 0.740 
 148 E _   0.007 0.100 0.000 0.007 0.003 0.010 0.110 0.762 
 149 S _   0.007 0.091 0.000 0.005 0.002 0.009 0.113 0.772 
 150 E _   0.007 0.088 0.000 0.005 0.002 0.010 0.115 0.773 
 151 D _   0.008 0.089 0.000 0.006 0.003 0.011 0.117 0.766 
 152 R _   0.009 0.096 0.000 0.009 0.004 0.013 0.118 0.751 
 153 H _   0.010 0.107 0.001 0.014 0.006 0.015 0.119 0.729 
 154 Y _   0.010 0.124 0.001 0.020 0.007 0.016 0.120 0.700 
 155 A _   0.010 0.141 0.001 0.027 0.009 0.017 0.122 0.673 
 156 M _   0.010 0.155 0.001 0.032 0.010 0.017 0.123 0.652 
 157 K _   0.010 0.163 0.001 0.035 0.010 0.017 0.126 0.638 
 158 V _   0.010 0.166 0.001 0.036 0.010 0.017 0.128 0.632 
 159 L _   0.009 0.166 0.001 0.034 0.009 0.016 0.132 0.632 
 160 S _   0.009 0.163 0.001 0.031 0.009 0.015 0.136 0.635 
 161 K _   0.009 0.157 0.001 0.028 0.008 0.015 0.141 0.641 
 162 K _   0.010 0.148 0.001 0.026 0.007 0.014 0.148 0.647 
 163 K _   0.010 0.138 0.001 0.023 0.007 0.013 0.154 0.653 
 164 L _   0.010 0.127 0.001 0.022 0.006 0.013 0.162 0.659 
 165 L _   0.010 0.115 0.001 0.021 0.006 0.012 0.170 0.664 
 166 K _   0.010 0.103 0.001 0.020 0.006 0.012 0.179 0.670 
 167 Q _   0.010 0.090 0.001 0.019 0.005 0.011 0.188 0.677 
 168 Y _   0.010 0.076 0.001 0.017 0.005 0.010 0.197 0.685 
 169 G _   0.009 0.061 0.001 0.015 0.004 0.009 0.205 0.696 
 170 F _   0.009 0.047 0.000 0.012 0.003 0.008 0.213 0.707 
 171 P _   0.008 0.034 0.000 0.010 0.003 0.007 0.220 0.718 
 172 R _   0.007 0.024 0.000 0.007 0.002 0.006 0.226 0.727 
 173 R _   0.006 0.017 0.000 0.006 0.002 0.005 0.231 0.733 
 174 P _   0.005 0.013 0.000 0.004 0.001 0.005 0.234 0.737 
 175 P _   0.005 0.010 0.000 0.004 0.001 0.004 0.236 0.739 
 176 P _   0.004 0.009 0.000 0.004 0.001 0.004 0.237 0.740 
 177 R _   0.004 0.008 0.000 0.004 0.001 0.005 0.238 0.739 
 178 G _   0.004 0.008 0.000 0.005 0.001 0.005 0.238 0.738 
 179 S _   0.004 0.009 0.000 0.006 0.002 0.005 0.237 0.737 
 180 Q _   0.004 0.010 0.000 0.007 0.002 0.006 0.235 0.736 
 181 A _   0.004 0.011 0.000 0.008 0.002 0.006 0.233 0.735 
 182 A _   0.004 0.012 0.000 0.009 0.002 0.006 0.231 0.736 
 183 Q _   0.004 0.013 0.000 0.009 0.002 0.007 0.228 0.737 
 184 G _   0.003 0.014 0.000 0.009 0.002 0.007 0.225 0.739 
 185 G _   0.003 0.015 0.000 0.009 0.002 0.007 0.222 0.741 
 186 P _   0.004 0.016 0.000 0.008 0.002 0.008 0.219 0.743 
 187 A _   0.004 0.018 0.000 0.008 0.002 0.009 0.215 0.743 
 188 K _   0.004 0.020 0.000 0.008 0.003 0.010 0.212 0.742 
 189 Q _   0.005 0.023 0.000 0.009 0.003 0.013 0.208 0.738 
 190 L _   0.007 0.028 0.001 0.010 0.004 0.016 0.204 0.731 
 191 L _   0.009 0.035 0.001 0.012 0.006 0.020 0.199 0.718 
 192 P _   0.012 0.045 0.001 0.016 0.009 0.024 0.194 0.701 
 193 L _   0.015 0.057 0.001 0.021 0.012 0.029 0.188 0.677 
 194 E _   0.018 0.072 0.001 0.027 0.016 0.033 0.183 0.650 
 195 R _   0.021 0.085 0.001 0.033 0.020 0.037 0.178 0.624 
 196 V _   0.023 0.096 0.002 0.040 0.024 0.039 0.173 0.602 
 197 Y _   0.026 0.104 0.002 0.045 0.026 0.041 0.170 0.588 
 198 Q _   0.027 0.108 0.002 0.048 0.027 0.041 0.168 0.581 
 199 E _   0.028 0.108 0.002 0.048 0.026 0.040 0.166 0.582 
 200 I _   0.029 0.104 0.002 0.045 0.024 0.038 0.166 0.592 
 201 A _   0.030 0.096 0.002 0.039 0.022 0.035 0.166 0.610 
 202 I _   0.030 0.084 0.002 0.032 0.019 0.032 0.167 0.635 
 203 L _   0.029 0.067 0.001 0.024 0.015 0.029 0.169 0.666 
 204 K _   0.028 0.049 0.001 0.017 0.012 0.027 0.170 0.696 
 205 K _   0.026 0.034 0.001 0.011 0.009 0.024 0.172 0.722 
 206 L _   0.025 0.025 0.001 0.008 0.007 0.023 0.173 0.739 
 207 D _   0.023 0.020 0.001 0.007 0.006 0.021 0.174 0.749 
 208 H _   0.022 0.017 0.001 0.007 0.006 0.021 0.174 0.752 
 209 V _   0.022 0.017 0.001 0.009 0.007 0.020 0.175 0.750 
 210 N _   0.022 0.018 0.001 0.012 0.008 0.020 0.175 0.744 
 211 V _   0.022 0.019 0.001 0.016 0.009 0.020 0.176 0.738 
 212 V _   0.022 0.019 0.001 0.020 0.009 0.020 0.177 0.732 
 213 K _   0.020 0.020 0.001 0.023 0.009 0.018 0.178 0.731 
 214 L _   0.018 0.018 0.001 0.022 0.009 0.017 0.179 0.736 
 215 I _   0.016 0.016 0.001 0.020 0.007 0.015 0.181 0.745 
 216 E _   0.013 0.013 0.001 0.015 0.006 0.013 0.183 0.757 
 217 V _   0.011 0.009 0.001 0.011 0.004 0.011 0.184 0.770 
 218 L _   0.009 0.005 0.000 0.007 0.003 0.009 0.184 0.782 
 219 D _   0.008 0.003 0.000 0.004 0.002 0.008 0.185 0.790 
 220 D _   0.007 0.002 0.000 0.002 0.002 0.008 0.184 0.794 
 221 P _   0.008 0.002 0.000 0.002 0.002 0.009 0.184 0.794 
 222 A _   0.009 0.002 0.000 0.002 0.002 0.011 0.182 0.791 
 223 E _   0.012 0.004 0.000 0.004 0.003 0.014 0.181 0.781 
 224 D _   0.016 0.011 0.001 0.007 0.006 0.019 0.178 0.762 
 225 N _   0.020 0.026 0.001 0.013 0.010 0.025 0.175 0.730 
 226 L _   0.024 0.050 0.001 0.022 0.015 0.030 0.171 0.687 
 227 Y _   0.027 0.078 0.002 0.031 0.019 0.034 0.167 0.642 
 228 L _   0.028 0.103 0.002 0.040 0.023 0.036 0.163 0.604 
 229 V _   0.029 0.121 0.002 0.047 0.025 0.037 0.161 0.579 
 230 F _   0.030 0.132 0.002 0.050 0.026 0.037 0.159 0.565 
 231 D _   0.030 0.136 0.002 0.051 0.026 0.036 0.158 0.561 
 232 L _   0.030 0.137 0.002 0.049 0.024 0.034 0.159 0.564 
 233 L _   0.030 0.133 0.002 0.045 0.022 0.032 0.160 0.576 
 234 R _   0.028 0.126 0.002 0.041 0.020 0.029 0.162 0.592 
 235 K _   0.027 0.115 0.001 0.036 0.017 0.026 0.165 0.613 
 236 G _   0.025 0.101 0.001 0.031 0.014 0.023 0.169 0.637 
 237 P _   0.023 0.084 0.001 0.026 0.011 0.020 0.173 0.662 
 238 V _   0.021 0.068 0.001 0.021 0.009 0.018 0.177 0.686 
 239 M _   0.018 0.051 0.001 0.017 0.007 0.015 0.180 0.711 
 240 E _   0.015 0.036 0.001 0.013 0.005 0.013 0.183 0.734 
 241 V _   0.013 0.023 0.001 0.010 0.004 0.010 0.186 0.754 
 242 P _   0.010 0.014 0.000 0.007 0.003 0.009 0.187 0.770 
 243 C _   0.008 0.008 0.000 0.005 0.002 0.007 0.188 0.782 
 244 D _   0.007 0.005 0.000 0.003 0.002 0.006 0.188 0.789 
 245 K _   0.006 0.003 0.000 0.003 0.001 0.006 0.187 0.794 
 246 P _   0.006 0.003 0.000 0.002 0.001 0.007 0.185 0.796 
 247 F _   0.006 0.003 0.000 0.003 0.002 0.008 0.183 0.796 
 248 S _   0.007 0.004 0.000 0.004 0.002 0.011 0.180 0.793 
 249 E _   0.009 0.006 0.000 0.005 0.003 0.014 0.176 0.786 
 250 E _   0.011 0.010 0.001 0.008 0.005 0.018 0.171 0.776 
 251 Q _   0.014 0.018 0.001 0.011 0.007 0.024 0.165 0.759 
 252 A _   0.018 0.029 0.001 0.015 0.010 0.029 0.159 0.739 
 253 R _   0.022 0.041 0.001 0.019 0.014 0.035 0.152 0.716 
 254 L _   0.026 0.053 0.001 0.022 0.018 0.040 0.146 0.693 
 255 Y _   0.032 0.065 0.002 0.024 0.022 0.045 0.140 0.671 
 256 L _   0.037 0.075 0.002 0.026 0.026 0.049 0.135 0.649 
 257 R _   0.044 0.085 0.002 0.027 0.030 0.052 0.130 0.630 
 258 D _   0.050 0.093 0.002 0.029 0.033 0.054 0.126 0.614 
 259 V _   0.055 0.099 0.002 0.030 0.035 0.055 0.123 0.601 
 260 I _   0.059 0.105 0.002 0.031 0.035 0.055 0.121 0.593 
 261 L _   0.062 0.108 0.002 0.031 0.035 0.054 0.119 0.590 
 262 G _   0.063 0.109 0.002 0.030 0.033 0.051 0.118 0.593 
 263 L _   0.063 0.108 0.002 0.030 0.031 0.049 0.117 0.601 
 264 E _   0.059 0.105 0.002 0.028 0.027 0.045 0.117 0.616 
 265 Y _   0.054 0.101 0.002 0.027 0.024 0.041 0.117 0.635 
 266 L _   0.048 0.094 0.001 0.025 0.020 0.036 0.118 0.657 
 267 H _   0.042 0.087 0.001 0.023 0.017 0.032 0.119 0.680 
 268 C _   0.036 0.079 0.001 0.021 0.014 0.028 0.120 0.702 
 269 Q _   0.030 0.072 0.001 0.019 0.011 0.024 0.121 0.723 
 270 K _   0.025 0.064 0.001 0.017 0.009 0.021 0.122 0.743 
 271 I _   0.020 0.056 0.001 0.015 0.007 0.018 0.123 0.761 
 272 V _   0.017 0.049 0.001 0.013 0.006 0.015 0.124 0.777 
 273 H _   0.014 0.043 0.001 0.012 0.005 0.013 0.124 0.790 
 274 R _   0.011 0.038 0.001 0.010 0.004 0.011 0.125 0.801 
 275 D _   0.010 0.034 0.000 0.009 0.003 0.010 0.125 0.810 
 276 I _   0.008 0.031 0.000 0.008 0.003 0.009 0.125 0.816 
 277 K _   0.007 0.029 0.000 0.008 0.003 0.008 0.125 0.821 
 278 P _   0.007 0.028 0.000 0.007 0.003 0.007 0.125 0.824 
 279 S _   0.006 0.027 0.000 0.007 0.003 0.007 0.124 0.825 
 280 N _   0.006 0.028 0.000 0.007 0.003 0.007 0.123 0.826 
 281 L _   0.006 0.028 0.000 0.008 0.002 0.007 0.123 0.826 
 282 L _   0.005 0.030 0.000 0.008 0.002 0.007 0.121 0.826 
 283 L _   0.005 0.032 0.000 0.008 0.002 0.007 0.120 0.826 
 284 G _   0.005 0.035 0.000 0.008 0.003 0.008 0.118 0.824 
 285 D _   0.005 0.039 0.000 0.009 0.003 0.008 0.116 0.820 
 286 D _   0.006 0.045 0.000 0.010 0.003 0.009 0.113 0.813 
 287 G _   0.006 0.053 0.001 0.012 0.004 0.011 0.111 0.802 
 288 H _   0.007 0.065 0.001 0.015 0.005 0.012 0.108 0.786 
 289 V _   0.008 0.080 0.001 0.020 0.007 0.014 0.105 0.765 
 290 K _   0.009 0.096 0.001 0.026 0.008 0.015 0.102 0.742 
 291 I _   0.009 0.111 0.001 0.033 0.010 0.016 0.100 0.720 
 292 A _   0.010 0.123 0.001 0.038 0.011 0.017 0.098 0.703 
 293 D _   0.010 0.130 0.001 0.042 0.011 0.017 0.097 0.693 
 294 F _   0.010 0.133 0.001 0.043 0.011 0.016 0.096 0.691 
 295 G _   0.009 0.131 0.001 0.041 0.010 0.015 0.096 0.696 
 296 V _   0.009 0.126 0.001 0.036 0.009 0.014 0.097 0.708 
 297 S _   0.009 0.117 0.001 0.030 0.007 0.013 0.098 0.726 
 298 N _   0.008 0.104 0.001 0.023 0.006 0.011 0.100 0.747 
 299 Q _   0.008 0.089 0.001 0.017 0.005 0.010 0.101 0.770 
 300 F _   0.007 0.075 0.000 0.011 0.003 0.009 0.102 0.791 
 301 E _   0.006 0.066 0.000 0.008 0.003 0.008 0.103 0.806 
 302 G _   0.005 0.060 0.000 0.006 0.002 0.008 0.103 0.815 
 303 N _   0.005 0.058 0.000 0.005 0.002 0.008 0.103 0.819 
 304 D _   0.006 0.059 0.000 0.005 0.002 0.009 0.102 0.818 
 305 A _   0.006 0.063 0.000 0.006 0.003 0.010 0.100 0.811 
 306 Q _   0.008 0.072 0.000 0.009 0.004 0.013 0.098 0.796 
 307 L _   0.009 0.091 0.001 0.013 0.006 0.016 0.095 0.770 
 308 S _   0.010 0.123 0.001 0.019 0.009 0.019 0.090 0.729 
 309 S _   0.011 0.167 0.001 0.028 0.012 0.022 0.085 0.674 
 310 T _   0.011 0.219 0.002 0.036 0.015 0.023 0.080 0.613 
 311 A _   0.011 0.270 0.002 0.045 0.017 0.024 0.076 0.555 
 312 G _   0.011 0.308 0.002 0.053 0.018 0.024 0.072 0.511 
 313 T _   0.012 0.333 0.001 0.059 0.018 0.024 0.070 0.482 
 314 P _   0.012 0.346 0.001 0.063 0.018 0.024 0.069 0.466 
 315 A _   0.012 0.351 0.001 0.065 0.018 0.023 0.069 0.462 
 316 F _   0.012 0.347 0.001 0.063 0.017 0.022 0.069 0.468 
 317 M _   0.013 0.336 0.001 0.059 0.016 0.020 0.071 0.485 
 318 A _   0.013 0.312 0.001 0.052 0.014 0.018 0.073 0.515 
 319 P _   0.013 0.273 0.002 0.044 0.013 0.017 0.077 0.563 
 320 E _   0.013 0.217 0.001 0.035 0.011 0.015 0.081 0.626 
 321 A _   0.012 0.156 0.001 0.027 0.009 0.014 0.086 0.696 
 322 I _   0.011 0.099 0.001 0.019 0.007 0.012 0.090 0.760 
 323 S _   0.010 0.057 0.001 0.013 0.005 0.011 0.094 0.810 
 324 D _   0.008 0.030 0.000 0.009 0.003 0.009 0.096 0.845 
 325 S _   0.007 0.015 0.000 0.006 0.002 0.008 0.097 0.865 
 326 G _   0.006 0.007 0.000 0.004 0.002 0.008 0.097 0.875 
 327 Q _   0.006 0.003 0.000 0.003 0.002 0.008 0.097 0.880 
 328 S _   0.008 0.002 0.000 0.003 0.002 0.008 0.096 0.881 
 329 F _   0.011 0.001 0.000 0.003 0.002 0.010 0.095 0.878 
 330 S _   0.017 0.001 0.000 0.004 0.003 0.013 0.093 0.870 
 331 G _   0.029 0.000 0.000 0.004 0.004 0.017 0.090 0.856 
 332 K _   0.049 0.000 0.001 0.005 0.006 0.022 0.087 0.831 
 333 A _   0.079 0.000 0.001 0.006 0.009 0.028 0.082 0.795 
 334 L _   0.122 0.000 0.001 0.006 0.013 0.035 0.078 0.743 
 335 D _   0.176 0.000 0.001 0.006 0.020 0.043 0.073 0.680 
 336 V _   0.237 0.000 0.002 0.006 0.028 0.050 0.069 0.608 
 337 W _   0.304 0.000 0.002 0.006 0.037 0.055 0.065 0.531 
 338 A _   0.364 0.000 0.002 0.006 0.046 0.059 0.062 0.460 
 339 T H   0.417 0.001 0.002 0.006 0.054 0.061 0.060 0.399 
 340 G H   0.458 0.001 0.002 0.006 0.060 0.061 0.059 0.351 
 341 V H   0.487 0.001 0.002 0.007 0.063 0.060 0.060 0.319 
 342 T H   0.502 0.002 0.003 0.008 0.064 0.057 0.061 0.304 
 343 L H   0.502 0.002 0.003 0.009 0.062 0.054 0.064 0.305 
 344 Y H   0.489 0.002 0.003 0.010 0.057 0.050 0.067 0.322 
 345 C H   0.463 0.002 0.003 0.010 0.050 0.046 0.072 0.355 
 346 F H   0.422 0.001 0.002 0.009 0.041 0.042 0.078 0.405 
 347 V _   0.369 0.001 0.002 0.007 0.031 0.038 0.085 0.468 
 348 Y _   0.310 0.000 0.002 0.005 0.022 0.033 0.092 0.536 
 349 G _   0.253 0.000 0.001 0.004 0.015 0.030 0.099 0.598 
 350 K _   0.203 0.000 0.001 0.003 0.010 0.028 0.105 0.649 
 351 C _   0.164 0.000 0.001 0.002 0.008 0.028 0.111 0.685 
 352 P _   0.136 0.000 0.001 0.003 0.008 0.028 0.117 0.707 
 353 F _   0.115 0.001 0.001 0.005 0.009 0.030 0.123 0.716 
 354 I _   0.100 0.004 0.001 0.009 0.012 0.032 0.129 0.714 
 355 D _   0.088 0.010 0.001 0.016 0.016 0.034 0.135 0.701 
 356 D _   0.077 0.018 0.002 0.026 0.019 0.035 0.141 0.682 
 357 F _   0.068 0.026 0.002 0.036 0.022 0.035 0.149 0.663 
 358 I _   0.059 0.032 0.002 0.044 0.022 0.034 0.157 0.651 
 359 L _   0.050 0.035 0.002 0.047 0.021 0.031 0.166 0.647 
 360 A _   0.041 0.035 0.002 0.046 0.019 0.028 0.177 0.652 
 361 L _   0.034 0.033 0.001 0.041 0.016 0.025 0.188 0.662 
 362 H _   0.028 0.028 0.001 0.033 0.012 0.021 0.201 0.676 
 363 R _   0.023 0.022 0.001 0.024 0.009 0.017 0.213 0.691 
 364 K _   0.018 0.015 0.001 0.017 0.006 0.014 0.226 0.703 
 365 I _   0.015 0.010 0.001 0.011 0.004 0.011 0.237 0.711 
 366 K _   0.012 0.006 0.000 0.008 0.003 0.009 0.247 0.715 
 367 N _   0.010 0.004 0.000 0.006 0.002 0.007 0.255 0.716 
 368 E _   0.008 0.003 0.000 0.005 0.002 0.006 0.261 0.715 
 369 P _   0.007 0.002 0.000 0.004 0.002 0.005 0.266 0.713 
 370 V _   0.006 0.002 0.000 0.004 0.001 0.005 0.270 0.711 
 371 V _   0.006 0.002 0.000 0.004 0.001 0.005 0.273 0.709 
 372 F _   0.005 0.002 0.000 0.003 0.001 0.005 0.275 0.708 
 373 P _   0.005 0.002 0.000 0.003 0.001 0.005 0.276 0.707 
 374 E _   0.005 0.003 0.000 0.004 0.001 0.005 0.277 0.705 
 375 E _   0.005 0.004 0.000 0.004 0.002 0.006 0.276 0.702 
 376 P _   0.005 0.007 0.000 0.005 0.002 0.007 0.275 0.698 
 377 E _   0.006 0.012 0.000 0.007 0.003 0.009 0.273 0.690 
 378 I _   0.006 0.020 0.000 0.010 0.004 0.011 0.271 0.677 
 379 S _   0.007 0.033 0.001 0.015 0.005 0.013 0.268 0.658 
 380 E _   0.007 0.050 0.001 0.022 0.007 0.015 0.264 0.634 
 381 E _   0.008 0.068 0.001 0.029 0.009 0.016 0.261 0.607 
 382 L _   0.008 0.084 0.001 0.037 0.010 0.017 0.258 0.584 
 383 K _   0.008 0.095 0.001 0.044 0.011 0.018 0.257 0.566 
 384 D _   0.008 0.102 0.001 0.047 0.012 0.017 0.257 0.556 
 385 L _   0.009 0.104 0.001 0.048 0.011 0.017 0.258 0.553 
 386 I _   0.009 0.102 0.001 0.045 0.011 0.016 0.260 0.556 
 387 L _   0.008 0.097 0.001 0.040 0.010 0.015 0.263 0.566 
 388 K _   0.008 0.087 0.001 0.033 0.008 0.013 0.268 0.581 
 389 M _   0.008 0.073 0.001 0.026 0.007 0.012 0.273 0.601 
 390 L _   0.008 0.057 0.001 0.019 0.005 0.010 0.279 0.622 
 391 D _   0.007 0.042 0.001 0.013 0.004 0.009 0.284 0.640 
 392 K _   0.007 0.030 0.000 0.009 0.003 0.008 0.289 0.653 
 393 N _   0.006 0.023 0.000 0.007 0.002 0.007 0.293 0.662 
 394 P _   0.006 0.018 0.000 0.005 0.002 0.007 0.296 0.665 
 395 E _   0.006 0.016 0.000 0.005 0.002 0.007 0.298 0.666 
 396 T _   0.006 0.015 0.000 0.005 0.002 0.007 0.300 0.665 
 397 R _   0.006 0.015 0.000 0.006 0.002 0.007 0.301 0.662 
 398 I _   0.006 0.016 0.000 0.007 0.003 0.008 0.302 0.658 
 399 G _   0.006 0.017 0.000 0.009 0.003 0.009 0.303 0.652 
 400 V _   0.007 0.019 0.000 0.012 0.004 0.010 0.303 0.645 
 401 P _   0.007 0.021 0.001 0.015 0.005 0.010 0.304 0.638 
 402 D _   0.007 0.023 0.001 0.017 0.005 0.011 0.305 0.631 
 403 I _   0.008 0.024 0.001 0.020 0.006 0.011 0.307 0.625 
 404 K _   0.008 0.025 0.001 0.021 0.006 0.011 0.309 0.621 
 405 L _   0.008 0.024 0.001 0.021 0.006 0.011 0.311 0.619 
 406 H _   0.007 0.023 0.001 0.021 0.005 0.010 0.314 0.619 
 407 P _   0.007 0.021 0.001 0.019 0.005 0.009 0.318 0.620 
 408 W _   0.007 0.019 0.000 0.016 0.004 0.008 0.322 0.624 
 409 V _   0.006 0.015 0.000 0.014 0.003 0.007 0.326 0.628 
 410 T _   0.006 0.012 0.000 0.011 0.003 0.006 0.329 0.634 
 411 K _   0.005 0.009 0.000 0.008 0.002 0.005 0.332 0.639 
 412 N _   0.004 0.006 0.000 0.006 0.002 0.005 0.334 0.643 
 413 G _   0.004 0.004 0.000 0.004 0.001 0.004 0.335 0.647 
 414 E _   0.004 0.003 0.000 0.003 0.001 0.004 0.335 0.650 
 415 E _   0.003 0.003 0.000 0.003 0.001 0.003 0.334 0.652 
 416 P _   0.003 0.002 0.000 0.003 0.001 0.004 0.332 0.655 
 417 L _   0.003 0.003 0.000 0.003 0.001 0.004 0.330 0.656 
 418 P _   0.003 0.003 0.000 0.004 0.001 0.005 0.326 0.657 
 419 S _   0.004 0.005 0.000 0.005 0.002 0.007 0.321 0.656 
 420 E _   0.005 0.009 0.000 0.008 0.003 0.009 0.314 0.653 
 421 E _   0.005 0.015 0.000 0.012 0.004 0.011 0.307 0.645 
 422 E _   0.006 0.024 0.001 0.019 0.006 0.014 0.298 0.632 
 423 H _   0.007 0.034 0.001 0.027 0.008 0.017 0.288 0.618 
 424 C _   0.007 0.044 0.001 0.036 0.010 0.019 0.279 0.604 
 425 S _   0.008 0.051 0.001 0.043 0.012 0.020 0.271 0.594 
 426 V _   0.008 0.056 0.001 0.048 0.013 0.021 0.264 0.588 
 427 V _   0.009 0.057 0.001 0.050 0.013 0.021 0.259 0.589 
 428 E _   0.009 0.056 0.001 0.048 0.013 0.021 0.255 0.596 
 429 V _   0.010 0.052 0.001 0.043 0.012 0.020 0.252 0.610 
 430 T _   0.011 0.045 0.001 0.035 0.011 0.019 0.250 0.628 
 431 E _   0.012 0.034 0.001 0.026 0.009 0.018 0.249 0.650 
 432 E _   0.015 0.022 0.001 0.018 0.007 0.018 0.247 0.671 
 433 E _   0.020 0.012 0.001 0.011 0.006 0.017 0.246 0.687 
 434 V _   0.027 0.005 0.001 0.007 0.005 0.017 0.244 0.694 
 435 K _   0.037 0.002 0.001 0.004 0.004 0.018 0.242 0.691 
 436 N _   0.055 0.001 0.001 0.003 0.005 0.019 0.239 0.678 
 437 S _   0.082 0.000 0.001 0.002 0.005 0.021 0.236 0.652 
 438 V _   0.120 0.000 0.001 0.002 0.007 0.025 0.233 0.613 
 439 R _   0.169 0.000 0.001 0.002 0.010 0.029 0.229 0.560 
 440 L _   0.225 0.000 0.001 0.003 0.015 0.034 0.226 0.497 
 441 I _   0.286 0.000 0.001 0.003 0.021 0.038 0.223 0.428 
 442 P _   0.343 0.000 0.002 0.003 0.029 0.042 0.221 0.360 
 443 S H   0.393 0.000 0.002 0.004 0.036 0.045 0.221 0.299 
 444 W H   0.431 0.001 0.002 0.004 0.043 0.047 0.222 0.250 
 445 T H   0.458 0.001 0.002 0.005 0.049 0.047 0.226 0.213 
 446 T H   0.471 0.002 0.002 0.006 0.053 0.046 0.232 0.187 
 447 V H   0.474 0.002 0.002 0.008 0.056 0.045 0.241 0.172 
 448 I H   0.464 0.003 0.003 0.010 0.056 0.043 0.254 0.169 
 449 L H   0.441 0.004 0.003 0.013 0.053 0.040 0.270 0.176 
 450 V H   0.407 0.004 0.003 0.014 0.049 0.037 0.292 0.194 
 451 K H   0.361 0.004 0.003 0.016 0.043 0.034 0.319 0.221 
 452 S X   0.305 0.004 0.003 0.016 0.034 0.030 0.352 0.257 
 453 M X   0.243 0.003 0.002 0.015 0.025 0.025 0.389 0.297 
 454 L X   0.183 0.002 0.002 0.012 0.017 0.021 0.427 0.336 
 455 R X   0.130 0.001 0.001 0.010 0.011 0.016 0.464 0.367 
 456 K X   0.087 0.001 0.001 0.007 0.007 0.013 0.496 0.390 
 457 R X   0.055 0.000 0.001 0.005 0.004 0.009 0.522 0.403 
 458 S X   0.034 0.000 0.000 0.004 0.003 0.007 0.542 0.409 
 459 F X   0.021 0.000 0.000 0.003 0.002 0.006 0.558 0.410 
 460 G X   0.013 0.000 0.000 0.003 0.001 0.005 0.571 0.407 
 461 N X   0.008 0.000 0.000 0.003 0.001 0.004 0.581 0.402 
 462 P X   0.006 0.001 0.000 0.003 0.001 0.004 0.590 0.396 
 463 F X   0.005 0.001 0.000 0.003 0.001 0.004 0.597 0.390 
 464 E X   0.004 0.001 0.000 0.004 0.001 0.004 0.603 0.383 
 465 P X   0.003 0.002 0.000 0.004 0.001 0.004 0.608 0.377 
 466 Q X   0.003 0.003 0.000 0.005 0.001 0.004 0.613 0.371 
 467 A X   0.003 0.004 0.000 0.006 0.002 0.004 0.617 0.366 
 468 R X   0.002 0.005 0.000 0.006 0.002 0.004 0.620 0.360 
 469 R X   0.002 0.006 0.000 0.007 0.002 0.004 0.624 0.355 
 470 E X   0.002 0.008 0.000 0.007 0.002 0.004 0.628 0.349 
 471 E X   0.002 0.009 0.000 0.007 0.002 0.004 0.632 0.343 
 472 R X   0.002 0.010 0.000 0.007 0.002 0.005 0.635 0.338 
 473 S X   0.002 0.012 0.000 0.008 0.002 0.005 0.640 0.332 
 474 M X   0.002 0.014 0.000 0.008 0.002 0.005 0.644 0.325 
 475 S X   0.002 0.015 0.000 0.009 0.002 0.005 0.648 0.318 
 476 A X   0.002 0.017 0.000 0.010 0.003 0.006 0.653 0.309 
 477 P X   0.003 0.019 0.000 0.011 0.003 0.006 0.658 0.299 
 478 G X   0.003 0.022 0.000 0.013 0.003 0.007 0.663 0.288 
 479 N X   0.003 0.024 0.000 0.016 0.004 0.007 0.670 0.276 
 480 L X   0.003 0.025 0.000 0.018 0.004 0.008 0.677 0.264 
 481 L X   0.004 0.026 0.000 0.020 0.005 0.008 0.685 0.252 
 482 V X   0.004 0.026 0.001 0.021 0.005 0.008 0.695 0.240 
 483 K X   0.004 0.026 0.001 0.021 0.005 0.008 0.707 0.229 
 484 E X   0.004 0.024 0.001 0.020 0.005 0.007 0.720 0.220 
 485 G X   0.004 0.022 0.001 0.018 0.004 0.007 0.735 0.211 
 486 F X   0.003 0.019 0.000 0.014 0.003 0.006 0.751 0.203 
 487 G X   0.003 0.015 0.000 0.011 0.003 0.005 0.767 0.196 
 488 E X   0.003 0.012 0.000 0.008 0.002 0.004 0.782 0.188 
 489 G X   0.002 0.009 0.000 0.006 0.002 0.004 0.796 0.181 
 490 G X   0.002 0.006 0.000 0.004 0.001 0.003 0.808 0.174 
 491 K X   0.002 0.005 0.000 0.003 0.001 0.003 0.819 0.167 
 492 S X   0.002 0.004 0.000 0.003 0.001 0.003 0.827 0.161 
 493 P X   0.002 0.003 0.000 0.003 0.001 0.002 0.835 0.154 
 494 E X   0.002 0.003 0.000 0.003 0.001 0.002 0.841 0.147 
 495 L X   0.002 0.003 0.000 0.003 0.001 0.002 0.847 0.141 
 496 P X   0.001 0.003 0.000 0.004 0.001 0.002 0.852 0.136 
 497 G X   0.001 0.003 0.000 0.004 0.001 0.002 0.856 0.132 
 498 V X   0.001 0.003 0.000 0.004 0.001 0.002 0.859 0.129 
 499 Q X   0.001 0.003 0.000 0.004 0.001 0.002 0.863 0.126 
 500 E X   0.001 0.003 0.000 0.004 0.001 0.001 0.866 0.124 
 501 D X   0.000 0.003 0.000 0.003 0.000 0.001 0.869 0.123 
 502 E X   0.000 0.002 0.000 0.002 0.000 0.000 0.872 0.123 
 503 A X   0.000 0.002 0.000 0.002 0.000 0.000 0.871 0.125 
 504 A X   0.000 0.002 0.000 0.002 0.000 0.000 0.867 0.129 
 505 S X   0.001 0.002 0.001 0.009 0.002 0.002 0.850 0.133 
