#TopoPred_TM8: 8-state transmembrane topology prediction results by no_profile mode 
#probabilities are in the order of H E C I L F X _, the 8 transmembrane topology types used in PDBTM 
   1 M X   0.016 0.002 0.002 0.055 0.010 0.011 0.593 0.312 
   2 S X   0.005 0.001 0.000 0.032 0.002 0.005 0.606 0.349 
   3 G X   0.001 0.001 0.000 0.020 0.001 0.004 0.607 0.367 
   4 P X   0.001 0.002 0.000 0.017 0.001 0.005 0.600 0.374 
   5 V X   0.002 0.005 0.000 0.020 0.002 0.008 0.587 0.376 
   6 P X   0.004 0.010 0.000 0.026 0.004 0.013 0.567 0.375 
   7 S X   0.006 0.021 0.001 0.035 0.006 0.017 0.545 0.371 
   8 R X   0.007 0.035 0.001 0.046 0.008 0.020 0.517 0.366 
   9 A X   0.008 0.049 0.001 0.056 0.010 0.021 0.491 0.364 
  10 R X   0.007 0.061 0.001 0.063 0.011 0.021 0.467 0.368 
  11 V X   0.007 0.067 0.001 0.065 0.012 0.020 0.448 0.380 
  12 Y X   0.006 0.070 0.001 0.061 0.011 0.019 0.432 0.399 
  13 T _   0.006 0.070 0.001 0.054 0.010 0.017 0.420 0.422 
  14 D _   0.006 0.067 0.001 0.044 0.009 0.015 0.411 0.448 
  15 V _   0.006 0.062 0.001 0.033 0.007 0.013 0.403 0.475 
  16 N _   0.006 0.056 0.001 0.024 0.006 0.012 0.396 0.500 
  17 T _   0.005 0.050 0.001 0.018 0.004 0.011 0.389 0.523 
  18 H _   0.005 0.045 0.000 0.013 0.003 0.010 0.382 0.542 
  19 R _   0.005 0.041 0.000 0.010 0.003 0.009 0.375 0.557 
  20 P _   0.005 0.039 0.000 0.008 0.003 0.008 0.368 0.569 
  21 R _   0.005 0.038 0.000 0.007 0.003 0.008 0.360 0.579 
  22 E _   0.005 0.038 0.000 0.008 0.003 0.009 0.350 0.587 
  23 Y _   0.005 0.039 0.000 0.009 0.003 0.009 0.340 0.594 
  24 W _   0.005 0.042 0.001 0.011 0.004 0.010 0.329 0.598 
  25 D _   0.006 0.046 0.001 0.014 0.005 0.011 0.318 0.600 
  26 Y _   0.006 0.052 0.001 0.018 0.006 0.012 0.306 0.599 
  27 E _   0.006 0.057 0.001 0.022 0.007 0.013 0.295 0.599 
  28 S _   0.007 0.062 0.001 0.026 0.008 0.013 0.285 0.599 
  29 H _   0.007 0.065 0.001 0.029 0.008 0.013 0.276 0.602 
  30 V _   0.007 0.066 0.001 0.029 0.008 0.013 0.269 0.608 
  31 V _   0.007 0.065 0.001 0.028 0.007 0.012 0.262 0.618 
  32 E _   0.007 0.062 0.001 0.024 0.006 0.011 0.257 0.632 
  33 W _   0.006 0.058 0.001 0.020 0.005 0.010 0.252 0.648 
  34 G _   0.006 0.052 0.001 0.015 0.004 0.009 0.247 0.666 
  35 N _   0.006 0.046 0.000 0.012 0.004 0.008 0.242 0.682 
  36 Q _   0.005 0.041 0.000 0.009 0.003 0.008 0.238 0.696 
  37 D _   0.005 0.038 0.000 0.007 0.003 0.008 0.233 0.706 
  38 D _   0.005 0.036 0.000 0.007 0.003 0.008 0.228 0.713 
  39 Y _   0.005 0.036 0.000 0.008 0.003 0.008 0.223 0.717 
  40 Q _   0.006 0.037 0.000 0.009 0.003 0.009 0.217 0.719 
  41 L _   0.006 0.039 0.000 0.011 0.004 0.010 0.211 0.720 
  42 V _   0.006 0.041 0.001 0.013 0.004 0.011 0.204 0.721 
  43 R _   0.006 0.043 0.001 0.014 0.005 0.011 0.197 0.722 
  44 K _   0.006 0.046 0.001 0.015 0.005 0.012 0.190 0.725 
  45 L _   0.006 0.048 0.001 0.015 0.005 0.013 0.184 0.729 
  46 G _   0.007 0.049 0.001 0.014 0.005 0.014 0.177 0.733 
  47 R _   0.007 0.051 0.001 0.014 0.006 0.015 0.170 0.736 
  48 G _   0.008 0.053 0.001 0.015 0.007 0.017 0.164 0.736 
  49 K _   0.009 0.056 0.001 0.016 0.008 0.018 0.158 0.733 
  50 Y _   0.011 0.060 0.001 0.018 0.010 0.020 0.152 0.728 
  51 S _   0.013 0.064 0.001 0.022 0.012 0.022 0.147 0.719 
  52 E _   0.015 0.069 0.001 0.027 0.014 0.024 0.141 0.709 
  53 V _   0.016 0.073 0.001 0.031 0.015 0.025 0.137 0.701 
  54 F _   0.018 0.075 0.001 0.035 0.016 0.025 0.133 0.697 
  55 E _   0.018 0.075 0.001 0.036 0.016 0.025 0.129 0.698 
  56 A _   0.019 0.073 0.001 0.034 0.015 0.023 0.127 0.707 
  57 I _   0.019 0.068 0.001 0.031 0.014 0.022 0.124 0.722 
  58 N _   0.018 0.060 0.001 0.025 0.012 0.020 0.123 0.741 
  59 I _   0.017 0.050 0.001 0.020 0.010 0.019 0.121 0.762 
  60 T _   0.017 0.040 0.001 0.015 0.008 0.017 0.120 0.782 
  61 N _   0.016 0.032 0.001 0.012 0.007 0.016 0.119 0.799 
  62 N _   0.015 0.026 0.001 0.010 0.006 0.015 0.118 0.810 
  63 E _   0.015 0.023 0.001 0.009 0.005 0.014 0.116 0.817 
  64 K _   0.015 0.021 0.001 0.009 0.005 0.014 0.115 0.821 
  65 V _   0.014 0.020 0.001 0.010 0.005 0.013 0.114 0.823 
  66 V _   0.014 0.019 0.001 0.011 0.005 0.013 0.112 0.824 
  67 V _   0.013 0.019 0.001 0.013 0.005 0.013 0.111 0.826 
  68 K _   0.013 0.018 0.001 0.013 0.005 0.012 0.109 0.829 
  69 I _   0.012 0.018 0.001 0.013 0.005 0.011 0.108 0.833 
  70 L _   0.011 0.017 0.001 0.012 0.005 0.011 0.106 0.839 
  71 K _   0.010 0.015 0.001 0.010 0.004 0.010 0.105 0.846 
  72 P _   0.009 0.014 0.000 0.009 0.004 0.009 0.103 0.853 
  73 V _   0.008 0.013 0.000 0.007 0.003 0.008 0.101 0.859 
  74 K _   0.007 0.012 0.000 0.006 0.003 0.008 0.099 0.863 
  75 K _   0.007 0.012 0.000 0.006 0.003 0.008 0.097 0.866 
  76 K _   0.007 0.013 0.000 0.006 0.003 0.008 0.095 0.867 
  77 K _   0.007 0.015 0.000 0.007 0.003 0.009 0.093 0.865 
  78 I _   0.008 0.018 0.000 0.008 0.004 0.010 0.090 0.862 
  79 K _   0.008 0.023 0.001 0.011 0.004 0.011 0.087 0.855 
  80 R _   0.008 0.029 0.001 0.013 0.005 0.012 0.084 0.847 
  81 E _   0.009 0.036 0.001 0.016 0.006 0.013 0.081 0.839 
  82 I _   0.009 0.042 0.001 0.019 0.007 0.013 0.078 0.831 
  83 K _   0.009 0.047 0.001 0.020 0.007 0.014 0.076 0.826 
  84 I _   0.009 0.051 0.001 0.021 0.007 0.014 0.074 0.824 
  85 L _   0.009 0.053 0.001 0.020 0.007 0.014 0.072 0.824 
  86 E _   0.009 0.054 0.001 0.019 0.007 0.014 0.070 0.825 
  87 N _   0.009 0.055 0.001 0.017 0.007 0.014 0.069 0.829 
  88 L _   0.010 0.055 0.001 0.015 0.006 0.014 0.067 0.832 
  89 R _   0.010 0.055 0.001 0.014 0.006 0.015 0.066 0.834 
  90 G _   0.011 0.055 0.001 0.014 0.006 0.015 0.065 0.833 
  91 G _   0.012 0.057 0.001 0.015 0.007 0.016 0.064 0.830 
  92 P _   0.013 0.058 0.001 0.017 0.008 0.017 0.063 0.824 
  93 N _   0.014 0.061 0.001 0.020 0.009 0.018 0.062 0.816 
  94 I _   0.014 0.063 0.001 0.023 0.010 0.018 0.061 0.809 
  95 I _   0.015 0.064 0.001 0.026 0.011 0.018 0.061 0.805 
  96 T _   0.015 0.063 0.001 0.027 0.010 0.018 0.060 0.805 
  97 L _   0.014 0.061 0.001 0.027 0.010 0.017 0.060 0.810 
  98 A _   0.013 0.056 0.001 0.024 0.009 0.016 0.061 0.820 
  99 D _   0.012 0.050 0.001 0.020 0.007 0.014 0.061 0.835 
 100 I _   0.011 0.042 0.001 0.015 0.006 0.013 0.061 0.851 
 101 V _   0.010 0.035 0.001 0.011 0.005 0.012 0.062 0.866 
 102 K _   0.009 0.029 0.000 0.008 0.004 0.011 0.062 0.877 
 103 D _   0.009 0.025 0.000 0.006 0.003 0.011 0.061 0.884 
 104 P _   0.009 0.024 0.000 0.006 0.003 0.012 0.061 0.885 
 105 V _   0.010 0.024 0.000 0.007 0.004 0.013 0.060 0.882 
 106 S _   0.011 0.027 0.001 0.009 0.005 0.015 0.060 0.873 
 107 R _   0.012 0.032 0.001 0.014 0.007 0.017 0.059 0.860 
 108 T _   0.013 0.039 0.001 0.020 0.009 0.018 0.058 0.842 
 109 P _   0.014 0.046 0.001 0.028 0.011 0.020 0.057 0.824 
 110 A _   0.015 0.052 0.001 0.034 0.012 0.020 0.056 0.811 
 111 L _   0.014 0.054 0.001 0.037 0.012 0.020 0.056 0.805 
 112 V _   0.014 0.054 0.001 0.037 0.012 0.019 0.056 0.808 
 113 F _   0.013 0.052 0.001 0.033 0.010 0.017 0.056 0.817 
 114 E _   0.011 0.046 0.001 0.027 0.009 0.015 0.056 0.834 
 115 H _   0.010 0.038 0.001 0.020 0.007 0.014 0.057 0.853 
 116 V _   0.009 0.029 0.001 0.014 0.005 0.012 0.058 0.872 
 117 N _   0.008 0.021 0.000 0.010 0.004 0.011 0.058 0.887 
 118 N _   0.008 0.016 0.000 0.008 0.003 0.010 0.058 0.896 
 119 T _   0.008 0.013 0.000 0.006 0.003 0.010 0.058 0.901 
 120 D _   0.008 0.012 0.000 0.007 0.003 0.011 0.058 0.901 
 121 F _   0.009 0.012 0.000 0.008 0.004 0.012 0.058 0.899 
 122 K _   0.009 0.012 0.000 0.009 0.004 0.013 0.057 0.895 
 123 Q _   0.010 0.012 0.001 0.011 0.005 0.014 0.056 0.892 
 124 L _   0.010 0.012 0.001 0.013 0.005 0.015 0.056 0.889 
 125 Y _   0.010 0.012 0.001 0.013 0.006 0.016 0.055 0.887 
 126 Q _   0.011 0.012 0.001 0.012 0.006 0.017 0.054 0.888 
 127 T _   0.012 0.011 0.001 0.011 0.006 0.018 0.053 0.889 
 128 L _   0.013 0.011 0.001 0.009 0.006 0.020 0.052 0.889 
 129 T _   0.016 0.011 0.001 0.008 0.006 0.022 0.051 0.886 
 130 D _   0.020 0.011 0.001 0.007 0.007 0.026 0.050 0.879 
 131 Y _   0.025 0.013 0.001 0.007 0.009 0.030 0.049 0.866 
 132 D _   0.033 0.016 0.001 0.009 0.012 0.036 0.048 0.845 
 133 I _   0.041 0.024 0.001 0.012 0.018 0.042 0.046 0.815 
 134 R _   0.049 0.036 0.002 0.018 0.024 0.048 0.045 0.778 
 135 F _   0.056 0.051 0.002 0.025 0.030 0.052 0.043 0.741 
 136 Y _   0.060 0.065 0.002 0.032 0.034 0.055 0.042 0.710 
 137 M _   0.061 0.076 0.002 0.037 0.036 0.056 0.041 0.691 
 138 Y _   0.061 0.083 0.002 0.040 0.036 0.055 0.041 0.684 
 139 E _   0.059 0.086 0.002 0.039 0.034 0.053 0.041 0.688 
 140 I _   0.056 0.086 0.002 0.034 0.030 0.050 0.040 0.702 
 141 L _   0.052 0.083 0.002 0.029 0.026 0.046 0.041 0.721 
 142 K _   0.048 0.078 0.002 0.023 0.022 0.043 0.041 0.743 
 143 A _   0.044 0.073 0.001 0.018 0.019 0.040 0.041 0.764 
 144 L _   0.040 0.069 0.001 0.015 0.016 0.037 0.041 0.781 
 145 D _   0.037 0.066 0.001 0.014 0.014 0.035 0.042 0.792 
 146 Y _   0.034 0.065 0.001 0.015 0.013 0.033 0.042 0.798 
 147 C _   0.031 0.066 0.001 0.017 0.013 0.031 0.042 0.799 
 148 H _   0.029 0.067 0.001 0.021 0.013 0.029 0.043 0.798 
 149 S _   0.027 0.068 0.001 0.024 0.013 0.027 0.043 0.796 
 150 M _   0.026 0.067 0.001 0.027 0.013 0.025 0.044 0.796 
 151 G _   0.024 0.066 0.001 0.028 0.013 0.023 0.045 0.800 
 152 I _   0.022 0.062 0.001 0.027 0.011 0.021 0.046 0.810 
 153 M _   0.020 0.055 0.001 0.024 0.010 0.018 0.047 0.825 
 154 H _   0.018 0.047 0.001 0.020 0.008 0.016 0.048 0.842 
 155 R _   0.015 0.037 0.001 0.016 0.007 0.014 0.050 0.861 
 156 D _   0.013 0.027 0.001 0.012 0.005 0.012 0.051 0.879 
 157 V _   0.012 0.020 0.001 0.009 0.004 0.010 0.052 0.893 
 158 K _   0.010 0.015 0.000 0.007 0.003 0.009 0.053 0.903 
 159 P _   0.009 0.012 0.000 0.006 0.003 0.009 0.054 0.909 
 160 H _   0.008 0.010 0.000 0.005 0.002 0.008 0.054 0.911 
 161 N _   0.008 0.010 0.000 0.005 0.003 0.008 0.055 0.911 
 162 V _   0.008 0.010 0.000 0.006 0.003 0.009 0.055 0.910 
 163 M _   0.008 0.011 0.000 0.007 0.003 0.010 0.054 0.907 
 164 I _   0.008 0.012 0.000 0.008 0.003 0.010 0.054 0.904 
 165 D _   0.008 0.014 0.000 0.008 0.004 0.011 0.053 0.901 
 166 H _   0.009 0.016 0.000 0.009 0.004 0.012 0.053 0.897 
 167 E _   0.009 0.019 0.001 0.009 0.005 0.014 0.052 0.892 
 168 H _   0.010 0.023 0.001 0.010 0.005 0.016 0.051 0.885 
 169 R _   0.011 0.028 0.001 0.011 0.006 0.018 0.049 0.876 
 170 K _   0.013 0.035 0.001 0.013 0.008 0.020 0.048 0.862 
 171 L _   0.015 0.045 0.001 0.017 0.010 0.023 0.047 0.843 
 172 R _   0.017 0.057 0.001 0.022 0.013 0.025 0.045 0.819 
 173 L _   0.019 0.071 0.001 0.029 0.015 0.027 0.044 0.793 
 174 I _   0.021 0.085 0.001 0.037 0.018 0.029 0.042 0.767 
 175 D _   0.022 0.096 0.002 0.044 0.019 0.029 0.041 0.748 
 176 W _   0.023 0.102 0.001 0.048 0.020 0.029 0.040 0.737 
 177 G _   0.023 0.104 0.001 0.050 0.019 0.027 0.040 0.735 
 178 L _   0.023 0.102 0.001 0.047 0.018 0.025 0.040 0.744 
 179 A _   0.022 0.095 0.001 0.041 0.015 0.023 0.040 0.763 
 180 E _   0.020 0.083 0.001 0.033 0.013 0.020 0.041 0.790 
 181 F _   0.018 0.066 0.001 0.024 0.009 0.017 0.041 0.823 
 182 Y _   0.015 0.049 0.001 0.016 0.007 0.015 0.042 0.856 
 183 H _   0.013 0.035 0.001 0.010 0.005 0.013 0.042 0.882 
 184 P _   0.011 0.026 0.000 0.007 0.003 0.011 0.042 0.899 
 185 G _   0.010 0.022 0.000 0.005 0.003 0.010 0.042 0.908 
 186 Q _   0.009 0.021 0.000 0.004 0.003 0.010 0.041 0.911 
 187 E _   0.009 0.021 0.000 0.005 0.003 0.011 0.040 0.910 
 188 Y _   0.010 0.024 0.000 0.007 0.004 0.012 0.039 0.904 
 189 N _   0.010 0.029 0.001 0.010 0.005 0.013 0.038 0.895 
 190 V _   0.010 0.036 0.001 0.014 0.006 0.015 0.036 0.881 
 191 R _   0.011 0.045 0.001 0.018 0.008 0.016 0.034 0.867 
 192 V _   0.011 0.052 0.001 0.022 0.009 0.017 0.033 0.855 
 193 A _   0.011 0.058 0.001 0.025 0.010 0.018 0.031 0.846 
 194 S _   0.011 0.063 0.001 0.026 0.010 0.019 0.030 0.841 
 195 R _   0.011 0.065 0.001 0.026 0.010 0.019 0.028 0.840 
 196 Y _   0.011 0.066 0.001 0.025 0.010 0.019 0.027 0.841 
 197 F _   0.011 0.066 0.001 0.024 0.010 0.019 0.026 0.842 
 198 K _   0.011 0.066 0.001 0.024 0.010 0.019 0.025 0.843 
 199 G _   0.012 0.065 0.001 0.024 0.010 0.020 0.025 0.844 
 200 P _   0.013 0.064 0.001 0.025 0.010 0.020 0.024 0.844 
 201 E _   0.013 0.062 0.001 0.026 0.010 0.020 0.023 0.845 
 202 L _   0.014 0.059 0.001 0.026 0.011 0.019 0.023 0.848 
 203 L _   0.016 0.054 0.001 0.026 0.010 0.019 0.022 0.852 
 204 V _   0.017 0.047 0.001 0.024 0.010 0.018 0.022 0.861 
 205 D _   0.019 0.039 0.001 0.021 0.009 0.017 0.021 0.873 
 206 Y _   0.023 0.028 0.001 0.016 0.008 0.016 0.021 0.887 
 207 Q _   0.029 0.017 0.001 0.012 0.006 0.015 0.021 0.899 
 208 M _   0.038 0.009 0.001 0.008 0.005 0.014 0.020 0.906 
 209 Y _   0.052 0.003 0.001 0.005 0.004 0.013 0.019 0.903 
 210 D _   0.074 0.001 0.000 0.003 0.004 0.013 0.018 0.887 
 211 Y _   0.109 0.000 0.001 0.002 0.004 0.013 0.017 0.855 
 212 S _   0.165 0.000 0.001 0.001 0.005 0.015 0.015 0.798 
 213 L _   0.251 0.000 0.001 0.001 0.007 0.017 0.013 0.710 
 214 D _   0.362 0.000 0.001 0.001 0.011 0.019 0.011 0.594 
 215 M H   0.484 0.000 0.001 0.001 0.015 0.022 0.010 0.466 
 216 W H   0.593 0.000 0.001 0.002 0.020 0.024 0.008 0.352 
 217 S H   0.677 0.000 0.002 0.002 0.025 0.024 0.008 0.263 
 218 L H   0.735 0.000 0.002 0.002 0.029 0.024 0.007 0.201 
 219 G H   0.772 0.000 0.002 0.002 0.031 0.023 0.007 0.162 
 220 C H   0.792 0.000 0.002 0.003 0.033 0.022 0.008 0.140 
 221 M H   0.797 0.000 0.002 0.003 0.033 0.021 0.009 0.135 
 222 L H   0.786 0.000 0.002 0.003 0.034 0.021 0.010 0.143 
 223 A H   0.761 0.000 0.002 0.004 0.033 0.020 0.012 0.167 
 224 S H   0.718 0.001 0.002 0.004 0.032 0.020 0.015 0.208 
 225 M H   0.653 0.001 0.002 0.005 0.029 0.020 0.019 0.272 
 226 I H   0.567 0.000 0.002 0.006 0.024 0.019 0.024 0.357 
 227 F H   0.468 0.000 0.002 0.006 0.019 0.018 0.031 0.456 
 228 R _   0.367 0.000 0.002 0.007 0.015 0.017 0.038 0.554 
 229 K _   0.272 0.000 0.001 0.007 0.011 0.015 0.046 0.648 
 230 E _   0.190 0.000 0.001 0.007 0.008 0.013 0.053 0.728 
 231 P _   0.126 0.000 0.001 0.006 0.005 0.011 0.059 0.792 
 232 F _   0.079 0.000 0.001 0.005 0.004 0.009 0.063 0.840 
 233 F _   0.047 0.000 0.000 0.004 0.003 0.008 0.066 0.872 
 234 H _   0.028 0.000 0.000 0.003 0.002 0.007 0.068 0.891 
 235 G _   0.017 0.000 0.000 0.003 0.001 0.006 0.069 0.903 
 236 H _   0.012 0.001 0.000 0.002 0.001 0.007 0.070 0.907 
 237 D _   0.010 0.001 0.000 0.002 0.002 0.008 0.070 0.907 
 238 N _   0.010 0.003 0.000 0.003 0.002 0.011 0.069 0.901 
 239 Y _   0.012 0.009 0.000 0.006 0.004 0.015 0.068 0.886 
 240 D _   0.016 0.025 0.001 0.011 0.007 0.020 0.066 0.854 
 241 Q _   0.019 0.060 0.001 0.019 0.013 0.026 0.063 0.798 
 242 L _   0.022 0.120 0.002 0.031 0.019 0.032 0.060 0.715 
 243 V _   0.023 0.193 0.002 0.044 0.024 0.035 0.056 0.623 
 244 R _   0.022 0.255 0.002 0.056 0.027 0.036 0.053 0.550 
 245 I _   0.022 0.296 0.002 0.064 0.027 0.036 0.051 0.503 
 246 A _   0.021 0.320 0.002 0.068 0.027 0.035 0.049 0.478 
 247 K _   0.021 0.330 0.002 0.069 0.026 0.033 0.049 0.471 
 248 V _   0.020 0.331 0.002 0.066 0.024 0.031 0.049 0.476 
 249 L _   0.020 0.325 0.002 0.061 0.022 0.029 0.050 0.492 
 250 G _   0.019 0.309 0.002 0.053 0.020 0.026 0.052 0.520 
 251 T _   0.018 0.282 0.002 0.044 0.017 0.023 0.054 0.560 
 252 E _   0.017 0.245 0.002 0.036 0.014 0.021 0.057 0.609 
 253 D _   0.016 0.204 0.001 0.028 0.011 0.018 0.060 0.661 
 254 L _   0.015 0.162 0.001 0.022 0.008 0.016 0.063 0.712 
 255 Y _   0.013 0.128 0.001 0.017 0.006 0.014 0.065 0.755 
 256 D _   0.011 0.103 0.001 0.013 0.005 0.012 0.067 0.788 
 257 Y _   0.010 0.085 0.001 0.010 0.004 0.011 0.069 0.811 
 258 I _   0.009 0.074 0.000 0.009 0.003 0.010 0.070 0.825 
 259 D _   0.008 0.067 0.000 0.008 0.003 0.009 0.070 0.835 
 260 K _   0.007 0.062 0.000 0.008 0.003 0.008 0.071 0.841 
 261 Y _   0.007 0.060 0.000 0.008 0.003 0.008 0.070 0.845 
 262 N _   0.006 0.058 0.000 0.008 0.003 0.008 0.070 0.847 
 263 I _   0.006 0.058 0.000 0.008 0.003 0.008 0.069 0.847 
 264 E _   0.006 0.059 0.000 0.009 0.003 0.008 0.068 0.846 
 265 L _   0.006 0.061 0.000 0.010 0.003 0.008 0.067 0.845 
 266 D _   0.006 0.063 0.000 0.011 0.003 0.008 0.066 0.842 
 267 P _   0.006 0.065 0.000 0.012 0.004 0.009 0.065 0.839 
 268 R _   0.006 0.068 0.000 0.013 0.004 0.009 0.064 0.836 
 269 F _   0.006 0.071 0.000 0.013 0.004 0.009 0.063 0.833 
 270 N _   0.006 0.074 0.000 0.014 0.004 0.009 0.062 0.830 
 271 D _   0.006 0.077 0.001 0.014 0.004 0.009 0.061 0.828 
 272 I _   0.006 0.080 0.000 0.014 0.004 0.010 0.060 0.827 
 273 L _   0.006 0.082 0.000 0.013 0.004 0.010 0.059 0.825 
 274 G _   0.006 0.085 0.000 0.013 0.004 0.010 0.058 0.824 
 275 R _   0.006 0.087 0.000 0.012 0.004 0.010 0.057 0.823 
 276 H _   0.006 0.090 0.001 0.013 0.004 0.011 0.055 0.820 
 277 S _   0.007 0.094 0.001 0.013 0.005 0.011 0.054 0.816 
 278 R _   0.007 0.098 0.001 0.014 0.005 0.012 0.053 0.810 
 279 K _   0.007 0.103 0.001 0.016 0.006 0.012 0.052 0.803 
 280 R _   0.008 0.108 0.001 0.018 0.006 0.013 0.051 0.795 
 281 W _   0.008 0.113 0.001 0.020 0.007 0.013 0.050 0.788 
 282 E _   0.008 0.117 0.001 0.021 0.007 0.013 0.050 0.784 
 283 R _   0.008 0.118 0.001 0.021 0.007 0.013 0.049 0.783 
 284 F _   0.008 0.119 0.001 0.020 0.006 0.012 0.049 0.785 
 285 V _   0.008 0.117 0.001 0.018 0.006 0.012 0.049 0.790 
 286 H _   0.007 0.114 0.001 0.016 0.005 0.011 0.049 0.796 
 287 S _   0.007 0.111 0.001 0.014 0.005 0.011 0.049 0.803 
 288 E _   0.007 0.108 0.001 0.012 0.004 0.011 0.049 0.808 
 289 N _   0.008 0.106 0.001 0.011 0.004 0.011 0.049 0.812 
 290 Q _   0.008 0.105 0.000 0.010 0.004 0.011 0.048 0.813 
 291 H _   0.008 0.105 0.001 0.010 0.004 0.011 0.048 0.811 
 292 L _   0.009 0.107 0.001 0.011 0.005 0.012 0.048 0.807 
 293 V _   0.009 0.110 0.001 0.013 0.005 0.013 0.048 0.801 
 294 S _   0.010 0.114 0.001 0.015 0.006 0.013 0.048 0.794 
 295 P _   0.010 0.117 0.001 0.017 0.007 0.014 0.047 0.787 
 296 E _   0.011 0.121 0.001 0.019 0.007 0.015 0.047 0.780 
 297 A _   0.011 0.122 0.001 0.020 0.008 0.015 0.047 0.776 
 298 L _   0.012 0.123 0.001 0.021 0.008 0.015 0.047 0.774 
 299 D _   0.012 0.122 0.001 0.020 0.008 0.015 0.048 0.775 
 300 F _   0.012 0.119 0.001 0.020 0.007 0.014 0.048 0.779 
 301 L _   0.012 0.114 0.001 0.018 0.007 0.014 0.049 0.786 
 302 D _   0.011 0.109 0.001 0.016 0.006 0.013 0.050 0.794 
 303 K _   0.011 0.103 0.001 0.014 0.005 0.012 0.051 0.803 
 304 L _   0.011 0.096 0.001 0.012 0.005 0.012 0.051 0.813 
 305 L _   0.010 0.091 0.001 0.010 0.004 0.011 0.052 0.821 
 306 R _   0.010 0.087 0.000 0.008 0.004 0.011 0.053 0.828 
 307 Y _   0.009 0.084 0.000 0.007 0.003 0.011 0.053 0.832 
 308 D _   0.009 0.084 0.000 0.007 0.003 0.011 0.053 0.833 
 309 H _   0.009 0.086 0.000 0.007 0.003 0.012 0.052 0.830 
 310 Q _   0.010 0.091 0.000 0.008 0.004 0.013 0.052 0.823 
 311 S _   0.010 0.099 0.001 0.009 0.005 0.014 0.051 0.811 
 312 R _   0.011 0.113 0.001 0.012 0.006 0.015 0.050 0.792 
 313 L _   0.012 0.132 0.001 0.015 0.008 0.017 0.048 0.768 
 314 T _   0.012 0.156 0.001 0.018 0.009 0.018 0.047 0.740 
 315 A _   0.012 0.181 0.001 0.020 0.010 0.018 0.045 0.713 
 316 R _   0.012 0.204 0.001 0.022 0.010 0.018 0.044 0.688 
 317 E _   0.012 0.224 0.001 0.023 0.010 0.018 0.043 0.668 
 318 A _   0.012 0.241 0.001 0.022 0.010 0.018 0.042 0.654 
 319 M _   0.012 0.254 0.001 0.022 0.010 0.017 0.041 0.643 
 320 E _   0.012 0.263 0.001 0.020 0.009 0.017 0.041 0.636 
 321 H _   0.012 0.271 0.001 0.019 0.009 0.017 0.041 0.631 
 322 P _   0.012 0.277 0.001 0.018 0.009 0.016 0.041 0.627 
 323 Y _   0.012 0.283 0.001 0.017 0.008 0.016 0.041 0.623 
 324 F _   0.011 0.289 0.001 0.017 0.008 0.015 0.041 0.618 
 325 Y _   0.011 0.294 0.001 0.017 0.008 0.015 0.041 0.613 
 326 T _   0.011 0.300 0.001 0.017 0.008 0.015 0.042 0.608 
 327 V _   0.010 0.306 0.001 0.018 0.007 0.014 0.042 0.602 
 328 V _   0.010 0.310 0.001 0.018 0.007 0.014 0.043 0.597 
 329 K _   0.009 0.314 0.001 0.019 0.007 0.013 0.043 0.594 
 330 D _   0.008 0.316 0.001 0.019 0.007 0.012 0.044 0.592 
 331 Q _   0.008 0.317 0.001 0.019 0.006 0.011 0.045 0.592 
 332 A _   0.007 0.317 0.001 0.019 0.006 0.011 0.046 0.594 
 333 R _   0.007 0.314 0.001 0.018 0.006 0.010 0.047 0.597 
 334 M _   0.006 0.310 0.001 0.017 0.005 0.009 0.049 0.602 
 335 G _   0.006 0.305 0.001 0.017 0.005 0.009 0.051 0.608 
 336 S _   0.006 0.298 0.001 0.016 0.005 0.008 0.052 0.614 
 337 S _   0.005 0.291 0.001 0.014 0.004 0.008 0.054 0.622 
 338 S _   0.005 0.284 0.001 0.013 0.004 0.008 0.056 0.630 
 339 M _   0.005 0.276 0.000 0.012 0.003 0.007 0.058 0.638 
 340 P _   0.004 0.269 0.000 0.010 0.003 0.007 0.060 0.645 
 341 G _   0.004 0.265 0.000 0.009 0.003 0.007 0.062 0.650 
 342 G _   0.004 0.262 0.000 0.008 0.003 0.007 0.064 0.652 
 343 S _   0.004 0.262 0.000 0.008 0.003 0.008 0.065 0.650 
 344 T _   0.005 0.265 0.000 0.009 0.003 0.009 0.066 0.644 
 345 P _   0.005 0.272 0.000 0.011 0.004 0.010 0.066 0.632 
 346 V _   0.006 0.286 0.001 0.014 0.005 0.012 0.067 0.610 
 347 S _   0.006 0.307 0.001 0.019 0.007 0.014 0.067 0.579 
 348 S _   0.007 0.334 0.001 0.025 0.009 0.015 0.067 0.540 
 349 A _   0.007 0.366 0.001 0.033 0.011 0.017 0.068 0.497 
 350 N _   0.008 0.392 0.001 0.041 0.013 0.017 0.069 0.459 
 351 M _   0.008 0.409 0.001 0.048 0.014 0.017 0.070 0.432 
 352 M E   0.008 0.417 0.001 0.053 0.014 0.017 0.073 0.417 
 353 S E   0.007 0.418 0.001 0.055 0.014 0.017 0.077 0.412 
 354 G _   0.007 0.410 0.001 0.053 0.013 0.016 0.081 0.417 
 355 I _   0.008 0.393 0.001 0.049 0.013 0.015 0.088 0.433 
 356 S _   0.008 0.363 0.001 0.043 0.012 0.014 0.097 0.462 
 357 S _   0.008 0.316 0.002 0.035 0.011 0.013 0.108 0.506 
 358 V _   0.009 0.262 0.001 0.027 0.009 0.013 0.122 0.557 
 359 P _   0.008 0.208 0.001 0.020 0.008 0.012 0.136 0.606 
 360 T _   0.008 0.167 0.001 0.014 0.006 0.011 0.149 0.644 
 361 P _   0.007 0.142 0.001 0.009 0.004 0.011 0.160 0.667 
 362 S _   0.006 0.130 0.000 0.007 0.003 0.010 0.168 0.676 
 363 P _   0.006 0.124 0.000 0.006 0.003 0.010 0.174 0.676 
 364 L _   0.006 0.124 0.000 0.007 0.003 0.011 0.179 0.671 
 365 G _   0.006 0.127 0.000 0.008 0.003 0.012 0.184 0.660 
 366 P _   0.007 0.134 0.001 0.011 0.004 0.013 0.188 0.643 
 367 L _   0.008 0.145 0.001 0.014 0.006 0.014 0.191 0.621 
 368 A _   0.008 0.160 0.001 0.019 0.007 0.016 0.195 0.594 
 369 G _   0.008 0.177 0.001 0.023 0.009 0.017 0.200 0.566 
 370 S _   0.008 0.192 0.001 0.028 0.010 0.017 0.204 0.539 
 371 P _   0.008 0.204 0.001 0.032 0.011 0.018 0.210 0.516 
 372 V _   0.008 0.212 0.001 0.034 0.011 0.018 0.217 0.497 
 373 I _   0.008 0.217 0.001 0.035 0.011 0.018 0.225 0.484 
 374 A _   0.009 0.218 0.001 0.035 0.011 0.017 0.235 0.474 
 375 A _   0.009 0.216 0.001 0.032 0.010 0.017 0.247 0.468 
 376 A _   0.009 0.211 0.001 0.029 0.009 0.016 0.260 0.465 
 377 N _   0.009 0.204 0.001 0.025 0.009 0.016 0.273 0.464 
 378 P _   0.009 0.195 0.001 0.022 0.008 0.015 0.288 0.462 
 379 L _   0.009 0.186 0.001 0.020 0.007 0.015 0.303 0.460 
 380 G _   0.009 0.179 0.001 0.018 0.006 0.014 0.318 0.455 
 381 M _   0.010 0.172 0.001 0.017 0.006 0.014 0.333 0.447 
 382 P _   0.009 0.167 0.001 0.017 0.006 0.014 0.348 0.438 
 383 V _   0.009 0.162 0.001 0.018 0.006 0.013 0.361 0.430 
 384 P _   0.007 0.158 0.001 0.019 0.006 0.012 0.375 0.422 
 385 A _   0.006 0.154 0.001 0.020 0.006 0.010 0.390 0.414 
 386 A _   0.004 0.147 0.001 0.020 0.005 0.007 0.405 0.411 
 387 A X   0.003 0.137 0.001 0.017 0.003 0.005 0.421 0.414 
 388 G X   0.001 0.122 0.000 0.013 0.001 0.002 0.435 0.427 
 389 A _   0.000 0.106 0.000 0.009 0.000 0.001 0.441 0.443 
 390 Q _   0.000 0.095 0.000 0.009 0.000 0.001 0.441 0.453 
 391 Q _   0.003 0.089 0.001 0.018 0.004 0.003 0.432 0.449 
