#TopoPred_TM8: 8-state transmembrane topology prediction results by no_profile mode 
#probabilities are in the order of H E C I L F X _, the 8 transmembrane topology types used in PDBTM 
   1 M X   0.018 0.003 0.002 0.064 0.011 0.012 0.554 0.337 
   2 S X   0.005 0.002 0.000 0.035 0.002 0.005 0.566 0.384 
   3 D X   0.001 0.002 0.000 0.018 0.001 0.003 0.566 0.409 
   4 S X   0.001 0.003 0.000 0.013 0.001 0.004 0.558 0.420 
   5 K X   0.002 0.007 0.000 0.015 0.001 0.007 0.542 0.425 
   6 C X   0.004 0.017 0.000 0.019 0.003 0.012 0.519 0.425 
   7 D X   0.006 0.038 0.001 0.027 0.006 0.019 0.488 0.417 
   8 S X   0.008 0.075 0.001 0.038 0.009 0.025 0.444 0.400 
   9 Q X   0.009 0.128 0.002 0.050 0.012 0.029 0.394 0.376 
  10 F _   0.009 0.186 0.002 0.061 0.016 0.031 0.342 0.354 
  11 Y _   0.008 0.236 0.002 0.068 0.018 0.032 0.297 0.339 
  12 S _   0.008 0.272 0.002 0.071 0.019 0.032 0.263 0.334 
  13 V _   0.008 0.295 0.002 0.070 0.020 0.032 0.238 0.336 
  14 Q _   0.009 0.308 0.002 0.067 0.020 0.033 0.218 0.343 
  15 V _   0.010 0.315 0.002 0.063 0.021 0.033 0.203 0.354 
  16 A _   0.012 0.317 0.001 0.057 0.021 0.033 0.190 0.368 
  17 D _   0.014 0.314 0.001 0.053 0.021 0.033 0.180 0.385 
  18 S _   0.015 0.308 0.001 0.048 0.020 0.032 0.171 0.404 
  19 T _   0.017 0.298 0.001 0.045 0.019 0.031 0.164 0.424 
  20 F _   0.018 0.284 0.002 0.043 0.018 0.029 0.157 0.448 
  21 T _   0.019 0.265 0.002 0.040 0.017 0.028 0.152 0.479 
  22 V _   0.019 0.238 0.002 0.036 0.016 0.026 0.147 0.515 
  23 L _   0.019 0.206 0.001 0.033 0.014 0.024 0.143 0.559 
  24 K _   0.019 0.167 0.001 0.028 0.012 0.022 0.140 0.610 
  25 R _   0.018 0.125 0.001 0.023 0.011 0.020 0.136 0.666 
  26 Y _   0.018 0.084 0.001 0.018 0.009 0.018 0.132 0.720 
  27 Q _   0.018 0.050 0.001 0.013 0.007 0.016 0.128 0.767 
  28 Q _   0.018 0.026 0.001 0.009 0.005 0.015 0.124 0.802 
  29 L _   0.021 0.012 0.001 0.006 0.004 0.013 0.119 0.824 
  30 K _   0.025 0.005 0.000 0.004 0.003 0.013 0.114 0.835 
  31 P _   0.035 0.002 0.000 0.003 0.003 0.013 0.107 0.836 
  32 I _   0.053 0.001 0.000 0.003 0.004 0.015 0.100 0.825 
  33 G _   0.084 0.000 0.001 0.003 0.005 0.017 0.091 0.799 
  34 S _   0.130 0.000 0.001 0.003 0.007 0.021 0.081 0.756 
  35 G _   0.198 0.000 0.001 0.003 0.011 0.025 0.070 0.691 
  36 A _   0.281 0.000 0.001 0.003 0.015 0.030 0.059 0.610 
  37 Q _   0.369 0.000 0.002 0.003 0.020 0.034 0.049 0.523 
  38 G H   0.457 0.000 0.002 0.003 0.026 0.037 0.040 0.435 
  39 I H   0.536 0.000 0.002 0.003 0.031 0.038 0.033 0.357 
  40 V H   0.600 0.000 0.002 0.003 0.035 0.038 0.028 0.294 
  41 C H   0.650 0.000 0.002 0.003 0.037 0.037 0.025 0.247 
  42 A H   0.683 0.000 0.002 0.003 0.038 0.035 0.023 0.216 
  43 A H   0.704 0.000 0.002 0.003 0.039 0.033 0.022 0.198 
  44 F H   0.713 0.000 0.002 0.003 0.039 0.031 0.021 0.191 
  45 D H   0.711 0.000 0.002 0.003 0.038 0.030 0.021 0.195 
  46 T H   0.698 0.000 0.002 0.003 0.037 0.029 0.022 0.209 
  47 V H   0.675 0.000 0.002 0.003 0.035 0.028 0.023 0.234 
  48 L H   0.638 0.000 0.002 0.004 0.033 0.027 0.025 0.271 
  49 G H   0.592 0.000 0.002 0.005 0.031 0.027 0.027 0.317 
  50 I H   0.534 0.001 0.002 0.006 0.027 0.026 0.030 0.373 
  51 N H   0.468 0.001 0.002 0.007 0.024 0.025 0.034 0.439 
  52 V _   0.396 0.001 0.002 0.009 0.021 0.024 0.038 0.509 
  53 A _   0.323 0.001 0.002 0.010 0.017 0.023 0.043 0.581 
  54 V _   0.253 0.001 0.001 0.011 0.014 0.021 0.048 0.651 
  55 K _   0.190 0.001 0.001 0.010 0.010 0.019 0.052 0.716 
  56 K _   0.138 0.001 0.001 0.009 0.008 0.016 0.056 0.771 
  57 L _   0.095 0.001 0.001 0.008 0.006 0.014 0.060 0.816 
  58 S _   0.064 0.001 0.001 0.007 0.004 0.011 0.062 0.851 
  59 R _   0.042 0.000 0.000 0.006 0.003 0.010 0.064 0.875 
  60 P _   0.027 0.000 0.000 0.005 0.003 0.008 0.066 0.891 
  61 F _   0.018 0.000 0.000 0.004 0.002 0.007 0.066 0.901 
  62 Q _   0.013 0.000 0.000 0.003 0.002 0.007 0.067 0.908 
  63 N _   0.010 0.000 0.000 0.003 0.002 0.007 0.067 0.911 
  64 Q _   0.009 0.000 0.000 0.003 0.002 0.008 0.066 0.912 
  65 T _   0.008 0.000 0.000 0.003 0.002 0.009 0.066 0.912 
  66 H _   0.009 0.001 0.000 0.004 0.002 0.011 0.065 0.909 
  67 A _   0.011 0.001 0.000 0.005 0.003 0.014 0.063 0.902 
  68 K _   0.014 0.003 0.001 0.007 0.005 0.018 0.061 0.892 
  69 R _   0.017 0.005 0.001 0.011 0.008 0.023 0.059 0.877 
  70 A _   0.021 0.008 0.001 0.016 0.011 0.028 0.057 0.858 
  71 Y _   0.026 0.012 0.001 0.022 0.015 0.033 0.054 0.837 
  72 R _   0.031 0.016 0.001 0.028 0.019 0.037 0.052 0.816 
  73 E _   0.035 0.018 0.002 0.033 0.022 0.040 0.050 0.800 
  74 L _   0.040 0.020 0.002 0.035 0.023 0.041 0.048 0.792 
  75 V _   0.043 0.019 0.002 0.034 0.023 0.041 0.047 0.791 
  76 L _   0.047 0.017 0.002 0.029 0.022 0.041 0.046 0.797 
  77 L _   0.050 0.014 0.001 0.023 0.019 0.039 0.045 0.808 
  78 K _   0.054 0.010 0.001 0.016 0.016 0.038 0.044 0.821 
  79 C _   0.058 0.006 0.001 0.011 0.013 0.037 0.043 0.832 
  80 V _   0.063 0.003 0.001 0.007 0.011 0.036 0.043 0.837 
  81 N _   0.069 0.001 0.001 0.005 0.010 0.035 0.042 0.837 
  82 H _   0.077 0.001 0.001 0.004 0.010 0.036 0.041 0.831 
  83 K _   0.087 0.001 0.001 0.004 0.011 0.037 0.041 0.819 
  84 N _   0.098 0.001 0.001 0.005 0.013 0.039 0.040 0.802 
  85 I _   0.108 0.002 0.001 0.007 0.017 0.041 0.040 0.784 
  86 I _   0.116 0.003 0.001 0.011 0.021 0.043 0.039 0.766 
  87 S _   0.121 0.004 0.002 0.015 0.024 0.043 0.039 0.752 
  88 L _   0.121 0.006 0.002 0.018 0.025 0.043 0.039 0.745 
  89 L _   0.119 0.007 0.002 0.021 0.025 0.041 0.040 0.747 
  90 N _   0.112 0.007 0.002 0.021 0.023 0.038 0.040 0.757 
  91 V _   0.102 0.006 0.002 0.019 0.020 0.035 0.041 0.776 
  92 F _   0.090 0.005 0.001 0.015 0.016 0.031 0.041 0.800 
  93 T _   0.078 0.003 0.001 0.011 0.012 0.027 0.042 0.827 
  94 P _   0.066 0.002 0.001 0.007 0.008 0.023 0.042 0.850 
  95 Q _   0.056 0.001 0.001 0.004 0.006 0.021 0.042 0.869 
  96 K _   0.049 0.000 0.000 0.003 0.004 0.019 0.042 0.883 
  97 T _   0.044 0.000 0.000 0.002 0.003 0.018 0.042 0.890 
  98 L _   0.043 0.000 0.000 0.002 0.003 0.019 0.041 0.891 
  99 E _   0.046 0.000 0.000 0.002 0.004 0.021 0.041 0.886 
 100 E _   0.053 0.000 0.001 0.002 0.006 0.024 0.040 0.874 
 101 F _   0.061 0.000 0.001 0.004 0.008 0.029 0.039 0.858 
 102 Q _   0.072 0.001 0.001 0.006 0.012 0.034 0.038 0.836 
 103 D _   0.082 0.002 0.001 0.010 0.017 0.039 0.037 0.811 
 104 V _   0.092 0.004 0.001 0.014 0.022 0.043 0.036 0.787 
 105 Y _   0.100 0.005 0.002 0.018 0.025 0.045 0.035 0.769 
 106 L _   0.106 0.006 0.002 0.020 0.027 0.047 0.035 0.758 
 107 V _   0.109 0.006 0.002 0.020 0.027 0.046 0.034 0.756 
 108 M _   0.110 0.006 0.002 0.018 0.024 0.045 0.034 0.762 
 109 E _   0.108 0.004 0.001 0.014 0.021 0.043 0.034 0.774 
 110 L _   0.106 0.003 0.001 0.010 0.018 0.041 0.034 0.788 
 111 M _   0.102 0.002 0.001 0.007 0.015 0.039 0.033 0.800 
 112 D _   0.099 0.001 0.001 0.005 0.013 0.038 0.033 0.809 
 113 A _   0.097 0.001 0.001 0.005 0.013 0.037 0.033 0.813 
 114 N _   0.097 0.001 0.001 0.006 0.013 0.036 0.033 0.814 
 115 L _   0.095 0.001 0.001 0.007 0.013 0.036 0.033 0.813 
 116 C _   0.093 0.002 0.001 0.010 0.014 0.036 0.033 0.811 
 117 Q _   0.089 0.003 0.001 0.013 0.015 0.035 0.033 0.811 
 118 V _   0.085 0.003 0.001 0.015 0.015 0.033 0.033 0.814 
 119 I _   0.079 0.003 0.001 0.016 0.014 0.031 0.034 0.821 
 120 H _   0.073 0.003 0.001 0.014 0.012 0.029 0.034 0.832 
 121 M _   0.067 0.002 0.001 0.012 0.010 0.027 0.034 0.847 
 122 E _   0.063 0.002 0.001 0.009 0.008 0.024 0.034 0.860 
 123 L _   0.059 0.001 0.001 0.005 0.006 0.023 0.034 0.871 
 124 D _   0.058 0.000 0.001 0.003 0.005 0.022 0.033 0.878 
 125 H _   0.061 0.000 0.000 0.002 0.004 0.022 0.033 0.877 
 126 E _   0.068 0.000 0.000 0.002 0.004 0.023 0.032 0.870 
 127 R _   0.081 0.000 0.001 0.002 0.006 0.027 0.031 0.853 
 128 M _   0.099 0.000 0.001 0.002 0.008 0.032 0.030 0.827 
 129 S _   0.121 0.000 0.001 0.004 0.013 0.038 0.030 0.794 
 130 Y _   0.145 0.001 0.001 0.006 0.020 0.044 0.029 0.754 
 131 L _   0.167 0.003 0.002 0.010 0.028 0.050 0.028 0.712 
 132 L _   0.184 0.006 0.002 0.015 0.036 0.055 0.027 0.675 
 133 Y _   0.196 0.009 0.002 0.019 0.041 0.057 0.027 0.648 
 134 Q _   0.202 0.011 0.002 0.022 0.043 0.057 0.027 0.635 
 135 M _   0.201 0.012 0.002 0.023 0.043 0.056 0.027 0.636 
 136 L _   0.194 0.011 0.002 0.022 0.039 0.053 0.028 0.651 
 137 C _   0.181 0.010 0.002 0.018 0.034 0.049 0.028 0.677 
 138 G _   0.165 0.008 0.002 0.014 0.028 0.045 0.029 0.708 
 139 I _   0.146 0.006 0.001 0.011 0.023 0.041 0.029 0.742 
 140 K _   0.126 0.005 0.001 0.009 0.018 0.037 0.030 0.773 
 141 H _   0.107 0.004 0.001 0.008 0.015 0.034 0.031 0.800 
 142 L _   0.090 0.004 0.001 0.009 0.013 0.032 0.032 0.820 
 143 H _   0.075 0.005 0.001 0.010 0.012 0.029 0.032 0.836 
 144 S _   0.063 0.005 0.001 0.012 0.011 0.027 0.033 0.848 
 145 A _   0.051 0.006 0.001 0.015 0.011 0.025 0.034 0.858 
 146 G _   0.042 0.006 0.001 0.017 0.010 0.023 0.035 0.867 
 147 I _   0.034 0.007 0.001 0.017 0.009 0.020 0.035 0.876 
 148 I _   0.028 0.006 0.001 0.017 0.008 0.018 0.036 0.887 
 149 H _   0.023 0.006 0.001 0.015 0.007 0.015 0.037 0.897 
 150 R _   0.018 0.005 0.001 0.012 0.006 0.013 0.037 0.908 
 151 D _   0.015 0.004 0.001 0.010 0.004 0.012 0.038 0.917 
 152 L _   0.012 0.002 0.000 0.008 0.004 0.010 0.038 0.925 
 153 K _   0.010 0.002 0.000 0.006 0.003 0.009 0.039 0.931 
 154 P _   0.009 0.001 0.000 0.005 0.003 0.009 0.039 0.934 
 155 S _   0.008 0.001 0.000 0.004 0.002 0.009 0.039 0.936 
 156 N _   0.008 0.001 0.000 0.004 0.003 0.009 0.039 0.936 
 157 I _   0.009 0.001 0.000 0.005 0.003 0.010 0.038 0.934 
 158 V _   0.010 0.001 0.000 0.005 0.003 0.012 0.038 0.932 
 159 V _   0.011 0.001 0.000 0.006 0.004 0.014 0.037 0.928 
 160 K _   0.013 0.001 0.000 0.006 0.004 0.016 0.036 0.922 
 161 S _   0.016 0.002 0.001 0.007 0.005 0.020 0.035 0.915 
 162 D _   0.019 0.002 0.001 0.008 0.007 0.024 0.033 0.905 
 163 C _   0.025 0.003 0.001 0.009 0.009 0.029 0.032 0.892 
 164 T _   0.032 0.003 0.001 0.011 0.012 0.034 0.031 0.876 
 165 L _   0.041 0.005 0.001 0.013 0.016 0.040 0.029 0.856 
 166 K _   0.051 0.006 0.001 0.016 0.020 0.046 0.028 0.833 
 167 I _   0.063 0.007 0.002 0.019 0.024 0.051 0.026 0.808 
 168 L _   0.074 0.009 0.002 0.021 0.028 0.055 0.025 0.786 
 169 D _   0.086 0.009 0.002 0.023 0.031 0.058 0.024 0.768 
 170 F _   0.097 0.009 0.002 0.023 0.033 0.060 0.022 0.755 
 171 G _   0.107 0.009 0.002 0.021 0.033 0.060 0.021 0.747 
 172 L _   0.117 0.007 0.002 0.018 0.032 0.060 0.021 0.744 
 173 A _   0.124 0.006 0.002 0.014 0.030 0.058 0.020 0.746 
 174 R _   0.131 0.004 0.002 0.011 0.027 0.057 0.019 0.750 
 175 T _   0.136 0.003 0.001 0.008 0.025 0.055 0.019 0.753 
 176 A _   0.141 0.002 0.001 0.007 0.023 0.053 0.018 0.754 
 177 C _   0.146 0.001 0.001 0.006 0.021 0.052 0.018 0.753 
 178 T _   0.151 0.001 0.001 0.006 0.021 0.051 0.018 0.751 
 179 N _   0.153 0.001 0.001 0.007 0.022 0.050 0.018 0.748 
 180 F _   0.155 0.002 0.001 0.008 0.023 0.049 0.017 0.745 
 181 M _   0.154 0.002 0.001 0.010 0.023 0.048 0.017 0.745 
 182 M _   0.150 0.003 0.002 0.011 0.024 0.046 0.017 0.747 
 183 T _   0.143 0.003 0.002 0.013 0.024 0.044 0.018 0.755 
 184 P _   0.133 0.003 0.002 0.013 0.022 0.042 0.018 0.767 
 185 Y _   0.121 0.003 0.001 0.013 0.021 0.039 0.018 0.784 
 186 V _   0.108 0.003 0.001 0.013 0.018 0.036 0.018 0.803 
 187 V _   0.094 0.003 0.001 0.011 0.015 0.032 0.018 0.824 
 188 T _   0.081 0.002 0.001 0.010 0.013 0.029 0.019 0.845 
 189 R _   0.068 0.002 0.001 0.009 0.011 0.027 0.019 0.864 
 190 Y _   0.056 0.002 0.001 0.008 0.009 0.025 0.019 0.881 
 191 Y _   0.046 0.002 0.001 0.007 0.008 0.023 0.019 0.894 
 192 R _   0.038 0.002 0.001 0.008 0.008 0.022 0.019 0.904 
 193 A _   0.031 0.002 0.001 0.009 0.007 0.021 0.018 0.911 
 194 P _   0.027 0.003 0.001 0.010 0.008 0.020 0.018 0.914 
 195 E _   0.024 0.003 0.001 0.012 0.008 0.019 0.018 0.914 
 196 V _   0.023 0.004 0.001 0.014 0.008 0.019 0.018 0.914 
 197 I _   0.022 0.004 0.001 0.015 0.008 0.018 0.017 0.914 
 198 L _   0.022 0.004 0.001 0.015 0.008 0.018 0.017 0.915 
 199 G _   0.023 0.004 0.001 0.014 0.007 0.017 0.017 0.917 
 200 M _   0.026 0.003 0.001 0.012 0.007 0.016 0.016 0.920 
 201 G _   0.030 0.002 0.001 0.009 0.006 0.015 0.016 0.922 
 202 Y _   0.038 0.001 0.001 0.006 0.005 0.015 0.015 0.919 
 203 K _   0.052 0.000 0.001 0.004 0.005 0.015 0.014 0.909 
 204 E _   0.074 0.000 0.001 0.003 0.005 0.016 0.014 0.888 
 205 N _   0.110 0.000 0.001 0.002 0.006 0.018 0.012 0.851 
 206 V _   0.165 0.000 0.001 0.002 0.007 0.021 0.011 0.793 
 207 D _   0.238 0.000 0.001 0.002 0.011 0.025 0.010 0.713 
 208 I _   0.327 0.000 0.001 0.002 0.016 0.030 0.009 0.615 
 209 W _   0.415 0.000 0.002 0.003 0.022 0.034 0.008 0.517 
 210 S H   0.495 0.000 0.002 0.003 0.029 0.037 0.007 0.428 
 211 V H   0.560 0.000 0.002 0.004 0.034 0.039 0.006 0.355 
 212 G H   0.608 0.000 0.002 0.004 0.038 0.039 0.006 0.303 
 213 C H   0.642 0.000 0.002 0.004 0.040 0.038 0.006 0.268 
 214 I H   0.663 0.000 0.002 0.004 0.040 0.037 0.006 0.248 
 215 M H   0.673 0.000 0.002 0.003 0.040 0.035 0.006 0.240 
 216 G H   0.673 0.000 0.002 0.003 0.039 0.034 0.006 0.243 
 217 E H   0.662 0.000 0.002 0.003 0.037 0.033 0.007 0.256 
 218 L H   0.640 0.000 0.002 0.003 0.036 0.032 0.008 0.279 
 219 V H   0.607 0.000 0.002 0.003 0.035 0.032 0.010 0.311 
 220 K H   0.564 0.000 0.002 0.005 0.034 0.032 0.012 0.352 
 221 G H   0.511 0.001 0.002 0.007 0.032 0.032 0.015 0.401 
 222 C _   0.451 0.001 0.002 0.010 0.030 0.031 0.018 0.457 
 223 V _   0.385 0.002 0.002 0.013 0.028 0.030 0.023 0.518 
 224 I _   0.313 0.002 0.002 0.015 0.024 0.028 0.027 0.588 
 225 F _   0.242 0.002 0.002 0.015 0.019 0.025 0.032 0.662 
 226 Q _   0.178 0.002 0.001 0.014 0.014 0.022 0.037 0.732 
 227 G _   0.125 0.001 0.001 0.010 0.010 0.018 0.040 0.794 
 228 T _   0.084 0.001 0.001 0.007 0.006 0.015 0.043 0.843 
 229 D _   0.055 0.001 0.001 0.005 0.004 0.013 0.046 0.876 
 230 H _   0.037 0.001 0.000 0.003 0.003 0.011 0.047 0.897 
 231 I _   0.026 0.001 0.000 0.003 0.002 0.011 0.049 0.908 
 232 D _   0.021 0.002 0.000 0.003 0.003 0.012 0.050 0.910 
 233 Q _   0.018 0.005 0.000 0.005 0.004 0.014 0.050 0.904 
 234 W _   0.018 0.013 0.001 0.008 0.005 0.016 0.051 0.888 
 235 N _   0.018 0.030 0.001 0.013 0.008 0.019 0.051 0.860 
 236 K _   0.018 0.056 0.001 0.020 0.011 0.021 0.051 0.822 
 237 V _   0.018 0.086 0.001 0.026 0.013 0.023 0.050 0.782 
 238 I _   0.017 0.112 0.001 0.032 0.014 0.023 0.051 0.750 
 239 E _   0.016 0.130 0.001 0.035 0.015 0.023 0.051 0.729 
 240 Q _   0.015 0.142 0.001 0.036 0.014 0.023 0.052 0.718 
 241 L _   0.014 0.148 0.001 0.035 0.014 0.022 0.053 0.713 
 242 G _   0.013 0.151 0.001 0.032 0.013 0.021 0.054 0.715 
 243 T _   0.012 0.151 0.001 0.028 0.011 0.020 0.056 0.720 
 244 P _   0.012 0.149 0.001 0.025 0.010 0.019 0.058 0.725 
 245 S _   0.012 0.147 0.001 0.022 0.009 0.019 0.060 0.731 
 246 A _   0.012 0.144 0.001 0.021 0.008 0.018 0.062 0.735 
 247 E _   0.012 0.141 0.001 0.020 0.008 0.017 0.064 0.737 
 248 F _   0.012 0.138 0.001 0.020 0.008 0.017 0.067 0.738 
 249 M _   0.012 0.135 0.001 0.020 0.008 0.016 0.069 0.740 
 250 K _   0.012 0.131 0.001 0.020 0.008 0.016 0.072 0.741 
 251 K _   0.012 0.127 0.001 0.020 0.007 0.015 0.075 0.743 
 252 L _   0.011 0.122 0.001 0.020 0.007 0.014 0.078 0.746 
 253 Q _   0.011 0.116 0.001 0.020 0.007 0.014 0.082 0.749 
 254 P _   0.011 0.109 0.001 0.020 0.007 0.013 0.085 0.754 
 255 T _   0.011 0.100 0.001 0.020 0.007 0.012 0.090 0.760 
 256 V _   0.010 0.091 0.001 0.019 0.006 0.012 0.094 0.767 
 257 R _   0.010 0.081 0.001 0.018 0.006 0.011 0.099 0.775 
 258 N _   0.009 0.070 0.001 0.016 0.005 0.010 0.104 0.785 
 259 Y _   0.009 0.059 0.001 0.014 0.004 0.009 0.109 0.796 
 260 V _   0.008 0.049 0.000 0.011 0.003 0.008 0.113 0.807 
 261 E _   0.007 0.041 0.000 0.009 0.003 0.007 0.117 0.817 
 262 N _   0.006 0.035 0.000 0.006 0.002 0.006 0.120 0.824 
 263 R _   0.006 0.031 0.000 0.005 0.002 0.006 0.122 0.828 
 264 P _   0.005 0.030 0.000 0.004 0.002 0.006 0.123 0.830 
 265 K _   0.005 0.030 0.000 0.004 0.002 0.007 0.124 0.828 
 266 Y _   0.005 0.032 0.000 0.005 0.002 0.008 0.125 0.822 
 267 P _   0.006 0.037 0.000 0.008 0.003 0.009 0.125 0.811 
 268 G _   0.007 0.047 0.001 0.012 0.004 0.011 0.125 0.793 
 269 I _   0.008 0.062 0.001 0.017 0.006 0.013 0.125 0.769 
 270 K _   0.008 0.079 0.001 0.024 0.007 0.015 0.124 0.742 
 271 F _   0.008 0.096 0.001 0.031 0.009 0.016 0.124 0.715 
 272 E _   0.008 0.109 0.001 0.037 0.010 0.017 0.124 0.694 
 273 E _   0.008 0.117 0.001 0.041 0.010 0.017 0.125 0.680 
 274 L _   0.008 0.122 0.001 0.043 0.010 0.016 0.127 0.673 
 275 F _   0.008 0.122 0.001 0.042 0.010 0.016 0.130 0.671 
 276 P _   0.008 0.120 0.001 0.040 0.009 0.015 0.133 0.674 
 277 D _   0.008 0.114 0.001 0.036 0.008 0.014 0.137 0.682 
 278 W _   0.008 0.104 0.001 0.030 0.007 0.012 0.142 0.694 
 279 I _   0.008 0.092 0.001 0.025 0.006 0.011 0.148 0.709 
 280 F _   0.008 0.077 0.001 0.019 0.005 0.010 0.154 0.726 
 281 P _   0.007 0.062 0.001 0.014 0.004 0.009 0.160 0.743 
 282 S _   0.007 0.049 0.000 0.011 0.003 0.008 0.165 0.757 
 283 E _   0.006 0.040 0.000 0.008 0.002 0.007 0.169 0.767 
 284 S _   0.005 0.034 0.000 0.006 0.002 0.006 0.172 0.774 
 285 E _   0.005 0.031 0.000 0.005 0.002 0.006 0.174 0.777 
 286 R _   0.005 0.029 0.000 0.005 0.002 0.006 0.176 0.777 
 287 D _   0.005 0.030 0.000 0.005 0.002 0.007 0.177 0.776 
 288 K _   0.005 0.031 0.000 0.006 0.002 0.007 0.177 0.772 
 289 I _   0.005 0.035 0.000 0.007 0.002 0.008 0.176 0.766 
 290 K _   0.005 0.040 0.000 0.009 0.003 0.010 0.176 0.756 
 291 T _   0.006 0.048 0.000 0.012 0.004 0.011 0.175 0.744 
 292 S _   0.006 0.058 0.001 0.015 0.005 0.012 0.173 0.730 
 293 Q _   0.007 0.068 0.001 0.019 0.006 0.014 0.172 0.713 
 294 A _   0.007 0.080 0.001 0.023 0.007 0.016 0.171 0.696 
 295 R _   0.008 0.090 0.001 0.028 0.009 0.017 0.170 0.678 
 296 D _   0.008 0.099 0.001 0.033 0.010 0.018 0.169 0.661 
 297 L _   0.009 0.106 0.001 0.037 0.011 0.019 0.170 0.647 
 298 L _   0.010 0.110 0.001 0.041 0.012 0.019 0.170 0.636 
 299 S _   0.011 0.112 0.001 0.042 0.013 0.019 0.172 0.630 
 300 K _   0.011 0.110 0.001 0.042 0.012 0.018 0.175 0.629 
 301 M _   0.012 0.104 0.001 0.040 0.012 0.017 0.180 0.635 
 302 L _   0.012 0.094 0.001 0.034 0.010 0.016 0.185 0.648 
 303 V _   0.011 0.079 0.001 0.027 0.008 0.014 0.190 0.668 
 304 I _   0.011 0.061 0.001 0.020 0.007 0.012 0.196 0.692 
 305 D _   0.010 0.043 0.001 0.014 0.005 0.011 0.202 0.714 
 306 P _   0.009 0.029 0.001 0.009 0.004 0.010 0.207 0.732 
 307 D _   0.008 0.020 0.000 0.006 0.003 0.009 0.212 0.743 
 308 K _   0.008 0.015 0.000 0.004 0.002 0.009 0.215 0.747 
 309 R _   0.008 0.014 0.000 0.004 0.002 0.009 0.217 0.747 
 310 I _   0.008 0.014 0.000 0.004 0.002 0.010 0.219 0.743 
 311 S _   0.009 0.015 0.000 0.005 0.003 0.012 0.221 0.735 
 312 V _   0.010 0.019 0.000 0.008 0.004 0.014 0.221 0.722 
 313 D _   0.012 0.026 0.001 0.012 0.006 0.016 0.222 0.704 
 314 E _   0.013 0.037 0.001 0.018 0.008 0.018 0.222 0.683 
 315 A _   0.014 0.047 0.001 0.024 0.010 0.020 0.223 0.661 
 316 L _   0.014 0.056 0.001 0.030 0.012 0.021 0.224 0.642 
 317 R _   0.015 0.062 0.001 0.034 0.013 0.021 0.226 0.628 
 318 H _   0.015 0.066 0.001 0.037 0.014 0.021 0.229 0.619 
 319 P _   0.014 0.067 0.001 0.038 0.013 0.020 0.232 0.614 
 320 Y _   0.014 0.066 0.001 0.036 0.012 0.019 0.237 0.614 
 321 I _   0.014 0.063 0.001 0.033 0.011 0.017 0.243 0.618 
 322 T _   0.013 0.058 0.001 0.029 0.009 0.015 0.250 0.625 
 323 V _   0.012 0.050 0.001 0.024 0.007 0.014 0.257 0.635 
 324 W _   0.011 0.041 0.001 0.019 0.006 0.012 0.263 0.647 
 325 Y _   0.010 0.033 0.001 0.014 0.004 0.010 0.270 0.658 
 326 D _   0.009 0.025 0.000 0.011 0.003 0.009 0.276 0.668 
 327 P _   0.008 0.019 0.000 0.008 0.003 0.007 0.280 0.675 
 328 A _   0.007 0.015 0.000 0.006 0.002 0.006 0.284 0.680 
 329 E _   0.006 0.012 0.000 0.005 0.002 0.005 0.286 0.684 
 330 A _   0.005 0.011 0.000 0.004 0.001 0.005 0.288 0.686 
 331 E _   0.005 0.010 0.000 0.004 0.001 0.005 0.288 0.687 
 332 A _   0.004 0.010 0.000 0.004 0.001 0.004 0.288 0.688 
 333 P _   0.004 0.011 0.000 0.004 0.001 0.005 0.287 0.687 
 334 P _   0.004 0.013 0.000 0.005 0.002 0.005 0.286 0.686 
 335 P _   0.004 0.016 0.000 0.006 0.002 0.005 0.283 0.684 
 336 Q _   0.004 0.020 0.000 0.008 0.002 0.006 0.280 0.680 
 337 I _   0.004 0.025 0.000 0.009 0.003 0.007 0.277 0.675 
 338 Y _   0.004 0.031 0.000 0.011 0.003 0.007 0.273 0.670 
 339 D _   0.004 0.038 0.000 0.012 0.003 0.008 0.269 0.665 
 340 A _   0.004 0.046 0.000 0.013 0.003 0.008 0.265 0.660 
 341 Q _   0.004 0.053 0.000 0.014 0.004 0.009 0.261 0.655 
 342 L _   0.004 0.060 0.000 0.014 0.004 0.009 0.257 0.651 
 343 E _   0.004 0.068 0.000 0.014 0.004 0.010 0.254 0.647 
 344 E _   0.004 0.075 0.000 0.014 0.004 0.010 0.250 0.642 
 345 R _   0.005 0.083 0.001 0.014 0.004 0.011 0.247 0.636 
 346 E _   0.005 0.092 0.001 0.015 0.005 0.012 0.243 0.627 
 347 H _   0.006 0.103 0.001 0.016 0.006 0.013 0.240 0.616 
 348 A _   0.007 0.115 0.001 0.018 0.007 0.015 0.237 0.602 
 349 I _   0.008 0.128 0.001 0.020 0.008 0.016 0.234 0.587 
 350 E _   0.009 0.140 0.001 0.022 0.009 0.017 0.231 0.570 
 351 E _   0.010 0.152 0.001 0.025 0.010 0.019 0.229 0.555 
 352 W _   0.011 0.162 0.001 0.027 0.011 0.019 0.228 0.542 
 353 K _   0.012 0.169 0.001 0.029 0.011 0.020 0.227 0.532 
 354 E _   0.012 0.173 0.001 0.031 0.012 0.020 0.227 0.525 
 355 L _   0.012 0.175 0.001 0.032 0.012 0.019 0.228 0.521 
 356 I _   0.012 0.175 0.001 0.032 0.012 0.019 0.230 0.520 
 357 Y _   0.013 0.172 0.001 0.031 0.011 0.018 0.232 0.523 
 358 K _   0.013 0.166 0.001 0.029 0.010 0.017 0.235 0.529 
 359 E _   0.012 0.158 0.001 0.027 0.009 0.015 0.239 0.538 
 360 V _   0.012 0.146 0.001 0.025 0.008 0.014 0.244 0.550 
 361 M _   0.012 0.132 0.001 0.021 0.007 0.013 0.249 0.566 
 362 D _   0.011 0.115 0.001 0.018 0.006 0.011 0.255 0.583 
 363 W _   0.010 0.099 0.001 0.015 0.005 0.010 0.260 0.601 
 364 E _   0.009 0.084 0.001 0.012 0.004 0.009 0.265 0.617 
 365 E _   0.008 0.073 0.000 0.010 0.003 0.008 0.269 0.629 
 366 R _   0.007 0.064 0.000 0.008 0.003 0.007 0.273 0.639 
 367 S _   0.006 0.058 0.000 0.007 0.002 0.006 0.275 0.645 
 368 K _   0.005 0.054 0.000 0.006 0.002 0.006 0.278 0.648 
 369 N _   0.005 0.052 0.000 0.006 0.002 0.006 0.279 0.650 
 370 G _   0.005 0.051 0.000 0.006 0.002 0.006 0.279 0.651 
 371 V _   0.004 0.052 0.000 0.006 0.002 0.005 0.279 0.651 
 372 V _   0.004 0.053 0.000 0.007 0.002 0.006 0.279 0.650 
 373 K _   0.004 0.056 0.000 0.007 0.002 0.006 0.277 0.648 
 374 D _   0.004 0.060 0.000 0.008 0.002 0.006 0.276 0.645 
 375 Q _   0.004 0.065 0.000 0.009 0.002 0.006 0.273 0.641 
 376 P _   0.004 0.072 0.000 0.010 0.002 0.007 0.270 0.636 
 377 S _   0.004 0.081 0.000 0.011 0.003 0.007 0.267 0.628 
 378 D _   0.004 0.093 0.000 0.012 0.003 0.008 0.263 0.618 
 379 A _   0.004 0.108 0.000 0.014 0.003 0.008 0.258 0.604 
 380 A _   0.004 0.127 0.001 0.016 0.004 0.008 0.253 0.588 
 381 V _   0.004 0.147 0.001 0.018 0.004 0.009 0.248 0.570 
 382 S _   0.004 0.168 0.001 0.019 0.004 0.009 0.243 0.552 
 383 S _   0.003 0.189 0.001 0.020 0.004 0.009 0.238 0.535 
 384 N _   0.003 0.209 0.001 0.020 0.004 0.008 0.234 0.520 
 385 A _   0.003 0.228 0.001 0.020 0.004 0.008 0.231 0.506 
 386 T _   0.003 0.244 0.001 0.019 0.004 0.008 0.228 0.494 
 387 P _   0.003 0.258 0.000 0.018 0.004 0.008 0.225 0.484 
 388 S _   0.003 0.270 0.000 0.017 0.004 0.007 0.224 0.475 
 389 Q _   0.003 0.282 0.000 0.016 0.004 0.007 0.222 0.466 
 390 S _   0.003 0.292 0.000 0.015 0.004 0.007 0.222 0.457 
 391 S _   0.003 0.303 0.000 0.015 0.004 0.007 0.221 0.447 
 392 S _   0.003 0.314 0.000 0.014 0.004 0.007 0.220 0.437 
 393 I _   0.003 0.325 0.000 0.014 0.004 0.008 0.220 0.426 
 394 N _   0.003 0.338 0.000 0.015 0.004 0.008 0.220 0.412 
 395 D _   0.003 0.351 0.001 0.016 0.004 0.009 0.220 0.397 
 396 I _   0.004 0.364 0.001 0.017 0.005 0.009 0.220 0.380 
 397 S E   0.004 0.377 0.001 0.020 0.005 0.010 0.220 0.363 
 398 S E   0.004 0.389 0.001 0.022 0.006 0.010 0.222 0.346 
 399 M E   0.004 0.399 0.001 0.025 0.007 0.010 0.224 0.331 
 400 S E   0.004 0.405 0.001 0.028 0.007 0.010 0.226 0.318 
 401 T E   0.004 0.407 0.001 0.030 0.007 0.010 0.230 0.310 
 402 E E   0.004 0.406 0.001 0.031 0.007 0.010 0.236 0.305 
 403 Q E   0.004 0.400 0.001 0.031 0.007 0.010 0.243 0.305 
 404 T E   0.004 0.388 0.001 0.029 0.007 0.009 0.252 0.310 
 405 L E   0.005 0.369 0.001 0.026 0.006 0.009 0.264 0.320 
 406 A E   0.005 0.344 0.001 0.023 0.006 0.009 0.278 0.335 
 407 S _   0.005 0.315 0.001 0.019 0.005 0.008 0.294 0.354 
 408 D _   0.004 0.286 0.001 0.015 0.004 0.007 0.311 0.372 
 409 T _   0.004 0.264 0.001 0.011 0.003 0.007 0.326 0.384 
 410 D _   0.004 0.248 0.000 0.009 0.003 0.007 0.339 0.391 
 411 S _   0.004 0.238 0.000 0.008 0.002 0.006 0.349 0.393 
 412 S _   0.003 0.233 0.000 0.008 0.002 0.006 0.357 0.390 
 413 L _   0.004 0.231 0.000 0.009 0.002 0.007 0.364 0.384 
 414 D _   0.004 0.232 0.000 0.010 0.002 0.007 0.370 0.375 
 415 A X   0.003 0.234 0.000 0.013 0.003 0.007 0.375 0.365 
 416 S X   0.003 0.237 0.000 0.016 0.003 0.007 0.380 0.355 
 417 T X   0.003 0.239 0.000 0.019 0.003 0.006 0.384 0.346 
 418 G X   0.002 0.241 0.000 0.021 0.003 0.006 0.389 0.338 
 419 P X   0.002 0.240 0.000 0.021 0.003 0.004 0.395 0.334 
 420 L X   0.001 0.236 0.000 0.021 0.002 0.003 0.402 0.335 
 421 E X   0.001 0.226 0.000 0.017 0.001 0.001 0.410 0.344 
 422 G X   0.000 0.212 0.000 0.014 0.000 0.001 0.413 0.359 
 423 C X   0.000 0.199 0.000 0.015 0.000 0.001 0.413 0.372 
 424 R X   0.003 0.188 0.002 0.024 0.004 0.003 0.404 0.372 
