#TopoPred_TM8: 8-state transmembrane topology prediction results by no_profile mode 
#probabilities are in the order of H E C I L F X _, the 8 transmembrane topology types used in PDBTM 
   1 T X   0.016 0.002 0.002 0.059 0.010 0.011 0.629 0.271 
   2 R X   0.005 0.001 0.000 0.032 0.002 0.005 0.644 0.311 
   3 A X   0.001 0.001 0.000 0.015 0.001 0.003 0.645 0.334 
   4 L X   0.001 0.001 0.000 0.010 0.000 0.003 0.639 0.346 
   5 P X   0.001 0.002 0.000 0.009 0.001 0.005 0.627 0.354 
   6 E X   0.002 0.004 0.000 0.011 0.002 0.008 0.609 0.363 
   7 D X   0.004 0.010 0.000 0.016 0.003 0.012 0.586 0.369 
   8 A X   0.005 0.022 0.001 0.024 0.005 0.016 0.553 0.373 
   9 G X   0.006 0.042 0.001 0.036 0.008 0.021 0.512 0.374 
  10 E X   0.007 0.069 0.001 0.050 0.011 0.024 0.465 0.372 
  11 Y X   0.007 0.096 0.002 0.064 0.014 0.026 0.418 0.372 
  12 T X   0.007 0.116 0.002 0.074 0.016 0.027 0.380 0.378 
  13 C _   0.007 0.129 0.002 0.079 0.017 0.028 0.350 0.389 
  14 L _   0.007 0.136 0.002 0.078 0.018 0.028 0.327 0.406 
  15 A _   0.007 0.138 0.002 0.073 0.017 0.027 0.308 0.428 
  16 G _   0.008 0.136 0.001 0.063 0.016 0.027 0.292 0.457 
  17 N _   0.008 0.130 0.001 0.051 0.014 0.026 0.279 0.491 
  18 S _   0.009 0.121 0.001 0.038 0.012 0.026 0.266 0.527 
  19 I _   0.010 0.109 0.001 0.027 0.010 0.026 0.255 0.561 
  20 G _   0.011 0.099 0.001 0.019 0.009 0.026 0.245 0.590 
  21 F _   0.013 0.091 0.001 0.014 0.008 0.027 0.234 0.612 
  22 S _   0.015 0.087 0.001 0.011 0.009 0.029 0.224 0.624 
  23 H _   0.018 0.086 0.001 0.011 0.010 0.032 0.213 0.629 
  24 H _   0.022 0.088 0.001 0.014 0.013 0.035 0.202 0.627 
  25 S _   0.026 0.094 0.001 0.018 0.016 0.037 0.190 0.617 
  26 A _   0.029 0.102 0.002 0.026 0.020 0.039 0.178 0.603 
  27 W _   0.033 0.111 0.002 0.034 0.024 0.040 0.167 0.589 
  28 L _   0.034 0.119 0.002 0.042 0.025 0.040 0.157 0.581 
  29 V _   0.035 0.122 0.002 0.047 0.026 0.038 0.148 0.581 
  30 V _   0.035 0.122 0.002 0.050 0.025 0.036 0.141 0.589 
  31 L _   0.033 0.118 0.002 0.049 0.023 0.033 0.135 0.607 
  32 P _   0.031 0.108 0.002 0.044 0.020 0.029 0.130 0.636 
  33 A _   0.029 0.091 0.002 0.036 0.016 0.025 0.126 0.674 
  34 E _   0.026 0.069 0.001 0.028 0.013 0.021 0.123 0.719 
  35 E _   0.023 0.045 0.001 0.019 0.009 0.017 0.119 0.765 
  36 E _   0.021 0.025 0.001 0.012 0.006 0.014 0.116 0.806 
  37 L _   0.019 0.011 0.001 0.007 0.004 0.011 0.112 0.837 
  38 V _   0.018 0.004 0.000 0.004 0.003 0.008 0.107 0.856 
  39 E _   0.019 0.001 0.000 0.003 0.002 0.007 0.101 0.867 
  40 A _   0.024 0.000 0.000 0.002 0.002 0.006 0.095 0.871 
  41 D _   0.036 0.000 0.000 0.001 0.002 0.006 0.087 0.867 
  42 E _   0.058 0.000 0.000 0.001 0.003 0.007 0.079 0.852 
  43 A _   0.097 0.000 0.001 0.001 0.004 0.008 0.070 0.821 
  44 G _   0.155 0.000 0.001 0.001 0.005 0.009 0.059 0.771 
  45 S _   0.228 0.000 0.001 0.001 0.006 0.009 0.049 0.705 
  46 V _   0.310 0.000 0.001 0.001 0.006 0.010 0.040 0.631 
  47 Y _   0.394 0.000 0.001 0.001 0.007 0.009 0.033 0.555 
  48 A _   0.474 0.000 0.001 0.001 0.007 0.008 0.028 0.482 
  49 G H   0.553 0.000 0.001 0.000 0.007 0.007 0.023 0.409 
  50 I H   0.629 0.000 0.001 0.000 0.006 0.006 0.020 0.339 
  51 L H   0.696 0.000 0.001 0.000 0.005 0.005 0.017 0.275 
  52 S H   0.756 0.000 0.001 0.000 0.005 0.004 0.015 0.219 
  53 Y H   0.810 0.000 0.001 0.000 0.005 0.003 0.013 0.169 
  54 G H   0.854 0.000 0.001 0.000 0.005 0.003 0.011 0.127 
  55 V H   0.892 0.000 0.001 0.000 0.005 0.003 0.009 0.091 
  56 G H   0.920 0.000 0.001 0.000 0.005 0.002 0.007 0.065 
  57 F H   0.939 0.000 0.001 0.000 0.005 0.002 0.006 0.047 
  58 F H   0.951 0.000 0.001 0.000 0.005 0.002 0.005 0.036 
  59 L H   0.958 0.000 0.001 0.000 0.006 0.002 0.004 0.029 
  60 F H   0.960 0.000 0.001 0.000 0.006 0.002 0.004 0.028 
  61 I H   0.956 0.000 0.001 0.000 0.007 0.002 0.003 0.030 
  62 L H   0.949 0.000 0.001 0.000 0.008 0.002 0.003 0.036 
  63 V H   0.937 0.000 0.001 0.000 0.009 0.003 0.003 0.047 
  64 V H   0.918 0.000 0.001 0.000 0.010 0.003 0.003 0.065 
  65 A H   0.889 0.000 0.001 0.000 0.011 0.004 0.003 0.091 
  66 A H   0.848 0.000 0.001 0.000 0.012 0.004 0.004 0.130 
  67 V H   0.792 0.000 0.001 0.001 0.013 0.005 0.005 0.184 
  68 T H   0.715 0.000 0.001 0.001 0.013 0.006 0.007 0.257 
  69 L H   0.615 0.000 0.001 0.001 0.012 0.007 0.010 0.354 
  70 C H   0.498 0.000 0.001 0.001 0.009 0.007 0.015 0.468 
  71 R _   0.375 0.000 0.001 0.002 0.007 0.007 0.020 0.587 
  72 L _   0.259 0.000 0.001 0.002 0.005 0.007 0.026 0.700 
  73 R _   0.165 0.000 0.001 0.002 0.004 0.006 0.031 0.792 
  74 S _   0.099 0.000 0.000 0.002 0.003 0.005 0.035 0.857 
  75 P _   0.056 0.000 0.000 0.002 0.002 0.005 0.038 0.897 
  76 P _   0.032 0.000 0.000 0.002 0.002 0.005 0.040 0.920 
  77 K _   0.020 0.001 0.000 0.002 0.001 0.005 0.041 0.930 
  78 K _   0.014 0.002 0.000 0.003 0.002 0.006 0.042 0.933 
  79 G _   0.011 0.005 0.000 0.004 0.002 0.007 0.042 0.929 
  80 L _   0.010 0.012 0.000 0.006 0.003 0.009 0.042 0.918 
  81 G _   0.009 0.025 0.001 0.010 0.004 0.011 0.041 0.898 
  82 S _   0.010 0.049 0.001 0.015 0.006 0.014 0.040 0.867 
  83 P _   0.009 0.081 0.001 0.020 0.008 0.016 0.039 0.826 
  84 T _   0.010 0.119 0.001 0.025 0.009 0.017 0.037 0.782 
  85 V _   0.009 0.155 0.001 0.029 0.010 0.018 0.036 0.741 
  86 H _   0.009 0.187 0.001 0.033 0.011 0.019 0.035 0.705 
  87 K _   0.009 0.213 0.001 0.036 0.012 0.019 0.034 0.677 
  88 I _   0.009 0.232 0.001 0.038 0.012 0.019 0.033 0.656 
  89 S _   0.009 0.245 0.001 0.039 0.012 0.019 0.033 0.643 
  90 R _   0.009 0.253 0.001 0.040 0.012 0.018 0.033 0.635 
  91 F _   0.008 0.257 0.001 0.039 0.011 0.017 0.033 0.632 
  92 P _   0.008 0.257 0.001 0.038 0.011 0.017 0.034 0.635 
  93 L _   0.008 0.253 0.001 0.035 0.010 0.016 0.035 0.641 
  94 K _   0.008 0.246 0.001 0.033 0.009 0.015 0.036 0.652 
  95 R _   0.008 0.236 0.001 0.030 0.008 0.014 0.037 0.666 
  96 Q _   0.008 0.222 0.001 0.026 0.007 0.013 0.039 0.684 
  97 V _   0.008 0.205 0.001 0.023 0.007 0.012 0.041 0.704 
  98 S _   0.008 0.187 0.001 0.019 0.006 0.011 0.042 0.726 
  99 L _   0.007 0.169 0.001 0.016 0.005 0.010 0.044 0.748 
 100 E _   0.007 0.152 0.001 0.013 0.004 0.009 0.046 0.769 
 101 S _   0.006 0.138 0.000 0.010 0.003 0.009 0.047 0.786 
 102 N _   0.006 0.127 0.000 0.008 0.003 0.008 0.048 0.799 
 103 A _   0.006 0.120 0.000 0.007 0.003 0.008 0.049 0.807 
 104 S _   0.006 0.117 0.000 0.006 0.002 0.008 0.049 0.811 
 105 M _   0.006 0.116 0.000 0.007 0.003 0.009 0.049 0.810 
 106 S _   0.006 0.119 0.000 0.008 0.003 0.011 0.049 0.803 
 107 S _   0.007 0.125 0.001 0.011 0.004 0.012 0.049 0.791 
 108 N _   0.008 0.136 0.001 0.016 0.006 0.014 0.048 0.772 
 109 T _   0.009 0.151 0.001 0.022 0.008 0.016 0.047 0.747 
 110 P _   0.009 0.167 0.001 0.030 0.010 0.017 0.046 0.720 
 111 L _   0.010 0.181 0.001 0.037 0.011 0.018 0.046 0.697 
 112 V _   0.010 0.190 0.001 0.043 0.012 0.018 0.045 0.681 
 113 R _   0.010 0.194 0.001 0.046 0.012 0.018 0.046 0.673 
 114 I _   0.010 0.194 0.001 0.046 0.012 0.018 0.046 0.673 
 115 A _   0.010 0.188 0.001 0.043 0.011 0.017 0.047 0.683 
 116 R _   0.009 0.177 0.001 0.038 0.010 0.015 0.049 0.700 
 117 L _   0.009 0.158 0.001 0.032 0.009 0.014 0.051 0.726 
 118 S _   0.009 0.135 0.001 0.025 0.007 0.013 0.054 0.757 
 119 S _   0.008 0.110 0.001 0.019 0.006 0.011 0.056 0.789 
 120 G _   0.008 0.089 0.001 0.014 0.005 0.010 0.058 0.815 
 121 E _   0.007 0.074 0.001 0.011 0.004 0.010 0.060 0.833 
 122 G _   0.007 0.064 0.000 0.009 0.003 0.009 0.062 0.845 
 123 P _   0.007 0.058 0.000 0.009 0.003 0.009 0.063 0.850 
 124 T _   0.007 0.054 0.000 0.010 0.003 0.010 0.064 0.851 
 125 L _   0.008 0.052 0.000 0.011 0.004 0.010 0.065 0.850 
 126 A _   0.008 0.050 0.000 0.014 0.004 0.010 0.066 0.847 
 127 N _   0.008 0.049 0.001 0.016 0.005 0.011 0.067 0.844 
 128 V _   0.008 0.047 0.001 0.018 0.005 0.011 0.068 0.843 
 129 S _   0.008 0.045 0.001 0.018 0.005 0.010 0.069 0.844 
 130 E _   0.008 0.041 0.001 0.017 0.005 0.010 0.071 0.848 
 131 L _   0.008 0.036 0.001 0.016 0.004 0.009 0.072 0.855 
 132 E _   0.007 0.030 0.000 0.013 0.004 0.009 0.073 0.864 
 133 L _   0.007 0.024 0.000 0.011 0.003 0.008 0.075 0.873 
 134 P _   0.006 0.018 0.000 0.008 0.003 0.007 0.075 0.882 
 135 A _   0.006 0.014 0.000 0.006 0.002 0.007 0.076 0.888 
 136 D _   0.005 0.012 0.000 0.005 0.002 0.007 0.076 0.892 
 137 P _   0.005 0.011 0.000 0.005 0.002 0.007 0.076 0.893 
 138 K _   0.006 0.010 0.000 0.006 0.002 0.008 0.076 0.893 
 139 W _   0.006 0.010 0.000 0.007 0.003 0.009 0.075 0.890 
 140 E _   0.006 0.011 0.000 0.009 0.003 0.010 0.074 0.885 
 141 L _   0.007 0.013 0.000 0.013 0.004 0.011 0.073 0.879 
 142 S _   0.007 0.014 0.001 0.016 0.005 0.012 0.072 0.872 
 143 R _   0.008 0.016 0.001 0.019 0.006 0.013 0.071 0.867 
 144 A _   0.008 0.016 0.001 0.021 0.006 0.014 0.071 0.865 
 145 R _   0.008 0.016 0.001 0.021 0.006 0.014 0.070 0.865 
 146 L _   0.008 0.015 0.001 0.019 0.006 0.014 0.069 0.868 
 147 T _   0.008 0.013 0.001 0.016 0.005 0.014 0.069 0.874 
 148 L _   0.009 0.011 0.001 0.013 0.005 0.015 0.069 0.879 
 149 G _   0.010 0.009 0.001 0.010 0.004 0.015 0.069 0.883 
 150 K _   0.012 0.007 0.000 0.007 0.004 0.017 0.068 0.885 
 151 P _   0.016 0.006 0.000 0.005 0.004 0.019 0.068 0.881 
 152 L _   0.022 0.006 0.001 0.005 0.005 0.023 0.067 0.871 
 153 G _   0.032 0.006 0.001 0.005 0.007 0.029 0.066 0.854 
 154 E _   0.045 0.009 0.001 0.006 0.011 0.036 0.065 0.827 
 155 G _   0.060 0.015 0.001 0.009 0.019 0.045 0.064 0.787 
 156 C _   0.076 0.029 0.002 0.015 0.029 0.053 0.062 0.734 
 157 F _   0.090 0.052 0.002 0.023 0.039 0.060 0.061 0.673 
 158 G _   0.100 0.081 0.003 0.034 0.048 0.064 0.060 0.611 
 159 Q _   0.105 0.107 0.003 0.046 0.053 0.064 0.060 0.562 
 160 V _   0.107 0.126 0.003 0.056 0.055 0.063 0.060 0.530 
 161 V _   0.104 0.137 0.003 0.064 0.053 0.059 0.061 0.518 
 162 M _   0.099 0.140 0.003 0.066 0.049 0.054 0.063 0.526 
 163 A _   0.089 0.136 0.003 0.064 0.042 0.048 0.066 0.551 
 164 E _   0.077 0.125 0.002 0.056 0.034 0.042 0.070 0.594 
 165 A _   0.064 0.104 0.002 0.044 0.025 0.034 0.075 0.652 
 166 I _   0.051 0.074 0.002 0.030 0.017 0.027 0.079 0.720 
 167 G _   0.038 0.043 0.001 0.018 0.010 0.021 0.083 0.785 
 168 I _   0.028 0.022 0.001 0.009 0.006 0.016 0.086 0.832 
 169 D _   0.020 0.012 0.000 0.005 0.003 0.013 0.087 0.859 
 170 K _   0.015 0.008 0.000 0.003 0.002 0.011 0.088 0.872 
 171 D _   0.012 0.007 0.000 0.002 0.002 0.011 0.089 0.876 
 172 R _   0.011 0.008 0.000 0.003 0.002 0.012 0.089 0.874 
 173 A _   0.012 0.012 0.000 0.005 0.004 0.015 0.088 0.863 
 174 A _   0.014 0.023 0.001 0.011 0.006 0.018 0.087 0.840 
 175 K _   0.015 0.048 0.001 0.021 0.010 0.021 0.085 0.798 
 176 P _   0.016 0.085 0.001 0.035 0.014 0.024 0.083 0.742 
 177 V _   0.015 0.120 0.002 0.050 0.016 0.025 0.081 0.690 
 178 T _   0.015 0.144 0.002 0.062 0.018 0.025 0.080 0.654 
 179 V _   0.014 0.157 0.001 0.070 0.018 0.025 0.080 0.634 
 180 A _   0.014 0.162 0.001 0.072 0.017 0.023 0.081 0.629 
 181 V _   0.013 0.160 0.001 0.069 0.016 0.021 0.083 0.637 
 182 K _   0.012 0.151 0.001 0.061 0.014 0.019 0.086 0.657 
 183 M _   0.011 0.134 0.001 0.049 0.011 0.016 0.089 0.689 
 184 L _   0.011 0.107 0.001 0.036 0.009 0.014 0.093 0.729 
 185 K _   0.010 0.075 0.001 0.024 0.006 0.012 0.098 0.774 
 186 D _   0.009 0.046 0.001 0.015 0.004 0.009 0.102 0.814 
 187 D _   0.007 0.025 0.000 0.009 0.003 0.008 0.105 0.842 
 188 A _   0.006 0.014 0.000 0.005 0.002 0.007 0.107 0.859 
 189 T _   0.005 0.008 0.000 0.003 0.001 0.006 0.108 0.868 
 190 D _   0.005 0.006 0.000 0.002 0.001 0.006 0.108 0.871 
 191 K _   0.005 0.006 0.000 0.002 0.001 0.007 0.108 0.870 
 192 D _   0.006 0.006 0.000 0.003 0.002 0.009 0.106 0.867 
 193 L _   0.008 0.008 0.000 0.005 0.003 0.013 0.105 0.857 
 194 S _   0.011 0.014 0.000 0.008 0.005 0.019 0.102 0.840 
 195 D _   0.015 0.026 0.001 0.015 0.008 0.025 0.098 0.812 
 196 L _   0.019 0.044 0.001 0.025 0.013 0.032 0.094 0.772 
 197 V _   0.022 0.066 0.002 0.036 0.019 0.038 0.089 0.727 
 198 S _   0.025 0.087 0.002 0.049 0.025 0.043 0.084 0.686 
 199 E _   0.028 0.101 0.002 0.060 0.029 0.046 0.080 0.654 
 200 M _   0.030 0.109 0.002 0.068 0.031 0.047 0.077 0.635 
 201 E _   0.032 0.112 0.002 0.070 0.032 0.047 0.076 0.630 
 202 M _   0.033 0.109 0.002 0.066 0.031 0.045 0.075 0.640 
 203 M _   0.034 0.100 0.002 0.057 0.028 0.043 0.074 0.662 
 204 K _   0.035 0.083 0.002 0.045 0.023 0.039 0.074 0.698 
 205 M _   0.035 0.060 0.002 0.032 0.019 0.036 0.075 0.742 
 206 I _   0.035 0.036 0.001 0.020 0.014 0.034 0.075 0.785 
 207 G _   0.035 0.017 0.001 0.011 0.010 0.031 0.076 0.819 
 208 K _   0.036 0.007 0.001 0.006 0.007 0.030 0.076 0.837 
 209 H _   0.038 0.003 0.001 0.004 0.006 0.030 0.076 0.843 
 210 K _   0.043 0.002 0.001 0.003 0.006 0.031 0.075 0.839 
 211 N _   0.049 0.002 0.001 0.003 0.008 0.034 0.075 0.828 
 212 I _   0.059 0.003 0.001 0.005 0.011 0.038 0.074 0.808 
 213 I _   0.068 0.006 0.001 0.009 0.016 0.043 0.074 0.783 
 214 N _   0.077 0.011 0.002 0.015 0.022 0.047 0.073 0.753 
 215 L _   0.084 0.018 0.002 0.021 0.027 0.050 0.073 0.725 
 216 L _   0.088 0.024 0.002 0.027 0.031 0.051 0.073 0.705 
 217 G _   0.088 0.028 0.002 0.030 0.032 0.050 0.073 0.697 
 218 A _   0.086 0.029 0.002 0.030 0.031 0.049 0.074 0.699 
 219 C _   0.081 0.029 0.002 0.027 0.028 0.046 0.075 0.712 
 220 T _   0.075 0.028 0.002 0.022 0.025 0.042 0.076 0.730 
 221 Q _   0.068 0.025 0.001 0.018 0.020 0.039 0.078 0.751 
 222 G _   0.061 0.023 0.001 0.014 0.017 0.036 0.080 0.768 
 223 G _   0.054 0.022 0.001 0.012 0.014 0.033 0.082 0.783 
 224 P _   0.048 0.022 0.001 0.011 0.012 0.030 0.084 0.792 
 225 L _   0.042 0.022 0.001 0.012 0.011 0.028 0.086 0.798 
 226 Y _   0.037 0.023 0.001 0.013 0.010 0.026 0.088 0.802 
 227 V _   0.032 0.024 0.001 0.014 0.010 0.024 0.090 0.805 
 228 L _   0.028 0.025 0.001 0.015 0.009 0.022 0.092 0.808 
 229 V _   0.023 0.027 0.001 0.015 0.008 0.020 0.095 0.811 
 230 E _   0.020 0.027 0.001 0.014 0.007 0.018 0.097 0.816 
 231 Y _   0.016 0.028 0.001 0.013 0.006 0.016 0.099 0.821 
 232 A _   0.014 0.029 0.001 0.012 0.005 0.015 0.100 0.824 
 233 A _   0.012 0.029 0.001 0.011 0.005 0.014 0.102 0.826 
 234 K _   0.011 0.031 0.001 0.011 0.005 0.013 0.104 0.825 
 235 G _   0.010 0.033 0.001 0.012 0.005 0.013 0.106 0.821 
 236 N _   0.010 0.035 0.001 0.013 0.005 0.013 0.107 0.815 
 237 L _   0.010 0.039 0.001 0.016 0.006 0.013 0.109 0.806 
 238 R _   0.010 0.042 0.001 0.019 0.006 0.014 0.111 0.796 
 239 E _   0.010 0.046 0.001 0.022 0.007 0.014 0.113 0.787 
 240 F _   0.010 0.048 0.001 0.025 0.007 0.014 0.116 0.780 
 241 L _   0.010 0.048 0.001 0.026 0.007 0.013 0.119 0.776 
 242 R _   0.010 0.047 0.001 0.026 0.007 0.013 0.123 0.774 
 243 A _   0.009 0.045 0.001 0.024 0.006 0.012 0.127 0.775 
 244 R _   0.009 0.042 0.001 0.022 0.006 0.011 0.131 0.778 
 245 R _   0.009 0.037 0.001 0.020 0.005 0.010 0.136 0.782 
 246 P _   0.009 0.031 0.001 0.017 0.004 0.009 0.142 0.787 
 247 P _   0.008 0.025 0.000 0.015 0.004 0.009 0.147 0.792 
 248 G _   0.008 0.020 0.000 0.012 0.003 0.008 0.152 0.796 
 249 L _   0.008 0.015 0.000 0.010 0.003 0.007 0.157 0.800 
 250 D _   0.007 0.011 0.000 0.008 0.002 0.006 0.160 0.804 
 251 Y _   0.006 0.007 0.000 0.007 0.002 0.006 0.163 0.808 
 252 S _   0.006 0.005 0.000 0.005 0.002 0.005 0.165 0.812 
 253 F _   0.005 0.003 0.000 0.004 0.001 0.005 0.166 0.815 
 254 D _   0.004 0.002 0.000 0.004 0.001 0.004 0.167 0.817 
 255 T _   0.004 0.002 0.000 0.003 0.001 0.004 0.166 0.819 
 256 C _   0.003 0.002 0.000 0.003 0.001 0.005 0.165 0.820 
 257 K _   0.003 0.002 0.000 0.004 0.001 0.006 0.164 0.820 
 258 P _   0.004 0.002 0.000 0.004 0.002 0.007 0.161 0.819 
 259 P _   0.004 0.003 0.000 0.006 0.002 0.010 0.158 0.817 
 260 E _   0.005 0.004 0.000 0.008 0.003 0.013 0.154 0.813 
 261 E _   0.007 0.007 0.000 0.010 0.004 0.016 0.149 0.807 
 262 Q _   0.009 0.009 0.001 0.013 0.005 0.021 0.144 0.798 
 263 L _   0.011 0.012 0.001 0.015 0.007 0.026 0.139 0.789 
 264 T _   0.016 0.015 0.001 0.016 0.010 0.032 0.133 0.777 
 265 F _   0.022 0.019 0.001 0.017 0.013 0.039 0.128 0.762 
 266 K _   0.031 0.022 0.001 0.017 0.017 0.046 0.122 0.743 
 267 D _   0.044 0.025 0.001 0.018 0.023 0.054 0.116 0.718 
 268 L _   0.060 0.030 0.002 0.018 0.031 0.062 0.110 0.687 
 269 V _   0.078 0.035 0.002 0.019 0.039 0.070 0.105 0.652 
 270 S _   0.097 0.041 0.002 0.021 0.047 0.075 0.100 0.616 
 271 C _   0.113 0.048 0.002 0.025 0.055 0.079 0.097 0.582 
 272 A _   0.127 0.054 0.003 0.028 0.060 0.080 0.094 0.554 
 273 Y _   0.138 0.059 0.003 0.032 0.062 0.079 0.091 0.536 
 274 Q _   0.145 0.062 0.003 0.034 0.061 0.077 0.090 0.529 
 275 V _   0.146 0.062 0.003 0.034 0.059 0.073 0.089 0.533 
 276 A _   0.143 0.060 0.003 0.033 0.054 0.068 0.089 0.550 
 277 R _   0.135 0.055 0.003 0.031 0.047 0.061 0.090 0.578 
 278 G _   0.124 0.048 0.002 0.027 0.039 0.055 0.091 0.615 
 279 M _   0.108 0.039 0.002 0.022 0.030 0.048 0.092 0.658 
 280 E _   0.091 0.029 0.002 0.018 0.023 0.041 0.094 0.704 
 281 Y _   0.073 0.020 0.001 0.014 0.016 0.034 0.095 0.746 
 282 L _   0.057 0.013 0.001 0.011 0.011 0.029 0.097 0.781 
 283 A _   0.044 0.008 0.001 0.008 0.008 0.024 0.098 0.809 
 284 S _   0.034 0.005 0.001 0.007 0.006 0.020 0.098 0.829 
 285 Q _   0.027 0.003 0.001 0.006 0.005 0.018 0.099 0.843 
 286 K _   0.022 0.002 0.000 0.005 0.004 0.016 0.099 0.852 
 287 C _   0.019 0.002 0.000 0.005 0.004 0.015 0.098 0.857 
 288 I _   0.017 0.002 0.000 0.005 0.004 0.015 0.098 0.859 
 289 H _   0.017 0.002 0.001 0.006 0.004 0.015 0.098 0.858 
 290 R _   0.017 0.002 0.001 0.008 0.005 0.016 0.097 0.855 
 291 D _   0.017 0.003 0.001 0.009 0.006 0.016 0.096 0.851 
 292 L _   0.018 0.003 0.001 0.011 0.007 0.017 0.096 0.846 
 293 A _   0.019 0.004 0.001 0.013 0.008 0.018 0.095 0.843 
 294 A _   0.020 0.004 0.001 0.013 0.008 0.018 0.095 0.840 
 295 R _   0.020 0.005 0.001 0.013 0.008 0.018 0.095 0.840 
 296 N _   0.020 0.005 0.001 0.013 0.008 0.018 0.095 0.841 
 297 V _   0.020 0.004 0.001 0.011 0.007 0.018 0.095 0.843 
 298 L _   0.020 0.004 0.001 0.009 0.006 0.018 0.095 0.846 
 299 V _   0.020 0.004 0.001 0.008 0.006 0.018 0.095 0.849 
 300 T _   0.021 0.004 0.001 0.006 0.005 0.018 0.095 0.851 
 301 E _   0.021 0.004 0.001 0.005 0.005 0.019 0.094 0.851 
 302 D _   0.022 0.005 0.001 0.005 0.006 0.021 0.094 0.847 
 303 N _   0.024 0.007 0.001 0.006 0.007 0.023 0.093 0.839 
 304 V _   0.027 0.011 0.001 0.009 0.009 0.026 0.093 0.826 
 305 M _   0.030 0.018 0.001 0.013 0.012 0.028 0.092 0.807 
 306 K _   0.033 0.029 0.001 0.019 0.015 0.031 0.091 0.782 
 307 I _   0.034 0.043 0.001 0.026 0.018 0.033 0.090 0.754 
 308 A _   0.035 0.056 0.002 0.035 0.021 0.033 0.089 0.729 
 309 D _   0.034 0.066 0.002 0.042 0.022 0.033 0.089 0.713 
 310 F _   0.032 0.072 0.002 0.047 0.021 0.031 0.089 0.707 
 311 G _   0.030 0.074 0.002 0.047 0.020 0.029 0.090 0.709 
 312 L _   0.028 0.073 0.001 0.044 0.017 0.026 0.092 0.719 
 313 A _   0.025 0.068 0.001 0.039 0.014 0.023 0.093 0.737 
 314 R _   0.021 0.060 0.001 0.032 0.011 0.020 0.096 0.760 
 315 D _   0.018 0.049 0.001 0.025 0.008 0.017 0.098 0.784 
 316 V _   0.016 0.037 0.001 0.018 0.006 0.014 0.100 0.808 
 317 H _   0.014 0.026 0.001 0.013 0.004 0.011 0.102 0.828 
 318 N _   0.012 0.018 0.000 0.009 0.003 0.009 0.104 0.844 
 319 L _   0.010 0.012 0.000 0.007 0.002 0.008 0.105 0.856 
 320 D _   0.009 0.008 0.000 0.005 0.002 0.007 0.105 0.863 
 321 Y _   0.008 0.006 0.000 0.004 0.002 0.006 0.105 0.869 
 322 Y _   0.007 0.005 0.000 0.004 0.002 0.006 0.104 0.872 
 323 K _   0.006 0.005 0.000 0.004 0.002 0.006 0.103 0.875 
 324 K _   0.006 0.005 0.000 0.004 0.002 0.006 0.102 0.876 
 325 T _   0.005 0.005 0.000 0.004 0.002 0.006 0.099 0.877 
 326 T _   0.005 0.007 0.000 0.005 0.002 0.007 0.096 0.876 
 327 N _   0.006 0.009 0.000 0.006 0.003 0.008 0.093 0.874 
 328 G _   0.006 0.014 0.000 0.008 0.003 0.010 0.089 0.869 
 329 R _   0.007 0.020 0.001 0.011 0.004 0.012 0.084 0.861 
 330 L _   0.007 0.029 0.001 0.014 0.005 0.014 0.079 0.850 
 331 P _   0.008 0.040 0.001 0.019 0.007 0.016 0.074 0.835 
 332 V _   0.009 0.052 0.001 0.024 0.009 0.018 0.069 0.818 
 333 K _   0.010 0.064 0.001 0.029 0.010 0.020 0.063 0.802 
 334 W _   0.011 0.073 0.001 0.034 0.012 0.022 0.059 0.788 
 335 M _   0.011 0.081 0.001 0.039 0.014 0.023 0.054 0.777 
 336 A _   0.012 0.085 0.001 0.042 0.015 0.024 0.050 0.771 
 337 P _   0.013 0.086 0.001 0.043 0.015 0.024 0.047 0.770 
 338 E _   0.014 0.085 0.001 0.042 0.015 0.024 0.045 0.775 
 339 A _   0.015 0.080 0.001 0.040 0.014 0.023 0.042 0.785 
 340 L _   0.016 0.072 0.001 0.035 0.013 0.022 0.040 0.800 
 341 F _   0.019 0.061 0.001 0.029 0.012 0.020 0.038 0.821 
 342 D _   0.022 0.045 0.001 0.022 0.010 0.019 0.037 0.844 
 343 R _   0.027 0.029 0.001 0.016 0.008 0.017 0.035 0.867 
 344 V _   0.035 0.015 0.001 0.010 0.007 0.015 0.033 0.883 
 345 Y _   0.046 0.006 0.001 0.006 0.005 0.014 0.031 0.890 
 346 T _   0.064 0.002 0.001 0.004 0.004 0.013 0.029 0.884 
 347 H _   0.091 0.000 0.001 0.002 0.004 0.012 0.026 0.863 
 348 Q _   0.134 0.000 0.001 0.001 0.004 0.012 0.024 0.824 
 349 S _   0.197 0.000 0.001 0.001 0.005 0.013 0.020 0.763 
 350 D _   0.285 0.000 0.001 0.001 0.007 0.014 0.017 0.675 
 351 V _   0.397 0.000 0.001 0.001 0.009 0.015 0.014 0.564 
 352 W H   0.518 0.000 0.001 0.001 0.011 0.015 0.011 0.442 
 353 S H   0.627 0.000 0.001 0.001 0.015 0.016 0.009 0.331 
 354 F H   0.716 0.000 0.001 0.001 0.018 0.015 0.008 0.241 
 355 G H   0.780 0.000 0.001 0.001 0.020 0.015 0.007 0.176 
 356 V H   0.821 0.000 0.001 0.001 0.022 0.014 0.007 0.135 
 357 L H   0.842 0.000 0.001 0.001 0.023 0.013 0.007 0.114 
 358 L H   0.849 0.000 0.001 0.001 0.024 0.012 0.007 0.105 
 359 W H   0.843 0.000 0.001 0.001 0.025 0.012 0.008 0.109 
 360 E H   0.822 0.000 0.002 0.002 0.026 0.012 0.010 0.127 
 361 I H   0.780 0.000 0.002 0.002 0.026 0.012 0.013 0.164 
 362 F H   0.709 0.000 0.002 0.003 0.025 0.012 0.018 0.230 
 363 T H   0.609 0.000 0.002 0.004 0.021 0.012 0.025 0.327 
 364 L H   0.487 0.000 0.002 0.004 0.016 0.012 0.034 0.445 
 365 G _   0.359 0.000 0.001 0.003 0.011 0.010 0.045 0.570 
 366 G _   0.241 0.000 0.001 0.003 0.007 0.009 0.055 0.685 
 367 S _   0.149 0.000 0.001 0.002 0.004 0.008 0.063 0.773 
 368 P _   0.087 0.000 0.000 0.002 0.003 0.007 0.069 0.832 
 369 Y _   0.051 0.000 0.000 0.001 0.002 0.006 0.074 0.865 
 370 P _   0.032 0.000 0.000 0.002 0.002 0.007 0.077 0.880 
 371 G _   0.023 0.001 0.000 0.003 0.002 0.009 0.080 0.882 
 372 I _   0.019 0.005 0.000 0.005 0.003 0.012 0.082 0.873 
 373 P _   0.018 0.015 0.001 0.011 0.006 0.016 0.084 0.850 
 374 V _   0.018 0.037 0.001 0.021 0.009 0.019 0.086 0.809 
 375 E _   0.017 0.068 0.001 0.035 0.012 0.022 0.087 0.757 
 376 E _   0.015 0.096 0.001 0.050 0.015 0.023 0.089 0.711 
 377 L _   0.013 0.114 0.001 0.060 0.016 0.023 0.091 0.680 
 378 F _   0.012 0.124 0.001 0.066 0.016 0.022 0.094 0.664 
 379 K _   0.011 0.127 0.001 0.067 0.015 0.021 0.098 0.659 
 380 L _   0.010 0.125 0.001 0.063 0.014 0.019 0.104 0.664 
 381 L _   0.009 0.118 0.001 0.055 0.012 0.017 0.111 0.677 
 382 K _   0.009 0.105 0.001 0.045 0.010 0.015 0.119 0.696 
 383 E _   0.008 0.085 0.001 0.035 0.008 0.013 0.129 0.721 
 384 G _   0.008 0.062 0.001 0.024 0.006 0.011 0.139 0.749 
 385 H _   0.007 0.040 0.001 0.016 0.004 0.010 0.149 0.773 
 386 R _   0.007 0.023 0.000 0.010 0.003 0.008 0.157 0.791 
 387 M _   0.006 0.013 0.000 0.006 0.002 0.008 0.163 0.802 
 388 D _   0.005 0.007 0.000 0.004 0.002 0.007 0.168 0.807 
 389 K _   0.005 0.004 0.000 0.003 0.001 0.008 0.171 0.807 
 390 P _   0.007 0.003 0.000 0.002 0.001 0.009 0.173 0.804 
 391 A _   0.009 0.003 0.000 0.002 0.002 0.012 0.175 0.797 
 392 N _   0.014 0.004 0.000 0.003 0.003 0.017 0.176 0.782 
 393 C _   0.022 0.007 0.001 0.005 0.006 0.025 0.176 0.757 
 394 T _   0.034 0.018 0.001 0.009 0.013 0.036 0.176 0.712 
 395 H _   0.048 0.043 0.002 0.017 0.025 0.048 0.175 0.644 
 396 D _   0.059 0.088 0.003 0.029 0.039 0.058 0.173 0.552 
 397 L _   0.066 0.145 0.003 0.044 0.050 0.064 0.172 0.455 
 398 Y _   0.071 0.193 0.003 0.057 0.057 0.066 0.173 0.380 
 399 M _   0.073 0.223 0.003 0.067 0.059 0.065 0.175 0.335 
 400 I _   0.073 0.238 0.003 0.073 0.058 0.062 0.179 0.314 
 401 M _   0.071 0.242 0.003 0.074 0.056 0.058 0.186 0.311 
 402 R _   0.067 0.238 0.003 0.070 0.051 0.053 0.194 0.324 
 403 E _   0.062 0.223 0.003 0.062 0.044 0.047 0.205 0.354 
 404 C _   0.056 0.194 0.003 0.049 0.036 0.041 0.219 0.402 
 405 W _   0.048 0.150 0.003 0.036 0.028 0.035 0.235 0.464 
 406 H _   0.041 0.102 0.002 0.025 0.020 0.030 0.252 0.529 
 407 A _   0.033 0.063 0.001 0.016 0.013 0.025 0.268 0.581 
 408 A _   0.026 0.039 0.001 0.010 0.008 0.020 0.281 0.615 
 409 P _   0.020 0.026 0.001 0.007 0.005 0.017 0.291 0.634 
 410 S _   0.016 0.020 0.000 0.005 0.004 0.014 0.299 0.641 
 411 Q _   0.013 0.018 0.000 0.005 0.003 0.013 0.305 0.642 
 412 R _   0.011 0.017 0.000 0.005 0.003 0.012 0.311 0.639 
 413 P _   0.010 0.018 0.000 0.006 0.003 0.012 0.316 0.634 
 414 T _   0.010 0.020 0.000 0.007 0.004 0.013 0.321 0.626 
 415 F _   0.010 0.022 0.001 0.008 0.004 0.013 0.326 0.616 
 416 K _   0.009 0.026 0.001 0.010 0.005 0.014 0.330 0.605 
 417 Q _   0.010 0.030 0.001 0.011 0.006 0.015 0.335 0.594 
 418 L _   0.010 0.034 0.001 0.013 0.006 0.016 0.339 0.581 
 419 V _   0.010 0.040 0.001 0.014 0.007 0.017 0.344 0.566 
 420 E _   0.011 0.046 0.001 0.017 0.009 0.018 0.349 0.550 
 421 D _   0.012 0.052 0.001 0.019 0.010 0.020 0.355 0.532 
 422 L _   0.013 0.058 0.001 0.023 0.011 0.021 0.361 0.511 
 423 D _   0.014 0.064 0.001 0.027 0.013 0.022 0.369 0.490 
 424 R _   0.014 0.069 0.001 0.032 0.014 0.022 0.378 0.470 
 425 V _   0.014 0.072 0.001 0.035 0.014 0.022 0.389 0.453 
 426 L _   0.014 0.072 0.001 0.036 0.014 0.021 0.402 0.440 
 427 T _   0.013 0.070 0.001 0.035 0.013 0.020 0.417 0.431 
 428 V X   0.012 0.067 0.001 0.032 0.012 0.018 0.433 0.426 
 429 T X   0.011 0.060 0.001 0.028 0.010 0.016 0.451 0.423 
 430 S X   0.010 0.052 0.001 0.023 0.008 0.014 0.470 0.422 
 431 T X   0.009 0.043 0.001 0.018 0.006 0.012 0.490 0.421 
 432 D X   0.008 0.035 0.001 0.014 0.005 0.011 0.509 0.417 
 433 E X   0.007 0.029 0.001 0.011 0.004 0.010 0.527 0.411 
 434 Y X   0.006 0.024 0.000 0.009 0.004 0.009 0.544 0.403 
 435 L X   0.006 0.021 0.000 0.009 0.003 0.008 0.560 0.392 
 436 D X   0.005 0.019 0.000 0.009 0.003 0.008 0.575 0.380 
 437 L X   0.005 0.017 0.000 0.010 0.003 0.008 0.590 0.367 
 438 S X   0.005 0.016 0.000 0.011 0.003 0.007 0.604 0.353 
 439 A X   0.005 0.015 0.000 0.012 0.003 0.007 0.618 0.340 
 440 P X   0.004 0.014 0.000 0.012 0.003 0.007 0.632 0.327 
 441 F X   0.004 0.013 0.000 0.012 0.003 0.006 0.646 0.315 
 442 E X   0.004 0.011 0.000 0.011 0.003 0.006 0.660 0.304 
 443 Q X   0.003 0.010 0.000 0.010 0.002 0.005 0.674 0.295 
 444 Y X   0.003 0.008 0.000 0.008 0.002 0.004 0.688 0.286 
 445 S X   0.003 0.006 0.000 0.007 0.002 0.004 0.700 0.278 
 446 P X   0.002 0.005 0.000 0.005 0.001 0.003 0.711 0.271 
 447 G X   0.002 0.004 0.000 0.004 0.001 0.003 0.721 0.265 
 448 G X   0.002 0.004 0.000 0.003 0.001 0.002 0.729 0.259 
 449 Q X   0.002 0.004 0.000 0.003 0.001 0.002 0.735 0.254 
 450 D X   0.001 0.004 0.000 0.002 0.001 0.002 0.741 0.249 
 451 T X   0.001 0.004 0.000 0.002 0.001 0.002 0.745 0.245 
 452 P X   0.001 0.004 0.000 0.002 0.001 0.002 0.748 0.242 
 453 S X   0.001 0.005 0.000 0.003 0.001 0.002 0.750 0.238 
 454 S X   0.001 0.007 0.000 0.003 0.001 0.003 0.751 0.234 
 455 S X   0.001 0.009 0.000 0.005 0.001 0.003 0.751 0.229 
 456 S X   0.001 0.013 0.000 0.006 0.001 0.004 0.751 0.222 
 457 S X   0.002 0.019 0.000 0.009 0.002 0.005 0.751 0.213 
 458 G X   0.002 0.026 0.000 0.013 0.002 0.006 0.750 0.202 
 459 D X   0.002 0.033 0.000 0.017 0.003 0.006 0.749 0.189 
 460 D X   0.002 0.040 0.000 0.022 0.004 0.007 0.749 0.176 
 461 S X   0.002 0.045 0.000 0.026 0.004 0.007 0.751 0.165 
 462 V X   0.002 0.048 0.000 0.030 0.005 0.008 0.753 0.154 
 463 F X   0.002 0.049 0.000 0.032 0.005 0.008 0.758 0.146 
 464 A X   0.002 0.049 0.000 0.032 0.005 0.008 0.765 0.139 
 465 H X   0.002 0.048 0.001 0.030 0.005 0.007 0.774 0.133 
 466 D X   0.002 0.044 0.001 0.027 0.004 0.007 0.786 0.129 
 467 L X   0.002 0.039 0.001 0.022 0.004 0.006 0.800 0.126 
 468 L X   0.002 0.032 0.000 0.018 0.003 0.005 0.817 0.122 
 469 P X   0.002 0.025 0.000 0.013 0.003 0.005 0.833 0.119 
 470 P X   0.002 0.018 0.000 0.009 0.002 0.004 0.850 0.116 
 471 A X   0.002 0.012 0.000 0.006 0.001 0.003 0.863 0.112 
 472 P X   0.001 0.008 0.000 0.004 0.001 0.002 0.874 0.108 
 473 P X   0.001 0.006 0.000 0.003 0.001 0.002 0.882 0.104 
 474 S X   0.001 0.005 0.000 0.002 0.001 0.001 0.889 0.101 
 475 S X   0.001 0.004 0.000 0.002 0.000 0.001 0.894 0.098 
 476 G X   0.000 0.003 0.000 0.002 0.000 0.001 0.898 0.096 
 477 G X   0.000 0.002 0.000 0.001 0.000 0.000 0.901 0.096 
 478 S X   0.000 0.002 0.000 0.001 0.000 0.000 0.900 0.097 
 479 R X   0.000 0.002 0.000 0.002 0.000 0.000 0.896 0.100 
 480 T X   0.001 0.002 0.001 0.009 0.002 0.002 0.878 0.105 
