#TopoPred_TM8: 8-state transmembrane topology prediction results by no_profile mode 
#probabilities are in the order of H E C I L F X _, the 8 transmembrane topology types used in PDBTM 
   1 M X   0.010 0.001 0.002 0.065 0.009 0.010 0.756 0.146 
   2 A X   0.004 0.001 0.000 0.044 0.002 0.006 0.779 0.163 
   3 A X   0.002 0.000 0.000 0.030 0.001 0.004 0.786 0.177 
   4 A X   0.001 0.000 0.000 0.022 0.001 0.004 0.785 0.186 
   5 A X   0.002 0.001 0.000 0.018 0.001 0.005 0.781 0.193 
   6 A X   0.002 0.001 0.000 0.015 0.001 0.005 0.774 0.201 
   7 Q X   0.003 0.001 0.000 0.013 0.001 0.006 0.767 0.209 
   8 G X   0.003 0.001 0.000 0.011 0.002 0.006 0.758 0.219 
   9 G X   0.003 0.001 0.000 0.010 0.002 0.005 0.749 0.229 
  10 G X   0.003 0.002 0.000 0.009 0.002 0.005 0.739 0.240 
  11 G X   0.003 0.002 0.000 0.009 0.002 0.005 0.728 0.251 
  12 G X   0.003 0.002 0.000 0.008 0.002 0.005 0.718 0.262 
  13 E X   0.003 0.002 0.000 0.008 0.002 0.005 0.707 0.273 
  14 P X   0.003 0.003 0.000 0.008 0.002 0.005 0.696 0.284 
  15 R X   0.003 0.003 0.000 0.007 0.002 0.005 0.685 0.294 
  16 R X   0.003 0.004 0.000 0.007 0.002 0.005 0.674 0.306 
  17 T X   0.003 0.004 0.000 0.007 0.002 0.005 0.661 0.318 
  18 E X   0.003 0.005 0.000 0.007 0.002 0.005 0.648 0.330 
  19 G X   0.003 0.005 0.000 0.007 0.002 0.005 0.633 0.345 
  20 V X   0.003 0.006 0.000 0.006 0.002 0.005 0.618 0.360 
  21 G X   0.003 0.007 0.000 0.006 0.002 0.006 0.600 0.376 
  22 P X   0.003 0.009 0.000 0.006 0.002 0.006 0.581 0.392 
  23 G X   0.003 0.013 0.000 0.007 0.002 0.007 0.559 0.407 
  24 V X   0.004 0.018 0.000 0.010 0.003 0.009 0.535 0.421 
  25 P X   0.004 0.028 0.001 0.013 0.005 0.011 0.507 0.431 
  26 G X   0.005 0.044 0.001 0.019 0.007 0.014 0.475 0.436 
  27 E X   0.006 0.066 0.001 0.025 0.008 0.016 0.441 0.437 
  28 V _   0.006 0.092 0.001 0.031 0.010 0.017 0.407 0.435 
  29 E _   0.007 0.118 0.001 0.036 0.011 0.018 0.377 0.433 
  30 M _   0.007 0.138 0.001 0.038 0.011 0.018 0.351 0.437 
  31 V _   0.007 0.153 0.001 0.037 0.010 0.017 0.330 0.445 
  32 K _   0.006 0.162 0.001 0.035 0.009 0.016 0.312 0.458 
  33 G _   0.006 0.168 0.001 0.031 0.008 0.015 0.296 0.474 
  34 Q _   0.006 0.171 0.001 0.027 0.007 0.014 0.283 0.491 
  35 P _   0.006 0.173 0.001 0.022 0.006 0.014 0.271 0.509 
  36 F _   0.006 0.173 0.001 0.018 0.005 0.013 0.259 0.524 
  37 D _   0.006 0.174 0.001 0.015 0.005 0.013 0.249 0.538 
  38 V _   0.006 0.176 0.001 0.013 0.005 0.013 0.238 0.548 
  39 G _   0.006 0.181 0.001 0.012 0.005 0.014 0.228 0.554 
  40 P _   0.007 0.188 0.001 0.012 0.005 0.015 0.216 0.556 
  41 R _   0.007 0.200 0.001 0.014 0.006 0.016 0.203 0.553 
  42 Y _   0.008 0.217 0.001 0.016 0.008 0.017 0.189 0.544 
  43 T _   0.008 0.241 0.001 0.019 0.009 0.018 0.174 0.529 
  44 Q _   0.008 0.271 0.001 0.023 0.011 0.019 0.158 0.508 
  45 L _   0.008 0.305 0.001 0.027 0.012 0.020 0.142 0.484 
  46 Q _   0.008 0.339 0.001 0.030 0.014 0.021 0.127 0.459 
  47 Y _   0.008 0.372 0.001 0.034 0.014 0.021 0.114 0.437 
  48 I _   0.008 0.399 0.001 0.037 0.015 0.021 0.102 0.418 
  49 G E   0.008 0.419 0.001 0.039 0.015 0.021 0.093 0.404 
  50 E E   0.008 0.432 0.001 0.041 0.015 0.020 0.086 0.396 
  51 G E   0.008 0.439 0.001 0.042 0.015 0.020 0.080 0.394 
  52 A E   0.009 0.440 0.001 0.042 0.015 0.019 0.076 0.398 
  53 Y E   0.009 0.435 0.001 0.040 0.015 0.019 0.072 0.409 
  54 G _   0.009 0.424 0.001 0.038 0.014 0.018 0.070 0.426 
  55 M _   0.009 0.406 0.001 0.034 0.013 0.018 0.067 0.451 
  56 V _   0.010 0.379 0.001 0.031 0.012 0.017 0.066 0.484 
  57 S _   0.010 0.344 0.001 0.027 0.011 0.017 0.065 0.524 
  58 S _   0.011 0.306 0.001 0.023 0.010 0.017 0.064 0.568 
  59 A _   0.011 0.270 0.001 0.019 0.009 0.017 0.064 0.610 
  60 Y _   0.011 0.238 0.001 0.016 0.008 0.017 0.063 0.646 
  61 D _   0.011 0.214 0.001 0.015 0.007 0.017 0.062 0.674 
  62 H _   0.011 0.196 0.001 0.014 0.007 0.017 0.062 0.693 
  63 V _   0.011 0.183 0.001 0.014 0.007 0.017 0.061 0.706 
  64 R _   0.012 0.174 0.001 0.015 0.007 0.017 0.060 0.715 
  65 K _   0.012 0.166 0.001 0.016 0.008 0.018 0.059 0.720 
  66 T _   0.013 0.160 0.001 0.018 0.008 0.018 0.058 0.725 
  67 R _   0.013 0.153 0.001 0.020 0.009 0.018 0.057 0.730 
  68 V _   0.013 0.144 0.001 0.021 0.009 0.018 0.057 0.737 
  69 A _   0.013 0.134 0.001 0.021 0.009 0.018 0.056 0.748 
  70 I _   0.013 0.121 0.001 0.020 0.009 0.018 0.056 0.762 
  71 K _   0.013 0.106 0.001 0.019 0.009 0.018 0.056 0.778 
  72 K _   0.013 0.090 0.001 0.017 0.008 0.018 0.056 0.797 
  73 I _   0.013 0.074 0.001 0.015 0.008 0.018 0.056 0.816 
  74 S _   0.013 0.058 0.001 0.014 0.007 0.018 0.056 0.834 
  75 P _   0.013 0.045 0.001 0.012 0.007 0.018 0.056 0.849 
  76 F _   0.014 0.034 0.001 0.011 0.006 0.018 0.056 0.862 
  77 E _   0.014 0.025 0.001 0.009 0.006 0.019 0.056 0.871 
  78 H _   0.015 0.018 0.001 0.008 0.005 0.019 0.055 0.877 
  79 Q _   0.017 0.014 0.001 0.007 0.005 0.021 0.055 0.881 
  80 T _   0.019 0.011 0.001 0.007 0.006 0.023 0.054 0.881 
  81 Y _   0.022 0.009 0.001 0.006 0.006 0.025 0.053 0.877 
  82 C _   0.027 0.008 0.001 0.006 0.008 0.028 0.052 0.869 
  83 Q _   0.033 0.008 0.001 0.007 0.010 0.032 0.051 0.857 
  84 R _   0.040 0.009 0.001 0.009 0.013 0.036 0.050 0.841 
  85 T _   0.048 0.010 0.001 0.011 0.017 0.041 0.049 0.823 
  86 L _   0.055 0.013 0.001 0.015 0.022 0.045 0.048 0.802 
  87 R _   0.062 0.015 0.002 0.019 0.026 0.048 0.047 0.781 
  88 E _   0.067 0.018 0.002 0.023 0.029 0.049 0.047 0.765 
  89 I _   0.071 0.019 0.002 0.026 0.031 0.050 0.046 0.755 
  90 Q _   0.073 0.020 0.002 0.028 0.031 0.048 0.046 0.753 
  91 I _   0.073 0.020 0.002 0.027 0.029 0.046 0.046 0.758 
  92 L _   0.071 0.018 0.002 0.024 0.026 0.043 0.047 0.770 
  93 L _   0.067 0.015 0.002 0.021 0.022 0.040 0.047 0.788 
  94 R _   0.061 0.011 0.001 0.016 0.018 0.036 0.048 0.809 
  95 F _   0.056 0.007 0.001 0.012 0.014 0.032 0.048 0.830 
  96 R _   0.050 0.004 0.001 0.008 0.010 0.029 0.049 0.848 
  97 H _   0.046 0.002 0.001 0.006 0.008 0.027 0.049 0.861 
  98 E _   0.043 0.001 0.001 0.005 0.007 0.025 0.049 0.869 
  99 N _   0.043 0.001 0.001 0.004 0.006 0.025 0.049 0.872 
 100 V _   0.044 0.000 0.001 0.004 0.006 0.025 0.049 0.870 
 101 I _   0.047 0.000 0.001 0.004 0.007 0.026 0.049 0.865 
 102 G _   0.051 0.001 0.001 0.005 0.008 0.028 0.049 0.857 
 103 I _   0.057 0.001 0.001 0.006 0.010 0.030 0.049 0.846 
 104 R _   0.063 0.001 0.001 0.008 0.012 0.033 0.049 0.833 
 105 D _   0.069 0.001 0.001 0.009 0.014 0.036 0.049 0.821 
 106 I _   0.074 0.002 0.001 0.010 0.016 0.038 0.049 0.811 
 107 L _   0.079 0.002 0.001 0.011 0.018 0.039 0.049 0.802 
 108 R _   0.083 0.002 0.001 0.011 0.019 0.040 0.049 0.795 
 109 A _   0.086 0.002 0.001 0.011 0.019 0.040 0.049 0.790 
 110 S _   0.088 0.002 0.001 0.011 0.019 0.040 0.050 0.789 
 111 T _   0.089 0.002 0.001 0.010 0.018 0.039 0.051 0.789 
 112 L _   0.089 0.002 0.001 0.010 0.017 0.038 0.052 0.791 
 113 E _   0.088 0.002 0.001 0.009 0.016 0.036 0.053 0.795 
 114 A _   0.086 0.002 0.001 0.009 0.015 0.035 0.054 0.799 
 115 M _   0.083 0.002 0.001 0.008 0.014 0.033 0.055 0.804 
 116 R _   0.080 0.002 0.001 0.008 0.013 0.032 0.056 0.809 
 117 D _   0.076 0.002 0.001 0.008 0.012 0.030 0.058 0.815 
 118 V _   0.071 0.002 0.001 0.008 0.011 0.029 0.059 0.819 
 119 Y _   0.066 0.002 0.001 0.008 0.011 0.028 0.061 0.824 
 120 I _   0.061 0.002 0.001 0.009 0.011 0.026 0.062 0.827 
 121 V _   0.055 0.003 0.001 0.010 0.010 0.025 0.064 0.832 
 122 Q _   0.050 0.003 0.001 0.011 0.010 0.024 0.065 0.836 
 123 D _   0.044 0.004 0.001 0.012 0.009 0.023 0.067 0.841 
 124 L _   0.038 0.004 0.001 0.012 0.009 0.021 0.068 0.847 
 125 M _   0.033 0.004 0.001 0.012 0.008 0.019 0.070 0.854 
 126 E _   0.028 0.004 0.001 0.011 0.007 0.018 0.071 0.860 
 127 T _   0.024 0.004 0.001 0.011 0.007 0.016 0.072 0.866 
 128 D _   0.021 0.004 0.001 0.011 0.006 0.015 0.073 0.870 
 129 L _   0.018 0.003 0.001 0.011 0.005 0.014 0.074 0.874 
 130 Y _   0.016 0.003 0.001 0.010 0.005 0.013 0.076 0.877 
 131 K _   0.015 0.003 0.001 0.010 0.005 0.012 0.077 0.879 
 132 L _   0.013 0.002 0.001 0.009 0.004 0.011 0.078 0.882 
 133 L _   0.012 0.002 0.000 0.008 0.004 0.010 0.078 0.885 
 134 K _   0.012 0.001 0.000 0.007 0.003 0.010 0.079 0.888 
 135 S _   0.011 0.001 0.000 0.005 0.003 0.009 0.079 0.891 
 136 Q _   0.011 0.001 0.000 0.004 0.002 0.009 0.079 0.893 
 137 Q _   0.012 0.000 0.000 0.003 0.002 0.010 0.079 0.893 
 138 L _   0.014 0.000 0.000 0.003 0.002 0.011 0.078 0.891 
 139 S _   0.019 0.000 0.000 0.002 0.003 0.014 0.077 0.884 
 140 N _   0.026 0.000 0.000 0.002 0.004 0.018 0.076 0.873 
 141 D _   0.038 0.001 0.001 0.003 0.006 0.025 0.074 0.853 
 142 H _   0.054 0.002 0.001 0.005 0.010 0.033 0.072 0.822 
 143 I _   0.073 0.007 0.001 0.008 0.018 0.044 0.070 0.779 
 144 C _   0.092 0.016 0.002 0.014 0.029 0.053 0.067 0.728 
 145 Y _   0.108 0.030 0.002 0.021 0.039 0.061 0.065 0.674 
 146 F _   0.118 0.045 0.003 0.030 0.047 0.066 0.063 0.629 
 147 L _   0.124 0.057 0.003 0.037 0.052 0.068 0.062 0.598 
 148 Y _   0.126 0.065 0.003 0.042 0.054 0.067 0.061 0.583 
 149 Q _   0.123 0.069 0.003 0.043 0.053 0.065 0.061 0.584 
 150 I _   0.117 0.070 0.003 0.042 0.049 0.061 0.061 0.598 
 151 L _   0.108 0.066 0.002 0.037 0.043 0.056 0.062 0.624 
 152 R _   0.097 0.060 0.002 0.031 0.036 0.051 0.063 0.660 
 153 G _   0.085 0.052 0.002 0.025 0.029 0.045 0.064 0.699 
 154 L _   0.072 0.042 0.002 0.020 0.022 0.039 0.066 0.738 
 155 K _   0.059 0.034 0.001 0.016 0.016 0.034 0.067 0.773 
 156 Y _   0.048 0.027 0.001 0.014 0.012 0.029 0.068 0.801 
 157 I _   0.038 0.023 0.001 0.013 0.010 0.025 0.070 0.822 
 158 H _   0.030 0.019 0.001 0.012 0.008 0.021 0.071 0.838 
 159 S _   0.025 0.016 0.001 0.012 0.007 0.019 0.072 0.850 
 160 A _   0.020 0.014 0.001 0.012 0.006 0.016 0.072 0.859 
 161 N _   0.017 0.012 0.001 0.011 0.005 0.014 0.073 0.868 
 162 V _   0.014 0.010 0.001 0.010 0.004 0.012 0.074 0.875 
 163 L _   0.012 0.008 0.000 0.009 0.004 0.011 0.074 0.882 
 164 H _   0.010 0.007 0.000 0.007 0.003 0.010 0.074 0.888 
 165 R _   0.009 0.006 0.000 0.006 0.003 0.009 0.074 0.893 
 166 D _   0.008 0.005 0.000 0.005 0.003 0.009 0.073 0.896 
 167 L _   0.008 0.005 0.000 0.005 0.003 0.009 0.073 0.898 
 168 K _   0.008 0.005 0.000 0.005 0.003 0.010 0.072 0.897 
 169 P _   0.009 0.006 0.000 0.006 0.003 0.011 0.071 0.893 
 170 S _   0.010 0.008 0.000 0.008 0.004 0.013 0.070 0.886 
 171 N _   0.012 0.012 0.001 0.011 0.006 0.015 0.069 0.875 
 172 L _   0.013 0.017 0.001 0.014 0.007 0.018 0.067 0.864 
 173 L _   0.014 0.022 0.001 0.017 0.008 0.019 0.066 0.853 
 174 I _   0.015 0.026 0.001 0.019 0.009 0.021 0.065 0.845 
 175 N _   0.016 0.029 0.001 0.019 0.010 0.022 0.063 0.840 
 176 T _   0.016 0.032 0.001 0.018 0.010 0.023 0.062 0.837 
 177 T _   0.017 0.034 0.001 0.017 0.010 0.024 0.061 0.836 
 178 C _   0.019 0.036 0.001 0.015 0.010 0.025 0.060 0.834 
 179 D _   0.020 0.038 0.001 0.015 0.011 0.027 0.059 0.830 
 180 L _   0.023 0.041 0.001 0.015 0.012 0.029 0.058 0.821 
 181 K _   0.026 0.046 0.001 0.018 0.014 0.030 0.057 0.808 
 182 I _   0.028 0.053 0.001 0.023 0.017 0.032 0.056 0.790 
 183 C _   0.031 0.061 0.001 0.030 0.019 0.032 0.055 0.770 
 184 D _   0.032 0.068 0.002 0.038 0.021 0.032 0.055 0.752 
 185 F _   0.032 0.073 0.002 0.044 0.021 0.031 0.055 0.741 
 186 G _   0.031 0.074 0.002 0.047 0.020 0.030 0.055 0.740 
 187 L _   0.029 0.072 0.001 0.046 0.018 0.027 0.056 0.750 
 188 A _   0.026 0.066 0.001 0.041 0.015 0.024 0.057 0.770 
 189 R _   0.023 0.054 0.001 0.032 0.012 0.020 0.059 0.799 
 190 I _   0.019 0.039 0.001 0.022 0.008 0.017 0.060 0.834 
 191 A _   0.016 0.023 0.001 0.013 0.005 0.014 0.061 0.867 
 192 D _   0.012 0.011 0.000 0.007 0.003 0.011 0.061 0.892 
 193 P _   0.010 0.005 0.000 0.004 0.002 0.010 0.061 0.907 
 194 E _   0.009 0.003 0.000 0.002 0.002 0.009 0.061 0.914 
 195 H _   0.009 0.002 0.000 0.002 0.002 0.011 0.060 0.915 
 196 D _   0.011 0.003 0.000 0.002 0.002 0.013 0.059 0.909 
 197 H _   0.015 0.006 0.000 0.004 0.004 0.018 0.057 0.896 
 198 T _   0.021 0.015 0.001 0.008 0.008 0.026 0.054 0.868 
 199 G _   0.027 0.039 0.001 0.016 0.015 0.034 0.050 0.818 
 200 F _   0.031 0.082 0.002 0.027 0.023 0.041 0.046 0.748 
 201 L _   0.034 0.131 0.002 0.039 0.030 0.046 0.041 0.677 
 202 T _   0.036 0.173 0.002 0.050 0.034 0.048 0.037 0.620 
 203 E _   0.036 0.201 0.002 0.057 0.037 0.049 0.034 0.584 
 204 Y _   0.036 0.217 0.002 0.059 0.038 0.049 0.032 0.567 
 205 V _   0.037 0.225 0.002 0.059 0.037 0.048 0.030 0.562 
 206 A _   0.036 0.225 0.002 0.056 0.036 0.046 0.029 0.570 
 207 T _   0.036 0.221 0.002 0.051 0.033 0.043 0.028 0.587 
 208 R _   0.035 0.211 0.002 0.045 0.030 0.041 0.027 0.610 
 209 W _   0.032 0.195 0.002 0.040 0.027 0.037 0.027 0.640 
 210 Y _   0.030 0.176 0.002 0.035 0.023 0.034 0.027 0.673 
 211 R _   0.028 0.155 0.002 0.031 0.019 0.031 0.027 0.708 
 212 A _   0.026 0.133 0.001 0.028 0.016 0.028 0.027 0.742 
 213 P _   0.024 0.111 0.001 0.025 0.013 0.024 0.027 0.774 
 214 E _   0.022 0.090 0.001 0.022 0.011 0.022 0.027 0.805 
 215 I _   0.021 0.069 0.001 0.019 0.009 0.019 0.027 0.836 
 216 M _   0.021 0.049 0.001 0.015 0.007 0.016 0.027 0.863 
 217 L _   0.021 0.032 0.001 0.012 0.006 0.014 0.027 0.887 
 218 N _   0.023 0.018 0.001 0.009 0.005 0.012 0.026 0.907 
 219 S _   0.027 0.008 0.001 0.006 0.004 0.011 0.025 0.918 
 220 K _   0.034 0.003 0.000 0.004 0.003 0.010 0.024 0.922 
 221 G _   0.047 0.001 0.000 0.002 0.003 0.009 0.023 0.914 
 222 Y _   0.070 0.000 0.000 0.002 0.003 0.009 0.021 0.894 
 223 T _   0.110 0.000 0.000 0.001 0.003 0.010 0.019 0.856 
 224 K _   0.174 0.000 0.001 0.001 0.005 0.012 0.017 0.791 
 225 S _   0.269 0.000 0.001 0.001 0.007 0.014 0.014 0.694 
 226 I _   0.391 0.000 0.001 0.001 0.010 0.016 0.012 0.569 
 227 D H   0.517 0.000 0.001 0.001 0.014 0.018 0.009 0.439 
 228 I H   0.628 0.000 0.001 0.001 0.019 0.020 0.008 0.323 
 229 W H   0.710 0.000 0.001 0.001 0.023 0.020 0.007 0.237 
 230 S H   0.763 0.000 0.001 0.001 0.026 0.019 0.006 0.182 
 231 V H   0.794 0.000 0.001 0.002 0.028 0.019 0.006 0.150 
 232 G H   0.807 0.000 0.002 0.002 0.029 0.018 0.007 0.135 
 233 C H   0.806 0.000 0.002 0.003 0.030 0.017 0.007 0.135 
 234 I H   0.789 0.000 0.002 0.003 0.030 0.016 0.009 0.151 
 235 L H   0.754 0.000 0.002 0.003 0.029 0.016 0.010 0.186 
 236 A H   0.695 0.000 0.002 0.003 0.026 0.015 0.013 0.245 
 237 E H   0.610 0.000 0.002 0.003 0.022 0.015 0.017 0.331 
 238 M H   0.503 0.000 0.002 0.003 0.017 0.014 0.022 0.440 
 239 L _   0.388 0.000 0.001 0.003 0.012 0.013 0.027 0.556 
 240 S _   0.280 0.000 0.001 0.003 0.008 0.012 0.033 0.664 
 241 N _   0.193 0.000 0.001 0.003 0.006 0.011 0.038 0.749 
 242 R _   0.128 0.000 0.001 0.003 0.004 0.010 0.043 0.812 
 243 P _   0.084 0.000 0.000 0.003 0.003 0.009 0.046 0.854 
 244 I _   0.056 0.000 0.000 0.003 0.003 0.009 0.049 0.880 
 245 F _   0.038 0.000 0.000 0.003 0.003 0.009 0.051 0.896 
 246 P _   0.027 0.000 0.000 0.003 0.002 0.010 0.053 0.904 
 247 G _   0.022 0.001 0.000 0.003 0.003 0.011 0.054 0.907 
 248 K _   0.019 0.001 0.000 0.004 0.003 0.012 0.055 0.906 
 249 H _   0.018 0.002 0.000 0.004 0.004 0.015 0.055 0.901 
 250 Y _   0.020 0.005 0.001 0.006 0.005 0.018 0.055 0.890 
 251 L _   0.022 0.011 0.001 0.008 0.008 0.023 0.055 0.872 
 252 D _   0.026 0.022 0.001 0.013 0.012 0.028 0.055 0.843 
 253 Q _   0.030 0.039 0.001 0.021 0.017 0.032 0.055 0.805 
 254 L _   0.033 0.063 0.002 0.031 0.023 0.036 0.054 0.759 
 255 N _   0.034 0.086 0.002 0.042 0.027 0.039 0.054 0.716 
 256 H _   0.035 0.103 0.002 0.052 0.029 0.039 0.055 0.685 
 257 I _   0.035 0.113 0.002 0.059 0.030 0.039 0.056 0.667 
 258 L _   0.033 0.117 0.002 0.062 0.028 0.037 0.057 0.664 
 259 G _   0.032 0.115 0.002 0.058 0.026 0.035 0.059 0.674 
 260 I _   0.029 0.108 0.002 0.050 0.022 0.031 0.062 0.696 
 261 L _   0.026 0.094 0.002 0.039 0.017 0.028 0.065 0.729 
 262 G _   0.023 0.075 0.001 0.027 0.013 0.024 0.068 0.769 
 263 S _   0.020 0.055 0.001 0.017 0.009 0.021 0.071 0.806 
 264 P _   0.017 0.041 0.001 0.010 0.006 0.019 0.073 0.833 
 265 S _   0.015 0.034 0.000 0.006 0.004 0.017 0.075 0.848 
 266 Q _   0.014 0.031 0.000 0.005 0.004 0.017 0.077 0.853 
 267 E _   0.014 0.031 0.000 0.005 0.004 0.018 0.078 0.850 
 268 D _   0.015 0.035 0.001 0.008 0.005 0.019 0.078 0.839 
 269 L _   0.016 0.043 0.001 0.013 0.008 0.022 0.079 0.819 
 270 N _   0.017 0.058 0.001 0.020 0.011 0.024 0.079 0.790 
 271 C _   0.018 0.076 0.001 0.029 0.013 0.025 0.080 0.757 
 272 I _   0.019 0.092 0.001 0.038 0.016 0.026 0.080 0.727 
 273 I _   0.019 0.103 0.001 0.046 0.017 0.026 0.082 0.706 
 274 N _   0.019 0.109 0.001 0.049 0.018 0.026 0.083 0.695 
 275 M _   0.019 0.110 0.001 0.050 0.017 0.024 0.086 0.693 
 276 K _   0.018 0.107 0.001 0.047 0.016 0.023 0.089 0.699 
 277 A _   0.017 0.100 0.001 0.041 0.014 0.020 0.093 0.714 
 278 R _   0.016 0.087 0.001 0.033 0.011 0.018 0.098 0.735 
 279 N _   0.014 0.071 0.001 0.025 0.009 0.016 0.103 0.761 
 280 Y _   0.013 0.054 0.001 0.018 0.006 0.013 0.108 0.787 
 281 L _   0.012 0.039 0.001 0.012 0.005 0.012 0.113 0.808 
 282 Q _   0.010 0.029 0.000 0.008 0.003 0.010 0.116 0.823 
 283 S _   0.009 0.023 0.000 0.005 0.003 0.009 0.119 0.832 
 284 L _   0.008 0.020 0.000 0.004 0.002 0.009 0.121 0.835 
 285 P _   0.008 0.020 0.000 0.005 0.002 0.009 0.123 0.834 
 286 S _   0.008 0.021 0.000 0.006 0.003 0.010 0.124 0.828 
 287 K _   0.009 0.024 0.000 0.009 0.004 0.011 0.125 0.818 
 288 T _   0.010 0.029 0.001 0.014 0.005 0.013 0.126 0.802 
 289 K _   0.011 0.037 0.001 0.021 0.007 0.015 0.127 0.783 
 290 V _   0.011 0.044 0.001 0.028 0.008 0.016 0.128 0.764 
 291 A _   0.011 0.049 0.001 0.033 0.009 0.016 0.130 0.750 
 292 W _   0.011 0.052 0.001 0.036 0.009 0.016 0.132 0.744 
 293 A _   0.011 0.051 0.001 0.035 0.009 0.015 0.135 0.744 
 294 K _   0.010 0.049 0.001 0.030 0.008 0.013 0.138 0.751 
 295 L _   0.009 0.043 0.001 0.024 0.006 0.011 0.142 0.764 
 296 F _   0.008 0.036 0.001 0.017 0.005 0.010 0.146 0.778 
 297 P _   0.007 0.029 0.000 0.011 0.003 0.008 0.150 0.791 
 298 K _   0.006 0.024 0.000 0.007 0.002 0.007 0.153 0.800 
 299 S _   0.006 0.021 0.000 0.005 0.002 0.007 0.155 0.805 
 300 D _   0.005 0.019 0.000 0.004 0.002 0.007 0.157 0.805 
 301 S _   0.006 0.020 0.000 0.004 0.002 0.008 0.158 0.801 
 302 K _   0.006 0.023 0.000 0.006 0.003 0.009 0.159 0.793 
 303 A _   0.007 0.028 0.000 0.010 0.004 0.011 0.159 0.779 
 304 L _   0.008 0.038 0.001 0.015 0.006 0.014 0.159 0.759 
 305 D _   0.009 0.052 0.001 0.023 0.007 0.015 0.159 0.734 
 306 L _   0.010 0.064 0.001 0.031 0.009 0.017 0.159 0.709 
 307 L _   0.010 0.074 0.001 0.037 0.011 0.018 0.160 0.690 
 308 D _   0.010 0.079 0.001 0.041 0.011 0.018 0.161 0.680 
 309 R _   0.010 0.080 0.001 0.040 0.011 0.017 0.164 0.677 
 310 M _   0.010 0.078 0.001 0.037 0.010 0.016 0.167 0.681 
 311 L _   0.010 0.073 0.001 0.030 0.009 0.015 0.171 0.692 
 312 T _   0.009 0.065 0.001 0.022 0.007 0.014 0.175 0.707 
 313 F _   0.009 0.056 0.001 0.016 0.005 0.013 0.180 0.721 
 314 N _   0.008 0.048 0.001 0.010 0.004 0.012 0.184 0.733 
 315 P _   0.008 0.043 0.000 0.007 0.003 0.012 0.188 0.738 
 316 N _   0.009 0.041 0.000 0.006 0.003 0.012 0.191 0.738 
 317 K _   0.009 0.042 0.000 0.006 0.003 0.013 0.194 0.733 
 318 R _   0.011 0.046 0.000 0.007 0.004 0.015 0.196 0.721 
 319 I _   0.012 0.054 0.001 0.011 0.006 0.017 0.197 0.701 
 320 T _   0.014 0.070 0.001 0.017 0.009 0.020 0.199 0.671 
 321 V _   0.014 0.093 0.001 0.026 0.011 0.022 0.200 0.633 
 322 E _   0.015 0.117 0.001 0.035 0.014 0.023 0.201 0.594 
 323 E _   0.015 0.137 0.001 0.043 0.015 0.023 0.203 0.562 
 324 A _   0.014 0.149 0.001 0.050 0.016 0.023 0.207 0.540 
 325 L _   0.014 0.156 0.001 0.054 0.016 0.022 0.211 0.526 
 326 A _   0.014 0.158 0.001 0.055 0.015 0.021 0.216 0.520 
 327 H _   0.013 0.155 0.001 0.053 0.014 0.019 0.224 0.521 
 328 P _   0.012 0.146 0.001 0.049 0.012 0.018 0.233 0.529 
 329 Y _   0.011 0.132 0.001 0.042 0.010 0.015 0.244 0.544 
 330 L _   0.011 0.111 0.001 0.033 0.008 0.013 0.257 0.565 
 331 E _   0.010 0.084 0.001 0.024 0.006 0.011 0.270 0.592 
 332 Q _   0.009 0.057 0.001 0.016 0.005 0.009 0.283 0.619 
 333 Y _   0.008 0.036 0.000 0.010 0.003 0.007 0.294 0.642 
 334 Y _   0.006 0.022 0.000 0.006 0.002 0.006 0.301 0.657 
 335 D _   0.005 0.015 0.000 0.003 0.001 0.005 0.306 0.665 
 336 P _   0.004 0.012 0.000 0.002 0.001 0.004 0.309 0.668 
 337 T _   0.004 0.011 0.000 0.002 0.001 0.005 0.310 0.667 
 338 D _   0.004 0.013 0.000 0.003 0.001 0.006 0.311 0.663 
 339 E _   0.005 0.017 0.000 0.005 0.002 0.008 0.310 0.654 
 340 P _   0.006 0.029 0.000 0.009 0.004 0.011 0.307 0.633 
 341 V _   0.008 0.058 0.001 0.018 0.007 0.015 0.302 0.590 
 342 A _   0.009 0.110 0.001 0.032 0.011 0.019 0.295 0.523 
 343 E _   0.009 0.170 0.002 0.048 0.014 0.021 0.288 0.450 
 344 E _   0.008 0.217 0.001 0.061 0.015 0.021 0.283 0.394 
 345 P _   0.008 0.244 0.001 0.071 0.015 0.021 0.280 0.360 
 346 F _   0.007 0.256 0.001 0.076 0.015 0.020 0.281 0.344 
 347 T _   0.007 0.259 0.001 0.076 0.014 0.019 0.283 0.341 
 348 F _   0.007 0.255 0.001 0.070 0.013 0.017 0.288 0.349 
 349 A _   0.007 0.242 0.001 0.060 0.012 0.015 0.295 0.369 
 350 M _   0.007 0.216 0.001 0.047 0.010 0.013 0.304 0.401 
 351 E _   0.007 0.178 0.001 0.033 0.008 0.012 0.317 0.445 
 352 L _   0.007 0.135 0.001 0.021 0.006 0.010 0.330 0.491 
 353 D _   0.006 0.100 0.001 0.012 0.004 0.009 0.340 0.528 
 354 D _   0.005 0.080 0.000 0.007 0.002 0.008 0.348 0.548 
 355 L _   0.005 0.071 0.000 0.004 0.002 0.008 0.353 0.556 
 356 P _   0.005 0.069 0.000 0.003 0.002 0.009 0.357 0.556 
 357 K _   0.006 0.070 0.000 0.004 0.002 0.010 0.359 0.549 
 358 E _   0.007 0.076 0.000 0.006 0.003 0.013 0.361 0.533 
 359 R _   0.009 0.093 0.001 0.011 0.006 0.016 0.361 0.504 
 360 L _   0.010 0.125 0.001 0.018 0.008 0.019 0.361 0.459 
 361 K _   0.011 0.167 0.001 0.026 0.011 0.021 0.360 0.405 
 362 E X   0.010 0.206 0.001 0.033 0.013 0.021 0.360 0.355 
 363 L X   0.010 0.236 0.001 0.038 0.013 0.022 0.361 0.319 
 364 I X   0.009 0.255 0.001 0.042 0.014 0.021 0.364 0.294 
 365 F X   0.009 0.265 0.001 0.043 0.014 0.021 0.368 0.278 
 366 Q X   0.009 0.270 0.001 0.043 0.014 0.021 0.374 0.268 
 367 E X   0.009 0.271 0.001 0.042 0.013 0.020 0.381 0.262 
 368 T X   0.010 0.267 0.001 0.040 0.013 0.019 0.391 0.260 
 369 A X   0.010 0.260 0.001 0.037 0.012 0.018 0.403 0.260 
 370 R X   0.010 0.248 0.001 0.034 0.011 0.017 0.416 0.263 
 371 F X   0.009 0.232 0.001 0.031 0.010 0.015 0.431 0.270 
 372 Q X   0.008 0.214 0.001 0.028 0.009 0.013 0.448 0.279 
 373 P X   0.007 0.194 0.001 0.025 0.008 0.011 0.467 0.289 
 374 G X   0.005 0.170 0.001 0.021 0.006 0.008 0.486 0.303 
 375 V X   0.003 0.141 0.001 0.016 0.004 0.005 0.508 0.323 
 376 L X   0.001 0.107 0.000 0.010 0.001 0.002 0.527 0.351 
 377 E X   0.000 0.081 0.000 0.006 0.000 0.001 0.534 0.377 
 378 A X   0.000 0.069 0.000 0.006 0.000 0.001 0.533 0.390 
 379 P X   0.003 0.064 0.001 0.014 0.003 0.003 0.523 0.389 
