#TopoPred_TM8: 8-state transmembrane topology prediction results by no_profile mode 
#probabilities are in the order of H E C I L F X _, the 8 transmembrane topology types used in PDBTM 
   1 M X   0.018 0.002 0.003 0.061 0.011 0.013 0.618 0.274 
   2 S X   0.007 0.001 0.000 0.035 0.002 0.007 0.634 0.314 
   3 R X   0.002 0.001 0.000 0.018 0.001 0.005 0.635 0.338 
   4 R X   0.002 0.001 0.000 0.012 0.001 0.006 0.628 0.350 
   5 R X   0.003 0.002 0.000 0.011 0.001 0.010 0.615 0.358 
   6 F X   0.005 0.005 0.000 0.012 0.003 0.015 0.595 0.365 
   7 D X   0.009 0.011 0.001 0.016 0.005 0.022 0.571 0.365 
   8 C X   0.013 0.026 0.001 0.024 0.009 0.028 0.539 0.360 
   9 R X   0.016 0.052 0.002 0.035 0.014 0.033 0.500 0.348 
  10 S X   0.017 0.087 0.002 0.049 0.020 0.037 0.456 0.332 
  11 I X   0.018 0.119 0.002 0.061 0.024 0.038 0.417 0.320 
  12 S X   0.018 0.142 0.002 0.068 0.027 0.039 0.387 0.317 
  13 G X   0.019 0.156 0.002 0.071 0.028 0.038 0.363 0.323 
  14 L X   0.019 0.162 0.002 0.070 0.028 0.037 0.345 0.335 
  15 L _   0.020 0.163 0.002 0.065 0.027 0.036 0.331 0.356 
  16 T _   0.020 0.160 0.002 0.057 0.025 0.033 0.320 0.383 
  17 T _   0.020 0.152 0.002 0.048 0.022 0.031 0.310 0.416 
  18 T _   0.019 0.140 0.002 0.039 0.018 0.028 0.302 0.453 
  19 P _   0.018 0.124 0.001 0.031 0.014 0.025 0.295 0.491 
  20 Q _   0.017 0.109 0.001 0.024 0.011 0.022 0.289 0.527 
  21 I _   0.015 0.094 0.001 0.019 0.009 0.020 0.283 0.559 
  22 P _   0.014 0.082 0.001 0.015 0.007 0.017 0.277 0.587 
  23 I _   0.012 0.072 0.001 0.012 0.006 0.016 0.271 0.610 
  24 K _   0.011 0.065 0.001 0.010 0.005 0.014 0.265 0.628 
  25 M _   0.010 0.060 0.001 0.009 0.004 0.013 0.259 0.643 
  26 E _   0.009 0.057 0.001 0.008 0.004 0.013 0.253 0.655 
  27 N _   0.009 0.055 0.001 0.008 0.004 0.012 0.246 0.664 
  28 F _   0.009 0.055 0.001 0.009 0.004 0.012 0.239 0.671 
  29 N _   0.009 0.056 0.001 0.010 0.005 0.013 0.232 0.675 
  30 N _   0.009 0.058 0.001 0.012 0.005 0.013 0.225 0.677 
  31 F _   0.009 0.060 0.001 0.013 0.006 0.014 0.218 0.679 
  32 Y _   0.009 0.063 0.001 0.015 0.006 0.014 0.211 0.681 
  33 I _   0.009 0.066 0.001 0.016 0.006 0.014 0.205 0.684 
  34 L _   0.009 0.067 0.001 0.016 0.006 0.014 0.198 0.688 
  35 T _   0.009 0.069 0.001 0.015 0.006 0.014 0.192 0.694 
  36 S _   0.009 0.070 0.001 0.013 0.006 0.015 0.186 0.701 
  37 K _   0.009 0.071 0.001 0.012 0.006 0.015 0.180 0.706 
  38 E _   0.009 0.072 0.001 0.011 0.006 0.016 0.175 0.710 
  39 L _   0.010 0.075 0.001 0.011 0.006 0.017 0.169 0.711 
  40 G _   0.012 0.080 0.001 0.012 0.007 0.019 0.162 0.707 
  41 R _   0.013 0.088 0.001 0.015 0.009 0.021 0.156 0.697 
  42 G _   0.015 0.099 0.001 0.019 0.011 0.023 0.150 0.682 
  43 K _   0.017 0.113 0.001 0.024 0.014 0.025 0.143 0.663 
  44 F _   0.018 0.127 0.001 0.030 0.016 0.026 0.137 0.644 
  45 A _   0.018 0.138 0.001 0.036 0.017 0.026 0.132 0.630 
  46 V _   0.019 0.145 0.001 0.040 0.018 0.026 0.128 0.623 
  47 V _   0.019 0.148 0.001 0.041 0.017 0.025 0.125 0.624 
  48 R _   0.018 0.147 0.001 0.039 0.016 0.024 0.122 0.633 
  49 Q _   0.017 0.142 0.001 0.035 0.014 0.022 0.120 0.648 
  50 C _   0.016 0.132 0.001 0.030 0.012 0.020 0.119 0.671 
  51 I _   0.015 0.119 0.001 0.024 0.010 0.018 0.118 0.696 
  52 S _   0.014 0.104 0.001 0.019 0.008 0.016 0.117 0.721 
  53 K _   0.013 0.090 0.001 0.015 0.007 0.015 0.117 0.743 
  54 S _   0.012 0.079 0.001 0.012 0.005 0.014 0.116 0.761 
  55 T _   0.011 0.071 0.001 0.012 0.005 0.013 0.116 0.773 
  56 G _   0.011 0.065 0.001 0.012 0.005 0.013 0.115 0.780 
  57 Q _   0.010 0.061 0.001 0.013 0.005 0.012 0.114 0.784 
  58 E _   0.010 0.058 0.001 0.015 0.005 0.012 0.113 0.787 
  59 Y _   0.010 0.054 0.001 0.016 0.005 0.012 0.112 0.790 
  60 A _   0.009 0.050 0.001 0.017 0.005 0.011 0.112 0.794 
  61 A _   0.009 0.046 0.001 0.018 0.005 0.011 0.111 0.800 
  62 K _   0.009 0.039 0.001 0.016 0.005 0.010 0.111 0.810 
  63 F _   0.008 0.031 0.001 0.014 0.004 0.009 0.110 0.822 
  64 L _   0.008 0.023 0.000 0.011 0.003 0.008 0.110 0.836 
  65 K _   0.008 0.015 0.000 0.008 0.003 0.008 0.109 0.850 
  66 K _   0.008 0.008 0.000 0.006 0.002 0.007 0.108 0.861 
  67 R _   0.008 0.004 0.000 0.004 0.002 0.007 0.106 0.869 
  68 R _   0.011 0.001 0.000 0.003 0.002 0.007 0.104 0.872 
  69 R _   0.016 0.001 0.000 0.002 0.002 0.009 0.101 0.870 
  70 G _   0.027 0.000 0.000 0.002 0.002 0.011 0.097 0.860 
  71 Q _   0.047 0.000 0.000 0.002 0.003 0.016 0.093 0.838 
  72 D _   0.082 0.000 0.001 0.003 0.006 0.023 0.087 0.799 
  73 C _   0.135 0.000 0.001 0.003 0.010 0.032 0.080 0.739 
  74 R _   0.199 0.000 0.001 0.004 0.017 0.042 0.073 0.663 
  75 A _   0.265 0.001 0.002 0.006 0.028 0.053 0.066 0.581 
  76 E _   0.326 0.001 0.002 0.007 0.040 0.061 0.060 0.503 
  77 I _   0.377 0.002 0.002 0.009 0.051 0.066 0.055 0.437 
  78 L H   0.413 0.004 0.003 0.012 0.059 0.068 0.051 0.391 
  79 H H   0.437 0.005 0.003 0.014 0.063 0.068 0.049 0.362 
  80 E H   0.447 0.006 0.003 0.016 0.064 0.065 0.047 0.352 
  81 I H   0.446 0.006 0.003 0.016 0.062 0.061 0.046 0.360 
  82 A H   0.432 0.006 0.003 0.016 0.056 0.056 0.046 0.385 
  83 V _   0.404 0.005 0.003 0.014 0.048 0.051 0.046 0.430 
  84 L _   0.365 0.003 0.002 0.011 0.038 0.044 0.047 0.490 
  85 E _   0.316 0.002 0.002 0.008 0.028 0.038 0.048 0.559 
  86 L _   0.264 0.001 0.001 0.005 0.019 0.032 0.049 0.629 
  87 A _   0.210 0.000 0.001 0.004 0.013 0.027 0.050 0.695 
  88 K _   0.164 0.000 0.001 0.003 0.009 0.023 0.050 0.750 
  89 S _   0.126 0.000 0.001 0.003 0.007 0.021 0.051 0.792 
  90 C _   0.098 0.000 0.001 0.003 0.006 0.019 0.051 0.821 
  91 P _   0.077 0.000 0.001 0.004 0.006 0.018 0.052 0.842 
  92 R _   0.063 0.000 0.001 0.006 0.006 0.017 0.052 0.855 
  93 V _   0.051 0.001 0.001 0.008 0.006 0.017 0.052 0.865 
  94 I _   0.042 0.001 0.001 0.009 0.006 0.017 0.052 0.873 
  95 N _   0.035 0.001 0.001 0.010 0.006 0.016 0.051 0.880 
  96 L _   0.029 0.001 0.001 0.009 0.006 0.015 0.051 0.887 
  97 H _   0.025 0.001 0.001 0.008 0.005 0.015 0.051 0.895 
  98 E _   0.022 0.001 0.001 0.007 0.005 0.014 0.050 0.902 
  99 V _   0.019 0.001 0.000 0.005 0.004 0.014 0.049 0.907 
 100 Y _   0.019 0.000 0.000 0.004 0.004 0.014 0.049 0.910 
 101 E _   0.019 0.000 0.000 0.004 0.004 0.015 0.048 0.910 
 102 N _   0.021 0.000 0.000 0.004 0.004 0.017 0.047 0.907 
 103 T _   0.024 0.000 0.001 0.004 0.005 0.020 0.045 0.900 
 104 S _   0.029 0.001 0.001 0.006 0.007 0.023 0.044 0.890 
 105 E _   0.034 0.001 0.001 0.008 0.009 0.027 0.043 0.877 
 106 I _   0.041 0.002 0.001 0.010 0.011 0.032 0.041 0.862 
 107 I _   0.049 0.002 0.001 0.012 0.014 0.036 0.040 0.846 
 108 L _   0.057 0.003 0.001 0.014 0.017 0.040 0.038 0.830 
 109 I _   0.065 0.003 0.001 0.015 0.019 0.043 0.037 0.816 
 110 L _   0.073 0.003 0.001 0.015 0.021 0.046 0.035 0.805 
 111 E _   0.081 0.003 0.001 0.014 0.022 0.049 0.034 0.796 
 112 Y _   0.088 0.003 0.001 0.012 0.022 0.050 0.033 0.790 
 113 A _   0.096 0.002 0.001 0.010 0.022 0.052 0.032 0.784 
 114 A _   0.103 0.002 0.001 0.009 0.022 0.052 0.032 0.779 
 115 G _   0.110 0.001 0.001 0.008 0.022 0.053 0.031 0.774 
 116 G _   0.118 0.001 0.001 0.007 0.022 0.054 0.030 0.766 
 117 E _   0.126 0.002 0.001 0.007 0.023 0.054 0.030 0.757 
 118 I _   0.133 0.002 0.001 0.008 0.025 0.055 0.029 0.747 
 119 F _   0.138 0.002 0.002 0.009 0.027 0.055 0.029 0.737 
 120 S _   0.142 0.003 0.002 0.011 0.029 0.055 0.029 0.728 
 121 L _   0.143 0.004 0.002 0.014 0.031 0.054 0.029 0.724 
 122 C _   0.141 0.005 0.002 0.016 0.032 0.052 0.029 0.723 
 123 L _   0.136 0.005 0.002 0.018 0.031 0.050 0.030 0.729 
 124 P _   0.128 0.005 0.002 0.019 0.029 0.046 0.030 0.741 
 125 E _   0.118 0.005 0.002 0.018 0.025 0.042 0.031 0.759 
 126 L _   0.106 0.004 0.001 0.015 0.020 0.038 0.032 0.783 
 127 A _   0.093 0.003 0.001 0.012 0.015 0.033 0.033 0.809 
 128 E _   0.081 0.002 0.001 0.009 0.011 0.029 0.033 0.834 
 129 M _   0.069 0.001 0.001 0.006 0.008 0.025 0.034 0.856 
 130 V _   0.060 0.000 0.001 0.004 0.006 0.023 0.034 0.872 
 131 S _   0.054 0.000 0.001 0.003 0.005 0.021 0.034 0.882 
 132 E _   0.051 0.000 0.000 0.002 0.004 0.021 0.034 0.886 
 133 N _   0.051 0.000 0.000 0.002 0.005 0.022 0.034 0.884 
 134 D _   0.055 0.000 0.001 0.003 0.005 0.025 0.034 0.877 
 135 V _   0.060 0.001 0.001 0.004 0.007 0.028 0.034 0.865 
 136 I _   0.068 0.001 0.001 0.005 0.010 0.032 0.034 0.849 
 137 R _   0.075 0.003 0.001 0.007 0.013 0.036 0.033 0.831 
 138 L _   0.082 0.005 0.001 0.010 0.018 0.040 0.033 0.811 
 139 I _   0.088 0.009 0.001 0.013 0.022 0.044 0.033 0.789 
 140 K _   0.091 0.014 0.002 0.017 0.026 0.047 0.032 0.770 
 141 Q _   0.092 0.018 0.002 0.022 0.030 0.048 0.032 0.756 
 142 I _   0.091 0.023 0.002 0.025 0.031 0.048 0.032 0.747 
 143 L _   0.088 0.026 0.002 0.028 0.032 0.046 0.033 0.745 
 144 E _   0.083 0.027 0.002 0.030 0.030 0.044 0.033 0.751 
 145 G _   0.076 0.028 0.002 0.030 0.027 0.040 0.034 0.763 
 146 V _   0.066 0.026 0.002 0.029 0.023 0.036 0.035 0.782 
 147 Y _   0.056 0.024 0.001 0.025 0.019 0.032 0.037 0.806 
 148 Y _   0.046 0.020 0.001 0.021 0.015 0.027 0.038 0.832 
 149 L _   0.037 0.016 0.001 0.017 0.011 0.023 0.039 0.857 
 150 H _   0.030 0.012 0.001 0.013 0.008 0.019 0.040 0.878 
 151 Q _   0.024 0.008 0.001 0.010 0.006 0.016 0.041 0.895 
 152 N _   0.019 0.006 0.001 0.008 0.004 0.013 0.042 0.908 
 153 N _   0.016 0.004 0.000 0.006 0.004 0.012 0.042 0.916 
 154 I _   0.013 0.003 0.000 0.006 0.003 0.010 0.042 0.922 
 155 V _   0.012 0.002 0.000 0.005 0.003 0.010 0.043 0.925 
 156 H _   0.011 0.002 0.000 0.005 0.003 0.010 0.043 0.926 
 157 L _   0.010 0.002 0.000 0.005 0.003 0.010 0.042 0.927 
 158 D _   0.010 0.002 0.000 0.005 0.003 0.010 0.042 0.927 
 159 L _   0.010 0.003 0.000 0.006 0.003 0.011 0.041 0.925 
 160 K _   0.011 0.003 0.000 0.006 0.004 0.012 0.041 0.923 
 161 P _   0.011 0.004 0.001 0.007 0.005 0.014 0.040 0.919 
 162 Q _   0.013 0.005 0.001 0.009 0.006 0.015 0.039 0.913 
 163 N _   0.014 0.007 0.001 0.010 0.007 0.017 0.038 0.906 
 164 I _   0.016 0.010 0.001 0.012 0.008 0.019 0.037 0.898 
 165 L _   0.017 0.012 0.001 0.015 0.009 0.021 0.036 0.889 
 166 L _   0.019 0.015 0.001 0.017 0.011 0.023 0.035 0.880 
 167 S _   0.020 0.017 0.001 0.019 0.012 0.024 0.034 0.874 
 168 S _   0.021 0.019 0.001 0.020 0.013 0.025 0.033 0.869 
 169 I _   0.022 0.020 0.001 0.020 0.013 0.025 0.032 0.867 
 170 Y _   0.023 0.020 0.001 0.019 0.013 0.026 0.032 0.867 
 171 P _   0.023 0.020 0.001 0.018 0.012 0.025 0.031 0.869 
 172 L _   0.023 0.020 0.001 0.017 0.012 0.025 0.031 0.871 
 173 G _   0.024 0.019 0.001 0.016 0.012 0.025 0.030 0.872 
 174 D _   0.024 0.019 0.001 0.015 0.011 0.025 0.030 0.874 
 175 I _   0.024 0.019 0.001 0.015 0.011 0.025 0.030 0.875 
 176 K _   0.024 0.018 0.001 0.016 0.011 0.024 0.030 0.877 
 177 I _   0.023 0.018 0.001 0.016 0.011 0.024 0.030 0.878 
 178 V _   0.022 0.017 0.001 0.016 0.010 0.023 0.029 0.881 
 179 D _   0.021 0.016 0.001 0.015 0.010 0.022 0.029 0.885 
 180 F _   0.020 0.015 0.001 0.014 0.009 0.021 0.029 0.891 
 181 G _   0.019 0.014 0.001 0.013 0.008 0.020 0.029 0.897 
 182 M _   0.018 0.012 0.001 0.011 0.007 0.020 0.029 0.902 
 183 S _   0.018 0.011 0.001 0.009 0.006 0.019 0.029 0.907 
 184 R _   0.018 0.010 0.001 0.008 0.006 0.020 0.028 0.910 
 185 K _   0.018 0.010 0.001 0.007 0.006 0.020 0.028 0.910 
 186 I _   0.019 0.011 0.001 0.007 0.007 0.022 0.028 0.906 
 187 G _   0.022 0.013 0.001 0.008 0.008 0.024 0.027 0.898 
 188 H _   0.024 0.016 0.001 0.011 0.010 0.026 0.026 0.884 
 189 A _   0.027 0.021 0.001 0.015 0.013 0.028 0.026 0.868 
 190 C _   0.030 0.027 0.001 0.020 0.016 0.030 0.025 0.850 
 191 E _   0.031 0.033 0.001 0.026 0.018 0.032 0.025 0.834 
 192 L _   0.032 0.037 0.001 0.030 0.020 0.032 0.025 0.823 
 193 R _   0.032 0.040 0.001 0.032 0.020 0.031 0.024 0.820 
 194 E _   0.030 0.040 0.001 0.032 0.019 0.030 0.024 0.823 
 195 I _   0.029 0.039 0.001 0.030 0.017 0.028 0.024 0.832 
 196 M _   0.027 0.036 0.001 0.026 0.015 0.026 0.024 0.845 
 197 G _   0.024 0.032 0.001 0.022 0.012 0.023 0.025 0.860 
 198 T _   0.022 0.027 0.001 0.018 0.010 0.021 0.025 0.875 
 199 P _   0.020 0.022 0.001 0.015 0.009 0.019 0.025 0.888 
 200 E _   0.019 0.018 0.001 0.013 0.008 0.018 0.025 0.898 
 201 Y _   0.017 0.015 0.001 0.012 0.007 0.016 0.026 0.907 
 202 L _   0.016 0.012 0.001 0.011 0.006 0.015 0.026 0.913 
 203 A _   0.015 0.009 0.001 0.011 0.006 0.014 0.026 0.918 
 204 P _   0.015 0.008 0.001 0.010 0.005 0.013 0.026 0.923 
 205 E _   0.015 0.006 0.001 0.009 0.005 0.012 0.026 0.927 
 206 I _   0.015 0.004 0.001 0.008 0.004 0.011 0.026 0.931 
 207 L _   0.016 0.003 0.000 0.007 0.004 0.011 0.025 0.933 
 208 N _   0.019 0.002 0.000 0.006 0.004 0.010 0.025 0.934 
 209 Y _   0.024 0.001 0.000 0.005 0.003 0.010 0.024 0.931 
 210 D _   0.033 0.000 0.000 0.004 0.003 0.011 0.024 0.924 
 211 P _   0.048 0.000 0.000 0.003 0.004 0.012 0.023 0.910 
 212 I _   0.072 0.000 0.001 0.003 0.004 0.013 0.021 0.886 
 213 T _   0.110 0.000 0.001 0.002 0.005 0.015 0.020 0.847 
 214 T _   0.165 0.000 0.001 0.002 0.007 0.017 0.018 0.790 
 215 A _   0.240 0.000 0.001 0.002 0.009 0.020 0.016 0.713 
 216 T _   0.328 0.000 0.001 0.002 0.012 0.022 0.014 0.621 
 217 D _   0.424 0.000 0.001 0.002 0.015 0.024 0.013 0.521 
 218 M H   0.518 0.000 0.001 0.002 0.019 0.026 0.011 0.422 
 219 W H   0.604 0.000 0.002 0.002 0.024 0.027 0.010 0.332 
 220 N H   0.673 0.000 0.002 0.002 0.028 0.027 0.010 0.259 
 221 I H   0.726 0.000 0.002 0.002 0.032 0.026 0.009 0.204 
 222 G H   0.760 0.000 0.002 0.002 0.034 0.025 0.010 0.167 
 223 I H   0.781 0.000 0.002 0.002 0.036 0.024 0.011 0.145 
 224 I H   0.787 0.000 0.002 0.002 0.037 0.022 0.012 0.137 
 225 A H   0.780 0.000 0.002 0.003 0.038 0.022 0.014 0.142 
 226 Y H   0.758 0.000 0.002 0.003 0.038 0.021 0.017 0.161 
 227 M H   0.716 0.000 0.002 0.004 0.037 0.021 0.022 0.198 
 228 L H   0.652 0.000 0.002 0.005 0.034 0.020 0.029 0.257 
 229 L H   0.569 0.000 0.002 0.006 0.030 0.020 0.038 0.335 
 230 T H   0.470 0.000 0.002 0.006 0.024 0.019 0.050 0.428 
 231 H _   0.366 0.000 0.002 0.007 0.018 0.017 0.063 0.527 
 232 T _   0.269 0.000 0.001 0.007 0.013 0.015 0.076 0.619 
 233 S _   0.188 0.000 0.001 0.006 0.009 0.013 0.089 0.694 
 234 P _   0.124 0.000 0.001 0.006 0.006 0.011 0.099 0.753 
 235 F _   0.079 0.000 0.001 0.005 0.004 0.009 0.107 0.795 
 236 V _   0.048 0.000 0.000 0.004 0.003 0.008 0.114 0.823 
 237 G _   0.030 0.000 0.000 0.004 0.002 0.007 0.119 0.839 
 238 E _   0.019 0.000 0.000 0.003 0.002 0.006 0.122 0.847 
 239 D _   0.013 0.001 0.000 0.003 0.002 0.006 0.125 0.850 
 240 N _   0.010 0.001 0.000 0.004 0.002 0.006 0.128 0.849 
 241 Q _   0.008 0.002 0.000 0.005 0.002 0.007 0.130 0.845 
 242 E _   0.008 0.004 0.000 0.007 0.003 0.008 0.131 0.838 
 243 T _   0.008 0.007 0.000 0.010 0.004 0.009 0.133 0.830 
 244 Y _   0.007 0.010 0.001 0.013 0.005 0.011 0.134 0.819 
 245 L _   0.007 0.014 0.001 0.017 0.005 0.011 0.135 0.809 
 246 N _   0.007 0.018 0.001 0.019 0.006 0.012 0.137 0.800 
 247 I _   0.007 0.021 0.001 0.021 0.006 0.012 0.139 0.793 
 248 S _   0.007 0.023 0.001 0.021 0.006 0.013 0.141 0.789 
 249 Q _   0.007 0.024 0.001 0.020 0.006 0.013 0.143 0.787 
 250 V _   0.007 0.024 0.001 0.017 0.006 0.013 0.146 0.787 
 251 N _   0.007 0.024 0.001 0.015 0.005 0.013 0.149 0.788 
 252 V _   0.007 0.023 0.001 0.012 0.005 0.013 0.151 0.789 
 253 D _   0.007 0.023 0.000 0.010 0.004 0.014 0.154 0.788 
 254 Y _   0.008 0.023 0.000 0.008 0.004 0.015 0.156 0.785 
 255 S _   0.009 0.024 0.000 0.008 0.004 0.017 0.158 0.780 
 256 E _   0.011 0.027 0.001 0.008 0.005 0.019 0.160 0.770 
 257 E _   0.013 0.032 0.001 0.009 0.007 0.023 0.161 0.756 
 258 T _   0.016 0.040 0.001 0.011 0.009 0.027 0.163 0.734 
 259 F _   0.021 0.052 0.001 0.014 0.013 0.032 0.164 0.705 
 260 S _   0.025 0.070 0.001 0.018 0.018 0.036 0.165 0.667 
 261 S _   0.031 0.093 0.002 0.023 0.023 0.041 0.166 0.622 
 262 V _   0.036 0.118 0.002 0.029 0.028 0.044 0.168 0.576 
 263 S _   0.040 0.140 0.002 0.034 0.033 0.047 0.170 0.534 
 264 Q _   0.044 0.158 0.002 0.040 0.036 0.048 0.174 0.499 
 265 L _   0.046 0.171 0.002 0.045 0.039 0.047 0.179 0.471 
 266 A _   0.048 0.178 0.002 0.049 0.039 0.046 0.185 0.453 
 267 T _   0.049 0.181 0.002 0.051 0.038 0.044 0.193 0.443 
 268 D _   0.048 0.179 0.002 0.052 0.035 0.040 0.203 0.442 
 269 F _   0.046 0.172 0.002 0.050 0.030 0.036 0.215 0.449 
 270 I _   0.042 0.159 0.002 0.046 0.025 0.032 0.229 0.465 
 271 Q _   0.037 0.138 0.002 0.039 0.020 0.027 0.247 0.489 
 272 S _   0.032 0.110 0.002 0.031 0.015 0.023 0.266 0.522 
 273 L _   0.026 0.077 0.001 0.023 0.011 0.018 0.285 0.559 
 274 L _   0.021 0.046 0.001 0.015 0.007 0.014 0.302 0.594 
 275 V _   0.015 0.025 0.001 0.009 0.004 0.011 0.315 0.620 
 276 K _   0.011 0.013 0.000 0.005 0.002 0.009 0.325 0.635 
 277 N _   0.008 0.008 0.000 0.003 0.002 0.007 0.331 0.641 
 278 P _   0.007 0.006 0.000 0.002 0.001 0.007 0.336 0.641 
 279 E _   0.006 0.006 0.000 0.002 0.001 0.007 0.339 0.638 
 280 K _   0.007 0.008 0.000 0.003 0.002 0.009 0.342 0.630 
 281 R _   0.009 0.013 0.000 0.005 0.003 0.012 0.343 0.615 
 282 P _   0.011 0.027 0.001 0.009 0.006 0.016 0.344 0.586 
 283 T _   0.013 0.059 0.001 0.016 0.010 0.021 0.344 0.537 
 284 A _   0.014 0.112 0.002 0.026 0.014 0.024 0.343 0.466 
 285 E _   0.014 0.171 0.002 0.036 0.017 0.026 0.342 0.393 
 286 I X   0.013 0.219 0.002 0.044 0.019 0.026 0.342 0.336 
 287 C X   0.012 0.249 0.001 0.050 0.019 0.026 0.344 0.298 
 288 L X   0.011 0.266 0.001 0.054 0.019 0.026 0.348 0.275 
 289 S X   0.011 0.273 0.001 0.055 0.019 0.025 0.354 0.262 
 290 H X   0.011 0.274 0.001 0.055 0.019 0.024 0.361 0.256 
 291 S X   0.011 0.269 0.001 0.052 0.018 0.022 0.372 0.255 
 292 W X   0.011 0.257 0.001 0.047 0.017 0.021 0.386 0.260 
 293 L X   0.011 0.237 0.002 0.042 0.015 0.019 0.404 0.271 
 294 Q X   0.011 0.209 0.002 0.036 0.014 0.018 0.426 0.286 
 295 Q X   0.011 0.175 0.002 0.030 0.012 0.017 0.451 0.304 
 296 W X   0.011 0.140 0.001 0.025 0.010 0.015 0.478 0.320 
 297 D X   0.010 0.108 0.001 0.020 0.008 0.014 0.506 0.332 
 298 F X   0.010 0.081 0.001 0.017 0.007 0.013 0.532 0.340 
 299 E X   0.009 0.060 0.001 0.014 0.006 0.011 0.557 0.342 
 300 N X   0.008 0.045 0.001 0.012 0.005 0.010 0.579 0.340 
 301 L X   0.008 0.033 0.001 0.010 0.004 0.009 0.600 0.336 
 302 F X   0.007 0.025 0.000 0.009 0.003 0.008 0.618 0.330 
 303 H X   0.006 0.018 0.000 0.008 0.003 0.007 0.634 0.324 
 304 P X   0.005 0.014 0.000 0.007 0.002 0.006 0.648 0.318 
 305 E X   0.005 0.010 0.000 0.006 0.002 0.005 0.660 0.312 
 306 E X   0.004 0.008 0.000 0.005 0.002 0.005 0.671 0.306 
 307 T X   0.004 0.006 0.000 0.004 0.001 0.004 0.680 0.301 
 308 S X   0.003 0.004 0.000 0.004 0.001 0.004 0.688 0.296 
 309 S X   0.003 0.004 0.000 0.004 0.001 0.003 0.695 0.290 
 310 S X   0.003 0.003 0.000 0.004 0.001 0.003 0.701 0.285 
 311 S X   0.002 0.003 0.000 0.004 0.001 0.003 0.706 0.280 
 312 Q X   0.002 0.003 0.000 0.004 0.001 0.003 0.711 0.275 
 313 T X   0.002 0.003 0.000 0.005 0.001 0.003 0.715 0.270 
 314 Q X   0.002 0.003 0.000 0.005 0.001 0.003 0.719 0.266 
 315 D X   0.002 0.003 0.000 0.005 0.001 0.003 0.723 0.263 
 316 H X   0.002 0.003 0.000 0.005 0.001 0.003 0.726 0.260 
 317 S X   0.002 0.002 0.000 0.005 0.001 0.003 0.729 0.257 
 318 V X   0.002 0.002 0.000 0.005 0.001 0.003 0.732 0.256 
 319 R X   0.002 0.002 0.000 0.004 0.001 0.003 0.734 0.255 
 320 S X   0.002 0.002 0.000 0.004 0.001 0.002 0.735 0.254 
 321 S X   0.001 0.002 0.000 0.003 0.001 0.002 0.736 0.254 
 322 E X   0.001 0.002 0.000 0.003 0.001 0.002 0.737 0.254 
 323 D X   0.001 0.003 0.000 0.003 0.001 0.002 0.737 0.254 
 324 K X   0.001 0.003 0.000 0.003 0.001 0.002 0.736 0.253 
 325 T X   0.001 0.004 0.000 0.004 0.001 0.002 0.735 0.253 
 326 S X   0.001 0.005 0.000 0.005 0.001 0.003 0.733 0.252 
 327 K X   0.001 0.006 0.000 0.006 0.001 0.003 0.731 0.251 
 328 S X   0.001 0.008 0.000 0.008 0.001 0.003 0.728 0.250 
 329 S X   0.002 0.010 0.000 0.009 0.002 0.004 0.725 0.248 
 330 C X   0.002 0.012 0.000 0.011 0.002 0.004 0.723 0.247 
 331 N X   0.002 0.013 0.000 0.011 0.002 0.004 0.721 0.247 
 332 G X   0.002 0.014 0.000 0.011 0.002 0.004 0.720 0.247 
 333 T X   0.002 0.014 0.000 0.011 0.002 0.004 0.719 0.248 
 334 C X   0.002 0.014 0.000 0.009 0.002 0.003 0.719 0.250 
 335 G X   0.001 0.014 0.000 0.008 0.001 0.003 0.719 0.253 
 336 D X   0.001 0.014 0.000 0.006 0.001 0.003 0.719 0.255 
 337 R X   0.001 0.014 0.000 0.005 0.001 0.003 0.718 0.258 
 338 E X   0.001 0.014 0.000 0.004 0.001 0.002 0.718 0.260 
 339 D X   0.001 0.014 0.000 0.003 0.001 0.002 0.717 0.262 
 340 K X   0.001 0.015 0.000 0.003 0.001 0.002 0.715 0.263 
 341 E X   0.001 0.016 0.000 0.003 0.001 0.003 0.712 0.264 
 342 N X   0.001 0.019 0.000 0.004 0.001 0.003 0.708 0.263 
 343 I X   0.002 0.023 0.000 0.005 0.001 0.004 0.703 0.261 
 344 P X   0.002 0.031 0.000 0.008 0.002 0.005 0.697 0.255 
 345 E X   0.002 0.042 0.000 0.011 0.003 0.006 0.690 0.246 
 346 D X   0.002 0.056 0.000 0.016 0.004 0.007 0.682 0.233 
 347 S X   0.002 0.071 0.001 0.020 0.004 0.008 0.674 0.219 
 348 S X   0.003 0.084 0.001 0.025 0.005 0.008 0.668 0.207 
 349 M X   0.003 0.093 0.001 0.029 0.005 0.009 0.664 0.197 
 350 V X   0.003 0.099 0.001 0.030 0.006 0.008 0.662 0.192 
 351 S X   0.003 0.101 0.001 0.031 0.005 0.008 0.662 0.190 
 352 K X   0.003 0.101 0.001 0.029 0.005 0.008 0.663 0.191 
 353 R X   0.003 0.098 0.000 0.025 0.005 0.007 0.667 0.195 
 354 F X   0.003 0.093 0.000 0.020 0.004 0.006 0.671 0.203 
 355 R X   0.002 0.085 0.000 0.015 0.003 0.006 0.677 0.212 
 356 F X   0.002 0.076 0.000 0.010 0.002 0.005 0.682 0.222 
 357 D X   0.002 0.068 0.000 0.006 0.002 0.004 0.687 0.230 
 358 D X   0.002 0.062 0.000 0.004 0.001 0.004 0.691 0.235 
 359 S X   0.002 0.060 0.000 0.003 0.001 0.004 0.693 0.237 
 360 L X   0.002 0.059 0.000 0.003 0.001 0.005 0.694 0.236 
 361 P X   0.003 0.061 0.000 0.003 0.001 0.006 0.694 0.232 
 362 N X   0.004 0.068 0.000 0.005 0.002 0.007 0.692 0.222 
 363 P X   0.005 0.081 0.000 0.008 0.004 0.008 0.689 0.204 
 364 H X   0.005 0.106 0.001 0.013 0.005 0.009 0.684 0.177 
 365 E X   0.004 0.138 0.001 0.017 0.006 0.008 0.679 0.146 
 366 L X   0.003 0.168 0.001 0.021 0.006 0.007 0.675 0.120 
 367 V X   0.002 0.185 0.001 0.023 0.004 0.005 0.674 0.106 
 368 S X   0.001 0.193 0.000 0.023 0.003 0.003 0.675 0.101 
 369 D X   0.001 0.195 0.000 0.021 0.001 0.002 0.676 0.104 
 370 L X   0.000 0.194 0.000 0.018 0.000 0.001 0.675 0.111 
 371 L X   0.001 0.188 0.000 0.018 0.000 0.001 0.671 0.121 
 372 C X   0.003 0.180 0.002 0.026 0.004 0.003 0.653 0.129 
