#TopoPred_TM8: 8-state transmembrane topology prediction results by no_profile mode 
#probabilities are in the order of H E C I L F X _, the 8 transmembrane topology types used in PDBTM 
   1 M X   0.015 0.001 0.002 0.060 0.010 0.011 0.650 0.250 
   2 S X   0.005 0.001 0.000 0.033 0.002 0.005 0.666 0.288 
   3 E X   0.001 0.000 0.000 0.016 0.001 0.003 0.668 0.311 
   4 E X   0.001 0.001 0.000 0.010 0.000 0.003 0.663 0.323 
   5 S X   0.001 0.001 0.000 0.009 0.001 0.004 0.653 0.331 
   6 D X   0.002 0.002 0.000 0.009 0.001 0.006 0.639 0.340 
   7 M X   0.003 0.005 0.000 0.011 0.002 0.009 0.622 0.348 
   8 D X   0.005 0.010 0.000 0.015 0.003 0.013 0.599 0.355 
   9 K X   0.006 0.018 0.001 0.022 0.005 0.016 0.571 0.361 
  10 A X   0.007 0.030 0.001 0.031 0.008 0.020 0.538 0.366 
  11 I X   0.007 0.044 0.001 0.041 0.011 0.023 0.503 0.370 
  12 K X   0.008 0.057 0.001 0.050 0.013 0.025 0.471 0.375 
  13 E X   0.008 0.066 0.001 0.055 0.015 0.027 0.445 0.382 
  14 T X   0.009 0.071 0.001 0.058 0.016 0.028 0.423 0.394 
  15 S _   0.010 0.074 0.001 0.056 0.017 0.028 0.405 0.409 
  16 I _   0.011 0.074 0.001 0.052 0.016 0.027 0.390 0.429 
  17 L _   0.011 0.071 0.001 0.045 0.015 0.026 0.378 0.453 
  18 E _   0.012 0.066 0.001 0.037 0.013 0.024 0.367 0.479 
  19 E _   0.012 0.058 0.001 0.029 0.011 0.023 0.357 0.508 
  20 Y _   0.012 0.049 0.001 0.022 0.009 0.021 0.348 0.537 
  21 S _   0.012 0.041 0.001 0.016 0.008 0.019 0.340 0.563 
  22 I _   0.012 0.034 0.001 0.012 0.007 0.018 0.332 0.584 
  23 N _   0.011 0.029 0.001 0.010 0.006 0.017 0.325 0.601 
  24 W _   0.012 0.026 0.001 0.009 0.005 0.017 0.317 0.614 
  25 T _   0.012 0.024 0.001 0.008 0.005 0.017 0.309 0.623 
  26 Q _   0.013 0.024 0.001 0.009 0.006 0.018 0.301 0.630 
  27 K _   0.013 0.024 0.001 0.010 0.006 0.018 0.292 0.636 
  28 L _   0.014 0.024 0.001 0.011 0.007 0.019 0.284 0.640 
  29 G _   0.015 0.025 0.001 0.012 0.008 0.020 0.275 0.643 
  30 A _   0.016 0.027 0.001 0.014 0.009 0.021 0.267 0.646 
  31 G _   0.017 0.028 0.001 0.015 0.010 0.022 0.259 0.648 
  32 I _   0.018 0.030 0.001 0.016 0.011 0.023 0.252 0.649 
  33 S _   0.019 0.031 0.001 0.018 0.012 0.023 0.245 0.651 
  34 G _   0.020 0.031 0.001 0.018 0.012 0.024 0.239 0.654 
  35 P _   0.020 0.031 0.001 0.019 0.012 0.023 0.234 0.659 
  36 V _   0.020 0.031 0.001 0.018 0.011 0.023 0.229 0.665 
  37 R _   0.020 0.030 0.001 0.017 0.011 0.023 0.225 0.674 
  38 V _   0.019 0.028 0.001 0.016 0.010 0.022 0.221 0.684 
  39 C _   0.019 0.026 0.001 0.013 0.008 0.021 0.217 0.695 
  40 V _   0.018 0.024 0.001 0.011 0.007 0.020 0.214 0.706 
  41 K _   0.017 0.023 0.001 0.009 0.006 0.019 0.210 0.715 
  42 K _   0.016 0.022 0.001 0.008 0.006 0.019 0.206 0.722 
  43 S _   0.016 0.022 0.001 0.008 0.006 0.019 0.203 0.725 
  44 T _   0.016 0.024 0.001 0.010 0.007 0.019 0.199 0.725 
  45 Q _   0.016 0.027 0.001 0.013 0.008 0.020 0.195 0.720 
  46 E _   0.016 0.031 0.001 0.018 0.010 0.021 0.191 0.713 
  47 R _   0.016 0.035 0.001 0.024 0.011 0.021 0.187 0.706 
  48 F _   0.016 0.038 0.001 0.029 0.012 0.020 0.184 0.700 
  49 A _   0.016 0.039 0.001 0.032 0.012 0.020 0.181 0.699 
  50 L _   0.015 0.039 0.001 0.033 0.011 0.018 0.180 0.703 
  51 K _   0.014 0.037 0.001 0.030 0.010 0.016 0.178 0.714 
  52 I _   0.013 0.032 0.001 0.025 0.008 0.014 0.177 0.730 
  53 L _   0.011 0.025 0.001 0.019 0.006 0.012 0.177 0.749 
  54 L _   0.010 0.017 0.001 0.013 0.004 0.010 0.176 0.769 
  55 D _   0.009 0.010 0.000 0.008 0.003 0.009 0.175 0.786 
  56 R _   0.008 0.005 0.000 0.005 0.002 0.008 0.173 0.799 
  57 P _   0.007 0.002 0.000 0.003 0.002 0.008 0.171 0.806 
  58 K _   0.008 0.001 0.000 0.002 0.002 0.009 0.169 0.809 
  59 A _   0.009 0.001 0.000 0.002 0.002 0.011 0.166 0.809 
  60 R _   0.012 0.001 0.000 0.003 0.003 0.014 0.162 0.804 
  61 N _   0.016 0.002 0.000 0.005 0.005 0.020 0.158 0.794 
  62 E _   0.022 0.003 0.001 0.009 0.008 0.026 0.153 0.778 
  63 V _   0.029 0.006 0.001 0.015 0.013 0.033 0.147 0.757 
  64 R _   0.036 0.009 0.001 0.023 0.018 0.039 0.141 0.733 
  65 L _   0.043 0.012 0.002 0.029 0.023 0.045 0.135 0.712 
  66 H _   0.050 0.014 0.002 0.033 0.026 0.048 0.129 0.697 
  67 M _   0.057 0.014 0.002 0.033 0.028 0.051 0.125 0.690 
  68 M _   0.064 0.013 0.002 0.030 0.028 0.052 0.121 0.690 
  69 C _   0.072 0.011 0.002 0.024 0.027 0.052 0.118 0.694 
  70 A _   0.081 0.008 0.002 0.018 0.024 0.052 0.115 0.701 
  71 T _   0.089 0.005 0.001 0.012 0.021 0.052 0.113 0.707 
  72 H _   0.098 0.003 0.001 0.008 0.019 0.052 0.111 0.709 
  73 P _   0.108 0.002 0.001 0.005 0.017 0.052 0.109 0.705 
  74 N _   0.119 0.001 0.001 0.005 0.018 0.052 0.107 0.696 
  75 I _   0.130 0.002 0.001 0.005 0.020 0.054 0.106 0.682 
  76 V _   0.141 0.003 0.001 0.007 0.023 0.055 0.105 0.665 
  77 Q _   0.148 0.005 0.002 0.010 0.028 0.056 0.104 0.647 
  78 I _   0.152 0.008 0.002 0.015 0.032 0.057 0.104 0.631 
  79 I _   0.152 0.011 0.002 0.021 0.035 0.055 0.104 0.620 
  80 E _   0.145 0.015 0.002 0.027 0.036 0.053 0.105 0.619 
  81 V _   0.133 0.016 0.002 0.031 0.034 0.049 0.106 0.628 
  82 F _   0.118 0.017 0.002 0.032 0.030 0.044 0.108 0.648 
  83 A _   0.102 0.016 0.002 0.030 0.025 0.038 0.111 0.676 
  84 N _   0.084 0.013 0.002 0.025 0.019 0.032 0.113 0.711 
  85 S _   0.067 0.010 0.001 0.019 0.013 0.026 0.116 0.747 
  86 V _   0.052 0.006 0.001 0.012 0.008 0.021 0.118 0.781 
  87 Q _   0.039 0.003 0.001 0.007 0.005 0.016 0.119 0.809 
  88 F _   0.031 0.001 0.000 0.004 0.003 0.013 0.120 0.828 
  89 P _   0.025 0.000 0.000 0.002 0.002 0.011 0.120 0.839 
  90 H _   0.024 0.000 0.000 0.001 0.002 0.011 0.119 0.842 
  91 E _   0.027 0.000 0.000 0.001 0.002 0.013 0.118 0.839 
  92 S _   0.036 0.000 0.000 0.001 0.002 0.016 0.117 0.828 
  93 S _   0.053 0.000 0.000 0.002 0.004 0.022 0.115 0.805 
  94 P _   0.078 0.000 0.001 0.003 0.008 0.031 0.112 0.767 
  95 R _   0.111 0.002 0.001 0.005 0.015 0.042 0.109 0.716 
  96 A _   0.145 0.005 0.002 0.008 0.026 0.053 0.106 0.655 
  97 R _   0.176 0.013 0.002 0.014 0.038 0.063 0.103 0.592 
  98 L _   0.199 0.023 0.003 0.021 0.049 0.069 0.101 0.536 
  99 L _   0.216 0.032 0.003 0.027 0.057 0.073 0.099 0.493 
 100 I _   0.228 0.040 0.003 0.031 0.062 0.073 0.099 0.465 
 101 V _   0.232 0.044 0.003 0.033 0.063 0.072 0.099 0.454 
 102 M _   0.230 0.045 0.003 0.034 0.061 0.069 0.100 0.459 
 103 E _   0.221 0.044 0.003 0.031 0.056 0.064 0.102 0.478 
 104 M _   0.207 0.040 0.003 0.028 0.048 0.059 0.105 0.510 
 105 M _   0.188 0.035 0.002 0.024 0.040 0.053 0.109 0.550 
 106 E _   0.164 0.028 0.002 0.020 0.031 0.047 0.113 0.595 
 107 G _   0.138 0.022 0.002 0.016 0.023 0.041 0.117 0.641 
 108 G _   0.112 0.016 0.001 0.014 0.017 0.035 0.121 0.684 
 109 E _   0.090 0.012 0.001 0.012 0.012 0.029 0.125 0.719 
 110 L _   0.070 0.009 0.001 0.010 0.009 0.025 0.129 0.747 
 111 F _   0.054 0.006 0.001 0.009 0.007 0.021 0.132 0.771 
 112 H _   0.040 0.005 0.001 0.008 0.005 0.017 0.135 0.789 
 113 R _   0.029 0.004 0.001 0.008 0.004 0.015 0.137 0.803 
 114 I _   0.022 0.003 0.000 0.007 0.004 0.013 0.139 0.812 
 115 S _   0.017 0.002 0.000 0.007 0.003 0.011 0.140 0.819 
 116 Q _   0.014 0.002 0.000 0.006 0.003 0.010 0.141 0.823 
 117 H _   0.012 0.001 0.000 0.006 0.003 0.009 0.142 0.826 
 118 R _   0.010 0.001 0.000 0.006 0.003 0.009 0.142 0.829 
 119 H _   0.009 0.001 0.000 0.005 0.003 0.009 0.143 0.830 
 120 F _   0.009 0.001 0.000 0.005 0.002 0.009 0.143 0.831 
 121 T _   0.009 0.001 0.000 0.005 0.002 0.009 0.142 0.832 
 122 E _   0.010 0.000 0.000 0.004 0.002 0.010 0.141 0.832 
 123 K _   0.011 0.000 0.000 0.004 0.003 0.012 0.140 0.830 
 124 Q _   0.015 0.000 0.000 0.004 0.003 0.014 0.139 0.825 
 125 A _   0.020 0.000 0.000 0.004 0.004 0.018 0.137 0.816 
 126 S _   0.029 0.001 0.001 0.004 0.005 0.024 0.135 0.802 
 127 Q _   0.042 0.001 0.001 0.005 0.008 0.031 0.132 0.780 
 128 V _   0.058 0.003 0.001 0.007 0.013 0.039 0.129 0.750 
 129 T _   0.078 0.005 0.001 0.009 0.020 0.048 0.126 0.713 
 130 K _   0.099 0.009 0.002 0.012 0.027 0.056 0.123 0.672 
 131 Q _   0.119 0.015 0.002 0.016 0.036 0.063 0.120 0.630 
 132 I _   0.137 0.021 0.002 0.019 0.044 0.068 0.118 0.591 
 133 A _   0.152 0.027 0.002 0.021 0.050 0.071 0.116 0.561 
 134 L _   0.163 0.032 0.002 0.022 0.054 0.071 0.115 0.540 
 135 A _   0.170 0.036 0.002 0.023 0.055 0.070 0.114 0.528 
 136 L _   0.172 0.039 0.002 0.024 0.055 0.068 0.115 0.526 
 137 R _   0.168 0.040 0.002 0.025 0.053 0.064 0.116 0.532 
 138 H _   0.160 0.041 0.002 0.026 0.048 0.059 0.118 0.545 
 139 C _   0.147 0.041 0.002 0.027 0.042 0.054 0.121 0.567 
 140 H _   0.131 0.039 0.002 0.027 0.035 0.048 0.124 0.593 
 141 L _   0.113 0.037 0.002 0.026 0.028 0.041 0.128 0.625 
 142 L _   0.094 0.033 0.002 0.024 0.021 0.035 0.133 0.659 
 143 N _   0.076 0.028 0.001 0.021 0.015 0.029 0.137 0.694 
 144 I _   0.059 0.022 0.001 0.017 0.011 0.023 0.141 0.726 
 145 A _   0.045 0.016 0.001 0.013 0.007 0.019 0.145 0.754 
 146 H _   0.034 0.012 0.001 0.010 0.005 0.015 0.148 0.776 
 147 R _   0.025 0.008 0.000 0.008 0.004 0.012 0.151 0.792 
 148 D _   0.019 0.006 0.000 0.006 0.003 0.010 0.153 0.802 
 149 L _   0.015 0.005 0.000 0.006 0.002 0.009 0.155 0.809 
 150 K _   0.012 0.004 0.000 0.006 0.002 0.008 0.156 0.813 
 151 P _   0.010 0.004 0.000 0.006 0.002 0.007 0.157 0.815 
 152 E _   0.009 0.004 0.000 0.006 0.002 0.007 0.157 0.815 
 153 N _   0.008 0.004 0.000 0.007 0.002 0.007 0.157 0.816 
 154 L _   0.007 0.004 0.000 0.007 0.002 0.006 0.156 0.817 
 155 L _   0.006 0.004 0.000 0.006 0.002 0.006 0.155 0.819 
 156 F _   0.006 0.005 0.000 0.006 0.002 0.006 0.154 0.822 
 157 K _   0.005 0.005 0.000 0.005 0.002 0.006 0.152 0.824 
 158 D _   0.005 0.006 0.000 0.005 0.002 0.006 0.150 0.826 
 159 N _   0.005 0.008 0.000 0.005 0.002 0.006 0.147 0.828 
 160 S _   0.005 0.011 0.000 0.005 0.002 0.007 0.143 0.827 
 161 L _   0.006 0.016 0.000 0.007 0.003 0.009 0.138 0.822 
 162 D _   0.007 0.026 0.000 0.009 0.004 0.011 0.133 0.810 
 163 A _   0.008 0.044 0.001 0.014 0.006 0.014 0.126 0.788 
 164 P _   0.009 0.073 0.001 0.021 0.008 0.017 0.117 0.753 
 165 V _   0.010 0.114 0.001 0.030 0.011 0.020 0.107 0.706 
 166 K _   0.011 0.157 0.001 0.040 0.013 0.021 0.098 0.658 
 167 L _   0.010 0.192 0.001 0.049 0.015 0.022 0.091 0.620 
 168 C _   0.010 0.215 0.001 0.056 0.016 0.022 0.085 0.595 
 169 D _   0.010 0.227 0.001 0.059 0.016 0.021 0.081 0.584 
 170 F _   0.010 0.232 0.001 0.059 0.015 0.020 0.078 0.584 
 171 G _   0.010 0.231 0.001 0.055 0.014 0.019 0.076 0.594 
 172 F _   0.010 0.222 0.001 0.047 0.012 0.017 0.075 0.615 
 173 A _   0.010 0.206 0.001 0.038 0.010 0.016 0.074 0.646 
 174 K _   0.009 0.183 0.001 0.028 0.008 0.014 0.074 0.683 
 175 I _   0.009 0.157 0.001 0.019 0.006 0.012 0.074 0.722 
 176 D _   0.008 0.134 0.001 0.013 0.005 0.011 0.073 0.755 
 177 Q _   0.008 0.117 0.000 0.009 0.004 0.011 0.073 0.778 
 178 G _   0.008 0.108 0.000 0.007 0.003 0.010 0.072 0.790 
 179 D _   0.008 0.104 0.000 0.007 0.003 0.011 0.071 0.796 
 180 L _   0.008 0.103 0.000 0.007 0.003 0.011 0.070 0.796 
 181 M _   0.009 0.105 0.000 0.008 0.004 0.012 0.069 0.792 
 182 T _   0.010 0.109 0.001 0.010 0.005 0.013 0.067 0.786 
 183 P _   0.010 0.114 0.001 0.012 0.005 0.014 0.066 0.778 
 184 Q _   0.010 0.120 0.001 0.014 0.006 0.015 0.064 0.770 
 185 F _   0.010 0.127 0.001 0.016 0.007 0.015 0.062 0.762 
 186 T _   0.010 0.133 0.001 0.017 0.007 0.016 0.060 0.755 
 187 P _   0.010 0.139 0.001 0.019 0.008 0.016 0.059 0.748 
 188 Y _   0.011 0.145 0.001 0.021 0.009 0.017 0.057 0.741 
 189 Y _   0.011 0.150 0.001 0.023 0.009 0.017 0.056 0.733 
 190 V _   0.011 0.155 0.001 0.026 0.010 0.018 0.055 0.725 
 191 A _   0.011 0.159 0.001 0.029 0.010 0.018 0.054 0.718 
 192 P _   0.012 0.161 0.001 0.032 0.010 0.017 0.053 0.714 
 193 Q _   0.012 0.160 0.001 0.033 0.010 0.017 0.053 0.714 
 194 V _   0.011 0.156 0.001 0.033 0.010 0.016 0.053 0.720 
 195 L _   0.011 0.148 0.001 0.031 0.009 0.015 0.053 0.731 
 196 E _   0.010 0.136 0.001 0.028 0.008 0.014 0.053 0.750 
 197 A _   0.010 0.118 0.001 0.024 0.007 0.012 0.054 0.774 
 198 Q _   0.009 0.097 0.001 0.019 0.006 0.011 0.055 0.802 
 199 R _   0.009 0.075 0.001 0.015 0.005 0.010 0.056 0.831 
 200 R _   0.008 0.057 0.001 0.011 0.004 0.009 0.056 0.855 
 201 H _   0.007 0.043 0.000 0.009 0.003 0.008 0.057 0.873 
 202 Q _   0.007 0.034 0.000 0.007 0.003 0.008 0.057 0.885 
 203 K _   0.007 0.028 0.000 0.007 0.002 0.008 0.057 0.891 
 204 E _   0.007 0.025 0.000 0.007 0.003 0.008 0.056 0.894 
 205 K _   0.007 0.023 0.000 0.008 0.003 0.008 0.056 0.895 
 206 S _   0.007 0.023 0.000 0.010 0.003 0.009 0.055 0.893 
 207 G _   0.007 0.022 0.000 0.013 0.004 0.009 0.054 0.890 
 208 I _   0.007 0.022 0.001 0.015 0.004 0.010 0.053 0.888 
 209 I _   0.007 0.021 0.001 0.017 0.005 0.010 0.052 0.886 
 210 P _   0.008 0.020 0.001 0.018 0.005 0.010 0.051 0.887 
 211 T _   0.008 0.018 0.001 0.018 0.005 0.010 0.051 0.890 
 212 S _   0.008 0.016 0.001 0.016 0.005 0.009 0.050 0.896 
 213 P _   0.007 0.012 0.001 0.014 0.004 0.008 0.049 0.905 
 214 T _   0.007 0.008 0.000 0.010 0.003 0.007 0.049 0.915 
 215 P _   0.008 0.005 0.000 0.007 0.003 0.006 0.048 0.923 
 216 Y _   0.009 0.002 0.000 0.005 0.002 0.006 0.046 0.929 
 217 T _   0.013 0.001 0.000 0.003 0.002 0.005 0.044 0.932 
 218 Y _   0.021 0.000 0.000 0.002 0.002 0.005 0.042 0.928 
 219 N _   0.038 0.000 0.000 0.001 0.002 0.006 0.039 0.914 
 220 K _   0.073 0.000 0.000 0.001 0.003 0.008 0.035 0.881 
 221 S _   0.137 0.000 0.001 0.001 0.004 0.010 0.030 0.817 
 222 C _   0.241 0.000 0.001 0.001 0.006 0.013 0.024 0.713 
 223 D _   0.379 0.000 0.001 0.001 0.010 0.016 0.018 0.575 
 224 L H   0.530 0.000 0.001 0.001 0.015 0.018 0.013 0.422 
 225 W H   0.663 0.000 0.001 0.001 0.020 0.019 0.009 0.287 
 226 S H   0.760 0.000 0.001 0.001 0.023 0.019 0.006 0.189 
 227 L H   0.822 0.000 0.001 0.001 0.025 0.018 0.005 0.128 
 228 G H   0.860 0.000 0.001 0.001 0.026 0.016 0.004 0.091 
 229 V H   0.882 0.000 0.001 0.001 0.026 0.014 0.004 0.071 
 230 I H   0.891 0.000 0.001 0.001 0.026 0.013 0.004 0.063 
 231 I H   0.890 0.000 0.001 0.001 0.026 0.012 0.004 0.065 
 232 Y H   0.877 0.000 0.001 0.001 0.026 0.012 0.005 0.078 
 233 V H   0.848 0.000 0.002 0.002 0.026 0.012 0.006 0.104 
 234 M H   0.799 0.000 0.002 0.002 0.026 0.012 0.008 0.151 
 235 L H   0.722 0.000 0.002 0.003 0.024 0.013 0.011 0.225 
 236 C H   0.619 0.000 0.002 0.003 0.021 0.013 0.016 0.325 
 237 G H   0.500 0.000 0.002 0.004 0.017 0.013 0.022 0.442 
 238 Y _   0.380 0.000 0.001 0.004 0.012 0.013 0.029 0.560 
 239 P _   0.272 0.000 0.001 0.004 0.009 0.011 0.036 0.666 
 240 P _   0.184 0.000 0.001 0.004 0.006 0.010 0.042 0.753 
 241 F _   0.118 0.000 0.001 0.004 0.004 0.009 0.046 0.818 
 242 Y _   0.073 0.000 0.000 0.004 0.003 0.008 0.050 0.862 
 243 S _   0.044 0.000 0.000 0.003 0.002 0.007 0.053 0.891 
 244 K _   0.026 0.001 0.000 0.003 0.002 0.006 0.054 0.907 
 245 H _   0.017 0.001 0.000 0.004 0.002 0.006 0.056 0.915 
 246 H _   0.012 0.002 0.000 0.004 0.002 0.006 0.056 0.918 
 247 S _   0.009 0.003 0.000 0.005 0.002 0.007 0.057 0.917 
 248 R _   0.007 0.006 0.000 0.006 0.002 0.008 0.057 0.914 
 249 T _   0.007 0.011 0.000 0.008 0.003 0.009 0.056 0.907 
 250 I _   0.006 0.017 0.000 0.010 0.004 0.010 0.055 0.897 
 251 P _   0.007 0.027 0.001 0.013 0.004 0.011 0.054 0.883 
 252 K _   0.007 0.038 0.001 0.017 0.006 0.013 0.053 0.866 
 253 D _   0.007 0.051 0.001 0.020 0.007 0.014 0.052 0.848 
 254 M _   0.008 0.063 0.001 0.024 0.008 0.015 0.051 0.830 
 255 R _   0.008 0.074 0.001 0.027 0.009 0.016 0.050 0.814 
 256 R _   0.009 0.083 0.001 0.030 0.010 0.017 0.050 0.800 
 257 K _   0.009 0.089 0.001 0.033 0.011 0.018 0.050 0.790 
 258 I _   0.010 0.094 0.001 0.034 0.011 0.018 0.050 0.783 
 259 M _   0.010 0.095 0.001 0.034 0.011 0.018 0.050 0.780 
 260 T _   0.011 0.095 0.001 0.033 0.011 0.018 0.051 0.781 
 261 G _   0.011 0.093 0.001 0.031 0.010 0.017 0.052 0.786 
 262 S _   0.011 0.088 0.001 0.028 0.009 0.016 0.053 0.794 
 263 F _   0.011 0.080 0.001 0.024 0.008 0.015 0.055 0.805 
 264 E _   0.010 0.072 0.001 0.021 0.007 0.014 0.056 0.819 
 265 F _   0.010 0.062 0.001 0.017 0.006 0.013 0.058 0.833 
 266 P _   0.010 0.052 0.001 0.013 0.005 0.012 0.059 0.847 
 267 E _   0.009 0.045 0.001 0.011 0.004 0.012 0.061 0.858 
 268 E _   0.009 0.039 0.000 0.009 0.004 0.011 0.062 0.866 
 269 E _   0.009 0.035 0.000 0.008 0.004 0.011 0.063 0.871 
 270 W _   0.009 0.032 0.000 0.007 0.004 0.011 0.064 0.873 
 271 S _   0.009 0.031 0.000 0.007 0.004 0.012 0.064 0.872 
 272 Q _   0.010 0.031 0.000 0.008 0.004 0.013 0.065 0.868 
 273 I _   0.011 0.032 0.001 0.010 0.005 0.014 0.065 0.862 
 274 S _   0.012 0.034 0.001 0.012 0.006 0.015 0.065 0.854 
 275 E _   0.013 0.036 0.001 0.015 0.007 0.017 0.066 0.845 
 276 M _   0.015 0.038 0.001 0.018 0.009 0.018 0.066 0.836 
 277 A _   0.016 0.040 0.001 0.021 0.010 0.018 0.067 0.827 
 278 K _   0.016 0.041 0.001 0.023 0.010 0.019 0.068 0.821 
 279 D _   0.017 0.041 0.001 0.024 0.010 0.018 0.070 0.819 
 280 V _   0.017 0.039 0.001 0.024 0.010 0.018 0.072 0.820 
 281 V _   0.016 0.037 0.001 0.022 0.009 0.017 0.074 0.825 
 282 R _   0.016 0.033 0.001 0.019 0.008 0.015 0.076 0.833 
 283 K _   0.015 0.027 0.001 0.016 0.006 0.014 0.078 0.843 
 284 L _   0.014 0.022 0.001 0.012 0.005 0.012 0.080 0.854 
 285 L _   0.012 0.017 0.001 0.009 0.004 0.011 0.082 0.864 
 286 K _   0.011 0.013 0.000 0.007 0.003 0.010 0.083 0.872 
 287 V _   0.010 0.011 0.000 0.005 0.003 0.010 0.085 0.877 
 288 K _   0.010 0.009 0.000 0.005 0.003 0.010 0.085 0.878 
 289 P _   0.010 0.009 0.000 0.005 0.003 0.010 0.086 0.876 
 290 E _   0.010 0.010 0.000 0.007 0.004 0.011 0.086 0.871 
 291 E _   0.011 0.012 0.001 0.009 0.005 0.012 0.087 0.864 
 292 R _   0.011 0.015 0.001 0.013 0.006 0.013 0.087 0.854 
 293 L _   0.011 0.018 0.001 0.017 0.007 0.014 0.087 0.844 
 294 T _   0.011 0.021 0.001 0.021 0.008 0.014 0.088 0.836 
 295 I _   0.011 0.022 0.001 0.023 0.008 0.014 0.089 0.831 
 296 E _   0.010 0.023 0.001 0.024 0.008 0.014 0.090 0.830 
 297 G _   0.010 0.022 0.001 0.022 0.007 0.013 0.091 0.833 
 298 V _   0.009 0.020 0.001 0.019 0.006 0.012 0.093 0.839 
 299 L _   0.009 0.018 0.001 0.016 0.005 0.011 0.095 0.846 
 300 D _   0.008 0.014 0.001 0.013 0.005 0.010 0.097 0.853 
 301 H _   0.008 0.011 0.000 0.010 0.004 0.010 0.098 0.858 
 302 P _   0.007 0.009 0.000 0.008 0.003 0.009 0.100 0.862 
 303 W _   0.007 0.007 0.000 0.007 0.003 0.009 0.102 0.864 
 304 L _   0.007 0.005 0.000 0.007 0.003 0.009 0.103 0.865 
 305 N _   0.007 0.005 0.000 0.007 0.003 0.009 0.105 0.864 
 306 S _   0.008 0.004 0.000 0.007 0.003 0.010 0.106 0.862 
 307 T _   0.008 0.004 0.000 0.008 0.004 0.010 0.107 0.859 
 308 E _   0.008 0.003 0.000 0.008 0.004 0.011 0.108 0.857 
 309 A _   0.009 0.003 0.000 0.008 0.004 0.012 0.109 0.855 
 310 L _   0.009 0.003 0.001 0.008 0.004 0.013 0.110 0.852 
 311 D _   0.011 0.003 0.001 0.008 0.005 0.014 0.110 0.849 
 312 N _   0.012 0.002 0.001 0.008 0.005 0.015 0.111 0.846 
 313 V _   0.014 0.002 0.001 0.008 0.005 0.017 0.112 0.841 
 314 L _   0.017 0.002 0.001 0.008 0.006 0.019 0.113 0.834 
 315 P _   0.022 0.002 0.001 0.008 0.007 0.022 0.114 0.825 
 316 S _   0.027 0.002 0.001 0.008 0.008 0.024 0.115 0.815 
 317 A _   0.033 0.002 0.001 0.008 0.010 0.027 0.116 0.804 
 318 Q _   0.039 0.002 0.001 0.009 0.011 0.030 0.117 0.791 
 319 L _   0.046 0.002 0.001 0.009 0.013 0.032 0.118 0.778 
 320 M _   0.053 0.003 0.001 0.010 0.015 0.034 0.120 0.764 
 321 M _   0.060 0.003 0.001 0.010 0.016 0.036 0.122 0.751 
 322 D _   0.066 0.004 0.001 0.011 0.018 0.037 0.124 0.739 
 323 K _   0.071 0.004 0.001 0.012 0.019 0.038 0.127 0.728 
 324 A _   0.073 0.005 0.001 0.013 0.019 0.038 0.130 0.720 
 325 V _   0.075 0.005 0.001 0.014 0.020 0.038 0.134 0.713 
 326 V _   0.075 0.006 0.001 0.014 0.019 0.036 0.138 0.710 
 327 A _   0.071 0.006 0.001 0.015 0.018 0.035 0.142 0.711 
 328 G _   0.067 0.006 0.001 0.014 0.016 0.033 0.147 0.715 
 329 I _   0.061 0.006 0.001 0.014 0.015 0.030 0.152 0.721 
 330 Q _   0.054 0.005 0.001 0.012 0.013 0.028 0.158 0.729 
 331 Q _   0.047 0.005 0.001 0.011 0.011 0.025 0.163 0.737 
 332 A _   0.039 0.004 0.001 0.010 0.009 0.023 0.168 0.746 
 333 H _   0.033 0.004 0.001 0.009 0.008 0.021 0.173 0.752 
 334 A _   0.028 0.004 0.001 0.008 0.007 0.019 0.178 0.756 
 335 E _   0.024 0.004 0.001 0.008 0.006 0.018 0.182 0.758 
 336 Q _   0.021 0.004 0.001 0.008 0.006 0.016 0.187 0.758 
 337 L _   0.018 0.004 0.001 0.009 0.006 0.015 0.191 0.756 
 338 A _   0.017 0.005 0.001 0.010 0.006 0.015 0.195 0.752 
 339 N _   0.015 0.006 0.001 0.011 0.006 0.014 0.200 0.748 
 340 M _   0.014 0.006 0.001 0.011 0.006 0.014 0.204 0.744 
 341 R _   0.014 0.007 0.001 0.012 0.006 0.014 0.209 0.738 
 342 I _   0.013 0.007 0.001 0.013 0.006 0.013 0.214 0.732 
 343 Q _   0.013 0.007 0.001 0.014 0.006 0.013 0.220 0.727 
 344 D _   0.013 0.007 0.001 0.014 0.006 0.013 0.225 0.721 
 345 L _   0.012 0.007 0.001 0.014 0.006 0.012 0.232 0.716 
 346 K _   0.012 0.007 0.001 0.014 0.005 0.011 0.238 0.712 
 347 V _   0.011 0.006 0.001 0.013 0.005 0.011 0.245 0.709 
 348 S _   0.010 0.006 0.001 0.011 0.004 0.010 0.252 0.707 
 349 L _   0.010 0.005 0.000 0.009 0.004 0.009 0.258 0.706 
 350 K _   0.009 0.004 0.000 0.007 0.003 0.008 0.264 0.705 
 351 P _   0.008 0.003 0.000 0.006 0.003 0.007 0.270 0.704 
 352 L _   0.007 0.003 0.000 0.005 0.002 0.006 0.274 0.702 
 353 H _   0.006 0.003 0.000 0.004 0.002 0.006 0.279 0.700 
 354 S _   0.006 0.003 0.000 0.004 0.002 0.006 0.282 0.696 
 355 V _   0.006 0.004 0.000 0.005 0.002 0.007 0.286 0.691 
 356 N _   0.006 0.005 0.000 0.006 0.003 0.008 0.289 0.684 
 357 N _   0.007 0.007 0.000 0.009 0.003 0.009 0.292 0.674 
 358 P _   0.007 0.010 0.000 0.012 0.004 0.010 0.295 0.662 
 359 I _   0.008 0.013 0.001 0.016 0.005 0.011 0.298 0.649 
 360 L _   0.008 0.016 0.001 0.020 0.006 0.011 0.301 0.637 
 361 R _   0.008 0.018 0.001 0.023 0.006 0.012 0.305 0.627 
 362 K _   0.008 0.019 0.001 0.024 0.006 0.012 0.310 0.620 
 363 R _   0.007 0.019 0.001 0.024 0.006 0.011 0.315 0.616 
 364 K _   0.007 0.018 0.001 0.022 0.005 0.010 0.321 0.616 
 365 L _   0.007 0.016 0.001 0.018 0.005 0.009 0.328 0.617 
 366 L _   0.006 0.014 0.000 0.015 0.004 0.008 0.335 0.619 
 367 G _   0.006 0.011 0.000 0.011 0.003 0.007 0.342 0.620 
 368 T _   0.005 0.008 0.000 0.008 0.002 0.006 0.348 0.621 
 369 K _   0.005 0.006 0.000 0.007 0.002 0.005 0.354 0.621 
 370 P _   0.004 0.005 0.000 0.006 0.002 0.005 0.358 0.620 
 371 K _   0.004 0.004 0.000 0.005 0.002 0.005 0.362 0.618 
 372 D _   0.004 0.004 0.000 0.005 0.002 0.005 0.365 0.615 
 373 S _   0.004 0.004 0.000 0.006 0.002 0.005 0.368 0.613 
 374 V _   0.004 0.003 0.000 0.006 0.002 0.005 0.370 0.610 
 375 Y _   0.004 0.004 0.000 0.007 0.002 0.005 0.371 0.608 
 376 I _   0.004 0.004 0.000 0.007 0.002 0.005 0.372 0.607 
 377 H _   0.003 0.004 0.000 0.007 0.002 0.005 0.372 0.607 
 378 D _   0.003 0.004 0.000 0.006 0.002 0.005 0.372 0.608 
 379 H _   0.003 0.004 0.000 0.006 0.001 0.004 0.372 0.610 
 380 E _   0.003 0.004 0.000 0.005 0.001 0.004 0.370 0.612 
 381 N _   0.003 0.005 0.000 0.005 0.001 0.004 0.368 0.614 
 382 G _   0.003 0.005 0.000 0.004 0.001 0.005 0.366 0.615 
 383 A _   0.003 0.006 0.000 0.005 0.001 0.006 0.363 0.616 
 384 E _   0.003 0.009 0.000 0.005 0.002 0.007 0.359 0.615 
 385 D _   0.004 0.012 0.000 0.006 0.002 0.009 0.355 0.611 
 386 S _   0.005 0.018 0.000 0.008 0.003 0.012 0.349 0.604 
 387 N _   0.006 0.028 0.001 0.011 0.004 0.015 0.343 0.592 
 388 V _   0.009 0.042 0.001 0.014 0.006 0.020 0.335 0.574 
 389 A _   0.011 0.059 0.001 0.017 0.009 0.025 0.327 0.550 
 390 L _   0.015 0.079 0.001 0.020 0.012 0.030 0.318 0.524 
 391 E _   0.019 0.099 0.001 0.023 0.016 0.035 0.311 0.497 
 392 K _   0.023 0.119 0.001 0.025 0.020 0.039 0.303 0.468 
 393 L _   0.028 0.139 0.002 0.028 0.025 0.042 0.297 0.440 
 394 R _   0.032 0.158 0.002 0.031 0.029 0.044 0.292 0.413 
 395 D _   0.036 0.176 0.002 0.034 0.031 0.045 0.288 0.388 
 396 V _   0.039 0.191 0.002 0.039 0.032 0.044 0.285 0.367 
 397 I _   0.041 0.203 0.002 0.043 0.032 0.043 0.284 0.352 
 398 A _   0.042 0.209 0.002 0.048 0.030 0.040 0.285 0.345 
 399 Q _   0.040 0.211 0.002 0.050 0.028 0.036 0.287 0.346 
 400 C _   0.038 0.207 0.002 0.050 0.024 0.033 0.290 0.356 
 401 I _   0.035 0.197 0.002 0.047 0.020 0.028 0.295 0.375 
 402 L _   0.030 0.178 0.002 0.042 0.016 0.024 0.302 0.406 
 403 P _   0.026 0.148 0.001 0.034 0.013 0.020 0.309 0.449 
 404 Q _   0.022 0.110 0.001 0.025 0.009 0.016 0.318 0.499 
 405 A _   0.018 0.072 0.001 0.017 0.006 0.013 0.326 0.548 
 406 G _   0.014 0.042 0.001 0.010 0.004 0.010 0.332 0.588 
 407 K _   0.010 0.024 0.000 0.006 0.002 0.007 0.336 0.615 
 408 G _   0.007 0.016 0.000 0.003 0.001 0.005 0.338 0.630 
 409 E _   0.005 0.012 0.000 0.002 0.001 0.004 0.338 0.638 
 410 N _   0.004 0.011 0.000 0.002 0.001 0.004 0.337 0.641 
 411 E _   0.004 0.012 0.000 0.002 0.001 0.005 0.335 0.642 
 412 D _   0.004 0.015 0.000 0.004 0.002 0.006 0.331 0.638 
 413 E _   0.005 0.025 0.000 0.007 0.003 0.009 0.325 0.626 
 414 K _   0.007 0.048 0.001 0.013 0.005 0.013 0.315 0.598 
 415 L _   0.008 0.093 0.001 0.023 0.008 0.016 0.303 0.549 
 416 N _   0.008 0.152 0.001 0.034 0.011 0.018 0.288 0.489 
 417 E _   0.007 0.206 0.001 0.043 0.012 0.019 0.276 0.436 
 418 V _   0.007 0.245 0.001 0.049 0.013 0.019 0.267 0.401 
 419 M _   0.007 0.266 0.001 0.051 0.012 0.018 0.261 0.383 
 420 Q _   0.006 0.277 0.001 0.051 0.012 0.018 0.257 0.378 
 421 E _   0.006 0.280 0.001 0.047 0.011 0.017 0.255 0.382 
 422 A _   0.006 0.277 0.001 0.041 0.011 0.016 0.255 0.393 
 423 W _   0.006 0.270 0.001 0.034 0.009 0.015 0.255 0.409 
 424 K _   0.007 0.258 0.001 0.027 0.008 0.015 0.257 0.428 
 425 Y _   0.007 0.243 0.001 0.020 0.007 0.014 0.259 0.449 
 426 N _   0.007 0.229 0.001 0.016 0.006 0.014 0.261 0.466 
 427 R _   0.008 0.219 0.001 0.013 0.005 0.014 0.263 0.478 
 428 E _   0.008 0.211 0.001 0.011 0.005 0.014 0.265 0.485 
 429 C _   0.008 0.206 0.001 0.011 0.005 0.014 0.266 0.488 
 430 K _   0.009 0.203 0.001 0.011 0.005 0.014 0.268 0.488 
 431 L _   0.009 0.202 0.001 0.013 0.006 0.014 0.269 0.486 
 432 L _   0.009 0.201 0.001 0.014 0.006 0.015 0.271 0.484 
 433 R _   0.010 0.200 0.001 0.016 0.007 0.015 0.272 0.481 
 434 D _   0.010 0.198 0.001 0.017 0.007 0.015 0.274 0.478 
 435 T _   0.010 0.195 0.001 0.019 0.008 0.014 0.277 0.477 
 436 L _   0.010 0.191 0.001 0.020 0.008 0.014 0.280 0.476 
 437 Q _   0.010 0.184 0.001 0.021 0.008 0.014 0.283 0.478 
 438 S _   0.010 0.176 0.001 0.022 0.008 0.014 0.288 0.482 
 439 F _   0.010 0.165 0.001 0.021 0.008 0.013 0.294 0.488 
 440 S _   0.010 0.150 0.001 0.021 0.008 0.012 0.301 0.498 
 441 W _   0.009 0.133 0.001 0.019 0.007 0.012 0.309 0.510 
 442 N _   0.009 0.114 0.001 0.017 0.006 0.011 0.317 0.526 
 443 G _   0.008 0.094 0.001 0.014 0.005 0.010 0.326 0.542 
 444 R _   0.008 0.075 0.001 0.011 0.004 0.009 0.334 0.558 
 445 G _   0.007 0.060 0.000 0.008 0.003 0.009 0.341 0.571 
 446 F _   0.006 0.050 0.000 0.006 0.003 0.008 0.347 0.580 
 447 T _   0.006 0.044 0.000 0.004 0.002 0.008 0.352 0.584 
 448 D _   0.006 0.041 0.000 0.004 0.002 0.009 0.355 0.583 
 449 K _   0.006 0.041 0.000 0.004 0.002 0.010 0.358 0.579 
 450 V _   0.007 0.043 0.000 0.005 0.003 0.012 0.360 0.569 
 451 D _   0.009 0.049 0.000 0.007 0.004 0.015 0.362 0.553 
 452 R _   0.012 0.062 0.001 0.010 0.007 0.019 0.363 0.526 
 453 L _   0.014 0.086 0.001 0.015 0.010 0.023 0.363 0.488 
 454 K _   0.016 0.120 0.001 0.022 0.014 0.026 0.363 0.438 
 455 L _   0.017 0.159 0.002 0.029 0.017 0.029 0.363 0.384 
 456 A X   0.018 0.197 0.002 0.036 0.020 0.030 0.364 0.333 
 457 E X   0.018 0.228 0.002 0.042 0.022 0.031 0.366 0.291 
 458 I X   0.018 0.250 0.002 0.047 0.023 0.031 0.370 0.259 
 459 V X   0.019 0.263 0.001 0.052 0.023 0.031 0.376 0.235 
 460 K X   0.019 0.270 0.001 0.055 0.023 0.030 0.384 0.219 
 461 Q X   0.019 0.271 0.001 0.056 0.022 0.028 0.394 0.210 
 462 V X   0.018 0.266 0.001 0.055 0.020 0.026 0.407 0.206 
 463 I X   0.017 0.256 0.001 0.051 0.018 0.024 0.424 0.208 
 464 E X   0.016 0.237 0.001 0.046 0.016 0.021 0.445 0.217 
 465 E X   0.014 0.209 0.002 0.040 0.014 0.019 0.470 0.234 
 466 Q X   0.012 0.172 0.001 0.033 0.011 0.015 0.498 0.257 
 467 T X   0.009 0.132 0.001 0.025 0.008 0.012 0.529 0.282 
 468 T X   0.006 0.090 0.001 0.017 0.006 0.008 0.562 0.310 
 469 S X   0.003 0.051 0.001 0.010 0.003 0.004 0.591 0.337 
 470 H X   0.001 0.023 0.000 0.004 0.001 0.001 0.610 0.360 
 471 E X   0.000 0.011 0.000 0.002 0.000 0.000 0.615 0.371 
 472 S X   0.000 0.008 0.000 0.002 0.000 0.000 0.614 0.375 
 473 Q X   0.002 0.007 0.001 0.008 0.002 0.002 0.604 0.374 
