#TopoPred_TM8: 8-state transmembrane topology prediction results by no_profile mode 
#probabilities are in the order of H E C I L F X _, the 8 transmembrane topology types used in PDBTM 
   1 M X   0.017 0.002 0.002 0.061 0.011 0.013 0.560 0.333 
   2 E X   0.006 0.002 0.000 0.040 0.002 0.008 0.572 0.371 
   3 K X   0.002 0.002 0.000 0.028 0.001 0.006 0.572 0.389 
   4 Y X   0.002 0.004 0.000 0.025 0.001 0.008 0.564 0.395 
   5 H X   0.004 0.009 0.000 0.028 0.003 0.012 0.549 0.395 
   6 V X   0.006 0.018 0.001 0.034 0.005 0.018 0.527 0.391 
   7 L X   0.008 0.034 0.001 0.042 0.008 0.022 0.503 0.383 
   8 E X   0.010 0.053 0.001 0.050 0.010 0.024 0.476 0.377 
   9 M X   0.010 0.070 0.001 0.056 0.011 0.024 0.451 0.376 
  10 I X   0.010 0.083 0.001 0.060 0.012 0.024 0.429 0.381 
  11 G X   0.009 0.090 0.001 0.060 0.013 0.022 0.412 0.392 
  12 E _   0.008 0.094 0.001 0.056 0.013 0.021 0.398 0.409 
  13 G _   0.008 0.094 0.001 0.050 0.012 0.019 0.388 0.428 
  14 S _   0.008 0.091 0.001 0.041 0.010 0.017 0.380 0.450 
  15 F _   0.008 0.086 0.001 0.033 0.008 0.016 0.374 0.474 
  16 G _   0.008 0.079 0.001 0.025 0.007 0.014 0.369 0.498 
  17 R _   0.008 0.071 0.001 0.018 0.005 0.013 0.364 0.520 
  18 V _   0.007 0.063 0.001 0.013 0.004 0.012 0.359 0.541 
  19 Y _   0.007 0.058 0.000 0.010 0.003 0.011 0.354 0.557 
  20 K _   0.006 0.054 0.000 0.007 0.003 0.010 0.348 0.571 
  21 G _   0.006 0.052 0.000 0.006 0.003 0.010 0.342 0.581 
  22 R _   0.006 0.052 0.000 0.006 0.003 0.011 0.335 0.587 
  23 R _   0.007 0.054 0.000 0.006 0.003 0.012 0.327 0.589 
  24 K _   0.008 0.060 0.001 0.009 0.005 0.014 0.318 0.586 
  25 Y _   0.009 0.070 0.001 0.012 0.007 0.016 0.308 0.576 
  26 S _   0.011 0.087 0.001 0.018 0.009 0.019 0.297 0.558 
  27 A _   0.012 0.109 0.001 0.026 0.012 0.021 0.285 0.535 
  28 Q _   0.012 0.132 0.001 0.034 0.014 0.022 0.273 0.512 
  29 V _   0.013 0.149 0.001 0.041 0.015 0.022 0.264 0.495 
  30 V _   0.013 0.161 0.001 0.046 0.016 0.022 0.257 0.485 
  31 A _   0.013 0.166 0.001 0.048 0.015 0.021 0.251 0.484 
  32 L _   0.013 0.166 0.001 0.047 0.014 0.020 0.247 0.491 
  33 K _   0.013 0.162 0.001 0.044 0.013 0.018 0.244 0.504 
  34 F _   0.012 0.152 0.001 0.039 0.011 0.017 0.243 0.525 
  35 I _   0.012 0.136 0.001 0.032 0.010 0.015 0.242 0.553 
  36 P _   0.011 0.114 0.001 0.025 0.008 0.013 0.242 0.586 
  37 K _   0.010 0.091 0.001 0.018 0.006 0.011 0.243 0.621 
  38 L _   0.009 0.069 0.001 0.013 0.004 0.010 0.243 0.651 
  39 G _   0.008 0.054 0.000 0.009 0.003 0.009 0.242 0.675 
  40 R _   0.007 0.043 0.000 0.006 0.002 0.008 0.241 0.692 
  41 S _   0.006 0.038 0.000 0.005 0.002 0.007 0.239 0.703 
  42 E _   0.005 0.035 0.000 0.004 0.002 0.007 0.237 0.709 
  43 K _   0.005 0.035 0.000 0.005 0.002 0.007 0.233 0.713 
  44 E _   0.005 0.036 0.000 0.005 0.002 0.008 0.229 0.712 
  45 L _   0.006 0.040 0.000 0.007 0.003 0.010 0.224 0.709 
  46 R _   0.007 0.047 0.001 0.010 0.004 0.012 0.219 0.700 
  47 N _   0.008 0.058 0.001 0.015 0.006 0.014 0.212 0.687 
  48 L _   0.008 0.072 0.001 0.020 0.008 0.016 0.205 0.670 
  49 Q _   0.009 0.086 0.001 0.025 0.010 0.018 0.198 0.653 
  50 R _   0.010 0.098 0.001 0.030 0.011 0.020 0.192 0.638 
  51 E _   0.010 0.108 0.001 0.034 0.012 0.021 0.187 0.626 
  52 I _   0.011 0.114 0.001 0.037 0.013 0.021 0.183 0.620 
  53 E _   0.012 0.117 0.001 0.037 0.014 0.022 0.179 0.619 
  54 I _   0.013 0.118 0.001 0.035 0.013 0.021 0.177 0.621 
  55 M _   0.013 0.116 0.001 0.033 0.013 0.021 0.175 0.628 
  56 R _   0.014 0.111 0.001 0.029 0.012 0.020 0.174 0.639 
  57 G _   0.013 0.104 0.001 0.025 0.011 0.019 0.174 0.653 
  58 L _   0.013 0.096 0.001 0.021 0.010 0.019 0.173 0.667 
  59 R _   0.013 0.088 0.001 0.018 0.009 0.018 0.173 0.681 
  60 H _   0.012 0.080 0.001 0.016 0.008 0.017 0.174 0.693 
  61 P _   0.012 0.073 0.001 0.015 0.007 0.016 0.174 0.702 
  62 N _   0.011 0.068 0.001 0.015 0.007 0.015 0.174 0.709 
  63 I _   0.011 0.063 0.001 0.015 0.006 0.015 0.175 0.714 
  64 V _   0.011 0.059 0.001 0.015 0.006 0.014 0.175 0.719 
  65 H _   0.011 0.054 0.001 0.014 0.006 0.013 0.176 0.725 
  66 M _   0.010 0.049 0.001 0.014 0.006 0.013 0.177 0.732 
  67 L _   0.010 0.043 0.001 0.012 0.005 0.012 0.177 0.739 
  68 D _   0.009 0.038 0.001 0.011 0.005 0.012 0.178 0.747 
  69 S _   0.009 0.033 0.001 0.009 0.004 0.011 0.178 0.754 
  70 F _   0.009 0.029 0.000 0.008 0.004 0.011 0.179 0.760 
  71 E _   0.009 0.027 0.000 0.007 0.004 0.011 0.179 0.763 
  72 T _   0.009 0.026 0.000 0.006 0.004 0.012 0.179 0.763 
  73 D _   0.010 0.026 0.000 0.007 0.004 0.013 0.179 0.760 
  74 K _   0.011 0.028 0.001 0.008 0.005 0.014 0.179 0.755 
  75 E _   0.013 0.031 0.001 0.009 0.006 0.015 0.179 0.747 
  76 V _   0.014 0.035 0.001 0.011 0.007 0.017 0.179 0.736 
  77 V _   0.015 0.041 0.001 0.014 0.008 0.018 0.178 0.724 
  78 V _   0.016 0.047 0.001 0.017 0.009 0.020 0.178 0.712 
  79 V _   0.017 0.053 0.001 0.020 0.010 0.020 0.178 0.701 
  80 T _   0.017 0.059 0.001 0.022 0.011 0.021 0.178 0.691 
  81 D _   0.017 0.063 0.001 0.025 0.012 0.022 0.179 0.682 
  82 Y _   0.017 0.067 0.001 0.027 0.012 0.022 0.180 0.674 
  83 A _   0.017 0.070 0.001 0.030 0.012 0.021 0.181 0.668 
  84 E _   0.017 0.071 0.001 0.032 0.012 0.020 0.183 0.664 
  85 G _   0.016 0.071 0.001 0.033 0.011 0.019 0.186 0.662 
  86 E _   0.016 0.069 0.001 0.033 0.010 0.018 0.189 0.664 
  87 L _   0.014 0.064 0.001 0.032 0.009 0.016 0.194 0.670 
  88 F _   0.013 0.057 0.001 0.028 0.007 0.014 0.198 0.681 
  89 Q _   0.012 0.047 0.001 0.023 0.006 0.012 0.203 0.697 
  90 I _   0.010 0.034 0.001 0.017 0.004 0.010 0.208 0.716 
  91 L _   0.009 0.022 0.000 0.011 0.003 0.008 0.212 0.735 
  92 E _   0.007 0.012 0.000 0.007 0.002 0.006 0.215 0.750 
  93 D _   0.006 0.006 0.000 0.004 0.001 0.005 0.217 0.761 
  94 D _   0.005 0.002 0.000 0.002 0.001 0.004 0.217 0.768 
  95 G _   0.004 0.001 0.000 0.002 0.001 0.004 0.217 0.772 
  96 K _   0.004 0.000 0.000 0.001 0.001 0.005 0.215 0.773 
  97 L _   0.006 0.000 0.000 0.001 0.001 0.007 0.212 0.772 
  98 P _   0.010 0.000 0.000 0.002 0.002 0.011 0.209 0.766 
  99 E _   0.018 0.001 0.000 0.003 0.003 0.019 0.203 0.754 
 100 D _   0.031 0.002 0.001 0.005 0.006 0.030 0.195 0.730 
 101 Q _   0.051 0.006 0.001 0.009 0.012 0.045 0.185 0.692 
 102 V _   0.076 0.014 0.002 0.015 0.023 0.061 0.173 0.637 
 103 Q _   0.104 0.026 0.002 0.022 0.037 0.077 0.160 0.573 
 104 A _   0.129 0.039 0.003 0.028 0.052 0.089 0.147 0.513 
 105 I _   0.151 0.051 0.003 0.034 0.065 0.097 0.136 0.463 
 106 A _   0.169 0.060 0.003 0.037 0.074 0.102 0.127 0.428 
 107 A _   0.184 0.066 0.003 0.038 0.080 0.102 0.120 0.407 
 108 Q _   0.195 0.068 0.003 0.037 0.082 0.100 0.115 0.400 
 109 L _   0.202 0.068 0.003 0.034 0.080 0.096 0.111 0.405 
 110 V _   0.204 0.064 0.003 0.031 0.075 0.090 0.109 0.423 
 111 S _   0.202 0.059 0.003 0.027 0.067 0.083 0.107 0.452 
 112 A _   0.194 0.053 0.003 0.024 0.058 0.076 0.106 0.488 
 113 L _   0.180 0.045 0.002 0.020 0.047 0.067 0.105 0.532 
 114 Y _   0.162 0.037 0.002 0.018 0.038 0.059 0.105 0.580 
 115 Y _   0.141 0.030 0.002 0.016 0.029 0.051 0.106 0.626 
 116 L _   0.118 0.024 0.002 0.015 0.022 0.044 0.106 0.669 
 117 H _   0.097 0.019 0.001 0.014 0.016 0.037 0.107 0.708 
 118 S _   0.078 0.015 0.001 0.013 0.012 0.031 0.107 0.742 
 119 H _   0.061 0.012 0.001 0.012 0.010 0.026 0.108 0.771 
 120 R _   0.047 0.009 0.001 0.011 0.007 0.021 0.108 0.796 
 121 I _   0.036 0.007 0.001 0.010 0.006 0.018 0.108 0.817 
 122 L _   0.027 0.005 0.001 0.008 0.004 0.015 0.107 0.834 
 123 H _   0.020 0.003 0.000 0.006 0.003 0.012 0.107 0.848 
 124 R _   0.015 0.002 0.000 0.005 0.003 0.010 0.106 0.858 
 125 D _   0.012 0.001 0.000 0.004 0.002 0.009 0.104 0.866 
 126 M _   0.010 0.001 0.000 0.004 0.002 0.009 0.102 0.871 
 127 K _   0.009 0.001 0.000 0.004 0.002 0.010 0.100 0.874 
 128 P _   0.009 0.002 0.000 0.004 0.003 0.011 0.098 0.874 
 129 Q _   0.010 0.002 0.000 0.005 0.003 0.013 0.095 0.871 
 130 N _   0.012 0.004 0.001 0.007 0.005 0.015 0.092 0.865 
 131 I _   0.014 0.007 0.001 0.011 0.006 0.018 0.088 0.855 
 132 L _   0.016 0.010 0.001 0.014 0.008 0.021 0.084 0.845 
 133 L _   0.017 0.014 0.001 0.018 0.010 0.025 0.081 0.834 
 134 A _   0.019 0.017 0.001 0.021 0.012 0.027 0.077 0.826 
 135 K _   0.020 0.020 0.001 0.022 0.013 0.030 0.074 0.820 
 136 G _   0.022 0.021 0.001 0.022 0.014 0.032 0.070 0.817 
 137 G _   0.025 0.022 0.001 0.021 0.015 0.034 0.067 0.815 
 138 G _   0.027 0.022 0.001 0.019 0.016 0.036 0.064 0.814 
 139 I _   0.031 0.022 0.001 0.018 0.016 0.038 0.062 0.811 
 140 K _   0.035 0.022 0.001 0.017 0.017 0.040 0.059 0.808 
 141 L _   0.038 0.022 0.001 0.017 0.018 0.042 0.057 0.803 
 142 C _   0.042 0.023 0.001 0.018 0.020 0.043 0.055 0.798 
 143 D _   0.045 0.023 0.001 0.020 0.021 0.044 0.053 0.793 
 144 F _   0.047 0.023 0.001 0.021 0.022 0.045 0.052 0.790 
 145 G _   0.050 0.022 0.002 0.021 0.022 0.044 0.050 0.789 
 146 F _   0.052 0.021 0.001 0.020 0.021 0.043 0.049 0.792 
 147 A _   0.054 0.019 0.001 0.018 0.020 0.042 0.048 0.798 
 148 R _   0.054 0.017 0.001 0.016 0.018 0.040 0.047 0.807 
 149 A _   0.054 0.014 0.001 0.013 0.016 0.039 0.046 0.817 
 150 M _   0.053 0.012 0.001 0.011 0.015 0.037 0.045 0.826 
 151 S _   0.053 0.011 0.001 0.009 0.014 0.036 0.044 0.832 
 152 T _   0.053 0.010 0.001 0.009 0.013 0.035 0.043 0.835 
 153 N _   0.052 0.010 0.001 0.010 0.013 0.034 0.043 0.837 
 154 T _   0.052 0.010 0.001 0.011 0.014 0.034 0.042 0.836 
 155 M _   0.052 0.011 0.001 0.013 0.014 0.033 0.042 0.833 
 156 V _   0.050 0.013 0.001 0.016 0.015 0.032 0.042 0.831 
 157 L _   0.048 0.014 0.001 0.018 0.015 0.031 0.041 0.831 
 158 T _   0.045 0.014 0.001 0.019 0.015 0.029 0.041 0.835 
 159 S _   0.041 0.014 0.001 0.020 0.014 0.027 0.041 0.842 
 160 I _   0.037 0.014 0.001 0.019 0.012 0.025 0.041 0.851 
 161 K _   0.033 0.013 0.001 0.017 0.011 0.022 0.041 0.862 
 162 G _   0.029 0.011 0.001 0.015 0.009 0.020 0.041 0.874 
 163 T _   0.025 0.010 0.001 0.013 0.007 0.018 0.041 0.884 
 164 P _   0.022 0.008 0.001 0.011 0.006 0.016 0.042 0.893 
 165 L _   0.019 0.007 0.001 0.011 0.006 0.015 0.042 0.900 
 166 Y _   0.017 0.007 0.001 0.010 0.005 0.014 0.041 0.906 
 167 M _   0.015 0.006 0.001 0.011 0.005 0.013 0.041 0.909 
 168 S _   0.013 0.005 0.001 0.011 0.005 0.012 0.041 0.912 
 169 P _   0.012 0.005 0.001 0.012 0.005 0.011 0.041 0.914 
 170 E _   0.011 0.005 0.001 0.012 0.004 0.010 0.041 0.917 
 171 L _   0.010 0.004 0.001 0.011 0.004 0.009 0.040 0.921 
 172 V _   0.010 0.003 0.000 0.010 0.004 0.008 0.039 0.925 
 173 E _   0.010 0.002 0.000 0.008 0.003 0.008 0.039 0.930 
 174 E _   0.010 0.001 0.000 0.006 0.002 0.007 0.038 0.935 
 175 R _   0.013 0.001 0.000 0.004 0.002 0.006 0.036 0.937 
 176 P _   0.017 0.000 0.000 0.003 0.002 0.006 0.035 0.936 
 177 Y _   0.027 0.000 0.000 0.002 0.002 0.007 0.032 0.929 
 178 D _   0.048 0.000 0.000 0.002 0.002 0.008 0.030 0.910 
 179 H _   0.086 0.000 0.000 0.002 0.004 0.010 0.027 0.871 
 180 T _   0.155 0.000 0.001 0.002 0.006 0.014 0.023 0.800 
 181 A _   0.257 0.000 0.001 0.002 0.008 0.018 0.018 0.696 
 182 D _   0.381 0.000 0.001 0.002 0.013 0.022 0.014 0.568 
 183 L H   0.506 0.000 0.001 0.002 0.019 0.025 0.010 0.437 
 184 W H   0.611 0.000 0.002 0.002 0.025 0.027 0.007 0.326 
 185 S H   0.690 0.000 0.002 0.002 0.030 0.027 0.005 0.244 
 186 V H   0.744 0.000 0.002 0.002 0.032 0.026 0.004 0.189 
 187 G H   0.778 0.000 0.002 0.002 0.033 0.024 0.004 0.157 
 188 C H   0.796 0.000 0.002 0.003 0.034 0.022 0.003 0.141 
 189 I H   0.800 0.000 0.002 0.003 0.033 0.020 0.003 0.139 
 190 L H   0.793 0.000 0.002 0.003 0.032 0.019 0.003 0.149 
 191 Y H   0.772 0.000 0.002 0.002 0.029 0.017 0.003 0.174 
 192 E H   0.735 0.000 0.002 0.002 0.025 0.016 0.004 0.215 
 193 L H   0.680 0.000 0.002 0.002 0.020 0.015 0.004 0.277 
 194 A H   0.611 0.000 0.001 0.002 0.015 0.014 0.005 0.352 
 195 V H   0.538 0.000 0.001 0.001 0.010 0.013 0.006 0.431 
 196 G _   0.472 0.000 0.001 0.001 0.007 0.012 0.007 0.501 
 197 T _   0.423 0.000 0.001 0.001 0.005 0.011 0.007 0.552 
 198 P _   0.396 0.000 0.000 0.001 0.004 0.012 0.008 0.578 
 199 P _   0.388 0.000 0.000 0.001 0.005 0.013 0.009 0.585 
 200 F _   0.396 0.000 0.001 0.001 0.006 0.016 0.009 0.572 
 201 Y _   0.421 0.000 0.001 0.001 0.008 0.019 0.009 0.541 
 202 A _   0.454 0.000 0.001 0.001 0.013 0.023 0.010 0.498 
 203 T H   0.490 0.000 0.001 0.002 0.020 0.027 0.011 0.449 
 204 S H   0.524 0.000 0.002 0.003 0.028 0.031 0.011 0.401 
 205 I H   0.547 0.001 0.002 0.005 0.035 0.034 0.013 0.364 
 206 F H   0.560 0.001 0.002 0.007 0.040 0.036 0.015 0.339 
 207 Q H   0.560 0.002 0.002 0.008 0.044 0.036 0.017 0.329 
 208 L H   0.549 0.002 0.002 0.010 0.046 0.036 0.020 0.334 
 209 V H   0.526 0.003 0.002 0.011 0.045 0.036 0.024 0.353 
 210 S H   0.489 0.003 0.003 0.012 0.042 0.034 0.029 0.389 
 211 L _   0.438 0.002 0.002 0.011 0.036 0.032 0.035 0.444 
 212 I _   0.377 0.002 0.002 0.010 0.029 0.029 0.041 0.510 
 213 L _   0.311 0.001 0.002 0.008 0.021 0.026 0.049 0.583 
 214 K _   0.243 0.001 0.001 0.007 0.015 0.022 0.056 0.654 
 215 D _   0.182 0.000 0.001 0.005 0.010 0.019 0.063 0.719 
 216 P _   0.131 0.000 0.001 0.004 0.007 0.017 0.069 0.771 
 217 V _   0.092 0.000 0.001 0.003 0.005 0.015 0.074 0.810 
 218 R _   0.064 0.000 0.000 0.003 0.004 0.014 0.079 0.836 
 219 W _   0.047 0.000 0.000 0.003 0.003 0.014 0.082 0.851 
 220 P _   0.037 0.001 0.000 0.003 0.003 0.014 0.085 0.857 
 221 S _   0.031 0.001 0.000 0.003 0.004 0.016 0.087 0.857 
 222 T _   0.029 0.003 0.001 0.005 0.005 0.019 0.089 0.851 
 223 I _   0.029 0.009 0.001 0.007 0.007 0.023 0.090 0.835 
 224 S _   0.030 0.021 0.001 0.012 0.011 0.027 0.091 0.808 
 225 P _   0.032 0.042 0.001 0.019 0.016 0.031 0.092 0.766 
 226 C _   0.033 0.072 0.002 0.030 0.021 0.034 0.094 0.714 
 227 F _   0.033 0.104 0.002 0.042 0.025 0.036 0.095 0.663 
 228 K _   0.033 0.129 0.002 0.053 0.028 0.037 0.097 0.621 
 229 N _   0.032 0.145 0.002 0.062 0.029 0.036 0.100 0.594 
 230 F _   0.031 0.153 0.002 0.067 0.028 0.034 0.104 0.581 
 231 L _   0.029 0.154 0.002 0.067 0.025 0.032 0.110 0.581 
 232 Q _   0.026 0.149 0.002 0.062 0.022 0.028 0.117 0.594 
 233 G _   0.023 0.136 0.002 0.053 0.018 0.025 0.125 0.618 
 234 L _   0.021 0.115 0.002 0.041 0.014 0.021 0.134 0.652 
 235 L _   0.018 0.086 0.001 0.029 0.010 0.017 0.144 0.694 
 236 T _   0.016 0.055 0.001 0.019 0.007 0.014 0.154 0.735 
 237 K _   0.013 0.030 0.001 0.012 0.005 0.011 0.162 0.767 
 238 D _   0.010 0.015 0.000 0.007 0.003 0.009 0.169 0.787 
 239 P _   0.008 0.007 0.000 0.004 0.002 0.008 0.173 0.797 
 240 R _   0.007 0.004 0.000 0.003 0.002 0.007 0.177 0.800 
 241 Q _   0.007 0.002 0.000 0.003 0.002 0.007 0.179 0.800 
 242 R _   0.007 0.002 0.000 0.003 0.002 0.008 0.181 0.798 
 243 L _   0.007 0.002 0.000 0.003 0.002 0.010 0.182 0.794 
 244 S _   0.009 0.002 0.000 0.004 0.002 0.012 0.183 0.788 
 245 W _   0.012 0.003 0.000 0.005 0.003 0.015 0.183 0.779 
 246 P _   0.015 0.004 0.001 0.006 0.005 0.020 0.183 0.766 
 247 D _   0.020 0.007 0.001 0.008 0.007 0.025 0.182 0.750 
 248 L _   0.027 0.011 0.001 0.010 0.010 0.031 0.181 0.727 
 249 L _   0.035 0.017 0.001 0.013 0.015 0.038 0.180 0.700 
 250 Y _   0.044 0.025 0.001 0.015 0.021 0.045 0.179 0.668 
 251 H _   0.054 0.036 0.002 0.019 0.028 0.051 0.179 0.632 
 252 P _   0.063 0.048 0.002 0.023 0.036 0.056 0.179 0.594 
 253 F _   0.071 0.062 0.002 0.027 0.042 0.059 0.179 0.557 
 254 I _   0.077 0.076 0.002 0.033 0.046 0.061 0.180 0.524 
 255 A _   0.081 0.087 0.002 0.038 0.049 0.060 0.183 0.500 
 256 G _   0.082 0.095 0.002 0.043 0.049 0.058 0.186 0.484 
 257 H _   0.081 0.099 0.002 0.046 0.047 0.055 0.191 0.479 
 258 V _   0.077 0.099 0.002 0.048 0.042 0.050 0.197 0.484 
 259 T _   0.070 0.096 0.002 0.046 0.037 0.045 0.205 0.499 
 260 I _   0.062 0.089 0.002 0.042 0.030 0.039 0.214 0.522 
 261 I _   0.052 0.077 0.002 0.035 0.023 0.033 0.224 0.553 
 262 T _   0.043 0.061 0.002 0.027 0.017 0.027 0.235 0.589 
 263 E _   0.034 0.044 0.001 0.020 0.011 0.022 0.245 0.623 
 264 P _   0.026 0.029 0.001 0.013 0.007 0.017 0.255 0.652 
 265 A _   0.020 0.018 0.001 0.009 0.005 0.014 0.262 0.671 
 266 G _   0.015 0.012 0.000 0.006 0.003 0.011 0.269 0.684 
 267 P _   0.011 0.008 0.000 0.005 0.002 0.009 0.274 0.690 
 268 D _   0.009 0.007 0.000 0.004 0.002 0.008 0.278 0.692 
 269 L _   0.008 0.006 0.000 0.004 0.002 0.007 0.281 0.691 
 270 G _   0.007 0.006 0.000 0.005 0.002 0.007 0.284 0.689 
 271 T _   0.007 0.007 0.000 0.005 0.002 0.007 0.286 0.686 
 272 P _   0.006 0.008 0.000 0.007 0.002 0.007 0.288 0.682 
 273 F _   0.006 0.009 0.000 0.008 0.003 0.008 0.289 0.678 
 274 T _   0.006 0.011 0.000 0.009 0.003 0.008 0.290 0.673 
 275 S _   0.006 0.012 0.000 0.010 0.003 0.008 0.292 0.668 
 276 R _   0.006 0.014 0.000 0.012 0.004 0.008 0.293 0.662 
 277 L _   0.005 0.016 0.000 0.013 0.004 0.008 0.295 0.657 
 278 P _   0.006 0.018 0.000 0.014 0.004 0.009 0.297 0.653 
 279 P _   0.006 0.020 0.000 0.015 0.004 0.009 0.299 0.648 
 280 E _   0.006 0.021 0.000 0.015 0.004 0.009 0.302 0.643 
 281 L _   0.006 0.022 0.000 0.015 0.004 0.008 0.305 0.640 
 282 Q _   0.006 0.022 0.000 0.014 0.004 0.008 0.308 0.638 
 283 V _   0.006 0.022 0.000 0.014 0.004 0.008 0.312 0.636 
 284 L _   0.005 0.021 0.000 0.013 0.003 0.008 0.315 0.634 
 285 K _   0.005 0.021 0.000 0.012 0.003 0.007 0.319 0.633 
 286 D _   0.005 0.020 0.000 0.011 0.003 0.007 0.323 0.632 
 287 E _   0.005 0.019 0.000 0.010 0.003 0.006 0.327 0.630 
 288 Q _   0.005 0.018 0.000 0.009 0.002 0.006 0.330 0.629 
 289 A _   0.005 0.018 0.000 0.008 0.002 0.006 0.333 0.629 
 290 H _   0.004 0.017 0.000 0.007 0.002 0.005 0.336 0.628 
 291 R _   0.004 0.017 0.000 0.006 0.002 0.005 0.338 0.628 
 292 L _   0.004 0.018 0.000 0.005 0.002 0.005 0.339 0.627 
 293 A _   0.004 0.018 0.000 0.005 0.002 0.005 0.340 0.626 
 294 P _   0.004 0.020 0.000 0.005 0.002 0.006 0.340 0.624 
 295 K _   0.004 0.024 0.000 0.005 0.002 0.007 0.340 0.619 
 296 G _   0.004 0.030 0.000 0.007 0.002 0.008 0.338 0.610 
 297 N _   0.005 0.040 0.000 0.009 0.003 0.010 0.337 0.595 
 298 Q _   0.006 0.057 0.001 0.013 0.005 0.012 0.334 0.572 
 299 S _   0.007 0.081 0.001 0.017 0.007 0.014 0.332 0.542 
 300 R _   0.007 0.111 0.001 0.023 0.008 0.015 0.329 0.506 
 301 I _   0.008 0.140 0.001 0.029 0.009 0.016 0.326 0.471 
 302 L _   0.007 0.164 0.001 0.034 0.010 0.017 0.325 0.442 
 303 T _   0.007 0.181 0.001 0.037 0.011 0.017 0.324 0.421 
 304 Q _   0.007 0.192 0.001 0.040 0.011 0.017 0.325 0.407 
 305 A _   0.007 0.198 0.001 0.041 0.011 0.016 0.327 0.399 
 306 Y _   0.007 0.200 0.001 0.040 0.010 0.016 0.330 0.396 
 307 K _   0.007 0.198 0.001 0.039 0.010 0.015 0.335 0.396 
 308 R _   0.007 0.193 0.001 0.037 0.009 0.014 0.341 0.398 
 309 M _   0.007 0.184 0.001 0.034 0.009 0.013 0.348 0.404 
 310 A _   0.008 0.171 0.001 0.031 0.008 0.013 0.357 0.412 
 311 E _   0.008 0.154 0.001 0.028 0.007 0.012 0.368 0.422 
 312 E _   0.008 0.133 0.001 0.024 0.006 0.011 0.380 0.436 
 313 A _   0.008 0.109 0.001 0.021 0.006 0.010 0.393 0.453 
 314 M _   0.008 0.085 0.001 0.017 0.005 0.009 0.406 0.471 
 315 Q _   0.007 0.062 0.001 0.013 0.004 0.008 0.419 0.487 
 316 K _   0.007 0.043 0.000 0.010 0.003 0.007 0.430 0.500 
 317 K _   0.006 0.029 0.000 0.007 0.002 0.006 0.439 0.509 
 318 H _   0.005 0.020 0.000 0.006 0.002 0.005 0.447 0.515 
 319 Q _   0.005 0.014 0.000 0.005 0.001 0.005 0.452 0.517 
 320 N _   0.004 0.010 0.000 0.005 0.001 0.005 0.457 0.518 
 321 T _   0.004 0.008 0.000 0.005 0.001 0.005 0.460 0.517 
 322 G _   0.004 0.007 0.000 0.005 0.001 0.004 0.462 0.517 
 323 P _   0.004 0.006 0.000 0.005 0.001 0.004 0.463 0.517 
 324 A _   0.004 0.005 0.000 0.005 0.001 0.004 0.463 0.517 
 325 L _   0.003 0.004 0.000 0.005 0.001 0.004 0.463 0.519 
 326 E _   0.003 0.004 0.000 0.005 0.001 0.004 0.461 0.521 
 327 Q _   0.003 0.004 0.000 0.005 0.001 0.004 0.459 0.524 
 328 E _   0.003 0.003 0.000 0.005 0.001 0.004 0.456 0.528 
 329 D _   0.003 0.003 0.000 0.004 0.001 0.004 0.453 0.531 
 330 K _   0.003 0.004 0.000 0.004 0.001 0.004 0.449 0.534 
 331 T _   0.003 0.004 0.000 0.005 0.001 0.004 0.445 0.538 
 332 S _   0.003 0.005 0.000 0.005 0.002 0.005 0.440 0.540 
 333 K _   0.003 0.006 0.000 0.007 0.002 0.006 0.435 0.542 
 334 V _   0.003 0.007 0.000 0.008 0.002 0.007 0.429 0.543 
 335 A _   0.004 0.009 0.000 0.010 0.003 0.007 0.423 0.543 
 336 P _   0.004 0.012 0.000 0.013 0.003 0.008 0.417 0.543 
 337 G _   0.004 0.014 0.000 0.015 0.004 0.009 0.411 0.543 
 338 T _   0.005 0.015 0.001 0.017 0.004 0.010 0.405 0.543 
 339 A _   0.005 0.016 0.001 0.018 0.005 0.010 0.401 0.545 
 340 P _   0.005 0.017 0.001 0.018 0.005 0.011 0.397 0.547 
 341 L _   0.005 0.017 0.001 0.017 0.005 0.011 0.393 0.552 
 342 P _   0.005 0.016 0.001 0.015 0.004 0.011 0.390 0.558 
 343 R _   0.005 0.015 0.000 0.013 0.004 0.011 0.388 0.564 
 344 L _   0.005 0.013 0.000 0.010 0.004 0.011 0.385 0.571 
 345 G _   0.006 0.012 0.000 0.008 0.003 0.012 0.382 0.577 
 346 A _   0.007 0.010 0.000 0.006 0.003 0.013 0.380 0.581 
 347 T _   0.008 0.010 0.000 0.005 0.003 0.015 0.376 0.583 
 348 P _   0.011 0.010 0.000 0.004 0.004 0.017 0.372 0.580 
 349 Q _   0.016 0.012 0.001 0.005 0.006 0.022 0.368 0.571 
 350 E _   0.023 0.016 0.001 0.007 0.010 0.028 0.362 0.554 
 351 S _   0.032 0.025 0.001 0.011 0.016 0.035 0.356 0.524 
 352 S _   0.041 0.042 0.002 0.018 0.024 0.041 0.349 0.483 
 353 L _   0.049 0.065 0.002 0.027 0.032 0.046 0.342 0.437 
 354 L _   0.055 0.085 0.002 0.038 0.037 0.048 0.337 0.398 
 355 A _   0.059 0.100 0.002 0.046 0.039 0.048 0.334 0.372 
 356 G _   0.061 0.107 0.002 0.051 0.039 0.046 0.333 0.361 
 357 I _   0.060 0.109 0.002 0.052 0.036 0.043 0.334 0.364 
 358 L _   0.057 0.105 0.002 0.048 0.032 0.039 0.336 0.380 
 359 A _   0.053 0.096 0.002 0.040 0.027 0.034 0.339 0.409 
 360 S _   0.047 0.080 0.002 0.031 0.021 0.029 0.344 0.448 
 361 E _   0.041 0.058 0.001 0.021 0.015 0.024 0.349 0.491 
 362 L _   0.033 0.038 0.001 0.014 0.010 0.020 0.354 0.531 
 363 K _   0.026 0.023 0.001 0.009 0.006 0.016 0.358 0.560 
 364 S _   0.021 0.014 0.000 0.006 0.004 0.013 0.361 0.580 
 365 S _   0.016 0.010 0.000 0.005 0.003 0.011 0.364 0.590 
 366 W _   0.013 0.008 0.000 0.005 0.002 0.010 0.365 0.596 
 367 A _   0.011 0.007 0.000 0.005 0.002 0.009 0.366 0.598 
 368 K _   0.010 0.007 0.000 0.006 0.002 0.008 0.367 0.599 
 369 S _   0.009 0.007 0.000 0.007 0.003 0.008 0.367 0.599 
 370 G _   0.008 0.007 0.000 0.008 0.003 0.007 0.368 0.598 
 371 T _   0.007 0.007 0.000 0.009 0.003 0.007 0.368 0.598 
 372 G _   0.007 0.007 0.000 0.010 0.003 0.007 0.367 0.599 
 373 E _   0.006 0.007 0.000 0.010 0.003 0.006 0.368 0.600 
 374 V _   0.006 0.007 0.000 0.009 0.002 0.006 0.368 0.602 
 375 P _   0.005 0.006 0.000 0.008 0.002 0.006 0.367 0.605 
 376 S _   0.005 0.006 0.000 0.007 0.002 0.005 0.367 0.608 
 377 A _   0.005 0.005 0.000 0.006 0.002 0.005 0.366 0.611 
 378 P _   0.004 0.005 0.000 0.005 0.001 0.005 0.365 0.614 
 379 R _   0.004 0.005 0.000 0.005 0.001 0.004 0.363 0.617 
 380 E _   0.004 0.006 0.000 0.005 0.001 0.004 0.361 0.619 
 381 N _   0.004 0.006 0.000 0.005 0.001 0.004 0.358 0.621 
 382 R _   0.004 0.008 0.000 0.005 0.001 0.005 0.354 0.623 
 383 T _   0.004 0.009 0.000 0.006 0.002 0.005 0.350 0.625 
 384 T _   0.004 0.012 0.000 0.007 0.002 0.005 0.344 0.626 
 385 P _   0.004 0.016 0.000 0.008 0.002 0.006 0.337 0.627 
 386 D _   0.004 0.021 0.000 0.009 0.002 0.006 0.330 0.627 
 387 C _   0.004 0.027 0.000 0.010 0.003 0.007 0.322 0.627 
 388 E _   0.004 0.034 0.000 0.012 0.003 0.007 0.313 0.627 
 389 R _   0.004 0.042 0.000 0.013 0.003 0.008 0.304 0.626 
 390 A _   0.004 0.051 0.000 0.014 0.003 0.008 0.294 0.625 
 391 F _   0.004 0.061 0.000 0.015 0.004 0.009 0.285 0.623 
 392 P _   0.004 0.072 0.001 0.016 0.004 0.009 0.275 0.620 
 393 E _   0.004 0.085 0.001 0.018 0.004 0.010 0.265 0.614 
 394 E _   0.004 0.098 0.001 0.020 0.005 0.010 0.256 0.607 
 395 R _   0.004 0.111 0.001 0.022 0.005 0.011 0.247 0.598 
 396 P _   0.005 0.125 0.001 0.025 0.006 0.012 0.238 0.589 
 397 E _   0.005 0.137 0.001 0.028 0.007 0.012 0.231 0.580 
 398 V _   0.005 0.147 0.001 0.031 0.007 0.012 0.225 0.572 
 399 L _   0.005 0.154 0.001 0.034 0.007 0.012 0.219 0.567 
 400 G _   0.005 0.158 0.001 0.036 0.008 0.012 0.215 0.564 
 401 Q _   0.005 0.160 0.001 0.037 0.007 0.012 0.213 0.566 
 402 R _   0.006 0.158 0.001 0.036 0.007 0.012 0.211 0.570 
 403 S _   0.006 0.153 0.001 0.034 0.007 0.011 0.210 0.579 
 404 T _   0.006 0.144 0.001 0.031 0.006 0.011 0.210 0.592 
 405 D _   0.006 0.132 0.001 0.028 0.006 0.010 0.210 0.607 
 406 V _   0.006 0.116 0.001 0.024 0.005 0.009 0.212 0.627 
 407 V _   0.007 0.098 0.001 0.020 0.004 0.009 0.213 0.648 
 408 D _   0.007 0.078 0.001 0.017 0.004 0.008 0.215 0.672 
 409 L _   0.007 0.058 0.000 0.013 0.003 0.007 0.217 0.695 
 410 E _   0.006 0.041 0.000 0.010 0.002 0.006 0.218 0.715 
 411 N _   0.006 0.029 0.000 0.007 0.002 0.006 0.218 0.733 
 412 E _   0.005 0.021 0.000 0.005 0.001 0.005 0.217 0.746 
 413 E _   0.004 0.016 0.000 0.004 0.001 0.004 0.215 0.755 
 414 P _   0.004 0.014 0.000 0.003 0.001 0.004 0.212 0.761 
 415 D _   0.004 0.013 0.000 0.003 0.001 0.005 0.208 0.765 
 416 S _   0.004 0.014 0.000 0.004 0.001 0.006 0.203 0.767 
 417 D _   0.005 0.017 0.000 0.006 0.002 0.008 0.197 0.766 
 418 N _   0.006 0.022 0.000 0.009 0.003 0.010 0.188 0.761 
 419 E _   0.007 0.033 0.001 0.014 0.005 0.013 0.179 0.749 
 420 W _   0.008 0.047 0.001 0.022 0.007 0.016 0.168 0.733 
 421 Q _   0.008 0.062 0.001 0.029 0.009 0.018 0.157 0.717 
 422 H _   0.009 0.074 0.001 0.035 0.010 0.019 0.147 0.705 
 423 L _   0.009 0.082 0.001 0.039 0.011 0.019 0.138 0.701 
 424 L _   0.009 0.086 0.001 0.039 0.011 0.019 0.131 0.703 
 425 E _   0.009 0.087 0.001 0.036 0.010 0.019 0.125 0.712 
 426 T _   0.009 0.086 0.001 0.031 0.009 0.018 0.121 0.726 
 427 T _   0.009 0.082 0.001 0.025 0.008 0.017 0.116 0.742 
 428 E _   0.009 0.077 0.001 0.020 0.007 0.016 0.112 0.758 
 429 P _   0.009 0.072 0.001 0.015 0.006 0.015 0.109 0.773 
 430 V _   0.009 0.068 0.001 0.013 0.005 0.015 0.105 0.783 
 431 P _   0.010 0.066 0.001 0.011 0.005 0.015 0.102 0.790 
 432 I _   0.010 0.065 0.001 0.011 0.006 0.016 0.098 0.793 
 433 Q _   0.011 0.065 0.001 0.012 0.006 0.016 0.095 0.793 
 434 L _   0.012 0.067 0.001 0.014 0.007 0.017 0.091 0.792 
 435 K _   0.012 0.069 0.001 0.017 0.008 0.017 0.087 0.789 
 436 A _   0.012 0.071 0.001 0.019 0.008 0.018 0.083 0.788 
 437 P _   0.012 0.072 0.001 0.021 0.009 0.018 0.080 0.788 
 438 L _   0.012 0.072 0.001 0.022 0.009 0.017 0.076 0.791 
 439 T _   0.012 0.071 0.001 0.022 0.009 0.017 0.073 0.797 
 440 L _   0.011 0.068 0.001 0.021 0.008 0.016 0.071 0.804 
 441 L _   0.011 0.064 0.001 0.020 0.008 0.015 0.068 0.814 
 442 C _   0.011 0.058 0.001 0.018 0.007 0.015 0.066 0.825 
 443 N _   0.010 0.052 0.001 0.016 0.007 0.014 0.064 0.836 
 444 P _   0.010 0.046 0.001 0.015 0.006 0.014 0.062 0.846 
 445 D _   0.010 0.040 0.001 0.014 0.006 0.013 0.060 0.856 
 446 F _   0.010 0.034 0.001 0.013 0.005 0.013 0.058 0.865 
 447 C _   0.010 0.029 0.001 0.012 0.005 0.013 0.057 0.874 
 448 Q _   0.010 0.024 0.001 0.011 0.005 0.013 0.055 0.882 
 449 R _   0.010 0.020 0.001 0.010 0.005 0.013 0.053 0.889 
 450 I _   0.010 0.017 0.001 0.010 0.005 0.013 0.051 0.894 
 451 Q _   0.010 0.014 0.001 0.010 0.005 0.013 0.049 0.898 
 452 S _   0.011 0.012 0.001 0.010 0.005 0.014 0.046 0.902 
 453 Q _   0.012 0.010 0.001 0.010 0.005 0.015 0.044 0.903 
 454 L _   0.014 0.009 0.001 0.010 0.006 0.016 0.042 0.902 
 455 H _   0.016 0.008 0.001 0.010 0.006 0.018 0.040 0.901 
 456 E _   0.020 0.007 0.001 0.011 0.007 0.020 0.038 0.897 
 457 A _   0.026 0.006 0.001 0.011 0.008 0.022 0.035 0.891 
 458 G _   0.034 0.006 0.001 0.012 0.010 0.024 0.033 0.882 
 459 G _   0.045 0.005 0.001 0.013 0.011 0.026 0.030 0.868 
 460 Q _   0.060 0.004 0.001 0.013 0.012 0.029 0.028 0.852 
 461 I _   0.080 0.004 0.001 0.012 0.014 0.031 0.025 0.833 
 462 L _   0.104 0.003 0.001 0.012 0.015 0.032 0.023 0.810 
 463 K _   0.132 0.002 0.001 0.011 0.016 0.033 0.021 0.784 
 464 G _   0.165 0.001 0.001 0.009 0.016 0.034 0.019 0.755 
 465 I _   0.203 0.001 0.001 0.007 0.016 0.034 0.016 0.722 
 466 L _   0.244 0.000 0.001 0.005 0.015 0.033 0.014 0.686 
 467 E _   0.290 0.000 0.001 0.004 0.015 0.033 0.012 0.644 
 468 G _   0.341 0.000 0.001 0.003 0.015 0.032 0.011 0.596 
 469 A _   0.398 0.000 0.001 0.003 0.016 0.032 0.009 0.542 
 470 S _   0.454 0.000 0.001 0.002 0.017 0.031 0.007 0.487 
 471 H H   0.511 0.000 0.001 0.002 0.018 0.030 0.006 0.432 
 472 I H   0.564 0.000 0.001 0.002 0.020 0.029 0.005 0.379 
 473 L H   0.616 0.000 0.001 0.002 0.021 0.028 0.004 0.328 
 474 P H   0.660 0.000 0.001 0.002 0.023 0.026 0.003 0.284 
 475 A H   0.695 0.000 0.001 0.002 0.024 0.025 0.003 0.251 
 476 F H   0.720 0.000 0.001 0.002 0.024 0.023 0.002 0.228 
 477 R H   0.737 0.000 0.001 0.002 0.023 0.021 0.002 0.213 
 478 V H   0.746 0.000 0.001 0.002 0.023 0.020 0.002 0.207 
 479 L H   0.749 0.000 0.001 0.002 0.021 0.018 0.002 0.207 
 480 S H   0.743 0.000 0.001 0.002 0.019 0.017 0.002 0.216 
 481 S H   0.734 0.000 0.001 0.002 0.017 0.016 0.002 0.228 
 482 L H   0.720 0.000 0.001 0.001 0.015 0.015 0.002 0.245 
 483 L H   0.704 0.000 0.001 0.001 0.013 0.015 0.002 0.264 
 484 S H   0.687 0.000 0.001 0.001 0.011 0.014 0.002 0.284 
 485 S H   0.672 0.000 0.001 0.001 0.009 0.014 0.002 0.301 
 486 C H   0.658 0.000 0.001 0.001 0.009 0.014 0.002 0.315 
 487 S H   0.649 0.000 0.001 0.001 0.008 0.015 0.002 0.324 
 488 D H   0.644 0.000 0.001 0.001 0.009 0.016 0.002 0.327 
 489 S H   0.644 0.000 0.001 0.001 0.010 0.017 0.002 0.324 
 490 V H   0.646 0.000 0.001 0.001 0.012 0.019 0.003 0.319 
 491 A H   0.649 0.000 0.001 0.002 0.014 0.020 0.003 0.312 
 492 L H   0.647 0.000 0.001 0.002 0.016 0.022 0.003 0.308 
 493 Y H   0.643 0.000 0.001 0.003 0.019 0.024 0.003 0.308 
 494 S H   0.633 0.000 0.001 0.003 0.021 0.025 0.004 0.312 
 495 F H   0.621 0.000 0.001 0.004 0.022 0.027 0.004 0.321 
 496 C H   0.603 0.000 0.001 0.004 0.023 0.028 0.005 0.336 
 497 R H   0.581 0.000 0.002 0.004 0.023 0.029 0.006 0.355 
 498 E H   0.555 0.000 0.001 0.004 0.023 0.030 0.006 0.380 
 499 A H   0.526 0.000 0.001 0.004 0.022 0.031 0.007 0.408 
 500 G H   0.494 0.000 0.001 0.004 0.022 0.032 0.009 0.438 
 501 L _   0.460 0.000 0.001 0.005 0.022 0.033 0.010 0.470 
 502 P _   0.423 0.001 0.001 0.006 0.022 0.033 0.011 0.502 
 503 G _   0.385 0.001 0.002 0.008 0.022 0.034 0.013 0.535 
 504 L _   0.344 0.002 0.002 0.011 0.023 0.034 0.015 0.569 
 505 L _   0.302 0.003 0.002 0.014 0.022 0.034 0.017 0.606 
 506 L _   0.257 0.004 0.002 0.017 0.021 0.032 0.020 0.648 
 507 S _   0.212 0.004 0.002 0.019 0.019 0.030 0.022 0.692 
 508 L _   0.171 0.004 0.001 0.019 0.016 0.027 0.025 0.737 
 509 L _   0.132 0.004 0.001 0.017 0.012 0.023 0.027 0.783 
 510 R _   0.100 0.003 0.001 0.014 0.009 0.020 0.029 0.825 
 511 H _   0.073 0.002 0.001 0.010 0.006 0.016 0.031 0.861 
 512 S _   0.053 0.001 0.001 0.007 0.004 0.013 0.032 0.889 
 513 Q _   0.038 0.001 0.000 0.005 0.003 0.010 0.033 0.910 
 514 E _   0.028 0.000 0.000 0.003 0.002 0.009 0.033 0.924 
 515 S _   0.023 0.000 0.000 0.002 0.002 0.008 0.033 0.932 
 516 N _   0.020 0.000 0.000 0.002 0.002 0.008 0.033 0.935 
 517 S _   0.021 0.000 0.000 0.002 0.002 0.009 0.032 0.934 
 518 L _   0.026 0.000 0.000 0.002 0.002 0.010 0.031 0.928 
 519 Q _   0.035 0.000 0.000 0.003 0.003 0.013 0.030 0.916 
 520 Q _   0.049 0.000 0.000 0.004 0.004 0.016 0.029 0.898 
 521 Q _   0.071 0.000 0.001 0.005 0.006 0.019 0.027 0.872 
 522 S _   0.100 0.000 0.001 0.005 0.009 0.023 0.025 0.837 
 523 W _   0.138 0.000 0.001 0.006 0.011 0.026 0.022 0.795 
 524 Y _   0.185 0.000 0.001 0.006 0.015 0.029 0.020 0.744 
 525 G _   0.240 0.000 0.001 0.006 0.017 0.032 0.017 0.686 
 526 T _   0.303 0.000 0.001 0.005 0.019 0.033 0.015 0.624 
 527 F _   0.370 0.000 0.002 0.004 0.021 0.033 0.012 0.558 
 528 L _   0.438 0.000 0.002 0.003 0.022 0.032 0.011 0.493 
 529 Q H   0.505 0.000 0.002 0.002 0.023 0.031 0.009 0.428 
 530 D H   0.570 0.000 0.001 0.002 0.024 0.029 0.008 0.366 
 531 L H   0.625 0.000 0.001 0.002 0.024 0.027 0.007 0.313 
 532 M H   0.671 0.000 0.001 0.001 0.025 0.026 0.006 0.269 
 533 A H   0.707 0.000 0.001 0.001 0.025 0.024 0.006 0.236 
 534 V H   0.731 0.000 0.001 0.001 0.026 0.022 0.006 0.212 
 535 I H   0.744 0.000 0.001 0.001 0.027 0.021 0.006 0.198 
 536 Q H   0.747 0.000 0.001 0.002 0.027 0.021 0.007 0.195 
 537 A H   0.738 0.000 0.002 0.002 0.028 0.020 0.008 0.202 
 538 Y H   0.717 0.000 0.002 0.003 0.029 0.020 0.009 0.221 
 539 F H   0.682 0.000 0.002 0.004 0.029 0.020 0.011 0.252 
 540 A H   0.629 0.000 0.002 0.005 0.028 0.020 0.014 0.301 
 541 C H   0.560 0.001 0.002 0.006 0.025 0.020 0.018 0.367 
 542 T H   0.477 0.001 0.002 0.007 0.022 0.019 0.023 0.449 
 543 F _   0.387 0.001 0.002 0.008 0.017 0.018 0.028 0.540 
 544 N _   0.297 0.000 0.001 0.007 0.012 0.016 0.033 0.633 
 545 L _   0.216 0.000 0.001 0.006 0.008 0.014 0.038 0.717 
 546 E _   0.148 0.000 0.001 0.004 0.005 0.012 0.042 0.788 
 547 R _   0.097 0.000 0.000 0.003 0.003 0.010 0.045 0.841 
 548 S _   0.063 0.000 0.000 0.002 0.002 0.009 0.047 0.876 
 549 Q _   0.043 0.000 0.000 0.002 0.002 0.009 0.048 0.897 
 550 T _   0.032 0.000 0.000 0.002 0.002 0.009 0.049 0.906 
 551 S _   0.029 0.000 0.000 0.002 0.002 0.012 0.049 0.906 
 552 D _   0.031 0.000 0.000 0.002 0.003 0.015 0.050 0.899 
 553 S _   0.037 0.001 0.000 0.003 0.004 0.021 0.050 0.884 
 554 L _   0.046 0.002 0.001 0.005 0.007 0.027 0.049 0.861 
 555 Q _   0.058 0.006 0.001 0.008 0.012 0.035 0.049 0.831 
 556 V _   0.072 0.011 0.001 0.012 0.017 0.043 0.048 0.796 
 557 F _   0.086 0.018 0.002 0.015 0.024 0.050 0.047 0.759 
 558 Q _   0.100 0.025 0.002 0.018 0.030 0.055 0.047 0.723 
 559 E _   0.114 0.032 0.002 0.020 0.036 0.059 0.046 0.690 
 560 A _   0.127 0.038 0.002 0.021 0.041 0.062 0.046 0.662 
 561 A _   0.139 0.045 0.002 0.022 0.044 0.063 0.047 0.638 
 562 N _   0.148 0.050 0.002 0.023 0.046 0.063 0.047 0.620 
 563 L _   0.153 0.055 0.002 0.025 0.046 0.061 0.049 0.609 
 564 F _   0.153 0.059 0.002 0.028 0.044 0.058 0.050 0.605 
 565 L _   0.149 0.062 0.002 0.031 0.041 0.054 0.052 0.609 
 566 D _   0.140 0.062 0.002 0.033 0.036 0.049 0.055 0.622 
 567 L _   0.127 0.061 0.002 0.034 0.030 0.044 0.058 0.643 
 568 L _   0.111 0.056 0.002 0.033 0.024 0.038 0.062 0.674 
 569 G _   0.093 0.049 0.002 0.029 0.018 0.031 0.066 0.712 
 570 K _   0.075 0.039 0.001 0.024 0.013 0.025 0.070 0.752 
 571 L _   0.060 0.028 0.001 0.018 0.009 0.020 0.073 0.792 
 572 L _   0.045 0.017 0.001 0.012 0.006 0.015 0.076 0.828 
 573 A _   0.033 0.009 0.000 0.008 0.004 0.011 0.078 0.857 
 574 Q _   0.023 0.004 0.000 0.005 0.002 0.008 0.079 0.877 
 575 P _   0.017 0.002 0.000 0.003 0.002 0.006 0.080 0.891 
 576 D _   0.013 0.001 0.000 0.002 0.001 0.005 0.080 0.898 
 577 D _   0.011 0.000 0.000 0.002 0.001 0.004 0.079 0.902 
 578 S _   0.012 0.000 0.000 0.001 0.001 0.004 0.078 0.903 
 579 E _   0.017 0.000 0.000 0.001 0.001 0.005 0.076 0.900 
 580 Q _   0.026 0.000 0.000 0.001 0.002 0.006 0.072 0.892 
 581 T _   0.047 0.000 0.000 0.002 0.002 0.008 0.068 0.873 
 582 L _   0.082 0.000 0.000 0.002 0.003 0.012 0.063 0.838 
 583 R _   0.141 0.000 0.001 0.002 0.005 0.016 0.056 0.778 
 584 R _   0.226 0.000 0.001 0.002 0.009 0.022 0.048 0.692 
 585 D _   0.328 0.000 0.001 0.002 0.015 0.028 0.039 0.585 
 586 S _   0.437 0.000 0.002 0.002 0.023 0.034 0.032 0.470 
 587 L H   0.532 0.000 0.002 0.003 0.033 0.038 0.026 0.366 
 588 M H   0.602 0.000 0.002 0.003 0.040 0.040 0.023 0.289 
 589 C H   0.649 0.001 0.002 0.004 0.045 0.040 0.021 0.237 
 590 F H   0.673 0.002 0.002 0.006 0.048 0.039 0.019 0.211 
 591 T H   0.678 0.003 0.002 0.008 0.048 0.037 0.019 0.205 
 592 V H   0.665 0.003 0.002 0.010 0.047 0.035 0.019 0.219 
 593 L H   0.634 0.003 0.003 0.011 0.044 0.032 0.019 0.255 
 594 C H   0.583 0.003 0.003 0.010 0.038 0.029 0.020 0.315 
 595 E H   0.511 0.002 0.002 0.008 0.030 0.026 0.020 0.401 
 596 A _   0.419 0.001 0.002 0.006 0.021 0.022 0.021 0.509 
 597 M _   0.320 0.000 0.001 0.004 0.013 0.018 0.022 0.621 
 598 D _   0.231 0.000 0.001 0.002 0.008 0.015 0.023 0.720 
 599 G _   0.165 0.000 0.001 0.002 0.005 0.013 0.024 0.791 
 600 N _   0.121 0.000 0.000 0.002 0.003 0.012 0.024 0.837 
 601 S _   0.096 0.000 0.000 0.002 0.003 0.013 0.024 0.863 
 602 R _   0.084 0.000 0.000 0.002 0.003 0.014 0.024 0.873 
 603 A _   0.082 0.000 0.000 0.003 0.004 0.016 0.023 0.872 
 604 I _   0.087 0.000 0.001 0.004 0.005 0.020 0.023 0.861 
 605 S _   0.099 0.000 0.001 0.005 0.007 0.024 0.022 0.843 
 606 K _   0.117 0.000 0.001 0.006 0.010 0.028 0.021 0.816 
 607 A _   0.142 0.001 0.001 0.008 0.014 0.032 0.020 0.783 
 608 F _   0.172 0.001 0.001 0.008 0.017 0.036 0.019 0.745 
 609 Y _   0.207 0.001 0.002 0.008 0.021 0.040 0.018 0.705 
 610 S _   0.245 0.001 0.002 0.007 0.024 0.042 0.017 0.663 
 611 S _   0.285 0.000 0.002 0.006 0.026 0.043 0.016 0.621 
 612 L _   0.324 0.000 0.002 0.006 0.028 0.044 0.016 0.581 
 613 L _   0.362 0.000 0.002 0.005 0.029 0.044 0.015 0.543 
 614 T _   0.397 0.000 0.002 0.004 0.029 0.044 0.015 0.508 
 615 T _   0.427 0.000 0.002 0.004 0.029 0.043 0.015 0.480 
 616 Q _   0.449 0.000 0.002 0.004 0.029 0.042 0.016 0.459 
 617 Q H   0.465 0.000 0.002 0.003 0.028 0.041 0.016 0.445 
 618 V H   0.474 0.000 0.001 0.003 0.027 0.039 0.018 0.437 
 619 V H   0.476 0.000 0.002 0.003 0.026 0.038 0.019 0.437 
 620 L H   0.468 0.000 0.001 0.003 0.025 0.037 0.021 0.444 
 621 D _   0.454 0.000 0.001 0.004 0.024 0.036 0.023 0.458 
 622 G _   0.434 0.000 0.002 0.004 0.024 0.035 0.025 0.476 
 623 L _   0.409 0.000 0.002 0.005 0.023 0.035 0.028 0.499 
 624 L _   0.377 0.001 0.002 0.006 0.023 0.034 0.032 0.527 
 625 H _   0.341 0.001 0.002 0.007 0.022 0.033 0.036 0.559 
 626 G _   0.300 0.001 0.002 0.009 0.021 0.032 0.041 0.595 
 627 L _   0.258 0.001 0.002 0.011 0.019 0.030 0.046 0.632 
 628 T _   0.217 0.002 0.002 0.013 0.017 0.028 0.051 0.669 
 629 V _   0.177 0.002 0.001 0.014 0.015 0.026 0.057 0.706 
 630 P _   0.141 0.002 0.001 0.015 0.013 0.023 0.063 0.742 
 631 Q _   0.110 0.002 0.001 0.014 0.010 0.021 0.068 0.774 
 632 L _   0.082 0.002 0.001 0.013 0.008 0.018 0.073 0.803 
 633 P _   0.061 0.002 0.001 0.011 0.006 0.015 0.078 0.826 
 634 V _   0.044 0.002 0.001 0.010 0.005 0.013 0.082 0.845 
 635 H _   0.032 0.001 0.000 0.008 0.004 0.011 0.085 0.859 
 636 T _   0.023 0.001 0.000 0.007 0.003 0.009 0.088 0.869 
 637 P _   0.017 0.001 0.000 0.006 0.003 0.008 0.090 0.875 
 638 Q _   0.013 0.001 0.000 0.006 0.002 0.007 0.092 0.880 
 639 G _   0.010 0.001 0.000 0.005 0.002 0.007 0.093 0.882 
 640 A _   0.008 0.001 0.000 0.005 0.002 0.006 0.094 0.883 
 641 P _   0.007 0.001 0.000 0.006 0.002 0.006 0.094 0.884 
 642 Q _   0.006 0.001 0.000 0.006 0.002 0.006 0.095 0.884 
 643 V _   0.006 0.001 0.000 0.006 0.002 0.006 0.094 0.884 
 644 S _   0.005 0.001 0.000 0.007 0.002 0.006 0.094 0.885 
 645 Q _   0.005 0.001 0.000 0.007 0.002 0.006 0.093 0.886 
 646 P _   0.005 0.001 0.000 0.006 0.002 0.006 0.092 0.888 
 647 L _   0.005 0.001 0.000 0.006 0.002 0.006 0.090 0.890 
 648 R _   0.005 0.001 0.000 0.005 0.002 0.006 0.088 0.893 
 649 E _   0.006 0.000 0.000 0.005 0.002 0.006 0.086 0.894 
 650 Q _   0.008 0.000 0.000 0.004 0.002 0.007 0.084 0.895 
 651 S _   0.013 0.000 0.000 0.004 0.002 0.008 0.081 0.892 
 652 E _   0.023 0.000 0.000 0.004 0.003 0.010 0.077 0.884 
 653 D _   0.042 0.000 0.000 0.003 0.003 0.013 0.072 0.866 
 654 I _   0.075 0.000 0.001 0.003 0.005 0.017 0.067 0.832 
 655 P _   0.129 0.000 0.001 0.003 0.008 0.022 0.060 0.776 
 656 G _   0.203 0.000 0.001 0.003 0.012 0.029 0.053 0.699 
 657 A _   0.294 0.000 0.001 0.003 0.019 0.035 0.045 0.602 
 658 I _   0.390 0.000 0.002 0.003 0.028 0.042 0.037 0.498 
 659 S H   0.478 0.000 0.002 0.003 0.038 0.046 0.031 0.401 
 660 S H   0.551 0.000 0.002 0.004 0.046 0.048 0.027 0.322 
 661 A H   0.604 0.001 0.002 0.004 0.052 0.048 0.025 0.265 
 662 L H   0.639 0.001 0.002 0.005 0.056 0.046 0.023 0.228 
 663 A H   0.656 0.002 0.002 0.006 0.057 0.044 0.023 0.210 
