#TopoPred_TM8: 8-state transmembrane topology prediction results by no_profile mode 
#probabilities are in the order of H E C I L F X _, the 8 transmembrane topology types used in PDBTM 
   1 M X   0.017 0.002 0.003 0.086 0.015 0.019 0.735 0.124 
   2 V X   0.011 0.001 0.000 0.072 0.005 0.015 0.759 0.137 
   3 L X   0.008 0.001 0.000 0.061 0.003 0.013 0.766 0.147 
   4 G X   0.010 0.002 0.000 0.053 0.003 0.014 0.766 0.153 
   5 T X   0.011 0.002 0.000 0.046 0.004 0.014 0.762 0.161 
   6 V X   0.012 0.002 0.001 0.037 0.005 0.014 0.755 0.174 
   7 L X   0.012 0.002 0.001 0.028 0.004 0.013 0.749 0.191 
   8 L X   0.011 0.002 0.000 0.019 0.003 0.011 0.743 0.210 
   9 P X   0.010 0.001 0.000 0.012 0.003 0.008 0.737 0.229 
  10 P X   0.007 0.001 0.000 0.007 0.002 0.006 0.730 0.246 
  11 N X   0.005 0.001 0.000 0.004 0.001 0.005 0.722 0.261 
  12 S X   0.004 0.000 0.000 0.003 0.001 0.004 0.713 0.275 
  13 Y X   0.003 0.000 0.000 0.002 0.001 0.004 0.703 0.287 
  14 G X   0.003 0.001 0.000 0.002 0.001 0.004 0.691 0.299 
  15 R X   0.003 0.001 0.000 0.002 0.001 0.005 0.678 0.310 
  16 D X   0.004 0.003 0.000 0.003 0.002 0.007 0.660 0.321 
  17 Q X   0.005 0.008 0.001 0.006 0.004 0.011 0.636 0.328 
  18 D X   0.008 0.026 0.001 0.014 0.009 0.017 0.601 0.325 
  19 T X   0.010 0.069 0.002 0.026 0.017 0.023 0.550 0.302 
  20 S X   0.011 0.143 0.003 0.043 0.023 0.027 0.489 0.261 
  21 L X   0.010 0.222 0.003 0.058 0.026 0.027 0.435 0.219 
  22 C X   0.009 0.280 0.002 0.069 0.025 0.026 0.397 0.191 
  23 C X   0.008 0.314 0.002 0.076 0.023 0.025 0.372 0.180 
  24 L X   0.008 0.331 0.002 0.078 0.021 0.023 0.356 0.180 
  25 C X   0.008 0.337 0.001 0.076 0.020 0.022 0.346 0.191 
  26 T X   0.008 0.335 0.001 0.070 0.018 0.020 0.338 0.210 
  27 E X   0.008 0.324 0.001 0.060 0.016 0.018 0.333 0.240 
  28 A X   0.009 0.300 0.001 0.048 0.014 0.016 0.329 0.282 
  29 S _   0.009 0.264 0.001 0.036 0.011 0.015 0.327 0.337 
  30 E _   0.009 0.218 0.001 0.025 0.008 0.013 0.326 0.399 
  31 S _   0.009 0.176 0.001 0.017 0.006 0.012 0.326 0.455 
  32 A _   0.008 0.146 0.001 0.011 0.004 0.011 0.324 0.496 
  33 L _   0.007 0.128 0.000 0.007 0.003 0.010 0.322 0.523 
  34 P _   0.006 0.119 0.000 0.006 0.002 0.009 0.319 0.538 
  35 D _   0.006 0.116 0.000 0.006 0.002 0.010 0.315 0.545 
  36 L _   0.006 0.117 0.000 0.007 0.003 0.010 0.310 0.546 
  37 T _   0.007 0.122 0.000 0.010 0.004 0.011 0.304 0.542 
  38 D _   0.007 0.131 0.001 0.015 0.005 0.013 0.296 0.531 
  39 H _   0.007 0.144 0.001 0.023 0.007 0.014 0.288 0.516 
  40 F _   0.007 0.157 0.001 0.031 0.008 0.014 0.281 0.500 
  41 A _   0.007 0.167 0.001 0.038 0.009 0.015 0.274 0.488 
  42 S _   0.007 0.173 0.001 0.043 0.010 0.014 0.270 0.482 
  43 C _   0.007 0.174 0.001 0.045 0.009 0.014 0.266 0.483 
  44 V _   0.007 0.171 0.001 0.044 0.009 0.013 0.264 0.491 
  45 E _   0.007 0.163 0.001 0.040 0.008 0.012 0.264 0.506 
  46 D _   0.007 0.149 0.001 0.034 0.007 0.011 0.264 0.528 
  47 G _   0.007 0.127 0.001 0.027 0.006 0.010 0.265 0.557 
  48 F _   0.007 0.101 0.001 0.020 0.005 0.009 0.267 0.591 
  49 E _   0.007 0.076 0.001 0.014 0.004 0.008 0.269 0.624 
  50 G _   0.006 0.055 0.000 0.010 0.003 0.007 0.270 0.650 
  51 D _   0.005 0.042 0.000 0.006 0.002 0.006 0.270 0.669 
  52 K _   0.005 0.035 0.000 0.005 0.001 0.005 0.269 0.681 
  53 T _   0.004 0.031 0.000 0.004 0.001 0.005 0.266 0.688 
  54 G _   0.004 0.030 0.000 0.004 0.001 0.005 0.263 0.693 
  55 G _   0.004 0.030 0.000 0.005 0.002 0.006 0.259 0.695 
  56 S _   0.004 0.032 0.000 0.007 0.002 0.006 0.253 0.695 
  57 S _   0.004 0.036 0.000 0.010 0.002 0.007 0.247 0.693 
  58 P _   0.004 0.042 0.000 0.013 0.003 0.008 0.239 0.690 
  59 E _   0.004 0.050 0.000 0.016 0.004 0.009 0.231 0.686 
  60 A _   0.004 0.057 0.001 0.019 0.004 0.010 0.223 0.683 
  61 L _   0.004 0.063 0.001 0.021 0.005 0.010 0.215 0.682 
  62 H _   0.004 0.067 0.001 0.021 0.005 0.010 0.209 0.683 
  63 R _   0.004 0.070 0.001 0.020 0.005 0.010 0.203 0.687 
  64 P _   0.004 0.072 0.001 0.018 0.004 0.009 0.198 0.693 
  65 Y _   0.004 0.073 0.000 0.016 0.004 0.009 0.193 0.699 
  66 G _   0.004 0.074 0.000 0.014 0.004 0.009 0.189 0.706 
  67 C _   0.005 0.075 0.000 0.012 0.003 0.009 0.185 0.710 
  68 D _   0.005 0.077 0.000 0.011 0.003 0.010 0.180 0.713 
  69 V _   0.005 0.081 0.000 0.012 0.004 0.011 0.176 0.712 
  70 E _   0.006 0.086 0.001 0.013 0.005 0.012 0.171 0.707 
  71 P _   0.006 0.093 0.001 0.016 0.005 0.013 0.166 0.699 
  72 Q _   0.007 0.102 0.001 0.020 0.007 0.014 0.161 0.689 
  73 A _   0.007 0.111 0.001 0.025 0.008 0.015 0.156 0.678 
  74 L _   0.008 0.118 0.001 0.029 0.009 0.015 0.151 0.669 
  75 N _   0.008 0.123 0.001 0.032 0.009 0.016 0.147 0.664 
  76 E _   0.008 0.126 0.001 0.033 0.009 0.015 0.144 0.664 
  77 A _   0.008 0.125 0.001 0.032 0.009 0.015 0.141 0.669 
  78 I _   0.008 0.122 0.001 0.030 0.008 0.014 0.139 0.677 
  79 R _   0.007 0.116 0.001 0.027 0.008 0.014 0.138 0.689 
  80 W _   0.007 0.108 0.001 0.024 0.007 0.013 0.137 0.704 
  81 S _   0.007 0.099 0.001 0.021 0.006 0.012 0.136 0.718 
  82 S _   0.007 0.089 0.001 0.019 0.006 0.012 0.136 0.732 
  83 K _   0.007 0.079 0.001 0.017 0.005 0.011 0.135 0.745 
  84 E _   0.007 0.070 0.001 0.015 0.005 0.011 0.135 0.756 
  85 N _   0.007 0.062 0.001 0.014 0.004 0.010 0.135 0.766 
  86 L _   0.007 0.054 0.001 0.013 0.004 0.010 0.135 0.776 
  87 L _   0.007 0.047 0.000 0.011 0.004 0.010 0.134 0.786 
  88 G _   0.007 0.040 0.000 0.010 0.003 0.010 0.134 0.797 
  89 A _   0.007 0.034 0.000 0.008 0.003 0.009 0.132 0.806 
  90 T _   0.007 0.030 0.000 0.006 0.003 0.010 0.131 0.814 
  91 E _   0.007 0.028 0.000 0.005 0.002 0.011 0.129 0.817 
  92 S _   0.008 0.027 0.000 0.005 0.003 0.013 0.127 0.817 
  93 D _   0.011 0.029 0.000 0.006 0.004 0.017 0.124 0.810 
  94 P _   0.015 0.036 0.001 0.008 0.007 0.022 0.120 0.792 
  95 N _   0.020 0.052 0.001 0.014 0.012 0.028 0.115 0.757 
  96 L _   0.025 0.084 0.002 0.025 0.019 0.034 0.109 0.703 
  97 F _   0.028 0.128 0.002 0.039 0.026 0.038 0.103 0.636 
  98 V _   0.029 0.173 0.002 0.055 0.030 0.040 0.097 0.574 
  99 A _   0.029 0.203 0.002 0.068 0.032 0.040 0.093 0.533 
 100 L _   0.028 0.219 0.002 0.075 0.032 0.039 0.090 0.516 
 101 Y _   0.026 0.225 0.002 0.077 0.030 0.036 0.088 0.516 
 102 D _   0.025 0.222 0.002 0.072 0.027 0.033 0.088 0.531 
 103 F _   0.023 0.212 0.002 0.062 0.023 0.029 0.088 0.561 
 104 V _   0.021 0.191 0.002 0.050 0.019 0.025 0.089 0.604 
 105 A _   0.019 0.160 0.002 0.037 0.014 0.022 0.090 0.657 
 106 S _   0.016 0.125 0.001 0.025 0.010 0.018 0.091 0.712 
 107 G _   0.014 0.095 0.001 0.016 0.007 0.016 0.092 0.759 
 108 D _   0.012 0.075 0.001 0.011 0.005 0.013 0.093 0.790 
 109 N _   0.010 0.064 0.000 0.008 0.004 0.012 0.093 0.810 
 110 T _   0.009 0.058 0.000 0.006 0.003 0.011 0.093 0.820 
 111 L _   0.008 0.057 0.000 0.006 0.003 0.011 0.092 0.824 
 112 S _   0.008 0.057 0.000 0.007 0.003 0.011 0.091 0.823 
 113 I _   0.008 0.060 0.000 0.009 0.004 0.011 0.089 0.818 
 114 T _   0.008 0.066 0.001 0.012 0.005 0.012 0.087 0.810 
 115 K _   0.008 0.074 0.001 0.016 0.006 0.013 0.085 0.798 
 116 G _   0.008 0.083 0.001 0.021 0.007 0.014 0.082 0.784 
 117 E _   0.008 0.092 0.001 0.026 0.008 0.014 0.080 0.771 
 118 K _   0.008 0.099 0.001 0.029 0.008 0.014 0.079 0.762 
 119 L _   0.008 0.103 0.001 0.031 0.008 0.014 0.077 0.757 
 120 R _   0.008 0.105 0.001 0.032 0.008 0.013 0.077 0.756 
 121 V _   0.008 0.104 0.001 0.030 0.008 0.013 0.076 0.761 
 122 L _   0.007 0.101 0.001 0.027 0.007 0.012 0.076 0.769 
 123 G _   0.007 0.095 0.001 0.023 0.006 0.011 0.077 0.781 
 124 Y _   0.007 0.088 0.001 0.019 0.005 0.010 0.077 0.793 
 125 N _   0.007 0.080 0.001 0.016 0.004 0.009 0.078 0.806 
 126 Q _   0.006 0.073 0.000 0.013 0.004 0.008 0.078 0.817 
 127 N _   0.006 0.066 0.000 0.011 0.003 0.008 0.079 0.827 
 128 G _   0.006 0.061 0.000 0.010 0.003 0.007 0.079 0.834 
 129 E _   0.005 0.058 0.000 0.009 0.003 0.007 0.079 0.840 
 130 W _   0.005 0.055 0.000 0.008 0.002 0.007 0.079 0.843 
 131 S _   0.005 0.054 0.000 0.008 0.002 0.007 0.078 0.846 
 132 E _   0.005 0.053 0.000 0.009 0.002 0.007 0.077 0.847 
 133 V _   0.004 0.054 0.000 0.009 0.003 0.007 0.076 0.847 
 134 R _   0.004 0.055 0.000 0.010 0.003 0.007 0.075 0.846 
 135 S _   0.004 0.057 0.000 0.011 0.003 0.008 0.073 0.844 
 136 K _   0.004 0.059 0.000 0.012 0.003 0.008 0.072 0.840 
 137 N _   0.005 0.063 0.000 0.014 0.004 0.009 0.070 0.836 
 138 G _   0.005 0.067 0.001 0.016 0.004 0.009 0.068 0.830 
 139 Q _   0.005 0.071 0.001 0.019 0.005 0.010 0.067 0.823 
 140 G _   0.005 0.074 0.001 0.021 0.005 0.011 0.066 0.817 
 141 W _   0.006 0.077 0.001 0.023 0.006 0.011 0.064 0.812 
 142 V _   0.006 0.079 0.001 0.025 0.006 0.012 0.064 0.808 
 143 P _   0.006 0.079 0.001 0.025 0.007 0.012 0.063 0.807 
 144 S _   0.006 0.078 0.001 0.025 0.007 0.012 0.063 0.808 
 145 N _   0.007 0.076 0.001 0.025 0.007 0.012 0.063 0.811 
 146 Y _   0.007 0.072 0.001 0.023 0.006 0.012 0.063 0.816 
 147 I _   0.007 0.068 0.001 0.022 0.006 0.011 0.064 0.822 
 148 T _   0.007 0.062 0.001 0.020 0.006 0.011 0.064 0.830 
 149 P _   0.007 0.056 0.001 0.018 0.005 0.011 0.065 0.838 
 150 V _   0.007 0.050 0.001 0.016 0.005 0.010 0.066 0.846 
 151 N _   0.007 0.044 0.001 0.014 0.004 0.010 0.066 0.854 
 152 S _   0.007 0.038 0.001 0.013 0.004 0.010 0.067 0.862 
 153 L _   0.006 0.033 0.000 0.011 0.004 0.010 0.067 0.868 
 154 E _   0.006 0.028 0.000 0.010 0.003 0.009 0.068 0.874 
 155 K _   0.006 0.024 0.000 0.009 0.003 0.009 0.068 0.879 
 156 H _   0.006 0.021 0.000 0.008 0.003 0.010 0.068 0.884 
 157 S _   0.006 0.019 0.000 0.008 0.003 0.010 0.068 0.886 
 158 W _   0.006 0.018 0.000 0.007 0.003 0.011 0.068 0.887 
 159 Y _   0.007 0.017 0.000 0.007 0.003 0.013 0.067 0.886 
 160 H _   0.008 0.017 0.000 0.007 0.004 0.015 0.066 0.882 
 161 G _   0.011 0.018 0.000 0.008 0.004 0.018 0.065 0.876 
 162 P _   0.014 0.019 0.001 0.008 0.006 0.023 0.064 0.865 
 163 V _   0.020 0.022 0.001 0.010 0.008 0.028 0.063 0.849 
 164 S _   0.027 0.026 0.001 0.011 0.011 0.035 0.062 0.827 
 165 R _   0.037 0.032 0.001 0.013 0.016 0.042 0.060 0.798 
 166 S _   0.049 0.040 0.001 0.015 0.022 0.050 0.058 0.763 
 167 A _   0.063 0.051 0.002 0.018 0.030 0.057 0.057 0.723 
 168 A _   0.076 0.064 0.002 0.021 0.037 0.063 0.055 0.681 
 169 E _   0.088 0.076 0.002 0.024 0.043 0.068 0.054 0.644 
 170 Y _   0.099 0.088 0.002 0.026 0.048 0.070 0.053 0.614 
 171 L _   0.107 0.098 0.002 0.029 0.050 0.070 0.053 0.591 
 172 L _   0.112 0.106 0.002 0.030 0.051 0.068 0.053 0.577 
 173 S _   0.115 0.111 0.002 0.032 0.050 0.065 0.054 0.572 
 174 S _   0.115 0.113 0.002 0.033 0.047 0.062 0.054 0.574 
 175 L _   0.111 0.114 0.002 0.034 0.043 0.057 0.056 0.583 
 176 I _   0.106 0.112 0.002 0.034 0.038 0.052 0.058 0.599 
 177 N _   0.098 0.107 0.002 0.034 0.033 0.046 0.060 0.620 
 178 G _   0.088 0.100 0.002 0.033 0.027 0.041 0.063 0.647 
 179 S _   0.077 0.088 0.002 0.030 0.021 0.035 0.066 0.681 
 180 F _   0.065 0.073 0.001 0.026 0.016 0.029 0.069 0.721 
 181 L _   0.052 0.055 0.001 0.020 0.011 0.024 0.073 0.763 
 182 V _   0.040 0.037 0.001 0.015 0.008 0.019 0.075 0.804 
 183 R _   0.030 0.023 0.001 0.010 0.005 0.015 0.077 0.839 
 184 E _   0.021 0.013 0.000 0.007 0.003 0.011 0.079 0.865 
 185 S _   0.015 0.008 0.000 0.004 0.002 0.009 0.080 0.881 
 186 E _   0.011 0.006 0.000 0.003 0.002 0.008 0.080 0.891 
 187 S _   0.008 0.005 0.000 0.003 0.002 0.007 0.079 0.896 
 188 S _   0.007 0.005 0.000 0.003 0.002 0.007 0.078 0.897 
 189 P _   0.007 0.007 0.000 0.004 0.002 0.009 0.077 0.894 
 190 G _   0.008 0.012 0.000 0.006 0.003 0.010 0.075 0.886 
 191 Q _   0.009 0.021 0.001 0.010 0.004 0.013 0.073 0.870 
 192 L _   0.010 0.036 0.001 0.015 0.006 0.016 0.069 0.848 
 193 S _   0.011 0.056 0.001 0.021 0.008 0.018 0.066 0.820 
 194 I _   0.011 0.077 0.001 0.027 0.011 0.021 0.062 0.791 
 195 S _   0.012 0.095 0.001 0.032 0.012 0.022 0.059 0.767 
 196 L _   0.012 0.110 0.001 0.036 0.014 0.024 0.056 0.748 
 197 R _   0.012 0.121 0.001 0.039 0.015 0.024 0.053 0.734 
 198 Y _   0.013 0.128 0.001 0.040 0.016 0.025 0.051 0.726 
 199 E _   0.014 0.131 0.001 0.040 0.016 0.025 0.050 0.723 
 200 G _   0.014 0.132 0.001 0.038 0.016 0.024 0.049 0.725 
 201 R _   0.015 0.130 0.001 0.036 0.015 0.024 0.048 0.731 
 202 V _   0.015 0.126 0.001 0.033 0.014 0.023 0.048 0.741 
 203 Y _   0.015 0.119 0.001 0.029 0.013 0.021 0.048 0.755 
 204 H _   0.014 0.110 0.001 0.025 0.011 0.020 0.048 0.771 
 205 Y _   0.014 0.099 0.001 0.021 0.009 0.018 0.048 0.789 
 206 R _   0.013 0.089 0.001 0.017 0.008 0.017 0.049 0.807 
 207 I _   0.012 0.079 0.001 0.014 0.007 0.016 0.049 0.823 
 208 N _   0.012 0.071 0.001 0.011 0.006 0.015 0.049 0.836 
 209 T _   0.011 0.066 0.001 0.009 0.005 0.015 0.049 0.845 
 210 T _   0.011 0.063 0.001 0.008 0.004 0.015 0.048 0.850 
 211 A _   0.011 0.062 0.001 0.008 0.005 0.015 0.048 0.851 
 212 D _   0.011 0.063 0.001 0.008 0.005 0.016 0.047 0.849 
 213 G _   0.012 0.066 0.001 0.010 0.006 0.017 0.046 0.842 
 214 K _   0.013 0.071 0.001 0.011 0.007 0.019 0.045 0.833 
 215 V _   0.013 0.077 0.001 0.014 0.008 0.021 0.044 0.822 
 216 Y _   0.014 0.085 0.001 0.015 0.009 0.022 0.043 0.810 
 217 V _   0.015 0.092 0.001 0.017 0.010 0.024 0.042 0.798 
 218 T _   0.016 0.099 0.001 0.018 0.011 0.026 0.041 0.787 
 219 A _   0.018 0.105 0.001 0.019 0.012 0.028 0.040 0.778 
 220 E _   0.019 0.111 0.001 0.019 0.013 0.029 0.039 0.770 
 221 S _   0.021 0.115 0.001 0.019 0.014 0.031 0.038 0.762 
 222 R _   0.023 0.120 0.001 0.019 0.015 0.032 0.037 0.752 
 223 F _   0.024 0.125 0.001 0.020 0.017 0.034 0.036 0.742 
 224 S _   0.026 0.130 0.001 0.022 0.018 0.035 0.036 0.733 
 225 T _   0.027 0.134 0.001 0.024 0.019 0.035 0.035 0.725 
 226 L _   0.028 0.137 0.001 0.025 0.019 0.035 0.035 0.720 
 227 A _   0.029 0.138 0.001 0.026 0.018 0.034 0.035 0.718 
 228 E _   0.029 0.138 0.001 0.025 0.017 0.033 0.035 0.721 
 229 L _   0.028 0.134 0.001 0.023 0.016 0.031 0.036 0.730 
 230 V _   0.028 0.129 0.001 0.020 0.014 0.030 0.036 0.742 
 231 H _   0.027 0.123 0.001 0.017 0.012 0.028 0.036 0.755 
 232 H _   0.026 0.116 0.001 0.014 0.011 0.027 0.037 0.767 
 233 H _   0.025 0.111 0.001 0.012 0.010 0.027 0.037 0.776 
 234 S _   0.025 0.108 0.001 0.012 0.010 0.027 0.038 0.779 
 235 T _   0.026 0.108 0.001 0.013 0.010 0.027 0.038 0.778 
 236 V _   0.026 0.109 0.001 0.016 0.011 0.027 0.038 0.771 
 237 A _   0.027 0.112 0.001 0.020 0.013 0.027 0.039 0.762 
 238 D _   0.027 0.115 0.001 0.025 0.014 0.027 0.040 0.752 
 239 G _   0.027 0.117 0.001 0.030 0.014 0.026 0.040 0.744 
 240 L _   0.026 0.117 0.001 0.034 0.015 0.025 0.042 0.741 
 241 V _   0.025 0.114 0.001 0.035 0.014 0.023 0.043 0.745 
 242 T _   0.023 0.107 0.001 0.034 0.013 0.021 0.045 0.757 
 243 T _   0.020 0.095 0.001 0.031 0.011 0.018 0.047 0.776 
 244 L _   0.018 0.079 0.001 0.026 0.009 0.016 0.049 0.802 
 245 H _   0.015 0.060 0.001 0.019 0.007 0.013 0.052 0.833 
 246 Y _   0.013 0.041 0.001 0.013 0.005 0.011 0.054 0.863 
 247 P _   0.010 0.027 0.000 0.009 0.003 0.009 0.055 0.886 
 248 A _   0.008 0.019 0.000 0.006 0.002 0.008 0.056 0.901 
 249 P _   0.007 0.014 0.000 0.004 0.002 0.007 0.057 0.909 
 250 K _   0.006 0.012 0.000 0.004 0.002 0.006 0.057 0.913 
 251 C _   0.006 0.012 0.000 0.004 0.002 0.007 0.057 0.913 
 252 N _   0.006 0.013 0.000 0.005 0.002 0.007 0.056 0.910 
 253 K _   0.006 0.016 0.000 0.007 0.003 0.008 0.055 0.903 
 254 P _   0.007 0.021 0.000 0.010 0.004 0.009 0.054 0.894 
 255 T _   0.007 0.028 0.001 0.013 0.005 0.010 0.053 0.883 
 256 V _   0.007 0.034 0.001 0.017 0.005 0.011 0.051 0.873 
 257 Y _   0.007 0.041 0.001 0.019 0.006 0.012 0.050 0.865 
 258 G _   0.007 0.046 0.001 0.019 0.006 0.012 0.049 0.861 
 259 V _   0.007 0.049 0.001 0.019 0.006 0.012 0.048 0.859 
 260 S _   0.007 0.052 0.001 0.018 0.005 0.011 0.047 0.860 
 261 P _   0.007 0.054 0.001 0.016 0.005 0.011 0.046 0.861 
 262 I _   0.007 0.055 0.001 0.014 0.005 0.011 0.045 0.862 
 263 H _   0.007 0.057 0.001 0.013 0.005 0.011 0.044 0.862 
 264 D _   0.007 0.060 0.001 0.013 0.005 0.012 0.043 0.860 
 265 K _   0.008 0.063 0.001 0.014 0.005 0.012 0.042 0.856 
 266 W _   0.008 0.067 0.001 0.015 0.006 0.012 0.041 0.850 
 267 E _   0.009 0.072 0.001 0.017 0.006 0.013 0.040 0.842 
 268 M _   0.009 0.076 0.001 0.019 0.007 0.013 0.040 0.836 
 269 E _   0.009 0.080 0.001 0.021 0.007 0.013 0.039 0.830 
 270 R _   0.009 0.082 0.001 0.022 0.007 0.013 0.039 0.828 
 271 T _   0.009 0.083 0.001 0.022 0.007 0.012 0.038 0.829 
 272 D _   0.008 0.082 0.001 0.020 0.006 0.012 0.038 0.833 
 273 I _   0.008 0.080 0.001 0.018 0.006 0.011 0.038 0.839 
 274 T _   0.007 0.076 0.001 0.015 0.005 0.010 0.038 0.848 
 275 M _   0.007 0.072 0.001 0.013 0.004 0.010 0.038 0.856 
 276 K _   0.007 0.069 0.000 0.010 0.004 0.009 0.038 0.863 
 277 H _   0.007 0.066 0.000 0.008 0.003 0.009 0.037 0.869 
 278 K _   0.007 0.064 0.000 0.007 0.003 0.009 0.037 0.872 
 279 L _   0.007 0.064 0.000 0.007 0.003 0.009 0.037 0.873 
 280 G _   0.007 0.066 0.000 0.007 0.003 0.010 0.036 0.870 
 281 G _   0.008 0.070 0.000 0.009 0.004 0.012 0.035 0.862 
 282 G _   0.009 0.077 0.001 0.010 0.005 0.013 0.034 0.851 
 283 Q _   0.010 0.087 0.001 0.013 0.006 0.015 0.033 0.836 
 284 Y _   0.011 0.099 0.001 0.016 0.008 0.017 0.032 0.817 
 285 G _   0.011 0.113 0.001 0.019 0.009 0.019 0.030 0.797 
 286 E _   0.012 0.126 0.001 0.022 0.011 0.021 0.029 0.777 
 287 V _   0.013 0.139 0.001 0.025 0.012 0.023 0.028 0.760 
 288 Y _   0.013 0.148 0.001 0.026 0.013 0.024 0.027 0.748 
 289 V _   0.014 0.156 0.001 0.027 0.013 0.025 0.026 0.738 
 290 G _   0.015 0.161 0.001 0.027 0.014 0.025 0.026 0.731 
 291 V _   0.016 0.164 0.001 0.026 0.014 0.026 0.025 0.728 
 292 W _   0.016 0.165 0.001 0.025 0.014 0.026 0.025 0.727 
 293 K _   0.017 0.165 0.001 0.025 0.014 0.026 0.024 0.729 
 294 K _   0.017 0.164 0.001 0.024 0.014 0.025 0.024 0.731 
 295 Y _   0.016 0.161 0.001 0.025 0.014 0.025 0.024 0.734 
 296 S _   0.016 0.158 0.001 0.025 0.014 0.024 0.024 0.737 
 297 L _   0.016 0.154 0.001 0.026 0.013 0.023 0.024 0.742 
 298 T _   0.016 0.149 0.001 0.026 0.012 0.022 0.024 0.749 
 299 V _   0.016 0.141 0.001 0.025 0.012 0.021 0.025 0.760 
 300 A _   0.015 0.131 0.001 0.024 0.011 0.020 0.025 0.773 
 301 V _   0.015 0.119 0.001 0.021 0.010 0.019 0.026 0.790 
 302 K _   0.014 0.103 0.001 0.018 0.008 0.017 0.026 0.811 
 303 T _   0.014 0.087 0.001 0.015 0.007 0.016 0.027 0.833 
 304 L _   0.013 0.072 0.001 0.012 0.006 0.016 0.027 0.853 
 305 K _   0.013 0.060 0.001 0.009 0.005 0.015 0.028 0.869 
 306 E _   0.013 0.052 0.001 0.008 0.005 0.015 0.028 0.878 
 307 D _   0.013 0.048 0.001 0.007 0.005 0.016 0.028 0.883 
 308 T _   0.014 0.046 0.001 0.008 0.005 0.017 0.028 0.882 
 309 M _   0.015 0.047 0.001 0.009 0.006 0.018 0.028 0.877 
 310 E _   0.016 0.048 0.001 0.012 0.007 0.019 0.028 0.868 
 311 V _   0.018 0.051 0.001 0.015 0.009 0.021 0.028 0.858 
 312 E _   0.019 0.054 0.001 0.019 0.010 0.022 0.027 0.847 
 313 E _   0.019 0.057 0.001 0.023 0.012 0.022 0.027 0.839 
 314 F _   0.019 0.058 0.001 0.026 0.012 0.023 0.027 0.834 
 315 L _   0.019 0.058 0.001 0.028 0.013 0.022 0.027 0.832 
 316 K _   0.019 0.056 0.001 0.029 0.012 0.022 0.027 0.834 
 317 E _   0.018 0.052 0.001 0.027 0.012 0.020 0.028 0.841 
 318 A _   0.018 0.046 0.001 0.025 0.010 0.019 0.028 0.853 
 319 A _   0.017 0.038 0.001 0.021 0.009 0.018 0.029 0.868 
 320 V _   0.017 0.029 0.001 0.016 0.007 0.016 0.030 0.885 
 321 M _   0.016 0.019 0.001 0.012 0.006 0.015 0.030 0.902 
 322 K _   0.016 0.011 0.001 0.008 0.004 0.014 0.031 0.916 
 323 E _   0.015 0.006 0.000 0.005 0.003 0.013 0.031 0.926 
 324 I _   0.016 0.003 0.000 0.004 0.003 0.014 0.031 0.930 
 325 K _   0.018 0.001 0.000 0.003 0.003 0.015 0.030 0.929 
 326 H _   0.021 0.001 0.000 0.003 0.003 0.018 0.030 0.923 
 327 P _   0.028 0.001 0.000 0.003 0.005 0.022 0.029 0.912 
 328 N _   0.037 0.001 0.001 0.005 0.007 0.028 0.029 0.893 
 329 L _   0.048 0.003 0.001 0.008 0.011 0.035 0.028 0.867 
 330 V _   0.059 0.006 0.001 0.012 0.017 0.042 0.027 0.836 
 331 Q _   0.069 0.010 0.002 0.018 0.024 0.048 0.026 0.804 
 332 L _   0.077 0.014 0.002 0.024 0.029 0.053 0.025 0.776 
 333 L _   0.083 0.017 0.002 0.029 0.034 0.056 0.024 0.756 
 334 G _   0.088 0.019 0.002 0.031 0.036 0.057 0.023 0.745 
 335 V _   0.091 0.019 0.002 0.029 0.036 0.057 0.023 0.744 
 336 C _   0.091 0.018 0.002 0.026 0.034 0.055 0.022 0.751 
 337 T _   0.090 0.016 0.002 0.021 0.031 0.053 0.022 0.765 
 338 L _   0.087 0.013 0.002 0.016 0.027 0.051 0.022 0.782 
 339 E _   0.084 0.011 0.001 0.013 0.023 0.048 0.022 0.798 
 340 P _   0.079 0.009 0.001 0.011 0.020 0.045 0.022 0.813 
 341 P _   0.073 0.008 0.001 0.010 0.018 0.043 0.022 0.826 
 342 F _   0.067 0.007 0.001 0.010 0.016 0.040 0.022 0.836 
 343 Y _   0.061 0.008 0.001 0.011 0.016 0.038 0.022 0.843 
 344 I _   0.056 0.008 0.001 0.013 0.015 0.036 0.022 0.848 
 345 V _   0.050 0.009 0.001 0.016 0.015 0.034 0.022 0.854 
 346 T _   0.044 0.009 0.001 0.017 0.014 0.031 0.022 0.861 
 347 E _   0.037 0.009 0.001 0.018 0.013 0.028 0.022 0.871 
 348 Y _   0.031 0.009 0.001 0.018 0.012 0.025 0.022 0.882 
 349 M _   0.026 0.008 0.001 0.017 0.010 0.022 0.022 0.894 
 350 P _   0.021 0.007 0.001 0.015 0.009 0.019 0.022 0.905 
 351 Y _   0.018 0.006 0.001 0.013 0.007 0.017 0.022 0.916 
 352 G _   0.016 0.005 0.001 0.012 0.006 0.015 0.021 0.925 
 353 N _   0.014 0.004 0.001 0.010 0.005 0.013 0.021 0.932 
 354 L _   0.014 0.003 0.001 0.009 0.004 0.012 0.021 0.937 
 355 L _   0.016 0.002 0.000 0.008 0.004 0.011 0.020 0.939 
 356 D _   0.018 0.001 0.000 0.006 0.004 0.010 0.020 0.940 
 357 Y _   0.024 0.001 0.000 0.005 0.003 0.010 0.019 0.938 
 358 L _   0.033 0.000 0.000 0.004 0.003 0.009 0.018 0.932 
 359 R _   0.049 0.000 0.000 0.003 0.003 0.009 0.017 0.918 
 360 E _   0.074 0.000 0.001 0.003 0.004 0.010 0.015 0.894 
 361 C _   0.116 0.000 0.001 0.002 0.004 0.011 0.013 0.853 
 362 N _   0.178 0.000 0.001 0.001 0.005 0.012 0.011 0.791 
 363 R _   0.263 0.000 0.001 0.001 0.007 0.013 0.009 0.706 
 364 E _   0.374 0.000 0.001 0.001 0.009 0.014 0.007 0.595 
 365 E H   0.499 0.000 0.001 0.001 0.011 0.015 0.005 0.468 
 366 V H   0.616 0.000 0.001 0.001 0.014 0.015 0.004 0.350 
 367 T H   0.717 0.000 0.001 0.001 0.016 0.014 0.003 0.248 
 368 A H   0.790 0.000 0.001 0.001 0.017 0.013 0.002 0.176 
 369 V H   0.839 0.000 0.001 0.001 0.018 0.012 0.002 0.128 
 370 V H   0.869 0.000 0.001 0.001 0.018 0.011 0.001 0.100 
 371 L H   0.883 0.000 0.001 0.001 0.018 0.010 0.001 0.086 
 372 L H   0.885 0.000 0.001 0.001 0.018 0.009 0.001 0.084 
 373 Y H   0.877 0.000 0.001 0.001 0.018 0.009 0.002 0.092 
 374 M H   0.856 0.000 0.001 0.001 0.018 0.009 0.002 0.112 
 375 A H   0.820 0.000 0.001 0.001 0.018 0.010 0.003 0.147 
 376 T H   0.766 0.000 0.001 0.001 0.017 0.010 0.004 0.200 
 377 Q H   0.694 0.000 0.001 0.001 0.016 0.011 0.005 0.270 
 378 I H   0.612 0.000 0.001 0.002 0.015 0.012 0.008 0.350 
 379 S H   0.526 0.000 0.001 0.002 0.013 0.013 0.010 0.433 
 380 S _   0.438 0.000 0.001 0.003 0.012 0.014 0.014 0.518 
 381 A _   0.353 0.000 0.001 0.005 0.011 0.015 0.017 0.598 
 382 M _   0.274 0.000 0.001 0.006 0.010 0.015 0.021 0.673 
 383 E _   0.205 0.000 0.001 0.007 0.008 0.014 0.024 0.740 
 384 Y _   0.147 0.001 0.001 0.008 0.007 0.013 0.027 0.797 
 385 L _   0.102 0.001 0.001 0.007 0.006 0.012 0.029 0.842 
 386 E _   0.069 0.000 0.001 0.006 0.004 0.011 0.031 0.878 
 387 K _   0.046 0.000 0.000 0.005 0.003 0.010 0.033 0.902 
 388 K _   0.031 0.000 0.000 0.004 0.003 0.009 0.034 0.919 
 389 N _   0.021 0.001 0.000 0.004 0.002 0.008 0.034 0.929 
 390 F _   0.016 0.001 0.000 0.004 0.002 0.008 0.035 0.934 
 391 I _   0.013 0.001 0.000 0.004 0.002 0.009 0.035 0.936 
 392 H _   0.011 0.002 0.000 0.005 0.003 0.010 0.035 0.934 
 393 R _   0.011 0.004 0.000 0.007 0.004 0.011 0.034 0.929 
 394 D _   0.011 0.006 0.001 0.009 0.004 0.012 0.034 0.923 
 395 L _   0.011 0.010 0.001 0.011 0.005 0.013 0.033 0.915 
 396 A _   0.011 0.013 0.001 0.014 0.006 0.015 0.033 0.907 
 397 A _   0.012 0.017 0.001 0.015 0.007 0.016 0.032 0.900 
 398 R _   0.013 0.020 0.001 0.016 0.008 0.017 0.031 0.894 
 399 N _   0.014 0.023 0.001 0.016 0.008 0.018 0.031 0.890 
 400 C _   0.014 0.025 0.001 0.015 0.008 0.019 0.030 0.887 
 401 L _   0.016 0.027 0.001 0.015 0.008 0.020 0.030 0.884 
 402 V _   0.017 0.029 0.001 0.014 0.008 0.021 0.030 0.881 
 403 G _   0.018 0.031 0.001 0.013 0.009 0.022 0.029 0.877 
 404 E _   0.019 0.034 0.001 0.013 0.009 0.023 0.029 0.872 
 405 N _   0.021 0.037 0.001 0.014 0.010 0.025 0.028 0.864 
 406 H _   0.023 0.041 0.001 0.015 0.011 0.026 0.028 0.855 
 407 V _   0.025 0.046 0.001 0.016 0.012 0.027 0.028 0.845 
 408 V _   0.026 0.052 0.001 0.018 0.013 0.028 0.027 0.834 
 409 K _   0.026 0.058 0.001 0.020 0.014 0.029 0.027 0.825 
 410 V _   0.026 0.064 0.001 0.022 0.014 0.029 0.027 0.817 
 411 A _   0.026 0.068 0.001 0.024 0.015 0.029 0.027 0.810 
 412 D _   0.025 0.072 0.001 0.026 0.015 0.028 0.026 0.805 
 413 F _   0.024 0.075 0.001 0.028 0.015 0.027 0.026 0.803 
 414 G _   0.023 0.076 0.001 0.029 0.015 0.026 0.026 0.804 
 415 L _   0.022 0.075 0.001 0.029 0.014 0.024 0.027 0.808 
 416 S _   0.020 0.072 0.001 0.029 0.013 0.022 0.027 0.816 
 417 R _   0.018 0.068 0.001 0.027 0.012 0.020 0.028 0.826 
 418 L _   0.016 0.061 0.001 0.024 0.010 0.018 0.028 0.841 
 419 M _   0.015 0.053 0.001 0.021 0.008 0.016 0.029 0.858 
 420 T _   0.013 0.044 0.001 0.017 0.006 0.014 0.030 0.876 
 421 G _   0.011 0.035 0.001 0.013 0.005 0.012 0.030 0.892 
 422 D _   0.010 0.027 0.001 0.010 0.004 0.010 0.031 0.907 
 423 T _   0.009 0.021 0.000 0.008 0.003 0.009 0.031 0.918 
 424 Y _   0.008 0.018 0.000 0.006 0.003 0.009 0.031 0.925 
 425 T _   0.008 0.016 0.000 0.006 0.003 0.008 0.031 0.929 
 426 A _   0.007 0.015 0.000 0.006 0.003 0.009 0.030 0.930 
 427 H _   0.007 0.015 0.000 0.007 0.003 0.009 0.030 0.928 
 428 A _   0.008 0.016 0.000 0.008 0.004 0.010 0.029 0.925 
 429 G _   0.008 0.018 0.001 0.011 0.004 0.011 0.028 0.918 
 430 A _   0.009 0.021 0.001 0.014 0.005 0.013 0.027 0.911 
 431 K _   0.009 0.024 0.001 0.017 0.006 0.014 0.026 0.903 
 432 F _   0.009 0.027 0.001 0.020 0.007 0.015 0.025 0.896 
 433 P _   0.010 0.029 0.001 0.022 0.008 0.016 0.024 0.891 
 434 I _   0.010 0.030 0.001 0.023 0.008 0.016 0.024 0.888 
 435 K _   0.010 0.030 0.001 0.023 0.009 0.016 0.023 0.889 
 436 W _   0.010 0.029 0.001 0.022 0.008 0.016 0.022 0.891 
 437 T _   0.010 0.028 0.001 0.021 0.008 0.016 0.021 0.894 
 438 A _   0.011 0.026 0.001 0.020 0.008 0.017 0.021 0.897 
 439 P _   0.012 0.024 0.001 0.019 0.008 0.017 0.020 0.900 
 440 E _   0.013 0.021 0.001 0.017 0.008 0.017 0.020 0.903 
 441 S _   0.015 0.018 0.001 0.016 0.008 0.017 0.020 0.906 
 442 L _   0.017 0.015 0.001 0.015 0.007 0.017 0.019 0.909 
 443 A _   0.021 0.012 0.001 0.013 0.007 0.017 0.019 0.911 
 444 Y _   0.027 0.008 0.001 0.011 0.007 0.016 0.018 0.912 
 445 N _   0.035 0.005 0.001 0.009 0.006 0.016 0.017 0.910 
 446 T _   0.047 0.003 0.001 0.007 0.006 0.016 0.017 0.903 
 447 F _   0.067 0.001 0.001 0.005 0.006 0.017 0.016 0.888 
 448 S _   0.096 0.000 0.001 0.003 0.006 0.017 0.014 0.862 
 449 I _   0.138 0.000 0.001 0.003 0.007 0.018 0.013 0.821 
 450 K _   0.196 0.000 0.001 0.002 0.008 0.020 0.012 0.762 
 451 S _   0.270 0.000 0.001 0.002 0.010 0.021 0.010 0.686 
 452 D _   0.358 0.000 0.001 0.002 0.013 0.023 0.008 0.594 
 453 V _   0.453 0.000 0.001 0.002 0.017 0.025 0.007 0.495 
 454 W H   0.544 0.000 0.001 0.002 0.021 0.026 0.006 0.399 
 455 A H   0.617 0.000 0.002 0.002 0.026 0.027 0.006 0.322 
 456 F H   0.671 0.000 0.002 0.002 0.030 0.027 0.005 0.264 
 457 G H   0.708 0.000 0.002 0.002 0.033 0.026 0.005 0.224 
 458 V H   0.730 0.000 0.002 0.002 0.035 0.025 0.005 0.200 
 459 L H   0.736 0.000 0.002 0.003 0.036 0.024 0.006 0.193 
 460 L H   0.728 0.000 0.002 0.003 0.037 0.023 0.007 0.200 
 461 W H   0.704 0.000 0.002 0.004 0.036 0.022 0.008 0.224 
 462 E H   0.661 0.000 0.002 0.004 0.034 0.021 0.010 0.267 
 463 I H   0.597 0.000 0.002 0.005 0.030 0.020 0.013 0.333 
 464 A H   0.511 0.000 0.002 0.006 0.025 0.019 0.016 0.422 
 465 T _   0.413 0.000 0.002 0.005 0.018 0.017 0.020 0.524 
 466 Y _   0.316 0.000 0.001 0.005 0.013 0.015 0.024 0.626 
 467 G _   0.226 0.000 0.001 0.004 0.008 0.013 0.028 0.719 
 468 M _   0.152 0.000 0.001 0.003 0.006 0.011 0.031 0.795 
 469 S _   0.099 0.000 0.001 0.003 0.004 0.010 0.034 0.849 
 470 P _   0.064 0.000 0.000 0.003 0.003 0.009 0.036 0.885 
 471 Y _   0.042 0.000 0.000 0.003 0.003 0.009 0.037 0.905 
 472 P _   0.030 0.001 0.000 0.003 0.003 0.010 0.039 0.915 
 473 G _   0.023 0.003 0.000 0.004 0.003 0.011 0.039 0.916 
 474 I _   0.019 0.007 0.000 0.007 0.004 0.013 0.040 0.910 
 475 D _   0.018 0.015 0.001 0.011 0.006 0.015 0.040 0.895 
 476 L _   0.016 0.028 0.001 0.016 0.008 0.017 0.040 0.874 
 477 S _   0.015 0.043 0.001 0.022 0.009 0.018 0.040 0.851 
 478 Q _   0.014 0.058 0.001 0.029 0.011 0.019 0.040 0.828 
 479 V _   0.013 0.070 0.001 0.034 0.012 0.019 0.041 0.810 
 480 Y _   0.013 0.078 0.001 0.037 0.012 0.019 0.041 0.798 
 481 D _   0.012 0.083 0.001 0.039 0.012 0.019 0.042 0.792 
 482 L _   0.012 0.086 0.001 0.038 0.011 0.018 0.043 0.791 
 483 L _   0.012 0.085 0.001 0.036 0.010 0.017 0.045 0.795 
 484 E _   0.011 0.082 0.001 0.033 0.009 0.016 0.047 0.801 
 485 K _   0.011 0.077 0.001 0.029 0.008 0.014 0.049 0.811 
 486 G _   0.011 0.070 0.001 0.025 0.007 0.013 0.051 0.824 
 487 Y _   0.010 0.061 0.001 0.020 0.005 0.011 0.054 0.838 
 488 R _   0.009 0.052 0.001 0.015 0.004 0.010 0.056 0.853 
 489 M _   0.008 0.043 0.000 0.012 0.003 0.009 0.058 0.866 
 490 E _   0.008 0.036 0.000 0.008 0.003 0.008 0.060 0.878 
 491 Q _   0.007 0.031 0.000 0.006 0.002 0.007 0.061 0.886 
 492 P _   0.006 0.029 0.000 0.004 0.002 0.007 0.061 0.891 
 493 E _   0.006 0.028 0.000 0.004 0.002 0.007 0.061 0.892 
 494 G _   0.006 0.030 0.000 0.004 0.002 0.008 0.060 0.889 
 495 C _   0.007 0.036 0.000 0.005 0.003 0.011 0.059 0.878 
 496 P _   0.010 0.051 0.001 0.009 0.005 0.015 0.057 0.852 
 497 P _   0.012 0.088 0.001 0.016 0.009 0.020 0.054 0.800 
 498 K _   0.014 0.160 0.002 0.028 0.015 0.024 0.049 0.708 
 499 V _   0.014 0.263 0.002 0.042 0.019 0.026 0.044 0.590 
 500 Y _   0.013 0.363 0.002 0.054 0.021 0.026 0.039 0.482 
 501 E E   0.011 0.432 0.002 0.063 0.020 0.024 0.036 0.411 
 502 L E   0.010 0.470 0.001 0.069 0.019 0.023 0.034 0.374 
 503 M E   0.009 0.487 0.001 0.071 0.018 0.021 0.033 0.360 
 504 R E   0.008 0.492 0.001 0.069 0.016 0.020 0.033 0.360 
 505 A E   0.008 0.487 0.001 0.065 0.015 0.018 0.033 0.372 
 506 C E   0.008 0.469 0.001 0.057 0.014 0.017 0.034 0.399 
 507 W _   0.009 0.435 0.001 0.047 0.012 0.015 0.036 0.444 
 508 K _   0.009 0.381 0.002 0.037 0.011 0.014 0.039 0.508 
 509 W _   0.009 0.317 0.001 0.027 0.009 0.013 0.042 0.582 
 510 S _   0.009 0.257 0.001 0.018 0.007 0.013 0.044 0.651 
 511 P _   0.008 0.214 0.001 0.012 0.005 0.012 0.047 0.701 
 512 A _   0.008 0.190 0.000 0.008 0.003 0.011 0.048 0.731 
 513 D _   0.007 0.178 0.000 0.006 0.003 0.011 0.049 0.745 
 514 R _   0.007 0.174 0.000 0.006 0.003 0.012 0.049 0.748 
 515 P _   0.008 0.176 0.000 0.007 0.003 0.013 0.049 0.744 
 516 S _   0.009 0.183 0.001 0.009 0.005 0.015 0.048 0.730 
 517 F _   0.010 0.199 0.001 0.014 0.007 0.018 0.047 0.705 
 518 A _   0.011 0.225 0.001 0.020 0.009 0.020 0.046 0.668 
 519 E _   0.012 0.256 0.001 0.028 0.012 0.021 0.044 0.625 
 520 T _   0.012 0.284 0.001 0.036 0.014 0.022 0.043 0.587 
 521 H _   0.012 0.305 0.001 0.043 0.015 0.022 0.042 0.560 
 522 Q _   0.012 0.317 0.001 0.048 0.015 0.022 0.041 0.544 
 523 A _   0.012 0.320 0.001 0.049 0.015 0.021 0.041 0.539 
 524 F _   0.012 0.318 0.001 0.048 0.014 0.020 0.042 0.545 
 525 E _   0.011 0.308 0.001 0.043 0.013 0.018 0.043 0.562 
 526 T _   0.011 0.288 0.001 0.037 0.011 0.016 0.044 0.591 
 527 M _   0.010 0.259 0.001 0.029 0.009 0.014 0.046 0.630 
 528 F _   0.010 0.225 0.001 0.021 0.007 0.013 0.048 0.674 
 529 H _   0.009 0.194 0.001 0.015 0.006 0.012 0.050 0.713 
 530 D _   0.008 0.171 0.001 0.010 0.004 0.011 0.052 0.743 
 531 S _   0.007 0.157 0.000 0.008 0.003 0.010 0.053 0.761 
 532 S _   0.007 0.150 0.000 0.007 0.003 0.010 0.053 0.769 
 533 I _   0.007 0.149 0.000 0.007 0.003 0.011 0.054 0.769 
 534 S _   0.007 0.151 0.000 0.009 0.004 0.012 0.054 0.763 
 535 E _   0.008 0.158 0.001 0.013 0.005 0.013 0.053 0.749 
 536 E _   0.009 0.168 0.001 0.017 0.006 0.014 0.053 0.732 
 537 V _   0.009 0.180 0.001 0.022 0.008 0.015 0.053 0.713 
 538 A _   0.010 0.189 0.001 0.026 0.009 0.016 0.052 0.697 
 539 E _   0.010 0.196 0.001 0.029 0.009 0.016 0.053 0.686 
 540 E _   0.010 0.198 0.001 0.030 0.009 0.016 0.053 0.682 
 541 L _   0.010 0.198 0.001 0.028 0.009 0.016 0.054 0.685 
 542 G _   0.010 0.193 0.001 0.025 0.009 0.015 0.055 0.692 
 543 R _   0.010 0.187 0.001 0.022 0.008 0.015 0.057 0.702 
 544 A _   0.010 0.178 0.001 0.018 0.007 0.014 0.059 0.713 
 545 A _   0.010 0.168 0.001 0.016 0.007 0.014 0.061 0.724 
 546 S _   0.010 0.159 0.001 0.014 0.006 0.014 0.063 0.733 
 547 S _   0.011 0.153 0.001 0.013 0.006 0.014 0.065 0.738 
 548 S _   0.011 0.147 0.001 0.013 0.006 0.014 0.068 0.740 
 549 S _   0.012 0.143 0.001 0.014 0.006 0.015 0.070 0.740 
 550 V _   0.012 0.141 0.001 0.015 0.007 0.015 0.073 0.737 
 551 V _   0.013 0.138 0.001 0.016 0.007 0.015 0.075 0.733 
 552 P _   0.014 0.135 0.001 0.018 0.008 0.015 0.078 0.731 
 553 Y _   0.014 0.131 0.001 0.018 0.008 0.015 0.082 0.731 
 554 L _   0.014 0.126 0.001 0.018 0.008 0.015 0.086 0.732 
 555 P _   0.013 0.119 0.001 0.018 0.008 0.015 0.090 0.737 
 556 R _   0.013 0.111 0.001 0.017 0.007 0.014 0.095 0.743 
 557 L _   0.012 0.102 0.001 0.015 0.006 0.014 0.099 0.750 
 558 P _   0.012 0.094 0.001 0.014 0.006 0.013 0.104 0.756 
 559 I _   0.011 0.087 0.001 0.013 0.005 0.013 0.109 0.761 
 560 L _   0.011 0.081 0.001 0.013 0.005 0.012 0.114 0.763 
 561 P _   0.011 0.077 0.001 0.013 0.005 0.012 0.118 0.765 
 562 S _   0.010 0.073 0.001 0.013 0.005 0.011 0.123 0.764 
 563 K _   0.010 0.069 0.001 0.014 0.005 0.011 0.128 0.763 
 564 T _   0.009 0.066 0.001 0.014 0.005 0.011 0.132 0.762 
 565 R _   0.009 0.062 0.001 0.015 0.004 0.010 0.137 0.762 
 566 T _   0.008 0.058 0.001 0.014 0.004 0.010 0.142 0.763 
 567 L _   0.008 0.053 0.001 0.014 0.004 0.009 0.147 0.765 
 568 K _   0.007 0.049 0.000 0.012 0.003 0.008 0.151 0.769 
 569 K _   0.007 0.044 0.000 0.011 0.003 0.007 0.156 0.772 
 570 Q _   0.006 0.040 0.000 0.009 0.002 0.007 0.160 0.776 
 571 V _   0.006 0.036 0.000 0.008 0.002 0.006 0.163 0.779 
 572 E _   0.005 0.034 0.000 0.007 0.002 0.006 0.166 0.781 
 573 N _   0.005 0.033 0.000 0.006 0.002 0.005 0.168 0.781 
 574 K _   0.005 0.032 0.000 0.006 0.002 0.005 0.170 0.780 
 575 E _   0.004 0.033 0.000 0.006 0.002 0.005 0.171 0.779 
 576 N _   0.004 0.035 0.000 0.007 0.002 0.006 0.171 0.775 
 577 I _   0.004 0.038 0.000 0.008 0.002 0.006 0.171 0.771 
 578 E _   0.004 0.042 0.000 0.009 0.002 0.006 0.171 0.766 
 579 G _   0.004 0.047 0.000 0.010 0.002 0.007 0.170 0.761 
 580 A _   0.004 0.052 0.000 0.011 0.002 0.007 0.169 0.755 
 581 Q _   0.004 0.058 0.000 0.011 0.003 0.007 0.167 0.750 
 582 D _   0.004 0.065 0.000 0.011 0.003 0.007 0.165 0.745 
 583 A _   0.004 0.072 0.000 0.011 0.003 0.008 0.163 0.739 
 584 T _   0.004 0.081 0.000 0.011 0.003 0.008 0.161 0.732 
 585 E _   0.004 0.092 0.000 0.012 0.003 0.009 0.158 0.722 
 586 N _   0.004 0.106 0.000 0.013 0.004 0.011 0.155 0.707 
 587 S _   0.005 0.127 0.001 0.015 0.005 0.012 0.151 0.685 
 588 A _   0.006 0.156 0.001 0.019 0.006 0.014 0.147 0.651 
 589 S _   0.007 0.197 0.001 0.024 0.009 0.016 0.142 0.604 
 590 S _   0.008 0.251 0.001 0.031 0.011 0.018 0.136 0.544 
 591 L _   0.008 0.310 0.002 0.039 0.013 0.019 0.131 0.478 
 592 A _   0.008 0.362 0.002 0.047 0.015 0.020 0.127 0.419 
 593 P E   0.008 0.401 0.001 0.054 0.015 0.020 0.125 0.376 
 594 G E   0.008 0.423 0.001 0.060 0.015 0.019 0.124 0.350 
 595 F E   0.008 0.434 0.001 0.062 0.015 0.019 0.124 0.337 
 596 I E   0.008 0.435 0.001 0.062 0.014 0.018 0.126 0.335 
 597 R E   0.009 0.429 0.001 0.059 0.013 0.017 0.129 0.344 
 598 G E   0.009 0.411 0.001 0.053 0.013 0.016 0.133 0.364 
 599 A _   0.009 0.379 0.001 0.046 0.012 0.015 0.140 0.398 
 600 Q _   0.010 0.328 0.001 0.038 0.011 0.014 0.149 0.449 
 601 A _   0.010 0.266 0.001 0.031 0.009 0.013 0.160 0.509 
 602 S _   0.010 0.204 0.001 0.024 0.008 0.013 0.172 0.568 
 603 S _   0.010 0.153 0.001 0.019 0.006 0.012 0.183 0.616 
 604 G _   0.009 0.117 0.001 0.015 0.005 0.011 0.193 0.650 
 605 S _   0.009 0.092 0.001 0.012 0.004 0.010 0.200 0.672 
 606 P _   0.008 0.076 0.000 0.011 0.003 0.009 0.206 0.686 
 607 A _   0.007 0.064 0.000 0.010 0.003 0.009 0.211 0.696 
 608 L _   0.007 0.056 0.000 0.009 0.002 0.008 0.215 0.703 
 609 P _   0.006 0.049 0.000 0.009 0.002 0.007 0.218 0.708 
 610 R _   0.006 0.044 0.000 0.008 0.002 0.007 0.220 0.713 
 611 K _   0.005 0.041 0.000 0.007 0.002 0.006 0.221 0.718 
 612 Q _   0.004 0.038 0.000 0.006 0.002 0.006 0.222 0.722 
 613 R _   0.004 0.036 0.000 0.006 0.001 0.005 0.221 0.726 
 614 D _   0.004 0.036 0.000 0.005 0.001 0.005 0.220 0.728 
 615 K _   0.004 0.036 0.000 0.005 0.001 0.006 0.219 0.729 
 616 S _   0.004 0.039 0.000 0.006 0.002 0.006 0.216 0.728 
 617 P _   0.004 0.043 0.000 0.007 0.002 0.007 0.213 0.724 
 618 S _   0.004 0.052 0.000 0.009 0.003 0.008 0.209 0.715 
 619 S _   0.004 0.065 0.000 0.013 0.004 0.010 0.203 0.701 
 620 L _   0.005 0.082 0.001 0.017 0.005 0.011 0.198 0.682 
 621 L _   0.005 0.103 0.001 0.022 0.006 0.012 0.192 0.660 
 622 E _   0.005 0.122 0.001 0.027 0.007 0.013 0.186 0.640 
 623 D _   0.005 0.138 0.001 0.030 0.007 0.013 0.182 0.625 
 624 A _   0.005 0.149 0.001 0.031 0.007 0.013 0.178 0.615 
 625 K _   0.006 0.156 0.001 0.030 0.007 0.013 0.175 0.612 
 626 E _   0.006 0.159 0.001 0.028 0.007 0.013 0.173 0.613 
 627 T _   0.006 0.160 0.001 0.025 0.006 0.012 0.172 0.618 
 628 C _   0.006 0.159 0.001 0.022 0.006 0.012 0.171 0.624 
 629 F _   0.006 0.156 0.001 0.019 0.005 0.012 0.171 0.630 
 630 T _   0.006 0.153 0.001 0.016 0.005 0.012 0.171 0.637 
 631 R _   0.006 0.150 0.001 0.014 0.005 0.012 0.171 0.641 
 632 D _   0.007 0.148 0.001 0.013 0.005 0.012 0.172 0.643 
 633 R _   0.007 0.147 0.001 0.014 0.005 0.012 0.172 0.642 
 634 K _   0.007 0.148 0.001 0.016 0.005 0.013 0.172 0.638 
 635 G _   0.008 0.149 0.001 0.018 0.006 0.013 0.172 0.633 
 636 G _   0.008 0.151 0.001 0.022 0.007 0.013 0.172 0.626 
 637 F _   0.009 0.151 0.001 0.025 0.007 0.013 0.173 0.620 
 638 F _   0.009 0.150 0.001 0.027 0.008 0.013 0.174 0.618 
 639 S _   0.009 0.145 0.001 0.028 0.008 0.013 0.176 0.620 
 640 S _   0.009 0.137 0.001 0.028 0.007 0.012 0.179 0.627 
 641 F _   0.009 0.125 0.001 0.025 0.007 0.011 0.182 0.640 
 642 M _   0.008 0.108 0.001 0.022 0.006 0.010 0.186 0.658 
 643 K _   0.008 0.089 0.001 0.018 0.005 0.009 0.191 0.680 
 644 K _   0.008 0.069 0.001 0.014 0.004 0.009 0.195 0.701 
 645 R _   0.008 0.051 0.000 0.010 0.003 0.008 0.199 0.720 
 646 N _   0.007 0.039 0.000 0.008 0.002 0.007 0.203 0.734 
 647 A _   0.006 0.030 0.000 0.006 0.002 0.006 0.205 0.744 
 648 P _   0.006 0.026 0.000 0.005 0.002 0.006 0.206 0.749 
 649 T _   0.006 0.023 0.000 0.005 0.002 0.006 0.207 0.752 
 650 P _   0.006 0.022 0.000 0.005 0.002 0.006 0.207 0.752 
 651 P _   0.005 0.023 0.000 0.006 0.002 0.006 0.206 0.751 
 652 K _   0.005 0.024 0.000 0.007 0.002 0.007 0.205 0.749 
 653 R _   0.006 0.026 0.000 0.009 0.003 0.008 0.203 0.745 
 654 S _   0.006 0.029 0.000 0.012 0.003 0.008 0.201 0.741 
 655 S _   0.006 0.032 0.000 0.014 0.003 0.009 0.198 0.738 
 656 S _   0.006 0.035 0.000 0.016 0.004 0.009 0.196 0.735 
 657 F _   0.005 0.037 0.000 0.016 0.004 0.009 0.194 0.735 
 658 R _   0.005 0.038 0.000 0.016 0.003 0.008 0.191 0.737 
 659 E _   0.005 0.039 0.000 0.014 0.003 0.008 0.189 0.742 
 660 M _   0.005 0.039 0.000 0.012 0.003 0.007 0.187 0.748 
 661 E _   0.004 0.040 0.000 0.009 0.002 0.007 0.184 0.754 
 662 N _   0.004 0.040 0.000 0.008 0.002 0.006 0.181 0.759 
 663 Q _   0.004 0.042 0.000 0.006 0.002 0.006 0.177 0.762 
