#TopoPred_TM8: 8-state transmembrane topology prediction results by no_profile mode 
#probabilities are in the order of H E C I L F X _, the 8 transmembrane topology types used in PDBTM 
   1 M X   0.007 0.001 0.002 0.034 0.007 0.006 0.881 0.064 
   2 E X   0.002 0.000 0.000 0.017 0.001 0.003 0.906 0.070 
   3 P X   0.001 0.000 0.000 0.009 0.000 0.002 0.913 0.075 
   4 A X   0.001 0.000 0.000 0.006 0.000 0.002 0.914 0.078 
   5 A X   0.001 0.000 0.000 0.005 0.000 0.002 0.912 0.080 
   6 G X   0.001 0.001 0.000 0.004 0.001 0.002 0.908 0.083 
   7 F X   0.001 0.001 0.000 0.004 0.001 0.003 0.904 0.086 
   8 L X   0.001 0.002 0.000 0.005 0.001 0.003 0.898 0.090 
   9 S X   0.002 0.003 0.000 0.005 0.001 0.004 0.891 0.095 
  10 P X   0.002 0.004 0.000 0.007 0.001 0.004 0.883 0.099 
  11 R X   0.002 0.006 0.000 0.008 0.002 0.004 0.874 0.104 
  12 P X   0.002 0.008 0.000 0.010 0.002 0.005 0.865 0.108 
  13 F X   0.002 0.009 0.000 0.012 0.002 0.005 0.857 0.112 
  14 Q X   0.002 0.011 0.000 0.013 0.003 0.005 0.850 0.116 
  15 R X   0.002 0.012 0.000 0.015 0.003 0.005 0.844 0.118 
  16 A X   0.002 0.013 0.000 0.015 0.003 0.005 0.840 0.121 
  17 A X   0.002 0.013 0.000 0.015 0.003 0.005 0.836 0.125 
  18 A X   0.002 0.013 0.000 0.014 0.003 0.005 0.833 0.129 
  19 A X   0.002 0.012 0.000 0.013 0.002 0.004 0.832 0.134 
  20 P X   0.002 0.011 0.000 0.010 0.002 0.004 0.830 0.140 
  21 A X   0.002 0.009 0.000 0.008 0.002 0.003 0.830 0.146 
  22 P X   0.002 0.007 0.000 0.005 0.001 0.003 0.829 0.153 
  23 P X   0.002 0.005 0.000 0.004 0.001 0.002 0.827 0.159 
  24 A X   0.002 0.003 0.000 0.002 0.001 0.002 0.825 0.165 
  25 G X   0.002 0.002 0.000 0.002 0.000 0.002 0.822 0.170 
  26 P X   0.002 0.002 0.000 0.001 0.000 0.002 0.818 0.175 
  27 G X   0.002 0.002 0.000 0.001 0.000 0.002 0.812 0.182 
  28 P X   0.002 0.002 0.000 0.001 0.001 0.002 0.803 0.190 
  29 P X   0.002 0.002 0.000 0.002 0.001 0.003 0.791 0.199 
  30 P X   0.002 0.004 0.000 0.003 0.001 0.004 0.774 0.211 
  31 S X   0.003 0.008 0.000 0.005 0.002 0.007 0.750 0.225 
  32 A X   0.004 0.018 0.001 0.010 0.004 0.010 0.716 0.236 
  33 L X   0.005 0.044 0.001 0.020 0.008 0.015 0.664 0.243 
  34 R X   0.006 0.093 0.002 0.034 0.013 0.020 0.593 0.238 
  35 G X   0.006 0.167 0.003 0.050 0.018 0.023 0.514 0.220 
  36 P X   0.006 0.248 0.003 0.064 0.020 0.023 0.441 0.196 
  37 E X   0.005 0.314 0.002 0.074 0.019 0.022 0.387 0.177 
  38 L E   0.005 0.355 0.002 0.079 0.017 0.020 0.352 0.170 
  39 E E   0.004 0.378 0.001 0.081 0.015 0.019 0.329 0.172 
  40 M E   0.004 0.388 0.001 0.078 0.014 0.018 0.314 0.182 
  41 L E   0.005 0.389 0.001 0.073 0.013 0.016 0.304 0.200 
  42 A E   0.005 0.383 0.001 0.064 0.011 0.015 0.296 0.225 
  43 G E   0.005 0.367 0.001 0.053 0.010 0.013 0.290 0.260 
  44 L E   0.006 0.338 0.001 0.041 0.009 0.012 0.287 0.306 
  45 P _   0.006 0.299 0.001 0.031 0.007 0.011 0.284 0.360 
  46 T _   0.007 0.258 0.001 0.022 0.006 0.011 0.282 0.414 
  47 S _   0.007 0.221 0.001 0.016 0.005 0.010 0.280 0.460 
  48 D _   0.007 0.196 0.001 0.012 0.004 0.010 0.278 0.494 
  49 P _   0.006 0.179 0.000 0.009 0.003 0.009 0.275 0.517 
  50 G _   0.006 0.170 0.000 0.008 0.003 0.009 0.272 0.533 
  51 R _   0.006 0.164 0.000 0.008 0.002 0.008 0.267 0.544 
  52 L _   0.006 0.161 0.000 0.008 0.002 0.008 0.262 0.552 
  53 I _   0.005 0.160 0.000 0.008 0.002 0.008 0.256 0.560 
  54 T _   0.005 0.161 0.000 0.008 0.003 0.008 0.249 0.566 
  55 D _   0.005 0.163 0.000 0.009 0.003 0.008 0.241 0.571 
  56 P _   0.005 0.167 0.000 0.009 0.003 0.009 0.232 0.574 
  57 R _   0.005 0.174 0.000 0.010 0.003 0.009 0.223 0.575 
  58 S _   0.005 0.183 0.001 0.012 0.004 0.010 0.212 0.573 
  59 G _   0.005 0.196 0.001 0.014 0.005 0.011 0.201 0.568 
  60 R _   0.005 0.212 0.001 0.016 0.005 0.012 0.190 0.559 
  61 T _   0.005 0.233 0.001 0.019 0.006 0.012 0.177 0.547 
  62 Y _   0.005 0.256 0.001 0.022 0.007 0.013 0.165 0.531 
  63 L _   0.005 0.282 0.001 0.025 0.008 0.013 0.152 0.514 
  64 K _   0.005 0.306 0.001 0.027 0.008 0.013 0.141 0.499 
  65 G _   0.005 0.327 0.001 0.029 0.008 0.013 0.131 0.486 
  66 R _   0.005 0.344 0.001 0.030 0.008 0.013 0.122 0.477 
  67 L _   0.005 0.356 0.001 0.032 0.008 0.013 0.115 0.472 
  68 L _   0.005 0.364 0.001 0.032 0.008 0.013 0.109 0.469 
  69 G _   0.005 0.368 0.001 0.033 0.008 0.012 0.103 0.469 
  70 K _   0.005 0.370 0.001 0.034 0.008 0.012 0.099 0.471 
  71 G _   0.005 0.368 0.001 0.034 0.008 0.012 0.096 0.477 
  72 G _   0.005 0.362 0.001 0.033 0.008 0.012 0.093 0.485 
  73 F _   0.006 0.352 0.001 0.032 0.008 0.012 0.091 0.498 
  74 A _   0.006 0.336 0.001 0.031 0.008 0.012 0.089 0.516 
  75 R _   0.007 0.314 0.001 0.028 0.008 0.012 0.088 0.542 
  76 C _   0.007 0.285 0.001 0.025 0.007 0.011 0.088 0.575 
  77 Y _   0.007 0.251 0.001 0.022 0.007 0.011 0.088 0.613 
  78 E _   0.007 0.216 0.001 0.018 0.006 0.011 0.088 0.653 
  79 A _   0.007 0.183 0.001 0.014 0.005 0.011 0.088 0.691 
  80 T _   0.007 0.158 0.001 0.011 0.004 0.011 0.087 0.721 
  81 D _   0.007 0.141 0.000 0.008 0.003 0.011 0.087 0.742 
  82 T _   0.007 0.132 0.000 0.007 0.003 0.011 0.086 0.753 
  83 E _   0.008 0.127 0.000 0.007 0.003 0.012 0.084 0.758 
  84 T _   0.008 0.127 0.000 0.008 0.004 0.013 0.083 0.756 
  85 G _   0.010 0.130 0.001 0.010 0.005 0.015 0.081 0.748 
  86 S _   0.011 0.137 0.001 0.015 0.007 0.017 0.078 0.733 
  87 A _   0.012 0.147 0.001 0.020 0.009 0.019 0.076 0.716 
  88 Y _   0.014 0.157 0.001 0.025 0.011 0.020 0.073 0.699 
  89 A _   0.014 0.165 0.001 0.031 0.012 0.021 0.072 0.684 
  90 V _   0.015 0.170 0.001 0.035 0.013 0.021 0.070 0.676 
  91 K _   0.015 0.171 0.001 0.036 0.013 0.020 0.069 0.675 
  92 V _   0.014 0.168 0.001 0.035 0.012 0.019 0.068 0.682 
  93 I _   0.013 0.162 0.001 0.032 0.011 0.018 0.068 0.695 
  94 P _   0.013 0.151 0.001 0.028 0.010 0.017 0.068 0.713 
  95 Q _   0.012 0.136 0.001 0.023 0.008 0.015 0.068 0.737 
  96 S _   0.011 0.118 0.001 0.018 0.007 0.014 0.069 0.763 
  97 R _   0.010 0.101 0.001 0.014 0.005 0.012 0.069 0.788 
  98 V _   0.009 0.088 0.001 0.010 0.004 0.011 0.069 0.808 
  99 A _   0.008 0.079 0.000 0.008 0.003 0.010 0.069 0.822 
 100 K _   0.008 0.073 0.000 0.007 0.003 0.010 0.068 0.831 
 101 P _   0.007 0.071 0.000 0.006 0.003 0.010 0.068 0.835 
 102 H _   0.007 0.071 0.000 0.007 0.003 0.010 0.067 0.835 
 103 Q _   0.008 0.073 0.000 0.008 0.003 0.011 0.065 0.831 
 104 R _   0.008 0.078 0.000 0.010 0.004 0.012 0.064 0.824 
 105 E _   0.008 0.084 0.001 0.014 0.005 0.013 0.062 0.814 
 106 K _   0.009 0.091 0.001 0.017 0.006 0.014 0.061 0.802 
 107 I _   0.009 0.098 0.001 0.021 0.007 0.015 0.059 0.791 
 108 L _   0.009 0.103 0.001 0.023 0.008 0.015 0.058 0.782 
 109 N _   0.010 0.106 0.001 0.025 0.008 0.016 0.057 0.778 
 110 E _   0.010 0.107 0.001 0.025 0.008 0.016 0.057 0.777 
 111 I _   0.010 0.105 0.001 0.023 0.008 0.015 0.056 0.782 
 112 E _   0.010 0.101 0.001 0.020 0.007 0.015 0.056 0.790 
 113 L _   0.010 0.095 0.001 0.017 0.006 0.015 0.056 0.800 
 114 H _   0.010 0.089 0.001 0.013 0.006 0.014 0.056 0.810 
 115 R _   0.011 0.083 0.001 0.011 0.005 0.015 0.056 0.818 
 116 D _   0.011 0.080 0.001 0.010 0.005 0.015 0.056 0.822 
 117 L _   0.012 0.078 0.001 0.010 0.005 0.016 0.056 0.822 
 118 Q _   0.012 0.078 0.001 0.012 0.006 0.017 0.056 0.818 
 119 H _   0.013 0.079 0.001 0.016 0.008 0.018 0.055 0.810 
 120 R _   0.014 0.082 0.001 0.021 0.009 0.019 0.055 0.800 
 121 H _   0.014 0.084 0.001 0.026 0.010 0.020 0.055 0.790 
 122 I _   0.014 0.086 0.001 0.031 0.011 0.019 0.055 0.783 
 123 V _   0.014 0.084 0.001 0.033 0.011 0.019 0.055 0.783 
 124 R _   0.013 0.080 0.001 0.033 0.011 0.018 0.055 0.790 
 125 F _   0.012 0.071 0.001 0.029 0.009 0.016 0.056 0.805 
 126 S _   0.011 0.058 0.001 0.023 0.008 0.014 0.057 0.827 
 127 H _   0.010 0.042 0.001 0.017 0.006 0.012 0.058 0.854 
 128 H _   0.009 0.026 0.001 0.011 0.004 0.011 0.059 0.879 
 129 F _   0.009 0.014 0.000 0.007 0.003 0.010 0.059 0.898 
 130 E _   0.008 0.008 0.000 0.004 0.002 0.010 0.059 0.908 
 131 D _   0.009 0.005 0.000 0.003 0.002 0.011 0.059 0.910 
 132 A _   0.011 0.005 0.000 0.003 0.003 0.013 0.058 0.907 
 133 D _   0.014 0.005 0.000 0.004 0.004 0.017 0.058 0.897 
 134 N _   0.019 0.008 0.001 0.008 0.007 0.022 0.056 0.880 
 135 I _   0.025 0.013 0.001 0.014 0.011 0.028 0.055 0.854 
 136 Y _   0.030 0.021 0.001 0.022 0.016 0.034 0.053 0.823 
 137 I _   0.034 0.028 0.001 0.031 0.020 0.038 0.052 0.796 
 138 F _   0.037 0.033 0.002 0.036 0.022 0.040 0.051 0.779 
 139 L _   0.037 0.035 0.002 0.038 0.023 0.041 0.050 0.774 
 140 E _   0.037 0.034 0.002 0.036 0.023 0.041 0.049 0.779 
 141 L _   0.036 0.032 0.002 0.030 0.021 0.039 0.048 0.791 
 142 C _   0.035 0.027 0.001 0.024 0.019 0.038 0.048 0.809 
 143 S _   0.034 0.022 0.001 0.018 0.016 0.036 0.047 0.825 
 144 R _   0.034 0.017 0.001 0.013 0.014 0.034 0.047 0.839 
 145 K _   0.033 0.014 0.001 0.011 0.012 0.033 0.047 0.849 
 146 S _   0.033 0.012 0.001 0.010 0.011 0.031 0.047 0.854 
 147 L _   0.033 0.011 0.001 0.011 0.011 0.030 0.047 0.857 
 148 A _   0.033 0.010 0.001 0.012 0.011 0.029 0.047 0.857 
 149 H _   0.034 0.009 0.001 0.013 0.011 0.028 0.046 0.858 
 150 I _   0.033 0.009 0.001 0.014 0.011 0.027 0.046 0.860 
 151 W _   0.033 0.008 0.001 0.013 0.010 0.026 0.046 0.863 
 152 K _   0.032 0.007 0.001 0.013 0.010 0.025 0.046 0.868 
 153 A _   0.031 0.006 0.001 0.011 0.009 0.023 0.046 0.874 
 154 R _   0.029 0.005 0.001 0.009 0.008 0.022 0.045 0.881 
 155 H _   0.028 0.003 0.001 0.008 0.007 0.022 0.045 0.886 
 156 T _   0.028 0.003 0.001 0.006 0.006 0.021 0.045 0.890 
 157 L _   0.029 0.002 0.001 0.006 0.006 0.021 0.044 0.891 
 158 L _   0.030 0.002 0.001 0.005 0.006 0.022 0.044 0.890 
 159 E _   0.032 0.003 0.001 0.006 0.007 0.024 0.044 0.885 
 160 P _   0.035 0.003 0.001 0.006 0.008 0.025 0.043 0.878 
 161 E _   0.038 0.005 0.001 0.008 0.009 0.028 0.042 0.869 
 162 V _   0.041 0.007 0.001 0.010 0.011 0.030 0.042 0.859 
 163 R _   0.043 0.010 0.001 0.012 0.014 0.032 0.041 0.847 
 164 Y _   0.045 0.013 0.001 0.015 0.016 0.034 0.040 0.836 
 165 Y _   0.046 0.016 0.001 0.017 0.017 0.034 0.040 0.827 
 166 L _   0.046 0.019 0.001 0.019 0.018 0.035 0.040 0.822 
 167 R _   0.045 0.021 0.001 0.020 0.018 0.035 0.039 0.821 
 168 Q _   0.042 0.023 0.001 0.020 0.018 0.034 0.039 0.823 
 169 I _   0.040 0.023 0.001 0.020 0.017 0.032 0.039 0.827 
 170 L _   0.037 0.024 0.001 0.019 0.015 0.031 0.039 0.834 
 171 S _   0.035 0.023 0.001 0.017 0.014 0.029 0.039 0.842 
 172 G _   0.032 0.023 0.001 0.016 0.012 0.027 0.040 0.849 
 173 L _   0.029 0.022 0.001 0.015 0.011 0.025 0.040 0.856 
 174 K _   0.027 0.022 0.001 0.015 0.010 0.024 0.040 0.862 
 175 Y _   0.024 0.021 0.001 0.014 0.010 0.022 0.041 0.867 
 176 L _   0.022 0.021 0.001 0.014 0.009 0.021 0.041 0.871 
 177 H _   0.020 0.020 0.001 0.014 0.008 0.020 0.041 0.875 
 178 Q _   0.018 0.020 0.001 0.014 0.008 0.018 0.042 0.879 
 179 R _   0.017 0.019 0.001 0.013 0.007 0.017 0.042 0.883 
 180 G _   0.016 0.018 0.001 0.012 0.007 0.016 0.043 0.887 
 181 I _   0.015 0.017 0.001 0.011 0.006 0.015 0.043 0.891 
 182 L _   0.014 0.016 0.001 0.010 0.006 0.015 0.043 0.895 
 183 H _   0.014 0.015 0.001 0.009 0.005 0.014 0.044 0.898 
 184 R _   0.013 0.015 0.001 0.009 0.005 0.014 0.044 0.899 
 185 D _   0.013 0.015 0.001 0.008 0.005 0.015 0.044 0.899 
 186 L _   0.014 0.016 0.001 0.009 0.006 0.015 0.044 0.896 
 187 K _   0.014 0.017 0.001 0.010 0.006 0.016 0.045 0.891 
 188 L _   0.015 0.020 0.001 0.011 0.007 0.017 0.045 0.884 
 189 G _   0.017 0.022 0.001 0.014 0.008 0.018 0.045 0.875 
 190 N _   0.018 0.026 0.001 0.016 0.009 0.019 0.045 0.867 
 191 F _   0.018 0.028 0.001 0.018 0.010 0.019 0.045 0.860 
 192 F _   0.019 0.031 0.001 0.019 0.010 0.019 0.046 0.855 
 193 I _   0.018 0.032 0.001 0.020 0.010 0.019 0.047 0.853 
 194 T _   0.018 0.033 0.001 0.019 0.010 0.019 0.047 0.854 
 195 E _   0.017 0.032 0.001 0.017 0.009 0.018 0.048 0.857 
 196 N _   0.016 0.032 0.001 0.015 0.008 0.017 0.049 0.861 
 197 M _   0.016 0.031 0.001 0.014 0.007 0.017 0.050 0.865 
 198 E _   0.015 0.031 0.001 0.013 0.007 0.016 0.051 0.867 
 199 L _   0.015 0.031 0.001 0.012 0.006 0.016 0.052 0.867 
 200 K _   0.015 0.032 0.001 0.013 0.006 0.016 0.052 0.865 
 201 V _   0.015 0.033 0.001 0.015 0.007 0.015 0.053 0.861 
 202 G _   0.015 0.034 0.001 0.018 0.007 0.016 0.054 0.856 
 203 D _   0.015 0.036 0.001 0.020 0.007 0.015 0.055 0.850 
 204 F _   0.015 0.036 0.001 0.023 0.008 0.015 0.056 0.846 
 205 G _   0.015 0.036 0.001 0.024 0.008 0.014 0.058 0.845 
 206 L _   0.014 0.034 0.001 0.023 0.007 0.013 0.060 0.848 
 207 A _   0.013 0.031 0.001 0.021 0.006 0.012 0.061 0.855 
 208 A _   0.012 0.026 0.001 0.018 0.005 0.011 0.063 0.865 
 209 R _   0.010 0.020 0.001 0.013 0.004 0.009 0.065 0.878 
 210 L _   0.009 0.014 0.000 0.010 0.003 0.008 0.066 0.890 
 211 E _   0.008 0.010 0.000 0.007 0.002 0.006 0.067 0.900 
 212 P _   0.007 0.007 0.000 0.005 0.002 0.006 0.068 0.907 
 213 P _   0.006 0.005 0.000 0.004 0.001 0.005 0.068 0.911 
 214 E _   0.005 0.004 0.000 0.003 0.001 0.005 0.067 0.913 
 215 Q _   0.005 0.005 0.000 0.003 0.001 0.005 0.067 0.913 
 216 R _   0.006 0.005 0.000 0.004 0.002 0.006 0.066 0.911 
 217 K _   0.006 0.007 0.000 0.005 0.002 0.007 0.064 0.908 
 218 K _   0.006 0.011 0.000 0.007 0.003 0.008 0.062 0.902 
 219 T _   0.007 0.016 0.000 0.010 0.004 0.010 0.060 0.894 
 220 I _   0.007 0.023 0.001 0.013 0.004 0.011 0.057 0.885 
 221 C _   0.007 0.030 0.001 0.016 0.005 0.012 0.054 0.874 
 222 G _   0.008 0.038 0.001 0.019 0.006 0.014 0.051 0.864 
 223 T _   0.008 0.046 0.001 0.022 0.007 0.015 0.048 0.853 
 224 P _   0.008 0.053 0.001 0.025 0.008 0.016 0.045 0.844 
 225 N _   0.009 0.059 0.001 0.029 0.009 0.017 0.043 0.834 
 226 Y _   0.009 0.065 0.001 0.032 0.010 0.018 0.040 0.825 
 227 V _   0.009 0.069 0.001 0.036 0.011 0.018 0.038 0.817 
 228 A _   0.010 0.072 0.001 0.039 0.011 0.019 0.036 0.812 
 229 P _   0.010 0.073 0.001 0.041 0.012 0.018 0.034 0.810 
 230 E _   0.011 0.072 0.001 0.041 0.011 0.018 0.033 0.814 
 231 V _   0.011 0.068 0.001 0.039 0.011 0.017 0.032 0.823 
 232 L _   0.011 0.060 0.001 0.033 0.009 0.015 0.031 0.839 
 233 L _   0.011 0.049 0.001 0.027 0.008 0.014 0.030 0.861 
 234 R _   0.013 0.034 0.001 0.019 0.006 0.012 0.029 0.886 
 235 Q _   0.015 0.020 0.001 0.012 0.005 0.011 0.028 0.909 
 236 G _   0.019 0.009 0.000 0.007 0.004 0.009 0.027 0.924 
 237 H _   0.028 0.003 0.000 0.004 0.003 0.009 0.026 0.928 
 238 G _   0.045 0.001 0.000 0.002 0.003 0.009 0.024 0.917 
 239 P _   0.076 0.000 0.000 0.002 0.003 0.009 0.022 0.888 
 240 E _   0.136 0.000 0.001 0.001 0.004 0.011 0.019 0.829 
 241 A _   0.227 0.000 0.001 0.001 0.006 0.013 0.016 0.736 
 242 D _   0.348 0.000 0.001 0.001 0.009 0.016 0.013 0.612 
 243 V H   0.487 0.000 0.001 0.001 0.013 0.018 0.010 0.469 
 244 W H   0.614 0.000 0.001 0.001 0.018 0.020 0.007 0.338 
 245 S H   0.712 0.000 0.001 0.001 0.023 0.020 0.006 0.237 
 246 L H   0.779 0.000 0.001 0.001 0.026 0.019 0.005 0.168 
 247 G H   0.818 0.000 0.001 0.001 0.028 0.018 0.004 0.128 
 248 C H   0.841 0.000 0.001 0.002 0.029 0.017 0.004 0.107 
 249 V H   0.847 0.000 0.001 0.002 0.029 0.016 0.005 0.100 
 250 M H   0.839 0.000 0.002 0.002 0.030 0.015 0.005 0.107 
 251 Y H   0.818 0.000 0.002 0.002 0.030 0.014 0.006 0.128 
 252 T H   0.777 0.000 0.002 0.003 0.029 0.014 0.008 0.167 
 253 L H   0.711 0.000 0.002 0.003 0.027 0.014 0.010 0.233 
 254 L H   0.618 0.000 0.002 0.003 0.022 0.014 0.013 0.327 
 255 C H   0.502 0.000 0.002 0.003 0.017 0.013 0.018 0.445 
 256 G _   0.381 0.000 0.001 0.003 0.012 0.012 0.023 0.568 
 257 S _   0.271 0.000 0.001 0.003 0.008 0.011 0.028 0.678 
 258 P _   0.181 0.000 0.001 0.003 0.006 0.010 0.032 0.767 
 259 P _   0.115 0.000 0.001 0.003 0.004 0.009 0.036 0.833 
 260 F _   0.072 0.000 0.000 0.003 0.003 0.008 0.039 0.875 
 261 E _   0.045 0.000 0.000 0.003 0.002 0.008 0.041 0.901 
 262 T _   0.029 0.000 0.000 0.003 0.002 0.008 0.042 0.915 
 263 A _   0.021 0.000 0.000 0.003 0.002 0.009 0.043 0.921 
 264 D _   0.017 0.001 0.000 0.003 0.002 0.011 0.044 0.922 
 265 L _   0.016 0.001 0.000 0.004 0.003 0.013 0.044 0.918 
 266 K _   0.017 0.003 0.000 0.006 0.004 0.016 0.045 0.910 
 267 E _   0.018 0.005 0.001 0.008 0.006 0.020 0.045 0.897 
 268 T _   0.020 0.009 0.001 0.012 0.009 0.024 0.044 0.881 
 269 Y _   0.023 0.015 0.001 0.016 0.012 0.028 0.044 0.860 
 270 R _   0.026 0.021 0.001 0.021 0.016 0.031 0.044 0.839 
 271 C _   0.029 0.028 0.001 0.026 0.019 0.035 0.044 0.819 
 272 I _   0.031 0.033 0.001 0.031 0.021 0.037 0.044 0.802 
 273 K _   0.033 0.036 0.002 0.034 0.023 0.038 0.045 0.791 
 274 Q _   0.034 0.037 0.002 0.035 0.023 0.038 0.046 0.787 
 275 V _   0.034 0.036 0.002 0.034 0.022 0.037 0.047 0.789 
 276 H _   0.034 0.034 0.001 0.031 0.020 0.035 0.048 0.796 
 277 Y _   0.033 0.030 0.001 0.026 0.017 0.033 0.050 0.810 
 278 T _   0.032 0.024 0.001 0.021 0.014 0.031 0.052 0.826 
 279 L _   0.031 0.018 0.001 0.015 0.011 0.029 0.053 0.843 
 280 P _   0.030 0.012 0.001 0.010 0.008 0.027 0.055 0.857 
 281 A _   0.029 0.008 0.001 0.007 0.007 0.026 0.056 0.866 
 282 S _   0.030 0.006 0.001 0.005 0.006 0.026 0.057 0.870 
 283 L _   0.031 0.005 0.001 0.004 0.006 0.027 0.058 0.868 
 284 S _   0.034 0.006 0.001 0.004 0.007 0.029 0.058 0.861 
 285 L _   0.039 0.007 0.001 0.005 0.009 0.033 0.059 0.848 
 286 P _   0.044 0.012 0.001 0.008 0.013 0.037 0.059 0.827 
 287 A _   0.048 0.023 0.001 0.014 0.018 0.040 0.059 0.796 
 288 R _   0.051 0.039 0.002 0.023 0.024 0.043 0.059 0.759 
 289 Q _   0.053 0.058 0.002 0.033 0.028 0.045 0.060 0.721 
 290 L _   0.053 0.074 0.002 0.044 0.031 0.044 0.061 0.691 
 291 L _   0.052 0.085 0.002 0.053 0.031 0.043 0.062 0.673 
 292 A _   0.049 0.090 0.002 0.057 0.030 0.040 0.064 0.668 
 293 A _   0.045 0.091 0.002 0.057 0.027 0.036 0.067 0.677 
 294 I _   0.040 0.086 0.002 0.051 0.022 0.031 0.070 0.697 
 295 L _   0.035 0.077 0.002 0.042 0.017 0.026 0.073 0.727 
 296 R _   0.030 0.063 0.001 0.031 0.013 0.022 0.077 0.763 
 297 A _   0.024 0.045 0.001 0.021 0.009 0.017 0.081 0.801 
 298 S _   0.019 0.029 0.001 0.013 0.006 0.014 0.084 0.835 
 299 P _   0.015 0.018 0.000 0.007 0.003 0.011 0.087 0.858 
 300 R _   0.012 0.012 0.000 0.004 0.002 0.009 0.088 0.871 
 301 D _   0.010 0.009 0.000 0.003 0.002 0.009 0.089 0.878 
 302 R _   0.009 0.009 0.000 0.003 0.002 0.009 0.090 0.879 
 303 P _   0.009 0.010 0.000 0.004 0.002 0.010 0.090 0.876 
 304 S _   0.010 0.013 0.000 0.006 0.003 0.012 0.089 0.867 
 305 I _   0.011 0.021 0.001 0.010 0.005 0.014 0.088 0.850 
 306 D _   0.012 0.036 0.001 0.016 0.007 0.017 0.087 0.824 
 307 Q _   0.013 0.058 0.001 0.025 0.010 0.019 0.085 0.789 
 308 I _   0.013 0.080 0.001 0.035 0.012 0.021 0.083 0.756 
 309 L _   0.013 0.096 0.001 0.043 0.014 0.021 0.082 0.730 
 310 R _   0.012 0.106 0.001 0.049 0.015 0.021 0.081 0.714 
 311 H _   0.012 0.111 0.001 0.051 0.015 0.021 0.081 0.708 
 312 D _   0.011 0.112 0.001 0.050 0.014 0.020 0.082 0.710 
 313 F _   0.011 0.108 0.001 0.045 0.012 0.018 0.083 0.721 
 314 F _   0.010 0.100 0.001 0.038 0.011 0.016 0.085 0.739 
 315 T _   0.010 0.088 0.001 0.029 0.008 0.015 0.087 0.762 
 316 K _   0.009 0.073 0.001 0.021 0.007 0.013 0.090 0.787 
 317 G _   0.009 0.059 0.001 0.014 0.005 0.011 0.092 0.809 
 318 Y _   0.008 0.048 0.000 0.010 0.004 0.010 0.093 0.827 
 319 T _   0.007 0.042 0.000 0.007 0.003 0.010 0.094 0.837 
 320 P _   0.007 0.038 0.000 0.006 0.003 0.010 0.095 0.841 
 321 D _   0.007 0.038 0.000 0.006 0.003 0.011 0.095 0.840 
 322 R _   0.008 0.040 0.000 0.007 0.004 0.012 0.095 0.833 
 323 L _   0.009 0.045 0.001 0.011 0.005 0.014 0.095 0.820 
 324 P _   0.010 0.055 0.001 0.018 0.007 0.016 0.094 0.799 
 325 I _   0.011 0.068 0.001 0.027 0.010 0.017 0.093 0.773 
 326 S _   0.011 0.080 0.001 0.036 0.012 0.019 0.093 0.749 
 327 S _   0.011 0.089 0.001 0.044 0.013 0.019 0.093 0.731 
 328 C _   0.011 0.093 0.001 0.049 0.013 0.019 0.093 0.721 
 329 V _   0.011 0.094 0.001 0.049 0.013 0.018 0.095 0.720 
 330 T _   0.010 0.091 0.001 0.045 0.011 0.016 0.097 0.729 
 331 V _   0.009 0.083 0.001 0.038 0.009 0.015 0.099 0.746 
 332 P _   0.009 0.071 0.001 0.028 0.007 0.013 0.102 0.769 
 333 D _   0.008 0.056 0.001 0.019 0.005 0.011 0.105 0.795 
 334 L _   0.007 0.041 0.001 0.011 0.004 0.009 0.108 0.818 
 335 T _   0.007 0.032 0.000 0.006 0.002 0.009 0.110 0.834 
 336 P _   0.006 0.027 0.000 0.004 0.002 0.009 0.111 0.841 
 337 P _   0.007 0.026 0.000 0.003 0.002 0.010 0.112 0.841 
 338 N _   0.008 0.028 0.000 0.004 0.003 0.012 0.111 0.834 
 339 P _   0.011 0.036 0.000 0.006 0.004 0.016 0.111 0.816 
 340 A _   0.014 0.058 0.001 0.012 0.008 0.021 0.109 0.775 
 341 R _   0.017 0.109 0.002 0.023 0.014 0.026 0.106 0.703 
 342 S _   0.018 0.186 0.002 0.036 0.019 0.029 0.102 0.607 
 343 L _   0.017 0.266 0.002 0.049 0.022 0.030 0.099 0.515 
 344 F _   0.015 0.326 0.002 0.060 0.022 0.029 0.097 0.449 
 345 A _   0.014 0.361 0.002 0.067 0.021 0.028 0.096 0.410 
 346 K _   0.013 0.378 0.001 0.071 0.020 0.026 0.097 0.393 
 347 V _   0.013 0.384 0.001 0.071 0.019 0.024 0.098 0.389 
 348 T _   0.013 0.381 0.001 0.068 0.018 0.022 0.101 0.396 
 349 K _   0.013 0.368 0.001 0.062 0.016 0.020 0.105 0.414 
 350 S _   0.013 0.340 0.002 0.054 0.014 0.018 0.112 0.447 
 351 L _   0.013 0.295 0.002 0.046 0.012 0.017 0.120 0.496 
 352 F _   0.013 0.235 0.002 0.036 0.011 0.015 0.130 0.558 
 353 G _   0.013 0.168 0.001 0.027 0.008 0.014 0.141 0.627 
 354 R _   0.012 0.111 0.001 0.019 0.006 0.012 0.151 0.688 
 355 K _   0.010 0.069 0.001 0.012 0.004 0.010 0.159 0.734 
 356 K _   0.008 0.044 0.000 0.008 0.003 0.008 0.165 0.764 
 357 K _   0.007 0.031 0.000 0.005 0.002 0.007 0.168 0.781 
 358 S _   0.005 0.024 0.000 0.004 0.001 0.006 0.170 0.789 
 359 K _   0.005 0.022 0.000 0.003 0.001 0.007 0.170 0.792 
 360 N _   0.005 0.021 0.000 0.003 0.001 0.007 0.170 0.792 
 361 H _   0.005 0.023 0.000 0.004 0.002 0.009 0.169 0.788 
 362 A _   0.007 0.028 0.000 0.005 0.002 0.012 0.167 0.779 
 363 Q _   0.009 0.037 0.000 0.008 0.004 0.016 0.163 0.762 
 364 E _   0.012 0.057 0.001 0.012 0.007 0.022 0.159 0.732 
 365 R _   0.016 0.092 0.001 0.017 0.011 0.028 0.152 0.683 
 366 D _   0.020 0.145 0.002 0.024 0.017 0.034 0.144 0.614 
 367 E _   0.024 0.219 0.002 0.031 0.025 0.040 0.135 0.524 
 368 V _   0.026 0.303 0.003 0.037 0.032 0.043 0.126 0.430 
 369 S E   0.028 0.383 0.003 0.043 0.036 0.044 0.119 0.344 
 370 G E   0.029 0.447 0.003 0.049 0.037 0.042 0.114 0.278 
 371 L E   0.030 0.491 0.002 0.054 0.036 0.040 0.111 0.235 
 372 V E   0.030 0.515 0.002 0.059 0.035 0.038 0.110 0.211 
 373 S E   0.030 0.526 0.002 0.061 0.033 0.035 0.111 0.202 
 374 G E   0.030 0.526 0.002 0.062 0.031 0.033 0.112 0.205 
 375 L E   0.029 0.516 0.002 0.060 0.028 0.030 0.115 0.220 
 376 M E   0.029 0.490 0.002 0.056 0.025 0.027 0.120 0.252 
 377 R E   0.028 0.439 0.002 0.050 0.022 0.024 0.127 0.307 
 378 T _   0.027 0.359 0.003 0.042 0.019 0.022 0.137 0.391 
 379 S _   0.026 0.259 0.002 0.033 0.015 0.019 0.149 0.496 
 380 V _   0.023 0.163 0.002 0.024 0.011 0.017 0.162 0.599 
 381 G _   0.020 0.095 0.001 0.016 0.007 0.014 0.172 0.676 
 382 H _   0.016 0.054 0.001 0.010 0.004 0.011 0.179 0.725 
 383 Q _   0.012 0.032 0.000 0.007 0.003 0.009 0.184 0.754 
 384 D _   0.009 0.021 0.000 0.005 0.002 0.007 0.187 0.769 
 385 A _   0.007 0.016 0.000 0.004 0.001 0.006 0.188 0.778 
 386 R _   0.006 0.014 0.000 0.003 0.001 0.005 0.188 0.782 
 387 P _   0.005 0.013 0.000 0.004 0.001 0.005 0.188 0.784 
 388 E _   0.005 0.013 0.000 0.004 0.001 0.006 0.186 0.785 
 389 A _   0.005 0.015 0.000 0.005 0.002 0.006 0.184 0.784 
 390 P _   0.005 0.018 0.000 0.006 0.002 0.007 0.180 0.782 
 391 A _   0.005 0.023 0.000 0.008 0.003 0.009 0.176 0.777 
 392 A _   0.006 0.031 0.000 0.011 0.003 0.010 0.170 0.768 
 393 S _   0.006 0.043 0.001 0.015 0.005 0.012 0.164 0.754 
 394 G _   0.007 0.059 0.001 0.021 0.006 0.014 0.157 0.735 
 395 P _   0.008 0.077 0.001 0.028 0.008 0.016 0.150 0.711 
 396 A _   0.008 0.095 0.001 0.037 0.010 0.018 0.143 0.687 
 397 P _   0.009 0.110 0.001 0.046 0.011 0.019 0.138 0.666 
 398 V _   0.009 0.119 0.001 0.052 0.012 0.019 0.133 0.653 
 399 S _   0.010 0.123 0.001 0.056 0.012 0.019 0.130 0.649 
 400 L _   0.010 0.123 0.001 0.055 0.012 0.018 0.128 0.654 
 401 V _   0.009 0.118 0.001 0.050 0.011 0.017 0.127 0.668 
 402 E _   0.009 0.108 0.001 0.042 0.009 0.015 0.126 0.690 
 403 T _   0.008 0.091 0.001 0.033 0.007 0.013 0.125 0.721 
 404 A _   0.008 0.070 0.001 0.024 0.006 0.011 0.125 0.756 
 405 P _   0.007 0.048 0.001 0.016 0.004 0.010 0.125 0.789 
 406 E _   0.006 0.032 0.000 0.011 0.003 0.008 0.124 0.815 
 407 D _   0.006 0.021 0.000 0.008 0.002 0.007 0.123 0.833 
 408 S _   0.005 0.015 0.000 0.007 0.002 0.007 0.121 0.843 
 409 S _   0.005 0.011 0.000 0.006 0.002 0.007 0.119 0.850 
 410 P _   0.005 0.009 0.000 0.007 0.002 0.007 0.116 0.853 
 411 R _   0.005 0.008 0.000 0.008 0.002 0.007 0.113 0.856 
 412 G _   0.005 0.007 0.000 0.010 0.003 0.007 0.110 0.858 
 413 T _   0.005 0.006 0.000 0.010 0.003 0.007 0.106 0.862 
 414 L _   0.005 0.005 0.000 0.011 0.003 0.007 0.102 0.867 
 415 A _   0.005 0.004 0.000 0.010 0.003 0.007 0.097 0.873 
 416 S _   0.006 0.003 0.000 0.009 0.003 0.008 0.092 0.879 
 417 S _   0.008 0.002 0.000 0.007 0.003 0.008 0.088 0.884 
 418 G _   0.013 0.001 0.000 0.006 0.003 0.009 0.083 0.885 
 419 D _   0.023 0.001 0.000 0.005 0.003 0.010 0.077 0.881 
 420 G _   0.042 0.000 0.001 0.004 0.004 0.012 0.071 0.866 
 421 F _   0.076 0.000 0.001 0.004 0.005 0.015 0.063 0.836 
 422 E _   0.129 0.000 0.001 0.004 0.007 0.018 0.055 0.786 
 423 E _   0.203 0.000 0.001 0.003 0.010 0.022 0.046 0.714 
 424 G _   0.297 0.000 0.001 0.003 0.014 0.025 0.037 0.622 
 425 L _   0.402 0.000 0.002 0.003 0.018 0.027 0.029 0.519 
 426 T H   0.508 0.000 0.002 0.002 0.021 0.028 0.022 0.418 
 427 V H   0.603 0.000 0.002 0.002 0.024 0.027 0.016 0.326 
 428 A H   0.680 0.000 0.002 0.002 0.025 0.026 0.013 0.253 
 429 T H   0.739 0.000 0.002 0.002 0.026 0.024 0.011 0.198 
 430 V H   0.781 0.000 0.001 0.001 0.026 0.021 0.009 0.160 
 431 V H   0.808 0.000 0.001 0.001 0.025 0.019 0.008 0.137 
 432 E H   0.824 0.000 0.001 0.001 0.024 0.017 0.008 0.125 
 433 S H   0.830 0.000 0.001 0.001 0.023 0.015 0.008 0.121 
 434 A H   0.825 0.000 0.001 0.001 0.022 0.015 0.009 0.127 
 435 L H   0.811 0.000 0.001 0.001 0.021 0.014 0.009 0.142 
 436 C H   0.788 0.000 0.001 0.001 0.020 0.014 0.011 0.164 
 437 A H   0.752 0.000 0.001 0.001 0.020 0.014 0.012 0.198 
 438 L H   0.705 0.000 0.001 0.002 0.020 0.015 0.015 0.242 
 439 R H   0.647 0.000 0.001 0.002 0.019 0.016 0.019 0.294 
 440 N H   0.580 0.000 0.002 0.004 0.019 0.017 0.024 0.353 
 441 C H   0.507 0.001 0.002 0.006 0.018 0.018 0.031 0.417 
 442 I _   0.427 0.001 0.002 0.010 0.017 0.018 0.039 0.486 
 443 A _   0.344 0.001 0.002 0.012 0.015 0.018 0.048 0.559 
 444 F _   0.267 0.001 0.001 0.013 0.013 0.017 0.056 0.631 
 445 M _   0.197 0.001 0.001 0.013 0.010 0.015 0.065 0.698 
 446 P _   0.138 0.001 0.001 0.011 0.007 0.013 0.072 0.758 
 447 P _   0.092 0.001 0.001 0.008 0.005 0.010 0.078 0.805 
 448 A _   0.058 0.001 0.000 0.006 0.003 0.008 0.083 0.841 
 449 E _   0.036 0.000 0.000 0.004 0.002 0.007 0.086 0.865 
 450 Q _   0.022 0.000 0.000 0.003 0.001 0.006 0.088 0.879 
 451 N _   0.014 0.001 0.000 0.002 0.001 0.005 0.089 0.887 
 452 P _   0.010 0.001 0.000 0.002 0.001 0.005 0.090 0.891 
 453 A _   0.008 0.002 0.000 0.003 0.001 0.006 0.090 0.890 
 454 P _   0.007 0.005 0.000 0.004 0.002 0.008 0.089 0.886 
 455 L _   0.008 0.012 0.000 0.006 0.003 0.010 0.087 0.874 
 456 A _   0.009 0.028 0.001 0.010 0.004 0.013 0.084 0.851 
 457 Q _   0.010 0.057 0.001 0.017 0.007 0.016 0.080 0.812 
 458 P _   0.010 0.102 0.001 0.025 0.010 0.019 0.075 0.757 
 459 E _   0.011 0.155 0.001 0.034 0.013 0.021 0.070 0.695 
 460 P _   0.010 0.205 0.002 0.043 0.015 0.022 0.065 0.639 
 461 L _   0.010 0.240 0.001 0.050 0.015 0.022 0.062 0.599 
 462 V _   0.010 0.261 0.001 0.054 0.015 0.021 0.059 0.578 
 463 W _   0.010 0.272 0.001 0.055 0.015 0.021 0.058 0.569 
 464 V _   0.009 0.275 0.001 0.052 0.014 0.019 0.057 0.572 
 465 S _   0.009 0.272 0.001 0.046 0.012 0.018 0.057 0.585 
 466 K _   0.009 0.262 0.001 0.038 0.010 0.016 0.057 0.606 
 467 W _   0.008 0.246 0.001 0.029 0.009 0.015 0.058 0.635 
 468 V _   0.008 0.226 0.001 0.021 0.007 0.014 0.058 0.665 
 469 D _   0.008 0.208 0.001 0.015 0.005 0.013 0.059 0.691 
 470 Y _   0.008 0.194 0.001 0.011 0.004 0.012 0.059 0.711 
 471 S _   0.007 0.186 0.000 0.009 0.004 0.012 0.059 0.722 
 472 N _   0.008 0.182 0.000 0.008 0.004 0.012 0.059 0.726 
 473 K _   0.008 0.182 0.000 0.008 0.004 0.013 0.059 0.725 
 474 F _   0.008 0.185 0.001 0.010 0.004 0.014 0.059 0.720 
 475 G _   0.009 0.191 0.001 0.011 0.005 0.015 0.058 0.711 
 476 F _   0.009 0.198 0.001 0.013 0.006 0.016 0.057 0.701 
 477 G _   0.010 0.206 0.001 0.014 0.007 0.017 0.056 0.691 
 478 Y _   0.010 0.215 0.001 0.015 0.007 0.018 0.055 0.679 
 479 Q _   0.011 0.224 0.001 0.016 0.008 0.019 0.054 0.668 
 480 L _   0.012 0.233 0.001 0.017 0.009 0.021 0.053 0.655 
 481 S _   0.013 0.243 0.001 0.018 0.011 0.022 0.052 0.640 
 482 S _   0.014 0.253 0.001 0.020 0.012 0.024 0.051 0.625 
 483 R _   0.015 0.264 0.001 0.023 0.014 0.025 0.050 0.608 
 484 R _   0.016 0.274 0.001 0.025 0.015 0.026 0.050 0.593 
 485 V _   0.017 0.282 0.001 0.028 0.016 0.026 0.050 0.580 
 486 A _   0.017 0.287 0.001 0.030 0.016 0.026 0.050 0.572 
 487 V _   0.018 0.289 0.001 0.031 0.016 0.025 0.051 0.570 
 488 L _   0.018 0.287 0.001 0.031 0.015 0.024 0.051 0.573 
 489 F _   0.018 0.280 0.001 0.030 0.014 0.023 0.052 0.581 
 490 N _   0.017 0.270 0.001 0.028 0.014 0.022 0.054 0.594 
 491 D _   0.017 0.256 0.001 0.027 0.013 0.021 0.056 0.610 
 492 G _   0.017 0.239 0.001 0.025 0.012 0.020 0.058 0.629 
 493 T _   0.016 0.219 0.001 0.023 0.011 0.019 0.060 0.650 
 494 H _   0.016 0.198 0.001 0.022 0.010 0.018 0.063 0.672 
 495 M _   0.016 0.178 0.001 0.021 0.009 0.017 0.066 0.694 
 496 A _   0.015 0.157 0.001 0.020 0.008 0.016 0.068 0.715 
 497 L _   0.014 0.137 0.001 0.019 0.007 0.015 0.071 0.736 
 498 S _   0.013 0.117 0.001 0.018 0.007 0.014 0.074 0.756 
 499 A _   0.013 0.098 0.001 0.016 0.006 0.013 0.077 0.776 
 500 N _   0.012 0.081 0.001 0.015 0.005 0.012 0.080 0.795 
 501 R _   0.011 0.064 0.001 0.013 0.005 0.011 0.082 0.813 
 502 K _   0.010 0.050 0.001 0.011 0.004 0.010 0.085 0.829 
 503 T _   0.009 0.038 0.000 0.009 0.003 0.009 0.087 0.844 
 504 V _   0.008 0.028 0.000 0.008 0.003 0.008 0.088 0.856 
 505 H _   0.007 0.022 0.000 0.006 0.002 0.007 0.090 0.865 
 506 Y _   0.006 0.018 0.000 0.005 0.002 0.007 0.090 0.872 
 507 N _   0.006 0.016 0.000 0.004 0.002 0.007 0.090 0.875 
 508 P _   0.006 0.015 0.000 0.004 0.002 0.007 0.090 0.877 
 509 T _   0.006 0.015 0.000 0.004 0.002 0.008 0.089 0.875 
 510 S _   0.006 0.018 0.000 0.006 0.003 0.010 0.087 0.870 
 511 T _   0.007 0.023 0.000 0.008 0.004 0.012 0.085 0.861 
 512 K _   0.008 0.031 0.001 0.012 0.005 0.014 0.083 0.845 
 513 H _   0.009 0.044 0.001 0.017 0.007 0.017 0.081 0.824 
 514 F _   0.010 0.060 0.001 0.024 0.009 0.019 0.078 0.799 
 515 S _   0.010 0.075 0.001 0.030 0.011 0.021 0.075 0.776 
 516 F _   0.011 0.087 0.001 0.035 0.013 0.022 0.073 0.758 
 517 S _   0.011 0.095 0.001 0.038 0.013 0.023 0.071 0.747 
 518 V _   0.012 0.099 0.001 0.038 0.014 0.024 0.070 0.742 
 519 G _   0.012 0.100 0.001 0.037 0.013 0.024 0.070 0.743 
 520 A _   0.013 0.098 0.001 0.033 0.013 0.025 0.069 0.749 
 521 V _   0.014 0.093 0.001 0.027 0.012 0.025 0.069 0.759 
 522 P _   0.016 0.086 0.001 0.021 0.010 0.026 0.070 0.771 
 523 R _   0.018 0.078 0.001 0.016 0.009 0.027 0.070 0.781 
 524 A _   0.020 0.071 0.001 0.012 0.008 0.028 0.071 0.788 
 525 L _   0.023 0.067 0.001 0.009 0.008 0.030 0.072 0.790 
 526 Q _   0.027 0.065 0.001 0.008 0.009 0.033 0.072 0.786 
 527 P _   0.032 0.067 0.001 0.008 0.011 0.037 0.072 0.773 
 528 Q _   0.038 0.072 0.001 0.009 0.014 0.041 0.072 0.753 
 529 L _   0.044 0.083 0.001 0.013 0.018 0.045 0.072 0.724 
 530 G _   0.049 0.100 0.002 0.018 0.023 0.048 0.072 0.688 
 531 I _   0.053 0.122 0.002 0.024 0.028 0.050 0.072 0.649 
 532 L _   0.054 0.143 0.002 0.030 0.031 0.051 0.073 0.617 
 533 R _   0.054 0.159 0.002 0.036 0.032 0.050 0.074 0.594 
 534 Y _   0.052 0.170 0.002 0.041 0.033 0.048 0.075 0.581 
 535 F _   0.049 0.175 0.002 0.044 0.032 0.045 0.077 0.577 
 536 A _   0.045 0.176 0.002 0.045 0.029 0.042 0.080 0.582 
 537 S _   0.041 0.173 0.002 0.044 0.026 0.038 0.083 0.594 
 538 Y _   0.036 0.165 0.002 0.041 0.022 0.033 0.087 0.613 
 539 M _   0.032 0.153 0.002 0.038 0.019 0.029 0.091 0.636 
 540 E _   0.028 0.136 0.001 0.033 0.015 0.025 0.096 0.664 
 541 Q _   0.024 0.115 0.001 0.028 0.012 0.022 0.102 0.696 
 542 H _   0.021 0.091 0.001 0.023 0.009 0.018 0.108 0.729 
 543 L _   0.018 0.067 0.001 0.018 0.007 0.015 0.113 0.761 
 544 M _   0.015 0.046 0.001 0.014 0.005 0.012 0.118 0.789 
 545 K _   0.012 0.029 0.001 0.010 0.004 0.010 0.123 0.811 
 546 G _   0.010 0.018 0.000 0.007 0.003 0.008 0.126 0.827 
 547 G _   0.009 0.011 0.000 0.006 0.002 0.007 0.128 0.836 
 548 D _   0.008 0.007 0.000 0.005 0.002 0.006 0.130 0.842 
 549 L _   0.007 0.005 0.000 0.004 0.002 0.006 0.132 0.844 
 550 P _   0.007 0.004 0.000 0.004 0.002 0.006 0.133 0.845 
 551 S _   0.006 0.003 0.000 0.004 0.002 0.006 0.133 0.844 
 552 V _   0.007 0.003 0.000 0.005 0.002 0.007 0.133 0.843 
 553 E _   0.007 0.003 0.000 0.006 0.002 0.008 0.133 0.841 
 554 E _   0.007 0.004 0.000 0.007 0.003 0.009 0.132 0.839 
 555 V _   0.007 0.004 0.000 0.007 0.003 0.009 0.131 0.837 
 556 E _   0.008 0.005 0.000 0.008 0.003 0.011 0.130 0.834 
 557 V _   0.008 0.006 0.000 0.009 0.004 0.012 0.129 0.832 
 558 P _   0.009 0.006 0.000 0.010 0.004 0.013 0.128 0.829 
 559 A _   0.009 0.007 0.001 0.011 0.005 0.015 0.127 0.826 
 560 P _   0.010 0.008 0.001 0.012 0.006 0.017 0.126 0.821 
 561 P _   0.011 0.009 0.001 0.013 0.006 0.018 0.125 0.817 
 562 L _   0.012 0.010 0.001 0.013 0.007 0.020 0.124 0.813 
 563 L _   0.014 0.010 0.001 0.013 0.007 0.022 0.123 0.810 
 564 L _   0.015 0.010 0.001 0.013 0.008 0.024 0.122 0.807 
 565 Q _   0.017 0.011 0.001 0.012 0.008 0.025 0.122 0.805 
 566 W _   0.020 0.011 0.001 0.010 0.008 0.027 0.121 0.802 
 567 V _   0.023 0.011 0.001 0.010 0.009 0.030 0.120 0.796 
 568 K _   0.027 0.012 0.001 0.010 0.011 0.033 0.119 0.786 
 569 T _   0.033 0.013 0.001 0.011 0.014 0.037 0.119 0.772 
 570 D _   0.040 0.016 0.001 0.012 0.017 0.040 0.118 0.755 
 571 Q _   0.047 0.019 0.001 0.015 0.021 0.043 0.118 0.735 
 572 A _   0.053 0.023 0.002 0.019 0.024 0.045 0.118 0.715 
 573 L _   0.058 0.026 0.002 0.023 0.027 0.046 0.119 0.699 
 574 L _   0.062 0.028 0.002 0.026 0.028 0.046 0.120 0.687 
 575 M _   0.064 0.030 0.002 0.028 0.028 0.045 0.122 0.683 
 576 L _   0.063 0.029 0.002 0.027 0.027 0.042 0.124 0.685 
 577 F _   0.061 0.028 0.002 0.025 0.025 0.039 0.127 0.694 
 578 S _   0.058 0.025 0.001 0.022 0.021 0.036 0.130 0.707 
 579 D _   0.054 0.021 0.001 0.019 0.018 0.032 0.133 0.721 
 580 G _   0.049 0.017 0.001 0.016 0.015 0.029 0.136 0.736 
 581 T _   0.045 0.013 0.001 0.014 0.012 0.026 0.140 0.750 
 582 V _   0.040 0.009 0.001 0.011 0.009 0.022 0.144 0.763 
 583 Q _   0.034 0.006 0.001 0.009 0.007 0.019 0.147 0.775 
 584 V _   0.030 0.004 0.001 0.008 0.006 0.017 0.151 0.785 
 585 N _   0.025 0.002 0.001 0.006 0.004 0.015 0.153 0.793 
 586 F _   0.022 0.001 0.000 0.005 0.004 0.013 0.155 0.800 
 587 Y _   0.019 0.001 0.000 0.004 0.003 0.012 0.157 0.804 
 588 G _   0.017 0.000 0.000 0.003 0.003 0.012 0.158 0.806 
 589 D _   0.017 0.000 0.000 0.003 0.003 0.013 0.158 0.806 
 590 H _   0.019 0.000 0.000 0.003 0.003 0.015 0.159 0.802 
 591 T _   0.023 0.000 0.000 0.003 0.003 0.017 0.159 0.795 
 592 K _   0.029 0.000 0.000 0.003 0.005 0.021 0.159 0.783 
 593 L _   0.038 0.000 0.001 0.004 0.007 0.026 0.158 0.766 
 594 I _   0.049 0.001 0.001 0.006 0.010 0.033 0.158 0.743 
 595 L _   0.062 0.002 0.001 0.008 0.015 0.040 0.157 0.716 
 596 S _   0.076 0.003 0.001 0.010 0.021 0.046 0.157 0.685 
 597 G _   0.091 0.004 0.002 0.013 0.027 0.052 0.157 0.654 
 598 W _   0.104 0.006 0.002 0.016 0.033 0.057 0.157 0.624 
 599 E _   0.116 0.007 0.002 0.018 0.038 0.061 0.159 0.600 
 600 P _   0.125 0.008 0.002 0.020 0.041 0.062 0.161 0.581 
 601 L _   0.131 0.008 0.002 0.021 0.042 0.062 0.164 0.570 
 602 L _   0.134 0.008 0.002 0.020 0.040 0.061 0.168 0.567 
 603 V _   0.133 0.008 0.002 0.019 0.037 0.058 0.172 0.571 
 604 T _   0.129 0.006 0.002 0.016 0.032 0.055 0.178 0.583 
 605 F _   0.122 0.005 0.002 0.013 0.026 0.051 0.184 0.599 
 606 V _   0.113 0.003 0.001 0.010 0.020 0.047 0.190 0.616 
 607 A _   0.103 0.002 0.001 0.007 0.016 0.044 0.195 0.632 
 608 R _   0.093 0.001 0.001 0.006 0.013 0.041 0.201 0.644 
 609 N _   0.085 0.001 0.001 0.004 0.011 0.039 0.206 0.653 
 610 R _   0.079 0.001 0.001 0.004 0.010 0.038 0.210 0.656 
 611 S _   0.075 0.002 0.001 0.005 0.011 0.038 0.215 0.653 
 612 A _   0.072 0.003 0.001 0.006 0.012 0.039 0.220 0.646 
 613 C _   0.070 0.006 0.001 0.009 0.015 0.040 0.225 0.634 
 614 T _   0.067 0.010 0.001 0.013 0.018 0.040 0.231 0.619 
 615 Y _   0.063 0.016 0.001 0.019 0.021 0.040 0.237 0.603 
 616 L _   0.059 0.022 0.002 0.025 0.023 0.039 0.244 0.587 
 617 A _   0.054 0.026 0.002 0.029 0.023 0.038 0.253 0.575 
 618 S _   0.049 0.029 0.002 0.032 0.023 0.035 0.262 0.569 
 619 H _   0.043 0.029 0.002 0.032 0.021 0.032 0.273 0.567 
 620 L _   0.038 0.028 0.001 0.030 0.018 0.029 0.285 0.571 
 621 R _   0.032 0.026 0.001 0.025 0.015 0.025 0.299 0.577 
 622 Q _   0.027 0.022 0.001 0.020 0.011 0.021 0.312 0.585 
 623 L _   0.023 0.018 0.001 0.014 0.008 0.018 0.326 0.592 
 624 G _   0.018 0.014 0.001 0.010 0.006 0.016 0.339 0.597 
 625 C _   0.015 0.011 0.000 0.007 0.004 0.014 0.350 0.599 
 626 S _   0.013 0.010 0.000 0.005 0.003 0.013 0.360 0.597 
 627 P _   0.012 0.010 0.000 0.004 0.003 0.013 0.368 0.590 
 628 D _   0.012 0.011 0.000 0.005 0.003 0.014 0.376 0.580 
 629 L _   0.013 0.013 0.000 0.006 0.004 0.015 0.383 0.565 
 630 R _   0.014 0.019 0.001 0.010 0.006 0.018 0.390 0.543 
 631 Q _   0.015 0.029 0.001 0.016 0.008 0.021 0.397 0.513 
 632 R _   0.016 0.043 0.001 0.026 0.011 0.023 0.405 0.475 
 633 L _   0.017 0.058 0.001 0.037 0.014 0.025 0.413 0.435 
 634 R X   0.017 0.069 0.001 0.047 0.016 0.025 0.424 0.401 
 635 Y X   0.017 0.076 0.001 0.054 0.017 0.025 0.436 0.374 
 636 A X   0.016 0.079 0.001 0.057 0.016 0.024 0.452 0.355 
 637 L X   0.014 0.079 0.001 0.055 0.015 0.021 0.470 0.345 
 638 R X   0.012 0.075 0.001 0.048 0.013 0.018 0.491 0.342 
 639 L X   0.010 0.067 0.001 0.039 0.010 0.015 0.513 0.345 
 640 L X   0.008 0.056 0.001 0.029 0.007 0.011 0.538 0.351 
 641 R X   0.005 0.040 0.001 0.019 0.005 0.007 0.564 0.359 
 642 D X   0.003 0.024 0.000 0.010 0.002 0.004 0.589 0.368 
 643 R X   0.001 0.010 0.000 0.004 0.000 0.001 0.605 0.378 
 644 S X   0.000 0.004 0.000 0.001 0.000 0.000 0.610 0.384 
 645 P X   0.000 0.003 0.000 0.002 0.000 0.000 0.609 0.386 
 646 A X   0.002 0.003 0.001 0.007 0.002 0.002 0.599 0.384 
