#TopoPred_TM8: 8-state transmembrane topology prediction results by no_profile mode 
#probabilities are in the order of H E C I L F X _, the 8 transmembrane topology types used in PDBTM 
   1 M X   0.004 0.000 0.001 0.021 0.005 0.004 0.935 0.030 
   2 D X   0.001 0.000 0.000 0.007 0.001 0.001 0.959 0.031 
   3 D X   0.000 0.000 0.000 0.002 0.000 0.000 0.966 0.031 
   4 K X   0.000 0.000 0.000 0.001 0.000 0.000 0.967 0.031 
   5 D X   0.000 0.000 0.000 0.001 0.000 0.000 0.967 0.031 
   6 I X   0.000 0.000 0.000 0.001 0.000 0.001 0.966 0.031 
   7 D X   0.000 0.001 0.000 0.002 0.000 0.001 0.965 0.031 
   8 K X   0.000 0.001 0.000 0.003 0.000 0.001 0.962 0.032 
   9 E X   0.001 0.002 0.000 0.004 0.001 0.002 0.959 0.032 
  10 L X   0.001 0.003 0.000 0.005 0.001 0.002 0.956 0.033 
  11 R X   0.001 0.003 0.000 0.006 0.001 0.002 0.953 0.034 
  12 Q X   0.001 0.004 0.000 0.007 0.001 0.002 0.950 0.035 
  13 K X   0.001 0.005 0.000 0.007 0.001 0.002 0.948 0.036 
  14 L X   0.001 0.005 0.000 0.007 0.001 0.002 0.946 0.038 
  15 N X   0.001 0.005 0.000 0.006 0.001 0.002 0.946 0.039 
  16 F X   0.001 0.005 0.000 0.006 0.001 0.002 0.946 0.040 
  17 S X   0.001 0.005 0.000 0.005 0.001 0.002 0.946 0.041 
  18 Y X   0.001 0.004 0.000 0.004 0.001 0.002 0.947 0.041 
  19 C X   0.001 0.004 0.000 0.004 0.001 0.002 0.948 0.041 
  20 E X   0.001 0.003 0.000 0.003 0.001 0.002 0.949 0.041 
  21 E X   0.001 0.003 0.000 0.003 0.001 0.001 0.950 0.041 
  22 T X   0.001 0.003 0.000 0.003 0.001 0.001 0.951 0.041 
  23 E X   0.001 0.002 0.000 0.002 0.001 0.001 0.952 0.041 
  24 I X   0.001 0.002 0.000 0.002 0.001 0.001 0.953 0.040 
  25 E X   0.001 0.002 0.000 0.002 0.000 0.001 0.954 0.040 
  26 G X   0.001 0.001 0.000 0.002 0.000 0.001 0.955 0.040 
  27 Q X   0.000 0.001 0.000 0.001 0.000 0.001 0.956 0.039 
  28 K X   0.000 0.001 0.000 0.001 0.000 0.001 0.957 0.039 
  29 K X   0.000 0.001 0.000 0.001 0.000 0.001 0.958 0.038 
  30 V X   0.000 0.001 0.000 0.001 0.000 0.001 0.959 0.038 
  31 E X   0.000 0.001 0.000 0.001 0.000 0.001 0.959 0.037 
  32 E X   0.000 0.001 0.000 0.001 0.000 0.001 0.960 0.037 
  33 S X   0.000 0.000 0.000 0.001 0.000 0.001 0.960 0.036 
  34 R X   0.000 0.000 0.000 0.001 0.000 0.001 0.961 0.036 
  35 E X   0.000 0.000 0.000 0.001 0.000 0.001 0.961 0.036 
  36 A X   0.000 0.000 0.000 0.001 0.000 0.001 0.961 0.036 
  37 S X   0.000 0.000 0.000 0.001 0.000 0.001 0.961 0.036 
  38 S X   0.000 0.000 0.000 0.001 0.000 0.001 0.961 0.036 
  39 Q X   0.000 0.000 0.000 0.001 0.000 0.001 0.961 0.036 
  40 T X   0.000 0.000 0.000 0.001 0.000 0.001 0.961 0.036 
  41 P X   0.000 0.000 0.000 0.001 0.000 0.001 0.961 0.037 
  42 E X   0.000 0.000 0.000 0.001 0.000 0.001 0.960 0.037 
  43 K X   0.000 0.000 0.000 0.001 0.000 0.001 0.959 0.038 
  44 G X   0.000 0.000 0.000 0.001 0.000 0.001 0.958 0.039 
  45 E X   0.000 0.000 0.000 0.001 0.000 0.001 0.957 0.041 
  46 V X   0.000 0.000 0.000 0.001 0.000 0.001 0.955 0.043 
  47 Q X   0.000 0.000 0.000 0.001 0.000 0.001 0.953 0.044 
  48 D X   0.000 0.000 0.000 0.001 0.000 0.001 0.950 0.047 
  49 S X   0.000 0.001 0.000 0.001 0.000 0.001 0.947 0.049 
  50 E X   0.000 0.001 0.000 0.001 0.000 0.001 0.944 0.052 
  51 A X   0.000 0.001 0.000 0.002 0.000 0.001 0.941 0.055 
  52 K X   0.000 0.001 0.000 0.002 0.001 0.001 0.936 0.057 
  53 G X   0.001 0.002 0.000 0.003 0.001 0.002 0.932 0.060 
  54 T X   0.001 0.003 0.000 0.004 0.001 0.002 0.928 0.063 
  55 P X   0.001 0.004 0.000 0.005 0.001 0.002 0.923 0.065 
  56 P X   0.001 0.004 0.000 0.006 0.001 0.002 0.918 0.067 
  57 W X   0.001 0.005 0.000 0.007 0.001 0.003 0.914 0.069 
  58 T X   0.001 0.006 0.000 0.008 0.001 0.003 0.911 0.071 
  59 P X   0.001 0.006 0.000 0.008 0.001 0.003 0.908 0.073 
  60 L X   0.001 0.007 0.000 0.008 0.001 0.003 0.905 0.074 
  61 S X   0.001 0.007 0.000 0.008 0.001 0.003 0.904 0.076 
  62 N X   0.001 0.006 0.000 0.008 0.001 0.003 0.903 0.078 
  63 V X   0.001 0.006 0.000 0.007 0.001 0.002 0.902 0.080 
  64 H X   0.001 0.006 0.000 0.006 0.001 0.002 0.902 0.082 
  65 E X   0.001 0.005 0.000 0.005 0.001 0.002 0.902 0.084 
  66 L X   0.001 0.004 0.000 0.004 0.001 0.002 0.903 0.086 
  67 D X   0.001 0.003 0.000 0.003 0.001 0.001 0.903 0.088 
  68 T X   0.001 0.002 0.000 0.002 0.000 0.001 0.903 0.090 
  69 S X   0.001 0.002 0.000 0.002 0.000 0.001 0.902 0.092 
  70 S X   0.001 0.001 0.000 0.001 0.000 0.001 0.901 0.095 
  71 E X   0.001 0.001 0.000 0.001 0.000 0.001 0.899 0.097 
  72 K X   0.001 0.001 0.000 0.001 0.000 0.001 0.896 0.100 
  73 D X   0.001 0.001 0.000 0.001 0.000 0.001 0.893 0.102 
  74 K X   0.001 0.002 0.000 0.001 0.000 0.001 0.889 0.105 
  75 E X   0.001 0.002 0.000 0.002 0.001 0.002 0.884 0.108 
  76 S X   0.001 0.004 0.000 0.003 0.001 0.003 0.878 0.111 
  77 P X   0.001 0.006 0.000 0.005 0.002 0.004 0.870 0.112 
  78 D X   0.002 0.010 0.000 0.008 0.002 0.004 0.862 0.112 
  79 Q X   0.002 0.014 0.000 0.011 0.003 0.005 0.853 0.112 
  80 I X   0.002 0.017 0.000 0.014 0.003 0.006 0.845 0.112 
  81 L X   0.002 0.020 0.000 0.016 0.004 0.006 0.839 0.113 
  82 R X   0.002 0.021 0.000 0.017 0.004 0.006 0.835 0.115 
  83 T X   0.002 0.022 0.000 0.017 0.004 0.006 0.831 0.118 
  84 P X   0.002 0.021 0.000 0.016 0.003 0.006 0.829 0.122 
  85 V X   0.002 0.020 0.000 0.014 0.003 0.005 0.828 0.126 
  86 S X   0.002 0.019 0.000 0.012 0.003 0.005 0.828 0.131 
  87 H X   0.002 0.017 0.000 0.010 0.002 0.004 0.829 0.136 
  88 P X   0.002 0.014 0.000 0.008 0.002 0.004 0.830 0.140 
  89 L X   0.002 0.011 0.000 0.006 0.002 0.003 0.831 0.144 
  90 K X   0.002 0.009 0.000 0.005 0.001 0.003 0.832 0.148 
  91 C X   0.002 0.007 0.000 0.004 0.001 0.003 0.832 0.151 
  92 P X   0.002 0.005 0.000 0.003 0.001 0.002 0.832 0.154 
  93 E X   0.002 0.004 0.000 0.003 0.001 0.002 0.832 0.157 
  94 T X   0.002 0.003 0.000 0.002 0.001 0.002 0.831 0.160 
  95 P X   0.002 0.002 0.000 0.002 0.001 0.002 0.829 0.163 
  96 A X   0.001 0.002 0.000 0.002 0.001 0.002 0.826 0.166 
  97 Q X   0.001 0.002 0.000 0.002 0.001 0.002 0.823 0.169 
  98 P X   0.001 0.002 0.000 0.002 0.001 0.002 0.820 0.173 
  99 D X   0.001 0.002 0.000 0.002 0.001 0.002 0.815 0.177 
 100 S X   0.001 0.002 0.000 0.003 0.001 0.002 0.810 0.181 
 101 R X   0.001 0.002 0.000 0.004 0.001 0.003 0.804 0.185 
 102 S X   0.002 0.002 0.000 0.004 0.001 0.003 0.798 0.190 
 103 K X   0.002 0.003 0.000 0.005 0.001 0.003 0.792 0.195 
 104 L X   0.002 0.003 0.000 0.005 0.001 0.003 0.785 0.200 
 105 L X   0.002 0.004 0.000 0.005 0.001 0.003 0.778 0.206 
 106 P X   0.002 0.004 0.000 0.005 0.001 0.004 0.770 0.214 
 107 S X   0.002 0.005 0.000 0.004 0.001 0.004 0.763 0.221 
 108 D X   0.002 0.005 0.000 0.004 0.001 0.004 0.755 0.229 
 109 S X   0.002 0.006 0.000 0.004 0.001 0.005 0.745 0.236 
 110 P X   0.002 0.008 0.000 0.004 0.002 0.006 0.735 0.243 
 111 S X   0.003 0.010 0.000 0.005 0.002 0.008 0.724 0.247 
 112 T X   0.004 0.016 0.000 0.007 0.004 0.011 0.710 0.247 
 113 P X   0.006 0.028 0.001 0.011 0.007 0.014 0.692 0.241 
 114 K X   0.007 0.049 0.001 0.017 0.010 0.018 0.670 0.227 
 115 T X   0.008 0.081 0.002 0.025 0.014 0.020 0.646 0.204 
 116 M X   0.009 0.114 0.002 0.033 0.016 0.021 0.625 0.180 
 117 L X   0.009 0.141 0.001 0.040 0.017 0.021 0.608 0.162 
 118 S X   0.009 0.159 0.001 0.045 0.017 0.020 0.596 0.152 
 119 R X   0.009 0.168 0.001 0.048 0.016 0.019 0.588 0.149 
 120 L X   0.009 0.172 0.001 0.049 0.015 0.018 0.583 0.152 
 121 V X   0.009 0.171 0.001 0.047 0.014 0.017 0.581 0.160 
 122 I X   0.009 0.165 0.001 0.043 0.012 0.015 0.581 0.174 
 123 S X   0.009 0.153 0.001 0.036 0.010 0.013 0.582 0.195 
 124 P X   0.009 0.133 0.001 0.029 0.009 0.012 0.586 0.222 
 125 T X   0.009 0.104 0.001 0.022 0.007 0.010 0.591 0.257 
 126 G X   0.008 0.072 0.001 0.015 0.005 0.009 0.596 0.294 
 127 K X   0.007 0.045 0.001 0.010 0.003 0.007 0.601 0.326 
 128 L X   0.006 0.026 0.000 0.006 0.002 0.006 0.603 0.350 
 129 P X   0.005 0.016 0.000 0.004 0.001 0.005 0.604 0.364 
 130 S X   0.004 0.011 0.000 0.003 0.001 0.004 0.604 0.373 
 131 R X   0.004 0.009 0.000 0.002 0.001 0.004 0.602 0.379 
 132 G X   0.003 0.008 0.000 0.002 0.001 0.004 0.600 0.382 
 133 P X   0.003 0.008 0.000 0.003 0.001 0.004 0.596 0.385 
 134 K X   0.003 0.008 0.000 0.004 0.001 0.004 0.591 0.388 
 135 H X   0.003 0.009 0.000 0.005 0.002 0.005 0.586 0.390 
 136 L X   0.003 0.011 0.000 0.006 0.002 0.005 0.579 0.393 
 137 K X   0.003 0.013 0.000 0.008 0.002 0.006 0.572 0.396 
 138 L X   0.003 0.015 0.000 0.009 0.002 0.006 0.564 0.401 
 139 T X   0.003 0.017 0.000 0.009 0.002 0.006 0.557 0.406 
 140 P X   0.003 0.018 0.000 0.008 0.002 0.006 0.549 0.412 
 141 A X   0.003 0.020 0.000 0.008 0.002 0.007 0.541 0.418 
 142 P X   0.003 0.023 0.000 0.008 0.002 0.007 0.533 0.423 
 143 L X   0.003 0.025 0.000 0.008 0.003 0.008 0.525 0.427 
 144 K X   0.004 0.030 0.000 0.009 0.003 0.010 0.516 0.428 
 145 D X   0.005 0.036 0.001 0.011 0.005 0.012 0.507 0.425 
 146 E X   0.006 0.045 0.001 0.014 0.006 0.014 0.497 0.418 
 147 M X   0.007 0.057 0.001 0.019 0.008 0.016 0.486 0.406 
 148 T X   0.008 0.071 0.001 0.025 0.011 0.017 0.475 0.392 
 149 S X   0.009 0.083 0.001 0.031 0.012 0.018 0.466 0.379 
 150 L X   0.009 0.092 0.001 0.036 0.013 0.019 0.459 0.371 
 151 A X   0.010 0.097 0.001 0.039 0.013 0.019 0.454 0.368 
 152 L X   0.010 0.099 0.001 0.039 0.013 0.018 0.450 0.370 
 153 V X   0.010 0.097 0.001 0.036 0.012 0.017 0.447 0.379 
 154 N X   0.010 0.092 0.001 0.031 0.010 0.015 0.446 0.394 
 155 I X   0.010 0.084 0.001 0.025 0.009 0.014 0.446 0.412 
 156 N X   0.009 0.073 0.001 0.018 0.007 0.013 0.447 0.433 
 157 P _   0.009 0.061 0.001 0.013 0.005 0.012 0.447 0.452 
 158 F _   0.009 0.050 0.001 0.009 0.004 0.011 0.448 0.469 
 159 T _   0.008 0.043 0.000 0.007 0.003 0.010 0.449 0.480 
 160 P _   0.007 0.039 0.000 0.006 0.003 0.010 0.448 0.487 
 161 E _   0.007 0.037 0.000 0.006 0.003 0.009 0.448 0.490 
 162 S _   0.007 0.037 0.000 0.006 0.003 0.010 0.447 0.490 
 163 Y _   0.007 0.038 0.000 0.008 0.004 0.010 0.446 0.487 
 164 K _   0.007 0.040 0.000 0.011 0.004 0.010 0.444 0.482 
 165 K _   0.007 0.043 0.001 0.015 0.005 0.011 0.443 0.476 
 166 L _   0.007 0.045 0.001 0.018 0.005 0.011 0.442 0.472 
 167 F _   0.007 0.046 0.001 0.020 0.006 0.010 0.442 0.469 
 168 L _   0.006 0.046 0.001 0.021 0.006 0.010 0.442 0.468 
 169 Q _   0.006 0.044 0.001 0.021 0.005 0.009 0.443 0.471 
 170 S _   0.006 0.041 0.001 0.019 0.005 0.008 0.446 0.475 
 171 G _   0.005 0.036 0.001 0.016 0.004 0.008 0.449 0.482 
 172 G _   0.005 0.030 0.000 0.013 0.003 0.007 0.452 0.489 
 173 K _   0.005 0.024 0.000 0.010 0.003 0.006 0.455 0.497 
 174 R _   0.005 0.018 0.000 0.008 0.002 0.005 0.458 0.503 
 175 K _   0.005 0.013 0.000 0.006 0.002 0.005 0.461 0.508 
 176 I _   0.004 0.010 0.000 0.005 0.001 0.004 0.463 0.511 
 177 R _   0.004 0.008 0.000 0.005 0.001 0.004 0.464 0.513 
 178 G _   0.004 0.007 0.000 0.005 0.001 0.004 0.464 0.515 
 179 D _   0.004 0.006 0.000 0.005 0.001 0.004 0.463 0.516 
 180 L _   0.004 0.006 0.000 0.005 0.001 0.004 0.462 0.518 
 181 E _   0.004 0.005 0.000 0.005 0.001 0.004 0.460 0.520 
 182 E _   0.004 0.005 0.000 0.005 0.001 0.004 0.457 0.524 
 183 A _   0.004 0.005 0.000 0.005 0.001 0.004 0.452 0.528 
 184 G _   0.003 0.005 0.000 0.005 0.001 0.004 0.447 0.534 
 185 P _   0.003 0.006 0.000 0.004 0.001 0.004 0.441 0.540 
 186 E _   0.003 0.007 0.000 0.004 0.001 0.005 0.433 0.547 
 187 E _   0.003 0.008 0.000 0.005 0.001 0.005 0.424 0.554 
 188 G _   0.003 0.010 0.000 0.005 0.002 0.006 0.413 0.560 
 189 K _   0.004 0.015 0.000 0.007 0.002 0.008 0.400 0.565 
 190 G _   0.004 0.022 0.000 0.010 0.003 0.010 0.384 0.567 
 191 G _   0.005 0.035 0.001 0.015 0.005 0.012 0.364 0.563 
 192 L _   0.006 0.054 0.001 0.022 0.007 0.015 0.342 0.554 
 193 P _   0.007 0.079 0.001 0.031 0.009 0.018 0.318 0.538 
 194 A _   0.007 0.105 0.001 0.041 0.011 0.020 0.295 0.521 
 195 K _   0.007 0.127 0.001 0.050 0.013 0.021 0.274 0.506 
 196 R _   0.007 0.142 0.001 0.058 0.014 0.021 0.257 0.499 
 197 C _   0.007 0.150 0.001 0.062 0.014 0.021 0.244 0.500 
 198 V _   0.007 0.153 0.001 0.063 0.014 0.020 0.234 0.507 
 199 L _   0.007 0.151 0.001 0.060 0.013 0.019 0.226 0.523 
 200 R _   0.007 0.144 0.001 0.053 0.012 0.018 0.219 0.546 
 201 E _   0.007 0.132 0.001 0.044 0.010 0.016 0.214 0.575 
 202 T _   0.007 0.112 0.001 0.034 0.009 0.015 0.210 0.612 
 203 N _   0.007 0.088 0.001 0.025 0.007 0.013 0.207 0.651 
 204 M _   0.007 0.064 0.001 0.018 0.006 0.012 0.204 0.688 
 205 A _   0.007 0.045 0.001 0.012 0.004 0.011 0.201 0.719 
 206 S _   0.007 0.031 0.000 0.009 0.004 0.011 0.197 0.741 
 207 R _   0.007 0.023 0.000 0.007 0.003 0.011 0.193 0.755 
 208 Y _   0.007 0.019 0.000 0.006 0.003 0.011 0.189 0.763 
 209 E _   0.008 0.016 0.000 0.007 0.003 0.012 0.185 0.768 
 210 K _   0.009 0.015 0.000 0.007 0.004 0.014 0.180 0.770 
 211 E _   0.010 0.015 0.001 0.009 0.005 0.016 0.175 0.771 
 212 F _   0.011 0.015 0.001 0.010 0.006 0.018 0.169 0.771 
 213 L _   0.013 0.015 0.001 0.012 0.007 0.020 0.163 0.770 
 214 E _   0.014 0.016 0.001 0.012 0.008 0.022 0.157 0.770 
 215 V _   0.017 0.016 0.001 0.013 0.009 0.025 0.151 0.769 
 216 E _   0.019 0.016 0.001 0.013 0.010 0.028 0.146 0.767 
 217 K _   0.023 0.017 0.001 0.013 0.011 0.031 0.140 0.764 
 218 I _   0.027 0.018 0.001 0.014 0.014 0.035 0.134 0.758 
 219 G _   0.032 0.019 0.001 0.015 0.016 0.039 0.129 0.749 
 220 V _   0.037 0.020 0.001 0.017 0.019 0.042 0.124 0.739 
 221 G _   0.043 0.022 0.001 0.020 0.022 0.046 0.120 0.727 
 222 E _   0.047 0.024 0.002 0.022 0.025 0.048 0.116 0.717 
 223 F _   0.050 0.025 0.002 0.025 0.026 0.049 0.112 0.711 
 224 G _   0.052 0.025 0.002 0.026 0.027 0.050 0.109 0.709 
 225 T _   0.053 0.025 0.002 0.025 0.026 0.049 0.107 0.714 
 226 V _   0.053 0.023 0.002 0.023 0.024 0.048 0.105 0.723 
 227 Y _   0.052 0.020 0.002 0.020 0.022 0.046 0.103 0.735 
 228 K _   0.051 0.017 0.001 0.016 0.019 0.045 0.102 0.749 
 229 C _   0.050 0.015 0.001 0.013 0.016 0.043 0.100 0.761 
 230 I _   0.050 0.013 0.001 0.010 0.014 0.041 0.099 0.771 
 231 K _   0.050 0.011 0.001 0.009 0.013 0.041 0.098 0.776 
 232 R _   0.051 0.011 0.001 0.008 0.013 0.040 0.098 0.778 
 233 L _   0.053 0.011 0.001 0.008 0.013 0.041 0.097 0.775 
 234 D _   0.054 0.013 0.001 0.009 0.015 0.041 0.096 0.770 
 235 G _   0.056 0.015 0.001 0.012 0.016 0.042 0.096 0.762 
 236 C _   0.057 0.019 0.001 0.015 0.018 0.042 0.095 0.753 
 237 V _   0.057 0.023 0.001 0.018 0.020 0.042 0.095 0.744 
 238 Y _   0.057 0.027 0.001 0.021 0.022 0.041 0.095 0.736 
 239 A _   0.056 0.030 0.002 0.024 0.022 0.040 0.095 0.732 
 240 I _   0.053 0.032 0.002 0.026 0.022 0.039 0.095 0.731 
 241 K _   0.050 0.034 0.001 0.027 0.021 0.036 0.096 0.735 
 242 R _   0.044 0.033 0.001 0.027 0.019 0.033 0.097 0.744 
 243 S _   0.039 0.032 0.001 0.027 0.017 0.030 0.098 0.756 
 244 M _   0.034 0.030 0.001 0.025 0.014 0.026 0.100 0.769 
 245 K _   0.028 0.027 0.001 0.023 0.012 0.023 0.102 0.784 
 246 T _   0.024 0.022 0.001 0.019 0.009 0.019 0.104 0.801 
 247 F _   0.019 0.017 0.001 0.015 0.007 0.016 0.106 0.818 
 248 T _   0.015 0.012 0.001 0.012 0.005 0.014 0.108 0.834 
 249 E _   0.012 0.007 0.000 0.008 0.004 0.011 0.110 0.847 
 250 L _   0.010 0.004 0.000 0.005 0.003 0.010 0.110 0.857 
 251 S _   0.009 0.002 0.000 0.004 0.002 0.009 0.111 0.863 
 252 N _   0.009 0.001 0.000 0.003 0.002 0.009 0.111 0.865 
 253 E _   0.011 0.001 0.000 0.002 0.002 0.011 0.110 0.863 
 254 N _   0.014 0.001 0.000 0.002 0.002 0.013 0.109 0.857 
 255 S _   0.020 0.001 0.000 0.003 0.004 0.018 0.108 0.846 
 256 A _   0.030 0.002 0.001 0.005 0.006 0.024 0.107 0.826 
 257 L _   0.042 0.004 0.001 0.008 0.010 0.032 0.105 0.798 
 258 H _   0.055 0.008 0.001 0.012 0.017 0.041 0.103 0.763 
 259 E _   0.067 0.014 0.002 0.019 0.024 0.048 0.101 0.725 
 260 V _   0.078 0.021 0.002 0.025 0.031 0.054 0.100 0.689 
 261 Y _   0.088 0.028 0.002 0.030 0.036 0.058 0.098 0.660 
 262 A _   0.094 0.032 0.002 0.034 0.039 0.059 0.098 0.642 
 263 H _   0.099 0.034 0.002 0.034 0.039 0.059 0.098 0.635 
 264 A _   0.100 0.034 0.002 0.031 0.038 0.058 0.099 0.638 
 265 V _   0.098 0.033 0.002 0.027 0.035 0.054 0.100 0.650 
 266 L _   0.093 0.030 0.002 0.023 0.030 0.051 0.102 0.669 
 267 G _   0.086 0.027 0.002 0.019 0.025 0.047 0.104 0.690 
 268 H _   0.078 0.023 0.001 0.017 0.021 0.042 0.107 0.711 
 269 H _   0.069 0.021 0.001 0.015 0.018 0.038 0.109 0.729 
 270 P _   0.060 0.019 0.001 0.014 0.015 0.034 0.112 0.744 
 271 H _   0.052 0.017 0.001 0.014 0.013 0.031 0.114 0.758 
 272 V _   0.044 0.016 0.001 0.015 0.011 0.027 0.117 0.769 
 273 V _   0.037 0.015 0.001 0.015 0.009 0.024 0.119 0.780 
 274 R _   0.030 0.014 0.001 0.015 0.008 0.020 0.121 0.790 
 275 Y _   0.024 0.013 0.001 0.013 0.007 0.017 0.123 0.802 
 276 Y _   0.018 0.011 0.001 0.011 0.005 0.014 0.125 0.814 
 277 S _   0.014 0.010 0.001 0.009 0.004 0.012 0.127 0.824 
 278 S _   0.011 0.009 0.000 0.007 0.003 0.010 0.127 0.832 
 279 W _   0.009 0.008 0.000 0.006 0.003 0.008 0.128 0.838 
 280 A _   0.007 0.008 0.000 0.005 0.002 0.008 0.128 0.841 
 281 E _   0.007 0.009 0.000 0.005 0.002 0.008 0.128 0.841 
 282 D _   0.006 0.011 0.000 0.006 0.003 0.008 0.128 0.838 
 283 D _   0.006 0.014 0.000 0.007 0.003 0.008 0.127 0.834 
 284 H _   0.007 0.018 0.000 0.009 0.003 0.009 0.127 0.827 
 285 M _   0.007 0.024 0.001 0.012 0.004 0.009 0.126 0.818 
 286 I _   0.007 0.030 0.001 0.014 0.005 0.010 0.125 0.810 
 287 I _   0.007 0.036 0.001 0.015 0.005 0.010 0.124 0.802 
 288 Q _   0.007 0.042 0.001 0.015 0.005 0.011 0.123 0.797 
 289 N _   0.007 0.047 0.001 0.015 0.005 0.011 0.122 0.793 
 290 E _   0.007 0.051 0.001 0.015 0.005 0.011 0.121 0.789 
 291 Y _   0.007 0.056 0.001 0.015 0.005 0.012 0.121 0.785 
 292 C _   0.007 0.061 0.001 0.016 0.005 0.012 0.120 0.778 
 293 N _   0.007 0.068 0.001 0.018 0.006 0.013 0.119 0.767 
 294 G _   0.008 0.078 0.001 0.022 0.007 0.015 0.118 0.752 
 295 G _   0.008 0.088 0.001 0.028 0.008 0.016 0.117 0.734 
 296 S _   0.009 0.098 0.001 0.034 0.010 0.016 0.117 0.715 
 297 L _   0.009 0.105 0.001 0.041 0.011 0.017 0.117 0.699 
 298 Q _   0.010 0.109 0.001 0.045 0.011 0.017 0.118 0.690 
 299 A _   0.010 0.109 0.001 0.046 0.011 0.016 0.119 0.688 
 300 A _   0.009 0.106 0.001 0.044 0.010 0.015 0.122 0.693 
 301 I _   0.009 0.099 0.001 0.040 0.009 0.014 0.125 0.705 
 302 S _   0.008 0.086 0.001 0.033 0.007 0.012 0.129 0.724 
 303 E _   0.008 0.069 0.001 0.025 0.006 0.011 0.133 0.748 
 304 N _   0.008 0.050 0.001 0.018 0.004 0.009 0.137 0.773 
 305 T _   0.007 0.032 0.000 0.012 0.003 0.008 0.141 0.795 
 306 K _   0.006 0.020 0.000 0.008 0.002 0.007 0.145 0.812 
 307 S _   0.005 0.011 0.000 0.006 0.002 0.006 0.147 0.822 
 308 G _   0.005 0.007 0.000 0.004 0.001 0.006 0.148 0.829 
 309 N _   0.004 0.004 0.000 0.003 0.001 0.006 0.149 0.832 
 310 H _   0.004 0.003 0.000 0.003 0.001 0.006 0.148 0.833 
 311 F _   0.005 0.003 0.000 0.003 0.001 0.008 0.147 0.833 
 312 E _   0.006 0.003 0.000 0.003 0.002 0.010 0.145 0.831 
 313 E _   0.008 0.004 0.000 0.004 0.002 0.014 0.143 0.826 
 314 P _   0.012 0.006 0.000 0.005 0.004 0.019 0.139 0.815 
 315 K _   0.018 0.010 0.001 0.008 0.006 0.027 0.135 0.797 
 316 L _   0.026 0.019 0.001 0.012 0.012 0.036 0.129 0.766 
 317 K _   0.037 0.036 0.002 0.017 0.020 0.048 0.121 0.719 
 318 D _   0.049 0.061 0.002 0.025 0.032 0.058 0.113 0.658 
 319 I _   0.062 0.092 0.003 0.034 0.043 0.067 0.106 0.593 
 320 L _   0.072 0.121 0.003 0.044 0.052 0.072 0.100 0.537 
 321 L _   0.079 0.143 0.003 0.052 0.058 0.074 0.095 0.496 
 322 Q _   0.084 0.157 0.003 0.058 0.060 0.073 0.091 0.473 
 323 I _   0.087 0.163 0.003 0.061 0.060 0.071 0.089 0.467 
 324 S _   0.087 0.163 0.003 0.059 0.056 0.066 0.088 0.478 
 325 L _   0.084 0.156 0.003 0.054 0.051 0.061 0.087 0.504 
 326 G _   0.080 0.142 0.003 0.046 0.043 0.055 0.087 0.544 
 327 L _   0.073 0.120 0.002 0.037 0.035 0.048 0.088 0.597 
 328 N _   0.065 0.092 0.002 0.027 0.027 0.042 0.089 0.656 
 329 Y _   0.055 0.066 0.002 0.020 0.019 0.035 0.090 0.714 
 330 I _   0.045 0.044 0.001 0.014 0.013 0.030 0.091 0.762 
 331 H _   0.036 0.031 0.001 0.010 0.009 0.025 0.091 0.796 
 332 N _   0.029 0.024 0.001 0.009 0.007 0.022 0.092 0.818 
 333 S _   0.023 0.019 0.001 0.008 0.005 0.019 0.091 0.834 
 334 S _   0.019 0.016 0.001 0.007 0.005 0.016 0.091 0.844 
 335 M _   0.016 0.015 0.000 0.007 0.004 0.015 0.090 0.852 
 336 V _   0.014 0.014 0.000 0.007 0.004 0.014 0.090 0.857 
 337 H _   0.013 0.014 0.000 0.007 0.004 0.013 0.088 0.860 
 338 L _   0.012 0.015 0.000 0.007 0.004 0.013 0.087 0.862 
 339 D _   0.011 0.016 0.000 0.007 0.004 0.013 0.085 0.862 
 340 I _   0.011 0.018 0.001 0.008 0.005 0.014 0.084 0.860 
 341 K _   0.012 0.021 0.001 0.009 0.005 0.015 0.082 0.855 
 342 P _   0.012 0.026 0.001 0.012 0.007 0.016 0.080 0.846 
 343 S _   0.013 0.033 0.001 0.015 0.008 0.017 0.078 0.834 
 344 N _   0.014 0.041 0.001 0.019 0.009 0.019 0.076 0.820 
 345 I _   0.014 0.050 0.001 0.023 0.010 0.019 0.075 0.808 
 346 F _   0.014 0.056 0.001 0.026 0.011 0.019 0.073 0.799 
 347 I _   0.014 0.061 0.001 0.028 0.011 0.018 0.072 0.796 
 348 C _   0.013 0.063 0.001 0.026 0.010 0.017 0.071 0.798 
 349 H _   0.012 0.064 0.001 0.023 0.009 0.016 0.070 0.805 
 350 K _   0.011 0.063 0.001 0.019 0.007 0.014 0.069 0.815 
 351 M _   0.010 0.062 0.001 0.015 0.006 0.013 0.068 0.826 
 352 Q _   0.009 0.060 0.001 0.012 0.005 0.012 0.068 0.835 
 353 S _   0.008 0.059 0.000 0.010 0.004 0.011 0.067 0.840 
 354 E _   0.008 0.060 0.000 0.009 0.004 0.011 0.066 0.842 
 355 S _   0.008 0.063 0.000 0.009 0.004 0.011 0.065 0.840 
 356 S _   0.008 0.068 0.001 0.011 0.005 0.012 0.063 0.833 
 357 G _   0.009 0.075 0.001 0.013 0.005 0.012 0.062 0.822 
 358 V _   0.009 0.085 0.001 0.016 0.006 0.013 0.061 0.810 
 359 I _   0.009 0.094 0.001 0.018 0.007 0.014 0.059 0.798 
 360 E _   0.009 0.102 0.001 0.020 0.007 0.014 0.058 0.789 
 361 E _   0.009 0.107 0.001 0.021 0.007 0.014 0.057 0.784 
 362 V _   0.009 0.111 0.001 0.020 0.007 0.014 0.056 0.783 
 363 E _   0.008 0.114 0.001 0.018 0.006 0.014 0.055 0.784 
 364 N _   0.009 0.115 0.001 0.015 0.006 0.014 0.055 0.785 
 365 E _   0.009 0.117 0.001 0.013 0.006 0.015 0.054 0.786 
 366 A _   0.010 0.119 0.001 0.012 0.006 0.015 0.053 0.784 
 367 D _   0.010 0.123 0.001 0.012 0.006 0.016 0.053 0.779 
 368 W _   0.011 0.130 0.001 0.013 0.007 0.018 0.052 0.769 
 369 F _   0.012 0.139 0.001 0.015 0.008 0.019 0.051 0.755 
 370 L _   0.013 0.151 0.001 0.019 0.010 0.020 0.050 0.735 
 371 S _   0.015 0.165 0.001 0.023 0.012 0.022 0.050 0.713 
 372 A _   0.016 0.179 0.001 0.028 0.013 0.023 0.049 0.691 
 373 N _   0.017 0.190 0.001 0.033 0.014 0.023 0.049 0.673 
 374 V _   0.017 0.199 0.001 0.036 0.015 0.023 0.049 0.659 
 375 M _   0.018 0.203 0.001 0.039 0.015 0.023 0.050 0.652 
 376 Y _   0.018 0.203 0.001 0.040 0.015 0.022 0.051 0.652 
 377 K _   0.017 0.199 0.001 0.039 0.014 0.021 0.052 0.657 
 378 I _   0.017 0.192 0.001 0.037 0.013 0.019 0.054 0.668 
 379 G _   0.016 0.180 0.001 0.034 0.011 0.018 0.056 0.684 
 380 D _   0.015 0.163 0.001 0.030 0.010 0.016 0.059 0.706 
 381 L _   0.014 0.142 0.001 0.026 0.008 0.015 0.062 0.732 
 382 G _   0.014 0.119 0.001 0.022 0.007 0.013 0.065 0.760 
 383 H _   0.013 0.096 0.001 0.018 0.005 0.012 0.068 0.788 
 384 A _   0.011 0.075 0.001 0.014 0.004 0.010 0.071 0.814 
 385 T _   0.009 0.057 0.000 0.011 0.003 0.009 0.073 0.836 
 386 S _   0.008 0.045 0.000 0.009 0.003 0.008 0.075 0.853 
 387 I _   0.007 0.036 0.000 0.007 0.002 0.007 0.076 0.865 
 388 N _   0.006 0.031 0.000 0.006 0.002 0.006 0.076 0.873 
 389 K _   0.005 0.028 0.000 0.005 0.002 0.006 0.076 0.878 
 390 P _   0.005 0.026 0.000 0.005 0.001 0.006 0.076 0.882 
 391 K _   0.004 0.026 0.000 0.005 0.002 0.006 0.074 0.882 
 392 V _   0.004 0.028 0.000 0.006 0.002 0.006 0.073 0.881 
 393 E _   0.004 0.031 0.000 0.007 0.002 0.007 0.070 0.877 
 394 E _   0.005 0.038 0.000 0.009 0.003 0.009 0.067 0.870 
 395 G _   0.005 0.048 0.000 0.013 0.004 0.010 0.063 0.856 
 396 D _   0.006 0.062 0.001 0.019 0.005 0.012 0.059 0.837 
 397 S _   0.006 0.081 0.001 0.026 0.007 0.014 0.054 0.811 
 398 R _   0.007 0.101 0.001 0.035 0.009 0.016 0.049 0.782 
 399 F _   0.007 0.120 0.001 0.045 0.010 0.017 0.044 0.756 
 400 L _   0.008 0.133 0.001 0.054 0.012 0.018 0.040 0.734 
 401 A _   0.008 0.140 0.001 0.060 0.012 0.019 0.037 0.722 
 402 N _   0.009 0.142 0.001 0.062 0.013 0.018 0.035 0.720 
 403 E _   0.009 0.139 0.001 0.060 0.012 0.017 0.034 0.728 
 404 I _   0.010 0.130 0.001 0.053 0.011 0.016 0.033 0.746 
 405 L _   0.010 0.113 0.001 0.043 0.010 0.014 0.032 0.777 
 406 Q _   0.011 0.086 0.001 0.031 0.008 0.013 0.031 0.819 
 407 E _   0.013 0.054 0.001 0.020 0.006 0.011 0.031 0.865 
 408 D _   0.015 0.025 0.001 0.011 0.004 0.009 0.030 0.906 
 409 Y _   0.018 0.008 0.000 0.005 0.003 0.007 0.029 0.930 
 410 R _   0.024 0.002 0.000 0.002 0.002 0.006 0.027 0.936 
 411 H _   0.037 0.000 0.000 0.001 0.002 0.006 0.025 0.929 
 412 L _   0.065 0.000 0.000 0.001 0.002 0.006 0.023 0.903 
 413 P _   0.120 0.000 0.000 0.001 0.003 0.007 0.020 0.848 
 414 K _   0.213 0.000 0.001 0.001 0.004 0.009 0.016 0.755 
 415 A _   0.350 0.000 0.001 0.001 0.006 0.011 0.012 0.619 
 416 D H   0.503 0.000 0.001 0.001 0.009 0.012 0.009 0.465 
 417 I H   0.641 0.000 0.001 0.001 0.012 0.013 0.006 0.326 
 418 F H   0.753 0.000 0.001 0.001 0.014 0.013 0.004 0.214 
 419 A H   0.823 0.000 0.001 0.001 0.016 0.012 0.003 0.144 
 420 L H   0.867 0.000 0.001 0.001 0.017 0.011 0.002 0.100 
 421 G H   0.892 0.000 0.001 0.001 0.018 0.010 0.002 0.076 
 422 L H   0.901 0.000 0.001 0.001 0.019 0.009 0.002 0.067 
 423 T H   0.899 0.000 0.001 0.001 0.019 0.009 0.002 0.069 
 424 I H   0.885 0.000 0.001 0.001 0.020 0.009 0.003 0.081 
 425 A H   0.854 0.000 0.001 0.001 0.020 0.009 0.004 0.110 
 426 V H   0.803 0.000 0.002 0.001 0.020 0.009 0.005 0.159 
 427 A H   0.723 0.000 0.002 0.002 0.019 0.010 0.007 0.237 
 428 A H   0.615 0.000 0.002 0.002 0.016 0.010 0.011 0.345 
 429 G H   0.496 0.000 0.001 0.002 0.012 0.010 0.015 0.464 
 430 A _   0.377 0.000 0.001 0.002 0.009 0.010 0.020 0.582 
 431 E _   0.269 0.000 0.001 0.002 0.006 0.010 0.024 0.688 
 432 S _   0.184 0.000 0.001 0.002 0.005 0.009 0.029 0.771 
 433 L _   0.123 0.000 0.001 0.002 0.004 0.010 0.032 0.828 
 434 P _   0.083 0.000 0.000 0.003 0.004 0.010 0.036 0.864 
 435 T _   0.059 0.001 0.000 0.004 0.004 0.011 0.038 0.883 
 436 N _   0.043 0.002 0.001 0.007 0.004 0.012 0.041 0.890 
 437 G _   0.034 0.005 0.001 0.011 0.005 0.013 0.043 0.889 
 438 A _   0.027 0.009 0.001 0.016 0.006 0.014 0.045 0.882 
 439 A _   0.022 0.013 0.001 0.020 0.007 0.015 0.047 0.874 
 440 W _   0.019 0.017 0.001 0.024 0.008 0.015 0.049 0.869 
 441 H _   0.016 0.019 0.001 0.025 0.008 0.014 0.052 0.867 
 442 H _   0.013 0.020 0.001 0.023 0.007 0.013 0.054 0.869 
 443 I _   0.011 0.019 0.001 0.020 0.006 0.011 0.057 0.875 
 444 R _   0.010 0.018 0.001 0.016 0.005 0.010 0.060 0.882 
 445 K _   0.008 0.017 0.000 0.012 0.003 0.009 0.063 0.888 
 446 G _   0.007 0.016 0.000 0.008 0.003 0.008 0.065 0.893 
 447 N _   0.006 0.015 0.000 0.006 0.002 0.007 0.067 0.896 
 448 F _   0.006 0.015 0.000 0.005 0.002 0.007 0.069 0.896 
 449 P _   0.006 0.017 0.000 0.005 0.002 0.007 0.070 0.893 
 450 D _   0.006 0.020 0.000 0.006 0.002 0.008 0.071 0.887 
 451 V _   0.006 0.026 0.000 0.007 0.003 0.009 0.072 0.877 
 452 P _   0.007 0.036 0.000 0.010 0.004 0.011 0.072 0.861 
 453 Q _   0.007 0.052 0.001 0.013 0.005 0.012 0.072 0.839 
 454 E _   0.008 0.074 0.001 0.017 0.006 0.014 0.071 0.810 
 455 L _   0.008 0.099 0.001 0.022 0.007 0.015 0.070 0.778 
 456 S _   0.008 0.125 0.001 0.027 0.008 0.016 0.070 0.745 
 457 E _   0.008 0.148 0.001 0.032 0.010 0.017 0.070 0.715 
 458 S _   0.008 0.167 0.001 0.037 0.010 0.017 0.070 0.690 
 459 F _   0.008 0.181 0.001 0.042 0.011 0.018 0.070 0.669 
 460 S _   0.008 0.190 0.001 0.045 0.012 0.018 0.071 0.655 
 461 S _   0.009 0.195 0.001 0.047 0.012 0.017 0.073 0.646 
 462 L _   0.009 0.195 0.001 0.048 0.011 0.017 0.076 0.644 
 463 L _   0.009 0.191 0.001 0.046 0.011 0.016 0.079 0.647 
 464 K _   0.010 0.181 0.001 0.042 0.010 0.015 0.083 0.658 
 465 N _   0.010 0.164 0.001 0.036 0.009 0.014 0.089 0.678 
 466 M _   0.010 0.139 0.001 0.029 0.007 0.012 0.095 0.706 
 467 I _   0.009 0.110 0.001 0.022 0.006 0.011 0.102 0.740 
 468 Q _   0.009 0.081 0.001 0.015 0.004 0.009 0.108 0.774 
 469 P _   0.008 0.058 0.000 0.010 0.003 0.008 0.113 0.800 
 470 D _   0.007 0.044 0.000 0.006 0.002 0.007 0.116 0.817 
 471 A _   0.006 0.037 0.000 0.004 0.002 0.007 0.118 0.826 
 472 E _   0.005 0.034 0.000 0.003 0.001 0.007 0.120 0.828 
 473 Q _   0.005 0.035 0.000 0.004 0.002 0.008 0.121 0.826 
 474 R _   0.006 0.038 0.000 0.006 0.002 0.010 0.121 0.817 
 475 P _   0.007 0.046 0.000 0.009 0.004 0.012 0.121 0.800 
 476 S _   0.009 0.063 0.001 0.015 0.006 0.015 0.120 0.771 
 477 A _   0.010 0.089 0.001 0.024 0.009 0.018 0.118 0.732 
 478 A _   0.010 0.116 0.001 0.034 0.011 0.020 0.117 0.692 
 479 A _   0.011 0.138 0.001 0.043 0.013 0.021 0.116 0.659 
 480 L _   0.011 0.151 0.001 0.049 0.014 0.021 0.116 0.638 
 481 A _   0.011 0.157 0.001 0.051 0.014 0.021 0.117 0.628 
 482 R _   0.011 0.159 0.001 0.050 0.014 0.020 0.118 0.627 
 483 N _   0.011 0.155 0.001 0.046 0.013 0.019 0.121 0.634 
 484 T _   0.011 0.146 0.001 0.040 0.011 0.017 0.125 0.648 
 485 V _   0.011 0.132 0.001 0.032 0.010 0.016 0.130 0.668 
 486 L _   0.011 0.114 0.001 0.025 0.008 0.014 0.135 0.691 
 487 R _   0.011 0.095 0.001 0.019 0.007 0.013 0.140 0.715 
 488 P _   0.011 0.077 0.001 0.014 0.005 0.012 0.146 0.734 
 489 S _   0.010 0.064 0.001 0.011 0.004 0.011 0.151 0.748 
 490 L _   0.010 0.054 0.000 0.009 0.004 0.010 0.155 0.758 
 491 G _   0.009 0.047 0.000 0.008 0.003 0.010 0.158 0.764 
 492 K _   0.008 0.043 0.000 0.008 0.003 0.009 0.162 0.767 
 493 T _   0.008 0.040 0.000 0.008 0.003 0.009 0.164 0.768 
 494 E _   0.008 0.039 0.000 0.008 0.003 0.009 0.167 0.768 
 495 E _   0.007 0.038 0.000 0.008 0.003 0.008 0.168 0.767 
 496 L _   0.007 0.037 0.000 0.008 0.003 0.008 0.170 0.767 
 497 Q _   0.006 0.037 0.000 0.008 0.003 0.008 0.172 0.766 
 498 Q _   0.006 0.037 0.000 0.008 0.003 0.008 0.173 0.765 
 499 Q _   0.006 0.038 0.000 0.008 0.003 0.008 0.174 0.763 
 500 L _   0.006 0.039 0.000 0.008 0.003 0.009 0.175 0.760 
 501 N _   0.006 0.042 0.000 0.009 0.003 0.009 0.176 0.755 
 502 L _   0.006 0.045 0.000 0.010 0.004 0.010 0.176 0.749 
 503 E _   0.007 0.048 0.000 0.011 0.004 0.010 0.177 0.741 
 504 K _   0.007 0.053 0.001 0.013 0.005 0.011 0.178 0.733 
 505 F _   0.008 0.058 0.001 0.015 0.005 0.012 0.179 0.723 
 506 K _   0.008 0.063 0.001 0.017 0.006 0.013 0.180 0.712 
 507 T _   0.008 0.068 0.001 0.019 0.006 0.013 0.182 0.702 
 508 A _   0.008 0.072 0.001 0.022 0.007 0.013 0.184 0.693 
 509 T _   0.009 0.075 0.001 0.023 0.007 0.014 0.186 0.685 
 510 L _   0.009 0.077 0.001 0.024 0.007 0.014 0.189 0.679 
 511 E _   0.009 0.078 0.001 0.025 0.007 0.013 0.192 0.675 
 512 R _   0.009 0.076 0.001 0.024 0.007 0.013 0.196 0.674 
 513 E _   0.009 0.074 0.001 0.022 0.006 0.012 0.201 0.675 
 514 L _   0.009 0.070 0.001 0.020 0.006 0.012 0.205 0.678 
 515 R _   0.008 0.065 0.001 0.018 0.005 0.011 0.210 0.682 
 516 E _   0.008 0.060 0.001 0.016 0.005 0.010 0.216 0.686 
 517 A _   0.008 0.054 0.001 0.014 0.004 0.009 0.221 0.689 
 518 Q _   0.008 0.049 0.000 0.012 0.004 0.009 0.226 0.692 
 519 Q _   0.007 0.045 0.000 0.011 0.003 0.008 0.231 0.695 
 520 A _   0.007 0.041 0.000 0.010 0.003 0.007 0.236 0.696 
 521 Q _   0.006 0.038 0.000 0.009 0.003 0.007 0.240 0.697 
 522 S _   0.006 0.035 0.000 0.008 0.002 0.006 0.244 0.698 
 523 P _   0.005 0.034 0.000 0.007 0.002 0.006 0.247 0.698 
 524 Q _   0.005 0.033 0.000 0.007 0.002 0.006 0.250 0.697 
 525 G _   0.005 0.033 0.000 0.006 0.002 0.006 0.252 0.696 
 526 Y _   0.004 0.033 0.000 0.006 0.002 0.006 0.254 0.695 
 527 T _   0.004 0.035 0.000 0.006 0.002 0.006 0.255 0.692 
 528 H _   0.004 0.037 0.000 0.007 0.002 0.006 0.255 0.688 
 529 H _   0.004 0.041 0.000 0.008 0.002 0.006 0.255 0.682 
 530 G _   0.004 0.048 0.000 0.009 0.003 0.007 0.255 0.674 
 531 D _   0.004 0.057 0.000 0.011 0.003 0.007 0.255 0.662 
 532 T _   0.004 0.069 0.000 0.013 0.004 0.008 0.254 0.648 
 533 G _   0.004 0.082 0.001 0.015 0.004 0.008 0.253 0.633 
 534 V _   0.004 0.096 0.001 0.017 0.004 0.009 0.252 0.618 
 535 S _   0.004 0.109 0.001 0.018 0.004 0.009 0.251 0.604 
 536 G _   0.004 0.121 0.001 0.018 0.004 0.009 0.251 0.593 
 537 T _   0.004 0.130 0.001 0.018 0.004 0.009 0.251 0.584 
 538 H _   0.004 0.139 0.001 0.017 0.004 0.008 0.251 0.577 
 539 T _   0.004 0.147 0.000 0.016 0.004 0.008 0.251 0.570 
 540 G _   0.004 0.156 0.000 0.015 0.004 0.009 0.251 0.561 
 541 S _   0.004 0.166 0.000 0.015 0.004 0.009 0.252 0.550 
 542 R _   0.004 0.178 0.001 0.016 0.004 0.009 0.252 0.536 
 543 S _   0.004 0.193 0.001 0.018 0.005 0.010 0.253 0.517 
 544 T _   0.004 0.210 0.001 0.021 0.005 0.010 0.254 0.496 
 545 K _   0.004 0.227 0.001 0.024 0.006 0.010 0.255 0.473 
 546 R _   0.004 0.243 0.001 0.028 0.006 0.011 0.256 0.451 
 547 L _   0.004 0.255 0.001 0.030 0.006 0.011 0.259 0.434 
 548 V _   0.004 0.263 0.001 0.032 0.006 0.011 0.263 0.421 
 549 G _   0.004 0.267 0.001 0.032 0.006 0.010 0.267 0.413 
 550 G _   0.004 0.268 0.001 0.031 0.006 0.010 0.273 0.407 
 551 K _   0.004 0.265 0.001 0.030 0.006 0.010 0.280 0.404 
 552 S _   0.004 0.260 0.001 0.028 0.006 0.010 0.289 0.403 
 553 A _   0.004 0.252 0.001 0.026 0.006 0.010 0.299 0.402 
 554 R _   0.004 0.242 0.001 0.025 0.005 0.010 0.311 0.401 
 555 S _   0.005 0.231 0.001 0.024 0.005 0.010 0.324 0.400 
 556 S _   0.005 0.219 0.001 0.024 0.005 0.010 0.338 0.397 
 557 S _   0.005 0.206 0.001 0.024 0.005 0.010 0.354 0.394 
 558 F _   0.005 0.193 0.001 0.024 0.005 0.010 0.369 0.393 
 559 T _   0.005 0.177 0.001 0.024 0.005 0.009 0.385 0.394 
 560 S X   0.004 0.160 0.001 0.023 0.005 0.008 0.402 0.397 
 561 G X   0.004 0.142 0.001 0.021 0.004 0.007 0.420 0.402 
 562 E X   0.003 0.121 0.001 0.018 0.004 0.005 0.438 0.411 
 563 R X   0.002 0.096 0.000 0.014 0.002 0.003 0.457 0.425 
 564 E X   0.001 0.070 0.000 0.008 0.001 0.001 0.474 0.445 
 565 P X   0.000 0.051 0.000 0.005 0.000 0.000 0.480 0.463 
 566 L X   0.000 0.043 0.000 0.006 0.000 0.001 0.480 0.470 
 567 H X   0.003 0.040 0.001 0.013 0.003 0.003 0.472 0.465 
