#TopoPred_TM8: 8-state transmembrane topology prediction results by no_profile mode 
#probabilities are in the order of H E C I L F X _, the 8 transmembrane topology types used in PDBTM 
   1 M X   0.009 0.001 0.002 0.049 0.008 0.008 0.820 0.104 
   2 A X   0.004 0.000 0.000 0.029 0.002 0.004 0.844 0.118 
   3 D X   0.001 0.000 0.000 0.016 0.001 0.002 0.850 0.130 
   4 S X   0.001 0.000 0.000 0.010 0.000 0.002 0.850 0.137 
   5 G X   0.001 0.000 0.000 0.008 0.000 0.002 0.846 0.142 
   6 L X   0.001 0.001 0.000 0.007 0.001 0.003 0.839 0.149 
   7 D X   0.001 0.001 0.000 0.006 0.001 0.003 0.831 0.156 
   8 K X   0.002 0.001 0.000 0.006 0.001 0.004 0.821 0.165 
   9 K X   0.002 0.002 0.000 0.007 0.001 0.004 0.809 0.176 
  10 S X   0.002 0.003 0.000 0.007 0.001 0.005 0.794 0.188 
  11 T X   0.002 0.004 0.000 0.009 0.002 0.005 0.776 0.202 
  12 K X   0.002 0.005 0.000 0.010 0.002 0.005 0.757 0.218 
  13 C X   0.002 0.007 0.000 0.010 0.002 0.006 0.736 0.236 
  14 P X   0.002 0.009 0.000 0.011 0.002 0.006 0.715 0.254 
  15 D X   0.002 0.012 0.000 0.011 0.003 0.007 0.692 0.273 
  16 C X   0.002 0.015 0.000 0.011 0.003 0.008 0.669 0.292 
  17 S X   0.003 0.019 0.000 0.012 0.003 0.008 0.644 0.310 
  18 S X   0.003 0.024 0.001 0.014 0.004 0.010 0.618 0.327 
  19 A X   0.003 0.031 0.001 0.016 0.005 0.011 0.591 0.342 
  20 S X   0.004 0.040 0.001 0.020 0.006 0.013 0.563 0.353 
  21 Q X   0.004 0.052 0.001 0.025 0.007 0.015 0.534 0.362 
  22 K X   0.005 0.065 0.001 0.031 0.009 0.016 0.506 0.368 
  23 D X   0.005 0.077 0.001 0.036 0.010 0.017 0.480 0.374 
  24 V X   0.006 0.086 0.001 0.040 0.011 0.018 0.457 0.382 
  25 L X   0.006 0.092 0.001 0.041 0.011 0.018 0.437 0.393 
  26 C X   0.006 0.096 0.001 0.040 0.011 0.018 0.421 0.407 
  27 V _   0.007 0.097 0.001 0.037 0.010 0.018 0.406 0.425 
  28 C _   0.007 0.095 0.001 0.031 0.009 0.017 0.394 0.445 
  29 S _   0.007 0.091 0.001 0.025 0.008 0.017 0.383 0.467 
  30 S _   0.008 0.086 0.001 0.019 0.007 0.016 0.374 0.489 
  31 K _   0.008 0.082 0.001 0.014 0.006 0.016 0.365 0.508 
  32 T _   0.009 0.078 0.001 0.011 0.006 0.017 0.357 0.523 
  33 R _   0.009 0.077 0.001 0.009 0.005 0.018 0.348 0.533 
  34 V _   0.011 0.078 0.001 0.009 0.006 0.019 0.339 0.538 
  35 P _   0.012 0.082 0.001 0.010 0.008 0.021 0.330 0.537 
  36 P _   0.014 0.090 0.001 0.013 0.009 0.023 0.319 0.531 
  37 V _   0.015 0.102 0.001 0.017 0.012 0.024 0.308 0.521 
  38 L _   0.016 0.115 0.001 0.022 0.014 0.025 0.297 0.510 
  39 V _   0.016 0.126 0.001 0.026 0.015 0.026 0.288 0.502 
  40 V _   0.016 0.136 0.001 0.028 0.015 0.026 0.279 0.499 
  41 E _   0.016 0.141 0.001 0.029 0.015 0.025 0.272 0.501 
  42 M _   0.015 0.144 0.001 0.027 0.014 0.024 0.265 0.510 
  43 S _   0.014 0.144 0.001 0.024 0.013 0.023 0.260 0.521 
  44 Q _   0.014 0.142 0.001 0.020 0.011 0.022 0.255 0.535 
  45 T _   0.013 0.139 0.001 0.017 0.010 0.021 0.251 0.549 
  46 S _   0.013 0.137 0.001 0.015 0.009 0.020 0.247 0.559 
  47 S _   0.013 0.135 0.001 0.014 0.008 0.020 0.244 0.566 
  48 I _   0.013 0.136 0.001 0.014 0.008 0.020 0.240 0.568 
  49 G _   0.013 0.137 0.001 0.016 0.009 0.020 0.237 0.567 
  50 S _   0.014 0.140 0.001 0.019 0.010 0.020 0.234 0.563 
  51 A _   0.014 0.142 0.001 0.023 0.011 0.020 0.232 0.558 
  52 E _   0.014 0.142 0.001 0.027 0.011 0.019 0.230 0.556 
  53 S _   0.014 0.141 0.001 0.029 0.011 0.018 0.229 0.557 
  54 L _   0.014 0.137 0.001 0.030 0.011 0.017 0.228 0.563 
  55 I _   0.013 0.129 0.001 0.029 0.010 0.016 0.229 0.574 
  56 S _   0.012 0.117 0.001 0.027 0.009 0.014 0.230 0.590 
  57 L _   0.011 0.101 0.001 0.023 0.007 0.013 0.231 0.612 
  58 E _   0.010 0.082 0.001 0.019 0.006 0.011 0.233 0.637 
  59 R _   0.010 0.062 0.001 0.015 0.005 0.010 0.236 0.663 
  60 K _   0.009 0.044 0.001 0.011 0.004 0.009 0.238 0.685 
  61 K _   0.008 0.031 0.000 0.008 0.003 0.008 0.239 0.703 
  62 E _   0.007 0.022 0.000 0.007 0.002 0.007 0.240 0.715 
  63 K _   0.006 0.017 0.000 0.006 0.002 0.006 0.240 0.722 
  64 N _   0.006 0.014 0.000 0.005 0.002 0.006 0.240 0.727 
  65 I _   0.006 0.012 0.000 0.006 0.002 0.006 0.239 0.729 
  66 N _   0.005 0.011 0.000 0.006 0.002 0.006 0.238 0.731 
  67 R _   0.005 0.011 0.000 0.007 0.002 0.006 0.236 0.732 
  68 D _   0.005 0.010 0.000 0.008 0.002 0.007 0.234 0.733 
  69 I _   0.005 0.010 0.000 0.009 0.003 0.007 0.231 0.734 
  70 T _   0.005 0.010 0.000 0.010 0.003 0.007 0.229 0.737 
  71 S _   0.005 0.010 0.000 0.010 0.003 0.007 0.226 0.740 
  72 R _   0.005 0.010 0.000 0.009 0.003 0.007 0.223 0.743 
  73 K _   0.005 0.009 0.000 0.009 0.002 0.006 0.220 0.747 
  74 D _   0.004 0.009 0.000 0.009 0.002 0.006 0.217 0.751 
  75 L _   0.004 0.009 0.000 0.008 0.002 0.006 0.214 0.754 
  76 P _   0.005 0.010 0.000 0.008 0.002 0.007 0.211 0.757 
  77 S _   0.005 0.010 0.000 0.009 0.002 0.007 0.207 0.760 
  78 R _   0.005 0.011 0.000 0.009 0.003 0.007 0.204 0.762 
  79 T _   0.005 0.011 0.000 0.010 0.003 0.008 0.200 0.763 
  80 S _   0.005 0.012 0.000 0.011 0.003 0.008 0.195 0.764 
  81 N _   0.005 0.013 0.000 0.013 0.003 0.009 0.191 0.765 
  82 V _   0.005 0.014 0.000 0.014 0.004 0.009 0.187 0.766 
  83 E _   0.006 0.015 0.000 0.015 0.004 0.009 0.183 0.768 
  84 R _   0.006 0.016 0.000 0.016 0.004 0.009 0.179 0.770 
  85 K _   0.006 0.017 0.001 0.016 0.004 0.009 0.175 0.772 
  86 A _   0.006 0.017 0.001 0.016 0.004 0.009 0.171 0.776 
  87 S _   0.006 0.017 0.000 0.016 0.004 0.009 0.168 0.780 
  88 Q _   0.006 0.016 0.000 0.015 0.004 0.009 0.165 0.786 
  89 Q _   0.005 0.015 0.000 0.014 0.004 0.008 0.162 0.791 
  90 Q _   0.005 0.014 0.000 0.013 0.004 0.008 0.159 0.797 
  91 W _   0.005 0.012 0.000 0.012 0.003 0.008 0.156 0.803 
  92 G _   0.005 0.011 0.000 0.011 0.003 0.007 0.153 0.809 
  93 R _   0.005 0.010 0.000 0.010 0.003 0.007 0.150 0.815 
  94 G _   0.005 0.008 0.000 0.009 0.003 0.007 0.147 0.820 
  95 N _   0.005 0.007 0.000 0.009 0.003 0.007 0.144 0.824 
  96 F _   0.005 0.007 0.000 0.009 0.003 0.007 0.141 0.828 
  97 T _   0.005 0.006 0.000 0.009 0.003 0.008 0.138 0.832 
  98 E _   0.005 0.005 0.000 0.009 0.003 0.008 0.135 0.834 
  99 G _   0.005 0.005 0.000 0.009 0.003 0.009 0.131 0.837 
 100 K _   0.005 0.005 0.000 0.009 0.003 0.010 0.128 0.839 
 101 V _   0.006 0.005 0.000 0.010 0.004 0.011 0.125 0.840 
 102 P _   0.007 0.005 0.001 0.010 0.004 0.012 0.121 0.841 
 103 H _   0.008 0.005 0.001 0.010 0.004 0.014 0.117 0.841 
 104 I _   0.010 0.004 0.001 0.010 0.005 0.017 0.114 0.840 
 105 R _   0.012 0.004 0.001 0.009 0.006 0.020 0.110 0.838 
 106 I _   0.016 0.005 0.001 0.009 0.007 0.024 0.106 0.832 
 107 E _   0.020 0.005 0.001 0.010 0.009 0.029 0.102 0.824 
 108 N _   0.027 0.006 0.001 0.010 0.011 0.035 0.098 0.812 
 109 G _   0.036 0.007 0.001 0.011 0.015 0.041 0.094 0.795 
 110 A _   0.046 0.009 0.001 0.013 0.019 0.048 0.090 0.775 
 111 A _   0.057 0.011 0.001 0.015 0.023 0.054 0.086 0.754 
 112 I _   0.067 0.013 0.002 0.016 0.028 0.059 0.082 0.732 
 113 E _   0.076 0.016 0.002 0.019 0.032 0.063 0.079 0.714 
 114 E _   0.082 0.018 0.002 0.020 0.035 0.066 0.076 0.700 
 115 I _   0.087 0.020 0.002 0.021 0.037 0.067 0.074 0.691 
 116 Y _   0.090 0.021 0.002 0.021 0.038 0.068 0.072 0.688 
 117 T _   0.091 0.022 0.002 0.020 0.037 0.067 0.070 0.691 
 118 F _   0.091 0.022 0.002 0.019 0.035 0.065 0.069 0.697 
 119 G _   0.090 0.022 0.002 0.018 0.032 0.062 0.068 0.706 
 120 R _   0.088 0.022 0.002 0.016 0.029 0.060 0.067 0.715 
 121 I _   0.085 0.023 0.002 0.015 0.027 0.057 0.067 0.725 
 122 L _   0.081 0.023 0.001 0.014 0.025 0.054 0.066 0.735 
 123 G _   0.077 0.024 0.001 0.015 0.024 0.052 0.066 0.741 
 124 K _   0.073 0.026 0.001 0.016 0.023 0.049 0.066 0.745 
 125 G _   0.068 0.028 0.002 0.020 0.023 0.046 0.066 0.747 
 126 S _   0.063 0.031 0.002 0.024 0.023 0.043 0.067 0.749 
 127 F _   0.056 0.033 0.002 0.028 0.022 0.040 0.068 0.752 
 128 G _   0.050 0.034 0.002 0.031 0.020 0.036 0.069 0.759 
 129 I _   0.043 0.034 0.001 0.031 0.018 0.032 0.070 0.771 
 130 V _   0.037 0.032 0.001 0.030 0.015 0.027 0.072 0.787 
 131 I _   0.030 0.028 0.001 0.025 0.012 0.023 0.074 0.807 
 132 E _   0.024 0.023 0.001 0.020 0.009 0.019 0.075 0.829 
 133 A _   0.019 0.017 0.001 0.014 0.006 0.015 0.077 0.851 
 134 T _   0.015 0.012 0.001 0.010 0.004 0.012 0.078 0.868 
 135 D _   0.012 0.008 0.000 0.007 0.003 0.010 0.079 0.880 
 136 K _   0.010 0.006 0.000 0.005 0.003 0.009 0.080 0.887 
 137 E _   0.009 0.005 0.000 0.005 0.002 0.008 0.080 0.891 
 138 T _   0.008 0.005 0.000 0.005 0.002 0.008 0.080 0.891 
 139 E _   0.008 0.005 0.000 0.007 0.003 0.009 0.080 0.888 
 140 T _   0.008 0.006 0.000 0.009 0.003 0.009 0.080 0.883 
 141 K _   0.008 0.008 0.000 0.012 0.004 0.010 0.080 0.878 
 142 W _   0.008 0.009 0.001 0.015 0.005 0.010 0.079 0.873 
 143 A _   0.008 0.010 0.001 0.017 0.005 0.010 0.079 0.870 
 144 I _   0.008 0.011 0.001 0.017 0.005 0.010 0.079 0.870 
 145 K _   0.007 0.011 0.001 0.016 0.005 0.010 0.079 0.872 
 146 K _   0.007 0.010 0.000 0.014 0.004 0.009 0.079 0.877 
 147 V _   0.006 0.009 0.000 0.011 0.003 0.008 0.079 0.882 
 148 N _   0.006 0.008 0.000 0.009 0.003 0.008 0.079 0.887 
 149 K _   0.006 0.007 0.000 0.007 0.003 0.008 0.079 0.890 
 150 E _   0.006 0.007 0.000 0.006 0.002 0.008 0.079 0.892 
 151 K _   0.006 0.007 0.000 0.005 0.002 0.009 0.078 0.892 
 152 A _   0.007 0.008 0.000 0.006 0.003 0.010 0.078 0.888 
 153 G _   0.008 0.010 0.000 0.007 0.004 0.012 0.077 0.882 
 154 S _   0.009 0.014 0.001 0.010 0.005 0.014 0.075 0.872 
 155 S _   0.011 0.019 0.001 0.014 0.007 0.016 0.074 0.858 
 156 A _   0.012 0.026 0.001 0.019 0.009 0.019 0.072 0.842 
 157 V _   0.014 0.033 0.001 0.025 0.011 0.021 0.071 0.825 
 158 K _   0.015 0.038 0.001 0.030 0.013 0.023 0.070 0.811 
 159 L _   0.016 0.042 0.001 0.033 0.014 0.024 0.069 0.801 
 160 L _   0.017 0.043 0.001 0.035 0.015 0.024 0.068 0.797 
 161 E _   0.017 0.043 0.001 0.033 0.014 0.024 0.068 0.799 
 162 R _   0.018 0.040 0.001 0.031 0.013 0.023 0.068 0.805 
 163 E _   0.018 0.036 0.001 0.027 0.012 0.022 0.069 0.815 
 164 V _   0.018 0.031 0.001 0.022 0.010 0.021 0.070 0.828 
 165 N _   0.018 0.025 0.001 0.017 0.009 0.019 0.071 0.842 
 166 I _   0.017 0.019 0.001 0.013 0.007 0.018 0.072 0.854 
 167 L _   0.018 0.014 0.001 0.010 0.006 0.017 0.072 0.863 
 168 K _   0.017 0.011 0.001 0.007 0.005 0.017 0.073 0.869 
 169 S _   0.017 0.008 0.001 0.006 0.005 0.017 0.073 0.873 
 170 V _   0.018 0.007 0.001 0.006 0.005 0.017 0.074 0.873 
 171 K _   0.018 0.007 0.001 0.006 0.005 0.018 0.074 0.871 
 172 H _   0.020 0.008 0.001 0.007 0.006 0.019 0.074 0.866 
 173 E _   0.021 0.009 0.001 0.010 0.008 0.020 0.074 0.857 
 174 H _   0.023 0.011 0.001 0.013 0.009 0.022 0.074 0.847 
 175 I _   0.025 0.013 0.001 0.017 0.011 0.023 0.074 0.836 
 176 I _   0.025 0.016 0.001 0.021 0.012 0.023 0.075 0.828 
 177 H _   0.025 0.017 0.001 0.023 0.012 0.023 0.075 0.824 
 178 L _   0.024 0.017 0.001 0.023 0.012 0.022 0.076 0.824 
 179 E _   0.023 0.017 0.001 0.022 0.011 0.021 0.077 0.830 
 180 Q _   0.021 0.015 0.001 0.018 0.009 0.019 0.078 0.840 
 181 V _   0.019 0.012 0.001 0.014 0.007 0.017 0.079 0.851 
 182 F _   0.017 0.010 0.001 0.010 0.006 0.016 0.080 0.862 
 183 E _   0.015 0.008 0.001 0.007 0.005 0.015 0.080 0.870 
 184 T _   0.015 0.007 0.000 0.006 0.004 0.014 0.081 0.873 
 185 P _   0.015 0.007 0.000 0.006 0.004 0.014 0.081 0.873 
 186 K _   0.015 0.008 0.001 0.007 0.005 0.015 0.081 0.869 
 187 K _   0.015 0.010 0.001 0.009 0.006 0.016 0.081 0.862 
 188 M _   0.016 0.013 0.001 0.013 0.007 0.016 0.082 0.852 
 189 Y _   0.016 0.017 0.001 0.018 0.009 0.017 0.082 0.841 
 190 L _   0.016 0.020 0.001 0.023 0.009 0.017 0.082 0.832 
 191 V _   0.015 0.022 0.001 0.025 0.010 0.017 0.083 0.827 
 192 M _   0.014 0.023 0.001 0.026 0.009 0.016 0.084 0.828 
 193 E _   0.013 0.022 0.001 0.024 0.008 0.014 0.085 0.833 
 194 L _   0.012 0.020 0.001 0.020 0.007 0.013 0.086 0.842 
 195 C _   0.011 0.017 0.001 0.016 0.006 0.012 0.087 0.852 
 196 E _   0.009 0.014 0.001 0.012 0.004 0.010 0.088 0.861 
 197 D _   0.008 0.011 0.000 0.010 0.004 0.009 0.090 0.867 
 198 G _   0.008 0.009 0.000 0.009 0.003 0.009 0.091 0.871 
 199 E _   0.008 0.008 0.000 0.008 0.003 0.009 0.091 0.873 
 200 L _   0.008 0.007 0.000 0.009 0.003 0.009 0.092 0.872 
 201 K _   0.008 0.006 0.000 0.009 0.003 0.009 0.093 0.871 
 202 E _   0.008 0.006 0.000 0.010 0.003 0.009 0.093 0.870 
 203 I _   0.007 0.005 0.000 0.011 0.003 0.009 0.094 0.870 
 204 L _   0.007 0.005 0.000 0.010 0.003 0.009 0.094 0.872 
 205 D _   0.007 0.004 0.000 0.009 0.003 0.008 0.094 0.874 
 206 R _   0.006 0.003 0.000 0.008 0.003 0.008 0.094 0.877 
 207 K _   0.007 0.002 0.000 0.006 0.002 0.008 0.094 0.880 
 208 G _   0.007 0.001 0.000 0.005 0.002 0.009 0.094 0.882 
 209 H _   0.009 0.001 0.000 0.004 0.002 0.010 0.093 0.881 
 210 F _   0.012 0.000 0.000 0.003 0.002 0.012 0.092 0.878 
 211 S _   0.019 0.000 0.000 0.003 0.003 0.015 0.090 0.870 
 212 E _   0.030 0.000 0.000 0.003 0.004 0.020 0.088 0.853 
 213 N _   0.049 0.000 0.001 0.004 0.007 0.027 0.086 0.826 
 214 E _   0.076 0.001 0.001 0.005 0.011 0.037 0.083 0.787 
 215 T _   0.111 0.001 0.001 0.006 0.018 0.047 0.080 0.736 
 216 R _   0.149 0.003 0.002 0.008 0.028 0.057 0.077 0.676 
 217 W _   0.186 0.006 0.002 0.010 0.041 0.067 0.074 0.613 
 218 I _   0.221 0.011 0.002 0.014 0.055 0.074 0.071 0.552 
 219 I _   0.249 0.017 0.003 0.017 0.066 0.078 0.069 0.500 
 220 Q _   0.270 0.023 0.003 0.021 0.074 0.080 0.068 0.461 
 221 S _   0.284 0.028 0.003 0.024 0.078 0.078 0.068 0.436 
 222 L _   0.289 0.032 0.003 0.027 0.078 0.075 0.069 0.426 
 223 A _   0.287 0.034 0.003 0.030 0.075 0.070 0.070 0.430 
 224 S _   0.276 0.035 0.003 0.031 0.068 0.064 0.073 0.452 
 225 A _   0.254 0.033 0.003 0.030 0.057 0.057 0.076 0.490 
 226 I _   0.224 0.029 0.003 0.027 0.045 0.049 0.080 0.543 
 227 A _   0.187 0.023 0.002 0.023 0.033 0.041 0.085 0.606 
 228 Y _   0.149 0.016 0.002 0.017 0.022 0.033 0.090 0.672 
 229 L _   0.111 0.009 0.001 0.012 0.014 0.026 0.094 0.733 
 230 H _   0.079 0.005 0.001 0.008 0.008 0.020 0.098 0.782 
 231 N _   0.054 0.002 0.001 0.005 0.005 0.015 0.100 0.818 
 232 N _   0.036 0.001 0.000 0.004 0.003 0.012 0.102 0.841 
 233 D _   0.025 0.001 0.000 0.003 0.002 0.010 0.103 0.856 
 234 I _   0.018 0.001 0.000 0.003 0.002 0.009 0.103 0.864 
 235 V _   0.014 0.001 0.000 0.003 0.002 0.009 0.104 0.867 
 236 H _   0.013 0.002 0.000 0.004 0.002 0.010 0.103 0.866 
 237 R _   0.012 0.004 0.000 0.005 0.003 0.012 0.103 0.861 
 238 D _   0.012 0.008 0.000 0.008 0.004 0.013 0.102 0.852 
 239 L _   0.012 0.015 0.001 0.012 0.006 0.016 0.100 0.838 
 240 K _   0.013 0.025 0.001 0.018 0.008 0.018 0.098 0.819 
 241 L _   0.013 0.037 0.001 0.026 0.010 0.019 0.096 0.796 
 242 E _   0.013 0.049 0.001 0.034 0.012 0.020 0.095 0.775 
 243 N _   0.014 0.059 0.001 0.041 0.013 0.021 0.093 0.758 
 244 I _   0.014 0.065 0.001 0.046 0.014 0.021 0.093 0.747 
 245 M _   0.013 0.067 0.001 0.048 0.014 0.020 0.093 0.745 
 246 V _   0.013 0.067 0.001 0.047 0.012 0.018 0.093 0.749 
 247 K _   0.012 0.063 0.001 0.042 0.011 0.016 0.095 0.761 
 248 S _   0.011 0.055 0.001 0.034 0.009 0.014 0.096 0.779 
 249 S _   0.010 0.045 0.001 0.026 0.007 0.012 0.098 0.803 
 250 L _   0.009 0.032 0.001 0.017 0.005 0.010 0.099 0.827 
 251 I _   0.007 0.021 0.000 0.011 0.003 0.008 0.101 0.848 
 252 D _   0.006 0.014 0.000 0.007 0.002 0.006 0.101 0.863 
 253 D _   0.005 0.009 0.000 0.004 0.002 0.006 0.101 0.872 
 254 N _   0.005 0.007 0.000 0.003 0.001 0.005 0.101 0.877 
 255 N _   0.005 0.007 0.000 0.003 0.001 0.006 0.099 0.879 
 256 E _   0.005 0.008 0.000 0.004 0.002 0.007 0.098 0.877 
 257 I _   0.006 0.010 0.000 0.005 0.002 0.009 0.096 0.872 
 258 N _   0.007 0.015 0.000 0.009 0.003 0.011 0.093 0.861 
 259 L _   0.009 0.024 0.001 0.014 0.005 0.014 0.089 0.844 
 260 N _   0.010 0.038 0.001 0.021 0.007 0.017 0.084 0.822 
 261 I _   0.011 0.053 0.001 0.030 0.010 0.019 0.080 0.796 
 262 K _   0.011 0.066 0.001 0.039 0.012 0.021 0.076 0.774 
 263 V _   0.012 0.075 0.001 0.046 0.014 0.022 0.072 0.758 
 264 T _   0.012 0.080 0.001 0.050 0.014 0.023 0.069 0.751 
 265 D _   0.012 0.081 0.001 0.050 0.014 0.022 0.068 0.752 
 266 F _   0.012 0.078 0.001 0.047 0.013 0.021 0.066 0.761 
 267 G _   0.011 0.072 0.001 0.041 0.011 0.020 0.065 0.778 
 268 L _   0.011 0.062 0.001 0.032 0.009 0.018 0.065 0.801 
 269 A _   0.011 0.049 0.001 0.023 0.007 0.016 0.064 0.828 
 270 V _   0.010 0.035 0.001 0.015 0.005 0.015 0.064 0.855 
 271 K _   0.010 0.023 0.001 0.009 0.004 0.014 0.063 0.876 
 272 K _   0.010 0.016 0.000 0.006 0.003 0.014 0.062 0.889 
 273 Q _   0.010 0.013 0.000 0.004 0.003 0.015 0.060 0.893 
 274 S _   0.012 0.012 0.000 0.004 0.003 0.018 0.059 0.891 
 275 R _   0.016 0.013 0.000 0.005 0.005 0.021 0.057 0.882 
 276 S _   0.021 0.017 0.001 0.008 0.007 0.026 0.054 0.866 
 277 E _   0.026 0.024 0.001 0.012 0.011 0.032 0.051 0.841 
 278 A _   0.032 0.036 0.001 0.019 0.016 0.037 0.048 0.811 
 279 M _   0.037 0.048 0.002 0.025 0.021 0.042 0.045 0.781 
 280 L _   0.042 0.059 0.002 0.030 0.024 0.045 0.042 0.756 
 281 Q _   0.046 0.067 0.002 0.033 0.027 0.047 0.040 0.740 
 282 A _   0.048 0.071 0.002 0.033 0.029 0.048 0.037 0.731 
 283 T _   0.051 0.074 0.002 0.032 0.030 0.049 0.035 0.728 
 284 C _   0.054 0.074 0.002 0.030 0.030 0.048 0.034 0.728 
 285 G _   0.056 0.074 0.002 0.028 0.029 0.047 0.032 0.732 
 286 T _   0.057 0.072 0.002 0.026 0.028 0.046 0.031 0.738 
 287 P _   0.057 0.070 0.002 0.026 0.027 0.044 0.031 0.744 
 288 I _   0.055 0.068 0.002 0.027 0.025 0.042 0.030 0.752 
 289 Y _   0.051 0.065 0.002 0.028 0.023 0.039 0.029 0.762 
 290 M _   0.047 0.061 0.002 0.029 0.021 0.035 0.029 0.776 
 291 A _   0.043 0.056 0.001 0.028 0.018 0.031 0.029 0.793 
 292 P _   0.038 0.049 0.001 0.026 0.015 0.027 0.029 0.815 
 293 E _   0.033 0.040 0.001 0.023 0.012 0.023 0.029 0.839 
 294 V _   0.029 0.029 0.001 0.018 0.009 0.019 0.028 0.867 
 295 I _   0.026 0.018 0.001 0.013 0.006 0.015 0.028 0.892 
 296 S _   0.026 0.009 0.001 0.008 0.004 0.012 0.027 0.913 
 297 A _   0.027 0.004 0.000 0.005 0.003 0.010 0.026 0.925 
 298 H _   0.032 0.001 0.000 0.003 0.002 0.008 0.025 0.929 
 299 D _   0.042 0.000 0.000 0.002 0.002 0.007 0.024 0.922 
 300 Y _   0.064 0.000 0.000 0.001 0.002 0.008 0.022 0.903 
 301 S _   0.106 0.000 0.000 0.001 0.003 0.009 0.019 0.861 
 302 Q _   0.178 0.000 0.001 0.001 0.005 0.010 0.017 0.789 
 303 Q _   0.288 0.000 0.001 0.001 0.007 0.013 0.014 0.677 
 304 C _   0.425 0.000 0.001 0.001 0.010 0.015 0.011 0.537 
 305 D H   0.561 0.000 0.001 0.001 0.014 0.017 0.008 0.397 
 306 I H   0.677 0.000 0.001 0.001 0.018 0.017 0.006 0.278 
 307 W H   0.762 0.000 0.001 0.001 0.021 0.017 0.005 0.192 
 308 S H   0.816 0.000 0.001 0.001 0.023 0.016 0.005 0.138 
 309 I H   0.848 0.000 0.001 0.001 0.024 0.015 0.005 0.106 
 310 G H   0.863 0.000 0.001 0.001 0.025 0.014 0.005 0.091 
 311 V H   0.864 0.000 0.001 0.001 0.025 0.013 0.005 0.089 
 312 V H   0.853 0.000 0.001 0.002 0.026 0.013 0.006 0.099 
 313 M H   0.824 0.000 0.002 0.002 0.026 0.013 0.008 0.125 
 314 Y H   0.774 0.000 0.002 0.002 0.025 0.013 0.011 0.173 
 315 M H   0.698 0.000 0.002 0.003 0.023 0.013 0.015 0.245 
 316 L H   0.597 0.000 0.002 0.003 0.020 0.013 0.021 0.344 
 317 L H   0.475 0.000 0.002 0.004 0.015 0.013 0.028 0.463 
 318 R _   0.351 0.000 0.001 0.004 0.011 0.012 0.037 0.585 
 319 G _   0.240 0.000 0.001 0.004 0.007 0.010 0.045 0.692 
 320 E _   0.155 0.000 0.001 0.003 0.005 0.009 0.052 0.775 
 321 P _   0.097 0.000 0.001 0.003 0.003 0.008 0.057 0.831 
 322 P _   0.059 0.000 0.000 0.003 0.003 0.007 0.061 0.867 
 323 F _   0.036 0.000 0.000 0.003 0.002 0.007 0.064 0.888 
 324 L _   0.023 0.000 0.000 0.003 0.002 0.007 0.066 0.899 
 325 A _   0.016 0.001 0.000 0.003 0.002 0.007 0.067 0.904 
 326 S _   0.012 0.002 0.000 0.004 0.002 0.008 0.068 0.903 
 327 S _   0.011 0.004 0.000 0.006 0.003 0.009 0.069 0.898 
 328 E _   0.010 0.007 0.000 0.009 0.004 0.011 0.069 0.889 
 329 E _   0.010 0.013 0.001 0.013 0.005 0.013 0.070 0.876 
 330 K _   0.010 0.020 0.001 0.017 0.007 0.015 0.070 0.860 
 331 L _   0.011 0.027 0.001 0.022 0.008 0.016 0.070 0.845 
 332 F _   0.011 0.033 0.001 0.026 0.009 0.017 0.070 0.832 
 333 E _   0.011 0.037 0.001 0.028 0.010 0.018 0.071 0.824 
 334 L _   0.011 0.039 0.001 0.028 0.010 0.018 0.072 0.820 
 335 I _   0.011 0.040 0.001 0.026 0.010 0.018 0.073 0.821 
 336 R _   0.011 0.039 0.001 0.023 0.009 0.018 0.075 0.825 
 337 K _   0.011 0.037 0.001 0.018 0.008 0.018 0.076 0.830 
 338 G _   0.012 0.035 0.001 0.015 0.007 0.018 0.078 0.834 
 339 E _   0.012 0.033 0.001 0.013 0.007 0.018 0.080 0.836 
 340 L _   0.013 0.032 0.001 0.011 0.007 0.019 0.082 0.835 
 341 H _   0.014 0.032 0.001 0.011 0.007 0.020 0.084 0.830 
 342 F _   0.016 0.033 0.001 0.013 0.008 0.021 0.087 0.822 
 343 E _   0.017 0.034 0.001 0.015 0.010 0.022 0.089 0.811 
 344 N _   0.019 0.037 0.001 0.018 0.011 0.023 0.091 0.800 
 345 A _   0.020 0.038 0.001 0.021 0.012 0.023 0.094 0.790 
 346 V _   0.020 0.039 0.001 0.023 0.012 0.023 0.098 0.783 
 347 W _   0.020 0.039 0.001 0.023 0.012 0.023 0.101 0.780 
 348 N _   0.019 0.038 0.001 0.022 0.012 0.022 0.105 0.780 
 349 S _   0.019 0.036 0.001 0.020 0.011 0.021 0.110 0.783 
 350 I _   0.019 0.032 0.001 0.018 0.010 0.020 0.114 0.786 
 351 S _   0.018 0.029 0.001 0.015 0.009 0.019 0.119 0.790 
 352 D _   0.018 0.026 0.001 0.013 0.008 0.018 0.124 0.793 
 353 C _   0.017 0.023 0.001 0.012 0.007 0.018 0.129 0.793 
 354 A _   0.017 0.021 0.001 0.012 0.007 0.017 0.134 0.791 
 355 K _   0.017 0.020 0.001 0.012 0.007 0.017 0.140 0.787 
 356 S _   0.017 0.019 0.001 0.012 0.007 0.016 0.145 0.783 
 357 V _   0.017 0.018 0.001 0.013 0.007 0.016 0.151 0.777 
 358 L _   0.016 0.017 0.001 0.014 0.007 0.015 0.157 0.772 
 359 K _   0.015 0.017 0.001 0.014 0.007 0.015 0.164 0.769 
 360 Q _   0.014 0.015 0.001 0.013 0.006 0.014 0.170 0.767 
 361 L _   0.013 0.014 0.001 0.011 0.005 0.013 0.176 0.766 
 362 M _   0.012 0.012 0.001 0.010 0.005 0.012 0.183 0.766 
 363 K _   0.011 0.011 0.001 0.008 0.004 0.011 0.189 0.765 
 364 V _   0.010 0.010 0.000 0.007 0.004 0.011 0.195 0.763 
 365 D _   0.010 0.010 0.000 0.006 0.004 0.011 0.200 0.759 
 366 P _   0.010 0.010 0.000 0.006 0.004 0.011 0.206 0.752 
 367 A _   0.011 0.012 0.000 0.007 0.004 0.012 0.211 0.743 
 368 H _   0.011 0.014 0.001 0.009 0.005 0.013 0.216 0.732 
 369 R _   0.012 0.016 0.001 0.012 0.006 0.014 0.222 0.718 
 370 I _   0.012 0.020 0.001 0.015 0.007 0.014 0.228 0.704 
 371 T _   0.012 0.023 0.001 0.017 0.007 0.015 0.234 0.691 
 372 A _   0.011 0.026 0.001 0.020 0.008 0.015 0.241 0.679 
 373 K _   0.011 0.027 0.001 0.021 0.008 0.015 0.248 0.670 
 374 E _   0.010 0.029 0.001 0.021 0.008 0.014 0.256 0.662 
 375 L _   0.010 0.029 0.001 0.021 0.007 0.014 0.264 0.655 
 376 L _   0.009 0.028 0.001 0.020 0.007 0.013 0.274 0.649 
 377 D _   0.009 0.027 0.001 0.018 0.006 0.012 0.283 0.643 
 378 N _   0.008 0.026 0.001 0.017 0.006 0.011 0.294 0.638 
 379 Q _   0.008 0.024 0.001 0.015 0.005 0.010 0.305 0.633 
 380 W _   0.007 0.021 0.001 0.013 0.004 0.010 0.316 0.628 
 381 L _   0.007 0.019 0.000 0.011 0.004 0.009 0.327 0.623 
 382 T _   0.006 0.017 0.000 0.009 0.003 0.008 0.337 0.619 
 383 G _   0.006 0.016 0.000 0.007 0.003 0.008 0.346 0.614 
 384 N _   0.006 0.015 0.000 0.006 0.002 0.008 0.355 0.608 
 385 K _   0.006 0.015 0.000 0.005 0.002 0.008 0.362 0.601 
 386 L _   0.006 0.016 0.000 0.005 0.002 0.009 0.369 0.592 
 387 S _   0.007 0.018 0.000 0.006 0.003 0.011 0.375 0.580 
 388 S _   0.008 0.022 0.000 0.008 0.004 0.013 0.381 0.563 
 389 V _   0.009 0.031 0.001 0.013 0.006 0.015 0.387 0.537 
 390 R _   0.010 0.046 0.001 0.021 0.009 0.018 0.393 0.502 
 391 P _   0.011 0.064 0.001 0.033 0.012 0.021 0.399 0.459 
 392 T _   0.012 0.082 0.001 0.045 0.015 0.022 0.407 0.415 
 393 N X   0.012 0.096 0.001 0.057 0.017 0.023 0.416 0.377 
 394 V X   0.011 0.103 0.001 0.066 0.018 0.023 0.428 0.350 
 395 L X   0.011 0.106 0.001 0.069 0.017 0.022 0.444 0.330 
 396 E X   0.010 0.104 0.001 0.067 0.016 0.020 0.463 0.319 
 397 M X   0.009 0.097 0.001 0.059 0.014 0.018 0.486 0.315 
 398 M X   0.009 0.085 0.001 0.048 0.011 0.015 0.514 0.317 
 399 K X   0.008 0.067 0.001 0.035 0.009 0.013 0.545 0.322 
 400 E X   0.007 0.046 0.001 0.024 0.006 0.010 0.578 0.328 
 401 W X   0.006 0.028 0.001 0.015 0.004 0.008 0.608 0.330 
 402 K X   0.005 0.016 0.000 0.009 0.003 0.006 0.633 0.327 
 403 N X   0.004 0.009 0.000 0.006 0.002 0.005 0.653 0.321 
 404 N X   0.003 0.006 0.000 0.004 0.001 0.004 0.668 0.313 
 405 P X   0.003 0.004 0.000 0.003 0.001 0.004 0.680 0.305 
 406 E X   0.003 0.003 0.000 0.003 0.001 0.003 0.690 0.296 
 407 S X   0.003 0.003 0.000 0.004 0.001 0.003 0.698 0.289 
 408 V X   0.003 0.002 0.000 0.004 0.001 0.003 0.704 0.282 
 409 E X   0.003 0.002 0.000 0.005 0.001 0.003 0.710 0.275 
 410 E X   0.003 0.002 0.000 0.005 0.001 0.003 0.715 0.270 
 411 N X   0.002 0.002 0.000 0.005 0.001 0.003 0.720 0.266 
 412 T X   0.002 0.002 0.000 0.005 0.001 0.003 0.724 0.262 
 413 T X   0.002 0.002 0.000 0.005 0.001 0.003 0.728 0.259 
 414 E X   0.002 0.002 0.000 0.004 0.001 0.003 0.731 0.257 
 415 E X   0.002 0.001 0.000 0.003 0.001 0.002 0.734 0.256 
 416 K X   0.002 0.001 0.000 0.003 0.001 0.002 0.736 0.255 
 417 N X   0.002 0.001 0.000 0.002 0.001 0.002 0.737 0.255 
 418 K X   0.001 0.001 0.000 0.002 0.001 0.002 0.738 0.254 
 419 P X   0.001 0.002 0.000 0.002 0.001 0.002 0.738 0.254 
 420 S X   0.001 0.002 0.000 0.003 0.001 0.003 0.737 0.253 
 421 T X   0.001 0.003 0.000 0.004 0.001 0.003 0.736 0.252 
 422 E X   0.002 0.004 0.000 0.005 0.001 0.003 0.734 0.251 
 423 E X   0.002 0.005 0.000 0.006 0.001 0.004 0.732 0.250 
 424 K X   0.002 0.006 0.000 0.008 0.002 0.004 0.730 0.248 
 425 L X   0.002 0.008 0.000 0.010 0.002 0.004 0.728 0.246 
 426 K X   0.002 0.009 0.000 0.011 0.002 0.005 0.727 0.244 
 427 S X   0.002 0.010 0.000 0.012 0.002 0.005 0.726 0.243 
 428 Y X   0.002 0.010 0.000 0.013 0.002 0.005 0.725 0.242 
 429 Q X   0.002 0.010 0.000 0.012 0.002 0.005 0.726 0.242 
 430 P X   0.002 0.010 0.000 0.012 0.002 0.004 0.727 0.242 
 431 W X   0.002 0.010 0.000 0.011 0.002 0.004 0.729 0.242 
 432 G X   0.002 0.009 0.000 0.009 0.002 0.004 0.731 0.243 
 433 N X   0.002 0.008 0.000 0.008 0.001 0.003 0.734 0.244 
 434 V X   0.002 0.007 0.000 0.006 0.001 0.003 0.736 0.245 
 435 P X   0.002 0.006 0.000 0.005 0.001 0.003 0.738 0.246 
 436 D X   0.002 0.005 0.000 0.004 0.001 0.003 0.739 0.247 
 437 A X   0.002 0.004 0.000 0.003 0.001 0.002 0.739 0.248 
 438 N X   0.002 0.004 0.000 0.003 0.001 0.002 0.739 0.249 
 439 Y X   0.002 0.003 0.000 0.003 0.001 0.002 0.739 0.251 
 440 T X   0.002 0.003 0.000 0.003 0.001 0.002 0.737 0.253 
 441 S X   0.001 0.004 0.000 0.003 0.001 0.002 0.734 0.255 
 442 D X   0.001 0.004 0.000 0.003 0.001 0.002 0.730 0.258 
 443 E X   0.001 0.005 0.000 0.003 0.001 0.003 0.726 0.262 
 444 E X   0.001 0.006 0.000 0.004 0.001 0.003 0.720 0.265 
 445 E X   0.002 0.008 0.000 0.005 0.001 0.004 0.712 0.269 
 446 E X   0.002 0.011 0.000 0.006 0.001 0.004 0.704 0.272 
 447 K X   0.002 0.015 0.000 0.009 0.002 0.005 0.694 0.274 
 448 Q X   0.002 0.020 0.000 0.012 0.002 0.006 0.684 0.274 
 449 S X   0.002 0.026 0.000 0.015 0.003 0.006 0.674 0.273 
 450 T X   0.002 0.032 0.000 0.019 0.004 0.007 0.664 0.272 
 451 A X   0.002 0.037 0.000 0.022 0.004 0.007 0.656 0.271 
 452 Y X   0.002 0.041 0.000 0.023 0.004 0.007 0.649 0.272 
 453 E X   0.003 0.043 0.000 0.023 0.004 0.007 0.645 0.275 
 454 K X   0.003 0.044 0.000 0.022 0.004 0.007 0.641 0.279 
 455 Q X   0.003 0.043 0.000 0.019 0.003 0.006 0.639 0.286 
 456 F X   0.002 0.042 0.000 0.016 0.003 0.005 0.637 0.294 
 457 P X   0.002 0.039 0.000 0.012 0.002 0.005 0.636 0.302 
 458 A X   0.002 0.037 0.000 0.009 0.002 0.004 0.636 0.310 
 459 T X   0.002 0.034 0.000 0.006 0.001 0.004 0.635 0.317 
 460 S X   0.002 0.032 0.000 0.005 0.001 0.003 0.633 0.323 
 461 K X   0.002 0.032 0.000 0.004 0.001 0.003 0.632 0.326 
 462 D X   0.002 0.032 0.000 0.004 0.001 0.003 0.629 0.329 
 463 N X   0.002 0.033 0.000 0.004 0.001 0.004 0.626 0.329 
 464 F X   0.002 0.035 0.000 0.006 0.002 0.004 0.623 0.328 
 465 D X   0.002 0.039 0.000 0.007 0.002 0.005 0.618 0.326 
 466 M X   0.002 0.044 0.000 0.009 0.002 0.005 0.614 0.323 
 467 C X   0.002 0.049 0.000 0.011 0.003 0.005 0.609 0.320 
 468 S X   0.002 0.053 0.000 0.013 0.003 0.006 0.605 0.319 
 469 S X   0.002 0.056 0.000 0.013 0.003 0.006 0.601 0.318 
 470 S X   0.002 0.059 0.000 0.014 0.003 0.006 0.598 0.319 
 471 F X   0.002 0.060 0.000 0.013 0.003 0.006 0.596 0.320 
 472 T X   0.002 0.061 0.000 0.012 0.003 0.005 0.594 0.322 
 473 S X   0.002 0.062 0.000 0.011 0.003 0.005 0.593 0.323 
 474 S X   0.002 0.062 0.000 0.011 0.002 0.005 0.593 0.324 
 475 K X   0.002 0.062 0.000 0.010 0.002 0.006 0.593 0.324 
 476 L X   0.002 0.063 0.000 0.010 0.003 0.006 0.594 0.322 
 477 L X   0.002 0.064 0.000 0.011 0.003 0.006 0.594 0.320 
 478 P X   0.003 0.064 0.000 0.012 0.003 0.006 0.595 0.316 
 479 A X   0.003 0.065 0.000 0.013 0.003 0.007 0.597 0.311 
 480 E X   0.003 0.065 0.000 0.015 0.004 0.007 0.599 0.306 
 481 I X   0.004 0.065 0.000 0.016 0.004 0.008 0.603 0.301 
 482 K X   0.004 0.064 0.000 0.017 0.005 0.008 0.607 0.296 
 483 G X   0.004 0.061 0.001 0.017 0.005 0.008 0.612 0.292 
 484 E X   0.004 0.058 0.001 0.016 0.005 0.007 0.619 0.290 
 485 M X   0.004 0.053 0.001 0.015 0.004 0.007 0.627 0.289 
 486 E X   0.004 0.046 0.000 0.013 0.004 0.007 0.637 0.289 
 487 K X   0.004 0.039 0.000 0.011 0.003 0.006 0.646 0.290 
 488 T X   0.004 0.032 0.000 0.009 0.003 0.005 0.656 0.290 
 489 P X   0.003 0.026 0.000 0.007 0.002 0.005 0.666 0.290 
 490 V X   0.003 0.022 0.000 0.006 0.002 0.005 0.675 0.288 
 491 T X   0.003 0.019 0.000 0.005 0.002 0.004 0.683 0.284 
 492 P X   0.003 0.016 0.000 0.004 0.002 0.004 0.690 0.280 
 493 S X   0.003 0.015 0.000 0.004 0.002 0.004 0.697 0.275 
 494 Q X   0.003 0.014 0.000 0.005 0.002 0.004 0.703 0.269 
 495 G X   0.003 0.014 0.000 0.005 0.002 0.004 0.709 0.264 
 496 T X   0.002 0.013 0.000 0.005 0.002 0.004 0.714 0.259 
 497 A X   0.002 0.013 0.000 0.006 0.002 0.004 0.719 0.254 
 498 T X   0.002 0.013 0.000 0.006 0.002 0.004 0.724 0.248 
 499 K X   0.002 0.013 0.000 0.006 0.002 0.004 0.729 0.243 
 500 Y X   0.002 0.013 0.000 0.007 0.002 0.004 0.734 0.238 
 501 P X   0.002 0.014 0.000 0.007 0.002 0.005 0.738 0.232 
 502 A X   0.002 0.014 0.000 0.008 0.002 0.005 0.744 0.225 
 503 K X   0.003 0.014 0.000 0.009 0.002 0.005 0.749 0.219 
 504 S X   0.003 0.014 0.000 0.009 0.002 0.005 0.755 0.212 
 505 G X   0.003 0.014 0.000 0.010 0.002 0.005 0.761 0.206 
 506 A X   0.002 0.013 0.000 0.010 0.002 0.004 0.766 0.201 
 507 L X   0.002 0.012 0.000 0.009 0.002 0.004 0.772 0.198 
 508 S X   0.002 0.012 0.000 0.008 0.002 0.003 0.779 0.194 
 509 R X   0.001 0.010 0.000 0.007 0.001 0.002 0.785 0.193 
 510 T X   0.001 0.008 0.000 0.005 0.001 0.001 0.792 0.192 
 511 K X   0.000 0.006 0.000 0.003 0.000 0.001 0.796 0.194 
 512 K X   0.000 0.004 0.000 0.002 0.000 0.000 0.797 0.197 
 513 K X   0.000 0.004 0.000 0.002 0.000 0.000 0.793 0.200 
 514 L X   0.002 0.004 0.001 0.008 0.002 0.002 0.778 0.203 
