#TopoPred_TM8: 8-state transmembrane topology prediction results by no_profile mode 
#probabilities are in the order of H E C I L F X _, the 8 transmembrane topology types used in PDBTM 
   1 M X   0.008 0.000 0.001 0.020 0.006 0.007 0.870 0.087 
   2 E X   0.003 0.000 0.000 0.009 0.001 0.004 0.891 0.093 
   3 P X   0.002 0.000 0.000 0.004 0.000 0.004 0.895 0.095 
   4 F X   0.002 0.000 0.000 0.003 0.001 0.005 0.894 0.094 
   5 L X   0.005 0.000 0.000 0.003 0.001 0.008 0.890 0.092 
   6 R X   0.010 0.001 0.000 0.003 0.003 0.012 0.882 0.088 
   7 R X   0.015 0.003 0.000 0.005 0.006 0.016 0.873 0.082 
   8 R X   0.020 0.008 0.001 0.008 0.009 0.018 0.862 0.075 
   9 L X   0.022 0.015 0.001 0.011 0.011 0.019 0.853 0.068 
  10 A X   0.023 0.021 0.001 0.014 0.013 0.019 0.845 0.064 
  11 F X   0.023 0.025 0.001 0.017 0.014 0.018 0.839 0.062 
  12 L X   0.022 0.028 0.001 0.018 0.014 0.017 0.836 0.064 
  13 S X   0.021 0.029 0.001 0.018 0.014 0.016 0.835 0.068 
  14 F X   0.019 0.028 0.001 0.017 0.012 0.014 0.835 0.073 
  15 F X   0.017 0.027 0.001 0.015 0.010 0.012 0.837 0.081 
  16 W X   0.015 0.024 0.001 0.013 0.008 0.010 0.839 0.090 
  17 D X   0.012 0.020 0.001 0.010 0.006 0.009 0.843 0.099 
  18 K X   0.010 0.016 0.000 0.008 0.004 0.007 0.847 0.107 
  19 I X   0.008 0.012 0.000 0.006 0.003 0.006 0.850 0.115 
  20 W X   0.006 0.009 0.000 0.005 0.002 0.004 0.853 0.121 
  21 P X   0.005 0.006 0.000 0.003 0.001 0.004 0.856 0.125 
  22 A X   0.003 0.004 0.000 0.003 0.001 0.003 0.858 0.128 
  23 G X   0.003 0.003 0.000 0.002 0.001 0.002 0.859 0.131 
  24 G X   0.002 0.002 0.000 0.002 0.001 0.002 0.859 0.132 
  25 E X   0.002 0.001 0.000 0.002 0.001 0.002 0.859 0.134 
  26 P X   0.001 0.001 0.000 0.002 0.001 0.002 0.858 0.135 
  27 D X   0.001 0.001 0.000 0.002 0.001 0.002 0.857 0.136 
  28 H X   0.001 0.001 0.000 0.002 0.001 0.002 0.856 0.138 
  29 G X   0.001 0.001 0.000 0.002 0.001 0.002 0.854 0.140 
  30 T X   0.001 0.001 0.000 0.003 0.001 0.002 0.852 0.142 
  31 P X   0.001 0.001 0.000 0.003 0.001 0.002 0.849 0.144 
  32 G X   0.001 0.001 0.000 0.003 0.001 0.002 0.846 0.147 
  33 S X   0.001 0.001 0.000 0.003 0.001 0.002 0.842 0.151 
  34 L X   0.001 0.000 0.000 0.003 0.001 0.002 0.838 0.155 
  35 D X   0.001 0.000 0.000 0.002 0.001 0.002 0.834 0.160 
  36 P X   0.001 0.000 0.000 0.002 0.001 0.002 0.828 0.166 
  37 N X   0.001 0.000 0.000 0.002 0.001 0.002 0.822 0.172 
  38 T X   0.001 0.000 0.000 0.002 0.001 0.002 0.814 0.179 
  39 D X   0.001 0.000 0.000 0.003 0.001 0.002 0.806 0.187 
  40 P X   0.001 0.001 0.000 0.003 0.001 0.003 0.796 0.195 
  41 V X   0.001 0.001 0.000 0.004 0.001 0.004 0.785 0.204 
  42 P X   0.002 0.001 0.000 0.005 0.001 0.004 0.772 0.215 
  43 T X   0.002 0.002 0.000 0.005 0.002 0.005 0.758 0.226 
  44 L X   0.002 0.002 0.000 0.006 0.002 0.007 0.742 0.239 
  45 P X   0.002 0.003 0.000 0.006 0.002 0.008 0.725 0.253 
  46 A X   0.003 0.004 0.000 0.007 0.002 0.010 0.706 0.268 
  47 E X   0.004 0.005 0.000 0.007 0.003 0.013 0.686 0.282 
  48 P X   0.005 0.007 0.001 0.007 0.004 0.017 0.663 0.295 
  49 C X   0.008 0.010 0.001 0.009 0.007 0.024 0.637 0.305 
  50 S X   0.012 0.016 0.001 0.011 0.011 0.032 0.607 0.310 
  51 P X   0.018 0.028 0.002 0.015 0.019 0.041 0.572 0.306 
  52 F X   0.025 0.049 0.002 0.021 0.028 0.050 0.533 0.291 
  53 P X   0.030 0.079 0.003 0.030 0.038 0.057 0.493 0.269 
  54 Q X   0.035 0.112 0.003 0.039 0.045 0.061 0.458 0.247 
  55 L X   0.038 0.140 0.003 0.048 0.049 0.062 0.428 0.232 
  56 F X   0.041 0.158 0.003 0.053 0.050 0.062 0.406 0.228 
  57 L X   0.042 0.168 0.002 0.056 0.049 0.059 0.388 0.235 
  58 A X   0.043 0.172 0.002 0.055 0.047 0.056 0.374 0.251 
  59 L X   0.043 0.170 0.002 0.050 0.043 0.052 0.362 0.277 
  60 Y X   0.043 0.164 0.002 0.043 0.038 0.048 0.352 0.310 
  61 D _   0.042 0.152 0.002 0.036 0.032 0.043 0.343 0.350 
  62 F _   0.040 0.136 0.002 0.028 0.026 0.039 0.337 0.393 
  63 T _   0.037 0.119 0.002 0.023 0.020 0.034 0.331 0.434 
  64 A _   0.033 0.103 0.001 0.019 0.016 0.030 0.327 0.470 
  65 R _   0.029 0.090 0.001 0.017 0.012 0.026 0.323 0.502 
  66 C _   0.026 0.079 0.001 0.015 0.010 0.023 0.319 0.528 
  67 G _   0.022 0.070 0.001 0.014 0.008 0.020 0.315 0.550 
  68 G _   0.019 0.062 0.001 0.013 0.007 0.018 0.311 0.570 
  69 E _   0.016 0.055 0.001 0.013 0.006 0.015 0.307 0.587 
  70 L _   0.014 0.049 0.001 0.012 0.005 0.013 0.303 0.604 
  71 S _   0.012 0.043 0.001 0.010 0.004 0.012 0.299 0.620 
  72 V _   0.010 0.037 0.000 0.009 0.004 0.010 0.294 0.635 
  73 R _   0.008 0.033 0.000 0.007 0.003 0.009 0.290 0.648 
  74 R _   0.007 0.031 0.000 0.006 0.003 0.009 0.285 0.659 
  75 G _   0.007 0.029 0.000 0.006 0.003 0.009 0.279 0.668 
  76 D _   0.006 0.029 0.000 0.006 0.003 0.009 0.273 0.674 
  77 R _   0.007 0.030 0.000 0.006 0.003 0.010 0.267 0.677 
  78 L _   0.007 0.033 0.000 0.007 0.003 0.011 0.260 0.678 
  79 C _   0.008 0.039 0.001 0.009 0.004 0.012 0.252 0.675 
  80 A _   0.008 0.047 0.001 0.013 0.006 0.014 0.243 0.668 
  81 L _   0.009 0.058 0.001 0.017 0.007 0.016 0.234 0.658 
  82 E _   0.010 0.071 0.001 0.022 0.009 0.018 0.225 0.644 
  83 E _   0.010 0.085 0.001 0.028 0.011 0.019 0.216 0.630 
  84 G _   0.011 0.097 0.001 0.034 0.013 0.020 0.207 0.616 
  85 G _   0.011 0.107 0.001 0.039 0.014 0.021 0.200 0.606 
  86 G _   0.012 0.113 0.001 0.043 0.015 0.021 0.194 0.600 
  87 Y _   0.012 0.115 0.001 0.045 0.015 0.021 0.190 0.600 
  88 I _   0.013 0.113 0.001 0.044 0.014 0.020 0.187 0.607 
  89 F _   0.012 0.108 0.001 0.040 0.013 0.019 0.184 0.621 
  90 A _   0.012 0.098 0.001 0.034 0.011 0.018 0.183 0.643 
  91 R _   0.011 0.083 0.001 0.026 0.009 0.016 0.182 0.672 
  92 R _   0.011 0.065 0.001 0.018 0.007 0.015 0.181 0.703 
  93 L _   0.010 0.049 0.001 0.012 0.005 0.014 0.180 0.730 
  94 S _   0.009 0.038 0.000 0.007 0.004 0.013 0.179 0.750 
  95 G _   0.009 0.032 0.000 0.005 0.003 0.013 0.177 0.760 
  96 Q _   0.010 0.030 0.000 0.004 0.003 0.014 0.175 0.763 
  97 P _   0.012 0.031 0.000 0.005 0.004 0.017 0.172 0.760 
  98 S _   0.015 0.035 0.001 0.007 0.006 0.020 0.169 0.747 
  99 A _   0.018 0.047 0.001 0.012 0.009 0.024 0.165 0.724 
 100 G _   0.021 0.067 0.001 0.020 0.014 0.028 0.160 0.689 
 101 L _   0.023 0.093 0.002 0.031 0.018 0.031 0.154 0.649 
 102 V _   0.024 0.118 0.002 0.041 0.021 0.032 0.150 0.612 
 103 P _   0.024 0.136 0.002 0.051 0.023 0.033 0.146 0.586 
 104 I _   0.024 0.146 0.002 0.056 0.024 0.032 0.143 0.572 
 105 T _   0.023 0.151 0.002 0.058 0.023 0.031 0.142 0.571 
 106 H _   0.022 0.150 0.002 0.056 0.021 0.028 0.142 0.579 
 107 V _   0.021 0.143 0.001 0.051 0.018 0.026 0.142 0.597 
 108 A _   0.019 0.131 0.001 0.043 0.015 0.023 0.143 0.625 
 109 K _   0.017 0.113 0.001 0.033 0.012 0.020 0.145 0.659 
 110 A _   0.015 0.090 0.001 0.025 0.009 0.017 0.147 0.696 
 111 S _   0.014 0.067 0.001 0.017 0.007 0.014 0.148 0.732 
 112 P _   0.012 0.049 0.001 0.012 0.005 0.012 0.150 0.760 
 113 E _   0.010 0.037 0.000 0.008 0.003 0.011 0.150 0.780 
 114 T _   0.009 0.029 0.000 0.006 0.003 0.009 0.150 0.793 
 115 L _   0.008 0.025 0.000 0.005 0.002 0.009 0.150 0.800 
 116 S _   0.008 0.024 0.000 0.004 0.002 0.009 0.149 0.804 
 117 D _   0.007 0.024 0.000 0.005 0.002 0.009 0.148 0.804 
 118 Q _   0.008 0.026 0.000 0.006 0.003 0.010 0.146 0.802 
 119 P _   0.008 0.029 0.000 0.008 0.004 0.011 0.143 0.796 
 120 W _   0.009 0.035 0.001 0.010 0.005 0.013 0.141 0.787 
 121 Y _   0.009 0.044 0.001 0.014 0.006 0.015 0.138 0.774 
 122 F _   0.010 0.055 0.001 0.018 0.007 0.016 0.134 0.759 
 123 S _   0.010 0.067 0.001 0.022 0.009 0.018 0.131 0.742 
 124 G _   0.011 0.079 0.001 0.027 0.010 0.019 0.127 0.726 
 125 V _   0.011 0.090 0.001 0.032 0.011 0.019 0.124 0.711 
 126 S _   0.011 0.098 0.001 0.037 0.012 0.019 0.122 0.700 
 127 R _   0.012 0.103 0.001 0.040 0.012 0.019 0.120 0.694 
 128 T _   0.012 0.105 0.001 0.041 0.012 0.019 0.119 0.691 
 129 Q _   0.012 0.104 0.001 0.041 0.011 0.018 0.119 0.694 
 130 A _   0.012 0.100 0.001 0.039 0.010 0.016 0.120 0.703 
 131 Q _   0.011 0.092 0.001 0.033 0.009 0.014 0.120 0.719 
 132 Q _   0.010 0.080 0.001 0.027 0.007 0.012 0.121 0.741 
 133 L _   0.010 0.066 0.001 0.019 0.005 0.011 0.123 0.766 
 134 L _   0.009 0.051 0.001 0.013 0.004 0.009 0.123 0.790 
 135 L _   0.007 0.039 0.000 0.008 0.003 0.007 0.124 0.811 
 136 S _   0.006 0.031 0.000 0.005 0.002 0.006 0.123 0.826 
 137 P _   0.005 0.027 0.000 0.004 0.002 0.006 0.122 0.834 
 138 P _   0.005 0.026 0.000 0.004 0.002 0.006 0.121 0.837 
 139 N _   0.005 0.026 0.000 0.005 0.002 0.007 0.119 0.836 
 140 E _   0.006 0.030 0.000 0.007 0.003 0.008 0.116 0.831 
 141 P _   0.007 0.037 0.000 0.010 0.004 0.010 0.113 0.820 
 142 G _   0.007 0.047 0.001 0.015 0.005 0.011 0.109 0.805 
 143 A _   0.007 0.059 0.001 0.020 0.006 0.012 0.105 0.790 
 144 F _   0.007 0.069 0.001 0.024 0.006 0.013 0.101 0.779 
 145 L _   0.007 0.077 0.001 0.026 0.007 0.013 0.097 0.773 
 146 I _   0.007 0.082 0.001 0.026 0.007 0.012 0.094 0.773 
 147 R _   0.006 0.084 0.001 0.023 0.006 0.012 0.091 0.777 
 148 P _   0.006 0.084 0.001 0.020 0.005 0.011 0.089 0.784 
 149 S _   0.005 0.084 0.001 0.016 0.005 0.011 0.087 0.792 
 150 E _   0.005 0.083 0.001 0.013 0.004 0.011 0.085 0.798 
 151 S _   0.005 0.083 0.000 0.011 0.004 0.011 0.083 0.802 
 152 S _   0.006 0.084 0.000 0.010 0.004 0.011 0.082 0.803 
 153 L _   0.006 0.087 0.000 0.010 0.004 0.012 0.080 0.800 
 154 G _   0.007 0.092 0.001 0.011 0.005 0.014 0.078 0.793 
 155 G _   0.008 0.100 0.001 0.013 0.006 0.015 0.075 0.782 
 156 Y _   0.009 0.110 0.001 0.015 0.007 0.017 0.073 0.769 
 157 S _   0.010 0.120 0.001 0.018 0.008 0.019 0.070 0.754 
 158 L _   0.011 0.130 0.001 0.020 0.009 0.021 0.068 0.740 
 159 S _   0.012 0.139 0.001 0.022 0.010 0.023 0.065 0.728 
 160 V _   0.013 0.147 0.001 0.023 0.011 0.024 0.063 0.717 
 161 R _   0.014 0.154 0.001 0.023 0.012 0.025 0.061 0.709 
 162 A _   0.016 0.159 0.001 0.023 0.013 0.026 0.060 0.702 
 163 Q _   0.017 0.163 0.001 0.022 0.013 0.027 0.059 0.697 
 164 A _   0.018 0.166 0.001 0.022 0.014 0.028 0.057 0.694 
 165 K _   0.019 0.168 0.001 0.022 0.015 0.028 0.057 0.690 
 166 V _   0.020 0.169 0.001 0.023 0.015 0.028 0.056 0.687 
 167 C _   0.021 0.169 0.001 0.023 0.015 0.028 0.056 0.686 
 168 H _   0.022 0.168 0.001 0.024 0.016 0.028 0.055 0.685 
 169 Y _   0.023 0.167 0.001 0.025 0.016 0.027 0.055 0.686 
 170 R _   0.024 0.164 0.001 0.025 0.015 0.026 0.056 0.689 
 171 V _   0.024 0.158 0.001 0.025 0.014 0.025 0.056 0.696 
 172 S _   0.023 0.150 0.001 0.025 0.013 0.023 0.057 0.707 
 173 M _   0.022 0.140 0.001 0.023 0.012 0.022 0.058 0.721 
 174 A _   0.021 0.128 0.001 0.021 0.011 0.020 0.060 0.738 
 175 A _   0.020 0.113 0.001 0.019 0.009 0.018 0.061 0.758 
 176 D _   0.019 0.098 0.001 0.017 0.008 0.017 0.063 0.778 
 177 G _   0.017 0.083 0.001 0.015 0.007 0.015 0.065 0.797 
 178 S _   0.016 0.068 0.001 0.013 0.006 0.014 0.066 0.817 
 179 L _   0.014 0.056 0.001 0.010 0.005 0.013 0.068 0.834 
 180 Y _   0.013 0.046 0.001 0.008 0.004 0.012 0.069 0.848 
 181 L _   0.012 0.039 0.000 0.007 0.003 0.011 0.069 0.858 
 182 Q _   0.011 0.035 0.000 0.006 0.003 0.011 0.070 0.865 
 183 K _   0.010 0.033 0.000 0.005 0.003 0.011 0.070 0.868 
 184 G _   0.010 0.033 0.000 0.005 0.003 0.012 0.070 0.867 
 185 R _   0.011 0.035 0.000 0.006 0.004 0.014 0.069 0.862 
 186 L _   0.012 0.039 0.001 0.008 0.005 0.016 0.068 0.852 
 187 F _   0.013 0.048 0.001 0.011 0.007 0.018 0.067 0.834 
 188 P _   0.014 0.062 0.001 0.016 0.009 0.021 0.066 0.810 
 189 G _   0.016 0.080 0.001 0.023 0.012 0.023 0.065 0.782 
 190 L _   0.017 0.097 0.001 0.029 0.014 0.025 0.063 0.754 
 191 E _   0.017 0.112 0.001 0.035 0.015 0.025 0.062 0.732 
 192 E _   0.018 0.121 0.001 0.038 0.016 0.025 0.062 0.718 
 193 L _   0.017 0.125 0.001 0.039 0.016 0.025 0.062 0.713 
 194 L _   0.017 0.126 0.001 0.038 0.015 0.024 0.062 0.717 
 195 T _   0.016 0.123 0.001 0.034 0.014 0.022 0.063 0.726 
 196 Y _   0.016 0.117 0.001 0.029 0.012 0.021 0.064 0.741 
 197 Y _   0.015 0.108 0.001 0.024 0.010 0.019 0.066 0.757 
 198 K _   0.015 0.098 0.001 0.020 0.009 0.018 0.067 0.772 
 199 A _   0.015 0.089 0.001 0.017 0.007 0.016 0.069 0.786 
 200 N _   0.014 0.080 0.001 0.015 0.007 0.015 0.071 0.798 
 201 W _   0.014 0.072 0.001 0.013 0.006 0.015 0.073 0.807 
 202 K _   0.014 0.066 0.001 0.013 0.006 0.014 0.074 0.813 
 203 L _   0.013 0.061 0.001 0.013 0.005 0.014 0.076 0.817 
 204 I _   0.013 0.057 0.001 0.014 0.005 0.013 0.078 0.820 
 205 Q _   0.013 0.053 0.001 0.014 0.005 0.013 0.079 0.822 
 206 N _   0.012 0.049 0.001 0.014 0.005 0.012 0.081 0.825 
 207 P _   0.012 0.045 0.001 0.014 0.005 0.011 0.083 0.829 
 208 L _   0.012 0.040 0.001 0.014 0.005 0.011 0.085 0.833 
 209 L _   0.011 0.035 0.001 0.013 0.004 0.010 0.087 0.839 
 210 Q _   0.010 0.030 0.001 0.012 0.004 0.009 0.088 0.845 
 211 P _   0.010 0.024 0.000 0.011 0.004 0.009 0.090 0.852 
 212 C _   0.009 0.019 0.000 0.010 0.003 0.008 0.092 0.859 
 213 M _   0.008 0.015 0.000 0.008 0.003 0.007 0.093 0.866 
 214 P _   0.008 0.012 0.000 0.007 0.002 0.007 0.094 0.871 
 215 Q _   0.007 0.009 0.000 0.006 0.002 0.006 0.094 0.875 
 216 K _   0.006 0.007 0.000 0.005 0.002 0.006 0.094 0.879 
 217 A _   0.006 0.006 0.000 0.005 0.002 0.006 0.094 0.881 
 218 P _   0.006 0.005 0.000 0.005 0.002 0.005 0.094 0.883 
 219 R _   0.005 0.005 0.000 0.005 0.002 0.006 0.093 0.884 
 220 Q _   0.005 0.005 0.000 0.006 0.002 0.006 0.091 0.885 
 221 D _   0.005 0.005 0.000 0.006 0.002 0.006 0.090 0.885 
 222 V _   0.005 0.006 0.000 0.007 0.002 0.007 0.088 0.885 
 223 W _   0.005 0.007 0.000 0.008 0.003 0.007 0.085 0.884 
 224 E _   0.005 0.009 0.000 0.009 0.003 0.008 0.083 0.883 
 225 R _   0.005 0.010 0.000 0.011 0.003 0.009 0.080 0.881 
 226 P _   0.005 0.012 0.000 0.013 0.004 0.009 0.077 0.879 
 227 H _   0.006 0.013 0.001 0.015 0.004 0.010 0.074 0.877 
 228 S _   0.006 0.015 0.001 0.017 0.005 0.011 0.071 0.875 
 229 E _   0.006 0.016 0.001 0.019 0.005 0.012 0.068 0.873 
 230 F _   0.006 0.017 0.001 0.020 0.006 0.012 0.065 0.872 
 231 A _   0.007 0.018 0.001 0.021 0.006 0.013 0.063 0.872 
 232 L _   0.007 0.017 0.001 0.021 0.006 0.013 0.061 0.874 
 233 G _   0.007 0.016 0.001 0.019 0.006 0.013 0.059 0.878 
 234 R _   0.008 0.014 0.001 0.017 0.006 0.014 0.057 0.884 
 235 K _   0.008 0.012 0.001 0.015 0.006 0.014 0.055 0.889 
 236 L _   0.009 0.010 0.001 0.012 0.005 0.015 0.053 0.894 
 237 G _   0.011 0.007 0.001 0.010 0.005 0.016 0.052 0.897 
 238 E _   0.015 0.005 0.001 0.009 0.005 0.018 0.050 0.897 
 239 G _   0.020 0.004 0.001 0.008 0.006 0.021 0.049 0.893 
 240 Y _   0.028 0.003 0.001 0.007 0.007 0.024 0.047 0.884 
 241 F _   0.039 0.002 0.001 0.007 0.008 0.028 0.045 0.870 
 242 G _   0.054 0.002 0.001 0.008 0.011 0.032 0.043 0.850 
 243 E _   0.072 0.001 0.001 0.008 0.013 0.037 0.041 0.826 
 244 V _   0.094 0.001 0.001 0.009 0.016 0.042 0.039 0.798 
 245 W _   0.117 0.001 0.001 0.009 0.019 0.046 0.037 0.769 
 246 E _   0.144 0.001 0.001 0.008 0.023 0.049 0.036 0.738 
 247 G _   0.171 0.001 0.002 0.008 0.025 0.052 0.034 0.708 
 248 L _   0.197 0.001 0.002 0.007 0.027 0.054 0.033 0.680 
 249 W _   0.219 0.001 0.002 0.006 0.029 0.055 0.032 0.656 
 250 L _   0.238 0.001 0.002 0.006 0.030 0.056 0.031 0.637 
 251 G _   0.252 0.001 0.002 0.006 0.032 0.056 0.031 0.622 
 252 S _   0.262 0.001 0.002 0.006 0.032 0.055 0.030 0.611 
 253 L _   0.268 0.001 0.002 0.006 0.033 0.054 0.031 0.606 
 254 P _   0.268 0.001 0.002 0.007 0.033 0.053 0.031 0.605 
 255 V _   0.263 0.001 0.002 0.008 0.032 0.050 0.032 0.611 
 256 A _   0.251 0.002 0.002 0.010 0.031 0.048 0.033 0.624 
 257 I _   0.235 0.002 0.002 0.011 0.029 0.045 0.034 0.643 
 258 K _   0.212 0.002 0.002 0.012 0.026 0.041 0.035 0.669 
 259 V _   0.187 0.002 0.002 0.012 0.022 0.037 0.037 0.701 
 260 I _   0.159 0.002 0.001 0.012 0.018 0.033 0.038 0.736 
 261 K _   0.130 0.002 0.001 0.011 0.015 0.029 0.040 0.773 
 262 S _   0.102 0.001 0.001 0.010 0.011 0.025 0.041 0.809 
 263 A _   0.078 0.001 0.001 0.008 0.008 0.021 0.043 0.840 
 264 N _   0.059 0.001 0.001 0.006 0.006 0.018 0.043 0.866 
 265 M _   0.044 0.001 0.001 0.005 0.005 0.016 0.044 0.885 
 266 K _   0.034 0.000 0.000 0.004 0.004 0.014 0.044 0.899 
 267 L _   0.026 0.000 0.000 0.004 0.004 0.013 0.045 0.907 
 268 T _   0.022 0.001 0.000 0.004 0.004 0.013 0.045 0.912 
 269 D _   0.019 0.001 0.000 0.005 0.004 0.013 0.045 0.913 
 270 L _   0.018 0.001 0.000 0.007 0.004 0.013 0.044 0.912 
 271 A _   0.017 0.002 0.001 0.008 0.005 0.014 0.044 0.909 
 272 K _   0.017 0.002 0.001 0.010 0.006 0.015 0.044 0.906 
 273 E _   0.017 0.003 0.001 0.011 0.006 0.016 0.044 0.903 
 274 I _   0.017 0.003 0.001 0.012 0.007 0.016 0.043 0.901 
 275 Q _   0.017 0.003 0.001 0.012 0.007 0.017 0.043 0.900 
 276 T _   0.018 0.003 0.001 0.011 0.007 0.017 0.042 0.901 
 277 L _   0.018 0.003 0.001 0.010 0.006 0.018 0.042 0.902 
 278 K _   0.019 0.002 0.001 0.009 0.006 0.018 0.042 0.903 
 279 G _   0.021 0.002 0.001 0.007 0.006 0.019 0.041 0.903 
 280 L _   0.023 0.001 0.001 0.006 0.006 0.020 0.041 0.902 
 281 R _   0.026 0.001 0.001 0.006 0.007 0.022 0.040 0.897 
 282 H _   0.030 0.001 0.001 0.006 0.008 0.024 0.040 0.890 
 283 E _   0.034 0.001 0.001 0.007 0.009 0.027 0.039 0.881 
 284 R _   0.040 0.002 0.001 0.008 0.011 0.029 0.039 0.870 
 285 L _   0.045 0.002 0.001 0.010 0.013 0.032 0.038 0.858 
 286 I _   0.051 0.003 0.001 0.012 0.015 0.034 0.038 0.846 
 287 R _   0.056 0.003 0.001 0.013 0.017 0.035 0.038 0.836 
 288 L _   0.060 0.004 0.001 0.014 0.018 0.036 0.038 0.829 
 289 H _   0.063 0.004 0.001 0.014 0.018 0.036 0.038 0.826 
 290 A _   0.066 0.004 0.001 0.013 0.017 0.036 0.038 0.826 
 291 V _   0.067 0.003 0.001 0.011 0.016 0.035 0.038 0.829 
 292 C _   0.069 0.003 0.001 0.009 0.014 0.034 0.038 0.832 
 293 S _   0.069 0.003 0.001 0.008 0.013 0.034 0.038 0.834 
 294 G _   0.070 0.003 0.001 0.007 0.013 0.034 0.039 0.834 
 295 G _   0.071 0.003 0.001 0.007 0.013 0.034 0.039 0.831 
 296 E _   0.071 0.004 0.001 0.008 0.014 0.034 0.040 0.828 
 297 P _   0.070 0.005 0.001 0.011 0.015 0.034 0.040 0.823 
 298 V _   0.068 0.007 0.001 0.014 0.016 0.034 0.041 0.818 
 299 Y _   0.065 0.009 0.001 0.017 0.017 0.034 0.042 0.816 
 300 I _   0.060 0.011 0.001 0.020 0.017 0.032 0.043 0.816 
 301 V _   0.054 0.012 0.001 0.022 0.016 0.030 0.045 0.820 
 302 T _   0.048 0.012 0.001 0.022 0.015 0.027 0.046 0.829 
 303 E _   0.041 0.012 0.001 0.020 0.013 0.025 0.048 0.841 
 304 L _   0.033 0.011 0.001 0.018 0.010 0.021 0.049 0.857 
 305 M _   0.027 0.009 0.001 0.014 0.008 0.018 0.050 0.872 
 306 R _   0.022 0.008 0.001 0.011 0.006 0.016 0.052 0.885 
 307 K _   0.017 0.006 0.001 0.009 0.005 0.014 0.053 0.895 
 308 G _   0.015 0.005 0.000 0.008 0.004 0.012 0.054 0.901 
 309 N _   0.013 0.005 0.000 0.008 0.004 0.011 0.055 0.905 
 310 L _   0.012 0.004 0.000 0.008 0.004 0.010 0.056 0.906 
 311 Q _   0.011 0.004 0.000 0.008 0.004 0.010 0.056 0.906 
 312 A _   0.010 0.004 0.000 0.009 0.004 0.010 0.057 0.906 
 313 F _   0.010 0.004 0.000 0.009 0.004 0.009 0.058 0.906 
 314 L _   0.009 0.003 0.000 0.009 0.004 0.009 0.058 0.907 
 315 G _   0.008 0.003 0.000 0.009 0.003 0.009 0.059 0.909 
 316 T _   0.008 0.002 0.000 0.008 0.003 0.009 0.059 0.911 
 317 P _   0.008 0.002 0.000 0.007 0.003 0.009 0.059 0.913 
 318 E _   0.008 0.001 0.000 0.006 0.003 0.009 0.059 0.913 
 319 G _   0.009 0.001 0.000 0.005 0.003 0.010 0.059 0.913 
 320 R _   0.012 0.001 0.000 0.004 0.003 0.011 0.058 0.911 
 321 A _   0.015 0.000 0.000 0.004 0.003 0.013 0.058 0.906 
 322 L _   0.021 0.000 0.000 0.004 0.003 0.016 0.057 0.898 
 323 R _   0.030 0.000 0.000 0.004 0.004 0.021 0.055 0.884 
 324 L _   0.045 0.000 0.001 0.004 0.006 0.027 0.054 0.862 
 325 P _   0.066 0.001 0.001 0.005 0.010 0.035 0.052 0.830 
 326 P _   0.095 0.002 0.001 0.006 0.016 0.045 0.050 0.785 
 327 L _   0.128 0.003 0.002 0.008 0.026 0.056 0.048 0.730 
 328 L _   0.162 0.006 0.002 0.011 0.037 0.066 0.045 0.670 
 329 G _   0.194 0.011 0.002 0.015 0.049 0.074 0.044 0.612 
 330 F _   0.219 0.015 0.003 0.020 0.059 0.079 0.042 0.564 
 331 A _   0.235 0.020 0.003 0.025 0.065 0.080 0.042 0.531 
 332 C _   0.245 0.023 0.003 0.028 0.067 0.079 0.041 0.513 
 333 Q _   0.249 0.024 0.003 0.029 0.065 0.076 0.042 0.512 
 334 V _   0.247 0.024 0.003 0.028 0.060 0.071 0.042 0.524 
 335 A _   0.237 0.022 0.003 0.025 0.053 0.066 0.044 0.550 
 336 E _   0.221 0.018 0.002 0.021 0.045 0.059 0.045 0.588 
 337 G _   0.200 0.014 0.002 0.016 0.036 0.052 0.047 0.633 
 338 M _   0.175 0.010 0.002 0.013 0.027 0.046 0.049 0.680 
 339 S _   0.147 0.006 0.001 0.010 0.020 0.040 0.051 0.725 
 340 Y _   0.120 0.004 0.001 0.008 0.015 0.034 0.052 0.765 
 341 L _   0.096 0.003 0.001 0.007 0.011 0.030 0.054 0.798 
 342 E _   0.076 0.002 0.001 0.006 0.009 0.026 0.056 0.825 
 343 E _   0.060 0.001 0.001 0.006 0.007 0.023 0.057 0.845 
 344 Q _   0.047 0.001 0.001 0.006 0.006 0.021 0.058 0.861 
 345 R _   0.037 0.001 0.001 0.006 0.006 0.019 0.059 0.871 
 346 V _   0.031 0.002 0.001 0.007 0.005 0.018 0.059 0.878 
 347 V _   0.026 0.002 0.001 0.008 0.005 0.017 0.060 0.882 
 348 H _   0.022 0.002 0.001 0.009 0.006 0.016 0.060 0.884 
 349 R _   0.020 0.003 0.001 0.010 0.006 0.016 0.061 0.884 
 350 D _   0.018 0.004 0.001 0.011 0.006 0.016 0.061 0.883 
 351 L _   0.017 0.004 0.001 0.012 0.007 0.015 0.061 0.883 
 352 A _   0.016 0.005 0.001 0.012 0.006 0.015 0.062 0.883 
 353 A _   0.015 0.005 0.001 0.012 0.006 0.014 0.063 0.884 
 354 R _   0.014 0.005 0.001 0.011 0.006 0.014 0.063 0.886 
 355 N _   0.014 0.005 0.001 0.009 0.005 0.014 0.064 0.889 
 356 V _   0.013 0.005 0.001 0.008 0.005 0.013 0.064 0.891 
 357 L _   0.013 0.006 0.000 0.007 0.004 0.014 0.064 0.892 
 358 V _   0.014 0.006 0.000 0.006 0.004 0.014 0.064 0.891 
 359 D _   0.014 0.007 0.000 0.006 0.004 0.016 0.065 0.888 
 360 D _   0.016 0.009 0.001 0.006 0.005 0.017 0.064 0.882 
 361 G _   0.018 0.012 0.001 0.007 0.006 0.020 0.064 0.872 
 362 L _   0.021 0.018 0.001 0.009 0.008 0.023 0.064 0.857 
 363 A _   0.024 0.027 0.001 0.012 0.010 0.027 0.063 0.836 
 364 C _   0.027 0.042 0.001 0.016 0.013 0.030 0.062 0.809 
 365 K _   0.028 0.060 0.001 0.022 0.017 0.032 0.062 0.778 
 366 V _   0.030 0.082 0.002 0.028 0.019 0.034 0.061 0.744 
 367 A _   0.031 0.102 0.002 0.036 0.022 0.035 0.060 0.712 
 368 D _   0.031 0.119 0.002 0.042 0.023 0.035 0.060 0.688 
 369 F _   0.031 0.130 0.002 0.047 0.023 0.034 0.060 0.672 
 370 G _   0.030 0.136 0.002 0.050 0.023 0.033 0.061 0.666 
 371 L _   0.028 0.137 0.002 0.051 0.021 0.031 0.063 0.668 
 372 A _   0.026 0.134 0.001 0.049 0.019 0.028 0.064 0.678 
 373 R _   0.024 0.127 0.001 0.045 0.016 0.025 0.067 0.695 
 374 L _   0.021 0.114 0.001 0.039 0.013 0.022 0.070 0.720 
 375 L _   0.019 0.096 0.001 0.032 0.010 0.019 0.073 0.750 
 376 K _   0.017 0.075 0.001 0.024 0.008 0.016 0.076 0.784 
 377 D _   0.015 0.054 0.001 0.018 0.006 0.013 0.079 0.816 
 378 D _   0.012 0.036 0.001 0.012 0.004 0.011 0.082 0.842 
 379 I _   0.010 0.023 0.000 0.008 0.003 0.009 0.083 0.863 
 380 Y _   0.009 0.015 0.000 0.006 0.002 0.007 0.085 0.876 
 381 S _   0.007 0.010 0.000 0.004 0.002 0.006 0.085 0.885 
 382 P _   0.006 0.008 0.000 0.004 0.002 0.006 0.085 0.889 
 383 S _   0.006 0.007 0.000 0.004 0.002 0.006 0.085 0.891 
 384 S _   0.005 0.007 0.000 0.004 0.002 0.006 0.084 0.891 
 385 S _   0.006 0.008 0.000 0.005 0.002 0.007 0.082 0.889 
 386 S _   0.006 0.010 0.000 0.007 0.003 0.008 0.081 0.885 
 387 K _   0.006 0.014 0.000 0.010 0.004 0.010 0.078 0.877 
 388 I _   0.007 0.019 0.001 0.014 0.004 0.011 0.076 0.868 
 389 P _   0.007 0.024 0.001 0.018 0.006 0.013 0.073 0.858 
 390 V _   0.007 0.030 0.001 0.023 0.007 0.014 0.071 0.849 
 391 K _   0.007 0.034 0.001 0.026 0.007 0.015 0.068 0.843 
 392 W _   0.007 0.036 0.001 0.027 0.008 0.015 0.066 0.839 
 393 T _   0.007 0.038 0.001 0.028 0.008 0.015 0.065 0.838 
 394 A _   0.007 0.038 0.001 0.028 0.008 0.016 0.063 0.839 
 395 P _   0.008 0.037 0.001 0.026 0.008 0.016 0.062 0.843 
 396 E _   0.008 0.034 0.001 0.024 0.008 0.016 0.061 0.848 
 397 A _   0.009 0.031 0.001 0.022 0.007 0.016 0.061 0.853 
 398 A _   0.009 0.028 0.001 0.020 0.007 0.016 0.060 0.859 
 399 N _   0.011 0.023 0.001 0.017 0.007 0.016 0.060 0.865 
 400 Y _   0.012 0.019 0.001 0.015 0.006 0.016 0.060 0.871 
 401 R _   0.014 0.014 0.001 0.013 0.006 0.017 0.060 0.876 
 402 V _   0.018 0.010 0.001 0.010 0.006 0.017 0.059 0.879 
 403 F _   0.024 0.006 0.001 0.008 0.005 0.018 0.058 0.879 
 404 S _   0.034 0.003 0.001 0.006 0.005 0.020 0.058 0.873 
 405 Q _   0.049 0.001 0.001 0.005 0.006 0.022 0.057 0.859 
 406 K _   0.072 0.001 0.001 0.004 0.007 0.026 0.055 0.835 
 407 S _   0.106 0.000 0.001 0.003 0.009 0.030 0.054 0.797 
 408 D _   0.152 0.000 0.001 0.003 0.012 0.036 0.052 0.742 
 409 V _   0.209 0.000 0.001 0.003 0.018 0.043 0.051 0.674 
 410 W _   0.270 0.000 0.002 0.004 0.027 0.050 0.049 0.598 
 411 S _   0.325 0.001 0.002 0.005 0.037 0.056 0.048 0.526 
 412 F _   0.373 0.002 0.002 0.007 0.047 0.060 0.048 0.462 
 413 G _   0.408 0.003 0.002 0.009 0.055 0.062 0.049 0.411 
 414 V H   0.431 0.005 0.003 0.012 0.061 0.062 0.050 0.377 
 415 L H   0.440 0.006 0.003 0.014 0.063 0.061 0.052 0.361 
 416 L H   0.437 0.007 0.003 0.015 0.064 0.058 0.055 0.361 
 417 H H   0.424 0.007 0.003 0.016 0.060 0.055 0.059 0.376 
 418 E _   0.398 0.007 0.003 0.016 0.055 0.050 0.064 0.406 
 419 V _   0.358 0.007 0.003 0.016 0.047 0.045 0.071 0.453 
 420 F _   0.308 0.006 0.002 0.015 0.037 0.040 0.078 0.513 
 421 T _   0.253 0.004 0.002 0.014 0.027 0.034 0.086 0.579 
 422 Y _   0.197 0.003 0.002 0.012 0.019 0.029 0.095 0.644 
 423 G _   0.146 0.002 0.001 0.010 0.013 0.024 0.103 0.702 
 424 Q _   0.103 0.001 0.001 0.008 0.009 0.019 0.109 0.750 
 425 C _   0.070 0.001 0.001 0.006 0.006 0.016 0.115 0.786 
 426 P _   0.047 0.001 0.001 0.005 0.004 0.013 0.119 0.810 
 427 Y _   0.032 0.001 0.000 0.004 0.003 0.011 0.123 0.826 
 428 E _   0.023 0.001 0.000 0.004 0.003 0.010 0.126 0.834 
 429 G _   0.017 0.001 0.000 0.003 0.002 0.010 0.128 0.838 
 430 M _   0.014 0.001 0.000 0.004 0.003 0.011 0.130 0.838 
 431 T _   0.013 0.003 0.000 0.005 0.003 0.012 0.131 0.833 
 432 N _   0.012 0.005 0.000 0.008 0.004 0.013 0.132 0.824 
 433 H _   0.013 0.010 0.001 0.011 0.006 0.016 0.133 0.811 
 434 E _   0.013 0.016 0.001 0.017 0.008 0.018 0.134 0.793 
 435 T _   0.014 0.023 0.001 0.024 0.010 0.019 0.135 0.773 
 436 L _   0.014 0.030 0.001 0.031 0.012 0.021 0.137 0.754 
 437 Q _   0.015 0.034 0.001 0.036 0.013 0.021 0.139 0.741 
 438 Q _   0.014 0.036 0.001 0.039 0.013 0.021 0.142 0.733 
 439 I _   0.014 0.036 0.001 0.039 0.013 0.020 0.145 0.732 
 440 M _   0.013 0.034 0.001 0.035 0.011 0.018 0.150 0.738 
 441 R _   0.012 0.030 0.001 0.029 0.009 0.016 0.154 0.748 
 442 G _   0.011 0.023 0.001 0.022 0.007 0.014 0.160 0.763 
 443 Y _   0.010 0.015 0.001 0.015 0.005 0.013 0.164 0.777 
 444 R _   0.009 0.009 0.001 0.009 0.004 0.012 0.169 0.788 
 445 L _   0.009 0.004 0.000 0.005 0.003 0.011 0.172 0.795 
 446 P _   0.010 0.002 0.000 0.003 0.002 0.011 0.175 0.796 
 447 R _   0.012 0.001 0.000 0.002 0.002 0.012 0.177 0.793 
 448 P _   0.017 0.001 0.000 0.002 0.003 0.015 0.179 0.783 
 449 A _   0.026 0.001 0.000 0.002 0.004 0.020 0.180 0.766 
 450 A _   0.039 0.002 0.001 0.003 0.007 0.028 0.181 0.739 
 451 C _   0.057 0.006 0.001 0.006 0.014 0.038 0.181 0.698 
 452 P _   0.076 0.016 0.002 0.010 0.024 0.049 0.182 0.641 
 453 A _   0.093 0.037 0.002 0.018 0.038 0.058 0.182 0.572 
 454 E _   0.107 0.067 0.003 0.029 0.051 0.065 0.183 0.497 
 455 V _   0.114 0.099 0.003 0.041 0.059 0.067 0.186 0.431 
 456 Y _   0.117 0.123 0.003 0.052 0.063 0.067 0.190 0.386 
 457 V _   0.116 0.137 0.003 0.060 0.062 0.063 0.196 0.362 
 458 L _   0.112 0.142 0.003 0.065 0.058 0.059 0.205 0.358 
 459 M _   0.103 0.141 0.003 0.064 0.051 0.053 0.216 0.369 
 460 L _   0.092 0.133 0.003 0.057 0.043 0.046 0.230 0.397 
 461 E _   0.078 0.116 0.003 0.047 0.033 0.039 0.246 0.440 
 462 C _   0.063 0.088 0.002 0.033 0.023 0.031 0.264 0.496 
 463 W _   0.048 0.057 0.002 0.021 0.014 0.024 0.281 0.553 
 464 R _   0.035 0.032 0.001 0.012 0.008 0.019 0.296 0.598 
 465 S _   0.024 0.018 0.001 0.006 0.004 0.014 0.306 0.626 
 466 S _   0.016 0.013 0.000 0.004 0.003 0.011 0.313 0.640 
 467 P _   0.012 0.011 0.000 0.002 0.002 0.010 0.319 0.644 
 468 E _   0.009 0.011 0.000 0.002 0.002 0.010 0.323 0.643 
 469 E _   0.009 0.013 0.000 0.003 0.002 0.011 0.326 0.635 
 470 R _   0.010 0.021 0.000 0.006 0.003 0.013 0.328 0.619 
 471 P _   0.010 0.038 0.001 0.011 0.006 0.016 0.329 0.589 
 472 S _   0.011 0.072 0.001 0.018 0.008 0.018 0.329 0.542 
 473 F _   0.011 0.120 0.001 0.026 0.011 0.020 0.329 0.481 
 474 A _   0.011 0.172 0.001 0.035 0.013 0.021 0.329 0.417 
 475 T _   0.010 0.217 0.001 0.042 0.014 0.022 0.330 0.365 
 476 L X   0.010 0.247 0.001 0.047 0.015 0.021 0.332 0.326 
 477 R X   0.009 0.266 0.001 0.050 0.015 0.021 0.337 0.301 
 478 E X   0.009 0.276 0.001 0.052 0.015 0.020 0.342 0.284 
 479 K X   0.009 0.280 0.001 0.051 0.014 0.019 0.350 0.275 
 480 L X   0.008 0.279 0.001 0.049 0.013 0.017 0.360 0.272 
 481 H X   0.007 0.273 0.001 0.045 0.012 0.015 0.372 0.275 
 482 A X   0.006 0.261 0.001 0.040 0.010 0.013 0.387 0.282 
 483 I X   0.005 0.241 0.001 0.033 0.008 0.009 0.405 0.297 
 484 H X   0.003 0.209 0.001 0.025 0.005 0.006 0.428 0.323 
 485 R X   0.002 0.162 0.000 0.015 0.002 0.003 0.451 0.366 
 486 C X   0.000 0.120 0.000 0.009 0.000 0.001 0.461 0.408 
 487 H X   0.000 0.099 0.000 0.008 0.000 0.001 0.462 0.430 
 488 P X   0.003 0.090 0.001 0.015 0.003 0.003 0.454 0.430 
