#TopoPred_TM8: 8-state transmembrane topology prediction results by no_profile mode 
#probabilities are in the order of H E C I L F X _, the 8 transmembrane topology types used in PDBTM 
   1 M X   0.018 0.003 0.003 0.067 0.011 0.016 0.605 0.277 
   2 L X   0.007 0.003 0.000 0.046 0.003 0.011 0.620 0.310 
   3 G X   0.003 0.003 0.000 0.033 0.001 0.009 0.621 0.329 
   4 T X   0.003 0.005 0.000 0.027 0.002 0.012 0.615 0.336 
   5 G X   0.005 0.010 0.000 0.027 0.003 0.016 0.601 0.339 
   6 P X   0.007 0.017 0.001 0.028 0.005 0.022 0.580 0.340 
   7 A X   0.010 0.031 0.001 0.030 0.008 0.026 0.557 0.337 
   8 A X   0.012 0.050 0.001 0.033 0.010 0.029 0.532 0.333 
   9 A X   0.013 0.072 0.001 0.034 0.012 0.030 0.507 0.331 
  10 T X   0.013 0.093 0.001 0.035 0.013 0.031 0.483 0.332 
  11 T X   0.013 0.109 0.001 0.034 0.014 0.031 0.462 0.337 
  12 A X   0.013 0.120 0.001 0.031 0.014 0.031 0.445 0.345 
  13 A X   0.013 0.129 0.001 0.027 0.014 0.031 0.430 0.355 
  14 T X   0.014 0.135 0.001 0.023 0.014 0.032 0.417 0.364 
  15 T X   0.016 0.141 0.001 0.020 0.014 0.032 0.406 0.370 
  16 S X   0.017 0.148 0.001 0.019 0.015 0.033 0.394 0.371 
  17 S X   0.019 0.157 0.001 0.020 0.017 0.034 0.383 0.368 
  18 N X   0.021 0.169 0.001 0.024 0.019 0.034 0.373 0.360 
  19 V X   0.023 0.182 0.001 0.029 0.020 0.033 0.363 0.349 
  20 S X   0.024 0.193 0.001 0.035 0.021 0.032 0.355 0.339 
  21 V X   0.024 0.200 0.001 0.040 0.021 0.031 0.349 0.333 
  22 L X   0.024 0.203 0.001 0.044 0.020 0.029 0.344 0.334 
  23 Q _   0.023 0.201 0.001 0.045 0.019 0.026 0.342 0.344 
  24 Q _   0.021 0.193 0.001 0.042 0.016 0.023 0.340 0.362 
  25 F _   0.019 0.176 0.001 0.038 0.014 0.020 0.340 0.391 
  26 A _   0.017 0.150 0.001 0.031 0.011 0.017 0.341 0.431 
  27 S _   0.015 0.115 0.001 0.023 0.008 0.014 0.343 0.480 
  28 G _   0.013 0.080 0.001 0.016 0.006 0.012 0.345 0.527 
  29 L _   0.011 0.052 0.001 0.011 0.004 0.010 0.346 0.565 
  30 K _   0.009 0.034 0.000 0.007 0.003 0.008 0.346 0.593 
  31 S _   0.007 0.024 0.000 0.005 0.002 0.006 0.345 0.610 
  32 R _   0.006 0.019 0.000 0.004 0.001 0.006 0.343 0.621 
  33 N _   0.005 0.017 0.000 0.003 0.001 0.005 0.340 0.628 
  34 E _   0.005 0.017 0.000 0.003 0.001 0.006 0.335 0.633 
  35 E _   0.004 0.018 0.000 0.004 0.002 0.006 0.329 0.637 
  36 T _   0.005 0.020 0.000 0.005 0.002 0.008 0.322 0.639 
  37 R _   0.005 0.024 0.000 0.007 0.002 0.009 0.312 0.640 
  38 A _   0.006 0.032 0.000 0.009 0.003 0.011 0.301 0.638 
  39 K _   0.006 0.044 0.001 0.012 0.005 0.014 0.287 0.632 
  40 A _   0.007 0.061 0.001 0.015 0.006 0.017 0.271 0.622 
  41 A _   0.008 0.084 0.001 0.019 0.008 0.020 0.254 0.605 
  42 K _   0.010 0.114 0.001 0.024 0.011 0.023 0.236 0.582 
  43 E _   0.011 0.147 0.001 0.029 0.014 0.026 0.217 0.555 
  44 L _   0.012 0.182 0.002 0.035 0.017 0.028 0.201 0.524 
  45 Q _   0.013 0.215 0.002 0.041 0.019 0.029 0.186 0.496 
  46 H _   0.014 0.240 0.002 0.046 0.020 0.030 0.174 0.473 
  47 Y _   0.015 0.258 0.002 0.051 0.021 0.030 0.164 0.459 
  48 V _   0.016 0.269 0.002 0.053 0.021 0.030 0.156 0.453 
  49 T _   0.017 0.274 0.001 0.053 0.021 0.029 0.151 0.454 
  50 M _   0.018 0.273 0.001 0.051 0.020 0.028 0.146 0.463 
  51 E _   0.018 0.266 0.001 0.047 0.018 0.026 0.142 0.481 
  52 L _   0.018 0.251 0.001 0.041 0.016 0.024 0.140 0.508 
  53 R _   0.018 0.228 0.001 0.035 0.014 0.023 0.138 0.543 
  54 E _   0.018 0.198 0.001 0.028 0.012 0.021 0.136 0.585 
  55 M _   0.017 0.165 0.001 0.022 0.010 0.019 0.135 0.630 
  56 S _   0.016 0.135 0.001 0.018 0.008 0.018 0.134 0.670 
  57 Q _   0.015 0.110 0.001 0.015 0.007 0.016 0.133 0.703 
  58 E _   0.014 0.091 0.001 0.012 0.006 0.015 0.132 0.730 
  59 E _   0.012 0.077 0.001 0.010 0.005 0.014 0.130 0.751 
  60 S _   0.011 0.067 0.001 0.009 0.004 0.013 0.128 0.767 
  61 T _   0.010 0.060 0.000 0.007 0.004 0.013 0.126 0.780 
  62 R _   0.010 0.055 0.000 0.007 0.003 0.013 0.123 0.788 
  63 F _   0.010 0.053 0.000 0.006 0.003 0.013 0.120 0.794 
  64 Y _   0.010 0.053 0.000 0.007 0.004 0.015 0.116 0.795 
  65 D _   0.011 0.056 0.001 0.008 0.005 0.017 0.111 0.791 
  66 Q _   0.013 0.062 0.001 0.012 0.007 0.019 0.106 0.779 
  67 L _   0.015 0.072 0.001 0.018 0.011 0.022 0.101 0.760 
  68 N _   0.017 0.086 0.001 0.027 0.014 0.025 0.095 0.734 
  69 H _   0.018 0.101 0.001 0.039 0.017 0.026 0.089 0.708 
  70 H _   0.019 0.113 0.002 0.049 0.019 0.027 0.084 0.687 
  71 I _   0.019 0.119 0.002 0.057 0.020 0.026 0.080 0.677 
  72 F _   0.018 0.120 0.001 0.060 0.019 0.025 0.078 0.679 
  73 E _   0.017 0.116 0.001 0.057 0.017 0.023 0.075 0.693 
  74 L _   0.016 0.105 0.001 0.049 0.014 0.020 0.074 0.720 
  75 V _   0.015 0.085 0.001 0.037 0.011 0.017 0.073 0.761 
  76 S _   0.014 0.058 0.001 0.025 0.008 0.014 0.071 0.809 
  77 S _   0.014 0.031 0.001 0.014 0.005 0.011 0.070 0.855 
  78 S _   0.014 0.012 0.000 0.007 0.003 0.009 0.068 0.886 
  79 D _   0.016 0.004 0.000 0.003 0.002 0.008 0.066 0.901 
  80 A _   0.021 0.001 0.000 0.002 0.002 0.008 0.063 0.903 
  81 N _   0.034 0.000 0.000 0.001 0.002 0.010 0.060 0.893 
  82 E _   0.061 0.000 0.000 0.001 0.003 0.013 0.056 0.866 
  83 R _   0.110 0.000 0.001 0.002 0.005 0.018 0.051 0.813 
  84 K _   0.184 0.000 0.001 0.002 0.009 0.026 0.045 0.733 
  85 G _   0.273 0.000 0.001 0.003 0.016 0.035 0.038 0.634 
  86 G _   0.360 0.000 0.002 0.004 0.026 0.042 0.033 0.534 
  87 I _   0.435 0.000 0.002 0.005 0.035 0.048 0.028 0.446 
  88 L H   0.493 0.001 0.002 0.006 0.044 0.051 0.025 0.378 
  89 A H   0.533 0.001 0.002 0.007 0.049 0.052 0.023 0.332 
  90 I H   0.556 0.002 0.002 0.008 0.052 0.051 0.021 0.307 
  91 A H   0.565 0.002 0.002 0.009 0.053 0.049 0.021 0.299 
  92 S H   0.559 0.002 0.002 0.009 0.051 0.046 0.020 0.311 
  93 L H   0.537 0.002 0.002 0.008 0.046 0.043 0.021 0.341 
  94 I H   0.503 0.001 0.002 0.007 0.039 0.039 0.021 0.387 
  95 G H   0.456 0.001 0.002 0.006 0.031 0.036 0.022 0.446 
  96 V _   0.401 0.000 0.002 0.005 0.023 0.032 0.023 0.514 
  97 E _   0.340 0.000 0.001 0.004 0.017 0.029 0.023 0.585 
  98 G _   0.282 0.000 0.001 0.003 0.012 0.028 0.024 0.649 
  99 G _   0.234 0.000 0.001 0.003 0.009 0.027 0.025 0.701 
 100 N _   0.194 0.000 0.001 0.003 0.009 0.027 0.026 0.741 
 101 A _   0.161 0.000 0.001 0.003 0.009 0.028 0.027 0.771 
 102 T _   0.136 0.001 0.001 0.005 0.010 0.029 0.028 0.791 
 103 R _   0.115 0.003 0.001 0.008 0.012 0.031 0.028 0.802 
 104 I _   0.097 0.006 0.001 0.013 0.014 0.033 0.029 0.807 
 105 G _   0.082 0.011 0.001 0.020 0.017 0.033 0.029 0.806 
 106 R _   0.068 0.016 0.001 0.027 0.019 0.033 0.030 0.805 
 107 F _   0.057 0.020 0.002 0.033 0.020 0.032 0.031 0.805 
 108 A _   0.047 0.023 0.002 0.037 0.020 0.031 0.032 0.809 
 109 N _   0.039 0.024 0.001 0.037 0.018 0.028 0.033 0.819 
 110 Y _   0.032 0.023 0.001 0.035 0.016 0.025 0.034 0.835 
 111 L _   0.026 0.020 0.001 0.029 0.012 0.021 0.036 0.854 
 112 R _   0.021 0.016 0.001 0.022 0.009 0.018 0.037 0.875 
 113 N _   0.017 0.011 0.001 0.015 0.006 0.015 0.039 0.895 
 114 L _   0.014 0.007 0.001 0.010 0.004 0.012 0.040 0.912 
 115 L _   0.012 0.003 0.000 0.006 0.003 0.011 0.041 0.924 
 116 P _   0.011 0.002 0.000 0.004 0.002 0.010 0.041 0.930 
 117 S _   0.011 0.001 0.000 0.003 0.002 0.010 0.041 0.932 
 118 N _   0.012 0.001 0.000 0.002 0.002 0.012 0.041 0.930 
 119 D _   0.015 0.001 0.000 0.003 0.003 0.015 0.041 0.923 
 120 P _   0.020 0.001 0.000 0.004 0.004 0.019 0.041 0.911 
 121 V _   0.026 0.003 0.001 0.006 0.007 0.025 0.040 0.893 
 122 V _   0.034 0.005 0.001 0.009 0.011 0.031 0.039 0.869 
 123 M _   0.042 0.009 0.001 0.014 0.015 0.038 0.038 0.842 
 124 E _   0.049 0.014 0.001 0.019 0.020 0.044 0.037 0.815 
 125 M _   0.055 0.019 0.002 0.023 0.025 0.049 0.036 0.792 
 126 A _   0.060 0.022 0.002 0.025 0.029 0.052 0.035 0.775 
 127 S _   0.064 0.025 0.002 0.026 0.031 0.054 0.035 0.764 
 128 K _   0.067 0.027 0.002 0.027 0.032 0.054 0.034 0.757 
 129 A _   0.070 0.028 0.002 0.026 0.033 0.054 0.034 0.754 
 130 I _   0.072 0.028 0.002 0.026 0.032 0.053 0.034 0.753 
 131 G _   0.072 0.027 0.002 0.026 0.030 0.051 0.035 0.759 
 132 R _   0.070 0.025 0.002 0.025 0.027 0.048 0.035 0.768 
 133 L _   0.067 0.023 0.002 0.023 0.024 0.044 0.036 0.783 
 134 A _   0.062 0.019 0.001 0.020 0.020 0.040 0.037 0.801 
 135 M _   0.057 0.015 0.001 0.016 0.016 0.036 0.037 0.822 
 136 A _   0.052 0.011 0.001 0.012 0.012 0.032 0.038 0.841 
 137 G _   0.047 0.008 0.001 0.009 0.010 0.029 0.038 0.858 
 138 D _   0.042 0.006 0.001 0.007 0.008 0.027 0.039 0.871 
 139 T _   0.039 0.005 0.001 0.006 0.007 0.025 0.039 0.878 
 140 F _   0.037 0.005 0.001 0.005 0.006 0.025 0.039 0.881 
 141 T _   0.036 0.005 0.001 0.006 0.007 0.025 0.040 0.881 
 142 A _   0.036 0.007 0.001 0.007 0.008 0.025 0.040 0.877 
 143 E _   0.035 0.009 0.001 0.009 0.009 0.026 0.040 0.871 
 144 Y _   0.035 0.013 0.001 0.012 0.010 0.027 0.040 0.863 
 145 V _   0.034 0.017 0.001 0.015 0.012 0.027 0.040 0.854 
 146 E _   0.033 0.022 0.001 0.019 0.013 0.028 0.040 0.844 
 147 F _   0.031 0.028 0.001 0.022 0.014 0.027 0.040 0.837 
 148 E _   0.030 0.032 0.001 0.026 0.014 0.027 0.040 0.830 
 149 V _   0.027 0.035 0.001 0.029 0.014 0.026 0.041 0.827 
 150 K _   0.025 0.037 0.001 0.031 0.014 0.024 0.041 0.827 
 151 R _   0.023 0.037 0.001 0.031 0.013 0.022 0.042 0.831 
 152 A _   0.020 0.036 0.001 0.030 0.011 0.020 0.043 0.838 
 153 L _   0.018 0.033 0.001 0.028 0.010 0.018 0.045 0.848 
 154 E _   0.016 0.029 0.001 0.024 0.008 0.015 0.046 0.862 
 155 W _   0.013 0.023 0.001 0.019 0.006 0.013 0.047 0.878 
 156 L _   0.012 0.016 0.001 0.014 0.004 0.011 0.049 0.894 
 157 G _   0.010 0.010 0.000 0.009 0.003 0.009 0.050 0.909 
 158 A _   0.009 0.005 0.000 0.006 0.002 0.008 0.050 0.919 
 159 D _   0.009 0.002 0.000 0.004 0.002 0.007 0.050 0.926 
 160 R _   0.009 0.001 0.000 0.002 0.001 0.008 0.050 0.929 
 161 N _   0.012 0.000 0.000 0.002 0.001 0.009 0.049 0.927 
 162 E _   0.017 0.000 0.000 0.002 0.002 0.012 0.048 0.919 
 163 G _   0.027 0.000 0.000 0.002 0.003 0.017 0.046 0.904 
 164 R _   0.045 0.000 0.000 0.003 0.005 0.025 0.044 0.877 
 165 R _   0.070 0.000 0.001 0.005 0.009 0.034 0.042 0.838 
 166 H _   0.103 0.001 0.001 0.008 0.015 0.046 0.039 0.786 
 167 A _   0.139 0.002 0.002 0.012 0.024 0.057 0.036 0.729 
 168 A _   0.176 0.003 0.002 0.015 0.034 0.066 0.033 0.670 
 169 V _   0.211 0.004 0.002 0.018 0.042 0.072 0.031 0.619 
 170 L _   0.241 0.005 0.002 0.019 0.049 0.076 0.028 0.580 
 171 V _   0.267 0.005 0.002 0.019 0.052 0.077 0.027 0.551 
 172 L _   0.289 0.004 0.002 0.016 0.053 0.077 0.025 0.533 
 173 R _   0.306 0.003 0.002 0.013 0.052 0.074 0.024 0.525 
 174 E _   0.316 0.003 0.002 0.010 0.049 0.071 0.023 0.525 
 175 L _   0.321 0.002 0.002 0.008 0.044 0.067 0.023 0.532 
 176 A _   0.321 0.001 0.002 0.007 0.039 0.063 0.023 0.543 
 177 I _   0.316 0.001 0.002 0.006 0.035 0.059 0.023 0.558 
 178 S _   0.306 0.001 0.002 0.006 0.031 0.055 0.024 0.575 
 179 V _   0.291 0.001 0.002 0.006 0.028 0.052 0.024 0.596 
 180 P _   0.270 0.001 0.002 0.008 0.026 0.048 0.025 0.620 
 181 T _   0.243 0.001 0.002 0.009 0.024 0.045 0.026 0.650 
 182 F _   0.214 0.001 0.002 0.010 0.022 0.041 0.027 0.683 
 183 F _   0.182 0.001 0.002 0.011 0.019 0.037 0.028 0.720 
 184 F _   0.152 0.001 0.001 0.010 0.015 0.033 0.029 0.758 
 185 Q _   0.123 0.001 0.001 0.008 0.012 0.029 0.030 0.794 
 186 Q _   0.098 0.001 0.001 0.007 0.009 0.026 0.031 0.828 
 187 V _   0.077 0.000 0.001 0.005 0.007 0.023 0.032 0.854 
 188 Q _   0.061 0.000 0.001 0.004 0.006 0.022 0.032 0.873 
 189 P _   0.051 0.000 0.001 0.004 0.006 0.021 0.032 0.885 
 190 F _   0.044 0.001 0.001 0.005 0.006 0.021 0.033 0.890 
 191 F _   0.040 0.001 0.001 0.007 0.007 0.021 0.033 0.890 
 192 D _   0.038 0.003 0.001 0.010 0.009 0.022 0.033 0.885 
 193 N _   0.036 0.004 0.001 0.014 0.011 0.023 0.033 0.878 
 194 I _   0.034 0.006 0.001 0.019 0.012 0.023 0.033 0.872 
 195 F _   0.033 0.007 0.001 0.022 0.013 0.023 0.033 0.869 
 196 V _   0.032 0.007 0.001 0.023 0.012 0.022 0.034 0.870 
 197 A _   0.031 0.007 0.001 0.021 0.011 0.020 0.034 0.875 
 198 V _   0.030 0.005 0.001 0.017 0.009 0.019 0.034 0.884 
 199 W _   0.030 0.004 0.001 0.013 0.007 0.017 0.035 0.894 
 200 D _   0.032 0.002 0.001 0.008 0.005 0.015 0.035 0.902 
 201 P _   0.036 0.001 0.000 0.005 0.004 0.014 0.035 0.904 
 202 K _   0.045 0.000 0.000 0.003 0.003 0.014 0.034 0.900 
 203 Q _   0.059 0.000 0.000 0.002 0.003 0.014 0.034 0.887 
 204 A _   0.081 0.000 0.000 0.002 0.004 0.016 0.033 0.864 
 205 I _   0.117 0.000 0.001 0.002 0.005 0.018 0.032 0.825 
 206 R _   0.167 0.000 0.001 0.002 0.007 0.022 0.031 0.770 
 207 E _   0.232 0.000 0.001 0.002 0.010 0.027 0.030 0.697 
 208 G _   0.310 0.000 0.001 0.002 0.016 0.032 0.029 0.610 
 209 A _   0.389 0.000 0.001 0.003 0.023 0.037 0.028 0.519 
 210 V H   0.461 0.000 0.002 0.003 0.031 0.040 0.028 0.435 
 211 A H   0.522 0.000 0.002 0.004 0.038 0.043 0.028 0.363 
 212 A H   0.565 0.001 0.002 0.004 0.045 0.044 0.029 0.310 
 213 L H   0.595 0.002 0.002 0.006 0.049 0.044 0.031 0.272 
 214 R H   0.607 0.003 0.002 0.008 0.052 0.042 0.033 0.252 
 215 A H   0.603 0.004 0.003 0.011 0.052 0.041 0.037 0.250 
 216 C H   0.583 0.005 0.003 0.013 0.049 0.038 0.042 0.266 
 217 L H   0.544 0.006 0.003 0.016 0.045 0.035 0.049 0.302 
 218 I H   0.488 0.005 0.003 0.016 0.038 0.032 0.058 0.360 
 219 L _   0.417 0.005 0.002 0.016 0.029 0.028 0.068 0.435 
 220 T _   0.338 0.003 0.002 0.013 0.020 0.023 0.079 0.522 
 221 T _   0.257 0.002 0.001 0.010 0.013 0.019 0.090 0.609 
 222 Q _   0.183 0.001 0.001 0.007 0.008 0.015 0.100 0.686 
 223 R _   0.124 0.000 0.001 0.005 0.005 0.011 0.108 0.747 
 224 E _   0.078 0.000 0.000 0.003 0.003 0.009 0.114 0.792 
 225 P _   0.048 0.000 0.000 0.003 0.002 0.007 0.119 0.821 
 226 K _   0.029 0.000 0.000 0.002 0.002 0.006 0.122 0.838 
 227 E _   0.019 0.000 0.000 0.002 0.001 0.006 0.125 0.847 
 228 M _   0.013 0.001 0.000 0.003 0.001 0.006 0.126 0.850 
 229 Q _   0.010 0.001 0.000 0.004 0.002 0.006 0.127 0.849 
 230 K _   0.009 0.003 0.000 0.005 0.002 0.007 0.127 0.846 
 231 P _   0.008 0.006 0.000 0.008 0.003 0.009 0.127 0.839 
 232 Q _   0.008 0.011 0.000 0.012 0.004 0.010 0.127 0.829 
 233 W _   0.007 0.016 0.001 0.016 0.005 0.011 0.126 0.818 
 234 Y _   0.007 0.022 0.001 0.021 0.006 0.012 0.125 0.806 
 235 R _   0.007 0.026 0.001 0.025 0.006 0.012 0.125 0.797 
 236 H _   0.007 0.030 0.001 0.028 0.007 0.012 0.125 0.790 
 237 T _   0.007 0.031 0.001 0.030 0.007 0.012 0.125 0.787 
 238 F _   0.007 0.032 0.001 0.029 0.006 0.012 0.126 0.787 
 239 E _   0.007 0.031 0.001 0.027 0.006 0.011 0.128 0.791 
 240 E _   0.006 0.029 0.001 0.023 0.005 0.010 0.129 0.797 
 241 A _   0.006 0.025 0.001 0.019 0.004 0.009 0.131 0.805 
 242 E _   0.006 0.021 0.000 0.015 0.003 0.008 0.133 0.813 
 243 K _   0.005 0.018 0.000 0.012 0.003 0.007 0.134 0.820 
 244 G _   0.005 0.014 0.000 0.010 0.003 0.007 0.136 0.825 
 245 F _   0.005 0.012 0.000 0.009 0.002 0.006 0.137 0.829 
 246 D _   0.005 0.010 0.000 0.009 0.002 0.006 0.137 0.830 
 247 E _   0.005 0.008 0.000 0.009 0.002 0.006 0.138 0.832 
 248 T _   0.005 0.007 0.000 0.009 0.002 0.006 0.138 0.832 
 249 L _   0.005 0.006 0.000 0.009 0.002 0.006 0.138 0.834 
 250 A _   0.005 0.005 0.000 0.009 0.002 0.006 0.138 0.835 
 251 K _   0.005 0.004 0.000 0.008 0.002 0.006 0.137 0.838 
 252 E _   0.004 0.003 0.000 0.007 0.002 0.006 0.136 0.842 
 253 K _   0.004 0.002 0.000 0.006 0.002 0.006 0.134 0.846 
 254 G _   0.005 0.001 0.000 0.005 0.002 0.006 0.132 0.849 
 255 M _   0.006 0.001 0.000 0.004 0.002 0.007 0.130 0.851 
 256 N _   0.009 0.000 0.000 0.003 0.002 0.009 0.127 0.850 
 257 R _   0.015 0.000 0.000 0.003 0.002 0.012 0.123 0.844 
 258 D _   0.027 0.000 0.000 0.003 0.003 0.017 0.119 0.831 
 259 D _   0.049 0.000 0.001 0.004 0.005 0.024 0.113 0.804 
 260 R _   0.083 0.000 0.001 0.004 0.009 0.034 0.106 0.761 
 261 I _   0.131 0.001 0.001 0.006 0.017 0.046 0.098 0.700 
 262 H _   0.186 0.001 0.002 0.008 0.027 0.059 0.090 0.628 
 263 G _   0.241 0.002 0.002 0.010 0.040 0.069 0.082 0.552 
 264 A _   0.293 0.003 0.002 0.013 0.052 0.077 0.076 0.484 
 265 L _   0.333 0.005 0.003 0.015 0.062 0.080 0.071 0.432 
 266 L _   0.361 0.006 0.003 0.017 0.068 0.081 0.067 0.398 
 267 I _   0.380 0.006 0.003 0.017 0.070 0.078 0.065 0.381 
 268 L H   0.388 0.006 0.003 0.016 0.069 0.074 0.063 0.380 
 269 N _   0.388 0.006 0.003 0.015 0.064 0.068 0.062 0.394 
 270 E _   0.376 0.005 0.003 0.013 0.056 0.062 0.062 0.423 
 271 L _   0.353 0.004 0.002 0.011 0.047 0.055 0.062 0.465 
 272 V _   0.322 0.003 0.002 0.009 0.037 0.048 0.063 0.515 
 273 R _   0.282 0.002 0.002 0.008 0.028 0.041 0.064 0.572 
 274 I _   0.239 0.001 0.002 0.007 0.020 0.035 0.066 0.629 
 275 S _   0.196 0.001 0.001 0.007 0.015 0.030 0.067 0.684 
 276 S _   0.156 0.001 0.001 0.006 0.011 0.026 0.068 0.732 
 277 M _   0.120 0.001 0.001 0.006 0.008 0.022 0.069 0.774 
 278 E _   0.091 0.000 0.001 0.005 0.006 0.019 0.070 0.808 
 279 G _   0.068 0.001 0.001 0.005 0.005 0.017 0.070 0.834 
 280 E _   0.051 0.001 0.001 0.005 0.004 0.016 0.070 0.854 
 281 R _   0.039 0.001 0.000 0.004 0.004 0.015 0.069 0.867 
 282 L _   0.031 0.002 0.000 0.005 0.004 0.015 0.069 0.875 
 283 R _   0.026 0.003 0.000 0.006 0.004 0.015 0.068 0.879 
 284 E _   0.022 0.005 0.001 0.007 0.005 0.016 0.066 0.878 
 285 E _   0.021 0.008 0.001 0.010 0.006 0.017 0.065 0.874 
 286 M _   0.020 0.013 0.001 0.013 0.007 0.018 0.063 0.866 
 287 E _   0.019 0.019 0.001 0.017 0.009 0.019 0.062 0.856 
 288 E _   0.018 0.024 0.001 0.021 0.010 0.019 0.060 0.845 
 289 I _   0.018 0.029 0.001 0.025 0.011 0.019 0.059 0.838 
 290 T _   0.017 0.032 0.001 0.027 0.011 0.019 0.058 0.836 
 291 Q _   0.016 0.033 0.001 0.027 0.010 0.018 0.058 0.838 
 292 Q _   0.015 0.033 0.001 0.025 0.009 0.016 0.057 0.845 
 293 Q _   0.013 0.031 0.001 0.021 0.008 0.015 0.057 0.854 
 294 L _   0.012 0.029 0.001 0.017 0.006 0.013 0.057 0.865 
 295 V _   0.011 0.026 0.001 0.013 0.005 0.012 0.056 0.876 
 296 H _   0.010 0.024 0.000 0.010 0.004 0.011 0.056 0.886 
 297 D _   0.009 0.022 0.000 0.008 0.004 0.010 0.055 0.891 
 298 K _   0.009 0.021 0.000 0.007 0.003 0.010 0.055 0.894 
 299 Y _   0.009 0.022 0.000 0.007 0.003 0.010 0.054 0.894 
 300 C _   0.009 0.023 0.000 0.009 0.004 0.011 0.053 0.891 
 301 K _   0.009 0.026 0.001 0.011 0.004 0.011 0.052 0.886 
 302 D _   0.010 0.029 0.001 0.013 0.005 0.012 0.051 0.879 
 303 L _   0.010 0.032 0.001 0.016 0.006 0.012 0.050 0.873 
 304 M _   0.010 0.035 0.001 0.017 0.006 0.013 0.050 0.868 
 305 G _   0.010 0.037 0.001 0.018 0.006 0.013 0.049 0.866 
 306 F _   0.010 0.038 0.001 0.017 0.006 0.013 0.048 0.867 
 307 G _   0.010 0.038 0.001 0.015 0.006 0.012 0.047 0.870 
 308 T _   0.010 0.038 0.001 0.013 0.005 0.012 0.047 0.875 
 309 K _   0.010 0.037 0.001 0.011 0.005 0.012 0.046 0.879 
 310 P _   0.010 0.037 0.001 0.010 0.004 0.012 0.046 0.881 
 311 R _   0.010 0.038 0.000 0.009 0.004 0.013 0.045 0.880 
 312 H _   0.010 0.040 0.001 0.010 0.005 0.013 0.045 0.877 
 313 I _   0.011 0.044 0.001 0.012 0.006 0.014 0.044 0.869 
 314 T _   0.012 0.049 0.001 0.015 0.007 0.015 0.043 0.858 
 315 P _   0.012 0.056 0.001 0.019 0.008 0.016 0.043 0.845 
 316 F _   0.012 0.062 0.001 0.023 0.009 0.017 0.042 0.834 
 317 T _   0.012 0.066 0.001 0.026 0.009 0.017 0.041 0.827 
 318 S _   0.012 0.069 0.001 0.026 0.009 0.017 0.041 0.826 
 319 F _   0.011 0.069 0.001 0.024 0.008 0.016 0.041 0.829 
 320 Q _   0.010 0.067 0.001 0.021 0.007 0.016 0.041 0.837 
 321 A _   0.010 0.065 0.001 0.016 0.006 0.015 0.040 0.848 
 322 V _   0.010 0.062 0.001 0.011 0.005 0.015 0.040 0.858 
 323 Q _   0.010 0.059 0.000 0.008 0.004 0.015 0.040 0.864 
 324 P _   0.011 0.059 0.000 0.006 0.004 0.016 0.039 0.864 
 325 Q _   0.013 0.062 0.001 0.006 0.005 0.019 0.038 0.856 
 326 Q _   0.016 0.072 0.001 0.008 0.008 0.023 0.037 0.836 
 327 S _   0.020 0.093 0.001 0.013 0.012 0.027 0.035 0.799 
 328 N _   0.023 0.134 0.002 0.020 0.017 0.031 0.033 0.739 
 329 A _   0.025 0.189 0.002 0.029 0.022 0.034 0.031 0.669 
 330 L _   0.026 0.244 0.002 0.037 0.023 0.034 0.029 0.605 
 331 V _   0.025 0.285 0.002 0.042 0.023 0.034 0.027 0.561 
 332 G _   0.024 0.309 0.002 0.044 0.022 0.033 0.026 0.540 
 333 L _   0.023 0.320 0.001 0.042 0.021 0.031 0.026 0.534 
 334 L _   0.022 0.324 0.001 0.038 0.020 0.030 0.025 0.540 
 335 G _   0.021 0.322 0.001 0.033 0.018 0.029 0.025 0.551 
 336 Y _   0.020 0.316 0.001 0.029 0.016 0.027 0.025 0.566 
 337 S _   0.019 0.308 0.001 0.025 0.015 0.026 0.025 0.581 
 338 S _   0.018 0.299 0.001 0.024 0.014 0.025 0.025 0.594 
 339 H _   0.018 0.292 0.001 0.024 0.013 0.024 0.026 0.603 
 340 Q _   0.018 0.285 0.001 0.026 0.012 0.022 0.026 0.610 
 341 G _   0.017 0.276 0.001 0.028 0.012 0.021 0.027 0.617 
 342 L _   0.017 0.265 0.001 0.030 0.011 0.020 0.027 0.628 
 343 M _   0.016 0.249 0.001 0.030 0.011 0.018 0.028 0.646 
 344 G _   0.015 0.224 0.001 0.029 0.010 0.017 0.030 0.674 
 345 F _   0.014 0.190 0.001 0.025 0.009 0.015 0.031 0.715 
 346 G _   0.013 0.148 0.001 0.020 0.008 0.013 0.033 0.765 
 347 T _   0.011 0.105 0.001 0.015 0.006 0.012 0.034 0.816 
 348 S _   0.010 0.072 0.001 0.010 0.004 0.011 0.035 0.857 
 349 P _   0.009 0.052 0.000 0.006 0.003 0.010 0.036 0.883 
 350 S _   0.008 0.043 0.000 0.005 0.003 0.010 0.036 0.895 
 351 P _   0.008 0.040 0.000 0.004 0.002 0.010 0.036 0.899 
 352 A _   0.008 0.040 0.000 0.006 0.003 0.012 0.036 0.895 
 353 K _   0.009 0.043 0.000 0.008 0.004 0.013 0.035 0.886 
 354 S _   0.010 0.050 0.001 0.013 0.006 0.015 0.035 0.871 
 355 T _   0.011 0.059 0.001 0.019 0.008 0.017 0.034 0.852 
 356 L _   0.011 0.069 0.001 0.025 0.009 0.019 0.033 0.834 
 357 V _   0.011 0.077 0.001 0.030 0.010 0.019 0.032 0.820 
 358 E _   0.011 0.081 0.001 0.033 0.011 0.020 0.031 0.812 
 359 S _   0.011 0.083 0.001 0.034 0.011 0.020 0.030 0.810 
 360 R _   0.011 0.082 0.001 0.032 0.011 0.019 0.030 0.814 
 361 C _   0.011 0.079 0.001 0.029 0.010 0.019 0.030 0.822 
 362 C _   0.011 0.073 0.001 0.025 0.009 0.018 0.030 0.833 
 363 R _   0.011 0.066 0.001 0.021 0.008 0.017 0.030 0.846 
 364 D _   0.011 0.058 0.001 0.017 0.007 0.017 0.031 0.859 
 365 L _   0.012 0.050 0.001 0.014 0.006 0.016 0.031 0.870 
 366 M _   0.012 0.044 0.001 0.011 0.006 0.016 0.031 0.880 
 367 E _   0.013 0.039 0.001 0.009 0.005 0.017 0.031 0.885 
 368 E _   0.014 0.036 0.001 0.009 0.005 0.017 0.031 0.887 
 369 K _   0.015 0.035 0.001 0.009 0.006 0.018 0.031 0.885 
 370 F _   0.017 0.036 0.001 0.011 0.007 0.020 0.030 0.879 
 371 D _   0.019 0.037 0.001 0.015 0.009 0.022 0.030 0.868 
 372 Q _   0.021 0.040 0.001 0.020 0.011 0.023 0.029 0.854 
 373 V _   0.022 0.043 0.001 0.027 0.013 0.024 0.029 0.841 
 374 C _   0.024 0.045 0.001 0.032 0.014 0.024 0.029 0.831 
 375 Q _   0.025 0.044 0.001 0.035 0.015 0.024 0.029 0.828 
 376 W _   0.025 0.042 0.001 0.034 0.013 0.022 0.029 0.834 
 377 V _   0.025 0.036 0.001 0.029 0.011 0.020 0.029 0.848 
 378 L _   0.025 0.027 0.001 0.022 0.009 0.018 0.029 0.869 
 379 K _   0.026 0.016 0.001 0.014 0.006 0.016 0.029 0.892 
 380 C _   0.028 0.007 0.001 0.008 0.004 0.014 0.029 0.909 
 381 R _   0.034 0.002 0.000 0.004 0.003 0.013 0.028 0.916 
 382 N _   0.043 0.000 0.000 0.002 0.003 0.013 0.027 0.911 
 383 S _   0.063 0.000 0.000 0.001 0.003 0.015 0.026 0.891 
 384 K _   0.099 0.000 0.000 0.001 0.004 0.019 0.025 0.851 
 385 N _   0.157 0.000 0.001 0.001 0.007 0.025 0.023 0.785 
 386 S _   0.235 0.000 0.001 0.002 0.013 0.034 0.022 0.693 
 387 L _   0.315 0.000 0.001 0.003 0.022 0.043 0.020 0.595 
 388 I _   0.385 0.001 0.002 0.005 0.034 0.051 0.019 0.503 
 389 Q H   0.438 0.003 0.002 0.009 0.045 0.057 0.018 0.430 
 390 M H   0.472 0.005 0.002 0.012 0.053 0.059 0.017 0.380 
 391 T H   0.493 0.006 0.003 0.014 0.058 0.060 0.017 0.350 
 392 I H   0.500 0.007 0.003 0.016 0.059 0.058 0.017 0.339 
 393 L H   0.494 0.008 0.003 0.016 0.059 0.056 0.018 0.348 
 394 N H   0.476 0.007 0.003 0.015 0.055 0.053 0.019 0.372 
 395 L H   0.445 0.006 0.003 0.014 0.049 0.049 0.020 0.414 
 396 L _   0.404 0.005 0.002 0.012 0.041 0.045 0.022 0.469 
 397 P _   0.355 0.003 0.002 0.010 0.032 0.040 0.024 0.533 
 398 R _   0.298 0.002 0.002 0.009 0.024 0.035 0.026 0.604 
 399 L _   0.242 0.002 0.001 0.008 0.018 0.030 0.028 0.671 
 400 A _   0.190 0.001 0.001 0.008 0.013 0.026 0.030 0.731 
 401 A _   0.145 0.001 0.001 0.007 0.010 0.023 0.032 0.782 
 402 F _   0.107 0.001 0.001 0.007 0.007 0.020 0.033 0.824 
 403 R _   0.078 0.001 0.001 0.006 0.006 0.018 0.034 0.857 
 404 P _   0.056 0.001 0.001 0.006 0.005 0.016 0.035 0.881 
 405 S _   0.041 0.001 0.001 0.006 0.004 0.014 0.035 0.897 
 406 A _   0.031 0.001 0.001 0.006 0.004 0.013 0.035 0.909 
 407 F _   0.023 0.001 0.000 0.006 0.004 0.012 0.035 0.917 
 408 T _   0.019 0.002 0.000 0.006 0.004 0.012 0.035 0.922 
 409 D _   0.016 0.002 0.000 0.006 0.004 0.012 0.035 0.924 
 410 T _   0.014 0.003 0.000 0.007 0.004 0.012 0.034 0.925 
 411 Q _   0.013 0.004 0.000 0.007 0.004 0.013 0.034 0.924 
 412 Y _   0.013 0.006 0.001 0.009 0.005 0.014 0.033 0.921 
 413 L _   0.013 0.008 0.001 0.010 0.006 0.015 0.032 0.916 
 414 Q _   0.014 0.011 0.001 0.013 0.007 0.016 0.031 0.909 
 415 D _   0.014 0.014 0.001 0.016 0.008 0.017 0.030 0.900 
 416 T _   0.015 0.018 0.001 0.020 0.009 0.018 0.029 0.890 
 417 M _   0.016 0.021 0.001 0.025 0.011 0.018 0.028 0.880 
 418 N _   0.016 0.024 0.001 0.028 0.011 0.019 0.027 0.874 
 419 H _   0.017 0.025 0.001 0.030 0.011 0.018 0.027 0.871 
 420 V _   0.017 0.024 0.001 0.030 0.011 0.017 0.027 0.873 
 421 L _   0.017 0.022 0.001 0.028 0.009 0.016 0.026 0.880 
 422 S _   0.017 0.019 0.001 0.022 0.008 0.014 0.026 0.893 
 423 C _   0.018 0.013 0.001 0.016 0.006 0.013 0.026 0.907 
 424 V _   0.019 0.008 0.001 0.011 0.004 0.011 0.025 0.921 
 425 K _   0.022 0.004 0.000 0.006 0.003 0.010 0.025 0.930 
 426 K _   0.028 0.001 0.000 0.003 0.002 0.009 0.024 0.932 
 427 E _   0.038 0.000 0.000 0.002 0.002 0.009 0.023 0.926 
 428 K _   0.058 0.000 0.000 0.001 0.002 0.010 0.021 0.907 
 429 E _   0.094 0.000 0.000 0.001 0.003 0.012 0.019 0.870 
 430 R _   0.155 0.000 0.001 0.001 0.005 0.015 0.017 0.806 
 431 T _   0.242 0.000 0.001 0.002 0.008 0.020 0.014 0.713 
 432 A _   0.346 0.000 0.001 0.002 0.013 0.025 0.012 0.601 
 433 A _   0.451 0.000 0.001 0.002 0.020 0.029 0.010 0.487 
 434 F H   0.541 0.000 0.002 0.003 0.026 0.032 0.008 0.388 
 435 Q H   0.610 0.000 0.002 0.003 0.032 0.033 0.007 0.314 
 436 A H   0.659 0.000 0.002 0.004 0.035 0.032 0.006 0.262 
 437 L H   0.690 0.000 0.002 0.004 0.037 0.031 0.006 0.230 
 438 G H   0.706 0.000 0.002 0.004 0.037 0.029 0.006 0.216 
 439 L H   0.709 0.000 0.002 0.004 0.036 0.027 0.006 0.215 
 440 L H   0.698 0.000 0.002 0.004 0.033 0.025 0.006 0.232 
 441 S H   0.671 0.000 0.002 0.003 0.029 0.024 0.007 0.264 
 442 V H   0.628 0.000 0.002 0.003 0.025 0.022 0.007 0.313 
 443 A H   0.571 0.000 0.002 0.002 0.020 0.020 0.008 0.377 
 444 V H   0.502 0.000 0.001 0.002 0.015 0.019 0.010 0.451 
 445 R _   0.432 0.000 0.001 0.002 0.011 0.019 0.011 0.524 
 446 S _   0.368 0.000 0.001 0.002 0.009 0.018 0.012 0.590 
 447 E _   0.314 0.000 0.001 0.002 0.007 0.019 0.014 0.644 
 448 F _   0.271 0.000 0.001 0.002 0.007 0.020 0.015 0.685 
 449 K _   0.238 0.000 0.001 0.002 0.007 0.022 0.016 0.714 
 450 V _   0.212 0.000 0.001 0.003 0.008 0.025 0.017 0.734 
 451 Y _   0.192 0.001 0.001 0.004 0.010 0.028 0.019 0.745 
 452 L _   0.176 0.003 0.001 0.007 0.014 0.032 0.020 0.749 
 453 P _   0.162 0.007 0.001 0.012 0.018 0.035 0.021 0.745 
 454 R _   0.148 0.014 0.002 0.018 0.022 0.037 0.022 0.738 
 455 V _   0.134 0.022 0.002 0.026 0.025 0.038 0.023 0.730 
 456 L _   0.119 0.029 0.002 0.034 0.026 0.038 0.025 0.726 
 457 D _   0.105 0.035 0.002 0.040 0.027 0.037 0.027 0.728 
 458 I _   0.091 0.037 0.002 0.043 0.025 0.034 0.029 0.739 
 459 I _   0.077 0.037 0.002 0.042 0.022 0.031 0.031 0.757 
 460 R _   0.063 0.035 0.002 0.038 0.018 0.027 0.033 0.783 
 461 A _   0.050 0.031 0.001 0.032 0.013 0.023 0.036 0.814 
 462 A _   0.038 0.024 0.001 0.024 0.009 0.018 0.039 0.846 
 463 L _   0.028 0.017 0.001 0.017 0.006 0.015 0.041 0.875 
 464 P _   0.021 0.010 0.001 0.011 0.004 0.011 0.043 0.899 
 465 P _   0.015 0.006 0.000 0.007 0.003 0.009 0.044 0.916 
 466 K _   0.012 0.003 0.000 0.005 0.002 0.007 0.045 0.927 
 467 D _   0.009 0.002 0.000 0.003 0.002 0.006 0.045 0.933 
 468 F _   0.008 0.001 0.000 0.003 0.001 0.005 0.045 0.937 
 469 A _   0.008 0.000 0.000 0.003 0.001 0.005 0.045 0.938 
 470 H _   0.010 0.000 0.000 0.003 0.001 0.005 0.044 0.937 
 471 K _   0.014 0.000 0.000 0.003 0.002 0.006 0.042 0.934 
 472 R _   0.022 0.000 0.000 0.003 0.002 0.006 0.040 0.926 
 473 Q _   0.037 0.000 0.000 0.003 0.002 0.008 0.038 0.911 
 474 K _   0.065 0.000 0.000 0.003 0.003 0.010 0.035 0.884 
 475 A _   0.109 0.000 0.001 0.003 0.005 0.012 0.031 0.841 
 476 M _   0.176 0.000 0.001 0.002 0.006 0.014 0.026 0.774 
 477 Q _   0.266 0.000 0.001 0.002 0.009 0.017 0.021 0.684 
 478 V _   0.376 0.000 0.001 0.002 0.012 0.019 0.016 0.575 
 479 D H   0.494 0.000 0.001 0.002 0.015 0.020 0.012 0.456 
 480 A H   0.604 0.000 0.001 0.001 0.019 0.021 0.008 0.345 
 481 T H   0.696 0.000 0.001 0.001 0.022 0.020 0.006 0.253 
 482 V H   0.765 0.000 0.001 0.001 0.023 0.019 0.005 0.185 
 483 F H   0.810 0.000 0.001 0.001 0.024 0.017 0.004 0.142 
 484 T H   0.837 0.000 0.001 0.001 0.025 0.016 0.004 0.117 
 485 C H   0.849 0.000 0.001 0.001 0.025 0.014 0.003 0.106 
 486 I H   0.848 0.000 0.001 0.001 0.025 0.014 0.004 0.108 
 487 S H   0.835 0.000 0.001 0.002 0.025 0.013 0.004 0.121 
 488 M H   0.805 0.000 0.002 0.002 0.025 0.013 0.005 0.149 
 489 L H   0.758 0.000 0.002 0.002 0.024 0.013 0.006 0.196 
 490 A H   0.689 0.000 0.002 0.003 0.022 0.013 0.007 0.264 
 491 R H   0.600 0.000 0.002 0.003 0.018 0.013 0.009 0.354 
 492 A H   0.493 0.000 0.002 0.003 0.015 0.013 0.012 0.463 
 493 M _   0.382 0.000 0.001 0.003 0.011 0.012 0.015 0.576 
 494 G _   0.279 0.000 0.001 0.003 0.008 0.011 0.018 0.679 
 495 P _   0.198 0.000 0.001 0.003 0.005 0.010 0.021 0.762 
 496 G _   0.137 0.000 0.001 0.003 0.004 0.010 0.023 0.823 
 497 I _   0.097 0.000 0.000 0.002 0.003 0.009 0.024 0.864 
 498 Q _   0.073 0.000 0.000 0.002 0.002 0.009 0.025 0.888 
 499 Q _   0.060 0.000 0.000 0.002 0.002 0.010 0.026 0.899 
 500 D _   0.056 0.000 0.000 0.002 0.002 0.012 0.026 0.901 
 501 I _   0.059 0.000 0.000 0.002 0.003 0.015 0.026 0.894 
 502 K _   0.070 0.000 0.000 0.003 0.004 0.019 0.026 0.878 
 503 E _   0.088 0.000 0.001 0.003 0.007 0.025 0.026 0.851 
 504 L _   0.112 0.000 0.001 0.005 0.010 0.031 0.025 0.816 
 505 L _   0.142 0.000 0.001 0.006 0.014 0.038 0.025 0.773 
 506 E _   0.176 0.001 0.001 0.008 0.019 0.044 0.024 0.727 
 507 P _   0.211 0.001 0.002 0.008 0.024 0.049 0.024 0.681 
 508 M _   0.246 0.001 0.002 0.009 0.028 0.053 0.023 0.639 
 509 L _   0.279 0.001 0.002 0.008 0.032 0.055 0.023 0.600 
 510 A _   0.309 0.001 0.002 0.007 0.034 0.056 0.023 0.568 
 511 V _   0.334 0.001 0.002 0.006 0.036 0.056 0.024 0.542 
 512 G _   0.354 0.001 0.002 0.005 0.036 0.056 0.024 0.521 
 513 L _   0.368 0.001 0.002 0.005 0.037 0.055 0.025 0.507 
 514 S _   0.377 0.001 0.002 0.005 0.037 0.054 0.027 0.498 
 515 P _   0.380 0.001 0.002 0.006 0.036 0.052 0.029 0.494 
 516 A _   0.374 0.001 0.002 0.007 0.036 0.050 0.031 0.499 
 517 L _   0.359 0.001 0.002 0.009 0.034 0.047 0.035 0.514 
 518 T _   0.335 0.002 0.002 0.010 0.031 0.044 0.038 0.538 
 519 A _   0.304 0.002 0.002 0.012 0.027 0.040 0.043 0.570 
 520 V _   0.268 0.002 0.002 0.012 0.023 0.037 0.047 0.609 
 521 L _   0.227 0.002 0.002 0.012 0.019 0.033 0.052 0.653 
 522 Y _   0.186 0.002 0.001 0.012 0.015 0.029 0.056 0.699 
 523 D _   0.147 0.002 0.001 0.011 0.012 0.025 0.061 0.741 
 524 L _   0.113 0.002 0.001 0.010 0.010 0.022 0.066 0.777 
 525 S _   0.085 0.001 0.001 0.009 0.008 0.019 0.070 0.808 
 526 R _   0.062 0.001 0.001 0.009 0.006 0.016 0.073 0.832 
 527 Q _   0.045 0.001 0.001 0.008 0.005 0.014 0.077 0.851 
 528 I _   0.032 0.001 0.000 0.007 0.004 0.012 0.079 0.865 
 529 P _   0.023 0.001 0.000 0.006 0.003 0.010 0.082 0.875 
 530 Q _   0.018 0.000 0.000 0.004 0.002 0.009 0.083 0.883 
 531 L _   0.014 0.000 0.000 0.003 0.002 0.008 0.084 0.888 
 532 K _   0.012 0.000 0.000 0.003 0.002 0.009 0.085 0.890 
 533 K _   0.013 0.000 0.000 0.002 0.002 0.010 0.085 0.889 
 534 D _   0.015 0.000 0.000 0.002 0.002 0.012 0.084 0.884 
 535 I _   0.021 0.001 0.000 0.002 0.003 0.016 0.084 0.873 
 536 Q _   0.031 0.002 0.000 0.003 0.005 0.023 0.082 0.854 
 537 D _   0.045 0.005 0.001 0.005 0.010 0.032 0.081 0.821 
 538 G _   0.064 0.016 0.001 0.010 0.019 0.043 0.078 0.770 
 539 L _   0.083 0.039 0.002 0.017 0.030 0.053 0.076 0.699 
 540 L _   0.097 0.075 0.003 0.028 0.042 0.061 0.073 0.621 
 541 K _   0.106 0.112 0.003 0.041 0.050 0.064 0.071 0.552 
 542 M _   0.112 0.140 0.003 0.052 0.054 0.065 0.070 0.504 
 543 L _   0.114 0.158 0.003 0.060 0.055 0.063 0.070 0.478 
 544 S _   0.114 0.165 0.003 0.064 0.052 0.059 0.071 0.472 
 545 L _   0.108 0.166 0.003 0.064 0.047 0.054 0.072 0.486 
 546 V _   0.100 0.159 0.003 0.058 0.041 0.048 0.075 0.516 
 547 L _   0.089 0.143 0.002 0.050 0.033 0.041 0.078 0.563 
 548 M _   0.076 0.118 0.002 0.039 0.025 0.034 0.081 0.624 
 549 H _   0.063 0.084 0.002 0.028 0.017 0.028 0.085 0.693 
 550 K _   0.050 0.051 0.001 0.018 0.011 0.022 0.089 0.759 
 551 P _   0.037 0.027 0.001 0.011 0.007 0.017 0.092 0.810 
 552 L _   0.026 0.013 0.001 0.006 0.004 0.013 0.093 0.844 
 553 R _   0.019 0.007 0.000 0.004 0.003 0.010 0.094 0.864 
 554 H _   0.013 0.004 0.000 0.003 0.002 0.008 0.094 0.875 
 555 P _   0.010 0.003 0.000 0.003 0.002 0.007 0.094 0.881 
 556 G _   0.008 0.003 0.000 0.003 0.002 0.007 0.093 0.883 
 557 M _   0.008 0.004 0.000 0.004 0.002 0.008 0.091 0.882 
 558 P _   0.008 0.006 0.000 0.006 0.003 0.009 0.089 0.879 
 559 K _   0.008 0.009 0.000 0.009 0.004 0.011 0.087 0.872 
 560 G _   0.008 0.014 0.001 0.013 0.005 0.012 0.084 0.863 
 561 L _   0.008 0.020 0.001 0.018 0.006 0.014 0.081 0.852 
 562 A _   0.008 0.025 0.001 0.023 0.007 0.015 0.078 0.843 
 563 H _   0.008 0.029 0.001 0.026 0.008 0.015 0.076 0.836 
 564 Q _   0.008 0.032 0.001 0.029 0.009 0.016 0.073 0.833 
 565 L _   0.008 0.033 0.001 0.030 0.009 0.016 0.071 0.832 
 566 A _   0.008 0.033 0.001 0.030 0.009 0.016 0.070 0.833 
 567 S _   0.009 0.032 0.001 0.028 0.008 0.016 0.068 0.838 
 568 P _   0.009 0.029 0.001 0.025 0.008 0.015 0.067 0.846 
 569 G _   0.009 0.025 0.001 0.022 0.007 0.015 0.067 0.855 
 570 L _   0.010 0.020 0.001 0.018 0.006 0.014 0.066 0.866 
 571 T _   0.011 0.014 0.001 0.013 0.005 0.014 0.065 0.876 
 572 T _   0.012 0.009 0.001 0.010 0.004 0.014 0.065 0.885 
 573 L _   0.014 0.005 0.000 0.007 0.004 0.015 0.064 0.891 
 574 P _   0.018 0.002 0.000 0.004 0.003 0.016 0.063 0.892 
 575 E _   0.025 0.001 0.000 0.003 0.004 0.019 0.061 0.887 
 576 A _   0.036 0.001 0.000 0.003 0.005 0.023 0.059 0.873 
 577 S _   0.054 0.001 0.001 0.003 0.007 0.030 0.057 0.848 
 578 D _   0.077 0.001 0.001 0.004 0.012 0.038 0.055 0.812 
 579 V _   0.105 0.004 0.001 0.007 0.020 0.048 0.052 0.763 
 580 G _   0.134 0.009 0.002 0.011 0.032 0.059 0.049 0.703 
 581 S _   0.160 0.019 0.002 0.018 0.045 0.067 0.046 0.641 
 582 I _   0.179 0.031 0.003 0.027 0.056 0.072 0.044 0.588 
 583 T _   0.191 0.040 0.003 0.035 0.062 0.074 0.043 0.551 
 584 L _   0.195 0.046 0.003 0.040 0.065 0.073 0.042 0.536 
 585 A _   0.193 0.048 0.003 0.042 0.063 0.071 0.041 0.539 
 586 L _   0.185 0.047 0.003 0.040 0.058 0.066 0.041 0.560 
 587 R _   0.171 0.042 0.003 0.034 0.050 0.060 0.041 0.599 
 588 T _   0.153 0.033 0.002 0.026 0.039 0.053 0.042 0.651 
 589 L _   0.131 0.023 0.002 0.018 0.029 0.047 0.043 0.707 
 590 G _   0.109 0.013 0.001 0.012 0.019 0.041 0.043 0.761 
 591 S _   0.089 0.007 0.001 0.008 0.013 0.035 0.044 0.803 
 592 F _   0.072 0.004 0.001 0.005 0.009 0.031 0.044 0.834 
 593 E _   0.059 0.003 0.001 0.004 0.006 0.029 0.044 0.855 
 594 F _   0.051 0.002 0.001 0.003 0.006 0.028 0.044 0.866 
 595 E _   0.047 0.003 0.001 0.004 0.006 0.028 0.043 0.869 
 596 G _   0.045 0.004 0.001 0.005 0.007 0.029 0.042 0.866 
 597 H _   0.045 0.008 0.001 0.008 0.010 0.032 0.042 0.855 
 598 S _   0.047 0.016 0.001 0.012 0.014 0.034 0.040 0.836 
 599 L _   0.048 0.027 0.001 0.019 0.018 0.036 0.039 0.811 
 600 T _   0.048 0.039 0.002 0.027 0.022 0.038 0.038 0.786 
 601 Q _   0.048 0.051 0.002 0.035 0.025 0.038 0.038 0.765 
 602 F _   0.045 0.058 0.002 0.041 0.025 0.036 0.037 0.754 
 603 V _   0.042 0.062 0.002 0.045 0.025 0.034 0.037 0.753 
 604 R _   0.038 0.063 0.002 0.045 0.022 0.031 0.037 0.762 
 605 H _   0.033 0.060 0.001 0.041 0.019 0.028 0.038 0.780 
 606 C _   0.028 0.053 0.001 0.034 0.015 0.024 0.039 0.805 
 607 A _   0.024 0.044 0.001 0.027 0.011 0.020 0.040 0.834 
 608 D _   0.019 0.032 0.001 0.019 0.008 0.017 0.040 0.864 
 609 H _   0.016 0.020 0.001 0.012 0.005 0.014 0.041 0.890 
 610 F _   0.013 0.012 0.000 0.008 0.004 0.012 0.041 0.910 
 611 L _   0.011 0.007 0.000 0.005 0.003 0.010 0.041 0.923 
 612 N _   0.009 0.004 0.000 0.004 0.002 0.010 0.041 0.930 
 613 S _   0.009 0.003 0.000 0.003 0.002 0.010 0.040 0.932 
 614 E _   0.010 0.003 0.000 0.003 0.002 0.012 0.039 0.930 
 615 H _   0.011 0.003 0.000 0.005 0.003 0.015 0.038 0.924 
 616 K _   0.014 0.005 0.001 0.008 0.005 0.019 0.037 0.913 
 617 E _   0.018 0.008 0.001 0.012 0.008 0.023 0.035 0.896 
 618 I _   0.021 0.012 0.001 0.018 0.011 0.028 0.033 0.875 
 619 R _   0.026 0.017 0.001 0.024 0.015 0.033 0.031 0.854 
 620 M _   0.029 0.021 0.001 0.029 0.018 0.036 0.029 0.836 
 621 E _   0.032 0.023 0.001 0.032 0.020 0.039 0.027 0.824 
 622 A _   0.035 0.024 0.001 0.032 0.022 0.041 0.026 0.819 
 623 A _   0.039 0.023 0.001 0.030 0.022 0.042 0.025 0.819 
 624 R _   0.042 0.021 0.001 0.026 0.022 0.042 0.023 0.822 
 625 T _   0.046 0.017 0.001 0.022 0.021 0.042 0.022 0.829 
 626 C _   0.050 0.014 0.001 0.018 0.020 0.042 0.021 0.834 
 627 S _   0.056 0.011 0.001 0.015 0.018 0.041 0.020 0.837 
 628 R _   0.062 0.009 0.001 0.013 0.017 0.041 0.020 0.838 
 629 L _   0.069 0.007 0.001 0.012 0.016 0.040 0.019 0.836 
 630 L _   0.076 0.005 0.001 0.011 0.016 0.039 0.018 0.833 
 631 T _   0.085 0.004 0.001 0.011 0.015 0.038 0.017 0.829 
 632 P _   0.095 0.003 0.001 0.010 0.015 0.037 0.016 0.823 
 633 S _   0.106 0.002 0.001 0.009 0.014 0.036 0.016 0.816 
 634 I _   0.120 0.002 0.001 0.008 0.014 0.034 0.015 0.807 
 635 H _   0.136 0.001 0.001 0.007 0.013 0.033 0.014 0.795 
 636 L _   0.153 0.001 0.001 0.006 0.013 0.032 0.013 0.782 
 637 I _   0.172 0.000 0.001 0.005 0.012 0.031 0.012 0.766 
 638 S _   0.195 0.000 0.001 0.004 0.012 0.030 0.011 0.747 
 639 G _   0.221 0.000 0.001 0.003 0.011 0.030 0.010 0.723 
 640 H _   0.252 0.000 0.001 0.003 0.011 0.029 0.009 0.693 
 641 A _   0.287 0.000 0.001 0.002 0.012 0.029 0.009 0.660 
 642 H _   0.326 0.000 0.001 0.002 0.013 0.029 0.008 0.621 
 643 V _   0.370 0.000 0.001 0.002 0.014 0.029 0.007 0.577 
 644 V _   0.416 0.000 0.001 0.002 0.016 0.029 0.006 0.530 
 645 S _   0.461 0.000 0.001 0.002 0.018 0.029 0.006 0.483 
 646 Q H   0.503 0.000 0.001 0.002 0.019 0.029 0.005 0.439 
 647 T H   0.539 0.000 0.001 0.002 0.021 0.029 0.005 0.402 
 648 A H   0.567 0.000 0.001 0.002 0.022 0.029 0.005 0.374 
 649 V H   0.586 0.000 0.001 0.002 0.022 0.028 0.005 0.355 
 650 Q H   0.596 0.000 0.001 0.002 0.022 0.028 0.005 0.346 
 651 V H   0.598 0.000 0.001 0.002 0.022 0.027 0.006 0.344 
 652 V H   0.595 0.000 0.001 0.002 0.022 0.027 0.006 0.346 
 653 A H   0.586 0.000 0.001 0.002 0.022 0.027 0.007 0.355 
 654 D H   0.570 0.000 0.001 0.002 0.023 0.028 0.008 0.367 
 655 V H   0.550 0.000 0.001 0.003 0.025 0.029 0.009 0.384 
 656 L H   0.524 0.000 0.002 0.004 0.027 0.029 0.010 0.403 
 657 S H   0.490 0.001 0.002 0.006 0.029 0.030 0.012 0.429 
 658 K _   0.447 0.002 0.002 0.010 0.030 0.030 0.015 0.464 
 659 L _   0.395 0.003 0.002 0.015 0.029 0.029 0.018 0.509 
 660 L _   0.336 0.003 0.002 0.019 0.026 0.028 0.021 0.565 
 661 V _   0.273 0.004 0.002 0.020 0.021 0.025 0.025 0.630 
 662 V _   0.210 0.003 0.002 0.018 0.016 0.021 0.029 0.701 
 663 G _   0.153 0.002 0.001 0.013 0.011 0.017 0.033 0.770 
