#TopoPred_TM8: 8-state transmembrane topology prediction results by no_profile mode 
#probabilities are in the order of H E C I L F X _, the 8 transmembrane topology types used in PDBTM 
   1 M X   0.013 0.001 0.002 0.057 0.010 0.010 0.739 0.168 
   2 Q X   0.005 0.001 0.000 0.033 0.002 0.005 0.760 0.194 
   3 Y X   0.001 0.000 0.000 0.016 0.001 0.003 0.764 0.213 
   4 L X   0.001 0.001 0.000 0.010 0.001 0.003 0.761 0.224 
   5 N X   0.001 0.001 0.000 0.007 0.001 0.004 0.754 0.231 
   6 I X   0.002 0.002 0.000 0.006 0.001 0.006 0.744 0.238 
   7 K X   0.003 0.004 0.000 0.007 0.002 0.009 0.731 0.243 
   8 E X   0.005 0.010 0.000 0.011 0.003 0.013 0.713 0.245 
   9 D X   0.007 0.022 0.001 0.017 0.006 0.017 0.689 0.240 
  10 C X   0.008 0.047 0.001 0.028 0.011 0.021 0.658 0.227 
  11 N X   0.009 0.081 0.002 0.041 0.015 0.023 0.624 0.206 
  12 A X   0.009 0.114 0.002 0.054 0.017 0.024 0.594 0.188 
  13 M X   0.009 0.136 0.002 0.063 0.018 0.023 0.573 0.177 
  14 A X   0.009 0.148 0.001 0.068 0.018 0.023 0.559 0.174 
  15 F X   0.009 0.153 0.001 0.069 0.017 0.022 0.550 0.179 
  16 C X   0.010 0.152 0.001 0.065 0.016 0.020 0.544 0.191 
  17 A X   0.010 0.147 0.001 0.057 0.014 0.018 0.541 0.212 
  18 K X   0.010 0.134 0.001 0.047 0.012 0.016 0.539 0.242 
  19 M X   0.010 0.112 0.001 0.035 0.010 0.013 0.539 0.281 
  20 R X   0.009 0.084 0.001 0.024 0.007 0.011 0.539 0.324 
  21 S X   0.008 0.056 0.001 0.015 0.005 0.009 0.540 0.366 
  22 S X   0.007 0.034 0.000 0.009 0.003 0.008 0.540 0.398 
  23 K X   0.006 0.022 0.000 0.006 0.002 0.006 0.539 0.419 
  24 K X   0.005 0.015 0.000 0.004 0.002 0.005 0.537 0.432 
  25 T X   0.004 0.012 0.000 0.003 0.001 0.005 0.534 0.441 
  26 E X   0.004 0.011 0.000 0.003 0.001 0.005 0.529 0.447 
  27 V X   0.004 0.011 0.000 0.003 0.001 0.005 0.523 0.453 
  28 N X   0.004 0.011 0.000 0.004 0.002 0.005 0.516 0.458 
  29 L X   0.004 0.013 0.000 0.005 0.002 0.006 0.508 0.462 
  30 E X   0.004 0.016 0.000 0.006 0.002 0.008 0.498 0.465 
  31 A X   0.005 0.021 0.000 0.009 0.003 0.009 0.486 0.466 
  32 P X   0.005 0.028 0.001 0.012 0.005 0.011 0.473 0.465 
  33 E _   0.006 0.038 0.001 0.016 0.006 0.013 0.459 0.460 
  34 P _   0.007 0.050 0.001 0.022 0.008 0.015 0.445 0.452 
  35 G _   0.008 0.062 0.001 0.028 0.010 0.017 0.431 0.442 
  36 V _   0.008 0.074 0.001 0.035 0.012 0.018 0.419 0.433 
  37 E _   0.009 0.081 0.001 0.041 0.013 0.019 0.409 0.428 
  38 V _   0.009 0.086 0.001 0.044 0.013 0.019 0.401 0.428 
  39 I _   0.009 0.087 0.001 0.044 0.013 0.018 0.395 0.433 
  40 F _   0.009 0.085 0.001 0.042 0.011 0.017 0.390 0.445 
  41 Y _   0.008 0.079 0.001 0.037 0.010 0.015 0.387 0.463 
  42 L _   0.008 0.069 0.001 0.030 0.008 0.013 0.384 0.486 
  43 S _   0.007 0.056 0.001 0.023 0.007 0.012 0.382 0.512 
  44 D _   0.007 0.042 0.001 0.017 0.005 0.010 0.381 0.539 
  45 R _   0.006 0.028 0.001 0.012 0.004 0.009 0.379 0.562 
  46 E _   0.005 0.018 0.000 0.008 0.003 0.008 0.377 0.581 
  47 P _   0.005 0.012 0.000 0.005 0.002 0.007 0.374 0.594 
  48 L _   0.005 0.008 0.000 0.004 0.002 0.007 0.371 0.603 
  49 R _   0.005 0.006 0.000 0.004 0.002 0.007 0.367 0.609 
  50 L _   0.005 0.006 0.000 0.004 0.002 0.008 0.362 0.613 
  51 G _   0.006 0.005 0.000 0.004 0.002 0.010 0.357 0.615 
  52 S _   0.007 0.006 0.000 0.005 0.003 0.013 0.350 0.616 
  53 G _   0.009 0.007 0.000 0.006 0.004 0.016 0.343 0.614 
  54 E _   0.012 0.008 0.001 0.008 0.006 0.021 0.335 0.609 
  55 Y _   0.016 0.011 0.001 0.011 0.008 0.026 0.326 0.601 
  56 T _   0.021 0.015 0.001 0.014 0.012 0.032 0.316 0.589 
  57 A _   0.026 0.020 0.001 0.018 0.016 0.039 0.306 0.574 
  58 E _   0.032 0.025 0.001 0.022 0.021 0.044 0.297 0.558 
  59 E _   0.038 0.029 0.002 0.025 0.025 0.049 0.288 0.544 
  60 L _   0.044 0.033 0.002 0.028 0.029 0.052 0.280 0.531 
  61 C _   0.051 0.035 0.002 0.030 0.032 0.055 0.273 0.523 
  62 I _   0.056 0.036 0.002 0.030 0.033 0.056 0.267 0.520 
  63 R _   0.061 0.036 0.002 0.028 0.033 0.056 0.262 0.523 
  64 A _   0.064 0.034 0.002 0.025 0.031 0.056 0.259 0.530 
  65 A _   0.067 0.031 0.002 0.020 0.029 0.054 0.256 0.542 
  66 Q _   0.068 0.027 0.002 0.016 0.025 0.052 0.254 0.555 
  67 A _   0.069 0.024 0.001 0.013 0.022 0.051 0.252 0.568 
  68 C _   0.069 0.021 0.001 0.010 0.020 0.049 0.251 0.579 
  69 R _   0.069 0.020 0.001 0.009 0.019 0.047 0.249 0.585 
  70 I _   0.069 0.020 0.001 0.009 0.018 0.045 0.249 0.589 
  71 S _   0.068 0.021 0.001 0.011 0.018 0.044 0.248 0.589 
  72 P _   0.065 0.023 0.001 0.014 0.019 0.042 0.248 0.587 
  73 L _   0.062 0.026 0.001 0.018 0.020 0.040 0.248 0.585 
  74 C _   0.058 0.029 0.001 0.022 0.020 0.038 0.249 0.584 
  75 H _   0.054 0.030 0.001 0.025 0.019 0.035 0.250 0.586 
  76 N _   0.048 0.031 0.001 0.027 0.018 0.031 0.252 0.592 
  77 L _   0.041 0.029 0.001 0.026 0.016 0.027 0.255 0.604 
  78 F _   0.035 0.027 0.001 0.022 0.013 0.024 0.258 0.620 
  79 A _   0.029 0.023 0.001 0.018 0.010 0.020 0.262 0.639 
  80 L _   0.023 0.018 0.001 0.013 0.007 0.016 0.265 0.657 
  81 Y _   0.018 0.014 0.001 0.009 0.005 0.013 0.268 0.673 
  82 D _   0.014 0.011 0.000 0.007 0.004 0.011 0.270 0.683 
  83 E _   0.012 0.009 0.000 0.005 0.003 0.010 0.272 0.689 
  84 N _   0.010 0.008 0.000 0.005 0.003 0.009 0.273 0.692 
  85 T _   0.009 0.008 0.000 0.005 0.003 0.009 0.274 0.692 
  86 K _   0.009 0.009 0.000 0.006 0.003 0.009 0.275 0.690 
  87 L _   0.009 0.010 0.000 0.007 0.003 0.009 0.276 0.685 
  88 W _   0.008 0.012 0.000 0.009 0.004 0.010 0.276 0.680 
  89 Y _   0.008 0.015 0.001 0.011 0.004 0.010 0.277 0.674 
  90 A _   0.008 0.018 0.001 0.013 0.005 0.010 0.277 0.668 
  91 P _   0.008 0.020 0.001 0.013 0.005 0.010 0.278 0.664 
  92 N _   0.008 0.022 0.001 0.014 0.005 0.010 0.279 0.661 
  93 R _   0.008 0.023 0.001 0.013 0.005 0.010 0.281 0.659 
  94 T _   0.007 0.024 0.001 0.012 0.004 0.010 0.283 0.659 
  95 I _   0.007 0.025 0.000 0.010 0.004 0.010 0.285 0.658 
  96 T _   0.007 0.026 0.000 0.009 0.004 0.010 0.287 0.657 
  97 V _   0.007 0.027 0.000 0.008 0.003 0.010 0.289 0.656 
  98 D _   0.007 0.029 0.000 0.007 0.003 0.011 0.290 0.652 
  99 D _   0.007 0.032 0.000 0.007 0.004 0.012 0.291 0.646 
 100 K _   0.008 0.038 0.000 0.008 0.004 0.014 0.292 0.635 
 101 M _   0.010 0.047 0.001 0.010 0.006 0.017 0.292 0.619 
 102 S _   0.011 0.060 0.001 0.013 0.008 0.019 0.292 0.596 
 103 L _   0.013 0.081 0.001 0.018 0.010 0.022 0.291 0.565 
 104 R _   0.014 0.107 0.001 0.025 0.013 0.024 0.290 0.526 
 105 L _   0.014 0.135 0.001 0.032 0.016 0.025 0.290 0.486 
 106 H _   0.015 0.160 0.001 0.040 0.018 0.026 0.291 0.449 
 107 Y _   0.015 0.179 0.001 0.048 0.019 0.026 0.292 0.419 
 108 R _   0.015 0.190 0.001 0.053 0.020 0.025 0.296 0.400 
 109 M _   0.014 0.195 0.001 0.057 0.019 0.024 0.301 0.389 
 110 R _   0.014 0.194 0.001 0.057 0.018 0.022 0.307 0.387 
 111 F _   0.013 0.188 0.001 0.053 0.016 0.020 0.316 0.392 
 112 Y _   0.012 0.175 0.001 0.048 0.014 0.018 0.327 0.404 
 113 F _   0.011 0.154 0.001 0.040 0.011 0.016 0.341 0.426 
 114 T _   0.010 0.124 0.001 0.031 0.009 0.013 0.357 0.454 
 115 N _   0.010 0.091 0.001 0.022 0.007 0.011 0.374 0.484 
 116 W _   0.009 0.061 0.001 0.015 0.005 0.009 0.389 0.511 
 117 H _   0.008 0.039 0.000 0.010 0.003 0.008 0.402 0.530 
 118 G _   0.006 0.026 0.000 0.007 0.002 0.007 0.412 0.541 
 119 T _   0.005 0.019 0.000 0.005 0.002 0.006 0.419 0.544 
 120 N _   0.005 0.015 0.000 0.004 0.001 0.005 0.425 0.544 
 121 D _   0.005 0.014 0.000 0.005 0.001 0.005 0.429 0.541 
 122 N _   0.005 0.013 0.000 0.006 0.002 0.006 0.433 0.536 
 123 E _   0.005 0.013 0.000 0.007 0.002 0.006 0.436 0.531 
 124 Q _   0.005 0.013 0.000 0.009 0.002 0.007 0.438 0.525 
 125 S _   0.005 0.013 0.000 0.011 0.002 0.007 0.441 0.521 
 126 V _   0.005 0.013 0.000 0.012 0.002 0.007 0.443 0.518 
 127 W _   0.005 0.013 0.000 0.012 0.002 0.006 0.445 0.517 
 128 R _   0.004 0.012 0.000 0.011 0.002 0.006 0.447 0.517 
 129 H _   0.004 0.011 0.000 0.010 0.002 0.006 0.448 0.519 
 130 S _   0.004 0.010 0.000 0.008 0.002 0.005 0.450 0.522 
 131 P _   0.004 0.009 0.000 0.006 0.001 0.005 0.450 0.524 
 132 K _   0.003 0.008 0.000 0.005 0.001 0.004 0.450 0.527 
 133 K _   0.003 0.008 0.000 0.004 0.001 0.004 0.450 0.529 
 134 Q _   0.003 0.008 0.000 0.004 0.001 0.004 0.448 0.532 
 135 K _   0.003 0.009 0.000 0.004 0.001 0.004 0.445 0.534 
 136 N _   0.003 0.010 0.000 0.005 0.001 0.004 0.441 0.536 
 137 G _   0.003 0.012 0.000 0.005 0.001 0.005 0.435 0.539 
 138 Y _   0.003 0.015 0.000 0.006 0.001 0.005 0.427 0.542 
 139 E _   0.003 0.019 0.000 0.007 0.002 0.006 0.418 0.545 
 140 K _   0.003 0.026 0.000 0.009 0.002 0.007 0.407 0.547 
 141 K _   0.003 0.035 0.000 0.010 0.003 0.007 0.394 0.547 
 142 K _   0.003 0.048 0.000 0.013 0.003 0.009 0.379 0.546 
 143 I _   0.004 0.064 0.001 0.015 0.004 0.010 0.362 0.541 
 144 P _   0.004 0.085 0.001 0.017 0.004 0.011 0.344 0.533 
 145 D _   0.004 0.111 0.001 0.020 0.005 0.012 0.325 0.521 
 146 A _   0.004 0.141 0.001 0.022 0.006 0.013 0.306 0.507 
 147 T _   0.005 0.172 0.001 0.024 0.007 0.015 0.286 0.491 
 148 P _   0.005 0.206 0.001 0.025 0.008 0.016 0.267 0.472 
 149 L _   0.005 0.241 0.001 0.026 0.009 0.017 0.249 0.452 
 150 L _   0.006 0.276 0.001 0.028 0.010 0.018 0.231 0.430 
 151 D _   0.006 0.313 0.001 0.029 0.011 0.020 0.215 0.405 
 152 A _   0.007 0.349 0.001 0.031 0.013 0.021 0.200 0.380 
 153 S E   0.007 0.383 0.001 0.033 0.014 0.022 0.186 0.355 
 154 S E   0.008 0.412 0.001 0.035 0.015 0.022 0.175 0.332 
 155 L E   0.008 0.435 0.001 0.037 0.015 0.022 0.166 0.315 
 156 E E   0.009 0.450 0.001 0.039 0.015 0.022 0.159 0.304 
 157 Y E   0.009 0.458 0.001 0.040 0.015 0.021 0.154 0.301 
 158 L E   0.010 0.460 0.001 0.040 0.014 0.020 0.150 0.305 
 159 F E   0.010 0.455 0.001 0.037 0.014 0.019 0.148 0.315 
 160 A E   0.010 0.443 0.001 0.034 0.013 0.018 0.146 0.334 
 161 Q E   0.011 0.423 0.001 0.030 0.012 0.018 0.145 0.361 
 162 G E   0.011 0.396 0.001 0.025 0.011 0.017 0.145 0.393 
 163 Q _   0.012 0.366 0.001 0.022 0.010 0.017 0.145 0.428 
 164 Y _   0.012 0.336 0.001 0.019 0.009 0.016 0.146 0.460 
 165 D _   0.012 0.312 0.001 0.018 0.008 0.016 0.147 0.486 
 166 L _   0.013 0.291 0.001 0.018 0.008 0.016 0.148 0.506 
 167 V _   0.013 0.274 0.001 0.019 0.007 0.015 0.149 0.522 
 168 K _   0.013 0.258 0.001 0.021 0.007 0.015 0.150 0.536 
 169 C _   0.013 0.241 0.001 0.023 0.007 0.014 0.152 0.550 
 170 L _   0.012 0.221 0.001 0.024 0.007 0.014 0.154 0.568 
 171 A _   0.012 0.197 0.001 0.024 0.007 0.013 0.156 0.591 
 172 P _   0.011 0.167 0.001 0.023 0.006 0.012 0.158 0.622 
 173 I _   0.011 0.133 0.001 0.020 0.006 0.011 0.161 0.657 
 174 R _   0.010 0.097 0.001 0.017 0.005 0.010 0.164 0.696 
 175 D _   0.009 0.063 0.001 0.013 0.004 0.009 0.166 0.735 
 176 P _   0.008 0.037 0.000 0.010 0.003 0.007 0.167 0.768 
 177 K _   0.007 0.019 0.000 0.007 0.002 0.006 0.167 0.791 
 178 T _   0.006 0.009 0.000 0.004 0.001 0.005 0.166 0.808 
 179 E _   0.005 0.004 0.000 0.003 0.001 0.004 0.164 0.819 
 180 Q _   0.006 0.001 0.000 0.002 0.001 0.003 0.161 0.826 
 181 D _   0.008 0.000 0.000 0.002 0.001 0.003 0.156 0.830 
 182 G _   0.014 0.000 0.000 0.002 0.001 0.004 0.149 0.830 
 183 H _   0.030 0.000 0.000 0.002 0.002 0.006 0.140 0.822 
 184 D _   0.064 0.000 0.000 0.002 0.003 0.008 0.127 0.796 
 185 I _   0.130 0.000 0.001 0.002 0.005 0.012 0.110 0.741 
 186 E _   0.239 0.000 0.001 0.002 0.008 0.016 0.088 0.645 
 187 N _   0.379 0.000 0.001 0.002 0.012 0.021 0.066 0.518 
 188 E H   0.526 0.000 0.002 0.002 0.018 0.024 0.046 0.382 
 189 C H   0.657 0.000 0.002 0.002 0.023 0.025 0.032 0.259 
 190 L H   0.751 0.000 0.002 0.002 0.027 0.024 0.023 0.170 
 191 G H   0.814 0.000 0.002 0.001 0.029 0.022 0.019 0.113 
 192 M H   0.853 0.000 0.001 0.001 0.029 0.020 0.016 0.080 
 193 A H   0.873 0.000 0.001 0.001 0.028 0.017 0.015 0.064 
 194 V H   0.882 0.000 0.001 0.001 0.027 0.015 0.014 0.058 
 195 L H   0.881 0.000 0.001 0.001 0.027 0.014 0.014 0.062 
 196 A H   0.869 0.000 0.001 0.001 0.026 0.013 0.015 0.075 
 197 I H   0.844 0.000 0.001 0.001 0.026 0.013 0.016 0.099 
 198 S H   0.802 0.000 0.002 0.002 0.024 0.013 0.018 0.140 
 199 H H   0.740 0.000 0.002 0.002 0.022 0.013 0.022 0.200 
 200 Y H   0.660 0.000 0.002 0.002 0.020 0.013 0.027 0.276 
 201 A H   0.566 0.000 0.002 0.003 0.017 0.014 0.034 0.365 
 202 M H   0.465 0.000 0.001 0.004 0.014 0.014 0.043 0.458 
 203 M _   0.367 0.000 0.001 0.005 0.011 0.014 0.054 0.547 
 204 K _   0.278 0.000 0.001 0.006 0.009 0.013 0.063 0.629 
 205 K _   0.200 0.000 0.001 0.007 0.007 0.012 0.073 0.700 
 206 M _   0.138 0.000 0.001 0.007 0.006 0.011 0.081 0.757 
 207 Q _   0.092 0.000 0.001 0.007 0.004 0.010 0.087 0.799 
 208 L _   0.060 0.000 0.000 0.006 0.003 0.008 0.092 0.830 
 209 P _   0.038 0.000 0.000 0.005 0.003 0.007 0.096 0.850 
 210 E _   0.025 0.000 0.000 0.004 0.002 0.006 0.099 0.863 
 211 L _   0.016 0.000 0.000 0.004 0.002 0.006 0.101 0.871 
 212 P _   0.012 0.001 0.000 0.003 0.002 0.005 0.103 0.875 
 213 K _   0.009 0.001 0.000 0.003 0.002 0.005 0.103 0.876 
 214 D _   0.007 0.001 0.000 0.004 0.002 0.006 0.104 0.876 
 215 I _   0.006 0.002 0.000 0.005 0.002 0.006 0.104 0.874 
 216 S _   0.006 0.004 0.000 0.006 0.002 0.007 0.103 0.871 
 217 Y _   0.006 0.006 0.000 0.008 0.003 0.008 0.103 0.865 
 218 K _   0.007 0.010 0.000 0.010 0.004 0.009 0.102 0.858 
 219 R _   0.007 0.014 0.001 0.012 0.004 0.010 0.101 0.852 
 220 Y _   0.007 0.018 0.001 0.014 0.005 0.011 0.100 0.845 
 221 I _   0.007 0.022 0.001 0.016 0.005 0.011 0.099 0.840 
 222 P _   0.007 0.025 0.001 0.017 0.005 0.012 0.098 0.836 
 223 E _   0.007 0.028 0.001 0.016 0.005 0.012 0.097 0.834 
 224 T _   0.007 0.030 0.001 0.015 0.005 0.012 0.097 0.834 
 225 L _   0.007 0.031 0.001 0.014 0.005 0.012 0.096 0.833 
 226 N _   0.007 0.032 0.001 0.013 0.005 0.013 0.096 0.833 
 227 K _   0.008 0.034 0.001 0.012 0.005 0.013 0.096 0.832 
 228 S _   0.009 0.035 0.001 0.011 0.005 0.014 0.095 0.829 
 229 I _   0.010 0.038 0.001 0.012 0.006 0.015 0.095 0.824 
 230 R _   0.011 0.041 0.001 0.012 0.006 0.017 0.095 0.817 
 231 Q _   0.012 0.045 0.001 0.014 0.007 0.018 0.095 0.808 
 232 R _   0.014 0.049 0.001 0.015 0.008 0.020 0.095 0.798 
 233 N _   0.015 0.054 0.001 0.017 0.010 0.021 0.095 0.788 
 234 L _   0.016 0.058 0.001 0.019 0.011 0.022 0.095 0.778 
 235 L _   0.017 0.061 0.001 0.020 0.011 0.023 0.095 0.771 
 236 T _   0.018 0.064 0.001 0.020 0.012 0.023 0.096 0.766 
 237 R _   0.018 0.065 0.001 0.020 0.012 0.023 0.097 0.764 
 238 M _   0.018 0.066 0.001 0.020 0.012 0.023 0.098 0.763 
 239 R _   0.018 0.066 0.001 0.020 0.011 0.022 0.099 0.763 
 240 I _   0.017 0.066 0.001 0.019 0.011 0.022 0.101 0.763 
 241 N _   0.017 0.065 0.001 0.019 0.010 0.021 0.102 0.764 
 242 N _   0.017 0.064 0.001 0.019 0.010 0.021 0.104 0.764 
 243 V _   0.016 0.063 0.001 0.019 0.009 0.020 0.106 0.765 
 244 F _   0.016 0.061 0.001 0.019 0.009 0.019 0.108 0.766 
 245 K _   0.015 0.059 0.001 0.019 0.009 0.018 0.111 0.769 
 246 D _   0.014 0.056 0.001 0.019 0.008 0.017 0.113 0.773 
 247 F _   0.013 0.053 0.001 0.018 0.007 0.016 0.115 0.777 
 248 L _   0.012 0.049 0.001 0.017 0.007 0.014 0.118 0.782 
 249 K _   0.011 0.045 0.001 0.016 0.006 0.013 0.120 0.787 
 250 E _   0.010 0.041 0.001 0.015 0.006 0.012 0.123 0.792 
 251 F _   0.010 0.037 0.001 0.014 0.005 0.011 0.126 0.796 
 252 N _   0.009 0.033 0.001 0.013 0.005 0.011 0.129 0.800 
 253 N _   0.009 0.029 0.001 0.013 0.004 0.010 0.131 0.804 
 254 K _   0.008 0.026 0.001 0.012 0.004 0.009 0.134 0.807 
 255 T _   0.008 0.022 0.000 0.011 0.004 0.008 0.137 0.810 
 256 I _   0.007 0.019 0.000 0.010 0.003 0.008 0.139 0.813 
 257 C _   0.007 0.016 0.000 0.009 0.003 0.007 0.142 0.816 
 258 D _   0.006 0.014 0.000 0.008 0.003 0.007 0.144 0.818 
 259 S _   0.006 0.011 0.000 0.007 0.002 0.007 0.146 0.821 
 260 S _   0.005 0.010 0.000 0.006 0.002 0.006 0.147 0.823 
 261 V _   0.005 0.009 0.000 0.005 0.002 0.006 0.148 0.824 
 262 S _   0.005 0.008 0.000 0.005 0.002 0.007 0.149 0.824 
 263 T _   0.005 0.008 0.000 0.005 0.002 0.008 0.149 0.823 
 264 H _   0.006 0.009 0.000 0.005 0.002 0.009 0.149 0.819 
 265 D _   0.006 0.011 0.000 0.007 0.003 0.011 0.149 0.812 
 266 L _   0.008 0.015 0.000 0.010 0.004 0.014 0.148 0.801 
 267 K _   0.009 0.021 0.001 0.014 0.006 0.018 0.147 0.784 
 268 V _   0.011 0.029 0.001 0.020 0.009 0.021 0.146 0.763 
 269 K _   0.013 0.038 0.001 0.028 0.012 0.024 0.145 0.740 
 270 Y _   0.014 0.045 0.001 0.035 0.015 0.027 0.144 0.719 
 271 L _   0.015 0.050 0.001 0.040 0.017 0.029 0.144 0.703 
 272 A _   0.016 0.053 0.001 0.043 0.018 0.030 0.145 0.695 
 273 T _   0.016 0.052 0.001 0.042 0.017 0.030 0.146 0.694 
 274 L _   0.017 0.049 0.001 0.038 0.016 0.030 0.149 0.700 
 275 E _   0.018 0.043 0.001 0.031 0.014 0.029 0.151 0.711 
 276 T _   0.019 0.035 0.001 0.023 0.012 0.029 0.155 0.726 
 277 L _   0.021 0.026 0.001 0.016 0.010 0.028 0.158 0.740 
 278 T _   0.023 0.018 0.001 0.011 0.008 0.029 0.161 0.750 
 279 K _   0.026 0.013 0.001 0.007 0.007 0.030 0.164 0.753 
 280 H _   0.030 0.010 0.001 0.005 0.007 0.032 0.166 0.749 
 281 Y _   0.037 0.009 0.001 0.005 0.008 0.035 0.169 0.736 
 282 G _   0.046 0.010 0.001 0.005 0.011 0.040 0.171 0.716 
 283 A _   0.057 0.014 0.001 0.007 0.016 0.045 0.173 0.686 
 284 E _   0.068 0.021 0.001 0.011 0.023 0.051 0.175 0.649 
 285 I _   0.077 0.034 0.002 0.017 0.030 0.055 0.178 0.607 
 286 F _   0.084 0.050 0.002 0.024 0.037 0.058 0.182 0.564 
 287 E _   0.086 0.065 0.002 0.032 0.042 0.059 0.186 0.527 
 288 T _   0.086 0.078 0.002 0.038 0.044 0.058 0.192 0.501 
 289 S _   0.084 0.086 0.002 0.043 0.044 0.055 0.199 0.487 
 290 M _   0.079 0.090 0.002 0.045 0.041 0.051 0.208 0.483 
 291 L _   0.072 0.090 0.002 0.045 0.037 0.047 0.218 0.490 
 292 L _   0.063 0.086 0.002 0.042 0.031 0.041 0.230 0.504 
 293 I _   0.054 0.080 0.002 0.037 0.025 0.036 0.243 0.524 
 294 S _   0.045 0.070 0.002 0.032 0.019 0.030 0.257 0.545 
 295 S _   0.037 0.058 0.001 0.026 0.014 0.025 0.271 0.567 
 296 E _   0.029 0.046 0.001 0.021 0.010 0.020 0.286 0.586 
 297 N _   0.023 0.034 0.001 0.017 0.007 0.017 0.299 0.602 
 298 E _   0.018 0.024 0.001 0.013 0.005 0.013 0.311 0.614 
 299 M _   0.014 0.016 0.001 0.010 0.004 0.010 0.322 0.624 
 300 N _   0.010 0.010 0.000 0.007 0.003 0.008 0.331 0.630 
 301 W _   0.008 0.006 0.000 0.005 0.002 0.006 0.338 0.634 
 302 F _   0.006 0.004 0.000 0.004 0.001 0.005 0.343 0.636 
 303 H _   0.005 0.003 0.000 0.003 0.001 0.005 0.347 0.637 
 304 S _   0.004 0.002 0.000 0.002 0.001 0.005 0.350 0.636 
 305 N _   0.004 0.002 0.000 0.002 0.001 0.005 0.351 0.634 
 306 D _   0.005 0.003 0.000 0.002 0.001 0.007 0.352 0.629 
 307 G _   0.006 0.005 0.000 0.003 0.002 0.010 0.352 0.621 
 308 G _   0.009 0.010 0.000 0.006 0.004 0.014 0.352 0.605 
 309 N _   0.013 0.023 0.001 0.010 0.007 0.020 0.350 0.577 
 310 V _   0.017 0.047 0.001 0.016 0.012 0.027 0.348 0.533 
 311 L _   0.020 0.084 0.002 0.024 0.017 0.032 0.345 0.477 
 312 Y _   0.022 0.122 0.002 0.032 0.022 0.037 0.342 0.421 
 313 Y _   0.023 0.156 0.002 0.038 0.026 0.039 0.341 0.375 
 314 E _   0.024 0.179 0.002 0.042 0.028 0.041 0.342 0.342 
 315 V X   0.025 0.194 0.002 0.044 0.030 0.042 0.344 0.321 
 316 M X   0.026 0.203 0.002 0.044 0.030 0.041 0.347 0.307 
 317 V X   0.026 0.207 0.002 0.043 0.030 0.040 0.352 0.300 
 318 T X   0.026 0.207 0.002 0.042 0.029 0.039 0.359 0.297 
 319 G X   0.026 0.203 0.002 0.040 0.027 0.037 0.367 0.298 
 320 N X   0.025 0.196 0.002 0.038 0.025 0.034 0.377 0.302 
 321 L X   0.024 0.186 0.002 0.036 0.022 0.031 0.389 0.310 
 322 G X   0.023 0.170 0.002 0.033 0.019 0.028 0.404 0.321 
 323 I X   0.021 0.150 0.002 0.030 0.016 0.025 0.421 0.336 
 324 Q X   0.019 0.126 0.001 0.025 0.013 0.022 0.439 0.354 
 325 W X   0.017 0.101 0.001 0.021 0.011 0.019 0.459 0.372 
 326 R X   0.015 0.076 0.001 0.017 0.008 0.016 0.478 0.388 
 327 H X   0.013 0.056 0.001 0.013 0.006 0.014 0.495 0.401 
 328 K X   0.011 0.041 0.001 0.011 0.005 0.012 0.512 0.408 
 329 P X   0.009 0.031 0.001 0.009 0.004 0.010 0.526 0.410 
 330 N X   0.008 0.024 0.000 0.008 0.003 0.009 0.539 0.409 
 331 V X   0.007 0.019 0.000 0.007 0.003 0.008 0.551 0.405 
 332 V X   0.007 0.015 0.000 0.007 0.002 0.007 0.562 0.400 
 333 S X   0.006 0.012 0.000 0.007 0.002 0.006 0.571 0.395 
 334 V X   0.006 0.010 0.000 0.007 0.002 0.006 0.580 0.390 
 335 E X   0.005 0.008 0.000 0.006 0.002 0.005 0.588 0.386 
 336 K X   0.005 0.007 0.000 0.006 0.002 0.005 0.594 0.382 
 337 E X   0.004 0.006 0.000 0.005 0.001 0.004 0.600 0.379 
 338 K X   0.004 0.005 0.000 0.005 0.001 0.004 0.605 0.377 
 339 N X   0.003 0.004 0.000 0.004 0.001 0.004 0.609 0.374 
 340 K X   0.003 0.003 0.000 0.004 0.001 0.004 0.612 0.372 
 341 L X   0.003 0.003 0.000 0.004 0.001 0.004 0.615 0.370 
 342 K X   0.003 0.003 0.000 0.004 0.001 0.003 0.617 0.369 
 343 R X   0.003 0.003 0.000 0.004 0.001 0.003 0.618 0.368 
 344 K X   0.003 0.002 0.000 0.004 0.001 0.003 0.618 0.368 
 345 K X   0.003 0.002 0.000 0.004 0.001 0.003 0.617 0.368 
 346 L X   0.003 0.003 0.000 0.004 0.001 0.003 0.616 0.370 
 347 E X   0.003 0.003 0.000 0.004 0.001 0.003 0.614 0.372 
 348 N X   0.003 0.003 0.000 0.004 0.001 0.003 0.611 0.376 
 349 K X   0.002 0.003 0.000 0.004 0.001 0.003 0.606 0.380 
 350 H X   0.002 0.003 0.000 0.004 0.001 0.003 0.601 0.386 
 351 K X   0.002 0.004 0.000 0.004 0.001 0.003 0.594 0.392 
 352 K X   0.002 0.005 0.000 0.004 0.001 0.004 0.586 0.398 
 353 D X   0.002 0.007 0.000 0.005 0.001 0.004 0.575 0.405 
 354 E X   0.002 0.011 0.000 0.006 0.002 0.005 0.563 0.411 
 355 E X   0.003 0.017 0.000 0.008 0.002 0.006 0.548 0.416 
 356 K X   0.003 0.026 0.000 0.011 0.003 0.007 0.531 0.420 
 357 N X   0.003 0.038 0.001 0.014 0.004 0.009 0.511 0.421 
 358 K X   0.003 0.053 0.001 0.017 0.004 0.010 0.490 0.421 
 359 I X   0.004 0.069 0.001 0.020 0.005 0.011 0.469 0.422 
 360 R X   0.004 0.084 0.001 0.022 0.005 0.012 0.450 0.423 
 361 E X   0.004 0.098 0.001 0.023 0.006 0.012 0.432 0.425 
 362 E _   0.004 0.109 0.001 0.023 0.006 0.013 0.416 0.429 
 363 W _   0.004 0.119 0.001 0.022 0.006 0.013 0.402 0.433 
 364 N _   0.004 0.128 0.001 0.020 0.006 0.014 0.389 0.438 
 365 N _   0.005 0.136 0.001 0.019 0.006 0.015 0.377 0.441 
 366 F _   0.005 0.144 0.001 0.019 0.007 0.017 0.365 0.442 
 367 S _   0.006 0.153 0.001 0.018 0.008 0.018 0.354 0.441 
 368 Y _   0.008 0.164 0.001 0.019 0.009 0.020 0.343 0.437 
 369 F _   0.009 0.176 0.001 0.020 0.010 0.022 0.333 0.429 
 370 P _   0.010 0.191 0.001 0.022 0.012 0.023 0.322 0.418 
 371 E _   0.011 0.207 0.001 0.025 0.014 0.025 0.312 0.405 
 372 I _   0.013 0.224 0.001 0.028 0.016 0.026 0.302 0.391 
 373 T _   0.013 0.239 0.001 0.032 0.017 0.026 0.294 0.378 
 374 H _   0.014 0.251 0.001 0.036 0.018 0.026 0.286 0.368 
 375 I _   0.015 0.259 0.001 0.039 0.018 0.026 0.281 0.361 
 376 V _   0.015 0.264 0.001 0.042 0.018 0.025 0.277 0.358 
 377 I _   0.015 0.265 0.001 0.043 0.018 0.024 0.274 0.361 
 378 K _   0.014 0.262 0.001 0.044 0.016 0.022 0.272 0.369 
 379 E _   0.014 0.253 0.001 0.042 0.015 0.020 0.272 0.383 
 380 S _   0.013 0.238 0.001 0.039 0.013 0.018 0.273 0.404 
 381 V _   0.013 0.214 0.001 0.036 0.012 0.016 0.275 0.434 
 382 V _   0.012 0.180 0.001 0.031 0.010 0.015 0.278 0.474 
 383 S _   0.011 0.140 0.001 0.025 0.008 0.013 0.281 0.522 
 384 I _   0.010 0.098 0.001 0.019 0.006 0.011 0.285 0.570 
 385 N _   0.009 0.063 0.001 0.013 0.004 0.009 0.288 0.612 
 386 K _   0.008 0.038 0.000 0.009 0.003 0.008 0.290 0.644 
 387 Q _   0.006 0.022 0.000 0.006 0.002 0.007 0.291 0.666 
 388 D _   0.005 0.013 0.000 0.004 0.002 0.006 0.290 0.680 
 389 N _   0.004 0.008 0.000 0.004 0.001 0.005 0.289 0.688 
 390 K _   0.004 0.006 0.000 0.003 0.001 0.005 0.287 0.693 
 391 K _   0.004 0.005 0.000 0.003 0.001 0.006 0.284 0.697 
 392 M _   0.004 0.004 0.000 0.004 0.002 0.007 0.279 0.700 
 393 E _   0.005 0.004 0.000 0.005 0.002 0.008 0.274 0.702 
 394 L _   0.005 0.005 0.000 0.006 0.002 0.011 0.268 0.703 
 395 K _   0.007 0.006 0.000 0.007 0.003 0.013 0.260 0.704 
 396 L _   0.009 0.007 0.000 0.008 0.004 0.017 0.252 0.703 
 397 S _   0.012 0.009 0.001 0.009 0.005 0.022 0.243 0.699 
 398 S _   0.017 0.012 0.001 0.010 0.008 0.028 0.233 0.691 
 399 H _   0.025 0.015 0.001 0.012 0.011 0.035 0.222 0.677 
 400 E _   0.035 0.021 0.001 0.014 0.017 0.043 0.211 0.658 
 401 E _   0.048 0.027 0.002 0.016 0.023 0.052 0.201 0.631 
 402 A _   0.063 0.036 0.002 0.019 0.031 0.059 0.190 0.599 
 403 L _   0.078 0.047 0.002 0.023 0.039 0.065 0.180 0.566 
 404 S _   0.092 0.057 0.002 0.027 0.045 0.068 0.172 0.536 
 405 F _   0.103 0.066 0.002 0.031 0.049 0.070 0.165 0.514 
 406 V _   0.111 0.072 0.002 0.034 0.051 0.069 0.160 0.500 
 407 S _   0.116 0.077 0.002 0.036 0.051 0.067 0.155 0.496 
 408 L _   0.116 0.078 0.002 0.037 0.048 0.063 0.152 0.502 
 409 V _   0.113 0.076 0.002 0.037 0.044 0.059 0.150 0.518 
 410 D _   0.106 0.072 0.002 0.035 0.039 0.053 0.149 0.544 
 411 G _   0.097 0.064 0.002 0.031 0.032 0.047 0.148 0.578 
 412 Y _   0.085 0.054 0.002 0.026 0.025 0.041 0.148 0.619 
 413 F _   0.072 0.041 0.002 0.020 0.018 0.034 0.149 0.664 
 414 R _   0.058 0.028 0.001 0.015 0.013 0.028 0.149 0.708 
 415 L _   0.045 0.017 0.001 0.011 0.009 0.023 0.149 0.746 
 416 T _   0.033 0.010 0.001 0.008 0.006 0.018 0.148 0.777 
 417 A _   0.024 0.006 0.000 0.006 0.004 0.015 0.147 0.799 
 418 D _   0.018 0.003 0.000 0.004 0.003 0.013 0.145 0.813 
 419 A _   0.014 0.003 0.000 0.004 0.003 0.012 0.143 0.822 
 420 H _   0.012 0.002 0.000 0.004 0.003 0.011 0.141 0.827 
 421 H _   0.011 0.002 0.000 0.004 0.003 0.011 0.138 0.829 
 422 Y _   0.011 0.003 0.000 0.006 0.004 0.012 0.135 0.829 
 423 L _   0.011 0.004 0.001 0.007 0.004 0.013 0.132 0.827 
 424 C _   0.012 0.006 0.001 0.010 0.006 0.015 0.128 0.823 
 425 T _   0.013 0.009 0.001 0.012 0.007 0.016 0.125 0.817 
 426 D _   0.014 0.011 0.001 0.015 0.008 0.017 0.121 0.811 
 427 V _   0.015 0.014 0.001 0.019 0.010 0.019 0.117 0.805 
 428 A _   0.016 0.017 0.001 0.021 0.011 0.020 0.114 0.800 
 429 P _   0.016 0.019 0.001 0.024 0.012 0.020 0.111 0.797 
 430 P _   0.016 0.021 0.001 0.025 0.012 0.020 0.109 0.796 
 431 L _   0.016 0.021 0.001 0.025 0.011 0.019 0.107 0.799 
 432 I _   0.016 0.021 0.001 0.023 0.011 0.018 0.105 0.805 
 433 V _   0.015 0.020 0.001 0.021 0.009 0.017 0.104 0.813 
 434 H _   0.014 0.018 0.001 0.017 0.008 0.016 0.103 0.824 
 435 N _   0.013 0.016 0.001 0.014 0.006 0.014 0.101 0.835 
 436 I _   0.012 0.014 0.001 0.010 0.005 0.013 0.100 0.846 
 437 Q _   0.011 0.012 0.000 0.008 0.004 0.012 0.098 0.854 
 438 N _   0.010 0.011 0.000 0.006 0.004 0.012 0.097 0.860 
 439 G _   0.010 0.011 0.000 0.005 0.003 0.012 0.095 0.863 
 440 C _   0.010 0.013 0.000 0.006 0.004 0.013 0.092 0.862 
 441 H _   0.011 0.016 0.001 0.007 0.005 0.014 0.090 0.857 
 442 G _   0.012 0.021 0.001 0.011 0.006 0.016 0.087 0.846 
 443 P _   0.013 0.031 0.001 0.016 0.008 0.018 0.084 0.829 
 444 I _   0.014 0.043 0.001 0.022 0.011 0.019 0.081 0.809 
 445 C _   0.014 0.055 0.001 0.029 0.012 0.021 0.078 0.790 
 446 T _   0.014 0.065 0.001 0.035 0.014 0.021 0.075 0.775 
 447 E _   0.013 0.071 0.001 0.039 0.014 0.021 0.073 0.768 
 448 Y _   0.012 0.074 0.001 0.040 0.013 0.020 0.071 0.768 
 449 A _   0.012 0.074 0.001 0.038 0.012 0.019 0.070 0.774 
 450 I _   0.011 0.071 0.001 0.034 0.010 0.017 0.069 0.787 
 451 N _   0.010 0.065 0.001 0.027 0.008 0.015 0.069 0.804 
 452 K _   0.009 0.058 0.001 0.021 0.007 0.014 0.069 0.822 
 453 L _   0.009 0.049 0.001 0.015 0.005 0.013 0.068 0.840 
 454 R _   0.008 0.042 0.001 0.010 0.004 0.012 0.068 0.855 
 455 Q _   0.008 0.037 0.000 0.008 0.003 0.012 0.067 0.865 
 456 E _   0.008 0.034 0.000 0.006 0.003 0.012 0.067 0.870 
 457 G _   0.008 0.034 0.000 0.007 0.004 0.014 0.065 0.869 
 458 S _   0.010 0.035 0.000 0.008 0.005 0.016 0.064 0.862 
 459 E _   0.011 0.039 0.001 0.013 0.007 0.019 0.063 0.848 
 460 E _   0.013 0.046 0.001 0.019 0.009 0.022 0.061 0.829 
 461 G _   0.015 0.054 0.001 0.027 0.012 0.025 0.059 0.807 
 462 M _   0.016 0.060 0.001 0.035 0.015 0.027 0.057 0.789 
 463 Y _   0.017 0.064 0.001 0.041 0.016 0.028 0.056 0.777 
 464 V _   0.017 0.064 0.001 0.042 0.016 0.029 0.055 0.775 
 465 L _   0.018 0.062 0.001 0.039 0.015 0.028 0.054 0.782 
 466 R _   0.018 0.055 0.001 0.033 0.014 0.028 0.054 0.797 
 467 W _   0.019 0.045 0.001 0.025 0.012 0.027 0.054 0.817 
 468 S _   0.021 0.032 0.001 0.016 0.009 0.027 0.054 0.839 
 469 C _   0.024 0.022 0.001 0.009 0.008 0.028 0.054 0.855 
 470 T _   0.028 0.017 0.001 0.006 0.007 0.030 0.053 0.858 
 471 D _   0.035 0.015 0.001 0.004 0.008 0.033 0.053 0.851 
 472 F _   0.045 0.016 0.001 0.005 0.010 0.038 0.052 0.833 
 473 D _   0.059 0.020 0.001 0.008 0.016 0.044 0.051 0.801 
 474 N _   0.073 0.034 0.002 0.014 0.025 0.050 0.050 0.752 
 475 I _   0.085 0.058 0.002 0.024 0.034 0.055 0.049 0.692 
 476 L _   0.092 0.085 0.003 0.037 0.041 0.057 0.049 0.637 
 477 M _   0.094 0.106 0.003 0.049 0.044 0.056 0.049 0.600 
 478 T _   0.092 0.117 0.002 0.056 0.043 0.053 0.049 0.586 
 479 V _   0.087 0.121 0.002 0.058 0.040 0.049 0.050 0.591 
 480 T _   0.078 0.119 0.002 0.054 0.035 0.044 0.052 0.615 
 481 C _   0.068 0.111 0.002 0.046 0.028 0.038 0.054 0.653 
 482 F _   0.056 0.096 0.002 0.035 0.021 0.032 0.056 0.702 
 483 E _   0.045 0.077 0.001 0.025 0.015 0.026 0.058 0.752 
 484 K _   0.035 0.058 0.001 0.017 0.010 0.021 0.060 0.798 
 485 S _   0.027 0.044 0.001 0.011 0.006 0.017 0.062 0.832 
 486 E _   0.020 0.035 0.001 0.008 0.004 0.014 0.063 0.855 
 487 Q _   0.015 0.030 0.000 0.006 0.003 0.012 0.064 0.868 
 488 V _   0.012 0.029 0.000 0.006 0.003 0.011 0.064 0.876 
 489 Q _   0.010 0.028 0.000 0.006 0.003 0.010 0.064 0.879 
 490 G _   0.009 0.029 0.000 0.006 0.003 0.009 0.064 0.879 
 491 A _   0.008 0.031 0.000 0.007 0.003 0.009 0.063 0.877 
 492 Q _   0.008 0.035 0.000 0.008 0.003 0.009 0.062 0.874 
 493 K _   0.007 0.040 0.000 0.009 0.003 0.010 0.061 0.869 
 494 Q _   0.007 0.046 0.000 0.011 0.004 0.011 0.059 0.861 
 495 F _   0.007 0.054 0.001 0.013 0.005 0.011 0.058 0.851 
 496 K _   0.007 0.065 0.001 0.016 0.005 0.012 0.056 0.838 
 497 N _   0.008 0.077 0.001 0.019 0.006 0.013 0.054 0.822 
 498 F _   0.008 0.090 0.001 0.023 0.007 0.014 0.053 0.804 
 499 Q _   0.008 0.102 0.001 0.028 0.008 0.015 0.051 0.787 
 500 I _   0.009 0.113 0.001 0.032 0.009 0.015 0.050 0.772 
 501 E _   0.009 0.121 0.001 0.035 0.009 0.015 0.049 0.762 
 502 V _   0.009 0.125 0.001 0.036 0.009 0.015 0.048 0.757 
 503 Q _   0.008 0.126 0.001 0.036 0.009 0.014 0.048 0.758 
 504 K _   0.008 0.123 0.001 0.034 0.008 0.013 0.048 0.764 
 505 G _   0.008 0.118 0.001 0.030 0.007 0.012 0.048 0.775 
 506 R _   0.008 0.110 0.001 0.025 0.006 0.011 0.049 0.789 
 507 Y _   0.007 0.100 0.001 0.020 0.005 0.010 0.050 0.807 
 508 S _   0.007 0.088 0.001 0.016 0.004 0.009 0.050 0.825 
 509 L _   0.006 0.078 0.000 0.012 0.003 0.008 0.051 0.841 
 510 H _   0.006 0.070 0.000 0.009 0.003 0.007 0.051 0.853 
 511 G _   0.005 0.065 0.000 0.007 0.002 0.007 0.051 0.862 
 512 S _   0.005 0.062 0.000 0.006 0.002 0.007 0.051 0.866 
 513 D _   0.005 0.061 0.000 0.006 0.002 0.008 0.051 0.867 
 514 R _   0.005 0.062 0.000 0.007 0.003 0.008 0.050 0.864 
 515 S _   0.006 0.066 0.000 0.009 0.003 0.010 0.049 0.857 
 516 F _   0.007 0.071 0.000 0.011 0.004 0.011 0.048 0.847 
 517 P _   0.007 0.079 0.001 0.014 0.005 0.013 0.047 0.833 
 518 S _   0.008 0.088 0.001 0.018 0.006 0.015 0.046 0.818 
 519 L _   0.009 0.098 0.001 0.021 0.008 0.016 0.045 0.803 
 520 G _   0.010 0.105 0.001 0.024 0.009 0.017 0.044 0.791 
 521 D _   0.010 0.111 0.001 0.025 0.009 0.018 0.043 0.782 
 522 L _   0.011 0.115 0.001 0.027 0.010 0.019 0.042 0.775 
 523 M _   0.012 0.116 0.001 0.026 0.010 0.020 0.042 0.773 
 524 S _   0.012 0.115 0.001 0.025 0.010 0.020 0.042 0.775 
 525 H _   0.013 0.113 0.001 0.023 0.010 0.020 0.042 0.779 
 526 L _   0.013 0.109 0.001 0.021 0.009 0.020 0.042 0.785 
 527 K _   0.014 0.104 0.001 0.018 0.009 0.020 0.042 0.793 
 528 K _   0.015 0.098 0.001 0.016 0.008 0.019 0.043 0.801 
 529 Q _   0.015 0.093 0.001 0.013 0.007 0.019 0.043 0.808 
 530 I _   0.016 0.089 0.001 0.012 0.007 0.019 0.044 0.813 
 531 L _   0.016 0.086 0.001 0.011 0.007 0.020 0.044 0.815 
 532 R _   0.017 0.085 0.001 0.011 0.007 0.020 0.045 0.814 
 533 T _   0.018 0.085 0.001 0.013 0.008 0.021 0.045 0.810 
 534 D _   0.019 0.086 0.001 0.016 0.009 0.021 0.045 0.802 
 535 N _   0.020 0.089 0.001 0.020 0.010 0.022 0.046 0.793 
 536 I _   0.020 0.091 0.001 0.025 0.012 0.022 0.046 0.783 
 537 S _   0.021 0.092 0.001 0.029 0.012 0.022 0.047 0.777 
 538 F _   0.021 0.091 0.001 0.031 0.012 0.021 0.048 0.775 
 539 M _   0.020 0.087 0.001 0.031 0.012 0.020 0.049 0.781 
 540 L _   0.018 0.079 0.001 0.029 0.010 0.018 0.051 0.795 
 541 K _   0.016 0.067 0.001 0.024 0.008 0.016 0.052 0.816 
 542 R _   0.014 0.052 0.001 0.018 0.007 0.014 0.054 0.841 
 543 C _   0.012 0.037 0.001 0.012 0.005 0.012 0.055 0.867 
 544 C _   0.010 0.025 0.000 0.007 0.003 0.010 0.056 0.887 
 545 Q _   0.009 0.019 0.000 0.005 0.002 0.009 0.057 0.900 
 546 P _   0.008 0.016 0.000 0.003 0.002 0.009 0.057 0.905 
 547 K _   0.009 0.015 0.000 0.003 0.002 0.010 0.056 0.904 
 548 P _   0.010 0.017 0.000 0.004 0.003 0.012 0.056 0.898 
 549 R _   0.012 0.023 0.001 0.007 0.005 0.015 0.055 0.883 
 550 E _   0.014 0.038 0.001 0.013 0.008 0.018 0.054 0.854 
 551 I _   0.016 0.063 0.001 0.022 0.011 0.022 0.052 0.813 
 552 S _   0.017 0.093 0.001 0.032 0.014 0.024 0.050 0.768 
 553 N _   0.018 0.118 0.001 0.042 0.016 0.025 0.048 0.731 
 554 L _   0.018 0.134 0.001 0.048 0.017 0.025 0.047 0.709 
 555 L _   0.018 0.143 0.001 0.051 0.017 0.025 0.047 0.699 
 556 V _   0.017 0.145 0.001 0.049 0.016 0.023 0.047 0.702 
 557 A _   0.016 0.143 0.001 0.043 0.014 0.021 0.047 0.715 
 558 T _   0.015 0.135 0.001 0.035 0.011 0.019 0.048 0.736 
 559 K _   0.014 0.122 0.001 0.026 0.009 0.017 0.048 0.762 
 560 K _   0.013 0.108 0.001 0.019 0.007 0.015 0.049 0.789 
 561 A _   0.012 0.094 0.001 0.013 0.005 0.013 0.050 0.812 
 562 Q _   0.011 0.084 0.001 0.009 0.004 0.012 0.051 0.829 
 563 E _   0.010 0.078 0.000 0.007 0.003 0.011 0.051 0.839 
 564 W _   0.010 0.076 0.000 0.006 0.003 0.011 0.051 0.843 
 565 Q _   0.010 0.076 0.000 0.006 0.003 0.011 0.051 0.842 
 566 P _   0.010 0.080 0.000 0.007 0.004 0.012 0.051 0.837 
 567 V _   0.010 0.086 0.001 0.009 0.004 0.012 0.050 0.828 
 568 Y _   0.010 0.096 0.001 0.011 0.005 0.013 0.049 0.815 
 569 P _   0.010 0.107 0.001 0.014 0.006 0.014 0.048 0.800 
 570 M _   0.010 0.120 0.001 0.016 0.007 0.014 0.047 0.784 
 571 S _   0.010 0.133 0.001 0.018 0.007 0.015 0.046 0.770 
 572 Q _   0.010 0.144 0.001 0.020 0.008 0.015 0.045 0.757 
 573 L _   0.010 0.153 0.001 0.021 0.008 0.015 0.045 0.748 
 574 S _   0.009 0.160 0.001 0.021 0.008 0.014 0.044 0.742 
 575 F _   0.009 0.166 0.001 0.021 0.007 0.014 0.044 0.739 
 576 D _   0.009 0.169 0.001 0.020 0.007 0.013 0.044 0.737 
 577 R _   0.009 0.172 0.001 0.018 0.006 0.013 0.044 0.738 
 578 I _   0.008 0.173 0.001 0.016 0.006 0.012 0.044 0.740 
 579 L _   0.008 0.173 0.001 0.015 0.005 0.011 0.044 0.743 
 580 K _   0.008 0.173 0.001 0.013 0.005 0.011 0.044 0.745 
 581 K _   0.008 0.174 0.001 0.012 0.004 0.011 0.044 0.747 
 582 D _   0.007 0.175 0.001 0.011 0.004 0.011 0.045 0.747 
 583 L _   0.007 0.178 0.000 0.011 0.004 0.011 0.044 0.744 
 584 V _   0.007 0.182 0.001 0.011 0.004 0.011 0.044 0.740 
 585 Q _   0.008 0.188 0.001 0.011 0.005 0.011 0.044 0.733 
 586 G _   0.008 0.195 0.001 0.012 0.005 0.012 0.044 0.723 
 587 E _   0.008 0.204 0.001 0.013 0.005 0.013 0.044 0.712 
 588 H _   0.009 0.215 0.001 0.014 0.006 0.013 0.043 0.699 
 589 L _   0.009 0.226 0.001 0.015 0.006 0.014 0.043 0.686 
 590 G _   0.009 0.238 0.001 0.017 0.007 0.015 0.043 0.671 
 591 R _   0.009 0.251 0.001 0.018 0.008 0.016 0.042 0.655 
 592 G _   0.010 0.264 0.001 0.020 0.008 0.016 0.042 0.639 
 593 T _   0.010 0.277 0.001 0.023 0.009 0.017 0.042 0.621 
 594 R _   0.010 0.289 0.001 0.026 0.010 0.017 0.042 0.604 
 595 T _   0.010 0.300 0.001 0.030 0.011 0.017 0.042 0.588 
 596 H _   0.010 0.308 0.001 0.035 0.011 0.017 0.043 0.575 
 597 I _   0.011 0.312 0.001 0.039 0.012 0.017 0.044 0.565 
 598 Y _   0.011 0.312 0.001 0.042 0.012 0.016 0.045 0.561 
 599 S _   0.011 0.308 0.001 0.043 0.011 0.016 0.047 0.563 
 600 G _   0.011 0.296 0.001 0.043 0.011 0.015 0.050 0.574 
 601 T _   0.011 0.276 0.001 0.040 0.010 0.014 0.053 0.595 
 602 L _   0.011 0.243 0.001 0.036 0.009 0.013 0.058 0.630 
 603 M _   0.010 0.197 0.001 0.030 0.008 0.012 0.063 0.677 
 604 D _   0.010 0.145 0.001 0.024 0.007 0.011 0.069 0.734 
 605 Y _   0.009 0.096 0.001 0.017 0.005 0.010 0.074 0.788 
 606 K _   0.008 0.059 0.001 0.012 0.003 0.008 0.078 0.831 
 607 D _   0.007 0.036 0.000 0.007 0.002 0.007 0.081 0.859 
 608 D _   0.006 0.023 0.000 0.005 0.002 0.006 0.083 0.876 
 609 E _   0.005 0.017 0.000 0.004 0.001 0.005 0.084 0.884 
 610 G _   0.004 0.015 0.000 0.003 0.001 0.005 0.083 0.888 
 611 T _   0.004 0.014 0.000 0.004 0.001 0.006 0.083 0.888 
 612 S _   0.004 0.015 0.000 0.005 0.002 0.007 0.081 0.885 
 613 E _   0.005 0.018 0.000 0.008 0.002 0.009 0.079 0.878 
 614 E _   0.006 0.024 0.000 0.013 0.004 0.011 0.076 0.865 
 615 K _   0.006 0.033 0.001 0.021 0.005 0.014 0.073 0.847 
 616 K _   0.007 0.044 0.001 0.030 0.008 0.016 0.069 0.825 
 617 I _   0.008 0.054 0.001 0.040 0.009 0.018 0.066 0.804 
 618 K _   0.008 0.061 0.001 0.048 0.011 0.020 0.063 0.789 
 619 V _   0.008 0.064 0.001 0.052 0.012 0.020 0.060 0.783 
 620 I _   0.008 0.064 0.001 0.051 0.012 0.020 0.059 0.784 
 621 L _   0.009 0.061 0.001 0.047 0.011 0.020 0.058 0.794 
 622 K _   0.009 0.054 0.001 0.038 0.009 0.019 0.057 0.812 
 623 V _   0.010 0.042 0.001 0.028 0.008 0.018 0.057 0.837 
 624 L _   0.010 0.027 0.001 0.018 0.006 0.018 0.057 0.862 
 625 D _   0.012 0.015 0.001 0.011 0.005 0.018 0.056 0.882 
 626 P _   0.015 0.007 0.000 0.006 0.004 0.020 0.056 0.892 
 627 S _   0.021 0.003 0.000 0.003 0.004 0.023 0.054 0.891 
 628 H _   0.032 0.002 0.000 0.003 0.005 0.028 0.053 0.877 
 629 R _   0.048 0.003 0.001 0.003 0.008 0.036 0.051 0.850 
 630 D _   0.071 0.005 0.001 0.005 0.014 0.047 0.049 0.808 
 631 I _   0.098 0.011 0.002 0.010 0.026 0.059 0.046 0.749 
 632 S _   0.122 0.026 0.002 0.018 0.040 0.070 0.043 0.679 
 633 L _   0.141 0.046 0.003 0.030 0.052 0.077 0.040 0.609 
 634 A _   0.153 0.064 0.003 0.042 0.061 0.081 0.038 0.559 
 635 F _   0.159 0.075 0.003 0.050 0.065 0.080 0.037 0.530 
 636 F _   0.160 0.080 0.003 0.054 0.066 0.078 0.036 0.523 
 637 E _   0.158 0.080 0.003 0.054 0.063 0.073 0.035 0.534 
 638 A _   0.151 0.076 0.003 0.049 0.057 0.067 0.035 0.562 
 639 A _   0.142 0.065 0.003 0.040 0.048 0.060 0.035 0.608 
 640 S _   0.130 0.048 0.003 0.029 0.037 0.052 0.035 0.666 
 641 M _   0.117 0.029 0.002 0.019 0.026 0.045 0.036 0.727 
 642 M _   0.101 0.014 0.001 0.011 0.017 0.038 0.036 0.782 
 643 R _   0.087 0.005 0.001 0.006 0.010 0.032 0.037 0.822 
 644 Q _   0.074 0.002 0.001 0.003 0.007 0.028 0.037 0.849 
 645 V _   0.065 0.000 0.001 0.002 0.005 0.026 0.036 0.865 
 646 S _   0.060 0.000 0.000 0.002 0.005 0.025 0.036 0.872 
 647 H _   0.060 0.000 0.001 0.002 0.005 0.025 0.035 0.871 
 648 K _   0.063 0.000 0.001 0.003 0.006 0.027 0.035 0.864 
 649 H _   0.069 0.001 0.001 0.005 0.009 0.030 0.034 0.851 
 650 I _   0.076 0.002 0.001 0.007 0.012 0.033 0.034 0.835 
 651 V _   0.081 0.003 0.001 0.010 0.016 0.036 0.033 0.819 
 652 Y _   0.085 0.005 0.001 0.014 0.020 0.038 0.033 0.804 
 653 L _   0.087 0.006 0.002 0.017 0.022 0.039 0.032 0.794 
 654 Y _   0.086 0.007 0.002 0.019 0.023 0.039 0.032 0.791 
 655 G _   0.084 0.008 0.002 0.019 0.023 0.038 0.032 0.795 
 656 V _   0.079 0.008 0.002 0.018 0.021 0.036 0.032 0.804 
 657 C _   0.071 0.008 0.001 0.015 0.018 0.034 0.033 0.820 
 658 V _   0.063 0.007 0.001 0.013 0.015 0.031 0.033 0.836 
 659 R _   0.055 0.006 0.001 0.010 0.013 0.029 0.033 0.852 
 660 D _   0.048 0.006 0.001 0.009 0.010 0.027 0.034 0.866 
 661 V _   0.042 0.006 0.001 0.008 0.009 0.025 0.034 0.876 
 662 E _   0.036 0.007 0.001 0.008 0.008 0.024 0.034 0.883 
 663 N _   0.032 0.008 0.001 0.009 0.008 0.023 0.034 0.886 
