#TopoPred_TM8: 8-state transmembrane topology prediction results by no_profile mode 
#probabilities are in the order of H E C I L F X _, the 8 transmembrane topology types used in PDBTM 
   1 M X   0.016 0.002 0.002 0.054 0.010 0.010 0.611 0.296 
   2 A X   0.005 0.001 0.000 0.029 0.002 0.005 0.625 0.333 
   3 A X   0.001 0.001 0.000 0.016 0.001 0.003 0.626 0.352 
   4 D X   0.001 0.002 0.000 0.012 0.001 0.004 0.620 0.361 
   5 P X   0.002 0.004 0.000 0.014 0.001 0.007 0.607 0.364 
   6 T X   0.004 0.010 0.000 0.019 0.003 0.012 0.588 0.364 
   7 E X   0.006 0.021 0.001 0.029 0.005 0.017 0.563 0.358 
   8 L X   0.008 0.040 0.001 0.043 0.008 0.021 0.531 0.348 
   9 R X   0.008 0.063 0.001 0.060 0.011 0.024 0.496 0.337 
  10 L X   0.008 0.083 0.001 0.075 0.014 0.025 0.464 0.331 
  11 G X   0.007 0.096 0.001 0.084 0.015 0.025 0.438 0.334 
  12 S X   0.007 0.102 0.001 0.086 0.015 0.024 0.420 0.345 
  13 L X   0.007 0.103 0.001 0.082 0.015 0.022 0.406 0.364 
  14 P X   0.007 0.100 0.001 0.072 0.013 0.020 0.396 0.390 
  15 V _   0.007 0.092 0.001 0.057 0.011 0.018 0.388 0.424 
  16 F _   0.007 0.078 0.001 0.042 0.009 0.016 0.382 0.465 
  17 T _   0.007 0.059 0.001 0.028 0.007 0.014 0.377 0.508 
  18 R _   0.007 0.041 0.001 0.017 0.005 0.013 0.371 0.546 
  19 D _   0.006 0.028 0.000 0.010 0.003 0.012 0.366 0.575 
  20 D _   0.006 0.020 0.000 0.006 0.002 0.012 0.359 0.594 
  21 F _   0.007 0.017 0.000 0.004 0.002 0.013 0.352 0.605 
  22 E _   0.008 0.016 0.000 0.004 0.003 0.015 0.343 0.611 
  23 G _   0.011 0.018 0.000 0.004 0.004 0.019 0.333 0.610 
  24 D _   0.016 0.023 0.001 0.007 0.007 0.024 0.321 0.602 
  25 W _   0.022 0.035 0.001 0.011 0.012 0.031 0.305 0.582 
  26 R _   0.028 0.059 0.002 0.018 0.019 0.039 0.287 0.549 
  27 L _   0.034 0.093 0.002 0.026 0.027 0.045 0.267 0.507 
  28 V _   0.038 0.130 0.002 0.034 0.034 0.049 0.248 0.464 
  29 A _   0.041 0.162 0.003 0.042 0.039 0.052 0.232 0.429 
  30 S _   0.044 0.186 0.002 0.048 0.041 0.053 0.220 0.406 
  31 G _   0.046 0.201 0.002 0.052 0.042 0.052 0.210 0.395 
  32 G _   0.048 0.208 0.002 0.053 0.041 0.051 0.202 0.394 
  33 F _   0.048 0.210 0.002 0.053 0.039 0.048 0.197 0.403 
  34 S _   0.047 0.206 0.002 0.050 0.035 0.045 0.193 0.422 
  35 Q _   0.045 0.194 0.002 0.045 0.031 0.041 0.190 0.453 
  36 V _   0.042 0.174 0.002 0.038 0.025 0.037 0.187 0.495 
  37 F _   0.038 0.147 0.002 0.030 0.020 0.033 0.186 0.545 
  38 Q _   0.033 0.115 0.002 0.022 0.015 0.029 0.184 0.600 
  39 A _   0.028 0.085 0.001 0.016 0.011 0.025 0.183 0.650 
  40 R _   0.024 0.063 0.001 0.011 0.008 0.022 0.182 0.690 
  41 H _   0.020 0.049 0.001 0.008 0.006 0.019 0.180 0.717 
  42 R _   0.017 0.042 0.001 0.007 0.005 0.018 0.177 0.733 
  43 R _   0.015 0.039 0.000 0.006 0.004 0.017 0.175 0.743 
  44 W _   0.014 0.038 0.001 0.007 0.005 0.017 0.172 0.746 
  45 R _   0.014 0.040 0.001 0.010 0.005 0.017 0.169 0.745 
  46 T _   0.013 0.043 0.001 0.014 0.007 0.017 0.165 0.741 
  47 E _   0.013 0.047 0.001 0.018 0.008 0.018 0.162 0.734 
  48 Y _   0.013 0.051 0.001 0.023 0.009 0.018 0.158 0.727 
  49 A _   0.013 0.054 0.001 0.028 0.010 0.018 0.155 0.722 
  50 I _   0.013 0.055 0.001 0.031 0.010 0.017 0.152 0.720 
  51 K _   0.012 0.055 0.001 0.032 0.010 0.016 0.151 0.723 
  52 C _   0.012 0.052 0.001 0.031 0.009 0.015 0.149 0.731 
  53 A _   0.011 0.048 0.001 0.027 0.008 0.013 0.148 0.743 
  54 P _   0.010 0.041 0.001 0.023 0.007 0.012 0.148 0.759 
  55 C _   0.009 0.032 0.001 0.018 0.005 0.010 0.147 0.778 
  56 L _   0.008 0.023 0.001 0.013 0.004 0.009 0.147 0.796 
  57 P _   0.007 0.015 0.000 0.009 0.003 0.007 0.146 0.812 
  58 P _   0.006 0.010 0.000 0.006 0.002 0.006 0.145 0.825 
  59 D _   0.005 0.006 0.000 0.004 0.002 0.006 0.143 0.833 
  60 A _   0.005 0.005 0.000 0.003 0.002 0.006 0.140 0.839 
  61 A _   0.005 0.004 0.000 0.003 0.002 0.006 0.137 0.842 
  62 S _   0.006 0.005 0.000 0.004 0.002 0.008 0.134 0.843 
  63 S _   0.007 0.006 0.000 0.006 0.003 0.010 0.129 0.840 
  64 D _   0.008 0.009 0.000 0.010 0.004 0.013 0.124 0.832 
  65 V _   0.010 0.015 0.001 0.016 0.007 0.016 0.117 0.818 
  66 N _   0.011 0.023 0.001 0.025 0.009 0.019 0.110 0.801 
  67 Y _   0.012 0.031 0.001 0.034 0.012 0.022 0.103 0.784 
  68 L _   0.013 0.036 0.001 0.041 0.014 0.024 0.097 0.772 
  69 I _   0.014 0.040 0.001 0.045 0.015 0.025 0.092 0.767 
  70 E _   0.014 0.040 0.001 0.046 0.015 0.026 0.088 0.770 
  71 E _   0.015 0.038 0.001 0.042 0.015 0.025 0.084 0.781 
  72 A _   0.015 0.034 0.001 0.035 0.013 0.024 0.081 0.798 
  73 A _   0.016 0.027 0.001 0.026 0.011 0.023 0.078 0.819 
  74 K _   0.016 0.019 0.001 0.018 0.009 0.022 0.075 0.840 
  75 M _   0.018 0.011 0.001 0.012 0.007 0.022 0.073 0.857 
  76 K _   0.020 0.007 0.001 0.008 0.006 0.022 0.070 0.867 
  77 K _   0.023 0.004 0.001 0.006 0.006 0.023 0.068 0.871 
  78 I _   0.027 0.002 0.001 0.005 0.006 0.024 0.066 0.869 
  79 K _   0.033 0.002 0.001 0.005 0.007 0.026 0.063 0.863 
  80 F _   0.040 0.002 0.001 0.006 0.009 0.029 0.061 0.852 
  81 Q _   0.049 0.002 0.001 0.008 0.012 0.032 0.058 0.837 
  82 H _   0.058 0.003 0.001 0.011 0.015 0.036 0.056 0.821 
  83 I _   0.067 0.003 0.001 0.014 0.017 0.038 0.054 0.806 
  84 V _   0.074 0.004 0.001 0.015 0.019 0.039 0.052 0.795 
  85 S _   0.081 0.004 0.001 0.016 0.019 0.040 0.050 0.790 
  86 I _   0.085 0.003 0.001 0.014 0.018 0.040 0.048 0.789 
  87 Y _   0.090 0.003 0.001 0.012 0.017 0.040 0.047 0.791 
  88 G _   0.094 0.002 0.001 0.009 0.015 0.039 0.045 0.795 
  89 V _   0.097 0.001 0.001 0.007 0.013 0.039 0.044 0.798 
  90 C _   0.101 0.001 0.001 0.005 0.011 0.039 0.043 0.800 
  91 K _   0.105 0.000 0.001 0.004 0.011 0.040 0.042 0.797 
  92 Q _   0.111 0.000 0.001 0.003 0.012 0.042 0.040 0.790 
  93 P _   0.119 0.001 0.001 0.004 0.014 0.045 0.039 0.778 
  94 L _   0.127 0.001 0.001 0.005 0.018 0.048 0.038 0.761 
  95 G _   0.135 0.002 0.001 0.008 0.022 0.052 0.037 0.742 
  96 I _   0.141 0.005 0.002 0.012 0.027 0.054 0.037 0.723 
  97 V _   0.144 0.007 0.002 0.017 0.032 0.056 0.036 0.707 
  98 M _   0.143 0.010 0.002 0.022 0.035 0.056 0.036 0.697 
  99 E _   0.139 0.012 0.002 0.025 0.035 0.054 0.035 0.698 
 100 F _   0.131 0.012 0.002 0.025 0.034 0.052 0.035 0.709 
 101 M _   0.120 0.011 0.002 0.023 0.030 0.049 0.036 0.729 
 102 A _   0.108 0.010 0.002 0.020 0.026 0.045 0.036 0.754 
 103 N _   0.095 0.008 0.001 0.016 0.021 0.040 0.036 0.782 
 104 G _   0.084 0.005 0.001 0.012 0.016 0.036 0.037 0.808 
 105 S _   0.074 0.003 0.001 0.009 0.012 0.032 0.037 0.831 
 106 L _   0.066 0.002 0.001 0.007 0.009 0.029 0.037 0.848 
 107 E _   0.059 0.001 0.001 0.006 0.007 0.026 0.038 0.862 
 108 K _   0.054 0.001 0.001 0.005 0.006 0.024 0.038 0.872 
 109 V _   0.051 0.000 0.001 0.004 0.006 0.024 0.037 0.877 
 110 L _   0.050 0.000 0.001 0.004 0.005 0.023 0.037 0.879 
 111 S _   0.052 0.000 0.001 0.004 0.006 0.024 0.037 0.877 
 112 T _   0.056 0.000 0.001 0.004 0.006 0.025 0.036 0.871 
 113 H _   0.064 0.000 0.001 0.005 0.008 0.027 0.035 0.860 
 114 S _   0.074 0.000 0.001 0.005 0.009 0.030 0.035 0.846 
 115 L _   0.086 0.000 0.001 0.006 0.011 0.033 0.034 0.829 
 116 C _   0.100 0.001 0.001 0.007 0.013 0.036 0.033 0.810 
 117 W _   0.115 0.001 0.001 0.007 0.015 0.038 0.032 0.790 
 118 K _   0.132 0.001 0.001 0.007 0.017 0.041 0.032 0.769 
 119 L _   0.148 0.001 0.001 0.007 0.019 0.043 0.031 0.750 
 120 R _   0.165 0.001 0.001 0.006 0.020 0.045 0.031 0.732 
 121 F _   0.180 0.000 0.001 0.006 0.021 0.046 0.030 0.715 
 122 R _   0.193 0.000 0.001 0.005 0.022 0.047 0.030 0.700 
 123 I _   0.205 0.000 0.001 0.005 0.023 0.048 0.030 0.687 
 124 I _   0.214 0.001 0.001 0.005 0.024 0.049 0.030 0.674 
 125 H _   0.221 0.001 0.001 0.006 0.026 0.050 0.031 0.664 
 126 E _   0.223 0.001 0.002 0.007 0.028 0.050 0.032 0.657 
 127 T _   0.220 0.002 0.002 0.009 0.030 0.050 0.032 0.655 
 128 S _   0.215 0.003 0.002 0.011 0.031 0.049 0.034 0.657 
 129 L _   0.204 0.004 0.002 0.013 0.031 0.047 0.035 0.665 
 130 A _   0.189 0.004 0.002 0.015 0.029 0.044 0.037 0.680 
 131 M _   0.170 0.004 0.002 0.016 0.026 0.040 0.039 0.703 
 132 N _   0.149 0.004 0.002 0.016 0.022 0.036 0.041 0.730 
 133 F _   0.126 0.004 0.001 0.015 0.018 0.032 0.043 0.760 
 134 L _   0.104 0.004 0.001 0.013 0.014 0.028 0.045 0.791 
 135 H _   0.084 0.003 0.001 0.011 0.011 0.024 0.047 0.820 
 136 S _   0.066 0.002 0.001 0.009 0.008 0.020 0.049 0.844 
 137 I _   0.051 0.002 0.001 0.008 0.006 0.018 0.051 0.864 
 138 K _   0.040 0.002 0.001 0.007 0.005 0.015 0.052 0.879 
 139 P _   0.031 0.001 0.001 0.006 0.004 0.013 0.053 0.890 
 140 P _   0.024 0.001 0.000 0.006 0.004 0.012 0.054 0.898 
 141 L _   0.020 0.002 0.000 0.006 0.004 0.011 0.055 0.903 
 142 L _   0.016 0.002 0.000 0.006 0.003 0.010 0.055 0.907 
 143 H _   0.014 0.002 0.000 0.006 0.003 0.010 0.055 0.909 
 144 L _   0.012 0.003 0.000 0.007 0.003 0.010 0.055 0.910 
 145 D _   0.010 0.004 0.000 0.007 0.003 0.009 0.055 0.910 
 146 L _   0.010 0.005 0.000 0.008 0.003 0.009 0.055 0.910 
 147 K _   0.009 0.007 0.000 0.008 0.004 0.010 0.054 0.908 
 148 P _   0.009 0.009 0.000 0.009 0.004 0.010 0.054 0.906 
 149 G _   0.008 0.011 0.000 0.010 0.004 0.010 0.053 0.903 
 150 N _   0.009 0.014 0.001 0.011 0.004 0.011 0.052 0.899 
 151 I _   0.009 0.017 0.001 0.012 0.005 0.011 0.051 0.895 
 152 L _   0.009 0.021 0.001 0.013 0.005 0.011 0.050 0.891 
 153 L _   0.009 0.024 0.001 0.014 0.005 0.012 0.050 0.886 
 154 D _   0.009 0.027 0.001 0.014 0.006 0.012 0.049 0.883 
 155 S _   0.009 0.030 0.001 0.015 0.006 0.012 0.048 0.880 
 156 N _   0.009 0.033 0.001 0.015 0.006 0.013 0.047 0.876 
 157 M _   0.009 0.036 0.001 0.016 0.006 0.013 0.046 0.873 
 158 H _   0.009 0.038 0.001 0.016 0.006 0.013 0.046 0.870 
 159 V _   0.009 0.041 0.001 0.017 0.006 0.014 0.045 0.867 
 160 K _   0.010 0.043 0.001 0.017 0.007 0.014 0.045 0.864 
 161 I _   0.010 0.044 0.001 0.018 0.007 0.014 0.045 0.862 
 162 S _   0.010 0.045 0.001 0.018 0.007 0.015 0.044 0.861 
 163 D _   0.010 0.046 0.001 0.018 0.007 0.015 0.044 0.860 
 164 F _   0.010 0.045 0.001 0.017 0.007 0.015 0.044 0.861 
 165 G _   0.010 0.045 0.001 0.017 0.007 0.015 0.044 0.862 
 166 L _   0.011 0.043 0.001 0.016 0.007 0.015 0.045 0.864 
 167 S _   0.011 0.042 0.001 0.015 0.006 0.015 0.045 0.866 
 168 K _   0.011 0.040 0.001 0.013 0.006 0.015 0.045 0.869 
 169 W _   0.011 0.038 0.001 0.012 0.006 0.015 0.045 0.872 
 170 M _   0.012 0.037 0.001 0.011 0.005 0.016 0.046 0.874 
 171 E _   0.012 0.035 0.001 0.010 0.005 0.016 0.046 0.874 
 172 Q _   0.013 0.035 0.001 0.009 0.006 0.017 0.046 0.873 
 173 S _   0.014 0.035 0.001 0.009 0.006 0.019 0.046 0.870 
 174 T _   0.016 0.036 0.001 0.009 0.007 0.020 0.047 0.865 
 175 R _   0.018 0.037 0.001 0.010 0.007 0.022 0.047 0.858 
 176 M _   0.021 0.040 0.001 0.011 0.009 0.025 0.047 0.848 
 177 Q _   0.024 0.044 0.001 0.012 0.010 0.027 0.047 0.836 
 178 Y _   0.028 0.048 0.001 0.013 0.011 0.030 0.047 0.822 
 179 I _   0.031 0.054 0.001 0.014 0.013 0.032 0.047 0.807 
 180 E _   0.035 0.060 0.001 0.015 0.015 0.035 0.047 0.791 
 181 R _   0.038 0.067 0.001 0.017 0.017 0.037 0.047 0.775 
 182 S _   0.042 0.076 0.001 0.018 0.019 0.039 0.048 0.757 
 183 A _   0.045 0.084 0.001 0.021 0.021 0.040 0.048 0.739 
 184 L _   0.047 0.093 0.002 0.023 0.023 0.040 0.049 0.723 
 185 R _   0.048 0.101 0.002 0.026 0.024 0.040 0.050 0.710 
 186 G _   0.048 0.107 0.002 0.029 0.024 0.039 0.052 0.699 
 187 M _   0.047 0.112 0.002 0.032 0.024 0.038 0.053 0.692 
 188 L _   0.045 0.115 0.002 0.035 0.023 0.036 0.055 0.689 
 189 S _   0.042 0.116 0.002 0.037 0.021 0.033 0.057 0.692 
 190 Y _   0.039 0.114 0.001 0.037 0.019 0.030 0.060 0.699 
 191 I _   0.035 0.109 0.001 0.037 0.017 0.027 0.063 0.711 
 192 P _   0.031 0.101 0.001 0.035 0.014 0.024 0.067 0.727 
 193 P _   0.027 0.090 0.001 0.031 0.012 0.021 0.071 0.747 
 194 E _   0.024 0.076 0.001 0.026 0.009 0.018 0.075 0.771 
 195 M _   0.020 0.059 0.001 0.021 0.007 0.015 0.079 0.798 
 196 F _   0.017 0.041 0.001 0.016 0.005 0.012 0.083 0.825 
 197 L _   0.014 0.026 0.001 0.011 0.004 0.010 0.087 0.848 
 198 E _   0.010 0.015 0.000 0.008 0.003 0.008 0.089 0.867 
 199 S _   0.008 0.007 0.000 0.005 0.002 0.006 0.090 0.880 
 200 N _   0.007 0.003 0.000 0.003 0.001 0.005 0.091 0.889 
 201 K _   0.006 0.001 0.000 0.002 0.001 0.005 0.091 0.893 
 202 A _   0.006 0.001 0.000 0.002 0.001 0.005 0.090 0.895 
 203 P _   0.008 0.000 0.000 0.002 0.001 0.006 0.089 0.894 
 204 G _   0.013 0.000 0.000 0.002 0.001 0.008 0.087 0.889 
 205 P _   0.024 0.000 0.000 0.002 0.002 0.012 0.084 0.875 
 206 K _   0.046 0.000 0.000 0.002 0.004 0.019 0.080 0.849 
 207 Y _   0.083 0.000 0.001 0.003 0.007 0.029 0.075 0.803 
 208 D _   0.135 0.001 0.001 0.005 0.014 0.042 0.068 0.734 
 209 V _   0.198 0.002 0.002 0.007 0.028 0.058 0.061 0.646 
 210 Y _   0.261 0.006 0.002 0.009 0.045 0.071 0.053 0.552 
 211 S _   0.315 0.013 0.003 0.013 0.062 0.081 0.047 0.465 
 212 F _   0.355 0.024 0.003 0.019 0.076 0.086 0.042 0.394 
 213 A H   0.380 0.035 0.003 0.026 0.084 0.086 0.039 0.346 
 214 I H   0.394 0.044 0.003 0.033 0.087 0.083 0.036 0.320 
 215 V H   0.396 0.049 0.003 0.037 0.085 0.078 0.035 0.317 
 216 I H   0.387 0.050 0.004 0.039 0.079 0.071 0.034 0.336 
 217 W _   0.368 0.047 0.003 0.037 0.070 0.063 0.034 0.379 
 218 E _   0.335 0.040 0.003 0.031 0.057 0.053 0.034 0.445 
 219 L _   0.292 0.028 0.003 0.023 0.042 0.044 0.034 0.534 
 220 L _   0.244 0.015 0.002 0.015 0.026 0.034 0.034 0.631 
 221 T _   0.196 0.005 0.001 0.007 0.014 0.024 0.034 0.719 
 222 Q _   0.156 0.001 0.001 0.003 0.007 0.017 0.033 0.782 
 223 K _   0.131 0.000 0.000 0.001 0.003 0.012 0.032 0.820 
 224 K _   0.121 0.000 0.000 0.001 0.002 0.010 0.031 0.835 
 225 P _   0.127 0.000 0.000 0.001 0.002 0.009 0.030 0.831 
 226 Y _   0.156 0.000 0.000 0.001 0.003 0.010 0.028 0.803 
 227 S _   0.215 0.000 0.001 0.001 0.004 0.013 0.026 0.740 
 228 G _   0.312 0.000 0.001 0.001 0.008 0.017 0.023 0.638 
 229 F _   0.431 0.000 0.001 0.001 0.013 0.022 0.021 0.510 
 230 N H   0.544 0.000 0.001 0.002 0.021 0.026 0.019 0.386 
 231 M H   0.631 0.000 0.002 0.002 0.028 0.029 0.018 0.290 
 232 M H   0.690 0.000 0.002 0.003 0.033 0.030 0.018 0.224 
 233 M H   0.726 0.001 0.002 0.004 0.037 0.030 0.018 0.183 
 234 I H   0.742 0.001 0.002 0.005 0.039 0.029 0.019 0.163 
 235 I H   0.744 0.001 0.002 0.005 0.040 0.028 0.021 0.160 
 236 I H   0.728 0.001 0.002 0.006 0.040 0.027 0.023 0.173 
 237 R H   0.695 0.001 0.002 0.006 0.039 0.026 0.026 0.204 
 238 V H   0.644 0.001 0.002 0.006 0.035 0.025 0.031 0.255 
 239 A H   0.575 0.001 0.002 0.007 0.031 0.024 0.037 0.325 
 240 A H   0.487 0.001 0.002 0.007 0.025 0.022 0.044 0.412 
 241 G _   0.392 0.001 0.002 0.007 0.019 0.020 0.053 0.507 
 242 M _   0.299 0.000 0.001 0.007 0.013 0.018 0.062 0.599 
 243 R _   0.218 0.000 0.001 0.007 0.010 0.016 0.071 0.678 
 244 P _   0.151 0.000 0.001 0.007 0.007 0.014 0.079 0.742 
 245 S _   0.100 0.000 0.001 0.006 0.005 0.012 0.085 0.791 
 246 L _   0.064 0.001 0.001 0.005 0.004 0.010 0.090 0.826 
 247 Q _   0.040 0.001 0.000 0.005 0.003 0.009 0.094 0.849 
 248 P _   0.025 0.001 0.000 0.004 0.002 0.008 0.096 0.863 
 249 V _   0.017 0.001 0.000 0.004 0.002 0.008 0.098 0.870 
 250 S _   0.012 0.002 0.000 0.004 0.002 0.008 0.100 0.872 
 251 D _   0.010 0.005 0.000 0.004 0.002 0.009 0.100 0.869 
 252 Q _   0.009 0.009 0.000 0.006 0.003 0.010 0.101 0.862 
 253 W _   0.009 0.017 0.000 0.008 0.004 0.012 0.101 0.848 
 254 P _   0.010 0.033 0.001 0.013 0.006 0.015 0.100 0.822 
 255 S _   0.011 0.058 0.001 0.020 0.008 0.018 0.099 0.785 
 256 E _   0.012 0.091 0.001 0.029 0.011 0.020 0.098 0.738 
 257 A _   0.012 0.126 0.001 0.039 0.014 0.022 0.096 0.689 
 258 Q _   0.012 0.154 0.001 0.049 0.015 0.023 0.096 0.649 
 259 Q _   0.012 0.174 0.001 0.058 0.016 0.023 0.096 0.620 
 260 M _   0.012 0.184 0.001 0.063 0.016 0.023 0.097 0.603 
 261 V _   0.012 0.188 0.001 0.065 0.016 0.022 0.099 0.596 
 262 D _   0.012 0.186 0.001 0.063 0.015 0.020 0.102 0.600 
 263 L _   0.012 0.177 0.001 0.057 0.013 0.018 0.106 0.614 
 264 M _   0.012 0.160 0.001 0.049 0.011 0.016 0.112 0.639 
 265 K _   0.012 0.132 0.001 0.038 0.009 0.014 0.118 0.676 
 266 R _   0.011 0.096 0.001 0.027 0.007 0.012 0.125 0.720 
 267 C _   0.010 0.060 0.001 0.018 0.005 0.010 0.132 0.765 
 268 W _   0.008 0.032 0.001 0.011 0.003 0.008 0.137 0.800 
 269 D _   0.007 0.015 0.000 0.006 0.002 0.007 0.140 0.822 
 270 Q _   0.005 0.006 0.000 0.004 0.002 0.006 0.142 0.835 
 271 D _   0.005 0.003 0.000 0.003 0.001 0.005 0.143 0.840 
 272 P _   0.005 0.001 0.000 0.002 0.001 0.006 0.143 0.842 
 273 K _   0.005 0.001 0.000 0.002 0.001 0.007 0.143 0.841 
 274 K _   0.007 0.001 0.000 0.003 0.002 0.009 0.142 0.837 
 275 R _   0.009 0.001 0.000 0.004 0.002 0.013 0.140 0.830 
 276 P _   0.014 0.001 0.000 0.006 0.004 0.018 0.137 0.819 
 277 C _   0.021 0.002 0.001 0.008 0.006 0.025 0.134 0.803 
 278 F _   0.031 0.003 0.001 0.011 0.010 0.033 0.130 0.781 
 279 L _   0.044 0.004 0.001 0.014 0.015 0.041 0.127 0.755 
 280 D _   0.060 0.005 0.001 0.016 0.020 0.050 0.123 0.726 
 281 I _   0.077 0.006 0.002 0.017 0.027 0.057 0.119 0.696 
 282 T _   0.097 0.006 0.002 0.017 0.033 0.063 0.116 0.666 
 283 I _   0.116 0.007 0.002 0.017 0.039 0.068 0.113 0.637 
 284 E _   0.135 0.007 0.002 0.017 0.043 0.071 0.112 0.614 
 285 T _   0.151 0.008 0.002 0.016 0.046 0.071 0.111 0.595 
 286 D _   0.163 0.008 0.002 0.016 0.046 0.070 0.110 0.584 
 287 I _   0.171 0.008 0.002 0.016 0.045 0.068 0.111 0.579 
 288 L _   0.173 0.008 0.002 0.016 0.042 0.064 0.112 0.584 
 289 L _   0.169 0.007 0.002 0.015 0.038 0.059 0.113 0.597 
 290 S _   0.160 0.006 0.002 0.014 0.033 0.054 0.115 0.616 
 291 L _   0.147 0.005 0.002 0.013 0.028 0.048 0.118 0.640 
 292 L _   0.130 0.004 0.002 0.012 0.022 0.042 0.120 0.668 
 293 Q _   0.111 0.003 0.001 0.010 0.017 0.037 0.123 0.697 
 294 S _   0.093 0.002 0.001 0.008 0.013 0.032 0.126 0.724 
 295 R _   0.077 0.002 0.001 0.007 0.010 0.028 0.128 0.748 
 296 V _   0.062 0.001 0.001 0.006 0.008 0.024 0.130 0.767 
 297 A _   0.050 0.001 0.001 0.006 0.006 0.021 0.132 0.783 
 298 V _   0.041 0.001 0.001 0.006 0.005 0.019 0.133 0.794 
 299 P _   0.034 0.002 0.001 0.006 0.005 0.018 0.134 0.800 
 300 E _   0.029 0.002 0.001 0.006 0.005 0.017 0.135 0.804 
 301 S _   0.025 0.003 0.001 0.007 0.005 0.017 0.136 0.805 
 302 K _   0.023 0.005 0.001 0.009 0.006 0.017 0.136 0.803 
 303 A _   0.021 0.007 0.001 0.011 0.007 0.017 0.137 0.800 
 304 L _   0.019 0.009 0.001 0.014 0.007 0.017 0.138 0.795 
 305 A _   0.018 0.011 0.001 0.016 0.008 0.017 0.138 0.791 
 306 R _   0.017 0.013 0.001 0.018 0.008 0.016 0.139 0.788 
 307 K _   0.016 0.014 0.001 0.020 0.008 0.016 0.140 0.786 
 308 V _   0.014 0.015 0.001 0.020 0.007 0.015 0.142 0.786 
 309 S _   0.013 0.015 0.001 0.019 0.007 0.014 0.143 0.788 
 310 C _   0.012 0.014 0.001 0.018 0.006 0.012 0.145 0.790 
 311 K _   0.011 0.013 0.001 0.016 0.005 0.011 0.148 0.794 
 312 L _   0.011 0.012 0.001 0.014 0.005 0.010 0.150 0.799 
 313 S _   0.010 0.010 0.000 0.012 0.004 0.009 0.152 0.803 
 314 L _   0.009 0.008 0.000 0.009 0.003 0.008 0.155 0.808 
 315 R _   0.008 0.007 0.000 0.007 0.003 0.007 0.157 0.812 
 316 Q _   0.007 0.005 0.000 0.006 0.002 0.006 0.158 0.815 
 317 P _   0.006 0.005 0.000 0.005 0.002 0.006 0.159 0.818 
 318 G _   0.006 0.004 0.000 0.005 0.002 0.005 0.160 0.818 
 319 E _   0.005 0.005 0.000 0.005 0.002 0.006 0.160 0.818 
 320 V _   0.005 0.005 0.000 0.005 0.002 0.006 0.159 0.817 
 321 N _   0.005 0.006 0.000 0.007 0.002 0.007 0.159 0.813 
 322 E _   0.006 0.008 0.000 0.009 0.003 0.007 0.158 0.809 
 323 D _   0.006 0.011 0.000 0.011 0.003 0.008 0.157 0.803 
 324 I _   0.006 0.013 0.000 0.014 0.004 0.009 0.156 0.798 
 325 S _   0.006 0.016 0.000 0.016 0.004 0.009 0.156 0.794 
 326 Q _   0.006 0.017 0.001 0.016 0.004 0.009 0.155 0.792 
 327 E _   0.005 0.018 0.000 0.016 0.004 0.008 0.154 0.793 
 328 L _   0.005 0.019 0.000 0.015 0.004 0.008 0.154 0.795 
 329 M _   0.005 0.019 0.000 0.013 0.003 0.008 0.154 0.799 
 330 D _   0.005 0.018 0.000 0.011 0.003 0.007 0.153 0.803 
 331 S _   0.005 0.018 0.000 0.009 0.003 0.007 0.153 0.805 
 332 D _   0.005 0.018 0.000 0.009 0.002 0.007 0.152 0.806 
 333 S _   0.005 0.019 0.000 0.009 0.003 0.008 0.152 0.804 
 334 G _   0.005 0.021 0.000 0.011 0.003 0.009 0.151 0.800 
 335 N _   0.006 0.023 0.000 0.014 0.004 0.009 0.150 0.794 
 336 Y _   0.007 0.025 0.001 0.017 0.004 0.010 0.150 0.786 
 337 L _   0.007 0.028 0.001 0.022 0.005 0.011 0.149 0.777 
 338 K _   0.007 0.029 0.001 0.025 0.006 0.012 0.149 0.771 
 339 R _   0.008 0.030 0.001 0.026 0.006 0.011 0.149 0.769 
 340 A _   0.007 0.029 0.001 0.026 0.006 0.011 0.150 0.770 
 341 L _   0.007 0.027 0.001 0.023 0.005 0.010 0.151 0.776 
 342 Q _   0.007 0.023 0.001 0.020 0.004 0.009 0.153 0.784 
 343 L _   0.006 0.018 0.000 0.015 0.004 0.008 0.154 0.794 
 344 S _   0.006 0.013 0.000 0.011 0.003 0.007 0.155 0.805 
 345 D _   0.006 0.009 0.000 0.008 0.002 0.006 0.156 0.813 
 346 R _   0.005 0.006 0.000 0.006 0.002 0.005 0.157 0.820 
 347 K _   0.005 0.004 0.000 0.004 0.001 0.005 0.157 0.824 
 348 N _   0.004 0.003 0.000 0.004 0.001 0.005 0.156 0.827 
 349 L _   0.004 0.002 0.000 0.004 0.001 0.005 0.155 0.828 
 350 V _   0.005 0.002 0.000 0.004 0.002 0.006 0.153 0.829 
 351 P _   0.005 0.002 0.000 0.005 0.002 0.007 0.150 0.828 
 352 R _   0.005 0.003 0.000 0.007 0.003 0.008 0.147 0.827 
 353 D _   0.006 0.003 0.000 0.009 0.003 0.010 0.144 0.824 
 354 E _   0.007 0.004 0.000 0.011 0.004 0.011 0.140 0.822 
 355 E _   0.007 0.005 0.001 0.014 0.005 0.012 0.137 0.820 
 356 L _   0.007 0.006 0.001 0.015 0.005 0.014 0.133 0.819 
 357 C _   0.008 0.006 0.001 0.016 0.006 0.015 0.129 0.820 
 358 I _   0.008 0.006 0.001 0.015 0.006 0.016 0.126 0.822 
 359 Y _   0.009 0.006 0.001 0.014 0.006 0.017 0.122 0.825 
 360 E _   0.010 0.005 0.001 0.012 0.006 0.019 0.119 0.827 
 361 N _   0.012 0.005 0.001 0.011 0.006 0.021 0.116 0.828 
 362 K _   0.015 0.004 0.001 0.010 0.007 0.024 0.113 0.826 
 363 V _   0.019 0.004 0.001 0.009 0.008 0.027 0.110 0.821 
 364 T _   0.025 0.004 0.001 0.009 0.010 0.031 0.107 0.813 
 365 P _   0.032 0.004 0.001 0.010 0.012 0.036 0.104 0.800 
 366 L _   0.040 0.005 0.001 0.012 0.015 0.040 0.101 0.785 
 367 H _   0.050 0.005 0.001 0.014 0.018 0.044 0.099 0.769 
 368 F _   0.059 0.006 0.001 0.015 0.020 0.048 0.096 0.755 
 369 L _   0.067 0.006 0.001 0.015 0.022 0.050 0.094 0.744 
 370 V _   0.075 0.006 0.001 0.015 0.023 0.052 0.092 0.735 
 371 A _   0.082 0.006 0.001 0.014 0.024 0.054 0.091 0.729 
 372 Q _   0.089 0.005 0.001 0.012 0.024 0.054 0.089 0.725 
 373 G _   0.095 0.005 0.001 0.011 0.024 0.055 0.088 0.720 
 374 S _   0.101 0.005 0.001 0.010 0.024 0.055 0.087 0.717 
 375 V _   0.105 0.006 0.001 0.010 0.025 0.055 0.086 0.711 
 376 E _   0.109 0.007 0.001 0.011 0.026 0.054 0.086 0.706 
 377 Q _   0.110 0.008 0.002 0.014 0.027 0.053 0.086 0.701 
 378 V _   0.109 0.009 0.002 0.017 0.028 0.051 0.086 0.697 
 379 R _   0.105 0.011 0.002 0.020 0.028 0.049 0.087 0.699 
 380 L _   0.098 0.012 0.002 0.022 0.026 0.045 0.088 0.707 
 381 L _   0.088 0.012 0.002 0.023 0.023 0.040 0.090 0.722 
 382 L _   0.076 0.011 0.001 0.022 0.020 0.036 0.092 0.743 
 383 A _   0.063 0.010 0.001 0.019 0.016 0.030 0.093 0.768 
 384 H _   0.051 0.008 0.001 0.015 0.012 0.026 0.095 0.793 
 385 E _   0.040 0.006 0.001 0.011 0.008 0.021 0.097 0.816 
 386 V _   0.031 0.004 0.001 0.008 0.006 0.017 0.098 0.835 
 387 D _   0.025 0.003 0.000 0.006 0.004 0.015 0.098 0.849 
 388 V _   0.020 0.002 0.000 0.004 0.003 0.013 0.099 0.858 
 389 D _   0.017 0.002 0.000 0.004 0.003 0.012 0.099 0.864 
 390 C _   0.015 0.002 0.000 0.004 0.003 0.012 0.099 0.866 
 391 Q _   0.014 0.002 0.000 0.004 0.003 0.012 0.098 0.865 
 392 T _   0.014 0.004 0.000 0.006 0.004 0.014 0.098 0.860 
 393 A _   0.015 0.007 0.001 0.009 0.005 0.015 0.097 0.852 
 394 S _   0.015 0.011 0.001 0.014 0.007 0.017 0.096 0.840 
 395 G _   0.016 0.017 0.001 0.020 0.009 0.018 0.094 0.824 
 396 Y _   0.016 0.023 0.001 0.027 0.011 0.020 0.093 0.809 
 397 T _   0.017 0.027 0.001 0.032 0.012 0.020 0.093 0.798 
 398 P _   0.016 0.030 0.001 0.035 0.012 0.020 0.093 0.793 
 399 L _   0.016 0.030 0.001 0.035 0.011 0.019 0.093 0.795 
 400 L _   0.014 0.028 0.001 0.031 0.010 0.017 0.094 0.804 
 401 I _   0.013 0.025 0.001 0.024 0.008 0.015 0.095 0.819 
 402 A _   0.011 0.020 0.001 0.017 0.005 0.013 0.096 0.837 
 403 A _   0.010 0.014 0.000 0.010 0.004 0.012 0.097 0.853 
 404 Q _   0.009 0.010 0.000 0.006 0.003 0.011 0.097 0.864 
 405 D _   0.009 0.008 0.000 0.003 0.002 0.011 0.097 0.869 
 406 Q _   0.010 0.008 0.000 0.003 0.002 0.013 0.096 0.868 
 407 Q _   0.013 0.009 0.000 0.003 0.004 0.017 0.095 0.859 
 408 P _   0.018 0.017 0.001 0.007 0.007 0.022 0.093 0.836 
 409 D _   0.024 0.042 0.001 0.015 0.014 0.030 0.090 0.784 
 410 L _   0.029 0.102 0.002 0.030 0.023 0.036 0.086 0.692 
 411 C _   0.030 0.189 0.003 0.050 0.029 0.039 0.081 0.579 
 412 A _   0.029 0.261 0.003 0.070 0.031 0.038 0.077 0.491 
 413 L _   0.027 0.303 0.002 0.084 0.030 0.037 0.075 0.441 
 414 L _   0.025 0.321 0.002 0.092 0.029 0.035 0.075 0.422 
 415 L _   0.023 0.325 0.002 0.093 0.026 0.032 0.076 0.424 
 416 A _   0.021 0.319 0.002 0.086 0.023 0.028 0.077 0.443 
 417 H _   0.019 0.298 0.002 0.073 0.020 0.024 0.080 0.484 
 418 G _   0.018 0.258 0.002 0.057 0.016 0.021 0.083 0.546 
 419 A _   0.017 0.198 0.002 0.039 0.012 0.017 0.088 0.627 
 420 D _   0.015 0.131 0.001 0.024 0.008 0.014 0.094 0.712 
 421 A _   0.013 0.080 0.001 0.014 0.005 0.011 0.098 0.779 
 422 N _   0.010 0.050 0.000 0.008 0.003 0.009 0.100 0.819 
 423 R _   0.008 0.037 0.000 0.004 0.002 0.007 0.102 0.840 
 424 V _   0.006 0.032 0.000 0.003 0.001 0.007 0.102 0.848 
 425 D _   0.006 0.031 0.000 0.003 0.001 0.007 0.102 0.850 
 426 E _   0.006 0.033 0.000 0.005 0.002 0.008 0.100 0.846 
 427 D _   0.006 0.039 0.000 0.008 0.003 0.010 0.098 0.835 
 428 G _   0.007 0.053 0.001 0.014 0.004 0.012 0.095 0.813 
 429 W _   0.008 0.075 0.001 0.023 0.006 0.014 0.092 0.782 
 430 A _   0.008 0.099 0.001 0.032 0.008 0.015 0.088 0.748 
 431 P _   0.008 0.119 0.001 0.041 0.009 0.016 0.085 0.721 
 432 L _   0.008 0.131 0.001 0.046 0.009 0.016 0.082 0.706 
 433 H _   0.007 0.137 0.001 0.046 0.009 0.015 0.081 0.703 
 434 F _   0.007 0.138 0.001 0.043 0.008 0.014 0.080 0.709 
 435 A _   0.006 0.134 0.001 0.036 0.007 0.012 0.080 0.724 
 436 A _   0.006 0.126 0.001 0.027 0.006 0.011 0.080 0.744 
 437 Q _   0.006 0.115 0.001 0.018 0.004 0.009 0.080 0.767 
 438 N _   0.005 0.104 0.000 0.012 0.003 0.009 0.080 0.786 
 439 G _   0.005 0.097 0.000 0.008 0.002 0.008 0.081 0.799 
 440 D _   0.005 0.093 0.000 0.006 0.002 0.008 0.080 0.805 
 441 D _   0.006 0.094 0.000 0.006 0.002 0.009 0.080 0.804 
 442 G _   0.007 0.098 0.000 0.007 0.003 0.011 0.079 0.796 
 443 T _   0.008 0.108 0.001 0.010 0.004 0.012 0.077 0.779 
 444 A _   0.009 0.125 0.001 0.015 0.006 0.014 0.075 0.755 
 445 R _   0.009 0.148 0.001 0.021 0.008 0.016 0.073 0.725 
 446 L _   0.009 0.171 0.001 0.027 0.009 0.016 0.071 0.695 
 447 L _   0.009 0.189 0.001 0.031 0.010 0.017 0.069 0.674 
 448 L _   0.009 0.202 0.001 0.034 0.010 0.016 0.068 0.660 
 449 D _   0.009 0.208 0.001 0.034 0.010 0.016 0.067 0.655 
 450 H _   0.009 0.210 0.001 0.033 0.009 0.015 0.067 0.656 
 451 G _   0.009 0.208 0.001 0.030 0.008 0.014 0.067 0.662 
 452 A _   0.009 0.203 0.001 0.026 0.008 0.013 0.068 0.673 
 453 C _   0.009 0.195 0.001 0.021 0.006 0.012 0.069 0.687 
 454 V _   0.008 0.185 0.001 0.017 0.005 0.011 0.070 0.702 
 455 D _   0.008 0.175 0.001 0.013 0.004 0.011 0.071 0.716 
 456 A _   0.008 0.167 0.000 0.010 0.004 0.010 0.072 0.728 
 457 Q _   0.008 0.161 0.000 0.008 0.003 0.010 0.073 0.736 
 458 E _   0.007 0.159 0.000 0.008 0.003 0.010 0.073 0.740 
 459 R _   0.007 0.159 0.000 0.008 0.003 0.010 0.073 0.739 
 460 E _   0.007 0.162 0.000 0.009 0.004 0.011 0.073 0.734 
 461 G _   0.007 0.168 0.001 0.011 0.004 0.011 0.073 0.725 
 462 W _   0.007 0.177 0.001 0.013 0.005 0.012 0.073 0.713 
 463 T _   0.007 0.187 0.001 0.015 0.005 0.012 0.072 0.699 
 464 P _   0.007 0.197 0.001 0.018 0.006 0.012 0.072 0.687 
 465 L _   0.007 0.205 0.001 0.018 0.006 0.012 0.072 0.679 
 466 H _   0.006 0.211 0.001 0.018 0.006 0.012 0.072 0.674 
 467 L _   0.006 0.214 0.001 0.017 0.005 0.012 0.072 0.672 
 468 A _   0.006 0.216 0.001 0.015 0.005 0.012 0.073 0.672 
 469 A _   0.006 0.218 0.001 0.014 0.005 0.012 0.073 0.671 
 470 Q _   0.007 0.219 0.001 0.013 0.005 0.013 0.074 0.669 
 471 N _   0.007 0.223 0.001 0.013 0.005 0.014 0.074 0.664 
 472 N _   0.009 0.228 0.001 0.014 0.006 0.015 0.074 0.653 
 473 F _   0.010 0.237 0.001 0.017 0.007 0.017 0.075 0.636 
 474 E _   0.011 0.250 0.001 0.023 0.009 0.018 0.075 0.612 
 475 N _   0.013 0.264 0.001 0.030 0.012 0.020 0.076 0.586 
 476 V _   0.014 0.277 0.001 0.037 0.013 0.021 0.077 0.560 
 477 A _   0.015 0.284 0.001 0.044 0.014 0.021 0.078 0.542 
 478 R _   0.015 0.287 0.001 0.050 0.014 0.020 0.081 0.532 
 479 L _   0.015 0.283 0.001 0.052 0.014 0.020 0.084 0.532 
 480 L _   0.015 0.271 0.001 0.050 0.013 0.018 0.088 0.543 
 481 V _   0.014 0.247 0.001 0.046 0.012 0.017 0.094 0.569 
 482 S _   0.014 0.208 0.001 0.038 0.011 0.015 0.101 0.612 
 483 R _   0.013 0.157 0.001 0.030 0.009 0.013 0.110 0.667 
 484 Q _   0.012 0.103 0.001 0.021 0.007 0.012 0.118 0.726 
 485 A _   0.011 0.059 0.001 0.014 0.005 0.010 0.126 0.776 
 486 D _   0.009 0.030 0.000 0.009 0.003 0.008 0.132 0.809 
 487 P _   0.007 0.014 0.000 0.005 0.002 0.007 0.135 0.829 
 488 N _   0.006 0.006 0.000 0.004 0.001 0.006 0.138 0.839 
 489 L _   0.005 0.003 0.000 0.003 0.001 0.006 0.139 0.843 
 490 H _   0.005 0.001 0.000 0.003 0.001 0.006 0.139 0.845 
 491 E _   0.006 0.001 0.000 0.003 0.001 0.007 0.138 0.844 
 492 A _   0.007 0.000 0.000 0.003 0.001 0.009 0.137 0.842 
 493 E _   0.010 0.000 0.000 0.003 0.002 0.012 0.135 0.837 
 494 G _   0.016 0.000 0.000 0.004 0.003 0.017 0.131 0.828 
 495 K _   0.027 0.000 0.000 0.005 0.004 0.023 0.127 0.812 
 496 T _   0.045 0.001 0.001 0.007 0.007 0.032 0.122 0.786 
 497 P _   0.071 0.001 0.001 0.008 0.012 0.042 0.117 0.748 
 498 L _   0.104 0.001 0.001 0.010 0.020 0.053 0.110 0.700 
 499 H _   0.146 0.002 0.002 0.011 0.029 0.064 0.104 0.643 
 500 V _   0.192 0.002 0.002 0.012 0.039 0.074 0.098 0.581 
 501 A _   0.238 0.003 0.002 0.012 0.049 0.081 0.093 0.522 
 502 A _   0.280 0.004 0.002 0.012 0.058 0.085 0.088 0.469 
 503 Y _   0.316 0.005 0.003 0.012 0.066 0.087 0.085 0.426 
 504 F _   0.345 0.006 0.003 0.011 0.071 0.087 0.083 0.395 
 505 G _   0.366 0.007 0.003 0.011 0.073 0.085 0.082 0.373 
 506 H H   0.380 0.008 0.003 0.012 0.074 0.082 0.081 0.362 
 507 V H   0.383 0.009 0.003 0.013 0.072 0.077 0.082 0.361 
 508 S H   0.377 0.010 0.003 0.014 0.069 0.072 0.084 0.371 
 509 L _   0.362 0.011 0.003 0.016 0.063 0.067 0.086 0.392 
 510 V _   0.337 0.012 0.003 0.018 0.056 0.061 0.090 0.424 
 511 K _   0.303 0.011 0.003 0.019 0.047 0.054 0.094 0.469 
 512 L _   0.261 0.011 0.002 0.020 0.038 0.047 0.099 0.522 
 513 L _   0.214 0.009 0.002 0.019 0.029 0.040 0.105 0.583 
 514 T _   0.167 0.008 0.002 0.017 0.020 0.033 0.110 0.644 
 515 S _   0.124 0.006 0.001 0.014 0.014 0.026 0.115 0.699 
 516 Q _   0.088 0.004 0.001 0.011 0.009 0.021 0.120 0.745 
 517 G _   0.062 0.003 0.001 0.009 0.006 0.017 0.124 0.780 
 518 A _   0.042 0.002 0.001 0.007 0.004 0.013 0.127 0.804 
 519 E _   0.028 0.002 0.000 0.006 0.003 0.011 0.129 0.821 
 520 L _   0.019 0.001 0.000 0.005 0.002 0.009 0.131 0.832 
 521 D _   0.014 0.001 0.000 0.004 0.002 0.008 0.132 0.839 
 522 A _   0.010 0.001 0.000 0.004 0.002 0.007 0.132 0.843 
 523 Q _   0.008 0.001 0.000 0.004 0.002 0.007 0.132 0.846 
 524 Q _   0.007 0.002 0.000 0.004 0.002 0.007 0.132 0.846 
 525 R _   0.007 0.003 0.000 0.004 0.002 0.008 0.131 0.846 
 526 N _   0.007 0.004 0.000 0.005 0.002 0.009 0.129 0.843 
 527 L _   0.007 0.007 0.000 0.007 0.003 0.010 0.128 0.837 
 528 R _   0.008 0.011 0.000 0.008 0.004 0.012 0.126 0.829 
 529 T _   0.009 0.018 0.001 0.011 0.005 0.015 0.123 0.818 
 530 P _   0.011 0.025 0.001 0.014 0.007 0.017 0.121 0.804 
 531 L _   0.012 0.034 0.001 0.017 0.008 0.020 0.119 0.789 
 532 H _   0.014 0.043 0.001 0.019 0.010 0.022 0.117 0.775 
 533 L _   0.016 0.051 0.001 0.021 0.011 0.024 0.115 0.762 
 534 A _   0.017 0.058 0.001 0.021 0.012 0.026 0.113 0.752 
 535 V _   0.020 0.063 0.001 0.021 0.013 0.028 0.112 0.742 
 536 E _   0.022 0.068 0.001 0.021 0.014 0.029 0.111 0.735 
 537 R _   0.024 0.072 0.001 0.020 0.014 0.030 0.110 0.727 
 538 G _   0.027 0.076 0.001 0.021 0.015 0.032 0.110 0.719 
 539 K _   0.029 0.079 0.001 0.021 0.016 0.033 0.110 0.711 
 540 V _   0.031 0.083 0.001 0.022 0.017 0.033 0.110 0.703 
 541 R _   0.032 0.086 0.001 0.024 0.017 0.033 0.111 0.696 
 542 A _   0.032 0.088 0.001 0.026 0.017 0.032 0.112 0.692 
 543 I _   0.031 0.089 0.001 0.029 0.017 0.030 0.113 0.689 
 544 Q _   0.030 0.088 0.001 0.030 0.016 0.029 0.115 0.691 
 545 H _   0.028 0.086 0.001 0.030 0.015 0.026 0.117 0.697 
 546 L _   0.026 0.081 0.001 0.029 0.013 0.024 0.120 0.707 
 547 L _   0.023 0.074 0.001 0.026 0.011 0.021 0.123 0.720 
 548 K _   0.021 0.065 0.001 0.023 0.009 0.018 0.127 0.736 
 549 S _   0.019 0.053 0.001 0.020 0.008 0.016 0.131 0.754 
 550 G _   0.016 0.041 0.001 0.016 0.006 0.013 0.134 0.772 
 551 A _   0.014 0.030 0.001 0.013 0.005 0.011 0.138 0.789 
 552 V _   0.012 0.021 0.000 0.010 0.004 0.010 0.141 0.803 
 553 P _   0.010 0.014 0.000 0.008 0.003 0.008 0.143 0.814 
 554 D _   0.009 0.009 0.000 0.006 0.002 0.007 0.145 0.822 
 555 A _   0.008 0.006 0.000 0.005 0.002 0.006 0.146 0.828 
 556 L _   0.007 0.004 0.000 0.004 0.002 0.006 0.146 0.833 
 557 D _   0.006 0.003 0.000 0.003 0.001 0.005 0.146 0.836 
 558 Q _   0.005 0.002 0.000 0.003 0.001 0.005 0.145 0.838 
 559 S _   0.005 0.002 0.000 0.003 0.002 0.006 0.143 0.839 
 560 G _   0.005 0.002 0.000 0.004 0.002 0.007 0.141 0.839 
 561 Y _   0.005 0.003 0.000 0.005 0.002 0.009 0.138 0.837 
 562 G _   0.006 0.004 0.000 0.006 0.003 0.011 0.135 0.834 
 563 P _   0.007 0.006 0.000 0.009 0.004 0.014 0.131 0.829 
 564 L _   0.009 0.008 0.001 0.011 0.005 0.018 0.127 0.821 
 565 H _   0.011 0.011 0.001 0.014 0.006 0.022 0.123 0.813 
 566 T _   0.013 0.014 0.001 0.016 0.008 0.027 0.118 0.803 
 567 A _   0.018 0.017 0.001 0.017 0.011 0.032 0.113 0.791 
 568 A _   0.024 0.020 0.001 0.018 0.013 0.038 0.108 0.778 
 569 A _   0.032 0.022 0.001 0.018 0.016 0.044 0.104 0.763 
 570 R _   0.044 0.024 0.001 0.017 0.021 0.051 0.099 0.743 
 571 G _   0.058 0.027 0.002 0.016 0.026 0.057 0.095 0.719 
 572 K _   0.074 0.030 0.002 0.016 0.032 0.064 0.091 0.692 
 573 Y _   0.091 0.034 0.002 0.017 0.040 0.069 0.087 0.660 
 574 L _   0.108 0.040 0.002 0.020 0.047 0.073 0.083 0.626 
 575 I _   0.124 0.047 0.002 0.024 0.053 0.075 0.081 0.594 
 576 C _   0.136 0.053 0.003 0.028 0.057 0.075 0.079 0.569 
 577 K _   0.143 0.058 0.003 0.033 0.057 0.073 0.077 0.555 
 578 M _   0.146 0.061 0.003 0.036 0.055 0.069 0.077 0.554 
 579 L _   0.144 0.061 0.003 0.037 0.050 0.063 0.077 0.565 
 580 L _   0.138 0.058 0.002 0.035 0.043 0.057 0.078 0.589 
 581 R _   0.125 0.052 0.002 0.031 0.035 0.050 0.079 0.625 
 582 Y _   0.111 0.043 0.002 0.026 0.028 0.043 0.080 0.668 
 583 G _   0.095 0.032 0.002 0.020 0.020 0.036 0.082 0.714 
 584 A _   0.079 0.021 0.001 0.014 0.014 0.030 0.083 0.757 
 585 S _   0.065 0.013 0.001 0.010 0.010 0.025 0.084 0.793 
 586 L _   0.051 0.007 0.001 0.008 0.007 0.020 0.085 0.822 
 587 E _   0.039 0.004 0.001 0.006 0.005 0.017 0.086 0.843 
 588 L _   0.030 0.002 0.000 0.005 0.004 0.014 0.086 0.859 
 589 P _   0.023 0.001 0.000 0.004 0.003 0.013 0.086 0.870 
 590 T _   0.019 0.001 0.000 0.004 0.003 0.012 0.085 0.876 
 591 H _   0.016 0.001 0.000 0.004 0.003 0.012 0.084 0.880 
 592 Q _   0.014 0.001 0.000 0.004 0.003 0.012 0.083 0.882 
 593 G _   0.014 0.001 0.000 0.005 0.003 0.013 0.082 0.883 
 594 W _   0.015 0.001 0.000 0.006 0.004 0.014 0.080 0.881 
 595 T _   0.016 0.001 0.001 0.006 0.004 0.016 0.078 0.878 
 596 P _   0.019 0.001 0.001 0.007 0.005 0.018 0.076 0.873 
 597 L _   0.024 0.001 0.001 0.007 0.006 0.020 0.074 0.867 
 598 H _   0.031 0.001 0.001 0.007 0.007 0.023 0.071 0.859 
 599 L _   0.040 0.001 0.001 0.007 0.008 0.026 0.069 0.848 
 600 A _   0.054 0.001 0.001 0.007 0.010 0.030 0.066 0.832 
 601 A _   0.072 0.001 0.001 0.006 0.012 0.035 0.063 0.810 
 602 Y _   0.095 0.001 0.001 0.006 0.016 0.040 0.060 0.781 
 603 K _   0.123 0.001 0.001 0.006 0.021 0.046 0.057 0.745 
 604 G _   0.154 0.001 0.002 0.007 0.027 0.052 0.054 0.703 
 605 H _   0.186 0.001 0.002 0.008 0.034 0.056 0.052 0.661 
 606 L _   0.212 0.002 0.002 0.010 0.040 0.059 0.050 0.625 
 607 E _   0.234 0.003 0.002 0.012 0.045 0.061 0.049 0.594 
 608 I _   0.249 0.004 0.002 0.015 0.047 0.061 0.048 0.574 
 609 I _   0.257 0.004 0.002 0.016 0.047 0.059 0.048 0.566 
 610 H _   0.259 0.004 0.002 0.016 0.044 0.056 0.048 0.571 
 611 L _   0.252 0.004 0.002 0.015 0.038 0.051 0.048 0.589 
 612 L _   0.240 0.003 0.002 0.012 0.032 0.047 0.049 0.616 
 613 A _   0.222 0.002 0.002 0.008 0.025 0.042 0.050 0.650 
 614 E _   0.200 0.001 0.001 0.006 0.018 0.037 0.051 0.685 
 615 S _   0.179 0.000 0.001 0.004 0.013 0.033 0.051 0.718 
 616 H _   0.161 0.000 0.001 0.003 0.010 0.030 0.052 0.743 
 617 A _   0.147 0.000 0.001 0.003 0.008 0.029 0.053 0.760 
 618 N _   0.136 0.000 0.001 0.003 0.008 0.028 0.054 0.770 
 619 M _   0.128 0.000 0.001 0.004 0.009 0.028 0.055 0.776 
 620 G _   0.121 0.000 0.001 0.005 0.010 0.029 0.056 0.779 
 621 A _   0.115 0.001 0.001 0.007 0.011 0.029 0.057 0.780 
 622 L _   0.108 0.001 0.001 0.009 0.012 0.030 0.058 0.781 
 623 G _   0.101 0.002 0.001 0.010 0.013 0.030 0.059 0.784 
 624 A _   0.093 0.002 0.001 0.012 0.014 0.030 0.061 0.788 
 625 V _   0.085 0.002 0.001 0.012 0.013 0.029 0.062 0.796 
 626 N _   0.077 0.002 0.001 0.012 0.012 0.028 0.064 0.805 
 627 W _   0.068 0.002 0.001 0.011 0.011 0.026 0.065 0.815 
 628 T _   0.061 0.001 0.001 0.010 0.009 0.025 0.067 0.826 
 629 P _   0.055 0.001 0.001 0.008 0.008 0.023 0.069 0.834 
 630 L _   0.051 0.001 0.001 0.007 0.007 0.022 0.070 0.842 
 631 H _   0.048 0.001 0.001 0.005 0.006 0.021 0.071 0.847 
 632 L _   0.048 0.000 0.001 0.004 0.005 0.021 0.072 0.849 
 633 A _   0.051 0.000 0.001 0.003 0.005 0.022 0.072 0.847 
 634 A _   0.057 0.000 0.001 0.003 0.005 0.024 0.073 0.838 
 635 R _   0.067 0.000 0.001 0.002 0.006 0.027 0.073 0.824 
 636 H _   0.083 0.000 0.001 0.003 0.008 0.032 0.073 0.801 
 637 G _   0.102 0.001 0.001 0.004 0.013 0.038 0.073 0.768 
 638 E _   0.124 0.005 0.001 0.006 0.021 0.045 0.074 0.725 
 639 E _   0.143 0.013 0.002 0.011 0.031 0.051 0.074 0.675 
 640 A _   0.158 0.029 0.002 0.020 0.041 0.056 0.075 0.619 
 641 V _   0.166 0.049 0.003 0.032 0.047 0.058 0.077 0.568 
 642 V _   0.167 0.066 0.003 0.044 0.050 0.057 0.079 0.534 
 643 S _   0.161 0.075 0.003 0.053 0.049 0.054 0.083 0.521 
 644 A _   0.149 0.079 0.003 0.058 0.045 0.050 0.088 0.527 
 645 L _   0.133 0.078 0.003 0.057 0.039 0.044 0.094 0.553 
 646 L _   0.112 0.071 0.002 0.049 0.030 0.037 0.101 0.596 
 647 Q _   0.089 0.058 0.002 0.038 0.022 0.030 0.109 0.652 
 648 C _   0.067 0.040 0.001 0.026 0.014 0.023 0.117 0.712 
 649 G _   0.048 0.023 0.001 0.015 0.008 0.017 0.123 0.766 
 650 A _   0.032 0.011 0.001 0.009 0.004 0.012 0.128 0.804 
 651 D _   0.021 0.005 0.000 0.005 0.002 0.009 0.131 0.827 
 652 P _   0.013 0.002 0.000 0.003 0.002 0.006 0.133 0.841 
 653 N _   0.009 0.001 0.000 0.002 0.001 0.005 0.134 0.847 
 654 A _   0.007 0.000 0.000 0.002 0.001 0.005 0.135 0.850 
 655 A _   0.006 0.000 0.000 0.002 0.001 0.006 0.134 0.851 
 656 E _   0.006 0.000 0.000 0.002 0.001 0.007 0.133 0.849 
 657 Q _   0.007 0.000 0.000 0.004 0.002 0.010 0.132 0.846 
 658 S _   0.008 0.001 0.000 0.005 0.003 0.013 0.129 0.840 
 659 G _   0.011 0.001 0.000 0.008 0.004 0.018 0.126 0.830 
 660 W _   0.015 0.002 0.001 0.012 0.006 0.024 0.123 0.817 
 661 T _   0.022 0.003 0.001 0.015 0.009 0.031 0.119 0.800 
 662 P _   0.031 0.004 0.001 0.018 0.013 0.038 0.115 0.781 
 663 L _   0.042 0.005 0.001 0.020 0.017 0.044 0.110 0.760 
