#TopoPred_TM8: 8-state transmembrane topology prediction results by no_profile mode 
#probabilities are in the order of H E C I L F X _, the 8 transmembrane topology types used in PDBTM 
   1 M _   0.026 0.000 0.002 0.021 0.012 0.013 0.332 0.594 
   2 Q _   0.011 0.000 0.000 0.007 0.002 0.006 0.336 0.638 
   3 R _   0.009 0.000 0.000 0.002 0.001 0.004 0.332 0.651 
   4 G _   0.025 0.000 0.000 0.001 0.002 0.005 0.319 0.648 
   5 A _   0.082 0.000 0.001 0.001 0.004 0.007 0.287 0.618 
   6 A _   0.211 0.000 0.001 0.001 0.008 0.011 0.231 0.536 
   7 L _   0.393 0.000 0.002 0.001 0.011 0.013 0.169 0.411 
   8 C H   0.582 0.000 0.002 0.001 0.013 0.013 0.111 0.278 
   9 L H   0.726 0.000 0.002 0.001 0.014 0.012 0.069 0.177 
  10 R H   0.812 0.000 0.001 0.001 0.015 0.010 0.045 0.116 
  11 L H   0.864 0.000 0.001 0.001 0.015 0.008 0.031 0.080 
  12 W H   0.892 0.000 0.001 0.000 0.015 0.007 0.024 0.061 
  13 L H   0.906 0.000 0.001 0.000 0.014 0.006 0.019 0.053 
  14 C H   0.910 0.000 0.001 0.000 0.014 0.005 0.017 0.053 
  15 L H   0.904 0.000 0.001 0.000 0.014 0.005 0.015 0.060 
  16 G H   0.888 0.000 0.001 0.000 0.014 0.005 0.015 0.077 
  17 L H   0.859 0.000 0.001 0.001 0.014 0.006 0.014 0.105 
  18 L H   0.812 0.000 0.001 0.001 0.014 0.006 0.015 0.152 
  19 D H   0.746 0.000 0.001 0.001 0.014 0.007 0.016 0.216 
  20 G H   0.661 0.000 0.001 0.001 0.013 0.008 0.017 0.299 
  21 L H   0.560 0.000 0.001 0.001 0.011 0.008 0.020 0.399 
  22 V _   0.449 0.000 0.001 0.002 0.009 0.009 0.023 0.506 
  23 S _   0.342 0.000 0.001 0.002 0.008 0.009 0.027 0.611 
  24 G _   0.248 0.000 0.001 0.002 0.006 0.009 0.031 0.702 
  25 Y _   0.173 0.000 0.001 0.003 0.005 0.009 0.035 0.775 
  26 S _   0.116 0.000 0.001 0.003 0.004 0.009 0.038 0.830 
  27 M _   0.077 0.000 0.000 0.003 0.003 0.009 0.040 0.867 
  28 T _   0.050 0.000 0.000 0.004 0.003 0.009 0.042 0.892 
  29 P _   0.034 0.001 0.000 0.004 0.003 0.009 0.043 0.906 
  30 P _   0.024 0.002 0.000 0.005 0.003 0.009 0.044 0.912 
  31 T _   0.018 0.004 0.000 0.006 0.003 0.010 0.045 0.913 
  32 L _   0.014 0.007 0.001 0.009 0.004 0.011 0.046 0.908 
  33 N _   0.012 0.013 0.001 0.012 0.005 0.012 0.046 0.900 
  34 I _   0.011 0.019 0.001 0.015 0.006 0.013 0.046 0.889 
  35 T _   0.010 0.026 0.001 0.019 0.007 0.013 0.046 0.878 
  36 E _   0.009 0.032 0.001 0.022 0.008 0.013 0.047 0.868 
  37 E _   0.009 0.037 0.001 0.024 0.008 0.013 0.048 0.861 
  38 S _   0.009 0.040 0.001 0.025 0.008 0.013 0.048 0.857 
  39 H _   0.008 0.042 0.001 0.024 0.007 0.012 0.049 0.857 
  40 V _   0.008 0.042 0.001 0.022 0.006 0.012 0.051 0.859 
  41 I _   0.007 0.042 0.001 0.019 0.006 0.011 0.052 0.863 
  42 D _   0.007 0.041 0.001 0.016 0.005 0.010 0.053 0.867 
  43 T _   0.007 0.040 0.001 0.014 0.004 0.010 0.055 0.870 
  44 G _   0.007 0.039 0.000 0.012 0.004 0.009 0.056 0.872 
  45 D _   0.007 0.039 0.000 0.011 0.004 0.009 0.058 0.872 
  46 S _   0.007 0.039 0.000 0.011 0.004 0.009 0.059 0.871 
  47 L _   0.007 0.039 0.000 0.011 0.004 0.010 0.060 0.869 
  48 S _   0.007 0.040 0.000 0.011 0.004 0.010 0.062 0.865 
  49 I _   0.007 0.042 0.001 0.012 0.004 0.010 0.063 0.861 
  50 S _   0.007 0.044 0.001 0.013 0.004 0.011 0.064 0.856 
  51 C _   0.007 0.046 0.001 0.014 0.005 0.011 0.065 0.852 
  52 R _   0.008 0.048 0.001 0.015 0.005 0.011 0.066 0.847 
  53 G _   0.008 0.050 0.001 0.015 0.005 0.011 0.068 0.843 
  54 Q _   0.008 0.051 0.001 0.016 0.005 0.011 0.069 0.839 
  55 H _   0.008 0.053 0.001 0.016 0.005 0.011 0.071 0.836 
  56 P _   0.008 0.054 0.001 0.017 0.005 0.011 0.072 0.832 
  57 L _   0.008 0.055 0.001 0.018 0.005 0.012 0.074 0.828 
  58 E _   0.008 0.056 0.001 0.019 0.005 0.012 0.076 0.824 
  59 W _   0.008 0.057 0.001 0.020 0.005 0.011 0.078 0.820 
  60 A _   0.008 0.057 0.001 0.021 0.006 0.011 0.081 0.816 
  61 W _   0.008 0.056 0.001 0.022 0.005 0.011 0.083 0.814 
  62 P _   0.008 0.055 0.001 0.022 0.005 0.011 0.086 0.813 
  63 G _   0.008 0.052 0.001 0.022 0.005 0.010 0.089 0.813 
  64 A _   0.008 0.049 0.001 0.021 0.005 0.010 0.092 0.816 
  65 Q _   0.008 0.044 0.001 0.018 0.004 0.009 0.095 0.821 
  66 E _   0.007 0.039 0.000 0.016 0.004 0.008 0.098 0.828 
  67 A _   0.007 0.033 0.000 0.013 0.003 0.007 0.101 0.836 
  68 P _   0.006 0.027 0.000 0.010 0.002 0.006 0.103 0.845 
  69 A _   0.005 0.022 0.000 0.007 0.002 0.005 0.105 0.852 
  70 T _   0.005 0.019 0.000 0.005 0.002 0.005 0.106 0.858 
  71 G _   0.004 0.017 0.000 0.004 0.001 0.004 0.106 0.862 
  72 D _   0.004 0.016 0.000 0.004 0.001 0.004 0.106 0.864 
  73 K _   0.004 0.017 0.000 0.004 0.001 0.005 0.105 0.863 
  74 D _   0.004 0.019 0.000 0.005 0.002 0.006 0.104 0.860 
  75 S _   0.004 0.024 0.000 0.007 0.002 0.007 0.102 0.854 
  76 E _   0.005 0.031 0.000 0.011 0.003 0.008 0.100 0.843 
  77 D _   0.005 0.042 0.000 0.015 0.004 0.009 0.096 0.828 
  78 T _   0.005 0.055 0.001 0.020 0.004 0.010 0.093 0.812 
  79 G _   0.005 0.068 0.001 0.024 0.005 0.011 0.089 0.797 
  80 V _   0.005 0.079 0.001 0.026 0.006 0.011 0.086 0.786 
  81 V _   0.005 0.087 0.001 0.027 0.006 0.011 0.083 0.780 
  82 R _   0.005 0.091 0.001 0.026 0.005 0.011 0.081 0.780 
  83 D _   0.005 0.094 0.001 0.023 0.005 0.011 0.079 0.783 
  84 C _   0.005 0.095 0.001 0.019 0.004 0.010 0.077 0.789 
  85 E _   0.005 0.095 0.000 0.015 0.004 0.010 0.076 0.795 
  86 G _   0.005 0.095 0.000 0.012 0.003 0.010 0.074 0.800 
  87 T _   0.005 0.097 0.000 0.010 0.003 0.011 0.072 0.801 
  88 D _   0.006 0.101 0.000 0.010 0.003 0.012 0.070 0.798 
  89 A _   0.006 0.110 0.001 0.011 0.004 0.014 0.068 0.786 
  90 R _   0.008 0.127 0.001 0.014 0.006 0.017 0.064 0.763 
  91 P _   0.009 0.158 0.001 0.021 0.010 0.020 0.060 0.722 
  92 Y _   0.010 0.204 0.001 0.030 0.013 0.022 0.055 0.665 
  93 C _   0.011 0.260 0.002 0.040 0.016 0.023 0.050 0.599 
  94 K _   0.010 0.309 0.002 0.050 0.018 0.023 0.045 0.543 
  95 V _   0.010 0.342 0.002 0.057 0.018 0.023 0.042 0.507 
  96 L _   0.010 0.360 0.001 0.061 0.017 0.022 0.040 0.489 
  97 L _   0.010 0.368 0.001 0.061 0.016 0.020 0.039 0.485 
  98 L _   0.009 0.367 0.001 0.057 0.015 0.019 0.038 0.494 
  99 H _   0.009 0.357 0.001 0.050 0.013 0.017 0.038 0.514 
 100 E _   0.009 0.338 0.001 0.041 0.011 0.016 0.038 0.546 
 101 V _   0.009 0.309 0.001 0.031 0.009 0.014 0.039 0.588 
 102 H _   0.009 0.276 0.001 0.022 0.007 0.013 0.039 0.633 
 103 A _   0.008 0.246 0.001 0.015 0.006 0.012 0.040 0.672 
 104 N _   0.008 0.226 0.001 0.010 0.004 0.012 0.040 0.699 
 105 D _   0.008 0.215 0.000 0.008 0.003 0.011 0.040 0.713 
 106 T _   0.008 0.211 0.000 0.007 0.003 0.012 0.040 0.719 
 107 G _   0.008 0.211 0.000 0.007 0.003 0.012 0.039 0.718 
 108 S _   0.008 0.216 0.000 0.009 0.004 0.013 0.038 0.711 
 109 Y _   0.008 0.226 0.001 0.011 0.005 0.014 0.037 0.697 
 110 V _   0.009 0.241 0.001 0.013 0.006 0.015 0.036 0.679 
 111 C _   0.009 0.260 0.001 0.016 0.007 0.016 0.034 0.658 
 112 Y _   0.009 0.281 0.001 0.018 0.008 0.017 0.032 0.635 
 113 Y _   0.009 0.303 0.001 0.019 0.009 0.017 0.030 0.612 
 114 K _   0.008 0.325 0.001 0.020 0.009 0.018 0.029 0.590 
 115 Y _   0.008 0.346 0.001 0.021 0.009 0.018 0.027 0.570 
 116 I _   0.009 0.365 0.001 0.021 0.010 0.018 0.026 0.550 
 117 K _   0.009 0.383 0.001 0.021 0.010 0.019 0.025 0.532 
 118 A _   0.009 0.399 0.001 0.021 0.010 0.019 0.024 0.517 
 119 R _   0.010 0.412 0.001 0.020 0.010 0.019 0.023 0.506 
 120 I _   0.010 0.423 0.001 0.019 0.010 0.020 0.022 0.496 
 121 E _   0.011 0.431 0.001 0.018 0.010 0.020 0.022 0.487 
 122 G _   0.011 0.439 0.001 0.017 0.010 0.020 0.021 0.480 
 123 T _   0.012 0.445 0.001 0.016 0.010 0.021 0.021 0.474 
 124 T _   0.013 0.451 0.001 0.016 0.011 0.022 0.021 0.466 
 125 A E   0.014 0.458 0.001 0.016 0.012 0.022 0.020 0.457 
 126 A E   0.014 0.465 0.001 0.018 0.013 0.023 0.020 0.447 
 127 S E   0.015 0.474 0.001 0.020 0.013 0.023 0.020 0.435 
 128 S E   0.015 0.481 0.001 0.023 0.014 0.023 0.020 0.423 
 129 Y E   0.016 0.488 0.001 0.027 0.015 0.022 0.020 0.412 
 130 V E   0.016 0.490 0.001 0.030 0.015 0.021 0.020 0.406 
 131 F E   0.016 0.489 0.001 0.033 0.015 0.020 0.020 0.406 
 132 V E   0.015 0.481 0.001 0.035 0.015 0.019 0.021 0.412 
 133 R E   0.015 0.464 0.001 0.036 0.014 0.018 0.022 0.429 
 134 D _   0.015 0.435 0.001 0.035 0.014 0.017 0.024 0.458 
 135 F _   0.014 0.391 0.002 0.033 0.013 0.017 0.026 0.504 
 136 E _   0.014 0.330 0.002 0.031 0.013 0.016 0.029 0.566 
 137 Q _   0.014 0.258 0.002 0.027 0.011 0.016 0.033 0.639 
 138 P _   0.014 0.188 0.001 0.022 0.010 0.015 0.037 0.714 
 139 F _   0.013 0.129 0.001 0.018 0.007 0.014 0.040 0.779 
 140 I _   0.011 0.086 0.001 0.013 0.006 0.013 0.043 0.828 
 141 N _   0.010 0.058 0.001 0.010 0.004 0.011 0.045 0.860 
 142 K _   0.009 0.041 0.000 0.008 0.003 0.011 0.047 0.880 
 143 P _   0.008 0.031 0.000 0.007 0.003 0.010 0.048 0.892 
 144 D _   0.008 0.024 0.000 0.006 0.003 0.010 0.049 0.899 
 145 T _   0.007 0.020 0.000 0.006 0.003 0.011 0.050 0.903 
 146 L _   0.008 0.018 0.000 0.006 0.003 0.011 0.050 0.904 
 147 L _   0.008 0.017 0.000 0.006 0.003 0.013 0.050 0.902 
 148 V _   0.010 0.017 0.000 0.006 0.003 0.015 0.050 0.899 
 149 N _   0.012 0.017 0.000 0.007 0.004 0.018 0.049 0.892 
 150 R _   0.015 0.019 0.001 0.008 0.005 0.022 0.048 0.882 
 151 K _   0.020 0.023 0.001 0.009 0.008 0.027 0.047 0.866 
 152 D _   0.026 0.029 0.001 0.011 0.011 0.033 0.046 0.844 
 153 A _   0.034 0.038 0.001 0.014 0.016 0.039 0.045 0.814 
 154 M _   0.042 0.051 0.002 0.017 0.021 0.045 0.043 0.779 
 155 W _   0.050 0.066 0.002 0.021 0.027 0.050 0.042 0.741 
 156 V _   0.058 0.083 0.002 0.026 0.033 0.054 0.041 0.703 
 157 P _   0.064 0.099 0.002 0.030 0.037 0.057 0.040 0.671 
 158 C _   0.069 0.112 0.002 0.033 0.039 0.058 0.040 0.646 
 159 L _   0.072 0.122 0.002 0.035 0.041 0.058 0.040 0.630 
 160 V _   0.073 0.128 0.002 0.037 0.040 0.057 0.040 0.624 
 161 S _   0.072 0.131 0.002 0.037 0.038 0.054 0.040 0.626 
 162 I _   0.069 0.131 0.002 0.036 0.035 0.051 0.041 0.634 
 163 P _   0.065 0.129 0.002 0.035 0.031 0.047 0.042 0.650 
 164 G _   0.059 0.123 0.002 0.033 0.027 0.042 0.044 0.670 
 165 L _   0.052 0.115 0.002 0.030 0.022 0.038 0.046 0.695 
 166 N _   0.045 0.105 0.001 0.027 0.018 0.033 0.047 0.722 
 167 V _   0.038 0.092 0.001 0.024 0.014 0.028 0.049 0.753 
 168 T _   0.031 0.078 0.001 0.020 0.011 0.024 0.051 0.784 
 169 L _   0.025 0.065 0.001 0.016 0.008 0.020 0.053 0.813 
 170 R _   0.019 0.053 0.001 0.012 0.006 0.017 0.054 0.837 
 171 S _   0.015 0.044 0.001 0.010 0.005 0.014 0.056 0.856 
 172 Q _   0.012 0.037 0.000 0.008 0.004 0.012 0.056 0.869 
 173 S _   0.010 0.033 0.000 0.008 0.003 0.011 0.057 0.877 
 174 S _   0.009 0.031 0.000 0.007 0.003 0.010 0.057 0.881 
 175 V _   0.009 0.030 0.000 0.008 0.003 0.010 0.058 0.882 
 176 L _   0.008 0.029 0.000 0.009 0.004 0.010 0.058 0.881 
 177 W _   0.008 0.030 0.000 0.010 0.004 0.010 0.058 0.879 
 178 P _   0.008 0.030 0.001 0.012 0.004 0.010 0.059 0.877 
 179 D _   0.008 0.030 0.001 0.013 0.004 0.010 0.059 0.876 
 180 G _   0.008 0.031 0.001 0.013 0.004 0.010 0.059 0.875 
 181 Q _   0.008 0.030 0.001 0.012 0.004 0.010 0.059 0.877 
 182 E _   0.007 0.030 0.000 0.011 0.004 0.010 0.059 0.879 
 183 V _   0.007 0.030 0.000 0.009 0.003 0.010 0.059 0.881 
 184 V _   0.007 0.029 0.000 0.008 0.003 0.010 0.059 0.883 
 185 W _   0.007 0.030 0.000 0.007 0.003 0.011 0.059 0.882 
 186 D _   0.008 0.032 0.000 0.007 0.003 0.012 0.059 0.880 
 187 D _   0.009 0.035 0.000 0.008 0.004 0.014 0.058 0.872 
 188 R _   0.010 0.042 0.001 0.009 0.005 0.016 0.057 0.859 
 189 R _   0.012 0.052 0.001 0.012 0.007 0.019 0.056 0.841 
 190 G _   0.014 0.068 0.001 0.015 0.009 0.022 0.055 0.816 
 191 M _   0.015 0.088 0.001 0.020 0.012 0.025 0.054 0.786 
 192 L _   0.017 0.110 0.001 0.024 0.014 0.027 0.053 0.755 
 193 V _   0.018 0.130 0.001 0.027 0.015 0.028 0.052 0.727 
 194 S _   0.019 0.147 0.001 0.029 0.016 0.029 0.051 0.707 
 195 T _   0.020 0.159 0.001 0.030 0.017 0.030 0.051 0.692 
 196 P _   0.021 0.167 0.001 0.030 0.017 0.030 0.050 0.683 
 197 L _   0.021 0.173 0.001 0.030 0.017 0.030 0.050 0.677 
 198 L _   0.022 0.175 0.001 0.029 0.017 0.030 0.050 0.675 
 199 H _   0.022 0.176 0.001 0.028 0.016 0.029 0.051 0.675 
 200 D _   0.022 0.176 0.001 0.028 0.016 0.029 0.052 0.676 
 201 A _   0.022 0.175 0.001 0.029 0.015 0.027 0.052 0.678 
 202 L _   0.022 0.172 0.001 0.030 0.015 0.026 0.053 0.681 
 203 Y _   0.021 0.167 0.001 0.030 0.014 0.025 0.055 0.686 
 204 L _   0.020 0.160 0.001 0.031 0.013 0.023 0.056 0.695 
 205 Q _   0.019 0.149 0.001 0.030 0.012 0.021 0.058 0.709 
 206 C _   0.017 0.133 0.001 0.028 0.011 0.019 0.061 0.729 
 207 E _   0.016 0.112 0.001 0.025 0.009 0.017 0.063 0.756 
 208 T _   0.014 0.087 0.001 0.021 0.008 0.015 0.066 0.789 
 209 T _   0.012 0.061 0.001 0.015 0.006 0.013 0.069 0.823 
 210 W _   0.011 0.038 0.001 0.011 0.004 0.011 0.071 0.853 
 211 G _   0.010 0.022 0.000 0.007 0.003 0.010 0.072 0.876 
 212 D _   0.009 0.013 0.000 0.005 0.002 0.009 0.073 0.889 
 213 Q _   0.008 0.008 0.000 0.003 0.002 0.010 0.074 0.894 
 214 D _   0.009 0.007 0.000 0.003 0.002 0.011 0.074 0.894 
 215 F _   0.011 0.007 0.000 0.003 0.003 0.013 0.074 0.889 
 216 L _   0.014 0.009 0.000 0.005 0.004 0.017 0.074 0.877 
 217 S _   0.018 0.013 0.001 0.009 0.007 0.022 0.073 0.858 
 218 N _   0.023 0.023 0.001 0.015 0.011 0.027 0.072 0.828 
 219 P _   0.027 0.037 0.001 0.023 0.016 0.032 0.071 0.792 
 220 F _   0.031 0.052 0.002 0.032 0.021 0.035 0.070 0.758 
 221 L _   0.033 0.064 0.002 0.039 0.024 0.038 0.069 0.732 
 222 V _   0.034 0.071 0.002 0.044 0.025 0.038 0.069 0.717 
 223 H _   0.035 0.074 0.002 0.045 0.026 0.038 0.069 0.712 
 224 I _   0.034 0.075 0.002 0.044 0.025 0.037 0.069 0.715 
 225 T _   0.033 0.072 0.002 0.040 0.023 0.034 0.071 0.726 
 226 G _   0.031 0.066 0.002 0.034 0.020 0.032 0.072 0.743 
 227 N _   0.029 0.058 0.001 0.029 0.017 0.029 0.074 0.762 
 228 E _   0.027 0.049 0.001 0.024 0.014 0.026 0.076 0.782 
 229 L _   0.024 0.040 0.001 0.020 0.011 0.023 0.079 0.803 
 230 Y _   0.021 0.030 0.001 0.016 0.008 0.020 0.081 0.822 
 231 D _   0.019 0.022 0.001 0.013 0.007 0.018 0.083 0.838 
 232 I _   0.017 0.016 0.001 0.010 0.005 0.016 0.084 0.852 
 233 Q _   0.015 0.011 0.001 0.008 0.004 0.014 0.085 0.862 
 234 L _   0.013 0.007 0.000 0.006 0.004 0.013 0.086 0.870 
 235 L _   0.012 0.005 0.000 0.005 0.003 0.013 0.087 0.875 
 236 P _   0.012 0.003 0.000 0.004 0.003 0.013 0.087 0.878 
 237 R _   0.012 0.002 0.000 0.004 0.003 0.014 0.087 0.877 
 238 K _   0.014 0.002 0.000 0.004 0.003 0.016 0.087 0.874 
 239 S _   0.016 0.002 0.000 0.005 0.004 0.018 0.086 0.868 
 240 L _   0.020 0.003 0.001 0.006 0.006 0.022 0.086 0.858 
 241 E _   0.025 0.004 0.001 0.008 0.007 0.026 0.085 0.845 
 242 L _   0.031 0.005 0.001 0.009 0.009 0.030 0.084 0.829 
 243 L _   0.038 0.007 0.001 0.011 0.012 0.035 0.083 0.812 
 244 V _   0.046 0.010 0.001 0.013 0.015 0.039 0.083 0.794 
 245 G _   0.055 0.012 0.001 0.014 0.018 0.043 0.082 0.774 
 246 E _   0.065 0.015 0.001 0.014 0.021 0.047 0.081 0.755 
 247 K _   0.075 0.018 0.001 0.014 0.024 0.051 0.081 0.736 
 248 L _   0.083 0.021 0.002 0.015 0.027 0.054 0.081 0.718 
 249 V _   0.091 0.025 0.002 0.016 0.030 0.056 0.081 0.700 
 250 L _   0.097 0.030 0.002 0.018 0.033 0.057 0.082 0.682 
 251 N _   0.101 0.035 0.002 0.020 0.034 0.057 0.083 0.668 
 252 C _   0.103 0.040 0.002 0.023 0.035 0.056 0.085 0.656 
 253 T _   0.101 0.046 0.002 0.027 0.034 0.054 0.087 0.650 
 254 V _   0.097 0.050 0.002 0.030 0.033 0.050 0.090 0.649 
 255 W _   0.089 0.052 0.002 0.032 0.030 0.046 0.093 0.656 
 256 A _   0.080 0.052 0.002 0.032 0.026 0.042 0.097 0.668 
 257 E _   0.070 0.051 0.002 0.032 0.023 0.037 0.101 0.685 
 258 F _   0.060 0.048 0.001 0.029 0.018 0.032 0.106 0.705 
 259 N _   0.050 0.044 0.001 0.026 0.014 0.027 0.110 0.727 
 260 S _   0.041 0.038 0.001 0.023 0.011 0.023 0.115 0.749 
 261 G _   0.033 0.031 0.001 0.019 0.008 0.019 0.120 0.769 
 262 V _   0.026 0.025 0.001 0.016 0.006 0.015 0.125 0.786 
 263 T _   0.021 0.019 0.001 0.012 0.004 0.012 0.129 0.802 
 264 F _   0.016 0.014 0.000 0.009 0.003 0.010 0.133 0.815 
 265 D _   0.013 0.010 0.000 0.007 0.002 0.008 0.136 0.824 
 266 W _   0.010 0.007 0.000 0.005 0.002 0.007 0.137 0.832 
 267 D _   0.008 0.006 0.000 0.004 0.002 0.006 0.139 0.837 
 268 Y _   0.006 0.005 0.000 0.004 0.001 0.005 0.139 0.840 
 269 P _   0.005 0.005 0.000 0.004 0.001 0.005 0.139 0.841 
 270 G _   0.005 0.005 0.000 0.004 0.001 0.005 0.138 0.842 
 271 K _   0.005 0.006 0.000 0.005 0.002 0.005 0.136 0.841 
 272 Q _   0.005 0.009 0.000 0.006 0.002 0.006 0.134 0.838 
 273 A _   0.005 0.012 0.000 0.008 0.002 0.007 0.131 0.834 
 274 E _   0.005 0.017 0.000 0.011 0.003 0.008 0.128 0.829 
 275 R _   0.005 0.022 0.000 0.013 0.003 0.008 0.125 0.823 
 276 G _   0.005 0.028 0.000 0.015 0.004 0.009 0.121 0.817 
 277 K _   0.005 0.034 0.001 0.017 0.004 0.009 0.118 0.813 
 278 W _   0.005 0.038 0.001 0.018 0.004 0.010 0.115 0.811 
 279 V _   0.005 0.041 0.001 0.017 0.004 0.010 0.112 0.810 
 280 P _   0.005 0.044 0.000 0.016 0.004 0.010 0.110 0.812 
 281 E _   0.005 0.046 0.000 0.014 0.004 0.010 0.107 0.814 
 282 R _   0.005 0.047 0.000 0.013 0.003 0.010 0.105 0.816 
 283 R _   0.005 0.049 0.000 0.011 0.003 0.011 0.103 0.818 
 284 S _   0.005 0.051 0.000 0.010 0.003 0.012 0.100 0.817 
 285 Q _   0.006 0.055 0.000 0.010 0.004 0.014 0.098 0.814 
 286 Q _   0.008 0.061 0.001 0.010 0.005 0.016 0.094 0.805 
 287 T _   0.010 0.071 0.001 0.012 0.007 0.020 0.091 0.789 
 288 H _   0.012 0.087 0.001 0.015 0.009 0.023 0.087 0.764 
 289 T _   0.015 0.112 0.001 0.021 0.013 0.028 0.082 0.728 
 290 E _   0.018 0.142 0.002 0.028 0.018 0.031 0.077 0.684 
 291 L _   0.020 0.174 0.002 0.036 0.022 0.034 0.072 0.639 
 292 S _   0.022 0.201 0.002 0.044 0.025 0.035 0.069 0.602 
 293 S _   0.024 0.220 0.002 0.050 0.026 0.036 0.065 0.576 
 294 I _   0.024 0.230 0.002 0.054 0.027 0.035 0.063 0.563 
 295 L _   0.025 0.234 0.002 0.055 0.026 0.034 0.062 0.562 
 296 T _   0.025 0.232 0.002 0.053 0.024 0.032 0.061 0.572 
 297 I _   0.024 0.223 0.002 0.047 0.022 0.030 0.060 0.592 
 298 H _   0.023 0.206 0.002 0.040 0.019 0.027 0.060 0.622 
 299 N _   0.022 0.182 0.002 0.032 0.016 0.024 0.061 0.662 
 300 V _   0.020 0.153 0.001 0.024 0.013 0.022 0.061 0.705 
 301 S _   0.018 0.127 0.001 0.019 0.010 0.020 0.062 0.743 
 302 Q _   0.016 0.105 0.001 0.015 0.008 0.018 0.063 0.776 
 303 H _   0.014 0.089 0.001 0.012 0.006 0.016 0.063 0.800 
 304 D _   0.012 0.078 0.001 0.010 0.005 0.014 0.063 0.816 
 305 L _   0.011 0.072 0.001 0.010 0.005 0.013 0.063 0.826 
 306 G _   0.010 0.067 0.001 0.010 0.004 0.013 0.063 0.832 
 307 S _   0.010 0.065 0.001 0.010 0.004 0.012 0.062 0.836 
 308 Y _   0.009 0.063 0.001 0.011 0.004 0.011 0.062 0.840 
 309 V _   0.008 0.061 0.001 0.011 0.004 0.011 0.061 0.843 
 310 C _   0.008 0.060 0.001 0.011 0.004 0.011 0.061 0.845 
 311 K _   0.008 0.059 0.001 0.011 0.004 0.011 0.060 0.847 
 312 A _   0.007 0.058 0.001 0.011 0.004 0.011 0.059 0.847 
 313 N _   0.008 0.058 0.001 0.012 0.005 0.012 0.058 0.847 
 314 N _   0.008 0.059 0.001 0.012 0.005 0.012 0.057 0.845 
 315 G _   0.009 0.060 0.001 0.013 0.006 0.013 0.057 0.842 
 316 I _   0.009 0.061 0.001 0.015 0.006 0.014 0.056 0.838 
 317 Q _   0.010 0.062 0.001 0.016 0.007 0.015 0.055 0.834 
 318 R _   0.011 0.063 0.001 0.017 0.007 0.016 0.055 0.831 
 319 F _   0.011 0.063 0.001 0.017 0.008 0.016 0.054 0.830 
 320 R _   0.011 0.063 0.001 0.017 0.008 0.017 0.054 0.829 
 321 E _   0.011 0.063 0.001 0.017 0.008 0.017 0.054 0.830 
 322 S _   0.011 0.062 0.001 0.016 0.008 0.018 0.053 0.831 
 323 T _   0.012 0.060 0.001 0.016 0.008 0.018 0.053 0.831 
 324 E _   0.013 0.059 0.001 0.015 0.008 0.019 0.054 0.832 
 325 V _   0.014 0.058 0.001 0.015 0.008 0.019 0.054 0.832 
 326 I _   0.015 0.058 0.001 0.015 0.008 0.019 0.054 0.830 
 327 V _   0.015 0.057 0.001 0.015 0.009 0.020 0.054 0.829 
 328 H _   0.016 0.056 0.001 0.015 0.009 0.020 0.055 0.828 
 329 E _   0.017 0.056 0.001 0.015 0.009 0.020 0.055 0.828 
 330 N _   0.017 0.055 0.001 0.014 0.009 0.020 0.056 0.827 
 331 P _   0.018 0.054 0.001 0.014 0.009 0.021 0.056 0.827 
 332 F _   0.018 0.054 0.001 0.014 0.009 0.021 0.057 0.826 
 333 I _   0.018 0.054 0.001 0.014 0.009 0.021 0.058 0.825 
 334 S _   0.019 0.054 0.001 0.015 0.009 0.021 0.059 0.823 
 335 V _   0.019 0.054 0.001 0.016 0.010 0.021 0.059 0.820 
 336 E _   0.019 0.055 0.001 0.017 0.010 0.021 0.060 0.818 
 337 W _   0.018 0.055 0.001 0.018 0.010 0.020 0.061 0.816 
 338 L _   0.018 0.055 0.001 0.019 0.010 0.020 0.063 0.815 
 339 K _   0.017 0.055 0.001 0.020 0.010 0.019 0.064 0.814 
 340 G _   0.016 0.054 0.001 0.020 0.010 0.018 0.065 0.815 
 341 P _   0.016 0.052 0.001 0.020 0.009 0.017 0.067 0.818 
 342 I _   0.015 0.049 0.001 0.019 0.008 0.016 0.069 0.822 
 343 L _   0.014 0.045 0.001 0.018 0.007 0.015 0.071 0.828 
 344 E _   0.013 0.041 0.001 0.016 0.007 0.013 0.074 0.836 
 345 A _   0.012 0.035 0.001 0.013 0.006 0.012 0.076 0.845 
 346 T _   0.011 0.029 0.001 0.011 0.005 0.011 0.078 0.854 
 347 A _   0.010 0.024 0.000 0.009 0.004 0.010 0.081 0.861 
 348 G _   0.010 0.021 0.000 0.007 0.003 0.010 0.083 0.866 
 349 D _   0.010 0.019 0.000 0.006 0.003 0.009 0.084 0.868 
 350 E _   0.010 0.017 0.000 0.006 0.003 0.010 0.086 0.868 
 351 L _   0.010 0.017 0.000 0.007 0.003 0.010 0.087 0.865 
 352 V _   0.011 0.018 0.000 0.008 0.004 0.010 0.089 0.861 
 353 K _   0.011 0.019 0.000 0.010 0.004 0.011 0.090 0.855 
 354 L _   0.011 0.020 0.001 0.012 0.005 0.012 0.091 0.849 
 355 P _   0.011 0.022 0.001 0.014 0.005 0.012 0.092 0.843 
 356 V _   0.011 0.024 0.001 0.016 0.006 0.012 0.094 0.837 
 357 K _   0.011 0.025 0.001 0.017 0.006 0.012 0.095 0.834 
 358 L _   0.011 0.025 0.001 0.018 0.006 0.012 0.097 0.831 
 359 A _   0.010 0.025 0.001 0.017 0.006 0.012 0.099 0.831 
 360 A _   0.010 0.024 0.001 0.017 0.005 0.011 0.101 0.832 
 361 Y _   0.009 0.022 0.001 0.015 0.005 0.010 0.103 0.835 
 362 P _   0.009 0.020 0.001 0.014 0.004 0.010 0.105 0.838 
 363 P _   0.008 0.018 0.000 0.013 0.004 0.009 0.107 0.841 
 364 P _   0.008 0.016 0.000 0.012 0.003 0.008 0.109 0.843 
 365 E _   0.007 0.014 0.000 0.011 0.003 0.008 0.111 0.845 
 366 F _   0.007 0.012 0.000 0.010 0.003 0.007 0.113 0.847 
 367 Q _   0.007 0.011 0.000 0.009 0.003 0.007 0.115 0.849 
 368 W _   0.006 0.009 0.000 0.008 0.002 0.006 0.116 0.851 
 369 Y _   0.006 0.008 0.000 0.007 0.002 0.006 0.117 0.853 
 370 K _   0.005 0.008 0.000 0.007 0.002 0.006 0.117 0.855 
 371 D _   0.005 0.007 0.000 0.007 0.002 0.006 0.117 0.856 
 372 G _   0.005 0.007 0.000 0.006 0.002 0.005 0.117 0.858 
 373 K _   0.004 0.007 0.000 0.006 0.002 0.005 0.117 0.859 
 374 A _   0.004 0.007 0.000 0.006 0.002 0.005 0.116 0.860 
 375 L _   0.004 0.008 0.000 0.006 0.002 0.006 0.114 0.861 
 376 S _   0.004 0.009 0.000 0.006 0.002 0.006 0.112 0.861 
 377 G _   0.004 0.011 0.000 0.007 0.002 0.007 0.110 0.860 
 378 R _   0.004 0.013 0.000 0.008 0.002 0.008 0.107 0.857 
 379 H _   0.005 0.017 0.000 0.010 0.003 0.010 0.104 0.851 
 380 S _   0.005 0.023 0.000 0.012 0.004 0.012 0.100 0.843 
 381 P _   0.006 0.030 0.001 0.016 0.005 0.014 0.097 0.832 
 382 H _   0.007 0.038 0.001 0.020 0.007 0.017 0.093 0.818 
 383 A _   0.008 0.047 0.001 0.025 0.008 0.019 0.089 0.803 
 384 L _   0.009 0.054 0.001 0.029 0.010 0.022 0.086 0.790 
 385 V _   0.010 0.059 0.001 0.031 0.011 0.024 0.083 0.780 
 386 L _   0.012 0.062 0.001 0.032 0.012 0.026 0.080 0.775 
 387 K _   0.013 0.063 0.001 0.031 0.012 0.028 0.078 0.774 
 388 E _   0.015 0.062 0.001 0.028 0.012 0.030 0.076 0.776 
 389 V _   0.017 0.059 0.001 0.023 0.012 0.032 0.075 0.781 
 390 T _   0.020 0.055 0.001 0.019 0.012 0.034 0.074 0.785 
 391 E _   0.024 0.052 0.001 0.015 0.013 0.037 0.073 0.786 
 392 A _   0.029 0.049 0.001 0.013 0.014 0.040 0.072 0.784 
 393 S _   0.035 0.047 0.001 0.012 0.015 0.043 0.070 0.776 
 394 T _   0.042 0.048 0.001 0.012 0.018 0.047 0.070 0.763 
 395 G _   0.048 0.050 0.001 0.015 0.022 0.050 0.069 0.745 
 396 T _   0.054 0.053 0.002 0.018 0.026 0.053 0.068 0.726 
 397 Y _   0.059 0.057 0.002 0.023 0.029 0.054 0.067 0.709 
 398 T _   0.062 0.061 0.002 0.027 0.032 0.054 0.067 0.695 
 399 L _   0.064 0.063 0.002 0.030 0.032 0.053 0.067 0.688 
 400 A _   0.063 0.063 0.002 0.032 0.032 0.051 0.068 0.690 
 401 L _   0.061 0.060 0.002 0.031 0.030 0.048 0.068 0.700 
 402 W _   0.058 0.055 0.002 0.028 0.027 0.045 0.069 0.715 
 403 N _   0.055 0.048 0.002 0.024 0.023 0.042 0.071 0.735 
 404 S _   0.052 0.039 0.001 0.020 0.019 0.038 0.072 0.758 
 405 A _   0.049 0.031 0.001 0.015 0.015 0.035 0.074 0.779 
 406 A _   0.045 0.024 0.001 0.012 0.012 0.032 0.076 0.798 
 407 G _   0.043 0.018 0.001 0.009 0.010 0.030 0.077 0.811 
 408 L _   0.041 0.015 0.001 0.007 0.009 0.029 0.079 0.820 
 409 R _   0.039 0.014 0.001 0.007 0.008 0.028 0.080 0.823 
 410 R _   0.039 0.014 0.001 0.008 0.009 0.028 0.081 0.821 
 411 N _   0.039 0.014 0.001 0.010 0.010 0.028 0.083 0.815 
 412 I _   0.039 0.016 0.001 0.013 0.011 0.028 0.084 0.807 
 413 S _   0.039 0.019 0.001 0.017 0.013 0.028 0.086 0.798 
 414 L _   0.038 0.021 0.001 0.022 0.014 0.027 0.088 0.789 
 415 E _   0.037 0.023 0.001 0.025 0.014 0.026 0.090 0.784 
 416 L _   0.035 0.023 0.001 0.027 0.014 0.024 0.093 0.784 
 417 V _   0.031 0.023 0.001 0.026 0.012 0.022 0.096 0.788 
 418 V _   0.027 0.021 0.001 0.024 0.010 0.019 0.099 0.797 
 419 N _   0.024 0.019 0.001 0.021 0.008 0.017 0.102 0.808 
 420 V _   0.021 0.015 0.001 0.017 0.007 0.014 0.106 0.820 
 421 P _   0.018 0.011 0.001 0.013 0.005 0.012 0.109 0.831 
 422 P _   0.015 0.008 0.000 0.010 0.004 0.010 0.112 0.841 
 423 Q _   0.012 0.005 0.000 0.007 0.003 0.009 0.115 0.848 
 424 I _   0.010 0.004 0.000 0.006 0.002 0.007 0.117 0.854 
 425 H _   0.009 0.003 0.000 0.005 0.002 0.006 0.118 0.858 
 426 E _   0.007 0.002 0.000 0.004 0.002 0.006 0.119 0.860 
 427 K _   0.007 0.002 0.000 0.004 0.002 0.006 0.119 0.861 
 428 E _   0.006 0.002 0.000 0.004 0.002 0.006 0.119 0.862 
 429 A _   0.006 0.002 0.000 0.005 0.002 0.006 0.118 0.862 
 430 S _   0.005 0.002 0.000 0.005 0.002 0.006 0.117 0.861 
 431 S _   0.005 0.003 0.000 0.006 0.002 0.007 0.116 0.861 
 432 P _   0.005 0.004 0.000 0.007 0.002 0.008 0.114 0.860 
 433 S _   0.005 0.005 0.000 0.007 0.003 0.009 0.112 0.859 
 434 I _   0.006 0.006 0.000 0.008 0.003 0.010 0.110 0.858 
 435 Y _   0.006 0.008 0.000 0.008 0.003 0.011 0.107 0.857 
 436 S _   0.007 0.010 0.000 0.008 0.004 0.013 0.104 0.854 
 437 R _   0.008 0.012 0.000 0.009 0.004 0.016 0.101 0.849 
 438 H _   0.010 0.016 0.001 0.011 0.006 0.019 0.097 0.841 
 439 S _   0.012 0.023 0.001 0.013 0.008 0.024 0.093 0.827 
 440 R _   0.016 0.031 0.001 0.016 0.011 0.028 0.089 0.807 
 441 Q _   0.020 0.043 0.001 0.021 0.015 0.033 0.085 0.782 
 442 A _   0.024 0.056 0.001 0.026 0.019 0.038 0.081 0.754 
 443 L _   0.029 0.068 0.002 0.032 0.023 0.042 0.077 0.727 
 444 T _   0.033 0.078 0.002 0.037 0.027 0.044 0.074 0.705 
 445 C _   0.037 0.085 0.002 0.040 0.029 0.046 0.071 0.691 
 446 T _   0.040 0.088 0.002 0.041 0.030 0.046 0.069 0.686 
 447 A _   0.042 0.087 0.002 0.039 0.029 0.045 0.067 0.687 
 448 Y _   0.044 0.085 0.002 0.036 0.028 0.044 0.066 0.695 
 449 G _   0.046 0.079 0.002 0.031 0.025 0.042 0.066 0.708 
 450 V _   0.047 0.072 0.002 0.026 0.022 0.040 0.066 0.725 
 451 P _   0.047 0.063 0.001 0.021 0.019 0.038 0.066 0.744 
 452 L _   0.046 0.055 0.001 0.018 0.017 0.036 0.066 0.762 
 453 P _   0.045 0.047 0.001 0.015 0.014 0.034 0.066 0.778 
 454 L _   0.042 0.040 0.001 0.013 0.012 0.031 0.067 0.794 
 455 S _   0.039 0.034 0.001 0.011 0.011 0.029 0.067 0.808 
 456 I _   0.035 0.030 0.001 0.010 0.009 0.027 0.068 0.820 
 457 Q _   0.031 0.027 0.001 0.009 0.008 0.025 0.068 0.831 
 458 W _   0.028 0.025 0.001 0.009 0.007 0.023 0.068 0.839 
 459 H _   0.026 0.024 0.001 0.008 0.007 0.022 0.068 0.845 
 460 W _   0.024 0.023 0.001 0.007 0.006 0.022 0.068 0.849 
 461 R _   0.023 0.024 0.001 0.007 0.006 0.021 0.067 0.850 
 462 P _   0.022 0.026 0.001 0.008 0.007 0.022 0.067 0.848 
 463 W _   0.022 0.029 0.001 0.010 0.008 0.022 0.066 0.842 
 464 T _   0.022 0.034 0.001 0.012 0.009 0.023 0.066 0.833 
 465 P _   0.023 0.041 0.001 0.016 0.011 0.024 0.065 0.820 
 466 C _   0.023 0.048 0.001 0.020 0.012 0.025 0.065 0.806 
 467 K _   0.024 0.055 0.001 0.024 0.013 0.025 0.065 0.792 
 468 M _   0.023 0.061 0.001 0.028 0.014 0.025 0.065 0.783 
 469 F _   0.023 0.064 0.001 0.030 0.014 0.024 0.065 0.779 
 470 A _   0.021 0.065 0.001 0.031 0.013 0.022 0.066 0.781 
 471 Q _   0.020 0.064 0.001 0.030 0.012 0.020 0.067 0.787 
 472 R _   0.018 0.060 0.001 0.026 0.010 0.018 0.068 0.799 
 473 S _   0.016 0.055 0.001 0.022 0.008 0.016 0.069 0.813 
 474 L _   0.015 0.047 0.001 0.018 0.007 0.014 0.070 0.828 
 475 R _   0.013 0.040 0.001 0.014 0.005 0.012 0.071 0.843 
 476 R _   0.012 0.033 0.001 0.011 0.004 0.011 0.072 0.856 
 477 R _   0.010 0.027 0.000 0.009 0.003 0.010 0.073 0.867 
 478 Q _   0.009 0.023 0.000 0.007 0.003 0.009 0.074 0.874 
 479 Q _   0.009 0.021 0.000 0.006 0.003 0.008 0.074 0.879 
 480 Q _   0.008 0.019 0.000 0.006 0.002 0.008 0.074 0.882 
 481 D _   0.007 0.019 0.000 0.006 0.002 0.008 0.074 0.884 
 482 L _   0.007 0.019 0.000 0.006 0.003 0.008 0.073 0.884 
 483 M _   0.007 0.020 0.000 0.007 0.003 0.009 0.072 0.882 
 484 P _   0.007 0.022 0.000 0.008 0.003 0.010 0.071 0.878 
 485 Q _   0.008 0.026 0.000 0.010 0.004 0.011 0.069 0.872 
 486 C _   0.008 0.031 0.001 0.013 0.005 0.012 0.067 0.863 
 487 R _   0.008 0.038 0.001 0.016 0.006 0.013 0.065 0.852 
 488 D _   0.009 0.045 0.001 0.020 0.007 0.014 0.063 0.841 
 489 W _   0.009 0.051 0.001 0.024 0.008 0.015 0.062 0.830 
 490 R _   0.010 0.056 0.001 0.028 0.009 0.015 0.060 0.821 
 491 A _   0.010 0.060 0.001 0.030 0.009 0.015 0.059 0.816 
 492 V _   0.010 0.061 0.001 0.030 0.009 0.015 0.058 0.816 
 493 T _   0.009 0.060 0.001 0.028 0.009 0.014 0.057 0.821 
 494 T _   0.009 0.058 0.001 0.025 0.008 0.014 0.057 0.829 
 495 Q _   0.009 0.053 0.001 0.021 0.007 0.013 0.057 0.840 
 496 D _   0.009 0.048 0.001 0.016 0.006 0.012 0.057 0.852 
 497 A _   0.008 0.043 0.001 0.012 0.005 0.011 0.057 0.864 
 498 V _   0.008 0.038 0.000 0.009 0.004 0.011 0.056 0.873 
 499 N _   0.008 0.035 0.000 0.007 0.003 0.011 0.056 0.879 
 500 P _   0.009 0.034 0.000 0.007 0.003 0.011 0.055 0.880 
 501 I _   0.010 0.034 0.000 0.007 0.004 0.013 0.055 0.878 
 502 E _   0.011 0.037 0.001 0.009 0.005 0.014 0.054 0.871 
 503 S _   0.012 0.041 0.001 0.012 0.006 0.016 0.052 0.860 
 504 L _   0.013 0.048 0.001 0.017 0.008 0.018 0.051 0.845 
 505 D _   0.013 0.056 0.001 0.023 0.010 0.020 0.050 0.828 
 506 T _   0.014 0.063 0.001 0.029 0.012 0.021 0.048 0.812 
 507 W _   0.014 0.069 0.001 0.034 0.013 0.021 0.047 0.802 
 508 T _   0.014 0.071 0.001 0.036 0.013 0.020 0.046 0.798 
 509 E _   0.013 0.071 0.001 0.036 0.012 0.020 0.046 0.801 
 510 F _   0.012 0.069 0.001 0.033 0.011 0.018 0.046 0.811 
 511 V _   0.011 0.063 0.001 0.028 0.009 0.017 0.046 0.825 
 512 E _   0.010 0.056 0.001 0.021 0.008 0.015 0.046 0.844 
 513 G _   0.010 0.048 0.001 0.016 0.006 0.014 0.046 0.861 
 514 K _   0.009 0.040 0.001 0.011 0.005 0.013 0.046 0.876 
 515 N _   0.009 0.035 0.000 0.009 0.004 0.012 0.046 0.885 
 516 K _   0.009 0.032 0.000 0.008 0.004 0.012 0.045 0.890 
 517 T _   0.009 0.031 0.000 0.008 0.004 0.013 0.045 0.890 
 518 V _   0.010 0.032 0.001 0.009 0.005 0.014 0.045 0.886 
 519 S _   0.011 0.033 0.001 0.011 0.006 0.015 0.044 0.880 
 520 K _   0.012 0.036 0.001 0.013 0.007 0.016 0.044 0.871 
 521 L _   0.012 0.039 0.001 0.016 0.008 0.018 0.043 0.864 
 522 V _   0.013 0.042 0.001 0.018 0.008 0.019 0.043 0.857 
 523 I _   0.014 0.044 0.001 0.018 0.009 0.020 0.042 0.853 
 524 Q _   0.015 0.045 0.001 0.018 0.009 0.020 0.042 0.850 
 525 N _   0.016 0.046 0.001 0.018 0.009 0.021 0.041 0.848 
 526 A _   0.017 0.046 0.001 0.017 0.010 0.022 0.041 0.846 
 527 N _   0.018 0.047 0.001 0.017 0.011 0.023 0.041 0.842 
 528 V _   0.020 0.047 0.001 0.018 0.012 0.024 0.041 0.837 
 529 S _   0.021 0.048 0.001 0.020 0.012 0.024 0.042 0.831 
 530 A _   0.022 0.049 0.001 0.023 0.013 0.024 0.042 0.826 
 531 M _   0.022 0.049 0.001 0.025 0.013 0.024 0.043 0.822 
 532 Y _   0.022 0.048 0.001 0.026 0.013 0.023 0.044 0.823 
 533 K _   0.021 0.045 0.001 0.026 0.012 0.022 0.045 0.828 
 534 C _   0.019 0.041 0.001 0.023 0.010 0.020 0.047 0.838 
 535 V _   0.017 0.035 0.001 0.020 0.009 0.018 0.048 0.852 
 536 V _   0.016 0.028 0.001 0.015 0.007 0.017 0.049 0.867 
 537 S _   0.014 0.021 0.001 0.011 0.005 0.015 0.050 0.882 
 538 N _   0.013 0.016 0.001 0.008 0.004 0.014 0.051 0.893 
 539 K _   0.013 0.012 0.000 0.005 0.003 0.014 0.052 0.900 
 540 V _   0.013 0.010 0.000 0.004 0.003 0.015 0.052 0.901 
 541 G _   0.015 0.010 0.000 0.004 0.004 0.017 0.053 0.898 
 542 Q _   0.018 0.011 0.000 0.004 0.005 0.020 0.053 0.888 
 543 D _   0.023 0.016 0.001 0.006 0.007 0.025 0.053 0.870 
 544 E _   0.028 0.026 0.001 0.010 0.011 0.030 0.052 0.841 
 545 R _   0.035 0.047 0.001 0.016 0.017 0.036 0.051 0.797 
 546 L _   0.039 0.080 0.002 0.023 0.023 0.041 0.050 0.741 
 547 I _   0.042 0.119 0.002 0.032 0.029 0.043 0.049 0.683 
 548 Y _   0.043 0.154 0.002 0.040 0.032 0.044 0.049 0.635 
 549 F _   0.042 0.180 0.002 0.047 0.033 0.044 0.049 0.602 
 550 Y _   0.041 0.199 0.002 0.052 0.033 0.042 0.050 0.580 
 551 V _   0.040 0.209 0.002 0.056 0.032 0.040 0.051 0.571 
 552 T _   0.037 0.213 0.002 0.057 0.030 0.038 0.052 0.571 
 553 T _   0.035 0.212 0.002 0.055 0.026 0.034 0.055 0.581 
 554 I _   0.032 0.205 0.002 0.051 0.022 0.031 0.057 0.600 
 555 P _   0.029 0.191 0.002 0.046 0.018 0.027 0.061 0.627 
 556 D _   0.025 0.171 0.001 0.039 0.015 0.023 0.065 0.661 
 557 G _   0.022 0.144 0.001 0.032 0.011 0.019 0.069 0.701 
 558 F _   0.018 0.113 0.001 0.024 0.008 0.016 0.073 0.745 
 559 T _   0.015 0.083 0.001 0.017 0.006 0.013 0.077 0.787 
 560 I _   0.012 0.060 0.001 0.011 0.004 0.010 0.080 0.821 
 561 E _   0.009 0.045 0.000 0.007 0.003 0.008 0.082 0.845 
 562 S _   0.007 0.037 0.000 0.005 0.002 0.007 0.083 0.859 
 563 K _   0.006 0.033 0.000 0.004 0.001 0.006 0.083 0.867 
 564 P _   0.005 0.033 0.000 0.003 0.001 0.006 0.083 0.869 
 565 S _   0.005 0.034 0.000 0.004 0.002 0.007 0.082 0.866 
 566 E _   0.005 0.040 0.000 0.006 0.002 0.008 0.080 0.858 
 567 E _   0.006 0.052 0.000 0.010 0.003 0.010 0.077 0.840 
 568 L _   0.007 0.073 0.001 0.016 0.005 0.013 0.074 0.811 
 569 L _   0.007 0.104 0.001 0.023 0.007 0.015 0.070 0.773 
 570 E _   0.007 0.138 0.001 0.030 0.009 0.016 0.066 0.732 
 571 G _   0.008 0.168 0.001 0.037 0.010 0.017 0.062 0.696 
 572 Q _   0.008 0.190 0.001 0.042 0.011 0.018 0.060 0.671 
 573 P _   0.008 0.202 0.001 0.044 0.011 0.018 0.058 0.658 
 574 V _   0.008 0.208 0.001 0.044 0.011 0.018 0.057 0.653 
 575 L _   0.008 0.209 0.001 0.041 0.011 0.017 0.056 0.656 
 576 L _   0.008 0.206 0.001 0.036 0.010 0.017 0.056 0.666 
 577 S _   0.009 0.198 0.001 0.030 0.009 0.016 0.056 0.681 
 578 C _   0.009 0.187 0.001 0.024 0.008 0.015 0.056 0.701 
 579 Q _   0.009 0.174 0.001 0.018 0.006 0.014 0.057 0.721 
 580 A _   0.009 0.161 0.001 0.014 0.005 0.014 0.057 0.739 
 581 D _   0.009 0.152 0.001 0.011 0.005 0.014 0.057 0.752 
 582 S _   0.009 0.146 0.000 0.009 0.004 0.014 0.057 0.759 
 583 Y _   0.010 0.144 0.000 0.009 0.005 0.015 0.057 0.760 
 584 K _   0.011 0.145 0.001 0.010 0.005 0.016 0.057 0.755 
 585 Y _   0.012 0.149 0.001 0.013 0.007 0.017 0.056 0.745 
 586 E _   0.013 0.156 0.001 0.017 0.008 0.019 0.055 0.731 
 587 H _   0.013 0.163 0.001 0.023 0.010 0.020 0.055 0.716 
 588 L _   0.014 0.169 0.001 0.028 0.011 0.020 0.054 0.703 
 589 R _   0.014 0.172 0.001 0.031 0.012 0.020 0.054 0.696 
 590 W _   0.013 0.173 0.001 0.034 0.012 0.019 0.054 0.694 
 591 Y _   0.013 0.169 0.001 0.034 0.012 0.018 0.055 0.698 
 592 R _   0.012 0.162 0.001 0.033 0.011 0.017 0.055 0.709 
 593 L _   0.011 0.149 0.001 0.030 0.010 0.015 0.056 0.727 
 594 N _   0.011 0.131 0.001 0.026 0.008 0.014 0.058 0.751 
 595 L _   0.010 0.110 0.001 0.021 0.007 0.013 0.060 0.778 
 596 S _   0.010 0.087 0.001 0.017 0.006 0.011 0.061 0.807 
 597 T _   0.009 0.066 0.001 0.013 0.005 0.010 0.063 0.833 
 598 L _   0.008 0.050 0.001 0.010 0.004 0.009 0.064 0.854 
 599 H _   0.007 0.038 0.000 0.008 0.003 0.009 0.065 0.869 
 600 D _   0.007 0.030 0.000 0.007 0.003 0.008 0.066 0.878 
 601 A _   0.006 0.025 0.000 0.007 0.003 0.008 0.066 0.884 
 602 H _   0.006 0.022 0.000 0.007 0.003 0.008 0.066 0.887 
 603 G _   0.006 0.021 0.000 0.007 0.003 0.009 0.066 0.888 
 604 N _   0.007 0.020 0.000 0.008 0.003 0.009 0.066 0.888 
 605 P _   0.007 0.019 0.000 0.008 0.003 0.010 0.065 0.887 
 606 L _   0.007 0.019 0.000 0.009 0.003 0.011 0.065 0.886 
 607 L _   0.008 0.019 0.000 0.009 0.004 0.012 0.064 0.884 
 608 L _   0.009 0.020 0.000 0.009 0.004 0.013 0.063 0.881 
 609 D _   0.010 0.021 0.001 0.009 0.005 0.015 0.062 0.878 
 610 C _   0.012 0.023 0.001 0.010 0.006 0.017 0.061 0.872 
 611 K _   0.014 0.025 0.001 0.011 0.007 0.020 0.059 0.863 
 612 N _   0.016 0.029 0.001 0.013 0.009 0.023 0.058 0.851 
 613 V _   0.019 0.034 0.001 0.016 0.011 0.025 0.057 0.836 
 614 H _   0.022 0.041 0.001 0.020 0.013 0.028 0.056 0.819 
 615 L _   0.025 0.047 0.001 0.024 0.015 0.030 0.055 0.804 
 616 F _   0.026 0.052 0.001 0.027 0.017 0.030 0.054 0.792 
 617 A _   0.027 0.055 0.001 0.029 0.017 0.030 0.054 0.786 
 618 T _   0.027 0.057 0.001 0.029 0.017 0.029 0.053 0.786 
 619 P _   0.027 0.057 0.001 0.028 0.016 0.028 0.053 0.790 
 620 L _   0.025 0.055 0.001 0.025 0.014 0.026 0.053 0.800 
 621 A _   0.024 0.052 0.001 0.022 0.012 0.024 0.053 0.811 
 622 A _   0.022 0.049 0.001 0.018 0.010 0.022 0.054 0.823 
 623 S _   0.021 0.045 0.001 0.015 0.009 0.021 0.054 0.835 
 624 L _   0.019 0.042 0.001 0.013 0.007 0.019 0.054 0.844 
 625 E _   0.018 0.039 0.001 0.011 0.007 0.018 0.055 0.852 
 626 E _   0.016 0.037 0.001 0.010 0.006 0.017 0.055 0.859 
 627 V _   0.016 0.035 0.001 0.010 0.005 0.016 0.055 0.862 
 628 A _   0.015 0.035 0.001 0.009 0.005 0.016 0.055 0.864 
 629 P _   0.014 0.035 0.001 0.009 0.005 0.016 0.055 0.865 
 630 G _   0.014 0.037 0.001 0.010 0.005 0.016 0.054 0.863 
 631 A _   0.014 0.038 0.001 0.011 0.006 0.016 0.054 0.860 
 632 R _   0.014 0.041 0.001 0.012 0.007 0.017 0.054 0.855 
 633 H _   0.015 0.044 0.001 0.013 0.007 0.017 0.054 0.849 
 634 A _   0.015 0.047 0.001 0.015 0.008 0.018 0.054 0.844 
 635 T _   0.015 0.050 0.001 0.017 0.009 0.018 0.054 0.838 
 636 L _   0.015 0.054 0.001 0.018 0.009 0.018 0.054 0.832 
 637 S _   0.015 0.057 0.001 0.019 0.009 0.018 0.054 0.827 
 638 L _   0.014 0.059 0.001 0.020 0.009 0.018 0.054 0.825 
 639 S _   0.014 0.060 0.001 0.020 0.009 0.017 0.055 0.824 
 640 I _   0.014 0.060 0.001 0.019 0.008 0.017 0.055 0.826 
 641 P _   0.013 0.059 0.001 0.018 0.008 0.016 0.056 0.829 
 642 R _   0.013 0.058 0.001 0.016 0.007 0.015 0.057 0.832 
 643 V _   0.012 0.057 0.001 0.015 0.006 0.015 0.058 0.836 
 644 A _   0.012 0.056 0.001 0.013 0.006 0.014 0.059 0.839 
 645 P _   0.011 0.055 0.001 0.012 0.006 0.014 0.060 0.841 
 646 E _   0.011 0.055 0.001 0.012 0.005 0.014 0.061 0.841 
 647 H _   0.011 0.056 0.001 0.013 0.006 0.014 0.061 0.838 
 648 E _   0.011 0.058 0.001 0.015 0.006 0.014 0.062 0.833 
 649 G _   0.011 0.060 0.001 0.018 0.007 0.014 0.063 0.826 
 650 H _   0.011 0.063 0.001 0.022 0.007 0.015 0.064 0.818 
 651 Y _   0.011 0.065 0.001 0.025 0.008 0.014 0.065 0.811 
 652 V _   0.011 0.065 0.001 0.027 0.008 0.014 0.066 0.808 
 653 C _   0.010 0.064 0.001 0.028 0.008 0.013 0.068 0.808 
 654 E _   0.010 0.061 0.001 0.027 0.007 0.013 0.070 0.812 
 655 V _   0.010 0.055 0.001 0.024 0.006 0.011 0.072 0.821 
 656 Q _   0.009 0.047 0.001 0.020 0.005 0.010 0.075 0.833 
 657 D _   0.008 0.038 0.001 0.016 0.004 0.009 0.077 0.848 
 658 R _   0.007 0.028 0.000 0.011 0.003 0.008 0.079 0.862 
 659 R _   0.007 0.020 0.000 0.008 0.002 0.007 0.081 0.874 
 660 S _   0.006 0.015 0.000 0.006 0.002 0.006 0.082 0.883 
 661 H _   0.005 0.012 0.000 0.004 0.001 0.005 0.083 0.889 
 662 D _   0.005 0.010 0.000 0.003 0.001 0.005 0.083 0.892 
 663 K _   0.005 0.010 0.000 0.003 0.001 0.006 0.083 0.892 
