#TopoPred_TM8: 8-state transmembrane topology prediction results by no_profile mode 
#probabilities are in the order of H E C I L F X _, the 8 transmembrane topology types used in PDBTM 
   1 M X   0.013 0.002 0.002 0.045 0.008 0.009 0.722 0.198 
   2 E X   0.004 0.001 0.000 0.026 0.002 0.005 0.740 0.222 
   3 P X   0.001 0.001 0.000 0.016 0.001 0.003 0.742 0.234 
   4 G X   0.001 0.002 0.000 0.014 0.001 0.004 0.739 0.239 
   5 L X   0.002 0.005 0.000 0.015 0.001 0.006 0.730 0.241 
   6 E X   0.003 0.009 0.000 0.017 0.002 0.009 0.717 0.241 
   7 H X   0.004 0.017 0.000 0.021 0.004 0.011 0.702 0.240 
   8 A X   0.005 0.027 0.001 0.026 0.005 0.013 0.684 0.241 
   9 L X   0.005 0.037 0.001 0.029 0.005 0.013 0.666 0.243 
  10 R X   0.005 0.046 0.001 0.031 0.006 0.013 0.649 0.249 
  11 R X   0.004 0.053 0.001 0.031 0.006 0.012 0.634 0.259 
  12 T X   0.004 0.056 0.001 0.028 0.006 0.011 0.623 0.271 
  13 P X   0.004 0.058 0.001 0.024 0.005 0.010 0.614 0.284 
  14 S X   0.003 0.059 0.001 0.020 0.004 0.009 0.606 0.297 
  15 W X   0.003 0.059 0.000 0.016 0.004 0.008 0.600 0.309 
  16 S X   0.003 0.059 0.000 0.013 0.003 0.008 0.595 0.320 
  17 S X   0.003 0.058 0.000 0.010 0.003 0.007 0.589 0.328 
  18 L X   0.003 0.058 0.000 0.009 0.003 0.007 0.584 0.336 
  19 G X   0.003 0.059 0.000 0.009 0.003 0.007 0.578 0.341 
  20 G X   0.003 0.061 0.000 0.009 0.003 0.007 0.572 0.345 
  21 S X   0.004 0.063 0.000 0.010 0.003 0.008 0.566 0.346 
  22 E X   0.004 0.067 0.000 0.012 0.004 0.008 0.559 0.346 
  23 H X   0.004 0.071 0.000 0.015 0.004 0.009 0.553 0.344 
  24 Q X   0.004 0.074 0.001 0.018 0.005 0.009 0.547 0.342 
  25 E X   0.005 0.077 0.001 0.020 0.005 0.009 0.543 0.340 
  26 M X   0.005 0.078 0.001 0.022 0.005 0.009 0.539 0.341 
  27 S X   0.005 0.078 0.001 0.023 0.005 0.009 0.537 0.344 
  28 F X   0.005 0.076 0.001 0.022 0.005 0.008 0.535 0.349 
  29 L X   0.004 0.071 0.001 0.019 0.004 0.007 0.535 0.358 
  30 E X   0.004 0.065 0.000 0.016 0.004 0.007 0.535 0.369 
  31 Q X   0.004 0.056 0.000 0.012 0.003 0.006 0.536 0.383 
  32 E X   0.004 0.047 0.000 0.009 0.002 0.005 0.537 0.395 
  33 N X   0.003 0.040 0.000 0.006 0.002 0.005 0.538 0.406 
  34 S X   0.003 0.035 0.000 0.005 0.001 0.004 0.538 0.414 
  35 S X   0.003 0.032 0.000 0.004 0.001 0.004 0.538 0.418 
  36 S X   0.003 0.030 0.000 0.004 0.001 0.004 0.537 0.421 
  37 W X   0.003 0.030 0.000 0.004 0.001 0.004 0.536 0.422 
  38 P X   0.003 0.031 0.000 0.005 0.002 0.005 0.534 0.422 
  39 S X   0.003 0.032 0.000 0.006 0.002 0.005 0.531 0.421 
  40 P X   0.003 0.035 0.000 0.007 0.002 0.005 0.527 0.419 
  41 A X   0.003 0.039 0.000 0.008 0.002 0.006 0.524 0.418 
  42 V X   0.003 0.042 0.000 0.009 0.003 0.006 0.520 0.416 
  43 T X   0.003 0.046 0.000 0.010 0.003 0.006 0.517 0.415 
  44 S X   0.003 0.049 0.000 0.010 0.003 0.006 0.513 0.414 
  45 S X   0.003 0.053 0.000 0.010 0.003 0.007 0.510 0.414 
  46 S X   0.003 0.056 0.000 0.010 0.003 0.007 0.507 0.413 
  47 E X   0.003 0.060 0.000 0.010 0.003 0.007 0.505 0.412 
  48 R X   0.003 0.063 0.000 0.011 0.003 0.007 0.503 0.409 
  49 I X   0.004 0.068 0.000 0.011 0.003 0.008 0.500 0.406 
  50 R X   0.004 0.072 0.000 0.012 0.004 0.008 0.498 0.401 
  51 G X   0.004 0.077 0.000 0.013 0.004 0.009 0.496 0.396 
  52 K X   0.004 0.083 0.000 0.015 0.004 0.009 0.495 0.389 
  53 R X   0.004 0.087 0.001 0.017 0.005 0.010 0.494 0.382 
  54 R X   0.005 0.091 0.001 0.019 0.005 0.010 0.494 0.375 
  55 A X   0.005 0.094 0.001 0.021 0.006 0.011 0.495 0.369 
  56 K X   0.005 0.095 0.001 0.022 0.006 0.011 0.496 0.364 
  57 A X   0.006 0.096 0.001 0.023 0.006 0.011 0.499 0.359 
  58 L X   0.006 0.094 0.001 0.023 0.006 0.010 0.503 0.356 
  59 R X   0.006 0.090 0.001 0.023 0.006 0.010 0.508 0.356 
  60 W X   0.006 0.085 0.001 0.021 0.005 0.009 0.515 0.358 
  61 T X   0.006 0.076 0.001 0.019 0.005 0.009 0.523 0.361 
  62 R X   0.006 0.066 0.001 0.017 0.004 0.008 0.532 0.367 
  63 Q X   0.006 0.054 0.001 0.014 0.004 0.007 0.541 0.373 
  64 K X   0.006 0.042 0.000 0.011 0.003 0.007 0.551 0.379 
  65 S X   0.006 0.031 0.000 0.009 0.003 0.006 0.560 0.385 
  66 V X   0.005 0.022 0.000 0.007 0.002 0.005 0.568 0.390 
  67 E X   0.005 0.016 0.000 0.005 0.002 0.004 0.574 0.393 
  68 E X   0.005 0.011 0.000 0.004 0.001 0.004 0.579 0.396 
  69 G X   0.004 0.008 0.000 0.003 0.001 0.003 0.582 0.397 
  70 E X   0.004 0.006 0.000 0.003 0.001 0.003 0.584 0.399 
  71 P X   0.003 0.005 0.000 0.003 0.001 0.003 0.585 0.400 
  72 P X   0.003 0.004 0.000 0.003 0.001 0.003 0.584 0.402 
  73 G X   0.003 0.004 0.000 0.003 0.001 0.003 0.582 0.404 
  74 Q X   0.003 0.004 0.000 0.003 0.001 0.003 0.579 0.408 
  75 G X   0.003 0.005 0.000 0.003 0.001 0.003 0.574 0.412 
  76 E X   0.003 0.005 0.000 0.003 0.001 0.004 0.567 0.417 
  77 G X   0.003 0.007 0.000 0.004 0.001 0.004 0.558 0.423 
  78 P X   0.003 0.009 0.000 0.005 0.001 0.005 0.546 0.430 
  79 R X   0.003 0.014 0.000 0.006 0.002 0.006 0.532 0.437 
  80 S X   0.003 0.021 0.000 0.009 0.003 0.008 0.514 0.443 
  81 R X   0.004 0.033 0.001 0.012 0.004 0.010 0.491 0.446 
  82 P X   0.004 0.052 0.001 0.018 0.005 0.012 0.465 0.444 
  83 A _   0.005 0.080 0.001 0.024 0.007 0.014 0.433 0.435 
  84 A _   0.005 0.115 0.001 0.032 0.009 0.016 0.401 0.421 
  85 E _   0.005 0.152 0.001 0.039 0.010 0.017 0.371 0.405 
  86 S _   0.005 0.183 0.001 0.046 0.011 0.017 0.344 0.392 
  87 T _   0.005 0.207 0.001 0.051 0.012 0.017 0.323 0.384 
  88 G _   0.005 0.222 0.001 0.054 0.012 0.017 0.308 0.382 
  89 L _   0.005 0.230 0.001 0.054 0.011 0.017 0.295 0.386 
  90 E _   0.005 0.233 0.001 0.053 0.011 0.016 0.286 0.395 
  91 A _   0.006 0.232 0.001 0.049 0.010 0.015 0.279 0.408 
  92 T _   0.006 0.225 0.001 0.043 0.009 0.014 0.274 0.427 
  93 F _   0.006 0.214 0.001 0.037 0.008 0.013 0.270 0.450 
  94 P _   0.007 0.197 0.001 0.031 0.007 0.012 0.267 0.477 
  95 K _   0.007 0.177 0.001 0.025 0.006 0.011 0.265 0.507 
  96 T _   0.007 0.156 0.001 0.019 0.005 0.011 0.264 0.537 
  97 T _   0.007 0.135 0.001 0.015 0.004 0.010 0.262 0.566 
  98 P _   0.007 0.118 0.001 0.012 0.004 0.009 0.260 0.590 
  99 L _   0.006 0.105 0.000 0.010 0.003 0.008 0.258 0.609 
 100 A _   0.006 0.096 0.000 0.008 0.003 0.008 0.255 0.624 
 101 Q _   0.005 0.090 0.000 0.008 0.002 0.007 0.252 0.635 
 102 A _   0.005 0.087 0.000 0.008 0.002 0.007 0.248 0.643 
 103 D _   0.005 0.085 0.000 0.008 0.003 0.007 0.244 0.649 
 104 P _   0.005 0.085 0.000 0.009 0.003 0.007 0.239 0.652 
 105 A _   0.005 0.086 0.000 0.011 0.003 0.008 0.233 0.654 
 106 G _   0.005 0.088 0.000 0.013 0.004 0.008 0.228 0.655 
 107 V _   0.005 0.090 0.000 0.015 0.004 0.008 0.222 0.655 
 108 G _   0.005 0.091 0.001 0.017 0.004 0.008 0.217 0.657 
 109 T _   0.005 0.092 0.001 0.018 0.004 0.009 0.212 0.660 
 110 P _   0.005 0.092 0.001 0.018 0.004 0.008 0.207 0.665 
 111 P _   0.004 0.091 0.001 0.017 0.004 0.008 0.203 0.671 
 112 T _   0.004 0.089 0.000 0.016 0.004 0.008 0.199 0.679 
 113 G _   0.004 0.087 0.000 0.014 0.003 0.007 0.196 0.688 
 114 W _   0.004 0.085 0.000 0.012 0.003 0.007 0.192 0.697 
 115 D _   0.004 0.083 0.000 0.010 0.003 0.007 0.188 0.705 
 116 C _   0.004 0.083 0.000 0.009 0.003 0.007 0.183 0.711 
 117 L _   0.004 0.084 0.000 0.009 0.003 0.007 0.178 0.714 
 118 P _   0.004 0.087 0.000 0.010 0.003 0.008 0.173 0.714 
 119 S _   0.004 0.092 0.000 0.013 0.004 0.008 0.168 0.711 
 120 D _   0.004 0.099 0.001 0.016 0.004 0.009 0.162 0.705 
 121 C _   0.005 0.108 0.001 0.019 0.005 0.010 0.156 0.697 
 122 T _   0.005 0.116 0.001 0.023 0.006 0.010 0.150 0.689 
 123 A _   0.005 0.123 0.001 0.026 0.006 0.011 0.145 0.684 
 124 S _   0.005 0.127 0.001 0.027 0.006 0.011 0.141 0.682 
 125 A _   0.005 0.129 0.001 0.026 0.006 0.010 0.138 0.686 
 126 A _   0.005 0.128 0.001 0.024 0.005 0.010 0.135 0.693 
 127 G _   0.005 0.126 0.001 0.020 0.005 0.009 0.133 0.702 
 128 S _   0.005 0.122 0.001 0.016 0.004 0.009 0.130 0.713 
 129 S _   0.005 0.118 0.000 0.013 0.004 0.009 0.129 0.723 
 130 T _   0.005 0.114 0.000 0.011 0.003 0.009 0.127 0.731 
 131 D _   0.005 0.112 0.000 0.010 0.003 0.009 0.125 0.735 
 132 D _   0.005 0.112 0.000 0.010 0.003 0.010 0.123 0.735 
 133 V _   0.006 0.114 0.000 0.011 0.004 0.011 0.122 0.733 
 134 E _   0.007 0.117 0.001 0.012 0.005 0.012 0.120 0.728 
 135 L _   0.008 0.121 0.001 0.014 0.005 0.013 0.118 0.721 
 136 A _   0.008 0.126 0.001 0.016 0.006 0.014 0.116 0.713 
 137 T _   0.009 0.131 0.001 0.017 0.007 0.015 0.114 0.707 
 138 E _   0.009 0.135 0.001 0.018 0.007 0.015 0.112 0.703 
 139 F _   0.009 0.138 0.001 0.018 0.007 0.015 0.111 0.701 
 140 P _   0.009 0.140 0.001 0.018 0.007 0.016 0.110 0.699 
 141 A _   0.010 0.141 0.001 0.018 0.008 0.016 0.109 0.698 
 142 T _   0.010 0.142 0.001 0.017 0.008 0.017 0.108 0.697 
 143 E _   0.011 0.143 0.001 0.018 0.008 0.017 0.108 0.696 
 144 A _   0.011 0.143 0.001 0.018 0.008 0.017 0.108 0.694 
 145 W _   0.012 0.143 0.001 0.019 0.008 0.017 0.108 0.692 
 146 E _   0.012 0.143 0.001 0.020 0.009 0.017 0.109 0.691 
 147 C _   0.012 0.141 0.001 0.021 0.009 0.017 0.109 0.690 
 148 E _   0.012 0.139 0.001 0.021 0.009 0.017 0.110 0.691 
 149 L _   0.012 0.135 0.001 0.022 0.008 0.016 0.111 0.694 
 150 E _   0.012 0.130 0.001 0.021 0.008 0.016 0.113 0.699 
 151 G _   0.013 0.123 0.001 0.020 0.008 0.015 0.115 0.706 
 152 L _   0.012 0.114 0.001 0.019 0.007 0.014 0.117 0.715 
 153 L _   0.012 0.103 0.001 0.018 0.007 0.014 0.119 0.726 
 154 E _   0.012 0.092 0.001 0.016 0.006 0.013 0.122 0.738 
 155 E _   0.012 0.081 0.001 0.014 0.006 0.013 0.125 0.749 
 156 R _   0.012 0.071 0.001 0.013 0.005 0.012 0.128 0.759 
 157 P _   0.012 0.062 0.001 0.012 0.005 0.012 0.130 0.768 
 158 A _   0.012 0.054 0.001 0.011 0.004 0.011 0.133 0.775 
 159 L _   0.011 0.048 0.001 0.011 0.004 0.011 0.136 0.780 
 160 C _   0.011 0.042 0.000 0.011 0.004 0.010 0.138 0.783 
 161 L _   0.011 0.038 0.000 0.011 0.004 0.010 0.141 0.785 
 162 S _   0.010 0.034 0.000 0.011 0.004 0.010 0.143 0.787 
 163 P _   0.010 0.031 0.000 0.011 0.004 0.010 0.145 0.789 
 164 Q _   0.010 0.028 0.000 0.012 0.004 0.009 0.147 0.790 
 165 A _   0.009 0.025 0.000 0.012 0.004 0.009 0.149 0.791 
 166 P _   0.009 0.022 0.000 0.012 0.003 0.009 0.151 0.794 
 167 F _   0.008 0.019 0.000 0.011 0.003 0.008 0.153 0.797 
 168 P _   0.008 0.016 0.000 0.010 0.003 0.007 0.155 0.801 
 169 K _   0.007 0.013 0.000 0.008 0.002 0.007 0.156 0.806 
 170 L _   0.006 0.010 0.000 0.007 0.002 0.006 0.156 0.812 
 171 G _   0.006 0.008 0.000 0.005 0.002 0.005 0.156 0.817 
 172 W _   0.005 0.006 0.000 0.004 0.001 0.005 0.155 0.822 
 173 D _   0.005 0.006 0.000 0.003 0.001 0.005 0.154 0.826 
 174 D _   0.004 0.006 0.000 0.003 0.001 0.006 0.152 0.828 
 175 E _   0.005 0.006 0.000 0.003 0.001 0.007 0.149 0.829 
 176 L _   0.006 0.009 0.000 0.004 0.002 0.009 0.145 0.826 
 177 R _   0.007 0.014 0.000 0.006 0.003 0.012 0.139 0.817 
 178 K _   0.010 0.027 0.001 0.010 0.005 0.017 0.132 0.798 
 179 P _   0.012 0.054 0.001 0.018 0.009 0.024 0.122 0.759 
 180 G _   0.015 0.103 0.002 0.029 0.015 0.030 0.110 0.697 
 181 A _   0.017 0.166 0.002 0.042 0.021 0.035 0.096 0.621 
 182 Q _   0.018 0.224 0.002 0.055 0.025 0.038 0.084 0.554 
 183 I _   0.018 0.265 0.002 0.066 0.028 0.040 0.074 0.507 
 184 Y _   0.018 0.289 0.002 0.074 0.029 0.041 0.066 0.482 
 185 M _   0.018 0.299 0.002 0.077 0.029 0.040 0.061 0.474 
 186 R _   0.018 0.302 0.002 0.076 0.029 0.039 0.056 0.479 
 187 F _   0.017 0.295 0.002 0.071 0.027 0.037 0.053 0.497 
 188 M _   0.018 0.279 0.002 0.063 0.025 0.035 0.050 0.528 
 189 Q _   0.019 0.251 0.002 0.053 0.023 0.034 0.048 0.571 
 190 E _   0.020 0.208 0.002 0.043 0.020 0.032 0.046 0.628 
 191 H _   0.022 0.156 0.002 0.033 0.018 0.031 0.045 0.692 
 192 T _   0.026 0.106 0.002 0.025 0.015 0.031 0.044 0.752 
 193 C _   0.031 0.064 0.001 0.018 0.012 0.030 0.042 0.800 
 194 Y _   0.038 0.035 0.001 0.013 0.010 0.030 0.041 0.832 
 195 D _   0.047 0.018 0.001 0.009 0.009 0.030 0.039 0.848 
 196 A _   0.060 0.008 0.001 0.006 0.008 0.031 0.037 0.849 
 197 M _   0.078 0.004 0.001 0.005 0.008 0.032 0.035 0.839 
 198 A _   0.102 0.002 0.001 0.004 0.009 0.034 0.032 0.816 
 199 T _   0.133 0.001 0.001 0.004 0.012 0.036 0.029 0.784 
 200 S _   0.171 0.001 0.001 0.004 0.015 0.039 0.027 0.743 
 201 S _   0.213 0.000 0.001 0.005 0.019 0.042 0.024 0.696 
 202 K _   0.255 0.000 0.002 0.006 0.023 0.044 0.022 0.648 
 203 L _   0.295 0.001 0.002 0.007 0.026 0.046 0.020 0.604 
 204 V _   0.330 0.001 0.002 0.007 0.028 0.046 0.018 0.568 
 205 I _   0.360 0.001 0.002 0.008 0.029 0.045 0.017 0.539 
 206 F _   0.382 0.001 0.002 0.007 0.028 0.043 0.016 0.522 
 207 D _   0.397 0.001 0.002 0.006 0.025 0.040 0.015 0.515 
 208 T _   0.407 0.000 0.001 0.005 0.021 0.037 0.014 0.514 
 209 M _   0.411 0.000 0.001 0.003 0.018 0.034 0.014 0.519 
 210 L _   0.412 0.000 0.001 0.002 0.014 0.032 0.013 0.525 
 211 E _   0.412 0.000 0.001 0.002 0.012 0.030 0.013 0.530 
 212 I _   0.413 0.000 0.001 0.001 0.011 0.029 0.012 0.532 
 213 K _   0.417 0.000 0.001 0.001 0.011 0.029 0.012 0.529 
 214 K _   0.423 0.000 0.001 0.001 0.012 0.030 0.012 0.521 
 215 A _   0.429 0.000 0.001 0.002 0.015 0.032 0.012 0.510 
 216 F _   0.434 0.000 0.001 0.003 0.018 0.034 0.012 0.498 
 217 F _   0.435 0.001 0.001 0.004 0.023 0.035 0.012 0.488 
 218 A _   0.429 0.002 0.002 0.007 0.027 0.037 0.013 0.484 
 219 L _   0.417 0.003 0.002 0.010 0.030 0.037 0.013 0.487 
 220 V _   0.395 0.005 0.002 0.014 0.032 0.037 0.014 0.500 
 221 A _   0.365 0.007 0.002 0.019 0.032 0.036 0.015 0.524 
 222 N _   0.328 0.008 0.002 0.021 0.030 0.034 0.016 0.560 
 223 G _   0.286 0.008 0.002 0.022 0.026 0.031 0.017 0.607 
 224 V _   0.241 0.007 0.002 0.020 0.021 0.028 0.019 0.663 
 225 R _   0.196 0.005 0.001 0.017 0.015 0.023 0.020 0.722 
 226 A _   0.152 0.004 0.001 0.013 0.010 0.019 0.021 0.780 
 227 A _   0.113 0.002 0.001 0.008 0.007 0.015 0.022 0.833 
 228 P _   0.081 0.001 0.001 0.005 0.004 0.011 0.022 0.875 
 229 L _   0.059 0.000 0.000 0.003 0.003 0.008 0.022 0.904 
 230 W _   0.047 0.000 0.000 0.002 0.002 0.007 0.022 0.920 
 231 D _   0.044 0.000 0.000 0.001 0.001 0.006 0.021 0.926 
 232 S _   0.049 0.000 0.000 0.001 0.002 0.006 0.020 0.922 
 233 K _   0.068 0.000 0.000 0.001 0.002 0.007 0.019 0.904 
 234 K _   0.107 0.000 0.000 0.001 0.003 0.009 0.017 0.863 
 235 Q _   0.174 0.000 0.001 0.001 0.005 0.012 0.014 0.793 
 236 S _   0.272 0.000 0.001 0.001 0.008 0.015 0.012 0.691 
 237 F _   0.390 0.000 0.001 0.002 0.011 0.019 0.009 0.569 
 238 V H   0.507 0.000 0.001 0.002 0.016 0.021 0.007 0.445 
 239 G H   0.611 0.000 0.001 0.002 0.021 0.023 0.005 0.337 
 240 M H   0.693 0.000 0.002 0.002 0.025 0.023 0.004 0.253 
 241 L H   0.751 0.000 0.002 0.002 0.028 0.022 0.003 0.193 
 242 T H   0.790 0.000 0.001 0.001 0.030 0.021 0.003 0.154 
 243 I H   0.812 0.000 0.001 0.001 0.031 0.019 0.002 0.132 
 244 T H   0.821 0.000 0.001 0.002 0.031 0.018 0.002 0.124 
 245 D H   0.818 0.000 0.002 0.002 0.031 0.017 0.003 0.127 
 246 F H   0.802 0.000 0.002 0.002 0.031 0.017 0.003 0.144 
 247 I H   0.770 0.000 0.002 0.002 0.030 0.016 0.004 0.176 
 248 L H   0.719 0.000 0.002 0.003 0.028 0.016 0.005 0.228 
 249 V H   0.644 0.000 0.002 0.003 0.025 0.016 0.006 0.304 
 250 L H   0.549 0.000 0.002 0.003 0.020 0.015 0.008 0.402 
 251 H _   0.441 0.000 0.002 0.003 0.015 0.015 0.011 0.514 
 252 R _   0.333 0.000 0.001 0.003 0.011 0.014 0.013 0.626 
 253 Y _   0.238 0.000 0.001 0.002 0.008 0.013 0.015 0.723 
 254 Y _   0.165 0.000 0.001 0.002 0.006 0.012 0.017 0.797 
 255 R _   0.113 0.000 0.001 0.002 0.005 0.012 0.019 0.849 
 256 S _   0.080 0.000 0.001 0.003 0.004 0.012 0.020 0.881 
 257 P _   0.058 0.000 0.000 0.003 0.004 0.012 0.021 0.900 
 258 L _   0.044 0.001 0.001 0.005 0.004 0.013 0.022 0.910 
 259 V _   0.035 0.001 0.001 0.007 0.005 0.014 0.023 0.914 
 260 Q _   0.029 0.002 0.001 0.009 0.006 0.015 0.023 0.914 
 261 I _   0.025 0.004 0.001 0.011 0.007 0.017 0.024 0.913 
 262 Y _   0.023 0.005 0.001 0.012 0.007 0.017 0.024 0.911 
 263 E _   0.021 0.006 0.001 0.013 0.007 0.018 0.024 0.910 
 264 I _   0.019 0.007 0.001 0.013 0.007 0.019 0.025 0.909 
 265 E _   0.019 0.007 0.001 0.012 0.007 0.020 0.025 0.909 
 266 Q _   0.019 0.008 0.001 0.010 0.007 0.021 0.025 0.910 
 267 H _   0.020 0.008 0.001 0.009 0.007 0.022 0.025 0.908 
 268 K _   0.022 0.009 0.001 0.008 0.007 0.024 0.026 0.904 
 269 I _   0.024 0.011 0.001 0.008 0.008 0.026 0.026 0.897 
 270 E _   0.027 0.014 0.001 0.009 0.009 0.029 0.026 0.886 
 271 T _   0.030 0.018 0.001 0.010 0.011 0.032 0.026 0.871 
 272 W _   0.034 0.026 0.001 0.013 0.015 0.036 0.026 0.849 
 273 R _   0.038 0.037 0.001 0.017 0.019 0.039 0.026 0.822 
 274 E _   0.041 0.052 0.002 0.023 0.023 0.042 0.025 0.792 
 275 I _   0.043 0.066 0.002 0.029 0.027 0.044 0.025 0.763 
 276 Y _   0.044 0.079 0.002 0.036 0.029 0.044 0.025 0.740 
 277 L _   0.044 0.089 0.002 0.043 0.031 0.043 0.026 0.723 
 278 Q _   0.043 0.095 0.002 0.048 0.031 0.042 0.026 0.714 
 279 G _   0.041 0.098 0.002 0.050 0.029 0.039 0.027 0.714 
 280 C _   0.038 0.097 0.002 0.050 0.026 0.035 0.029 0.724 
 281 F _   0.034 0.091 0.002 0.047 0.023 0.032 0.030 0.742 
 282 K _   0.030 0.080 0.002 0.040 0.018 0.027 0.032 0.771 
 283 P _   0.026 0.064 0.001 0.031 0.014 0.023 0.034 0.806 
 284 L _   0.022 0.045 0.001 0.022 0.010 0.020 0.036 0.844 
 285 V _   0.019 0.026 0.001 0.014 0.006 0.016 0.037 0.880 
 286 S _   0.016 0.012 0.001 0.008 0.004 0.014 0.038 0.907 
 287 I _   0.014 0.005 0.000 0.004 0.003 0.013 0.039 0.923 
 288 S _   0.014 0.002 0.000 0.002 0.002 0.013 0.039 0.929 
 289 P _   0.016 0.001 0.000 0.002 0.002 0.014 0.039 0.927 
 290 N _   0.022 0.001 0.000 0.002 0.003 0.018 0.038 0.917 
 291 D _   0.032 0.001 0.000 0.003 0.005 0.024 0.037 0.897 
 292 S _   0.047 0.003 0.001 0.005 0.010 0.034 0.036 0.864 
 293 L _   0.065 0.010 0.001 0.010 0.019 0.045 0.035 0.814 
 294 F _   0.082 0.026 0.002 0.019 0.031 0.055 0.033 0.752 
 295 E _   0.095 0.047 0.003 0.030 0.041 0.062 0.032 0.691 
 296 A _   0.103 0.065 0.003 0.041 0.048 0.066 0.030 0.644 
 297 V _   0.106 0.077 0.003 0.049 0.052 0.067 0.030 0.617 
 298 Y _   0.106 0.083 0.003 0.052 0.053 0.066 0.029 0.608 
 299 T _   0.104 0.085 0.003 0.051 0.051 0.063 0.029 0.615 
 300 L _   0.099 0.082 0.003 0.046 0.047 0.059 0.030 0.636 
 301 I _   0.092 0.075 0.002 0.040 0.041 0.054 0.030 0.666 
 302 K _   0.083 0.064 0.002 0.033 0.034 0.048 0.031 0.704 
 303 N _   0.072 0.051 0.002 0.026 0.027 0.042 0.032 0.747 
 304 R _   0.061 0.038 0.002 0.021 0.020 0.036 0.033 0.790 
 305 I _   0.050 0.026 0.001 0.016 0.014 0.031 0.034 0.827 
 306 H _   0.041 0.018 0.001 0.012 0.010 0.026 0.035 0.857 
 307 R _   0.033 0.011 0.001 0.010 0.007 0.022 0.035 0.882 
 308 L _   0.026 0.006 0.001 0.007 0.005 0.018 0.035 0.901 
 309 P _   0.022 0.003 0.000 0.005 0.004 0.016 0.035 0.914 
 310 V _   0.019 0.002 0.000 0.004 0.003 0.015 0.035 0.921 
 311 L _   0.018 0.001 0.000 0.004 0.003 0.014 0.034 0.925 
 312 D _   0.019 0.001 0.000 0.003 0.003 0.015 0.034 0.925 
 313 P _   0.023 0.000 0.000 0.003 0.004 0.017 0.033 0.920 
 314 V _   0.028 0.000 0.001 0.004 0.005 0.020 0.032 0.911 
 315 S _   0.037 0.001 0.001 0.005 0.007 0.024 0.030 0.895 
 316 G _   0.049 0.001 0.001 0.007 0.009 0.029 0.029 0.875 
 317 N _   0.064 0.001 0.001 0.010 0.013 0.034 0.027 0.849 
 318 V _   0.082 0.002 0.001 0.012 0.017 0.039 0.026 0.821 
 319 L _   0.101 0.002 0.001 0.014 0.020 0.044 0.024 0.794 
 320 H _   0.120 0.002 0.002 0.014 0.022 0.047 0.023 0.770 
 321 I _   0.142 0.002 0.002 0.013 0.024 0.049 0.021 0.749 
 322 L _   0.164 0.001 0.002 0.010 0.024 0.050 0.020 0.729 
 323 T _   0.186 0.001 0.001 0.008 0.024 0.051 0.018 0.711 
 324 H _   0.209 0.001 0.001 0.006 0.023 0.051 0.017 0.692 
 325 K _   0.232 0.000 0.001 0.004 0.024 0.051 0.016 0.672 
 326 R _   0.255 0.000 0.001 0.004 0.025 0.052 0.015 0.648 
 327 L _   0.278 0.000 0.001 0.003 0.027 0.052 0.014 0.624 
 328 L _   0.300 0.000 0.002 0.004 0.030 0.052 0.014 0.600 
 329 K _   0.317 0.001 0.002 0.005 0.033 0.052 0.013 0.579 
 330 F _   0.330 0.001 0.002 0.007 0.035 0.051 0.013 0.562 
 331 L _   0.336 0.002 0.002 0.009 0.036 0.049 0.013 0.553 
 332 H _   0.333 0.002 0.002 0.011 0.036 0.047 0.013 0.555 
 333 I _   0.322 0.002 0.002 0.012 0.035 0.044 0.014 0.569 
 334 F _   0.305 0.002 0.002 0.012 0.031 0.040 0.014 0.593 
 335 G _   0.280 0.002 0.002 0.011 0.026 0.036 0.014 0.628 
 336 S _   0.251 0.002 0.002 0.009 0.021 0.032 0.015 0.669 
 337 L _   0.218 0.001 0.001 0.007 0.015 0.028 0.015 0.713 
 338 L _   0.184 0.000 0.001 0.005 0.011 0.025 0.016 0.758 
 339 P _   0.153 0.000 0.001 0.003 0.008 0.022 0.016 0.797 
 340 R _   0.127 0.000 0.001 0.003 0.006 0.020 0.016 0.827 
 341 P _   0.108 0.000 0.001 0.002 0.005 0.019 0.016 0.849 
 342 S _   0.096 0.000 0.001 0.002 0.005 0.019 0.016 0.861 
 343 F _   0.089 0.000 0.001 0.003 0.005 0.020 0.015 0.867 
 344 L _   0.086 0.000 0.001 0.004 0.006 0.022 0.015 0.867 
 345 Y _   0.086 0.000 0.001 0.005 0.007 0.024 0.015 0.863 
 346 R _   0.089 0.000 0.001 0.006 0.009 0.025 0.014 0.856 
 347 T _   0.094 0.001 0.001 0.007 0.010 0.028 0.014 0.846 
 348 I _   0.103 0.001 0.001 0.008 0.012 0.030 0.013 0.832 
 349 Q _   0.115 0.001 0.001 0.008 0.013 0.031 0.013 0.818 
 350 D _   0.129 0.001 0.001 0.008 0.014 0.033 0.012 0.802 
 351 L _   0.145 0.001 0.001 0.007 0.015 0.034 0.011 0.786 
 352 G _   0.164 0.001 0.001 0.007 0.015 0.035 0.011 0.767 
 353 I _   0.185 0.000 0.001 0.006 0.016 0.035 0.010 0.746 
 354 G _   0.207 0.000 0.001 0.005 0.016 0.036 0.010 0.725 
 355 T _   0.230 0.000 0.001 0.004 0.016 0.036 0.009 0.702 
 356 F _   0.255 0.000 0.001 0.004 0.017 0.037 0.009 0.677 
 357 R _   0.281 0.000 0.001 0.004 0.017 0.037 0.008 0.652 
 358 D _   0.305 0.000 0.001 0.003 0.017 0.037 0.008 0.629 
 359 L _   0.328 0.000 0.001 0.003 0.017 0.037 0.007 0.605 
 360 A _   0.349 0.000 0.001 0.003 0.018 0.036 0.007 0.585 
 361 V _   0.369 0.000 0.001 0.003 0.018 0.036 0.007 0.566 
 362 V _   0.388 0.000 0.001 0.003 0.018 0.036 0.007 0.547 
 363 L _   0.405 0.000 0.001 0.003 0.019 0.036 0.007 0.530 
 364 E _   0.416 0.000 0.001 0.003 0.020 0.036 0.007 0.517 
 365 T _   0.425 0.000 0.001 0.003 0.021 0.036 0.007 0.507 
 366 A _   0.427 0.000 0.001 0.003 0.023 0.037 0.007 0.503 
 367 P _   0.425 0.000 0.001 0.003 0.024 0.037 0.007 0.502 
 368 I _   0.417 0.000 0.002 0.004 0.025 0.037 0.008 0.507 
 369 L _   0.403 0.000 0.002 0.005 0.026 0.037 0.008 0.519 
 370 T _   0.384 0.000 0.002 0.006 0.026 0.036 0.009 0.537 
 371 A _   0.359 0.001 0.002 0.007 0.025 0.036 0.010 0.562 
 372 L _   0.329 0.001 0.002 0.007 0.023 0.034 0.011 0.593 
 373 D _   0.295 0.001 0.002 0.007 0.021 0.033 0.012 0.630 
 374 I _   0.257 0.001 0.001 0.007 0.018 0.031 0.013 0.671 
 375 F _   0.221 0.001 0.001 0.007 0.015 0.029 0.014 0.711 
 376 V _   0.188 0.000 0.001 0.006 0.013 0.027 0.015 0.749 
 377 D _   0.157 0.000 0.001 0.006 0.011 0.026 0.016 0.782 
 378 R _   0.133 0.000 0.001 0.005 0.010 0.025 0.017 0.810 
 379 R _   0.112 0.000 0.001 0.005 0.008 0.024 0.018 0.832 
 380 V _   0.094 0.000 0.001 0.005 0.008 0.023 0.018 0.850 
 381 S _   0.082 0.000 0.001 0.005 0.007 0.023 0.019 0.863 
 382 A _   0.073 0.000 0.001 0.005 0.007 0.023 0.019 0.872 
 383 L _   0.066 0.000 0.001 0.005 0.007 0.024 0.020 0.877 
 384 P _   0.063 0.000 0.001 0.005 0.007 0.025 0.020 0.878 
 385 V _   0.062 0.000 0.001 0.006 0.008 0.027 0.020 0.877 
 386 V _   0.062 0.001 0.001 0.006 0.009 0.029 0.020 0.873 
 387 N _   0.065 0.001 0.001 0.006 0.010 0.031 0.020 0.866 
 388 E _   0.069 0.001 0.001 0.007 0.011 0.034 0.020 0.856 
 389 C _   0.074 0.001 0.001 0.008 0.013 0.038 0.020 0.845 
 390 G _   0.080 0.001 0.001 0.009 0.015 0.041 0.020 0.833 
 391 Q _   0.086 0.002 0.001 0.009 0.017 0.044 0.021 0.821 
 392 V _   0.091 0.002 0.001 0.009 0.018 0.046 0.021 0.811 
 393 V _   0.096 0.002 0.001 0.009 0.019 0.048 0.021 0.802 
 394 G _   0.102 0.003 0.001 0.009 0.020 0.050 0.021 0.794 
 395 L _   0.106 0.003 0.001 0.009 0.021 0.052 0.022 0.786 
 396 Y _   0.110 0.004 0.001 0.009 0.023 0.054 0.022 0.777 
 397 S _   0.114 0.005 0.001 0.009 0.025 0.056 0.022 0.768 
 398 R _   0.117 0.007 0.002 0.010 0.028 0.057 0.023 0.756 
 399 F _   0.119 0.010 0.002 0.013 0.031 0.058 0.023 0.743 
 400 D _   0.119 0.014 0.002 0.017 0.034 0.058 0.024 0.732 
 401 V _   0.118 0.019 0.002 0.023 0.036 0.057 0.025 0.721 
 402 I _   0.114 0.023 0.002 0.029 0.036 0.054 0.026 0.715 
 403 H _   0.108 0.026 0.002 0.033 0.035 0.051 0.027 0.719 
 404 L _   0.098 0.026 0.002 0.034 0.031 0.046 0.029 0.733 
 405 A _   0.086 0.025 0.002 0.032 0.026 0.041 0.031 0.758 
 406 A _   0.072 0.021 0.002 0.026 0.021 0.035 0.033 0.791 
 407 Q _   0.058 0.016 0.001 0.019 0.015 0.029 0.034 0.827 
 408 Q _   0.045 0.010 0.001 0.013 0.010 0.023 0.036 0.862 
 409 T _   0.034 0.006 0.001 0.008 0.006 0.019 0.037 0.889 
 410 Y _   0.026 0.003 0.000 0.005 0.004 0.016 0.038 0.907 
 411 N _   0.021 0.002 0.000 0.004 0.003 0.014 0.039 0.917 
 412 H _   0.018 0.002 0.000 0.004 0.003 0.014 0.039 0.921 
 413 L _   0.016 0.002 0.000 0.004 0.003 0.014 0.039 0.921 
 414 D _   0.016 0.003 0.000 0.006 0.004 0.015 0.039 0.917 
 415 M _   0.016 0.005 0.001 0.008 0.005 0.016 0.039 0.910 
 416 S _   0.017 0.007 0.001 0.010 0.006 0.018 0.039 0.903 
 417 V _   0.017 0.009 0.001 0.012 0.007 0.020 0.039 0.895 
 418 G _   0.018 0.011 0.001 0.014 0.008 0.021 0.039 0.888 
 419 E _   0.020 0.013 0.001 0.014 0.009 0.023 0.038 0.882 
 420 A _   0.021 0.015 0.001 0.014 0.009 0.024 0.038 0.877 
 421 L _   0.023 0.016 0.001 0.013 0.010 0.026 0.038 0.873 
 422 R _   0.025 0.018 0.001 0.013 0.011 0.028 0.037 0.867 
 423 Q _   0.028 0.020 0.001 0.014 0.013 0.030 0.037 0.858 
 424 R _   0.030 0.023 0.001 0.016 0.015 0.032 0.037 0.846 
 425 T _   0.033 0.027 0.001 0.020 0.017 0.033 0.037 0.832 
 426 L _   0.035 0.031 0.001 0.025 0.019 0.034 0.037 0.817 
 427 C _   0.036 0.035 0.001 0.031 0.020 0.033 0.038 0.806 
 428 L _   0.036 0.037 0.002 0.035 0.020 0.032 0.038 0.799 
 429 E _   0.035 0.037 0.001 0.037 0.019 0.030 0.039 0.801 
 430 G _   0.032 0.035 0.001 0.034 0.017 0.028 0.040 0.812 
 431 V _   0.030 0.031 0.001 0.029 0.014 0.024 0.042 0.830 
 432 L _   0.026 0.024 0.001 0.022 0.011 0.021 0.043 0.853 
 433 S _   0.023 0.015 0.001 0.014 0.008 0.018 0.044 0.877 
 434 C _   0.020 0.008 0.001 0.009 0.005 0.016 0.045 0.897 
 435 Q _   0.017 0.004 0.000 0.005 0.004 0.014 0.045 0.910 
 436 P _   0.016 0.002 0.000 0.003 0.003 0.014 0.046 0.917 
 437 H _   0.016 0.001 0.000 0.003 0.003 0.014 0.046 0.918 
 438 E _   0.018 0.001 0.000 0.003 0.003 0.016 0.046 0.914 
 439 S _   0.021 0.001 0.000 0.004 0.004 0.018 0.046 0.907 
 440 L _   0.024 0.002 0.001 0.005 0.006 0.022 0.045 0.895 
 441 G _   0.029 0.003 0.001 0.008 0.008 0.026 0.045 0.880 
 442 E _   0.034 0.005 0.001 0.012 0.012 0.030 0.044 0.862 
 443 V _   0.039 0.007 0.001 0.016 0.015 0.034 0.044 0.844 
 444 I _   0.043 0.010 0.001 0.020 0.018 0.038 0.043 0.827 
 445 D _   0.048 0.011 0.001 0.022 0.021 0.040 0.042 0.815 
 446 R _   0.052 0.012 0.001 0.023 0.022 0.042 0.042 0.806 
 447 I _   0.056 0.012 0.002 0.022 0.023 0.042 0.042 0.801 
 448 A _   0.059 0.011 0.001 0.021 0.022 0.042 0.042 0.800 
 449 R _   0.061 0.010 0.001 0.019 0.021 0.041 0.043 0.803 
 450 E _   0.063 0.009 0.001 0.017 0.020 0.040 0.043 0.807 
 451 Q _   0.065 0.007 0.001 0.015 0.018 0.038 0.044 0.812 
 452 V _   0.068 0.006 0.001 0.013 0.015 0.036 0.045 0.816 
 453 H _   0.072 0.004 0.001 0.011 0.013 0.034 0.045 0.819 
 454 R _   0.077 0.003 0.001 0.009 0.012 0.032 0.046 0.820 
 455 L _   0.084 0.002 0.001 0.008 0.010 0.030 0.047 0.820 
 456 V _   0.093 0.001 0.001 0.006 0.009 0.028 0.047 0.816 
 457 L _   0.105 0.001 0.001 0.005 0.008 0.027 0.047 0.807 
 458 V _   0.122 0.000 0.001 0.004 0.007 0.027 0.048 0.792 
 459 D _   0.143 0.000 0.001 0.003 0.008 0.027 0.048 0.770 
 460 E _   0.172 0.000 0.001 0.003 0.009 0.028 0.048 0.740 
 461 T _   0.207 0.000 0.001 0.002 0.010 0.029 0.048 0.702 
 462 Q _   0.248 0.000 0.001 0.003 0.012 0.031 0.049 0.656 
 463 H _   0.292 0.000 0.001 0.003 0.014 0.033 0.049 0.608 
 464 L _   0.337 0.000 0.001 0.003 0.017 0.034 0.050 0.558 
 465 L _   0.379 0.000 0.001 0.003 0.019 0.035 0.052 0.511 
 466 G _   0.419 0.000 0.001 0.003 0.021 0.036 0.054 0.466 
 467 V H   0.454 0.000 0.001 0.003 0.023 0.036 0.056 0.426 
 468 V H   0.485 0.000 0.002 0.003 0.024 0.036 0.060 0.391 
 469 S H   0.510 0.000 0.002 0.003 0.025 0.035 0.064 0.361 
 470 L H   0.526 0.000 0.002 0.003 0.027 0.035 0.069 0.339 
 471 S H   0.536 0.000 0.002 0.003 0.028 0.035 0.075 0.321 
 472 D H   0.538 0.000 0.002 0.003 0.029 0.035 0.084 0.309 
 473 I H   0.533 0.000 0.002 0.003 0.030 0.035 0.095 0.302 
 474 L H   0.519 0.000 0.002 0.004 0.030 0.035 0.109 0.302 
 475 Q H   0.497 0.000 0.002 0.005 0.029 0.035 0.126 0.306 
 476 A H   0.468 0.000 0.002 0.006 0.029 0.035 0.147 0.314 
 477 L H   0.431 0.000 0.002 0.007 0.027 0.034 0.172 0.327 
 478 V H   0.387 0.000 0.002 0.007 0.025 0.033 0.200 0.345 
 479 L _   0.335 0.000 0.002 0.008 0.022 0.032 0.233 0.367 
 480 S _   0.279 0.001 0.002 0.009 0.020 0.030 0.268 0.392 
 481 P _   0.222 0.001 0.002 0.010 0.018 0.028 0.303 0.416 
 482 A _   0.165 0.001 0.002 0.011 0.016 0.025 0.341 0.439 
 483 G _   0.116 0.001 0.001 0.013 0.013 0.020 0.378 0.457 
 484 I _   0.070 0.001 0.001 0.012 0.010 0.015 0.416 0.474 
 485 D _   0.032 0.001 0.001 0.010 0.005 0.008 0.452 0.491 
 486 A _   0.009 0.001 0.000 0.006 0.001 0.003 0.475 0.505 
 487 L _   0.002 0.001 0.000 0.003 0.000 0.001 0.482 0.511 
 488 G _   0.001 0.001 0.000 0.003 0.000 0.001 0.482 0.512 
 489 A _   0.004 0.001 0.001 0.010 0.003 0.003 0.474 0.504 
