#TopoPred_TM8: 8-state transmembrane topology prediction results by no_profile mode 
#probabilities are in the order of H E C I L F X _, the 8 transmembrane topology types used in PDBTM 
   1 M X   0.011 0.001 0.002 0.036 0.008 0.009 0.804 0.130 
   2 N X   0.004 0.000 0.000 0.023 0.002 0.006 0.824 0.141 
   3 N X   0.002 0.000 0.000 0.016 0.001 0.005 0.829 0.147 
   4 F X   0.002 0.001 0.000 0.015 0.001 0.005 0.828 0.148 
   5 I X   0.003 0.001 0.000 0.015 0.001 0.007 0.823 0.150 
   6 L X   0.004 0.002 0.000 0.016 0.002 0.009 0.815 0.152 
   7 L X   0.006 0.002 0.000 0.017 0.003 0.010 0.807 0.156 
   8 E X   0.006 0.003 0.000 0.017 0.003 0.010 0.798 0.162 
   9 E X   0.006 0.003 0.000 0.017 0.004 0.009 0.790 0.170 
  10 Q X   0.006 0.004 0.000 0.016 0.004 0.009 0.782 0.181 
  11 L X   0.005 0.004 0.000 0.014 0.003 0.008 0.774 0.192 
  12 I X   0.005 0.003 0.000 0.011 0.003 0.007 0.768 0.204 
  13 K X   0.004 0.003 0.000 0.008 0.002 0.006 0.762 0.214 
  14 K X   0.004 0.002 0.000 0.006 0.002 0.005 0.757 0.224 
  15 S X   0.003 0.002 0.000 0.005 0.001 0.004 0.751 0.233 
  16 Q X   0.003 0.001 0.000 0.004 0.001 0.004 0.746 0.241 
  17 Q X   0.003 0.001 0.000 0.003 0.001 0.004 0.739 0.249 
  18 K X   0.003 0.001 0.000 0.002 0.001 0.004 0.732 0.258 
  19 R X   0.003 0.001 0.000 0.002 0.001 0.004 0.723 0.267 
  20 R X   0.003 0.001 0.000 0.002 0.001 0.004 0.713 0.276 
  21 T X   0.003 0.001 0.000 0.002 0.001 0.006 0.701 0.286 
  22 S X   0.004 0.001 0.000 0.002 0.002 0.008 0.687 0.295 
  23 P X   0.006 0.003 0.000 0.004 0.003 0.012 0.670 0.303 
  24 S X   0.009 0.007 0.001 0.006 0.006 0.017 0.648 0.306 
  25 N X   0.013 0.019 0.001 0.010 0.011 0.023 0.620 0.303 
  26 F X   0.017 0.043 0.002 0.017 0.018 0.030 0.586 0.287 
  27 K X   0.020 0.084 0.002 0.025 0.026 0.036 0.548 0.259 
  28 V X   0.022 0.133 0.003 0.034 0.031 0.038 0.511 0.229 
  29 R X   0.023 0.176 0.003 0.040 0.033 0.039 0.482 0.204 
  30 F X   0.023 0.207 0.002 0.045 0.033 0.038 0.460 0.190 
  31 F X   0.023 0.226 0.002 0.048 0.033 0.037 0.444 0.187 
  32 V X   0.024 0.237 0.002 0.049 0.032 0.036 0.432 0.190 
  33 L X   0.024 0.241 0.002 0.047 0.030 0.034 0.424 0.200 
  34 T X   0.024 0.240 0.002 0.045 0.027 0.031 0.417 0.215 
  35 K X   0.023 0.234 0.002 0.041 0.024 0.028 0.413 0.236 
  36 A X   0.022 0.222 0.001 0.037 0.020 0.025 0.410 0.262 
  37 S X   0.021 0.203 0.001 0.032 0.017 0.022 0.409 0.294 
  38 L X   0.019 0.179 0.001 0.028 0.013 0.020 0.408 0.331 
  39 A X   0.017 0.149 0.001 0.024 0.011 0.017 0.409 0.372 
  40 Y _   0.015 0.116 0.001 0.019 0.008 0.014 0.410 0.416 
  41 F _   0.013 0.085 0.001 0.015 0.006 0.012 0.411 0.457 
  42 E _   0.011 0.059 0.001 0.011 0.004 0.010 0.411 0.493 
  43 D _   0.009 0.039 0.000 0.008 0.003 0.008 0.410 0.522 
  44 R _   0.007 0.026 0.000 0.005 0.002 0.007 0.408 0.544 
  45 H _   0.006 0.019 0.000 0.004 0.002 0.006 0.405 0.558 
  46 G _   0.005 0.015 0.000 0.003 0.001 0.005 0.402 0.568 
  47 K _   0.004 0.014 0.000 0.003 0.001 0.006 0.397 0.575 
  48 K _   0.004 0.014 0.000 0.004 0.002 0.006 0.391 0.579 
  49 R _   0.005 0.015 0.000 0.005 0.002 0.007 0.384 0.582 
  50 T _   0.005 0.018 0.000 0.007 0.003 0.009 0.377 0.582 
  51 L _   0.005 0.022 0.000 0.010 0.004 0.010 0.368 0.581 
  52 K _   0.006 0.028 0.001 0.013 0.005 0.012 0.358 0.578 
  53 G _   0.006 0.034 0.001 0.016 0.006 0.014 0.348 0.575 
  54 S _   0.007 0.041 0.001 0.019 0.007 0.016 0.338 0.572 
  55 I _   0.008 0.047 0.001 0.021 0.008 0.018 0.328 0.569 
  56 E _   0.009 0.053 0.001 0.023 0.010 0.020 0.319 0.566 
  57 L _   0.010 0.057 0.001 0.025 0.011 0.022 0.311 0.563 
  58 S _   0.012 0.061 0.001 0.026 0.012 0.023 0.304 0.561 
  59 R _   0.014 0.063 0.001 0.027 0.014 0.024 0.298 0.560 
  60 I _   0.015 0.064 0.001 0.028 0.015 0.025 0.293 0.559 
  61 K _   0.017 0.065 0.001 0.028 0.015 0.025 0.289 0.560 
  62 C _   0.018 0.064 0.001 0.027 0.015 0.025 0.286 0.564 
  63 V _   0.019 0.062 0.001 0.026 0.014 0.024 0.283 0.570 
  64 E _   0.019 0.058 0.001 0.024 0.013 0.023 0.282 0.579 
  65 I _   0.019 0.054 0.001 0.021 0.012 0.022 0.281 0.591 
  66 V _   0.018 0.047 0.001 0.018 0.010 0.020 0.280 0.605 
  67 K _   0.017 0.041 0.001 0.015 0.009 0.018 0.280 0.619 
  68 S _   0.016 0.035 0.001 0.013 0.007 0.017 0.279 0.633 
  69 D _   0.015 0.029 0.001 0.010 0.006 0.015 0.279 0.645 
  70 I _   0.013 0.025 0.001 0.009 0.005 0.014 0.278 0.655 
  71 S _   0.012 0.022 0.001 0.008 0.005 0.013 0.277 0.662 
  72 I _   0.011 0.021 0.000 0.008 0.004 0.012 0.276 0.667 
  73 P _   0.011 0.020 0.000 0.008 0.004 0.012 0.275 0.671 
  74 C _   0.010 0.019 0.000 0.008 0.004 0.011 0.274 0.673 
  75 H _   0.009 0.019 0.001 0.009 0.004 0.011 0.272 0.675 
  76 Y _   0.009 0.019 0.001 0.009 0.004 0.011 0.271 0.677 
  77 K _   0.008 0.020 0.001 0.009 0.004 0.011 0.269 0.679 
  78 Y _   0.008 0.020 0.001 0.009 0.004 0.010 0.267 0.681 
  79 P _   0.007 0.021 0.000 0.009 0.004 0.010 0.266 0.683 
  80 F _   0.007 0.022 0.000 0.008 0.004 0.010 0.264 0.684 
  81 Q _   0.007 0.023 0.000 0.008 0.004 0.011 0.262 0.684 
  82 V _   0.007 0.025 0.000 0.009 0.004 0.011 0.260 0.683 
  83 V _   0.008 0.029 0.001 0.010 0.005 0.012 0.258 0.678 
  84 H _   0.009 0.033 0.001 0.012 0.006 0.013 0.255 0.671 
  85 D _   0.009 0.039 0.001 0.015 0.007 0.015 0.253 0.660 
  86 N _   0.010 0.047 0.001 0.020 0.009 0.016 0.251 0.647 
  87 Y _   0.011 0.053 0.001 0.024 0.010 0.017 0.250 0.634 
  88 L _   0.012 0.058 0.001 0.028 0.011 0.017 0.249 0.624 
  89 L _   0.012 0.061 0.001 0.030 0.011 0.017 0.249 0.620 
  90 Y _   0.012 0.061 0.001 0.029 0.010 0.016 0.250 0.621 
  91 V _   0.011 0.059 0.001 0.026 0.009 0.015 0.251 0.628 
  92 F _   0.010 0.056 0.001 0.021 0.007 0.014 0.253 0.639 
  93 A _   0.010 0.050 0.001 0.015 0.006 0.013 0.255 0.652 
  94 P _   0.009 0.044 0.001 0.010 0.004 0.012 0.256 0.664 
  95 D _   0.008 0.040 0.000 0.007 0.003 0.011 0.257 0.672 
  96 R _   0.008 0.038 0.000 0.005 0.003 0.011 0.258 0.675 
  97 E _   0.009 0.039 0.000 0.005 0.003 0.012 0.259 0.673 
  98 S _   0.009 0.041 0.000 0.007 0.004 0.014 0.259 0.665 
  99 R _   0.011 0.049 0.001 0.011 0.006 0.015 0.258 0.649 
 100 Q _   0.011 0.062 0.001 0.018 0.008 0.017 0.258 0.625 
 101 R _   0.012 0.079 0.001 0.027 0.010 0.018 0.257 0.596 
 102 W _   0.012 0.094 0.001 0.036 0.012 0.019 0.256 0.570 
 103 V _   0.012 0.105 0.001 0.043 0.013 0.019 0.257 0.550 
 104 L _   0.012 0.111 0.001 0.047 0.013 0.018 0.259 0.540 
 105 A _   0.011 0.112 0.001 0.046 0.012 0.017 0.262 0.540 
 106 L _   0.010 0.108 0.001 0.042 0.010 0.015 0.266 0.547 
 107 K _   0.009 0.100 0.001 0.035 0.009 0.013 0.272 0.561 
 108 E _   0.009 0.088 0.001 0.026 0.007 0.011 0.278 0.581 
 109 E _   0.008 0.072 0.001 0.018 0.005 0.010 0.285 0.601 
 110 T _   0.007 0.058 0.001 0.012 0.004 0.008 0.292 0.618 
 111 R _   0.006 0.047 0.000 0.008 0.003 0.007 0.298 0.631 
 112 N _   0.006 0.041 0.000 0.006 0.002 0.006 0.302 0.637 
 113 N _   0.005 0.038 0.000 0.005 0.002 0.006 0.306 0.639 
 114 N _   0.005 0.037 0.000 0.004 0.002 0.006 0.308 0.639 
 115 S _   0.005 0.037 0.000 0.005 0.002 0.006 0.310 0.636 
 116 L _   0.005 0.040 0.000 0.005 0.002 0.006 0.311 0.631 
 117 V _   0.005 0.044 0.000 0.006 0.002 0.007 0.311 0.623 
 118 P _   0.005 0.051 0.000 0.008 0.003 0.008 0.311 0.614 
 119 K _   0.005 0.061 0.000 0.010 0.003 0.009 0.311 0.601 
 120 Y _   0.005 0.073 0.001 0.012 0.004 0.009 0.310 0.587 
 121 H _   0.005 0.086 0.001 0.014 0.005 0.010 0.309 0.571 
 122 P _   0.005 0.100 0.001 0.015 0.005 0.011 0.309 0.554 
 123 N _   0.005 0.114 0.001 0.016 0.006 0.012 0.308 0.538 
 124 F _   0.006 0.127 0.001 0.017 0.006 0.012 0.309 0.523 
 125 W _   0.006 0.139 0.001 0.017 0.006 0.013 0.309 0.510 
 126 M _   0.006 0.150 0.001 0.017 0.006 0.013 0.310 0.497 
 127 D _   0.006 0.161 0.001 0.016 0.006 0.014 0.311 0.485 
 128 G _   0.006 0.171 0.001 0.016 0.006 0.014 0.313 0.473 
 129 K _   0.007 0.181 0.001 0.016 0.006 0.015 0.314 0.461 
 130 W _   0.007 0.192 0.001 0.016 0.007 0.016 0.315 0.446 
 131 R _   0.007 0.204 0.001 0.017 0.008 0.017 0.317 0.430 
 132 C _   0.008 0.217 0.001 0.019 0.009 0.018 0.319 0.410 
 133 C _   0.008 0.233 0.001 0.022 0.010 0.019 0.320 0.388 
 134 S _   0.009 0.248 0.001 0.025 0.011 0.019 0.322 0.364 
 135 Q _   0.009 0.263 0.001 0.030 0.012 0.020 0.325 0.340 
 136 L X   0.009 0.275 0.001 0.035 0.013 0.020 0.329 0.318 
 137 E X   0.009 0.283 0.001 0.039 0.013 0.019 0.334 0.301 
 138 K X   0.010 0.286 0.001 0.043 0.013 0.019 0.341 0.288 
 139 L X   0.010 0.285 0.001 0.045 0.013 0.018 0.349 0.280 
 140 A X   0.009 0.279 0.001 0.045 0.013 0.017 0.360 0.276 
 141 T X   0.009 0.266 0.001 0.044 0.012 0.016 0.374 0.278 
 142 G X   0.009 0.245 0.001 0.041 0.011 0.014 0.393 0.285 
 143 C X   0.010 0.213 0.001 0.036 0.010 0.014 0.416 0.299 
 144 A X   0.010 0.171 0.001 0.031 0.009 0.013 0.446 0.319 
 145 Q X   0.010 0.124 0.001 0.024 0.008 0.011 0.478 0.343 
 146 Y X   0.009 0.082 0.001 0.018 0.006 0.010 0.510 0.364 
 147 D X   0.008 0.050 0.001 0.013 0.004 0.008 0.537 0.379 
 148 P X   0.007 0.029 0.000 0.009 0.003 0.007 0.558 0.387 
 149 T X   0.006 0.017 0.000 0.006 0.002 0.006 0.573 0.390 
 150 K X   0.005 0.011 0.000 0.005 0.001 0.005 0.585 0.388 
 151 N X   0.004 0.008 0.000 0.004 0.001 0.004 0.593 0.386 
 152 A X   0.004 0.006 0.000 0.003 0.001 0.004 0.599 0.383 
 153 S X   0.004 0.004 0.000 0.003 0.001 0.004 0.603 0.380 
 154 K X   0.003 0.004 0.000 0.004 0.001 0.004 0.606 0.378 
 155 K X   0.003 0.003 0.000 0.004 0.001 0.004 0.608 0.376 
 156 P X   0.003 0.003 0.000 0.004 0.001 0.004 0.609 0.376 
 157 L X   0.003 0.003 0.000 0.004 0.001 0.004 0.609 0.376 
 158 P X   0.003 0.003 0.000 0.004 0.001 0.004 0.608 0.378 
 159 P X   0.003 0.003 0.000 0.004 0.001 0.003 0.606 0.380 
 160 T X   0.002 0.003 0.000 0.004 0.001 0.003 0.603 0.384 
 161 P X   0.002 0.003 0.000 0.003 0.001 0.003 0.598 0.389 
 162 E X   0.002 0.003 0.000 0.003 0.001 0.003 0.593 0.394 
 163 D X   0.002 0.004 0.000 0.003 0.001 0.004 0.586 0.400 
 164 N X   0.002 0.005 0.000 0.003 0.001 0.005 0.576 0.406 
 165 R X   0.003 0.008 0.000 0.004 0.002 0.006 0.564 0.412 
 166 R X   0.004 0.014 0.000 0.007 0.002 0.009 0.548 0.415 
 167 P X   0.005 0.027 0.001 0.011 0.004 0.013 0.527 0.413 
 168 L X   0.006 0.053 0.001 0.017 0.008 0.017 0.498 0.399 
 169 W X   0.008 0.100 0.002 0.027 0.013 0.022 0.459 0.370 
 170 E X   0.009 0.168 0.002 0.038 0.018 0.025 0.415 0.325 
 171 P X   0.009 0.249 0.003 0.048 0.021 0.026 0.372 0.272 
 172 E X   0.008 0.325 0.002 0.057 0.022 0.026 0.337 0.223 
 173 E E   0.007 0.380 0.002 0.064 0.021 0.025 0.312 0.188 
 174 T E   0.007 0.414 0.002 0.070 0.020 0.023 0.296 0.170 
 175 V E   0.007 0.431 0.001 0.072 0.019 0.021 0.286 0.163 
 176 V E   0.007 0.437 0.001 0.073 0.017 0.020 0.279 0.165 
 177 I E   0.007 0.435 0.001 0.070 0.016 0.019 0.276 0.176 
 178 A E   0.008 0.423 0.001 0.065 0.015 0.017 0.274 0.198 
 179 L E   0.008 0.395 0.001 0.056 0.013 0.015 0.274 0.237 
 180 Y E   0.009 0.344 0.002 0.045 0.012 0.014 0.275 0.298 
 181 D _   0.009 0.270 0.002 0.034 0.010 0.013 0.279 0.383 
 182 Y _   0.010 0.190 0.001 0.023 0.008 0.012 0.283 0.473 
 183 Q _   0.009 0.128 0.001 0.014 0.005 0.010 0.287 0.547 
 184 T _   0.007 0.091 0.000 0.009 0.003 0.009 0.288 0.592 
 185 N _   0.006 0.074 0.000 0.006 0.002 0.007 0.288 0.617 
 186 D _   0.005 0.066 0.000 0.005 0.002 0.007 0.287 0.629 
 187 P _   0.004 0.064 0.000 0.005 0.002 0.007 0.285 0.634 
 188 Q _   0.004 0.064 0.000 0.006 0.002 0.007 0.281 0.635 
 189 E _   0.005 0.067 0.000 0.008 0.002 0.008 0.277 0.633 
 190 L _   0.005 0.072 0.000 0.011 0.003 0.009 0.271 0.628 
 191 A _   0.005 0.078 0.001 0.015 0.004 0.010 0.266 0.622 
 192 L _   0.005 0.085 0.001 0.018 0.005 0.011 0.260 0.617 
 193 R _   0.005 0.090 0.001 0.020 0.005 0.011 0.255 0.613 
 194 R _   0.005 0.093 0.001 0.021 0.005 0.011 0.251 0.613 
 195 N _   0.005 0.094 0.001 0.020 0.005 0.011 0.247 0.616 
 196 E _   0.005 0.094 0.001 0.019 0.005 0.011 0.244 0.621 
 197 E _   0.006 0.093 0.001 0.016 0.005 0.011 0.242 0.627 
 198 Y _   0.006 0.091 0.001 0.014 0.004 0.011 0.240 0.633 
 199 C _   0.006 0.089 0.000 0.012 0.004 0.011 0.239 0.638 
 200 L _   0.006 0.088 0.000 0.011 0.004 0.011 0.237 0.642 
 201 L _   0.007 0.087 0.000 0.011 0.004 0.012 0.235 0.643 
 202 D _   0.007 0.088 0.001 0.013 0.005 0.012 0.233 0.641 
 203 S _   0.008 0.089 0.001 0.015 0.006 0.013 0.232 0.636 
 204 S _   0.009 0.092 0.001 0.019 0.007 0.014 0.230 0.630 
 205 E _   0.009 0.094 0.001 0.023 0.007 0.014 0.228 0.624 
 206 I _   0.010 0.095 0.001 0.026 0.008 0.014 0.227 0.619 
 207 H _   0.010 0.095 0.001 0.028 0.008 0.014 0.227 0.618 
 208 W _   0.009 0.091 0.001 0.029 0.008 0.013 0.227 0.622 
 209 W _   0.009 0.085 0.001 0.027 0.007 0.012 0.227 0.632 
 210 R _   0.008 0.076 0.001 0.023 0.006 0.011 0.228 0.647 
 211 V _   0.008 0.064 0.001 0.018 0.005 0.010 0.230 0.665 
 212 Q _   0.007 0.050 0.001 0.014 0.004 0.008 0.231 0.685 
 213 D _   0.006 0.038 0.000 0.010 0.003 0.007 0.233 0.702 
 214 R _   0.006 0.029 0.000 0.007 0.002 0.007 0.234 0.716 
 215 N _   0.005 0.023 0.000 0.005 0.002 0.006 0.234 0.724 
 216 G _   0.005 0.020 0.000 0.005 0.002 0.006 0.234 0.728 
 217 H _   0.005 0.019 0.000 0.005 0.002 0.006 0.233 0.729 
 218 E _   0.005 0.020 0.000 0.006 0.002 0.007 0.232 0.727 
 219 G _   0.006 0.021 0.000 0.009 0.003 0.008 0.231 0.722 
 220 Y _   0.006 0.024 0.000 0.013 0.004 0.009 0.229 0.715 
 221 V _   0.006 0.027 0.001 0.017 0.005 0.010 0.226 0.707 
 222 P _   0.006 0.030 0.001 0.022 0.006 0.011 0.225 0.700 
 223 S _   0.006 0.032 0.001 0.025 0.006 0.011 0.223 0.696 
 224 S _   0.006 0.033 0.001 0.026 0.006 0.010 0.222 0.696 
 225 Y _   0.006 0.032 0.001 0.024 0.006 0.010 0.222 0.699 
 226 L _   0.006 0.030 0.001 0.021 0.005 0.009 0.222 0.707 
 227 V _   0.005 0.026 0.000 0.017 0.004 0.008 0.223 0.717 
 228 E _   0.005 0.022 0.000 0.012 0.003 0.007 0.223 0.727 
 229 K _   0.004 0.018 0.000 0.009 0.002 0.006 0.223 0.736 
 230 S _   0.004 0.015 0.000 0.007 0.002 0.006 0.223 0.743 
 231 P _   0.004 0.014 0.000 0.006 0.002 0.006 0.222 0.746 
 232 N _   0.004 0.013 0.000 0.006 0.002 0.006 0.221 0.747 
 233 N _   0.004 0.014 0.000 0.007 0.002 0.007 0.220 0.745 
 234 L _   0.005 0.015 0.000 0.010 0.003 0.008 0.219 0.741 
 235 E _   0.006 0.016 0.000 0.013 0.004 0.009 0.217 0.735 
 236 T _   0.006 0.018 0.000 0.017 0.004 0.009 0.215 0.730 
 237 Y _   0.006 0.019 0.001 0.020 0.005 0.010 0.214 0.726 
 238 E _   0.006 0.020 0.001 0.021 0.005 0.010 0.213 0.725 
 239 W _   0.006 0.019 0.001 0.020 0.005 0.009 0.212 0.728 
 240 Y _   0.006 0.018 0.000 0.018 0.004 0.009 0.212 0.734 
 241 N _   0.005 0.016 0.000 0.015 0.003 0.008 0.211 0.741 
 242 K _   0.005 0.014 0.000 0.012 0.003 0.007 0.211 0.748 
 243 S _   0.005 0.011 0.000 0.009 0.002 0.006 0.211 0.755 
 244 I _   0.005 0.009 0.000 0.007 0.002 0.006 0.210 0.760 
 245 S _   0.004 0.008 0.000 0.006 0.002 0.006 0.209 0.764 
 246 R _   0.004 0.007 0.000 0.006 0.002 0.006 0.208 0.767 
 247 D _   0.004 0.007 0.000 0.006 0.002 0.006 0.206 0.768 
 248 K _   0.004 0.008 0.000 0.006 0.002 0.006 0.204 0.769 
 249 A _   0.004 0.008 0.000 0.007 0.002 0.007 0.201 0.770 
 250 E _   0.005 0.010 0.000 0.008 0.002 0.007 0.198 0.770 
 251 K _   0.005 0.011 0.000 0.009 0.003 0.008 0.194 0.770 
 252 L _   0.005 0.013 0.000 0.011 0.003 0.008 0.190 0.771 
 253 L _   0.005 0.015 0.000 0.012 0.003 0.009 0.185 0.771 
 254 L _   0.005 0.016 0.000 0.013 0.004 0.010 0.181 0.770 
 255 D _   0.005 0.018 0.001 0.015 0.004 0.010 0.177 0.769 
 256 T _   0.006 0.020 0.001 0.017 0.005 0.011 0.173 0.767 
 257 G _   0.006 0.022 0.001 0.019 0.006 0.012 0.169 0.764 
 258 K _   0.007 0.024 0.001 0.021 0.006 0.013 0.166 0.761 
 259 E _   0.008 0.025 0.001 0.023 0.007 0.014 0.164 0.760 
 260 G _   0.008 0.025 0.001 0.023 0.007 0.015 0.161 0.760 
 261 A _   0.009 0.024 0.001 0.022 0.007 0.015 0.160 0.762 
 262 F _   0.009 0.023 0.001 0.020 0.007 0.015 0.158 0.768 
 263 M _   0.009 0.020 0.001 0.017 0.006 0.015 0.157 0.776 
 264 V _   0.009 0.017 0.001 0.013 0.005 0.015 0.155 0.785 
 265 R _   0.010 0.014 0.001 0.010 0.005 0.015 0.154 0.792 
 266 D _   0.011 0.011 0.000 0.007 0.004 0.016 0.152 0.797 
 267 S _   0.013 0.010 0.000 0.005 0.004 0.018 0.151 0.799 
 268 R _   0.016 0.010 0.000 0.005 0.005 0.021 0.149 0.795 
 269 T _   0.020 0.011 0.001 0.005 0.006 0.025 0.147 0.785 
 270 A _   0.026 0.015 0.001 0.007 0.010 0.031 0.144 0.766 
 271 G _   0.034 0.025 0.001 0.011 0.015 0.037 0.141 0.735 
 272 T _   0.041 0.044 0.002 0.018 0.023 0.044 0.137 0.690 
 273 Y _   0.046 0.074 0.002 0.028 0.032 0.049 0.133 0.635 
 274 T _   0.050 0.107 0.002 0.040 0.037 0.051 0.130 0.583 
 275 V _   0.050 0.134 0.003 0.051 0.041 0.051 0.127 0.543 
 276 S _   0.050 0.151 0.002 0.061 0.042 0.050 0.126 0.518 
 277 V _   0.048 0.160 0.002 0.066 0.041 0.048 0.125 0.510 
 278 F _   0.046 0.162 0.002 0.066 0.038 0.044 0.126 0.516 
 279 T _   0.042 0.157 0.002 0.061 0.033 0.040 0.128 0.537 
 280 K _   0.038 0.146 0.002 0.052 0.028 0.035 0.131 0.569 
 281 A _   0.033 0.126 0.002 0.042 0.022 0.030 0.134 0.611 
 282 V _   0.028 0.099 0.002 0.031 0.016 0.025 0.138 0.662 
 283 V _   0.023 0.069 0.001 0.021 0.011 0.021 0.142 0.711 
 284 S _   0.019 0.046 0.001 0.014 0.007 0.017 0.145 0.751 
 285 E _   0.016 0.031 0.001 0.009 0.005 0.014 0.148 0.776 
 286 N _   0.013 0.023 0.000 0.007 0.004 0.012 0.149 0.791 
 287 N _   0.011 0.019 0.000 0.006 0.003 0.011 0.151 0.798 
 288 P _   0.010 0.017 0.000 0.007 0.003 0.011 0.151 0.800 
 289 C _   0.010 0.017 0.000 0.009 0.003 0.011 0.152 0.799 
 290 I _   0.010 0.016 0.000 0.011 0.004 0.011 0.152 0.796 
 291 K _   0.010 0.017 0.001 0.014 0.004 0.011 0.152 0.792 
 292 H _   0.009 0.017 0.001 0.016 0.005 0.010 0.153 0.790 
 293 Y _   0.009 0.016 0.001 0.016 0.004 0.010 0.153 0.791 
 294 H _   0.008 0.015 0.000 0.015 0.004 0.009 0.153 0.795 
 295 I _   0.007 0.013 0.000 0.013 0.003 0.008 0.154 0.801 
 296 K _   0.007 0.011 0.000 0.010 0.003 0.007 0.154 0.809 
 297 E _   0.006 0.009 0.000 0.007 0.002 0.006 0.153 0.817 
 298 T _   0.005 0.007 0.000 0.005 0.002 0.005 0.152 0.823 
 299 N _   0.004 0.006 0.000 0.004 0.001 0.005 0.151 0.828 
 300 D _   0.004 0.007 0.000 0.003 0.001 0.005 0.149 0.830 
 301 N _   0.004 0.008 0.000 0.003 0.002 0.007 0.146 0.830 
 302 P _   0.005 0.011 0.000 0.005 0.002 0.008 0.143 0.826 
 303 K _   0.007 0.018 0.000 0.007 0.003 0.011 0.138 0.815 
 304 R _   0.008 0.033 0.001 0.012 0.005 0.014 0.132 0.796 
 305 Y _   0.009 0.057 0.001 0.018 0.007 0.017 0.124 0.766 
 306 Y _   0.010 0.089 0.001 0.024 0.010 0.020 0.116 0.730 
 307 V _   0.010 0.124 0.001 0.030 0.012 0.022 0.108 0.694 
 308 A _   0.010 0.155 0.001 0.034 0.013 0.024 0.100 0.663 
 309 E _   0.010 0.181 0.001 0.037 0.014 0.025 0.093 0.639 
 310 K _   0.010 0.199 0.001 0.038 0.015 0.026 0.088 0.623 
 311 Y _   0.011 0.213 0.001 0.039 0.016 0.026 0.083 0.611 
 312 V _   0.011 0.223 0.001 0.039 0.016 0.027 0.079 0.603 
 313 F _   0.012 0.229 0.001 0.040 0.017 0.027 0.076 0.597 
 314 D _   0.012 0.233 0.001 0.042 0.017 0.027 0.073 0.595 
 315 S _   0.013 0.234 0.001 0.043 0.017 0.026 0.071 0.595 
 316 I _   0.014 0.231 0.001 0.043 0.017 0.025 0.069 0.599 
 317 P _   0.014 0.225 0.001 0.042 0.016 0.024 0.068 0.609 
 318 L _   0.015 0.214 0.001 0.040 0.015 0.022 0.068 0.626 
 319 L _   0.014 0.195 0.001 0.036 0.013 0.021 0.068 0.652 
 320 I _   0.014 0.170 0.001 0.030 0.012 0.019 0.068 0.686 
 321 N _   0.013 0.139 0.001 0.024 0.010 0.017 0.068 0.728 
 322 Y _   0.013 0.105 0.001 0.018 0.008 0.016 0.068 0.772 
 323 H _   0.012 0.076 0.001 0.012 0.006 0.015 0.068 0.810 
 324 Q _   0.011 0.057 0.001 0.008 0.005 0.014 0.068 0.836 
 325 H _   0.011 0.047 0.000 0.006 0.004 0.014 0.067 0.851 
 326 N _   0.011 0.042 0.000 0.005 0.004 0.015 0.066 0.856 
 327 G _   0.012 0.041 0.000 0.006 0.004 0.016 0.065 0.856 
 328 G _   0.014 0.043 0.001 0.007 0.005 0.018 0.063 0.848 
 329 G _   0.016 0.047 0.001 0.011 0.007 0.021 0.062 0.835 
 330 L _   0.018 0.054 0.001 0.016 0.010 0.024 0.060 0.816 
 331 V _   0.020 0.063 0.001 0.022 0.013 0.026 0.058 0.797 
 332 T _   0.021 0.070 0.001 0.027 0.015 0.028 0.056 0.781 
 333 R _   0.022 0.075 0.001 0.031 0.016 0.028 0.054 0.772 
 334 L _   0.022 0.078 0.001 0.033 0.017 0.028 0.053 0.768 
 335 R _   0.021 0.078 0.001 0.033 0.016 0.027 0.052 0.771 
 336 Y _   0.021 0.076 0.001 0.030 0.015 0.025 0.052 0.780 
 337 P _   0.019 0.071 0.001 0.027 0.013 0.024 0.051 0.793 
 338 V _   0.018 0.065 0.001 0.023 0.011 0.022 0.051 0.809 
 339 C _   0.017 0.058 0.001 0.018 0.010 0.020 0.051 0.826 
 340 F _   0.016 0.050 0.001 0.015 0.008 0.018 0.051 0.841 
 341 G _   0.015 0.044 0.001 0.012 0.007 0.017 0.051 0.854 
 342 R _   0.014 0.039 0.001 0.010 0.006 0.016 0.051 0.864 
 343 Q _   0.013 0.035 0.001 0.009 0.005 0.015 0.050 0.872 
 344 K _   0.013 0.033 0.001 0.009 0.005 0.015 0.050 0.876 
 345 A _   0.013 0.032 0.001 0.009 0.005 0.015 0.049 0.877 
 346 P _   0.013 0.032 0.001 0.010 0.006 0.015 0.048 0.875 
 347 V _   0.013 0.033 0.001 0.012 0.007 0.016 0.048 0.871 
 348 T _   0.014 0.034 0.001 0.015 0.007 0.016 0.047 0.866 
 349 A _   0.014 0.035 0.001 0.018 0.008 0.017 0.046 0.861 
 350 G _   0.015 0.035 0.001 0.020 0.009 0.017 0.046 0.858 
 351 L _   0.014 0.035 0.001 0.021 0.009 0.017 0.045 0.857 
 352 R _   0.014 0.033 0.001 0.021 0.009 0.017 0.045 0.861 
 353 Y _   0.013 0.030 0.001 0.019 0.008 0.016 0.045 0.868 
 354 G _   0.012 0.026 0.001 0.016 0.007 0.015 0.045 0.878 
 355 K _   0.012 0.021 0.001 0.013 0.006 0.014 0.045 0.888 
 356 W _   0.012 0.016 0.001 0.010 0.005 0.013 0.045 0.898 
 357 V _   0.011 0.013 0.000 0.007 0.004 0.013 0.045 0.906 
 358 I _   0.012 0.010 0.000 0.006 0.004 0.013 0.045 0.910 
 359 D _   0.012 0.009 0.000 0.005 0.004 0.014 0.044 0.910 
 360 P _   0.014 0.009 0.000 0.006 0.005 0.016 0.044 0.907 
 361 S _   0.016 0.010 0.001 0.007 0.006 0.018 0.043 0.900 
 362 E _   0.018 0.011 0.001 0.009 0.007 0.021 0.043 0.890 
 363 L _   0.021 0.014 0.001 0.011 0.009 0.024 0.042 0.879 
 364 T _   0.023 0.017 0.001 0.014 0.010 0.027 0.041 0.867 
 365 F _   0.025 0.020 0.001 0.016 0.012 0.029 0.040 0.857 
 366 V _   0.027 0.022 0.001 0.017 0.013 0.031 0.040 0.850 
 367 Q _   0.030 0.024 0.001 0.016 0.013 0.033 0.039 0.844 
 368 E _   0.032 0.025 0.001 0.015 0.014 0.035 0.038 0.839 
 369 I _   0.035 0.027 0.001 0.013 0.015 0.037 0.038 0.833 
 370 G _   0.039 0.029 0.001 0.013 0.016 0.040 0.037 0.826 
 371 S _   0.044 0.031 0.001 0.013 0.018 0.042 0.036 0.814 
 372 G _   0.049 0.035 0.001 0.015 0.021 0.044 0.036 0.799 
 373 Q _   0.053 0.041 0.002 0.018 0.024 0.046 0.036 0.780 
 374 F _   0.056 0.049 0.002 0.024 0.027 0.047 0.035 0.761 
 375 G _   0.057 0.056 0.002 0.031 0.029 0.046 0.035 0.743 
 376 L _   0.055 0.061 0.002 0.038 0.030 0.044 0.036 0.734 
 377 V _   0.053 0.064 0.002 0.042 0.028 0.041 0.036 0.734 
 378 H _   0.049 0.063 0.002 0.042 0.025 0.037 0.037 0.744 
 379 L _   0.044 0.059 0.002 0.039 0.021 0.033 0.039 0.764 
 380 G _   0.038 0.051 0.001 0.032 0.017 0.028 0.040 0.793 
 381 Y _   0.031 0.039 0.001 0.024 0.012 0.022 0.041 0.829 
 382 W _   0.025 0.026 0.001 0.016 0.008 0.018 0.042 0.864 
 383 L _   0.020 0.015 0.001 0.010 0.005 0.014 0.043 0.892 
 384 N _   0.015 0.008 0.000 0.006 0.003 0.012 0.044 0.912 
 385 K _   0.012 0.005 0.000 0.004 0.002 0.010 0.044 0.923 
 386 D _   0.010 0.003 0.000 0.003 0.002 0.009 0.044 0.928 
 387 K _   0.010 0.003 0.000 0.003 0.002 0.009 0.043 0.929 
 388 V _   0.010 0.004 0.000 0.004 0.003 0.010 0.042 0.926 
 389 A _   0.011 0.006 0.000 0.007 0.004 0.012 0.042 0.919 
 390 I _   0.011 0.009 0.001 0.011 0.005 0.013 0.040 0.909 
 391 K _   0.012 0.013 0.001 0.016 0.007 0.015 0.039 0.897 
 392 T _   0.012 0.017 0.001 0.020 0.008 0.016 0.038 0.888 
 393 I _   0.012 0.020 0.001 0.022 0.008 0.016 0.037 0.883 
 394 R _   0.011 0.022 0.001 0.023 0.008 0.017 0.036 0.883 
 395 E _   0.011 0.022 0.001 0.021 0.008 0.016 0.035 0.887 
 396 G _   0.010 0.021 0.001 0.017 0.007 0.016 0.034 0.894 
 397 A _   0.010 0.020 0.001 0.014 0.006 0.016 0.033 0.900 
 398 M _   0.010 0.019 0.001 0.011 0.005 0.016 0.033 0.906 
 399 S _   0.011 0.018 0.001 0.009 0.005 0.016 0.032 0.908 
 400 E _   0.012 0.019 0.001 0.009 0.005 0.018 0.031 0.906 
 401 E _   0.014 0.020 0.001 0.010 0.007 0.019 0.030 0.899 
 402 D _   0.016 0.023 0.001 0.013 0.008 0.022 0.029 0.887 
 403 F _   0.019 0.028 0.001 0.018 0.011 0.024 0.028 0.871 
 404 I _   0.021 0.033 0.001 0.025 0.013 0.026 0.027 0.853 
 405 E _   0.023 0.037 0.001 0.031 0.016 0.028 0.026 0.838 
 406 E _   0.024 0.040 0.001 0.036 0.017 0.028 0.026 0.828 
 407 A _   0.025 0.040 0.001 0.038 0.017 0.028 0.025 0.826 
 408 E _   0.026 0.038 0.001 0.036 0.016 0.027 0.025 0.832 
 409 V _   0.026 0.033 0.001 0.030 0.014 0.025 0.025 0.846 
 410 M _   0.026 0.026 0.001 0.023 0.011 0.023 0.024 0.865 
 411 M _   0.027 0.017 0.001 0.015 0.008 0.021 0.024 0.886 
 412 K _   0.027 0.009 0.001 0.010 0.006 0.020 0.024 0.903 
 413 L _   0.028 0.004 0.001 0.006 0.005 0.019 0.024 0.915 
 414 S _   0.030 0.001 0.000 0.003 0.004 0.018 0.023 0.919 
 415 H _   0.035 0.001 0.000 0.003 0.004 0.019 0.023 0.916 
 416 P _   0.044 0.000 0.000 0.002 0.004 0.021 0.022 0.906 
 417 K _   0.057 0.000 0.001 0.003 0.006 0.025 0.021 0.888 
 418 L _   0.074 0.000 0.001 0.004 0.008 0.029 0.020 0.864 
 419 V _   0.095 0.000 0.001 0.005 0.011 0.034 0.019 0.835 
 420 Q _   0.119 0.001 0.001 0.007 0.015 0.039 0.018 0.801 
 421 L _   0.142 0.001 0.001 0.009 0.018 0.043 0.017 0.769 
 422 Y _   0.165 0.001 0.002 0.010 0.022 0.047 0.016 0.738 
 423 G _   0.189 0.001 0.002 0.011 0.024 0.049 0.015 0.710 
 424 V _   0.212 0.001 0.002 0.010 0.025 0.050 0.014 0.687 
 425 C _   0.233 0.001 0.002 0.008 0.024 0.051 0.013 0.668 
 426 L _   0.254 0.001 0.001 0.006 0.023 0.051 0.012 0.652 
 427 E _   0.273 0.000 0.001 0.005 0.022 0.051 0.011 0.636 
 428 Q _   0.291 0.000 0.001 0.004 0.022 0.051 0.011 0.620 
 429 A _   0.309 0.000 0.001 0.003 0.023 0.052 0.010 0.602 
 430 P _   0.326 0.000 0.001 0.003 0.025 0.053 0.010 0.582 
 431 I _   0.342 0.000 0.001 0.004 0.028 0.054 0.009 0.561 
 432 C _   0.354 0.001 0.002 0.005 0.033 0.054 0.009 0.542 
 433 L _   0.361 0.002 0.002 0.008 0.037 0.055 0.009 0.526 
 434 V _   0.361 0.003 0.002 0.011 0.041 0.054 0.009 0.517 
 435 F _   0.352 0.005 0.002 0.016 0.043 0.053 0.009 0.519 
 436 E _   0.334 0.006 0.002 0.019 0.043 0.050 0.010 0.536 
 437 F _   0.308 0.006 0.002 0.020 0.039 0.046 0.010 0.567 
 438 M _   0.278 0.006 0.002 0.019 0.034 0.042 0.011 0.609 
 439 E _   0.244 0.005 0.002 0.016 0.027 0.036 0.011 0.659 
 440 H _   0.210 0.003 0.002 0.012 0.019 0.031 0.012 0.711 
 441 G _   0.179 0.002 0.001 0.008 0.013 0.026 0.012 0.759 
 442 C _   0.154 0.001 0.001 0.005 0.009 0.021 0.012 0.797 
 443 L _   0.136 0.000 0.001 0.004 0.006 0.018 0.012 0.823 
 444 S _   0.127 0.000 0.001 0.003 0.004 0.016 0.012 0.838 
 445 D _   0.125 0.000 0.000 0.002 0.004 0.014 0.011 0.844 
 446 Y _   0.131 0.000 0.000 0.002 0.004 0.013 0.011 0.839 
 447 L _   0.146 0.000 0.000 0.002 0.004 0.013 0.010 0.824 
 448 R _   0.173 0.000 0.001 0.002 0.005 0.014 0.009 0.798 
 449 T _   0.212 0.000 0.001 0.002 0.006 0.014 0.008 0.758 
 450 Q _   0.265 0.000 0.001 0.002 0.007 0.015 0.007 0.704 
 451 R _   0.332 0.000 0.001 0.002 0.008 0.016 0.006 0.635 
 452 G _   0.410 0.000 0.001 0.001 0.010 0.017 0.004 0.556 
 453 L H   0.494 0.000 0.001 0.001 0.012 0.017 0.003 0.471 
 454 F H   0.576 0.000 0.001 0.001 0.014 0.016 0.003 0.389 
 455 A H   0.651 0.000 0.001 0.001 0.016 0.016 0.002 0.313 
 456 A H   0.715 0.000 0.001 0.001 0.017 0.014 0.001 0.250 
 457 E H   0.763 0.000 0.001 0.001 0.017 0.013 0.001 0.203 
 458 T H   0.800 0.000 0.001 0.001 0.017 0.011 0.001 0.169 
 459 L H   0.823 0.000 0.001 0.001 0.016 0.010 0.001 0.147 
 460 L H   0.836 0.000 0.001 0.001 0.016 0.009 0.001 0.137 
 461 G H   0.840 0.000 0.001 0.001 0.015 0.008 0.001 0.134 
 462 M H   0.835 0.000 0.001 0.001 0.014 0.008 0.001 0.141 
 463 C H   0.821 0.000 0.001 0.001 0.013 0.008 0.001 0.156 
 464 L H   0.797 0.000 0.001 0.001 0.012 0.008 0.001 0.180 
 465 D H   0.766 0.000 0.001 0.001 0.011 0.008 0.002 0.211 
 466 V H   0.731 0.000 0.001 0.001 0.010 0.009 0.002 0.245 
 467 C H   0.691 0.000 0.001 0.001 0.010 0.010 0.003 0.285 
 468 E H   0.648 0.000 0.001 0.001 0.010 0.011 0.003 0.327 
 469 G H   0.605 0.000 0.001 0.001 0.010 0.012 0.004 0.367 
 470 M H   0.562 0.000 0.001 0.001 0.010 0.014 0.005 0.407 
 471 A H   0.518 0.000 0.001 0.002 0.011 0.016 0.007 0.445 
 472 Y _   0.474 0.000 0.001 0.002 0.012 0.018 0.008 0.484 
 473 L _   0.428 0.000 0.001 0.003 0.014 0.021 0.009 0.524 
 474 E _   0.384 0.000 0.001 0.004 0.015 0.023 0.011 0.562 
 475 E _   0.339 0.000 0.001 0.005 0.016 0.025 0.013 0.600 
 476 A _   0.295 0.001 0.001 0.007 0.017 0.026 0.015 0.638 
 477 C _   0.254 0.001 0.001 0.008 0.016 0.026 0.017 0.675 
 478 V _   0.214 0.001 0.001 0.010 0.016 0.026 0.020 0.712 
 479 I _   0.177 0.001 0.001 0.011 0.015 0.026 0.022 0.747 
 480 H _   0.144 0.002 0.001 0.011 0.013 0.025 0.024 0.780 
 481 R _   0.115 0.002 0.001 0.011 0.012 0.023 0.026 0.810 
 482 D _   0.091 0.002 0.001 0.011 0.010 0.022 0.028 0.835 
 483 L _   0.072 0.002 0.001 0.010 0.009 0.020 0.030 0.857 
 484 A _   0.056 0.002 0.001 0.009 0.007 0.019 0.031 0.875 
 485 A _   0.044 0.002 0.001 0.008 0.006 0.018 0.033 0.888 
 486 R _   0.036 0.002 0.001 0.007 0.006 0.017 0.034 0.897 
 487 N _   0.030 0.003 0.001 0.007 0.005 0.016 0.035 0.903 
 488 C _   0.026 0.004 0.001 0.007 0.005 0.016 0.036 0.906 
 489 L _   0.023 0.005 0.001 0.007 0.005 0.016 0.037 0.906 
 490 V _   0.021 0.007 0.001 0.008 0.005 0.017 0.038 0.904 
 491 G _   0.020 0.009 0.001 0.009 0.006 0.017 0.039 0.900 
 492 E _   0.019 0.012 0.001 0.010 0.006 0.018 0.040 0.894 
 493 N _   0.019 0.016 0.001 0.010 0.007 0.020 0.040 0.887 
 494 Q _   0.020 0.021 0.001 0.011 0.008 0.021 0.041 0.878 
 495 V _   0.021 0.027 0.001 0.012 0.009 0.023 0.041 0.866 
 496 I _   0.022 0.035 0.001 0.014 0.010 0.025 0.042 0.852 
 497 K _   0.023 0.045 0.001 0.017 0.012 0.027 0.042 0.833 
 498 V _   0.024 0.058 0.001 0.022 0.014 0.028 0.042 0.811 
 499 S _   0.025 0.072 0.001 0.027 0.016 0.029 0.043 0.785 
 500 D _   0.026 0.087 0.001 0.034 0.018 0.030 0.044 0.760 
 501 F _   0.026 0.098 0.002 0.041 0.020 0.030 0.045 0.739 
 502 G _   0.026 0.106 0.001 0.047 0.020 0.029 0.046 0.725 
 503 M _   0.025 0.108 0.001 0.050 0.019 0.028 0.048 0.721 
 504 T _   0.023 0.107 0.001 0.049 0.017 0.025 0.051 0.725 
 505 R _   0.021 0.102 0.001 0.045 0.015 0.022 0.054 0.740 
 506 F _   0.019 0.091 0.001 0.037 0.012 0.019 0.058 0.763 
 507 V _   0.016 0.075 0.001 0.028 0.009 0.016 0.062 0.793 
 508 L _   0.014 0.057 0.001 0.020 0.006 0.013 0.066 0.824 
 509 D _   0.012 0.040 0.001 0.013 0.004 0.011 0.069 0.851 
 510 D _   0.010 0.027 0.000 0.008 0.003 0.009 0.071 0.871 
 511 Q _   0.008 0.020 0.000 0.005 0.002 0.008 0.073 0.883 
 512 Y _   0.007 0.017 0.000 0.004 0.002 0.007 0.074 0.890 
 513 T _   0.006 0.016 0.000 0.003 0.002 0.007 0.075 0.891 
 514 S _   0.006 0.016 0.000 0.004 0.002 0.008 0.075 0.890 
 515 S _   0.006 0.019 0.000 0.005 0.002 0.009 0.074 0.884 
 516 T _   0.007 0.026 0.000 0.007 0.003 0.011 0.073 0.873 
 517 G _   0.008 0.038 0.001 0.011 0.004 0.013 0.072 0.854 
 518 T _   0.008 0.059 0.001 0.016 0.006 0.015 0.069 0.825 
 519 K _   0.009 0.089 0.001 0.022 0.008 0.018 0.066 0.787 
 520 F _   0.009 0.123 0.001 0.028 0.010 0.020 0.063 0.746 
 521 P _   0.010 0.157 0.001 0.034 0.012 0.021 0.060 0.706 
 522 V _   0.009 0.189 0.001 0.040 0.014 0.022 0.057 0.667 
 523 K _   0.009 0.214 0.001 0.046 0.015 0.023 0.055 0.637 
 524 W _   0.009 0.233 0.001 0.051 0.016 0.023 0.054 0.613 
 525 A _   0.010 0.245 0.001 0.055 0.017 0.023 0.053 0.596 
 526 S _   0.010 0.251 0.001 0.058 0.017 0.023 0.052 0.588 
 527 P _   0.010 0.251 0.001 0.059 0.017 0.022 0.052 0.587 
 528 E _   0.011 0.246 0.001 0.058 0.016 0.021 0.053 0.595 
 529 V _   0.011 0.232 0.001 0.053 0.015 0.020 0.055 0.613 
 530 F _   0.011 0.208 0.001 0.047 0.013 0.018 0.057 0.645 
 531 S _   0.012 0.172 0.001 0.038 0.011 0.017 0.059 0.689 
 532 F _   0.013 0.125 0.001 0.028 0.009 0.016 0.062 0.746 
 533 S _   0.014 0.074 0.001 0.018 0.007 0.015 0.065 0.806 
 534 R _   0.016 0.035 0.001 0.011 0.005 0.013 0.067 0.852 
 535 Y _   0.019 0.013 0.001 0.006 0.004 0.013 0.068 0.877 
 536 S _   0.025 0.004 0.000 0.003 0.003 0.013 0.069 0.884 
 537 S _   0.037 0.001 0.000 0.002 0.003 0.015 0.069 0.874 
 538 K _   0.060 0.000 0.000 0.002 0.003 0.018 0.069 0.847 
 539 S _   0.101 0.000 0.001 0.002 0.006 0.024 0.068 0.799 
 540 D _   0.162 0.000 0.001 0.003 0.011 0.032 0.067 0.725 
 541 V _   0.235 0.000 0.001 0.004 0.020 0.042 0.066 0.632 
 542 W _   0.308 0.001 0.002 0.005 0.032 0.052 0.065 0.535 
 543 S _   0.367 0.003 0.002 0.008 0.046 0.059 0.065 0.449 
 544 F H   0.412 0.007 0.003 0.011 0.058 0.063 0.066 0.380 
 545 G H   0.440 0.011 0.003 0.015 0.066 0.064 0.068 0.332 
 546 V H   0.454 0.014 0.003 0.018 0.070 0.063 0.071 0.305 
 547 L H   0.455 0.017 0.003 0.021 0.071 0.061 0.076 0.297 
 548 M H   0.442 0.017 0.003 0.022 0.068 0.057 0.082 0.308 
 549 W H   0.416 0.017 0.003 0.021 0.062 0.052 0.090 0.339 
 550 E _   0.376 0.015 0.003 0.020 0.053 0.047 0.099 0.386 
 551 V _   0.323 0.012 0.003 0.019 0.042 0.041 0.111 0.450 
 552 F _   0.262 0.009 0.002 0.016 0.030 0.034 0.124 0.522 
 553 S _   0.201 0.006 0.002 0.013 0.020 0.028 0.136 0.593 
 554 E _   0.146 0.004 0.001 0.011 0.013 0.022 0.148 0.654 
 555 G _   0.101 0.002 0.001 0.009 0.008 0.017 0.159 0.703 
 556 K _   0.067 0.002 0.001 0.007 0.005 0.013 0.167 0.738 
 557 I _   0.043 0.001 0.000 0.005 0.003 0.010 0.174 0.763 
 558 P _   0.027 0.001 0.000 0.004 0.002 0.008 0.179 0.778 
 559 Y _   0.017 0.001 0.000 0.003 0.002 0.007 0.182 0.788 
 560 E _   0.011 0.001 0.000 0.003 0.002 0.006 0.185 0.793 
 561 N _   0.008 0.001 0.000 0.003 0.001 0.005 0.187 0.795 
 562 R _   0.006 0.001 0.000 0.003 0.001 0.006 0.188 0.794 
 563 S _   0.006 0.003 0.000 0.004 0.002 0.006 0.188 0.791 
 564 N _   0.006 0.005 0.000 0.005 0.002 0.008 0.188 0.786 
 565 S _   0.006 0.010 0.000 0.007 0.003 0.010 0.188 0.775 
 566 E _   0.007 0.019 0.001 0.011 0.004 0.012 0.186 0.759 
 567 V _   0.008 0.033 0.001 0.015 0.006 0.014 0.185 0.737 
 568 V _   0.009 0.050 0.001 0.021 0.008 0.017 0.183 0.712 
 569 E _   0.009 0.066 0.001 0.027 0.010 0.019 0.182 0.686 
 570 D _   0.010 0.080 0.001 0.033 0.011 0.021 0.181 0.664 
 571 I _   0.010 0.090 0.001 0.037 0.012 0.022 0.180 0.648 
 572 S _   0.010 0.097 0.001 0.039 0.013 0.023 0.180 0.637 
 573 T _   0.011 0.099 0.001 0.039 0.013 0.023 0.182 0.632 
 574 G _   0.011 0.099 0.001 0.036 0.013 0.024 0.184 0.632 
 575 F _   0.012 0.096 0.001 0.032 0.012 0.023 0.187 0.637 
 576 R _   0.012 0.090 0.001 0.026 0.011 0.023 0.190 0.646 
 577 L _   0.013 0.083 0.001 0.020 0.009 0.023 0.194 0.657 
 578 Y _   0.013 0.075 0.001 0.015 0.008 0.023 0.198 0.666 
 579 K _   0.015 0.069 0.001 0.011 0.007 0.024 0.202 0.672 
 580 P _   0.016 0.065 0.001 0.008 0.007 0.025 0.205 0.673 
 581 R _   0.019 0.064 0.001 0.008 0.007 0.027 0.208 0.667 
 582 L _   0.022 0.065 0.001 0.008 0.009 0.029 0.211 0.654 
 583 A _   0.025 0.070 0.001 0.011 0.012 0.032 0.214 0.634 
 584 S _   0.029 0.079 0.001 0.016 0.016 0.035 0.217 0.607 
 585 T _   0.031 0.093 0.002 0.023 0.020 0.036 0.221 0.574 
 586 H _   0.032 0.107 0.002 0.033 0.023 0.037 0.225 0.540 
 587 V _   0.032 0.120 0.002 0.043 0.025 0.037 0.231 0.511 
 588 Y _   0.031 0.128 0.002 0.050 0.026 0.035 0.238 0.491 
 589 Q _   0.030 0.130 0.002 0.053 0.025 0.033 0.246 0.481 
 590 I _   0.027 0.128 0.002 0.053 0.022 0.029 0.256 0.482 
 591 M _   0.025 0.121 0.002 0.049 0.019 0.026 0.269 0.490 
 592 N _   0.021 0.108 0.002 0.041 0.015 0.022 0.283 0.508 
 593 H _   0.018 0.087 0.001 0.032 0.012 0.018 0.299 0.533 
 594 C _   0.016 0.062 0.001 0.022 0.008 0.015 0.315 0.561 
 595 W _   0.013 0.040 0.001 0.014 0.005 0.012 0.329 0.586 
 596 K _   0.010 0.024 0.001 0.008 0.003 0.009 0.341 0.604 
 597 E _   0.007 0.014 0.000 0.005 0.002 0.008 0.350 0.613 
 598 R _   0.006 0.010 0.000 0.003 0.002 0.007 0.357 0.616 
 599 P _   0.005 0.009 0.000 0.002 0.001 0.007 0.361 0.614 
 600 E _   0.005 0.009 0.000 0.002 0.001 0.007 0.365 0.610 
 601 D _   0.006 0.010 0.000 0.003 0.002 0.009 0.368 0.602 
 602 R _   0.008 0.014 0.000 0.004 0.003 0.012 0.370 0.589 
 603 P _   0.010 0.024 0.001 0.007 0.004 0.016 0.371 0.567 
 604 A _   0.013 0.043 0.001 0.011 0.007 0.021 0.371 0.534 
 605 F _   0.015 0.072 0.001 0.015 0.011 0.026 0.370 0.490 
 606 S _   0.017 0.110 0.001 0.020 0.015 0.030 0.370 0.438 
 607 R _   0.019 0.153 0.002 0.025 0.019 0.033 0.369 0.381 
 608 L X   0.020 0.197 0.002 0.029 0.022 0.034 0.369 0.327 
 609 L X   0.021 0.234 0.002 0.032 0.024 0.035 0.371 0.282 
 610 R X   0.022 0.263 0.002 0.035 0.025 0.034 0.374 0.246 
 611 Q X   0.021 0.283 0.001 0.037 0.025 0.033 0.379 0.221 
 612 L X   0.020 0.295 0.001 0.039 0.024 0.030 0.385 0.206 
 613 A X   0.018 0.301 0.001 0.039 0.022 0.026 0.394 0.199 
 614 E X   0.015 0.301 0.001 0.038 0.019 0.022 0.405 0.199 
 615 I X   0.012 0.296 0.001 0.034 0.014 0.017 0.419 0.207 
 616 A X   0.008 0.280 0.001 0.028 0.008 0.011 0.438 0.225 
 617 E X   0.004 0.247 0.001 0.019 0.003 0.005 0.458 0.263 
 618 S X   0.001 0.204 0.000 0.011 0.001 0.002 0.468 0.312 
 619 G X   0.001 0.170 0.000 0.010 0.001 0.002 0.469 0.347 
 620 L X   0.004 0.153 0.002 0.017 0.005 0.005 0.460 0.355 
