#TopoPred_TM8: 8-state transmembrane topology prediction results by no_profile mode 
#probabilities are in the order of H E C I L F X _, the 8 transmembrane topology types used in PDBTM 
   1 M X   0.013 0.001 0.002 0.067 0.010 0.011 0.728 0.168 
   2 A X   0.005 0.001 0.000 0.045 0.002 0.006 0.749 0.191 
   3 A X   0.002 0.001 0.000 0.027 0.001 0.004 0.754 0.211 
   4 L X   0.001 0.001 0.000 0.019 0.001 0.004 0.752 0.223 
   5 S X   0.002 0.001 0.000 0.015 0.001 0.004 0.745 0.232 
   6 G X   0.002 0.001 0.000 0.012 0.001 0.005 0.734 0.243 
   7 G X   0.003 0.002 0.000 0.011 0.001 0.006 0.723 0.255 
   8 G X   0.003 0.003 0.000 0.011 0.002 0.006 0.709 0.267 
   9 G X   0.003 0.004 0.000 0.011 0.002 0.007 0.693 0.280 
  10 G X   0.003 0.006 0.000 0.013 0.002 0.007 0.675 0.293 
  11 G X   0.003 0.009 0.000 0.015 0.003 0.008 0.655 0.307 
  12 A X   0.003 0.011 0.000 0.017 0.003 0.008 0.637 0.320 
  13 E X   0.003 0.014 0.000 0.019 0.004 0.008 0.618 0.333 
  14 P X   0.003 0.016 0.000 0.020 0.004 0.008 0.602 0.346 
  15 G X   0.003 0.018 0.000 0.020 0.004 0.008 0.587 0.359 
  16 Q X   0.003 0.019 0.000 0.019 0.004 0.008 0.573 0.373 
  17 A X   0.003 0.020 0.000 0.018 0.003 0.007 0.561 0.387 
  18 L X   0.003 0.020 0.000 0.016 0.003 0.007 0.548 0.402 
  19 F X   0.003 0.020 0.000 0.014 0.003 0.006 0.536 0.417 
  20 N X   0.003 0.020 0.000 0.011 0.002 0.006 0.525 0.433 
  21 G X   0.003 0.020 0.000 0.009 0.002 0.005 0.512 0.448 
  22 D X   0.003 0.020 0.000 0.008 0.002 0.005 0.499 0.463 
  23 M X   0.003 0.020 0.000 0.007 0.002 0.005 0.485 0.477 
  24 E _   0.003 0.022 0.000 0.008 0.002 0.006 0.469 0.490 
  25 P _   0.003 0.025 0.000 0.009 0.002 0.007 0.452 0.502 
  26 E _   0.003 0.030 0.000 0.013 0.003 0.008 0.432 0.511 
  27 A _   0.004 0.038 0.001 0.018 0.004 0.010 0.409 0.517 
  28 G _   0.004 0.048 0.001 0.024 0.005 0.011 0.385 0.521 
  29 A _   0.004 0.059 0.001 0.031 0.007 0.012 0.362 0.524 
  30 G _   0.004 0.069 0.001 0.037 0.008 0.013 0.340 0.528 
  31 A _   0.005 0.076 0.001 0.041 0.008 0.013 0.322 0.535 
  32 G _   0.005 0.079 0.001 0.041 0.008 0.013 0.306 0.547 
  33 A _   0.005 0.080 0.001 0.038 0.007 0.013 0.293 0.563 
  34 A _   0.005 0.079 0.001 0.033 0.007 0.012 0.281 0.582 
  35 A _   0.004 0.076 0.001 0.027 0.006 0.011 0.272 0.603 
  36 S _   0.004 0.071 0.001 0.021 0.005 0.011 0.263 0.625 
  37 S _   0.004 0.065 0.001 0.016 0.004 0.010 0.256 0.644 
  38 A _   0.005 0.061 0.000 0.012 0.004 0.010 0.248 0.660 
  39 A _   0.005 0.058 0.000 0.010 0.003 0.011 0.241 0.672 
  40 D _   0.006 0.057 0.000 0.009 0.003 0.011 0.234 0.680 
  41 P _   0.007 0.057 0.000 0.009 0.004 0.013 0.227 0.684 
  42 A _   0.008 0.059 0.001 0.009 0.004 0.015 0.219 0.686 
  43 I _   0.009 0.062 0.001 0.011 0.005 0.017 0.210 0.685 
  44 P _   0.011 0.067 0.001 0.013 0.007 0.020 0.202 0.681 
  45 E _   0.013 0.073 0.001 0.015 0.008 0.022 0.193 0.674 
  46 E _   0.015 0.080 0.001 0.017 0.010 0.025 0.185 0.666 
  47 V _   0.017 0.087 0.001 0.018 0.012 0.028 0.177 0.660 
  48 W _   0.019 0.094 0.001 0.019 0.013 0.030 0.170 0.654 
  49 N _   0.022 0.100 0.001 0.019 0.014 0.032 0.163 0.649 
  50 I _   0.024 0.106 0.001 0.019 0.015 0.033 0.157 0.644 
  51 K _   0.026 0.112 0.001 0.019 0.016 0.034 0.152 0.641 
  52 Q _   0.028 0.117 0.001 0.018 0.016 0.035 0.147 0.639 
  53 M _   0.029 0.122 0.001 0.018 0.016 0.035 0.142 0.638 
  54 I _   0.029 0.127 0.001 0.018 0.016 0.035 0.138 0.637 
  55 K _   0.029 0.133 0.001 0.018 0.016 0.034 0.134 0.635 
  56 L _   0.028 0.138 0.001 0.020 0.016 0.033 0.130 0.633 
  57 T _   0.027 0.144 0.001 0.021 0.016 0.032 0.127 0.631 
  58 Q _   0.026 0.150 0.001 0.024 0.016 0.031 0.124 0.628 
  59 E _   0.024 0.156 0.001 0.027 0.015 0.029 0.121 0.627 
  60 H _   0.023 0.160 0.001 0.029 0.015 0.027 0.119 0.627 
  61 I _   0.021 0.162 0.001 0.032 0.014 0.025 0.117 0.629 
  62 E _   0.020 0.161 0.001 0.033 0.013 0.023 0.115 0.634 
  63 A _   0.018 0.158 0.001 0.033 0.012 0.020 0.114 0.644 
  64 L _   0.017 0.151 0.001 0.031 0.010 0.018 0.114 0.659 
  65 L _   0.015 0.139 0.001 0.027 0.008 0.016 0.114 0.680 
  66 D _   0.013 0.123 0.001 0.023 0.007 0.013 0.114 0.706 
  67 K _   0.012 0.103 0.001 0.017 0.005 0.011 0.114 0.736 
  68 F _   0.010 0.084 0.001 0.012 0.004 0.009 0.114 0.765 
  69 G _   0.008 0.069 0.000 0.008 0.003 0.008 0.114 0.789 
  70 G _   0.007 0.060 0.000 0.005 0.002 0.007 0.113 0.805 
  71 E _   0.006 0.055 0.000 0.004 0.002 0.007 0.111 0.815 
  72 H _   0.006 0.055 0.000 0.004 0.002 0.007 0.109 0.818 
  73 N _   0.006 0.058 0.000 0.005 0.002 0.008 0.106 0.815 
  74 P _   0.007 0.068 0.000 0.007 0.003 0.011 0.101 0.802 
  75 P _   0.009 0.094 0.001 0.013 0.006 0.014 0.095 0.769 
  76 S _   0.010 0.147 0.001 0.021 0.009 0.017 0.086 0.710 
  77 I _   0.010 0.226 0.002 0.030 0.012 0.018 0.075 0.627 
  78 Y _   0.009 0.312 0.002 0.037 0.013 0.018 0.065 0.544 
  79 L _   0.008 0.381 0.001 0.040 0.013 0.017 0.057 0.484 
  80 E _   0.007 0.426 0.001 0.040 0.011 0.015 0.051 0.449 
  81 A E   0.006 0.451 0.001 0.037 0.010 0.014 0.048 0.433 
  82 Y E   0.006 0.465 0.001 0.033 0.008 0.012 0.045 0.430 
  83 E E   0.005 0.472 0.001 0.028 0.007 0.011 0.043 0.433 
  84 E E   0.005 0.473 0.001 0.023 0.006 0.010 0.042 0.440 
  85 Y E   0.005 0.471 0.001 0.018 0.005 0.009 0.041 0.450 
  86 T E   0.005 0.468 0.000 0.015 0.004 0.009 0.040 0.459 
  87 S _   0.005 0.465 0.000 0.012 0.004 0.008 0.039 0.466 
  88 K _   0.005 0.463 0.000 0.010 0.003 0.008 0.039 0.471 
  89 L _   0.005 0.463 0.000 0.009 0.003 0.008 0.038 0.473 
  90 D _   0.005 0.466 0.000 0.009 0.003 0.008 0.037 0.472 
  91 A E   0.005 0.470 0.000 0.009 0.003 0.008 0.036 0.468 
  92 L E   0.005 0.477 0.000 0.010 0.003 0.008 0.034 0.463 
  93 Q E   0.005 0.484 0.000 0.010 0.003 0.008 0.033 0.456 
  94 Q E   0.004 0.492 0.000 0.011 0.003 0.008 0.032 0.449 
  95 R E   0.004 0.502 0.000 0.012 0.004 0.008 0.030 0.441 
  96 E E   0.004 0.511 0.000 0.012 0.004 0.007 0.029 0.432 
  97 Q E   0.004 0.521 0.000 0.012 0.004 0.007 0.027 0.425 
  98 Q E   0.004 0.530 0.000 0.012 0.004 0.007 0.026 0.417 
  99 L E   0.004 0.540 0.000 0.012 0.004 0.007 0.025 0.409 
 100 L E   0.003 0.549 0.000 0.012 0.003 0.007 0.024 0.401 
 101 E E   0.003 0.559 0.000 0.012 0.003 0.006 0.022 0.393 
 102 S E   0.003 0.568 0.000 0.012 0.003 0.006 0.021 0.385 
 103 L E   0.003 0.578 0.000 0.012 0.003 0.006 0.020 0.377 
 104 G E   0.003 0.587 0.000 0.012 0.003 0.006 0.019 0.369 
 105 N E   0.003 0.597 0.000 0.012 0.003 0.006 0.018 0.360 
 106 G E   0.003 0.607 0.000 0.012 0.003 0.006 0.017 0.352 
 107 T E   0.003 0.616 0.000 0.011 0.003 0.006 0.017 0.343 
 108 D E   0.003 0.626 0.000 0.011 0.003 0.006 0.016 0.334 
 109 F E   0.003 0.637 0.000 0.011 0.003 0.006 0.015 0.325 
 110 S E   0.003 0.648 0.000 0.011 0.003 0.006 0.014 0.314 
 111 V E   0.003 0.662 0.000 0.011 0.004 0.007 0.013 0.301 
 112 S E   0.003 0.678 0.000 0.011 0.004 0.007 0.012 0.285 
 113 S E   0.003 0.697 0.001 0.012 0.004 0.007 0.011 0.266 
 114 S E   0.003 0.718 0.001 0.012 0.004 0.007 0.010 0.245 
 115 A E   0.003 0.739 0.001 0.013 0.004 0.006 0.009 0.225 
 116 S E   0.003 0.757 0.001 0.013 0.004 0.006 0.008 0.209 
 117 M E   0.002 0.772 0.000 0.012 0.004 0.006 0.008 0.196 
 118 D E   0.002 0.782 0.000 0.012 0.004 0.005 0.008 0.187 
 119 T E   0.002 0.789 0.000 0.011 0.003 0.005 0.007 0.183 
 120 V E   0.002 0.793 0.000 0.009 0.003 0.005 0.007 0.180 
 121 T E   0.002 0.795 0.000 0.008 0.003 0.005 0.007 0.179 
 122 S E   0.002 0.797 0.000 0.007 0.003 0.005 0.007 0.179 
 123 S E   0.002 0.798 0.000 0.007 0.003 0.005 0.007 0.178 
 124 S E   0.002 0.799 0.000 0.007 0.003 0.005 0.007 0.176 
 125 S E   0.003 0.802 0.000 0.007 0.003 0.006 0.007 0.172 
 126 S E   0.003 0.806 0.000 0.007 0.003 0.006 0.007 0.167 
 127 S E   0.003 0.811 0.000 0.008 0.004 0.006 0.007 0.161 
 128 L E   0.003 0.815 0.000 0.009 0.004 0.006 0.007 0.155 
 129 S E   0.003 0.817 0.000 0.010 0.004 0.007 0.007 0.151 
 130 V E   0.004 0.818 0.000 0.011 0.005 0.007 0.007 0.149 
 131 L E   0.004 0.815 0.000 0.012 0.005 0.007 0.008 0.150 
 132 P E   0.004 0.809 0.001 0.013 0.005 0.007 0.008 0.154 
 133 S E   0.004 0.798 0.001 0.014 0.006 0.007 0.009 0.161 
 134 S E   0.005 0.781 0.001 0.016 0.006 0.008 0.010 0.173 
 135 L E   0.006 0.758 0.001 0.018 0.007 0.009 0.011 0.190 
 136 S E   0.007 0.728 0.001 0.020 0.008 0.009 0.013 0.213 
 137 V E   0.008 0.688 0.001 0.023 0.009 0.010 0.016 0.245 
 138 F E   0.009 0.637 0.001 0.026 0.010 0.011 0.020 0.286 
 139 Q E   0.010 0.575 0.001 0.029 0.010 0.012 0.025 0.337 
 140 N E   0.011 0.503 0.002 0.030 0.010 0.013 0.031 0.399 
 141 P _   0.013 0.422 0.002 0.031 0.010 0.014 0.038 0.470 
 142 T _   0.013 0.334 0.002 0.029 0.009 0.014 0.046 0.552 
 143 D _   0.014 0.247 0.001 0.025 0.008 0.014 0.054 0.637 
 144 V _   0.013 0.169 0.001 0.021 0.007 0.013 0.061 0.717 
 145 A _   0.011 0.109 0.001 0.016 0.005 0.011 0.067 0.781 
 146 R _   0.010 0.067 0.001 0.011 0.003 0.009 0.071 0.828 
 147 S _   0.008 0.043 0.000 0.007 0.002 0.008 0.073 0.859 
 148 N _   0.006 0.030 0.000 0.005 0.002 0.007 0.074 0.876 
 149 P _   0.005 0.024 0.000 0.004 0.001 0.006 0.075 0.884 
 150 K _   0.005 0.022 0.000 0.004 0.001 0.006 0.075 0.887 
 151 S _   0.005 0.022 0.000 0.004 0.002 0.007 0.074 0.886 
 152 P _   0.005 0.024 0.000 0.006 0.002 0.009 0.073 0.881 
 153 Q _   0.006 0.028 0.000 0.009 0.003 0.010 0.071 0.872 
 154 K _   0.007 0.035 0.001 0.014 0.004 0.013 0.068 0.858 
 155 P _   0.007 0.045 0.001 0.020 0.006 0.015 0.066 0.840 
 156 I _   0.008 0.055 0.001 0.027 0.008 0.016 0.063 0.823 
 157 V _   0.008 0.062 0.001 0.032 0.009 0.018 0.061 0.809 
 158 R _   0.009 0.066 0.001 0.035 0.010 0.018 0.059 0.802 
 159 V _   0.009 0.068 0.001 0.035 0.010 0.018 0.058 0.801 
 160 F _   0.009 0.067 0.001 0.033 0.010 0.018 0.057 0.806 
 161 L _   0.009 0.064 0.001 0.028 0.009 0.017 0.056 0.816 
 162 P _   0.009 0.059 0.001 0.023 0.008 0.017 0.056 0.829 
 163 N _   0.009 0.053 0.001 0.017 0.007 0.016 0.055 0.842 
 164 K _   0.009 0.047 0.001 0.013 0.006 0.016 0.055 0.853 
 165 Q _   0.010 0.043 0.001 0.011 0.005 0.016 0.054 0.859 
 166 R _   0.011 0.041 0.001 0.010 0.006 0.017 0.054 0.861 
 167 T _   0.012 0.040 0.001 0.010 0.006 0.018 0.053 0.858 
 168 V _   0.014 0.041 0.001 0.012 0.008 0.020 0.053 0.852 
 169 V _   0.015 0.043 0.001 0.016 0.009 0.022 0.052 0.842 
 170 P _   0.016 0.045 0.001 0.020 0.011 0.023 0.051 0.832 
 171 A _   0.017 0.047 0.001 0.024 0.012 0.024 0.051 0.824 
 172 R _   0.018 0.047 0.001 0.027 0.013 0.024 0.050 0.819 
 173 C _   0.018 0.046 0.001 0.028 0.013 0.024 0.050 0.820 
 174 G _   0.017 0.043 0.001 0.027 0.012 0.023 0.051 0.826 
 175 V _   0.016 0.038 0.001 0.023 0.011 0.022 0.051 0.837 
 176 T _   0.016 0.031 0.001 0.019 0.009 0.021 0.051 0.852 
 177 V _   0.016 0.023 0.001 0.014 0.008 0.021 0.051 0.867 
 178 R _   0.016 0.016 0.001 0.010 0.007 0.020 0.052 0.879 
 179 D _   0.016 0.011 0.001 0.008 0.006 0.020 0.052 0.887 
 180 S _   0.018 0.008 0.001 0.006 0.005 0.021 0.052 0.889 
 181 L _   0.021 0.007 0.001 0.005 0.006 0.023 0.052 0.886 
 182 K _   0.025 0.006 0.001 0.006 0.007 0.026 0.052 0.878 
 183 K _   0.032 0.007 0.001 0.007 0.008 0.029 0.051 0.865 
 184 A _   0.040 0.008 0.001 0.009 0.011 0.033 0.051 0.848 
 185 L _   0.048 0.010 0.001 0.011 0.014 0.037 0.051 0.829 
 186 M _   0.057 0.012 0.001 0.013 0.017 0.040 0.050 0.808 
 187 M _   0.066 0.016 0.001 0.015 0.021 0.044 0.050 0.788 
 188 R _   0.074 0.019 0.002 0.017 0.024 0.046 0.050 0.769 
 189 G _   0.081 0.022 0.002 0.018 0.027 0.047 0.050 0.753 
 190 L _   0.086 0.025 0.002 0.020 0.028 0.048 0.051 0.741 
 191 I _   0.088 0.027 0.002 0.021 0.029 0.048 0.051 0.733 
 192 P _   0.089 0.030 0.002 0.024 0.029 0.046 0.053 0.728 
 193 E _   0.086 0.032 0.002 0.027 0.028 0.044 0.054 0.727 
 194 C _   0.082 0.033 0.002 0.029 0.026 0.041 0.056 0.732 
 195 C _   0.075 0.032 0.002 0.030 0.023 0.037 0.058 0.742 
 196 A _   0.066 0.031 0.002 0.030 0.020 0.033 0.061 0.758 
 197 V _   0.055 0.028 0.001 0.027 0.016 0.028 0.064 0.781 
 198 Y _   0.045 0.023 0.001 0.023 0.012 0.023 0.066 0.806 
 199 R _   0.035 0.018 0.001 0.018 0.008 0.019 0.069 0.832 
 200 I _   0.026 0.013 0.001 0.013 0.006 0.015 0.071 0.856 
 201 Q _   0.019 0.008 0.000 0.009 0.004 0.011 0.073 0.875 
 202 D _   0.014 0.005 0.000 0.006 0.003 0.009 0.074 0.889 
 203 G _   0.011 0.003 0.000 0.005 0.002 0.007 0.074 0.898 
 204 E _   0.008 0.002 0.000 0.004 0.002 0.006 0.074 0.904 
 205 K _   0.007 0.002 0.000 0.003 0.002 0.006 0.074 0.907 
 206 K _   0.006 0.001 0.000 0.003 0.001 0.006 0.074 0.908 
 207 P _   0.006 0.002 0.000 0.004 0.002 0.006 0.073 0.909 
 208 I _   0.005 0.002 0.000 0.004 0.002 0.007 0.071 0.908 
 209 G _   0.006 0.003 0.000 0.005 0.002 0.008 0.069 0.906 
 210 W _   0.006 0.005 0.000 0.007 0.003 0.009 0.067 0.902 
 211 D _   0.007 0.009 0.000 0.009 0.004 0.011 0.065 0.896 
 212 T _   0.008 0.013 0.001 0.012 0.005 0.014 0.062 0.887 
 213 D _   0.009 0.018 0.001 0.015 0.006 0.017 0.058 0.876 
 214 I _   0.010 0.025 0.001 0.019 0.008 0.020 0.055 0.864 
 215 S _   0.011 0.031 0.001 0.022 0.010 0.022 0.052 0.851 
 216 W _   0.013 0.037 0.001 0.026 0.012 0.025 0.048 0.838 
 217 L _   0.014 0.042 0.001 0.029 0.013 0.027 0.045 0.827 
 218 T _   0.016 0.046 0.001 0.031 0.015 0.029 0.043 0.820 
 219 G _   0.017 0.048 0.001 0.033 0.016 0.031 0.040 0.814 
 220 E _   0.019 0.049 0.001 0.033 0.017 0.032 0.038 0.812 
 221 E _   0.021 0.049 0.001 0.032 0.017 0.033 0.035 0.811 
 222 L _   0.024 0.047 0.001 0.030 0.018 0.033 0.033 0.813 
 223 H _   0.027 0.044 0.001 0.029 0.018 0.033 0.032 0.817 
 224 V _   0.030 0.040 0.001 0.027 0.017 0.032 0.030 0.822 
 225 E _   0.034 0.036 0.001 0.024 0.016 0.032 0.029 0.828 
 226 V _   0.039 0.030 0.001 0.022 0.015 0.030 0.028 0.835 
 227 L _   0.044 0.024 0.001 0.019 0.014 0.029 0.027 0.843 
 228 E _   0.051 0.018 0.001 0.016 0.012 0.027 0.025 0.849 
 229 N _   0.060 0.012 0.001 0.012 0.011 0.026 0.024 0.855 
 230 V _   0.071 0.007 0.001 0.009 0.009 0.024 0.023 0.857 
 231 P _   0.085 0.003 0.001 0.006 0.008 0.022 0.022 0.853 
 232 L _   0.105 0.001 0.001 0.004 0.007 0.021 0.020 0.841 
 233 T _   0.133 0.000 0.001 0.003 0.006 0.020 0.018 0.819 
 234 T _   0.171 0.000 0.001 0.002 0.006 0.019 0.016 0.784 
 235 H _   0.224 0.000 0.001 0.002 0.007 0.020 0.014 0.732 
 236 N _   0.295 0.000 0.001 0.001 0.009 0.020 0.012 0.662 
 237 F _   0.379 0.000 0.001 0.001 0.011 0.021 0.010 0.576 
 238 V _   0.471 0.000 0.001 0.001 0.015 0.022 0.008 0.481 
 239 R H   0.564 0.000 0.001 0.001 0.019 0.023 0.006 0.385 
 240 K H   0.643 0.000 0.001 0.002 0.022 0.023 0.005 0.304 
 241 T H   0.704 0.000 0.001 0.002 0.025 0.022 0.004 0.242 
 242 F H   0.747 0.000 0.002 0.002 0.027 0.021 0.004 0.199 
 243 F H   0.773 0.000 0.001 0.002 0.027 0.020 0.003 0.173 
 244 T H   0.786 0.000 0.001 0.002 0.027 0.018 0.003 0.161 
 245 L H   0.788 0.000 0.001 0.002 0.026 0.017 0.004 0.162 
 246 A H   0.776 0.000 0.001 0.002 0.025 0.017 0.004 0.175 
 247 F H   0.753 0.000 0.001 0.002 0.024 0.016 0.004 0.199 
 248 C H   0.718 0.000 0.001 0.002 0.021 0.016 0.005 0.237 
 249 D H   0.671 0.000 0.001 0.002 0.019 0.016 0.006 0.285 
 250 F H   0.615 0.000 0.001 0.002 0.017 0.017 0.008 0.341 
 251 C H   0.552 0.000 0.001 0.002 0.015 0.017 0.009 0.403 
 252 R H   0.484 0.000 0.001 0.002 0.014 0.018 0.011 0.469 
 253 K _   0.416 0.000 0.001 0.003 0.013 0.019 0.014 0.534 
 254 L _   0.353 0.000 0.001 0.004 0.012 0.020 0.016 0.594 
 255 L _   0.294 0.000 0.001 0.005 0.011 0.021 0.019 0.649 
 256 F _   0.240 0.001 0.001 0.006 0.011 0.021 0.022 0.698 
 257 Q _   0.193 0.001 0.001 0.008 0.011 0.021 0.024 0.740 
 258 G _   0.154 0.002 0.001 0.010 0.011 0.021 0.027 0.775 
 259 F _   0.120 0.002 0.001 0.011 0.010 0.021 0.029 0.805 
 260 R _   0.093 0.003 0.001 0.012 0.010 0.020 0.031 0.830 
 261 C _   0.071 0.003 0.001 0.013 0.009 0.019 0.033 0.851 
 262 Q _   0.053 0.004 0.001 0.013 0.008 0.018 0.035 0.869 
 263 T _   0.039 0.004 0.001 0.012 0.007 0.016 0.037 0.884 
 264 C _   0.029 0.004 0.001 0.011 0.006 0.015 0.038 0.895 
 265 G _   0.022 0.005 0.001 0.010 0.005 0.014 0.039 0.905 
 266 Y _   0.018 0.005 0.001 0.009 0.004 0.012 0.040 0.911 
 267 K _   0.014 0.005 0.000 0.008 0.004 0.012 0.041 0.916 
 268 F _   0.012 0.006 0.000 0.007 0.004 0.011 0.042 0.918 
 269 H _   0.011 0.007 0.000 0.007 0.003 0.011 0.042 0.918 
 270 Q _   0.010 0.009 0.000 0.007 0.004 0.012 0.043 0.915 
 271 R _   0.010 0.012 0.001 0.008 0.004 0.013 0.043 0.909 
 272 C _   0.010 0.016 0.001 0.010 0.005 0.014 0.043 0.900 
 273 S _   0.011 0.023 0.001 0.014 0.007 0.016 0.043 0.886 
 274 T _   0.012 0.031 0.001 0.018 0.009 0.018 0.043 0.869 
 275 E _   0.013 0.040 0.001 0.022 0.010 0.020 0.043 0.851 
 276 V _   0.014 0.048 0.001 0.026 0.011 0.021 0.043 0.835 
 277 P _   0.015 0.054 0.001 0.029 0.012 0.022 0.043 0.824 
 278 L _   0.016 0.057 0.001 0.029 0.012 0.023 0.044 0.818 
 279 M _   0.016 0.058 0.001 0.027 0.012 0.023 0.045 0.818 
 280 C _   0.017 0.058 0.001 0.023 0.011 0.023 0.046 0.823 
 281 V _   0.017 0.055 0.001 0.018 0.009 0.023 0.047 0.829 
 282 N _   0.018 0.053 0.001 0.014 0.008 0.023 0.048 0.835 
 283 Y _   0.019 0.051 0.001 0.011 0.008 0.024 0.049 0.838 
 284 D _   0.020 0.050 0.001 0.009 0.008 0.025 0.050 0.836 
 285 Q _   0.023 0.052 0.001 0.010 0.009 0.027 0.051 0.828 
 286 L _   0.026 0.057 0.001 0.012 0.011 0.029 0.052 0.813 
 287 D _   0.029 0.065 0.001 0.017 0.014 0.030 0.053 0.791 
 288 L _   0.031 0.075 0.001 0.024 0.017 0.032 0.054 0.766 
 289 L _   0.032 0.086 0.001 0.032 0.019 0.032 0.055 0.743 
 290 F _   0.032 0.093 0.002 0.039 0.020 0.031 0.057 0.727 
 291 V _   0.031 0.097 0.002 0.043 0.019 0.029 0.059 0.720 
 292 S _   0.029 0.096 0.001 0.043 0.018 0.027 0.061 0.724 
 293 K _   0.026 0.092 0.001 0.039 0.015 0.024 0.064 0.738 
 294 F _   0.023 0.082 0.001 0.032 0.012 0.021 0.067 0.762 
 295 F _   0.020 0.068 0.001 0.024 0.009 0.017 0.071 0.790 
 296 E _   0.016 0.052 0.001 0.016 0.007 0.014 0.074 0.819 
 297 H _   0.013 0.039 0.001 0.010 0.004 0.012 0.077 0.844 
 298 H _   0.011 0.031 0.000 0.006 0.003 0.010 0.079 0.860 
 299 P _   0.009 0.027 0.000 0.004 0.002 0.009 0.081 0.867 
 300 I _   0.008 0.026 0.000 0.004 0.002 0.010 0.082 0.869 
 301 P _   0.008 0.027 0.000 0.004 0.002 0.011 0.082 0.865 
 302 Q _   0.010 0.033 0.000 0.006 0.003 0.013 0.082 0.853 
 303 E _   0.011 0.047 0.001 0.011 0.005 0.016 0.081 0.829 
 304 E _   0.012 0.075 0.001 0.018 0.009 0.019 0.079 0.787 
 305 A _   0.013 0.118 0.001 0.028 0.012 0.021 0.077 0.730 
 306 S _   0.012 0.167 0.002 0.041 0.015 0.022 0.075 0.666 
 307 L _   0.012 0.210 0.002 0.053 0.016 0.023 0.074 0.611 
 308 A _   0.011 0.240 0.001 0.062 0.017 0.022 0.073 0.573 
 309 E _   0.011 0.255 0.001 0.068 0.017 0.022 0.073 0.552 
 310 T _   0.011 0.261 0.001 0.070 0.016 0.021 0.074 0.546 
 311 A _   0.010 0.260 0.001 0.067 0.015 0.019 0.076 0.551 
 312 L _   0.010 0.250 0.001 0.060 0.013 0.017 0.079 0.569 
 313 T _   0.010 0.229 0.001 0.050 0.011 0.015 0.084 0.600 
 314 S _   0.009 0.197 0.001 0.039 0.009 0.013 0.089 0.643 
 315 G _   0.009 0.157 0.001 0.028 0.007 0.012 0.095 0.692 
 316 S _   0.008 0.117 0.001 0.018 0.005 0.010 0.100 0.740 
 317 S _   0.007 0.086 0.001 0.012 0.003 0.008 0.105 0.777 
 318 P _   0.006 0.068 0.000 0.007 0.002 0.007 0.108 0.800 
 319 S _   0.005 0.058 0.000 0.005 0.002 0.007 0.110 0.812 
 320 A _   0.005 0.054 0.000 0.005 0.002 0.006 0.112 0.816 
 321 P _   0.005 0.054 0.000 0.005 0.002 0.007 0.112 0.815 
 322 A _   0.005 0.056 0.000 0.007 0.002 0.008 0.112 0.810 
 323 S _   0.005 0.061 0.000 0.011 0.003 0.009 0.112 0.798 
 324 D _   0.006 0.070 0.001 0.017 0.004 0.011 0.111 0.781 
 325 S _   0.006 0.082 0.001 0.024 0.006 0.012 0.110 0.760 
 326 I _   0.006 0.093 0.001 0.032 0.007 0.014 0.109 0.739 
 327 G _   0.006 0.101 0.001 0.039 0.008 0.014 0.108 0.722 
 328 P _   0.007 0.106 0.001 0.043 0.009 0.014 0.109 0.712 
 329 Q _   0.007 0.107 0.001 0.044 0.009 0.014 0.110 0.709 
 330 I _   0.007 0.104 0.001 0.042 0.008 0.013 0.112 0.713 
 331 L _   0.006 0.098 0.001 0.036 0.007 0.012 0.115 0.724 
 332 T _   0.006 0.087 0.001 0.029 0.006 0.011 0.118 0.742 
 333 S _   0.006 0.073 0.001 0.021 0.005 0.010 0.122 0.762 
 334 P _   0.006 0.058 0.001 0.015 0.004 0.009 0.126 0.782 
 335 S _   0.006 0.047 0.000 0.010 0.003 0.008 0.130 0.797 
 336 P _   0.005 0.039 0.000 0.007 0.002 0.007 0.133 0.805 
 337 S _   0.005 0.035 0.000 0.006 0.002 0.007 0.135 0.808 
 338 K _   0.005 0.034 0.000 0.007 0.002 0.008 0.137 0.807 
 339 S _   0.006 0.034 0.000 0.008 0.003 0.008 0.139 0.802 
 340 I _   0.006 0.035 0.000 0.012 0.003 0.009 0.140 0.794 
 341 P _   0.007 0.037 0.000 0.016 0.004 0.010 0.141 0.785 
 342 I _   0.007 0.039 0.001 0.020 0.005 0.011 0.143 0.775 
 343 P _   0.007 0.040 0.001 0.023 0.005 0.011 0.144 0.767 
 344 Q _   0.007 0.040 0.001 0.025 0.006 0.011 0.147 0.764 
 345 P _   0.007 0.039 0.001 0.023 0.005 0.010 0.149 0.766 
 346 F _   0.006 0.035 0.001 0.020 0.004 0.009 0.152 0.772 
 347 R _   0.006 0.030 0.000 0.016 0.004 0.008 0.155 0.781 
 348 P _   0.005 0.025 0.000 0.012 0.003 0.007 0.157 0.790 
 349 A _   0.005 0.021 0.000 0.009 0.002 0.006 0.159 0.798 
 350 D _   0.004 0.017 0.000 0.007 0.002 0.006 0.161 0.803 
 351 E _   0.004 0.015 0.000 0.006 0.002 0.005 0.162 0.805 
 352 D _   0.004 0.014 0.000 0.005 0.002 0.006 0.163 0.805 
 353 H _   0.005 0.014 0.000 0.006 0.002 0.006 0.164 0.803 
 354 R _   0.005 0.015 0.000 0.008 0.002 0.006 0.164 0.800 
 355 N _   0.005 0.016 0.000 0.010 0.002 0.007 0.164 0.795 
 356 Q _   0.005 0.018 0.000 0.012 0.003 0.007 0.163 0.792 
 357 F _   0.005 0.019 0.000 0.013 0.003 0.008 0.162 0.789 
 358 G _   0.005 0.021 0.000 0.013 0.003 0.008 0.161 0.789 
 359 Q _   0.005 0.021 0.000 0.013 0.003 0.007 0.160 0.790 
 360 R _   0.004 0.022 0.000 0.011 0.003 0.007 0.160 0.793 
 361 D _   0.004 0.022 0.000 0.010 0.002 0.007 0.159 0.797 
 362 R _   0.004 0.022 0.000 0.008 0.002 0.006 0.157 0.800 
 363 S _   0.004 0.022 0.000 0.007 0.002 0.006 0.156 0.802 
 364 S _   0.004 0.024 0.000 0.007 0.002 0.007 0.154 0.802 
 365 S _   0.004 0.027 0.000 0.008 0.002 0.008 0.152 0.799 
 366 A _   0.005 0.033 0.000 0.010 0.003 0.009 0.150 0.791 
 367 P _   0.005 0.041 0.001 0.012 0.004 0.010 0.147 0.779 
 368 N _   0.006 0.053 0.001 0.016 0.005 0.012 0.144 0.764 
 369 V _   0.006 0.067 0.001 0.021 0.006 0.013 0.140 0.746 
 370 H _   0.007 0.079 0.001 0.025 0.008 0.014 0.137 0.729 
 371 I _   0.007 0.090 0.001 0.028 0.008 0.014 0.135 0.716 
 372 N _   0.007 0.097 0.001 0.030 0.009 0.015 0.133 0.708 
 373 T _   0.008 0.102 0.001 0.030 0.009 0.014 0.132 0.705 
 374 I _   0.008 0.103 0.001 0.028 0.008 0.014 0.132 0.706 
 375 E _   0.007 0.103 0.001 0.025 0.008 0.014 0.132 0.711 
 376 P _   0.007 0.101 0.001 0.022 0.007 0.013 0.132 0.717 
 377 V _   0.007 0.099 0.001 0.019 0.006 0.012 0.133 0.723 
 378 N _   0.007 0.096 0.001 0.016 0.005 0.012 0.134 0.729 
 379 I _   0.007 0.094 0.001 0.014 0.005 0.011 0.135 0.733 
 380 D _   0.007 0.092 0.001 0.014 0.005 0.011 0.136 0.736 
 381 D _   0.007 0.091 0.001 0.014 0.005 0.011 0.137 0.736 
 382 L _   0.007 0.090 0.001 0.014 0.005 0.011 0.137 0.735 
 383 I _   0.007 0.090 0.001 0.015 0.005 0.010 0.138 0.734 
 384 R _   0.007 0.089 0.001 0.016 0.005 0.010 0.139 0.734 
 385 D _   0.007 0.088 0.001 0.016 0.005 0.010 0.140 0.734 
 386 Q _   0.006 0.086 0.001 0.016 0.005 0.009 0.142 0.735 
 387 G _   0.006 0.083 0.001 0.015 0.004 0.009 0.143 0.739 
 388 F _   0.006 0.080 0.000 0.014 0.004 0.008 0.145 0.743 
 389 R _   0.005 0.076 0.000 0.013 0.004 0.008 0.146 0.747 
 390 G _   0.005 0.073 0.000 0.011 0.003 0.008 0.148 0.751 
 391 D _   0.005 0.070 0.000 0.010 0.003 0.007 0.149 0.755 
 392 G _   0.005 0.067 0.000 0.010 0.003 0.007 0.151 0.757 
 393 G _   0.005 0.066 0.000 0.010 0.003 0.007 0.152 0.757 
 394 S _   0.005 0.065 0.000 0.010 0.003 0.007 0.154 0.756 
 395 T _   0.005 0.065 0.000 0.011 0.003 0.008 0.155 0.753 
 396 T _   0.005 0.065 0.000 0.011 0.003 0.008 0.156 0.751 
 397 G _   0.005 0.066 0.000 0.012 0.003 0.008 0.158 0.748 
 398 L _   0.005 0.066 0.000 0.012 0.003 0.008 0.159 0.746 
 399 S _   0.005 0.067 0.000 0.012 0.004 0.008 0.160 0.743 
 400 A _   0.005 0.068 0.000 0.012 0.004 0.009 0.161 0.741 
 401 T _   0.005 0.069 0.000 0.012 0.004 0.009 0.163 0.739 
 402 P _   0.005 0.070 0.000 0.012 0.004 0.009 0.164 0.736 
 403 P _   0.005 0.071 0.000 0.012 0.004 0.009 0.166 0.732 
 404 A _   0.006 0.073 0.000 0.013 0.004 0.010 0.167 0.726 
 405 S _   0.006 0.076 0.001 0.014 0.004 0.011 0.169 0.719 
 406 L _   0.006 0.079 0.001 0.016 0.005 0.011 0.171 0.711 
 407 P _   0.007 0.082 0.001 0.019 0.006 0.012 0.173 0.701 
 408 G _   0.007 0.084 0.001 0.022 0.006 0.013 0.176 0.691 
 409 S _   0.008 0.086 0.001 0.025 0.007 0.013 0.179 0.682 
 410 L _   0.008 0.086 0.001 0.027 0.007 0.013 0.183 0.675 
 411 T _   0.008 0.085 0.001 0.027 0.007 0.013 0.188 0.671 
 412 N _   0.009 0.081 0.001 0.027 0.007 0.012 0.193 0.670 
 413 V _   0.009 0.076 0.001 0.025 0.006 0.012 0.199 0.672 
 414 K _   0.008 0.069 0.001 0.022 0.005 0.011 0.206 0.677 
 415 A _   0.008 0.060 0.001 0.019 0.005 0.010 0.212 0.685 
 416 L _   0.008 0.050 0.001 0.015 0.004 0.009 0.219 0.695 
 417 Q _   0.007 0.040 0.000 0.012 0.003 0.008 0.226 0.703 
 418 K _   0.007 0.031 0.000 0.010 0.003 0.007 0.232 0.711 
 419 S _   0.006 0.024 0.000 0.008 0.002 0.007 0.237 0.717 
 420 P _   0.006 0.019 0.000 0.007 0.002 0.006 0.241 0.720 
 421 G _   0.005 0.016 0.000 0.006 0.002 0.006 0.244 0.721 
 422 P _   0.005 0.014 0.000 0.006 0.002 0.006 0.246 0.722 
 423 Q _   0.005 0.013 0.000 0.006 0.002 0.005 0.247 0.722 
 424 R _   0.005 0.012 0.000 0.006 0.002 0.005 0.248 0.722 
 425 E _   0.004 0.012 0.000 0.006 0.002 0.005 0.248 0.723 
 426 R _   0.004 0.012 0.000 0.006 0.002 0.005 0.247 0.724 
 427 K _   0.004 0.012 0.000 0.006 0.002 0.005 0.246 0.725 
 428 S _   0.004 0.013 0.000 0.007 0.002 0.005 0.243 0.726 
 429 S _   0.003 0.014 0.000 0.007 0.002 0.005 0.240 0.728 
 430 S _   0.003 0.016 0.000 0.008 0.002 0.006 0.237 0.729 
 431 S _   0.003 0.019 0.000 0.009 0.002 0.006 0.232 0.729 
 432 S _   0.003 0.022 0.000 0.010 0.002 0.007 0.227 0.728 
 433 E _   0.003 0.027 0.000 0.013 0.003 0.008 0.222 0.724 
 434 D _   0.004 0.034 0.000 0.016 0.003 0.008 0.215 0.719 
 435 R _   0.004 0.041 0.000 0.021 0.004 0.009 0.209 0.711 
 436 N _   0.004 0.049 0.001 0.026 0.005 0.010 0.203 0.702 
 437 R _   0.005 0.055 0.001 0.031 0.005 0.011 0.198 0.695 
 438 M _   0.005 0.059 0.001 0.034 0.006 0.011 0.194 0.690 
 439 K _   0.005 0.062 0.001 0.035 0.006 0.011 0.191 0.690 
 440 T _   0.005 0.062 0.001 0.034 0.006 0.011 0.188 0.694 
 441 L _   0.005 0.060 0.001 0.030 0.005 0.010 0.187 0.702 
 442 G _   0.005 0.056 0.001 0.025 0.004 0.009 0.186 0.714 
 443 R _   0.005 0.051 0.000 0.019 0.003 0.008 0.185 0.729 
 444 R _   0.005 0.045 0.000 0.013 0.003 0.007 0.184 0.743 
 445 D _   0.005 0.039 0.000 0.009 0.002 0.006 0.183 0.755 
 446 S _   0.004 0.036 0.000 0.006 0.002 0.006 0.182 0.765 
 447 S _   0.004 0.034 0.000 0.005 0.001 0.005 0.179 0.771 
 448 D _   0.004 0.034 0.000 0.004 0.001 0.006 0.176 0.775 
 449 D _   0.004 0.036 0.000 0.005 0.002 0.006 0.172 0.776 
 450 W _   0.004 0.041 0.000 0.006 0.002 0.008 0.166 0.772 
 451 E _   0.005 0.052 0.000 0.009 0.003 0.010 0.159 0.762 
 452 I _   0.006 0.072 0.001 0.013 0.005 0.012 0.149 0.742 
 453 P _   0.007 0.106 0.001 0.020 0.007 0.015 0.137 0.709 
 454 D _   0.007 0.152 0.001 0.027 0.009 0.017 0.123 0.665 
 455 G _   0.007 0.204 0.001 0.033 0.011 0.018 0.109 0.616 
 456 Q _   0.007 0.255 0.001 0.038 0.012 0.019 0.096 0.571 
 457 I _   0.007 0.296 0.001 0.042 0.013 0.019 0.085 0.536 
 458 T _   0.007 0.326 0.001 0.043 0.013 0.019 0.077 0.513 
 459 V _   0.007 0.345 0.001 0.042 0.013 0.019 0.071 0.501 
 460 G _   0.007 0.357 0.001 0.041 0.012 0.019 0.067 0.496 
 461 Q _   0.007 0.364 0.001 0.038 0.012 0.018 0.063 0.497 
 462 R _   0.007 0.366 0.001 0.035 0.011 0.018 0.060 0.502 
 463 I _   0.007 0.364 0.001 0.032 0.011 0.018 0.057 0.509 
 464 G _   0.008 0.360 0.001 0.030 0.011 0.018 0.055 0.519 
 465 S _   0.008 0.354 0.001 0.028 0.010 0.017 0.053 0.529 
 466 G _   0.009 0.346 0.001 0.026 0.010 0.017 0.051 0.540 
 467 S _   0.009 0.336 0.001 0.026 0.010 0.017 0.050 0.552 
 468 F _   0.009 0.324 0.001 0.025 0.010 0.017 0.049 0.566 
 469 G _   0.009 0.308 0.001 0.024 0.009 0.017 0.048 0.583 
 470 T _   0.009 0.290 0.001 0.023 0.009 0.016 0.047 0.604 
 471 V _   0.009 0.269 0.001 0.021 0.008 0.016 0.047 0.628 
 472 Y _   0.009 0.246 0.001 0.018 0.008 0.016 0.047 0.655 
 473 K _   0.009 0.223 0.001 0.015 0.007 0.016 0.046 0.682 
 474 G _   0.009 0.203 0.001 0.013 0.006 0.016 0.046 0.706 
 475 K _   0.010 0.187 0.001 0.011 0.006 0.016 0.045 0.724 
 476 W _   0.010 0.176 0.001 0.010 0.006 0.017 0.045 0.735 
 477 H _   0.011 0.170 0.001 0.010 0.006 0.018 0.044 0.740 
 478 G _   0.012 0.168 0.001 0.011 0.007 0.019 0.043 0.739 
 479 D _   0.013 0.168 0.001 0.014 0.008 0.021 0.042 0.732 
 480 V _   0.015 0.170 0.001 0.018 0.010 0.022 0.041 0.722 
 481 A _   0.017 0.172 0.001 0.022 0.012 0.024 0.041 0.712 
 482 V _   0.019 0.174 0.001 0.025 0.013 0.024 0.040 0.704 
 483 K _   0.020 0.172 0.001 0.028 0.014 0.024 0.039 0.701 
 484 M _   0.020 0.168 0.001 0.029 0.014 0.024 0.039 0.703 
 485 L _   0.021 0.160 0.001 0.029 0.014 0.024 0.039 0.712 
 486 N _   0.021 0.148 0.001 0.027 0.014 0.023 0.040 0.728 
 487 V _   0.020 0.130 0.001 0.024 0.012 0.022 0.040 0.750 
 488 T _   0.020 0.111 0.001 0.020 0.011 0.020 0.041 0.776 
 489 A _   0.019 0.091 0.001 0.017 0.009 0.019 0.042 0.802 
 490 P _   0.018 0.073 0.001 0.014 0.008 0.018 0.042 0.826 
 491 T _   0.017 0.059 0.001 0.012 0.007 0.017 0.043 0.846 
 492 P _   0.015 0.048 0.001 0.010 0.006 0.016 0.043 0.861 
 493 Q _   0.014 0.040 0.001 0.009 0.005 0.015 0.044 0.872 
 494 Q _   0.013 0.034 0.001 0.009 0.005 0.015 0.044 0.880 
 495 L _   0.012 0.030 0.001 0.008 0.005 0.014 0.043 0.886 
 496 Q _   0.012 0.028 0.001 0.009 0.005 0.014 0.043 0.889 
 497 A _   0.012 0.026 0.001 0.009 0.005 0.015 0.043 0.891 
 498 F _   0.012 0.025 0.001 0.009 0.005 0.015 0.042 0.891 
 499 K _   0.012 0.024 0.001 0.010 0.006 0.016 0.042 0.890 
 500 N _   0.012 0.024 0.001 0.012 0.006 0.017 0.041 0.887 
 501 E _   0.013 0.024 0.001 0.013 0.007 0.018 0.041 0.884 
 502 V _   0.015 0.024 0.001 0.013 0.007 0.019 0.040 0.881 
 503 G _   0.016 0.023 0.001 0.013 0.008 0.021 0.040 0.879 
 504 V _   0.018 0.023 0.001 0.012 0.008 0.022 0.039 0.877 
 505 L _   0.021 0.022 0.001 0.011 0.008 0.024 0.039 0.874 
 506 R _   0.023 0.021 0.001 0.010 0.009 0.027 0.038 0.871 
 507 K _   0.027 0.021 0.001 0.009 0.010 0.030 0.038 0.864 
 508 T _   0.031 0.022 0.001 0.009 0.012 0.033 0.037 0.854 
 509 R _   0.036 0.024 0.001 0.011 0.015 0.037 0.036 0.839 
 510 H _   0.042 0.029 0.001 0.014 0.019 0.041 0.036 0.818 
 511 V _   0.048 0.036 0.002 0.020 0.024 0.044 0.035 0.791 
 512 N _   0.053 0.046 0.002 0.028 0.028 0.047 0.034 0.762 
 513 I _   0.057 0.054 0.002 0.037 0.031 0.047 0.034 0.738 
 514 L _   0.058 0.060 0.002 0.044 0.032 0.047 0.034 0.724 
 515 L _   0.056 0.061 0.002 0.046 0.031 0.045 0.034 0.724 
 516 F _   0.053 0.059 0.002 0.044 0.028 0.041 0.035 0.739 
 517 M _   0.048 0.052 0.002 0.037 0.023 0.038 0.035 0.765 
 518 G _   0.043 0.042 0.002 0.028 0.018 0.033 0.036 0.799 
 519 Y _   0.037 0.029 0.001 0.018 0.013 0.030 0.037 0.836 
 520 S _   0.032 0.017 0.001 0.011 0.009 0.027 0.037 0.866 
 521 T _   0.028 0.011 0.001 0.006 0.007 0.025 0.038 0.885 
 522 K _   0.026 0.008 0.001 0.005 0.005 0.024 0.038 0.894 
 523 P _   0.025 0.008 0.001 0.005 0.006 0.024 0.038 0.895 
 524 Q _   0.025 0.009 0.001 0.007 0.007 0.025 0.037 0.889 
 525 L _   0.027 0.011 0.001 0.011 0.009 0.027 0.037 0.877 
 526 A _   0.028 0.016 0.001 0.017 0.012 0.029 0.037 0.860 
 527 I _   0.028 0.022 0.001 0.025 0.015 0.030 0.036 0.842 
 528 V _   0.028 0.026 0.001 0.032 0.017 0.030 0.036 0.830 
 529 T _   0.027 0.028 0.001 0.035 0.017 0.029 0.036 0.826 
 530 Q _   0.025 0.028 0.001 0.035 0.016 0.028 0.036 0.831 
 531 W _   0.023 0.025 0.001 0.030 0.014 0.025 0.036 0.844 
 532 C _   0.021 0.021 0.001 0.024 0.012 0.023 0.037 0.862 
 533 E _   0.018 0.016 0.001 0.017 0.009 0.021 0.037 0.881 
 534 G _   0.017 0.010 0.001 0.011 0.007 0.019 0.037 0.898 
 535 S _   0.016 0.006 0.001 0.007 0.005 0.018 0.037 0.910 
 536 S _   0.016 0.003 0.000 0.005 0.004 0.017 0.037 0.915 
 537 L _   0.018 0.002 0.000 0.004 0.004 0.018 0.037 0.916 
 538 Y _   0.020 0.002 0.000 0.004 0.005 0.020 0.037 0.912 
 539 H _   0.023 0.002 0.001 0.005 0.005 0.022 0.037 0.905 
 540 H _   0.028 0.002 0.001 0.007 0.007 0.025 0.037 0.894 
 541 L _   0.033 0.003 0.001 0.009 0.009 0.028 0.036 0.880 
 542 H _   0.040 0.004 0.001 0.011 0.012 0.032 0.036 0.865 
 543 I _   0.047 0.005 0.001 0.013 0.014 0.036 0.035 0.850 
 544 I _   0.053 0.006 0.001 0.014 0.017 0.039 0.035 0.836 
 545 E _   0.060 0.007 0.001 0.014 0.019 0.041 0.034 0.823 
 546 T _   0.066 0.008 0.001 0.014 0.020 0.044 0.034 0.813 
 547 K _   0.071 0.008 0.001 0.013 0.022 0.045 0.034 0.805 
 548 F _   0.075 0.009 0.001 0.013 0.022 0.046 0.034 0.799 
 549 E _   0.077 0.010 0.001 0.013 0.023 0.046 0.034 0.795 
 550 M _   0.078 0.011 0.001 0.013 0.023 0.046 0.035 0.793 
 551 I _   0.078 0.012 0.001 0.014 0.022 0.045 0.035 0.792 
 552 K _   0.077 0.014 0.001 0.015 0.022 0.043 0.036 0.792 
 553 L _   0.073 0.015 0.001 0.017 0.021 0.041 0.036 0.794 
 554 I _   0.069 0.017 0.001 0.019 0.020 0.039 0.037 0.797 
 555 D _   0.063 0.018 0.001 0.020 0.019 0.036 0.038 0.804 
 556 I _   0.056 0.018 0.001 0.021 0.017 0.033 0.039 0.815 
 557 A _   0.049 0.018 0.001 0.020 0.015 0.030 0.040 0.828 
 558 R _   0.042 0.017 0.001 0.018 0.012 0.026 0.041 0.843 
 559 Q _   0.035 0.015 0.001 0.015 0.010 0.023 0.042 0.859 
 560 T _   0.029 0.014 0.001 0.013 0.008 0.020 0.043 0.873 
 561 A _   0.023 0.012 0.001 0.010 0.006 0.017 0.044 0.887 
 562 Q _   0.019 0.011 0.001 0.008 0.005 0.015 0.044 0.897 
 563 G _   0.016 0.010 0.000 0.007 0.004 0.014 0.044 0.904 
 564 M _   0.014 0.010 0.000 0.007 0.004 0.013 0.045 0.907 
 565 D _   0.013 0.011 0.000 0.007 0.004 0.013 0.045 0.907 
 566 Y _   0.012 0.013 0.001 0.009 0.005 0.013 0.045 0.904 
 567 L _   0.012 0.016 0.001 0.011 0.005 0.014 0.044 0.897 
 568 H _   0.012 0.020 0.001 0.015 0.006 0.014 0.044 0.889 
 569 A _   0.011 0.024 0.001 0.018 0.007 0.015 0.044 0.880 
 570 K _   0.011 0.027 0.001 0.022 0.008 0.015 0.044 0.873 
 571 S _   0.011 0.029 0.001 0.023 0.008 0.014 0.044 0.869 
 572 I _   0.011 0.031 0.001 0.024 0.008 0.014 0.045 0.868 
 573 I _   0.010 0.030 0.001 0.022 0.007 0.013 0.045 0.871 
 574 H _   0.010 0.029 0.001 0.019 0.006 0.012 0.046 0.877 
 575 R _   0.009 0.027 0.001 0.016 0.005 0.011 0.047 0.884 
 576 D _   0.008 0.024 0.001 0.012 0.004 0.010 0.047 0.892 
 577 L _   0.008 0.022 0.000 0.010 0.004 0.010 0.048 0.899 
 578 K _   0.007 0.020 0.000 0.007 0.003 0.009 0.049 0.903 
 579 S _   0.007 0.019 0.000 0.006 0.003 0.010 0.049 0.905 
 580 N _   0.008 0.019 0.000 0.006 0.003 0.010 0.050 0.904 
 581 N _   0.009 0.021 0.000 0.006 0.003 0.011 0.050 0.899 
 582 I _   0.010 0.024 0.000 0.007 0.004 0.013 0.050 0.891 
 583 F _   0.011 0.030 0.001 0.009 0.005 0.015 0.049 0.880 
 584 L _   0.013 0.039 0.001 0.011 0.006 0.018 0.049 0.864 
 585 H _   0.014 0.050 0.001 0.013 0.008 0.021 0.048 0.844 
 586 E _   0.016 0.065 0.001 0.016 0.010 0.024 0.047 0.821 
 587 D _   0.018 0.081 0.001 0.019 0.012 0.027 0.046 0.796 
 588 L _   0.020 0.099 0.001 0.022 0.015 0.029 0.046 0.768 
 589 T _   0.022 0.118 0.001 0.025 0.017 0.032 0.045 0.739 
 590 V _   0.024 0.138 0.001 0.029 0.019 0.034 0.044 0.710 
 591 K _   0.026 0.157 0.002 0.034 0.022 0.035 0.044 0.681 
 592 I _   0.028 0.173 0.002 0.039 0.023 0.036 0.044 0.656 
 593 G _   0.029 0.185 0.002 0.044 0.024 0.035 0.044 0.637 
 594 D _   0.029 0.192 0.002 0.047 0.025 0.034 0.045 0.626 
 595 F _   0.029 0.194 0.002 0.050 0.024 0.033 0.046 0.624 
 596 G _   0.027 0.192 0.002 0.049 0.022 0.031 0.047 0.630 
 597 L _   0.026 0.183 0.002 0.047 0.019 0.028 0.049 0.647 
 598 A _   0.023 0.166 0.002 0.041 0.017 0.025 0.052 0.674 
 599 T _   0.021 0.142 0.001 0.034 0.013 0.022 0.055 0.712 
 600 V _   0.018 0.110 0.001 0.026 0.011 0.019 0.058 0.757 
 601 K _   0.016 0.077 0.001 0.018 0.008 0.016 0.061 0.802 
 602 S _   0.014 0.050 0.001 0.012 0.006 0.014 0.064 0.840 
 603 R _   0.012 0.031 0.001 0.008 0.004 0.013 0.066 0.866 
 604 W _   0.010 0.021 0.000 0.006 0.003 0.011 0.067 0.882 
 605 S _   0.009 0.016 0.000 0.004 0.002 0.011 0.068 0.889 
 606 G _   0.009 0.013 0.000 0.004 0.002 0.012 0.069 0.891 
 607 S _   0.009 0.013 0.000 0.004 0.003 0.013 0.069 0.889 
 608 H _   0.011 0.014 0.000 0.005 0.003 0.016 0.069 0.882 
 609 Q _   0.014 0.017 0.001 0.006 0.005 0.019 0.068 0.870 
 610 F _   0.017 0.023 0.001 0.008 0.007 0.023 0.067 0.853 
 611 E _   0.022 0.033 0.001 0.011 0.010 0.028 0.066 0.829 
 612 Q _   0.027 0.048 0.001 0.015 0.014 0.033 0.065 0.797 
 613 L _   0.033 0.069 0.002 0.019 0.019 0.039 0.063 0.756 
 614 S _   0.039 0.096 0.002 0.024 0.025 0.043 0.061 0.709 
 615 G _   0.045 0.127 0.002 0.030 0.030 0.046 0.060 0.659 
 616 S _   0.050 0.156 0.002 0.037 0.035 0.048 0.059 0.613 
 617 I _   0.054 0.183 0.002 0.044 0.037 0.049 0.058 0.573 
 618 L _   0.055 0.202 0.002 0.051 0.038 0.048 0.058 0.546 
 619 W _   0.055 0.213 0.002 0.056 0.038 0.046 0.059 0.531 
 620 M _   0.054 0.218 0.002 0.059 0.036 0.043 0.060 0.528 
 621 A _   0.051 0.217 0.002 0.059 0.033 0.040 0.062 0.537 
 622 P _   0.048 0.209 0.002 0.055 0.028 0.035 0.065 0.558 
 623 E _   0.043 0.193 0.002 0.050 0.023 0.031 0.068 0.590 
 624 V _   0.038 0.167 0.002 0.042 0.018 0.026 0.072 0.635 
 625 I _   0.032 0.132 0.002 0.033 0.014 0.022 0.076 0.689 
 626 R _   0.027 0.092 0.001 0.024 0.010 0.018 0.081 0.748 
 627 M _   0.021 0.055 0.001 0.016 0.007 0.014 0.084 0.802 
 628 Q _   0.017 0.028 0.001 0.010 0.004 0.011 0.087 0.843 
 629 D _   0.013 0.012 0.000 0.006 0.003 0.008 0.088 0.870 
 630 K _   0.010 0.004 0.000 0.003 0.002 0.007 0.089 0.885 
 631 N _   0.009 0.001 0.000 0.002 0.001 0.006 0.089 0.891 
 632 P _   0.011 0.000 0.000 0.002 0.001 0.006 0.088 0.891 
 633 Y _   0.018 0.000 0.000 0.001 0.001 0.008 0.087 0.885 
 634 S _   0.032 0.000 0.000 0.002 0.002 0.011 0.084 0.869 
 635 F _   0.060 0.000 0.000 0.002 0.004 0.016 0.081 0.837 
 636 Q _   0.108 0.000 0.001 0.003 0.006 0.023 0.077 0.782 
 637 S _   0.174 0.000 0.001 0.004 0.012 0.033 0.073 0.704 
 638 D _   0.252 0.000 0.001 0.005 0.021 0.044 0.067 0.609 
 639 V _   0.335 0.001 0.002 0.006 0.033 0.054 0.062 0.508 
 640 Y _   0.409 0.001 0.002 0.007 0.047 0.061 0.058 0.415 
 641 A H   0.468 0.002 0.002 0.008 0.059 0.066 0.055 0.339 
 642 F H   0.512 0.004 0.003 0.008 0.069 0.068 0.054 0.283 
 643 G H   0.541 0.006 0.003 0.010 0.076 0.067 0.053 0.245 
 644 I H   0.558 0.008 0.003 0.011 0.079 0.065 0.053 0.223 
 645 V H   0.562 0.010 0.003 0.013 0.080 0.061 0.055 0.216 
 646 L H   0.553 0.011 0.003 0.014 0.078 0.058 0.057 0.225 
 647 Y H   0.530 0.012 0.003 0.016 0.074 0.054 0.061 0.251 
 648 E H   0.491 0.012 0.003 0.018 0.066 0.049 0.066 0.294 
 649 L H   0.435 0.012 0.003 0.020 0.056 0.044 0.073 0.357 
 650 M _   0.365 0.010 0.003 0.020 0.044 0.038 0.081 0.438 
 651 T _   0.289 0.008 0.002 0.019 0.031 0.032 0.090 0.528 
 652 G _   0.214 0.006 0.002 0.016 0.020 0.026 0.100 0.617 
 653 Q _   0.148 0.004 0.001 0.012 0.012 0.020 0.108 0.695 
 654 L _   0.096 0.002 0.001 0.008 0.007 0.015 0.115 0.756 
 655 P _   0.059 0.001 0.001 0.005 0.004 0.011 0.119 0.800 
 656 Y _   0.034 0.001 0.000 0.003 0.002 0.008 0.123 0.828 
 657 S _   0.020 0.000 0.000 0.002 0.002 0.007 0.124 0.844 
 658 N _   0.013 0.001 0.000 0.002 0.001 0.007 0.125 0.851 
 659 I _   0.010 0.001 0.000 0.002 0.001 0.008 0.126 0.852 
 660 N _   0.010 0.003 0.000 0.003 0.002 0.010 0.126 0.845 
 661 N _   0.012 0.010 0.000 0.006 0.004 0.015 0.124 0.827 
 662 R _   0.016 0.033 0.001 0.012 0.009 0.021 0.122 0.786 
 663 D _   0.019 0.085 0.002 0.024 0.015 0.026 0.118 0.710 
