#TopoPred_TM8: 8-state transmembrane topology prediction results by no_profile mode 
#probabilities are in the order of H E C I L F X _, the 8 transmembrane topology types used in PDBTM 
   1 M _   0.074 0.000 0.003 0.012 0.016 0.023 0.244 0.628 
   2 A _   0.065 0.000 0.000 0.004 0.005 0.016 0.247 0.664 
   3 L _   0.077 0.000 0.000 0.002 0.004 0.014 0.243 0.660 
   4 D _   0.158 0.000 0.001 0.002 0.006 0.015 0.224 0.594 
   5 Y _   0.298 0.000 0.001 0.002 0.010 0.018 0.187 0.484 
   6 L H   0.456 0.000 0.002 0.001 0.015 0.019 0.137 0.370 
   7 L H   0.593 0.000 0.002 0.001 0.018 0.018 0.099 0.269 
   8 L H   0.692 0.000 0.002 0.001 0.018 0.015 0.073 0.198 
   9 L H   0.753 0.000 0.001 0.001 0.018 0.013 0.058 0.155 
  10 L H   0.787 0.000 0.001 0.001 0.018 0.011 0.048 0.133 
  11 L H   0.802 0.000 0.001 0.001 0.018 0.010 0.043 0.126 
  12 A H   0.802 0.000 0.001 0.001 0.017 0.009 0.039 0.130 
  13 S H   0.791 0.000 0.001 0.001 0.017 0.009 0.036 0.145 
  14 A H   0.765 0.000 0.001 0.001 0.016 0.009 0.035 0.173 
  15 V H   0.723 0.000 0.001 0.001 0.016 0.009 0.034 0.216 
  16 A H   0.665 0.000 0.001 0.001 0.014 0.010 0.034 0.275 
  17 A H   0.590 0.000 0.001 0.001 0.013 0.010 0.035 0.349 
  18 M H   0.507 0.000 0.001 0.002 0.011 0.010 0.037 0.432 
  19 E _   0.416 0.000 0.001 0.002 0.009 0.011 0.039 0.523 
  20 E _   0.325 0.000 0.001 0.002 0.007 0.011 0.041 0.613 
  21 T _   0.244 0.000 0.001 0.002 0.006 0.011 0.043 0.693 
  22 L _   0.180 0.000 0.001 0.002 0.005 0.011 0.045 0.756 
  23 M _   0.132 0.000 0.001 0.002 0.004 0.011 0.046 0.803 
  24 D _   0.098 0.000 0.000 0.003 0.004 0.012 0.047 0.835 
  25 T _   0.075 0.001 0.001 0.004 0.004 0.013 0.048 0.854 
  26 R _   0.059 0.002 0.001 0.006 0.005 0.015 0.049 0.863 
  27 T _   0.049 0.005 0.001 0.010 0.007 0.016 0.049 0.863 
  28 A _   0.040 0.009 0.001 0.016 0.008 0.018 0.050 0.858 
  29 T _   0.034 0.014 0.001 0.022 0.010 0.018 0.050 0.851 
  30 A _   0.028 0.018 0.001 0.027 0.011 0.018 0.051 0.846 
  31 E _   0.024 0.020 0.001 0.029 0.010 0.017 0.051 0.846 
  32 L _   0.020 0.021 0.001 0.029 0.009 0.016 0.052 0.851 
  33 G _   0.016 0.021 0.001 0.026 0.008 0.014 0.053 0.861 
  34 W _   0.014 0.019 0.001 0.021 0.006 0.012 0.054 0.872 
  35 T _   0.011 0.017 0.001 0.016 0.005 0.011 0.055 0.884 
  36 A _   0.009 0.015 0.000 0.012 0.004 0.009 0.056 0.894 
  37 N _   0.008 0.013 0.000 0.009 0.003 0.008 0.057 0.902 
  38 P _   0.007 0.012 0.000 0.008 0.003 0.007 0.058 0.906 
  39 A _   0.006 0.011 0.000 0.007 0.002 0.007 0.058 0.907 
  40 S _   0.006 0.011 0.000 0.008 0.002 0.007 0.058 0.907 
  41 G _   0.006 0.012 0.000 0.009 0.003 0.007 0.058 0.905 
  42 W _   0.006 0.013 0.000 0.010 0.003 0.007 0.058 0.903 
  43 E _   0.006 0.014 0.000 0.011 0.003 0.007 0.058 0.901 
  44 E _   0.006 0.015 0.000 0.011 0.003 0.007 0.057 0.900 
  45 V _   0.005 0.016 0.000 0.011 0.003 0.007 0.057 0.901 
  46 S _   0.005 0.017 0.000 0.010 0.003 0.007 0.056 0.902 
  47 G _   0.005 0.018 0.000 0.009 0.003 0.007 0.055 0.903 
  48 Y _   0.005 0.019 0.000 0.008 0.003 0.008 0.054 0.904 
  49 D _   0.005 0.021 0.000 0.008 0.003 0.009 0.053 0.902 
  50 E _   0.006 0.024 0.000 0.008 0.003 0.010 0.052 0.896 
  51 N _   0.007 0.030 0.000 0.010 0.004 0.012 0.051 0.886 
  52 L _   0.008 0.039 0.001 0.014 0.006 0.015 0.049 0.869 
  53 N _   0.009 0.053 0.001 0.019 0.008 0.017 0.047 0.846 
  54 T _   0.011 0.071 0.001 0.026 0.010 0.020 0.045 0.817 
  55 I _   0.012 0.089 0.001 0.034 0.013 0.022 0.043 0.787 
  56 R _   0.012 0.104 0.001 0.041 0.014 0.023 0.042 0.763 
  57 T _   0.012 0.114 0.001 0.046 0.015 0.023 0.040 0.747 
  58 Y _   0.012 0.119 0.001 0.048 0.016 0.023 0.039 0.741 
  59 Q _   0.012 0.121 0.001 0.047 0.015 0.023 0.039 0.742 
  60 V _   0.012 0.118 0.001 0.043 0.014 0.021 0.039 0.751 
  61 C _   0.012 0.111 0.001 0.036 0.012 0.020 0.039 0.768 
  62 N _   0.012 0.101 0.001 0.029 0.010 0.019 0.040 0.789 
  63 V _   0.012 0.088 0.001 0.021 0.008 0.018 0.041 0.813 
  64 F _   0.011 0.075 0.001 0.014 0.006 0.017 0.041 0.835 
  65 E _   0.011 0.065 0.001 0.009 0.005 0.016 0.041 0.851 
  66 P _   0.011 0.060 0.000 0.007 0.004 0.017 0.041 0.860 
  67 N _   0.012 0.058 0.000 0.006 0.004 0.018 0.041 0.861 
  68 Q _   0.014 0.059 0.001 0.006 0.005 0.020 0.040 0.854 
  69 N _   0.016 0.065 0.001 0.009 0.007 0.023 0.039 0.839 
  70 N _   0.019 0.079 0.001 0.014 0.011 0.027 0.038 0.812 
  71 W _   0.022 0.099 0.001 0.020 0.014 0.029 0.037 0.777 
  72 L _   0.023 0.122 0.001 0.028 0.017 0.032 0.036 0.740 
  73 L _   0.024 0.141 0.002 0.035 0.019 0.033 0.035 0.712 
  74 T _   0.023 0.153 0.001 0.039 0.020 0.033 0.034 0.697 
  75 T _   0.023 0.159 0.001 0.039 0.019 0.032 0.034 0.691 
  76 F _   0.023 0.161 0.001 0.036 0.018 0.032 0.033 0.696 
  77 I _   0.022 0.158 0.001 0.031 0.016 0.031 0.034 0.708 
  78 N _   0.022 0.152 0.001 0.024 0.014 0.030 0.034 0.723 
  79 R _   0.022 0.145 0.001 0.018 0.012 0.029 0.034 0.739 
  80 R _   0.022 0.139 0.001 0.013 0.010 0.029 0.034 0.751 
  81 G _   0.023 0.135 0.001 0.011 0.010 0.030 0.034 0.756 
  82 A _   0.024 0.135 0.001 0.010 0.010 0.031 0.034 0.755 
  83 H _   0.026 0.139 0.001 0.012 0.011 0.032 0.034 0.745 
  84 R _   0.027 0.148 0.001 0.016 0.013 0.033 0.034 0.728 
  85 I _   0.028 0.162 0.001 0.022 0.016 0.034 0.034 0.704 
  86 Y _   0.028 0.178 0.001 0.029 0.018 0.034 0.033 0.679 
  87 T _   0.027 0.191 0.002 0.036 0.020 0.033 0.033 0.658 
  88 E _   0.026 0.200 0.002 0.042 0.020 0.031 0.034 0.645 
  89 M _   0.024 0.204 0.001 0.045 0.020 0.029 0.034 0.642 
  90 R _   0.022 0.203 0.001 0.046 0.018 0.027 0.035 0.648 
  91 F _   0.020 0.196 0.001 0.043 0.016 0.024 0.036 0.664 
  92 T _   0.018 0.182 0.001 0.037 0.014 0.021 0.037 0.689 
  93 V _   0.016 0.162 0.001 0.031 0.011 0.018 0.039 0.721 
  94 R _   0.014 0.138 0.001 0.025 0.009 0.016 0.041 0.757 
  95 D _   0.013 0.112 0.001 0.019 0.007 0.013 0.043 0.792 
  96 C _   0.011 0.090 0.001 0.014 0.005 0.012 0.045 0.823 
  97 S _   0.010 0.072 0.001 0.011 0.004 0.010 0.046 0.847 
  98 S _   0.009 0.060 0.000 0.009 0.003 0.009 0.047 0.863 
  99 L _   0.007 0.052 0.000 0.007 0.003 0.008 0.048 0.874 
 100 P _   0.007 0.048 0.000 0.006 0.002 0.007 0.048 0.881 
 101 N _   0.006 0.046 0.000 0.006 0.002 0.007 0.048 0.884 
 102 V _   0.006 0.045 0.000 0.006 0.002 0.007 0.048 0.885 
 103 P _   0.006 0.046 0.000 0.007 0.002 0.008 0.047 0.883 
 104 G _   0.006 0.049 0.000 0.008 0.003 0.008 0.046 0.879 
 105 S _   0.006 0.053 0.000 0.010 0.003 0.009 0.045 0.873 
 106 C _   0.006 0.059 0.000 0.012 0.004 0.010 0.044 0.864 
 107 K _   0.006 0.067 0.001 0.015 0.005 0.011 0.042 0.853 
 108 E _   0.007 0.076 0.001 0.018 0.006 0.012 0.040 0.841 
 109 T _   0.007 0.085 0.001 0.021 0.006 0.013 0.039 0.829 
 110 F _   0.007 0.093 0.001 0.023 0.007 0.013 0.038 0.819 
 111 N _   0.007 0.099 0.001 0.025 0.007 0.013 0.036 0.812 
 112 L _   0.007 0.103 0.001 0.025 0.007 0.013 0.035 0.808 
 113 Y _   0.007 0.106 0.001 0.024 0.007 0.013 0.035 0.807 
 114 Y _   0.007 0.106 0.001 0.023 0.007 0.012 0.034 0.810 
 115 Y _   0.007 0.105 0.001 0.021 0.006 0.012 0.034 0.815 
 116 E _   0.007 0.103 0.001 0.019 0.006 0.011 0.033 0.820 
 117 T _   0.007 0.101 0.001 0.016 0.005 0.011 0.033 0.826 
 118 D _   0.007 0.098 0.001 0.015 0.005 0.011 0.033 0.831 
 119 S _   0.007 0.096 0.001 0.013 0.004 0.011 0.033 0.835 
 120 V _   0.007 0.095 0.001 0.013 0.004 0.011 0.032 0.838 
 121 I _   0.007 0.094 0.001 0.013 0.004 0.011 0.032 0.838 
 122 A _   0.007 0.094 0.001 0.013 0.005 0.011 0.032 0.838 
 123 T _   0.007 0.094 0.001 0.013 0.005 0.011 0.031 0.837 
 124 K _   0.008 0.095 0.001 0.014 0.005 0.012 0.031 0.836 
 125 K _   0.008 0.096 0.001 0.015 0.005 0.012 0.030 0.834 
 126 S _   0.008 0.096 0.001 0.015 0.006 0.012 0.030 0.833 
 127 A _   0.008 0.097 0.001 0.016 0.006 0.012 0.029 0.832 
 128 F _   0.008 0.097 0.001 0.016 0.006 0.012 0.029 0.831 
 129 W _   0.008 0.097 0.001 0.017 0.006 0.012 0.028 0.831 
 130 S _   0.008 0.096 0.001 0.017 0.006 0.012 0.028 0.832 
 131 E _   0.009 0.095 0.001 0.017 0.006 0.012 0.028 0.832 
 132 A _   0.009 0.094 0.001 0.017 0.006 0.012 0.027 0.834 
 133 P _   0.009 0.092 0.001 0.016 0.006 0.012 0.027 0.836 
 134 Y _   0.009 0.090 0.001 0.016 0.006 0.012 0.027 0.839 
 135 L _   0.009 0.087 0.001 0.016 0.006 0.013 0.027 0.842 
 136 K _   0.010 0.083 0.001 0.015 0.006 0.013 0.027 0.845 
 137 V _   0.010 0.080 0.001 0.015 0.006 0.013 0.028 0.849 
 138 D _   0.010 0.076 0.001 0.015 0.006 0.012 0.028 0.853 
 139 T _   0.010 0.072 0.001 0.014 0.005 0.012 0.028 0.857 
 140 I _   0.010 0.069 0.001 0.013 0.005 0.012 0.028 0.862 
 141 A _   0.010 0.065 0.001 0.012 0.005 0.012 0.028 0.868 
 142 A _   0.010 0.062 0.001 0.011 0.005 0.012 0.028 0.873 
 143 D _   0.009 0.058 0.001 0.010 0.004 0.011 0.028 0.878 
 144 E _   0.009 0.056 0.000 0.009 0.004 0.012 0.028 0.882 
 145 S _   0.009 0.054 0.000 0.009 0.004 0.012 0.028 0.883 
 146 F _   0.009 0.054 0.000 0.009 0.004 0.013 0.028 0.883 
 147 S _   0.010 0.054 0.001 0.010 0.005 0.013 0.027 0.880 
 148 Q _   0.010 0.056 0.001 0.011 0.006 0.015 0.027 0.874 
 149 V _   0.011 0.059 0.001 0.013 0.007 0.016 0.026 0.867 
 150 D _   0.012 0.063 0.001 0.016 0.008 0.017 0.026 0.857 
 151 F _   0.013 0.066 0.001 0.019 0.009 0.019 0.025 0.847 
 152 G _   0.014 0.070 0.001 0.022 0.010 0.020 0.025 0.838 
 153 G _   0.015 0.071 0.001 0.024 0.011 0.020 0.025 0.832 
 154 R _   0.016 0.072 0.001 0.025 0.011 0.021 0.025 0.830 
 155 L _   0.016 0.071 0.001 0.025 0.011 0.021 0.025 0.831 
 156 M _   0.016 0.068 0.001 0.023 0.011 0.021 0.025 0.835 
 157 K _   0.016 0.064 0.001 0.021 0.011 0.020 0.025 0.842 
 158 V _   0.016 0.059 0.001 0.019 0.010 0.020 0.025 0.849 
 159 N _   0.016 0.054 0.001 0.018 0.009 0.020 0.025 0.857 
 160 T _   0.016 0.049 0.001 0.016 0.009 0.019 0.026 0.864 
 161 E _   0.016 0.044 0.001 0.015 0.008 0.019 0.026 0.870 
 162 V _   0.016 0.039 0.001 0.015 0.008 0.019 0.027 0.876 
 163 R _   0.016 0.035 0.001 0.014 0.008 0.019 0.027 0.881 
 164 S _   0.015 0.031 0.001 0.014 0.007 0.018 0.027 0.887 
 165 F _   0.015 0.027 0.001 0.013 0.007 0.018 0.027 0.892 
 166 G _   0.015 0.023 0.001 0.012 0.007 0.018 0.028 0.897 
 167 P _   0.015 0.020 0.001 0.011 0.007 0.019 0.028 0.900 
 168 L _   0.015 0.018 0.001 0.011 0.007 0.020 0.028 0.902 
 169 T _   0.016 0.015 0.001 0.011 0.007 0.021 0.028 0.902 
 170 R _   0.017 0.014 0.001 0.011 0.008 0.022 0.027 0.900 
 171 N _   0.019 0.013 0.001 0.012 0.009 0.024 0.027 0.895 
 172 G _   0.021 0.012 0.001 0.014 0.010 0.026 0.027 0.889 
 173 F _   0.025 0.011 0.001 0.015 0.011 0.028 0.027 0.882 
 174 Y _   0.029 0.010 0.001 0.015 0.012 0.030 0.027 0.875 
 175 L _   0.034 0.009 0.001 0.015 0.012 0.032 0.027 0.869 
 176 A _   0.041 0.007 0.001 0.014 0.013 0.034 0.026 0.863 
 177 F _   0.050 0.006 0.001 0.012 0.013 0.035 0.026 0.857 
 178 Q _   0.061 0.004 0.001 0.010 0.013 0.037 0.026 0.849 
 179 D _   0.075 0.002 0.001 0.007 0.014 0.039 0.025 0.836 
 180 Y _   0.094 0.001 0.001 0.006 0.015 0.041 0.025 0.816 
 181 G _   0.118 0.001 0.001 0.005 0.017 0.044 0.025 0.789 
 182 A _   0.144 0.001 0.001 0.005 0.021 0.048 0.024 0.757 
 183 C _   0.172 0.001 0.001 0.005 0.026 0.051 0.024 0.720 
 184 M _   0.198 0.002 0.002 0.007 0.032 0.054 0.024 0.682 
 185 S _   0.221 0.003 0.002 0.009 0.037 0.056 0.025 0.647 
 186 L _   0.237 0.004 0.002 0.012 0.042 0.057 0.025 0.620 
 187 L _   0.244 0.006 0.002 0.015 0.044 0.056 0.026 0.606 
 188 S _   0.243 0.007 0.002 0.018 0.043 0.053 0.028 0.605 
 189 V _   0.234 0.007 0.002 0.020 0.041 0.050 0.030 0.617 
 190 R _   0.217 0.007 0.002 0.019 0.036 0.045 0.032 0.643 
 191 V _   0.194 0.006 0.002 0.017 0.029 0.040 0.034 0.680 
 192 F _   0.166 0.004 0.002 0.013 0.022 0.034 0.036 0.724 
 193 F _   0.137 0.002 0.001 0.009 0.015 0.029 0.038 0.769 
 194 K _   0.107 0.001 0.001 0.006 0.010 0.024 0.040 0.811 
 195 K _   0.081 0.001 0.001 0.004 0.007 0.021 0.041 0.845 
 196 C _   0.061 0.000 0.001 0.003 0.005 0.018 0.042 0.870 
 197 P _   0.047 0.000 0.000 0.002 0.004 0.017 0.043 0.886 
 198 S _   0.039 0.000 0.000 0.003 0.004 0.017 0.044 0.893 
 199 I _   0.034 0.001 0.000 0.004 0.005 0.018 0.044 0.894 
 200 V _   0.032 0.002 0.001 0.006 0.006 0.020 0.044 0.889 
 201 Q _   0.031 0.004 0.001 0.010 0.008 0.022 0.045 0.879 
 202 N _   0.031 0.007 0.001 0.015 0.011 0.024 0.045 0.866 
 203 F _   0.030 0.011 0.001 0.020 0.013 0.026 0.045 0.853 
 204 A _   0.029 0.014 0.001 0.026 0.015 0.027 0.045 0.842 
 205 V _   0.028 0.016 0.001 0.029 0.016 0.027 0.046 0.837 
 206 F _   0.027 0.016 0.001 0.029 0.016 0.027 0.047 0.838 
 207 P _   0.025 0.016 0.001 0.026 0.014 0.026 0.048 0.844 
 208 E _   0.024 0.014 0.001 0.022 0.012 0.024 0.049 0.854 
 209 T _   0.022 0.011 0.001 0.017 0.010 0.022 0.050 0.866 
 210 M _   0.021 0.009 0.001 0.012 0.008 0.021 0.051 0.878 
 211 T _   0.020 0.007 0.001 0.008 0.006 0.020 0.052 0.887 
 212 G _   0.020 0.005 0.001 0.006 0.005 0.020 0.053 0.891 
 213 A _   0.020 0.005 0.001 0.005 0.005 0.021 0.053 0.889 
 214 E _   0.022 0.006 0.001 0.006 0.006 0.023 0.054 0.882 
 215 S _   0.025 0.008 0.001 0.008 0.009 0.026 0.054 0.869 
 216 T _   0.029 0.013 0.001 0.012 0.012 0.029 0.054 0.850 
 217 S _   0.032 0.021 0.001 0.020 0.016 0.031 0.054 0.824 
 218 L _   0.035 0.030 0.002 0.028 0.020 0.033 0.055 0.798 
 219 V _   0.036 0.038 0.002 0.036 0.022 0.034 0.055 0.776 
 220 I _   0.036 0.043 0.002 0.042 0.023 0.033 0.057 0.764 
 221 A _   0.034 0.046 0.002 0.044 0.022 0.031 0.058 0.763 
 222 R _   0.032 0.045 0.002 0.042 0.020 0.029 0.060 0.771 
 223 G _   0.029 0.041 0.001 0.036 0.017 0.025 0.062 0.788 
 224 T _   0.025 0.035 0.001 0.028 0.013 0.022 0.064 0.810 
 225 C _   0.022 0.027 0.001 0.021 0.010 0.019 0.067 0.835 
 226 I _   0.018 0.018 0.001 0.014 0.007 0.016 0.069 0.857 
 227 P _   0.015 0.012 0.001 0.009 0.005 0.013 0.071 0.874 
 228 N _   0.013 0.009 0.000 0.006 0.004 0.012 0.072 0.884 
 229 A _   0.011 0.007 0.000 0.005 0.003 0.011 0.074 0.889 
 230 E _   0.010 0.006 0.000 0.005 0.003 0.010 0.074 0.890 
 231 E _   0.010 0.007 0.000 0.006 0.003 0.010 0.075 0.889 
 232 V _   0.010 0.008 0.000 0.007 0.004 0.011 0.075 0.885 
 233 D _   0.010 0.009 0.001 0.009 0.004 0.011 0.076 0.880 
 234 V _   0.010 0.011 0.001 0.011 0.005 0.012 0.076 0.874 
 235 P _   0.010 0.014 0.001 0.013 0.005 0.012 0.076 0.869 
 236 I _   0.010 0.016 0.001 0.014 0.006 0.013 0.076 0.865 
 237 K _   0.010 0.017 0.001 0.014 0.006 0.013 0.077 0.864 
 238 L _   0.009 0.018 0.001 0.013 0.005 0.013 0.077 0.864 
 239 Y _   0.009 0.019 0.001 0.011 0.005 0.013 0.077 0.866 
 240 C _   0.009 0.019 0.001 0.010 0.005 0.013 0.077 0.866 
 241 N _   0.009 0.021 0.001 0.009 0.005 0.014 0.077 0.864 
 242 G _   0.010 0.024 0.001 0.009 0.005 0.016 0.077 0.858 
 243 D _   0.012 0.028 0.001 0.011 0.006 0.018 0.077 0.847 
 244 G _   0.014 0.036 0.001 0.014 0.008 0.020 0.077 0.829 
 245 E _   0.017 0.048 0.001 0.020 0.011 0.022 0.077 0.806 
 246 W _   0.018 0.062 0.001 0.027 0.013 0.024 0.076 0.778 
 247 M _   0.019 0.076 0.001 0.035 0.015 0.025 0.076 0.752 
 248 V _   0.020 0.087 0.001 0.042 0.017 0.025 0.077 0.732 
 249 P _   0.019 0.093 0.001 0.047 0.017 0.025 0.078 0.720 
 250 I _   0.019 0.095 0.001 0.048 0.016 0.023 0.079 0.718 
 251 G _   0.017 0.094 0.001 0.046 0.015 0.021 0.081 0.724 
 252 R _   0.016 0.089 0.001 0.041 0.012 0.019 0.084 0.737 
 253 C _   0.015 0.080 0.001 0.034 0.010 0.017 0.087 0.757 
 254 T _   0.013 0.068 0.001 0.025 0.008 0.014 0.090 0.782 
 255 C _   0.011 0.054 0.001 0.018 0.005 0.012 0.092 0.807 
 256 K _   0.009 0.042 0.001 0.012 0.004 0.010 0.095 0.829 
 257 P _   0.008 0.033 0.000 0.008 0.003 0.008 0.096 0.844 
 258 G _   0.006 0.029 0.000 0.005 0.002 0.007 0.097 0.854 
 259 Y _   0.006 0.027 0.000 0.004 0.002 0.006 0.097 0.859 
 260 E _   0.005 0.027 0.000 0.004 0.002 0.006 0.097 0.860 
 261 P _   0.005 0.029 0.000 0.004 0.002 0.007 0.095 0.857 
 262 E _   0.006 0.035 0.000 0.006 0.002 0.008 0.094 0.849 
 263 N _   0.006 0.047 0.000 0.009 0.004 0.010 0.091 0.832 
 264 S _   0.007 0.070 0.001 0.014 0.005 0.012 0.087 0.803 
 265 V _   0.008 0.106 0.001 0.020 0.007 0.014 0.083 0.761 
 266 A _   0.008 0.149 0.001 0.027 0.009 0.015 0.078 0.713 
 267 C _   0.007 0.190 0.001 0.033 0.010 0.015 0.074 0.669 
 268 K _   0.007 0.224 0.001 0.038 0.010 0.015 0.071 0.634 
 269 A _   0.006 0.247 0.001 0.041 0.010 0.015 0.068 0.612 
 270 C _   0.006 0.261 0.001 0.041 0.009 0.014 0.067 0.601 
 271 P _   0.006 0.268 0.001 0.039 0.009 0.014 0.066 0.597 
 272 A _   0.006 0.271 0.001 0.036 0.008 0.013 0.065 0.600 
 273 G _   0.006 0.270 0.001 0.032 0.007 0.012 0.065 0.607 
 274 T _   0.006 0.266 0.001 0.028 0.006 0.011 0.065 0.617 
 275 F _   0.006 0.259 0.001 0.024 0.006 0.011 0.066 0.628 
 276 K _   0.006 0.251 0.001 0.022 0.005 0.010 0.066 0.639 
 277 A _   0.005 0.243 0.001 0.020 0.005 0.010 0.067 0.649 
 278 S _   0.005 0.236 0.001 0.019 0.004 0.010 0.068 0.657 
 279 Q _   0.006 0.228 0.001 0.019 0.004 0.010 0.069 0.664 
 280 E _   0.006 0.221 0.001 0.019 0.004 0.009 0.070 0.670 
 281 A _   0.006 0.214 0.001 0.020 0.004 0.009 0.071 0.676 
 282 E _   0.006 0.205 0.001 0.020 0.004 0.009 0.072 0.683 
 283 G _   0.006 0.195 0.001 0.019 0.004 0.009 0.073 0.693 
 284 C _   0.006 0.183 0.001 0.018 0.004 0.008 0.075 0.706 
 285 S _   0.006 0.168 0.001 0.016 0.004 0.008 0.076 0.722 
 286 H _   0.005 0.153 0.000 0.014 0.003 0.007 0.078 0.740 
 287 C _   0.005 0.139 0.000 0.011 0.003 0.007 0.079 0.757 
 288 P _   0.005 0.128 0.000 0.009 0.002 0.006 0.080 0.771 
 289 S _   0.004 0.120 0.000 0.007 0.002 0.006 0.080 0.781 
 290 N _   0.004 0.116 0.000 0.006 0.002 0.006 0.080 0.786 
 291 S _   0.004 0.115 0.000 0.005 0.002 0.007 0.079 0.788 
 292 R _   0.004 0.118 0.000 0.006 0.002 0.008 0.077 0.783 
 293 S _   0.005 0.126 0.000 0.008 0.003 0.010 0.075 0.772 
 294 P _   0.006 0.144 0.001 0.012 0.004 0.013 0.072 0.748 
 295 A _   0.008 0.178 0.001 0.019 0.007 0.016 0.067 0.705 
 296 E _   0.009 0.233 0.001 0.027 0.010 0.019 0.061 0.641 
 297 A _   0.009 0.306 0.002 0.036 0.013 0.020 0.054 0.560 
 298 S _   0.008 0.384 0.002 0.045 0.015 0.020 0.048 0.479 
 299 P E   0.007 0.448 0.002 0.052 0.016 0.020 0.042 0.412 
 300 I E   0.007 0.492 0.001 0.059 0.016 0.019 0.039 0.368 
 301 C E   0.007 0.517 0.001 0.063 0.015 0.018 0.037 0.342 
 302 T E   0.006 0.529 0.001 0.065 0.015 0.017 0.035 0.331 
 303 C E   0.006 0.531 0.001 0.064 0.014 0.016 0.035 0.331 
 304 R E   0.007 0.525 0.001 0.062 0.013 0.015 0.035 0.342 
 305 T E   0.007 0.506 0.001 0.056 0.012 0.014 0.036 0.367 
 306 G E   0.007 0.472 0.001 0.049 0.012 0.014 0.037 0.409 
 307 Y _   0.008 0.417 0.001 0.040 0.010 0.013 0.039 0.471 
 308 Y _   0.008 0.348 0.001 0.030 0.009 0.012 0.042 0.550 
 309 R _   0.008 0.278 0.001 0.021 0.007 0.011 0.044 0.630 
 310 A _   0.008 0.224 0.001 0.014 0.005 0.010 0.046 0.692 
 311 D _   0.006 0.192 0.000 0.009 0.003 0.009 0.047 0.732 
 312 F _   0.005 0.176 0.000 0.007 0.002 0.009 0.048 0.753 
 313 D _   0.005 0.169 0.000 0.006 0.002 0.008 0.048 0.761 
 314 P _   0.005 0.168 0.000 0.007 0.002 0.009 0.048 0.761 
 315 P _   0.005 0.172 0.000 0.009 0.003 0.010 0.047 0.754 
 316 E _   0.006 0.180 0.001 0.012 0.004 0.011 0.046 0.741 
 317 V _   0.006 0.192 0.001 0.017 0.005 0.011 0.045 0.724 
 318 A _   0.006 0.203 0.001 0.020 0.006 0.012 0.043 0.709 
 319 C _   0.006 0.213 0.001 0.022 0.006 0.012 0.042 0.697 
 320 T _   0.006 0.220 0.001 0.023 0.006 0.012 0.041 0.691 
 321 S _   0.006 0.223 0.001 0.022 0.006 0.012 0.041 0.689 
 322 V _   0.006 0.224 0.001 0.020 0.006 0.013 0.040 0.691 
 323 P _   0.006 0.224 0.001 0.017 0.006 0.013 0.040 0.694 
 324 S _   0.006 0.223 0.001 0.015 0.005 0.013 0.040 0.697 
 325 G _   0.007 0.222 0.001 0.013 0.005 0.014 0.040 0.698 
 326 P _   0.008 0.223 0.001 0.012 0.005 0.015 0.039 0.696 
 327 R _   0.009 0.227 0.001 0.012 0.006 0.017 0.039 0.690 
 328 N _   0.011 0.233 0.001 0.013 0.007 0.019 0.039 0.678 
 329 V _   0.012 0.245 0.001 0.015 0.009 0.021 0.038 0.659 
 330 I _   0.014 0.262 0.001 0.018 0.011 0.023 0.037 0.633 
 331 S _   0.016 0.282 0.001 0.021 0.013 0.025 0.037 0.605 
 332 I _   0.017 0.303 0.001 0.025 0.015 0.026 0.036 0.576 
 333 V _   0.018 0.323 0.001 0.030 0.017 0.027 0.036 0.550 
 334 N _   0.018 0.339 0.001 0.034 0.018 0.027 0.035 0.528 
 335 E _   0.018 0.350 0.001 0.037 0.018 0.026 0.036 0.514 
 336 T _   0.017 0.356 0.001 0.040 0.018 0.025 0.036 0.507 
 337 S _   0.017 0.357 0.001 0.041 0.017 0.024 0.037 0.507 
 338 I _   0.017 0.353 0.001 0.041 0.016 0.022 0.038 0.513 
 339 I _   0.016 0.342 0.001 0.039 0.014 0.020 0.040 0.527 
 340 L _   0.015 0.325 0.001 0.036 0.013 0.018 0.042 0.550 
 341 E _   0.014 0.300 0.001 0.032 0.011 0.017 0.044 0.581 
 342 W _   0.013 0.268 0.001 0.027 0.009 0.015 0.047 0.620 
 343 H _   0.012 0.232 0.001 0.022 0.007 0.013 0.050 0.663 
 344 P _   0.011 0.197 0.001 0.017 0.006 0.011 0.053 0.705 
 345 P _   0.009 0.168 0.001 0.012 0.004 0.010 0.056 0.740 
 346 R _   0.008 0.149 0.000 0.009 0.003 0.009 0.057 0.765 
 347 E _   0.007 0.136 0.000 0.007 0.002 0.008 0.058 0.781 
 348 T _   0.006 0.130 0.000 0.006 0.002 0.007 0.059 0.791 
 349 G _   0.005 0.128 0.000 0.005 0.002 0.007 0.059 0.794 
 350 G _   0.005 0.129 0.000 0.006 0.002 0.008 0.058 0.792 
 351 R _   0.005 0.135 0.000 0.007 0.002 0.008 0.057 0.785 
 352 D _   0.006 0.146 0.000 0.010 0.003 0.010 0.055 0.769 
 353 D _   0.006 0.167 0.001 0.014 0.005 0.012 0.053 0.743 
 354 V _   0.007 0.199 0.001 0.019 0.007 0.013 0.050 0.704 
 355 T _   0.007 0.242 0.001 0.026 0.008 0.015 0.047 0.654 
 356 Y _   0.007 0.290 0.001 0.033 0.010 0.016 0.044 0.600 
 357 N _   0.007 0.333 0.001 0.040 0.011 0.016 0.041 0.552 
 358 I _   0.006 0.366 0.001 0.046 0.011 0.016 0.039 0.515 
 359 I _   0.006 0.386 0.001 0.049 0.011 0.016 0.037 0.493 
 360 C _   0.006 0.397 0.001 0.051 0.011 0.015 0.037 0.482 
 361 K _   0.006 0.400 0.001 0.051 0.011 0.014 0.036 0.481 
 362 K _   0.006 0.396 0.001 0.048 0.010 0.014 0.037 0.488 
 363 C _   0.006 0.386 0.001 0.044 0.009 0.013 0.037 0.504 
 364 R _   0.006 0.366 0.001 0.038 0.008 0.012 0.039 0.529 
 365 A _   0.007 0.339 0.001 0.033 0.007 0.011 0.040 0.562 
 366 D _   0.007 0.304 0.001 0.026 0.006 0.010 0.043 0.603 
 367 R _   0.007 0.266 0.001 0.021 0.005 0.010 0.045 0.645 
 368 R _   0.007 0.232 0.001 0.016 0.004 0.009 0.047 0.684 
 369 S _   0.006 0.204 0.001 0.012 0.003 0.008 0.049 0.716 
 370 C _   0.006 0.184 0.000 0.009 0.003 0.008 0.050 0.741 
 371 S _   0.005 0.171 0.000 0.007 0.002 0.007 0.050 0.756 
 372 R _   0.005 0.164 0.000 0.006 0.002 0.007 0.051 0.765 
 373 C _   0.004 0.162 0.000 0.006 0.002 0.007 0.050 0.769 
 374 D _   0.004 0.162 0.000 0.006 0.002 0.008 0.049 0.767 
 375 D _   0.005 0.167 0.000 0.007 0.002 0.009 0.048 0.761 
 376 N _   0.005 0.177 0.000 0.009 0.003 0.011 0.047 0.748 
 377 V _   0.006 0.193 0.001 0.012 0.004 0.013 0.045 0.727 
 378 E _   0.007 0.216 0.001 0.016 0.006 0.015 0.042 0.699 
 379 F _   0.007 0.245 0.001 0.019 0.007 0.017 0.039 0.665 
 380 V _   0.008 0.277 0.001 0.022 0.009 0.018 0.036 0.628 
 381 P _   0.008 0.308 0.001 0.025 0.010 0.020 0.034 0.594 
 382 R _   0.009 0.336 0.001 0.026 0.011 0.022 0.031 0.564 
 383 Q _   0.009 0.358 0.001 0.027 0.012 0.023 0.030 0.540 
 384 L _   0.010 0.376 0.001 0.027 0.013 0.024 0.028 0.521 
 385 G _   0.011 0.389 0.001 0.026 0.014 0.025 0.027 0.506 
 386 L _   0.012 0.399 0.001 0.026 0.014 0.026 0.026 0.496 
 387 T _   0.014 0.405 0.001 0.024 0.015 0.027 0.025 0.489 
 388 E _   0.015 0.409 0.001 0.023 0.015 0.028 0.024 0.484 
 389 C _   0.017 0.411 0.001 0.022 0.016 0.029 0.024 0.481 
 390 R _   0.018 0.411 0.001 0.022 0.016 0.029 0.023 0.479 
 391 V _   0.020 0.410 0.001 0.022 0.016 0.029 0.023 0.479 
 392 S _   0.021 0.408 0.001 0.021 0.017 0.029 0.023 0.480 
 393 I _   0.022 0.404 0.001 0.022 0.017 0.029 0.023 0.483 
 394 S _   0.023 0.397 0.001 0.022 0.017 0.028 0.023 0.489 
 395 S _   0.024 0.388 0.001 0.022 0.016 0.028 0.023 0.499 
 396 L _   0.025 0.375 0.001 0.021 0.016 0.027 0.023 0.513 
 397 W _   0.024 0.359 0.001 0.020 0.015 0.026 0.024 0.531 
 398 A _   0.024 0.341 0.001 0.018 0.014 0.026 0.024 0.551 
 399 H _   0.023 0.323 0.001 0.017 0.013 0.025 0.025 0.573 
 400 T _   0.023 0.306 0.001 0.015 0.012 0.024 0.026 0.593 
 401 P _   0.022 0.293 0.001 0.015 0.011 0.023 0.026 0.609 
 402 Y _   0.021 0.282 0.001 0.015 0.010 0.022 0.027 0.621 
 403 T _   0.020 0.274 0.001 0.017 0.010 0.022 0.028 0.630 
 404 F _   0.019 0.267 0.001 0.019 0.010 0.021 0.028 0.636 
 405 D _   0.017 0.260 0.001 0.021 0.010 0.020 0.029 0.641 
 406 I _   0.017 0.252 0.001 0.023 0.010 0.019 0.030 0.647 
 407 Q _   0.015 0.242 0.001 0.025 0.010 0.018 0.031 0.657 
 408 A _   0.014 0.229 0.001 0.026 0.010 0.017 0.032 0.672 
 409 I _   0.013 0.210 0.001 0.025 0.009 0.015 0.033 0.693 
 410 N _   0.012 0.186 0.001 0.023 0.008 0.014 0.035 0.720 
 411 G _   0.012 0.158 0.001 0.020 0.007 0.013 0.036 0.753 
 412 V _   0.011 0.128 0.001 0.017 0.006 0.012 0.038 0.788 
 413 S _   0.010 0.099 0.001 0.013 0.005 0.011 0.040 0.822 
 414 S _   0.009 0.077 0.001 0.010 0.004 0.010 0.041 0.849 
 415 K _   0.008 0.063 0.000 0.007 0.003 0.009 0.042 0.867 
 416 S _   0.007 0.055 0.000 0.006 0.003 0.009 0.042 0.878 
 417 P _   0.007 0.051 0.000 0.005 0.003 0.009 0.043 0.882 
 418 F _   0.007 0.051 0.000 0.006 0.003 0.010 0.043 0.881 
 419 P _   0.007 0.052 0.000 0.007 0.003 0.011 0.042 0.876 
 420 P _   0.008 0.057 0.001 0.010 0.004 0.012 0.042 0.866 
 421 Q _   0.008 0.064 0.001 0.014 0.006 0.014 0.041 0.853 
 422 H _   0.009 0.073 0.001 0.018 0.007 0.015 0.040 0.837 
 423 V _   0.009 0.082 0.001 0.023 0.008 0.016 0.040 0.821 
 424 S _   0.009 0.090 0.001 0.026 0.009 0.017 0.039 0.809 
 425 V _   0.009 0.096 0.001 0.028 0.010 0.017 0.038 0.800 
 426 N _   0.010 0.099 0.001 0.029 0.010 0.017 0.038 0.797 
 427 I _   0.010 0.100 0.001 0.028 0.010 0.017 0.038 0.797 
 428 T _   0.010 0.098 0.001 0.025 0.009 0.017 0.038 0.802 
 429 T _   0.010 0.096 0.001 0.021 0.008 0.017 0.039 0.810 
 430 N _   0.010 0.092 0.001 0.017 0.007 0.016 0.039 0.819 
 431 Q _   0.010 0.088 0.001 0.013 0.006 0.016 0.039 0.827 
 432 A _   0.010 0.085 0.001 0.010 0.005 0.017 0.039 0.832 
 433 A _   0.010 0.084 0.001 0.009 0.005 0.018 0.039 0.834 
 434 P _   0.012 0.086 0.001 0.008 0.005 0.019 0.039 0.830 
 435 S _   0.014 0.090 0.001 0.009 0.006 0.022 0.039 0.820 
 436 T _   0.016 0.099 0.001 0.010 0.008 0.024 0.039 0.803 
 437 V _   0.019 0.113 0.001 0.013 0.011 0.028 0.038 0.778 
 438 P _   0.021 0.135 0.001 0.017 0.014 0.031 0.037 0.743 
 439 I _   0.024 0.163 0.001 0.021 0.017 0.034 0.036 0.704 
 440 M _   0.026 0.192 0.002 0.025 0.020 0.036 0.035 0.664 
 441 H _   0.028 0.220 0.002 0.028 0.022 0.038 0.035 0.628 
 442 Q _   0.029 0.245 0.002 0.031 0.024 0.039 0.034 0.597 
 443 V _   0.030 0.266 0.002 0.034 0.026 0.039 0.034 0.570 
 444 S _   0.030 0.282 0.002 0.037 0.026 0.038 0.034 0.551 
 445 A _   0.030 0.293 0.002 0.040 0.026 0.037 0.034 0.538 
 446 T _   0.030 0.300 0.002 0.042 0.025 0.035 0.035 0.532 
 447 M _   0.029 0.303 0.002 0.044 0.023 0.033 0.036 0.531 
 448 R _   0.027 0.300 0.002 0.045 0.021 0.030 0.038 0.537 
 449 S _   0.026 0.291 0.001 0.045 0.019 0.027 0.040 0.551 
 450 I _   0.023 0.275 0.001 0.042 0.017 0.024 0.042 0.575 
 451 T _   0.021 0.248 0.002 0.038 0.014 0.021 0.045 0.611 
 452 L _   0.019 0.210 0.001 0.032 0.012 0.018 0.049 0.658 
 453 S _   0.018 0.162 0.001 0.026 0.009 0.016 0.053 0.715 
 454 W _   0.016 0.113 0.001 0.019 0.007 0.013 0.057 0.774 
 455 P _   0.013 0.072 0.001 0.013 0.005 0.011 0.060 0.825 
 456 Q _   0.011 0.045 0.000 0.008 0.003 0.009 0.063 0.861 
 457 P _   0.008 0.030 0.000 0.005 0.002 0.008 0.064 0.882 
 458 E _   0.007 0.024 0.000 0.003 0.002 0.007 0.065 0.892 
 459 Q _   0.006 0.021 0.000 0.003 0.002 0.007 0.065 0.895 
 460 P _   0.007 0.022 0.000 0.004 0.002 0.008 0.065 0.893 
 461 N _   0.008 0.026 0.000 0.006 0.003 0.010 0.064 0.884 
 462 G _   0.009 0.036 0.001 0.010 0.004 0.013 0.062 0.865 
 463 I _   0.010 0.055 0.001 0.018 0.007 0.016 0.060 0.832 
 464 I _   0.011 0.085 0.001 0.029 0.010 0.019 0.057 0.787 
 465 L _   0.012 0.116 0.001 0.041 0.012 0.021 0.054 0.743 
 466 D _   0.011 0.139 0.001 0.051 0.014 0.022 0.052 0.710 
 467 Y _   0.011 0.153 0.001 0.057 0.014 0.022 0.050 0.691 
 468 E _   0.011 0.159 0.001 0.059 0.014 0.021 0.049 0.685 
 469 I _   0.010 0.160 0.001 0.057 0.013 0.020 0.049 0.689 
 470 R _   0.010 0.155 0.001 0.051 0.012 0.018 0.049 0.704 
 471 Y _   0.009 0.145 0.001 0.042 0.010 0.016 0.050 0.727 
 472 Y _   0.009 0.129 0.001 0.033 0.008 0.014 0.051 0.756 
 473 E _   0.008 0.109 0.001 0.024 0.006 0.012 0.052 0.788 
 474 K _   0.008 0.090 0.001 0.016 0.005 0.010 0.053 0.818 
 475 E _   0.007 0.075 0.000 0.011 0.003 0.009 0.053 0.841 
 476 H _   0.006 0.065 0.000 0.008 0.003 0.008 0.053 0.856 
 477 N _   0.006 0.059 0.000 0.007 0.002 0.008 0.053 0.865 
 478 E _   0.006 0.057 0.000 0.006 0.002 0.008 0.053 0.868 
 479 F _   0.006 0.056 0.000 0.007 0.002 0.008 0.052 0.868 
 480 N _   0.006 0.058 0.000 0.009 0.003 0.009 0.051 0.865 
 481 S _   0.006 0.060 0.000 0.011 0.003 0.009 0.050 0.859 
 482 S _   0.006 0.064 0.000 0.014 0.004 0.010 0.049 0.853 
 483 M _   0.006 0.067 0.001 0.016 0.005 0.011 0.047 0.848 
 484 A _   0.006 0.070 0.001 0.018 0.005 0.011 0.046 0.844 
 485 R _   0.006 0.072 0.001 0.018 0.005 0.011 0.045 0.843 
 486 S _   0.006 0.072 0.001 0.018 0.005 0.011 0.044 0.844 
 487 Q _   0.006 0.072 0.001 0.017 0.005 0.011 0.042 0.847 
 488 T _   0.006 0.071 0.001 0.015 0.005 0.011 0.041 0.851 
 489 N _   0.006 0.069 0.001 0.013 0.004 0.011 0.041 0.855 
 490 T _   0.006 0.068 0.001 0.012 0.004 0.012 0.040 0.858 
 491 A _   0.007 0.068 0.000 0.011 0.004 0.013 0.039 0.858 
 492 R _   0.008 0.069 0.001 0.010 0.004 0.014 0.038 0.857 
 493 I _   0.009 0.071 0.001 0.010 0.005 0.016 0.037 0.852 
 494 D _   0.011 0.074 0.001 0.011 0.006 0.018 0.036 0.844 
 495 G _   0.014 0.080 0.001 0.012 0.007 0.021 0.035 0.831 
 496 L _   0.017 0.088 0.001 0.013 0.009 0.024 0.033 0.814 
 497 R _   0.020 0.097 0.001 0.015 0.012 0.028 0.032 0.794 
 498 P _   0.024 0.109 0.001 0.017 0.014 0.031 0.031 0.772 
 499 G _   0.027 0.122 0.001 0.019 0.017 0.034 0.030 0.750 
 500 M _   0.030 0.135 0.001 0.021 0.019 0.036 0.029 0.729 
 501 V _   0.032 0.148 0.001 0.023 0.021 0.038 0.028 0.710 
 502 Y _   0.034 0.160 0.001 0.024 0.022 0.039 0.027 0.694 
 503 V _   0.035 0.171 0.002 0.024 0.022 0.039 0.026 0.681 
 504 V _   0.035 0.180 0.002 0.025 0.022 0.038 0.026 0.672 
 505 Q _   0.035 0.188 0.001 0.025 0.021 0.037 0.026 0.667 
 506 V _   0.033 0.193 0.001 0.024 0.020 0.036 0.025 0.666 
 507 R _   0.031 0.197 0.001 0.024 0.018 0.034 0.025 0.668 
 508 A _   0.029 0.199 0.001 0.022 0.017 0.032 0.026 0.673 
 509 R _   0.027 0.200 0.001 0.021 0.015 0.030 0.026 0.681 
 510 T _   0.024 0.200 0.001 0.019 0.013 0.028 0.026 0.689 
 511 V _   0.022 0.199 0.001 0.017 0.011 0.026 0.026 0.697 
 512 A _   0.020 0.199 0.001 0.015 0.010 0.025 0.026 0.704 
 513 G _   0.019 0.199 0.001 0.014 0.009 0.023 0.026 0.709 
 514 Y _   0.018 0.201 0.001 0.013 0.008 0.023 0.026 0.710 
 515 G _   0.017 0.204 0.001 0.014 0.008 0.022 0.026 0.708 
 516 K _   0.017 0.209 0.001 0.016 0.009 0.022 0.026 0.701 
 517 F _   0.017 0.215 0.001 0.019 0.010 0.022 0.026 0.690 
 518 S _   0.016 0.222 0.001 0.024 0.011 0.022 0.026 0.677 
 519 G _   0.017 0.228 0.001 0.030 0.012 0.022 0.026 0.664 
 520 K _   0.017 0.231 0.001 0.035 0.013 0.021 0.027 0.656 
 521 M _   0.016 0.230 0.001 0.039 0.013 0.020 0.027 0.654 
 522 C _   0.016 0.223 0.001 0.040 0.012 0.018 0.029 0.660 
 523 F _   0.015 0.209 0.001 0.039 0.011 0.017 0.030 0.678 
 524 Q _   0.014 0.184 0.001 0.035 0.010 0.015 0.032 0.710 
 525 T _   0.012 0.148 0.001 0.028 0.008 0.013 0.034 0.755 
 526 L _   0.011 0.103 0.001 0.021 0.006 0.011 0.037 0.810 
 527 T _   0.010 0.061 0.001 0.014 0.004 0.009 0.039 0.863 
 528 D _   0.008 0.030 0.000 0.008 0.003 0.007 0.041 0.902 
 529 D _   0.007 0.013 0.000 0.005 0.002 0.006 0.042 0.926 
 530 D _   0.006 0.005 0.000 0.003 0.001 0.005 0.042 0.938 
 531 Y _   0.005 0.002 0.000 0.002 0.001 0.004 0.042 0.943 
 532 K _   0.006 0.001 0.000 0.002 0.001 0.005 0.041 0.944 
 533 S _   0.007 0.001 0.000 0.003 0.001 0.005 0.040 0.942 
 534 E _   0.011 0.000 0.000 0.003 0.002 0.006 0.039 0.938 
 535 L _   0.016 0.000 0.000 0.004 0.003 0.008 0.037 0.932 
 536 R _   0.025 0.000 0.000 0.005 0.003 0.009 0.035 0.923 
 537 E _   0.038 0.000 0.000 0.005 0.004 0.010 0.032 0.910 
 538 Q _   0.058 0.000 0.001 0.004 0.004 0.010 0.030 0.893 
 539 L _   0.085 0.000 0.001 0.003 0.005 0.010 0.026 0.870 
 540 P _   0.123 0.000 0.001 0.002 0.005 0.010 0.023 0.837 
 541 L _   0.171 0.000 0.001 0.001 0.005 0.009 0.020 0.793 
 542 I _   0.233 0.000 0.001 0.001 0.005 0.009 0.017 0.735 
 543 A _   0.311 0.000 0.001 0.001 0.006 0.008 0.014 0.660 
 544 G _   0.405 0.000 0.001 0.000 0.006 0.007 0.012 0.569 
 545 S H   0.511 0.000 0.001 0.000 0.006 0.007 0.009 0.466 
 546 A H   0.621 0.000 0.001 0.000 0.006 0.006 0.008 0.358 
 547 A H   0.723 0.000 0.001 0.000 0.006 0.005 0.006 0.259 
 548 A H   0.808 0.000 0.001 0.000 0.006 0.004 0.005 0.176 
 549 G H   0.871 0.000 0.001 0.000 0.006 0.004 0.004 0.114 
 550 V H   0.914 0.000 0.001 0.000 0.006 0.003 0.003 0.074 
 551 V H   0.939 0.000 0.001 0.000 0.006 0.003 0.002 0.050 
 552 F H   0.952 0.000 0.001 0.000 0.006 0.002 0.002 0.036 
 553 V H   0.958 0.000 0.001 0.000 0.007 0.002 0.002 0.030 
 554 V H   0.959 0.000 0.001 0.000 0.007 0.002 0.001 0.029 
 555 S H   0.955 0.000 0.001 0.000 0.008 0.002 0.001 0.032 
 556 L H   0.946 0.000 0.001 0.000 0.009 0.003 0.001 0.041 
 557 V H   0.929 0.000 0.001 0.000 0.010 0.003 0.001 0.055 
 558 A H   0.904 0.000 0.001 0.000 0.011 0.003 0.001 0.079 
 559 I H   0.865 0.000 0.001 0.000 0.011 0.004 0.002 0.116 
 560 S H   0.811 0.000 0.001 0.001 0.012 0.005 0.003 0.169 
 561 I H   0.740 0.000 0.001 0.001 0.011 0.006 0.004 0.238 
 562 V H   0.655 0.000 0.001 0.001 0.011 0.006 0.005 0.320 
 563 C H   0.560 0.000 0.001 0.001 0.010 0.007 0.008 0.413 
 564 S _   0.460 0.000 0.001 0.001 0.009 0.008 0.010 0.511 
 565 R _   0.359 0.000 0.001 0.001 0.007 0.009 0.014 0.608 
 566 K _   0.269 0.000 0.001 0.002 0.006 0.009 0.018 0.695 
 567 R _   0.194 0.000 0.001 0.002 0.006 0.009 0.022 0.766 
 568 A _   0.135 0.000 0.001 0.003 0.005 0.010 0.025 0.821 
 569 Y _   0.093 0.000 0.001 0.004 0.005 0.010 0.028 0.859 
 570 S _   0.065 0.001 0.001 0.006 0.004 0.010 0.031 0.884 
 571 K _   0.045 0.001 0.001 0.007 0.004 0.010 0.033 0.899 
 572 E _   0.032 0.002 0.000 0.008 0.004 0.010 0.035 0.910 
 573 A _   0.023 0.002 0.000 0.008 0.004 0.009 0.036 0.916 
 574 V _   0.018 0.003 0.000 0.009 0.004 0.009 0.038 0.920 
 575 Y _   0.014 0.003 0.000 0.009 0.003 0.009 0.039 0.922 
 576 S _   0.011 0.004 0.000 0.009 0.003 0.008 0.040 0.923 
 577 D _   0.010 0.005 0.000 0.009 0.003 0.008 0.041 0.924 
 578 K _   0.009 0.005 0.000 0.008 0.003 0.008 0.042 0.924 
 579 L _   0.008 0.006 0.000 0.008 0.003 0.008 0.043 0.923 
 580 Q _   0.008 0.007 0.000 0.008 0.003 0.008 0.043 0.923 
 581 H _   0.007 0.008 0.000 0.008 0.003 0.008 0.044 0.922 
 582 Y _   0.007 0.010 0.000 0.007 0.003 0.009 0.044 0.920 
 583 S _   0.007 0.012 0.000 0.008 0.003 0.009 0.044 0.916 
 584 T _   0.007 0.016 0.000 0.008 0.003 0.010 0.044 0.911 
 585 G _   0.007 0.021 0.000 0.010 0.004 0.011 0.044 0.902 
 586 R _   0.008 0.029 0.001 0.013 0.005 0.013 0.043 0.889 
 587 G _   0.009 0.040 0.001 0.017 0.007 0.015 0.042 0.871 
 588 S _   0.010 0.053 0.001 0.023 0.009 0.017 0.041 0.847 
 589 P _   0.010 0.068 0.001 0.030 0.011 0.018 0.041 0.821 
 590 G _   0.011 0.082 0.001 0.038 0.013 0.020 0.040 0.796 
 591 M _   0.011 0.092 0.001 0.046 0.014 0.020 0.040 0.776 
 592 K _   0.012 0.098 0.001 0.051 0.014 0.020 0.040 0.763 
 593 I _   0.012 0.100 0.001 0.053 0.014 0.019 0.041 0.760 
 594 Y _   0.012 0.098 0.001 0.051 0.013 0.018 0.042 0.765 
 595 I _   0.011 0.092 0.001 0.046 0.012 0.017 0.043 0.779 
 596 D _   0.010 0.081 0.001 0.038 0.010 0.015 0.045 0.801 
 597 P _   0.010 0.064 0.001 0.028 0.007 0.013 0.047 0.830 
 598 F _   0.009 0.045 0.001 0.019 0.005 0.010 0.050 0.861 
 599 T _   0.008 0.029 0.001 0.012 0.004 0.009 0.051 0.887 
 600 Y _   0.007 0.017 0.000 0.007 0.003 0.007 0.053 0.906 
 601 E _   0.006 0.011 0.000 0.005 0.002 0.007 0.053 0.917 
 602 D _   0.005 0.008 0.000 0.003 0.002 0.007 0.054 0.922 
 603 P _   0.005 0.007 0.000 0.003 0.002 0.007 0.053 0.922 
 604 N _   0.006 0.007 0.000 0.004 0.002 0.009 0.053 0.919 
 605 E _   0.007 0.009 0.000 0.006 0.003 0.011 0.052 0.912 
 606 A _   0.009 0.012 0.000 0.009 0.004 0.014 0.051 0.900 
 607 V _   0.011 0.018 0.001 0.014 0.006 0.017 0.049 0.884 
 608 R _   0.012 0.025 0.001 0.019 0.008 0.021 0.048 0.867 
 609 E _   0.014 0.030 0.001 0.024 0.010 0.023 0.046 0.852 
 610 F _   0.015 0.035 0.001 0.027 0.012 0.025 0.045 0.840 
 611 A _   0.016 0.038 0.001 0.028 0.013 0.027 0.043 0.833 
 612 K _   0.018 0.039 0.001 0.027 0.014 0.028 0.042 0.831 
 613 E _   0.020 0.039 0.001 0.024 0.014 0.028 0.042 0.831 
 614 I _   0.022 0.038 0.001 0.022 0.014 0.029 0.041 0.833 
 615 D _   0.024 0.036 0.001 0.019 0.014 0.029 0.041 0.836 
 616 V _   0.026 0.034 0.001 0.017 0.013 0.029 0.041 0.838 
 617 S _   0.028 0.033 0.001 0.015 0.013 0.028 0.041 0.841 
 618 F _   0.029 0.031 0.001 0.015 0.012 0.028 0.041 0.843 
 619 V _   0.031 0.030 0.001 0.014 0.012 0.027 0.041 0.844 
 620 K _   0.031 0.029 0.001 0.014 0.012 0.027 0.041 0.845 
 621 I _   0.031 0.028 0.001 0.014 0.011 0.026 0.042 0.847 
 622 E _   0.030 0.028 0.001 0.013 0.011 0.025 0.042 0.850 
 623 E _   0.029 0.028 0.001 0.013 0.010 0.024 0.042 0.852 
 624 V _   0.028 0.028 0.001 0.013 0.010 0.023 0.042 0.855 
 625 I _   0.027 0.028 0.001 0.014 0.009 0.022 0.042 0.857 
 626 G _   0.025 0.028 0.001 0.014 0.009 0.021 0.043 0.859 
 627 A _   0.023 0.028 0.001 0.015 0.009 0.020 0.043 0.860 
 628 G _   0.022 0.029 0.001 0.016 0.009 0.019 0.043 0.862 
 629 E _   0.020 0.028 0.001 0.017 0.008 0.018 0.044 0.865 
 630 F _   0.018 0.028 0.001 0.017 0.008 0.016 0.044 0.869 
 631 G _   0.016 0.027 0.001 0.016 0.007 0.015 0.045 0.875 
 632 E _   0.014 0.025 0.001 0.014 0.006 0.013 0.045 0.882 
 633 V _   0.012 0.023 0.001 0.012 0.005 0.012 0.046 0.889 
 634 Y _   0.011 0.021 0.001 0.010 0.004 0.011 0.046 0.896 
 635 K _   0.010 0.020 0.000 0.008 0.003 0.010 0.047 0.902 
 636 G _   0.009 0.018 0.000 0.007 0.003 0.009 0.047 0.907 
 637 R _   0.008 0.018 0.000 0.006 0.003 0.009 0.047 0.909 
 638 L _   0.008 0.019 0.000 0.005 0.003 0.010 0.046 0.909 
 639 K _   0.008 0.021 0.000 0.005 0.003 0.010 0.046 0.906 
 640 L _   0.009 0.025 0.000 0.006 0.003 0.012 0.045 0.899 
 641 P _   0.010 0.033 0.001 0.008 0.005 0.014 0.044 0.885 
 642 G _   0.012 0.047 0.001 0.012 0.007 0.017 0.043 0.862 
 643 K _   0.014 0.071 0.001 0.017 0.009 0.020 0.041 0.827 
 644 R _   0.015 0.104 0.001 0.023 0.013 0.023 0.039 0.782 
 645 E _   0.016 0.143 0.002 0.031 0.016 0.025 0.037 0.731 
 646 I _   0.016 0.181 0.002 0.039 0.018 0.026 0.035 0.683 
 647 Y _   0.016 0.210 0.002 0.047 0.019 0.027 0.033 0.647 
 648 V _   0.016 0.229 0.001 0.052 0.019 0.026 0.032 0.623 
 649 A _   0.016 0.240 0.001 0.055 0.019 0.025 0.032 0.611 
 650 I _   0.016 0.245 0.001 0.055 0.018 0.024 0.032 0.609 
 651 K _   0.016 0.243 0.001 0.053 0.016 0.022 0.032 0.617 
 652 T _   0.015 0.234 0.001 0.047 0.014 0.020 0.033 0.635 
 653 L _   0.014 0.217 0.001 0.041 0.012 0.018 0.034 0.663 
 654 K _   0.013 0.192 0.001 0.033 0.010 0.017 0.035 0.699 
 655 A _   0.012 0.161 0.001 0.026 0.008 0.015 0.037 0.741 
 656 G _   0.011 0.128 0.001 0.019 0.007 0.013 0.038 0.783 
 657 Y _   0.010 0.100 0.001 0.014 0.005 0.012 0.039 0.820 
 658 S _   0.009 0.079 0.001 0.010 0.004 0.011 0.040 0.847 
 659 E _   0.008 0.066 0.000 0.007 0.003 0.010 0.041 0.865 
 660 K _   0.007 0.059 0.000 0.006 0.002 0.010 0.041 0.875 
 661 Q _   0.007 0.055 0.000 0.005 0.002 0.010 0.040 0.879 
 662 R _   0.008 0.055 0.000 0.006 0.003 0.011 0.040 0.878 
 663 R _   0.008 0.058 0.000 0.007 0.003 0.013 0.039 0.871 
