#TopoPred_TM8: 8-state transmembrane topology prediction results by no_profile mode 
#probabilities are in the order of H E C I L F X _, the 8 transmembrane topology types used in PDBTM 
   1 M X   0.012 0.001 0.002 0.056 0.010 0.011 0.779 0.129 
   2 E X   0.006 0.000 0.000 0.038 0.002 0.007 0.803 0.143 
   3 S X   0.003 0.000 0.000 0.027 0.001 0.005 0.809 0.154 
   4 L X   0.003 0.000 0.000 0.020 0.001 0.005 0.809 0.161 
   5 V X   0.003 0.000 0.000 0.017 0.001 0.006 0.805 0.167 
   6 F X   0.004 0.000 0.000 0.013 0.001 0.006 0.799 0.176 
   7 A X   0.004 0.001 0.000 0.010 0.002 0.006 0.792 0.186 
   8 R X   0.004 0.001 0.000 0.008 0.001 0.006 0.783 0.197 
   9 R X   0.004 0.001 0.000 0.006 0.001 0.005 0.773 0.210 
  10 S X   0.004 0.001 0.000 0.004 0.001 0.005 0.761 0.224 
  11 G X   0.003 0.001 0.000 0.003 0.001 0.005 0.748 0.238 
  12 P X   0.003 0.002 0.000 0.003 0.001 0.005 0.733 0.252 
  13 T X   0.003 0.003 0.000 0.004 0.002 0.006 0.717 0.266 
  14 P X   0.004 0.005 0.000 0.005 0.002 0.008 0.698 0.277 
  15 S X   0.004 0.012 0.001 0.009 0.004 0.010 0.674 0.286 
  16 A X   0.005 0.024 0.001 0.015 0.006 0.013 0.644 0.291 
  17 A X   0.006 0.046 0.001 0.024 0.009 0.016 0.609 0.289 
  18 E X   0.007 0.074 0.001 0.034 0.012 0.017 0.571 0.284 
  19 L X   0.007 0.101 0.002 0.044 0.013 0.018 0.536 0.279 
  20 A X   0.007 0.122 0.001 0.051 0.014 0.019 0.508 0.278 
  21 R X   0.007 0.135 0.001 0.055 0.014 0.018 0.486 0.284 
  22 P X   0.007 0.141 0.001 0.056 0.013 0.017 0.470 0.294 
  23 L X   0.007 0.143 0.001 0.053 0.012 0.016 0.458 0.309 
  24 A X   0.007 0.141 0.001 0.048 0.011 0.015 0.449 0.329 
  25 E X   0.007 0.135 0.001 0.040 0.009 0.013 0.441 0.355 
  26 G X   0.007 0.124 0.001 0.031 0.007 0.012 0.435 0.384 
  27 L X   0.007 0.109 0.001 0.022 0.006 0.010 0.431 0.414 
  28 I _   0.006 0.094 0.001 0.016 0.004 0.009 0.426 0.444 
  29 K _   0.006 0.081 0.000 0.011 0.003 0.008 0.422 0.470 
  30 S _   0.005 0.072 0.000 0.007 0.002 0.007 0.417 0.489 
  31 P _   0.005 0.066 0.000 0.006 0.002 0.007 0.412 0.502 
  32 K _   0.005 0.064 0.000 0.006 0.002 0.007 0.405 0.511 
  33 P _   0.005 0.064 0.000 0.007 0.002 0.007 0.398 0.517 
  34 L _   0.005 0.065 0.000 0.008 0.003 0.008 0.391 0.520 
  35 M _   0.005 0.068 0.000 0.011 0.003 0.008 0.382 0.521 
  36 K _   0.005 0.072 0.000 0.014 0.004 0.009 0.374 0.522 
  37 K _   0.005 0.075 0.001 0.017 0.004 0.009 0.365 0.524 
  38 Q _   0.005 0.078 0.001 0.018 0.005 0.009 0.357 0.528 
  39 A _   0.005 0.079 0.001 0.018 0.005 0.009 0.350 0.534 
  40 V _   0.005 0.079 0.001 0.017 0.004 0.009 0.344 0.542 
  41 K _   0.004 0.077 0.000 0.015 0.004 0.008 0.338 0.552 
  42 R _   0.004 0.075 0.000 0.013 0.003 0.008 0.333 0.564 
  43 H _   0.004 0.072 0.000 0.010 0.003 0.007 0.329 0.574 
  44 H _   0.004 0.070 0.000 0.008 0.003 0.007 0.324 0.584 
  45 H _   0.004 0.069 0.000 0.007 0.002 0.008 0.319 0.590 
  46 K _   0.004 0.069 0.000 0.007 0.003 0.008 0.314 0.595 
  47 H _   0.005 0.072 0.000 0.007 0.003 0.009 0.308 0.596 
  48 N _   0.006 0.077 0.000 0.009 0.004 0.011 0.301 0.592 
  49 L _   0.007 0.087 0.001 0.012 0.005 0.013 0.293 0.583 
  50 R _   0.008 0.101 0.001 0.017 0.007 0.015 0.283 0.568 
  51 H _   0.009 0.120 0.001 0.023 0.009 0.017 0.274 0.548 
  52 R _   0.009 0.139 0.001 0.030 0.012 0.019 0.264 0.526 
  53 Y _   0.010 0.157 0.001 0.037 0.013 0.019 0.256 0.507 
  54 E _   0.010 0.170 0.001 0.042 0.014 0.020 0.249 0.494 
  55 F _   0.010 0.177 0.001 0.046 0.014 0.019 0.244 0.488 
  56 L _   0.011 0.180 0.001 0.047 0.014 0.019 0.241 0.489 
  57 E _   0.011 0.178 0.001 0.045 0.013 0.018 0.238 0.496 
  58 T _   0.011 0.172 0.001 0.041 0.011 0.016 0.237 0.510 
  59 L _   0.010 0.161 0.001 0.035 0.010 0.015 0.237 0.531 
  60 G _   0.010 0.144 0.001 0.029 0.008 0.013 0.238 0.556 
  61 K _   0.010 0.123 0.001 0.023 0.007 0.012 0.239 0.586 
  62 G _   0.009 0.100 0.001 0.018 0.006 0.011 0.240 0.615 
  63 T _   0.008 0.080 0.001 0.013 0.004 0.009 0.241 0.643 
  64 Y _   0.007 0.063 0.000 0.010 0.003 0.008 0.242 0.665 
  65 G _   0.006 0.052 0.000 0.007 0.003 0.008 0.242 0.682 
  66 K _   0.006 0.045 0.000 0.006 0.002 0.007 0.241 0.693 
  67 V _   0.005 0.041 0.000 0.005 0.002 0.007 0.239 0.701 
  68 K _   0.005 0.040 0.000 0.004 0.002 0.007 0.237 0.705 
  69 K _   0.005 0.040 0.000 0.005 0.002 0.008 0.234 0.706 
  70 A _   0.005 0.043 0.000 0.006 0.002 0.009 0.230 0.704 
  71 R _   0.006 0.049 0.000 0.008 0.003 0.011 0.224 0.697 
  72 E _   0.007 0.061 0.001 0.013 0.005 0.013 0.218 0.682 
  73 S _   0.008 0.079 0.001 0.019 0.007 0.016 0.211 0.660 
  74 S _   0.009 0.102 0.001 0.027 0.010 0.018 0.203 0.630 
  75 G _   0.010 0.126 0.001 0.036 0.012 0.020 0.196 0.598 
  76 R _   0.011 0.147 0.001 0.046 0.014 0.021 0.190 0.570 
  77 L _   0.011 0.161 0.001 0.053 0.015 0.021 0.185 0.551 
  78 V _   0.012 0.168 0.001 0.058 0.015 0.021 0.182 0.542 
  79 A _   0.012 0.170 0.001 0.059 0.014 0.020 0.181 0.543 
  80 I _   0.012 0.166 0.001 0.056 0.013 0.019 0.180 0.553 
  81 K _   0.012 0.156 0.001 0.049 0.012 0.017 0.181 0.572 
  82 S _   0.011 0.137 0.001 0.041 0.010 0.015 0.183 0.602 
  83 I _   0.011 0.110 0.001 0.031 0.008 0.013 0.185 0.641 
  84 R _   0.010 0.079 0.001 0.022 0.006 0.011 0.187 0.683 
  85 K _   0.009 0.051 0.001 0.014 0.004 0.010 0.190 0.722 
  86 D _   0.008 0.030 0.000 0.009 0.003 0.008 0.191 0.752 
  87 K _   0.006 0.018 0.000 0.005 0.002 0.007 0.191 0.771 
  88 I _   0.005 0.012 0.000 0.004 0.001 0.006 0.190 0.782 
  89 K _   0.005 0.009 0.000 0.003 0.001 0.006 0.188 0.787 
  90 D _   0.005 0.009 0.000 0.003 0.001 0.007 0.186 0.790 
  91 E _   0.006 0.009 0.000 0.003 0.002 0.009 0.182 0.789 
  92 Q _   0.007 0.012 0.000 0.005 0.003 0.012 0.177 0.784 
  93 D _   0.009 0.018 0.001 0.009 0.005 0.016 0.171 0.772 
  94 L _   0.012 0.030 0.001 0.015 0.008 0.021 0.163 0.750 
  95 M _   0.014 0.049 0.001 0.025 0.012 0.026 0.154 0.719 
  96 H _   0.016 0.071 0.001 0.036 0.017 0.030 0.145 0.683 
  97 I _   0.018 0.091 0.002 0.048 0.021 0.034 0.136 0.652 
  98 R _   0.019 0.104 0.002 0.057 0.024 0.035 0.129 0.629 
  99 R _   0.020 0.112 0.002 0.063 0.025 0.036 0.124 0.618 
 100 E _   0.021 0.114 0.002 0.063 0.025 0.036 0.120 0.619 
 101 I _   0.022 0.111 0.002 0.059 0.024 0.034 0.117 0.632 
 102 E _   0.022 0.103 0.002 0.051 0.021 0.032 0.114 0.655 
 103 I _   0.022 0.089 0.002 0.040 0.018 0.029 0.113 0.688 
 104 M _   0.021 0.070 0.001 0.029 0.014 0.026 0.111 0.727 
 105 S _   0.020 0.049 0.001 0.019 0.011 0.024 0.110 0.766 
 106 S _   0.019 0.032 0.001 0.012 0.008 0.022 0.109 0.797 
 107 L _   0.018 0.022 0.001 0.008 0.006 0.020 0.108 0.817 
 108 N _   0.017 0.017 0.001 0.006 0.005 0.019 0.106 0.829 
 109 H _   0.016 0.015 0.001 0.006 0.005 0.019 0.104 0.833 
 110 P _   0.017 0.014 0.001 0.007 0.006 0.020 0.102 0.833 
 111 H _   0.018 0.015 0.001 0.009 0.007 0.021 0.100 0.829 
 112 I _   0.019 0.017 0.001 0.012 0.008 0.022 0.098 0.823 
 113 I _   0.020 0.019 0.001 0.016 0.010 0.023 0.095 0.816 
 114 A _   0.020 0.021 0.001 0.019 0.011 0.024 0.093 0.811 
 115 I _   0.021 0.022 0.001 0.020 0.011 0.024 0.091 0.810 
 116 H _   0.021 0.023 0.001 0.019 0.011 0.024 0.089 0.813 
 117 E _   0.020 0.022 0.001 0.017 0.010 0.024 0.087 0.819 
 118 V _   0.020 0.021 0.001 0.014 0.009 0.023 0.085 0.826 
 119 F _   0.020 0.021 0.001 0.011 0.008 0.023 0.084 0.833 
 120 E _   0.020 0.020 0.001 0.009 0.008 0.024 0.082 0.836 
 121 N _   0.021 0.021 0.001 0.009 0.008 0.025 0.081 0.835 
 122 S _   0.022 0.023 0.001 0.010 0.009 0.026 0.079 0.829 
 123 S _   0.024 0.028 0.001 0.013 0.011 0.028 0.077 0.818 
 124 K _   0.026 0.036 0.001 0.018 0.014 0.030 0.076 0.800 
 125 I _   0.028 0.046 0.001 0.025 0.017 0.031 0.074 0.779 
 126 V _   0.029 0.056 0.001 0.033 0.019 0.031 0.072 0.758 
 127 I _   0.029 0.063 0.002 0.040 0.020 0.031 0.071 0.743 
 128 V _   0.029 0.067 0.002 0.043 0.020 0.030 0.071 0.738 
 129 M _   0.027 0.068 0.001 0.043 0.019 0.028 0.070 0.743 
 130 E _   0.025 0.065 0.001 0.039 0.017 0.025 0.071 0.757 
 131 Y _   0.022 0.059 0.001 0.033 0.014 0.022 0.071 0.778 
 132 A _   0.019 0.049 0.001 0.025 0.011 0.019 0.072 0.804 
 133 S _   0.016 0.039 0.001 0.018 0.008 0.016 0.073 0.830 
 134 R _   0.013 0.029 0.001 0.013 0.006 0.014 0.074 0.851 
 135 G _   0.012 0.022 0.001 0.009 0.004 0.012 0.074 0.866 
 136 D _   0.010 0.018 0.000 0.008 0.004 0.011 0.075 0.874 
 137 L _   0.010 0.015 0.000 0.008 0.003 0.011 0.075 0.878 
 138 Y _   0.009 0.014 0.000 0.008 0.003 0.010 0.075 0.880 
 139 D _   0.009 0.013 0.000 0.010 0.004 0.010 0.075 0.879 
 140 Y _   0.009 0.012 0.000 0.011 0.004 0.010 0.075 0.878 
 141 I _   0.009 0.012 0.001 0.012 0.004 0.010 0.075 0.878 
 142 S _   0.008 0.011 0.001 0.012 0.004 0.010 0.075 0.879 
 143 E _   0.008 0.010 0.001 0.012 0.004 0.010 0.074 0.881 
 144 R _   0.008 0.008 0.000 0.011 0.004 0.010 0.074 0.885 
 145 Q _   0.007 0.006 0.000 0.009 0.003 0.010 0.074 0.890 
 146 Q _   0.007 0.005 0.000 0.008 0.003 0.010 0.073 0.893 
 147 L _   0.007 0.004 0.000 0.006 0.003 0.011 0.073 0.896 
 148 S _   0.008 0.003 0.000 0.005 0.003 0.012 0.072 0.897 
 149 E _   0.010 0.002 0.000 0.005 0.003 0.014 0.071 0.894 
 150 R _   0.014 0.002 0.000 0.005 0.004 0.017 0.069 0.889 
 151 E _   0.019 0.003 0.001 0.005 0.005 0.022 0.068 0.878 
 152 A _   0.027 0.004 0.001 0.007 0.008 0.028 0.066 0.861 
 153 R _   0.037 0.006 0.001 0.009 0.012 0.034 0.064 0.838 
 154 H _   0.048 0.009 0.001 0.012 0.017 0.042 0.061 0.809 
 155 F _   0.061 0.014 0.002 0.015 0.024 0.049 0.059 0.776 
 156 F _   0.074 0.019 0.002 0.020 0.032 0.054 0.057 0.742 
 157 R _   0.085 0.025 0.002 0.024 0.038 0.059 0.055 0.711 
 158 Q _   0.095 0.031 0.002 0.029 0.043 0.061 0.054 0.686 
 159 I _   0.102 0.035 0.002 0.032 0.045 0.061 0.053 0.670 
 160 V _   0.105 0.037 0.002 0.033 0.045 0.060 0.053 0.664 
 161 S _   0.106 0.038 0.002 0.033 0.042 0.057 0.053 0.670 
 162 A _   0.102 0.036 0.002 0.031 0.038 0.053 0.053 0.685 
 163 V _   0.095 0.033 0.002 0.027 0.032 0.048 0.054 0.709 
 164 H _   0.086 0.028 0.002 0.023 0.026 0.042 0.055 0.739 
 165 Y _   0.073 0.023 0.001 0.018 0.020 0.037 0.056 0.772 
 166 C _   0.061 0.017 0.001 0.014 0.015 0.032 0.057 0.803 
 167 H _   0.050 0.013 0.001 0.011 0.011 0.027 0.057 0.830 
 168 Q _   0.041 0.010 0.001 0.009 0.008 0.023 0.058 0.851 
 169 N _   0.033 0.008 0.001 0.007 0.006 0.020 0.058 0.867 
 170 R _   0.026 0.008 0.001 0.007 0.005 0.018 0.059 0.877 
 171 V _   0.022 0.008 0.001 0.007 0.005 0.016 0.059 0.884 
 172 V _   0.019 0.008 0.001 0.007 0.005 0.015 0.058 0.888 
 173 H _   0.016 0.009 0.001 0.009 0.005 0.014 0.058 0.888 
 174 R _   0.014 0.011 0.001 0.010 0.005 0.014 0.058 0.888 
 175 D _   0.013 0.013 0.001 0.012 0.005 0.013 0.057 0.886 
 176 L _   0.012 0.015 0.001 0.013 0.006 0.013 0.057 0.885 
 177 K _   0.011 0.016 0.001 0.014 0.006 0.012 0.056 0.884 
 178 L _   0.010 0.018 0.001 0.015 0.005 0.011 0.056 0.884 
 179 E _   0.009 0.019 0.001 0.014 0.005 0.011 0.056 0.885 
 180 N _   0.009 0.020 0.001 0.013 0.005 0.010 0.055 0.888 
 181 I _   0.008 0.021 0.001 0.012 0.004 0.009 0.055 0.890 
 182 L _   0.008 0.021 0.000 0.010 0.004 0.009 0.055 0.893 
 183 L _   0.008 0.022 0.000 0.009 0.003 0.008 0.054 0.896 
 184 D _   0.007 0.022 0.000 0.008 0.003 0.008 0.054 0.897 
 185 A _   0.007 0.024 0.000 0.007 0.003 0.009 0.053 0.897 
 186 N _   0.007 0.027 0.000 0.008 0.003 0.009 0.052 0.893 
 187 G _   0.008 0.032 0.000 0.009 0.004 0.010 0.051 0.887 
 188 N _   0.008 0.039 0.001 0.011 0.005 0.012 0.050 0.875 
 189 I _   0.009 0.050 0.001 0.014 0.006 0.013 0.048 0.859 
 190 K _   0.010 0.063 0.001 0.018 0.007 0.014 0.047 0.840 
 191 I _   0.011 0.076 0.001 0.022 0.008 0.015 0.046 0.822 
 192 A _   0.010 0.087 0.001 0.024 0.008 0.016 0.044 0.809 
 193 D _   0.010 0.095 0.001 0.026 0.008 0.015 0.044 0.801 
 194 F _   0.010 0.100 0.001 0.025 0.008 0.015 0.043 0.799 
 195 G _   0.009 0.103 0.001 0.022 0.007 0.015 0.042 0.800 
 196 L _   0.009 0.103 0.001 0.019 0.006 0.014 0.042 0.805 
 197 S _   0.009 0.103 0.001 0.016 0.006 0.014 0.041 0.811 
 198 N _   0.008 0.102 0.001 0.013 0.005 0.014 0.041 0.815 
 199 L _   0.008 0.102 0.001 0.011 0.005 0.014 0.041 0.817 
 200 Y _   0.009 0.104 0.001 0.011 0.005 0.015 0.040 0.816 
 201 H _   0.010 0.108 0.001 0.011 0.006 0.016 0.040 0.809 
 202 Q _   0.010 0.115 0.001 0.014 0.007 0.017 0.039 0.797 
 203 G _   0.011 0.126 0.001 0.017 0.008 0.019 0.038 0.779 
 204 K _   0.012 0.139 0.001 0.022 0.010 0.020 0.037 0.758 
 205 F _   0.013 0.151 0.001 0.027 0.012 0.021 0.037 0.738 
 206 L _   0.013 0.161 0.001 0.033 0.013 0.022 0.036 0.721 
 207 Q _   0.014 0.168 0.001 0.036 0.014 0.022 0.036 0.710 
 208 T _   0.013 0.170 0.001 0.038 0.014 0.021 0.036 0.706 
 209 F _   0.013 0.169 0.001 0.038 0.014 0.020 0.036 0.709 
 210 C _   0.013 0.165 0.001 0.036 0.013 0.019 0.037 0.716 
 211 G _   0.013 0.157 0.001 0.034 0.012 0.018 0.037 0.728 
 212 S _   0.013 0.146 0.001 0.030 0.011 0.017 0.039 0.743 
 213 P _   0.013 0.132 0.001 0.027 0.010 0.016 0.040 0.761 
 214 L _   0.013 0.116 0.001 0.024 0.009 0.015 0.041 0.781 
 215 Y _   0.013 0.099 0.001 0.021 0.008 0.014 0.043 0.801 
 216 A _   0.012 0.083 0.001 0.019 0.007 0.013 0.045 0.821 
 217 S _   0.011 0.067 0.001 0.017 0.006 0.012 0.047 0.839 
 218 P _   0.011 0.054 0.001 0.015 0.005 0.011 0.048 0.855 
 219 E _   0.010 0.042 0.001 0.013 0.005 0.010 0.049 0.870 
 220 I _   0.009 0.032 0.001 0.012 0.004 0.009 0.050 0.882 
 221 V _   0.009 0.024 0.000 0.010 0.003 0.009 0.051 0.893 
 222 N _   0.008 0.017 0.000 0.009 0.003 0.008 0.052 0.903 
 223 G _   0.008 0.012 0.000 0.008 0.003 0.007 0.052 0.911 
 224 K _   0.007 0.007 0.000 0.006 0.002 0.007 0.052 0.918 
 225 P _   0.008 0.004 0.000 0.005 0.002 0.006 0.052 0.923 
 226 Y _   0.009 0.002 0.000 0.004 0.002 0.006 0.051 0.926 
 227 T _   0.012 0.001 0.000 0.003 0.002 0.006 0.050 0.926 
 228 G _   0.019 0.000 0.000 0.003 0.002 0.007 0.048 0.921 
 229 P _   0.033 0.000 0.000 0.002 0.002 0.008 0.046 0.908 
 230 E _   0.062 0.000 0.000 0.002 0.003 0.010 0.043 0.880 
 231 V _   0.111 0.000 0.001 0.002 0.005 0.013 0.040 0.829 
 232 D _   0.191 0.000 0.001 0.002 0.007 0.017 0.035 0.747 
 233 S _   0.302 0.000 0.001 0.002 0.011 0.021 0.030 0.633 
 234 W _   0.425 0.000 0.001 0.002 0.017 0.026 0.025 0.504 
 235 S H   0.543 0.000 0.002 0.002 0.024 0.029 0.021 0.379 
 236 L H   0.643 0.000 0.002 0.002 0.031 0.030 0.019 0.273 
 237 G H   0.714 0.000 0.002 0.002 0.035 0.030 0.018 0.198 
 238 V H   0.763 0.000 0.002 0.002 0.038 0.029 0.017 0.149 
 239 L H   0.792 0.000 0.002 0.003 0.039 0.027 0.017 0.120 
 240 L H   0.803 0.000 0.002 0.003 0.040 0.025 0.018 0.109 
 241 Y H   0.800 0.000 0.002 0.003 0.040 0.023 0.020 0.111 
 242 I H   0.782 0.001 0.002 0.004 0.040 0.022 0.023 0.127 
 243 L H   0.745 0.001 0.002 0.004 0.038 0.021 0.027 0.162 
 244 V H   0.685 0.001 0.002 0.005 0.035 0.020 0.033 0.220 
 245 H H   0.598 0.001 0.002 0.006 0.029 0.019 0.041 0.303 
 246 G H   0.492 0.000 0.002 0.006 0.023 0.018 0.052 0.407 
 247 T _   0.380 0.000 0.002 0.006 0.016 0.015 0.065 0.517 
 248 M _   0.273 0.000 0.001 0.005 0.010 0.013 0.078 0.621 
 249 P _   0.181 0.000 0.001 0.004 0.006 0.011 0.088 0.709 
 250 F _   0.113 0.000 0.001 0.003 0.004 0.009 0.097 0.774 
 251 D _   0.067 0.000 0.000 0.002 0.003 0.007 0.104 0.816 
 252 G _   0.040 0.000 0.000 0.002 0.002 0.007 0.108 0.840 
 253 H _   0.025 0.000 0.000 0.003 0.002 0.007 0.112 0.851 
 254 D _   0.018 0.001 0.000 0.004 0.002 0.008 0.115 0.853 
 255 H _   0.014 0.002 0.000 0.006 0.003 0.009 0.118 0.849 
 256 K _   0.012 0.005 0.000 0.009 0.003 0.010 0.120 0.839 
 257 I _   0.011 0.010 0.001 0.015 0.005 0.012 0.122 0.825 
 258 L _   0.011 0.015 0.001 0.021 0.006 0.013 0.124 0.810 
 259 V _   0.010 0.020 0.001 0.027 0.007 0.014 0.126 0.796 
 260 K _   0.010 0.023 0.001 0.031 0.008 0.014 0.129 0.785 
 261 Q _   0.009 0.024 0.001 0.033 0.008 0.014 0.132 0.779 
 262 I _   0.009 0.024 0.001 0.033 0.008 0.013 0.135 0.778 
 263 S _   0.008 0.023 0.001 0.030 0.007 0.012 0.140 0.779 
 264 N _   0.008 0.020 0.001 0.025 0.006 0.011 0.145 0.785 
 265 G _   0.007 0.016 0.001 0.020 0.005 0.009 0.150 0.792 
 266 A _   0.007 0.012 0.000 0.014 0.003 0.008 0.155 0.800 
 267 Y _   0.006 0.007 0.000 0.009 0.002 0.007 0.159 0.808 
 268 R _   0.005 0.004 0.000 0.006 0.002 0.006 0.162 0.815 
 269 E _   0.005 0.002 0.000 0.004 0.001 0.005 0.164 0.819 
 270 P _   0.004 0.001 0.000 0.002 0.001 0.005 0.165 0.821 
 271 P _   0.005 0.000 0.000 0.002 0.001 0.006 0.165 0.820 
 272 K _   0.007 0.000 0.000 0.001 0.001 0.008 0.165 0.817 
 273 P _   0.012 0.000 0.000 0.002 0.002 0.013 0.163 0.807 
 274 S _   0.022 0.001 0.000 0.003 0.004 0.021 0.161 0.788 
 275 D _   0.039 0.004 0.001 0.005 0.009 0.034 0.157 0.751 
 276 A _   0.061 0.014 0.001 0.010 0.019 0.050 0.152 0.691 
 277 C _   0.085 0.039 0.002 0.020 0.036 0.067 0.146 0.605 
 278 G _   0.103 0.080 0.003 0.033 0.053 0.079 0.139 0.509 
 279 L _   0.116 0.122 0.003 0.048 0.065 0.086 0.134 0.426 
 280 I _   0.123 0.151 0.003 0.061 0.072 0.087 0.131 0.372 
 281 R _   0.126 0.167 0.003 0.069 0.074 0.086 0.129 0.347 
 282 W _   0.126 0.173 0.003 0.072 0.073 0.082 0.129 0.343 
 283 L _   0.124 0.171 0.003 0.068 0.069 0.076 0.130 0.358 
 284 L _   0.118 0.161 0.003 0.060 0.062 0.070 0.133 0.393 
 285 M _   0.109 0.139 0.003 0.049 0.052 0.062 0.137 0.449 
 286 V _   0.098 0.106 0.003 0.036 0.041 0.054 0.141 0.521 
 287 N _   0.085 0.069 0.002 0.024 0.029 0.047 0.146 0.597 
 288 P _   0.071 0.038 0.002 0.015 0.019 0.040 0.151 0.664 
 289 T _   0.059 0.019 0.001 0.009 0.012 0.034 0.155 0.711 
 290 R _   0.048 0.010 0.001 0.006 0.008 0.029 0.158 0.740 
 291 R _   0.039 0.006 0.001 0.004 0.006 0.026 0.160 0.758 
 292 A _   0.033 0.004 0.001 0.004 0.005 0.024 0.162 0.767 
 293 T _   0.029 0.004 0.001 0.004 0.005 0.023 0.163 0.771 
 294 L _   0.027 0.004 0.001 0.005 0.005 0.023 0.164 0.771 
 295 E _   0.026 0.006 0.001 0.006 0.006 0.024 0.165 0.767 
 296 D _   0.026 0.008 0.001 0.007 0.007 0.025 0.166 0.760 
 297 V _   0.027 0.012 0.001 0.009 0.009 0.027 0.166 0.750 
 298 A _   0.029 0.017 0.001 0.011 0.011 0.029 0.166 0.736 
 299 S _   0.031 0.024 0.001 0.014 0.013 0.030 0.167 0.720 
 300 H _   0.033 0.032 0.001 0.018 0.016 0.032 0.167 0.701 
 301 W _   0.035 0.040 0.001 0.022 0.018 0.033 0.169 0.682 
 302 W _   0.036 0.049 0.001 0.026 0.020 0.033 0.170 0.665 
 303 V _   0.036 0.056 0.002 0.030 0.021 0.033 0.173 0.650 
 304 N _   0.036 0.061 0.002 0.033 0.021 0.032 0.176 0.640 
 305 W _   0.034 0.064 0.001 0.034 0.020 0.031 0.180 0.635 
 306 G _   0.033 0.065 0.001 0.035 0.018 0.029 0.184 0.635 
 307 Y _   0.030 0.065 0.001 0.033 0.016 0.026 0.189 0.639 
 308 A _   0.027 0.062 0.001 0.031 0.014 0.024 0.195 0.646 
 309 T _   0.023 0.058 0.001 0.028 0.012 0.021 0.201 0.656 
 310 R _   0.020 0.053 0.001 0.024 0.009 0.018 0.208 0.666 
 311 V _   0.017 0.047 0.001 0.021 0.007 0.016 0.214 0.677 
 312 G _   0.014 0.041 0.001 0.017 0.006 0.013 0.221 0.687 
 313 E _   0.012 0.035 0.001 0.015 0.005 0.011 0.227 0.695 
 314 Q _   0.010 0.030 0.000 0.012 0.004 0.010 0.233 0.702 
 315 E _   0.008 0.025 0.000 0.010 0.003 0.008 0.238 0.707 
 316 A _   0.007 0.021 0.000 0.008 0.002 0.007 0.243 0.712 
 317 P _   0.006 0.018 0.000 0.006 0.002 0.006 0.246 0.715 
 318 H _   0.005 0.016 0.000 0.005 0.002 0.005 0.249 0.717 
 319 E _   0.004 0.015 0.000 0.005 0.001 0.005 0.251 0.718 
 320 G _   0.004 0.015 0.000 0.004 0.001 0.005 0.253 0.718 
 321 G _   0.004 0.016 0.000 0.004 0.001 0.005 0.253 0.717 
 322 H _   0.004 0.017 0.000 0.004 0.001 0.005 0.253 0.715 
 323 P _   0.004 0.021 0.000 0.005 0.002 0.007 0.252 0.709 
 324 G _   0.005 0.028 0.000 0.007 0.002 0.008 0.250 0.699 
 325 S _   0.005 0.041 0.000 0.011 0.004 0.011 0.247 0.681 
 326 D _   0.006 0.064 0.001 0.016 0.006 0.013 0.243 0.651 
 327 S _   0.007 0.096 0.001 0.023 0.008 0.016 0.238 0.610 
 328 A _   0.008 0.135 0.001 0.032 0.010 0.018 0.233 0.563 
 329 R _   0.008 0.170 0.001 0.041 0.012 0.019 0.229 0.519 
 330 A _   0.008 0.196 0.001 0.049 0.013 0.020 0.226 0.487 
 331 S _   0.008 0.211 0.001 0.054 0.014 0.020 0.225 0.467 
 332 M _   0.008 0.218 0.001 0.057 0.014 0.020 0.225 0.457 
 333 A _   0.008 0.219 0.001 0.056 0.013 0.019 0.227 0.456 
 334 D _   0.008 0.215 0.001 0.052 0.013 0.018 0.230 0.464 
 335 W _   0.008 0.203 0.001 0.044 0.011 0.017 0.235 0.481 
 336 L _   0.008 0.182 0.001 0.035 0.010 0.015 0.241 0.507 
 337 R _   0.009 0.154 0.001 0.026 0.008 0.014 0.248 0.540 
 338 R _   0.008 0.124 0.001 0.018 0.006 0.013 0.256 0.573 
 339 S _   0.008 0.100 0.001 0.012 0.005 0.012 0.263 0.600 
 340 S _   0.007 0.084 0.000 0.008 0.004 0.012 0.269 0.616 
 341 R _   0.007 0.075 0.000 0.006 0.003 0.012 0.273 0.623 
 342 P _   0.008 0.072 0.000 0.005 0.003 0.012 0.277 0.624 
 343 L _   0.008 0.072 0.000 0.006 0.003 0.013 0.279 0.618 
 344 L _   0.010 0.076 0.000 0.008 0.004 0.015 0.281 0.606 
 345 E _   0.011 0.084 0.001 0.012 0.006 0.018 0.283 0.586 
 346 N _   0.012 0.097 0.001 0.017 0.009 0.020 0.284 0.560 
 347 G _   0.013 0.112 0.001 0.025 0.011 0.022 0.285 0.530 
 348 A _   0.014 0.128 0.001 0.033 0.014 0.023 0.287 0.501 
 349 K _   0.014 0.139 0.001 0.040 0.015 0.023 0.290 0.477 
 350 V _   0.014 0.145 0.001 0.045 0.016 0.023 0.294 0.462 
 351 C _   0.014 0.148 0.001 0.047 0.016 0.022 0.299 0.453 
 352 S _   0.014 0.146 0.001 0.046 0.015 0.021 0.306 0.451 
 353 F _   0.013 0.139 0.001 0.043 0.014 0.019 0.315 0.456 
 354 F _   0.012 0.126 0.001 0.038 0.012 0.017 0.326 0.468 
 355 K _   0.012 0.108 0.001 0.031 0.010 0.015 0.338 0.485 
 356 Q _   0.011 0.085 0.001 0.024 0.008 0.013 0.353 0.506 
 357 H _   0.010 0.061 0.001 0.017 0.006 0.011 0.367 0.527 
 358 A _   0.008 0.042 0.001 0.011 0.004 0.009 0.380 0.544 
 359 P _   0.007 0.029 0.000 0.008 0.003 0.008 0.391 0.554 
 360 G _   0.006 0.021 0.000 0.006 0.002 0.007 0.399 0.558 
 361 G _   0.006 0.017 0.000 0.005 0.002 0.006 0.406 0.558 
 362 G _   0.005 0.015 0.000 0.005 0.002 0.006 0.412 0.555 
 363 S _   0.005 0.014 0.000 0.005 0.002 0.006 0.417 0.550 
 364 T _   0.005 0.014 0.000 0.006 0.002 0.006 0.421 0.545 
 365 T _   0.005 0.014 0.000 0.008 0.002 0.007 0.425 0.538 
 366 P _   0.005 0.015 0.000 0.010 0.003 0.007 0.429 0.531 
 367 G _   0.005 0.015 0.000 0.012 0.003 0.007 0.433 0.524 
 368 L _   0.005 0.016 0.000 0.013 0.003 0.007 0.438 0.518 
 369 E _   0.004 0.016 0.000 0.013 0.003 0.007 0.442 0.514 
 370 R _   0.004 0.015 0.000 0.013 0.003 0.007 0.447 0.511 
 371 Q _   0.004 0.014 0.000 0.012 0.003 0.006 0.452 0.509 
 372 H _   0.004 0.013 0.000 0.010 0.002 0.005 0.457 0.509 
 373 S _   0.003 0.012 0.000 0.008 0.002 0.005 0.461 0.509 
 374 L _   0.003 0.011 0.000 0.006 0.002 0.004 0.466 0.508 
 375 K _   0.003 0.010 0.000 0.005 0.001 0.004 0.469 0.507 
 376 K _   0.003 0.010 0.000 0.005 0.001 0.004 0.472 0.505 
 377 S _   0.003 0.010 0.000 0.005 0.001 0.004 0.475 0.503 
 378 R _   0.003 0.010 0.000 0.005 0.001 0.004 0.477 0.499 
 379 K _   0.003 0.011 0.000 0.006 0.002 0.005 0.479 0.494 
 380 E _   0.003 0.013 0.000 0.008 0.002 0.005 0.480 0.488 
 381 N X   0.003 0.015 0.000 0.010 0.002 0.006 0.482 0.481 
 382 D X   0.003 0.017 0.000 0.013 0.003 0.007 0.483 0.474 
 383 M X   0.003 0.020 0.000 0.015 0.003 0.007 0.485 0.466 
 384 A X   0.004 0.021 0.000 0.017 0.003 0.007 0.488 0.459 
 385 Q X   0.004 0.022 0.000 0.018 0.004 0.007 0.491 0.454 
 386 S X   0.004 0.022 0.000 0.018 0.004 0.007 0.495 0.450 
 387 L X   0.004 0.021 0.000 0.017 0.003 0.007 0.501 0.447 
 388 H X   0.004 0.019 0.000 0.015 0.003 0.006 0.507 0.445 
 389 S X   0.004 0.017 0.000 0.013 0.003 0.006 0.513 0.444 
 390 D X   0.003 0.015 0.000 0.011 0.002 0.005 0.520 0.443 
 391 T X   0.003 0.013 0.000 0.009 0.002 0.005 0.526 0.442 
 392 A X   0.003 0.010 0.000 0.007 0.002 0.004 0.533 0.441 
 393 D X   0.003 0.008 0.000 0.006 0.001 0.004 0.538 0.439 
 394 D X   0.003 0.007 0.000 0.005 0.001 0.004 0.543 0.438 
 395 T X   0.003 0.006 0.000 0.004 0.001 0.003 0.546 0.437 
 396 A X   0.003 0.005 0.000 0.003 0.001 0.003 0.549 0.435 
 397 H X   0.003 0.005 0.000 0.003 0.001 0.003 0.551 0.435 
 398 R X   0.002 0.005 0.000 0.003 0.001 0.003 0.552 0.434 
 399 P X   0.002 0.005 0.000 0.003 0.001 0.003 0.552 0.434 
 400 G X   0.002 0.005 0.000 0.003 0.001 0.003 0.551 0.433 
 401 K X   0.002 0.006 0.000 0.004 0.001 0.003 0.550 0.433 
 402 S X   0.002 0.008 0.000 0.005 0.001 0.004 0.548 0.432 
 403 N X   0.002 0.010 0.000 0.006 0.001 0.004 0.545 0.431 
 404 L X   0.002 0.013 0.000 0.007 0.002 0.005 0.542 0.429 
 405 K X   0.002 0.016 0.000 0.008 0.002 0.005 0.539 0.427 
 406 L X   0.002 0.020 0.000 0.010 0.002 0.006 0.536 0.424 
 407 P X   0.002 0.024 0.000 0.011 0.003 0.006 0.533 0.420 
 408 K X   0.003 0.028 0.000 0.013 0.003 0.006 0.530 0.417 
 409 G X   0.003 0.032 0.000 0.014 0.003 0.007 0.528 0.414 
 410 I X   0.003 0.034 0.000 0.015 0.003 0.007 0.527 0.411 
 411 L X   0.003 0.036 0.000 0.015 0.003 0.007 0.526 0.409 
 412 K X   0.003 0.038 0.000 0.015 0.003 0.007 0.526 0.408 
 413 K X   0.003 0.039 0.000 0.015 0.003 0.007 0.526 0.406 
 414 K X   0.003 0.039 0.000 0.016 0.003 0.007 0.528 0.403 
 415 V X   0.003 0.039 0.000 0.016 0.004 0.007 0.530 0.401 
 416 S X   0.004 0.038 0.000 0.016 0.004 0.007 0.532 0.399 
 417 A X   0.004 0.037 0.000 0.016 0.004 0.007 0.536 0.396 
 418 S X   0.004 0.035 0.000 0.016 0.003 0.007 0.540 0.395 
 419 A X   0.004 0.032 0.000 0.015 0.003 0.006 0.545 0.394 
 420 E X   0.004 0.029 0.000 0.013 0.003 0.006 0.550 0.394 
 421 G X   0.004 0.024 0.000 0.011 0.003 0.005 0.556 0.396 
 422 V X   0.004 0.019 0.000 0.009 0.002 0.005 0.562 0.399 
 423 Q X   0.004 0.014 0.000 0.007 0.002 0.004 0.567 0.402 
 424 E X   0.003 0.010 0.000 0.005 0.001 0.004 0.572 0.405 
 425 D X   0.003 0.007 0.000 0.004 0.001 0.003 0.575 0.407 
 426 P X   0.003 0.005 0.000 0.003 0.001 0.003 0.578 0.407 
 427 P X   0.003 0.003 0.000 0.002 0.001 0.003 0.581 0.407 
 428 E X   0.003 0.003 0.000 0.002 0.001 0.003 0.582 0.407 
 429 L X   0.002 0.003 0.000 0.002 0.001 0.003 0.582 0.407 
 430 S X   0.002 0.003 0.000 0.002 0.001 0.003 0.581 0.408 
 431 P X   0.002 0.003 0.000 0.003 0.001 0.003 0.580 0.408 
 432 I X   0.002 0.003 0.000 0.003 0.001 0.003 0.577 0.409 
 433 P X   0.002 0.004 0.000 0.004 0.001 0.004 0.574 0.409 
 434 A X   0.002 0.006 0.000 0.005 0.001 0.004 0.571 0.410 
 435 S X   0.003 0.007 0.000 0.006 0.002 0.005 0.567 0.410 
 436 P X   0.003 0.009 0.000 0.008 0.002 0.005 0.563 0.410 
 437 G X   0.003 0.011 0.000 0.009 0.002 0.005 0.559 0.409 
 438 Q X   0.003 0.013 0.000 0.010 0.003 0.006 0.556 0.409 
 439 A X   0.003 0.015 0.000 0.011 0.003 0.006 0.553 0.409 
 440 A X   0.003 0.016 0.000 0.012 0.003 0.006 0.550 0.410 
 441 P X   0.003 0.017 0.000 0.012 0.003 0.006 0.548 0.412 
 442 L X   0.003 0.017 0.000 0.011 0.003 0.006 0.546 0.414 
 443 L X   0.003 0.017 0.000 0.010 0.002 0.005 0.545 0.417 
 444 P X   0.003 0.017 0.000 0.009 0.002 0.005 0.544 0.420 
 445 K X   0.003 0.016 0.000 0.008 0.002 0.005 0.543 0.423 
 446 K X   0.003 0.016 0.000 0.007 0.002 0.005 0.542 0.425 
 447 G X   0.003 0.016 0.000 0.007 0.002 0.005 0.541 0.427 
 448 I X   0.003 0.016 0.000 0.007 0.002 0.005 0.540 0.428 
 449 L X   0.003 0.016 0.000 0.007 0.002 0.005 0.539 0.428 
 450 K X   0.003 0.016 0.000 0.008 0.002 0.005 0.538 0.427 
 451 K X   0.003 0.016 0.000 0.009 0.002 0.006 0.537 0.425 
 452 P X   0.004 0.017 0.000 0.010 0.003 0.006 0.537 0.424 
 453 R X   0.004 0.017 0.000 0.011 0.003 0.006 0.537 0.422 
 454 Q X   0.004 0.017 0.000 0.012 0.003 0.006 0.537 0.422 
 455 R X   0.004 0.016 0.000 0.012 0.003 0.006 0.538 0.422 
 456 E X   0.004 0.015 0.000 0.011 0.002 0.005 0.539 0.423 
 457 S X   0.004 0.013 0.000 0.009 0.002 0.005 0.540 0.426 
 458 G X   0.004 0.011 0.000 0.008 0.002 0.004 0.542 0.429 
 459 Y X   0.003 0.009 0.000 0.006 0.001 0.004 0.543 0.434 
 460 Y X   0.003 0.007 0.000 0.005 0.001 0.003 0.543 0.438 
 461 S X   0.003 0.006 0.000 0.003 0.001 0.003 0.543 0.441 
 462 S X   0.002 0.005 0.000 0.003 0.001 0.003 0.541 0.445 
 463 P X   0.002 0.005 0.000 0.002 0.001 0.003 0.539 0.448 
 464 E X   0.002 0.005 0.000 0.002 0.001 0.003 0.535 0.452 
 465 P X   0.002 0.006 0.000 0.003 0.001 0.004 0.530 0.454 
 466 S X   0.002 0.008 0.000 0.004 0.001 0.005 0.523 0.456 
 467 E X   0.003 0.013 0.000 0.007 0.002 0.006 0.514 0.455 
 468 S X   0.003 0.022 0.000 0.010 0.003 0.008 0.503 0.451 
 469 G X   0.004 0.036 0.001 0.016 0.004 0.009 0.489 0.441 
 470 E X   0.004 0.054 0.001 0.024 0.006 0.011 0.474 0.426 
 471 L X   0.004 0.073 0.001 0.032 0.007 0.012 0.460 0.411 
 472 L X   0.005 0.088 0.001 0.039 0.008 0.013 0.448 0.399 
 473 D X   0.005 0.098 0.001 0.044 0.008 0.013 0.439 0.392 
 474 A X   0.005 0.103 0.001 0.046 0.008 0.013 0.433 0.390 
 475 G X   0.005 0.105 0.001 0.046 0.008 0.013 0.429 0.393 
 476 D X   0.006 0.103 0.001 0.043 0.007 0.012 0.427 0.401 
 477 V X   0.006 0.097 0.001 0.038 0.007 0.011 0.427 0.414 
 478 F _   0.006 0.087 0.001 0.030 0.006 0.010 0.427 0.433 
 479 V _   0.006 0.072 0.001 0.022 0.004 0.009 0.428 0.458 
 480 S _   0.006 0.055 0.000 0.015 0.003 0.007 0.430 0.483 
 481 G _   0.005 0.040 0.000 0.010 0.002 0.006 0.430 0.506 
 482 D _   0.005 0.029 0.000 0.006 0.002 0.005 0.430 0.524 
 483 P _   0.004 0.022 0.000 0.004 0.001 0.004 0.428 0.536 
 484 K _   0.004 0.019 0.000 0.003 0.001 0.004 0.424 0.545 
 485 E _   0.003 0.018 0.000 0.002 0.001 0.004 0.420 0.551 
 486 Q _   0.003 0.019 0.000 0.003 0.001 0.005 0.413 0.556 
 487 K _   0.004 0.022 0.000 0.004 0.002 0.007 0.403 0.558 
 488 P _   0.005 0.031 0.000 0.007 0.003 0.009 0.390 0.554 
 489 P _   0.006 0.053 0.001 0.013 0.005 0.013 0.370 0.539 
 490 Q _   0.007 0.097 0.001 0.021 0.009 0.016 0.343 0.506 
 491 A _   0.008 0.163 0.002 0.030 0.012 0.019 0.310 0.457 
 492 S _   0.008 0.240 0.002 0.039 0.014 0.020 0.277 0.401 
 493 G _   0.007 0.308 0.002 0.044 0.014 0.020 0.251 0.354 
 494 L E   0.006 0.357 0.002 0.048 0.014 0.019 0.231 0.324 
 495 L E   0.006 0.389 0.001 0.049 0.013 0.018 0.217 0.307 
 496 L E   0.005 0.407 0.001 0.048 0.012 0.017 0.208 0.302 
 497 H E   0.005 0.415 0.001 0.045 0.011 0.016 0.201 0.305 
 498 R E   0.005 0.418 0.001 0.042 0.011 0.015 0.196 0.312 
 499 K E   0.006 0.414 0.001 0.037 0.010 0.014 0.192 0.326 
 500 G E   0.006 0.406 0.001 0.032 0.009 0.014 0.190 0.344 
 501 I E   0.006 0.392 0.001 0.026 0.008 0.013 0.188 0.367 
 502 L _   0.007 0.373 0.001 0.021 0.007 0.013 0.187 0.392 
 503 K _   0.007 0.354 0.001 0.016 0.006 0.012 0.186 0.419 
 504 L _   0.007 0.335 0.001 0.012 0.005 0.012 0.185 0.443 
 505 N _   0.007 0.320 0.001 0.010 0.004 0.012 0.184 0.463 
 506 G _   0.007 0.311 0.000 0.008 0.004 0.013 0.182 0.475 
 507 K _   0.007 0.307 0.000 0.007 0.004 0.014 0.180 0.481 
 508 F _   0.008 0.307 0.000 0.008 0.004 0.015 0.177 0.481 
 509 S _   0.009 0.312 0.001 0.010 0.006 0.016 0.174 0.473 
 510 Q _   0.010 0.322 0.001 0.013 0.007 0.018 0.170 0.459 
 511 T _   0.011 0.338 0.001 0.017 0.009 0.019 0.166 0.439 
 512 A _   0.012 0.356 0.001 0.022 0.011 0.019 0.162 0.416 
 513 L _   0.012 0.372 0.001 0.028 0.012 0.019 0.159 0.396 
 514 E E   0.012 0.384 0.001 0.032 0.013 0.019 0.157 0.382 
 515 L E   0.012 0.389 0.001 0.035 0.013 0.018 0.155 0.376 
 516 A E   0.012 0.388 0.001 0.037 0.013 0.018 0.155 0.377 
 517 A _   0.012 0.381 0.001 0.036 0.012 0.017 0.156 0.385 
 518 P _   0.012 0.366 0.001 0.034 0.012 0.015 0.157 0.402 
 519 T _   0.012 0.341 0.001 0.031 0.011 0.015 0.160 0.429 
 520 T _   0.012 0.304 0.001 0.028 0.010 0.014 0.165 0.466 
 521 F _   0.013 0.258 0.001 0.024 0.009 0.013 0.170 0.513 
 522 G _   0.012 0.209 0.001 0.020 0.007 0.012 0.176 0.562 
 523 S _   0.012 0.165 0.001 0.016 0.006 0.011 0.182 0.607 
 524 L _   0.011 0.131 0.001 0.012 0.005 0.010 0.188 0.644 
 525 D _   0.009 0.107 0.000 0.009 0.003 0.009 0.191 0.670 
 526 E _   0.008 0.092 0.000 0.007 0.003 0.008 0.194 0.688 
 527 L _   0.007 0.084 0.000 0.006 0.002 0.007 0.196 0.698 
 528 A _   0.006 0.079 0.000 0.005 0.002 0.007 0.197 0.704 
 529 P _   0.005 0.078 0.000 0.005 0.002 0.007 0.197 0.706 
 530 P _   0.005 0.078 0.000 0.006 0.002 0.007 0.196 0.705 
 531 R _   0.005 0.081 0.000 0.008 0.002 0.007 0.195 0.701 
 532 P _   0.005 0.086 0.000 0.009 0.003 0.007 0.194 0.695 
 533 L _   0.005 0.092 0.000 0.012 0.003 0.008 0.192 0.688 
 534 A _   0.005 0.099 0.000 0.014 0.004 0.008 0.190 0.680 
 535 R _   0.005 0.106 0.000 0.015 0.004 0.008 0.188 0.673 
 536 A _   0.004 0.113 0.000 0.016 0.004 0.008 0.186 0.668 
 537 S _   0.004 0.118 0.000 0.016 0.004 0.008 0.185 0.665 
 538 R _   0.004 0.122 0.000 0.016 0.004 0.008 0.183 0.663 
 539 P _   0.004 0.126 0.000 0.015 0.004 0.008 0.182 0.662 
 540 S _   0.004 0.129 0.000 0.015 0.004 0.008 0.181 0.660 
 541 G _   0.004 0.132 0.000 0.015 0.004 0.008 0.181 0.657 
 542 A _   0.004 0.135 0.000 0.015 0.004 0.008 0.180 0.653 
 543 V _   0.004 0.139 0.000 0.016 0.004 0.009 0.180 0.648 
 544 S _   0.004 0.142 0.001 0.018 0.004 0.009 0.180 0.642 
 545 E _   0.005 0.145 0.001 0.020 0.005 0.010 0.180 0.635 
 546 D _   0.005 0.148 0.001 0.022 0.005 0.010 0.181 0.628 
 547 S _   0.005 0.149 0.001 0.024 0.005 0.010 0.182 0.623 
 548 I _   0.006 0.149 0.001 0.026 0.006 0.010 0.184 0.618 
 549 L _   0.006 0.146 0.001 0.027 0.006 0.010 0.187 0.617 
 550 S _   0.006 0.141 0.001 0.027 0.006 0.010 0.190 0.619 
 551 S _   0.006 0.132 0.001 0.025 0.006 0.010 0.195 0.625 
 552 E _   0.006 0.120 0.001 0.023 0.005 0.009 0.201 0.634 
 553 S _   0.006 0.105 0.001 0.020 0.005 0.009 0.207 0.648 
 554 F _   0.006 0.087 0.001 0.016 0.004 0.008 0.214 0.664 
 555 D _   0.006 0.070 0.000 0.013 0.003 0.007 0.221 0.680 
 556 Q _   0.006 0.056 0.000 0.010 0.003 0.007 0.226 0.693 
 557 L _   0.005 0.045 0.000 0.007 0.002 0.006 0.231 0.703 
 558 D _   0.005 0.038 0.000 0.005 0.002 0.005 0.235 0.710 
 559 L _   0.005 0.033 0.000 0.004 0.001 0.005 0.237 0.713 
 560 P _   0.004 0.031 0.000 0.004 0.001 0.005 0.239 0.715 
 561 E _   0.004 0.031 0.000 0.004 0.001 0.005 0.240 0.714 
 562 R _   0.004 0.032 0.000 0.004 0.002 0.006 0.239 0.712 
 563 L _   0.004 0.035 0.000 0.006 0.002 0.007 0.239 0.707 
 564 P _   0.005 0.041 0.000 0.008 0.002 0.008 0.237 0.699 
 565 E _   0.005 0.051 0.000 0.010 0.003 0.009 0.234 0.686 
 566 P _   0.006 0.064 0.001 0.013 0.004 0.011 0.231 0.670 
 567 P _   0.006 0.081 0.001 0.018 0.005 0.012 0.228 0.649 
 568 L _   0.006 0.100 0.001 0.022 0.006 0.013 0.225 0.627 
 569 R _   0.006 0.118 0.001 0.027 0.007 0.014 0.222 0.605 
 570 G _   0.006 0.133 0.001 0.031 0.008 0.014 0.220 0.586 
 571 C _   0.006 0.144 0.001 0.035 0.009 0.014 0.219 0.571 
 572 V _   0.006 0.152 0.001 0.038 0.009 0.014 0.219 0.561 
 573 S _   0.006 0.156 0.001 0.040 0.009 0.014 0.219 0.554 
 574 V _   0.007 0.157 0.001 0.040 0.009 0.014 0.221 0.552 
 575 D _   0.007 0.155 0.001 0.039 0.009 0.013 0.224 0.553 
 576 N _   0.007 0.149 0.001 0.036 0.008 0.012 0.227 0.560 
 577 L _   0.007 0.139 0.001 0.031 0.007 0.011 0.232 0.572 
 578 T _   0.007 0.124 0.001 0.026 0.006 0.010 0.237 0.588 
 579 G _   0.007 0.106 0.001 0.020 0.005 0.009 0.243 0.609 
 580 L _   0.007 0.088 0.001 0.015 0.004 0.008 0.249 0.630 
 581 E _   0.006 0.072 0.000 0.010 0.003 0.007 0.253 0.649 
 582 E _   0.005 0.060 0.000 0.007 0.002 0.006 0.257 0.663 
 583 P _   0.005 0.053 0.000 0.005 0.002 0.005 0.259 0.672 
 584 P _   0.004 0.050 0.000 0.004 0.001 0.005 0.260 0.675 
 585 S _   0.004 0.050 0.000 0.004 0.001 0.006 0.261 0.674 
 586 E _   0.004 0.052 0.000 0.005 0.002 0.007 0.260 0.669 
 587 G _   0.005 0.059 0.000 0.008 0.003 0.008 0.259 0.659 
 588 P _   0.005 0.071 0.000 0.012 0.004 0.010 0.257 0.641 
 589 G _   0.006 0.088 0.001 0.019 0.005 0.011 0.254 0.617 
 590 S _   0.006 0.107 0.001 0.026 0.006 0.012 0.251 0.591 
 591 C _   0.006 0.124 0.001 0.032 0.007 0.013 0.248 0.569 
 592 L _   0.005 0.135 0.001 0.036 0.008 0.013 0.247 0.555 
 593 R _   0.005 0.140 0.001 0.037 0.008 0.013 0.247 0.549 
 594 R _   0.005 0.142 0.001 0.036 0.007 0.012 0.248 0.549 
 595 W _   0.005 0.140 0.001 0.032 0.007 0.011 0.250 0.555 
 596 R _   0.005 0.135 0.001 0.026 0.006 0.010 0.253 0.565 
 597 Q _   0.004 0.128 0.001 0.021 0.005 0.009 0.256 0.576 
 598 D _   0.004 0.119 0.001 0.015 0.004 0.009 0.260 0.589 
 599 P _   0.004 0.111 0.000 0.011 0.003 0.008 0.264 0.598 
 600 L _   0.004 0.105 0.000 0.008 0.003 0.008 0.267 0.604 
 601 G _   0.004 0.102 0.000 0.007 0.002 0.008 0.270 0.606 
 602 D _   0.004 0.101 0.000 0.006 0.002 0.009 0.272 0.604 
 603 S _   0.005 0.103 0.000 0.007 0.003 0.011 0.274 0.598 
 604 C _   0.006 0.108 0.000 0.008 0.004 0.013 0.275 0.587 
 605 F _   0.007 0.116 0.001 0.010 0.005 0.015 0.275 0.572 
 606 S _   0.008 0.129 0.001 0.012 0.006 0.018 0.276 0.550 
 607 L _   0.010 0.145 0.001 0.015 0.008 0.021 0.276 0.524 
 608 T _   0.012 0.164 0.001 0.017 0.010 0.024 0.277 0.495 
 609 D _   0.014 0.184 0.001 0.019 0.012 0.028 0.277 0.464 
 610 C _   0.016 0.204 0.001 0.021 0.014 0.031 0.279 0.433 
 611 Q _   0.019 0.222 0.001 0.023 0.017 0.034 0.280 0.404 
 612 E _   0.022 0.238 0.001 0.023 0.019 0.037 0.283 0.376 
 613 V _   0.026 0.251 0.001 0.023 0.021 0.039 0.286 0.353 
 614 T _   0.029 0.262 0.001 0.023 0.023 0.041 0.291 0.330 
 615 A _   0.032 0.271 0.001 0.023 0.025 0.042 0.296 0.310 
 616 T X   0.035 0.279 0.001 0.024 0.026 0.042 0.302 0.291 
 617 Y X   0.037 0.287 0.002 0.025 0.026 0.042 0.309 0.273 
 618 R X   0.037 0.292 0.001 0.026 0.026 0.040 0.318 0.259 
 619 Q X   0.036 0.296 0.001 0.027 0.025 0.038 0.328 0.248 
 620 A X   0.033 0.296 0.001 0.029 0.024 0.034 0.339 0.243 
 621 L X   0.028 0.294 0.001 0.030 0.021 0.030 0.352 0.244 
 622 R X   0.023 0.288 0.001 0.030 0.018 0.024 0.368 0.248 
 623 V X   0.016 0.276 0.001 0.028 0.013 0.018 0.386 0.261 
 624 C X   0.010 0.253 0.001 0.023 0.008 0.011 0.409 0.285 
 625 S X   0.004 0.212 0.001 0.015 0.003 0.005 0.432 0.327 
 626 K X   0.001 0.168 0.000 0.009 0.001 0.002 0.443 0.375 
 627 L X   0.001 0.139 0.000 0.009 0.001 0.002 0.444 0.405 
 628 T X   0.004 0.126 0.002 0.015 0.004 0.004 0.436 0.409 
