#TopoPred_TM8: 8-state transmembrane topology prediction results by no_profile mode 
#probabilities are in the order of H E C I L F X _, the 8 transmembrane topology types used in PDBTM 
   1 M X   0.008 0.001 0.002 0.039 0.007 0.006 0.849 0.089 
   2 L X   0.002 0.000 0.000 0.019 0.001 0.002 0.873 0.101 
   3 P X   0.001 0.000 0.000 0.008 0.000 0.001 0.879 0.111 
   4 E X   0.000 0.000 0.000 0.005 0.000 0.001 0.878 0.115 
   5 D X   0.000 0.001 0.000 0.004 0.000 0.001 0.875 0.118 
   6 K X   0.001 0.001 0.000 0.004 0.000 0.002 0.870 0.122 
   7 E X   0.001 0.002 0.000 0.004 0.001 0.003 0.864 0.125 
   8 A X   0.001 0.005 0.000 0.005 0.001 0.004 0.854 0.129 
   9 D X   0.002 0.009 0.000 0.007 0.002 0.005 0.842 0.133 
  10 S X   0.002 0.015 0.000 0.010 0.002 0.006 0.827 0.137 
  11 L X   0.002 0.023 0.000 0.013 0.003 0.007 0.811 0.140 
  12 R X   0.002 0.032 0.001 0.016 0.004 0.008 0.794 0.143 
  13 G X   0.002 0.040 0.001 0.018 0.004 0.008 0.780 0.147 
  14 N X   0.002 0.046 0.001 0.019 0.004 0.008 0.768 0.151 
  15 I X   0.002 0.051 0.001 0.019 0.005 0.009 0.759 0.156 
  16 S X   0.003 0.054 0.000 0.018 0.004 0.009 0.751 0.161 
  17 V X   0.003 0.057 0.000 0.016 0.004 0.009 0.744 0.167 
  18 K X   0.003 0.058 0.000 0.014 0.004 0.008 0.739 0.173 
  19 A X   0.003 0.058 0.000 0.012 0.004 0.008 0.735 0.179 
  20 V X   0.003 0.059 0.000 0.010 0.003 0.008 0.731 0.185 
  21 K X   0.003 0.058 0.000 0.009 0.003 0.008 0.728 0.190 
  22 K X   0.003 0.059 0.000 0.008 0.003 0.008 0.725 0.194 
  23 E X   0.003 0.059 0.000 0.007 0.003 0.008 0.722 0.197 
  24 V X   0.004 0.060 0.000 0.008 0.003 0.008 0.719 0.199 
  25 E X   0.004 0.061 0.000 0.008 0.003 0.008 0.716 0.199 
  26 K X   0.004 0.063 0.000 0.009 0.004 0.009 0.713 0.198 
  27 K X   0.004 0.064 0.000 0.011 0.004 0.009 0.711 0.197 
  28 L X   0.004 0.066 0.000 0.012 0.004 0.009 0.709 0.195 
  29 R X   0.005 0.067 0.000 0.014 0.005 0.008 0.707 0.194 
  30 C X   0.005 0.067 0.000 0.015 0.005 0.008 0.707 0.193 
  31 L X   0.005 0.065 0.000 0.015 0.005 0.008 0.708 0.194 
  32 L X   0.005 0.063 0.000 0.015 0.004 0.007 0.710 0.196 
  33 A X   0.005 0.059 0.000 0.014 0.004 0.007 0.712 0.199 
  34 D X   0.005 0.053 0.000 0.012 0.004 0.006 0.716 0.204 
  35 L X   0.005 0.045 0.000 0.011 0.003 0.006 0.721 0.209 
  36 P X   0.004 0.037 0.000 0.009 0.003 0.005 0.726 0.215 
  37 L X   0.004 0.029 0.000 0.007 0.002 0.005 0.731 0.221 
  38 P X   0.004 0.021 0.000 0.006 0.002 0.004 0.737 0.226 
  39 P X   0.004 0.015 0.000 0.005 0.001 0.004 0.741 0.230 
  40 E X   0.003 0.011 0.000 0.004 0.001 0.003 0.745 0.233 
  41 L X   0.003 0.007 0.000 0.003 0.001 0.003 0.748 0.235 
  42 P X   0.003 0.005 0.000 0.003 0.001 0.002 0.749 0.237 
  43 G X   0.002 0.004 0.000 0.002 0.001 0.002 0.750 0.239 
  44 G X   0.002 0.003 0.000 0.002 0.001 0.002 0.749 0.242 
  45 D X   0.002 0.002 0.000 0.002 0.001 0.002 0.747 0.244 
  46 D X   0.002 0.002 0.000 0.002 0.001 0.002 0.744 0.248 
  47 L X   0.002 0.002 0.000 0.002 0.001 0.002 0.740 0.252 
  48 S X   0.002 0.002 0.000 0.002 0.001 0.002 0.735 0.257 
  49 K X   0.001 0.002 0.000 0.003 0.001 0.002 0.729 0.262 
  50 S X   0.002 0.003 0.000 0.003 0.001 0.003 0.721 0.268 
  51 P X   0.002 0.004 0.000 0.005 0.001 0.004 0.711 0.274 
  52 E X   0.002 0.005 0.000 0.007 0.002 0.004 0.700 0.280 
  53 E X   0.002 0.007 0.000 0.009 0.002 0.005 0.688 0.286 
  54 K X   0.002 0.010 0.000 0.012 0.003 0.006 0.675 0.292 
  55 K X   0.002 0.013 0.000 0.015 0.003 0.007 0.663 0.297 
  56 T X   0.003 0.015 0.000 0.017 0.003 0.007 0.651 0.304 
  57 A X   0.003 0.016 0.000 0.018 0.004 0.007 0.641 0.311 
  58 T X   0.003 0.017 0.000 0.018 0.004 0.007 0.632 0.319 
  59 Q X   0.003 0.018 0.000 0.017 0.003 0.007 0.624 0.327 
  60 L X   0.003 0.018 0.000 0.015 0.003 0.007 0.618 0.336 
  61 H X   0.003 0.017 0.000 0.013 0.003 0.006 0.612 0.346 
  62 S X   0.003 0.016 0.000 0.011 0.002 0.006 0.606 0.355 
  63 K X   0.003 0.015 0.000 0.009 0.002 0.005 0.601 0.363 
  64 R X   0.003 0.015 0.000 0.008 0.002 0.005 0.596 0.371 
  65 R X   0.003 0.014 0.000 0.007 0.002 0.005 0.591 0.377 
  66 P X   0.003 0.014 0.000 0.007 0.002 0.005 0.586 0.383 
  67 K X   0.003 0.014 0.000 0.007 0.002 0.005 0.580 0.388 
  68 I X   0.003 0.014 0.000 0.008 0.002 0.005 0.575 0.393 
  69 C X   0.003 0.014 0.000 0.009 0.002 0.005 0.569 0.397 
  70 G X   0.003 0.014 0.000 0.009 0.002 0.005 0.563 0.402 
  71 P X   0.004 0.015 0.000 0.009 0.002 0.005 0.557 0.408 
  72 R X   0.003 0.015 0.000 0.009 0.002 0.005 0.551 0.414 
  73 Y X   0.003 0.014 0.000 0.008 0.002 0.005 0.545 0.422 
  74 G X   0.003 0.014 0.000 0.008 0.002 0.005 0.539 0.429 
  75 E X   0.003 0.014 0.000 0.007 0.002 0.005 0.532 0.437 
  76 T X   0.003 0.014 0.000 0.006 0.002 0.004 0.525 0.446 
  77 K X   0.003 0.014 0.000 0.005 0.002 0.004 0.518 0.453 
  78 E X   0.003 0.015 0.000 0.005 0.002 0.004 0.509 0.461 
  79 K X   0.003 0.017 0.000 0.006 0.002 0.005 0.500 0.468 
  80 D X   0.003 0.020 0.000 0.007 0.002 0.005 0.490 0.473 
  81 I X   0.003 0.024 0.000 0.008 0.002 0.006 0.478 0.478 
  82 D _   0.003 0.030 0.000 0.010 0.003 0.007 0.465 0.482 
  83 W _   0.003 0.038 0.000 0.011 0.003 0.008 0.451 0.484 
  84 G _   0.004 0.048 0.001 0.013 0.004 0.009 0.436 0.485 
  85 K _   0.004 0.059 0.001 0.015 0.005 0.011 0.421 0.485 
  86 R _   0.004 0.072 0.001 0.017 0.005 0.012 0.405 0.485 
  87 C _   0.005 0.085 0.001 0.018 0.006 0.013 0.390 0.483 
  88 V _   0.005 0.100 0.001 0.019 0.007 0.015 0.375 0.478 
  89 D _   0.006 0.118 0.001 0.021 0.008 0.017 0.360 0.469 
  90 K _   0.007 0.138 0.001 0.023 0.010 0.019 0.345 0.456 
  91 F _   0.009 0.162 0.001 0.026 0.012 0.022 0.330 0.439 
  92 D _   0.010 0.188 0.001 0.029 0.015 0.023 0.316 0.417 
  93 I _   0.011 0.216 0.002 0.033 0.017 0.025 0.303 0.394 
  94 I _   0.012 0.241 0.002 0.038 0.018 0.026 0.291 0.372 
  95 G _   0.013 0.261 0.002 0.042 0.019 0.026 0.282 0.355 
  96 I _   0.014 0.275 0.001 0.046 0.020 0.026 0.275 0.343 
  97 I _   0.014 0.283 0.001 0.048 0.020 0.025 0.269 0.338 
  98 G _   0.015 0.286 0.001 0.049 0.019 0.024 0.266 0.339 
  99 E _   0.015 0.284 0.001 0.049 0.018 0.023 0.263 0.346 
 100 G _   0.014 0.276 0.001 0.047 0.017 0.022 0.262 0.361 
 101 T _   0.014 0.261 0.001 0.044 0.015 0.020 0.262 0.383 
 102 Y _   0.014 0.237 0.001 0.039 0.013 0.018 0.264 0.414 
 103 G _   0.013 0.204 0.001 0.033 0.011 0.016 0.266 0.455 
 104 Q _   0.012 0.164 0.001 0.027 0.009 0.014 0.269 0.504 
 105 V _   0.011 0.121 0.001 0.020 0.007 0.012 0.273 0.555 
 106 Y _   0.009 0.084 0.001 0.014 0.005 0.010 0.275 0.602 
 107 K _   0.008 0.056 0.001 0.010 0.003 0.008 0.276 0.638 
 108 A _   0.006 0.039 0.000 0.006 0.002 0.007 0.277 0.663 
 109 R _   0.005 0.030 0.000 0.004 0.002 0.006 0.276 0.677 
 110 D _   0.004 0.026 0.000 0.004 0.001 0.006 0.274 0.685 
 111 K _   0.004 0.025 0.000 0.004 0.001 0.006 0.271 0.689 
 112 D _   0.004 0.025 0.000 0.005 0.002 0.007 0.267 0.688 
 113 T _   0.005 0.028 0.000 0.009 0.003 0.008 0.263 0.684 
 114 G _   0.006 0.033 0.000 0.014 0.004 0.010 0.258 0.675 
 115 E _   0.006 0.040 0.001 0.022 0.005 0.012 0.252 0.663 
 116 M _   0.007 0.046 0.001 0.029 0.006 0.013 0.246 0.653 
 117 V _   0.007 0.050 0.001 0.034 0.007 0.013 0.241 0.647 
 118 A _   0.007 0.051 0.001 0.037 0.007 0.013 0.238 0.646 
 119 L _   0.007 0.051 0.001 0.035 0.007 0.012 0.235 0.652 
 120 K _   0.006 0.047 0.001 0.031 0.006 0.011 0.233 0.664 
 121 K _   0.006 0.041 0.001 0.024 0.005 0.010 0.232 0.681 
 122 V _   0.005 0.032 0.001 0.018 0.004 0.009 0.231 0.700 
 123 R _   0.005 0.024 0.000 0.012 0.003 0.007 0.230 0.718 
 124 L _   0.005 0.017 0.000 0.007 0.002 0.007 0.229 0.733 
 125 D _   0.004 0.012 0.000 0.005 0.002 0.006 0.227 0.743 
 126 N _   0.004 0.010 0.000 0.003 0.002 0.007 0.225 0.749 
 127 E _   0.005 0.010 0.000 0.003 0.002 0.008 0.221 0.752 
 128 K _   0.006 0.010 0.000 0.004 0.002 0.009 0.218 0.751 
 129 E _   0.008 0.013 0.000 0.005 0.003 0.012 0.213 0.746 
 130 G _   0.010 0.019 0.001 0.008 0.005 0.016 0.207 0.735 
 131 F _   0.012 0.030 0.001 0.012 0.007 0.021 0.200 0.717 
 132 P _   0.015 0.045 0.001 0.018 0.010 0.026 0.192 0.693 
 133 I _   0.017 0.063 0.001 0.023 0.014 0.030 0.184 0.667 
 134 T _   0.020 0.080 0.001 0.028 0.017 0.034 0.177 0.643 
 135 A _   0.021 0.094 0.002 0.032 0.020 0.038 0.171 0.623 
 136 I _   0.024 0.104 0.002 0.033 0.021 0.040 0.165 0.611 
 137 R _   0.025 0.110 0.001 0.033 0.022 0.042 0.161 0.605 
 138 E _   0.027 0.114 0.001 0.032 0.022 0.043 0.157 0.603 
 139 I _   0.028 0.115 0.001 0.029 0.022 0.043 0.155 0.606 
 140 K _   0.029 0.115 0.001 0.026 0.020 0.043 0.152 0.613 
 141 I _   0.030 0.113 0.001 0.022 0.019 0.042 0.150 0.622 
 142 L _   0.031 0.111 0.001 0.018 0.017 0.042 0.148 0.632 
 143 R _   0.032 0.109 0.001 0.015 0.016 0.041 0.147 0.640 
 144 Q _   0.032 0.107 0.001 0.014 0.015 0.040 0.145 0.645 
 145 L _   0.033 0.107 0.001 0.013 0.015 0.040 0.144 0.647 
 146 T _   0.033 0.109 0.001 0.013 0.016 0.039 0.143 0.645 
 147 H _   0.034 0.112 0.001 0.015 0.016 0.039 0.142 0.640 
 148 Q _   0.035 0.118 0.001 0.018 0.017 0.038 0.141 0.631 
 149 S _   0.036 0.124 0.001 0.022 0.018 0.037 0.140 0.621 
 150 I _   0.036 0.130 0.001 0.027 0.019 0.035 0.140 0.611 
 151 I _   0.036 0.134 0.001 0.031 0.019 0.034 0.140 0.604 
 152 N _   0.035 0.136 0.001 0.035 0.019 0.031 0.141 0.601 
 153 M _   0.033 0.135 0.001 0.036 0.018 0.029 0.143 0.605 
 154 K _   0.031 0.130 0.001 0.036 0.016 0.026 0.145 0.615 
 155 E _   0.028 0.120 0.001 0.034 0.014 0.023 0.148 0.632 
 156 I _   0.025 0.106 0.001 0.030 0.012 0.020 0.152 0.655 
 157 V _   0.021 0.087 0.001 0.025 0.009 0.017 0.156 0.684 
 158 T _   0.018 0.066 0.001 0.020 0.007 0.014 0.160 0.714 
 159 D _   0.015 0.046 0.001 0.015 0.005 0.012 0.164 0.743 
 160 K _   0.012 0.030 0.001 0.011 0.004 0.010 0.167 0.766 
 161 E _   0.010 0.019 0.000 0.007 0.003 0.008 0.169 0.784 
 162 D _   0.008 0.011 0.000 0.005 0.002 0.006 0.170 0.797 
 163 A _   0.006 0.007 0.000 0.004 0.001 0.005 0.170 0.805 
 164 L _   0.005 0.005 0.000 0.003 0.001 0.005 0.170 0.811 
 165 D _   0.005 0.004 0.000 0.003 0.001 0.005 0.168 0.814 
 166 F _   0.004 0.004 0.000 0.003 0.001 0.006 0.166 0.816 
 167 K _   0.005 0.005 0.000 0.003 0.002 0.007 0.163 0.815 
 168 K _   0.006 0.008 0.000 0.005 0.002 0.010 0.159 0.810 
 169 D _   0.008 0.014 0.000 0.009 0.004 0.013 0.153 0.799 
 170 K _   0.009 0.026 0.001 0.015 0.007 0.018 0.147 0.777 
 171 G _   0.011 0.045 0.001 0.025 0.010 0.023 0.139 0.746 
 172 A _   0.013 0.066 0.001 0.037 0.014 0.027 0.131 0.711 
 173 F _   0.014 0.083 0.001 0.047 0.017 0.030 0.124 0.684 
 174 Y _   0.015 0.093 0.001 0.054 0.019 0.031 0.119 0.668 
 175 L _   0.016 0.098 0.001 0.056 0.019 0.032 0.114 0.664 
 176 V _   0.016 0.098 0.001 0.052 0.018 0.032 0.111 0.672 
 177 F _   0.016 0.093 0.001 0.044 0.016 0.031 0.108 0.690 
 178 E _   0.016 0.085 0.001 0.033 0.014 0.030 0.106 0.714 
 179 Y _   0.017 0.073 0.001 0.023 0.012 0.029 0.104 0.740 
 180 M _   0.018 0.063 0.001 0.015 0.010 0.029 0.103 0.761 
 181 D _   0.020 0.055 0.001 0.011 0.009 0.030 0.101 0.774 
 182 H _   0.023 0.052 0.001 0.009 0.009 0.031 0.099 0.777 
 183 D _   0.027 0.051 0.001 0.009 0.010 0.034 0.097 0.771 
 184 L _   0.031 0.054 0.001 0.012 0.013 0.036 0.095 0.758 
 185 M _   0.035 0.060 0.001 0.018 0.016 0.038 0.093 0.738 
 186 G _   0.038 0.068 0.001 0.025 0.020 0.039 0.091 0.718 
 187 L _   0.039 0.074 0.002 0.033 0.022 0.039 0.089 0.701 
 188 L _   0.039 0.078 0.002 0.039 0.023 0.038 0.087 0.693 
 189 E _   0.038 0.079 0.002 0.040 0.023 0.036 0.087 0.695 
 190 S _   0.036 0.076 0.002 0.038 0.021 0.034 0.086 0.708 
 191 G _   0.033 0.069 0.002 0.033 0.018 0.030 0.086 0.729 
 192 L _   0.031 0.057 0.001 0.026 0.014 0.027 0.086 0.757 
 193 V _   0.027 0.044 0.001 0.018 0.011 0.024 0.087 0.788 
 194 H _   0.024 0.031 0.001 0.012 0.008 0.021 0.087 0.817 
 195 F _   0.021 0.021 0.001 0.007 0.006 0.019 0.087 0.837 
 196 N _   0.019 0.016 0.000 0.005 0.004 0.018 0.087 0.849 
 197 E _   0.019 0.014 0.000 0.004 0.004 0.018 0.086 0.854 
 198 N _   0.019 0.014 0.000 0.004 0.004 0.019 0.086 0.852 
 199 H _   0.021 0.017 0.001 0.006 0.006 0.022 0.085 0.844 
 200 I _   0.023 0.023 0.001 0.010 0.008 0.024 0.083 0.827 
 201 K _   0.026 0.036 0.001 0.016 0.012 0.027 0.081 0.801 
 202 S _   0.027 0.053 0.001 0.025 0.016 0.029 0.079 0.770 
 203 F _   0.028 0.070 0.002 0.035 0.019 0.030 0.077 0.739 
 204 M _   0.027 0.083 0.002 0.044 0.020 0.030 0.076 0.717 
 205 R _   0.026 0.091 0.002 0.049 0.020 0.029 0.075 0.708 
 206 Q _   0.024 0.094 0.001 0.050 0.019 0.027 0.075 0.710 
 207 L _   0.022 0.092 0.001 0.047 0.017 0.024 0.076 0.721 
 208 M _   0.019 0.086 0.001 0.041 0.014 0.021 0.077 0.740 
 209 E _   0.017 0.077 0.001 0.032 0.011 0.018 0.078 0.766 
 210 G _   0.015 0.064 0.001 0.023 0.008 0.015 0.079 0.795 
 211 L _   0.013 0.050 0.001 0.016 0.006 0.013 0.081 0.821 
 212 D _   0.011 0.039 0.001 0.011 0.004 0.011 0.081 0.842 
 213 Y _   0.009 0.031 0.000 0.008 0.003 0.009 0.082 0.857 
 214 C _   0.008 0.027 0.000 0.006 0.002 0.008 0.082 0.867 
 215 H _   0.007 0.025 0.000 0.005 0.002 0.008 0.082 0.871 
 216 K _   0.007 0.024 0.000 0.005 0.002 0.008 0.081 0.872 
 217 K _   0.007 0.025 0.000 0.006 0.002 0.008 0.080 0.871 
 218 N _   0.007 0.028 0.000 0.007 0.003 0.009 0.079 0.867 
 219 F _   0.007 0.032 0.000 0.009 0.003 0.009 0.077 0.861 
 220 L _   0.007 0.039 0.001 0.011 0.004 0.010 0.075 0.853 
 221 H _   0.007 0.046 0.001 0.014 0.005 0.011 0.073 0.843 
 222 R _   0.007 0.055 0.001 0.016 0.006 0.012 0.071 0.833 
 223 D _   0.007 0.063 0.001 0.018 0.006 0.012 0.069 0.824 
 224 I _   0.007 0.071 0.001 0.020 0.007 0.012 0.067 0.815 
 225 K _   0.007 0.078 0.001 0.021 0.007 0.012 0.065 0.808 
 226 C _   0.008 0.083 0.001 0.022 0.007 0.012 0.064 0.803 
 227 S _   0.008 0.087 0.001 0.022 0.007 0.012 0.063 0.801 
 228 N _   0.008 0.090 0.001 0.021 0.006 0.012 0.062 0.800 
 229 I _   0.008 0.091 0.001 0.020 0.006 0.012 0.062 0.801 
 230 L _   0.008 0.092 0.001 0.018 0.005 0.011 0.061 0.804 
 231 L _   0.008 0.092 0.001 0.016 0.005 0.011 0.061 0.808 
 232 N _   0.007 0.091 0.001 0.013 0.004 0.011 0.061 0.812 
 233 N _   0.007 0.091 0.000 0.011 0.004 0.011 0.060 0.815 
 234 R _   0.007 0.091 0.000 0.010 0.004 0.011 0.060 0.817 
 235 G _   0.008 0.092 0.000 0.009 0.004 0.012 0.059 0.816 
 236 Q _   0.008 0.096 0.000 0.010 0.004 0.013 0.058 0.811 
 237 I _   0.009 0.102 0.001 0.011 0.005 0.014 0.057 0.801 
 238 K _   0.010 0.112 0.001 0.015 0.006 0.016 0.056 0.785 
 239 L _   0.011 0.126 0.001 0.020 0.008 0.017 0.054 0.763 
 240 A _   0.011 0.142 0.001 0.026 0.010 0.019 0.053 0.737 
 241 D _   0.012 0.158 0.001 0.034 0.012 0.020 0.052 0.711 
 242 F _   0.013 0.171 0.001 0.041 0.013 0.021 0.051 0.690 
 243 G _   0.013 0.179 0.001 0.047 0.014 0.021 0.050 0.676 
 244 L _   0.013 0.181 0.001 0.050 0.014 0.020 0.050 0.671 
 245 A _   0.013 0.178 0.001 0.049 0.013 0.019 0.051 0.676 
 246 R _   0.013 0.169 0.001 0.046 0.012 0.018 0.052 0.690 
 247 L _   0.012 0.152 0.001 0.040 0.011 0.016 0.054 0.715 
 248 Y _   0.012 0.125 0.001 0.031 0.009 0.014 0.056 0.752 
 249 S _   0.011 0.091 0.001 0.023 0.007 0.012 0.058 0.796 
 250 S _   0.011 0.058 0.001 0.015 0.005 0.011 0.060 0.839 
 251 E _   0.010 0.033 0.001 0.010 0.004 0.009 0.062 0.873 
 252 E _   0.009 0.018 0.000 0.006 0.003 0.008 0.063 0.894 
 253 S _   0.008 0.010 0.000 0.004 0.002 0.007 0.063 0.905 
 254 R _   0.007 0.007 0.000 0.003 0.002 0.008 0.064 0.909 
 255 P _   0.008 0.006 0.000 0.003 0.002 0.008 0.063 0.909 
 256 Y _   0.009 0.006 0.000 0.005 0.003 0.010 0.063 0.905 
 257 T _   0.010 0.008 0.000 0.008 0.004 0.012 0.062 0.897 
 258 N _   0.012 0.011 0.001 0.012 0.006 0.014 0.061 0.884 
 259 K _   0.013 0.014 0.001 0.018 0.007 0.016 0.059 0.871 
 260 V _   0.014 0.018 0.001 0.023 0.009 0.018 0.058 0.859 
 261 I _   0.015 0.020 0.001 0.027 0.010 0.019 0.057 0.852 
 262 T _   0.014 0.021 0.001 0.028 0.010 0.018 0.056 0.851 
 263 L _   0.014 0.020 0.001 0.026 0.010 0.018 0.056 0.856 
 264 W _   0.012 0.018 0.001 0.023 0.008 0.016 0.055 0.866 
 265 Y _   0.012 0.015 0.001 0.018 0.007 0.015 0.055 0.877 
 266 R _   0.011 0.012 0.001 0.014 0.006 0.014 0.055 0.888 
 267 P _   0.010 0.009 0.001 0.011 0.005 0.013 0.054 0.896 
 268 P _   0.010 0.007 0.001 0.009 0.005 0.013 0.054 0.902 
 269 E _   0.011 0.005 0.000 0.008 0.004 0.012 0.054 0.905 
 270 L _   0.012 0.004 0.000 0.008 0.004 0.012 0.053 0.906 
 271 L _   0.015 0.003 0.001 0.008 0.004 0.012 0.052 0.904 
 272 L _   0.018 0.003 0.001 0.009 0.005 0.013 0.051 0.901 
 273 G _   0.024 0.002 0.001 0.008 0.005 0.013 0.050 0.897 
 274 E _   0.033 0.002 0.001 0.008 0.005 0.014 0.049 0.889 
 275 E _   0.047 0.001 0.001 0.006 0.005 0.014 0.047 0.878 
 276 R _   0.068 0.001 0.001 0.005 0.006 0.015 0.046 0.860 
 277 Y _   0.099 0.000 0.001 0.003 0.006 0.016 0.044 0.831 
 278 T _   0.144 0.000 0.001 0.002 0.007 0.017 0.041 0.787 
 279 P _   0.210 0.000 0.001 0.002 0.008 0.019 0.039 0.722 
 280 A _   0.296 0.000 0.001 0.002 0.010 0.021 0.037 0.634 
 281 I _   0.396 0.000 0.001 0.001 0.014 0.023 0.035 0.530 
 282 D H   0.498 0.000 0.001 0.001 0.018 0.025 0.033 0.422 
 283 V H   0.587 0.000 0.002 0.002 0.024 0.027 0.033 0.326 
 284 W H   0.655 0.000 0.002 0.002 0.029 0.028 0.033 0.252 
 285 S H   0.700 0.000 0.002 0.002 0.033 0.027 0.034 0.202 
 286 C H   0.726 0.000 0.002 0.003 0.037 0.027 0.036 0.170 
 287 G H   0.736 0.000 0.002 0.003 0.040 0.026 0.039 0.154 
 288 C H   0.731 0.001 0.002 0.004 0.041 0.025 0.044 0.152 
 289 I H   0.711 0.001 0.002 0.005 0.041 0.025 0.051 0.165 
 290 L H   0.673 0.001 0.002 0.005 0.040 0.024 0.061 0.195 
 291 G H   0.614 0.001 0.003 0.006 0.036 0.023 0.074 0.243 
 292 E H   0.535 0.000 0.003 0.006 0.031 0.022 0.092 0.311 
 293 L H   0.439 0.000 0.002 0.006 0.024 0.021 0.114 0.394 
 294 F _   0.337 0.000 0.002 0.005 0.017 0.019 0.139 0.481 
 295 T _   0.241 0.000 0.001 0.005 0.012 0.016 0.165 0.559 
 296 K _   0.164 0.000 0.001 0.004 0.008 0.015 0.189 0.619 
 297 K _   0.107 0.000 0.001 0.004 0.006 0.013 0.210 0.660 
 298 P _   0.069 0.000 0.001 0.004 0.004 0.012 0.227 0.683 
 299 I _   0.046 0.001 0.000 0.004 0.004 0.012 0.241 0.692 
 300 F _   0.032 0.002 0.000 0.004 0.004 0.013 0.253 0.692 
 301 Q _   0.025 0.004 0.001 0.006 0.004 0.014 0.264 0.683 
 302 A _   0.020 0.009 0.001 0.009 0.005 0.016 0.274 0.668 
 303 N _   0.018 0.017 0.001 0.013 0.007 0.018 0.283 0.644 
 304 Q _   0.016 0.029 0.001 0.019 0.009 0.020 0.292 0.613 
 305 E _   0.015 0.044 0.001 0.028 0.011 0.022 0.302 0.577 
 306 L _   0.015 0.060 0.001 0.036 0.013 0.023 0.313 0.539 
 307 A _   0.014 0.073 0.001 0.045 0.015 0.024 0.325 0.503 
 308 Q _   0.014 0.082 0.001 0.052 0.016 0.025 0.339 0.471 
 309 L _   0.014 0.087 0.001 0.057 0.016 0.024 0.355 0.445 
 310 E _   0.013 0.089 0.001 0.059 0.016 0.023 0.375 0.423 
 311 L _   0.013 0.087 0.001 0.057 0.015 0.022 0.398 0.406 
 312 I X   0.012 0.083 0.001 0.053 0.014 0.020 0.425 0.392 
 313 R X   0.011 0.075 0.001 0.046 0.012 0.018 0.456 0.381 
 314 H X   0.011 0.063 0.001 0.037 0.009 0.016 0.489 0.373 
 315 E X   0.010 0.050 0.001 0.028 0.007 0.013 0.524 0.367 
 316 E X   0.008 0.037 0.001 0.020 0.006 0.011 0.556 0.361 
 317 N X   0.006 0.026 0.001 0.015 0.004 0.008 0.584 0.355 
 318 E X   0.005 0.018 0.000 0.010 0.003 0.006 0.610 0.347 
 319 V X   0.003 0.012 0.000 0.007 0.002 0.004 0.632 0.341 
 320 S X   0.001 0.007 0.000 0.004 0.001 0.002 0.649 0.336 
 321 D X   0.000 0.004 0.000 0.002 0.000 0.001 0.660 0.333 
 322 K X   0.000 0.002 0.000 0.001 0.000 0.000 0.663 0.333 
 323 Q X   0.000 0.002 0.000 0.002 0.000 0.000 0.661 0.334 
 324 I X   0.002 0.002 0.001 0.009 0.002 0.002 0.649 0.332 
