#TopoPred_TM8: 8-state transmembrane topology prediction results by no_profile mode 
#probabilities are in the order of H E C I L F X _, the 8 transmembrane topology types used in PDBTM 
   1 M X   0.015 0.002 0.002 0.049 0.009 0.009 0.665 0.249 
   2 S X   0.004 0.001 0.000 0.024 0.001 0.004 0.680 0.285 
   3 S X   0.001 0.001 0.000 0.010 0.000 0.002 0.682 0.304 
   4 P X   0.001 0.001 0.000 0.007 0.000 0.002 0.676 0.312 
   5 P X   0.001 0.003 0.000 0.007 0.001 0.004 0.665 0.318 
   6 P X   0.003 0.007 0.000 0.010 0.002 0.008 0.647 0.322 
   7 A X   0.004 0.018 0.000 0.015 0.004 0.013 0.622 0.322 
   8 R X   0.006 0.042 0.001 0.024 0.006 0.019 0.585 0.317 
   9 S X   0.008 0.081 0.001 0.036 0.010 0.024 0.536 0.305 
  10 G X   0.008 0.133 0.002 0.047 0.013 0.028 0.479 0.290 
  11 F X   0.007 0.185 0.002 0.056 0.016 0.030 0.425 0.279 
  12 Y X   0.007 0.227 0.002 0.060 0.017 0.031 0.381 0.275 
  13 R X   0.007 0.257 0.002 0.059 0.018 0.032 0.349 0.277 
  14 Q X   0.007 0.276 0.002 0.057 0.018 0.033 0.322 0.284 
  15 E X   0.008 0.290 0.002 0.052 0.019 0.034 0.301 0.294 
  16 V _   0.009 0.298 0.001 0.048 0.019 0.035 0.283 0.306 
  17 T _   0.011 0.303 0.001 0.044 0.020 0.035 0.268 0.317 
  18 K _   0.012 0.306 0.001 0.041 0.021 0.036 0.255 0.328 
  19 T _   0.014 0.308 0.001 0.040 0.021 0.036 0.243 0.337 
  20 A _   0.016 0.307 0.001 0.041 0.022 0.035 0.233 0.346 
  21 W _   0.017 0.304 0.001 0.042 0.022 0.034 0.224 0.356 
  22 E _   0.018 0.297 0.001 0.042 0.021 0.033 0.216 0.371 
  23 V _   0.019 0.285 0.002 0.042 0.020 0.031 0.210 0.392 
  24 R _   0.020 0.266 0.002 0.040 0.019 0.029 0.205 0.420 
  25 A _   0.020 0.237 0.002 0.036 0.018 0.027 0.201 0.460 
  26 V _   0.020 0.197 0.002 0.031 0.016 0.025 0.198 0.513 
  27 Y _   0.019 0.146 0.002 0.025 0.013 0.023 0.195 0.577 
  28 R _   0.019 0.095 0.001 0.018 0.011 0.021 0.193 0.642 
  29 D _   0.017 0.054 0.001 0.012 0.008 0.020 0.190 0.698 
  30 L _   0.016 0.028 0.001 0.008 0.006 0.019 0.187 0.737 
  31 Q _   0.015 0.014 0.001 0.005 0.004 0.018 0.183 0.760 
  32 P _   0.015 0.009 0.000 0.004 0.004 0.019 0.179 0.771 
  33 V _   0.017 0.007 0.000 0.003 0.004 0.020 0.174 0.774 
  34 G _   0.021 0.007 0.001 0.004 0.005 0.024 0.168 0.771 
  35 S _   0.026 0.008 0.001 0.006 0.008 0.029 0.162 0.760 
  36 G _   0.033 0.012 0.001 0.010 0.013 0.034 0.155 0.741 
  37 A _   0.039 0.020 0.001 0.016 0.019 0.040 0.148 0.717 
  38 Y _   0.045 0.029 0.002 0.024 0.025 0.045 0.140 0.691 
  39 G _   0.048 0.037 0.002 0.032 0.029 0.048 0.133 0.671 
  40 A _   0.050 0.044 0.002 0.038 0.032 0.049 0.128 0.658 
  41 V _   0.051 0.047 0.002 0.040 0.033 0.048 0.123 0.656 
  42 C _   0.051 0.048 0.002 0.039 0.031 0.047 0.119 0.663 
  43 S _   0.049 0.047 0.002 0.035 0.028 0.044 0.116 0.680 
  44 A _   0.047 0.043 0.002 0.028 0.024 0.041 0.113 0.702 
  45 V _   0.044 0.038 0.001 0.022 0.019 0.037 0.111 0.727 
  46 D _   0.040 0.033 0.001 0.016 0.015 0.034 0.109 0.751 
  47 G _   0.037 0.028 0.001 0.013 0.013 0.032 0.107 0.770 
  48 R _   0.033 0.025 0.001 0.011 0.011 0.029 0.105 0.784 
  49 T _   0.030 0.024 0.001 0.010 0.009 0.028 0.104 0.794 
  50 G _   0.028 0.023 0.001 0.011 0.009 0.026 0.102 0.800 
  51 A _   0.026 0.024 0.001 0.013 0.009 0.025 0.100 0.802 
  52 K _   0.024 0.025 0.001 0.015 0.009 0.024 0.099 0.803 
  53 V _   0.022 0.026 0.001 0.017 0.010 0.023 0.097 0.804 
  54 A _   0.021 0.027 0.001 0.018 0.009 0.022 0.095 0.807 
  55 I _   0.019 0.027 0.001 0.018 0.009 0.020 0.094 0.812 
  56 K _   0.018 0.026 0.001 0.017 0.008 0.018 0.093 0.819 
  57 K _   0.016 0.025 0.001 0.015 0.007 0.017 0.092 0.828 
  58 L _   0.014 0.022 0.001 0.013 0.006 0.016 0.091 0.837 
  59 Y _   0.013 0.020 0.001 0.011 0.006 0.014 0.090 0.845 
  60 R _   0.012 0.019 0.001 0.009 0.005 0.014 0.089 0.852 
  61 P _   0.012 0.017 0.001 0.008 0.005 0.014 0.088 0.856 
  62 F _   0.012 0.017 0.001 0.008 0.005 0.014 0.087 0.857 
  63 Q _   0.012 0.017 0.001 0.009 0.005 0.014 0.087 0.856 
  64 S _   0.012 0.018 0.001 0.010 0.005 0.015 0.086 0.854 
  65 E _   0.013 0.019 0.001 0.011 0.006 0.015 0.085 0.849 
  66 L _   0.013 0.021 0.001 0.013 0.007 0.016 0.084 0.846 
  67 F _   0.014 0.022 0.001 0.015 0.007 0.016 0.083 0.842 
  68 A _   0.014 0.023 0.001 0.016 0.008 0.017 0.083 0.840 
  69 K _   0.014 0.024 0.001 0.016 0.008 0.017 0.082 0.839 
  70 R _   0.014 0.024 0.001 0.016 0.008 0.017 0.081 0.839 
  71 A _   0.014 0.024 0.001 0.015 0.008 0.017 0.081 0.840 
  72 Y _   0.014 0.023 0.001 0.015 0.007 0.017 0.081 0.842 
  73 R _   0.014 0.022 0.001 0.014 0.007 0.017 0.081 0.844 
  74 E _   0.014 0.021 0.001 0.013 0.007 0.017 0.081 0.847 
  75 L _   0.014 0.020 0.001 0.012 0.006 0.017 0.081 0.849 
  76 R _   0.015 0.019 0.001 0.010 0.006 0.017 0.081 0.851 
  77 L _   0.015 0.018 0.001 0.009 0.006 0.017 0.081 0.853 
  78 L _   0.016 0.017 0.001 0.008 0.006 0.018 0.081 0.853 
  79 K _   0.017 0.018 0.001 0.008 0.006 0.019 0.081 0.852 
  80 H _   0.018 0.018 0.001 0.008 0.006 0.020 0.081 0.848 
  81 M _   0.021 0.020 0.001 0.008 0.007 0.022 0.080 0.840 
  82 R _   0.024 0.024 0.001 0.010 0.009 0.025 0.080 0.828 
  83 H _   0.027 0.030 0.001 0.013 0.011 0.028 0.079 0.811 
  84 E _   0.030 0.040 0.001 0.017 0.015 0.030 0.079 0.788 
  85 N _   0.033 0.053 0.001 0.024 0.018 0.033 0.078 0.760 
  86 V _   0.036 0.067 0.002 0.032 0.021 0.034 0.078 0.731 
  87 I _   0.037 0.079 0.002 0.040 0.024 0.035 0.078 0.705 
  88 G _   0.038 0.088 0.002 0.047 0.025 0.034 0.078 0.688 
  89 L _   0.037 0.092 0.002 0.051 0.025 0.033 0.080 0.681 
  90 L _   0.035 0.091 0.002 0.052 0.023 0.031 0.082 0.684 
  91 D _   0.032 0.087 0.002 0.049 0.020 0.028 0.084 0.698 
  92 V _   0.028 0.078 0.001 0.043 0.017 0.025 0.088 0.721 
  93 F _   0.024 0.063 0.001 0.033 0.013 0.021 0.091 0.754 
  94 T _   0.020 0.044 0.001 0.023 0.009 0.017 0.095 0.791 
  95 P _   0.016 0.027 0.001 0.014 0.006 0.014 0.098 0.825 
  96 D _   0.013 0.013 0.000 0.008 0.004 0.011 0.100 0.851 
  97 E _   0.010 0.006 0.000 0.004 0.002 0.009 0.101 0.866 
  98 T _   0.009 0.002 0.000 0.002 0.002 0.009 0.102 0.874 
  99 L _   0.009 0.001 0.000 0.002 0.001 0.009 0.102 0.875 
 100 D _   0.011 0.001 0.000 0.002 0.002 0.011 0.101 0.871 
 101 D _   0.015 0.002 0.000 0.002 0.003 0.016 0.101 0.861 
 102 F _   0.023 0.005 0.001 0.005 0.006 0.022 0.099 0.840 
 103 T _   0.033 0.017 0.001 0.009 0.012 0.031 0.097 0.800 
 104 D _   0.042 0.045 0.002 0.018 0.021 0.040 0.094 0.739 
 105 F _   0.049 0.088 0.002 0.031 0.030 0.046 0.090 0.663 
 106 Y _   0.053 0.134 0.003 0.044 0.037 0.050 0.087 0.592 
 107 L _   0.055 0.168 0.002 0.055 0.040 0.051 0.085 0.544 
 108 V _   0.055 0.187 0.002 0.063 0.040 0.050 0.085 0.518 
 109 M _   0.054 0.196 0.002 0.065 0.039 0.047 0.085 0.511 
 110 P _   0.051 0.197 0.002 0.064 0.036 0.044 0.086 0.519 
 111 F _   0.048 0.191 0.002 0.058 0.032 0.040 0.087 0.541 
 112 M _   0.044 0.177 0.002 0.050 0.027 0.035 0.090 0.575 
 113 G _   0.038 0.153 0.002 0.041 0.021 0.031 0.093 0.621 
 114 T _   0.033 0.121 0.002 0.032 0.016 0.026 0.097 0.673 
 115 D _   0.028 0.088 0.001 0.024 0.012 0.022 0.100 0.725 
 116 L _   0.023 0.058 0.001 0.017 0.008 0.019 0.104 0.770 
 117 G _   0.019 0.035 0.001 0.012 0.006 0.016 0.106 0.806 
 118 K _   0.015 0.020 0.001 0.009 0.004 0.013 0.108 0.830 
 119 L _   0.012 0.011 0.000 0.006 0.003 0.011 0.109 0.847 
 120 M _   0.010 0.006 0.000 0.005 0.002 0.010 0.109 0.858 
 121 K _   0.009 0.003 0.000 0.004 0.002 0.009 0.109 0.864 
 122 H _   0.008 0.002 0.000 0.003 0.002 0.009 0.108 0.867 
 123 E _   0.009 0.001 0.000 0.003 0.002 0.010 0.107 0.868 
 124 K _   0.011 0.001 0.000 0.003 0.002 0.012 0.105 0.866 
 125 L _   0.015 0.001 0.000 0.003 0.003 0.016 0.103 0.860 
 126 G _   0.021 0.001 0.000 0.004 0.004 0.021 0.100 0.848 
 127 E _   0.030 0.002 0.001 0.006 0.007 0.028 0.097 0.830 
 128 D _   0.043 0.003 0.001 0.009 0.012 0.036 0.093 0.804 
 129 R _   0.058 0.005 0.001 0.013 0.018 0.046 0.089 0.771 
 130 I _   0.074 0.007 0.002 0.018 0.026 0.054 0.085 0.734 
 131 Q _   0.091 0.010 0.002 0.023 0.033 0.061 0.081 0.700 
 132 F _   0.106 0.012 0.002 0.027 0.039 0.066 0.078 0.670 
 133 L _   0.120 0.013 0.002 0.029 0.042 0.069 0.075 0.650 
 134 V _   0.132 0.013 0.002 0.028 0.043 0.070 0.073 0.639 
 135 Y _   0.142 0.012 0.002 0.025 0.042 0.068 0.071 0.637 
 136 Q _   0.149 0.010 0.002 0.020 0.038 0.066 0.070 0.644 
 137 M _   0.155 0.007 0.002 0.015 0.033 0.063 0.069 0.655 
 138 L _   0.159 0.005 0.002 0.010 0.029 0.060 0.069 0.667 
 139 K _   0.160 0.003 0.001 0.007 0.024 0.057 0.068 0.678 
 140 G _   0.160 0.002 0.001 0.006 0.022 0.055 0.068 0.686 
 141 L _   0.158 0.002 0.001 0.005 0.020 0.053 0.068 0.692 
 142 R _   0.156 0.003 0.001 0.006 0.021 0.051 0.068 0.694 
 143 Y _   0.152 0.004 0.001 0.008 0.022 0.050 0.069 0.693 
 144 I _   0.146 0.007 0.002 0.013 0.024 0.049 0.070 0.691 
 145 H _   0.137 0.010 0.002 0.018 0.025 0.047 0.071 0.691 
 146 A _   0.124 0.013 0.002 0.024 0.025 0.043 0.072 0.696 
 147 A _   0.110 0.015 0.002 0.028 0.023 0.040 0.074 0.708 
 148 G _   0.094 0.016 0.002 0.029 0.021 0.035 0.077 0.726 
 149 I _   0.078 0.016 0.001 0.028 0.017 0.030 0.079 0.750 
 150 I _   0.062 0.014 0.001 0.024 0.013 0.025 0.082 0.778 
 151 H _   0.047 0.012 0.001 0.019 0.010 0.020 0.084 0.807 
 152 R _   0.035 0.009 0.001 0.014 0.007 0.016 0.086 0.832 
 153 D _   0.026 0.006 0.001 0.010 0.005 0.013 0.088 0.853 
 154 L _   0.018 0.004 0.000 0.007 0.003 0.010 0.090 0.868 
 155 K _   0.013 0.002 0.000 0.005 0.002 0.008 0.091 0.878 
 156 P _   0.010 0.002 0.000 0.004 0.002 0.007 0.091 0.885 
 157 G _   0.008 0.002 0.000 0.003 0.002 0.006 0.091 0.889 
 158 N _   0.007 0.002 0.000 0.003 0.002 0.006 0.090 0.891 
 159 L _   0.006 0.002 0.000 0.004 0.002 0.006 0.089 0.891 
 160 A _   0.006 0.003 0.000 0.004 0.002 0.007 0.088 0.891 
 161 V _   0.006 0.005 0.000 0.005 0.002 0.008 0.086 0.888 
 162 N _   0.006 0.008 0.000 0.006 0.003 0.009 0.083 0.883 
 163 E _   0.007 0.013 0.000 0.009 0.004 0.011 0.080 0.875 
 164 D _   0.008 0.022 0.001 0.012 0.005 0.014 0.077 0.862 
 165 C _   0.009 0.033 0.001 0.017 0.007 0.017 0.073 0.843 
 166 E _   0.011 0.049 0.001 0.024 0.009 0.020 0.068 0.819 
 167 L _   0.012 0.065 0.001 0.031 0.012 0.022 0.064 0.793 
 168 K _   0.013 0.079 0.001 0.039 0.014 0.024 0.060 0.771 
 169 I _   0.013 0.089 0.001 0.046 0.016 0.025 0.057 0.753 
 170 L _   0.014 0.095 0.001 0.051 0.017 0.026 0.054 0.743 
 171 D _   0.015 0.097 0.001 0.052 0.017 0.025 0.052 0.741 
 172 F _   0.015 0.095 0.001 0.050 0.016 0.024 0.050 0.749 
 173 G _   0.015 0.089 0.001 0.044 0.014 0.023 0.049 0.764 
 174 L _   0.015 0.079 0.001 0.037 0.013 0.021 0.048 0.786 
 175 A _   0.015 0.064 0.001 0.028 0.010 0.020 0.047 0.816 
 176 R _   0.014 0.046 0.001 0.019 0.008 0.018 0.046 0.848 
 177 Q _   0.013 0.030 0.001 0.013 0.006 0.017 0.046 0.875 
 178 A _   0.013 0.018 0.001 0.009 0.005 0.016 0.045 0.894 
 179 D _   0.013 0.012 0.000 0.006 0.004 0.016 0.044 0.905 
 180 S _   0.014 0.009 0.000 0.005 0.004 0.016 0.043 0.910 
 181 E _   0.015 0.007 0.000 0.005 0.004 0.017 0.041 0.909 
 182 M _   0.017 0.007 0.001 0.007 0.005 0.019 0.040 0.904 
 183 T _   0.020 0.008 0.001 0.009 0.007 0.022 0.038 0.896 
 184 G _   0.023 0.009 0.001 0.013 0.009 0.025 0.036 0.885 
 185 Y _   0.026 0.010 0.001 0.016 0.011 0.027 0.034 0.875 
 186 V _   0.029 0.011 0.001 0.019 0.013 0.029 0.032 0.866 
 187 V _   0.031 0.011 0.001 0.021 0.015 0.031 0.030 0.861 
 188 T _   0.034 0.010 0.001 0.020 0.015 0.031 0.029 0.859 
 189 R _   0.037 0.009 0.001 0.018 0.015 0.032 0.027 0.860 
 190 W _   0.040 0.008 0.001 0.016 0.015 0.032 0.026 0.863 
 191 Y _   0.044 0.006 0.001 0.013 0.014 0.032 0.024 0.866 
 192 R _   0.048 0.004 0.001 0.011 0.013 0.033 0.023 0.867 
 193 A _   0.053 0.003 0.001 0.009 0.013 0.033 0.022 0.866 
 194 P _   0.061 0.003 0.001 0.009 0.013 0.033 0.021 0.861 
 195 E _   0.070 0.002 0.001 0.009 0.013 0.033 0.019 0.852 
 196 V _   0.082 0.002 0.001 0.009 0.014 0.033 0.018 0.841 
 197 I _   0.097 0.002 0.001 0.010 0.015 0.032 0.017 0.826 
 198 L _   0.114 0.002 0.001 0.010 0.016 0.031 0.016 0.811 
 199 N _   0.133 0.001 0.001 0.009 0.016 0.030 0.014 0.795 
 200 W _   0.154 0.001 0.001 0.008 0.015 0.028 0.013 0.780 
 201 M _   0.178 0.001 0.001 0.006 0.013 0.026 0.012 0.764 
 202 R _   0.204 0.000 0.001 0.004 0.012 0.023 0.011 0.745 
 203 Y _   0.236 0.000 0.001 0.002 0.010 0.021 0.009 0.721 
 204 T _   0.275 0.000 0.001 0.001 0.008 0.018 0.008 0.688 
 205 Q _   0.324 0.000 0.001 0.001 0.008 0.016 0.007 0.643 
 206 T _   0.386 0.000 0.001 0.001 0.008 0.015 0.006 0.583 
 207 V _   0.464 0.000 0.001 0.001 0.009 0.014 0.005 0.507 
 208 D H   0.555 0.000 0.001 0.001 0.010 0.013 0.004 0.417 
 209 I H   0.647 0.000 0.001 0.001 0.012 0.013 0.003 0.324 
 210 W H   0.728 0.000 0.001 0.001 0.013 0.012 0.003 0.242 
 211 S H   0.790 0.000 0.001 0.001 0.015 0.011 0.002 0.180 
 212 V H   0.834 0.000 0.001 0.001 0.017 0.010 0.002 0.136 
 213 G H   0.862 0.000 0.001 0.001 0.018 0.010 0.002 0.107 
 214 C H   0.875 0.000 0.001 0.001 0.019 0.009 0.002 0.093 
 215 I H   0.878 0.000 0.001 0.001 0.020 0.009 0.003 0.089 
 216 M H   0.870 0.000 0.001 0.001 0.021 0.009 0.003 0.095 
 217 A H   0.849 0.000 0.001 0.001 0.021 0.010 0.005 0.113 
 218 E H   0.810 0.000 0.002 0.002 0.022 0.010 0.006 0.147 
 219 M H   0.750 0.000 0.002 0.002 0.022 0.012 0.010 0.202 
 220 I H   0.666 0.000 0.002 0.003 0.021 0.013 0.014 0.281 
 221 T H   0.562 0.000 0.002 0.004 0.019 0.013 0.021 0.379 
 222 G _   0.449 0.000 0.002 0.004 0.015 0.013 0.030 0.487 
 223 K _   0.338 0.000 0.001 0.005 0.012 0.013 0.039 0.591 
 224 T _   0.243 0.000 0.001 0.005 0.008 0.012 0.048 0.682 
 225 L _   0.163 0.000 0.001 0.005 0.006 0.010 0.056 0.758 
 226 F _   0.103 0.000 0.001 0.004 0.004 0.009 0.063 0.816 
 227 K _   0.062 0.000 0.000 0.004 0.003 0.008 0.068 0.854 
 228 G _   0.038 0.000 0.000 0.003 0.002 0.007 0.072 0.878 
 229 S _   0.024 0.000 0.000 0.003 0.002 0.007 0.074 0.890 
 230 D _   0.017 0.000 0.000 0.003 0.002 0.007 0.077 0.895 
 231 H _   0.013 0.001 0.000 0.003 0.002 0.008 0.078 0.894 
 232 L _   0.012 0.002 0.000 0.004 0.003 0.010 0.080 0.889 
 233 D _   0.013 0.005 0.000 0.006 0.004 0.012 0.081 0.878 
 234 Q _   0.014 0.011 0.001 0.010 0.006 0.015 0.082 0.862 
 235 L _   0.015 0.021 0.001 0.015 0.008 0.018 0.082 0.840 
 236 K _   0.017 0.031 0.001 0.020 0.010 0.021 0.083 0.817 
 237 E _   0.018 0.042 0.001 0.025 0.012 0.023 0.084 0.796 
 238 I _   0.019 0.049 0.001 0.027 0.013 0.024 0.085 0.780 
 239 M _   0.020 0.055 0.001 0.028 0.014 0.025 0.087 0.770 
 240 K _   0.021 0.058 0.001 0.027 0.013 0.025 0.089 0.766 
 241 V _   0.021 0.059 0.001 0.024 0.013 0.025 0.092 0.764 
 242 T _   0.022 0.059 0.001 0.022 0.012 0.025 0.095 0.764 
 243 G _   0.022 0.059 0.001 0.020 0.012 0.025 0.098 0.763 
 244 T _   0.022 0.059 0.001 0.020 0.012 0.025 0.101 0.760 
 245 P _   0.022 0.059 0.001 0.020 0.012 0.024 0.105 0.756 
 246 P _   0.022 0.060 0.001 0.022 0.011 0.024 0.109 0.751 
 247 A _   0.022 0.060 0.001 0.025 0.011 0.023 0.114 0.745 
 248 E _   0.021 0.059 0.001 0.027 0.011 0.021 0.119 0.741 
 249 F _   0.019 0.057 0.001 0.027 0.010 0.020 0.125 0.741 
 250 V _   0.017 0.053 0.001 0.026 0.009 0.017 0.131 0.746 
 251 Q _   0.015 0.047 0.001 0.023 0.008 0.015 0.137 0.755 
 252 R _   0.013 0.038 0.001 0.019 0.006 0.013 0.143 0.768 
 253 L _   0.010 0.029 0.001 0.014 0.005 0.010 0.148 0.782 
 254 Q _   0.009 0.020 0.000 0.010 0.003 0.009 0.154 0.795 
 255 S _   0.007 0.013 0.000 0.007 0.002 0.007 0.158 0.805 
 256 D _   0.006 0.009 0.000 0.005 0.002 0.006 0.161 0.810 
 257 E _   0.005 0.007 0.000 0.004 0.002 0.006 0.164 0.812 
 258 A _   0.005 0.005 0.000 0.004 0.002 0.005 0.167 0.811 
 259 K _   0.005 0.005 0.000 0.005 0.002 0.006 0.169 0.809 
 260 N _   0.005 0.005 0.000 0.006 0.002 0.006 0.170 0.805 
 261 Y _   0.005 0.005 0.000 0.008 0.002 0.007 0.172 0.800 
 262 M _   0.006 0.006 0.000 0.010 0.003 0.008 0.173 0.795 
 263 K _   0.006 0.006 0.000 0.012 0.003 0.008 0.174 0.791 
 264 G _   0.006 0.006 0.000 0.013 0.003 0.008 0.175 0.788 
 265 L _   0.005 0.006 0.000 0.012 0.003 0.008 0.176 0.788 
 266 P _   0.005 0.006 0.000 0.011 0.003 0.008 0.177 0.789 
 267 E _   0.005 0.005 0.000 0.009 0.003 0.008 0.178 0.791 
 268 L _   0.005 0.004 0.000 0.007 0.003 0.008 0.179 0.793 
 269 E _   0.005 0.003 0.000 0.006 0.002 0.009 0.180 0.794 
 270 K _   0.006 0.003 0.000 0.005 0.002 0.010 0.181 0.793 
 271 K _   0.007 0.003 0.000 0.005 0.003 0.011 0.181 0.790 
 272 D _   0.008 0.003 0.000 0.006 0.004 0.014 0.182 0.783 
 273 F _   0.011 0.004 0.000 0.008 0.005 0.017 0.182 0.773 
 274 A _   0.015 0.005 0.001 0.010 0.007 0.020 0.182 0.760 
 275 S _   0.019 0.006 0.001 0.013 0.009 0.024 0.183 0.746 
 276 I _   0.024 0.007 0.001 0.015 0.011 0.028 0.183 0.730 
 277 L _   0.029 0.008 0.001 0.017 0.014 0.031 0.184 0.716 
 278 T _   0.036 0.008 0.001 0.017 0.016 0.034 0.185 0.703 
 279 N _   0.043 0.008 0.001 0.016 0.017 0.037 0.187 0.690 
 280 A _   0.052 0.007 0.001 0.014 0.019 0.039 0.190 0.678 
 281 S _   0.061 0.006 0.001 0.012 0.019 0.041 0.193 0.666 
 282 P _   0.071 0.006 0.001 0.011 0.020 0.042 0.196 0.653 
 283 L _   0.078 0.005 0.001 0.010 0.021 0.043 0.201 0.641 
 284 A _   0.085 0.005 0.001 0.010 0.021 0.043 0.206 0.629 
 285 V _   0.089 0.005 0.001 0.011 0.022 0.043 0.212 0.617 
 286 N _   0.091 0.006 0.001 0.012 0.022 0.042 0.219 0.607 
 287 L _   0.090 0.006 0.001 0.014 0.022 0.040 0.226 0.600 
 288 L _   0.086 0.007 0.001 0.015 0.021 0.037 0.235 0.597 
 289 E _   0.079 0.007 0.001 0.016 0.019 0.034 0.245 0.599 
 290 K _   0.071 0.006 0.001 0.015 0.016 0.031 0.255 0.605 
 291 M _   0.060 0.006 0.001 0.014 0.013 0.027 0.265 0.614 
 292 L _   0.050 0.005 0.001 0.012 0.010 0.023 0.275 0.625 
 293 V _   0.040 0.004 0.001 0.009 0.008 0.020 0.284 0.635 
 294 L _   0.032 0.003 0.001 0.007 0.006 0.017 0.292 0.642 
 295 D _   0.026 0.003 0.001 0.006 0.004 0.015 0.300 0.646 
 296 A _   0.021 0.003 0.000 0.005 0.004 0.014 0.307 0.647 
 297 E _   0.018 0.003 0.000 0.004 0.003 0.013 0.313 0.644 
 298 Q _   0.016 0.004 0.000 0.005 0.003 0.013 0.319 0.639 
 299 R _   0.015 0.006 0.000 0.006 0.004 0.014 0.324 0.631 
 300 V _   0.014 0.010 0.001 0.008 0.005 0.015 0.329 0.618 
 301 T _   0.014 0.016 0.001 0.011 0.006 0.017 0.334 0.601 
 302 A _   0.014 0.025 0.001 0.017 0.008 0.018 0.339 0.579 
 303 G _   0.014 0.035 0.001 0.023 0.010 0.019 0.344 0.554 
 304 E _   0.014 0.045 0.001 0.029 0.012 0.020 0.350 0.529 
 305 A _   0.014 0.053 0.001 0.035 0.013 0.020 0.357 0.507 
 306 L _   0.013 0.058 0.001 0.040 0.013 0.020 0.366 0.490 
 307 A _   0.012 0.060 0.001 0.042 0.013 0.019 0.376 0.477 
 308 H _   0.011 0.059 0.001 0.041 0.012 0.018 0.389 0.468 
 309 P _   0.011 0.057 0.001 0.038 0.011 0.016 0.404 0.463 
 310 Y _   0.010 0.052 0.001 0.033 0.009 0.014 0.421 0.460 
 311 F _   0.009 0.044 0.001 0.027 0.007 0.012 0.440 0.460 
 312 E _   0.008 0.034 0.001 0.020 0.006 0.010 0.460 0.461 
 313 S X   0.007 0.025 0.001 0.014 0.004 0.008 0.479 0.462 
 314 L X   0.006 0.016 0.000 0.010 0.003 0.007 0.497 0.461 
 315 H X   0.005 0.011 0.000 0.007 0.002 0.006 0.511 0.458 
 316 D X   0.004 0.007 0.000 0.005 0.002 0.005 0.524 0.453 
 317 T X   0.004 0.005 0.000 0.004 0.001 0.004 0.534 0.447 
 318 E X   0.004 0.004 0.000 0.004 0.001 0.004 0.543 0.440 
 319 D X   0.003 0.004 0.000 0.004 0.001 0.004 0.550 0.433 
 320 E X   0.003 0.003 0.000 0.005 0.001 0.004 0.556 0.426 
 321 P X   0.003 0.004 0.000 0.005 0.001 0.004 0.562 0.420 
 322 Q X   0.003 0.004 0.000 0.006 0.002 0.004 0.566 0.414 
 323 V X   0.003 0.004 0.000 0.007 0.002 0.004 0.571 0.410 
 324 Q X   0.003 0.004 0.000 0.007 0.002 0.004 0.574 0.406 
 325 K X   0.003 0.004 0.000 0.007 0.002 0.004 0.578 0.403 
 326 Y X   0.002 0.004 0.000 0.006 0.001 0.004 0.581 0.401 
 327 D X   0.002 0.004 0.000 0.005 0.001 0.003 0.584 0.399 
 328 D X   0.002 0.005 0.000 0.004 0.001 0.003 0.586 0.398 
 329 S X   0.002 0.005 0.000 0.004 0.001 0.003 0.588 0.397 
 330 F X   0.002 0.005 0.000 0.003 0.001 0.003 0.589 0.396 
 331 D X   0.002 0.006 0.000 0.003 0.001 0.003 0.590 0.394 
 332 D X   0.002 0.008 0.000 0.004 0.001 0.004 0.590 0.392 
 333 V X   0.002 0.011 0.000 0.004 0.001 0.005 0.589 0.387 
 334 D X   0.003 0.016 0.000 0.006 0.002 0.006 0.587 0.381 
 335 R X   0.003 0.023 0.000 0.008 0.002 0.007 0.585 0.372 
 336 T X   0.003 0.033 0.000 0.010 0.003 0.008 0.582 0.359 
 337 L X   0.004 0.045 0.001 0.013 0.004 0.010 0.579 0.344 
 338 D X   0.004 0.058 0.001 0.016 0.005 0.011 0.577 0.329 
 339 E X   0.004 0.071 0.001 0.019 0.006 0.012 0.574 0.313 
 340 W X   0.005 0.082 0.001 0.022 0.007 0.013 0.573 0.299 
 341 K X   0.005 0.090 0.001 0.024 0.008 0.013 0.573 0.287 
 342 R X   0.005 0.096 0.001 0.025 0.008 0.014 0.574 0.277 
 343 V X   0.005 0.100 0.001 0.026 0.009 0.014 0.576 0.269 
 344 T X   0.006 0.102 0.001 0.026 0.009 0.014 0.579 0.264 
 345 Y X   0.006 0.102 0.001 0.025 0.009 0.013 0.584 0.260 
 346 K X   0.006 0.101 0.001 0.024 0.008 0.013 0.590 0.258 
 347 E X   0.006 0.097 0.001 0.021 0.007 0.012 0.597 0.258 
 348 V X   0.006 0.092 0.001 0.018 0.007 0.011 0.606 0.259 
 349 L X   0.006 0.086 0.001 0.015 0.006 0.011 0.615 0.260 
 350 S X   0.006 0.079 0.001 0.013 0.005 0.010 0.625 0.262 
 351 F X   0.006 0.072 0.001 0.011 0.004 0.010 0.635 0.262 
 352 K X   0.006 0.066 0.000 0.010 0.004 0.009 0.645 0.260 
 353 P X   0.006 0.062 0.000 0.009 0.004 0.009 0.654 0.257 
 354 P X   0.006 0.058 0.000 0.009 0.004 0.009 0.663 0.251 
 355 R X   0.006 0.055 0.000 0.010 0.004 0.008 0.672 0.244 
 356 Q X   0.006 0.053 0.000 0.011 0.004 0.008 0.681 0.237 
 357 L X   0.005 0.051 0.000 0.012 0.004 0.008 0.691 0.229 
 358 G X   0.005 0.048 0.000 0.012 0.004 0.007 0.700 0.223 
 359 A X   0.004 0.044 0.000 0.012 0.003 0.007 0.710 0.219 
 360 R X   0.004 0.040 0.000 0.012 0.003 0.006 0.719 0.217 
 361 V X   0.003 0.035 0.000 0.010 0.003 0.005 0.729 0.215 
 362 S X   0.002 0.029 0.000 0.008 0.002 0.003 0.739 0.216 
 363 K X   0.001 0.022 0.000 0.006 0.001 0.002 0.748 0.219 
 364 E X   0.000 0.015 0.000 0.003 0.000 0.001 0.756 0.225 
 365 T X   0.000 0.010 0.000 0.002 0.000 0.000 0.757 0.231 
 366 P X   0.000 0.008 0.000 0.002 0.000 0.000 0.754 0.235 
 367 L X   0.002 0.008 0.001 0.008 0.002 0.002 0.741 0.237 
