#TopoPred_TM8: 8-state transmembrane topology prediction results by no_profile mode 
#probabilities are in the order of H E C I L F X _, the 8 transmembrane topology types used in PDBTM 
   1 M X   0.010 0.001 0.002 0.055 0.009 0.009 0.798 0.116 
   2 A X   0.004 0.001 0.000 0.035 0.002 0.005 0.823 0.131 
   3 A X   0.001 0.001 0.000 0.021 0.001 0.003 0.830 0.144 
   4 A X   0.001 0.001 0.000 0.014 0.001 0.003 0.829 0.152 
   5 A X   0.001 0.001 0.000 0.011 0.001 0.003 0.825 0.158 
   6 G X   0.001 0.001 0.000 0.009 0.001 0.004 0.819 0.165 
   7 N X   0.002 0.002 0.000 0.008 0.001 0.004 0.811 0.172 
   8 R X   0.002 0.003 0.000 0.008 0.001 0.005 0.802 0.179 
   9 A X   0.002 0.004 0.000 0.009 0.001 0.005 0.793 0.186 
  10 S X   0.002 0.006 0.000 0.010 0.002 0.005 0.782 0.193 
  11 S X   0.002 0.008 0.000 0.011 0.002 0.005 0.770 0.200 
  12 S X   0.002 0.011 0.000 0.013 0.002 0.006 0.759 0.207 
  13 G X   0.002 0.013 0.000 0.014 0.003 0.006 0.749 0.214 
  14 F X   0.002 0.015 0.000 0.014 0.003 0.005 0.739 0.221 
  15 P X   0.002 0.016 0.000 0.013 0.003 0.005 0.731 0.229 
  16 G X   0.002 0.017 0.000 0.012 0.002 0.005 0.723 0.237 
  17 A X   0.002 0.018 0.000 0.010 0.002 0.005 0.715 0.247 
  18 R X   0.002 0.019 0.000 0.009 0.002 0.004 0.708 0.256 
  19 A X   0.002 0.019 0.000 0.007 0.002 0.004 0.700 0.265 
  20 T X   0.002 0.020 0.000 0.006 0.001 0.004 0.692 0.274 
  21 S X   0.002 0.021 0.000 0.006 0.001 0.004 0.683 0.283 
  22 P X   0.002 0.023 0.000 0.006 0.001 0.004 0.673 0.290 
  23 E X   0.002 0.027 0.000 0.007 0.002 0.005 0.663 0.295 
  24 A X   0.002 0.032 0.000 0.008 0.002 0.005 0.651 0.300 
  25 G X   0.002 0.039 0.000 0.010 0.002 0.006 0.637 0.303 
  26 G X   0.002 0.049 0.000 0.012 0.003 0.006 0.623 0.305 
  27 G X   0.002 0.059 0.000 0.014 0.003 0.007 0.608 0.306 
  28 G X   0.002 0.071 0.001 0.015 0.004 0.008 0.593 0.307 
  29 G X   0.003 0.082 0.001 0.015 0.004 0.008 0.578 0.310 
  30 A X   0.003 0.092 0.001 0.015 0.004 0.009 0.565 0.312 
  31 L X   0.003 0.103 0.001 0.015 0.004 0.010 0.552 0.313 
  32 K X   0.003 0.114 0.001 0.015 0.004 0.011 0.539 0.314 
  33 A X   0.004 0.127 0.001 0.015 0.005 0.012 0.526 0.310 
  34 S X   0.004 0.144 0.001 0.017 0.007 0.014 0.512 0.301 
  35 S X   0.005 0.167 0.001 0.021 0.009 0.015 0.498 0.285 
  36 A X   0.006 0.195 0.001 0.025 0.010 0.016 0.483 0.263 
  37 P X   0.006 0.227 0.001 0.031 0.012 0.017 0.469 0.237 
  38 A X   0.006 0.255 0.001 0.037 0.013 0.017 0.457 0.214 
  39 A X   0.007 0.274 0.001 0.043 0.013 0.017 0.449 0.197 
  40 A X   0.007 0.286 0.001 0.047 0.013 0.016 0.443 0.188 
  41 A X   0.007 0.290 0.001 0.048 0.012 0.015 0.440 0.186 
  42 G X   0.007 0.289 0.001 0.048 0.012 0.014 0.439 0.190 
  43 L X   0.007 0.282 0.001 0.045 0.011 0.013 0.440 0.201 
  44 L X   0.007 0.265 0.001 0.040 0.011 0.012 0.443 0.221 
  45 R X   0.008 0.236 0.001 0.033 0.010 0.012 0.449 0.252 
  46 E X   0.008 0.195 0.001 0.026 0.008 0.011 0.457 0.293 
  47 A X   0.008 0.148 0.001 0.020 0.007 0.010 0.467 0.339 
  48 G X   0.008 0.105 0.001 0.014 0.005 0.009 0.477 0.381 
  49 S X   0.007 0.076 0.001 0.010 0.004 0.008 0.486 0.410 
  50 G X   0.006 0.057 0.000 0.007 0.003 0.007 0.492 0.428 
  51 G X   0.005 0.047 0.000 0.005 0.002 0.006 0.496 0.438 
  52 R X   0.004 0.041 0.000 0.004 0.002 0.006 0.499 0.443 
  53 E X   0.004 0.038 0.000 0.004 0.002 0.006 0.502 0.445 
  54 R X   0.004 0.037 0.000 0.005 0.002 0.006 0.503 0.444 
  55 A X   0.004 0.037 0.000 0.005 0.002 0.006 0.504 0.442 
  56 D X   0.004 0.037 0.000 0.006 0.002 0.006 0.505 0.439 
  57 W X   0.004 0.038 0.000 0.008 0.002 0.007 0.506 0.435 
  58 R X   0.004 0.040 0.000 0.009 0.003 0.007 0.506 0.431 
  59 R X   0.004 0.041 0.000 0.011 0.003 0.008 0.507 0.425 
  60 R X   0.004 0.043 0.000 0.012 0.004 0.008 0.509 0.420 
  61 Q X   0.004 0.044 0.000 0.013 0.004 0.008 0.511 0.415 
  62 L X   0.005 0.044 0.000 0.014 0.004 0.008 0.514 0.411 
  63 R X   0.005 0.044 0.000 0.014 0.004 0.008 0.517 0.407 
  64 K X   0.005 0.043 0.000 0.014 0.004 0.008 0.522 0.403 
  65 V X   0.005 0.041 0.000 0.013 0.004 0.008 0.527 0.401 
  66 R X   0.005 0.039 0.000 0.012 0.004 0.008 0.533 0.398 
  67 S X   0.005 0.037 0.000 0.011 0.004 0.007 0.539 0.397 
  68 V X   0.005 0.034 0.000 0.009 0.003 0.007 0.545 0.396 
  69 E X   0.005 0.032 0.000 0.008 0.003 0.007 0.551 0.394 
  70 L X   0.005 0.029 0.000 0.007 0.003 0.006 0.557 0.393 
  71 D X   0.005 0.028 0.000 0.006 0.002 0.006 0.563 0.390 
  72 Q X   0.005 0.026 0.000 0.006 0.002 0.006 0.568 0.386 
  73 L X   0.005 0.026 0.000 0.006 0.002 0.006 0.573 0.381 
  74 P X   0.005 0.026 0.000 0.007 0.003 0.007 0.578 0.375 
  75 E X   0.005 0.027 0.000 0.008 0.003 0.007 0.582 0.368 
  76 Q X   0.005 0.028 0.000 0.010 0.003 0.008 0.587 0.359 
  77 P X   0.005 0.029 0.000 0.013 0.004 0.008 0.592 0.349 
  78 L X   0.005 0.030 0.000 0.015 0.004 0.008 0.598 0.339 
  79 F X   0.005 0.030 0.000 0.017 0.004 0.008 0.604 0.330 
  80 L X   0.005 0.030 0.000 0.018 0.004 0.008 0.612 0.323 
  81 A X   0.005 0.028 0.000 0.017 0.004 0.008 0.620 0.317 
  82 A X   0.005 0.026 0.000 0.016 0.004 0.007 0.629 0.313 
  83 S X   0.004 0.022 0.000 0.013 0.003 0.006 0.639 0.311 
  84 P X   0.004 0.018 0.000 0.011 0.003 0.005 0.649 0.309 
  85 P X   0.004 0.014 0.000 0.008 0.002 0.005 0.659 0.308 
  86 A X   0.003 0.011 0.000 0.006 0.002 0.004 0.668 0.306 
  87 S X   0.003 0.008 0.000 0.005 0.001 0.003 0.676 0.304 
  88 S X   0.003 0.006 0.000 0.003 0.001 0.003 0.682 0.303 
  89 T X   0.002 0.005 0.000 0.003 0.001 0.002 0.686 0.301 
  90 S X   0.002 0.004 0.000 0.002 0.001 0.002 0.689 0.300 
  91 P X   0.002 0.003 0.000 0.002 0.001 0.002 0.690 0.300 
  92 S X   0.002 0.003 0.000 0.002 0.001 0.002 0.691 0.300 
  93 P X   0.001 0.004 0.000 0.002 0.001 0.002 0.690 0.300 
  94 E X   0.001 0.005 0.000 0.002 0.001 0.002 0.688 0.301 
  95 P X   0.001 0.006 0.000 0.003 0.001 0.003 0.684 0.301 
  96 A X   0.002 0.010 0.000 0.005 0.001 0.004 0.679 0.300 
  97 D X   0.002 0.015 0.000 0.007 0.002 0.005 0.673 0.296 
  98 A X   0.002 0.024 0.000 0.011 0.003 0.006 0.665 0.289 
  99 A X   0.002 0.036 0.000 0.015 0.004 0.007 0.656 0.278 
 100 G X   0.003 0.050 0.001 0.021 0.005 0.008 0.647 0.265 
 101 S X   0.003 0.063 0.001 0.026 0.006 0.009 0.640 0.253 
 102 G X   0.003 0.073 0.001 0.031 0.006 0.010 0.634 0.243 
 103 T X   0.003 0.079 0.001 0.034 0.007 0.010 0.631 0.236 
 104 G X   0.003 0.082 0.001 0.036 0.007 0.009 0.629 0.233 
 105 F X   0.003 0.083 0.001 0.034 0.006 0.009 0.630 0.234 
 106 Q X   0.003 0.081 0.001 0.031 0.006 0.008 0.632 0.238 
 107 P X   0.003 0.076 0.001 0.026 0.005 0.007 0.636 0.245 
 108 V X   0.003 0.069 0.001 0.020 0.004 0.007 0.641 0.255 
 109 A X   0.003 0.060 0.000 0.015 0.003 0.006 0.646 0.266 
 110 V X   0.003 0.051 0.000 0.010 0.002 0.005 0.652 0.277 
 111 P X   0.003 0.044 0.000 0.006 0.002 0.004 0.656 0.285 
 112 P X   0.002 0.039 0.000 0.004 0.001 0.004 0.660 0.290 
 113 P X   0.002 0.036 0.000 0.003 0.001 0.004 0.662 0.292 
 114 H X   0.002 0.035 0.000 0.003 0.001 0.004 0.663 0.292 
 115 G X   0.002 0.035 0.000 0.003 0.001 0.004 0.664 0.290 
 116 A X   0.002 0.037 0.000 0.004 0.002 0.005 0.664 0.285 
 117 A X   0.003 0.041 0.000 0.006 0.002 0.006 0.663 0.279 
 118 S X   0.003 0.048 0.000 0.009 0.003 0.007 0.661 0.269 
 119 R X   0.003 0.056 0.000 0.014 0.004 0.008 0.659 0.256 
 120 G X   0.003 0.065 0.001 0.019 0.005 0.009 0.657 0.242 
 121 G X   0.003 0.073 0.001 0.024 0.006 0.009 0.656 0.228 
 122 A X   0.003 0.079 0.001 0.028 0.006 0.010 0.656 0.217 
 123 H X   0.003 0.082 0.001 0.031 0.007 0.010 0.658 0.209 
 124 L X   0.003 0.083 0.001 0.033 0.007 0.009 0.661 0.203 
 125 T X   0.003 0.081 0.001 0.033 0.007 0.009 0.666 0.200 
 126 E X   0.003 0.077 0.001 0.030 0.006 0.008 0.674 0.200 
 127 S X   0.003 0.070 0.001 0.026 0.005 0.008 0.684 0.202 
 128 V X   0.003 0.060 0.001 0.021 0.005 0.007 0.696 0.207 
 129 A X   0.003 0.047 0.001 0.016 0.004 0.006 0.710 0.213 
 130 A X   0.003 0.035 0.000 0.012 0.003 0.005 0.723 0.219 
 131 P X   0.003 0.023 0.000 0.008 0.002 0.004 0.736 0.223 
 132 D X   0.003 0.015 0.000 0.006 0.002 0.004 0.746 0.224 
 133 S X   0.003 0.010 0.000 0.004 0.001 0.003 0.754 0.224 
 134 G X   0.002 0.007 0.000 0.003 0.001 0.003 0.761 0.223 
 135 A X   0.002 0.005 0.000 0.003 0.001 0.003 0.766 0.220 
 136 S X   0.002 0.004 0.000 0.003 0.001 0.003 0.770 0.218 
 137 S X   0.002 0.004 0.000 0.003 0.001 0.002 0.773 0.216 
 138 P X   0.002 0.003 0.000 0.003 0.001 0.003 0.775 0.214 
 139 A X   0.002 0.003 0.000 0.003 0.001 0.003 0.776 0.213 
 140 A X   0.002 0.003 0.000 0.003 0.001 0.003 0.777 0.212 
 141 A X   0.002 0.002 0.000 0.003 0.001 0.003 0.777 0.211 
 142 E X   0.002 0.002 0.000 0.004 0.001 0.003 0.777 0.212 
 143 P X   0.002 0.002 0.000 0.004 0.001 0.003 0.777 0.212 
 144 G X   0.002 0.002 0.000 0.003 0.001 0.002 0.776 0.213 
 145 E X   0.002 0.002 0.000 0.003 0.001 0.002 0.775 0.214 
 146 K X   0.002 0.002 0.000 0.003 0.001 0.002 0.774 0.216 
 147 R X   0.002 0.002 0.000 0.003 0.001 0.002 0.772 0.218 
 148 A X   0.002 0.002 0.000 0.003 0.001 0.002 0.770 0.220 
 149 P X   0.002 0.002 0.000 0.003 0.001 0.002 0.767 0.223 
 150 A X   0.002 0.003 0.000 0.003 0.001 0.002 0.763 0.227 
 151 A X   0.002 0.003 0.000 0.003 0.001 0.002 0.758 0.231 
 152 E X   0.002 0.003 0.000 0.003 0.001 0.002 0.752 0.236 
 153 P X   0.002 0.004 0.000 0.004 0.001 0.003 0.745 0.241 
 154 S X   0.002 0.005 0.000 0.004 0.001 0.003 0.738 0.247 
 155 P X   0.002 0.007 0.000 0.005 0.001 0.003 0.729 0.253 
 156 A X   0.002 0.009 0.000 0.006 0.001 0.004 0.719 0.258 
 157 A X   0.002 0.013 0.000 0.008 0.002 0.004 0.708 0.264 
 158 A X   0.002 0.016 0.000 0.009 0.002 0.005 0.696 0.269 
 159 P X   0.002 0.020 0.000 0.011 0.002 0.005 0.685 0.274 
 160 A X   0.002 0.024 0.000 0.012 0.003 0.006 0.673 0.279 
 161 G X   0.002 0.028 0.000 0.014 0.003 0.006 0.663 0.285 
 162 R X   0.002 0.031 0.000 0.014 0.003 0.006 0.653 0.290 
 163 E X   0.002 0.033 0.000 0.015 0.003 0.006 0.645 0.296 
 164 M X   0.002 0.035 0.000 0.015 0.003 0.006 0.638 0.301 
 165 E X   0.002 0.036 0.000 0.014 0.003 0.006 0.631 0.307 
 166 N X   0.002 0.037 0.000 0.014 0.003 0.006 0.626 0.312 
 167 K X   0.002 0.038 0.000 0.014 0.003 0.006 0.621 0.316 
 168 E X   0.002 0.038 0.000 0.014 0.003 0.006 0.617 0.320 
 169 T X   0.003 0.037 0.000 0.013 0.003 0.006 0.614 0.324 
 170 L X   0.003 0.036 0.000 0.012 0.002 0.005 0.612 0.328 
 171 K X   0.003 0.035 0.000 0.011 0.002 0.005 0.610 0.333 
 172 G X   0.003 0.033 0.000 0.010 0.002 0.005 0.609 0.339 
 173 L X   0.003 0.031 0.000 0.008 0.002 0.004 0.607 0.345 
 174 H X   0.003 0.028 0.000 0.006 0.001 0.004 0.605 0.352 
 175 K X   0.002 0.026 0.000 0.005 0.001 0.004 0.603 0.358 
 176 M X   0.002 0.024 0.000 0.004 0.001 0.003 0.601 0.364 
 177 D X   0.002 0.024 0.000 0.003 0.001 0.003 0.597 0.369 
 178 D X   0.002 0.024 0.000 0.003 0.001 0.004 0.593 0.373 
 179 R X   0.002 0.026 0.000 0.003 0.001 0.004 0.588 0.376 
 180 P X   0.003 0.029 0.000 0.004 0.002 0.006 0.580 0.376 
 181 E X   0.003 0.037 0.000 0.007 0.002 0.007 0.571 0.372 
 182 E X   0.004 0.051 0.001 0.010 0.004 0.009 0.560 0.362 
 183 R X   0.004 0.072 0.001 0.014 0.005 0.011 0.546 0.347 
 184 M X   0.005 0.099 0.001 0.018 0.007 0.012 0.531 0.328 
 185 I X   0.005 0.126 0.001 0.022 0.007 0.013 0.517 0.309 
 186 R X   0.005 0.149 0.001 0.024 0.008 0.014 0.506 0.294 
 187 E X   0.005 0.168 0.001 0.025 0.008 0.014 0.496 0.283 
 188 K X   0.005 0.180 0.001 0.025 0.009 0.014 0.489 0.276 
 189 L X   0.005 0.189 0.001 0.025 0.009 0.014 0.484 0.273 
 190 K X   0.005 0.194 0.001 0.024 0.009 0.014 0.481 0.271 
 191 A X   0.006 0.197 0.001 0.024 0.009 0.014 0.478 0.271 
 192 T X   0.006 0.198 0.001 0.023 0.009 0.014 0.477 0.273 
 193 C X   0.006 0.198 0.001 0.022 0.008 0.014 0.476 0.274 
 194 M X   0.007 0.195 0.001 0.022 0.008 0.014 0.477 0.277 
 195 P X   0.007 0.191 0.001 0.021 0.008 0.013 0.478 0.280 
 196 A X   0.008 0.184 0.001 0.021 0.008 0.013 0.481 0.285 
 197 W X   0.008 0.175 0.001 0.020 0.008 0.012 0.484 0.292 
 198 K X   0.008 0.164 0.001 0.019 0.007 0.012 0.488 0.301 
 199 H X   0.008 0.149 0.001 0.018 0.007 0.011 0.494 0.313 
 200 E X   0.008 0.132 0.001 0.016 0.006 0.011 0.500 0.327 
 201 W X   0.008 0.114 0.001 0.015 0.006 0.010 0.507 0.341 
 202 L X   0.007 0.097 0.001 0.013 0.005 0.009 0.514 0.354 
 203 E X   0.007 0.081 0.001 0.012 0.005 0.009 0.521 0.365 
 204 R X   0.007 0.066 0.001 0.011 0.004 0.008 0.529 0.375 
 205 R X   0.006 0.054 0.000 0.010 0.004 0.008 0.536 0.383 
 206 N X   0.006 0.044 0.000 0.009 0.003 0.007 0.542 0.388 
 207 R X   0.005 0.036 0.000 0.008 0.003 0.007 0.549 0.392 
 208 R X   0.005 0.030 0.000 0.008 0.003 0.006 0.554 0.394 
 209 G X   0.005 0.025 0.000 0.007 0.002 0.006 0.560 0.395 
 210 P X   0.004 0.020 0.000 0.007 0.002 0.005 0.565 0.395 
 211 V X   0.004 0.017 0.000 0.007 0.002 0.005 0.570 0.395 
 212 V X   0.004 0.014 0.000 0.006 0.002 0.005 0.574 0.395 
 213 V X   0.004 0.011 0.000 0.006 0.002 0.004 0.578 0.395 
 214 K X   0.003 0.009 0.000 0.005 0.001 0.004 0.582 0.395 
 215 P X   0.003 0.007 0.000 0.004 0.001 0.004 0.585 0.395 
 216 I X   0.003 0.006 0.000 0.004 0.001 0.003 0.587 0.395 
 217 P X   0.003 0.005 0.000 0.004 0.001 0.003 0.588 0.396 
 218 V X   0.003 0.005 0.000 0.003 0.001 0.003 0.589 0.396 
 219 K X   0.002 0.004 0.000 0.003 0.001 0.003 0.590 0.396 
 220 G X   0.002 0.004 0.000 0.003 0.001 0.003 0.589 0.396 
 221 D X   0.002 0.005 0.000 0.004 0.001 0.003 0.588 0.396 
 222 G X   0.002 0.005 0.000 0.004 0.001 0.004 0.587 0.396 
 223 S X   0.002 0.006 0.000 0.005 0.001 0.004 0.585 0.396 
 224 E X   0.002 0.007 0.000 0.006 0.002 0.004 0.583 0.395 
 225 M X   0.002 0.009 0.000 0.008 0.002 0.005 0.580 0.394 
 226 N X   0.003 0.011 0.000 0.009 0.002 0.005 0.578 0.393 
 227 H X   0.003 0.012 0.000 0.010 0.002 0.005 0.575 0.393 
 228 L X   0.003 0.014 0.000 0.010 0.002 0.005 0.573 0.392 
 229 A X   0.003 0.015 0.000 0.011 0.002 0.005 0.572 0.392 
 230 A X   0.003 0.016 0.000 0.011 0.002 0.005 0.571 0.393 
 231 E X   0.003 0.016 0.000 0.010 0.002 0.005 0.570 0.394 
 232 S X   0.003 0.016 0.000 0.010 0.002 0.005 0.569 0.394 
 233 P X   0.003 0.017 0.000 0.010 0.002 0.005 0.569 0.394 
 234 G X   0.003 0.017 0.000 0.010 0.002 0.005 0.569 0.394 
 235 E X   0.003 0.017 0.000 0.010 0.002 0.005 0.569 0.393 
 236 V X   0.003 0.017 0.000 0.010 0.002 0.005 0.570 0.392 
 237 Q X   0.003 0.017 0.000 0.010 0.002 0.005 0.570 0.391 
 238 A X   0.003 0.016 0.000 0.010 0.002 0.005 0.571 0.391 
 239 S X   0.003 0.016 0.000 0.010 0.002 0.005 0.572 0.391 
 240 A X   0.003 0.015 0.000 0.010 0.002 0.005 0.574 0.391 
 241 A X   0.003 0.014 0.000 0.009 0.002 0.005 0.575 0.392 
 242 S X   0.003 0.013 0.000 0.009 0.002 0.005 0.576 0.393 
 243 P X   0.003 0.012 0.000 0.008 0.002 0.004 0.577 0.394 
 244 A X   0.003 0.011 0.000 0.007 0.002 0.004 0.579 0.394 
 245 S X   0.003 0.010 0.000 0.007 0.001 0.004 0.580 0.396 
 246 K X   0.003 0.009 0.000 0.006 0.001 0.004 0.580 0.397 
 247 G X   0.003 0.008 0.000 0.006 0.001 0.004 0.581 0.398 
 248 R X   0.003 0.007 0.000 0.005 0.001 0.004 0.581 0.399 
 249 R X   0.003 0.006 0.000 0.005 0.001 0.003 0.580 0.401 
 250 S X   0.002 0.006 0.000 0.004 0.001 0.003 0.579 0.404 
 251 P X   0.002 0.006 0.000 0.004 0.001 0.003 0.577 0.407 
 252 S X   0.002 0.005 0.000 0.004 0.001 0.003 0.574 0.410 
 253 P X   0.002 0.006 0.000 0.004 0.001 0.003 0.570 0.414 
 254 G X   0.002 0.006 0.000 0.004 0.001 0.003 0.565 0.418 
 255 N X   0.002 0.007 0.000 0.005 0.001 0.004 0.560 0.421 
 256 S X   0.002 0.008 0.000 0.005 0.001 0.004 0.553 0.425 
 257 P X   0.002 0.010 0.000 0.006 0.001 0.004 0.545 0.430 
 258 S X   0.002 0.013 0.000 0.007 0.002 0.005 0.536 0.435 
 259 G X   0.003 0.016 0.000 0.009 0.002 0.005 0.526 0.440 
 260 R X   0.003 0.020 0.000 0.010 0.002 0.006 0.515 0.445 
 261 T X   0.003 0.024 0.000 0.010 0.002 0.006 0.503 0.451 
 262 V X   0.003 0.029 0.000 0.011 0.002 0.006 0.490 0.458 
 263 K X   0.003 0.035 0.000 0.011 0.003 0.007 0.477 0.464 
 264 S _   0.003 0.042 0.000 0.012 0.003 0.007 0.464 0.469 
 265 E _   0.003 0.050 0.000 0.013 0.003 0.008 0.450 0.473 
 266 S _   0.003 0.060 0.001 0.014 0.004 0.009 0.435 0.474 
 267 P _   0.003 0.073 0.001 0.016 0.004 0.010 0.421 0.472 
 268 G _   0.004 0.088 0.001 0.019 0.005 0.011 0.407 0.467 
 269 V _   0.004 0.104 0.001 0.021 0.006 0.011 0.393 0.461 
 270 R _   0.004 0.120 0.001 0.023 0.006 0.012 0.380 0.454 
 271 R _   0.004 0.134 0.001 0.025 0.007 0.012 0.368 0.448 
 272 K _   0.005 0.146 0.001 0.027 0.007 0.013 0.358 0.444 
 273 R _   0.005 0.155 0.001 0.027 0.007 0.013 0.350 0.442 
 274 V _   0.005 0.162 0.001 0.028 0.007 0.013 0.343 0.441 
 275 S _   0.005 0.167 0.001 0.028 0.007 0.013 0.337 0.442 
 276 P _   0.005 0.169 0.001 0.027 0.007 0.013 0.332 0.445 
 277 V _   0.006 0.170 0.001 0.027 0.007 0.012 0.329 0.449 
 278 P _   0.006 0.168 0.001 0.027 0.007 0.012 0.326 0.453 
 279 F _   0.006 0.165 0.001 0.026 0.007 0.012 0.324 0.460 
 280 Q _   0.006 0.160 0.001 0.025 0.007 0.011 0.322 0.467 
 281 S _   0.006 0.152 0.001 0.024 0.006 0.011 0.322 0.478 
 282 G _   0.006 0.142 0.001 0.022 0.006 0.010 0.322 0.491 
 283 R _   0.006 0.129 0.001 0.020 0.005 0.010 0.322 0.506 
 284 I _   0.006 0.115 0.001 0.018 0.005 0.009 0.323 0.523 
 285 T _   0.006 0.100 0.001 0.016 0.004 0.009 0.324 0.540 
 286 P _   0.006 0.085 0.001 0.014 0.004 0.008 0.325 0.557 
 287 P _   0.006 0.072 0.000 0.012 0.003 0.008 0.325 0.573 
 288 R _   0.006 0.060 0.000 0.011 0.003 0.007 0.326 0.587 
 289 R _   0.005 0.049 0.000 0.010 0.003 0.007 0.326 0.600 
 290 A _   0.005 0.041 0.000 0.009 0.002 0.006 0.326 0.610 
 291 P _   0.005 0.035 0.000 0.008 0.002 0.006 0.326 0.619 
 292 S _   0.005 0.029 0.000 0.007 0.002 0.006 0.324 0.626 
 293 P _   0.004 0.026 0.000 0.007 0.002 0.006 0.323 0.633 
 294 D _   0.004 0.023 0.000 0.007 0.002 0.005 0.320 0.639 
 295 G _   0.004 0.021 0.000 0.006 0.002 0.005 0.317 0.644 
 296 F _   0.004 0.019 0.000 0.006 0.002 0.005 0.314 0.649 
 297 S _   0.004 0.019 0.000 0.006 0.002 0.005 0.310 0.654 
 298 P _   0.004 0.018 0.000 0.006 0.002 0.006 0.305 0.660 
 299 Y _   0.004 0.018 0.000 0.006 0.002 0.006 0.299 0.665 
 300 S _   0.004 0.019 0.000 0.006 0.002 0.007 0.292 0.670 
 301 P _   0.004 0.021 0.000 0.007 0.002 0.007 0.285 0.674 
 302 E _   0.004 0.024 0.000 0.008 0.002 0.009 0.276 0.677 
 303 E _   0.004 0.028 0.000 0.009 0.003 0.010 0.267 0.678 
 304 T _   0.005 0.035 0.000 0.010 0.004 0.013 0.256 0.677 
 305 N _   0.006 0.045 0.001 0.012 0.005 0.015 0.244 0.672 
 306 R _   0.008 0.059 0.001 0.015 0.006 0.019 0.231 0.662 
 307 R _   0.009 0.078 0.001 0.018 0.009 0.023 0.217 0.646 
 308 V _   0.011 0.103 0.001 0.021 0.012 0.028 0.201 0.622 
 309 N _   0.014 0.135 0.002 0.025 0.016 0.032 0.186 0.591 
 310 K _   0.017 0.171 0.002 0.030 0.020 0.036 0.170 0.556 
 311 V _   0.020 0.208 0.002 0.034 0.023 0.039 0.155 0.519 
 312 M _   0.022 0.242 0.002 0.037 0.026 0.042 0.142 0.486 
 313 R _   0.024 0.269 0.002 0.041 0.028 0.043 0.132 0.461 
 314 A _   0.026 0.289 0.002 0.043 0.029 0.043 0.124 0.446 
 315 R _   0.027 0.302 0.002 0.044 0.029 0.042 0.117 0.438 
 316 L _   0.028 0.308 0.002 0.043 0.028 0.041 0.111 0.440 
 317 Y _   0.028 0.310 0.002 0.040 0.026 0.039 0.107 0.449 
 318 L _   0.028 0.307 0.002 0.036 0.023 0.036 0.104 0.465 
 319 L _   0.027 0.299 0.001 0.032 0.021 0.034 0.101 0.485 
 320 Q _   0.026 0.289 0.001 0.028 0.018 0.031 0.098 0.509 
 321 Q _   0.024 0.278 0.001 0.025 0.016 0.029 0.096 0.532 
 322 I _   0.022 0.266 0.001 0.024 0.014 0.026 0.094 0.552 
 323 G _   0.021 0.255 0.001 0.025 0.013 0.024 0.092 0.570 
 324 P _   0.019 0.244 0.001 0.026 0.012 0.022 0.090 0.585 
 325 N _   0.018 0.232 0.001 0.028 0.011 0.021 0.089 0.601 
 326 S _   0.017 0.216 0.001 0.029 0.010 0.019 0.089 0.620 
 327 F _   0.016 0.194 0.001 0.028 0.010 0.017 0.088 0.645 
 328 L _   0.014 0.165 0.001 0.026 0.009 0.015 0.088 0.681 
 329 I _   0.012 0.129 0.001 0.023 0.007 0.013 0.088 0.726 
 330 G _   0.011 0.090 0.001 0.018 0.006 0.011 0.088 0.775 
 331 G _   0.009 0.056 0.001 0.013 0.004 0.010 0.088 0.820 
 332 D _   0.008 0.031 0.000 0.008 0.003 0.008 0.087 0.855 
 333 S _   0.006 0.016 0.000 0.005 0.002 0.007 0.086 0.877 
 334 P _   0.005 0.009 0.000 0.004 0.002 0.006 0.084 0.889 
 335 D _   0.005 0.006 0.000 0.004 0.002 0.006 0.082 0.894 
 336 N _   0.005 0.005 0.000 0.005 0.002 0.007 0.079 0.896 
 337 K _   0.006 0.005 0.000 0.007 0.003 0.008 0.076 0.895 
 338 Y _   0.007 0.005 0.000 0.010 0.003 0.009 0.073 0.893 
 339 R _   0.008 0.005 0.001 0.013 0.004 0.011 0.069 0.889 
 340 V _   0.009 0.005 0.001 0.016 0.005 0.011 0.065 0.888 
 341 F _   0.010 0.005 0.001 0.017 0.006 0.012 0.061 0.889 
 342 I _   0.013 0.004 0.001 0.015 0.006 0.012 0.057 0.893 
 343 G _   0.018 0.003 0.001 0.012 0.005 0.011 0.053 0.897 
 344 P _   0.026 0.002 0.001 0.009 0.005 0.011 0.049 0.898 
 345 Q _   0.040 0.001 0.001 0.006 0.004 0.011 0.045 0.893 
 346 N _   0.065 0.000 0.001 0.003 0.004 0.011 0.040 0.876 
 347 C _   0.106 0.000 0.001 0.002 0.005 0.011 0.035 0.841 
 348 S _   0.171 0.000 0.001 0.001 0.005 0.011 0.029 0.781 
 349 C _   0.265 0.000 0.001 0.001 0.006 0.012 0.023 0.692 
 350 A _   0.381 0.000 0.001 0.001 0.008 0.012 0.017 0.580 
 351 R H   0.513 0.000 0.001 0.001 0.010 0.012 0.012 0.451 
 352 G H   0.643 0.000 0.001 0.001 0.011 0.012 0.008 0.324 
 353 T H   0.749 0.000 0.001 0.001 0.013 0.011 0.005 0.220 
 354 F H   0.826 0.000 0.001 0.001 0.014 0.009 0.004 0.146 
 355 C H   0.875 0.000 0.001 0.000 0.014 0.008 0.003 0.099 
 356 I H   0.904 0.000 0.001 0.000 0.014 0.007 0.002 0.072 
 357 H H   0.919 0.000 0.001 0.000 0.014 0.006 0.002 0.058 
 358 L H   0.923 0.000 0.001 0.000 0.015 0.006 0.002 0.054 
 359 L H   0.920 0.000 0.001 0.000 0.015 0.005 0.002 0.057 
 360 F H   0.908 0.000 0.001 0.000 0.016 0.006 0.002 0.067 
 361 V H   0.884 0.000 0.001 0.001 0.017 0.006 0.002 0.089 
 362 M H   0.844 0.000 0.001 0.001 0.018 0.007 0.003 0.126 
 363 L H   0.782 0.000 0.002 0.001 0.018 0.008 0.004 0.185 
 364 R H   0.694 0.000 0.002 0.002 0.016 0.009 0.007 0.271 
 365 V H   0.585 0.000 0.002 0.002 0.014 0.009 0.010 0.378 
 366 F _   0.462 0.000 0.001 0.002 0.011 0.009 0.014 0.500 
 367 Q _   0.338 0.000 0.001 0.002 0.008 0.009 0.019 0.624 
 368 L _   0.230 0.000 0.001 0.002 0.006 0.008 0.023 0.730 
 369 E _   0.148 0.000 0.001 0.002 0.004 0.008 0.027 0.810 
 370 P _   0.093 0.000 0.000 0.002 0.003 0.008 0.030 0.863 
 371 S _   0.060 0.000 0.000 0.002 0.003 0.008 0.032 0.894 
 372 D _   0.041 0.001 0.000 0.003 0.003 0.009 0.034 0.910 
 373 P _   0.029 0.002 0.000 0.004 0.003 0.010 0.036 0.916 
 374 M _   0.023 0.005 0.000 0.006 0.004 0.011 0.037 0.914 
 375 L _   0.019 0.011 0.001 0.008 0.004 0.013 0.038 0.906 
 376 W _   0.017 0.019 0.001 0.011 0.005 0.014 0.039 0.894 
 377 R _   0.015 0.030 0.001 0.014 0.006 0.016 0.039 0.880 
 378 K _   0.014 0.041 0.001 0.016 0.007 0.017 0.040 0.864 
 379 T _   0.013 0.053 0.001 0.018 0.008 0.018 0.040 0.849 
 380 L _   0.013 0.065 0.001 0.020 0.009 0.019 0.041 0.832 
 381 K _   0.013 0.076 0.001 0.022 0.010 0.020 0.041 0.816 
 382 N _   0.014 0.087 0.001 0.025 0.011 0.021 0.042 0.799 
 383 F _   0.015 0.097 0.001 0.028 0.012 0.022 0.043 0.782 
 384 E _   0.016 0.106 0.001 0.032 0.013 0.022 0.044 0.766 
 385 V _   0.016 0.112 0.001 0.035 0.013 0.022 0.046 0.755 
 386 E _   0.016 0.115 0.001 0.037 0.013 0.022 0.047 0.748 
 387 S _   0.016 0.115 0.001 0.037 0.013 0.021 0.050 0.748 
 388 L _   0.016 0.111 0.001 0.035 0.012 0.019 0.052 0.753 
 389 F _   0.015 0.105 0.001 0.031 0.010 0.017 0.055 0.766 
 390 Q _   0.014 0.094 0.001 0.026 0.008 0.015 0.058 0.783 
 391 K _   0.013 0.081 0.001 0.021 0.007 0.014 0.062 0.803 
 392 Y _   0.011 0.067 0.001 0.016 0.005 0.012 0.065 0.823 
 393 H _   0.010 0.054 0.001 0.012 0.004 0.010 0.068 0.841 
 394 S _   0.009 0.045 0.000 0.009 0.003 0.009 0.070 0.854 
 395 R _   0.008 0.040 0.000 0.007 0.003 0.008 0.072 0.862 
 396 R _   0.007 0.037 0.000 0.006 0.002 0.008 0.073 0.867 
 397 S _   0.007 0.035 0.000 0.005 0.002 0.008 0.074 0.868 
 398 S _   0.006 0.036 0.000 0.005 0.002 0.008 0.075 0.868 
 399 R _   0.007 0.038 0.000 0.006 0.002 0.009 0.075 0.864 
 400 I _   0.007 0.042 0.000 0.007 0.003 0.010 0.075 0.857 
 401 K _   0.007 0.050 0.000 0.009 0.004 0.011 0.074 0.845 
 402 A _   0.008 0.063 0.001 0.011 0.005 0.014 0.073 0.826 
 403 P _   0.009 0.082 0.001 0.015 0.007 0.016 0.071 0.799 
 404 S _   0.010 0.110 0.001 0.020 0.009 0.018 0.070 0.762 
 405 R _   0.011 0.147 0.001 0.026 0.011 0.020 0.067 0.715 
 406 N _   0.011 0.187 0.001 0.034 0.014 0.022 0.065 0.665 
 407 T _   0.011 0.225 0.002 0.042 0.016 0.023 0.064 0.618 
 408 I _   0.011 0.255 0.001 0.049 0.017 0.023 0.062 0.582 
 409 Q _   0.011 0.274 0.001 0.054 0.017 0.022 0.062 0.559 
 410 K _   0.010 0.284 0.001 0.056 0.016 0.021 0.062 0.548 
 411 F _   0.010 0.287 0.001 0.056 0.015 0.020 0.063 0.548 
 412 V _   0.010 0.284 0.001 0.053 0.014 0.018 0.064 0.556 
 413 S _   0.009 0.274 0.001 0.047 0.012 0.017 0.066 0.574 
 414 R _   0.009 0.256 0.001 0.040 0.010 0.015 0.069 0.600 
 415 M _   0.008 0.230 0.001 0.033 0.009 0.013 0.072 0.633 
 416 S _   0.008 0.200 0.001 0.026 0.007 0.012 0.076 0.670 
 417 N _   0.008 0.170 0.001 0.020 0.006 0.011 0.079 0.705 
 418 S _   0.007 0.146 0.001 0.016 0.005 0.010 0.083 0.733 
 419 H _   0.006 0.127 0.001 0.013 0.004 0.009 0.085 0.755 
 420 T _   0.006 0.114 0.000 0.012 0.003 0.009 0.087 0.768 
 421 L _   0.006 0.105 0.000 0.012 0.003 0.009 0.089 0.776 
 422 S _   0.005 0.099 0.000 0.013 0.003 0.008 0.091 0.781 
 423 S _   0.005 0.094 0.000 0.014 0.003 0.008 0.092 0.783 
 424 S _   0.005 0.089 0.000 0.016 0.003 0.008 0.093 0.784 
 425 S _   0.005 0.085 0.000 0.018 0.004 0.008 0.094 0.786 
 426 T _   0.005 0.080 0.000 0.019 0.004 0.008 0.095 0.788 
 427 S _   0.005 0.074 0.000 0.019 0.004 0.008 0.097 0.793 
 428 T _   0.005 0.066 0.000 0.018 0.004 0.008 0.099 0.800 
 429 S _   0.004 0.057 0.000 0.017 0.003 0.008 0.101 0.810 
 430 S _   0.004 0.047 0.000 0.014 0.003 0.007 0.103 0.822 
 431 S _   0.004 0.037 0.000 0.011 0.002 0.007 0.104 0.834 
 432 E _   0.004 0.028 0.000 0.009 0.002 0.006 0.106 0.846 
 433 N _   0.003 0.021 0.000 0.006 0.002 0.006 0.107 0.854 
 434 S _   0.003 0.017 0.000 0.005 0.001 0.007 0.107 0.859 
 435 I _   0.004 0.015 0.000 0.004 0.001 0.008 0.107 0.861 
 436 K _   0.005 0.015 0.000 0.004 0.002 0.010 0.107 0.858 
 437 D _   0.007 0.016 0.000 0.005 0.002 0.014 0.106 0.850 
 438 E _   0.011 0.020 0.000 0.007 0.004 0.020 0.104 0.834 
 439 E _   0.018 0.029 0.001 0.010 0.008 0.029 0.102 0.803 
 440 E _   0.028 0.050 0.001 0.017 0.015 0.039 0.098 0.752 
 441 Q _   0.039 0.085 0.002 0.026 0.026 0.050 0.094 0.678 
 442 M _   0.049 0.132 0.003 0.038 0.036 0.058 0.090 0.594 
 443 C _   0.057 0.175 0.003 0.051 0.045 0.063 0.087 0.520 
 444 P _   0.064 0.207 0.003 0.061 0.050 0.065 0.084 0.466 
 445 I _   0.068 0.226 0.003 0.068 0.051 0.064 0.084 0.436 
 446 C _   0.070 0.234 0.003 0.071 0.051 0.062 0.084 0.426 
 447 L _   0.070 0.234 0.003 0.069 0.048 0.058 0.085 0.434 
 448 L _   0.068 0.225 0.003 0.063 0.043 0.053 0.087 0.458 
 449 G _   0.065 0.206 0.003 0.053 0.037 0.047 0.090 0.499 
 450 M _   0.059 0.174 0.002 0.042 0.030 0.042 0.094 0.557 
 451 L _   0.052 0.133 0.002 0.031 0.023 0.036 0.098 0.624 
 452 D _   0.045 0.093 0.002 0.022 0.017 0.031 0.102 0.689 
 453 E _   0.037 0.061 0.001 0.016 0.012 0.026 0.106 0.740 
 454 E _   0.030 0.041 0.001 0.012 0.008 0.022 0.109 0.777 
 455 S _   0.024 0.029 0.001 0.010 0.006 0.018 0.112 0.801 
 456 L _   0.019 0.021 0.001 0.009 0.004 0.016 0.114 0.817 
 457 T _   0.016 0.017 0.000 0.008 0.004 0.014 0.115 0.827 
 458 V _   0.013 0.014 0.000 0.008 0.003 0.012 0.116 0.835 
 459 C _   0.011 0.011 0.000 0.007 0.003 0.011 0.116 0.841 
 460 E _   0.009 0.009 0.000 0.006 0.003 0.010 0.116 0.845 
 461 D _   0.008 0.008 0.000 0.006 0.002 0.010 0.116 0.849 
 462 G _   0.008 0.007 0.000 0.005 0.002 0.010 0.115 0.852 
 463 C _   0.008 0.007 0.000 0.004 0.002 0.011 0.113 0.853 
 464 R _   0.010 0.008 0.000 0.004 0.003 0.013 0.112 0.850 
 465 N _   0.012 0.010 0.000 0.005 0.004 0.016 0.110 0.843 
 466 K _   0.016 0.016 0.001 0.007 0.006 0.021 0.107 0.827 
 467 L _   0.020 0.028 0.001 0.011 0.011 0.027 0.104 0.798 
 468 H _   0.026 0.054 0.002 0.019 0.017 0.033 0.099 0.750 
 469 H _   0.030 0.092 0.002 0.031 0.024 0.037 0.095 0.688 
 470 H _   0.033 0.134 0.002 0.044 0.029 0.040 0.090 0.626 
 471 C _   0.034 0.168 0.002 0.058 0.032 0.041 0.087 0.577 
 472 M _   0.035 0.187 0.002 0.068 0.033 0.041 0.085 0.548 
 473 S _   0.036 0.196 0.002 0.072 0.032 0.039 0.084 0.538 
 474 I _   0.035 0.197 0.002 0.071 0.030 0.037 0.083 0.544 
 475 W _   0.034 0.190 0.002 0.064 0.027 0.034 0.084 0.566 
 476 A _   0.032 0.172 0.002 0.052 0.022 0.030 0.085 0.605 
 477 E _   0.029 0.141 0.002 0.038 0.017 0.026 0.087 0.658 
 478 E _   0.026 0.103 0.001 0.025 0.013 0.023 0.089 0.719 
 479 C _   0.023 0.067 0.001 0.015 0.009 0.020 0.091 0.774 
 480 R _   0.020 0.045 0.001 0.008 0.006 0.018 0.092 0.811 
 481 R _   0.017 0.035 0.000 0.005 0.004 0.016 0.093 0.829 
 482 N _   0.015 0.032 0.000 0.004 0.003 0.016 0.093 0.836 
 483 R _   0.015 0.033 0.000 0.005 0.004 0.017 0.093 0.834 
 484 E _   0.015 0.036 0.001 0.008 0.005 0.018 0.092 0.825 
 485 P _   0.016 0.045 0.001 0.013 0.007 0.020 0.091 0.807 
 486 L _   0.017 0.059 0.001 0.020 0.009 0.021 0.089 0.783 
 487 I _   0.017 0.073 0.001 0.029 0.012 0.022 0.088 0.759 
 488 C _   0.017 0.084 0.001 0.036 0.013 0.022 0.087 0.740 
 489 P _   0.016 0.091 0.001 0.040 0.013 0.022 0.086 0.730 
 490 L _   0.015 0.094 0.001 0.041 0.013 0.021 0.086 0.729 
 491 C _   0.014 0.093 0.001 0.039 0.012 0.019 0.087 0.735 
 492 R _   0.013 0.089 0.001 0.034 0.010 0.017 0.088 0.747 
 493 S _   0.012 0.082 0.001 0.028 0.009 0.015 0.089 0.764 
 494 K _   0.011 0.073 0.001 0.022 0.007 0.013 0.090 0.783 
 495 W _   0.010 0.062 0.001 0.017 0.005 0.012 0.092 0.802 
 496 R _   0.009 0.053 0.001 0.013 0.004 0.010 0.093 0.817 
 497 S _   0.008 0.046 0.000 0.010 0.003 0.009 0.094 0.828 
 498 H _   0.007 0.041 0.000 0.009 0.003 0.009 0.095 0.836 
 499 D _   0.007 0.038 0.000 0.008 0.003 0.008 0.095 0.841 
 500 F _   0.007 0.036 0.000 0.008 0.003 0.008 0.095 0.843 
 501 Y _   0.006 0.035 0.000 0.009 0.003 0.008 0.095 0.844 
 502 S _   0.006 0.035 0.000 0.010 0.003 0.008 0.095 0.843 
 503 H _   0.006 0.034 0.000 0.011 0.003 0.008 0.095 0.843 
 504 E _   0.006 0.034 0.000 0.011 0.003 0.008 0.094 0.843 
 505 L _   0.006 0.034 0.000 0.011 0.003 0.008 0.094 0.844 
 506 S _   0.005 0.034 0.000 0.011 0.003 0.007 0.093 0.846 
 507 S _   0.005 0.034 0.000 0.010 0.003 0.007 0.093 0.848 
 508 P _   0.005 0.034 0.000 0.009 0.003 0.007 0.092 0.850 
 509 V _   0.005 0.034 0.000 0.008 0.002 0.007 0.091 0.851 
 510 D _   0.005 0.036 0.000 0.008 0.003 0.007 0.090 0.851 
 511 S _   0.005 0.038 0.000 0.009 0.003 0.008 0.089 0.848 
 512 P _   0.006 0.041 0.000 0.010 0.003 0.009 0.088 0.843 
 513 S _   0.006 0.046 0.000 0.012 0.004 0.010 0.086 0.835 
 514 S _   0.007 0.053 0.001 0.015 0.005 0.011 0.085 0.825 
 515 L _   0.007 0.060 0.001 0.018 0.006 0.012 0.083 0.812 
 516 R _   0.008 0.068 0.001 0.022 0.006 0.013 0.082 0.800 
 517 A _   0.008 0.075 0.001 0.026 0.007 0.014 0.080 0.790 
 518 A _   0.008 0.080 0.001 0.028 0.007 0.014 0.079 0.783 
 519 Q _   0.008 0.082 0.001 0.029 0.007 0.014 0.079 0.780 
 520 Q _   0.008 0.083 0.001 0.029 0.007 0.013 0.079 0.780 
 521 Q _   0.008 0.082 0.001 0.027 0.007 0.013 0.079 0.784 
 522 T _   0.008 0.079 0.001 0.025 0.006 0.012 0.079 0.790 
 523 V _   0.008 0.074 0.001 0.023 0.006 0.011 0.080 0.798 
 524 Q _   0.008 0.067 0.001 0.020 0.005 0.010 0.081 0.808 
 525 Q _   0.007 0.060 0.001 0.018 0.004 0.010 0.082 0.818 
 526 Q _   0.007 0.052 0.001 0.015 0.004 0.009 0.083 0.829 
 527 P _   0.007 0.044 0.000 0.013 0.003 0.008 0.084 0.840 
 528 L _   0.006 0.037 0.000 0.011 0.003 0.007 0.085 0.850 
 529 A _   0.006 0.031 0.000 0.010 0.003 0.007 0.086 0.858 
 530 G _   0.006 0.025 0.000 0.008 0.002 0.006 0.086 0.866 
 531 S _   0.005 0.021 0.000 0.007 0.002 0.006 0.086 0.872 
 532 R _   0.005 0.019 0.000 0.006 0.002 0.006 0.086 0.877 
 533 R _   0.005 0.017 0.000 0.006 0.002 0.006 0.085 0.880 
 534 N _   0.005 0.016 0.000 0.006 0.002 0.006 0.084 0.882 
 535 Q _   0.005 0.016 0.000 0.006 0.002 0.006 0.082 0.882 
 536 E _   0.005 0.016 0.000 0.007 0.002 0.007 0.081 0.881 
 537 S _   0.005 0.018 0.000 0.009 0.003 0.008 0.079 0.878 
 538 N _   0.006 0.020 0.000 0.012 0.003 0.009 0.077 0.873 
 539 F _   0.006 0.023 0.001 0.015 0.004 0.010 0.074 0.866 
 540 N _   0.007 0.026 0.001 0.020 0.005 0.012 0.072 0.858 
 541 L _   0.007 0.029 0.001 0.024 0.006 0.012 0.069 0.851 
 542 T _   0.008 0.030 0.001 0.027 0.007 0.013 0.067 0.847 
 543 H _   0.008 0.031 0.001 0.029 0.007 0.013 0.065 0.846 
 544 Y _   0.008 0.030 0.001 0.029 0.007 0.013 0.064 0.849 
 545 G _   0.008 0.028 0.001 0.027 0.007 0.012 0.063 0.856 
 546 T _   0.007 0.024 0.001 0.023 0.006 0.011 0.062 0.866 
 547 Q _   0.007 0.019 0.001 0.018 0.005 0.010 0.062 0.879 
 548 Q _   0.007 0.013 0.000 0.013 0.004 0.009 0.061 0.892 
 549 I _   0.007 0.008 0.000 0.009 0.003 0.008 0.060 0.904 
 550 P _   0.008 0.005 0.000 0.006 0.002 0.007 0.058 0.913 
 551 P _   0.009 0.002 0.000 0.004 0.002 0.007 0.057 0.918 
 552 A _   0.013 0.001 0.000 0.003 0.002 0.007 0.055 0.919 
 553 Y _   0.021 0.000 0.000 0.003 0.002 0.008 0.052 0.913 
 554 K _   0.036 0.000 0.000 0.003 0.003 0.010 0.049 0.899 
 555 D _   0.063 0.000 0.000 0.003 0.004 0.013 0.045 0.871 
 556 L _   0.109 0.000 0.001 0.003 0.006 0.017 0.040 0.824 
 557 A _   0.178 0.000 0.001 0.003 0.009 0.022 0.035 0.751 
 558 E _   0.266 0.000 0.001 0.003 0.014 0.028 0.029 0.659 
 559 P _   0.365 0.000 0.002 0.003 0.020 0.032 0.023 0.555 
 560 W H   0.463 0.000 0.002 0.003 0.026 0.035 0.018 0.453 
 561 I H   0.547 0.000 0.002 0.003 0.032 0.037 0.014 0.365 
 562 Q H   0.618 0.000 0.002 0.003 0.037 0.037 0.011 0.293 
 563 V H   0.670 0.000 0.002 0.003 0.040 0.035 0.009 0.240 
 564 F H   0.706 0.000 0.002 0.003 0.042 0.034 0.008 0.206 
 565 G H   0.728 0.000 0.002 0.003 0.042 0.031 0.007 0.187 
 566 M H   0.736 0.000 0.002 0.003 0.041 0.029 0.007 0.182 
 567 E H   0.728 0.000 0.002 0.003 0.039 0.027 0.007 0.193 
 568 L H   0.706 0.000 0.002 0.003 0.037 0.025 0.007 0.219 
 569 V H   0.667 0.000 0.002 0.004 0.033 0.024 0.008 0.263 
 570 G H   0.610 0.000 0.002 0.004 0.028 0.022 0.009 0.325 
 571 C H   0.536 0.000 0.002 0.003 0.022 0.020 0.010 0.406 
 572 L _   0.452 0.000 0.001 0.003 0.017 0.019 0.011 0.496 
 573 F _   0.367 0.000 0.001 0.002 0.012 0.018 0.013 0.587 
 574 S _   0.290 0.000 0.001 0.002 0.009 0.017 0.014 0.667 
 575 R _   0.224 0.000 0.001 0.002 0.007 0.017 0.015 0.734 
 576 N _   0.172 0.000 0.001 0.002 0.006 0.018 0.016 0.784 
 577 W _   0.136 0.000 0.001 0.003 0.006 0.019 0.017 0.817 
 578 N _   0.111 0.001 0.001 0.005 0.007 0.020 0.018 0.837 
 579 V _   0.092 0.002 0.001 0.008 0.009 0.022 0.019 0.848 
 580 R _   0.077 0.004 0.001 0.011 0.010 0.023 0.019 0.854 
 581 E _   0.065 0.006 0.001 0.014 0.011 0.024 0.020 0.859 
 582 M _   0.054 0.008 0.001 0.017 0.011 0.024 0.021 0.864 
 583 A _   0.045 0.010 0.001 0.017 0.011 0.024 0.021 0.871 
 584 L _   0.038 0.011 0.001 0.016 0.010 0.023 0.021 0.880 
 585 R _   0.033 0.012 0.001 0.013 0.009 0.022 0.022 0.889 
 586 R _   0.028 0.012 0.001 0.011 0.008 0.021 0.022 0.897 
 587 L _   0.025 0.013 0.001 0.009 0.007 0.021 0.022 0.902 
 588 S _   0.024 0.014 0.001 0.008 0.007 0.022 0.022 0.903 
 589 H _   0.023 0.017 0.001 0.009 0.008 0.023 0.022 0.898 
 590 D _   0.023 0.023 0.001 0.012 0.009 0.024 0.022 0.885 
 591 V _   0.024 0.034 0.001 0.017 0.012 0.026 0.022 0.864 
 592 S _   0.024 0.050 0.001 0.026 0.015 0.027 0.021 0.836 
 593 G _   0.024 0.066 0.001 0.035 0.017 0.027 0.021 0.808 
 594 A _   0.023 0.079 0.001 0.044 0.018 0.027 0.021 0.788 
 595 L _   0.021 0.086 0.001 0.049 0.018 0.025 0.021 0.778 
 596 L _   0.019 0.090 0.001 0.051 0.016 0.023 0.021 0.778 
 597 L _   0.016 0.089 0.001 0.049 0.015 0.021 0.021 0.788 
 598 A _   0.014 0.085 0.001 0.043 0.012 0.018 0.022 0.805 
 599 N _   0.012 0.078 0.001 0.036 0.009 0.015 0.022 0.827 
 600 G _   0.010 0.068 0.001 0.028 0.007 0.013 0.023 0.850 
 601 E _   0.008 0.057 0.001 0.021 0.005 0.011 0.024 0.873 
 602 S _   0.007 0.047 0.001 0.016 0.004 0.009 0.024 0.891 
 603 T _   0.006 0.039 0.000 0.013 0.003 0.008 0.025 0.905 
 604 G _   0.005 0.034 0.000 0.011 0.003 0.007 0.025 0.915 
 605 N _   0.005 0.030 0.000 0.010 0.002 0.007 0.025 0.921 
 606 S _   0.004 0.027 0.000 0.010 0.002 0.006 0.025 0.925 
 607 G _   0.004 0.025 0.000 0.010 0.002 0.006 0.025 0.928 
 608 G _   0.004 0.024 0.000 0.010 0.002 0.006 0.024 0.929 
 609 S _   0.004 0.022 0.000 0.011 0.002 0.006 0.024 0.930 
 610 S _   0.004 0.022 0.000 0.012 0.002 0.006 0.023 0.931 
 611 G _   0.003 0.021 0.000 0.013 0.003 0.006 0.022 0.932 
 612 S _   0.003 0.020 0.000 0.013 0.003 0.006 0.022 0.932 
 613 S _   0.003 0.020 0.000 0.014 0.003 0.007 0.021 0.932 
 614 P _   0.003 0.019 0.000 0.015 0.003 0.007 0.020 0.932 
 615 S _   0.003 0.018 0.000 0.016 0.003 0.007 0.019 0.932 
 616 G _   0.003 0.017 0.000 0.017 0.003 0.007 0.019 0.933 
 617 G _   0.003 0.016 0.000 0.017 0.003 0.007 0.018 0.934 
 618 A _   0.004 0.015 0.000 0.017 0.004 0.008 0.017 0.935 
 619 T _   0.004 0.013 0.000 0.016 0.004 0.008 0.017 0.938 
 620 S _   0.004 0.011 0.000 0.015 0.003 0.008 0.016 0.942 
 621 G _   0.005 0.009 0.000 0.013 0.003 0.008 0.016 0.946 
 622 S _   0.007 0.006 0.000 0.011 0.003 0.008 0.015 0.949 
 623 S _   0.012 0.004 0.000 0.009 0.003 0.009 0.014 0.948 
 624 Q _   0.021 0.002 0.000 0.007 0.004 0.010 0.014 0.942 
 625 T _   0.038 0.001 0.001 0.005 0.004 0.011 0.013 0.927 
 626 S _   0.069 0.001 0.001 0.004 0.005 0.013 0.012 0.896 
 627 I _   0.119 0.000 0.001 0.003 0.007 0.015 0.010 0.845 
 628 S _   0.194 0.000 0.001 0.003 0.009 0.017 0.008 0.768 
 629 G _   0.295 0.000 0.001 0.002 0.011 0.019 0.007 0.664 
 630 D _   0.408 0.000 0.001 0.002 0.014 0.021 0.005 0.549 
 631 V H   0.524 0.000 0.001 0.002 0.018 0.021 0.003 0.431 
 632 V H   0.628 0.000 0.001 0.001 0.020 0.020 0.002 0.327 
 633 E H   0.709 0.000 0.001 0.001 0.022 0.019 0.002 0.246 
 634 A H   0.769 0.000 0.001 0.001 0.023 0.017 0.001 0.187 
 635 C H   0.810 0.000 0.001 0.001 0.023 0.015 0.001 0.148 
 636 C H   0.836 0.000 0.001 0.001 0.023 0.013 0.001 0.125 
 637 S H   0.849 0.000 0.001 0.001 0.022 0.012 0.001 0.115 
 638 V H   0.850 0.000 0.001 0.001 0.021 0.010 0.001 0.115 
 639 L H   0.842 0.000 0.001 0.001 0.020 0.010 0.001 0.126 
 640 S H   0.822 0.000 0.001 0.001 0.019 0.009 0.001 0.147 
 641 M H   0.788 0.000 0.001 0.001 0.017 0.009 0.001 0.182 
 642 V H   0.740 0.000 0.001 0.001 0.015 0.009 0.001 0.232 
 643 C H   0.682 0.000 0.001 0.001 0.012 0.010 0.002 0.293 
 644 A H   0.615 0.000 0.001 0.001 0.010 0.010 0.002 0.362 
 645 D H   0.552 0.000 0.001 0.001 0.008 0.010 0.002 0.425 
 646 P H   0.498 0.000 0.001 0.001 0.007 0.011 0.003 0.480 
 647 V _   0.455 0.000 0.001 0.001 0.006 0.012 0.003 0.522 
 648 Y _   0.426 0.000 0.001 0.001 0.006 0.014 0.003 0.549 
 649 K _   0.407 0.000 0.001 0.001 0.007 0.016 0.004 0.566 
 650 V _   0.397 0.000 0.001 0.001 0.008 0.018 0.004 0.571 
 651 Y _   0.395 0.000 0.001 0.002 0.009 0.020 0.004 0.569 
 652 V _   0.397 0.000 0.001 0.002 0.011 0.023 0.005 0.562 
 653 A _   0.403 0.000 0.001 0.003 0.013 0.025 0.005 0.551 
 654 A _   0.411 0.000 0.001 0.003 0.015 0.028 0.005 0.536 
 655 L _   0.421 0.000 0.001 0.003 0.018 0.030 0.005 0.520 
 656 K _   0.430 0.000 0.001 0.003 0.021 0.033 0.005 0.506 
 657 T _   0.435 0.000 0.001 0.004 0.024 0.035 0.006 0.495 
 658 L _   0.436 0.000 0.002 0.004 0.027 0.036 0.006 0.488 
 659 R _   0.432 0.000 0.002 0.005 0.029 0.037 0.007 0.488 
 660 A _   0.423 0.001 0.002 0.006 0.030 0.037 0.008 0.493 
 661 M _   0.408 0.001 0.002 0.007 0.030 0.037 0.009 0.507 
 662 L _   0.386 0.001 0.002 0.008 0.029 0.036 0.010 0.529 
 663 V _   0.358 0.001 0.002 0.008 0.026 0.035 0.011 0.560 
