#TopoPred_TM8: 8-state transmembrane topology prediction results by no_profile mode 
#probabilities are in the order of H E C I L F X _, the 8 transmembrane topology types used in PDBTM 
   1 M X   0.004 0.000 0.001 0.026 0.006 0.005 0.939 0.019 
   2 A X   0.001 0.000 0.000 0.011 0.001 0.002 0.967 0.018 
   3 T X   0.000 0.000 0.000 0.005 0.000 0.001 0.976 0.018 
   4 A X   0.000 0.000 0.000 0.003 0.000 0.001 0.979 0.018 
   5 P X   0.000 0.000 0.000 0.002 0.000 0.001 0.979 0.018 
   6 S X   0.000 0.000 0.000 0.002 0.000 0.001 0.979 0.018 
   7 Y X   0.000 0.000 0.000 0.002 0.000 0.001 0.978 0.018 
   8 P X   0.000 0.000 0.000 0.002 0.000 0.001 0.977 0.019 
   9 A X   0.001 0.000 0.000 0.002 0.000 0.001 0.976 0.020 
  10 G X   0.001 0.000 0.000 0.002 0.000 0.001 0.975 0.021 
  11 L X   0.001 0.000 0.000 0.002 0.000 0.001 0.974 0.022 
  12 P X   0.001 0.000 0.000 0.002 0.000 0.001 0.972 0.023 
  13 G X   0.000 0.000 0.000 0.002 0.000 0.001 0.971 0.025 
  14 S X   0.000 0.000 0.000 0.002 0.000 0.001 0.969 0.027 
  15 P X   0.000 0.000 0.000 0.001 0.000 0.001 0.967 0.030 
  16 G X   0.000 0.000 0.000 0.001 0.000 0.001 0.965 0.032 
  17 P X   0.000 0.000 0.000 0.001 0.000 0.001 0.962 0.035 
  18 G X   0.000 0.000 0.000 0.001 0.000 0.001 0.959 0.039 
  19 S X   0.001 0.000 0.000 0.001 0.000 0.001 0.954 0.044 
  20 P X   0.001 0.000 0.000 0.001 0.000 0.001 0.948 0.050 
  21 P X   0.001 0.000 0.000 0.001 0.000 0.001 0.939 0.057 
  22 P X   0.001 0.000 0.000 0.002 0.001 0.002 0.928 0.067 
  23 P X   0.001 0.000 0.000 0.003 0.001 0.002 0.915 0.078 
  24 G X   0.001 0.001 0.000 0.004 0.001 0.003 0.898 0.092 
  25 G X   0.002 0.001 0.000 0.006 0.002 0.004 0.877 0.108 
  26 L X   0.002 0.002 0.000 0.009 0.002 0.005 0.854 0.126 
  27 E X   0.002 0.002 0.000 0.012 0.003 0.006 0.829 0.146 
  28 L X   0.002 0.003 0.000 0.014 0.003 0.007 0.803 0.167 
  29 Q X   0.002 0.004 0.000 0.016 0.004 0.008 0.777 0.189 
  30 S X   0.002 0.005 0.001 0.017 0.004 0.008 0.751 0.213 
  31 P X   0.002 0.005 0.001 0.017 0.004 0.008 0.728 0.235 
  32 P X   0.003 0.005 0.001 0.017 0.004 0.008 0.705 0.257 
  33 P X   0.003 0.005 0.001 0.016 0.004 0.008 0.685 0.279 
  34 L X   0.003 0.005 0.000 0.015 0.004 0.008 0.665 0.300 
  35 L X   0.003 0.005 0.000 0.013 0.004 0.008 0.647 0.320 
  36 P X   0.003 0.004 0.000 0.012 0.003 0.009 0.628 0.340 
  37 Q X   0.003 0.004 0.000 0.011 0.003 0.009 0.610 0.359 
  38 I X   0.003 0.004 0.000 0.010 0.003 0.010 0.592 0.378 
  39 P X   0.004 0.003 0.000 0.009 0.003 0.011 0.573 0.396 
  40 A X   0.005 0.003 0.000 0.008 0.004 0.013 0.554 0.413 
  41 P X   0.006 0.003 0.001 0.008 0.004 0.015 0.534 0.428 
  42 G X   0.008 0.003 0.001 0.008 0.005 0.019 0.514 0.442 
  43 S X   0.011 0.004 0.001 0.009 0.007 0.023 0.492 0.453 
  44 G X   0.015 0.004 0.001 0.011 0.010 0.029 0.469 0.461 
  45 V _   0.019 0.005 0.001 0.014 0.013 0.035 0.446 0.466 
  46 S _   0.025 0.007 0.001 0.017 0.017 0.041 0.423 0.469 
  47 F _   0.032 0.008 0.002 0.019 0.021 0.047 0.400 0.471 
  48 H _   0.039 0.009 0.002 0.021 0.025 0.052 0.378 0.473 
  49 I _   0.047 0.010 0.002 0.022 0.029 0.057 0.357 0.476 
  50 Q _   0.055 0.011 0.002 0.022 0.031 0.060 0.338 0.480 
  51 I _   0.062 0.011 0.002 0.022 0.034 0.062 0.321 0.486 
  52 G _   0.069 0.011 0.002 0.020 0.035 0.063 0.305 0.494 
  53 L _   0.075 0.011 0.002 0.019 0.035 0.064 0.291 0.503 
  54 T _   0.079 0.010 0.002 0.018 0.035 0.063 0.279 0.514 
  55 R _   0.082 0.009 0.002 0.017 0.033 0.061 0.268 0.526 
  56 E _   0.083 0.009 0.002 0.017 0.031 0.059 0.259 0.542 
  57 F _   0.082 0.008 0.002 0.016 0.028 0.056 0.251 0.559 
  58 V _   0.079 0.006 0.002 0.014 0.024 0.052 0.244 0.578 
  59 L _   0.075 0.005 0.001 0.013 0.020 0.048 0.237 0.600 
  60 L _   0.070 0.004 0.001 0.011 0.017 0.045 0.231 0.621 
  61 P _   0.066 0.003 0.001 0.009 0.014 0.042 0.224 0.640 
  62 A _   0.062 0.002 0.001 0.008 0.012 0.039 0.218 0.657 
  63 A _   0.059 0.002 0.001 0.007 0.011 0.037 0.212 0.671 
  64 S _   0.056 0.002 0.001 0.006 0.010 0.036 0.207 0.683 
  65 E _   0.055 0.002 0.001 0.006 0.010 0.035 0.201 0.691 
  66 L _   0.054 0.002 0.001 0.006 0.011 0.035 0.195 0.695 
  67 A _   0.054 0.003 0.001 0.008 0.012 0.035 0.190 0.697 
  68 H _   0.055 0.004 0.001 0.010 0.014 0.035 0.184 0.696 
  69 V _   0.056 0.006 0.001 0.013 0.016 0.035 0.179 0.694 
  70 K _   0.056 0.008 0.001 0.016 0.018 0.035 0.175 0.692 
  71 Q _   0.055 0.009 0.001 0.019 0.018 0.034 0.171 0.693 
  72 L _   0.053 0.011 0.001 0.021 0.018 0.032 0.167 0.697 
  73 A _   0.049 0.011 0.001 0.022 0.017 0.030 0.164 0.705 
  74 C _   0.045 0.011 0.001 0.020 0.015 0.027 0.162 0.719 
  75 S _   0.040 0.010 0.001 0.018 0.013 0.024 0.159 0.736 
  76 I _   0.034 0.008 0.001 0.015 0.010 0.021 0.157 0.753 
  77 V _   0.029 0.007 0.001 0.011 0.008 0.019 0.155 0.770 
  78 D _   0.025 0.006 0.001 0.009 0.006 0.017 0.153 0.784 
  79 Q _   0.022 0.005 0.001 0.007 0.005 0.015 0.151 0.795 
  80 K _   0.019 0.004 0.000 0.005 0.004 0.014 0.149 0.804 
  81 F _   0.017 0.004 0.000 0.005 0.004 0.013 0.147 0.810 
  82 P _   0.015 0.005 0.000 0.005 0.004 0.013 0.144 0.813 
  83 E _   0.014 0.007 0.000 0.006 0.004 0.014 0.141 0.813 
  84 C _   0.014 0.010 0.001 0.008 0.005 0.015 0.138 0.810 
  85 G _   0.014 0.015 0.001 0.011 0.006 0.016 0.134 0.803 
  86 F _   0.014 0.022 0.001 0.015 0.008 0.018 0.130 0.792 
  87 Y _   0.014 0.031 0.001 0.020 0.010 0.019 0.126 0.779 
  88 G _   0.014 0.040 0.001 0.026 0.011 0.020 0.122 0.765 
  89 L _   0.014 0.048 0.001 0.032 0.013 0.021 0.118 0.754 
  90 Y _   0.013 0.054 0.001 0.037 0.013 0.020 0.115 0.746 
  91 D _   0.013 0.057 0.001 0.039 0.013 0.020 0.112 0.744 
  92 K _   0.012 0.057 0.001 0.039 0.013 0.019 0.111 0.748 
  93 I _   0.012 0.056 0.001 0.036 0.011 0.017 0.110 0.757 
  94 L _   0.011 0.051 0.001 0.030 0.009 0.015 0.109 0.772 
  95 L _   0.011 0.044 0.001 0.023 0.007 0.013 0.109 0.792 
  96 F _   0.010 0.036 0.001 0.016 0.005 0.012 0.108 0.812 
  97 K _   0.009 0.028 0.001 0.011 0.004 0.010 0.108 0.830 
  98 H _   0.008 0.022 0.000 0.007 0.003 0.010 0.107 0.844 
  99 D _   0.007 0.018 0.000 0.005 0.002 0.009 0.106 0.851 
 100 P _   0.008 0.017 0.000 0.005 0.003 0.010 0.104 0.853 
 101 T _   0.008 0.018 0.000 0.006 0.003 0.012 0.103 0.850 
 102 S _   0.010 0.021 0.001 0.009 0.005 0.014 0.100 0.840 
 103 A _   0.012 0.028 0.001 0.015 0.007 0.016 0.098 0.824 
 104 N _   0.013 0.037 0.001 0.024 0.009 0.019 0.095 0.803 
 105 L _   0.014 0.045 0.001 0.033 0.011 0.020 0.092 0.783 
 106 L _   0.014 0.051 0.001 0.040 0.013 0.020 0.090 0.771 
 107 Q _   0.013 0.054 0.001 0.043 0.013 0.020 0.088 0.768 
 108 L _   0.012 0.053 0.001 0.042 0.012 0.019 0.087 0.774 
 109 V _   0.011 0.050 0.001 0.036 0.011 0.017 0.086 0.788 
 110 R _   0.011 0.043 0.001 0.028 0.009 0.015 0.086 0.808 
 111 S _   0.010 0.033 0.001 0.020 0.007 0.013 0.085 0.831 
 112 S _   0.009 0.024 0.001 0.013 0.005 0.012 0.085 0.852 
 113 G _   0.008 0.017 0.000 0.008 0.003 0.011 0.085 0.867 
 114 D _   0.008 0.012 0.000 0.005 0.003 0.011 0.084 0.876 
 115 I _   0.009 0.011 0.000 0.004 0.002 0.012 0.083 0.879 
 116 Q _   0.010 0.010 0.000 0.004 0.003 0.014 0.082 0.876 
 117 E _   0.013 0.012 0.000 0.005 0.004 0.017 0.081 0.869 
 118 G _   0.016 0.016 0.001 0.007 0.006 0.021 0.079 0.854 
 119 D _   0.021 0.025 0.001 0.012 0.010 0.026 0.076 0.830 
 120 L _   0.025 0.040 0.001 0.019 0.014 0.031 0.073 0.797 
 121 V _   0.028 0.059 0.002 0.027 0.019 0.035 0.070 0.760 
 122 E _   0.031 0.078 0.002 0.035 0.023 0.038 0.067 0.726 
 123 V _   0.033 0.092 0.002 0.042 0.026 0.040 0.065 0.700 
 124 V _   0.034 0.101 0.002 0.046 0.028 0.041 0.063 0.686 
 125 L _   0.034 0.105 0.002 0.048 0.028 0.040 0.062 0.682 
 126 S _   0.034 0.104 0.002 0.046 0.026 0.039 0.061 0.688 
 127 A _   0.033 0.100 0.002 0.042 0.024 0.036 0.061 0.703 
 128 S _   0.031 0.092 0.002 0.036 0.021 0.034 0.061 0.724 
 129 A _   0.029 0.080 0.001 0.029 0.017 0.031 0.061 0.751 
 130 T _   0.027 0.065 0.001 0.023 0.014 0.028 0.062 0.780 
 131 F _   0.025 0.051 0.001 0.017 0.011 0.025 0.063 0.808 
 132 E _   0.022 0.038 0.001 0.013 0.009 0.023 0.063 0.830 
 133 D _   0.021 0.030 0.001 0.010 0.007 0.021 0.064 0.847 
 134 F _   0.019 0.024 0.001 0.009 0.006 0.020 0.064 0.858 
 135 Q _   0.018 0.020 0.001 0.008 0.006 0.019 0.064 0.865 
 136 I _   0.017 0.018 0.001 0.008 0.006 0.018 0.064 0.868 
 137 R _   0.017 0.017 0.001 0.009 0.006 0.018 0.063 0.869 
 138 P _   0.017 0.016 0.001 0.011 0.007 0.018 0.063 0.867 
 139 H _   0.017 0.016 0.001 0.013 0.007 0.019 0.063 0.864 
 140 A _   0.017 0.016 0.001 0.015 0.008 0.019 0.062 0.861 
 141 L _   0.017 0.016 0.001 0.017 0.009 0.019 0.062 0.860 
 142 T _   0.016 0.015 0.001 0.018 0.009 0.018 0.062 0.861 
 143 V _   0.016 0.014 0.001 0.018 0.008 0.018 0.062 0.863 
 144 H _   0.016 0.012 0.001 0.016 0.008 0.017 0.062 0.868 
 145 S _   0.016 0.009 0.001 0.014 0.007 0.016 0.062 0.875 
 146 Y _   0.016 0.006 0.001 0.011 0.006 0.016 0.062 0.883 
 147 R _   0.018 0.004 0.001 0.008 0.005 0.015 0.062 0.888 
 148 A _   0.021 0.002 0.000 0.005 0.004 0.016 0.061 0.890 
 149 P _   0.027 0.001 0.000 0.004 0.004 0.017 0.061 0.888 
 150 A _   0.036 0.000 0.000 0.003 0.004 0.019 0.060 0.878 
 151 F _   0.050 0.000 0.001 0.002 0.005 0.022 0.058 0.861 
 152 C _   0.073 0.000 0.001 0.003 0.007 0.028 0.057 0.832 
 153 D _   0.102 0.001 0.001 0.003 0.012 0.036 0.056 0.790 
 154 H _   0.138 0.002 0.001 0.005 0.020 0.045 0.054 0.736 
 155 C _   0.176 0.005 0.002 0.007 0.031 0.055 0.052 0.672 
 156 G _   0.210 0.012 0.002 0.012 0.044 0.063 0.051 0.606 
 157 E _   0.235 0.024 0.003 0.018 0.055 0.068 0.050 0.547 
 158 M _   0.253 0.037 0.003 0.026 0.063 0.070 0.050 0.499 
 159 L _   0.258 0.047 0.003 0.033 0.066 0.069 0.050 0.474 
 160 F _   0.254 0.054 0.003 0.039 0.065 0.066 0.051 0.468 
 161 G _   0.241 0.057 0.003 0.042 0.061 0.061 0.053 0.482 
 162 L _   0.220 0.056 0.003 0.042 0.054 0.055 0.055 0.515 
 163 V _   0.192 0.052 0.003 0.038 0.044 0.048 0.058 0.565 
 164 R _   0.159 0.044 0.002 0.032 0.033 0.041 0.061 0.628 
 165 Q _   0.124 0.034 0.002 0.024 0.023 0.033 0.065 0.695 
 166 G _   0.093 0.024 0.001 0.017 0.014 0.026 0.068 0.757 
 167 L _   0.065 0.015 0.001 0.011 0.009 0.020 0.070 0.808 
 168 K _   0.044 0.010 0.001 0.008 0.005 0.016 0.072 0.844 
 169 C _   0.029 0.007 0.000 0.006 0.003 0.012 0.073 0.869 
 170 D _   0.019 0.006 0.000 0.004 0.003 0.010 0.074 0.884 
 171 G _   0.014 0.006 0.000 0.004 0.002 0.009 0.074 0.892 
 172 C _   0.010 0.006 0.000 0.004 0.002 0.008 0.073 0.896 
 173 G _   0.009 0.008 0.000 0.005 0.002 0.008 0.072 0.896 
 174 L _   0.008 0.011 0.000 0.007 0.003 0.009 0.071 0.892 
 175 N _   0.008 0.016 0.000 0.009 0.003 0.009 0.070 0.885 
 176 Y _   0.008 0.023 0.001 0.012 0.004 0.010 0.068 0.874 
 177 H _   0.008 0.033 0.001 0.016 0.005 0.011 0.066 0.861 
 178 K _   0.008 0.043 0.001 0.020 0.006 0.012 0.064 0.847 
 179 R _   0.008 0.052 0.001 0.023 0.007 0.012 0.062 0.836 
 180 C _   0.008 0.060 0.001 0.025 0.007 0.012 0.061 0.828 
 181 A _   0.007 0.065 0.001 0.025 0.007 0.012 0.060 0.824 
 182 F _   0.007 0.068 0.001 0.024 0.006 0.011 0.059 0.824 
 183 S _   0.007 0.070 0.001 0.021 0.006 0.010 0.058 0.827 
 184 I _   0.006 0.070 0.001 0.018 0.005 0.010 0.058 0.832 
 185 P _   0.006 0.070 0.001 0.015 0.004 0.009 0.058 0.837 
 186 N _   0.006 0.070 0.000 0.013 0.004 0.009 0.057 0.841 
 187 N _   0.006 0.069 0.000 0.011 0.003 0.008 0.057 0.844 
 188 C _   0.006 0.070 0.000 0.011 0.003 0.009 0.057 0.845 
 189 S _   0.006 0.071 0.000 0.010 0.003 0.009 0.056 0.844 
 190 G _   0.006 0.074 0.000 0.011 0.003 0.009 0.056 0.841 
 191 A _   0.006 0.078 0.000 0.011 0.004 0.010 0.055 0.836 
 192 R _   0.006 0.082 0.001 0.012 0.004 0.010 0.054 0.830 
 193 K _   0.007 0.088 0.001 0.013 0.004 0.010 0.053 0.824 
 194 R _   0.007 0.094 0.001 0.014 0.005 0.011 0.052 0.818 
 195 R _   0.007 0.099 0.001 0.015 0.005 0.011 0.051 0.812 
 196 L _   0.007 0.105 0.001 0.015 0.005 0.011 0.050 0.806 
 197 S _   0.007 0.110 0.001 0.016 0.005 0.012 0.049 0.801 
 198 S _   0.007 0.115 0.001 0.016 0.006 0.012 0.049 0.795 
 199 T _   0.007 0.120 0.001 0.017 0.006 0.012 0.048 0.790 
 200 S _   0.007 0.124 0.001 0.017 0.006 0.013 0.047 0.784 
 201 L _   0.008 0.128 0.001 0.018 0.006 0.013 0.047 0.779 
 202 A _   0.008 0.132 0.001 0.019 0.007 0.013 0.047 0.774 
 203 S _   0.008 0.135 0.001 0.020 0.007 0.013 0.047 0.769 
 204 G _   0.009 0.136 0.001 0.021 0.007 0.013 0.047 0.766 
 205 H _   0.009 0.137 0.001 0.021 0.007 0.013 0.047 0.765 
 206 S _   0.009 0.136 0.001 0.021 0.007 0.013 0.047 0.766 
 207 V _   0.009 0.133 0.001 0.020 0.007 0.013 0.048 0.769 
 208 R _   0.009 0.129 0.001 0.019 0.006 0.013 0.049 0.774 
 209 L _   0.009 0.123 0.001 0.017 0.006 0.012 0.050 0.782 
 210 G _   0.009 0.117 0.001 0.015 0.005 0.012 0.050 0.791 
 211 T _   0.009 0.111 0.001 0.013 0.005 0.012 0.051 0.798 
 212 S _   0.009 0.106 0.001 0.012 0.005 0.011 0.052 0.804 
 213 E _   0.009 0.102 0.001 0.011 0.005 0.012 0.053 0.808 
 214 S _   0.009 0.100 0.001 0.011 0.005 0.012 0.054 0.810 
 215 L _   0.009 0.098 0.001 0.012 0.005 0.012 0.055 0.809 
 216 P _   0.009 0.097 0.001 0.012 0.005 0.012 0.056 0.808 
 217 C _   0.010 0.097 0.001 0.013 0.005 0.013 0.057 0.806 
 218 T _   0.010 0.097 0.001 0.014 0.005 0.013 0.058 0.803 
 219 A _   0.010 0.097 0.001 0.015 0.006 0.013 0.058 0.801 
 220 E _   0.010 0.096 0.001 0.016 0.006 0.013 0.059 0.800 
 221 E _   0.010 0.096 0.001 0.016 0.006 0.013 0.060 0.799 
 222 L _   0.010 0.094 0.001 0.016 0.006 0.013 0.061 0.799 
 223 S _   0.010 0.093 0.001 0.017 0.006 0.013 0.062 0.799 
 224 R _   0.010 0.092 0.001 0.018 0.006 0.013 0.063 0.798 
 225 S _   0.010 0.090 0.001 0.019 0.006 0.013 0.065 0.797 
 226 T _   0.010 0.088 0.001 0.021 0.006 0.013 0.066 0.795 
 227 T _   0.010 0.086 0.001 0.023 0.007 0.013 0.067 0.794 
 228 E _   0.010 0.082 0.001 0.024 0.006 0.013 0.069 0.796 
 229 L _   0.009 0.076 0.001 0.023 0.006 0.012 0.071 0.801 
 230 L _   0.009 0.069 0.001 0.022 0.006 0.011 0.073 0.810 
 231 P _   0.008 0.060 0.001 0.019 0.005 0.010 0.075 0.823 
 232 R _   0.008 0.049 0.001 0.015 0.004 0.008 0.077 0.838 
 233 R _   0.007 0.039 0.000 0.011 0.003 0.007 0.079 0.854 
 234 P _   0.006 0.030 0.000 0.008 0.002 0.006 0.080 0.867 
 235 P _   0.005 0.025 0.000 0.006 0.002 0.005 0.081 0.876 
 236 S _   0.004 0.022 0.000 0.004 0.001 0.005 0.081 0.882 
 237 S _   0.004 0.020 0.000 0.004 0.001 0.005 0.081 0.884 
 238 S _   0.004 0.021 0.000 0.005 0.002 0.006 0.080 0.883 
 239 S _   0.004 0.022 0.000 0.006 0.002 0.007 0.079 0.879 
 240 S _   0.005 0.027 0.000 0.008 0.003 0.008 0.078 0.872 
 241 S _   0.005 0.033 0.000 0.012 0.003 0.009 0.076 0.861 
 242 S _   0.006 0.042 0.001 0.016 0.004 0.011 0.073 0.848 
 243 A _   0.006 0.051 0.001 0.020 0.005 0.012 0.071 0.834 
 244 S _   0.006 0.059 0.001 0.024 0.006 0.013 0.069 0.823 
 245 S _   0.006 0.065 0.001 0.026 0.007 0.014 0.067 0.815 
 246 Y _   0.006 0.069 0.001 0.027 0.007 0.014 0.066 0.810 
 247 T _   0.006 0.072 0.001 0.027 0.007 0.014 0.064 0.809 
 248 G _   0.006 0.073 0.001 0.026 0.007 0.015 0.064 0.808 
 249 R _   0.007 0.072 0.001 0.025 0.007 0.015 0.063 0.810 
 250 P _   0.007 0.071 0.001 0.023 0.007 0.015 0.063 0.812 
 251 I _   0.008 0.069 0.001 0.022 0.007 0.016 0.063 0.815 
 252 E _   0.008 0.066 0.001 0.021 0.007 0.016 0.064 0.817 
 253 L _   0.009 0.062 0.001 0.019 0.007 0.017 0.064 0.820 
 254 D _   0.010 0.058 0.001 0.018 0.007 0.017 0.065 0.824 
 255 K _   0.011 0.054 0.001 0.017 0.007 0.018 0.066 0.827 
 256 M _   0.012 0.049 0.001 0.015 0.007 0.018 0.067 0.831 
 257 L _   0.013 0.044 0.001 0.014 0.007 0.019 0.068 0.834 
 258 L _   0.014 0.040 0.001 0.012 0.007 0.020 0.069 0.837 
 259 S _   0.016 0.036 0.001 0.011 0.007 0.021 0.070 0.838 
 260 K _   0.017 0.033 0.001 0.010 0.008 0.022 0.071 0.838 
 261 V _   0.019 0.031 0.001 0.010 0.008 0.023 0.072 0.836 
 262 K _   0.022 0.030 0.001 0.010 0.009 0.025 0.073 0.831 
 263 V _   0.024 0.030 0.001 0.011 0.010 0.027 0.074 0.823 
 264 P _   0.027 0.030 0.001 0.013 0.012 0.029 0.075 0.814 
 265 H _   0.030 0.031 0.001 0.014 0.013 0.030 0.077 0.804 
 266 T _   0.032 0.032 0.001 0.015 0.014 0.031 0.078 0.796 
 267 F _   0.034 0.032 0.001 0.016 0.015 0.032 0.080 0.790 
 268 L _   0.034 0.032 0.001 0.017 0.015 0.032 0.082 0.787 
 269 I _   0.034 0.032 0.001 0.016 0.015 0.031 0.084 0.787 
 270 H _   0.033 0.031 0.001 0.015 0.014 0.031 0.086 0.789 
 271 S _   0.032 0.031 0.001 0.013 0.013 0.030 0.089 0.792 
 272 Y _   0.031 0.030 0.001 0.012 0.012 0.029 0.091 0.794 
 273 T _   0.031 0.030 0.001 0.011 0.011 0.029 0.094 0.794 
 274 R _   0.030 0.030 0.001 0.011 0.011 0.028 0.096 0.793 
 275 P _   0.029 0.032 0.001 0.011 0.010 0.028 0.099 0.790 
 276 T _   0.029 0.034 0.001 0.011 0.010 0.028 0.102 0.785 
 277 V _   0.028 0.037 0.001 0.012 0.011 0.028 0.105 0.779 
 278 C _   0.027 0.041 0.001 0.013 0.011 0.028 0.107 0.771 
 279 Q _   0.026 0.046 0.001 0.015 0.012 0.028 0.110 0.762 
 280 A _   0.025 0.051 0.001 0.016 0.012 0.027 0.113 0.754 
 281 C _   0.025 0.056 0.001 0.018 0.012 0.027 0.116 0.745 
 282 K _   0.023 0.061 0.001 0.020 0.012 0.027 0.120 0.737 
 283 K _   0.022 0.065 0.001 0.022 0.013 0.026 0.123 0.728 
 284 L _   0.021 0.070 0.001 0.024 0.013 0.025 0.127 0.719 
 285 L _   0.020 0.073 0.001 0.027 0.013 0.025 0.131 0.710 
 286 K _   0.020 0.076 0.001 0.029 0.013 0.023 0.136 0.701 
 287 G _   0.019 0.077 0.001 0.032 0.013 0.022 0.141 0.695 
 288 L _   0.018 0.076 0.001 0.033 0.012 0.021 0.148 0.692 
 289 F _   0.017 0.073 0.001 0.032 0.011 0.019 0.155 0.692 
 290 R _   0.015 0.068 0.001 0.030 0.010 0.017 0.163 0.695 
 291 Q _   0.014 0.060 0.001 0.027 0.008 0.015 0.172 0.703 
 292 G _   0.012 0.050 0.001 0.022 0.007 0.013 0.182 0.714 
 293 L _   0.011 0.038 0.001 0.017 0.005 0.011 0.191 0.727 
 294 Q _   0.009 0.027 0.001 0.012 0.004 0.009 0.200 0.739 
 295 C _   0.008 0.018 0.000 0.009 0.003 0.007 0.207 0.748 
 296 K _   0.007 0.012 0.000 0.006 0.002 0.006 0.214 0.753 
 297 D _   0.006 0.009 0.000 0.005 0.002 0.005 0.219 0.755 
 298 C _   0.005 0.007 0.000 0.004 0.002 0.005 0.223 0.755 
 299 K _   0.005 0.006 0.000 0.004 0.001 0.005 0.226 0.753 
 300 F _   0.004 0.006 0.000 0.004 0.002 0.005 0.228 0.750 
 301 N _   0.005 0.007 0.000 0.006 0.002 0.006 0.230 0.745 
 302 C _   0.005 0.008 0.000 0.007 0.002 0.007 0.232 0.738 
 303 H _   0.005 0.010 0.000 0.009 0.003 0.008 0.233 0.731 
 304 K _   0.005 0.013 0.000 0.012 0.004 0.008 0.234 0.724 
 305 R _   0.005 0.015 0.000 0.013 0.004 0.009 0.235 0.718 
 306 C _   0.005 0.018 0.001 0.014 0.004 0.009 0.237 0.713 
 307 A _   0.005 0.020 0.001 0.014 0.004 0.009 0.239 0.709 
 308 T _   0.005 0.021 0.001 0.014 0.004 0.009 0.240 0.706 
 309 R _   0.005 0.023 0.000 0.013 0.004 0.010 0.242 0.703 
 310 V _   0.005 0.024 0.000 0.012 0.004 0.010 0.245 0.699 
 311 P _   0.006 0.026 0.001 0.013 0.004 0.010 0.247 0.693 
 312 N _   0.006 0.028 0.001 0.014 0.005 0.011 0.250 0.685 
 313 D _   0.007 0.031 0.001 0.015 0.006 0.012 0.253 0.676 
 314 C _   0.008 0.033 0.001 0.018 0.006 0.013 0.256 0.665 
 315 L _   0.008 0.036 0.001 0.020 0.007 0.013 0.260 0.653 
 316 G _   0.009 0.039 0.001 0.023 0.008 0.014 0.265 0.643 
 317 E _   0.009 0.040 0.001 0.024 0.008 0.014 0.270 0.634 
 318 A _   0.009 0.041 0.001 0.025 0.008 0.013 0.276 0.628 
 319 L _   0.008 0.040 0.001 0.024 0.007 0.013 0.282 0.625 
 320 I _   0.008 0.038 0.001 0.022 0.006 0.012 0.289 0.624 
 321 N _   0.008 0.035 0.001 0.019 0.006 0.011 0.296 0.624 
 322 G _   0.007 0.032 0.001 0.017 0.005 0.010 0.304 0.624 
 323 D _   0.007 0.028 0.001 0.015 0.004 0.009 0.312 0.624 
 324 V _   0.007 0.025 0.001 0.013 0.004 0.009 0.320 0.622 
 325 P _   0.006 0.022 0.000 0.012 0.003 0.008 0.327 0.620 
 326 M _   0.006 0.019 0.000 0.011 0.003 0.008 0.335 0.617 
 327 E _   0.006 0.017 0.000 0.010 0.003 0.007 0.342 0.615 
 328 E _   0.005 0.014 0.000 0.009 0.003 0.007 0.349 0.612 
 329 A _   0.005 0.012 0.000 0.009 0.002 0.006 0.355 0.610 
 330 T _   0.004 0.011 0.000 0.008 0.002 0.006 0.361 0.608 
 331 D _   0.004 0.009 0.000 0.007 0.002 0.005 0.366 0.607 
 332 F _   0.004 0.008 0.000 0.006 0.002 0.005 0.370 0.605 
 333 S _   0.003 0.008 0.000 0.006 0.002 0.005 0.373 0.603 
 334 E _   0.003 0.007 0.000 0.006 0.002 0.004 0.376 0.601 
 335 A _   0.003 0.007 0.000 0.006 0.002 0.005 0.379 0.599 
 336 D _   0.003 0.007 0.000 0.006 0.002 0.005 0.381 0.596 
 337 K _   0.003 0.008 0.000 0.007 0.002 0.005 0.383 0.593 
 338 S _   0.003 0.008 0.000 0.008 0.002 0.005 0.385 0.589 
 339 A _   0.003 0.009 0.000 0.009 0.002 0.005 0.386 0.586 
 340 L _   0.003 0.010 0.000 0.009 0.002 0.005 0.387 0.583 
 341 M _   0.003 0.010 0.000 0.010 0.002 0.006 0.388 0.581 
 342 D _   0.003 0.011 0.000 0.010 0.002 0.006 0.389 0.578 
 343 E _   0.003 0.011 0.000 0.011 0.002 0.006 0.390 0.576 
 344 S _   0.003 0.012 0.000 0.011 0.002 0.006 0.392 0.574 
 345 E _   0.003 0.012 0.000 0.011 0.002 0.006 0.393 0.571 
 346 D _   0.003 0.013 0.000 0.011 0.002 0.006 0.395 0.569 
 347 S _   0.004 0.013 0.000 0.012 0.003 0.007 0.396 0.565 
 348 G _   0.004 0.014 0.000 0.013 0.003 0.007 0.398 0.561 
 349 V _   0.004 0.015 0.000 0.014 0.003 0.007 0.400 0.557 
 350 I _   0.004 0.015 0.000 0.015 0.003 0.007 0.402 0.553 
 351 P _   0.004 0.015 0.000 0.015 0.003 0.007 0.405 0.550 
 352 G _   0.004 0.015 0.000 0.015 0.003 0.007 0.408 0.548 
 353 S _   0.004 0.014 0.000 0.014 0.003 0.007 0.411 0.547 
 354 H _   0.004 0.013 0.000 0.013 0.003 0.006 0.414 0.547 
 355 S _   0.004 0.011 0.000 0.011 0.002 0.006 0.417 0.547 
 356 E _   0.004 0.010 0.000 0.010 0.002 0.006 0.420 0.548 
 357 N _   0.004 0.009 0.000 0.008 0.002 0.005 0.423 0.549 
 358 A _   0.004 0.007 0.000 0.007 0.002 0.005 0.425 0.550 
 359 L _   0.004 0.006 0.000 0.007 0.001 0.005 0.427 0.550 
 360 H _   0.003 0.006 0.000 0.006 0.001 0.004 0.427 0.551 
 361 A _   0.003 0.005 0.000 0.006 0.001 0.004 0.428 0.552 
 362 S _   0.003 0.005 0.000 0.006 0.001 0.004 0.427 0.554 
 363 E _   0.003 0.005 0.000 0.005 0.001 0.004 0.425 0.556 
 364 E _   0.003 0.005 0.000 0.005 0.001 0.004 0.423 0.559 
 365 E _   0.003 0.005 0.000 0.005 0.001 0.004 0.420 0.562 
 366 E _   0.003 0.005 0.000 0.005 0.001 0.005 0.415 0.566 
 367 G _   0.003 0.006 0.000 0.005 0.001 0.005 0.410 0.571 
 368 E _   0.003 0.007 0.000 0.005 0.001 0.006 0.402 0.576 
 369 G _   0.003 0.009 0.000 0.005 0.002 0.007 0.394 0.580 
 370 G _   0.003 0.013 0.000 0.006 0.002 0.009 0.384 0.582 
 371 K _   0.004 0.019 0.000 0.008 0.003 0.012 0.372 0.582 
 372 A _   0.006 0.029 0.001 0.011 0.004 0.017 0.357 0.576 
 373 Q _   0.008 0.045 0.001 0.015 0.007 0.023 0.340 0.562 
 374 S _   0.012 0.070 0.001 0.019 0.011 0.030 0.320 0.537 
 375 S _   0.016 0.106 0.002 0.025 0.017 0.037 0.298 0.500 
 376 L _   0.020 0.152 0.002 0.032 0.024 0.044 0.275 0.451 
 377 G _   0.025 0.203 0.003 0.038 0.031 0.050 0.252 0.398 
 378 Y _   0.029 0.251 0.003 0.043 0.037 0.053 0.233 0.350 
 379 I _   0.033 0.291 0.003 0.047 0.041 0.055 0.218 0.312 
 380 P E   0.037 0.319 0.002 0.051 0.044 0.055 0.206 0.285 
 381 L E   0.039 0.337 0.002 0.054 0.045 0.054 0.197 0.271 
 382 M E   0.042 0.346 0.002 0.055 0.045 0.053 0.191 0.267 
 383 R E   0.043 0.347 0.002 0.055 0.043 0.050 0.187 0.273 
 384 V E   0.044 0.343 0.002 0.053 0.040 0.047 0.184 0.287 
 385 V E   0.043 0.330 0.002 0.050 0.036 0.043 0.183 0.313 
 386 Q _   0.041 0.305 0.002 0.046 0.031 0.038 0.183 0.353 
 387 S _   0.039 0.266 0.002 0.040 0.026 0.034 0.184 0.409 
 388 V _   0.035 0.213 0.002 0.033 0.021 0.030 0.186 0.480 
 389 R _   0.031 0.154 0.002 0.025 0.016 0.026 0.188 0.558 
 390 H _   0.026 0.099 0.001 0.018 0.011 0.022 0.189 0.632 
 391 T _   0.022 0.059 0.001 0.011 0.007 0.019 0.190 0.691 
 392 T _   0.017 0.037 0.001 0.007 0.005 0.016 0.190 0.728 
 393 R _   0.014 0.027 0.000 0.004 0.003 0.014 0.189 0.748 
 394 K _   0.012 0.023 0.000 0.004 0.003 0.014 0.187 0.758 
 395 S _   0.011 0.023 0.000 0.004 0.003 0.014 0.184 0.760 
 396 S _   0.012 0.025 0.000 0.005 0.004 0.016 0.181 0.756 
 397 T _   0.013 0.032 0.001 0.009 0.006 0.018 0.177 0.743 
 398 T _   0.015 0.046 0.001 0.016 0.009 0.021 0.172 0.719 
 399 L _   0.016 0.067 0.001 0.026 0.013 0.023 0.167 0.687 
 400 R _   0.017 0.088 0.001 0.037 0.015 0.024 0.162 0.656 
 401 E _   0.017 0.104 0.001 0.046 0.017 0.025 0.158 0.633 
 402 G _   0.017 0.113 0.001 0.051 0.017 0.024 0.155 0.622 
 403 W _   0.016 0.116 0.001 0.052 0.016 0.023 0.154 0.623 
 404 V _   0.015 0.114 0.001 0.048 0.015 0.021 0.153 0.633 
 405 V _   0.014 0.109 0.001 0.041 0.012 0.018 0.153 0.651 
 406 H _   0.013 0.098 0.001 0.033 0.010 0.016 0.154 0.676 
 407 Y _   0.012 0.083 0.001 0.024 0.008 0.014 0.154 0.705 
 408 S _   0.010 0.067 0.001 0.016 0.005 0.012 0.155 0.733 
 409 N _   0.009 0.054 0.001 0.011 0.004 0.011 0.156 0.755 
 410 K _   0.008 0.045 0.000 0.008 0.003 0.010 0.156 0.770 
 411 D _   0.007 0.040 0.000 0.006 0.002 0.009 0.156 0.779 
 412 T _   0.007 0.038 0.000 0.005 0.002 0.009 0.155 0.783 
 413 L _   0.007 0.038 0.000 0.005 0.002 0.009 0.154 0.784 
 414 R _   0.007 0.040 0.000 0.006 0.003 0.010 0.152 0.782 
 415 K _   0.007 0.043 0.000 0.008 0.003 0.011 0.150 0.777 
 416 R _   0.008 0.050 0.000 0.009 0.004 0.013 0.146 0.769 
 417 H _   0.008 0.059 0.001 0.012 0.005 0.014 0.143 0.758 
 418 Y _   0.009 0.071 0.001 0.015 0.007 0.016 0.139 0.742 
 419 W _   0.010 0.087 0.001 0.019 0.008 0.018 0.134 0.722 
 420 R _   0.011 0.106 0.001 0.024 0.011 0.020 0.130 0.698 
 421 L _   0.012 0.126 0.001 0.030 0.013 0.022 0.126 0.671 
 422 D _   0.012 0.145 0.001 0.037 0.015 0.023 0.122 0.645 
 423 C _   0.013 0.160 0.001 0.044 0.016 0.023 0.119 0.624 
 424 K _   0.013 0.169 0.001 0.050 0.017 0.023 0.117 0.610 
 425 C _   0.013 0.174 0.001 0.053 0.017 0.022 0.116 0.604 
 426 I _   0.014 0.174 0.001 0.053 0.016 0.021 0.115 0.606 
 427 T _   0.014 0.169 0.001 0.050 0.014 0.020 0.116 0.618 
 428 L _   0.013 0.157 0.001 0.044 0.012 0.018 0.117 0.639 
 429 F _   0.012 0.137 0.001 0.035 0.010 0.016 0.118 0.671 
 430 Q _   0.011 0.110 0.001 0.026 0.008 0.014 0.120 0.710 
 431 N _   0.011 0.081 0.001 0.018 0.006 0.012 0.122 0.750 
 432 N _   0.009 0.056 0.001 0.012 0.004 0.010 0.124 0.784 
 433 T _   0.008 0.040 0.000 0.007 0.003 0.009 0.124 0.808 
 434 T _   0.007 0.031 0.000 0.005 0.002 0.008 0.125 0.822 
 435 N _   0.007 0.027 0.000 0.004 0.002 0.008 0.124 0.829 
 436 R _   0.007 0.026 0.000 0.004 0.002 0.009 0.123 0.830 
 437 Y _   0.007 0.028 0.000 0.004 0.002 0.010 0.121 0.827 
 438 Y _   0.008 0.032 0.000 0.006 0.003 0.012 0.119 0.819 
 439 K _   0.010 0.044 0.001 0.009 0.005 0.015 0.115 0.801 
 440 E _   0.012 0.066 0.001 0.014 0.008 0.019 0.111 0.770 
 441 I _   0.013 0.100 0.001 0.021 0.011 0.022 0.105 0.727 
 442 P _   0.014 0.143 0.001 0.028 0.014 0.024 0.099 0.675 
 443 L _   0.014 0.185 0.002 0.035 0.016 0.026 0.094 0.628 
 444 S _   0.014 0.220 0.002 0.042 0.018 0.026 0.090 0.589 
 445 E _   0.013 0.244 0.001 0.047 0.018 0.027 0.087 0.563 
 446 I _   0.013 0.258 0.001 0.050 0.018 0.026 0.084 0.548 
 447 L _   0.013 0.266 0.001 0.051 0.018 0.026 0.083 0.543 
 448 T _   0.013 0.267 0.001 0.049 0.017 0.024 0.082 0.546 
 449 V _   0.013 0.263 0.001 0.046 0.016 0.023 0.082 0.555 
 450 E _   0.013 0.255 0.001 0.043 0.015 0.022 0.082 0.570 
 451 S _   0.013 0.240 0.001 0.038 0.014 0.020 0.083 0.591 
 452 A _   0.013 0.219 0.001 0.034 0.012 0.019 0.084 0.617 
 453 Q _   0.013 0.192 0.001 0.030 0.011 0.018 0.086 0.649 
 454 N _   0.012 0.162 0.001 0.026 0.010 0.017 0.089 0.683 
 455 F _   0.012 0.130 0.001 0.022 0.008 0.015 0.091 0.719 
 456 S _   0.012 0.100 0.001 0.018 0.007 0.014 0.094 0.755 
 457 L _   0.011 0.072 0.001 0.014 0.005 0.013 0.096 0.788 
 458 V _   0.010 0.051 0.001 0.010 0.004 0.012 0.098 0.814 
 459 P _   0.009 0.037 0.000 0.007 0.003 0.011 0.099 0.833 
 460 P _   0.008 0.029 0.000 0.005 0.003 0.011 0.099 0.844 
 461 G _   0.008 0.026 0.000 0.004 0.002 0.012 0.099 0.849 
 462 T _   0.009 0.025 0.000 0.004 0.003 0.014 0.098 0.847 
 463 N _   0.012 0.026 0.000 0.005 0.004 0.017 0.097 0.839 
 464 P _   0.015 0.032 0.001 0.007 0.006 0.023 0.095 0.821 
 465 H _   0.021 0.048 0.001 0.011 0.011 0.029 0.093 0.787 
 466 C _   0.026 0.082 0.002 0.018 0.017 0.035 0.089 0.731 
 467 F _   0.030 0.137 0.002 0.026 0.024 0.040 0.085 0.655 
 468 E _   0.032 0.207 0.003 0.034 0.030 0.043 0.080 0.569 
 469 I _   0.033 0.274 0.003 0.041 0.033 0.044 0.077 0.496 
 470 V _   0.033 0.328 0.002 0.045 0.034 0.043 0.074 0.440 
 471 T _   0.032 0.366 0.002 0.047 0.034 0.042 0.073 0.403 
 472 A E   0.031 0.391 0.002 0.049 0.033 0.040 0.072 0.381 
 473 N E   0.031 0.405 0.002 0.050 0.032 0.038 0.072 0.369 
 474 A E   0.030 0.413 0.002 0.051 0.030 0.036 0.073 0.365 
 475 T E   0.028 0.413 0.002 0.051 0.028 0.033 0.075 0.369 
 476 Y E   0.027 0.408 0.002 0.051 0.025 0.030 0.077 0.381 
 477 F _   0.025 0.395 0.002 0.049 0.022 0.027 0.081 0.400 
 478 V _   0.023 0.374 0.002 0.046 0.019 0.024 0.085 0.427 
 479 G _   0.021 0.343 0.002 0.042 0.016 0.022 0.091 0.464 
 480 E _   0.019 0.299 0.002 0.037 0.013 0.019 0.097 0.513 
 481 M _   0.017 0.244 0.001 0.031 0.011 0.017 0.105 0.574 
 482 P _   0.015 0.185 0.001 0.025 0.008 0.014 0.112 0.639 
 483 G _   0.013 0.133 0.001 0.018 0.006 0.012 0.119 0.698 
 484 G _   0.011 0.094 0.001 0.012 0.004 0.010 0.124 0.744 
 485 T _   0.009 0.069 0.000 0.008 0.003 0.008 0.128 0.775 
 486 P _   0.007 0.056 0.000 0.005 0.002 0.007 0.130 0.794 
 487 G _   0.005 0.049 0.000 0.004 0.001 0.006 0.130 0.803 
 488 G _   0.004 0.047 0.000 0.004 0.001 0.006 0.130 0.807 
 489 P _   0.004 0.048 0.000 0.004 0.001 0.007 0.129 0.807 
 490 S _   0.004 0.051 0.000 0.005 0.002 0.008 0.127 0.802 
 491 G _   0.005 0.060 0.000 0.008 0.003 0.010 0.124 0.790 
 492 Q _   0.005 0.077 0.001 0.011 0.004 0.013 0.120 0.770 
 493 G _   0.006 0.104 0.001 0.016 0.006 0.016 0.114 0.738 
 494 A _   0.007 0.142 0.001 0.021 0.007 0.019 0.107 0.696 
 495 E _   0.008 0.187 0.001 0.026 0.009 0.022 0.100 0.648 
 496 A _   0.008 0.231 0.001 0.029 0.011 0.025 0.093 0.602 
 497 A _   0.009 0.270 0.001 0.031 0.013 0.027 0.087 0.562 
 498 R _   0.011 0.303 0.001 0.031 0.015 0.030 0.082 0.527 
 499 G _   0.013 0.329 0.001 0.031 0.017 0.033 0.077 0.498 
 500 W _   0.015 0.351 0.001 0.031 0.019 0.036 0.074 0.472 
 501 E _   0.019 0.369 0.001 0.030 0.022 0.039 0.071 0.450 
 502 T _   0.023 0.383 0.002 0.030 0.025 0.041 0.068 0.429 
 503 A _   0.027 0.396 0.002 0.030 0.027 0.042 0.067 0.409 
 504 I E   0.032 0.407 0.002 0.031 0.029 0.043 0.065 0.392 
 505 R E   0.036 0.415 0.002 0.032 0.030 0.043 0.064 0.379 
 506 Q E   0.039 0.420 0.002 0.034 0.030 0.041 0.064 0.370 
 507 A E   0.041 0.422 0.002 0.037 0.029 0.039 0.064 0.366 
 508 L E   0.041 0.419 0.002 0.039 0.027 0.037 0.065 0.370 
 509 M E   0.041 0.410 0.002 0.040 0.025 0.034 0.067 0.382 
 510 P _   0.039 0.392 0.002 0.040 0.022 0.030 0.069 0.405 
 511 V _   0.037 0.363 0.002 0.039 0.020 0.027 0.072 0.440 
 512 I _   0.034 0.319 0.002 0.036 0.017 0.024 0.076 0.491 
 513 L _   0.031 0.261 0.002 0.031 0.015 0.022 0.081 0.557 
 514 Q _   0.028 0.192 0.002 0.026 0.012 0.019 0.086 0.636 
 515 D _   0.024 0.125 0.001 0.019 0.009 0.016 0.091 0.714 
 516 A _   0.020 0.074 0.001 0.013 0.006 0.013 0.095 0.778 
 517 P _   0.015 0.042 0.001 0.008 0.004 0.011 0.098 0.821 
 518 S _   0.011 0.026 0.000 0.005 0.002 0.008 0.099 0.847 
 519 A _   0.008 0.018 0.000 0.004 0.002 0.007 0.100 0.861 
 520 P _   0.007 0.015 0.000 0.003 0.001 0.007 0.099 0.868 
 521 G _   0.006 0.014 0.000 0.003 0.001 0.007 0.098 0.870 
 522 H _   0.006 0.016 0.000 0.004 0.002 0.008 0.096 0.868 
 523 A _   0.007 0.019 0.000 0.006 0.003 0.010 0.094 0.862 
 524 P _   0.007 0.028 0.000 0.010 0.004 0.012 0.090 0.848 
 525 H _   0.008 0.042 0.001 0.016 0.006 0.014 0.086 0.827 
 526 R _   0.009 0.060 0.001 0.024 0.008 0.016 0.081 0.801 
 527 Q _   0.009 0.079 0.001 0.032 0.010 0.018 0.077 0.775 
 528 A _   0.009 0.093 0.001 0.039 0.011 0.019 0.072 0.756 
 529 S _   0.008 0.103 0.001 0.044 0.012 0.019 0.069 0.744 
 530 L _   0.008 0.107 0.001 0.046 0.012 0.019 0.066 0.740 
 531 S _   0.008 0.108 0.001 0.045 0.012 0.018 0.064 0.744 
 532 I _   0.008 0.106 0.001 0.041 0.011 0.017 0.063 0.755 
 533 S _   0.008 0.099 0.001 0.035 0.010 0.016 0.061 0.770 
 534 V _   0.008 0.090 0.001 0.028 0.008 0.015 0.061 0.788 
 535 S _   0.008 0.079 0.001 0.022 0.007 0.014 0.060 0.809 
 536 N _   0.008 0.067 0.001 0.017 0.006 0.014 0.060 0.828 
 537 S _   0.009 0.056 0.001 0.013 0.005 0.014 0.059 0.844 
 538 Q _   0.009 0.048 0.001 0.010 0.005 0.014 0.058 0.855 
 539 I _   0.010 0.043 0.001 0.008 0.004 0.014 0.058 0.861 
 540 Q _   0.011 0.040 0.001 0.008 0.005 0.016 0.057 0.863 
 541 E _   0.012 0.040 0.001 0.009 0.005 0.017 0.056 0.860 
 542 N _   0.014 0.040 0.001 0.011 0.007 0.019 0.055 0.854 
 543 V _   0.016 0.042 0.001 0.013 0.008 0.021 0.053 0.845 
 544 D _   0.018 0.045 0.001 0.017 0.010 0.023 0.052 0.835 
 545 I _   0.020 0.048 0.001 0.020 0.012 0.024 0.051 0.824 
 546 A _   0.021 0.050 0.001 0.023 0.013 0.025 0.050 0.817 
 547 T _   0.022 0.051 0.001 0.025 0.013 0.025 0.049 0.813 
 548 V _   0.021 0.050 0.001 0.025 0.013 0.025 0.049 0.815 
 549 Y _   0.021 0.048 0.001 0.023 0.012 0.024 0.048 0.822 
 550 Q _   0.020 0.045 0.001 0.020 0.011 0.023 0.048 0.833 
 551 I _   0.019 0.040 0.001 0.016 0.009 0.022 0.048 0.845 
 552 F _   0.018 0.036 0.001 0.012 0.008 0.021 0.048 0.857 
 553 P _   0.018 0.032 0.001 0.009 0.007 0.021 0.047 0.865 
 554 D _   0.018 0.031 0.001 0.007 0.006 0.021 0.047 0.869 
 555 E _   0.019 0.031 0.001 0.007 0.006 0.022 0.046 0.869 
 556 V _   0.020 0.033 0.001 0.008 0.007 0.023 0.046 0.862 
 557 L _   0.022 0.038 0.001 0.010 0.010 0.026 0.045 0.848 
 558 G _   0.024 0.048 0.001 0.016 0.013 0.028 0.044 0.827 
 559 S _   0.025 0.061 0.001 0.023 0.016 0.029 0.043 0.801 
 560 G _   0.026 0.076 0.002 0.031 0.019 0.030 0.042 0.774 
 561 Q _   0.026 0.088 0.002 0.040 0.020 0.030 0.041 0.753 
 562 F _   0.025 0.096 0.002 0.046 0.021 0.029 0.041 0.740 
 563 G _   0.024 0.099 0.002 0.048 0.020 0.028 0.041 0.738 
 564 V _   0.022 0.099 0.001 0.047 0.018 0.026 0.042 0.746 
 565 V _   0.020 0.094 0.001 0.042 0.016 0.023 0.042 0.762 
 566 Y _   0.017 0.084 0.001 0.035 0.013 0.020 0.043 0.786 
 567 G _   0.015 0.071 0.001 0.026 0.010 0.017 0.044 0.816 
 568 G _   0.013 0.055 0.001 0.018 0.007 0.014 0.046 0.846 
 569 K _   0.012 0.041 0.001 0.012 0.005 0.012 0.047 0.871 
 570 H _   0.010 0.031 0.000 0.008 0.003 0.011 0.047 0.890 
 571 R _   0.009 0.026 0.000 0.005 0.003 0.010 0.048 0.900 
 572 K _   0.008 0.024 0.000 0.004 0.002 0.010 0.048 0.904 
 573 T _   0.008 0.024 0.000 0.005 0.003 0.010 0.047 0.903 
 574 G _   0.009 0.027 0.000 0.006 0.003 0.012 0.047 0.896 
 575 R _   0.010 0.033 0.001 0.009 0.005 0.014 0.046 0.883 
 576 D _   0.011 0.043 0.001 0.014 0.007 0.016 0.045 0.863 
 577 V _   0.013 0.057 0.001 0.020 0.009 0.018 0.044 0.838 
 578 A _   0.013 0.072 0.001 0.027 0.011 0.020 0.043 0.812 
 579 V _   0.014 0.084 0.001 0.034 0.013 0.021 0.042 0.791 
 580 K _   0.015 0.093 0.001 0.039 0.014 0.022 0.041 0.776 
 581 V _   0.015 0.097 0.001 0.042 0.014 0.022 0.041 0.768 
 582 I _   0.015 0.098 0.001 0.042 0.014 0.021 0.041 0.768 
 583 D _   0.015 0.095 0.001 0.040 0.013 0.020 0.042 0.775 
 584 K _   0.014 0.089 0.001 0.035 0.011 0.019 0.043 0.789 
 585 L _   0.014 0.078 0.001 0.029 0.010 0.017 0.044 0.808 
 586 R _   0.013 0.065 0.001 0.023 0.008 0.015 0.045 0.832 
 587 F _   0.012 0.049 0.001 0.017 0.006 0.014 0.046 0.856 
 588 P _   0.010 0.036 0.001 0.011 0.004 0.012 0.047 0.878 
 589 T _   0.009 0.026 0.000 0.008 0.003 0.011 0.048 0.895 
 590 K _   0.008 0.019 0.000 0.005 0.003 0.010 0.048 0.906 
 591 Q _   0.008 0.017 0.000 0.004 0.002 0.010 0.048 0.910 
 592 E _   0.009 0.016 0.000 0.004 0.003 0.011 0.047 0.910 
 593 S _   0.010 0.017 0.000 0.005 0.003 0.013 0.046 0.905 
 594 Q _   0.012 0.020 0.000 0.007 0.005 0.016 0.045 0.894 
 595 L _   0.014 0.027 0.001 0.012 0.007 0.020 0.044 0.876 
 596 R _   0.016 0.038 0.001 0.019 0.011 0.023 0.042 0.850 
 597 N _   0.019 0.052 0.001 0.028 0.014 0.026 0.040 0.819 
 598 E _   0.020 0.065 0.001 0.037 0.017 0.028 0.039 0.793 
 599 V _   0.021 0.073 0.001 0.043 0.019 0.029 0.037 0.775 
 600 A _   0.022 0.078 0.001 0.047 0.019 0.029 0.036 0.767 
 601 I _   0.022 0.078 0.001 0.046 0.019 0.029 0.036 0.769 
 602 L _   0.022 0.075 0.001 0.042 0.018 0.027 0.035 0.780 
 603 Q _   0.021 0.068 0.001 0.034 0.015 0.025 0.035 0.800 
 604 S _   0.020 0.057 0.001 0.026 0.013 0.023 0.035 0.825 
 605 L _   0.019 0.044 0.001 0.019 0.010 0.022 0.035 0.851 
 606 R _   0.017 0.033 0.001 0.013 0.008 0.020 0.035 0.872 
 607 H _   0.017 0.026 0.001 0.009 0.006 0.019 0.035 0.887 
 608 P _   0.016 0.022 0.001 0.008 0.006 0.019 0.035 0.895 
 609 G _   0.017 0.020 0.001 0.007 0.006 0.019 0.034 0.896 
 610 I _   0.018 0.020 0.001 0.008 0.006 0.020 0.034 0.894 
 611 V _   0.019 0.020 0.001 0.011 0.007 0.021 0.033 0.888 
 612 N _   0.020 0.022 0.001 0.013 0.009 0.022 0.033 0.881 
 613 L _   0.021 0.023 0.001 0.016 0.010 0.023 0.032 0.874 
 614 E _   0.021 0.024 0.001 0.018 0.011 0.023 0.031 0.870 
 615 C _   0.021 0.025 0.001 0.018 0.011 0.024 0.031 0.870 
 616 M _   0.021 0.024 0.001 0.018 0.011 0.023 0.030 0.872 
 617 F _   0.020 0.023 0.001 0.016 0.010 0.023 0.030 0.876 
 618 E _   0.020 0.022 0.001 0.014 0.010 0.023 0.029 0.881 
 619 T _   0.020 0.021 0.001 0.013 0.009 0.023 0.029 0.885 
 620 P _   0.020 0.020 0.001 0.012 0.009 0.023 0.029 0.887 
 621 E _   0.021 0.020 0.001 0.012 0.009 0.023 0.028 0.887 
 622 K _   0.021 0.020 0.001 0.012 0.009 0.023 0.028 0.886 
 623 V _   0.023 0.020 0.001 0.012 0.009 0.024 0.028 0.884 
 624 F _   0.024 0.021 0.001 0.012 0.009 0.024 0.028 0.881 
 625 V _   0.025 0.021 0.001 0.013 0.009 0.025 0.027 0.879 
 626 V _   0.026 0.022 0.001 0.012 0.010 0.026 0.027 0.877 
 627 M _   0.027 0.022 0.001 0.011 0.010 0.027 0.026 0.875 
 628 E _   0.029 0.023 0.001 0.011 0.010 0.028 0.026 0.873 
 629 K _   0.031 0.024 0.001 0.011 0.011 0.029 0.026 0.868 
 630 L _   0.033 0.026 0.001 0.012 0.012 0.031 0.025 0.861 
 631 H _   0.036 0.029 0.001 0.014 0.014 0.032 0.024 0.850 
 632 G _   0.038 0.034 0.001 0.018 0.017 0.033 0.024 0.836 
 633 D _   0.040 0.039 0.001 0.024 0.019 0.034 0.023 0.820 
 634 M _   0.042 0.044 0.001 0.030 0.020 0.033 0.023 0.806 
 635 L _   0.042 0.048 0.001 0.035 0.020 0.032 0.023 0.799 
 636 E _   0.040 0.048 0.001 0.037 0.019 0.030 0.023 0.801 
 637 M _   0.037 0.046 0.001 0.036 0.017 0.027 0.023 0.813 
 638 I _   0.034 0.041 0.001 0.031 0.014 0.023 0.024 0.832 
 639 L _   0.030 0.033 0.001 0.024 0.011 0.019 0.024 0.858 
 640 S _   0.027 0.022 0.001 0.016 0.007 0.016 0.024 0.886 
 641 S _   0.025 0.012 0.001 0.010 0.005 0.013 0.024 0.911 
 642 E _   0.024 0.005 0.000 0.006 0.003 0.010 0.024 0.928 
 643 K _   0.026 0.002 0.000 0.003 0.002 0.008 0.023 0.935 
 644 G _   0.030 0.000 0.000 0.002 0.002 0.007 0.022 0.936 
 645 R _   0.041 0.000 0.000 0.001 0.002 0.007 0.021 0.928 
 646 L _   0.061 0.000 0.000 0.001 0.002 0.008 0.020 0.908 
 647 P _   0.098 0.000 0.000 0.001 0.003 0.009 0.018 0.870 
 648 E _   0.159 0.000 0.001 0.001 0.004 0.011 0.016 0.808 
 649 R _   0.247 0.000 0.001 0.001 0.006 0.014 0.013 0.718 
 650 L _   0.357 0.000 0.001 0.001 0.009 0.016 0.010 0.606 
 651 T _   0.478 0.000 0.001 0.001 0.013 0.018 0.008 0.482 
 652 K H   0.589 0.000 0.001 0.001 0.016 0.019 0.006 0.368 
 653 F H   0.681 0.000 0.001 0.001 0.020 0.019 0.004 0.273 
 654 L H   0.750 0.000 0.001 0.001 0.022 0.019 0.004 0.202 
 655 I H   0.798 0.000 0.001 0.001 0.024 0.018 0.003 0.155 
 656 T H   0.827 0.000 0.001 0.001 0.024 0.016 0.003 0.127 
 657 Q H   0.841 0.000 0.001 0.001 0.025 0.015 0.003 0.113 
 658 I H   0.843 0.000 0.001 0.001 0.025 0.014 0.003 0.112 
 659 L H   0.833 0.000 0.001 0.001 0.024 0.013 0.004 0.123 
 660 V H   0.808 0.000 0.001 0.002 0.024 0.013 0.005 0.147 
 661 A H   0.767 0.000 0.002 0.002 0.022 0.013 0.006 0.188 
 662 L H   0.704 0.000 0.002 0.002 0.021 0.014 0.008 0.250 
 663 R H   0.621 0.000 0.002 0.002 0.018 0.014 0.010 0.332 
