#TopoPred_TM8: 8-state transmembrane topology prediction results by no_profile mode 
#probabilities are in the order of H E C I L F X _, the 8 transmembrane topology types used in PDBTM 
   1 M X   0.009 0.001 0.002 0.057 0.009 0.009 0.806 0.107 
   2 A X   0.004 0.000 0.000 0.036 0.002 0.005 0.833 0.120 
   3 A X   0.002 0.000 0.000 0.022 0.001 0.003 0.841 0.131 
   4 A X   0.001 0.000 0.000 0.015 0.001 0.003 0.842 0.138 
   5 Y X   0.002 0.000 0.000 0.011 0.001 0.003 0.839 0.144 
   6 L X   0.002 0.000 0.000 0.008 0.001 0.003 0.834 0.151 
   7 D X   0.002 0.000 0.000 0.006 0.001 0.003 0.829 0.158 
   8 P X   0.002 0.000 0.000 0.005 0.001 0.003 0.823 0.167 
   9 N X   0.002 0.000 0.000 0.004 0.001 0.003 0.815 0.175 
  10 L X   0.002 0.000 0.000 0.003 0.001 0.003 0.805 0.185 
  11 N X   0.002 0.001 0.000 0.003 0.001 0.003 0.794 0.197 
  12 H X   0.002 0.001 0.000 0.003 0.001 0.003 0.780 0.210 
  13 T X   0.002 0.002 0.000 0.004 0.001 0.004 0.763 0.224 
  14 P X   0.002 0.003 0.000 0.005 0.002 0.005 0.743 0.240 
  15 N X   0.002 0.005 0.000 0.007 0.002 0.006 0.720 0.257 
  16 S X   0.003 0.009 0.000 0.011 0.003 0.008 0.693 0.273 
  17 S X   0.003 0.016 0.001 0.016 0.004 0.009 0.662 0.289 
  18 T X   0.003 0.025 0.001 0.023 0.006 0.011 0.628 0.303 
  19 K X   0.004 0.035 0.001 0.029 0.007 0.012 0.595 0.317 
  20 T X   0.004 0.044 0.001 0.034 0.008 0.013 0.564 0.332 
  21 H X   0.004 0.051 0.001 0.037 0.008 0.014 0.538 0.348 
  22 L X   0.004 0.055 0.001 0.037 0.008 0.014 0.516 0.366 
  23 G X   0.004 0.058 0.001 0.034 0.007 0.014 0.496 0.387 
  24 T X   0.004 0.059 0.001 0.029 0.006 0.013 0.479 0.409 
  25 G X   0.004 0.058 0.001 0.023 0.005 0.013 0.463 0.432 
  26 M _   0.004 0.057 0.001 0.017 0.005 0.014 0.449 0.453 
  27 E _   0.005 0.057 0.001 0.013 0.004 0.015 0.436 0.470 
  28 R _   0.006 0.057 0.001 0.010 0.004 0.017 0.423 0.483 
  29 S _   0.008 0.058 0.001 0.010 0.005 0.020 0.408 0.491 
  30 P _   0.010 0.063 0.001 0.011 0.008 0.024 0.392 0.491 
  31 G _   0.014 0.074 0.001 0.015 0.012 0.029 0.373 0.482 
  32 A _   0.018 0.094 0.002 0.022 0.018 0.035 0.350 0.461 
  33 M _   0.022 0.124 0.002 0.033 0.024 0.039 0.327 0.429 
  34 E _   0.025 0.157 0.002 0.045 0.029 0.042 0.304 0.396 
  35 R _   0.026 0.184 0.002 0.056 0.032 0.042 0.285 0.372 
  36 V _   0.027 0.200 0.002 0.066 0.033 0.041 0.271 0.361 
  37 L _   0.026 0.207 0.002 0.071 0.033 0.039 0.260 0.361 
  38 K _   0.026 0.207 0.002 0.072 0.031 0.036 0.253 0.374 
  39 V _   0.025 0.200 0.002 0.067 0.027 0.033 0.247 0.399 
  40 F _   0.024 0.183 0.002 0.057 0.023 0.029 0.242 0.440 
  41 H _   0.022 0.153 0.002 0.044 0.018 0.025 0.239 0.496 
  42 Y _   0.020 0.110 0.002 0.031 0.013 0.021 0.237 0.567 
  43 F _   0.017 0.066 0.001 0.019 0.009 0.018 0.234 0.636 
  44 E _   0.014 0.033 0.001 0.010 0.006 0.015 0.231 0.690 
  45 S _   0.011 0.016 0.000 0.005 0.003 0.012 0.227 0.723 
  46 N _   0.009 0.010 0.000 0.003 0.002 0.011 0.223 0.741 
  47 S _   0.009 0.008 0.000 0.003 0.002 0.012 0.217 0.749 
  48 E _   0.009 0.008 0.000 0.003 0.003 0.013 0.211 0.751 
  49 P _   0.011 0.011 0.000 0.006 0.005 0.016 0.204 0.747 
  50 T _   0.013 0.017 0.001 0.012 0.007 0.020 0.196 0.735 
  51 T _   0.015 0.030 0.001 0.020 0.011 0.023 0.185 0.714 
  52 W _   0.016 0.045 0.001 0.031 0.015 0.026 0.175 0.692 
  53 A _   0.016 0.058 0.001 0.040 0.017 0.027 0.165 0.675 
  54 S _   0.016 0.066 0.002 0.045 0.018 0.028 0.157 0.668 
  55 I _   0.016 0.070 0.001 0.046 0.018 0.028 0.150 0.671 
  56 I _   0.015 0.070 0.001 0.042 0.017 0.027 0.145 0.683 
  57 R _   0.015 0.067 0.001 0.035 0.015 0.026 0.140 0.701 
  58 H _   0.015 0.062 0.001 0.027 0.012 0.025 0.136 0.722 
  59 G _   0.015 0.056 0.001 0.019 0.010 0.024 0.132 0.742 
  60 D _   0.015 0.051 0.001 0.014 0.009 0.024 0.129 0.757 
  61 A _   0.016 0.048 0.001 0.012 0.008 0.024 0.126 0.766 
  62 T _   0.017 0.047 0.001 0.011 0.009 0.025 0.122 0.769 
  63 D _   0.018 0.048 0.001 0.013 0.010 0.026 0.119 0.764 
  64 V _   0.020 0.051 0.001 0.018 0.012 0.027 0.116 0.754 
  65 R _   0.022 0.056 0.001 0.024 0.014 0.028 0.112 0.742 
  66 G _   0.023 0.059 0.001 0.030 0.016 0.029 0.110 0.732 
  67 I _   0.023 0.061 0.001 0.035 0.017 0.028 0.107 0.727 
  68 I _   0.023 0.061 0.001 0.036 0.017 0.027 0.105 0.730 
  69 Q _   0.021 0.057 0.001 0.034 0.015 0.025 0.104 0.741 
  70 K _   0.020 0.051 0.001 0.029 0.013 0.023 0.103 0.760 
  71 I _   0.018 0.041 0.001 0.021 0.010 0.021 0.103 0.785 
  72 V _   0.016 0.030 0.001 0.014 0.008 0.019 0.102 0.810 
  73 D _   0.014 0.021 0.001 0.009 0.006 0.018 0.101 0.830 
  74 S _   0.014 0.016 0.000 0.006 0.004 0.017 0.101 0.843 
  75 H _   0.014 0.013 0.000 0.004 0.004 0.017 0.099 0.848 
  76 K _   0.015 0.013 0.000 0.005 0.004 0.019 0.098 0.845 
  77 V _   0.017 0.015 0.001 0.006 0.006 0.022 0.097 0.836 
  78 K _   0.020 0.020 0.001 0.011 0.009 0.025 0.095 0.819 
  79 H _   0.023 0.029 0.001 0.018 0.013 0.029 0.093 0.795 
  80 V _   0.025 0.041 0.001 0.027 0.017 0.032 0.090 0.765 
  81 A _   0.027 0.053 0.002 0.037 0.020 0.034 0.088 0.740 
  82 C _   0.027 0.060 0.002 0.044 0.022 0.034 0.087 0.724 
  83 Y _   0.027 0.063 0.002 0.047 0.022 0.034 0.086 0.720 
  84 G _   0.026 0.062 0.002 0.045 0.021 0.032 0.086 0.727 
  85 F _   0.024 0.058 0.002 0.039 0.019 0.030 0.086 0.742 
  86 R _   0.023 0.050 0.001 0.031 0.016 0.028 0.087 0.765 
  87 L _   0.021 0.039 0.001 0.023 0.012 0.025 0.087 0.791 
  88 S _   0.020 0.028 0.001 0.015 0.009 0.023 0.088 0.816 
  89 H _   0.019 0.019 0.001 0.010 0.007 0.022 0.089 0.834 
  90 L _   0.018 0.013 0.001 0.007 0.006 0.021 0.089 0.845 
  91 R _   0.019 0.010 0.001 0.005 0.005 0.021 0.090 0.849 
  92 S _   0.021 0.010 0.001 0.005 0.005 0.022 0.090 0.847 
  93 E _   0.024 0.010 0.001 0.006 0.007 0.024 0.090 0.839 
  94 E _   0.028 0.012 0.001 0.008 0.009 0.026 0.090 0.827 
  95 V _   0.032 0.015 0.001 0.011 0.011 0.029 0.090 0.812 
  96 H _   0.036 0.019 0.001 0.016 0.014 0.031 0.090 0.794 
  97 W _   0.039 0.024 0.001 0.020 0.017 0.032 0.090 0.776 
  98 L _   0.041 0.028 0.001 0.024 0.019 0.033 0.090 0.762 
  99 H _   0.043 0.032 0.001 0.027 0.020 0.033 0.091 0.754 
 100 V _   0.042 0.033 0.001 0.028 0.019 0.032 0.092 0.751 
 101 D _   0.041 0.034 0.001 0.028 0.018 0.030 0.094 0.754 
 102 M _   0.038 0.033 0.001 0.026 0.016 0.028 0.096 0.762 
 103 G _   0.036 0.031 0.001 0.023 0.014 0.025 0.098 0.773 
 104 V _   0.032 0.028 0.001 0.021 0.011 0.023 0.100 0.784 
 105 S _   0.029 0.025 0.001 0.018 0.009 0.020 0.102 0.796 
 106 S _   0.025 0.021 0.001 0.016 0.008 0.018 0.105 0.807 
 107 V _   0.022 0.018 0.001 0.014 0.006 0.015 0.107 0.818 
 108 R _   0.019 0.015 0.001 0.012 0.005 0.013 0.109 0.827 
 109 E _   0.016 0.012 0.001 0.010 0.004 0.012 0.111 0.834 
 110 K _   0.014 0.010 0.000 0.009 0.003 0.010 0.112 0.841 
 111 Y _   0.011 0.008 0.000 0.007 0.003 0.009 0.113 0.848 
 112 E _   0.010 0.007 0.000 0.006 0.002 0.008 0.113 0.853 
 113 L _   0.008 0.006 0.000 0.005 0.002 0.007 0.113 0.858 
 114 A _   0.007 0.006 0.000 0.005 0.002 0.006 0.113 0.861 
 115 H _   0.006 0.006 0.000 0.004 0.002 0.006 0.112 0.864 
 116 P _   0.006 0.007 0.000 0.004 0.002 0.006 0.110 0.865 
 117 P _   0.006 0.009 0.000 0.004 0.002 0.007 0.108 0.863 
 118 E _   0.006 0.013 0.000 0.006 0.002 0.008 0.106 0.859 
 119 E _   0.007 0.019 0.000 0.007 0.003 0.009 0.103 0.851 
 120 W _   0.007 0.029 0.001 0.010 0.004 0.011 0.100 0.839 
 121 K _   0.008 0.043 0.001 0.014 0.005 0.013 0.096 0.820 
 122 Y _   0.009 0.061 0.001 0.018 0.007 0.014 0.091 0.799 
 123 E _   0.009 0.080 0.001 0.022 0.008 0.016 0.087 0.777 
 124 L _   0.009 0.098 0.001 0.027 0.009 0.016 0.083 0.757 
 125 R _   0.009 0.113 0.001 0.030 0.010 0.017 0.080 0.741 
 126 I _   0.009 0.123 0.001 0.032 0.010 0.017 0.077 0.730 
 127 R _   0.009 0.130 0.001 0.034 0.010 0.017 0.075 0.724 
 128 Y _   0.009 0.133 0.001 0.034 0.010 0.017 0.073 0.723 
 129 L _   0.009 0.134 0.001 0.034 0.010 0.016 0.072 0.724 
 130 P _   0.009 0.133 0.001 0.033 0.010 0.016 0.071 0.728 
 131 K _   0.009 0.129 0.001 0.031 0.009 0.015 0.071 0.735 
 132 G _   0.009 0.122 0.001 0.029 0.008 0.014 0.071 0.745 
 133 F _   0.010 0.113 0.001 0.026 0.008 0.014 0.071 0.759 
 134 L _   0.009 0.100 0.001 0.022 0.007 0.013 0.072 0.776 
 135 N _   0.009 0.086 0.001 0.019 0.006 0.012 0.073 0.796 
 136 Q _   0.009 0.070 0.001 0.015 0.005 0.011 0.073 0.817 
 137 F _   0.008 0.056 0.001 0.011 0.004 0.010 0.074 0.838 
 138 T _   0.007 0.045 0.000 0.008 0.003 0.009 0.074 0.854 
 139 E _   0.007 0.038 0.000 0.006 0.003 0.009 0.074 0.864 
 140 D _   0.007 0.035 0.000 0.005 0.002 0.009 0.073 0.869 
 141 K _   0.007 0.033 0.000 0.006 0.003 0.010 0.072 0.868 
 142 P _   0.008 0.034 0.000 0.007 0.004 0.012 0.071 0.864 
 143 T _   0.009 0.037 0.001 0.010 0.005 0.014 0.070 0.855 
 144 L _   0.010 0.042 0.001 0.015 0.006 0.015 0.068 0.842 
 145 N _   0.011 0.047 0.001 0.020 0.008 0.017 0.067 0.830 
 146 F _   0.011 0.050 0.001 0.024 0.009 0.018 0.065 0.822 
 147 F _   0.011 0.053 0.001 0.026 0.009 0.018 0.064 0.818 
 148 Y _   0.011 0.053 0.001 0.025 0.009 0.018 0.063 0.820 
 149 Q _   0.011 0.052 0.001 0.022 0.009 0.018 0.062 0.826 
 150 Q _   0.010 0.049 0.001 0.019 0.008 0.017 0.061 0.835 
 151 V _   0.010 0.046 0.001 0.016 0.007 0.017 0.060 0.843 
 152 K _   0.011 0.043 0.001 0.014 0.007 0.017 0.060 0.848 
 153 S _   0.011 0.041 0.001 0.012 0.007 0.017 0.059 0.851 
 154 D _   0.012 0.040 0.001 0.013 0.007 0.018 0.059 0.850 
 155 Y _   0.014 0.040 0.001 0.014 0.008 0.018 0.059 0.847 
 156 M _   0.015 0.039 0.001 0.016 0.008 0.019 0.059 0.844 
 157 L _   0.015 0.038 0.001 0.017 0.008 0.019 0.059 0.842 
 158 E _   0.015 0.037 0.001 0.017 0.008 0.019 0.059 0.844 
 159 I _   0.016 0.035 0.001 0.016 0.008 0.018 0.059 0.848 
 160 A _   0.016 0.032 0.001 0.013 0.007 0.018 0.059 0.854 
 161 D _   0.016 0.029 0.001 0.011 0.006 0.018 0.059 0.860 
 162 Q _   0.016 0.026 0.001 0.009 0.006 0.018 0.059 0.865 
 163 V _   0.017 0.025 0.001 0.007 0.005 0.019 0.059 0.867 
 164 D _   0.019 0.024 0.001 0.006 0.006 0.021 0.058 0.865 
 165 Q _   0.022 0.026 0.001 0.007 0.007 0.023 0.058 0.857 
 166 E _   0.025 0.029 0.001 0.008 0.008 0.026 0.058 0.845 
 167 I _   0.029 0.036 0.001 0.011 0.011 0.029 0.057 0.826 
 168 A _   0.033 0.045 0.001 0.015 0.014 0.032 0.057 0.804 
 169 L _   0.036 0.057 0.001 0.019 0.016 0.034 0.056 0.780 
 170 K _   0.038 0.068 0.001 0.023 0.019 0.035 0.056 0.760 
 171 L _   0.039 0.077 0.001 0.026 0.020 0.035 0.056 0.745 
 172 G _   0.039 0.084 0.001 0.028 0.020 0.035 0.056 0.736 
 173 C _   0.039 0.089 0.001 0.028 0.020 0.034 0.057 0.732 
 174 L _   0.038 0.091 0.001 0.028 0.019 0.033 0.057 0.733 
 175 E _   0.036 0.092 0.001 0.026 0.018 0.031 0.058 0.737 
 176 I _   0.034 0.091 0.001 0.025 0.016 0.029 0.060 0.744 
 177 R _   0.031 0.089 0.001 0.024 0.014 0.027 0.061 0.752 
 178 R _   0.028 0.087 0.001 0.023 0.013 0.025 0.063 0.761 
 179 S _   0.025 0.083 0.001 0.023 0.011 0.022 0.065 0.771 
 180 Y _   0.022 0.079 0.001 0.022 0.010 0.020 0.067 0.780 
 181 W _   0.019 0.074 0.001 0.022 0.008 0.018 0.069 0.789 
 182 E _   0.017 0.068 0.001 0.021 0.007 0.016 0.071 0.799 
 183 M _   0.015 0.062 0.001 0.019 0.006 0.014 0.073 0.811 
 184 R _   0.013 0.054 0.001 0.017 0.005 0.012 0.075 0.823 
 185 G _   0.011 0.046 0.001 0.014 0.004 0.010 0.077 0.836 
 186 N _   0.010 0.038 0.000 0.012 0.003 0.009 0.079 0.849 
 187 A _   0.008 0.031 0.000 0.009 0.003 0.008 0.081 0.860 
 188 L _   0.007 0.025 0.000 0.007 0.002 0.007 0.082 0.869 
 189 E _   0.006 0.021 0.000 0.006 0.002 0.006 0.083 0.876 
 190 K _   0.006 0.019 0.000 0.005 0.002 0.005 0.083 0.880 
 191 K _   0.005 0.017 0.000 0.004 0.002 0.005 0.083 0.883 
 192 S _   0.005 0.017 0.000 0.004 0.002 0.005 0.083 0.884 
 193 N _   0.005 0.018 0.000 0.005 0.002 0.006 0.082 0.883 
 194 Y _   0.005 0.021 0.000 0.006 0.002 0.006 0.081 0.880 
 195 E _   0.005 0.025 0.000 0.007 0.002 0.007 0.079 0.874 
 196 V _   0.005 0.031 0.000 0.009 0.003 0.008 0.077 0.866 
 197 L _   0.006 0.039 0.000 0.012 0.003 0.009 0.074 0.856 
 198 E _   0.006 0.049 0.001 0.014 0.004 0.010 0.072 0.844 
 199 K _   0.006 0.061 0.001 0.018 0.005 0.011 0.069 0.830 
 200 D _   0.006 0.072 0.001 0.021 0.006 0.013 0.066 0.816 
 201 V _   0.006 0.082 0.001 0.024 0.007 0.013 0.063 0.804 
 202 G _   0.007 0.091 0.001 0.026 0.007 0.014 0.061 0.793 
 203 L _   0.007 0.097 0.001 0.027 0.008 0.014 0.059 0.786 
 204 K _   0.008 0.101 0.001 0.027 0.008 0.015 0.058 0.782 
 205 R _   0.008 0.103 0.001 0.026 0.008 0.014 0.057 0.783 
 206 F _   0.008 0.103 0.001 0.024 0.007 0.014 0.056 0.787 
 207 F _   0.007 0.101 0.001 0.022 0.007 0.013 0.056 0.793 
 208 P _   0.007 0.098 0.001 0.019 0.006 0.013 0.055 0.801 
 209 K _   0.007 0.094 0.001 0.016 0.006 0.013 0.055 0.809 
 210 S _   0.008 0.090 0.001 0.014 0.005 0.012 0.055 0.816 
 211 L _   0.008 0.086 0.001 0.012 0.005 0.012 0.055 0.821 
 212 L _   0.008 0.084 0.001 0.011 0.004 0.012 0.055 0.825 
 213 D _   0.009 0.082 0.001 0.010 0.004 0.013 0.054 0.828 
 214 S _   0.009 0.081 0.001 0.010 0.005 0.013 0.054 0.828 
 215 V _   0.010 0.081 0.001 0.010 0.005 0.014 0.053 0.826 
 216 K _   0.011 0.082 0.001 0.011 0.005 0.016 0.053 0.822 
 217 A _   0.012 0.084 0.001 0.012 0.006 0.017 0.052 0.816 
 218 K _   0.013 0.087 0.001 0.013 0.007 0.019 0.051 0.808 
 219 T _   0.015 0.091 0.001 0.016 0.009 0.020 0.051 0.799 
 220 L _   0.016 0.095 0.001 0.019 0.010 0.022 0.050 0.788 
 221 R _   0.017 0.099 0.001 0.022 0.011 0.023 0.050 0.777 
 222 K _   0.018 0.103 0.001 0.026 0.013 0.023 0.049 0.766 
 223 L _   0.019 0.105 0.001 0.029 0.014 0.024 0.049 0.759 
 224 I _   0.019 0.105 0.001 0.032 0.014 0.023 0.049 0.756 
 225 Q _   0.019 0.103 0.001 0.033 0.014 0.022 0.050 0.758 
 226 Q _   0.018 0.097 0.001 0.032 0.013 0.021 0.051 0.767 
 227 T _   0.017 0.088 0.001 0.029 0.011 0.019 0.052 0.781 
 228 F _   0.016 0.075 0.001 0.025 0.010 0.018 0.053 0.802 
 229 R _   0.015 0.058 0.001 0.020 0.008 0.016 0.055 0.828 
 230 Q _   0.013 0.040 0.001 0.015 0.006 0.014 0.056 0.855 
 231 F _   0.012 0.024 0.001 0.010 0.005 0.013 0.057 0.878 
 232 A _   0.011 0.014 0.000 0.007 0.003 0.012 0.058 0.895 
 233 N _   0.011 0.008 0.000 0.005 0.003 0.012 0.059 0.904 
 234 L _   0.011 0.005 0.000 0.003 0.002 0.012 0.059 0.907 
 235 N _   0.013 0.004 0.000 0.003 0.003 0.014 0.058 0.906 
 236 R _   0.016 0.004 0.000 0.003 0.003 0.017 0.058 0.899 
 237 E _   0.021 0.005 0.001 0.005 0.005 0.021 0.057 0.886 
 238 E _   0.027 0.007 0.001 0.007 0.008 0.027 0.056 0.866 
 239 S _   0.035 0.013 0.001 0.012 0.013 0.033 0.055 0.839 
 240 I _   0.042 0.022 0.001 0.019 0.019 0.040 0.053 0.804 
 241 L _   0.049 0.032 0.002 0.026 0.025 0.045 0.051 0.769 
 242 K _   0.054 0.042 0.002 0.034 0.030 0.048 0.050 0.739 
 243 F _   0.057 0.049 0.002 0.040 0.033 0.049 0.049 0.719 
 244 F _   0.059 0.053 0.002 0.044 0.035 0.049 0.049 0.709 
 245 E _   0.058 0.054 0.002 0.045 0.034 0.048 0.049 0.710 
 246 I _   0.057 0.053 0.002 0.042 0.031 0.045 0.049 0.722 
 247 L _   0.053 0.048 0.002 0.037 0.027 0.041 0.050 0.742 
 248 S _   0.049 0.040 0.002 0.031 0.022 0.037 0.051 0.769 
 249 P _   0.045 0.031 0.001 0.023 0.017 0.033 0.052 0.798 
 250 V _   0.040 0.021 0.001 0.016 0.012 0.028 0.053 0.828 
 251 Y _   0.036 0.012 0.001 0.011 0.009 0.025 0.053 0.853 
 252 R _   0.033 0.006 0.001 0.007 0.006 0.022 0.054 0.872 
 253 F _   0.031 0.003 0.001 0.005 0.005 0.020 0.054 0.883 
 254 D _   0.031 0.001 0.000 0.003 0.004 0.020 0.054 0.887 
 255 K _   0.034 0.000 0.000 0.003 0.004 0.020 0.053 0.885 
 256 E _   0.039 0.000 0.000 0.003 0.004 0.022 0.052 0.879 
 257 C _   0.049 0.000 0.001 0.003 0.005 0.024 0.052 0.866 
 258 F _   0.062 0.000 0.001 0.004 0.007 0.028 0.051 0.848 
 259 K _   0.077 0.000 0.001 0.004 0.010 0.032 0.050 0.825 
 260 C _   0.096 0.001 0.001 0.005 0.014 0.037 0.049 0.798 
 261 A _   0.115 0.001 0.001 0.007 0.018 0.041 0.048 0.769 
 262 L _   0.136 0.001 0.001 0.008 0.023 0.046 0.047 0.739 
 263 G _   0.156 0.002 0.002 0.009 0.028 0.049 0.046 0.708 
 264 S _   0.175 0.002 0.002 0.010 0.032 0.052 0.046 0.681 
 265 S _   0.191 0.003 0.002 0.011 0.035 0.053 0.046 0.659 
 266 W _   0.201 0.004 0.002 0.012 0.036 0.054 0.046 0.644 
 267 I _   0.207 0.004 0.002 0.013 0.037 0.054 0.047 0.636 
 268 I _   0.208 0.005 0.002 0.014 0.036 0.052 0.049 0.635 
 269 S _   0.203 0.005 0.002 0.014 0.034 0.051 0.050 0.641 
 270 V _   0.194 0.005 0.002 0.013 0.031 0.048 0.052 0.654 
 271 E _   0.180 0.005 0.002 0.013 0.028 0.045 0.054 0.673 
 272 L _   0.161 0.005 0.002 0.012 0.024 0.042 0.057 0.697 
 273 A _   0.140 0.005 0.001 0.012 0.020 0.039 0.059 0.723 
 274 I _   0.118 0.006 0.001 0.012 0.018 0.036 0.062 0.747 
 275 G _   0.097 0.006 0.001 0.013 0.015 0.033 0.065 0.770 
 276 P _   0.080 0.007 0.001 0.014 0.014 0.030 0.067 0.787 
 277 E _   0.064 0.008 0.001 0.016 0.012 0.028 0.070 0.801 
 278 E _   0.051 0.009 0.001 0.018 0.011 0.025 0.073 0.813 
 279 G _   0.040 0.010 0.001 0.019 0.010 0.022 0.075 0.823 
 280 I _   0.031 0.010 0.001 0.019 0.009 0.019 0.078 0.833 
 281 S _   0.023 0.010 0.001 0.018 0.007 0.016 0.081 0.844 
 282 Y _   0.018 0.009 0.001 0.015 0.006 0.014 0.083 0.854 
 283 L _   0.014 0.009 0.001 0.013 0.004 0.012 0.085 0.863 
 284 T _   0.011 0.008 0.000 0.010 0.003 0.010 0.087 0.871 
 285 D _   0.009 0.007 0.000 0.007 0.003 0.008 0.089 0.877 
 286 K _   0.007 0.007 0.000 0.005 0.002 0.008 0.090 0.881 
 287 G _   0.006 0.007 0.000 0.004 0.002 0.007 0.091 0.882 
 288 C _   0.006 0.008 0.000 0.004 0.002 0.008 0.091 0.881 
 289 N _   0.006 0.010 0.000 0.005 0.002 0.009 0.091 0.876 
 290 P _   0.007 0.016 0.000 0.007 0.003 0.011 0.090 0.865 
 291 T _   0.009 0.027 0.001 0.010 0.005 0.014 0.089 0.846 
 292 H _   0.010 0.049 0.001 0.016 0.007 0.017 0.087 0.811 
 293 L _   0.012 0.086 0.001 0.026 0.011 0.021 0.085 0.759 
 294 A _   0.013 0.132 0.002 0.038 0.014 0.023 0.082 0.697 
 295 D _   0.013 0.177 0.002 0.050 0.017 0.025 0.079 0.637 
 296 F _   0.013 0.212 0.002 0.061 0.018 0.025 0.077 0.591 
 297 T _   0.013 0.233 0.002 0.070 0.019 0.025 0.077 0.561 
 298 Q _   0.013 0.244 0.001 0.075 0.019 0.024 0.077 0.546 
 299 V _   0.013 0.246 0.001 0.076 0.018 0.023 0.078 0.544 
 300 Q _   0.013 0.241 0.001 0.072 0.016 0.021 0.080 0.555 
 301 T _   0.013 0.227 0.001 0.063 0.014 0.019 0.084 0.579 
 302 I _   0.012 0.200 0.001 0.052 0.012 0.017 0.088 0.618 
 303 Q _   0.012 0.160 0.001 0.039 0.009 0.014 0.093 0.671 
 304 Y _   0.011 0.112 0.001 0.027 0.007 0.012 0.098 0.731 
 305 S _   0.010 0.070 0.001 0.017 0.005 0.010 0.103 0.785 
 306 N _   0.008 0.040 0.000 0.010 0.003 0.008 0.107 0.824 
 307 S _   0.007 0.024 0.000 0.006 0.002 0.006 0.108 0.847 
 308 E _   0.005 0.017 0.000 0.004 0.001 0.005 0.109 0.859 
 309 D _   0.004 0.014 0.000 0.003 0.001 0.005 0.109 0.864 
 310 K _   0.004 0.013 0.000 0.003 0.001 0.005 0.108 0.866 
 311 D _   0.004 0.013 0.000 0.004 0.001 0.006 0.106 0.865 
 312 R _   0.005 0.016 0.000 0.006 0.002 0.007 0.103 0.861 
 313 K _   0.005 0.022 0.000 0.010 0.003 0.009 0.099 0.851 
 314 G _   0.006 0.031 0.001 0.016 0.004 0.012 0.095 0.837 
 315 M _   0.006 0.042 0.001 0.023 0.006 0.013 0.090 0.820 
 316 L _   0.006 0.053 0.001 0.029 0.007 0.015 0.085 0.804 
 317 Q _   0.006 0.061 0.001 0.034 0.008 0.016 0.080 0.793 
 318 L _   0.006 0.065 0.001 0.037 0.009 0.017 0.077 0.789 
 319 K _   0.007 0.067 0.001 0.036 0.009 0.017 0.074 0.790 
 320 I _   0.007 0.067 0.001 0.033 0.009 0.017 0.071 0.796 
 321 A _   0.007 0.064 0.001 0.029 0.008 0.017 0.070 0.805 
 322 G _   0.008 0.060 0.001 0.023 0.007 0.017 0.068 0.816 
 323 A _   0.008 0.055 0.001 0.018 0.007 0.017 0.067 0.827 
 324 P _   0.010 0.050 0.001 0.014 0.006 0.018 0.066 0.835 
 325 E _   0.011 0.045 0.001 0.011 0.006 0.020 0.065 0.841 
 326 P _   0.014 0.042 0.001 0.010 0.006 0.022 0.064 0.842 
 327 L _   0.017 0.041 0.001 0.009 0.007 0.024 0.063 0.839 
 328 T _   0.020 0.041 0.001 0.009 0.008 0.027 0.062 0.831 
 329 V _   0.024 0.042 0.001 0.011 0.010 0.031 0.061 0.820 
 330 T _   0.029 0.045 0.001 0.013 0.013 0.035 0.059 0.805 
 331 A _   0.033 0.050 0.001 0.016 0.016 0.038 0.058 0.787 
 332 P _   0.037 0.056 0.001 0.020 0.020 0.041 0.057 0.768 
 333 S _   0.040 0.062 0.002 0.024 0.023 0.043 0.056 0.752 
 334 L _   0.042 0.066 0.002 0.027 0.025 0.044 0.055 0.740 
 335 T _   0.043 0.069 0.002 0.029 0.025 0.043 0.055 0.734 
 336 I _   0.043 0.070 0.002 0.030 0.025 0.042 0.055 0.734 
 337 A _   0.042 0.069 0.002 0.030 0.024 0.040 0.055 0.739 
 338 E _   0.040 0.066 0.002 0.028 0.022 0.038 0.055 0.750 
 339 N _   0.038 0.062 0.001 0.025 0.019 0.035 0.056 0.764 
 340 M _   0.035 0.057 0.001 0.021 0.016 0.032 0.057 0.781 
 341 A _   0.032 0.051 0.001 0.018 0.013 0.029 0.058 0.798 
 342 D _   0.029 0.045 0.001 0.015 0.011 0.026 0.059 0.813 
 343 L _   0.027 0.040 0.001 0.013 0.009 0.023 0.060 0.827 
 344 I _   0.024 0.036 0.001 0.012 0.008 0.021 0.061 0.837 
 345 D _   0.022 0.033 0.001 0.011 0.007 0.020 0.062 0.845 
 346 G _   0.020 0.030 0.001 0.011 0.007 0.019 0.063 0.850 
 347 Y _   0.019 0.029 0.001 0.011 0.006 0.018 0.063 0.854 
 348 C _   0.017 0.027 0.001 0.011 0.006 0.017 0.064 0.857 
 349 R _   0.016 0.026 0.001 0.011 0.006 0.016 0.065 0.859 
 350 L _   0.015 0.025 0.001 0.011 0.006 0.015 0.065 0.862 
 351 V _   0.014 0.025 0.001 0.011 0.006 0.014 0.066 0.863 
 352 N _   0.013 0.025 0.001 0.012 0.006 0.014 0.067 0.864 
 353 G _   0.013 0.025 0.001 0.012 0.006 0.013 0.067 0.864 
 354 T _   0.012 0.025 0.001 0.013 0.006 0.013 0.068 0.863 
 355 S _   0.012 0.025 0.001 0.014 0.006 0.013 0.069 0.862 
 356 Q _   0.012 0.025 0.001 0.015 0.006 0.012 0.070 0.860 
 357 S _   0.011 0.024 0.001 0.015 0.006 0.012 0.071 0.860 
 358 F _   0.011 0.024 0.001 0.015 0.005 0.011 0.072 0.861 
 359 I _   0.010 0.022 0.001 0.014 0.005 0.011 0.073 0.864 
 360 I _   0.009 0.021 0.001 0.013 0.004 0.010 0.075 0.867 
 361 R _   0.008 0.020 0.000 0.012 0.004 0.009 0.076 0.871 
 362 P _   0.008 0.018 0.000 0.010 0.003 0.008 0.077 0.876 
 363 Q _   0.007 0.017 0.000 0.009 0.003 0.008 0.078 0.879 
 364 K _   0.007 0.016 0.000 0.008 0.003 0.007 0.078 0.881 
 365 E _   0.006 0.015 0.000 0.008 0.003 0.007 0.079 0.882 
 366 G _   0.006 0.015 0.000 0.008 0.003 0.007 0.079 0.882 
 367 E _   0.006 0.015 0.000 0.009 0.003 0.007 0.080 0.880 
 368 R _   0.006 0.016 0.000 0.010 0.003 0.007 0.080 0.877 
 369 A _   0.006 0.017 0.000 0.011 0.003 0.007 0.080 0.875 
 370 L _   0.006 0.019 0.000 0.012 0.003 0.008 0.080 0.872 
 371 P _   0.006 0.020 0.000 0.012 0.003 0.007 0.080 0.871 
 372 S _   0.006 0.020 0.000 0.012 0.003 0.007 0.080 0.871 
 373 I _   0.005 0.021 0.000 0.011 0.003 0.007 0.080 0.872 
 374 P _   0.005 0.021 0.000 0.010 0.003 0.007 0.080 0.874 
 375 K _   0.005 0.021 0.000 0.009 0.002 0.007 0.080 0.876 
 376 L _   0.005 0.021 0.000 0.008 0.002 0.007 0.080 0.878 
 377 A _   0.005 0.022 0.000 0.007 0.002 0.007 0.079 0.878 
 378 N _   0.005 0.024 0.000 0.007 0.002 0.007 0.078 0.876 
 379 S _   0.005 0.028 0.000 0.008 0.003 0.008 0.077 0.872 
 380 E _   0.006 0.034 0.000 0.010 0.003 0.010 0.075 0.862 
 381 K _   0.006 0.043 0.001 0.014 0.004 0.011 0.073 0.847 
 382 Q _   0.007 0.057 0.001 0.019 0.006 0.013 0.071 0.827 
 383 G _   0.008 0.072 0.001 0.026 0.008 0.015 0.068 0.803 
 384 M _   0.008 0.088 0.001 0.033 0.009 0.016 0.066 0.779 
 385 R _   0.008 0.099 0.001 0.039 0.010 0.016 0.064 0.762 
 386 T _   0.008 0.107 0.001 0.043 0.011 0.016 0.063 0.751 
 387 H _   0.008 0.110 0.001 0.045 0.011 0.016 0.062 0.747 
 388 A _   0.008 0.110 0.001 0.043 0.010 0.015 0.062 0.751 
 389 V _   0.008 0.106 0.001 0.039 0.009 0.014 0.062 0.761 
 390 S _   0.008 0.098 0.001 0.032 0.008 0.013 0.063 0.778 
 391 V _   0.007 0.088 0.001 0.025 0.006 0.011 0.064 0.798 
 392 S _   0.007 0.075 0.001 0.018 0.005 0.010 0.065 0.819 
 393 E _   0.007 0.064 0.001 0.013 0.004 0.009 0.066 0.837 
 394 T _   0.006 0.055 0.000 0.010 0.003 0.008 0.066 0.851 
 395 D _   0.006 0.049 0.000 0.008 0.003 0.008 0.066 0.859 
 396 D _   0.006 0.046 0.000 0.007 0.002 0.008 0.066 0.864 
 397 Y _   0.006 0.045 0.000 0.008 0.003 0.008 0.066 0.864 
 398 A _   0.006 0.045 0.000 0.009 0.003 0.008 0.066 0.862 
 399 E _   0.006 0.046 0.000 0.011 0.003 0.009 0.065 0.858 
 400 I _   0.006 0.049 0.000 0.014 0.004 0.010 0.064 0.853 
 401 I _   0.007 0.051 0.001 0.016 0.004 0.010 0.063 0.848 
 402 D _   0.007 0.052 0.001 0.018 0.005 0.010 0.062 0.845 
 403 E _   0.007 0.053 0.001 0.019 0.005 0.010 0.062 0.844 
 404 E _   0.007 0.053 0.001 0.019 0.005 0.010 0.061 0.845 
 405 D _   0.006 0.051 0.001 0.018 0.005 0.010 0.061 0.849 
 406 T _   0.006 0.049 0.001 0.016 0.004 0.009 0.061 0.855 
 407 Y _   0.006 0.046 0.000 0.013 0.004 0.009 0.061 0.862 
 408 T _   0.006 0.043 0.000 0.011 0.003 0.008 0.060 0.869 
 409 M _   0.006 0.040 0.000 0.009 0.003 0.008 0.060 0.874 
 410 P _   0.005 0.039 0.000 0.007 0.002 0.008 0.059 0.878 
 411 S _   0.006 0.039 0.000 0.006 0.002 0.008 0.059 0.880 
 412 T _   0.006 0.040 0.000 0.006 0.003 0.009 0.058 0.878 
 413 R _   0.006 0.043 0.000 0.007 0.003 0.010 0.056 0.874 
 414 D _   0.007 0.049 0.000 0.009 0.004 0.012 0.055 0.864 
 415 Y _   0.008 0.060 0.001 0.011 0.005 0.014 0.052 0.848 
 416 E _   0.010 0.076 0.001 0.015 0.007 0.017 0.050 0.824 
 417 I _   0.011 0.097 0.001 0.019 0.009 0.019 0.047 0.796 
 418 Q _   0.012 0.122 0.001 0.023 0.011 0.021 0.045 0.766 
 419 R _   0.012 0.146 0.001 0.027 0.012 0.022 0.042 0.736 
 420 E _   0.013 0.167 0.001 0.031 0.013 0.023 0.040 0.712 
 421 R _   0.013 0.184 0.001 0.033 0.014 0.024 0.038 0.693 
 422 I _   0.013 0.195 0.001 0.034 0.014 0.024 0.036 0.682 
 423 E _   0.014 0.203 0.001 0.034 0.015 0.024 0.035 0.675 
 424 L _   0.014 0.206 0.001 0.033 0.014 0.023 0.034 0.674 
 425 G _   0.014 0.206 0.001 0.032 0.014 0.022 0.034 0.677 
 426 R _   0.014 0.204 0.001 0.029 0.013 0.021 0.033 0.684 
 427 C _   0.014 0.198 0.001 0.027 0.012 0.020 0.033 0.694 
 428 I _   0.014 0.190 0.001 0.024 0.011 0.020 0.033 0.707 
 429 G _   0.014 0.181 0.001 0.022 0.010 0.019 0.034 0.722 
 430 E _   0.013 0.170 0.001 0.019 0.009 0.018 0.034 0.737 
 431 G _   0.013 0.159 0.001 0.017 0.008 0.017 0.034 0.751 
 432 Q _   0.013 0.149 0.001 0.016 0.008 0.017 0.034 0.763 
 433 F _   0.012 0.140 0.001 0.016 0.007 0.016 0.035 0.773 
 434 G _   0.012 0.131 0.001 0.016 0.007 0.016 0.035 0.782 
 435 D _   0.012 0.124 0.001 0.017 0.007 0.015 0.035 0.789 
 436 V _   0.011 0.117 0.001 0.018 0.007 0.015 0.036 0.796 
 437 H _   0.011 0.108 0.001 0.018 0.007 0.014 0.036 0.805 
 438 Q _   0.011 0.099 0.001 0.017 0.006 0.013 0.037 0.816 
 439 G _   0.010 0.089 0.001 0.015 0.006 0.013 0.037 0.829 
 440 I _   0.009 0.078 0.001 0.013 0.005 0.012 0.038 0.844 
 441 Y _   0.009 0.068 0.001 0.010 0.004 0.012 0.038 0.859 
 442 M _   0.008 0.060 0.000 0.008 0.004 0.011 0.038 0.870 
 443 S _   0.008 0.055 0.000 0.006 0.003 0.012 0.038 0.877 
 444 P _   0.009 0.054 0.000 0.006 0.003 0.013 0.038 0.877 
 445 E _   0.010 0.055 0.000 0.006 0.004 0.016 0.037 0.870 
 446 N _   0.013 0.061 0.001 0.009 0.006 0.019 0.036 0.855 
 447 P _   0.016 0.076 0.001 0.015 0.010 0.023 0.035 0.825 
 448 A _   0.018 0.102 0.001 0.024 0.014 0.027 0.033 0.780 
 449 L _   0.020 0.136 0.002 0.037 0.019 0.029 0.031 0.727 
 450 A _   0.020 0.167 0.002 0.049 0.021 0.030 0.029 0.681 
 451 V _   0.020 0.187 0.002 0.058 0.022 0.030 0.028 0.653 
 452 A _   0.019 0.197 0.002 0.063 0.022 0.029 0.028 0.641 
 453 I _   0.018 0.199 0.002 0.063 0.021 0.027 0.027 0.644 
 454 K _   0.017 0.195 0.001 0.057 0.018 0.025 0.027 0.660 
 455 T _   0.015 0.183 0.001 0.048 0.015 0.022 0.028 0.688 
 456 C _   0.014 0.162 0.001 0.037 0.012 0.019 0.028 0.726 
 457 K _   0.012 0.135 0.001 0.026 0.009 0.017 0.029 0.770 
 458 N _   0.011 0.107 0.001 0.017 0.007 0.015 0.030 0.812 
 459 C _   0.010 0.086 0.001 0.011 0.005 0.014 0.030 0.844 
 460 T _   0.009 0.074 0.000 0.008 0.004 0.013 0.030 0.863 
 461 S _   0.008 0.068 0.000 0.006 0.003 0.013 0.030 0.871 
 462 D _   0.009 0.066 0.000 0.006 0.003 0.013 0.030 0.873 
 463 S _   0.009 0.067 0.000 0.008 0.004 0.015 0.029 0.867 
 464 V _   0.010 0.072 0.001 0.011 0.005 0.017 0.028 0.856 
 465 R _   0.012 0.081 0.001 0.016 0.007 0.019 0.027 0.838 
 466 E _   0.013 0.092 0.001 0.023 0.010 0.021 0.026 0.815 
 467 K _   0.013 0.103 0.001 0.031 0.012 0.023 0.024 0.793 
 468 F _   0.014 0.111 0.001 0.038 0.014 0.024 0.023 0.776 
 469 L _   0.015 0.115 0.001 0.043 0.015 0.024 0.023 0.764 
 470 Q _   0.015 0.116 0.001 0.045 0.016 0.024 0.022 0.760 
 471 E _   0.015 0.113 0.001 0.045 0.015 0.023 0.022 0.765 
 472 A _   0.015 0.106 0.001 0.041 0.014 0.022 0.022 0.779 
 473 L _   0.016 0.093 0.001 0.035 0.012 0.020 0.022 0.801 
 474 T _   0.016 0.074 0.001 0.027 0.010 0.018 0.022 0.831 
 475 M _   0.016 0.052 0.001 0.019 0.008 0.017 0.023 0.865 
 476 R _   0.016 0.031 0.001 0.013 0.006 0.015 0.023 0.895 
 477 Q _   0.016 0.015 0.001 0.008 0.005 0.015 0.023 0.918 
 478 F _   0.017 0.007 0.000 0.005 0.004 0.014 0.023 0.930 
 479 D _   0.019 0.003 0.000 0.004 0.003 0.015 0.022 0.934 
 480 H _   0.024 0.001 0.000 0.003 0.004 0.016 0.022 0.930 
 481 P _   0.032 0.001 0.000 0.004 0.004 0.018 0.021 0.920 
 482 H _   0.044 0.001 0.001 0.005 0.006 0.022 0.020 0.902 
 483 I _   0.060 0.001 0.001 0.007 0.009 0.026 0.019 0.877 
 484 V _   0.080 0.001 0.001 0.010 0.013 0.030 0.017 0.847 
 485 K _   0.102 0.002 0.001 0.013 0.016 0.033 0.016 0.817 
 486 L _   0.127 0.002 0.001 0.015 0.019 0.035 0.015 0.787 
 487 I _   0.154 0.002 0.002 0.014 0.020 0.036 0.013 0.759 
 488 G _   0.185 0.001 0.002 0.012 0.020 0.035 0.012 0.732 
 489 V _   0.219 0.001 0.001 0.009 0.018 0.034 0.011 0.707 
 490 I _   0.255 0.000 0.001 0.005 0.016 0.032 0.010 0.680 
 491 T _   0.296 0.000 0.001 0.003 0.014 0.031 0.009 0.647 
 492 E _   0.341 0.000 0.001 0.002 0.013 0.029 0.007 0.607 
 493 N _   0.395 0.000 0.001 0.001 0.013 0.028 0.006 0.555 
 494 P _   0.457 0.000 0.001 0.001 0.014 0.028 0.005 0.493 
 495 V H   0.520 0.000 0.001 0.001 0.017 0.028 0.005 0.428 
 496 W H   0.582 0.000 0.001 0.001 0.020 0.028 0.004 0.363 
 497 I H   0.636 0.000 0.001 0.002 0.024 0.028 0.003 0.305 
 498 I H   0.678 0.000 0.001 0.002 0.027 0.027 0.003 0.261 
 499 M H   0.706 0.000 0.002 0.002 0.030 0.027 0.003 0.231 
 500 E H   0.720 0.000 0.002 0.003 0.031 0.026 0.003 0.216 
 501 L H   0.722 0.000 0.002 0.003 0.032 0.025 0.003 0.214 
 502 C H   0.714 0.000 0.002 0.003 0.031 0.024 0.003 0.223 
 503 T H   0.694 0.000 0.002 0.003 0.030 0.023 0.003 0.244 
 504 L H   0.662 0.000 0.002 0.003 0.028 0.023 0.004 0.279 
 505 G H   0.619 0.000 0.002 0.003 0.025 0.022 0.005 0.324 
 506 E H   0.568 0.000 0.002 0.003 0.022 0.022 0.005 0.378 
 507 L H   0.510 0.000 0.001 0.004 0.019 0.022 0.006 0.437 
 508 R _   0.450 0.000 0.001 0.004 0.017 0.021 0.008 0.500 
 509 S _   0.388 0.000 0.001 0.005 0.014 0.020 0.009 0.563 
 510 F _   0.332 0.000 0.001 0.005 0.011 0.020 0.010 0.620 
 511 L _   0.283 0.000 0.001 0.005 0.009 0.018 0.011 0.672 
 512 Q _   0.243 0.000 0.001 0.005 0.007 0.017 0.012 0.715 
 513 V _   0.213 0.000 0.001 0.004 0.006 0.016 0.012 0.749 
 514 R _   0.193 0.000 0.001 0.003 0.005 0.016 0.013 0.771 
 515 K _   0.183 0.000 0.000 0.002 0.004 0.016 0.013 0.782 
 516 Y _   0.185 0.000 0.000 0.002 0.004 0.016 0.013 0.780 
 517 S _   0.198 0.000 0.001 0.001 0.005 0.018 0.012 0.764 
 518 L _   0.222 0.000 0.001 0.002 0.006 0.021 0.012 0.736 
 519 D _   0.259 0.000 0.001 0.002 0.009 0.025 0.012 0.693 
 520 L _   0.305 0.000 0.001 0.002 0.013 0.030 0.011 0.637 
 521 A _   0.354 0.000 0.001 0.003 0.019 0.035 0.011 0.576 
 522 S _   0.398 0.000 0.002 0.004 0.026 0.040 0.011 0.519 
 523 L _   0.436 0.001 0.002 0.006 0.032 0.043 0.011 0.471 
 524 I H   0.461 0.001 0.002 0.007 0.036 0.045 0.011 0.437 
 525 L H   0.475 0.001 0.002 0.008 0.039 0.045 0.011 0.417 
 526 Y H   0.479 0.001 0.002 0.008 0.041 0.045 0.012 0.412 
 527 A H   0.473 0.001 0.002 0.008 0.040 0.044 0.013 0.419 
 528 Y H   0.458 0.001 0.002 0.007 0.038 0.042 0.014 0.437 
 529 Q _   0.434 0.001 0.002 0.007 0.035 0.041 0.015 0.465 
 530 L _   0.402 0.001 0.002 0.007 0.032 0.039 0.017 0.502 
 531 S _   0.363 0.001 0.002 0.007 0.028 0.037 0.019 0.545 
 532 T _   0.319 0.001 0.002 0.007 0.024 0.034 0.021 0.592 
 533 A _   0.274 0.001 0.002 0.008 0.020 0.032 0.023 0.640 
 534 L _   0.226 0.001 0.001 0.009 0.017 0.029 0.026 0.690 
 535 A _   0.182 0.001 0.001 0.009 0.014 0.027 0.028 0.738 
 536 Y _   0.143 0.001 0.001 0.009 0.011 0.024 0.031 0.780 
 537 L _   0.110 0.001 0.001 0.009 0.009 0.021 0.033 0.817 
 538 E _   0.083 0.001 0.001 0.007 0.007 0.019 0.034 0.847 
 539 S _   0.062 0.001 0.001 0.006 0.006 0.017 0.036 0.871 
 540 K _   0.047 0.001 0.001 0.005 0.005 0.016 0.037 0.889 
 541 R _   0.036 0.001 0.001 0.005 0.004 0.015 0.038 0.901 
 542 F _   0.029 0.001 0.000 0.005 0.004 0.015 0.039 0.908 
 543 V _   0.024 0.002 0.000 0.005 0.004 0.015 0.039 0.909 
 544 H _   0.022 0.003 0.001 0.007 0.005 0.016 0.039 0.907 
 545 R _   0.021 0.006 0.001 0.010 0.006 0.017 0.040 0.900 
 546 D _   0.020 0.010 0.001 0.013 0.008 0.018 0.040 0.892 
 547 I _   0.019 0.014 0.001 0.017 0.009 0.019 0.040 0.881 
 548 A _   0.019 0.018 0.001 0.020 0.010 0.019 0.040 0.872 
 549 A _   0.018 0.022 0.001 0.023 0.011 0.019 0.041 0.866 
 550 R _   0.017 0.025 0.001 0.024 0.010 0.018 0.041 0.864 
 551 N _   0.016 0.026 0.001 0.023 0.010 0.017 0.042 0.866 
 552 V _   0.015 0.026 0.001 0.020 0.008 0.016 0.043 0.870 
 553 L _   0.014 0.026 0.001 0.017 0.007 0.015 0.043 0.877 
 554 V _   0.012 0.025 0.001 0.014 0.006 0.013 0.044 0.884 
 555 S _   0.011 0.024 0.001 0.011 0.005 0.013 0.045 0.890 
 556 S _   0.010 0.024 0.000 0.009 0.004 0.012 0.046 0.894 
 557 N _   0.010 0.024 0.000 0.008 0.004 0.012 0.046 0.895 
 558 D _   0.010 0.026 0.000 0.009 0.004 0.012 0.046 0.893 
 559 C _   0.010 0.028 0.001 0.009 0.004 0.013 0.047 0.888 
 560 V _   0.011 0.032 0.001 0.012 0.005 0.014 0.047 0.879 
 561 K _   0.011 0.038 0.001 0.015 0.006 0.015 0.047 0.867 
 562 L _   0.012 0.045 0.001 0.019 0.007 0.016 0.047 0.853 
 563 G _   0.012 0.052 0.001 0.024 0.008 0.017 0.047 0.839 
 564 D _   0.012 0.058 0.001 0.028 0.009 0.017 0.047 0.827 
 565 F _   0.012 0.062 0.001 0.032 0.010 0.017 0.047 0.818 
 566 G _   0.013 0.064 0.001 0.034 0.010 0.017 0.048 0.814 
 567 L _   0.012 0.063 0.001 0.034 0.010 0.016 0.049 0.815 
 568 S _   0.012 0.061 0.001 0.032 0.009 0.015 0.051 0.820 
 569 R _   0.011 0.056 0.001 0.029 0.008 0.014 0.052 0.830 
 570 Y _   0.011 0.048 0.001 0.024 0.006 0.012 0.054 0.843 
 571 M _   0.010 0.039 0.001 0.019 0.005 0.011 0.056 0.858 
 572 E _   0.009 0.030 0.001 0.015 0.004 0.009 0.058 0.874 
 573 D _   0.008 0.021 0.000 0.011 0.003 0.008 0.060 0.887 
 574 S _   0.008 0.014 0.000 0.008 0.002 0.007 0.061 0.899 
 575 T _   0.007 0.009 0.000 0.006 0.002 0.006 0.062 0.908 
 576 Y _   0.006 0.006 0.000 0.004 0.002 0.005 0.062 0.914 
 577 Y _   0.005 0.005 0.000 0.004 0.001 0.005 0.062 0.917 
 578 K _   0.005 0.004 0.000 0.004 0.001 0.005 0.061 0.919 
 579 A _   0.005 0.004 0.000 0.004 0.002 0.006 0.060 0.920 
 580 S _   0.005 0.005 0.000 0.004 0.002 0.007 0.058 0.919 
 581 K _   0.005 0.006 0.000 0.006 0.002 0.008 0.056 0.916 
 582 G _   0.006 0.008 0.000 0.008 0.003 0.010 0.054 0.911 
 583 K _   0.007 0.012 0.000 0.011 0.004 0.011 0.051 0.903 
 584 L _   0.008 0.017 0.001 0.015 0.005 0.013 0.048 0.893 
 585 P _   0.008 0.023 0.001 0.020 0.007 0.016 0.045 0.882 
 586 I _   0.009 0.028 0.001 0.024 0.008 0.017 0.042 0.870 
 587 K _   0.010 0.032 0.001 0.028 0.010 0.019 0.039 0.862 
 588 W _   0.011 0.034 0.001 0.030 0.011 0.020 0.036 0.857 
 589 M _   0.012 0.035 0.001 0.031 0.012 0.021 0.034 0.854 
 590 A _   0.013 0.035 0.001 0.031 0.012 0.021 0.032 0.855 
 591 P _   0.015 0.033 0.001 0.029 0.012 0.021 0.030 0.860 
 592 E _   0.018 0.029 0.001 0.026 0.011 0.020 0.029 0.866 
 593 S _   0.021 0.024 0.001 0.022 0.010 0.020 0.027 0.874 
 594 I _   0.027 0.018 0.001 0.018 0.009 0.019 0.026 0.882 
 595 N _   0.036 0.012 0.001 0.013 0.008 0.018 0.025 0.887 
 596 F _   0.048 0.007 0.001 0.009 0.007 0.017 0.023 0.889 
 597 R _   0.065 0.003 0.001 0.006 0.006 0.015 0.021 0.883 
 598 R _   0.089 0.001 0.001 0.004 0.006 0.014 0.019 0.867 
 599 F _   0.123 0.000 0.001 0.002 0.005 0.014 0.017 0.838 
 600 T _   0.171 0.000 0.001 0.002 0.006 0.013 0.015 0.793 
 601 S _   0.237 0.000 0.001 0.001 0.006 0.013 0.012 0.730 
 602 A _   0.325 0.000 0.001 0.001 0.007 0.012 0.010 0.644 
 603 S _   0.433 0.000 0.001 0.001 0.008 0.012 0.008 0.537 
 604 D H   0.551 0.000 0.001 0.001 0.010 0.012 0.006 0.420 
 605 V H   0.665 0.000 0.001 0.001 0.011 0.011 0.004 0.307 
 606 W H   0.760 0.000 0.001 0.001 0.012 0.010 0.003 0.213 
 607 M H   0.829 0.000 0.001 0.001 0.012 0.009 0.002 0.146 
 608 F H   0.874 0.000 0.001 0.000 0.013 0.008 0.002 0.102 
 609 G H   0.902 0.000 0.001 0.000 0.013 0.007 0.002 0.075 
 610 V H   0.916 0.000 0.001 0.000 0.013 0.006 0.002 0.062 
 611 C H   0.920 0.000 0.001 0.000 0.014 0.006 0.002 0.057 
 612 M H   0.916 0.000 0.001 0.000 0.014 0.006 0.002 0.060 
 613 W H   0.904 0.000 0.001 0.000 0.015 0.006 0.003 0.070 
 614 E H   0.882 0.000 0.001 0.001 0.016 0.007 0.005 0.089 
 615 I H   0.846 0.000 0.001 0.001 0.017 0.008 0.007 0.120 
 616 L H   0.792 0.000 0.001 0.001 0.018 0.009 0.010 0.168 
 617 M H   0.721 0.000 0.002 0.002 0.018 0.010 0.016 0.232 
 618 H H   0.636 0.000 0.002 0.002 0.018 0.012 0.024 0.307 
 619 G H   0.538 0.000 0.002 0.003 0.016 0.013 0.036 0.392 
 620 V _   0.434 0.000 0.002 0.005 0.014 0.013 0.050 0.482 
 621 K _   0.331 0.000 0.001 0.006 0.012 0.013 0.066 0.570 
 622 P _   0.240 0.000 0.001 0.007 0.009 0.012 0.081 0.649 
 623 F _   0.166 0.000 0.001 0.007 0.007 0.011 0.095 0.714 
 624 Q _   0.109 0.000 0.001 0.006 0.005 0.010 0.106 0.763 
 625 G _   0.069 0.000 0.001 0.005 0.004 0.008 0.116 0.798 
 626 V _   0.042 0.000 0.000 0.004 0.003 0.007 0.123 0.821 
 627 K _   0.026 0.000 0.000 0.004 0.002 0.006 0.128 0.834 
 628 N _   0.017 0.000 0.000 0.003 0.002 0.006 0.132 0.840 
 629 N _   0.012 0.000 0.000 0.003 0.002 0.005 0.136 0.841 
 630 D _   0.009 0.001 0.000 0.004 0.002 0.006 0.138 0.840 
 631 V _   0.008 0.002 0.000 0.005 0.002 0.006 0.141 0.836 
 632 I _   0.007 0.003 0.000 0.008 0.002 0.007 0.142 0.830 
 633 G _   0.007 0.004 0.000 0.010 0.003 0.008 0.144 0.823 
 634 R _   0.007 0.006 0.000 0.014 0.004 0.009 0.145 0.815 
 635 I _   0.007 0.008 0.001 0.016 0.004 0.009 0.147 0.808 
 636 E _   0.007 0.009 0.001 0.018 0.005 0.010 0.148 0.803 
 637 N _   0.007 0.010 0.001 0.018 0.005 0.009 0.150 0.801 
 638 G _   0.006 0.010 0.001 0.017 0.004 0.009 0.152 0.801 
 639 E _   0.006 0.009 0.000 0.015 0.004 0.008 0.155 0.803 
 640 R _   0.006 0.008 0.000 0.011 0.003 0.008 0.157 0.807 
 641 L _   0.005 0.007 0.000 0.008 0.002 0.007 0.159 0.811 
 642 P _   0.005 0.006 0.000 0.006 0.002 0.006 0.160 0.814 
 643 M _   0.005 0.006 0.000 0.004 0.002 0.006 0.161 0.816 
 644 P _   0.005 0.006 0.000 0.003 0.001 0.007 0.161 0.815 
 645 P _   0.006 0.007 0.000 0.003 0.002 0.009 0.161 0.812 
 646 N _   0.007 0.011 0.000 0.005 0.003 0.012 0.160 0.803 
 647 C _   0.010 0.020 0.001 0.008 0.005 0.016 0.158 0.783 
 648 P _   0.014 0.042 0.001 0.014 0.009 0.022 0.155 0.743 
 649 P _   0.017 0.091 0.002 0.025 0.015 0.028 0.150 0.673 
 650 T _   0.019 0.168 0.002 0.040 0.022 0.032 0.144 0.573 
 651 L _   0.018 0.252 0.003 0.058 0.026 0.034 0.138 0.473 
 652 Y _   0.016 0.313 0.002 0.072 0.026 0.033 0.134 0.404 
 653 S _   0.015 0.348 0.002 0.081 0.025 0.031 0.132 0.366 
 654 L E   0.014 0.364 0.002 0.086 0.024 0.029 0.131 0.350 
 655 M E   0.013 0.368 0.001 0.086 0.022 0.027 0.132 0.350 
 656 T _   0.012 0.362 0.002 0.081 0.020 0.024 0.135 0.364 
 657 K _   0.012 0.343 0.002 0.071 0.018 0.022 0.139 0.394 
 658 C _   0.012 0.304 0.002 0.058 0.015 0.019 0.145 0.445 
 659 W _   0.012 0.245 0.002 0.043 0.013 0.017 0.153 0.517 
 660 A _   0.012 0.172 0.001 0.029 0.010 0.015 0.162 0.600 
 661 Y _   0.011 0.110 0.001 0.017 0.006 0.012 0.170 0.673 
 662 D _   0.009 0.070 0.001 0.010 0.004 0.011 0.176 0.720 
 663 P _   0.008 0.050 0.000 0.006 0.003 0.009 0.180 0.745 
