#TopoPred_TM8: 8-state transmembrane topology prediction results by no_profile mode 
#probabilities are in the order of H E C I L F X _, the 8 transmembrane topology types used in PDBTM 
   1 M X   0.016 0.002 0.002 0.057 0.011 0.013 0.653 0.245 
   2 A X   0.006 0.001 0.000 0.037 0.002 0.008 0.669 0.276 
   3 E X   0.003 0.001 0.000 0.024 0.001 0.007 0.671 0.293 
   4 K X   0.002 0.002 0.000 0.019 0.001 0.008 0.666 0.302 
   5 F X   0.004 0.003 0.000 0.019 0.002 0.011 0.655 0.307 
   6 E X   0.006 0.005 0.000 0.020 0.003 0.014 0.639 0.312 
   7 S X   0.008 0.010 0.001 0.024 0.005 0.017 0.621 0.315 
   8 L X   0.009 0.016 0.001 0.029 0.007 0.019 0.601 0.318 
   9 M X   0.010 0.022 0.001 0.035 0.008 0.019 0.581 0.323 
  10 N X   0.010 0.028 0.001 0.039 0.010 0.019 0.563 0.331 
  11 I X   0.010 0.031 0.001 0.041 0.010 0.018 0.547 0.342 
  12 H X   0.009 0.033 0.001 0.040 0.010 0.017 0.534 0.356 
  13 G X   0.009 0.033 0.001 0.036 0.009 0.015 0.524 0.373 
  14 F X   0.008 0.031 0.001 0.030 0.008 0.014 0.516 0.393 
  15 D X   0.008 0.028 0.001 0.023 0.006 0.012 0.509 0.413 
  16 L X   0.008 0.024 0.001 0.017 0.005 0.010 0.503 0.433 
  17 G X   0.007 0.020 0.000 0.012 0.004 0.009 0.497 0.451 
  18 S X   0.006 0.017 0.000 0.009 0.003 0.008 0.491 0.467 
  19 R X   0.005 0.014 0.000 0.006 0.002 0.007 0.484 0.481 
  20 Y _   0.005 0.013 0.000 0.005 0.002 0.006 0.477 0.492 
  21 M _   0.004 0.012 0.000 0.004 0.002 0.006 0.469 0.502 
  22 D _   0.004 0.013 0.000 0.004 0.002 0.007 0.459 0.510 
  23 L _   0.005 0.014 0.000 0.005 0.002 0.008 0.449 0.518 
  24 K _   0.005 0.017 0.000 0.006 0.003 0.009 0.437 0.523 
  25 P _   0.006 0.023 0.001 0.009 0.004 0.011 0.422 0.525 
  26 L _   0.007 0.034 0.001 0.013 0.006 0.014 0.405 0.521 
  27 G _   0.008 0.052 0.001 0.020 0.009 0.017 0.384 0.508 
  28 C _   0.009 0.078 0.001 0.029 0.013 0.020 0.362 0.488 
  29 G _   0.010 0.108 0.002 0.041 0.016 0.023 0.339 0.461 
  30 G _   0.011 0.137 0.002 0.053 0.019 0.024 0.318 0.436 
  31 N _   0.011 0.157 0.002 0.064 0.021 0.025 0.302 0.418 
  32 G _   0.011 0.169 0.002 0.072 0.021 0.025 0.291 0.411 
  33 L _   0.012 0.173 0.001 0.074 0.020 0.024 0.283 0.414 
  34 V _   0.011 0.171 0.001 0.072 0.018 0.022 0.277 0.427 
  35 F _   0.011 0.163 0.001 0.064 0.016 0.020 0.273 0.453 
  36 S _   0.010 0.144 0.001 0.052 0.013 0.017 0.270 0.492 
  37 A _   0.010 0.114 0.001 0.037 0.010 0.014 0.268 0.544 
  38 V _   0.009 0.078 0.001 0.024 0.007 0.012 0.267 0.602 
  39 D _   0.008 0.047 0.001 0.013 0.004 0.010 0.266 0.652 
  40 N _   0.007 0.027 0.000 0.007 0.003 0.009 0.263 0.684 
  41 D _   0.006 0.017 0.000 0.004 0.002 0.008 0.260 0.702 
  42 C _   0.005 0.014 0.000 0.003 0.002 0.008 0.257 0.711 
  43 D _   0.006 0.014 0.000 0.004 0.002 0.009 0.252 0.713 
  44 K _   0.007 0.015 0.000 0.006 0.003 0.011 0.247 0.710 
  45 R _   0.009 0.019 0.001 0.011 0.005 0.014 0.241 0.701 
  46 V _   0.010 0.027 0.001 0.019 0.008 0.017 0.233 0.686 
  47 A _   0.012 0.036 0.001 0.029 0.010 0.019 0.225 0.668 
  48 I _   0.012 0.044 0.001 0.037 0.012 0.020 0.218 0.655 
  49 K _   0.013 0.048 0.001 0.043 0.013 0.021 0.212 0.649 
  50 K _   0.013 0.050 0.001 0.043 0.013 0.020 0.207 0.652 
  51 I _   0.012 0.048 0.001 0.041 0.012 0.019 0.204 0.662 
  52 V _   0.012 0.044 0.001 0.034 0.011 0.018 0.201 0.679 
  53 L _   0.011 0.037 0.001 0.026 0.009 0.016 0.199 0.701 
  54 T _   0.010 0.028 0.001 0.018 0.006 0.014 0.198 0.725 
  55 D _   0.009 0.019 0.001 0.011 0.005 0.012 0.196 0.747 
  56 P _   0.009 0.013 0.000 0.007 0.003 0.011 0.194 0.762 
  57 Q _   0.008 0.010 0.000 0.005 0.003 0.011 0.192 0.771 
  58 S _   0.009 0.009 0.000 0.004 0.003 0.012 0.189 0.775 
  59 V _   0.010 0.009 0.000 0.004 0.003 0.013 0.186 0.775 
  60 K _   0.012 0.011 0.000 0.006 0.004 0.016 0.182 0.769 
  61 H _   0.014 0.015 0.001 0.010 0.007 0.018 0.177 0.758 
  62 A _   0.016 0.022 0.001 0.016 0.009 0.021 0.172 0.742 
  63 L _   0.018 0.031 0.001 0.024 0.013 0.024 0.167 0.722 
  64 R _   0.019 0.040 0.001 0.032 0.015 0.026 0.162 0.704 
  65 E _   0.020 0.046 0.001 0.039 0.017 0.026 0.158 0.693 
  66 I _   0.020 0.049 0.001 0.042 0.017 0.026 0.155 0.690 
  67 K _   0.019 0.049 0.001 0.041 0.016 0.024 0.153 0.696 
  68 I _   0.018 0.047 0.001 0.036 0.014 0.022 0.151 0.710 
  69 I _   0.017 0.042 0.001 0.029 0.012 0.020 0.150 0.729 
  70 R _   0.016 0.034 0.001 0.021 0.009 0.018 0.149 0.752 
  71 R _   0.014 0.025 0.001 0.014 0.007 0.016 0.149 0.775 
  72 L _   0.013 0.019 0.001 0.009 0.005 0.014 0.148 0.792 
  73 D _   0.012 0.015 0.000 0.006 0.004 0.013 0.147 0.804 
  74 H _   0.011 0.013 0.000 0.005 0.003 0.013 0.146 0.809 
  75 D _   0.012 0.013 0.000 0.005 0.003 0.014 0.144 0.809 
  76 N _   0.013 0.014 0.000 0.006 0.004 0.015 0.142 0.805 
  77 I _   0.015 0.019 0.001 0.009 0.006 0.017 0.139 0.794 
  78 V _   0.016 0.028 0.001 0.015 0.009 0.019 0.136 0.776 
  79 K _   0.017 0.039 0.001 0.023 0.011 0.021 0.133 0.755 
  80 V _   0.018 0.049 0.001 0.031 0.013 0.022 0.130 0.734 
  81 F _   0.018 0.057 0.001 0.038 0.015 0.023 0.127 0.721 
  82 E _   0.017 0.062 0.001 0.042 0.015 0.022 0.126 0.715 
  83 I _   0.016 0.063 0.001 0.042 0.014 0.021 0.125 0.718 
  84 L _   0.015 0.061 0.001 0.039 0.013 0.019 0.124 0.728 
  85 G _   0.013 0.057 0.001 0.034 0.011 0.017 0.124 0.744 
  86 P _   0.012 0.049 0.001 0.027 0.008 0.015 0.125 0.764 
  87 S _   0.010 0.040 0.001 0.020 0.006 0.013 0.125 0.785 
  88 G _   0.009 0.031 0.001 0.014 0.005 0.011 0.126 0.804 
  89 S _   0.008 0.023 0.000 0.010 0.004 0.009 0.126 0.820 
  90 Q _   0.007 0.017 0.000 0.007 0.003 0.008 0.126 0.832 
  91 L _   0.006 0.013 0.000 0.006 0.002 0.007 0.126 0.839 
  92 T _   0.005 0.011 0.000 0.005 0.002 0.007 0.125 0.844 
  93 D _   0.005 0.011 0.000 0.005 0.002 0.008 0.124 0.846 
  94 D _   0.006 0.011 0.000 0.005 0.002 0.009 0.122 0.845 
  95 V _   0.006 0.012 0.000 0.006 0.003 0.011 0.120 0.843 
  96 G _   0.008 0.014 0.000 0.007 0.004 0.013 0.117 0.837 
  97 S _   0.010 0.018 0.001 0.009 0.005 0.016 0.114 0.827 
  98 L _   0.012 0.024 0.001 0.012 0.007 0.020 0.111 0.813 
  99 T _   0.016 0.031 0.001 0.016 0.010 0.025 0.108 0.794 
 100 E _   0.019 0.041 0.001 0.020 0.014 0.029 0.104 0.772 
 101 L _   0.022 0.051 0.001 0.026 0.018 0.033 0.100 0.748 
 102 N _   0.026 0.061 0.002 0.032 0.022 0.037 0.097 0.724 
 103 S _   0.030 0.070 0.002 0.037 0.025 0.039 0.094 0.702 
 104 V _   0.033 0.076 0.002 0.042 0.027 0.040 0.092 0.687 
 105 Y _   0.036 0.080 0.002 0.045 0.028 0.040 0.091 0.679 
 106 I _   0.037 0.080 0.002 0.045 0.027 0.039 0.090 0.680 
 107 V _   0.037 0.077 0.002 0.042 0.025 0.036 0.090 0.691 
 108 Q _   0.036 0.070 0.002 0.037 0.022 0.033 0.090 0.710 
 109 E _   0.033 0.059 0.001 0.030 0.018 0.029 0.090 0.738 
 110 Y _   0.029 0.046 0.001 0.023 0.014 0.025 0.091 0.770 
 111 M _   0.025 0.032 0.001 0.017 0.010 0.022 0.092 0.802 
 112 E _   0.021 0.020 0.001 0.011 0.007 0.019 0.092 0.828 
 113 T _   0.018 0.012 0.001 0.008 0.005 0.016 0.092 0.848 
 114 D _   0.015 0.008 0.000 0.006 0.004 0.014 0.092 0.860 
 115 L _   0.013 0.005 0.000 0.005 0.004 0.013 0.092 0.867 
 116 A _   0.013 0.004 0.000 0.006 0.003 0.013 0.091 0.870 
 117 N _   0.012 0.004 0.000 0.006 0.004 0.013 0.090 0.871 
 118 V _   0.012 0.003 0.000 0.007 0.004 0.014 0.089 0.870 
 119 L _   0.013 0.003 0.001 0.008 0.004 0.014 0.088 0.868 
 120 E _   0.014 0.003 0.001 0.009 0.005 0.016 0.087 0.867 
 121 Q _   0.015 0.003 0.001 0.009 0.005 0.017 0.085 0.865 
 122 G _   0.017 0.003 0.001 0.009 0.006 0.018 0.084 0.863 
 123 P _   0.020 0.002 0.001 0.008 0.006 0.020 0.082 0.861 
 124 L _   0.024 0.002 0.001 0.007 0.006 0.023 0.081 0.857 
 125 L _   0.030 0.002 0.001 0.006 0.007 0.026 0.079 0.850 
 126 E _   0.038 0.002 0.001 0.006 0.008 0.030 0.077 0.838 
 127 E _   0.049 0.002 0.001 0.006 0.011 0.034 0.075 0.822 
 128 H _   0.061 0.003 0.001 0.007 0.014 0.039 0.074 0.800 
 129 A _   0.075 0.005 0.001 0.009 0.019 0.044 0.072 0.775 
 130 R _   0.088 0.007 0.001 0.012 0.024 0.048 0.071 0.748 
 131 L _   0.099 0.011 0.002 0.016 0.029 0.052 0.069 0.722 
 132 F _   0.108 0.014 0.002 0.020 0.033 0.053 0.068 0.701 
 133 M _   0.113 0.017 0.002 0.024 0.035 0.053 0.068 0.688 
 134 Y _   0.114 0.019 0.002 0.026 0.035 0.051 0.068 0.685 
 135 Q _   0.111 0.019 0.002 0.026 0.033 0.049 0.068 0.692 
 136 L _   0.105 0.018 0.002 0.025 0.030 0.045 0.069 0.706 
 137 L _   0.097 0.017 0.002 0.022 0.026 0.041 0.070 0.727 
 138 R _   0.086 0.014 0.001 0.018 0.021 0.036 0.071 0.752 
 139 G _   0.075 0.011 0.001 0.015 0.016 0.032 0.072 0.777 
 140 L _   0.064 0.009 0.001 0.012 0.013 0.028 0.074 0.800 
 141 K _   0.053 0.007 0.001 0.010 0.010 0.024 0.075 0.820 
 142 Y _   0.044 0.006 0.001 0.009 0.008 0.021 0.076 0.835 
 143 I _   0.035 0.005 0.001 0.009 0.007 0.018 0.077 0.847 
 144 H _   0.028 0.004 0.001 0.009 0.006 0.016 0.078 0.857 
 145 S _   0.023 0.004 0.001 0.010 0.005 0.014 0.079 0.864 
 146 A _   0.019 0.004 0.001 0.009 0.005 0.013 0.080 0.870 
 147 N _   0.016 0.003 0.001 0.009 0.004 0.011 0.080 0.876 
 148 V _   0.013 0.003 0.000 0.008 0.004 0.010 0.081 0.881 
 149 L _   0.011 0.002 0.000 0.007 0.003 0.009 0.081 0.885 
 150 H _   0.010 0.002 0.000 0.006 0.003 0.008 0.081 0.890 
 151 R _   0.009 0.002 0.000 0.005 0.003 0.008 0.080 0.893 
 152 D _   0.008 0.002 0.000 0.005 0.002 0.008 0.080 0.895 
 153 L _   0.008 0.002 0.000 0.004 0.002 0.008 0.079 0.896 
 154 K _   0.008 0.002 0.000 0.004 0.003 0.009 0.078 0.895 
 155 P _   0.009 0.003 0.000 0.005 0.003 0.010 0.077 0.893 
 156 A _   0.010 0.004 0.000 0.006 0.004 0.012 0.076 0.888 
 157 N _   0.012 0.006 0.001 0.007 0.004 0.014 0.075 0.881 
 158 L _   0.014 0.009 0.001 0.009 0.006 0.017 0.073 0.872 
 159 F _   0.016 0.013 0.001 0.011 0.007 0.020 0.071 0.862 
 160 I _   0.018 0.017 0.001 0.013 0.008 0.022 0.069 0.852 
 161 N _   0.020 0.022 0.001 0.014 0.010 0.025 0.068 0.841 
 162 T _   0.022 0.027 0.001 0.015 0.011 0.028 0.066 0.830 
 163 E _   0.025 0.033 0.001 0.015 0.012 0.030 0.064 0.819 
 164 D _   0.029 0.038 0.001 0.016 0.014 0.033 0.063 0.807 
 165 L _   0.032 0.045 0.001 0.016 0.015 0.035 0.061 0.794 
 166 V _   0.036 0.052 0.001 0.017 0.017 0.037 0.060 0.780 
 167 L _   0.038 0.061 0.001 0.019 0.019 0.039 0.059 0.764 
 168 K _   0.040 0.070 0.001 0.023 0.021 0.040 0.058 0.748 
 169 I _   0.042 0.081 0.002 0.027 0.023 0.040 0.057 0.730 
 170 G _   0.042 0.091 0.002 0.032 0.024 0.040 0.056 0.714 
 171 D _   0.042 0.098 0.002 0.037 0.025 0.038 0.055 0.702 
 172 F _   0.041 0.103 0.002 0.042 0.024 0.036 0.055 0.697 
 173 G _   0.038 0.105 0.002 0.044 0.023 0.034 0.056 0.699 
 174 L _   0.035 0.103 0.002 0.043 0.020 0.031 0.057 0.709 
 175 A _   0.032 0.097 0.001 0.040 0.017 0.027 0.058 0.728 
 176 R _   0.027 0.087 0.001 0.034 0.014 0.023 0.060 0.754 
 177 I _   0.023 0.073 0.001 0.027 0.010 0.019 0.061 0.786 
 178 M _   0.019 0.056 0.001 0.020 0.007 0.016 0.063 0.819 
 179 D _   0.015 0.039 0.001 0.013 0.005 0.013 0.064 0.850 
 180 P _   0.012 0.027 0.000 0.008 0.003 0.010 0.065 0.873 
 181 H _   0.010 0.019 0.000 0.005 0.002 0.009 0.065 0.889 
 182 Y _   0.008 0.016 0.000 0.004 0.002 0.008 0.065 0.898 
 183 S _   0.007 0.014 0.000 0.003 0.002 0.008 0.064 0.902 
 184 H _   0.007 0.015 0.000 0.003 0.002 0.008 0.063 0.901 
 185 K _   0.007 0.018 0.000 0.005 0.002 0.010 0.062 0.895 
 186 G _   0.009 0.026 0.000 0.008 0.004 0.012 0.060 0.881 
 187 H _   0.010 0.042 0.001 0.013 0.006 0.015 0.057 0.856 
 188 L _   0.011 0.069 0.001 0.021 0.009 0.018 0.053 0.818 
 189 S _   0.012 0.102 0.001 0.029 0.011 0.021 0.049 0.774 
 190 E _   0.012 0.133 0.001 0.038 0.013 0.022 0.045 0.735 
 191 G _   0.012 0.157 0.001 0.045 0.014 0.023 0.042 0.705 
 192 L _   0.012 0.172 0.001 0.049 0.015 0.023 0.040 0.687 
 193 V _   0.012 0.180 0.001 0.052 0.015 0.023 0.038 0.680 
 194 T _   0.012 0.182 0.001 0.051 0.015 0.022 0.037 0.680 
 195 K _   0.012 0.180 0.001 0.049 0.014 0.021 0.036 0.688 
 196 W _   0.011 0.172 0.001 0.045 0.013 0.019 0.035 0.702 
 197 Y _   0.011 0.160 0.001 0.040 0.012 0.018 0.035 0.722 
 198 R _   0.011 0.144 0.001 0.035 0.010 0.017 0.035 0.747 
 199 S _   0.011 0.123 0.001 0.030 0.009 0.015 0.035 0.776 
 200 P _   0.011 0.099 0.001 0.025 0.008 0.014 0.036 0.807 
 201 R _   0.011 0.074 0.001 0.020 0.006 0.012 0.036 0.840 
 202 L _   0.011 0.051 0.001 0.015 0.005 0.010 0.036 0.871 
 203 L _   0.011 0.031 0.001 0.011 0.004 0.009 0.036 0.898 
 204 L _   0.011 0.016 0.000 0.007 0.003 0.007 0.035 0.920 
 205 S _   0.014 0.007 0.000 0.004 0.002 0.006 0.034 0.932 
 206 P _   0.018 0.002 0.000 0.003 0.002 0.006 0.033 0.936 
 207 N _   0.029 0.001 0.000 0.002 0.002 0.006 0.031 0.930 
 208 N _   0.051 0.000 0.000 0.001 0.002 0.006 0.028 0.910 
 209 Y _   0.093 0.000 0.000 0.001 0.003 0.008 0.025 0.870 
 210 T _   0.165 0.000 0.001 0.001 0.004 0.010 0.021 0.798 
 211 K _   0.271 0.000 0.001 0.001 0.006 0.012 0.017 0.693 
 212 A _   0.398 0.000 0.001 0.001 0.008 0.013 0.012 0.565 
 213 I H   0.536 0.000 0.001 0.001 0.011 0.015 0.009 0.427 
 214 D H   0.660 0.000 0.001 0.001 0.014 0.015 0.006 0.304 
 215 M H   0.756 0.000 0.001 0.001 0.015 0.014 0.004 0.209 
 216 W H   0.824 0.000 0.001 0.001 0.016 0.012 0.002 0.143 
 217 A H   0.868 0.000 0.001 0.001 0.017 0.011 0.002 0.101 
 218 A H   0.893 0.000 0.001 0.001 0.017 0.010 0.001 0.078 
 219 G H   0.906 0.000 0.001 0.001 0.017 0.009 0.001 0.066 
 220 C H   0.909 0.000 0.001 0.001 0.017 0.008 0.001 0.063 
 221 I H   0.904 0.000 0.001 0.001 0.017 0.007 0.001 0.069 
 222 F H   0.889 0.000 0.001 0.001 0.017 0.007 0.001 0.084 
 223 A H   0.861 0.000 0.001 0.001 0.017 0.008 0.002 0.111 
 224 E H   0.818 0.000 0.001 0.001 0.016 0.008 0.003 0.153 
 225 M H   0.757 0.000 0.001 0.001 0.016 0.009 0.004 0.212 
 226 L H   0.677 0.000 0.001 0.001 0.014 0.010 0.005 0.291 
 227 T H   0.585 0.000 0.001 0.001 0.013 0.011 0.007 0.381 
 228 G H   0.490 0.000 0.001 0.002 0.011 0.012 0.010 0.474 
 229 K _   0.400 0.000 0.001 0.002 0.010 0.013 0.013 0.560 
 230 T _   0.320 0.000 0.001 0.003 0.009 0.014 0.016 0.637 
 231 L _   0.251 0.000 0.001 0.003 0.008 0.014 0.019 0.703 
 232 F _   0.194 0.000 0.001 0.004 0.007 0.015 0.022 0.757 
 233 A _   0.149 0.000 0.001 0.004 0.006 0.015 0.025 0.799 
 234 G _   0.116 0.000 0.001 0.004 0.006 0.015 0.027 0.831 
 235 A _   0.092 0.000 0.001 0.004 0.005 0.016 0.029 0.852 
 236 H _   0.076 0.000 0.001 0.004 0.005 0.017 0.031 0.866 
 237 E _   0.066 0.000 0.001 0.004 0.006 0.018 0.032 0.872 
 238 L _   0.061 0.001 0.001 0.005 0.006 0.020 0.034 0.873 
 239 E _   0.058 0.001 0.001 0.006 0.007 0.022 0.035 0.870 
 240 Q _   0.057 0.002 0.001 0.008 0.009 0.024 0.037 0.863 
 241 M _   0.058 0.003 0.001 0.010 0.011 0.026 0.038 0.853 
 242 Q _   0.058 0.005 0.001 0.013 0.014 0.028 0.040 0.842 
 243 L _   0.058 0.007 0.001 0.016 0.015 0.029 0.041 0.833 
 244 I _   0.057 0.008 0.001 0.019 0.017 0.029 0.043 0.825 
 245 L _   0.054 0.009 0.001 0.022 0.017 0.029 0.046 0.822 
 246 E _   0.051 0.010 0.001 0.022 0.016 0.027 0.048 0.824 
 247 S _   0.047 0.010 0.001 0.021 0.015 0.025 0.051 0.830 
 248 I _   0.042 0.009 0.001 0.019 0.012 0.023 0.054 0.840 
 249 P _   0.036 0.007 0.001 0.016 0.010 0.021 0.057 0.852 
 250 V _   0.031 0.005 0.001 0.012 0.008 0.018 0.060 0.864 
 251 V _   0.027 0.003 0.001 0.009 0.006 0.016 0.063 0.876 
 252 H _   0.023 0.002 0.000 0.006 0.004 0.014 0.065 0.886 
 253 E _   0.020 0.001 0.000 0.004 0.003 0.013 0.067 0.891 
 254 E _   0.018 0.001 0.000 0.003 0.003 0.013 0.068 0.893 
 255 D _   0.018 0.001 0.000 0.003 0.003 0.014 0.069 0.892 
 256 R _   0.019 0.001 0.000 0.003 0.004 0.016 0.070 0.887 
 257 Q _   0.022 0.003 0.000 0.004 0.005 0.019 0.071 0.876 
 258 E _   0.026 0.006 0.001 0.007 0.008 0.022 0.072 0.858 
 259 L _   0.031 0.013 0.001 0.013 0.011 0.026 0.072 0.833 
 260 L _   0.034 0.025 0.001 0.021 0.016 0.029 0.073 0.800 
 261 S _   0.037 0.038 0.002 0.031 0.020 0.031 0.074 0.768 
 262 V _   0.038 0.048 0.002 0.040 0.022 0.032 0.075 0.742 
 263 I _   0.038 0.055 0.002 0.047 0.023 0.032 0.077 0.728 
 264 P _   0.037 0.057 0.002 0.049 0.022 0.030 0.080 0.723 
 265 V _   0.034 0.056 0.002 0.047 0.020 0.028 0.083 0.731 
 266 Y _   0.031 0.052 0.001 0.041 0.016 0.024 0.087 0.748 
 267 I _   0.027 0.044 0.001 0.032 0.012 0.021 0.091 0.772 
 268 R _   0.023 0.032 0.001 0.023 0.009 0.017 0.095 0.800 
 269 N _   0.019 0.021 0.001 0.014 0.006 0.014 0.099 0.826 
 270 D _   0.015 0.012 0.000 0.009 0.004 0.011 0.102 0.847 
 271 M _   0.012 0.006 0.000 0.005 0.002 0.009 0.105 0.861 
 272 T _   0.010 0.004 0.000 0.003 0.002 0.007 0.106 0.868 
 273 E _   0.008 0.003 0.000 0.002 0.001 0.007 0.107 0.872 
 274 P _   0.007 0.002 0.000 0.002 0.001 0.007 0.107 0.872 
 275 H _   0.007 0.003 0.000 0.003 0.002 0.008 0.107 0.870 
 276 K _   0.008 0.005 0.000 0.004 0.002 0.010 0.106 0.864 
 277 P _   0.009 0.009 0.000 0.007 0.004 0.012 0.105 0.855 
 278 L _   0.010 0.016 0.001 0.010 0.005 0.015 0.104 0.839 
 279 T _   0.011 0.026 0.001 0.015 0.007 0.017 0.102 0.821 
 280 Q _   0.011 0.037 0.001 0.019 0.009 0.020 0.101 0.802 
 281 L _   0.012 0.046 0.001 0.023 0.010 0.022 0.099 0.787 
 282 L _   0.012 0.053 0.001 0.025 0.010 0.024 0.098 0.777 
 283 P _   0.013 0.058 0.001 0.024 0.011 0.025 0.097 0.771 
 284 G _   0.014 0.061 0.001 0.022 0.011 0.026 0.097 0.768 
 285 I _   0.016 0.062 0.001 0.020 0.011 0.028 0.096 0.766 
 286 S _   0.018 0.063 0.001 0.016 0.011 0.030 0.096 0.765 
 287 R _   0.021 0.064 0.001 0.014 0.012 0.032 0.096 0.761 
 288 E _   0.025 0.065 0.001 0.013 0.013 0.034 0.096 0.752 
 289 A _   0.029 0.068 0.001 0.014 0.015 0.037 0.096 0.739 
 290 L _   0.034 0.073 0.001 0.016 0.018 0.040 0.096 0.722 
 291 D _   0.038 0.080 0.001 0.020 0.021 0.042 0.096 0.702 
 292 F _   0.041 0.088 0.002 0.025 0.024 0.042 0.097 0.680 
 293 L _   0.044 0.095 0.002 0.031 0.026 0.042 0.098 0.662 
 294 E _   0.045 0.100 0.002 0.036 0.026 0.041 0.100 0.651 
 295 Q _   0.044 0.101 0.002 0.038 0.025 0.039 0.102 0.650 
 296 I _   0.042 0.099 0.002 0.037 0.023 0.035 0.105 0.657 
 297 L _   0.038 0.093 0.002 0.034 0.020 0.032 0.109 0.674 
 298 T _   0.034 0.083 0.001 0.028 0.016 0.028 0.112 0.697 
 299 F _   0.030 0.070 0.001 0.022 0.013 0.024 0.117 0.724 
 300 S _   0.026 0.056 0.001 0.017 0.010 0.021 0.121 0.749 
 301 P _   0.022 0.045 0.001 0.012 0.007 0.018 0.125 0.770 
 302 M _   0.019 0.036 0.001 0.009 0.006 0.016 0.128 0.785 
 303 D _   0.016 0.031 0.001 0.008 0.005 0.014 0.131 0.795 
 304 R _   0.014 0.028 0.000 0.007 0.004 0.013 0.134 0.799 
 305 L _   0.013 0.026 0.000 0.007 0.004 0.013 0.136 0.801 
 306 T _   0.012 0.026 0.000 0.007 0.004 0.012 0.138 0.801 
 307 A _   0.011 0.026 0.000 0.008 0.004 0.012 0.140 0.799 
 308 E _   0.010 0.028 0.000 0.009 0.004 0.012 0.141 0.796 
 309 E _   0.010 0.030 0.001 0.010 0.004 0.012 0.142 0.792 
 310 A _   0.010 0.033 0.001 0.011 0.005 0.013 0.143 0.786 
 311 L _   0.009 0.036 0.001 0.012 0.005 0.013 0.144 0.779 
 312 S _   0.010 0.040 0.001 0.014 0.006 0.014 0.145 0.772 
 313 H _   0.010 0.044 0.001 0.017 0.007 0.014 0.146 0.762 
 314 P _   0.010 0.048 0.001 0.020 0.008 0.015 0.147 0.751 
 315 Y _   0.010 0.052 0.001 0.024 0.009 0.016 0.149 0.739 
 316 M _   0.011 0.056 0.001 0.027 0.010 0.016 0.151 0.729 
 317 S _   0.011 0.058 0.001 0.029 0.010 0.016 0.154 0.720 
 318 I _   0.011 0.058 0.001 0.031 0.010 0.016 0.158 0.715 
 319 Y _   0.011 0.057 0.001 0.030 0.009 0.015 0.162 0.714 
 320 S _   0.010 0.054 0.001 0.028 0.009 0.014 0.167 0.717 
 321 F _   0.010 0.049 0.001 0.025 0.007 0.013 0.172 0.723 
 322 P _   0.009 0.043 0.001 0.020 0.006 0.011 0.178 0.731 
 323 M _   0.008 0.035 0.001 0.016 0.005 0.010 0.184 0.740 
 324 D _   0.008 0.029 0.001 0.012 0.004 0.009 0.190 0.748 
 325 E _   0.007 0.023 0.000 0.009 0.003 0.008 0.195 0.755 
 326 P _   0.006 0.019 0.000 0.007 0.003 0.007 0.200 0.758 
 327 I _   0.006 0.016 0.000 0.006 0.002 0.006 0.204 0.760 
 328 S _   0.005 0.015 0.000 0.005 0.002 0.006 0.207 0.759 
 329 S _   0.005 0.015 0.000 0.006 0.002 0.006 0.210 0.756 
 330 H _   0.005 0.015 0.000 0.006 0.002 0.006 0.212 0.753 
 331 P _   0.005 0.016 0.000 0.007 0.002 0.007 0.214 0.748 
 332 F _   0.005 0.018 0.000 0.008 0.003 0.007 0.216 0.743 
 333 H _   0.005 0.021 0.000 0.008 0.003 0.007 0.217 0.738 
 334 I _   0.005 0.024 0.000 0.009 0.003 0.008 0.219 0.732 
 335 E _   0.005 0.027 0.000 0.010 0.003 0.008 0.220 0.726 
 336 D _   0.005 0.032 0.000 0.011 0.004 0.009 0.221 0.719 
 337 E _   0.005 0.037 0.000 0.012 0.004 0.009 0.222 0.711 
 338 V _   0.006 0.043 0.001 0.013 0.004 0.010 0.223 0.701 
 339 D _   0.006 0.049 0.001 0.015 0.005 0.011 0.224 0.690 
 340 D _   0.006 0.056 0.001 0.017 0.005 0.012 0.225 0.678 
 341 I _   0.007 0.063 0.001 0.019 0.006 0.012 0.227 0.666 
 342 L _   0.007 0.069 0.001 0.020 0.006 0.013 0.229 0.655 
 343 L _   0.007 0.073 0.001 0.021 0.007 0.013 0.232 0.646 
 344 M _   0.007 0.076 0.001 0.022 0.007 0.013 0.235 0.640 
 345 D _   0.007 0.078 0.001 0.021 0.006 0.013 0.238 0.636 
 346 E _   0.007 0.078 0.001 0.020 0.006 0.013 0.242 0.633 
 347 T _   0.007 0.078 0.001 0.019 0.006 0.012 0.246 0.631 
 348 H _   0.007 0.077 0.001 0.018 0.006 0.012 0.251 0.628 
 349 S _   0.007 0.076 0.001 0.018 0.006 0.012 0.255 0.625 
 350 H _   0.007 0.075 0.001 0.018 0.006 0.012 0.261 0.621 
 351 I _   0.007 0.073 0.001 0.019 0.006 0.012 0.267 0.615 
 352 Y _   0.007 0.071 0.001 0.019 0.006 0.012 0.273 0.610 
 353 N _   0.007 0.069 0.001 0.020 0.006 0.012 0.280 0.606 
 354 W _   0.007 0.065 0.001 0.019 0.006 0.011 0.288 0.603 
 355 E _   0.007 0.061 0.001 0.018 0.006 0.011 0.296 0.601 
 356 R _   0.007 0.055 0.001 0.017 0.005 0.010 0.304 0.601 
 357 Y _   0.006 0.049 0.001 0.015 0.005 0.009 0.313 0.601 
 358 H _   0.006 0.043 0.001 0.013 0.004 0.009 0.322 0.602 
 359 D _   0.006 0.038 0.000 0.012 0.004 0.008 0.331 0.601 
 360 C _   0.006 0.033 0.000 0.011 0.003 0.008 0.340 0.599 
 361 Q _   0.005 0.029 0.000 0.010 0.003 0.008 0.348 0.595 
 362 F _   0.005 0.026 0.000 0.010 0.003 0.007 0.357 0.591 
 363 S _   0.005 0.024 0.000 0.010 0.003 0.007 0.365 0.586 
 364 E _   0.005 0.021 0.000 0.011 0.003 0.007 0.373 0.580 
 365 H _   0.005 0.019 0.000 0.011 0.003 0.007 0.381 0.575 
 366 D _   0.005 0.017 0.000 0.010 0.003 0.006 0.388 0.570 
 367 W _   0.004 0.015 0.000 0.010 0.003 0.006 0.396 0.566 
 368 P _   0.004 0.014 0.000 0.009 0.002 0.006 0.403 0.562 
 369 V _   0.004 0.012 0.000 0.008 0.002 0.005 0.410 0.558 
 370 H _   0.004 0.010 0.000 0.007 0.002 0.005 0.417 0.555 
 371 N _   0.004 0.009 0.000 0.006 0.002 0.005 0.423 0.551 
 372 N _   0.003 0.008 0.000 0.006 0.002 0.005 0.428 0.547 
 373 F _   0.003 0.008 0.000 0.005 0.002 0.005 0.433 0.544 
 374 D _   0.003 0.008 0.000 0.005 0.002 0.005 0.438 0.539 
 375 I _   0.003 0.008 0.000 0.006 0.002 0.005 0.442 0.534 
 376 D _   0.003 0.009 0.000 0.007 0.002 0.005 0.445 0.529 
 377 E _   0.003 0.009 0.000 0.008 0.002 0.006 0.449 0.523 
 378 V _   0.004 0.010 0.000 0.009 0.002 0.006 0.452 0.516 
 379 Q _   0.004 0.012 0.000 0.010 0.003 0.006 0.455 0.509 
 380 L _   0.004 0.013 0.000 0.012 0.003 0.007 0.459 0.503 
 381 D _   0.004 0.014 0.000 0.013 0.003 0.007 0.463 0.497 
 382 P _   0.004 0.014 0.000 0.013 0.003 0.007 0.467 0.491 
 383 R _   0.004 0.014 0.000 0.013 0.003 0.007 0.472 0.487 
 384 A _   0.004 0.014 0.000 0.013 0.003 0.007 0.477 0.482 
 385 L X   0.004 0.014 0.000 0.012 0.003 0.006 0.483 0.478 
 386 S X   0.004 0.014 0.000 0.012 0.003 0.006 0.489 0.473 
 387 D X   0.004 0.013 0.000 0.011 0.003 0.006 0.495 0.469 
 388 V X   0.004 0.012 0.000 0.010 0.003 0.006 0.501 0.464 
 389 T X   0.004 0.011 0.000 0.010 0.003 0.006 0.508 0.459 
 390 D X   0.004 0.011 0.000 0.010 0.002 0.006 0.514 0.453 
 391 E X   0.004 0.010 0.000 0.009 0.002 0.006 0.521 0.447 
 392 E X   0.004 0.009 0.000 0.009 0.002 0.005 0.528 0.442 
 393 E X   0.004 0.008 0.000 0.009 0.002 0.005 0.534 0.437 
 394 V X   0.004 0.007 0.000 0.008 0.002 0.005 0.541 0.432 
 395 Q X   0.004 0.006 0.000 0.008 0.002 0.005 0.547 0.428 
 396 V X   0.004 0.006 0.000 0.007 0.002 0.004 0.553 0.424 
 397 D X   0.003 0.005 0.000 0.006 0.002 0.004 0.558 0.421 
 398 P X   0.003 0.004 0.000 0.005 0.001 0.004 0.563 0.419 
 399 R X   0.003 0.003 0.000 0.005 0.001 0.004 0.567 0.416 
 400 K X   0.003 0.003 0.000 0.004 0.001 0.003 0.571 0.415 
 401 Y X   0.002 0.003 0.000 0.004 0.001 0.003 0.573 0.413 
 402 L X   0.002 0.002 0.000 0.004 0.001 0.003 0.575 0.412 
 403 D X   0.002 0.002 0.000 0.004 0.001 0.003 0.576 0.411 
 404 G X   0.002 0.003 0.000 0.004 0.001 0.003 0.577 0.410 
 405 D X   0.002 0.003 0.000 0.005 0.001 0.003 0.577 0.409 
 406 R X   0.002 0.004 0.000 0.005 0.001 0.004 0.576 0.408 
 407 E X   0.002 0.004 0.000 0.006 0.001 0.004 0.575 0.406 
 408 K X   0.002 0.005 0.000 0.007 0.002 0.004 0.574 0.405 
 409 Y X   0.002 0.006 0.000 0.008 0.002 0.004 0.574 0.403 
 410 L X   0.002 0.006 0.000 0.009 0.002 0.005 0.573 0.402 
 411 E X   0.002 0.007 0.000 0.009 0.002 0.005 0.573 0.402 
 412 D X   0.002 0.007 0.000 0.009 0.002 0.005 0.572 0.403 
 413 P X   0.002 0.007 0.000 0.008 0.002 0.005 0.572 0.403 
 414 A X   0.002 0.007 0.000 0.008 0.002 0.004 0.572 0.404 
 415 F X   0.002 0.007 0.000 0.007 0.002 0.004 0.572 0.405 
 416 D X   0.002 0.007 0.000 0.006 0.002 0.004 0.572 0.406 
 417 T X   0.002 0.007 0.000 0.006 0.002 0.004 0.572 0.406 
 418 N X   0.003 0.007 0.000 0.007 0.002 0.005 0.572 0.405 
 419 Y X   0.003 0.008 0.000 0.007 0.002 0.005 0.571 0.404 
 420 S X   0.003 0.008 0.000 0.009 0.002 0.005 0.571 0.402 
 421 T X   0.003 0.009 0.000 0.010 0.002 0.006 0.570 0.400 
 422 E X   0.003 0.009 0.000 0.011 0.003 0.006 0.570 0.398 
 423 P X   0.003 0.010 0.000 0.012 0.003 0.006 0.569 0.397 
 424 C X   0.003 0.010 0.000 0.012 0.003 0.005 0.569 0.397 
 425 W X   0.003 0.009 0.000 0.011 0.002 0.005 0.570 0.399 
 426 Q X   0.003 0.009 0.000 0.010 0.002 0.005 0.570 0.402 
 427 Y X   0.003 0.008 0.000 0.008 0.002 0.004 0.570 0.405 
 428 S X   0.002 0.007 0.000 0.006 0.001 0.004 0.570 0.409 
 429 D X   0.002 0.006 0.000 0.005 0.001 0.003 0.570 0.412 
 430 H X   0.002 0.006 0.000 0.004 0.001 0.003 0.569 0.415 
 431 H X   0.002 0.006 0.000 0.004 0.001 0.003 0.567 0.417 
 432 E X   0.002 0.006 0.000 0.004 0.001 0.003 0.565 0.417 
 433 N X   0.002 0.007 0.000 0.005 0.001 0.004 0.563 0.418 
 434 K X   0.002 0.009 0.000 0.006 0.002 0.004 0.559 0.417 
 435 Y X   0.002 0.011 0.000 0.008 0.002 0.005 0.556 0.416 
 436 C X   0.002 0.014 0.000 0.011 0.002 0.005 0.551 0.414 
 437 D X   0.003 0.016 0.000 0.013 0.003 0.006 0.547 0.412 
 438 L X   0.003 0.019 0.000 0.015 0.003 0.006 0.543 0.411 
 439 E X   0.003 0.021 0.000 0.016 0.003 0.006 0.540 0.412 
 440 C X   0.003 0.022 0.000 0.016 0.003 0.006 0.538 0.413 
 441 S X   0.003 0.022 0.000 0.015 0.003 0.006 0.536 0.416 
 442 H X   0.003 0.022 0.000 0.013 0.003 0.006 0.535 0.419 
 443 T X   0.003 0.021 0.000 0.011 0.002 0.005 0.534 0.423 
 444 C X   0.002 0.020 0.000 0.009 0.002 0.005 0.533 0.428 
 445 N X   0.002 0.019 0.000 0.008 0.002 0.005 0.532 0.432 
 446 Y X   0.002 0.019 0.000 0.006 0.002 0.004 0.531 0.435 
 447 K X   0.002 0.019 0.000 0.005 0.001 0.004 0.530 0.438 
 448 T X   0.002 0.019 0.000 0.005 0.001 0.004 0.528 0.439 
 449 R X   0.002 0.020 0.000 0.005 0.002 0.005 0.526 0.440 
 450 S X   0.003 0.022 0.000 0.006 0.002 0.006 0.524 0.438 
 451 S X   0.003 0.025 0.000 0.008 0.002 0.006 0.520 0.435 
 452 S X   0.003 0.030 0.000 0.010 0.003 0.008 0.517 0.428 
 453 Y X   0.004 0.037 0.000 0.014 0.004 0.009 0.513 0.419 
 454 L X   0.004 0.045 0.001 0.019 0.005 0.010 0.509 0.408 
 455 D X   0.004 0.051 0.001 0.023 0.006 0.011 0.506 0.397 
 456 N X   0.005 0.056 0.001 0.027 0.007 0.011 0.504 0.389 
 457 L X   0.005 0.059 0.001 0.029 0.008 0.012 0.503 0.384 
 458 V X   0.005 0.060 0.001 0.029 0.008 0.011 0.503 0.383 
 459 W X   0.005 0.058 0.001 0.027 0.007 0.011 0.505 0.386 
 460 R X   0.005 0.055 0.001 0.023 0.006 0.010 0.507 0.391 
 461 E X   0.005 0.050 0.001 0.019 0.006 0.010 0.511 0.399 
 462 S X   0.005 0.044 0.001 0.015 0.005 0.009 0.515 0.407 
 463 E X   0.005 0.037 0.000 0.011 0.004 0.008 0.520 0.414 
 464 V X   0.005 0.032 0.000 0.008 0.003 0.008 0.524 0.419 
 465 N X   0.005 0.028 0.000 0.007 0.003 0.008 0.528 0.421 
 466 H X   0.005 0.025 0.000 0.006 0.003 0.007 0.532 0.421 
 467 Y X   0.005 0.024 0.000 0.006 0.003 0.008 0.536 0.418 
 468 Y X   0.006 0.023 0.000 0.007 0.003 0.008 0.539 0.414 
 469 E X   0.006 0.023 0.000 0.008 0.003 0.008 0.542 0.409 
 470 P X   0.006 0.023 0.000 0.010 0.004 0.008 0.546 0.403 
 471 K X   0.006 0.024 0.000 0.011 0.004 0.009 0.549 0.397 
 472 L X   0.006 0.024 0.000 0.013 0.004 0.009 0.553 0.391 
 473 I X   0.006 0.024 0.000 0.014 0.004 0.008 0.558 0.385 
 474 I X   0.006 0.023 0.000 0.014 0.004 0.008 0.563 0.381 
 475 D X   0.006 0.021 0.000 0.014 0.004 0.008 0.569 0.378 
 476 L X   0.006 0.019 0.000 0.013 0.003 0.007 0.575 0.376 
 477 S X   0.005 0.017 0.000 0.011 0.003 0.006 0.582 0.375 
 478 N X   0.005 0.014 0.000 0.009 0.002 0.006 0.588 0.375 
 479 W X   0.005 0.011 0.000 0.008 0.002 0.005 0.594 0.375 
 480 K X   0.004 0.008 0.000 0.006 0.002 0.004 0.599 0.375 
 481 E X   0.004 0.006 0.000 0.005 0.001 0.004 0.604 0.376 
 482 Q X   0.004 0.005 0.000 0.004 0.001 0.003 0.607 0.376 
 483 S X   0.003 0.004 0.000 0.003 0.001 0.003 0.609 0.376 
 484 K X   0.003 0.003 0.000 0.003 0.001 0.003 0.611 0.377 
 485 E X   0.003 0.002 0.000 0.003 0.001 0.003 0.611 0.378 
 486 K X   0.003 0.002 0.000 0.003 0.001 0.003 0.609 0.380 
 487 S X   0.002 0.002 0.000 0.003 0.001 0.003 0.607 0.382 
 488 D X   0.002 0.002 0.000 0.003 0.001 0.003 0.603 0.386 
 489 K X   0.002 0.003 0.000 0.003 0.001 0.003 0.598 0.391 
 490 K X   0.002 0.004 0.000 0.003 0.001 0.004 0.590 0.396 
 491 G X   0.002 0.005 0.000 0.004 0.001 0.004 0.580 0.403 
 492 K X   0.002 0.008 0.000 0.005 0.001 0.005 0.568 0.409 
 493 S X   0.003 0.014 0.000 0.007 0.002 0.007 0.553 0.414 
 494 K X   0.004 0.024 0.000 0.009 0.003 0.010 0.534 0.416 
 495 C X   0.005 0.041 0.001 0.014 0.005 0.013 0.509 0.413 
 496 E X   0.006 0.071 0.001 0.020 0.008 0.016 0.480 0.399 
 497 R X   0.007 0.117 0.001 0.027 0.011 0.020 0.445 0.373 
 498 N X   0.008 0.176 0.002 0.034 0.014 0.022 0.408 0.337 
 499 G X   0.008 0.240 0.002 0.041 0.017 0.023 0.373 0.296 
 500 L X   0.008 0.300 0.002 0.046 0.018 0.023 0.344 0.259 
 501 V E   0.008 0.346 0.002 0.050 0.017 0.022 0.323 0.232 
 502 K E   0.007 0.375 0.001 0.053 0.016 0.021 0.309 0.217 
 503 A E   0.007 0.391 0.001 0.054 0.015 0.020 0.299 0.212 
 504 Q E   0.007 0.398 0.001 0.053 0.014 0.019 0.293 0.215 
 505 I E   0.008 0.399 0.001 0.050 0.013 0.018 0.288 0.223 
 506 A E   0.008 0.393 0.001 0.046 0.012 0.016 0.285 0.238 
 507 L E   0.008 0.380 0.001 0.041 0.011 0.015 0.284 0.261 
 508 E E   0.008 0.358 0.001 0.036 0.010 0.014 0.283 0.290 
 509 E _   0.008 0.327 0.001 0.031 0.009 0.013 0.284 0.327 
 510 A _   0.009 0.288 0.001 0.026 0.008 0.012 0.286 0.370 
 511 S _   0.009 0.246 0.001 0.022 0.007 0.012 0.289 0.415 
 512 Q _   0.008 0.207 0.001 0.019 0.006 0.011 0.291 0.458 
 513 Q _   0.008 0.172 0.001 0.016 0.005 0.010 0.293 0.495 
 514 L _   0.007 0.144 0.001 0.014 0.004 0.009 0.294 0.527 
 515 A _   0.007 0.122 0.000 0.011 0.003 0.008 0.295 0.553 
 516 G _   0.006 0.105 0.000 0.009 0.003 0.008 0.295 0.574 
 517 K _   0.005 0.092 0.000 0.008 0.002 0.007 0.295 0.590 
 518 E _   0.005 0.084 0.000 0.007 0.002 0.006 0.293 0.604 
 519 R _   0.004 0.078 0.000 0.005 0.002 0.006 0.291 0.614 
 520 E _   0.004 0.074 0.000 0.005 0.001 0.006 0.287 0.622 
 521 K _   0.004 0.073 0.000 0.005 0.002 0.007 0.283 0.627 
 522 N _   0.004 0.075 0.000 0.005 0.002 0.008 0.278 0.629 
 523 Q _   0.005 0.079 0.000 0.006 0.002 0.010 0.271 0.626 
 524 G _   0.006 0.090 0.001 0.009 0.004 0.012 0.262 0.617 
 525 F _   0.008 0.110 0.001 0.013 0.006 0.016 0.251 0.595 
 526 D _   0.010 0.146 0.001 0.020 0.010 0.020 0.237 0.557 
 527 F _   0.011 0.199 0.002 0.028 0.014 0.023 0.221 0.502 
 528 D _   0.012 0.261 0.002 0.038 0.018 0.026 0.205 0.440 
 529 S _   0.012 0.319 0.002 0.047 0.020 0.026 0.191 0.384 
 530 F E   0.011 0.363 0.002 0.054 0.020 0.026 0.181 0.343 
 531 I E   0.011 0.389 0.002 0.059 0.020 0.025 0.174 0.320 
 532 A E   0.011 0.402 0.001 0.062 0.019 0.024 0.169 0.311 
 533 G E   0.012 0.405 0.001 0.061 0.018 0.023 0.166 0.313 
 534 T E   0.012 0.400 0.001 0.057 0.017 0.021 0.165 0.326 
 535 I E   0.012 0.386 0.001 0.051 0.016 0.020 0.165 0.350 
 536 Q _   0.012 0.357 0.001 0.043 0.014 0.018 0.166 0.389 
 537 L _   0.012 0.314 0.002 0.035 0.012 0.017 0.168 0.442 
 538 S _   0.012 0.261 0.001 0.027 0.010 0.015 0.170 0.503 
 539 S _   0.011 0.209 0.001 0.020 0.008 0.014 0.173 0.563 
 540 Q _   0.010 0.169 0.001 0.015 0.006 0.013 0.176 0.611 
 541 H _   0.009 0.141 0.001 0.011 0.005 0.011 0.178 0.644 
 542 E _   0.008 0.125 0.000 0.009 0.003 0.010 0.179 0.665 
 543 P _   0.007 0.115 0.000 0.008 0.003 0.009 0.179 0.678 
 544 T _   0.006 0.110 0.000 0.008 0.003 0.008 0.179 0.685 
 545 D _   0.006 0.107 0.000 0.008 0.003 0.008 0.178 0.690 
 546 V _   0.005 0.105 0.000 0.008 0.003 0.008 0.177 0.693 
 547 V _   0.005 0.105 0.000 0.009 0.003 0.008 0.176 0.695 
 548 D _   0.005 0.105 0.000 0.009 0.003 0.008 0.174 0.697 
 549 K _   0.005 0.106 0.000 0.009 0.003 0.008 0.172 0.698 
 550 L _   0.005 0.108 0.000 0.008 0.003 0.008 0.169 0.698 
 551 N _   0.005 0.111 0.000 0.009 0.003 0.009 0.167 0.697 
 552 D _   0.005 0.117 0.000 0.009 0.003 0.010 0.164 0.692 
 553 L _   0.006 0.125 0.001 0.011 0.004 0.011 0.160 0.682 
 554 N _   0.006 0.138 0.001 0.014 0.005 0.013 0.156 0.667 
 555 S _   0.007 0.154 0.001 0.017 0.007 0.015 0.152 0.647 
 556 S _   0.008 0.174 0.001 0.022 0.008 0.017 0.148 0.621 
 557 V _   0.009 0.196 0.001 0.028 0.010 0.018 0.144 0.594 
 558 S _   0.010 0.214 0.001 0.033 0.012 0.019 0.141 0.571 
 559 Q _   0.010 0.226 0.001 0.038 0.012 0.019 0.138 0.555 
 560 L _   0.011 0.232 0.001 0.040 0.013 0.019 0.137 0.547 
 561 E _   0.011 0.234 0.001 0.041 0.013 0.019 0.136 0.545 
 562 L _   0.011 0.230 0.001 0.039 0.012 0.018 0.137 0.551 
 563 K _   0.011 0.222 0.001 0.036 0.011 0.017 0.138 0.563 
 564 S _   0.011 0.208 0.001 0.032 0.010 0.016 0.140 0.582 
 565 L _   0.011 0.188 0.001 0.028 0.009 0.015 0.142 0.606 
 566 I _   0.011 0.164 0.001 0.023 0.008 0.013 0.146 0.634 
 567 S _   0.011 0.138 0.001 0.019 0.006 0.012 0.149 0.664 
 568 K _   0.010 0.113 0.001 0.015 0.005 0.011 0.153 0.692 
 569 S _   0.010 0.091 0.001 0.012 0.004 0.010 0.156 0.717 
 570 V _   0.009 0.075 0.000 0.009 0.003 0.009 0.158 0.737 
 571 S _   0.008 0.064 0.000 0.007 0.003 0.008 0.160 0.751 
 572 Q _   0.007 0.057 0.000 0.006 0.002 0.008 0.160 0.760 
 573 E _   0.006 0.053 0.000 0.005 0.002 0.008 0.161 0.766 
 574 K _   0.006 0.051 0.000 0.005 0.002 0.008 0.160 0.768 
 575 Q _   0.006 0.052 0.000 0.005 0.002 0.008 0.159 0.768 
 576 E _   0.006 0.055 0.000 0.006 0.003 0.010 0.158 0.763 
 577 K _   0.007 0.062 0.000 0.009 0.004 0.012 0.155 0.752 
 578 G _   0.008 0.075 0.001 0.013 0.005 0.014 0.152 0.732 
 579 M _   0.009 0.095 0.001 0.019 0.008 0.017 0.148 0.703 
 580 A _   0.010 0.120 0.001 0.026 0.010 0.019 0.144 0.669 
 581 N _   0.011 0.145 0.001 0.034 0.012 0.021 0.141 0.635 
 582 L _   0.012 0.163 0.001 0.042 0.014 0.022 0.138 0.608 
 583 A _   0.012 0.175 0.001 0.047 0.015 0.022 0.137 0.592 
 584 Q _   0.012 0.180 0.001 0.049 0.015 0.022 0.136 0.586 
 585 L _   0.012 0.180 0.001 0.047 0.014 0.021 0.136 0.589 
 586 E _   0.012 0.174 0.001 0.042 0.013 0.019 0.137 0.601 
 587 A _   0.012 0.163 0.001 0.036 0.011 0.018 0.138 0.621 
 588 L _   0.011 0.145 0.001 0.028 0.009 0.016 0.141 0.648 
 589 Y _   0.011 0.125 0.001 0.020 0.008 0.015 0.143 0.678 
 590 Q _   0.010 0.105 0.001 0.014 0.006 0.014 0.146 0.705 
 591 S _   0.009 0.089 0.001 0.010 0.005 0.013 0.148 0.725 
 592 S _   0.009 0.079 0.000 0.008 0.004 0.012 0.150 0.738 
 593 W _   0.009 0.074 0.000 0.007 0.003 0.012 0.151 0.744 
 594 D _   0.009 0.073 0.000 0.006 0.003 0.012 0.152 0.744 
 595 S _   0.009 0.073 0.000 0.007 0.004 0.013 0.152 0.741 
 596 Q _   0.009 0.076 0.001 0.008 0.004 0.014 0.153 0.734 
 597 F _   0.010 0.082 0.001 0.010 0.005 0.016 0.153 0.724 
 598 V _   0.011 0.090 0.001 0.013 0.007 0.017 0.152 0.709 
 599 S _   0.012 0.100 0.001 0.015 0.008 0.019 0.152 0.692 
 600 G _   0.013 0.112 0.001 0.018 0.010 0.021 0.152 0.673 
 601 G _   0.015 0.125 0.001 0.022 0.012 0.023 0.152 0.652 
 602 E _   0.016 0.138 0.001 0.026 0.014 0.024 0.152 0.629 
 603 D _   0.017 0.150 0.001 0.030 0.016 0.025 0.153 0.609 
 604 C _   0.018 0.159 0.001 0.034 0.017 0.026 0.154 0.590 
 605 F _   0.019 0.167 0.001 0.038 0.018 0.026 0.156 0.575 
 606 F _   0.019 0.171 0.001 0.042 0.018 0.025 0.159 0.564 
 607 I _   0.019 0.172 0.001 0.044 0.017 0.024 0.163 0.559 
 608 N _   0.018 0.169 0.001 0.044 0.016 0.023 0.168 0.561 
 609 Q _   0.017 0.162 0.001 0.042 0.014 0.021 0.174 0.569 
 610 F _   0.015 0.149 0.001 0.037 0.012 0.018 0.182 0.585 
 611 C _   0.014 0.130 0.001 0.031 0.010 0.016 0.190 0.607 
 612 E _   0.012 0.106 0.001 0.025 0.008 0.014 0.199 0.635 
 613 V _   0.011 0.080 0.001 0.019 0.006 0.012 0.208 0.663 
 614 R _   0.010 0.058 0.001 0.013 0.004 0.010 0.216 0.689 
 615 K _   0.008 0.041 0.000 0.009 0.003 0.008 0.223 0.707 
 616 D _   0.007 0.030 0.000 0.007 0.002 0.007 0.229 0.718 
 617 E _   0.006 0.024 0.000 0.005 0.002 0.006 0.233 0.723 
 618 Q _   0.005 0.021 0.000 0.005 0.002 0.006 0.236 0.724 
 619 V _   0.005 0.020 0.000 0.005 0.002 0.006 0.239 0.723 
 620 E _   0.005 0.020 0.000 0.005 0.002 0.006 0.241 0.720 
 621 K _   0.005 0.021 0.000 0.007 0.002 0.007 0.242 0.716 
 622 E _   0.005 0.023 0.000 0.008 0.003 0.008 0.244 0.709 
 623 N _   0.005 0.026 0.000 0.011 0.003 0.008 0.244 0.702 
 624 T _   0.005 0.029 0.000 0.014 0.004 0.009 0.245 0.694 
 625 Y _   0.005 0.032 0.001 0.016 0.004 0.010 0.247 0.685 
 626 T _   0.005 0.034 0.001 0.019 0.005 0.010 0.248 0.677 
 627 S _   0.006 0.036 0.001 0.021 0.005 0.010 0.251 0.671 
 628 Y _   0.006 0.037 0.001 0.022 0.005 0.010 0.253 0.666 
 629 L _   0.006 0.036 0.001 0.021 0.005 0.010 0.257 0.664 
 630 D _   0.006 0.035 0.001 0.020 0.005 0.010 0.261 0.664 
 631 K _   0.006 0.033 0.001 0.018 0.004 0.009 0.265 0.664 
 632 F _   0.006 0.031 0.000 0.015 0.004 0.009 0.269 0.666 
 633 F _   0.006 0.028 0.000 0.013 0.003 0.008 0.274 0.668 
 634 S _   0.005 0.025 0.000 0.011 0.003 0.008 0.278 0.669 
 635 R _   0.005 0.023 0.000 0.010 0.003 0.007 0.283 0.669 
 636 K _   0.005 0.021 0.000 0.009 0.003 0.007 0.287 0.668 
 637 E _   0.005 0.020 0.000 0.009 0.003 0.007 0.291 0.665 
 638 D _   0.006 0.019 0.000 0.010 0.003 0.007 0.294 0.662 
 639 T _   0.006 0.018 0.000 0.010 0.003 0.007 0.298 0.657 
 640 E _   0.006 0.018 0.000 0.011 0.003 0.007 0.301 0.652 
 641 M _   0.006 0.017 0.000 0.012 0.003 0.007 0.305 0.649 
 642 L _   0.006 0.017 0.000 0.012 0.003 0.007 0.309 0.646 
 643 E _   0.006 0.016 0.000 0.011 0.003 0.007 0.312 0.645 
 644 T _   0.006 0.014 0.000 0.010 0.003 0.006 0.316 0.645 
 645 E _   0.005 0.013 0.000 0.009 0.002 0.006 0.318 0.646 
 646 P _   0.005 0.012 0.000 0.007 0.002 0.005 0.321 0.648 
 647 V _   0.005 0.011 0.000 0.006 0.001 0.005 0.323 0.650 
 648 E _   0.004 0.010 0.000 0.005 0.001 0.004 0.324 0.652 
 649 D _   0.004 0.010 0.000 0.004 0.001 0.004 0.324 0.653 
 650 G _   0.004 0.011 0.000 0.004 0.001 0.004 0.323 0.653 
 651 K _   0.004 0.012 0.000 0.004 0.001 0.005 0.321 0.653 
 652 L _   0.004 0.015 0.000 0.005 0.002 0.005 0.319 0.651 
 653 G _   0.004 0.019 0.000 0.007 0.002 0.006 0.315 0.647 
 654 E _   0.004 0.026 0.000 0.009 0.002 0.006 0.310 0.642 
 655 R _   0.004 0.035 0.000 0.011 0.003 0.007 0.305 0.635 
 656 G _   0.004 0.046 0.000 0.013 0.003 0.008 0.299 0.628 
 657 H _   0.003 0.057 0.000 0.015 0.003 0.008 0.293 0.620 
 658 E _   0.003 0.069 0.000 0.016 0.004 0.008 0.287 0.612 
 659 E _   0.003 0.079 0.001 0.017 0.004 0.008 0.281 0.606 
 660 G _   0.003 0.089 0.001 0.017 0.004 0.009 0.276 0.601 
 661 F _   0.003 0.098 0.001 0.017 0.004 0.009 0.272 0.597 
 662 L _   0.003 0.106 0.001 0.017 0.004 0.009 0.268 0.592 
 663 N _   0.004 0.113 0.001 0.017 0.004 0.009 0.265 0.587 
