#TopoPred_TM8: 8-state transmembrane topology prediction results by no_profile mode 
#probabilities are in the order of H E C I L F X _, the 8 transmembrane topology types used in PDBTM 
   1 M X   0.020 0.003 0.003 0.075 0.013 0.017 0.594 0.275 
   2 R X   0.009 0.003 0.000 0.054 0.003 0.012 0.609 0.310 
   3 L X   0.004 0.003 0.000 0.038 0.002 0.010 0.611 0.332 
   4 A X   0.004 0.005 0.000 0.031 0.002 0.011 0.604 0.343 
   5 R X   0.005 0.008 0.000 0.029 0.003 0.014 0.589 0.351 
   6 L X   0.007 0.014 0.001 0.029 0.004 0.017 0.569 0.360 
   7 L X   0.009 0.023 0.001 0.030 0.006 0.019 0.547 0.366 
   8 R X   0.010 0.034 0.001 0.032 0.007 0.019 0.523 0.374 
   9 G X   0.010 0.047 0.001 0.033 0.008 0.019 0.498 0.384 
  10 A X   0.010 0.060 0.001 0.032 0.008 0.018 0.475 0.396 
  11 A X   0.008 0.070 0.001 0.030 0.008 0.017 0.454 0.412 
  12 L X   0.008 0.077 0.001 0.026 0.007 0.015 0.436 0.430 
  13 A _   0.007 0.083 0.001 0.022 0.006 0.014 0.419 0.447 
  14 G _   0.007 0.088 0.001 0.019 0.006 0.014 0.404 0.462 
  15 P _   0.007 0.094 0.001 0.017 0.005 0.014 0.390 0.474 
  16 G _   0.007 0.101 0.001 0.016 0.006 0.014 0.375 0.481 
  17 P _   0.007 0.111 0.001 0.018 0.006 0.014 0.360 0.483 
  18 G _   0.007 0.125 0.001 0.021 0.007 0.015 0.345 0.480 
  19 L _   0.008 0.141 0.001 0.025 0.008 0.015 0.329 0.473 
  20 R _   0.008 0.157 0.001 0.030 0.009 0.015 0.314 0.466 
  21 A _   0.007 0.170 0.001 0.035 0.009 0.015 0.301 0.461 
  22 A _   0.007 0.180 0.001 0.038 0.009 0.015 0.290 0.460 
  23 G _   0.007 0.186 0.001 0.040 0.009 0.014 0.281 0.463 
  24 F _   0.006 0.187 0.001 0.039 0.008 0.013 0.274 0.471 
  25 S _   0.006 0.186 0.001 0.036 0.007 0.012 0.269 0.483 
  26 R _   0.006 0.180 0.001 0.032 0.006 0.011 0.265 0.499 
  27 S _   0.006 0.171 0.001 0.027 0.005 0.010 0.262 0.519 
  28 F _   0.005 0.158 0.001 0.022 0.004 0.008 0.259 0.542 
  29 S _   0.005 0.144 0.001 0.017 0.004 0.008 0.257 0.565 
  30 S _   0.005 0.131 0.000 0.013 0.003 0.007 0.254 0.588 
  31 D _   0.004 0.120 0.000 0.010 0.002 0.006 0.251 0.606 
  32 S _   0.004 0.113 0.000 0.007 0.002 0.005 0.248 0.621 
  33 G _   0.004 0.109 0.000 0.006 0.002 0.005 0.243 0.632 
  34 S _   0.003 0.107 0.000 0.006 0.001 0.005 0.238 0.639 
  35 S _   0.003 0.108 0.000 0.006 0.002 0.006 0.231 0.644 
  36 P _   0.003 0.113 0.000 0.008 0.002 0.007 0.223 0.644 
  37 A _   0.004 0.122 0.000 0.010 0.003 0.008 0.213 0.640 
  38 S _   0.004 0.138 0.001 0.013 0.004 0.010 0.200 0.631 
  39 E _   0.005 0.161 0.001 0.018 0.005 0.011 0.186 0.613 
  40 R _   0.005 0.193 0.001 0.023 0.007 0.013 0.170 0.589 
  41 G _   0.005 0.230 0.001 0.029 0.008 0.014 0.154 0.560 
  42 V _   0.005 0.267 0.001 0.033 0.009 0.015 0.139 0.531 
  43 P _   0.005 0.299 0.001 0.037 0.010 0.015 0.126 0.507 
  44 G _   0.005 0.324 0.001 0.040 0.010 0.015 0.116 0.489 
  45 Q _   0.005 0.340 0.001 0.041 0.010 0.015 0.108 0.479 
  46 V _   0.005 0.350 0.001 0.042 0.010 0.015 0.102 0.474 
  47 D _   0.005 0.355 0.001 0.041 0.010 0.015 0.097 0.476 
  48 F _   0.006 0.354 0.001 0.038 0.010 0.014 0.094 0.483 
  49 Y _   0.006 0.349 0.001 0.035 0.009 0.014 0.091 0.496 
  50 A _   0.006 0.339 0.001 0.030 0.008 0.013 0.089 0.514 
  51 R _   0.006 0.324 0.001 0.026 0.008 0.013 0.087 0.535 
  52 F _   0.006 0.306 0.001 0.022 0.007 0.013 0.086 0.560 
  53 S _   0.006 0.287 0.001 0.018 0.006 0.012 0.084 0.584 
  54 P _   0.007 0.271 0.001 0.016 0.006 0.012 0.083 0.605 
  55 S _   0.007 0.257 0.001 0.015 0.005 0.013 0.082 0.621 
  56 P _   0.007 0.246 0.001 0.015 0.006 0.013 0.081 0.632 
  57 L _   0.008 0.237 0.001 0.016 0.006 0.013 0.080 0.640 
  58 S _   0.008 0.230 0.001 0.017 0.006 0.014 0.078 0.646 
  59 M _   0.008 0.222 0.001 0.019 0.007 0.014 0.077 0.651 
  60 K _   0.009 0.213 0.001 0.021 0.008 0.015 0.076 0.658 
  61 Q _   0.009 0.202 0.001 0.022 0.008 0.015 0.076 0.668 
  62 F _   0.009 0.187 0.001 0.022 0.008 0.014 0.075 0.683 
  63 L _   0.009 0.169 0.001 0.021 0.008 0.014 0.075 0.702 
  64 D _   0.009 0.147 0.001 0.020 0.008 0.014 0.075 0.726 
  65 F _   0.010 0.122 0.001 0.017 0.007 0.014 0.075 0.754 
  66 G _   0.010 0.098 0.001 0.014 0.006 0.014 0.075 0.781 
  67 S _   0.010 0.076 0.001 0.012 0.006 0.014 0.076 0.805 
  68 V _   0.011 0.060 0.001 0.010 0.005 0.015 0.076 0.823 
  69 N _   0.011 0.049 0.001 0.009 0.005 0.016 0.075 0.835 
  70 A _   0.012 0.042 0.001 0.008 0.005 0.017 0.075 0.841 
  71 C _   0.014 0.037 0.001 0.008 0.006 0.018 0.074 0.842 
  72 E _   0.016 0.035 0.001 0.009 0.007 0.020 0.074 0.839 
  73 K _   0.018 0.034 0.001 0.012 0.008 0.022 0.073 0.833 
  74 T _   0.020 0.033 0.001 0.014 0.010 0.024 0.072 0.826 
  75 S _   0.022 0.033 0.001 0.017 0.011 0.026 0.071 0.820 
  76 F _   0.024 0.032 0.001 0.019 0.012 0.027 0.071 0.814 
  77 M _   0.025 0.030 0.001 0.020 0.013 0.027 0.070 0.813 
  78 F _   0.026 0.028 0.001 0.020 0.013 0.027 0.070 0.815 
  79 L _   0.026 0.024 0.001 0.018 0.012 0.027 0.070 0.821 
  80 R _   0.026 0.020 0.001 0.015 0.011 0.026 0.071 0.830 
  81 Q _   0.026 0.015 0.001 0.012 0.009 0.025 0.071 0.840 
  82 E _   0.026 0.011 0.001 0.009 0.008 0.025 0.071 0.849 
  83 L _   0.027 0.008 0.001 0.007 0.007 0.025 0.071 0.853 
  84 P _   0.029 0.007 0.001 0.006 0.007 0.026 0.071 0.854 
  85 V _   0.032 0.007 0.001 0.006 0.008 0.027 0.071 0.850 
  86 R _   0.035 0.007 0.001 0.007 0.009 0.029 0.071 0.842 
  87 L _   0.038 0.009 0.001 0.009 0.011 0.031 0.071 0.830 
  88 A _   0.041 0.012 0.001 0.013 0.014 0.033 0.071 0.814 
  89 N _   0.043 0.016 0.001 0.018 0.017 0.035 0.071 0.798 
  90 I _   0.045 0.020 0.001 0.024 0.020 0.035 0.071 0.785 
  91 M _   0.045 0.023 0.001 0.028 0.021 0.035 0.071 0.776 
  92 K _   0.044 0.024 0.002 0.031 0.021 0.034 0.072 0.773 
  93 E _   0.042 0.024 0.001 0.031 0.020 0.032 0.073 0.777 
  94 I _   0.039 0.023 0.001 0.028 0.017 0.029 0.075 0.788 
  95 S _   0.035 0.019 0.001 0.024 0.014 0.026 0.077 0.804 
  96 L _   0.031 0.015 0.001 0.018 0.010 0.023 0.079 0.824 
  97 L _   0.028 0.010 0.001 0.013 0.008 0.020 0.080 0.842 
  98 P _   0.025 0.005 0.001 0.008 0.005 0.018 0.082 0.856 
  99 D _   0.024 0.003 0.000 0.005 0.004 0.016 0.083 0.865 
 100 N _   0.024 0.001 0.000 0.003 0.003 0.016 0.083 0.869 
 101 L _   0.025 0.001 0.000 0.002 0.003 0.016 0.084 0.868 
 102 L _   0.029 0.000 0.000 0.002 0.003 0.018 0.084 0.863 
 103 R _   0.036 0.000 0.000 0.002 0.004 0.022 0.084 0.852 
 104 T _   0.045 0.001 0.001 0.003 0.006 0.026 0.084 0.835 
 105 P _   0.057 0.002 0.001 0.004 0.009 0.033 0.083 0.812 
 106 S _   0.071 0.004 0.001 0.006 0.013 0.040 0.083 0.782 
 107 V _   0.086 0.010 0.001 0.009 0.020 0.048 0.082 0.744 
 108 Q _   0.100 0.020 0.002 0.012 0.028 0.054 0.082 0.702 
 109 L _   0.112 0.036 0.002 0.017 0.035 0.059 0.082 0.657 
 110 V _   0.119 0.054 0.002 0.023 0.042 0.062 0.082 0.616 
 111 Q _   0.122 0.071 0.003 0.029 0.047 0.063 0.082 0.583 
 112 S _   0.122 0.086 0.003 0.035 0.048 0.062 0.083 0.561 
 113 W _   0.117 0.097 0.003 0.041 0.048 0.059 0.085 0.549 
 114 Y _   0.110 0.104 0.002 0.046 0.045 0.055 0.088 0.549 
 115 I _   0.101 0.107 0.002 0.048 0.040 0.050 0.092 0.560 
 116 Q _   0.089 0.105 0.002 0.048 0.034 0.045 0.096 0.580 
 117 S _   0.076 0.099 0.002 0.045 0.027 0.039 0.102 0.610 
 118 L _   0.062 0.088 0.002 0.039 0.020 0.032 0.108 0.649 
 119 Q _   0.049 0.072 0.001 0.031 0.014 0.026 0.114 0.693 
 120 E _   0.037 0.053 0.001 0.023 0.009 0.020 0.119 0.737 
 121 L _   0.028 0.035 0.001 0.015 0.006 0.015 0.124 0.776 
 122 L _   0.020 0.021 0.000 0.010 0.004 0.011 0.128 0.806 
 123 D _   0.014 0.013 0.000 0.006 0.002 0.008 0.130 0.826 
 124 F _   0.010 0.008 0.000 0.004 0.002 0.007 0.131 0.839 
 125 K _   0.007 0.006 0.000 0.003 0.001 0.005 0.131 0.846 
 126 D _   0.006 0.005 0.000 0.003 0.001 0.005 0.131 0.849 
 127 K _   0.005 0.006 0.000 0.003 0.001 0.005 0.130 0.850 
 128 S _   0.005 0.007 0.000 0.004 0.001 0.006 0.128 0.849 
 129 A _   0.005 0.010 0.000 0.005 0.002 0.008 0.125 0.844 
 130 E _   0.006 0.018 0.000 0.008 0.003 0.010 0.121 0.834 
 131 D _   0.007 0.030 0.001 0.012 0.004 0.012 0.116 0.818 
 132 A _   0.008 0.048 0.001 0.017 0.006 0.015 0.110 0.796 
 133 K _   0.008 0.070 0.001 0.023 0.008 0.017 0.103 0.770 
 134 A _   0.009 0.093 0.001 0.028 0.009 0.019 0.097 0.744 
 135 I _   0.009 0.113 0.001 0.033 0.011 0.020 0.091 0.723 
 136 Y _   0.010 0.129 0.001 0.036 0.012 0.021 0.086 0.706 
 137 D _   0.010 0.140 0.001 0.038 0.013 0.022 0.082 0.693 
 138 F _   0.011 0.148 0.001 0.040 0.014 0.022 0.078 0.686 
 139 T _   0.011 0.154 0.001 0.041 0.014 0.023 0.076 0.681 
 140 D _   0.012 0.156 0.001 0.041 0.014 0.022 0.073 0.681 
 141 T _   0.012 0.156 0.001 0.039 0.014 0.022 0.072 0.685 
 142 V _   0.012 0.152 0.001 0.037 0.013 0.021 0.071 0.693 
 143 I _   0.012 0.146 0.001 0.034 0.011 0.019 0.070 0.706 
 144 R _   0.012 0.137 0.001 0.029 0.010 0.018 0.069 0.723 
 145 I _   0.012 0.124 0.001 0.024 0.009 0.017 0.069 0.745 
 146 R _   0.011 0.110 0.001 0.018 0.007 0.015 0.069 0.768 
 147 N _   0.011 0.096 0.001 0.014 0.006 0.014 0.069 0.790 
 148 R _   0.010 0.085 0.001 0.010 0.005 0.014 0.068 0.808 
 149 H _   0.010 0.078 0.000 0.008 0.004 0.013 0.068 0.819 
 150 N _   0.010 0.074 0.000 0.006 0.004 0.014 0.067 0.824 
 151 D _   0.011 0.074 0.000 0.007 0.004 0.015 0.066 0.823 
 152 V _   0.012 0.078 0.001 0.008 0.005 0.017 0.065 0.815 
 153 I _   0.014 0.086 0.001 0.012 0.007 0.019 0.063 0.799 
 154 P _   0.015 0.099 0.001 0.017 0.010 0.021 0.061 0.776 
 155 T _   0.016 0.116 0.001 0.024 0.012 0.023 0.059 0.748 
 156 M _   0.017 0.133 0.001 0.031 0.015 0.024 0.057 0.722 
 157 A _   0.017 0.146 0.001 0.038 0.016 0.025 0.055 0.702 
 158 Q _   0.016 0.154 0.001 0.042 0.017 0.025 0.054 0.691 
 159 G _   0.015 0.158 0.001 0.044 0.017 0.024 0.054 0.687 
 160 V _   0.015 0.157 0.001 0.044 0.016 0.023 0.053 0.691 
 161 I _   0.014 0.152 0.001 0.041 0.014 0.021 0.053 0.702 
 162 E _   0.014 0.143 0.001 0.036 0.013 0.019 0.054 0.720 
 163 Y _   0.013 0.128 0.001 0.031 0.011 0.018 0.055 0.743 
 164 K _   0.012 0.110 0.001 0.025 0.009 0.016 0.056 0.770 
 165 E _   0.011 0.088 0.001 0.020 0.008 0.015 0.058 0.799 
 166 S _   0.010 0.068 0.001 0.016 0.006 0.013 0.059 0.827 
 167 F _   0.009 0.051 0.001 0.012 0.005 0.012 0.060 0.849 
 168 G _   0.009 0.039 0.001 0.010 0.004 0.011 0.061 0.866 
 169 V _   0.008 0.031 0.000 0.008 0.004 0.011 0.062 0.877 
 170 D _   0.008 0.025 0.000 0.007 0.003 0.011 0.062 0.883 
 171 P _   0.008 0.022 0.000 0.007 0.003 0.011 0.062 0.886 
 172 V _   0.008 0.020 0.000 0.007 0.004 0.013 0.062 0.886 
 173 T _   0.009 0.019 0.000 0.008 0.004 0.014 0.062 0.883 
 174 S _   0.010 0.019 0.001 0.009 0.005 0.016 0.062 0.879 
 175 Q _   0.011 0.019 0.001 0.011 0.006 0.019 0.061 0.873 
 176 N _   0.013 0.020 0.001 0.012 0.007 0.021 0.061 0.865 
 177 V _   0.015 0.020 0.001 0.014 0.008 0.025 0.060 0.857 
 178 Q _   0.018 0.021 0.001 0.014 0.009 0.028 0.060 0.849 
 179 Y _   0.022 0.021 0.001 0.014 0.011 0.031 0.060 0.840 
 180 F _   0.026 0.021 0.001 0.014 0.012 0.035 0.059 0.831 
 181 L _   0.032 0.022 0.001 0.013 0.014 0.039 0.059 0.821 
 182 D _   0.039 0.022 0.001 0.012 0.015 0.043 0.058 0.809 
 183 R _   0.049 0.023 0.001 0.011 0.018 0.047 0.058 0.793 
 184 F _   0.059 0.024 0.001 0.012 0.022 0.051 0.058 0.773 
 185 Y _   0.071 0.027 0.002 0.012 0.026 0.055 0.058 0.749 
 186 M _   0.083 0.032 0.002 0.014 0.030 0.059 0.058 0.722 
 187 S _   0.094 0.038 0.002 0.017 0.035 0.061 0.058 0.695 
 188 R _   0.103 0.045 0.002 0.021 0.039 0.063 0.059 0.669 
 189 I _   0.110 0.051 0.002 0.025 0.041 0.062 0.060 0.650 
 190 S _   0.113 0.056 0.002 0.028 0.041 0.060 0.061 0.638 
 191 I _   0.112 0.059 0.002 0.029 0.039 0.057 0.063 0.637 
 192 R _   0.108 0.060 0.002 0.029 0.036 0.053 0.066 0.646 
 193 M _   0.100 0.059 0.002 0.027 0.032 0.049 0.068 0.664 
 194 L _   0.089 0.056 0.002 0.025 0.026 0.043 0.071 0.688 
 195 L _   0.076 0.052 0.002 0.022 0.022 0.039 0.074 0.715 
 196 N _   0.064 0.047 0.001 0.019 0.017 0.034 0.077 0.740 
 197 Q _   0.053 0.043 0.001 0.018 0.013 0.029 0.080 0.763 
 198 H _   0.043 0.039 0.001 0.017 0.011 0.025 0.083 0.781 
 199 S _   0.035 0.036 0.001 0.016 0.009 0.022 0.086 0.795 
 200 L _   0.028 0.033 0.001 0.016 0.007 0.019 0.089 0.807 
 201 L _   0.022 0.030 0.001 0.016 0.006 0.016 0.092 0.817 
 202 F _   0.018 0.026 0.001 0.015 0.005 0.014 0.094 0.827 
 203 G _   0.014 0.023 0.001 0.014 0.004 0.012 0.097 0.836 
 204 G _   0.011 0.019 0.000 0.012 0.004 0.010 0.099 0.845 
 205 K _   0.009 0.016 0.000 0.009 0.003 0.008 0.100 0.854 
 206 G _   0.008 0.013 0.000 0.008 0.002 0.007 0.101 0.861 
 207 K _   0.006 0.011 0.000 0.006 0.002 0.006 0.102 0.866 
 208 G _   0.005 0.010 0.000 0.005 0.002 0.005 0.103 0.870 
 209 S _   0.005 0.009 0.000 0.005 0.002 0.005 0.103 0.871 
 210 P _   0.004 0.010 0.000 0.005 0.002 0.005 0.102 0.871 
 211 S _   0.004 0.011 0.000 0.006 0.002 0.006 0.102 0.869 
 212 H _   0.004 0.013 0.000 0.007 0.002 0.006 0.101 0.866 
 213 R _   0.004 0.016 0.000 0.009 0.003 0.007 0.099 0.862 
 214 K _   0.004 0.020 0.000 0.010 0.003 0.007 0.098 0.857 
 215 H _   0.004 0.024 0.000 0.011 0.003 0.007 0.096 0.853 
 216 I _   0.004 0.029 0.000 0.012 0.003 0.008 0.094 0.850 
 217 G _   0.004 0.034 0.000 0.012 0.003 0.008 0.091 0.846 
 218 S _   0.004 0.040 0.000 0.012 0.003 0.008 0.089 0.842 
 219 I _   0.005 0.046 0.000 0.013 0.004 0.009 0.087 0.836 
 220 N _   0.005 0.054 0.001 0.014 0.004 0.010 0.085 0.827 
 221 P _   0.006 0.065 0.001 0.016 0.005 0.011 0.082 0.814 
 222 N _   0.006 0.079 0.001 0.019 0.006 0.013 0.080 0.797 
 223 C _   0.007 0.094 0.001 0.023 0.007 0.014 0.077 0.776 
 224 N _   0.007 0.111 0.001 0.028 0.008 0.015 0.075 0.755 
 225 V _   0.008 0.125 0.001 0.032 0.009 0.015 0.073 0.737 
 226 L _   0.008 0.136 0.001 0.034 0.009 0.015 0.071 0.726 
 227 E _   0.008 0.142 0.001 0.034 0.009 0.015 0.070 0.721 
 228 V _   0.007 0.145 0.001 0.031 0.008 0.014 0.070 0.723 
 229 I _   0.007 0.146 0.001 0.028 0.007 0.014 0.069 0.728 
 230 K _   0.007 0.143 0.001 0.023 0.007 0.013 0.069 0.737 
 231 D _   0.007 0.140 0.001 0.019 0.006 0.013 0.069 0.747 
 232 G _   0.007 0.136 0.001 0.016 0.005 0.012 0.069 0.754 
 233 Y _   0.007 0.133 0.001 0.014 0.005 0.013 0.069 0.759 
 234 E _   0.007 0.132 0.001 0.013 0.005 0.013 0.069 0.760 
 235 N _   0.008 0.133 0.001 0.014 0.005 0.013 0.069 0.757 
 236 A _   0.008 0.134 0.001 0.016 0.006 0.014 0.069 0.751 
 237 R _   0.009 0.137 0.001 0.019 0.007 0.015 0.069 0.744 
 238 R _   0.009 0.139 0.001 0.022 0.008 0.015 0.070 0.736 
 239 L _   0.010 0.140 0.001 0.025 0.008 0.015 0.070 0.732 
 240 C _   0.010 0.138 0.001 0.026 0.008 0.015 0.071 0.731 
 241 D _   0.009 0.134 0.001 0.026 0.008 0.014 0.072 0.735 
 242 L _   0.009 0.127 0.001 0.025 0.008 0.013 0.074 0.743 
 243 Y _   0.009 0.118 0.001 0.023 0.007 0.013 0.076 0.755 
 244 Y _   0.009 0.106 0.001 0.020 0.006 0.012 0.078 0.768 
 245 I _   0.009 0.093 0.001 0.018 0.006 0.011 0.081 0.782 
 246 N _   0.009 0.082 0.001 0.016 0.005 0.011 0.083 0.793 
 247 S _   0.009 0.071 0.001 0.015 0.005 0.011 0.086 0.803 
 248 P _   0.009 0.062 0.001 0.015 0.004 0.010 0.088 0.811 
 249 E _   0.009 0.054 0.001 0.015 0.004 0.010 0.091 0.817 
 250 L _   0.009 0.046 0.001 0.014 0.004 0.010 0.093 0.823 
 251 E _   0.009 0.038 0.000 0.014 0.004 0.009 0.096 0.830 
 252 L _   0.008 0.031 0.000 0.013 0.003 0.009 0.098 0.838 
 253 E _   0.007 0.023 0.000 0.011 0.003 0.008 0.099 0.847 
 254 E _   0.007 0.017 0.000 0.009 0.003 0.007 0.101 0.857 
 255 L _   0.006 0.011 0.000 0.007 0.002 0.006 0.102 0.865 
 256 N _   0.006 0.007 0.000 0.005 0.002 0.006 0.102 0.872 
 257 A _   0.005 0.004 0.000 0.004 0.002 0.006 0.102 0.878 
 258 K _   0.005 0.002 0.000 0.003 0.001 0.006 0.101 0.881 
 259 S _   0.005 0.001 0.000 0.003 0.001 0.007 0.100 0.882 
 260 P _   0.006 0.001 0.000 0.003 0.002 0.008 0.099 0.881 
 261 G _   0.008 0.001 0.000 0.004 0.002 0.011 0.097 0.878 
 262 Q _   0.011 0.001 0.000 0.005 0.003 0.015 0.095 0.872 
 263 P _   0.015 0.001 0.000 0.006 0.004 0.020 0.092 0.862 
 264 I _   0.022 0.001 0.001 0.008 0.006 0.026 0.089 0.848 
 265 Q _   0.031 0.001 0.001 0.010 0.008 0.032 0.085 0.831 
 266 V _   0.044 0.001 0.001 0.011 0.011 0.039 0.081 0.811 
 267 V _   0.060 0.002 0.001 0.011 0.014 0.047 0.077 0.789 
 268 Y _   0.079 0.002 0.001 0.011 0.018 0.054 0.072 0.762 
 269 V _   0.104 0.002 0.001 0.010 0.024 0.062 0.068 0.729 
 270 P _   0.132 0.002 0.002 0.009 0.030 0.070 0.064 0.691 
 271 S _   0.164 0.002 0.002 0.008 0.038 0.077 0.060 0.649 
 272 H _   0.197 0.003 0.002 0.009 0.047 0.083 0.057 0.603 
 273 L _   0.227 0.004 0.002 0.010 0.056 0.088 0.054 0.559 
 274 Y _   0.253 0.006 0.003 0.012 0.063 0.090 0.052 0.522 
 275 H _   0.273 0.008 0.003 0.015 0.067 0.090 0.051 0.494 
 276 M _   0.284 0.011 0.003 0.017 0.069 0.088 0.050 0.478 
 277 V _   0.288 0.012 0.003 0.019 0.067 0.084 0.050 0.476 
 278 F _   0.284 0.014 0.003 0.020 0.064 0.079 0.050 0.487 
 279 E _   0.271 0.014 0.003 0.019 0.058 0.074 0.051 0.511 
 280 L _   0.252 0.013 0.003 0.018 0.051 0.068 0.051 0.544 
 281 F _   0.228 0.012 0.002 0.017 0.043 0.061 0.053 0.584 
 282 K _   0.199 0.011 0.002 0.016 0.035 0.055 0.054 0.628 
 283 N _   0.169 0.010 0.002 0.015 0.029 0.048 0.056 0.671 
 284 A _   0.140 0.009 0.002 0.016 0.023 0.042 0.057 0.711 
 285 M _   0.113 0.009 0.001 0.016 0.018 0.037 0.059 0.747 
 286 R _   0.089 0.008 0.001 0.016 0.014 0.031 0.061 0.779 
 287 A _   0.067 0.008 0.001 0.015 0.011 0.026 0.063 0.809 
 288 T _   0.050 0.007 0.001 0.014 0.008 0.022 0.064 0.834 
 289 M _   0.036 0.006 0.001 0.012 0.006 0.018 0.065 0.856 
 290 E _   0.026 0.005 0.001 0.010 0.005 0.015 0.066 0.873 
 291 H _   0.019 0.004 0.000 0.008 0.004 0.012 0.067 0.886 
 292 H _   0.014 0.004 0.000 0.006 0.003 0.011 0.067 0.895 
 293 A _   0.012 0.004 0.000 0.005 0.003 0.010 0.066 0.900 
 294 N _   0.010 0.005 0.000 0.004 0.002 0.009 0.066 0.903 
 295 R _   0.010 0.006 0.000 0.005 0.003 0.010 0.065 0.902 
 296 G _   0.009 0.009 0.000 0.006 0.003 0.011 0.065 0.898 
 297 V _   0.010 0.014 0.000 0.007 0.004 0.012 0.063 0.889 
 298 Y _   0.011 0.023 0.001 0.010 0.005 0.014 0.062 0.874 
 299 P _   0.011 0.037 0.001 0.014 0.007 0.016 0.060 0.852 
 300 P _   0.012 0.058 0.001 0.020 0.009 0.018 0.058 0.823 
 301 I _   0.013 0.082 0.001 0.025 0.011 0.020 0.056 0.792 
 302 Q _   0.013 0.105 0.001 0.031 0.013 0.021 0.054 0.762 
 303 V _   0.013 0.124 0.001 0.035 0.014 0.021 0.053 0.739 
 304 H _   0.013 0.138 0.001 0.038 0.014 0.021 0.051 0.723 
 305 V _   0.012 0.147 0.001 0.040 0.014 0.020 0.051 0.715 
 306 T _   0.012 0.152 0.001 0.040 0.013 0.019 0.051 0.713 
 307 L _   0.011 0.153 0.001 0.038 0.012 0.018 0.051 0.716 
 308 G _   0.011 0.151 0.001 0.034 0.011 0.017 0.051 0.725 
 309 N _   0.010 0.146 0.001 0.030 0.009 0.015 0.052 0.736 
 310 E _   0.010 0.139 0.001 0.025 0.008 0.014 0.053 0.751 
 311 D _   0.010 0.129 0.001 0.021 0.006 0.012 0.054 0.766 
 312 L _   0.009 0.119 0.001 0.017 0.005 0.011 0.056 0.783 
 313 T _   0.008 0.110 0.001 0.013 0.004 0.010 0.057 0.798 
 314 V _   0.008 0.102 0.000 0.010 0.003 0.009 0.058 0.810 
 315 K _   0.007 0.096 0.000 0.008 0.003 0.009 0.058 0.819 
 316 M _   0.006 0.092 0.000 0.007 0.003 0.008 0.058 0.825 
 317 S _   0.006 0.091 0.000 0.006 0.002 0.008 0.058 0.827 
 318 D _   0.006 0.092 0.000 0.006 0.003 0.009 0.058 0.825 
 319 R _   0.006 0.096 0.000 0.007 0.003 0.010 0.057 0.820 
 320 G _   0.007 0.103 0.000 0.008 0.004 0.012 0.057 0.810 
 321 G _   0.008 0.115 0.001 0.011 0.005 0.014 0.055 0.792 
 322 G _   0.009 0.133 0.001 0.014 0.006 0.016 0.054 0.767 
 323 V _   0.010 0.159 0.001 0.019 0.008 0.018 0.052 0.733 
 324 P _   0.010 0.188 0.001 0.023 0.010 0.020 0.050 0.696 
 325 L _   0.011 0.218 0.001 0.028 0.012 0.022 0.048 0.660 
 326 R _   0.011 0.244 0.001 0.033 0.014 0.023 0.047 0.627 
 327 K _   0.012 0.265 0.001 0.037 0.015 0.024 0.046 0.600 
 328 I _   0.012 0.280 0.001 0.040 0.016 0.024 0.045 0.581 
 329 D _   0.012 0.289 0.001 0.043 0.017 0.024 0.045 0.569 
 330 R _   0.013 0.293 0.001 0.044 0.017 0.024 0.045 0.563 
 331 L _   0.013 0.292 0.001 0.045 0.016 0.023 0.046 0.563 
 332 F _   0.014 0.287 0.001 0.044 0.016 0.022 0.047 0.570 
 333 N _   0.014 0.274 0.001 0.042 0.015 0.021 0.049 0.585 
 334 Y _   0.013 0.254 0.001 0.038 0.014 0.019 0.051 0.609 
 335 M _   0.013 0.226 0.001 0.034 0.012 0.018 0.053 0.641 
 336 Y _   0.013 0.190 0.001 0.029 0.011 0.017 0.057 0.682 
 337 S _   0.013 0.149 0.001 0.023 0.009 0.016 0.060 0.729 
 338 T _   0.012 0.111 0.001 0.018 0.007 0.014 0.064 0.773 
 339 A _   0.011 0.080 0.001 0.013 0.006 0.013 0.066 0.810 
 340 P _   0.010 0.058 0.001 0.009 0.004 0.012 0.069 0.837 
 341 R _   0.009 0.045 0.000 0.007 0.003 0.012 0.070 0.854 
 342 P _   0.008 0.038 0.000 0.005 0.003 0.011 0.071 0.862 
 343 R _   0.008 0.035 0.000 0.005 0.003 0.012 0.072 0.865 
 344 V _   0.009 0.035 0.000 0.005 0.003 0.014 0.072 0.862 
 345 E _   0.010 0.036 0.000 0.006 0.004 0.016 0.072 0.856 
 346 T _   0.011 0.040 0.001 0.008 0.005 0.019 0.071 0.844 
 347 S _   0.014 0.049 0.001 0.011 0.007 0.023 0.071 0.825 
 348 R _   0.016 0.061 0.001 0.015 0.011 0.028 0.070 0.798 
 349 A _   0.019 0.079 0.001 0.020 0.014 0.032 0.069 0.766 
 350 V _   0.023 0.097 0.001 0.025 0.018 0.037 0.067 0.731 
 351 P _   0.026 0.115 0.002 0.030 0.022 0.040 0.067 0.699 
 352 L _   0.030 0.129 0.002 0.033 0.025 0.044 0.066 0.672 
 353 A _   0.033 0.138 0.002 0.035 0.027 0.046 0.066 0.652 
 354 G _   0.037 0.144 0.002 0.034 0.028 0.048 0.067 0.640 
 355 F _   0.041 0.146 0.002 0.032 0.029 0.049 0.068 0.634 
 356 G _   0.044 0.145 0.002 0.029 0.029 0.050 0.069 0.633 
 357 Y _   0.047 0.143 0.002 0.025 0.028 0.050 0.071 0.635 
 358 G _   0.049 0.139 0.002 0.022 0.027 0.050 0.073 0.638 
 359 L _   0.051 0.136 0.002 0.020 0.027 0.050 0.076 0.639 
 360 P _   0.052 0.134 0.002 0.020 0.026 0.049 0.078 0.639 
 361 I _   0.052 0.132 0.002 0.021 0.025 0.047 0.081 0.639 
 362 S _   0.051 0.131 0.002 0.023 0.025 0.045 0.085 0.639 
 363 R _   0.049 0.129 0.002 0.025 0.024 0.043 0.089 0.640 
 364 L _   0.046 0.125 0.002 0.027 0.022 0.040 0.094 0.644 
 365 Y _   0.041 0.120 0.002 0.028 0.020 0.036 0.099 0.654 
 366 A _   0.036 0.112 0.002 0.028 0.018 0.032 0.105 0.669 
 367 Q _   0.030 0.099 0.001 0.026 0.015 0.028 0.111 0.689 
 368 Y _   0.025 0.085 0.001 0.022 0.012 0.024 0.117 0.714 
 369 F _   0.021 0.069 0.001 0.018 0.010 0.021 0.123 0.737 
 370 Q _   0.017 0.054 0.001 0.014 0.008 0.018 0.129 0.758 
 371 G _   0.014 0.042 0.001 0.011 0.006 0.016 0.135 0.774 
 372 D _   0.012 0.034 0.001 0.009 0.005 0.014 0.140 0.785 
 373 L _   0.011 0.028 0.001 0.008 0.004 0.013 0.145 0.791 
 374 K _   0.010 0.025 0.000 0.007 0.004 0.012 0.149 0.793 
 375 L _   0.009 0.023 0.000 0.007 0.004 0.012 0.153 0.792 
 376 Y _   0.009 0.022 0.000 0.007 0.004 0.012 0.156 0.789 
 377 S _   0.009 0.022 0.001 0.008 0.004 0.013 0.159 0.784 
 378 L _   0.010 0.023 0.001 0.008 0.005 0.014 0.162 0.778 
 379 E _   0.011 0.025 0.001 0.009 0.005 0.015 0.165 0.769 
 380 G _   0.012 0.027 0.001 0.010 0.006 0.017 0.168 0.759 
 381 Y _   0.013 0.030 0.001 0.012 0.007 0.019 0.171 0.747 
 382 G _   0.015 0.034 0.001 0.014 0.009 0.021 0.175 0.731 
 383 T _   0.017 0.039 0.001 0.017 0.011 0.023 0.178 0.713 
 384 D _   0.018 0.045 0.001 0.020 0.013 0.025 0.182 0.694 
 385 A _   0.020 0.051 0.001 0.024 0.015 0.027 0.187 0.674 
 386 V _   0.021 0.057 0.001 0.028 0.016 0.028 0.193 0.655 
 387 I _   0.021 0.061 0.001 0.031 0.017 0.028 0.199 0.641 
 388 Y _   0.021 0.064 0.001 0.031 0.017 0.028 0.207 0.632 
 389 I _   0.021 0.064 0.001 0.030 0.016 0.026 0.215 0.626 
 390 K _   0.020 0.063 0.001 0.027 0.014 0.025 0.224 0.626 
 391 A _   0.019 0.060 0.001 0.023 0.012 0.023 0.233 0.629 
 392 L _   0.017 0.056 0.001 0.018 0.010 0.021 0.243 0.633 
 393 S _   0.015 0.052 0.001 0.014 0.008 0.020 0.252 0.637 
 394 T _   0.014 0.049 0.001 0.011 0.007 0.019 0.261 0.638 
 395 D _   0.013 0.048 0.001 0.010 0.006 0.018 0.270 0.634 
 396 S _   0.013 0.048 0.001 0.010 0.006 0.018 0.278 0.627 
 397 I _   0.013 0.049 0.001 0.011 0.006 0.018 0.286 0.615 
 398 E _   0.013 0.053 0.001 0.013 0.007 0.019 0.294 0.600 
 399 R _   0.013 0.058 0.001 0.017 0.008 0.019 0.303 0.581 
 400 L _   0.013 0.063 0.001 0.022 0.010 0.020 0.311 0.560 
 401 P _   0.012 0.068 0.001 0.027 0.011 0.020 0.321 0.539 
 402 V _   0.012 0.072 0.001 0.032 0.012 0.020 0.331 0.520 
 403 Y _   0.011 0.074 0.001 0.036 0.012 0.019 0.342 0.504 
 404 N _   0.011 0.074 0.001 0.037 0.012 0.018 0.356 0.491 
 405 K _   0.010 0.073 0.001 0.037 0.011 0.017 0.371 0.480 
 406 A _   0.010 0.069 0.001 0.034 0.010 0.015 0.389 0.472 
 407 A _   0.009 0.063 0.001 0.030 0.009 0.014 0.409 0.466 
 408 W _   0.008 0.055 0.001 0.025 0.007 0.012 0.430 0.463 
 409 K _   0.007 0.046 0.001 0.020 0.005 0.010 0.452 0.460 
 410 H X   0.006 0.037 0.001 0.015 0.004 0.008 0.472 0.457 
 411 Y X   0.005 0.029 0.000 0.011 0.003 0.007 0.491 0.453 
 412 N X   0.005 0.023 0.000 0.008 0.002 0.006 0.508 0.448 
 413 T X   0.004 0.019 0.000 0.006 0.002 0.005 0.522 0.442 
 414 N X   0.003 0.017 0.000 0.005 0.002 0.005 0.534 0.434 
 415 H X   0.003 0.016 0.000 0.005 0.001 0.004 0.545 0.426 
 416 E X   0.003 0.016 0.000 0.005 0.001 0.004 0.553 0.417 
 417 A X   0.003 0.017 0.000 0.005 0.001 0.004 0.561 0.408 
 418 D X   0.003 0.018 0.000 0.006 0.002 0.005 0.568 0.399 
 419 D X   0.003 0.019 0.000 0.007 0.002 0.005 0.575 0.389 
 420 W X   0.003 0.022 0.000 0.008 0.002 0.005 0.581 0.380 
 421 C X   0.003 0.024 0.000 0.009 0.002 0.005 0.586 0.371 
 422 V X   0.003 0.026 0.000 0.009 0.002 0.006 0.591 0.362 
 423 P X   0.003 0.029 0.000 0.010 0.002 0.006 0.596 0.354 
 424 S X   0.003 0.031 0.000 0.011 0.002 0.006 0.601 0.345 
 425 R X   0.003 0.034 0.000 0.011 0.002 0.006 0.607 0.336 
 426 E X   0.003 0.037 0.000 0.012 0.003 0.007 0.612 0.327 
 427 P X   0.003 0.039 0.000 0.013 0.003 0.007 0.617 0.318 
 428 K X   0.003 0.042 0.000 0.014 0.003 0.006 0.623 0.309 
 429 D X   0.003 0.044 0.000 0.015 0.003 0.006 0.628 0.300 
 430 M X   0.002 0.047 0.000 0.016 0.003 0.005 0.634 0.292 
 431 T X   0.002 0.048 0.000 0.016 0.003 0.004 0.640 0.287 
 432 T X   0.001 0.047 0.000 0.015 0.002 0.003 0.647 0.285 
 433 F X   0.001 0.045 0.000 0.011 0.001 0.001 0.653 0.288 
 434 R X   0.000 0.043 0.000 0.009 0.000 0.001 0.655 0.293 
 435 S X   0.000 0.040 0.000 0.009 0.000 0.001 0.652 0.298 
 436 A X   0.003 0.039 0.001 0.017 0.003 0.003 0.637 0.297 
