#TopoPred_TM8: 8-state transmembrane topology prediction results by no_profile mode 
#probabilities are in the order of H E C I L F X _, the 8 transmembrane topology types used in PDBTM 
   1 M X   0.011 0.001 0.002 0.061 0.010 0.010 0.785 0.120 
   2 E X   0.005 0.001 0.000 0.038 0.002 0.005 0.810 0.139 
   3 Y X   0.002 0.000 0.000 0.020 0.001 0.003 0.817 0.157 
   4 M X   0.001 0.000 0.000 0.011 0.001 0.003 0.816 0.169 
   5 S X   0.001 0.000 0.000 0.007 0.001 0.003 0.810 0.178 
   6 T X   0.001 0.000 0.000 0.004 0.001 0.003 0.802 0.188 
   7 G X   0.001 0.000 0.000 0.003 0.001 0.004 0.793 0.198 
   8 S X   0.002 0.001 0.000 0.003 0.001 0.005 0.781 0.208 
   9 D X   0.002 0.001 0.000 0.004 0.001 0.007 0.766 0.219 
  10 N X   0.003 0.003 0.000 0.006 0.002 0.010 0.746 0.229 
  11 K X   0.004 0.008 0.001 0.010 0.004 0.014 0.722 0.238 
  12 E X   0.006 0.017 0.001 0.016 0.007 0.019 0.691 0.243 
  13 E X   0.008 0.030 0.001 0.025 0.011 0.025 0.656 0.244 
  14 I X   0.009 0.046 0.001 0.034 0.015 0.029 0.621 0.243 
  15 D X   0.011 0.061 0.002 0.041 0.019 0.033 0.589 0.244 
  16 L X   0.013 0.071 0.002 0.046 0.021 0.036 0.562 0.249 
  17 L X   0.015 0.078 0.002 0.047 0.023 0.038 0.540 0.258 
  18 I X   0.017 0.081 0.002 0.045 0.024 0.039 0.521 0.271 
  19 K X   0.019 0.081 0.002 0.040 0.024 0.039 0.505 0.289 
  20 H X   0.020 0.080 0.002 0.034 0.023 0.039 0.492 0.310 
  21 L X   0.022 0.076 0.001 0.028 0.022 0.038 0.481 0.332 
  22 N X   0.023 0.072 0.001 0.023 0.020 0.036 0.471 0.354 
  23 V X   0.024 0.068 0.001 0.019 0.017 0.035 0.463 0.373 
  24 S X   0.024 0.065 0.001 0.017 0.015 0.033 0.455 0.390 
  25 D X   0.024 0.063 0.001 0.016 0.014 0.031 0.448 0.403 
  26 V X   0.024 0.061 0.001 0.017 0.013 0.029 0.441 0.414 
  27 I X   0.023 0.060 0.001 0.018 0.012 0.026 0.435 0.424 
  28 D _   0.022 0.058 0.001 0.020 0.012 0.024 0.429 0.434 
  29 I _   0.021 0.056 0.001 0.020 0.011 0.022 0.424 0.446 
  30 M _   0.019 0.052 0.001 0.019 0.009 0.019 0.420 0.461 
  31 E _   0.017 0.047 0.001 0.017 0.008 0.017 0.416 0.478 
  32 N _   0.014 0.041 0.001 0.014 0.006 0.015 0.412 0.497 
  33 L _   0.012 0.035 0.001 0.011 0.005 0.013 0.408 0.517 
  34 Y _   0.010 0.029 0.000 0.008 0.004 0.011 0.404 0.534 
  35 A _   0.008 0.026 0.000 0.006 0.003 0.010 0.399 0.548 
  36 S _   0.007 0.024 0.000 0.005 0.002 0.009 0.394 0.559 
  37 E _   0.007 0.023 0.000 0.004 0.002 0.009 0.388 0.566 
  38 E _   0.007 0.024 0.000 0.005 0.003 0.010 0.382 0.570 
  39 P _   0.007 0.028 0.000 0.006 0.003 0.012 0.374 0.569 
  40 A _   0.008 0.036 0.001 0.010 0.005 0.014 0.364 0.561 
  41 V _   0.009 0.052 0.001 0.016 0.008 0.016 0.353 0.545 
  42 Y _   0.010 0.075 0.001 0.025 0.011 0.018 0.340 0.519 
  43 E _   0.011 0.101 0.001 0.036 0.013 0.020 0.328 0.490 
  44 P _   0.011 0.122 0.001 0.046 0.015 0.021 0.318 0.466 
  45 S _   0.011 0.136 0.001 0.055 0.015 0.021 0.310 0.451 
  46 L _   0.011 0.143 0.001 0.059 0.015 0.020 0.305 0.446 
  47 M _   0.011 0.144 0.001 0.059 0.014 0.019 0.302 0.450 
  48 T _   0.011 0.140 0.001 0.055 0.012 0.017 0.301 0.464 
  49 M _   0.010 0.129 0.001 0.047 0.010 0.015 0.301 0.486 
  50 C _   0.009 0.111 0.001 0.037 0.008 0.013 0.302 0.519 
  51 Q _   0.009 0.085 0.001 0.027 0.006 0.011 0.304 0.559 
  52 D _   0.008 0.056 0.001 0.017 0.004 0.009 0.306 0.599 
  53 S _   0.007 0.032 0.000 0.011 0.003 0.007 0.307 0.633 
  54 N _   0.006 0.017 0.000 0.006 0.002 0.006 0.307 0.656 
  55 Q _   0.005 0.009 0.000 0.004 0.001 0.005 0.306 0.671 
  56 N _   0.004 0.006 0.000 0.003 0.001 0.004 0.304 0.679 
  57 D _   0.003 0.004 0.000 0.002 0.001 0.004 0.300 0.684 
  58 E _   0.003 0.004 0.000 0.003 0.001 0.005 0.296 0.688 
  59 R _   0.004 0.004 0.000 0.004 0.001 0.006 0.289 0.691 
  60 S _   0.004 0.006 0.000 0.006 0.002 0.008 0.281 0.692 
  61 K _   0.005 0.008 0.000 0.010 0.003 0.011 0.272 0.690 
  62 S _   0.006 0.012 0.001 0.015 0.005 0.014 0.261 0.686 
  63 L _   0.007 0.017 0.001 0.021 0.007 0.018 0.248 0.681 
  64 L _   0.008 0.022 0.001 0.028 0.009 0.021 0.236 0.677 
  65 L _   0.009 0.025 0.001 0.032 0.010 0.023 0.225 0.675 
  66 S _   0.009 0.027 0.001 0.034 0.012 0.026 0.215 0.676 
  67 G _   0.011 0.028 0.001 0.034 0.013 0.028 0.205 0.680 
  68 Q _   0.012 0.027 0.001 0.032 0.013 0.029 0.197 0.687 
  69 E _   0.014 0.025 0.001 0.029 0.014 0.031 0.190 0.696 
  70 V _   0.016 0.022 0.001 0.025 0.013 0.032 0.184 0.706 
  71 P _   0.019 0.019 0.001 0.020 0.013 0.034 0.178 0.716 
  72 W _   0.023 0.015 0.001 0.017 0.012 0.035 0.173 0.723 
  73 L _   0.028 0.012 0.001 0.013 0.012 0.037 0.168 0.728 
  74 S _   0.034 0.009 0.001 0.011 0.012 0.040 0.163 0.730 
  75 S _   0.041 0.008 0.001 0.010 0.013 0.042 0.158 0.727 
  76 V _   0.049 0.007 0.001 0.009 0.014 0.045 0.154 0.722 
  77 R _   0.057 0.006 0.001 0.009 0.016 0.048 0.150 0.714 
  78 Y _   0.068 0.006 0.001 0.009 0.018 0.051 0.145 0.702 
  79 G _   0.078 0.007 0.001 0.010 0.022 0.054 0.141 0.688 
  80 T _   0.089 0.008 0.002 0.011 0.026 0.057 0.137 0.671 
  81 V _   0.099 0.010 0.002 0.013 0.030 0.059 0.133 0.655 
  82 E _   0.107 0.012 0.002 0.016 0.033 0.060 0.131 0.641 
  83 D _   0.112 0.014 0.002 0.018 0.036 0.060 0.128 0.631 
  84 L _   0.115 0.015 0.002 0.020 0.036 0.058 0.126 0.627 
  85 L _   0.113 0.017 0.002 0.021 0.035 0.055 0.125 0.631 
  86 A _   0.108 0.017 0.002 0.022 0.033 0.051 0.125 0.642 
  87 F _   0.099 0.017 0.002 0.021 0.029 0.047 0.125 0.660 
  88 A _   0.088 0.016 0.002 0.020 0.024 0.042 0.125 0.683 
  89 N _   0.076 0.014 0.001 0.018 0.019 0.037 0.126 0.708 
  90 H _   0.065 0.013 0.001 0.016 0.015 0.032 0.126 0.733 
  91 I _   0.054 0.011 0.001 0.014 0.012 0.028 0.127 0.754 
  92 S _   0.045 0.009 0.001 0.013 0.009 0.024 0.127 0.772 
  93 N _   0.037 0.008 0.001 0.012 0.008 0.021 0.127 0.787 
  94 T _   0.031 0.007 0.001 0.011 0.006 0.018 0.128 0.799 
  95 A _   0.025 0.006 0.001 0.010 0.006 0.016 0.128 0.809 
  96 K _   0.021 0.005 0.001 0.009 0.005 0.014 0.128 0.819 
  97 H _   0.017 0.004 0.000 0.008 0.004 0.012 0.128 0.828 
  98 F _   0.013 0.003 0.000 0.007 0.003 0.010 0.127 0.836 
  99 Y _   0.011 0.003 0.000 0.005 0.003 0.009 0.126 0.843 
 100 G _   0.009 0.002 0.000 0.004 0.002 0.009 0.125 0.848 
 101 Q _   0.009 0.002 0.000 0.004 0.002 0.009 0.123 0.851 
 102 R _   0.009 0.003 0.000 0.003 0.002 0.010 0.121 0.852 
 103 P _   0.010 0.004 0.000 0.004 0.003 0.012 0.118 0.849 
 104 Q _   0.012 0.007 0.000 0.005 0.004 0.015 0.115 0.841 
 105 E _   0.015 0.015 0.001 0.009 0.007 0.020 0.111 0.824 
 106 S _   0.019 0.031 0.001 0.015 0.011 0.025 0.106 0.793 
 107 G _   0.022 0.060 0.002 0.024 0.017 0.030 0.100 0.746 
 108 I _   0.025 0.097 0.002 0.036 0.022 0.034 0.094 0.690 
 109 L _   0.027 0.132 0.002 0.048 0.026 0.036 0.089 0.640 
 110 L _   0.028 0.157 0.002 0.058 0.028 0.037 0.084 0.605 
 111 N _   0.028 0.171 0.002 0.065 0.029 0.037 0.081 0.587 
 112 M _   0.028 0.176 0.002 0.067 0.028 0.035 0.079 0.584 
 113 V _   0.027 0.175 0.002 0.064 0.026 0.033 0.078 0.595 
 114 I _   0.025 0.167 0.002 0.057 0.023 0.030 0.078 0.617 
 115 T _   0.024 0.151 0.002 0.047 0.019 0.027 0.078 0.653 
 116 P _   0.022 0.126 0.002 0.036 0.015 0.023 0.079 0.698 
 117 Q _   0.019 0.095 0.001 0.025 0.011 0.020 0.080 0.749 
 118 N _   0.017 0.066 0.001 0.016 0.008 0.018 0.080 0.794 
 119 G _   0.014 0.046 0.001 0.010 0.005 0.016 0.080 0.828 
 120 R _   0.012 0.035 0.000 0.006 0.004 0.014 0.080 0.849 
 121 Y _   0.011 0.030 0.000 0.004 0.003 0.013 0.079 0.859 
 122 Q _   0.011 0.029 0.000 0.004 0.003 0.014 0.078 0.861 
 123 I _   0.011 0.031 0.000 0.005 0.004 0.016 0.076 0.857 
 124 D _   0.013 0.038 0.001 0.008 0.005 0.019 0.073 0.843 
 125 S _   0.015 0.053 0.001 0.012 0.008 0.022 0.070 0.818 
 126 D _   0.017 0.081 0.001 0.020 0.012 0.025 0.066 0.777 
 127 V _   0.018 0.121 0.002 0.029 0.016 0.028 0.062 0.724 
 128 L _   0.018 0.161 0.002 0.040 0.019 0.029 0.057 0.673 
 129 L _   0.018 0.193 0.002 0.049 0.021 0.030 0.053 0.634 
 130 I _   0.017 0.214 0.002 0.055 0.022 0.029 0.051 0.610 
 131 P _   0.017 0.225 0.002 0.058 0.022 0.028 0.049 0.601 
 132 W _   0.016 0.229 0.001 0.057 0.021 0.027 0.047 0.603 
 133 K _   0.015 0.226 0.001 0.053 0.019 0.025 0.046 0.614 
 134 L _   0.015 0.218 0.001 0.046 0.016 0.022 0.046 0.635 
 135 T _   0.014 0.203 0.001 0.038 0.014 0.020 0.046 0.664 
 136 Y _   0.013 0.183 0.001 0.029 0.011 0.018 0.046 0.699 
 137 R _   0.012 0.160 0.001 0.021 0.008 0.016 0.047 0.735 
 138 N _   0.011 0.140 0.001 0.015 0.006 0.014 0.047 0.766 
 139 I _   0.010 0.125 0.001 0.011 0.005 0.013 0.047 0.789 
 140 G _   0.009 0.116 0.001 0.009 0.004 0.012 0.047 0.803 
 141 S _   0.009 0.111 0.000 0.008 0.004 0.012 0.046 0.810 
 142 D _   0.009 0.109 0.000 0.008 0.004 0.012 0.046 0.812 
 143 F _   0.009 0.110 0.001 0.009 0.004 0.013 0.045 0.809 
 144 I _   0.010 0.114 0.001 0.011 0.005 0.014 0.044 0.802 
 145 P _   0.010 0.120 0.001 0.015 0.006 0.015 0.043 0.791 
 146 R _   0.010 0.127 0.001 0.019 0.008 0.016 0.041 0.779 
 147 G _   0.011 0.134 0.001 0.023 0.009 0.017 0.040 0.766 
 148 A _   0.011 0.139 0.001 0.027 0.010 0.017 0.039 0.756 
 149 F _   0.011 0.143 0.001 0.030 0.010 0.017 0.038 0.750 
 150 G _   0.011 0.143 0.001 0.031 0.010 0.017 0.038 0.748 
 151 K _   0.011 0.141 0.001 0.031 0.010 0.016 0.038 0.752 
 152 V _   0.011 0.136 0.001 0.030 0.009 0.015 0.038 0.761 
 153 Y _   0.010 0.127 0.001 0.027 0.008 0.014 0.038 0.775 
 154 L _   0.010 0.114 0.001 0.023 0.007 0.013 0.039 0.794 
 155 A _   0.009 0.099 0.001 0.019 0.006 0.012 0.039 0.815 
 156 Q _   0.009 0.083 0.001 0.015 0.005 0.011 0.040 0.837 
 157 D _   0.008 0.068 0.001 0.011 0.004 0.010 0.040 0.857 
 158 I _   0.008 0.057 0.000 0.009 0.003 0.010 0.041 0.872 
 159 K _   0.008 0.050 0.000 0.007 0.003 0.010 0.041 0.882 
 160 T _   0.008 0.046 0.000 0.007 0.003 0.010 0.040 0.886 
 161 K _   0.008 0.044 0.000 0.007 0.003 0.010 0.040 0.886 
 162 K _   0.008 0.045 0.000 0.009 0.004 0.011 0.039 0.883 
 163 R _   0.009 0.046 0.001 0.012 0.005 0.013 0.039 0.876 
 164 M _   0.010 0.049 0.001 0.016 0.006 0.014 0.038 0.867 
 165 A _   0.010 0.051 0.001 0.020 0.007 0.015 0.037 0.858 
 166 C _   0.011 0.053 0.001 0.024 0.008 0.015 0.037 0.851 
 167 K _   0.011 0.053 0.001 0.027 0.009 0.015 0.036 0.848 
 168 L _   0.011 0.052 0.001 0.027 0.009 0.015 0.036 0.850 
 169 I _   0.010 0.048 0.001 0.026 0.008 0.014 0.036 0.857 
 170 P _   0.010 0.042 0.001 0.022 0.007 0.013 0.036 0.868 
 171 V _   0.010 0.035 0.001 0.018 0.006 0.013 0.036 0.882 
 172 D _   0.010 0.026 0.001 0.014 0.005 0.012 0.036 0.897 
 173 Q _   0.009 0.018 0.001 0.010 0.004 0.011 0.036 0.911 
 174 F _   0.009 0.011 0.000 0.007 0.004 0.011 0.036 0.921 
 175 K _   0.009 0.007 0.000 0.006 0.003 0.011 0.036 0.928 
 176 P _   0.009 0.005 0.000 0.005 0.003 0.012 0.036 0.931 
 177 S _   0.010 0.004 0.000 0.005 0.003 0.013 0.035 0.930 
 178 D _   0.012 0.003 0.000 0.006 0.004 0.015 0.034 0.926 
 179 V _   0.014 0.003 0.001 0.008 0.005 0.017 0.033 0.919 
 180 E _   0.018 0.003 0.001 0.010 0.006 0.020 0.032 0.910 
 181 I _   0.022 0.004 0.001 0.013 0.008 0.023 0.031 0.899 
 182 Q _   0.027 0.004 0.001 0.015 0.010 0.025 0.030 0.889 
 183 A _   0.033 0.004 0.001 0.016 0.011 0.028 0.028 0.879 
 184 C _   0.041 0.004 0.001 0.015 0.012 0.030 0.027 0.870 
 185 F _   0.053 0.003 0.001 0.013 0.013 0.032 0.025 0.861 
 186 R _   0.068 0.002 0.001 0.011 0.013 0.033 0.024 0.848 
 187 H _   0.088 0.001 0.001 0.009 0.013 0.035 0.023 0.830 
 188 E _   0.115 0.001 0.001 0.007 0.014 0.037 0.021 0.804 
 189 N _   0.148 0.000 0.001 0.005 0.015 0.039 0.020 0.772 
 190 I _   0.187 0.000 0.001 0.004 0.016 0.041 0.019 0.731 
 191 A _   0.230 0.000 0.001 0.004 0.019 0.043 0.017 0.685 
 192 E _   0.275 0.000 0.001 0.004 0.022 0.045 0.016 0.636 
 193 L _   0.318 0.000 0.002 0.004 0.024 0.046 0.016 0.590 
 194 Y _   0.357 0.000 0.002 0.004 0.027 0.047 0.015 0.548 
 195 G _   0.390 0.000 0.002 0.004 0.028 0.046 0.015 0.514 
 196 A _   0.415 0.000 0.002 0.004 0.029 0.046 0.015 0.490 
 197 V _   0.433 0.000 0.002 0.004 0.029 0.044 0.015 0.473 
 198 L _   0.442 0.000 0.002 0.004 0.029 0.043 0.015 0.466 
 199 W _   0.443 0.000 0.002 0.004 0.028 0.042 0.016 0.466 
 200 G _   0.436 0.000 0.002 0.004 0.028 0.040 0.016 0.474 
 201 E _   0.421 0.000 0.002 0.004 0.027 0.039 0.018 0.490 
 202 T _   0.399 0.000 0.002 0.005 0.026 0.038 0.019 0.512 
 203 V _   0.369 0.001 0.002 0.006 0.025 0.036 0.021 0.540 
 204 H _   0.335 0.001 0.002 0.008 0.024 0.035 0.023 0.573 
 205 L _   0.296 0.001 0.002 0.009 0.022 0.033 0.025 0.612 
 206 F _   0.255 0.001 0.002 0.010 0.019 0.030 0.028 0.655 
 207 M _   0.212 0.001 0.001 0.010 0.016 0.028 0.031 0.700 
 208 E _   0.171 0.001 0.001 0.010 0.013 0.025 0.033 0.745 
 209 A _   0.133 0.001 0.001 0.009 0.011 0.022 0.036 0.787 
 210 G _   0.100 0.001 0.001 0.008 0.008 0.020 0.038 0.824 
 211 E _   0.074 0.001 0.001 0.008 0.007 0.018 0.040 0.852 
 212 G _   0.055 0.001 0.001 0.007 0.006 0.016 0.041 0.873 
 213 G _   0.041 0.001 0.001 0.007 0.005 0.014 0.043 0.888 
 214 S _   0.031 0.001 0.001 0.007 0.004 0.013 0.044 0.898 
 215 V _   0.024 0.001 0.001 0.008 0.004 0.013 0.045 0.905 
 216 L _   0.019 0.001 0.000 0.008 0.004 0.012 0.046 0.910 
 217 E _   0.016 0.001 0.000 0.007 0.004 0.012 0.047 0.913 
 218 K _   0.014 0.001 0.000 0.007 0.003 0.011 0.047 0.916 
 219 L _   0.013 0.001 0.000 0.006 0.003 0.011 0.047 0.918 
 220 E _   0.012 0.001 0.000 0.005 0.003 0.012 0.047 0.919 
 221 S _   0.013 0.001 0.000 0.005 0.003 0.013 0.047 0.918 
 222 C _   0.016 0.001 0.000 0.004 0.003 0.015 0.047 0.914 
 223 G _   0.020 0.001 0.000 0.004 0.004 0.018 0.047 0.906 
 224 P _   0.026 0.001 0.001 0.005 0.006 0.022 0.047 0.894 
 225 M _   0.034 0.002 0.001 0.006 0.008 0.027 0.046 0.876 
 226 R _   0.044 0.004 0.001 0.008 0.011 0.032 0.046 0.854 
 227 E _   0.055 0.006 0.001 0.010 0.016 0.038 0.045 0.828 
 228 F _   0.065 0.010 0.001 0.013 0.021 0.044 0.045 0.800 
 229 E _   0.073 0.014 0.002 0.017 0.026 0.048 0.045 0.775 
 230 I _   0.080 0.019 0.002 0.020 0.030 0.051 0.045 0.753 
 231 I _   0.084 0.023 0.002 0.023 0.033 0.053 0.045 0.737 
 232 W _   0.086 0.026 0.002 0.025 0.034 0.053 0.046 0.728 
 233 V _   0.085 0.028 0.002 0.027 0.033 0.051 0.047 0.727 
 234 T _   0.081 0.029 0.002 0.027 0.032 0.049 0.048 0.732 
 235 K _   0.075 0.029 0.002 0.026 0.029 0.046 0.049 0.744 
 236 H _   0.067 0.027 0.002 0.025 0.025 0.042 0.051 0.762 
 237 V _   0.058 0.025 0.001 0.022 0.021 0.037 0.053 0.782 
 238 L _   0.049 0.022 0.001 0.019 0.016 0.033 0.055 0.804 
 239 K _   0.041 0.019 0.001 0.017 0.013 0.029 0.056 0.824 
 240 G _   0.034 0.016 0.001 0.014 0.010 0.025 0.058 0.842 
 241 L _   0.029 0.013 0.001 0.012 0.008 0.022 0.059 0.856 
 242 D _   0.023 0.011 0.001 0.011 0.007 0.019 0.061 0.868 
 243 F _   0.019 0.009 0.001 0.010 0.006 0.017 0.062 0.877 
 244 L _   0.016 0.008 0.001 0.010 0.005 0.015 0.063 0.883 
 245 H _   0.014 0.007 0.001 0.010 0.005 0.013 0.064 0.887 
 246 S _   0.012 0.006 0.001 0.010 0.005 0.012 0.065 0.890 
 247 K _   0.011 0.005 0.001 0.010 0.004 0.012 0.065 0.892 
 248 K _   0.010 0.004 0.001 0.009 0.004 0.011 0.066 0.895 
 249 V _   0.009 0.003 0.000 0.009 0.004 0.010 0.067 0.897 
 250 I _   0.009 0.003 0.000 0.008 0.003 0.010 0.067 0.899 
 251 H _   0.009 0.002 0.000 0.007 0.003 0.010 0.068 0.901 
 252 H _   0.009 0.001 0.000 0.005 0.003 0.011 0.068 0.902 
 253 D _   0.010 0.001 0.000 0.004 0.003 0.012 0.068 0.901 
 254 I _   0.012 0.001 0.000 0.004 0.003 0.014 0.068 0.898 
 255 K _   0.016 0.001 0.000 0.004 0.004 0.017 0.068 0.891 
 256 P _   0.022 0.001 0.000 0.004 0.005 0.021 0.067 0.879 
 257 S _   0.032 0.001 0.001 0.005 0.007 0.027 0.066 0.860 
 258 N _   0.044 0.003 0.001 0.007 0.011 0.035 0.065 0.834 
 259 I _   0.059 0.005 0.001 0.010 0.017 0.043 0.064 0.801 
 260 V _   0.074 0.009 0.002 0.014 0.024 0.051 0.063 0.764 
 261 F _   0.087 0.015 0.002 0.018 0.031 0.058 0.062 0.727 
 262 M _   0.099 0.020 0.002 0.022 0.037 0.063 0.062 0.694 
 263 S _   0.109 0.024 0.002 0.025 0.042 0.067 0.062 0.669 
 264 T _   0.117 0.027 0.002 0.026 0.045 0.068 0.062 0.654 
 265 K _   0.121 0.029 0.002 0.025 0.046 0.068 0.062 0.647 
 266 A _   0.123 0.030 0.002 0.023 0.044 0.067 0.064 0.648 
 267 V _   0.123 0.030 0.002 0.021 0.042 0.064 0.065 0.653 
 268 L _   0.121 0.029 0.002 0.020 0.038 0.061 0.067 0.662 
 269 V _   0.116 0.029 0.002 0.020 0.034 0.057 0.069 0.673 
 270 D _   0.110 0.028 0.002 0.019 0.031 0.053 0.072 0.685 
 271 F _   0.102 0.028 0.002 0.020 0.027 0.049 0.075 0.699 
 272 G _   0.092 0.027 0.002 0.021 0.024 0.044 0.078 0.713 
 273 L _   0.082 0.025 0.001 0.021 0.021 0.039 0.081 0.729 
 274 S _   0.069 0.023 0.001 0.021 0.017 0.034 0.085 0.748 
 275 V _   0.057 0.020 0.001 0.020 0.014 0.030 0.089 0.768 
 276 Q _   0.046 0.017 0.001 0.018 0.011 0.025 0.093 0.789 
 277 M _   0.037 0.014 0.001 0.015 0.009 0.021 0.096 0.808 
 278 T _   0.029 0.010 0.001 0.012 0.006 0.017 0.099 0.826 
 279 E _   0.022 0.007 0.001 0.009 0.005 0.014 0.102 0.840 
 280 D _   0.017 0.005 0.000 0.007 0.003 0.011 0.104 0.852 
 281 V _   0.013 0.003 0.000 0.005 0.003 0.009 0.106 0.860 
 282 Y _   0.010 0.002 0.000 0.004 0.002 0.008 0.107 0.866 
 283 F _   0.008 0.002 0.000 0.003 0.002 0.008 0.108 0.868 
 284 P _   0.008 0.002 0.000 0.003 0.002 0.008 0.108 0.868 
 285 K _   0.008 0.002 0.000 0.004 0.002 0.009 0.108 0.867 
 286 D _   0.008 0.004 0.000 0.005 0.003 0.010 0.108 0.863 
 287 L _   0.009 0.006 0.000 0.006 0.004 0.012 0.108 0.856 
 288 R _   0.010 0.009 0.001 0.009 0.005 0.014 0.107 0.847 
 289 G _   0.011 0.014 0.001 0.012 0.006 0.016 0.106 0.835 
 290 T _   0.012 0.021 0.001 0.015 0.008 0.019 0.104 0.820 
 291 E _   0.013 0.028 0.001 0.019 0.010 0.021 0.103 0.805 
 292 I _   0.014 0.036 0.001 0.023 0.012 0.023 0.102 0.790 
 293 Y _   0.014 0.042 0.001 0.027 0.013 0.025 0.101 0.776 
 294 M _   0.015 0.048 0.001 0.031 0.015 0.027 0.100 0.764 
 295 S _   0.016 0.052 0.001 0.034 0.016 0.028 0.100 0.754 
 296 P _   0.016 0.054 0.001 0.036 0.017 0.028 0.100 0.747 
 297 E _   0.017 0.055 0.001 0.037 0.017 0.028 0.100 0.744 
 298 V _   0.017 0.054 0.001 0.036 0.017 0.028 0.101 0.745 
 299 I _   0.017 0.051 0.001 0.034 0.015 0.027 0.103 0.751 
 300 L _   0.017 0.046 0.001 0.029 0.013 0.026 0.105 0.763 
 301 C _   0.017 0.038 0.001 0.023 0.011 0.025 0.106 0.778 
 302 R _   0.016 0.030 0.001 0.018 0.009 0.024 0.108 0.794 
 303 G _   0.016 0.022 0.001 0.013 0.008 0.023 0.110 0.808 
 304 H _   0.017 0.015 0.001 0.009 0.006 0.023 0.111 0.817 
 305 S _   0.019 0.011 0.001 0.006 0.006 0.024 0.113 0.821 
 306 T _   0.022 0.009 0.001 0.005 0.006 0.026 0.114 0.818 
 307 K _   0.027 0.009 0.001 0.005 0.007 0.029 0.114 0.808 
 308 A _   0.035 0.010 0.001 0.006 0.009 0.033 0.115 0.791 
 309 D _   0.045 0.014 0.001 0.008 0.013 0.039 0.116 0.764 
 310 I _   0.057 0.021 0.001 0.012 0.020 0.045 0.117 0.728 
 311 Y _   0.068 0.034 0.002 0.017 0.028 0.051 0.117 0.683 
 312 S _   0.078 0.050 0.002 0.025 0.036 0.055 0.119 0.635 
 313 L _   0.085 0.067 0.002 0.033 0.043 0.058 0.121 0.592 
 314 G _   0.089 0.080 0.003 0.041 0.047 0.058 0.124 0.559 
 315 A _   0.091 0.088 0.003 0.046 0.048 0.057 0.128 0.540 
 316 T _   0.089 0.092 0.003 0.049 0.046 0.054 0.133 0.535 
 317 L _   0.084 0.091 0.002 0.048 0.042 0.050 0.140 0.542 
 318 I _   0.077 0.087 0.002 0.044 0.036 0.045 0.148 0.560 
 319 H _   0.068 0.079 0.002 0.038 0.029 0.039 0.158 0.587 
 320 M _   0.058 0.067 0.002 0.030 0.022 0.033 0.168 0.620 
 321 Q _   0.047 0.052 0.001 0.023 0.016 0.028 0.178 0.655 
 322 T _   0.037 0.038 0.001 0.017 0.011 0.023 0.188 0.686 
 323 G _   0.029 0.027 0.001 0.012 0.008 0.019 0.197 0.708 
 324 T _   0.022 0.019 0.001 0.009 0.005 0.015 0.204 0.724 
 325 P _   0.017 0.015 0.001 0.008 0.004 0.013 0.211 0.733 
 326 P _   0.013 0.012 0.000 0.006 0.003 0.011 0.216 0.737 
 327 W _   0.011 0.010 0.000 0.006 0.003 0.010 0.221 0.739 
 328 V _   0.009 0.009 0.000 0.006 0.003 0.009 0.225 0.738 
 329 K _   0.008 0.009 0.000 0.006 0.003 0.008 0.229 0.737 
 330 R _   0.007 0.009 0.000 0.006 0.002 0.008 0.232 0.735 
 331 Y _   0.007 0.010 0.000 0.006 0.002 0.008 0.234 0.733 
 332 P _   0.006 0.012 0.000 0.006 0.003 0.008 0.236 0.729 
 333 R _   0.006 0.014 0.000 0.007 0.003 0.009 0.238 0.723 
 334 S _   0.007 0.018 0.000 0.008 0.003 0.010 0.239 0.714 
 335 A _   0.007 0.024 0.001 0.010 0.004 0.012 0.240 0.702 
 336 Y _   0.008 0.033 0.001 0.013 0.006 0.013 0.241 0.685 
 337 P _   0.009 0.044 0.001 0.018 0.007 0.015 0.243 0.664 
 338 S _   0.009 0.057 0.001 0.024 0.009 0.016 0.244 0.640 
 339 Y _   0.010 0.069 0.001 0.030 0.010 0.018 0.246 0.617 
 340 L _   0.010 0.078 0.001 0.036 0.011 0.018 0.249 0.597 
 341 Y _   0.010 0.085 0.001 0.040 0.012 0.018 0.252 0.581 
 342 I _   0.010 0.088 0.001 0.042 0.012 0.018 0.257 0.572 
 343 I _   0.009 0.089 0.001 0.042 0.012 0.017 0.263 0.567 
 344 H _   0.009 0.086 0.001 0.039 0.011 0.016 0.270 0.567 
 345 K _   0.009 0.081 0.001 0.035 0.009 0.014 0.279 0.571 
 346 Q _   0.008 0.074 0.001 0.030 0.008 0.013 0.289 0.577 
 347 A _   0.008 0.063 0.001 0.025 0.007 0.011 0.300 0.585 
 348 P _   0.007 0.052 0.001 0.019 0.005 0.010 0.311 0.595 
 349 P _   0.007 0.040 0.001 0.014 0.004 0.008 0.322 0.604 
 350 L _   0.006 0.030 0.000 0.010 0.003 0.007 0.332 0.611 
 351 E _   0.005 0.023 0.000 0.007 0.002 0.006 0.340 0.617 
 352 D _   0.005 0.018 0.000 0.005 0.002 0.005 0.346 0.620 
 353 I _   0.004 0.015 0.000 0.003 0.001 0.005 0.350 0.621 
 354 A _   0.004 0.014 0.000 0.003 0.001 0.005 0.353 0.620 
 355 D _   0.004 0.014 0.000 0.003 0.001 0.006 0.355 0.617 
 356 D _   0.005 0.017 0.000 0.004 0.002 0.007 0.356 0.610 
 357 C _   0.006 0.022 0.000 0.006 0.003 0.010 0.356 0.596 
 358 S _   0.008 0.037 0.001 0.011 0.005 0.014 0.355 0.569 
 359 P _   0.010 0.066 0.001 0.021 0.009 0.018 0.352 0.523 
 360 G _   0.011 0.112 0.001 0.034 0.013 0.021 0.349 0.459 
 361 M _   0.011 0.160 0.002 0.050 0.016 0.023 0.346 0.392 
 362 R X   0.011 0.194 0.002 0.063 0.017 0.024 0.345 0.345 
 363 E X   0.010 0.212 0.001 0.072 0.018 0.023 0.347 0.316 
 364 L X   0.010 0.219 0.001 0.076 0.017 0.022 0.351 0.304 
 365 I X   0.010 0.219 0.001 0.075 0.016 0.021 0.357 0.301 
 366 E X   0.009 0.213 0.001 0.068 0.015 0.019 0.366 0.309 
 367 A X   0.009 0.196 0.001 0.058 0.013 0.017 0.378 0.328 
 368 S X   0.009 0.166 0.001 0.045 0.011 0.014 0.395 0.358 
 369 L X   0.009 0.125 0.001 0.032 0.009 0.012 0.415 0.397 
 370 E X   0.009 0.082 0.001 0.021 0.006 0.010 0.436 0.435 
 371 R _   0.008 0.049 0.001 0.012 0.004 0.009 0.454 0.464 
 372 N _   0.006 0.028 0.000 0.007 0.003 0.007 0.467 0.481 
 373 P _   0.005 0.018 0.000 0.005 0.002 0.006 0.476 0.488 
 374 N _   0.004 0.013 0.000 0.003 0.001 0.005 0.483 0.490 
 375 H _   0.004 0.011 0.000 0.003 0.001 0.005 0.487 0.488 
 376 R X   0.004 0.011 0.000 0.003 0.001 0.005 0.491 0.485 
 377 P X   0.004 0.011 0.000 0.005 0.001 0.005 0.493 0.481 
 378 R X   0.004 0.012 0.000 0.006 0.002 0.006 0.495 0.475 
 379 A X   0.004 0.014 0.000 0.009 0.002 0.007 0.496 0.469 
 380 A X   0.004 0.015 0.000 0.012 0.003 0.007 0.496 0.462 
 381 D X   0.004 0.017 0.000 0.015 0.003 0.007 0.497 0.456 
 382 L X   0.004 0.018 0.000 0.017 0.003 0.008 0.499 0.451 
 383 L X   0.004 0.018 0.000 0.018 0.003 0.007 0.501 0.447 
 384 K X   0.004 0.018 0.000 0.017 0.003 0.007 0.504 0.446 
 385 H X   0.004 0.017 0.000 0.015 0.003 0.006 0.508 0.447 
 386 E X   0.004 0.015 0.000 0.013 0.003 0.006 0.512 0.448 
 387 A X   0.004 0.012 0.000 0.010 0.002 0.005 0.516 0.451 
 388 L X   0.003 0.010 0.000 0.007 0.002 0.004 0.519 0.454 
 389 N X   0.003 0.007 0.000 0.005 0.001 0.004 0.522 0.457 
 390 P X   0.003 0.006 0.000 0.004 0.001 0.003 0.524 0.459 
 391 P X   0.003 0.005 0.000 0.003 0.001 0.003 0.525 0.460 
 392 R X   0.003 0.005 0.000 0.002 0.001 0.003 0.525 0.462 
 393 E X   0.003 0.005 0.000 0.002 0.001 0.003 0.524 0.462 
 394 D X   0.003 0.005 0.000 0.002 0.001 0.004 0.522 0.462 
 395 Q X   0.003 0.007 0.000 0.003 0.001 0.004 0.519 0.462 
 396 P X   0.003 0.010 0.000 0.005 0.002 0.006 0.515 0.459 
 397 R X   0.004 0.016 0.000 0.007 0.002 0.007 0.509 0.454 
 398 C X   0.004 0.026 0.000 0.011 0.003 0.008 0.503 0.445 
 399 Q X   0.004 0.038 0.001 0.015 0.004 0.010 0.495 0.433 
 400 S X   0.004 0.050 0.001 0.020 0.005 0.011 0.488 0.421 
 401 L X   0.004 0.062 0.001 0.024 0.006 0.012 0.481 0.410 
 402 D X   0.005 0.071 0.001 0.028 0.007 0.012 0.475 0.402 
 403 S X   0.005 0.077 0.001 0.030 0.007 0.012 0.471 0.397 
 404 A X   0.005 0.080 0.001 0.031 0.007 0.012 0.468 0.395 
 405 L X   0.005 0.081 0.001 0.031 0.007 0.012 0.467 0.396 
 406 L X   0.005 0.080 0.001 0.029 0.007 0.012 0.467 0.400 
 407 E X   0.005 0.077 0.001 0.026 0.006 0.011 0.468 0.406 
 408 R X   0.005 0.072 0.001 0.023 0.006 0.010 0.469 0.414 
 409 K X   0.005 0.065 0.001 0.019 0.005 0.010 0.472 0.424 
 410 R X   0.005 0.057 0.001 0.016 0.004 0.009 0.475 0.434 
 411 L X   0.005 0.049 0.000 0.013 0.004 0.008 0.478 0.443 
 412 L X   0.005 0.041 0.000 0.011 0.003 0.008 0.481 0.450 
 413 S X   0.005 0.035 0.000 0.009 0.003 0.007 0.484 0.457 
 414 R X   0.005 0.029 0.000 0.009 0.003 0.007 0.486 0.461 
 415 K X   0.005 0.025 0.000 0.008 0.002 0.006 0.489 0.465 
 416 E X   0.005 0.022 0.000 0.008 0.002 0.006 0.491 0.467 
 417 L X   0.004 0.019 0.000 0.008 0.002 0.006 0.492 0.469 
 418 E X   0.004 0.016 0.000 0.008 0.002 0.005 0.494 0.470 
 419 L X   0.004 0.014 0.000 0.007 0.002 0.005 0.495 0.472 
 420 P X   0.004 0.012 0.000 0.007 0.002 0.005 0.496 0.475 
 421 E X   0.003 0.010 0.000 0.006 0.002 0.004 0.497 0.477 
 422 N X   0.003 0.008 0.000 0.005 0.002 0.004 0.497 0.480 
 423 I X   0.003 0.007 0.000 0.005 0.001 0.004 0.497 0.482 
 424 A X   0.003 0.006 0.000 0.004 0.001 0.004 0.497 0.484 
 425 D X   0.003 0.006 0.000 0.004 0.001 0.004 0.496 0.486 
 426 S X   0.003 0.005 0.000 0.004 0.001 0.004 0.494 0.488 
 427 S X   0.003 0.005 0.000 0.005 0.001 0.004 0.492 0.489 
 428 C _   0.003 0.006 0.000 0.005 0.002 0.005 0.490 0.490 
 429 T _   0.003 0.006 0.000 0.006 0.002 0.005 0.487 0.491 
 430 G _   0.003 0.007 0.000 0.008 0.002 0.006 0.483 0.491 
 431 S _   0.003 0.008 0.000 0.009 0.003 0.007 0.480 0.490 
 432 T _   0.003 0.009 0.000 0.010 0.003 0.008 0.477 0.490 
 433 E _   0.003 0.010 0.000 0.012 0.003 0.008 0.474 0.489 
 434 E _   0.004 0.011 0.000 0.013 0.004 0.009 0.471 0.489 
 435 S _   0.004 0.011 0.000 0.013 0.004 0.010 0.468 0.489 
 436 E _   0.004 0.011 0.000 0.013 0.004 0.011 0.466 0.489 
 437 M _   0.005 0.011 0.000 0.013 0.004 0.013 0.465 0.489 
 438 L _   0.006 0.011 0.001 0.012 0.005 0.014 0.464 0.488 
 439 K _   0.007 0.011 0.001 0.010 0.005 0.016 0.463 0.488 
 440 R _   0.009 0.010 0.001 0.009 0.005 0.018 0.463 0.486 
 441 Q _   0.012 0.010 0.001 0.008 0.006 0.020 0.463 0.481 
 442 R _   0.016 0.009 0.001 0.007 0.007 0.023 0.462 0.475 
 443 S _   0.022 0.010 0.001 0.007 0.008 0.027 0.462 0.464 
 444 L X   0.029 0.011 0.001 0.007 0.010 0.031 0.463 0.449 
 445 Y X   0.038 0.013 0.001 0.008 0.014 0.035 0.463 0.429 
 446 I X   0.048 0.016 0.001 0.010 0.018 0.040 0.464 0.403 
 447 D X   0.058 0.022 0.001 0.012 0.023 0.044 0.465 0.374 
 448 L X   0.067 0.029 0.002 0.015 0.028 0.047 0.467 0.344 
 449 G X   0.075 0.036 0.002 0.019 0.032 0.049 0.471 0.317 
 450 A X   0.079 0.042 0.002 0.022 0.034 0.049 0.477 0.295 
 451 L X   0.080 0.047 0.002 0.024 0.035 0.048 0.483 0.280 
 452 A X   0.080 0.050 0.002 0.026 0.035 0.047 0.492 0.269 
 453 G X   0.077 0.051 0.002 0.027 0.033 0.045 0.503 0.263 
 454 Y X   0.073 0.052 0.002 0.027 0.030 0.042 0.515 0.261 
 455 F X   0.066 0.051 0.002 0.027 0.027 0.038 0.529 0.261 
 456 N X   0.059 0.049 0.002 0.026 0.023 0.034 0.545 0.263 
 457 L X   0.050 0.046 0.001 0.025 0.018 0.030 0.563 0.266 
 458 V X   0.041 0.042 0.001 0.023 0.014 0.026 0.582 0.271 
 459 R X   0.031 0.037 0.001 0.021 0.011 0.021 0.601 0.277 
 460 G X   0.022 0.032 0.001 0.018 0.008 0.016 0.618 0.284 
 461 P X   0.015 0.027 0.001 0.015 0.006 0.012 0.636 0.289 
 462 P X   0.008 0.021 0.001 0.011 0.004 0.008 0.652 0.295 
 463 T X   0.004 0.015 0.000 0.007 0.002 0.004 0.667 0.301 
 464 L X   0.001 0.009 0.000 0.004 0.000 0.001 0.678 0.307 
 465 E X   0.000 0.005 0.000 0.002 0.000 0.000 0.680 0.312 
 466 Y X   0.000 0.004 0.000 0.002 0.000 0.000 0.678 0.315 
 467 G X   0.002 0.004 0.001 0.008 0.002 0.002 0.666 0.315 
