#TopoPred_TM8: 8-state transmembrane topology prediction results by no_profile mode 
#probabilities are in the order of H E C I L F X _, the 8 transmembrane topology types used in PDBTM 
   1 M X   0.006 0.000 0.002 0.038 0.008 0.007 0.901 0.038 
   2 A X   0.002 0.000 0.000 0.021 0.002 0.003 0.932 0.040 
   3 A X   0.001 0.000 0.000 0.012 0.001 0.002 0.942 0.042 
   4 V X   0.001 0.000 0.000 0.008 0.000 0.002 0.945 0.043 
   5 F X   0.001 0.000 0.000 0.006 0.000 0.002 0.945 0.045 
   6 D X   0.001 0.000 0.000 0.005 0.001 0.002 0.945 0.047 
   7 L X   0.001 0.000 0.000 0.003 0.000 0.002 0.944 0.049 
   8 D X   0.001 0.000 0.000 0.003 0.000 0.002 0.943 0.051 
   9 L X   0.001 0.000 0.000 0.002 0.000 0.002 0.941 0.053 
  10 E X   0.001 0.000 0.000 0.002 0.000 0.001 0.939 0.056 
  11 T X   0.001 0.000 0.000 0.001 0.000 0.001 0.937 0.059 
  12 E X   0.001 0.000 0.000 0.001 0.000 0.001 0.933 0.062 
  13 E X   0.001 0.000 0.000 0.001 0.000 0.001 0.930 0.066 
  14 G X   0.001 0.000 0.000 0.001 0.000 0.001 0.925 0.071 
  15 S X   0.001 0.000 0.000 0.001 0.000 0.001 0.920 0.076 
  16 E X   0.001 0.000 0.000 0.002 0.000 0.001 0.913 0.083 
  17 G X   0.001 0.000 0.000 0.002 0.001 0.001 0.905 0.090 
  18 E X   0.001 0.000 0.000 0.002 0.001 0.002 0.894 0.100 
  19 G X   0.001 0.001 0.000 0.003 0.001 0.002 0.881 0.111 
  20 E X   0.001 0.001 0.000 0.003 0.001 0.003 0.866 0.124 
  21 P X   0.001 0.002 0.000 0.004 0.001 0.003 0.847 0.140 
  22 E X   0.002 0.004 0.000 0.006 0.002 0.004 0.826 0.157 
  23 L X   0.002 0.006 0.000 0.008 0.002 0.006 0.800 0.177 
  24 S X   0.002 0.011 0.000 0.010 0.003 0.007 0.770 0.197 
  25 P X   0.003 0.017 0.001 0.013 0.004 0.009 0.737 0.217 
  26 A X   0.003 0.026 0.001 0.018 0.005 0.011 0.700 0.237 
  27 D X   0.003 0.039 0.001 0.024 0.006 0.014 0.659 0.254 
  28 A X   0.004 0.055 0.001 0.030 0.008 0.016 0.617 0.269 
  29 C X   0.005 0.072 0.001 0.037 0.010 0.018 0.575 0.282 
  30 P X   0.005 0.090 0.001 0.045 0.012 0.020 0.536 0.292 
  31 L X   0.005 0.105 0.001 0.052 0.013 0.021 0.500 0.302 
  32 A X   0.006 0.116 0.001 0.057 0.014 0.022 0.470 0.313 
  33 E X   0.006 0.124 0.001 0.060 0.015 0.022 0.445 0.326 
  34 L X   0.007 0.128 0.001 0.061 0.015 0.022 0.425 0.341 
  35 R X   0.007 0.128 0.001 0.059 0.015 0.022 0.408 0.360 
  36 A X   0.008 0.125 0.001 0.054 0.014 0.020 0.395 0.383 
  37 A _   0.008 0.118 0.001 0.046 0.012 0.019 0.384 0.410 
  38 G _   0.009 0.107 0.001 0.038 0.011 0.018 0.375 0.442 
  39 L _   0.009 0.093 0.001 0.029 0.009 0.016 0.367 0.477 
  40 E _   0.009 0.076 0.001 0.022 0.007 0.015 0.359 0.511 
  41 P _   0.009 0.060 0.001 0.016 0.006 0.014 0.352 0.543 
  42 V _   0.008 0.048 0.001 0.012 0.005 0.013 0.345 0.568 
  43 G _   0.008 0.040 0.001 0.010 0.004 0.012 0.338 0.587 
  44 H _   0.008 0.035 0.001 0.009 0.004 0.012 0.331 0.600 
  45 Y _   0.009 0.032 0.001 0.009 0.004 0.013 0.323 0.610 
  46 E _   0.009 0.030 0.001 0.011 0.005 0.013 0.316 0.616 
  47 E _   0.009 0.029 0.001 0.013 0.006 0.013 0.308 0.621 
  48 V _   0.010 0.028 0.001 0.015 0.006 0.014 0.301 0.626 
  49 E _   0.010 0.027 0.001 0.017 0.007 0.014 0.293 0.632 
  50 L _   0.009 0.026 0.001 0.017 0.007 0.013 0.286 0.640 
  51 T _   0.009 0.024 0.001 0.017 0.007 0.013 0.280 0.650 
  52 E _   0.009 0.021 0.001 0.016 0.006 0.013 0.274 0.661 
  53 T _   0.008 0.017 0.001 0.014 0.006 0.012 0.268 0.674 
  54 S _   0.008 0.013 0.001 0.012 0.005 0.011 0.263 0.687 
  55 V _   0.008 0.010 0.001 0.009 0.004 0.011 0.258 0.700 
  56 N _   0.008 0.007 0.000 0.007 0.003 0.011 0.253 0.711 
  57 V _   0.008 0.005 0.000 0.005 0.003 0.011 0.247 0.720 
  58 G _   0.009 0.003 0.000 0.004 0.003 0.013 0.241 0.726 
  59 P _   0.011 0.003 0.000 0.004 0.003 0.015 0.235 0.730 
  60 E _   0.014 0.003 0.000 0.004 0.004 0.018 0.227 0.730 
  61 R _   0.018 0.004 0.001 0.005 0.005 0.023 0.219 0.725 
  62 I _   0.025 0.005 0.001 0.006 0.009 0.029 0.210 0.715 
  63 G _   0.032 0.010 0.001 0.009 0.014 0.037 0.199 0.698 
  64 P _   0.040 0.019 0.001 0.014 0.021 0.045 0.188 0.672 
  65 H _   0.048 0.032 0.002 0.021 0.029 0.052 0.175 0.640 
  66 C _   0.054 0.049 0.002 0.030 0.037 0.057 0.163 0.607 
  67 F _   0.059 0.066 0.003 0.039 0.043 0.060 0.153 0.579 
  68 E _   0.061 0.078 0.002 0.047 0.046 0.060 0.144 0.561 
  69 L _   0.061 0.086 0.002 0.053 0.046 0.059 0.137 0.555 
  70 L _   0.060 0.089 0.002 0.054 0.044 0.056 0.132 0.562 
  71 R _   0.058 0.088 0.002 0.051 0.040 0.052 0.127 0.581 
  72 V _   0.055 0.083 0.002 0.045 0.034 0.046 0.123 0.612 
  73 L _   0.051 0.072 0.002 0.035 0.027 0.041 0.120 0.651 
  74 G _   0.046 0.058 0.002 0.026 0.021 0.036 0.118 0.694 
  75 K _   0.040 0.043 0.001 0.019 0.016 0.031 0.116 0.735 
  76 G _   0.035 0.030 0.001 0.013 0.011 0.027 0.114 0.768 
  77 G _   0.030 0.022 0.001 0.010 0.009 0.024 0.112 0.793 
  78 Y _   0.026 0.017 0.001 0.008 0.007 0.022 0.110 0.810 
  79 G _   0.023 0.014 0.001 0.008 0.006 0.020 0.108 0.820 
  80 K _   0.021 0.013 0.001 0.008 0.006 0.019 0.106 0.826 
  81 V _   0.019 0.012 0.001 0.010 0.006 0.018 0.104 0.830 
  82 F _   0.018 0.012 0.001 0.011 0.006 0.018 0.101 0.833 
  83 Q _   0.016 0.012 0.001 0.012 0.006 0.017 0.099 0.837 
  84 V _   0.015 0.011 0.001 0.012 0.006 0.016 0.097 0.842 
  85 R _   0.014 0.011 0.001 0.011 0.006 0.015 0.095 0.847 
  86 K _   0.013 0.010 0.001 0.010 0.005 0.015 0.093 0.853 
  87 V _   0.013 0.010 0.001 0.009 0.005 0.015 0.091 0.858 
  88 Q _   0.013 0.009 0.001 0.008 0.005 0.015 0.089 0.861 
  89 G _   0.013 0.009 0.001 0.007 0.005 0.016 0.087 0.863 
  90 T _   0.014 0.010 0.001 0.007 0.005 0.017 0.085 0.862 
  91 N _   0.016 0.011 0.001 0.007 0.006 0.019 0.083 0.857 
  92 L _   0.019 0.013 0.001 0.009 0.007 0.021 0.081 0.850 
  93 G _   0.022 0.017 0.001 0.011 0.009 0.023 0.079 0.839 
  94 K _   0.024 0.022 0.001 0.014 0.011 0.026 0.076 0.825 
  95 I _   0.027 0.028 0.001 0.018 0.013 0.028 0.074 0.810 
  96 Y _   0.029 0.035 0.001 0.022 0.015 0.029 0.072 0.796 
  97 A _   0.031 0.041 0.001 0.025 0.017 0.030 0.070 0.784 
  98 M _   0.031 0.045 0.001 0.029 0.018 0.030 0.069 0.776 
  99 K _   0.031 0.048 0.001 0.031 0.018 0.030 0.068 0.773 
 100 V _   0.030 0.049 0.001 0.031 0.017 0.028 0.067 0.775 
 101 L _   0.029 0.048 0.001 0.031 0.016 0.027 0.067 0.781 
 102 R _   0.027 0.046 0.001 0.029 0.014 0.024 0.067 0.791 
 103 K _   0.025 0.043 0.001 0.026 0.012 0.022 0.067 0.804 
 104 A _   0.022 0.037 0.001 0.023 0.010 0.019 0.067 0.820 
 105 K _   0.020 0.031 0.001 0.019 0.008 0.017 0.068 0.837 
 106 I _   0.017 0.025 0.001 0.015 0.006 0.015 0.068 0.854 
 107 V _   0.014 0.018 0.001 0.012 0.005 0.012 0.068 0.869 
 108 R _   0.012 0.013 0.000 0.009 0.004 0.011 0.068 0.882 
 109 N _   0.010 0.009 0.000 0.007 0.003 0.009 0.068 0.893 
 110 A _   0.009 0.006 0.000 0.006 0.003 0.009 0.067 0.900 
 111 K _   0.008 0.004 0.000 0.005 0.002 0.008 0.067 0.905 
 112 D _   0.008 0.003 0.000 0.005 0.002 0.008 0.065 0.908 
 113 T _   0.008 0.003 0.000 0.005 0.002 0.009 0.064 0.909 
 114 A _   0.008 0.003 0.000 0.006 0.003 0.009 0.063 0.908 
 115 H _   0.008 0.003 0.000 0.007 0.003 0.011 0.061 0.906 
 116 T _   0.009 0.004 0.000 0.009 0.004 0.012 0.059 0.903 
 117 R _   0.010 0.005 0.001 0.011 0.005 0.014 0.057 0.898 
 118 A _   0.011 0.006 0.001 0.013 0.006 0.016 0.055 0.893 
 119 E _   0.012 0.006 0.001 0.015 0.007 0.017 0.053 0.889 
 120 R _   0.013 0.007 0.001 0.016 0.008 0.019 0.051 0.887 
 121 N _   0.014 0.007 0.001 0.016 0.008 0.020 0.049 0.885 
 122 I _   0.016 0.006 0.001 0.015 0.008 0.021 0.047 0.885 
 123 L _   0.018 0.006 0.001 0.014 0.008 0.023 0.045 0.886 
 124 E _   0.021 0.005 0.001 0.012 0.008 0.024 0.044 0.886 
 125 S _   0.024 0.004 0.001 0.010 0.009 0.026 0.042 0.884 
 126 V _   0.029 0.003 0.001 0.009 0.009 0.029 0.041 0.880 
 127 K _   0.034 0.003 0.001 0.008 0.010 0.031 0.039 0.873 
 128 H _   0.041 0.003 0.001 0.008 0.012 0.035 0.037 0.863 
 129 P _   0.049 0.004 0.001 0.010 0.015 0.038 0.036 0.849 
 130 F _   0.057 0.004 0.001 0.012 0.018 0.041 0.034 0.832 
 131 I _   0.065 0.005 0.001 0.015 0.021 0.044 0.033 0.815 
 132 V _   0.072 0.006 0.002 0.019 0.023 0.046 0.031 0.800 
 133 E _   0.078 0.007 0.002 0.021 0.024 0.048 0.030 0.790 
 134 L _   0.082 0.007 0.002 0.022 0.024 0.048 0.029 0.786 
 135 A _   0.085 0.006 0.002 0.020 0.022 0.046 0.028 0.790 
 136 Y _   0.088 0.005 0.001 0.016 0.019 0.045 0.027 0.798 
 137 A _   0.090 0.003 0.001 0.012 0.016 0.043 0.027 0.808 
 138 F _   0.094 0.002 0.001 0.008 0.013 0.041 0.026 0.815 
 139 Q _   0.099 0.001 0.001 0.005 0.011 0.040 0.025 0.818 
 140 T _   0.107 0.000 0.001 0.004 0.010 0.040 0.024 0.814 
 141 G _   0.117 0.000 0.001 0.003 0.011 0.042 0.023 0.804 
 142 G _   0.132 0.000 0.001 0.003 0.012 0.044 0.022 0.786 
 143 K _   0.151 0.000 0.001 0.004 0.016 0.047 0.021 0.760 
 144 L _   0.170 0.001 0.001 0.005 0.021 0.051 0.020 0.730 
 145 Y _   0.191 0.002 0.002 0.007 0.027 0.055 0.019 0.699 
 146 L _   0.207 0.003 0.002 0.010 0.032 0.057 0.018 0.671 
 147 I _   0.218 0.004 0.002 0.013 0.037 0.058 0.017 0.650 
 148 L _   0.223 0.005 0.002 0.015 0.039 0.058 0.017 0.640 
 149 E _   0.221 0.006 0.002 0.017 0.040 0.057 0.017 0.640 
 150 C _   0.215 0.006 0.002 0.017 0.038 0.055 0.017 0.651 
 151 L _   0.203 0.006 0.002 0.016 0.035 0.052 0.017 0.669 
 152 S _   0.189 0.005 0.002 0.015 0.030 0.048 0.017 0.694 
 153 G _   0.171 0.004 0.002 0.013 0.026 0.045 0.017 0.722 
 154 G _   0.154 0.003 0.001 0.011 0.021 0.040 0.017 0.751 
 155 E _   0.137 0.003 0.001 0.010 0.017 0.037 0.017 0.779 
 156 L _   0.120 0.002 0.001 0.009 0.014 0.033 0.017 0.804 
 157 F _   0.105 0.002 0.001 0.008 0.011 0.030 0.017 0.826 
 158 T _   0.092 0.001 0.001 0.007 0.010 0.028 0.017 0.844 
 159 H _   0.084 0.001 0.001 0.007 0.009 0.025 0.017 0.857 
 160 L _   0.079 0.001 0.001 0.007 0.008 0.024 0.016 0.865 
 161 E _   0.077 0.001 0.001 0.007 0.007 0.022 0.016 0.869 
 162 R _   0.079 0.001 0.001 0.006 0.007 0.021 0.016 0.870 
 163 E _   0.085 0.000 0.001 0.006 0.007 0.020 0.015 0.866 
 164 G _   0.097 0.000 0.001 0.005 0.007 0.020 0.014 0.856 
 165 I _   0.115 0.000 0.001 0.004 0.006 0.019 0.013 0.841 
 166 F _   0.139 0.000 0.001 0.003 0.007 0.019 0.012 0.819 
 167 L _   0.173 0.000 0.001 0.003 0.007 0.019 0.011 0.786 
 168 E _   0.218 0.000 0.001 0.002 0.008 0.019 0.010 0.742 
 169 D _   0.274 0.000 0.001 0.002 0.009 0.020 0.009 0.687 
 170 T _   0.344 0.000 0.001 0.001 0.010 0.021 0.008 0.615 
 171 A _   0.425 0.000 0.001 0.001 0.013 0.022 0.006 0.531 
 172 C H   0.509 0.000 0.001 0.001 0.017 0.023 0.005 0.443 
 173 F H   0.589 0.000 0.001 0.001 0.021 0.023 0.005 0.360 
 174 Y H   0.653 0.000 0.001 0.002 0.024 0.023 0.004 0.293 
 175 L H   0.701 0.000 0.001 0.002 0.026 0.022 0.004 0.243 
 176 A H   0.732 0.000 0.002 0.002 0.028 0.021 0.004 0.211 
 177 E H   0.748 0.000 0.002 0.002 0.029 0.021 0.004 0.194 
 178 I H   0.750 0.000 0.002 0.003 0.029 0.020 0.004 0.192 
 179 T H   0.739 0.000 0.002 0.003 0.028 0.019 0.005 0.205 
 180 L H   0.711 0.000 0.002 0.003 0.026 0.018 0.006 0.235 
 181 A H   0.665 0.000 0.002 0.002 0.024 0.018 0.007 0.282 
 182 L H   0.601 0.000 0.002 0.002 0.021 0.017 0.009 0.347 
 183 G H   0.524 0.000 0.001 0.002 0.017 0.017 0.011 0.426 
 184 H _   0.439 0.000 0.001 0.003 0.014 0.017 0.014 0.512 
 185 L _   0.358 0.000 0.001 0.003 0.012 0.017 0.017 0.592 
 186 H _   0.287 0.000 0.001 0.004 0.010 0.017 0.020 0.661 
 187 S _   0.225 0.000 0.001 0.005 0.009 0.016 0.023 0.720 
 188 Q _   0.172 0.000 0.001 0.006 0.008 0.016 0.026 0.770 
 189 G _   0.130 0.001 0.001 0.007 0.007 0.015 0.028 0.810 
 190 I _   0.096 0.001 0.001 0.008 0.006 0.014 0.031 0.843 
 191 I _   0.071 0.001 0.001 0.008 0.006 0.013 0.032 0.868 
 192 Y _   0.052 0.001 0.001 0.008 0.005 0.012 0.034 0.888 
 193 R _   0.038 0.001 0.001 0.007 0.004 0.011 0.035 0.903 
 194 D _   0.028 0.001 0.000 0.006 0.004 0.011 0.036 0.914 
 195 L _   0.021 0.001 0.000 0.006 0.003 0.010 0.037 0.921 
 196 K _   0.017 0.001 0.000 0.005 0.003 0.010 0.038 0.925 
 197 P _   0.014 0.002 0.000 0.006 0.003 0.010 0.039 0.926 
 198 E _   0.013 0.003 0.000 0.006 0.004 0.011 0.039 0.924 
 199 N _   0.013 0.004 0.000 0.008 0.004 0.011 0.039 0.920 
 200 I _   0.012 0.006 0.001 0.010 0.005 0.012 0.039 0.914 
 201 M _   0.012 0.009 0.001 0.012 0.006 0.013 0.040 0.908 
 202 L _   0.012 0.011 0.001 0.014 0.006 0.014 0.040 0.902 
 203 S _   0.012 0.013 0.001 0.016 0.007 0.014 0.040 0.898 
 204 S _   0.012 0.014 0.001 0.017 0.007 0.015 0.040 0.895 
 205 Q _   0.011 0.015 0.001 0.018 0.007 0.015 0.040 0.893 
 206 G _   0.011 0.016 0.001 0.018 0.007 0.015 0.040 0.892 
 207 H _   0.011 0.016 0.001 0.018 0.007 0.015 0.041 0.892 
 208 I _   0.011 0.016 0.001 0.018 0.007 0.014 0.041 0.892 
 209 K _   0.011 0.015 0.001 0.018 0.007 0.014 0.042 0.893 
 210 L _   0.010 0.014 0.001 0.017 0.007 0.014 0.042 0.895 
 211 T _   0.010 0.013 0.001 0.016 0.006 0.013 0.043 0.898 
 212 D _   0.010 0.011 0.001 0.015 0.006 0.013 0.044 0.902 
 213 F _   0.009 0.009 0.001 0.013 0.005 0.012 0.044 0.906 
 214 G _   0.009 0.007 0.001 0.011 0.005 0.012 0.045 0.911 
 215 L _   0.009 0.005 0.000 0.009 0.004 0.012 0.045 0.915 
 216 C _   0.009 0.004 0.000 0.007 0.004 0.013 0.046 0.917 
 217 K _   0.011 0.003 0.000 0.006 0.004 0.014 0.046 0.917 
 218 E _   0.012 0.002 0.000 0.006 0.004 0.015 0.046 0.914 
 219 S _   0.015 0.002 0.000 0.005 0.004 0.018 0.046 0.909 
 220 I _   0.020 0.002 0.001 0.006 0.006 0.021 0.046 0.899 
 221 H _   0.026 0.002 0.001 0.007 0.008 0.026 0.046 0.885 
 222 E _   0.035 0.002 0.001 0.008 0.010 0.031 0.046 0.867 
 223 G _   0.045 0.003 0.001 0.010 0.014 0.037 0.046 0.846 
 224 A _   0.056 0.004 0.001 0.012 0.018 0.042 0.045 0.821 
 225 V _   0.067 0.006 0.001 0.014 0.023 0.048 0.045 0.796 
 226 T _   0.077 0.007 0.002 0.016 0.027 0.052 0.046 0.774 
 227 H _   0.086 0.008 0.002 0.017 0.031 0.055 0.046 0.755 
 228 T _   0.093 0.009 0.002 0.018 0.034 0.058 0.047 0.740 
 229 F _   0.099 0.009 0.002 0.018 0.035 0.059 0.048 0.729 
 230 C _   0.104 0.010 0.002 0.018 0.036 0.059 0.049 0.723 
 231 G _   0.106 0.010 0.002 0.018 0.035 0.059 0.051 0.720 
 232 T _   0.106 0.011 0.002 0.018 0.034 0.057 0.052 0.720 
 233 I _   0.104 0.011 0.002 0.018 0.033 0.055 0.054 0.723 
 234 E _   0.100 0.011 0.002 0.019 0.030 0.053 0.057 0.729 
 235 Y _   0.094 0.011 0.002 0.019 0.028 0.049 0.059 0.738 
 236 M _   0.086 0.010 0.002 0.020 0.025 0.046 0.062 0.749 
 237 A _   0.078 0.010 0.002 0.020 0.022 0.042 0.066 0.762 
 238 P _   0.069 0.009 0.001 0.019 0.018 0.037 0.069 0.777 
 239 E _   0.060 0.007 0.001 0.017 0.015 0.033 0.072 0.794 
 240 I _   0.052 0.006 0.001 0.015 0.012 0.029 0.075 0.810 
 241 L _   0.046 0.004 0.001 0.011 0.009 0.025 0.078 0.826 
 242 V _   0.041 0.002 0.001 0.008 0.006 0.022 0.081 0.839 
 243 R _   0.038 0.001 0.001 0.006 0.005 0.020 0.083 0.848 
 244 S _   0.037 0.001 0.000 0.004 0.004 0.019 0.084 0.852 
 245 G _   0.039 0.000 0.000 0.003 0.003 0.019 0.085 0.850 
 246 H _   0.046 0.000 0.000 0.002 0.003 0.020 0.086 0.842 
 247 N _   0.059 0.000 0.000 0.002 0.004 0.023 0.087 0.824 
 248 R _   0.080 0.000 0.001 0.002 0.006 0.029 0.087 0.795 
 249 A _   0.110 0.000 0.001 0.002 0.010 0.036 0.088 0.754 
 250 V _   0.145 0.001 0.001 0.004 0.016 0.044 0.088 0.701 
 251 D _   0.182 0.003 0.001 0.006 0.026 0.053 0.089 0.641 
 252 W _   0.216 0.007 0.002 0.009 0.039 0.061 0.090 0.576 
 253 W _   0.244 0.015 0.003 0.014 0.051 0.067 0.092 0.516 
 254 S _   0.263 0.024 0.003 0.020 0.061 0.070 0.094 0.465 
 255 L _   0.272 0.033 0.003 0.026 0.068 0.070 0.098 0.429 
 256 G _   0.274 0.040 0.003 0.032 0.070 0.068 0.104 0.409 
 257 A _   0.269 0.044 0.003 0.036 0.068 0.065 0.110 0.405 
 258 L _   0.254 0.045 0.003 0.037 0.063 0.060 0.119 0.418 
 259 M _   0.233 0.044 0.003 0.036 0.054 0.053 0.129 0.447 
 260 Y _   0.204 0.040 0.003 0.033 0.044 0.046 0.141 0.489 
 261 D _   0.171 0.033 0.002 0.028 0.032 0.039 0.155 0.540 
 262 M _   0.135 0.025 0.002 0.022 0.022 0.031 0.169 0.594 
 263 L _   0.103 0.017 0.001 0.016 0.014 0.025 0.182 0.642 
 264 T _   0.075 0.011 0.001 0.012 0.008 0.019 0.193 0.682 
 265 G _   0.052 0.006 0.001 0.008 0.005 0.015 0.202 0.711 
 266 S _   0.035 0.004 0.000 0.006 0.003 0.011 0.209 0.730 
 267 P _   0.024 0.002 0.000 0.005 0.002 0.009 0.215 0.742 
 268 P _   0.016 0.002 0.000 0.004 0.002 0.007 0.219 0.749 
 269 F _   0.011 0.001 0.000 0.004 0.002 0.006 0.222 0.753 
 270 T _   0.008 0.001 0.000 0.003 0.001 0.005 0.224 0.756 
 271 A _   0.006 0.002 0.000 0.003 0.001 0.005 0.225 0.757 
 272 E _   0.005 0.002 0.000 0.003 0.001 0.005 0.225 0.757 
 273 N _   0.005 0.003 0.000 0.004 0.002 0.006 0.225 0.755 
 274 R _   0.005 0.006 0.000 0.005 0.002 0.006 0.224 0.752 
 275 K _   0.005 0.010 0.000 0.006 0.002 0.008 0.222 0.747 
 276 K _   0.006 0.017 0.000 0.009 0.003 0.009 0.219 0.737 
 277 T _   0.006 0.027 0.001 0.012 0.004 0.011 0.216 0.723 
 278 M _   0.007 0.042 0.001 0.017 0.006 0.013 0.213 0.703 
 279 D _   0.007 0.060 0.001 0.022 0.007 0.014 0.209 0.680 
 280 K _   0.008 0.078 0.001 0.028 0.009 0.016 0.205 0.656 
 281 I _   0.008 0.094 0.001 0.033 0.010 0.017 0.202 0.634 
 282 I _   0.009 0.106 0.001 0.038 0.011 0.017 0.200 0.618 
 283 R _   0.009 0.114 0.001 0.041 0.011 0.018 0.200 0.606 
 284 G _   0.009 0.118 0.001 0.042 0.011 0.017 0.200 0.601 
 285 K _   0.009 0.118 0.001 0.041 0.011 0.017 0.201 0.602 
 286 L _   0.009 0.115 0.001 0.038 0.010 0.016 0.203 0.608 
 287 A _   0.009 0.109 0.001 0.033 0.009 0.014 0.206 0.619 
 288 L _   0.009 0.099 0.001 0.027 0.007 0.013 0.209 0.635 
 289 P _   0.009 0.086 0.001 0.020 0.006 0.011 0.213 0.654 
 290 P _   0.008 0.073 0.001 0.014 0.005 0.010 0.217 0.673 
 291 Y _   0.007 0.061 0.000 0.010 0.003 0.009 0.220 0.688 
 292 L _   0.007 0.053 0.000 0.007 0.003 0.008 0.223 0.699 
 293 T _   0.006 0.048 0.000 0.006 0.002 0.008 0.225 0.705 
 294 P _   0.006 0.046 0.000 0.005 0.002 0.008 0.227 0.706 
 295 D _   0.006 0.045 0.000 0.006 0.002 0.008 0.228 0.705 
 296 A _   0.006 0.047 0.000 0.007 0.003 0.009 0.228 0.699 
 297 R _   0.006 0.051 0.000 0.010 0.003 0.010 0.228 0.691 
 298 D _   0.007 0.056 0.001 0.014 0.004 0.011 0.228 0.680 
 299 L _   0.007 0.062 0.001 0.018 0.005 0.011 0.228 0.668 
 300 V _   0.007 0.067 0.001 0.022 0.006 0.012 0.228 0.657 
 301 K _   0.007 0.071 0.001 0.025 0.006 0.012 0.229 0.649 
 302 K _   0.007 0.073 0.001 0.026 0.007 0.012 0.230 0.645 
 303 F _   0.007 0.072 0.001 0.026 0.006 0.011 0.232 0.644 
 304 L _   0.007 0.070 0.001 0.024 0.006 0.010 0.235 0.647 
 305 K _   0.006 0.066 0.001 0.022 0.005 0.010 0.238 0.653 
 306 R _   0.006 0.061 0.001 0.018 0.005 0.009 0.241 0.660 
 307 N _   0.006 0.054 0.001 0.015 0.004 0.008 0.245 0.667 
 308 P _   0.006 0.048 0.000 0.013 0.003 0.007 0.249 0.673 
 309 S _   0.006 0.042 0.000 0.010 0.003 0.007 0.253 0.679 
 310 Q _   0.005 0.038 0.000 0.009 0.002 0.006 0.256 0.683 
 311 R _   0.005 0.034 0.000 0.007 0.002 0.006 0.259 0.686 
 312 I _   0.005 0.032 0.000 0.006 0.002 0.005 0.261 0.689 
 313 G _   0.004 0.030 0.000 0.006 0.002 0.005 0.263 0.690 
 314 G _   0.004 0.030 0.000 0.005 0.002 0.005 0.263 0.691 
 315 G _   0.004 0.030 0.000 0.005 0.002 0.005 0.263 0.691 
 316 P _   0.004 0.031 0.000 0.005 0.002 0.005 0.262 0.691 
 317 G _   0.004 0.034 0.000 0.006 0.002 0.006 0.261 0.688 
 318 D _   0.004 0.038 0.000 0.007 0.002 0.006 0.259 0.684 
 319 A _   0.004 0.045 0.000 0.008 0.003 0.007 0.256 0.676 
 320 A _   0.004 0.055 0.000 0.011 0.003 0.009 0.253 0.664 
 321 D _   0.005 0.070 0.001 0.014 0.004 0.010 0.249 0.648 
 322 V _   0.005 0.088 0.001 0.018 0.005 0.011 0.245 0.627 
 323 Q _   0.005 0.107 0.001 0.022 0.006 0.012 0.241 0.606 
 324 R _   0.005 0.123 0.001 0.027 0.007 0.013 0.237 0.587 
 325 H _   0.005 0.137 0.001 0.030 0.008 0.013 0.235 0.572 
 326 P _   0.005 0.146 0.001 0.031 0.008 0.013 0.234 0.562 
 327 F _   0.005 0.151 0.001 0.032 0.008 0.013 0.233 0.557 
 328 F _   0.005 0.153 0.001 0.030 0.008 0.013 0.233 0.556 
 329 R _   0.005 0.153 0.001 0.028 0.007 0.013 0.235 0.558 
 330 H _   0.005 0.150 0.001 0.025 0.007 0.012 0.236 0.563 
 331 M _   0.006 0.146 0.001 0.022 0.006 0.012 0.239 0.568 
 332 N _   0.006 0.141 0.001 0.020 0.006 0.012 0.242 0.573 
 333 W _   0.006 0.134 0.001 0.018 0.006 0.012 0.245 0.578 
 334 D _   0.007 0.128 0.001 0.017 0.006 0.011 0.249 0.582 
 335 D _   0.007 0.122 0.001 0.016 0.005 0.011 0.253 0.584 
 336 L _   0.008 0.116 0.001 0.016 0.005 0.011 0.257 0.586 
 337 L _   0.008 0.109 0.001 0.015 0.005 0.011 0.262 0.588 
 338 A _   0.008 0.102 0.001 0.015 0.005 0.011 0.267 0.591 
 339 W _   0.008 0.095 0.001 0.014 0.005 0.010 0.272 0.595 
 340 R _   0.008 0.088 0.001 0.013 0.005 0.010 0.277 0.599 
 341 V _   0.008 0.081 0.001 0.012 0.004 0.010 0.282 0.603 
 342 D _   0.007 0.074 0.001 0.011 0.004 0.009 0.287 0.607 
 343 P _   0.007 0.069 0.000 0.010 0.004 0.009 0.293 0.609 
 344 P _   0.007 0.064 0.000 0.009 0.004 0.009 0.297 0.610 
 345 F _   0.007 0.061 0.000 0.009 0.003 0.008 0.302 0.609 
 346 R _   0.007 0.059 0.000 0.008 0.003 0.008 0.306 0.608 
 347 P _   0.007 0.057 0.000 0.008 0.003 0.008 0.311 0.606 
 348 C _   0.006 0.056 0.000 0.008 0.003 0.008 0.315 0.603 
 349 L _   0.006 0.055 0.000 0.008 0.003 0.008 0.318 0.600 
 350 Q _   0.006 0.055 0.000 0.008 0.003 0.008 0.322 0.597 
 351 S _   0.005 0.056 0.000 0.008 0.003 0.008 0.325 0.594 
 352 E _   0.005 0.056 0.000 0.009 0.003 0.008 0.328 0.589 
 353 E _   0.005 0.058 0.000 0.009 0.003 0.009 0.331 0.584 
 354 D _   0.006 0.060 0.000 0.011 0.004 0.009 0.334 0.576 
 355 V _   0.006 0.063 0.000 0.012 0.004 0.010 0.337 0.567 
 356 S _   0.006 0.066 0.001 0.015 0.005 0.011 0.340 0.556 
 357 Q _   0.006 0.070 0.001 0.019 0.006 0.012 0.343 0.544 
 358 F _   0.007 0.073 0.001 0.023 0.007 0.012 0.347 0.531 
 359 D _   0.007 0.076 0.001 0.027 0.007 0.013 0.351 0.518 
 360 T _   0.007 0.076 0.001 0.031 0.008 0.013 0.357 0.507 
 361 R _   0.007 0.075 0.001 0.032 0.008 0.012 0.365 0.500 
 362 F _   0.007 0.071 0.001 0.031 0.008 0.012 0.374 0.496 
 363 T _   0.007 0.065 0.001 0.029 0.007 0.011 0.384 0.497 
 364 R _   0.007 0.056 0.001 0.025 0.006 0.010 0.397 0.500 
 365 Q _   0.006 0.045 0.001 0.020 0.005 0.008 0.409 0.507 
 366 T _   0.005 0.032 0.001 0.014 0.004 0.007 0.422 0.515 
 367 P _   0.005 0.021 0.000 0.010 0.003 0.006 0.434 0.522 
 368 V _   0.004 0.013 0.000 0.007 0.002 0.005 0.444 0.526 
 369 D _   0.004 0.007 0.000 0.005 0.001 0.004 0.451 0.527 
 370 S _   0.003 0.004 0.000 0.003 0.001 0.004 0.457 0.527 
 371 P _   0.003 0.003 0.000 0.003 0.001 0.003 0.462 0.526 
 372 D _   0.003 0.002 0.000 0.002 0.001 0.003 0.465 0.524 
 373 D _   0.002 0.001 0.000 0.002 0.001 0.004 0.467 0.522 
 374 T _   0.003 0.001 0.000 0.002 0.001 0.005 0.467 0.520 
 375 A _   0.003 0.002 0.000 0.003 0.001 0.007 0.467 0.517 
 376 L _   0.004 0.002 0.000 0.004 0.002 0.009 0.467 0.512 
 377 S _   0.006 0.004 0.000 0.005 0.002 0.012 0.465 0.506 
 378 E _   0.008 0.006 0.000 0.006 0.004 0.017 0.463 0.495 
 379 S _   0.012 0.010 0.001 0.009 0.006 0.023 0.460 0.480 
 380 A _   0.018 0.016 0.001 0.011 0.010 0.030 0.456 0.458 
 381 N X   0.025 0.024 0.001 0.015 0.016 0.038 0.451 0.430 
 382 Q X   0.033 0.034 0.001 0.019 0.023 0.045 0.448 0.397 
 383 A X   0.040 0.043 0.002 0.024 0.031 0.050 0.445 0.365 
 384 F X   0.047 0.052 0.002 0.028 0.037 0.054 0.443 0.337 
 385 L X   0.053 0.058 0.002 0.031 0.041 0.056 0.443 0.315 
 386 G X   0.058 0.061 0.002 0.033 0.043 0.056 0.445 0.300 
 387 F X   0.061 0.063 0.002 0.033 0.043 0.055 0.449 0.294 
 388 T X   0.062 0.061 0.002 0.031 0.041 0.052 0.455 0.295 
 389 Y X   0.062 0.058 0.002 0.028 0.037 0.049 0.462 0.303 
 390 V X   0.060 0.052 0.002 0.023 0.031 0.045 0.471 0.316 
 391 A X   0.056 0.045 0.002 0.019 0.026 0.041 0.481 0.331 
 392 P X   0.052 0.037 0.001 0.014 0.020 0.037 0.492 0.346 
 393 S X   0.046 0.031 0.001 0.011 0.015 0.033 0.503 0.360 
 394 V X   0.040 0.026 0.001 0.009 0.012 0.029 0.514 0.369 
 395 L X   0.035 0.023 0.001 0.009 0.010 0.026 0.524 0.373 
 396 D X   0.029 0.021 0.001 0.009 0.008 0.023 0.534 0.374 
 397 S X   0.025 0.020 0.001 0.010 0.008 0.021 0.544 0.372 
 398 I X   0.021 0.019 0.001 0.011 0.007 0.019 0.554 0.368 
 399 K X   0.018 0.019 0.001 0.012 0.007 0.017 0.563 0.363 
 400 E X   0.015 0.018 0.001 0.013 0.006 0.016 0.573 0.357 
 401 G X   0.013 0.018 0.001 0.014 0.006 0.014 0.583 0.352 
 402 F X   0.011 0.017 0.001 0.014 0.006 0.012 0.594 0.346 
 403 S X   0.009 0.016 0.001 0.013 0.005 0.011 0.605 0.341 
 404 F X   0.008 0.014 0.001 0.012 0.004 0.009 0.617 0.336 
 405 Q X   0.007 0.012 0.000 0.011 0.004 0.008 0.628 0.330 
 406 P X   0.006 0.010 0.000 0.009 0.003 0.007 0.640 0.325 
 407 K X   0.005 0.008 0.000 0.007 0.003 0.006 0.652 0.319 
 408 L X   0.004 0.006 0.000 0.006 0.002 0.005 0.663 0.313 
 409 R X   0.004 0.005 0.000 0.005 0.002 0.004 0.673 0.307 
 410 S X   0.003 0.004 0.000 0.004 0.001 0.004 0.682 0.301 
 411 P X   0.003 0.003 0.000 0.004 0.001 0.003 0.690 0.295 
 412 R X   0.003 0.003 0.000 0.003 0.001 0.003 0.697 0.290 
 413 R X   0.002 0.003 0.000 0.003 0.001 0.003 0.703 0.285 
 414 L X   0.002 0.003 0.000 0.003 0.001 0.003 0.708 0.281 
 415 N X   0.002 0.003 0.000 0.002 0.001 0.003 0.712 0.277 
 416 S X   0.002 0.003 0.000 0.002 0.001 0.003 0.715 0.274 
 417 S X   0.002 0.004 0.000 0.003 0.001 0.003 0.718 0.270 
 418 P X   0.002 0.005 0.000 0.003 0.001 0.003 0.720 0.266 
 419 R X   0.002 0.007 0.000 0.004 0.001 0.004 0.722 0.260 
 420 A X   0.002 0.010 0.000 0.005 0.002 0.005 0.723 0.254 
 421 P X   0.002 0.014 0.000 0.007 0.002 0.005 0.723 0.245 
 422 V X   0.003 0.020 0.000 0.009 0.003 0.006 0.724 0.235 
 423 S X   0.003 0.027 0.000 0.013 0.003 0.007 0.724 0.222 
 424 P X   0.003 0.034 0.000 0.017 0.004 0.008 0.725 0.209 
 425 L X   0.003 0.039 0.001 0.021 0.005 0.008 0.727 0.196 
 426 K X   0.003 0.043 0.001 0.025 0.006 0.009 0.730 0.184 
 427 F X   0.003 0.046 0.001 0.027 0.006 0.009 0.734 0.174 
 428 S X   0.003 0.046 0.001 0.029 0.006 0.009 0.741 0.165 
 429 P X   0.003 0.046 0.001 0.029 0.006 0.008 0.749 0.158 
 430 F X   0.003 0.043 0.001 0.026 0.006 0.008 0.760 0.153 
 431 E X   0.003 0.039 0.001 0.023 0.005 0.007 0.773 0.149 
 432 G X   0.003 0.033 0.001 0.018 0.004 0.006 0.789 0.146 
 433 F X   0.003 0.025 0.000 0.014 0.003 0.005 0.805 0.145 
 434 R X   0.002 0.017 0.000 0.009 0.002 0.004 0.821 0.142 
 435 P X   0.002 0.011 0.000 0.006 0.002 0.003 0.837 0.139 
 436 S X   0.002 0.006 0.000 0.004 0.001 0.003 0.849 0.135 
 437 P X   0.001 0.004 0.000 0.002 0.001 0.002 0.859 0.130 
 438 S X   0.001 0.003 0.000 0.002 0.001 0.002 0.867 0.125 
 439 L X   0.001 0.002 0.000 0.002 0.001 0.002 0.873 0.121 
 440 P X   0.001 0.002 0.000 0.002 0.001 0.002 0.878 0.116 
 441 E X   0.001 0.002 0.000 0.002 0.001 0.002 0.882 0.111 
 442 P X   0.001 0.002 0.000 0.003 0.001 0.002 0.885 0.106 
 443 T X   0.001 0.002 0.000 0.003 0.001 0.002 0.889 0.102 
 444 E X   0.001 0.002 0.000 0.004 0.001 0.002 0.892 0.097 
 445 L X   0.001 0.002 0.000 0.005 0.001 0.002 0.896 0.092 
 446 P X   0.001 0.002 0.000 0.005 0.001 0.002 0.900 0.088 
 447 L X   0.001 0.002 0.000 0.005 0.001 0.002 0.904 0.084 
 448 P X   0.001 0.002 0.000 0.005 0.001 0.002 0.909 0.080 
 449 P X   0.001 0.001 0.000 0.004 0.001 0.002 0.914 0.077 
 450 L X   0.001 0.001 0.000 0.003 0.001 0.001 0.919 0.075 
 451 L X   0.001 0.001 0.000 0.002 0.000 0.001 0.923 0.072 
 452 P X   0.001 0.000 0.000 0.001 0.000 0.001 0.926 0.070 
 453 P X   0.001 0.000 0.000 0.001 0.000 0.001 0.929 0.068 
 454 P X   0.001 0.000 0.000 0.001 0.000 0.001 0.931 0.067 
 455 P X   0.001 0.000 0.000 0.001 0.000 0.001 0.932 0.065 
 456 P X   0.001 0.000 0.000 0.001 0.000 0.001 0.934 0.064 
 457 S X   0.001 0.000 0.000 0.001 0.000 0.001 0.934 0.062 
 458 T X   0.001 0.001 0.000 0.002 0.001 0.001 0.935 0.060 
 459 T X   0.001 0.001 0.000 0.003 0.001 0.002 0.935 0.058 
 460 A X   0.001 0.001 0.000 0.004 0.001 0.002 0.936 0.056 
 461 P X   0.001 0.002 0.000 0.004 0.001 0.002 0.936 0.054 
 462 L X   0.001 0.002 0.000 0.005 0.001 0.002 0.937 0.052 
 463 P X   0.001 0.002 0.000 0.005 0.001 0.002 0.938 0.050 
 464 I X   0.001 0.002 0.000 0.005 0.001 0.002 0.940 0.049 
 465 R X   0.001 0.002 0.000 0.005 0.001 0.002 0.942 0.047 
 466 P X   0.001 0.002 0.000 0.004 0.001 0.002 0.945 0.046 
 467 P X   0.001 0.002 0.000 0.003 0.001 0.001 0.948 0.044 
 468 S X   0.001 0.002 0.000 0.003 0.001 0.001 0.950 0.043 
 469 G X   0.001 0.001 0.000 0.002 0.000 0.001 0.953 0.041 
 470 T X   0.001 0.001 0.000 0.002 0.000 0.001 0.955 0.040 
 471 K X   0.000 0.001 0.000 0.001 0.000 0.001 0.957 0.039 
 472 K X   0.000 0.001 0.000 0.001 0.000 0.001 0.959 0.037 
 473 S X   0.000 0.001 0.000 0.001 0.000 0.001 0.960 0.036 
 474 K X   0.000 0.001 0.000 0.001 0.000 0.001 0.961 0.036 
 475 R X   0.000 0.001 0.000 0.001 0.000 0.001 0.961 0.036 
 476 G X   0.000 0.001 0.000 0.001 0.000 0.001 0.962 0.035 
 477 R X   0.000 0.001 0.000 0.001 0.000 0.000 0.962 0.035 
 478 G X   0.000 0.001 0.000 0.001 0.000 0.000 0.962 0.036 
 479 R X   0.000 0.001 0.000 0.001 0.000 0.000 0.961 0.037 
 480 P X   0.000 0.001 0.000 0.001 0.000 0.000 0.959 0.039 
 481 G X   0.000 0.001 0.000 0.002 0.000 0.000 0.953 0.043 
 482 R X   0.001 0.001 0.001 0.009 0.002 0.002 0.933 0.051 
