#TopoPred_TM8: 8-state transmembrane topology prediction results by no_profile mode 
#probabilities are in the order of H E C I L F X _, the 8 transmembrane topology types used in PDBTM 
   1 M X   0.016 0.002 0.002 0.062 0.011 0.012 0.664 0.232 
   2 S X   0.006 0.001 0.000 0.040 0.002 0.007 0.682 0.262 
   3 A X   0.002 0.001 0.000 0.025 0.001 0.005 0.685 0.281 
   4 L X   0.002 0.001 0.000 0.019 0.001 0.005 0.680 0.291 
   5 A X   0.002 0.002 0.000 0.017 0.001 0.007 0.670 0.300 
   6 G X   0.003 0.003 0.000 0.017 0.002 0.009 0.656 0.309 
   7 E X   0.004 0.006 0.000 0.018 0.003 0.010 0.641 0.318 
   8 D X   0.005 0.009 0.000 0.019 0.004 0.011 0.624 0.327 
   9 V X   0.006 0.012 0.001 0.021 0.004 0.011 0.606 0.339 
  10 W X   0.005 0.016 0.001 0.021 0.005 0.011 0.588 0.352 
  11 R X   0.005 0.019 0.001 0.021 0.005 0.011 0.571 0.368 
  12 C X   0.005 0.021 0.001 0.018 0.005 0.010 0.556 0.385 
  13 P X   0.004 0.022 0.001 0.015 0.004 0.010 0.541 0.403 
  14 G X   0.004 0.024 0.000 0.012 0.004 0.009 0.527 0.419 
  15 C X   0.004 0.025 0.000 0.010 0.003 0.009 0.514 0.434 
  16 G X   0.004 0.028 0.000 0.009 0.003 0.010 0.500 0.446 
  17 D X   0.005 0.032 0.000 0.009 0.004 0.011 0.485 0.455 
  18 H X   0.005 0.038 0.001 0.010 0.004 0.012 0.469 0.460 
  19 I _   0.006 0.050 0.001 0.013 0.006 0.014 0.450 0.460 
  20 A _   0.007 0.067 0.001 0.018 0.008 0.015 0.430 0.454 
  21 P _   0.007 0.090 0.001 0.023 0.010 0.017 0.408 0.444 
  22 S _   0.008 0.115 0.001 0.028 0.011 0.018 0.387 0.433 
  23 Q _   0.008 0.136 0.001 0.032 0.012 0.018 0.369 0.424 
  24 I _   0.007 0.152 0.001 0.034 0.012 0.018 0.354 0.421 
  25 W _   0.007 0.163 0.001 0.034 0.011 0.017 0.342 0.424 
  26 Y _   0.007 0.170 0.001 0.033 0.011 0.017 0.331 0.431 
  27 R _   0.007 0.173 0.001 0.029 0.010 0.016 0.323 0.441 
  28 T _   0.007 0.174 0.001 0.025 0.009 0.015 0.315 0.454 
  29 V _   0.006 0.174 0.001 0.022 0.008 0.015 0.309 0.466 
  30 N _   0.006 0.173 0.001 0.019 0.007 0.014 0.303 0.478 
  31 E _   0.006 0.172 0.001 0.017 0.006 0.014 0.297 0.487 
  32 T _   0.006 0.172 0.001 0.016 0.006 0.014 0.292 0.493 
  33 W _   0.007 0.173 0.001 0.017 0.006 0.013 0.287 0.497 
  34 H _   0.007 0.174 0.001 0.018 0.006 0.013 0.282 0.499 
  35 G _   0.007 0.176 0.001 0.021 0.007 0.013 0.277 0.499 
  36 S _   0.007 0.176 0.001 0.023 0.007 0.013 0.272 0.501 
  37 C _   0.007 0.175 0.001 0.024 0.007 0.013 0.268 0.504 
  38 F _   0.007 0.171 0.001 0.025 0.007 0.013 0.265 0.511 
  39 R _   0.007 0.166 0.001 0.024 0.007 0.012 0.263 0.520 
  40 C _   0.007 0.157 0.001 0.023 0.007 0.012 0.261 0.534 
  41 S _   0.007 0.145 0.001 0.021 0.006 0.011 0.260 0.550 
  42 E _   0.007 0.131 0.001 0.019 0.006 0.010 0.259 0.567 
  43 C _   0.007 0.116 0.001 0.017 0.005 0.010 0.259 0.586 
  44 Q _   0.007 0.101 0.001 0.015 0.005 0.009 0.259 0.603 
  45 D _   0.007 0.086 0.001 0.014 0.004 0.009 0.260 0.619 
  46 S _   0.007 0.074 0.001 0.013 0.004 0.009 0.260 0.633 
  47 L _   0.007 0.062 0.000 0.012 0.004 0.008 0.260 0.646 
  48 T _   0.007 0.051 0.000 0.012 0.003 0.008 0.260 0.658 
  49 N _   0.006 0.042 0.000 0.011 0.003 0.008 0.260 0.669 
  50 W _   0.006 0.034 0.000 0.010 0.003 0.007 0.260 0.679 
  51 Y _   0.006 0.026 0.000 0.009 0.003 0.007 0.260 0.689 
  52 Y _   0.006 0.020 0.000 0.009 0.003 0.007 0.259 0.697 
  53 E _   0.005 0.015 0.000 0.008 0.002 0.006 0.258 0.705 
  54 K _   0.005 0.012 0.000 0.007 0.002 0.006 0.256 0.712 
  55 D _   0.005 0.009 0.000 0.006 0.002 0.006 0.254 0.718 
  56 G _   0.005 0.006 0.000 0.006 0.002 0.006 0.252 0.723 
  57 K _   0.005 0.005 0.000 0.006 0.002 0.006 0.249 0.728 
  58 L _   0.004 0.004 0.000 0.005 0.002 0.006 0.245 0.733 
  59 Y _   0.004 0.003 0.000 0.005 0.002 0.006 0.241 0.738 
  60 C _   0.004 0.003 0.000 0.005 0.002 0.007 0.236 0.743 
  61 P _   0.005 0.002 0.000 0.005 0.002 0.008 0.230 0.747 
  62 K _   0.005 0.002 0.000 0.006 0.002 0.010 0.224 0.750 
  63 D _   0.006 0.002 0.000 0.007 0.003 0.012 0.218 0.751 
  64 Y _   0.008 0.003 0.000 0.007 0.004 0.016 0.211 0.751 
  65 W _   0.010 0.003 0.001 0.009 0.005 0.020 0.203 0.749 
  66 G _   0.014 0.004 0.001 0.010 0.007 0.025 0.195 0.744 
  67 K _   0.019 0.005 0.001 0.012 0.009 0.031 0.186 0.737 
  68 F _   0.027 0.006 0.001 0.013 0.012 0.037 0.177 0.726 
  69 G _   0.038 0.007 0.001 0.014 0.016 0.045 0.168 0.712 
  70 E _   0.051 0.008 0.001 0.015 0.020 0.052 0.158 0.695 
  71 F _   0.067 0.009 0.002 0.014 0.026 0.059 0.149 0.675 
  72 C _   0.085 0.010 0.002 0.014 0.032 0.066 0.140 0.651 
  73 H _   0.106 0.012 0.002 0.014 0.040 0.072 0.131 0.623 
  74 G _   0.129 0.014 0.002 0.015 0.048 0.077 0.123 0.593 
  75 C _   0.152 0.017 0.002 0.015 0.055 0.080 0.116 0.562 
  76 S _   0.172 0.020 0.003 0.017 0.061 0.081 0.110 0.535 
  77 L _   0.189 0.024 0.003 0.019 0.064 0.081 0.106 0.514 
  78 L _   0.200 0.028 0.003 0.022 0.066 0.079 0.103 0.501 
  79 M _   0.203 0.031 0.003 0.025 0.065 0.075 0.100 0.498 
  80 T _   0.201 0.032 0.003 0.027 0.062 0.070 0.099 0.506 
  81 G _   0.192 0.032 0.003 0.028 0.056 0.065 0.098 0.526 
  82 P _   0.178 0.031 0.003 0.028 0.048 0.058 0.098 0.557 
  83 F _   0.157 0.028 0.002 0.027 0.039 0.051 0.098 0.598 
  84 M _   0.132 0.023 0.002 0.024 0.030 0.044 0.099 0.646 
  85 V _   0.106 0.017 0.002 0.019 0.021 0.037 0.100 0.698 
  86 A _   0.081 0.012 0.001 0.015 0.014 0.030 0.101 0.747 
  87 G _   0.059 0.007 0.001 0.010 0.009 0.024 0.101 0.789 
  88 E _   0.042 0.003 0.001 0.006 0.006 0.019 0.101 0.822 
  89 F _   0.030 0.001 0.000 0.004 0.004 0.016 0.100 0.844 
  90 K _   0.023 0.001 0.000 0.003 0.003 0.014 0.099 0.857 
  91 Y _   0.019 0.000 0.000 0.002 0.002 0.014 0.097 0.865 
  92 H _   0.017 0.000 0.000 0.002 0.003 0.015 0.096 0.866 
  93 P _   0.019 0.001 0.000 0.003 0.004 0.018 0.094 0.862 
  94 E _   0.022 0.002 0.001 0.005 0.006 0.022 0.091 0.851 
  95 C _   0.028 0.006 0.001 0.008 0.010 0.027 0.088 0.833 
  96 F _   0.034 0.013 0.001 0.015 0.015 0.032 0.085 0.805 
  97 A _   0.038 0.023 0.002 0.024 0.021 0.037 0.081 0.774 
  98 C _   0.041 0.033 0.002 0.034 0.026 0.040 0.078 0.746 
  99 M _   0.042 0.041 0.002 0.043 0.029 0.041 0.075 0.726 
 100 S _   0.043 0.045 0.002 0.047 0.030 0.041 0.073 0.718 
 101 C _   0.042 0.046 0.002 0.048 0.029 0.039 0.072 0.722 
 102 K _   0.040 0.044 0.002 0.044 0.026 0.037 0.071 0.736 
 103 V _   0.038 0.039 0.002 0.036 0.022 0.033 0.071 0.760 
 104 I _   0.035 0.032 0.001 0.027 0.017 0.030 0.071 0.789 
 105 I _   0.031 0.023 0.001 0.018 0.012 0.026 0.070 0.819 
 106 E _   0.027 0.015 0.001 0.011 0.008 0.023 0.070 0.844 
 107 D _   0.024 0.009 0.001 0.007 0.006 0.021 0.069 0.862 
 108 G _   0.022 0.006 0.001 0.005 0.005 0.020 0.069 0.872 
 109 D _   0.021 0.005 0.000 0.004 0.005 0.020 0.068 0.876 
 110 A _   0.021 0.006 0.001 0.005 0.005 0.021 0.067 0.875 
 111 Y _   0.022 0.007 0.001 0.007 0.007 0.022 0.065 0.869 
 112 A _   0.023 0.010 0.001 0.011 0.009 0.024 0.064 0.858 
 113 L _   0.024 0.014 0.001 0.017 0.011 0.026 0.063 0.845 
 114 V _   0.024 0.018 0.001 0.023 0.013 0.026 0.061 0.833 
 115 Q _   0.024 0.021 0.001 0.027 0.014 0.026 0.060 0.826 
 116 H _   0.023 0.023 0.001 0.029 0.015 0.026 0.059 0.825 
 117 A _   0.021 0.023 0.001 0.029 0.014 0.024 0.058 0.830 
 118 T _   0.020 0.021 0.001 0.025 0.012 0.022 0.058 0.840 
 119 L _   0.018 0.019 0.001 0.020 0.010 0.020 0.058 0.854 
 120 Y _   0.017 0.015 0.001 0.015 0.008 0.018 0.058 0.869 
 121 C _   0.015 0.011 0.001 0.010 0.006 0.017 0.057 0.882 
 122 G _   0.014 0.009 0.001 0.007 0.005 0.016 0.057 0.891 
 123 K _   0.014 0.008 0.000 0.006 0.004 0.016 0.057 0.895 
 124 C _   0.015 0.007 0.000 0.005 0.004 0.016 0.056 0.895 
 125 H _   0.016 0.008 0.001 0.006 0.005 0.018 0.056 0.891 
 126 N _   0.018 0.010 0.001 0.008 0.006 0.020 0.055 0.883 
 127 E _   0.020 0.013 0.001 0.012 0.008 0.022 0.054 0.870 
 128 V _   0.022 0.017 0.001 0.016 0.011 0.024 0.053 0.855 
 129 V _   0.024 0.022 0.001 0.021 0.013 0.026 0.053 0.840 
 130 L _   0.025 0.026 0.001 0.026 0.015 0.027 0.052 0.828 
 131 A _   0.025 0.029 0.001 0.029 0.015 0.027 0.051 0.822 
 132 P _   0.024 0.030 0.001 0.030 0.015 0.026 0.051 0.821 
 133 M _   0.023 0.029 0.001 0.029 0.014 0.025 0.051 0.827 
 134 F _   0.022 0.027 0.001 0.025 0.013 0.023 0.051 0.837 
 135 E _   0.020 0.024 0.001 0.021 0.011 0.022 0.052 0.850 
 136 R _   0.018 0.019 0.001 0.016 0.009 0.020 0.052 0.864 
 137 L _   0.017 0.015 0.001 0.013 0.007 0.018 0.052 0.877 
 138 S _   0.016 0.011 0.001 0.010 0.006 0.017 0.053 0.887 
 139 T _   0.015 0.009 0.001 0.008 0.005 0.016 0.053 0.894 
 140 E _   0.014 0.007 0.001 0.007 0.005 0.016 0.053 0.898 
 141 S _   0.014 0.006 0.001 0.006 0.004 0.016 0.053 0.900 
 142 V _   0.015 0.006 0.001 0.006 0.005 0.016 0.053 0.899 
 143 Q _   0.017 0.006 0.001 0.006 0.005 0.017 0.052 0.896 
 144 E _   0.018 0.006 0.001 0.007 0.006 0.019 0.052 0.892 
 145 Q _   0.020 0.007 0.001 0.007 0.007 0.020 0.051 0.886 
 146 L _   0.023 0.008 0.001 0.008 0.008 0.022 0.051 0.879 
 147 P _   0.025 0.010 0.001 0.010 0.010 0.025 0.050 0.869 
 148 Y _   0.029 0.013 0.001 0.012 0.012 0.027 0.049 0.857 
 149 S _   0.031 0.017 0.001 0.014 0.014 0.029 0.049 0.845 
 150 V _   0.033 0.022 0.001 0.018 0.016 0.031 0.048 0.831 
 151 T _   0.035 0.026 0.001 0.021 0.017 0.032 0.048 0.819 
 152 L _   0.035 0.030 0.001 0.024 0.018 0.032 0.048 0.811 
 153 I _   0.035 0.033 0.001 0.026 0.018 0.031 0.048 0.807 
 154 S _   0.033 0.034 0.001 0.026 0.017 0.030 0.048 0.810 
 155 M _   0.031 0.035 0.001 0.025 0.016 0.028 0.049 0.817 
 156 P _   0.028 0.033 0.001 0.022 0.013 0.026 0.049 0.827 
 157 A _   0.025 0.031 0.001 0.018 0.011 0.023 0.049 0.840 
 158 T _   0.022 0.029 0.001 0.015 0.009 0.021 0.050 0.854 
 159 T _   0.019 0.026 0.001 0.012 0.007 0.019 0.050 0.865 
 160 E _   0.017 0.025 0.001 0.009 0.006 0.018 0.050 0.873 
 161 G _   0.015 0.024 0.001 0.008 0.006 0.017 0.050 0.878 
 162 R _   0.015 0.025 0.001 0.009 0.006 0.017 0.050 0.879 
 163 R _   0.014 0.027 0.001 0.010 0.006 0.017 0.050 0.876 
 164 G _   0.013 0.030 0.001 0.012 0.007 0.017 0.050 0.871 
 165 F _   0.013 0.034 0.001 0.014 0.007 0.017 0.049 0.864 
 166 S _   0.013 0.038 0.001 0.017 0.008 0.017 0.049 0.857 
 167 V _   0.013 0.042 0.001 0.019 0.009 0.017 0.049 0.850 
 168 S _   0.012 0.046 0.001 0.020 0.009 0.017 0.049 0.847 
 169 V _   0.012 0.048 0.001 0.019 0.008 0.017 0.049 0.846 
 170 E _   0.012 0.049 0.001 0.018 0.008 0.017 0.049 0.848 
 171 S _   0.012 0.049 0.001 0.015 0.007 0.016 0.049 0.850 
 172 A _   0.012 0.050 0.001 0.013 0.007 0.016 0.049 0.853 
 173 C _   0.012 0.050 0.001 0.012 0.006 0.017 0.049 0.854 
 174 S _   0.012 0.051 0.001 0.011 0.006 0.017 0.049 0.853 
 175 N _   0.013 0.054 0.001 0.011 0.007 0.018 0.049 0.847 
 176 Y _   0.014 0.059 0.001 0.013 0.007 0.019 0.049 0.838 
 177 A _   0.015 0.066 0.001 0.015 0.009 0.021 0.049 0.824 
 178 T _   0.016 0.075 0.001 0.019 0.010 0.022 0.049 0.807 
 179 T _   0.017 0.086 0.001 0.024 0.012 0.023 0.049 0.788 
 180 V _   0.017 0.097 0.001 0.030 0.013 0.023 0.049 0.770 
 181 Q _   0.017 0.106 0.001 0.034 0.014 0.023 0.049 0.756 
 182 V _   0.016 0.112 0.001 0.038 0.014 0.023 0.049 0.747 
 183 K _   0.016 0.115 0.001 0.040 0.014 0.022 0.050 0.742 
 184 E _   0.015 0.114 0.001 0.040 0.014 0.020 0.052 0.743 
 185 V _   0.014 0.111 0.001 0.039 0.012 0.019 0.053 0.750 
 186 N _   0.014 0.105 0.001 0.035 0.011 0.017 0.056 0.762 
 187 R _   0.013 0.095 0.001 0.031 0.009 0.015 0.058 0.778 
 188 M _   0.012 0.081 0.001 0.025 0.008 0.013 0.061 0.798 
 189 H _   0.011 0.066 0.001 0.020 0.006 0.012 0.064 0.821 
 190 I _   0.009 0.051 0.001 0.015 0.005 0.010 0.067 0.842 
 191 S _   0.008 0.038 0.000 0.011 0.003 0.008 0.069 0.861 
 192 P _   0.007 0.029 0.000 0.008 0.003 0.007 0.071 0.875 
 193 N _   0.006 0.023 0.000 0.006 0.002 0.006 0.072 0.884 
 194 N _   0.006 0.019 0.000 0.005 0.002 0.006 0.073 0.890 
 195 R _   0.005 0.017 0.000 0.004 0.002 0.006 0.073 0.892 
 196 N _   0.005 0.017 0.000 0.004 0.002 0.006 0.073 0.892 
 197 A _   0.005 0.018 0.000 0.005 0.002 0.007 0.073 0.890 
 198 I _   0.005 0.021 0.000 0.006 0.002 0.008 0.072 0.886 
 199 H _   0.006 0.026 0.000 0.007 0.003 0.009 0.071 0.878 
 200 P _   0.007 0.034 0.000 0.010 0.004 0.011 0.069 0.865 
 201 G _   0.008 0.047 0.001 0.013 0.005 0.013 0.066 0.847 
 202 D _   0.008 0.064 0.001 0.016 0.007 0.015 0.064 0.825 
 203 R _   0.009 0.083 0.001 0.020 0.008 0.017 0.062 0.800 
 204 I _   0.010 0.103 0.001 0.023 0.010 0.019 0.059 0.775 
 205 L _   0.011 0.120 0.001 0.026 0.011 0.020 0.057 0.754 
 206 E _   0.011 0.134 0.001 0.028 0.011 0.021 0.056 0.738 
 207 I _   0.012 0.145 0.001 0.028 0.012 0.021 0.054 0.726 
 208 N _   0.012 0.153 0.001 0.028 0.012 0.022 0.053 0.719 
 209 G _   0.013 0.159 0.001 0.026 0.012 0.021 0.053 0.715 
 210 T _   0.014 0.162 0.001 0.024 0.011 0.021 0.052 0.714 
 211 P _   0.014 0.164 0.001 0.023 0.011 0.021 0.052 0.715 
 212 V _   0.014 0.165 0.001 0.021 0.010 0.020 0.052 0.717 
 213 R _   0.014 0.165 0.001 0.020 0.010 0.020 0.052 0.719 
 214 T _   0.014 0.164 0.001 0.019 0.009 0.019 0.052 0.722 
 215 L _   0.013 0.163 0.001 0.018 0.009 0.018 0.052 0.726 
 216 R _   0.013 0.161 0.001 0.017 0.008 0.018 0.053 0.730 
 217 V _   0.012 0.159 0.001 0.017 0.007 0.017 0.053 0.734 
 218 E _   0.011 0.157 0.001 0.015 0.007 0.016 0.053 0.740 
 219 E _   0.011 0.154 0.001 0.014 0.006 0.015 0.054 0.746 
 220 V _   0.010 0.151 0.001 0.012 0.005 0.015 0.054 0.752 
 221 E _   0.010 0.148 0.001 0.011 0.005 0.014 0.054 0.757 
 222 D _   0.010 0.146 0.001 0.010 0.005 0.014 0.054 0.760 
 223 A _   0.010 0.146 0.001 0.009 0.005 0.015 0.054 0.760 
 224 I _   0.010 0.148 0.001 0.009 0.005 0.016 0.054 0.756 
 225 S _   0.012 0.153 0.001 0.011 0.006 0.018 0.054 0.746 
 226 Q _   0.013 0.160 0.001 0.013 0.008 0.020 0.054 0.731 
 227 T _   0.015 0.172 0.001 0.018 0.010 0.022 0.053 0.709 
 228 S _   0.016 0.187 0.001 0.024 0.013 0.024 0.053 0.682 
 229 Q _   0.017 0.201 0.001 0.031 0.015 0.025 0.053 0.657 
 230 T _   0.018 0.212 0.001 0.038 0.016 0.025 0.053 0.636 
 231 L _   0.019 0.217 0.001 0.043 0.017 0.025 0.054 0.625 
 232 Q _   0.018 0.217 0.001 0.045 0.016 0.023 0.055 0.624 
 233 L _   0.018 0.211 0.001 0.043 0.015 0.022 0.057 0.632 
 234 L _   0.017 0.198 0.001 0.038 0.013 0.020 0.060 0.653 
 235 I _   0.016 0.176 0.001 0.031 0.011 0.018 0.063 0.684 
 236 E _   0.015 0.146 0.001 0.024 0.009 0.016 0.067 0.723 
 237 H _   0.013 0.114 0.001 0.017 0.007 0.014 0.070 0.764 
 238 D _   0.012 0.087 0.001 0.011 0.005 0.012 0.074 0.797 
 239 P _   0.011 0.070 0.001 0.008 0.004 0.011 0.076 0.820 
 240 V _   0.010 0.060 0.000 0.006 0.003 0.011 0.078 0.832 
 241 S _   0.009 0.056 0.000 0.005 0.003 0.010 0.080 0.836 
 242 Q _   0.009 0.055 0.000 0.005 0.003 0.011 0.081 0.835 
 243 R _   0.010 0.057 0.000 0.006 0.003 0.012 0.082 0.829 
 244 L _   0.010 0.063 0.000 0.009 0.004 0.013 0.082 0.818 
 245 D _   0.011 0.072 0.001 0.013 0.006 0.015 0.082 0.801 
 246 Q _   0.011 0.085 0.001 0.018 0.007 0.016 0.082 0.781 
 247 L _   0.011 0.099 0.001 0.023 0.009 0.017 0.081 0.758 
 248 R _   0.011 0.112 0.001 0.029 0.010 0.018 0.081 0.738 
 249 L _   0.011 0.122 0.001 0.033 0.011 0.018 0.081 0.723 
 250 E _   0.011 0.129 0.001 0.036 0.011 0.017 0.082 0.713 
 251 A _   0.010 0.131 0.001 0.037 0.011 0.017 0.083 0.710 
 252 R _   0.010 0.131 0.001 0.035 0.010 0.016 0.085 0.713 
 253 L _   0.010 0.127 0.001 0.033 0.009 0.015 0.087 0.719 
 254 A _   0.009 0.120 0.001 0.028 0.008 0.013 0.090 0.730 
 255 P _   0.009 0.110 0.001 0.024 0.007 0.012 0.093 0.745 
 256 H _   0.009 0.099 0.001 0.019 0.006 0.011 0.096 0.760 
 257 M _   0.008 0.087 0.001 0.015 0.005 0.010 0.099 0.775 
 258 Q _   0.008 0.077 0.001 0.012 0.004 0.009 0.102 0.787 
 259 N _   0.007 0.069 0.000 0.010 0.003 0.009 0.105 0.796 
 260 A _   0.007 0.063 0.000 0.009 0.003 0.009 0.107 0.801 
 261 G _   0.007 0.060 0.000 0.009 0.003 0.009 0.110 0.803 
 262 H _   0.007 0.058 0.000 0.009 0.003 0.009 0.112 0.802 
 263 P _   0.007 0.057 0.000 0.010 0.003 0.009 0.113 0.800 
 264 H _   0.007 0.057 0.000 0.011 0.004 0.009 0.115 0.797 
 265 A _   0.007 0.057 0.000 0.012 0.004 0.009 0.117 0.794 
 266 L _   0.007 0.057 0.000 0.012 0.004 0.009 0.118 0.793 
 267 S _   0.006 0.056 0.000 0.012 0.004 0.009 0.120 0.792 
 268 T _   0.006 0.056 0.000 0.011 0.003 0.009 0.122 0.793 
 269 L _   0.006 0.055 0.000 0.010 0.003 0.008 0.123 0.794 
 270 D _   0.005 0.055 0.000 0.009 0.003 0.008 0.124 0.794 
 271 T _   0.005 0.055 0.000 0.009 0.003 0.009 0.125 0.793 
 272 K _   0.006 0.056 0.000 0.009 0.003 0.009 0.126 0.789 
 273 E _   0.006 0.059 0.000 0.010 0.004 0.010 0.127 0.783 
 274 N _   0.007 0.064 0.000 0.012 0.004 0.011 0.128 0.773 
 275 L _   0.007 0.071 0.001 0.016 0.005 0.013 0.129 0.759 
 276 E _   0.008 0.079 0.001 0.021 0.007 0.014 0.129 0.741 
 277 G _   0.009 0.087 0.001 0.026 0.008 0.015 0.130 0.724 
 278 T _   0.009 0.093 0.001 0.030 0.009 0.016 0.132 0.710 
 279 L _   0.010 0.097 0.001 0.034 0.009 0.016 0.134 0.699 
 280 R _   0.010 0.099 0.001 0.035 0.009 0.016 0.136 0.693 
 281 R _   0.010 0.097 0.001 0.035 0.009 0.015 0.140 0.693 
 282 R _   0.010 0.093 0.001 0.033 0.008 0.015 0.144 0.696 
 283 S _   0.010 0.086 0.001 0.029 0.008 0.014 0.149 0.704 
 284 L _   0.010 0.076 0.001 0.025 0.007 0.012 0.154 0.715 
 285 R _   0.010 0.065 0.001 0.021 0.006 0.011 0.161 0.726 
 286 R _   0.010 0.052 0.001 0.017 0.005 0.010 0.167 0.738 
 287 S _   0.010 0.041 0.001 0.014 0.004 0.009 0.173 0.749 
 288 N _   0.009 0.031 0.000 0.012 0.003 0.008 0.178 0.759 
 289 S _   0.009 0.022 0.000 0.009 0.003 0.007 0.182 0.767 
 290 I _   0.008 0.016 0.000 0.007 0.002 0.006 0.186 0.774 
 291 S _   0.007 0.011 0.000 0.006 0.002 0.006 0.188 0.780 
 292 K _   0.006 0.008 0.000 0.004 0.001 0.005 0.189 0.786 
 293 S _   0.005 0.006 0.000 0.003 0.001 0.004 0.189 0.790 
 294 P _   0.005 0.006 0.000 0.003 0.001 0.004 0.188 0.793 
 295 G _   0.004 0.006 0.000 0.003 0.001 0.004 0.186 0.796 
 296 P _   0.004 0.006 0.000 0.003 0.001 0.005 0.183 0.796 
 297 S _   0.004 0.009 0.000 0.004 0.002 0.007 0.179 0.795 
 298 S _   0.005 0.014 0.000 0.007 0.002 0.009 0.174 0.788 
 299 P _   0.006 0.026 0.000 0.012 0.004 0.011 0.167 0.775 
 300 K _   0.007 0.045 0.001 0.019 0.006 0.014 0.158 0.752 
 301 E _   0.007 0.070 0.001 0.028 0.008 0.016 0.147 0.723 
 302 P _   0.007 0.096 0.001 0.038 0.009 0.017 0.137 0.694 
 303 L _   0.007 0.116 0.001 0.046 0.010 0.018 0.129 0.673 
 304 L _   0.007 0.129 0.001 0.050 0.011 0.018 0.122 0.662 
 305 F _   0.007 0.136 0.001 0.051 0.011 0.017 0.117 0.660 
 306 S _   0.007 0.138 0.001 0.049 0.010 0.017 0.112 0.666 
 307 R _   0.007 0.136 0.001 0.045 0.010 0.016 0.109 0.677 
 308 D _   0.007 0.130 0.001 0.039 0.009 0.015 0.107 0.693 
 309 I _   0.007 0.121 0.001 0.032 0.008 0.014 0.105 0.712 
 310 S _   0.007 0.109 0.001 0.026 0.007 0.013 0.104 0.733 
 311 R _   0.007 0.096 0.001 0.021 0.006 0.012 0.103 0.754 
 312 S _   0.007 0.083 0.001 0.017 0.005 0.011 0.103 0.773 
 313 E _   0.007 0.072 0.001 0.014 0.004 0.011 0.102 0.790 
 314 S _   0.007 0.062 0.000 0.012 0.004 0.010 0.101 0.804 
 315 L _   0.007 0.055 0.000 0.010 0.003 0.010 0.099 0.815 
 316 R _   0.007 0.049 0.000 0.009 0.003 0.010 0.098 0.824 
 317 C _   0.007 0.045 0.000 0.008 0.003 0.010 0.096 0.830 
 318 S _   0.007 0.042 0.000 0.008 0.003 0.010 0.094 0.835 
 319 S _   0.007 0.041 0.000 0.009 0.004 0.011 0.092 0.837 
 320 S _   0.008 0.040 0.000 0.009 0.004 0.011 0.089 0.838 
 321 Y _   0.008 0.040 0.001 0.010 0.004 0.012 0.087 0.838 
 322 S _   0.008 0.041 0.001 0.011 0.005 0.013 0.084 0.836 
 323 Q _   0.009 0.042 0.001 0.013 0.006 0.014 0.081 0.834 
 324 Q _   0.010 0.043 0.001 0.013 0.006 0.015 0.079 0.833 
 325 I _   0.010 0.044 0.001 0.014 0.007 0.016 0.076 0.832 
 326 F _   0.011 0.045 0.001 0.014 0.007 0.017 0.074 0.831 
 327 R _   0.012 0.046 0.001 0.014 0.007 0.018 0.072 0.831 
 328 P _   0.013 0.047 0.001 0.013 0.008 0.020 0.069 0.830 
 329 C _   0.014 0.048 0.001 0.013 0.008 0.021 0.067 0.829 
 330 D _   0.015 0.050 0.001 0.013 0.009 0.022 0.065 0.825 
 331 L _   0.016 0.052 0.001 0.014 0.010 0.024 0.062 0.820 
 332 I _   0.018 0.055 0.001 0.015 0.011 0.026 0.060 0.814 
 333 H _   0.020 0.059 0.001 0.016 0.012 0.028 0.058 0.805 
 334 G _   0.022 0.063 0.001 0.018 0.014 0.030 0.056 0.795 
 335 E _   0.025 0.068 0.001 0.021 0.015 0.031 0.054 0.785 
 336 V _   0.026 0.071 0.001 0.022 0.016 0.032 0.052 0.777 
 337 L _   0.028 0.074 0.001 0.023 0.017 0.033 0.051 0.772 
 338 G _   0.029 0.076 0.001 0.024 0.018 0.033 0.049 0.768 
 339 K _   0.030 0.077 0.001 0.024 0.018 0.033 0.048 0.768 
 340 G _   0.030 0.076 0.001 0.024 0.018 0.033 0.047 0.771 
 341 F _   0.029 0.074 0.001 0.023 0.017 0.032 0.047 0.777 
 342 F _   0.028 0.072 0.001 0.022 0.016 0.030 0.046 0.785 
 343 G _   0.026 0.068 0.001 0.020 0.014 0.029 0.046 0.796 
 344 Q _   0.025 0.063 0.001 0.018 0.013 0.027 0.046 0.807 
 345 A _   0.024 0.059 0.001 0.016 0.011 0.026 0.046 0.819 
 346 I _   0.022 0.055 0.001 0.014 0.010 0.024 0.045 0.829 
 347 K _   0.021 0.051 0.001 0.012 0.009 0.023 0.045 0.838 
 348 V _   0.021 0.048 0.001 0.011 0.008 0.023 0.045 0.844 
 349 T _   0.020 0.046 0.001 0.010 0.008 0.023 0.045 0.848 
 350 H _   0.020 0.046 0.001 0.010 0.008 0.023 0.044 0.849 
 351 K _   0.021 0.046 0.001 0.010 0.008 0.024 0.044 0.846 
 352 A _   0.021 0.048 0.001 0.012 0.009 0.025 0.044 0.840 
 353 T _   0.022 0.052 0.001 0.014 0.011 0.026 0.043 0.831 
 354 G _   0.023 0.057 0.001 0.018 0.013 0.027 0.043 0.819 
 355 K _   0.024 0.062 0.001 0.023 0.015 0.028 0.043 0.804 
 356 V _   0.025 0.067 0.001 0.028 0.016 0.028 0.042 0.792 
 357 M _   0.026 0.071 0.001 0.032 0.017 0.028 0.042 0.782 
 358 V _   0.026 0.073 0.001 0.035 0.017 0.028 0.043 0.777 
 359 M _   0.025 0.072 0.001 0.036 0.017 0.026 0.043 0.780 
 360 K _   0.024 0.068 0.001 0.034 0.015 0.024 0.044 0.789 
 361 E _   0.022 0.061 0.001 0.030 0.013 0.022 0.045 0.806 
 362 L _   0.020 0.050 0.001 0.024 0.011 0.020 0.047 0.828 
 363 I _   0.018 0.037 0.001 0.018 0.008 0.017 0.048 0.853 
 364 R _   0.016 0.025 0.001 0.012 0.006 0.015 0.049 0.876 
 365 C _   0.014 0.015 0.001 0.008 0.004 0.014 0.050 0.895 
 366 D _   0.013 0.010 0.000 0.005 0.003 0.013 0.051 0.905 
 367 E _   0.013 0.007 0.000 0.004 0.003 0.013 0.051 0.910 
 368 E _   0.014 0.006 0.000 0.003 0.003 0.014 0.051 0.908 
 369 T _   0.016 0.007 0.000 0.004 0.004 0.017 0.050 0.902 
 370 Q _   0.019 0.009 0.001 0.006 0.006 0.020 0.050 0.889 
 371 K _   0.022 0.015 0.001 0.011 0.010 0.024 0.049 0.868 
 372 T _   0.026 0.024 0.001 0.019 0.014 0.028 0.048 0.840 
 373 F _   0.028 0.037 0.001 0.029 0.018 0.031 0.047 0.809 
 374 L _   0.029 0.048 0.002 0.040 0.021 0.033 0.047 0.782 
 375 T _   0.029 0.055 0.002 0.047 0.023 0.033 0.046 0.765 
 376 E _   0.028 0.058 0.002 0.051 0.023 0.032 0.046 0.761 
 377 V _   0.027 0.058 0.002 0.049 0.021 0.029 0.047 0.768 
 378 K _   0.025 0.054 0.001 0.043 0.018 0.026 0.047 0.785 
 379 V _   0.023 0.046 0.001 0.034 0.014 0.023 0.048 0.811 
 380 M _   0.020 0.035 0.001 0.023 0.010 0.020 0.049 0.841 
 381 R _   0.017 0.023 0.001 0.014 0.007 0.017 0.050 0.870 
 382 S _   0.015 0.014 0.001 0.008 0.005 0.015 0.051 0.892 
 383 L _   0.014 0.009 0.000 0.005 0.003 0.014 0.051 0.904 
 384 D _   0.013 0.007 0.000 0.004 0.003 0.014 0.051 0.909 
 385 H _   0.013 0.007 0.000 0.004 0.003 0.015 0.050 0.907 
 386 P _   0.015 0.009 0.000 0.005 0.005 0.017 0.050 0.899 
 387 N _   0.018 0.014 0.001 0.010 0.007 0.020 0.049 0.882 
 388 V _   0.021 0.024 0.001 0.018 0.011 0.023 0.048 0.855 
 389 L _   0.022 0.037 0.001 0.030 0.014 0.025 0.046 0.824 
 390 K _   0.023 0.047 0.001 0.040 0.017 0.026 0.045 0.800 
 391 F _   0.022 0.054 0.001 0.048 0.018 0.026 0.045 0.786 
 392 I _   0.021 0.056 0.001 0.050 0.017 0.025 0.045 0.785 
 393 G _   0.019 0.055 0.001 0.046 0.015 0.023 0.045 0.795 
 394 V _   0.017 0.051 0.001 0.038 0.012 0.020 0.045 0.815 
 395 L _   0.015 0.042 0.001 0.028 0.009 0.017 0.046 0.841 
 396 Y _   0.013 0.032 0.001 0.018 0.007 0.015 0.046 0.869 
 397 K _   0.011 0.022 0.001 0.010 0.004 0.013 0.046 0.893 
 398 D _   0.010 0.016 0.000 0.006 0.003 0.012 0.046 0.907 
 399 K _   0.009 0.014 0.000 0.004 0.002 0.011 0.046 0.914 
 400 K _   0.009 0.013 0.000 0.003 0.002 0.012 0.045 0.914 
 401 L _   0.011 0.015 0.000 0.004 0.003 0.014 0.044 0.907 
 402 N _   0.014 0.021 0.001 0.007 0.005 0.017 0.043 0.892 
 403 L _   0.016 0.036 0.001 0.012 0.008 0.021 0.042 0.863 
 404 L _   0.019 0.061 0.001 0.020 0.012 0.024 0.039 0.823 
 405 T _   0.020 0.090 0.001 0.029 0.015 0.027 0.037 0.779 
 406 E _   0.021 0.115 0.002 0.037 0.018 0.029 0.035 0.744 
 407 Y _   0.021 0.132 0.001 0.043 0.019 0.030 0.034 0.720 
 408 I _   0.021 0.142 0.001 0.046 0.020 0.030 0.033 0.707 
 409 E _   0.021 0.147 0.001 0.046 0.020 0.029 0.032 0.703 
 410 G _   0.021 0.147 0.001 0.045 0.019 0.028 0.032 0.707 
 411 G _   0.021 0.144 0.001 0.041 0.018 0.027 0.032 0.717 
 412 T _   0.020 0.137 0.001 0.037 0.016 0.025 0.032 0.732 
 413 L _   0.020 0.125 0.001 0.032 0.014 0.024 0.033 0.751 
 414 K _   0.019 0.110 0.001 0.028 0.012 0.022 0.033 0.775 
 415 D _   0.018 0.092 0.001 0.023 0.011 0.020 0.034 0.800 
 416 F _   0.017 0.074 0.001 0.020 0.009 0.018 0.035 0.826 
 417 L _   0.016 0.057 0.001 0.016 0.008 0.017 0.036 0.850 
 418 R _   0.015 0.042 0.001 0.013 0.006 0.015 0.036 0.872 
 419 S _   0.014 0.029 0.001 0.011 0.005 0.014 0.037 0.889 
 420 M _   0.013 0.019 0.001 0.009 0.004 0.013 0.037 0.903 
 421 D _   0.013 0.012 0.000 0.007 0.004 0.013 0.038 0.913 
 422 P _   0.013 0.008 0.000 0.006 0.003 0.012 0.038 0.919 
 423 F _   0.014 0.005 0.000 0.005 0.003 0.013 0.037 0.922 
 424 P _   0.016 0.003 0.000 0.005 0.003 0.013 0.037 0.922 
 425 W _   0.021 0.002 0.000 0.005 0.004 0.015 0.036 0.918 
 426 Q _   0.027 0.001 0.000 0.005 0.004 0.017 0.036 0.910 
 427 Q _   0.037 0.001 0.001 0.005 0.005 0.020 0.035 0.897 
 428 K _   0.052 0.001 0.001 0.005 0.007 0.024 0.033 0.877 
 429 V _   0.074 0.000 0.001 0.006 0.009 0.028 0.032 0.850 
 430 R _   0.103 0.000 0.001 0.006 0.011 0.032 0.030 0.816 
 431 F _   0.138 0.000 0.001 0.006 0.015 0.037 0.029 0.774 
 432 A _   0.181 0.000 0.001 0.006 0.019 0.041 0.027 0.725 
 433 K _   0.228 0.000 0.002 0.006 0.023 0.045 0.025 0.671 
 434 G _   0.280 0.000 0.002 0.005 0.028 0.048 0.024 0.613 
 435 I _   0.334 0.000 0.002 0.005 0.032 0.050 0.022 0.555 
 436 A _   0.384 0.000 0.002 0.005 0.036 0.051 0.021 0.502 
 437 S _   0.428 0.000 0.002 0.004 0.040 0.051 0.021 0.454 
 438 G H   0.469 0.000 0.002 0.004 0.043 0.050 0.021 0.411 
 439 M H   0.501 0.000 0.002 0.004 0.046 0.049 0.021 0.376 
 440 A H   0.522 0.000 0.002 0.004 0.049 0.048 0.021 0.353 
 441 Y H   0.532 0.001 0.002 0.005 0.051 0.047 0.023 0.340 
 442 L H   0.532 0.001 0.002 0.006 0.052 0.045 0.025 0.337 
 443 H H   0.521 0.002 0.002 0.008 0.051 0.043 0.027 0.346 
 444 S H   0.496 0.002 0.003 0.011 0.049 0.041 0.031 0.368 
 445 M H   0.457 0.003 0.003 0.013 0.044 0.037 0.036 0.407 
 446 C _   0.404 0.003 0.003 0.015 0.038 0.034 0.041 0.462 
 447 I _   0.341 0.003 0.002 0.015 0.030 0.030 0.048 0.531 
 448 I _   0.272 0.002 0.002 0.014 0.022 0.025 0.055 0.608 
 449 H _   0.203 0.002 0.001 0.011 0.014 0.021 0.062 0.687 
 450 R _   0.141 0.001 0.001 0.008 0.009 0.016 0.068 0.757 
 451 D _   0.093 0.000 0.001 0.005 0.005 0.013 0.072 0.811 
 452 L _   0.058 0.000 0.000 0.003 0.003 0.010 0.076 0.849 
 453 N _   0.036 0.000 0.000 0.002 0.002 0.009 0.078 0.872 
 454 S _   0.024 0.000 0.000 0.002 0.002 0.008 0.080 0.884 
 455 H _   0.017 0.000 0.000 0.002 0.002 0.008 0.082 0.889 
 456 N _   0.015 0.000 0.000 0.002 0.002 0.010 0.083 0.888 
 457 C _   0.016 0.000 0.000 0.003 0.002 0.012 0.083 0.883 
 458 L _   0.019 0.001 0.000 0.004 0.003 0.015 0.084 0.873 
 459 I _   0.024 0.001 0.001 0.005 0.005 0.020 0.084 0.860 
 460 K _   0.030 0.002 0.001 0.008 0.008 0.026 0.084 0.842 
 461 L _   0.038 0.004 0.001 0.010 0.011 0.031 0.084 0.821 
 462 D _   0.048 0.006 0.001 0.012 0.015 0.038 0.083 0.796 
 463 K _   0.060 0.008 0.001 0.014 0.020 0.044 0.083 0.770 
 464 T _   0.072 0.010 0.002 0.015 0.025 0.049 0.083 0.745 
 465 V _   0.084 0.012 0.002 0.016 0.029 0.053 0.084 0.720 
 466 V _   0.095 0.015 0.002 0.017 0.032 0.055 0.085 0.699 
 467 V _   0.105 0.017 0.002 0.018 0.034 0.057 0.087 0.680 
 468 A _   0.112 0.020 0.002 0.019 0.036 0.057 0.089 0.666 
 469 D _   0.115 0.022 0.002 0.021 0.036 0.056 0.091 0.657 
 470 F _   0.114 0.024 0.002 0.022 0.036 0.054 0.095 0.653 
 471 G _   0.111 0.025 0.002 0.024 0.034 0.051 0.098 0.655 
 472 L _   0.103 0.025 0.002 0.025 0.031 0.047 0.103 0.663 
 473 S _   0.093 0.024 0.002 0.026 0.027 0.043 0.108 0.678 
 474 R _   0.081 0.023 0.002 0.025 0.022 0.038 0.113 0.696 
 475 L _   0.068 0.020 0.001 0.023 0.017 0.032 0.119 0.719 
 476 I _   0.056 0.017 0.001 0.019 0.013 0.027 0.125 0.741 
 477 V _   0.045 0.014 0.001 0.016 0.009 0.022 0.130 0.763 
 478 E _   0.035 0.011 0.001 0.013 0.007 0.018 0.134 0.782 
 479 E _   0.027 0.008 0.001 0.010 0.005 0.015 0.138 0.797 
 480 R _   0.021 0.006 0.000 0.007 0.004 0.012 0.142 0.808 
 481 K _   0.016 0.004 0.000 0.006 0.003 0.010 0.144 0.816 
 482 R _   0.013 0.004 0.000 0.005 0.002 0.009 0.147 0.820 
 483 A _   0.011 0.003 0.000 0.005 0.002 0.008 0.149 0.822 
 484 P _   0.009 0.003 0.000 0.006 0.002 0.008 0.150 0.822 
 485 M _   0.009 0.003 0.000 0.007 0.002 0.008 0.151 0.820 
 486 E _   0.008 0.004 0.000 0.008 0.003 0.008 0.152 0.817 
 487 K _   0.008 0.004 0.000 0.009 0.003 0.008 0.153 0.814 
 488 A _   0.008 0.004 0.000 0.010 0.003 0.008 0.153 0.812 
 489 T _   0.008 0.005 0.000 0.011 0.003 0.008 0.154 0.811 
 490 T _   0.007 0.005 0.000 0.011 0.003 0.008 0.155 0.811 
 491 K _   0.007 0.005 0.000 0.011 0.003 0.007 0.155 0.812 
 492 K _   0.007 0.004 0.000 0.010 0.003 0.007 0.156 0.814 
 493 R _   0.006 0.004 0.000 0.008 0.002 0.006 0.156 0.817 
 494 T _   0.006 0.003 0.000 0.007 0.002 0.006 0.156 0.820 
 495 L _   0.005 0.003 0.000 0.006 0.002 0.005 0.155 0.823 
 496 R _   0.005 0.003 0.000 0.005 0.002 0.005 0.154 0.826 
 497 K _   0.005 0.002 0.000 0.004 0.001 0.005 0.153 0.829 
 498 N _   0.005 0.003 0.000 0.004 0.001 0.005 0.151 0.831 
 499 D _   0.005 0.003 0.000 0.004 0.002 0.006 0.148 0.833 
 500 R _   0.005 0.005 0.000 0.005 0.002 0.007 0.144 0.833 
 501 K _   0.005 0.007 0.000 0.006 0.002 0.008 0.140 0.831 
 502 K _   0.006 0.011 0.000 0.008 0.003 0.009 0.135 0.827 
 503 R _   0.007 0.018 0.000 0.010 0.004 0.011 0.130 0.819 
 504 Y _   0.008 0.029 0.001 0.014 0.005 0.013 0.123 0.807 
 505 T _   0.008 0.042 0.001 0.019 0.007 0.015 0.116 0.792 
 506 V _   0.009 0.057 0.001 0.025 0.008 0.018 0.109 0.774 
 507 V _   0.009 0.073 0.001 0.031 0.010 0.019 0.101 0.754 
 508 G _   0.010 0.088 0.001 0.038 0.012 0.021 0.094 0.736 
 509 N _   0.011 0.100 0.001 0.044 0.014 0.022 0.088 0.721 
 510 P _   0.011 0.108 0.001 0.049 0.015 0.022 0.083 0.711 
 511 Y _   0.011 0.112 0.001 0.053 0.015 0.022 0.078 0.707 
 512 W _   0.011 0.113 0.001 0.054 0.015 0.021 0.075 0.709 
 513 M _   0.011 0.111 0.001 0.053 0.014 0.020 0.072 0.718 
 514 A _   0.011 0.104 0.001 0.049 0.013 0.018 0.070 0.734 
 515 P _   0.011 0.093 0.001 0.042 0.011 0.016 0.068 0.758 
 516 E _   0.011 0.077 0.001 0.033 0.009 0.014 0.066 0.789 
 517 M _   0.011 0.056 0.001 0.024 0.007 0.012 0.065 0.825 
 518 L _   0.011 0.035 0.001 0.015 0.005 0.010 0.063 0.861 
 519 N _   0.012 0.017 0.000 0.009 0.003 0.008 0.061 0.889 
 520 G _   0.013 0.007 0.000 0.005 0.002 0.007 0.058 0.907 
 521 K _   0.018 0.002 0.000 0.003 0.002 0.006 0.056 0.914 
 522 S _   0.027 0.001 0.000 0.002 0.002 0.005 0.052 0.911 
 523 Y _   0.047 0.000 0.000 0.001 0.002 0.006 0.048 0.895 
 524 D _   0.087 0.000 0.000 0.001 0.003 0.007 0.042 0.859 
 525 E _   0.156 0.000 0.001 0.001 0.004 0.009 0.036 0.793 
 526 T _   0.263 0.000 0.001 0.001 0.006 0.011 0.028 0.691 
 527 V _   0.396 0.000 0.001 0.001 0.008 0.012 0.021 0.561 
 528 D H   0.539 0.000 0.001 0.001 0.010 0.013 0.014 0.421 
 529 I H   0.671 0.000 0.001 0.001 0.013 0.013 0.009 0.291 
 530 F H   0.771 0.000 0.001 0.001 0.015 0.013 0.006 0.194 
 531 S H   0.837 0.000 0.001 0.001 0.016 0.011 0.004 0.129 
 532 F H   0.878 0.000 0.001 0.001 0.017 0.010 0.003 0.089 
 533 G H   0.901 0.000 0.001 0.001 0.017 0.009 0.003 0.068 
 534 I H   0.911 0.000 0.001 0.001 0.018 0.008 0.003 0.059 
 535 V H   0.910 0.000 0.001 0.001 0.019 0.008 0.003 0.059 
 536 L H   0.901 0.000 0.001 0.001 0.020 0.007 0.003 0.067 
 537 C H   0.880 0.000 0.001 0.001 0.020 0.008 0.004 0.086 
 538 E H   0.843 0.000 0.001 0.001 0.021 0.008 0.005 0.120 
 539 I H   0.782 0.000 0.002 0.001 0.021 0.009 0.007 0.178 
 540 I H   0.693 0.000 0.002 0.002 0.019 0.010 0.010 0.263 
 541 G H   0.581 0.000 0.002 0.002 0.016 0.010 0.015 0.373 
 542 Q _   0.453 0.000 0.001 0.003 0.013 0.011 0.022 0.497 
 543 V _   0.328 0.000 0.001 0.003 0.009 0.010 0.029 0.620 
 544 Y _   0.221 0.000 0.001 0.003 0.006 0.009 0.035 0.725 
 545 A _   0.138 0.000 0.001 0.003 0.004 0.008 0.041 0.806 
 546 D _   0.082 0.000 0.000 0.002 0.003 0.008 0.045 0.859 
 547 P _   0.049 0.000 0.000 0.002 0.002 0.007 0.048 0.890 
 548 D _   0.031 0.000 0.000 0.002 0.002 0.007 0.051 0.906 
 549 C _   0.021 0.001 0.000 0.003 0.002 0.008 0.052 0.912 
 550 L _   0.016 0.002 0.000 0.004 0.002 0.009 0.054 0.912 
 551 P _   0.014 0.005 0.000 0.006 0.003 0.011 0.055 0.906 
 552 R _   0.013 0.010 0.001 0.008 0.004 0.014 0.056 0.893 
 553 T _   0.013 0.019 0.001 0.012 0.006 0.016 0.057 0.876 
 554 L _   0.014 0.030 0.001 0.017 0.008 0.019 0.058 0.854 
 555 D _   0.014 0.043 0.001 0.022 0.010 0.021 0.058 0.831 
 556 F _   0.015 0.056 0.001 0.027 0.012 0.024 0.059 0.807 
 557 G _   0.015 0.067 0.001 0.032 0.014 0.025 0.060 0.785 
 558 L _   0.016 0.077 0.001 0.036 0.016 0.027 0.061 0.766 
 559 N _   0.017 0.084 0.001 0.040 0.017 0.027 0.063 0.751 
 560 V _   0.018 0.088 0.001 0.044 0.018 0.027 0.065 0.739 
 561 K _   0.018 0.090 0.001 0.045 0.018 0.027 0.068 0.733 
 562 L _   0.018 0.089 0.001 0.046 0.017 0.026 0.071 0.732 
 563 F _   0.018 0.084 0.001 0.043 0.016 0.024 0.075 0.739 
 564 W _   0.017 0.076 0.001 0.038 0.014 0.022 0.079 0.753 
 565 E _   0.016 0.062 0.001 0.031 0.011 0.020 0.085 0.774 
 566 K _   0.015 0.046 0.001 0.023 0.009 0.017 0.090 0.799 
 567 F _   0.014 0.028 0.001 0.015 0.006 0.015 0.095 0.826 
 568 V _   0.014 0.013 0.001 0.008 0.004 0.014 0.099 0.847 
 569 P _   0.014 0.005 0.000 0.004 0.003 0.013 0.102 0.859 
 570 T _   0.015 0.002 0.000 0.002 0.002 0.013 0.104 0.861 
 571 D _   0.019 0.000 0.000 0.002 0.002 0.015 0.106 0.855 
 572 C _   0.028 0.000 0.000 0.001 0.003 0.019 0.107 0.841 
 573 P _   0.043 0.000 0.000 0.002 0.005 0.027 0.108 0.814 
 574 P _   0.066 0.002 0.001 0.003 0.011 0.038 0.109 0.771 
 575 A _   0.092 0.008 0.001 0.007 0.023 0.051 0.109 0.709 
 576 F _   0.116 0.028 0.002 0.015 0.040 0.064 0.110 0.625 
 577 F _   0.132 0.069 0.003 0.027 0.056 0.073 0.111 0.529 
 578 P _   0.139 0.116 0.004 0.041 0.066 0.076 0.113 0.445 
 579 L _   0.139 0.153 0.003 0.055 0.070 0.075 0.116 0.389 
 580 A _   0.133 0.175 0.003 0.065 0.069 0.071 0.121 0.361 
 581 A _   0.125 0.185 0.003 0.071 0.066 0.066 0.128 0.355 
 582 I _   0.115 0.186 0.003 0.071 0.060 0.060 0.137 0.368 
 583 C _   0.103 0.178 0.003 0.065 0.052 0.053 0.148 0.398 
 584 C _   0.088 0.160 0.003 0.055 0.042 0.045 0.161 0.445 
 585 R _   0.073 0.131 0.003 0.043 0.031 0.038 0.176 0.506 
 586 L _   0.058 0.092 0.002 0.030 0.021 0.030 0.193 0.573 
 587 E _   0.044 0.055 0.001 0.020 0.013 0.024 0.209 0.634 
 588 P _   0.032 0.028 0.001 0.012 0.008 0.019 0.221 0.679 
 589 E _   0.023 0.013 0.001 0.007 0.005 0.014 0.231 0.706 
 590 S _   0.017 0.006 0.000 0.005 0.003 0.011 0.238 0.720 
 591 R _   0.012 0.003 0.000 0.003 0.002 0.009 0.243 0.727 
 592 P _   0.010 0.001 0.000 0.003 0.002 0.009 0.247 0.728 
 593 A _   0.009 0.001 0.000 0.002 0.002 0.008 0.251 0.727 
 594 F _   0.010 0.000 0.000 0.002 0.002 0.009 0.253 0.724 
 595 S _   0.011 0.000 0.000 0.003 0.002 0.011 0.255 0.718 
 596 K _   0.015 0.000 0.000 0.003 0.003 0.013 0.256 0.710 
 597 L _   0.022 0.000 0.000 0.003 0.004 0.017 0.257 0.698 
 598 E _   0.031 0.000 0.001 0.004 0.005 0.021 0.257 0.680 
 599 D _   0.045 0.001 0.001 0.005 0.008 0.027 0.257 0.656 
 600 S _   0.062 0.001 0.001 0.006 0.013 0.034 0.257 0.626 
 601 F _   0.083 0.002 0.001 0.007 0.019 0.041 0.258 0.588 
 602 E _   0.104 0.004 0.002 0.010 0.027 0.047 0.259 0.548 
 603 A _   0.123 0.006 0.002 0.013 0.034 0.052 0.261 0.509 
 604 L _   0.139 0.009 0.002 0.016 0.040 0.054 0.265 0.475 
 605 S _   0.150 0.011 0.002 0.019 0.043 0.055 0.271 0.449 
 606 L _   0.155 0.012 0.002 0.021 0.044 0.054 0.278 0.435 
 607 Y _   0.154 0.013 0.002 0.022 0.041 0.051 0.286 0.430 
 608 L _   0.149 0.013 0.002 0.021 0.037 0.047 0.297 0.434 
 609 G _   0.139 0.012 0.002 0.019 0.032 0.043 0.308 0.445 
 610 E _   0.125 0.010 0.002 0.017 0.025 0.038 0.321 0.462 
 611 L _   0.107 0.008 0.001 0.014 0.019 0.033 0.335 0.482 
 612 G _   0.089 0.007 0.001 0.011 0.014 0.028 0.348 0.502 
 613 I _   0.072 0.005 0.001 0.009 0.010 0.024 0.361 0.517 
 614 P _   0.057 0.004 0.001 0.007 0.007 0.020 0.373 0.530 
 615 L _   0.043 0.004 0.001 0.006 0.006 0.017 0.385 0.539 
 616 P _   0.033 0.004 0.001 0.006 0.004 0.015 0.395 0.544 
 617 A _   0.025 0.004 0.000 0.005 0.004 0.014 0.403 0.545 
 618 E _   0.019 0.005 0.000 0.005 0.003 0.013 0.411 0.544 
 619 L _   0.015 0.006 0.000 0.005 0.003 0.012 0.418 0.540 
 620 E _   0.013 0.008 0.000 0.006 0.003 0.013 0.423 0.533 
 621 E _   0.011 0.012 0.000 0.008 0.004 0.013 0.429 0.523 
 622 L _   0.011 0.018 0.001 0.011 0.005 0.014 0.434 0.507 
 623 D _   0.010 0.027 0.001 0.016 0.006 0.016 0.439 0.485 
 624 H _   0.010 0.039 0.001 0.024 0.008 0.017 0.444 0.457 
 625 T X   0.011 0.052 0.001 0.033 0.010 0.018 0.450 0.426 
 626 V X   0.011 0.062 0.001 0.043 0.012 0.019 0.457 0.395 
 627 S X   0.011 0.069 0.001 0.051 0.013 0.019 0.467 0.368 
 628 M X   0.011 0.072 0.001 0.055 0.013 0.018 0.480 0.349 
 629 Q X   0.010 0.072 0.001 0.054 0.012 0.017 0.496 0.339 
 630 Y X   0.008 0.068 0.001 0.049 0.010 0.015 0.514 0.336 
 631 G X   0.007 0.060 0.001 0.039 0.008 0.012 0.534 0.339 
 632 L X   0.005 0.049 0.001 0.028 0.006 0.009 0.557 0.345 
 633 T X   0.004 0.035 0.001 0.017 0.004 0.006 0.580 0.354 
 634 R X   0.002 0.019 0.000 0.009 0.002 0.003 0.602 0.363 
 635 D X   0.001 0.008 0.000 0.003 0.000 0.001 0.617 0.371 
 636 S X   0.000 0.003 0.000 0.001 0.000 0.000 0.621 0.375 
 637 P X   0.000 0.002 0.000 0.001 0.000 0.000 0.620 0.377 
 638 P X   0.002 0.002 0.001 0.006 0.002 0.002 0.610 0.375 
