#TopoPred_TM8: 8-state transmembrane topology prediction results by no_profile mode 
#probabilities are in the order of H E C I L F X _, the 8 transmembrane topology types used in PDBTM 
   1 M X   0.013 0.002 0.002 0.060 0.009 0.010 0.740 0.164 
   2 H X   0.005 0.001 0.000 0.038 0.002 0.005 0.761 0.188 
   3 T X   0.002 0.001 0.000 0.021 0.001 0.003 0.765 0.206 
   4 G X   0.001 0.002 0.000 0.014 0.001 0.003 0.762 0.217 
   5 G X   0.001 0.003 0.000 0.012 0.001 0.004 0.754 0.225 
   6 E X   0.002 0.005 0.000 0.011 0.001 0.006 0.742 0.233 
   7 T X   0.002 0.008 0.000 0.011 0.002 0.008 0.727 0.242 
   8 S X   0.003 0.015 0.000 0.013 0.002 0.010 0.705 0.252 
   9 A X   0.004 0.027 0.001 0.016 0.004 0.012 0.677 0.260 
  10 C X   0.004 0.048 0.001 0.021 0.005 0.015 0.640 0.265 
  11 K X   0.005 0.080 0.001 0.027 0.008 0.018 0.595 0.266 
  12 P X   0.005 0.126 0.002 0.033 0.010 0.020 0.545 0.259 
  13 S X   0.005 0.182 0.002 0.038 0.013 0.022 0.493 0.245 
  14 S X   0.006 0.242 0.002 0.040 0.014 0.023 0.445 0.228 
  15 V X   0.006 0.301 0.002 0.040 0.015 0.023 0.404 0.210 
  16 R X   0.006 0.355 0.002 0.039 0.015 0.022 0.370 0.193 
  17 L E   0.006 0.401 0.002 0.036 0.014 0.022 0.342 0.178 
  18 A E   0.006 0.439 0.001 0.033 0.014 0.021 0.319 0.166 
  19 P E   0.006 0.470 0.001 0.030 0.014 0.021 0.301 0.157 
  20 S E   0.006 0.496 0.001 0.028 0.014 0.021 0.286 0.149 
  21 F E   0.006 0.517 0.001 0.026 0.014 0.020 0.274 0.141 
  22 S E   0.007 0.536 0.001 0.026 0.014 0.019 0.264 0.134 
  23 F E   0.007 0.551 0.001 0.026 0.014 0.019 0.256 0.128 
  24 H E   0.007 0.563 0.001 0.026 0.013 0.018 0.250 0.123 
  25 A E   0.007 0.570 0.001 0.028 0.013 0.017 0.245 0.120 
  26 A E   0.008 0.574 0.001 0.029 0.012 0.016 0.241 0.120 
  27 G E   0.008 0.573 0.001 0.030 0.012 0.015 0.239 0.123 
  28 L E   0.009 0.565 0.001 0.030 0.011 0.014 0.239 0.131 
  29 Q E   0.009 0.550 0.001 0.030 0.011 0.013 0.239 0.146 
  30 M E   0.010 0.521 0.001 0.030 0.011 0.013 0.241 0.172 
  31 A E   0.011 0.473 0.002 0.030 0.012 0.013 0.245 0.214 
  32 G E   0.012 0.405 0.002 0.029 0.012 0.013 0.252 0.275 
  33 Q _   0.014 0.323 0.002 0.026 0.011 0.014 0.261 0.350 
  34 M _   0.014 0.239 0.001 0.023 0.010 0.013 0.271 0.428 
  35 P _   0.014 0.167 0.001 0.019 0.008 0.013 0.281 0.497 
  36 H _   0.013 0.113 0.001 0.015 0.006 0.012 0.290 0.552 
  37 S _   0.011 0.076 0.001 0.011 0.004 0.010 0.296 0.591 
  38 H _   0.009 0.052 0.000 0.009 0.003 0.009 0.301 0.617 
  39 Q _   0.008 0.038 0.000 0.007 0.002 0.008 0.303 0.634 
  40 Y _   0.006 0.029 0.000 0.006 0.002 0.007 0.305 0.645 
  41 S _   0.005 0.024 0.000 0.005 0.002 0.006 0.305 0.653 
  42 D _   0.005 0.022 0.000 0.005 0.001 0.006 0.304 0.658 
  43 R _   0.004 0.020 0.000 0.005 0.001 0.005 0.302 0.662 
  44 R _   0.004 0.020 0.000 0.005 0.001 0.005 0.300 0.665 
  45 Q _   0.004 0.020 0.000 0.005 0.002 0.006 0.296 0.667 
  46 P _   0.004 0.022 0.000 0.006 0.002 0.006 0.292 0.667 
  47 N _   0.004 0.025 0.000 0.008 0.002 0.007 0.287 0.666 
  48 I _   0.004 0.029 0.000 0.010 0.003 0.008 0.282 0.663 
  49 S _   0.005 0.035 0.000 0.013 0.004 0.009 0.276 0.659 
  50 D _   0.005 0.041 0.001 0.016 0.004 0.010 0.271 0.653 
  51 Q _   0.005 0.047 0.001 0.019 0.005 0.011 0.265 0.647 
  52 Q _   0.005 0.053 0.001 0.021 0.006 0.011 0.260 0.643 
  53 V _   0.006 0.057 0.001 0.022 0.006 0.012 0.256 0.640 
  54 S _   0.006 0.060 0.001 0.023 0.006 0.012 0.252 0.640 
  55 A _   0.006 0.062 0.001 0.022 0.006 0.012 0.249 0.643 
  56 L _   0.006 0.062 0.001 0.020 0.006 0.012 0.246 0.648 
  57 S _   0.006 0.061 0.001 0.018 0.005 0.011 0.244 0.654 
  58 Y _   0.006 0.059 0.001 0.016 0.005 0.011 0.242 0.660 
  59 S _   0.006 0.057 0.001 0.013 0.004 0.011 0.241 0.667 
  60 D _   0.006 0.056 0.000 0.011 0.004 0.011 0.239 0.672 
  61 Q _   0.007 0.054 0.000 0.010 0.004 0.011 0.238 0.676 
  62 I _   0.007 0.053 0.000 0.009 0.004 0.011 0.237 0.679 
  63 Q _   0.007 0.054 0.000 0.008 0.004 0.012 0.235 0.680 
  64 Q _   0.008 0.055 0.000 0.008 0.004 0.013 0.233 0.679 
  65 P _   0.009 0.057 0.000 0.008 0.004 0.014 0.232 0.676 
  66 L _   0.010 0.060 0.001 0.009 0.005 0.015 0.230 0.671 
  67 T _   0.011 0.066 0.001 0.010 0.006 0.017 0.227 0.662 
  68 N _   0.013 0.073 0.001 0.012 0.008 0.019 0.225 0.650 
  69 Q _   0.014 0.083 0.001 0.014 0.009 0.021 0.222 0.635 
  70 V _   0.016 0.096 0.001 0.017 0.011 0.023 0.220 0.615 
  71 M _   0.018 0.111 0.001 0.022 0.014 0.025 0.217 0.591 
  72 P _   0.019 0.127 0.001 0.027 0.016 0.027 0.215 0.568 
  73 D _   0.020 0.141 0.001 0.033 0.017 0.027 0.214 0.546 
  74 I _   0.021 0.151 0.001 0.039 0.018 0.027 0.213 0.529 
  75 V _   0.021 0.157 0.001 0.043 0.018 0.026 0.214 0.520 
  76 M _   0.020 0.158 0.001 0.044 0.018 0.025 0.215 0.517 
  77 L _   0.020 0.155 0.001 0.043 0.016 0.023 0.218 0.523 
  78 Q _   0.018 0.146 0.001 0.040 0.014 0.021 0.221 0.538 
  79 R _   0.017 0.131 0.001 0.034 0.012 0.019 0.226 0.561 
  80 R _   0.015 0.108 0.001 0.027 0.010 0.016 0.231 0.591 
  81 M _   0.013 0.082 0.001 0.020 0.008 0.014 0.237 0.626 
  82 P _   0.012 0.057 0.001 0.013 0.005 0.011 0.242 0.658 
  83 Q _   0.010 0.038 0.001 0.009 0.004 0.010 0.247 0.682 
  84 T _   0.008 0.027 0.000 0.006 0.003 0.008 0.250 0.698 
  85 F _   0.007 0.021 0.000 0.004 0.002 0.007 0.253 0.706 
  86 R _   0.006 0.018 0.000 0.004 0.002 0.007 0.254 0.710 
  87 D _   0.006 0.017 0.000 0.004 0.002 0.007 0.255 0.710 
  88 P _   0.006 0.017 0.000 0.004 0.002 0.008 0.255 0.708 
  89 A _   0.006 0.019 0.000 0.005 0.002 0.009 0.255 0.703 
  90 T _   0.007 0.023 0.000 0.007 0.003 0.010 0.254 0.696 
  91 A _   0.008 0.029 0.001 0.009 0.004 0.012 0.253 0.686 
  92 P _   0.008 0.036 0.001 0.012 0.005 0.013 0.251 0.673 
  93 L _   0.009 0.045 0.001 0.015 0.007 0.015 0.250 0.659 
  94 R _   0.009 0.053 0.001 0.018 0.008 0.016 0.249 0.646 
  95 K _   0.010 0.061 0.001 0.020 0.009 0.018 0.248 0.633 
  96 L _   0.011 0.068 0.001 0.022 0.010 0.019 0.247 0.622 
  97 S _   0.011 0.073 0.001 0.024 0.011 0.020 0.247 0.613 
  98 V _   0.012 0.077 0.001 0.025 0.011 0.020 0.248 0.606 
  99 D _   0.013 0.080 0.001 0.025 0.012 0.020 0.249 0.600 
 100 L _   0.014 0.081 0.001 0.024 0.011 0.020 0.251 0.597 
 101 I _   0.014 0.081 0.001 0.024 0.011 0.020 0.253 0.596 
 102 K _   0.014 0.080 0.001 0.023 0.010 0.019 0.256 0.597 
 103 T _   0.014 0.077 0.001 0.021 0.010 0.018 0.259 0.599 
 104 Y _   0.014 0.074 0.001 0.020 0.009 0.017 0.263 0.601 
 105 K _   0.013 0.070 0.001 0.019 0.009 0.017 0.267 0.604 
 106 H _   0.013 0.067 0.001 0.018 0.008 0.016 0.272 0.606 
 107 I _   0.013 0.062 0.001 0.018 0.007 0.015 0.277 0.607 
 108 N _   0.012 0.058 0.001 0.017 0.007 0.014 0.282 0.609 
 109 E _   0.012 0.053 0.001 0.017 0.006 0.013 0.288 0.611 
 110 V _   0.011 0.048 0.001 0.016 0.005 0.012 0.294 0.614 
 111 Y _   0.010 0.042 0.001 0.014 0.005 0.011 0.299 0.618 
 112 Y _   0.009 0.036 0.001 0.012 0.004 0.010 0.305 0.624 
 113 A _   0.008 0.030 0.000 0.011 0.004 0.009 0.310 0.628 
 114 K _   0.008 0.024 0.000 0.009 0.003 0.008 0.315 0.633 
 115 K _   0.007 0.020 0.000 0.008 0.003 0.007 0.319 0.636 
 116 K _   0.007 0.016 0.000 0.007 0.002 0.007 0.323 0.637 
 117 R _   0.006 0.014 0.000 0.007 0.002 0.006 0.327 0.637 
 118 R _   0.006 0.012 0.000 0.007 0.002 0.006 0.330 0.636 
 119 H _   0.006 0.011 0.000 0.007 0.002 0.006 0.333 0.635 
 120 Q _   0.005 0.009 0.000 0.007 0.002 0.006 0.336 0.635 
 121 Q _   0.005 0.008 0.000 0.007 0.002 0.005 0.338 0.635 
 122 G _   0.005 0.007 0.000 0.006 0.002 0.005 0.339 0.636 
 123 Q _   0.004 0.007 0.000 0.006 0.002 0.005 0.340 0.637 
 124 G _   0.004 0.006 0.000 0.005 0.001 0.004 0.340 0.639 
 125 D _   0.004 0.006 0.000 0.005 0.001 0.004 0.340 0.640 
 126 D _   0.003 0.006 0.000 0.005 0.001 0.005 0.339 0.641 
 127 S _   0.003 0.006 0.000 0.006 0.002 0.005 0.338 0.640 
 128 S _   0.004 0.007 0.000 0.007 0.002 0.006 0.336 0.639 
 129 H _   0.004 0.008 0.000 0.009 0.002 0.006 0.334 0.637 
 130 K _   0.004 0.009 0.000 0.012 0.003 0.007 0.331 0.634 
 131 K _   0.004 0.011 0.000 0.015 0.003 0.007 0.328 0.631 
 132 E _   0.004 0.012 0.000 0.017 0.003 0.008 0.325 0.629 
 133 R _   0.005 0.013 0.000 0.019 0.003 0.008 0.323 0.629 
 134 K _   0.004 0.014 0.000 0.019 0.003 0.008 0.321 0.631 
 135 V _   0.004 0.013 0.000 0.018 0.003 0.007 0.319 0.635 
 136 Y _   0.004 0.012 0.000 0.015 0.003 0.006 0.318 0.641 
 137 N _   0.004 0.011 0.000 0.012 0.002 0.006 0.316 0.649 
 138 D _   0.004 0.009 0.000 0.009 0.002 0.005 0.315 0.656 
 139 G _   0.004 0.008 0.000 0.007 0.001 0.004 0.313 0.663 
 140 Y _   0.003 0.007 0.000 0.005 0.001 0.004 0.310 0.670 
 141 D _   0.003 0.007 0.000 0.004 0.001 0.004 0.306 0.675 
 142 D _   0.003 0.007 0.000 0.004 0.001 0.004 0.301 0.680 
 143 D _   0.003 0.008 0.000 0.004 0.001 0.004 0.295 0.684 
 144 N _   0.003 0.010 0.000 0.005 0.002 0.005 0.287 0.687 
 145 Y _   0.004 0.014 0.000 0.007 0.002 0.006 0.277 0.689 
 146 D _   0.004 0.021 0.000 0.011 0.003 0.008 0.265 0.688 
 147 Y _   0.004 0.032 0.001 0.015 0.004 0.009 0.250 0.684 
 148 I _   0.004 0.047 0.001 0.020 0.005 0.011 0.235 0.678 
 149 V _   0.005 0.063 0.001 0.025 0.006 0.012 0.218 0.671 
 150 K _   0.004 0.078 0.001 0.029 0.006 0.013 0.203 0.666 
 151 N _   0.004 0.091 0.001 0.032 0.007 0.013 0.188 0.663 
 152 G _   0.004 0.102 0.001 0.033 0.007 0.013 0.176 0.663 
 153 E _   0.005 0.109 0.001 0.033 0.007 0.014 0.166 0.665 
 154 K _   0.005 0.114 0.001 0.032 0.007 0.013 0.157 0.670 
 155 W _   0.005 0.117 0.001 0.030 0.007 0.013 0.150 0.677 
 156 M _   0.005 0.118 0.001 0.027 0.007 0.013 0.143 0.686 
 157 D _   0.005 0.118 0.001 0.024 0.006 0.013 0.138 0.695 
 158 R _   0.005 0.117 0.001 0.021 0.006 0.013 0.133 0.705 
 159 Y _   0.006 0.115 0.001 0.019 0.006 0.013 0.128 0.713 
 160 E _   0.006 0.114 0.001 0.017 0.005 0.013 0.124 0.721 
 161 I _   0.007 0.113 0.001 0.016 0.005 0.013 0.119 0.726 
 162 D _   0.007 0.112 0.001 0.015 0.006 0.014 0.115 0.731 
 163 S _   0.008 0.111 0.001 0.015 0.006 0.014 0.111 0.733 
 164 L _   0.009 0.111 0.001 0.015 0.006 0.015 0.107 0.735 
 165 I _   0.010 0.112 0.001 0.017 0.007 0.016 0.104 0.734 
 166 G _   0.011 0.113 0.001 0.018 0.008 0.017 0.100 0.732 
 167 K _   0.012 0.113 0.001 0.021 0.009 0.018 0.096 0.730 
 168 G _   0.012 0.113 0.001 0.022 0.010 0.019 0.093 0.729 
 169 S _   0.013 0.112 0.001 0.024 0.010 0.019 0.091 0.730 
 170 F _   0.014 0.109 0.001 0.024 0.011 0.019 0.088 0.734 
 171 G _   0.014 0.104 0.001 0.024 0.010 0.018 0.087 0.742 
 172 Q _   0.014 0.097 0.001 0.022 0.009 0.018 0.085 0.754 
 173 V _   0.013 0.088 0.001 0.019 0.008 0.017 0.084 0.770 
 174 V _   0.013 0.077 0.001 0.016 0.007 0.016 0.082 0.788 
 175 K _   0.012 0.068 0.001 0.013 0.006 0.015 0.081 0.805 
 176 A _   0.012 0.059 0.001 0.010 0.005 0.015 0.080 0.819 
 177 Y _   0.012 0.053 0.001 0.008 0.005 0.014 0.078 0.829 
 178 D _   0.012 0.050 0.001 0.007 0.005 0.015 0.077 0.835 
 179 R _   0.012 0.048 0.001 0.008 0.005 0.015 0.075 0.836 
 180 V _   0.013 0.049 0.001 0.009 0.006 0.016 0.073 0.833 
 181 E _   0.014 0.052 0.001 0.012 0.007 0.018 0.071 0.826 
 182 Q _   0.015 0.056 0.001 0.016 0.009 0.019 0.069 0.816 
 183 E _   0.015 0.061 0.001 0.021 0.010 0.020 0.067 0.805 
 184 W _   0.015 0.064 0.001 0.025 0.011 0.020 0.065 0.797 
 185 V _   0.015 0.066 0.001 0.029 0.012 0.020 0.064 0.793 
 186 A _   0.015 0.066 0.001 0.030 0.012 0.020 0.062 0.794 
 187 I _   0.014 0.064 0.001 0.029 0.011 0.019 0.061 0.800 
 188 K _   0.014 0.060 0.001 0.026 0.010 0.018 0.061 0.811 
 189 I _   0.013 0.053 0.001 0.022 0.008 0.016 0.061 0.826 
 190 I _   0.013 0.044 0.001 0.017 0.007 0.015 0.060 0.843 
 191 K _   0.012 0.035 0.001 0.013 0.006 0.014 0.060 0.859 
 192 N _   0.012 0.027 0.001 0.009 0.004 0.014 0.060 0.873 
 193 K _   0.012 0.022 0.000 0.007 0.004 0.014 0.059 0.882 
 194 K _   0.012 0.019 0.000 0.005 0.003 0.014 0.059 0.886 
 195 A _   0.014 0.018 0.000 0.005 0.004 0.016 0.058 0.886 
 196 F _   0.016 0.019 0.000 0.005 0.005 0.018 0.057 0.880 
 197 L _   0.019 0.023 0.001 0.007 0.006 0.021 0.055 0.867 
 198 N _   0.023 0.030 0.001 0.011 0.009 0.025 0.054 0.848 
 199 Q _   0.027 0.042 0.001 0.017 0.013 0.029 0.052 0.819 
 200 A _   0.030 0.058 0.001 0.025 0.017 0.033 0.050 0.786 
 201 Q _   0.033 0.074 0.002 0.035 0.021 0.035 0.048 0.752 
 202 I _   0.035 0.088 0.002 0.044 0.024 0.036 0.046 0.725 
 203 E _   0.036 0.097 0.002 0.051 0.026 0.036 0.045 0.708 
 204 V _   0.035 0.100 0.002 0.055 0.025 0.035 0.044 0.704 
 205 R _   0.034 0.099 0.002 0.054 0.023 0.032 0.044 0.711 
 206 L _   0.032 0.094 0.002 0.049 0.020 0.029 0.044 0.731 
 207 L _   0.029 0.082 0.001 0.040 0.016 0.026 0.045 0.761 
 208 E _   0.025 0.065 0.001 0.030 0.012 0.022 0.045 0.799 
 209 L _   0.021 0.044 0.001 0.021 0.009 0.018 0.046 0.840 
 210 M _   0.018 0.026 0.001 0.013 0.006 0.015 0.046 0.876 
 211 N _   0.015 0.013 0.001 0.008 0.004 0.013 0.046 0.901 
 212 K _   0.013 0.006 0.000 0.005 0.003 0.011 0.045 0.916 
 213 H _   0.012 0.003 0.000 0.003 0.002 0.010 0.045 0.924 
 214 D _   0.011 0.002 0.000 0.003 0.002 0.010 0.044 0.927 
 215 T _   0.012 0.001 0.000 0.004 0.003 0.011 0.042 0.926 
 216 E _   0.014 0.001 0.000 0.005 0.003 0.013 0.041 0.922 
 217 M _   0.017 0.002 0.001 0.007 0.005 0.015 0.039 0.915 
 218 K _   0.021 0.002 0.001 0.010 0.006 0.018 0.037 0.905 
 219 Y _   0.026 0.003 0.001 0.013 0.008 0.021 0.035 0.894 
 220 Y _   0.032 0.003 0.001 0.015 0.010 0.023 0.033 0.883 
 221 I _   0.040 0.004 0.001 0.017 0.011 0.024 0.031 0.872 
 222 V _   0.051 0.003 0.001 0.016 0.012 0.025 0.029 0.862 
 223 H _   0.066 0.003 0.001 0.014 0.012 0.026 0.026 0.852 
 224 L _   0.085 0.002 0.001 0.011 0.012 0.025 0.024 0.839 
 225 K _   0.110 0.001 0.001 0.008 0.011 0.025 0.022 0.822 
 226 R _   0.142 0.001 0.001 0.005 0.010 0.024 0.020 0.798 
 227 H _   0.182 0.000 0.001 0.003 0.009 0.023 0.017 0.764 
 228 F _   0.234 0.000 0.001 0.002 0.009 0.022 0.015 0.717 
 229 M _   0.298 0.000 0.001 0.002 0.010 0.022 0.013 0.655 
 230 F _   0.378 0.000 0.001 0.001 0.012 0.022 0.010 0.576 
 231 R _   0.467 0.000 0.001 0.001 0.015 0.022 0.008 0.486 
 232 N H   0.558 0.000 0.001 0.001 0.018 0.022 0.007 0.393 
 233 H H   0.636 0.000 0.001 0.001 0.022 0.022 0.005 0.312 
 234 L H   0.696 0.000 0.001 0.002 0.024 0.021 0.005 0.251 
 235 C H   0.737 0.000 0.001 0.002 0.026 0.020 0.004 0.209 
 236 L H   0.759 0.000 0.001 0.002 0.027 0.019 0.004 0.187 
 237 V H   0.765 0.000 0.002 0.002 0.028 0.018 0.004 0.181 
 238 F H   0.754 0.000 0.002 0.003 0.027 0.018 0.005 0.192 
 239 E H   0.726 0.000 0.002 0.003 0.027 0.017 0.005 0.220 
 240 M H   0.680 0.000 0.002 0.003 0.025 0.017 0.006 0.268 
 241 L H   0.614 0.000 0.002 0.003 0.022 0.016 0.007 0.336 
 242 S H   0.531 0.000 0.002 0.003 0.018 0.016 0.008 0.423 
 243 Y _   0.438 0.000 0.001 0.003 0.014 0.015 0.010 0.520 
 244 N _   0.344 0.000 0.001 0.003 0.010 0.014 0.011 0.615 
 245 L _   0.259 0.000 0.001 0.003 0.008 0.013 0.013 0.702 
 246 Y _   0.191 0.000 0.001 0.003 0.006 0.013 0.015 0.771 
 247 D _   0.138 0.000 0.001 0.004 0.005 0.012 0.016 0.824 
 248 L _   0.098 0.000 0.001 0.004 0.004 0.012 0.017 0.865 
 249 L _   0.071 0.000 0.000 0.004 0.004 0.011 0.017 0.892 
 250 R _   0.052 0.000 0.000 0.004 0.004 0.011 0.018 0.910 
 251 N _   0.040 0.000 0.000 0.005 0.004 0.012 0.018 0.921 
 252 T _   0.033 0.000 0.000 0.005 0.004 0.012 0.018 0.927 
 253 N _   0.030 0.001 0.000 0.006 0.004 0.013 0.018 0.929 
 254 F _   0.029 0.001 0.001 0.007 0.005 0.014 0.018 0.927 
 255 R _   0.031 0.001 0.001 0.008 0.005 0.015 0.017 0.923 
 256 G _   0.035 0.001 0.001 0.008 0.006 0.016 0.017 0.916 
 257 V _   0.043 0.001 0.001 0.008 0.006 0.017 0.016 0.907 
 258 S _   0.054 0.001 0.001 0.008 0.007 0.018 0.016 0.895 
 259 L _   0.070 0.001 0.001 0.007 0.007 0.020 0.015 0.879 
 260 N _   0.092 0.000 0.001 0.006 0.008 0.021 0.014 0.858 
 261 L _   0.121 0.000 0.001 0.005 0.008 0.022 0.013 0.830 
 262 T _   0.157 0.000 0.001 0.004 0.009 0.023 0.012 0.794 
 263 R _   0.204 0.000 0.001 0.003 0.010 0.024 0.011 0.747 
 264 K _   0.259 0.000 0.001 0.002 0.011 0.025 0.010 0.691 
 265 F _   0.325 0.000 0.001 0.002 0.013 0.027 0.009 0.623 
 266 A _   0.395 0.000 0.001 0.002 0.017 0.028 0.008 0.549 
 267 Q _   0.467 0.000 0.001 0.002 0.020 0.029 0.007 0.473 
 268 Q H   0.531 0.000 0.001 0.002 0.024 0.029 0.007 0.405 
 269 M H   0.583 0.000 0.002 0.002 0.027 0.029 0.006 0.350 
 270 C H   0.623 0.000 0.002 0.002 0.030 0.029 0.006 0.308 
 271 T H   0.648 0.000 0.002 0.003 0.031 0.027 0.007 0.282 
 272 A H   0.659 0.000 0.002 0.003 0.031 0.026 0.007 0.271 
 273 L H   0.657 0.000 0.002 0.003 0.031 0.025 0.008 0.274 
 274 L H   0.642 0.000 0.002 0.003 0.030 0.024 0.009 0.291 
 275 F H   0.614 0.000 0.002 0.003 0.027 0.023 0.010 0.321 
 276 L H   0.572 0.000 0.002 0.003 0.024 0.022 0.012 0.366 
 277 A H   0.516 0.000 0.002 0.003 0.020 0.021 0.014 0.425 
 278 T _   0.450 0.000 0.001 0.003 0.017 0.020 0.016 0.492 
 279 P _   0.382 0.000 0.001 0.004 0.014 0.019 0.019 0.560 
 280 E _   0.312 0.000 0.001 0.004 0.012 0.018 0.023 0.630 
 281 L _   0.246 0.000 0.001 0.005 0.010 0.017 0.026 0.695 
 282 S _   0.189 0.000 0.001 0.006 0.008 0.016 0.029 0.751 
 283 I _   0.140 0.000 0.001 0.006 0.007 0.015 0.032 0.798 
 284 I _   0.101 0.000 0.001 0.007 0.006 0.013 0.034 0.837 
 285 H _   0.072 0.001 0.001 0.007 0.005 0.012 0.036 0.866 
 286 C _   0.050 0.001 0.001 0.007 0.004 0.011 0.038 0.888 
 287 D _   0.035 0.001 0.000 0.006 0.004 0.010 0.039 0.904 
 288 L _   0.025 0.001 0.000 0.006 0.003 0.009 0.040 0.915 
 289 K _   0.018 0.001 0.000 0.006 0.003 0.009 0.041 0.922 
 290 P _   0.014 0.001 0.000 0.006 0.003 0.008 0.041 0.926 
 291 E _   0.011 0.002 0.000 0.007 0.003 0.008 0.042 0.928 
 292 N _   0.009 0.002 0.000 0.007 0.003 0.008 0.042 0.929 
 293 I _   0.008 0.002 0.000 0.007 0.003 0.008 0.042 0.930 
 294 L _   0.008 0.003 0.000 0.007 0.003 0.008 0.041 0.930 
 295 L _   0.007 0.004 0.000 0.007 0.003 0.008 0.041 0.929 
 296 C _   0.007 0.005 0.000 0.007 0.003 0.009 0.040 0.929 
 297 N _   0.007 0.006 0.000 0.007 0.003 0.009 0.040 0.927 
 298 P _   0.007 0.008 0.000 0.008 0.004 0.010 0.039 0.924 
 299 K _   0.008 0.010 0.000 0.009 0.004 0.012 0.038 0.918 
 300 R _   0.009 0.014 0.001 0.011 0.005 0.014 0.037 0.909 
 301 S _   0.010 0.019 0.001 0.014 0.007 0.016 0.036 0.898 
 302 A _   0.011 0.024 0.001 0.018 0.008 0.018 0.035 0.885 
 303 I _   0.012 0.030 0.001 0.021 0.009 0.019 0.033 0.874 
 304 K _   0.013 0.035 0.001 0.024 0.010 0.021 0.032 0.863 
 305 I _   0.014 0.039 0.001 0.025 0.011 0.022 0.032 0.857 
 306 V _   0.015 0.041 0.001 0.025 0.011 0.022 0.031 0.854 
 307 D _   0.015 0.042 0.001 0.024 0.011 0.023 0.030 0.854 
 308 F _   0.016 0.041 0.001 0.021 0.011 0.023 0.030 0.857 
 309 G _   0.017 0.040 0.001 0.018 0.010 0.024 0.029 0.861 
 310 S _   0.018 0.038 0.001 0.015 0.010 0.024 0.029 0.865 
 311 S _   0.019 0.036 0.001 0.013 0.009 0.025 0.028 0.867 
 312 C _   0.021 0.035 0.001 0.012 0.010 0.026 0.028 0.867 
 313 Q _   0.023 0.035 0.001 0.012 0.010 0.027 0.028 0.863 
 314 L _   0.025 0.036 0.001 0.014 0.012 0.029 0.027 0.857 
 315 G _   0.027 0.038 0.001 0.016 0.013 0.030 0.027 0.848 
 316 Q _   0.029 0.040 0.001 0.019 0.015 0.031 0.027 0.839 
 317 R _   0.029 0.041 0.001 0.023 0.016 0.031 0.026 0.832 
 318 I _   0.029 0.042 0.001 0.025 0.016 0.031 0.026 0.829 
 319 Y _   0.028 0.041 0.001 0.026 0.016 0.029 0.026 0.831 
 320 Q _   0.027 0.038 0.001 0.026 0.015 0.028 0.027 0.838 
 321 Y _   0.025 0.034 0.001 0.023 0.014 0.026 0.027 0.850 
 322 I _   0.023 0.029 0.001 0.020 0.012 0.024 0.027 0.865 
 323 Q _   0.021 0.022 0.001 0.015 0.009 0.022 0.027 0.882 
 324 S _   0.019 0.016 0.001 0.012 0.008 0.020 0.028 0.897 
 325 R _   0.018 0.011 0.001 0.009 0.006 0.019 0.028 0.908 
 326 F _   0.017 0.008 0.001 0.007 0.006 0.018 0.028 0.916 
 327 Y _   0.017 0.006 0.001 0.007 0.005 0.018 0.027 0.918 
 328 R _   0.018 0.005 0.001 0.007 0.006 0.019 0.027 0.917 
 329 S _   0.020 0.005 0.001 0.009 0.007 0.020 0.027 0.912 
 330 P _   0.024 0.005 0.001 0.011 0.008 0.021 0.027 0.904 
 331 E _   0.029 0.005 0.001 0.013 0.009 0.023 0.026 0.894 
 332 V _   0.036 0.005 0.001 0.015 0.011 0.024 0.026 0.883 
 333 L _   0.045 0.005 0.001 0.016 0.012 0.025 0.025 0.871 
 334 L _   0.056 0.004 0.001 0.015 0.012 0.025 0.025 0.861 
 335 G _   0.070 0.003 0.001 0.013 0.012 0.025 0.025 0.852 
 336 M _   0.087 0.002 0.001 0.010 0.011 0.025 0.024 0.840 
 337 P _   0.109 0.001 0.001 0.007 0.010 0.025 0.024 0.823 
 338 Y _   0.138 0.000 0.001 0.004 0.009 0.025 0.023 0.799 
 339 D _   0.174 0.000 0.001 0.003 0.009 0.025 0.023 0.766 
 340 L _   0.220 0.000 0.001 0.002 0.009 0.026 0.022 0.720 
 341 A _   0.278 0.000 0.001 0.002 0.010 0.027 0.022 0.660 
 342 I _   0.343 0.000 0.001 0.002 0.013 0.029 0.021 0.590 
 343 D _   0.412 0.000 0.001 0.002 0.017 0.032 0.021 0.515 
 344 M H   0.478 0.000 0.001 0.002 0.023 0.034 0.021 0.441 
 345 W H   0.532 0.000 0.002 0.002 0.028 0.035 0.022 0.378 
 346 S H   0.571 0.000 0.002 0.003 0.034 0.036 0.024 0.330 
 347 L H   0.595 0.001 0.002 0.004 0.039 0.037 0.026 0.297 
 348 G H   0.604 0.001 0.002 0.005 0.043 0.037 0.028 0.280 
 349 C H   0.601 0.001 0.002 0.007 0.044 0.036 0.032 0.276 
 350 I H   0.583 0.002 0.002 0.008 0.044 0.035 0.037 0.288 
 351 L H   0.550 0.002 0.002 0.009 0.042 0.033 0.044 0.317 
 352 V H   0.500 0.002 0.003 0.010 0.038 0.031 0.052 0.363 
 353 E H   0.434 0.002 0.002 0.010 0.033 0.029 0.063 0.427 
 354 M _   0.359 0.001 0.002 0.010 0.026 0.026 0.074 0.501 
 355 H _   0.279 0.001 0.002 0.009 0.019 0.023 0.087 0.579 
 356 T _   0.208 0.001 0.001 0.008 0.014 0.020 0.100 0.649 
 357 G _   0.147 0.001 0.001 0.008 0.009 0.017 0.111 0.706 
 358 E _   0.099 0.001 0.001 0.007 0.007 0.014 0.122 0.749 
 359 P _   0.066 0.001 0.001 0.006 0.005 0.012 0.131 0.779 
 360 L _   0.043 0.001 0.001 0.006 0.004 0.010 0.139 0.798 
 361 F _   0.027 0.001 0.000 0.005 0.003 0.009 0.145 0.810 
 362 S _   0.018 0.001 0.000 0.005 0.003 0.008 0.150 0.816 
 363 G _   0.012 0.001 0.000 0.005 0.002 0.007 0.154 0.818 
 364 A _   0.009 0.001 0.000 0.005 0.002 0.007 0.158 0.818 
 365 N _   0.007 0.002 0.000 0.005 0.002 0.007 0.160 0.816 
 366 E _   0.007 0.003 0.000 0.005 0.002 0.008 0.163 0.811 
 367 V _   0.007 0.005 0.000 0.006 0.003 0.009 0.165 0.805 
 368 D _   0.008 0.009 0.000 0.007 0.003 0.011 0.167 0.795 
 369 Q _   0.009 0.014 0.001 0.009 0.005 0.013 0.169 0.781 
 370 M _   0.010 0.023 0.001 0.013 0.006 0.015 0.170 0.762 
 371 N _   0.011 0.034 0.001 0.018 0.008 0.018 0.172 0.738 
 372 K _   0.013 0.047 0.001 0.023 0.011 0.020 0.174 0.711 
 373 I _   0.014 0.060 0.001 0.029 0.013 0.023 0.177 0.684 
 374 V _   0.015 0.071 0.001 0.035 0.015 0.024 0.180 0.659 
 375 E _   0.016 0.079 0.001 0.039 0.016 0.025 0.184 0.640 
 376 V _   0.017 0.084 0.001 0.042 0.016 0.025 0.189 0.626 
 377 L _   0.017 0.086 0.001 0.042 0.016 0.024 0.195 0.618 
 378 G _   0.017 0.085 0.001 0.040 0.015 0.023 0.203 0.615 
 379 I _   0.016 0.081 0.001 0.037 0.014 0.021 0.212 0.616 
 380 P _   0.016 0.075 0.001 0.033 0.012 0.020 0.222 0.621 
 381 P _   0.015 0.067 0.001 0.028 0.010 0.018 0.233 0.628 
 382 A _   0.013 0.057 0.001 0.023 0.008 0.015 0.246 0.637 
 383 H _   0.012 0.046 0.001 0.017 0.006 0.013 0.257 0.646 
 384 I _   0.011 0.036 0.001 0.013 0.005 0.012 0.269 0.654 
 385 L _   0.009 0.029 0.001 0.010 0.004 0.010 0.279 0.659 
 386 D _   0.008 0.023 0.000 0.008 0.003 0.009 0.287 0.662 
 387 Q _   0.007 0.019 0.000 0.006 0.002 0.008 0.295 0.663 
 388 A _   0.006 0.017 0.000 0.006 0.002 0.007 0.301 0.660 
 389 P _   0.006 0.016 0.000 0.006 0.002 0.007 0.306 0.656 
 390 K _   0.006 0.016 0.000 0.007 0.002 0.008 0.311 0.650 
 391 A _   0.006 0.016 0.000 0.008 0.003 0.008 0.316 0.641 
 392 R _   0.007 0.017 0.000 0.011 0.003 0.009 0.321 0.632 
 393 K _   0.007 0.018 0.000 0.013 0.004 0.009 0.326 0.622 
 394 F _   0.007 0.019 0.001 0.015 0.004 0.009 0.332 0.613 
 395 F _   0.007 0.019 0.001 0.016 0.004 0.009 0.338 0.606 
 396 E _   0.007 0.019 0.001 0.017 0.004 0.009 0.344 0.599 
 397 K _   0.007 0.018 0.000 0.016 0.004 0.009 0.351 0.594 
 398 L _   0.006 0.016 0.000 0.015 0.004 0.008 0.359 0.591 
 399 P _   0.006 0.014 0.000 0.013 0.003 0.008 0.367 0.588 
 400 D _   0.006 0.012 0.000 0.011 0.003 0.007 0.375 0.585 
 401 G _   0.006 0.010 0.000 0.009 0.002 0.006 0.383 0.583 
 402 T _   0.006 0.008 0.000 0.008 0.002 0.006 0.390 0.581 
 403 W _   0.006 0.006 0.000 0.006 0.002 0.005 0.395 0.580 
 404 N _   0.005 0.005 0.000 0.005 0.001 0.005 0.400 0.578 
 405 L _   0.005 0.004 0.000 0.005 0.001 0.004 0.403 0.577 
 406 K _   0.005 0.004 0.000 0.004 0.001 0.004 0.405 0.577 
 407 K _   0.004 0.003 0.000 0.004 0.001 0.004 0.406 0.577 
 408 T _   0.004 0.003 0.000 0.004 0.001 0.004 0.406 0.578 
 409 K _   0.004 0.003 0.000 0.004 0.001 0.004 0.405 0.579 
 410 D _   0.004 0.004 0.000 0.004 0.001 0.004 0.402 0.581 
 411 G _   0.003 0.005 0.000 0.004 0.001 0.004 0.399 0.584 
 412 K _   0.003 0.006 0.000 0.004 0.001 0.005 0.393 0.586 
 413 R _   0.003 0.009 0.000 0.005 0.001 0.005 0.387 0.589 
 414 E _   0.003 0.013 0.000 0.006 0.002 0.006 0.378 0.591 
 415 Y _   0.004 0.019 0.000 0.008 0.002 0.008 0.368 0.592 
 416 K _   0.004 0.029 0.000 0.010 0.003 0.009 0.355 0.589 
 417 P _   0.005 0.046 0.001 0.013 0.004 0.012 0.338 0.582 
 418 P _   0.006 0.071 0.001 0.017 0.006 0.014 0.319 0.566 
 419 G _   0.007 0.107 0.001 0.022 0.008 0.017 0.297 0.541 
 420 T _   0.008 0.156 0.001 0.028 0.011 0.019 0.273 0.505 
 421 R _   0.008 0.213 0.002 0.035 0.013 0.020 0.249 0.460 
 422 K _   0.008 0.272 0.002 0.041 0.015 0.021 0.227 0.414 
 423 L _   0.008 0.323 0.002 0.047 0.016 0.021 0.209 0.376 
 424 H E   0.007 0.363 0.002 0.051 0.016 0.020 0.194 0.347 
 425 N E   0.007 0.390 0.001 0.054 0.015 0.019 0.184 0.329 
 426 I E   0.007 0.406 0.001 0.055 0.014 0.018 0.177 0.322 
 427 L E   0.007 0.412 0.001 0.054 0.013 0.017 0.171 0.324 
 428 G E   0.007 0.412 0.001 0.051 0.012 0.015 0.168 0.334 
 429 V E   0.007 0.405 0.001 0.046 0.011 0.014 0.165 0.351 
 430 E E   0.007 0.389 0.001 0.039 0.009 0.013 0.164 0.378 
 431 T _   0.007 0.363 0.001 0.031 0.008 0.012 0.163 0.415 
 432 G _   0.007 0.331 0.001 0.023 0.006 0.011 0.162 0.458 
 433 G _   0.007 0.300 0.001 0.017 0.005 0.010 0.161 0.500 
 434 P _   0.006 0.274 0.001 0.012 0.004 0.009 0.161 0.534 
 435 G _   0.006 0.257 0.000 0.009 0.003 0.008 0.159 0.558 
 436 G _   0.005 0.248 0.000 0.007 0.002 0.008 0.157 0.572 
 437 R _   0.005 0.244 0.000 0.006 0.002 0.008 0.154 0.580 
 438 R _   0.005 0.245 0.000 0.007 0.002 0.008 0.151 0.581 
 439 A _   0.005 0.251 0.000 0.008 0.003 0.009 0.147 0.578 
 440 G _   0.005 0.261 0.000 0.010 0.004 0.010 0.142 0.569 
 441 E _   0.005 0.277 0.001 0.013 0.004 0.011 0.136 0.554 
 442 S _   0.005 0.298 0.001 0.016 0.005 0.012 0.130 0.534 
 443 G _   0.005 0.321 0.001 0.018 0.006 0.012 0.123 0.513 
 444 H _   0.005 0.344 0.001 0.020 0.007 0.013 0.117 0.493 
 445 T _   0.005 0.364 0.001 0.022 0.007 0.013 0.112 0.476 
 446 V _   0.005 0.381 0.001 0.023 0.007 0.014 0.108 0.462 
 447 A _   0.005 0.394 0.001 0.023 0.008 0.015 0.104 0.451 
 448 D _   0.006 0.403 0.001 0.023 0.008 0.015 0.101 0.443 
 449 Y _   0.006 0.410 0.001 0.023 0.009 0.016 0.098 0.436 
 450 L _   0.007 0.416 0.001 0.024 0.009 0.017 0.096 0.430 
 451 K _   0.008 0.420 0.001 0.025 0.010 0.017 0.094 0.425 
 452 F E   0.009 0.422 0.001 0.027 0.011 0.018 0.093 0.420 
 453 K E   0.010 0.423 0.001 0.029 0.012 0.018 0.092 0.416 
 454 D E   0.011 0.420 0.001 0.032 0.012 0.018 0.092 0.414 
 455 L _   0.012 0.414 0.001 0.034 0.012 0.018 0.092 0.417 
 456 I _   0.013 0.402 0.001 0.035 0.012 0.017 0.093 0.426 
 457 L _   0.014 0.381 0.001 0.035 0.012 0.017 0.094 0.446 
 458 R _   0.014 0.345 0.001 0.033 0.012 0.016 0.097 0.481 
 459 M _   0.015 0.292 0.002 0.030 0.011 0.016 0.100 0.534 
 460 L _   0.015 0.224 0.002 0.025 0.010 0.015 0.105 0.605 
 461 D _   0.015 0.154 0.001 0.018 0.008 0.014 0.109 0.681 
 462 Y _   0.014 0.098 0.001 0.012 0.006 0.013 0.113 0.744 
 463 D _   0.012 0.065 0.001 0.007 0.004 0.012 0.115 0.784 
 464 P _   0.011 0.051 0.000 0.004 0.003 0.012 0.116 0.803 
 465 K _   0.010 0.046 0.000 0.003 0.002 0.012 0.117 0.809 
 466 T _   0.011 0.046 0.000 0.004 0.003 0.013 0.116 0.807 
 467 R _   0.012 0.050 0.000 0.006 0.004 0.016 0.115 0.797 
 468 I _   0.014 0.062 0.001 0.010 0.006 0.019 0.114 0.774 
 469 Q _   0.015 0.089 0.001 0.017 0.010 0.022 0.111 0.735 
 470 P _   0.015 0.128 0.001 0.027 0.013 0.024 0.108 0.683 
 471 Y _   0.015 0.171 0.002 0.037 0.015 0.025 0.105 0.632 
 472 Y _   0.014 0.204 0.001 0.045 0.016 0.024 0.103 0.593 
 473 A _   0.012 0.226 0.001 0.051 0.016 0.023 0.101 0.569 
 474 L _   0.011 0.237 0.001 0.054 0.015 0.022 0.101 0.558 
 475 Q _   0.011 0.242 0.001 0.054 0.014 0.020 0.101 0.557 
 476 H _   0.010 0.240 0.001 0.051 0.013 0.019 0.101 0.565 
 477 S _   0.009 0.233 0.001 0.046 0.011 0.017 0.103 0.580 
 478 F _   0.009 0.220 0.001 0.039 0.009 0.015 0.105 0.602 
 479 F _   0.008 0.200 0.001 0.032 0.008 0.013 0.108 0.629 
 480 K _   0.008 0.177 0.001 0.025 0.006 0.012 0.111 0.660 
 481 K _   0.008 0.153 0.001 0.020 0.005 0.010 0.114 0.690 
 482 T _   0.007 0.131 0.001 0.015 0.004 0.009 0.116 0.716 
 483 A _   0.007 0.114 0.000 0.012 0.003 0.008 0.119 0.737 
 484 D _   0.006 0.102 0.000 0.009 0.002 0.007 0.120 0.752 
 485 E _   0.006 0.094 0.000 0.007 0.002 0.007 0.121 0.763 
 486 G _   0.005 0.090 0.000 0.006 0.002 0.006 0.121 0.770 
 487 T _   0.005 0.088 0.000 0.006 0.002 0.006 0.120 0.774 
 488 N _   0.004 0.088 0.000 0.006 0.002 0.006 0.119 0.775 
 489 T _   0.004 0.090 0.000 0.007 0.002 0.006 0.117 0.774 
 490 S _   0.004 0.095 0.000 0.008 0.002 0.007 0.114 0.768 
 491 N _   0.004 0.104 0.000 0.011 0.003 0.008 0.111 0.758 
 492 S _   0.004 0.118 0.000 0.014 0.004 0.009 0.107 0.744 
 493 V _   0.005 0.136 0.001 0.019 0.005 0.010 0.102 0.723 
 494 S _   0.005 0.157 0.001 0.023 0.005 0.011 0.098 0.701 
 495 T _   0.005 0.176 0.001 0.028 0.006 0.011 0.093 0.680 
 496 S _   0.005 0.193 0.001 0.031 0.006 0.011 0.090 0.663 
 497 P _   0.004 0.205 0.001 0.033 0.006 0.011 0.087 0.652 
 498 A _   0.004 0.213 0.001 0.033 0.006 0.010 0.085 0.648 
 499 M _   0.004 0.216 0.001 0.032 0.006 0.010 0.083 0.649 
 500 E _   0.004 0.217 0.001 0.028 0.005 0.009 0.082 0.654 
 501 Q _   0.004 0.214 0.001 0.024 0.004 0.008 0.081 0.663 
 502 S _   0.004 0.210 0.000 0.020 0.004 0.008 0.081 0.674 
 503 Q _   0.004 0.205 0.000 0.016 0.003 0.007 0.080 0.684 
 504 S _   0.004 0.200 0.000 0.013 0.003 0.007 0.080 0.694 
 505 S _   0.003 0.197 0.000 0.011 0.002 0.006 0.079 0.700 
 506 G _   0.003 0.196 0.000 0.010 0.002 0.006 0.078 0.703 
 507 T _   0.003 0.198 0.000 0.010 0.002 0.006 0.077 0.703 
 508 T _   0.003 0.203 0.000 0.011 0.002 0.007 0.075 0.698 
 509 S _   0.003 0.212 0.000 0.013 0.003 0.007 0.073 0.689 
 510 S _   0.003 0.224 0.000 0.016 0.003 0.008 0.070 0.674 
 511 T _   0.004 0.240 0.001 0.020 0.004 0.008 0.067 0.656 
 512 S _   0.003 0.257 0.001 0.025 0.005 0.009 0.064 0.637 
 513 S _   0.003 0.273 0.001 0.029 0.005 0.009 0.061 0.618 
 514 S _   0.003 0.286 0.001 0.033 0.005 0.009 0.059 0.603 
 515 S _   0.003 0.296 0.001 0.035 0.006 0.009 0.057 0.593 
 516 G _   0.003 0.300 0.001 0.037 0.006 0.009 0.056 0.588 
 517 G _   0.003 0.301 0.001 0.036 0.006 0.009 0.056 0.589 
 518 S _   0.003 0.298 0.001 0.035 0.005 0.009 0.056 0.593 
 519 S _   0.004 0.290 0.001 0.033 0.005 0.009 0.057 0.603 
 520 G _   0.004 0.278 0.001 0.030 0.005 0.008 0.058 0.617 
 521 T _   0.004 0.261 0.001 0.027 0.005 0.008 0.059 0.635 
 522 S _   0.004 0.242 0.001 0.024 0.004 0.008 0.062 0.655 
 523 N _   0.004 0.221 0.001 0.022 0.004 0.009 0.064 0.675 
 524 S _   0.005 0.200 0.001 0.019 0.004 0.009 0.067 0.696 
 525 G _   0.005 0.180 0.001 0.017 0.004 0.009 0.070 0.716 
 526 R _   0.005 0.162 0.000 0.016 0.003 0.008 0.072 0.733 
 527 A _   0.005 0.145 0.000 0.014 0.003 0.008 0.075 0.749 
 528 R _   0.005 0.131 0.000 0.013 0.003 0.008 0.077 0.763 
 529 S _   0.005 0.119 0.000 0.011 0.003 0.008 0.079 0.775 
 530 D _   0.005 0.109 0.000 0.010 0.002 0.008 0.080 0.786 
 531 P _   0.004 0.102 0.000 0.008 0.002 0.007 0.081 0.794 
 532 T _   0.004 0.097 0.000 0.007 0.002 0.007 0.082 0.800 
 533 H _   0.004 0.094 0.000 0.006 0.002 0.008 0.082 0.804 
 534 Q _   0.004 0.093 0.000 0.006 0.002 0.008 0.082 0.805 
 535 H _   0.005 0.095 0.000 0.006 0.002 0.010 0.081 0.801 
 536 R _   0.005 0.101 0.000 0.008 0.003 0.012 0.079 0.792 
 537 H _   0.007 0.114 0.001 0.011 0.004 0.014 0.077 0.772 
 538 S _   0.008 0.140 0.001 0.016 0.007 0.018 0.074 0.736 
 539 G _   0.010 0.184 0.001 0.024 0.011 0.022 0.069 0.679 
 540 G _   0.011 0.246 0.002 0.034 0.015 0.025 0.064 0.603 
 541 H _   0.012 0.312 0.002 0.044 0.018 0.027 0.060 0.526 
 542 F _   0.012 0.365 0.002 0.053 0.020 0.027 0.056 0.465 
 543 T _   0.012 0.399 0.002 0.061 0.020 0.027 0.054 0.426 
 544 A E   0.012 0.418 0.001 0.065 0.020 0.026 0.053 0.405 
 545 A E   0.013 0.425 0.001 0.066 0.019 0.025 0.052 0.398 
 546 V E   0.013 0.423 0.001 0.063 0.018 0.023 0.053 0.405 
 547 Q _   0.013 0.411 0.001 0.058 0.017 0.022 0.054 0.424 
 548 A _   0.014 0.386 0.002 0.050 0.016 0.020 0.055 0.458 
 549 M _   0.014 0.345 0.002 0.040 0.014 0.019 0.058 0.509 
 550 D _   0.015 0.286 0.002 0.031 0.012 0.017 0.062 0.575 
 551 C _   0.015 0.224 0.001 0.023 0.010 0.016 0.065 0.646 
 552 E _   0.014 0.170 0.001 0.017 0.007 0.015 0.069 0.707 
 553 T _   0.013 0.133 0.001 0.012 0.005 0.013 0.072 0.751 
 554 H _   0.011 0.111 0.001 0.009 0.004 0.012 0.074 0.778 
 555 S _   0.010 0.100 0.000 0.007 0.003 0.011 0.075 0.793 
 556 P _   0.009 0.095 0.000 0.007 0.003 0.010 0.076 0.800 
 557 Q _   0.009 0.092 0.000 0.007 0.003 0.010 0.076 0.803 
 558 V _   0.008 0.092 0.000 0.008 0.003 0.010 0.076 0.802 
 559 R _   0.008 0.094 0.000 0.010 0.004 0.010 0.076 0.799 
 560 Q _   0.007 0.097 0.000 0.011 0.004 0.010 0.075 0.795 
 561 Q _   0.007 0.100 0.001 0.012 0.004 0.010 0.075 0.791 
 562 F _   0.006 0.103 0.001 0.013 0.004 0.010 0.074 0.788 
 563 P _   0.006 0.107 0.001 0.014 0.004 0.010 0.073 0.786 
 564 A _   0.006 0.110 0.001 0.014 0.004 0.010 0.073 0.783 
 565 P _   0.006 0.112 0.001 0.013 0.004 0.010 0.072 0.782 
 566 L _   0.006 0.115 0.001 0.013 0.004 0.010 0.072 0.780 
 567 G _   0.006 0.118 0.001 0.012 0.004 0.010 0.072 0.778 
 568 W _   0.006 0.121 0.001 0.012 0.004 0.010 0.071 0.775 
 569 S _   0.006 0.124 0.001 0.012 0.005 0.011 0.071 0.771 
 570 G _   0.007 0.128 0.001 0.013 0.005 0.011 0.071 0.765 
 571 T _   0.007 0.133 0.001 0.013 0.005 0.012 0.071 0.759 
 572 E _   0.008 0.138 0.001 0.014 0.006 0.012 0.071 0.751 
 573 A _   0.008 0.144 0.001 0.015 0.006 0.013 0.071 0.744 
 574 P _   0.008 0.149 0.001 0.015 0.006 0.014 0.071 0.736 
 575 T _   0.009 0.155 0.001 0.015 0.006 0.014 0.071 0.729 
 576 Q _   0.009 0.160 0.001 0.016 0.007 0.015 0.071 0.722 
 577 V _   0.009 0.165 0.001 0.016 0.007 0.015 0.071 0.715 
 578 T _   0.009 0.170 0.001 0.016 0.007 0.016 0.072 0.710 
 579 V _   0.010 0.175 0.001 0.016 0.007 0.016 0.072 0.704 
 580 E _   0.010 0.179 0.001 0.016 0.007 0.017 0.073 0.697 
 581 T _   0.010 0.184 0.001 0.016 0.008 0.017 0.074 0.691 
 582 H _   0.011 0.189 0.001 0.017 0.008 0.018 0.075 0.683 
 583 P _   0.011 0.194 0.001 0.018 0.009 0.018 0.076 0.673 
 584 V _   0.011 0.200 0.001 0.020 0.009 0.018 0.077 0.664 
 585 Q _   0.012 0.205 0.001 0.022 0.010 0.018 0.078 0.654 
 586 E _   0.012 0.210 0.001 0.024 0.010 0.018 0.080 0.646 
 587 T _   0.011 0.213 0.001 0.026 0.010 0.018 0.082 0.639 
 588 T _   0.011 0.214 0.001 0.028 0.010 0.018 0.084 0.634 
 589 F _   0.011 0.212 0.001 0.029 0.010 0.017 0.087 0.633 
 590 H _   0.010 0.208 0.001 0.030 0.010 0.016 0.090 0.635 
 591 V _   0.010 0.201 0.001 0.029 0.009 0.015 0.093 0.641 
 592 A _   0.009 0.191 0.001 0.028 0.008 0.014 0.097 0.651 
 593 P _   0.009 0.177 0.001 0.026 0.007 0.013 0.102 0.664 
 594 Q _   0.009 0.161 0.001 0.023 0.007 0.012 0.107 0.680 
 595 Q _   0.009 0.142 0.001 0.021 0.006 0.011 0.113 0.698 
 596 N _   0.008 0.123 0.001 0.019 0.005 0.010 0.118 0.716 
 597 A _   0.008 0.104 0.001 0.016 0.004 0.010 0.124 0.733 
 598 L _   0.007 0.087 0.001 0.014 0.004 0.009 0.129 0.749 
 599 H _   0.007 0.073 0.000 0.012 0.003 0.008 0.133 0.763 
 600 H _   0.007 0.061 0.000 0.010 0.003 0.007 0.137 0.774 
 601 H _   0.006 0.052 0.000 0.009 0.002 0.007 0.140 0.783 
 602 H _   0.006 0.046 0.000 0.008 0.002 0.006 0.143 0.790 
 603 G _   0.005 0.041 0.000 0.007 0.002 0.006 0.144 0.795 
 604 N _   0.005 0.038 0.000 0.006 0.002 0.006 0.145 0.797 
 605 S _   0.005 0.036 0.000 0.006 0.002 0.006 0.146 0.799 
 606 S _   0.005 0.036 0.000 0.006 0.002 0.006 0.146 0.800 
 607 H _   0.005 0.036 0.000 0.006 0.002 0.006 0.145 0.800 
 608 H _   0.005 0.037 0.000 0.007 0.002 0.006 0.144 0.799 
 609 H _   0.005 0.039 0.000 0.008 0.002 0.007 0.142 0.797 
 610 H _   0.005 0.043 0.000 0.008 0.002 0.007 0.140 0.795 
 611 H _   0.004 0.047 0.000 0.009 0.002 0.007 0.137 0.792 
 612 H _   0.004 0.053 0.000 0.010 0.002 0.008 0.134 0.788 
 613 H _   0.004 0.061 0.000 0.011 0.003 0.008 0.130 0.782 
 614 H _   0.004 0.071 0.000 0.012 0.003 0.009 0.126 0.775 
 615 H _   0.004 0.082 0.000 0.014 0.003 0.009 0.121 0.765 
 616 H _   0.004 0.097 0.001 0.015 0.004 0.010 0.117 0.753 
 617 H _   0.004 0.113 0.001 0.018 0.004 0.010 0.112 0.739 
 618 H _   0.004 0.131 0.001 0.020 0.005 0.010 0.107 0.723 
 619 H _   0.004 0.149 0.001 0.021 0.005 0.010 0.102 0.707 
 620 G _   0.004 0.166 0.001 0.023 0.005 0.011 0.098 0.691 
 621 Q _   0.005 0.181 0.001 0.025 0.006 0.011 0.094 0.678 
 622 Q _   0.005 0.194 0.001 0.026 0.006 0.011 0.091 0.667 
 623 A _   0.005 0.204 0.001 0.027 0.006 0.011 0.089 0.658 
 624 L _   0.005 0.212 0.001 0.027 0.006 0.011 0.087 0.652 
 625 G _   0.005 0.216 0.001 0.027 0.006 0.011 0.085 0.649 
 626 N _   0.005 0.219 0.001 0.026 0.006 0.010 0.084 0.648 
 627 R _   0.006 0.220 0.001 0.025 0.006 0.010 0.083 0.650 
 628 T _   0.006 0.218 0.001 0.024 0.005 0.010 0.083 0.653 
 629 R _   0.006 0.215 0.001 0.022 0.005 0.009 0.083 0.659 
 630 P _   0.006 0.210 0.001 0.020 0.005 0.009 0.083 0.666 
 631 R _   0.006 0.204 0.001 0.018 0.004 0.009 0.084 0.675 
 632 V _   0.006 0.196 0.000 0.016 0.004 0.008 0.084 0.686 
 633 Y _   0.006 0.188 0.000 0.013 0.003 0.008 0.085 0.697 
 634 N _   0.005 0.181 0.000 0.011 0.003 0.007 0.085 0.708 
 635 S _   0.005 0.175 0.000 0.009 0.002 0.007 0.085 0.716 
 636 P _   0.005 0.172 0.000 0.008 0.002 0.006 0.084 0.723 
 637 T _   0.004 0.171 0.000 0.007 0.002 0.006 0.083 0.726 
 638 N _   0.004 0.173 0.000 0.007 0.002 0.007 0.081 0.726 
 639 S _   0.004 0.178 0.000 0.008 0.002 0.007 0.079 0.721 
 640 S _   0.004 0.189 0.000 0.010 0.003 0.008 0.076 0.709 
 641 S _   0.005 0.208 0.000 0.013 0.004 0.009 0.072 0.689 
 642 T _   0.005 0.238 0.001 0.017 0.005 0.010 0.067 0.657 
 643 Q _   0.005 0.279 0.001 0.021 0.006 0.011 0.061 0.616 
 644 D _   0.005 0.327 0.001 0.025 0.007 0.011 0.055 0.571 
 645 S _   0.004 0.375 0.001 0.027 0.007 0.011 0.049 0.527 
 646 M _   0.004 0.418 0.001 0.027 0.006 0.010 0.044 0.490 
 647 E _   0.003 0.453 0.001 0.027 0.006 0.009 0.039 0.462 
 648 V E   0.003 0.480 0.001 0.025 0.005 0.009 0.036 0.441 
 649 G E   0.003 0.501 0.001 0.024 0.005 0.008 0.033 0.426 
 650 H E   0.003 0.518 0.001 0.022 0.005 0.007 0.031 0.414 
 651 S E   0.002 0.532 0.001 0.020 0.004 0.007 0.029 0.404 
 652 H E   0.002 0.543 0.000 0.019 0.004 0.007 0.028 0.396 
 653 H E   0.002 0.553 0.000 0.018 0.004 0.007 0.026 0.389 
 654 S E   0.003 0.561 0.000 0.018 0.004 0.007 0.025 0.383 
 655 M E   0.003 0.568 0.000 0.018 0.004 0.006 0.024 0.377 
 656 T E   0.003 0.573 0.000 0.017 0.004 0.006 0.024 0.373 
 657 S E   0.003 0.576 0.000 0.017 0.004 0.006 0.023 0.371 
 658 L E   0.003 0.577 0.000 0.017 0.004 0.006 0.023 0.371 
 659 S E   0.003 0.576 0.000 0.016 0.003 0.006 0.022 0.373 
 660 S E   0.003 0.574 0.000 0.015 0.003 0.006 0.022 0.376 
 661 S E   0.003 0.569 0.000 0.015 0.003 0.006 0.022 0.382 
 662 T E   0.003 0.563 0.000 0.014 0.003 0.006 0.022 0.389 
 663 T E   0.003 0.556 0.000 0.014 0.003 0.006 0.022 0.396 
