#TopoPred_TM8: 8-state transmembrane topology prediction results by no_profile mode 
#probabilities are in the order of H E C I L F X _, the 8 transmembrane topology types used in PDBTM 
   1 M X   0.022 0.001 0.003 0.048 0.013 0.021 0.625 0.268 
   2 G X   0.012 0.000 0.000 0.032 0.003 0.017 0.639 0.296 
   3 H X   0.008 0.000 0.000 0.023 0.002 0.016 0.640 0.311 
   4 A X   0.010 0.001 0.000 0.018 0.003 0.020 0.633 0.315 
   5 L X   0.017 0.001 0.000 0.018 0.005 0.026 0.617 0.316 
   6 C X   0.025 0.003 0.001 0.018 0.009 0.033 0.593 0.318 
   7 V X   0.035 0.005 0.001 0.021 0.013 0.038 0.568 0.318 
   8 C X   0.042 0.009 0.001 0.026 0.017 0.041 0.542 0.322 
   9 S X   0.046 0.014 0.002 0.031 0.020 0.042 0.516 0.330 
  10 R X   0.046 0.017 0.002 0.035 0.022 0.041 0.493 0.344 
  11 G X   0.044 0.019 0.002 0.036 0.023 0.039 0.474 0.365 
  12 T X   0.041 0.019 0.002 0.033 0.022 0.036 0.457 0.392 
  13 V X   0.037 0.018 0.002 0.028 0.019 0.032 0.442 0.422 
  14 I _   0.033 0.016 0.001 0.022 0.015 0.029 0.430 0.454 
  15 I _   0.029 0.014 0.001 0.017 0.012 0.026 0.418 0.484 
  16 D _   0.025 0.012 0.001 0.012 0.009 0.023 0.408 0.511 
  17 N _   0.022 0.010 0.001 0.009 0.007 0.020 0.398 0.533 
  18 K _   0.019 0.009 0.001 0.008 0.006 0.018 0.389 0.550 
  19 R _   0.017 0.009 0.001 0.007 0.005 0.017 0.379 0.565 
  20 Y _   0.015 0.009 0.001 0.008 0.005 0.016 0.370 0.576 
  21 L _   0.013 0.010 0.001 0.009 0.006 0.016 0.360 0.585 
  22 F _   0.012 0.012 0.001 0.010 0.006 0.016 0.350 0.593 
  23 I _   0.012 0.014 0.001 0.011 0.006 0.015 0.340 0.600 
  24 Q _   0.011 0.016 0.001 0.013 0.006 0.015 0.330 0.607 
  25 K _   0.011 0.019 0.001 0.014 0.007 0.015 0.321 0.614 
  26 L _   0.010 0.021 0.001 0.014 0.007 0.015 0.312 0.621 
  27 G _   0.010 0.023 0.001 0.014 0.007 0.014 0.303 0.629 
  28 E _   0.010 0.024 0.001 0.014 0.007 0.014 0.294 0.636 
  29 G _   0.010 0.026 0.001 0.014 0.007 0.014 0.287 0.642 
  30 G _   0.010 0.028 0.001 0.014 0.007 0.014 0.279 0.647 
  31 F _   0.010 0.030 0.001 0.014 0.007 0.015 0.273 0.651 
  32 S _   0.010 0.031 0.001 0.015 0.007 0.015 0.266 0.655 
  33 Y _   0.010 0.033 0.001 0.016 0.007 0.015 0.260 0.658 
  34 V _   0.010 0.035 0.001 0.017 0.007 0.015 0.255 0.661 
  35 D _   0.010 0.036 0.001 0.017 0.007 0.015 0.250 0.666 
  36 L _   0.010 0.036 0.001 0.016 0.006 0.015 0.245 0.672 
  37 V _   0.010 0.036 0.001 0.014 0.006 0.014 0.240 0.679 
  38 E _   0.010 0.036 0.001 0.012 0.005 0.014 0.236 0.687 
  39 G _   0.010 0.036 0.001 0.010 0.005 0.014 0.231 0.694 
  40 L _   0.010 0.036 0.001 0.008 0.005 0.015 0.226 0.699 
  41 H _   0.011 0.037 0.001 0.008 0.005 0.017 0.221 0.701 
  42 D _   0.013 0.040 0.001 0.009 0.006 0.019 0.215 0.698 
  43 G _   0.015 0.046 0.001 0.011 0.008 0.022 0.209 0.688 
  44 H _   0.018 0.058 0.001 0.015 0.011 0.025 0.203 0.669 
  45 F _   0.021 0.075 0.001 0.023 0.015 0.028 0.196 0.641 
  46 Y _   0.022 0.096 0.002 0.033 0.019 0.029 0.189 0.609 
  47 A _   0.024 0.115 0.002 0.044 0.021 0.030 0.183 0.582 
  48 L _   0.024 0.127 0.002 0.052 0.021 0.030 0.179 0.565 
  49 K _   0.024 0.133 0.002 0.056 0.021 0.028 0.176 0.561 
  50 R _   0.023 0.133 0.001 0.056 0.019 0.026 0.174 0.568 
  51 I _   0.021 0.127 0.001 0.051 0.016 0.023 0.174 0.587 
  52 L _   0.019 0.115 0.001 0.043 0.013 0.020 0.174 0.616 
  53 C _   0.017 0.095 0.001 0.032 0.010 0.017 0.174 0.654 
  54 H _   0.014 0.070 0.001 0.022 0.007 0.014 0.175 0.696 
  55 E _   0.012 0.045 0.001 0.015 0.005 0.011 0.176 0.735 
  56 Q _   0.010 0.026 0.000 0.009 0.003 0.009 0.176 0.766 
  57 Q _   0.008 0.015 0.000 0.006 0.002 0.008 0.176 0.785 
  58 D _   0.007 0.009 0.000 0.004 0.002 0.007 0.175 0.797 
  59 R _   0.006 0.006 0.000 0.004 0.002 0.006 0.173 0.803 
  60 E _   0.005 0.005 0.000 0.004 0.002 0.007 0.170 0.807 
  61 E _   0.005 0.005 0.000 0.005 0.002 0.007 0.167 0.808 
  62 A _   0.006 0.005 0.000 0.007 0.002 0.008 0.163 0.808 
  63 Q _   0.006 0.006 0.000 0.009 0.003 0.009 0.159 0.808 
  64 R _   0.006 0.007 0.000 0.012 0.004 0.011 0.154 0.806 
  65 E _   0.006 0.007 0.001 0.015 0.005 0.012 0.149 0.806 
  66 A _   0.007 0.008 0.001 0.017 0.005 0.013 0.144 0.807 
  67 D _   0.007 0.008 0.001 0.017 0.006 0.014 0.139 0.809 
  68 M _   0.008 0.007 0.001 0.016 0.006 0.015 0.135 0.813 
  69 H _   0.009 0.006 0.001 0.014 0.006 0.016 0.131 0.818 
  70 R _   0.011 0.005 0.001 0.012 0.005 0.017 0.127 0.822 
  71 L _   0.014 0.004 0.001 0.009 0.005 0.019 0.124 0.825 
  72 F _   0.020 0.003 0.001 0.007 0.006 0.022 0.120 0.823 
  73 N _   0.027 0.002 0.001 0.006 0.006 0.025 0.116 0.817 
  74 H _   0.038 0.002 0.001 0.005 0.008 0.030 0.112 0.805 
  75 P _   0.053 0.002 0.001 0.006 0.012 0.036 0.108 0.783 
  76 N _   0.073 0.004 0.001 0.007 0.017 0.043 0.103 0.752 
  77 I _   0.093 0.007 0.002 0.011 0.025 0.050 0.099 0.714 
  78 L _   0.112 0.012 0.002 0.017 0.033 0.055 0.094 0.674 
  79 R _   0.125 0.019 0.002 0.025 0.040 0.059 0.091 0.640 
  80 L _   0.132 0.024 0.002 0.032 0.044 0.060 0.088 0.617 
  81 V _   0.134 0.028 0.003 0.038 0.045 0.058 0.086 0.608 
  82 A _   0.130 0.029 0.002 0.041 0.043 0.055 0.085 0.616 
  83 Y _   0.120 0.028 0.002 0.038 0.037 0.050 0.084 0.641 
  84 C _   0.108 0.024 0.002 0.031 0.030 0.044 0.083 0.678 
  85 L _   0.092 0.017 0.002 0.023 0.022 0.038 0.083 0.724 
  86 R _   0.077 0.011 0.001 0.014 0.014 0.032 0.082 0.769 
  87 E _   0.062 0.005 0.001 0.008 0.009 0.026 0.081 0.808 
  88 R _   0.049 0.002 0.001 0.004 0.006 0.023 0.080 0.836 
  89 G _   0.040 0.001 0.000 0.003 0.004 0.021 0.079 0.853 
  90 A _   0.035 0.001 0.000 0.002 0.004 0.020 0.077 0.861 
  91 K _   0.033 0.001 0.000 0.003 0.004 0.021 0.075 0.862 
  92 H _   0.034 0.002 0.001 0.004 0.005 0.023 0.074 0.857 
  93 E _   0.037 0.004 0.001 0.007 0.008 0.026 0.071 0.846 
  94 A _   0.040 0.008 0.001 0.011 0.011 0.030 0.069 0.830 
  95 W _   0.043 0.015 0.001 0.017 0.014 0.032 0.066 0.812 
  96 L _   0.044 0.021 0.001 0.022 0.017 0.034 0.063 0.796 
  97 L _   0.044 0.027 0.001 0.026 0.019 0.035 0.061 0.787 
  98 L _   0.044 0.030 0.001 0.028 0.020 0.034 0.059 0.784 
  99 P _   0.042 0.032 0.001 0.027 0.019 0.033 0.057 0.788 
 100 F _   0.041 0.032 0.001 0.025 0.018 0.032 0.056 0.796 
 101 F _   0.039 0.031 0.001 0.022 0.016 0.030 0.054 0.807 
 102 K _   0.036 0.030 0.001 0.019 0.014 0.028 0.053 0.818 
 103 R _   0.033 0.028 0.001 0.018 0.013 0.026 0.052 0.828 
 104 G _   0.031 0.027 0.001 0.018 0.011 0.024 0.052 0.837 
 105 T _   0.028 0.026 0.001 0.018 0.010 0.022 0.051 0.844 
 106 L _   0.025 0.025 0.001 0.018 0.009 0.020 0.050 0.851 
 107 W _   0.022 0.023 0.001 0.019 0.008 0.018 0.050 0.859 
 108 N _   0.020 0.021 0.001 0.018 0.007 0.016 0.049 0.867 
 109 E _   0.018 0.018 0.001 0.017 0.007 0.014 0.049 0.876 
 110 I _   0.016 0.015 0.001 0.015 0.005 0.012 0.048 0.888 
 111 E _   0.014 0.011 0.001 0.012 0.004 0.011 0.047 0.900 
 112 R _   0.013 0.007 0.000 0.009 0.003 0.009 0.047 0.912 
 113 L _   0.012 0.004 0.000 0.006 0.003 0.008 0.046 0.921 
 114 K _   0.013 0.002 0.000 0.004 0.002 0.007 0.044 0.927 
 115 D _   0.016 0.001 0.000 0.003 0.002 0.006 0.043 0.929 
 116 K _   0.023 0.000 0.000 0.002 0.002 0.006 0.041 0.926 
 117 G _   0.036 0.000 0.000 0.002 0.002 0.007 0.038 0.914 
 118 N _   0.061 0.000 0.000 0.002 0.003 0.008 0.035 0.891 
 119 F _   0.107 0.000 0.000 0.002 0.004 0.010 0.031 0.845 
 120 L _   0.175 0.000 0.001 0.002 0.005 0.013 0.027 0.777 
 121 T _   0.270 0.000 0.001 0.002 0.008 0.016 0.021 0.681 
 122 E _   0.386 0.000 0.001 0.002 0.011 0.019 0.016 0.564 
 123 D H   0.502 0.000 0.001 0.002 0.015 0.021 0.012 0.447 
 124 Q H   0.613 0.000 0.001 0.002 0.019 0.022 0.008 0.335 
 125 I H   0.704 0.000 0.001 0.002 0.021 0.021 0.006 0.244 
 126 L H   0.771 0.000 0.001 0.001 0.023 0.020 0.004 0.179 
 127 W H   0.815 0.000 0.001 0.001 0.023 0.018 0.004 0.137 
 128 L H   0.843 0.000 0.001 0.001 0.023 0.016 0.003 0.112 
 129 L H   0.855 0.000 0.001 0.001 0.023 0.015 0.003 0.102 
 130 L H   0.857 0.000 0.001 0.001 0.022 0.014 0.003 0.102 
 131 G H   0.848 0.000 0.001 0.001 0.022 0.013 0.003 0.112 
 132 I H   0.830 0.000 0.001 0.001 0.022 0.013 0.004 0.129 
 133 C H   0.800 0.000 0.001 0.001 0.021 0.013 0.004 0.159 
 134 R H   0.755 0.000 0.001 0.001 0.021 0.014 0.005 0.203 
 135 G H   0.696 0.000 0.001 0.002 0.020 0.015 0.007 0.260 
 136 L H   0.624 0.000 0.002 0.002 0.019 0.016 0.009 0.329 
 137 E H   0.540 0.000 0.002 0.004 0.018 0.017 0.012 0.408 
 138 A _   0.452 0.000 0.002 0.005 0.016 0.018 0.015 0.491 
 139 I _   0.364 0.000 0.002 0.007 0.015 0.018 0.019 0.577 
 140 H _   0.283 0.001 0.001 0.008 0.012 0.017 0.022 0.655 
 141 A _   0.212 0.001 0.001 0.009 0.010 0.016 0.025 0.725 
 142 K _   0.152 0.001 0.001 0.009 0.008 0.015 0.028 0.785 
 143 G _   0.106 0.001 0.001 0.008 0.006 0.013 0.031 0.834 
 144 Y _   0.071 0.001 0.001 0.007 0.005 0.011 0.033 0.871 
 145 A _   0.047 0.001 0.000 0.006 0.004 0.010 0.034 0.898 
 146 H _   0.031 0.001 0.000 0.005 0.003 0.009 0.035 0.915 
 147 R _   0.021 0.001 0.000 0.005 0.003 0.008 0.036 0.926 
 148 D _   0.015 0.002 0.000 0.005 0.002 0.008 0.037 0.931 
 149 L _   0.012 0.003 0.000 0.005 0.002 0.007 0.037 0.933 
 150 K _   0.010 0.004 0.000 0.006 0.003 0.008 0.037 0.932 
 151 P _   0.009 0.007 0.000 0.007 0.003 0.008 0.037 0.930 
 152 T _   0.008 0.010 0.000 0.009 0.003 0.008 0.037 0.925 
 153 N _   0.008 0.014 0.000 0.010 0.003 0.009 0.036 0.920 
 154 I _   0.007 0.018 0.000 0.011 0.004 0.009 0.035 0.915 
 155 L _   0.007 0.023 0.000 0.012 0.004 0.009 0.035 0.911 
 156 L _   0.007 0.028 0.000 0.012 0.004 0.009 0.034 0.906 
 157 G _   0.006 0.033 0.000 0.012 0.004 0.010 0.033 0.902 
 158 D _   0.006 0.038 0.000 0.012 0.004 0.010 0.032 0.897 
 159 E _   0.006 0.044 0.001 0.012 0.004 0.010 0.031 0.891 
 160 G _   0.007 0.051 0.001 0.013 0.005 0.011 0.030 0.883 
 161 Q _   0.007 0.059 0.001 0.014 0.005 0.012 0.029 0.874 
 162 P _   0.007 0.068 0.001 0.015 0.006 0.013 0.028 0.862 
 163 V _   0.008 0.078 0.001 0.017 0.006 0.013 0.027 0.850 
 164 L _   0.008 0.087 0.001 0.018 0.006 0.014 0.026 0.840 
 165 M _   0.008 0.095 0.001 0.018 0.007 0.015 0.025 0.831 
 166 D _   0.009 0.103 0.001 0.018 0.007 0.015 0.025 0.823 
 167 L _   0.009 0.109 0.001 0.018 0.007 0.016 0.024 0.816 
 168 G _   0.009 0.114 0.001 0.017 0.007 0.017 0.023 0.811 
 169 S _   0.010 0.119 0.001 0.017 0.008 0.018 0.023 0.806 
 170 M _   0.011 0.124 0.001 0.017 0.008 0.019 0.022 0.799 
 171 N _   0.012 0.129 0.001 0.017 0.009 0.020 0.021 0.791 
 172 Q _   0.014 0.135 0.001 0.018 0.010 0.021 0.021 0.781 
 173 A _   0.015 0.140 0.001 0.020 0.011 0.022 0.020 0.770 
 174 C _   0.016 0.146 0.001 0.022 0.012 0.024 0.020 0.759 
 175 I _   0.017 0.151 0.001 0.024 0.013 0.024 0.020 0.750 
 176 H _   0.018 0.154 0.001 0.025 0.013 0.025 0.019 0.744 
 177 V _   0.019 0.156 0.001 0.026 0.013 0.025 0.019 0.741 
 178 E _   0.019 0.156 0.001 0.026 0.013 0.025 0.019 0.741 
 179 G _   0.019 0.153 0.001 0.025 0.013 0.024 0.019 0.746 
 180 S _   0.019 0.147 0.001 0.023 0.012 0.024 0.019 0.755 
 181 R _   0.019 0.140 0.001 0.020 0.011 0.023 0.019 0.766 
 182 Q _   0.018 0.132 0.001 0.018 0.010 0.022 0.019 0.779 
 183 A _   0.018 0.123 0.001 0.016 0.009 0.022 0.020 0.791 
 184 L _   0.018 0.115 0.001 0.014 0.009 0.021 0.020 0.802 
 185 T _   0.017 0.109 0.001 0.013 0.008 0.021 0.020 0.811 
 186 L _   0.017 0.104 0.001 0.013 0.008 0.021 0.020 0.817 
 187 Q _   0.018 0.100 0.001 0.013 0.008 0.021 0.020 0.820 
 188 D _   0.018 0.098 0.001 0.014 0.008 0.021 0.020 0.821 
 189 W _   0.018 0.096 0.001 0.015 0.009 0.021 0.020 0.821 
 190 A _   0.018 0.094 0.001 0.016 0.009 0.021 0.020 0.821 
 191 A _   0.018 0.091 0.001 0.017 0.009 0.021 0.020 0.823 
 192 Q _   0.018 0.089 0.001 0.018 0.009 0.021 0.020 0.825 
 193 R _   0.018 0.085 0.001 0.018 0.010 0.020 0.020 0.829 
 194 C _   0.018 0.081 0.001 0.018 0.009 0.020 0.019 0.834 
 195 T _   0.018 0.076 0.001 0.017 0.009 0.020 0.019 0.840 
 196 I _   0.018 0.070 0.001 0.016 0.009 0.020 0.019 0.847 
 197 S _   0.018 0.065 0.001 0.016 0.009 0.019 0.020 0.853 
 198 Y _   0.018 0.059 0.001 0.015 0.009 0.019 0.020 0.860 
 199 R _   0.017 0.054 0.001 0.015 0.009 0.019 0.020 0.865 
 200 A _   0.017 0.050 0.001 0.015 0.008 0.019 0.020 0.871 
 201 P _   0.016 0.045 0.001 0.015 0.008 0.018 0.020 0.877 
 202 E _   0.016 0.041 0.001 0.015 0.008 0.018 0.019 0.882 
 203 L _   0.016 0.037 0.001 0.015 0.008 0.017 0.019 0.886 
 204 F _   0.016 0.034 0.001 0.015 0.008 0.017 0.019 0.890 
 205 S _   0.016 0.030 0.001 0.015 0.008 0.016 0.019 0.895 
 206 V _   0.016 0.025 0.001 0.015 0.008 0.015 0.019 0.900 
 207 Q _   0.017 0.021 0.001 0.014 0.007 0.015 0.019 0.906 
 208 S _   0.018 0.016 0.001 0.013 0.006 0.014 0.019 0.913 
 209 H _   0.022 0.011 0.001 0.011 0.006 0.013 0.019 0.918 
 210 C _   0.027 0.007 0.001 0.008 0.005 0.012 0.018 0.922 
 211 V _   0.035 0.003 0.001 0.006 0.004 0.012 0.018 0.921 
 212 I _   0.049 0.001 0.000 0.004 0.004 0.011 0.017 0.913 
 213 D _   0.070 0.000 0.000 0.003 0.004 0.012 0.016 0.895 
 214 E _   0.104 0.000 0.001 0.002 0.004 0.012 0.015 0.862 
 215 R _   0.157 0.000 0.001 0.001 0.005 0.013 0.014 0.808 
 216 T _   0.233 0.000 0.001 0.001 0.007 0.015 0.012 0.731 
 217 D _   0.330 0.000 0.001 0.001 0.009 0.018 0.011 0.631 
 218 V _   0.437 0.000 0.001 0.001 0.013 0.020 0.009 0.518 
 219 W H   0.546 0.000 0.001 0.001 0.018 0.022 0.008 0.404 
 220 S H   0.638 0.000 0.001 0.001 0.023 0.023 0.008 0.306 
 221 L H   0.707 0.000 0.002 0.002 0.027 0.023 0.007 0.233 
 222 G H   0.752 0.000 0.002 0.002 0.031 0.022 0.007 0.184 
 223 C H   0.780 0.000 0.002 0.002 0.033 0.021 0.008 0.154 
 224 V H   0.791 0.000 0.002 0.002 0.035 0.020 0.009 0.140 
 225 L H   0.788 0.000 0.002 0.003 0.036 0.020 0.010 0.142 
 226 Y H   0.769 0.000 0.002 0.003 0.036 0.019 0.013 0.158 
 227 A H   0.731 0.000 0.002 0.004 0.035 0.019 0.016 0.193 
 228 M H   0.671 0.000 0.002 0.004 0.033 0.018 0.021 0.250 
 229 M H   0.586 0.000 0.002 0.004 0.027 0.018 0.028 0.334 
 230 F H   0.479 0.000 0.002 0.004 0.021 0.017 0.037 0.440 
 231 G _   0.367 0.000 0.002 0.004 0.015 0.016 0.047 0.549 
 232 E _   0.264 0.000 0.001 0.004 0.011 0.014 0.058 0.649 
 233 G _   0.182 0.000 0.001 0.003 0.007 0.013 0.067 0.726 
 234 P _   0.121 0.000 0.001 0.003 0.005 0.012 0.076 0.781 
 235 Y _   0.081 0.000 0.001 0.003 0.004 0.011 0.083 0.817 
 236 D _   0.054 0.001 0.000 0.004 0.004 0.011 0.089 0.837 
 237 M _   0.038 0.001 0.000 0.004 0.003 0.011 0.094 0.848 
 238 V _   0.028 0.002 0.000 0.005 0.003 0.012 0.098 0.851 
 239 F _   0.022 0.004 0.000 0.006 0.004 0.013 0.102 0.849 
 240 Q _   0.019 0.008 0.001 0.007 0.005 0.015 0.105 0.841 
 241 K _   0.017 0.016 0.001 0.010 0.006 0.017 0.107 0.825 
 242 G _   0.017 0.027 0.001 0.015 0.008 0.020 0.110 0.802 
 243 D _   0.017 0.044 0.001 0.021 0.011 0.023 0.113 0.771 
 244 S _   0.017 0.065 0.001 0.029 0.014 0.025 0.116 0.733 
 245 V _   0.017 0.085 0.001 0.039 0.016 0.026 0.119 0.695 
 246 A _   0.018 0.102 0.002 0.049 0.018 0.027 0.123 0.661 
 247 L _   0.018 0.113 0.002 0.056 0.019 0.027 0.129 0.637 
 248 A _   0.018 0.118 0.002 0.060 0.019 0.026 0.135 0.622 
 249 V _   0.017 0.118 0.001 0.060 0.018 0.024 0.143 0.618 
 250 Q _   0.016 0.114 0.001 0.055 0.016 0.022 0.153 0.622 
 251 N _   0.015 0.103 0.001 0.046 0.014 0.020 0.165 0.635 
 252 Q _   0.014 0.086 0.001 0.036 0.011 0.017 0.179 0.655 
 253 L _   0.013 0.064 0.001 0.026 0.008 0.015 0.194 0.679 
 254 S _   0.012 0.042 0.001 0.016 0.006 0.012 0.208 0.704 
 255 I _   0.010 0.024 0.001 0.010 0.004 0.010 0.220 0.722 
 256 P _   0.008 0.014 0.000 0.005 0.002 0.009 0.229 0.732 
 257 Q _   0.007 0.009 0.000 0.003 0.002 0.008 0.236 0.735 
 258 S _   0.007 0.007 0.000 0.002 0.001 0.008 0.241 0.733 
 259 P _   0.007 0.007 0.000 0.002 0.002 0.010 0.245 0.727 
 260 R _   0.009 0.008 0.000 0.003 0.003 0.013 0.248 0.716 
 261 H _   0.011 0.013 0.000 0.006 0.004 0.017 0.251 0.697 
 262 S _   0.015 0.027 0.001 0.011 0.008 0.023 0.253 0.662 
 263 S _   0.018 0.059 0.001 0.020 0.014 0.029 0.254 0.605 
 264 A _   0.021 0.106 0.002 0.032 0.020 0.033 0.255 0.532 
 265 L _   0.021 0.153 0.002 0.046 0.024 0.035 0.256 0.463 
 266 R _   0.021 0.187 0.002 0.057 0.027 0.036 0.259 0.411 
 267 Q _   0.020 0.207 0.002 0.066 0.028 0.035 0.264 0.377 
 268 L _   0.020 0.217 0.002 0.071 0.028 0.034 0.271 0.358 
 269 L _   0.019 0.218 0.002 0.071 0.028 0.032 0.279 0.350 
 270 N _   0.019 0.213 0.002 0.067 0.026 0.030 0.292 0.352 
 271 S _   0.018 0.199 0.002 0.060 0.023 0.027 0.307 0.363 
 272 M _   0.018 0.174 0.002 0.049 0.020 0.024 0.327 0.386 
 273 M _   0.018 0.136 0.002 0.037 0.016 0.021 0.351 0.419 
 274 T _   0.017 0.091 0.002 0.025 0.012 0.018 0.378 0.458 
 275 V _   0.015 0.052 0.001 0.015 0.008 0.016 0.402 0.491 
 276 D _   0.013 0.027 0.001 0.009 0.005 0.014 0.421 0.511 
 277 P _   0.011 0.015 0.000 0.005 0.003 0.012 0.435 0.519 
 278 H _   0.010 0.010 0.000 0.003 0.002 0.011 0.446 0.518 
 279 Q _   0.009 0.008 0.000 0.002 0.002 0.012 0.455 0.511 
 280 R _   0.010 0.009 0.000 0.003 0.003 0.013 0.462 0.499 
 281 P _   0.011 0.011 0.000 0.005 0.004 0.016 0.469 0.482 
 282 H X   0.013 0.018 0.001 0.010 0.007 0.019 0.476 0.456 
 283 I X   0.015 0.032 0.001 0.018 0.011 0.022 0.483 0.418 
 284 P X   0.015 0.051 0.001 0.030 0.014 0.024 0.490 0.373 
 285 L X   0.015 0.068 0.001 0.042 0.017 0.026 0.499 0.332 
 286 L X   0.015 0.079 0.001 0.051 0.018 0.025 0.510 0.300 
 287 L X   0.014 0.084 0.001 0.057 0.019 0.024 0.523 0.278 
 288 S X   0.012 0.085 0.001 0.057 0.018 0.023 0.540 0.264 
 289 Q X   0.011 0.083 0.001 0.053 0.016 0.020 0.560 0.256 
 290 L X   0.010 0.076 0.001 0.045 0.013 0.018 0.584 0.252 
 291 E X   0.009 0.065 0.001 0.036 0.011 0.016 0.611 0.251 
 292 A X   0.009 0.051 0.001 0.026 0.008 0.013 0.640 0.252 
 293 L X   0.008 0.037 0.001 0.018 0.006 0.011 0.669 0.251 
 294 Q X   0.007 0.025 0.001 0.012 0.004 0.009 0.695 0.247 
 295 P X   0.006 0.017 0.000 0.008 0.003 0.007 0.717 0.241 
 296 P X   0.005 0.012 0.000 0.006 0.002 0.006 0.734 0.234 
 297 A X   0.004 0.010 0.000 0.005 0.002 0.005 0.748 0.226 
 298 P X   0.003 0.008 0.000 0.005 0.002 0.004 0.760 0.219 
 299 G X   0.003 0.007 0.000 0.004 0.001 0.003 0.770 0.211 
 300 Q X   0.002 0.006 0.000 0.004 0.001 0.002 0.778 0.206 
 301 H X   0.001 0.005 0.000 0.004 0.001 0.001 0.785 0.203 
 302 T X   0.000 0.005 0.000 0.003 0.000 0.001 0.790 0.202 
 303 T X   0.000 0.004 0.000 0.002 0.000 0.000 0.790 0.203 
 304 Q X   0.000 0.004 0.000 0.003 0.000 0.000 0.786 0.206 
 305 I X   0.002 0.004 0.001 0.011 0.003 0.002 0.770 0.207 
