#TopoPred_TM8: 8-state transmembrane topology prediction results by no_profile mode 
#probabilities are in the order of H E C I L F X _, the 8 transmembrane topology types used in PDBTM 
   1 M X   0.016 0.002 0.002 0.054 0.009 0.011 0.593 0.312 
   2 E X   0.005 0.002 0.000 0.031 0.002 0.005 0.606 0.350 
   3 E X   0.001 0.002 0.000 0.018 0.001 0.003 0.607 0.369 
   4 E X   0.001 0.003 0.000 0.015 0.001 0.004 0.600 0.376 
   5 E X   0.002 0.007 0.000 0.016 0.001 0.007 0.587 0.379 
   6 G X   0.003 0.015 0.000 0.020 0.003 0.011 0.567 0.379 
   7 A X   0.005 0.031 0.001 0.026 0.005 0.015 0.542 0.376 
   8 V X   0.006 0.053 0.001 0.033 0.006 0.018 0.510 0.372 
   9 A X   0.007 0.080 0.001 0.038 0.008 0.020 0.474 0.371 
  10 K X   0.006 0.108 0.001 0.042 0.009 0.021 0.440 0.373 
  11 E X   0.006 0.130 0.001 0.042 0.010 0.021 0.408 0.381 
  12 W _   0.006 0.147 0.001 0.039 0.010 0.021 0.383 0.394 
  13 G _   0.006 0.159 0.001 0.035 0.010 0.021 0.361 0.407 
  14 T _   0.006 0.170 0.001 0.031 0.010 0.022 0.342 0.418 
  15 T _   0.007 0.179 0.001 0.028 0.010 0.023 0.325 0.427 
  16 P _   0.008 0.190 0.001 0.026 0.011 0.024 0.309 0.430 
  17 A _   0.009 0.203 0.001 0.027 0.012 0.025 0.294 0.428 
  18 G _   0.011 0.218 0.001 0.030 0.014 0.026 0.279 0.422 
  19 P _   0.011 0.235 0.001 0.034 0.015 0.026 0.264 0.413 
  20 V _   0.012 0.249 0.001 0.039 0.016 0.025 0.252 0.405 
  21 W _   0.012 0.260 0.001 0.043 0.016 0.025 0.241 0.401 
  22 T _   0.012 0.265 0.001 0.046 0.016 0.023 0.233 0.403 
  23 A _   0.012 0.266 0.001 0.046 0.015 0.022 0.227 0.411 
  24 V _   0.011 0.261 0.001 0.044 0.014 0.020 0.221 0.428 
  25 F _   0.011 0.250 0.001 0.039 0.012 0.017 0.217 0.452 
  26 D _   0.010 0.232 0.001 0.033 0.010 0.015 0.214 0.485 
  27 Y _   0.009 0.208 0.001 0.026 0.008 0.013 0.211 0.524 
  28 E _   0.008 0.181 0.001 0.019 0.006 0.012 0.209 0.564 
  29 A _   0.007 0.156 0.001 0.014 0.005 0.010 0.207 0.600 
  30 A _   0.006 0.138 0.001 0.011 0.004 0.009 0.204 0.628 
  31 G _   0.006 0.126 0.000 0.008 0.003 0.008 0.201 0.648 
  32 D _   0.005 0.119 0.000 0.007 0.002 0.008 0.197 0.661 
  33 E _   0.005 0.116 0.000 0.007 0.002 0.008 0.193 0.668 
  34 E _   0.005 0.115 0.000 0.008 0.003 0.008 0.188 0.673 
  35 L _   0.005 0.116 0.000 0.009 0.003 0.008 0.183 0.674 
  36 T _   0.005 0.119 0.000 0.011 0.003 0.009 0.178 0.674 
  37 L _   0.005 0.123 0.000 0.013 0.004 0.010 0.172 0.673 
  38 R _   0.005 0.127 0.001 0.015 0.005 0.010 0.166 0.671 
  39 R _   0.005 0.132 0.001 0.018 0.005 0.011 0.161 0.668 
  40 G _   0.006 0.137 0.001 0.020 0.006 0.011 0.155 0.666 
  41 D _   0.006 0.141 0.001 0.022 0.006 0.011 0.151 0.663 
  42 R _   0.006 0.143 0.001 0.023 0.006 0.012 0.146 0.663 
  43 V _   0.006 0.145 0.001 0.024 0.006 0.012 0.143 0.663 
  44 Q _   0.006 0.145 0.001 0.025 0.007 0.012 0.139 0.666 
  45 V _   0.007 0.143 0.001 0.024 0.006 0.011 0.137 0.671 
  46 L _   0.007 0.138 0.001 0.023 0.006 0.011 0.135 0.679 
  47 S _   0.007 0.132 0.001 0.020 0.006 0.010 0.133 0.691 
  48 Q _   0.006 0.124 0.001 0.017 0.005 0.010 0.132 0.705 
  49 D _   0.006 0.116 0.001 0.014 0.004 0.009 0.130 0.720 
  50 C _   0.006 0.107 0.000 0.012 0.004 0.009 0.129 0.733 
  51 A _   0.006 0.101 0.000 0.009 0.003 0.009 0.127 0.744 
  52 V _   0.006 0.096 0.000 0.008 0.003 0.009 0.126 0.752 
  53 S _   0.006 0.094 0.000 0.008 0.003 0.009 0.124 0.756 
  54 G _   0.006 0.094 0.000 0.008 0.003 0.010 0.122 0.757 
  55 D _   0.007 0.096 0.000 0.010 0.004 0.011 0.119 0.754 
  56 E _   0.007 0.099 0.001 0.012 0.004 0.012 0.117 0.749 
  57 G _   0.007 0.104 0.001 0.014 0.005 0.013 0.114 0.742 
  58 W _   0.008 0.110 0.001 0.017 0.006 0.014 0.111 0.735 
  59 W _   0.008 0.115 0.001 0.019 0.007 0.015 0.108 0.728 
  60 T _   0.008 0.119 0.001 0.020 0.007 0.015 0.105 0.724 
  61 G _   0.008 0.123 0.001 0.021 0.008 0.016 0.103 0.721 
  62 Q _   0.008 0.126 0.001 0.022 0.008 0.016 0.101 0.718 
  63 L _   0.009 0.128 0.001 0.022 0.009 0.017 0.099 0.716 
  64 P _   0.009 0.129 0.001 0.023 0.009 0.017 0.097 0.715 
  65 S _   0.009 0.130 0.001 0.025 0.009 0.017 0.096 0.713 
  66 G _   0.010 0.130 0.001 0.026 0.010 0.017 0.095 0.711 
  67 R _   0.010 0.129 0.001 0.028 0.010 0.017 0.095 0.710 
  68 V _   0.011 0.126 0.001 0.029 0.010 0.016 0.094 0.712 
  69 G _   0.011 0.121 0.001 0.029 0.010 0.016 0.095 0.717 
  70 V _   0.011 0.114 0.001 0.028 0.009 0.015 0.095 0.726 
  71 F _   0.011 0.103 0.001 0.026 0.008 0.014 0.096 0.741 
  72 P _   0.010 0.088 0.001 0.022 0.007 0.013 0.097 0.761 
  73 S _   0.010 0.071 0.001 0.018 0.006 0.011 0.099 0.783 
  74 N _   0.009 0.055 0.001 0.014 0.005 0.010 0.100 0.806 
  75 Y _   0.009 0.041 0.001 0.011 0.004 0.009 0.101 0.825 
  76 V _   0.008 0.030 0.000 0.008 0.003 0.008 0.102 0.840 
  77 A _   0.007 0.023 0.000 0.007 0.003 0.008 0.102 0.850 
  78 P _   0.007 0.019 0.000 0.006 0.002 0.008 0.102 0.855 
  79 G _   0.007 0.017 0.000 0.006 0.002 0.008 0.102 0.858 
  80 A _   0.007 0.016 0.000 0.007 0.003 0.008 0.101 0.858 
  81 P _   0.007 0.016 0.000 0.008 0.003 0.008 0.100 0.858 
  82 A _   0.007 0.016 0.000 0.010 0.003 0.009 0.099 0.856 
  83 A _   0.007 0.016 0.000 0.012 0.004 0.010 0.098 0.854 
  84 P _   0.007 0.016 0.001 0.013 0.004 0.010 0.096 0.852 
  85 A _   0.007 0.016 0.001 0.015 0.005 0.010 0.095 0.851 
  86 G _   0.007 0.016 0.001 0.015 0.005 0.010 0.094 0.852 
  87 L _   0.007 0.015 0.001 0.015 0.005 0.010 0.093 0.855 
  88 Q _   0.007 0.013 0.001 0.013 0.004 0.010 0.093 0.859 
  89 L _   0.007 0.011 0.000 0.011 0.004 0.010 0.092 0.864 
  90 P _   0.007 0.009 0.000 0.009 0.004 0.010 0.091 0.869 
  91 Q _   0.007 0.007 0.000 0.008 0.003 0.011 0.091 0.874 
  92 E _   0.008 0.005 0.000 0.006 0.003 0.011 0.090 0.876 
  93 I _   0.009 0.004 0.000 0.006 0.003 0.013 0.089 0.876 
  94 P _   0.011 0.003 0.000 0.005 0.004 0.015 0.088 0.874 
  95 F _   0.014 0.003 0.000 0.006 0.004 0.018 0.086 0.868 
  96 H _   0.019 0.004 0.001 0.006 0.006 0.022 0.085 0.858 
  97 E _   0.025 0.005 0.001 0.008 0.008 0.027 0.083 0.843 
  98 L _   0.032 0.006 0.001 0.010 0.012 0.032 0.081 0.826 
  99 Q _   0.041 0.008 0.001 0.012 0.015 0.038 0.079 0.805 
 100 L _   0.050 0.011 0.001 0.015 0.020 0.043 0.078 0.783 
 101 E _   0.060 0.013 0.002 0.017 0.024 0.047 0.076 0.761 
 102 E _   0.069 0.016 0.002 0.018 0.028 0.050 0.075 0.742 
 103 I _   0.078 0.018 0.002 0.020 0.031 0.053 0.074 0.725 
 104 I _   0.085 0.020 0.002 0.020 0.032 0.053 0.074 0.714 
 105 G _   0.089 0.021 0.002 0.021 0.033 0.053 0.074 0.707 
 106 V _   0.091 0.022 0.002 0.021 0.032 0.052 0.074 0.706 
 107 G _   0.091 0.021 0.002 0.021 0.030 0.050 0.075 0.709 
 108 G _   0.088 0.021 0.002 0.020 0.028 0.047 0.076 0.718 
 109 F _   0.082 0.019 0.002 0.018 0.024 0.044 0.078 0.733 
 110 G _   0.074 0.018 0.001 0.016 0.020 0.040 0.079 0.752 
 111 K _   0.065 0.016 0.001 0.014 0.016 0.036 0.081 0.770 
 112 V _   0.056 0.014 0.001 0.012 0.013 0.032 0.083 0.789 
 113 Y _   0.048 0.013 0.001 0.010 0.010 0.029 0.084 0.805 
 114 R _   0.040 0.013 0.001 0.009 0.008 0.026 0.086 0.818 
 115 A _   0.034 0.013 0.001 0.008 0.007 0.024 0.087 0.827 
 116 L _   0.029 0.014 0.001 0.009 0.007 0.022 0.088 0.831 
 117 W _   0.025 0.016 0.001 0.011 0.007 0.021 0.089 0.831 
 118 R _   0.022 0.019 0.001 0.014 0.008 0.020 0.089 0.827 
 119 G _   0.019 0.023 0.001 0.018 0.008 0.020 0.090 0.820 
 120 E _   0.018 0.027 0.001 0.023 0.009 0.019 0.091 0.812 
 121 E _   0.017 0.030 0.001 0.027 0.009 0.018 0.092 0.805 
 122 V _   0.015 0.032 0.001 0.030 0.009 0.017 0.094 0.801 
 123 A _   0.014 0.033 0.001 0.031 0.009 0.016 0.096 0.801 
 124 V _   0.013 0.032 0.001 0.029 0.008 0.014 0.098 0.804 
 125 K _   0.012 0.029 0.001 0.026 0.007 0.013 0.101 0.812 
 126 A _   0.011 0.024 0.001 0.021 0.005 0.011 0.104 0.824 
 127 A _   0.009 0.018 0.001 0.015 0.004 0.009 0.107 0.837 
 128 R _   0.008 0.012 0.000 0.010 0.003 0.007 0.109 0.850 
 129 L _   0.007 0.007 0.000 0.006 0.002 0.006 0.111 0.861 
 130 D _   0.006 0.004 0.000 0.004 0.001 0.005 0.112 0.868 
 131 P _   0.005 0.003 0.000 0.002 0.001 0.005 0.112 0.872 
 132 E _   0.005 0.002 0.000 0.002 0.001 0.005 0.112 0.873 
 133 K _   0.005 0.003 0.000 0.002 0.001 0.007 0.111 0.871 
 134 D _   0.007 0.004 0.000 0.003 0.002 0.010 0.109 0.866 
 135 P _   0.009 0.008 0.000 0.005 0.003 0.014 0.107 0.853 
 136 A _   0.013 0.020 0.001 0.010 0.006 0.020 0.103 0.828 
 137 V _   0.016 0.044 0.001 0.017 0.010 0.028 0.098 0.786 
 138 T _   0.020 0.083 0.001 0.026 0.015 0.035 0.091 0.729 
 139 A _   0.022 0.128 0.002 0.037 0.020 0.040 0.085 0.666 
 140 E _   0.023 0.166 0.002 0.046 0.025 0.044 0.079 0.615 
 141 Q _   0.024 0.194 0.002 0.053 0.028 0.047 0.073 0.578 
 142 V _   0.025 0.212 0.002 0.058 0.031 0.048 0.069 0.555 
 143 C _   0.027 0.221 0.002 0.060 0.033 0.049 0.066 0.542 
 144 Q _   0.029 0.224 0.002 0.060 0.034 0.049 0.064 0.539 
 145 E _   0.030 0.222 0.002 0.058 0.033 0.047 0.062 0.545 
 146 A _   0.032 0.213 0.002 0.053 0.032 0.045 0.062 0.561 
 147 R _   0.033 0.197 0.002 0.047 0.029 0.043 0.061 0.587 
 148 L _   0.034 0.174 0.002 0.039 0.026 0.040 0.061 0.624 
 149 F _   0.035 0.142 0.002 0.031 0.022 0.037 0.062 0.669 
 150 G _   0.034 0.109 0.002 0.024 0.018 0.034 0.063 0.717 
 151 A _   0.033 0.079 0.001 0.017 0.014 0.032 0.063 0.761 
 152 L _   0.032 0.056 0.001 0.013 0.011 0.029 0.064 0.794 
 153 Q _   0.030 0.043 0.001 0.010 0.009 0.027 0.064 0.817 
 154 H _   0.028 0.035 0.001 0.009 0.008 0.026 0.064 0.830 
 155 P _   0.026 0.031 0.001 0.009 0.008 0.025 0.063 0.836 
 156 N _   0.026 0.029 0.001 0.011 0.008 0.025 0.063 0.837 
 157 I _   0.025 0.029 0.001 0.014 0.009 0.024 0.063 0.835 
 158 I _   0.025 0.028 0.001 0.017 0.010 0.023 0.063 0.833 
 159 A _   0.024 0.027 0.001 0.020 0.010 0.023 0.062 0.834 
 160 L _   0.022 0.025 0.001 0.020 0.010 0.021 0.062 0.839 
 161 R _   0.020 0.021 0.001 0.019 0.009 0.020 0.062 0.849 
 162 G _   0.018 0.017 0.001 0.015 0.007 0.018 0.062 0.862 
 163 A _   0.016 0.012 0.001 0.011 0.006 0.016 0.062 0.876 
 164 C _   0.015 0.007 0.001 0.008 0.005 0.015 0.062 0.888 
 165 L _   0.014 0.004 0.000 0.005 0.004 0.014 0.061 0.897 
 166 N _   0.014 0.003 0.000 0.004 0.003 0.015 0.061 0.900 
 167 P _   0.015 0.002 0.000 0.003 0.004 0.016 0.060 0.899 
 168 P _   0.018 0.002 0.000 0.004 0.004 0.019 0.059 0.893 
 169 H _   0.023 0.003 0.001 0.005 0.006 0.023 0.058 0.881 
 170 L _   0.027 0.006 0.001 0.009 0.010 0.027 0.056 0.864 
 171 C _   0.033 0.010 0.001 0.014 0.014 0.032 0.055 0.843 
 172 L _   0.037 0.015 0.001 0.020 0.018 0.036 0.053 0.820 
 173 V _   0.041 0.019 0.001 0.025 0.021 0.039 0.052 0.801 
 174 M _   0.043 0.022 0.002 0.029 0.023 0.041 0.051 0.789 
 175 E _   0.044 0.024 0.002 0.029 0.024 0.041 0.050 0.786 
 176 Y _   0.044 0.024 0.002 0.028 0.023 0.041 0.050 0.789 
 177 A _   0.043 0.023 0.001 0.024 0.022 0.040 0.049 0.797 
 178 R _   0.043 0.020 0.001 0.021 0.020 0.038 0.049 0.808 
 179 G _   0.041 0.018 0.001 0.017 0.017 0.037 0.049 0.819 
 180 G _   0.040 0.016 0.001 0.015 0.016 0.035 0.049 0.828 
 181 A _   0.040 0.014 0.001 0.014 0.014 0.034 0.049 0.834 
 182 L _   0.039 0.013 0.001 0.014 0.013 0.032 0.049 0.839 
 183 S _   0.038 0.011 0.001 0.014 0.012 0.031 0.049 0.843 
 184 R _   0.038 0.010 0.001 0.014 0.012 0.029 0.050 0.847 
 185 V _   0.036 0.009 0.001 0.014 0.011 0.028 0.050 0.852 
 186 L _   0.035 0.007 0.001 0.013 0.010 0.026 0.050 0.858 
 187 A _   0.034 0.005 0.001 0.011 0.009 0.025 0.050 0.865 
 188 G _   0.033 0.003 0.001 0.009 0.007 0.024 0.051 0.872 
 189 R _   0.034 0.002 0.001 0.006 0.006 0.023 0.051 0.877 
 190 R _   0.036 0.001 0.001 0.005 0.005 0.023 0.051 0.879 
 191 V _   0.040 0.001 0.001 0.003 0.005 0.024 0.050 0.876 
 192 P _   0.047 0.000 0.001 0.003 0.005 0.026 0.050 0.868 
 193 P _   0.057 0.000 0.001 0.003 0.006 0.030 0.050 0.853 
 194 H _   0.071 0.001 0.001 0.003 0.009 0.036 0.049 0.830 
 195 V _   0.089 0.002 0.001 0.004 0.015 0.043 0.049 0.796 
 196 L _   0.108 0.006 0.001 0.008 0.024 0.051 0.048 0.754 
 197 V _   0.125 0.016 0.002 0.013 0.035 0.059 0.048 0.703 
 198 N _   0.137 0.032 0.003 0.022 0.045 0.063 0.047 0.651 
 199 W _   0.142 0.050 0.003 0.032 0.052 0.065 0.047 0.608 
 200 A _   0.142 0.065 0.003 0.042 0.056 0.065 0.048 0.578 
 201 V _   0.138 0.075 0.003 0.050 0.056 0.062 0.050 0.566 
 202 Q _   0.130 0.080 0.003 0.054 0.052 0.058 0.052 0.572 
 203 V _   0.117 0.080 0.003 0.054 0.046 0.052 0.055 0.593 
 204 A _   0.102 0.076 0.002 0.050 0.039 0.046 0.058 0.628 
 205 R _   0.086 0.066 0.002 0.042 0.030 0.038 0.062 0.675 
 206 G _   0.069 0.052 0.002 0.031 0.021 0.031 0.066 0.727 
 207 M _   0.054 0.035 0.001 0.022 0.014 0.025 0.070 0.780 
 208 N _   0.040 0.020 0.001 0.014 0.008 0.019 0.073 0.825 
 209 Y _   0.028 0.010 0.001 0.008 0.005 0.014 0.075 0.858 
 210 L _   0.019 0.005 0.000 0.005 0.003 0.011 0.077 0.879 
 211 H _   0.014 0.002 0.000 0.003 0.002 0.009 0.078 0.892 
 212 N _   0.010 0.001 0.000 0.003 0.002 0.008 0.078 0.898 
 213 D _   0.009 0.001 0.000 0.003 0.002 0.008 0.078 0.901 
 214 A _   0.008 0.000 0.000 0.003 0.002 0.008 0.078 0.901 
 215 P _   0.008 0.000 0.000 0.004 0.002 0.009 0.077 0.899 
 216 V _   0.009 0.000 0.000 0.004 0.003 0.011 0.077 0.896 
 217 P _   0.011 0.001 0.000 0.006 0.003 0.013 0.075 0.891 
 218 I _   0.013 0.001 0.000 0.006 0.004 0.016 0.074 0.886 
 219 I _   0.016 0.001 0.001 0.007 0.005 0.019 0.072 0.879 
 220 H _   0.021 0.001 0.001 0.007 0.006 0.023 0.070 0.871 
 221 R _   0.027 0.002 0.001 0.007 0.008 0.028 0.068 0.860 
 222 D _   0.037 0.002 0.001 0.007 0.011 0.033 0.065 0.845 
 223 L _   0.049 0.003 0.001 0.008 0.015 0.040 0.063 0.823 
 224 K _   0.064 0.004 0.001 0.009 0.021 0.047 0.060 0.795 
 225 S _   0.081 0.007 0.002 0.012 0.029 0.053 0.057 0.759 
 226 I _   0.097 0.012 0.002 0.017 0.037 0.059 0.055 0.720 
 227 N _   0.112 0.019 0.002 0.024 0.045 0.063 0.053 0.682 
 228 I _   0.122 0.026 0.003 0.033 0.049 0.064 0.052 0.652 
 229 L _   0.127 0.031 0.003 0.040 0.050 0.062 0.051 0.636 
 230 I _   0.126 0.033 0.003 0.043 0.048 0.059 0.051 0.636 
 231 L _   0.121 0.033 0.003 0.042 0.043 0.054 0.051 0.653 
 232 E _   0.112 0.029 0.002 0.036 0.036 0.048 0.051 0.686 
 233 A _   0.098 0.022 0.002 0.026 0.027 0.041 0.052 0.732 
 234 I _   0.082 0.014 0.001 0.017 0.018 0.034 0.052 0.781 
 235 E _   0.066 0.007 0.001 0.010 0.011 0.028 0.053 0.825 
 236 N _   0.052 0.003 0.001 0.005 0.007 0.023 0.053 0.858 
 237 H _   0.041 0.001 0.000 0.003 0.004 0.020 0.052 0.878 
 238 N _   0.034 0.000 0.000 0.002 0.003 0.018 0.052 0.890 
 239 L _   0.031 0.000 0.000 0.002 0.003 0.018 0.051 0.894 
 240 A _   0.030 0.001 0.000 0.003 0.004 0.019 0.050 0.892 
 241 D _   0.032 0.001 0.001 0.004 0.005 0.022 0.049 0.886 
 242 T _   0.034 0.004 0.001 0.006 0.007 0.024 0.048 0.876 
 243 V _   0.036 0.008 0.001 0.010 0.010 0.028 0.047 0.860 
 244 L _   0.039 0.014 0.001 0.015 0.014 0.031 0.045 0.841 
 245 K _   0.041 0.021 0.001 0.021 0.017 0.033 0.044 0.823 
 246 I _   0.041 0.027 0.001 0.027 0.020 0.035 0.042 0.807 
 247 T _   0.042 0.032 0.002 0.031 0.022 0.035 0.041 0.796 
 248 D _   0.041 0.034 0.002 0.034 0.022 0.035 0.040 0.792 
 249 F _   0.039 0.035 0.002 0.035 0.022 0.033 0.040 0.795 
 250 G _   0.038 0.035 0.001 0.033 0.020 0.032 0.039 0.803 
 251 L _   0.035 0.032 0.001 0.030 0.017 0.029 0.039 0.816 
 252 A _   0.031 0.028 0.001 0.025 0.014 0.026 0.039 0.835 
 253 R _   0.027 0.022 0.001 0.020 0.011 0.023 0.039 0.857 
 254 E _   0.023 0.016 0.001 0.014 0.008 0.020 0.039 0.878 
 255 W _   0.020 0.010 0.001 0.010 0.006 0.018 0.039 0.896 
 256 H _   0.017 0.006 0.001 0.007 0.005 0.016 0.039 0.909 
 257 K _   0.016 0.004 0.000 0.005 0.004 0.015 0.038 0.917 
 258 T _   0.015 0.002 0.000 0.004 0.003 0.015 0.038 0.922 
 259 T _   0.015 0.002 0.000 0.004 0.003 0.016 0.037 0.922 
 260 K _   0.017 0.002 0.000 0.004 0.004 0.017 0.036 0.919 
 261 M _   0.020 0.002 0.001 0.005 0.005 0.020 0.035 0.913 
 262 S _   0.024 0.003 0.001 0.007 0.007 0.023 0.034 0.903 
 263 A _   0.029 0.004 0.001 0.009 0.009 0.027 0.032 0.889 
 264 A _   0.036 0.006 0.001 0.011 0.012 0.031 0.031 0.872 
 265 G _   0.043 0.009 0.001 0.014 0.015 0.035 0.029 0.853 
 266 T _   0.051 0.012 0.001 0.016 0.019 0.039 0.027 0.834 
 267 Y _   0.059 0.014 0.001 0.019 0.022 0.043 0.026 0.816 
 268 A _   0.065 0.017 0.002 0.021 0.025 0.045 0.025 0.801 
 269 W _   0.072 0.019 0.002 0.022 0.027 0.047 0.023 0.789 
 270 M _   0.077 0.020 0.002 0.023 0.029 0.047 0.022 0.780 
 271 A _   0.080 0.021 0.002 0.024 0.029 0.047 0.022 0.776 
 272 P _   0.082 0.022 0.002 0.025 0.028 0.045 0.021 0.774 
 273 E _   0.083 0.021 0.002 0.026 0.027 0.043 0.020 0.778 
 274 V _   0.083 0.020 0.002 0.025 0.024 0.040 0.020 0.786 
 275 I _   0.082 0.018 0.002 0.023 0.021 0.036 0.019 0.799 
 276 R _   0.082 0.015 0.001 0.020 0.017 0.031 0.019 0.815 
 277 L _   0.080 0.011 0.001 0.016 0.013 0.027 0.019 0.834 
 278 S _   0.080 0.006 0.001 0.011 0.010 0.023 0.018 0.852 
 279 L _   0.082 0.003 0.001 0.007 0.007 0.019 0.017 0.866 
 280 F _   0.087 0.001 0.001 0.004 0.005 0.015 0.016 0.872 
 281 S _   0.098 0.000 0.000 0.002 0.004 0.013 0.015 0.867 
 282 K _   0.119 0.000 0.000 0.001 0.003 0.012 0.014 0.850 
 283 S _   0.156 0.000 0.000 0.001 0.004 0.012 0.012 0.815 
 284 S _   0.217 0.000 0.001 0.001 0.005 0.013 0.011 0.754 
 285 D _   0.305 0.000 0.001 0.001 0.007 0.015 0.009 0.663 
 286 V _   0.415 0.000 0.001 0.001 0.010 0.017 0.007 0.549 
 287 W H   0.527 0.000 0.001 0.001 0.015 0.019 0.005 0.431 
 288 S H   0.620 0.000 0.001 0.001 0.020 0.021 0.004 0.333 
 289 F H   0.689 0.000 0.001 0.002 0.024 0.021 0.004 0.260 
 290 G H   0.734 0.000 0.001 0.002 0.027 0.021 0.003 0.212 
 291 V H   0.761 0.000 0.002 0.002 0.028 0.020 0.003 0.184 
 292 L H   0.770 0.000 0.002 0.003 0.029 0.019 0.003 0.175 
 293 L H   0.763 0.000 0.002 0.003 0.029 0.018 0.003 0.182 
 294 W H   0.741 0.000 0.002 0.003 0.028 0.017 0.004 0.205 
 295 E H   0.701 0.000 0.002 0.003 0.026 0.016 0.004 0.247 
 296 L H   0.642 0.000 0.002 0.003 0.022 0.015 0.005 0.311 
 297 L H   0.565 0.000 0.002 0.003 0.017 0.014 0.006 0.394 
 298 T _   0.481 0.000 0.001 0.002 0.011 0.013 0.007 0.484 
 299 G _   0.404 0.000 0.001 0.001 0.007 0.011 0.009 0.567 
 300 E _   0.343 0.000 0.001 0.001 0.005 0.010 0.010 0.630 
 301 V _   0.305 0.000 0.000 0.001 0.004 0.010 0.010 0.670 
 302 P _   0.288 0.000 0.000 0.001 0.003 0.011 0.011 0.686 
 303 Y _   0.290 0.000 0.000 0.001 0.003 0.012 0.011 0.682 
 304 R _   0.311 0.000 0.001 0.001 0.005 0.015 0.012 0.657 
 305 E _   0.348 0.000 0.001 0.001 0.007 0.019 0.012 0.612 
 306 I _   0.398 0.000 0.001 0.001 0.012 0.024 0.012 0.551 
 307 D _   0.451 0.000 0.001 0.002 0.019 0.030 0.013 0.484 
 308 A H   0.499 0.000 0.002 0.003 0.027 0.035 0.014 0.420 
 309 L H   0.535 0.001 0.002 0.005 0.036 0.039 0.015 0.368 
 310 A H   0.559 0.001 0.002 0.007 0.043 0.041 0.017 0.330 
 311 V H   0.569 0.002 0.002 0.009 0.048 0.042 0.019 0.309 
 312 A H   0.565 0.003 0.003 0.011 0.050 0.041 0.022 0.305 
 313 Y H   0.548 0.003 0.003 0.012 0.049 0.040 0.026 0.319 
 314 G H   0.516 0.003 0.003 0.012 0.046 0.038 0.031 0.350 
 315 V H   0.474 0.003 0.003 0.012 0.041 0.036 0.037 0.395 
 316 A _   0.419 0.002 0.002 0.011 0.034 0.033 0.044 0.454 
 317 M _   0.355 0.002 0.002 0.010 0.027 0.029 0.053 0.523 
 318 N _   0.288 0.001 0.002 0.008 0.019 0.026 0.062 0.595 
 319 K _   0.224 0.001 0.001 0.007 0.014 0.022 0.070 0.660 
 320 L _   0.168 0.001 0.001 0.006 0.010 0.019 0.079 0.717 
 321 T _   0.121 0.000 0.001 0.006 0.007 0.016 0.086 0.762 
 322 L _   0.085 0.000 0.001 0.005 0.005 0.014 0.092 0.798 
 323 P _   0.059 0.000 0.000 0.004 0.004 0.012 0.097 0.823 
 324 I _   0.041 0.001 0.000 0.004 0.003 0.011 0.101 0.839 
 325 P _   0.029 0.001 0.000 0.004 0.003 0.011 0.104 0.847 
 326 S _   0.023 0.002 0.000 0.004 0.003 0.012 0.107 0.850 
 327 T _   0.019 0.004 0.000 0.005 0.003 0.013 0.109 0.846 
 328 C _   0.017 0.009 0.001 0.008 0.005 0.016 0.110 0.835 
 329 P _   0.017 0.019 0.001 0.013 0.007 0.018 0.111 0.813 
 330 E _   0.017 0.038 0.001 0.022 0.010 0.021 0.112 0.778 
 331 P _   0.017 0.062 0.001 0.034 0.014 0.023 0.113 0.735 
 332 F _   0.017 0.086 0.001 0.047 0.016 0.025 0.114 0.693 
 333 A _   0.016 0.103 0.001 0.059 0.017 0.025 0.116 0.662 
 334 R _   0.016 0.112 0.001 0.065 0.017 0.024 0.119 0.645 
 335 L _   0.015 0.115 0.001 0.067 0.016 0.022 0.124 0.639 
 336 L _   0.013 0.113 0.001 0.064 0.015 0.020 0.129 0.645 
 337 E _   0.012 0.105 0.001 0.055 0.012 0.018 0.136 0.661 
 338 E _   0.011 0.089 0.001 0.043 0.010 0.015 0.144 0.688 
 339 C _   0.010 0.067 0.001 0.030 0.007 0.012 0.152 0.720 
 340 W _   0.009 0.044 0.001 0.019 0.005 0.010 0.161 0.752 
 341 D _   0.008 0.025 0.000 0.011 0.003 0.008 0.168 0.777 
 342 P _   0.006 0.013 0.000 0.006 0.002 0.006 0.173 0.793 
 343 D _   0.005 0.007 0.000 0.004 0.001 0.005 0.177 0.801 
 344 P _   0.004 0.004 0.000 0.002 0.001 0.005 0.179 0.804 
 345 H _   0.004 0.003 0.000 0.002 0.001 0.005 0.180 0.804 
 346 G _   0.005 0.003 0.000 0.002 0.001 0.007 0.180 0.802 
 347 R _   0.006 0.004 0.000 0.003 0.002 0.009 0.180 0.796 
 348 P _   0.008 0.008 0.000 0.004 0.003 0.013 0.178 0.786 
 349 D _   0.011 0.015 0.001 0.007 0.005 0.019 0.175 0.766 
 350 F _   0.015 0.032 0.001 0.012 0.008 0.026 0.171 0.735 
 351 G _   0.019 0.062 0.001 0.018 0.013 0.034 0.166 0.687 
 352 S _   0.023 0.103 0.002 0.024 0.018 0.041 0.160 0.628 
 353 I _   0.027 0.148 0.002 0.030 0.024 0.047 0.155 0.569 
 354 L _   0.030 0.188 0.002 0.034 0.028 0.051 0.150 0.517 
 355 K _   0.033 0.220 0.002 0.037 0.031 0.054 0.146 0.477 
 356 R _   0.035 0.244 0.002 0.038 0.034 0.055 0.143 0.448 
 357 L _   0.038 0.261 0.002 0.038 0.035 0.056 0.142 0.429 
 358 E _   0.040 0.272 0.002 0.037 0.036 0.056 0.141 0.417 
 359 V _   0.042 0.279 0.002 0.035 0.036 0.055 0.141 0.410 
 360 I _   0.045 0.282 0.002 0.034 0.035 0.053 0.141 0.407 
 361 E _   0.046 0.283 0.002 0.034 0.034 0.051 0.142 0.408 
 362 Q _   0.046 0.281 0.002 0.034 0.032 0.048 0.144 0.413 
 363 S _   0.045 0.276 0.002 0.034 0.029 0.044 0.147 0.423 
 364 A _   0.043 0.267 0.002 0.034 0.026 0.040 0.151 0.437 
 365 L _   0.040 0.253 0.002 0.034 0.023 0.036 0.155 0.458 
 366 F _   0.036 0.233 0.002 0.032 0.020 0.032 0.160 0.486 
 367 Q _   0.032 0.206 0.002 0.029 0.016 0.028 0.166 0.522 
 368 M _   0.027 0.173 0.001 0.025 0.013 0.024 0.173 0.564 
 369 P _   0.023 0.139 0.001 0.020 0.010 0.020 0.179 0.607 
 370 L _   0.020 0.105 0.001 0.015 0.008 0.017 0.186 0.649 
 371 E _   0.016 0.078 0.001 0.011 0.006 0.015 0.191 0.682 
 372 S _   0.013 0.060 0.001 0.008 0.004 0.012 0.196 0.706 
 373 F _   0.010 0.049 0.000 0.006 0.003 0.011 0.199 0.720 
 374 H _   0.009 0.044 0.000 0.005 0.003 0.010 0.202 0.728 
 375 S _   0.008 0.042 0.000 0.005 0.002 0.010 0.204 0.729 
 376 L _   0.008 0.042 0.000 0.006 0.003 0.010 0.205 0.727 
 377 Q _   0.008 0.044 0.000 0.007 0.003 0.011 0.205 0.720 
 378 E _   0.009 0.049 0.001 0.010 0.004 0.013 0.206 0.709 
 379 D _   0.009 0.056 0.001 0.015 0.006 0.014 0.206 0.693 
 380 W _   0.010 0.065 0.001 0.021 0.008 0.016 0.207 0.674 
 381 K _   0.011 0.073 0.001 0.027 0.009 0.017 0.207 0.655 
 382 L _   0.011 0.079 0.001 0.033 0.010 0.017 0.209 0.639 
 383 E _   0.012 0.083 0.001 0.036 0.011 0.017 0.212 0.629 
 384 I _   0.012 0.083 0.001 0.038 0.011 0.016 0.215 0.624 
 385 Q _   0.012 0.081 0.001 0.036 0.010 0.015 0.220 0.625 
 386 H _   0.011 0.075 0.001 0.032 0.009 0.014 0.226 0.632 
 387 M _   0.011 0.066 0.001 0.027 0.007 0.012 0.233 0.643 
 388 F _   0.010 0.055 0.001 0.021 0.006 0.011 0.240 0.657 
 389 D _   0.010 0.042 0.001 0.015 0.004 0.009 0.248 0.671 
 390 D _   0.009 0.030 0.000 0.011 0.003 0.008 0.255 0.684 
 391 L _   0.008 0.020 0.000 0.008 0.002 0.007 0.261 0.693 
 392 R _   0.007 0.014 0.000 0.006 0.002 0.006 0.266 0.699 
 393 T _   0.006 0.010 0.000 0.004 0.002 0.005 0.269 0.703 
 394 K _   0.005 0.008 0.000 0.004 0.001 0.005 0.272 0.704 
 395 E _   0.005 0.007 0.000 0.003 0.001 0.005 0.273 0.705 
 396 K _   0.005 0.007 0.000 0.004 0.001 0.005 0.274 0.705 
 397 E _   0.005 0.008 0.000 0.004 0.001 0.005 0.273 0.703 
 398 L _   0.005 0.009 0.000 0.005 0.002 0.006 0.272 0.702 
 399 R _   0.005 0.011 0.000 0.006 0.002 0.007 0.271 0.699 
 400 S _   0.005 0.015 0.000 0.008 0.002 0.007 0.268 0.694 
 401 R _   0.005 0.019 0.000 0.011 0.003 0.008 0.266 0.687 
 402 E _   0.005 0.025 0.000 0.014 0.004 0.009 0.263 0.679 
 403 E _   0.005 0.031 0.001 0.018 0.005 0.010 0.261 0.671 
 404 E _   0.006 0.036 0.001 0.021 0.005 0.011 0.259 0.663 
 405 L _   0.006 0.039 0.001 0.023 0.005 0.011 0.257 0.657 
 406 L _   0.006 0.042 0.001 0.024 0.006 0.011 0.257 0.655 
 407 R _   0.006 0.043 0.001 0.024 0.005 0.011 0.257 0.655 
 408 A _   0.006 0.042 0.001 0.022 0.005 0.010 0.257 0.657 
 409 A _   0.006 0.040 0.001 0.020 0.005 0.010 0.258 0.661 
 410 Q _   0.006 0.038 0.000 0.017 0.004 0.009 0.260 0.666 
 411 E _   0.006 0.034 0.000 0.015 0.004 0.008 0.262 0.671 
 412 Q _   0.006 0.030 0.000 0.013 0.003 0.008 0.264 0.676 
 413 R _   0.006 0.027 0.000 0.011 0.003 0.007 0.266 0.680 
 414 F _   0.006 0.023 0.000 0.010 0.003 0.007 0.268 0.683 
 415 Q _   0.006 0.020 0.000 0.009 0.003 0.007 0.270 0.686 
 416 E _   0.005 0.018 0.000 0.008 0.002 0.006 0.272 0.688 
 417 E _   0.005 0.016 0.000 0.008 0.002 0.006 0.273 0.689 
 418 Q _   0.005 0.014 0.000 0.007 0.002 0.006 0.274 0.691 
 419 L _   0.005 0.013 0.000 0.007 0.002 0.006 0.275 0.693 
 420 R _   0.004 0.012 0.000 0.007 0.002 0.006 0.275 0.694 
 421 R _   0.004 0.011 0.000 0.006 0.002 0.006 0.275 0.695 
 422 R _   0.004 0.011 0.000 0.006 0.002 0.006 0.274 0.697 
 423 E _   0.004 0.011 0.000 0.006 0.002 0.006 0.274 0.697 
 424 Q _   0.004 0.011 0.000 0.006 0.002 0.007 0.273 0.697 
 425 E _   0.004 0.012 0.000 0.006 0.002 0.008 0.272 0.696 
 426 L _   0.005 0.013 0.000 0.006 0.003 0.009 0.270 0.694 
 427 A _   0.006 0.015 0.000 0.007 0.003 0.011 0.268 0.690 
 428 E _   0.008 0.017 0.000 0.007 0.004 0.014 0.266 0.684 
 429 R _   0.010 0.021 0.001 0.008 0.005 0.017 0.264 0.675 
 430 E _   0.013 0.026 0.001 0.010 0.006 0.021 0.262 0.663 
 431 M _   0.017 0.033 0.001 0.011 0.009 0.026 0.259 0.644 
 432 D _   0.024 0.043 0.001 0.014 0.013 0.031 0.256 0.620 
 433 I _   0.031 0.056 0.001 0.017 0.017 0.037 0.253 0.588 
 434 V _   0.039 0.072 0.002 0.020 0.023 0.042 0.250 0.552 
 435 E _   0.046 0.089 0.002 0.025 0.028 0.046 0.248 0.515 
 436 R _   0.052 0.106 0.002 0.030 0.033 0.048 0.247 0.481 
 437 E _   0.056 0.121 0.002 0.036 0.036 0.049 0.247 0.453 
 438 L _   0.058 0.130 0.002 0.041 0.036 0.047 0.249 0.435 
 439 H _   0.059 0.136 0.002 0.045 0.035 0.045 0.252 0.428 
 440 L _   0.057 0.137 0.002 0.046 0.032 0.041 0.256 0.430 
 441 L _   0.053 0.133 0.002 0.044 0.027 0.036 0.262 0.443 
 442 M _   0.048 0.124 0.002 0.040 0.023 0.032 0.268 0.464 
 443 C _   0.042 0.110 0.002 0.033 0.018 0.027 0.276 0.493 
 444 Q _   0.036 0.089 0.001 0.026 0.013 0.022 0.285 0.527 
 445 L _   0.029 0.065 0.001 0.020 0.009 0.018 0.294 0.564 
 446 S _   0.023 0.043 0.001 0.014 0.006 0.014 0.302 0.598 
 447 Q _   0.018 0.027 0.001 0.009 0.004 0.011 0.308 0.623 
 448 E _   0.014 0.017 0.000 0.006 0.003 0.009 0.313 0.639 
 449 K _   0.010 0.011 0.000 0.004 0.002 0.007 0.316 0.649 
 450 P _   0.008 0.009 0.000 0.004 0.002 0.006 0.318 0.655 
 451 R _   0.007 0.007 0.000 0.003 0.001 0.005 0.319 0.657 
 452 V _   0.006 0.007 0.000 0.003 0.001 0.005 0.319 0.658 
 453 R _   0.005 0.007 0.000 0.004 0.001 0.005 0.318 0.659 
 454 K _   0.005 0.008 0.000 0.005 0.002 0.005 0.317 0.658 
 455 R _   0.004 0.010 0.000 0.006 0.002 0.006 0.315 0.657 
 456 K _   0.004 0.013 0.000 0.007 0.002 0.006 0.312 0.655 
 457 G _   0.004 0.016 0.000 0.008 0.003 0.007 0.309 0.652 
 458 N _   0.004 0.021 0.000 0.010 0.003 0.008 0.305 0.649 
 459 F _   0.004 0.026 0.000 0.012 0.003 0.008 0.301 0.644 
 460 K _   0.005 0.033 0.000 0.014 0.004 0.009 0.297 0.638 
 461 R _   0.005 0.039 0.001 0.017 0.004 0.009 0.294 0.632 
 462 S _   0.005 0.044 0.001 0.019 0.005 0.010 0.290 0.626 
 463 R _   0.005 0.049 0.001 0.021 0.005 0.010 0.287 0.621 
 464 L _   0.005 0.053 0.001 0.023 0.006 0.011 0.285 0.616 
 465 L _   0.005 0.056 0.001 0.024 0.006 0.011 0.284 0.614 
 466 K _   0.006 0.057 0.001 0.023 0.006 0.010 0.283 0.614 
 467 L _   0.006 0.057 0.001 0.022 0.006 0.010 0.283 0.616 
 468 R _   0.006 0.055 0.001 0.019 0.005 0.009 0.283 0.621 
 469 E _   0.005 0.053 0.001 0.016 0.004 0.009 0.284 0.627 
 470 G _   0.005 0.049 0.000 0.013 0.004 0.008 0.285 0.634 
 471 G _   0.005 0.046 0.000 0.011 0.003 0.008 0.287 0.640 
 472 S _   0.005 0.044 0.000 0.008 0.003 0.008 0.288 0.644 
 473 H _   0.005 0.042 0.000 0.007 0.003 0.008 0.288 0.647 
 474 I _   0.005 0.041 0.000 0.006 0.002 0.008 0.289 0.648 
 475 S _   0.006 0.041 0.000 0.006 0.003 0.009 0.289 0.647 
 476 L _   0.006 0.043 0.000 0.007 0.003 0.010 0.288 0.642 
 477 P _   0.007 0.047 0.000 0.009 0.004 0.011 0.287 0.635 
 478 S _   0.008 0.054 0.001 0.012 0.005 0.013 0.286 0.622 
 479 G _   0.008 0.064 0.001 0.016 0.007 0.014 0.284 0.606 
 480 F _   0.009 0.076 0.001 0.021 0.008 0.016 0.283 0.586 
 481 E _   0.010 0.088 0.001 0.027 0.009 0.017 0.282 0.567 
 482 H _   0.010 0.097 0.001 0.033 0.010 0.017 0.281 0.550 
 483 K _   0.010 0.104 0.001 0.037 0.011 0.017 0.282 0.538 
 484 I _   0.010 0.107 0.001 0.040 0.011 0.017 0.283 0.531 
 485 T _   0.010 0.108 0.001 0.040 0.010 0.016 0.286 0.530 
 486 V _   0.010 0.105 0.001 0.038 0.009 0.015 0.289 0.533 
 487 Q _   0.009 0.099 0.001 0.034 0.008 0.014 0.294 0.541 
 488 A _   0.009 0.089 0.001 0.029 0.007 0.012 0.299 0.554 
 489 S _   0.008 0.076 0.001 0.023 0.006 0.011 0.305 0.570 
 490 P _   0.008 0.062 0.001 0.018 0.004 0.009 0.312 0.587 
 491 T _   0.007 0.047 0.000 0.013 0.003 0.008 0.317 0.603 
 492 L _   0.007 0.036 0.000 0.010 0.003 0.007 0.322 0.616 
 493 D _   0.006 0.027 0.000 0.007 0.002 0.006 0.325 0.626 
 494 K _   0.005 0.021 0.000 0.005 0.002 0.005 0.328 0.633 
 495 R _   0.005 0.018 0.000 0.004 0.001 0.005 0.329 0.638 
 496 K _   0.004 0.016 0.000 0.004 0.001 0.004 0.329 0.642 
 497 G _   0.004 0.016 0.000 0.004 0.001 0.004 0.327 0.644 
 498 S _   0.004 0.016 0.000 0.004 0.001 0.005 0.325 0.646 
 499 D _   0.004 0.017 0.000 0.004 0.001 0.005 0.321 0.648 
 500 G _   0.004 0.020 0.000 0.005 0.001 0.006 0.316 0.648 
 501 A _   0.004 0.024 0.000 0.006 0.002 0.007 0.309 0.647 
 502 S _   0.004 0.032 0.000 0.008 0.002 0.009 0.301 0.644 
 503 P _   0.005 0.044 0.000 0.010 0.003 0.011 0.290 0.636 
 504 P _   0.005 0.063 0.001 0.014 0.005 0.013 0.277 0.622 
 505 A _   0.006 0.092 0.001 0.018 0.007 0.016 0.261 0.598 
 506 S _   0.007 0.133 0.001 0.023 0.009 0.019 0.243 0.564 
 507 P _   0.008 0.188 0.002 0.029 0.012 0.022 0.223 0.516 
 508 S _   0.009 0.256 0.002 0.034 0.016 0.024 0.201 0.458 
 509 I _   0.009 0.332 0.002 0.039 0.018 0.025 0.181 0.394 
 510 I E   0.009 0.408 0.002 0.042 0.019 0.024 0.163 0.333 
 511 P E   0.008 0.472 0.002 0.045 0.019 0.023 0.149 0.282 
 512 R E   0.007 0.522 0.002 0.046 0.018 0.021 0.139 0.245 
 513 L E   0.007 0.553 0.001 0.047 0.017 0.020 0.132 0.223 
 514 R E   0.006 0.572 0.001 0.047 0.016 0.018 0.128 0.212 
 515 A E   0.006 0.581 0.001 0.046 0.014 0.017 0.125 0.209 
 516 I E   0.006 0.584 0.001 0.045 0.013 0.016 0.123 0.213 
 517 R E   0.006 0.580 0.001 0.042 0.012 0.014 0.123 0.222 
 518 L E   0.006 0.569 0.001 0.039 0.011 0.013 0.123 0.239 
 519 T E   0.006 0.550 0.001 0.035 0.010 0.012 0.124 0.263 
 520 P E   0.006 0.521 0.001 0.031 0.009 0.011 0.126 0.295 
 521 V E   0.006 0.486 0.001 0.026 0.008 0.011 0.128 0.335 
 522 D E   0.006 0.446 0.001 0.022 0.007 0.010 0.131 0.378 
 523 C _   0.006 0.408 0.001 0.018 0.005 0.009 0.134 0.419 
 524 G _   0.005 0.378 0.001 0.014 0.004 0.008 0.136 0.453 
 525 G _   0.005 0.356 0.000 0.012 0.003 0.008 0.138 0.478 
 526 S _   0.004 0.341 0.000 0.011 0.003 0.007 0.139 0.495 
 527 S _   0.004 0.331 0.000 0.010 0.002 0.007 0.140 0.505 
 528 S _   0.003 0.326 0.000 0.011 0.002 0.007 0.140 0.509 
 529 G _   0.003 0.324 0.000 0.013 0.003 0.007 0.140 0.509 
 530 S _   0.003 0.323 0.000 0.016 0.003 0.008 0.140 0.507 
 531 S _   0.003 0.323 0.000 0.019 0.004 0.008 0.140 0.502 
 532 S _   0.004 0.322 0.001 0.023 0.004 0.008 0.140 0.499 
 533 G _   0.004 0.318 0.001 0.026 0.005 0.009 0.141 0.497 
 534 G _   0.004 0.312 0.001 0.028 0.005 0.009 0.143 0.499 
 535 S _   0.004 0.300 0.001 0.029 0.005 0.009 0.145 0.507 
 536 G _   0.004 0.282 0.001 0.028 0.005 0.009 0.149 0.521 
 537 T _   0.005 0.256 0.001 0.026 0.005 0.009 0.154 0.545 
 538 W _   0.005 0.223 0.001 0.023 0.005 0.009 0.159 0.575 
 539 S _   0.005 0.188 0.001 0.019 0.004 0.008 0.166 0.609 
 540 R _   0.005 0.155 0.001 0.015 0.003 0.008 0.172 0.641 
 541 G _   0.005 0.130 0.000 0.011 0.003 0.007 0.177 0.666 
 542 G _   0.004 0.113 0.000 0.009 0.002 0.006 0.181 0.684 
 543 P _   0.004 0.102 0.000 0.007 0.002 0.006 0.184 0.695 
 544 P _   0.004 0.096 0.000 0.006 0.002 0.006 0.185 0.701 
 545 K _   0.004 0.093 0.000 0.006 0.001 0.006 0.186 0.704 
 546 K _   0.004 0.092 0.000 0.007 0.002 0.006 0.186 0.704 
 547 E _   0.003 0.092 0.000 0.008 0.002 0.006 0.185 0.703 
 548 E _   0.003 0.094 0.000 0.009 0.002 0.006 0.184 0.700 
 549 L _   0.003 0.098 0.000 0.011 0.002 0.007 0.183 0.697 
 550 V _   0.003 0.102 0.000 0.012 0.002 0.007 0.181 0.693 
 551 G _   0.003 0.106 0.000 0.013 0.003 0.007 0.179 0.689 
 552 G _   0.003 0.110 0.000 0.014 0.003 0.007 0.177 0.685 
 553 K _   0.003 0.113 0.000 0.015 0.003 0.007 0.175 0.682 
 554 K _   0.003 0.116 0.000 0.015 0.003 0.008 0.174 0.680 
 555 K _   0.003 0.119 0.000 0.015 0.003 0.008 0.173 0.678 
 556 G _   0.004 0.120 0.000 0.015 0.003 0.008 0.172 0.677 
 557 R _   0.004 0.122 0.000 0.015 0.003 0.008 0.172 0.676 
 558 T _   0.004 0.122 0.000 0.015 0.003 0.008 0.172 0.676 
 559 W _   0.004 0.123 0.000 0.015 0.003 0.008 0.172 0.675 
 560 G _   0.004 0.122 0.000 0.014 0.003 0.008 0.172 0.675 
 561 P _   0.004 0.122 0.000 0.014 0.003 0.008 0.173 0.676 
 562 S _   0.004 0.121 0.000 0.013 0.003 0.008 0.173 0.677 
 563 S _   0.004 0.120 0.000 0.013 0.003 0.008 0.174 0.678 
 564 T _   0.004 0.119 0.000 0.013 0.003 0.008 0.175 0.679 
 565 L _   0.004 0.118 0.000 0.012 0.003 0.008 0.175 0.679 
 566 Q _   0.004 0.117 0.000 0.012 0.003 0.007 0.176 0.679 
 567 K _   0.004 0.117 0.000 0.013 0.003 0.007 0.177 0.678 
 568 E _   0.004 0.117 0.000 0.013 0.003 0.007 0.178 0.677 
 569 R _   0.004 0.117 0.000 0.014 0.003 0.007 0.178 0.676 
 570 V _   0.004 0.116 0.000 0.015 0.003 0.007 0.179 0.675 
 571 G _   0.004 0.116 0.000 0.015 0.003 0.007 0.180 0.673 
 572 G _   0.004 0.115 0.000 0.016 0.004 0.008 0.181 0.672 
 573 E _   0.004 0.113 0.000 0.016 0.004 0.008 0.183 0.672 
 574 E _   0.004 0.111 0.000 0.016 0.004 0.008 0.185 0.672 
 575 R _   0.004 0.108 0.000 0.016 0.004 0.007 0.187 0.673 
 576 L _   0.004 0.104 0.000 0.016 0.003 0.007 0.190 0.675 
 577 K _   0.004 0.099 0.000 0.015 0.003 0.007 0.193 0.678 
 578 G _   0.004 0.094 0.000 0.015 0.003 0.007 0.196 0.680 
 579 L _   0.004 0.088 0.000 0.014 0.003 0.007 0.199 0.683 
 580 G _   0.004 0.082 0.000 0.014 0.003 0.007 0.203 0.686 
 581 E _   0.004 0.077 0.000 0.013 0.003 0.007 0.206 0.689 
 582 G _   0.005 0.071 0.000 0.013 0.003 0.007 0.210 0.692 
 583 S _   0.005 0.066 0.000 0.012 0.003 0.007 0.213 0.694 
 584 K _   0.004 0.061 0.000 0.012 0.003 0.007 0.217 0.697 
 585 Q _   0.004 0.056 0.000 0.011 0.002 0.007 0.220 0.699 
 586 W _   0.004 0.051 0.000 0.011 0.002 0.006 0.223 0.702 
 587 S _   0.004 0.047 0.000 0.010 0.002 0.006 0.226 0.703 
 588 S _   0.004 0.044 0.000 0.010 0.002 0.006 0.229 0.705 
 589 S _   0.004 0.041 0.000 0.009 0.002 0.006 0.231 0.707 
 590 A _   0.004 0.038 0.000 0.008 0.002 0.006 0.233 0.708 
 591 P _   0.004 0.036 0.000 0.008 0.002 0.005 0.235 0.710 
 592 N _   0.004 0.035 0.000 0.007 0.002 0.005 0.236 0.712 
 593 L _   0.004 0.034 0.000 0.006 0.002 0.005 0.236 0.713 
 594 G _   0.003 0.034 0.000 0.006 0.002 0.005 0.236 0.714 
 595 K _   0.003 0.035 0.000 0.006 0.002 0.005 0.235 0.714 
 596 S _   0.003 0.038 0.000 0.006 0.002 0.006 0.233 0.712 
 597 P _   0.004 0.042 0.000 0.007 0.002 0.006 0.232 0.707 
 598 K _   0.004 0.049 0.000 0.008 0.002 0.007 0.229 0.700 
 599 H _   0.004 0.060 0.000 0.010 0.003 0.009 0.226 0.688 
 600 T _   0.005 0.075 0.001 0.013 0.004 0.010 0.223 0.670 
 601 P _   0.005 0.095 0.001 0.017 0.005 0.011 0.219 0.648 
 602 I _   0.005 0.118 0.001 0.020 0.006 0.011 0.215 0.624 
 603 A _   0.005 0.140 0.001 0.023 0.006 0.012 0.211 0.602 
 604 P _   0.005 0.159 0.001 0.026 0.007 0.012 0.208 0.582 
 605 G _   0.005 0.175 0.001 0.028 0.007 0.012 0.205 0.567 
 606 F _   0.005 0.187 0.001 0.029 0.007 0.012 0.204 0.555 
 607 A _   0.005 0.195 0.001 0.030 0.007 0.012 0.203 0.547 
 608 S _   0.005 0.201 0.001 0.032 0.007 0.012 0.202 0.540 
 609 L _   0.005 0.204 0.001 0.033 0.007 0.012 0.202 0.536 
 610 N _   0.005 0.205 0.001 0.033 0.007 0.012 0.203 0.533 
 611 E _   0.006 0.204 0.001 0.033 0.007 0.012 0.205 0.532 
 612 M _   0.006 0.200 0.001 0.033 0.007 0.012 0.208 0.534 
 613 E _   0.006 0.193 0.001 0.033 0.007 0.011 0.211 0.538 
 614 E _   0.006 0.181 0.001 0.031 0.007 0.011 0.216 0.547 
 615 F _   0.006 0.165 0.001 0.028 0.006 0.010 0.221 0.562 
 616 A _   0.007 0.144 0.001 0.025 0.006 0.010 0.228 0.581 
 617 E _   0.007 0.119 0.001 0.021 0.005 0.009 0.235 0.604 
 618 A _   0.007 0.093 0.001 0.017 0.004 0.009 0.242 0.627 
 619 E _   0.007 0.069 0.001 0.014 0.004 0.008 0.249 0.649 
 620 D _   0.006 0.050 0.000 0.011 0.003 0.007 0.256 0.667 
 621 G _   0.006 0.035 0.000 0.008 0.002 0.007 0.261 0.680 
 622 G _   0.005 0.026 0.000 0.007 0.002 0.006 0.265 0.689 
 623 S _   0.005 0.019 0.000 0.006 0.002 0.006 0.268 0.695 
 624 S _   0.005 0.015 0.000 0.005 0.002 0.005 0.270 0.698 
 625 V _   0.004 0.013 0.000 0.005 0.001 0.005 0.271 0.700 
 626 P _   0.004 0.012 0.000 0.005 0.001 0.005 0.271 0.701 
 627 P _   0.004 0.011 0.000 0.005 0.002 0.005 0.271 0.702 
 628 S _   0.004 0.011 0.000 0.006 0.002 0.006 0.269 0.703 
 629 P _   0.004 0.011 0.000 0.006 0.002 0.006 0.268 0.703 
 630 Y _   0.004 0.012 0.000 0.008 0.002 0.007 0.265 0.702 
 631 S _   0.004 0.014 0.000 0.009 0.002 0.007 0.263 0.700 
 632 T _   0.004 0.016 0.000 0.012 0.003 0.008 0.260 0.697 
 633 P _   0.004 0.019 0.000 0.015 0.004 0.009 0.257 0.693 
 634 S _   0.005 0.021 0.000 0.018 0.004 0.009 0.254 0.688 
 635 Y _   0.005 0.024 0.001 0.022 0.005 0.010 0.251 0.684 
 636 L _   0.005 0.026 0.001 0.024 0.005 0.010 0.249 0.681 
 637 S _   0.005 0.026 0.001 0.025 0.005 0.010 0.247 0.680 
 638 V _   0.005 0.026 0.001 0.025 0.005 0.010 0.246 0.682 
 639 P _   0.005 0.025 0.001 0.023 0.005 0.009 0.245 0.687 
 640 L _   0.005 0.023 0.000 0.020 0.004 0.008 0.245 0.694 
 641 P _   0.005 0.020 0.000 0.016 0.003 0.008 0.245 0.702 
 642 A _   0.005 0.017 0.000 0.013 0.003 0.007 0.245 0.711 
 643 E _   0.005 0.013 0.000 0.010 0.002 0.006 0.245 0.718 
 644 P _   0.004 0.011 0.000 0.008 0.002 0.006 0.244 0.724 
 645 S _   0.004 0.009 0.000 0.007 0.002 0.006 0.243 0.729 
 646 P _   0.004 0.007 0.000 0.007 0.002 0.006 0.242 0.732 
 647 G _   0.004 0.006 0.000 0.007 0.002 0.006 0.240 0.734 
 648 A _   0.005 0.006 0.000 0.008 0.002 0.006 0.238 0.736 
 649 R _   0.005 0.005 0.000 0.008 0.002 0.006 0.235 0.738 
 650 A _   0.005 0.005 0.000 0.009 0.002 0.006 0.232 0.741 
 651 P _   0.005 0.005 0.000 0.009 0.002 0.006 0.228 0.745 
 652 W _   0.005 0.004 0.000 0.009 0.002 0.006 0.224 0.750 
 653 E _   0.004 0.004 0.000 0.009 0.002 0.006 0.220 0.756 
 654 P _   0.004 0.003 0.000 0.008 0.002 0.005 0.215 0.763 
 655 T _   0.004 0.003 0.000 0.007 0.002 0.005 0.210 0.770 
 656 P _   0.004 0.002 0.000 0.006 0.002 0.005 0.204 0.777 
 657 S _   0.004 0.002 0.000 0.006 0.002 0.005 0.198 0.783 
 658 A _   0.004 0.002 0.000 0.006 0.002 0.005 0.191 0.789 
 659 P _   0.004 0.002 0.000 0.007 0.002 0.006 0.184 0.795 
 660 P _   0.004 0.002 0.000 0.008 0.002 0.007 0.176 0.800 
 661 A _   0.005 0.002 0.000 0.009 0.003 0.008 0.168 0.805 
 662 R _   0.006 0.002 0.000 0.011 0.003 0.008 0.159 0.810 
 663 W _   0.008 0.002 0.000 0.011 0.004 0.009 0.150 0.815 
