#TopoPred_TM8: 8-state transmembrane topology prediction results by no_profile mode 
#probabilities are in the order of H E C I L F X _, the 8 transmembrane topology types used in PDBTM 
   1 M X   0.025 0.001 0.003 0.069 0.015 0.023 0.584 0.279 
   2 C X   0.014 0.001 0.000 0.049 0.004 0.019 0.600 0.313 
   3 T X   0.009 0.001 0.000 0.034 0.002 0.017 0.602 0.335 
   4 V X   0.011 0.001 0.000 0.025 0.003 0.019 0.595 0.346 
   5 V X   0.015 0.001 0.000 0.020 0.004 0.023 0.581 0.356 
   6 D X   0.020 0.001 0.001 0.016 0.006 0.027 0.561 0.368 
   7 P X   0.026 0.002 0.001 0.015 0.008 0.031 0.540 0.378 
   8 R X   0.030 0.004 0.001 0.016 0.009 0.033 0.518 0.388 
   9 I X   0.033 0.007 0.001 0.018 0.012 0.034 0.496 0.400 
  10 V X   0.033 0.010 0.001 0.021 0.014 0.034 0.474 0.413 
  11 R X   0.031 0.012 0.001 0.023 0.015 0.033 0.454 0.429 
  12 R _   0.029 0.014 0.001 0.024 0.015 0.032 0.435 0.449 
  13 Y _   0.026 0.016 0.001 0.023 0.015 0.030 0.418 0.471 
  14 L _   0.024 0.016 0.001 0.020 0.013 0.028 0.403 0.494 
  15 L _   0.021 0.017 0.001 0.017 0.011 0.026 0.388 0.518 
  16 R _   0.019 0.017 0.001 0.014 0.010 0.024 0.374 0.541 
  17 R _   0.018 0.017 0.001 0.012 0.008 0.023 0.361 0.561 
  18 Q _   0.016 0.017 0.001 0.010 0.008 0.022 0.348 0.577 
  19 L _   0.016 0.019 0.001 0.010 0.008 0.022 0.335 0.590 
  20 G _   0.015 0.021 0.001 0.011 0.008 0.022 0.322 0.600 
  21 Q _   0.015 0.025 0.001 0.013 0.009 0.022 0.309 0.605 
  22 G _   0.016 0.030 0.001 0.016 0.011 0.023 0.296 0.608 
  23 A _   0.016 0.036 0.001 0.020 0.012 0.023 0.283 0.609 
  24 Y _   0.016 0.042 0.001 0.024 0.013 0.023 0.271 0.610 
  25 G _   0.016 0.047 0.001 0.027 0.013 0.023 0.260 0.613 
  26 I _   0.016 0.050 0.001 0.028 0.013 0.022 0.251 0.619 
  27 V _   0.015 0.051 0.001 0.027 0.012 0.021 0.242 0.629 
  28 W _   0.015 0.051 0.001 0.025 0.011 0.020 0.235 0.642 
  29 K _   0.014 0.049 0.001 0.021 0.010 0.019 0.228 0.657 
  30 A _   0.014 0.047 0.001 0.017 0.008 0.018 0.222 0.673 
  31 V _   0.013 0.044 0.001 0.013 0.007 0.017 0.216 0.688 
  32 D _   0.013 0.042 0.001 0.011 0.006 0.017 0.211 0.700 
  33 R _   0.013 0.041 0.001 0.009 0.005 0.017 0.206 0.709 
  34 R _   0.013 0.041 0.001 0.008 0.005 0.017 0.200 0.714 
  35 T _   0.013 0.043 0.001 0.009 0.006 0.018 0.195 0.715 
  36 G _   0.014 0.047 0.001 0.011 0.007 0.020 0.189 0.711 
  37 E _   0.015 0.055 0.001 0.015 0.009 0.021 0.182 0.702 
  38 V _   0.016 0.065 0.001 0.020 0.011 0.023 0.176 0.688 
  39 V _   0.017 0.076 0.001 0.026 0.014 0.024 0.169 0.673 
  40 A _   0.018 0.085 0.001 0.033 0.015 0.025 0.163 0.659 
  41 I _   0.018 0.092 0.001 0.038 0.016 0.025 0.158 0.651 
  42 K _   0.018 0.095 0.001 0.042 0.016 0.024 0.154 0.649 
  43 K _   0.017 0.095 0.001 0.042 0.016 0.023 0.152 0.654 
  44 I _   0.016 0.091 0.001 0.040 0.014 0.021 0.150 0.667 
  45 F _   0.015 0.084 0.001 0.034 0.012 0.019 0.148 0.687 
  46 D _   0.014 0.071 0.001 0.028 0.010 0.017 0.147 0.713 
  47 A _   0.012 0.055 0.001 0.020 0.007 0.015 0.147 0.742 
  48 F _   0.011 0.039 0.001 0.014 0.005 0.013 0.146 0.771 
  49 R _   0.010 0.025 0.001 0.009 0.004 0.012 0.145 0.795 
  50 D _   0.009 0.016 0.000 0.005 0.003 0.011 0.144 0.811 
  51 K _   0.009 0.012 0.000 0.004 0.002 0.011 0.142 0.820 
  52 T _   0.009 0.010 0.000 0.003 0.002 0.012 0.140 0.823 
  53 D _   0.011 0.010 0.000 0.003 0.003 0.014 0.137 0.821 
  54 A _   0.014 0.012 0.000 0.005 0.005 0.018 0.133 0.812 
  55 Q _   0.018 0.019 0.001 0.009 0.008 0.023 0.129 0.794 
  56 R _   0.023 0.032 0.001 0.016 0.013 0.029 0.123 0.764 
  57 T _   0.026 0.053 0.002 0.026 0.019 0.034 0.117 0.723 
  58 F _   0.029 0.077 0.002 0.039 0.024 0.037 0.111 0.682 
  59 R _   0.030 0.097 0.002 0.051 0.028 0.039 0.106 0.648 
  60 E _   0.030 0.109 0.002 0.061 0.030 0.039 0.102 0.627 
  61 I _   0.030 0.115 0.002 0.065 0.029 0.038 0.099 0.622 
  62 T _   0.029 0.115 0.002 0.064 0.027 0.035 0.097 0.630 
  63 L _   0.028 0.109 0.002 0.057 0.024 0.032 0.096 0.652 
  64 L _   0.026 0.096 0.002 0.046 0.020 0.028 0.096 0.686 
  65 Q _   0.025 0.075 0.002 0.033 0.015 0.025 0.096 0.730 
  66 E _   0.022 0.050 0.001 0.021 0.011 0.021 0.096 0.778 
  67 F _   0.019 0.028 0.001 0.012 0.007 0.019 0.096 0.819 
  68 G _   0.017 0.014 0.001 0.007 0.005 0.017 0.095 0.845 
  69 D _   0.015 0.009 0.000 0.004 0.004 0.016 0.094 0.858 
  70 H _   0.015 0.007 0.000 0.003 0.003 0.016 0.093 0.863 
  71 P _   0.016 0.007 0.000 0.004 0.004 0.017 0.092 0.860 
  72 N _   0.018 0.009 0.001 0.007 0.006 0.019 0.090 0.851 
  73 I _   0.021 0.013 0.001 0.012 0.009 0.022 0.088 0.835 
  74 I _   0.023 0.021 0.001 0.020 0.012 0.025 0.085 0.813 
  75 S _   0.024 0.029 0.001 0.030 0.015 0.027 0.083 0.791 
  76 L _   0.024 0.036 0.001 0.039 0.018 0.027 0.081 0.774 
  77 L _   0.024 0.040 0.001 0.044 0.018 0.027 0.079 0.768 
  78 D _   0.023 0.040 0.001 0.044 0.017 0.025 0.078 0.771 
  79 V _   0.021 0.038 0.001 0.039 0.015 0.023 0.078 0.784 
  80 I _   0.019 0.033 0.001 0.031 0.012 0.020 0.077 0.806 
  81 R _   0.017 0.026 0.001 0.022 0.009 0.018 0.077 0.831 
  82 A _   0.015 0.017 0.001 0.014 0.006 0.015 0.077 0.856 
  83 E _   0.013 0.011 0.001 0.008 0.004 0.013 0.077 0.874 
  84 N _   0.011 0.007 0.000 0.005 0.003 0.012 0.076 0.886 
  85 D _   0.011 0.005 0.000 0.004 0.003 0.012 0.075 0.890 
  86 R _   0.011 0.005 0.000 0.004 0.003 0.013 0.074 0.889 
  87 D _   0.013 0.006 0.000 0.006 0.004 0.015 0.072 0.883 
  88 I _   0.014 0.009 0.001 0.010 0.006 0.017 0.071 0.872 
  89 Y _   0.016 0.013 0.001 0.016 0.009 0.020 0.069 0.857 
  90 L _   0.017 0.018 0.001 0.023 0.011 0.021 0.067 0.842 
  91 V _   0.017 0.021 0.001 0.029 0.012 0.022 0.065 0.832 
  92 F _   0.017 0.023 0.001 0.032 0.013 0.022 0.064 0.829 
  93 E _   0.016 0.024 0.001 0.031 0.012 0.021 0.062 0.833 
  94 F _   0.014 0.022 0.001 0.027 0.011 0.019 0.062 0.844 
  95 M _   0.013 0.019 0.001 0.022 0.009 0.018 0.061 0.857 
  96 D _   0.012 0.015 0.001 0.016 0.007 0.017 0.060 0.871 
  97 T _   0.011 0.012 0.001 0.012 0.006 0.016 0.060 0.883 
  98 D _   0.011 0.009 0.001 0.009 0.005 0.015 0.059 0.890 
  99 L _   0.012 0.007 0.001 0.008 0.005 0.016 0.059 0.893 
 100 N _   0.013 0.006 0.001 0.008 0.005 0.016 0.058 0.892 
 101 A _   0.014 0.006 0.001 0.009 0.006 0.018 0.057 0.889 
 102 V _   0.016 0.006 0.001 0.011 0.006 0.019 0.057 0.884 
 103 I _   0.019 0.006 0.001 0.012 0.007 0.021 0.056 0.879 
 104 R _   0.021 0.005 0.001 0.013 0.008 0.022 0.055 0.874 
 105 K _   0.024 0.005 0.001 0.014 0.008 0.024 0.054 0.870 
 106 G _   0.029 0.004 0.001 0.013 0.009 0.026 0.053 0.866 
 107 G _   0.034 0.003 0.001 0.011 0.009 0.027 0.053 0.862 
 108 L _   0.043 0.002 0.001 0.009 0.009 0.029 0.052 0.856 
 109 L _   0.054 0.001 0.001 0.007 0.009 0.032 0.051 0.846 
 110 Q _   0.068 0.001 0.001 0.005 0.010 0.035 0.050 0.830 
 111 D _   0.088 0.001 0.001 0.005 0.012 0.040 0.049 0.806 
 112 V _   0.111 0.001 0.001 0.005 0.015 0.045 0.048 0.775 
 113 H _   0.139 0.001 0.001 0.005 0.020 0.051 0.047 0.736 
 114 V _   0.169 0.001 0.002 0.007 0.027 0.056 0.046 0.692 
 115 R _   0.198 0.002 0.002 0.009 0.034 0.062 0.046 0.647 
 116 S _   0.223 0.004 0.002 0.012 0.042 0.066 0.046 0.606 
 117 I _   0.243 0.006 0.002 0.015 0.047 0.068 0.046 0.573 
 118 F _   0.255 0.007 0.002 0.017 0.050 0.068 0.047 0.553 
 119 Y _   0.258 0.008 0.002 0.018 0.051 0.067 0.048 0.547 
 120 Q _   0.255 0.008 0.002 0.018 0.049 0.064 0.050 0.552 
 121 L _   0.246 0.008 0.002 0.017 0.046 0.061 0.052 0.568 
 122 L _   0.230 0.007 0.002 0.015 0.040 0.056 0.055 0.595 
 123 R _   0.209 0.006 0.002 0.013 0.034 0.051 0.058 0.628 
 124 A _   0.184 0.005 0.002 0.011 0.027 0.046 0.061 0.663 
 125 T _   0.158 0.004 0.001 0.010 0.022 0.042 0.064 0.698 
 126 R _   0.133 0.004 0.001 0.010 0.018 0.037 0.068 0.729 
 127 F _   0.110 0.004 0.001 0.011 0.015 0.033 0.071 0.755 
 128 L _   0.088 0.004 0.001 0.012 0.013 0.030 0.074 0.777 
 129 H _   0.071 0.004 0.001 0.013 0.011 0.026 0.078 0.795 
 130 S _   0.056 0.005 0.001 0.015 0.010 0.023 0.081 0.809 
 131 G _   0.044 0.005 0.001 0.015 0.009 0.020 0.084 0.822 
 132 H _   0.034 0.005 0.001 0.015 0.007 0.017 0.087 0.833 
 133 V _   0.027 0.004 0.001 0.013 0.006 0.015 0.090 0.845 
 134 V _   0.021 0.004 0.001 0.011 0.005 0.012 0.092 0.855 
 135 H _   0.016 0.003 0.000 0.008 0.004 0.010 0.094 0.864 
 136 R _   0.013 0.003 0.000 0.006 0.003 0.009 0.096 0.871 
 137 D _   0.010 0.002 0.000 0.005 0.002 0.008 0.097 0.876 
 138 Q _   0.008 0.002 0.000 0.004 0.002 0.007 0.098 0.878 
 139 K _   0.007 0.003 0.000 0.004 0.002 0.008 0.098 0.878 
 140 P _   0.007 0.004 0.000 0.004 0.002 0.009 0.098 0.876 
 141 S _   0.008 0.007 0.000 0.005 0.003 0.010 0.098 0.870 
 142 N _   0.009 0.012 0.000 0.006 0.003 0.012 0.097 0.859 
 143 V _   0.011 0.023 0.001 0.009 0.005 0.015 0.096 0.841 
 144 L _   0.012 0.039 0.001 0.012 0.007 0.018 0.094 0.817 
 145 L _   0.014 0.062 0.001 0.016 0.009 0.022 0.092 0.786 
 146 D _   0.015 0.089 0.001 0.019 0.011 0.025 0.089 0.750 
 147 A _   0.017 0.120 0.001 0.023 0.014 0.028 0.087 0.711 
 148 N _   0.019 0.152 0.001 0.026 0.017 0.031 0.084 0.671 
 149 C _   0.021 0.185 0.002 0.029 0.020 0.033 0.082 0.629 
 150 T _   0.022 0.216 0.002 0.033 0.022 0.034 0.080 0.590 
 151 V _   0.024 0.245 0.002 0.038 0.024 0.035 0.079 0.554 
 152 K _   0.024 0.269 0.002 0.043 0.024 0.034 0.078 0.525 
 153 L _   0.025 0.285 0.002 0.048 0.024 0.033 0.078 0.504 
 154 C _   0.025 0.296 0.002 0.052 0.023 0.032 0.079 0.491 
 155 D _   0.025 0.299 0.002 0.055 0.022 0.029 0.081 0.488 
 156 F _   0.024 0.296 0.001 0.055 0.020 0.027 0.083 0.494 
 157 G _   0.023 0.286 0.001 0.052 0.018 0.024 0.086 0.510 
 158 L _   0.022 0.265 0.001 0.047 0.015 0.022 0.090 0.537 
 159 A _   0.020 0.231 0.001 0.041 0.013 0.019 0.095 0.579 
 160 R _   0.019 0.184 0.001 0.033 0.010 0.017 0.102 0.634 
 161 S _   0.017 0.131 0.001 0.025 0.008 0.014 0.108 0.696 
 162 L _   0.015 0.083 0.001 0.017 0.006 0.012 0.114 0.753 
 163 G _   0.012 0.047 0.001 0.011 0.004 0.010 0.118 0.797 
 164 D _   0.010 0.025 0.000 0.007 0.002 0.008 0.121 0.827 
 165 L _   0.008 0.014 0.000 0.004 0.002 0.006 0.123 0.844 
 166 P _   0.006 0.008 0.000 0.003 0.001 0.005 0.123 0.854 
 167 E _   0.005 0.006 0.000 0.002 0.001 0.005 0.122 0.859 
 168 G _   0.005 0.006 0.000 0.002 0.001 0.006 0.120 0.860 
 169 P _   0.005 0.007 0.000 0.003 0.001 0.008 0.118 0.858 
 170 E _   0.007 0.010 0.000 0.005 0.002 0.012 0.114 0.850 
 171 D _   0.009 0.020 0.001 0.008 0.005 0.017 0.108 0.832 
 172 Q _   0.013 0.042 0.001 0.015 0.008 0.024 0.101 0.796 
 173 A _   0.016 0.083 0.001 0.026 0.014 0.031 0.091 0.738 
 174 V _   0.017 0.136 0.002 0.039 0.019 0.037 0.080 0.671 
 175 T _   0.018 0.186 0.002 0.051 0.023 0.041 0.070 0.610 
 176 E _   0.018 0.221 0.002 0.060 0.026 0.043 0.061 0.567 
 177 Y _   0.019 0.243 0.002 0.066 0.028 0.044 0.055 0.543 
 178 V _   0.020 0.255 0.002 0.068 0.030 0.045 0.049 0.532 
 179 A _   0.021 0.258 0.002 0.067 0.030 0.045 0.045 0.532 
 180 T _   0.022 0.255 0.002 0.063 0.030 0.045 0.042 0.541 
 181 R _   0.024 0.245 0.002 0.057 0.030 0.044 0.039 0.560 
 182 W _   0.026 0.227 0.002 0.050 0.028 0.043 0.037 0.587 
 183 Y _   0.029 0.202 0.002 0.043 0.026 0.041 0.035 0.621 
 184 R _   0.032 0.172 0.002 0.036 0.024 0.040 0.034 0.660 
 185 A _   0.035 0.139 0.002 0.031 0.021 0.039 0.033 0.701 
 186 P _   0.039 0.107 0.002 0.025 0.019 0.037 0.031 0.740 
 187 E _   0.045 0.077 0.001 0.020 0.016 0.035 0.030 0.774 
 188 V _   0.053 0.052 0.001 0.016 0.014 0.033 0.029 0.803 
 189 L _   0.062 0.033 0.001 0.013 0.012 0.031 0.027 0.821 
 190 L _   0.075 0.018 0.001 0.010 0.010 0.029 0.026 0.830 
 191 S _   0.093 0.009 0.001 0.007 0.010 0.027 0.024 0.830 
 192 S _   0.115 0.004 0.001 0.005 0.009 0.026 0.022 0.818 
 193 H _   0.145 0.001 0.001 0.004 0.008 0.024 0.020 0.796 
 194 R _   0.183 0.000 0.001 0.003 0.009 0.024 0.018 0.763 
 195 Y _   0.232 0.000 0.001 0.002 0.009 0.023 0.016 0.718 
 196 T _   0.291 0.000 0.001 0.002 0.009 0.022 0.014 0.661 
 197 L _   0.361 0.000 0.001 0.001 0.011 0.021 0.012 0.593 
 198 G _   0.441 0.000 0.001 0.001 0.012 0.021 0.010 0.514 
 199 V H   0.522 0.000 0.001 0.001 0.014 0.021 0.009 0.432 
 200 D H   0.600 0.000 0.001 0.001 0.017 0.020 0.007 0.353 
 201 M H   0.666 0.000 0.001 0.001 0.020 0.020 0.007 0.286 
 202 W H   0.716 0.000 0.001 0.001 0.022 0.019 0.006 0.234 
 203 S H   0.750 0.000 0.001 0.001 0.024 0.018 0.006 0.199 
 204 L H   0.767 0.000 0.001 0.001 0.026 0.018 0.007 0.180 
 205 G H   0.770 0.000 0.001 0.002 0.027 0.017 0.007 0.175 
 206 C H   0.760 0.000 0.002 0.002 0.027 0.017 0.008 0.183 
 207 I H   0.735 0.000 0.002 0.003 0.027 0.017 0.010 0.205 
 208 L H   0.694 0.000 0.002 0.003 0.027 0.017 0.013 0.244 
 209 G H   0.636 0.000 0.002 0.004 0.025 0.017 0.016 0.300 
 210 E H   0.559 0.000 0.002 0.004 0.021 0.017 0.020 0.376 
 211 M H   0.469 0.000 0.002 0.004 0.018 0.017 0.025 0.465 
 212 L _   0.371 0.000 0.001 0.004 0.014 0.016 0.031 0.562 
 213 R _   0.278 0.000 0.001 0.004 0.010 0.015 0.037 0.654 
 214 G _   0.198 0.000 0.001 0.004 0.008 0.014 0.042 0.732 
 215 R _   0.136 0.000 0.001 0.004 0.006 0.014 0.047 0.793 
 216 P _   0.093 0.000 0.001 0.004 0.004 0.013 0.051 0.834 
 217 L _   0.064 0.000 0.000 0.003 0.004 0.013 0.055 0.861 
 218 F _   0.046 0.001 0.000 0.003 0.003 0.013 0.057 0.876 
 219 P _   0.035 0.001 0.000 0.004 0.003 0.014 0.059 0.883 
 220 G _   0.029 0.002 0.000 0.005 0.004 0.016 0.061 0.882 
 221 T _   0.027 0.005 0.001 0.007 0.006 0.019 0.062 0.874 
 222 S _   0.026 0.011 0.001 0.010 0.008 0.022 0.063 0.858 
 223 T _   0.027 0.022 0.001 0.016 0.012 0.026 0.065 0.832 
 224 L _   0.028 0.036 0.001 0.025 0.016 0.029 0.066 0.799 
 225 H _   0.029 0.053 0.002 0.035 0.020 0.031 0.067 0.763 
 226 Q _   0.030 0.067 0.002 0.046 0.023 0.032 0.069 0.732 
 227 L _   0.030 0.077 0.002 0.055 0.024 0.032 0.072 0.709 
 228 E _   0.029 0.082 0.002 0.060 0.024 0.031 0.075 0.698 
 229 L _   0.027 0.082 0.002 0.060 0.022 0.029 0.079 0.699 
 230 I _   0.025 0.078 0.002 0.055 0.019 0.026 0.085 0.711 
 231 L _   0.023 0.069 0.001 0.045 0.015 0.022 0.091 0.734 
 232 E _   0.020 0.054 0.001 0.033 0.011 0.018 0.097 0.766 
 233 T _   0.017 0.035 0.001 0.021 0.007 0.015 0.103 0.801 
 234 I _   0.014 0.019 0.001 0.011 0.004 0.012 0.108 0.831 
 235 P _   0.011 0.009 0.000 0.006 0.003 0.010 0.112 0.850 
 236 P _   0.009 0.005 0.000 0.003 0.002 0.009 0.114 0.858 
 237 P _   0.008 0.003 0.000 0.002 0.001 0.009 0.116 0.860 
 238 S _   0.009 0.003 0.000 0.002 0.002 0.011 0.117 0.856 
 239 E _   0.012 0.005 0.000 0.003 0.003 0.015 0.117 0.845 
 240 E _   0.017 0.011 0.001 0.005 0.005 0.021 0.117 0.823 
 241 D _   0.023 0.029 0.001 0.010 0.010 0.028 0.116 0.782 
 242 L _   0.029 0.071 0.002 0.018 0.017 0.035 0.115 0.714 
 243 L _   0.033 0.137 0.002 0.027 0.024 0.041 0.112 0.625 
 244 A _   0.034 0.210 0.002 0.035 0.029 0.044 0.110 0.536 
 245 L _   0.035 0.269 0.002 0.041 0.032 0.045 0.109 0.468 
 246 G _   0.035 0.310 0.002 0.045 0.034 0.045 0.108 0.421 
 247 S _   0.035 0.336 0.002 0.047 0.035 0.045 0.109 0.391 
 248 G _   0.036 0.351 0.002 0.047 0.035 0.044 0.111 0.374 
 249 C _   0.037 0.358 0.002 0.048 0.035 0.043 0.113 0.365 
 250 R _   0.037 0.359 0.002 0.047 0.034 0.041 0.117 0.364 
 251 A _   0.037 0.353 0.002 0.046 0.032 0.038 0.122 0.370 
 252 S _   0.037 0.342 0.002 0.044 0.029 0.036 0.129 0.383 
 253 V _   0.036 0.323 0.002 0.041 0.025 0.032 0.137 0.404 
 254 L _   0.034 0.294 0.002 0.038 0.022 0.029 0.147 0.435 
 255 H _   0.032 0.255 0.002 0.033 0.018 0.026 0.159 0.475 
 256 Q _   0.029 0.207 0.002 0.029 0.015 0.023 0.173 0.522 
 257 L _   0.026 0.157 0.002 0.023 0.012 0.021 0.188 0.571 
 258 G _   0.022 0.113 0.001 0.019 0.009 0.018 0.202 0.616 
 259 S _   0.019 0.078 0.001 0.014 0.007 0.016 0.214 0.651 
 260 R _   0.016 0.054 0.001 0.011 0.005 0.014 0.225 0.674 
 261 P _   0.013 0.038 0.001 0.010 0.004 0.012 0.234 0.688 
 262 R _   0.011 0.029 0.000 0.009 0.003 0.011 0.242 0.694 
 263 Q _   0.010 0.023 0.000 0.008 0.003 0.010 0.249 0.697 
 264 T _   0.009 0.018 0.000 0.009 0.003 0.009 0.255 0.697 
 265 L _   0.008 0.015 0.000 0.009 0.003 0.008 0.261 0.697 
 266 D _   0.007 0.013 0.000 0.008 0.003 0.007 0.266 0.696 
 267 A _   0.006 0.010 0.000 0.008 0.002 0.007 0.270 0.697 
 268 L _   0.006 0.008 0.000 0.007 0.002 0.006 0.273 0.698 
 269 L _   0.005 0.006 0.000 0.005 0.002 0.005 0.276 0.700 
 270 P _   0.004 0.005 0.000 0.004 0.001 0.005 0.277 0.702 
 271 P _   0.004 0.004 0.000 0.003 0.001 0.005 0.278 0.703 
 272 D _   0.004 0.004 0.000 0.003 0.001 0.006 0.279 0.703 
 273 T _   0.004 0.005 0.000 0.003 0.001 0.007 0.278 0.702 
 274 S _   0.006 0.006 0.000 0.003 0.002 0.009 0.277 0.697 
 275 P _   0.008 0.010 0.000 0.005 0.003 0.013 0.275 0.686 
 276 E _   0.011 0.019 0.001 0.009 0.006 0.018 0.272 0.666 
 277 A _   0.014 0.039 0.001 0.015 0.010 0.023 0.267 0.630 
 278 L _   0.018 0.073 0.001 0.025 0.015 0.029 0.261 0.579 
 279 D _   0.020 0.114 0.002 0.037 0.020 0.032 0.255 0.521 
 280 L _   0.021 0.149 0.002 0.049 0.023 0.035 0.250 0.471 
 281 L _   0.022 0.173 0.002 0.058 0.025 0.035 0.247 0.438 
 282 R _   0.022 0.186 0.002 0.064 0.026 0.035 0.245 0.420 
 283 R _   0.022 0.190 0.002 0.066 0.025 0.033 0.246 0.416 
 284 L _   0.022 0.188 0.002 0.063 0.024 0.031 0.248 0.423 
 285 L _   0.021 0.179 0.002 0.056 0.021 0.028 0.252 0.442 
 286 V _   0.020 0.161 0.002 0.046 0.018 0.025 0.257 0.473 
 287 F _   0.019 0.133 0.001 0.034 0.014 0.022 0.263 0.513 
 288 A _   0.017 0.100 0.001 0.024 0.011 0.019 0.270 0.558 
 289 P _   0.016 0.069 0.001 0.016 0.008 0.016 0.277 0.598 
 290 D _   0.014 0.047 0.001 0.010 0.005 0.014 0.282 0.626 
 291 K _   0.012 0.034 0.000 0.007 0.004 0.013 0.287 0.643 
 292 R _   0.011 0.028 0.000 0.005 0.003 0.012 0.289 0.652 
 293 L _   0.010 0.025 0.000 0.004 0.003 0.011 0.292 0.655 
 294 S _   0.010 0.025 0.000 0.005 0.003 0.011 0.293 0.653 
 295 A _   0.010 0.025 0.000 0.006 0.003 0.012 0.294 0.649 
 296 T _   0.010 0.028 0.000 0.008 0.004 0.013 0.294 0.642 
 297 Q _   0.011 0.031 0.001 0.011 0.005 0.014 0.295 0.632 
 298 A _   0.011 0.036 0.001 0.015 0.006 0.015 0.295 0.622 
 299 L _   0.011 0.040 0.001 0.019 0.008 0.015 0.296 0.611 
 300 Q _   0.011 0.043 0.001 0.022 0.008 0.015 0.297 0.603 
 301 H _   0.010 0.046 0.001 0.024 0.009 0.015 0.299 0.596 
 302 P _   0.010 0.047 0.001 0.026 0.009 0.015 0.301 0.591 
 303 Y _   0.010 0.046 0.001 0.026 0.009 0.014 0.304 0.589 
 304 V _   0.010 0.045 0.001 0.025 0.008 0.013 0.308 0.590 
 305 Q _   0.009 0.041 0.001 0.022 0.007 0.012 0.313 0.594 
 306 R _   0.009 0.037 0.001 0.019 0.006 0.011 0.319 0.600 
 307 F _   0.008 0.031 0.001 0.016 0.005 0.010 0.324 0.606 
 308 H _   0.007 0.025 0.001 0.013 0.004 0.008 0.329 0.613 
 309 C _   0.006 0.020 0.000 0.010 0.003 0.007 0.334 0.619 
 310 P _   0.006 0.015 0.000 0.008 0.003 0.007 0.338 0.623 
 311 S _   0.005 0.012 0.000 0.007 0.002 0.006 0.342 0.625 
 312 D _   0.005 0.010 0.000 0.006 0.002 0.006 0.346 0.625 
 313 E _   0.005 0.008 0.000 0.006 0.002 0.005 0.349 0.624 
 314 W _   0.005 0.007 0.000 0.006 0.002 0.005 0.352 0.624 
 315 A _   0.004 0.006 0.000 0.006 0.002 0.005 0.354 0.623 
 316 R _   0.004 0.005 0.000 0.006 0.002 0.005 0.355 0.622 
 317 E _   0.004 0.005 0.000 0.006 0.002 0.005 0.356 0.622 
 318 A _   0.004 0.005 0.000 0.006 0.002 0.005 0.357 0.621 
 319 D _   0.004 0.005 0.000 0.006 0.002 0.005 0.358 0.621 
 320 V _   0.004 0.005 0.000 0.006 0.002 0.006 0.358 0.620 
 321 R _   0.004 0.005 0.000 0.006 0.002 0.006 0.358 0.619 
 322 P _   0.004 0.005 0.000 0.006 0.002 0.007 0.358 0.617 
 323 R _   0.004 0.006 0.000 0.007 0.003 0.008 0.358 0.614 
 324 A _   0.005 0.006 0.000 0.008 0.003 0.009 0.357 0.611 
 325 H _   0.005 0.007 0.000 0.010 0.004 0.010 0.357 0.606 
 326 E _   0.006 0.008 0.000 0.011 0.004 0.011 0.357 0.601 
 327 G _   0.006 0.009 0.001 0.013 0.005 0.013 0.357 0.596 
 328 V _   0.007 0.010 0.001 0.013 0.005 0.014 0.358 0.592 
 329 Q _   0.008 0.010 0.001 0.013 0.006 0.016 0.359 0.588 
 330 L _   0.009 0.010 0.001 0.012 0.006 0.018 0.360 0.585 
 331 S _   0.011 0.009 0.001 0.010 0.006 0.019 0.361 0.582 
 332 V _   0.014 0.009 0.001 0.009 0.006 0.022 0.362 0.578 
 333 P _   0.018 0.008 0.001 0.007 0.006 0.025 0.364 0.571 
 334 E _   0.024 0.009 0.001 0.006 0.008 0.029 0.365 0.559 
 335 Y _   0.033 0.010 0.001 0.006 0.011 0.035 0.365 0.539 
 336 R _   0.045 0.013 0.001 0.007 0.016 0.042 0.366 0.510 
 337 S _   0.057 0.020 0.001 0.009 0.025 0.049 0.367 0.472 
 338 R _   0.069 0.035 0.002 0.014 0.035 0.055 0.368 0.421 
 339 V X   0.078 0.059 0.003 0.022 0.045 0.059 0.371 0.364 
 340 Y X   0.082 0.088 0.003 0.032 0.053 0.060 0.375 0.308 
 341 Q X   0.083 0.113 0.003 0.042 0.055 0.059 0.381 0.264 
 342 M X   0.082 0.129 0.003 0.051 0.054 0.055 0.390 0.236 
 343 I X   0.077 0.137 0.003 0.056 0.051 0.051 0.403 0.223 
 344 L X   0.070 0.139 0.002 0.058 0.046 0.045 0.418 0.221 
 345 E X   0.061 0.136 0.002 0.056 0.039 0.040 0.437 0.229 
 346 C X   0.051 0.126 0.002 0.049 0.031 0.034 0.460 0.246 
 347 G X   0.042 0.108 0.002 0.041 0.024 0.028 0.487 0.268 
 348 G X   0.034 0.084 0.002 0.031 0.017 0.022 0.517 0.294 
 349 S X   0.026 0.058 0.001 0.022 0.011 0.017 0.548 0.318 
 350 S X   0.019 0.036 0.001 0.014 0.007 0.013 0.575 0.335 
 351 G X   0.014 0.020 0.001 0.009 0.004 0.010 0.598 0.345 
 352 T X   0.010 0.011 0.000 0.006 0.002 0.007 0.615 0.349 
 353 S X   0.007 0.006 0.000 0.004 0.002 0.005 0.628 0.348 
 354 R X   0.005 0.004 0.000 0.003 0.001 0.004 0.638 0.345 
 355 E X   0.004 0.002 0.000 0.002 0.001 0.004 0.646 0.340 
 356 K X   0.003 0.002 0.000 0.002 0.001 0.003 0.653 0.336 
 357 G X   0.003 0.002 0.000 0.002 0.001 0.003 0.658 0.331 
 358 P X   0.003 0.002 0.000 0.003 0.001 0.003 0.662 0.327 
 359 E X   0.002 0.002 0.000 0.004 0.001 0.004 0.665 0.322 
 360 G X   0.003 0.002 0.000 0.005 0.001 0.004 0.668 0.317 
 361 V X   0.003 0.003 0.000 0.006 0.002 0.004 0.671 0.312 
 362 S X   0.003 0.003 0.000 0.007 0.002 0.005 0.674 0.306 
 363 P X   0.003 0.004 0.000 0.008 0.002 0.005 0.677 0.301 
 364 S X   0.003 0.004 0.000 0.009 0.002 0.005 0.680 0.297 
 365 Q X   0.003 0.004 0.000 0.009 0.002 0.005 0.684 0.294 
 366 A X   0.002 0.004 0.000 0.008 0.002 0.004 0.688 0.291 
 367 H X   0.002 0.004 0.000 0.007 0.002 0.004 0.692 0.289 
 368 L X   0.002 0.003 0.000 0.006 0.001 0.004 0.696 0.287 
 369 H X   0.002 0.003 0.000 0.005 0.001 0.003 0.700 0.285 
 370 K X   0.002 0.002 0.000 0.004 0.001 0.003 0.704 0.284 
 371 P X   0.002 0.002 0.000 0.003 0.001 0.003 0.707 0.282 
 372 R X   0.002 0.002 0.000 0.003 0.001 0.003 0.709 0.280 
 373 A X   0.002 0.002 0.000 0.003 0.001 0.003 0.711 0.279 
 374 D X   0.002 0.002 0.000 0.003 0.001 0.003 0.713 0.277 
 375 P X   0.002 0.002 0.000 0.003 0.001 0.003 0.714 0.275 
 376 Q X   0.002 0.002 0.000 0.004 0.001 0.003 0.715 0.273 
 377 L X   0.002 0.003 0.000 0.004 0.001 0.003 0.715 0.271 
 378 P X   0.002 0.003 0.000 0.005 0.001 0.003 0.715 0.270 
 379 S X   0.002 0.004 0.000 0.006 0.001 0.003 0.715 0.268 
 380 R X   0.002 0.004 0.000 0.007 0.001 0.004 0.715 0.267 
 381 T X   0.002 0.004 0.000 0.007 0.002 0.004 0.716 0.266 
 382 P X   0.002 0.005 0.000 0.008 0.002 0.004 0.716 0.265 
 383 V X   0.002 0.005 0.000 0.008 0.002 0.004 0.716 0.264 
 384 Q X   0.002 0.005 0.000 0.008 0.002 0.004 0.717 0.264 
 385 G X   0.002 0.005 0.000 0.007 0.001 0.003 0.718 0.264 
 386 P X   0.002 0.004 0.000 0.007 0.001 0.003 0.719 0.264 
 387 R X   0.002 0.004 0.000 0.006 0.001 0.003 0.720 0.264 
 388 P X   0.002 0.004 0.000 0.006 0.001 0.003 0.720 0.264 
 389 R X   0.002 0.003 0.000 0.005 0.001 0.003 0.721 0.265 
 390 P X   0.002 0.003 0.000 0.004 0.001 0.003 0.721 0.266 
 391 Q X   0.002 0.003 0.000 0.004 0.001 0.002 0.721 0.267 
 392 S X   0.002 0.002 0.000 0.003 0.001 0.002 0.720 0.269 
 393 S X   0.002 0.002 0.000 0.003 0.001 0.002 0.719 0.271 
 394 P X   0.002 0.002 0.000 0.003 0.001 0.002 0.716 0.274 
 395 G X   0.002 0.002 0.000 0.003 0.001 0.002 0.713 0.277 
 396 H X   0.002 0.002 0.000 0.003 0.001 0.002 0.709 0.281 
 397 D X   0.002 0.003 0.000 0.003 0.001 0.002 0.704 0.286 
 398 P X   0.002 0.003 0.000 0.004 0.001 0.003 0.697 0.291 
 399 A X   0.002 0.005 0.000 0.004 0.001 0.003 0.689 0.296 
 400 E X   0.002 0.006 0.000 0.006 0.001 0.004 0.680 0.302 
 401 H X   0.002 0.008 0.000 0.007 0.002 0.004 0.669 0.308 
 402 E X   0.002 0.011 0.000 0.009 0.002 0.005 0.658 0.313 
 403 S X   0.002 0.014 0.000 0.010 0.002 0.005 0.646 0.320 
 404 P X   0.002 0.017 0.000 0.011 0.002 0.006 0.635 0.327 
 405 R X   0.002 0.021 0.000 0.012 0.002 0.006 0.623 0.334 
 406 A X   0.002 0.024 0.000 0.012 0.002 0.006 0.612 0.341 
 407 A X   0.002 0.026 0.000 0.011 0.002 0.006 0.602 0.350 
 408 K X   0.002 0.029 0.000 0.010 0.002 0.006 0.591 0.359 
 409 N X   0.002 0.031 0.000 0.009 0.002 0.007 0.580 0.367 
 410 V X   0.003 0.034 0.000 0.008 0.002 0.007 0.569 0.375 
 411 P X   0.003 0.038 0.000 0.008 0.003 0.008 0.558 0.382 
 412 R X   0.004 0.044 0.000 0.009 0.003 0.010 0.544 0.385 
 413 Q X   0.005 0.054 0.001 0.012 0.004 0.012 0.530 0.383 
 414 N X   0.006 0.070 0.001 0.016 0.007 0.015 0.512 0.374 
 415 S X   0.007 0.097 0.001 0.023 0.010 0.018 0.490 0.354 
 416 A X   0.008 0.133 0.001 0.032 0.013 0.020 0.467 0.325 
 417 P X   0.008 0.171 0.002 0.043 0.015 0.021 0.446 0.294 
 418 L X   0.008 0.203 0.001 0.054 0.016 0.021 0.429 0.268 
 419 L X   0.008 0.222 0.001 0.062 0.015 0.020 0.417 0.254 
 420 Q X   0.008 0.232 0.001 0.066 0.015 0.019 0.409 0.250 
 421 T X   0.008 0.234 0.001 0.065 0.014 0.018 0.404 0.256 
 422 A X   0.008 0.229 0.001 0.061 0.012 0.016 0.401 0.271 
 423 L X   0.008 0.217 0.001 0.053 0.011 0.014 0.400 0.297 
 424 L X   0.008 0.193 0.001 0.042 0.009 0.013 0.400 0.334 
 425 G X   0.008 0.156 0.001 0.031 0.007 0.011 0.402 0.383 
 426 N _   0.008 0.113 0.001 0.021 0.005 0.009 0.405 0.437 
 427 G _   0.008 0.075 0.001 0.013 0.004 0.008 0.407 0.486 
 428 E _   0.007 0.049 0.000 0.008 0.002 0.006 0.408 0.520 
 429 R _   0.005 0.035 0.000 0.004 0.001 0.005 0.407 0.541 
 430 P _   0.004 0.029 0.000 0.003 0.001 0.004 0.404 0.554 
 431 P _   0.004 0.027 0.000 0.002 0.001 0.004 0.400 0.562 
 432 G _   0.004 0.026 0.000 0.003 0.001 0.005 0.394 0.567 
 433 A _   0.004 0.029 0.000 0.004 0.001 0.006 0.386 0.570 
 434 K _   0.004 0.035 0.000 0.007 0.002 0.008 0.375 0.569 
 435 E _   0.005 0.047 0.001 0.011 0.004 0.010 0.360 0.563 
 436 A _   0.006 0.067 0.001 0.017 0.005 0.012 0.342 0.550 
 437 P _   0.006 0.093 0.001 0.024 0.007 0.013 0.323 0.534 
 438 P _   0.006 0.118 0.001 0.030 0.008 0.013 0.305 0.519 
 439 L _   0.005 0.140 0.001 0.035 0.008 0.014 0.289 0.509 
 440 T _   0.005 0.154 0.001 0.037 0.008 0.013 0.276 0.506 
 441 L _   0.005 0.163 0.001 0.036 0.007 0.012 0.266 0.510 
 442 S _   0.004 0.167 0.001 0.033 0.007 0.012 0.258 0.518 
 443 L _   0.004 0.169 0.001 0.030 0.006 0.011 0.251 0.529 
 444 V _   0.004 0.168 0.001 0.025 0.005 0.010 0.245 0.543 
 445 K _   0.004 0.165 0.001 0.020 0.004 0.010 0.240 0.557 
 446 P _   0.004 0.161 0.000 0.016 0.004 0.009 0.235 0.570 
 447 S _   0.004 0.158 0.000 0.012 0.003 0.009 0.231 0.582 
 448 G _   0.004 0.157 0.000 0.010 0.003 0.009 0.226 0.591 
 449 R _   0.004 0.157 0.000 0.009 0.003 0.009 0.221 0.597 
 450 G _   0.005 0.159 0.000 0.009 0.003 0.010 0.215 0.599 
 451 A _   0.005 0.165 0.000 0.009 0.004 0.012 0.209 0.596 
 452 A _   0.006 0.174 0.001 0.011 0.005 0.014 0.202 0.588 
 453 P _   0.007 0.188 0.001 0.013 0.006 0.016 0.193 0.575 
 454 S _   0.008 0.209 0.001 0.017 0.008 0.018 0.184 0.554 
 455 L _   0.009 0.236 0.001 0.021 0.010 0.020 0.175 0.527 
 456 T _   0.010 0.266 0.001 0.025 0.013 0.022 0.166 0.498 
 457 S _   0.011 0.294 0.001 0.029 0.014 0.024 0.157 0.470 
 458 Q _   0.012 0.319 0.001 0.032 0.016 0.024 0.150 0.446 
 459 A _   0.012 0.339 0.001 0.035 0.016 0.025 0.144 0.427 
 460 A _   0.013 0.354 0.001 0.038 0.017 0.025 0.139 0.415 
 461 A _   0.013 0.362 0.001 0.040 0.017 0.024 0.135 0.408 
 462 Q _   0.014 0.366 0.001 0.041 0.017 0.023 0.132 0.406 
 463 V _   0.014 0.365 0.001 0.041 0.017 0.022 0.130 0.409 
 464 A _   0.015 0.358 0.001 0.041 0.016 0.021 0.129 0.418 
 465 N _   0.015 0.346 0.001 0.039 0.015 0.020 0.129 0.435 
 466 Q _   0.015 0.325 0.001 0.037 0.014 0.019 0.130 0.460 
 467 A _   0.015 0.293 0.001 0.033 0.012 0.017 0.131 0.496 
 468 L _   0.015 0.252 0.001 0.028 0.011 0.016 0.134 0.544 
 469 I _   0.014 0.203 0.001 0.022 0.009 0.014 0.136 0.600 
 470 R _   0.013 0.159 0.001 0.016 0.007 0.013 0.139 0.652 
 471 G _   0.011 0.124 0.001 0.011 0.005 0.012 0.141 0.695 
 472 D _   0.010 0.101 0.001 0.008 0.004 0.011 0.142 0.725 
 473 W _   0.009 0.089 0.000 0.006 0.003 0.010 0.142 0.742 
 474 N _   0.008 0.083 0.000 0.005 0.002 0.010 0.142 0.749 
 475 R _   0.008 0.083 0.000 0.005 0.003 0.011 0.141 0.750 
 476 G _   0.008 0.086 0.000 0.007 0.003 0.012 0.140 0.743 
 477 G _   0.009 0.094 0.001 0.011 0.005 0.014 0.138 0.728 
 478 G _   0.010 0.109 0.001 0.018 0.007 0.016 0.136 0.704 
 479 V _   0.011 0.129 0.001 0.027 0.009 0.017 0.133 0.673 
 480 R _   0.011 0.147 0.001 0.036 0.011 0.018 0.131 0.646 
 481 V _   0.011 0.160 0.001 0.044 0.012 0.018 0.130 0.625 
 482 A _   0.011 0.166 0.001 0.048 0.012 0.018 0.129 0.614 
 483 S _   0.010 0.168 0.001 0.049 0.012 0.017 0.130 0.613 
 484 V _   0.010 0.165 0.001 0.046 0.011 0.016 0.131 0.620 
 485 Q _   0.009 0.156 0.001 0.041 0.009 0.014 0.133 0.636 
 486 Q _   0.009 0.141 0.001 0.034 0.008 0.013 0.136 0.659 
 487 V _   0.008 0.120 0.001 0.026 0.006 0.011 0.140 0.688 
 488 P _   0.008 0.097 0.001 0.018 0.005 0.009 0.144 0.719 
 489 P _   0.007 0.077 0.000 0.012 0.003 0.008 0.147 0.746 
 490 R _   0.006 0.062 0.000 0.008 0.002 0.007 0.149 0.765 
 491 L _   0.005 0.054 0.000 0.005 0.002 0.006 0.151 0.777 
 492 P _   0.005 0.050 0.000 0.004 0.001 0.006 0.151 0.783 
 493 P _   0.004 0.049 0.000 0.004 0.001 0.006 0.151 0.784 
 494 E _   0.005 0.051 0.000 0.005 0.002 0.007 0.150 0.782 
 495 A _   0.005 0.056 0.000 0.006 0.002 0.008 0.148 0.774 
 496 R _   0.006 0.067 0.000 0.009 0.003 0.010 0.145 0.760 
 497 P _   0.006 0.085 0.001 0.013 0.005 0.012 0.141 0.737 
 498 G _   0.007 0.110 0.001 0.018 0.006 0.014 0.137 0.708 
 499 R _   0.007 0.138 0.001 0.022 0.007 0.015 0.132 0.677 
 500 R _   0.007 0.165 0.001 0.027 0.009 0.017 0.128 0.648 
 501 M _   0.007 0.187 0.001 0.030 0.010 0.018 0.124 0.624 
 502 F _   0.007 0.203 0.001 0.033 0.010 0.018 0.121 0.606 
 503 S _   0.007 0.214 0.001 0.034 0.011 0.019 0.119 0.595 
 504 T _   0.007 0.221 0.001 0.034 0.011 0.020 0.117 0.589 
 505 S _   0.008 0.224 0.001 0.034 0.011 0.020 0.116 0.586 
 506 A _   0.008 0.225 0.001 0.033 0.011 0.021 0.116 0.585 
 507 L _   0.009 0.222 0.001 0.031 0.011 0.021 0.116 0.588 
 508 Q _   0.010 0.217 0.001 0.029 0.011 0.022 0.117 0.593 
 509 G _   0.011 0.210 0.001 0.027 0.011 0.023 0.117 0.600 
 510 A _   0.012 0.200 0.001 0.025 0.011 0.024 0.119 0.607 
 511 Q _   0.013 0.189 0.001 0.024 0.012 0.026 0.120 0.614 
 512 G _   0.015 0.177 0.001 0.024 0.012 0.028 0.122 0.621 
 513 G _   0.017 0.165 0.001 0.023 0.013 0.030 0.124 0.626 
 514 A _   0.020 0.150 0.001 0.023 0.014 0.032 0.127 0.632 
 515 R _   0.024 0.135 0.001 0.022 0.015 0.035 0.130 0.638 
 516 A _   0.027 0.118 0.001 0.021 0.015 0.037 0.134 0.645 
 517 L _   0.032 0.100 0.001 0.020 0.016 0.040 0.137 0.653 
 518 L _   0.037 0.082 0.001 0.018 0.016 0.043 0.142 0.661 
 519 G _   0.044 0.065 0.001 0.015 0.017 0.047 0.146 0.665 
 520 G _   0.053 0.051 0.001 0.013 0.018 0.051 0.150 0.663 
 521 Y _   0.064 0.040 0.001 0.011 0.019 0.055 0.155 0.655 
 522 S _   0.077 0.034 0.001 0.010 0.021 0.059 0.160 0.639 
 523 Q _   0.092 0.030 0.001 0.009 0.023 0.063 0.165 0.616 
 524 A _   0.107 0.028 0.002 0.010 0.027 0.067 0.171 0.589 
 525 Y _   0.122 0.028 0.002 0.011 0.032 0.071 0.178 0.559 
 526 G _   0.134 0.029 0.002 0.012 0.036 0.073 0.185 0.527 
 527 T _   0.145 0.031 0.002 0.015 0.041 0.075 0.194 0.497 
 528 V _   0.152 0.035 0.002 0.018 0.044 0.075 0.204 0.469 
 529 C _   0.157 0.038 0.002 0.021 0.047 0.075 0.216 0.443 
 530 H _   0.158 0.041 0.002 0.024 0.048 0.073 0.230 0.423 
 531 S _   0.156 0.043 0.003 0.026 0.047 0.071 0.246 0.408 
 532 A _   0.150 0.044 0.002 0.027 0.046 0.068 0.265 0.398 
 533 L _   0.141 0.045 0.002 0.029 0.043 0.064 0.285 0.392 
 534 G _   0.128 0.044 0.002 0.029 0.039 0.059 0.308 0.390 
 535 H _   0.113 0.043 0.002 0.030 0.034 0.053 0.334 0.392 
 536 L _   0.094 0.040 0.002 0.029 0.029 0.046 0.361 0.399 
 537 P _   0.073 0.037 0.002 0.028 0.023 0.037 0.391 0.410 
 538 L X   0.053 0.033 0.002 0.025 0.017 0.029 0.422 0.420 
 539 L X   0.033 0.028 0.001 0.020 0.011 0.020 0.453 0.434 
 540 E X   0.016 0.021 0.001 0.014 0.005 0.010 0.484 0.449 
 541 G X   0.005 0.014 0.000 0.007 0.001 0.004 0.505 0.465 
 542 H X   0.001 0.009 0.000 0.003 0.000 0.001 0.511 0.475 
 543 H X   0.000 0.007 0.000 0.003 0.000 0.001 0.511 0.478 
 544 V X   0.003 0.007 0.001 0.009 0.003 0.003 0.502 0.473 
