#TopoPred_TM8: 8-state transmembrane topology prediction results by no_profile mode 
#probabilities are in the order of H E C I L F X _, the 8 transmembrane topology types used in PDBTM 
   1 M X   0.009 0.001 0.002 0.041 0.007 0.007 0.825 0.108 
   2 F X   0.003 0.000 0.000 0.021 0.001 0.003 0.848 0.122 
   3 G X   0.001 0.000 0.000 0.010 0.000 0.002 0.854 0.133 
   4 K X   0.001 0.000 0.000 0.007 0.000 0.002 0.853 0.138 
   5 K X   0.001 0.001 0.000 0.006 0.000 0.002 0.849 0.142 
   6 K X   0.001 0.001 0.000 0.005 0.001 0.003 0.842 0.147 
   7 K X   0.001 0.002 0.000 0.006 0.001 0.004 0.835 0.151 
   8 K X   0.002 0.004 0.000 0.007 0.001 0.005 0.824 0.157 
   9 I X   0.002 0.006 0.000 0.009 0.002 0.005 0.812 0.164 
  10 E X   0.002 0.009 0.000 0.011 0.002 0.006 0.797 0.172 
  11 I X   0.002 0.013 0.000 0.013 0.003 0.007 0.781 0.181 
  12 S X   0.002 0.017 0.000 0.015 0.003 0.007 0.766 0.190 
  13 G X   0.002 0.020 0.000 0.016 0.003 0.007 0.752 0.199 
  14 P X   0.002 0.023 0.000 0.016 0.004 0.008 0.739 0.207 
  15 S X   0.003 0.026 0.000 0.017 0.004 0.008 0.728 0.215 
  16 N X   0.003 0.027 0.000 0.017 0.004 0.008 0.718 0.223 
  17 F X   0.003 0.029 0.000 0.017 0.004 0.008 0.709 0.229 
  18 E X   0.003 0.030 0.000 0.017 0.004 0.008 0.702 0.236 
  19 H X   0.003 0.030 0.000 0.016 0.004 0.007 0.695 0.244 
  20 R X   0.004 0.030 0.000 0.015 0.004 0.007 0.689 0.252 
  21 V X   0.004 0.029 0.000 0.013 0.003 0.007 0.684 0.260 
  22 H X   0.003 0.028 0.000 0.011 0.003 0.006 0.679 0.269 
  23 T X   0.003 0.026 0.000 0.009 0.002 0.005 0.674 0.279 
  24 G X   0.003 0.024 0.000 0.007 0.002 0.005 0.670 0.288 
  25 F X   0.003 0.023 0.000 0.005 0.002 0.005 0.665 0.298 
  26 D X   0.003 0.021 0.000 0.004 0.001 0.004 0.659 0.306 
  27 P X   0.003 0.021 0.000 0.004 0.001 0.004 0.653 0.313 
  28 Q X   0.003 0.021 0.000 0.003 0.001 0.005 0.646 0.320 
  29 E X   0.003 0.023 0.000 0.004 0.002 0.005 0.638 0.325 
  30 Q X   0.003 0.026 0.000 0.005 0.002 0.006 0.629 0.329 
  31 K X   0.004 0.032 0.000 0.007 0.003 0.008 0.617 0.330 
  32 F X   0.004 0.042 0.001 0.010 0.004 0.009 0.602 0.327 
  33 T X   0.004 0.057 0.001 0.015 0.006 0.011 0.586 0.320 
  34 G X   0.005 0.078 0.001 0.020 0.007 0.012 0.568 0.309 
  35 L X   0.005 0.099 0.001 0.026 0.008 0.013 0.550 0.297 
  36 P X   0.005 0.117 0.001 0.031 0.009 0.014 0.535 0.287 
  37 Q X   0.005 0.131 0.001 0.035 0.010 0.014 0.523 0.280 
  38 Q X   0.005 0.140 0.001 0.039 0.010 0.014 0.514 0.278 
  39 W X   0.005 0.145 0.001 0.040 0.010 0.013 0.507 0.278 
  40 H X   0.005 0.146 0.001 0.040 0.009 0.013 0.503 0.283 
  41 S X   0.005 0.144 0.001 0.039 0.009 0.012 0.500 0.291 
  42 L X   0.005 0.138 0.001 0.035 0.008 0.011 0.498 0.303 
  43 L X   0.005 0.128 0.001 0.030 0.007 0.010 0.498 0.321 
  44 A X   0.005 0.112 0.001 0.025 0.006 0.009 0.499 0.343 
  45 D X   0.006 0.092 0.001 0.019 0.005 0.008 0.501 0.369 
  46 T X   0.006 0.070 0.001 0.014 0.004 0.007 0.503 0.395 
  47 A X   0.005 0.051 0.000 0.010 0.003 0.006 0.505 0.419 
  48 N X   0.005 0.036 0.000 0.007 0.002 0.006 0.506 0.438 
  49 R X   0.004 0.027 0.000 0.005 0.002 0.005 0.506 0.451 
  50 P X   0.004 0.022 0.000 0.004 0.001 0.005 0.505 0.459 
  51 K X   0.004 0.019 0.000 0.003 0.001 0.005 0.503 0.464 
  52 P X   0.004 0.018 0.000 0.003 0.001 0.005 0.501 0.468 
  53 M X   0.004 0.019 0.000 0.003 0.001 0.006 0.497 0.469 
  54 V X   0.004 0.021 0.000 0.004 0.002 0.008 0.492 0.469 
  55 D X   0.005 0.025 0.000 0.006 0.003 0.010 0.486 0.465 
  56 P X   0.006 0.032 0.001 0.008 0.004 0.012 0.479 0.458 
  57 S X   0.008 0.045 0.001 0.012 0.006 0.015 0.469 0.444 
  58 C X   0.009 0.065 0.001 0.016 0.009 0.018 0.459 0.423 
  59 I X   0.010 0.090 0.001 0.021 0.012 0.021 0.448 0.396 
  60 T X   0.011 0.118 0.001 0.027 0.015 0.023 0.437 0.367 
  61 P X   0.011 0.145 0.001 0.032 0.017 0.024 0.428 0.340 
  62 I X   0.012 0.168 0.001 0.038 0.019 0.025 0.421 0.317 
  63 Q X   0.012 0.185 0.001 0.042 0.019 0.024 0.415 0.302 
  64 L X   0.012 0.194 0.001 0.044 0.019 0.024 0.412 0.294 
  65 A X   0.012 0.199 0.001 0.045 0.018 0.022 0.411 0.292 
  66 P X   0.011 0.199 0.001 0.044 0.017 0.021 0.411 0.296 
  67 M X   0.011 0.195 0.001 0.040 0.015 0.019 0.412 0.306 
  68 K X   0.011 0.185 0.001 0.035 0.013 0.017 0.415 0.323 
  69 T X   0.010 0.169 0.001 0.029 0.011 0.015 0.420 0.345 
  70 I X   0.009 0.149 0.001 0.023 0.009 0.013 0.425 0.371 
  71 V X   0.008 0.125 0.001 0.018 0.007 0.012 0.431 0.398 
  72 R X   0.007 0.103 0.001 0.013 0.005 0.010 0.436 0.424 
  73 G _   0.007 0.086 0.001 0.009 0.004 0.009 0.441 0.444 
  74 N _   0.006 0.075 0.000 0.007 0.003 0.008 0.445 0.457 
  75 K _   0.005 0.069 0.000 0.005 0.002 0.007 0.447 0.464 
  76 P _   0.005 0.066 0.000 0.005 0.002 0.007 0.449 0.466 
  77 C _   0.005 0.065 0.000 0.005 0.002 0.007 0.450 0.465 
  78 K _   0.005 0.067 0.000 0.007 0.003 0.008 0.451 0.460 
  79 E _   0.005 0.070 0.000 0.009 0.003 0.009 0.452 0.452 
  80 T X   0.005 0.075 0.000 0.012 0.004 0.009 0.452 0.442 
  81 S X   0.005 0.080 0.001 0.016 0.005 0.010 0.453 0.431 
  82 I X   0.005 0.085 0.001 0.019 0.006 0.010 0.454 0.421 
  83 N X   0.005 0.089 0.001 0.022 0.006 0.011 0.456 0.412 
  84 G X   0.005 0.091 0.001 0.023 0.006 0.011 0.458 0.405 
  85 L X   0.005 0.091 0.001 0.023 0.006 0.011 0.462 0.401 
  86 L X   0.005 0.089 0.001 0.023 0.006 0.010 0.467 0.399 
  87 E X   0.005 0.085 0.001 0.021 0.006 0.010 0.473 0.398 
  88 D X   0.005 0.080 0.001 0.019 0.006 0.010 0.481 0.399 
  89 F X   0.005 0.074 0.001 0.018 0.005 0.009 0.489 0.400 
  90 D X   0.005 0.067 0.001 0.016 0.005 0.009 0.498 0.400 
  91 N X   0.005 0.060 0.001 0.014 0.004 0.009 0.507 0.400 
  92 I X   0.005 0.054 0.000 0.013 0.004 0.008 0.517 0.398 
  93 S X   0.006 0.048 0.000 0.012 0.004 0.008 0.526 0.396 
  94 V X   0.006 0.043 0.000 0.012 0.003 0.008 0.536 0.393 
  95 T X   0.005 0.038 0.000 0.011 0.003 0.007 0.545 0.390 
  96 R X   0.005 0.032 0.000 0.011 0.003 0.007 0.554 0.387 
  97 S X   0.005 0.028 0.000 0.010 0.003 0.006 0.563 0.384 
  98 N X   0.005 0.023 0.000 0.009 0.002 0.006 0.572 0.382 
  99 S X   0.005 0.019 0.000 0.008 0.002 0.006 0.580 0.380 
 100 L X   0.004 0.015 0.000 0.007 0.002 0.005 0.588 0.379 
 101 R X   0.004 0.012 0.000 0.006 0.002 0.005 0.594 0.377 
 102 K X   0.004 0.009 0.000 0.005 0.001 0.004 0.600 0.376 
 103 E X   0.004 0.008 0.000 0.004 0.001 0.004 0.604 0.375 
 104 S X   0.003 0.006 0.000 0.004 0.001 0.003 0.608 0.374 
 105 P X   0.003 0.006 0.000 0.004 0.001 0.003 0.610 0.373 
 106 P X   0.003 0.005 0.000 0.003 0.001 0.003 0.612 0.373 
 107 T X   0.003 0.005 0.000 0.003 0.001 0.003 0.612 0.373 
 108 P X   0.003 0.005 0.000 0.003 0.001 0.003 0.611 0.374 
 109 D X   0.002 0.005 0.000 0.003 0.001 0.003 0.610 0.375 
 110 Q X   0.002 0.006 0.000 0.004 0.001 0.003 0.607 0.378 
 111 G X   0.002 0.006 0.000 0.004 0.001 0.003 0.603 0.380 
 112 A X   0.002 0.008 0.000 0.004 0.001 0.004 0.597 0.384 
 113 S X   0.002 0.010 0.000 0.005 0.001 0.004 0.590 0.388 
 114 S X   0.002 0.013 0.000 0.006 0.001 0.004 0.582 0.392 
 115 H X   0.002 0.017 0.000 0.007 0.002 0.005 0.570 0.396 
 116 G X   0.002 0.025 0.000 0.009 0.002 0.006 0.557 0.398 
 117 P X   0.003 0.037 0.000 0.012 0.003 0.008 0.540 0.397 
 118 G X   0.003 0.056 0.001 0.016 0.004 0.010 0.520 0.390 
 119 H X   0.004 0.084 0.001 0.023 0.006 0.012 0.496 0.375 
 120 A X   0.004 0.120 0.001 0.030 0.008 0.014 0.470 0.352 
 121 E X   0.004 0.162 0.001 0.039 0.010 0.015 0.445 0.323 
 122 E X   0.004 0.202 0.001 0.048 0.011 0.016 0.423 0.295 
 123 N X   0.004 0.232 0.001 0.055 0.012 0.016 0.406 0.274 
 124 G X   0.004 0.251 0.001 0.061 0.012 0.015 0.395 0.261 
 125 F X   0.004 0.261 0.001 0.063 0.011 0.015 0.387 0.257 
 126 I X   0.004 0.264 0.001 0.063 0.011 0.014 0.383 0.260 
 127 T X   0.005 0.262 0.001 0.059 0.010 0.014 0.380 0.270 
 128 F X   0.005 0.252 0.001 0.053 0.009 0.012 0.380 0.288 
 129 S X   0.005 0.233 0.001 0.044 0.008 0.011 0.380 0.317 
 130 Q X   0.005 0.203 0.001 0.035 0.007 0.010 0.383 0.356 
 131 Y _   0.005 0.165 0.001 0.026 0.006 0.009 0.386 0.401 
 132 S _   0.005 0.126 0.001 0.018 0.005 0.009 0.390 0.445 
 133 S _   0.005 0.095 0.001 0.013 0.004 0.008 0.394 0.481 
 134 E _   0.005 0.075 0.000 0.009 0.003 0.007 0.396 0.505 
 135 S _   0.004 0.063 0.000 0.007 0.002 0.006 0.397 0.520 
 136 D _   0.004 0.057 0.000 0.006 0.002 0.006 0.397 0.528 
 137 T _   0.004 0.053 0.000 0.006 0.002 0.006 0.396 0.533 
 138 T _   0.004 0.052 0.000 0.007 0.002 0.006 0.394 0.536 
 139 A _   0.004 0.051 0.000 0.008 0.002 0.007 0.391 0.536 
 140 D _   0.004 0.052 0.000 0.010 0.002 0.007 0.388 0.537 
 141 Y _   0.004 0.053 0.000 0.012 0.003 0.008 0.384 0.536 
 142 T _   0.004 0.054 0.000 0.014 0.003 0.008 0.381 0.536 
 143 T _   0.004 0.055 0.000 0.016 0.003 0.008 0.377 0.536 
 144 E _   0.004 0.055 0.000 0.017 0.004 0.008 0.374 0.537 
 145 K _   0.004 0.055 0.000 0.018 0.004 0.008 0.372 0.539 
 146 Y _   0.004 0.054 0.000 0.018 0.004 0.008 0.370 0.542 
 147 R _   0.004 0.052 0.000 0.017 0.004 0.008 0.369 0.546 
 148 E _   0.004 0.050 0.000 0.016 0.003 0.007 0.368 0.551 
 149 K _   0.004 0.047 0.000 0.014 0.003 0.007 0.367 0.557 
 150 S _   0.004 0.043 0.000 0.013 0.003 0.006 0.367 0.564 
 151 L _   0.004 0.039 0.000 0.011 0.002 0.006 0.367 0.571 
 152 Y _   0.004 0.035 0.000 0.009 0.002 0.005 0.366 0.578 
 153 G _   0.004 0.032 0.000 0.008 0.002 0.005 0.365 0.584 
 154 D _   0.004 0.030 0.000 0.007 0.002 0.005 0.364 0.589 
 155 D _   0.003 0.028 0.000 0.006 0.002 0.005 0.362 0.594 
 156 L _   0.003 0.027 0.000 0.006 0.002 0.005 0.360 0.598 
 157 D _   0.003 0.027 0.000 0.006 0.002 0.005 0.357 0.601 
 158 P _   0.003 0.027 0.000 0.006 0.002 0.005 0.353 0.604 
 159 Y _   0.003 0.028 0.000 0.007 0.002 0.005 0.348 0.607 
 160 Y _   0.003 0.030 0.000 0.007 0.002 0.006 0.342 0.609 
 161 R _   0.003 0.033 0.000 0.008 0.002 0.006 0.336 0.611 
 162 G _   0.003 0.037 0.000 0.009 0.002 0.006 0.329 0.612 
 163 S _   0.003 0.043 0.000 0.011 0.003 0.007 0.321 0.612 
 164 H _   0.003 0.049 0.000 0.012 0.003 0.007 0.314 0.612 
 165 A _   0.004 0.056 0.000 0.013 0.003 0.008 0.306 0.610 
 166 A _   0.004 0.064 0.000 0.015 0.004 0.008 0.298 0.608 
 167 K _   0.004 0.072 0.001 0.016 0.004 0.009 0.290 0.604 
 168 Q _   0.004 0.080 0.001 0.018 0.004 0.009 0.283 0.601 
 169 N _   0.004 0.089 0.001 0.019 0.005 0.010 0.277 0.596 
 170 G _   0.004 0.096 0.001 0.021 0.005 0.010 0.271 0.592 
 171 H _   0.005 0.103 0.001 0.022 0.006 0.010 0.266 0.588 
 172 V _   0.005 0.108 0.001 0.023 0.006 0.011 0.261 0.586 
 173 M _   0.005 0.112 0.001 0.023 0.006 0.011 0.257 0.585 
 174 K _   0.006 0.113 0.001 0.023 0.006 0.010 0.254 0.588 
 175 M _   0.006 0.113 0.001 0.021 0.005 0.010 0.252 0.592 
 176 K _   0.006 0.112 0.001 0.020 0.005 0.010 0.250 0.597 
 177 H _   0.006 0.109 0.001 0.018 0.005 0.009 0.249 0.603 
 178 G _   0.006 0.106 0.001 0.016 0.004 0.009 0.248 0.610 
 179 E _   0.006 0.102 0.000 0.014 0.004 0.009 0.247 0.618 
 180 A _   0.005 0.098 0.000 0.013 0.004 0.008 0.247 0.625 
 181 Y _   0.005 0.094 0.000 0.011 0.003 0.008 0.246 0.632 
 182 Y _   0.005 0.091 0.000 0.009 0.003 0.007 0.245 0.638 
 183 S _   0.005 0.089 0.000 0.008 0.003 0.007 0.244 0.644 
 184 E _   0.005 0.087 0.000 0.008 0.002 0.007 0.243 0.648 
 185 V _   0.004 0.087 0.000 0.008 0.002 0.007 0.241 0.650 
 186 K _   0.004 0.088 0.000 0.008 0.003 0.007 0.239 0.651 
 187 P _   0.005 0.091 0.000 0.009 0.003 0.008 0.236 0.649 
 188 L _   0.005 0.095 0.000 0.011 0.003 0.009 0.233 0.644 
 189 K _   0.005 0.101 0.000 0.013 0.004 0.009 0.230 0.637 
 190 S _   0.005 0.108 0.001 0.017 0.005 0.010 0.227 0.627 
 191 D _   0.006 0.116 0.001 0.021 0.006 0.011 0.224 0.617 
 192 F _   0.006 0.122 0.001 0.025 0.006 0.012 0.221 0.607 
 193 A _   0.006 0.127 0.001 0.029 0.007 0.012 0.220 0.599 
 194 R _   0.006 0.130 0.001 0.031 0.007 0.012 0.218 0.595 
 195 F _   0.006 0.130 0.001 0.031 0.007 0.012 0.218 0.595 
 196 S _   0.006 0.127 0.001 0.030 0.007 0.011 0.219 0.600 
 197 A _   0.006 0.120 0.001 0.028 0.006 0.010 0.220 0.609 
 198 D _   0.006 0.110 0.001 0.024 0.005 0.009 0.222 0.623 
 199 Y _   0.006 0.097 0.001 0.020 0.005 0.009 0.225 0.638 
 200 H _   0.006 0.083 0.001 0.016 0.004 0.008 0.228 0.655 
 201 S _   0.006 0.068 0.000 0.013 0.003 0.007 0.231 0.671 
 202 H _   0.006 0.056 0.000 0.010 0.003 0.007 0.233 0.685 
 203 L _   0.005 0.046 0.000 0.008 0.002 0.006 0.235 0.696 
 204 D _   0.005 0.040 0.000 0.007 0.002 0.006 0.236 0.704 
 205 S _   0.005 0.035 0.000 0.006 0.002 0.005 0.237 0.710 
 206 L _   0.004 0.033 0.000 0.005 0.001 0.005 0.237 0.714 
 207 S _   0.004 0.032 0.000 0.005 0.001 0.005 0.235 0.717 
 208 K _   0.004 0.032 0.000 0.005 0.001 0.005 0.233 0.719 
 209 P _   0.004 0.033 0.000 0.005 0.002 0.006 0.230 0.720 
 210 S _   0.004 0.036 0.000 0.006 0.002 0.006 0.227 0.719 
 211 E _   0.004 0.041 0.000 0.008 0.002 0.008 0.222 0.714 
 212 Y _   0.004 0.049 0.000 0.011 0.003 0.009 0.216 0.706 
 213 S _   0.005 0.062 0.001 0.015 0.004 0.010 0.210 0.694 
 214 D _   0.005 0.077 0.001 0.020 0.005 0.011 0.203 0.677 
 215 L _   0.006 0.093 0.001 0.026 0.006 0.012 0.197 0.659 
 216 K _   0.006 0.108 0.001 0.030 0.007 0.013 0.192 0.643 
 217 W _   0.006 0.118 0.001 0.034 0.008 0.013 0.187 0.633 
 218 E _   0.006 0.125 0.001 0.035 0.008 0.013 0.184 0.629 
 219 Y _   0.006 0.127 0.001 0.033 0.007 0.012 0.182 0.631 
 220 Q _   0.006 0.127 0.001 0.029 0.006 0.011 0.180 0.639 
 221 R _   0.006 0.123 0.001 0.024 0.005 0.010 0.179 0.651 
 222 A _   0.005 0.118 0.001 0.019 0.004 0.009 0.179 0.665 
 223 S _   0.005 0.112 0.000 0.014 0.003 0.008 0.178 0.679 
 224 S _   0.005 0.106 0.000 0.010 0.003 0.008 0.177 0.691 
 225 S _   0.005 0.103 0.000 0.008 0.002 0.007 0.176 0.698 
 226 S _   0.005 0.101 0.000 0.007 0.002 0.007 0.175 0.702 
 227 P _   0.005 0.103 0.000 0.007 0.002 0.008 0.173 0.702 
 228 L _   0.005 0.107 0.000 0.009 0.003 0.008 0.171 0.697 
 229 D _   0.006 0.114 0.000 0.011 0.004 0.009 0.169 0.688 
 230 Y _   0.006 0.124 0.001 0.014 0.004 0.010 0.165 0.677 
 231 S _   0.006 0.135 0.001 0.017 0.005 0.010 0.162 0.664 
 232 F _   0.006 0.147 0.001 0.020 0.005 0.011 0.159 0.653 
 233 Q _   0.005 0.156 0.001 0.021 0.006 0.010 0.156 0.644 
 234 F _   0.005 0.163 0.001 0.022 0.006 0.010 0.154 0.639 
 235 T _   0.005 0.168 0.001 0.022 0.006 0.010 0.152 0.637 
 236 P _   0.005 0.171 0.001 0.021 0.005 0.009 0.150 0.638 
 237 S _   0.005 0.172 0.001 0.020 0.005 0.009 0.150 0.640 
 238 R _   0.004 0.172 0.001 0.018 0.004 0.008 0.149 0.643 
 239 T _   0.004 0.171 0.000 0.016 0.004 0.008 0.149 0.647 
 240 A _   0.004 0.170 0.000 0.015 0.004 0.008 0.149 0.650 
 241 G _   0.004 0.169 0.000 0.013 0.003 0.007 0.149 0.654 
 242 T _   0.004 0.167 0.000 0.013 0.003 0.007 0.149 0.656 
 243 S _   0.004 0.166 0.000 0.012 0.003 0.007 0.149 0.658 
 244 G _   0.004 0.166 0.000 0.012 0.003 0.007 0.149 0.659 
 245 C _   0.004 0.166 0.000 0.012 0.003 0.007 0.149 0.658 
 246 S _   0.004 0.167 0.000 0.013 0.003 0.008 0.149 0.655 
 247 K _   0.004 0.168 0.000 0.014 0.004 0.008 0.149 0.652 
 248 E _   0.004 0.170 0.000 0.016 0.004 0.008 0.150 0.648 
 249 S _   0.004 0.172 0.000 0.018 0.004 0.009 0.150 0.642 
 250 L _   0.005 0.173 0.001 0.020 0.005 0.009 0.151 0.636 
 251 A _   0.005 0.174 0.001 0.023 0.005 0.010 0.152 0.631 
 252 Y _   0.005 0.172 0.001 0.025 0.005 0.010 0.154 0.628 
 253 S _   0.005 0.169 0.001 0.026 0.006 0.010 0.156 0.628 
 254 E _   0.006 0.162 0.001 0.026 0.006 0.010 0.160 0.630 
 255 S _   0.006 0.152 0.001 0.025 0.005 0.009 0.164 0.637 
 256 E _   0.006 0.138 0.001 0.023 0.005 0.009 0.169 0.649 
 257 W _   0.006 0.121 0.001 0.021 0.005 0.009 0.175 0.664 
 258 G _   0.006 0.101 0.001 0.017 0.004 0.008 0.181 0.681 
 259 P _   0.006 0.081 0.001 0.014 0.004 0.008 0.188 0.699 
 260 S _   0.006 0.063 0.000 0.011 0.003 0.007 0.194 0.715 
 261 L _   0.006 0.049 0.000 0.009 0.002 0.007 0.199 0.728 
 262 D _   0.005 0.040 0.000 0.007 0.002 0.006 0.202 0.737 
 263 D _   0.005 0.034 0.000 0.006 0.002 0.006 0.205 0.743 
 264 Y _   0.005 0.030 0.000 0.005 0.002 0.005 0.207 0.746 
 265 D _   0.005 0.028 0.000 0.005 0.001 0.005 0.208 0.747 
 266 R _   0.004 0.028 0.000 0.005 0.002 0.006 0.208 0.747 
 267 R _   0.004 0.028 0.000 0.006 0.002 0.006 0.208 0.746 
 268 P _   0.004 0.030 0.000 0.007 0.002 0.006 0.207 0.743 
 269 K _   0.004 0.032 0.000 0.008 0.002 0.007 0.206 0.740 
 270 S _   0.004 0.035 0.000 0.009 0.002 0.007 0.204 0.737 
 271 S _   0.004 0.039 0.000 0.010 0.003 0.007 0.202 0.734 
 272 Y _   0.004 0.043 0.000 0.011 0.003 0.008 0.200 0.730 
 273 L _   0.004 0.047 0.000 0.011 0.003 0.008 0.198 0.727 
 274 N _   0.005 0.052 0.000 0.012 0.003 0.008 0.196 0.724 
 275 Q _   0.005 0.057 0.000 0.012 0.003 0.008 0.194 0.720 
 276 T _   0.005 0.062 0.000 0.013 0.004 0.009 0.192 0.716 
 277 S _   0.005 0.067 0.000 0.014 0.004 0.009 0.190 0.711 
 278 P _   0.005 0.073 0.000 0.014 0.004 0.009 0.188 0.706 
 279 Q _   0.005 0.079 0.000 0.015 0.004 0.009 0.187 0.701 
 280 P _   0.005 0.084 0.001 0.015 0.004 0.009 0.185 0.696 
 281 T _   0.005 0.089 0.000 0.015 0.004 0.009 0.184 0.693 
 282 M _   0.005 0.093 0.000 0.015 0.004 0.009 0.183 0.691 
 283 R _   0.005 0.096 0.000 0.014 0.004 0.009 0.182 0.689 
 284 Q _   0.005 0.099 0.000 0.013 0.004 0.009 0.181 0.690 
 285 R _   0.005 0.102 0.000 0.011 0.003 0.009 0.180 0.690 
 286 S _   0.005 0.105 0.000 0.010 0.003 0.009 0.179 0.689 
 287 R _   0.005 0.110 0.000 0.010 0.003 0.009 0.177 0.686 
 288 S _   0.005 0.116 0.000 0.010 0.004 0.009 0.176 0.680 
 289 G _   0.005 0.124 0.001 0.012 0.004 0.010 0.174 0.670 
 290 S _   0.006 0.136 0.001 0.014 0.005 0.011 0.172 0.656 
 291 G _   0.006 0.151 0.001 0.016 0.006 0.012 0.170 0.637 
 292 L _   0.006 0.169 0.001 0.020 0.007 0.013 0.168 0.616 
 293 Q _   0.007 0.186 0.001 0.023 0.008 0.014 0.166 0.595 
 294 E _   0.007 0.201 0.001 0.027 0.008 0.014 0.165 0.577 
 295 P _   0.007 0.212 0.001 0.029 0.009 0.015 0.164 0.562 
 296 M _   0.007 0.220 0.001 0.031 0.009 0.015 0.164 0.552 
 297 M _   0.007 0.224 0.001 0.032 0.009 0.015 0.165 0.546 
 298 P _   0.008 0.225 0.001 0.033 0.009 0.015 0.166 0.544 
 299 F _   0.008 0.223 0.001 0.032 0.009 0.014 0.168 0.545 
 300 G _   0.008 0.218 0.001 0.031 0.009 0.014 0.171 0.548 
 301 A _   0.008 0.210 0.001 0.030 0.008 0.014 0.175 0.554 
 302 S _   0.009 0.198 0.001 0.028 0.008 0.013 0.179 0.565 
 303 A _   0.009 0.182 0.001 0.025 0.007 0.012 0.185 0.578 
 304 F _   0.009 0.163 0.001 0.023 0.007 0.012 0.191 0.595 
 305 K _   0.009 0.143 0.001 0.020 0.006 0.011 0.197 0.613 
 306 T _   0.008 0.121 0.001 0.017 0.005 0.010 0.204 0.632 
 307 H _   0.008 0.101 0.001 0.015 0.005 0.010 0.211 0.650 
 308 P _   0.007 0.084 0.001 0.013 0.004 0.009 0.217 0.667 
 309 Q _   0.007 0.069 0.000 0.010 0.003 0.008 0.222 0.679 
 310 G _   0.006 0.058 0.000 0.009 0.003 0.007 0.227 0.689 
 311 H _   0.006 0.050 0.000 0.007 0.002 0.007 0.230 0.696 
 312 S _   0.005 0.045 0.000 0.006 0.002 0.007 0.233 0.701 
 313 Y _   0.005 0.042 0.000 0.006 0.002 0.006 0.235 0.704 
 314 N _   0.005 0.040 0.000 0.006 0.002 0.006 0.236 0.705 
 315 S _   0.004 0.040 0.000 0.006 0.002 0.006 0.237 0.705 
 316 Y _   0.004 0.041 0.000 0.006 0.002 0.007 0.237 0.703 
 317 T _   0.004 0.043 0.000 0.007 0.002 0.007 0.237 0.699 
 318 Y _   0.004 0.048 0.000 0.009 0.003 0.008 0.236 0.692 
 319 P _   0.005 0.054 0.000 0.011 0.004 0.009 0.235 0.683 
 320 R _   0.005 0.064 0.001 0.014 0.004 0.010 0.233 0.670 
 321 L _   0.005 0.074 0.001 0.017 0.005 0.011 0.232 0.655 
 322 S _   0.006 0.085 0.001 0.021 0.006 0.012 0.230 0.639 
 323 E _   0.006 0.096 0.001 0.024 0.007 0.012 0.230 0.625 
 324 P _   0.006 0.104 0.001 0.027 0.008 0.012 0.230 0.613 
 325 T _   0.006 0.109 0.001 0.028 0.008 0.013 0.231 0.605 
 326 M _   0.006 0.111 0.001 0.027 0.008 0.012 0.233 0.601 
 327 C _   0.006 0.112 0.001 0.025 0.007 0.012 0.236 0.602 
 328 I _   0.006 0.110 0.001 0.022 0.006 0.011 0.239 0.605 
 329 P _   0.006 0.107 0.001 0.018 0.005 0.011 0.242 0.610 
 330 K _   0.006 0.104 0.001 0.015 0.005 0.011 0.246 0.614 
 331 V _   0.006 0.100 0.001 0.013 0.004 0.011 0.249 0.616 
 332 D _   0.006 0.098 0.000 0.011 0.004 0.011 0.253 0.616 
 333 Y _   0.006 0.097 0.000 0.012 0.004 0.011 0.256 0.613 
 334 D _   0.007 0.098 0.001 0.013 0.005 0.012 0.260 0.605 
 335 R _   0.007 0.100 0.001 0.017 0.005 0.012 0.263 0.595 
 336 A _   0.008 0.102 0.001 0.021 0.006 0.013 0.267 0.582 
 337 Q _   0.008 0.104 0.001 0.025 0.007 0.013 0.271 0.569 
 338 M _   0.009 0.105 0.001 0.029 0.008 0.013 0.277 0.559 
 339 V _   0.009 0.103 0.001 0.031 0.008 0.013 0.283 0.553 
 340 L _   0.008 0.098 0.001 0.030 0.008 0.012 0.290 0.552 
 341 S _   0.008 0.090 0.001 0.028 0.007 0.011 0.299 0.556 
 342 P _   0.008 0.078 0.001 0.024 0.006 0.010 0.309 0.565 
 343 P _   0.007 0.062 0.001 0.019 0.005 0.009 0.320 0.577 
 344 L _   0.007 0.046 0.001 0.014 0.004 0.008 0.330 0.591 
 345 S _   0.007 0.032 0.000 0.010 0.003 0.007 0.340 0.602 
 346 G _   0.006 0.021 0.000 0.007 0.002 0.006 0.348 0.609 
 347 S _   0.005 0.015 0.000 0.005 0.002 0.005 0.354 0.613 
 348 D _   0.005 0.011 0.000 0.004 0.001 0.005 0.359 0.615 
 349 T _   0.005 0.009 0.000 0.004 0.001 0.005 0.362 0.615 
 350 Y _   0.004 0.008 0.000 0.004 0.001 0.004 0.364 0.614 
 351 P _   0.004 0.007 0.000 0.004 0.001 0.005 0.365 0.613 
 352 R _   0.004 0.008 0.000 0.005 0.001 0.005 0.365 0.612 
 353 G _   0.004 0.008 0.000 0.006 0.002 0.005 0.365 0.610 
 354 P _   0.004 0.009 0.000 0.007 0.002 0.006 0.363 0.609 
 355 A _   0.004 0.010 0.000 0.009 0.002 0.006 0.361 0.608 
 356 K _   0.004 0.012 0.000 0.010 0.002 0.006 0.359 0.606 
 357 L _   0.004 0.013 0.000 0.011 0.002 0.007 0.357 0.606 
 358 P _   0.004 0.014 0.000 0.012 0.002 0.007 0.355 0.606 
 359 Q _   0.004 0.015 0.000 0.012 0.002 0.007 0.353 0.607 
 360 S _   0.004 0.016 0.000 0.012 0.002 0.007 0.351 0.608 
 361 Q _   0.004 0.016 0.000 0.011 0.002 0.006 0.349 0.611 
 362 S _   0.004 0.017 0.000 0.010 0.002 0.006 0.347 0.614 
 363 K _   0.004 0.017 0.000 0.009 0.002 0.006 0.344 0.618 
 364 S _   0.004 0.017 0.000 0.008 0.002 0.006 0.342 0.621 
 365 G _   0.004 0.018 0.000 0.008 0.002 0.005 0.339 0.625 
 366 Y _   0.003 0.019 0.000 0.007 0.002 0.005 0.335 0.628 
 367 S _   0.003 0.020 0.000 0.007 0.002 0.006 0.331 0.631 
 368 S _   0.003 0.022 0.000 0.007 0.002 0.006 0.326 0.634 
 369 S _   0.003 0.025 0.000 0.007 0.002 0.006 0.320 0.636 
 370 S _   0.003 0.030 0.000 0.008 0.002 0.007 0.312 0.637 
 371 H _   0.004 0.036 0.000 0.010 0.003 0.007 0.304 0.636 
 372 Q _   0.004 0.046 0.000 0.012 0.003 0.008 0.295 0.633 
 373 Y _   0.004 0.058 0.001 0.014 0.004 0.009 0.284 0.627 
 374 P _   0.004 0.074 0.001 0.017 0.004 0.010 0.272 0.617 
 375 S _   0.004 0.094 0.001 0.021 0.005 0.011 0.260 0.604 
 376 G _   0.004 0.116 0.001 0.024 0.006 0.012 0.247 0.589 
 377 Y _   0.004 0.138 0.001 0.027 0.007 0.012 0.236 0.575 
 378 H _   0.004 0.157 0.001 0.030 0.007 0.012 0.227 0.562 
 379 K _   0.005 0.173 0.001 0.031 0.007 0.012 0.219 0.554 
 380 A _   0.005 0.183 0.001 0.030 0.007 0.012 0.213 0.551 
 381 T _   0.005 0.190 0.001 0.028 0.006 0.011 0.208 0.552 
 382 L _   0.004 0.194 0.001 0.025 0.005 0.011 0.204 0.556 
 383 Y _   0.004 0.196 0.001 0.021 0.005 0.010 0.200 0.563 
 384 H _   0.004 0.196 0.001 0.017 0.004 0.010 0.197 0.572 
 385 H _   0.004 0.196 0.000 0.013 0.003 0.010 0.194 0.579 
 386 P _   0.004 0.198 0.000 0.011 0.003 0.010 0.190 0.583 
 387 S _   0.005 0.201 0.000 0.009 0.003 0.011 0.187 0.584 
 388 L _   0.005 0.207 0.000 0.009 0.004 0.012 0.183 0.580 
 389 Q _   0.006 0.219 0.001 0.011 0.005 0.014 0.177 0.567 
 390 S _   0.008 0.241 0.001 0.014 0.007 0.017 0.171 0.543 
 391 S _   0.009 0.278 0.001 0.018 0.010 0.019 0.162 0.502 
 392 S _   0.010 0.333 0.002 0.023 0.014 0.021 0.153 0.444 
 393 Q E   0.011 0.403 0.002 0.028 0.016 0.022 0.142 0.376 
 394 Y E   0.010 0.472 0.002 0.031 0.018 0.021 0.134 0.311 
 395 I E   0.010 0.530 0.002 0.033 0.017 0.020 0.127 0.260 
 396 S E   0.009 0.570 0.001 0.034 0.016 0.019 0.123 0.227 
 397 T E   0.009 0.593 0.001 0.035 0.015 0.018 0.120 0.208 
 398 A E   0.009 0.606 0.001 0.035 0.015 0.017 0.119 0.198 
 399 S E   0.009 0.611 0.001 0.035 0.014 0.016 0.119 0.195 
 400 Y E   0.009 0.609 0.001 0.034 0.014 0.016 0.119 0.197 
 401 L E   0.009 0.602 0.001 0.034 0.013 0.015 0.121 0.205 
 402 S E   0.010 0.586 0.001 0.033 0.012 0.014 0.124 0.220 
 403 S E   0.010 0.559 0.001 0.033 0.012 0.014 0.128 0.243 
 404 L E   0.011 0.518 0.001 0.032 0.012 0.014 0.134 0.277 
 405 S E   0.012 0.461 0.002 0.031 0.012 0.014 0.143 0.325 
 406 L _   0.013 0.388 0.002 0.029 0.011 0.014 0.154 0.389 
 407 S _   0.014 0.306 0.002 0.027 0.010 0.014 0.167 0.461 
 408 S _   0.014 0.226 0.001 0.024 0.009 0.014 0.180 0.532 
 409 S _   0.013 0.158 0.001 0.020 0.007 0.013 0.193 0.595 
 410 T _   0.012 0.106 0.001 0.016 0.005 0.012 0.204 0.645 
 411 Y _   0.010 0.071 0.001 0.012 0.004 0.010 0.212 0.680 
 412 P _   0.009 0.048 0.000 0.010 0.003 0.009 0.218 0.702 
 413 P _   0.008 0.034 0.000 0.008 0.002 0.008 0.223 0.717 
 414 P _   0.007 0.025 0.000 0.007 0.002 0.007 0.226 0.725 
 415 S _   0.006 0.020 0.000 0.006 0.002 0.007 0.228 0.731 
 416 W _   0.005 0.016 0.000 0.006 0.002 0.006 0.229 0.735 
 417 G _   0.005 0.014 0.000 0.006 0.002 0.006 0.229 0.738 
 418 S _   0.004 0.012 0.000 0.006 0.002 0.006 0.229 0.741 
 419 S _   0.004 0.012 0.000 0.005 0.002 0.006 0.228 0.744 
 420 S _   0.004 0.011 0.000 0.005 0.002 0.006 0.226 0.746 
 421 D _   0.004 0.012 0.000 0.005 0.002 0.007 0.223 0.747 
 422 Q _   0.004 0.013 0.000 0.006 0.002 0.008 0.220 0.748 
 423 Q _   0.004 0.015 0.000 0.006 0.002 0.009 0.216 0.748 
 424 P _   0.005 0.018 0.000 0.007 0.003 0.011 0.211 0.745 
 425 S _   0.006 0.023 0.000 0.009 0.003 0.014 0.206 0.739 
 426 R _   0.007 0.032 0.001 0.012 0.005 0.017 0.199 0.728 
 427 V _   0.009 0.045 0.001 0.016 0.007 0.022 0.191 0.709 
 428 S _   0.012 0.063 0.001 0.021 0.011 0.026 0.183 0.683 
 429 H _   0.015 0.087 0.001 0.028 0.015 0.031 0.174 0.649 
 430 E _   0.018 0.113 0.002 0.036 0.020 0.036 0.164 0.612 
 431 Q _   0.020 0.138 0.002 0.044 0.025 0.039 0.156 0.576 
 432 F _   0.023 0.157 0.002 0.052 0.029 0.041 0.149 0.548 
 433 R _   0.025 0.170 0.002 0.059 0.031 0.041 0.144 0.528 
 434 A _   0.026 0.177 0.002 0.064 0.031 0.040 0.140 0.519 
 435 A _   0.027 0.179 0.002 0.065 0.030 0.038 0.138 0.521 
 436 L _   0.027 0.174 0.002 0.062 0.028 0.035 0.136 0.536 
 437 Q _   0.027 0.162 0.002 0.056 0.024 0.032 0.136 0.562 
 438 L _   0.025 0.141 0.002 0.046 0.020 0.028 0.136 0.603 
 439 V _   0.024 0.109 0.002 0.034 0.015 0.024 0.136 0.656 
 440 V _   0.021 0.071 0.001 0.023 0.011 0.020 0.137 0.716 
 441 S _   0.018 0.039 0.001 0.014 0.007 0.017 0.137 0.767 
 442 P _   0.015 0.018 0.001 0.008 0.005 0.014 0.136 0.803 
 443 G _   0.013 0.008 0.000 0.005 0.003 0.013 0.135 0.824 
 444 D _   0.011 0.004 0.000 0.003 0.002 0.012 0.133 0.834 
 445 P _   0.011 0.002 0.000 0.003 0.002 0.012 0.131 0.838 
 446 R _   0.012 0.002 0.000 0.003 0.003 0.014 0.128 0.838 
 447 E _   0.014 0.002 0.000 0.004 0.004 0.016 0.126 0.835 
 448 Y _   0.016 0.003 0.001 0.006 0.005 0.019 0.122 0.828 
 449 L _   0.019 0.005 0.001 0.009 0.007 0.023 0.118 0.818 
 450 A _   0.022 0.008 0.001 0.013 0.010 0.027 0.114 0.805 
 451 N _   0.026 0.011 0.001 0.016 0.013 0.031 0.109 0.793 
 452 F _   0.031 0.014 0.001 0.018 0.015 0.035 0.105 0.781 
 453 I _   0.035 0.017 0.001 0.019 0.017 0.038 0.101 0.771 
 454 K _   0.040 0.019 0.001 0.019 0.019 0.041 0.098 0.764 
 455 I _   0.044 0.020 0.001 0.018 0.021 0.043 0.094 0.758 
 456 G _   0.049 0.022 0.001 0.017 0.022 0.045 0.091 0.752 
 457 E _   0.054 0.023 0.001 0.016 0.024 0.047 0.089 0.745 
 458 G _   0.059 0.026 0.002 0.017 0.026 0.049 0.086 0.737 
 459 S _   0.063 0.029 0.002 0.018 0.028 0.050 0.084 0.727 
 460 T _   0.066 0.032 0.002 0.022 0.030 0.050 0.083 0.717 
 461 G _   0.066 0.036 0.002 0.026 0.030 0.048 0.082 0.710 
 462 I _   0.066 0.039 0.002 0.030 0.029 0.046 0.081 0.707 
 463 V _   0.062 0.041 0.002 0.033 0.027 0.043 0.081 0.712 
 464 C _   0.056 0.041 0.002 0.033 0.024 0.039 0.081 0.724 
 465 I _   0.050 0.039 0.002 0.030 0.020 0.034 0.081 0.744 
 466 A _   0.042 0.035 0.001 0.025 0.016 0.029 0.081 0.770 
 467 T _   0.035 0.029 0.001 0.019 0.012 0.024 0.082 0.798 
 468 E _   0.028 0.023 0.001 0.014 0.008 0.020 0.082 0.823 
 469 K _   0.022 0.018 0.001 0.010 0.006 0.017 0.082 0.844 
 470 H _   0.017 0.015 0.001 0.007 0.005 0.015 0.082 0.858 
 471 T _   0.014 0.013 0.000 0.006 0.004 0.013 0.082 0.867 
 472 G _   0.012 0.013 0.000 0.007 0.004 0.012 0.082 0.870 
 473 K _   0.011 0.014 0.000 0.008 0.004 0.012 0.081 0.870 
 474 Q _   0.011 0.015 0.000 0.010 0.004 0.012 0.081 0.867 
 475 V _   0.010 0.017 0.001 0.013 0.005 0.012 0.080 0.863 
 476 A _   0.010 0.018 0.001 0.015 0.005 0.011 0.080 0.860 
 477 V _   0.010 0.019 0.001 0.016 0.005 0.011 0.079 0.859 
 478 K _   0.009 0.020 0.001 0.016 0.005 0.011 0.079 0.861 
 479 K _   0.008 0.019 0.001 0.015 0.004 0.010 0.079 0.865 
 480 M _   0.008 0.018 0.000 0.012 0.004 0.009 0.078 0.870 
 481 D _   0.007 0.016 0.000 0.010 0.003 0.009 0.078 0.877 
 482 L _   0.007 0.015 0.000 0.007 0.003 0.008 0.078 0.882 
 483 R _   0.006 0.014 0.000 0.006 0.002 0.008 0.077 0.885 
 484 K _   0.007 0.014 0.000 0.005 0.002 0.009 0.076 0.887 
 485 Q _   0.007 0.015 0.000 0.005 0.002 0.010 0.075 0.885 
 486 Q _   0.008 0.018 0.000 0.006 0.003 0.012 0.074 0.879 
 487 R _   0.010 0.024 0.000 0.008 0.004 0.015 0.072 0.867 
 488 R _   0.012 0.035 0.001 0.012 0.007 0.018 0.069 0.846 
 489 E _   0.014 0.054 0.001 0.019 0.010 0.022 0.066 0.814 
 490 L _   0.016 0.080 0.001 0.028 0.014 0.025 0.063 0.773 
 491 L _   0.017 0.107 0.002 0.039 0.017 0.028 0.059 0.731 
 492 F _   0.018 0.129 0.002 0.050 0.020 0.029 0.056 0.696 
 493 N _   0.018 0.144 0.002 0.059 0.022 0.029 0.054 0.672 
 494 E _   0.019 0.152 0.002 0.064 0.022 0.029 0.053 0.661 
 495 V _   0.019 0.153 0.002 0.065 0.021 0.027 0.052 0.661 
 496 V _   0.018 0.149 0.002 0.061 0.019 0.025 0.052 0.673 
 497 I _   0.018 0.138 0.002 0.053 0.017 0.023 0.052 0.698 
 498 M _   0.017 0.119 0.001 0.043 0.014 0.020 0.052 0.734 
 499 R _   0.015 0.091 0.001 0.031 0.011 0.017 0.053 0.780 
 500 D _   0.013 0.061 0.001 0.021 0.008 0.015 0.054 0.827 
 501 Y _   0.011 0.035 0.001 0.013 0.006 0.013 0.055 0.867 
 502 H _   0.009 0.018 0.001 0.008 0.004 0.011 0.055 0.894 
 503 H _   0.008 0.010 0.000 0.006 0.003 0.010 0.054 0.910 
 504 D _   0.007 0.005 0.000 0.004 0.002 0.009 0.054 0.918 
 505 N _   0.007 0.004 0.000 0.004 0.002 0.010 0.053 0.920 
 506 V _   0.007 0.003 0.000 0.005 0.002 0.011 0.052 0.920 
 507 V _   0.008 0.003 0.000 0.006 0.003 0.012 0.050 0.917 
 508 D _   0.010 0.003 0.000 0.008 0.004 0.015 0.048 0.912 
 509 M _   0.012 0.003 0.001 0.010 0.005 0.018 0.046 0.905 
 510 Y _   0.016 0.003 0.001 0.011 0.007 0.021 0.044 0.897 
 511 S _   0.021 0.003 0.001 0.012 0.008 0.025 0.041 0.888 
 512 S _   0.030 0.003 0.001 0.012 0.010 0.030 0.039 0.877 
 513 Y _   0.041 0.002 0.001 0.012 0.012 0.034 0.036 0.862 
 514 L _   0.058 0.002 0.001 0.010 0.014 0.039 0.034 0.842 
 515 V _   0.080 0.002 0.001 0.009 0.017 0.044 0.031 0.815 
 516 G _   0.108 0.001 0.001 0.008 0.021 0.050 0.028 0.781 
 517 D _   0.141 0.001 0.002 0.008 0.026 0.055 0.026 0.740 
 518 E _   0.177 0.002 0.002 0.009 0.033 0.060 0.023 0.695 
 519 L _   0.212 0.002 0.002 0.009 0.039 0.063 0.021 0.651 
 520 W _   0.244 0.002 0.002 0.011 0.045 0.065 0.020 0.611 
 521 V _   0.270 0.003 0.002 0.012 0.048 0.066 0.018 0.579 
 522 V _   0.290 0.003 0.002 0.013 0.050 0.065 0.017 0.559 
 523 M _   0.301 0.003 0.002 0.014 0.048 0.062 0.017 0.552 
 524 E _   0.305 0.003 0.002 0.013 0.045 0.059 0.016 0.557 
 525 F _   0.301 0.003 0.002 0.011 0.040 0.054 0.016 0.573 
 526 L _   0.289 0.002 0.002 0.009 0.034 0.050 0.016 0.599 
 527 E _   0.271 0.001 0.002 0.008 0.028 0.045 0.015 0.630 
 528 G _   0.248 0.001 0.001 0.007 0.023 0.041 0.015 0.665 
 529 G _   0.225 0.001 0.001 0.006 0.018 0.037 0.015 0.697 
 530 A _   0.204 0.001 0.001 0.006 0.015 0.033 0.015 0.726 
 531 L _   0.185 0.000 0.001 0.006 0.012 0.029 0.015 0.751 
 532 T _   0.169 0.000 0.001 0.006 0.011 0.026 0.015 0.772 
 533 D _   0.155 0.000 0.001 0.006 0.009 0.024 0.015 0.790 
 534 I _   0.145 0.000 0.001 0.006 0.008 0.021 0.015 0.804 
 535 V _   0.140 0.000 0.001 0.005 0.007 0.019 0.014 0.814 
 536 T _   0.141 0.000 0.001 0.004 0.006 0.017 0.014 0.819 
 537 H _   0.146 0.000 0.001 0.003 0.005 0.015 0.013 0.817 
 538 T _   0.159 0.000 0.001 0.002 0.004 0.013 0.012 0.808 
 539 R _   0.181 0.000 0.001 0.002 0.004 0.013 0.011 0.789 
 540 M _   0.215 0.000 0.001 0.001 0.005 0.013 0.010 0.757 
 541 N _   0.263 0.000 0.001 0.001 0.005 0.013 0.008 0.709 
 542 E _   0.331 0.000 0.001 0.001 0.007 0.014 0.007 0.640 
 543 E _   0.417 0.000 0.001 0.001 0.008 0.014 0.006 0.553 
 544 Q H   0.513 0.000 0.001 0.001 0.011 0.015 0.005 0.455 
 545 I H   0.606 0.000 0.001 0.001 0.014 0.016 0.004 0.359 
 546 A H   0.685 0.000 0.001 0.001 0.017 0.016 0.003 0.277 
 547 T H   0.745 0.000 0.001 0.001 0.020 0.015 0.003 0.215 
 548 V H   0.784 0.000 0.001 0.001 0.021 0.015 0.002 0.175 
 549 C H   0.806 0.000 0.001 0.001 0.023 0.014 0.002 0.152 
 550 L H   0.813 0.000 0.001 0.001 0.024 0.014 0.002 0.144 
 551 S H   0.807 0.000 0.001 0.002 0.024 0.013 0.003 0.149 
 552 V H   0.787 0.000 0.001 0.002 0.024 0.013 0.003 0.169 
 553 L H   0.749 0.000 0.002 0.002 0.024 0.014 0.004 0.206 
 554 R H   0.692 0.000 0.002 0.002 0.022 0.014 0.005 0.263 
 555 A H   0.616 0.000 0.002 0.002 0.019 0.014 0.007 0.340 
 556 L H   0.523 0.000 0.001 0.002 0.016 0.014 0.009 0.434 
 557 S _   0.423 0.000 0.001 0.003 0.013 0.014 0.012 0.535 
 558 Y _   0.327 0.000 0.001 0.003 0.010 0.014 0.014 0.630 
 559 L _   0.243 0.000 0.001 0.003 0.008 0.014 0.017 0.714 
 560 H _   0.178 0.000 0.001 0.004 0.007 0.013 0.020 0.777 
 561 N _   0.128 0.000 0.001 0.005 0.006 0.013 0.022 0.824 
 562 Q _   0.092 0.001 0.001 0.006 0.006 0.013 0.024 0.858 
 563 G _   0.066 0.001 0.001 0.007 0.005 0.012 0.025 0.883 
 564 V _   0.046 0.001 0.001 0.008 0.005 0.012 0.027 0.900 
 565 I _   0.033 0.002 0.001 0.008 0.004 0.011 0.028 0.913 
 566 H _   0.025 0.003 0.001 0.008 0.004 0.011 0.029 0.921 
 567 R _   0.018 0.003 0.000 0.008 0.004 0.010 0.029 0.927 
 568 D _   0.015 0.004 0.000 0.007 0.004 0.010 0.030 0.930 
 569 I _   0.012 0.006 0.000 0.008 0.004 0.010 0.030 0.930 
 570 K _   0.011 0.008 0.000 0.008 0.004 0.010 0.031 0.928 
 571 S _   0.010 0.010 0.000 0.009 0.004 0.011 0.031 0.924 
 572 D _   0.010 0.014 0.001 0.011 0.005 0.011 0.031 0.918 
 573 S _   0.010 0.018 0.001 0.013 0.005 0.012 0.031 0.910 
 574 I _   0.010 0.022 0.001 0.015 0.006 0.012 0.031 0.903 
 575 L _   0.010 0.026 0.001 0.017 0.006 0.013 0.031 0.896 
 576 L _   0.009 0.030 0.001 0.018 0.006 0.013 0.031 0.893 
 577 T _   0.009 0.032 0.001 0.017 0.006 0.013 0.032 0.891 
 578 S _   0.009 0.034 0.001 0.016 0.006 0.012 0.032 0.892 
 579 D _   0.008 0.035 0.001 0.014 0.005 0.012 0.032 0.893 
 580 G _   0.008 0.035 0.001 0.012 0.005 0.012 0.032 0.894 
 581 R _   0.009 0.036 0.001 0.011 0.005 0.013 0.032 0.894 
 582 I _   0.009 0.038 0.001 0.011 0.005 0.013 0.033 0.891 
 583 K _   0.010 0.041 0.001 0.012 0.005 0.014 0.033 0.885 
 584 L _   0.011 0.045 0.001 0.014 0.006 0.015 0.033 0.875 
 585 S _   0.012 0.051 0.001 0.017 0.008 0.017 0.033 0.862 
 586 D _   0.012 0.058 0.001 0.023 0.009 0.018 0.033 0.847 
 587 F _   0.013 0.064 0.001 0.028 0.010 0.018 0.033 0.831 
 588 G _   0.014 0.069 0.001 0.033 0.011 0.019 0.033 0.820 
 589 F _   0.014 0.071 0.001 0.036 0.011 0.018 0.034 0.815 
 590 C _   0.013 0.071 0.001 0.036 0.011 0.017 0.035 0.816 
 591 A _   0.013 0.067 0.001 0.034 0.010 0.016 0.036 0.823 
 592 Q _   0.012 0.061 0.001 0.029 0.009 0.015 0.037 0.836 
 593 V _   0.011 0.051 0.001 0.023 0.007 0.013 0.039 0.855 
 594 S _   0.010 0.039 0.001 0.017 0.006 0.012 0.041 0.876 
 595 K _   0.009 0.028 0.001 0.012 0.004 0.010 0.042 0.894 
 596 E _   0.008 0.020 0.000 0.008 0.003 0.009 0.043 0.908 
 597 V _   0.008 0.014 0.000 0.006 0.003 0.009 0.044 0.916 
 598 P _   0.007 0.011 0.000 0.005 0.002 0.009 0.045 0.920 
 599 K _   0.008 0.010 0.000 0.004 0.002 0.010 0.045 0.920 
 600 R _   0.008 0.010 0.000 0.005 0.003 0.011 0.045 0.917 
 601 K _   0.010 0.012 0.000 0.006 0.004 0.013 0.045 0.910 
 602 S _   0.011 0.015 0.001 0.008 0.005 0.016 0.045 0.899 
 603 L _   0.013 0.020 0.001 0.012 0.007 0.020 0.044 0.883 
 604 V _   0.016 0.027 0.001 0.017 0.010 0.024 0.044 0.863 
 605 G _   0.018 0.035 0.001 0.023 0.013 0.027 0.043 0.841 
 606 T _   0.020 0.042 0.001 0.028 0.016 0.031 0.042 0.819 
 607 P _   0.022 0.048 0.001 0.033 0.019 0.033 0.042 0.800 
 608 Y _   0.024 0.052 0.001 0.037 0.021 0.035 0.042 0.787 
 609 W _   0.026 0.054 0.002 0.038 0.023 0.036 0.042 0.780 
 610 M _   0.026 0.054 0.002 0.038 0.023 0.036 0.042 0.779 
 611 A _   0.027 0.052 0.002 0.036 0.022 0.035 0.043 0.782 
 612 P _   0.028 0.048 0.001 0.033 0.020 0.034 0.044 0.791 
 613 E _   0.029 0.042 0.001 0.029 0.018 0.032 0.045 0.803 
 614 V _   0.030 0.035 0.001 0.025 0.016 0.030 0.047 0.816 
 615 I _   0.032 0.027 0.001 0.020 0.013 0.028 0.048 0.830 
 616 S _   0.035 0.019 0.001 0.015 0.011 0.026 0.049 0.843 
 617 R _   0.039 0.012 0.001 0.011 0.009 0.025 0.051 0.854 
 618 L _   0.044 0.006 0.001 0.008 0.007 0.023 0.052 0.859 
 619 P _   0.051 0.003 0.001 0.005 0.006 0.023 0.053 0.859 
 620 Y _   0.063 0.001 0.001 0.004 0.005 0.023 0.053 0.851 
 621 G _   0.081 0.000 0.001 0.002 0.005 0.024 0.053 0.833 
 622 T _   0.109 0.000 0.001 0.002 0.006 0.026 0.054 0.803 
 623 E _   0.148 0.000 0.001 0.002 0.008 0.030 0.054 0.758 
 624 V _   0.198 0.000 0.001 0.002 0.012 0.035 0.054 0.699 
 625 D _   0.257 0.000 0.001 0.002 0.018 0.041 0.054 0.627 
 626 I _   0.318 0.000 0.002 0.003 0.027 0.048 0.055 0.548 
 627 W _   0.370 0.002 0.002 0.004 0.038 0.054 0.056 0.474 
 628 S H   0.410 0.004 0.002 0.007 0.050 0.058 0.059 0.409 
 629 L H   0.434 0.010 0.003 0.012 0.059 0.060 0.062 0.360 
 630 G H   0.443 0.017 0.003 0.018 0.065 0.060 0.067 0.327 
 631 I H   0.438 0.023 0.003 0.025 0.066 0.058 0.074 0.313 
 632 M H   0.417 0.027 0.003 0.031 0.064 0.054 0.083 0.321 
 633 V H   0.383 0.028 0.003 0.034 0.058 0.050 0.094 0.349 
 634 I _   0.336 0.027 0.003 0.035 0.049 0.044 0.107 0.399 
 635 E _   0.277 0.024 0.003 0.031 0.038 0.037 0.123 0.467 
 636 M _   0.215 0.018 0.002 0.025 0.026 0.030 0.139 0.545 
 637 I _   0.157 0.011 0.002 0.017 0.015 0.023 0.155 0.621 
 638 D _   0.107 0.006 0.001 0.011 0.008 0.016 0.167 0.683 
 639 G _   0.070 0.003 0.001 0.006 0.004 0.012 0.177 0.728 
 640 E _   0.043 0.001 0.000 0.004 0.002 0.008 0.184 0.757 
 641 P _   0.025 0.001 0.000 0.002 0.002 0.006 0.189 0.775 
 642 P _   0.015 0.000 0.000 0.002 0.001 0.005 0.192 0.784 
 643 Y _   0.010 0.000 0.000 0.002 0.001 0.005 0.194 0.788 
 644 F _   0.007 0.001 0.000 0.002 0.001 0.005 0.195 0.788 
 645 N _   0.007 0.002 0.000 0.003 0.001 0.006 0.196 0.784 
 646 E _   0.007 0.005 0.000 0.006 0.002 0.008 0.195 0.776 
 647 P _   0.008 0.013 0.000 0.011 0.004 0.011 0.194 0.760 
 648 P _   0.008 0.025 0.001 0.019 0.006 0.014 0.192 0.736 
 649 L _   0.009 0.039 0.001 0.029 0.008 0.016 0.189 0.710 
 650 Q _   0.009 0.051 0.001 0.038 0.009 0.017 0.187 0.688 
 651 A _   0.009 0.058 0.001 0.044 0.010 0.017 0.186 0.674 
 652 M _   0.008 0.062 0.001 0.047 0.010 0.017 0.186 0.669 
 653 R _   0.008 0.062 0.001 0.046 0.010 0.016 0.187 0.671 
 654 R _   0.007 0.059 0.001 0.041 0.009 0.015 0.188 0.679 
 655 I _   0.007 0.053 0.001 0.035 0.008 0.013 0.191 0.692 
 656 R _   0.007 0.044 0.001 0.027 0.007 0.012 0.194 0.709 
 657 D _   0.006 0.033 0.001 0.019 0.005 0.011 0.198 0.728 
 658 S _   0.006 0.021 0.001 0.013 0.004 0.010 0.201 0.744 
 659 L _   0.006 0.013 0.000 0.009 0.003 0.009 0.204 0.757 
 660 P _   0.006 0.007 0.000 0.006 0.002 0.009 0.206 0.764 
 661 P _   0.007 0.003 0.000 0.004 0.002 0.009 0.208 0.767 
 662 R _   0.008 0.002 0.000 0.003 0.002 0.010 0.208 0.767 
 663 V _   0.010 0.001 0.000 0.003 0.002 0.012 0.209 0.763 
