#TopoPred_TM8: 8-state transmembrane topology prediction results by no_profile mode 
#probabilities are in the order of H E C I L F X _, the 8 transmembrane topology types used in PDBTM 
   1 M X   0.010 0.001 0.002 0.043 0.008 0.009 0.794 0.133 
   2 E X   0.004 0.000 0.000 0.025 0.002 0.004 0.816 0.148 
   3 A X   0.001 0.000 0.000 0.015 0.001 0.003 0.821 0.158 
   4 S X   0.001 0.000 0.000 0.011 0.001 0.003 0.820 0.163 
   5 L X   0.002 0.001 0.000 0.010 0.001 0.004 0.815 0.167 
   6 G X   0.002 0.001 0.000 0.010 0.001 0.005 0.808 0.171 
   7 I X   0.003 0.001 0.000 0.011 0.002 0.006 0.801 0.176 
   8 Q X   0.004 0.002 0.000 0.012 0.002 0.007 0.792 0.182 
   9 M X   0.004 0.003 0.000 0.012 0.002 0.007 0.783 0.188 
  10 D X   0.004 0.004 0.000 0.013 0.003 0.007 0.773 0.196 
  11 E X   0.004 0.004 0.000 0.013 0.003 0.007 0.765 0.205 
  12 P X   0.003 0.004 0.000 0.012 0.003 0.006 0.757 0.214 
  13 M X   0.003 0.004 0.000 0.010 0.002 0.006 0.750 0.223 
  14 A X   0.003 0.004 0.000 0.009 0.002 0.005 0.744 0.232 
  15 F X   0.003 0.004 0.000 0.007 0.002 0.005 0.738 0.241 
  16 S X   0.003 0.003 0.000 0.006 0.002 0.005 0.732 0.248 
  17 P X   0.003 0.003 0.000 0.006 0.002 0.004 0.727 0.255 
  18 Q X   0.003 0.003 0.000 0.006 0.002 0.004 0.721 0.262 
  19 R X   0.003 0.003 0.000 0.006 0.002 0.004 0.714 0.268 
  20 D X   0.003 0.003 0.000 0.006 0.002 0.004 0.708 0.274 
  21 R X   0.003 0.003 0.000 0.007 0.002 0.004 0.701 0.280 
  22 F X   0.003 0.003 0.000 0.007 0.002 0.004 0.694 0.287 
  23 Q X   0.003 0.003 0.000 0.007 0.002 0.004 0.687 0.294 
  24 A X   0.003 0.003 0.000 0.007 0.002 0.004 0.679 0.302 
  25 E X   0.003 0.003 0.000 0.006 0.002 0.004 0.671 0.311 
  26 G X   0.003 0.003 0.000 0.006 0.002 0.004 0.663 0.320 
  27 S X   0.002 0.003 0.000 0.005 0.001 0.004 0.654 0.331 
  28 L X   0.002 0.002 0.000 0.005 0.001 0.003 0.644 0.341 
  29 K X   0.002 0.002 0.000 0.004 0.001 0.004 0.634 0.352 
  30 K X   0.002 0.003 0.000 0.004 0.001 0.004 0.622 0.363 
  31 N X   0.002 0.003 0.000 0.005 0.001 0.004 0.609 0.374 
  32 E X   0.002 0.004 0.000 0.006 0.002 0.005 0.595 0.386 
  33 Q X   0.003 0.005 0.000 0.008 0.002 0.006 0.579 0.397 
  34 N X   0.003 0.007 0.000 0.010 0.003 0.006 0.562 0.409 
  35 F X   0.003 0.009 0.000 0.012 0.003 0.007 0.545 0.420 
  36 K X   0.003 0.012 0.000 0.014 0.004 0.008 0.527 0.432 
  37 L X   0.004 0.014 0.001 0.015 0.004 0.009 0.509 0.445 
  38 A X   0.004 0.016 0.001 0.016 0.004 0.009 0.492 0.459 
  39 G X   0.004 0.018 0.001 0.016 0.004 0.009 0.475 0.473 
  40 V _   0.004 0.019 0.001 0.015 0.004 0.010 0.459 0.487 
  41 K _   0.004 0.021 0.001 0.015 0.004 0.010 0.444 0.501 
  42 K _   0.005 0.022 0.001 0.014 0.005 0.011 0.430 0.513 
  43 D _   0.005 0.024 0.001 0.014 0.005 0.012 0.416 0.523 
  44 I _   0.006 0.025 0.001 0.015 0.006 0.013 0.403 0.531 
  45 E _   0.007 0.027 0.001 0.017 0.006 0.014 0.391 0.537 
  46 K _   0.008 0.029 0.001 0.019 0.007 0.015 0.379 0.542 
  47 L _   0.008 0.031 0.001 0.021 0.008 0.015 0.369 0.547 
  48 Y _   0.009 0.032 0.001 0.022 0.008 0.015 0.359 0.553 
  49 E _   0.009 0.033 0.001 0.023 0.008 0.015 0.349 0.561 
  50 A _   0.009 0.032 0.001 0.022 0.008 0.015 0.341 0.571 
  51 V _   0.009 0.031 0.001 0.021 0.007 0.014 0.334 0.583 
  52 P _   0.009 0.029 0.001 0.019 0.007 0.013 0.327 0.596 
  53 Q _   0.009 0.026 0.001 0.016 0.006 0.012 0.321 0.609 
  54 L _   0.009 0.023 0.001 0.014 0.005 0.011 0.315 0.623 
  55 S _   0.008 0.020 0.001 0.011 0.004 0.010 0.310 0.636 
  56 N _   0.007 0.017 0.000 0.010 0.004 0.010 0.304 0.648 
  57 V _   0.007 0.015 0.000 0.008 0.003 0.009 0.299 0.658 
  58 F _   0.007 0.013 0.000 0.007 0.003 0.009 0.293 0.668 
  59 K _   0.006 0.012 0.000 0.007 0.003 0.009 0.287 0.676 
  60 I _   0.006 0.012 0.000 0.006 0.003 0.009 0.280 0.683 
  61 E _   0.007 0.012 0.000 0.006 0.003 0.010 0.273 0.689 
  62 D _   0.007 0.012 0.000 0.006 0.003 0.011 0.265 0.694 
  63 K _   0.008 0.014 0.000 0.007 0.004 0.013 0.257 0.698 
  64 I _   0.009 0.017 0.001 0.008 0.005 0.015 0.247 0.699 
  65 G _   0.011 0.021 0.001 0.010 0.006 0.018 0.237 0.696 
  66 E _   0.013 0.028 0.001 0.012 0.008 0.021 0.226 0.690 
  67 G _   0.015 0.037 0.001 0.016 0.011 0.025 0.215 0.680 
  68 T _   0.018 0.049 0.001 0.020 0.014 0.029 0.204 0.665 
  69 F _   0.020 0.062 0.001 0.026 0.018 0.032 0.192 0.649 
  70 S _   0.022 0.074 0.002 0.032 0.021 0.035 0.182 0.632 
  71 S _   0.024 0.085 0.002 0.038 0.024 0.036 0.172 0.619 
  72 V _   0.026 0.093 0.002 0.043 0.026 0.037 0.164 0.610 
  73 Y _   0.027 0.098 0.002 0.046 0.026 0.037 0.157 0.608 
  74 L _   0.027 0.099 0.002 0.047 0.025 0.035 0.152 0.612 
  75 A _   0.027 0.097 0.002 0.045 0.023 0.033 0.148 0.625 
  76 T _   0.026 0.092 0.002 0.041 0.020 0.030 0.144 0.645 
  77 A _   0.025 0.082 0.001 0.034 0.017 0.027 0.141 0.672 
  78 Q _   0.023 0.068 0.001 0.026 0.013 0.024 0.139 0.705 
  79 L _   0.020 0.052 0.001 0.019 0.010 0.021 0.137 0.739 
  80 Q _   0.018 0.038 0.001 0.014 0.008 0.019 0.135 0.768 
  81 V _   0.016 0.027 0.001 0.010 0.006 0.017 0.133 0.791 
  82 G _   0.014 0.020 0.001 0.008 0.005 0.015 0.131 0.807 
  83 P _   0.013 0.017 0.000 0.007 0.004 0.015 0.128 0.816 
  84 E _   0.013 0.015 0.000 0.007 0.004 0.015 0.125 0.819 
  85 E _   0.013 0.014 0.001 0.009 0.005 0.015 0.123 0.820 
  86 K _   0.014 0.014 0.001 0.011 0.006 0.016 0.120 0.818 
  87 I _   0.014 0.015 0.001 0.014 0.007 0.017 0.117 0.816 
  88 A _   0.014 0.015 0.001 0.016 0.008 0.017 0.114 0.816 
  89 L _   0.014 0.014 0.001 0.017 0.008 0.017 0.111 0.817 
  90 K _   0.014 0.013 0.001 0.017 0.008 0.017 0.109 0.821 
  91 H _   0.014 0.012 0.001 0.015 0.007 0.016 0.107 0.828 
  92 L _   0.014 0.009 0.001 0.013 0.006 0.016 0.105 0.837 
  93 I _   0.014 0.007 0.001 0.010 0.005 0.015 0.103 0.846 
  94 P _   0.014 0.004 0.001 0.007 0.004 0.015 0.101 0.852 
  95 T _   0.016 0.003 0.000 0.005 0.004 0.016 0.100 0.856 
  96 S _   0.018 0.002 0.000 0.004 0.004 0.018 0.097 0.856 
  97 H _   0.022 0.001 0.000 0.004 0.004 0.021 0.095 0.852 
  98 P _   0.029 0.002 0.001 0.004 0.006 0.025 0.093 0.842 
  99 I _   0.037 0.003 0.001 0.005 0.008 0.030 0.090 0.827 
 100 R _   0.046 0.005 0.001 0.007 0.013 0.036 0.087 0.806 
 101 I _   0.056 0.010 0.001 0.011 0.019 0.042 0.083 0.778 
 102 A _   0.065 0.018 0.002 0.017 0.025 0.048 0.080 0.745 
 103 A _   0.071 0.029 0.002 0.024 0.032 0.052 0.076 0.713 
 104 E _   0.075 0.040 0.002 0.032 0.036 0.053 0.073 0.687 
 105 L _   0.076 0.048 0.002 0.039 0.039 0.053 0.071 0.672 
 106 Q _   0.074 0.052 0.002 0.043 0.038 0.051 0.069 0.669 
 107 C _   0.071 0.054 0.002 0.043 0.036 0.047 0.068 0.679 
 108 L _   0.065 0.052 0.002 0.040 0.031 0.043 0.068 0.700 
 109 T _   0.058 0.047 0.002 0.034 0.025 0.037 0.067 0.730 
 110 V _   0.050 0.039 0.002 0.026 0.019 0.032 0.067 0.766 
 111 A _   0.041 0.030 0.001 0.018 0.013 0.027 0.067 0.801 
 112 G _   0.034 0.022 0.001 0.012 0.009 0.023 0.067 0.831 
 113 G _   0.028 0.016 0.001 0.009 0.007 0.020 0.066 0.853 
 114 Q _   0.024 0.013 0.001 0.007 0.005 0.018 0.066 0.868 
 115 D _   0.020 0.011 0.001 0.006 0.005 0.017 0.065 0.875 
 116 N _   0.018 0.011 0.001 0.007 0.005 0.016 0.064 0.878 
 117 V _   0.017 0.011 0.001 0.009 0.005 0.016 0.063 0.878 
 118 M _   0.016 0.012 0.001 0.012 0.006 0.016 0.062 0.875 
 119 G _   0.015 0.014 0.001 0.014 0.007 0.016 0.061 0.872 
 120 V _   0.014 0.015 0.001 0.017 0.007 0.015 0.060 0.871 
 121 K _   0.013 0.015 0.001 0.017 0.007 0.015 0.059 0.873 
 122 Y _   0.011 0.015 0.001 0.017 0.006 0.014 0.058 0.878 
 123 C _   0.010 0.014 0.001 0.014 0.006 0.013 0.057 0.885 
 124 F _   0.009 0.013 0.001 0.012 0.005 0.012 0.056 0.893 
 125 R _   0.008 0.012 0.001 0.010 0.004 0.011 0.055 0.899 
 126 K _   0.008 0.011 0.000 0.008 0.004 0.011 0.055 0.904 
 127 N _   0.008 0.011 0.000 0.007 0.004 0.011 0.054 0.905 
 128 D _   0.008 0.011 0.000 0.008 0.004 0.012 0.053 0.904 
 129 H _   0.009 0.012 0.001 0.009 0.005 0.013 0.052 0.899 
 130 V _   0.010 0.014 0.001 0.012 0.006 0.015 0.051 0.892 
 131 V _   0.011 0.017 0.001 0.015 0.007 0.017 0.049 0.883 
 132 I _   0.012 0.020 0.001 0.019 0.008 0.018 0.048 0.874 
 133 A _   0.013 0.021 0.001 0.021 0.009 0.020 0.047 0.868 
 134 M _   0.014 0.023 0.001 0.022 0.010 0.021 0.045 0.864 
 135 P _   0.014 0.023 0.001 0.021 0.010 0.022 0.044 0.865 
 136 Y _   0.015 0.022 0.001 0.020 0.010 0.022 0.043 0.867 
 137 L _   0.015 0.020 0.001 0.017 0.010 0.023 0.043 0.871 
 138 E _   0.016 0.019 0.001 0.015 0.010 0.024 0.042 0.874 
 139 H _   0.018 0.017 0.001 0.014 0.010 0.025 0.041 0.874 
 140 E _   0.020 0.016 0.001 0.013 0.010 0.026 0.041 0.873 
 141 S _   0.022 0.015 0.001 0.013 0.011 0.027 0.040 0.871 
 142 F _   0.026 0.014 0.001 0.013 0.011 0.028 0.040 0.868 
 143 L _   0.029 0.013 0.001 0.014 0.012 0.029 0.039 0.863 
 144 D _   0.033 0.012 0.001 0.014 0.012 0.030 0.039 0.859 
 145 I _   0.038 0.011 0.001 0.013 0.013 0.031 0.039 0.854 
 146 L _   0.043 0.009 0.001 0.013 0.013 0.033 0.038 0.850 
 147 N _   0.048 0.008 0.001 0.011 0.013 0.034 0.038 0.846 
 148 S _   0.055 0.006 0.001 0.010 0.014 0.035 0.038 0.841 
 149 L _   0.062 0.005 0.001 0.009 0.014 0.036 0.038 0.835 
 150 S _   0.069 0.004 0.001 0.008 0.015 0.038 0.038 0.827 
 151 F _   0.076 0.003 0.001 0.008 0.016 0.039 0.038 0.818 
 152 Q _   0.083 0.003 0.001 0.008 0.017 0.040 0.038 0.810 
 153 E _   0.089 0.003 0.001 0.009 0.018 0.041 0.038 0.801 
 154 V _   0.093 0.003 0.001 0.010 0.019 0.042 0.039 0.794 
 155 R _   0.096 0.003 0.001 0.011 0.019 0.042 0.040 0.788 
 156 E _   0.097 0.003 0.001 0.012 0.019 0.041 0.040 0.787 
 157 Y _   0.095 0.003 0.001 0.012 0.018 0.040 0.041 0.790 
 158 M _   0.092 0.003 0.001 0.011 0.017 0.038 0.042 0.795 
 159 L _   0.087 0.003 0.001 0.011 0.016 0.036 0.043 0.803 
 160 N _   0.082 0.002 0.001 0.010 0.014 0.034 0.044 0.812 
 161 L _   0.076 0.002 0.001 0.008 0.012 0.033 0.045 0.822 
 162 F _   0.071 0.002 0.001 0.007 0.011 0.031 0.046 0.831 
 163 K _   0.067 0.002 0.001 0.007 0.010 0.030 0.047 0.837 
 164 A _   0.063 0.002 0.001 0.006 0.010 0.029 0.048 0.841 
 165 L _   0.060 0.002 0.001 0.007 0.010 0.028 0.049 0.843 
 166 K _   0.057 0.003 0.001 0.008 0.010 0.028 0.050 0.843 
 167 R _   0.054 0.005 0.001 0.010 0.011 0.028 0.051 0.840 
 168 I _   0.052 0.007 0.001 0.013 0.012 0.027 0.052 0.836 
 169 H _   0.049 0.009 0.001 0.016 0.013 0.027 0.053 0.832 
 170 Q _   0.045 0.011 0.001 0.019 0.014 0.026 0.054 0.830 
 171 F _   0.041 0.013 0.001 0.022 0.013 0.024 0.056 0.830 
 172 G _   0.037 0.013 0.001 0.022 0.012 0.022 0.058 0.834 
 173 I _   0.032 0.013 0.001 0.021 0.011 0.020 0.060 0.842 
 174 V _   0.027 0.012 0.001 0.019 0.009 0.018 0.062 0.853 
 175 H _   0.023 0.010 0.001 0.015 0.007 0.015 0.064 0.865 
 176 R _   0.019 0.008 0.001 0.012 0.005 0.013 0.065 0.877 
 177 D _   0.015 0.007 0.000 0.008 0.004 0.011 0.067 0.887 
 178 V _   0.013 0.005 0.000 0.006 0.003 0.009 0.069 0.894 
 179 K _   0.010 0.005 0.000 0.005 0.003 0.009 0.070 0.898 
 180 P _   0.009 0.005 0.000 0.005 0.002 0.008 0.071 0.900 
 181 S _   0.009 0.005 0.000 0.005 0.002 0.008 0.071 0.899 
 182 N _   0.008 0.006 0.000 0.005 0.003 0.008 0.072 0.897 
 183 F _   0.008 0.007 0.000 0.006 0.003 0.009 0.072 0.894 
 184 L _   0.008 0.010 0.000 0.007 0.003 0.010 0.072 0.889 
 185 Y _   0.008 0.013 0.000 0.008 0.004 0.011 0.072 0.883 
 186 N _   0.009 0.017 0.001 0.009 0.004 0.012 0.071 0.877 
 187 R _   0.009 0.023 0.001 0.010 0.005 0.013 0.071 0.869 
 188 R _   0.010 0.029 0.001 0.011 0.005 0.014 0.070 0.859 
 189 L _   0.010 0.037 0.001 0.013 0.006 0.016 0.069 0.847 
 190 K _   0.011 0.047 0.001 0.015 0.008 0.018 0.069 0.832 
 191 K _   0.012 0.059 0.001 0.018 0.009 0.019 0.068 0.813 
 192 Y _   0.013 0.072 0.001 0.023 0.011 0.021 0.067 0.792 
 193 A _   0.014 0.086 0.001 0.028 0.013 0.022 0.067 0.770 
 194 L _   0.015 0.098 0.001 0.033 0.014 0.023 0.066 0.750 
 195 V _   0.016 0.107 0.001 0.037 0.015 0.023 0.066 0.735 
 196 D _   0.016 0.112 0.001 0.039 0.014 0.022 0.067 0.728 
 197 F _   0.016 0.113 0.001 0.038 0.014 0.021 0.068 0.729 
 198 G _   0.015 0.110 0.001 0.034 0.012 0.020 0.069 0.738 
 199 L _   0.015 0.104 0.001 0.028 0.010 0.018 0.071 0.753 
 200 A _   0.014 0.094 0.001 0.021 0.008 0.017 0.073 0.773 
 201 Q _   0.013 0.082 0.001 0.015 0.006 0.015 0.075 0.794 
 202 G _   0.012 0.072 0.001 0.010 0.005 0.014 0.076 0.810 
 203 T _   0.011 0.066 0.000 0.007 0.004 0.014 0.078 0.820 
 204 H _   0.011 0.063 0.000 0.006 0.004 0.014 0.079 0.822 
 205 D _   0.012 0.064 0.000 0.006 0.004 0.015 0.080 0.818 
 206 T _   0.013 0.069 0.001 0.008 0.005 0.017 0.080 0.807 
 207 K _   0.015 0.078 0.001 0.012 0.007 0.019 0.081 0.787 
 208 I _   0.015 0.093 0.001 0.019 0.009 0.021 0.081 0.761 
 209 E _   0.016 0.111 0.001 0.026 0.012 0.022 0.081 0.732 
 210 L _   0.016 0.126 0.001 0.033 0.013 0.022 0.082 0.707 
 211 L _   0.015 0.137 0.001 0.038 0.014 0.022 0.083 0.690 
 212 K _   0.015 0.143 0.001 0.041 0.014 0.021 0.084 0.681 
 213 F _   0.014 0.144 0.001 0.041 0.013 0.020 0.086 0.680 
 214 V _   0.013 0.142 0.001 0.040 0.012 0.019 0.088 0.685 
 215 Q _   0.012 0.136 0.001 0.036 0.011 0.017 0.091 0.695 
 216 S _   0.011 0.126 0.001 0.032 0.010 0.016 0.095 0.709 
 217 E _   0.011 0.112 0.001 0.027 0.008 0.014 0.100 0.726 
 218 A _   0.011 0.096 0.001 0.023 0.007 0.013 0.104 0.746 
 219 Q _   0.010 0.078 0.001 0.018 0.006 0.012 0.109 0.766 
 220 Q _   0.010 0.061 0.001 0.014 0.005 0.010 0.114 0.786 
 221 E _   0.008 0.046 0.001 0.011 0.004 0.009 0.118 0.802 
 222 R _   0.008 0.035 0.000 0.009 0.003 0.008 0.122 0.815 
 223 C _   0.007 0.028 0.000 0.007 0.002 0.007 0.125 0.824 
 224 S _   0.006 0.023 0.000 0.006 0.002 0.007 0.127 0.828 
 225 Q _   0.006 0.021 0.000 0.006 0.002 0.007 0.129 0.830 
 226 N _   0.006 0.020 0.000 0.006 0.002 0.007 0.131 0.829 
 227 K _   0.006 0.020 0.000 0.007 0.003 0.008 0.132 0.825 
 228 S _   0.006 0.020 0.000 0.009 0.003 0.008 0.133 0.819 
 229 H _   0.007 0.022 0.000 0.012 0.004 0.009 0.134 0.812 
 230 I _   0.007 0.024 0.001 0.016 0.004 0.010 0.135 0.804 
 231 I _   0.007 0.026 0.001 0.019 0.005 0.011 0.136 0.796 
 232 T _   0.008 0.027 0.001 0.021 0.006 0.011 0.137 0.790 
 233 G _   0.008 0.027 0.001 0.022 0.006 0.011 0.139 0.787 
 234 N _   0.008 0.026 0.001 0.022 0.005 0.010 0.141 0.786 
 235 K _   0.008 0.025 0.001 0.020 0.005 0.010 0.144 0.788 
 236 I _   0.007 0.022 0.001 0.017 0.004 0.009 0.147 0.793 
 237 P _   0.007 0.019 0.000 0.014 0.004 0.008 0.150 0.798 
 238 L _   0.007 0.016 0.000 0.011 0.003 0.008 0.153 0.803 
 239 S _   0.006 0.013 0.000 0.009 0.002 0.007 0.155 0.807 
 240 G _   0.006 0.011 0.000 0.007 0.002 0.006 0.157 0.810 
 241 P _   0.006 0.009 0.000 0.006 0.002 0.006 0.159 0.812 
 242 V _   0.006 0.008 0.000 0.006 0.002 0.006 0.160 0.813 
 243 P _   0.005 0.008 0.000 0.006 0.002 0.006 0.160 0.813 
 244 K _   0.005 0.007 0.000 0.006 0.002 0.006 0.161 0.814 
 245 E _   0.005 0.008 0.000 0.006 0.002 0.006 0.160 0.814 
 246 L _   0.005 0.008 0.000 0.006 0.002 0.006 0.159 0.814 
 247 D _   0.005 0.009 0.000 0.007 0.002 0.006 0.157 0.814 
 248 Q _   0.005 0.011 0.000 0.007 0.002 0.007 0.156 0.813 
 249 Q _   0.004 0.012 0.000 0.008 0.002 0.007 0.153 0.812 
 250 S _   0.005 0.015 0.000 0.009 0.003 0.007 0.151 0.810 
 251 T _   0.005 0.018 0.000 0.011 0.003 0.008 0.148 0.807 
 252 T _   0.005 0.021 0.000 0.012 0.003 0.008 0.146 0.805 
 253 K _   0.005 0.025 0.000 0.013 0.004 0.009 0.143 0.801 
 254 A _   0.005 0.028 0.000 0.014 0.004 0.009 0.140 0.799 
 255 S _   0.005 0.032 0.000 0.015 0.004 0.009 0.138 0.797 
 256 V _   0.005 0.035 0.001 0.015 0.004 0.009 0.135 0.794 
 257 K _   0.006 0.038 0.001 0.016 0.004 0.010 0.133 0.793 
 258 R _   0.006 0.041 0.001 0.017 0.004 0.010 0.131 0.791 
 259 P _   0.006 0.044 0.001 0.018 0.005 0.010 0.129 0.788 
 260 Y _   0.006 0.046 0.001 0.019 0.005 0.010 0.128 0.785 
 261 T _   0.007 0.047 0.001 0.020 0.005 0.011 0.127 0.783 
 262 N _   0.007 0.049 0.001 0.020 0.005 0.011 0.126 0.782 
 263 A _   0.007 0.049 0.001 0.020 0.005 0.010 0.125 0.782 
 264 Q _   0.007 0.049 0.001 0.020 0.005 0.010 0.125 0.785 
 265 I _   0.007 0.047 0.001 0.018 0.004 0.009 0.124 0.789 
 266 Q _   0.007 0.045 0.000 0.015 0.004 0.009 0.124 0.796 
 267 I _   0.006 0.042 0.000 0.012 0.003 0.008 0.123 0.804 
 268 K _   0.006 0.039 0.000 0.009 0.002 0.007 0.123 0.813 
 269 Q _   0.005 0.037 0.000 0.007 0.002 0.006 0.121 0.821 
 270 G _   0.005 0.036 0.000 0.005 0.002 0.006 0.120 0.826 
 271 K _   0.005 0.036 0.000 0.005 0.002 0.007 0.117 0.829 
 272 D _   0.005 0.038 0.000 0.005 0.002 0.007 0.114 0.828 
 273 G _   0.006 0.045 0.000 0.006 0.002 0.009 0.110 0.821 
 274 K _   0.007 0.059 0.000 0.009 0.004 0.012 0.105 0.804 
 275 E _   0.009 0.089 0.001 0.014 0.007 0.016 0.097 0.767 
 276 G _   0.010 0.146 0.001 0.022 0.010 0.019 0.087 0.704 
 277 S _   0.011 0.234 0.002 0.031 0.014 0.021 0.075 0.613 
 278 V _   0.010 0.335 0.002 0.039 0.016 0.021 0.062 0.515 
 279 G E   0.008 0.429 0.002 0.044 0.016 0.020 0.052 0.428 
 280 L E   0.007 0.497 0.002 0.047 0.015 0.019 0.044 0.370 
 281 S E   0.006 0.538 0.001 0.048 0.014 0.017 0.039 0.337 
 282 V E   0.006 0.560 0.001 0.048 0.013 0.016 0.036 0.321 
 283 Q E   0.005 0.571 0.001 0.047 0.012 0.015 0.033 0.316 
 284 R E   0.005 0.573 0.001 0.045 0.011 0.014 0.032 0.319 
 285 S E   0.005 0.569 0.001 0.042 0.010 0.013 0.031 0.328 
 286 V E   0.005 0.558 0.001 0.039 0.010 0.013 0.030 0.344 
 287 F E   0.006 0.539 0.001 0.035 0.009 0.012 0.030 0.368 
 288 G E   0.006 0.511 0.001 0.032 0.009 0.012 0.030 0.399 
 289 E E   0.007 0.474 0.001 0.029 0.009 0.012 0.031 0.438 
 290 R _   0.007 0.431 0.001 0.026 0.008 0.012 0.032 0.483 
 291 N _   0.007 0.384 0.001 0.024 0.008 0.012 0.033 0.531 
 292 F _   0.007 0.337 0.001 0.021 0.007 0.011 0.034 0.581 
 293 N _   0.007 0.295 0.001 0.018 0.006 0.011 0.035 0.627 
 294 I _   0.007 0.260 0.001 0.016 0.005 0.010 0.036 0.666 
 295 H _   0.006 0.232 0.001 0.013 0.004 0.010 0.036 0.697 
 296 S _   0.006 0.210 0.001 0.011 0.004 0.009 0.037 0.722 
 297 S _   0.006 0.194 0.000 0.010 0.003 0.009 0.037 0.741 
 298 I _   0.005 0.183 0.000 0.009 0.003 0.009 0.037 0.753 
 299 S _   0.005 0.176 0.000 0.009 0.003 0.009 0.036 0.761 
 300 H _   0.005 0.173 0.000 0.009 0.003 0.010 0.036 0.764 
 301 E _   0.005 0.171 0.000 0.010 0.004 0.011 0.035 0.763 
 302 S _   0.006 0.172 0.000 0.012 0.004 0.012 0.034 0.760 
 303 P _   0.007 0.174 0.001 0.014 0.005 0.013 0.033 0.754 
 304 A _   0.007 0.176 0.001 0.017 0.006 0.014 0.033 0.747 
 305 V _   0.008 0.178 0.001 0.019 0.007 0.015 0.032 0.741 
 306 K _   0.009 0.178 0.001 0.020 0.007 0.016 0.031 0.737 
 307 L _   0.010 0.177 0.001 0.021 0.008 0.017 0.031 0.736 
 308 M _   0.010 0.174 0.001 0.021 0.009 0.017 0.030 0.738 
 309 K _   0.011 0.168 0.001 0.020 0.009 0.018 0.030 0.743 
 310 Q _   0.012 0.162 0.001 0.019 0.009 0.018 0.030 0.750 
 311 S _   0.013 0.154 0.001 0.018 0.009 0.019 0.030 0.756 
 312 K _   0.014 0.147 0.001 0.017 0.009 0.019 0.030 0.762 
 313 T _   0.014 0.140 0.001 0.017 0.009 0.020 0.030 0.768 
 314 V _   0.015 0.134 0.001 0.018 0.009 0.020 0.031 0.772 
 315 D _   0.016 0.128 0.001 0.018 0.009 0.020 0.031 0.776 
 316 V _   0.016 0.122 0.001 0.019 0.009 0.020 0.031 0.780 
 317 L _   0.017 0.114 0.001 0.020 0.009 0.020 0.032 0.787 
 318 S _   0.017 0.106 0.001 0.019 0.009 0.020 0.032 0.797 
 319 R _   0.016 0.095 0.001 0.018 0.009 0.019 0.033 0.809 
 320 K _   0.016 0.083 0.001 0.016 0.008 0.019 0.033 0.824 
 321 L _   0.015 0.071 0.001 0.014 0.008 0.018 0.034 0.839 
 322 A _   0.015 0.059 0.001 0.012 0.007 0.018 0.034 0.854 
 323 T _   0.015 0.050 0.001 0.010 0.006 0.018 0.034 0.866 
 324 K _   0.016 0.043 0.001 0.008 0.006 0.019 0.035 0.873 
 325 K _   0.017 0.039 0.001 0.007 0.005 0.019 0.035 0.877 
 326 K _   0.018 0.037 0.001 0.007 0.006 0.020 0.035 0.876 
 327 A _   0.020 0.037 0.001 0.007 0.006 0.022 0.035 0.872 
 328 I _   0.022 0.038 0.001 0.008 0.008 0.024 0.034 0.863 
 329 S _   0.026 0.042 0.001 0.010 0.010 0.027 0.034 0.851 
 330 T _   0.029 0.047 0.001 0.013 0.013 0.030 0.034 0.833 
 331 K _   0.032 0.055 0.001 0.018 0.016 0.033 0.033 0.812 
 332 V _   0.036 0.063 0.001 0.024 0.019 0.035 0.033 0.789 
 333 M _   0.038 0.072 0.002 0.030 0.022 0.036 0.033 0.768 
 334 N _   0.039 0.078 0.002 0.036 0.024 0.036 0.033 0.752 
 335 S _   0.039 0.082 0.002 0.039 0.024 0.035 0.034 0.745 
 336 A _   0.038 0.082 0.002 0.041 0.023 0.034 0.034 0.747 
 337 V _   0.036 0.080 0.002 0.039 0.021 0.031 0.035 0.757 
 338 M _   0.033 0.074 0.001 0.035 0.018 0.028 0.036 0.775 
 339 R _   0.029 0.065 0.001 0.028 0.014 0.024 0.037 0.800 
 340 K _   0.025 0.053 0.001 0.022 0.011 0.021 0.039 0.828 
 341 T _   0.021 0.041 0.001 0.016 0.008 0.018 0.040 0.856 
 342 A _   0.017 0.030 0.001 0.011 0.006 0.015 0.041 0.878 
 343 S _   0.014 0.023 0.001 0.008 0.005 0.013 0.042 0.894 
 344 S _   0.012 0.019 0.000 0.007 0.004 0.012 0.042 0.904 
 345 C _   0.010 0.017 0.000 0.006 0.003 0.011 0.042 0.910 
 346 P _   0.010 0.016 0.000 0.006 0.003 0.011 0.042 0.911 
 347 A _   0.009 0.016 0.000 0.007 0.003 0.011 0.042 0.910 
 348 S _   0.010 0.017 0.000 0.008 0.004 0.012 0.042 0.907 
 349 L _   0.010 0.019 0.001 0.009 0.004 0.013 0.041 0.903 
 350 T _   0.010 0.021 0.001 0.010 0.005 0.014 0.041 0.899 
 351 C _   0.011 0.024 0.001 0.011 0.005 0.015 0.040 0.894 
 352 D _   0.011 0.026 0.001 0.011 0.006 0.016 0.039 0.889 
 353 C _   0.012 0.030 0.001 0.012 0.007 0.018 0.038 0.883 
 354 Y _   0.014 0.034 0.001 0.013 0.008 0.020 0.038 0.874 
 355 A _   0.016 0.039 0.001 0.014 0.009 0.022 0.037 0.863 
 356 T _   0.018 0.045 0.001 0.015 0.011 0.024 0.036 0.850 
 357 D _   0.020 0.053 0.001 0.019 0.013 0.027 0.035 0.833 
 358 K _   0.023 0.062 0.001 0.023 0.015 0.028 0.034 0.813 
 359 V _   0.024 0.072 0.001 0.028 0.017 0.030 0.034 0.794 
 360 C _   0.026 0.079 0.001 0.033 0.018 0.030 0.033 0.779 
 361 S _   0.027 0.085 0.001 0.037 0.019 0.030 0.033 0.769 
 362 I _   0.027 0.087 0.001 0.039 0.019 0.029 0.033 0.764 
 363 C _   0.027 0.087 0.001 0.039 0.018 0.027 0.033 0.767 
 364 L _   0.025 0.083 0.001 0.037 0.016 0.025 0.034 0.778 
 365 S _   0.024 0.077 0.001 0.033 0.014 0.023 0.035 0.794 
 366 R _   0.021 0.066 0.001 0.027 0.012 0.020 0.036 0.816 
 367 R _   0.019 0.054 0.001 0.022 0.009 0.017 0.037 0.842 
 368 Q _   0.017 0.041 0.001 0.016 0.007 0.015 0.038 0.866 
 369 Q _   0.014 0.029 0.001 0.012 0.005 0.013 0.038 0.888 
 370 V _   0.012 0.020 0.001 0.009 0.004 0.011 0.039 0.904 
 371 A _   0.011 0.014 0.000 0.007 0.003 0.009 0.039 0.916 
 372 P _   0.009 0.011 0.000 0.005 0.003 0.009 0.039 0.924 
 373 R _   0.009 0.009 0.000 0.005 0.002 0.008 0.039 0.929 
 374 A _   0.008 0.008 0.000 0.005 0.002 0.008 0.038 0.930 
 375 G _   0.008 0.008 0.000 0.005 0.003 0.009 0.037 0.930 
 376 T _   0.008 0.008 0.000 0.007 0.003 0.009 0.036 0.928 
 377 P _   0.008 0.009 0.000 0.009 0.004 0.011 0.035 0.923 
 378 G _   0.009 0.011 0.001 0.012 0.005 0.012 0.034 0.917 
 379 F _   0.010 0.013 0.001 0.016 0.006 0.013 0.032 0.910 
 380 R _   0.010 0.015 0.001 0.020 0.007 0.014 0.031 0.903 
 381 A _   0.011 0.016 0.001 0.023 0.008 0.015 0.030 0.897 
 382 P _   0.011 0.016 0.001 0.024 0.008 0.015 0.029 0.896 
 383 E _   0.011 0.016 0.001 0.024 0.008 0.014 0.028 0.898 
 384 V _   0.012 0.014 0.001 0.022 0.007 0.014 0.027 0.904 
 385 L _   0.013 0.012 0.001 0.018 0.006 0.013 0.026 0.912 
 386 T _   0.015 0.008 0.001 0.013 0.005 0.012 0.025 0.921 
 387 K _   0.018 0.005 0.001 0.009 0.004 0.011 0.024 0.928 
 388 C _   0.025 0.002 0.000 0.006 0.004 0.010 0.023 0.930 
 389 P _   0.036 0.001 0.000 0.004 0.003 0.010 0.021 0.925 
 390 N _   0.056 0.000 0.000 0.003 0.003 0.010 0.020 0.908 
 391 Q _   0.089 0.000 0.000 0.002 0.004 0.011 0.018 0.876 
 392 T _   0.144 0.000 0.001 0.001 0.005 0.012 0.016 0.822 
 393 T _   0.225 0.000 0.001 0.001 0.006 0.013 0.013 0.740 
 394 A _   0.327 0.000 0.001 0.001 0.008 0.015 0.011 0.638 
 395 I _   0.446 0.000 0.001 0.001 0.011 0.016 0.008 0.517 
 396 D H   0.564 0.000 0.001 0.001 0.014 0.017 0.006 0.397 
 397 M H   0.669 0.000 0.001 0.001 0.017 0.017 0.005 0.291 
 398 W H   0.753 0.000 0.001 0.001 0.019 0.016 0.004 0.206 
 399 S H   0.812 0.000 0.001 0.001 0.020 0.015 0.003 0.148 
 400 A H   0.847 0.000 0.001 0.001 0.021 0.014 0.003 0.113 
 401 G H   0.868 0.000 0.001 0.001 0.021 0.012 0.003 0.093 
 402 V H   0.876 0.000 0.001 0.001 0.022 0.012 0.003 0.085 
 403 I H   0.872 0.000 0.001 0.001 0.023 0.011 0.003 0.088 
 404 F H   0.857 0.000 0.001 0.001 0.023 0.011 0.004 0.102 
 405 L H   0.825 0.000 0.002 0.002 0.024 0.012 0.006 0.131 
 406 S H   0.773 0.000 0.002 0.002 0.024 0.012 0.008 0.179 
 407 L H   0.697 0.000 0.002 0.003 0.023 0.013 0.011 0.251 
 408 L H   0.596 0.000 0.002 0.004 0.020 0.014 0.016 0.349 
 409 S H   0.480 0.000 0.002 0.004 0.016 0.014 0.021 0.463 
 410 G _   0.364 0.000 0.001 0.005 0.012 0.013 0.028 0.577 
 411 R _   0.259 0.000 0.001 0.005 0.008 0.012 0.034 0.680 
 412 Y _   0.173 0.000 0.001 0.004 0.006 0.010 0.039 0.766 
 413 P _   0.110 0.000 0.001 0.004 0.004 0.009 0.043 0.830 
 414 F _   0.067 0.000 0.000 0.003 0.003 0.007 0.046 0.874 
 415 Y _   0.042 0.000 0.000 0.002 0.002 0.007 0.048 0.899 
 416 K _   0.029 0.000 0.000 0.001 0.001 0.007 0.049 0.911 
 417 A _   0.025 0.000 0.000 0.001 0.001 0.009 0.050 0.914 
 418 S _   0.028 0.000 0.000 0.001 0.002 0.012 0.050 0.907 
 419 D _   0.037 0.000 0.000 0.002 0.003 0.017 0.050 0.890 
 420 D _   0.054 0.001 0.001 0.003 0.007 0.027 0.050 0.859 
 421 L _   0.078 0.003 0.001 0.006 0.014 0.039 0.049 0.811 
 422 T _   0.105 0.009 0.002 0.012 0.025 0.052 0.048 0.748 
 423 A _   0.129 0.021 0.002 0.022 0.039 0.063 0.047 0.677 
 424 L _   0.147 0.035 0.003 0.033 0.050 0.071 0.046 0.615 
 425 A _   0.159 0.046 0.003 0.043 0.057 0.075 0.046 0.572 
 426 Q _   0.164 0.052 0.003 0.049 0.060 0.075 0.047 0.551 
 427 I _   0.165 0.054 0.003 0.049 0.059 0.072 0.048 0.551 
 428 M _   0.161 0.052 0.003 0.044 0.054 0.068 0.049 0.569 
 429 T _   0.151 0.046 0.003 0.036 0.047 0.062 0.051 0.604 
 430 I _   0.137 0.037 0.002 0.027 0.038 0.056 0.053 0.650 
 431 R _   0.121 0.026 0.002 0.019 0.029 0.049 0.056 0.698 
 432 G _   0.103 0.017 0.001 0.012 0.021 0.043 0.058 0.744 
 433 S _   0.086 0.011 0.001 0.008 0.014 0.038 0.061 0.781 
 434 R _   0.071 0.008 0.001 0.007 0.011 0.033 0.063 0.806 
 435 E _   0.060 0.007 0.001 0.006 0.009 0.030 0.064 0.823 
 436 T _   0.051 0.007 0.001 0.007 0.008 0.028 0.066 0.833 
 437 I _   0.043 0.008 0.001 0.008 0.008 0.026 0.067 0.839 
 438 Q _   0.038 0.009 0.001 0.010 0.008 0.025 0.068 0.841 
 439 A _   0.033 0.012 0.001 0.012 0.008 0.024 0.070 0.840 
 440 A _   0.030 0.014 0.001 0.014 0.009 0.023 0.071 0.839 
 441 K _   0.026 0.017 0.001 0.015 0.009 0.022 0.072 0.838 
 442 T _   0.023 0.019 0.001 0.016 0.009 0.021 0.073 0.837 
 443 F _   0.021 0.020 0.001 0.017 0.009 0.019 0.075 0.838 
 444 G _   0.019 0.021 0.001 0.017 0.009 0.018 0.077 0.838 
 445 K _   0.018 0.022 0.001 0.016 0.008 0.017 0.078 0.839 
 446 S _   0.016 0.023 0.001 0.016 0.007 0.016 0.081 0.841 
 447 I _   0.015 0.023 0.001 0.015 0.007 0.015 0.083 0.843 
 448 L _   0.014 0.022 0.001 0.014 0.006 0.014 0.085 0.845 
 449 C _   0.013 0.022 0.001 0.012 0.005 0.013 0.087 0.847 
 450 S _   0.012 0.022 0.001 0.011 0.005 0.012 0.090 0.849 
 451 K _   0.011 0.021 0.001 0.010 0.004 0.011 0.092 0.850 
 452 E _   0.010 0.021 0.000 0.009 0.004 0.011 0.094 0.851 
 453 V _   0.009 0.022 0.000 0.008 0.004 0.011 0.096 0.851 
 454 P _   0.009 0.023 0.000 0.008 0.003 0.011 0.097 0.849 
 455 A _   0.009 0.025 0.000 0.008 0.004 0.011 0.099 0.844 
 456 Q _   0.009 0.028 0.000 0.010 0.004 0.012 0.100 0.836 
 457 D _   0.010 0.033 0.001 0.012 0.005 0.013 0.101 0.826 
 458 L _   0.010 0.040 0.001 0.015 0.006 0.014 0.102 0.812 
 459 R _   0.011 0.047 0.001 0.020 0.007 0.015 0.103 0.795 
 460 K _   0.011 0.055 0.001 0.025 0.009 0.016 0.105 0.778 
 461 L _   0.011 0.061 0.001 0.030 0.010 0.017 0.107 0.763 
 462 C _   0.012 0.065 0.001 0.034 0.010 0.017 0.109 0.753 
 463 E _   0.011 0.067 0.001 0.035 0.010 0.016 0.112 0.747 
 464 R _   0.011 0.066 0.001 0.034 0.009 0.015 0.116 0.747 
 465 L _   0.011 0.063 0.001 0.031 0.008 0.014 0.121 0.751 
 466 R _   0.010 0.057 0.001 0.026 0.007 0.012 0.126 0.761 
 467 G _   0.009 0.049 0.001 0.021 0.006 0.011 0.131 0.773 
 468 M _   0.009 0.040 0.001 0.015 0.004 0.009 0.136 0.786 
 469 D _   0.008 0.031 0.000 0.011 0.003 0.008 0.141 0.798 
 470 S _   0.007 0.025 0.000 0.008 0.003 0.007 0.146 0.806 
 471 S _   0.006 0.020 0.000 0.006 0.002 0.006 0.149 0.810 
 472 T _   0.006 0.018 0.000 0.005 0.002 0.006 0.152 0.812 
 473 P _   0.005 0.017 0.000 0.005 0.002 0.006 0.154 0.811 
 474 K _   0.005 0.018 0.000 0.005 0.002 0.006 0.156 0.807 
 475 L _   0.005 0.019 0.000 0.006 0.002 0.007 0.157 0.802 
 476 T _   0.006 0.022 0.000 0.008 0.003 0.007 0.158 0.796 
 477 S _   0.006 0.026 0.000 0.010 0.003 0.008 0.159 0.788 
 478 D _   0.006 0.031 0.000 0.012 0.003 0.008 0.159 0.780 
 479 I _   0.005 0.036 0.000 0.014 0.004 0.009 0.160 0.772 
 480 Q _   0.005 0.041 0.001 0.015 0.004 0.009 0.160 0.764 
 481 G _   0.005 0.046 0.001 0.016 0.004 0.009 0.161 0.757 
 482 H _   0.005 0.050 0.001 0.017 0.005 0.009 0.162 0.751 
 483 A _   0.005 0.054 0.001 0.018 0.005 0.009 0.163 0.746 
 484 S _   0.005 0.057 0.001 0.018 0.005 0.009 0.164 0.742 
 485 H _   0.005 0.059 0.001 0.018 0.005 0.009 0.166 0.738 
 486 Q _   0.005 0.061 0.001 0.017 0.004 0.009 0.168 0.735 
 487 P _   0.005 0.062 0.001 0.017 0.004 0.009 0.170 0.732 
 488 A _   0.005 0.063 0.000 0.015 0.004 0.009 0.172 0.731 
 489 I _   0.005 0.063 0.000 0.013 0.003 0.008 0.175 0.731 
 490 S _   0.005 0.064 0.000 0.012 0.003 0.008 0.177 0.731 
 491 E _   0.005 0.064 0.000 0.010 0.003 0.008 0.179 0.730 
 492 K _   0.005 0.065 0.000 0.010 0.003 0.008 0.182 0.728 
 493 T _   0.005 0.067 0.000 0.009 0.003 0.008 0.183 0.724 
 494 D _   0.005 0.070 0.000 0.010 0.003 0.009 0.185 0.716 
 495 H _   0.006 0.076 0.000 0.013 0.004 0.010 0.187 0.705 
 496 K _   0.006 0.084 0.001 0.017 0.005 0.011 0.188 0.688 
 497 A _   0.007 0.094 0.001 0.022 0.006 0.013 0.190 0.668 
 498 S _   0.007 0.104 0.001 0.029 0.007 0.014 0.192 0.647 
 499 C _   0.008 0.112 0.001 0.035 0.008 0.014 0.195 0.627 
 500 L _   0.008 0.117 0.001 0.040 0.009 0.014 0.198 0.612 
 501 V _   0.008 0.119 0.001 0.043 0.009 0.014 0.203 0.603 
 502 Q _   0.007 0.117 0.001 0.043 0.009 0.014 0.209 0.600 
 503 T _   0.007 0.112 0.001 0.040 0.008 0.013 0.217 0.602 
 504 P _   0.007 0.103 0.001 0.035 0.007 0.012 0.226 0.609 
 505 P _   0.007 0.089 0.001 0.029 0.006 0.010 0.237 0.621 
 506 G _   0.006 0.073 0.001 0.023 0.005 0.009 0.248 0.635 
 507 Q _   0.006 0.057 0.001 0.017 0.004 0.008 0.259 0.648 
 508 Y _   0.006 0.044 0.000 0.013 0.003 0.007 0.269 0.658 
 509 S _   0.005 0.033 0.000 0.010 0.002 0.006 0.277 0.666 
 510 G _   0.005 0.027 0.000 0.008 0.002 0.005 0.284 0.670 
 511 N _   0.004 0.022 0.000 0.006 0.002 0.005 0.289 0.672 
 512 S _   0.004 0.019 0.000 0.005 0.001 0.004 0.293 0.673 
 513 F _   0.003 0.018 0.000 0.005 0.001 0.004 0.295 0.673 
 514 K _   0.003 0.017 0.000 0.005 0.001 0.004 0.296 0.673 
 515 K _   0.003 0.018 0.000 0.005 0.001 0.004 0.296 0.673 
 516 G _   0.003 0.019 0.000 0.006 0.001 0.004 0.296 0.671 
 517 D _   0.003 0.021 0.000 0.007 0.002 0.005 0.295 0.668 
 518 S _   0.003 0.025 0.000 0.009 0.002 0.006 0.293 0.663 
 519 N _   0.003 0.030 0.000 0.012 0.002 0.007 0.291 0.655 
 520 S _   0.003 0.037 0.000 0.015 0.003 0.007 0.288 0.646 
 521 C _   0.003 0.043 0.000 0.019 0.004 0.008 0.286 0.636 
 522 E _   0.004 0.049 0.000 0.022 0.004 0.009 0.284 0.628 
 523 H _   0.004 0.054 0.000 0.024 0.004 0.009 0.283 0.622 
 524 C _   0.004 0.057 0.001 0.024 0.004 0.009 0.282 0.620 
 525 F _   0.004 0.059 0.000 0.024 0.004 0.008 0.282 0.619 
 526 D _   0.003 0.059 0.000 0.022 0.004 0.008 0.282 0.621 
 527 E _   0.003 0.059 0.000 0.019 0.003 0.007 0.283 0.625 
 528 Y _   0.003 0.057 0.000 0.016 0.003 0.007 0.284 0.629 
 529 N _   0.003 0.055 0.000 0.014 0.003 0.007 0.285 0.632 
 530 T _   0.003 0.054 0.000 0.012 0.003 0.006 0.287 0.635 
 531 N _   0.003 0.052 0.000 0.011 0.002 0.006 0.288 0.637 
 532 L _   0.003 0.052 0.000 0.010 0.002 0.006 0.290 0.637 
 533 E _   0.003 0.051 0.000 0.010 0.002 0.006 0.291 0.636 
 534 G _   0.003 0.051 0.000 0.010 0.002 0.006 0.292 0.635 
 535 W _   0.003 0.052 0.000 0.010 0.002 0.006 0.293 0.633 
 536 N _   0.003 0.053 0.000 0.010 0.002 0.006 0.294 0.630 
 537 E _   0.003 0.054 0.000 0.011 0.003 0.006 0.295 0.628 
 538 V _   0.004 0.055 0.000 0.011 0.003 0.007 0.295 0.625 
 539 P _   0.004 0.057 0.000 0.012 0.003 0.007 0.296 0.622 
 540 D _   0.004 0.058 0.000 0.012 0.003 0.007 0.298 0.619 
 541 E _   0.004 0.059 0.000 0.012 0.003 0.007 0.299 0.615 
 542 A _   0.004 0.060 0.000 0.013 0.003 0.007 0.300 0.612 
 543 Y _   0.004 0.061 0.000 0.013 0.003 0.007 0.302 0.609 
 544 D _   0.004 0.062 0.000 0.013 0.003 0.007 0.304 0.607 
 545 L _   0.004 0.063 0.000 0.012 0.003 0.007 0.306 0.604 
 546 L _   0.004 0.063 0.000 0.012 0.003 0.007 0.308 0.602 
 547 D _   0.004 0.063 0.000 0.011 0.003 0.007 0.310 0.601 
 548 K _   0.004 0.063 0.000 0.010 0.003 0.007 0.313 0.600 
 549 L _   0.004 0.063 0.000 0.009 0.002 0.007 0.315 0.600 
 550 L _   0.004 0.063 0.000 0.007 0.002 0.007 0.316 0.599 
 551 D _   0.004 0.065 0.000 0.007 0.002 0.008 0.318 0.597 
 552 L _   0.004 0.067 0.000 0.007 0.002 0.009 0.318 0.592 
 553 N _   0.005 0.072 0.000 0.007 0.003 0.010 0.319 0.584 
 554 P _   0.006 0.081 0.000 0.008 0.004 0.012 0.318 0.569 
 555 A _   0.008 0.098 0.001 0.011 0.006 0.015 0.318 0.545 
 556 S _   0.009 0.125 0.001 0.016 0.008 0.018 0.316 0.506 
 557 R _   0.011 0.165 0.001 0.022 0.011 0.021 0.314 0.454 
 558 I _   0.012 0.216 0.002 0.029 0.014 0.023 0.312 0.392 
 559 T _   0.012 0.269 0.002 0.036 0.016 0.024 0.310 0.332 
 560 A E   0.011 0.313 0.002 0.042 0.017 0.024 0.310 0.282 
 561 E E   0.011 0.343 0.001 0.046 0.017 0.024 0.312 0.246 
 562 E E   0.011 0.361 0.001 0.049 0.017 0.023 0.315 0.224 
 563 A E   0.011 0.370 0.001 0.050 0.016 0.022 0.320 0.211 
 564 L E   0.010 0.372 0.001 0.050 0.015 0.021 0.326 0.205 
 565 L E   0.010 0.367 0.001 0.047 0.014 0.019 0.335 0.205 
 566 H E   0.009 0.357 0.001 0.044 0.014 0.017 0.346 0.212 
 567 P X   0.008 0.338 0.001 0.040 0.012 0.015 0.360 0.226 
 568 F X   0.007 0.310 0.001 0.035 0.011 0.013 0.378 0.246 
 569 F X   0.006 0.267 0.001 0.029 0.009 0.010 0.402 0.277 
 570 K X   0.004 0.210 0.001 0.021 0.005 0.006 0.432 0.321 
 571 D X   0.002 0.140 0.000 0.012 0.002 0.003 0.460 0.381 
 572 M X   0.000 0.091 0.000 0.006 0.000 0.001 0.471 0.429 
 573 S X   0.000 0.072 0.000 0.006 0.000 0.001 0.472 0.449 
 574 L X   0.003 0.065 0.001 0.012 0.003 0.003 0.464 0.448 
