#TopoPred_TM8: 8-state transmembrane topology prediction results by no_profile mode 
#probabilities are in the order of H E C I L F X _, the 8 transmembrane topology types used in PDBTM 
   1 M X   0.018 0.001 0.002 0.064 0.011 0.013 0.559 0.331 
   2 G X   0.006 0.001 0.000 0.041 0.002 0.008 0.572 0.369 
   3 K X   0.002 0.001 0.000 0.028 0.001 0.006 0.573 0.390 
   4 V X   0.002 0.001 0.000 0.023 0.001 0.007 0.567 0.399 
   5 N X   0.003 0.001 0.000 0.023 0.002 0.010 0.554 0.406 
   6 V X   0.005 0.002 0.000 0.024 0.003 0.014 0.537 0.415 
   7 A X   0.006 0.003 0.001 0.026 0.004 0.016 0.520 0.423 
   8 K X   0.008 0.004 0.001 0.028 0.005 0.018 0.501 0.435 
   9 L X   0.008 0.005 0.001 0.028 0.006 0.019 0.482 0.451 
  10 R _   0.008 0.006 0.001 0.026 0.006 0.019 0.463 0.471 
  11 Y _   0.008 0.006 0.001 0.022 0.007 0.019 0.445 0.493 
  12 M _   0.008 0.005 0.001 0.018 0.006 0.019 0.428 0.515 
  13 S _   0.009 0.005 0.001 0.013 0.006 0.019 0.413 0.535 
  14 R _   0.010 0.004 0.001 0.010 0.006 0.021 0.397 0.551 
  15 D _   0.013 0.005 0.001 0.008 0.006 0.023 0.383 0.562 
  16 D _   0.016 0.005 0.001 0.008 0.008 0.026 0.368 0.568 
  17 F _   0.020 0.007 0.001 0.011 0.011 0.029 0.352 0.570 
  18 R _   0.025 0.010 0.001 0.016 0.015 0.033 0.335 0.565 
  19 V _   0.029 0.015 0.001 0.024 0.019 0.036 0.318 0.557 
  20 L _   0.033 0.019 0.002 0.033 0.023 0.038 0.302 0.551 
  21 T _   0.036 0.022 0.002 0.039 0.025 0.038 0.288 0.550 
  22 A _   0.037 0.023 0.002 0.042 0.025 0.037 0.276 0.557 
  23 V _   0.038 0.023 0.002 0.040 0.023 0.035 0.265 0.574 
  24 E _   0.039 0.020 0.002 0.034 0.019 0.033 0.256 0.598 
  25 M _   0.039 0.015 0.001 0.025 0.015 0.029 0.247 0.628 
  26 G _   0.039 0.009 0.001 0.016 0.011 0.026 0.239 0.658 
  27 M _   0.041 0.004 0.001 0.009 0.008 0.024 0.230 0.683 
  28 K _   0.044 0.001 0.001 0.004 0.005 0.023 0.222 0.699 
  29 N _   0.049 0.000 0.000 0.002 0.004 0.022 0.214 0.707 
  30 H _   0.060 0.000 0.000 0.002 0.004 0.024 0.206 0.705 
  31 E _   0.075 0.000 0.001 0.001 0.005 0.027 0.197 0.693 
  32 I _   0.099 0.000 0.001 0.002 0.008 0.032 0.187 0.670 
  33 V _   0.129 0.000 0.001 0.003 0.014 0.040 0.178 0.636 
  34 P _   0.159 0.001 0.001 0.005 0.023 0.048 0.168 0.595 
  35 G _   0.188 0.004 0.002 0.009 0.034 0.055 0.158 0.550 
  36 S _   0.210 0.009 0.002 0.015 0.045 0.060 0.150 0.508 
  37 L _   0.221 0.015 0.003 0.022 0.053 0.063 0.143 0.480 
  38 I _   0.224 0.020 0.003 0.029 0.057 0.062 0.138 0.466 
  39 A _   0.217 0.023 0.003 0.034 0.057 0.060 0.134 0.471 
  40 S _   0.204 0.024 0.003 0.035 0.053 0.056 0.131 0.494 
  41 I _   0.185 0.022 0.003 0.032 0.045 0.050 0.129 0.534 
  42 A _   0.159 0.018 0.002 0.026 0.035 0.043 0.128 0.589 
  43 S _   0.131 0.012 0.002 0.018 0.024 0.036 0.126 0.651 
  44 L _   0.103 0.007 0.001 0.011 0.016 0.029 0.125 0.708 
  45 K _   0.077 0.003 0.001 0.006 0.009 0.024 0.124 0.755 
  46 H _   0.057 0.001 0.001 0.004 0.006 0.020 0.122 0.789 
  47 G _   0.043 0.001 0.000 0.003 0.004 0.018 0.120 0.812 
  48 G _   0.034 0.001 0.000 0.003 0.004 0.017 0.118 0.825 
  49 C _   0.029 0.001 0.000 0.003 0.004 0.017 0.116 0.830 
  50 N _   0.026 0.002 0.001 0.005 0.005 0.018 0.114 0.831 
  51 K _   0.026 0.004 0.001 0.007 0.006 0.019 0.111 0.827 
  52 V _   0.026 0.007 0.001 0.010 0.008 0.021 0.108 0.820 
  53 L _   0.026 0.011 0.001 0.014 0.009 0.023 0.105 0.812 
  54 R _   0.025 0.016 0.001 0.017 0.011 0.024 0.101 0.804 
  55 E _   0.025 0.020 0.001 0.020 0.012 0.025 0.098 0.799 
  56 L _   0.025 0.024 0.001 0.021 0.013 0.025 0.096 0.797 
  57 V _   0.024 0.026 0.001 0.021 0.013 0.025 0.093 0.797 
  58 K _   0.023 0.028 0.001 0.021 0.012 0.024 0.091 0.799 
  59 H _   0.023 0.030 0.001 0.020 0.012 0.024 0.089 0.802 
  60 K _   0.022 0.030 0.001 0.019 0.011 0.023 0.088 0.807 
  61 L _   0.022 0.031 0.001 0.017 0.010 0.022 0.086 0.811 
  62 I _   0.021 0.031 0.001 0.016 0.010 0.021 0.085 0.815 
  63 A _   0.020 0.031 0.001 0.016 0.009 0.020 0.084 0.819 
  64 W _   0.019 0.031 0.001 0.015 0.008 0.019 0.083 0.823 
  65 E _   0.018 0.031 0.001 0.015 0.008 0.018 0.082 0.826 
  66 R _   0.017 0.031 0.001 0.015 0.008 0.017 0.081 0.829 
  67 T _   0.017 0.031 0.001 0.015 0.008 0.017 0.080 0.832 
  68 K _   0.016 0.031 0.001 0.015 0.007 0.016 0.080 0.835 
  69 T _   0.014 0.030 0.001 0.015 0.007 0.015 0.079 0.838 
  70 V _   0.013 0.030 0.001 0.015 0.007 0.014 0.079 0.842 
  71 Q _   0.013 0.029 0.001 0.014 0.006 0.014 0.078 0.845 
  72 G _   0.012 0.028 0.001 0.014 0.006 0.013 0.078 0.849 
  73 Y _   0.011 0.026 0.001 0.012 0.005 0.012 0.078 0.855 
  74 R _   0.010 0.025 0.001 0.011 0.005 0.011 0.078 0.860 
  75 L _   0.009 0.024 0.001 0.010 0.004 0.011 0.078 0.865 
  76 T _   0.009 0.022 0.000 0.008 0.004 0.010 0.077 0.869 
  77 N _   0.009 0.022 0.000 0.008 0.004 0.010 0.077 0.871 
  78 A _   0.009 0.022 0.000 0.007 0.004 0.011 0.076 0.871 
  79 G _   0.009 0.023 0.000 0.008 0.004 0.011 0.075 0.869 
  80 Y _   0.010 0.025 0.000 0.008 0.004 0.012 0.075 0.865 
  81 D _   0.010 0.028 0.001 0.010 0.005 0.014 0.074 0.859 
  82 Y _   0.011 0.032 0.001 0.011 0.006 0.015 0.073 0.851 
  83 L _   0.012 0.037 0.001 0.013 0.007 0.016 0.072 0.843 
  84 A _   0.013 0.042 0.001 0.014 0.007 0.017 0.071 0.836 
  85 L _   0.013 0.047 0.001 0.015 0.008 0.019 0.070 0.828 
  86 K _   0.014 0.052 0.001 0.015 0.009 0.020 0.069 0.822 
  87 T _   0.014 0.057 0.001 0.016 0.009 0.020 0.068 0.815 
  88 L _   0.015 0.061 0.001 0.016 0.010 0.021 0.067 0.808 
  89 S _   0.016 0.066 0.001 0.017 0.011 0.022 0.066 0.800 
  90 S _   0.017 0.072 0.001 0.019 0.012 0.023 0.065 0.791 
  91 R _   0.017 0.077 0.001 0.021 0.013 0.023 0.065 0.782 
  92 Q _   0.018 0.082 0.001 0.024 0.013 0.023 0.065 0.775 
  93 V _   0.018 0.086 0.001 0.026 0.013 0.023 0.065 0.769 
  94 V _   0.018 0.089 0.001 0.027 0.013 0.022 0.065 0.765 
  95 E _   0.017 0.090 0.001 0.027 0.012 0.021 0.065 0.766 
  96 S _   0.017 0.089 0.001 0.026 0.011 0.020 0.066 0.770 
  97 V _   0.016 0.086 0.001 0.024 0.010 0.018 0.067 0.776 
  98 G _   0.015 0.083 0.001 0.021 0.009 0.017 0.068 0.785 
  99 N _   0.015 0.078 0.001 0.019 0.008 0.016 0.070 0.795 
 100 Q _   0.014 0.072 0.001 0.016 0.007 0.014 0.071 0.805 
 101 M _   0.013 0.066 0.001 0.013 0.006 0.013 0.073 0.815 
 102 G _   0.012 0.062 0.001 0.011 0.005 0.012 0.074 0.824 
 103 V _   0.011 0.058 0.001 0.009 0.004 0.011 0.076 0.830 
 104 G _   0.010 0.056 0.000 0.008 0.004 0.010 0.077 0.834 
 105 K _   0.009 0.055 0.000 0.008 0.004 0.010 0.078 0.836 
 106 E _   0.009 0.056 0.000 0.007 0.003 0.010 0.079 0.836 
 107 S _   0.009 0.057 0.000 0.008 0.004 0.010 0.079 0.833 
 108 D _   0.009 0.061 0.000 0.008 0.004 0.011 0.080 0.828 
 109 I _   0.009 0.066 0.001 0.009 0.004 0.011 0.080 0.820 
 110 Y _   0.009 0.074 0.001 0.010 0.005 0.012 0.080 0.810 
 111 I _   0.009 0.084 0.001 0.012 0.005 0.013 0.080 0.797 
 112 V _   0.009 0.096 0.001 0.013 0.006 0.014 0.080 0.781 
 113 A _   0.010 0.110 0.001 0.015 0.006 0.015 0.080 0.763 
 114 N _   0.010 0.126 0.001 0.016 0.007 0.016 0.080 0.745 
 115 E _   0.010 0.142 0.001 0.017 0.008 0.017 0.079 0.725 
 116 E _   0.011 0.159 0.001 0.018 0.008 0.018 0.079 0.705 
 117 G _   0.011 0.177 0.001 0.020 0.009 0.019 0.079 0.683 
 118 Q _   0.012 0.195 0.001 0.021 0.010 0.020 0.079 0.662 
 119 Q _   0.012 0.212 0.001 0.024 0.011 0.021 0.079 0.640 
 120 F _   0.013 0.229 0.001 0.026 0.012 0.022 0.080 0.618 
 121 A _   0.013 0.244 0.001 0.029 0.013 0.022 0.080 0.598 
 122 L _   0.013 0.256 0.001 0.033 0.013 0.022 0.081 0.581 
 123 K _   0.013 0.264 0.001 0.036 0.013 0.021 0.083 0.568 
 124 L _   0.013 0.268 0.001 0.038 0.013 0.021 0.085 0.560 
 125 H _   0.013 0.268 0.001 0.040 0.013 0.020 0.088 0.558 
 126 R _   0.013 0.264 0.001 0.040 0.012 0.019 0.091 0.560 
 127 L _   0.013 0.254 0.001 0.038 0.011 0.017 0.096 0.569 
 128 G _   0.013 0.238 0.001 0.036 0.010 0.016 0.101 0.585 
 129 R _   0.012 0.214 0.001 0.033 0.009 0.015 0.107 0.608 
 130 T _   0.012 0.183 0.001 0.029 0.008 0.014 0.115 0.638 
 131 S _   0.012 0.146 0.001 0.024 0.007 0.013 0.123 0.674 
 132 F _   0.011 0.108 0.001 0.020 0.006 0.011 0.132 0.711 
 133 R _   0.010 0.073 0.001 0.015 0.005 0.010 0.140 0.745 
 134 N _   0.009 0.047 0.001 0.011 0.004 0.009 0.147 0.772 
 135 L _   0.008 0.029 0.000 0.008 0.003 0.008 0.152 0.792 
 136 K _   0.007 0.017 0.000 0.006 0.002 0.007 0.156 0.805 
 137 N _   0.006 0.011 0.000 0.005 0.002 0.006 0.158 0.814 
 138 K _   0.005 0.007 0.000 0.004 0.001 0.005 0.159 0.818 
 139 R _   0.004 0.005 0.000 0.003 0.001 0.006 0.160 0.821 
 140 D _   0.004 0.004 0.000 0.003 0.001 0.006 0.159 0.821 
 141 Y _   0.005 0.005 0.000 0.003 0.001 0.008 0.158 0.820 
 142 H _   0.006 0.005 0.000 0.004 0.002 0.011 0.156 0.816 
 143 K _   0.008 0.008 0.000 0.005 0.003 0.015 0.153 0.806 
 144 H _   0.012 0.014 0.001 0.008 0.005 0.022 0.150 0.788 
 145 R _   0.017 0.027 0.001 0.013 0.009 0.030 0.145 0.758 
 146 H _   0.024 0.048 0.001 0.020 0.016 0.039 0.139 0.714 
 147 N _   0.031 0.075 0.002 0.029 0.023 0.048 0.132 0.660 
 148 V _   0.037 0.101 0.002 0.038 0.030 0.056 0.126 0.610 
 149 S _   0.043 0.120 0.002 0.045 0.036 0.061 0.121 0.571 
 150 W _   0.049 0.133 0.002 0.050 0.041 0.065 0.116 0.544 
 151 L _   0.054 0.138 0.002 0.051 0.043 0.067 0.113 0.531 
 152 Y _   0.059 0.139 0.002 0.048 0.044 0.067 0.111 0.530 
 153 L _   0.064 0.134 0.002 0.042 0.043 0.066 0.110 0.539 
 154 S _   0.068 0.125 0.002 0.034 0.040 0.065 0.109 0.557 
 155 R _   0.071 0.112 0.002 0.027 0.037 0.063 0.109 0.579 
 156 L _   0.074 0.098 0.002 0.020 0.032 0.061 0.109 0.603 
 157 S _   0.075 0.086 0.002 0.016 0.028 0.058 0.110 0.624 
 158 A _   0.076 0.077 0.002 0.014 0.025 0.056 0.110 0.641 
 159 M _   0.075 0.071 0.001 0.013 0.022 0.053 0.111 0.654 
 160 K _   0.073 0.068 0.001 0.013 0.020 0.050 0.112 0.663 
 161 E _   0.070 0.066 0.001 0.015 0.019 0.047 0.114 0.669 
 162 F _   0.066 0.065 0.001 0.017 0.019 0.044 0.115 0.674 
 163 A _   0.061 0.064 0.001 0.020 0.018 0.040 0.116 0.679 
 164 Y _   0.056 0.062 0.001 0.022 0.017 0.037 0.118 0.687 
 165 M _   0.050 0.060 0.001 0.023 0.016 0.033 0.120 0.696 
 166 K _   0.044 0.057 0.001 0.024 0.014 0.030 0.123 0.707 
 167 A _   0.039 0.052 0.001 0.023 0.013 0.026 0.125 0.721 
 168 L _   0.033 0.047 0.001 0.022 0.011 0.022 0.128 0.736 
 169 Y _   0.028 0.039 0.001 0.020 0.009 0.019 0.132 0.753 
 170 E _   0.023 0.031 0.001 0.017 0.007 0.016 0.135 0.771 
 171 R _   0.019 0.023 0.001 0.013 0.005 0.013 0.138 0.788 
 172 K _   0.015 0.016 0.001 0.010 0.004 0.011 0.141 0.803 
 173 F _   0.012 0.010 0.000 0.007 0.003 0.009 0.143 0.816 
 174 P _   0.009 0.006 0.000 0.005 0.002 0.007 0.144 0.825 
 175 V _   0.007 0.004 0.000 0.004 0.002 0.006 0.145 0.832 
 176 P _   0.006 0.002 0.000 0.003 0.001 0.006 0.145 0.836 
 177 K _   0.006 0.002 0.000 0.002 0.001 0.006 0.145 0.837 
 178 P _   0.006 0.002 0.000 0.002 0.001 0.007 0.144 0.837 
 179 I _   0.007 0.003 0.000 0.003 0.002 0.010 0.142 0.833 
 180 D _   0.009 0.005 0.000 0.004 0.003 0.013 0.140 0.825 
 181 Y _   0.013 0.011 0.001 0.007 0.005 0.018 0.137 0.808 
 182 N _   0.017 0.024 0.001 0.012 0.009 0.025 0.133 0.779 
 183 R _   0.022 0.049 0.001 0.019 0.014 0.032 0.128 0.735 
 184 H _   0.026 0.083 0.002 0.028 0.020 0.038 0.122 0.682 
 185 A _   0.028 0.118 0.002 0.037 0.025 0.042 0.117 0.631 
 186 V _   0.031 0.148 0.002 0.044 0.029 0.045 0.112 0.589 
 187 V _   0.033 0.170 0.002 0.049 0.032 0.047 0.109 0.559 
 188 M _   0.034 0.183 0.002 0.051 0.033 0.048 0.106 0.543 
 189 E _   0.035 0.189 0.002 0.052 0.034 0.047 0.104 0.537 
 190 L _   0.036 0.191 0.002 0.050 0.033 0.046 0.104 0.539 
 191 I _   0.036 0.188 0.002 0.047 0.032 0.044 0.104 0.548 
 192 N _   0.035 0.181 0.002 0.044 0.030 0.042 0.104 0.563 
 193 G _   0.034 0.170 0.002 0.040 0.027 0.039 0.105 0.583 
 194 Y _   0.034 0.155 0.002 0.035 0.023 0.036 0.107 0.608 
 195 P _   0.032 0.138 0.002 0.031 0.020 0.032 0.109 0.636 
 196 L _   0.030 0.118 0.001 0.028 0.017 0.029 0.112 0.665 
 197 C _   0.027 0.096 0.001 0.024 0.014 0.026 0.115 0.698 
 198 Q _   0.023 0.073 0.001 0.020 0.011 0.022 0.118 0.732 
 199 I _   0.020 0.051 0.001 0.016 0.008 0.019 0.120 0.764 
 200 H _   0.016 0.034 0.001 0.013 0.006 0.016 0.123 0.792 
 201 H _   0.014 0.020 0.001 0.009 0.005 0.014 0.124 0.814 
 202 V _   0.012 0.011 0.000 0.006 0.003 0.012 0.125 0.830 
 203 E _   0.010 0.005 0.000 0.004 0.003 0.011 0.125 0.841 
 204 D _   0.010 0.002 0.000 0.003 0.002 0.011 0.125 0.847 
 205 P _   0.010 0.001 0.000 0.002 0.002 0.012 0.124 0.848 
 206 A _   0.013 0.001 0.000 0.002 0.002 0.014 0.123 0.845 
 207 S _   0.017 0.001 0.000 0.003 0.003 0.017 0.121 0.837 
 208 V _   0.024 0.002 0.000 0.004 0.005 0.023 0.119 0.822 
 209 Y _   0.034 0.003 0.001 0.006 0.009 0.031 0.117 0.799 
 210 D _   0.047 0.008 0.001 0.010 0.015 0.040 0.113 0.766 
 211 E _   0.060 0.016 0.002 0.015 0.023 0.048 0.110 0.726 
 212 A _   0.072 0.026 0.002 0.021 0.031 0.056 0.107 0.685 
 213 M _   0.081 0.037 0.002 0.028 0.037 0.060 0.104 0.651 
 214 E _   0.087 0.046 0.002 0.033 0.042 0.063 0.102 0.626 
 215 L _   0.090 0.052 0.002 0.036 0.044 0.063 0.100 0.614 
 216 I _   0.090 0.055 0.002 0.036 0.044 0.062 0.099 0.612 
 217 V _   0.089 0.056 0.002 0.035 0.041 0.059 0.099 0.619 
 218 K _   0.084 0.055 0.002 0.033 0.037 0.055 0.099 0.634 
 219 L _   0.078 0.053 0.002 0.029 0.033 0.050 0.100 0.655 
 220 A _   0.071 0.048 0.002 0.026 0.027 0.045 0.101 0.679 
 221 N _   0.063 0.043 0.002 0.022 0.022 0.040 0.103 0.705 
 222 H _   0.054 0.038 0.001 0.019 0.017 0.035 0.104 0.731 
 223 G _   0.046 0.033 0.001 0.016 0.013 0.030 0.106 0.755 
 224 L _   0.038 0.028 0.001 0.013 0.010 0.026 0.107 0.777 
 225 I _   0.031 0.024 0.001 0.011 0.008 0.022 0.108 0.795 
 226 H _   0.025 0.021 0.001 0.010 0.006 0.019 0.109 0.809 
 227 G _   0.020 0.019 0.001 0.009 0.005 0.017 0.110 0.819 
 228 D _   0.017 0.018 0.001 0.008 0.005 0.015 0.110 0.826 
 229 F _   0.014 0.017 0.001 0.008 0.005 0.014 0.111 0.830 
 230 N _   0.013 0.018 0.001 0.009 0.005 0.013 0.111 0.831 
 231 E _   0.011 0.018 0.001 0.010 0.005 0.013 0.111 0.832 
 232 F _   0.011 0.019 0.001 0.010 0.005 0.012 0.112 0.831 
 233 N _   0.010 0.020 0.001 0.011 0.005 0.012 0.112 0.831 
 234 L _   0.010 0.021 0.001 0.011 0.004 0.012 0.112 0.830 
 235 I _   0.009 0.022 0.001 0.010 0.004 0.012 0.112 0.829 
 236 L _   0.009 0.023 0.001 0.010 0.004 0.012 0.112 0.829 
 237 D _   0.009 0.025 0.000 0.009 0.004 0.013 0.112 0.827 
 238 E _   0.010 0.027 0.001 0.009 0.005 0.014 0.111 0.824 
 239 S _   0.011 0.030 0.001 0.010 0.005 0.015 0.111 0.817 
 240 D _   0.012 0.035 0.001 0.011 0.006 0.017 0.111 0.806 
 241 H _   0.014 0.043 0.001 0.014 0.008 0.020 0.110 0.789 
 242 I _   0.016 0.054 0.001 0.019 0.011 0.022 0.110 0.766 
 243 T _   0.018 0.068 0.001 0.026 0.013 0.024 0.110 0.740 
 244 M _   0.019 0.080 0.001 0.034 0.016 0.025 0.110 0.715 
 245 I _   0.019 0.090 0.001 0.041 0.017 0.026 0.110 0.695 
 246 D _   0.019 0.096 0.001 0.045 0.017 0.025 0.112 0.685 
 247 F _   0.018 0.097 0.001 0.046 0.016 0.024 0.113 0.684 
 248 P _   0.017 0.095 0.001 0.043 0.015 0.022 0.116 0.691 
 249 Q _   0.016 0.089 0.001 0.037 0.012 0.019 0.119 0.706 
 250 M _   0.014 0.078 0.001 0.030 0.010 0.017 0.122 0.728 
 251 V _   0.012 0.065 0.001 0.022 0.008 0.014 0.126 0.752 
 252 S _   0.010 0.052 0.001 0.015 0.006 0.012 0.130 0.775 
 253 T _   0.009 0.041 0.001 0.011 0.004 0.011 0.133 0.792 
 254 S _   0.008 0.034 0.000 0.008 0.003 0.009 0.135 0.803 
 255 H _   0.007 0.030 0.000 0.006 0.003 0.009 0.137 0.809 
 256 P _   0.007 0.028 0.000 0.006 0.002 0.008 0.138 0.810 
 257 N _   0.007 0.028 0.000 0.006 0.003 0.009 0.139 0.809 
 258 A _   0.007 0.029 0.000 0.007 0.003 0.009 0.140 0.805 
 259 E _   0.007 0.031 0.000 0.008 0.003 0.010 0.140 0.801 
 260 W _   0.007 0.034 0.000 0.009 0.004 0.011 0.140 0.795 
 261 Y _   0.008 0.037 0.001 0.010 0.004 0.011 0.140 0.789 
 262 F _   0.008 0.041 0.001 0.010 0.004 0.012 0.140 0.783 
 263 D _   0.008 0.046 0.001 0.011 0.005 0.014 0.140 0.776 
 264 R _   0.009 0.053 0.001 0.011 0.005 0.015 0.139 0.766 
 265 D _   0.010 0.061 0.001 0.012 0.007 0.017 0.139 0.754 
 266 V _   0.011 0.072 0.001 0.014 0.008 0.020 0.138 0.735 
 267 K _   0.013 0.086 0.001 0.018 0.010 0.022 0.138 0.713 
 268 C _   0.014 0.104 0.001 0.022 0.012 0.024 0.137 0.686 
 269 I _   0.015 0.123 0.001 0.028 0.014 0.025 0.137 0.657 
 270 K _   0.016 0.139 0.001 0.033 0.016 0.025 0.137 0.632 
 271 D _   0.016 0.151 0.001 0.038 0.016 0.025 0.138 0.615 
 272 F _   0.016 0.158 0.001 0.039 0.016 0.025 0.139 0.607 
 273 F _   0.015 0.160 0.001 0.038 0.015 0.023 0.141 0.606 
 274 M _   0.015 0.158 0.001 0.034 0.014 0.022 0.144 0.613 
 275 K _   0.014 0.152 0.001 0.029 0.012 0.020 0.147 0.625 
 276 R _   0.013 0.144 0.001 0.024 0.010 0.018 0.150 0.640 
 277 F _   0.012 0.134 0.001 0.019 0.008 0.017 0.154 0.655 
 278 S _   0.011 0.124 0.001 0.016 0.007 0.016 0.158 0.668 
 279 Y _   0.010 0.117 0.001 0.014 0.006 0.015 0.162 0.675 
 280 E _   0.010 0.112 0.001 0.013 0.006 0.014 0.166 0.679 
 281 S _   0.010 0.108 0.001 0.013 0.006 0.014 0.170 0.679 
 282 E _   0.010 0.106 0.001 0.015 0.006 0.013 0.173 0.677 
 283 L _   0.010 0.103 0.001 0.016 0.006 0.013 0.177 0.674 
 284 F _   0.009 0.101 0.001 0.017 0.006 0.012 0.182 0.671 
 285 P _   0.009 0.098 0.001 0.018 0.006 0.012 0.186 0.671 
 286 T _   0.008 0.093 0.001 0.018 0.006 0.011 0.191 0.672 
 287 F _   0.008 0.088 0.001 0.017 0.005 0.011 0.196 0.675 
 288 K _   0.007 0.081 0.001 0.015 0.005 0.010 0.201 0.679 
 289 D _   0.007 0.075 0.001 0.013 0.004 0.009 0.207 0.684 
 290 I _   0.007 0.069 0.001 0.011 0.004 0.009 0.212 0.688 
 291 R _   0.006 0.064 0.000 0.010 0.003 0.008 0.218 0.691 
 292 R _   0.006 0.060 0.000 0.009 0.003 0.008 0.223 0.691 
 293 E _   0.006 0.057 0.000 0.008 0.003 0.008 0.228 0.689 
 294 D _   0.006 0.056 0.000 0.009 0.003 0.008 0.233 0.686 
 295 T _   0.006 0.056 0.000 0.010 0.003 0.008 0.237 0.680 
 296 L _   0.006 0.056 0.000 0.011 0.004 0.009 0.242 0.673 
 297 D _   0.006 0.057 0.000 0.013 0.004 0.009 0.246 0.665 
 298 V _   0.006 0.059 0.001 0.015 0.004 0.010 0.250 0.656 
 299 E _   0.006 0.061 0.001 0.017 0.005 0.010 0.255 0.645 
 300 V _   0.006 0.062 0.001 0.019 0.005 0.011 0.260 0.636 
 301 S _   0.007 0.062 0.001 0.021 0.006 0.011 0.266 0.628 
 302 A _   0.007 0.061 0.001 0.022 0.006 0.011 0.273 0.620 
 303 S _   0.006 0.059 0.001 0.022 0.006 0.010 0.281 0.614 
 304 G _   0.006 0.056 0.001 0.022 0.005 0.010 0.290 0.610 
 305 Y _   0.006 0.051 0.001 0.020 0.005 0.010 0.299 0.608 
 306 T _   0.006 0.046 0.001 0.017 0.004 0.009 0.309 0.608 
 307 K _   0.006 0.040 0.001 0.015 0.004 0.008 0.319 0.608 
 308 E _   0.005 0.034 0.000 0.012 0.003 0.008 0.329 0.608 
 309 M _   0.005 0.028 0.000 0.010 0.003 0.007 0.339 0.607 
 310 Q _   0.005 0.024 0.000 0.009 0.002 0.007 0.347 0.605 
 311 A _   0.005 0.021 0.000 0.009 0.002 0.006 0.355 0.602 
 312 D _   0.004 0.019 0.000 0.008 0.002 0.006 0.363 0.597 
 313 D _   0.004 0.017 0.000 0.009 0.002 0.006 0.369 0.592 
 314 E _   0.005 0.016 0.000 0.009 0.002 0.006 0.376 0.586 
 315 L _   0.005 0.015 0.000 0.009 0.002 0.006 0.382 0.581 
 316 L _   0.005 0.014 0.000 0.009 0.002 0.006 0.387 0.578 
 317 H _   0.004 0.013 0.000 0.009 0.002 0.005 0.392 0.575 
 318 P _   0.004 0.011 0.000 0.008 0.002 0.005 0.396 0.574 
 319 L _   0.004 0.010 0.000 0.007 0.002 0.004 0.399 0.574 
 320 G _   0.003 0.009 0.000 0.006 0.001 0.004 0.402 0.574 
 321 P _   0.003 0.009 0.000 0.005 0.001 0.004 0.404 0.575 
 322 D _   0.003 0.009 0.000 0.004 0.001 0.004 0.404 0.575 
 323 D _   0.003 0.009 0.000 0.004 0.001 0.004 0.404 0.575 
 324 K _   0.003 0.010 0.000 0.004 0.001 0.004 0.403 0.575 
 325 N _   0.003 0.011 0.000 0.005 0.001 0.004 0.402 0.573 
 326 I _   0.003 0.014 0.000 0.007 0.002 0.005 0.399 0.570 
 327 E _   0.003 0.018 0.000 0.009 0.002 0.006 0.396 0.567 
 328 T _   0.003 0.022 0.000 0.011 0.002 0.006 0.392 0.563 
 329 K _   0.003 0.027 0.000 0.013 0.003 0.006 0.388 0.560 
 330 E _   0.003 0.032 0.000 0.014 0.003 0.007 0.384 0.558 
 331 G _   0.003 0.036 0.000 0.014 0.003 0.006 0.380 0.558 
 332 S _   0.003 0.040 0.000 0.014 0.003 0.006 0.376 0.558 
 333 E _   0.003 0.043 0.000 0.013 0.003 0.006 0.373 0.559 
 334 F _   0.003 0.046 0.000 0.013 0.002 0.006 0.370 0.560 
 335 S _   0.003 0.049 0.000 0.012 0.002 0.006 0.367 0.560 
 336 F _   0.003 0.052 0.000 0.013 0.003 0.006 0.364 0.559 
 337 S _   0.003 0.056 0.000 0.014 0.003 0.007 0.361 0.556 
 338 D _   0.003 0.061 0.000 0.016 0.003 0.007 0.358 0.551 
 339 G _   0.003 0.067 0.000 0.018 0.004 0.008 0.356 0.544 
 340 E _   0.003 0.073 0.000 0.022 0.004 0.008 0.353 0.536 
 341 V _   0.004 0.078 0.001 0.025 0.005 0.009 0.351 0.529 
 342 A _   0.004 0.082 0.001 0.027 0.005 0.009 0.350 0.523 
 343 E _   0.004 0.084 0.001 0.029 0.005 0.009 0.349 0.519 
 344 K _   0.004 0.084 0.001 0.029 0.005 0.009 0.350 0.518 
 345 A _   0.004 0.083 0.001 0.028 0.005 0.008 0.352 0.521 
 346 E _   0.004 0.078 0.001 0.025 0.004 0.008 0.354 0.526 
 347 V _   0.004 0.072 0.000 0.021 0.004 0.007 0.358 0.534 
 348 Y _   0.004 0.065 0.000 0.017 0.003 0.006 0.362 0.543 
 349 G _   0.004 0.056 0.000 0.013 0.003 0.006 0.366 0.553 
 350 S _   0.003 0.048 0.000 0.009 0.002 0.005 0.370 0.562 
 351 E _   0.003 0.043 0.000 0.007 0.002 0.004 0.373 0.568 
 352 N _   0.003 0.039 0.000 0.005 0.001 0.004 0.375 0.572 
 353 E _   0.003 0.037 0.000 0.004 0.001 0.004 0.376 0.575 
 354 S _   0.003 0.036 0.000 0.004 0.001 0.004 0.376 0.575 
 355 E _   0.003 0.037 0.000 0.005 0.001 0.005 0.376 0.574 
 356 R _   0.003 0.039 0.000 0.007 0.002 0.005 0.374 0.570 
 357 N _   0.003 0.043 0.000 0.009 0.002 0.006 0.372 0.564 
 358 C _   0.003 0.049 0.000 0.013 0.003 0.007 0.369 0.555 
 359 L _   0.003 0.057 0.000 0.017 0.003 0.008 0.366 0.544 
 360 E _   0.004 0.064 0.000 0.022 0.004 0.009 0.363 0.533 
 361 E _   0.004 0.070 0.001 0.027 0.005 0.009 0.361 0.523 
 362 S _   0.004 0.075 0.001 0.030 0.005 0.010 0.360 0.516 
 363 E _   0.004 0.077 0.001 0.032 0.005 0.010 0.360 0.511 
 364 G _   0.004 0.077 0.001 0.032 0.005 0.010 0.361 0.509 
 365 C _   0.004 0.075 0.001 0.030 0.005 0.009 0.364 0.511 
 366 Y _   0.004 0.071 0.001 0.027 0.005 0.009 0.367 0.516 
 367 C _   0.004 0.064 0.001 0.023 0.004 0.008 0.372 0.524 
 368 R _   0.004 0.056 0.000 0.019 0.004 0.007 0.377 0.534 
 369 S _   0.004 0.046 0.000 0.015 0.003 0.007 0.382 0.544 
 370 S _   0.004 0.037 0.000 0.011 0.002 0.006 0.386 0.553 
 371 G _   0.004 0.030 0.000 0.009 0.002 0.005 0.390 0.560 
 372 D _   0.004 0.025 0.000 0.007 0.002 0.005 0.393 0.565 
 373 P _   0.003 0.021 0.000 0.006 0.001 0.004 0.395 0.568 
 374 E _   0.003 0.019 0.000 0.005 0.001 0.004 0.397 0.570 
 375 Q _   0.003 0.017 0.000 0.005 0.001 0.004 0.397 0.572 
 376 I _   0.003 0.017 0.000 0.005 0.001 0.004 0.396 0.574 
 377 K _   0.003 0.017 0.000 0.005 0.001 0.004 0.395 0.575 
 378 E _   0.003 0.017 0.000 0.005 0.001 0.004 0.393 0.576 
 379 D _   0.003 0.018 0.000 0.006 0.001 0.005 0.390 0.577 
 380 S _   0.003 0.019 0.000 0.006 0.002 0.005 0.387 0.578 
 381 L _   0.003 0.022 0.000 0.007 0.002 0.005 0.383 0.579 
 382 S _   0.003 0.024 0.000 0.007 0.002 0.006 0.379 0.579 
 383 E _   0.003 0.028 0.000 0.008 0.002 0.007 0.374 0.578 
 384 E _   0.003 0.034 0.000 0.009 0.003 0.008 0.369 0.575 
 385 S _   0.003 0.040 0.000 0.010 0.003 0.009 0.363 0.571 
 386 A _   0.004 0.048 0.000 0.012 0.004 0.010 0.357 0.564 
 387 D _   0.004 0.058 0.001 0.014 0.005 0.011 0.351 0.555 
 388 A _   0.005 0.069 0.001 0.017 0.006 0.013 0.345 0.545 
 389 R _   0.006 0.080 0.001 0.020 0.007 0.014 0.340 0.533 
 390 S _   0.006 0.090 0.001 0.022 0.008 0.015 0.335 0.522 
 391 F _   0.007 0.098 0.001 0.025 0.009 0.016 0.331 0.512 
 392 E _   0.008 0.105 0.001 0.026 0.009 0.017 0.328 0.505 
 393 M _   0.008 0.109 0.001 0.027 0.010 0.018 0.326 0.501 
 394 T _   0.009 0.111 0.001 0.027 0.010 0.018 0.325 0.500 
 395 E _   0.009 0.111 0.001 0.026 0.010 0.017 0.324 0.501 
 396 F _   0.010 0.110 0.001 0.025 0.010 0.017 0.324 0.504 
 397 N _   0.010 0.108 0.001 0.023 0.009 0.016 0.325 0.508 
 398 Q _   0.010 0.104 0.001 0.021 0.009 0.016 0.326 0.513 
 399 A _   0.010 0.100 0.001 0.020 0.008 0.015 0.328 0.518 
 400 L _   0.011 0.094 0.001 0.019 0.008 0.015 0.331 0.522 
 401 E _   0.011 0.088 0.001 0.018 0.007 0.014 0.334 0.527 
 402 E _   0.011 0.082 0.001 0.017 0.007 0.013 0.337 0.532 
 403 I _   0.010 0.075 0.001 0.016 0.006 0.012 0.341 0.538 
 404 K _   0.010 0.068 0.001 0.015 0.006 0.012 0.346 0.544 
 405 G _   0.010 0.060 0.001 0.013 0.005 0.011 0.350 0.551 
 406 Q _   0.009 0.052 0.001 0.012 0.005 0.010 0.355 0.557 
 407 V _   0.008 0.045 0.001 0.011 0.004 0.009 0.359 0.563 
 408 V _   0.008 0.039 0.000 0.010 0.004 0.009 0.364 0.568 
 409 E _   0.007 0.034 0.000 0.009 0.003 0.008 0.368 0.570 
 410 N _   0.007 0.030 0.000 0.009 0.003 0.008 0.372 0.572 
 411 N _   0.006 0.027 0.000 0.009 0.003 0.008 0.376 0.571 
 412 S _   0.006 0.024 0.000 0.009 0.003 0.007 0.380 0.570 
 413 V _   0.006 0.022 0.000 0.010 0.003 0.007 0.383 0.568 
 414 T _   0.006 0.020 0.000 0.010 0.003 0.007 0.387 0.566 
 415 E _   0.006 0.018 0.000 0.010 0.003 0.007 0.390 0.565 
 416 F _   0.006 0.016 0.000 0.010 0.003 0.007 0.393 0.565 
 417 S _   0.005 0.014 0.000 0.009 0.002 0.006 0.396 0.566 
 418 E _   0.005 0.012 0.000 0.009 0.002 0.006 0.399 0.567 
 419 E _   0.005 0.010 0.000 0.007 0.002 0.005 0.402 0.569 
 420 K _   0.005 0.008 0.000 0.006 0.002 0.005 0.404 0.571 
 421 N _   0.004 0.006 0.000 0.005 0.001 0.004 0.406 0.573 
 422 R _   0.004 0.005 0.000 0.004 0.001 0.004 0.406 0.575 
 423 T _   0.004 0.004 0.000 0.004 0.001 0.004 0.406 0.577 
 424 E _   0.004 0.004 0.000 0.003 0.001 0.004 0.406 0.579 
 425 N _   0.003 0.004 0.000 0.003 0.001 0.004 0.404 0.580 
 426 Y _   0.003 0.004 0.000 0.004 0.001 0.004 0.401 0.582 
 427 N _   0.003 0.005 0.000 0.005 0.001 0.004 0.398 0.583 
 428 R _   0.003 0.007 0.000 0.006 0.002 0.005 0.393 0.584 
 429 Q _   0.003 0.009 0.000 0.008 0.002 0.006 0.387 0.585 
 430 D _   0.004 0.012 0.000 0.010 0.002 0.006 0.381 0.585 
 431 G _   0.004 0.016 0.000 0.013 0.003 0.007 0.374 0.584 
 432 Q _   0.004 0.019 0.000 0.016 0.003 0.007 0.367 0.583 
 433 R _   0.004 0.023 0.000 0.019 0.004 0.008 0.360 0.583 
 434 V _   0.004 0.026 0.000 0.021 0.004 0.008 0.354 0.584 
 435 Q _   0.004 0.028 0.000 0.022 0.004 0.008 0.348 0.586 
 436 G _   0.004 0.029 0.000 0.021 0.004 0.008 0.344 0.591 
 437 G _   0.004 0.029 0.000 0.019 0.003 0.007 0.340 0.597 
 438 V _   0.004 0.028 0.000 0.017 0.003 0.007 0.336 0.606 
 439 P _   0.004 0.027 0.000 0.013 0.002 0.006 0.333 0.615 
 440 A _   0.003 0.025 0.000 0.010 0.002 0.006 0.329 0.624 
 441 G _   0.003 0.024 0.000 0.007 0.002 0.005 0.325 0.633 
 442 S _   0.003 0.023 0.000 0.005 0.001 0.005 0.320 0.641 
 443 D _   0.003 0.024 0.000 0.004 0.001 0.005 0.315 0.647 
 444 E _   0.003 0.026 0.000 0.004 0.001 0.006 0.307 0.651 
 445 Y _   0.004 0.031 0.000 0.006 0.002 0.008 0.298 0.651 
 446 E _   0.005 0.044 0.001 0.009 0.004 0.011 0.285 0.641 
 447 D _   0.007 0.072 0.001 0.016 0.007 0.015 0.268 0.614 
 448 E _   0.009 0.129 0.002 0.025 0.011 0.020 0.243 0.561 
 449 C _   0.010 0.218 0.002 0.037 0.016 0.022 0.214 0.481 
 450 P _   0.009 0.322 0.002 0.047 0.018 0.023 0.185 0.394 
 451 H E   0.008 0.411 0.002 0.054 0.018 0.021 0.163 0.323 
 452 L E   0.007 0.469 0.002 0.057 0.016 0.020 0.148 0.282 
 453 I E   0.006 0.501 0.001 0.058 0.014 0.018 0.139 0.262 
 454 A E   0.006 0.517 0.001 0.058 0.013 0.017 0.133 0.256 
 455 L E   0.006 0.522 0.001 0.055 0.012 0.016 0.129 0.260 
 456 S E   0.006 0.519 0.001 0.051 0.011 0.015 0.126 0.271 
 457 S E   0.006 0.508 0.001 0.046 0.010 0.014 0.124 0.290 
 458 L E   0.007 0.487 0.001 0.040 0.010 0.013 0.124 0.319 
 459 N E   0.008 0.453 0.001 0.034 0.009 0.012 0.124 0.358 
 460 R E   0.008 0.410 0.001 0.028 0.008 0.012 0.126 0.407 
 461 E _   0.009 0.361 0.001 0.023 0.007 0.011 0.127 0.460 
 462 F _   0.009 0.314 0.001 0.018 0.006 0.011 0.129 0.513 
 463 R _   0.008 0.275 0.001 0.014 0.004 0.010 0.130 0.558 
 464 P _   0.007 0.248 0.000 0.010 0.003 0.009 0.131 0.591 
 465 F _   0.006 0.230 0.000 0.008 0.002 0.008 0.131 0.615 
 466 R _   0.006 0.220 0.000 0.006 0.002 0.008 0.130 0.629 
 467 D _   0.005 0.216 0.000 0.006 0.002 0.007 0.128 0.636 
 468 E _   0.005 0.216 0.000 0.006 0.002 0.008 0.125 0.638 
 469 E _   0.005 0.221 0.000 0.007 0.002 0.008 0.122 0.635 
 470 N _   0.005 0.232 0.000 0.009 0.003 0.009 0.117 0.624 
 471 V _   0.005 0.252 0.001 0.012 0.004 0.011 0.111 0.605 
 472 G _   0.006 0.282 0.001 0.016 0.006 0.012 0.103 0.575 
 473 A _   0.006 0.320 0.001 0.020 0.007 0.013 0.095 0.539 
 474 M _   0.005 0.362 0.001 0.023 0.008 0.013 0.087 0.500 
 475 N _   0.005 0.403 0.001 0.026 0.008 0.013 0.080 0.464 
 476 Q E   0.005 0.436 0.001 0.027 0.008 0.013 0.074 0.436 
 477 Y E   0.004 0.462 0.001 0.028 0.008 0.012 0.069 0.415 
 478 R E   0.004 0.481 0.001 0.028 0.008 0.012 0.065 0.401 
 479 T E   0.004 0.494 0.001 0.027 0.008 0.012 0.062 0.392 
 480 R E   0.004 0.503 0.001 0.026 0.007 0.011 0.060 0.388 
 481 T E   0.004 0.507 0.001 0.024 0.007 0.011 0.058 0.388 
 482 L E   0.004 0.508 0.001 0.023 0.007 0.010 0.057 0.391 
 483 S E   0.005 0.506 0.001 0.020 0.006 0.010 0.056 0.396 
 484 I E   0.005 0.502 0.001 0.019 0.006 0.010 0.055 0.403 
 485 T E   0.005 0.496 0.001 0.017 0.006 0.010 0.055 0.412 
 486 S E   0.005 0.488 0.001 0.015 0.005 0.010 0.054 0.422 
 487 S E   0.005 0.480 0.001 0.014 0.005 0.010 0.054 0.431 
 488 G E   0.006 0.471 0.001 0.013 0.005 0.010 0.054 0.440 
 489 S E   0.006 0.463 0.001 0.012 0.005 0.010 0.055 0.448 
 490 A E   0.007 0.456 0.001 0.012 0.005 0.011 0.055 0.454 
 491 V _   0.007 0.450 0.001 0.012 0.005 0.011 0.055 0.460 
 492 S _   0.007 0.445 0.001 0.012 0.005 0.011 0.055 0.464 
 493 C _   0.008 0.440 0.001 0.012 0.005 0.011 0.056 0.467 
 494 S _   0.008 0.436 0.001 0.012 0.006 0.011 0.057 0.470 
 495 T _   0.008 0.432 0.001 0.013 0.006 0.012 0.057 0.472 
 496 I _   0.008 0.428 0.001 0.014 0.006 0.012 0.058 0.474 
 497 P _   0.008 0.424 0.001 0.014 0.006 0.012 0.059 0.476 
 498 P _   0.008 0.419 0.001 0.015 0.006 0.012 0.060 0.479 
 499 E _   0.008 0.412 0.001 0.016 0.006 0.012 0.062 0.483 
 500 L _   0.008 0.405 0.001 0.016 0.006 0.012 0.063 0.489 
 501 V _   0.008 0.396 0.001 0.016 0.006 0.012 0.065 0.496 
 502 K _   0.008 0.385 0.001 0.016 0.006 0.012 0.068 0.505 
 503 Q _   0.008 0.373 0.001 0.016 0.006 0.011 0.070 0.516 
 504 K _   0.008 0.359 0.001 0.015 0.006 0.011 0.073 0.527 
 505 V _   0.008 0.345 0.001 0.015 0.006 0.011 0.076 0.539 
 506 K _   0.008 0.330 0.001 0.014 0.005 0.010 0.079 0.552 
 507 R _   0.008 0.315 0.001 0.013 0.005 0.010 0.083 0.566 
 508 Q _   0.007 0.301 0.001 0.012 0.005 0.010 0.087 0.578 
 509 L _   0.007 0.288 0.001 0.011 0.004 0.009 0.090 0.589 
 510 T _   0.007 0.276 0.001 0.011 0.004 0.009 0.094 0.599 
 511 K _   0.007 0.266 0.000 0.010 0.004 0.009 0.097 0.606 
 512 Q _   0.006 0.259 0.000 0.010 0.004 0.009 0.101 0.611 
 513 Q _   0.006 0.253 0.000 0.010 0.004 0.009 0.104 0.613 
 514 K _   0.006 0.249 0.000 0.010 0.004 0.009 0.108 0.613 
 515 S _   0.007 0.247 0.000 0.011 0.004 0.009 0.111 0.612 
 516 A _   0.007 0.245 0.000 0.012 0.004 0.009 0.114 0.609 
 517 V _   0.007 0.243 0.001 0.013 0.004 0.009 0.118 0.606 
 518 R _   0.007 0.241 0.001 0.013 0.004 0.009 0.121 0.604 
 519 R _   0.007 0.238 0.001 0.013 0.004 0.009 0.125 0.603 
 520 R _   0.006 0.235 0.001 0.013 0.004 0.009 0.129 0.603 
 521 L _   0.006 0.231 0.001 0.013 0.004 0.009 0.133 0.603 
 522 Q _   0.006 0.227 0.001 0.012 0.004 0.009 0.137 0.604 
 523 K _   0.006 0.224 0.001 0.012 0.004 0.009 0.142 0.603 
 524 G _   0.006 0.220 0.000 0.012 0.004 0.009 0.147 0.602 
 525 E _   0.006 0.218 0.000 0.012 0.004 0.009 0.151 0.599 
 526 A _   0.006 0.216 0.001 0.013 0.004 0.009 0.156 0.596 
 527 N _   0.006 0.214 0.001 0.013 0.004 0.009 0.161 0.591 
 528 I _   0.006 0.212 0.001 0.014 0.004 0.009 0.166 0.587 
 529 F _   0.006 0.210 0.001 0.014 0.004 0.009 0.172 0.585 
 530 T _   0.006 0.207 0.001 0.013 0.004 0.009 0.178 0.583 
 531 K _   0.005 0.203 0.000 0.013 0.004 0.009 0.184 0.582 
 532 Q _   0.005 0.199 0.000 0.012 0.004 0.009 0.190 0.582 
 533 R _   0.005 0.195 0.000 0.011 0.003 0.009 0.196 0.581 
 534 R _   0.005 0.192 0.000 0.009 0.003 0.009 0.201 0.580 
 535 E _   0.005 0.191 0.000 0.008 0.003 0.009 0.207 0.576 
 536 N _   0.005 0.192 0.000 0.008 0.003 0.010 0.212 0.570 
 537 M _   0.006 0.195 0.000 0.008 0.003 0.011 0.216 0.560 
 538 Q _   0.007 0.201 0.000 0.008 0.004 0.013 0.220 0.546 
 539 N _   0.009 0.213 0.001 0.010 0.005 0.015 0.223 0.525 
 540 I _   0.010 0.232 0.001 0.012 0.007 0.018 0.226 0.493 
 541 K _   0.013 0.263 0.001 0.016 0.010 0.021 0.228 0.449 
 542 S _   0.014 0.305 0.001 0.020 0.013 0.023 0.231 0.392 
 543 S E   0.015 0.356 0.002 0.025 0.016 0.023 0.233 0.330 
 544 L E   0.014 0.404 0.002 0.029 0.017 0.022 0.237 0.275 
 545 E E   0.013 0.440 0.001 0.032 0.016 0.020 0.242 0.237 
 546 A E   0.011 0.463 0.001 0.033 0.014 0.016 0.249 0.213 
 547 A E   0.008 0.472 0.001 0.033 0.010 0.013 0.257 0.205 
 548 S E   0.006 0.473 0.001 0.031 0.006 0.008 0.268 0.208 
 549 F E   0.003 0.463 0.000 0.025 0.002 0.005 0.279 0.223 
 550 W E   0.002 0.440 0.000 0.019 0.001 0.002 0.285 0.251 
 551 G E   0.001 0.408 0.000 0.018 0.001 0.002 0.286 0.283 
 552 E E   0.005 0.378 0.002 0.027 0.006 0.006 0.280 0.296 
