#TopoPred_TM8: 8-state transmembrane topology prediction results by no_profile mode 
#probabilities are in the order of H E C I L F X _, the 8 transmembrane topology types used in PDBTM 
   1 M X   0.006 0.000 0.002 0.036 0.007 0.006 0.905 0.039 
   2 G X   0.002 0.000 0.000 0.019 0.001 0.003 0.934 0.041 
   3 S X   0.001 0.000 0.000 0.010 0.000 0.002 0.944 0.043 
   4 A X   0.001 0.000 0.000 0.007 0.000 0.001 0.947 0.044 
   5 V X   0.001 0.000 0.000 0.005 0.000 0.002 0.947 0.045 
   6 M X   0.001 0.000 0.000 0.004 0.000 0.002 0.946 0.047 
   7 D X   0.001 0.000 0.000 0.003 0.000 0.002 0.945 0.049 
   8 T X   0.001 0.000 0.000 0.002 0.000 0.001 0.943 0.052 
   9 K X   0.001 0.000 0.000 0.002 0.000 0.001 0.941 0.055 
  10 K X   0.001 0.000 0.000 0.002 0.000 0.001 0.938 0.058 
  11 K X   0.001 0.000 0.000 0.002 0.000 0.001 0.934 0.062 
  12 K X   0.001 0.000 0.000 0.002 0.000 0.001 0.930 0.066 
  13 D X   0.001 0.001 0.000 0.002 0.000 0.001 0.925 0.070 
  14 V X   0.001 0.001 0.000 0.002 0.001 0.002 0.919 0.075 
  15 S X   0.001 0.001 0.000 0.003 0.001 0.002 0.913 0.080 
  16 S X   0.001 0.002 0.000 0.003 0.001 0.002 0.906 0.086 
  17 P X   0.001 0.002 0.000 0.004 0.001 0.002 0.898 0.092 
  18 G X   0.001 0.003 0.000 0.004 0.001 0.002 0.889 0.099 
  19 G X   0.001 0.004 0.000 0.005 0.001 0.003 0.880 0.106 
  20 S X   0.001 0.005 0.000 0.005 0.001 0.003 0.870 0.115 
  21 G X   0.001 0.006 0.000 0.005 0.001 0.003 0.860 0.124 
  22 G X   0.001 0.007 0.000 0.005 0.001 0.003 0.849 0.134 
  23 K X   0.001 0.008 0.000 0.005 0.001 0.003 0.837 0.144 
  24 K X   0.001 0.010 0.000 0.005 0.001 0.004 0.824 0.154 
  25 N X   0.001 0.014 0.000 0.006 0.002 0.004 0.810 0.163 
  26 A X   0.002 0.018 0.000 0.007 0.002 0.005 0.794 0.171 
  27 S X   0.002 0.026 0.000 0.009 0.003 0.007 0.776 0.177 
  28 Q X   0.002 0.038 0.001 0.012 0.004 0.008 0.756 0.181 
  29 K X   0.003 0.053 0.001 0.015 0.005 0.009 0.734 0.181 
  30 R X   0.003 0.070 0.001 0.018 0.006 0.010 0.713 0.180 
  31 R X   0.003 0.086 0.001 0.020 0.006 0.011 0.695 0.178 
  32 S X   0.003 0.100 0.001 0.022 0.006 0.011 0.679 0.178 
  33 L X   0.003 0.111 0.001 0.022 0.006 0.011 0.667 0.179 
  34 R X   0.003 0.118 0.001 0.021 0.006 0.011 0.657 0.182 
  35 V X   0.003 0.124 0.001 0.020 0.006 0.011 0.649 0.186 
  36 H X   0.004 0.128 0.001 0.019 0.006 0.011 0.641 0.191 
  37 I X   0.004 0.130 0.001 0.017 0.006 0.011 0.635 0.195 
  38 P X   0.004 0.132 0.001 0.017 0.006 0.011 0.630 0.199 
  39 D X   0.004 0.134 0.001 0.017 0.006 0.011 0.626 0.202 
  40 L X   0.005 0.135 0.001 0.017 0.006 0.011 0.622 0.204 
  41 S X   0.005 0.135 0.001 0.018 0.006 0.011 0.619 0.205 
  42 S X   0.005 0.135 0.001 0.019 0.006 0.010 0.616 0.207 
  43 F X   0.005 0.134 0.001 0.021 0.006 0.010 0.615 0.209 
  44 A X   0.005 0.131 0.001 0.021 0.006 0.009 0.614 0.213 
  45 M X   0.005 0.126 0.001 0.020 0.005 0.008 0.615 0.220 
  46 P X   0.005 0.118 0.001 0.019 0.005 0.008 0.616 0.229 
  47 L X   0.004 0.106 0.001 0.017 0.004 0.007 0.619 0.243 
  48 L X   0.004 0.090 0.001 0.015 0.004 0.006 0.622 0.259 
  49 D X   0.004 0.073 0.000 0.012 0.003 0.006 0.625 0.277 
  50 G X   0.004 0.055 0.000 0.009 0.003 0.005 0.629 0.294 
  51 D X   0.004 0.040 0.000 0.007 0.002 0.005 0.632 0.309 
  52 L X   0.003 0.029 0.000 0.006 0.002 0.004 0.635 0.321 
  53 E X   0.003 0.022 0.000 0.004 0.001 0.004 0.636 0.329 
  54 G X   0.003 0.017 0.000 0.004 0.001 0.003 0.637 0.335 
  55 S X   0.002 0.015 0.000 0.003 0.001 0.003 0.636 0.339 
  56 G X   0.002 0.013 0.000 0.003 0.001 0.003 0.635 0.342 
  57 K X   0.002 0.012 0.000 0.004 0.001 0.003 0.632 0.345 
  58 H X   0.002 0.012 0.000 0.004 0.001 0.004 0.629 0.348 
  59 S X   0.002 0.012 0.000 0.005 0.001 0.004 0.625 0.350 
  60 S X   0.002 0.013 0.000 0.006 0.002 0.004 0.621 0.352 
  61 R X   0.002 0.013 0.000 0.008 0.002 0.004 0.616 0.354 
  62 K X   0.002 0.014 0.000 0.009 0.002 0.005 0.612 0.357 
  63 V X   0.002 0.014 0.000 0.009 0.002 0.005 0.608 0.360 
  64 D X   0.002 0.014 0.000 0.009 0.002 0.005 0.604 0.363 
  65 S X   0.002 0.015 0.000 0.009 0.002 0.005 0.600 0.368 
  66 P X   0.002 0.014 0.000 0.008 0.002 0.004 0.596 0.373 
  67 F X   0.002 0.014 0.000 0.007 0.002 0.004 0.592 0.377 
  68 G X   0.002 0.014 0.000 0.007 0.002 0.004 0.589 0.382 
  69 P X   0.002 0.014 0.000 0.007 0.002 0.004 0.586 0.385 
  70 G X   0.002 0.014 0.000 0.007 0.002 0.005 0.582 0.389 
  71 S X   0.002 0.015 0.000 0.007 0.002 0.005 0.578 0.391 
  72 P X   0.003 0.016 0.000 0.008 0.002 0.005 0.573 0.392 
  73 S X   0.003 0.017 0.000 0.010 0.002 0.006 0.569 0.392 
  74 K X   0.003 0.019 0.000 0.013 0.003 0.006 0.565 0.391 
  75 G X   0.003 0.020 0.000 0.015 0.003 0.007 0.561 0.391 
  76 F X   0.004 0.021 0.000 0.017 0.003 0.007 0.557 0.391 
  77 F X   0.004 0.021 0.000 0.017 0.003 0.007 0.555 0.393 
  78 S X   0.003 0.020 0.000 0.017 0.003 0.007 0.553 0.397 
  79 R X   0.003 0.019 0.000 0.015 0.003 0.006 0.551 0.403 
  80 G X   0.003 0.016 0.000 0.012 0.002 0.005 0.550 0.410 
  81 P X   0.003 0.014 0.000 0.010 0.002 0.005 0.549 0.418 
  82 Q X   0.003 0.011 0.000 0.007 0.002 0.004 0.548 0.426 
  83 P X   0.003 0.009 0.000 0.005 0.001 0.003 0.546 0.433 
  84 R X   0.002 0.008 0.000 0.004 0.001 0.003 0.544 0.438 
  85 P X   0.002 0.007 0.000 0.003 0.001 0.003 0.541 0.443 
  86 S X   0.002 0.007 0.000 0.003 0.001 0.003 0.537 0.446 
  87 S X   0.002 0.007 0.000 0.004 0.001 0.004 0.532 0.449 
  88 P X   0.002 0.008 0.000 0.006 0.001 0.004 0.526 0.452 
  89 M X   0.003 0.009 0.000 0.007 0.002 0.005 0.520 0.454 
  90 S X   0.003 0.011 0.000 0.010 0.002 0.006 0.512 0.456 
  91 A X   0.003 0.013 0.000 0.012 0.003 0.006 0.505 0.458 
  92 P X   0.003 0.015 0.000 0.013 0.003 0.006 0.497 0.462 
  93 V X   0.003 0.017 0.000 0.013 0.003 0.006 0.489 0.468 
  94 R X   0.003 0.018 0.000 0.012 0.003 0.006 0.482 0.475 
  95 P _   0.003 0.019 0.000 0.011 0.002 0.006 0.475 0.483 
  96 K _   0.003 0.020 0.000 0.009 0.002 0.006 0.469 0.492 
  97 T _   0.003 0.020 0.000 0.008 0.002 0.006 0.462 0.499 
  98 S _   0.003 0.021 0.000 0.007 0.002 0.006 0.455 0.505 
  99 P _   0.003 0.023 0.000 0.007 0.002 0.007 0.448 0.510 
 100 G _   0.004 0.027 0.000 0.008 0.003 0.008 0.440 0.511 
 101 S _   0.004 0.032 0.000 0.011 0.003 0.009 0.432 0.509 
 102 P _   0.005 0.041 0.001 0.015 0.005 0.011 0.422 0.501 
 103 K _   0.006 0.052 0.001 0.022 0.006 0.012 0.412 0.490 
 104 T _   0.006 0.064 0.001 0.029 0.007 0.013 0.402 0.478 
 105 V _   0.006 0.074 0.001 0.035 0.008 0.014 0.394 0.469 
 106 F _   0.007 0.080 0.001 0.039 0.009 0.014 0.387 0.464 
 107 P _   0.007 0.082 0.001 0.040 0.008 0.013 0.383 0.466 
 108 F _   0.006 0.082 0.001 0.037 0.008 0.012 0.379 0.475 
 109 S _   0.006 0.078 0.001 0.032 0.006 0.011 0.377 0.489 
 110 Y _   0.006 0.071 0.001 0.024 0.005 0.009 0.376 0.508 
 111 Q _   0.005 0.063 0.000 0.017 0.004 0.008 0.374 0.529 
 112 E _   0.005 0.054 0.000 0.011 0.003 0.007 0.373 0.548 
 113 S _   0.004 0.047 0.000 0.006 0.002 0.006 0.371 0.564 
 114 P _   0.004 0.043 0.000 0.004 0.001 0.006 0.368 0.574 
 115 P _   0.004 0.043 0.000 0.003 0.001 0.006 0.364 0.579 
 116 R _   0.004 0.045 0.000 0.004 0.002 0.007 0.358 0.580 
 117 S _   0.005 0.052 0.000 0.007 0.003 0.010 0.350 0.572 
 118 P _   0.007 0.073 0.001 0.012 0.006 0.013 0.339 0.549 
 119 R _   0.008 0.117 0.001 0.022 0.010 0.017 0.322 0.502 
 120 R _   0.009 0.187 0.002 0.035 0.013 0.019 0.301 0.433 
 121 M _   0.008 0.263 0.002 0.048 0.015 0.019 0.282 0.363 
 122 S E   0.007 0.321 0.002 0.058 0.015 0.019 0.268 0.310 
 123 F E   0.006 0.356 0.001 0.065 0.014 0.017 0.259 0.281 
 124 S E   0.006 0.373 0.001 0.068 0.013 0.016 0.254 0.269 
 125 G E   0.005 0.379 0.001 0.068 0.012 0.015 0.251 0.269 
 126 I E   0.005 0.378 0.001 0.064 0.011 0.014 0.250 0.278 
 127 F E   0.005 0.367 0.001 0.058 0.010 0.013 0.250 0.296 
 128 R E   0.005 0.346 0.001 0.049 0.009 0.011 0.253 0.326 
 129 S _   0.006 0.309 0.001 0.040 0.008 0.011 0.257 0.369 
 130 S _   0.006 0.259 0.001 0.030 0.007 0.010 0.263 0.424 
 131 S _   0.006 0.206 0.001 0.022 0.005 0.009 0.270 0.480 
 132 K _   0.006 0.164 0.001 0.015 0.004 0.008 0.276 0.527 
 133 E _   0.005 0.134 0.000 0.010 0.003 0.007 0.280 0.561 
 134 S _   0.004 0.116 0.000 0.007 0.002 0.006 0.282 0.583 
 135 S _   0.004 0.107 0.000 0.005 0.001 0.005 0.282 0.595 
 136 P _   0.003 0.104 0.000 0.004 0.001 0.005 0.282 0.601 
 137 N _   0.003 0.103 0.000 0.004 0.001 0.005 0.279 0.603 
 138 S _   0.003 0.107 0.000 0.005 0.002 0.006 0.276 0.601 
 139 N _   0.004 0.115 0.000 0.008 0.002 0.008 0.271 0.592 
 140 P _   0.005 0.133 0.001 0.012 0.004 0.010 0.263 0.573 
 141 A _   0.005 0.162 0.001 0.018 0.006 0.013 0.254 0.541 
 142 T _   0.006 0.206 0.001 0.026 0.008 0.015 0.242 0.497 
 143 S _   0.006 0.257 0.001 0.035 0.010 0.016 0.231 0.446 
 144 P _   0.005 0.305 0.001 0.043 0.011 0.016 0.220 0.397 
 145 G _   0.005 0.342 0.001 0.049 0.011 0.016 0.212 0.362 
 146 G E   0.005 0.365 0.001 0.054 0.012 0.016 0.207 0.340 
 147 I E   0.005 0.377 0.001 0.056 0.011 0.016 0.204 0.329 
 148 R E   0.005 0.382 0.001 0.056 0.011 0.015 0.203 0.327 
 149 F E   0.005 0.379 0.001 0.054 0.011 0.015 0.203 0.333 
 150 F E   0.005 0.369 0.001 0.050 0.010 0.014 0.204 0.347 
 151 S _   0.006 0.351 0.001 0.045 0.010 0.013 0.207 0.368 
 152 R _   0.006 0.321 0.001 0.039 0.009 0.013 0.211 0.400 
 153 S _   0.006 0.281 0.001 0.033 0.009 0.012 0.217 0.441 
 154 R _   0.007 0.236 0.001 0.027 0.008 0.012 0.224 0.485 
 155 K _   0.007 0.193 0.001 0.022 0.007 0.011 0.232 0.527 
 156 T _   0.007 0.155 0.001 0.018 0.005 0.010 0.239 0.564 
 157 S _   0.007 0.124 0.001 0.014 0.004 0.010 0.246 0.594 
 158 G _   0.006 0.101 0.001 0.012 0.004 0.009 0.251 0.617 
 159 L _   0.006 0.084 0.000 0.010 0.003 0.008 0.255 0.634 
 160 S _   0.006 0.072 0.000 0.008 0.003 0.008 0.259 0.645 
 161 S _   0.005 0.063 0.000 0.007 0.002 0.007 0.261 0.653 
 162 S _   0.005 0.058 0.000 0.006 0.002 0.007 0.263 0.658 
 163 P _   0.005 0.054 0.000 0.006 0.002 0.007 0.264 0.660 
 164 S _   0.005 0.053 0.000 0.007 0.002 0.008 0.265 0.660 
 165 T _   0.005 0.052 0.000 0.008 0.003 0.009 0.266 0.657 
 166 P _   0.006 0.053 0.000 0.010 0.003 0.009 0.267 0.652 
 167 T _   0.006 0.055 0.000 0.012 0.004 0.010 0.267 0.645 
 168 Q _   0.007 0.057 0.001 0.015 0.005 0.011 0.267 0.638 
 169 V _   0.007 0.059 0.001 0.019 0.005 0.012 0.268 0.630 
 170 T _   0.007 0.060 0.001 0.021 0.006 0.012 0.269 0.623 
 171 K _   0.007 0.060 0.001 0.023 0.006 0.012 0.271 0.619 
 172 Q _   0.007 0.059 0.001 0.024 0.006 0.012 0.274 0.617 
 173 H _   0.007 0.056 0.001 0.023 0.006 0.011 0.277 0.619 
 174 T _   0.007 0.051 0.001 0.021 0.005 0.010 0.281 0.624 
 175 F _   0.007 0.045 0.001 0.018 0.005 0.009 0.286 0.631 
 176 P _   0.006 0.038 0.000 0.014 0.004 0.008 0.290 0.639 
 177 L _   0.006 0.031 0.000 0.011 0.003 0.007 0.295 0.648 
 178 E _   0.005 0.024 0.000 0.008 0.002 0.006 0.298 0.655 
 179 S _   0.005 0.019 0.000 0.006 0.002 0.006 0.301 0.661 
 180 Y _   0.004 0.017 0.000 0.005 0.002 0.005 0.303 0.664 
 181 K _   0.004 0.015 0.000 0.004 0.001 0.005 0.305 0.665 
 182 H _   0.004 0.015 0.000 0.005 0.002 0.005 0.305 0.664 
 183 E _   0.004 0.015 0.000 0.006 0.002 0.006 0.305 0.662 
 184 P _   0.004 0.017 0.000 0.008 0.002 0.007 0.305 0.657 
 185 E _   0.005 0.019 0.000 0.011 0.003 0.008 0.304 0.650 
 186 R _   0.005 0.022 0.000 0.015 0.004 0.009 0.303 0.642 
 187 L _   0.005 0.026 0.001 0.020 0.005 0.009 0.302 0.633 
 188 E _   0.005 0.028 0.001 0.023 0.005 0.010 0.302 0.626 
 189 N _   0.005 0.029 0.001 0.025 0.005 0.010 0.302 0.622 
 190 R _   0.005 0.029 0.001 0.025 0.005 0.009 0.303 0.622 
 191 I _   0.005 0.028 0.001 0.023 0.005 0.009 0.305 0.626 
 192 Y _   0.005 0.025 0.000 0.019 0.004 0.008 0.307 0.632 
 193 A _   0.005 0.021 0.000 0.015 0.003 0.007 0.309 0.640 
 194 S _   0.005 0.017 0.000 0.011 0.003 0.006 0.312 0.647 
 195 S _   0.004 0.013 0.000 0.007 0.002 0.005 0.313 0.654 
 196 S _   0.004 0.010 0.000 0.006 0.002 0.005 0.315 0.658 
 197 P _   0.004 0.009 0.000 0.005 0.001 0.005 0.316 0.660 
 198 P _   0.004 0.008 0.000 0.005 0.002 0.005 0.316 0.660 
 199 D _   0.004 0.008 0.000 0.006 0.002 0.006 0.316 0.658 
 200 T _   0.005 0.009 0.000 0.008 0.002 0.007 0.315 0.655 
 201 G _   0.005 0.011 0.000 0.010 0.003 0.008 0.313 0.650 
 202 Q _   0.005 0.012 0.000 0.014 0.003 0.008 0.312 0.645 
 203 R _   0.005 0.014 0.000 0.017 0.004 0.009 0.311 0.640 
 204 F _   0.005 0.015 0.000 0.019 0.004 0.009 0.309 0.638 
 205 C _   0.005 0.015 0.001 0.020 0.004 0.009 0.309 0.638 
 206 P _   0.005 0.015 0.001 0.019 0.004 0.009 0.308 0.639 
 207 S _   0.005 0.014 0.000 0.017 0.004 0.008 0.309 0.643 
 208 S _   0.005 0.013 0.000 0.015 0.004 0.008 0.309 0.647 
 209 F _   0.005 0.011 0.000 0.012 0.003 0.007 0.310 0.652 
 210 Q _   0.005 0.009 0.000 0.010 0.003 0.007 0.310 0.656 
 211 S _   0.005 0.008 0.000 0.009 0.002 0.006 0.311 0.659 
 212 P _   0.005 0.006 0.000 0.008 0.002 0.006 0.311 0.661 
 213 T _   0.004 0.005 0.000 0.007 0.002 0.006 0.311 0.663 
 214 R _   0.004 0.005 0.000 0.007 0.002 0.006 0.311 0.665 
 215 P _   0.004 0.004 0.000 0.007 0.002 0.006 0.310 0.666 
 216 P _   0.004 0.004 0.000 0.007 0.002 0.006 0.309 0.668 
 217 L _   0.004 0.003 0.000 0.006 0.002 0.006 0.307 0.670 
 218 A _   0.004 0.003 0.000 0.006 0.002 0.006 0.305 0.673 
 219 S _   0.004 0.003 0.000 0.005 0.002 0.006 0.302 0.677 
 220 P _   0.004 0.003 0.000 0.004 0.002 0.007 0.299 0.681 
 221 T _   0.005 0.003 0.000 0.004 0.002 0.008 0.294 0.684 
 222 H _   0.005 0.004 0.000 0.004 0.002 0.010 0.289 0.686 
 223 Y _   0.007 0.006 0.000 0.004 0.003 0.013 0.282 0.683 
 224 A _   0.011 0.011 0.001 0.006 0.005 0.018 0.274 0.673 
 225 P _   0.016 0.025 0.001 0.010 0.010 0.026 0.263 0.650 
 226 S _   0.022 0.056 0.002 0.018 0.018 0.034 0.249 0.603 
 227 K _   0.026 0.115 0.003 0.029 0.027 0.040 0.231 0.529 
 228 A _   0.028 0.195 0.003 0.043 0.034 0.043 0.213 0.441 
 229 A _   0.028 0.267 0.003 0.055 0.036 0.043 0.199 0.369 
 230 A _   0.028 0.313 0.002 0.064 0.035 0.042 0.189 0.327 
 231 L E   0.027 0.337 0.002 0.069 0.033 0.039 0.183 0.310 
 232 A E   0.026 0.347 0.002 0.069 0.030 0.037 0.179 0.311 
 233 A E   0.025 0.347 0.002 0.065 0.028 0.034 0.177 0.324 
 234 A _   0.024 0.338 0.002 0.057 0.025 0.030 0.175 0.349 
 235 L _   0.023 0.317 0.002 0.048 0.021 0.028 0.175 0.386 
 236 G _   0.022 0.285 0.002 0.038 0.018 0.025 0.176 0.435 
 237 P _   0.021 0.244 0.002 0.030 0.014 0.023 0.178 0.488 
 238 A _   0.020 0.204 0.001 0.024 0.011 0.021 0.180 0.538 
 239 E _   0.019 0.169 0.001 0.020 0.009 0.019 0.183 0.580 
 240 A _   0.018 0.141 0.001 0.017 0.007 0.017 0.185 0.614 
 241 G _   0.016 0.119 0.001 0.016 0.006 0.015 0.187 0.639 
 242 M _   0.014 0.102 0.001 0.015 0.005 0.014 0.189 0.660 
 243 L _   0.013 0.087 0.001 0.014 0.005 0.013 0.190 0.678 
 244 E _   0.011 0.074 0.001 0.013 0.004 0.011 0.191 0.694 
 245 K _   0.010 0.062 0.000 0.012 0.004 0.010 0.192 0.709 
 246 L _   0.009 0.052 0.000 0.011 0.003 0.009 0.193 0.723 
 247 E _   0.008 0.043 0.000 0.009 0.003 0.008 0.193 0.737 
 248 F _   0.007 0.035 0.000 0.008 0.002 0.007 0.193 0.748 
 249 E _   0.006 0.030 0.000 0.006 0.002 0.006 0.192 0.758 
 250 D _   0.005 0.026 0.000 0.005 0.002 0.006 0.190 0.766 
 251 E _   0.005 0.025 0.000 0.004 0.001 0.006 0.188 0.771 
 252 A _   0.004 0.024 0.000 0.004 0.001 0.006 0.185 0.775 
 253 V _   0.004 0.025 0.000 0.004 0.002 0.007 0.181 0.777 
 254 E _   0.005 0.028 0.000 0.006 0.002 0.008 0.175 0.775 
 255 D _   0.006 0.036 0.000 0.009 0.003 0.011 0.169 0.766 
 256 S _   0.007 0.051 0.001 0.015 0.005 0.014 0.160 0.747 
 257 E _   0.008 0.076 0.001 0.024 0.009 0.018 0.150 0.714 
 258 S _   0.009 0.110 0.001 0.037 0.012 0.021 0.138 0.671 
 259 G _   0.010 0.145 0.002 0.051 0.015 0.024 0.126 0.627 
 260 V _   0.011 0.172 0.002 0.063 0.017 0.025 0.117 0.594 
 261 Y _   0.011 0.187 0.001 0.072 0.019 0.026 0.109 0.576 
 262 M _   0.011 0.193 0.001 0.075 0.019 0.025 0.104 0.571 
 263 R _   0.011 0.193 0.001 0.073 0.018 0.024 0.100 0.579 
 264 F _   0.011 0.186 0.001 0.066 0.017 0.023 0.097 0.599 
 265 M _   0.011 0.169 0.001 0.055 0.015 0.021 0.095 0.632 
 266 R _   0.011 0.143 0.001 0.043 0.013 0.019 0.094 0.675 
 267 S _   0.011 0.107 0.001 0.031 0.011 0.017 0.094 0.729 
 268 H _   0.011 0.070 0.001 0.021 0.008 0.016 0.093 0.780 
 269 K _   0.010 0.041 0.001 0.014 0.006 0.015 0.093 0.821 
 270 C _   0.010 0.022 0.001 0.009 0.004 0.014 0.092 0.848 
 271 Y _   0.010 0.013 0.000 0.006 0.003 0.013 0.091 0.863 
 272 D _   0.010 0.008 0.000 0.005 0.003 0.014 0.089 0.871 
 273 I _   0.011 0.006 0.000 0.005 0.003 0.015 0.087 0.874 
 274 V _   0.013 0.005 0.000 0.005 0.004 0.016 0.085 0.872 
 275 P _   0.015 0.004 0.001 0.006 0.005 0.019 0.082 0.868 
 276 T _   0.018 0.005 0.001 0.008 0.007 0.022 0.079 0.861 
 277 S _   0.022 0.005 0.001 0.011 0.009 0.026 0.075 0.851 
 278 S _   0.026 0.006 0.001 0.013 0.012 0.030 0.072 0.840 
 279 K _   0.032 0.007 0.001 0.017 0.014 0.034 0.069 0.827 
 280 L _   0.037 0.008 0.001 0.019 0.017 0.037 0.066 0.815 
 281 V _   0.044 0.008 0.001 0.021 0.018 0.039 0.063 0.806 
 282 V _   0.050 0.008 0.001 0.021 0.019 0.041 0.060 0.799 
 283 F _   0.058 0.007 0.001 0.020 0.019 0.041 0.058 0.796 
 284 D _   0.066 0.006 0.001 0.016 0.018 0.042 0.055 0.796 
 285 T _   0.076 0.004 0.001 0.012 0.016 0.041 0.053 0.796 
 286 T _   0.088 0.002 0.001 0.009 0.014 0.041 0.051 0.794 
 287 L _   0.101 0.001 0.001 0.006 0.013 0.041 0.049 0.787 
 288 Q _   0.118 0.000 0.001 0.004 0.012 0.042 0.047 0.775 
 289 V _   0.138 0.000 0.001 0.003 0.013 0.044 0.045 0.756 
 290 K _   0.162 0.000 0.001 0.003 0.015 0.046 0.043 0.731 
 291 K _   0.188 0.000 0.001 0.003 0.018 0.048 0.041 0.700 
 292 A _   0.215 0.001 0.001 0.004 0.022 0.051 0.040 0.666 
 293 F _   0.238 0.001 0.002 0.006 0.028 0.053 0.039 0.633 
 294 F _   0.258 0.003 0.002 0.009 0.034 0.055 0.038 0.602 
 295 A _   0.269 0.005 0.002 0.012 0.038 0.055 0.038 0.580 
 296 L _   0.274 0.008 0.002 0.016 0.040 0.054 0.038 0.568 
 297 V _   0.270 0.010 0.002 0.019 0.040 0.052 0.038 0.569 
 298 A _   0.258 0.011 0.002 0.021 0.039 0.049 0.039 0.581 
 299 N _   0.240 0.011 0.002 0.023 0.035 0.045 0.039 0.604 
 300 G _   0.217 0.011 0.002 0.022 0.030 0.041 0.041 0.637 
 301 V _   0.189 0.010 0.002 0.020 0.024 0.035 0.042 0.679 
 302 R _   0.160 0.007 0.001 0.017 0.018 0.030 0.043 0.724 
 303 A _   0.128 0.005 0.001 0.013 0.012 0.025 0.045 0.771 
 304 A _   0.100 0.003 0.001 0.009 0.008 0.020 0.046 0.814 
 305 P _   0.075 0.001 0.001 0.006 0.005 0.016 0.046 0.849 
 306 L _   0.058 0.001 0.000 0.004 0.003 0.013 0.046 0.875 
 307 W _   0.048 0.000 0.000 0.002 0.002 0.011 0.046 0.890 
 308 E _   0.044 0.000 0.000 0.002 0.002 0.011 0.045 0.897 
 309 S _   0.047 0.000 0.000 0.001 0.002 0.011 0.044 0.895 
 310 K _   0.058 0.000 0.000 0.001 0.003 0.014 0.042 0.882 
 311 K _   0.080 0.000 0.000 0.002 0.004 0.018 0.040 0.856 
 312 Q _   0.116 0.000 0.001 0.002 0.006 0.024 0.038 0.813 
 313 S _   0.167 0.000 0.001 0.003 0.011 0.031 0.035 0.751 
 314 F _   0.228 0.000 0.001 0.004 0.019 0.040 0.033 0.676 
 315 V _   0.289 0.001 0.002 0.005 0.028 0.047 0.030 0.598 
 316 G _   0.345 0.001 0.002 0.007 0.039 0.054 0.028 0.524 
 317 M _   0.391 0.002 0.002 0.009 0.048 0.058 0.026 0.463 
 318 L H   0.425 0.003 0.002 0.010 0.056 0.060 0.025 0.418 
 319 T H   0.449 0.003 0.003 0.011 0.061 0.061 0.025 0.388 
 320 I H   0.460 0.004 0.003 0.011 0.063 0.059 0.025 0.375 
 321 T H   0.459 0.005 0.003 0.012 0.062 0.057 0.025 0.377 
 322 D H   0.446 0.005 0.003 0.013 0.059 0.054 0.026 0.394 
 323 F _   0.422 0.005 0.003 0.014 0.053 0.050 0.028 0.426 
 324 I _   0.387 0.004 0.003 0.014 0.046 0.046 0.030 0.471 
 325 N _   0.343 0.004 0.002 0.013 0.037 0.041 0.032 0.527 
 326 I _   0.290 0.003 0.002 0.012 0.028 0.036 0.035 0.593 
 327 L _   0.234 0.002 0.002 0.011 0.020 0.031 0.038 0.663 
 328 H _   0.179 0.002 0.001 0.009 0.014 0.026 0.040 0.729 
 329 R _   0.130 0.001 0.001 0.007 0.010 0.021 0.042 0.788 
 330 Y _   0.091 0.001 0.001 0.005 0.007 0.018 0.044 0.834 
 331 Y _   0.062 0.001 0.001 0.005 0.005 0.016 0.045 0.867 
 332 K _   0.042 0.001 0.000 0.004 0.004 0.014 0.046 0.889 
 333 S _   0.030 0.001 0.000 0.005 0.004 0.013 0.046 0.900 
 334 P _   0.023 0.002 0.000 0.006 0.004 0.013 0.047 0.905 
 335 M _   0.019 0.004 0.001 0.007 0.004 0.013 0.047 0.905 
 336 V _   0.016 0.007 0.001 0.010 0.005 0.013 0.047 0.902 
 337 Q _   0.015 0.010 0.001 0.012 0.006 0.014 0.047 0.896 
 338 I _   0.013 0.014 0.001 0.014 0.006 0.014 0.047 0.892 
 339 Y _   0.012 0.017 0.001 0.015 0.006 0.014 0.047 0.888 
 340 E _   0.011 0.020 0.001 0.015 0.006 0.014 0.047 0.887 
 341 L _   0.011 0.022 0.001 0.014 0.006 0.014 0.047 0.886 
 342 E _   0.011 0.024 0.001 0.012 0.006 0.015 0.047 0.886 
 343 E _   0.011 0.025 0.001 0.011 0.005 0.015 0.047 0.885 
 344 H _   0.011 0.028 0.001 0.010 0.005 0.016 0.047 0.883 
 345 K _   0.012 0.031 0.001 0.011 0.006 0.017 0.046 0.877 
 346 I _   0.013 0.036 0.001 0.012 0.007 0.018 0.046 0.867 
 347 E _   0.015 0.042 0.001 0.014 0.008 0.020 0.046 0.853 
 348 T _   0.016 0.051 0.001 0.018 0.010 0.022 0.046 0.837 
 349 W _   0.017 0.060 0.001 0.022 0.012 0.023 0.046 0.818 
 350 R _   0.018 0.069 0.001 0.027 0.013 0.024 0.046 0.801 
 351 E _   0.018 0.076 0.001 0.032 0.015 0.025 0.046 0.787 
 352 L _   0.018 0.081 0.001 0.035 0.015 0.025 0.046 0.778 
 353 Y _   0.018 0.083 0.001 0.037 0.015 0.024 0.047 0.774 
 354 L _   0.018 0.083 0.001 0.038 0.015 0.023 0.047 0.776 
 355 Q _   0.017 0.080 0.001 0.036 0.014 0.021 0.049 0.782 
 356 E _   0.016 0.074 0.001 0.033 0.012 0.020 0.050 0.794 
 357 T _   0.015 0.066 0.001 0.029 0.010 0.018 0.052 0.810 
 358 F _   0.014 0.055 0.001 0.024 0.008 0.016 0.054 0.829 
 359 K _   0.012 0.042 0.001 0.018 0.007 0.014 0.056 0.850 
 360 P _   0.011 0.029 0.001 0.013 0.005 0.012 0.058 0.871 
 361 L _   0.010 0.018 0.001 0.009 0.004 0.011 0.059 0.888 
 362 V _   0.009 0.011 0.000 0.006 0.003 0.010 0.060 0.900 
 363 N _   0.009 0.007 0.000 0.004 0.002 0.010 0.061 0.907 
 364 I _   0.009 0.005 0.000 0.003 0.002 0.011 0.061 0.909 
 365 S _   0.011 0.004 0.000 0.003 0.002 0.013 0.061 0.906 
 366 P _   0.014 0.005 0.000 0.003 0.003 0.017 0.060 0.898 
 367 D _   0.020 0.007 0.001 0.005 0.005 0.022 0.059 0.882 
 368 A _   0.028 0.013 0.001 0.008 0.010 0.030 0.058 0.854 
 369 S _   0.037 0.026 0.001 0.013 0.016 0.038 0.056 0.812 
 370 L _   0.045 0.048 0.002 0.022 0.025 0.046 0.054 0.757 
 371 F _   0.052 0.077 0.002 0.032 0.033 0.052 0.052 0.700 
 372 D _   0.057 0.102 0.002 0.042 0.039 0.056 0.050 0.651 
 373 A _   0.060 0.120 0.002 0.050 0.042 0.057 0.049 0.619 
 374 V _   0.061 0.130 0.002 0.054 0.044 0.057 0.048 0.603 
 375 Y _   0.061 0.134 0.002 0.055 0.043 0.055 0.048 0.602 
 376 S _   0.059 0.132 0.002 0.052 0.040 0.052 0.049 0.614 
 377 L _   0.057 0.126 0.002 0.046 0.036 0.048 0.050 0.635 
 378 I _   0.053 0.114 0.002 0.040 0.031 0.044 0.051 0.664 
 379 K _   0.049 0.099 0.002 0.033 0.026 0.040 0.052 0.700 
 380 N _   0.043 0.080 0.002 0.027 0.021 0.035 0.054 0.738 
 381 K _   0.038 0.061 0.001 0.022 0.016 0.031 0.056 0.775 
 382 I _   0.032 0.044 0.001 0.018 0.012 0.027 0.058 0.807 
 383 H _   0.028 0.031 0.001 0.014 0.009 0.023 0.060 0.835 
 384 R _   0.023 0.020 0.001 0.011 0.007 0.019 0.062 0.857 
 385 L _   0.019 0.012 0.001 0.009 0.005 0.017 0.063 0.875 
 386 P _   0.017 0.007 0.001 0.007 0.004 0.015 0.063 0.887 
 387 V _   0.015 0.004 0.000 0.005 0.003 0.014 0.064 0.894 
 388 I _   0.014 0.002 0.000 0.004 0.003 0.014 0.064 0.898 
 389 D _   0.015 0.001 0.000 0.003 0.003 0.014 0.064 0.898 
 390 P _   0.018 0.001 0.000 0.003 0.003 0.016 0.064 0.894 
 391 I _   0.022 0.001 0.000 0.004 0.004 0.019 0.063 0.886 
 392 S _   0.029 0.001 0.001 0.005 0.006 0.024 0.062 0.873 
 393 G _   0.037 0.001 0.001 0.006 0.008 0.030 0.062 0.855 
 394 N _   0.048 0.002 0.001 0.008 0.011 0.036 0.061 0.833 
 395 A _   0.060 0.003 0.001 0.011 0.015 0.042 0.060 0.807 
 396 L _   0.073 0.004 0.001 0.013 0.019 0.048 0.059 0.782 
 397 Y _   0.085 0.006 0.001 0.013 0.022 0.053 0.058 0.760 
 398 I _   0.097 0.007 0.002 0.013 0.025 0.057 0.058 0.741 
 399 L _   0.108 0.007 0.002 0.012 0.028 0.061 0.057 0.725 
 400 T _   0.117 0.008 0.002 0.011 0.031 0.063 0.057 0.711 
 401 H _   0.126 0.009 0.002 0.011 0.033 0.065 0.057 0.697 
 402 K _   0.133 0.011 0.002 0.011 0.036 0.067 0.057 0.683 
 403 R _   0.139 0.014 0.002 0.013 0.039 0.067 0.058 0.669 
 404 I _   0.141 0.018 0.002 0.016 0.041 0.067 0.059 0.656 
 405 L _   0.139 0.023 0.002 0.021 0.042 0.064 0.060 0.647 
 406 K _   0.134 0.028 0.002 0.027 0.042 0.061 0.062 0.644 
 407 F _   0.125 0.032 0.002 0.032 0.039 0.056 0.065 0.649 
 408 L _   0.113 0.034 0.002 0.035 0.035 0.050 0.068 0.663 
 409 Q _   0.098 0.033 0.002 0.035 0.029 0.044 0.072 0.687 
 410 L _   0.082 0.031 0.002 0.032 0.023 0.037 0.075 0.718 
 411 F _   0.067 0.026 0.001 0.026 0.017 0.030 0.079 0.754 
 412 M _   0.052 0.020 0.001 0.020 0.012 0.024 0.083 0.789 
 413 S _   0.039 0.014 0.001 0.014 0.008 0.019 0.086 0.820 
 414 D _   0.029 0.009 0.001 0.010 0.005 0.015 0.088 0.844 
 415 M _   0.022 0.005 0.000 0.007 0.004 0.012 0.090 0.860 
 416 P _   0.016 0.003 0.000 0.005 0.003 0.009 0.092 0.871 
 417 K _   0.012 0.002 0.000 0.004 0.002 0.008 0.093 0.878 
 418 P _   0.010 0.001 0.000 0.004 0.002 0.007 0.093 0.882 
 419 A _   0.008 0.001 0.000 0.004 0.002 0.007 0.093 0.885 
 420 F _   0.007 0.001 0.000 0.004 0.002 0.006 0.093 0.886 
 421 M _   0.007 0.001 0.000 0.004 0.002 0.007 0.092 0.887 
 422 K _   0.006 0.002 0.000 0.005 0.002 0.007 0.091 0.887 
 423 Q _   0.006 0.002 0.000 0.005 0.002 0.008 0.089 0.886 
 424 N _   0.007 0.003 0.000 0.006 0.003 0.010 0.087 0.884 
 425 L _   0.008 0.005 0.000 0.007 0.004 0.011 0.085 0.880 
 426 D _   0.009 0.007 0.001 0.009 0.004 0.014 0.083 0.874 
 427 E _   0.010 0.010 0.001 0.012 0.006 0.016 0.080 0.866 
 428 L _   0.012 0.013 0.001 0.015 0.008 0.019 0.078 0.856 
 429 G _   0.014 0.017 0.001 0.018 0.010 0.022 0.075 0.844 
 430 I _   0.016 0.021 0.001 0.022 0.012 0.025 0.072 0.831 
 431 G _   0.018 0.025 0.001 0.026 0.015 0.027 0.069 0.819 
 432 T _   0.019 0.027 0.001 0.029 0.017 0.029 0.067 0.810 
 433 Y _   0.021 0.029 0.001 0.032 0.018 0.030 0.065 0.804 
 434 H _   0.023 0.029 0.001 0.032 0.019 0.030 0.064 0.802 
 435 N _   0.024 0.028 0.001 0.031 0.018 0.030 0.063 0.805 
 436 I _   0.025 0.025 0.001 0.028 0.017 0.029 0.062 0.813 
 437 A _   0.025 0.022 0.001 0.024 0.014 0.028 0.061 0.825 
 438 F _   0.025 0.017 0.001 0.019 0.012 0.026 0.061 0.839 
 439 I _   0.024 0.011 0.001 0.014 0.009 0.024 0.061 0.855 
 440 H _   0.024 0.007 0.001 0.009 0.007 0.023 0.060 0.868 
 441 P _   0.025 0.004 0.001 0.006 0.006 0.023 0.060 0.876 
 442 D _   0.026 0.002 0.001 0.004 0.005 0.023 0.059 0.880 
 443 T _   0.030 0.001 0.001 0.003 0.005 0.024 0.058 0.879 
 444 P _   0.035 0.001 0.001 0.003 0.006 0.026 0.057 0.873 
 445 I _   0.043 0.001 0.001 0.003 0.007 0.030 0.055 0.861 
 446 I _   0.053 0.001 0.001 0.004 0.010 0.035 0.054 0.843 
 447 K _   0.064 0.002 0.001 0.006 0.014 0.040 0.053 0.821 
 448 A _   0.076 0.004 0.001 0.009 0.019 0.046 0.051 0.794 
 449 L _   0.086 0.007 0.002 0.012 0.026 0.051 0.050 0.766 
 450 N _   0.095 0.011 0.002 0.017 0.032 0.055 0.049 0.741 
 451 I _   0.100 0.015 0.002 0.021 0.036 0.057 0.048 0.721 
 452 F _   0.102 0.019 0.002 0.025 0.039 0.057 0.047 0.709 
 453 V _   0.102 0.021 0.002 0.027 0.039 0.056 0.047 0.706 
 454 E _   0.098 0.023 0.002 0.028 0.038 0.054 0.047 0.711 
 455 R _   0.092 0.023 0.002 0.028 0.035 0.051 0.047 0.723 
 456 R _   0.084 0.022 0.002 0.026 0.031 0.046 0.047 0.742 
 457 I _   0.074 0.020 0.002 0.024 0.026 0.041 0.048 0.766 
 458 S _   0.064 0.017 0.001 0.021 0.021 0.036 0.049 0.791 
 459 A _   0.054 0.014 0.001 0.018 0.016 0.031 0.050 0.815 
 460 L _   0.045 0.012 0.001 0.015 0.012 0.026 0.051 0.839 
 461 P _   0.037 0.009 0.001 0.012 0.009 0.022 0.052 0.859 
 462 V _   0.030 0.007 0.001 0.010 0.007 0.019 0.052 0.876 
 463 V _   0.024 0.005 0.001 0.008 0.005 0.016 0.052 0.888 
 464 D _   0.020 0.004 0.001 0.007 0.004 0.014 0.053 0.898 
 465 E _   0.017 0.003 0.000 0.006 0.004 0.013 0.053 0.904 
 466 S _   0.015 0.003 0.000 0.005 0.004 0.012 0.052 0.908 
 467 G _   0.014 0.003 0.000 0.005 0.004 0.012 0.052 0.910 
 468 K _   0.013 0.003 0.000 0.006 0.004 0.012 0.052 0.911 
 469 V _   0.012 0.004 0.000 0.006 0.004 0.012 0.051 0.910 
 470 V _   0.012 0.005 0.000 0.007 0.004 0.012 0.050 0.908 
 471 D _   0.012 0.007 0.001 0.008 0.005 0.013 0.050 0.905 
 472 I _   0.012 0.010 0.001 0.009 0.005 0.014 0.049 0.900 
 473 Y _   0.012 0.014 0.001 0.011 0.006 0.015 0.047 0.894 
 474 S _   0.012 0.018 0.001 0.014 0.007 0.017 0.046 0.885 
 475 K _   0.012 0.024 0.001 0.017 0.009 0.018 0.045 0.875 
 476 F _   0.013 0.030 0.001 0.021 0.010 0.019 0.044 0.863 
 477 D _   0.013 0.036 0.001 0.026 0.011 0.020 0.042 0.851 
 478 V _   0.013 0.041 0.001 0.031 0.012 0.020 0.041 0.841 
 479 I _   0.014 0.044 0.001 0.034 0.013 0.020 0.041 0.833 
 480 N _   0.014 0.046 0.001 0.036 0.012 0.020 0.040 0.831 
 481 L _   0.014 0.046 0.001 0.034 0.012 0.019 0.040 0.835 
 482 A _   0.013 0.043 0.001 0.031 0.010 0.017 0.040 0.844 
 483 A _   0.013 0.037 0.001 0.025 0.009 0.016 0.040 0.860 
 484 E _   0.012 0.030 0.001 0.018 0.007 0.014 0.040 0.878 
 485 K _   0.011 0.023 0.001 0.012 0.005 0.013 0.041 0.895 
 486 T _   0.010 0.016 0.000 0.008 0.004 0.012 0.040 0.909 
 487 Y _   0.010 0.013 0.000 0.005 0.003 0.012 0.040 0.916 
 488 N _   0.011 0.012 0.000 0.004 0.003 0.013 0.040 0.917 
 489 N _   0.012 0.012 0.000 0.005 0.004 0.014 0.039 0.913 
 490 L _   0.014 0.014 0.001 0.007 0.005 0.017 0.039 0.904 
 491 D _   0.017 0.018 0.001 0.012 0.007 0.020 0.038 0.888 
 492 I _   0.018 0.024 0.001 0.019 0.010 0.022 0.037 0.869 
 493 T _   0.020 0.030 0.001 0.026 0.012 0.024 0.036 0.851 
 494 V _   0.020 0.034 0.001 0.032 0.014 0.025 0.035 0.839 
 495 T _   0.020 0.036 0.001 0.035 0.015 0.025 0.034 0.834 
 496 Q _   0.019 0.036 0.001 0.034 0.014 0.024 0.034 0.838 
 497 A _   0.018 0.034 0.001 0.031 0.013 0.023 0.033 0.848 
 498 L _   0.016 0.030 0.001 0.025 0.011 0.021 0.033 0.863 
 499 Q _   0.015 0.024 0.001 0.019 0.009 0.019 0.032 0.880 
 500 H _   0.015 0.018 0.001 0.014 0.008 0.018 0.032 0.895 
 501 R _   0.014 0.013 0.001 0.011 0.006 0.017 0.032 0.906 
 502 S _   0.014 0.009 0.001 0.009 0.006 0.016 0.032 0.913 
 503 Q _   0.014 0.007 0.001 0.008 0.005 0.016 0.031 0.917 
 504 Y _   0.015 0.005 0.001 0.008 0.005 0.016 0.031 0.919 
 505 F _   0.017 0.004 0.001 0.008 0.005 0.016 0.031 0.918 
 506 E _   0.019 0.003 0.001 0.008 0.005 0.017 0.030 0.917 
 507 G _   0.022 0.002 0.001 0.008 0.005 0.018 0.029 0.915 
 508 V _   0.027 0.002 0.001 0.007 0.006 0.019 0.028 0.911 
 509 V _   0.033 0.001 0.001 0.006 0.006 0.021 0.027 0.905 
 510 K _   0.042 0.001 0.001 0.005 0.006 0.023 0.026 0.896 
 511 C _   0.056 0.000 0.001 0.004 0.007 0.025 0.025 0.881 
 512 N _   0.073 0.000 0.001 0.004 0.009 0.029 0.024 0.860 
 513 K _   0.094 0.000 0.001 0.004 0.011 0.033 0.023 0.833 
 514 L _   0.119 0.000 0.001 0.005 0.014 0.037 0.021 0.801 
 515 E _   0.145 0.000 0.001 0.006 0.018 0.041 0.020 0.768 
 516 I _   0.172 0.000 0.001 0.007 0.021 0.045 0.019 0.734 
 517 L _   0.198 0.001 0.002 0.007 0.024 0.047 0.019 0.703 
 518 E _   0.220 0.001 0.002 0.008 0.026 0.048 0.018 0.677 
 519 T _   0.238 0.001 0.002 0.008 0.027 0.049 0.017 0.658 
 520 I _   0.253 0.001 0.002 0.007 0.028 0.049 0.017 0.643 
 521 V _   0.265 0.001 0.002 0.007 0.028 0.048 0.016 0.634 
 522 D _   0.272 0.001 0.002 0.007 0.027 0.047 0.016 0.629 
 523 R _   0.274 0.001 0.002 0.006 0.025 0.045 0.016 0.630 
 524 I _   0.273 0.001 0.002 0.006 0.024 0.043 0.016 0.635 
 525 V _   0.269 0.000 0.001 0.006 0.022 0.041 0.017 0.643 
 526 R _   0.260 0.000 0.001 0.006 0.020 0.039 0.017 0.656 
 527 A _   0.248 0.000 0.001 0.006 0.019 0.037 0.018 0.671 
 528 E _   0.237 0.000 0.001 0.007 0.017 0.035 0.018 0.685 
 529 V _   0.226 0.000 0.001 0.006 0.015 0.032 0.019 0.699 
 530 H _   0.218 0.000 0.001 0.006 0.013 0.030 0.019 0.712 
 531 R _   0.213 0.000 0.001 0.006 0.011 0.027 0.019 0.723 
 532 L _   0.210 0.000 0.001 0.005 0.010 0.025 0.020 0.730 
 533 V _   0.212 0.000 0.001 0.004 0.008 0.023 0.020 0.732 
 534 V _   0.220 0.000 0.001 0.003 0.007 0.021 0.020 0.727 
 535 V _   0.234 0.000 0.001 0.002 0.007 0.020 0.020 0.715 
 536 N _   0.258 0.000 0.001 0.002 0.007 0.020 0.020 0.693 
 537 E _   0.293 0.000 0.001 0.002 0.007 0.020 0.020 0.657 
 538 A _   0.339 0.000 0.001 0.001 0.008 0.022 0.020 0.608 
 539 D _   0.395 0.000 0.001 0.001 0.010 0.023 0.021 0.549 
 540 S _   0.454 0.000 0.001 0.001 0.012 0.024 0.021 0.486 
 541 I H   0.513 0.000 0.001 0.002 0.015 0.026 0.022 0.422 
 542 V H   0.567 0.000 0.001 0.002 0.018 0.027 0.023 0.362 
 543 G H   0.615 0.000 0.001 0.002 0.021 0.028 0.024 0.308 
 544 I H   0.653 0.000 0.001 0.002 0.024 0.029 0.027 0.264 
 545 I H   0.681 0.000 0.001 0.002 0.027 0.029 0.030 0.230 
 546 S H   0.698 0.000 0.002 0.002 0.030 0.030 0.034 0.205 
 547 L H   0.704 0.000 0.002 0.002 0.034 0.030 0.039 0.189 
 548 S H   0.701 0.000 0.002 0.002 0.037 0.031 0.047 0.180 
 549 D H   0.689 0.000 0.002 0.003 0.040 0.032 0.058 0.176 
 550 I H   0.667 0.000 0.002 0.004 0.044 0.033 0.073 0.177 
 551 L H   0.633 0.000 0.003 0.006 0.046 0.035 0.093 0.185 
 552 Q H   0.587 0.001 0.003 0.008 0.048 0.035 0.121 0.197 
 553 A H   0.530 0.001 0.003 0.012 0.047 0.036 0.158 0.213 
 554 L H   0.464 0.002 0.003 0.017 0.044 0.036 0.202 0.231 
 555 I H   0.390 0.002 0.003 0.021 0.040 0.034 0.255 0.253 
 556 L X   0.312 0.003 0.003 0.024 0.033 0.032 0.316 0.277 
 557 T X   0.239 0.002 0.003 0.025 0.026 0.029 0.379 0.298 
 558 P X   0.175 0.002 0.002 0.023 0.019 0.025 0.442 0.313 
 559 A X   0.122 0.002 0.002 0.019 0.013 0.020 0.501 0.322 
 560 G X   0.082 0.001 0.001 0.015 0.008 0.016 0.551 0.326 
 561 A X   0.052 0.001 0.001 0.011 0.005 0.012 0.592 0.326 
 562 K X   0.031 0.001 0.000 0.008 0.004 0.009 0.625 0.323 
 563 Q X   0.018 0.000 0.000 0.006 0.002 0.006 0.652 0.316 
 564 K X   0.009 0.000 0.000 0.004 0.001 0.003 0.673 0.309 
 565 E X   0.003 0.000 0.000 0.002 0.001 0.002 0.689 0.303 
 566 T X   0.001 0.000 0.000 0.001 0.000 0.000 0.698 0.299 
 567 E X   0.000 0.000 0.000 0.001 0.000 0.000 0.701 0.298 
 568 T X   0.000 0.000 0.000 0.002 0.000 0.000 0.699 0.299 
 569 E X   0.002 0.001 0.001 0.008 0.002 0.002 0.687 0.297 
