#TopoPred_TM8: 8-state transmembrane topology prediction results by no_profile mode 
#probabilities are in the order of H E C I L F X _, the 8 transmembrane topology types used in PDBTM 
   1 M X   0.015 0.001 0.002 0.060 0.010 0.010 0.681 0.220 
   2 A X   0.005 0.001 0.000 0.033 0.002 0.005 0.699 0.256 
   3 E X   0.001 0.000 0.000 0.014 0.001 0.002 0.702 0.280 
   4 K X   0.001 0.001 0.000 0.008 0.000 0.002 0.697 0.291 
   5 Q X   0.001 0.001 0.000 0.007 0.001 0.003 0.688 0.300 
   6 K X   0.002 0.002 0.000 0.007 0.001 0.005 0.675 0.309 
   7 H X   0.003 0.004 0.000 0.008 0.002 0.008 0.658 0.318 
   8 D X   0.004 0.009 0.000 0.011 0.003 0.011 0.634 0.327 
   9 G X   0.005 0.018 0.001 0.017 0.004 0.016 0.604 0.336 
  10 R X   0.006 0.032 0.001 0.024 0.007 0.020 0.566 0.343 
  11 V X   0.007 0.053 0.001 0.032 0.010 0.025 0.523 0.348 
  12 K X   0.008 0.075 0.002 0.040 0.013 0.030 0.480 0.352 
  13 I X   0.009 0.096 0.002 0.046 0.016 0.034 0.441 0.356 
  14 G X   0.011 0.112 0.002 0.050 0.019 0.037 0.407 0.362 
  15 H X   0.012 0.125 0.002 0.051 0.022 0.040 0.378 0.371 
  16 Y _   0.014 0.134 0.002 0.050 0.024 0.042 0.352 0.382 
  17 V _   0.017 0.140 0.002 0.048 0.025 0.044 0.331 0.393 
  18 L _   0.019 0.144 0.002 0.045 0.026 0.045 0.312 0.407 
  19 G _   0.022 0.146 0.002 0.042 0.026 0.045 0.296 0.422 
  20 D _   0.024 0.145 0.002 0.039 0.026 0.045 0.281 0.438 
  21 T _   0.026 0.143 0.002 0.036 0.025 0.044 0.269 0.456 
  22 L _   0.028 0.139 0.002 0.033 0.024 0.042 0.258 0.474 
  23 G _   0.028 0.134 0.002 0.031 0.022 0.040 0.248 0.494 
  24 V _   0.029 0.127 0.002 0.029 0.021 0.038 0.239 0.516 
  25 G _   0.028 0.119 0.001 0.027 0.019 0.035 0.232 0.539 
  26 T _   0.026 0.109 0.001 0.025 0.016 0.032 0.225 0.566 
  27 F _   0.024 0.097 0.001 0.022 0.014 0.029 0.218 0.593 
  28 G _   0.022 0.086 0.001 0.019 0.012 0.027 0.213 0.620 
  29 K _   0.020 0.074 0.001 0.017 0.010 0.024 0.207 0.646 
  30 V _   0.018 0.063 0.001 0.014 0.009 0.022 0.202 0.671 
  31 K _   0.016 0.054 0.001 0.012 0.007 0.020 0.196 0.694 
  32 I _   0.015 0.046 0.001 0.010 0.006 0.018 0.191 0.713 
  33 G _   0.014 0.041 0.001 0.009 0.005 0.017 0.185 0.728 
  34 E _   0.013 0.037 0.001 0.008 0.005 0.017 0.180 0.740 
  35 H _   0.013 0.035 0.001 0.007 0.005 0.016 0.174 0.749 
  36 Q _   0.013 0.035 0.001 0.008 0.005 0.017 0.168 0.755 
  37 L _   0.013 0.036 0.001 0.009 0.006 0.018 0.161 0.757 
  38 T _   0.013 0.038 0.001 0.011 0.007 0.019 0.155 0.757 
  39 G _   0.014 0.041 0.001 0.013 0.008 0.020 0.148 0.754 
  40 H _   0.015 0.045 0.001 0.017 0.010 0.021 0.142 0.749 
  41 K _   0.016 0.050 0.001 0.021 0.012 0.023 0.135 0.742 
  42 V _   0.017 0.055 0.001 0.025 0.013 0.023 0.129 0.737 
  43 A _   0.017 0.058 0.001 0.028 0.014 0.024 0.124 0.735 
  44 V _   0.018 0.059 0.001 0.029 0.014 0.023 0.119 0.737 
  45 K _   0.017 0.059 0.001 0.029 0.013 0.022 0.115 0.743 
  46 I _   0.017 0.056 0.001 0.027 0.012 0.021 0.111 0.754 
  47 L _   0.016 0.052 0.001 0.024 0.011 0.020 0.108 0.769 
  48 N _   0.015 0.046 0.001 0.020 0.009 0.018 0.105 0.786 
  49 R _   0.014 0.040 0.001 0.016 0.008 0.017 0.103 0.802 
  50 Q _   0.013 0.034 0.001 0.013 0.006 0.016 0.100 0.818 
  51 K _   0.012 0.029 0.001 0.010 0.006 0.015 0.098 0.830 
  52 I _   0.012 0.025 0.001 0.009 0.005 0.014 0.096 0.839 
  53 R _   0.012 0.023 0.001 0.009 0.005 0.014 0.093 0.844 
  54 S _   0.011 0.022 0.001 0.009 0.005 0.014 0.091 0.847 
  55 L _   0.012 0.022 0.001 0.010 0.005 0.014 0.088 0.848 
  56 D _   0.012 0.022 0.001 0.012 0.006 0.015 0.085 0.847 
  57 V _   0.013 0.022 0.001 0.013 0.007 0.016 0.083 0.846 
  58 V _   0.013 0.023 0.001 0.015 0.007 0.016 0.080 0.845 
  59 G _   0.013 0.023 0.001 0.016 0.008 0.016 0.078 0.844 
  60 K _   0.014 0.022 0.001 0.017 0.008 0.017 0.076 0.846 
  61 I _   0.014 0.021 0.001 0.017 0.008 0.017 0.074 0.849 
  62 K _   0.014 0.020 0.001 0.016 0.008 0.017 0.072 0.853 
  63 R _   0.014 0.018 0.001 0.015 0.007 0.017 0.070 0.859 
  64 E _   0.013 0.016 0.001 0.013 0.007 0.016 0.069 0.865 
  65 I _   0.013 0.014 0.001 0.012 0.007 0.016 0.067 0.870 
  66 Q _   0.013 0.012 0.001 0.011 0.006 0.016 0.066 0.874 
  67 N _   0.014 0.010 0.001 0.010 0.006 0.016 0.064 0.878 
  68 L _   0.014 0.009 0.001 0.010 0.006 0.017 0.063 0.880 
  69 K _   0.015 0.008 0.001 0.010 0.006 0.017 0.061 0.882 
  70 L _   0.016 0.007 0.001 0.009 0.006 0.018 0.060 0.883 
  71 F _   0.017 0.007 0.001 0.009 0.007 0.019 0.058 0.883 
  72 R _   0.018 0.006 0.001 0.010 0.007 0.020 0.057 0.882 
  73 H _   0.020 0.006 0.001 0.010 0.008 0.021 0.055 0.879 
  74 P _   0.022 0.006 0.001 0.011 0.009 0.023 0.054 0.875 
  75 H _   0.025 0.005 0.001 0.012 0.010 0.024 0.052 0.870 
  76 I _   0.029 0.005 0.001 0.013 0.011 0.026 0.051 0.865 
  77 I _   0.032 0.005 0.001 0.014 0.012 0.027 0.050 0.860 
  78 K _   0.036 0.005 0.001 0.014 0.012 0.028 0.049 0.857 
  79 L _   0.039 0.004 0.001 0.013 0.012 0.029 0.048 0.856 
  80 Y _   0.042 0.003 0.001 0.011 0.011 0.029 0.047 0.856 
  81 Q _   0.046 0.002 0.001 0.009 0.010 0.029 0.046 0.858 
  82 V _   0.050 0.001 0.001 0.007 0.009 0.030 0.045 0.858 
  83 I _   0.056 0.001 0.001 0.005 0.008 0.031 0.043 0.855 
  84 S _   0.065 0.000 0.001 0.004 0.008 0.033 0.042 0.848 
  85 T _   0.076 0.000 0.001 0.003 0.009 0.036 0.041 0.834 
  86 P _   0.090 0.000 0.001 0.003 0.012 0.040 0.040 0.813 
  87 T _   0.108 0.001 0.001 0.004 0.016 0.046 0.039 0.786 
  88 D _   0.126 0.001 0.001 0.006 0.022 0.051 0.037 0.755 
  89 F _   0.142 0.003 0.002 0.009 0.029 0.056 0.036 0.722 
  90 F _   0.155 0.006 0.002 0.013 0.036 0.060 0.035 0.692 
  91 M _   0.163 0.010 0.002 0.018 0.042 0.063 0.035 0.668 
  92 V _   0.167 0.013 0.002 0.022 0.045 0.063 0.035 0.654 
  93 M _   0.165 0.015 0.002 0.025 0.046 0.061 0.034 0.652 
  94 E _   0.157 0.016 0.002 0.025 0.044 0.058 0.035 0.663 
  95 Y _   0.145 0.016 0.002 0.024 0.040 0.054 0.035 0.684 
  96 V _   0.131 0.014 0.002 0.022 0.034 0.050 0.035 0.712 
  97 S _   0.115 0.013 0.002 0.019 0.028 0.045 0.036 0.743 
  98 G _   0.098 0.011 0.002 0.017 0.022 0.039 0.037 0.775 
  99 G _   0.082 0.009 0.001 0.014 0.017 0.034 0.038 0.805 
 100 E _   0.067 0.007 0.001 0.012 0.013 0.030 0.038 0.832 
 101 L _   0.053 0.006 0.001 0.010 0.010 0.026 0.039 0.856 
 102 F _   0.042 0.005 0.001 0.009 0.008 0.022 0.039 0.875 
 103 D _   0.033 0.004 0.001 0.007 0.006 0.019 0.040 0.890 
 104 Y _   0.026 0.004 0.001 0.007 0.005 0.017 0.040 0.902 
 105 I _   0.021 0.004 0.001 0.006 0.004 0.016 0.039 0.910 
 106 C _   0.017 0.004 0.000 0.006 0.004 0.015 0.039 0.914 
 107 K _   0.015 0.005 0.000 0.006 0.004 0.015 0.038 0.916 
 108 H _   0.014 0.006 0.001 0.007 0.004 0.016 0.038 0.914 
 109 G _   0.014 0.009 0.001 0.008 0.005 0.017 0.037 0.910 
 110 R _   0.014 0.012 0.001 0.010 0.006 0.018 0.036 0.904 
 111 V _   0.015 0.016 0.001 0.012 0.007 0.020 0.035 0.895 
 112 E _   0.015 0.020 0.001 0.013 0.008 0.022 0.034 0.887 
 113 E _   0.016 0.025 0.001 0.015 0.009 0.023 0.033 0.877 
 114 M _   0.018 0.030 0.001 0.016 0.010 0.025 0.032 0.867 
 115 E _   0.019 0.035 0.001 0.017 0.011 0.028 0.031 0.858 
 116 A _   0.021 0.039 0.001 0.018 0.013 0.030 0.030 0.848 
 117 R _   0.024 0.044 0.001 0.019 0.014 0.032 0.029 0.838 
 118 R _   0.026 0.048 0.001 0.020 0.016 0.034 0.028 0.826 
 119 L _   0.029 0.053 0.001 0.021 0.018 0.035 0.028 0.815 
 120 F _   0.032 0.057 0.001 0.023 0.019 0.036 0.027 0.805 
 121 Q _   0.033 0.060 0.001 0.025 0.020 0.037 0.027 0.798 
 122 Q _   0.035 0.062 0.001 0.025 0.020 0.037 0.027 0.793 
 123 I _   0.037 0.063 0.001 0.025 0.019 0.037 0.026 0.792 
 124 L _   0.038 0.062 0.001 0.023 0.018 0.036 0.026 0.795 
 125 S _   0.039 0.060 0.001 0.020 0.017 0.034 0.026 0.802 
 126 A _   0.039 0.058 0.001 0.018 0.016 0.033 0.026 0.809 
 127 V _   0.038 0.055 0.001 0.016 0.015 0.032 0.027 0.817 
 128 D _   0.038 0.053 0.001 0.014 0.014 0.031 0.027 0.822 
 129 Y _   0.037 0.052 0.001 0.014 0.013 0.030 0.027 0.826 
 130 C _   0.035 0.052 0.001 0.016 0.013 0.028 0.027 0.828 
 131 H _   0.034 0.052 0.001 0.017 0.013 0.027 0.028 0.828 
 132 R _   0.032 0.052 0.001 0.020 0.013 0.026 0.028 0.828 
 133 H _   0.030 0.052 0.001 0.022 0.012 0.024 0.029 0.831 
 134 M _   0.027 0.051 0.001 0.022 0.011 0.022 0.029 0.837 
 135 V _   0.024 0.048 0.001 0.021 0.010 0.019 0.030 0.847 
 136 V _   0.020 0.045 0.001 0.019 0.008 0.017 0.030 0.860 
 137 H _   0.017 0.040 0.001 0.015 0.007 0.015 0.031 0.874 
 138 R _   0.014 0.035 0.001 0.012 0.005 0.013 0.031 0.888 
 139 D _   0.012 0.031 0.001 0.009 0.004 0.011 0.032 0.900 
 140 L _   0.010 0.028 0.000 0.007 0.003 0.010 0.032 0.909 
 141 K _   0.009 0.026 0.000 0.006 0.003 0.009 0.032 0.914 
 142 P _   0.008 0.026 0.000 0.005 0.003 0.009 0.032 0.916 
 143 E _   0.008 0.027 0.000 0.006 0.003 0.010 0.032 0.914 
 144 N _   0.008 0.031 0.000 0.007 0.003 0.011 0.031 0.908 
 145 V _   0.009 0.037 0.001 0.008 0.004 0.012 0.031 0.898 
 146 L _   0.010 0.047 0.001 0.011 0.005 0.013 0.030 0.884 
 147 L _   0.011 0.059 0.001 0.013 0.006 0.015 0.029 0.867 
 148 D _   0.011 0.074 0.001 0.016 0.007 0.016 0.028 0.848 
 149 A _   0.011 0.088 0.001 0.018 0.008 0.017 0.026 0.830 
 150 H _   0.012 0.102 0.001 0.020 0.009 0.018 0.025 0.812 
 151 M _   0.013 0.116 0.001 0.021 0.010 0.019 0.024 0.796 
 152 N _   0.013 0.128 0.001 0.023 0.011 0.020 0.023 0.780 
 153 A _   0.014 0.139 0.001 0.024 0.012 0.021 0.023 0.766 
 154 K _   0.015 0.147 0.001 0.026 0.012 0.021 0.022 0.755 
 155 I _   0.016 0.154 0.001 0.026 0.012 0.021 0.022 0.748 
 156 A _   0.016 0.158 0.001 0.027 0.012 0.021 0.022 0.745 
 157 D _   0.016 0.159 0.001 0.026 0.011 0.020 0.021 0.746 
 158 F _   0.015 0.159 0.001 0.024 0.010 0.019 0.021 0.750 
 159 G _   0.015 0.156 0.001 0.022 0.009 0.018 0.021 0.758 
 160 L _   0.014 0.151 0.001 0.020 0.009 0.017 0.021 0.767 
 161 S _   0.013 0.145 0.001 0.018 0.008 0.016 0.022 0.777 
 162 N _   0.013 0.139 0.001 0.017 0.007 0.016 0.022 0.786 
 163 M _   0.012 0.134 0.001 0.016 0.007 0.015 0.022 0.793 
 164 M _   0.012 0.129 0.001 0.016 0.007 0.015 0.022 0.799 
 165 S _   0.011 0.124 0.001 0.017 0.007 0.014 0.022 0.803 
 166 D _   0.011 0.119 0.001 0.019 0.007 0.014 0.022 0.807 
 167 G _   0.011 0.114 0.001 0.021 0.007 0.013 0.023 0.810 
 168 E _   0.011 0.108 0.001 0.022 0.007 0.013 0.023 0.817 
 169 F _   0.010 0.099 0.001 0.022 0.007 0.012 0.024 0.827 
 170 L _   0.010 0.087 0.001 0.020 0.006 0.011 0.024 0.841 
 171 R _   0.009 0.073 0.001 0.018 0.005 0.010 0.025 0.859 
 172 T _   0.008 0.057 0.001 0.015 0.005 0.009 0.025 0.880 
 173 S _   0.008 0.041 0.001 0.011 0.004 0.008 0.026 0.902 
 174 C _   0.007 0.029 0.000 0.009 0.003 0.007 0.026 0.919 
 175 G _   0.006 0.020 0.000 0.007 0.002 0.007 0.026 0.931 
 176 S _   0.006 0.015 0.000 0.005 0.002 0.007 0.026 0.939 
 177 P _   0.006 0.012 0.000 0.005 0.002 0.007 0.026 0.942 
 178 N _   0.006 0.011 0.000 0.005 0.002 0.008 0.025 0.942 
 179 Y _   0.006 0.011 0.000 0.007 0.003 0.009 0.025 0.940 
 180 A _   0.007 0.011 0.000 0.009 0.003 0.010 0.024 0.935 
 181 A _   0.007 0.013 0.001 0.012 0.004 0.012 0.023 0.928 
 182 P _   0.008 0.014 0.001 0.016 0.006 0.013 0.022 0.920 
 183 E _   0.009 0.016 0.001 0.020 0.007 0.014 0.020 0.912 
 184 V _   0.010 0.017 0.001 0.023 0.008 0.016 0.019 0.906 
 185 I _   0.011 0.017 0.001 0.025 0.009 0.016 0.018 0.902 
 186 S _   0.013 0.017 0.001 0.025 0.009 0.017 0.017 0.901 
 187 G _   0.016 0.015 0.001 0.023 0.009 0.017 0.016 0.903 
 188 R _   0.021 0.012 0.001 0.020 0.009 0.016 0.015 0.906 
 189 L _   0.027 0.008 0.001 0.015 0.008 0.016 0.015 0.910 
 190 Y _   0.036 0.005 0.001 0.010 0.007 0.015 0.014 0.912 
 191 A _   0.051 0.002 0.001 0.007 0.006 0.014 0.013 0.906 
 192 G _   0.074 0.001 0.001 0.004 0.005 0.013 0.012 0.890 
 193 P _   0.110 0.000 0.001 0.002 0.005 0.012 0.011 0.860 
 194 E _   0.160 0.000 0.001 0.001 0.005 0.012 0.009 0.812 
 195 V _   0.231 0.000 0.001 0.001 0.006 0.012 0.008 0.742 
 196 D _   0.328 0.000 0.001 0.001 0.007 0.012 0.006 0.644 
 197 I _   0.448 0.000 0.001 0.001 0.009 0.013 0.005 0.524 
 198 W H   0.572 0.000 0.001 0.001 0.011 0.013 0.004 0.398 
 199 S H   0.683 0.000 0.001 0.001 0.014 0.013 0.003 0.286 
 200 C H   0.770 0.000 0.001 0.001 0.016 0.012 0.002 0.199 
 201 G H   0.828 0.000 0.001 0.001 0.017 0.011 0.001 0.141 
 202 V H   0.865 0.000 0.001 0.001 0.018 0.010 0.001 0.104 
 203 I H   0.882 0.000 0.001 0.001 0.019 0.009 0.001 0.087 
 204 L H   0.887 0.000 0.001 0.001 0.019 0.008 0.001 0.082 
 205 Y H   0.879 0.000 0.001 0.001 0.020 0.008 0.002 0.089 
 206 A H   0.857 0.000 0.001 0.001 0.021 0.008 0.002 0.109 
 207 L H   0.814 0.000 0.002 0.001 0.021 0.009 0.003 0.150 
 208 L H   0.743 0.000 0.002 0.002 0.020 0.010 0.004 0.219 
 209 C H   0.641 0.000 0.002 0.002 0.018 0.010 0.006 0.320 
 210 G H   0.519 0.000 0.002 0.002 0.014 0.010 0.009 0.444 
 211 T _   0.390 0.000 0.001 0.002 0.010 0.009 0.012 0.575 
 212 L _   0.270 0.000 0.001 0.002 0.007 0.008 0.016 0.696 
 213 P _   0.173 0.000 0.001 0.002 0.004 0.007 0.019 0.794 
 214 F _   0.105 0.000 0.000 0.002 0.003 0.007 0.021 0.862 
 215 D _   0.063 0.000 0.000 0.002 0.002 0.006 0.022 0.904 
 216 D _   0.038 0.000 0.000 0.002 0.002 0.007 0.024 0.928 
 217 E _   0.026 0.000 0.000 0.002 0.002 0.007 0.024 0.939 
 218 H _   0.020 0.000 0.000 0.002 0.002 0.009 0.025 0.942 
 219 V _   0.017 0.001 0.000 0.004 0.003 0.011 0.025 0.939 
 220 P _   0.017 0.002 0.000 0.006 0.004 0.014 0.025 0.933 
 221 T _   0.017 0.004 0.001 0.008 0.006 0.017 0.025 0.922 
 222 L _   0.019 0.007 0.001 0.013 0.008 0.021 0.025 0.908 
 223 F _   0.021 0.010 0.001 0.017 0.011 0.025 0.024 0.891 
 224 K _   0.024 0.014 0.001 0.022 0.014 0.029 0.024 0.873 
 225 K _   0.027 0.017 0.001 0.025 0.017 0.032 0.023 0.857 
 226 I _   0.030 0.019 0.001 0.028 0.020 0.035 0.023 0.843 
 227 R _   0.035 0.020 0.001 0.030 0.022 0.037 0.023 0.831 
 228 G _   0.040 0.020 0.002 0.031 0.023 0.038 0.023 0.823 
 229 G _   0.047 0.019 0.002 0.030 0.022 0.039 0.023 0.818 
 230 V _   0.055 0.017 0.002 0.027 0.021 0.039 0.024 0.816 
 231 F _   0.063 0.014 0.001 0.022 0.019 0.038 0.024 0.819 
 232 Y _   0.073 0.010 0.001 0.017 0.016 0.036 0.025 0.822 
 233 I _   0.086 0.005 0.001 0.011 0.013 0.035 0.025 0.824 
 234 P _   0.101 0.002 0.001 0.007 0.011 0.034 0.025 0.819 
 235 E _   0.121 0.001 0.001 0.004 0.009 0.033 0.025 0.806 
 236 Y _   0.146 0.000 0.001 0.002 0.008 0.033 0.025 0.783 
 237 L _   0.179 0.000 0.001 0.002 0.009 0.035 0.025 0.749 
 238 N _   0.222 0.000 0.001 0.002 0.012 0.038 0.025 0.700 
 239 R _   0.270 0.000 0.001 0.002 0.017 0.042 0.025 0.642 
 240 S _   0.320 0.000 0.001 0.003 0.025 0.047 0.026 0.578 
 241 V _   0.364 0.001 0.002 0.004 0.035 0.051 0.027 0.517 
 242 A _   0.396 0.003 0.002 0.007 0.044 0.053 0.028 0.466 
 243 T _   0.415 0.005 0.002 0.011 0.050 0.054 0.030 0.431 
 244 L H   0.419 0.008 0.003 0.016 0.054 0.053 0.033 0.414 
 245 L _   0.410 0.010 0.003 0.020 0.054 0.051 0.036 0.416 
 246 M _   0.389 0.010 0.003 0.022 0.051 0.047 0.041 0.438 
 247 H _   0.355 0.010 0.003 0.020 0.044 0.042 0.046 0.480 
 248 M _   0.310 0.008 0.003 0.017 0.035 0.037 0.051 0.539 
 249 L _   0.257 0.005 0.002 0.013 0.025 0.031 0.057 0.609 
 250 Q _   0.203 0.003 0.001 0.009 0.017 0.025 0.063 0.678 
 251 V _   0.153 0.001 0.001 0.006 0.010 0.021 0.069 0.739 
 252 D _   0.111 0.001 0.001 0.004 0.007 0.017 0.074 0.785 
 253 P _   0.080 0.001 0.001 0.004 0.005 0.014 0.078 0.819 
 254 L _   0.057 0.001 0.000 0.003 0.004 0.012 0.082 0.841 
 255 K _   0.041 0.001 0.000 0.004 0.003 0.012 0.085 0.854 
 256 R _   0.031 0.001 0.000 0.004 0.003 0.011 0.087 0.862 
 257 A _   0.024 0.002 0.000 0.005 0.003 0.011 0.089 0.865 
 258 T _   0.019 0.004 0.000 0.006 0.003 0.011 0.091 0.865 
 259 I _   0.016 0.006 0.000 0.007 0.004 0.012 0.092 0.861 
 260 K _   0.015 0.010 0.001 0.009 0.004 0.013 0.094 0.855 
 261 D _   0.013 0.015 0.001 0.011 0.005 0.013 0.095 0.847 
 262 I _   0.013 0.020 0.001 0.013 0.006 0.014 0.096 0.837 
 263 R _   0.013 0.026 0.001 0.016 0.006 0.015 0.097 0.826 
 264 E _   0.012 0.032 0.001 0.018 0.007 0.015 0.098 0.816 
 265 H _   0.012 0.038 0.001 0.020 0.008 0.016 0.100 0.806 
 266 E _   0.012 0.042 0.001 0.022 0.008 0.016 0.101 0.798 
 267 W _   0.011 0.046 0.001 0.024 0.008 0.015 0.103 0.791 
 268 F _   0.011 0.048 0.001 0.025 0.008 0.015 0.105 0.787 
 269 K _   0.011 0.050 0.001 0.025 0.008 0.014 0.108 0.784 
 270 Q _   0.010 0.050 0.001 0.025 0.007 0.014 0.111 0.783 
 271 D _   0.010 0.049 0.001 0.024 0.007 0.013 0.114 0.782 
 272 L _   0.010 0.047 0.001 0.023 0.006 0.012 0.117 0.783 
 273 P _   0.010 0.045 0.001 0.021 0.006 0.011 0.121 0.786 
 274 S _   0.009 0.041 0.001 0.019 0.005 0.010 0.125 0.790 
 275 Y _   0.009 0.037 0.001 0.017 0.004 0.009 0.129 0.794 
 276 L _   0.008 0.032 0.000 0.014 0.004 0.008 0.133 0.800 
 277 F _   0.007 0.027 0.000 0.012 0.003 0.007 0.137 0.807 
 278 P _   0.007 0.023 0.000 0.009 0.002 0.006 0.139 0.813 
 279 E _   0.006 0.019 0.000 0.007 0.002 0.006 0.142 0.819 
 280 D _   0.005 0.017 0.000 0.005 0.002 0.005 0.143 0.823 
 281 P _   0.005 0.016 0.000 0.004 0.001 0.005 0.143 0.826 
 282 S _   0.004 0.016 0.000 0.004 0.001 0.005 0.143 0.827 
 283 Y _   0.004 0.017 0.000 0.004 0.001 0.005 0.142 0.826 
 284 D _   0.004 0.021 0.000 0.005 0.002 0.006 0.140 0.823 
 285 A _   0.004 0.027 0.000 0.007 0.002 0.007 0.138 0.815 
 286 N _   0.005 0.040 0.000 0.009 0.003 0.009 0.133 0.800 
 287 V _   0.006 0.063 0.001 0.013 0.004 0.011 0.127 0.775 
 288 I _   0.006 0.099 0.001 0.018 0.006 0.013 0.120 0.737 
 289 D _   0.007 0.149 0.001 0.024 0.008 0.015 0.111 0.686 
 290 D _   0.007 0.210 0.001 0.028 0.009 0.016 0.101 0.627 
 291 E _   0.007 0.277 0.001 0.032 0.011 0.017 0.092 0.564 
 292 A _   0.006 0.339 0.001 0.034 0.011 0.017 0.084 0.507 
 293 V _   0.006 0.393 0.001 0.034 0.011 0.017 0.077 0.461 
 294 K E   0.006 0.438 0.001 0.033 0.011 0.016 0.072 0.423 
 295 E E   0.006 0.473 0.001 0.032 0.010 0.016 0.068 0.395 
 296 V E   0.006 0.498 0.001 0.030 0.010 0.016 0.065 0.375 
 297 C E   0.006 0.517 0.001 0.028 0.009 0.015 0.063 0.361 
 298 E E   0.006 0.531 0.001 0.027 0.009 0.015 0.061 0.350 
 299 K E   0.006 0.541 0.001 0.026 0.009 0.015 0.060 0.342 
 300 F E   0.006 0.549 0.001 0.026 0.009 0.015 0.058 0.336 
 301 E E   0.007 0.554 0.001 0.026 0.009 0.015 0.058 0.330 
 302 C E   0.007 0.556 0.001 0.028 0.010 0.015 0.058 0.326 
 303 T E   0.007 0.556 0.001 0.030 0.010 0.014 0.058 0.325 
 304 E E   0.007 0.552 0.001 0.032 0.010 0.014 0.058 0.326 
 305 S E   0.007 0.542 0.001 0.034 0.010 0.013 0.059 0.333 
 306 E E   0.008 0.525 0.001 0.035 0.010 0.013 0.061 0.347 
 307 V E   0.008 0.495 0.001 0.036 0.010 0.013 0.064 0.372 
 308 M E   0.009 0.445 0.002 0.036 0.011 0.013 0.068 0.417 
 309 N _   0.010 0.370 0.002 0.033 0.011 0.013 0.075 0.486 
 310 S _   0.011 0.273 0.002 0.029 0.010 0.013 0.083 0.579 
 311 L _   0.012 0.171 0.001 0.022 0.008 0.013 0.091 0.681 
 312 Y _   0.011 0.089 0.001 0.014 0.006 0.012 0.099 0.768 
 313 S _   0.009 0.039 0.001 0.008 0.004 0.012 0.104 0.824 
 314 G _   0.008 0.017 0.000 0.004 0.002 0.011 0.107 0.849 
 315 D _   0.008 0.010 0.000 0.003 0.002 0.012 0.109 0.857 
 316 P _   0.010 0.008 0.000 0.002 0.002 0.015 0.109 0.853 
 317 Q _   0.015 0.008 0.000 0.003 0.003 0.020 0.110 0.840 
 318 D _   0.024 0.011 0.001 0.005 0.007 0.028 0.110 0.815 
 319 Q _   0.035 0.023 0.001 0.011 0.014 0.039 0.109 0.768 
 320 L _   0.046 0.052 0.002 0.022 0.024 0.050 0.107 0.696 
 321 A _   0.054 0.096 0.003 0.037 0.035 0.058 0.106 0.613 
 322 V _   0.058 0.137 0.003 0.052 0.043 0.062 0.105 0.540 
 323 A _   0.060 0.164 0.003 0.063 0.047 0.064 0.105 0.494 
 324 Y _   0.061 0.179 0.003 0.069 0.048 0.063 0.107 0.472 
 325 H _   0.060 0.184 0.002 0.070 0.046 0.060 0.109 0.468 
 326 L _   0.058 0.183 0.002 0.065 0.043 0.056 0.113 0.479 
 327 I _   0.056 0.174 0.002 0.056 0.038 0.052 0.117 0.505 
 328 I _   0.052 0.158 0.002 0.045 0.032 0.047 0.123 0.542 
 329 D _   0.047 0.134 0.002 0.034 0.026 0.041 0.129 0.587 
 330 N _   0.042 0.108 0.002 0.024 0.019 0.037 0.136 0.632 
 331 R _   0.037 0.086 0.001 0.017 0.014 0.033 0.142 0.670 
 332 R _   0.031 0.070 0.001 0.012 0.010 0.029 0.148 0.698 
 333 I _   0.027 0.062 0.001 0.010 0.008 0.026 0.153 0.714 
 334 M _   0.023 0.057 0.001 0.010 0.007 0.024 0.157 0.722 
 335 N _   0.020 0.055 0.001 0.010 0.007 0.022 0.161 0.724 
 336 Q _   0.018 0.055 0.001 0.013 0.007 0.021 0.164 0.722 
 337 A _   0.016 0.056 0.001 0.016 0.007 0.020 0.167 0.717 
 338 S _   0.015 0.058 0.001 0.019 0.008 0.019 0.170 0.711 
 339 E _   0.013 0.058 0.001 0.022 0.008 0.018 0.174 0.706 
 340 F _   0.012 0.058 0.001 0.023 0.008 0.016 0.178 0.703 
 341 Y _   0.011 0.056 0.001 0.023 0.008 0.015 0.183 0.704 
 342 L _   0.010 0.052 0.001 0.022 0.007 0.013 0.188 0.706 
 343 A _   0.009 0.047 0.001 0.020 0.006 0.012 0.194 0.712 
 344 S _   0.008 0.041 0.001 0.016 0.005 0.010 0.199 0.718 
 345 S _   0.007 0.035 0.001 0.013 0.004 0.009 0.205 0.725 
 346 P _   0.007 0.029 0.000 0.011 0.003 0.008 0.211 0.730 
 347 P _   0.006 0.024 0.000 0.009 0.003 0.008 0.216 0.733 
 348 S _   0.006 0.021 0.000 0.008 0.003 0.007 0.221 0.734 
 349 G _   0.006 0.019 0.000 0.007 0.002 0.007 0.226 0.733 
 350 S _   0.006 0.018 0.000 0.007 0.002 0.007 0.230 0.730 
 351 F _   0.006 0.017 0.000 0.008 0.003 0.007 0.233 0.726 
 352 M _   0.006 0.017 0.000 0.009 0.003 0.008 0.236 0.720 
 353 D _   0.006 0.017 0.000 0.011 0.003 0.008 0.240 0.714 
 354 D _   0.006 0.018 0.000 0.014 0.004 0.009 0.243 0.706 
 355 S _   0.007 0.018 0.000 0.016 0.004 0.009 0.247 0.699 
 356 A _   0.007 0.018 0.001 0.017 0.004 0.009 0.251 0.693 
 357 M _   0.007 0.018 0.001 0.017 0.004 0.009 0.255 0.689 
 358 H _   0.007 0.017 0.000 0.017 0.004 0.008 0.260 0.687 
 359 I _   0.006 0.015 0.000 0.015 0.004 0.008 0.266 0.686 
 360 P _   0.006 0.013 0.000 0.013 0.003 0.007 0.271 0.688 
 361 P _   0.005 0.010 0.000 0.010 0.002 0.006 0.275 0.690 
 362 G _   0.005 0.008 0.000 0.008 0.002 0.005 0.279 0.693 
 363 L _   0.005 0.006 0.000 0.006 0.002 0.005 0.282 0.694 
 364 K _   0.004 0.005 0.000 0.005 0.001 0.005 0.285 0.695 
 365 P _   0.004 0.004 0.000 0.004 0.001 0.004 0.287 0.695 
 366 H _   0.004 0.004 0.000 0.004 0.001 0.004 0.288 0.695 
 367 P _   0.004 0.004 0.000 0.005 0.001 0.005 0.288 0.693 
 368 E _   0.004 0.004 0.000 0.006 0.002 0.005 0.288 0.691 
 369 R _   0.004 0.005 0.000 0.007 0.002 0.006 0.287 0.689 
 370 M _   0.004 0.005 0.000 0.009 0.002 0.006 0.286 0.687 
 371 P _   0.004 0.006 0.000 0.010 0.002 0.006 0.285 0.686 
 372 P _   0.004 0.007 0.000 0.010 0.002 0.006 0.283 0.687 
 373 L _   0.004 0.008 0.000 0.011 0.002 0.006 0.281 0.688 
 374 I _   0.004 0.008 0.000 0.010 0.002 0.006 0.279 0.691 
 375 A _   0.004 0.008 0.000 0.010 0.002 0.006 0.276 0.693 
 376 D _   0.003 0.009 0.000 0.009 0.002 0.006 0.274 0.696 
 377 S _   0.004 0.009 0.000 0.009 0.002 0.006 0.271 0.699 
 378 P _   0.004 0.010 0.000 0.009 0.002 0.006 0.268 0.701 
 379 K _   0.004 0.011 0.000 0.010 0.002 0.006 0.265 0.702 
 380 A _   0.004 0.011 0.000 0.011 0.002 0.007 0.262 0.702 
 381 R _   0.004 0.013 0.000 0.012 0.003 0.007 0.259 0.703 
 382 C _   0.004 0.014 0.000 0.013 0.003 0.007 0.256 0.703 
 383 P _   0.004 0.015 0.000 0.014 0.003 0.007 0.253 0.704 
 384 L _   0.004 0.015 0.000 0.014 0.003 0.007 0.249 0.706 
 385 D _   0.004 0.015 0.000 0.013 0.003 0.007 0.246 0.710 
 386 A _   0.004 0.015 0.000 0.012 0.003 0.007 0.243 0.715 
 387 L _   0.004 0.015 0.000 0.010 0.002 0.006 0.240 0.721 
 388 N _   0.004 0.015 0.000 0.009 0.002 0.006 0.237 0.727 
 389 T _   0.004 0.014 0.000 0.007 0.002 0.006 0.234 0.732 
 390 T _   0.004 0.015 0.000 0.007 0.002 0.006 0.231 0.736 
 391 K _   0.004 0.016 0.000 0.006 0.002 0.006 0.226 0.739 
 392 P _   0.004 0.017 0.000 0.007 0.002 0.007 0.222 0.740 
 393 K _   0.004 0.021 0.000 0.008 0.003 0.008 0.216 0.739 
 394 S _   0.005 0.026 0.000 0.011 0.003 0.010 0.210 0.735 
 395 L _   0.006 0.033 0.001 0.015 0.004 0.011 0.203 0.727 
 396 A _   0.006 0.042 0.001 0.020 0.006 0.013 0.196 0.716 
 397 V _   0.007 0.052 0.001 0.025 0.007 0.015 0.188 0.705 
 398 K _   0.007 0.060 0.001 0.031 0.008 0.016 0.182 0.694 
 399 K _   0.008 0.067 0.001 0.036 0.010 0.017 0.176 0.687 
 400 A _   0.008 0.070 0.001 0.039 0.010 0.017 0.172 0.683 
 401 K _   0.008 0.072 0.001 0.040 0.011 0.017 0.168 0.683 
 402 W _   0.009 0.070 0.001 0.039 0.010 0.017 0.166 0.689 
 403 H _   0.009 0.066 0.001 0.035 0.009 0.016 0.164 0.700 
 404 L _   0.009 0.059 0.001 0.030 0.008 0.015 0.163 0.716 
 405 G _   0.009 0.048 0.001 0.023 0.007 0.014 0.163 0.736 
 406 I _   0.009 0.036 0.001 0.016 0.005 0.013 0.162 0.758 
 407 R _   0.009 0.025 0.001 0.011 0.004 0.012 0.162 0.778 
 408 S _   0.009 0.016 0.000 0.007 0.003 0.012 0.161 0.793 
 409 Q _   0.009 0.011 0.000 0.004 0.003 0.012 0.159 0.801 
 410 S _   0.010 0.009 0.000 0.003 0.003 0.014 0.157 0.804 
 411 K _   0.013 0.009 0.000 0.004 0.003 0.016 0.155 0.800 
 412 P _   0.016 0.010 0.000 0.005 0.005 0.021 0.152 0.790 
 413 Y _   0.022 0.015 0.001 0.009 0.009 0.026 0.148 0.770 
 414 D _   0.028 0.026 0.001 0.015 0.014 0.032 0.144 0.739 
 415 I _   0.032 0.044 0.002 0.026 0.020 0.038 0.140 0.699 
 416 M _   0.036 0.062 0.002 0.038 0.025 0.041 0.135 0.661 
 417 A _   0.037 0.076 0.002 0.049 0.029 0.043 0.131 0.633 
 418 E _   0.038 0.084 0.002 0.055 0.030 0.043 0.128 0.620 
 419 V _   0.037 0.087 0.002 0.056 0.030 0.042 0.127 0.620 
 420 Y _   0.036 0.085 0.002 0.053 0.027 0.039 0.126 0.633 
 421 R _   0.034 0.078 0.002 0.045 0.024 0.036 0.125 0.656 
 422 A _   0.032 0.067 0.002 0.035 0.020 0.032 0.125 0.688 
 423 M _   0.030 0.051 0.001 0.025 0.015 0.029 0.126 0.723 
 424 K _   0.027 0.036 0.001 0.017 0.011 0.025 0.126 0.756 
 425 Q _   0.025 0.024 0.001 0.011 0.008 0.023 0.127 0.783 
 426 L _   0.023 0.016 0.001 0.007 0.006 0.020 0.127 0.800 
 427 D _   0.021 0.012 0.001 0.006 0.005 0.019 0.127 0.810 
 428 F _   0.020 0.010 0.001 0.005 0.005 0.018 0.126 0.814 
 429 E _   0.020 0.010 0.001 0.006 0.005 0.018 0.126 0.814 
 430 W _   0.021 0.011 0.001 0.007 0.006 0.019 0.125 0.811 
 431 K _   0.022 0.012 0.001 0.010 0.007 0.020 0.124 0.805 
 432 V _   0.022 0.015 0.001 0.013 0.008 0.021 0.123 0.797 
 433 V _   0.022 0.018 0.001 0.017 0.010 0.021 0.122 0.790 
 434 N _   0.022 0.020 0.001 0.020 0.011 0.021 0.121 0.784 
 435 A _   0.022 0.022 0.001 0.022 0.011 0.020 0.121 0.781 
 436 Y _   0.021 0.022 0.001 0.023 0.011 0.020 0.121 0.781 
 437 H _   0.020 0.022 0.001 0.023 0.010 0.018 0.121 0.785 
 438 L _   0.018 0.021 0.001 0.021 0.009 0.017 0.122 0.792 
 439 R _   0.016 0.018 0.001 0.018 0.008 0.015 0.122 0.802 
 440 V _   0.014 0.016 0.001 0.014 0.006 0.013 0.123 0.813 
 441 R _   0.012 0.013 0.001 0.010 0.005 0.012 0.124 0.824 
 442 R _   0.011 0.010 0.000 0.008 0.004 0.010 0.124 0.833 
 443 K _   0.010 0.009 0.000 0.006 0.003 0.010 0.124 0.839 
 444 N _   0.009 0.008 0.000 0.004 0.002 0.009 0.124 0.843 
 445 P _   0.009 0.008 0.000 0.004 0.002 0.010 0.123 0.844 
 446 V _   0.009 0.009 0.000 0.004 0.003 0.011 0.122 0.842 
 447 T _   0.010 0.012 0.000 0.005 0.003 0.013 0.121 0.836 
 448 G _   0.012 0.018 0.001 0.007 0.005 0.016 0.119 0.823 
 449 N _   0.014 0.030 0.001 0.011 0.008 0.019 0.116 0.801 
 450 Y _   0.016 0.052 0.001 0.018 0.011 0.022 0.113 0.767 
 451 V _   0.017 0.081 0.001 0.026 0.014 0.025 0.109 0.725 
 452 K _   0.018 0.111 0.002 0.036 0.018 0.027 0.106 0.683 
 453 M _   0.018 0.136 0.002 0.044 0.019 0.028 0.103 0.650 
 454 S _   0.018 0.152 0.002 0.050 0.020 0.028 0.102 0.630 
 455 L _   0.017 0.160 0.001 0.053 0.019 0.027 0.101 0.621 
 456 Q _   0.016 0.162 0.001 0.052 0.018 0.025 0.101 0.624 
 457 L _   0.015 0.160 0.001 0.048 0.016 0.023 0.101 0.636 
 458 Y _   0.014 0.152 0.001 0.042 0.014 0.021 0.102 0.655 
 459 L _   0.013 0.139 0.001 0.034 0.011 0.018 0.103 0.680 
 460 V _   0.012 0.121 0.001 0.027 0.009 0.016 0.105 0.708 
 461 D _   0.011 0.102 0.001 0.020 0.007 0.014 0.107 0.736 
 462 N _   0.011 0.084 0.001 0.016 0.006 0.013 0.109 0.761 
 463 R _   0.010 0.070 0.001 0.013 0.005 0.012 0.111 0.779 
 464 S _   0.009 0.060 0.000 0.010 0.004 0.011 0.112 0.793 
 465 Y _   0.009 0.052 0.000 0.009 0.003 0.010 0.114 0.803 
 466 L _   0.008 0.047 0.000 0.008 0.003 0.009 0.114 0.810 
 467 L _   0.007 0.044 0.000 0.008 0.003 0.008 0.114 0.815 
 468 D _   0.007 0.042 0.000 0.008 0.003 0.008 0.114 0.818 
 469 F _   0.007 0.042 0.000 0.008 0.003 0.008 0.114 0.819 
 470 K _   0.006 0.042 0.000 0.008 0.003 0.008 0.113 0.820 
 471 S _   0.006 0.043 0.000 0.009 0.003 0.008 0.112 0.819 
 472 I _   0.006 0.045 0.000 0.010 0.003 0.008 0.111 0.816 
 473 D _   0.006 0.047 0.000 0.012 0.004 0.009 0.110 0.812 
 474 D _   0.006 0.050 0.000 0.014 0.004 0.009 0.108 0.807 
 475 E _   0.007 0.054 0.001 0.016 0.004 0.009 0.107 0.802 
 476 V _   0.007 0.057 0.001 0.018 0.005 0.010 0.106 0.799 
 477 V _   0.007 0.059 0.001 0.018 0.005 0.010 0.105 0.797 
 478 E _   0.007 0.060 0.001 0.018 0.004 0.009 0.104 0.797 
 479 Q _   0.007 0.060 0.000 0.016 0.004 0.009 0.103 0.800 
 480 R _   0.006 0.060 0.000 0.014 0.003 0.008 0.102 0.806 
 481 S _   0.006 0.059 0.000 0.012 0.003 0.008 0.101 0.811 
 482 G _   0.005 0.058 0.000 0.010 0.003 0.007 0.100 0.817 
 483 S _   0.005 0.058 0.000 0.008 0.002 0.007 0.099 0.821 
 484 S _   0.005 0.059 0.000 0.007 0.002 0.007 0.097 0.823 
 485 T _   0.005 0.062 0.000 0.007 0.002 0.007 0.095 0.821 
 486 P _   0.005 0.069 0.000 0.008 0.003 0.008 0.092 0.815 
 487 Q _   0.005 0.080 0.000 0.011 0.003 0.009 0.088 0.802 
 488 R _   0.006 0.099 0.001 0.015 0.005 0.011 0.084 0.781 
 489 S _   0.006 0.125 0.001 0.021 0.006 0.012 0.078 0.751 
 490 C _   0.006 0.157 0.001 0.028 0.007 0.013 0.073 0.715 
 491 S _   0.006 0.188 0.001 0.034 0.008 0.013 0.068 0.681 
 492 A _   0.006 0.213 0.001 0.039 0.009 0.013 0.064 0.655 
 493 A _   0.006 0.229 0.001 0.041 0.009 0.013 0.062 0.640 
 494 G _   0.006 0.238 0.001 0.041 0.008 0.013 0.060 0.634 
 495 L _   0.006 0.241 0.001 0.039 0.008 0.012 0.058 0.635 
 496 H _   0.006 0.239 0.001 0.034 0.007 0.011 0.058 0.644 
 497 R _   0.006 0.233 0.001 0.028 0.006 0.010 0.057 0.659 
 498 P _   0.005 0.224 0.001 0.022 0.005 0.009 0.057 0.677 
 499 R _   0.005 0.212 0.001 0.017 0.004 0.009 0.057 0.695 
 500 S _   0.005 0.202 0.000 0.013 0.003 0.008 0.057 0.712 
 501 S _   0.005 0.194 0.000 0.010 0.003 0.008 0.057 0.724 
 502 F _   0.005 0.189 0.000 0.008 0.002 0.007 0.057 0.731 
 503 D _   0.005 0.189 0.000 0.007 0.002 0.008 0.056 0.734 
 504 S _   0.005 0.191 0.000 0.008 0.002 0.008 0.054 0.731 
 505 T _   0.005 0.197 0.000 0.009 0.003 0.009 0.053 0.725 
 506 T _   0.005 0.208 0.000 0.010 0.003 0.010 0.051 0.713 
 507 A _   0.005 0.225 0.001 0.012 0.004 0.011 0.048 0.694 
 508 E _   0.006 0.248 0.001 0.015 0.005 0.013 0.044 0.668 
 509 S _   0.006 0.279 0.001 0.018 0.007 0.014 0.041 0.635 
 510 H _   0.007 0.316 0.001 0.020 0.008 0.016 0.037 0.595 
 511 S _   0.007 0.357 0.001 0.024 0.010 0.017 0.033 0.551 
 512 L _   0.008 0.401 0.001 0.027 0.011 0.018 0.029 0.505 
 513 S _   0.008 0.442 0.001 0.030 0.013 0.019 0.026 0.461 
 514 G E   0.009 0.477 0.001 0.033 0.014 0.020 0.023 0.424 
 515 S E   0.009 0.504 0.001 0.035 0.015 0.020 0.021 0.395 
 516 L E   0.010 0.522 0.001 0.038 0.015 0.020 0.019 0.375 
 517 T E   0.010 0.532 0.001 0.040 0.016 0.020 0.018 0.363 
 518 G E   0.011 0.535 0.001 0.041 0.016 0.020 0.017 0.359 
 519 S E   0.011 0.531 0.001 0.041 0.016 0.020 0.016 0.363 
 520 L E   0.012 0.520 0.001 0.040 0.016 0.020 0.016 0.374 
 521 T E   0.013 0.499 0.001 0.038 0.016 0.019 0.016 0.396 
 522 G E   0.014 0.465 0.002 0.037 0.017 0.019 0.016 0.431 
 523 S _   0.016 0.414 0.002 0.035 0.016 0.020 0.017 0.480 
 524 T _   0.017 0.350 0.002 0.032 0.016 0.020 0.018 0.545 
 525 L _   0.019 0.273 0.002 0.029 0.015 0.020 0.020 0.622 
 526 S _   0.020 0.195 0.002 0.025 0.013 0.020 0.021 0.703 
 527 S _   0.022 0.128 0.001 0.020 0.011 0.020 0.022 0.775 
 528 V _   0.024 0.076 0.001 0.016 0.009 0.019 0.023 0.831 
 529 S _   0.028 0.041 0.001 0.011 0.007 0.018 0.024 0.869 
 530 P _   0.035 0.020 0.001 0.008 0.006 0.017 0.024 0.890 
 531 R _   0.045 0.009 0.001 0.006 0.005 0.016 0.024 0.895 
 532 L _   0.062 0.003 0.001 0.004 0.005 0.016 0.024 0.886 
 533 G _   0.089 0.001 0.001 0.003 0.005 0.016 0.023 0.862 
 534 S _   0.131 0.000 0.001 0.002 0.006 0.017 0.022 0.821 
 535 H _   0.189 0.000 0.001 0.002 0.007 0.018 0.021 0.761 
 536 T _   0.268 0.000 0.001 0.002 0.009 0.019 0.020 0.681 
 537 M _   0.360 0.000 0.001 0.002 0.012 0.020 0.019 0.586 
 538 D _   0.457 0.000 0.001 0.002 0.015 0.021 0.018 0.487 
 539 F H   0.549 0.000 0.001 0.001 0.017 0.021 0.017 0.393 
 540 F H   0.629 0.000 0.001 0.001 0.020 0.020 0.017 0.312 
 541 E H   0.689 0.000 0.001 0.001 0.022 0.019 0.018 0.249 
 542 M H   0.731 0.000 0.001 0.001 0.024 0.018 0.019 0.206 
 543 C H   0.754 0.000 0.001 0.001 0.026 0.017 0.021 0.180 
 544 A H   0.756 0.000 0.001 0.001 0.027 0.017 0.025 0.173 
 545 S H   0.738 0.000 0.002 0.001 0.029 0.016 0.031 0.183 
 546 L H   0.698 0.000 0.002 0.002 0.030 0.016 0.042 0.210 
 547 I H   0.623 0.000 0.003 0.002 0.028 0.015 0.061 0.268 
 548 T H   0.494 0.000 0.002 0.003 0.020 0.012 0.095 0.373 
 549 T _   0.322 0.000 0.001 0.002 0.008 0.008 0.131 0.527 
 550 L _   0.147 0.000 0.000 0.001 0.003 0.005 0.154 0.689 
 551 A _   0.077 0.000 0.000 0.001 0.001 0.005 0.159 0.756 
 552 R _   0.070 0.000 0.002 0.003 0.006 0.008 0.158 0.754 
