#TopoPred_TM8: 8-state transmembrane topology prediction results by no_profile mode 
#probabilities are in the order of H E C I L F X _, the 8 transmembrane topology types used in PDBTM 
   1 M X   0.004 0.000 0.002 0.032 0.006 0.005 0.927 0.023 
   2 G X   0.001 0.000 0.000 0.016 0.001 0.002 0.957 0.023 
   3 G X   0.000 0.000 0.000 0.007 0.000 0.001 0.967 0.024 
   4 T X   0.000 0.000 0.000 0.004 0.000 0.001 0.970 0.024 
   5 A X   0.000 0.000 0.000 0.003 0.000 0.001 0.970 0.025 
   6 R X   0.000 0.000 0.000 0.002 0.000 0.001 0.970 0.026 
   7 G X   0.000 0.000 0.000 0.002 0.000 0.001 0.969 0.027 
   8 P X   0.000 0.000 0.000 0.002 0.000 0.001 0.968 0.029 
   9 G X   0.000 0.000 0.000 0.001 0.000 0.001 0.966 0.031 
  10 R X   0.001 0.000 0.000 0.001 0.000 0.001 0.963 0.034 
  11 K X   0.001 0.000 0.000 0.001 0.000 0.001 0.959 0.037 
  12 D X   0.001 0.000 0.000 0.001 0.000 0.001 0.955 0.041 
  13 A X   0.001 0.001 0.000 0.002 0.000 0.001 0.949 0.047 
  14 G X   0.001 0.001 0.000 0.002 0.000 0.001 0.942 0.053 
  15 P X   0.001 0.002 0.000 0.002 0.001 0.002 0.933 0.060 
  16 P X   0.001 0.003 0.000 0.003 0.001 0.002 0.922 0.068 
  17 G X   0.001 0.005 0.000 0.004 0.001 0.003 0.910 0.077 
  18 A X   0.001 0.007 0.000 0.005 0.001 0.004 0.895 0.086 
  19 G X   0.001 0.011 0.000 0.007 0.002 0.004 0.877 0.097 
  20 L X   0.001 0.017 0.000 0.009 0.002 0.005 0.858 0.108 
  21 P X   0.002 0.024 0.000 0.010 0.003 0.006 0.837 0.118 
  22 P X   0.002 0.032 0.000 0.012 0.003 0.007 0.815 0.129 
  23 Q X   0.002 0.041 0.000 0.013 0.003 0.008 0.793 0.139 
  24 Q X   0.002 0.051 0.001 0.014 0.004 0.008 0.772 0.148 
  25 R X   0.002 0.062 0.001 0.015 0.004 0.009 0.750 0.156 
  26 R X   0.003 0.075 0.001 0.016 0.005 0.010 0.729 0.162 
  27 L X   0.003 0.089 0.001 0.018 0.006 0.011 0.707 0.165 
  28 G X   0.003 0.106 0.001 0.020 0.007 0.013 0.685 0.165 
  29 D X   0.004 0.126 0.001 0.023 0.009 0.014 0.663 0.161 
  30 G X   0.004 0.146 0.001 0.027 0.010 0.015 0.643 0.155 
  31 V X   0.004 0.166 0.001 0.031 0.011 0.015 0.625 0.148 
  32 Y X   0.004 0.181 0.001 0.035 0.011 0.015 0.610 0.142 
  33 D X   0.005 0.192 0.001 0.038 0.011 0.015 0.599 0.139 
  34 T X   0.005 0.198 0.001 0.040 0.011 0.014 0.591 0.140 
  35 F X   0.005 0.200 0.001 0.040 0.011 0.014 0.586 0.145 
  36 M X   0.005 0.198 0.001 0.038 0.010 0.013 0.582 0.153 
  37 M X   0.005 0.192 0.001 0.035 0.009 0.012 0.580 0.167 
  38 I X   0.005 0.181 0.001 0.029 0.008 0.011 0.579 0.187 
  39 D X   0.005 0.164 0.001 0.024 0.007 0.010 0.579 0.211 
  40 E X   0.005 0.143 0.001 0.019 0.006 0.009 0.581 0.237 
  41 T X   0.005 0.122 0.001 0.015 0.005 0.008 0.583 0.262 
  42 K X   0.005 0.104 0.000 0.012 0.004 0.008 0.584 0.283 
  43 C X   0.005 0.091 0.000 0.010 0.003 0.007 0.586 0.298 
  44 P X   0.005 0.081 0.000 0.010 0.003 0.007 0.586 0.308 
  45 P X   0.004 0.075 0.000 0.010 0.002 0.007 0.587 0.315 
  46 C X   0.004 0.069 0.000 0.010 0.002 0.006 0.587 0.320 
  47 S X   0.004 0.064 0.000 0.011 0.002 0.006 0.587 0.325 
  48 N X   0.004 0.058 0.000 0.011 0.002 0.006 0.587 0.330 
  49 V X   0.004 0.052 0.000 0.011 0.002 0.006 0.587 0.337 
  50 L X   0.004 0.045 0.000 0.010 0.002 0.005 0.587 0.347 
  51 C X   0.004 0.037 0.000 0.008 0.002 0.005 0.586 0.358 
  52 N X   0.003 0.030 0.000 0.006 0.001 0.004 0.585 0.370 
  53 P X   0.003 0.024 0.000 0.004 0.001 0.003 0.582 0.382 
  54 S X   0.003 0.020 0.000 0.003 0.001 0.003 0.579 0.392 
  55 E X   0.002 0.018 0.000 0.002 0.001 0.003 0.574 0.401 
  56 P X   0.002 0.017 0.000 0.002 0.001 0.003 0.566 0.409 
  57 P X   0.002 0.018 0.000 0.002 0.001 0.004 0.557 0.416 
  58 P X   0.003 0.021 0.000 0.004 0.001 0.006 0.543 0.421 
  59 P X   0.004 0.030 0.000 0.008 0.003 0.009 0.524 0.422 
  60 R X   0.005 0.053 0.001 0.015 0.006 0.013 0.496 0.412 
  61 R X   0.006 0.098 0.001 0.027 0.010 0.017 0.456 0.385 
  62 L X   0.006 0.165 0.002 0.041 0.013 0.019 0.411 0.343 
  63 N X   0.006 0.235 0.002 0.053 0.015 0.020 0.369 0.300 
  64 M X   0.005 0.287 0.002 0.061 0.015 0.019 0.339 0.272 
  65 T X   0.005 0.318 0.001 0.064 0.014 0.018 0.319 0.260 
  66 T E   0.005 0.334 0.001 0.064 0.012 0.017 0.306 0.260 
  67 E E   0.005 0.340 0.001 0.060 0.011 0.016 0.297 0.269 
  68 Q E   0.005 0.339 0.001 0.054 0.010 0.014 0.291 0.286 
  69 F E   0.005 0.331 0.001 0.046 0.009 0.013 0.286 0.310 
  70 T _   0.005 0.316 0.001 0.036 0.007 0.011 0.282 0.341 
  71 G _   0.005 0.295 0.001 0.027 0.006 0.010 0.279 0.376 
  72 D _   0.005 0.271 0.001 0.019 0.005 0.010 0.278 0.411 
  73 H _   0.005 0.249 0.001 0.014 0.004 0.009 0.276 0.443 
  74 T _   0.005 0.232 0.000 0.010 0.003 0.008 0.274 0.467 
  75 Q _   0.005 0.221 0.000 0.008 0.003 0.008 0.272 0.483 
  76 H _   0.004 0.216 0.000 0.007 0.002 0.008 0.269 0.493 
  77 F _   0.004 0.214 0.000 0.007 0.002 0.009 0.265 0.498 
  78 L _   0.005 0.215 0.000 0.008 0.003 0.009 0.260 0.499 
  79 D _   0.005 0.221 0.000 0.009 0.004 0.010 0.255 0.496 
  80 G _   0.005 0.230 0.001 0.012 0.005 0.012 0.248 0.488 
  81 G _   0.006 0.244 0.001 0.016 0.006 0.013 0.241 0.475 
  82 E _   0.006 0.260 0.001 0.021 0.007 0.014 0.233 0.458 
  83 M _   0.007 0.276 0.001 0.026 0.009 0.015 0.226 0.441 
  84 K _   0.007 0.290 0.001 0.032 0.010 0.015 0.220 0.425 
  85 V _   0.007 0.300 0.001 0.037 0.011 0.016 0.215 0.414 
  86 E _   0.007 0.305 0.001 0.040 0.011 0.016 0.211 0.409 
  87 Q _   0.007 0.305 0.001 0.042 0.011 0.015 0.209 0.410 
  88 L _   0.008 0.299 0.001 0.041 0.011 0.014 0.207 0.419 
  89 F _   0.008 0.286 0.001 0.038 0.010 0.014 0.207 0.436 
  90 Q _   0.008 0.263 0.001 0.034 0.009 0.013 0.208 0.464 
  91 E _   0.008 0.231 0.001 0.028 0.008 0.012 0.210 0.502 
  92 F _   0.008 0.191 0.001 0.023 0.007 0.011 0.213 0.547 
  93 G _   0.008 0.150 0.001 0.018 0.006 0.010 0.215 0.592 
  94 N _   0.007 0.118 0.001 0.013 0.004 0.010 0.218 0.629 
  95 R _   0.007 0.096 0.000 0.011 0.004 0.009 0.219 0.654 
  96 K _   0.006 0.081 0.000 0.009 0.003 0.008 0.221 0.670 
  97 S _   0.006 0.073 0.000 0.009 0.003 0.008 0.221 0.680 
  98 N _   0.006 0.067 0.000 0.010 0.003 0.008 0.221 0.685 
  99 T _   0.006 0.063 0.000 0.011 0.003 0.008 0.221 0.688 
 100 I _   0.006 0.060 0.000 0.012 0.003 0.008 0.221 0.690 
 101 Q _   0.005 0.057 0.000 0.013 0.003 0.008 0.220 0.693 
 102 S _   0.005 0.054 0.000 0.014 0.003 0.008 0.219 0.697 
 103 D _   0.005 0.050 0.000 0.013 0.003 0.007 0.218 0.703 
 104 G _   0.005 0.046 0.000 0.012 0.003 0.007 0.217 0.711 
 105 I _   0.004 0.041 0.000 0.010 0.002 0.006 0.216 0.719 
 106 S _   0.004 0.038 0.000 0.009 0.002 0.006 0.215 0.727 
 107 D _   0.004 0.035 0.000 0.008 0.002 0.006 0.213 0.733 
 108 S _   0.004 0.033 0.000 0.007 0.002 0.006 0.211 0.738 
 109 E _   0.004 0.032 0.000 0.007 0.002 0.006 0.209 0.741 
 110 K _   0.004 0.032 0.000 0.008 0.002 0.006 0.206 0.742 
 111 C _   0.004 0.033 0.000 0.009 0.002 0.006 0.203 0.743 
 112 S _   0.004 0.035 0.000 0.010 0.002 0.007 0.200 0.742 
 113 P _   0.004 0.037 0.000 0.012 0.003 0.007 0.196 0.741 
 114 T _   0.004 0.039 0.000 0.013 0.003 0.007 0.191 0.742 
 115 V _   0.004 0.042 0.000 0.014 0.003 0.007 0.187 0.743 
 116 S _   0.004 0.045 0.000 0.014 0.003 0.007 0.182 0.745 
 117 Q _   0.004 0.047 0.000 0.014 0.003 0.007 0.177 0.747 
 118 G _   0.004 0.050 0.000 0.014 0.003 0.008 0.173 0.748 
 119 K _   0.004 0.052 0.000 0.015 0.003 0.008 0.169 0.749 
 120 S _   0.004 0.056 0.000 0.016 0.004 0.008 0.164 0.748 
 121 S _   0.004 0.059 0.000 0.018 0.004 0.009 0.160 0.745 
 122 D _   0.004 0.063 0.001 0.021 0.004 0.009 0.157 0.742 
 123 C _   0.004 0.066 0.001 0.023 0.005 0.010 0.153 0.738 
 124 L _   0.005 0.068 0.001 0.025 0.005 0.010 0.151 0.736 
 125 N _   0.005 0.070 0.001 0.025 0.005 0.010 0.148 0.737 
 126 T _   0.005 0.069 0.001 0.024 0.005 0.009 0.146 0.741 
 127 V _   0.005 0.067 0.001 0.022 0.004 0.009 0.145 0.748 
 128 K _   0.005 0.064 0.000 0.018 0.004 0.008 0.143 0.758 
 129 S _   0.004 0.059 0.000 0.015 0.003 0.007 0.142 0.769 
 130 N _   0.004 0.054 0.000 0.011 0.003 0.007 0.141 0.779 
 131 S _   0.004 0.050 0.000 0.009 0.002 0.006 0.140 0.788 
 132 S _   0.004 0.047 0.000 0.007 0.002 0.006 0.139 0.794 
 133 S _   0.004 0.046 0.000 0.006 0.002 0.006 0.137 0.798 
 134 K _   0.004 0.046 0.000 0.006 0.002 0.007 0.135 0.799 
 135 A _   0.005 0.048 0.000 0.007 0.002 0.007 0.133 0.797 
 136 P _   0.005 0.052 0.000 0.009 0.003 0.008 0.130 0.792 
 137 K _   0.006 0.058 0.000 0.011 0.004 0.010 0.127 0.784 
 138 V _   0.006 0.066 0.001 0.015 0.005 0.011 0.124 0.774 
 139 V _   0.006 0.075 0.001 0.019 0.005 0.012 0.120 0.761 
 140 P _   0.007 0.083 0.001 0.023 0.006 0.013 0.117 0.750 
 141 L _   0.007 0.090 0.001 0.026 0.007 0.013 0.115 0.742 
 142 T _   0.007 0.094 0.001 0.027 0.007 0.014 0.113 0.737 
 143 P _   0.007 0.096 0.001 0.027 0.007 0.014 0.111 0.736 
 144 E _   0.007 0.096 0.001 0.026 0.007 0.014 0.110 0.739 
 145 Q _   0.007 0.094 0.001 0.023 0.007 0.013 0.109 0.746 
 146 A _   0.007 0.090 0.001 0.019 0.006 0.012 0.109 0.756 
 147 L _   0.007 0.085 0.001 0.016 0.005 0.012 0.108 0.766 
 148 K _   0.007 0.080 0.001 0.013 0.004 0.011 0.108 0.776 
 149 Q _   0.007 0.076 0.000 0.010 0.004 0.011 0.108 0.783 
 150 Y _   0.007 0.073 0.000 0.009 0.004 0.012 0.107 0.788 
 151 K _   0.008 0.072 0.000 0.009 0.004 0.012 0.107 0.788 
 152 H _   0.008 0.072 0.000 0.009 0.004 0.013 0.106 0.786 
 153 H _   0.009 0.074 0.001 0.010 0.005 0.015 0.105 0.781 
 154 L _   0.010 0.078 0.001 0.012 0.006 0.016 0.104 0.773 
 155 T _   0.012 0.082 0.001 0.014 0.007 0.017 0.103 0.763 
 156 A _   0.013 0.087 0.001 0.017 0.009 0.019 0.102 0.752 
 157 Y _   0.014 0.092 0.001 0.019 0.010 0.020 0.102 0.742 
 158 E _   0.015 0.096 0.001 0.020 0.011 0.021 0.101 0.734 
 159 K _   0.017 0.099 0.001 0.021 0.012 0.022 0.101 0.728 
 160 L _   0.018 0.101 0.001 0.022 0.012 0.022 0.101 0.723 
 161 E _   0.019 0.102 0.001 0.022 0.013 0.023 0.102 0.720 
 162 I _   0.020 0.102 0.001 0.022 0.013 0.023 0.103 0.717 
 163 I _   0.021 0.101 0.001 0.023 0.013 0.022 0.104 0.716 
 164 N _   0.021 0.100 0.001 0.023 0.013 0.022 0.105 0.715 
 165 Y _   0.021 0.098 0.001 0.023 0.012 0.021 0.107 0.717 
 166 P _   0.020 0.094 0.001 0.023 0.011 0.020 0.110 0.721 
 167 E _   0.019 0.089 0.001 0.023 0.010 0.018 0.113 0.727 
 168 I _   0.018 0.082 0.001 0.021 0.009 0.017 0.116 0.737 
 169 Y _   0.016 0.073 0.001 0.019 0.008 0.015 0.119 0.750 
 170 F _   0.013 0.063 0.001 0.016 0.006 0.013 0.122 0.765 
 171 V _   0.011 0.053 0.001 0.013 0.005 0.012 0.125 0.780 
 172 G _   0.010 0.045 0.001 0.011 0.004 0.010 0.127 0.792 
 173 P _   0.009 0.039 0.000 0.009 0.003 0.009 0.129 0.800 
 174 N _   0.008 0.035 0.000 0.008 0.003 0.009 0.131 0.805 
 175 A _   0.007 0.033 0.000 0.009 0.003 0.008 0.133 0.807 
 176 K _   0.007 0.031 0.000 0.010 0.003 0.008 0.134 0.807 
 177 K _   0.006 0.031 0.000 0.011 0.003 0.008 0.135 0.804 
 178 R _   0.006 0.031 0.000 0.014 0.004 0.009 0.136 0.801 
 179 H _   0.006 0.031 0.000 0.016 0.004 0.009 0.137 0.797 
 180 G _   0.006 0.030 0.001 0.018 0.004 0.008 0.139 0.794 
 181 V _   0.006 0.029 0.001 0.019 0.004 0.008 0.141 0.793 
 182 I _   0.006 0.027 0.000 0.018 0.004 0.008 0.143 0.794 
 183 G _   0.006 0.024 0.000 0.016 0.003 0.007 0.145 0.799 
 184 G _   0.005 0.020 0.000 0.013 0.003 0.006 0.147 0.805 
 185 P _   0.005 0.015 0.000 0.010 0.002 0.006 0.148 0.813 
 186 N _   0.005 0.011 0.000 0.007 0.002 0.005 0.150 0.821 
 187 N _   0.004 0.008 0.000 0.005 0.001 0.004 0.150 0.827 
 188 G _   0.004 0.006 0.000 0.004 0.001 0.004 0.150 0.831 
 189 G _   0.003 0.005 0.000 0.003 0.001 0.004 0.149 0.834 
 190 Y _   0.003 0.005 0.000 0.003 0.001 0.004 0.148 0.835 
 191 D _   0.004 0.006 0.000 0.004 0.001 0.005 0.145 0.835 
 192 D _   0.004 0.008 0.000 0.005 0.002 0.006 0.142 0.833 
 193 A _   0.004 0.011 0.000 0.008 0.002 0.008 0.138 0.828 
 194 D _   0.005 0.017 0.000 0.011 0.003 0.010 0.133 0.821 
 195 G _   0.005 0.024 0.001 0.016 0.004 0.011 0.127 0.812 
 196 A _   0.005 0.031 0.001 0.020 0.005 0.013 0.121 0.803 
 197 Y _   0.006 0.038 0.001 0.024 0.006 0.014 0.115 0.796 
 198 I _   0.006 0.043 0.001 0.026 0.007 0.015 0.110 0.792 
 199 H _   0.006 0.046 0.001 0.025 0.007 0.016 0.106 0.793 
 200 V _   0.006 0.048 0.001 0.024 0.007 0.017 0.102 0.795 
 201 P _   0.007 0.049 0.001 0.021 0.007 0.018 0.098 0.799 
 202 R _   0.008 0.049 0.001 0.019 0.007 0.020 0.095 0.802 
 203 D _   0.009 0.049 0.001 0.017 0.008 0.022 0.092 0.803 
 204 H _   0.011 0.050 0.001 0.016 0.009 0.024 0.089 0.801 
 205 L _   0.014 0.051 0.001 0.016 0.010 0.027 0.086 0.795 
 206 A _   0.017 0.053 0.001 0.018 0.012 0.029 0.084 0.787 
 207 Y _   0.020 0.056 0.001 0.020 0.014 0.032 0.081 0.776 
 208 R _   0.022 0.060 0.001 0.023 0.016 0.034 0.079 0.766 
 209 Y _   0.025 0.062 0.001 0.026 0.017 0.035 0.076 0.757 
 210 E _   0.027 0.064 0.001 0.027 0.018 0.035 0.075 0.753 
 211 V _   0.028 0.063 0.001 0.027 0.018 0.035 0.073 0.755 
 212 L _   0.029 0.061 0.001 0.025 0.017 0.034 0.072 0.761 
 213 K _   0.029 0.058 0.001 0.021 0.016 0.034 0.071 0.770 
 214 I _   0.030 0.054 0.001 0.018 0.014 0.033 0.070 0.780 
 215 I _   0.031 0.050 0.001 0.015 0.013 0.032 0.069 0.789 
 216 G _   0.031 0.046 0.001 0.014 0.013 0.032 0.068 0.795 
 217 K _   0.032 0.044 0.001 0.013 0.013 0.031 0.068 0.798 
 218 G _   0.032 0.043 0.001 0.014 0.013 0.031 0.067 0.798 
 219 S _   0.032 0.042 0.001 0.016 0.013 0.030 0.067 0.798 
 220 F _   0.032 0.041 0.001 0.018 0.013 0.030 0.067 0.798 
 221 G _   0.030 0.040 0.001 0.019 0.013 0.028 0.067 0.801 
 222 Q _   0.029 0.038 0.001 0.019 0.012 0.027 0.067 0.807 
 223 V _   0.026 0.035 0.001 0.018 0.011 0.025 0.067 0.817 
 224 A _   0.024 0.031 0.001 0.016 0.009 0.023 0.067 0.829 
 225 R _   0.021 0.026 0.001 0.012 0.007 0.021 0.067 0.844 
 226 V _   0.019 0.022 0.001 0.009 0.006 0.019 0.067 0.856 
 227 Y _   0.018 0.019 0.001 0.007 0.005 0.018 0.067 0.866 
 228 D _   0.017 0.017 0.001 0.006 0.005 0.018 0.066 0.870 
 229 H _   0.018 0.017 0.001 0.005 0.005 0.019 0.066 0.870 
 230 K _   0.019 0.018 0.001 0.006 0.006 0.020 0.065 0.865 
 231 L _   0.020 0.022 0.001 0.009 0.008 0.022 0.064 0.854 
 232 R _   0.022 0.030 0.001 0.014 0.010 0.025 0.063 0.835 
 233 Q _   0.024 0.041 0.001 0.021 0.013 0.026 0.062 0.811 
 234 Y _   0.025 0.053 0.001 0.030 0.016 0.027 0.061 0.788 
 235 V _   0.025 0.063 0.001 0.037 0.017 0.027 0.060 0.769 
 236 A _   0.024 0.068 0.001 0.042 0.018 0.027 0.060 0.759 
 237 L _   0.023 0.070 0.001 0.044 0.017 0.025 0.060 0.760 
 238 K _   0.022 0.069 0.001 0.041 0.015 0.023 0.061 0.769 
 239 M _   0.019 0.063 0.001 0.035 0.012 0.020 0.062 0.787 
 240 V _   0.017 0.054 0.001 0.027 0.010 0.018 0.063 0.811 
 241 R _   0.015 0.042 0.001 0.019 0.007 0.015 0.064 0.837 
 242 N _   0.013 0.030 0.001 0.012 0.005 0.013 0.065 0.861 
 243 E _   0.011 0.022 0.000 0.008 0.004 0.011 0.066 0.878 
 244 K _   0.010 0.017 0.000 0.005 0.003 0.010 0.066 0.889 
 245 R _   0.009 0.014 0.000 0.004 0.002 0.010 0.066 0.894 
 246 F _   0.009 0.014 0.000 0.004 0.002 0.011 0.065 0.894 
 247 H _   0.010 0.016 0.000 0.005 0.003 0.012 0.065 0.889 
 248 R _   0.011 0.020 0.001 0.008 0.004 0.014 0.064 0.878 
 249 Q _   0.013 0.028 0.001 0.013 0.007 0.017 0.062 0.860 
 250 A _   0.014 0.041 0.001 0.020 0.009 0.019 0.060 0.835 
 251 A _   0.015 0.056 0.001 0.029 0.012 0.021 0.059 0.807 
 252 E _   0.016 0.069 0.001 0.038 0.014 0.023 0.057 0.782 
 253 E _   0.016 0.078 0.001 0.045 0.015 0.023 0.056 0.765 
 254 I _   0.016 0.082 0.001 0.049 0.015 0.023 0.055 0.758 
 255 R _   0.016 0.083 0.001 0.049 0.015 0.022 0.055 0.760 
 256 I _   0.015 0.080 0.001 0.046 0.013 0.020 0.055 0.770 
 257 L _   0.014 0.072 0.001 0.039 0.011 0.018 0.056 0.788 
 258 E _   0.013 0.060 0.001 0.031 0.009 0.016 0.057 0.813 
 259 H _   0.012 0.044 0.001 0.022 0.007 0.014 0.058 0.843 
 260 L _   0.011 0.027 0.001 0.015 0.005 0.012 0.058 0.871 
 261 K _   0.010 0.014 0.000 0.009 0.003 0.010 0.059 0.894 
 262 K _   0.009 0.006 0.000 0.005 0.002 0.009 0.059 0.909 
 263 Q _   0.009 0.003 0.000 0.003 0.002 0.009 0.058 0.915 
 264 D _   0.010 0.001 0.000 0.002 0.002 0.011 0.058 0.916 
 265 K _   0.013 0.001 0.000 0.002 0.002 0.013 0.056 0.911 
 266 T _   0.020 0.001 0.000 0.003 0.004 0.018 0.055 0.898 
 267 G _   0.030 0.002 0.001 0.006 0.007 0.026 0.053 0.876 
 268 S _   0.045 0.005 0.001 0.011 0.012 0.034 0.050 0.842 
 269 M _   0.061 0.011 0.001 0.019 0.020 0.044 0.047 0.797 
 270 N _   0.078 0.018 0.002 0.029 0.028 0.052 0.044 0.749 
 271 V _   0.096 0.024 0.002 0.039 0.035 0.058 0.040 0.706 
 272 I _   0.112 0.027 0.002 0.045 0.039 0.061 0.038 0.676 
 273 H _   0.128 0.027 0.002 0.046 0.041 0.062 0.036 0.658 
 274 M _   0.144 0.025 0.002 0.041 0.039 0.060 0.034 0.654 
 275 L _   0.161 0.021 0.002 0.032 0.035 0.058 0.032 0.660 
 276 E _   0.178 0.014 0.002 0.021 0.030 0.054 0.031 0.671 
 277 S _   0.197 0.007 0.002 0.012 0.023 0.050 0.029 0.680 
 278 F _   0.216 0.002 0.001 0.006 0.018 0.046 0.028 0.684 
 279 T _   0.237 0.001 0.001 0.003 0.014 0.042 0.027 0.676 
 280 F _   0.266 0.000 0.001 0.002 0.012 0.040 0.026 0.654 
 281 R _   0.301 0.000 0.001 0.002 0.012 0.039 0.025 0.621 
 282 N _   0.344 0.000 0.001 0.002 0.014 0.040 0.024 0.575 
 283 H _   0.392 0.000 0.001 0.002 0.019 0.041 0.023 0.523 
 284 V _   0.438 0.000 0.001 0.003 0.024 0.042 0.022 0.469 
 285 C H   0.479 0.000 0.002 0.004 0.030 0.043 0.022 0.420 
 286 M H   0.507 0.001 0.002 0.005 0.036 0.043 0.022 0.384 
 287 A H   0.523 0.001 0.002 0.007 0.040 0.042 0.023 0.363 
 288 F H   0.527 0.001 0.002 0.008 0.041 0.041 0.024 0.357 
 289 E H   0.516 0.002 0.002 0.008 0.041 0.039 0.025 0.367 
 290 L H   0.492 0.002 0.002 0.009 0.039 0.037 0.027 0.393 
 291 L H   0.456 0.002 0.002 0.009 0.035 0.034 0.030 0.432 
 292 S _   0.408 0.002 0.002 0.009 0.030 0.032 0.033 0.484 
 293 I _   0.354 0.001 0.002 0.009 0.025 0.029 0.036 0.544 
 294 D _   0.295 0.001 0.002 0.009 0.019 0.026 0.040 0.608 
 295 L _   0.234 0.001 0.001 0.009 0.014 0.022 0.044 0.674 
 296 Y _   0.179 0.001 0.001 0.008 0.010 0.019 0.048 0.734 
 297 E _   0.132 0.001 0.001 0.007 0.007 0.016 0.051 0.786 
 298 L _   0.093 0.000 0.001 0.005 0.005 0.014 0.054 0.829 
 299 I _   0.064 0.000 0.000 0.004 0.003 0.012 0.055 0.861 
 300 K _   0.044 0.000 0.000 0.003 0.002 0.010 0.057 0.883 
 301 K _   0.032 0.000 0.000 0.002 0.002 0.010 0.057 0.896 
 302 N _   0.026 0.000 0.000 0.002 0.002 0.011 0.057 0.901 
 303 K _   0.025 0.000 0.000 0.002 0.002 0.013 0.057 0.900 
 304 F _   0.026 0.001 0.000 0.003 0.003 0.016 0.057 0.894 
 305 Q _   0.030 0.002 0.001 0.004 0.005 0.021 0.056 0.880 
 306 G _   0.036 0.007 0.001 0.007 0.009 0.027 0.056 0.857 
 307 F _   0.043 0.016 0.001 0.013 0.014 0.033 0.055 0.826 
 308 S _   0.049 0.028 0.001 0.019 0.019 0.038 0.054 0.792 
 309 V _   0.053 0.042 0.002 0.026 0.024 0.042 0.053 0.759 
 310 Q _   0.057 0.053 0.002 0.031 0.027 0.044 0.052 0.733 
 311 L _   0.059 0.061 0.002 0.035 0.030 0.046 0.051 0.716 
 312 V _   0.059 0.066 0.002 0.037 0.030 0.045 0.051 0.710 
 313 R _   0.058 0.068 0.002 0.036 0.030 0.044 0.052 0.711 
 314 K _   0.056 0.067 0.002 0.034 0.027 0.041 0.052 0.721 
 315 F _   0.052 0.064 0.002 0.031 0.024 0.038 0.053 0.736 
 316 A _   0.048 0.059 0.002 0.027 0.021 0.034 0.055 0.755 
 317 Q _   0.042 0.053 0.001 0.024 0.017 0.030 0.056 0.777 
 318 S _   0.037 0.045 0.001 0.020 0.013 0.027 0.058 0.799 
 319 I _   0.032 0.038 0.001 0.017 0.010 0.023 0.059 0.820 
 320 L _   0.027 0.031 0.001 0.014 0.008 0.020 0.060 0.839 
 321 Q _   0.022 0.025 0.001 0.012 0.006 0.017 0.061 0.855 
 322 S _   0.019 0.020 0.001 0.010 0.005 0.015 0.062 0.868 
 323 L _   0.016 0.016 0.001 0.008 0.004 0.013 0.063 0.878 
 324 D _   0.014 0.013 0.000 0.007 0.004 0.012 0.063 0.886 
 325 A _   0.012 0.011 0.000 0.007 0.003 0.011 0.064 0.892 
 326 L _   0.011 0.010 0.000 0.007 0.003 0.010 0.064 0.894 
 327 H _   0.011 0.009 0.000 0.007 0.003 0.010 0.064 0.895 
 328 K _   0.011 0.009 0.000 0.008 0.003 0.010 0.064 0.895 
 329 N _   0.010 0.009 0.000 0.008 0.004 0.010 0.064 0.895 
 330 K _   0.010 0.009 0.000 0.009 0.004 0.010 0.064 0.894 
 331 I _   0.010 0.010 0.000 0.010 0.004 0.009 0.063 0.893 
 332 I _   0.009 0.010 0.000 0.010 0.004 0.009 0.063 0.893 
 333 H _   0.009 0.011 0.000 0.010 0.004 0.009 0.063 0.895 
 334 C _   0.008 0.011 0.000 0.009 0.004 0.009 0.062 0.896 
 335 D _   0.008 0.012 0.000 0.009 0.003 0.009 0.061 0.898 
 336 L _   0.007 0.012 0.000 0.009 0.003 0.009 0.060 0.899 
 337 K _   0.007 0.013 0.000 0.009 0.003 0.009 0.060 0.899 
 338 P _   0.007 0.015 0.000 0.009 0.003 0.009 0.058 0.898 
 339 E _   0.007 0.017 0.000 0.010 0.004 0.009 0.057 0.895 
 340 N _   0.007 0.019 0.000 0.012 0.004 0.010 0.056 0.892 
 341 I _   0.007 0.022 0.001 0.013 0.004 0.010 0.055 0.889 
 342 L _   0.007 0.025 0.001 0.014 0.004 0.010 0.053 0.886 
 343 L _   0.007 0.028 0.001 0.014 0.004 0.010 0.052 0.885 
 344 K _   0.007 0.030 0.001 0.014 0.004 0.010 0.051 0.885 
 345 H _   0.006 0.032 0.001 0.013 0.004 0.010 0.049 0.886 
 346 H _   0.006 0.033 0.000 0.012 0.004 0.010 0.048 0.887 
 347 G _   0.006 0.035 0.000 0.011 0.004 0.010 0.046 0.887 
 348 R _   0.006 0.037 0.000 0.011 0.004 0.010 0.045 0.886 
 349 S _   0.006 0.040 0.001 0.011 0.004 0.011 0.043 0.883 
 350 S _   0.007 0.044 0.001 0.012 0.005 0.011 0.042 0.878 
 351 T _   0.007 0.049 0.001 0.013 0.005 0.012 0.041 0.872 
 352 K _   0.008 0.054 0.001 0.014 0.005 0.013 0.039 0.865 
 353 V _   0.008 0.060 0.001 0.016 0.006 0.014 0.037 0.858 
 354 I _   0.009 0.066 0.001 0.016 0.006 0.015 0.036 0.850 
 355 D _   0.009 0.072 0.001 0.017 0.007 0.016 0.034 0.843 
 356 F _   0.010 0.077 0.001 0.018 0.008 0.018 0.033 0.836 
 357 G _   0.011 0.082 0.001 0.018 0.008 0.019 0.031 0.830 
 358 S _   0.012 0.085 0.001 0.018 0.009 0.021 0.030 0.825 
 359 S _   0.013 0.089 0.001 0.018 0.009 0.022 0.029 0.819 
 360 C _   0.014 0.092 0.001 0.018 0.010 0.024 0.028 0.812 
 361 F _   0.016 0.096 0.001 0.019 0.011 0.025 0.027 0.805 
 362 E _   0.017 0.100 0.001 0.020 0.013 0.027 0.026 0.797 
 363 Y _   0.018 0.104 0.001 0.021 0.014 0.028 0.025 0.790 
 364 Q _   0.019 0.107 0.001 0.023 0.014 0.029 0.024 0.784 
 365 K _   0.019 0.109 0.001 0.024 0.015 0.029 0.023 0.780 
 366 L _   0.019 0.110 0.001 0.025 0.015 0.029 0.022 0.779 
 367 Y _   0.020 0.109 0.001 0.025 0.015 0.028 0.021 0.780 
 368 T _   0.019 0.108 0.001 0.025 0.015 0.028 0.021 0.783 
 369 Y _   0.020 0.104 0.001 0.024 0.014 0.027 0.020 0.789 
 370 I _   0.020 0.099 0.001 0.023 0.014 0.026 0.020 0.797 
 371 Q _   0.020 0.094 0.001 0.021 0.013 0.026 0.019 0.806 
 372 S _   0.020 0.087 0.001 0.020 0.012 0.025 0.019 0.816 
 373 R _   0.020 0.080 0.001 0.019 0.012 0.025 0.018 0.825 
 374 F _   0.020 0.073 0.001 0.018 0.012 0.024 0.018 0.835 
 375 Y _   0.020 0.067 0.001 0.017 0.011 0.024 0.018 0.842 
 376 R _   0.020 0.062 0.001 0.018 0.011 0.023 0.017 0.847 
 377 A _   0.020 0.058 0.001 0.019 0.011 0.023 0.017 0.851 
 378 P _   0.021 0.054 0.001 0.020 0.011 0.022 0.017 0.854 
 379 E _   0.022 0.049 0.001 0.021 0.011 0.021 0.017 0.858 
 380 I _   0.023 0.043 0.001 0.021 0.011 0.020 0.016 0.864 
 381 I _   0.026 0.036 0.001 0.020 0.010 0.019 0.016 0.871 
 382 L _   0.030 0.028 0.001 0.017 0.009 0.018 0.016 0.882 
 383 G _   0.035 0.018 0.001 0.013 0.008 0.016 0.015 0.893 
 384 S _   0.043 0.010 0.001 0.009 0.006 0.015 0.015 0.901 
 385 R _   0.055 0.004 0.001 0.005 0.005 0.013 0.014 0.903 
 386 Y _   0.072 0.001 0.001 0.003 0.004 0.012 0.014 0.893 
 387 S _   0.099 0.000 0.000 0.002 0.004 0.012 0.013 0.871 
 388 T _   0.141 0.000 0.001 0.001 0.004 0.012 0.011 0.830 
 389 P _   0.208 0.000 0.001 0.001 0.005 0.013 0.010 0.762 
 390 I _   0.307 0.000 0.001 0.001 0.007 0.014 0.009 0.661 
 391 D _   0.427 0.000 0.001 0.001 0.010 0.016 0.008 0.538 
 392 I H   0.557 0.000 0.001 0.001 0.014 0.017 0.006 0.403 
 393 W H   0.668 0.000 0.001 0.001 0.019 0.018 0.005 0.287 
 394 S H   0.748 0.000 0.001 0.001 0.023 0.018 0.005 0.204 
 395 F H   0.798 0.000 0.001 0.001 0.025 0.018 0.005 0.151 
 396 G H   0.828 0.000 0.001 0.001 0.027 0.017 0.005 0.120 
 397 C H   0.841 0.000 0.001 0.002 0.029 0.016 0.006 0.105 
 398 I H   0.840 0.000 0.002 0.002 0.030 0.016 0.007 0.103 
 399 L H   0.826 0.000 0.002 0.002 0.031 0.015 0.009 0.115 
 400 A H   0.795 0.000 0.002 0.003 0.031 0.016 0.011 0.142 
 401 E H   0.743 0.000 0.002 0.004 0.030 0.016 0.015 0.190 
 402 L H   0.665 0.000 0.002 0.005 0.027 0.016 0.021 0.263 
 403 L H   0.560 0.000 0.002 0.006 0.022 0.016 0.029 0.365 
 404 T _   0.442 0.000 0.002 0.006 0.017 0.014 0.039 0.480 
 405 G _   0.325 0.000 0.001 0.006 0.012 0.013 0.050 0.592 
 406 Q _   0.224 0.000 0.001 0.006 0.008 0.011 0.060 0.690 
 407 P _   0.145 0.000 0.001 0.005 0.005 0.009 0.068 0.766 
 408 L _   0.088 0.000 0.000 0.004 0.003 0.008 0.075 0.822 
 409 F _   0.050 0.000 0.000 0.003 0.002 0.006 0.079 0.859 
 410 P _   0.028 0.000 0.000 0.002 0.001 0.005 0.082 0.881 
 411 G _   0.016 0.000 0.000 0.002 0.001 0.005 0.083 0.892 
 412 E _   0.011 0.000 0.000 0.001 0.001 0.006 0.084 0.896 
 413 D _   0.010 0.000 0.000 0.002 0.001 0.008 0.084 0.895 
 414 E _   0.012 0.001 0.000 0.002 0.002 0.012 0.084 0.886 
 415 G _   0.018 0.006 0.000 0.004 0.005 0.018 0.082 0.866 
 416 D _   0.027 0.022 0.001 0.010 0.011 0.028 0.080 0.820 
 417 Q _   0.036 0.072 0.002 0.023 0.022 0.039 0.076 0.730 
 418 L _   0.042 0.169 0.003 0.043 0.033 0.046 0.071 0.593 
 419 A _   0.042 0.270 0.003 0.065 0.039 0.048 0.067 0.466 
 420 C _   0.040 0.337 0.003 0.082 0.039 0.047 0.064 0.387 
 421 M E   0.039 0.370 0.002 0.092 0.037 0.045 0.063 0.352 
 422 M E   0.037 0.382 0.002 0.096 0.035 0.042 0.063 0.343 
 423 E E   0.035 0.382 0.002 0.092 0.032 0.038 0.064 0.354 
 424 L _   0.033 0.369 0.002 0.082 0.028 0.034 0.067 0.384 
 425 L _   0.031 0.335 0.002 0.067 0.024 0.030 0.070 0.440 
 426 G _   0.029 0.274 0.002 0.050 0.019 0.025 0.075 0.526 
 427 M _   0.026 0.194 0.002 0.033 0.014 0.021 0.080 0.629 
 428 P _   0.023 0.120 0.001 0.020 0.009 0.018 0.085 0.723 
 429 P _   0.018 0.072 0.001 0.012 0.006 0.015 0.089 0.787 
 430 P _   0.014 0.049 0.000 0.007 0.003 0.012 0.091 0.822 
 431 K _   0.011 0.039 0.000 0.005 0.002 0.010 0.093 0.840 
 432 L _   0.009 0.035 0.000 0.004 0.002 0.009 0.093 0.847 
 433 L _   0.008 0.035 0.000 0.004 0.002 0.009 0.093 0.849 
 434 E _   0.008 0.037 0.000 0.006 0.002 0.010 0.092 0.845 
 435 Q _   0.007 0.043 0.000 0.008 0.003 0.011 0.091 0.837 
 436 S _   0.007 0.052 0.001 0.011 0.004 0.011 0.089 0.825 
 437 K _   0.007 0.065 0.001 0.015 0.005 0.012 0.087 0.809 
 438 R _   0.007 0.078 0.001 0.018 0.006 0.013 0.084 0.793 
 439 A _   0.007 0.091 0.001 0.021 0.006 0.013 0.082 0.779 
 440 K _   0.007 0.101 0.001 0.022 0.007 0.013 0.081 0.769 
 441 Y _   0.007 0.108 0.001 0.022 0.007 0.013 0.080 0.763 
 442 F _   0.007 0.113 0.001 0.021 0.007 0.013 0.079 0.760 
 443 I _   0.007 0.117 0.001 0.019 0.006 0.013 0.078 0.758 
 444 N _   0.007 0.119 0.001 0.017 0.006 0.013 0.078 0.759 
 445 S _   0.008 0.121 0.001 0.016 0.006 0.013 0.078 0.759 
 446 K _   0.008 0.122 0.001 0.014 0.006 0.013 0.078 0.758 
 447 G _   0.009 0.124 0.001 0.013 0.006 0.014 0.078 0.756 
 448 I _   0.009 0.128 0.001 0.013 0.006 0.014 0.078 0.752 
 449 P _   0.010 0.132 0.001 0.013 0.006 0.015 0.078 0.746 
 450 R _   0.010 0.138 0.001 0.013 0.006 0.016 0.078 0.738 
 451 Y _   0.011 0.144 0.001 0.014 0.007 0.016 0.078 0.730 
 452 C _   0.011 0.151 0.001 0.014 0.007 0.017 0.078 0.721 
 453 S _   0.011 0.159 0.001 0.015 0.007 0.018 0.077 0.712 
 454 V _   0.012 0.167 0.001 0.015 0.008 0.018 0.077 0.701 
 455 T _   0.012 0.176 0.001 0.016 0.008 0.019 0.077 0.690 
 456 T _   0.013 0.186 0.001 0.017 0.009 0.020 0.077 0.677 
 457 Q _   0.013 0.198 0.001 0.018 0.010 0.021 0.077 0.661 
 458 A _   0.014 0.213 0.001 0.021 0.012 0.022 0.077 0.641 
 459 D _   0.014 0.228 0.001 0.025 0.013 0.022 0.077 0.619 
 460 G _   0.015 0.244 0.001 0.030 0.014 0.023 0.078 0.596 
 461 R _   0.015 0.257 0.001 0.035 0.014 0.022 0.079 0.576 
 462 V _   0.016 0.267 0.001 0.040 0.015 0.022 0.080 0.560 
 463 V _   0.016 0.271 0.001 0.043 0.014 0.021 0.082 0.551 
 464 L _   0.015 0.271 0.001 0.045 0.013 0.020 0.085 0.550 
 465 V _   0.014 0.264 0.001 0.044 0.012 0.018 0.088 0.558 
 466 G _   0.013 0.249 0.001 0.040 0.011 0.017 0.092 0.576 
 467 G _   0.013 0.226 0.001 0.035 0.009 0.015 0.098 0.603 
 468 R _   0.012 0.195 0.001 0.028 0.008 0.013 0.103 0.639 
 469 S _   0.012 0.158 0.001 0.022 0.006 0.012 0.110 0.680 
 470 R _   0.010 0.124 0.001 0.016 0.005 0.010 0.115 0.719 
 471 R _   0.009 0.098 0.000 0.011 0.003 0.009 0.120 0.749 
 472 G _   0.008 0.080 0.000 0.008 0.002 0.007 0.124 0.770 
 473 K _   0.006 0.070 0.000 0.006 0.002 0.006 0.126 0.783 
 474 K _   0.005 0.065 0.000 0.005 0.001 0.006 0.127 0.790 
 475 R _   0.005 0.063 0.000 0.004 0.001 0.005 0.127 0.794 
 476 G _   0.004 0.063 0.000 0.005 0.001 0.005 0.126 0.795 
 477 P _   0.004 0.066 0.000 0.005 0.001 0.006 0.125 0.792 
 478 P _   0.004 0.073 0.000 0.007 0.002 0.007 0.122 0.786 
 479 G _   0.004 0.085 0.000 0.009 0.003 0.008 0.118 0.773 
 480 S _   0.005 0.104 0.000 0.013 0.003 0.009 0.113 0.752 
 481 K _   0.005 0.132 0.001 0.017 0.005 0.011 0.107 0.723 
 482 D _   0.005 0.168 0.001 0.021 0.006 0.012 0.100 0.687 
 483 W _   0.005 0.208 0.001 0.025 0.006 0.013 0.094 0.648 
 484 G _   0.005 0.245 0.001 0.027 0.007 0.014 0.088 0.614 
 485 T _   0.005 0.275 0.001 0.028 0.007 0.014 0.083 0.588 
 486 A _   0.005 0.299 0.001 0.027 0.007 0.014 0.078 0.569 
 487 L _   0.005 0.317 0.001 0.025 0.007 0.015 0.075 0.556 
 488 K _   0.005 0.330 0.001 0.023 0.007 0.016 0.072 0.547 
 489 G _   0.005 0.341 0.001 0.021 0.007 0.017 0.069 0.538 
 490 C _   0.007 0.352 0.001 0.020 0.008 0.019 0.067 0.527 
 491 D _   0.008 0.365 0.001 0.021 0.010 0.021 0.064 0.511 
 492 D _   0.010 0.379 0.001 0.022 0.012 0.024 0.062 0.490 
 493 Y _   0.013 0.396 0.001 0.026 0.015 0.026 0.060 0.464 
 494 L _   0.015 0.414 0.001 0.031 0.017 0.028 0.058 0.436 
 495 F E   0.017 0.429 0.001 0.037 0.019 0.028 0.056 0.413 
 496 I E   0.018 0.439 0.001 0.042 0.020 0.028 0.055 0.395 
 497 E E   0.019 0.443 0.001 0.046 0.021 0.028 0.055 0.388 
 498 F E   0.019 0.439 0.001 0.047 0.020 0.026 0.055 0.393 
 499 L E   0.019 0.426 0.002 0.046 0.019 0.025 0.055 0.408 
 500 K _   0.019 0.399 0.002 0.043 0.018 0.023 0.057 0.440 
 501 R _   0.019 0.353 0.002 0.038 0.017 0.021 0.059 0.492 
 502 C _   0.019 0.288 0.002 0.031 0.015 0.020 0.062 0.563 
 503 L _   0.018 0.216 0.002 0.024 0.012 0.019 0.065 0.644 
 504 H _   0.017 0.151 0.001 0.018 0.009 0.017 0.068 0.718 
 505 W _   0.015 0.107 0.001 0.012 0.006 0.015 0.071 0.772 
 506 D _   0.013 0.082 0.001 0.009 0.005 0.014 0.073 0.805 
 507 P _   0.012 0.069 0.000 0.007 0.004 0.013 0.073 0.822 
 508 S _   0.011 0.063 0.000 0.006 0.003 0.012 0.074 0.830 
 509 A _   0.010 0.061 0.000 0.007 0.003 0.013 0.074 0.831 
 510 R _   0.010 0.062 0.000 0.008 0.004 0.013 0.074 0.829 
 511 L _   0.011 0.064 0.001 0.011 0.005 0.014 0.073 0.822 
 512 T _   0.011 0.068 0.001 0.014 0.006 0.015 0.073 0.813 
 513 P _   0.011 0.072 0.001 0.018 0.007 0.015 0.072 0.803 
 514 A _   0.012 0.076 0.001 0.021 0.008 0.016 0.072 0.795 
 515 Q _   0.012 0.079 0.001 0.023 0.008 0.016 0.072 0.791 
 516 A _   0.012 0.079 0.001 0.023 0.008 0.015 0.072 0.790 
 517 L _   0.011 0.078 0.001 0.022 0.008 0.015 0.072 0.793 
 518 R _   0.011 0.075 0.001 0.020 0.007 0.014 0.072 0.799 
 519 H _   0.010 0.071 0.001 0.017 0.007 0.013 0.073 0.807 
 520 P _   0.010 0.067 0.001 0.015 0.006 0.012 0.074 0.816 
 521 W _   0.010 0.062 0.001 0.013 0.005 0.012 0.075 0.824 
 522 I _   0.009 0.059 0.001 0.011 0.005 0.011 0.075 0.829 
 523 S _   0.009 0.056 0.001 0.010 0.004 0.011 0.076 0.833 
 524 K _   0.009 0.054 0.001 0.010 0.004 0.011 0.077 0.834 
 525 S _   0.009 0.054 0.001 0.010 0.005 0.011 0.077 0.833 
 526 V _   0.009 0.054 0.001 0.012 0.005 0.011 0.078 0.831 
 527 P _   0.009 0.054 0.001 0.013 0.005 0.011 0.078 0.829 
 528 R _   0.009 0.055 0.001 0.014 0.005 0.011 0.079 0.827 
 529 P _   0.009 0.056 0.001 0.014 0.005 0.011 0.079 0.825 
 530 L _   0.008 0.056 0.001 0.014 0.005 0.011 0.080 0.825 
 531 T _   0.008 0.056 0.001 0.014 0.005 0.010 0.080 0.827 
 532 T _   0.007 0.055 0.001 0.013 0.005 0.010 0.081 0.829 
 533 I _   0.007 0.054 0.000 0.011 0.004 0.009 0.082 0.832 
 534 D _   0.007 0.054 0.000 0.010 0.004 0.009 0.082 0.834 
 535 K _   0.006 0.054 0.000 0.009 0.003 0.009 0.083 0.835 
 536 V _   0.006 0.056 0.000 0.008 0.003 0.009 0.083 0.834 
 537 S _   0.006 0.058 0.000 0.008 0.004 0.010 0.083 0.830 
 538 G _   0.007 0.063 0.000 0.009 0.004 0.010 0.083 0.823 
 539 K _   0.007 0.069 0.001 0.011 0.005 0.011 0.083 0.813 
 540 R _   0.008 0.078 0.001 0.013 0.005 0.013 0.083 0.800 
 541 V _   0.008 0.090 0.001 0.015 0.006 0.014 0.082 0.783 
 542 V _   0.009 0.103 0.001 0.018 0.008 0.015 0.082 0.764 
 543 N _   0.009 0.117 0.001 0.020 0.009 0.016 0.082 0.746 
 544 P _   0.010 0.130 0.001 0.023 0.009 0.017 0.082 0.729 
 545 A _   0.010 0.141 0.001 0.025 0.010 0.017 0.083 0.713 
 546 S _   0.011 0.149 0.001 0.026 0.010 0.017 0.083 0.702 
 547 A _   0.011 0.155 0.001 0.026 0.010 0.017 0.085 0.696 
 548 F _   0.011 0.158 0.001 0.025 0.010 0.017 0.086 0.693 
 549 Q _   0.010 0.159 0.001 0.023 0.009 0.017 0.088 0.693 
 550 G _   0.010 0.158 0.001 0.021 0.009 0.016 0.090 0.695 
 551 L _   0.010 0.156 0.001 0.019 0.008 0.016 0.092 0.698 
 552 G _   0.010 0.154 0.001 0.017 0.007 0.015 0.095 0.702 
 553 S _   0.010 0.151 0.001 0.015 0.007 0.015 0.098 0.704 
 554 K _   0.010 0.149 0.001 0.013 0.006 0.015 0.100 0.706 
 555 L _   0.010 0.148 0.001 0.013 0.006 0.015 0.103 0.705 
 556 P _   0.010 0.148 0.001 0.013 0.006 0.015 0.106 0.701 
 557 P _   0.011 0.149 0.001 0.014 0.007 0.015 0.109 0.695 
 558 V _   0.011 0.152 0.001 0.016 0.007 0.016 0.112 0.686 
 559 V _   0.011 0.155 0.001 0.018 0.008 0.016 0.115 0.676 
 560 G _   0.011 0.157 0.001 0.021 0.009 0.017 0.118 0.666 
 561 I _   0.011 0.159 0.001 0.023 0.009 0.017 0.122 0.658 
 562 A _   0.011 0.160 0.001 0.024 0.009 0.017 0.127 0.651 
 563 N _   0.011 0.158 0.001 0.024 0.009 0.016 0.132 0.649 
 564 K _   0.010 0.155 0.001 0.023 0.009 0.016 0.137 0.649 
 565 L _   0.010 0.150 0.001 0.022 0.008 0.015 0.143 0.652 
 566 K _   0.009 0.143 0.001 0.020 0.007 0.015 0.149 0.656 
 567 A _   0.009 0.135 0.001 0.017 0.007 0.014 0.156 0.662 
 568 N _   0.009 0.126 0.001 0.014 0.006 0.014 0.164 0.667 
 569 L _   0.009 0.118 0.001 0.012 0.005 0.013 0.171 0.671 
 570 M _   0.009 0.112 0.001 0.010 0.004 0.014 0.178 0.673 
 571 S _   0.009 0.107 0.001 0.008 0.004 0.014 0.185 0.672 
 572 E _   0.010 0.105 0.000 0.007 0.004 0.015 0.191 0.667 
 573 T _   0.012 0.105 0.000 0.007 0.004 0.017 0.196 0.658 
 574 N _   0.014 0.109 0.001 0.008 0.006 0.020 0.201 0.641 
 575 G _   0.017 0.118 0.001 0.010 0.008 0.024 0.206 0.615 
 576 S _   0.022 0.137 0.001 0.014 0.012 0.028 0.211 0.575 
 577 I _   0.025 0.169 0.002 0.021 0.016 0.032 0.216 0.519 
 578 P _   0.028 0.211 0.002 0.030 0.021 0.034 0.222 0.452 
 579 L _   0.027 0.253 0.002 0.039 0.024 0.034 0.229 0.391 
 580 C _   0.025 0.286 0.002 0.047 0.024 0.033 0.237 0.347 
 581 S _   0.021 0.305 0.002 0.051 0.023 0.029 0.247 0.322 
 582 V E   0.017 0.316 0.001 0.052 0.019 0.025 0.259 0.310 
 583 L E   0.013 0.317 0.001 0.049 0.015 0.019 0.274 0.311 
 584 P _   0.008 0.310 0.001 0.041 0.009 0.012 0.293 0.325 
 585 K _   0.004 0.288 0.001 0.029 0.003 0.006 0.312 0.357 
 586 L _   0.001 0.253 0.000 0.018 0.001 0.003 0.323 0.401 
 587 I _   0.001 0.220 0.000 0.015 0.001 0.002 0.325 0.436 
 588 S _   0.005 0.200 0.002 0.022 0.005 0.005 0.319 0.441 
