#TopoPred_TM8: 8-state transmembrane topology prediction results by no_profile mode 
#probabilities are in the order of H E C I L F X _, the 8 transmembrane topology types used in PDBTM 
   1 M _   0.040 0.001 0.003 0.057 0.016 0.021 0.377 0.485 
   2 V _   0.024 0.000 0.000 0.032 0.004 0.013 0.384 0.542 
   3 W _   0.020 0.000 0.000 0.017 0.002 0.010 0.380 0.571 
   4 R _   0.034 0.000 0.000 0.010 0.003 0.011 0.365 0.577 
   5 V _   0.075 0.000 0.001 0.006 0.005 0.015 0.332 0.566 
   6 P _   0.157 0.000 0.001 0.004 0.009 0.020 0.278 0.532 
   7 P _   0.265 0.000 0.001 0.003 0.011 0.024 0.222 0.475 
   8 F _   0.392 0.000 0.002 0.002 0.013 0.024 0.165 0.401 
   9 L H   0.513 0.000 0.002 0.002 0.015 0.024 0.118 0.327 
  10 L H   0.610 0.000 0.002 0.002 0.017 0.022 0.083 0.264 
  11 P H   0.687 0.000 0.002 0.002 0.019 0.020 0.057 0.213 
  12 I H   0.748 0.000 0.002 0.001 0.019 0.018 0.040 0.173 
  13 L H   0.794 0.000 0.001 0.001 0.018 0.015 0.029 0.142 
  14 F H   0.830 0.000 0.001 0.001 0.016 0.012 0.021 0.117 
  15 L H   0.857 0.000 0.001 0.001 0.015 0.010 0.016 0.099 
  16 A H   0.876 0.000 0.001 0.000 0.014 0.009 0.013 0.087 
  17 S H   0.887 0.000 0.001 0.000 0.013 0.008 0.011 0.079 
  18 H H   0.891 0.000 0.001 0.000 0.013 0.007 0.010 0.078 
  19 V H   0.890 0.000 0.001 0.000 0.013 0.007 0.009 0.080 
  20 G H   0.883 0.000 0.001 0.000 0.013 0.007 0.009 0.087 
  21 A H   0.869 0.000 0.001 0.001 0.013 0.007 0.009 0.100 
  22 A H   0.847 0.000 0.001 0.001 0.014 0.008 0.009 0.120 
  23 V H   0.816 0.000 0.001 0.001 0.015 0.009 0.010 0.148 
  24 D H   0.771 0.000 0.001 0.001 0.016 0.010 0.012 0.189 
  25 L H   0.713 0.000 0.001 0.002 0.016 0.011 0.014 0.242 
  26 T H   0.640 0.000 0.002 0.002 0.016 0.012 0.017 0.311 
  27 L H   0.553 0.000 0.002 0.003 0.015 0.013 0.021 0.393 
  28 L _   0.460 0.000 0.001 0.003 0.013 0.013 0.027 0.483 
  29 A _   0.366 0.000 0.001 0.003 0.010 0.013 0.032 0.575 
  30 N _   0.278 0.000 0.001 0.003 0.008 0.013 0.037 0.660 
  31 L _   0.205 0.000 0.001 0.003 0.006 0.012 0.042 0.731 
  32 R _   0.149 0.000 0.001 0.002 0.004 0.012 0.046 0.786 
  33 L _   0.108 0.000 0.000 0.002 0.004 0.012 0.050 0.824 
  34 T _   0.081 0.000 0.000 0.002 0.003 0.013 0.052 0.848 
  35 D _   0.065 0.000 0.000 0.002 0.004 0.014 0.054 0.860 
  36 P _   0.055 0.001 0.000 0.003 0.004 0.017 0.056 0.863 
  37 Q _   0.050 0.003 0.001 0.005 0.006 0.020 0.058 0.857 
  38 R _   0.047 0.009 0.001 0.009 0.009 0.023 0.060 0.841 
  39 F _   0.045 0.021 0.001 0.016 0.013 0.026 0.061 0.816 
  40 F _   0.042 0.037 0.001 0.026 0.017 0.029 0.063 0.785 
  41 L _   0.038 0.054 0.002 0.036 0.019 0.029 0.065 0.757 
  42 T _   0.034 0.067 0.002 0.044 0.020 0.029 0.067 0.737 
  43 C _   0.030 0.075 0.002 0.050 0.020 0.028 0.069 0.725 
  44 V _   0.027 0.079 0.002 0.052 0.019 0.026 0.073 0.722 
  45 S _   0.024 0.080 0.001 0.051 0.017 0.024 0.076 0.727 
  46 G _   0.021 0.077 0.001 0.046 0.014 0.021 0.081 0.739 
  47 E _   0.019 0.070 0.001 0.038 0.012 0.018 0.086 0.756 
  48 A _   0.016 0.059 0.001 0.029 0.009 0.015 0.092 0.779 
  49 G _   0.014 0.047 0.001 0.021 0.006 0.013 0.097 0.802 
  50 A _   0.011 0.035 0.001 0.014 0.004 0.010 0.102 0.823 
  51 G _   0.009 0.025 0.000 0.009 0.003 0.009 0.106 0.839 
  52 R _   0.008 0.020 0.000 0.006 0.002 0.007 0.109 0.848 
  53 G _   0.007 0.017 0.000 0.005 0.002 0.007 0.111 0.852 
  54 S _   0.006 0.015 0.000 0.005 0.002 0.006 0.113 0.853 
  55 D _   0.006 0.015 0.000 0.005 0.002 0.007 0.115 0.850 
  56 A _   0.006 0.017 0.000 0.007 0.002 0.008 0.116 0.844 
  57 W _   0.006 0.019 0.000 0.010 0.003 0.009 0.117 0.836 
  58 G _   0.006 0.023 0.000 0.014 0.004 0.010 0.117 0.826 
  59 P _   0.007 0.026 0.001 0.018 0.004 0.010 0.118 0.815 
  60 P _   0.007 0.030 0.001 0.022 0.005 0.011 0.119 0.806 
  61 L _   0.007 0.032 0.001 0.025 0.006 0.011 0.120 0.798 
  62 L _   0.007 0.033 0.001 0.026 0.006 0.011 0.122 0.795 
  63 L _   0.007 0.032 0.001 0.025 0.005 0.011 0.124 0.795 
  64 E _   0.007 0.030 0.001 0.023 0.005 0.010 0.127 0.797 
  65 K _   0.007 0.026 0.001 0.019 0.004 0.009 0.130 0.802 
  66 D _   0.007 0.022 0.000 0.016 0.004 0.009 0.134 0.808 
  67 D _   0.007 0.018 0.000 0.012 0.003 0.008 0.137 0.814 
  68 R _   0.007 0.014 0.000 0.010 0.002 0.007 0.140 0.820 
  69 I _   0.007 0.011 0.000 0.007 0.002 0.006 0.142 0.825 
  70 V _   0.006 0.009 0.000 0.006 0.002 0.005 0.144 0.829 
  71 R _   0.006 0.007 0.000 0.005 0.001 0.005 0.145 0.831 
  72 T _   0.005 0.006 0.000 0.004 0.001 0.005 0.145 0.834 
  73 P _   0.005 0.006 0.000 0.004 0.001 0.005 0.144 0.835 
  74 P _   0.004 0.007 0.000 0.004 0.001 0.005 0.143 0.835 
  75 G _   0.004 0.008 0.000 0.005 0.002 0.006 0.140 0.834 
  76 P _   0.005 0.010 0.000 0.006 0.002 0.007 0.138 0.832 
  77 P _   0.005 0.014 0.000 0.008 0.002 0.008 0.134 0.829 
  78 L _   0.005 0.019 0.000 0.010 0.003 0.009 0.130 0.824 
  79 R _   0.005 0.025 0.000 0.013 0.003 0.010 0.125 0.818 
  80 L _   0.005 0.033 0.001 0.016 0.004 0.011 0.120 0.811 
  81 A _   0.005 0.041 0.001 0.019 0.005 0.012 0.114 0.804 
  82 R _   0.005 0.048 0.001 0.023 0.006 0.013 0.109 0.797 
  83 N _   0.005 0.056 0.001 0.026 0.007 0.014 0.103 0.789 
  84 G _   0.005 0.062 0.001 0.030 0.008 0.015 0.098 0.780 
  85 S _   0.006 0.067 0.001 0.035 0.009 0.016 0.094 0.773 
  86 H _   0.006 0.071 0.001 0.038 0.009 0.017 0.090 0.767 
  87 Q _   0.007 0.072 0.001 0.041 0.010 0.017 0.087 0.765 
  88 V _   0.007 0.071 0.001 0.041 0.010 0.018 0.085 0.767 
  89 T _   0.008 0.067 0.001 0.039 0.010 0.018 0.083 0.775 
  90 L _   0.008 0.060 0.001 0.034 0.009 0.017 0.082 0.790 
  91 R _   0.009 0.049 0.001 0.027 0.008 0.017 0.080 0.808 
  92 G _   0.010 0.036 0.001 0.020 0.007 0.017 0.079 0.830 
  93 F _   0.011 0.023 0.001 0.013 0.006 0.018 0.078 0.849 
  94 S _   0.014 0.013 0.001 0.009 0.005 0.020 0.077 0.862 
  95 K _   0.019 0.007 0.001 0.006 0.005 0.022 0.076 0.865 
  96 P _   0.027 0.004 0.001 0.004 0.005 0.026 0.074 0.859 
  97 S _   0.040 0.003 0.001 0.004 0.007 0.031 0.072 0.842 
  98 D _   0.056 0.003 0.001 0.005 0.011 0.039 0.070 0.815 
  99 L _   0.077 0.005 0.001 0.007 0.017 0.047 0.068 0.777 
 100 V _   0.100 0.009 0.002 0.010 0.026 0.056 0.066 0.731 
 101 G _   0.121 0.015 0.002 0.016 0.036 0.064 0.064 0.683 
 102 V _   0.138 0.022 0.002 0.021 0.045 0.070 0.062 0.640 
 103 F _   0.151 0.029 0.003 0.026 0.051 0.073 0.060 0.607 
 104 S _   0.157 0.034 0.003 0.030 0.055 0.074 0.059 0.589 
 105 C _   0.161 0.037 0.003 0.031 0.056 0.073 0.059 0.582 
 106 V _   0.161 0.038 0.003 0.030 0.054 0.070 0.059 0.585 
 107 G _   0.157 0.037 0.002 0.028 0.051 0.067 0.060 0.598 
 108 G _   0.149 0.035 0.002 0.025 0.045 0.063 0.060 0.619 
 109 A _   0.139 0.033 0.002 0.022 0.039 0.058 0.062 0.646 
 110 G _   0.125 0.030 0.002 0.020 0.033 0.052 0.064 0.674 
 111 A _   0.111 0.026 0.002 0.018 0.027 0.047 0.066 0.704 
 112 R _   0.095 0.023 0.002 0.017 0.022 0.042 0.068 0.732 
 113 R _   0.079 0.021 0.001 0.016 0.017 0.036 0.070 0.759 
 114 T _   0.064 0.018 0.001 0.016 0.014 0.031 0.072 0.783 
 115 R _   0.051 0.016 0.001 0.015 0.011 0.027 0.075 0.804 
 116 V _   0.040 0.014 0.001 0.014 0.009 0.023 0.077 0.821 
 117 I _   0.031 0.013 0.001 0.013 0.007 0.019 0.079 0.837 
 118 Y _   0.024 0.011 0.001 0.012 0.006 0.016 0.081 0.850 
 119 V _   0.018 0.009 0.001 0.010 0.005 0.014 0.083 0.860 
 120 H _   0.015 0.008 0.001 0.009 0.004 0.012 0.084 0.868 
 121 N _   0.012 0.007 0.000 0.008 0.003 0.010 0.085 0.874 
 122 S _   0.010 0.006 0.000 0.007 0.003 0.009 0.086 0.877 
 123 P _   0.009 0.006 0.000 0.007 0.003 0.009 0.087 0.879 
 124 G _   0.008 0.006 0.000 0.007 0.003 0.008 0.087 0.880 
 125 A _   0.008 0.007 0.000 0.008 0.003 0.008 0.088 0.879 
 126 H _   0.007 0.007 0.000 0.009 0.003 0.008 0.088 0.878 
 127 L _   0.007 0.008 0.000 0.009 0.003 0.008 0.088 0.877 
 128 L _   0.007 0.009 0.000 0.010 0.003 0.008 0.088 0.876 
 129 P _   0.006 0.009 0.000 0.010 0.003 0.008 0.087 0.875 
 130 D _   0.006 0.010 0.000 0.010 0.003 0.007 0.087 0.876 
 131 K _   0.006 0.011 0.000 0.010 0.003 0.007 0.087 0.877 
 132 V _   0.006 0.011 0.000 0.009 0.003 0.007 0.086 0.878 
 133 T _   0.005 0.012 0.000 0.008 0.002 0.007 0.085 0.880 
 134 H _   0.005 0.013 0.000 0.007 0.002 0.007 0.084 0.881 
 135 T _   0.005 0.015 0.000 0.007 0.002 0.007 0.083 0.881 
 136 V _   0.005 0.017 0.000 0.007 0.002 0.008 0.082 0.878 
 137 N _   0.006 0.022 0.000 0.008 0.003 0.009 0.080 0.871 
 138 K _   0.006 0.031 0.000 0.011 0.004 0.011 0.077 0.859 
 139 G _   0.007 0.044 0.001 0.014 0.005 0.013 0.075 0.841 
 140 D _   0.008 0.062 0.001 0.020 0.007 0.015 0.071 0.815 
 141 T _   0.009 0.084 0.001 0.027 0.009 0.017 0.068 0.785 
 142 A _   0.009 0.104 0.001 0.034 0.011 0.018 0.065 0.757 
 143 V _   0.009 0.120 0.001 0.040 0.012 0.019 0.063 0.736 
 144 L _   0.010 0.131 0.001 0.043 0.012 0.019 0.061 0.723 
 145 S _   0.009 0.136 0.001 0.044 0.012 0.019 0.059 0.720 
 146 A _   0.009 0.137 0.001 0.042 0.011 0.018 0.058 0.723 
 147 R _   0.009 0.134 0.001 0.038 0.010 0.017 0.058 0.733 
 148 V _   0.009 0.128 0.001 0.032 0.009 0.016 0.058 0.747 
 149 H _   0.009 0.119 0.001 0.026 0.008 0.015 0.058 0.764 
 150 K _   0.009 0.108 0.001 0.021 0.007 0.014 0.059 0.782 
 151 E _   0.009 0.096 0.001 0.017 0.006 0.013 0.059 0.799 
 152 K _   0.009 0.086 0.001 0.014 0.005 0.012 0.060 0.813 
 153 Q _   0.009 0.079 0.001 0.012 0.005 0.011 0.061 0.823 
 154 T _   0.009 0.073 0.001 0.011 0.004 0.011 0.061 0.831 
 155 D _   0.009 0.068 0.000 0.010 0.004 0.011 0.062 0.836 
 156 V _   0.009 0.065 0.000 0.010 0.004 0.010 0.062 0.840 
 157 I _   0.009 0.063 0.000 0.010 0.004 0.010 0.062 0.842 
 158 W _   0.009 0.062 0.000 0.010 0.004 0.010 0.062 0.843 
 159 K _   0.009 0.061 0.000 0.010 0.004 0.011 0.061 0.844 
 160 S _   0.008 0.060 0.001 0.011 0.004 0.011 0.061 0.844 
 161 N _   0.008 0.061 0.001 0.012 0.005 0.011 0.061 0.843 
 162 G _   0.008 0.061 0.001 0.013 0.005 0.011 0.060 0.841 
 163 S _   0.008 0.062 0.001 0.014 0.005 0.012 0.060 0.839 
 164 Y _   0.009 0.062 0.001 0.015 0.005 0.012 0.060 0.837 
 165 F _   0.009 0.063 0.001 0.016 0.005 0.012 0.059 0.836 
 166 Y _   0.008 0.063 0.001 0.016 0.005 0.012 0.059 0.837 
 167 T _   0.008 0.062 0.001 0.015 0.005 0.011 0.059 0.839 
 168 L _   0.008 0.061 0.001 0.014 0.005 0.011 0.059 0.843 
 169 D _   0.007 0.059 0.001 0.013 0.004 0.010 0.059 0.847 
 170 W _   0.007 0.058 0.000 0.012 0.004 0.010 0.058 0.851 
 171 H _   0.007 0.057 0.000 0.011 0.004 0.010 0.058 0.853 
 172 E _   0.007 0.056 0.000 0.011 0.004 0.010 0.058 0.853 
 173 A _   0.007 0.057 0.000 0.012 0.004 0.011 0.058 0.851 
 174 Q _   0.007 0.058 0.001 0.014 0.005 0.011 0.057 0.847 
 175 D _   0.008 0.060 0.001 0.018 0.005 0.012 0.057 0.840 
 176 G _   0.008 0.061 0.001 0.021 0.006 0.013 0.057 0.833 
 177 R _   0.009 0.062 0.001 0.025 0.007 0.013 0.056 0.826 
 178 F _   0.009 0.062 0.001 0.027 0.008 0.013 0.057 0.823 
 179 L _   0.009 0.060 0.001 0.028 0.008 0.013 0.057 0.824 
 180 L _   0.009 0.055 0.001 0.026 0.007 0.012 0.058 0.832 
 181 Q _   0.009 0.048 0.001 0.023 0.006 0.011 0.059 0.845 
 182 L _   0.008 0.038 0.001 0.018 0.005 0.010 0.060 0.861 
 183 P _   0.007 0.027 0.001 0.013 0.004 0.008 0.060 0.879 
 184 N _   0.007 0.017 0.000 0.009 0.003 0.007 0.061 0.895 
 185 V _   0.006 0.011 0.000 0.006 0.002 0.007 0.061 0.906 
 186 Q _   0.006 0.007 0.000 0.004 0.002 0.007 0.061 0.913 
 187 P _   0.006 0.005 0.000 0.004 0.002 0.007 0.061 0.916 
 188 P _   0.006 0.004 0.000 0.004 0.002 0.008 0.060 0.915 
 189 S _   0.007 0.004 0.000 0.005 0.003 0.010 0.059 0.912 
 190 S _   0.008 0.005 0.000 0.008 0.004 0.013 0.058 0.905 
 191 G _   0.010 0.007 0.001 0.012 0.005 0.016 0.056 0.894 
 192 I _   0.011 0.010 0.001 0.017 0.007 0.019 0.054 0.880 
 193 Y _   0.013 0.013 0.001 0.023 0.010 0.022 0.052 0.866 
 194 S _   0.015 0.015 0.001 0.028 0.011 0.025 0.050 0.855 
 195 A _   0.017 0.015 0.001 0.031 0.013 0.027 0.048 0.848 
 196 T _   0.020 0.015 0.001 0.030 0.013 0.029 0.046 0.846 
 197 Y _   0.024 0.013 0.001 0.026 0.013 0.030 0.045 0.848 
 198 L _   0.030 0.011 0.001 0.021 0.012 0.031 0.044 0.852 
 199 E _   0.039 0.007 0.001 0.015 0.011 0.032 0.042 0.853 
 200 A _   0.052 0.004 0.001 0.010 0.010 0.034 0.041 0.848 
 201 S _   0.071 0.002 0.001 0.006 0.010 0.036 0.039 0.835 
 202 P _   0.098 0.001 0.001 0.004 0.011 0.039 0.038 0.808 
 203 L _   0.133 0.000 0.001 0.003 0.014 0.043 0.036 0.769 
 204 G _   0.173 0.000 0.001 0.003 0.018 0.048 0.035 0.720 
 205 S _   0.218 0.001 0.001 0.004 0.025 0.054 0.033 0.663 
 206 A _   0.259 0.001 0.002 0.006 0.034 0.059 0.032 0.607 
 207 F _   0.294 0.003 0.002 0.008 0.042 0.062 0.032 0.557 
 208 F _   0.318 0.006 0.002 0.011 0.049 0.064 0.032 0.518 
 209 R _   0.331 0.008 0.003 0.015 0.053 0.063 0.032 0.494 
 210 L _   0.334 0.011 0.003 0.018 0.055 0.061 0.033 0.485 
 211 I _   0.328 0.013 0.003 0.020 0.053 0.058 0.034 0.491 
 212 V _   0.310 0.014 0.003 0.022 0.049 0.054 0.035 0.514 
 213 R _   0.284 0.013 0.003 0.021 0.043 0.049 0.037 0.549 
 214 G _   0.250 0.012 0.002 0.020 0.036 0.043 0.039 0.596 
 215 C _   0.212 0.011 0.002 0.018 0.028 0.038 0.042 0.650 
 216 G _   0.171 0.009 0.002 0.016 0.021 0.032 0.045 0.706 
 217 A _   0.131 0.007 0.001 0.013 0.015 0.027 0.047 0.759 
 218 G _   0.096 0.005 0.001 0.011 0.010 0.022 0.049 0.807 
 219 R _   0.067 0.004 0.001 0.008 0.007 0.018 0.051 0.845 
 220 W _   0.046 0.003 0.001 0.007 0.005 0.014 0.052 0.873 
 221 G _   0.030 0.003 0.000 0.005 0.003 0.012 0.053 0.893 
 222 P _   0.020 0.003 0.000 0.005 0.003 0.010 0.053 0.906 
 223 G _   0.014 0.003 0.000 0.004 0.002 0.009 0.053 0.913 
 224 C _   0.011 0.005 0.000 0.005 0.002 0.009 0.053 0.914 
 225 T _   0.009 0.008 0.000 0.006 0.003 0.010 0.052 0.911 
 226 K _   0.009 0.015 0.000 0.009 0.004 0.011 0.051 0.901 
 227 E _   0.009 0.027 0.001 0.014 0.005 0.013 0.049 0.883 
 228 C _   0.009 0.043 0.001 0.020 0.007 0.014 0.048 0.859 
 229 P _   0.008 0.062 0.001 0.028 0.009 0.015 0.046 0.831 
 230 G _   0.008 0.080 0.001 0.035 0.010 0.015 0.044 0.807 
 231 C _   0.008 0.093 0.001 0.040 0.010 0.015 0.043 0.789 
 232 L _   0.008 0.102 0.001 0.042 0.010 0.015 0.042 0.779 
 233 H _   0.008 0.106 0.001 0.041 0.010 0.014 0.042 0.778 
 234 G _   0.008 0.106 0.001 0.037 0.008 0.013 0.042 0.784 
 235 G _   0.007 0.103 0.001 0.031 0.007 0.012 0.042 0.797 
 236 V _   0.007 0.098 0.001 0.024 0.005 0.010 0.043 0.812 
 237 C _   0.006 0.091 0.001 0.017 0.004 0.009 0.043 0.829 
 238 H _   0.005 0.085 0.000 0.011 0.003 0.008 0.043 0.843 
 239 D _   0.005 0.082 0.000 0.008 0.002 0.008 0.043 0.851 
 240 H _   0.005 0.081 0.000 0.006 0.002 0.008 0.043 0.855 
 241 D _   0.005 0.083 0.000 0.006 0.002 0.009 0.042 0.852 
 242 G _   0.006 0.090 0.000 0.008 0.003 0.010 0.041 0.841 
 243 E _   0.007 0.106 0.001 0.011 0.005 0.012 0.039 0.820 
 244 C _   0.008 0.135 0.001 0.015 0.007 0.014 0.037 0.782 
 245 V _   0.009 0.180 0.001 0.021 0.009 0.016 0.034 0.730 
 246 C _   0.009 0.235 0.001 0.026 0.011 0.017 0.031 0.670 
 247 P _   0.009 0.292 0.001 0.030 0.012 0.017 0.028 0.610 
 248 P _   0.008 0.343 0.001 0.032 0.012 0.017 0.026 0.561 
 249 G _   0.008 0.382 0.001 0.033 0.012 0.017 0.024 0.524 
 250 F _   0.008 0.409 0.001 0.032 0.011 0.016 0.023 0.501 
 251 T _   0.008 0.428 0.001 0.030 0.010 0.015 0.022 0.486 
 252 G _   0.007 0.440 0.001 0.028 0.010 0.015 0.021 0.478 
 253 T _   0.007 0.448 0.001 0.026 0.009 0.014 0.021 0.474 
 254 R _   0.007 0.452 0.001 0.024 0.008 0.013 0.020 0.474 
 255 C _   0.007 0.454 0.001 0.022 0.007 0.013 0.020 0.476 
 256 E _   0.007 0.454 0.001 0.020 0.007 0.012 0.020 0.480 
 257 Q _   0.007 0.452 0.001 0.019 0.006 0.011 0.020 0.484 
 258 A _   0.007 0.448 0.001 0.018 0.006 0.011 0.021 0.490 
 259 C _   0.007 0.442 0.001 0.016 0.005 0.010 0.021 0.498 
 260 R _   0.006 0.436 0.001 0.016 0.005 0.010 0.021 0.506 
 261 E _   0.006 0.428 0.001 0.015 0.005 0.009 0.021 0.515 
 262 G _   0.006 0.419 0.001 0.014 0.004 0.009 0.022 0.525 
 263 R _   0.006 0.409 0.001 0.013 0.004 0.009 0.022 0.536 
 264 F _   0.006 0.399 0.001 0.012 0.004 0.009 0.022 0.547 
 265 G _   0.005 0.389 0.000 0.012 0.004 0.008 0.023 0.559 
 266 Q _   0.005 0.380 0.000 0.011 0.003 0.008 0.023 0.569 
 267 S _   0.005 0.372 0.000 0.009 0.003 0.008 0.023 0.579 
 268 C _   0.005 0.366 0.000 0.009 0.003 0.008 0.023 0.586 
 269 Q _   0.005 0.362 0.000 0.008 0.003 0.009 0.023 0.590 
 270 E _   0.005 0.362 0.000 0.008 0.003 0.009 0.023 0.591 
 271 Q _   0.005 0.365 0.000 0.008 0.003 0.010 0.022 0.586 
 272 C _   0.006 0.373 0.000 0.009 0.004 0.012 0.021 0.574 
 273 P _   0.007 0.389 0.001 0.012 0.006 0.013 0.020 0.552 
 274 G _   0.008 0.417 0.001 0.015 0.008 0.015 0.019 0.517 
 275 I _   0.009 0.459 0.001 0.021 0.011 0.017 0.017 0.466 
 276 S E   0.009 0.512 0.001 0.027 0.013 0.017 0.015 0.405 
 277 G E   0.009 0.564 0.001 0.032 0.014 0.017 0.014 0.349 
 278 C E   0.008 0.604 0.001 0.036 0.014 0.016 0.013 0.307 
 279 R E   0.008 0.628 0.001 0.040 0.013 0.015 0.012 0.283 
 280 G E   0.007 0.639 0.001 0.041 0.013 0.014 0.012 0.272 
 281 L E   0.007 0.642 0.001 0.041 0.012 0.013 0.012 0.272 
 282 T E   0.007 0.636 0.001 0.039 0.011 0.012 0.012 0.282 
 283 F E   0.007 0.619 0.001 0.035 0.010 0.011 0.013 0.303 
 284 C E   0.007 0.589 0.001 0.030 0.009 0.011 0.014 0.339 
 285 L E   0.007 0.546 0.001 0.024 0.008 0.010 0.015 0.388 
 286 P E   0.007 0.498 0.001 0.018 0.006 0.009 0.016 0.444 
 287 D _   0.007 0.456 0.001 0.013 0.005 0.009 0.018 0.492 
 288 P _   0.006 0.426 0.000 0.009 0.003 0.008 0.019 0.527 
 289 Y _   0.005 0.410 0.000 0.007 0.003 0.008 0.019 0.547 
 290 G _   0.005 0.403 0.000 0.007 0.002 0.008 0.019 0.556 
 291 C _   0.004 0.403 0.000 0.007 0.002 0.008 0.019 0.557 
 292 S _   0.004 0.407 0.000 0.008 0.002 0.008 0.019 0.551 
 293 C _   0.004 0.417 0.000 0.010 0.003 0.008 0.018 0.539 
 294 G _   0.004 0.431 0.000 0.012 0.003 0.008 0.017 0.523 
 295 S _   0.004 0.449 0.001 0.013 0.004 0.008 0.016 0.504 
 296 G _   0.004 0.468 0.001 0.015 0.004 0.008 0.015 0.485 
 297 W E   0.004 0.487 0.001 0.015 0.004 0.008 0.014 0.467 
 298 R E   0.004 0.503 0.001 0.015 0.004 0.008 0.013 0.452 
 299 G E   0.003 0.518 0.001 0.015 0.004 0.008 0.013 0.438 
 300 S E   0.003 0.531 0.001 0.015 0.004 0.008 0.012 0.426 
 301 Q E   0.003 0.543 0.000 0.014 0.004 0.008 0.011 0.415 
 302 C E   0.003 0.555 0.000 0.014 0.004 0.008 0.011 0.405 
 303 Q E   0.003 0.566 0.000 0.014 0.004 0.008 0.010 0.395 
 304 E E   0.004 0.576 0.000 0.013 0.004 0.007 0.010 0.385 
 305 A E   0.004 0.586 0.000 0.013 0.004 0.007 0.010 0.376 
 306 C E   0.004 0.594 0.000 0.013 0.004 0.007 0.009 0.368 
 307 A E   0.004 0.601 0.000 0.013 0.004 0.007 0.009 0.362 
 308 P E   0.004 0.607 0.000 0.012 0.004 0.007 0.009 0.356 
 309 G E   0.004 0.612 0.000 0.012 0.004 0.007 0.009 0.352 
 310 H E   0.004 0.615 0.000 0.012 0.004 0.007 0.009 0.349 
 311 F E   0.004 0.618 0.000 0.012 0.004 0.007 0.009 0.346 
 312 G E   0.004 0.619 0.000 0.012 0.004 0.007 0.009 0.344 
 313 A E   0.004 0.620 0.000 0.012 0.004 0.007 0.009 0.343 
 314 D E   0.004 0.620 0.000 0.012 0.004 0.007 0.009 0.343 
 315 C E   0.004 0.619 0.000 0.013 0.004 0.007 0.009 0.344 
 316 R E   0.004 0.617 0.000 0.013 0.004 0.007 0.009 0.346 
 317 L E   0.004 0.613 0.000 0.013 0.004 0.007 0.009 0.350 
 318 Q E   0.004 0.608 0.000 0.013 0.004 0.007 0.009 0.356 
 319 C E   0.004 0.600 0.000 0.012 0.004 0.006 0.009 0.364 
 320 Q E   0.004 0.591 0.000 0.012 0.003 0.006 0.009 0.374 
 321 C E   0.004 0.581 0.000 0.011 0.003 0.006 0.010 0.385 
 322 Q E   0.003 0.570 0.000 0.010 0.003 0.006 0.010 0.397 
 323 N E   0.003 0.560 0.000 0.009 0.003 0.006 0.010 0.409 
 324 G E   0.003 0.552 0.000 0.008 0.002 0.006 0.010 0.418 
 325 G E   0.003 0.547 0.000 0.007 0.002 0.006 0.010 0.423 
 326 T E   0.003 0.546 0.000 0.007 0.002 0.007 0.010 0.424 
 327 C E   0.003 0.548 0.000 0.008 0.003 0.007 0.010 0.420 
 328 D E   0.004 0.555 0.000 0.009 0.003 0.008 0.009 0.411 
 329 R E   0.004 0.566 0.000 0.011 0.004 0.009 0.009 0.397 
 330 F E   0.004 0.580 0.001 0.014 0.005 0.009 0.009 0.379 
 331 S E   0.004 0.597 0.001 0.017 0.006 0.009 0.008 0.358 
 332 G E   0.004 0.613 0.001 0.020 0.006 0.010 0.008 0.339 
 333 C E   0.004 0.625 0.001 0.022 0.007 0.010 0.007 0.324 
 334 V E   0.004 0.633 0.001 0.025 0.007 0.010 0.007 0.314 
 335 C E   0.004 0.635 0.001 0.026 0.007 0.009 0.007 0.311 
 336 P E   0.004 0.632 0.001 0.027 0.007 0.009 0.007 0.312 
 337 S E   0.005 0.624 0.001 0.027 0.008 0.010 0.007 0.319 
 338 G E   0.005 0.609 0.001 0.027 0.008 0.010 0.007 0.333 
 339 W E   0.006 0.584 0.001 0.026 0.008 0.010 0.008 0.357 
 340 H E   0.006 0.550 0.001 0.025 0.008 0.010 0.009 0.391 
 341 G E   0.007 0.505 0.001 0.023 0.008 0.011 0.010 0.435 
 342 V _   0.008 0.456 0.001 0.020 0.008 0.011 0.012 0.485 
 343 H _   0.008 0.407 0.001 0.017 0.007 0.011 0.013 0.536 
 344 C _   0.008 0.364 0.001 0.014 0.006 0.012 0.014 0.582 
 345 E _   0.007 0.333 0.001 0.011 0.005 0.012 0.015 0.617 
 346 K _   0.007 0.312 0.001 0.009 0.004 0.012 0.016 0.640 
 347 S _   0.007 0.301 0.000 0.008 0.003 0.012 0.016 0.653 
 348 D _   0.007 0.296 0.000 0.007 0.003 0.012 0.016 0.657 
 349 R _   0.007 0.296 0.000 0.008 0.004 0.013 0.016 0.653 
 350 I _   0.008 0.302 0.001 0.010 0.005 0.015 0.016 0.643 
 351 P _   0.009 0.312 0.001 0.014 0.007 0.016 0.016 0.626 
 352 Q _   0.010 0.325 0.001 0.018 0.008 0.018 0.016 0.605 
 353 I _   0.011 0.338 0.001 0.023 0.010 0.019 0.015 0.584 
 354 L _   0.011 0.348 0.001 0.027 0.011 0.019 0.015 0.567 
 355 N _   0.011 0.353 0.001 0.031 0.012 0.020 0.015 0.557 
 356 M _   0.012 0.354 0.001 0.032 0.012 0.020 0.015 0.554 
 357 A _   0.012 0.350 0.001 0.032 0.013 0.019 0.016 0.558 
 358 S _   0.012 0.339 0.001 0.030 0.012 0.019 0.016 0.570 
 359 E _   0.012 0.323 0.001 0.028 0.012 0.018 0.017 0.589 
 360 L _   0.012 0.301 0.001 0.025 0.011 0.018 0.017 0.614 
 361 E _   0.013 0.275 0.001 0.022 0.010 0.017 0.018 0.643 
 362 F _   0.013 0.249 0.001 0.019 0.009 0.017 0.019 0.673 
 363 N _   0.013 0.224 0.001 0.017 0.008 0.016 0.021 0.701 
 364 L _   0.013 0.202 0.001 0.015 0.007 0.015 0.022 0.725 
 365 E _   0.012 0.184 0.001 0.014 0.007 0.015 0.022 0.745 
 366 T _   0.012 0.169 0.001 0.013 0.006 0.014 0.023 0.762 
 367 M _   0.011 0.157 0.001 0.012 0.006 0.014 0.024 0.775 
 368 P _   0.011 0.148 0.001 0.012 0.005 0.013 0.024 0.785 
 369 R _   0.011 0.141 0.001 0.012 0.005 0.013 0.025 0.793 
 370 I _   0.010 0.135 0.001 0.012 0.005 0.012 0.025 0.799 
 371 N _   0.010 0.130 0.001 0.013 0.005 0.012 0.026 0.803 
 372 C _   0.010 0.126 0.001 0.013 0.005 0.012 0.026 0.807 
 373 A _   0.010 0.123 0.001 0.014 0.005 0.012 0.026 0.810 
 374 A _   0.009 0.120 0.001 0.014 0.005 0.012 0.026 0.813 
 375 A _   0.009 0.117 0.001 0.014 0.005 0.011 0.027 0.816 
 376 G _   0.009 0.114 0.001 0.014 0.005 0.011 0.027 0.819 
 377 N _   0.009 0.111 0.001 0.014 0.005 0.011 0.027 0.823 
 378 P _   0.008 0.108 0.001 0.014 0.005 0.011 0.027 0.826 
 379 F _   0.008 0.105 0.001 0.014 0.005 0.011 0.028 0.829 
 380 P _   0.008 0.102 0.001 0.014 0.005 0.011 0.028 0.832 
 381 V _   0.008 0.099 0.001 0.014 0.005 0.011 0.028 0.835 
 382 R _   0.008 0.096 0.001 0.013 0.005 0.011 0.029 0.838 
 383 G _   0.008 0.093 0.001 0.013 0.005 0.010 0.029 0.842 
 384 S _   0.008 0.090 0.001 0.012 0.004 0.010 0.029 0.846 
 385 I _   0.008 0.087 0.001 0.011 0.004 0.010 0.029 0.850 
 386 E _   0.008 0.085 0.000 0.010 0.004 0.010 0.030 0.853 
 387 L _   0.008 0.083 0.000 0.009 0.004 0.010 0.030 0.856 
 388 R _   0.008 0.082 0.000 0.008 0.004 0.010 0.030 0.858 
 389 K _   0.008 0.083 0.000 0.008 0.004 0.011 0.030 0.857 
 390 P _   0.008 0.086 0.000 0.008 0.004 0.012 0.029 0.853 
 391 D _   0.009 0.091 0.001 0.009 0.005 0.013 0.029 0.844 
 392 G _   0.010 0.100 0.001 0.011 0.006 0.014 0.028 0.830 
 393 T _   0.011 0.114 0.001 0.013 0.007 0.016 0.028 0.810 
 394 V _   0.013 0.131 0.001 0.017 0.009 0.017 0.027 0.786 
 395 L _   0.013 0.151 0.001 0.020 0.010 0.018 0.026 0.761 
 396 L _   0.013 0.169 0.001 0.024 0.011 0.019 0.025 0.738 
 397 S _   0.013 0.184 0.001 0.026 0.011 0.019 0.025 0.721 
 398 T _   0.012 0.195 0.001 0.027 0.011 0.018 0.024 0.711 
 399 K _   0.012 0.202 0.001 0.027 0.010 0.018 0.024 0.706 
 400 A _   0.012 0.206 0.001 0.025 0.009 0.017 0.024 0.706 
 401 I _   0.011 0.208 0.001 0.022 0.008 0.016 0.024 0.710 
 402 V _   0.010 0.207 0.001 0.019 0.007 0.015 0.024 0.717 
 403 E _   0.010 0.205 0.001 0.015 0.006 0.014 0.024 0.725 
 404 P _   0.010 0.203 0.001 0.012 0.005 0.014 0.024 0.731 
 405 E _   0.009 0.203 0.001 0.010 0.005 0.014 0.024 0.734 
 406 K _   0.009 0.205 0.001 0.009 0.005 0.014 0.024 0.734 
 407 T _   0.010 0.209 0.001 0.009 0.005 0.015 0.024 0.728 
 408 T _   0.010 0.218 0.001 0.010 0.006 0.016 0.023 0.716 
 409 A _   0.011 0.234 0.001 0.012 0.007 0.017 0.023 0.695 
 410 E _   0.011 0.258 0.001 0.015 0.009 0.018 0.022 0.666 
 411 F _   0.012 0.288 0.001 0.019 0.010 0.019 0.021 0.631 
 412 E _   0.012 0.320 0.001 0.021 0.011 0.019 0.020 0.595 
 413 V _   0.012 0.350 0.001 0.023 0.011 0.019 0.020 0.564 
 414 P _   0.011 0.375 0.001 0.024 0.011 0.019 0.019 0.540 
 415 R _   0.011 0.394 0.001 0.025 0.011 0.018 0.019 0.522 
 416 L _   0.011 0.407 0.001 0.024 0.011 0.018 0.018 0.510 
 417 V _   0.011 0.416 0.001 0.023 0.010 0.018 0.018 0.503 
 418 L _   0.010 0.421 0.001 0.023 0.010 0.017 0.018 0.499 
 419 A _   0.010 0.425 0.001 0.022 0.010 0.017 0.019 0.496 
 420 D _   0.010 0.427 0.001 0.023 0.010 0.017 0.019 0.494 
 421 S _   0.011 0.428 0.001 0.024 0.010 0.017 0.019 0.491 
 422 G _   0.011 0.427 0.001 0.026 0.010 0.016 0.020 0.490 
 423 F _   0.011 0.423 0.001 0.028 0.010 0.016 0.021 0.491 
 424 W _   0.011 0.415 0.001 0.030 0.010 0.015 0.021 0.496 
 425 E _   0.011 0.402 0.001 0.031 0.010 0.015 0.023 0.507 
 426 C _   0.011 0.380 0.001 0.031 0.010 0.014 0.024 0.528 
 427 R _   0.011 0.348 0.001 0.030 0.009 0.013 0.027 0.561 
 428 V _   0.011 0.303 0.001 0.027 0.009 0.013 0.029 0.607 
 429 S _   0.010 0.248 0.001 0.023 0.008 0.012 0.033 0.665 
 430 T _   0.010 0.191 0.001 0.019 0.007 0.011 0.036 0.725 
 431 S _   0.009 0.144 0.001 0.014 0.005 0.010 0.039 0.778 
 432 G _   0.008 0.110 0.001 0.011 0.004 0.009 0.041 0.816 
 433 G _   0.007 0.089 0.000 0.009 0.003 0.009 0.043 0.840 
 434 Q _   0.007 0.077 0.000 0.008 0.003 0.008 0.044 0.853 
 435 D _   0.006 0.070 0.000 0.008 0.003 0.008 0.045 0.860 
 436 S _   0.006 0.066 0.000 0.009 0.003 0.008 0.045 0.862 
 437 R _   0.006 0.064 0.000 0.011 0.003 0.009 0.046 0.861 
 438 R _   0.006 0.062 0.000 0.013 0.003 0.009 0.046 0.860 
 439 F _   0.006 0.061 0.000 0.014 0.004 0.009 0.047 0.859 
 440 K _   0.006 0.059 0.000 0.014 0.004 0.009 0.047 0.861 
 441 V _   0.006 0.057 0.000 0.014 0.004 0.008 0.047 0.864 
 442 N _   0.006 0.054 0.000 0.012 0.003 0.008 0.047 0.870 
 443 V _   0.006 0.050 0.000 0.010 0.003 0.007 0.047 0.877 
 444 K _   0.005 0.047 0.000 0.008 0.002 0.007 0.047 0.882 
 445 V _   0.005 0.046 0.000 0.006 0.002 0.007 0.047 0.886 
 446 P _   0.005 0.045 0.000 0.006 0.002 0.008 0.047 0.886 
 447 P _   0.006 0.047 0.000 0.007 0.003 0.009 0.046 0.883 
 448 V _   0.006 0.050 0.000 0.008 0.003 0.010 0.045 0.875 
 449 P _   0.007 0.057 0.001 0.011 0.004 0.012 0.044 0.863 
 450 L _   0.008 0.066 0.001 0.014 0.005 0.014 0.043 0.848 
 451 A _   0.009 0.077 0.001 0.018 0.006 0.015 0.042 0.832 
 452 A _   0.009 0.086 0.001 0.020 0.007 0.016 0.041 0.819 
 453 P _   0.009 0.093 0.001 0.021 0.007 0.017 0.040 0.812 
 454 R _   0.009 0.098 0.001 0.021 0.007 0.017 0.039 0.808 
 455 L _   0.009 0.102 0.001 0.019 0.007 0.017 0.038 0.808 
 456 L _   0.009 0.103 0.001 0.017 0.007 0.017 0.037 0.809 
 457 T _   0.009 0.105 0.001 0.015 0.007 0.018 0.036 0.809 
 458 K _   0.010 0.106 0.001 0.014 0.007 0.019 0.035 0.808 
 459 Q _   0.011 0.109 0.001 0.013 0.008 0.020 0.035 0.803 
 460 S _   0.013 0.114 0.001 0.014 0.009 0.022 0.034 0.793 
 461 R _   0.015 0.122 0.001 0.017 0.011 0.024 0.033 0.777 
 462 Q _   0.017 0.132 0.001 0.022 0.013 0.025 0.032 0.757 
 463 L _   0.018 0.144 0.001 0.028 0.015 0.026 0.032 0.736 
 464 V _   0.020 0.155 0.001 0.034 0.017 0.027 0.031 0.716 
 465 V _   0.020 0.162 0.001 0.038 0.018 0.026 0.031 0.704 
 466 S _   0.021 0.165 0.001 0.040 0.017 0.026 0.030 0.700 
 467 P _   0.021 0.164 0.001 0.039 0.016 0.024 0.031 0.705 
 468 L _   0.020 0.158 0.001 0.035 0.014 0.022 0.031 0.719 
 469 V _   0.019 0.147 0.001 0.029 0.012 0.020 0.031 0.741 
 470 S _   0.017 0.131 0.001 0.022 0.010 0.018 0.032 0.768 
 471 F _   0.016 0.114 0.001 0.016 0.008 0.017 0.033 0.796 
 472 S _   0.014 0.100 0.001 0.011 0.006 0.016 0.033 0.819 
 473 G _   0.013 0.092 0.001 0.008 0.005 0.015 0.034 0.833 
 474 D _   0.013 0.088 0.000 0.007 0.004 0.015 0.034 0.838 
 475 G _   0.013 0.088 0.001 0.008 0.005 0.016 0.034 0.837 
 476 P _   0.013 0.091 0.001 0.010 0.006 0.017 0.034 0.829 
 477 I _   0.014 0.098 0.001 0.014 0.007 0.018 0.033 0.815 
 478 S _   0.014 0.107 0.001 0.020 0.009 0.019 0.033 0.798 
 479 T _   0.014 0.116 0.001 0.026 0.010 0.019 0.033 0.782 
 480 V _   0.013 0.122 0.001 0.030 0.011 0.019 0.032 0.771 
 481 R _   0.013 0.125 0.001 0.032 0.011 0.018 0.032 0.768 
 482 L _   0.012 0.124 0.001 0.031 0.010 0.017 0.033 0.773 
 483 H _   0.010 0.120 0.001 0.027 0.009 0.015 0.033 0.784 
 484 Y _   0.009 0.113 0.001 0.021 0.007 0.014 0.033 0.801 
 485 R _   0.008 0.104 0.001 0.016 0.006 0.012 0.034 0.819 
 486 P _   0.008 0.095 0.001 0.011 0.004 0.011 0.034 0.835 
 487 Q _   0.007 0.089 0.000 0.008 0.004 0.010 0.035 0.846 
 488 D _   0.007 0.086 0.000 0.007 0.003 0.010 0.035 0.851 
 489 S _   0.007 0.086 0.000 0.007 0.004 0.011 0.035 0.850 
 490 T _   0.008 0.089 0.000 0.009 0.004 0.012 0.035 0.843 
 491 M _   0.008 0.095 0.001 0.012 0.005 0.013 0.034 0.832 
 492 D _   0.009 0.103 0.001 0.016 0.007 0.014 0.034 0.817 
 493 W _   0.009 0.113 0.001 0.020 0.008 0.015 0.034 0.802 
 494 S _   0.009 0.121 0.001 0.023 0.008 0.015 0.033 0.789 
 495 T _   0.009 0.127 0.001 0.025 0.009 0.015 0.033 0.781 
 496 I _   0.009 0.130 0.001 0.025 0.009 0.015 0.033 0.779 
 497 V _   0.009 0.131 0.001 0.024 0.008 0.014 0.034 0.780 
 498 V _   0.009 0.129 0.001 0.022 0.008 0.014 0.034 0.784 
 499 D _   0.009 0.127 0.001 0.019 0.007 0.014 0.035 0.789 
 500 P _   0.009 0.123 0.001 0.017 0.007 0.014 0.035 0.795 
 501 S _   0.009 0.120 0.001 0.015 0.006 0.013 0.036 0.799 
 502 E _   0.010 0.117 0.001 0.015 0.006 0.014 0.037 0.801 
 503 N _   0.010 0.115 0.001 0.015 0.006 0.014 0.038 0.802 
 504 V _   0.010 0.113 0.001 0.016 0.006 0.014 0.039 0.801 
 505 T _   0.011 0.112 0.001 0.017 0.007 0.014 0.040 0.799 
 506 L _   0.011 0.110 0.001 0.018 0.007 0.014 0.041 0.799 
 507 M _   0.011 0.108 0.001 0.018 0.007 0.014 0.042 0.800 
 508 N _   0.011 0.105 0.001 0.018 0.006 0.013 0.043 0.803 
 509 L _   0.011 0.100 0.001 0.017 0.006 0.013 0.045 0.809 
 510 R _   0.010 0.095 0.001 0.015 0.006 0.012 0.046 0.816 
 511 P _   0.010 0.089 0.001 0.014 0.005 0.012 0.047 0.822 
 512 K _   0.010 0.084 0.001 0.013 0.005 0.011 0.049 0.828 
 513 T _   0.010 0.079 0.001 0.012 0.005 0.011 0.050 0.832 
 514 G _   0.010 0.075 0.001 0.013 0.005 0.011 0.052 0.834 
 515 Y _   0.010 0.072 0.001 0.013 0.005 0.011 0.054 0.835 
 516 S _   0.010 0.070 0.001 0.015 0.005 0.011 0.055 0.834 
 517 V _   0.010 0.067 0.001 0.016 0.005 0.011 0.057 0.834 
 518 R _   0.009 0.065 0.001 0.016 0.005 0.010 0.058 0.836 
 519 V _   0.009 0.061 0.001 0.015 0.004 0.009 0.060 0.841 
 520 Q _   0.008 0.056 0.001 0.014 0.004 0.009 0.062 0.847 
 521 L _   0.007 0.051 0.000 0.011 0.003 0.008 0.063 0.856 
 522 S _   0.007 0.046 0.000 0.009 0.003 0.007 0.064 0.865 
 523 R _   0.006 0.042 0.000 0.007 0.002 0.006 0.065 0.872 
 524 P _   0.005 0.039 0.000 0.006 0.002 0.006 0.065 0.877 
 525 G _   0.005 0.038 0.000 0.005 0.002 0.006 0.065 0.880 
 526 E _   0.004 0.039 0.000 0.005 0.002 0.006 0.064 0.879 
 527 G _   0.005 0.042 0.000 0.006 0.002 0.007 0.063 0.875 
 528 G _   0.005 0.049 0.000 0.008 0.003 0.008 0.062 0.865 
 529 E _   0.006 0.060 0.000 0.011 0.004 0.010 0.060 0.848 
 530 G _   0.006 0.076 0.001 0.016 0.005 0.012 0.058 0.825 
 531 A _   0.007 0.096 0.001 0.023 0.007 0.013 0.056 0.797 
 532 W _   0.007 0.116 0.001 0.030 0.008 0.015 0.054 0.770 
 533 G _   0.007 0.131 0.001 0.035 0.009 0.015 0.052 0.749 
 534 P _   0.007 0.142 0.001 0.039 0.010 0.015 0.051 0.735 
 535 P _   0.007 0.147 0.001 0.040 0.010 0.015 0.051 0.729 
 536 T _   0.007 0.147 0.001 0.038 0.009 0.015 0.050 0.732 
 537 L _   0.007 0.144 0.001 0.034 0.008 0.014 0.051 0.740 
 538 M _   0.007 0.137 0.001 0.028 0.007 0.013 0.051 0.755 
 539 T _   0.007 0.126 0.001 0.022 0.006 0.012 0.052 0.774 
 540 T _   0.007 0.114 0.001 0.016 0.005 0.011 0.053 0.794 
 541 D _   0.006 0.104 0.000 0.011 0.004 0.010 0.054 0.810 
 542 C _   0.006 0.097 0.000 0.009 0.003 0.010 0.054 0.820 
 543 P _   0.006 0.094 0.000 0.007 0.003 0.010 0.054 0.825 
 544 E _   0.007 0.093 0.000 0.007 0.003 0.011 0.054 0.824 
 545 P _   0.008 0.096 0.000 0.008 0.004 0.012 0.054 0.818 
 546 L _   0.008 0.103 0.001 0.010 0.005 0.014 0.053 0.806 
 547 L _   0.009 0.113 0.001 0.014 0.006 0.015 0.052 0.789 
 548 Q _   0.010 0.126 0.001 0.018 0.008 0.017 0.051 0.770 
 549 P _   0.010 0.139 0.001 0.022 0.009 0.018 0.050 0.751 
 550 W _   0.010 0.149 0.001 0.025 0.010 0.019 0.049 0.737 
 551 L _   0.010 0.156 0.001 0.027 0.011 0.019 0.049 0.727 
 552 E _   0.011 0.161 0.001 0.028 0.011 0.019 0.048 0.721 
 553 G _   0.011 0.162 0.001 0.027 0.011 0.019 0.048 0.721 
 554 W _   0.011 0.161 0.001 0.025 0.010 0.019 0.048 0.724 
 555 H _   0.011 0.157 0.001 0.023 0.010 0.019 0.049 0.730 
 556 V _   0.012 0.152 0.001 0.020 0.009 0.019 0.050 0.738 
 557 E _   0.012 0.146 0.001 0.018 0.009 0.018 0.050 0.746 
 558 G _   0.012 0.140 0.001 0.016 0.008 0.018 0.051 0.754 
 559 T _   0.013 0.134 0.001 0.014 0.008 0.018 0.052 0.760 
 560 D _   0.013 0.129 0.001 0.013 0.008 0.018 0.053 0.765 
 561 R _   0.014 0.125 0.001 0.013 0.008 0.019 0.054 0.767 
 562 L _   0.014 0.122 0.001 0.014 0.008 0.019 0.055 0.767 
 563 R _   0.014 0.120 0.001 0.015 0.009 0.019 0.056 0.766 
 564 V _   0.015 0.118 0.001 0.017 0.009 0.019 0.057 0.765 
 565 S _   0.015 0.116 0.001 0.018 0.009 0.019 0.058 0.764 
 566 W _   0.015 0.113 0.001 0.018 0.009 0.019 0.059 0.765 
 567 S _   0.015 0.109 0.001 0.018 0.009 0.018 0.061 0.769 
 568 L _   0.015 0.105 0.001 0.017 0.009 0.018 0.062 0.774 
 569 P _   0.015 0.099 0.001 0.015 0.008 0.018 0.064 0.781 
 570 L _   0.015 0.092 0.001 0.012 0.007 0.017 0.066 0.789 
 571 V _   0.015 0.087 0.001 0.010 0.006 0.017 0.068 0.796 
 572 P _   0.016 0.083 0.001 0.009 0.006 0.018 0.069 0.799 
 573 G _   0.017 0.081 0.001 0.008 0.006 0.019 0.071 0.798 
 574 P _   0.019 0.082 0.001 0.008 0.007 0.021 0.072 0.791 
 575 L _   0.021 0.087 0.001 0.010 0.008 0.023 0.074 0.777 
 576 V _   0.023 0.096 0.001 0.014 0.011 0.025 0.075 0.756 
 577 G _   0.024 0.110 0.001 0.020 0.014 0.028 0.076 0.727 
 578 D _   0.025 0.127 0.001 0.029 0.016 0.029 0.077 0.695 
 579 G _   0.025 0.143 0.001 0.037 0.018 0.029 0.079 0.668 
 580 F _   0.024 0.154 0.001 0.044 0.018 0.028 0.081 0.648 
 581 L _   0.022 0.160 0.001 0.048 0.018 0.027 0.084 0.639 
 582 L _   0.020 0.161 0.001 0.049 0.017 0.025 0.088 0.640 
 583 R _   0.018 0.156 0.001 0.047 0.015 0.022 0.092 0.649 
 584 L _   0.016 0.146 0.001 0.042 0.013 0.020 0.097 0.666 
 585 W _   0.014 0.130 0.001 0.035 0.010 0.017 0.103 0.690 
 586 D _   0.013 0.110 0.001 0.028 0.008 0.015 0.109 0.717 
 587 G _   0.012 0.087 0.001 0.021 0.006 0.013 0.115 0.745 
 588 T _   0.011 0.065 0.001 0.016 0.005 0.011 0.122 0.771 
 589 R _   0.010 0.047 0.001 0.012 0.004 0.009 0.127 0.791 
 590 G _   0.008 0.035 0.000 0.009 0.003 0.008 0.132 0.805 
 591 Q _   0.007 0.026 0.000 0.007 0.002 0.007 0.135 0.815 
 592 E _   0.006 0.021 0.000 0.005 0.002 0.007 0.138 0.821 
 593 R _   0.005 0.018 0.000 0.004 0.002 0.006 0.139 0.825 
 594 R _   0.005 0.016 0.000 0.004 0.001 0.006 0.140 0.827 
 595 E _   0.005 0.016 0.000 0.004 0.001 0.007 0.140 0.827 
 596 N _   0.005 0.018 0.000 0.004 0.002 0.008 0.139 0.824 
 597 V _   0.006 0.021 0.000 0.005 0.002 0.010 0.138 0.818 
 598 S _   0.007 0.028 0.000 0.007 0.003 0.013 0.135 0.805 
 599 S _   0.009 0.044 0.001 0.011 0.006 0.018 0.132 0.779 
 600 P _   0.012 0.074 0.001 0.018 0.010 0.024 0.127 0.735 
 601 Q _   0.015 0.124 0.002 0.027 0.015 0.029 0.120 0.668 
 602 A _   0.017 0.189 0.002 0.039 0.021 0.034 0.113 0.585 
 603 R _   0.017 0.255 0.002 0.050 0.026 0.037 0.107 0.506 
 604 T _   0.018 0.306 0.002 0.061 0.029 0.038 0.102 0.445 
 605 A _   0.018 0.338 0.002 0.069 0.030 0.038 0.099 0.406 
 606 L _   0.019 0.355 0.002 0.073 0.030 0.038 0.097 0.387 
 607 L _   0.020 0.360 0.002 0.074 0.030 0.037 0.097 0.382 
 608 T _   0.020 0.356 0.002 0.070 0.028 0.035 0.097 0.391 
 609 G _   0.021 0.342 0.002 0.063 0.026 0.033 0.099 0.413 
 610 L _   0.022 0.314 0.002 0.053 0.024 0.031 0.102 0.452 
 611 T _   0.023 0.268 0.002 0.042 0.021 0.030 0.106 0.508 
 612 P _   0.024 0.209 0.002 0.031 0.018 0.029 0.111 0.576 
 613 G _   0.025 0.149 0.002 0.022 0.014 0.028 0.116 0.644 
 614 T _   0.024 0.104 0.001 0.014 0.011 0.028 0.121 0.697 
 615 H _   0.023 0.077 0.001 0.009 0.008 0.027 0.125 0.730 
 616 Y _   0.022 0.065 0.001 0.007 0.006 0.026 0.127 0.746 
 617 Q _   0.022 0.060 0.001 0.006 0.006 0.027 0.129 0.749 
 618 L _   0.023 0.060 0.001 0.007 0.007 0.028 0.131 0.744 
 619 D _   0.023 0.063 0.001 0.010 0.009 0.029 0.132 0.732 
 620 V _   0.025 0.070 0.001 0.015 0.012 0.031 0.133 0.713 
 621 Q _   0.026 0.082 0.001 0.022 0.015 0.032 0.135 0.687 
 622 L _   0.026 0.094 0.001 0.031 0.018 0.033 0.136 0.661 
 623 Y _   0.026 0.103 0.002 0.039 0.020 0.032 0.138 0.641 
 624 H _   0.025 0.108 0.002 0.045 0.020 0.031 0.141 0.629 
 625 C _   0.024 0.109 0.002 0.047 0.020 0.029 0.145 0.626 
 626 T _   0.022 0.106 0.001 0.045 0.018 0.026 0.150 0.632 
 627 L _   0.020 0.099 0.001 0.039 0.015 0.023 0.156 0.646 
 628 L _   0.019 0.087 0.001 0.032 0.012 0.020 0.162 0.667 
 629 G _   0.018 0.072 0.001 0.024 0.010 0.018 0.169 0.689 
 630 P _   0.016 0.056 0.001 0.018 0.007 0.016 0.176 0.709 
 631 A _   0.015 0.043 0.001 0.014 0.006 0.014 0.183 0.725 
 632 S _   0.014 0.033 0.001 0.011 0.005 0.013 0.189 0.734 
 633 P _   0.013 0.027 0.000 0.010 0.004 0.012 0.195 0.738 
 634 P _   0.013 0.023 0.000 0.010 0.004 0.011 0.201 0.738 
 635 A _   0.012 0.019 0.000 0.011 0.004 0.010 0.206 0.738 
 636 H _   0.012 0.017 0.000 0.011 0.003 0.009 0.211 0.737 
 637 V _   0.011 0.014 0.000 0.010 0.003 0.009 0.215 0.737 
 638 L _   0.010 0.012 0.000 0.010 0.003 0.008 0.219 0.740 
 639 L _   0.008 0.009 0.000 0.008 0.002 0.007 0.222 0.744 
 640 P _   0.007 0.007 0.000 0.006 0.002 0.006 0.224 0.748 
 641 P _   0.006 0.005 0.000 0.005 0.002 0.005 0.225 0.753 
 642 S _   0.005 0.004 0.000 0.004 0.001 0.004 0.225 0.757 
 643 G _   0.004 0.003 0.000 0.003 0.001 0.004 0.225 0.760 
 644 P _   0.004 0.003 0.000 0.003 0.001 0.004 0.224 0.761 
 645 P _   0.004 0.004 0.000 0.003 0.001 0.005 0.222 0.761 
 646 A _   0.004 0.005 0.000 0.005 0.002 0.006 0.219 0.759 
 647 P _   0.005 0.008 0.000 0.007 0.002 0.007 0.215 0.755 
 648 R _   0.005 0.014 0.000 0.011 0.003 0.009 0.211 0.748 
 649 H _   0.006 0.021 0.000 0.015 0.004 0.010 0.205 0.738 
 650 L _   0.006 0.028 0.001 0.020 0.005 0.011 0.200 0.729 
 651 H _   0.006 0.035 0.001 0.024 0.006 0.012 0.195 0.722 
 652 A _   0.006 0.039 0.001 0.027 0.006 0.012 0.190 0.718 
 653 Q _   0.006 0.042 0.001 0.027 0.006 0.012 0.187 0.718 
 654 A _   0.006 0.043 0.001 0.027 0.006 0.012 0.184 0.721 
 655 L _   0.006 0.043 0.001 0.025 0.006 0.012 0.181 0.726 
 656 S _   0.006 0.042 0.001 0.023 0.006 0.011 0.179 0.732 
 657 D _   0.006 0.039 0.001 0.020 0.005 0.011 0.178 0.739 
 658 S _   0.006 0.037 0.001 0.018 0.005 0.011 0.177 0.745 
 659 E _   0.007 0.033 0.001 0.016 0.005 0.010 0.177 0.752 
 660 I _   0.007 0.030 0.001 0.015 0.004 0.010 0.176 0.758 
 661 Q _   0.007 0.026 0.000 0.013 0.004 0.009 0.176 0.764 
 662 L _   0.007 0.023 0.000 0.012 0.004 0.009 0.175 0.770 
 663 T _   0.007 0.020 0.000 0.010 0.003 0.008 0.174 0.776 
