#TopoPred_TM8: 8-state transmembrane topology prediction results by no_profile mode 
#probabilities are in the order of H E C I L F X _, the 8 transmembrane topology types used in PDBTM 
   1 M X   0.011 0.001 0.002 0.058 0.010 0.010 0.789 0.120 
   2 A X   0.005 0.000 0.000 0.038 0.002 0.006 0.814 0.135 
   3 M X   0.002 0.000 0.000 0.024 0.001 0.004 0.822 0.147 
   4 T X   0.002 0.000 0.000 0.017 0.001 0.004 0.822 0.154 
   5 G X   0.002 0.000 0.000 0.013 0.001 0.004 0.818 0.161 
   6 S X   0.002 0.000 0.000 0.010 0.001 0.005 0.813 0.169 
   7 T X   0.002 0.000 0.000 0.008 0.001 0.005 0.807 0.177 
   8 P X   0.003 0.000 0.000 0.006 0.001 0.005 0.800 0.185 
   9 C X   0.003 0.001 0.000 0.005 0.001 0.004 0.792 0.195 
  10 S X   0.002 0.001 0.000 0.004 0.001 0.004 0.782 0.205 
  11 S X   0.002 0.001 0.000 0.004 0.001 0.005 0.772 0.215 
  12 M X   0.002 0.001 0.000 0.004 0.001 0.005 0.760 0.225 
  13 S X   0.003 0.002 0.000 0.004 0.002 0.006 0.748 0.236 
  14 N X   0.003 0.003 0.000 0.004 0.002 0.008 0.734 0.245 
  15 H X   0.004 0.006 0.000 0.006 0.003 0.011 0.718 0.252 
  16 T X   0.005 0.010 0.001 0.008 0.005 0.014 0.700 0.257 
  17 K X   0.007 0.019 0.001 0.011 0.007 0.018 0.679 0.258 
  18 E X   0.009 0.033 0.001 0.016 0.011 0.022 0.654 0.254 
  19 R X   0.011 0.051 0.001 0.022 0.015 0.025 0.629 0.246 
  20 V X   0.012 0.071 0.002 0.028 0.018 0.028 0.605 0.237 
  21 T X   0.013 0.089 0.002 0.032 0.021 0.030 0.583 0.230 
  22 M X   0.014 0.102 0.002 0.035 0.022 0.031 0.566 0.227 
  23 T X   0.016 0.111 0.002 0.037 0.023 0.031 0.552 0.228 
  24 K X   0.017 0.117 0.001 0.037 0.023 0.031 0.541 0.234 
  25 V X   0.018 0.119 0.001 0.035 0.022 0.030 0.532 0.243 
  26 T X   0.018 0.118 0.001 0.032 0.020 0.028 0.525 0.257 
  27 L X   0.018 0.115 0.001 0.028 0.018 0.027 0.520 0.272 
  28 E X   0.018 0.110 0.001 0.025 0.016 0.025 0.516 0.290 
  29 N X   0.017 0.104 0.001 0.021 0.014 0.022 0.513 0.308 
  30 F X   0.017 0.096 0.001 0.018 0.011 0.020 0.510 0.326 
  31 Y X   0.015 0.088 0.001 0.016 0.009 0.018 0.509 0.343 
  32 S X   0.014 0.080 0.001 0.015 0.008 0.017 0.507 0.358 
  33 N X   0.013 0.073 0.001 0.014 0.007 0.015 0.506 0.372 
  34 L X   0.012 0.065 0.001 0.013 0.006 0.013 0.505 0.385 
  35 I X   0.011 0.058 0.001 0.012 0.005 0.012 0.504 0.397 
  36 A X   0.010 0.051 0.001 0.011 0.005 0.011 0.504 0.408 
  37 Q X   0.009 0.043 0.001 0.011 0.004 0.009 0.503 0.420 
  38 H X   0.008 0.036 0.000 0.009 0.003 0.008 0.503 0.431 
  39 E X   0.007 0.029 0.000 0.008 0.003 0.007 0.502 0.442 
  40 E X   0.007 0.023 0.000 0.007 0.002 0.007 0.501 0.453 
  41 R X   0.006 0.018 0.000 0.006 0.002 0.006 0.500 0.462 
  42 E X   0.005 0.014 0.000 0.005 0.002 0.005 0.499 0.470 
  43 M X   0.005 0.012 0.000 0.004 0.002 0.005 0.497 0.476 
  44 R X   0.004 0.010 0.000 0.004 0.001 0.005 0.494 0.481 
  45 Q X   0.004 0.010 0.000 0.004 0.001 0.005 0.491 0.485 
  46 K _   0.004 0.009 0.000 0.005 0.002 0.005 0.487 0.488 
  47 K _   0.004 0.009 0.000 0.006 0.002 0.005 0.483 0.491 
  48 L _   0.004 0.010 0.000 0.007 0.002 0.006 0.478 0.492 
  49 E _   0.004 0.011 0.000 0.009 0.002 0.006 0.474 0.493 
  50 K _   0.005 0.012 0.000 0.011 0.003 0.006 0.469 0.495 
  51 V _   0.005 0.012 0.000 0.012 0.003 0.006 0.465 0.497 
  52 M _   0.005 0.012 0.000 0.012 0.003 0.006 0.461 0.501 
  53 E _   0.005 0.012 0.000 0.012 0.003 0.006 0.457 0.506 
  54 E _   0.004 0.011 0.000 0.011 0.002 0.006 0.453 0.512 
  55 E _   0.004 0.010 0.000 0.009 0.002 0.005 0.449 0.520 
  56 G _   0.004 0.009 0.000 0.007 0.002 0.005 0.446 0.527 
  57 L _   0.004 0.008 0.000 0.006 0.002 0.004 0.442 0.534 
  58 K _   0.003 0.008 0.000 0.005 0.001 0.004 0.437 0.541 
  59 D _   0.003 0.007 0.000 0.004 0.001 0.004 0.432 0.547 
  60 E _   0.003 0.008 0.000 0.004 0.001 0.004 0.426 0.553 
  61 E _   0.003 0.008 0.000 0.005 0.001 0.005 0.418 0.559 
  62 K _   0.004 0.010 0.000 0.005 0.002 0.005 0.410 0.564 
  63 R _   0.004 0.012 0.000 0.006 0.002 0.006 0.400 0.569 
  64 L _   0.004 0.016 0.000 0.008 0.002 0.007 0.389 0.573 
  65 R _   0.004 0.021 0.000 0.010 0.003 0.008 0.376 0.577 
  66 R _   0.004 0.027 0.000 0.012 0.003 0.009 0.363 0.581 
  67 S _   0.005 0.035 0.001 0.013 0.004 0.011 0.349 0.583 
  68 A _   0.005 0.043 0.001 0.015 0.005 0.012 0.335 0.585 
  69 H _   0.005 0.053 0.001 0.017 0.006 0.013 0.320 0.585 
  70 A _   0.006 0.062 0.001 0.019 0.006 0.014 0.307 0.584 
  71 R _   0.007 0.073 0.001 0.022 0.007 0.016 0.293 0.582 
  72 K _   0.007 0.083 0.001 0.024 0.008 0.017 0.281 0.579 
  73 E _   0.008 0.092 0.001 0.027 0.009 0.018 0.269 0.576 
  74 T _   0.008 0.100 0.001 0.030 0.010 0.018 0.259 0.574 
  75 E _   0.009 0.106 0.001 0.032 0.010 0.018 0.250 0.573 
  76 F _   0.009 0.110 0.001 0.034 0.011 0.018 0.242 0.576 
  77 L _   0.009 0.111 0.001 0.034 0.011 0.018 0.235 0.581 
  78 R _   0.010 0.110 0.001 0.033 0.010 0.017 0.229 0.590 
  79 L _   0.010 0.107 0.001 0.031 0.009 0.016 0.224 0.602 
  80 K _   0.010 0.100 0.001 0.027 0.009 0.015 0.220 0.618 
  81 R _   0.009 0.092 0.001 0.023 0.008 0.014 0.216 0.637 
  82 T _   0.009 0.081 0.001 0.019 0.006 0.013 0.214 0.657 
  83 R _   0.009 0.070 0.001 0.015 0.005 0.012 0.211 0.678 
  84 L _   0.008 0.059 0.001 0.012 0.004 0.011 0.208 0.697 
  85 G _   0.008 0.050 0.000 0.009 0.004 0.010 0.205 0.713 
  86 L _   0.008 0.044 0.000 0.007 0.003 0.010 0.202 0.726 
  87 E _   0.008 0.040 0.000 0.006 0.003 0.010 0.199 0.734 
  88 D _   0.008 0.038 0.000 0.006 0.003 0.010 0.195 0.740 
  89 F _   0.008 0.038 0.000 0.006 0.003 0.011 0.191 0.742 
  90 E _   0.009 0.040 0.000 0.007 0.004 0.013 0.186 0.741 
  91 S _   0.011 0.044 0.001 0.008 0.005 0.015 0.181 0.736 
  92 L _   0.012 0.051 0.001 0.011 0.006 0.018 0.175 0.727 
  93 K _   0.014 0.061 0.001 0.014 0.009 0.020 0.168 0.712 
  94 V _   0.016 0.075 0.001 0.019 0.011 0.023 0.161 0.693 
  95 I _   0.018 0.091 0.001 0.024 0.014 0.026 0.154 0.672 
  96 G _   0.020 0.106 0.001 0.030 0.016 0.027 0.148 0.651 
  97 R _   0.021 0.119 0.001 0.035 0.018 0.029 0.142 0.634 
  98 G _   0.022 0.128 0.001 0.040 0.020 0.029 0.137 0.622 
  99 A _   0.022 0.134 0.001 0.043 0.020 0.029 0.133 0.616 
 100 F _   0.022 0.135 0.001 0.045 0.020 0.028 0.131 0.617 
 101 G _   0.022 0.133 0.001 0.044 0.019 0.027 0.129 0.625 
 102 E _   0.021 0.127 0.001 0.041 0.017 0.025 0.127 0.640 
 103 V _   0.020 0.116 0.001 0.036 0.014 0.022 0.127 0.663 
 104 R _   0.018 0.101 0.001 0.029 0.012 0.020 0.127 0.692 
 105 L _   0.017 0.081 0.001 0.022 0.009 0.017 0.127 0.726 
 106 V _   0.015 0.061 0.001 0.015 0.007 0.015 0.127 0.760 
 107 Q _   0.013 0.044 0.001 0.010 0.005 0.013 0.127 0.788 
 108 K _   0.011 0.033 0.000 0.006 0.004 0.012 0.126 0.808 
 109 K _   0.010 0.027 0.000 0.005 0.003 0.012 0.125 0.818 
 110 D _   0.010 0.025 0.000 0.004 0.003 0.012 0.123 0.822 
 111 T _   0.010 0.026 0.000 0.005 0.003 0.013 0.121 0.821 
 112 G _   0.012 0.029 0.001 0.008 0.005 0.015 0.119 0.813 
 113 H _   0.013 0.036 0.001 0.012 0.007 0.017 0.116 0.798 
 114 V _   0.014 0.046 0.001 0.019 0.009 0.019 0.113 0.778 
 115 Y _   0.015 0.058 0.001 0.027 0.011 0.021 0.110 0.756 
 116 A _   0.016 0.067 0.001 0.035 0.013 0.022 0.107 0.739 
 117 M _   0.016 0.073 0.001 0.039 0.014 0.022 0.105 0.730 
 118 K _   0.015 0.075 0.001 0.041 0.014 0.021 0.103 0.729 
 119 I _   0.015 0.074 0.001 0.039 0.013 0.020 0.102 0.735 
 120 L _   0.014 0.070 0.001 0.035 0.012 0.018 0.102 0.748 
 121 R _   0.013 0.063 0.001 0.029 0.010 0.017 0.102 0.766 
 122 K _   0.012 0.053 0.001 0.023 0.008 0.015 0.102 0.786 
 123 A _   0.012 0.041 0.001 0.017 0.006 0.013 0.103 0.806 
 124 D _   0.011 0.031 0.001 0.013 0.005 0.012 0.103 0.824 
 125 M _   0.010 0.023 0.001 0.010 0.004 0.011 0.104 0.838 
 126 L _   0.009 0.017 0.000 0.008 0.003 0.010 0.104 0.848 
 127 E _   0.009 0.013 0.000 0.007 0.003 0.009 0.103 0.855 
 128 K _   0.009 0.010 0.000 0.007 0.003 0.009 0.103 0.859 
 129 E _   0.008 0.008 0.000 0.007 0.003 0.009 0.102 0.862 
 130 Q _   0.008 0.007 0.000 0.007 0.003 0.009 0.101 0.864 
 131 V _   0.008 0.006 0.000 0.008 0.003 0.010 0.100 0.864 
 132 G _   0.008 0.006 0.000 0.008 0.004 0.010 0.099 0.864 
 133 H _   0.009 0.006 0.000 0.009 0.004 0.011 0.098 0.864 
 134 I _   0.009 0.005 0.001 0.010 0.004 0.012 0.096 0.864 
 135 R _   0.010 0.005 0.001 0.010 0.004 0.013 0.095 0.863 
 136 A _   0.010 0.004 0.001 0.010 0.005 0.014 0.093 0.863 
 137 E _   0.012 0.004 0.001 0.009 0.005 0.015 0.092 0.863 
 138 R _   0.013 0.003 0.001 0.009 0.005 0.017 0.090 0.862 
 139 D _   0.016 0.003 0.001 0.008 0.005 0.019 0.089 0.860 
 140 I _   0.021 0.002 0.001 0.007 0.006 0.022 0.087 0.855 
 141 L _   0.028 0.002 0.001 0.006 0.006 0.025 0.085 0.847 
 142 V _   0.037 0.002 0.001 0.006 0.008 0.030 0.083 0.833 
 143 E _   0.050 0.003 0.001 0.006 0.011 0.036 0.080 0.812 
 144 A _   0.064 0.005 0.001 0.008 0.017 0.043 0.078 0.784 
 145 D _   0.080 0.008 0.001 0.011 0.024 0.051 0.075 0.750 
 146 S _   0.095 0.013 0.002 0.016 0.032 0.057 0.073 0.712 
 147 L _   0.108 0.020 0.002 0.023 0.040 0.061 0.071 0.674 
 148 W _   0.118 0.027 0.002 0.031 0.045 0.063 0.069 0.644 
 149 V _   0.123 0.032 0.002 0.038 0.047 0.063 0.069 0.626 
 150 V _   0.124 0.034 0.002 0.041 0.046 0.060 0.068 0.624 
 151 K _   0.120 0.034 0.002 0.041 0.041 0.056 0.069 0.636 
 152 M _   0.112 0.031 0.002 0.036 0.035 0.050 0.069 0.664 
 153 F _   0.102 0.024 0.002 0.027 0.027 0.044 0.070 0.704 
 154 Y _   0.091 0.015 0.002 0.018 0.019 0.037 0.071 0.748 
 155 S _   0.079 0.007 0.001 0.010 0.012 0.032 0.071 0.788 
 156 F _   0.069 0.002 0.001 0.005 0.007 0.027 0.071 0.818 
 157 Q _   0.062 0.001 0.000 0.002 0.005 0.025 0.071 0.834 
 158 D _   0.059 0.000 0.000 0.002 0.004 0.024 0.071 0.840 
 159 K _   0.062 0.000 0.000 0.001 0.004 0.025 0.070 0.836 
 160 L _   0.070 0.000 0.001 0.002 0.006 0.028 0.069 0.824 
 161 N _   0.082 0.001 0.001 0.003 0.009 0.033 0.069 0.803 
 162 L _   0.095 0.002 0.001 0.007 0.014 0.038 0.068 0.775 
 163 Y _   0.106 0.006 0.001 0.012 0.020 0.042 0.067 0.746 
 164 L _   0.114 0.010 0.002 0.017 0.025 0.046 0.067 0.719 
 165 I _   0.119 0.014 0.002 0.022 0.028 0.047 0.067 0.700 
 166 M _   0.120 0.017 0.002 0.024 0.030 0.048 0.067 0.693 
 167 E _   0.117 0.018 0.002 0.023 0.029 0.047 0.068 0.696 
 168 F _   0.111 0.018 0.002 0.021 0.027 0.045 0.068 0.708 
 169 L _   0.103 0.017 0.002 0.018 0.024 0.042 0.069 0.725 
 170 P _   0.094 0.016 0.001 0.016 0.021 0.040 0.070 0.742 
 171 G _   0.085 0.015 0.001 0.015 0.018 0.037 0.072 0.756 
 172 G _   0.077 0.015 0.001 0.015 0.016 0.034 0.073 0.769 
 173 D _   0.068 0.015 0.001 0.017 0.014 0.031 0.075 0.779 
 174 M _   0.060 0.014 0.001 0.018 0.013 0.028 0.076 0.789 
 175 M _   0.051 0.014 0.001 0.019 0.011 0.025 0.078 0.800 
 176 T _   0.042 0.012 0.001 0.019 0.010 0.022 0.080 0.814 
 177 L _   0.033 0.010 0.001 0.017 0.008 0.018 0.082 0.831 
 178 L _   0.026 0.008 0.001 0.013 0.006 0.015 0.083 0.849 
 179 M _   0.020 0.005 0.001 0.010 0.004 0.012 0.084 0.864 
 180 K _   0.016 0.003 0.000 0.006 0.003 0.010 0.085 0.877 
 181 K _   0.013 0.001 0.000 0.004 0.002 0.008 0.085 0.886 
 182 D _   0.011 0.001 0.000 0.003 0.002 0.007 0.085 0.892 
 183 T _   0.011 0.000 0.000 0.002 0.001 0.007 0.084 0.894 
 184 L _   0.013 0.000 0.000 0.002 0.002 0.008 0.083 0.892 
 185 T _   0.019 0.000 0.000 0.002 0.002 0.010 0.081 0.886 
 186 E _   0.029 0.000 0.000 0.002 0.003 0.013 0.079 0.873 
 187 E _   0.047 0.000 0.000 0.003 0.004 0.018 0.076 0.851 
 188 E _   0.075 0.000 0.001 0.004 0.007 0.025 0.072 0.818 
 189 T _   0.113 0.000 0.001 0.005 0.011 0.033 0.068 0.770 
 190 Q _   0.160 0.000 0.001 0.006 0.016 0.041 0.063 0.712 
 191 F _   0.211 0.000 0.002 0.007 0.024 0.050 0.059 0.648 
 192 Y _   0.264 0.001 0.002 0.008 0.032 0.057 0.054 0.583 
 193 I _   0.314 0.001 0.002 0.008 0.039 0.062 0.051 0.524 
 194 A _   0.357 0.001 0.002 0.009 0.044 0.064 0.048 0.474 
 195 E _   0.392 0.001 0.002 0.008 0.048 0.065 0.046 0.436 
 196 T H   0.421 0.001 0.002 0.008 0.050 0.065 0.045 0.408 
 197 V H   0.441 0.001 0.002 0.007 0.049 0.063 0.045 0.392 
 198 L H   0.453 0.001 0.002 0.006 0.048 0.061 0.045 0.384 
 199 A H   0.455 0.001 0.002 0.006 0.046 0.058 0.045 0.386 
 200 I H   0.449 0.001 0.002 0.006 0.044 0.056 0.046 0.396 
 201 D H   0.435 0.002 0.002 0.007 0.043 0.053 0.047 0.412 
 202 S _   0.413 0.002 0.002 0.008 0.041 0.051 0.050 0.434 
 203 I _   0.381 0.003 0.002 0.011 0.038 0.048 0.053 0.464 
 204 H _   0.342 0.004 0.002 0.014 0.035 0.045 0.056 0.502 
 205 Q _   0.296 0.005 0.002 0.017 0.031 0.041 0.061 0.546 
 206 L _   0.246 0.006 0.002 0.020 0.027 0.037 0.066 0.597 
 207 G _   0.196 0.006 0.002 0.021 0.021 0.032 0.071 0.652 
 208 F _   0.149 0.005 0.001 0.019 0.016 0.027 0.075 0.707 
 209 I _   0.108 0.005 0.001 0.016 0.011 0.022 0.080 0.757 
 210 H _   0.076 0.004 0.001 0.013 0.008 0.018 0.084 0.798 
 211 R _   0.052 0.003 0.001 0.010 0.005 0.014 0.087 0.829 
 212 D _   0.035 0.002 0.000 0.007 0.003 0.011 0.089 0.852 
 213 I _   0.023 0.002 0.000 0.006 0.003 0.009 0.091 0.867 
 214 K _   0.015 0.002 0.000 0.005 0.002 0.008 0.092 0.876 
 215 P _   0.011 0.002 0.000 0.004 0.002 0.007 0.093 0.881 
 216 D _   0.008 0.003 0.000 0.004 0.002 0.006 0.093 0.883 
 217 N _   0.007 0.004 0.000 0.005 0.002 0.006 0.093 0.883 
 218 L _   0.006 0.006 0.000 0.005 0.002 0.007 0.092 0.881 
 219 L _   0.006 0.010 0.000 0.006 0.002 0.007 0.090 0.878 
 220 L _   0.006 0.014 0.000 0.007 0.002 0.008 0.089 0.873 
 221 D _   0.006 0.021 0.000 0.008 0.003 0.009 0.086 0.867 
 222 S _   0.006 0.030 0.000 0.010 0.003 0.010 0.084 0.857 
 223 K _   0.006 0.042 0.001 0.011 0.004 0.011 0.080 0.844 
 224 G _   0.007 0.060 0.001 0.013 0.005 0.013 0.076 0.826 
 225 H _   0.008 0.083 0.001 0.016 0.006 0.015 0.072 0.800 
 226 V _   0.008 0.115 0.001 0.019 0.008 0.016 0.067 0.764 
 227 K _   0.009 0.156 0.001 0.024 0.010 0.018 0.062 0.720 
 228 L _   0.009 0.199 0.001 0.029 0.011 0.019 0.057 0.674 
 229 S _   0.010 0.241 0.001 0.033 0.012 0.019 0.053 0.630 
 230 D _   0.010 0.276 0.001 0.036 0.013 0.019 0.050 0.595 
 231 F _   0.010 0.300 0.001 0.038 0.013 0.019 0.047 0.571 
 232 G _   0.010 0.315 0.001 0.039 0.012 0.019 0.045 0.559 
 233 L _   0.009 0.323 0.001 0.038 0.012 0.018 0.044 0.555 
 234 C _   0.009 0.325 0.001 0.035 0.011 0.017 0.043 0.559 
 235 T _   0.009 0.323 0.001 0.031 0.010 0.016 0.043 0.568 
 236 G _   0.009 0.316 0.001 0.026 0.009 0.015 0.042 0.582 
 237 L _   0.009 0.307 0.001 0.022 0.008 0.014 0.042 0.597 
 238 K _   0.009 0.296 0.001 0.019 0.007 0.014 0.042 0.612 
 239 K _   0.009 0.286 0.001 0.017 0.006 0.013 0.042 0.626 
 240 A _   0.009 0.277 0.001 0.016 0.006 0.013 0.042 0.636 
 241 H _   0.009 0.270 0.001 0.016 0.006 0.013 0.042 0.644 
 242 R _   0.009 0.263 0.001 0.017 0.006 0.013 0.043 0.650 
 243 T _   0.009 0.256 0.001 0.018 0.006 0.012 0.043 0.655 
 244 E _   0.009 0.249 0.001 0.019 0.006 0.012 0.043 0.661 
 245 F _   0.009 0.239 0.001 0.019 0.006 0.012 0.044 0.670 
 246 Y _   0.008 0.227 0.001 0.019 0.006 0.011 0.045 0.683 
 247 R _   0.008 0.212 0.001 0.018 0.006 0.011 0.045 0.699 
 248 N _   0.008 0.194 0.001 0.017 0.005 0.010 0.046 0.718 
 249 L _   0.008 0.176 0.001 0.015 0.005 0.010 0.048 0.738 
 250 N _   0.008 0.158 0.001 0.014 0.005 0.010 0.049 0.757 
 251 H _   0.008 0.143 0.001 0.013 0.004 0.010 0.050 0.772 
 252 S _   0.008 0.131 0.001 0.012 0.004 0.009 0.051 0.784 
 253 L _   0.008 0.121 0.000 0.013 0.004 0.009 0.052 0.793 
 254 P _   0.008 0.113 0.000 0.013 0.004 0.009 0.053 0.800 
 255 S _   0.008 0.105 0.000 0.014 0.004 0.009 0.053 0.806 
 256 D _   0.007 0.098 0.001 0.015 0.004 0.009 0.054 0.812 
 257 F _   0.007 0.090 0.001 0.014 0.004 0.009 0.055 0.820 
 258 T _   0.007 0.082 0.000 0.014 0.004 0.009 0.055 0.829 
 259 F _   0.006 0.074 0.000 0.012 0.003 0.008 0.056 0.840 
 260 Q _   0.006 0.065 0.000 0.011 0.003 0.008 0.056 0.851 
 261 N _   0.005 0.058 0.000 0.009 0.003 0.007 0.056 0.860 
 262 M _   0.005 0.053 0.000 0.008 0.002 0.007 0.056 0.868 
 263 N _   0.005 0.048 0.000 0.007 0.002 0.007 0.056 0.874 
 264 S _   0.005 0.046 0.000 0.007 0.002 0.007 0.056 0.877 
 265 K _   0.005 0.045 0.000 0.007 0.002 0.007 0.055 0.879 
 266 R _   0.005 0.045 0.000 0.007 0.002 0.007 0.054 0.878 
 267 K _   0.005 0.046 0.000 0.008 0.003 0.008 0.053 0.876 
 268 A _   0.005 0.049 0.000 0.010 0.003 0.009 0.051 0.873 
 269 E _   0.006 0.052 0.000 0.011 0.003 0.010 0.050 0.868 
 270 T _   0.006 0.056 0.000 0.012 0.004 0.011 0.048 0.863 
 271 W _   0.007 0.061 0.001 0.013 0.004 0.012 0.046 0.856 
 272 K _   0.007 0.066 0.001 0.015 0.005 0.014 0.044 0.848 
 273 R _   0.008 0.072 0.001 0.017 0.006 0.015 0.042 0.839 
 274 N _   0.009 0.079 0.001 0.019 0.007 0.017 0.040 0.828 
 275 R _   0.010 0.086 0.001 0.023 0.009 0.018 0.038 0.816 
 276 R _   0.011 0.093 0.001 0.026 0.010 0.020 0.036 0.804 
 277 Q _   0.012 0.098 0.001 0.030 0.012 0.020 0.034 0.793 
 278 L _   0.013 0.102 0.001 0.033 0.013 0.021 0.033 0.785 
 279 A _   0.013 0.103 0.001 0.035 0.013 0.021 0.032 0.782 
 280 F _   0.014 0.102 0.001 0.034 0.012 0.020 0.031 0.786 
 281 S _   0.014 0.098 0.001 0.031 0.011 0.019 0.030 0.796 
 282 T _   0.013 0.090 0.001 0.026 0.010 0.018 0.029 0.812 
 283 V _   0.013 0.080 0.001 0.021 0.008 0.017 0.029 0.831 
 284 G _   0.013 0.070 0.001 0.016 0.007 0.017 0.028 0.849 
 285 T _   0.012 0.060 0.001 0.012 0.006 0.016 0.028 0.865 
 286 P _   0.013 0.054 0.001 0.009 0.005 0.017 0.027 0.875 
 287 D _   0.013 0.050 0.001 0.009 0.006 0.018 0.026 0.878 
 288 Y _   0.014 0.049 0.001 0.010 0.006 0.019 0.025 0.875 
 289 I _   0.016 0.051 0.001 0.014 0.008 0.021 0.024 0.866 
 290 A _   0.017 0.054 0.001 0.020 0.010 0.023 0.023 0.852 
 291 P _   0.019 0.058 0.001 0.027 0.013 0.025 0.021 0.836 
 292 E _   0.020 0.061 0.001 0.034 0.015 0.026 0.020 0.823 
 293 V _   0.021 0.061 0.001 0.038 0.016 0.026 0.019 0.817 
 294 F _   0.022 0.059 0.001 0.038 0.016 0.025 0.018 0.820 
 295 M _   0.024 0.053 0.001 0.035 0.014 0.024 0.018 0.831 
 296 Q _   0.027 0.043 0.001 0.028 0.013 0.022 0.017 0.850 
 297 T _   0.032 0.029 0.001 0.020 0.010 0.020 0.016 0.871 
 298 G _   0.041 0.016 0.001 0.012 0.008 0.018 0.016 0.888 
 299 Y _   0.055 0.006 0.001 0.007 0.006 0.017 0.015 0.894 
 300 N _   0.077 0.002 0.001 0.003 0.005 0.016 0.014 0.882 
 301 K _   0.112 0.000 0.001 0.002 0.005 0.015 0.013 0.852 
 302 L _   0.168 0.000 0.001 0.001 0.006 0.016 0.011 0.797 
 303 C _   0.249 0.000 0.001 0.001 0.007 0.017 0.010 0.715 
 304 D _   0.353 0.000 0.001 0.001 0.010 0.019 0.008 0.608 
 305 W _   0.468 0.000 0.001 0.001 0.014 0.021 0.007 0.487 
 306 W H   0.579 0.000 0.001 0.002 0.018 0.022 0.006 0.372 
 307 S H   0.668 0.000 0.001 0.002 0.023 0.023 0.005 0.278 
 308 L H   0.734 0.000 0.002 0.002 0.026 0.022 0.005 0.211 
 309 G H   0.777 0.000 0.001 0.002 0.028 0.021 0.004 0.167 
 310 V H   0.804 0.000 0.001 0.002 0.029 0.020 0.005 0.140 
 311 I H   0.814 0.000 0.002 0.002 0.029 0.018 0.005 0.129 
 312 M H   0.813 0.000 0.002 0.002 0.030 0.018 0.006 0.130 
 313 Y H   0.797 0.000 0.002 0.002 0.030 0.017 0.007 0.145 
 314 E H   0.765 0.000 0.002 0.003 0.029 0.017 0.009 0.175 
 315 M H   0.712 0.000 0.002 0.003 0.027 0.017 0.012 0.226 
 316 L H   0.637 0.000 0.002 0.004 0.024 0.017 0.017 0.299 
 317 I H   0.543 0.000 0.002 0.004 0.021 0.016 0.023 0.391 
 318 G _   0.440 0.000 0.002 0.005 0.016 0.016 0.030 0.492 
 319 Y _   0.339 0.000 0.001 0.005 0.012 0.015 0.037 0.591 
 320 P _   0.248 0.000 0.001 0.005 0.009 0.013 0.045 0.679 
 321 P _   0.173 0.000 0.001 0.004 0.006 0.012 0.051 0.752 
 322 F _   0.116 0.000 0.001 0.004 0.005 0.011 0.056 0.808 
 323 C _   0.075 0.000 0.001 0.004 0.004 0.009 0.060 0.847 
 324 S _   0.048 0.000 0.000 0.004 0.003 0.009 0.063 0.873 
 325 E _   0.031 0.000 0.000 0.004 0.003 0.008 0.065 0.889 
 326 T _   0.021 0.001 0.000 0.004 0.002 0.008 0.067 0.897 
 327 P _   0.015 0.001 0.000 0.004 0.002 0.008 0.068 0.901 
 328 Q _   0.012 0.002 0.000 0.005 0.003 0.008 0.069 0.901 
 329 E _   0.010 0.003 0.000 0.007 0.003 0.009 0.070 0.898 
 330 T _   0.009 0.006 0.000 0.009 0.004 0.010 0.070 0.892 
 331 Y _   0.009 0.009 0.001 0.011 0.004 0.011 0.070 0.885 
 332 K _   0.009 0.013 0.001 0.014 0.005 0.012 0.070 0.875 
 333 K _   0.009 0.017 0.001 0.018 0.007 0.013 0.070 0.866 
 334 V _   0.009 0.020 0.001 0.021 0.008 0.014 0.071 0.856 
 335 M _   0.010 0.023 0.001 0.024 0.008 0.015 0.071 0.848 
 336 N _   0.010 0.025 0.001 0.026 0.009 0.015 0.072 0.842 
 337 W _   0.011 0.026 0.001 0.026 0.009 0.015 0.073 0.839 
 338 K _   0.011 0.026 0.001 0.026 0.009 0.015 0.075 0.838 
 339 E _   0.011 0.024 0.001 0.024 0.009 0.015 0.077 0.840 
 340 T _   0.011 0.022 0.001 0.022 0.008 0.014 0.079 0.843 
 341 L _   0.011 0.019 0.001 0.019 0.007 0.013 0.081 0.849 
 342 T _   0.010 0.016 0.001 0.016 0.006 0.012 0.084 0.856 
 343 F _   0.010 0.012 0.001 0.013 0.005 0.011 0.086 0.863 
 344 P _   0.009 0.009 0.000 0.010 0.004 0.010 0.088 0.869 
 345 P _   0.009 0.006 0.000 0.008 0.003 0.009 0.090 0.874 
 346 E _   0.008 0.004 0.000 0.006 0.003 0.009 0.092 0.878 
 347 V _   0.008 0.003 0.000 0.005 0.002 0.009 0.093 0.881 
 348 P _   0.008 0.002 0.000 0.004 0.002 0.009 0.093 0.881 
 349 I _   0.009 0.002 0.000 0.004 0.002 0.010 0.094 0.880 
 350 S _   0.010 0.002 0.000 0.003 0.003 0.012 0.094 0.876 
 351 E _   0.012 0.002 0.000 0.004 0.003 0.015 0.093 0.870 
 352 K _   0.016 0.003 0.000 0.005 0.004 0.019 0.093 0.859 
 353 A _   0.021 0.006 0.001 0.006 0.007 0.024 0.092 0.843 
 354 K _   0.028 0.012 0.001 0.009 0.011 0.031 0.090 0.818 
 355 D _   0.036 0.021 0.001 0.014 0.017 0.038 0.089 0.784 
 356 L _   0.043 0.035 0.002 0.021 0.024 0.044 0.087 0.745 
 357 I _   0.050 0.051 0.002 0.028 0.030 0.049 0.086 0.704 
 358 L _   0.054 0.065 0.002 0.036 0.035 0.052 0.085 0.672 
 359 R _   0.057 0.074 0.002 0.042 0.038 0.052 0.085 0.650 
 360 F _   0.057 0.080 0.002 0.046 0.038 0.051 0.085 0.640 
 361 C _   0.057 0.081 0.002 0.045 0.036 0.049 0.086 0.643 
 362 C _   0.054 0.080 0.002 0.042 0.033 0.045 0.087 0.656 
 363 E _   0.051 0.075 0.002 0.037 0.028 0.041 0.089 0.677 
 364 W _   0.047 0.067 0.002 0.030 0.023 0.037 0.092 0.703 
 365 E _   0.042 0.058 0.001 0.024 0.018 0.032 0.094 0.730 
 366 H _   0.038 0.048 0.001 0.019 0.014 0.028 0.097 0.755 
 367 R _   0.033 0.040 0.001 0.015 0.011 0.025 0.099 0.776 
 368 I _   0.028 0.034 0.001 0.013 0.009 0.021 0.102 0.793 
 369 G _   0.024 0.029 0.001 0.011 0.007 0.019 0.104 0.806 
 370 A _   0.020 0.026 0.001 0.011 0.006 0.017 0.106 0.815 
 371 P _   0.017 0.023 0.001 0.010 0.005 0.015 0.108 0.821 
 372 G _   0.014 0.022 0.001 0.010 0.005 0.013 0.109 0.827 
 373 V _   0.012 0.020 0.001 0.009 0.004 0.012 0.110 0.831 
 374 E _   0.011 0.019 0.000 0.009 0.004 0.011 0.111 0.834 
 375 E _   0.009 0.019 0.000 0.008 0.004 0.010 0.112 0.837 
 376 I _   0.009 0.019 0.000 0.008 0.003 0.010 0.113 0.839 
 377 K _   0.008 0.019 0.000 0.008 0.003 0.009 0.113 0.839 
 378 S _   0.007 0.020 0.000 0.008 0.003 0.009 0.114 0.838 
 379 N _   0.007 0.022 0.000 0.009 0.004 0.010 0.114 0.834 
 380 S _   0.007 0.025 0.000 0.010 0.004 0.010 0.114 0.830 
 381 F _   0.007 0.028 0.001 0.011 0.004 0.011 0.115 0.824 
 382 F _   0.007 0.031 0.001 0.012 0.005 0.011 0.115 0.817 
 383 E _   0.008 0.035 0.001 0.013 0.005 0.012 0.115 0.811 
 384 G _   0.008 0.039 0.001 0.014 0.005 0.012 0.116 0.806 
 385 V _   0.008 0.043 0.001 0.014 0.005 0.013 0.116 0.801 
 386 D _   0.008 0.046 0.001 0.013 0.005 0.013 0.117 0.797 
 387 W _   0.008 0.050 0.001 0.013 0.005 0.014 0.117 0.792 
 388 E _   0.009 0.054 0.001 0.013 0.006 0.015 0.118 0.785 
 389 H _   0.010 0.058 0.001 0.013 0.006 0.017 0.119 0.777 
 390 I _   0.011 0.065 0.001 0.013 0.007 0.019 0.119 0.764 
 391 R _   0.013 0.073 0.001 0.015 0.009 0.021 0.120 0.748 
 392 E _   0.015 0.085 0.001 0.019 0.011 0.023 0.121 0.726 
 393 R _   0.017 0.100 0.001 0.023 0.013 0.025 0.122 0.699 
 394 P _   0.018 0.117 0.001 0.029 0.015 0.027 0.123 0.669 
 395 A _   0.019 0.134 0.001 0.037 0.017 0.028 0.124 0.639 
 396 A _   0.020 0.148 0.001 0.044 0.019 0.028 0.126 0.615 
 397 I _   0.019 0.156 0.001 0.050 0.019 0.027 0.129 0.597 
 398 S _   0.019 0.160 0.001 0.053 0.019 0.026 0.133 0.588 
 399 I _   0.019 0.160 0.001 0.053 0.017 0.024 0.138 0.587 
 400 E _   0.017 0.154 0.001 0.050 0.015 0.022 0.144 0.596 
 401 I _   0.016 0.141 0.001 0.044 0.013 0.019 0.152 0.613 
 402 K _   0.015 0.122 0.001 0.036 0.010 0.017 0.161 0.639 
 403 S _   0.013 0.097 0.001 0.026 0.008 0.014 0.170 0.670 
 404 I _   0.012 0.071 0.001 0.018 0.006 0.012 0.179 0.702 
 405 D _   0.010 0.049 0.001 0.012 0.004 0.010 0.187 0.727 
 406 D _   0.009 0.035 0.000 0.008 0.003 0.008 0.193 0.744 
 407 T _   0.007 0.027 0.000 0.006 0.002 0.007 0.198 0.754 
 408 S _   0.006 0.022 0.000 0.004 0.002 0.006 0.201 0.759 
 409 N _   0.005 0.021 0.000 0.004 0.001 0.006 0.203 0.760 
 410 F _   0.005 0.020 0.000 0.004 0.001 0.006 0.204 0.759 
 411 D _   0.005 0.022 0.000 0.005 0.002 0.006 0.205 0.756 
 412 E _   0.005 0.025 0.000 0.006 0.002 0.007 0.204 0.751 
 413 F _   0.005 0.031 0.000 0.008 0.002 0.008 0.203 0.743 
 414 P _   0.005 0.041 0.000 0.011 0.003 0.009 0.201 0.729 
 415 E _   0.006 0.055 0.001 0.015 0.004 0.011 0.198 0.710 
 416 S _   0.006 0.073 0.001 0.021 0.006 0.012 0.195 0.687 
 417 D _   0.006 0.094 0.001 0.027 0.007 0.013 0.192 0.660 
 418 I _   0.006 0.113 0.001 0.033 0.008 0.014 0.190 0.634 
 419 L _   0.006 0.128 0.001 0.039 0.009 0.015 0.188 0.613 
 420 K _   0.007 0.139 0.001 0.044 0.009 0.015 0.188 0.597 
 421 P _   0.007 0.144 0.001 0.047 0.010 0.015 0.189 0.588 
 422 T _   0.007 0.146 0.001 0.047 0.009 0.014 0.191 0.585 
 423 V _   0.007 0.143 0.001 0.044 0.009 0.013 0.193 0.589 
 424 A _   0.007 0.136 0.001 0.039 0.008 0.012 0.198 0.599 
 425 T _   0.007 0.125 0.001 0.033 0.007 0.011 0.203 0.615 
 426 S _   0.007 0.109 0.001 0.025 0.005 0.010 0.208 0.635 
 427 N _   0.007 0.090 0.001 0.018 0.004 0.009 0.214 0.657 
 428 H _   0.006 0.074 0.000 0.012 0.003 0.007 0.219 0.678 
 429 P _   0.005 0.061 0.000 0.008 0.002 0.007 0.223 0.693 
 430 E _   0.005 0.054 0.000 0.005 0.002 0.006 0.226 0.703 
 431 T _   0.004 0.050 0.000 0.004 0.001 0.006 0.227 0.707 
 432 D _   0.004 0.050 0.000 0.004 0.001 0.006 0.227 0.707 
 433 Y _   0.004 0.053 0.000 0.004 0.002 0.007 0.227 0.703 
 434 K _   0.005 0.061 0.000 0.006 0.003 0.009 0.225 0.691 
 435 N _   0.007 0.080 0.001 0.010 0.004 0.012 0.222 0.665 
 436 K _   0.008 0.119 0.001 0.016 0.007 0.015 0.217 0.618 
 437 D _   0.008 0.181 0.001 0.023 0.010 0.017 0.210 0.549 
 438 W _   0.008 0.257 0.002 0.029 0.012 0.017 0.203 0.472 
 439 V _   0.007 0.328 0.001 0.033 0.012 0.017 0.198 0.404 
 440 F E   0.006 0.382 0.001 0.034 0.011 0.016 0.195 0.355 
 441 I E   0.005 0.419 0.001 0.033 0.010 0.015 0.193 0.324 
 442 N E   0.005 0.441 0.001 0.031 0.009 0.014 0.193 0.307 
 443 Y E   0.005 0.454 0.001 0.027 0.008 0.013 0.193 0.299 
 444 T E   0.005 0.461 0.001 0.023 0.007 0.012 0.195 0.295 
 445 Y E   0.005 0.465 0.001 0.020 0.006 0.012 0.197 0.294 
 446 K E   0.005 0.467 0.001 0.017 0.006 0.012 0.199 0.294 
 447 R E   0.005 0.468 0.001 0.015 0.005 0.012 0.202 0.292 
 448 F E   0.005 0.470 0.001 0.014 0.005 0.012 0.205 0.289 
 449 E E   0.005 0.473 0.001 0.014 0.005 0.012 0.208 0.282 
 450 G E   0.005 0.477 0.001 0.015 0.006 0.012 0.211 0.273 
 451 L E   0.006 0.482 0.001 0.016 0.006 0.013 0.214 0.262 
 452 T E   0.006 0.487 0.001 0.019 0.007 0.013 0.218 0.250 
 453 A E   0.006 0.491 0.001 0.021 0.007 0.013 0.222 0.239 
 454 R E   0.006 0.492 0.001 0.024 0.008 0.013 0.227 0.229 
 455 G E   0.007 0.490 0.001 0.026 0.008 0.013 0.233 0.222 
 456 A E   0.007 0.484 0.001 0.028 0.009 0.012 0.241 0.219 
 457 I E   0.006 0.472 0.001 0.030 0.009 0.012 0.250 0.220 
 458 P E   0.006 0.454 0.001 0.030 0.009 0.011 0.262 0.228 
 459 S E   0.005 0.427 0.001 0.029 0.009 0.010 0.278 0.241 
 460 Y E   0.005 0.385 0.001 0.027 0.008 0.008 0.300 0.266 
 461 M X   0.003 0.323 0.001 0.023 0.006 0.005 0.329 0.310 
 462 K _   0.002 0.237 0.001 0.015 0.002 0.003 0.361 0.380 
 463 A _   0.001 0.167 0.000 0.009 0.001 0.001 0.375 0.446 
 464 A _   0.000 0.135 0.000 0.009 0.000 0.001 0.377 0.477 
 465 K _   0.003 0.122 0.001 0.016 0.004 0.004 0.371 0.478 
