#TopoPred_TM8: 8-state transmembrane topology prediction results by no_profile mode 
#probabilities are in the order of H E C I L F X _, the 8 transmembrane topology types used in PDBTM 
   1 M X   0.015 0.002 0.002 0.049 0.009 0.011 0.690 0.222 
   2 D X   0.005 0.001 0.000 0.028 0.002 0.006 0.707 0.252 
   3 R X   0.002 0.001 0.000 0.015 0.001 0.004 0.709 0.269 
   4 M X   0.001 0.002 0.000 0.011 0.001 0.005 0.704 0.276 
   5 K X   0.002 0.004 0.000 0.011 0.001 0.007 0.694 0.281 
   6 K X   0.004 0.007 0.000 0.013 0.002 0.011 0.679 0.284 
   7 I X   0.006 0.015 0.000 0.016 0.004 0.014 0.660 0.285 
   8 K X   0.007 0.028 0.001 0.021 0.006 0.017 0.636 0.284 
   9 R X   0.008 0.046 0.001 0.026 0.007 0.019 0.609 0.283 
  10 Q X   0.008 0.066 0.001 0.031 0.009 0.020 0.582 0.283 
  11 L X   0.007 0.084 0.001 0.034 0.010 0.020 0.557 0.286 
  12 S X   0.007 0.098 0.001 0.035 0.011 0.020 0.536 0.292 
  13 M X   0.007 0.107 0.001 0.035 0.011 0.019 0.519 0.301 
  14 T X   0.007 0.113 0.001 0.033 0.011 0.019 0.504 0.312 
  15 L X   0.008 0.117 0.001 0.031 0.010 0.018 0.493 0.322 
  16 S X   0.008 0.119 0.001 0.029 0.010 0.018 0.483 0.332 
  17 S X   0.008 0.121 0.001 0.027 0.010 0.017 0.474 0.341 
  18 A X   0.009 0.121 0.001 0.026 0.009 0.017 0.467 0.351 
  19 P X   0.009 0.120 0.001 0.026 0.009 0.016 0.461 0.360 
  20 E X   0.009 0.118 0.001 0.025 0.008 0.015 0.455 0.369 
  21 I X   0.009 0.115 0.001 0.024 0.008 0.014 0.451 0.379 
  22 V X   0.009 0.110 0.001 0.023 0.007 0.013 0.447 0.391 
  23 H X   0.009 0.103 0.001 0.021 0.006 0.012 0.444 0.405 
  24 E X   0.008 0.093 0.001 0.019 0.005 0.010 0.442 0.421 
  25 D X   0.008 0.082 0.001 0.016 0.005 0.009 0.440 0.440 
  26 L _   0.007 0.070 0.001 0.013 0.004 0.008 0.438 0.459 
  27 K _   0.006 0.058 0.000 0.010 0.003 0.007 0.437 0.478 
  28 M _   0.006 0.047 0.000 0.008 0.002 0.006 0.435 0.495 
  29 G _   0.005 0.040 0.000 0.006 0.002 0.006 0.432 0.509 
  30 S _   0.004 0.034 0.000 0.005 0.002 0.005 0.429 0.520 
  31 D _   0.004 0.031 0.000 0.005 0.002 0.005 0.425 0.529 
  32 G _   0.003 0.029 0.000 0.005 0.001 0.005 0.420 0.536 
  33 E _   0.003 0.029 0.000 0.005 0.002 0.005 0.414 0.542 
  34 S _   0.003 0.029 0.000 0.006 0.002 0.005 0.408 0.547 
  35 D _   0.003 0.030 0.000 0.007 0.002 0.006 0.400 0.551 
  36 Q _   0.003 0.032 0.000 0.008 0.002 0.006 0.392 0.555 
  37 A _   0.003 0.035 0.000 0.010 0.003 0.006 0.383 0.560 
  38 S _   0.003 0.038 0.000 0.011 0.003 0.007 0.374 0.564 
  39 A _   0.003 0.041 0.000 0.012 0.003 0.007 0.365 0.569 
  40 T _   0.004 0.044 0.000 0.012 0.003 0.008 0.355 0.574 
  41 S _   0.004 0.048 0.000 0.013 0.003 0.008 0.346 0.579 
  42 S _   0.004 0.052 0.000 0.014 0.004 0.009 0.337 0.582 
  43 D _   0.004 0.056 0.001 0.015 0.004 0.010 0.328 0.583 
  44 E _   0.005 0.062 0.001 0.017 0.005 0.011 0.319 0.582 
  45 V _   0.005 0.068 0.001 0.020 0.006 0.012 0.311 0.579 
  46 Q _   0.006 0.074 0.001 0.024 0.006 0.013 0.303 0.574 
  47 S _   0.006 0.080 0.001 0.028 0.007 0.013 0.296 0.569 
  48 P _   0.007 0.084 0.001 0.032 0.008 0.014 0.290 0.565 
  49 V _   0.007 0.086 0.001 0.035 0.008 0.014 0.285 0.564 
  50 R _   0.007 0.086 0.001 0.035 0.008 0.013 0.282 0.568 
  51 V _   0.008 0.084 0.001 0.033 0.008 0.013 0.279 0.576 
  52 R _   0.007 0.078 0.001 0.029 0.007 0.012 0.277 0.589 
  53 M _   0.007 0.070 0.001 0.024 0.006 0.011 0.276 0.606 
  54 R _   0.007 0.059 0.001 0.019 0.005 0.009 0.275 0.626 
  55 N _   0.006 0.047 0.001 0.014 0.004 0.008 0.275 0.645 
  56 H _   0.006 0.037 0.000 0.010 0.003 0.007 0.274 0.663 
  57 P _   0.005 0.030 0.000 0.007 0.002 0.006 0.273 0.675 
  58 P _   0.005 0.025 0.000 0.006 0.002 0.006 0.271 0.685 
  59 R _   0.005 0.022 0.000 0.005 0.002 0.006 0.269 0.691 
  60 K _   0.005 0.021 0.000 0.005 0.002 0.006 0.266 0.695 
  61 I _   0.004 0.021 0.000 0.006 0.002 0.006 0.263 0.698 
  62 S _   0.004 0.021 0.000 0.007 0.002 0.006 0.259 0.701 
  63 T _   0.004 0.022 0.000 0.008 0.002 0.006 0.254 0.703 
  64 E _   0.004 0.024 0.000 0.009 0.003 0.007 0.249 0.705 
  65 D _   0.004 0.025 0.000 0.010 0.003 0.007 0.243 0.706 
  66 I _   0.004 0.027 0.000 0.011 0.003 0.007 0.238 0.709 
  67 N _   0.005 0.030 0.000 0.011 0.003 0.008 0.233 0.711 
  68 K _   0.005 0.032 0.000 0.012 0.003 0.008 0.227 0.714 
  69 R _   0.005 0.034 0.000 0.012 0.003 0.008 0.222 0.717 
  70 L _   0.005 0.036 0.000 0.011 0.003 0.008 0.217 0.719 
  71 S _   0.005 0.038 0.000 0.011 0.003 0.008 0.212 0.722 
  72 L _   0.005 0.040 0.000 0.011 0.003 0.009 0.207 0.724 
  73 P _   0.005 0.043 0.000 0.011 0.004 0.009 0.202 0.726 
  74 A _   0.005 0.046 0.000 0.012 0.004 0.010 0.197 0.726 
  75 D _   0.006 0.050 0.000 0.012 0.004 0.010 0.192 0.725 
  76 I _   0.006 0.055 0.001 0.013 0.005 0.011 0.186 0.723 
  77 R _   0.007 0.060 0.001 0.015 0.005 0.012 0.181 0.719 
  78 L _   0.007 0.066 0.001 0.017 0.006 0.013 0.176 0.714 
  79 P _   0.008 0.072 0.001 0.020 0.007 0.014 0.171 0.707 
  80 E _   0.008 0.078 0.001 0.023 0.008 0.015 0.167 0.701 
  81 G _   0.009 0.083 0.001 0.026 0.009 0.016 0.162 0.695 
  82 Y _   0.009 0.086 0.001 0.028 0.009 0.016 0.159 0.692 
  83 L _   0.009 0.088 0.001 0.029 0.009 0.016 0.156 0.692 
  84 E _   0.010 0.087 0.001 0.029 0.009 0.016 0.154 0.694 
  85 K _   0.010 0.085 0.001 0.028 0.009 0.015 0.152 0.701 
  86 L _   0.009 0.080 0.001 0.026 0.008 0.014 0.151 0.711 
  87 T _   0.009 0.073 0.001 0.022 0.007 0.013 0.150 0.725 
  88 L _   0.009 0.064 0.001 0.019 0.006 0.012 0.150 0.740 
  89 N _   0.008 0.054 0.001 0.016 0.005 0.011 0.150 0.756 
  90 S _   0.008 0.044 0.001 0.012 0.004 0.010 0.150 0.771 
  91 P _   0.008 0.036 0.000 0.010 0.004 0.009 0.150 0.784 
  92 I _   0.007 0.029 0.000 0.008 0.003 0.009 0.149 0.794 
  93 F _   0.007 0.024 0.000 0.007 0.003 0.009 0.148 0.802 
  94 D _   0.007 0.021 0.000 0.006 0.003 0.009 0.147 0.807 
  95 K _   0.007 0.019 0.000 0.006 0.003 0.010 0.146 0.810 
  96 P _   0.008 0.018 0.000 0.006 0.003 0.011 0.144 0.810 
  97 L _   0.009 0.018 0.000 0.006 0.003 0.012 0.142 0.809 
  98 S _   0.010 0.020 0.000 0.007 0.004 0.014 0.139 0.806 
  99 R _   0.011 0.022 0.001 0.008 0.005 0.017 0.137 0.799 
 100 R _   0.014 0.027 0.001 0.010 0.006 0.020 0.134 0.790 
 101 L _   0.016 0.032 0.001 0.012 0.008 0.023 0.130 0.778 
 102 R _   0.019 0.040 0.001 0.014 0.011 0.026 0.127 0.762 
 103 R _   0.022 0.050 0.001 0.017 0.013 0.030 0.124 0.744 
 104 V _   0.025 0.060 0.001 0.021 0.017 0.033 0.120 0.723 
 105 S _   0.029 0.071 0.001 0.025 0.020 0.035 0.117 0.701 
 106 L _   0.032 0.082 0.002 0.029 0.022 0.037 0.115 0.682 
 107 S _   0.035 0.090 0.002 0.033 0.024 0.038 0.113 0.666 
 108 E _   0.037 0.096 0.002 0.037 0.025 0.037 0.111 0.654 
 109 I _   0.038 0.100 0.002 0.040 0.025 0.036 0.111 0.647 
 110 G _   0.039 0.101 0.002 0.041 0.024 0.035 0.111 0.648 
 111 F _   0.038 0.098 0.002 0.040 0.022 0.032 0.111 0.656 
 112 G _   0.036 0.092 0.002 0.037 0.020 0.029 0.112 0.673 
 113 K _   0.034 0.081 0.001 0.032 0.016 0.026 0.114 0.696 
 114 L _   0.030 0.066 0.001 0.026 0.013 0.022 0.116 0.727 
 115 E _   0.025 0.049 0.001 0.019 0.009 0.019 0.118 0.759 
 116 T _   0.021 0.033 0.001 0.013 0.007 0.016 0.119 0.791 
 117 Y _   0.017 0.021 0.001 0.009 0.005 0.013 0.120 0.815 
 118 I _   0.013 0.013 0.000 0.006 0.003 0.011 0.121 0.832 
 119 K _   0.011 0.009 0.000 0.005 0.003 0.009 0.121 0.842 
 120 L _   0.010 0.008 0.000 0.004 0.002 0.009 0.120 0.847 
 121 D _   0.009 0.007 0.000 0.004 0.002 0.009 0.119 0.849 
 122 K _   0.009 0.007 0.000 0.005 0.003 0.009 0.118 0.848 
 123 L _   0.009 0.009 0.000 0.007 0.003 0.010 0.117 0.845 
 124 G _   0.009 0.011 0.001 0.010 0.004 0.011 0.115 0.839 
 125 E _   0.010 0.014 0.001 0.015 0.006 0.012 0.113 0.831 
 126 G _   0.010 0.017 0.001 0.019 0.007 0.013 0.111 0.822 
 127 T _   0.010 0.020 0.001 0.023 0.007 0.014 0.109 0.816 
 128 Y _   0.010 0.021 0.001 0.025 0.008 0.014 0.108 0.814 
 129 A _   0.010 0.022 0.001 0.025 0.007 0.013 0.107 0.816 
 130 T _   0.009 0.021 0.001 0.022 0.007 0.012 0.106 0.822 
 131 V _   0.008 0.019 0.001 0.019 0.006 0.011 0.105 0.832 
 132 Y _   0.008 0.016 0.001 0.014 0.004 0.010 0.105 0.843 
 133 K _   0.007 0.013 0.000 0.010 0.003 0.009 0.104 0.853 
 134 G _   0.006 0.011 0.000 0.007 0.003 0.008 0.103 0.861 
 135 K _   0.006 0.009 0.000 0.006 0.002 0.008 0.102 0.866 
 136 S _   0.006 0.009 0.000 0.005 0.002 0.008 0.101 0.869 
 137 K _   0.006 0.009 0.000 0.005 0.002 0.009 0.100 0.868 
 138 L _   0.007 0.011 0.000 0.006 0.003 0.010 0.098 0.864 
 139 T _   0.008 0.014 0.000 0.009 0.004 0.012 0.096 0.856 
 140 D _   0.009 0.019 0.001 0.014 0.006 0.014 0.093 0.843 
 141 N _   0.011 0.027 0.001 0.020 0.008 0.016 0.090 0.827 
 142 L _   0.011 0.034 0.001 0.027 0.010 0.018 0.088 0.811 
 143 V _   0.012 0.040 0.001 0.033 0.011 0.019 0.085 0.799 
 144 A _   0.012 0.043 0.001 0.037 0.012 0.020 0.083 0.792 
 145 L _   0.013 0.044 0.001 0.038 0.012 0.019 0.082 0.791 
 146 K _   0.013 0.043 0.001 0.036 0.011 0.019 0.081 0.797 
 147 E _   0.012 0.039 0.001 0.031 0.010 0.018 0.080 0.809 
 148 I _   0.012 0.034 0.001 0.024 0.008 0.016 0.080 0.825 
 149 R _   0.011 0.026 0.001 0.018 0.007 0.015 0.080 0.842 
 150 L _   0.011 0.020 0.001 0.012 0.005 0.014 0.079 0.858 
 151 E _   0.011 0.014 0.001 0.008 0.004 0.013 0.079 0.870 
 152 H _   0.011 0.010 0.000 0.006 0.003 0.013 0.078 0.877 
 153 E _   0.012 0.009 0.000 0.005 0.003 0.014 0.078 0.880 
 154 E _   0.013 0.008 0.000 0.005 0.004 0.016 0.077 0.878 
 155 G _   0.015 0.009 0.000 0.006 0.005 0.018 0.075 0.871 
 156 A _   0.019 0.011 0.001 0.008 0.007 0.021 0.074 0.859 
 157 P _   0.022 0.016 0.001 0.012 0.010 0.025 0.072 0.841 
 158 C _   0.026 0.022 0.001 0.019 0.014 0.029 0.070 0.819 
 159 T _   0.029 0.029 0.001 0.026 0.018 0.032 0.069 0.797 
 160 A _   0.031 0.035 0.002 0.033 0.020 0.033 0.067 0.779 
 161 I _   0.032 0.039 0.002 0.038 0.022 0.034 0.066 0.768 
 162 R _   0.032 0.040 0.002 0.039 0.022 0.033 0.066 0.766 
 163 E _   0.031 0.039 0.002 0.037 0.020 0.032 0.066 0.774 
 164 V _   0.030 0.035 0.001 0.032 0.017 0.029 0.066 0.789 
 165 S _   0.028 0.029 0.001 0.025 0.014 0.027 0.066 0.810 
 166 L _   0.026 0.021 0.001 0.018 0.011 0.024 0.066 0.832 
 167 L _   0.024 0.014 0.001 0.012 0.008 0.021 0.067 0.853 
 168 K _   0.022 0.008 0.001 0.008 0.006 0.020 0.067 0.868 
 169 D _   0.021 0.005 0.001 0.006 0.005 0.018 0.067 0.878 
 170 L _   0.021 0.003 0.000 0.005 0.005 0.018 0.067 0.882 
 171 K _   0.022 0.003 0.000 0.004 0.005 0.018 0.066 0.881 
 172 H _   0.023 0.003 0.001 0.005 0.006 0.019 0.066 0.878 
 173 A _   0.025 0.003 0.001 0.007 0.007 0.021 0.066 0.871 
 174 N _   0.027 0.004 0.001 0.009 0.008 0.022 0.065 0.863 
 175 I _   0.029 0.005 0.001 0.012 0.010 0.023 0.065 0.855 
 176 V _   0.030 0.006 0.001 0.015 0.011 0.024 0.065 0.848 
 177 T _   0.031 0.007 0.001 0.016 0.012 0.025 0.064 0.844 
 178 L _   0.031 0.008 0.001 0.016 0.011 0.025 0.064 0.844 
 179 H _   0.030 0.007 0.001 0.015 0.010 0.024 0.064 0.848 
 180 D _   0.029 0.007 0.001 0.012 0.009 0.023 0.064 0.854 
 181 I _   0.028 0.006 0.001 0.010 0.008 0.023 0.064 0.860 
 182 I _   0.028 0.005 0.001 0.007 0.007 0.022 0.064 0.865 
 183 H _   0.028 0.005 0.001 0.006 0.007 0.023 0.064 0.867 
 184 T _   0.028 0.006 0.001 0.006 0.007 0.024 0.064 0.864 
 185 E _   0.030 0.008 0.001 0.007 0.009 0.025 0.063 0.857 
 186 K _   0.031 0.012 0.001 0.011 0.011 0.027 0.063 0.844 
 187 S _   0.033 0.018 0.001 0.017 0.014 0.029 0.063 0.826 
 188 L _   0.033 0.026 0.001 0.025 0.016 0.030 0.062 0.806 
 189 T _   0.033 0.033 0.001 0.032 0.018 0.030 0.062 0.791 
 190 L _   0.031 0.037 0.001 0.038 0.018 0.028 0.063 0.784 
 191 V _   0.029 0.039 0.001 0.040 0.017 0.026 0.063 0.785 
 192 F _   0.025 0.038 0.001 0.038 0.015 0.023 0.064 0.795 
 193 E _   0.021 0.034 0.001 0.032 0.012 0.020 0.066 0.813 
 194 Y _   0.017 0.028 0.001 0.025 0.009 0.017 0.067 0.836 
 195 L _   0.014 0.021 0.001 0.018 0.006 0.014 0.068 0.858 
 196 D _   0.012 0.014 0.001 0.012 0.005 0.011 0.069 0.877 
 197 K _   0.010 0.008 0.000 0.008 0.003 0.009 0.070 0.891 
 198 D _   0.008 0.005 0.000 0.006 0.002 0.008 0.070 0.901 
 199 L _   0.007 0.003 0.000 0.004 0.002 0.007 0.070 0.906 
 200 K _   0.007 0.002 0.000 0.004 0.002 0.007 0.070 0.908 
 201 Q _   0.007 0.001 0.000 0.004 0.002 0.007 0.070 0.909 
 202 Y _   0.008 0.001 0.000 0.004 0.002 0.008 0.069 0.908 
 203 L _   0.009 0.001 0.000 0.005 0.002 0.009 0.068 0.906 
 204 D _   0.012 0.001 0.000 0.005 0.003 0.010 0.066 0.903 
 205 D _   0.016 0.001 0.000 0.005 0.003 0.012 0.064 0.898 
 206 C _   0.023 0.000 0.000 0.006 0.004 0.015 0.062 0.889 
 207 G _   0.035 0.000 0.001 0.006 0.005 0.018 0.060 0.875 
 208 N _   0.053 0.000 0.001 0.006 0.006 0.023 0.058 0.854 
 209 I _   0.078 0.000 0.001 0.005 0.008 0.027 0.055 0.825 
 210 I _   0.113 0.000 0.001 0.005 0.010 0.033 0.052 0.786 
 211 N _   0.156 0.000 0.001 0.005 0.014 0.039 0.049 0.736 
 212 M _   0.207 0.000 0.001 0.005 0.019 0.045 0.045 0.677 
 213 H _   0.263 0.000 0.002 0.005 0.025 0.051 0.042 0.613 
 214 N _   0.319 0.000 0.002 0.005 0.031 0.056 0.040 0.548 
 215 V _   0.370 0.000 0.002 0.005 0.038 0.059 0.037 0.488 
 216 K _   0.413 0.001 0.002 0.005 0.044 0.061 0.036 0.437 
 217 L H   0.446 0.001 0.002 0.006 0.050 0.062 0.035 0.398 
 218 F H   0.468 0.001 0.002 0.007 0.053 0.061 0.035 0.372 
 219 L H   0.479 0.002 0.002 0.009 0.054 0.059 0.036 0.359 
 220 F H   0.478 0.002 0.002 0.010 0.054 0.056 0.037 0.362 
 221 Q H   0.466 0.002 0.002 0.010 0.051 0.053 0.038 0.377 
 222 L H   0.444 0.002 0.002 0.010 0.046 0.049 0.041 0.405 
 223 L _   0.413 0.002 0.002 0.010 0.040 0.045 0.043 0.444 
 224 R _   0.373 0.002 0.002 0.009 0.033 0.041 0.046 0.494 
 225 G _   0.327 0.002 0.002 0.009 0.026 0.036 0.050 0.549 
 226 L _   0.276 0.001 0.002 0.008 0.020 0.032 0.054 0.606 
 227 A _   0.226 0.001 0.001 0.008 0.016 0.029 0.058 0.661 
 228 Y _   0.177 0.001 0.001 0.009 0.012 0.025 0.062 0.712 
 229 C _   0.135 0.001 0.001 0.009 0.010 0.022 0.065 0.756 
 230 H _   0.100 0.001 0.001 0.010 0.008 0.019 0.069 0.791 
 231 R _   0.073 0.001 0.001 0.010 0.006 0.017 0.072 0.820 
 232 Q _   0.053 0.001 0.001 0.010 0.005 0.014 0.074 0.841 
 233 K _   0.038 0.002 0.001 0.009 0.004 0.012 0.077 0.858 
 234 V _   0.027 0.001 0.000 0.008 0.004 0.011 0.078 0.870 
 235 L _   0.020 0.001 0.000 0.007 0.003 0.009 0.080 0.879 
 236 H _   0.015 0.001 0.000 0.006 0.003 0.008 0.081 0.886 
 237 R _   0.011 0.002 0.000 0.005 0.002 0.007 0.081 0.891 
 238 D _   0.009 0.002 0.000 0.005 0.002 0.006 0.082 0.893 
 239 L _   0.008 0.002 0.000 0.005 0.002 0.006 0.082 0.895 
 240 K _   0.007 0.003 0.000 0.005 0.002 0.006 0.082 0.895 
 241 P _   0.007 0.004 0.000 0.005 0.002 0.006 0.081 0.894 
 242 Q _   0.007 0.005 0.000 0.006 0.002 0.007 0.081 0.892 
 243 N _   0.007 0.007 0.000 0.007 0.003 0.007 0.080 0.889 
 244 L _   0.007 0.010 0.000 0.008 0.003 0.008 0.079 0.886 
 245 L _   0.007 0.013 0.000 0.010 0.003 0.008 0.077 0.882 
 246 I _   0.007 0.017 0.000 0.011 0.003 0.009 0.076 0.877 
 247 N _   0.007 0.022 0.000 0.011 0.004 0.009 0.074 0.873 
 248 E _   0.006 0.026 0.000 0.012 0.004 0.010 0.072 0.870 
 249 R _   0.006 0.031 0.000 0.012 0.004 0.010 0.070 0.866 
 250 G _   0.006 0.036 0.000 0.013 0.004 0.010 0.068 0.862 
 251 E _   0.006 0.041 0.001 0.014 0.004 0.011 0.066 0.857 
 252 L _   0.007 0.047 0.001 0.015 0.005 0.012 0.064 0.851 
 253 K _   0.007 0.054 0.001 0.017 0.005 0.013 0.062 0.842 
 254 L _   0.007 0.061 0.001 0.019 0.006 0.013 0.060 0.832 
 255 A _   0.008 0.068 0.001 0.023 0.007 0.014 0.058 0.822 
 256 D _   0.008 0.075 0.001 0.026 0.008 0.015 0.056 0.811 
 257 F _   0.009 0.080 0.001 0.029 0.009 0.016 0.054 0.803 
 258 G _   0.009 0.083 0.001 0.032 0.009 0.016 0.053 0.797 
 259 L _   0.010 0.084 0.001 0.033 0.009 0.016 0.052 0.795 
 260 A _   0.010 0.083 0.001 0.032 0.009 0.015 0.051 0.799 
 261 R _   0.010 0.079 0.001 0.029 0.008 0.015 0.051 0.807 
 262 A _   0.010 0.072 0.001 0.026 0.007 0.014 0.051 0.819 
 263 K _   0.009 0.064 0.001 0.021 0.006 0.013 0.051 0.835 
 264 S _   0.009 0.054 0.001 0.016 0.005 0.012 0.052 0.853 
 265 I _   0.009 0.044 0.001 0.011 0.004 0.011 0.052 0.868 
 266 P _   0.009 0.037 0.000 0.008 0.004 0.011 0.052 0.880 
 267 T _   0.009 0.033 0.000 0.006 0.003 0.011 0.051 0.887 
 268 K _   0.009 0.031 0.000 0.006 0.003 0.011 0.051 0.889 
 269 T _   0.009 0.030 0.000 0.006 0.004 0.013 0.050 0.888 
 270 Y _   0.010 0.032 0.001 0.008 0.005 0.014 0.049 0.881 
 271 S _   0.011 0.037 0.001 0.011 0.006 0.017 0.048 0.869 
 272 N _   0.013 0.044 0.001 0.016 0.008 0.019 0.047 0.853 
 273 E _   0.014 0.053 0.001 0.022 0.011 0.021 0.045 0.833 
 274 V _   0.015 0.061 0.001 0.028 0.013 0.023 0.044 0.815 
 275 V _   0.016 0.068 0.001 0.033 0.014 0.024 0.042 0.802 
 276 T _   0.016 0.072 0.001 0.036 0.015 0.024 0.041 0.795 
 277 L _   0.016 0.073 0.001 0.037 0.015 0.024 0.041 0.794 
 278 W _   0.015 0.071 0.001 0.035 0.014 0.023 0.040 0.800 
 279 Y _   0.014 0.067 0.001 0.032 0.013 0.022 0.040 0.811 
 280 R _   0.013 0.061 0.001 0.028 0.012 0.021 0.040 0.824 
 281 P _   0.013 0.054 0.001 0.024 0.010 0.019 0.040 0.838 
 282 P _   0.013 0.046 0.001 0.021 0.009 0.018 0.041 0.851 
 283 D _   0.012 0.039 0.001 0.018 0.008 0.017 0.041 0.863 
 284 I _   0.012 0.032 0.001 0.016 0.007 0.016 0.042 0.873 
 285 L _   0.012 0.026 0.001 0.015 0.006 0.016 0.042 0.883 
 286 L _   0.013 0.020 0.001 0.013 0.006 0.015 0.042 0.891 
 287 G _   0.014 0.014 0.001 0.011 0.005 0.015 0.042 0.899 
 288 S _   0.015 0.009 0.001 0.009 0.005 0.014 0.042 0.906 
 289 T _   0.018 0.005 0.001 0.007 0.004 0.015 0.041 0.910 
 290 D _   0.023 0.002 0.000 0.005 0.004 0.015 0.041 0.909 
 291 Y _   0.033 0.001 0.000 0.004 0.004 0.017 0.040 0.901 
 292 S _   0.049 0.000 0.001 0.003 0.005 0.020 0.038 0.884 
 293 T _   0.076 0.000 0.001 0.003 0.006 0.025 0.037 0.852 
 294 Q _   0.115 0.000 0.001 0.003 0.009 0.031 0.035 0.806 
 295 I _   0.167 0.000 0.001 0.003 0.015 0.038 0.033 0.743 
 296 D _   0.226 0.000 0.001 0.004 0.024 0.046 0.031 0.667 
 297 M _   0.286 0.001 0.002 0.005 0.035 0.054 0.029 0.589 
 298 W _   0.339 0.002 0.002 0.007 0.047 0.060 0.028 0.515 
 299 G _   0.382 0.003 0.002 0.009 0.058 0.064 0.027 0.454 
 300 V H   0.412 0.006 0.003 0.012 0.066 0.065 0.027 0.409 
 301 G H   0.429 0.008 0.003 0.014 0.071 0.064 0.028 0.382 
 302 C H   0.435 0.010 0.003 0.017 0.072 0.062 0.029 0.372 
 303 I H   0.427 0.011 0.003 0.019 0.070 0.059 0.030 0.381 
 304 F _   0.406 0.011 0.003 0.020 0.064 0.055 0.032 0.408 
 305 Y _   0.372 0.011 0.003 0.020 0.056 0.050 0.035 0.454 
 306 E _   0.325 0.009 0.003 0.019 0.045 0.044 0.039 0.517 
 307 M _   0.270 0.007 0.002 0.016 0.033 0.038 0.042 0.592 
 308 A _   0.211 0.005 0.002 0.013 0.023 0.031 0.046 0.670 
 309 T _   0.157 0.003 0.001 0.009 0.014 0.025 0.050 0.741 
 310 G _   0.112 0.001 0.001 0.007 0.009 0.020 0.053 0.797 
 311 R _   0.079 0.001 0.001 0.005 0.005 0.016 0.055 0.839 
 312 P _   0.056 0.000 0.000 0.004 0.004 0.014 0.056 0.866 
 313 L _   0.043 0.000 0.000 0.003 0.003 0.013 0.057 0.882 
 314 F _   0.036 0.000 0.000 0.002 0.002 0.012 0.058 0.889 
 315 P _   0.035 0.000 0.000 0.002 0.002 0.013 0.058 0.889 
 316 G _   0.039 0.000 0.000 0.002 0.003 0.016 0.058 0.882 
 317 S _   0.050 0.000 0.000 0.002 0.004 0.019 0.057 0.866 
 318 T _   0.069 0.000 0.001 0.003 0.006 0.025 0.057 0.840 
 319 V _   0.095 0.000 0.001 0.003 0.010 0.033 0.056 0.803 
 320 E _   0.128 0.001 0.001 0.004 0.016 0.041 0.055 0.754 
 321 E _   0.163 0.001 0.001 0.006 0.025 0.051 0.054 0.699 
 322 Q _   0.198 0.003 0.002 0.008 0.035 0.059 0.053 0.641 
 323 L _   0.229 0.006 0.002 0.011 0.047 0.066 0.053 0.586 
 324 H _   0.252 0.010 0.003 0.016 0.057 0.070 0.053 0.540 
 325 F _   0.266 0.014 0.003 0.020 0.064 0.071 0.054 0.507 
 326 I _   0.272 0.018 0.003 0.025 0.066 0.071 0.056 0.489 
 327 F _   0.269 0.020 0.003 0.028 0.065 0.068 0.058 0.488 
 328 R _   0.256 0.021 0.003 0.028 0.061 0.063 0.062 0.506 
 329 I _   0.236 0.020 0.003 0.027 0.053 0.057 0.065 0.538 
 330 L _   0.209 0.017 0.003 0.024 0.043 0.051 0.070 0.583 
 331 G _   0.178 0.014 0.002 0.019 0.033 0.044 0.074 0.635 
 332 T _   0.146 0.010 0.002 0.015 0.024 0.038 0.079 0.687 
 333 P _   0.115 0.007 0.001 0.011 0.016 0.032 0.083 0.734 
 334 T _   0.089 0.005 0.001 0.009 0.011 0.027 0.087 0.771 
 335 E _   0.067 0.004 0.001 0.007 0.008 0.023 0.091 0.799 
 336 E _   0.050 0.003 0.001 0.007 0.006 0.020 0.094 0.819 
 337 T _   0.037 0.003 0.001 0.007 0.005 0.018 0.097 0.832 
 338 W _   0.029 0.004 0.001 0.008 0.005 0.016 0.099 0.838 
 339 P _   0.023 0.005 0.001 0.010 0.005 0.015 0.101 0.841 
 340 G _   0.018 0.006 0.001 0.012 0.005 0.014 0.103 0.841 
 341 I _   0.016 0.007 0.001 0.014 0.005 0.013 0.105 0.839 
 342 L _   0.014 0.008 0.001 0.015 0.006 0.013 0.107 0.837 
 343 S _   0.012 0.009 0.001 0.015 0.005 0.012 0.109 0.837 
 344 N _   0.011 0.009 0.001 0.015 0.005 0.011 0.111 0.838 
 345 E _   0.010 0.009 0.001 0.013 0.004 0.010 0.113 0.841 
 346 E _   0.008 0.008 0.000 0.010 0.003 0.009 0.115 0.845 
 347 F _   0.007 0.008 0.000 0.008 0.003 0.008 0.117 0.850 
 348 K _   0.007 0.008 0.000 0.006 0.002 0.007 0.118 0.853 
 349 T _   0.006 0.008 0.000 0.005 0.002 0.007 0.118 0.854 
 350 Y _   0.006 0.009 0.000 0.004 0.002 0.007 0.118 0.854 
 351 N _   0.006 0.011 0.000 0.005 0.002 0.008 0.118 0.849 
 352 Y _   0.007 0.017 0.000 0.007 0.003 0.010 0.117 0.839 
 353 P _   0.008 0.029 0.001 0.011 0.005 0.013 0.116 0.819 
 354 K _   0.009 0.051 0.001 0.018 0.007 0.016 0.113 0.785 
 355 Y _   0.010 0.083 0.001 0.027 0.010 0.018 0.111 0.740 
 356 R _   0.011 0.120 0.001 0.038 0.012 0.020 0.108 0.690 
 357 A _   0.010 0.152 0.001 0.048 0.014 0.020 0.106 0.648 
 358 E _   0.010 0.172 0.001 0.056 0.014 0.020 0.105 0.621 
 359 A _   0.010 0.182 0.001 0.060 0.014 0.020 0.105 0.608 
 360 L _   0.010 0.186 0.001 0.060 0.013 0.018 0.106 0.606 
 361 L _   0.009 0.183 0.001 0.055 0.012 0.017 0.108 0.615 
 362 S _   0.009 0.174 0.001 0.047 0.010 0.015 0.110 0.634 
 363 H _   0.009 0.157 0.001 0.037 0.008 0.013 0.114 0.661 
 364 A _   0.008 0.133 0.001 0.026 0.007 0.011 0.118 0.696 
 365 P _   0.008 0.106 0.001 0.017 0.005 0.010 0.122 0.732 
 366 R _   0.007 0.085 0.000 0.010 0.003 0.008 0.126 0.760 
 367 L _   0.006 0.071 0.000 0.006 0.002 0.007 0.129 0.778 
 368 D _   0.006 0.064 0.000 0.004 0.002 0.007 0.130 0.787 
 369 S _   0.005 0.062 0.000 0.004 0.002 0.008 0.131 0.788 
 370 D _   0.006 0.064 0.000 0.005 0.002 0.009 0.131 0.783 
 371 G _   0.007 0.070 0.000 0.008 0.003 0.011 0.131 0.771 
 372 A _   0.008 0.083 0.001 0.012 0.005 0.013 0.129 0.749 
 373 D _   0.009 0.105 0.001 0.020 0.007 0.015 0.128 0.716 
 374 L _   0.009 0.131 0.001 0.029 0.009 0.017 0.126 0.679 
 375 L _   0.009 0.153 0.001 0.038 0.010 0.018 0.124 0.647 
 376 T _   0.009 0.169 0.001 0.044 0.011 0.018 0.123 0.625 
 377 K _   0.008 0.177 0.001 0.048 0.011 0.017 0.124 0.614 
 378 L _   0.008 0.179 0.001 0.048 0.011 0.017 0.125 0.611 
 379 L _   0.008 0.177 0.001 0.045 0.010 0.016 0.127 0.617 
 380 Q _   0.007 0.169 0.001 0.040 0.009 0.014 0.129 0.630 
 381 F _   0.007 0.156 0.001 0.033 0.008 0.013 0.133 0.649 
 382 E _   0.007 0.139 0.001 0.026 0.007 0.012 0.138 0.671 
 383 G _   0.007 0.119 0.001 0.019 0.006 0.011 0.142 0.695 
 384 R _   0.007 0.100 0.001 0.014 0.004 0.010 0.147 0.716 
 385 N _   0.006 0.086 0.001 0.011 0.004 0.009 0.151 0.732 
 386 R _   0.006 0.076 0.000 0.008 0.003 0.009 0.155 0.742 
 387 I _   0.006 0.070 0.000 0.007 0.003 0.009 0.158 0.747 
 388 S _   0.006 0.067 0.000 0.006 0.003 0.009 0.160 0.748 
 389 A _   0.006 0.066 0.000 0.007 0.003 0.010 0.162 0.746 
 390 E _   0.007 0.067 0.000 0.007 0.003 0.011 0.164 0.741 
 391 D _   0.007 0.070 0.000 0.009 0.004 0.012 0.165 0.733 
 392 A _   0.008 0.076 0.001 0.011 0.005 0.014 0.166 0.721 
 393 M _   0.009 0.083 0.001 0.014 0.006 0.016 0.166 0.705 
 394 K _   0.010 0.093 0.001 0.018 0.008 0.018 0.167 0.687 
 395 H _   0.011 0.104 0.001 0.022 0.010 0.020 0.168 0.666 
 396 P _   0.011 0.115 0.001 0.027 0.012 0.021 0.169 0.644 
 397 F _   0.012 0.124 0.001 0.033 0.013 0.022 0.170 0.624 
 398 F _   0.013 0.131 0.001 0.038 0.015 0.023 0.173 0.608 
 399 L _   0.013 0.134 0.001 0.041 0.015 0.023 0.176 0.597 
 400 S _   0.013 0.134 0.001 0.042 0.015 0.023 0.180 0.592 
 401 L _   0.013 0.131 0.001 0.041 0.015 0.022 0.185 0.592 
 402 G _   0.013 0.123 0.001 0.037 0.013 0.020 0.192 0.600 
 403 E _   0.013 0.111 0.001 0.032 0.011 0.019 0.199 0.615 
 404 R _   0.012 0.094 0.001 0.025 0.009 0.017 0.207 0.634 
 405 I _   0.012 0.076 0.001 0.018 0.007 0.016 0.216 0.655 
 406 H _   0.012 0.059 0.001 0.012 0.006 0.015 0.224 0.673 
 407 K _   0.011 0.048 0.001 0.008 0.004 0.014 0.231 0.684 
 408 L _   0.011 0.041 0.000 0.005 0.004 0.014 0.236 0.688 
 409 P _   0.012 0.039 0.000 0.004 0.004 0.015 0.241 0.685 
 410 D _   0.013 0.040 0.000 0.005 0.004 0.017 0.245 0.675 
 411 T _   0.016 0.044 0.001 0.007 0.006 0.020 0.249 0.657 
 412 T _   0.018 0.055 0.001 0.012 0.009 0.023 0.253 0.629 
 413 S _   0.020 0.074 0.001 0.019 0.013 0.026 0.257 0.589 
 414 I _   0.022 0.098 0.002 0.028 0.017 0.029 0.262 0.543 
 415 F _   0.022 0.121 0.002 0.037 0.019 0.030 0.267 0.502 
 416 A _   0.021 0.137 0.002 0.044 0.020 0.030 0.274 0.471 
 417 L _   0.020 0.147 0.002 0.048 0.020 0.029 0.282 0.452 
 418 K _   0.019 0.150 0.001 0.049 0.019 0.027 0.292 0.442 
 419 E _   0.018 0.150 0.001 0.047 0.018 0.025 0.303 0.438 
 420 I _   0.016 0.145 0.001 0.042 0.016 0.023 0.317 0.440 
 421 Q _   0.015 0.135 0.001 0.036 0.013 0.021 0.332 0.446 
 422 L _   0.013 0.123 0.001 0.030 0.011 0.019 0.349 0.453 
 423 Q _   0.012 0.108 0.001 0.025 0.009 0.016 0.368 0.460 
 424 K _   0.011 0.093 0.001 0.021 0.008 0.014 0.387 0.465 
 425 E _   0.010 0.080 0.001 0.018 0.006 0.013 0.406 0.467 
 426 A _   0.009 0.068 0.001 0.015 0.005 0.011 0.425 0.467 
 427 S _   0.008 0.057 0.001 0.013 0.004 0.009 0.442 0.466 
 428 L _   0.007 0.049 0.000 0.011 0.003 0.008 0.459 0.464 
 429 R X   0.006 0.041 0.000 0.009 0.003 0.007 0.473 0.461 
 430 S X   0.005 0.036 0.000 0.007 0.002 0.006 0.485 0.458 
 431 S X   0.004 0.032 0.000 0.005 0.002 0.005 0.496 0.455 
 432 S X   0.004 0.030 0.000 0.004 0.001 0.005 0.505 0.451 
 433 M X   0.003 0.029 0.000 0.004 0.001 0.005 0.512 0.445 
 434 P X   0.003 0.030 0.000 0.004 0.001 0.005 0.517 0.439 
 435 D X   0.004 0.031 0.000 0.005 0.002 0.006 0.522 0.429 
 436 S X   0.004 0.036 0.000 0.007 0.002 0.008 0.527 0.416 
 437 G X   0.005 0.043 0.000 0.010 0.003 0.009 0.531 0.398 
 438 R X   0.006 0.054 0.000 0.015 0.004 0.011 0.534 0.375 
 439 P X   0.006 0.067 0.001 0.021 0.006 0.012 0.538 0.350 
 440 A X   0.006 0.078 0.001 0.026 0.007 0.012 0.542 0.328 
 441 F X   0.005 0.087 0.001 0.030 0.007 0.011 0.547 0.312 
 442 R X   0.004 0.092 0.001 0.032 0.007 0.010 0.554 0.301 
 443 V X   0.003 0.094 0.001 0.031 0.005 0.007 0.562 0.297 
 444 V X   0.002 0.092 0.000 0.026 0.003 0.005 0.572 0.299 
 445 D X   0.001 0.086 0.000 0.018 0.001 0.002 0.582 0.309 
 446 T X   0.000 0.077 0.000 0.012 0.000 0.001 0.586 0.324 
 447 E X   0.000 0.070 0.000 0.010 0.000 0.001 0.584 0.334 
 448 F X   0.003 0.065 0.001 0.017 0.003 0.003 0.572 0.336 
