#TopoPred_TM8: 8-state transmembrane topology prediction results by no_profile mode 
#probabilities are in the order of H E C I L F X _, the 8 transmembrane topology types used in PDBTM 
   1 M X   0.020 0.004 0.003 0.077 0.012 0.015 0.536 0.333 
   2 S X   0.007 0.003 0.000 0.050 0.003 0.009 0.549 0.379 
   3 S X   0.002 0.003 0.000 0.031 0.001 0.007 0.549 0.407 
   4 G X   0.002 0.005 0.000 0.024 0.001 0.008 0.541 0.419 
   5 T X   0.003 0.009 0.000 0.023 0.002 0.011 0.525 0.425 
   6 M X   0.005 0.018 0.001 0.025 0.004 0.017 0.502 0.428 
   7 K X   0.008 0.036 0.001 0.029 0.007 0.022 0.474 0.424 
   8 F X   0.010 0.066 0.001 0.035 0.010 0.027 0.438 0.413 
   9 N X   0.011 0.111 0.002 0.042 0.013 0.029 0.398 0.394 
  10 G _   0.011 0.164 0.002 0.047 0.016 0.030 0.357 0.373 
  11 Y _   0.010 0.215 0.002 0.050 0.017 0.030 0.321 0.355 
  12 L _   0.010 0.255 0.002 0.049 0.018 0.030 0.292 0.344 
  13 R _   0.010 0.284 0.002 0.047 0.018 0.029 0.271 0.339 
  14 V _   0.011 0.305 0.002 0.044 0.018 0.029 0.255 0.338 
  15 R _   0.011 0.319 0.001 0.040 0.017 0.028 0.241 0.342 
  16 I _   0.012 0.328 0.001 0.036 0.016 0.028 0.231 0.348 
  17 G _   0.012 0.334 0.001 0.033 0.016 0.027 0.221 0.355 
  18 E _   0.013 0.338 0.001 0.031 0.015 0.027 0.213 0.362 
  19 A _   0.013 0.339 0.001 0.029 0.014 0.026 0.206 0.370 
  20 V _   0.014 0.339 0.001 0.027 0.014 0.025 0.201 0.380 
  21 G _   0.014 0.335 0.001 0.025 0.013 0.024 0.195 0.392 
  22 L _   0.014 0.330 0.001 0.024 0.012 0.023 0.191 0.405 
  23 Q _   0.014 0.322 0.001 0.022 0.011 0.022 0.187 0.420 
  24 P _   0.014 0.312 0.001 0.021 0.011 0.021 0.183 0.437 
  25 T _   0.013 0.300 0.001 0.020 0.010 0.019 0.180 0.455 
  26 R _   0.013 0.286 0.001 0.019 0.009 0.018 0.178 0.475 
  27 W _   0.012 0.271 0.001 0.018 0.009 0.017 0.176 0.497 
  28 S _   0.012 0.254 0.001 0.017 0.008 0.016 0.174 0.518 
  29 L _   0.011 0.238 0.001 0.016 0.008 0.015 0.172 0.538 
  30 R _   0.011 0.222 0.001 0.016 0.007 0.014 0.171 0.558 
  31 H _   0.010 0.205 0.001 0.015 0.006 0.014 0.170 0.579 
  32 S _   0.010 0.190 0.001 0.014 0.006 0.013 0.169 0.598 
  33 L _   0.009 0.175 0.001 0.013 0.005 0.012 0.168 0.616 
  34 F _   0.009 0.162 0.001 0.012 0.005 0.012 0.167 0.633 
  35 K _   0.008 0.151 0.001 0.011 0.005 0.012 0.166 0.647 
  36 K _   0.008 0.143 0.001 0.010 0.004 0.012 0.165 0.658 
  37 G _   0.008 0.136 0.001 0.009 0.004 0.012 0.163 0.667 
  38 H _   0.008 0.131 0.001 0.009 0.004 0.012 0.162 0.673 
  39 Q _   0.009 0.128 0.001 0.009 0.004 0.012 0.161 0.677 
  40 L _   0.009 0.126 0.001 0.009 0.005 0.013 0.159 0.678 
  41 L _   0.010 0.126 0.001 0.010 0.005 0.014 0.158 0.677 
  42 D _   0.011 0.127 0.001 0.010 0.006 0.015 0.156 0.675 
  43 P _   0.012 0.129 0.001 0.011 0.006 0.016 0.155 0.671 
  44 Y _   0.013 0.132 0.001 0.012 0.007 0.018 0.153 0.664 
  45 L _   0.015 0.136 0.001 0.014 0.008 0.019 0.152 0.656 
  46 T _   0.016 0.141 0.001 0.016 0.009 0.021 0.150 0.646 
  47 V _   0.017 0.147 0.001 0.018 0.011 0.022 0.149 0.635 
  48 S _   0.019 0.154 0.001 0.022 0.012 0.023 0.148 0.622 
  49 V _   0.020 0.161 0.001 0.025 0.013 0.023 0.147 0.610 
  50 D _   0.020 0.166 0.001 0.030 0.014 0.023 0.147 0.599 
  51 Q _   0.021 0.170 0.001 0.034 0.014 0.023 0.147 0.590 
  52 V _   0.021 0.170 0.001 0.037 0.014 0.022 0.148 0.586 
  53 R _   0.020 0.167 0.001 0.038 0.013 0.021 0.150 0.589 
  54 V _   0.019 0.159 0.001 0.037 0.012 0.019 0.152 0.600 
  55 G _   0.017 0.146 0.001 0.034 0.011 0.017 0.155 0.618 
  56 Q _   0.016 0.127 0.001 0.029 0.009 0.015 0.159 0.644 
  57 T _   0.014 0.102 0.001 0.024 0.007 0.013 0.163 0.675 
  58 S _   0.013 0.075 0.001 0.018 0.005 0.011 0.167 0.710 
  59 T _   0.011 0.051 0.001 0.012 0.004 0.009 0.170 0.742 
  60 K _   0.009 0.032 0.000 0.008 0.003 0.007 0.173 0.767 
  61 Q _   0.007 0.022 0.000 0.005 0.002 0.006 0.174 0.784 
  62 K _   0.006 0.016 0.000 0.004 0.001 0.005 0.174 0.794 
  63 T _   0.005 0.013 0.000 0.003 0.001 0.005 0.173 0.800 
  64 N _   0.004 0.013 0.000 0.003 0.001 0.005 0.171 0.803 
  65 K _   0.004 0.014 0.000 0.003 0.001 0.005 0.169 0.803 
  66 P _   0.004 0.016 0.000 0.005 0.002 0.007 0.165 0.801 
  67 T _   0.005 0.023 0.000 0.007 0.003 0.008 0.160 0.794 
  68 Y _   0.006 0.034 0.000 0.011 0.004 0.010 0.154 0.781 
  69 N _   0.006 0.051 0.001 0.016 0.005 0.012 0.146 0.764 
  70 E _   0.006 0.071 0.001 0.021 0.006 0.013 0.138 0.744 
  71 E _   0.006 0.090 0.001 0.024 0.007 0.014 0.131 0.726 
  72 F _   0.006 0.107 0.001 0.026 0.007 0.015 0.124 0.713 
  73 C _   0.006 0.120 0.001 0.027 0.007 0.016 0.118 0.705 
  74 A _   0.006 0.129 0.001 0.026 0.007 0.016 0.113 0.701 
  75 N _   0.006 0.136 0.001 0.024 0.007 0.017 0.108 0.700 
  76 V _   0.007 0.142 0.001 0.022 0.007 0.017 0.104 0.699 
  77 T _   0.008 0.148 0.001 0.021 0.008 0.018 0.100 0.698 
  78 D _   0.008 0.153 0.001 0.020 0.008 0.020 0.096 0.693 
  79 G _   0.010 0.160 0.001 0.022 0.009 0.022 0.092 0.685 
  80 G _   0.011 0.168 0.001 0.024 0.011 0.023 0.089 0.673 
  81 H _   0.013 0.176 0.001 0.029 0.013 0.025 0.085 0.658 
  82 L _   0.014 0.184 0.001 0.034 0.015 0.026 0.082 0.644 
  83 E _   0.015 0.189 0.001 0.039 0.016 0.027 0.079 0.633 
  84 L _   0.015 0.191 0.001 0.042 0.017 0.027 0.077 0.629 
  85 A _   0.016 0.189 0.001 0.043 0.017 0.026 0.075 0.632 
  86 V _   0.016 0.182 0.001 0.042 0.016 0.025 0.074 0.643 
  87 F _   0.016 0.169 0.001 0.037 0.014 0.024 0.073 0.666 
  88 H _   0.015 0.147 0.001 0.031 0.013 0.022 0.073 0.697 
  89 E _   0.015 0.120 0.001 0.024 0.011 0.021 0.073 0.734 
  90 T _   0.015 0.089 0.001 0.017 0.009 0.021 0.073 0.774 
  91 P _   0.015 0.064 0.001 0.012 0.007 0.020 0.073 0.808 
  92 L _   0.015 0.046 0.001 0.008 0.005 0.020 0.073 0.831 
  93 G _   0.016 0.037 0.001 0.006 0.005 0.021 0.073 0.842 
  94 Y _   0.018 0.034 0.000 0.005 0.005 0.023 0.072 0.844 
  95 D _   0.021 0.033 0.001 0.005 0.006 0.026 0.071 0.838 
  96 H _   0.025 0.036 0.001 0.006 0.008 0.030 0.069 0.825 
  97 F _   0.031 0.043 0.001 0.009 0.011 0.035 0.068 0.803 
  98 V _   0.037 0.056 0.001 0.014 0.017 0.040 0.065 0.770 
  99 A _   0.042 0.077 0.002 0.021 0.023 0.045 0.063 0.728 
 100 N _   0.046 0.101 0.002 0.028 0.029 0.048 0.060 0.686 
 101 C _   0.049 0.122 0.002 0.036 0.033 0.050 0.058 0.650 
 102 T _   0.050 0.138 0.002 0.042 0.035 0.050 0.056 0.626 
 103 L _   0.050 0.147 0.002 0.047 0.036 0.049 0.055 0.614 
 104 Q _   0.049 0.152 0.002 0.049 0.035 0.047 0.055 0.612 
 105 F _   0.046 0.151 0.002 0.048 0.033 0.044 0.055 0.621 
 106 Q _   0.044 0.144 0.002 0.045 0.029 0.040 0.055 0.641 
 107 E _   0.040 0.132 0.002 0.039 0.025 0.036 0.056 0.670 
 108 L _   0.036 0.115 0.002 0.032 0.020 0.031 0.057 0.707 
 109 L _   0.032 0.094 0.001 0.025 0.016 0.027 0.059 0.746 
 110 R _   0.028 0.072 0.001 0.020 0.012 0.024 0.060 0.784 
 111 T _   0.024 0.053 0.001 0.015 0.009 0.020 0.061 0.818 
 112 T _   0.020 0.038 0.001 0.012 0.007 0.017 0.062 0.844 
 113 G _   0.016 0.028 0.001 0.010 0.005 0.015 0.063 0.862 
 114 A _   0.014 0.021 0.001 0.009 0.005 0.013 0.063 0.874 
 115 S _   0.012 0.017 0.001 0.009 0.004 0.012 0.063 0.882 
 116 D _   0.011 0.013 0.001 0.009 0.004 0.011 0.063 0.888 
 117 T _   0.010 0.010 0.000 0.009 0.004 0.011 0.063 0.893 
 118 F _   0.009 0.008 0.000 0.009 0.004 0.010 0.063 0.896 
 119 E _   0.009 0.006 0.000 0.008 0.003 0.010 0.062 0.900 
 120 G _   0.009 0.004 0.000 0.008 0.003 0.010 0.062 0.904 
 121 W _   0.009 0.003 0.000 0.007 0.003 0.010 0.061 0.907 
 122 V _   0.011 0.002 0.000 0.006 0.003 0.011 0.060 0.908 
 123 D _   0.013 0.001 0.000 0.005 0.003 0.012 0.059 0.907 
 124 L _   0.019 0.001 0.000 0.004 0.003 0.014 0.057 0.902 
 125 E _   0.028 0.000 0.000 0.003 0.004 0.018 0.056 0.891 
 126 P _   0.043 0.000 0.001 0.003 0.005 0.023 0.054 0.871 
 127 E _   0.066 0.000 0.001 0.004 0.008 0.031 0.051 0.839 
 128 G _   0.098 0.001 0.001 0.004 0.013 0.041 0.048 0.794 
 129 K _   0.137 0.002 0.001 0.006 0.022 0.052 0.045 0.735 
 130 V _   0.179 0.004 0.002 0.008 0.034 0.063 0.042 0.668 
 131 F _   0.216 0.009 0.002 0.012 0.048 0.072 0.040 0.602 
 132 V _   0.247 0.015 0.003 0.016 0.061 0.079 0.037 0.542 
 133 V _   0.268 0.022 0.003 0.021 0.071 0.083 0.036 0.496 
 134 I _   0.282 0.028 0.003 0.025 0.076 0.083 0.035 0.468 
 135 T _   0.286 0.033 0.003 0.028 0.079 0.082 0.034 0.455 
 136 L _   0.283 0.035 0.003 0.030 0.077 0.078 0.035 0.460 
 137 T _   0.273 0.035 0.003 0.030 0.072 0.073 0.035 0.479 
 138 G _   0.255 0.033 0.003 0.028 0.063 0.067 0.036 0.514 
 139 S _   0.232 0.029 0.003 0.025 0.053 0.060 0.037 0.561 
 140 F _   0.202 0.024 0.002 0.021 0.041 0.053 0.039 0.618 
 141 T _   0.170 0.018 0.002 0.017 0.030 0.046 0.041 0.677 
 142 E _   0.139 0.012 0.002 0.013 0.021 0.039 0.043 0.732 
 143 A _   0.109 0.008 0.001 0.010 0.014 0.033 0.044 0.781 
 144 T _   0.083 0.005 0.001 0.008 0.010 0.027 0.045 0.820 
 145 L _   0.063 0.004 0.001 0.006 0.007 0.023 0.046 0.849 
 146 Q _   0.048 0.003 0.001 0.006 0.006 0.021 0.047 0.870 
 147 R _   0.037 0.003 0.001 0.006 0.005 0.019 0.047 0.882 
 148 D _   0.030 0.004 0.001 0.007 0.005 0.018 0.047 0.890 
 149 R _   0.025 0.004 0.001 0.008 0.005 0.017 0.048 0.893 
 150 I _   0.022 0.005 0.001 0.009 0.005 0.016 0.048 0.894 
 151 F _   0.019 0.007 0.001 0.011 0.006 0.016 0.047 0.893 
 152 K _   0.017 0.008 0.001 0.012 0.006 0.016 0.047 0.892 
 153 H _   0.016 0.009 0.001 0.013 0.006 0.015 0.047 0.892 
 154 F _   0.014 0.010 0.001 0.014 0.006 0.015 0.047 0.893 
 155 T _   0.013 0.011 0.001 0.013 0.006 0.014 0.047 0.894 
 156 R _   0.013 0.011 0.001 0.013 0.006 0.014 0.046 0.896 
 157 K _   0.012 0.012 0.001 0.012 0.006 0.013 0.046 0.898 
 158 R _   0.012 0.012 0.001 0.012 0.005 0.013 0.046 0.899 
 159 Q _   0.012 0.012 0.001 0.011 0.005 0.013 0.046 0.900 
 160 R _   0.012 0.012 0.001 0.011 0.005 0.013 0.046 0.900 
 161 A _   0.012 0.013 0.001 0.011 0.005 0.013 0.046 0.900 
 162 M _   0.011 0.013 0.001 0.011 0.005 0.013 0.046 0.901 
 163 R _   0.011 0.014 0.001 0.010 0.005 0.013 0.046 0.901 
 164 R _   0.012 0.014 0.001 0.010 0.005 0.013 0.046 0.901 
 165 R _   0.012 0.015 0.001 0.009 0.005 0.013 0.045 0.900 
 166 V _   0.012 0.016 0.001 0.009 0.005 0.014 0.045 0.899 
 167 H _   0.012 0.017 0.001 0.009 0.005 0.015 0.045 0.896 
 168 Q _   0.013 0.019 0.001 0.010 0.006 0.016 0.044 0.891 
 169 I _   0.015 0.023 0.001 0.011 0.007 0.018 0.044 0.882 
 170 N _   0.017 0.027 0.001 0.014 0.009 0.020 0.043 0.869 
 171 G _   0.019 0.033 0.001 0.019 0.011 0.023 0.042 0.852 
 172 H _   0.021 0.040 0.001 0.025 0.013 0.025 0.041 0.833 
 173 K _   0.022 0.047 0.001 0.031 0.016 0.027 0.041 0.816 
 174 F _   0.023 0.051 0.001 0.037 0.017 0.027 0.040 0.803 
 175 M _   0.023 0.053 0.001 0.040 0.018 0.027 0.040 0.797 
 176 A _   0.023 0.052 0.001 0.041 0.017 0.026 0.041 0.800 
 177 T _   0.022 0.048 0.001 0.037 0.015 0.024 0.041 0.811 
 178 Y _   0.021 0.041 0.001 0.031 0.012 0.022 0.042 0.830 
 179 L _   0.019 0.031 0.001 0.023 0.009 0.019 0.043 0.854 
 180 R _   0.018 0.020 0.001 0.015 0.007 0.017 0.044 0.879 
 181 Q _   0.017 0.010 0.001 0.008 0.005 0.015 0.044 0.900 
 182 P _   0.017 0.003 0.000 0.004 0.003 0.015 0.044 0.913 
 183 T _   0.019 0.001 0.000 0.002 0.002 0.015 0.043 0.917 
 184 Y _   0.024 0.000 0.000 0.002 0.003 0.017 0.042 0.912 
 185 C _   0.033 0.000 0.000 0.002 0.004 0.022 0.041 0.897 
 186 S _   0.050 0.000 0.001 0.002 0.007 0.029 0.040 0.870 
 187 H _   0.072 0.002 0.001 0.005 0.014 0.039 0.039 0.830 
 188 C _   0.095 0.006 0.001 0.009 0.024 0.050 0.037 0.777 
 189 R _   0.116 0.015 0.002 0.018 0.037 0.060 0.035 0.717 
 190 E _   0.131 0.026 0.003 0.030 0.047 0.066 0.034 0.664 
 191 F _   0.139 0.036 0.003 0.040 0.053 0.069 0.033 0.627 
 192 I _   0.143 0.042 0.003 0.047 0.055 0.069 0.032 0.610 
 193 W _   0.141 0.043 0.003 0.049 0.054 0.066 0.032 0.611 
 194 G _   0.135 0.041 0.003 0.045 0.050 0.063 0.032 0.631 
 195 V _   0.128 0.036 0.003 0.036 0.043 0.058 0.032 0.665 
 196 F _   0.117 0.026 0.002 0.026 0.034 0.053 0.033 0.710 
 197 G _   0.104 0.015 0.002 0.016 0.024 0.048 0.033 0.758 
 198 K _   0.089 0.007 0.001 0.009 0.016 0.043 0.034 0.801 
 199 Q _   0.076 0.003 0.001 0.005 0.011 0.039 0.034 0.832 
 200 G _   0.066 0.001 0.001 0.003 0.008 0.037 0.034 0.850 
 201 Y _   0.060 0.001 0.001 0.003 0.007 0.036 0.034 0.859 
 202 Q _   0.057 0.001 0.001 0.004 0.008 0.037 0.034 0.860 
 203 C _   0.056 0.001 0.001 0.006 0.009 0.038 0.034 0.855 
 204 Q _   0.058 0.002 0.001 0.009 0.012 0.040 0.034 0.845 
 205 V _   0.059 0.003 0.001 0.013 0.015 0.042 0.033 0.834 
 206 C _   0.062 0.004 0.001 0.016 0.017 0.044 0.033 0.823 
 207 T _   0.063 0.004 0.001 0.017 0.018 0.045 0.033 0.817 
 208 C _   0.066 0.005 0.001 0.017 0.018 0.046 0.033 0.814 
 209 V _   0.070 0.004 0.001 0.014 0.018 0.047 0.033 0.813 
 210 V _   0.075 0.004 0.001 0.011 0.017 0.048 0.033 0.812 
 211 H _   0.080 0.004 0.001 0.008 0.017 0.049 0.033 0.809 
 212 K _   0.086 0.004 0.001 0.006 0.018 0.051 0.032 0.802 
 213 R _   0.094 0.004 0.001 0.006 0.020 0.054 0.032 0.788 
 214 C _   0.103 0.007 0.001 0.007 0.025 0.057 0.032 0.768 
 215 H _   0.111 0.013 0.002 0.011 0.032 0.059 0.033 0.739 
 216 H _   0.117 0.024 0.002 0.018 0.039 0.061 0.033 0.706 
 217 L _   0.120 0.040 0.003 0.028 0.044 0.061 0.033 0.671 
 218 I _   0.119 0.056 0.003 0.039 0.046 0.059 0.034 0.644 
 219 V _   0.113 0.067 0.003 0.049 0.046 0.055 0.036 0.632 
 220 T _   0.104 0.072 0.003 0.054 0.043 0.050 0.038 0.637 
 221 A _   0.091 0.072 0.002 0.054 0.037 0.044 0.040 0.658 
 222 C _   0.077 0.068 0.002 0.048 0.030 0.037 0.043 0.693 
 223 T _   0.063 0.058 0.002 0.039 0.022 0.031 0.046 0.739 
 224 C _   0.048 0.044 0.001 0.028 0.015 0.024 0.050 0.790 
 225 Q _   0.034 0.029 0.001 0.018 0.009 0.018 0.053 0.837 
 226 N _   0.024 0.017 0.001 0.011 0.005 0.014 0.055 0.874 
 227 N _   0.016 0.010 0.000 0.006 0.003 0.010 0.056 0.898 
 228 I _   0.012 0.006 0.000 0.004 0.002 0.008 0.057 0.911 
 229 N _   0.009 0.005 0.000 0.003 0.002 0.007 0.058 0.917 
 230 K _   0.007 0.005 0.000 0.003 0.002 0.007 0.058 0.919 
 231 V _   0.006 0.006 0.000 0.004 0.002 0.008 0.057 0.917 
 232 D _   0.007 0.008 0.000 0.006 0.002 0.009 0.057 0.911 
 233 S _   0.007 0.014 0.000 0.009 0.004 0.011 0.055 0.899 
 234 K _   0.008 0.023 0.001 0.014 0.005 0.013 0.054 0.881 
 235 I _   0.009 0.035 0.001 0.021 0.007 0.015 0.052 0.859 
 236 A _   0.010 0.048 0.001 0.028 0.009 0.017 0.050 0.837 
 237 E _   0.010 0.058 0.001 0.034 0.011 0.018 0.049 0.819 
 238 Q _   0.010 0.065 0.001 0.039 0.012 0.019 0.048 0.807 
 239 R _   0.010 0.068 0.001 0.041 0.012 0.019 0.047 0.802 
 240 F _   0.010 0.069 0.001 0.041 0.012 0.018 0.047 0.802 
 241 G _   0.010 0.068 0.001 0.038 0.011 0.017 0.047 0.807 
 242 I _   0.010 0.064 0.001 0.034 0.010 0.017 0.047 0.816 
 243 N _   0.010 0.058 0.001 0.029 0.009 0.015 0.048 0.829 
 244 I _   0.010 0.050 0.001 0.024 0.008 0.014 0.049 0.844 
 245 P _   0.010 0.041 0.001 0.019 0.007 0.013 0.050 0.859 
 246 H _   0.010 0.033 0.001 0.015 0.006 0.012 0.051 0.873 
 247 K _   0.009 0.025 0.001 0.013 0.005 0.012 0.051 0.885 
 248 F _   0.008 0.018 0.001 0.010 0.004 0.011 0.052 0.895 
 249 S _   0.008 0.013 0.000 0.009 0.004 0.010 0.052 0.903 
 250 I _   0.008 0.010 0.000 0.008 0.004 0.010 0.053 0.907 
 251 H _   0.007 0.007 0.000 0.008 0.003 0.010 0.053 0.911 
 252 N _   0.008 0.005 0.000 0.007 0.003 0.011 0.052 0.913 
 253 Y _   0.008 0.004 0.000 0.007 0.003 0.011 0.052 0.914 
 254 K _   0.009 0.003 0.000 0.007 0.003 0.012 0.052 0.913 
 255 V _   0.011 0.002 0.000 0.006 0.004 0.014 0.051 0.911 
 256 P _   0.015 0.001 0.000 0.006 0.004 0.016 0.050 0.908 
 257 T _   0.020 0.001 0.001 0.005 0.004 0.019 0.049 0.901 
 258 F _   0.029 0.001 0.001 0.005 0.006 0.023 0.048 0.888 
 259 C _   0.043 0.001 0.001 0.005 0.008 0.029 0.046 0.869 
 260 D _   0.063 0.001 0.001 0.005 0.011 0.036 0.044 0.839 
 261 H _   0.090 0.001 0.001 0.006 0.017 0.044 0.042 0.799 
 262 C _   0.122 0.002 0.001 0.007 0.026 0.054 0.040 0.747 
 263 G _   0.155 0.005 0.002 0.010 0.037 0.062 0.039 0.691 
 264 S _   0.186 0.009 0.002 0.014 0.048 0.069 0.037 0.634 
 265 L _   0.212 0.015 0.003 0.019 0.058 0.074 0.036 0.584 
 266 L _   0.229 0.020 0.003 0.025 0.064 0.075 0.035 0.548 
 267 W _   0.239 0.024 0.003 0.030 0.066 0.074 0.035 0.529 
 268 G _   0.240 0.026 0.003 0.032 0.065 0.071 0.036 0.527 
 269 I _   0.233 0.026 0.003 0.032 0.061 0.066 0.036 0.543 
 270 M _   0.219 0.024 0.003 0.028 0.053 0.060 0.037 0.575 
 271 R _   0.197 0.020 0.003 0.023 0.043 0.054 0.039 0.621 
 272 Q _   0.168 0.014 0.002 0.018 0.033 0.047 0.040 0.677 
 273 G _   0.138 0.009 0.002 0.013 0.023 0.040 0.042 0.733 
 274 L _   0.109 0.005 0.001 0.009 0.016 0.034 0.043 0.783 
 275 Q _   0.084 0.003 0.001 0.006 0.010 0.028 0.045 0.823 
 276 C _   0.065 0.002 0.001 0.005 0.007 0.024 0.045 0.850 
 277 K _   0.051 0.001 0.001 0.005 0.006 0.022 0.046 0.869 
 278 I _   0.040 0.001 0.001 0.005 0.005 0.020 0.047 0.882 
 279 C _   0.033 0.001 0.001 0.006 0.005 0.019 0.047 0.889 
 280 K _   0.028 0.002 0.001 0.007 0.006 0.018 0.047 0.892 
 281 M _   0.024 0.003 0.001 0.009 0.006 0.018 0.047 0.892 
 282 N _   0.022 0.004 0.001 0.011 0.007 0.018 0.047 0.890 
 283 V _   0.021 0.005 0.001 0.013 0.008 0.018 0.047 0.887 
 284 H _   0.019 0.006 0.001 0.015 0.008 0.018 0.047 0.885 
 285 I _   0.018 0.007 0.001 0.017 0.008 0.018 0.048 0.884 
 286 R _   0.017 0.007 0.001 0.017 0.008 0.017 0.048 0.886 
 287 C _   0.015 0.007 0.001 0.015 0.007 0.016 0.048 0.890 
 288 Q _   0.014 0.007 0.001 0.013 0.006 0.015 0.049 0.895 
 289 A _   0.013 0.006 0.001 0.011 0.005 0.015 0.049 0.900 
 290 N _   0.013 0.005 0.001 0.008 0.005 0.014 0.049 0.905 
 291 V _   0.013 0.005 0.000 0.007 0.004 0.014 0.049 0.908 
 292 A _   0.013 0.005 0.000 0.005 0.004 0.015 0.049 0.908 
 293 P _   0.015 0.006 0.000 0.005 0.004 0.017 0.049 0.904 
 294 N _   0.018 0.007 0.001 0.005 0.005 0.019 0.049 0.896 
 295 C _   0.021 0.011 0.001 0.007 0.007 0.023 0.049 0.881 
 296 G _   0.026 0.020 0.001 0.010 0.010 0.028 0.048 0.859 
 297 V _   0.030 0.036 0.001 0.014 0.014 0.032 0.047 0.825 
 298 N _   0.034 0.061 0.002 0.020 0.019 0.036 0.046 0.782 
 299 A _   0.037 0.091 0.002 0.027 0.023 0.039 0.045 0.736 
 300 V _   0.038 0.123 0.002 0.033 0.026 0.041 0.044 0.694 
 301 E _   0.038 0.149 0.002 0.039 0.027 0.041 0.043 0.662 
 302 L _   0.036 0.167 0.002 0.043 0.028 0.040 0.043 0.640 
 303 A _   0.035 0.180 0.002 0.046 0.027 0.039 0.043 0.628 
 304 K _   0.032 0.187 0.002 0.048 0.026 0.036 0.043 0.626 
 305 T _   0.030 0.190 0.002 0.048 0.023 0.033 0.044 0.631 
 306 L _   0.027 0.188 0.002 0.046 0.021 0.030 0.045 0.641 
 307 A _   0.025 0.183 0.001 0.043 0.018 0.027 0.047 0.656 
 308 G _   0.022 0.173 0.001 0.039 0.015 0.024 0.049 0.677 
 309 M _   0.020 0.158 0.001 0.034 0.013 0.021 0.051 0.702 
 310 G _   0.018 0.138 0.001 0.028 0.010 0.018 0.054 0.733 
 311 L _   0.016 0.115 0.001 0.022 0.008 0.015 0.057 0.767 
 312 Q _   0.014 0.091 0.001 0.016 0.006 0.013 0.059 0.800 
 313 P _   0.011 0.071 0.001 0.012 0.004 0.011 0.061 0.829 
 314 G _   0.010 0.056 0.000 0.008 0.003 0.010 0.063 0.850 
 315 N _   0.008 0.047 0.000 0.006 0.002 0.009 0.064 0.863 
 316 I _   0.007 0.043 0.000 0.005 0.002 0.008 0.065 0.869 
 317 S _   0.007 0.041 0.000 0.005 0.002 0.008 0.065 0.870 
 318 P _   0.007 0.042 0.000 0.006 0.003 0.009 0.065 0.867 
 319 T _   0.008 0.046 0.000 0.008 0.003 0.010 0.065 0.859 
 320 S _   0.008 0.053 0.001 0.013 0.004 0.012 0.065 0.845 
 321 K _   0.009 0.063 0.001 0.019 0.006 0.013 0.064 0.826 
 322 L _   0.009 0.074 0.001 0.026 0.007 0.015 0.063 0.806 
 323 V _   0.009 0.083 0.001 0.032 0.008 0.015 0.062 0.788 
 324 S _   0.009 0.090 0.001 0.038 0.009 0.016 0.062 0.775 
 325 R _   0.009 0.094 0.001 0.041 0.009 0.015 0.062 0.768 
 326 S _   0.009 0.094 0.001 0.041 0.009 0.015 0.063 0.769 
 327 T _   0.009 0.090 0.001 0.038 0.008 0.013 0.064 0.777 
 328 L _   0.008 0.084 0.001 0.032 0.007 0.012 0.066 0.790 
 329 R _   0.007 0.073 0.001 0.026 0.006 0.010 0.068 0.809 
 330 R _   0.007 0.061 0.001 0.019 0.004 0.009 0.069 0.831 
 331 Q _   0.006 0.049 0.000 0.013 0.003 0.007 0.071 0.850 
 332 G _   0.005 0.040 0.000 0.008 0.002 0.006 0.072 0.866 
 333 K _   0.005 0.034 0.000 0.006 0.002 0.006 0.072 0.875 
 334 E _   0.004 0.031 0.000 0.005 0.001 0.005 0.072 0.881 
 335 S _   0.004 0.030 0.000 0.005 0.001 0.005 0.072 0.882 
 336 S _   0.004 0.031 0.000 0.005 0.002 0.006 0.071 0.881 
 337 K _   0.004 0.035 0.000 0.007 0.002 0.007 0.069 0.875 
 338 E _   0.004 0.040 0.000 0.010 0.003 0.008 0.067 0.867 
 339 G _   0.005 0.049 0.000 0.013 0.003 0.009 0.065 0.855 
 340 N _   0.005 0.059 0.001 0.017 0.004 0.009 0.063 0.843 
 341 G _   0.005 0.068 0.001 0.019 0.005 0.010 0.060 0.832 
 342 I _   0.005 0.076 0.001 0.021 0.005 0.010 0.058 0.825 
 343 G _   0.005 0.082 0.001 0.021 0.005 0.010 0.056 0.821 
 344 V _   0.005 0.086 0.001 0.020 0.005 0.010 0.054 0.820 
 345 N _   0.004 0.089 0.001 0.018 0.005 0.011 0.052 0.820 
 346 S _   0.005 0.092 0.001 0.016 0.004 0.011 0.051 0.821 
 347 S _   0.005 0.094 0.000 0.014 0.004 0.012 0.050 0.822 
 348 N _   0.005 0.097 0.001 0.013 0.004 0.013 0.048 0.820 
 349 R _   0.006 0.101 0.001 0.013 0.005 0.014 0.047 0.814 
 350 L _   0.007 0.107 0.001 0.013 0.006 0.016 0.045 0.805 
 351 G _   0.009 0.116 0.001 0.015 0.007 0.018 0.044 0.790 
 352 I _   0.011 0.127 0.001 0.018 0.009 0.021 0.042 0.771 
 353 D _   0.013 0.141 0.001 0.022 0.011 0.024 0.040 0.748 
 354 N _   0.015 0.155 0.001 0.026 0.014 0.027 0.039 0.724 
 355 F _   0.017 0.167 0.001 0.031 0.016 0.029 0.037 0.702 
 356 E _   0.019 0.175 0.001 0.034 0.019 0.030 0.036 0.685 
 357 F _   0.020 0.180 0.001 0.037 0.020 0.031 0.035 0.675 
 358 I _   0.022 0.182 0.001 0.037 0.020 0.032 0.035 0.672 
 359 R _   0.022 0.179 0.001 0.035 0.020 0.031 0.035 0.676 
 360 V _   0.023 0.174 0.001 0.032 0.018 0.030 0.035 0.687 
 361 L _   0.023 0.165 0.001 0.027 0.016 0.029 0.035 0.703 
 362 G _   0.023 0.153 0.001 0.023 0.014 0.027 0.036 0.722 
 363 K _   0.023 0.141 0.001 0.020 0.013 0.026 0.037 0.740 
 364 G _   0.022 0.129 0.001 0.017 0.011 0.025 0.037 0.758 
 365 S _   0.021 0.119 0.001 0.016 0.010 0.024 0.038 0.772 
 366 F _   0.020 0.111 0.001 0.015 0.010 0.023 0.038 0.781 
 367 G _   0.019 0.105 0.001 0.016 0.009 0.022 0.039 0.788 
 368 K _   0.018 0.100 0.001 0.018 0.009 0.021 0.040 0.794 
 369 V _   0.018 0.094 0.001 0.019 0.009 0.019 0.040 0.800 
 370 M _   0.017 0.088 0.001 0.019 0.009 0.018 0.041 0.806 
 371 L _   0.016 0.081 0.001 0.019 0.008 0.017 0.042 0.816 
 372 A _   0.015 0.072 0.001 0.017 0.007 0.016 0.043 0.828 
 373 R _   0.014 0.062 0.001 0.015 0.007 0.014 0.044 0.843 
 374 V _   0.013 0.052 0.001 0.012 0.006 0.013 0.045 0.859 
 375 K _   0.012 0.042 0.001 0.010 0.005 0.012 0.046 0.873 
 376 E _   0.011 0.035 0.001 0.008 0.004 0.012 0.046 0.884 
 377 T _   0.010 0.030 0.000 0.007 0.004 0.011 0.047 0.890 
 378 G _   0.010 0.028 0.000 0.006 0.004 0.012 0.047 0.892 
 379 D _   0.011 0.027 0.000 0.007 0.004 0.012 0.048 0.891 
 380 L _   0.012 0.028 0.001 0.009 0.005 0.013 0.048 0.886 
 381 Y _   0.013 0.029 0.001 0.011 0.005 0.014 0.048 0.879 
 382 A _   0.013 0.032 0.001 0.015 0.007 0.015 0.048 0.870 
 383 V _   0.014 0.034 0.001 0.019 0.008 0.016 0.048 0.860 
 384 K _   0.014 0.036 0.001 0.023 0.009 0.017 0.048 0.852 
 385 V _   0.015 0.037 0.001 0.025 0.009 0.017 0.048 0.847 
 386 L _   0.014 0.037 0.001 0.026 0.009 0.016 0.049 0.847 
 387 K _   0.014 0.035 0.001 0.025 0.009 0.015 0.050 0.852 
 388 K _   0.013 0.031 0.001 0.022 0.008 0.014 0.051 0.860 
 389 D _   0.012 0.026 0.001 0.018 0.006 0.012 0.052 0.872 
 390 V _   0.011 0.019 0.001 0.014 0.005 0.011 0.054 0.886 
 391 I _   0.010 0.014 0.000 0.009 0.004 0.010 0.054 0.899 
 392 L _   0.009 0.009 0.000 0.006 0.003 0.009 0.055 0.909 
 393 Q _   0.008 0.006 0.000 0.004 0.002 0.008 0.055 0.916 
 394 D _   0.008 0.005 0.000 0.003 0.002 0.008 0.055 0.919 
 395 D _   0.008 0.004 0.000 0.003 0.002 0.009 0.055 0.919 
 396 D _   0.009 0.004 0.000 0.004 0.002 0.011 0.054 0.915 
 397 V _   0.011 0.006 0.000 0.005 0.004 0.014 0.053 0.907 
 398 E _   0.013 0.010 0.001 0.009 0.006 0.018 0.052 0.893 
 399 C _   0.015 0.017 0.001 0.014 0.009 0.023 0.050 0.872 
 400 T _   0.018 0.026 0.001 0.022 0.012 0.027 0.048 0.846 
 401 M _   0.019 0.037 0.001 0.031 0.016 0.030 0.046 0.820 
 402 T _   0.020 0.045 0.001 0.039 0.018 0.033 0.044 0.800 
 403 E _   0.021 0.050 0.001 0.044 0.020 0.034 0.042 0.787 
 404 K _   0.021 0.051 0.001 0.046 0.020 0.035 0.041 0.784 
 405 R _   0.022 0.050 0.001 0.044 0.019 0.034 0.040 0.789 
 406 I _   0.023 0.046 0.001 0.038 0.018 0.034 0.040 0.801 
 407 L _   0.023 0.039 0.001 0.030 0.015 0.033 0.039 0.819 
 408 S _   0.025 0.029 0.001 0.022 0.013 0.032 0.039 0.839 
 409 L _   0.027 0.019 0.001 0.015 0.010 0.031 0.039 0.858 
 410 A _   0.030 0.011 0.001 0.009 0.009 0.031 0.038 0.870 
 411 R _   0.034 0.006 0.001 0.006 0.007 0.032 0.038 0.876 
 412 N _   0.039 0.004 0.001 0.005 0.008 0.034 0.037 0.873 
 413 H _   0.047 0.003 0.001 0.004 0.009 0.037 0.036 0.862 
 414 P _   0.057 0.003 0.001 0.006 0.012 0.041 0.035 0.845 
 415 F _   0.069 0.005 0.001 0.008 0.016 0.046 0.034 0.820 
 416 L _   0.081 0.007 0.001 0.013 0.022 0.051 0.033 0.793 
 417 T _   0.091 0.009 0.002 0.018 0.027 0.054 0.033 0.766 
 418 Q _   0.099 0.012 0.002 0.024 0.031 0.056 0.032 0.745 
 419 L _   0.104 0.013 0.002 0.027 0.032 0.056 0.032 0.734 
 420 F _   0.106 0.013 0.002 0.028 0.031 0.054 0.031 0.735 
 421 C _   0.106 0.012 0.002 0.024 0.028 0.051 0.031 0.746 
 422 C _   0.105 0.009 0.002 0.019 0.024 0.048 0.031 0.763 
 423 F _   0.103 0.006 0.001 0.012 0.019 0.045 0.031 0.783 
 424 Q _   0.100 0.003 0.001 0.008 0.015 0.042 0.031 0.800 
 425 T _   0.098 0.001 0.001 0.005 0.012 0.040 0.031 0.812 
 426 P _   0.099 0.001 0.001 0.003 0.010 0.040 0.031 0.816 
 427 D _   0.102 0.001 0.001 0.003 0.011 0.040 0.030 0.813 
 428 R _   0.106 0.001 0.001 0.004 0.012 0.041 0.030 0.805 
 429 L _   0.111 0.001 0.001 0.006 0.015 0.043 0.030 0.793 
 430 F _   0.115 0.003 0.001 0.009 0.019 0.044 0.031 0.778 
 431 F _   0.117 0.005 0.002 0.013 0.022 0.045 0.031 0.766 
 432 V _   0.116 0.006 0.002 0.017 0.024 0.045 0.031 0.759 
 433 M _   0.111 0.008 0.002 0.019 0.024 0.044 0.032 0.760 
 434 E _   0.105 0.008 0.002 0.019 0.023 0.042 0.032 0.769 
 435 F _   0.097 0.008 0.001 0.017 0.021 0.039 0.033 0.783 
 436 V _   0.088 0.008 0.001 0.015 0.019 0.037 0.034 0.799 
 437 N _   0.079 0.008 0.001 0.013 0.016 0.034 0.034 0.814 
 438 G _   0.071 0.007 0.001 0.012 0.014 0.032 0.035 0.827 
 439 G _   0.063 0.007 0.001 0.013 0.013 0.030 0.036 0.838 
 440 D _   0.056 0.007 0.001 0.014 0.012 0.028 0.036 0.846 
 441 L _   0.049 0.007 0.001 0.015 0.011 0.025 0.037 0.854 
 442 M _   0.041 0.007 0.001 0.016 0.010 0.023 0.038 0.864 
 443 F _   0.035 0.007 0.001 0.016 0.009 0.020 0.039 0.875 
 444 H _   0.028 0.006 0.001 0.014 0.007 0.017 0.040 0.887 
 445 I _   0.022 0.004 0.001 0.012 0.006 0.015 0.040 0.900 
 446 Q _   0.018 0.003 0.001 0.009 0.004 0.012 0.040 0.912 
 447 K _   0.016 0.002 0.000 0.007 0.003 0.011 0.040 0.921 
 448 S _   0.014 0.001 0.000 0.005 0.003 0.009 0.040 0.928 
 449 R _   0.014 0.001 0.000 0.003 0.002 0.009 0.039 0.931 
 450 R _   0.017 0.000 0.000 0.003 0.002 0.009 0.039 0.931 
 451 F _   0.023 0.000 0.000 0.002 0.002 0.010 0.038 0.925 
 452 D _   0.034 0.000 0.000 0.002 0.003 0.011 0.036 0.913 
 453 E _   0.054 0.000 0.000 0.003 0.004 0.014 0.034 0.891 
 454 A _   0.086 0.000 0.001 0.003 0.005 0.018 0.032 0.855 
 455 R _   0.132 0.000 0.001 0.003 0.008 0.022 0.030 0.805 
 456 A _   0.191 0.000 0.001 0.003 0.012 0.028 0.027 0.738 
 457 R _   0.261 0.000 0.001 0.004 0.017 0.033 0.024 0.661 
 458 F _   0.335 0.000 0.002 0.004 0.024 0.038 0.021 0.578 
 459 Y _   0.406 0.000 0.002 0.004 0.030 0.041 0.018 0.498 
 460 A H   0.468 0.000 0.002 0.004 0.037 0.044 0.017 0.429 
 461 A H   0.518 0.000 0.002 0.004 0.042 0.044 0.016 0.374 
 462 E H   0.557 0.000 0.002 0.005 0.045 0.044 0.015 0.333 
 463 I H   0.582 0.001 0.002 0.005 0.046 0.042 0.015 0.307 
 464 I H   0.593 0.001 0.002 0.006 0.045 0.039 0.015 0.298 
 465 S H   0.589 0.001 0.002 0.006 0.043 0.037 0.016 0.306 
 466 A H   0.571 0.001 0.002 0.006 0.039 0.034 0.017 0.329 
 467 L H   0.537 0.001 0.002 0.006 0.035 0.032 0.019 0.370 
 468 M H   0.487 0.001 0.002 0.005 0.029 0.029 0.020 0.427 
 469 F _   0.425 0.000 0.002 0.005 0.023 0.026 0.022 0.496 
 470 L _   0.357 0.000 0.001 0.004 0.017 0.024 0.025 0.571 
 471 H _   0.293 0.000 0.001 0.004 0.013 0.022 0.027 0.640 
 472 D _   0.233 0.000 0.001 0.004 0.010 0.020 0.030 0.701 
 473 K _   0.182 0.000 0.001 0.005 0.009 0.019 0.032 0.752 
 474 G _   0.140 0.000 0.001 0.005 0.007 0.018 0.035 0.794 
 475 I _   0.107 0.001 0.001 0.006 0.007 0.017 0.037 0.825 
 476 I _   0.080 0.001 0.001 0.008 0.006 0.016 0.038 0.851 
 477 Y _   0.059 0.001 0.001 0.009 0.006 0.015 0.040 0.869 
 478 R _   0.044 0.002 0.001 0.010 0.006 0.014 0.041 0.883 
 479 D _   0.033 0.002 0.001 0.010 0.005 0.013 0.042 0.894 
 480 L _   0.024 0.003 0.001 0.010 0.005 0.012 0.043 0.903 
 481 K _   0.018 0.003 0.001 0.010 0.004 0.011 0.044 0.909 
 482 L _   0.014 0.003 0.000 0.010 0.004 0.010 0.045 0.915 
 483 D _   0.011 0.003 0.000 0.009 0.003 0.009 0.045 0.919 
 484 N _   0.010 0.003 0.000 0.008 0.003 0.008 0.046 0.922 
 485 V _   0.008 0.004 0.000 0.008 0.003 0.008 0.046 0.924 
 486 L _   0.007 0.004 0.000 0.007 0.003 0.007 0.046 0.925 
 487 L _   0.007 0.004 0.000 0.007 0.003 0.007 0.046 0.926 
 488 D _   0.006 0.005 0.000 0.007 0.002 0.007 0.045 0.926 
 489 H _   0.006 0.006 0.000 0.007 0.003 0.007 0.045 0.926 
 490 E _   0.006 0.007 0.000 0.007 0.003 0.007 0.044 0.925 
 491 G _   0.006 0.008 0.000 0.008 0.003 0.008 0.043 0.924 
 492 H _   0.006 0.010 0.000 0.008 0.003 0.009 0.042 0.921 
 493 C _   0.006 0.013 0.000 0.009 0.003 0.010 0.041 0.917 
 494 K _   0.006 0.017 0.000 0.011 0.004 0.011 0.040 0.911 
 495 L _   0.007 0.022 0.001 0.012 0.005 0.012 0.038 0.903 
 496 A _   0.008 0.027 0.001 0.014 0.005 0.014 0.037 0.895 
 497 D _   0.008 0.033 0.001 0.015 0.006 0.015 0.035 0.885 
 498 F _   0.009 0.040 0.001 0.017 0.007 0.017 0.034 0.875 
 499 G _   0.011 0.046 0.001 0.018 0.008 0.019 0.032 0.866 
 500 M _   0.012 0.052 0.001 0.018 0.009 0.021 0.031 0.856 
 501 C _   0.014 0.057 0.001 0.018 0.010 0.023 0.029 0.847 
 502 K _   0.016 0.063 0.001 0.018 0.011 0.025 0.028 0.837 
 503 E _   0.019 0.069 0.001 0.019 0.013 0.028 0.027 0.825 
 504 G _   0.021 0.076 0.001 0.020 0.015 0.031 0.026 0.811 
 505 I _   0.024 0.084 0.001 0.022 0.017 0.033 0.025 0.794 
 506 C _   0.027 0.093 0.001 0.026 0.020 0.035 0.024 0.774 
 507 N _   0.030 0.104 0.002 0.031 0.022 0.036 0.023 0.753 
 508 G _   0.032 0.113 0.002 0.037 0.025 0.037 0.022 0.733 
 509 V _   0.033 0.120 0.002 0.043 0.026 0.037 0.021 0.719 
 510 T _   0.033 0.123 0.002 0.047 0.026 0.035 0.021 0.714 
 511 T _   0.031 0.122 0.002 0.048 0.024 0.033 0.021 0.719 
 512 A _   0.029 0.116 0.002 0.046 0.022 0.030 0.021 0.734 
 513 T _   0.026 0.105 0.002 0.040 0.019 0.027 0.021 0.760 
 514 F _   0.022 0.088 0.001 0.033 0.015 0.023 0.022 0.795 
 515 C _   0.019 0.065 0.001 0.024 0.011 0.020 0.022 0.836 
 516 G _   0.016 0.043 0.001 0.017 0.008 0.017 0.023 0.876 
 517 T _   0.013 0.025 0.001 0.011 0.006 0.015 0.023 0.907 
 518 P _   0.012 0.014 0.001 0.007 0.004 0.013 0.023 0.926 
 519 D _   0.010 0.008 0.000 0.005 0.003 0.013 0.023 0.937 
 520 Y _   0.010 0.006 0.000 0.005 0.003 0.013 0.022 0.940 
 521 I _   0.011 0.005 0.000 0.005 0.004 0.014 0.022 0.938 
 522 A _   0.014 0.005 0.000 0.007 0.005 0.016 0.021 0.932 
 523 P _   0.017 0.005 0.001 0.010 0.006 0.018 0.020 0.922 
 524 E _   0.022 0.006 0.001 0.014 0.008 0.021 0.019 0.909 
 525 I _   0.028 0.007 0.001 0.018 0.011 0.024 0.018 0.894 
 526 L _   0.037 0.007 0.001 0.020 0.013 0.025 0.017 0.879 
 527 Q _   0.049 0.006 0.001 0.020 0.014 0.027 0.016 0.867 
 528 E _   0.064 0.005 0.001 0.018 0.014 0.027 0.015 0.856 
 529 M _   0.084 0.004 0.001 0.014 0.013 0.027 0.014 0.843 
 530 L _   0.110 0.002 0.001 0.010 0.012 0.026 0.013 0.826 
 531 Y _   0.144 0.001 0.001 0.006 0.011 0.025 0.011 0.801 
 532 G _   0.190 0.000 0.001 0.003 0.010 0.023 0.010 0.763 
 533 P _   0.249 0.000 0.001 0.002 0.009 0.022 0.009 0.708 
 534 A _   0.324 0.000 0.001 0.001 0.010 0.022 0.008 0.634 
 535 V _   0.411 0.000 0.001 0.001 0.011 0.021 0.007 0.547 
 536 D H   0.507 0.000 0.001 0.001 0.013 0.021 0.006 0.450 
 537 W H   0.600 0.000 0.001 0.001 0.016 0.021 0.005 0.355 
 538 W H   0.679 0.000 0.001 0.001 0.019 0.021 0.005 0.275 
 539 A H   0.737 0.000 0.001 0.001 0.021 0.020 0.004 0.215 
 540 M H   0.776 0.000 0.001 0.001 0.023 0.019 0.005 0.174 
 541 G H   0.798 0.000 0.001 0.001 0.025 0.018 0.005 0.151 
 542 V H   0.807 0.000 0.001 0.002 0.026 0.017 0.006 0.141 
 543 L H   0.803 0.000 0.001 0.002 0.027 0.017 0.007 0.143 
 544 L H   0.784 0.000 0.002 0.002 0.027 0.017 0.008 0.159 
 545 Y H   0.749 0.000 0.002 0.003 0.027 0.017 0.011 0.192 
 546 E H   0.695 0.000 0.002 0.004 0.026 0.017 0.014 0.242 
 547 M H   0.617 0.000 0.002 0.005 0.024 0.017 0.019 0.317 
 548 L H   0.521 0.000 0.002 0.006 0.020 0.017 0.025 0.410 
 549 C _   0.418 0.000 0.002 0.006 0.016 0.016 0.032 0.510 
 550 G _   0.318 0.000 0.001 0.007 0.012 0.015 0.040 0.607 
 551 H _   0.229 0.000 0.001 0.007 0.008 0.013 0.048 0.694 
 552 A _   0.157 0.000 0.001 0.007 0.006 0.011 0.054 0.765 
 553 P _   0.101 0.000 0.001 0.006 0.004 0.010 0.059 0.819 
 554 F _   0.063 0.000 0.000 0.005 0.003 0.008 0.062 0.859 
 555 E _   0.037 0.000 0.000 0.004 0.002 0.007 0.065 0.885 
 556 A _   0.022 0.000 0.000 0.003 0.002 0.006 0.066 0.901 
 557 E _   0.013 0.000 0.000 0.003 0.001 0.005 0.067 0.910 
 558 N _   0.009 0.001 0.000 0.003 0.001 0.006 0.068 0.913 
 559 E _   0.007 0.002 0.000 0.003 0.002 0.006 0.067 0.912 
 560 D _   0.007 0.004 0.000 0.005 0.002 0.008 0.067 0.907 
 561 D _   0.007 0.008 0.000 0.008 0.003 0.010 0.066 0.897 
 562 L _   0.008 0.016 0.001 0.012 0.005 0.012 0.065 0.881 
 563 F _   0.009 0.026 0.001 0.018 0.006 0.015 0.063 0.861 
 564 E _   0.010 0.037 0.001 0.024 0.008 0.017 0.062 0.841 
 565 A _   0.010 0.046 0.001 0.030 0.010 0.019 0.061 0.824 
 566 I _   0.011 0.052 0.001 0.033 0.011 0.020 0.060 0.812 
 567 L _   0.012 0.056 0.001 0.034 0.012 0.021 0.059 0.805 
 568 N _   0.012 0.057 0.001 0.033 0.012 0.021 0.059 0.804 
 569 D _   0.013 0.057 0.001 0.030 0.011 0.021 0.060 0.808 
 570 E _   0.014 0.054 0.001 0.026 0.011 0.021 0.060 0.814 
 571 V _   0.014 0.051 0.001 0.021 0.010 0.020 0.061 0.822 
 572 V _   0.014 0.047 0.001 0.017 0.008 0.020 0.062 0.831 
 573 Y _   0.015 0.043 0.001 0.014 0.007 0.019 0.063 0.839 
 574 P _   0.015 0.039 0.001 0.011 0.006 0.019 0.064 0.845 
 575 T _   0.015 0.037 0.001 0.009 0.006 0.019 0.065 0.848 
 576 W _   0.016 0.036 0.001 0.008 0.006 0.019 0.065 0.849 
 577 L _   0.016 0.037 0.001 0.008 0.006 0.020 0.066 0.846 
 578 H _   0.017 0.039 0.001 0.009 0.007 0.021 0.066 0.840 
 579 E _   0.018 0.044 0.001 0.010 0.008 0.023 0.066 0.830 
 580 D _   0.019 0.051 0.001 0.013 0.010 0.025 0.066 0.815 
 581 A _   0.020 0.061 0.001 0.018 0.012 0.026 0.066 0.795 
 582 T _   0.021 0.072 0.001 0.023 0.014 0.027 0.066 0.775 
 583 G _   0.022 0.083 0.001 0.027 0.016 0.027 0.067 0.757 
 584 I _   0.022 0.091 0.001 0.031 0.016 0.027 0.067 0.743 
 585 L _   0.022 0.096 0.001 0.034 0.016 0.026 0.068 0.736 
 586 K _   0.021 0.098 0.001 0.033 0.015 0.025 0.070 0.737 
 587 S _   0.019 0.097 0.001 0.031 0.014 0.023 0.071 0.744 
 588 F _   0.018 0.093 0.001 0.026 0.012 0.021 0.073 0.757 
 589 M _   0.016 0.087 0.001 0.021 0.010 0.019 0.075 0.771 
 590 T _   0.014 0.080 0.001 0.017 0.008 0.017 0.077 0.786 
 591 K _   0.013 0.074 0.001 0.013 0.006 0.015 0.079 0.799 
 592 N _   0.012 0.069 0.001 0.011 0.005 0.014 0.081 0.807 
 593 P _   0.011 0.067 0.001 0.009 0.005 0.013 0.083 0.812 
 594 T _   0.011 0.065 0.001 0.009 0.004 0.013 0.085 0.813 
 595 M _   0.010 0.066 0.001 0.009 0.004 0.012 0.086 0.811 
 596 R _   0.010 0.067 0.001 0.010 0.005 0.012 0.088 0.808 
 597 L _   0.010 0.070 0.001 0.011 0.005 0.013 0.089 0.803 
 598 G _   0.010 0.073 0.001 0.011 0.005 0.013 0.090 0.798 
 599 S _   0.010 0.076 0.001 0.012 0.005 0.013 0.091 0.792 
 600 L _   0.010 0.080 0.001 0.013 0.006 0.014 0.092 0.786 
 601 T _   0.010 0.084 0.001 0.013 0.006 0.014 0.093 0.779 
 602 Q _   0.010 0.088 0.001 0.014 0.006 0.015 0.095 0.772 
 603 G _   0.010 0.092 0.001 0.015 0.007 0.015 0.096 0.764 
 604 G _   0.010 0.098 0.001 0.016 0.007 0.016 0.097 0.755 
 605 E _   0.011 0.103 0.001 0.017 0.008 0.017 0.099 0.744 
 606 H _   0.012 0.108 0.001 0.019 0.009 0.018 0.101 0.734 
 607 A _   0.012 0.113 0.001 0.020 0.009 0.018 0.103 0.724 
 608 I _   0.013 0.116 0.001 0.021 0.010 0.019 0.105 0.715 
 609 L _   0.013 0.119 0.001 0.022 0.010 0.019 0.108 0.708 
 610 R _   0.013 0.120 0.001 0.023 0.010 0.019 0.111 0.703 
 611 H _   0.013 0.120 0.001 0.023 0.010 0.019 0.114 0.698 
 612 P _   0.013 0.119 0.001 0.023 0.010 0.019 0.118 0.695 
 613 F _   0.013 0.117 0.001 0.023 0.010 0.019 0.123 0.693 
 614 F _   0.014 0.114 0.001 0.023 0.010 0.018 0.128 0.693 
 615 K _   0.014 0.109 0.001 0.022 0.010 0.018 0.134 0.693 
 616 E _   0.013 0.103 0.001 0.021 0.009 0.017 0.141 0.694 
 617 I _   0.013 0.096 0.001 0.020 0.008 0.016 0.148 0.697 
 618 D _   0.013 0.089 0.001 0.018 0.008 0.015 0.155 0.701 
 619 W _   0.012 0.081 0.001 0.017 0.007 0.014 0.162 0.706 
 620 A _   0.012 0.072 0.001 0.015 0.006 0.013 0.170 0.711 
 621 Q _   0.011 0.064 0.001 0.014 0.006 0.012 0.178 0.715 
 622 L _   0.010 0.057 0.001 0.012 0.005 0.012 0.186 0.717 
 623 N _   0.010 0.050 0.001 0.012 0.005 0.011 0.194 0.718 
 624 H _   0.009 0.045 0.001 0.011 0.004 0.010 0.201 0.719 
 625 R _   0.009 0.040 0.001 0.010 0.004 0.010 0.209 0.718 
 626 Q _   0.008 0.037 0.000 0.010 0.004 0.009 0.216 0.716 
 627 I _   0.008 0.034 0.000 0.010 0.004 0.009 0.223 0.712 
 628 E _   0.008 0.032 0.000 0.010 0.004 0.009 0.229 0.709 
 629 P _   0.007 0.030 0.000 0.010 0.004 0.009 0.236 0.704 
 630 P _   0.007 0.029 0.000 0.010 0.004 0.009 0.242 0.699 
 631 F _   0.007 0.028 0.000 0.011 0.004 0.009 0.248 0.693 
 632 R _   0.007 0.028 0.000 0.012 0.004 0.009 0.254 0.686 
 633 P _   0.007 0.027 0.000 0.013 0.004 0.009 0.260 0.679 
 634 R _   0.006 0.027 0.000 0.014 0.004 0.009 0.267 0.673 
 635 I _   0.006 0.026 0.001 0.015 0.004 0.009 0.274 0.666 
 636 K _   0.006 0.025 0.001 0.015 0.004 0.008 0.281 0.660 
 637 S _   0.006 0.023 0.000 0.014 0.004 0.008 0.288 0.656 
 638 R _   0.006 0.021 0.000 0.013 0.003 0.007 0.296 0.653 
 639 E _   0.005 0.019 0.000 0.011 0.003 0.007 0.303 0.651 
 640 D _   0.005 0.017 0.000 0.009 0.003 0.006 0.310 0.650 
 641 V _   0.004 0.016 0.000 0.007 0.002 0.005 0.317 0.648 
 642 S _   0.004 0.014 0.000 0.006 0.002 0.005 0.323 0.646 
 643 N _   0.004 0.013 0.000 0.005 0.002 0.005 0.328 0.643 
 644 F _   0.004 0.013 0.000 0.005 0.002 0.005 0.332 0.640 
 645 D _   0.003 0.014 0.000 0.005 0.002 0.005 0.336 0.636 
 646 P _   0.004 0.015 0.000 0.006 0.002 0.005 0.339 0.630 
 647 D _   0.004 0.018 0.000 0.007 0.002 0.006 0.341 0.623 
 648 F _   0.004 0.021 0.000 0.008 0.002 0.006 0.344 0.614 
 649 I _   0.004 0.025 0.000 0.010 0.003 0.007 0.346 0.605 
 650 K _   0.004 0.031 0.000 0.012 0.003 0.007 0.348 0.595 
 651 E _   0.004 0.036 0.000 0.013 0.004 0.008 0.350 0.585 
 652 E _   0.004 0.041 0.000 0.014 0.004 0.008 0.353 0.576 
 653 P _   0.004 0.045 0.000 0.015 0.004 0.008 0.356 0.568 
 654 V _   0.004 0.048 0.000 0.015 0.004 0.008 0.359 0.562 
 655 L _   0.004 0.051 0.000 0.014 0.004 0.008 0.363 0.556 
 656 T _   0.004 0.054 0.000 0.013 0.004 0.008 0.367 0.550 
 657 P _   0.004 0.056 0.000 0.013 0.004 0.008 0.372 0.543 
 658 I _   0.004 0.058 0.000 0.013 0.004 0.008 0.377 0.536 
 659 D _   0.004 0.060 0.000 0.013 0.004 0.008 0.383 0.528 
 660 E _   0.004 0.063 0.000 0.013 0.004 0.009 0.389 0.518 
 661 G _   0.005 0.065 0.000 0.014 0.004 0.009 0.395 0.508 
 662 H _   0.005 0.068 0.001 0.015 0.004 0.009 0.402 0.496 
 663 L _   0.005 0.070 0.001 0.016 0.005 0.009 0.409 0.485 
