#TopoPred_TM8: 8-state transmembrane topology prediction results by no_profile mode 
#probabilities are in the order of H E C I L F X _, the 8 transmembrane topology types used in PDBTM 
   1 M _   0.026 0.001 0.003 0.049 0.012 0.013 0.369 0.527 
   2 A _   0.008 0.000 0.000 0.022 0.002 0.006 0.375 0.587 
   3 K _   0.004 0.000 0.000 0.008 0.001 0.003 0.371 0.612 
   4 A _   0.009 0.000 0.000 0.005 0.001 0.004 0.359 0.622 
   5 T _   0.034 0.000 0.000 0.004 0.003 0.008 0.334 0.617 
   6 S _   0.106 0.000 0.001 0.004 0.006 0.014 0.288 0.580 
   7 G _   0.222 0.000 0.001 0.003 0.009 0.020 0.235 0.510 
   8 A _   0.368 0.000 0.001 0.003 0.012 0.023 0.175 0.418 
   9 A H   0.510 0.000 0.002 0.002 0.014 0.024 0.122 0.326 
  10 G H   0.625 0.000 0.002 0.002 0.017 0.023 0.080 0.250 
  11 L H   0.715 0.000 0.002 0.002 0.019 0.021 0.051 0.191 
  12 R H   0.784 0.000 0.001 0.001 0.020 0.018 0.032 0.143 
  13 L H   0.833 0.000 0.001 0.001 0.019 0.015 0.021 0.110 
  14 L H   0.868 0.000 0.001 0.001 0.017 0.012 0.015 0.086 
  15 L H   0.889 0.000 0.001 0.001 0.015 0.010 0.011 0.073 
  16 L H   0.901 0.000 0.001 0.000 0.014 0.008 0.009 0.067 
  17 L H   0.906 0.000 0.001 0.000 0.012 0.007 0.008 0.066 
  18 L H   0.904 0.000 0.001 0.000 0.012 0.006 0.007 0.070 
  19 L H   0.896 0.000 0.001 0.000 0.011 0.006 0.006 0.079 
  20 P H   0.882 0.000 0.001 0.000 0.011 0.006 0.006 0.094 
  21 L H   0.858 0.000 0.001 0.000 0.010 0.006 0.006 0.118 
  22 L H   0.825 0.000 0.001 0.001 0.011 0.007 0.006 0.149 
  23 G H   0.785 0.000 0.001 0.001 0.011 0.008 0.007 0.187 
  24 K H   0.735 0.000 0.001 0.001 0.012 0.009 0.008 0.233 
  25 V H   0.678 0.000 0.001 0.001 0.013 0.011 0.009 0.287 
  26 A H   0.607 0.000 0.001 0.002 0.013 0.012 0.011 0.353 
  27 L H   0.528 0.000 0.001 0.003 0.013 0.013 0.014 0.427 
  28 G _   0.444 0.000 0.001 0.004 0.012 0.014 0.017 0.507 
  29 L _   0.358 0.000 0.001 0.005 0.011 0.015 0.020 0.589 
  30 Y _   0.278 0.000 0.001 0.005 0.010 0.015 0.023 0.668 
  31 F _   0.207 0.000 0.001 0.005 0.008 0.014 0.026 0.738 
  32 S _   0.150 0.000 0.001 0.005 0.007 0.014 0.028 0.795 
  33 R _   0.107 0.000 0.001 0.005 0.005 0.013 0.030 0.838 
  34 D _   0.076 0.001 0.001 0.005 0.005 0.012 0.031 0.869 
  35 A _   0.054 0.001 0.001 0.005 0.004 0.012 0.033 0.891 
  36 Y _   0.038 0.002 0.000 0.006 0.004 0.012 0.034 0.904 
  37 W _   0.028 0.003 0.000 0.006 0.004 0.012 0.035 0.912 
  38 E _   0.022 0.004 0.000 0.007 0.004 0.012 0.035 0.915 
  39 K _   0.018 0.006 0.001 0.008 0.004 0.012 0.035 0.916 
  40 L _   0.015 0.009 0.001 0.009 0.004 0.012 0.036 0.915 
  41 Y _   0.013 0.012 0.001 0.009 0.004 0.012 0.036 0.912 
  42 V _   0.012 0.015 0.001 0.010 0.005 0.013 0.036 0.909 
  43 D _   0.012 0.020 0.001 0.010 0.005 0.013 0.035 0.904 
  44 Q _   0.012 0.025 0.001 0.011 0.005 0.014 0.035 0.896 
  45 A _   0.012 0.031 0.001 0.013 0.006 0.016 0.035 0.886 
  46 A _   0.013 0.040 0.001 0.015 0.008 0.017 0.035 0.872 
  47 G _   0.014 0.050 0.001 0.019 0.009 0.018 0.034 0.856 
  48 T _   0.014 0.060 0.001 0.022 0.010 0.019 0.034 0.839 
  49 P _   0.015 0.070 0.001 0.027 0.011 0.020 0.034 0.823 
  50 L _   0.015 0.078 0.001 0.031 0.012 0.020 0.034 0.809 
  51 L _   0.015 0.083 0.001 0.033 0.012 0.020 0.034 0.802 
  52 Y _   0.015 0.085 0.001 0.033 0.011 0.019 0.035 0.801 
  53 V _   0.014 0.085 0.001 0.031 0.010 0.017 0.036 0.806 
  54 H _   0.013 0.082 0.001 0.026 0.009 0.016 0.037 0.816 
  55 A _   0.012 0.078 0.001 0.021 0.007 0.014 0.038 0.829 
  56 L _   0.011 0.072 0.001 0.016 0.006 0.013 0.039 0.843 
  57 R _   0.010 0.065 0.001 0.012 0.005 0.012 0.040 0.856 
  58 D _   0.010 0.060 0.000 0.009 0.004 0.011 0.041 0.866 
  59 A _   0.009 0.057 0.000 0.007 0.003 0.011 0.041 0.872 
  60 P _   0.009 0.056 0.000 0.006 0.003 0.011 0.042 0.873 
  61 E _   0.009 0.058 0.000 0.006 0.003 0.011 0.042 0.870 
  62 E _   0.010 0.062 0.000 0.007 0.004 0.013 0.042 0.862 
  63 V _   0.011 0.070 0.001 0.009 0.005 0.014 0.041 0.849 
  64 P _   0.011 0.083 0.001 0.012 0.006 0.016 0.041 0.830 
  65 S _   0.012 0.101 0.001 0.016 0.008 0.017 0.040 0.805 
  66 F _   0.012 0.122 0.001 0.020 0.009 0.019 0.039 0.777 
  67 R _   0.012 0.145 0.001 0.025 0.011 0.020 0.038 0.748 
  68 L _   0.012 0.164 0.001 0.029 0.012 0.020 0.037 0.724 
  69 G _   0.012 0.179 0.001 0.033 0.013 0.020 0.037 0.706 
  70 Q _   0.012 0.190 0.001 0.035 0.013 0.020 0.036 0.694 
  71 H _   0.011 0.195 0.001 0.036 0.012 0.019 0.036 0.688 
  72 L _   0.011 0.197 0.001 0.036 0.012 0.018 0.037 0.689 
  73 Y _   0.011 0.195 0.001 0.033 0.011 0.017 0.037 0.694 
  74 G _   0.010 0.190 0.001 0.030 0.010 0.016 0.038 0.705 
  75 T _   0.010 0.182 0.001 0.026 0.008 0.015 0.039 0.720 
  76 Y _   0.010 0.170 0.001 0.021 0.007 0.014 0.040 0.737 
  77 R _   0.009 0.158 0.001 0.016 0.006 0.013 0.041 0.756 
  78 T _   0.009 0.146 0.001 0.013 0.005 0.012 0.042 0.773 
  79 R _   0.008 0.137 0.001 0.010 0.004 0.011 0.043 0.786 
  80 L _   0.008 0.131 0.000 0.008 0.004 0.011 0.044 0.794 
  81 H _   0.008 0.128 0.000 0.007 0.004 0.011 0.044 0.797 
  82 E _   0.008 0.129 0.000 0.008 0.004 0.012 0.045 0.795 
  83 N _   0.008 0.133 0.001 0.009 0.004 0.013 0.045 0.787 
  84 N _   0.009 0.140 0.001 0.011 0.005 0.014 0.044 0.775 
  85 W _   0.010 0.151 0.001 0.014 0.006 0.015 0.044 0.758 
  86 I _   0.011 0.164 0.001 0.018 0.008 0.017 0.044 0.739 
  87 C _   0.011 0.177 0.001 0.021 0.009 0.018 0.043 0.720 
  88 I _   0.011 0.190 0.001 0.024 0.010 0.019 0.043 0.702 
  89 Q _   0.011 0.200 0.001 0.028 0.011 0.019 0.043 0.687 
  90 E _   0.011 0.209 0.001 0.031 0.012 0.020 0.043 0.674 
  91 D _   0.012 0.214 0.001 0.033 0.012 0.020 0.043 0.665 
  92 T _   0.012 0.217 0.001 0.035 0.013 0.020 0.044 0.659 
  93 G _   0.013 0.216 0.001 0.036 0.012 0.019 0.045 0.658 
  94 L _   0.013 0.212 0.001 0.036 0.012 0.018 0.046 0.661 
  95 L _   0.013 0.204 0.001 0.035 0.011 0.017 0.048 0.671 
  96 Y _   0.013 0.190 0.001 0.033 0.010 0.016 0.050 0.687 
  97 L _   0.012 0.170 0.001 0.029 0.009 0.015 0.053 0.711 
  98 N _   0.011 0.144 0.001 0.024 0.008 0.014 0.056 0.742 
  99 R _   0.011 0.115 0.001 0.019 0.006 0.012 0.058 0.777 
 100 S _   0.010 0.087 0.001 0.015 0.005 0.011 0.061 0.811 
 101 L _   0.009 0.064 0.001 0.011 0.004 0.010 0.064 0.838 
 102 D _   0.008 0.048 0.000 0.008 0.003 0.009 0.066 0.858 
 103 H _   0.007 0.038 0.000 0.006 0.002 0.008 0.067 0.871 
 104 S _   0.006 0.033 0.000 0.006 0.002 0.008 0.068 0.877 
 105 S _   0.006 0.030 0.000 0.006 0.002 0.008 0.068 0.880 
 106 W _   0.006 0.029 0.000 0.006 0.002 0.009 0.068 0.880 
 107 E _   0.006 0.029 0.000 0.007 0.003 0.010 0.068 0.878 
 108 K _   0.006 0.030 0.000 0.008 0.003 0.011 0.067 0.874 
 109 L _   0.007 0.032 0.000 0.009 0.004 0.013 0.066 0.869 
 110 S _   0.008 0.035 0.000 0.010 0.004 0.015 0.065 0.863 
 111 V _   0.009 0.039 0.001 0.011 0.005 0.017 0.064 0.854 
 112 R _   0.012 0.043 0.001 0.012 0.006 0.021 0.063 0.843 
 113 N _   0.015 0.049 0.001 0.013 0.008 0.025 0.062 0.828 
 114 R _   0.020 0.057 0.001 0.014 0.011 0.030 0.060 0.808 
 115 G _   0.026 0.066 0.001 0.016 0.015 0.036 0.059 0.781 
 116 F _   0.033 0.079 0.001 0.019 0.020 0.042 0.057 0.748 
 117 P _   0.041 0.096 0.002 0.023 0.026 0.048 0.056 0.708 
 118 L _   0.048 0.115 0.002 0.029 0.032 0.052 0.055 0.666 
 119 L _   0.054 0.134 0.002 0.035 0.038 0.055 0.054 0.628 
 120 T _   0.058 0.151 0.002 0.042 0.041 0.056 0.053 0.597 
 121 V _   0.060 0.162 0.002 0.048 0.042 0.055 0.054 0.577 
 122 Y _   0.060 0.168 0.002 0.052 0.041 0.052 0.054 0.570 
 123 L _   0.059 0.169 0.002 0.053 0.038 0.049 0.056 0.574 
 124 K _   0.055 0.165 0.002 0.051 0.034 0.044 0.058 0.591 
 125 V _   0.051 0.154 0.002 0.046 0.028 0.039 0.060 0.619 
 126 F _   0.045 0.136 0.002 0.039 0.023 0.034 0.063 0.658 
 127 L _   0.038 0.112 0.002 0.031 0.017 0.029 0.066 0.705 
 128 S _   0.032 0.084 0.001 0.023 0.013 0.024 0.069 0.753 
 129 P _   0.026 0.058 0.001 0.016 0.009 0.020 0.072 0.796 
 130 T _   0.021 0.039 0.001 0.011 0.006 0.017 0.075 0.830 
 131 S _   0.017 0.026 0.001 0.008 0.004 0.014 0.077 0.853 
 132 L _   0.014 0.019 0.000 0.005 0.003 0.013 0.078 0.868 
 133 R _   0.011 0.015 0.000 0.004 0.002 0.012 0.078 0.876 
 134 E _   0.010 0.014 0.000 0.004 0.002 0.012 0.078 0.879 
 135 G _   0.010 0.014 0.000 0.004 0.002 0.013 0.078 0.878 
 136 E _   0.011 0.017 0.000 0.005 0.003 0.015 0.077 0.872 
 137 C _   0.014 0.022 0.001 0.006 0.005 0.019 0.075 0.859 
 138 Q _   0.017 0.034 0.001 0.009 0.008 0.024 0.073 0.834 
 139 W _   0.021 0.058 0.001 0.014 0.012 0.029 0.070 0.794 
 140 P _   0.025 0.101 0.002 0.021 0.019 0.035 0.067 0.731 
 141 G _   0.028 0.160 0.002 0.029 0.026 0.040 0.062 0.653 
 142 C _   0.030 0.227 0.003 0.038 0.032 0.042 0.058 0.571 
 143 A _   0.030 0.287 0.003 0.046 0.035 0.043 0.055 0.502 
 144 R _   0.030 0.331 0.002 0.053 0.036 0.042 0.053 0.453 
 145 V _   0.030 0.358 0.002 0.057 0.035 0.041 0.051 0.425 
 146 Y _   0.030 0.372 0.002 0.060 0.034 0.039 0.050 0.413 
 147 F _   0.029 0.376 0.002 0.060 0.032 0.037 0.051 0.414 
 148 S _   0.028 0.372 0.002 0.057 0.029 0.034 0.051 0.428 
 149 F _   0.026 0.358 0.002 0.052 0.025 0.030 0.052 0.454 
 150 F _   0.025 0.334 0.002 0.046 0.022 0.027 0.054 0.491 
 151 N _   0.023 0.297 0.002 0.039 0.018 0.024 0.057 0.540 
 152 T _   0.022 0.249 0.002 0.031 0.015 0.022 0.060 0.600 
 153 S _   0.020 0.197 0.001 0.024 0.012 0.019 0.063 0.664 
 154 F _   0.018 0.151 0.001 0.018 0.009 0.017 0.066 0.720 
 155 P _   0.016 0.116 0.001 0.013 0.006 0.015 0.069 0.764 
 156 A _   0.013 0.093 0.001 0.010 0.005 0.013 0.071 0.794 
 157 C _   0.011 0.079 0.000 0.008 0.004 0.012 0.072 0.814 
 158 S _   0.010 0.071 0.000 0.007 0.003 0.011 0.072 0.825 
 159 S _   0.009 0.067 0.000 0.007 0.003 0.011 0.073 0.830 
 160 L _   0.009 0.066 0.000 0.008 0.003 0.011 0.073 0.831 
 161 K _   0.008 0.066 0.000 0.009 0.004 0.011 0.072 0.828 
 162 P _   0.009 0.068 0.000 0.012 0.004 0.012 0.072 0.823 
 163 R _   0.009 0.071 0.001 0.015 0.005 0.012 0.071 0.816 
 164 E _   0.009 0.075 0.001 0.018 0.006 0.013 0.071 0.808 
 165 L _   0.009 0.077 0.001 0.021 0.006 0.013 0.071 0.802 
 166 C _   0.009 0.078 0.001 0.023 0.007 0.013 0.071 0.798 
 167 F _   0.009 0.078 0.001 0.025 0.007 0.013 0.071 0.797 
 168 P _   0.009 0.077 0.001 0.025 0.007 0.013 0.071 0.798 
 169 E _   0.009 0.073 0.001 0.024 0.007 0.012 0.072 0.802 
 170 T _   0.009 0.068 0.001 0.022 0.006 0.012 0.073 0.809 
 171 R _   0.009 0.061 0.001 0.020 0.006 0.011 0.075 0.818 
 172 P _   0.008 0.053 0.001 0.018 0.005 0.010 0.076 0.829 
 173 S _   0.008 0.044 0.001 0.015 0.005 0.010 0.078 0.840 
 174 F _   0.008 0.035 0.001 0.013 0.004 0.009 0.080 0.851 
 175 R _   0.007 0.027 0.000 0.011 0.003 0.008 0.081 0.862 
 176 I _   0.007 0.019 0.000 0.009 0.003 0.008 0.082 0.872 
 177 R _   0.006 0.014 0.000 0.007 0.002 0.007 0.083 0.880 
 178 E _   0.006 0.010 0.000 0.005 0.002 0.007 0.084 0.886 
 179 N _   0.006 0.007 0.000 0.004 0.002 0.007 0.084 0.890 
 180 R _   0.006 0.006 0.000 0.004 0.002 0.007 0.084 0.892 
 181 P _   0.006 0.005 0.000 0.004 0.002 0.008 0.083 0.892 
 182 P _   0.007 0.006 0.000 0.004 0.002 0.011 0.082 0.888 
 183 G _   0.008 0.007 0.000 0.006 0.003 0.014 0.080 0.882 
 184 T _   0.011 0.009 0.001 0.008 0.005 0.018 0.079 0.870 
 185 F _   0.013 0.014 0.001 0.012 0.007 0.023 0.076 0.854 
 186 H _   0.017 0.020 0.001 0.017 0.011 0.028 0.074 0.832 
 187 Q _   0.020 0.028 0.001 0.023 0.014 0.034 0.071 0.809 
 188 F _   0.022 0.034 0.001 0.029 0.018 0.038 0.069 0.789 
 189 R _   0.025 0.039 0.001 0.033 0.021 0.042 0.066 0.773 
 190 L _   0.028 0.042 0.002 0.035 0.023 0.044 0.065 0.762 
 191 L _   0.030 0.044 0.002 0.034 0.024 0.046 0.063 0.758 
 192 P _   0.034 0.043 0.002 0.031 0.024 0.047 0.062 0.759 
 193 V _   0.037 0.041 0.002 0.027 0.023 0.047 0.061 0.763 
 194 Q _   0.041 0.037 0.001 0.022 0.022 0.047 0.060 0.771 
 195 F _   0.044 0.033 0.001 0.017 0.020 0.047 0.059 0.778 
 196 L _   0.047 0.029 0.001 0.013 0.019 0.047 0.059 0.784 
 197 C _   0.051 0.027 0.001 0.011 0.018 0.047 0.059 0.787 
 198 P _   0.054 0.026 0.001 0.010 0.018 0.047 0.059 0.786 
 199 N _   0.057 0.026 0.001 0.010 0.018 0.047 0.058 0.782 
 200 I _   0.059 0.028 0.001 0.012 0.019 0.047 0.058 0.776 
 201 S _   0.061 0.031 0.001 0.015 0.020 0.047 0.058 0.767 
 202 V _   0.062 0.035 0.001 0.018 0.021 0.046 0.058 0.758 
 203 A _   0.060 0.039 0.002 0.022 0.022 0.044 0.059 0.753 
 204 Y _   0.057 0.041 0.002 0.025 0.022 0.042 0.059 0.753 
 205 R _   0.052 0.043 0.002 0.026 0.021 0.039 0.060 0.757 
 206 L _   0.046 0.044 0.001 0.027 0.019 0.036 0.060 0.766 
 207 L _   0.040 0.043 0.001 0.026 0.017 0.032 0.061 0.779 
 208 E _   0.034 0.041 0.001 0.025 0.015 0.029 0.062 0.794 
 209 G _   0.029 0.038 0.001 0.022 0.012 0.025 0.063 0.809 
 210 E _   0.025 0.034 0.001 0.020 0.010 0.022 0.064 0.824 
 211 G _   0.021 0.030 0.001 0.017 0.008 0.019 0.065 0.838 
 212 L _   0.018 0.026 0.001 0.015 0.007 0.016 0.067 0.851 
 213 P _   0.015 0.021 0.001 0.012 0.005 0.014 0.068 0.864 
 214 F _   0.013 0.018 0.001 0.010 0.004 0.012 0.068 0.874 
 215 R _   0.011 0.015 0.000 0.008 0.003 0.011 0.069 0.883 
 216 C _   0.009 0.012 0.000 0.006 0.003 0.010 0.069 0.890 
 217 A _   0.008 0.011 0.000 0.006 0.003 0.009 0.069 0.893 
 218 P _   0.008 0.011 0.000 0.006 0.003 0.009 0.069 0.894 
 219 D _   0.008 0.011 0.000 0.007 0.003 0.010 0.069 0.891 
 220 S _   0.009 0.013 0.000 0.009 0.004 0.011 0.068 0.886 
 221 L _   0.010 0.015 0.001 0.013 0.005 0.013 0.068 0.877 
 222 E _   0.011 0.018 0.001 0.018 0.006 0.014 0.067 0.865 
 223 V _   0.011 0.022 0.001 0.024 0.008 0.015 0.066 0.854 
 224 S _   0.011 0.024 0.001 0.028 0.008 0.015 0.066 0.846 
 225 T _   0.011 0.025 0.001 0.031 0.009 0.015 0.066 0.843 
 226 R _   0.011 0.024 0.001 0.030 0.008 0.014 0.066 0.846 
 227 W _   0.010 0.022 0.001 0.026 0.007 0.013 0.067 0.855 
 228 A _   0.009 0.018 0.001 0.021 0.006 0.012 0.067 0.867 
 229 L _   0.009 0.012 0.001 0.014 0.004 0.011 0.068 0.881 
 230 D _   0.009 0.007 0.000 0.009 0.003 0.009 0.068 0.894 
 231 R _   0.009 0.003 0.000 0.005 0.002 0.009 0.068 0.903 
 232 E _   0.010 0.001 0.000 0.003 0.002 0.009 0.067 0.907 
 233 Q _   0.013 0.000 0.000 0.002 0.002 0.011 0.066 0.906 
 234 R _   0.019 0.000 0.000 0.002 0.002 0.013 0.065 0.898 
 235 E _   0.031 0.000 0.000 0.002 0.003 0.019 0.064 0.881 
 236 K _   0.050 0.000 0.001 0.003 0.006 0.026 0.062 0.853 
 237 Y _   0.076 0.000 0.001 0.004 0.010 0.036 0.059 0.813 
 238 E _   0.107 0.001 0.001 0.007 0.018 0.047 0.056 0.761 
 239 L _   0.139 0.003 0.002 0.012 0.027 0.058 0.054 0.707 
 240 V _   0.168 0.005 0.002 0.017 0.037 0.066 0.051 0.655 
 241 A _   0.191 0.007 0.002 0.021 0.045 0.072 0.049 0.614 
 242 V _   0.208 0.008 0.002 0.024 0.049 0.074 0.048 0.587 
 243 C _   0.222 0.008 0.003 0.024 0.051 0.075 0.046 0.571 
 244 T _   0.230 0.008 0.002 0.022 0.050 0.073 0.046 0.569 
 245 V _   0.234 0.006 0.002 0.018 0.046 0.070 0.046 0.577 
 246 H _   0.232 0.005 0.002 0.014 0.041 0.067 0.046 0.593 
 247 A _   0.225 0.003 0.002 0.010 0.035 0.063 0.046 0.616 
 248 G _   0.215 0.002 0.002 0.007 0.028 0.060 0.047 0.639 
 249 A _   0.204 0.001 0.001 0.006 0.023 0.057 0.047 0.661 
 250 R _   0.191 0.001 0.001 0.005 0.020 0.054 0.048 0.680 
 251 E _   0.179 0.001 0.001 0.005 0.019 0.052 0.049 0.694 
 252 E _   0.167 0.002 0.001 0.006 0.019 0.051 0.050 0.704 
 253 V _   0.154 0.004 0.001 0.009 0.020 0.050 0.051 0.710 
 254 V _   0.142 0.007 0.002 0.014 0.022 0.048 0.052 0.713 
 255 M _   0.128 0.012 0.002 0.020 0.024 0.047 0.054 0.714 
 256 V _   0.114 0.016 0.002 0.027 0.025 0.044 0.056 0.717 
 257 P _   0.098 0.020 0.002 0.033 0.024 0.040 0.058 0.725 
 258 F _   0.082 0.021 0.002 0.037 0.023 0.036 0.061 0.739 
 259 P _   0.066 0.021 0.002 0.037 0.020 0.032 0.064 0.760 
 260 V _   0.052 0.019 0.001 0.033 0.015 0.026 0.067 0.786 
 261 T _   0.039 0.016 0.001 0.026 0.011 0.021 0.070 0.815 
 262 V _   0.029 0.012 0.001 0.018 0.007 0.017 0.073 0.843 
 263 Y _   0.021 0.008 0.001 0.012 0.005 0.012 0.075 0.867 
 264 D _   0.014 0.005 0.000 0.007 0.003 0.009 0.077 0.885 
 265 E _   0.010 0.003 0.000 0.004 0.002 0.007 0.078 0.896 
 266 D _   0.007 0.002 0.000 0.003 0.001 0.006 0.078 0.902 
 267 D _   0.006 0.002 0.000 0.003 0.001 0.005 0.078 0.905 
 268 S _   0.005 0.002 0.000 0.003 0.001 0.006 0.077 0.905 
 269 A _   0.006 0.003 0.000 0.003 0.002 0.007 0.076 0.903 
 270 P _   0.006 0.006 0.000 0.005 0.002 0.008 0.075 0.897 
 271 T _   0.007 0.012 0.000 0.008 0.003 0.010 0.073 0.887 
 272 F _   0.008 0.021 0.001 0.011 0.004 0.013 0.070 0.873 
 273 P _   0.009 0.033 0.001 0.015 0.006 0.015 0.067 0.854 
 274 A _   0.009 0.048 0.001 0.020 0.008 0.018 0.064 0.832 
 275 G _   0.010 0.064 0.001 0.025 0.010 0.020 0.061 0.809 
 276 V _   0.011 0.079 0.001 0.030 0.012 0.022 0.058 0.787 
 277 D _   0.012 0.091 0.001 0.034 0.014 0.024 0.056 0.769 
 278 T _   0.013 0.101 0.001 0.039 0.015 0.025 0.053 0.753 
 279 A _   0.013 0.108 0.001 0.042 0.016 0.026 0.052 0.742 
 280 S _   0.014 0.111 0.001 0.044 0.016 0.026 0.051 0.737 
 281 A _   0.015 0.111 0.001 0.043 0.016 0.025 0.050 0.740 
 282 V _   0.015 0.107 0.001 0.040 0.014 0.024 0.049 0.749 
 283 V _   0.014 0.100 0.001 0.034 0.013 0.023 0.049 0.766 
 284 E _   0.014 0.089 0.001 0.027 0.011 0.022 0.049 0.787 
 285 F _   0.014 0.076 0.001 0.020 0.009 0.020 0.049 0.811 
 286 K _   0.014 0.062 0.001 0.014 0.007 0.020 0.049 0.833 
 287 R _   0.014 0.051 0.001 0.010 0.006 0.020 0.049 0.850 
 288 K _   0.014 0.045 0.001 0.008 0.006 0.020 0.049 0.858 
 289 E _   0.015 0.043 0.001 0.007 0.006 0.021 0.048 0.859 
 290 D _   0.017 0.043 0.001 0.009 0.007 0.023 0.048 0.853 
 291 T _   0.019 0.046 0.001 0.012 0.009 0.025 0.047 0.841 
 292 V _   0.022 0.052 0.001 0.018 0.012 0.027 0.046 0.823 
 293 V _   0.024 0.058 0.001 0.025 0.014 0.028 0.045 0.804 
 294 A _   0.025 0.062 0.001 0.031 0.016 0.029 0.045 0.790 
 295 T _   0.025 0.064 0.001 0.035 0.017 0.028 0.045 0.784 
 296 L _   0.025 0.064 0.001 0.035 0.017 0.027 0.045 0.786 
 297 R _   0.023 0.060 0.001 0.032 0.015 0.025 0.045 0.797 
 298 V _   0.022 0.053 0.001 0.026 0.013 0.023 0.045 0.816 
 299 F _   0.020 0.044 0.001 0.019 0.010 0.021 0.046 0.837 
 300 D _   0.019 0.035 0.001 0.013 0.008 0.020 0.047 0.858 
 301 A _   0.018 0.027 0.001 0.009 0.006 0.018 0.047 0.874 
 302 D _   0.017 0.023 0.001 0.006 0.005 0.018 0.047 0.883 
 303 V _   0.017 0.021 0.000 0.005 0.004 0.018 0.048 0.886 
 304 V _   0.018 0.022 0.000 0.005 0.005 0.019 0.047 0.883 
 305 P _   0.019 0.024 0.001 0.007 0.006 0.021 0.047 0.875 
 306 A _   0.021 0.030 0.001 0.010 0.008 0.023 0.047 0.861 
 307 S _   0.022 0.039 0.001 0.015 0.010 0.025 0.046 0.842 
 308 G _   0.024 0.050 0.001 0.020 0.013 0.026 0.046 0.820 
 309 E _   0.024 0.061 0.001 0.025 0.015 0.027 0.045 0.801 
 310 L _   0.024 0.070 0.001 0.029 0.016 0.027 0.045 0.788 
 311 V _   0.023 0.075 0.001 0.031 0.016 0.027 0.045 0.782 
 312 R _   0.022 0.078 0.001 0.031 0.015 0.026 0.045 0.782 
 313 R _   0.020 0.078 0.001 0.029 0.014 0.024 0.045 0.789 
 314 Y _   0.018 0.076 0.001 0.026 0.012 0.022 0.046 0.800 
 315 T _   0.017 0.073 0.001 0.021 0.010 0.020 0.046 0.812 
 316 S _   0.015 0.068 0.001 0.017 0.008 0.018 0.047 0.825 
 317 T _   0.014 0.064 0.001 0.014 0.007 0.017 0.048 0.836 
 318 L _   0.013 0.060 0.001 0.012 0.006 0.016 0.048 0.845 
 319 L _   0.012 0.058 0.001 0.010 0.005 0.015 0.049 0.850 
 320 P _   0.012 0.056 0.001 0.010 0.005 0.015 0.049 0.852 
 321 G _   0.012 0.057 0.001 0.011 0.005 0.015 0.050 0.850 
 322 D _   0.012 0.058 0.001 0.012 0.006 0.015 0.050 0.845 
 323 T _   0.013 0.060 0.001 0.015 0.007 0.016 0.050 0.839 
 324 W _   0.013 0.062 0.001 0.018 0.008 0.016 0.050 0.831 
 325 A _   0.013 0.064 0.001 0.021 0.009 0.017 0.051 0.825 
 326 Q _   0.013 0.065 0.001 0.024 0.009 0.016 0.051 0.820 
 327 Q _   0.012 0.065 0.001 0.026 0.009 0.016 0.052 0.819 
 328 T _   0.012 0.063 0.001 0.025 0.009 0.015 0.053 0.822 
 329 F _   0.011 0.060 0.001 0.024 0.008 0.014 0.054 0.829 
 330 R _   0.010 0.054 0.001 0.021 0.007 0.013 0.055 0.839 
 331 V _   0.009 0.047 0.001 0.018 0.006 0.011 0.056 0.852 
 332 E _   0.008 0.040 0.001 0.014 0.005 0.010 0.058 0.865 
 333 H _   0.007 0.033 0.000 0.010 0.004 0.009 0.059 0.878 
 334 W _   0.007 0.027 0.000 0.008 0.003 0.008 0.059 0.888 
 335 P _   0.006 0.023 0.000 0.006 0.002 0.008 0.060 0.894 
 336 N _   0.006 0.021 0.000 0.005 0.002 0.008 0.060 0.897 
 337 E _   0.006 0.021 0.000 0.005 0.002 0.009 0.060 0.897 
 338 T _   0.007 0.023 0.000 0.005 0.003 0.010 0.059 0.893 
 339 S _   0.008 0.027 0.000 0.006 0.003 0.012 0.058 0.885 
 340 V _   0.010 0.035 0.001 0.009 0.005 0.015 0.057 0.869 
 341 Q _   0.012 0.049 0.001 0.013 0.007 0.018 0.056 0.845 
 342 A _   0.013 0.070 0.001 0.018 0.010 0.022 0.054 0.812 
 343 N _   0.015 0.096 0.001 0.025 0.013 0.025 0.051 0.774 
 344 G _   0.016 0.122 0.001 0.031 0.016 0.027 0.049 0.737 
 345 S _   0.017 0.142 0.001 0.036 0.018 0.029 0.048 0.709 
 346 F _   0.018 0.157 0.001 0.039 0.019 0.029 0.047 0.690 
 347 V _   0.018 0.165 0.001 0.040 0.019 0.029 0.046 0.681 
 348 R _   0.018 0.169 0.001 0.039 0.018 0.029 0.045 0.679 
 349 A _   0.018 0.169 0.001 0.036 0.017 0.028 0.045 0.684 
 350 T _   0.017 0.166 0.001 0.033 0.016 0.027 0.045 0.695 
 351 V _   0.017 0.160 0.001 0.029 0.014 0.025 0.046 0.707 
 352 H _   0.017 0.153 0.001 0.026 0.013 0.024 0.046 0.720 
 353 D _   0.016 0.145 0.001 0.023 0.012 0.023 0.047 0.732 
 354 Y _   0.016 0.137 0.001 0.022 0.011 0.021 0.048 0.744 
 355 R _   0.016 0.128 0.001 0.021 0.010 0.020 0.049 0.755 
 356 L _   0.015 0.119 0.001 0.020 0.009 0.019 0.050 0.767 
 357 V _   0.014 0.109 0.001 0.019 0.008 0.018 0.051 0.780 
 358 L _   0.013 0.098 0.001 0.017 0.007 0.016 0.053 0.794 
 359 N _   0.012 0.087 0.001 0.014 0.006 0.015 0.054 0.810 
 360 R _   0.012 0.077 0.001 0.012 0.005 0.014 0.055 0.825 
 361 N _   0.011 0.068 0.001 0.009 0.004 0.014 0.055 0.837 
 362 L _   0.011 0.062 0.000 0.007 0.004 0.014 0.056 0.846 
 363 S _   0.011 0.058 0.000 0.006 0.004 0.014 0.056 0.850 
 364 I _   0.012 0.058 0.000 0.006 0.004 0.016 0.056 0.848 
 365 S _   0.013 0.060 0.001 0.008 0.005 0.018 0.056 0.839 
 366 E _   0.016 0.067 0.001 0.012 0.008 0.021 0.055 0.821 
 367 N _   0.018 0.079 0.001 0.020 0.011 0.024 0.054 0.793 
 368 R _   0.020 0.096 0.001 0.030 0.015 0.026 0.054 0.758 
 369 T _   0.021 0.112 0.001 0.042 0.018 0.027 0.053 0.725 
 370 M _   0.021 0.124 0.002 0.052 0.019 0.027 0.053 0.702 
 371 Q _   0.020 0.129 0.001 0.059 0.019 0.026 0.053 0.691 
 372 L _   0.019 0.129 0.001 0.060 0.018 0.025 0.054 0.693 
 373 A _   0.018 0.123 0.001 0.055 0.016 0.022 0.056 0.708 
 374 V _   0.016 0.111 0.001 0.046 0.013 0.019 0.058 0.735 
 375 L _   0.014 0.089 0.001 0.035 0.010 0.016 0.060 0.773 
 376 V _   0.013 0.063 0.001 0.024 0.007 0.014 0.063 0.816 
 377 N _   0.011 0.037 0.001 0.014 0.005 0.011 0.065 0.856 
 378 D _   0.009 0.018 0.000 0.008 0.003 0.010 0.067 0.885 
 379 S _   0.008 0.008 0.000 0.004 0.002 0.009 0.068 0.901 
 380 D _   0.007 0.003 0.000 0.003 0.002 0.009 0.068 0.908 
 381 F _   0.008 0.002 0.000 0.002 0.002 0.010 0.068 0.909 
 382 Q _   0.010 0.001 0.000 0.002 0.002 0.013 0.067 0.904 
 383 G _   0.014 0.002 0.000 0.003 0.003 0.018 0.066 0.894 
 384 P _   0.021 0.003 0.000 0.005 0.005 0.026 0.064 0.875 
 385 G _   0.032 0.007 0.001 0.008 0.009 0.035 0.062 0.846 
 386 A _   0.044 0.013 0.001 0.013 0.016 0.047 0.059 0.806 
 387 G _   0.059 0.023 0.002 0.019 0.024 0.058 0.056 0.759 
 388 V _   0.073 0.034 0.002 0.025 0.034 0.067 0.053 0.712 
 389 L _   0.086 0.043 0.002 0.029 0.043 0.075 0.050 0.672 
 390 L _   0.098 0.051 0.002 0.032 0.051 0.081 0.047 0.639 
 391 L _   0.108 0.056 0.003 0.032 0.057 0.084 0.046 0.615 
 392 H _   0.118 0.059 0.003 0.032 0.061 0.085 0.044 0.599 
 393 F _   0.126 0.060 0.003 0.030 0.062 0.085 0.043 0.590 
 394 N _   0.132 0.061 0.003 0.030 0.061 0.083 0.043 0.588 
 395 V _   0.135 0.060 0.003 0.029 0.059 0.079 0.043 0.593 
 396 S _   0.135 0.059 0.002 0.028 0.054 0.074 0.043 0.604 
 397 V _   0.132 0.056 0.002 0.028 0.048 0.069 0.044 0.621 
 398 L _   0.125 0.052 0.002 0.027 0.042 0.062 0.045 0.644 
 399 P _   0.115 0.047 0.002 0.025 0.035 0.056 0.046 0.674 
 400 V _   0.103 0.040 0.002 0.023 0.028 0.049 0.048 0.707 
 401 S _   0.089 0.032 0.002 0.020 0.022 0.042 0.049 0.744 
 402 L _   0.074 0.024 0.001 0.016 0.017 0.036 0.050 0.782 
 403 H _   0.060 0.017 0.001 0.013 0.012 0.030 0.052 0.816 
 404 L _   0.047 0.011 0.001 0.010 0.009 0.025 0.053 0.845 
 405 P _   0.036 0.007 0.001 0.007 0.006 0.021 0.053 0.867 
 406 S _   0.028 0.005 0.001 0.006 0.005 0.018 0.054 0.884 
 407 T _   0.022 0.003 0.000 0.005 0.004 0.016 0.054 0.895 
 408 Y _   0.018 0.003 0.000 0.005 0.004 0.015 0.054 0.901 
 409 S _   0.016 0.002 0.000 0.005 0.004 0.015 0.054 0.904 
 410 L _   0.015 0.003 0.000 0.005 0.004 0.015 0.054 0.904 
 411 S _   0.015 0.003 0.000 0.006 0.004 0.015 0.053 0.903 
 412 V _   0.015 0.004 0.001 0.007 0.005 0.016 0.052 0.900 
 413 S _   0.016 0.005 0.001 0.008 0.006 0.018 0.051 0.895 
 414 R _   0.017 0.006 0.001 0.009 0.007 0.020 0.050 0.889 
 415 R _   0.019 0.008 0.001 0.010 0.008 0.022 0.050 0.882 
 416 A _   0.021 0.011 0.001 0.012 0.009 0.024 0.049 0.875 
 417 R _   0.023 0.013 0.001 0.012 0.010 0.026 0.048 0.867 
 418 R _   0.025 0.016 0.001 0.013 0.011 0.028 0.047 0.859 
 419 F _   0.027 0.019 0.001 0.014 0.013 0.030 0.046 0.850 
 420 A _   0.030 0.022 0.001 0.015 0.014 0.032 0.045 0.840 
 421 Q _   0.032 0.026 0.001 0.016 0.015 0.034 0.044 0.831 
 422 I _   0.035 0.031 0.001 0.017 0.016 0.036 0.044 0.821 
 423 G _   0.037 0.035 0.001 0.017 0.017 0.037 0.043 0.812 
 424 K _   0.039 0.040 0.001 0.018 0.018 0.038 0.043 0.804 
 425 V _   0.040 0.044 0.001 0.019 0.019 0.038 0.042 0.797 
 426 C _   0.040 0.048 0.001 0.019 0.019 0.038 0.042 0.792 
 427 V _   0.041 0.051 0.001 0.020 0.019 0.038 0.042 0.788 
 428 E _   0.040 0.055 0.001 0.021 0.019 0.037 0.042 0.785 
 429 N _   0.039 0.058 0.001 0.021 0.019 0.036 0.042 0.783 
 430 C _   0.037 0.060 0.001 0.022 0.019 0.035 0.042 0.783 
 431 Q _   0.035 0.062 0.001 0.024 0.018 0.034 0.042 0.783 
 432 A _   0.032 0.064 0.001 0.026 0.017 0.032 0.043 0.785 
 433 F _   0.029 0.064 0.001 0.028 0.016 0.029 0.043 0.788 
 434 S _   0.026 0.064 0.001 0.029 0.015 0.027 0.044 0.794 
 435 G _   0.023 0.062 0.001 0.029 0.014 0.025 0.045 0.801 
 436 I _   0.021 0.058 0.001 0.028 0.012 0.022 0.046 0.812 
 437 N _   0.018 0.052 0.001 0.026 0.010 0.019 0.048 0.826 
 438 V _   0.016 0.044 0.001 0.022 0.008 0.017 0.049 0.842 
 439 Q _   0.014 0.035 0.001 0.017 0.007 0.015 0.051 0.861 
 440 Y _   0.012 0.026 0.001 0.013 0.005 0.013 0.052 0.880 
 441 K _   0.010 0.017 0.000 0.009 0.004 0.011 0.053 0.897 
 442 L _   0.008 0.011 0.000 0.006 0.003 0.010 0.053 0.908 
 443 H _   0.008 0.008 0.000 0.004 0.002 0.010 0.054 0.914 
 444 S _   0.008 0.007 0.000 0.003 0.002 0.010 0.053 0.915 
 445 S _   0.009 0.008 0.000 0.003 0.003 0.012 0.053 0.912 
 446 G _   0.012 0.010 0.000 0.005 0.004 0.016 0.052 0.902 
 447 A _   0.016 0.015 0.001 0.008 0.007 0.020 0.051 0.882 
 448 N _   0.020 0.029 0.001 0.015 0.011 0.026 0.050 0.848 
 449 C _   0.025 0.051 0.002 0.025 0.017 0.032 0.048 0.800 
 450 S _   0.028 0.076 0.002 0.037 0.023 0.036 0.046 0.751 
 451 T _   0.031 0.097 0.002 0.049 0.027 0.039 0.045 0.710 
 452 L _   0.032 0.110 0.002 0.056 0.029 0.041 0.044 0.685 
 453 G _   0.033 0.116 0.002 0.059 0.029 0.041 0.044 0.676 
 454 V _   0.034 0.117 0.002 0.055 0.028 0.039 0.045 0.680 
 455 V _   0.034 0.113 0.002 0.048 0.025 0.037 0.045 0.696 
 456 T _   0.033 0.103 0.002 0.037 0.021 0.035 0.046 0.722 
 457 S _   0.031 0.090 0.001 0.027 0.017 0.033 0.047 0.753 
 458 A _   0.029 0.076 0.001 0.019 0.014 0.030 0.049 0.782 
 459 E _   0.027 0.065 0.001 0.014 0.011 0.029 0.050 0.803 
 460 D _   0.025 0.058 0.001 0.012 0.010 0.027 0.051 0.817 
 461 T _   0.024 0.054 0.001 0.012 0.009 0.026 0.052 0.823 
 462 S _   0.023 0.053 0.001 0.014 0.009 0.025 0.053 0.823 
 463 G _   0.022 0.053 0.001 0.017 0.010 0.024 0.054 0.819 
 464 I _   0.021 0.054 0.001 0.021 0.010 0.023 0.055 0.814 
 465 L _   0.020 0.053 0.001 0.025 0.010 0.022 0.056 0.813 
 466 F _   0.018 0.051 0.001 0.026 0.010 0.020 0.057 0.817 
 467 V _   0.016 0.047 0.001 0.025 0.009 0.018 0.059 0.825 
 468 N _   0.014 0.041 0.001 0.021 0.008 0.016 0.060 0.839 
 469 D _   0.013 0.032 0.001 0.017 0.006 0.014 0.062 0.856 
 470 T _   0.011 0.023 0.001 0.012 0.005 0.012 0.063 0.873 
 471 K _   0.010 0.015 0.000 0.008 0.003 0.010 0.064 0.888 
 472 A _   0.009 0.009 0.000 0.005 0.003 0.009 0.065 0.899 
 473 L _   0.008 0.006 0.000 0.004 0.002 0.009 0.066 0.904 
 474 R _   0.009 0.005 0.000 0.003 0.002 0.010 0.066 0.905 
 475 R _   0.010 0.005 0.000 0.003 0.002 0.012 0.066 0.902 
 476 P _   0.012 0.006 0.000 0.004 0.003 0.015 0.065 0.894 
 477 K _   0.016 0.010 0.001 0.006 0.005 0.019 0.064 0.879 
 478 C _   0.022 0.019 0.001 0.010 0.009 0.024 0.063 0.852 
 479 A _   0.027 0.036 0.001 0.018 0.014 0.030 0.061 0.812 
 480 E _   0.032 0.060 0.002 0.029 0.020 0.035 0.059 0.765 
 481 L _   0.035 0.083 0.002 0.041 0.025 0.038 0.057 0.720 
 482 H _   0.037 0.100 0.002 0.051 0.028 0.040 0.056 0.687 
 483 Y _   0.037 0.110 0.002 0.059 0.028 0.039 0.055 0.669 
 484 M _   0.037 0.114 0.002 0.062 0.027 0.038 0.055 0.666 
 485 V _   0.035 0.112 0.002 0.059 0.025 0.035 0.056 0.677 
 486 V _   0.032 0.104 0.002 0.052 0.021 0.031 0.057 0.701 
 487 A _   0.029 0.089 0.002 0.041 0.017 0.027 0.059 0.737 
 488 T _   0.026 0.067 0.001 0.028 0.012 0.023 0.060 0.783 
 489 D _   0.022 0.042 0.001 0.017 0.008 0.019 0.062 0.829 
 490 Q _   0.018 0.022 0.001 0.010 0.005 0.016 0.063 0.865 
 491 Q _   0.015 0.011 0.000 0.006 0.004 0.014 0.063 0.887 
 492 T _   0.013 0.006 0.000 0.003 0.003 0.013 0.063 0.898 
 493 S _   0.012 0.005 0.000 0.003 0.002 0.013 0.062 0.902 
 494 R _   0.013 0.005 0.000 0.003 0.003 0.014 0.062 0.900 
 495 Q _   0.014 0.006 0.000 0.005 0.004 0.017 0.061 0.893 
 496 A _   0.017 0.010 0.001 0.008 0.006 0.020 0.059 0.880 
 497 Q _   0.020 0.017 0.001 0.012 0.009 0.023 0.057 0.861 
 498 A _   0.022 0.027 0.001 0.017 0.012 0.026 0.056 0.839 
 499 Q _   0.024 0.038 0.001 0.023 0.014 0.028 0.054 0.818 
 500 L _   0.026 0.047 0.001 0.027 0.016 0.029 0.052 0.802 
 501 L _   0.027 0.053 0.001 0.029 0.017 0.030 0.051 0.792 
 502 V _   0.027 0.058 0.001 0.029 0.018 0.030 0.050 0.788 
 503 T _   0.028 0.060 0.001 0.027 0.017 0.029 0.049 0.789 
 504 V _   0.028 0.060 0.001 0.025 0.016 0.028 0.048 0.794 
 505 E _   0.027 0.059 0.001 0.022 0.014 0.027 0.048 0.801 
 506 G _   0.027 0.058 0.001 0.019 0.013 0.026 0.048 0.809 
 507 S _   0.026 0.057 0.001 0.016 0.011 0.025 0.048 0.816 
 508 Y _   0.025 0.056 0.001 0.014 0.010 0.024 0.048 0.822 
 509 V _   0.024 0.055 0.001 0.013 0.009 0.022 0.048 0.827 
 510 A _   0.023 0.055 0.001 0.012 0.008 0.021 0.048 0.832 
 511 E _   0.021 0.056 0.001 0.012 0.008 0.020 0.048 0.834 
 512 E _   0.020 0.057 0.001 0.013 0.008 0.020 0.048 0.834 
 513 A _   0.019 0.060 0.001 0.014 0.008 0.019 0.047 0.833 
 514 G _   0.017 0.062 0.001 0.015 0.008 0.018 0.047 0.832 
 515 C _   0.016 0.065 0.001 0.016 0.008 0.017 0.047 0.830 
 516 P _   0.015 0.067 0.001 0.017 0.008 0.017 0.047 0.828 
 517 L _   0.014 0.069 0.001 0.018 0.008 0.016 0.047 0.826 
 518 S _   0.013 0.070 0.001 0.018 0.008 0.015 0.048 0.827 
 519 C _   0.012 0.071 0.001 0.018 0.007 0.014 0.048 0.829 
 520 A _   0.011 0.070 0.001 0.018 0.007 0.014 0.048 0.832 
 521 V _   0.011 0.069 0.001 0.016 0.006 0.013 0.049 0.836 
 522 S _   0.010 0.067 0.001 0.015 0.005 0.012 0.049 0.841 
 523 K _   0.010 0.066 0.001 0.013 0.005 0.011 0.050 0.845 
 524 R _   0.009 0.064 0.001 0.012 0.004 0.010 0.050 0.849 
 525 R _   0.009 0.063 0.000 0.011 0.004 0.010 0.051 0.852 
 526 L _   0.008 0.063 0.000 0.011 0.004 0.010 0.051 0.853 
 527 E _   0.008 0.063 0.000 0.011 0.004 0.009 0.052 0.852 
 528 C _   0.008 0.063 0.000 0.012 0.004 0.009 0.052 0.851 
 529 E _   0.008 0.064 0.000 0.012 0.004 0.009 0.053 0.850 
 530 E _   0.008 0.065 0.000 0.013 0.004 0.009 0.053 0.848 
 531 C _   0.007 0.066 0.000 0.013 0.004 0.009 0.053 0.848 
 532 G _   0.007 0.067 0.000 0.012 0.004 0.008 0.054 0.847 
 533 G _   0.007 0.067 0.000 0.012 0.004 0.008 0.054 0.847 
 534 L _   0.007 0.068 0.000 0.012 0.003 0.008 0.055 0.847 
 535 G _   0.006 0.068 0.000 0.011 0.003 0.008 0.055 0.847 
 536 S _   0.006 0.069 0.000 0.011 0.003 0.008 0.056 0.847 
 537 P _   0.006 0.069 0.000 0.011 0.003 0.008 0.056 0.846 
 538 T _   0.006 0.071 0.000 0.011 0.003 0.008 0.056 0.845 
 539 G _   0.006 0.072 0.000 0.011 0.003 0.008 0.056 0.844 
 540 R _   0.005 0.074 0.000 0.011 0.003 0.008 0.056 0.842 
 541 C _   0.005 0.077 0.000 0.012 0.003 0.008 0.056 0.839 
 542 E _   0.005 0.080 0.000 0.012 0.003 0.007 0.056 0.837 
 543 W _   0.004 0.083 0.000 0.012 0.003 0.007 0.055 0.834 
 544 R _   0.004 0.087 0.000 0.012 0.003 0.007 0.055 0.831 
 545 Q _   0.004 0.092 0.000 0.013 0.003 0.008 0.054 0.826 
 546 G _   0.004 0.097 0.000 0.014 0.003 0.008 0.054 0.820 
 547 D _   0.004 0.104 0.000 0.015 0.004 0.008 0.053 0.811 
 548 G _   0.004 0.111 0.001 0.018 0.004 0.009 0.052 0.801 
 549 K _   0.004 0.120 0.001 0.021 0.005 0.009 0.052 0.789 
 550 G _   0.005 0.128 0.001 0.024 0.005 0.010 0.051 0.776 
 551 I _   0.005 0.135 0.001 0.028 0.006 0.011 0.051 0.764 
 552 T _   0.005 0.140 0.001 0.031 0.006 0.011 0.051 0.755 
 553 R _   0.005 0.143 0.001 0.033 0.006 0.011 0.051 0.750 
 554 N _   0.005 0.143 0.001 0.033 0.006 0.011 0.052 0.748 
 555 F _   0.006 0.140 0.001 0.033 0.006 0.011 0.053 0.751 
 556 S _   0.006 0.135 0.001 0.030 0.006 0.010 0.054 0.758 
 557 T _   0.006 0.126 0.001 0.027 0.005 0.010 0.056 0.769 
 558 C _   0.006 0.115 0.001 0.023 0.005 0.009 0.058 0.784 
 559 S _   0.006 0.102 0.001 0.019 0.004 0.008 0.060 0.800 
 560 P _   0.006 0.090 0.000 0.015 0.003 0.008 0.062 0.816 
 561 S _   0.005 0.078 0.000 0.011 0.003 0.007 0.064 0.831 
 562 T _   0.005 0.070 0.000 0.009 0.002 0.006 0.065 0.843 
 563 K _   0.004 0.064 0.000 0.007 0.002 0.006 0.066 0.851 
 564 T _   0.004 0.061 0.000 0.005 0.002 0.006 0.066 0.856 
 565 C _   0.004 0.060 0.000 0.005 0.002 0.006 0.065 0.857 
 566 P _   0.004 0.062 0.000 0.006 0.002 0.007 0.065 0.855 
 567 D _   0.004 0.068 0.000 0.007 0.002 0.008 0.063 0.847 
 568 G _   0.005 0.079 0.000 0.010 0.003 0.010 0.061 0.832 
 569 H _   0.006 0.097 0.001 0.014 0.005 0.011 0.059 0.807 
 570 C _   0.006 0.125 0.001 0.019 0.006 0.013 0.056 0.773 
 571 D _   0.007 0.158 0.001 0.024 0.008 0.014 0.053 0.735 
 572 V _   0.007 0.191 0.001 0.028 0.009 0.015 0.050 0.700 
 573 V _   0.007 0.218 0.001 0.031 0.009 0.015 0.048 0.671 
 574 E _   0.006 0.238 0.001 0.032 0.009 0.015 0.046 0.652 
 575 T _   0.006 0.252 0.001 0.031 0.009 0.015 0.045 0.642 
 576 Q _   0.006 0.260 0.001 0.029 0.008 0.015 0.044 0.638 
 577 D _   0.006 0.265 0.001 0.026 0.007 0.014 0.043 0.637 
 578 I _   0.006 0.268 0.001 0.023 0.007 0.014 0.043 0.638 
 579 N _   0.007 0.270 0.001 0.020 0.007 0.014 0.042 0.639 
 580 I _   0.007 0.272 0.001 0.019 0.006 0.014 0.042 0.639 
 581 C _   0.007 0.275 0.001 0.018 0.006 0.014 0.042 0.636 
 582 P _   0.008 0.278 0.001 0.019 0.007 0.015 0.042 0.631 
 583 Q _   0.008 0.283 0.001 0.022 0.008 0.015 0.041 0.622 
 584 D _   0.008 0.287 0.001 0.025 0.008 0.015 0.041 0.613 
 585 C _   0.009 0.291 0.001 0.029 0.009 0.015 0.041 0.605 
 586 L _   0.009 0.293 0.001 0.033 0.010 0.015 0.042 0.598 
 587 R _   0.009 0.291 0.001 0.036 0.010 0.015 0.042 0.595 
 588 G _   0.009 0.285 0.001 0.038 0.010 0.014 0.043 0.599 
 589 S _   0.009 0.274 0.001 0.037 0.009 0.013 0.045 0.611 
 590 I _   0.009 0.254 0.001 0.035 0.009 0.012 0.047 0.633 
 591 V _   0.009 0.223 0.001 0.030 0.008 0.011 0.050 0.668 
 592 G _   0.009 0.182 0.001 0.024 0.006 0.010 0.053 0.715 
 593 G _   0.009 0.136 0.001 0.018 0.005 0.009 0.056 0.767 
 594 H _   0.008 0.097 0.001 0.012 0.004 0.008 0.058 0.813 
 595 E _   0.007 0.070 0.000 0.007 0.002 0.007 0.060 0.847 
 596 P _   0.005 0.056 0.000 0.005 0.002 0.006 0.061 0.866 
 597 G _   0.005 0.050 0.000 0.004 0.001 0.006 0.061 0.874 
 598 E _   0.004 0.048 0.000 0.004 0.001 0.006 0.060 0.876 
 599 P _   0.005 0.049 0.000 0.005 0.002 0.007 0.059 0.872 
 600 R _   0.005 0.055 0.000 0.008 0.003 0.009 0.058 0.862 
 601 G _   0.006 0.065 0.000 0.014 0.004 0.011 0.056 0.844 
 602 I _   0.006 0.080 0.001 0.021 0.005 0.012 0.053 0.821 
 603 K _   0.006 0.097 0.001 0.029 0.007 0.013 0.051 0.797 
 604 A _   0.006 0.110 0.001 0.035 0.007 0.014 0.049 0.778 
 605 G _   0.006 0.118 0.001 0.040 0.008 0.014 0.047 0.767 
 606 Y _   0.006 0.122 0.001 0.041 0.008 0.013 0.045 0.764 
 607 G _   0.005 0.122 0.001 0.039 0.008 0.013 0.045 0.767 
 608 T _   0.005 0.119 0.001 0.036 0.007 0.012 0.044 0.776 
 609 C _   0.005 0.113 0.001 0.031 0.006 0.011 0.044 0.788 
 610 N _   0.005 0.105 0.001 0.027 0.005 0.011 0.044 0.802 
 611 C _   0.005 0.095 0.001 0.022 0.005 0.010 0.045 0.817 
 612 F _   0.005 0.086 0.001 0.019 0.004 0.010 0.045 0.830 
 613 P _   0.006 0.077 0.000 0.017 0.004 0.009 0.046 0.841 
 614 E _   0.006 0.070 0.000 0.016 0.004 0.009 0.046 0.850 
 615 E _   0.006 0.063 0.000 0.015 0.004 0.009 0.046 0.856 
 616 E _   0.006 0.057 0.000 0.015 0.004 0.009 0.046 0.862 
 617 K _   0.006 0.051 0.000 0.016 0.004 0.009 0.047 0.868 
 618 C _   0.006 0.045 0.000 0.016 0.004 0.009 0.047 0.874 
 619 F _   0.006 0.038 0.000 0.015 0.004 0.008 0.047 0.881 
 620 C _   0.006 0.031 0.000 0.014 0.003 0.008 0.047 0.890 
 621 E _   0.006 0.023 0.000 0.012 0.003 0.007 0.047 0.901 
 622 P _   0.006 0.016 0.000 0.009 0.003 0.006 0.047 0.913 
 623 E _   0.006 0.010 0.000 0.007 0.002 0.005 0.046 0.923 
 624 D _   0.006 0.005 0.000 0.005 0.002 0.005 0.046 0.932 
 625 I _   0.007 0.002 0.000 0.003 0.001 0.004 0.044 0.938 
 626 Q _   0.010 0.001 0.000 0.002 0.001 0.004 0.043 0.940 
 627 D _   0.015 0.000 0.000 0.002 0.001 0.004 0.040 0.938 
 628 P _   0.028 0.000 0.000 0.001 0.002 0.004 0.038 0.927 
 629 L _   0.053 0.000 0.000 0.001 0.002 0.005 0.034 0.905 
 630 C _   0.096 0.000 0.000 0.001 0.003 0.006 0.030 0.864 
 631 D _   0.163 0.000 0.000 0.001 0.004 0.007 0.025 0.800 
 632 E _   0.250 0.000 0.001 0.001 0.005 0.007 0.021 0.716 
 633 L _   0.356 0.000 0.001 0.001 0.005 0.007 0.017 0.613 
 634 C _   0.469 0.000 0.001 0.001 0.006 0.007 0.013 0.503 
 635 R H   0.581 0.000 0.001 0.000 0.006 0.007 0.010 0.395 
 636 T H   0.683 0.000 0.001 0.000 0.006 0.006 0.008 0.296 
 637 V H   0.770 0.000 0.001 0.000 0.006 0.005 0.006 0.212 
 638 I H   0.836 0.000 0.001 0.000 0.006 0.004 0.005 0.148 
 639 A H   0.883 0.000 0.001 0.000 0.005 0.003 0.004 0.104 
 640 A H   0.915 0.000 0.001 0.000 0.005 0.003 0.003 0.073 
 641 A H   0.937 0.000 0.001 0.000 0.005 0.002 0.003 0.053 
 642 V H   0.952 0.000 0.001 0.000 0.004 0.002 0.002 0.039 
 643 L H   0.961 0.000 0.001 0.000 0.004 0.002 0.002 0.031 
 644 F H   0.967 0.000 0.000 0.000 0.004 0.001 0.002 0.026 
 645 S H   0.970 0.000 0.000 0.000 0.004 0.001 0.002 0.023 
 646 F H   0.971 0.000 0.001 0.000 0.004 0.001 0.001 0.021 
 647 I H   0.971 0.000 0.001 0.000 0.004 0.002 0.001 0.021 
 648 V H   0.969 0.000 0.001 0.000 0.005 0.002 0.001 0.023 
 649 S H   0.965 0.000 0.001 0.000 0.005 0.002 0.001 0.026 
 650 V H   0.959 0.000 0.001 0.000 0.006 0.002 0.001 0.031 
 651 L H   0.950 0.000 0.001 0.000 0.007 0.002 0.001 0.039 
 652 L H   0.937 0.000 0.001 0.000 0.008 0.003 0.001 0.051 
 653 S H   0.917 0.000 0.001 0.000 0.009 0.003 0.001 0.069 
 654 A H   0.889 0.000 0.001 0.000 0.010 0.004 0.002 0.094 
 655 F H   0.852 0.000 0.001 0.000 0.011 0.004 0.002 0.129 
 656 C H   0.801 0.000 0.001 0.001 0.012 0.005 0.003 0.177 
 657 I H   0.735 0.000 0.001 0.001 0.013 0.006 0.004 0.240 
 658 H H   0.652 0.000 0.001 0.001 0.012 0.007 0.006 0.320 
 659 C H   0.557 0.000 0.001 0.001 0.011 0.008 0.009 0.413 
 660 Y _   0.453 0.000 0.001 0.001 0.010 0.008 0.012 0.514 
 661 H _   0.348 0.000 0.001 0.002 0.008 0.008 0.016 0.616 
 662 K _   0.252 0.000 0.001 0.002 0.006 0.008 0.021 0.711 
 663 F _   0.173 0.000 0.001 0.002 0.005 0.008 0.024 0.788 
