#TopoPred_TM8: 8-state transmembrane topology prediction results by no_profile mode 
#probabilities are in the order of H E C I L F X _, the 8 transmembrane topology types used in PDBTM 
   1 M _   0.024 0.002 0.003 0.064 0.013 0.014 0.426 0.454 
   2 A _   0.008 0.000 0.000 0.031 0.002 0.006 0.435 0.518 
   3 P _   0.002 0.000 0.000 0.011 0.001 0.003 0.432 0.551 
   4 A _   0.003 0.000 0.000 0.006 0.001 0.003 0.421 0.567 
   5 R _   0.010 0.000 0.000 0.004 0.001 0.005 0.403 0.577 
   6 G _   0.035 0.000 0.000 0.004 0.003 0.009 0.373 0.576 
   7 R _   0.089 0.000 0.001 0.004 0.005 0.013 0.334 0.554 
   8 L _   0.180 0.000 0.001 0.004 0.007 0.018 0.280 0.509 
   9 P _   0.301 0.000 0.001 0.003 0.010 0.023 0.219 0.442 
  10 P H   0.429 0.000 0.002 0.003 0.014 0.026 0.159 0.367 
  11 A H   0.550 0.000 0.002 0.003 0.019 0.027 0.108 0.291 
  12 L H   0.656 0.000 0.002 0.002 0.023 0.026 0.070 0.221 
  13 W H   0.743 0.000 0.002 0.002 0.025 0.024 0.044 0.162 
  14 V H   0.805 0.000 0.002 0.001 0.025 0.021 0.028 0.118 
  15 V H   0.849 0.000 0.001 0.001 0.024 0.018 0.019 0.088 
  16 T H   0.876 0.000 0.001 0.001 0.022 0.015 0.014 0.071 
  17 A H   0.892 0.000 0.001 0.001 0.021 0.012 0.011 0.061 
  18 A H   0.899 0.000 0.001 0.001 0.020 0.011 0.009 0.059 
  19 A H   0.899 0.000 0.001 0.001 0.019 0.009 0.008 0.063 
  20 A H   0.888 0.000 0.001 0.001 0.019 0.009 0.007 0.075 
  21 A H   0.867 0.000 0.001 0.001 0.018 0.009 0.007 0.097 
  22 A H   0.833 0.000 0.001 0.001 0.018 0.009 0.007 0.132 
  23 T H   0.785 0.000 0.001 0.001 0.017 0.009 0.008 0.179 
  24 C H   0.721 0.000 0.001 0.001 0.016 0.010 0.009 0.242 
  25 V H   0.645 0.000 0.001 0.001 0.015 0.011 0.010 0.316 
  26 S H   0.561 0.000 0.001 0.002 0.013 0.012 0.012 0.398 
  27 A _   0.474 0.000 0.001 0.002 0.012 0.013 0.014 0.483 
  28 A _   0.386 0.000 0.001 0.003 0.011 0.014 0.017 0.568 
  29 R _   0.304 0.000 0.001 0.004 0.010 0.014 0.020 0.648 
  30 G _   0.232 0.000 0.001 0.004 0.008 0.014 0.023 0.717 
  31 E _   0.171 0.000 0.001 0.005 0.007 0.014 0.025 0.776 
  32 V _   0.124 0.000 0.001 0.005 0.006 0.014 0.027 0.823 
  33 N _   0.089 0.001 0.001 0.005 0.005 0.013 0.029 0.857 
  34 L _   0.064 0.001 0.001 0.006 0.005 0.013 0.030 0.880 
  35 L _   0.047 0.002 0.001 0.006 0.005 0.013 0.031 0.896 
  36 D _   0.035 0.003 0.001 0.006 0.004 0.013 0.032 0.905 
  37 T _   0.027 0.004 0.001 0.007 0.005 0.014 0.033 0.909 
  38 S _   0.022 0.006 0.001 0.009 0.005 0.014 0.034 0.909 
  39 T _   0.019 0.010 0.001 0.011 0.006 0.015 0.034 0.906 
  40 I _   0.017 0.014 0.001 0.013 0.007 0.016 0.035 0.899 
  41 H _   0.016 0.019 0.001 0.016 0.007 0.016 0.035 0.889 
  42 G _   0.015 0.025 0.001 0.020 0.008 0.017 0.035 0.878 
  43 D _   0.015 0.030 0.001 0.023 0.009 0.017 0.036 0.868 
  44 W _   0.015 0.034 0.001 0.026 0.010 0.018 0.037 0.860 
  45 G _   0.015 0.037 0.001 0.027 0.010 0.017 0.038 0.855 
  46 W _   0.014 0.038 0.001 0.028 0.010 0.017 0.039 0.854 
  47 L _   0.013 0.038 0.001 0.026 0.009 0.015 0.040 0.857 
  48 T _   0.012 0.037 0.001 0.024 0.008 0.014 0.042 0.863 
  49 Y _   0.011 0.035 0.001 0.020 0.006 0.012 0.043 0.871 
  50 P _   0.010 0.032 0.001 0.016 0.005 0.011 0.045 0.881 
  51 A _   0.009 0.029 0.001 0.013 0.004 0.010 0.046 0.889 
  52 H _   0.008 0.026 0.000 0.010 0.003 0.008 0.048 0.896 
  53 G _   0.007 0.024 0.000 0.008 0.003 0.008 0.049 0.902 
  54 W _   0.006 0.023 0.000 0.007 0.002 0.007 0.050 0.905 
  55 D _   0.006 0.023 0.000 0.006 0.002 0.007 0.050 0.906 
  56 S _   0.005 0.023 0.000 0.006 0.002 0.007 0.050 0.906 
  57 I _   0.005 0.026 0.000 0.006 0.002 0.007 0.050 0.903 
  58 N _   0.005 0.029 0.000 0.007 0.002 0.008 0.049 0.898 
  59 E _   0.006 0.035 0.000 0.008 0.003 0.009 0.049 0.890 
  60 V _   0.006 0.044 0.000 0.010 0.004 0.010 0.047 0.878 
  61 D _   0.007 0.057 0.001 0.012 0.004 0.012 0.046 0.861 
  62 E _   0.007 0.075 0.001 0.015 0.006 0.014 0.044 0.838 
  63 S _   0.008 0.098 0.001 0.019 0.007 0.016 0.042 0.810 
  64 F _   0.009 0.124 0.001 0.023 0.009 0.017 0.040 0.777 
  65 Q _   0.009 0.151 0.001 0.028 0.010 0.019 0.038 0.744 
  66 P _   0.010 0.178 0.001 0.032 0.012 0.020 0.037 0.711 
  67 I _   0.010 0.201 0.001 0.037 0.013 0.021 0.035 0.681 
  68 H _   0.010 0.219 0.001 0.041 0.014 0.021 0.034 0.659 
  69 T _   0.011 0.231 0.001 0.043 0.014 0.021 0.034 0.645 
  70 Y _   0.011 0.238 0.001 0.045 0.014 0.020 0.034 0.637 
  71 Q _   0.011 0.239 0.001 0.044 0.013 0.019 0.034 0.638 
  72 V _   0.011 0.236 0.001 0.042 0.012 0.018 0.034 0.645 
  73 C _   0.011 0.228 0.001 0.037 0.011 0.017 0.035 0.660 
  74 N _   0.010 0.214 0.001 0.031 0.009 0.015 0.036 0.682 
  75 V _   0.010 0.196 0.001 0.025 0.008 0.013 0.037 0.709 
  76 M _   0.010 0.175 0.001 0.019 0.006 0.012 0.039 0.738 
  77 S _   0.009 0.154 0.001 0.014 0.005 0.011 0.040 0.766 
  78 P _   0.008 0.138 0.001 0.011 0.004 0.010 0.041 0.788 
  79 N _   0.008 0.126 0.000 0.008 0.003 0.009 0.041 0.803 
  80 Q _   0.007 0.120 0.000 0.007 0.003 0.009 0.042 0.812 
  81 N _   0.007 0.117 0.000 0.007 0.003 0.009 0.042 0.815 
  82 N _   0.007 0.117 0.000 0.008 0.003 0.009 0.042 0.814 
  83 W _   0.007 0.119 0.000 0.010 0.003 0.009 0.041 0.810 
  84 L _   0.007 0.123 0.000 0.011 0.004 0.010 0.041 0.804 
  85 R _   0.007 0.127 0.001 0.013 0.004 0.010 0.041 0.798 
  86 T _   0.007 0.131 0.001 0.014 0.004 0.010 0.040 0.794 
  87 S _   0.006 0.135 0.001 0.014 0.004 0.010 0.039 0.791 
  88 W _   0.006 0.138 0.001 0.013 0.004 0.010 0.039 0.790 
  89 V _   0.006 0.141 0.000 0.012 0.004 0.010 0.038 0.789 
  90 P _   0.006 0.144 0.000 0.011 0.004 0.010 0.037 0.787 
  91 R _   0.006 0.148 0.000 0.010 0.004 0.011 0.037 0.783 
  92 D _   0.007 0.155 0.001 0.010 0.004 0.012 0.036 0.775 
  93 G _   0.008 0.166 0.001 0.012 0.005 0.014 0.034 0.760 
  94 A _   0.009 0.183 0.001 0.014 0.007 0.016 0.033 0.737 
  95 R _   0.010 0.210 0.001 0.018 0.009 0.018 0.031 0.703 
  96 R _   0.011 0.244 0.001 0.023 0.011 0.019 0.030 0.660 
  97 V _   0.011 0.282 0.001 0.029 0.013 0.019 0.028 0.617 
  98 Y _   0.011 0.314 0.001 0.033 0.013 0.019 0.026 0.581 
  99 A _   0.011 0.339 0.001 0.037 0.013 0.019 0.025 0.555 
 100 E _   0.010 0.353 0.001 0.038 0.013 0.018 0.025 0.542 
 101 I _   0.010 0.360 0.001 0.037 0.012 0.017 0.024 0.539 
 102 K _   0.010 0.360 0.001 0.034 0.010 0.016 0.024 0.545 
 103 F _   0.009 0.355 0.001 0.029 0.009 0.014 0.025 0.559 
 104 T _   0.009 0.344 0.001 0.023 0.007 0.013 0.025 0.579 
 105 L _   0.008 0.330 0.001 0.017 0.006 0.012 0.025 0.601 
 106 R _   0.007 0.316 0.001 0.013 0.005 0.012 0.026 0.622 
 107 D _   0.007 0.306 0.000 0.009 0.004 0.011 0.026 0.636 
 108 C _   0.007 0.300 0.000 0.008 0.004 0.011 0.026 0.644 
 109 N _   0.007 0.300 0.000 0.008 0.004 0.012 0.026 0.643 
 110 S _   0.008 0.305 0.000 0.009 0.004 0.013 0.026 0.635 
 111 M _   0.009 0.317 0.001 0.011 0.006 0.014 0.025 0.617 
 112 P _   0.010 0.334 0.001 0.015 0.007 0.015 0.025 0.593 
 113 G _   0.010 0.356 0.001 0.019 0.008 0.016 0.024 0.565 
 114 V _   0.010 0.378 0.001 0.024 0.010 0.017 0.023 0.538 
 115 L _   0.010 0.394 0.001 0.027 0.010 0.017 0.023 0.518 
 116 G _   0.010 0.405 0.001 0.029 0.011 0.017 0.022 0.505 
 117 T _   0.010 0.410 0.001 0.031 0.011 0.017 0.022 0.499 
 118 C _   0.009 0.411 0.001 0.031 0.011 0.016 0.022 0.498 
 119 K _   0.009 0.407 0.001 0.032 0.011 0.016 0.023 0.501 
 120 E _   0.010 0.399 0.001 0.031 0.010 0.015 0.024 0.510 
 121 T _   0.010 0.386 0.001 0.030 0.010 0.015 0.025 0.523 
 122 F _   0.010 0.367 0.001 0.030 0.010 0.014 0.026 0.542 
 123 N _   0.010 0.342 0.001 0.029 0.009 0.014 0.028 0.566 
 124 L _   0.010 0.309 0.001 0.028 0.009 0.013 0.030 0.600 
 125 Y _   0.010 0.269 0.001 0.025 0.008 0.013 0.032 0.641 
 126 Y _   0.010 0.224 0.001 0.022 0.007 0.012 0.035 0.688 
 127 L _   0.010 0.178 0.001 0.019 0.006 0.011 0.038 0.737 
 128 E _   0.010 0.136 0.001 0.015 0.005 0.010 0.040 0.784 
 129 S _   0.009 0.103 0.001 0.011 0.004 0.009 0.042 0.821 
 130 D _   0.008 0.081 0.000 0.008 0.003 0.009 0.044 0.847 
 131 R _   0.007 0.068 0.000 0.007 0.002 0.008 0.044 0.863 
 132 D _   0.006 0.061 0.000 0.006 0.002 0.008 0.045 0.872 
 133 L _   0.006 0.057 0.000 0.006 0.002 0.008 0.045 0.876 
 134 G _   0.006 0.056 0.000 0.006 0.002 0.009 0.045 0.876 
 135 A _   0.006 0.058 0.000 0.007 0.003 0.009 0.044 0.873 
 136 S _   0.006 0.061 0.000 0.009 0.003 0.010 0.043 0.867 
 137 T _   0.007 0.065 0.000 0.011 0.004 0.011 0.041 0.859 
 138 Q _   0.007 0.072 0.001 0.014 0.005 0.012 0.040 0.850 
 139 E _   0.007 0.079 0.001 0.017 0.006 0.013 0.038 0.839 
 140 S _   0.007 0.085 0.001 0.020 0.006 0.014 0.037 0.829 
 141 Q _   0.008 0.092 0.001 0.022 0.007 0.015 0.036 0.821 
 142 F _   0.008 0.097 0.001 0.024 0.008 0.015 0.034 0.813 
 143 L _   0.008 0.101 0.001 0.026 0.008 0.015 0.033 0.807 
 144 K _   0.009 0.103 0.001 0.027 0.008 0.015 0.033 0.805 
 145 I _   0.009 0.103 0.001 0.027 0.008 0.015 0.032 0.805 
 146 D _   0.009 0.102 0.001 0.026 0.008 0.014 0.032 0.809 
 147 T _   0.009 0.099 0.001 0.024 0.007 0.014 0.031 0.815 
 148 I _   0.009 0.094 0.001 0.021 0.007 0.013 0.031 0.824 
 149 A _   0.009 0.088 0.001 0.018 0.006 0.013 0.031 0.834 
 150 A _   0.009 0.081 0.001 0.015 0.005 0.012 0.031 0.846 
 151 D _   0.009 0.074 0.001 0.013 0.005 0.011 0.031 0.856 
 152 E _   0.009 0.068 0.001 0.011 0.004 0.011 0.031 0.866 
 153 S _   0.009 0.064 0.000 0.009 0.004 0.011 0.031 0.872 
 154 F _   0.009 0.061 0.000 0.009 0.004 0.011 0.030 0.876 
 155 T _   0.009 0.059 0.000 0.010 0.004 0.011 0.030 0.877 
 156 G _   0.009 0.059 0.001 0.011 0.005 0.012 0.029 0.874 
 157 A _   0.009 0.060 0.001 0.013 0.005 0.013 0.029 0.870 
 158 D _   0.010 0.061 0.001 0.016 0.006 0.014 0.028 0.865 
 159 L _   0.010 0.062 0.001 0.018 0.007 0.014 0.027 0.861 
 160 G _   0.011 0.063 0.001 0.020 0.007 0.015 0.027 0.857 
 161 V _   0.011 0.062 0.001 0.022 0.008 0.015 0.026 0.856 
 162 R _   0.011 0.060 0.001 0.022 0.008 0.015 0.026 0.858 
 163 R _   0.011 0.056 0.001 0.021 0.008 0.014 0.026 0.864 
 164 L _   0.011 0.051 0.001 0.020 0.007 0.014 0.025 0.871 
 165 K _   0.011 0.045 0.001 0.018 0.007 0.013 0.025 0.881 
 166 L _   0.010 0.039 0.001 0.016 0.006 0.013 0.025 0.891 
 167 N _   0.010 0.032 0.001 0.014 0.006 0.012 0.025 0.900 
 168 T _   0.010 0.026 0.001 0.012 0.005 0.012 0.026 0.909 
 169 E _   0.010 0.021 0.001 0.011 0.005 0.011 0.026 0.915 
 170 V _   0.011 0.016 0.001 0.010 0.004 0.011 0.026 0.921 
 171 R _   0.011 0.012 0.001 0.010 0.004 0.011 0.025 0.926 
 172 S _   0.012 0.009 0.000 0.009 0.004 0.011 0.025 0.930 
 173 V _   0.013 0.006 0.000 0.008 0.004 0.011 0.025 0.934 
 174 G _   0.015 0.004 0.000 0.007 0.004 0.011 0.024 0.935 
 175 P _   0.019 0.003 0.000 0.006 0.004 0.012 0.024 0.934 
 176 L _   0.025 0.001 0.000 0.005 0.004 0.012 0.023 0.929 
 177 S _   0.035 0.001 0.000 0.004 0.004 0.014 0.021 0.920 
 178 K _   0.052 0.000 0.001 0.004 0.005 0.016 0.020 0.902 
 179 R _   0.077 0.000 0.001 0.004 0.006 0.018 0.019 0.876 
 180 G _   0.113 0.000 0.001 0.004 0.008 0.020 0.017 0.837 
 181 F _   0.161 0.000 0.001 0.004 0.009 0.023 0.015 0.787 
 182 Y _   0.221 0.000 0.001 0.003 0.012 0.024 0.013 0.726 
 183 L _   0.291 0.000 0.001 0.003 0.014 0.026 0.011 0.654 
 184 A _   0.366 0.000 0.001 0.003 0.016 0.027 0.009 0.578 
 185 F _   0.444 0.000 0.001 0.002 0.018 0.027 0.007 0.501 
 186 Q H   0.519 0.000 0.001 0.002 0.020 0.027 0.006 0.426 
 187 D H   0.588 0.000 0.001 0.002 0.023 0.026 0.005 0.356 
 188 I H   0.650 0.000 0.001 0.001 0.025 0.025 0.004 0.294 
 189 G H   0.699 0.000 0.001 0.001 0.027 0.023 0.003 0.245 
 190 A H   0.732 0.000 0.001 0.001 0.028 0.021 0.003 0.213 
 191 C H   0.752 0.000 0.001 0.001 0.028 0.020 0.003 0.194 
 192 L H   0.758 0.000 0.001 0.002 0.028 0.019 0.003 0.188 
 193 A H   0.751 0.000 0.002 0.002 0.028 0.018 0.004 0.196 
 194 I H   0.729 0.000 0.002 0.002 0.027 0.017 0.004 0.218 
 195 L H   0.688 0.000 0.002 0.003 0.026 0.017 0.005 0.261 
 196 S H   0.629 0.000 0.002 0.003 0.023 0.016 0.006 0.321 
 197 L H   0.554 0.000 0.002 0.003 0.019 0.016 0.008 0.399 
 198 R _   0.467 0.000 0.001 0.002 0.014 0.016 0.010 0.489 
 199 I _   0.381 0.000 0.001 0.002 0.011 0.015 0.011 0.579 
 200 Y _   0.301 0.000 0.001 0.002 0.008 0.015 0.013 0.660 
 201 Y _   0.237 0.000 0.001 0.002 0.006 0.015 0.015 0.725 
 202 K _   0.191 0.000 0.001 0.001 0.005 0.016 0.016 0.770 
 203 K _   0.160 0.000 0.001 0.002 0.005 0.018 0.018 0.798 
 204 C _   0.141 0.000 0.001 0.002 0.005 0.020 0.019 0.812 
 205 P _   0.131 0.000 0.001 0.003 0.007 0.024 0.020 0.815 
 206 A _   0.126 0.001 0.001 0.004 0.009 0.028 0.021 0.811 
 207 M _   0.124 0.002 0.001 0.006 0.013 0.033 0.022 0.799 
 208 V _   0.124 0.006 0.001 0.010 0.018 0.038 0.023 0.780 
 209 R _   0.123 0.012 0.002 0.015 0.024 0.042 0.023 0.759 
 210 N _   0.121 0.018 0.002 0.020 0.029 0.045 0.024 0.740 
 211 L _   0.118 0.025 0.002 0.026 0.033 0.047 0.026 0.724 
 212 A _   0.112 0.030 0.002 0.031 0.035 0.047 0.027 0.716 
 213 A _   0.105 0.033 0.002 0.035 0.035 0.046 0.029 0.715 
 214 F _   0.096 0.035 0.002 0.036 0.033 0.043 0.031 0.725 
 215 S _   0.085 0.034 0.002 0.035 0.028 0.039 0.033 0.744 
 216 E _   0.073 0.032 0.002 0.031 0.023 0.035 0.036 0.770 
 217 A _   0.061 0.027 0.001 0.025 0.017 0.030 0.039 0.800 
 218 V _   0.050 0.022 0.001 0.018 0.012 0.025 0.041 0.829 
 219 T _   0.040 0.017 0.001 0.013 0.008 0.021 0.044 0.857 
 220 G _   0.032 0.012 0.001 0.008 0.006 0.018 0.045 0.878 
 221 A _   0.025 0.010 0.000 0.006 0.004 0.016 0.047 0.892 
 222 D _   0.021 0.009 0.000 0.004 0.003 0.015 0.048 0.899 
 223 S _   0.018 0.009 0.000 0.005 0.003 0.015 0.049 0.900 
 224 S _   0.017 0.011 0.000 0.006 0.004 0.016 0.049 0.896 
 225 S _   0.017 0.016 0.001 0.009 0.006 0.017 0.050 0.885 
 226 L _   0.017 0.024 0.001 0.015 0.008 0.019 0.050 0.865 
 227 V _   0.018 0.036 0.001 0.023 0.010 0.021 0.050 0.840 
 228 E _   0.018 0.049 0.001 0.032 0.012 0.022 0.051 0.816 
 229 V _   0.018 0.059 0.001 0.040 0.013 0.022 0.052 0.797 
 230 R _   0.017 0.064 0.001 0.045 0.013 0.021 0.053 0.786 
 231 G _   0.016 0.066 0.001 0.046 0.013 0.020 0.054 0.784 
 232 Q _   0.015 0.065 0.001 0.043 0.012 0.018 0.056 0.790 
 233 C _   0.013 0.060 0.001 0.037 0.010 0.016 0.059 0.804 
 234 V _   0.012 0.052 0.001 0.030 0.008 0.014 0.062 0.823 
 235 R _   0.010 0.041 0.001 0.022 0.006 0.012 0.065 0.844 
 236 H _   0.009 0.030 0.001 0.015 0.004 0.010 0.068 0.864 
 237 S _   0.008 0.021 0.000 0.010 0.003 0.008 0.070 0.881 
 238 E _   0.007 0.014 0.000 0.006 0.002 0.007 0.072 0.892 
 239 E _   0.005 0.011 0.000 0.004 0.002 0.006 0.073 0.899 
 240 R _   0.005 0.009 0.000 0.004 0.001 0.005 0.073 0.902 
 241 D _   0.005 0.009 0.000 0.003 0.001 0.006 0.073 0.902 
 242 T _   0.005 0.010 0.000 0.004 0.002 0.006 0.073 0.900 
 243 P _   0.005 0.013 0.000 0.005 0.002 0.008 0.072 0.895 
 244 K _   0.006 0.018 0.000 0.008 0.003 0.010 0.070 0.885 
 245 M _   0.007 0.027 0.001 0.011 0.004 0.012 0.068 0.870 
 246 Y _   0.008 0.041 0.001 0.015 0.006 0.014 0.066 0.849 
 247 C _   0.008 0.057 0.001 0.020 0.008 0.017 0.063 0.826 
 248 S _   0.009 0.075 0.001 0.024 0.009 0.019 0.061 0.802 
 249 A _   0.010 0.092 0.001 0.028 0.011 0.021 0.058 0.779 
 250 E _   0.011 0.105 0.001 0.031 0.013 0.023 0.056 0.760 
 251 G _   0.012 0.116 0.001 0.032 0.014 0.024 0.054 0.746 
 252 E _   0.014 0.124 0.001 0.032 0.014 0.025 0.053 0.736 
 253 W _   0.015 0.129 0.001 0.031 0.015 0.026 0.052 0.731 
 254 L _   0.016 0.132 0.001 0.030 0.015 0.026 0.051 0.728 
 255 V _   0.017 0.134 0.001 0.028 0.015 0.026 0.051 0.728 
 256 P _   0.018 0.134 0.001 0.027 0.014 0.026 0.051 0.729 
 257 I _   0.018 0.133 0.001 0.025 0.014 0.025 0.051 0.733 
 258 G _   0.018 0.132 0.001 0.024 0.013 0.025 0.051 0.737 
 259 K _   0.018 0.129 0.001 0.023 0.012 0.024 0.051 0.742 
 260 C _   0.018 0.126 0.001 0.021 0.011 0.023 0.052 0.748 
 261 V _   0.017 0.122 0.001 0.020 0.010 0.022 0.052 0.755 
 262 C _   0.017 0.117 0.001 0.019 0.009 0.021 0.053 0.764 
 263 S _   0.016 0.111 0.001 0.016 0.008 0.020 0.054 0.774 
 264 A _   0.015 0.106 0.001 0.014 0.007 0.019 0.054 0.784 
 265 G _   0.014 0.101 0.001 0.011 0.006 0.019 0.055 0.793 
 266 Y _   0.014 0.098 0.001 0.009 0.005 0.019 0.055 0.800 
 267 E _   0.014 0.096 0.001 0.008 0.005 0.019 0.055 0.802 
 268 E _   0.015 0.097 0.001 0.008 0.006 0.021 0.055 0.799 
 269 R _   0.016 0.102 0.001 0.009 0.007 0.023 0.055 0.789 
 270 R _   0.018 0.112 0.001 0.012 0.010 0.025 0.054 0.768 
 271 D _   0.020 0.133 0.001 0.017 0.013 0.028 0.053 0.734 
 272 A _   0.021 0.165 0.002 0.026 0.018 0.030 0.052 0.687 
 273 C _   0.022 0.203 0.002 0.036 0.021 0.031 0.051 0.634 
 274 V _   0.022 0.237 0.002 0.048 0.023 0.031 0.050 0.587 
 275 A _   0.022 0.259 0.002 0.056 0.023 0.030 0.050 0.557 
 276 C _   0.021 0.270 0.002 0.061 0.022 0.029 0.051 0.543 
 277 E _   0.020 0.273 0.002 0.062 0.021 0.027 0.052 0.544 
 278 L _   0.019 0.267 0.002 0.059 0.019 0.024 0.054 0.557 
 279 G _   0.017 0.252 0.002 0.051 0.016 0.021 0.057 0.584 
 280 F _   0.016 0.225 0.001 0.041 0.013 0.019 0.061 0.625 
 281 Y _   0.015 0.186 0.001 0.030 0.010 0.016 0.065 0.676 
 282 K _   0.013 0.146 0.001 0.021 0.008 0.014 0.069 0.728 
 283 S _   0.012 0.112 0.001 0.015 0.006 0.012 0.073 0.770 
 284 A _   0.010 0.090 0.001 0.011 0.004 0.011 0.076 0.798 
 285 P _   0.009 0.077 0.000 0.008 0.003 0.010 0.078 0.814 
 286 G _   0.008 0.071 0.000 0.008 0.003 0.009 0.079 0.822 
 287 D _   0.007 0.067 0.000 0.008 0.003 0.009 0.081 0.825 
 288 Q _   0.007 0.066 0.000 0.009 0.003 0.009 0.082 0.824 
 289 L _   0.007 0.066 0.000 0.010 0.003 0.008 0.082 0.823 
 290 C _   0.006 0.066 0.000 0.011 0.003 0.008 0.083 0.823 
 291 A _   0.006 0.066 0.000 0.011 0.003 0.008 0.083 0.823 
 292 R _   0.005 0.066 0.000 0.010 0.003 0.008 0.082 0.825 
 293 C _   0.005 0.067 0.000 0.009 0.002 0.007 0.082 0.827 
 294 P _   0.005 0.068 0.000 0.008 0.002 0.007 0.081 0.828 
 295 P _   0.004 0.071 0.000 0.007 0.002 0.008 0.080 0.827 
 296 H _   0.005 0.076 0.000 0.008 0.003 0.009 0.079 0.821 
 297 S _   0.005 0.085 0.000 0.009 0.003 0.011 0.077 0.809 
 298 H _   0.006 0.102 0.001 0.012 0.005 0.013 0.074 0.787 
 299 S _   0.008 0.132 0.001 0.017 0.007 0.015 0.071 0.748 
 300 A _   0.009 0.179 0.001 0.024 0.010 0.018 0.067 0.692 
 301 A _   0.009 0.237 0.001 0.031 0.012 0.019 0.063 0.627 
 302 P _   0.009 0.294 0.001 0.037 0.013 0.020 0.059 0.566 
 303 A _   0.009 0.339 0.001 0.040 0.013 0.020 0.057 0.521 
 304 A _   0.009 0.368 0.001 0.042 0.013 0.019 0.055 0.494 
 305 Q _   0.009 0.385 0.001 0.042 0.012 0.019 0.054 0.479 
 306 A _   0.008 0.394 0.001 0.040 0.012 0.018 0.053 0.473 
 307 C _   0.008 0.398 0.001 0.039 0.012 0.018 0.053 0.472 
 308 H _   0.009 0.396 0.001 0.036 0.011 0.017 0.053 0.477 
 309 C _   0.009 0.391 0.001 0.034 0.010 0.016 0.054 0.485 
 310 D _   0.009 0.382 0.001 0.032 0.010 0.016 0.055 0.495 
 311 L _   0.010 0.370 0.001 0.031 0.009 0.015 0.056 0.508 
 312 S _   0.010 0.355 0.001 0.030 0.009 0.015 0.058 0.523 
 313 Y _   0.010 0.335 0.001 0.029 0.009 0.014 0.060 0.542 
 314 Y _   0.010 0.311 0.001 0.028 0.008 0.014 0.062 0.566 
 315 R _   0.010 0.282 0.001 0.026 0.008 0.013 0.065 0.594 
 316 A _   0.010 0.248 0.001 0.024 0.007 0.012 0.069 0.628 
 317 A _   0.010 0.210 0.001 0.021 0.006 0.012 0.072 0.667 
 318 L _   0.010 0.173 0.001 0.018 0.006 0.011 0.075 0.707 
 319 D _   0.009 0.139 0.001 0.014 0.005 0.010 0.078 0.744 
 320 P _   0.008 0.113 0.001 0.011 0.004 0.009 0.081 0.773 
 321 P _   0.007 0.095 0.000 0.009 0.003 0.008 0.083 0.794 
 322 S _   0.006 0.083 0.000 0.008 0.002 0.008 0.084 0.809 
 323 S _   0.006 0.075 0.000 0.007 0.002 0.007 0.085 0.818 
 324 A _   0.005 0.071 0.000 0.006 0.002 0.007 0.085 0.824 
 325 C _   0.005 0.069 0.000 0.006 0.002 0.007 0.084 0.826 
 326 T _   0.005 0.070 0.000 0.006 0.002 0.008 0.084 0.826 
 327 R _   0.005 0.072 0.000 0.007 0.002 0.008 0.082 0.822 
 328 P _   0.005 0.078 0.000 0.008 0.003 0.009 0.081 0.815 
 329 P _   0.005 0.087 0.000 0.011 0.004 0.011 0.079 0.804 
 330 S _   0.006 0.099 0.001 0.013 0.005 0.012 0.076 0.787 
 331 A _   0.007 0.117 0.001 0.016 0.006 0.014 0.073 0.765 
 332 P _   0.008 0.138 0.001 0.020 0.008 0.016 0.071 0.739 
 333 V _   0.008 0.161 0.001 0.023 0.009 0.017 0.068 0.712 
 334 N _   0.009 0.183 0.001 0.026 0.010 0.019 0.065 0.687 
 335 L _   0.009 0.203 0.001 0.028 0.011 0.020 0.063 0.665 
 336 I _   0.010 0.218 0.001 0.029 0.012 0.021 0.062 0.648 
 337 S _   0.011 0.230 0.001 0.029 0.012 0.021 0.060 0.635 
 338 S _   0.011 0.240 0.001 0.029 0.012 0.022 0.059 0.625 
 339 V _   0.012 0.247 0.001 0.030 0.013 0.022 0.058 0.616 
 340 N _   0.013 0.253 0.001 0.031 0.013 0.022 0.057 0.609 
 341 G _   0.013 0.257 0.001 0.033 0.013 0.022 0.057 0.602 
 342 T _   0.014 0.260 0.001 0.035 0.014 0.022 0.057 0.597 
 343 S _   0.015 0.260 0.001 0.038 0.013 0.021 0.057 0.595 
 344 V _   0.015 0.256 0.001 0.039 0.013 0.020 0.058 0.598 
 345 T _   0.014 0.248 0.001 0.039 0.012 0.019 0.059 0.607 
 346 L _   0.014 0.235 0.001 0.037 0.011 0.017 0.060 0.624 
 347 E _   0.013 0.214 0.001 0.034 0.010 0.016 0.062 0.650 
 348 W _   0.012 0.186 0.001 0.028 0.008 0.014 0.064 0.686 
 349 A _   0.011 0.152 0.001 0.022 0.007 0.012 0.067 0.729 
 350 P _   0.010 0.117 0.001 0.016 0.005 0.010 0.069 0.772 
 351 P _   0.008 0.090 0.001 0.011 0.004 0.009 0.070 0.807 
 352 L _   0.007 0.071 0.000 0.008 0.003 0.008 0.071 0.833 
 353 D _   0.006 0.060 0.000 0.005 0.002 0.007 0.072 0.849 
 354 P _   0.005 0.055 0.000 0.004 0.002 0.006 0.071 0.857 
 355 G _   0.005 0.054 0.000 0.004 0.002 0.006 0.070 0.859 
 356 G _   0.005 0.055 0.000 0.005 0.002 0.007 0.069 0.857 
 357 R _   0.005 0.060 0.000 0.006 0.002 0.009 0.067 0.850 
 358 S _   0.006 0.071 0.000 0.009 0.003 0.011 0.064 0.835 
 359 D _   0.007 0.089 0.001 0.014 0.005 0.014 0.060 0.811 
 360 I _   0.007 0.117 0.001 0.019 0.007 0.016 0.055 0.777 
 361 T _   0.008 0.150 0.001 0.024 0.009 0.019 0.050 0.739 
 362 Y _   0.008 0.184 0.001 0.029 0.010 0.020 0.045 0.701 
 363 N _   0.008 0.215 0.001 0.034 0.012 0.022 0.041 0.667 
 364 A _   0.009 0.239 0.001 0.037 0.013 0.024 0.037 0.640 
 365 V _   0.009 0.257 0.001 0.038 0.014 0.025 0.034 0.622 
 366 C _   0.010 0.268 0.001 0.038 0.014 0.026 0.031 0.611 
 367 R _   0.011 0.275 0.001 0.038 0.015 0.027 0.029 0.605 
 368 R _   0.012 0.277 0.001 0.036 0.016 0.028 0.028 0.603 
 369 C _   0.013 0.277 0.001 0.033 0.016 0.028 0.026 0.606 
 370 P _   0.014 0.274 0.001 0.031 0.016 0.029 0.025 0.611 
 371 W _   0.016 0.269 0.001 0.029 0.016 0.029 0.024 0.617 
 372 A _   0.017 0.263 0.001 0.027 0.016 0.029 0.023 0.625 
 373 L _   0.018 0.255 0.001 0.026 0.016 0.029 0.022 0.633 
 374 S _   0.020 0.245 0.001 0.026 0.016 0.029 0.021 0.642 
 375 R _   0.021 0.234 0.001 0.026 0.016 0.029 0.020 0.652 
 376 C _   0.023 0.221 0.001 0.026 0.016 0.029 0.020 0.665 
 377 E _   0.024 0.205 0.001 0.026 0.016 0.028 0.019 0.681 
 378 A _   0.025 0.186 0.001 0.025 0.015 0.027 0.019 0.701 
 379 C _   0.027 0.164 0.001 0.024 0.015 0.027 0.018 0.723 
 380 G _   0.029 0.139 0.001 0.023 0.014 0.026 0.018 0.749 
 381 S _   0.032 0.111 0.001 0.021 0.013 0.025 0.018 0.778 
 382 G _   0.037 0.082 0.001 0.018 0.012 0.025 0.018 0.808 
 383 T _   0.042 0.054 0.001 0.015 0.011 0.024 0.018 0.835 
 384 R _   0.050 0.031 0.001 0.011 0.009 0.023 0.017 0.857 
 385 F _   0.059 0.015 0.001 0.008 0.008 0.022 0.017 0.871 
 386 V _   0.072 0.006 0.001 0.005 0.006 0.021 0.016 0.872 
 387 P _   0.091 0.002 0.001 0.003 0.006 0.021 0.015 0.862 
 388 Q _   0.120 0.001 0.001 0.002 0.006 0.021 0.014 0.836 
 389 Q _   0.161 0.000 0.001 0.002 0.007 0.022 0.013 0.795 
 390 T _   0.218 0.000 0.001 0.002 0.009 0.024 0.011 0.735 
 391 S _   0.292 0.000 0.001 0.002 0.012 0.026 0.009 0.658 
 392 L _   0.373 0.000 0.001 0.002 0.016 0.029 0.008 0.572 
 393 V _   0.454 0.000 0.001 0.002 0.021 0.031 0.007 0.484 
 394 Q H   0.529 0.000 0.002 0.003 0.026 0.032 0.006 0.403 
 395 A H   0.587 0.000 0.002 0.003 0.031 0.032 0.005 0.340 
 396 S H   0.633 0.000 0.002 0.003 0.033 0.031 0.005 0.292 
 397 L H   0.665 0.000 0.002 0.003 0.034 0.030 0.005 0.262 
 398 L H   0.682 0.000 0.002 0.003 0.033 0.028 0.005 0.248 
 399 V H   0.686 0.000 0.002 0.003 0.031 0.026 0.005 0.247 
 400 A H   0.679 0.000 0.002 0.003 0.028 0.024 0.005 0.259 
 401 N H   0.660 0.000 0.002 0.002 0.024 0.022 0.006 0.284 
 402 L H   0.630 0.000 0.001 0.002 0.019 0.021 0.007 0.320 
 403 L H   0.590 0.000 0.001 0.001 0.016 0.020 0.008 0.364 
 404 A H   0.545 0.000 0.001 0.001 0.012 0.019 0.009 0.412 
 405 H H   0.498 0.000 0.001 0.001 0.011 0.020 0.010 0.459 
 406 M _   0.456 0.000 0.001 0.001 0.010 0.021 0.011 0.500 
 407 N _   0.419 0.000 0.001 0.002 0.011 0.023 0.013 0.532 
 408 Y _   0.387 0.000 0.001 0.003 0.013 0.025 0.015 0.556 
 409 S _   0.356 0.001 0.001 0.005 0.017 0.028 0.017 0.575 
 410 F _   0.325 0.002 0.002 0.011 0.021 0.031 0.019 0.590 
 411 W _   0.290 0.005 0.002 0.018 0.024 0.032 0.021 0.608 
 412 I _   0.252 0.008 0.002 0.025 0.026 0.032 0.024 0.631 
 413 E _   0.210 0.009 0.002 0.030 0.025 0.031 0.028 0.664 
 414 A _   0.169 0.010 0.002 0.031 0.022 0.028 0.032 0.706 
 415 V _   0.131 0.009 0.002 0.028 0.018 0.025 0.035 0.752 
 416 N _   0.097 0.007 0.001 0.022 0.013 0.020 0.039 0.800 
 417 G _   0.069 0.005 0.001 0.016 0.008 0.016 0.042 0.843 
 418 V _   0.046 0.003 0.001 0.010 0.005 0.013 0.044 0.878 
 419 S _   0.031 0.002 0.000 0.006 0.003 0.010 0.046 0.902 
 420 D _   0.020 0.001 0.000 0.004 0.002 0.008 0.047 0.917 
 421 L _   0.014 0.001 0.000 0.003 0.002 0.007 0.048 0.926 
 422 S _   0.010 0.001 0.000 0.002 0.001 0.007 0.048 0.930 
 423 P _   0.009 0.002 0.000 0.003 0.002 0.008 0.048 0.929 
 424 E _   0.009 0.004 0.000 0.004 0.002 0.010 0.047 0.923 
 425 P _   0.010 0.009 0.000 0.006 0.004 0.013 0.047 0.910 
 426 R _   0.012 0.022 0.001 0.011 0.006 0.016 0.045 0.887 
 427 R _   0.014 0.044 0.001 0.018 0.009 0.020 0.043 0.851 
 428 A _   0.015 0.074 0.001 0.026 0.012 0.022 0.041 0.808 
 429 A _   0.015 0.102 0.001 0.034 0.014 0.024 0.040 0.770 
 430 V _   0.015 0.123 0.001 0.039 0.016 0.025 0.038 0.742 
 431 V _   0.016 0.138 0.001 0.042 0.016 0.025 0.037 0.725 
 432 N _   0.016 0.146 0.001 0.042 0.016 0.025 0.037 0.718 
 433 I _   0.016 0.149 0.001 0.040 0.015 0.024 0.037 0.719 
 434 T _   0.016 0.149 0.001 0.035 0.013 0.022 0.037 0.728 
 435 T _   0.015 0.145 0.001 0.028 0.012 0.021 0.037 0.741 
 436 N _   0.015 0.139 0.001 0.022 0.010 0.019 0.037 0.757 
 437 Q _   0.014 0.132 0.001 0.017 0.008 0.018 0.038 0.773 
 438 A _   0.013 0.127 0.001 0.013 0.006 0.016 0.038 0.786 
 439 A _   0.012 0.123 0.001 0.010 0.005 0.016 0.038 0.794 
 440 P _   0.012 0.122 0.001 0.009 0.005 0.015 0.038 0.798 
 441 S _   0.012 0.124 0.001 0.009 0.005 0.015 0.038 0.796 
 442 Q _   0.012 0.128 0.001 0.011 0.005 0.015 0.038 0.791 
 443 V _   0.012 0.135 0.001 0.013 0.006 0.015 0.037 0.781 
 444 V _   0.012 0.144 0.001 0.015 0.007 0.016 0.037 0.769 
 445 V _   0.012 0.152 0.001 0.017 0.007 0.016 0.037 0.759 
 446 I _   0.011 0.159 0.001 0.019 0.008 0.016 0.036 0.750 
 447 R _   0.011 0.164 0.001 0.019 0.008 0.015 0.036 0.746 
 448 Q _   0.010 0.167 0.001 0.019 0.007 0.015 0.036 0.745 
 449 E _   0.010 0.168 0.001 0.018 0.007 0.015 0.036 0.746 
 450 R _   0.010 0.168 0.001 0.017 0.007 0.014 0.036 0.748 
 451 A _   0.009 0.167 0.001 0.017 0.006 0.014 0.037 0.749 
 452 G _   0.009 0.167 0.001 0.017 0.006 0.014 0.037 0.749 
 453 Q _   0.010 0.167 0.001 0.018 0.007 0.014 0.037 0.746 
 454 T _   0.010 0.168 0.001 0.021 0.007 0.014 0.038 0.741 
 455 S _   0.011 0.168 0.001 0.024 0.008 0.014 0.038 0.736 
 456 V _   0.011 0.167 0.001 0.027 0.008 0.014 0.039 0.733 
 457 S _   0.011 0.163 0.001 0.029 0.008 0.014 0.041 0.734 
 458 L _   0.011 0.155 0.001 0.029 0.008 0.013 0.042 0.741 
 459 L _   0.010 0.142 0.001 0.027 0.008 0.012 0.044 0.755 
 460 W _   0.010 0.123 0.001 0.023 0.007 0.011 0.047 0.778 
 461 Q _   0.009 0.099 0.001 0.018 0.005 0.010 0.049 0.808 
 462 E _   0.008 0.074 0.001 0.013 0.004 0.009 0.051 0.840 
 463 P _   0.007 0.054 0.000 0.009 0.003 0.008 0.053 0.866 
 464 E _   0.006 0.041 0.000 0.006 0.002 0.007 0.054 0.884 
 465 Q _   0.006 0.035 0.000 0.004 0.002 0.007 0.055 0.892 
 466 P _   0.006 0.033 0.000 0.004 0.002 0.007 0.055 0.893 
 467 N _   0.006 0.034 0.000 0.006 0.002 0.008 0.055 0.889 
 468 G _   0.007 0.038 0.000 0.009 0.003 0.010 0.055 0.877 
 469 I _   0.008 0.047 0.001 0.016 0.005 0.012 0.054 0.857 
 470 I _   0.009 0.059 0.001 0.026 0.007 0.015 0.053 0.831 
 471 L _   0.009 0.072 0.001 0.036 0.009 0.016 0.052 0.805 
 472 E _   0.010 0.080 0.001 0.044 0.010 0.017 0.051 0.787 
 473 Y _   0.010 0.085 0.001 0.048 0.011 0.017 0.051 0.779 
 474 E _   0.009 0.085 0.001 0.047 0.010 0.016 0.051 0.781 
 475 I _   0.009 0.082 0.001 0.043 0.009 0.015 0.051 0.791 
 476 K _   0.008 0.074 0.001 0.035 0.008 0.013 0.053 0.809 
 477 Y _   0.007 0.063 0.001 0.026 0.006 0.011 0.054 0.832 
 478 Y _   0.007 0.049 0.001 0.018 0.004 0.010 0.055 0.857 
 479 E _   0.006 0.037 0.000 0.011 0.003 0.009 0.056 0.878 
 480 K _   0.006 0.029 0.000 0.007 0.002 0.008 0.056 0.892 
 481 D _   0.005 0.024 0.000 0.005 0.002 0.008 0.057 0.899 
 482 K _   0.005 0.023 0.000 0.004 0.002 0.008 0.056 0.901 
 483 E _   0.006 0.024 0.000 0.004 0.002 0.010 0.055 0.899 
 484 M _   0.008 0.027 0.000 0.005 0.003 0.012 0.054 0.890 
 485 Q _   0.010 0.036 0.001 0.008 0.005 0.016 0.052 0.872 
 486 S _   0.012 0.054 0.001 0.014 0.008 0.021 0.050 0.841 
 487 Y _   0.015 0.085 0.001 0.021 0.012 0.025 0.046 0.794 
 488 S _   0.016 0.124 0.002 0.030 0.016 0.029 0.043 0.740 
 489 T _   0.018 0.163 0.002 0.039 0.020 0.032 0.039 0.688 
 490 L _   0.019 0.194 0.002 0.046 0.022 0.033 0.036 0.647 
 491 K _   0.020 0.214 0.002 0.052 0.024 0.034 0.034 0.621 
 492 A _   0.020 0.225 0.002 0.054 0.024 0.034 0.033 0.608 
 493 V _   0.021 0.230 0.002 0.053 0.024 0.033 0.031 0.606 
 494 T _   0.021 0.229 0.002 0.050 0.022 0.032 0.031 0.614 
 495 T _   0.022 0.222 0.002 0.044 0.020 0.030 0.030 0.631 
 496 R _   0.022 0.209 0.001 0.037 0.018 0.028 0.030 0.654 
 497 A _   0.021 0.191 0.001 0.030 0.015 0.026 0.031 0.685 
 498 T _   0.021 0.170 0.001 0.023 0.012 0.024 0.031 0.718 
 499 V _   0.020 0.150 0.001 0.017 0.010 0.022 0.031 0.750 
 500 S _   0.018 0.133 0.001 0.012 0.008 0.020 0.031 0.777 
 501 G _   0.017 0.121 0.001 0.009 0.006 0.019 0.031 0.795 
 502 L _   0.017 0.115 0.001 0.008 0.005 0.019 0.031 0.805 
 503 K _   0.016 0.113 0.001 0.007 0.005 0.019 0.031 0.809 
 504 P _   0.016 0.114 0.001 0.008 0.006 0.019 0.030 0.808 
 505 G _   0.016 0.118 0.001 0.009 0.007 0.020 0.029 0.801 
 506 T _   0.016 0.126 0.001 0.012 0.008 0.021 0.028 0.788 
 507 R _   0.017 0.138 0.001 0.015 0.009 0.022 0.027 0.771 
 508 Y _   0.017 0.153 0.001 0.018 0.011 0.022 0.026 0.752 
 509 V _   0.016 0.168 0.001 0.021 0.011 0.022 0.025 0.735 
 510 F _   0.016 0.181 0.001 0.023 0.012 0.022 0.024 0.722 
 511 Q _   0.015 0.190 0.001 0.024 0.012 0.022 0.023 0.714 
 512 V _   0.014 0.197 0.001 0.024 0.011 0.021 0.022 0.710 
 513 R _   0.013 0.201 0.001 0.023 0.011 0.020 0.022 0.709 
 514 A _   0.013 0.203 0.001 0.021 0.010 0.020 0.021 0.711 
 515 R _   0.012 0.203 0.001 0.019 0.009 0.019 0.021 0.715 
 516 T _   0.012 0.202 0.001 0.017 0.008 0.018 0.021 0.720 
 517 S _   0.012 0.202 0.001 0.016 0.008 0.018 0.020 0.723 
 518 A _   0.012 0.202 0.001 0.016 0.008 0.018 0.020 0.724 
 519 G _   0.012 0.203 0.001 0.016 0.008 0.017 0.020 0.723 
 520 C _   0.013 0.205 0.001 0.017 0.008 0.017 0.019 0.719 
 521 G _   0.013 0.207 0.001 0.020 0.009 0.018 0.019 0.714 
 522 R _   0.013 0.209 0.001 0.023 0.010 0.018 0.019 0.708 
 523 F _   0.013 0.210 0.001 0.027 0.010 0.017 0.018 0.702 
 524 S _   0.013 0.209 0.001 0.031 0.011 0.017 0.018 0.700 
 525 Q _   0.013 0.205 0.001 0.034 0.011 0.016 0.018 0.701 
 526 A _   0.013 0.197 0.001 0.035 0.010 0.016 0.019 0.709 
 527 M _   0.012 0.184 0.001 0.034 0.010 0.014 0.019 0.726 
 528 E _   0.012 0.163 0.001 0.031 0.009 0.013 0.020 0.751 
 529 V _   0.011 0.135 0.001 0.027 0.008 0.012 0.021 0.786 
 530 E _   0.011 0.100 0.001 0.021 0.006 0.010 0.021 0.829 
 531 T _   0.010 0.063 0.001 0.015 0.005 0.009 0.022 0.875 
 532 G _   0.009 0.034 0.001 0.010 0.004 0.007 0.022 0.914 
 533 K _   0.009 0.014 0.000 0.006 0.002 0.006 0.022 0.940 
 534 P _   0.009 0.005 0.000 0.003 0.002 0.004 0.022 0.955 
 535 R _   0.012 0.001 0.000 0.002 0.001 0.004 0.021 0.959 
 536 P _   0.018 0.000 0.000 0.001 0.001 0.003 0.020 0.956 
 537 R _   0.033 0.000 0.000 0.001 0.001 0.004 0.019 0.942 
 538 Y _   0.063 0.000 0.000 0.001 0.002 0.005 0.017 0.912 
 539 D _   0.116 0.000 0.000 0.001 0.003 0.005 0.015 0.860 
 540 T _   0.197 0.000 0.001 0.001 0.004 0.006 0.013 0.780 
 541 R _   0.302 0.000 0.001 0.001 0.005 0.007 0.010 0.675 
 542 T _   0.423 0.000 0.001 0.001 0.005 0.007 0.008 0.555 
 543 I H   0.548 0.000 0.001 0.001 0.006 0.007 0.006 0.431 
 544 V H   0.669 0.000 0.001 0.000 0.006 0.006 0.005 0.313 
 545 W H   0.770 0.000 0.001 0.000 0.006 0.005 0.004 0.213 
 546 I H   0.847 0.000 0.001 0.000 0.006 0.004 0.003 0.139 
 547 C H   0.900 0.000 0.001 0.000 0.006 0.003 0.002 0.087 
 548 L H   0.933 0.000 0.001 0.000 0.006 0.003 0.002 0.055 
 549 T H   0.952 0.000 0.001 0.000 0.006 0.002 0.002 0.036 
 550 L H   0.963 0.000 0.001 0.000 0.006 0.002 0.002 0.026 
 551 I H   0.968 0.000 0.001 0.000 0.006 0.002 0.002 0.021 
 552 T H   0.970 0.000 0.001 0.000 0.006 0.002 0.002 0.019 
 553 G H   0.968 0.000 0.001 0.000 0.007 0.002 0.002 0.020 
 554 L H   0.963 0.000 0.001 0.000 0.007 0.002 0.003 0.024 
 555 V H   0.954 0.000 0.001 0.000 0.008 0.002 0.003 0.032 
 556 V H   0.939 0.000 0.001 0.000 0.009 0.003 0.004 0.044 
 557 L H   0.916 0.000 0.001 0.000 0.010 0.003 0.005 0.063 
 558 L H   0.885 0.000 0.001 0.000 0.011 0.004 0.008 0.091 
 559 L H   0.840 0.000 0.001 0.001 0.012 0.005 0.012 0.129 
 560 L H   0.781 0.000 0.001 0.001 0.013 0.006 0.018 0.180 
 561 L H   0.705 0.000 0.001 0.001 0.013 0.007 0.028 0.245 
 562 I H   0.615 0.000 0.001 0.001 0.012 0.008 0.043 0.319 
 563 C H   0.517 0.000 0.001 0.001 0.011 0.009 0.062 0.397 
 564 K _   0.418 0.000 0.001 0.002 0.010 0.010 0.086 0.473 
 565 K _   0.325 0.000 0.001 0.002 0.008 0.010 0.113 0.539 
 566 R _   0.245 0.000 0.001 0.003 0.007 0.010 0.140 0.593 
 567 H _   0.177 0.000 0.001 0.004 0.006 0.010 0.166 0.635 
 568 C _   0.124 0.000 0.001 0.006 0.005 0.010 0.190 0.664 
 569 G _   0.085 0.000 0.001 0.007 0.005 0.009 0.211 0.682 
 570 Y _   0.058 0.000 0.001 0.007 0.004 0.009 0.229 0.693 
 571 S _   0.039 0.001 0.000 0.007 0.003 0.008 0.244 0.697 
 572 K _   0.027 0.001 0.000 0.007 0.003 0.007 0.256 0.699 
 573 A _   0.019 0.001 0.000 0.006 0.002 0.007 0.267 0.698 
 574 F _   0.013 0.001 0.000 0.006 0.002 0.006 0.276 0.697 
 575 Q _   0.009 0.001 0.000 0.005 0.002 0.005 0.283 0.695 
 576 D _   0.007 0.001 0.000 0.005 0.002 0.005 0.289 0.692 
 577 S _   0.006 0.001 0.000 0.005 0.001 0.005 0.294 0.689 
 578 D _   0.005 0.001 0.000 0.005 0.001 0.004 0.297 0.686 
 579 E _   0.005 0.001 0.000 0.005 0.001 0.004 0.300 0.683 
 580 E _   0.004 0.001 0.000 0.005 0.001 0.004 0.303 0.681 
 581 K _   0.004 0.002 0.000 0.005 0.001 0.005 0.304 0.678 
 582 M _   0.004 0.002 0.000 0.006 0.002 0.005 0.305 0.677 
 583 H _   0.004 0.003 0.000 0.006 0.002 0.005 0.306 0.675 
 584 Y _   0.004 0.003 0.000 0.006 0.002 0.005 0.306 0.674 
 585 Q _   0.004 0.004 0.000 0.007 0.002 0.005 0.305 0.673 
 586 N _   0.004 0.006 0.000 0.007 0.002 0.006 0.304 0.672 
 587 G _   0.004 0.007 0.000 0.008 0.002 0.006 0.303 0.669 
 588 Q _   0.004 0.010 0.000 0.010 0.002 0.007 0.301 0.666 
 589 A _   0.005 0.012 0.000 0.012 0.003 0.008 0.299 0.660 
 590 P _   0.005 0.016 0.000 0.016 0.004 0.009 0.298 0.653 
 591 P _   0.005 0.019 0.001 0.020 0.004 0.010 0.296 0.645 
 592 P _   0.006 0.022 0.001 0.024 0.005 0.010 0.296 0.637 
 593 V _   0.006 0.024 0.001 0.027 0.006 0.011 0.295 0.631 
 594 F _   0.006 0.025 0.001 0.027 0.006 0.010 0.296 0.629 
 595 L _   0.006 0.024 0.001 0.026 0.005 0.010 0.297 0.631 
 596 P _   0.006 0.022 0.001 0.022 0.004 0.009 0.299 0.637 
 597 L _   0.006 0.019 0.000 0.017 0.003 0.008 0.301 0.646 
 598 H _   0.005 0.015 0.000 0.012 0.003 0.006 0.302 0.657 
 599 H _   0.005 0.012 0.000 0.008 0.002 0.005 0.303 0.666 
 600 P _   0.004 0.009 0.000 0.005 0.001 0.004 0.303 0.673 
 601 P _   0.004 0.008 0.000 0.003 0.001 0.004 0.302 0.678 
 602 G _   0.004 0.008 0.000 0.003 0.001 0.004 0.300 0.680 
 603 K _   0.004 0.008 0.000 0.004 0.001 0.005 0.298 0.681 
 604 L _   0.004 0.010 0.000 0.005 0.002 0.006 0.294 0.680 
 605 P _   0.005 0.013 0.000 0.008 0.002 0.007 0.289 0.676 
 606 E _   0.005 0.019 0.000 0.012 0.003 0.008 0.284 0.669 
 607 P _   0.005 0.026 0.000 0.016 0.004 0.009 0.278 0.662 
 608 Q _   0.005 0.033 0.001 0.020 0.004 0.010 0.271 0.655 
 609 F _   0.005 0.039 0.001 0.023 0.005 0.010 0.265 0.653 
 610 Y _   0.005 0.043 0.001 0.023 0.005 0.010 0.260 0.654 
 611 A _   0.005 0.045 0.001 0.022 0.004 0.009 0.255 0.659 
 612 E _   0.005 0.045 0.000 0.019 0.004 0.008 0.251 0.667 
 613 P _   0.004 0.045 0.000 0.016 0.003 0.008 0.247 0.676 
 614 H _   0.004 0.045 0.000 0.012 0.003 0.007 0.244 0.686 
 615 T _   0.004 0.044 0.000 0.010 0.002 0.007 0.240 0.694 
 616 Y _   0.004 0.044 0.000 0.008 0.002 0.006 0.235 0.701 
 617 E _   0.004 0.045 0.000 0.007 0.002 0.007 0.230 0.706 
 618 E _   0.004 0.048 0.000 0.007 0.002 0.007 0.224 0.708 
 619 P _   0.004 0.054 0.000 0.008 0.002 0.008 0.216 0.707 
 620 G _   0.004 0.065 0.000 0.010 0.003 0.010 0.206 0.701 
 621 R _   0.005 0.082 0.001 0.013 0.004 0.012 0.194 0.688 
 622 A _   0.006 0.108 0.001 0.018 0.006 0.014 0.181 0.667 
 623 G _   0.006 0.143 0.001 0.023 0.008 0.016 0.165 0.638 
 624 R _   0.006 0.182 0.001 0.028 0.010 0.018 0.150 0.605 
 625 S _   0.007 0.223 0.001 0.031 0.011 0.020 0.135 0.572 
 626 F _   0.007 0.262 0.001 0.034 0.012 0.021 0.121 0.541 
 627 T _   0.008 0.296 0.001 0.035 0.013 0.023 0.110 0.514 
 628 R _   0.008 0.325 0.001 0.036 0.014 0.023 0.100 0.492 
 629 E _   0.009 0.349 0.001 0.036 0.015 0.024 0.092 0.474 
 630 I _   0.010 0.368 0.001 0.036 0.016 0.025 0.085 0.460 
 631 E _   0.011 0.382 0.001 0.036 0.017 0.026 0.079 0.448 
 632 A _   0.012 0.394 0.001 0.037 0.017 0.026 0.074 0.439 
 633 S _   0.013 0.401 0.001 0.037 0.018 0.026 0.069 0.434 
 634 R _   0.014 0.405 0.001 0.038 0.018 0.025 0.066 0.432 
 635 I _   0.015 0.405 0.001 0.039 0.018 0.025 0.063 0.435 
 636 H _   0.015 0.400 0.001 0.039 0.017 0.024 0.061 0.442 
 637 I _   0.016 0.390 0.001 0.038 0.016 0.022 0.060 0.457 
 638 E _   0.016 0.373 0.001 0.035 0.015 0.021 0.059 0.480 
 639 K _   0.016 0.347 0.001 0.032 0.013 0.019 0.058 0.513 
 640 I _   0.015 0.312 0.001 0.027 0.012 0.018 0.058 0.557 
 641 I _   0.015 0.271 0.001 0.021 0.010 0.016 0.058 0.608 
 642 G _   0.014 0.231 0.001 0.016 0.008 0.015 0.058 0.658 
 643 S _   0.012 0.199 0.001 0.011 0.006 0.014 0.058 0.699 
 644 G _   0.011 0.180 0.001 0.008 0.004 0.013 0.057 0.726 
 645 D _   0.011 0.170 0.000 0.007 0.004 0.013 0.056 0.740 
 646 S _   0.010 0.166 0.000 0.006 0.004 0.013 0.055 0.746 
 647 G _   0.010 0.167 0.000 0.007 0.004 0.014 0.053 0.745 
 648 E _   0.010 0.172 0.001 0.010 0.005 0.014 0.051 0.736 
 649 V _   0.010 0.184 0.001 0.014 0.006 0.015 0.049 0.721 
 650 C _   0.010 0.199 0.001 0.018 0.008 0.016 0.047 0.701 
 651 Y _   0.010 0.215 0.001 0.023 0.009 0.016 0.044 0.683 
 652 G _   0.010 0.227 0.001 0.026 0.009 0.016 0.042 0.669 
 653 R _   0.009 0.236 0.001 0.027 0.009 0.015 0.040 0.662 
 654 L _   0.009 0.240 0.001 0.026 0.008 0.014 0.039 0.662 
 655 R _   0.008 0.240 0.001 0.024 0.008 0.013 0.038 0.668 
 656 V _   0.008 0.237 0.001 0.020 0.006 0.012 0.037 0.679 
 657 P _   0.007 0.232 0.001 0.016 0.005 0.011 0.037 0.691 
 658 G _   0.007 0.226 0.001 0.012 0.004 0.011 0.036 0.703 
 659 Q _   0.007 0.223 0.000 0.010 0.004 0.011 0.035 0.711 
 660 R _   0.007 0.222 0.000 0.009 0.004 0.011 0.034 0.713 
 661 D _   0.007 0.225 0.000 0.009 0.004 0.012 0.033 0.709 
 662 V _   0.008 0.232 0.001 0.011 0.005 0.013 0.032 0.699 
 663 P _   0.009 0.245 0.001 0.014 0.006 0.014 0.031 0.681 
