#TopoPred_TM8: 8-state transmembrane topology prediction results by no_profile mode 
#probabilities are in the order of H E C I L F X _, the 8 transmembrane topology types used in PDBTM 
   1 M _   0.163 0.000 0.004 0.008 0.023 0.032 0.199 0.572 
   2 G _   0.167 0.000 0.001 0.003 0.010 0.025 0.201 0.594 
   3 A _   0.201 0.000 0.001 0.002 0.007 0.022 0.197 0.570 
   4 I _   0.321 0.000 0.001 0.001 0.009 0.020 0.179 0.467 
   5 G H   0.466 0.000 0.001 0.001 0.012 0.018 0.153 0.348 
   6 L H   0.585 0.000 0.002 0.001 0.015 0.016 0.123 0.259 
   7 L H   0.677 0.000 0.001 0.001 0.015 0.013 0.101 0.191 
   8 W H   0.742 0.000 0.001 0.001 0.014 0.010 0.087 0.145 
   9 L H   0.783 0.000 0.001 0.000 0.013 0.008 0.077 0.117 
  10 L H   0.806 0.000 0.001 0.000 0.012 0.007 0.071 0.102 
  11 P H   0.817 0.000 0.001 0.000 0.012 0.006 0.067 0.097 
  12 L H   0.818 0.000 0.001 0.000 0.012 0.006 0.064 0.098 
  13 L H   0.813 0.000 0.001 0.000 0.012 0.006 0.063 0.105 
  14 L H   0.802 0.000 0.001 0.000 0.012 0.006 0.062 0.116 
  15 S H   0.782 0.000 0.001 0.001 0.013 0.007 0.062 0.135 
  16 T H   0.754 0.000 0.001 0.001 0.014 0.008 0.063 0.160 
  17 A H   0.714 0.000 0.001 0.001 0.015 0.009 0.066 0.195 
  18 A H   0.664 0.000 0.001 0.001 0.016 0.010 0.070 0.238 
  19 V H   0.605 0.000 0.001 0.002 0.016 0.012 0.076 0.287 
  20 G H   0.536 0.000 0.002 0.004 0.017 0.013 0.084 0.344 
  21 S H   0.460 0.000 0.002 0.006 0.016 0.014 0.094 0.407 
  22 G _   0.380 0.001 0.002 0.008 0.015 0.015 0.106 0.474 
  23 M _   0.300 0.001 0.002 0.010 0.013 0.015 0.119 0.541 
  24 G _   0.226 0.001 0.001 0.011 0.010 0.014 0.133 0.604 
  25 T _   0.164 0.001 0.001 0.010 0.008 0.013 0.145 0.658 
  26 G _   0.113 0.001 0.001 0.009 0.006 0.011 0.156 0.703 
  27 Q _   0.075 0.001 0.001 0.007 0.004 0.009 0.166 0.737 
  28 R _   0.049 0.000 0.000 0.006 0.003 0.008 0.173 0.761 
  29 A _   0.031 0.000 0.000 0.005 0.002 0.007 0.179 0.775 
  30 G _   0.020 0.000 0.000 0.004 0.002 0.006 0.183 0.784 
  31 S _   0.014 0.000 0.000 0.004 0.001 0.005 0.187 0.789 
  32 P _   0.010 0.000 0.000 0.003 0.001 0.005 0.189 0.792 
  33 A _   0.007 0.000 0.000 0.003 0.001 0.004 0.190 0.793 
  34 A _   0.006 0.001 0.000 0.004 0.001 0.004 0.191 0.793 
  35 G _   0.005 0.001 0.000 0.004 0.001 0.005 0.190 0.794 
  36 P _   0.005 0.001 0.000 0.004 0.001 0.005 0.189 0.794 
  37 P _   0.004 0.001 0.000 0.005 0.002 0.005 0.188 0.795 
  38 L _   0.004 0.002 0.000 0.006 0.002 0.006 0.186 0.795 
  39 Q _   0.004 0.003 0.000 0.007 0.002 0.007 0.183 0.795 
  40 P _   0.004 0.003 0.000 0.008 0.002 0.007 0.180 0.794 
  41 R _   0.004 0.005 0.000 0.010 0.003 0.008 0.176 0.793 
  42 E _   0.005 0.006 0.000 0.012 0.003 0.010 0.172 0.792 
  43 P _   0.005 0.007 0.000 0.014 0.004 0.011 0.169 0.791 
  44 L _   0.005 0.008 0.001 0.016 0.004 0.012 0.165 0.789 
  45 S _   0.005 0.009 0.001 0.017 0.005 0.013 0.161 0.789 
  46 Y _   0.006 0.010 0.001 0.018 0.005 0.014 0.158 0.789 
  47 S _   0.006 0.010 0.001 0.017 0.006 0.015 0.155 0.791 
  48 R _   0.007 0.009 0.001 0.016 0.006 0.016 0.152 0.793 
  49 L _   0.008 0.009 0.001 0.015 0.006 0.017 0.149 0.796 
  50 Q _   0.010 0.008 0.001 0.013 0.006 0.019 0.146 0.797 
  51 R _   0.013 0.007 0.001 0.011 0.006 0.022 0.144 0.797 
  52 K _   0.017 0.006 0.001 0.010 0.007 0.025 0.141 0.794 
  53 S _   0.024 0.005 0.001 0.008 0.008 0.028 0.139 0.786 
  54 L _   0.034 0.005 0.001 0.008 0.010 0.033 0.136 0.773 
  55 A _   0.048 0.005 0.001 0.008 0.012 0.038 0.134 0.754 
  56 V _   0.064 0.006 0.001 0.008 0.016 0.044 0.131 0.729 
  57 D _   0.083 0.007 0.001 0.009 0.021 0.050 0.129 0.700 
  58 F _   0.102 0.010 0.002 0.011 0.026 0.055 0.127 0.669 
  59 V _   0.120 0.013 0.002 0.013 0.032 0.059 0.125 0.636 
  60 V _   0.136 0.017 0.002 0.015 0.037 0.063 0.124 0.605 
  61 P _   0.149 0.022 0.002 0.017 0.042 0.065 0.123 0.579 
  62 S _   0.158 0.027 0.002 0.019 0.044 0.065 0.123 0.561 
  63 L _   0.161 0.031 0.002 0.022 0.045 0.064 0.124 0.551 
  64 F _   0.160 0.034 0.002 0.024 0.044 0.061 0.125 0.549 
  65 R _   0.153 0.037 0.002 0.026 0.042 0.058 0.128 0.555 
  66 V _   0.141 0.038 0.002 0.028 0.038 0.053 0.130 0.568 
  67 Y _   0.126 0.038 0.002 0.030 0.033 0.048 0.134 0.589 
  68 A _   0.108 0.037 0.002 0.030 0.028 0.042 0.138 0.615 
  69 R _   0.090 0.035 0.002 0.028 0.022 0.036 0.143 0.645 
  70 D _   0.073 0.031 0.001 0.025 0.016 0.030 0.148 0.676 
  71 L _   0.057 0.026 0.001 0.021 0.012 0.024 0.152 0.707 
  72 L _   0.042 0.020 0.001 0.016 0.008 0.019 0.157 0.737 
  73 L _   0.031 0.015 0.001 0.012 0.005 0.015 0.160 0.762 
  74 P _   0.022 0.011 0.000 0.009 0.004 0.011 0.163 0.781 
  75 P _   0.016 0.008 0.000 0.006 0.003 0.009 0.164 0.794 
  76 S _   0.011 0.006 0.000 0.005 0.002 0.007 0.165 0.803 
  77 S _   0.009 0.005 0.000 0.004 0.002 0.006 0.166 0.808 
  78 S _   0.007 0.005 0.000 0.004 0.001 0.006 0.166 0.812 
  79 E _   0.006 0.005 0.000 0.004 0.001 0.005 0.165 0.813 
  80 L _   0.005 0.006 0.000 0.004 0.002 0.006 0.163 0.814 
  81 K _   0.005 0.008 0.000 0.005 0.002 0.006 0.160 0.813 
  82 A _   0.005 0.011 0.000 0.006 0.002 0.007 0.157 0.811 
  83 G _   0.005 0.016 0.000 0.008 0.002 0.008 0.153 0.808 
  84 R _   0.005 0.022 0.000 0.009 0.003 0.009 0.148 0.803 
  85 P _   0.005 0.031 0.000 0.011 0.004 0.010 0.143 0.795 
  86 E _   0.005 0.043 0.001 0.014 0.004 0.012 0.137 0.784 
  87 A _   0.006 0.056 0.001 0.017 0.005 0.014 0.131 0.771 
  88 R _   0.006 0.072 0.001 0.020 0.007 0.016 0.124 0.754 
  89 G _   0.007 0.089 0.001 0.023 0.008 0.018 0.118 0.736 
  90 S _   0.008 0.106 0.001 0.026 0.010 0.020 0.112 0.717 
  91 L _   0.009 0.121 0.001 0.030 0.011 0.022 0.107 0.699 
  92 A _   0.010 0.135 0.001 0.033 0.013 0.024 0.102 0.682 
  93 L _   0.011 0.146 0.001 0.037 0.014 0.025 0.098 0.668 
  94 D _   0.013 0.153 0.001 0.038 0.015 0.026 0.094 0.659 
  95 C _   0.014 0.157 0.001 0.039 0.016 0.026 0.091 0.654 
  96 A _   0.016 0.159 0.001 0.039 0.016 0.026 0.089 0.653 
  97 P _   0.018 0.157 0.001 0.038 0.016 0.026 0.088 0.657 
  98 L _   0.019 0.152 0.001 0.035 0.016 0.026 0.087 0.664 
  99 L _   0.020 0.143 0.001 0.032 0.015 0.025 0.086 0.677 
 100 R _   0.021 0.131 0.001 0.027 0.014 0.024 0.086 0.695 
 101 L _   0.021 0.117 0.001 0.023 0.012 0.022 0.086 0.717 
 102 L _   0.021 0.102 0.001 0.020 0.011 0.021 0.087 0.737 
 103 G _   0.020 0.089 0.001 0.018 0.010 0.020 0.087 0.756 
 104 P _   0.019 0.077 0.001 0.016 0.008 0.018 0.088 0.773 
 105 A _   0.018 0.067 0.001 0.015 0.007 0.017 0.088 0.787 
 106 P _   0.017 0.058 0.001 0.014 0.007 0.016 0.089 0.799 
 107 G _   0.016 0.051 0.001 0.014 0.006 0.014 0.089 0.809 
 108 V _   0.014 0.044 0.001 0.013 0.006 0.013 0.090 0.819 
 109 S _   0.013 0.038 0.001 0.012 0.005 0.012 0.090 0.829 
 110 W _   0.011 0.032 0.001 0.011 0.004 0.011 0.090 0.841 
 111 T _   0.010 0.026 0.001 0.009 0.004 0.010 0.090 0.851 
 112 A _   0.009 0.021 0.000 0.008 0.003 0.009 0.090 0.860 
 113 G _   0.008 0.018 0.000 0.006 0.003 0.009 0.089 0.867 
 114 S _   0.007 0.016 0.000 0.005 0.003 0.009 0.088 0.872 
 115 P _   0.007 0.015 0.000 0.005 0.002 0.009 0.087 0.874 
 116 A _   0.007 0.015 0.000 0.005 0.003 0.010 0.085 0.874 
 117 P _   0.008 0.017 0.000 0.006 0.003 0.011 0.084 0.870 
 118 A _   0.009 0.020 0.000 0.008 0.004 0.013 0.082 0.862 
 119 E _   0.011 0.026 0.001 0.011 0.006 0.016 0.079 0.850 
 120 A _   0.012 0.034 0.001 0.016 0.008 0.018 0.077 0.835 
 121 R _   0.013 0.042 0.001 0.020 0.010 0.020 0.074 0.819 
 122 T _   0.014 0.050 0.001 0.025 0.012 0.022 0.072 0.804 
 123 L _   0.015 0.057 0.001 0.029 0.013 0.023 0.070 0.792 
 124 S _   0.016 0.061 0.001 0.032 0.014 0.024 0.068 0.784 
 125 R _   0.017 0.062 0.001 0.033 0.014 0.024 0.067 0.782 
 126 V _   0.017 0.062 0.001 0.032 0.014 0.023 0.066 0.785 
 127 L _   0.017 0.059 0.001 0.029 0.013 0.022 0.066 0.792 
 128 K _   0.017 0.055 0.001 0.026 0.012 0.021 0.065 0.803 
 129 G _   0.017 0.049 0.001 0.022 0.010 0.020 0.066 0.816 
 130 G _   0.016 0.041 0.001 0.018 0.009 0.018 0.066 0.830 
 131 S _   0.016 0.033 0.001 0.015 0.008 0.017 0.066 0.844 
 132 V _   0.016 0.026 0.001 0.012 0.006 0.016 0.066 0.857 
 133 R _   0.015 0.020 0.001 0.009 0.005 0.015 0.067 0.868 
 134 K _   0.015 0.016 0.001 0.008 0.005 0.014 0.067 0.876 
 135 L _   0.014 0.013 0.001 0.007 0.004 0.014 0.067 0.881 
 136 R _   0.014 0.011 0.000 0.006 0.004 0.014 0.067 0.884 
 137 R _   0.014 0.010 0.000 0.006 0.004 0.014 0.066 0.885 
 138 A _   0.014 0.010 0.000 0.006 0.005 0.015 0.066 0.884 
 139 K _   0.015 0.011 0.001 0.007 0.005 0.016 0.065 0.880 
 140 Q _   0.016 0.012 0.001 0.009 0.006 0.018 0.064 0.874 
 141 L _   0.018 0.014 0.001 0.011 0.007 0.019 0.064 0.866 
 142 V _   0.020 0.017 0.001 0.013 0.009 0.021 0.063 0.857 
 143 L _   0.022 0.020 0.001 0.017 0.011 0.022 0.062 0.846 
 144 E _   0.023 0.023 0.001 0.021 0.012 0.023 0.062 0.836 
 145 L _   0.024 0.025 0.001 0.024 0.014 0.024 0.061 0.828 
 146 G _   0.025 0.026 0.001 0.027 0.014 0.024 0.061 0.822 
 147 E _   0.025 0.027 0.001 0.028 0.014 0.023 0.061 0.820 
 148 E _   0.025 0.026 0.001 0.028 0.013 0.022 0.062 0.823 
 149 A _   0.024 0.024 0.001 0.026 0.012 0.020 0.063 0.830 
 150 I _   0.022 0.021 0.001 0.022 0.010 0.018 0.064 0.841 
 151 L _   0.020 0.017 0.001 0.017 0.008 0.016 0.065 0.856 
 152 E _   0.018 0.012 0.001 0.013 0.006 0.014 0.066 0.871 
 153 G _   0.015 0.008 0.001 0.009 0.004 0.012 0.067 0.885 
 154 C _   0.013 0.004 0.000 0.006 0.003 0.011 0.067 0.895 
 155 V _   0.012 0.002 0.000 0.004 0.002 0.010 0.068 0.901 
 156 G _   0.012 0.001 0.000 0.003 0.002 0.011 0.067 0.904 
 157 P _   0.012 0.001 0.000 0.003 0.002 0.012 0.067 0.903 
 158 P _   0.014 0.001 0.000 0.003 0.003 0.014 0.066 0.897 
 159 G _   0.017 0.002 0.000 0.004 0.004 0.018 0.066 0.888 
 160 E _   0.021 0.004 0.001 0.007 0.006 0.023 0.064 0.874 
 161 A _   0.026 0.007 0.001 0.011 0.009 0.028 0.063 0.855 
 162 A _   0.030 0.012 0.001 0.015 0.013 0.034 0.061 0.833 
 163 V _   0.035 0.017 0.001 0.020 0.017 0.039 0.060 0.812 
 164 G _   0.039 0.020 0.001 0.024 0.020 0.042 0.059 0.795 
 165 L _   0.043 0.023 0.001 0.025 0.022 0.045 0.057 0.784 
 166 L _   0.046 0.024 0.001 0.024 0.023 0.046 0.056 0.778 
 167 Q _   0.050 0.024 0.001 0.022 0.024 0.047 0.055 0.776 
 168 F _   0.054 0.023 0.001 0.019 0.024 0.048 0.055 0.776 
 169 N _   0.058 0.022 0.001 0.016 0.024 0.048 0.055 0.776 
 170 L _   0.063 0.020 0.001 0.014 0.023 0.048 0.054 0.776 
 171 S _   0.067 0.020 0.001 0.013 0.023 0.047 0.055 0.774 
 172 E _   0.072 0.019 0.001 0.013 0.022 0.046 0.055 0.771 
 173 L _   0.076 0.020 0.001 0.014 0.022 0.044 0.056 0.767 
 174 F _   0.078 0.020 0.001 0.015 0.022 0.042 0.057 0.765 
 175 S _   0.077 0.020 0.001 0.017 0.021 0.040 0.058 0.766 
 176 W _   0.075 0.020 0.001 0.017 0.019 0.037 0.059 0.771 
 177 W _   0.070 0.020 0.001 0.017 0.017 0.034 0.061 0.780 
 178 I _   0.065 0.019 0.001 0.016 0.015 0.030 0.063 0.792 
 179 R _   0.057 0.017 0.001 0.014 0.012 0.027 0.064 0.806 
 180 Q _   0.050 0.016 0.001 0.012 0.010 0.024 0.066 0.821 
 181 G _   0.042 0.014 0.001 0.011 0.009 0.022 0.068 0.833 
 182 E _   0.036 0.013 0.001 0.010 0.007 0.020 0.069 0.843 
 183 G _   0.031 0.013 0.001 0.010 0.006 0.018 0.071 0.850 
 184 R _   0.026 0.013 0.001 0.011 0.006 0.016 0.073 0.855 
 185 L _   0.022 0.013 0.001 0.012 0.005 0.015 0.074 0.858 
 186 R _   0.019 0.013 0.001 0.012 0.005 0.013 0.076 0.861 
 187 I _   0.016 0.013 0.001 0.012 0.005 0.012 0.077 0.865 
 188 R _   0.013 0.013 0.001 0.011 0.004 0.010 0.078 0.869 
 189 L _   0.011 0.013 0.000 0.010 0.003 0.009 0.079 0.874 
 190 M _   0.009 0.013 0.000 0.008 0.003 0.008 0.079 0.879 
 191 P _   0.007 0.013 0.000 0.007 0.002 0.007 0.080 0.884 
 192 E _   0.006 0.013 0.000 0.005 0.002 0.007 0.080 0.886 
 193 K _   0.006 0.014 0.000 0.005 0.002 0.007 0.079 0.887 
 194 K _   0.006 0.017 0.000 0.005 0.002 0.007 0.079 0.885 
 195 A _   0.006 0.022 0.000 0.006 0.002 0.008 0.078 0.879 
 196 S _   0.006 0.031 0.000 0.008 0.003 0.009 0.076 0.867 
 197 E _   0.007 0.047 0.001 0.011 0.004 0.011 0.074 0.845 
 198 V _   0.008 0.074 0.001 0.015 0.006 0.013 0.070 0.812 
 199 G _   0.008 0.112 0.001 0.020 0.008 0.016 0.067 0.768 
 200 R _   0.009 0.157 0.001 0.026 0.010 0.017 0.063 0.717 
 201 E _   0.009 0.198 0.001 0.031 0.011 0.018 0.060 0.672 
 202 G _   0.009 0.229 0.001 0.034 0.012 0.019 0.058 0.638 
 203 R _   0.009 0.251 0.001 0.036 0.012 0.020 0.056 0.616 
 204 L _   0.009 0.264 0.001 0.036 0.012 0.020 0.055 0.604 
 205 S _   0.009 0.271 0.001 0.033 0.011 0.020 0.055 0.599 
 206 A _   0.010 0.273 0.001 0.030 0.010 0.021 0.055 0.601 
 207 A _   0.011 0.272 0.001 0.025 0.009 0.021 0.055 0.606 
 208 I _   0.012 0.269 0.001 0.019 0.009 0.022 0.055 0.614 
 209 R _   0.013 0.265 0.001 0.015 0.008 0.023 0.056 0.620 
 210 A _   0.015 0.261 0.001 0.012 0.008 0.024 0.056 0.622 
 211 S _   0.017 0.261 0.001 0.011 0.009 0.026 0.056 0.619 
 212 Q _   0.020 0.266 0.001 0.011 0.011 0.029 0.057 0.606 
 213 P _   0.023 0.276 0.001 0.014 0.014 0.031 0.057 0.584 
 214 R _   0.026 0.295 0.001 0.019 0.017 0.034 0.057 0.551 
 215 L _   0.028 0.321 0.002 0.026 0.021 0.035 0.057 0.511 
 216 L _   0.029 0.347 0.002 0.034 0.024 0.035 0.057 0.472 
 217 F _   0.029 0.368 0.002 0.042 0.024 0.034 0.058 0.443 
 218 Q _   0.028 0.380 0.002 0.048 0.024 0.032 0.060 0.427 
 219 I _   0.026 0.384 0.002 0.050 0.023 0.029 0.062 0.424 
 220 F _   0.024 0.381 0.002 0.050 0.021 0.027 0.065 0.431 
 221 G _   0.022 0.368 0.002 0.048 0.019 0.024 0.068 0.449 
 222 T _   0.021 0.345 0.002 0.043 0.016 0.022 0.073 0.478 
 223 G _   0.019 0.309 0.002 0.038 0.014 0.020 0.079 0.519 
 224 H _   0.018 0.261 0.002 0.032 0.012 0.018 0.087 0.570 
 225 S _   0.017 0.208 0.001 0.027 0.010 0.016 0.095 0.625 
 226 S _   0.016 0.156 0.001 0.022 0.008 0.015 0.104 0.678 
 227 L _   0.014 0.113 0.001 0.018 0.006 0.013 0.112 0.723 
 228 E _   0.012 0.079 0.001 0.014 0.005 0.011 0.119 0.759 
 229 S _   0.010 0.056 0.001 0.011 0.003 0.010 0.124 0.785 
 230 P _   0.009 0.040 0.000 0.008 0.003 0.008 0.128 0.804 
 231 T _   0.007 0.030 0.000 0.006 0.002 0.007 0.131 0.816 
 232 N _   0.006 0.024 0.000 0.005 0.002 0.006 0.133 0.824 
 233 M _   0.005 0.021 0.000 0.004 0.001 0.006 0.134 0.829 
 234 P _   0.005 0.020 0.000 0.004 0.001 0.006 0.134 0.831 
 235 S _   0.005 0.020 0.000 0.004 0.001 0.007 0.133 0.830 
 236 P _   0.005 0.022 0.000 0.004 0.002 0.009 0.132 0.826 
 237 S _   0.006 0.028 0.000 0.006 0.003 0.012 0.129 0.815 
 238 P _   0.008 0.042 0.001 0.010 0.005 0.016 0.126 0.793 
 239 D _   0.010 0.071 0.001 0.017 0.009 0.021 0.121 0.751 
 240 Y _   0.013 0.125 0.002 0.027 0.014 0.025 0.114 0.680 
 241 F _   0.014 0.200 0.002 0.039 0.019 0.029 0.106 0.590 
 242 T _   0.014 0.276 0.002 0.050 0.022 0.031 0.099 0.506 
 243 W _   0.013 0.335 0.002 0.060 0.024 0.031 0.094 0.442 
 244 N _   0.013 0.372 0.002 0.067 0.024 0.030 0.090 0.402 
 245 L E   0.013 0.390 0.002 0.070 0.023 0.029 0.089 0.384 
 246 T E   0.013 0.397 0.001 0.069 0.023 0.028 0.088 0.381 
 247 W E   0.013 0.395 0.001 0.065 0.021 0.026 0.088 0.390 
 248 I _   0.014 0.383 0.002 0.057 0.019 0.024 0.089 0.411 
 249 M _   0.014 0.359 0.002 0.048 0.017 0.022 0.091 0.446 
 250 K _   0.014 0.321 0.002 0.038 0.015 0.021 0.094 0.495 
 251 D _   0.014 0.272 0.002 0.029 0.013 0.019 0.098 0.552 
 252 S _   0.014 0.223 0.001 0.021 0.010 0.018 0.102 0.610 
 253 F _   0.014 0.184 0.001 0.016 0.008 0.017 0.106 0.656 
 254 P _   0.012 0.158 0.001 0.012 0.006 0.016 0.109 0.687 
 255 F _   0.012 0.142 0.001 0.010 0.005 0.015 0.111 0.706 
 256 L _   0.011 0.133 0.000 0.009 0.004 0.014 0.112 0.717 
 257 S _   0.010 0.129 0.000 0.009 0.004 0.013 0.113 0.721 
 258 H _   0.010 0.127 0.000 0.010 0.004 0.013 0.114 0.722 
 259 R _   0.009 0.127 0.001 0.011 0.004 0.013 0.114 0.721 
 260 S _   0.009 0.128 0.001 0.013 0.005 0.013 0.115 0.718 
 261 R _   0.009 0.129 0.001 0.014 0.005 0.013 0.115 0.714 
 262 Y _   0.009 0.130 0.001 0.016 0.006 0.013 0.115 0.711 
 263 G _   0.008 0.131 0.001 0.017 0.006 0.013 0.116 0.709 
 264 L _   0.008 0.132 0.001 0.018 0.006 0.013 0.116 0.707 
 265 E _   0.008 0.131 0.001 0.019 0.006 0.012 0.117 0.706 
 266 C _   0.008 0.130 0.001 0.019 0.006 0.012 0.118 0.706 
 267 S _   0.008 0.127 0.001 0.020 0.006 0.012 0.120 0.706 
 268 F _   0.008 0.124 0.001 0.020 0.006 0.012 0.121 0.708 
 269 D _   0.008 0.120 0.001 0.020 0.006 0.012 0.123 0.710 
 270 F _   0.008 0.115 0.001 0.020 0.006 0.011 0.126 0.713 
 271 P _   0.008 0.108 0.001 0.020 0.006 0.011 0.128 0.718 
 272 C _   0.008 0.100 0.001 0.019 0.005 0.011 0.131 0.725 
 273 E _   0.008 0.091 0.001 0.017 0.005 0.010 0.134 0.734 
 274 L _   0.008 0.081 0.001 0.015 0.004 0.009 0.138 0.745 
 275 E _   0.007 0.070 0.001 0.013 0.004 0.009 0.141 0.756 
 276 Y _   0.007 0.061 0.000 0.011 0.003 0.008 0.144 0.766 
 277 S _   0.006 0.053 0.000 0.009 0.003 0.007 0.147 0.775 
 278 P _   0.006 0.047 0.000 0.007 0.002 0.007 0.149 0.782 
 279 P _   0.005 0.043 0.000 0.006 0.002 0.007 0.151 0.785 
 280 L _   0.005 0.041 0.000 0.006 0.002 0.007 0.152 0.786 
 281 H _   0.005 0.040 0.000 0.006 0.002 0.007 0.153 0.786 
 282 D _   0.005 0.041 0.000 0.007 0.002 0.007 0.153 0.784 
 283 L _   0.005 0.043 0.000 0.008 0.003 0.008 0.154 0.780 
 284 R _   0.005 0.046 0.000 0.010 0.003 0.008 0.153 0.774 
 285 N _   0.006 0.050 0.000 0.012 0.003 0.009 0.153 0.767 
 286 Q _   0.006 0.054 0.000 0.014 0.004 0.009 0.153 0.760 
 287 S _   0.006 0.058 0.001 0.016 0.004 0.010 0.152 0.753 
 288 W _   0.006 0.062 0.001 0.018 0.005 0.010 0.152 0.746 
 289 S _   0.006 0.065 0.001 0.020 0.005 0.010 0.153 0.740 
 290 W _   0.006 0.068 0.001 0.021 0.005 0.010 0.153 0.736 
 291 R _   0.006 0.069 0.001 0.022 0.005 0.010 0.154 0.733 
 292 R _   0.006 0.069 0.001 0.022 0.005 0.010 0.155 0.731 
 293 I _   0.006 0.068 0.001 0.022 0.005 0.010 0.157 0.731 
 294 P _   0.006 0.066 0.001 0.021 0.005 0.010 0.160 0.732 
 295 S _   0.006 0.063 0.001 0.020 0.005 0.009 0.162 0.734 
 296 E _   0.006 0.059 0.001 0.019 0.004 0.009 0.165 0.736 
 297 E _   0.006 0.055 0.001 0.017 0.004 0.009 0.168 0.740 
 298 A _   0.006 0.050 0.000 0.015 0.004 0.008 0.171 0.745 
 299 S _   0.006 0.044 0.000 0.013 0.003 0.008 0.175 0.750 
 300 Q _   0.006 0.039 0.000 0.012 0.003 0.007 0.178 0.755 
 301 M _   0.006 0.034 0.000 0.010 0.003 0.007 0.181 0.759 
 302 D _   0.006 0.030 0.000 0.009 0.002 0.006 0.183 0.763 
 303 L _   0.006 0.026 0.000 0.008 0.002 0.006 0.185 0.767 
 304 L _   0.006 0.024 0.000 0.007 0.002 0.006 0.186 0.770 
 305 D _   0.005 0.021 0.000 0.006 0.002 0.005 0.187 0.773 
 306 G _   0.005 0.020 0.000 0.006 0.002 0.005 0.187 0.776 
 307 P _   0.005 0.019 0.000 0.005 0.001 0.005 0.186 0.778 
 308 G _   0.004 0.019 0.000 0.005 0.001 0.005 0.185 0.780 
 309 A _   0.004 0.020 0.000 0.005 0.001 0.006 0.182 0.781 
 310 E _   0.004 0.022 0.000 0.005 0.002 0.006 0.179 0.781 
 311 R _   0.004 0.026 0.000 0.006 0.002 0.008 0.175 0.779 
 312 S _   0.005 0.034 0.000 0.008 0.003 0.010 0.169 0.772 
 313 K _   0.006 0.048 0.001 0.011 0.004 0.012 0.162 0.756 
 314 E _   0.007 0.074 0.001 0.017 0.006 0.016 0.152 0.727 
 315 M _   0.008 0.115 0.001 0.026 0.009 0.019 0.140 0.681 
 316 P _   0.008 0.172 0.002 0.037 0.013 0.021 0.127 0.620 
 317 R _   0.009 0.230 0.002 0.049 0.015 0.022 0.115 0.559 
 318 G _   0.008 0.274 0.002 0.060 0.016 0.023 0.105 0.512 
 319 S _   0.008 0.302 0.001 0.067 0.016 0.022 0.098 0.484 
 320 F _   0.008 0.315 0.001 0.071 0.016 0.022 0.093 0.473 
 321 L _   0.008 0.319 0.001 0.071 0.016 0.021 0.090 0.474 
 322 L _   0.008 0.315 0.001 0.066 0.014 0.019 0.088 0.488 
 323 L _   0.008 0.302 0.001 0.058 0.013 0.018 0.087 0.513 
 324 N _   0.008 0.277 0.001 0.048 0.012 0.016 0.086 0.551 
 325 T _   0.008 0.241 0.001 0.037 0.010 0.015 0.087 0.601 
 326 S _   0.009 0.196 0.001 0.027 0.008 0.014 0.087 0.657 
 327 A _   0.009 0.153 0.001 0.020 0.007 0.013 0.088 0.710 
 328 D _   0.009 0.119 0.001 0.014 0.005 0.013 0.089 0.750 
 329 S _   0.009 0.097 0.001 0.012 0.004 0.012 0.089 0.776 
 330 K _   0.008 0.084 0.000 0.011 0.004 0.012 0.089 0.792 
 331 H _   0.008 0.076 0.000 0.011 0.004 0.012 0.088 0.801 
 332 T _   0.008 0.070 0.000 0.012 0.004 0.012 0.088 0.806 
 333 I _   0.008 0.066 0.001 0.013 0.004 0.012 0.087 0.808 
 334 L _   0.008 0.062 0.001 0.014 0.005 0.012 0.086 0.812 
 335 S _   0.008 0.058 0.001 0.014 0.005 0.012 0.085 0.817 
 336 P _   0.008 0.053 0.001 0.013 0.004 0.012 0.084 0.825 
 337 W _   0.008 0.048 0.001 0.011 0.004 0.012 0.083 0.833 
 338 M _   0.008 0.043 0.000 0.009 0.004 0.013 0.081 0.841 
 339 R _   0.008 0.040 0.000 0.007 0.004 0.014 0.080 0.847 
 340 S _   0.009 0.037 0.000 0.006 0.004 0.015 0.079 0.849 
 341 S _   0.011 0.037 0.000 0.006 0.004 0.018 0.077 0.846 
 342 S _   0.014 0.039 0.001 0.007 0.006 0.021 0.075 0.836 
 343 E _   0.018 0.045 0.001 0.011 0.009 0.026 0.072 0.818 
 344 H _   0.023 0.055 0.001 0.016 0.013 0.030 0.070 0.791 
 345 C _   0.027 0.070 0.001 0.024 0.018 0.035 0.067 0.757 
 346 T _   0.030 0.086 0.002 0.034 0.022 0.037 0.064 0.724 
 347 L _   0.033 0.098 0.002 0.042 0.025 0.039 0.062 0.700 
 348 A _   0.034 0.104 0.002 0.047 0.026 0.039 0.060 0.688 
 349 V _   0.034 0.106 0.002 0.048 0.026 0.038 0.059 0.688 
 350 S _   0.033 0.103 0.002 0.045 0.024 0.035 0.059 0.700 
 351 V _   0.031 0.095 0.002 0.038 0.021 0.033 0.058 0.722 
 352 H _   0.030 0.081 0.002 0.030 0.017 0.030 0.059 0.752 
 353 R _   0.028 0.064 0.001 0.021 0.014 0.027 0.059 0.786 
 354 H _   0.026 0.047 0.001 0.015 0.010 0.024 0.059 0.817 
 355 L _   0.024 0.034 0.001 0.010 0.008 0.022 0.059 0.840 
 356 Q _   0.022 0.026 0.001 0.008 0.007 0.021 0.059 0.856 
 357 P _   0.021 0.022 0.001 0.007 0.006 0.020 0.059 0.863 
 358 S _   0.020 0.021 0.001 0.008 0.006 0.020 0.059 0.866 
 359 G _   0.020 0.020 0.001 0.010 0.007 0.019 0.059 0.864 
 360 R _   0.020 0.021 0.001 0.012 0.007 0.019 0.059 0.861 
 361 Y _   0.019 0.021 0.001 0.015 0.008 0.019 0.059 0.859 
 362 I _   0.019 0.021 0.001 0.016 0.008 0.018 0.058 0.859 
 363 A _   0.017 0.021 0.001 0.016 0.008 0.017 0.058 0.862 
 364 Q _   0.016 0.019 0.001 0.015 0.007 0.016 0.058 0.869 
 365 L _   0.014 0.017 0.001 0.012 0.006 0.015 0.058 0.877 
 366 L _   0.013 0.015 0.001 0.009 0.005 0.014 0.057 0.885 
 367 P _   0.012 0.014 0.000 0.007 0.004 0.014 0.057 0.891 
 368 H _   0.012 0.013 0.000 0.006 0.004 0.014 0.056 0.893 
 369 N _   0.013 0.014 0.000 0.007 0.004 0.015 0.055 0.892 
 370 E _   0.014 0.016 0.001 0.008 0.005 0.016 0.055 0.885 
 371 A _   0.016 0.019 0.001 0.011 0.007 0.018 0.054 0.874 
 372 A _   0.018 0.024 0.001 0.016 0.009 0.019 0.053 0.860 
 373 R _   0.019 0.030 0.001 0.022 0.011 0.021 0.052 0.845 
 374 E _   0.020 0.035 0.001 0.026 0.012 0.021 0.051 0.834 
 375 I _   0.020 0.037 0.001 0.028 0.012 0.021 0.051 0.829 
 376 L _   0.020 0.038 0.001 0.027 0.011 0.020 0.051 0.832 
 377 L _   0.019 0.037 0.001 0.023 0.010 0.019 0.050 0.841 
 378 M _   0.018 0.035 0.001 0.018 0.008 0.017 0.050 0.853 
 379 P _   0.016 0.031 0.001 0.013 0.006 0.016 0.050 0.867 
 380 T _   0.015 0.028 0.001 0.009 0.005 0.015 0.050 0.877 
 381 P _   0.014 0.027 0.000 0.007 0.004 0.015 0.050 0.883 
 382 G _   0.014 0.027 0.000 0.006 0.004 0.015 0.050 0.884 
 383 K _   0.015 0.030 0.001 0.007 0.005 0.016 0.049 0.877 
 384 H _   0.016 0.037 0.001 0.011 0.007 0.018 0.048 0.863 
 385 G _   0.017 0.050 0.001 0.017 0.009 0.019 0.047 0.841 
 386 W _   0.017 0.067 0.001 0.025 0.011 0.020 0.046 0.813 
 387 T _   0.016 0.084 0.001 0.033 0.013 0.021 0.045 0.789 
 388 V _   0.015 0.096 0.001 0.039 0.013 0.020 0.044 0.771 
 389 L _   0.014 0.103 0.001 0.042 0.013 0.019 0.044 0.765 
 390 Q _   0.012 0.105 0.001 0.040 0.011 0.017 0.044 0.770 
 391 G _   0.011 0.103 0.001 0.035 0.009 0.015 0.044 0.783 
 392 R _   0.009 0.097 0.001 0.027 0.007 0.013 0.044 0.801 
 393 I _   0.008 0.089 0.001 0.018 0.005 0.011 0.045 0.822 
 394 G _   0.007 0.081 0.000 0.012 0.004 0.010 0.045 0.841 
 395 R _   0.006 0.076 0.000 0.007 0.003 0.009 0.045 0.853 
 396 P _   0.006 0.074 0.000 0.005 0.002 0.009 0.045 0.858 
 397 D _   0.007 0.075 0.000 0.005 0.003 0.011 0.044 0.855 
 398 N _   0.008 0.083 0.000 0.007 0.004 0.013 0.043 0.841 
 399 P _   0.010 0.105 0.001 0.012 0.007 0.016 0.042 0.809 
 400 F _   0.012 0.151 0.001 0.019 0.010 0.019 0.039 0.748 
 401 R _   0.012 0.224 0.002 0.028 0.014 0.021 0.036 0.664 
 402 V _   0.011 0.302 0.002 0.036 0.015 0.021 0.033 0.580 
 403 A _   0.010 0.363 0.002 0.041 0.015 0.020 0.031 0.519 
 404 L _   0.009 0.400 0.001 0.042 0.013 0.018 0.029 0.486 
 405 E _   0.008 0.420 0.001 0.041 0.012 0.017 0.029 0.473 
 406 Y _   0.007 0.429 0.001 0.037 0.011 0.016 0.028 0.471 
 407 I _   0.007 0.431 0.001 0.031 0.009 0.015 0.028 0.478 
 408 S _   0.007 0.428 0.001 0.024 0.008 0.015 0.029 0.489 
 409 S _   0.007 0.422 0.001 0.019 0.007 0.015 0.029 0.501 
 410 G _   0.007 0.416 0.001 0.015 0.006 0.015 0.029 0.511 
 411 N _   0.008 0.413 0.001 0.012 0.006 0.015 0.030 0.516 
 412 R _   0.009 0.413 0.001 0.012 0.006 0.016 0.030 0.514 
 413 S _   0.010 0.417 0.001 0.014 0.007 0.017 0.030 0.505 
 414 L _   0.010 0.424 0.001 0.017 0.008 0.018 0.031 0.491 
 415 S _   0.011 0.435 0.001 0.022 0.010 0.018 0.031 0.473 
 416 A _   0.012 0.444 0.001 0.027 0.011 0.018 0.031 0.456 
 417 V E   0.012 0.449 0.001 0.032 0.011 0.018 0.032 0.445 
 418 D E   0.012 0.449 0.001 0.036 0.012 0.017 0.033 0.440 
 419 F _   0.012 0.442 0.001 0.037 0.012 0.016 0.034 0.445 
 420 F _   0.012 0.427 0.001 0.037 0.011 0.015 0.036 0.460 
 421 A _   0.012 0.397 0.001 0.035 0.011 0.015 0.039 0.490 
 422 L _   0.012 0.349 0.001 0.032 0.010 0.014 0.043 0.539 
 423 K _   0.012 0.286 0.001 0.027 0.009 0.013 0.048 0.603 
 424 N _   0.012 0.220 0.001 0.021 0.008 0.013 0.053 0.673 
 425 C _   0.011 0.162 0.001 0.016 0.006 0.011 0.058 0.735 
 426 S _   0.010 0.122 0.001 0.011 0.004 0.010 0.062 0.780 
 427 E _   0.008 0.099 0.000 0.008 0.003 0.009 0.065 0.808 
 428 G _   0.007 0.086 0.000 0.006 0.002 0.009 0.066 0.823 
 429 T _   0.006 0.080 0.000 0.005 0.002 0.009 0.067 0.831 
 430 S _   0.006 0.078 0.000 0.005 0.002 0.009 0.068 0.832 
 431 P _   0.006 0.079 0.000 0.006 0.002 0.010 0.068 0.829 
 432 G _   0.007 0.083 0.000 0.007 0.003 0.012 0.067 0.821 
 433 S _   0.007 0.091 0.000 0.009 0.004 0.014 0.066 0.808 
 434 K _   0.008 0.103 0.001 0.011 0.005 0.017 0.065 0.790 
 435 M _   0.010 0.119 0.001 0.014 0.007 0.020 0.063 0.766 
 436 A _   0.011 0.139 0.001 0.016 0.008 0.023 0.061 0.739 
 437 L _   0.013 0.162 0.001 0.019 0.011 0.027 0.060 0.708 
 438 Q _   0.016 0.187 0.001 0.021 0.013 0.030 0.058 0.675 
 439 S _   0.019 0.212 0.001 0.022 0.016 0.034 0.056 0.640 
 440 S _   0.022 0.238 0.002 0.024 0.020 0.037 0.054 0.604 
 441 F _   0.026 0.265 0.002 0.026 0.024 0.040 0.053 0.566 
 442 T _   0.030 0.292 0.002 0.028 0.027 0.042 0.051 0.527 
 443 C _   0.034 0.318 0.002 0.032 0.030 0.043 0.051 0.491 
 444 W _   0.037 0.341 0.002 0.036 0.032 0.043 0.050 0.460 
 445 N _   0.039 0.358 0.002 0.040 0.033 0.042 0.050 0.436 
 446 G _   0.041 0.369 0.002 0.044 0.032 0.040 0.051 0.421 
 447 T _   0.042 0.373 0.002 0.046 0.031 0.038 0.052 0.416 
 448 V _   0.042 0.371 0.002 0.047 0.029 0.036 0.054 0.420 
 449 L _   0.040 0.361 0.002 0.046 0.026 0.033 0.057 0.435 
 450 Q _   0.038 0.342 0.002 0.043 0.023 0.030 0.060 0.463 
 451 L _   0.035 0.309 0.002 0.039 0.020 0.027 0.064 0.504 
 452 G _   0.032 0.264 0.002 0.033 0.016 0.024 0.070 0.560 
 453 Q _   0.028 0.212 0.002 0.028 0.013 0.021 0.075 0.622 
 454 A _   0.024 0.159 0.001 0.022 0.010 0.018 0.081 0.685 
 455 C _   0.020 0.116 0.001 0.017 0.007 0.015 0.086 0.737 
 456 D _   0.017 0.085 0.001 0.013 0.005 0.013 0.090 0.777 
 457 F _   0.013 0.064 0.001 0.010 0.004 0.011 0.093 0.804 
 458 H _   0.011 0.051 0.000 0.008 0.003 0.009 0.096 0.823 
 459 Q _   0.009 0.042 0.000 0.006 0.002 0.008 0.097 0.835 
 460 D _   0.007 0.038 0.000 0.006 0.002 0.007 0.098 0.842 
 461 C _   0.006 0.035 0.000 0.005 0.002 0.007 0.098 0.847 
 462 A _   0.006 0.035 0.000 0.005 0.002 0.007 0.097 0.849 
 463 Q _   0.005 0.035 0.000 0.005 0.002 0.007 0.096 0.849 
 464 G _   0.005 0.038 0.000 0.006 0.002 0.008 0.094 0.847 
 465 E _   0.005 0.043 0.000 0.007 0.002 0.009 0.091 0.841 
 466 D _   0.006 0.051 0.000 0.009 0.003 0.011 0.088 0.831 
 467 E _   0.007 0.066 0.001 0.012 0.004 0.013 0.084 0.814 
 468 S _   0.008 0.087 0.001 0.015 0.006 0.015 0.079 0.788 
 469 Q _   0.008 0.118 0.001 0.020 0.008 0.017 0.074 0.753 
 470 M _   0.009 0.156 0.001 0.025 0.010 0.019 0.068 0.711 
 471 C _   0.009 0.197 0.001 0.029 0.012 0.020 0.063 0.668 
 472 R _   0.009 0.235 0.001 0.033 0.013 0.021 0.059 0.629 
 473 K _   0.009 0.267 0.001 0.036 0.013 0.021 0.055 0.598 
 474 L _   0.009 0.290 0.001 0.037 0.013 0.021 0.052 0.577 
 475 P _   0.010 0.305 0.001 0.036 0.013 0.020 0.050 0.566 
 476 V _   0.010 0.314 0.001 0.034 0.012 0.020 0.048 0.562 
 477 G _   0.010 0.317 0.001 0.031 0.011 0.019 0.047 0.565 
 478 F _   0.010 0.317 0.001 0.026 0.010 0.018 0.046 0.572 
 479 Y _   0.010 0.314 0.001 0.022 0.009 0.018 0.045 0.582 
 480 C _   0.010 0.309 0.001 0.018 0.008 0.017 0.044 0.592 
 481 N _   0.010 0.306 0.001 0.016 0.008 0.017 0.043 0.600 
 482 F _   0.010 0.303 0.001 0.015 0.007 0.017 0.043 0.603 
 483 E _   0.010 0.303 0.001 0.015 0.008 0.018 0.042 0.603 
 484 D _   0.011 0.306 0.001 0.017 0.008 0.018 0.041 0.597 
 485 G _   0.012 0.310 0.001 0.021 0.009 0.018 0.041 0.588 
 486 F _   0.012 0.314 0.001 0.025 0.010 0.018 0.040 0.579 
 487 C _   0.013 0.315 0.001 0.029 0.011 0.018 0.040 0.573 
 488 G _   0.013 0.313 0.001 0.032 0.011 0.017 0.040 0.573 
 489 W _   0.012 0.306 0.001 0.033 0.011 0.017 0.040 0.580 
 490 T _   0.012 0.292 0.001 0.032 0.010 0.015 0.040 0.597 
 491 Q _   0.011 0.268 0.001 0.028 0.010 0.014 0.041 0.625 
 492 G _   0.011 0.235 0.001 0.023 0.009 0.013 0.043 0.665 
 493 T _   0.011 0.195 0.001 0.018 0.007 0.012 0.044 0.712 
 494 L _   0.010 0.160 0.001 0.013 0.005 0.012 0.045 0.754 
 495 S _   0.009 0.135 0.001 0.009 0.004 0.011 0.046 0.785 
 496 P _   0.008 0.121 0.000 0.007 0.003 0.010 0.047 0.803 
 497 H _   0.008 0.114 0.000 0.007 0.003 0.010 0.047 0.810 
 498 T _   0.008 0.112 0.000 0.008 0.003 0.011 0.047 0.810 
 499 P _   0.008 0.114 0.000 0.010 0.004 0.012 0.047 0.805 
 500 Q _   0.008 0.118 0.001 0.015 0.005 0.013 0.046 0.794 
 501 W _   0.008 0.124 0.001 0.020 0.006 0.014 0.046 0.781 
 502 Q _   0.009 0.129 0.001 0.026 0.007 0.014 0.045 0.770 
 503 V _   0.008 0.131 0.001 0.030 0.008 0.014 0.044 0.763 
 504 R _   0.008 0.131 0.001 0.032 0.008 0.014 0.044 0.761 
 505 T _   0.008 0.128 0.001 0.031 0.008 0.013 0.045 0.766 
 506 L _   0.008 0.121 0.001 0.029 0.007 0.012 0.045 0.777 
 507 K _   0.007 0.110 0.001 0.025 0.006 0.011 0.046 0.794 
 508 D _   0.007 0.095 0.001 0.019 0.005 0.010 0.047 0.816 
 509 A _   0.007 0.078 0.001 0.014 0.004 0.009 0.048 0.838 
 510 R _   0.007 0.064 0.000 0.010 0.003 0.008 0.049 0.858 
 511 F _   0.006 0.054 0.000 0.007 0.003 0.008 0.049 0.872 
 512 Q _   0.006 0.048 0.000 0.006 0.002 0.008 0.049 0.880 
 513 D _   0.006 0.046 0.000 0.005 0.002 0.009 0.049 0.883 
 514 H _   0.007 0.045 0.000 0.006 0.003 0.010 0.049 0.881 
 515 Q _   0.008 0.048 0.000 0.008 0.003 0.011 0.048 0.874 
 516 D _   0.009 0.053 0.001 0.011 0.005 0.013 0.047 0.861 
 517 H _   0.010 0.061 0.001 0.016 0.007 0.015 0.046 0.844 
 518 A _   0.011 0.071 0.001 0.023 0.008 0.017 0.045 0.825 
 519 L _   0.011 0.080 0.001 0.029 0.010 0.018 0.043 0.809 
 520 L _   0.011 0.085 0.001 0.032 0.010 0.018 0.042 0.799 
 521 L _   0.011 0.087 0.001 0.033 0.010 0.018 0.042 0.797 
 522 S _   0.011 0.087 0.001 0.031 0.010 0.017 0.041 0.802 
 523 T _   0.010 0.083 0.001 0.027 0.009 0.016 0.041 0.813 
 524 T _   0.010 0.077 0.001 0.022 0.007 0.015 0.041 0.827 
 525 D _   0.009 0.070 0.001 0.016 0.006 0.014 0.041 0.843 
 526 V _   0.009 0.063 0.001 0.012 0.005 0.014 0.041 0.856 
 527 P _   0.009 0.058 0.001 0.009 0.004 0.014 0.040 0.864 
 528 A _   0.010 0.056 0.000 0.008 0.004 0.014 0.040 0.867 
 529 S _   0.011 0.055 0.001 0.009 0.005 0.015 0.040 0.865 
 530 E _   0.012 0.057 0.001 0.011 0.006 0.017 0.039 0.857 
 531 S _   0.014 0.062 0.001 0.016 0.008 0.018 0.038 0.844 
 532 A _   0.015 0.068 0.001 0.022 0.010 0.020 0.037 0.827 
 533 T _   0.016 0.074 0.001 0.029 0.012 0.021 0.037 0.811 
 534 V _   0.017 0.079 0.001 0.036 0.013 0.022 0.036 0.797 
 535 T _   0.017 0.081 0.001 0.040 0.014 0.022 0.036 0.790 
 536 S _   0.017 0.079 0.001 0.042 0.014 0.021 0.036 0.791 
 537 A _   0.016 0.075 0.001 0.039 0.013 0.019 0.036 0.800 
 538 T _   0.015 0.066 0.001 0.034 0.011 0.017 0.037 0.819 
 539 F _   0.014 0.052 0.001 0.026 0.009 0.015 0.038 0.845 
 540 P _   0.013 0.035 0.001 0.018 0.007 0.013 0.038 0.874 
 541 A _   0.012 0.020 0.001 0.011 0.005 0.012 0.039 0.901 
 542 P _   0.012 0.009 0.000 0.006 0.003 0.010 0.039 0.920 
 543 I _   0.013 0.003 0.000 0.004 0.002 0.010 0.039 0.929 
 544 K _   0.016 0.001 0.000 0.002 0.002 0.010 0.038 0.930 
 545 S _   0.024 0.000 0.000 0.002 0.002 0.012 0.038 0.923 
 546 S _   0.038 0.000 0.000 0.002 0.003 0.015 0.036 0.905 
 547 P _   0.063 0.000 0.001 0.002 0.005 0.021 0.035 0.874 
 548 C _   0.101 0.000 0.001 0.003 0.008 0.029 0.033 0.826 
 549 E _   0.150 0.000 0.001 0.004 0.014 0.038 0.030 0.763 
 550 L _   0.203 0.000 0.001 0.006 0.023 0.047 0.028 0.692 
 551 R _   0.259 0.001 0.002 0.008 0.033 0.055 0.025 0.617 
 552 M _   0.307 0.001 0.002 0.010 0.042 0.061 0.023 0.553 
 553 S _   0.348 0.002 0.002 0.012 0.049 0.064 0.022 0.502 
 554 W _   0.382 0.002 0.002 0.012 0.053 0.064 0.021 0.463 
 555 L _   0.405 0.002 0.002 0.012 0.054 0.063 0.020 0.442 
 556 I _   0.420 0.002 0.002 0.010 0.052 0.060 0.020 0.433 
 557 R _   0.425 0.002 0.002 0.009 0.048 0.057 0.020 0.438 
 558 G _   0.421 0.001 0.002 0.007 0.043 0.053 0.020 0.452 
 559 V _   0.411 0.001 0.002 0.006 0.037 0.049 0.021 0.473 
 560 L _   0.392 0.001 0.002 0.005 0.031 0.046 0.022 0.502 
 561 R _   0.365 0.001 0.002 0.005 0.027 0.043 0.023 0.535 
 562 G _   0.335 0.001 0.002 0.005 0.024 0.041 0.024 0.568 
 563 N _   0.300 0.001 0.002 0.007 0.022 0.038 0.026 0.604 
 564 V _   0.262 0.001 0.002 0.010 0.021 0.036 0.028 0.640 
 565 S _   0.222 0.002 0.002 0.014 0.019 0.033 0.030 0.678 
 566 L _   0.182 0.003 0.002 0.017 0.017 0.030 0.032 0.718 
 567 V _   0.145 0.003 0.001 0.018 0.014 0.026 0.034 0.758 
 568 L _   0.112 0.003 0.001 0.016 0.011 0.022 0.036 0.799 
 569 V _   0.082 0.002 0.001 0.013 0.008 0.018 0.038 0.838 
 570 E _   0.058 0.001 0.001 0.009 0.005 0.015 0.039 0.871 
 571 N _   0.041 0.001 0.000 0.006 0.004 0.012 0.040 0.897 
 572 K _   0.029 0.000 0.000 0.004 0.002 0.010 0.040 0.914 
 573 T _   0.023 0.000 0.000 0.002 0.002 0.009 0.040 0.924 
 574 G _   0.020 0.000 0.000 0.002 0.002 0.009 0.039 0.928 
 575 K _   0.021 0.000 0.000 0.001 0.002 0.011 0.039 0.925 
 576 E _   0.028 0.000 0.000 0.002 0.002 0.015 0.038 0.915 
 577 Q _   0.039 0.000 0.000 0.003 0.004 0.020 0.036 0.897 
 578 G _   0.057 0.000 0.001 0.004 0.007 0.028 0.035 0.867 
 579 R _   0.082 0.001 0.001 0.008 0.012 0.037 0.033 0.827 
 580 M _   0.108 0.002 0.001 0.013 0.019 0.047 0.030 0.779 
 581 V _   0.138 0.004 0.002 0.017 0.027 0.055 0.028 0.730 
 582 W _   0.167 0.005 0.002 0.021 0.033 0.061 0.026 0.686 
 583 H _   0.195 0.005 0.002 0.022 0.037 0.064 0.024 0.651 
 584 V _   0.223 0.005 0.002 0.021 0.038 0.065 0.022 0.623 
 585 A _   0.250 0.004 0.002 0.017 0.038 0.064 0.021 0.605 
 586 A _   0.276 0.003 0.002 0.012 0.035 0.062 0.019 0.591 
 587 Y _   0.301 0.001 0.002 0.008 0.031 0.060 0.018 0.579 
 588 E _   0.325 0.001 0.002 0.005 0.028 0.057 0.017 0.566 
 589 G _   0.348 0.000 0.001 0.003 0.025 0.054 0.016 0.551 
 590 L _   0.371 0.000 0.001 0.003 0.024 0.052 0.016 0.533 
 591 S _   0.391 0.000 0.001 0.003 0.025 0.050 0.015 0.514 
 592 L _   0.409 0.000 0.001 0.004 0.026 0.049 0.015 0.495 
 593 W _   0.422 0.000 0.002 0.005 0.028 0.047 0.015 0.480 
 594 Q _   0.427 0.001 0.002 0.007 0.030 0.045 0.016 0.472 
 595 W _   0.424 0.001 0.002 0.009 0.030 0.042 0.016 0.475 
 596 M _   0.414 0.002 0.002 0.011 0.028 0.039 0.017 0.488 
 597 V _   0.396 0.001 0.002 0.011 0.024 0.035 0.018 0.513 
 598 L _   0.372 0.001 0.002 0.009 0.019 0.030 0.019 0.548 
 599 P _   0.345 0.001 0.001 0.006 0.014 0.026 0.020 0.587 
 600 L _   0.318 0.000 0.001 0.004 0.009 0.022 0.021 0.625 
 601 L _   0.295 0.000 0.001 0.002 0.006 0.019 0.021 0.656 
 602 D _   0.280 0.000 0.000 0.001 0.004 0.018 0.021 0.675 
 603 V _   0.277 0.000 0.000 0.001 0.004 0.017 0.022 0.679 
 604 S _   0.287 0.000 0.000 0.001 0.004 0.018 0.022 0.667 
 605 D _   0.312 0.000 0.001 0.001 0.006 0.021 0.022 0.638 
 606 R _   0.349 0.000 0.001 0.001 0.009 0.025 0.022 0.593 
 607 F _   0.392 0.000 0.001 0.002 0.014 0.030 0.022 0.539 
 608 W _   0.434 0.000 0.001 0.003 0.021 0.035 0.022 0.484 
 609 L H   0.466 0.000 0.002 0.005 0.028 0.038 0.023 0.437 
 610 Q H   0.488 0.001 0.002 0.007 0.034 0.041 0.025 0.404 
 611 M H   0.500 0.001 0.002 0.009 0.038 0.041 0.026 0.383 
 612 V H   0.502 0.001 0.002 0.009 0.039 0.041 0.029 0.377 
 613 A H   0.494 0.001 0.002 0.009 0.038 0.040 0.032 0.384 
 614 W H   0.476 0.001 0.002 0.007 0.035 0.038 0.035 0.405 
 615 W H   0.447 0.001 0.002 0.006 0.032 0.037 0.039 0.438 
 616 G _   0.410 0.000 0.002 0.005 0.028 0.035 0.044 0.477 
 617 Q _   0.367 0.000 0.002 0.005 0.024 0.033 0.049 0.519 
 618 G _   0.321 0.000 0.002 0.005 0.020 0.032 0.056 0.564 
 619 S _   0.276 0.000 0.001 0.005 0.018 0.031 0.063 0.605 
 620 R _   0.234 0.000 0.001 0.006 0.016 0.030 0.071 0.642 
 621 A _   0.194 0.001 0.001 0.007 0.014 0.028 0.079 0.675 
 622 I _   0.158 0.001 0.001 0.008 0.012 0.027 0.087 0.705 
 623 V _   0.127 0.001 0.001 0.008 0.011 0.026 0.095 0.731 
 624 A _   0.100 0.001 0.001 0.008 0.009 0.024 0.102 0.754 
 625 F _   0.079 0.001 0.001 0.007 0.008 0.023 0.109 0.772 
 626 D _   0.063 0.001 0.001 0.007 0.007 0.022 0.115 0.784 
 627 N _   0.052 0.002 0.001 0.006 0.007 0.022 0.120 0.790 
 628 I _   0.044 0.003 0.001 0.007 0.007 0.022 0.126 0.790 
 629 S _   0.039 0.004 0.001 0.008 0.008 0.023 0.131 0.785 
 630 I _   0.036 0.007 0.001 0.011 0.010 0.024 0.136 0.775 
 631 S _   0.033 0.011 0.001 0.015 0.012 0.026 0.142 0.761 
 632 L _   0.031 0.016 0.001 0.020 0.013 0.026 0.149 0.744 
 633 D _   0.029 0.021 0.001 0.025 0.015 0.026 0.155 0.727 
 634 C _   0.026 0.025 0.001 0.029 0.015 0.026 0.163 0.714 
 635 Y _   0.024 0.027 0.001 0.032 0.015 0.024 0.172 0.705 
 636 L _   0.021 0.028 0.001 0.032 0.014 0.023 0.181 0.700 
 637 T _   0.019 0.028 0.001 0.030 0.012 0.021 0.191 0.699 
 638 I _   0.016 0.026 0.001 0.027 0.010 0.018 0.202 0.700 
 639 S _   0.014 0.023 0.001 0.022 0.008 0.016 0.213 0.702 
 640 G _   0.012 0.020 0.001 0.018 0.007 0.014 0.225 0.703 
 641 E _   0.011 0.017 0.001 0.015 0.005 0.012 0.236 0.703 
 642 D _   0.010 0.014 0.001 0.012 0.004 0.011 0.248 0.700 
 643 K _   0.009 0.012 0.000 0.010 0.004 0.010 0.258 0.696 
 644 I _   0.008 0.010 0.000 0.009 0.003 0.009 0.269 0.691 
 645 L _   0.008 0.009 0.000 0.008 0.003 0.008 0.278 0.685 
 646 Q _   0.007 0.008 0.000 0.008 0.003 0.008 0.287 0.679 
 647 N _   0.007 0.007 0.000 0.008 0.003 0.008 0.296 0.671 
 648 T _   0.006 0.007 0.000 0.009 0.003 0.007 0.304 0.664 
 649 A _   0.006 0.006 0.000 0.009 0.003 0.007 0.311 0.656 
 650 P _   0.006 0.006 0.000 0.010 0.003 0.007 0.319 0.648 
 651 K _   0.006 0.006 0.000 0.010 0.003 0.007 0.326 0.640 
 652 S _   0.006 0.006 0.000 0.011 0.003 0.007 0.334 0.632 
 653 R _   0.006 0.006 0.000 0.011 0.003 0.007 0.341 0.625 
 654 N _   0.006 0.005 0.000 0.011 0.003 0.007 0.349 0.619 
 655 L _   0.006 0.005 0.000 0.010 0.002 0.006 0.355 0.614 
 656 F _   0.006 0.004 0.000 0.009 0.002 0.006 0.362 0.611 
 657 E _   0.005 0.004 0.000 0.008 0.002 0.006 0.367 0.608 
 658 R _   0.005 0.003 0.000 0.007 0.002 0.005 0.372 0.606 
 659 N _   0.005 0.002 0.000 0.006 0.001 0.005 0.376 0.605 
 660 P _   0.004 0.002 0.000 0.005 0.001 0.004 0.379 0.604 
 661 N _   0.004 0.002 0.000 0.004 0.001 0.004 0.381 0.604 
 662 K _   0.004 0.002 0.000 0.004 0.001 0.004 0.382 0.605 
 663 E _   0.003 0.002 0.000 0.003 0.001 0.004 0.381 0.605 
