#TopoPred_TM8: 8-state transmembrane topology prediction results by no_profile mode 
#probabilities are in the order of H E C I L F X _, the 8 transmembrane topology types used in PDBTM 
   1 M X   0.013 0.001 0.002 0.054 0.009 0.009 0.718 0.192 
   2 E X   0.005 0.001 0.000 0.031 0.002 0.004 0.737 0.220 
   3 K X   0.001 0.001 0.000 0.015 0.001 0.002 0.741 0.239 
   4 D X   0.001 0.001 0.000 0.010 0.000 0.002 0.737 0.249 
   5 G X   0.001 0.002 0.000 0.008 0.001 0.003 0.728 0.256 
   6 L X   0.002 0.003 0.000 0.008 0.001 0.005 0.715 0.265 
   7 C X   0.003 0.007 0.000 0.009 0.002 0.007 0.699 0.273 
   8 R X   0.003 0.013 0.000 0.012 0.003 0.009 0.676 0.282 
   9 A X   0.004 0.024 0.001 0.017 0.004 0.012 0.648 0.292 
  10 D X   0.005 0.041 0.001 0.023 0.006 0.014 0.611 0.300 
  11 Q X   0.005 0.065 0.001 0.029 0.008 0.016 0.570 0.306 
  12 Q X   0.005 0.092 0.001 0.035 0.009 0.018 0.528 0.311 
  13 Y X   0.005 0.121 0.001 0.040 0.011 0.019 0.489 0.314 
  14 E X   0.005 0.146 0.001 0.043 0.011 0.019 0.456 0.318 
  15 C X   0.005 0.168 0.001 0.045 0.012 0.019 0.427 0.323 
  16 V X   0.006 0.184 0.001 0.046 0.012 0.019 0.403 0.329 
  17 A X   0.006 0.197 0.001 0.046 0.012 0.019 0.383 0.337 
  18 E X   0.006 0.206 0.001 0.045 0.012 0.019 0.365 0.347 
  19 I _   0.006 0.211 0.001 0.044 0.011 0.018 0.351 0.358 
  20 G _   0.007 0.213 0.001 0.042 0.011 0.018 0.338 0.370 
  21 E _   0.007 0.213 0.001 0.041 0.011 0.017 0.328 0.383 
  22 G _   0.007 0.210 0.001 0.039 0.010 0.016 0.319 0.398 
  23 A _   0.007 0.203 0.001 0.037 0.009 0.015 0.312 0.415 
  24 Y _   0.007 0.193 0.001 0.034 0.009 0.014 0.306 0.435 
  25 G _   0.008 0.179 0.001 0.030 0.008 0.013 0.301 0.460 
  26 K _   0.007 0.161 0.001 0.026 0.007 0.012 0.297 0.489 
  27 V _   0.007 0.139 0.001 0.021 0.006 0.011 0.293 0.522 
  28 F _   0.007 0.115 0.001 0.017 0.005 0.010 0.290 0.556 
  29 K _   0.006 0.093 0.001 0.013 0.004 0.009 0.286 0.588 
  30 A _   0.006 0.075 0.000 0.009 0.003 0.008 0.282 0.616 
  31 R _   0.005 0.063 0.000 0.007 0.002 0.008 0.278 0.637 
  32 D _   0.005 0.056 0.000 0.005 0.002 0.008 0.273 0.651 
  33 L _   0.005 0.053 0.000 0.005 0.002 0.008 0.267 0.660 
  34 K _   0.005 0.052 0.000 0.006 0.002 0.009 0.261 0.664 
  35 N _   0.006 0.054 0.000 0.008 0.003 0.011 0.253 0.664 
  36 G _   0.007 0.059 0.001 0.011 0.005 0.013 0.245 0.660 
  37 G _   0.009 0.066 0.001 0.017 0.007 0.015 0.236 0.650 
  38 R _   0.010 0.076 0.001 0.023 0.009 0.017 0.226 0.638 
  39 F _   0.011 0.084 0.001 0.030 0.011 0.019 0.217 0.628 
  40 V _   0.011 0.090 0.001 0.036 0.012 0.020 0.209 0.621 
  41 A _   0.011 0.093 0.001 0.039 0.013 0.020 0.202 0.621 
  42 L _   0.011 0.094 0.001 0.039 0.013 0.020 0.196 0.626 
  43 K _   0.011 0.091 0.001 0.037 0.012 0.019 0.192 0.637 
  44 R _   0.011 0.085 0.001 0.033 0.011 0.018 0.189 0.653 
  45 V _   0.011 0.076 0.001 0.027 0.009 0.017 0.186 0.673 
  46 R _   0.010 0.065 0.001 0.022 0.008 0.016 0.183 0.696 
  47 V _   0.010 0.052 0.001 0.017 0.006 0.015 0.181 0.718 
  48 Q _   0.009 0.040 0.001 0.013 0.005 0.014 0.179 0.739 
  49 T _   0.009 0.030 0.001 0.009 0.004 0.013 0.177 0.756 
  50 G _   0.009 0.024 0.000 0.007 0.004 0.014 0.175 0.768 
  51 E _   0.009 0.020 0.000 0.006 0.003 0.014 0.172 0.775 
  52 E _   0.010 0.018 0.000 0.005 0.003 0.016 0.168 0.778 
  53 G _   0.012 0.018 0.000 0.005 0.004 0.018 0.165 0.777 
  54 M _   0.016 0.019 0.001 0.006 0.005 0.022 0.160 0.772 
  55 P _   0.020 0.022 0.001 0.007 0.007 0.027 0.156 0.760 
  56 L _   0.027 0.027 0.001 0.010 0.011 0.033 0.150 0.741 
  57 S _   0.033 0.037 0.001 0.014 0.017 0.040 0.144 0.714 
  58 T _   0.040 0.052 0.002 0.020 0.024 0.046 0.137 0.679 
  59 I _   0.047 0.071 0.002 0.028 0.031 0.051 0.131 0.640 
  60 R _   0.052 0.089 0.002 0.036 0.037 0.055 0.125 0.604 
  61 E _   0.055 0.104 0.002 0.043 0.041 0.056 0.120 0.577 
  62 V _   0.058 0.114 0.002 0.049 0.043 0.056 0.117 0.561 
  63 A _   0.058 0.119 0.002 0.053 0.042 0.054 0.114 0.557 
  64 V _   0.057 0.119 0.002 0.053 0.040 0.051 0.113 0.565 
  65 L _   0.054 0.114 0.002 0.049 0.036 0.047 0.112 0.586 
  66 R _   0.051 0.103 0.002 0.042 0.030 0.042 0.112 0.617 
  67 H _   0.046 0.086 0.002 0.034 0.024 0.037 0.112 0.658 
  68 L _   0.041 0.065 0.002 0.025 0.019 0.033 0.113 0.703 
  69 E _   0.036 0.043 0.001 0.017 0.013 0.028 0.114 0.748 
  70 T _   0.030 0.025 0.001 0.011 0.009 0.025 0.115 0.785 
  71 F _   0.025 0.015 0.001 0.007 0.006 0.022 0.115 0.809 
  72 E _   0.022 0.010 0.001 0.005 0.005 0.020 0.115 0.823 
  73 H _   0.021 0.008 0.000 0.004 0.004 0.019 0.114 0.830 
  74 P _   0.020 0.007 0.000 0.004 0.004 0.019 0.114 0.830 
  75 N _   0.021 0.008 0.001 0.006 0.006 0.021 0.113 0.826 
  76 V _   0.023 0.010 0.001 0.008 0.007 0.022 0.112 0.817 
  77 V _   0.024 0.014 0.001 0.013 0.010 0.024 0.110 0.803 
  78 R _   0.026 0.019 0.001 0.018 0.013 0.026 0.109 0.788 
  79 L _   0.026 0.024 0.001 0.024 0.015 0.027 0.108 0.774 
  80 F _   0.026 0.028 0.001 0.029 0.016 0.027 0.107 0.765 
  81 D _   0.025 0.030 0.001 0.031 0.016 0.026 0.107 0.762 
  82 V _   0.023 0.031 0.001 0.031 0.015 0.025 0.107 0.766 
  83 C _   0.022 0.029 0.001 0.028 0.014 0.023 0.108 0.775 
  84 T _   0.020 0.027 0.001 0.023 0.011 0.021 0.109 0.789 
  85 V _   0.018 0.023 0.001 0.018 0.008 0.019 0.109 0.805 
  86 S _   0.016 0.018 0.001 0.012 0.006 0.017 0.110 0.820 
  87 R _   0.014 0.015 0.001 0.008 0.005 0.015 0.110 0.832 
  88 T _   0.013 0.013 0.000 0.006 0.004 0.014 0.110 0.839 
  89 D _   0.013 0.012 0.000 0.005 0.004 0.015 0.110 0.842 
  90 R _   0.013 0.013 0.000 0.005 0.004 0.016 0.110 0.839 
  91 E _   0.014 0.016 0.001 0.006 0.005 0.017 0.109 0.832 
  92 T _   0.016 0.022 0.001 0.010 0.007 0.020 0.108 0.817 
  93 K _   0.018 0.033 0.001 0.015 0.010 0.022 0.107 0.794 
  94 L _   0.019 0.048 0.001 0.023 0.013 0.024 0.105 0.768 
  95 T _   0.020 0.062 0.001 0.030 0.015 0.025 0.104 0.742 
  96 L _   0.020 0.073 0.001 0.037 0.016 0.025 0.103 0.725 
  97 V _   0.019 0.080 0.001 0.041 0.016 0.025 0.103 0.716 
  98 F _   0.018 0.082 0.001 0.042 0.015 0.023 0.104 0.714 
  99 E _   0.017 0.081 0.001 0.040 0.014 0.022 0.105 0.720 
 100 H _   0.016 0.077 0.001 0.036 0.012 0.020 0.106 0.732 
 101 V _   0.015 0.070 0.001 0.031 0.011 0.018 0.108 0.746 
 102 D _   0.014 0.061 0.001 0.025 0.009 0.016 0.111 0.764 
 103 Q _   0.013 0.050 0.001 0.020 0.007 0.014 0.113 0.781 
 104 D _   0.012 0.039 0.001 0.016 0.006 0.013 0.116 0.797 
 105 L _   0.011 0.030 0.001 0.013 0.005 0.011 0.119 0.811 
 106 T _   0.010 0.022 0.000 0.011 0.004 0.010 0.121 0.822 
 107 T _   0.009 0.015 0.000 0.009 0.003 0.009 0.123 0.831 
 108 Y _   0.008 0.011 0.000 0.008 0.003 0.008 0.124 0.839 
 109 L _   0.008 0.007 0.000 0.006 0.002 0.007 0.125 0.844 
 110 D _   0.007 0.005 0.000 0.005 0.002 0.007 0.125 0.849 
 111 K _   0.006 0.004 0.000 0.005 0.002 0.006 0.125 0.853 
 112 V _   0.006 0.003 0.000 0.004 0.002 0.006 0.124 0.855 
 113 P _   0.006 0.002 0.000 0.003 0.002 0.007 0.123 0.857 
 114 E _   0.006 0.002 0.000 0.003 0.002 0.008 0.121 0.858 
 115 P _   0.007 0.002 0.000 0.003 0.002 0.010 0.118 0.856 
 116 G _   0.009 0.003 0.000 0.004 0.003 0.013 0.115 0.852 
 117 V _   0.012 0.006 0.000 0.005 0.004 0.018 0.112 0.843 
 118 P _   0.016 0.011 0.001 0.007 0.006 0.024 0.107 0.828 
 119 T _   0.023 0.021 0.001 0.010 0.010 0.032 0.101 0.801 
 120 E _   0.031 0.040 0.001 0.015 0.017 0.042 0.094 0.761 
 121 T _   0.038 0.067 0.002 0.021 0.025 0.051 0.087 0.708 
 122 I _   0.045 0.104 0.002 0.028 0.034 0.058 0.079 0.648 
 123 K _   0.051 0.144 0.003 0.036 0.042 0.064 0.072 0.589 
 124 D _   0.055 0.178 0.003 0.044 0.048 0.067 0.066 0.540 
 125 M _   0.059 0.205 0.003 0.051 0.051 0.067 0.061 0.504 
 126 M _   0.061 0.221 0.003 0.055 0.052 0.066 0.057 0.485 
 127 F _   0.062 0.229 0.002 0.057 0.051 0.063 0.054 0.481 
 128 Q _   0.062 0.229 0.002 0.056 0.048 0.060 0.052 0.490 
 129 L _   0.060 0.222 0.002 0.052 0.044 0.056 0.051 0.512 
 130 L _   0.057 0.207 0.002 0.046 0.038 0.051 0.050 0.548 
 131 R _   0.053 0.183 0.002 0.038 0.032 0.046 0.050 0.596 
 132 G _   0.049 0.153 0.002 0.030 0.026 0.041 0.049 0.650 
 133 L _   0.045 0.121 0.002 0.023 0.020 0.037 0.049 0.703 
 134 D _   0.040 0.093 0.001 0.018 0.015 0.033 0.049 0.750 
 135 F _   0.035 0.073 0.001 0.015 0.012 0.029 0.049 0.786 
 136 L _   0.030 0.058 0.001 0.013 0.010 0.026 0.049 0.813 
 137 H _   0.026 0.048 0.001 0.012 0.008 0.023 0.049 0.832 
 138 S _   0.023 0.041 0.001 0.012 0.007 0.021 0.048 0.847 
 139 H _   0.020 0.035 0.001 0.013 0.007 0.019 0.048 0.858 
 140 R _   0.018 0.030 0.001 0.013 0.006 0.017 0.047 0.868 
 141 V _   0.017 0.025 0.001 0.012 0.006 0.016 0.047 0.877 
 142 V _   0.015 0.020 0.001 0.011 0.005 0.014 0.046 0.887 
 143 H _   0.014 0.016 0.001 0.010 0.005 0.013 0.045 0.896 
 144 R _   0.013 0.012 0.001 0.009 0.004 0.012 0.045 0.905 
 145 D _   0.012 0.009 0.000 0.007 0.004 0.012 0.044 0.912 
 146 L _   0.012 0.006 0.000 0.006 0.004 0.011 0.043 0.918 
 147 K _   0.012 0.005 0.000 0.006 0.004 0.011 0.042 0.921 
 148 P _   0.012 0.004 0.000 0.006 0.004 0.012 0.041 0.923 
 149 Q _   0.012 0.003 0.000 0.006 0.004 0.013 0.039 0.922 
 150 N _   0.013 0.003 0.001 0.007 0.005 0.014 0.038 0.920 
 151 I _   0.015 0.004 0.001 0.009 0.005 0.015 0.036 0.916 
 152 L _   0.016 0.004 0.001 0.011 0.006 0.016 0.035 0.911 
 153 V _   0.018 0.005 0.001 0.013 0.007 0.017 0.033 0.906 
 154 T _   0.020 0.005 0.001 0.014 0.008 0.018 0.031 0.903 
 155 S _   0.022 0.005 0.001 0.015 0.009 0.019 0.030 0.901 
 156 S _   0.025 0.004 0.001 0.014 0.009 0.019 0.028 0.899 
 157 G _   0.031 0.004 0.001 0.013 0.009 0.019 0.026 0.897 
 158 Q _   0.038 0.003 0.001 0.011 0.009 0.020 0.024 0.894 
 159 I _   0.050 0.002 0.001 0.009 0.008 0.020 0.023 0.887 
 160 K _   0.067 0.001 0.001 0.007 0.008 0.020 0.021 0.875 
 161 L _   0.090 0.001 0.001 0.006 0.008 0.020 0.019 0.856 
 162 A _   0.121 0.000 0.001 0.004 0.009 0.020 0.017 0.828 
 163 D _   0.161 0.000 0.001 0.003 0.009 0.019 0.014 0.792 
 164 F _   0.211 0.000 0.001 0.003 0.009 0.019 0.012 0.745 
 165 G _   0.270 0.000 0.001 0.002 0.010 0.019 0.010 0.688 
 166 L _   0.339 0.000 0.001 0.002 0.010 0.018 0.008 0.622 
 167 A _   0.412 0.000 0.001 0.001 0.011 0.016 0.007 0.552 
 168 R H   0.490 0.000 0.001 0.001 0.011 0.015 0.005 0.476 
 169 I H   0.569 0.000 0.001 0.001 0.012 0.014 0.004 0.399 
 170 Y H   0.646 0.000 0.001 0.001 0.012 0.012 0.003 0.326 
 171 S H   0.716 0.000 0.001 0.001 0.012 0.010 0.002 0.258 
 172 F H   0.775 0.000 0.001 0.001 0.011 0.009 0.002 0.201 
 173 Q H   0.821 0.000 0.001 0.000 0.011 0.008 0.001 0.157 
 174 M H   0.855 0.000 0.001 0.000 0.011 0.007 0.001 0.125 
 175 A H   0.878 0.000 0.001 0.000 0.011 0.006 0.001 0.104 
 176 L H   0.890 0.000 0.001 0.000 0.011 0.005 0.001 0.092 
 177 T H   0.894 0.000 0.001 0.000 0.011 0.005 0.001 0.088 
 178 S H   0.889 0.000 0.001 0.000 0.012 0.005 0.001 0.092 
 179 V H   0.877 0.000 0.001 0.000 0.012 0.006 0.001 0.103 
 180 V H   0.856 0.000 0.001 0.001 0.013 0.006 0.001 0.123 
 181 V H   0.821 0.000 0.001 0.001 0.013 0.007 0.001 0.155 
 182 T H   0.773 0.000 0.001 0.001 0.014 0.008 0.002 0.200 
 183 L H   0.712 0.000 0.001 0.001 0.015 0.009 0.003 0.258 
 184 W H   0.638 0.000 0.001 0.001 0.014 0.011 0.004 0.330 
 185 Y H   0.555 0.000 0.001 0.002 0.013 0.012 0.005 0.412 
 186 R _   0.462 0.000 0.001 0.002 0.013 0.013 0.007 0.502 
 187 A _   0.374 0.000 0.001 0.003 0.011 0.014 0.009 0.588 
 188 P _   0.297 0.000 0.001 0.004 0.010 0.014 0.011 0.664 
 189 E _   0.233 0.000 0.001 0.004 0.008 0.014 0.012 0.727 
 190 V _   0.183 0.000 0.001 0.005 0.007 0.013 0.014 0.777 
 191 L _   0.146 0.000 0.001 0.005 0.006 0.013 0.015 0.815 
 192 L _   0.120 0.000 0.001 0.004 0.005 0.012 0.016 0.842 
 193 Q _   0.104 0.000 0.001 0.004 0.004 0.012 0.016 0.859 
 194 S _   0.096 0.000 0.000 0.003 0.004 0.012 0.017 0.868 
 195 S _   0.097 0.000 0.000 0.003 0.004 0.012 0.017 0.868 
 196 Y _   0.107 0.000 0.000 0.002 0.004 0.012 0.017 0.857 
 197 A _   0.128 0.000 0.000 0.002 0.004 0.014 0.017 0.835 
 198 T _   0.163 0.000 0.001 0.002 0.005 0.016 0.017 0.798 
 199 P _   0.216 0.000 0.001 0.002 0.007 0.018 0.016 0.740 
 200 V _   0.289 0.000 0.001 0.002 0.010 0.022 0.016 0.661 
 201 D _   0.375 0.000 0.001 0.002 0.015 0.027 0.015 0.565 
 202 L _   0.462 0.000 0.001 0.002 0.022 0.031 0.015 0.467 
 203 W H   0.537 0.000 0.002 0.002 0.030 0.034 0.015 0.379 
 204 S H   0.596 0.000 0.002 0.003 0.037 0.036 0.016 0.310 
 205 V H   0.634 0.001 0.002 0.004 0.044 0.038 0.017 0.260 
 206 G H   0.655 0.002 0.002 0.006 0.049 0.038 0.019 0.230 
 207 C H   0.661 0.002 0.002 0.008 0.052 0.037 0.022 0.216 
 208 I H   0.652 0.003 0.003 0.009 0.052 0.036 0.025 0.219 
 209 F H   0.628 0.004 0.003 0.011 0.051 0.035 0.030 0.239 
 210 A H   0.585 0.004 0.003 0.012 0.047 0.033 0.037 0.280 
 211 E H   0.523 0.003 0.003 0.012 0.041 0.031 0.045 0.341 
 212 M H   0.444 0.003 0.003 0.012 0.033 0.028 0.055 0.423 
 213 F _   0.354 0.002 0.002 0.010 0.024 0.024 0.066 0.516 
 214 R _   0.266 0.001 0.002 0.009 0.016 0.021 0.078 0.608 
 215 R _   0.188 0.001 0.001 0.007 0.010 0.017 0.089 0.686 
 216 K _   0.125 0.001 0.001 0.006 0.007 0.014 0.099 0.747 
 217 P _   0.081 0.000 0.001 0.005 0.005 0.011 0.108 0.789 
 218 L _   0.051 0.000 0.000 0.005 0.003 0.009 0.114 0.817 
 219 F _   0.031 0.000 0.000 0.004 0.002 0.008 0.119 0.835 
 220 R _   0.020 0.001 0.000 0.003 0.002 0.007 0.123 0.844 
 221 G _   0.013 0.001 0.000 0.003 0.002 0.007 0.125 0.848 
 222 S _   0.010 0.001 0.000 0.003 0.002 0.007 0.128 0.848 
 223 S _   0.009 0.003 0.000 0.004 0.002 0.008 0.129 0.845 
 224 D _   0.009 0.006 0.000 0.005 0.003 0.010 0.130 0.838 
 225 V _   0.010 0.011 0.000 0.007 0.004 0.012 0.131 0.825 
 226 D _   0.011 0.022 0.001 0.012 0.006 0.015 0.131 0.803 
 227 Q _   0.013 0.040 0.001 0.018 0.009 0.019 0.131 0.771 
 228 L _   0.014 0.064 0.001 0.026 0.012 0.022 0.130 0.731 
 229 G _   0.015 0.091 0.001 0.037 0.015 0.024 0.130 0.688 
 230 K _   0.015 0.114 0.001 0.047 0.017 0.025 0.131 0.649 
 231 I _   0.015 0.131 0.002 0.056 0.019 0.026 0.132 0.621 
 232 L _   0.015 0.140 0.001 0.061 0.019 0.025 0.134 0.604 
 233 D _   0.015 0.144 0.001 0.063 0.019 0.024 0.137 0.597 
 234 V _   0.015 0.143 0.001 0.060 0.017 0.023 0.141 0.599 
 235 I _   0.014 0.136 0.001 0.055 0.015 0.021 0.147 0.610 
 236 G _   0.014 0.124 0.001 0.046 0.013 0.018 0.154 0.630 
 237 L _   0.013 0.104 0.001 0.036 0.010 0.016 0.163 0.657 
 238 P _   0.012 0.079 0.001 0.026 0.008 0.014 0.172 0.689 
 239 G _   0.011 0.055 0.001 0.017 0.006 0.011 0.180 0.720 
 240 E _   0.009 0.035 0.001 0.011 0.004 0.010 0.187 0.744 
 241 E _   0.008 0.023 0.000 0.007 0.003 0.008 0.193 0.759 
 242 D _   0.007 0.016 0.000 0.005 0.002 0.007 0.197 0.766 
 243 W _   0.006 0.014 0.000 0.004 0.002 0.007 0.200 0.767 
 244 P _   0.006 0.013 0.000 0.004 0.002 0.007 0.202 0.765 
 245 R _   0.006 0.013 0.000 0.006 0.002 0.008 0.204 0.759 
 246 D _   0.007 0.015 0.000 0.008 0.003 0.009 0.206 0.751 
 247 V _   0.007 0.018 0.000 0.012 0.004 0.010 0.207 0.741 
 248 A _   0.008 0.021 0.001 0.016 0.005 0.011 0.209 0.729 
 249 L _   0.008 0.024 0.001 0.020 0.006 0.012 0.210 0.720 
 250 P _   0.007 0.026 0.001 0.022 0.006 0.012 0.212 0.714 
 251 R _   0.007 0.026 0.001 0.022 0.006 0.011 0.214 0.713 
 252 Q _   0.006 0.025 0.001 0.019 0.005 0.011 0.217 0.715 
 253 A _   0.006 0.024 0.001 0.016 0.005 0.010 0.220 0.720 
 254 F _   0.005 0.021 0.000 0.012 0.004 0.009 0.223 0.725 
 255 H _   0.005 0.019 0.000 0.009 0.003 0.009 0.226 0.729 
 256 S _   0.005 0.017 0.000 0.007 0.003 0.009 0.228 0.730 
 257 K _   0.006 0.016 0.000 0.006 0.003 0.009 0.231 0.729 
 258 S _   0.006 0.017 0.000 0.007 0.003 0.010 0.233 0.724 
 259 A _   0.007 0.018 0.000 0.009 0.004 0.011 0.236 0.715 
 260 Q _   0.008 0.021 0.001 0.011 0.005 0.012 0.238 0.704 
 261 P _   0.010 0.024 0.001 0.015 0.006 0.013 0.241 0.690 
 262 I _   0.010 0.027 0.001 0.020 0.007 0.014 0.244 0.677 
 263 E _   0.010 0.030 0.001 0.023 0.008 0.014 0.247 0.666 
 264 K _   0.010 0.031 0.001 0.024 0.008 0.014 0.251 0.660 
 265 F _   0.010 0.031 0.001 0.023 0.008 0.014 0.256 0.658 
 266 V _   0.009 0.029 0.001 0.020 0.007 0.013 0.262 0.660 
 267 T _   0.008 0.026 0.001 0.016 0.006 0.012 0.268 0.664 
 268 D _   0.008 0.023 0.001 0.012 0.005 0.011 0.273 0.669 
 269 I _   0.007 0.020 0.000 0.008 0.004 0.010 0.278 0.672 
 270 D _   0.007 0.019 0.000 0.006 0.003 0.010 0.283 0.672 
 271 E _   0.007 0.018 0.000 0.005 0.003 0.010 0.287 0.670 
 272 L _   0.007 0.018 0.000 0.005 0.003 0.011 0.291 0.664 
 273 G _   0.008 0.020 0.000 0.006 0.004 0.012 0.295 0.656 
 274 K _   0.009 0.023 0.001 0.009 0.005 0.013 0.298 0.643 
 275 D _   0.010 0.029 0.001 0.012 0.006 0.015 0.301 0.626 
 276 L _   0.011 0.036 0.001 0.017 0.008 0.017 0.304 0.607 
 277 L _   0.011 0.043 0.001 0.021 0.009 0.018 0.307 0.588 
 278 L _   0.012 0.049 0.001 0.025 0.011 0.019 0.312 0.572 
 279 K _   0.012 0.053 0.001 0.027 0.011 0.019 0.317 0.560 
 280 C _   0.011 0.055 0.001 0.027 0.011 0.019 0.323 0.553 
 281 L _   0.011 0.055 0.001 0.025 0.011 0.018 0.331 0.548 
 282 T _   0.011 0.054 0.001 0.023 0.010 0.018 0.339 0.546 
 283 F _   0.011 0.051 0.001 0.019 0.009 0.017 0.347 0.545 
 284 N _   0.011 0.048 0.001 0.016 0.008 0.016 0.357 0.544 
 285 P _   0.011 0.046 0.001 0.013 0.007 0.016 0.366 0.541 
 286 A _   0.011 0.044 0.001 0.012 0.006 0.015 0.376 0.535 
 287 K _   0.011 0.043 0.001 0.011 0.006 0.015 0.386 0.528 
 288 R _   0.011 0.042 0.001 0.011 0.006 0.015 0.395 0.518 
 289 I _   0.011 0.042 0.001 0.012 0.006 0.015 0.405 0.506 
 290 S _   0.011 0.043 0.001 0.014 0.007 0.015 0.416 0.493 
 291 A _   0.011 0.044 0.001 0.016 0.007 0.015 0.426 0.479 
 292 Y _   0.011 0.045 0.001 0.017 0.008 0.015 0.438 0.465 
 293 S _   0.010 0.045 0.001 0.019 0.008 0.015 0.450 0.452 
 294 A X   0.010 0.045 0.001 0.020 0.008 0.014 0.464 0.439 
 295 L X   0.009 0.044 0.001 0.020 0.008 0.014 0.478 0.428 
 296 S X   0.008 0.042 0.001 0.019 0.007 0.013 0.493 0.417 
 297 H X   0.008 0.039 0.001 0.018 0.006 0.012 0.510 0.407 
 298 P X   0.007 0.036 0.001 0.017 0.006 0.011 0.527 0.396 
 299 Y X   0.006 0.033 0.001 0.016 0.005 0.010 0.545 0.384 
 300 F X   0.006 0.030 0.001 0.015 0.005 0.010 0.563 0.372 
 301 Q X   0.006 0.026 0.001 0.014 0.005 0.009 0.582 0.358 
 302 D X   0.005 0.024 0.001 0.013 0.004 0.009 0.601 0.343 
 303 L X   0.005 0.021 0.001 0.013 0.004 0.008 0.620 0.328 
 304 E X   0.005 0.018 0.001 0.013 0.004 0.008 0.640 0.313 
 305 R X   0.004 0.016 0.000 0.012 0.004 0.007 0.659 0.297 
 306 C X   0.004 0.014 0.000 0.012 0.003 0.007 0.678 0.281 
 307 K X   0.004 0.012 0.000 0.011 0.003 0.006 0.698 0.265 
 308 E X   0.004 0.010 0.000 0.010 0.003 0.006 0.717 0.250 
 309 N X   0.003 0.008 0.000 0.009 0.003 0.005 0.736 0.235 
 310 L X   0.003 0.007 0.000 0.008 0.002 0.005 0.754 0.220 
 311 D X   0.003 0.005 0.000 0.007 0.002 0.004 0.772 0.207 
 312 S X   0.002 0.004 0.000 0.006 0.002 0.004 0.787 0.195 
 313 H X   0.002 0.003 0.000 0.005 0.001 0.003 0.800 0.185 
 314 L X   0.002 0.003 0.000 0.004 0.001 0.003 0.812 0.176 
 315 P X   0.002 0.002 0.000 0.003 0.001 0.002 0.822 0.168 
 316 P X   0.002 0.002 0.000 0.003 0.001 0.002 0.830 0.161 
 317 S X   0.001 0.002 0.000 0.002 0.001 0.002 0.837 0.155 
 318 Q X   0.001 0.002 0.000 0.003 0.001 0.002 0.842 0.150 
 319 N X   0.001 0.002 0.000 0.003 0.001 0.002 0.846 0.146 
 320 T X   0.001 0.002 0.000 0.003 0.001 0.002 0.849 0.142 
 321 S X   0.001 0.003 0.000 0.004 0.001 0.001 0.853 0.138 
 322 E X   0.000 0.003 0.000 0.004 0.000 0.001 0.855 0.136 
 323 L X   0.000 0.003 0.000 0.003 0.000 0.000 0.857 0.136 
 324 N X   0.000 0.003 0.000 0.003 0.000 0.000 0.856 0.137 
 325 T X   0.000 0.003 0.000 0.005 0.000 0.000 0.851 0.140 
 326 A X   0.002 0.004 0.001 0.014 0.003 0.002 0.830 0.143 
