#TopoPred_TM8: 8-state transmembrane topology prediction results by no_profile mode 
#probabilities are in the order of H E C I L F X _, the 8 transmembrane topology types used in PDBTM 
   1 M X   0.013 0.002 0.002 0.049 0.008 0.009 0.758 0.159 
   2 E X   0.004 0.001 0.000 0.027 0.002 0.004 0.778 0.184 
   3 R X   0.001 0.001 0.000 0.013 0.000 0.002 0.782 0.201 
   4 P X   0.001 0.001 0.000 0.008 0.000 0.002 0.778 0.209 
   5 P X   0.001 0.003 0.000 0.007 0.001 0.003 0.771 0.215 
   6 G X   0.002 0.006 0.000 0.008 0.001 0.005 0.757 0.222 
   7 L X   0.003 0.012 0.000 0.010 0.002 0.007 0.738 0.229 
   8 R X   0.004 0.024 0.000 0.015 0.003 0.010 0.707 0.236 
   9 P X   0.005 0.049 0.001 0.022 0.005 0.014 0.662 0.242 
  10 G X   0.005 0.092 0.001 0.032 0.008 0.018 0.600 0.243 
  11 A X   0.006 0.154 0.002 0.043 0.012 0.021 0.524 0.239 
  12 G X   0.006 0.233 0.002 0.051 0.015 0.022 0.443 0.229 
  13 G X   0.005 0.314 0.002 0.054 0.016 0.022 0.371 0.215 
  14 P E   0.005 0.390 0.002 0.054 0.016 0.021 0.312 0.201 
  15 W E   0.004 0.453 0.002 0.051 0.015 0.020 0.266 0.189 
  16 E E   0.004 0.503 0.002 0.047 0.014 0.019 0.232 0.180 
  17 M E   0.004 0.540 0.001 0.043 0.013 0.018 0.207 0.174 
  18 R E   0.004 0.567 0.001 0.039 0.012 0.017 0.188 0.173 
  19 E E   0.004 0.585 0.001 0.035 0.011 0.016 0.174 0.174 
  20 R E   0.004 0.597 0.001 0.032 0.010 0.016 0.163 0.177 
  21 L E   0.004 0.605 0.001 0.029 0.010 0.015 0.154 0.181 
  22 G E   0.005 0.609 0.001 0.027 0.010 0.015 0.147 0.187 
  23 T E   0.005 0.611 0.001 0.025 0.009 0.015 0.141 0.193 
  24 G E   0.005 0.609 0.001 0.024 0.009 0.015 0.136 0.200 
  25 G E   0.006 0.605 0.001 0.023 0.009 0.015 0.132 0.209 
  26 F E   0.007 0.597 0.001 0.023 0.010 0.015 0.128 0.220 
  27 G E   0.007 0.586 0.001 0.022 0.010 0.015 0.125 0.233 
  28 N E   0.008 0.570 0.001 0.022 0.010 0.015 0.123 0.250 
  29 V E   0.009 0.548 0.001 0.021 0.010 0.015 0.122 0.273 
  30 C E   0.010 0.520 0.001 0.020 0.010 0.016 0.120 0.303 
  31 L E   0.010 0.486 0.001 0.019 0.010 0.016 0.120 0.338 
  32 Y E   0.011 0.450 0.001 0.017 0.009 0.016 0.119 0.376 
  33 Q E   0.011 0.416 0.001 0.015 0.008 0.017 0.119 0.413 
  34 H _   0.011 0.386 0.001 0.013 0.008 0.017 0.118 0.446 
  35 R _   0.011 0.364 0.001 0.012 0.007 0.017 0.118 0.470 
  36 E _   0.011 0.348 0.001 0.011 0.007 0.018 0.117 0.488 
  37 L _   0.011 0.339 0.001 0.011 0.007 0.018 0.116 0.498 
  38 D _   0.011 0.333 0.001 0.012 0.007 0.019 0.115 0.503 
  39 L _   0.012 0.330 0.001 0.014 0.008 0.019 0.114 0.503 
  40 K _   0.012 0.329 0.001 0.017 0.009 0.019 0.113 0.501 
  41 I _   0.013 0.328 0.001 0.020 0.010 0.019 0.112 0.498 
  42 A _   0.013 0.326 0.001 0.024 0.010 0.019 0.111 0.496 
  43 I _   0.013 0.322 0.001 0.027 0.011 0.019 0.111 0.497 
  44 K _   0.013 0.313 0.001 0.029 0.011 0.018 0.111 0.503 
  45 S _   0.013 0.297 0.001 0.030 0.012 0.018 0.112 0.517 
  46 C _   0.013 0.274 0.001 0.030 0.011 0.017 0.113 0.540 
  47 R _   0.013 0.239 0.001 0.028 0.011 0.016 0.116 0.575 
  48 L _   0.013 0.195 0.001 0.024 0.010 0.015 0.119 0.622 
  49 E _   0.013 0.146 0.001 0.020 0.008 0.015 0.122 0.675 
  50 L _   0.012 0.100 0.001 0.014 0.007 0.014 0.126 0.726 
  51 S _   0.011 0.067 0.001 0.010 0.005 0.013 0.128 0.766 
  52 T _   0.010 0.046 0.000 0.007 0.004 0.012 0.130 0.791 
  53 K _   0.010 0.036 0.000 0.005 0.003 0.012 0.130 0.804 
  54 N _   0.010 0.032 0.000 0.004 0.003 0.013 0.130 0.808 
  55 R _   0.011 0.031 0.000 0.005 0.003 0.014 0.130 0.805 
  56 E _   0.012 0.033 0.000 0.007 0.005 0.016 0.130 0.796 
  57 R _   0.014 0.038 0.001 0.012 0.007 0.019 0.129 0.782 
  58 W _   0.015 0.045 0.001 0.018 0.010 0.022 0.128 0.761 
  59 C _   0.017 0.055 0.001 0.026 0.012 0.024 0.127 0.739 
  60 H _   0.017 0.063 0.001 0.034 0.015 0.025 0.126 0.719 
  61 E _   0.018 0.068 0.001 0.040 0.016 0.025 0.126 0.707 
  62 I _   0.018 0.070 0.001 0.042 0.016 0.024 0.126 0.703 
  63 Q _   0.017 0.068 0.001 0.040 0.015 0.023 0.127 0.708 
  64 I _   0.017 0.064 0.001 0.036 0.013 0.021 0.129 0.720 
  65 M _   0.016 0.056 0.001 0.029 0.011 0.019 0.131 0.737 
  66 K _   0.015 0.046 0.001 0.023 0.009 0.017 0.134 0.757 
  67 K _   0.013 0.034 0.001 0.017 0.007 0.015 0.136 0.777 
  68 L _   0.012 0.023 0.001 0.012 0.006 0.014 0.139 0.793 
  69 N _   0.012 0.016 0.001 0.009 0.005 0.012 0.141 0.805 
  70 H _   0.011 0.011 0.000 0.007 0.004 0.011 0.143 0.812 
  71 A _   0.010 0.008 0.000 0.007 0.004 0.011 0.145 0.816 
  72 N _   0.010 0.006 0.000 0.006 0.003 0.010 0.146 0.817 
  73 V _   0.010 0.005 0.000 0.006 0.003 0.010 0.147 0.817 
  74 V _   0.010 0.004 0.000 0.007 0.003 0.011 0.148 0.817 
  75 K _   0.010 0.003 0.000 0.007 0.003 0.011 0.149 0.816 
  76 A _   0.010 0.003 0.000 0.007 0.004 0.011 0.149 0.816 
  77 C _   0.011 0.002 0.000 0.006 0.004 0.012 0.150 0.814 
  78 D _   0.011 0.002 0.000 0.006 0.004 0.013 0.150 0.813 
  79 V _   0.013 0.002 0.000 0.006 0.004 0.015 0.150 0.810 
  80 P _   0.015 0.002 0.001 0.006 0.005 0.017 0.150 0.805 
  81 E _   0.019 0.002 0.001 0.006 0.005 0.020 0.150 0.798 
  82 E _   0.023 0.002 0.001 0.006 0.006 0.023 0.150 0.789 
  83 L _   0.028 0.003 0.001 0.006 0.008 0.026 0.150 0.778 
  84 N _   0.034 0.004 0.001 0.007 0.010 0.031 0.149 0.764 
  85 I _   0.041 0.007 0.001 0.008 0.013 0.035 0.149 0.746 
  86 L _   0.049 0.010 0.001 0.010 0.016 0.040 0.149 0.724 
  87 I _   0.057 0.015 0.001 0.013 0.021 0.045 0.149 0.698 
  88 H _   0.065 0.023 0.002 0.016 0.026 0.049 0.149 0.671 
  89 D _   0.070 0.031 0.002 0.021 0.031 0.051 0.150 0.645 
  90 V _   0.074 0.040 0.002 0.026 0.034 0.052 0.151 0.620 
  91 P _   0.075 0.048 0.002 0.032 0.036 0.052 0.153 0.602 
  92 L _   0.074 0.054 0.002 0.036 0.036 0.050 0.156 0.592 
  93 L _   0.070 0.057 0.002 0.039 0.034 0.047 0.160 0.592 
  94 A _   0.065 0.057 0.002 0.038 0.030 0.043 0.164 0.600 
  95 M _   0.058 0.055 0.002 0.036 0.025 0.038 0.170 0.616 
  96 E _   0.050 0.051 0.002 0.032 0.020 0.033 0.176 0.637 
  97 Y _   0.041 0.044 0.001 0.027 0.016 0.028 0.182 0.661 
  98 C _   0.034 0.037 0.001 0.022 0.011 0.023 0.188 0.684 
  99 S _   0.027 0.030 0.001 0.017 0.008 0.019 0.194 0.703 
 100 G _   0.022 0.023 0.001 0.014 0.006 0.016 0.200 0.718 
 101 G _   0.018 0.017 0.001 0.012 0.005 0.013 0.205 0.730 
 102 D _   0.015 0.013 0.000 0.010 0.004 0.011 0.210 0.738 
 103 L _   0.012 0.009 0.000 0.008 0.003 0.009 0.214 0.744 
 104 R _   0.010 0.006 0.000 0.007 0.002 0.008 0.217 0.750 
 105 K _   0.008 0.004 0.000 0.006 0.002 0.006 0.219 0.754 
 106 L _   0.007 0.003 0.000 0.005 0.002 0.006 0.220 0.758 
 107 L _   0.006 0.002 0.000 0.004 0.001 0.005 0.221 0.762 
 108 N _   0.005 0.001 0.000 0.003 0.001 0.005 0.221 0.764 
 109 K _   0.004 0.001 0.000 0.003 0.001 0.005 0.220 0.766 
 110 P _   0.004 0.001 0.000 0.003 0.001 0.005 0.218 0.768 
 111 E _   0.005 0.001 0.000 0.003 0.001 0.007 0.215 0.769 
 112 N _   0.005 0.001 0.000 0.003 0.002 0.009 0.212 0.768 
 113 C _   0.007 0.002 0.000 0.004 0.002 0.012 0.208 0.765 
 114 C _   0.009 0.003 0.000 0.006 0.003 0.016 0.203 0.760 
 115 G _   0.012 0.006 0.001 0.008 0.005 0.022 0.197 0.749 
 116 L _   0.017 0.011 0.001 0.012 0.009 0.029 0.189 0.733 
 117 K _   0.023 0.018 0.001 0.016 0.013 0.036 0.181 0.712 
 118 E _   0.031 0.026 0.001 0.020 0.019 0.044 0.173 0.687 
 119 S _   0.039 0.034 0.002 0.024 0.024 0.051 0.165 0.661 
 120 Q _   0.047 0.043 0.002 0.028 0.030 0.056 0.158 0.637 
 121 I _   0.055 0.049 0.002 0.030 0.035 0.060 0.152 0.617 
 122 L _   0.062 0.054 0.002 0.031 0.039 0.063 0.146 0.602 
 123 S _   0.069 0.057 0.002 0.031 0.042 0.064 0.142 0.594 
 124 L _   0.074 0.058 0.002 0.030 0.042 0.063 0.139 0.591 
 125 L _   0.077 0.058 0.002 0.029 0.041 0.061 0.136 0.595 
 126 S _   0.079 0.056 0.002 0.027 0.038 0.059 0.134 0.605 
 127 D _   0.078 0.054 0.002 0.026 0.035 0.055 0.133 0.618 
 128 I _   0.076 0.051 0.002 0.024 0.031 0.051 0.132 0.633 
 129 G _   0.072 0.047 0.002 0.023 0.027 0.047 0.132 0.651 
 130 S _   0.067 0.043 0.002 0.022 0.023 0.042 0.132 0.670 
 131 G _   0.061 0.038 0.001 0.020 0.019 0.037 0.132 0.691 
 132 I _   0.054 0.033 0.001 0.018 0.015 0.033 0.133 0.713 
 133 R _   0.047 0.027 0.001 0.016 0.012 0.028 0.133 0.735 
 134 Y _   0.038 0.022 0.001 0.014 0.010 0.024 0.134 0.757 
 135 L _   0.031 0.017 0.001 0.012 0.008 0.020 0.134 0.776 
 136 H _   0.025 0.013 0.001 0.011 0.006 0.017 0.135 0.792 
 137 E _   0.020 0.010 0.001 0.009 0.005 0.015 0.135 0.805 
 138 N _   0.016 0.008 0.001 0.008 0.004 0.013 0.135 0.815 
 139 K _   0.013 0.006 0.000 0.008 0.004 0.011 0.135 0.823 
 140 I _   0.011 0.005 0.000 0.007 0.003 0.010 0.135 0.829 
 141 I _   0.010 0.004 0.000 0.006 0.003 0.009 0.134 0.833 
 142 H _   0.009 0.004 0.000 0.006 0.003 0.008 0.133 0.837 
 143 R _   0.008 0.003 0.000 0.006 0.003 0.008 0.132 0.841 
 144 D _   0.007 0.003 0.000 0.005 0.002 0.007 0.131 0.844 
 145 L _   0.007 0.003 0.000 0.005 0.002 0.007 0.129 0.846 
 146 K _   0.006 0.003 0.000 0.005 0.002 0.008 0.127 0.848 
 147 P _   0.007 0.004 0.000 0.005 0.003 0.009 0.125 0.848 
 148 E _   0.007 0.006 0.000 0.006 0.003 0.010 0.122 0.846 
 149 N _   0.008 0.008 0.000 0.007 0.004 0.012 0.119 0.842 
 150 I _   0.009 0.011 0.001 0.009 0.005 0.014 0.116 0.836 
 151 V _   0.011 0.016 0.001 0.011 0.006 0.016 0.113 0.827 
 152 L _   0.012 0.023 0.001 0.013 0.007 0.019 0.109 0.816 
 153 Q _   0.014 0.030 0.001 0.015 0.009 0.022 0.105 0.804 
 154 D _   0.016 0.038 0.001 0.017 0.011 0.025 0.101 0.790 
 155 V _   0.019 0.046 0.001 0.019 0.013 0.028 0.097 0.775 
 156 G _   0.022 0.055 0.001 0.022 0.016 0.031 0.094 0.759 
 157 G _   0.025 0.065 0.001 0.024 0.018 0.034 0.090 0.742 
 158 K _   0.028 0.074 0.001 0.028 0.021 0.036 0.087 0.724 
 159 I _   0.030 0.084 0.002 0.032 0.023 0.037 0.085 0.707 
 160 I _   0.031 0.091 0.002 0.038 0.025 0.037 0.083 0.693 
 161 H _   0.032 0.097 0.002 0.042 0.025 0.037 0.081 0.684 
 162 K _   0.032 0.100 0.002 0.046 0.024 0.035 0.080 0.681 
 163 I _   0.031 0.100 0.002 0.047 0.023 0.033 0.080 0.685 
 164 I _   0.029 0.097 0.002 0.046 0.020 0.030 0.080 0.697 
 165 D _   0.027 0.089 0.001 0.042 0.017 0.026 0.081 0.717 
 166 L _   0.024 0.076 0.001 0.035 0.014 0.022 0.082 0.746 
 167 G _   0.021 0.058 0.001 0.026 0.010 0.019 0.083 0.782 
 168 Y _   0.018 0.037 0.001 0.017 0.007 0.015 0.085 0.819 
 169 A _   0.015 0.019 0.001 0.010 0.005 0.013 0.085 0.852 
 170 K _   0.013 0.008 0.000 0.006 0.003 0.011 0.085 0.874 
 171 D _   0.012 0.002 0.000 0.003 0.002 0.010 0.084 0.886 
 172 V _   0.014 0.001 0.000 0.002 0.002 0.010 0.083 0.889 
 173 D _   0.019 0.000 0.000 0.001 0.002 0.012 0.081 0.884 
 174 Q _   0.032 0.000 0.000 0.001 0.003 0.016 0.079 0.869 
 175 G _   0.055 0.000 0.000 0.002 0.005 0.024 0.076 0.838 
 176 S _   0.090 0.001 0.001 0.003 0.011 0.036 0.072 0.786 
 177 L _   0.132 0.005 0.001 0.006 0.022 0.050 0.068 0.715 
 178 C _   0.174 0.017 0.002 0.011 0.039 0.064 0.063 0.630 
 179 T _   0.208 0.040 0.003 0.019 0.056 0.074 0.058 0.542 
 180 S _   0.230 0.067 0.003 0.028 0.069 0.079 0.055 0.468 
 181 F _   0.244 0.090 0.003 0.037 0.077 0.081 0.052 0.416 
 182 V _   0.251 0.106 0.003 0.043 0.080 0.079 0.051 0.387 
 183 G _   0.250 0.115 0.003 0.047 0.079 0.075 0.050 0.380 
 184 T _   0.244 0.116 0.003 0.048 0.075 0.071 0.050 0.393 
 185 L _   0.230 0.113 0.003 0.046 0.068 0.064 0.051 0.425 
 186 Q _   0.208 0.103 0.003 0.041 0.058 0.057 0.052 0.477 
 187 Y _   0.181 0.086 0.003 0.034 0.045 0.049 0.054 0.547 
 188 L _   0.149 0.065 0.002 0.027 0.033 0.041 0.056 0.626 
 189 A _   0.116 0.042 0.002 0.020 0.021 0.033 0.059 0.707 
 190 P _   0.086 0.025 0.001 0.014 0.013 0.026 0.060 0.774 
 191 E _   0.062 0.013 0.001 0.009 0.008 0.020 0.062 0.825 
 192 L _   0.044 0.007 0.001 0.007 0.005 0.016 0.062 0.860 
 193 F _   0.031 0.003 0.000 0.005 0.003 0.012 0.062 0.882 
 194 E _   0.024 0.002 0.000 0.004 0.002 0.010 0.062 0.897 
 195 N _   0.019 0.001 0.000 0.003 0.002 0.009 0.061 0.905 
 196 K _   0.018 0.000 0.000 0.003 0.002 0.008 0.060 0.909 
 197 P _   0.020 0.000 0.000 0.003 0.002 0.008 0.058 0.909 
 198 Y _   0.025 0.000 0.000 0.002 0.002 0.009 0.056 0.905 
 199 T _   0.037 0.000 0.000 0.002 0.003 0.010 0.053 0.894 
 200 A _   0.057 0.000 0.000 0.003 0.003 0.012 0.050 0.875 
 201 T _   0.091 0.000 0.001 0.002 0.005 0.015 0.046 0.841 
 202 V _   0.141 0.000 0.001 0.003 0.007 0.019 0.041 0.789 
 203 D _   0.211 0.000 0.001 0.003 0.010 0.024 0.036 0.717 
 204 Y _   0.299 0.000 0.001 0.002 0.015 0.029 0.030 0.624 
 205 W _   0.393 0.000 0.002 0.003 0.021 0.033 0.025 0.523 
 206 S H   0.485 0.000 0.002 0.003 0.029 0.037 0.021 0.424 
 207 F H   0.565 0.000 0.002 0.003 0.037 0.039 0.018 0.337 
 208 G H   0.624 0.000 0.002 0.003 0.043 0.040 0.016 0.272 
 209 T H   0.669 0.000 0.002 0.004 0.047 0.039 0.015 0.224 
 210 M H   0.697 0.001 0.002 0.004 0.049 0.037 0.014 0.196 
 211 V H   0.710 0.001 0.002 0.005 0.050 0.036 0.014 0.183 
 212 F H   0.710 0.001 0.002 0.005 0.049 0.034 0.014 0.185 
 213 E H   0.695 0.001 0.002 0.006 0.046 0.032 0.015 0.203 
 214 C H   0.665 0.001 0.002 0.005 0.042 0.030 0.016 0.238 
 215 I H   0.620 0.001 0.002 0.005 0.037 0.029 0.018 0.289 
 216 A H   0.558 0.000 0.002 0.005 0.030 0.027 0.020 0.357 
 217 G H   0.485 0.000 0.002 0.004 0.023 0.026 0.023 0.437 
 218 Y _   0.408 0.000 0.001 0.004 0.017 0.024 0.026 0.519 
 219 R _   0.332 0.000 0.001 0.003 0.013 0.023 0.030 0.597 
 220 P _   0.265 0.000 0.001 0.004 0.011 0.023 0.033 0.663 
 221 F _   0.210 0.000 0.001 0.005 0.010 0.023 0.036 0.715 
 222 L _   0.164 0.001 0.001 0.007 0.010 0.023 0.040 0.756 
 223 H _   0.128 0.002 0.001 0.010 0.010 0.023 0.042 0.784 
 224 H _   0.100 0.004 0.001 0.014 0.011 0.023 0.045 0.802 
 225 L _   0.078 0.006 0.001 0.019 0.011 0.022 0.048 0.815 
 226 Q _   0.060 0.008 0.001 0.023 0.011 0.021 0.051 0.825 
 227 P _   0.046 0.009 0.001 0.025 0.010 0.019 0.054 0.836 
 228 F _   0.035 0.009 0.001 0.024 0.009 0.017 0.057 0.849 
 229 T _   0.026 0.009 0.001 0.021 0.007 0.014 0.060 0.862 
 230 W _   0.020 0.007 0.001 0.017 0.005 0.012 0.062 0.876 
 231 H _   0.015 0.006 0.000 0.012 0.004 0.010 0.065 0.889 
 232 E _   0.011 0.004 0.000 0.008 0.003 0.008 0.067 0.899 
 233 K _   0.009 0.003 0.000 0.005 0.002 0.006 0.068 0.907 
 234 I _   0.007 0.003 0.000 0.003 0.001 0.006 0.069 0.911 
 235 K _   0.006 0.003 0.000 0.003 0.001 0.006 0.069 0.913 
 236 K _   0.006 0.004 0.000 0.003 0.001 0.006 0.069 0.912 
 237 K _   0.006 0.007 0.000 0.004 0.002 0.008 0.068 0.905 
 238 D _   0.008 0.015 0.000 0.006 0.003 0.011 0.066 0.890 
 239 P _   0.010 0.036 0.001 0.011 0.006 0.015 0.064 0.858 
 240 K _   0.012 0.081 0.001 0.019 0.010 0.020 0.060 0.798 
 241 C _   0.014 0.157 0.002 0.029 0.014 0.023 0.054 0.707 
 242 I _   0.013 0.250 0.002 0.039 0.017 0.025 0.049 0.606 
 243 F _   0.012 0.334 0.002 0.047 0.018 0.025 0.044 0.519 
 244 A _   0.011 0.391 0.002 0.051 0.018 0.024 0.041 0.462 
 245 C _   0.010 0.426 0.001 0.054 0.017 0.023 0.039 0.430 
 246 E E   0.009 0.444 0.001 0.055 0.016 0.022 0.038 0.415 
 247 E E   0.009 0.451 0.001 0.054 0.016 0.021 0.038 0.411 
 248 M E   0.009 0.452 0.001 0.051 0.015 0.020 0.038 0.416 
 249 S E   0.009 0.444 0.001 0.047 0.014 0.019 0.038 0.428 
 250 G _   0.009 0.429 0.001 0.043 0.013 0.018 0.039 0.448 
 251 E _   0.010 0.405 0.001 0.038 0.012 0.017 0.040 0.477 
 252 V _   0.010 0.370 0.001 0.034 0.011 0.016 0.042 0.515 
 253 R _   0.011 0.326 0.001 0.030 0.010 0.016 0.045 0.562 
 254 F _   0.011 0.277 0.001 0.025 0.009 0.015 0.047 0.614 
 255 S _   0.011 0.228 0.001 0.021 0.008 0.015 0.050 0.667 
 256 S _   0.010 0.184 0.001 0.017 0.007 0.014 0.053 0.715 
 257 H _   0.010 0.151 0.001 0.012 0.005 0.014 0.055 0.753 
 258 L _   0.009 0.129 0.001 0.009 0.004 0.013 0.056 0.779 
 259 P _   0.008 0.116 0.000 0.007 0.003 0.013 0.057 0.795 
 260 Q _   0.008 0.109 0.000 0.006 0.003 0.014 0.058 0.802 
 261 P _   0.009 0.107 0.000 0.006 0.003 0.015 0.058 0.802 
 262 N _   0.010 0.109 0.000 0.007 0.004 0.017 0.058 0.794 
 263 S _   0.013 0.116 0.001 0.009 0.006 0.020 0.057 0.779 
 264 L _   0.015 0.128 0.001 0.012 0.008 0.023 0.057 0.756 
 265 C _   0.017 0.146 0.001 0.017 0.011 0.026 0.056 0.726 
 266 S _   0.020 0.167 0.001 0.021 0.014 0.029 0.055 0.693 
 267 L _   0.022 0.188 0.001 0.024 0.016 0.032 0.054 0.662 
 268 V _   0.024 0.208 0.001 0.027 0.018 0.034 0.054 0.633 
 269 V _   0.026 0.225 0.001 0.030 0.020 0.035 0.054 0.609 
 270 E _   0.028 0.238 0.001 0.031 0.021 0.035 0.054 0.591 
 271 P _   0.029 0.248 0.001 0.033 0.022 0.035 0.054 0.577 
 272 M _   0.030 0.255 0.001 0.035 0.022 0.035 0.055 0.566 
 273 E _   0.031 0.258 0.001 0.037 0.022 0.034 0.057 0.560 
 274 N _   0.030 0.258 0.001 0.039 0.021 0.032 0.059 0.558 
 275 W _   0.030 0.254 0.001 0.041 0.020 0.030 0.061 0.563 
 276 L _   0.028 0.246 0.001 0.041 0.018 0.027 0.064 0.575 
 277 Q _   0.026 0.231 0.001 0.039 0.016 0.025 0.068 0.595 
 278 L _   0.024 0.207 0.001 0.035 0.013 0.022 0.072 0.625 
 279 M _   0.022 0.175 0.001 0.030 0.011 0.019 0.077 0.665 
 280 L _   0.019 0.136 0.001 0.025 0.009 0.016 0.082 0.712 
 281 N _   0.017 0.094 0.001 0.019 0.007 0.014 0.087 0.762 
 282 W _   0.014 0.059 0.001 0.013 0.005 0.011 0.091 0.805 
 283 D _   0.012 0.033 0.001 0.009 0.003 0.009 0.094 0.838 
 284 P _   0.010 0.018 0.000 0.006 0.002 0.008 0.096 0.859 
 285 Q _   0.008 0.009 0.000 0.004 0.002 0.007 0.098 0.872 
 286 Q _   0.007 0.005 0.000 0.003 0.001 0.006 0.098 0.879 
 287 R _   0.006 0.003 0.000 0.003 0.001 0.006 0.098 0.883 
 288 G _   0.006 0.002 0.000 0.003 0.001 0.006 0.097 0.884 
 289 G _   0.006 0.001 0.000 0.004 0.002 0.007 0.096 0.885 
 290 P _   0.006 0.001 0.000 0.004 0.002 0.008 0.094 0.884 
 291 V _   0.007 0.001 0.000 0.005 0.002 0.010 0.092 0.883 
 292 D _   0.008 0.002 0.000 0.006 0.003 0.013 0.089 0.880 
 293 L _   0.009 0.002 0.000 0.007 0.004 0.016 0.085 0.876 
 294 T _   0.012 0.002 0.001 0.009 0.005 0.020 0.081 0.870 
 295 L _   0.016 0.003 0.001 0.011 0.007 0.025 0.077 0.862 
 296 K _   0.021 0.004 0.001 0.012 0.009 0.030 0.073 0.850 
 297 Q _   0.028 0.004 0.001 0.015 0.013 0.036 0.068 0.835 
 298 P _   0.038 0.005 0.001 0.017 0.017 0.042 0.063 0.816 
 299 R _   0.051 0.006 0.001 0.019 0.021 0.048 0.059 0.794 
 300 C _   0.066 0.006 0.002 0.021 0.026 0.053 0.054 0.772 
 301 F _   0.083 0.007 0.002 0.021 0.029 0.056 0.050 0.752 
 302 V _   0.102 0.006 0.002 0.021 0.030 0.058 0.047 0.734 
 303 L _   0.121 0.006 0.002 0.019 0.031 0.058 0.043 0.720 
 304 M _   0.143 0.004 0.002 0.016 0.029 0.058 0.040 0.708 
 305 D _   0.164 0.003 0.002 0.012 0.027 0.056 0.037 0.697 
 306 H _   0.187 0.002 0.002 0.009 0.025 0.055 0.035 0.686 
 307 I _   0.212 0.001 0.001 0.006 0.023 0.053 0.032 0.671 
 308 L _   0.237 0.000 0.001 0.005 0.021 0.051 0.030 0.653 
 309 N _   0.263 0.000 0.001 0.004 0.019 0.050 0.028 0.634 
 310 L _   0.290 0.000 0.001 0.003 0.018 0.048 0.027 0.612 
 311 K _   0.315 0.000 0.001 0.003 0.018 0.048 0.026 0.589 
 312 I _   0.339 0.000 0.001 0.003 0.019 0.047 0.024 0.567 
 313 V _   0.359 0.000 0.001 0.003 0.020 0.047 0.024 0.546 
 314 H _   0.379 0.000 0.001 0.003 0.022 0.047 0.023 0.526 
 315 I _   0.394 0.000 0.001 0.003 0.024 0.047 0.022 0.508 
 316 L _   0.407 0.000 0.001 0.003 0.027 0.047 0.022 0.492 
 317 N _   0.415 0.000 0.002 0.004 0.030 0.048 0.022 0.479 
 318 M _   0.417 0.001 0.002 0.005 0.034 0.049 0.022 0.471 
 319 T _   0.413 0.001 0.002 0.006 0.038 0.049 0.022 0.469 
 320 S _   0.403 0.002 0.002 0.008 0.040 0.049 0.023 0.473 
 321 A _   0.384 0.003 0.002 0.011 0.041 0.048 0.025 0.486 
 322 K _   0.359 0.005 0.002 0.015 0.041 0.046 0.026 0.506 
 323 I _   0.325 0.006 0.002 0.018 0.038 0.043 0.028 0.538 
 324 I _   0.285 0.007 0.002 0.021 0.034 0.040 0.031 0.580 
 325 S _   0.242 0.007 0.002 0.021 0.029 0.036 0.033 0.631 
 326 F _   0.197 0.006 0.002 0.019 0.022 0.031 0.036 0.686 
 327 L _   0.153 0.005 0.001 0.016 0.016 0.026 0.039 0.743 
 328 L _   0.113 0.004 0.001 0.013 0.011 0.022 0.042 0.795 
 329 P _   0.079 0.002 0.001 0.009 0.007 0.017 0.044 0.841 
 330 P _   0.054 0.002 0.001 0.006 0.005 0.014 0.045 0.874 
 331 D _   0.036 0.001 0.000 0.004 0.003 0.011 0.046 0.898 
 332 E _   0.024 0.001 0.000 0.003 0.002 0.010 0.047 0.912 
 333 S _   0.018 0.001 0.000 0.003 0.002 0.009 0.047 0.919 
 334 L _   0.014 0.002 0.000 0.004 0.002 0.009 0.047 0.921 
 335 H _   0.012 0.004 0.000 0.005 0.003 0.010 0.046 0.919 
 336 S _   0.011 0.009 0.000 0.007 0.004 0.011 0.046 0.912 
 337 L _   0.011 0.017 0.001 0.011 0.005 0.013 0.045 0.898 
 338 Q _   0.011 0.030 0.001 0.015 0.006 0.014 0.043 0.880 
 339 S _   0.011 0.044 0.001 0.019 0.008 0.015 0.042 0.860 
 340 R _   0.011 0.057 0.001 0.023 0.009 0.016 0.041 0.843 
 341 I _   0.011 0.067 0.001 0.026 0.009 0.016 0.040 0.831 
 342 E _   0.010 0.075 0.001 0.026 0.009 0.016 0.039 0.824 
 343 R _   0.010 0.080 0.001 0.024 0.008 0.015 0.039 0.823 
 344 E _   0.009 0.082 0.001 0.022 0.007 0.015 0.039 0.825 
 345 T _   0.009 0.084 0.001 0.018 0.006 0.014 0.038 0.829 
 346 G _   0.009 0.085 0.001 0.015 0.006 0.014 0.038 0.834 
 347 I _   0.009 0.086 0.001 0.012 0.005 0.014 0.038 0.836 
 348 N _   0.009 0.088 0.001 0.011 0.005 0.014 0.037 0.834 
 349 T _   0.010 0.093 0.001 0.012 0.005 0.015 0.037 0.828 
 350 G _   0.011 0.101 0.001 0.014 0.006 0.016 0.036 0.815 
 351 S _   0.012 0.113 0.001 0.017 0.008 0.017 0.036 0.796 
 352 Q _   0.013 0.129 0.001 0.023 0.010 0.019 0.035 0.772 
 353 E _   0.013 0.145 0.001 0.030 0.011 0.019 0.034 0.747 
 354 L _   0.013 0.159 0.001 0.036 0.012 0.019 0.034 0.726 
 355 L _   0.013 0.168 0.001 0.041 0.012 0.019 0.034 0.713 
 356 S _   0.013 0.172 0.001 0.043 0.012 0.018 0.034 0.709 
 357 E _   0.012 0.171 0.001 0.041 0.011 0.016 0.034 0.713 
 358 T _   0.011 0.165 0.001 0.037 0.009 0.015 0.035 0.726 
 359 G _   0.010 0.154 0.001 0.031 0.008 0.013 0.036 0.747 
 360 I _   0.010 0.138 0.001 0.023 0.006 0.011 0.037 0.774 
 361 S _   0.009 0.119 0.001 0.016 0.004 0.010 0.039 0.803 
 362 L _   0.008 0.102 0.000 0.010 0.003 0.009 0.039 0.828 
 363 D _   0.007 0.092 0.000 0.007 0.002 0.008 0.040 0.845 
 364 P _   0.006 0.086 0.000 0.005 0.002 0.007 0.040 0.853 
 365 R _   0.006 0.086 0.000 0.004 0.002 0.008 0.040 0.855 
 366 K _   0.006 0.090 0.000 0.005 0.002 0.009 0.039 0.849 
 367 P _   0.007 0.102 0.000 0.008 0.004 0.011 0.037 0.831 
 368 A _   0.008 0.129 0.001 0.013 0.006 0.014 0.035 0.795 
 369 S _   0.009 0.176 0.001 0.020 0.008 0.016 0.032 0.738 
 370 Q _   0.008 0.240 0.001 0.028 0.010 0.017 0.029 0.666 
 371 C _   0.008 0.306 0.001 0.033 0.011 0.017 0.025 0.598 
 372 V _   0.007 0.360 0.001 0.036 0.011 0.016 0.022 0.546 
 373 L _   0.006 0.397 0.001 0.037 0.011 0.016 0.020 0.511 
 374 D _   0.006 0.421 0.001 0.037 0.010 0.015 0.019 0.491 
 375 G _   0.006 0.435 0.001 0.035 0.010 0.015 0.018 0.480 
 376 V _   0.006 0.443 0.001 0.033 0.010 0.015 0.017 0.475 
 377 R _   0.006 0.446 0.001 0.031 0.010 0.015 0.017 0.474 
 378 G _   0.007 0.446 0.001 0.030 0.010 0.015 0.016 0.475 
 379 C _   0.008 0.444 0.001 0.029 0.010 0.016 0.016 0.477 
 380 D _   0.009 0.439 0.001 0.029 0.011 0.016 0.016 0.479 
 381 S _   0.009 0.432 0.001 0.030 0.011 0.016 0.017 0.485 
 382 Y _   0.010 0.421 0.001 0.031 0.011 0.016 0.017 0.494 
 383 M _   0.011 0.405 0.001 0.031 0.011 0.016 0.018 0.508 
 384 V _   0.011 0.381 0.001 0.031 0.011 0.015 0.019 0.531 
 385 Y _   0.011 0.348 0.001 0.029 0.010 0.015 0.020 0.566 
 386 L _   0.011 0.304 0.001 0.026 0.010 0.014 0.021 0.612 
 387 F _   0.011 0.253 0.001 0.022 0.009 0.014 0.023 0.668 
 388 D _   0.010 0.203 0.001 0.018 0.007 0.013 0.024 0.723 
 389 K _   0.010 0.161 0.001 0.014 0.006 0.012 0.026 0.770 
 390 S _   0.009 0.132 0.001 0.011 0.005 0.012 0.027 0.805 
 391 K _   0.008 0.113 0.001 0.009 0.004 0.011 0.027 0.827 
 392 T _   0.007 0.103 0.000 0.009 0.003 0.011 0.028 0.839 
 393 V _   0.007 0.098 0.000 0.009 0.003 0.011 0.028 0.844 
 394 Y _   0.007 0.095 0.000 0.010 0.004 0.011 0.028 0.845 
 395 E _   0.007 0.094 0.001 0.012 0.004 0.012 0.028 0.843 
 396 G _   0.007 0.093 0.001 0.014 0.005 0.012 0.027 0.841 
 397 P _   0.007 0.093 0.001 0.016 0.005 0.013 0.027 0.840 
 398 F _   0.007 0.091 0.001 0.016 0.006 0.013 0.027 0.839 
 399 A _   0.007 0.090 0.001 0.017 0.006 0.013 0.026 0.840 
 400 S _   0.007 0.087 0.001 0.017 0.006 0.014 0.026 0.842 
 401 R _   0.008 0.084 0.001 0.016 0.006 0.015 0.026 0.844 
 402 S _   0.008 0.081 0.001 0.017 0.007 0.015 0.026 0.845 
 403 L _   0.009 0.078 0.001 0.017 0.007 0.016 0.026 0.845 
 404 S _   0.010 0.075 0.001 0.018 0.008 0.017 0.025 0.845 
 405 D _   0.012 0.072 0.001 0.019 0.009 0.019 0.025 0.843 
 406 C _   0.013 0.069 0.001 0.020 0.010 0.020 0.026 0.842 
 407 V _   0.014 0.064 0.001 0.021 0.010 0.021 0.026 0.842 
 408 N _   0.016 0.059 0.001 0.022 0.011 0.021 0.026 0.845 
 409 Y _   0.017 0.051 0.001 0.020 0.011 0.022 0.026 0.852 
 410 I _   0.018 0.043 0.001 0.018 0.010 0.022 0.027 0.861 
 411 V _   0.020 0.034 0.001 0.016 0.010 0.022 0.027 0.870 
 412 Q _   0.021 0.025 0.001 0.013 0.009 0.023 0.028 0.880 
 413 D _   0.023 0.017 0.001 0.011 0.008 0.024 0.028 0.889 
 414 S _   0.026 0.010 0.001 0.009 0.008 0.024 0.028 0.894 
 415 K _   0.029 0.006 0.001 0.007 0.007 0.025 0.029 0.895 
 416 I _   0.034 0.004 0.001 0.007 0.007 0.027 0.029 0.891 
 417 Q _   0.041 0.002 0.001 0.006 0.008 0.029 0.029 0.884 
 418 L _   0.049 0.002 0.001 0.006 0.008 0.031 0.029 0.874 
 419 P _   0.060 0.001 0.001 0.006 0.009 0.034 0.029 0.859 
 420 I _   0.074 0.001 0.001 0.006 0.011 0.038 0.029 0.840 
 421 I _   0.091 0.001 0.001 0.006 0.014 0.042 0.029 0.816 
 422 Q _   0.110 0.001 0.001 0.006 0.017 0.046 0.029 0.789 
 423 L _   0.131 0.001 0.001 0.007 0.022 0.051 0.029 0.759 
 424 R _   0.152 0.002 0.002 0.007 0.027 0.055 0.029 0.727 
 425 K _   0.170 0.003 0.002 0.009 0.033 0.059 0.029 0.697 
 426 V _   0.183 0.005 0.002 0.011 0.038 0.061 0.029 0.671 
 427 W _   0.193 0.007 0.002 0.013 0.041 0.062 0.030 0.651 
 428 A _   0.196 0.010 0.002 0.017 0.043 0.061 0.032 0.638 
 429 E _   0.194 0.013 0.002 0.022 0.044 0.058 0.033 0.634 
 430 A _   0.186 0.015 0.002 0.025 0.041 0.055 0.036 0.640 
 431 V _   0.173 0.015 0.002 0.027 0.037 0.050 0.038 0.658 
 432 H _   0.154 0.015 0.002 0.026 0.031 0.044 0.041 0.687 
 433 Y _   0.132 0.013 0.002 0.023 0.024 0.038 0.043 0.724 
 434 V _   0.109 0.010 0.001 0.019 0.018 0.032 0.046 0.764 
 435 S _   0.087 0.007 0.001 0.014 0.012 0.026 0.049 0.804 
 436 G _   0.067 0.004 0.001 0.009 0.008 0.021 0.051 0.838 
 437 L _   0.050 0.002 0.001 0.006 0.005 0.017 0.053 0.866 
 438 K _   0.037 0.001 0.000 0.003 0.003 0.015 0.054 0.886 
 439 E _   0.028 0.000 0.000 0.002 0.002 0.013 0.055 0.899 
 440 D _   0.023 0.000 0.000 0.002 0.002 0.013 0.055 0.904 
 441 Y _   0.021 0.000 0.000 0.002 0.002 0.014 0.055 0.904 
 442 S _   0.022 0.001 0.000 0.003 0.003 0.017 0.055 0.899 
 443 R _   0.025 0.003 0.000 0.004 0.005 0.021 0.054 0.888 
 444 L _   0.029 0.007 0.001 0.007 0.008 0.026 0.054 0.868 
 445 F _   0.034 0.016 0.001 0.012 0.012 0.032 0.052 0.840 
 446 Q _   0.039 0.030 0.001 0.018 0.017 0.038 0.051 0.806 
 447 G _   0.043 0.045 0.002 0.024 0.023 0.042 0.050 0.772 
 448 Q _   0.046 0.059 0.002 0.031 0.027 0.045 0.048 0.742 
 449 R _   0.049 0.070 0.002 0.036 0.031 0.047 0.047 0.719 
 450 A _   0.051 0.078 0.002 0.039 0.033 0.047 0.047 0.704 
 451 A _   0.052 0.081 0.002 0.041 0.033 0.046 0.047 0.697 
 452 M _   0.053 0.082 0.002 0.041 0.032 0.044 0.047 0.699 
 453 L _   0.052 0.080 0.002 0.039 0.030 0.041 0.048 0.709 
 454 S _   0.050 0.075 0.002 0.035 0.026 0.038 0.049 0.727 
 455 L _   0.046 0.066 0.002 0.030 0.021 0.034 0.050 0.751 
 456 L _   0.042 0.055 0.001 0.025 0.017 0.030 0.052 0.779 
 457 R _   0.037 0.042 0.001 0.019 0.013 0.025 0.053 0.809 
 458 Y _   0.032 0.030 0.001 0.014 0.009 0.022 0.054 0.838 
 459 N _   0.027 0.019 0.001 0.010 0.007 0.019 0.056 0.861 
 460 A _   0.024 0.012 0.001 0.007 0.005 0.016 0.056 0.878 
 461 N _   0.021 0.008 0.000 0.006 0.004 0.015 0.057 0.889 
 462 L _   0.019 0.006 0.000 0.005 0.004 0.013 0.057 0.895 
 463 T _   0.018 0.005 0.000 0.005 0.003 0.013 0.058 0.898 
 464 K _   0.017 0.004 0.000 0.005 0.004 0.013 0.058 0.899 
 465 M _   0.017 0.005 0.000 0.006 0.004 0.014 0.058 0.897 
 466 K _   0.017 0.005 0.001 0.007 0.005 0.014 0.057 0.893 
 467 N _   0.017 0.006 0.001 0.009 0.006 0.015 0.057 0.889 
 468 T _   0.017 0.007 0.001 0.011 0.006 0.016 0.057 0.885 
 469 L _   0.017 0.009 0.001 0.013 0.007 0.016 0.057 0.880 
 470 I _   0.017 0.010 0.001 0.014 0.007 0.017 0.056 0.877 
 471 S _   0.017 0.011 0.001 0.015 0.008 0.017 0.056 0.876 
 472 A _   0.017 0.011 0.001 0.015 0.008 0.017 0.056 0.876 
 473 S _   0.017 0.011 0.001 0.014 0.007 0.017 0.056 0.877 
 474 Q _   0.016 0.011 0.001 0.013 0.007 0.016 0.056 0.880 
 475 Q _   0.016 0.011 0.001 0.012 0.006 0.016 0.056 0.883 
 476 L _   0.016 0.010 0.001 0.011 0.006 0.015 0.056 0.885 
 477 K _   0.015 0.010 0.001 0.010 0.006 0.015 0.056 0.887 
 478 A _   0.015 0.010 0.001 0.009 0.006 0.015 0.056 0.888 
 479 K _   0.015 0.010 0.001 0.009 0.006 0.015 0.056 0.888 
 480 L _   0.016 0.010 0.001 0.010 0.006 0.015 0.056 0.886 
 481 E _   0.016 0.010 0.001 0.011 0.006 0.016 0.056 0.884 
 482 F _   0.016 0.011 0.001 0.012 0.007 0.016 0.057 0.882 
 483 F _   0.016 0.012 0.001 0.013 0.007 0.016 0.057 0.880 
 484 H _   0.016 0.012 0.001 0.013 0.007 0.016 0.057 0.878 
 485 K _   0.015 0.012 0.001 0.014 0.007 0.015 0.057 0.878 
 486 S _   0.015 0.012 0.001 0.014 0.007 0.015 0.057 0.879 
 487 I _   0.015 0.012 0.001 0.014 0.007 0.015 0.058 0.880 
 488 Q _   0.015 0.012 0.001 0.013 0.006 0.014 0.058 0.882 
 489 L _   0.014 0.011 0.001 0.012 0.006 0.014 0.058 0.884 
 490 D _   0.014 0.010 0.001 0.011 0.006 0.013 0.059 0.886 
 491 L _   0.014 0.010 0.001 0.010 0.005 0.013 0.059 0.888 
 492 E _   0.014 0.009 0.001 0.010 0.005 0.013 0.059 0.889 
 493 R _   0.014 0.009 0.001 0.010 0.005 0.013 0.060 0.890 
 494 Y _   0.013 0.009 0.001 0.010 0.005 0.013 0.060 0.890 
 495 S _   0.013 0.009 0.001 0.010 0.005 0.013 0.060 0.888 
 496 E _   0.013 0.009 0.001 0.011 0.006 0.013 0.061 0.887 
 497 Q _   0.013 0.009 0.001 0.012 0.006 0.013 0.061 0.886 
 498 M _   0.013 0.009 0.001 0.012 0.006 0.013 0.061 0.885 
 499 T _   0.013 0.009 0.001 0.012 0.006 0.013 0.062 0.885 
 500 Y _   0.012 0.009 0.001 0.012 0.006 0.012 0.062 0.886 
 501 G _   0.012 0.009 0.001 0.012 0.006 0.012 0.063 0.886 
 502 I _   0.011 0.009 0.001 0.012 0.005 0.012 0.063 0.887 
 503 S _   0.011 0.008 0.001 0.012 0.005 0.012 0.063 0.888 
 504 S _   0.010 0.008 0.001 0.012 0.005 0.011 0.064 0.889 
 505 E _   0.010 0.007 0.001 0.012 0.005 0.011 0.064 0.891 
 506 K _   0.010 0.006 0.001 0.011 0.005 0.011 0.065 0.892 
 507 M _   0.010 0.006 0.001 0.011 0.004 0.011 0.065 0.894 
 508 L _   0.009 0.005 0.000 0.010 0.004 0.011 0.066 0.895 
 509 K _   0.009 0.004 0.000 0.009 0.004 0.011 0.066 0.897 
 510 A _   0.009 0.003 0.000 0.008 0.004 0.011 0.066 0.898 
 511 W _   0.009 0.003 0.000 0.007 0.004 0.011 0.066 0.900 
 512 K _   0.010 0.002 0.000 0.007 0.003 0.012 0.066 0.900 
 513 E _   0.011 0.002 0.000 0.006 0.004 0.013 0.066 0.899 
 514 M _   0.013 0.001 0.000 0.006 0.004 0.014 0.065 0.896 
 515 E _   0.015 0.001 0.000 0.005 0.004 0.017 0.065 0.892 
 516 E _   0.019 0.001 0.001 0.006 0.005 0.020 0.064 0.884 
 517 K _   0.025 0.002 0.001 0.006 0.007 0.023 0.064 0.873 
 518 A _   0.032 0.002 0.001 0.008 0.009 0.028 0.063 0.857 
 519 I _   0.040 0.003 0.001 0.010 0.012 0.033 0.062 0.839 
 520 H _   0.048 0.005 0.001 0.012 0.016 0.037 0.062 0.819 
 521 Y _   0.057 0.007 0.001 0.015 0.020 0.042 0.061 0.797 
 522 A _   0.066 0.009 0.002 0.018 0.023 0.045 0.061 0.777 
 523 E _   0.073 0.010 0.002 0.021 0.026 0.048 0.061 0.760 
 524 V _   0.078 0.011 0.002 0.022 0.027 0.049 0.061 0.749 
 525 G _   0.081 0.012 0.002 0.022 0.027 0.049 0.062 0.745 
 526 V _   0.083 0.011 0.002 0.021 0.026 0.048 0.063 0.747 
 527 I _   0.082 0.010 0.002 0.018 0.023 0.047 0.064 0.754 
 528 G _   0.080 0.009 0.001 0.015 0.020 0.045 0.065 0.764 
 529 Y _   0.077 0.007 0.001 0.012 0.017 0.043 0.066 0.776 
 530 L _   0.074 0.006 0.001 0.009 0.014 0.041 0.068 0.787 
 531 E _   0.071 0.005 0.001 0.007 0.012 0.040 0.069 0.795 
 532 D _   0.068 0.005 0.001 0.006 0.012 0.039 0.070 0.799 
 533 Q _   0.066 0.006 0.001 0.006 0.012 0.039 0.072 0.798 
 534 I _   0.064 0.009 0.001 0.008 0.013 0.040 0.073 0.792 
 535 M _   0.064 0.014 0.001 0.011 0.016 0.040 0.074 0.780 
 536 S _   0.063 0.022 0.001 0.017 0.019 0.041 0.076 0.762 
 537 L _   0.061 0.032 0.002 0.025 0.021 0.040 0.077 0.742 
 538 H _   0.058 0.042 0.002 0.033 0.022 0.039 0.079 0.725 
 539 A _   0.053 0.049 0.002 0.039 0.022 0.036 0.082 0.716 
 540 E _   0.048 0.053 0.002 0.043 0.021 0.033 0.085 0.715 
 541 I _   0.043 0.054 0.002 0.042 0.019 0.029 0.089 0.723 
 542 M _   0.037 0.052 0.001 0.038 0.015 0.025 0.093 0.738 
 543 E _   0.031 0.047 0.001 0.031 0.012 0.021 0.098 0.760 
 544 L _   0.025 0.039 0.001 0.023 0.008 0.017 0.103 0.784 
 545 Q _   0.020 0.030 0.001 0.016 0.006 0.014 0.107 0.806 
 546 K _   0.016 0.023 0.000 0.010 0.004 0.011 0.111 0.825 
 547 S _   0.012 0.018 0.000 0.006 0.003 0.009 0.114 0.838 
 548 P _   0.009 0.015 0.000 0.004 0.002 0.007 0.116 0.846 
 549 Y _   0.008 0.014 0.000 0.003 0.002 0.007 0.118 0.849 
 550 G _   0.007 0.014 0.000 0.003 0.002 0.007 0.118 0.849 
 551 R _   0.006 0.017 0.000 0.004 0.002 0.007 0.119 0.845 
 552 R _   0.006 0.022 0.000 0.006 0.002 0.008 0.118 0.836 
 553 Q _   0.007 0.033 0.000 0.008 0.003 0.010 0.117 0.821 
 554 G _   0.007 0.051 0.001 0.012 0.005 0.012 0.115 0.797 
 555 D _   0.007 0.080 0.001 0.018 0.006 0.013 0.112 0.762 
 556 L _   0.008 0.115 0.001 0.024 0.008 0.015 0.109 0.720 
 557 M _   0.008 0.152 0.001 0.029 0.009 0.016 0.107 0.678 
 558 E _   0.008 0.183 0.001 0.035 0.010 0.017 0.105 0.642 
 559 S _   0.008 0.206 0.001 0.039 0.011 0.017 0.103 0.615 
 560 L _   0.008 0.222 0.001 0.042 0.011 0.017 0.103 0.597 
 561 E _   0.008 0.231 0.001 0.044 0.011 0.017 0.103 0.586 
 562 Q _   0.008 0.235 0.001 0.044 0.011 0.016 0.104 0.581 
 563 R _   0.008 0.236 0.001 0.043 0.011 0.016 0.105 0.581 
 564 A _   0.008 0.232 0.001 0.042 0.010 0.016 0.107 0.584 
 565 I _   0.009 0.223 0.001 0.039 0.010 0.015 0.110 0.593 
 566 D _   0.009 0.210 0.001 0.036 0.009 0.014 0.114 0.606 
 567 L _   0.010 0.192 0.001 0.033 0.008 0.014 0.119 0.623 
 568 Y _   0.010 0.168 0.001 0.029 0.007 0.013 0.124 0.647 
 569 K _   0.010 0.140 0.001 0.025 0.007 0.012 0.130 0.674 
 570 Q _   0.010 0.109 0.001 0.021 0.006 0.011 0.136 0.705 
 571 L _   0.010 0.079 0.001 0.017 0.005 0.010 0.142 0.736 
 572 K _   0.009 0.053 0.001 0.013 0.004 0.009 0.148 0.764 
 573 H _   0.008 0.032 0.000 0.010 0.003 0.008 0.152 0.787 
 574 R _   0.007 0.019 0.000 0.007 0.002 0.007 0.155 0.804 
 575 P _   0.006 0.010 0.000 0.005 0.002 0.006 0.156 0.815 
 576 S _   0.005 0.006 0.000 0.003 0.001 0.005 0.157 0.822 
 577 D _   0.004 0.004 0.000 0.003 0.001 0.005 0.157 0.826 
 578 H _   0.004 0.003 0.000 0.002 0.001 0.006 0.155 0.827 
 579 S _   0.005 0.003 0.000 0.003 0.001 0.008 0.153 0.826 
 580 Y _   0.007 0.004 0.000 0.003 0.002 0.011 0.150 0.822 
 581 S _   0.010 0.007 0.000 0.005 0.004 0.017 0.146 0.811 
 582 D _   0.015 0.014 0.001 0.010 0.007 0.024 0.141 0.789 
 583 S _   0.021 0.031 0.001 0.017 0.013 0.033 0.133 0.751 
 584 T _   0.027 0.058 0.002 0.027 0.021 0.042 0.125 0.698 
 585 E _   0.032 0.092 0.002 0.040 0.029 0.049 0.116 0.639 
 586 M _   0.037 0.121 0.002 0.052 0.035 0.054 0.108 0.590 
 587 V _   0.039 0.141 0.002 0.062 0.040 0.057 0.102 0.556 
 588 K _   0.041 0.152 0.002 0.069 0.042 0.057 0.098 0.539 
 589 I _   0.042 0.155 0.002 0.070 0.042 0.056 0.095 0.538 
 590 I _   0.043 0.152 0.002 0.066 0.040 0.053 0.093 0.550 
 591 V _   0.043 0.143 0.002 0.058 0.036 0.050 0.091 0.577 
 592 H _   0.042 0.124 0.002 0.047 0.031 0.046 0.090 0.618 
 593 T _   0.040 0.096 0.002 0.035 0.025 0.042 0.090 0.670 
 594 V _   0.038 0.064 0.002 0.023 0.019 0.038 0.090 0.726 
 595 Q _   0.034 0.036 0.001 0.015 0.014 0.034 0.090 0.776 
 596 S _   0.031 0.018 0.001 0.009 0.010 0.031 0.090 0.810 
 597 Q _   0.029 0.009 0.001 0.006 0.007 0.029 0.089 0.830 
 598 D _   0.028 0.005 0.001 0.005 0.006 0.028 0.088 0.839 
 599 R _   0.028 0.004 0.001 0.004 0.006 0.028 0.087 0.842 
 600 V _   0.030 0.004 0.001 0.005 0.007 0.029 0.086 0.839 
 601 L _   0.032 0.004 0.001 0.007 0.008 0.030 0.085 0.833 
 602 K _   0.035 0.005 0.001 0.009 0.010 0.032 0.083 0.825 
 603 E _   0.037 0.006 0.001 0.012 0.013 0.033 0.081 0.817 
 604 L _   0.039 0.007 0.001 0.015 0.014 0.034 0.080 0.811 
 605 F _   0.040 0.007 0.001 0.016 0.016 0.034 0.078 0.807 
 606 G _   0.041 0.008 0.001 0.017 0.017 0.034 0.077 0.805 
 607 H _   0.042 0.007 0.001 0.017 0.017 0.034 0.076 0.806 
 608 L _   0.042 0.007 0.001 0.016 0.016 0.033 0.075 0.809 
 609 S _   0.042 0.006 0.001 0.014 0.015 0.031 0.075 0.815 
 610 K _   0.042 0.005 0.001 0.013 0.013 0.030 0.075 0.821 
 611 L _   0.041 0.004 0.001 0.011 0.012 0.028 0.075 0.828 
 612 L _   0.040 0.003 0.001 0.010 0.011 0.027 0.074 0.834 
 613 G _   0.038 0.003 0.001 0.009 0.010 0.025 0.074 0.840 
 614 C _   0.038 0.002 0.001 0.008 0.009 0.024 0.074 0.845 
 615 K _   0.037 0.002 0.001 0.007 0.008 0.023 0.074 0.849 
 616 Q _   0.036 0.002 0.001 0.007 0.007 0.022 0.074 0.852 
 617 K _   0.035 0.001 0.001 0.006 0.007 0.022 0.074 0.854 
 618 I _   0.035 0.001 0.001 0.006 0.007 0.022 0.074 0.854 
 619 I _   0.035 0.002 0.001 0.007 0.008 0.022 0.074 0.853 
 620 D _   0.035 0.002 0.001 0.008 0.008 0.022 0.073 0.850 
 621 L _   0.035 0.003 0.001 0.009 0.009 0.023 0.073 0.847 
 622 L _   0.035 0.004 0.001 0.011 0.010 0.023 0.073 0.844 
 623 P _   0.034 0.005 0.001 0.013 0.011 0.023 0.073 0.840 
 624 K _   0.032 0.006 0.001 0.016 0.011 0.023 0.073 0.838 
 625 V _   0.030 0.006 0.001 0.017 0.011 0.022 0.074 0.839 
 626 E _   0.028 0.007 0.001 0.017 0.010 0.021 0.074 0.842 
 627 V _   0.026 0.007 0.001 0.017 0.009 0.019 0.074 0.847 
 628 A _   0.023 0.006 0.001 0.015 0.008 0.017 0.075 0.854 
 629 L _   0.020 0.005 0.001 0.013 0.007 0.016 0.075 0.863 
 630 S _   0.018 0.004 0.001 0.010 0.006 0.014 0.076 0.872 
 631 N _   0.015 0.003 0.001 0.008 0.005 0.013 0.076 0.879 
 632 I _   0.014 0.003 0.000 0.007 0.004 0.012 0.076 0.885 
 633 K _   0.012 0.002 0.000 0.006 0.003 0.011 0.076 0.888 
 634 E _   0.012 0.002 0.000 0.006 0.003 0.011 0.076 0.889 
 635 A _   0.012 0.002 0.000 0.006 0.004 0.012 0.076 0.887 
 636 D _   0.013 0.003 0.000 0.008 0.004 0.013 0.076 0.883 
 637 N _   0.013 0.004 0.001 0.010 0.005 0.014 0.075 0.878 
 638 T _   0.014 0.005 0.001 0.013 0.006 0.015 0.075 0.872 
 639 V _   0.014 0.005 0.001 0.016 0.007 0.015 0.075 0.867 
 640 M _   0.015 0.005 0.001 0.017 0.007 0.016 0.075 0.864 
 641 F _   0.015 0.005 0.001 0.016 0.007 0.016 0.075 0.866 
 642 M _   0.015 0.004 0.001 0.014 0.006 0.016 0.075 0.870 
 643 Q _   0.015 0.003 0.001 0.011 0.005 0.016 0.074 0.875 
 644 G _   0.015 0.002 0.001 0.008 0.004 0.016 0.074 0.880 
 645 K _   0.017 0.001 0.000 0.005 0.004 0.017 0.073 0.882 
 646 R _   0.021 0.001 0.000 0.003 0.004 0.019 0.073 0.879 
 647 Q _   0.028 0.000 0.000 0.003 0.004 0.023 0.072 0.870 
 648 K _   0.039 0.001 0.001 0.003 0.006 0.028 0.070 0.853 
 649 E _   0.054 0.001 0.001 0.004 0.010 0.035 0.069 0.826 
 650 I _   0.073 0.003 0.001 0.007 0.017 0.044 0.067 0.788 
 651 W _   0.093 0.009 0.002 0.012 0.026 0.053 0.065 0.740 
 652 H _   0.110 0.017 0.002 0.018 0.037 0.061 0.064 0.691 
 653 L _   0.126 0.026 0.002 0.026 0.045 0.066 0.062 0.646 
 654 L _   0.136 0.033 0.003 0.033 0.051 0.069 0.061 0.614 
 655 K _   0.141 0.037 0.003 0.036 0.054 0.069 0.061 0.599 
 656 I _   0.142 0.039 0.003 0.036 0.053 0.067 0.061 0.599 
 657 A _   0.139 0.038 0.003 0.033 0.049 0.064 0.061 0.613 
 658 C _   0.133 0.034 0.002 0.027 0.043 0.059 0.062 0.638 
 659 T _   0.125 0.029 0.002 0.022 0.036 0.054 0.063 0.668 
 660 Q _   0.113 0.023 0.002 0.017 0.029 0.049 0.065 0.701 
 661 S _   0.101 0.018 0.002 0.013 0.023 0.044 0.066 0.733 
 662 S _   0.089 0.015 0.001 0.011 0.018 0.040 0.068 0.759 
 663 A _   0.077 0.013 0.001 0.009 0.014 0.036 0.070 0.781 
