#TopoPred_TM8: 8-state transmembrane topology prediction results by no_profile mode 
#probabilities are in the order of H E C I L F X _, the 8 transmembrane topology types used in PDBTM 
   1 M X   0.019 0.002 0.003 0.071 0.012 0.015 0.597 0.282 
   2 N X   0.008 0.002 0.000 0.048 0.003 0.009 0.612 0.318 
   3 R X   0.003 0.002 0.000 0.033 0.001 0.007 0.613 0.341 
   4 Y X   0.002 0.002 0.000 0.026 0.001 0.008 0.607 0.354 
   5 T X   0.003 0.004 0.000 0.024 0.002 0.010 0.594 0.363 
   6 T X   0.004 0.007 0.000 0.023 0.003 0.013 0.576 0.373 
   7 M X   0.006 0.011 0.001 0.024 0.004 0.015 0.557 0.383 
   8 R X   0.007 0.017 0.001 0.026 0.005 0.016 0.534 0.394 
   9 Q X   0.007 0.024 0.001 0.028 0.006 0.016 0.511 0.407 
  10 L X   0.007 0.032 0.001 0.030 0.007 0.016 0.486 0.421 
  11 G X   0.006 0.039 0.001 0.032 0.008 0.016 0.462 0.436 
  12 D _   0.006 0.046 0.001 0.033 0.008 0.016 0.441 0.450 
  13 G _   0.006 0.051 0.001 0.033 0.008 0.016 0.423 0.462 
  14 T _   0.006 0.055 0.001 0.033 0.008 0.015 0.408 0.474 
  15 Y _   0.007 0.057 0.001 0.033 0.008 0.015 0.394 0.485 
  16 G _   0.007 0.059 0.001 0.031 0.008 0.014 0.383 0.497 
  17 S _   0.007 0.059 0.001 0.029 0.007 0.013 0.373 0.511 
  18 V _   0.007 0.058 0.001 0.025 0.006 0.012 0.364 0.527 
  19 L _   0.007 0.056 0.001 0.020 0.005 0.011 0.355 0.546 
  20 M _   0.006 0.053 0.001 0.015 0.004 0.010 0.346 0.565 
  21 G _   0.006 0.050 0.000 0.011 0.003 0.009 0.337 0.583 
  22 K _   0.006 0.048 0.000 0.008 0.003 0.009 0.327 0.599 
  23 S _   0.005 0.047 0.000 0.007 0.003 0.009 0.317 0.611 
  24 N _   0.006 0.049 0.000 0.007 0.003 0.010 0.307 0.619 
  25 E _   0.006 0.054 0.001 0.009 0.004 0.012 0.294 0.621 
  26 S _   0.007 0.064 0.001 0.013 0.006 0.014 0.279 0.615 
  27 G _   0.009 0.085 0.001 0.020 0.008 0.017 0.262 0.598 
  28 E _   0.010 0.113 0.001 0.030 0.011 0.019 0.243 0.573 
  29 L _   0.010 0.143 0.001 0.040 0.013 0.021 0.224 0.548 
  30 V _   0.010 0.166 0.001 0.049 0.015 0.022 0.208 0.529 
  31 A _   0.010 0.180 0.001 0.054 0.015 0.022 0.196 0.522 
  32 I _   0.010 0.187 0.001 0.055 0.015 0.021 0.186 0.524 
  33 K _   0.010 0.188 0.001 0.052 0.014 0.020 0.178 0.536 
  34 R _   0.010 0.184 0.001 0.046 0.013 0.019 0.172 0.555 
  35 M _   0.010 0.174 0.001 0.038 0.011 0.018 0.167 0.581 
  36 K _   0.009 0.159 0.001 0.030 0.010 0.016 0.163 0.612 
  37 R _   0.009 0.140 0.001 0.022 0.008 0.015 0.160 0.645 
  38 K _   0.009 0.123 0.001 0.016 0.006 0.014 0.158 0.674 
  39 F _   0.008 0.109 0.001 0.013 0.005 0.013 0.155 0.697 
  40 Y _   0.008 0.099 0.001 0.010 0.004 0.012 0.152 0.713 
  41 S _   0.008 0.094 0.000 0.010 0.004 0.012 0.149 0.723 
  42 W _   0.008 0.091 0.001 0.010 0.004 0.012 0.146 0.728 
  43 D _   0.008 0.090 0.001 0.012 0.005 0.013 0.142 0.729 
  44 E _   0.009 0.089 0.001 0.015 0.006 0.014 0.139 0.728 
  45 C _   0.009 0.090 0.001 0.018 0.007 0.014 0.135 0.727 
  46 M _   0.009 0.089 0.001 0.021 0.007 0.014 0.132 0.726 
  47 N _   0.010 0.088 0.001 0.023 0.008 0.015 0.129 0.727 
  48 L _   0.010 0.085 0.001 0.024 0.008 0.014 0.126 0.732 
  49 R _   0.010 0.079 0.001 0.023 0.008 0.014 0.124 0.741 
  50 E _   0.010 0.072 0.001 0.022 0.007 0.013 0.122 0.753 
  51 V _   0.009 0.062 0.001 0.019 0.007 0.013 0.121 0.768 
  52 K _   0.009 0.052 0.001 0.015 0.006 0.012 0.120 0.786 
  53 S _   0.009 0.041 0.001 0.012 0.005 0.011 0.119 0.803 
  54 L _   0.009 0.032 0.001 0.009 0.004 0.011 0.117 0.818 
  55 K _   0.009 0.026 0.000 0.007 0.003 0.010 0.116 0.828 
  56 K _   0.009 0.022 0.000 0.006 0.003 0.010 0.115 0.835 
  57 L _   0.009 0.020 0.000 0.006 0.003 0.011 0.113 0.837 
  58 N _   0.009 0.020 0.000 0.007 0.004 0.012 0.111 0.837 
  59 H _   0.010 0.021 0.001 0.008 0.005 0.013 0.109 0.833 
  60 A _   0.012 0.023 0.001 0.011 0.006 0.015 0.106 0.827 
  61 N _   0.013 0.025 0.001 0.015 0.007 0.016 0.104 0.819 
  62 V _   0.014 0.028 0.001 0.019 0.009 0.018 0.101 0.810 
  63 I _   0.015 0.031 0.001 0.022 0.010 0.019 0.099 0.804 
  64 K _   0.016 0.032 0.001 0.024 0.010 0.019 0.097 0.801 
  65 L _   0.016 0.032 0.001 0.024 0.010 0.019 0.095 0.803 
  66 K _   0.016 0.031 0.001 0.022 0.009 0.019 0.094 0.809 
  67 E _   0.015 0.028 0.001 0.018 0.008 0.018 0.093 0.819 
  68 V _   0.015 0.025 0.001 0.014 0.007 0.017 0.092 0.830 
  69 I _   0.014 0.022 0.001 0.010 0.005 0.016 0.091 0.840 
  70 R _   0.014 0.020 0.001 0.007 0.005 0.016 0.089 0.847 
  71 E _   0.015 0.019 0.000 0.006 0.005 0.017 0.088 0.850 
  72 N _   0.016 0.020 0.001 0.006 0.005 0.019 0.087 0.848 
  73 D _   0.018 0.023 0.001 0.007 0.006 0.021 0.085 0.840 
  74 H _   0.020 0.029 0.001 0.010 0.009 0.023 0.083 0.825 
  75 L _   0.022 0.040 0.001 0.015 0.012 0.026 0.081 0.803 
  76 Y _   0.024 0.055 0.001 0.022 0.015 0.028 0.078 0.776 
  77 F _   0.025 0.070 0.001 0.029 0.017 0.029 0.076 0.751 
  78 I _   0.025 0.083 0.001 0.036 0.018 0.030 0.074 0.733 
  79 F _   0.024 0.091 0.001 0.040 0.019 0.029 0.073 0.723 
  80 E _   0.023 0.095 0.001 0.042 0.018 0.028 0.072 0.722 
  81 Y _   0.021 0.095 0.001 0.041 0.017 0.026 0.072 0.727 
  82 M _   0.020 0.092 0.001 0.038 0.015 0.024 0.072 0.738 
  83 K _   0.018 0.086 0.001 0.034 0.013 0.021 0.072 0.754 
  84 E _   0.017 0.076 0.001 0.029 0.011 0.019 0.073 0.774 
  85 N _   0.015 0.065 0.001 0.024 0.009 0.017 0.074 0.795 
  86 L _   0.014 0.051 0.001 0.020 0.007 0.015 0.075 0.817 
  87 Y _   0.013 0.038 0.001 0.015 0.006 0.013 0.077 0.839 
  88 Q _   0.011 0.026 0.001 0.012 0.004 0.011 0.078 0.858 
  89 L _   0.010 0.016 0.000 0.008 0.003 0.010 0.078 0.873 
  90 M _   0.009 0.009 0.000 0.006 0.003 0.009 0.078 0.885 
  91 K _   0.009 0.005 0.000 0.005 0.002 0.008 0.078 0.893 
  92 D _   0.009 0.002 0.000 0.004 0.002 0.009 0.078 0.897 
  93 R _   0.010 0.001 0.000 0.003 0.002 0.009 0.077 0.897 
  94 N _   0.013 0.001 0.000 0.003 0.002 0.011 0.075 0.894 
  95 K _   0.019 0.000 0.000 0.003 0.003 0.014 0.074 0.886 
  96 L _   0.028 0.000 0.000 0.004 0.004 0.018 0.072 0.874 
  97 F _   0.042 0.000 0.001 0.005 0.005 0.023 0.069 0.856 
  98 P _   0.060 0.000 0.001 0.006 0.008 0.028 0.066 0.830 
  99 E _   0.086 0.000 0.001 0.007 0.011 0.035 0.063 0.796 
 100 S _   0.117 0.001 0.001 0.008 0.015 0.042 0.060 0.756 
 101 V _   0.155 0.001 0.001 0.008 0.020 0.049 0.057 0.709 
 102 I _   0.195 0.001 0.002 0.008 0.026 0.055 0.054 0.661 
 103 R _   0.236 0.001 0.002 0.008 0.031 0.060 0.051 0.612 
 104 N _   0.276 0.001 0.002 0.007 0.036 0.065 0.049 0.565 
 105 I _   0.314 0.001 0.002 0.007 0.041 0.067 0.047 0.521 
 106 M _   0.344 0.001 0.002 0.007 0.045 0.069 0.046 0.486 
 107 Y _   0.367 0.001 0.002 0.007 0.047 0.069 0.046 0.460 
 108 Q _   0.381 0.002 0.002 0.008 0.049 0.069 0.046 0.444 
 109 I _   0.389 0.002 0.002 0.008 0.050 0.067 0.046 0.435 
 110 L _   0.389 0.003 0.002 0.009 0.049 0.065 0.047 0.435 
 111 Q _   0.379 0.004 0.002 0.010 0.048 0.062 0.049 0.446 
 112 G _   0.362 0.004 0.002 0.011 0.045 0.059 0.051 0.465 
 113 L _   0.336 0.005 0.002 0.013 0.042 0.055 0.054 0.492 
 114 A _   0.305 0.006 0.002 0.015 0.038 0.051 0.057 0.525 
 115 F _   0.267 0.007 0.002 0.017 0.034 0.047 0.061 0.565 
 116 I _   0.227 0.007 0.002 0.019 0.029 0.042 0.066 0.609 
 117 H _   0.185 0.007 0.002 0.020 0.023 0.037 0.070 0.655 
 118 K _   0.145 0.007 0.002 0.020 0.018 0.031 0.075 0.702 
 119 H _   0.110 0.006 0.001 0.019 0.013 0.026 0.080 0.745 
 120 G _   0.080 0.005 0.001 0.016 0.009 0.021 0.084 0.784 
 121 F _   0.057 0.004 0.001 0.012 0.006 0.017 0.088 0.816 
 122 F _   0.039 0.002 0.001 0.009 0.004 0.013 0.091 0.841 
 123 H _   0.026 0.001 0.000 0.006 0.003 0.010 0.093 0.860 
 124 R _   0.018 0.001 0.000 0.004 0.002 0.008 0.094 0.873 
 125 D _   0.012 0.001 0.000 0.003 0.002 0.007 0.094 0.882 
 126 M _   0.009 0.001 0.000 0.002 0.001 0.006 0.094 0.886 
 127 K _   0.007 0.001 0.000 0.002 0.001 0.007 0.094 0.888 
 128 P _   0.007 0.002 0.000 0.002 0.002 0.008 0.093 0.886 
 129 E _   0.009 0.004 0.000 0.004 0.002 0.011 0.091 0.879 
 130 N _   0.011 0.010 0.000 0.006 0.004 0.014 0.089 0.865 
 131 L _   0.014 0.024 0.001 0.010 0.006 0.019 0.086 0.840 
 132 L _   0.017 0.048 0.001 0.015 0.010 0.024 0.082 0.803 
 133 C _   0.019 0.082 0.001 0.022 0.014 0.029 0.078 0.756 
 134 M _   0.021 0.120 0.002 0.027 0.017 0.032 0.073 0.708 
 135 G _   0.022 0.154 0.002 0.031 0.019 0.035 0.070 0.667 
 136 P _   0.024 0.182 0.002 0.034 0.021 0.037 0.066 0.634 
 137 E _   0.026 0.203 0.002 0.035 0.023 0.038 0.064 0.610 
 138 L _   0.027 0.220 0.002 0.035 0.023 0.039 0.062 0.592 
 139 V _   0.028 0.232 0.002 0.035 0.024 0.039 0.060 0.580 
 140 K _   0.029 0.240 0.001 0.035 0.024 0.039 0.059 0.573 
 141 I _   0.029 0.246 0.002 0.036 0.023 0.038 0.058 0.568 
 142 A _   0.029 0.250 0.001 0.038 0.022 0.036 0.058 0.566 
 143 D _   0.028 0.250 0.001 0.039 0.021 0.034 0.057 0.568 
 144 F _   0.028 0.247 0.001 0.039 0.020 0.032 0.058 0.576 
 145 G _   0.026 0.240 0.001 0.039 0.018 0.029 0.058 0.588 
 146 L _   0.025 0.227 0.001 0.037 0.016 0.027 0.059 0.607 
 147 A _   0.023 0.209 0.001 0.035 0.014 0.024 0.060 0.634 
 148 R _   0.021 0.182 0.001 0.031 0.012 0.021 0.062 0.669 
 149 E _   0.019 0.148 0.001 0.026 0.010 0.019 0.064 0.712 
 150 L _   0.018 0.112 0.001 0.020 0.008 0.016 0.066 0.759 
 151 R _   0.016 0.078 0.001 0.015 0.007 0.014 0.067 0.802 
 152 S _   0.014 0.051 0.001 0.011 0.005 0.012 0.069 0.838 
 153 Q _   0.012 0.033 0.001 0.008 0.004 0.011 0.070 0.863 
 154 P _   0.010 0.023 0.000 0.006 0.003 0.010 0.070 0.878 
 155 P _   0.009 0.017 0.000 0.005 0.002 0.009 0.070 0.887 
 156 Y _   0.008 0.015 0.000 0.004 0.002 0.009 0.069 0.892 
 157 T _   0.008 0.014 0.000 0.004 0.002 0.009 0.069 0.893 
 158 D _   0.008 0.015 0.000 0.005 0.003 0.011 0.067 0.891 
 159 Y _   0.009 0.017 0.000 0.006 0.003 0.012 0.065 0.887 
 160 V _   0.010 0.021 0.001 0.009 0.004 0.015 0.063 0.878 
 161 S _   0.011 0.028 0.001 0.012 0.006 0.017 0.061 0.866 
 162 T _   0.012 0.037 0.001 0.016 0.008 0.020 0.057 0.848 
 163 R _   0.013 0.050 0.001 0.021 0.011 0.023 0.054 0.827 
 164 W _   0.014 0.063 0.001 0.028 0.013 0.026 0.051 0.804 
 165 Y _   0.014 0.076 0.001 0.034 0.016 0.028 0.047 0.783 
 166 R _   0.015 0.087 0.001 0.041 0.018 0.029 0.044 0.765 
 167 A _   0.015 0.094 0.001 0.046 0.020 0.030 0.042 0.752 
 168 P _   0.016 0.098 0.001 0.049 0.021 0.030 0.040 0.745 
 169 E _   0.016 0.099 0.001 0.050 0.020 0.030 0.038 0.745 
 170 V _   0.017 0.096 0.001 0.048 0.019 0.028 0.036 0.753 
 171 L _   0.018 0.089 0.001 0.043 0.017 0.027 0.035 0.768 
 172 L _   0.020 0.078 0.001 0.036 0.016 0.025 0.035 0.789 
 173 R _   0.022 0.062 0.001 0.029 0.013 0.024 0.034 0.815 
 174 S _   0.026 0.042 0.001 0.021 0.011 0.022 0.034 0.844 
 175 S _   0.032 0.024 0.001 0.014 0.009 0.021 0.033 0.867 
 176 V _   0.041 0.011 0.001 0.009 0.007 0.020 0.032 0.880 
 177 Y _   0.054 0.004 0.001 0.005 0.006 0.020 0.031 0.879 
 178 S _   0.075 0.001 0.001 0.003 0.005 0.021 0.030 0.864 
 179 S _   0.107 0.000 0.001 0.002 0.006 0.022 0.029 0.833 
 180 P _   0.154 0.000 0.001 0.002 0.007 0.024 0.027 0.785 
 181 I _   0.217 0.000 0.001 0.002 0.010 0.028 0.026 0.717 
 182 D _   0.289 0.000 0.001 0.002 0.015 0.033 0.024 0.636 
 183 V _   0.366 0.000 0.001 0.003 0.021 0.037 0.022 0.549 
 184 W _   0.438 0.000 0.002 0.003 0.028 0.041 0.021 0.467 
 185 A H   0.496 0.000 0.002 0.003 0.035 0.043 0.021 0.399 
 186 V H   0.541 0.000 0.002 0.004 0.042 0.045 0.021 0.345 
 187 G H   0.570 0.001 0.002 0.005 0.047 0.045 0.021 0.308 
 188 S H   0.585 0.001 0.002 0.006 0.050 0.044 0.023 0.289 
 189 I H   0.589 0.001 0.002 0.007 0.051 0.043 0.024 0.283 
 190 M H   0.578 0.001 0.002 0.008 0.051 0.041 0.027 0.293 
 191 A H   0.553 0.002 0.002 0.008 0.048 0.039 0.030 0.317 
 192 E H   0.513 0.002 0.002 0.009 0.044 0.037 0.035 0.358 
 193 L H   0.458 0.001 0.002 0.010 0.038 0.034 0.040 0.416 
 194 Y _   0.390 0.001 0.002 0.010 0.031 0.031 0.046 0.489 
 195 M _   0.317 0.001 0.002 0.009 0.023 0.027 0.054 0.567 
 196 L _   0.244 0.001 0.002 0.008 0.016 0.023 0.061 0.645 
 197 R _   0.178 0.000 0.001 0.007 0.011 0.019 0.068 0.716 
 198 P _   0.125 0.000 0.001 0.005 0.007 0.016 0.073 0.773 
 199 L _   0.084 0.000 0.001 0.004 0.005 0.013 0.078 0.816 
 200 F _   0.056 0.000 0.000 0.003 0.003 0.012 0.081 0.845 
 201 P _   0.040 0.000 0.000 0.002 0.002 0.011 0.084 0.860 
 202 G _   0.032 0.000 0.000 0.002 0.002 0.012 0.085 0.866 
 203 T _   0.030 0.000 0.000 0.002 0.002 0.014 0.087 0.865 
 204 S _   0.032 0.000 0.000 0.002 0.003 0.017 0.088 0.857 
 205 E _   0.038 0.002 0.001 0.003 0.006 0.023 0.088 0.839 
 206 V _   0.048 0.006 0.001 0.006 0.011 0.031 0.089 0.809 
 207 D _   0.061 0.017 0.001 0.011 0.019 0.039 0.089 0.762 
 208 E _   0.071 0.042 0.002 0.021 0.029 0.047 0.089 0.698 
 209 I _   0.078 0.078 0.003 0.035 0.039 0.053 0.089 0.625 
 210 F _   0.082 0.115 0.003 0.050 0.046 0.055 0.090 0.559 
 211 K _   0.081 0.142 0.003 0.065 0.048 0.054 0.092 0.515 
 212 I _   0.078 0.156 0.003 0.075 0.047 0.052 0.095 0.494 
 213 C _   0.073 0.161 0.003 0.079 0.043 0.048 0.100 0.493 
 214 Q _   0.065 0.159 0.002 0.076 0.038 0.043 0.106 0.511 
 215 V _   0.055 0.148 0.002 0.067 0.030 0.037 0.113 0.548 
 216 L _   0.046 0.126 0.002 0.052 0.022 0.030 0.121 0.601 
 217 G _   0.036 0.093 0.002 0.036 0.015 0.023 0.130 0.666 
 218 T _   0.027 0.057 0.001 0.021 0.009 0.018 0.138 0.729 
 219 P _   0.020 0.030 0.001 0.011 0.005 0.013 0.144 0.776 
 220 K _   0.014 0.016 0.000 0.006 0.003 0.010 0.148 0.804 
 221 K _   0.010 0.011 0.000 0.003 0.002 0.008 0.150 0.817 
 222 S _   0.007 0.009 0.000 0.002 0.001 0.007 0.152 0.821 
 223 D _   0.006 0.009 0.000 0.003 0.001 0.007 0.152 0.821 
 224 W _   0.006 0.011 0.000 0.004 0.002 0.009 0.153 0.815 
 225 P _   0.007 0.016 0.000 0.007 0.003 0.011 0.152 0.804 
 226 E _   0.008 0.027 0.001 0.012 0.005 0.013 0.151 0.784 
 227 G _   0.008 0.044 0.001 0.018 0.006 0.015 0.149 0.758 
 228 Y _   0.009 0.062 0.001 0.025 0.008 0.017 0.148 0.731 
 229 Q _   0.009 0.077 0.001 0.031 0.010 0.018 0.146 0.709 
 230 L _   0.009 0.087 0.001 0.035 0.011 0.019 0.145 0.693 
 231 A _   0.009 0.094 0.001 0.037 0.011 0.019 0.145 0.684 
 232 S _   0.009 0.097 0.001 0.037 0.012 0.020 0.145 0.680 
 233 S _   0.009 0.097 0.001 0.035 0.012 0.020 0.147 0.680 
 234 M _   0.010 0.096 0.001 0.032 0.011 0.019 0.148 0.683 
 235 N _   0.011 0.092 0.001 0.028 0.011 0.019 0.151 0.688 
 236 F _   0.011 0.087 0.001 0.025 0.010 0.019 0.154 0.694 
 237 R _   0.012 0.080 0.001 0.021 0.009 0.019 0.158 0.699 
 238 F _   0.012 0.074 0.001 0.019 0.009 0.018 0.161 0.705 
 239 P _   0.013 0.067 0.001 0.017 0.008 0.018 0.165 0.710 
 240 Q _   0.013 0.062 0.001 0.016 0.008 0.018 0.169 0.714 
 241 C _   0.013 0.057 0.001 0.015 0.008 0.018 0.173 0.716 
 242 V _   0.013 0.053 0.001 0.015 0.008 0.018 0.178 0.715 
 243 P _   0.013 0.049 0.001 0.016 0.008 0.017 0.182 0.714 
 244 I _   0.013 0.045 0.001 0.016 0.008 0.017 0.187 0.713 
 245 N _   0.013 0.041 0.001 0.016 0.008 0.017 0.192 0.712 
 246 L _   0.013 0.037 0.001 0.015 0.007 0.016 0.197 0.714 
 247 K _   0.013 0.032 0.001 0.013 0.006 0.016 0.203 0.716 
 248 T _   0.012 0.027 0.001 0.011 0.005 0.015 0.208 0.720 
 249 L _   0.012 0.022 0.001 0.008 0.005 0.015 0.213 0.724 
 250 I _   0.012 0.019 0.000 0.006 0.004 0.016 0.217 0.726 
 251 P _   0.013 0.017 0.000 0.005 0.004 0.017 0.221 0.724 
 252 N _   0.015 0.017 0.000 0.004 0.004 0.019 0.224 0.716 
 253 A _   0.019 0.018 0.001 0.005 0.006 0.023 0.227 0.702 
 254 S _   0.024 0.024 0.001 0.008 0.009 0.028 0.229 0.678 
 255 N _   0.030 0.037 0.001 0.014 0.015 0.033 0.232 0.637 
 256 E _   0.035 0.063 0.002 0.025 0.023 0.038 0.235 0.579 
 257 A _   0.038 0.098 0.002 0.040 0.029 0.041 0.238 0.514 
 258 I _   0.039 0.128 0.002 0.056 0.032 0.042 0.243 0.458 
 259 Q _   0.038 0.146 0.002 0.069 0.032 0.041 0.250 0.421 
 260 L _   0.036 0.155 0.002 0.076 0.031 0.038 0.259 0.402 
 261 M _   0.033 0.156 0.002 0.076 0.028 0.035 0.271 0.399 
 262 T _   0.030 0.150 0.002 0.070 0.024 0.030 0.286 0.409 
 263 E _   0.026 0.135 0.002 0.058 0.019 0.025 0.303 0.432 
 264 M _   0.022 0.109 0.002 0.043 0.014 0.021 0.324 0.465 
 265 L _   0.018 0.076 0.001 0.028 0.010 0.016 0.345 0.504 
 266 N _   0.015 0.045 0.001 0.017 0.006 0.012 0.365 0.538 
 267 W _   0.011 0.024 0.001 0.009 0.004 0.009 0.381 0.560 
 268 D _   0.009 0.013 0.000 0.005 0.002 0.007 0.393 0.571 
 269 P _   0.007 0.009 0.000 0.003 0.001 0.006 0.401 0.574 
 270 K _   0.005 0.007 0.000 0.002 0.001 0.005 0.406 0.573 
 271 K _   0.005 0.007 0.000 0.002 0.001 0.005 0.411 0.570 
 272 R _   0.004 0.007 0.000 0.003 0.001 0.005 0.413 0.566 
 273 P _   0.005 0.009 0.000 0.003 0.002 0.006 0.415 0.560 
 274 T _   0.005 0.014 0.000 0.005 0.002 0.008 0.416 0.550 
 275 A _   0.005 0.022 0.000 0.008 0.003 0.009 0.416 0.536 
 276 S _   0.006 0.035 0.001 0.011 0.004 0.011 0.415 0.518 
 277 Q _   0.006 0.051 0.001 0.014 0.005 0.012 0.413 0.497 
 278 A _   0.006 0.069 0.001 0.018 0.006 0.014 0.412 0.474 
 279 L _   0.006 0.088 0.001 0.022 0.008 0.015 0.411 0.450 
 280 K _   0.007 0.105 0.001 0.025 0.009 0.016 0.410 0.429 
 281 H X   0.007 0.119 0.001 0.028 0.010 0.016 0.410 0.409 
 282 P X   0.007 0.131 0.001 0.032 0.010 0.017 0.411 0.391 
 283 Y X   0.007 0.139 0.001 0.035 0.011 0.017 0.414 0.377 
 284 F X   0.007 0.144 0.001 0.038 0.011 0.017 0.417 0.365 
 285 Q X   0.007 0.146 0.001 0.039 0.011 0.016 0.422 0.357 
 286 V X   0.008 0.145 0.001 0.039 0.011 0.016 0.429 0.351 
 287 G X   0.008 0.141 0.001 0.038 0.011 0.015 0.437 0.350 
 288 Q X   0.008 0.134 0.001 0.035 0.010 0.014 0.447 0.352 
 289 V X   0.008 0.122 0.001 0.031 0.009 0.013 0.459 0.358 
 290 L X   0.007 0.106 0.001 0.026 0.008 0.011 0.474 0.368 
 291 G X   0.007 0.086 0.001 0.021 0.006 0.010 0.489 0.379 
 292 P X   0.007 0.066 0.001 0.016 0.005 0.009 0.505 0.390 
 293 S X   0.006 0.048 0.001 0.013 0.004 0.008 0.521 0.400 
 294 S X   0.006 0.033 0.000 0.009 0.003 0.007 0.535 0.406 
 295 N X   0.005 0.023 0.000 0.007 0.002 0.006 0.547 0.409 
 296 H X   0.004 0.017 0.000 0.006 0.002 0.005 0.557 0.409 
 297 L X   0.004 0.013 0.000 0.005 0.002 0.005 0.565 0.407 
 298 E X   0.004 0.010 0.000 0.004 0.001 0.004 0.572 0.404 
 299 S X   0.003 0.008 0.000 0.004 0.001 0.004 0.577 0.402 
 300 K X   0.003 0.007 0.000 0.004 0.001 0.004 0.582 0.398 
 301 Q X   0.003 0.007 0.000 0.005 0.001 0.004 0.586 0.394 
 302 S X   0.003 0.006 0.000 0.005 0.001 0.004 0.590 0.390 
 303 L X   0.003 0.006 0.000 0.006 0.002 0.004 0.593 0.386 
 304 N X   0.003 0.006 0.000 0.006 0.002 0.005 0.596 0.382 
 305 K X   0.003 0.006 0.000 0.007 0.002 0.005 0.599 0.379 
 306 Q X   0.003 0.006 0.000 0.007 0.002 0.005 0.602 0.376 
 307 L X   0.003 0.006 0.000 0.007 0.002 0.005 0.605 0.373 
 308 Q X   0.003 0.006 0.000 0.006 0.002 0.004 0.608 0.371 
 309 P X   0.003 0.005 0.000 0.006 0.002 0.004 0.611 0.369 
 310 L X   0.003 0.005 0.000 0.006 0.002 0.004 0.614 0.366 
 311 E X   0.003 0.005 0.000 0.006 0.002 0.004 0.616 0.364 
 312 S X   0.003 0.006 0.000 0.006 0.002 0.005 0.619 0.360 
 313 K X   0.003 0.006 0.000 0.007 0.002 0.005 0.621 0.356 
 314 P X   0.003 0.006 0.000 0.007 0.002 0.005 0.624 0.352 
 315 S X   0.003 0.007 0.000 0.008 0.002 0.005 0.627 0.347 
 316 L X   0.003 0.007 0.000 0.009 0.003 0.005 0.630 0.342 
 317 V X   0.003 0.007 0.000 0.010 0.003 0.005 0.634 0.338 
 318 E X   0.003 0.007 0.000 0.009 0.003 0.005 0.638 0.335 
 319 V X   0.003 0.007 0.000 0.009 0.002 0.005 0.642 0.332 
 320 E X   0.003 0.006 0.000 0.007 0.002 0.005 0.646 0.330 
 321 P X   0.003 0.006 0.000 0.006 0.002 0.004 0.651 0.329 
 322 K X   0.003 0.005 0.000 0.005 0.002 0.004 0.655 0.326 
 323 P X   0.003 0.005 0.000 0.004 0.002 0.004 0.659 0.324 
 324 L X   0.003 0.004 0.000 0.004 0.002 0.004 0.663 0.320 
 325 P X   0.003 0.004 0.000 0.004 0.002 0.005 0.667 0.315 
 326 D X   0.004 0.005 0.000 0.005 0.002 0.005 0.671 0.309 
 327 I X   0.004 0.005 0.000 0.007 0.002 0.005 0.675 0.302 
 328 I X   0.004 0.005 0.000 0.008 0.003 0.006 0.679 0.295 
 329 D X   0.004 0.006 0.000 0.010 0.003 0.006 0.684 0.287 
 330 Q X   0.004 0.006 0.000 0.011 0.003 0.006 0.689 0.281 
 331 V X   0.004 0.006 0.000 0.011 0.003 0.005 0.695 0.275 
 332 V X   0.004 0.005 0.000 0.010 0.003 0.005 0.702 0.272 
 333 G X   0.003 0.005 0.000 0.008 0.002 0.004 0.708 0.269 
 334 Q X   0.003 0.004 0.000 0.006 0.002 0.004 0.715 0.267 
 335 P X   0.003 0.003 0.000 0.005 0.001 0.003 0.721 0.265 
 336 Q X   0.003 0.002 0.000 0.003 0.001 0.003 0.726 0.262 
 337 P X   0.002 0.001 0.000 0.002 0.001 0.002 0.731 0.260 
 338 K X   0.002 0.001 0.000 0.002 0.001 0.002 0.735 0.257 
 339 T X   0.002 0.001 0.000 0.002 0.001 0.002 0.738 0.255 
 340 S X   0.002 0.001 0.000 0.002 0.001 0.002 0.741 0.252 
 341 Q X   0.002 0.001 0.000 0.002 0.001 0.002 0.743 0.250 
 342 Q X   0.002 0.001 0.000 0.002 0.001 0.002 0.744 0.248 
 343 P X   0.002 0.001 0.000 0.003 0.001 0.002 0.745 0.246 
 344 L X   0.002 0.001 0.000 0.003 0.001 0.003 0.745 0.245 
 345 Q X   0.002 0.001 0.000 0.003 0.001 0.003 0.746 0.245 
 346 P X   0.002 0.001 0.000 0.003 0.001 0.003 0.746 0.244 
 347 I X   0.002 0.001 0.000 0.004 0.001 0.003 0.746 0.244 
 348 Q X   0.002 0.001 0.000 0.004 0.001 0.003 0.745 0.244 
 349 P X   0.002 0.002 0.000 0.004 0.001 0.003 0.745 0.244 
 350 P X   0.002 0.002 0.000 0.004 0.001 0.003 0.745 0.243 
 351 Q X   0.002 0.002 0.000 0.005 0.001 0.003 0.744 0.243 
 352 N X   0.002 0.002 0.000 0.005 0.001 0.003 0.744 0.243 
 353 L X   0.002 0.002 0.000 0.005 0.001 0.003 0.744 0.242 
 354 S X   0.002 0.002 0.000 0.005 0.001 0.003 0.743 0.243 
 355 V X   0.002 0.002 0.000 0.005 0.001 0.003 0.743 0.243 
 356 Q X   0.002 0.002 0.000 0.005 0.001 0.003 0.742 0.245 
 357 Q X   0.002 0.002 0.000 0.004 0.001 0.003 0.741 0.248 
 358 P X   0.002 0.002 0.000 0.003 0.001 0.002 0.739 0.251 
 359 P X   0.002 0.002 0.000 0.003 0.001 0.002 0.737 0.254 
 360 K X   0.002 0.002 0.000 0.002 0.001 0.002 0.734 0.258 
 361 Q X   0.002 0.002 0.000 0.002 0.001 0.002 0.730 0.262 
 362 Q X   0.002 0.002 0.000 0.002 0.001 0.002 0.725 0.267 
 363 S X   0.002 0.002 0.000 0.002 0.001 0.003 0.719 0.272 
 364 Q X   0.002 0.004 0.000 0.003 0.001 0.003 0.711 0.277 
 365 E X   0.002 0.006 0.000 0.004 0.001 0.004 0.701 0.281 
 366 K X   0.003 0.011 0.000 0.006 0.002 0.006 0.688 0.284 
 367 P X   0.003 0.021 0.000 0.009 0.003 0.008 0.672 0.283 
 368 P X   0.004 0.037 0.001 0.014 0.005 0.010 0.652 0.278 
 369 Q X   0.004 0.059 0.001 0.019 0.007 0.011 0.630 0.268 
 370 T X   0.004 0.084 0.001 0.026 0.008 0.012 0.609 0.256 
 371 L X   0.004 0.106 0.001 0.031 0.009 0.013 0.590 0.245 
 372 F X   0.004 0.124 0.001 0.036 0.009 0.013 0.575 0.237 
 373 P X   0.004 0.136 0.001 0.039 0.010 0.013 0.564 0.234 
 374 S X   0.004 0.143 0.001 0.041 0.009 0.013 0.555 0.234 
 375 I X   0.004 0.146 0.001 0.041 0.009 0.012 0.549 0.237 
 376 V X   0.004 0.147 0.001 0.039 0.009 0.012 0.545 0.244 
 377 K X   0.004 0.144 0.001 0.036 0.008 0.011 0.542 0.254 
 378 N X   0.005 0.137 0.001 0.031 0.007 0.010 0.541 0.268 
 379 M X   0.005 0.127 0.001 0.026 0.006 0.009 0.541 0.285 
 380 P X   0.005 0.112 0.001 0.021 0.005 0.008 0.542 0.305 
 381 T X   0.005 0.096 0.001 0.016 0.004 0.007 0.544 0.327 
 382 K X   0.005 0.079 0.000 0.012 0.003 0.007 0.546 0.348 
 383 P X   0.004 0.065 0.000 0.009 0.002 0.006 0.547 0.367 
 384 N X   0.004 0.055 0.000 0.006 0.002 0.005 0.547 0.380 
 385 G X   0.003 0.048 0.000 0.005 0.001 0.005 0.547 0.391 
 386 T X   0.003 0.044 0.000 0.004 0.001 0.004 0.545 0.398 
 387 L X   0.003 0.043 0.000 0.003 0.001 0.005 0.542 0.403 
 388 S X   0.003 0.043 0.000 0.004 0.001 0.005 0.539 0.406 
 389 H X   0.003 0.044 0.000 0.004 0.002 0.006 0.534 0.407 
 390 K X   0.003 0.049 0.000 0.006 0.002 0.007 0.528 0.405 
 391 S X   0.004 0.056 0.000 0.009 0.003 0.008 0.520 0.399 
 392 G X   0.004 0.068 0.001 0.014 0.005 0.010 0.511 0.387 
 393 R X   0.005 0.084 0.001 0.020 0.006 0.011 0.501 0.372 
 394 R X   0.005 0.099 0.001 0.027 0.007 0.012 0.492 0.357 
 395 R X   0.005 0.111 0.001 0.033 0.008 0.012 0.485 0.345 
 396 W X   0.005 0.119 0.001 0.037 0.009 0.012 0.480 0.338 
 397 G X   0.005 0.122 0.001 0.039 0.009 0.012 0.477 0.336 
 398 Q X   0.005 0.122 0.001 0.038 0.008 0.011 0.475 0.339 
 399 T X   0.005 0.119 0.001 0.035 0.007 0.010 0.475 0.348 
 400 I X   0.004 0.112 0.001 0.030 0.006 0.009 0.477 0.360 
 401 F X   0.004 0.101 0.001 0.024 0.005 0.008 0.479 0.377 
 402 K X   0.004 0.087 0.001 0.019 0.004 0.008 0.482 0.395 
 403 S X   0.004 0.072 0.000 0.014 0.004 0.007 0.485 0.413 
 404 G X   0.004 0.059 0.000 0.011 0.003 0.006 0.489 0.427 
 405 D X   0.004 0.049 0.000 0.009 0.002 0.006 0.492 0.438 
 406 S X   0.004 0.042 0.000 0.008 0.002 0.005 0.494 0.446 
 407 W X   0.003 0.037 0.000 0.007 0.002 0.005 0.495 0.450 
 408 E X   0.003 0.033 0.000 0.007 0.002 0.005 0.496 0.453 
 409 E X   0.003 0.030 0.000 0.007 0.002 0.005 0.497 0.455 
 410 L X   0.003 0.028 0.000 0.008 0.002 0.005 0.497 0.457 
 411 E X   0.003 0.026 0.000 0.008 0.002 0.005 0.497 0.459 
 412 D X   0.003 0.024 0.000 0.008 0.002 0.005 0.496 0.462 
 413 Y X   0.003 0.022 0.000 0.008 0.002 0.005 0.496 0.464 
 414 D X   0.003 0.021 0.000 0.007 0.002 0.004 0.495 0.468 
 415 F X   0.003 0.019 0.000 0.006 0.002 0.004 0.494 0.471 
 416 G X   0.003 0.018 0.000 0.006 0.001 0.004 0.493 0.475 
 417 A X   0.003 0.017 0.000 0.005 0.001 0.004 0.492 0.478 
 418 S X   0.003 0.017 0.000 0.005 0.001 0.004 0.490 0.480 
 419 H X   0.003 0.017 0.000 0.005 0.001 0.004 0.487 0.482 
 420 S X   0.003 0.017 0.000 0.006 0.002 0.005 0.484 0.483 
 421 K _   0.003 0.019 0.000 0.008 0.002 0.006 0.481 0.482 
 422 K _   0.003 0.021 0.000 0.010 0.002 0.006 0.477 0.479 
 423 P _   0.004 0.024 0.000 0.014 0.003 0.007 0.474 0.474 
 424 S X   0.004 0.027 0.000 0.018 0.004 0.008 0.470 0.469 
 425 M X   0.004 0.029 0.000 0.021 0.004 0.008 0.468 0.465 
 426 G X   0.005 0.030 0.000 0.023 0.004 0.009 0.466 0.463 
 427 V X   0.005 0.030 0.000 0.023 0.004 0.008 0.465 0.464 
 428 F _   0.005 0.028 0.000 0.021 0.004 0.008 0.465 0.469 
 429 K _   0.004 0.025 0.000 0.018 0.004 0.007 0.466 0.476 
 430 E _   0.004 0.021 0.000 0.013 0.003 0.006 0.467 0.485 
 431 K _   0.004 0.017 0.000 0.009 0.002 0.005 0.468 0.494 
 432 R _   0.004 0.013 0.000 0.006 0.002 0.005 0.469 0.502 
 433 K _   0.003 0.010 0.000 0.005 0.001 0.004 0.469 0.507 
 434 K _   0.003 0.008 0.000 0.004 0.001 0.004 0.469 0.511 
 435 D _   0.003 0.007 0.000 0.004 0.001 0.004 0.468 0.513 
 436 S _   0.003 0.007 0.000 0.004 0.001 0.004 0.466 0.513 
 437 P _   0.004 0.008 0.000 0.006 0.002 0.005 0.463 0.513 
 438 F _   0.004 0.008 0.000 0.007 0.002 0.005 0.460 0.513 
 439 R _   0.004 0.009 0.000 0.010 0.002 0.006 0.457 0.512 
 440 L _   0.004 0.010 0.000 0.011 0.003 0.006 0.453 0.512 
 441 P _   0.004 0.011 0.000 0.013 0.003 0.006 0.449 0.514 
 442 E _   0.004 0.011 0.000 0.013 0.003 0.006 0.446 0.517 
 443 P _   0.004 0.011 0.000 0.012 0.003 0.006 0.442 0.522 
 444 V _   0.003 0.011 0.000 0.011 0.002 0.005 0.439 0.527 
 445 P _   0.003 0.010 0.000 0.010 0.002 0.005 0.436 0.534 
 446 S _   0.003 0.010 0.000 0.008 0.002 0.005 0.432 0.541 
 447 G _   0.003 0.009 0.000 0.007 0.002 0.004 0.428 0.547 
 448 S _   0.003 0.009 0.000 0.006 0.001 0.004 0.423 0.554 
 449 N _   0.003 0.009 0.000 0.005 0.001 0.004 0.417 0.561 
 450 H _   0.003 0.009 0.000 0.005 0.001 0.004 0.410 0.567 
 451 S _   0.002 0.010 0.000 0.005 0.001 0.005 0.402 0.574 
 452 T _   0.003 0.013 0.000 0.006 0.002 0.005 0.392 0.580 
 453 G _   0.003 0.017 0.000 0.009 0.002 0.006 0.380 0.583 
 454 E _   0.003 0.024 0.000 0.012 0.003 0.008 0.366 0.584 
 455 N _   0.004 0.034 0.001 0.018 0.004 0.010 0.350 0.580 
 456 K _   0.004 0.048 0.001 0.025 0.006 0.011 0.334 0.572 
 457 S _   0.004 0.062 0.001 0.032 0.007 0.012 0.318 0.563 
 458 L _   0.005 0.074 0.001 0.039 0.008 0.013 0.304 0.556 
 459 P _   0.005 0.082 0.001 0.044 0.008 0.014 0.292 0.554 
 460 A _   0.005 0.087 0.001 0.045 0.009 0.013 0.284 0.556 
 461 V _   0.005 0.089 0.001 0.044 0.008 0.013 0.277 0.564 
 462 T _   0.005 0.087 0.001 0.039 0.007 0.012 0.272 0.577 
 463 S _   0.005 0.082 0.001 0.032 0.006 0.011 0.268 0.594 
 464 L _   0.005 0.075 0.001 0.025 0.005 0.010 0.264 0.614 
 465 K _   0.005 0.066 0.001 0.018 0.004 0.009 0.262 0.635 
 466 S _   0.005 0.058 0.000 0.013 0.003 0.008 0.259 0.653 
 467 D _   0.005 0.051 0.000 0.010 0.003 0.008 0.257 0.667 
 468 S _   0.005 0.046 0.000 0.008 0.002 0.008 0.254 0.677 
 469 E _   0.005 0.043 0.000 0.007 0.002 0.008 0.251 0.684 
 470 L _   0.005 0.041 0.000 0.007 0.002 0.008 0.247 0.688 
 471 S _   0.006 0.041 0.000 0.008 0.003 0.009 0.243 0.691 
 472 T _   0.006 0.042 0.000 0.009 0.003 0.009 0.239 0.691 
 473 A _   0.006 0.044 0.000 0.011 0.004 0.010 0.234 0.691 
 474 P _   0.007 0.046 0.001 0.013 0.004 0.011 0.228 0.691 
 475 T _   0.007 0.048 0.001 0.014 0.005 0.011 0.223 0.691 
 476 S _   0.007 0.051 0.001 0.016 0.005 0.012 0.218 0.690 
 477 K _   0.007 0.052 0.001 0.018 0.006 0.012 0.213 0.690 
 478 Q _   0.007 0.054 0.001 0.019 0.006 0.012 0.209 0.691 
 479 Y _   0.008 0.054 0.001 0.020 0.006 0.012 0.205 0.694 
 480 Y _   0.008 0.054 0.001 0.021 0.006 0.012 0.202 0.696 
 481 L _   0.008 0.053 0.001 0.021 0.006 0.012 0.199 0.701 
 482 K _   0.008 0.051 0.001 0.020 0.006 0.011 0.197 0.707 
 483 Q _   0.008 0.048 0.001 0.018 0.005 0.010 0.195 0.716 
 484 S _   0.007 0.044 0.001 0.015 0.005 0.010 0.193 0.726 
 485 R _   0.007 0.039 0.001 0.013 0.004 0.009 0.192 0.736 
 486 Y _   0.006 0.035 0.000 0.010 0.003 0.008 0.190 0.747 
 487 L _   0.006 0.031 0.000 0.008 0.003 0.007 0.188 0.757 
 488 P _   0.005 0.028 0.000 0.006 0.002 0.007 0.186 0.765 
 489 G _   0.005 0.027 0.000 0.006 0.002 0.007 0.183 0.770 
 490 V _   0.005 0.027 0.000 0.005 0.002 0.007 0.180 0.774 
 491 N _   0.006 0.028 0.000 0.005 0.002 0.007 0.176 0.775 
 492 P _   0.006 0.031 0.000 0.006 0.003 0.009 0.172 0.773 
 493 K _   0.007 0.037 0.000 0.009 0.004 0.010 0.167 0.767 
 494 K _   0.007 0.046 0.001 0.012 0.005 0.012 0.162 0.756 
 495 V _   0.008 0.059 0.001 0.017 0.006 0.013 0.156 0.741 
 496 S _   0.008 0.075 0.001 0.022 0.008 0.014 0.149 0.723 
 497 L _   0.009 0.090 0.001 0.027 0.009 0.015 0.144 0.706 
 498 I _   0.009 0.102 0.001 0.030 0.009 0.016 0.139 0.694 
 499 A _   0.009 0.110 0.001 0.032 0.009 0.016 0.135 0.688 
 500 S _   0.009 0.114 0.001 0.032 0.009 0.015 0.131 0.688 
 501 G _   0.009 0.115 0.001 0.030 0.008 0.014 0.129 0.693 
 502 K _   0.008 0.114 0.001 0.026 0.007 0.013 0.127 0.703 
 503 E _   0.008 0.111 0.001 0.022 0.006 0.012 0.126 0.714 
 504 I _   0.008 0.106 0.001 0.018 0.005 0.011 0.124 0.727 
 505 N _   0.008 0.101 0.001 0.015 0.005 0.010 0.123 0.739 
 506 P _   0.007 0.096 0.000 0.012 0.004 0.010 0.122 0.749 
 507 H _   0.007 0.092 0.000 0.010 0.003 0.009 0.121 0.757 
 508 T _   0.007 0.090 0.000 0.009 0.003 0.009 0.120 0.762 
 509 W _   0.007 0.089 0.000 0.009 0.003 0.009 0.118 0.766 
 510 S _   0.007 0.089 0.000 0.009 0.003 0.009 0.116 0.768 
 511 N _   0.006 0.091 0.000 0.009 0.003 0.009 0.114 0.768 
 512 Q _   0.006 0.094 0.000 0.009 0.003 0.009 0.111 0.768 
 513 L _   0.006 0.098 0.000 0.009 0.003 0.009 0.108 0.766 
 514 F _   0.006 0.105 0.000 0.009 0.003 0.009 0.105 0.762 
 515 P _   0.006 0.114 0.000 0.010 0.004 0.010 0.101 0.755 
 516 K _   0.006 0.127 0.001 0.012 0.004 0.011 0.096 0.743 
 517 S _   0.007 0.146 0.001 0.014 0.005 0.012 0.091 0.724 
 518 L _   0.007 0.174 0.001 0.018 0.007 0.013 0.085 0.696 
 519 G _   0.007 0.213 0.001 0.023 0.009 0.014 0.079 0.655 
 520 P _   0.007 0.258 0.001 0.028 0.010 0.015 0.072 0.609 
 521 V _   0.007 0.302 0.001 0.033 0.011 0.015 0.066 0.565 
 522 G _   0.007 0.338 0.001 0.037 0.011 0.014 0.062 0.531 
 523 A _   0.006 0.363 0.001 0.038 0.010 0.014 0.058 0.509 
 524 E _   0.006 0.377 0.001 0.038 0.009 0.013 0.056 0.500 
 525 L _   0.006 0.383 0.001 0.036 0.008 0.012 0.054 0.500 
 526 A _   0.005 0.383 0.001 0.031 0.007 0.011 0.053 0.508 
 527 F _   0.005 0.379 0.001 0.026 0.006 0.010 0.052 0.522 
 528 K _   0.005 0.370 0.001 0.021 0.005 0.009 0.052 0.538 
 529 R _   0.005 0.360 0.001 0.016 0.004 0.008 0.051 0.555 
 530 S _   0.004 0.350 0.000 0.013 0.004 0.008 0.051 0.569 
 531 N _   0.004 0.343 0.000 0.011 0.003 0.007 0.051 0.580 
 532 A _   0.004 0.338 0.000 0.010 0.003 0.007 0.051 0.586 
 533 G _   0.004 0.336 0.000 0.010 0.003 0.007 0.051 0.588 
 534 N _   0.005 0.336 0.000 0.011 0.003 0.008 0.050 0.587 
 535 L _   0.005 0.338 0.000 0.011 0.003 0.008 0.050 0.584 
 536 G _   0.005 0.340 0.000 0.012 0.004 0.008 0.049 0.581 
 537 S _   0.005 0.342 0.000 0.013 0.004 0.008 0.049 0.579 
 538 Y _   0.005 0.343 0.000 0.013 0.004 0.008 0.048 0.578 
 539 A _   0.005 0.343 0.000 0.012 0.004 0.008 0.048 0.579 
 540 T _   0.005 0.343 0.000 0.011 0.004 0.009 0.048 0.580 
 541 Y _   0.005 0.344 0.000 0.011 0.004 0.009 0.047 0.581 
 542 N _   0.005 0.345 0.000 0.010 0.004 0.009 0.047 0.579 
 543 Q _   0.005 0.349 0.000 0.011 0.004 0.009 0.047 0.575 
 544 S _   0.006 0.354 0.000 0.011 0.004 0.010 0.047 0.568 
 545 G _   0.006 0.362 0.001 0.013 0.005 0.010 0.046 0.558 
 546 Y _   0.006 0.372 0.001 0.014 0.005 0.011 0.046 0.545 
 547 I _   0.006 0.382 0.001 0.016 0.006 0.011 0.046 0.532 
 548 P _   0.006 0.391 0.001 0.018 0.006 0.011 0.045 0.521 
 549 S _   0.006 0.397 0.001 0.019 0.006 0.011 0.046 0.514 
 550 F _   0.006 0.401 0.001 0.019 0.006 0.011 0.046 0.510 
 551 L _   0.006 0.401 0.001 0.019 0.006 0.011 0.047 0.511 
 552 K _   0.006 0.398 0.001 0.017 0.006 0.010 0.047 0.515 
 553 K _   0.006 0.393 0.001 0.015 0.005 0.010 0.048 0.521 
 554 E _   0.006 0.388 0.001 0.013 0.005 0.010 0.050 0.529 
 555 V _   0.006 0.382 0.001 0.012 0.005 0.010 0.051 0.534 
 556 Q _   0.006 0.378 0.000 0.011 0.004 0.010 0.052 0.538 
 557 S _   0.006 0.375 0.001 0.011 0.004 0.011 0.053 0.539 
 558 A _   0.006 0.375 0.001 0.012 0.005 0.011 0.054 0.536 
 559 G _   0.007 0.376 0.001 0.013 0.005 0.011 0.055 0.531 
 560 Q _   0.007 0.378 0.001 0.015 0.006 0.012 0.057 0.525 
 561 R _   0.007 0.380 0.001 0.017 0.006 0.012 0.058 0.518 
 562 I _   0.008 0.382 0.001 0.019 0.007 0.013 0.060 0.511 
 563 H _   0.008 0.381 0.001 0.021 0.007 0.013 0.062 0.508 
 564 L _   0.008 0.378 0.001 0.022 0.008 0.013 0.064 0.507 
 565 A _   0.008 0.371 0.001 0.023 0.008 0.013 0.067 0.509 
 566 P _   0.008 0.361 0.001 0.023 0.008 0.012 0.070 0.516 
 567 L _   0.009 0.348 0.001 0.023 0.008 0.012 0.074 0.526 
 568 N _   0.009 0.330 0.001 0.022 0.008 0.012 0.079 0.540 
 569 A _   0.009 0.308 0.001 0.021 0.007 0.012 0.085 0.557 
 570 T _   0.010 0.283 0.001 0.019 0.007 0.011 0.091 0.578 
 571 A _   0.009 0.256 0.001 0.017 0.006 0.011 0.098 0.601 
 572 S _   0.009 0.229 0.001 0.015 0.006 0.011 0.105 0.625 
 573 E _   0.009 0.206 0.001 0.013 0.005 0.010 0.111 0.645 
 574 Y _   0.008 0.188 0.001 0.011 0.004 0.010 0.117 0.662 
 575 T _   0.007 0.174 0.000 0.010 0.003 0.009 0.122 0.674 
 576 W _   0.007 0.165 0.000 0.009 0.003 0.009 0.126 0.681 
 577 N _   0.006 0.160 0.000 0.008 0.003 0.009 0.130 0.684 
 578 T _   0.006 0.157 0.000 0.009 0.003 0.009 0.133 0.683 
 579 K _   0.006 0.157 0.000 0.010 0.003 0.009 0.136 0.679 
 580 T _   0.005 0.158 0.000 0.012 0.004 0.009 0.138 0.672 
 581 G _   0.005 0.161 0.000 0.015 0.004 0.009 0.141 0.664 
 582 R _   0.005 0.164 0.001 0.017 0.004 0.009 0.143 0.656 
 583 G _   0.005 0.166 0.001 0.019 0.005 0.009 0.146 0.648 
 584 Q _   0.005 0.167 0.001 0.021 0.005 0.009 0.149 0.643 
 585 F _   0.005 0.167 0.001 0.021 0.005 0.009 0.153 0.640 
 586 S _   0.005 0.164 0.001 0.020 0.005 0.009 0.157 0.641 
 587 G _   0.004 0.159 0.001 0.018 0.004 0.008 0.162 0.643 
 588 R _   0.004 0.153 0.001 0.016 0.004 0.007 0.166 0.648 
 589 T _   0.004 0.147 0.000 0.013 0.003 0.007 0.171 0.654 
 590 Y _   0.004 0.141 0.000 0.011 0.003 0.007 0.176 0.658 
 591 N _   0.004 0.137 0.000 0.009 0.002 0.006 0.181 0.660 
 592 P _   0.004 0.134 0.000 0.008 0.002 0.006 0.185 0.660 
 593 T _   0.004 0.134 0.000 0.008 0.002 0.006 0.189 0.657 
 594 A _   0.004 0.136 0.000 0.008 0.002 0.007 0.192 0.650 
 595 K _   0.004 0.140 0.000 0.009 0.003 0.007 0.196 0.641 
 596 N _   0.004 0.147 0.000 0.011 0.003 0.008 0.199 0.628 
 597 L _   0.005 0.155 0.000 0.013 0.004 0.009 0.202 0.612 
 598 N _   0.005 0.165 0.001 0.015 0.004 0.009 0.205 0.596 
 599 I _   0.005 0.175 0.001 0.017 0.005 0.010 0.208 0.580 
 600 V _   0.005 0.183 0.001 0.018 0.005 0.010 0.212 0.566 
 601 N _   0.005 0.189 0.001 0.018 0.005 0.010 0.216 0.554 
 602 R _   0.005 0.194 0.001 0.018 0.005 0.011 0.221 0.545 
 603 A _   0.005 0.197 0.001 0.017 0.005 0.011 0.227 0.538 
 604 Q _   0.005 0.199 0.001 0.015 0.005 0.011 0.233 0.532 
 605 P _   0.005 0.200 0.001 0.014 0.004 0.011 0.239 0.526 
 606 I _   0.005 0.202 0.001 0.013 0.004 0.011 0.245 0.518 
 607 P _   0.006 0.205 0.001 0.014 0.005 0.012 0.251 0.508 
 608 S _   0.006 0.210 0.001 0.015 0.005 0.012 0.257 0.495 
 609 V _   0.006 0.216 0.001 0.017 0.006 0.013 0.263 0.478 
 610 H _   0.007 0.223 0.001 0.021 0.007 0.014 0.268 0.459 
 611 G _   0.007 0.232 0.001 0.026 0.008 0.015 0.275 0.437 
 612 R _   0.008 0.239 0.001 0.031 0.008 0.015 0.282 0.416 
 613 T _   0.008 0.243 0.001 0.035 0.009 0.016 0.291 0.398 
 614 D _   0.007 0.244 0.001 0.038 0.009 0.015 0.300 0.385 
 615 W _   0.007 0.242 0.001 0.039 0.009 0.014 0.311 0.378 
 616 V _   0.006 0.235 0.001 0.038 0.008 0.012 0.323 0.377 
 617 A _   0.005 0.224 0.001 0.034 0.007 0.010 0.338 0.380 
 618 K _   0.004 0.207 0.001 0.029 0.006 0.008 0.355 0.390 
 619 Y _   0.003 0.179 0.001 0.023 0.004 0.005 0.376 0.410 
 620 G _   0.001 0.139 0.000 0.014 0.001 0.002 0.397 0.445 
 621 G _   0.000 0.104 0.000 0.008 0.000 0.001 0.406 0.480 
 622 H _   0.000 0.088 0.000 0.008 0.000 0.001 0.407 0.496 
 623 R _   0.003 0.081 0.001 0.015 0.003 0.003 0.400 0.494 
