#TopoPred_TM8: 8-state transmembrane topology prediction results by no_profile mode 
#probabilities are in the order of H E C I L F X _, the 8 transmembrane topology types used in PDBTM 
   1 M X   0.014 0.002 0.002 0.054 0.009 0.010 0.704 0.205 
   2 S X   0.005 0.001 0.000 0.029 0.002 0.004 0.722 0.237 
   3 S X   0.001 0.001 0.000 0.014 0.000 0.002 0.725 0.257 
   4 M X   0.001 0.002 0.000 0.009 0.000 0.002 0.720 0.266 
   5 P X   0.001 0.003 0.000 0.008 0.001 0.004 0.710 0.272 
   6 K X   0.002 0.008 0.000 0.010 0.002 0.007 0.695 0.277 
   7 P X   0.004 0.018 0.000 0.015 0.003 0.011 0.672 0.277 
   8 E X   0.005 0.042 0.001 0.024 0.006 0.015 0.637 0.270 
   9 R X   0.006 0.086 0.001 0.037 0.010 0.019 0.587 0.252 
  10 H X   0.006 0.154 0.002 0.052 0.014 0.022 0.525 0.223 
  11 A X   0.005 0.230 0.002 0.066 0.016 0.021 0.467 0.192 
  12 E X   0.004 0.288 0.002 0.074 0.016 0.020 0.425 0.171 
  13 S X   0.004 0.324 0.001 0.077 0.015 0.018 0.399 0.161 
  14 L X   0.004 0.343 0.001 0.077 0.014 0.017 0.383 0.161 
  15 L X   0.004 0.351 0.001 0.074 0.012 0.015 0.373 0.169 
  16 D X   0.004 0.352 0.001 0.067 0.011 0.014 0.366 0.184 
  17 I X   0.004 0.346 0.001 0.057 0.010 0.013 0.362 0.207 
  18 C X   0.004 0.332 0.001 0.046 0.009 0.012 0.358 0.238 
  19 H X   0.005 0.309 0.001 0.033 0.007 0.010 0.357 0.278 
  20 D X   0.005 0.280 0.001 0.023 0.006 0.009 0.356 0.321 
  21 T _   0.005 0.253 0.001 0.015 0.004 0.009 0.355 0.359 
  22 N _   0.004 0.235 0.000 0.010 0.003 0.008 0.353 0.386 
  23 S _   0.004 0.224 0.000 0.007 0.002 0.008 0.351 0.403 
  24 S _   0.004 0.220 0.000 0.006 0.002 0.008 0.349 0.410 
  25 P _   0.004 0.220 0.000 0.007 0.002 0.009 0.345 0.412 
  26 T _   0.004 0.224 0.000 0.008 0.003 0.009 0.341 0.410 
  27 D _   0.005 0.233 0.000 0.010 0.004 0.010 0.336 0.402 
  28 L _   0.005 0.245 0.001 0.013 0.005 0.011 0.330 0.392 
  29 M _   0.005 0.258 0.001 0.015 0.005 0.011 0.324 0.381 
  30 T _   0.005 0.271 0.001 0.017 0.006 0.012 0.319 0.371 
  31 V _   0.005 0.281 0.001 0.018 0.006 0.012 0.314 0.363 
  32 T _   0.005 0.291 0.001 0.018 0.007 0.012 0.310 0.356 
  33 K _   0.005 0.299 0.001 0.019 0.007 0.013 0.307 0.350 
  34 N _   0.005 0.305 0.001 0.020 0.007 0.013 0.304 0.344 
  35 Q _   0.006 0.312 0.001 0.022 0.008 0.013 0.302 0.337 
  36 N _   0.006 0.316 0.001 0.024 0.008 0.013 0.301 0.331 
  37 I _   0.006 0.320 0.001 0.026 0.008 0.013 0.300 0.325 
  38 I _   0.007 0.320 0.001 0.028 0.009 0.013 0.301 0.322 
  39 L _   0.007 0.318 0.001 0.030 0.009 0.013 0.302 0.321 
  40 Q _   0.007 0.312 0.001 0.031 0.008 0.012 0.304 0.326 
  41 S _   0.007 0.300 0.001 0.030 0.008 0.012 0.307 0.335 
  42 I _   0.007 0.281 0.001 0.029 0.008 0.011 0.312 0.352 
  43 S _   0.007 0.252 0.001 0.027 0.007 0.010 0.318 0.378 
  44 R _   0.007 0.216 0.001 0.023 0.007 0.010 0.326 0.410 
  45 S _   0.007 0.174 0.001 0.020 0.006 0.009 0.335 0.448 
  46 E _   0.007 0.134 0.001 0.016 0.005 0.009 0.345 0.483 
  47 E _   0.007 0.101 0.001 0.012 0.004 0.008 0.354 0.514 
  48 F _   0.006 0.078 0.000 0.009 0.003 0.007 0.361 0.536 
  49 D _   0.005 0.062 0.000 0.007 0.002 0.006 0.366 0.550 
  50 Q _   0.004 0.053 0.000 0.006 0.002 0.006 0.370 0.559 
  51 D _   0.004 0.047 0.000 0.006 0.002 0.006 0.372 0.563 
  52 G _   0.004 0.044 0.000 0.006 0.002 0.006 0.374 0.565 
  53 D _   0.004 0.043 0.000 0.007 0.002 0.006 0.375 0.565 
  54 C _   0.004 0.042 0.000 0.008 0.002 0.006 0.375 0.563 
  55 S _   0.004 0.043 0.000 0.010 0.002 0.006 0.374 0.560 
  56 H _   0.004 0.043 0.000 0.012 0.002 0.007 0.374 0.557 
  57 S _   0.004 0.043 0.000 0.014 0.003 0.007 0.374 0.554 
  58 T _   0.004 0.043 0.000 0.016 0.003 0.007 0.374 0.553 
  59 L _   0.004 0.043 0.000 0.017 0.003 0.007 0.374 0.552 
  60 V _   0.004 0.041 0.000 0.016 0.003 0.007 0.375 0.554 
  61 N _   0.004 0.039 0.000 0.015 0.003 0.007 0.376 0.557 
  62 E _   0.004 0.036 0.000 0.013 0.002 0.006 0.377 0.561 
  63 E _   0.004 0.032 0.000 0.011 0.002 0.006 0.378 0.567 
  64 E _   0.004 0.029 0.000 0.009 0.002 0.005 0.379 0.573 
  65 D _   0.003 0.026 0.000 0.007 0.001 0.005 0.380 0.578 
  66 P _   0.003 0.023 0.000 0.005 0.001 0.004 0.380 0.582 
  67 S _   0.003 0.022 0.000 0.005 0.001 0.004 0.379 0.586 
  68 G _   0.003 0.022 0.000 0.004 0.001 0.004 0.377 0.589 
  69 G _   0.003 0.023 0.000 0.004 0.001 0.005 0.374 0.591 
  70 R _   0.003 0.024 0.000 0.005 0.001 0.005 0.369 0.592 
  71 Q _   0.003 0.028 0.000 0.006 0.002 0.006 0.363 0.592 
  72 D _   0.004 0.034 0.000 0.007 0.002 0.008 0.356 0.590 
  73 W _   0.004 0.044 0.000 0.010 0.003 0.010 0.346 0.583 
  74 Q _   0.005 0.062 0.001 0.013 0.004 0.012 0.334 0.569 
  75 P _   0.006 0.091 0.001 0.019 0.007 0.015 0.318 0.544 
  76 R _   0.007 0.132 0.001 0.026 0.010 0.018 0.301 0.506 
  77 T _   0.007 0.186 0.002 0.034 0.013 0.020 0.282 0.456 
  78 E _   0.008 0.244 0.002 0.043 0.015 0.022 0.264 0.403 
  79 G _   0.008 0.294 0.002 0.051 0.017 0.022 0.250 0.356 
  80 V E   0.008 0.331 0.002 0.059 0.017 0.022 0.240 0.322 
  81 E E   0.008 0.352 0.001 0.064 0.017 0.022 0.233 0.303 
  82 I E   0.008 0.363 0.001 0.066 0.017 0.021 0.229 0.295 
  83 T E   0.009 0.365 0.001 0.066 0.016 0.020 0.227 0.297 
  84 V E   0.009 0.359 0.001 0.062 0.015 0.019 0.227 0.309 
  85 T E   0.009 0.342 0.001 0.056 0.014 0.017 0.228 0.333 
  86 F _   0.009 0.311 0.001 0.048 0.012 0.016 0.230 0.372 
  87 P _   0.010 0.263 0.001 0.038 0.011 0.014 0.235 0.428 
  88 R _   0.010 0.206 0.001 0.029 0.009 0.013 0.240 0.492 
  89 D _   0.010 0.149 0.001 0.021 0.007 0.012 0.246 0.554 
  90 V _   0.009 0.105 0.001 0.015 0.005 0.011 0.250 0.604 
  91 S _   0.008 0.076 0.001 0.010 0.003 0.009 0.253 0.639 
  92 P _   0.007 0.059 0.000 0.008 0.003 0.008 0.255 0.660 
  93 P _   0.006 0.049 0.000 0.007 0.002 0.007 0.255 0.673 
  94 Q _   0.006 0.043 0.000 0.006 0.002 0.007 0.255 0.681 
  95 E _   0.005 0.040 0.000 0.006 0.002 0.006 0.254 0.687 
  96 M _   0.005 0.038 0.000 0.006 0.002 0.006 0.251 0.691 
  97 S _   0.004 0.038 0.000 0.007 0.002 0.006 0.248 0.694 
  98 Q _   0.004 0.038 0.000 0.007 0.002 0.006 0.245 0.698 
  99 E _   0.004 0.038 0.000 0.008 0.002 0.006 0.241 0.701 
 100 D _   0.004 0.039 0.000 0.008 0.002 0.007 0.236 0.704 
 101 L _   0.004 0.041 0.000 0.008 0.002 0.007 0.231 0.707 
 102 K _   0.004 0.043 0.000 0.009 0.002 0.007 0.225 0.709 
 103 E _   0.004 0.047 0.000 0.009 0.003 0.008 0.219 0.710 
 104 K _   0.004 0.052 0.000 0.010 0.003 0.009 0.213 0.710 
 105 N _   0.005 0.058 0.000 0.011 0.003 0.010 0.205 0.707 
 106 L _   0.005 0.067 0.001 0.014 0.004 0.011 0.198 0.701 
 107 I _   0.006 0.078 0.001 0.017 0.005 0.013 0.189 0.691 
 108 N _   0.006 0.091 0.001 0.021 0.007 0.015 0.181 0.678 
 109 S _   0.007 0.105 0.001 0.026 0.008 0.017 0.172 0.663 
 110 S _   0.008 0.118 0.001 0.032 0.010 0.018 0.165 0.648 
 111 L _   0.008 0.130 0.001 0.038 0.011 0.020 0.157 0.634 
 112 Q _   0.009 0.137 0.001 0.043 0.012 0.020 0.151 0.625 
 113 E _   0.009 0.141 0.001 0.046 0.013 0.020 0.147 0.623 
 114 W _   0.009 0.141 0.001 0.046 0.013 0.019 0.143 0.627 
 115 A _   0.010 0.138 0.001 0.044 0.012 0.018 0.140 0.637 
 116 Q _   0.010 0.130 0.001 0.038 0.011 0.017 0.138 0.656 
 117 A _   0.010 0.116 0.001 0.031 0.009 0.015 0.137 0.680 
 118 H _   0.010 0.099 0.001 0.024 0.008 0.014 0.136 0.709 
 119 A _   0.010 0.079 0.001 0.017 0.006 0.013 0.135 0.739 
 120 V _   0.010 0.062 0.001 0.012 0.005 0.012 0.135 0.765 
 121 S _   0.009 0.049 0.001 0.009 0.004 0.011 0.134 0.783 
 122 H _   0.009 0.042 0.000 0.007 0.004 0.011 0.133 0.794 
 123 P _   0.009 0.038 0.000 0.007 0.003 0.011 0.132 0.800 
 124 N _   0.010 0.036 0.000 0.008 0.004 0.011 0.130 0.801 
 125 E _   0.010 0.036 0.000 0.009 0.004 0.012 0.129 0.800 
 126 I _   0.011 0.037 0.001 0.011 0.005 0.013 0.127 0.797 
 127 E _   0.011 0.038 0.001 0.014 0.005 0.013 0.125 0.794 
 128 T _   0.011 0.038 0.001 0.015 0.006 0.013 0.123 0.793 
 129 V _   0.010 0.038 0.001 0.016 0.006 0.013 0.121 0.795 
 130 E _   0.010 0.038 0.001 0.016 0.006 0.013 0.119 0.799 
 131 L _   0.009 0.036 0.001 0.014 0.005 0.012 0.117 0.805 
 132 R _   0.009 0.035 0.001 0.013 0.005 0.011 0.116 0.811 
 133 K _   0.008 0.033 0.001 0.011 0.004 0.011 0.114 0.817 
 134 K _   0.008 0.031 0.000 0.010 0.004 0.011 0.113 0.821 
 135 K _   0.008 0.030 0.000 0.010 0.004 0.011 0.112 0.823 
 136 L _   0.008 0.030 0.001 0.011 0.004 0.011 0.111 0.824 
 137 T _   0.009 0.030 0.001 0.012 0.005 0.012 0.110 0.822 
 138 M _   0.009 0.031 0.001 0.014 0.005 0.012 0.109 0.819 
 139 R _   0.009 0.031 0.001 0.016 0.006 0.012 0.108 0.817 
 140 P _   0.009 0.030 0.001 0.018 0.006 0.012 0.107 0.817 
 141 L _   0.009 0.029 0.001 0.018 0.006 0.012 0.107 0.819 
 142 V _   0.009 0.027 0.001 0.017 0.005 0.012 0.106 0.824 
 143 L _   0.008 0.024 0.001 0.014 0.005 0.011 0.106 0.831 
 144 Q _   0.008 0.021 0.000 0.011 0.004 0.010 0.105 0.840 
 145 K _   0.008 0.017 0.000 0.008 0.003 0.010 0.105 0.848 
 146 E _   0.007 0.014 0.000 0.006 0.003 0.010 0.104 0.854 
 147 E _   0.008 0.013 0.000 0.005 0.003 0.011 0.103 0.857 
 148 S _   0.009 0.012 0.000 0.004 0.003 0.013 0.102 0.856 
 149 S _   0.011 0.013 0.000 0.005 0.004 0.015 0.101 0.851 
 150 R _   0.015 0.016 0.001 0.006 0.005 0.019 0.099 0.839 
 151 E _   0.020 0.022 0.001 0.009 0.008 0.024 0.097 0.820 
 152 L _   0.025 0.033 0.001 0.014 0.012 0.030 0.095 0.791 
 153 C _   0.031 0.050 0.001 0.020 0.018 0.035 0.092 0.753 
 154 N _   0.036 0.069 0.002 0.028 0.023 0.039 0.089 0.713 
 155 V _   0.041 0.087 0.002 0.035 0.027 0.043 0.087 0.679 
 156 N _   0.045 0.100 0.002 0.041 0.030 0.044 0.085 0.653 
 157 L _   0.047 0.108 0.002 0.044 0.031 0.045 0.084 0.639 
 158 G _   0.048 0.111 0.002 0.044 0.031 0.044 0.084 0.636 
 159 F _   0.048 0.111 0.002 0.041 0.029 0.042 0.084 0.644 
 160 L _   0.047 0.106 0.002 0.036 0.026 0.039 0.084 0.660 
 161 L _   0.044 0.099 0.002 0.030 0.022 0.036 0.085 0.682 
 162 P _   0.040 0.090 0.001 0.025 0.018 0.032 0.087 0.706 
 163 R _   0.036 0.080 0.001 0.021 0.015 0.029 0.088 0.730 
 164 S _   0.031 0.071 0.001 0.018 0.012 0.025 0.090 0.752 
 165 C _   0.027 0.063 0.001 0.015 0.009 0.022 0.091 0.770 
 166 L _   0.024 0.057 0.001 0.014 0.008 0.020 0.092 0.784 
 167 E _   0.020 0.052 0.001 0.014 0.007 0.017 0.094 0.796 
 168 L _   0.017 0.047 0.001 0.013 0.006 0.015 0.095 0.806 
 169 N _   0.015 0.043 0.001 0.012 0.005 0.013 0.096 0.815 
 170 I _   0.013 0.039 0.001 0.011 0.004 0.012 0.096 0.823 
 171 S _   0.012 0.036 0.000 0.010 0.004 0.011 0.097 0.830 
 172 K _   0.010 0.033 0.000 0.009 0.003 0.009 0.098 0.837 
 173 S _   0.009 0.030 0.000 0.008 0.003 0.009 0.098 0.842 
 174 V _   0.008 0.028 0.000 0.007 0.003 0.008 0.098 0.846 
 175 T _   0.008 0.027 0.000 0.007 0.003 0.008 0.098 0.849 
 176 R _   0.007 0.027 0.000 0.007 0.003 0.008 0.098 0.850 
 177 E _   0.007 0.027 0.000 0.007 0.003 0.008 0.098 0.850 
 178 D _   0.007 0.028 0.000 0.008 0.003 0.008 0.098 0.848 
 179 A _   0.007 0.030 0.000 0.009 0.003 0.008 0.097 0.845 
 180 P _   0.007 0.032 0.000 0.010 0.003 0.008 0.097 0.842 
 181 H _   0.007 0.035 0.000 0.011 0.003 0.008 0.096 0.839 
 182 F _   0.007 0.038 0.000 0.011 0.003 0.009 0.095 0.837 
 183 L _   0.007 0.040 0.000 0.012 0.004 0.009 0.095 0.834 
 184 K _   0.006 0.043 0.000 0.012 0.004 0.009 0.094 0.832 
 185 E _   0.006 0.045 0.000 0.012 0.004 0.009 0.093 0.831 
 186 Q _   0.006 0.047 0.000 0.012 0.004 0.009 0.092 0.830 
 187 Q _   0.006 0.050 0.000 0.012 0.004 0.009 0.092 0.828 
 188 R _   0.006 0.052 0.000 0.012 0.004 0.009 0.091 0.826 
 189 K _   0.006 0.055 0.000 0.012 0.004 0.009 0.090 0.824 
 190 S _   0.006 0.058 0.000 0.012 0.004 0.009 0.090 0.822 
 191 E _   0.006 0.060 0.000 0.013 0.004 0.009 0.089 0.819 
 192 E _   0.006 0.063 0.000 0.013 0.004 0.009 0.088 0.816 
 193 F _   0.006 0.066 0.000 0.013 0.004 0.009 0.088 0.815 
 194 S _   0.006 0.068 0.000 0.013 0.004 0.009 0.087 0.813 
 195 T _   0.006 0.071 0.000 0.012 0.004 0.009 0.086 0.812 
 196 S _   0.006 0.073 0.000 0.011 0.004 0.009 0.086 0.811 
 197 H _   0.006 0.076 0.000 0.011 0.004 0.009 0.085 0.809 
 198 M _   0.006 0.079 0.000 0.011 0.004 0.010 0.085 0.806 
 199 K _   0.006 0.083 0.000 0.011 0.004 0.010 0.084 0.802 
 200 Y _   0.006 0.089 0.001 0.011 0.004 0.011 0.083 0.795 
 201 S _   0.007 0.096 0.001 0.012 0.005 0.012 0.082 0.786 
 202 G _   0.008 0.106 0.001 0.014 0.006 0.013 0.081 0.772 
 203 R _   0.008 0.118 0.001 0.016 0.007 0.014 0.080 0.756 
 204 S _   0.009 0.132 0.001 0.018 0.008 0.016 0.079 0.738 
 205 I _   0.010 0.145 0.001 0.020 0.009 0.017 0.079 0.720 
 206 K _   0.010 0.158 0.001 0.022 0.009 0.017 0.078 0.704 
 207 F _   0.010 0.168 0.001 0.023 0.010 0.018 0.078 0.692 
 208 L _   0.011 0.176 0.001 0.024 0.010 0.018 0.078 0.683 
 209 L _   0.011 0.181 0.001 0.023 0.010 0.018 0.079 0.678 
 210 P _   0.011 0.184 0.001 0.021 0.009 0.018 0.080 0.676 
 211 P _   0.012 0.186 0.001 0.020 0.009 0.018 0.081 0.675 
 212 L _   0.012 0.187 0.001 0.018 0.008 0.018 0.082 0.675 
 213 S _   0.012 0.187 0.001 0.017 0.008 0.018 0.083 0.674 
 214 L _   0.013 0.187 0.001 0.016 0.008 0.018 0.085 0.673 
 215 L _   0.014 0.187 0.001 0.016 0.008 0.018 0.086 0.669 
 216 P _   0.014 0.189 0.001 0.017 0.009 0.019 0.088 0.664 
 217 T _   0.015 0.191 0.001 0.019 0.009 0.019 0.090 0.657 
 218 R _   0.015 0.193 0.001 0.022 0.010 0.019 0.092 0.648 
 219 S _   0.016 0.194 0.001 0.026 0.011 0.019 0.095 0.640 
 220 G _   0.016 0.194 0.001 0.029 0.011 0.018 0.098 0.633 
 221 V _   0.016 0.191 0.001 0.031 0.011 0.018 0.101 0.631 
 222 L _   0.015 0.185 0.001 0.032 0.010 0.017 0.106 0.635 
 223 T _   0.015 0.174 0.001 0.030 0.009 0.015 0.111 0.645 
 224 I _   0.014 0.157 0.001 0.027 0.008 0.014 0.117 0.662 
 225 P _   0.013 0.136 0.001 0.023 0.007 0.012 0.123 0.685 
 226 Q _   0.012 0.110 0.001 0.018 0.006 0.011 0.130 0.713 
 227 N _   0.010 0.085 0.001 0.013 0.004 0.009 0.137 0.740 
 228 H _   0.009 0.066 0.000 0.009 0.003 0.008 0.142 0.763 
 229 K _   0.007 0.053 0.000 0.006 0.002 0.007 0.146 0.779 
 230 F _   0.006 0.046 0.000 0.004 0.002 0.006 0.148 0.788 
 231 P _   0.005 0.043 0.000 0.004 0.001 0.006 0.150 0.792 
 232 K _   0.005 0.043 0.000 0.003 0.001 0.006 0.150 0.791 
 233 E _   0.005 0.045 0.000 0.004 0.002 0.007 0.150 0.787 
 234 K _   0.005 0.052 0.000 0.006 0.002 0.008 0.149 0.777 
 235 E _   0.006 0.067 0.000 0.009 0.003 0.011 0.146 0.757 
 236 R _   0.007 0.095 0.001 0.014 0.005 0.013 0.143 0.722 
 237 N _   0.008 0.143 0.001 0.020 0.008 0.016 0.138 0.668 
 238 I _   0.008 0.207 0.001 0.027 0.010 0.017 0.131 0.598 
 239 P _   0.008 0.277 0.001 0.033 0.012 0.018 0.126 0.525 
 240 S _   0.007 0.343 0.001 0.038 0.013 0.018 0.121 0.459 
 241 L _   0.007 0.395 0.001 0.041 0.013 0.018 0.117 0.407 
 242 T E   0.007 0.431 0.001 0.044 0.013 0.018 0.115 0.372 
 243 S E   0.006 0.454 0.001 0.045 0.013 0.017 0.114 0.349 
 244 F E   0.006 0.468 0.001 0.046 0.012 0.017 0.114 0.335 
 245 V E   0.007 0.474 0.001 0.046 0.012 0.016 0.116 0.329 
 246 P E   0.007 0.474 0.001 0.045 0.011 0.016 0.117 0.328 
 247 K E   0.007 0.468 0.001 0.044 0.011 0.015 0.120 0.332 
 248 L E   0.008 0.456 0.001 0.042 0.011 0.015 0.124 0.343 
 249 S E   0.009 0.435 0.001 0.040 0.010 0.014 0.130 0.361 
 250 V E   0.009 0.403 0.001 0.038 0.010 0.014 0.137 0.388 
 251 S _   0.010 0.359 0.001 0.035 0.010 0.014 0.147 0.425 
 252 V _   0.010 0.304 0.001 0.032 0.009 0.013 0.159 0.471 
 253 R _   0.011 0.244 0.001 0.027 0.008 0.013 0.172 0.524 
 254 Q _   0.011 0.186 0.001 0.022 0.006 0.012 0.185 0.578 
 255 S _   0.010 0.136 0.001 0.016 0.005 0.010 0.196 0.626 
 256 D _   0.009 0.099 0.001 0.011 0.003 0.009 0.204 0.664 
 257 E _   0.007 0.076 0.000 0.008 0.002 0.007 0.209 0.690 
 258 L _   0.006 0.063 0.000 0.005 0.002 0.006 0.213 0.706 
 259 S _   0.005 0.057 0.000 0.004 0.001 0.005 0.214 0.714 
 260 P _   0.004 0.055 0.000 0.003 0.001 0.005 0.214 0.717 
 261 S _   0.004 0.056 0.000 0.003 0.001 0.006 0.213 0.715 
 262 N _   0.005 0.062 0.000 0.005 0.002 0.008 0.211 0.708 
 263 E _   0.006 0.076 0.000 0.008 0.003 0.010 0.207 0.689 
 264 P _   0.007 0.106 0.001 0.014 0.005 0.013 0.201 0.652 
 265 P _   0.008 0.162 0.001 0.023 0.008 0.016 0.192 0.591 
 266 G _   0.008 0.237 0.001 0.031 0.011 0.017 0.182 0.514 
 267 A _   0.007 0.312 0.001 0.037 0.011 0.017 0.173 0.441 
 268 L _   0.006 0.368 0.001 0.041 0.011 0.016 0.167 0.390 
 269 V E   0.005 0.403 0.001 0.042 0.010 0.015 0.163 0.361 
 270 K E   0.005 0.421 0.001 0.041 0.009 0.014 0.161 0.348 
 271 S E   0.004 0.429 0.001 0.037 0.008 0.013 0.160 0.346 
 272 L E   0.004 0.431 0.001 0.033 0.007 0.012 0.161 0.351 
 273 M E   0.004 0.428 0.001 0.027 0.007 0.012 0.162 0.360 
 274 D E   0.004 0.421 0.001 0.021 0.006 0.011 0.163 0.372 
 275 P E   0.004 0.412 0.001 0.016 0.005 0.011 0.166 0.385 
 276 T E   0.005 0.404 0.000 0.013 0.004 0.011 0.168 0.395 
 277 L _   0.005 0.398 0.000 0.011 0.004 0.012 0.170 0.401 
 278 R _   0.005 0.396 0.000 0.010 0.004 0.012 0.171 0.401 
 279 S E   0.006 0.397 0.000 0.011 0.005 0.013 0.173 0.394 
 280 S E   0.007 0.402 0.001 0.014 0.006 0.014 0.174 0.383 
 281 D E   0.007 0.411 0.001 0.018 0.007 0.015 0.175 0.366 
 282 G E   0.008 0.421 0.001 0.024 0.009 0.015 0.176 0.346 
 283 F E   0.008 0.429 0.001 0.029 0.010 0.016 0.178 0.329 
 284 I E   0.008 0.433 0.001 0.035 0.011 0.016 0.181 0.316 
 285 W E   0.009 0.431 0.001 0.038 0.011 0.015 0.185 0.309 
 286 S E   0.009 0.422 0.001 0.040 0.011 0.015 0.191 0.311 
 287 R E   0.009 0.404 0.001 0.040 0.011 0.014 0.199 0.322 
 288 N E   0.009 0.372 0.001 0.038 0.011 0.014 0.210 0.344 
 289 M _   0.010 0.323 0.002 0.035 0.011 0.013 0.226 0.381 
 290 C _   0.010 0.259 0.002 0.031 0.010 0.013 0.246 0.430 
 291 S _   0.010 0.189 0.001 0.025 0.009 0.012 0.268 0.485 
 292 F _   0.010 0.128 0.001 0.018 0.007 0.011 0.290 0.534 
 293 P _   0.009 0.084 0.001 0.013 0.005 0.010 0.308 0.569 
 294 K _   0.008 0.057 0.000 0.010 0.003 0.009 0.323 0.590 
 295 T _   0.007 0.042 0.000 0.008 0.002 0.008 0.333 0.600 
 296 N _   0.006 0.033 0.000 0.007 0.002 0.007 0.341 0.604 
 297 H _   0.005 0.028 0.000 0.007 0.002 0.007 0.347 0.604 
 298 H _   0.005 0.025 0.000 0.007 0.002 0.007 0.352 0.602 
 299 R _   0.005 0.024 0.000 0.008 0.002 0.007 0.356 0.599 
 300 Q _   0.005 0.022 0.000 0.009 0.002 0.006 0.360 0.596 
 301 C _   0.004 0.021 0.000 0.009 0.002 0.006 0.363 0.594 
 302 L _   0.004 0.020 0.000 0.009 0.002 0.006 0.365 0.593 
 303 E _   0.004 0.019 0.000 0.009 0.002 0.006 0.367 0.594 
 304 K _   0.003 0.018 0.000 0.008 0.002 0.005 0.368 0.595 
 305 E _   0.003 0.017 0.000 0.007 0.002 0.005 0.369 0.597 
 306 E _   0.003 0.017 0.000 0.006 0.001 0.005 0.369 0.599 
 307 N _   0.003 0.017 0.000 0.005 0.001 0.005 0.369 0.601 
 308 W _   0.003 0.018 0.000 0.005 0.001 0.005 0.367 0.601 
 309 K _   0.003 0.020 0.000 0.005 0.001 0.005 0.365 0.600 
 310 S _   0.003 0.023 0.000 0.006 0.002 0.006 0.362 0.597 
 311 K _   0.004 0.030 0.000 0.007 0.002 0.007 0.358 0.591 
 312 E _   0.004 0.041 0.000 0.009 0.003 0.009 0.353 0.580 
 313 I _   0.005 0.057 0.001 0.013 0.004 0.011 0.347 0.562 
 314 E _   0.006 0.080 0.001 0.017 0.006 0.013 0.340 0.538 
 315 E _   0.006 0.107 0.001 0.021 0.007 0.015 0.333 0.511 
 316 C _   0.007 0.135 0.001 0.025 0.009 0.016 0.326 0.482 
 317 N _   0.007 0.162 0.001 0.029 0.010 0.017 0.321 0.455 
 318 K _   0.007 0.184 0.001 0.032 0.011 0.018 0.316 0.432 
 319 I _   0.007 0.200 0.001 0.034 0.011 0.018 0.313 0.415 
 320 E _   0.008 0.211 0.001 0.035 0.011 0.018 0.311 0.405 
 321 I _   0.008 0.217 0.001 0.036 0.011 0.018 0.311 0.399 
 322 T _   0.008 0.220 0.001 0.035 0.011 0.017 0.311 0.398 
 323 H _   0.008 0.219 0.001 0.033 0.010 0.016 0.312 0.401 
 324 F _   0.008 0.214 0.001 0.030 0.010 0.015 0.315 0.407 
 325 E _   0.007 0.207 0.001 0.028 0.009 0.014 0.318 0.416 
 326 K _   0.007 0.197 0.001 0.025 0.008 0.013 0.322 0.426 
 327 G _   0.007 0.185 0.001 0.023 0.007 0.013 0.326 0.438 
 328 Q _   0.007 0.172 0.001 0.021 0.007 0.012 0.332 0.449 
 329 S _   0.007 0.157 0.001 0.019 0.006 0.011 0.337 0.461 
 330 L _   0.007 0.142 0.001 0.018 0.006 0.010 0.344 0.473 
 331 V _   0.007 0.127 0.001 0.017 0.005 0.010 0.350 0.484 
 332 S _   0.006 0.111 0.001 0.015 0.005 0.009 0.357 0.497 
 333 F _   0.006 0.095 0.001 0.013 0.004 0.008 0.364 0.509 
 334 E _   0.006 0.081 0.001 0.011 0.004 0.007 0.370 0.520 
 335 N _   0.005 0.068 0.000 0.009 0.003 0.007 0.376 0.531 
 336 L _   0.005 0.059 0.000 0.008 0.002 0.006 0.381 0.538 
 337 K _   0.004 0.052 0.000 0.006 0.002 0.006 0.386 0.543 
 338 E _   0.004 0.047 0.000 0.006 0.002 0.006 0.390 0.545 
 339 G _   0.004 0.045 0.000 0.006 0.002 0.006 0.393 0.544 
 340 N _   0.004 0.044 0.000 0.007 0.002 0.006 0.395 0.541 
 341 I _   0.004 0.045 0.000 0.008 0.002 0.007 0.398 0.535 
 342 P _   0.005 0.046 0.000 0.011 0.003 0.008 0.400 0.528 
 343 A _   0.005 0.047 0.000 0.014 0.004 0.008 0.402 0.520 
 344 V _   0.005 0.049 0.000 0.017 0.004 0.009 0.405 0.511 
 345 R _   0.005 0.049 0.001 0.020 0.005 0.009 0.408 0.503 
 346 E _   0.005 0.049 0.001 0.021 0.005 0.009 0.413 0.497 
 347 E _   0.005 0.047 0.001 0.022 0.005 0.009 0.418 0.494 
 348 D _   0.005 0.044 0.001 0.020 0.004 0.008 0.424 0.494 
 349 I _   0.005 0.039 0.001 0.018 0.004 0.008 0.431 0.495 
 350 D _   0.005 0.033 0.000 0.015 0.003 0.007 0.439 0.498 
 351 C _   0.005 0.026 0.000 0.012 0.003 0.006 0.446 0.502 
 352 H _   0.004 0.020 0.000 0.009 0.002 0.005 0.453 0.505 
 353 G _   0.004 0.015 0.000 0.007 0.002 0.005 0.459 0.508 
 354 S _   0.004 0.011 0.000 0.005 0.001 0.004 0.464 0.509 
 355 K _   0.003 0.009 0.000 0.004 0.001 0.004 0.468 0.510 
 356 T _   0.003 0.007 0.000 0.004 0.001 0.004 0.471 0.510 
 357 R _   0.003 0.007 0.000 0.004 0.001 0.004 0.472 0.509 
 358 K _   0.003 0.006 0.000 0.004 0.001 0.004 0.473 0.509 
 359 P _   0.003 0.007 0.000 0.004 0.001 0.004 0.473 0.508 
 360 E _   0.003 0.007 0.000 0.005 0.001 0.004 0.472 0.507 
 361 E _   0.003 0.008 0.000 0.007 0.002 0.005 0.471 0.505 
 362 E _   0.003 0.009 0.000 0.008 0.002 0.005 0.469 0.504 
 363 N _   0.003 0.011 0.000 0.010 0.002 0.006 0.467 0.502 
 364 S _   0.003 0.012 0.000 0.011 0.002 0.006 0.465 0.501 
 365 Q _   0.003 0.014 0.000 0.012 0.002 0.006 0.463 0.500 
 366 Y _   0.003 0.015 0.000 0.013 0.003 0.006 0.461 0.499 
 367 L _   0.003 0.015 0.000 0.013 0.003 0.006 0.459 0.500 
 368 S _   0.003 0.016 0.000 0.013 0.003 0.006 0.458 0.501 
 369 S _   0.003 0.016 0.000 0.012 0.002 0.006 0.457 0.503 
 370 R _   0.003 0.016 0.000 0.011 0.002 0.005 0.456 0.506 
 371 K _   0.003 0.016 0.000 0.010 0.002 0.005 0.456 0.509 
 372 N _   0.003 0.015 0.000 0.009 0.002 0.005 0.455 0.511 
 373 E _   0.003 0.015 0.000 0.008 0.002 0.005 0.453 0.514 
 374 S _   0.003 0.015 0.000 0.007 0.002 0.005 0.452 0.517 
 375 S _   0.003 0.016 0.000 0.006 0.001 0.004 0.450 0.520 
 376 V _   0.003 0.016 0.000 0.006 0.001 0.005 0.447 0.522 
 377 A _   0.003 0.017 0.000 0.006 0.002 0.005 0.444 0.524 
 378 K _   0.003 0.019 0.000 0.006 0.002 0.005 0.441 0.525 
 379 N _   0.003 0.021 0.000 0.006 0.002 0.006 0.437 0.525 
 380 Y _   0.003 0.025 0.000 0.007 0.002 0.007 0.432 0.523 
 381 E _   0.004 0.031 0.000 0.008 0.003 0.008 0.427 0.519 
 382 Q _   0.004 0.041 0.000 0.010 0.004 0.010 0.421 0.510 
 383 D _   0.005 0.054 0.001 0.013 0.005 0.012 0.414 0.496 
 384 P _   0.006 0.072 0.001 0.017 0.007 0.014 0.407 0.477 
 385 E _   0.007 0.094 0.001 0.022 0.008 0.015 0.399 0.454 
 386 I _   0.007 0.116 0.001 0.027 0.010 0.017 0.392 0.429 
 387 V _   0.008 0.136 0.001 0.032 0.011 0.018 0.387 0.408 
 388 C _   0.008 0.150 0.001 0.036 0.012 0.018 0.383 0.391 
 389 T _   0.008 0.159 0.001 0.039 0.012 0.018 0.381 0.381 
 390 I X   0.008 0.164 0.001 0.040 0.012 0.018 0.380 0.376 
 391 P X   0.009 0.165 0.001 0.039 0.012 0.017 0.380 0.376 
 392 S X   0.009 0.163 0.001 0.037 0.011 0.016 0.381 0.381 
 393 K _   0.009 0.158 0.001 0.034 0.010 0.015 0.384 0.390 
 394 F _   0.009 0.148 0.001 0.029 0.009 0.014 0.388 0.402 
 395 Q _   0.009 0.136 0.001 0.025 0.008 0.013 0.392 0.416 
 396 E _   0.008 0.120 0.001 0.022 0.007 0.012 0.398 0.432 
 397 T _   0.008 0.103 0.001 0.019 0.006 0.011 0.404 0.448 
 398 Q _   0.008 0.087 0.001 0.016 0.005 0.010 0.410 0.463 
 399 H _   0.007 0.072 0.001 0.014 0.004 0.009 0.417 0.477 
 400 S _   0.007 0.058 0.000 0.012 0.004 0.008 0.422 0.489 
 401 E _   0.006 0.046 0.000 0.010 0.003 0.007 0.427 0.498 
 402 I _   0.006 0.036 0.000 0.009 0.003 0.007 0.432 0.507 
 403 T _   0.005 0.028 0.000 0.008 0.002 0.006 0.436 0.514 
 404 P _   0.005 0.022 0.000 0.007 0.002 0.005 0.439 0.521 
 405 S _   0.004 0.017 0.000 0.006 0.002 0.005 0.441 0.526 
 406 Q _   0.004 0.013 0.000 0.005 0.001 0.004 0.442 0.530 
 407 D _   0.003 0.011 0.000 0.005 0.001 0.004 0.442 0.534 
 408 E _   0.003 0.009 0.000 0.004 0.001 0.004 0.441 0.537 
 409 E _   0.003 0.008 0.000 0.004 0.001 0.004 0.440 0.540 
 410 M _   0.003 0.007 0.000 0.004 0.001 0.004 0.437 0.543 
 411 R _   0.003 0.007 0.000 0.005 0.001 0.004 0.434 0.546 
 412 N _   0.003 0.007 0.000 0.006 0.001 0.004 0.431 0.548 
 413 N _   0.003 0.008 0.000 0.007 0.002 0.005 0.426 0.550 
 414 K _   0.003 0.008 0.000 0.008 0.002 0.005 0.421 0.552 
 415 A _   0.003 0.010 0.000 0.010 0.002 0.006 0.416 0.553 
 416 A _   0.003 0.011 0.000 0.012 0.003 0.006 0.410 0.555 
 417 S _   0.003 0.012 0.000 0.014 0.003 0.007 0.405 0.556 
 418 K _   0.003 0.013 0.000 0.015 0.003 0.007 0.400 0.558 
 419 R _   0.003 0.013 0.000 0.016 0.003 0.007 0.395 0.562 
 420 V _   0.003 0.013 0.000 0.016 0.003 0.007 0.391 0.566 
 421 S _   0.003 0.013 0.000 0.015 0.003 0.007 0.387 0.571 
 422 L _   0.003 0.012 0.000 0.014 0.003 0.007 0.384 0.577 
 423 H _   0.004 0.011 0.000 0.012 0.003 0.006 0.380 0.583 
 424 K _   0.004 0.010 0.000 0.010 0.002 0.006 0.377 0.591 
 425 N _   0.003 0.009 0.000 0.008 0.002 0.006 0.374 0.597 
 426 E _   0.003 0.009 0.000 0.006 0.002 0.006 0.370 0.603 
 427 A _   0.004 0.008 0.000 0.005 0.002 0.007 0.366 0.609 
 428 M _   0.004 0.008 0.000 0.004 0.002 0.007 0.361 0.613 
 429 E _   0.005 0.009 0.000 0.004 0.002 0.009 0.356 0.615 
 430 P _   0.006 0.011 0.000 0.005 0.003 0.012 0.349 0.614 
 431 N _   0.009 0.016 0.000 0.007 0.004 0.016 0.340 0.607 
 432 N _   0.012 0.027 0.001 0.010 0.007 0.022 0.329 0.591 
 433 I _   0.017 0.049 0.001 0.014 0.012 0.029 0.316 0.561 
 434 L _   0.022 0.084 0.002 0.021 0.018 0.036 0.300 0.517 
 435 E _   0.025 0.134 0.002 0.028 0.025 0.041 0.283 0.462 
 436 E _   0.028 0.189 0.002 0.035 0.030 0.044 0.267 0.405 
 437 C _   0.028 0.239 0.003 0.041 0.034 0.045 0.253 0.358 
 438 T _   0.028 0.279 0.002 0.047 0.035 0.044 0.242 0.323 
 439 V E   0.028 0.308 0.002 0.051 0.035 0.042 0.234 0.299 
 440 L E   0.028 0.325 0.002 0.055 0.034 0.040 0.228 0.288 
 441 K E   0.028 0.333 0.002 0.057 0.032 0.038 0.225 0.286 
 442 S E   0.027 0.335 0.002 0.057 0.030 0.035 0.223 0.292 
 443 L E   0.026 0.329 0.002 0.056 0.026 0.031 0.223 0.307 
 444 S _   0.025 0.315 0.002 0.052 0.023 0.028 0.224 0.332 
 445 S _   0.023 0.289 0.002 0.047 0.019 0.024 0.226 0.371 
 446 V _   0.021 0.246 0.002 0.040 0.016 0.021 0.230 0.425 
 447 V _   0.019 0.192 0.002 0.031 0.012 0.018 0.234 0.492 
 448 F _   0.017 0.133 0.001 0.023 0.009 0.015 0.239 0.563 
 449 D _   0.014 0.083 0.001 0.015 0.006 0.012 0.243 0.625 
 450 D _   0.011 0.049 0.001 0.010 0.004 0.010 0.246 0.670 
 451 P _   0.009 0.029 0.000 0.006 0.002 0.008 0.247 0.698 
 452 I _   0.007 0.020 0.000 0.004 0.002 0.006 0.247 0.714 
 453 D _   0.005 0.016 0.000 0.003 0.001 0.006 0.246 0.722 
 454 K _   0.005 0.015 0.000 0.003 0.001 0.006 0.244 0.726 
 455 L _   0.005 0.015 0.000 0.004 0.002 0.006 0.241 0.728 
 456 P _   0.005 0.016 0.000 0.005 0.002 0.007 0.237 0.728 
 457 E _   0.005 0.019 0.000 0.008 0.002 0.008 0.232 0.725 
 458 G _   0.005 0.024 0.000 0.010 0.003 0.009 0.227 0.721 
 459 C _   0.005 0.030 0.001 0.013 0.004 0.010 0.220 0.717 
 460 S _   0.005 0.037 0.001 0.016 0.005 0.011 0.214 0.712 
 461 S _   0.005 0.043 0.001 0.019 0.005 0.011 0.208 0.708 
 462 M _   0.005 0.049 0.001 0.021 0.006 0.012 0.202 0.704 
 463 E _   0.006 0.054 0.001 0.022 0.006 0.013 0.197 0.701 
 464 T _   0.006 0.058 0.001 0.023 0.007 0.013 0.193 0.700 
 465 N _   0.006 0.061 0.001 0.024 0.007 0.014 0.189 0.699 
 466 I _   0.006 0.063 0.001 0.025 0.007 0.014 0.185 0.698 
 467 K _   0.007 0.065 0.001 0.025 0.007 0.014 0.182 0.699 
 468 I _   0.007 0.065 0.001 0.025 0.007 0.015 0.180 0.700 
 469 S _   0.007 0.064 0.001 0.024 0.007 0.015 0.178 0.703 
 470 I _   0.008 0.062 0.001 0.023 0.007 0.015 0.177 0.708 
 471 A _   0.008 0.058 0.001 0.020 0.007 0.015 0.176 0.715 
 472 E _   0.008 0.054 0.001 0.017 0.006 0.015 0.175 0.723 
 473 R _   0.009 0.049 0.001 0.014 0.005 0.016 0.175 0.732 
 474 A _   0.010 0.045 0.001 0.011 0.005 0.016 0.174 0.739 
 475 K _   0.011 0.041 0.001 0.008 0.005 0.018 0.173 0.743 
 476 P _   0.013 0.040 0.001 0.007 0.005 0.020 0.172 0.742 
 477 E _   0.017 0.040 0.001 0.007 0.006 0.023 0.170 0.735 
 478 M _   0.023 0.043 0.001 0.008 0.009 0.028 0.169 0.720 
 479 S _   0.030 0.050 0.001 0.011 0.013 0.033 0.167 0.696 
 480 R _   0.037 0.064 0.001 0.016 0.019 0.038 0.165 0.659 
 481 M _   0.043 0.086 0.002 0.024 0.026 0.043 0.163 0.613 
 482 V _   0.048 0.114 0.002 0.035 0.032 0.045 0.161 0.563 
 483 P _   0.051 0.139 0.002 0.047 0.036 0.046 0.160 0.520 
 484 L _   0.051 0.157 0.002 0.057 0.037 0.044 0.160 0.491 
 485 I _   0.050 0.166 0.002 0.064 0.036 0.042 0.162 0.478 
 486 H _   0.048 0.169 0.002 0.066 0.033 0.039 0.165 0.478 
 487 I _   0.044 0.165 0.002 0.064 0.029 0.035 0.169 0.493 
 488 T _   0.039 0.153 0.002 0.056 0.024 0.030 0.175 0.522 
 489 F _   0.033 0.130 0.002 0.045 0.018 0.025 0.182 0.565 
 490 P _   0.027 0.099 0.001 0.032 0.013 0.020 0.189 0.619 
 491 V _   0.022 0.065 0.001 0.020 0.008 0.015 0.196 0.672 
 492 D _   0.016 0.038 0.001 0.012 0.005 0.012 0.202 0.714 
 493 G _   0.012 0.023 0.000 0.006 0.003 0.009 0.206 0.742 
 494 S _   0.009 0.015 0.000 0.004 0.002 0.007 0.208 0.756 
 495 P _   0.006 0.013 0.000 0.002 0.001 0.006 0.209 0.762 
 496 K _   0.006 0.013 0.000 0.002 0.001 0.006 0.209 0.763 
 497 E _   0.005 0.014 0.000 0.003 0.002 0.007 0.208 0.760 
 498 P _   0.006 0.019 0.000 0.005 0.002 0.009 0.207 0.752 
 499 V _   0.007 0.030 0.000 0.010 0.004 0.011 0.204 0.734 
 500 I _   0.008 0.053 0.001 0.016 0.006 0.013 0.200 0.704 
 501 A _   0.008 0.084 0.001 0.025 0.008 0.015 0.195 0.665 
 502 K _   0.008 0.119 0.001 0.033 0.010 0.017 0.189 0.623 
 503 P _   0.007 0.147 0.001 0.042 0.011 0.017 0.185 0.589 
 504 S _   0.007 0.167 0.001 0.048 0.012 0.017 0.182 0.566 
 505 L _   0.007 0.178 0.001 0.052 0.012 0.017 0.181 0.552 
 506 Q _   0.007 0.184 0.001 0.053 0.012 0.017 0.181 0.547 
 507 T _   0.007 0.184 0.001 0.051 0.011 0.016 0.182 0.550 
 508 R _   0.007 0.180 0.001 0.046 0.010 0.014 0.184 0.558 
 509 K _   0.007 0.170 0.001 0.039 0.009 0.013 0.187 0.573 
 510 G _   0.006 0.156 0.001 0.032 0.008 0.012 0.191 0.595 
 511 T _   0.006 0.137 0.001 0.024 0.006 0.011 0.196 0.619 
 512 I _   0.006 0.118 0.001 0.018 0.005 0.010 0.200 0.642 
 513 H _   0.006 0.101 0.001 0.014 0.004 0.009 0.205 0.660 
 514 N _   0.006 0.089 0.000 0.011 0.003 0.009 0.209 0.673 
 515 N _   0.006 0.080 0.000 0.010 0.003 0.008 0.213 0.680 
 516 H _   0.006 0.074 0.000 0.011 0.003 0.008 0.216 0.682 
 517 S _   0.006 0.071 0.000 0.012 0.003 0.009 0.219 0.681 
 518 V _   0.006 0.068 0.000 0.014 0.004 0.009 0.221 0.678 
 519 N _   0.006 0.066 0.000 0.016 0.004 0.009 0.224 0.674 
 520 I _   0.006 0.064 0.001 0.018 0.004 0.009 0.227 0.671 
 521 P _   0.006 0.060 0.001 0.019 0.004 0.009 0.230 0.671 
 522 V _   0.006 0.056 0.001 0.018 0.004 0.009 0.233 0.674 
 523 H _   0.006 0.049 0.001 0.017 0.004 0.008 0.237 0.679 
 524 Q _   0.005 0.042 0.000 0.014 0.003 0.008 0.241 0.687 
 525 E _   0.005 0.034 0.000 0.012 0.003 0.007 0.245 0.695 
 526 N _   0.005 0.027 0.000 0.009 0.002 0.006 0.248 0.702 
 527 D _   0.004 0.021 0.000 0.008 0.002 0.006 0.251 0.707 
 528 K _   0.004 0.017 0.000 0.007 0.002 0.006 0.254 0.710 
 529 H _   0.004 0.014 0.000 0.006 0.002 0.006 0.256 0.711 
 530 K _   0.004 0.013 0.000 0.007 0.002 0.006 0.258 0.711 
 531 M _   0.005 0.012 0.000 0.007 0.002 0.006 0.259 0.710 
 532 N _   0.005 0.011 0.000 0.008 0.002 0.006 0.260 0.708 
 533 S _   0.005 0.010 0.000 0.009 0.002 0.006 0.260 0.708 
 534 H _   0.005 0.010 0.000 0.009 0.002 0.006 0.260 0.707 
 535 R _   0.005 0.009 0.000 0.009 0.002 0.006 0.260 0.708 
 536 S _   0.005 0.008 0.000 0.009 0.002 0.006 0.260 0.709 
 537 K _   0.004 0.007 0.000 0.008 0.002 0.006 0.260 0.712 
 538 L _   0.004 0.007 0.000 0.008 0.002 0.006 0.259 0.714 
 539 D _   0.004 0.006 0.000 0.007 0.002 0.006 0.258 0.718 
 540 S _   0.004 0.006 0.000 0.006 0.002 0.005 0.257 0.721 
 541 K _   0.004 0.005 0.000 0.005 0.002 0.005 0.254 0.724 
 542 T _   0.004 0.005 0.000 0.005 0.002 0.005 0.252 0.727 
 543 K _   0.004 0.006 0.000 0.005 0.002 0.006 0.248 0.730 
 544 T _   0.004 0.007 0.000 0.005 0.002 0.006 0.244 0.732 
 545 S _   0.004 0.009 0.000 0.006 0.002 0.007 0.239 0.732 
 546 K _   0.005 0.012 0.000 0.007 0.003 0.009 0.234 0.731 
 547 K _   0.005 0.017 0.000 0.010 0.004 0.011 0.227 0.726 
 548 T _   0.006 0.024 0.001 0.013 0.005 0.013 0.220 0.718 
 549 P _   0.007 0.034 0.001 0.018 0.007 0.015 0.213 0.705 
 550 Q _   0.008 0.046 0.001 0.023 0.008 0.017 0.206 0.691 
 551 N _   0.009 0.056 0.001 0.029 0.010 0.018 0.200 0.677 
 552 F _   0.010 0.064 0.001 0.033 0.011 0.019 0.194 0.667 
 553 V _   0.010 0.070 0.001 0.036 0.012 0.019 0.190 0.662 
 554 I _   0.010 0.072 0.001 0.036 0.012 0.019 0.186 0.662 
 555 S _   0.010 0.073 0.001 0.034 0.011 0.019 0.183 0.668 
 556 T _   0.010 0.071 0.001 0.031 0.010 0.018 0.181 0.678 
 557 E _   0.010 0.067 0.001 0.026 0.009 0.017 0.180 0.690 
 558 G _   0.010 0.061 0.001 0.021 0.008 0.016 0.178 0.705 
 559 P _   0.010 0.055 0.001 0.017 0.006 0.014 0.178 0.720 
 560 I _   0.010 0.049 0.001 0.013 0.005 0.014 0.177 0.733 
 561 K _   0.009 0.043 0.001 0.010 0.004 0.013 0.176 0.744 
 562 P _   0.009 0.040 0.000 0.008 0.004 0.013 0.174 0.752 
 563 T _   0.009 0.038 0.000 0.006 0.004 0.013 0.173 0.756 
 564 M _   0.010 0.038 0.000 0.006 0.004 0.014 0.171 0.758 
 565 H _   0.010 0.039 0.000 0.006 0.004 0.015 0.169 0.756 
 566 K _   0.012 0.043 0.001 0.008 0.005 0.017 0.166 0.749 
 567 T _   0.013 0.050 0.001 0.010 0.007 0.019 0.163 0.737 
 568 S _   0.015 0.063 0.001 0.013 0.009 0.022 0.159 0.718 
 569 I _   0.017 0.081 0.001 0.019 0.012 0.024 0.155 0.690 
 570 K _   0.018 0.103 0.001 0.025 0.015 0.026 0.152 0.659 
 571 T _   0.019 0.125 0.001 0.033 0.018 0.027 0.148 0.629 
 572 Q _   0.020 0.143 0.001 0.040 0.019 0.028 0.145 0.604 
 573 I _   0.020 0.154 0.002 0.045 0.020 0.027 0.144 0.588 
 574 F _   0.019 0.160 0.001 0.048 0.019 0.026 0.143 0.582 
 575 P _   0.019 0.161 0.001 0.047 0.018 0.025 0.143 0.586 
 576 A _   0.018 0.157 0.001 0.044 0.016 0.022 0.145 0.598 
 577 L _   0.016 0.147 0.001 0.038 0.014 0.020 0.146 0.617 
 578 G _   0.015 0.132 0.001 0.031 0.011 0.018 0.149 0.644 
 579 L _   0.014 0.112 0.001 0.024 0.009 0.015 0.152 0.673 
 580 V _   0.013 0.091 0.001 0.018 0.007 0.014 0.155 0.702 
 581 D _   0.012 0.072 0.001 0.013 0.005 0.012 0.158 0.728 
 582 P _   0.010 0.057 0.001 0.010 0.004 0.011 0.160 0.747 
 583 R _   0.009 0.047 0.000 0.008 0.003 0.010 0.162 0.759 
 584 P _   0.009 0.041 0.000 0.007 0.003 0.009 0.164 0.768 
 585 W _   0.008 0.036 0.000 0.007 0.003 0.008 0.165 0.773 
 586 Q _   0.007 0.034 0.000 0.007 0.003 0.008 0.166 0.775 
 587 L _   0.007 0.032 0.000 0.008 0.003 0.008 0.166 0.776 
 588 P _   0.007 0.032 0.000 0.008 0.003 0.008 0.166 0.777 
 589 R _   0.006 0.031 0.000 0.009 0.003 0.008 0.166 0.777 
 590 F _   0.006 0.031 0.000 0.009 0.003 0.008 0.166 0.777 
 591 Q _   0.006 0.031 0.000 0.010 0.003 0.008 0.165 0.776 
 592 K _   0.006 0.031 0.000 0.011 0.003 0.008 0.165 0.776 
 593 K _   0.006 0.031 0.000 0.012 0.003 0.008 0.164 0.775 
 594 M _   0.006 0.031 0.000 0.013 0.003 0.008 0.164 0.774 
 595 P _   0.006 0.031 0.000 0.014 0.004 0.008 0.164 0.772 
 596 Q _   0.006 0.031 0.000 0.015 0.004 0.009 0.164 0.770 
 597 I _   0.007 0.031 0.000 0.016 0.004 0.009 0.165 0.769 
 598 A _   0.007 0.030 0.000 0.016 0.004 0.009 0.166 0.768 
 599 K _   0.007 0.028 0.000 0.016 0.004 0.008 0.167 0.770 
 600 K _   0.007 0.025 0.000 0.015 0.004 0.008 0.168 0.773 
 601 Q _   0.007 0.021 0.000 0.013 0.003 0.008 0.169 0.778 
 602 S _   0.007 0.018 0.000 0.011 0.003 0.007 0.170 0.785 
 603 T _   0.006 0.014 0.000 0.008 0.002 0.006 0.171 0.791 
 604 H _   0.006 0.011 0.000 0.007 0.002 0.006 0.172 0.798 
 605 R _   0.005 0.008 0.000 0.005 0.002 0.005 0.172 0.803 
 606 T _   0.005 0.007 0.000 0.004 0.001 0.005 0.171 0.807 
 607 Q _   0.005 0.006 0.000 0.004 0.001 0.005 0.169 0.810 
 608 K _   0.004 0.006 0.000 0.004 0.001 0.005 0.168 0.812 
 609 P _   0.004 0.007 0.000 0.004 0.002 0.006 0.165 0.812 
 610 K _   0.005 0.009 0.000 0.006 0.002 0.006 0.161 0.810 
 611 K _   0.005 0.013 0.000 0.008 0.003 0.008 0.157 0.807 
 612 Q _   0.006 0.018 0.000 0.011 0.003 0.009 0.153 0.800 
 613 S _   0.006 0.025 0.001 0.015 0.004 0.010 0.147 0.792 
 614 F _   0.006 0.032 0.001 0.019 0.005 0.010 0.142 0.784 
 615 P _   0.006 0.039 0.001 0.022 0.006 0.011 0.138 0.779 
 616 C _   0.006 0.043 0.001 0.023 0.006 0.011 0.134 0.777 
 617 I _   0.006 0.046 0.001 0.022 0.005 0.010 0.130 0.780 
 618 C _   0.006 0.047 0.001 0.019 0.005 0.010 0.127 0.785 
 619 K _   0.006 0.048 0.001 0.016 0.004 0.009 0.124 0.792 
 620 N _   0.005 0.048 0.000 0.013 0.004 0.009 0.121 0.800 
 621 P _   0.005 0.048 0.000 0.011 0.003 0.009 0.118 0.806 
 622 G _   0.006 0.049 0.000 0.009 0.003 0.009 0.115 0.809 
 623 T _   0.006 0.050 0.000 0.008 0.003 0.009 0.113 0.810 
 624 Q _   0.006 0.054 0.000 0.009 0.003 0.010 0.109 0.808 
 625 K _   0.007 0.060 0.000 0.010 0.004 0.011 0.106 0.802 
 626 S _   0.007 0.069 0.001 0.013 0.005 0.011 0.102 0.792 
 627 C _   0.008 0.080 0.001 0.016 0.006 0.012 0.098 0.780 
 628 V _   0.008 0.092 0.001 0.020 0.007 0.013 0.094 0.767 
 629 P _   0.008 0.102 0.001 0.022 0.007 0.013 0.091 0.756 
 630 L _   0.008 0.111 0.001 0.024 0.007 0.013 0.087 0.749 
 631 S _   0.007 0.116 0.001 0.024 0.007 0.013 0.085 0.747 
 632 V _   0.007 0.119 0.001 0.023 0.007 0.012 0.082 0.748 
 633 Q _   0.007 0.120 0.001 0.021 0.006 0.011 0.081 0.753 
 634 P _   0.006 0.120 0.001 0.019 0.005 0.011 0.079 0.760 
 635 T _   0.006 0.118 0.001 0.016 0.005 0.010 0.077 0.767 
 636 E _   0.006 0.116 0.001 0.014 0.004 0.010 0.076 0.773 
 637 P _   0.006 0.115 0.000 0.012 0.004 0.009 0.075 0.779 
 638 R _   0.006 0.114 0.000 0.011 0.004 0.009 0.074 0.783 
 639 L _   0.006 0.114 0.000 0.010 0.003 0.009 0.073 0.785 
 640 N _   0.006 0.115 0.000 0.011 0.003 0.009 0.071 0.785 
 641 Y _   0.006 0.118 0.000 0.011 0.004 0.009 0.070 0.783 
 642 L _   0.006 0.121 0.000 0.012 0.004 0.009 0.068 0.780 
 643 D _   0.006 0.125 0.001 0.013 0.004 0.010 0.066 0.775 
 644 L _   0.006 0.130 0.001 0.015 0.005 0.010 0.064 0.770 
 645 K _   0.006 0.136 0.001 0.017 0.005 0.010 0.062 0.763 
 646 Y _   0.006 0.140 0.001 0.019 0.005 0.011 0.061 0.758 
 647 S _   0.006 0.144 0.001 0.021 0.006 0.011 0.059 0.754 
 648 D _   0.006 0.146 0.001 0.022 0.006 0.011 0.058 0.751 
 649 M _   0.006 0.147 0.001 0.022 0.006 0.011 0.057 0.751 
 650 F _   0.006 0.146 0.001 0.021 0.006 0.010 0.057 0.754 
 651 K _   0.006 0.143 0.001 0.019 0.005 0.010 0.056 0.760 
 652 E _   0.006 0.138 0.001 0.016 0.005 0.009 0.056 0.769 
 653 I _   0.006 0.132 0.001 0.013 0.004 0.009 0.056 0.779 
 654 N _   0.006 0.127 0.000 0.011 0.004 0.009 0.056 0.788 
 655 S _   0.006 0.122 0.000 0.009 0.003 0.009 0.055 0.795 
 656 T _   0.006 0.120 0.000 0.007 0.003 0.010 0.055 0.799 
 657 A _   0.007 0.120 0.000 0.007 0.003 0.011 0.054 0.797 
 658 N _   0.008 0.124 0.000 0.007 0.004 0.013 0.053 0.790 
 659 G _   0.010 0.133 0.001 0.009 0.005 0.015 0.052 0.775 
 660 P _   0.012 0.151 0.001 0.013 0.007 0.019 0.050 0.748 
 661 G _   0.014 0.179 0.001 0.017 0.011 0.022 0.048 0.708 
 662 I _   0.015 0.217 0.001 0.023 0.014 0.025 0.046 0.659 
 663 Y _   0.016 0.258 0.002 0.028 0.016 0.026 0.044 0.610 
