#TopoPred_TM8: 8-state transmembrane topology prediction results by no_profile mode 
#probabilities are in the order of H E C I L F X _, the 8 transmembrane topology types used in PDBTM 
   1 M X   0.012 0.001 0.002 0.047 0.008 0.008 0.731 0.191 
   2 A X   0.004 0.000 0.000 0.025 0.001 0.004 0.750 0.216 
   3 S X   0.001 0.000 0.000 0.012 0.000 0.002 0.753 0.232 
   4 D X   0.001 0.000 0.000 0.008 0.000 0.002 0.750 0.239 
   5 S X   0.001 0.000 0.000 0.007 0.001 0.003 0.743 0.245 
   6 P X   0.002 0.001 0.000 0.008 0.001 0.004 0.733 0.252 
   7 A X   0.002 0.002 0.000 0.009 0.001 0.006 0.721 0.259 
   8 R X   0.003 0.003 0.000 0.012 0.002 0.007 0.706 0.267 
   9 S X   0.003 0.005 0.000 0.016 0.003 0.008 0.688 0.277 
  10 L X   0.003 0.007 0.000 0.019 0.003 0.009 0.669 0.288 
  11 D X   0.003 0.008 0.001 0.022 0.004 0.010 0.649 0.303 
  12 E X   0.003 0.009 0.001 0.023 0.004 0.010 0.630 0.319 
  13 I X   0.003 0.010 0.001 0.022 0.004 0.010 0.613 0.337 
  14 D X   0.003 0.010 0.001 0.019 0.004 0.010 0.598 0.355 
  15 L X   0.003 0.010 0.000 0.015 0.004 0.010 0.584 0.373 
  16 S X   0.003 0.009 0.000 0.012 0.003 0.010 0.571 0.391 
  17 A X   0.004 0.009 0.000 0.009 0.003 0.010 0.559 0.406 
  18 L X   0.004 0.009 0.000 0.008 0.003 0.011 0.547 0.419 
  19 R X   0.005 0.009 0.000 0.007 0.003 0.012 0.533 0.430 
  20 D X   0.007 0.010 0.000 0.007 0.004 0.014 0.520 0.438 
  21 P X   0.009 0.012 0.001 0.009 0.005 0.017 0.505 0.442 
  22 A X   0.011 0.016 0.001 0.012 0.008 0.021 0.488 0.443 
  23 G X   0.015 0.023 0.001 0.016 0.011 0.025 0.470 0.439 
  24 I X   0.018 0.031 0.001 0.022 0.015 0.029 0.452 0.432 
  25 F X   0.020 0.039 0.001 0.028 0.019 0.031 0.435 0.426 
  26 E _   0.022 0.046 0.002 0.034 0.021 0.033 0.420 0.423 
  27 L _   0.024 0.051 0.002 0.038 0.022 0.033 0.407 0.424 
  28 V _   0.024 0.054 0.002 0.039 0.022 0.032 0.396 0.431 
  29 E _   0.024 0.054 0.002 0.038 0.021 0.031 0.386 0.444 
  30 L _   0.024 0.052 0.001 0.034 0.019 0.029 0.378 0.462 
  31 V _   0.023 0.048 0.001 0.029 0.016 0.026 0.372 0.484 
  32 G _   0.021 0.042 0.001 0.024 0.013 0.023 0.366 0.508 
  33 N _   0.020 0.035 0.001 0.020 0.011 0.021 0.361 0.531 
  34 G _   0.018 0.028 0.001 0.016 0.009 0.018 0.357 0.553 
  35 T _   0.016 0.022 0.001 0.012 0.007 0.016 0.353 0.574 
  36 Y _   0.014 0.016 0.001 0.009 0.005 0.014 0.349 0.592 
  37 G _   0.012 0.012 0.001 0.008 0.004 0.013 0.344 0.607 
  38 Q _   0.010 0.009 0.000 0.006 0.003 0.011 0.340 0.620 
  39 V _   0.009 0.007 0.000 0.005 0.003 0.011 0.334 0.630 
  40 Y _   0.009 0.006 0.000 0.004 0.003 0.010 0.329 0.639 
  41 K _   0.008 0.006 0.000 0.004 0.003 0.011 0.322 0.645 
  42 G _   0.009 0.007 0.000 0.004 0.003 0.012 0.315 0.650 
  43 R _   0.010 0.008 0.000 0.005 0.004 0.014 0.307 0.652 
  44 H _   0.011 0.011 0.001 0.007 0.005 0.016 0.298 0.650 
  45 V _   0.013 0.018 0.001 0.010 0.008 0.020 0.288 0.642 
  46 K _   0.016 0.029 0.001 0.015 0.011 0.024 0.277 0.628 
  47 T _   0.018 0.045 0.001 0.022 0.015 0.027 0.265 0.607 
  48 G _   0.020 0.064 0.002 0.030 0.019 0.029 0.253 0.582 
  49 Q _   0.021 0.082 0.002 0.039 0.021 0.031 0.243 0.561 
  50 L _   0.022 0.095 0.002 0.047 0.023 0.031 0.234 0.546 
  51 A _   0.022 0.103 0.002 0.052 0.023 0.030 0.227 0.540 
  52 A _   0.022 0.107 0.002 0.054 0.022 0.028 0.222 0.543 
  53 I _   0.021 0.106 0.001 0.051 0.019 0.026 0.218 0.556 
  54 K _   0.020 0.101 0.001 0.046 0.016 0.023 0.216 0.577 
  55 V _   0.018 0.091 0.001 0.037 0.013 0.020 0.214 0.606 
  56 M _   0.016 0.077 0.001 0.028 0.010 0.017 0.212 0.639 
  57 D _   0.014 0.060 0.001 0.019 0.007 0.014 0.211 0.674 
  58 V _   0.012 0.044 0.001 0.013 0.005 0.012 0.210 0.705 
  59 T _   0.009 0.032 0.000 0.008 0.003 0.010 0.208 0.729 
  60 G _   0.008 0.025 0.000 0.006 0.002 0.008 0.205 0.745 
  61 D _   0.007 0.022 0.000 0.004 0.002 0.008 0.202 0.755 
  62 E _   0.006 0.021 0.000 0.004 0.002 0.007 0.198 0.761 
  63 E _   0.006 0.022 0.000 0.005 0.002 0.008 0.193 0.763 
  64 E _   0.006 0.025 0.000 0.007 0.003 0.009 0.188 0.762 
  65 E _   0.006 0.030 0.000 0.011 0.004 0.011 0.181 0.756 
  66 I _   0.007 0.039 0.001 0.016 0.005 0.012 0.174 0.746 
  67 K _   0.007 0.049 0.001 0.022 0.007 0.014 0.166 0.734 
  68 Q _   0.007 0.059 0.001 0.028 0.008 0.015 0.159 0.722 
  69 E _   0.007 0.066 0.001 0.033 0.009 0.015 0.153 0.715 
  70 I _   0.007 0.070 0.001 0.036 0.009 0.016 0.148 0.713 
  71 N _   0.007 0.072 0.001 0.035 0.009 0.015 0.144 0.717 
  72 M _   0.008 0.070 0.001 0.031 0.008 0.015 0.140 0.726 
  73 L _   0.008 0.067 0.001 0.026 0.007 0.014 0.137 0.740 
  74 K _   0.008 0.061 0.001 0.019 0.006 0.014 0.135 0.756 
  75 K _   0.008 0.055 0.001 0.014 0.005 0.013 0.133 0.772 
  76 Y _   0.008 0.050 0.000 0.010 0.004 0.013 0.131 0.784 
  77 S _   0.009 0.047 0.000 0.008 0.004 0.014 0.128 0.791 
  78 H _   0.010 0.046 0.000 0.007 0.004 0.016 0.126 0.791 
  79 H _   0.012 0.049 0.001 0.008 0.005 0.018 0.122 0.784 
  80 R _   0.015 0.056 0.001 0.012 0.008 0.021 0.119 0.768 
  81 N _   0.019 0.069 0.001 0.020 0.012 0.025 0.114 0.741 
  82 I _   0.021 0.089 0.001 0.031 0.016 0.027 0.109 0.705 
  83 A _   0.022 0.109 0.002 0.045 0.019 0.029 0.105 0.670 
  84 T _   0.022 0.123 0.002 0.056 0.021 0.029 0.101 0.645 
  85 Y _   0.022 0.130 0.002 0.064 0.021 0.028 0.099 0.634 
  86 Y _   0.021 0.131 0.002 0.066 0.020 0.027 0.098 0.635 
  87 G _   0.020 0.127 0.002 0.062 0.018 0.024 0.097 0.649 
  88 A _   0.019 0.116 0.001 0.054 0.015 0.021 0.097 0.677 
  89 F _   0.017 0.096 0.001 0.041 0.012 0.018 0.098 0.717 
  90 I _   0.016 0.067 0.001 0.028 0.008 0.014 0.099 0.767 
  91 K _   0.014 0.038 0.001 0.016 0.005 0.011 0.100 0.815 
  92 K _   0.013 0.016 0.000 0.008 0.003 0.009 0.100 0.851 
  93 N _   0.012 0.005 0.000 0.004 0.002 0.007 0.099 0.871 
  94 P _   0.013 0.001 0.000 0.002 0.001 0.006 0.097 0.879 
  95 P _   0.019 0.000 0.000 0.001 0.001 0.006 0.095 0.878 
  96 G _   0.032 0.000 0.000 0.001 0.002 0.008 0.092 0.865 
  97 M _   0.063 0.000 0.000 0.001 0.003 0.012 0.087 0.833 
  98 D _   0.121 0.000 0.001 0.001 0.005 0.019 0.081 0.772 
  99 D _   0.206 0.000 0.001 0.002 0.010 0.028 0.074 0.680 
 100 Q _   0.311 0.000 0.001 0.003 0.018 0.039 0.066 0.563 
 101 L _   0.409 0.000 0.002 0.004 0.030 0.049 0.059 0.447 
 102 W H   0.489 0.001 0.002 0.005 0.044 0.056 0.053 0.349 
 103 L H   0.545 0.002 0.002 0.007 0.055 0.060 0.050 0.280 
 104 V H   0.580 0.003 0.002 0.008 0.062 0.060 0.048 0.236 
 105 M H   0.598 0.004 0.003 0.010 0.066 0.059 0.047 0.213 
 106 E H   0.603 0.005 0.003 0.012 0.068 0.056 0.047 0.207 
 107 F H   0.595 0.005 0.003 0.012 0.068 0.053 0.047 0.217 
 108 C H   0.576 0.005 0.003 0.012 0.064 0.049 0.049 0.242 
 109 G H   0.543 0.005 0.003 0.011 0.058 0.045 0.051 0.284 
 110 A H   0.493 0.004 0.003 0.011 0.050 0.041 0.054 0.343 
 111 G H   0.430 0.003 0.003 0.011 0.040 0.037 0.058 0.418 
 112 S _   0.361 0.002 0.002 0.011 0.030 0.032 0.063 0.498 
 113 V _   0.289 0.002 0.002 0.010 0.021 0.028 0.068 0.580 
 114 T _   0.220 0.001 0.001 0.010 0.014 0.023 0.073 0.657 
 115 D _   0.159 0.001 0.001 0.009 0.010 0.019 0.078 0.724 
 116 L _   0.109 0.001 0.001 0.007 0.006 0.016 0.082 0.779 
 117 I _   0.072 0.000 0.001 0.006 0.004 0.013 0.085 0.820 
 118 K _   0.046 0.000 0.000 0.005 0.003 0.010 0.086 0.849 
 119 N _   0.030 0.000 0.000 0.003 0.002 0.009 0.087 0.868 
 120 T _   0.020 0.000 0.000 0.003 0.002 0.008 0.088 0.879 
 121 K _   0.015 0.000 0.000 0.002 0.002 0.008 0.088 0.885 
 122 G _   0.014 0.000 0.000 0.002 0.002 0.009 0.087 0.886 
 123 N _   0.016 0.000 0.000 0.002 0.002 0.012 0.086 0.882 
 124 T _   0.021 0.000 0.000 0.002 0.003 0.016 0.085 0.873 
 125 L _   0.031 0.000 0.000 0.003 0.004 0.022 0.083 0.856 
 126 K _   0.045 0.001 0.001 0.005 0.007 0.031 0.081 0.830 
 127 E _   0.064 0.003 0.001 0.007 0.013 0.041 0.078 0.793 
 128 E _   0.086 0.006 0.001 0.010 0.021 0.052 0.074 0.748 
 129 W _   0.109 0.012 0.002 0.014 0.031 0.063 0.071 0.698 
 130 I _   0.131 0.020 0.002 0.019 0.042 0.072 0.068 0.646 
 131 A _   0.150 0.028 0.003 0.023 0.052 0.078 0.066 0.600 
 132 Y _   0.165 0.036 0.003 0.028 0.060 0.081 0.064 0.564 
 133 I _   0.174 0.042 0.003 0.031 0.064 0.082 0.063 0.541 
 134 C _   0.178 0.046 0.003 0.034 0.066 0.080 0.062 0.531 
 135 R _   0.176 0.048 0.003 0.035 0.063 0.077 0.062 0.536 
 136 E _   0.169 0.047 0.003 0.034 0.058 0.072 0.063 0.554 
 137 I _   0.157 0.044 0.003 0.032 0.051 0.066 0.065 0.584 
 138 L _   0.141 0.039 0.002 0.028 0.042 0.058 0.066 0.624 
 139 R _   0.122 0.033 0.002 0.023 0.032 0.051 0.068 0.669 
 140 G _   0.102 0.026 0.002 0.018 0.024 0.043 0.070 0.714 
 141 L _   0.083 0.020 0.001 0.015 0.017 0.037 0.072 0.756 
 142 S _   0.065 0.015 0.001 0.012 0.012 0.031 0.073 0.791 
 143 H _   0.050 0.011 0.001 0.010 0.009 0.026 0.075 0.818 
 144 L _   0.039 0.009 0.001 0.009 0.007 0.022 0.076 0.838 
 145 H _   0.030 0.007 0.001 0.008 0.006 0.019 0.077 0.852 
 146 Q _   0.023 0.007 0.001 0.009 0.005 0.016 0.078 0.862 
 147 H _   0.018 0.006 0.001 0.009 0.005 0.014 0.078 0.869 
 148 K _   0.015 0.006 0.001 0.009 0.004 0.013 0.079 0.874 
 149 V _   0.013 0.005 0.000 0.009 0.004 0.012 0.079 0.878 
 150 I _   0.011 0.005 0.000 0.008 0.004 0.011 0.079 0.881 
 151 H _   0.010 0.005 0.000 0.008 0.004 0.010 0.079 0.883 
 152 R _   0.009 0.005 0.000 0.008 0.003 0.010 0.079 0.886 
 153 D _   0.008 0.005 0.000 0.007 0.003 0.009 0.079 0.887 
 154 I _   0.008 0.005 0.000 0.007 0.003 0.010 0.079 0.888 
 155 K _   0.008 0.006 0.000 0.007 0.003 0.010 0.079 0.887 
 156 G _   0.008 0.007 0.000 0.007 0.004 0.011 0.078 0.885 
 157 Q _   0.009 0.009 0.000 0.008 0.004 0.012 0.077 0.881 
 158 N _   0.009 0.011 0.001 0.009 0.005 0.013 0.077 0.875 
 159 V _   0.010 0.014 0.001 0.011 0.006 0.015 0.076 0.867 
 160 L _   0.011 0.018 0.001 0.014 0.007 0.016 0.075 0.858 
 161 L _   0.012 0.023 0.001 0.016 0.008 0.018 0.074 0.849 
 162 T _   0.013 0.027 0.001 0.017 0.009 0.019 0.073 0.840 
 163 E _   0.014 0.031 0.001 0.019 0.010 0.021 0.073 0.832 
 164 N _   0.015 0.034 0.001 0.020 0.010 0.022 0.072 0.825 
 165 A _   0.017 0.037 0.001 0.020 0.011 0.023 0.072 0.819 
 166 E _   0.018 0.039 0.001 0.020 0.012 0.024 0.072 0.815 
 167 V _   0.019 0.041 0.001 0.020 0.012 0.024 0.072 0.810 
 168 K _   0.021 0.042 0.001 0.020 0.012 0.025 0.073 0.806 
 169 L _   0.022 0.043 0.001 0.020 0.013 0.025 0.073 0.803 
 170 V _   0.023 0.044 0.001 0.021 0.013 0.025 0.074 0.800 
 171 D _   0.023 0.044 0.001 0.021 0.013 0.025 0.075 0.799 
 172 F _   0.023 0.043 0.001 0.021 0.012 0.024 0.076 0.800 
 173 G _   0.023 0.042 0.001 0.020 0.011 0.023 0.078 0.802 
 174 V _   0.022 0.040 0.001 0.019 0.011 0.022 0.079 0.806 
 175 S _   0.021 0.037 0.001 0.017 0.010 0.021 0.081 0.812 
 176 A _   0.020 0.034 0.001 0.016 0.009 0.020 0.083 0.818 
 177 Q _   0.019 0.031 0.001 0.013 0.008 0.018 0.085 0.825 
 178 L _   0.017 0.028 0.001 0.011 0.007 0.017 0.087 0.832 
 179 D _   0.016 0.026 0.001 0.010 0.006 0.016 0.089 0.837 
 180 R _   0.016 0.024 0.001 0.008 0.005 0.016 0.090 0.840 
 181 T _   0.015 0.023 0.001 0.007 0.005 0.016 0.092 0.842 
 182 V _   0.015 0.023 0.001 0.007 0.005 0.016 0.093 0.841 
 183 G _   0.015 0.024 0.001 0.007 0.005 0.017 0.094 0.837 
 184 R _   0.015 0.026 0.001 0.008 0.006 0.018 0.095 0.831 
 185 R _   0.016 0.030 0.001 0.009 0.007 0.019 0.096 0.821 
 186 N _   0.017 0.035 0.001 0.011 0.008 0.021 0.097 0.809 
 187 T _   0.019 0.042 0.001 0.013 0.009 0.023 0.098 0.794 
 188 F _   0.020 0.052 0.001 0.015 0.011 0.025 0.099 0.776 
 189 I _   0.021 0.064 0.001 0.019 0.013 0.027 0.100 0.755 
 190 G _   0.022 0.076 0.001 0.023 0.015 0.029 0.101 0.732 
 191 T _   0.023 0.090 0.001 0.027 0.018 0.030 0.103 0.709 
 192 P _   0.023 0.102 0.001 0.032 0.019 0.031 0.105 0.687 
 193 Y _   0.023 0.112 0.002 0.037 0.020 0.031 0.107 0.669 
 194 W _   0.023 0.119 0.002 0.040 0.021 0.030 0.110 0.655 
 195 M _   0.022 0.124 0.002 0.044 0.020 0.029 0.114 0.647 
 196 A _   0.021 0.125 0.001 0.045 0.019 0.027 0.118 0.643 
 197 P _   0.020 0.124 0.001 0.045 0.018 0.025 0.123 0.645 
 198 E _   0.018 0.119 0.001 0.043 0.015 0.023 0.130 0.651 
 199 V _   0.016 0.110 0.001 0.039 0.013 0.020 0.137 0.663 
 200 I _   0.015 0.098 0.001 0.034 0.011 0.018 0.144 0.680 
 201 A _   0.013 0.081 0.001 0.028 0.009 0.015 0.153 0.700 
 202 C _   0.012 0.062 0.001 0.022 0.007 0.013 0.161 0.722 
 203 D _   0.010 0.043 0.001 0.017 0.005 0.011 0.169 0.744 
 204 E _   0.008 0.027 0.001 0.012 0.004 0.009 0.177 0.763 
 205 N _   0.007 0.015 0.000 0.008 0.003 0.008 0.182 0.777 
 206 P _   0.006 0.008 0.000 0.005 0.002 0.006 0.186 0.786 
 207 D _   0.005 0.004 0.000 0.004 0.001 0.006 0.189 0.790 
 208 A _   0.005 0.002 0.000 0.003 0.001 0.006 0.191 0.792 
 209 T _   0.006 0.001 0.000 0.002 0.001 0.006 0.192 0.791 
 210 Y _   0.008 0.000 0.000 0.002 0.001 0.008 0.193 0.787 
 211 D _   0.013 0.000 0.000 0.002 0.002 0.011 0.192 0.780 
 212 F _   0.022 0.000 0.000 0.002 0.003 0.016 0.191 0.765 
 213 K _   0.038 0.001 0.000 0.003 0.005 0.024 0.189 0.740 
 214 S _   0.063 0.001 0.001 0.004 0.010 0.035 0.186 0.700 
 215 D _   0.095 0.004 0.001 0.007 0.019 0.047 0.183 0.645 
 216 L _   0.131 0.009 0.002 0.010 0.032 0.060 0.180 0.577 
 217 W _   0.165 0.019 0.002 0.014 0.047 0.070 0.177 0.506 
 218 S _   0.193 0.032 0.003 0.020 0.061 0.077 0.175 0.439 
 219 L _   0.213 0.046 0.003 0.027 0.071 0.080 0.175 0.384 
 220 G _   0.226 0.059 0.003 0.033 0.076 0.080 0.177 0.346 
 221 I _   0.231 0.067 0.003 0.039 0.077 0.077 0.180 0.326 
 222 T _   0.229 0.071 0.003 0.042 0.075 0.072 0.185 0.324 
 223 A _   0.221 0.071 0.003 0.042 0.069 0.066 0.192 0.337 
 224 I _   0.206 0.067 0.003 0.039 0.060 0.059 0.200 0.366 
 225 E _   0.184 0.058 0.003 0.034 0.048 0.051 0.211 0.412 
 226 M _   0.156 0.045 0.003 0.027 0.035 0.042 0.224 0.469 
 227 A _   0.124 0.030 0.002 0.019 0.023 0.034 0.237 0.530 
 228 E _   0.093 0.017 0.001 0.012 0.014 0.026 0.249 0.587 
 229 G _   0.067 0.009 0.001 0.008 0.008 0.020 0.258 0.629 
 230 A _   0.045 0.005 0.001 0.005 0.005 0.016 0.266 0.658 
 231 P _   0.030 0.003 0.000 0.003 0.003 0.013 0.272 0.676 
 232 P _   0.021 0.002 0.000 0.003 0.002 0.011 0.276 0.685 
 233 L _   0.016 0.002 0.000 0.003 0.002 0.010 0.279 0.687 
 234 C _   0.013 0.003 0.000 0.003 0.002 0.011 0.282 0.685 
 235 D _   0.012 0.006 0.000 0.005 0.003 0.012 0.284 0.678 
 236 M _   0.011 0.011 0.001 0.009 0.005 0.014 0.285 0.664 
 237 H _   0.012 0.021 0.001 0.015 0.007 0.015 0.286 0.644 
 238 P _   0.012 0.034 0.001 0.023 0.009 0.017 0.288 0.617 
 239 M _   0.012 0.046 0.001 0.032 0.011 0.018 0.289 0.591 
 240 R _   0.012 0.056 0.001 0.039 0.012 0.018 0.292 0.569 
 241 A _   0.012 0.062 0.001 0.044 0.012 0.018 0.296 0.554 
 242 L _   0.011 0.064 0.001 0.045 0.012 0.017 0.302 0.548 
 243 F _   0.010 0.063 0.001 0.043 0.011 0.016 0.309 0.547 
 244 L _   0.010 0.060 0.001 0.037 0.009 0.014 0.317 0.552 
 245 I _   0.009 0.053 0.001 0.030 0.008 0.012 0.327 0.561 
 246 P _   0.008 0.044 0.001 0.023 0.006 0.010 0.337 0.571 
 247 R _   0.007 0.034 0.001 0.016 0.004 0.009 0.347 0.582 
 248 N _   0.007 0.025 0.000 0.011 0.003 0.007 0.357 0.589 
 249 P _   0.006 0.019 0.000 0.007 0.002 0.006 0.366 0.594 
 250 A _   0.005 0.014 0.000 0.005 0.002 0.005 0.372 0.596 
 251 P _   0.004 0.012 0.000 0.004 0.001 0.005 0.377 0.596 
 252 R _   0.004 0.011 0.000 0.003 0.001 0.005 0.381 0.594 
 253 L _   0.004 0.011 0.000 0.003 0.001 0.005 0.384 0.592 
 254 K _   0.004 0.011 0.000 0.003 0.001 0.005 0.385 0.589 
 255 S _   0.004 0.013 0.000 0.004 0.001 0.006 0.386 0.585 
 256 K _   0.004 0.016 0.000 0.005 0.002 0.008 0.386 0.578 
 257 K _   0.005 0.023 0.000 0.006 0.003 0.010 0.385 0.567 
 258 W _   0.007 0.035 0.001 0.009 0.004 0.013 0.383 0.548 
 259 S _   0.008 0.055 0.001 0.014 0.007 0.016 0.379 0.520 
 260 K _   0.010 0.087 0.001 0.020 0.010 0.020 0.376 0.477 
 261 K _   0.011 0.127 0.001 0.028 0.014 0.023 0.371 0.425 
 262 F _   0.012 0.167 0.002 0.037 0.017 0.024 0.368 0.373 
 263 Q X   0.012 0.200 0.002 0.046 0.019 0.025 0.366 0.330 
 264 S X   0.012 0.221 0.001 0.053 0.020 0.025 0.366 0.301 
 265 F X   0.013 0.232 0.001 0.058 0.020 0.025 0.368 0.283 
 266 I X   0.013 0.236 0.001 0.060 0.020 0.024 0.373 0.274 
 267 E X   0.012 0.234 0.001 0.058 0.019 0.022 0.379 0.274 
 268 S X   0.012 0.225 0.001 0.053 0.017 0.020 0.388 0.284 
 269 C X   0.012 0.206 0.002 0.045 0.015 0.018 0.400 0.302 
 270 L X   0.012 0.174 0.002 0.036 0.013 0.016 0.416 0.331 
 271 V X   0.012 0.132 0.001 0.026 0.010 0.014 0.435 0.370 
 272 K X   0.011 0.090 0.001 0.017 0.007 0.012 0.454 0.407 
 273 N X   0.010 0.058 0.001 0.011 0.005 0.011 0.471 0.434 
 274 H X   0.008 0.040 0.000 0.007 0.003 0.009 0.484 0.449 
 275 S X   0.007 0.030 0.000 0.005 0.002 0.008 0.493 0.454 
 276 Q X   0.006 0.027 0.000 0.004 0.002 0.008 0.501 0.453 
 277 R X   0.006 0.025 0.000 0.004 0.002 0.008 0.507 0.448 
 278 P X   0.006 0.026 0.000 0.006 0.002 0.009 0.512 0.439 
 279 A X   0.006 0.028 0.000 0.009 0.003 0.009 0.517 0.427 
 280 T X   0.006 0.031 0.000 0.013 0.004 0.010 0.522 0.413 
 281 E X   0.006 0.034 0.001 0.018 0.005 0.011 0.528 0.397 
 282 Q X   0.006 0.037 0.001 0.023 0.006 0.011 0.534 0.382 
 283 L X   0.006 0.038 0.001 0.026 0.007 0.011 0.542 0.370 
 284 M X   0.006 0.038 0.001 0.026 0.007 0.010 0.551 0.362 
 285 K X   0.005 0.036 0.001 0.025 0.006 0.009 0.563 0.356 
 286 H X   0.005 0.032 0.001 0.021 0.005 0.008 0.575 0.352 
 287 P X   0.004 0.027 0.001 0.017 0.004 0.007 0.589 0.351 
 288 F X   0.004 0.021 0.000 0.012 0.003 0.006 0.603 0.351 
 289 I X   0.004 0.016 0.000 0.008 0.002 0.005 0.616 0.349 
 290 R X   0.003 0.012 0.000 0.005 0.002 0.004 0.627 0.347 
 291 D X   0.003 0.010 0.000 0.003 0.001 0.004 0.637 0.343 
 292 Q X   0.002 0.009 0.000 0.003 0.001 0.004 0.644 0.337 
 293 P X   0.002 0.009 0.000 0.003 0.001 0.004 0.651 0.331 
 294 N X   0.003 0.009 0.000 0.003 0.001 0.004 0.656 0.323 
 295 E X   0.003 0.011 0.000 0.005 0.002 0.005 0.661 0.312 
 296 R X   0.003 0.014 0.000 0.008 0.002 0.007 0.666 0.299 
 297 Q X   0.004 0.019 0.000 0.013 0.003 0.008 0.670 0.283 
 298 V X   0.004 0.024 0.000 0.018 0.005 0.009 0.675 0.265 
 299 R X   0.004 0.029 0.001 0.023 0.005 0.010 0.681 0.248 
 300 I X   0.004 0.031 0.001 0.027 0.006 0.010 0.688 0.233 
 301 Q X   0.004 0.032 0.001 0.029 0.006 0.010 0.698 0.220 
 302 L X   0.004 0.032 0.001 0.029 0.006 0.009 0.709 0.210 
 303 K X   0.004 0.030 0.001 0.026 0.006 0.009 0.723 0.201 
 304 D X   0.004 0.027 0.001 0.023 0.005 0.008 0.740 0.194 
 305 H X   0.003 0.023 0.001 0.018 0.004 0.007 0.758 0.187 
 306 I X   0.003 0.017 0.000 0.013 0.003 0.006 0.777 0.179 
 307 D X   0.003 0.012 0.000 0.010 0.002 0.005 0.796 0.172 
 308 R X   0.003 0.008 0.000 0.006 0.002 0.004 0.812 0.165 
 309 T X   0.002 0.005 0.000 0.004 0.001 0.003 0.826 0.158 
 310 K X   0.002 0.003 0.000 0.003 0.001 0.002 0.838 0.151 
 311 K X   0.002 0.002 0.000 0.002 0.001 0.002 0.847 0.145 
 312 K X   0.001 0.001 0.000 0.002 0.001 0.002 0.854 0.139 
 313 R X   0.001 0.001 0.000 0.002 0.000 0.002 0.859 0.135 
 314 G X   0.001 0.001 0.000 0.002 0.000 0.002 0.863 0.131 
 315 E X   0.001 0.001 0.000 0.002 0.000 0.002 0.867 0.128 
 316 K X   0.001 0.001 0.000 0.002 0.000 0.002 0.869 0.125 
 317 D X   0.001 0.001 0.000 0.002 0.001 0.002 0.871 0.122 
 318 E X   0.001 0.001 0.000 0.002 0.001 0.002 0.873 0.120 
 319 T X   0.001 0.001 0.000 0.003 0.001 0.002 0.874 0.119 
 320 E X   0.001 0.001 0.000 0.003 0.001 0.002 0.875 0.118 
 321 Y X   0.001 0.001 0.000 0.003 0.001 0.002 0.876 0.117 
 322 E X   0.001 0.001 0.000 0.003 0.001 0.002 0.876 0.116 
 323 Y X   0.001 0.001 0.000 0.003 0.001 0.002 0.877 0.116 
 324 S X   0.001 0.001 0.000 0.003 0.001 0.002 0.877 0.116 
 325 G X   0.001 0.001 0.000 0.003 0.001 0.002 0.877 0.117 
 326 S X   0.001 0.001 0.000 0.002 0.000 0.001 0.876 0.118 
 327 E X   0.001 0.001 0.000 0.002 0.000 0.001 0.875 0.119 
 328 E X   0.001 0.001 0.000 0.002 0.000 0.001 0.873 0.121 
 329 E X   0.001 0.001 0.000 0.002 0.000 0.001 0.871 0.124 
 330 E X   0.001 0.001 0.000 0.002 0.000 0.001 0.867 0.127 
 331 E X   0.001 0.002 0.000 0.002 0.000 0.001 0.863 0.131 
 332 E X   0.001 0.002 0.000 0.002 0.000 0.002 0.858 0.136 
 333 N X   0.001 0.003 0.000 0.002 0.001 0.002 0.851 0.141 
 334 D X   0.001 0.004 0.000 0.003 0.001 0.002 0.842 0.147 
 335 S X   0.001 0.007 0.000 0.004 0.001 0.003 0.832 0.153 
 336 G X   0.001 0.011 0.000 0.005 0.001 0.004 0.819 0.158 
 337 E X   0.002 0.019 0.000 0.008 0.002 0.005 0.803 0.161 
 338 P X   0.002 0.030 0.000 0.010 0.003 0.006 0.785 0.163 
 339 S X   0.002 0.045 0.001 0.013 0.004 0.007 0.766 0.162 
 340 S X   0.002 0.062 0.001 0.016 0.004 0.008 0.747 0.160 
 341 I X   0.002 0.078 0.001 0.018 0.005 0.008 0.730 0.158 
 342 L X   0.002 0.092 0.001 0.019 0.005 0.008 0.716 0.156 
 343 N X   0.002 0.103 0.001 0.020 0.005 0.008 0.705 0.156 
 344 L X   0.002 0.111 0.001 0.019 0.005 0.008 0.696 0.158 
 345 P X   0.002 0.116 0.000 0.018 0.004 0.008 0.690 0.161 
 346 G X   0.002 0.120 0.000 0.017 0.004 0.008 0.684 0.164 
 347 E X   0.002 0.122 0.000 0.015 0.004 0.008 0.680 0.167 
 348 S X   0.003 0.123 0.000 0.015 0.004 0.008 0.676 0.170 
 349 T X   0.003 0.124 0.000 0.014 0.004 0.008 0.673 0.173 
 350 L X   0.003 0.124 0.000 0.014 0.004 0.008 0.671 0.174 
 351 R X   0.003 0.124 0.000 0.015 0.004 0.008 0.670 0.175 
 352 R X   0.003 0.124 0.000 0.015 0.005 0.008 0.669 0.175 
 353 D X   0.003 0.122 0.000 0.016 0.005 0.008 0.669 0.176 
 354 F X   0.004 0.119 0.000 0.017 0.005 0.008 0.670 0.178 
 355 L X   0.004 0.114 0.000 0.017 0.005 0.007 0.672 0.181 
 356 R X   0.004 0.105 0.001 0.016 0.004 0.007 0.676 0.188 
 357 L X   0.004 0.094 0.001 0.014 0.004 0.006 0.681 0.197 
 358 Q X   0.004 0.079 0.001 0.012 0.004 0.006 0.686 0.210 
 359 L X   0.004 0.062 0.000 0.009 0.003 0.005 0.693 0.223 
 360 A X   0.003 0.047 0.000 0.007 0.002 0.005 0.699 0.236 
 361 N X   0.003 0.035 0.000 0.005 0.002 0.004 0.705 0.245 
 362 K X   0.003 0.027 0.000 0.004 0.001 0.004 0.709 0.251 
 363 E X   0.003 0.023 0.000 0.003 0.001 0.004 0.713 0.253 
 364 R X   0.003 0.020 0.000 0.003 0.001 0.004 0.715 0.254 
 365 S X   0.003 0.019 0.000 0.004 0.001 0.004 0.717 0.253 
 366 E X   0.003 0.018 0.000 0.005 0.001 0.004 0.719 0.250 
 367 A X   0.003 0.018 0.000 0.006 0.002 0.004 0.720 0.248 
 368 L X   0.003 0.018 0.000 0.007 0.002 0.004 0.721 0.245 
 369 R X   0.003 0.017 0.000 0.008 0.002 0.004 0.723 0.243 
 370 R X   0.003 0.017 0.000 0.009 0.002 0.004 0.725 0.241 
 371 Q X   0.003 0.015 0.000 0.009 0.002 0.004 0.727 0.240 
 372 Q X   0.003 0.014 0.000 0.008 0.002 0.004 0.729 0.241 
 373 L X   0.002 0.012 0.000 0.007 0.002 0.003 0.732 0.242 
 374 E X   0.002 0.009 0.000 0.005 0.001 0.003 0.735 0.244 
 375 Q X   0.002 0.007 0.000 0.004 0.001 0.003 0.738 0.245 
 376 Q X   0.002 0.005 0.000 0.003 0.001 0.002 0.740 0.247 
 377 Q X   0.002 0.004 0.000 0.002 0.001 0.002 0.741 0.248 
 378 R X   0.002 0.003 0.000 0.002 0.001 0.002 0.742 0.249 
 379 E X   0.001 0.003 0.000 0.002 0.001 0.002 0.742 0.249 
 380 N X   0.001 0.003 0.000 0.002 0.001 0.002 0.742 0.250 
 381 E X   0.001 0.003 0.000 0.002 0.001 0.002 0.740 0.251 
 382 E X   0.001 0.003 0.000 0.003 0.001 0.002 0.738 0.251 
 383 H X   0.002 0.004 0.000 0.003 0.001 0.003 0.736 0.252 
 384 K X   0.002 0.004 0.000 0.005 0.001 0.003 0.733 0.252 
 385 R X   0.002 0.005 0.000 0.006 0.001 0.003 0.730 0.252 
 386 Q X   0.002 0.007 0.000 0.007 0.002 0.004 0.726 0.252 
 387 L X   0.002 0.008 0.000 0.009 0.002 0.004 0.723 0.252 
 388 L X   0.002 0.008 0.000 0.010 0.002 0.004 0.721 0.253 
 389 A X   0.002 0.009 0.000 0.010 0.002 0.004 0.719 0.254 
 390 E X   0.002 0.009 0.000 0.010 0.002 0.004 0.718 0.255 
 391 R X   0.002 0.009 0.000 0.009 0.002 0.004 0.718 0.256 
 392 Q X   0.002 0.008 0.000 0.008 0.002 0.004 0.718 0.258 
 393 K X   0.002 0.007 0.000 0.007 0.002 0.004 0.719 0.259 
 394 R X   0.002 0.006 0.000 0.006 0.001 0.003 0.720 0.260 
 395 I X   0.002 0.006 0.000 0.005 0.001 0.003 0.721 0.261 
 396 E X   0.002 0.005 0.000 0.004 0.001 0.003 0.722 0.262 
 397 E X   0.002 0.004 0.000 0.004 0.001 0.003 0.723 0.263 
 398 Q X   0.002 0.003 0.000 0.003 0.001 0.003 0.724 0.264 
 399 K X   0.002 0.003 0.000 0.003 0.001 0.003 0.724 0.264 
 400 E X   0.002 0.003 0.000 0.003 0.001 0.003 0.724 0.265 
 401 Q X   0.002 0.002 0.000 0.003 0.001 0.003 0.724 0.265 
 402 R X   0.002 0.002 0.000 0.003 0.001 0.003 0.723 0.266 
 403 R X   0.002 0.002 0.000 0.003 0.001 0.003 0.723 0.267 
 404 R X   0.002 0.002 0.000 0.003 0.001 0.003 0.721 0.268 
 405 L X   0.002 0.002 0.000 0.003 0.001 0.003 0.720 0.269 
 406 E X   0.002 0.002 0.000 0.004 0.001 0.003 0.718 0.271 
 407 E X   0.002 0.002 0.000 0.004 0.001 0.003 0.716 0.272 
 408 Q X   0.002 0.002 0.000 0.004 0.001 0.003 0.714 0.274 
 409 Q X   0.002 0.002 0.000 0.004 0.001 0.003 0.712 0.277 
 410 R X   0.002 0.002 0.000 0.004 0.001 0.003 0.710 0.279 
 411 R X   0.002 0.002 0.000 0.004 0.001 0.003 0.707 0.282 
 412 E X   0.002 0.002 0.000 0.004 0.001 0.003 0.704 0.285 
 413 K X   0.002 0.002 0.000 0.004 0.001 0.003 0.701 0.288 
 414 E X   0.002 0.002 0.000 0.004 0.001 0.003 0.697 0.291 
 415 L X   0.002 0.002 0.000 0.004 0.001 0.003 0.693 0.295 
 416 R X   0.002 0.002 0.000 0.004 0.001 0.003 0.689 0.299 
 417 K X   0.002 0.002 0.000 0.004 0.001 0.003 0.685 0.303 
 418 Q X   0.002 0.002 0.000 0.004 0.001 0.003 0.680 0.308 
 419 Q X   0.002 0.002 0.000 0.004 0.001 0.003 0.674 0.313 
 420 E X   0.002 0.002 0.000 0.004 0.001 0.003 0.668 0.319 
 421 R X   0.002 0.003 0.000 0.004 0.001 0.003 0.661 0.325 
 422 E X   0.002 0.003 0.000 0.004 0.001 0.003 0.654 0.331 
 423 Q X   0.002 0.003 0.000 0.005 0.001 0.004 0.647 0.338 
 424 R X   0.002 0.004 0.000 0.005 0.001 0.004 0.639 0.344 
 425 R X   0.002 0.005 0.000 0.006 0.002 0.004 0.631 0.350 
 426 H X   0.002 0.006 0.000 0.007 0.002 0.004 0.622 0.356 
 427 Y X   0.002 0.007 0.000 0.008 0.002 0.005 0.613 0.362 
 428 E X   0.003 0.008 0.000 0.009 0.002 0.005 0.605 0.368 
 429 E X   0.003 0.009 0.000 0.010 0.002 0.005 0.597 0.374 
 430 Q X   0.003 0.010 0.000 0.011 0.002 0.005 0.589 0.380 
 431 M X   0.003 0.010 0.000 0.010 0.002 0.005 0.582 0.387 
 432 R X   0.003 0.011 0.000 0.010 0.002 0.005 0.574 0.395 
 433 R X   0.003 0.011 0.000 0.009 0.002 0.005 0.567 0.404 
 434 E X   0.003 0.010 0.000 0.008 0.002 0.004 0.560 0.412 
 435 E X   0.003 0.010 0.000 0.007 0.002 0.004 0.554 0.421 
 436 E X   0.003 0.010 0.000 0.006 0.002 0.004 0.547 0.429 
 437 R X   0.003 0.011 0.000 0.005 0.001 0.004 0.539 0.437 
 438 R X   0.003 0.011 0.000 0.005 0.001 0.004 0.532 0.444 
 439 R X   0.003 0.012 0.000 0.005 0.002 0.005 0.524 0.450 
 440 A X   0.003 0.014 0.000 0.006 0.002 0.005 0.515 0.455 
 441 E X   0.003 0.017 0.000 0.007 0.002 0.006 0.506 0.459 
 442 H X   0.003 0.020 0.000 0.009 0.003 0.007 0.496 0.462 
 443 E X   0.004 0.025 0.000 0.011 0.003 0.007 0.486 0.464 
 444 Q X   0.004 0.029 0.000 0.013 0.004 0.008 0.477 0.466 
 445 E X   0.004 0.034 0.000 0.015 0.004 0.008 0.468 0.467 
 446 Y _   0.004 0.037 0.001 0.015 0.004 0.008 0.460 0.470 
 447 I _   0.004 0.039 0.000 0.016 0.004 0.008 0.453 0.475 
 448 R _   0.004 0.041 0.000 0.015 0.004 0.008 0.447 0.480 
 449 R _   0.004 0.041 0.000 0.013 0.004 0.008 0.442 0.487 
 450 Q _   0.004 0.041 0.000 0.011 0.003 0.007 0.437 0.495 
 451 L _   0.004 0.041 0.000 0.009 0.003 0.007 0.432 0.503 
 452 E _   0.004 0.041 0.000 0.008 0.003 0.007 0.428 0.509 
 453 E _   0.004 0.041 0.000 0.006 0.002 0.007 0.424 0.515 
 454 E _   0.004 0.041 0.000 0.006 0.002 0.007 0.420 0.518 
 455 Q _   0.005 0.043 0.000 0.006 0.003 0.008 0.416 0.519 
 456 R _   0.005 0.046 0.000 0.007 0.003 0.008 0.411 0.518 
 457 Q _   0.006 0.051 0.000 0.008 0.004 0.009 0.407 0.515 
 458 L _   0.006 0.056 0.000 0.010 0.004 0.010 0.402 0.511 
 459 E _   0.006 0.063 0.001 0.012 0.005 0.011 0.397 0.506 
 460 I _   0.007 0.069 0.001 0.013 0.006 0.012 0.392 0.501 
 461 L _   0.007 0.075 0.001 0.015 0.006 0.012 0.388 0.497 
 462 Q _   0.007 0.079 0.001 0.015 0.006 0.012 0.385 0.494 
 463 Q _   0.007 0.082 0.001 0.016 0.006 0.013 0.382 0.493 
 464 Q _   0.008 0.085 0.001 0.016 0.007 0.013 0.379 0.492 
 465 L _   0.008 0.086 0.001 0.017 0.007 0.013 0.377 0.491 
 466 L _   0.008 0.087 0.001 0.018 0.007 0.013 0.376 0.490 
 467 H _   0.009 0.087 0.001 0.019 0.007 0.013 0.376 0.489 
 468 E _   0.009 0.087 0.001 0.019 0.007 0.013 0.376 0.488 
 469 Q _   0.010 0.085 0.001 0.020 0.007 0.012 0.377 0.489 
 470 A _   0.010 0.081 0.001 0.019 0.007 0.012 0.379 0.492 
 471 L _   0.010 0.076 0.001 0.018 0.006 0.011 0.382 0.497 
 472 L _   0.009 0.068 0.001 0.017 0.005 0.010 0.385 0.505 
 473 L _   0.009 0.059 0.001 0.014 0.005 0.009 0.389 0.515 
 474 E _   0.008 0.048 0.001 0.012 0.004 0.008 0.394 0.526 
 475 Y _   0.008 0.037 0.000 0.009 0.003 0.007 0.398 0.538 
 476 K _   0.007 0.028 0.000 0.007 0.002 0.006 0.402 0.547 
 477 R _   0.006 0.021 0.000 0.005 0.002 0.006 0.406 0.554 
 478 K _   0.006 0.016 0.000 0.004 0.002 0.005 0.408 0.559 
 479 Q _   0.005 0.013 0.000 0.004 0.001 0.005 0.410 0.561 
 480 L _   0.005 0.012 0.000 0.004 0.001 0.005 0.411 0.562 
 481 E _   0.004 0.011 0.000 0.004 0.001 0.005 0.412 0.562 
 482 E _   0.004 0.011 0.000 0.004 0.001 0.005 0.412 0.561 
 483 Q _   0.004 0.012 0.000 0.005 0.002 0.005 0.412 0.560 
 484 R _   0.004 0.012 0.000 0.006 0.002 0.005 0.412 0.559 
 485 Q _   0.004 0.013 0.000 0.007 0.002 0.005 0.411 0.557 
 486 A _   0.004 0.014 0.000 0.008 0.002 0.006 0.410 0.556 
 487 E _   0.004 0.015 0.000 0.009 0.002 0.006 0.409 0.555 
 488 R _   0.004 0.016 0.000 0.009 0.002 0.006 0.409 0.555 
 489 L _   0.003 0.016 0.000 0.009 0.002 0.006 0.408 0.555 
 490 Q _   0.003 0.016 0.000 0.008 0.002 0.005 0.408 0.556 
 491 R _   0.003 0.016 0.000 0.008 0.002 0.005 0.408 0.557 
 492 Q _   0.003 0.017 0.000 0.007 0.002 0.005 0.408 0.557 
 493 L _   0.004 0.017 0.000 0.007 0.002 0.006 0.408 0.557 
 494 K _   0.004 0.017 0.000 0.007 0.002 0.006 0.408 0.555 
 495 Q _   0.004 0.018 0.000 0.008 0.002 0.006 0.409 0.552 
 496 E _   0.004 0.019 0.000 0.009 0.003 0.007 0.409 0.548 
 497 R _   0.005 0.021 0.000 0.010 0.003 0.008 0.410 0.542 
 498 D _   0.005 0.022 0.000 0.012 0.004 0.008 0.411 0.536 
 499 Y _   0.006 0.024 0.000 0.015 0.004 0.009 0.413 0.529 
 500 L _   0.006 0.025 0.001 0.017 0.005 0.009 0.415 0.523 
 501 V _   0.006 0.025 0.001 0.018 0.005 0.009 0.418 0.518 
 502 S _   0.006 0.024 0.001 0.018 0.005 0.009 0.422 0.515 
 503 L _   0.006 0.023 0.001 0.017 0.004 0.008 0.426 0.515 
 504 Q _   0.006 0.020 0.000 0.015 0.004 0.008 0.431 0.516 
 505 H _   0.006 0.017 0.000 0.012 0.003 0.007 0.436 0.519 
 506 Q _   0.005 0.013 0.000 0.009 0.003 0.006 0.441 0.522 
 507 R _   0.005 0.009 0.000 0.007 0.002 0.005 0.446 0.525 
 508 Q _   0.004 0.007 0.000 0.005 0.002 0.004 0.450 0.528 
 509 E _   0.004 0.005 0.000 0.004 0.001 0.004 0.453 0.529 
 510 Q _   0.004 0.004 0.000 0.003 0.001 0.004 0.456 0.529 
 511 R _   0.003 0.003 0.000 0.003 0.001 0.003 0.457 0.529 
 512 P _   0.003 0.003 0.000 0.003 0.001 0.004 0.458 0.529 
 513 V _   0.003 0.003 0.000 0.003 0.001 0.004 0.458 0.528 
 514 E _   0.003 0.003 0.000 0.004 0.001 0.004 0.457 0.526 
 515 K _   0.003 0.004 0.000 0.006 0.002 0.005 0.455 0.525 
 516 K _   0.004 0.005 0.000 0.008 0.002 0.005 0.454 0.523 
 517 P _   0.004 0.006 0.000 0.010 0.002 0.006 0.452 0.521 
 518 L _   0.004 0.007 0.000 0.011 0.003 0.006 0.450 0.519 
 519 Y _   0.004 0.007 0.000 0.012 0.003 0.006 0.449 0.519 
 520 H _   0.004 0.007 0.000 0.012 0.003 0.006 0.448 0.520 
 521 Y _   0.004 0.007 0.000 0.011 0.002 0.005 0.447 0.523 
 522 K _   0.004 0.007 0.000 0.009 0.002 0.005 0.446 0.527 
 523 E _   0.003 0.006 0.000 0.007 0.002 0.004 0.445 0.532 
 524 G _   0.003 0.005 0.000 0.006 0.001 0.004 0.444 0.537 
 525 M _   0.003 0.005 0.000 0.004 0.001 0.003 0.442 0.542 
 526 S _   0.003 0.004 0.000 0.003 0.001 0.003 0.439 0.546 
 527 P _   0.002 0.004 0.000 0.003 0.001 0.003 0.435 0.550 
 528 S _   0.003 0.005 0.000 0.003 0.001 0.004 0.431 0.554 
 529 E _   0.003 0.006 0.000 0.004 0.001 0.004 0.425 0.556 
 530 K _   0.003 0.009 0.000 0.006 0.002 0.005 0.418 0.557 
 531 P _   0.003 0.014 0.000 0.009 0.002 0.007 0.409 0.555 
 532 A _   0.004 0.021 0.000 0.013 0.003 0.008 0.399 0.551 
 533 W _   0.004 0.030 0.001 0.019 0.004 0.009 0.388 0.545 
 534 A _   0.004 0.039 0.001 0.024 0.005 0.010 0.378 0.539 
 535 K _   0.004 0.046 0.001 0.029 0.006 0.011 0.369 0.535 
 536 E _   0.004 0.050 0.001 0.031 0.006 0.011 0.362 0.535 
 537 V _   0.004 0.052 0.001 0.031 0.006 0.010 0.356 0.539 
 538 E _   0.004 0.053 0.001 0.030 0.006 0.010 0.351 0.546 
 539 E _   0.004 0.051 0.001 0.026 0.005 0.009 0.348 0.556 
 540 R _   0.004 0.048 0.001 0.021 0.004 0.008 0.346 0.568 
 541 S _   0.004 0.043 0.000 0.016 0.004 0.008 0.344 0.581 
 542 R _   0.004 0.037 0.000 0.012 0.003 0.007 0.343 0.593 
 543 L _   0.004 0.032 0.000 0.009 0.002 0.006 0.341 0.604 
 544 N _   0.004 0.028 0.000 0.007 0.002 0.006 0.340 0.613 
 545 R _   0.004 0.026 0.000 0.006 0.002 0.006 0.337 0.619 
 546 Q _   0.004 0.025 0.000 0.005 0.002 0.006 0.335 0.623 
 547 S _   0.004 0.025 0.000 0.006 0.002 0.007 0.331 0.625 
 548 S _   0.005 0.027 0.000 0.007 0.002 0.007 0.328 0.624 
 549 P _   0.005 0.029 0.000 0.010 0.003 0.009 0.323 0.621 
 550 A _   0.005 0.033 0.000 0.014 0.004 0.010 0.318 0.615 
 551 M _   0.006 0.038 0.001 0.018 0.005 0.011 0.313 0.609 
 552 P _   0.006 0.042 0.001 0.022 0.006 0.011 0.308 0.603 
 553 H _   0.006 0.045 0.001 0.026 0.006 0.011 0.305 0.600 
 554 K _   0.007 0.046 0.001 0.028 0.007 0.011 0.302 0.599 
 555 V _   0.007 0.046 0.001 0.027 0.006 0.011 0.300 0.602 
 556 A _   0.006 0.044 0.001 0.025 0.006 0.010 0.298 0.609 
 557 N _   0.006 0.040 0.001 0.021 0.005 0.009 0.298 0.620 
 558 R _   0.006 0.035 0.000 0.017 0.004 0.008 0.297 0.633 
 559 I _   0.006 0.028 0.000 0.012 0.003 0.007 0.297 0.647 
 560 S _   0.005 0.022 0.000 0.008 0.002 0.006 0.297 0.659 
 561 D _   0.005 0.018 0.000 0.006 0.002 0.005 0.296 0.669 
 562 P _   0.004 0.015 0.000 0.004 0.001 0.005 0.294 0.676 
 563 N _   0.004 0.014 0.000 0.003 0.001 0.005 0.292 0.681 
 564 L _   0.004 0.013 0.000 0.003 0.001 0.005 0.288 0.685 
 565 P _   0.004 0.015 0.000 0.004 0.001 0.006 0.284 0.687 
 566 P _   0.005 0.018 0.000 0.005 0.002 0.007 0.278 0.686 
 567 R _   0.005 0.024 0.000 0.007 0.003 0.008 0.270 0.682 
 568 S _   0.006 0.036 0.001 0.011 0.004 0.010 0.261 0.673 
 569 E _   0.006 0.053 0.001 0.015 0.005 0.012 0.250 0.658 
 570 S _   0.006 0.074 0.001 0.020 0.007 0.013 0.238 0.640 
 571 F _   0.006 0.096 0.001 0.025 0.008 0.014 0.227 0.623 
 572 S _   0.006 0.116 0.001 0.029 0.008 0.014 0.217 0.609 
 573 I _   0.006 0.132 0.001 0.032 0.009 0.014 0.208 0.599 
 574 S _   0.006 0.144 0.001 0.033 0.009 0.014 0.201 0.593 
 575 G _   0.006 0.151 0.001 0.033 0.009 0.014 0.195 0.591 
 576 V _   0.006 0.156 0.001 0.032 0.008 0.013 0.190 0.593 
 577 Q _   0.006 0.157 0.001 0.030 0.008 0.013 0.187 0.599 
 578 P _   0.006 0.156 0.001 0.028 0.007 0.012 0.184 0.606 
 579 A _   0.006 0.153 0.001 0.025 0.006 0.011 0.182 0.615 
 580 R _   0.006 0.149 0.001 0.022 0.006 0.011 0.180 0.626 
 581 T _   0.006 0.143 0.001 0.018 0.005 0.010 0.179 0.638 
 582 P _   0.006 0.136 0.001 0.016 0.005 0.009 0.179 0.649 
 583 P _   0.006 0.130 0.001 0.013 0.004 0.009 0.178 0.660 
 584 M _   0.006 0.124 0.000 0.011 0.003 0.008 0.177 0.670 
 585 L _   0.006 0.119 0.000 0.009 0.003 0.008 0.176 0.679 
 586 R _   0.005 0.115 0.000 0.008 0.003 0.008 0.175 0.686 
 587 P _   0.005 0.113 0.000 0.007 0.003 0.008 0.174 0.690 
 588 V _   0.005 0.113 0.000 0.007 0.003 0.008 0.172 0.692 
 589 D _   0.006 0.116 0.000 0.007 0.003 0.008 0.170 0.690 
 590 P _   0.006 0.121 0.000 0.008 0.003 0.009 0.168 0.685 
 591 Q _   0.006 0.129 0.001 0.010 0.004 0.010 0.165 0.675 
 592 I _   0.007 0.141 0.001 0.012 0.005 0.011 0.162 0.661 
 593 P _   0.007 0.157 0.001 0.015 0.006 0.012 0.158 0.644 
 594 H _   0.007 0.176 0.001 0.018 0.007 0.013 0.155 0.624 
 595 L _   0.007 0.194 0.001 0.020 0.007 0.014 0.151 0.605 
 596 V _   0.007 0.211 0.001 0.022 0.008 0.014 0.148 0.589 
 597 A _   0.007 0.224 0.001 0.023 0.008 0.014 0.146 0.577 
 598 V _   0.007 0.235 0.001 0.024 0.008 0.014 0.144 0.568 
 599 K _   0.007 0.242 0.001 0.024 0.008 0.014 0.143 0.563 
 600 S _   0.007 0.246 0.001 0.024 0.008 0.013 0.142 0.560 
 601 Q _   0.007 0.248 0.001 0.023 0.008 0.013 0.142 0.558 
 602 G _   0.007 0.249 0.001 0.023 0.008 0.013 0.142 0.558 
 603 P _   0.007 0.248 0.001 0.023 0.007 0.013 0.143 0.558 
 604 A _   0.008 0.245 0.001 0.023 0.007 0.013 0.144 0.561 
 605 L _   0.008 0.240 0.001 0.022 0.007 0.012 0.146 0.565 
 606 T _   0.008 0.232 0.001 0.021 0.007 0.012 0.148 0.572 
 607 A _   0.008 0.222 0.001 0.020 0.006 0.011 0.151 0.581 
 608 S _   0.008 0.209 0.001 0.018 0.006 0.010 0.154 0.595 
 609 Q _   0.007 0.193 0.001 0.015 0.005 0.010 0.158 0.611 
 610 S _   0.007 0.177 0.001 0.013 0.004 0.009 0.162 0.627 
 611 V _   0.007 0.163 0.000 0.010 0.004 0.009 0.165 0.643 
 612 H _   0.006 0.152 0.000 0.008 0.003 0.008 0.168 0.655 
 613 E _   0.006 0.144 0.000 0.006 0.002 0.008 0.170 0.662 
 614 Q _   0.006 0.141 0.000 0.005 0.002 0.008 0.172 0.665 
 615 P _   0.006 0.140 0.000 0.005 0.002 0.009 0.173 0.663 
 616 T _   0.006 0.144 0.000 0.006 0.003 0.011 0.174 0.656 
 617 K _   0.007 0.153 0.000 0.008 0.004 0.013 0.174 0.641 
 618 G _   0.008 0.171 0.001 0.011 0.006 0.015 0.173 0.615 
 619 L _   0.009 0.199 0.001 0.016 0.008 0.017 0.172 0.577 
 620 S _   0.010 0.237 0.001 0.021 0.010 0.019 0.171 0.532 
 621 G _   0.010 0.276 0.001 0.026 0.011 0.020 0.170 0.486 
 622 F _   0.010 0.309 0.001 0.029 0.012 0.020 0.170 0.449 
 623 Q _   0.009 0.335 0.001 0.031 0.012 0.020 0.170 0.421 
 624 E _   0.009 0.353 0.001 0.033 0.012 0.019 0.172 0.402 
 625 A _   0.009 0.363 0.001 0.033 0.012 0.019 0.174 0.390 
 626 L _   0.009 0.368 0.001 0.032 0.011 0.018 0.177 0.383 
 627 N _   0.009 0.370 0.001 0.032 0.011 0.018 0.180 0.380 
 628 V _   0.009 0.368 0.001 0.032 0.011 0.017 0.185 0.377 
 629 T _   0.009 0.364 0.001 0.032 0.011 0.017 0.190 0.376 
 630 S _   0.010 0.357 0.001 0.033 0.011 0.016 0.197 0.376 
 631 H _   0.010 0.346 0.001 0.034 0.011 0.016 0.205 0.378 
 632 R _   0.011 0.329 0.001 0.035 0.010 0.015 0.215 0.383 
 633 V _   0.011 0.307 0.001 0.035 0.010 0.015 0.228 0.394 
 634 E _   0.011 0.275 0.001 0.033 0.010 0.014 0.243 0.413 
 635 M _   0.011 0.234 0.001 0.030 0.009 0.013 0.262 0.440 
 636 P _   0.011 0.185 0.001 0.026 0.008 0.012 0.282 0.474 
 637 R _   0.010 0.134 0.001 0.021 0.006 0.011 0.303 0.513 
 638 Q _   0.009 0.089 0.001 0.015 0.005 0.009 0.322 0.549 
 639 N _   0.008 0.057 0.001 0.010 0.003 0.008 0.338 0.576 
 640 S _   0.007 0.036 0.000 0.007 0.002 0.006 0.349 0.593 
 641 D _   0.005 0.025 0.000 0.004 0.001 0.005 0.357 0.602 
 642 P _   0.004 0.020 0.000 0.003 0.001 0.004 0.362 0.605 
 643 T _   0.004 0.018 0.000 0.002 0.001 0.004 0.365 0.606 
 644 S _   0.003 0.018 0.000 0.003 0.001 0.004 0.366 0.605 
 645 E _   0.003 0.019 0.000 0.003 0.001 0.005 0.367 0.602 
 646 N _   0.004 0.022 0.000 0.005 0.002 0.006 0.366 0.596 
 647 P _   0.004 0.029 0.000 0.007 0.002 0.008 0.364 0.586 
 648 P _   0.005 0.041 0.000 0.011 0.003 0.010 0.361 0.569 
 649 L _   0.005 0.059 0.001 0.017 0.005 0.011 0.357 0.546 
 650 P _   0.005 0.078 0.001 0.023 0.006 0.013 0.353 0.522 
 651 T _   0.005 0.096 0.001 0.028 0.007 0.013 0.349 0.501 
 652 R _   0.005 0.109 0.001 0.032 0.008 0.014 0.347 0.484 
 653 I _   0.005 0.118 0.001 0.035 0.008 0.014 0.346 0.473 
 654 E _   0.005 0.123 0.001 0.036 0.008 0.014 0.346 0.467 
 655 K _   0.005 0.125 0.001 0.035 0.008 0.013 0.348 0.465 
 656 F _   0.005 0.125 0.001 0.034 0.007 0.013 0.350 0.465 
 657 D _   0.005 0.122 0.001 0.032 0.007 0.012 0.354 0.468 
 658 R _   0.006 0.116 0.001 0.029 0.007 0.012 0.358 0.472 
 659 S _   0.006 0.109 0.001 0.026 0.006 0.011 0.364 0.477 
 660 S _   0.006 0.099 0.001 0.024 0.006 0.010 0.371 0.484 
 661 W _   0.006 0.087 0.001 0.021 0.005 0.009 0.379 0.492 
 662 L _   0.006 0.074 0.001 0.018 0.005 0.009 0.387 0.501 
 663 R _   0.006 0.060 0.001 0.015 0.004 0.008 0.395 0.512 
