#TopoPred_TM8: 8-state transmembrane topology prediction results by no_profile mode 
#probabilities are in the order of H E C I L F X _, the 8 transmembrane topology types used in PDBTM 
   1 M X   0.011 0.001 0.002 0.055 0.009 0.009 0.757 0.157 
   2 G X   0.004 0.001 0.000 0.033 0.002 0.004 0.778 0.178 
   3 A X   0.001 0.000 0.000 0.019 0.001 0.002 0.783 0.193 
   4 N X   0.001 0.000 0.000 0.013 0.000 0.002 0.781 0.202 
   5 T X   0.001 0.000 0.000 0.011 0.001 0.003 0.775 0.209 
   6 S X   0.001 0.001 0.000 0.010 0.001 0.004 0.766 0.217 
   7 R X   0.002 0.001 0.000 0.010 0.001 0.005 0.756 0.225 
   8 K X   0.002 0.002 0.000 0.010 0.001 0.005 0.744 0.236 
   9 P X   0.002 0.002 0.000 0.011 0.002 0.006 0.729 0.248 
  10 P X   0.002 0.003 0.000 0.012 0.002 0.006 0.713 0.261 
  11 V X   0.002 0.004 0.000 0.012 0.002 0.006 0.696 0.277 
  12 F X   0.002 0.005 0.000 0.012 0.002 0.007 0.679 0.293 
  13 D X   0.002 0.006 0.000 0.010 0.002 0.007 0.662 0.311 
  14 E X   0.002 0.006 0.000 0.009 0.002 0.007 0.644 0.328 
  15 N X   0.003 0.008 0.000 0.008 0.002 0.008 0.626 0.345 
  16 E X   0.003 0.009 0.000 0.008 0.003 0.010 0.607 0.360 
  17 D X   0.004 0.012 0.000 0.008 0.003 0.012 0.586 0.374 
  18 V X   0.005 0.017 0.001 0.011 0.005 0.016 0.561 0.383 
  19 N X   0.007 0.027 0.001 0.015 0.008 0.021 0.533 0.388 
  20 F X   0.010 0.043 0.001 0.021 0.012 0.027 0.499 0.386 
  21 D X   0.012 0.068 0.002 0.030 0.018 0.033 0.461 0.375 
  22 H X   0.015 0.097 0.002 0.041 0.024 0.038 0.424 0.360 
  23 F X   0.017 0.125 0.002 0.050 0.028 0.042 0.389 0.346 
  24 E X   0.018 0.147 0.002 0.057 0.030 0.044 0.361 0.339 
  25 I _   0.020 0.161 0.002 0.061 0.031 0.045 0.339 0.342 
  26 L _   0.022 0.168 0.002 0.060 0.031 0.044 0.321 0.353 
  27 R _   0.023 0.170 0.002 0.055 0.030 0.044 0.305 0.370 
  28 A _   0.024 0.167 0.002 0.048 0.028 0.042 0.292 0.396 
  29 I _   0.026 0.161 0.002 0.039 0.025 0.040 0.281 0.426 
  30 G _   0.026 0.152 0.002 0.031 0.022 0.038 0.272 0.457 
  31 K _   0.027 0.142 0.001 0.025 0.019 0.036 0.264 0.486 
  32 G _   0.027 0.133 0.001 0.021 0.017 0.034 0.256 0.510 
  33 S _   0.027 0.126 0.001 0.020 0.015 0.033 0.249 0.529 
  34 F _   0.026 0.121 0.001 0.020 0.014 0.031 0.243 0.543 
  35 G _   0.025 0.116 0.001 0.021 0.013 0.029 0.238 0.556 
  36 K _   0.024 0.111 0.001 0.023 0.013 0.026 0.233 0.569 
  37 V _   0.022 0.105 0.001 0.024 0.012 0.024 0.229 0.584 
  38 C _   0.020 0.097 0.001 0.023 0.010 0.021 0.224 0.602 
  39 I _   0.018 0.087 0.001 0.021 0.009 0.019 0.221 0.625 
  40 V _   0.016 0.073 0.001 0.017 0.007 0.016 0.217 0.652 
  41 Q _   0.014 0.059 0.001 0.014 0.006 0.014 0.214 0.679 
  42 K _   0.012 0.047 0.001 0.010 0.005 0.012 0.210 0.703 
  43 N _   0.010 0.037 0.000 0.008 0.004 0.011 0.207 0.723 
  44 D _   0.009 0.031 0.000 0.007 0.003 0.010 0.203 0.738 
  45 T _   0.008 0.027 0.000 0.006 0.003 0.009 0.199 0.747 
  46 K _   0.008 0.026 0.000 0.007 0.003 0.009 0.194 0.753 
  47 K _   0.007 0.025 0.000 0.008 0.003 0.009 0.190 0.756 
  48 M _   0.007 0.025 0.000 0.010 0.004 0.010 0.185 0.758 
  49 Y _   0.008 0.026 0.001 0.012 0.004 0.010 0.180 0.759 
  50 A _   0.007 0.027 0.001 0.014 0.005 0.010 0.175 0.762 
  51 M _   0.007 0.027 0.001 0.015 0.005 0.010 0.170 0.767 
  52 K _   0.007 0.026 0.001 0.015 0.005 0.010 0.165 0.773 
  53 Y _   0.006 0.025 0.001 0.013 0.004 0.009 0.160 0.780 
  54 M _   0.006 0.024 0.001 0.012 0.004 0.009 0.156 0.788 
  55 N _   0.006 0.023 0.000 0.010 0.004 0.009 0.152 0.796 
  56 K _   0.006 0.021 0.000 0.009 0.003 0.009 0.148 0.803 
  57 Q _   0.006 0.021 0.000 0.008 0.003 0.009 0.144 0.808 
  58 K _   0.007 0.021 0.000 0.008 0.003 0.010 0.140 0.811 
  59 C _   0.007 0.022 0.000 0.008 0.004 0.011 0.135 0.813 
  60 V _   0.008 0.023 0.000 0.009 0.004 0.012 0.131 0.812 
  61 E _   0.009 0.026 0.001 0.011 0.005 0.014 0.126 0.810 
  62 R _   0.010 0.029 0.001 0.013 0.006 0.015 0.121 0.805 
  63 N _   0.011 0.034 0.001 0.015 0.007 0.017 0.116 0.799 
  64 E _   0.012 0.038 0.001 0.017 0.009 0.019 0.111 0.793 
  65 V _   0.014 0.042 0.001 0.020 0.010 0.021 0.106 0.787 
  66 R _   0.015 0.046 0.001 0.022 0.011 0.023 0.101 0.781 
  67 N _   0.016 0.050 0.001 0.024 0.012 0.024 0.097 0.776 
  68 V _   0.017 0.052 0.001 0.025 0.013 0.025 0.094 0.773 
  69 F _   0.018 0.053 0.001 0.026 0.013 0.025 0.090 0.773 
  70 K _   0.019 0.053 0.001 0.026 0.013 0.026 0.088 0.775 
  71 E _   0.019 0.052 0.001 0.025 0.013 0.025 0.085 0.780 
  72 L _   0.019 0.049 0.001 0.023 0.012 0.025 0.083 0.788 
  73 Q _   0.019 0.045 0.001 0.020 0.011 0.024 0.081 0.798 
  74 I _   0.020 0.041 0.001 0.017 0.010 0.024 0.079 0.809 
  75 M _   0.020 0.036 0.001 0.014 0.009 0.023 0.078 0.820 
  76 Q _   0.021 0.032 0.001 0.011 0.008 0.023 0.076 0.828 
  77 G _   0.022 0.029 0.001 0.010 0.008 0.023 0.075 0.833 
  78 L _   0.023 0.027 0.001 0.010 0.008 0.024 0.073 0.835 
  79 E _   0.024 0.026 0.001 0.010 0.009 0.025 0.071 0.833 
  80 H _   0.025 0.027 0.001 0.012 0.010 0.026 0.070 0.829 
  81 P _   0.026 0.028 0.001 0.015 0.012 0.027 0.069 0.823 
  82 F _   0.028 0.029 0.001 0.019 0.013 0.027 0.067 0.815 
  83 L _   0.028 0.030 0.001 0.023 0.014 0.027 0.066 0.810 
  84 V _   0.028 0.030 0.001 0.025 0.014 0.027 0.065 0.809 
  85 N _   0.028 0.028 0.001 0.026 0.013 0.026 0.065 0.813 
  86 L _   0.027 0.025 0.001 0.023 0.012 0.024 0.064 0.824 
  87 W _   0.026 0.020 0.001 0.019 0.010 0.022 0.064 0.839 
  88 Y _   0.025 0.013 0.001 0.014 0.008 0.020 0.063 0.857 
  89 S _   0.024 0.007 0.001 0.009 0.006 0.019 0.063 0.872 
  90 F _   0.025 0.003 0.001 0.005 0.004 0.018 0.062 0.882 
  91 Q _   0.028 0.001 0.000 0.003 0.003 0.018 0.060 0.885 
  92 D _   0.034 0.000 0.000 0.002 0.003 0.020 0.059 0.880 
  93 E _   0.045 0.000 0.000 0.002 0.004 0.023 0.058 0.867 
  94 E _   0.063 0.000 0.001 0.002 0.007 0.029 0.056 0.842 
  95 D _   0.086 0.001 0.001 0.004 0.011 0.036 0.054 0.807 
  96 M _   0.111 0.003 0.001 0.006 0.019 0.044 0.052 0.763 
  97 F _   0.135 0.009 0.002 0.012 0.028 0.052 0.050 0.714 
  98 M _   0.153 0.017 0.002 0.019 0.037 0.058 0.048 0.665 
  99 V _   0.167 0.026 0.002 0.027 0.044 0.061 0.046 0.627 
 100 V _   0.174 0.033 0.003 0.033 0.047 0.061 0.045 0.604 
 101 D _   0.173 0.037 0.003 0.037 0.047 0.060 0.045 0.599 
 102 L _   0.167 0.038 0.002 0.037 0.044 0.056 0.045 0.610 
 103 L _   0.156 0.036 0.002 0.034 0.039 0.051 0.045 0.636 
 104 L _   0.140 0.032 0.002 0.029 0.033 0.046 0.045 0.672 
 105 G _   0.122 0.026 0.002 0.023 0.025 0.040 0.046 0.716 
 106 G _   0.102 0.019 0.001 0.017 0.018 0.034 0.046 0.762 
 107 D _   0.083 0.012 0.001 0.013 0.013 0.028 0.047 0.804 
 108 L _   0.065 0.008 0.001 0.009 0.009 0.023 0.047 0.838 
 109 R _   0.051 0.005 0.001 0.007 0.006 0.019 0.047 0.864 
 110 Y _   0.040 0.003 0.001 0.006 0.005 0.016 0.047 0.883 
 111 H _   0.032 0.002 0.000 0.005 0.004 0.013 0.047 0.897 
 112 L _   0.026 0.001 0.000 0.005 0.003 0.012 0.046 0.907 
 113 Q _   0.024 0.001 0.000 0.004 0.003 0.010 0.045 0.912 
 114 Q _   0.025 0.000 0.000 0.004 0.003 0.010 0.043 0.915 
 115 N _   0.029 0.000 0.000 0.004 0.003 0.009 0.042 0.913 
 116 V _   0.037 0.000 0.000 0.003 0.003 0.009 0.040 0.908 
 117 H _   0.052 0.000 0.000 0.003 0.003 0.010 0.037 0.895 
 118 F _   0.077 0.000 0.000 0.002 0.004 0.011 0.034 0.872 
 119 K _   0.118 0.000 0.001 0.002 0.004 0.012 0.031 0.832 
 120 E _   0.180 0.000 0.001 0.002 0.006 0.014 0.027 0.770 
 121 E _   0.265 0.000 0.001 0.002 0.008 0.017 0.022 0.685 
 122 T _   0.370 0.000 0.001 0.001 0.012 0.019 0.018 0.579 
 123 V H   0.486 0.000 0.001 0.001 0.016 0.021 0.015 0.460 
 124 K H   0.594 0.000 0.001 0.002 0.020 0.022 0.012 0.349 
 125 L H   0.681 0.000 0.002 0.001 0.024 0.023 0.010 0.260 
 126 F H   0.741 0.000 0.001 0.002 0.027 0.022 0.009 0.198 
 127 I H   0.779 0.000 0.001 0.002 0.028 0.020 0.009 0.160 
 128 C H   0.799 0.000 0.001 0.002 0.028 0.019 0.009 0.141 
 129 E H   0.805 0.000 0.001 0.002 0.028 0.018 0.009 0.136 
 130 L H   0.796 0.000 0.002 0.002 0.028 0.017 0.010 0.145 
 131 V H   0.773 0.000 0.002 0.002 0.026 0.016 0.011 0.170 
 132 M H   0.732 0.000 0.002 0.002 0.024 0.016 0.013 0.211 
 133 A H   0.672 0.000 0.002 0.002 0.021 0.015 0.016 0.272 
 134 L H   0.593 0.000 0.002 0.002 0.018 0.015 0.020 0.351 
 135 D H   0.504 0.000 0.001 0.002 0.014 0.015 0.024 0.439 
 136 Y _   0.414 0.000 0.001 0.003 0.011 0.015 0.030 0.527 
 137 L _   0.328 0.000 0.001 0.003 0.009 0.014 0.035 0.608 
 138 Q _   0.253 0.000 0.001 0.004 0.008 0.014 0.041 0.678 
 139 N _   0.191 0.000 0.001 0.005 0.007 0.014 0.047 0.735 
 140 Q _   0.141 0.000 0.001 0.007 0.006 0.013 0.052 0.779 
 141 R _   0.102 0.001 0.001 0.008 0.006 0.013 0.056 0.814 
 142 I _   0.072 0.001 0.001 0.009 0.005 0.012 0.060 0.842 
 143 I _   0.050 0.001 0.001 0.008 0.004 0.010 0.063 0.863 
 144 H _   0.034 0.001 0.000 0.008 0.004 0.009 0.065 0.879 
 145 R _   0.023 0.001 0.000 0.007 0.003 0.008 0.067 0.890 
 146 D _   0.016 0.001 0.000 0.006 0.002 0.007 0.069 0.899 
 147 M _   0.012 0.001 0.000 0.005 0.002 0.006 0.070 0.904 
 148 K _   0.009 0.001 0.000 0.004 0.002 0.006 0.071 0.908 
 149 P _   0.007 0.001 0.000 0.004 0.002 0.006 0.071 0.910 
 150 D _   0.006 0.001 0.000 0.004 0.002 0.006 0.071 0.910 
 151 N _   0.006 0.001 0.000 0.004 0.002 0.006 0.070 0.910 
 152 I _   0.006 0.002 0.000 0.005 0.002 0.007 0.070 0.908 
 153 L _   0.006 0.003 0.000 0.006 0.003 0.008 0.069 0.904 
 154 L _   0.007 0.005 0.000 0.008 0.003 0.010 0.067 0.900 
 155 D _   0.007 0.007 0.000 0.009 0.004 0.011 0.066 0.895 
 156 E _   0.008 0.009 0.001 0.011 0.005 0.013 0.064 0.890 
 157 H _   0.009 0.012 0.001 0.012 0.005 0.015 0.063 0.884 
 158 G _   0.010 0.015 0.001 0.013 0.006 0.017 0.061 0.876 
 159 H _   0.011 0.018 0.001 0.015 0.008 0.020 0.059 0.869 
 160 V _   0.013 0.021 0.001 0.016 0.009 0.023 0.057 0.859 
 161 H _   0.016 0.025 0.001 0.018 0.011 0.025 0.056 0.849 
 162 I _   0.019 0.029 0.001 0.020 0.012 0.028 0.054 0.837 
 163 T _   0.022 0.032 0.001 0.021 0.014 0.030 0.053 0.826 
 164 D _   0.025 0.035 0.001 0.023 0.016 0.033 0.052 0.815 
 165 F _   0.028 0.038 0.001 0.025 0.018 0.034 0.051 0.806 
 166 N _   0.030 0.039 0.001 0.026 0.019 0.035 0.050 0.800 
 167 I _   0.033 0.040 0.001 0.026 0.019 0.035 0.050 0.797 
 168 A _   0.034 0.039 0.001 0.024 0.018 0.035 0.049 0.798 
 169 A _   0.035 0.038 0.001 0.022 0.017 0.034 0.049 0.802 
 170 M _   0.036 0.035 0.001 0.020 0.016 0.033 0.049 0.809 
 171 L _   0.035 0.033 0.001 0.017 0.015 0.032 0.049 0.818 
 172 P _   0.035 0.030 0.001 0.015 0.013 0.030 0.049 0.826 
 173 R _   0.034 0.028 0.001 0.014 0.012 0.029 0.050 0.833 
 174 E _   0.032 0.026 0.001 0.013 0.011 0.027 0.050 0.840 
 175 T _   0.031 0.024 0.001 0.013 0.011 0.026 0.050 0.845 
 176 Q _   0.029 0.023 0.001 0.013 0.010 0.025 0.050 0.849 
 177 I _   0.027 0.023 0.001 0.014 0.010 0.023 0.051 0.852 
 178 T _   0.025 0.022 0.001 0.014 0.009 0.022 0.051 0.855 
 179 T _   0.023 0.021 0.001 0.014 0.009 0.021 0.051 0.859 
 180 M _   0.021 0.021 0.001 0.014 0.008 0.019 0.051 0.863 
 181 A _   0.019 0.019 0.001 0.014 0.008 0.018 0.052 0.868 
 182 G _   0.017 0.018 0.001 0.014 0.007 0.017 0.052 0.874 
 183 T _   0.016 0.017 0.001 0.013 0.007 0.016 0.052 0.878 
 184 K _   0.014 0.015 0.001 0.013 0.006 0.015 0.053 0.883 
 185 P _   0.013 0.014 0.001 0.012 0.006 0.014 0.053 0.886 
 186 Y _   0.012 0.013 0.001 0.013 0.006 0.014 0.053 0.889 
 187 M _   0.011 0.012 0.001 0.013 0.006 0.013 0.054 0.890 
 188 A _   0.011 0.011 0.001 0.013 0.006 0.013 0.054 0.892 
 189 P _   0.010 0.010 0.001 0.013 0.005 0.012 0.054 0.895 
 190 E _   0.010 0.009 0.001 0.012 0.005 0.012 0.054 0.898 
 191 M _   0.010 0.007 0.001 0.011 0.005 0.012 0.054 0.901 
 192 F _   0.010 0.006 0.001 0.010 0.004 0.012 0.054 0.904 
 193 S _   0.010 0.004 0.000 0.008 0.004 0.012 0.054 0.907 
 194 S _   0.012 0.003 0.000 0.007 0.004 0.012 0.054 0.908 
 195 R _   0.015 0.002 0.000 0.006 0.004 0.014 0.054 0.906 
 196 K _   0.020 0.001 0.000 0.005 0.004 0.016 0.053 0.900 
 197 G _   0.030 0.001 0.001 0.004 0.005 0.018 0.053 0.889 
 198 A _   0.045 0.000 0.001 0.004 0.006 0.022 0.052 0.870 
 199 G _   0.067 0.000 0.001 0.004 0.008 0.027 0.051 0.841 
 200 Y _   0.098 0.000 0.001 0.005 0.011 0.033 0.050 0.803 
 201 S _   0.135 0.000 0.001 0.005 0.016 0.039 0.049 0.755 
 202 F _   0.178 0.000 0.001 0.006 0.022 0.046 0.048 0.700 
 203 A _   0.225 0.001 0.002 0.006 0.029 0.052 0.047 0.639 
 204 V _   0.271 0.001 0.002 0.007 0.036 0.057 0.046 0.581 
 205 D _   0.313 0.001 0.002 0.007 0.043 0.060 0.046 0.528 
 206 W _   0.348 0.001 0.002 0.007 0.049 0.062 0.047 0.483 
 207 W _   0.375 0.002 0.002 0.008 0.053 0.062 0.048 0.449 
 208 S _   0.392 0.003 0.002 0.009 0.055 0.062 0.050 0.427 
 209 L _   0.398 0.004 0.002 0.011 0.056 0.060 0.052 0.417 
 210 G _   0.395 0.004 0.002 0.012 0.055 0.058 0.056 0.418 
 211 V _   0.382 0.005 0.003 0.014 0.052 0.055 0.060 0.430 
 212 T _   0.360 0.005 0.002 0.015 0.047 0.051 0.066 0.454 
 213 A _   0.328 0.005 0.002 0.016 0.041 0.048 0.072 0.488 
 214 Y _   0.289 0.005 0.002 0.016 0.034 0.043 0.079 0.531 
 215 E _   0.246 0.005 0.002 0.015 0.027 0.038 0.087 0.579 
 216 L _   0.200 0.004 0.002 0.015 0.021 0.033 0.095 0.630 
 217 L _   0.156 0.003 0.001 0.014 0.016 0.029 0.104 0.677 
 218 R _   0.117 0.003 0.001 0.013 0.012 0.024 0.111 0.719 
 219 G _   0.085 0.002 0.001 0.012 0.009 0.020 0.119 0.752 
 220 R _   0.061 0.002 0.001 0.010 0.007 0.017 0.125 0.778 
 221 R _   0.043 0.001 0.001 0.009 0.005 0.014 0.131 0.796 
 222 P _   0.029 0.001 0.000 0.008 0.004 0.011 0.136 0.811 
 223 Y _   0.020 0.001 0.000 0.006 0.003 0.009 0.140 0.821 
 224 H _   0.014 0.001 0.000 0.005 0.002 0.008 0.143 0.828 
 225 I _   0.010 0.000 0.000 0.004 0.002 0.007 0.145 0.832 
 226 R _   0.008 0.000 0.000 0.003 0.001 0.007 0.146 0.834 
 227 S _   0.007 0.000 0.000 0.002 0.001 0.007 0.147 0.835 
 228 S _   0.007 0.000 0.000 0.002 0.002 0.008 0.147 0.833 
 229 T _   0.008 0.001 0.000 0.003 0.002 0.011 0.147 0.828 
 230 S _   0.011 0.002 0.000 0.004 0.003 0.015 0.147 0.817 
 231 S _   0.016 0.006 0.001 0.007 0.006 0.021 0.145 0.798 
 232 K _   0.022 0.016 0.001 0.012 0.011 0.029 0.143 0.765 
 233 E _   0.028 0.035 0.001 0.021 0.018 0.037 0.141 0.718 
 234 I _   0.034 0.060 0.002 0.032 0.025 0.043 0.138 0.666 
 235 V _   0.037 0.083 0.002 0.043 0.031 0.048 0.136 0.620 
 236 H _   0.039 0.099 0.002 0.052 0.036 0.051 0.134 0.587 
 237 T _   0.040 0.107 0.002 0.057 0.038 0.052 0.134 0.569 
 238 F _   0.041 0.110 0.002 0.058 0.038 0.052 0.135 0.564 
 239 E _   0.041 0.108 0.002 0.054 0.036 0.051 0.136 0.572 
 240 T _   0.040 0.101 0.002 0.046 0.032 0.049 0.139 0.590 
 241 T _   0.039 0.089 0.002 0.036 0.027 0.046 0.142 0.619 
 242 V _   0.037 0.073 0.002 0.026 0.022 0.043 0.146 0.651 
 243 V _   0.035 0.058 0.001 0.017 0.017 0.041 0.150 0.681 
 244 T _   0.034 0.046 0.001 0.011 0.013 0.038 0.153 0.704 
 245 Y _   0.033 0.039 0.001 0.008 0.010 0.037 0.156 0.717 
 246 P _   0.033 0.036 0.001 0.006 0.009 0.036 0.158 0.721 
 247 S _   0.033 0.037 0.001 0.007 0.009 0.037 0.160 0.716 
 248 A _   0.034 0.040 0.001 0.009 0.012 0.038 0.162 0.704 
 249 W _   0.036 0.048 0.001 0.013 0.015 0.039 0.164 0.684 
 250 S _   0.037 0.061 0.001 0.020 0.018 0.040 0.166 0.657 
 251 Q _   0.037 0.076 0.002 0.029 0.021 0.040 0.168 0.627 
 252 E _   0.036 0.090 0.002 0.038 0.023 0.038 0.171 0.601 
 253 M _   0.035 0.100 0.002 0.045 0.023 0.036 0.175 0.584 
 254 V _   0.033 0.104 0.002 0.049 0.022 0.033 0.180 0.576 
 255 S _   0.030 0.105 0.002 0.050 0.020 0.030 0.187 0.578 
 256 L _   0.027 0.101 0.001 0.046 0.017 0.026 0.194 0.587 
 257 L _   0.024 0.092 0.001 0.040 0.014 0.022 0.203 0.605 
 258 K _   0.021 0.077 0.001 0.031 0.011 0.019 0.212 0.628 
 259 K _   0.018 0.059 0.001 0.022 0.008 0.015 0.223 0.655 
 260 L _   0.015 0.040 0.001 0.015 0.005 0.012 0.232 0.680 
 261 L _   0.012 0.026 0.000 0.009 0.004 0.010 0.240 0.699 
 262 E _   0.009 0.017 0.000 0.006 0.002 0.008 0.247 0.711 
 263 P _   0.008 0.012 0.000 0.004 0.002 0.006 0.251 0.717 
 264 N _   0.006 0.010 0.000 0.003 0.001 0.006 0.255 0.718 
 265 P _   0.006 0.009 0.000 0.003 0.001 0.006 0.257 0.718 
 266 D _   0.006 0.010 0.000 0.004 0.002 0.006 0.259 0.715 
 267 Q _   0.005 0.011 0.000 0.005 0.002 0.007 0.260 0.709 
 268 R _   0.006 0.014 0.000 0.008 0.003 0.008 0.260 0.702 
 269 F _   0.006 0.019 0.000 0.011 0.003 0.009 0.260 0.692 
 270 S _   0.006 0.025 0.000 0.014 0.004 0.009 0.260 0.681 
 271 Q _   0.005 0.031 0.001 0.018 0.005 0.010 0.260 0.670 
 272 L _   0.005 0.037 0.001 0.022 0.005 0.010 0.260 0.660 
 273 S _   0.005 0.041 0.001 0.023 0.006 0.010 0.260 0.654 
 274 D _   0.005 0.043 0.001 0.024 0.006 0.010 0.262 0.650 
 275 V _   0.005 0.044 0.001 0.023 0.005 0.010 0.264 0.648 
 276 Q _   0.005 0.044 0.001 0.021 0.005 0.009 0.266 0.649 
 277 N _   0.005 0.043 0.001 0.017 0.004 0.009 0.269 0.652 
 278 F _   0.005 0.041 0.000 0.014 0.004 0.008 0.273 0.655 
 279 P _   0.005 0.039 0.000 0.011 0.003 0.008 0.276 0.658 
 280 Y _   0.005 0.037 0.000 0.009 0.003 0.008 0.280 0.659 
 281 M _   0.005 0.036 0.000 0.007 0.003 0.008 0.283 0.658 
 282 N _   0.005 0.037 0.000 0.006 0.003 0.009 0.286 0.654 
 283 D _   0.006 0.039 0.000 0.007 0.003 0.010 0.288 0.647 
 284 I _   0.007 0.043 0.000 0.008 0.004 0.012 0.290 0.636 
 285 N _   0.008 0.050 0.001 0.010 0.005 0.014 0.292 0.620 
 286 W _   0.009 0.061 0.001 0.014 0.007 0.016 0.294 0.599 
 287 D _   0.011 0.075 0.001 0.019 0.009 0.018 0.295 0.571 
 288 A _   0.011 0.092 0.001 0.026 0.011 0.020 0.297 0.542 
 289 V _   0.012 0.106 0.001 0.032 0.013 0.021 0.299 0.516 
 290 F _   0.012 0.117 0.001 0.037 0.014 0.022 0.303 0.494 
 291 Q _   0.012 0.124 0.001 0.041 0.015 0.022 0.307 0.477 
 292 K _   0.012 0.128 0.001 0.043 0.015 0.022 0.313 0.466 
 293 R _   0.012 0.128 0.001 0.043 0.015 0.021 0.320 0.459 
 294 L _   0.012 0.126 0.001 0.041 0.014 0.020 0.330 0.457 
 295 I _   0.011 0.120 0.001 0.038 0.013 0.018 0.341 0.458 
 296 P _   0.011 0.110 0.001 0.034 0.011 0.016 0.353 0.463 
 297 G _   0.010 0.097 0.001 0.029 0.010 0.015 0.368 0.470 
 298 F _   0.010 0.082 0.001 0.024 0.008 0.013 0.384 0.478 
 299 I _   0.009 0.065 0.001 0.019 0.006 0.011 0.400 0.488 
 300 P _   0.008 0.049 0.001 0.014 0.005 0.010 0.416 0.497 
 301 N _   0.007 0.035 0.001 0.010 0.004 0.008 0.430 0.505 
 302 K _   0.006 0.026 0.000 0.007 0.003 0.007 0.442 0.510 
 303 G _   0.005 0.020 0.000 0.005 0.002 0.006 0.452 0.511 
 304 R _   0.004 0.016 0.000 0.003 0.001 0.005 0.459 0.510 
 305 L _   0.004 0.015 0.000 0.003 0.001 0.005 0.465 0.507 
 306 N _   0.004 0.016 0.000 0.003 0.001 0.006 0.469 0.501 
 307 C _   0.004 0.017 0.000 0.004 0.002 0.007 0.472 0.493 
 308 D _   0.005 0.022 0.000 0.007 0.003 0.009 0.475 0.479 
 309 P X   0.006 0.032 0.001 0.012 0.004 0.011 0.477 0.457 
 310 T X   0.007 0.047 0.001 0.020 0.006 0.013 0.479 0.426 
 311 F X   0.007 0.065 0.001 0.029 0.009 0.015 0.481 0.393 
 312 E X   0.007 0.079 0.001 0.039 0.010 0.016 0.484 0.362 
 313 L X   0.007 0.089 0.001 0.047 0.011 0.016 0.489 0.339 
 314 E X   0.007 0.094 0.001 0.051 0.011 0.016 0.496 0.323 
 315 E X   0.007 0.095 0.001 0.051 0.011 0.015 0.506 0.314 
 316 M X   0.007 0.092 0.001 0.047 0.010 0.014 0.518 0.311 
 317 I X   0.007 0.085 0.001 0.041 0.009 0.013 0.533 0.312 
 318 L X   0.006 0.074 0.001 0.033 0.007 0.011 0.551 0.316 
 319 E X   0.006 0.058 0.001 0.024 0.006 0.010 0.572 0.323 
 320 S X   0.006 0.042 0.001 0.017 0.004 0.008 0.593 0.330 
 321 K X   0.005 0.027 0.000 0.011 0.003 0.007 0.612 0.335 
 322 P X   0.005 0.017 0.000 0.007 0.002 0.005 0.628 0.336 
 323 L X   0.004 0.011 0.000 0.005 0.002 0.005 0.640 0.334 
 324 H X   0.004 0.008 0.000 0.004 0.001 0.004 0.649 0.330 
 325 K X   0.003 0.006 0.000 0.003 0.001 0.004 0.657 0.326 
 326 K X   0.003 0.005 0.000 0.003 0.001 0.003 0.662 0.322 
 327 K X   0.003 0.005 0.000 0.003 0.001 0.003 0.667 0.319 
 328 K X   0.003 0.005 0.000 0.003 0.001 0.003 0.670 0.316 
 329 R X   0.002 0.005 0.000 0.004 0.001 0.003 0.672 0.313 
 330 L X   0.002 0.005 0.000 0.004 0.001 0.003 0.674 0.311 
 331 A X   0.002 0.005 0.000 0.004 0.001 0.003 0.675 0.309 
 332 K X   0.002 0.006 0.000 0.005 0.001 0.003 0.676 0.308 
 333 K X   0.002 0.006 0.000 0.004 0.001 0.003 0.676 0.307 
 334 E X   0.002 0.007 0.000 0.004 0.001 0.003 0.676 0.307 
 335 K X   0.002 0.007 0.000 0.004 0.001 0.003 0.676 0.307 
 336 D X   0.002 0.008 0.000 0.004 0.001 0.003 0.676 0.307 
 337 M X   0.002 0.009 0.000 0.004 0.001 0.003 0.675 0.306 
 338 R X   0.002 0.011 0.000 0.004 0.001 0.004 0.673 0.306 
 339 K X   0.002 0.014 0.000 0.004 0.001 0.004 0.671 0.303 
 340 C X   0.002 0.018 0.000 0.005 0.002 0.005 0.668 0.299 
 341 D X   0.003 0.025 0.000 0.007 0.002 0.006 0.665 0.292 
 342 S X   0.003 0.034 0.000 0.010 0.003 0.008 0.661 0.281 
 343 S X   0.003 0.046 0.001 0.013 0.004 0.009 0.657 0.267 
 344 Q X   0.004 0.058 0.001 0.016 0.005 0.010 0.653 0.253 
 345 T X   0.004 0.069 0.001 0.019 0.006 0.010 0.650 0.242 
 346 C X   0.004 0.076 0.001 0.021 0.006 0.011 0.649 0.233 
 347 L X   0.004 0.081 0.001 0.021 0.006 0.011 0.649 0.227 
 348 L X   0.004 0.083 0.001 0.021 0.006 0.011 0.651 0.224 
 349 Q X   0.004 0.083 0.001 0.018 0.006 0.011 0.653 0.224 
 350 E X   0.004 0.082 0.001 0.016 0.005 0.011 0.656 0.225 
 351 H X   0.005 0.080 0.000 0.013 0.005 0.010 0.661 0.226 
 352 L X   0.005 0.077 0.000 0.010 0.004 0.010 0.665 0.227 
 353 D X   0.005 0.075 0.000 0.009 0.004 0.011 0.670 0.226 
 354 S X   0.006 0.074 0.000 0.008 0.004 0.011 0.675 0.222 
 355 V X   0.006 0.073 0.000 0.009 0.005 0.011 0.680 0.216 
 356 Q X   0.007 0.074 0.000 0.011 0.005 0.012 0.685 0.207 
 357 K X   0.007 0.075 0.001 0.013 0.006 0.012 0.691 0.195 
 358 E X   0.007 0.076 0.001 0.017 0.007 0.012 0.697 0.184 
 359 F X   0.007 0.076 0.001 0.020 0.007 0.012 0.705 0.172 
 360 I X   0.007 0.076 0.001 0.022 0.008 0.011 0.714 0.162 
 361 I X   0.006 0.073 0.001 0.023 0.007 0.011 0.725 0.153 
 362 F X   0.006 0.069 0.001 0.023 0.007 0.010 0.738 0.147 
 363 N X   0.005 0.061 0.001 0.021 0.006 0.009 0.754 0.143 
 364 R X   0.005 0.051 0.001 0.018 0.005 0.008 0.773 0.140 
 365 E X   0.004 0.039 0.001 0.014 0.004 0.006 0.793 0.138 
 366 K X   0.004 0.027 0.001 0.010 0.003 0.005 0.815 0.136 
 367 V X   0.003 0.017 0.000 0.007 0.002 0.004 0.834 0.133 
 368 N X   0.002 0.010 0.000 0.004 0.001 0.003 0.850 0.128 
 369 R X   0.002 0.006 0.000 0.003 0.001 0.003 0.863 0.122 
 370 D X   0.002 0.004 0.000 0.002 0.001 0.002 0.873 0.117 
 371 F X   0.001 0.003 0.000 0.002 0.001 0.002 0.881 0.111 
 372 N X   0.001 0.003 0.000 0.002 0.001 0.002 0.887 0.105 
 373 K X   0.001 0.002 0.000 0.002 0.001 0.002 0.893 0.100 
 374 R X   0.001 0.002 0.000 0.002 0.001 0.002 0.897 0.095 
 375 Q X   0.001 0.003 0.000 0.003 0.001 0.002 0.901 0.089 
 376 P X   0.001 0.003 0.000 0.004 0.001 0.002 0.905 0.084 
 377 N X   0.001 0.003 0.000 0.005 0.001 0.002 0.909 0.078 
 378 L X   0.001 0.003 0.000 0.006 0.001 0.003 0.913 0.073 
 379 A X   0.001 0.003 0.000 0.007 0.001 0.003 0.917 0.068 
 380 L X   0.001 0.003 0.000 0.007 0.001 0.002 0.922 0.063 
 381 E X   0.001 0.003 0.000 0.006 0.001 0.002 0.928 0.058 
 382 Q X   0.001 0.003 0.000 0.006 0.001 0.002 0.934 0.054 
 383 T X   0.001 0.002 0.000 0.005 0.001 0.002 0.940 0.050 
 384 K X   0.001 0.002 0.000 0.004 0.001 0.002 0.946 0.046 
 385 D X   0.001 0.001 0.000 0.003 0.001 0.001 0.952 0.042 
 386 P X   0.001 0.001 0.000 0.002 0.000 0.001 0.957 0.038 
 387 Q X   0.000 0.001 0.000 0.001 0.000 0.001 0.960 0.036 
 388 G X   0.000 0.000 0.000 0.001 0.000 0.001 0.963 0.034 
 389 E X   0.000 0.000 0.000 0.001 0.000 0.001 0.966 0.032 
 390 D X   0.000 0.000 0.000 0.001 0.000 0.000 0.967 0.031 
 391 G X   0.000 0.000 0.000 0.001 0.000 0.000 0.968 0.030 
 392 Q X   0.000 0.000 0.000 0.000 0.000 0.000 0.969 0.030 
 393 N X   0.000 0.000 0.000 0.000 0.000 0.000 0.969 0.030 
 394 N X   0.000 0.000 0.000 0.000 0.000 0.000 0.968 0.031 
 395 N X   0.000 0.000 0.000 0.001 0.000 0.000 0.964 0.035 
 396 L X   0.001 0.000 0.001 0.008 0.002 0.002 0.945 0.042 
