#TopoPred_TM8: 8-state transmembrane topology prediction results by no_profile mode 
#probabilities are in the order of H E C I L F X _, the 8 transmembrane topology types used in PDBTM 
   1 M X   0.011 0.001 0.002 0.050 0.008 0.008 0.798 0.121 
   2 E X   0.004 0.001 0.000 0.029 0.002 0.004 0.821 0.139 
   3 L X   0.001 0.000 0.000 0.014 0.001 0.002 0.827 0.154 
   4 E X   0.001 0.000 0.000 0.009 0.000 0.002 0.825 0.163 
   5 V X   0.001 0.001 0.000 0.007 0.000 0.002 0.819 0.169 
   6 P X   0.001 0.001 0.000 0.006 0.001 0.003 0.811 0.177 
   7 D X   0.002 0.003 0.000 0.006 0.001 0.004 0.799 0.186 
   8 E X   0.002 0.005 0.000 0.007 0.001 0.005 0.784 0.196 
   9 A X   0.002 0.009 0.000 0.009 0.002 0.007 0.763 0.208 
  10 E X   0.003 0.016 0.000 0.012 0.003 0.008 0.737 0.220 
  11 S X   0.003 0.028 0.001 0.016 0.004 0.010 0.705 0.234 
  12 A X   0.003 0.043 0.001 0.021 0.005 0.012 0.669 0.246 
  13 E X   0.003 0.062 0.001 0.024 0.006 0.013 0.633 0.257 
  14 A X   0.004 0.082 0.001 0.027 0.007 0.014 0.598 0.267 
  15 G X   0.004 0.102 0.001 0.028 0.008 0.016 0.566 0.276 
  16 A X   0.004 0.121 0.001 0.029 0.008 0.017 0.536 0.284 
  17 V X   0.005 0.139 0.001 0.029 0.009 0.017 0.508 0.291 
  18 P X   0.005 0.155 0.001 0.029 0.010 0.018 0.484 0.297 
  19 S X   0.006 0.171 0.001 0.030 0.010 0.019 0.462 0.302 
  20 E X   0.006 0.184 0.001 0.030 0.011 0.019 0.442 0.306 
  21 A X   0.007 0.196 0.001 0.031 0.011 0.020 0.424 0.309 
  22 A X   0.007 0.206 0.001 0.032 0.012 0.020 0.409 0.313 
  23 W X   0.008 0.214 0.001 0.033 0.012 0.020 0.396 0.317 
  24 A X   0.008 0.219 0.001 0.034 0.012 0.019 0.385 0.322 
  25 A X   0.008 0.222 0.001 0.035 0.012 0.019 0.375 0.329 
  26 E X   0.009 0.222 0.001 0.034 0.011 0.018 0.367 0.338 
  27 S X   0.009 0.219 0.001 0.033 0.010 0.017 0.361 0.350 
  28 G _   0.009 0.212 0.001 0.031 0.010 0.015 0.356 0.366 
  29 A _   0.009 0.201 0.001 0.028 0.009 0.014 0.352 0.385 
  30 A _   0.009 0.186 0.001 0.025 0.008 0.013 0.349 0.409 
  31 A _   0.009 0.166 0.001 0.021 0.007 0.012 0.347 0.437 
  32 G _   0.009 0.143 0.001 0.017 0.006 0.011 0.345 0.468 
  33 L _   0.009 0.121 0.001 0.013 0.005 0.011 0.344 0.498 
  34 A _   0.008 0.101 0.001 0.010 0.004 0.010 0.342 0.524 
  35 Q _   0.008 0.087 0.000 0.008 0.003 0.009 0.340 0.544 
  36 K _   0.007 0.078 0.000 0.006 0.003 0.009 0.338 0.558 
  37 K _   0.007 0.074 0.000 0.006 0.003 0.009 0.335 0.566 
  38 A _   0.007 0.072 0.000 0.006 0.003 0.009 0.332 0.570 
  39 A _   0.007 0.072 0.000 0.008 0.003 0.010 0.328 0.570 
  40 P _   0.008 0.075 0.000 0.011 0.004 0.011 0.324 0.566 
  41 T _   0.008 0.078 0.001 0.016 0.005 0.012 0.320 0.559 
  42 E _   0.009 0.083 0.001 0.021 0.006 0.013 0.316 0.551 
  43 V _   0.009 0.086 0.001 0.026 0.007 0.013 0.313 0.544 
  44 L _   0.009 0.087 0.001 0.030 0.008 0.013 0.311 0.541 
  45 S _   0.009 0.086 0.001 0.031 0.008 0.013 0.309 0.543 
  46 M _   0.009 0.082 0.001 0.030 0.007 0.012 0.309 0.551 
  47 T _   0.008 0.074 0.001 0.026 0.006 0.011 0.309 0.565 
  48 A _   0.008 0.062 0.001 0.021 0.005 0.009 0.311 0.584 
  49 Q _   0.007 0.048 0.001 0.015 0.004 0.008 0.312 0.605 
  50 P _   0.006 0.035 0.000 0.011 0.003 0.007 0.313 0.625 
  51 G _   0.005 0.025 0.000 0.007 0.002 0.006 0.313 0.641 
  52 P _   0.005 0.018 0.000 0.005 0.002 0.005 0.313 0.652 
  53 G _   0.004 0.015 0.000 0.004 0.001 0.005 0.311 0.659 
  54 H _   0.004 0.013 0.000 0.004 0.001 0.005 0.309 0.664 
  55 G _   0.004 0.012 0.000 0.005 0.001 0.005 0.306 0.666 
  56 K _   0.004 0.013 0.000 0.006 0.002 0.005 0.303 0.668 
  57 K _   0.004 0.013 0.000 0.008 0.002 0.006 0.298 0.669 
  58 L _   0.004 0.015 0.000 0.010 0.002 0.006 0.293 0.669 
  59 G _   0.004 0.016 0.000 0.012 0.003 0.007 0.288 0.670 
  60 H _   0.004 0.018 0.000 0.015 0.003 0.007 0.282 0.670 
  61 R _   0.004 0.020 0.000 0.016 0.004 0.008 0.277 0.672 
  62 G _   0.004 0.021 0.000 0.018 0.004 0.008 0.272 0.674 
  63 V _   0.004 0.021 0.000 0.018 0.004 0.008 0.268 0.676 
  64 D _   0.004 0.021 0.000 0.019 0.004 0.008 0.264 0.680 
  65 A _   0.004 0.021 0.000 0.018 0.004 0.008 0.260 0.684 
  66 S _   0.004 0.020 0.000 0.017 0.004 0.008 0.257 0.689 
  67 G _   0.004 0.019 0.000 0.016 0.004 0.008 0.255 0.695 
  68 E _   0.004 0.017 0.000 0.014 0.003 0.008 0.252 0.701 
  69 T _   0.004 0.015 0.000 0.012 0.003 0.008 0.250 0.707 
  70 T _   0.004 0.013 0.000 0.010 0.003 0.008 0.247 0.714 
  71 Y _   0.004 0.012 0.000 0.008 0.002 0.008 0.244 0.721 
  72 K _   0.004 0.010 0.000 0.007 0.002 0.008 0.241 0.727 
  73 K _   0.004 0.010 0.000 0.006 0.002 0.009 0.237 0.732 
  74 T _   0.005 0.009 0.000 0.005 0.002 0.010 0.233 0.735 
  75 T _   0.006 0.010 0.000 0.005 0.003 0.012 0.228 0.735 
  76 S _   0.009 0.012 0.000 0.006 0.004 0.016 0.222 0.732 
  77 S _   0.013 0.016 0.001 0.007 0.006 0.022 0.215 0.721 
  78 T _   0.020 0.025 0.001 0.010 0.010 0.029 0.207 0.699 
  79 L _   0.028 0.044 0.001 0.015 0.017 0.039 0.196 0.660 
  80 K _   0.038 0.079 0.002 0.022 0.028 0.048 0.183 0.601 
  81 G _   0.048 0.129 0.003 0.031 0.039 0.055 0.169 0.525 
  82 A _   0.055 0.184 0.003 0.040 0.049 0.060 0.157 0.452 
  83 I _   0.060 0.233 0.003 0.049 0.054 0.061 0.147 0.392 
  84 Q _   0.064 0.269 0.003 0.057 0.055 0.060 0.140 0.351 
  85 L _   0.066 0.289 0.003 0.063 0.055 0.058 0.136 0.330 
  86 G _   0.066 0.298 0.003 0.066 0.053 0.055 0.133 0.327 
  87 I _   0.065 0.299 0.002 0.066 0.048 0.051 0.132 0.337 
  88 G _   0.062 0.291 0.002 0.063 0.043 0.046 0.132 0.362 
  89 Y _   0.057 0.271 0.003 0.056 0.036 0.040 0.133 0.404 
  90 T _   0.051 0.235 0.002 0.047 0.029 0.035 0.136 0.465 
  91 V _   0.044 0.184 0.002 0.037 0.022 0.030 0.139 0.544 
  92 G _   0.037 0.124 0.002 0.026 0.015 0.025 0.142 0.630 
  93 H _   0.029 0.073 0.001 0.017 0.009 0.020 0.145 0.706 
  94 L _   0.022 0.038 0.001 0.010 0.006 0.016 0.147 0.761 
  95 S _   0.016 0.021 0.000 0.006 0.003 0.013 0.147 0.794 
  96 S _   0.012 0.013 0.000 0.004 0.002 0.011 0.147 0.811 
  97 K _   0.009 0.011 0.000 0.003 0.002 0.010 0.145 0.820 
  98 P _   0.008 0.010 0.000 0.003 0.002 0.011 0.144 0.822 
  99 E _   0.009 0.012 0.000 0.003 0.002 0.013 0.141 0.819 
 100 R _   0.011 0.017 0.000 0.005 0.004 0.016 0.138 0.809 
 101 D _   0.014 0.029 0.001 0.009 0.006 0.020 0.133 0.788 
 102 V _   0.017 0.055 0.001 0.015 0.010 0.025 0.127 0.751 
 103 L _   0.019 0.093 0.001 0.022 0.014 0.029 0.120 0.701 
 104 M _   0.021 0.137 0.002 0.030 0.019 0.032 0.113 0.646 
 105 Q _   0.022 0.182 0.002 0.037 0.022 0.035 0.106 0.595 
 106 D _   0.022 0.218 0.002 0.043 0.025 0.036 0.101 0.553 
 107 F _   0.023 0.245 0.002 0.048 0.026 0.036 0.096 0.525 
 108 Y _   0.023 0.263 0.002 0.051 0.026 0.035 0.093 0.506 
 109 V _   0.023 0.274 0.002 0.054 0.026 0.034 0.091 0.497 
 110 V _   0.023 0.278 0.002 0.054 0.024 0.032 0.090 0.496 
 111 E _   0.023 0.277 0.002 0.053 0.022 0.030 0.089 0.504 
 112 S _   0.022 0.269 0.002 0.050 0.020 0.027 0.089 0.520 
 113 I _   0.021 0.254 0.002 0.045 0.018 0.025 0.090 0.547 
 114 F _   0.020 0.228 0.002 0.039 0.015 0.022 0.091 0.584 
 115 F _   0.018 0.194 0.001 0.031 0.012 0.019 0.093 0.632 
 116 P _   0.016 0.154 0.001 0.024 0.009 0.017 0.095 0.684 
 117 S _   0.014 0.115 0.001 0.018 0.007 0.014 0.096 0.734 
 118 E _   0.012 0.084 0.001 0.013 0.005 0.012 0.098 0.775 
 119 G _   0.010 0.063 0.001 0.009 0.004 0.011 0.098 0.804 
 120 S _   0.008 0.051 0.000 0.007 0.003 0.010 0.099 0.822 
 121 N _   0.007 0.045 0.000 0.006 0.002 0.009 0.098 0.832 
 122 L _   0.007 0.041 0.000 0.005 0.002 0.009 0.098 0.838 
 123 T _   0.006 0.040 0.000 0.006 0.002 0.009 0.096 0.839 
 124 P _   0.006 0.041 0.000 0.007 0.003 0.010 0.095 0.838 
 125 A _   0.007 0.042 0.000 0.009 0.003 0.011 0.093 0.835 
 126 H _   0.007 0.045 0.000 0.010 0.004 0.012 0.091 0.830 
 127 H _   0.007 0.049 0.001 0.012 0.004 0.013 0.089 0.825 
 128 F _   0.008 0.052 0.001 0.013 0.005 0.014 0.087 0.820 
 129 Q _   0.008 0.056 0.001 0.013 0.006 0.016 0.084 0.816 
 130 D _   0.009 0.060 0.001 0.013 0.006 0.018 0.082 0.811 
 131 F _   0.011 0.063 0.001 0.013 0.007 0.020 0.080 0.806 
 132 R _   0.012 0.067 0.001 0.013 0.008 0.022 0.078 0.799 
 133 F _   0.014 0.072 0.001 0.013 0.009 0.025 0.076 0.790 
 134 K _   0.017 0.079 0.001 0.013 0.010 0.028 0.074 0.778 
 135 T _   0.020 0.087 0.001 0.015 0.012 0.031 0.072 0.762 
 136 Y _   0.024 0.100 0.001 0.017 0.015 0.034 0.070 0.739 
 137 A _   0.027 0.116 0.001 0.020 0.018 0.037 0.068 0.711 
 138 P _   0.031 0.136 0.002 0.024 0.022 0.040 0.065 0.680 
 139 V _   0.034 0.157 0.002 0.029 0.025 0.041 0.063 0.649 
 140 A _   0.036 0.177 0.002 0.035 0.027 0.041 0.061 0.621 
 141 F _   0.036 0.192 0.002 0.041 0.028 0.041 0.060 0.600 
 142 R _   0.036 0.201 0.002 0.045 0.028 0.039 0.059 0.589 
 143 Y _   0.034 0.206 0.002 0.048 0.027 0.037 0.059 0.588 
 144 F _   0.032 0.205 0.002 0.048 0.025 0.034 0.059 0.596 
 145 R _   0.029 0.199 0.002 0.045 0.022 0.030 0.060 0.614 
 146 E _   0.026 0.187 0.002 0.040 0.018 0.026 0.061 0.640 
 147 L _   0.023 0.168 0.001 0.034 0.015 0.023 0.063 0.674 
 148 F _   0.020 0.143 0.001 0.027 0.011 0.019 0.064 0.714 
 149 G _   0.017 0.117 0.001 0.020 0.008 0.016 0.066 0.755 
 150 I _   0.014 0.092 0.001 0.014 0.006 0.014 0.067 0.791 
 151 R _   0.012 0.074 0.001 0.010 0.004 0.012 0.068 0.820 
 152 P _   0.010 0.062 0.000 0.008 0.003 0.010 0.069 0.838 
 153 D _   0.008 0.055 0.000 0.006 0.003 0.009 0.069 0.849 
 154 D _   0.007 0.052 0.000 0.006 0.002 0.008 0.068 0.855 
 155 Y _   0.007 0.052 0.000 0.006 0.002 0.008 0.068 0.856 
 156 L _   0.007 0.054 0.000 0.007 0.003 0.009 0.067 0.854 
 157 Y _   0.007 0.058 0.000 0.010 0.003 0.009 0.065 0.848 
 158 S _   0.007 0.064 0.001 0.013 0.004 0.010 0.063 0.839 
 159 L _   0.006 0.072 0.001 0.016 0.005 0.010 0.062 0.828 
 160 C _   0.006 0.080 0.001 0.020 0.005 0.011 0.060 0.818 
 161 N _   0.006 0.086 0.001 0.022 0.006 0.011 0.058 0.810 
 162 E _   0.006 0.092 0.001 0.023 0.006 0.011 0.057 0.805 
 163 P _   0.006 0.095 0.001 0.023 0.006 0.010 0.056 0.804 
 164 L _   0.006 0.096 0.001 0.020 0.005 0.010 0.055 0.807 
 165 I _   0.006 0.096 0.001 0.017 0.004 0.009 0.054 0.813 
 166 E _   0.005 0.095 0.000 0.014 0.004 0.009 0.053 0.819 
 167 L _   0.005 0.094 0.000 0.011 0.003 0.009 0.053 0.825 
 168 S _   0.005 0.094 0.000 0.010 0.003 0.009 0.052 0.828 
 169 N _   0.005 0.096 0.000 0.009 0.003 0.009 0.051 0.826 
 170 P _   0.006 0.101 0.000 0.010 0.004 0.010 0.049 0.820 
 171 G _   0.006 0.110 0.001 0.012 0.005 0.012 0.048 0.807 
 172 A _   0.007 0.123 0.001 0.017 0.006 0.013 0.046 0.787 
 173 S _   0.008 0.139 0.001 0.022 0.008 0.015 0.045 0.762 
 174 G _   0.009 0.155 0.001 0.028 0.009 0.016 0.043 0.739 
 175 S _   0.009 0.166 0.001 0.032 0.010 0.017 0.042 0.723 
 176 L _   0.009 0.173 0.001 0.034 0.010 0.017 0.041 0.715 
 177 F _   0.008 0.175 0.001 0.033 0.010 0.016 0.041 0.716 
 178 Y _   0.008 0.173 0.001 0.030 0.009 0.016 0.041 0.723 
 179 V _   0.008 0.167 0.001 0.025 0.008 0.015 0.041 0.735 
 180 T _   0.008 0.159 0.001 0.019 0.007 0.015 0.041 0.750 
 181 S _   0.009 0.150 0.001 0.014 0.006 0.015 0.041 0.764 
 182 D _   0.010 0.143 0.001 0.011 0.006 0.015 0.042 0.773 
 183 D _   0.010 0.139 0.001 0.009 0.005 0.016 0.042 0.777 
 184 E _   0.012 0.138 0.001 0.009 0.006 0.017 0.043 0.775 
 185 F _   0.013 0.140 0.001 0.010 0.007 0.019 0.043 0.767 
 186 I _   0.015 0.145 0.001 0.012 0.008 0.021 0.044 0.754 
 187 I _   0.017 0.153 0.001 0.016 0.010 0.022 0.044 0.738 
 188 K _   0.018 0.162 0.001 0.019 0.011 0.024 0.044 0.721 
 189 T _   0.019 0.170 0.001 0.022 0.012 0.024 0.045 0.707 
 190 V _   0.019 0.176 0.001 0.024 0.013 0.025 0.045 0.697 
 191 M _   0.019 0.179 0.001 0.025 0.013 0.024 0.046 0.692 
 192 H _   0.018 0.180 0.001 0.025 0.013 0.024 0.047 0.692 
 193 K _   0.018 0.179 0.001 0.023 0.012 0.023 0.048 0.696 
 194 E _   0.017 0.176 0.001 0.022 0.012 0.022 0.050 0.700 
 195 A _   0.017 0.172 0.001 0.021 0.011 0.022 0.051 0.706 
 196 E _   0.017 0.167 0.001 0.020 0.010 0.021 0.053 0.712 
 197 F _   0.016 0.162 0.001 0.019 0.010 0.020 0.055 0.717 
 198 L _   0.016 0.157 0.001 0.019 0.009 0.019 0.057 0.722 
 199 Q _   0.015 0.152 0.001 0.020 0.009 0.018 0.059 0.726 
 200 K _   0.015 0.145 0.001 0.021 0.009 0.017 0.062 0.730 
 201 L _   0.015 0.138 0.001 0.022 0.009 0.016 0.064 0.735 
 202 L _   0.014 0.129 0.001 0.022 0.008 0.015 0.067 0.743 
 203 P _   0.014 0.117 0.001 0.021 0.008 0.014 0.071 0.753 
 204 G _   0.013 0.104 0.001 0.021 0.007 0.013 0.075 0.766 
 205 Y _   0.013 0.088 0.001 0.019 0.007 0.012 0.079 0.781 
 206 Y _   0.012 0.071 0.001 0.017 0.006 0.011 0.083 0.800 
 207 M _   0.011 0.053 0.001 0.014 0.005 0.010 0.087 0.820 
 208 N _   0.010 0.036 0.001 0.010 0.004 0.009 0.091 0.839 
 209 L _   0.009 0.024 0.000 0.008 0.003 0.008 0.094 0.855 
 210 N _   0.008 0.015 0.000 0.005 0.002 0.007 0.097 0.866 
 211 Q _   0.007 0.010 0.000 0.004 0.002 0.007 0.098 0.872 
 212 N _   0.006 0.007 0.000 0.003 0.002 0.007 0.100 0.875 
 213 P _   0.006 0.007 0.000 0.003 0.002 0.007 0.100 0.874 
 214 R _   0.007 0.007 0.000 0.004 0.002 0.009 0.100 0.871 
 215 T _   0.008 0.008 0.000 0.005 0.003 0.011 0.100 0.864 
 216 L _   0.009 0.011 0.000 0.008 0.004 0.014 0.100 0.853 
 217 L _   0.011 0.016 0.001 0.013 0.006 0.017 0.099 0.837 
 218 P _   0.012 0.024 0.001 0.019 0.009 0.020 0.098 0.817 
 219 K _   0.013 0.032 0.001 0.027 0.012 0.023 0.096 0.796 
 220 F _   0.014 0.039 0.001 0.034 0.014 0.025 0.095 0.778 
 221 Y _   0.014 0.043 0.001 0.039 0.016 0.027 0.095 0.765 
 222 G _   0.015 0.045 0.001 0.042 0.017 0.027 0.095 0.758 
 223 L _   0.015 0.045 0.001 0.041 0.017 0.027 0.095 0.758 
 224 Y _   0.016 0.042 0.001 0.037 0.015 0.027 0.096 0.766 
 225 C _   0.016 0.037 0.001 0.030 0.014 0.026 0.097 0.779 
 226 V _   0.016 0.029 0.001 0.023 0.012 0.025 0.099 0.795 
 227 Q _   0.017 0.021 0.001 0.016 0.010 0.024 0.101 0.810 
 228 S _   0.019 0.013 0.001 0.011 0.008 0.024 0.102 0.821 
 229 G _   0.021 0.008 0.001 0.008 0.007 0.025 0.104 0.826 
 230 G _   0.025 0.006 0.001 0.006 0.007 0.026 0.105 0.824 
 231 K _   0.030 0.004 0.001 0.005 0.008 0.029 0.107 0.816 
 232 N _   0.037 0.004 0.001 0.006 0.009 0.032 0.108 0.802 
 233 I _   0.045 0.005 0.001 0.007 0.012 0.036 0.110 0.784 
 234 R _   0.054 0.006 0.001 0.010 0.015 0.040 0.112 0.763 
 235 V _   0.062 0.007 0.001 0.012 0.018 0.043 0.114 0.742 
 236 V _   0.069 0.009 0.001 0.014 0.021 0.046 0.117 0.722 
 237 V _   0.075 0.010 0.002 0.016 0.024 0.048 0.120 0.705 
 238 M _   0.080 0.012 0.002 0.017 0.025 0.050 0.123 0.692 
 239 N _   0.083 0.013 0.002 0.017 0.026 0.050 0.127 0.681 
 240 N _   0.086 0.014 0.002 0.016 0.026 0.050 0.132 0.674 
 241 I _   0.086 0.015 0.002 0.016 0.026 0.050 0.137 0.668 
 242 L _   0.085 0.015 0.002 0.016 0.025 0.049 0.144 0.664 
 243 P _   0.083 0.016 0.002 0.017 0.025 0.047 0.150 0.661 
 244 R _   0.079 0.017 0.002 0.018 0.023 0.045 0.158 0.658 
 245 V _   0.073 0.018 0.002 0.020 0.022 0.042 0.166 0.657 
 246 V _   0.067 0.019 0.001 0.022 0.020 0.038 0.175 0.657 
 247 K _   0.060 0.020 0.001 0.023 0.018 0.035 0.185 0.659 
 248 M _   0.052 0.019 0.001 0.023 0.015 0.031 0.195 0.663 
 249 H _   0.044 0.018 0.001 0.022 0.013 0.027 0.206 0.670 
 250 L _   0.036 0.016 0.001 0.020 0.010 0.023 0.217 0.677 
 251 K _   0.030 0.014 0.001 0.017 0.008 0.019 0.227 0.683 
 252 F _   0.024 0.012 0.001 0.014 0.006 0.016 0.238 0.690 
 253 D _   0.019 0.009 0.001 0.012 0.005 0.013 0.247 0.694 
 254 L _   0.016 0.007 0.000 0.010 0.004 0.011 0.257 0.696 
 255 K _   0.013 0.005 0.000 0.008 0.003 0.009 0.265 0.696 
 256 G _   0.011 0.004 0.000 0.007 0.002 0.008 0.272 0.695 
 257 S _   0.010 0.003 0.000 0.006 0.002 0.007 0.279 0.694 
 258 T _   0.009 0.002 0.000 0.005 0.002 0.006 0.284 0.692 
 259 Y _   0.008 0.002 0.000 0.005 0.002 0.005 0.288 0.691 
 260 K _   0.007 0.001 0.000 0.004 0.001 0.005 0.291 0.690 
 261 R _   0.006 0.001 0.000 0.004 0.001 0.004 0.294 0.690 
 262 R _   0.005 0.001 0.000 0.004 0.001 0.004 0.295 0.690 
 263 A _   0.004 0.001 0.000 0.004 0.001 0.004 0.295 0.691 
 264 S _   0.004 0.001 0.000 0.004 0.001 0.004 0.294 0.692 
 265 K _   0.004 0.001 0.000 0.004 0.001 0.004 0.293 0.693 
 266 K _   0.004 0.002 0.000 0.004 0.001 0.005 0.290 0.694 
 267 E _   0.004 0.002 0.000 0.005 0.002 0.005 0.287 0.695 
 268 K _   0.004 0.003 0.000 0.006 0.002 0.006 0.283 0.696 
 269 E _   0.004 0.004 0.000 0.008 0.002 0.006 0.279 0.697 
 270 K _   0.004 0.005 0.000 0.009 0.002 0.007 0.274 0.698 
 271 S _   0.004 0.007 0.000 0.010 0.003 0.007 0.269 0.700 
 272 F _   0.004 0.008 0.000 0.011 0.003 0.007 0.264 0.702 
 273 P _   0.004 0.010 0.000 0.012 0.003 0.008 0.259 0.704 
 274 T _   0.004 0.011 0.000 0.012 0.003 0.008 0.254 0.707 
 275 Y _   0.004 0.012 0.000 0.012 0.003 0.008 0.249 0.711 
 276 K _   0.004 0.013 0.000 0.012 0.003 0.009 0.244 0.713 
 277 D _   0.005 0.014 0.000 0.013 0.004 0.009 0.240 0.715 
 278 L _   0.005 0.015 0.000 0.013 0.004 0.010 0.236 0.717 
 279 D _   0.005 0.017 0.000 0.014 0.004 0.010 0.231 0.718 
 280 F _   0.006 0.018 0.001 0.015 0.005 0.011 0.227 0.718 
 281 M _   0.006 0.019 0.001 0.016 0.005 0.011 0.224 0.718 
 282 Q _   0.006 0.019 0.001 0.017 0.005 0.012 0.220 0.719 
 283 D _   0.006 0.020 0.001 0.018 0.006 0.012 0.217 0.721 
 284 M _   0.007 0.019 0.001 0.017 0.006 0.012 0.215 0.724 
 285 P _   0.007 0.019 0.001 0.016 0.005 0.012 0.212 0.728 
 286 E _   0.007 0.017 0.001 0.015 0.005 0.012 0.210 0.733 
 287 G _   0.007 0.016 0.001 0.013 0.005 0.012 0.208 0.738 
 288 L _   0.008 0.014 0.001 0.011 0.005 0.013 0.206 0.744 
 289 L _   0.008 0.012 0.001 0.009 0.004 0.013 0.204 0.748 
 290 L _   0.009 0.011 0.000 0.008 0.004 0.014 0.202 0.751 
 291 D _   0.010 0.010 0.001 0.008 0.005 0.015 0.200 0.751 
 292 A _   0.012 0.010 0.001 0.008 0.005 0.017 0.198 0.749 
 293 D _   0.013 0.010 0.001 0.009 0.007 0.019 0.196 0.745 
 294 T _   0.016 0.011 0.001 0.011 0.008 0.021 0.194 0.738 
 295 F _   0.018 0.012 0.001 0.014 0.010 0.024 0.192 0.730 
 296 S _   0.021 0.013 0.001 0.016 0.011 0.025 0.190 0.722 
 297 A _   0.023 0.013 0.001 0.018 0.012 0.027 0.189 0.716 
 298 L _   0.025 0.013 0.001 0.019 0.013 0.028 0.188 0.713 
 299 V _   0.026 0.013 0.001 0.019 0.013 0.028 0.187 0.713 
 300 K _   0.027 0.012 0.001 0.017 0.013 0.029 0.187 0.715 
 301 T _   0.029 0.010 0.001 0.014 0.012 0.029 0.186 0.719 
 302 L _   0.030 0.008 0.001 0.012 0.011 0.029 0.187 0.722 
 303 Q _   0.032 0.006 0.001 0.010 0.011 0.029 0.187 0.725 
 304 R _   0.034 0.005 0.001 0.009 0.010 0.029 0.188 0.725 
 305 D _   0.036 0.004 0.001 0.008 0.010 0.030 0.188 0.724 
 306 C _   0.038 0.003 0.001 0.007 0.010 0.030 0.189 0.721 
 307 L _   0.041 0.003 0.001 0.008 0.010 0.031 0.190 0.716 
 308 V _   0.044 0.003 0.001 0.008 0.011 0.032 0.191 0.710 
 309 L _   0.048 0.003 0.001 0.008 0.011 0.033 0.192 0.703 
 310 E _   0.052 0.004 0.001 0.008 0.012 0.035 0.193 0.696 
 311 S _   0.056 0.004 0.001 0.008 0.013 0.036 0.194 0.689 
 312 F _   0.060 0.005 0.001 0.008 0.014 0.037 0.195 0.681 
 313 K _   0.064 0.006 0.001 0.008 0.015 0.039 0.197 0.671 
 314 I _   0.067 0.008 0.001 0.009 0.018 0.040 0.198 0.659 
 315 M _   0.070 0.011 0.001 0.012 0.021 0.042 0.200 0.643 
 316 D _   0.072 0.016 0.002 0.016 0.024 0.043 0.203 0.625 
 317 Y _   0.073 0.021 0.002 0.022 0.026 0.043 0.207 0.607 
 318 S _   0.071 0.027 0.002 0.028 0.028 0.041 0.212 0.592 
 319 L _   0.067 0.031 0.002 0.033 0.027 0.039 0.217 0.583 
 320 L _   0.061 0.033 0.002 0.036 0.025 0.036 0.224 0.583 
 321 L _   0.054 0.033 0.002 0.036 0.021 0.031 0.232 0.591 
 322 G _   0.046 0.031 0.001 0.033 0.017 0.027 0.241 0.604 
 323 V _   0.038 0.027 0.001 0.027 0.013 0.022 0.251 0.622 
 324 H _   0.031 0.021 0.001 0.020 0.009 0.018 0.260 0.640 
 325 N _   0.024 0.015 0.001 0.014 0.006 0.014 0.269 0.657 
 326 I _   0.019 0.010 0.001 0.009 0.004 0.011 0.277 0.669 
 327 D _   0.015 0.006 0.000 0.006 0.003 0.009 0.283 0.677 
 328 Q _   0.012 0.004 0.000 0.005 0.002 0.008 0.289 0.680 
 329 H _   0.010 0.003 0.000 0.004 0.002 0.007 0.293 0.680 
 330 E _   0.009 0.003 0.000 0.004 0.002 0.007 0.297 0.678 
 331 R _   0.008 0.002 0.000 0.005 0.002 0.007 0.300 0.675 
 332 E _   0.008 0.003 0.000 0.006 0.002 0.007 0.303 0.671 
 333 R _   0.007 0.003 0.000 0.008 0.002 0.007 0.305 0.668 
 334 Q _   0.007 0.003 0.000 0.009 0.002 0.007 0.307 0.664 
 335 A _   0.007 0.003 0.000 0.010 0.002 0.007 0.309 0.662 
 336 Q _   0.006 0.003 0.000 0.010 0.002 0.006 0.310 0.662 
 337 G _   0.006 0.003 0.000 0.009 0.002 0.006 0.311 0.663 
 338 A _   0.005 0.003 0.000 0.007 0.002 0.005 0.312 0.666 
 339 Q _   0.005 0.002 0.000 0.006 0.002 0.005 0.312 0.669 
 340 S _   0.004 0.002 0.000 0.004 0.001 0.004 0.311 0.673 
 341 T _   0.004 0.002 0.000 0.003 0.001 0.004 0.310 0.676 
 342 S _   0.003 0.002 0.000 0.003 0.001 0.004 0.308 0.679 
 343 D _   0.003 0.002 0.000 0.003 0.001 0.005 0.304 0.682 
 344 E _   0.003 0.003 0.000 0.003 0.001 0.006 0.300 0.683 
 345 K _   0.004 0.006 0.000 0.004 0.002 0.007 0.294 0.683 
 346 R _   0.005 0.011 0.000 0.006 0.003 0.010 0.286 0.678 
 347 P _   0.006 0.022 0.001 0.009 0.004 0.014 0.276 0.667 
 348 V _   0.008 0.042 0.001 0.014 0.006 0.018 0.263 0.647 
 349 G _   0.010 0.073 0.001 0.020 0.010 0.023 0.248 0.616 
 350 Q _   0.012 0.112 0.001 0.026 0.013 0.027 0.231 0.578 
 351 K _   0.013 0.155 0.002 0.031 0.016 0.030 0.215 0.538 
 352 A _   0.015 0.195 0.002 0.035 0.019 0.033 0.201 0.500 
 353 L _   0.016 0.228 0.002 0.038 0.022 0.035 0.188 0.470 
 354 Y _   0.017 0.255 0.002 0.041 0.024 0.036 0.178 0.447 
 355 S _   0.018 0.275 0.002 0.042 0.025 0.037 0.170 0.431 
 356 T _   0.019 0.289 0.002 0.043 0.025 0.036 0.164 0.421 
 357 A _   0.020 0.299 0.002 0.044 0.025 0.035 0.159 0.417 
 358 M _   0.021 0.304 0.001 0.043 0.023 0.034 0.155 0.418 
 359 E _   0.021 0.304 0.001 0.042 0.022 0.032 0.152 0.425 
 360 S _   0.021 0.301 0.001 0.041 0.020 0.029 0.150 0.437 
 361 I _   0.021 0.293 0.001 0.038 0.018 0.027 0.148 0.454 
 362 Q _   0.020 0.280 0.001 0.036 0.016 0.025 0.148 0.475 
 363 G _   0.019 0.262 0.001 0.034 0.014 0.023 0.147 0.500 
 364 G _   0.018 0.239 0.001 0.031 0.013 0.021 0.148 0.529 
 365 A _   0.018 0.211 0.001 0.029 0.011 0.019 0.148 0.563 
 366 A _   0.016 0.177 0.001 0.026 0.010 0.017 0.150 0.603 
 367 R _   0.015 0.142 0.001 0.023 0.008 0.015 0.151 0.645 
 368 G _   0.013 0.106 0.001 0.019 0.007 0.013 0.153 0.688 
 369 E _   0.012 0.075 0.001 0.015 0.005 0.011 0.154 0.727 
 370 A _   0.010 0.050 0.001 0.011 0.004 0.010 0.154 0.761 
 371 I _   0.008 0.031 0.000 0.008 0.003 0.008 0.154 0.787 
 372 E _   0.007 0.020 0.000 0.006 0.002 0.007 0.153 0.804 
 373 S _   0.006 0.013 0.000 0.005 0.002 0.006 0.152 0.816 
 374 D _   0.005 0.009 0.000 0.005 0.002 0.006 0.150 0.823 
 375 D _   0.005 0.006 0.000 0.005 0.002 0.006 0.148 0.828 
 376 T _   0.005 0.005 0.000 0.005 0.002 0.007 0.145 0.830 
 377 M _   0.005 0.005 0.000 0.007 0.002 0.007 0.142 0.832 
 378 G _   0.005 0.004 0.000 0.008 0.003 0.008 0.139 0.833 
 379 G _   0.006 0.004 0.000 0.009 0.003 0.009 0.135 0.834 
 380 I _   0.007 0.003 0.000 0.010 0.003 0.010 0.131 0.836 
 381 P _   0.008 0.003 0.000 0.010 0.004 0.011 0.127 0.837 
 382 A _   0.010 0.002 0.000 0.009 0.004 0.013 0.123 0.839 
 383 V _   0.013 0.002 0.000 0.008 0.004 0.015 0.118 0.839 
 384 N _   0.020 0.001 0.001 0.007 0.004 0.018 0.113 0.836 
 385 G _   0.030 0.001 0.001 0.006 0.005 0.021 0.108 0.828 
 386 R _   0.048 0.001 0.001 0.005 0.007 0.026 0.102 0.811 
 387 G _   0.075 0.000 0.001 0.005 0.009 0.032 0.096 0.782 
 388 E _   0.114 0.000 0.001 0.005 0.013 0.039 0.089 0.739 
 389 R _   0.162 0.000 0.001 0.005 0.019 0.046 0.082 0.684 
 390 L _   0.216 0.000 0.002 0.006 0.026 0.053 0.076 0.622 
 391 L _   0.271 0.001 0.002 0.006 0.034 0.060 0.070 0.557 
 392 L _   0.322 0.001 0.002 0.007 0.042 0.064 0.065 0.498 
 393 H _   0.364 0.001 0.002 0.008 0.047 0.065 0.062 0.451 
 394 I _   0.396 0.001 0.002 0.009 0.051 0.065 0.059 0.415 
 395 G H   0.419 0.002 0.002 0.010 0.053 0.064 0.058 0.393 
 396 I H   0.432 0.002 0.002 0.010 0.053 0.061 0.057 0.384 
 397 I H   0.435 0.002 0.002 0.009 0.050 0.058 0.056 0.387 
 398 D H   0.428 0.002 0.002 0.009 0.046 0.054 0.057 0.402 
 399 I _   0.410 0.001 0.002 0.008 0.041 0.050 0.058 0.430 
 400 L _   0.380 0.001 0.002 0.007 0.034 0.046 0.059 0.471 
 401 Q _   0.339 0.001 0.002 0.006 0.028 0.041 0.061 0.522 
 402 S _   0.292 0.000 0.002 0.005 0.022 0.037 0.063 0.578 
 403 Y _   0.243 0.000 0.001 0.005 0.017 0.034 0.066 0.634 
 404 R _   0.199 0.000 0.001 0.005 0.013 0.031 0.068 0.684 
 405 F _   0.159 0.000 0.001 0.005 0.010 0.028 0.070 0.727 
 406 I _   0.126 0.001 0.001 0.005 0.009 0.027 0.072 0.760 
 407 K _   0.100 0.001 0.001 0.006 0.008 0.025 0.074 0.785 
 408 K _   0.079 0.002 0.001 0.007 0.008 0.024 0.075 0.803 
 409 L _   0.063 0.003 0.001 0.009 0.009 0.024 0.076 0.816 
 410 E _   0.050 0.005 0.001 0.012 0.009 0.023 0.077 0.823 
 411 H _   0.041 0.007 0.001 0.014 0.010 0.022 0.078 0.827 
 412 T _   0.034 0.010 0.001 0.017 0.010 0.021 0.079 0.829 
 413 W _   0.028 0.011 0.001 0.018 0.010 0.020 0.080 0.831 
 414 K _   0.024 0.013 0.001 0.019 0.009 0.019 0.082 0.834 
 415 A _   0.021 0.014 0.001 0.019 0.008 0.017 0.083 0.837 
 416 L _   0.018 0.014 0.001 0.017 0.007 0.016 0.085 0.843 
 417 V _   0.015 0.014 0.001 0.015 0.006 0.014 0.086 0.849 
 418 H _   0.013 0.014 0.001 0.012 0.005 0.013 0.088 0.855 
 419 D _   0.011 0.013 0.001 0.010 0.004 0.012 0.089 0.860 
 420 G _   0.011 0.013 0.000 0.008 0.004 0.011 0.090 0.863 
 421 D _   0.010 0.013 0.000 0.007 0.003 0.011 0.091 0.865 
 422 T _   0.010 0.014 0.000 0.006 0.003 0.012 0.091 0.864 
 423 V _   0.010 0.016 0.000 0.006 0.003 0.013 0.091 0.860 
 424 S _   0.011 0.021 0.000 0.007 0.004 0.015 0.091 0.852 
 425 V _   0.012 0.028 0.001 0.008 0.005 0.017 0.091 0.838 
 426 H _   0.014 0.043 0.001 0.011 0.007 0.020 0.090 0.815 
 427 R _   0.016 0.067 0.001 0.014 0.010 0.024 0.088 0.779 
 428 P _   0.018 0.104 0.001 0.019 0.014 0.027 0.086 0.730 
 429 S _   0.019 0.155 0.002 0.025 0.018 0.030 0.084 0.667 
 430 F _   0.019 0.214 0.002 0.030 0.021 0.032 0.082 0.600 
 431 Y _   0.019 0.271 0.002 0.034 0.022 0.032 0.081 0.539 
 432 A _   0.019 0.319 0.002 0.037 0.023 0.032 0.080 0.490 
 433 E _   0.018 0.354 0.002 0.038 0.022 0.031 0.079 0.455 
 434 R _   0.017 0.379 0.002 0.039 0.021 0.029 0.080 0.433 
 435 F _   0.017 0.394 0.001 0.039 0.020 0.028 0.081 0.420 
 436 F _   0.016 0.403 0.001 0.038 0.019 0.026 0.082 0.414 
 437 K _   0.016 0.405 0.001 0.037 0.017 0.025 0.084 0.414 
 438 F _   0.015 0.404 0.001 0.036 0.016 0.023 0.087 0.417 
 439 M _   0.015 0.397 0.001 0.035 0.014 0.021 0.091 0.425 
 440 S _   0.014 0.386 0.001 0.034 0.013 0.020 0.095 0.437 
 441 N _   0.014 0.370 0.001 0.033 0.012 0.018 0.100 0.452 
 442 T _   0.014 0.348 0.001 0.031 0.011 0.017 0.106 0.472 
 443 V _   0.014 0.320 0.001 0.030 0.010 0.016 0.113 0.496 
 444 F _   0.014 0.284 0.001 0.028 0.009 0.015 0.121 0.528 
 445 R _   0.013 0.242 0.001 0.025 0.008 0.014 0.131 0.566 
 446 K _   0.013 0.198 0.001 0.022 0.007 0.013 0.141 0.607 
 447 N _   0.012 0.155 0.001 0.018 0.006 0.012 0.150 0.646 
 448 S _   0.010 0.119 0.001 0.014 0.004 0.010 0.159 0.682 
 449 S _   0.009 0.092 0.001 0.011 0.003 0.009 0.166 0.709 
 450 L _   0.008 0.074 0.000 0.008 0.002 0.008 0.171 0.729 
 451 K _   0.006 0.063 0.000 0.006 0.002 0.007 0.175 0.742 
 452 S _   0.005 0.057 0.000 0.004 0.001 0.006 0.177 0.749 
 453 S _   0.005 0.054 0.000 0.004 0.001 0.006 0.178 0.752 
 454 P _   0.004 0.054 0.000 0.004 0.001 0.006 0.178 0.752 
 455 S _   0.005 0.057 0.000 0.005 0.002 0.007 0.177 0.747 
 456 K _   0.005 0.065 0.000 0.007 0.002 0.009 0.175 0.736 
 457 K _   0.006 0.082 0.001 0.010 0.004 0.012 0.172 0.713 
 458 G _   0.008 0.115 0.001 0.015 0.006 0.015 0.167 0.673 
 459 R _   0.008 0.168 0.001 0.022 0.009 0.017 0.161 0.612 
 460 G _   0.009 0.236 0.001 0.029 0.011 0.019 0.155 0.540 
 461 G _   0.008 0.307 0.002 0.034 0.013 0.019 0.149 0.468 
 462 A _   0.008 0.364 0.001 0.037 0.013 0.019 0.145 0.412 
 463 L E   0.007 0.404 0.001 0.039 0.012 0.018 0.142 0.375 
 464 L E   0.007 0.428 0.001 0.039 0.012 0.018 0.141 0.354 
 465 A E   0.007 0.442 0.001 0.037 0.011 0.017 0.141 0.343 
 466 V E   0.007 0.448 0.001 0.035 0.011 0.017 0.142 0.339 
 467 K E   0.007 0.450 0.001 0.032 0.010 0.016 0.144 0.340 
 468 P E   0.008 0.447 0.001 0.029 0.010 0.016 0.146 0.343 
 469 L E   0.008 0.441 0.001 0.027 0.010 0.016 0.149 0.348 
 470 G E   0.009 0.431 0.001 0.026 0.010 0.016 0.153 0.355 
 471 P E   0.009 0.420 0.001 0.025 0.010 0.015 0.158 0.362 
 472 T E   0.009 0.406 0.001 0.025 0.009 0.015 0.164 0.371 
 473 A E   0.009 0.389 0.001 0.026 0.009 0.015 0.171 0.380 
 474 A _   0.009 0.367 0.001 0.026 0.009 0.014 0.179 0.394 
 475 F _   0.009 0.341 0.001 0.026 0.009 0.014 0.188 0.412 
 476 S _   0.009 0.310 0.001 0.025 0.008 0.013 0.199 0.435 
 477 A _   0.009 0.274 0.001 0.023 0.008 0.013 0.210 0.462 
 478 S _   0.009 0.236 0.001 0.020 0.007 0.012 0.223 0.492 
 479 Q _   0.008 0.199 0.001 0.018 0.006 0.011 0.236 0.521 
 480 I _   0.008 0.167 0.001 0.015 0.005 0.010 0.248 0.546 
 481 P _   0.007 0.142 0.001 0.013 0.004 0.010 0.260 0.564 
 482 S _   0.006 0.123 0.001 0.011 0.004 0.009 0.269 0.577 
 483 E _   0.006 0.110 0.000 0.010 0.003 0.009 0.278 0.584 
 484 R _   0.005 0.101 0.000 0.009 0.003 0.008 0.286 0.587 
 485 E _   0.005 0.095 0.000 0.009 0.003 0.008 0.293 0.586 
 486 E _   0.005 0.091 0.000 0.010 0.003 0.008 0.299 0.584 
 487 A _   0.005 0.089 0.000 0.011 0.003 0.008 0.304 0.580 
 488 Q _   0.005 0.087 0.000 0.012 0.003 0.008 0.310 0.575 
 489 Y _   0.005 0.085 0.000 0.014 0.003 0.009 0.316 0.569 
 490 D _   0.005 0.083 0.000 0.016 0.004 0.009 0.321 0.562 
 491 L _   0.005 0.082 0.000 0.018 0.004 0.009 0.327 0.555 
 492 R _   0.005 0.079 0.001 0.019 0.004 0.009 0.334 0.548 
 493 G _   0.005 0.076 0.001 0.020 0.005 0.009 0.342 0.542 
 494 A _   0.005 0.071 0.001 0.021 0.005 0.009 0.351 0.538 
 495 R _   0.005 0.065 0.001 0.020 0.005 0.009 0.361 0.535 
 496 S _   0.005 0.057 0.001 0.018 0.004 0.008 0.372 0.535 
 497 Y _   0.005 0.047 0.001 0.016 0.004 0.007 0.384 0.537 
 498 P _   0.005 0.038 0.000 0.013 0.003 0.007 0.395 0.539 
 499 T _   0.004 0.029 0.000 0.011 0.003 0.006 0.405 0.542 
 500 L _   0.004 0.022 0.000 0.008 0.002 0.005 0.414 0.544 
 501 E _   0.004 0.016 0.000 0.006 0.002 0.005 0.422 0.545 
 502 D _   0.003 0.012 0.000 0.005 0.001 0.004 0.428 0.545 
 503 E _   0.003 0.010 0.000 0.004 0.001 0.004 0.433 0.544 
 504 G _   0.003 0.009 0.000 0.004 0.001 0.004 0.437 0.542 
 505 R _   0.003 0.008 0.000 0.004 0.001 0.004 0.440 0.540 
 506 P _   0.003 0.008 0.000 0.004 0.001 0.004 0.442 0.538 
 507 D _   0.003 0.008 0.000 0.004 0.001 0.005 0.443 0.536 
 508 L _   0.003 0.009 0.000 0.005 0.001 0.005 0.443 0.534 
 509 L _   0.003 0.010 0.000 0.005 0.002 0.006 0.443 0.531 
 510 P _   0.003 0.011 0.000 0.006 0.002 0.007 0.442 0.529 
 511 C _   0.003 0.013 0.000 0.006 0.002 0.008 0.441 0.526 
 512 T _   0.004 0.016 0.000 0.006 0.002 0.010 0.439 0.521 
 513 P _   0.005 0.021 0.000 0.007 0.003 0.013 0.437 0.512 
 514 P _   0.007 0.029 0.001 0.009 0.005 0.017 0.434 0.499 
 515 S _   0.010 0.040 0.001 0.010 0.008 0.022 0.430 0.479 
 516 F _   0.014 0.059 0.001 0.013 0.012 0.028 0.425 0.448 
 517 E X   0.019 0.087 0.001 0.017 0.018 0.034 0.419 0.406 
 518 E X   0.024 0.127 0.002 0.021 0.025 0.039 0.412 0.350 
 519 A X   0.027 0.174 0.002 0.025 0.032 0.042 0.406 0.291 
 520 T X   0.028 0.221 0.002 0.029 0.036 0.043 0.402 0.238 
 521 T X   0.029 0.262 0.002 0.033 0.037 0.042 0.399 0.195 
 522 A X   0.029 0.290 0.002 0.037 0.037 0.041 0.399 0.166 
 523 S X   0.028 0.307 0.002 0.039 0.036 0.038 0.401 0.148 
 524 I X   0.028 0.316 0.002 0.041 0.034 0.036 0.405 0.139 
 525 A X   0.026 0.318 0.002 0.041 0.032 0.033 0.411 0.137 
 526 T X   0.025 0.315 0.002 0.040 0.029 0.030 0.419 0.140 
 527 T X   0.023 0.305 0.002 0.038 0.026 0.027 0.430 0.149 
 528 L X   0.021 0.287 0.002 0.036 0.022 0.025 0.444 0.162 
 529 S X   0.020 0.260 0.002 0.033 0.019 0.022 0.462 0.182 
 530 S X   0.018 0.224 0.002 0.030 0.016 0.020 0.485 0.206 
 531 T X   0.016 0.182 0.002 0.026 0.013 0.017 0.511 0.232 
 532 S X   0.014 0.140 0.001 0.023 0.011 0.015 0.539 0.257 
 533 L X   0.012 0.102 0.001 0.019 0.008 0.013 0.567 0.278 
 534 S X   0.010 0.071 0.001 0.015 0.006 0.011 0.593 0.294 
 535 I X   0.008 0.048 0.001 0.011 0.004 0.009 0.615 0.304 
 536 P X   0.007 0.031 0.000 0.008 0.003 0.007 0.633 0.310 
 537 E X   0.005 0.021 0.000 0.006 0.002 0.006 0.647 0.312 
 538 R X   0.004 0.015 0.000 0.004 0.002 0.005 0.659 0.312 
 539 S X   0.003 0.011 0.000 0.003 0.001 0.004 0.667 0.310 
 540 P X   0.003 0.009 0.000 0.003 0.001 0.004 0.674 0.306 
 541 S X   0.003 0.008 0.000 0.003 0.001 0.003 0.680 0.302 
 542 E X   0.002 0.008 0.000 0.003 0.001 0.004 0.684 0.298 
 543 T X   0.002 0.008 0.000 0.004 0.001 0.004 0.688 0.293 
 544 S X   0.002 0.009 0.000 0.005 0.001 0.004 0.691 0.287 
 545 E X   0.003 0.011 0.000 0.007 0.002 0.005 0.693 0.279 
 546 Q X   0.003 0.012 0.000 0.009 0.002 0.006 0.696 0.272 
 547 P X   0.003 0.014 0.000 0.012 0.003 0.006 0.698 0.263 
 548 R X   0.003 0.016 0.000 0.015 0.003 0.007 0.702 0.255 
 549 Y X   0.003 0.017 0.000 0.017 0.003 0.007 0.706 0.247 
 550 R X   0.003 0.017 0.000 0.017 0.004 0.007 0.712 0.240 
 551 R X   0.003 0.017 0.000 0.017 0.003 0.006 0.719 0.235 
 552 R X   0.003 0.016 0.000 0.015 0.003 0.006 0.726 0.230 
 553 T X   0.003 0.014 0.000 0.013 0.003 0.005 0.735 0.226 
 554 Q X   0.003 0.012 0.000 0.011 0.002 0.004 0.745 0.223 
 555 S X   0.003 0.009 0.000 0.008 0.002 0.004 0.753 0.221 
 556 S X   0.002 0.007 0.000 0.006 0.001 0.003 0.761 0.219 
 557 G X   0.002 0.005 0.000 0.004 0.001 0.003 0.768 0.217 
 558 Q X   0.002 0.004 0.000 0.003 0.001 0.002 0.774 0.214 
 559 D X   0.002 0.003 0.000 0.002 0.001 0.002 0.778 0.213 
 560 G X   0.002 0.002 0.000 0.002 0.000 0.002 0.780 0.212 
 561 R X   0.001 0.002 0.000 0.002 0.000 0.002 0.782 0.211 
 562 P X   0.001 0.002 0.000 0.001 0.000 0.002 0.782 0.212 
 563 Q X   0.001 0.002 0.000 0.001 0.000 0.002 0.781 0.213 
 564 E X   0.001 0.002 0.000 0.002 0.000 0.002 0.778 0.214 
 565 E X   0.001 0.003 0.000 0.002 0.001 0.002 0.775 0.217 
 566 P X   0.001 0.004 0.000 0.002 0.001 0.003 0.769 0.219 
 567 P X   0.001 0.007 0.000 0.003 0.001 0.004 0.762 0.221 
 568 A X   0.002 0.013 0.000 0.005 0.002 0.005 0.752 0.221 
 569 E X   0.002 0.023 0.000 0.008 0.003 0.007 0.739 0.218 
 570 E X   0.003 0.039 0.001 0.011 0.004 0.009 0.723 0.210 
 571 D X   0.003 0.062 0.001 0.015 0.006 0.011 0.705 0.197 
 572 L X   0.003 0.089 0.001 0.019 0.007 0.012 0.687 0.181 
 573 Q X   0.004 0.115 0.001 0.023 0.008 0.013 0.671 0.166 
 574 Q X   0.004 0.138 0.001 0.025 0.009 0.014 0.658 0.152 
 575 I X   0.004 0.155 0.001 0.026 0.009 0.014 0.648 0.143 
 576 T X   0.004 0.167 0.001 0.026 0.010 0.015 0.641 0.137 
 577 V X   0.004 0.175 0.001 0.026 0.010 0.015 0.635 0.134 
 578 Q X   0.005 0.180 0.001 0.026 0.010 0.015 0.632 0.132 
 579 V X   0.005 0.182 0.001 0.025 0.011 0.015 0.630 0.132 
 580 E X   0.006 0.183 0.001 0.024 0.011 0.015 0.629 0.132 
 581 P X   0.006 0.182 0.001 0.023 0.011 0.014 0.629 0.133 
 582 A X   0.007 0.179 0.001 0.023 0.010 0.014 0.631 0.136 
 583 C X   0.007 0.175 0.001 0.023 0.010 0.013 0.633 0.139 
 584 S X   0.007 0.168 0.001 0.022 0.009 0.012 0.638 0.144 
 585 V X   0.007 0.159 0.001 0.021 0.008 0.011 0.643 0.150 
 586 E X   0.007 0.146 0.001 0.020 0.007 0.010 0.650 0.159 
 587 I X   0.006 0.130 0.001 0.018 0.006 0.009 0.659 0.170 
 588 V X   0.006 0.111 0.001 0.016 0.006 0.008 0.669 0.185 
 589 V X   0.006 0.090 0.001 0.013 0.005 0.007 0.679 0.200 
 590 P X   0.005 0.070 0.001 0.010 0.004 0.006 0.689 0.216 
 591 K X   0.004 0.053 0.000 0.007 0.003 0.005 0.699 0.228 
 592 E X   0.004 0.042 0.000 0.005 0.002 0.004 0.706 0.237 
 593 E X   0.003 0.035 0.000 0.004 0.001 0.004 0.711 0.242 
 594 D X   0.002 0.031 0.000 0.003 0.001 0.003 0.715 0.244 
 595 A X   0.002 0.029 0.000 0.002 0.001 0.003 0.718 0.245 
 596 G X   0.002 0.029 0.000 0.002 0.001 0.003 0.719 0.245 
 597 V X   0.002 0.029 0.000 0.002 0.001 0.003 0.719 0.244 
 598 E X   0.002 0.030 0.000 0.003 0.001 0.003 0.719 0.242 
 599 A X   0.002 0.033 0.000 0.004 0.001 0.004 0.717 0.238 
 600 S X   0.002 0.038 0.000 0.006 0.002 0.005 0.715 0.232 
 601 P X   0.002 0.046 0.000 0.008 0.002 0.006 0.712 0.222 
 602 A X   0.003 0.058 0.000 0.012 0.004 0.007 0.708 0.208 
 603 G X   0.003 0.073 0.001 0.018 0.005 0.008 0.703 0.189 
 604 A X   0.003 0.089 0.001 0.024 0.006 0.009 0.700 0.169 
 605 S X   0.003 0.101 0.001 0.030 0.007 0.010 0.698 0.151 
 606 A X   0.003 0.110 0.001 0.035 0.007 0.010 0.697 0.136 
 607 A X   0.003 0.114 0.001 0.039 0.008 0.010 0.699 0.126 
 608 V X   0.003 0.115 0.001 0.040 0.008 0.010 0.704 0.120 
 609 E X   0.003 0.113 0.001 0.039 0.007 0.009 0.710 0.118 
 610 V X   0.003 0.108 0.001 0.035 0.007 0.008 0.720 0.117 
 611 E X   0.003 0.098 0.001 0.030 0.006 0.008 0.733 0.120 
 612 T X   0.003 0.082 0.001 0.024 0.005 0.007 0.750 0.126 
 613 A X   0.003 0.063 0.001 0.018 0.005 0.006 0.771 0.133 
 614 S X   0.003 0.043 0.001 0.013 0.003 0.005 0.792 0.139 
 615 Q X   0.003 0.027 0.000 0.009 0.002 0.005 0.812 0.142 
 616 A X   0.002 0.017 0.000 0.006 0.002 0.004 0.827 0.142 
 617 S X   0.002 0.011 0.000 0.004 0.001 0.003 0.839 0.140 
 618 D X   0.002 0.008 0.000 0.003 0.001 0.003 0.848 0.136 
 619 E X   0.002 0.006 0.000 0.003 0.001 0.002 0.854 0.133 
 620 E X   0.001 0.005 0.000 0.002 0.001 0.002 0.859 0.129 
 621 G X   0.001 0.004 0.000 0.002 0.001 0.002 0.864 0.126 
 622 A X   0.001 0.004 0.000 0.002 0.001 0.002 0.867 0.124 
 623 P X   0.001 0.003 0.000 0.002 0.001 0.002 0.869 0.122 
 624 A X   0.001 0.003 0.000 0.002 0.001 0.002 0.871 0.120 
 625 S X   0.001 0.003 0.000 0.002 0.000 0.001 0.873 0.119 
 626 Q X   0.001 0.003 0.000 0.002 0.000 0.001 0.874 0.119 
 627 A X   0.001 0.003 0.000 0.002 0.000 0.001 0.874 0.119 
 628 S X   0.001 0.003 0.000 0.002 0.000 0.001 0.874 0.119 
 629 D X   0.001 0.003 0.000 0.002 0.000 0.001 0.874 0.119 
 630 E X   0.001 0.004 0.000 0.002 0.000 0.002 0.873 0.119 
 631 E X   0.001 0.004 0.000 0.002 0.001 0.002 0.872 0.119 
 632 D X   0.001 0.005 0.000 0.003 0.001 0.002 0.870 0.118 
 633 A X   0.001 0.007 0.000 0.003 0.001 0.002 0.868 0.117 
 634 P X   0.001 0.009 0.000 0.004 0.001 0.003 0.866 0.116 
 635 A X   0.001 0.012 0.000 0.006 0.001 0.003 0.863 0.113 
 636 T X   0.001 0.015 0.000 0.007 0.002 0.003 0.861 0.111 
 637 D X   0.001 0.017 0.000 0.008 0.002 0.004 0.860 0.109 
 638 I X   0.001 0.019 0.000 0.008 0.002 0.004 0.859 0.107 
 639 Y X   0.001 0.020 0.000 0.008 0.002 0.004 0.858 0.106 
 640 F X   0.001 0.021 0.000 0.008 0.002 0.004 0.858 0.105 
 641 P X   0.001 0.022 0.000 0.008 0.002 0.004 0.859 0.104 
 642 T X   0.001 0.022 0.000 0.007 0.002 0.004 0.860 0.102 
 643 D X   0.001 0.022 0.000 0.007 0.002 0.004 0.862 0.101 
 644 E X   0.001 0.022 0.000 0.007 0.002 0.004 0.864 0.099 
 645 R X   0.002 0.023 0.000 0.007 0.002 0.004 0.866 0.096 
 646 S X   0.002 0.023 0.000 0.007 0.002 0.004 0.868 0.093 
 647 W X   0.002 0.023 0.000 0.008 0.002 0.004 0.871 0.090 
 648 V X   0.002 0.023 0.000 0.009 0.002 0.004 0.874 0.086 
 649 Y X   0.002 0.022 0.000 0.009 0.002 0.004 0.878 0.082 
 650 S X   0.002 0.022 0.000 0.009 0.002 0.004 0.882 0.079 
 651 P X   0.002 0.021 0.000 0.009 0.002 0.004 0.887 0.075 
 652 L X   0.002 0.019 0.000 0.009 0.002 0.004 0.893 0.071 
 653 H X   0.001 0.017 0.000 0.009 0.002 0.003 0.899 0.068 
 654 Y X   0.001 0.015 0.000 0.008 0.002 0.003 0.906 0.064 
 655 S X   0.001 0.012 0.000 0.007 0.002 0.003 0.914 0.061 
 656 A X   0.001 0.010 0.000 0.006 0.001 0.002 0.922 0.057 
 657 Q X   0.001 0.007 0.000 0.005 0.001 0.002 0.930 0.054 
 658 A X   0.001 0.005 0.000 0.003 0.001 0.002 0.937 0.051 
 659 P X   0.001 0.004 0.000 0.003 0.001 0.001 0.943 0.048 
 660 P X   0.001 0.002 0.000 0.002 0.000 0.001 0.948 0.046 
 661 A X   0.001 0.002 0.000 0.001 0.000 0.001 0.951 0.044 
 662 S X   0.000 0.001 0.000 0.001 0.000 0.001 0.954 0.042 
 663 D X   0.000 0.001 0.000 0.001 0.000 0.000 0.957 0.041 
