#TopoPred_TM8: 8-state transmembrane topology prediction results by no_profile mode 
#probabilities are in the order of H E C I L F X _, the 8 transmembrane topology types used in PDBTM 
   1 M X   0.014 0.001 0.002 0.035 0.008 0.009 0.612 0.320 
   2 P X   0.003 0.000 0.000 0.015 0.001 0.004 0.623 0.353 
   3 D X   0.001 0.000 0.000 0.008 0.000 0.002 0.623 0.365 
   4 P X   0.001 0.001 0.000 0.007 0.001 0.004 0.617 0.370 
   5 A X   0.003 0.003 0.000 0.010 0.002 0.009 0.603 0.371 
   6 A X   0.006 0.008 0.001 0.018 0.005 0.017 0.579 0.367 
   7 H X   0.010 0.021 0.001 0.031 0.008 0.026 0.547 0.355 
   8 L X   0.013 0.042 0.001 0.050 0.013 0.033 0.506 0.341 
   9 P X   0.014 0.066 0.002 0.071 0.017 0.036 0.462 0.331 
  10 F X   0.013 0.085 0.002 0.087 0.021 0.038 0.422 0.332 
  11 F X   0.012 0.096 0.002 0.095 0.023 0.038 0.390 0.344 
  12 Y _   0.012 0.100 0.002 0.094 0.024 0.037 0.365 0.367 
  13 G _   0.012 0.099 0.002 0.087 0.023 0.035 0.344 0.397 
  14 S _   0.012 0.094 0.002 0.074 0.021 0.033 0.328 0.436 
  15 I _   0.013 0.083 0.002 0.059 0.018 0.031 0.315 0.479 
  16 S _   0.013 0.068 0.001 0.043 0.015 0.029 0.304 0.526 
  17 R _   0.014 0.050 0.001 0.030 0.012 0.027 0.293 0.571 
  18 A _   0.015 0.033 0.001 0.020 0.009 0.025 0.284 0.612 
  19 E _   0.016 0.020 0.001 0.014 0.007 0.024 0.274 0.643 
  20 A _   0.018 0.012 0.001 0.009 0.006 0.024 0.265 0.665 
  21 E _   0.020 0.007 0.001 0.007 0.006 0.025 0.254 0.680 
  22 E _   0.025 0.005 0.001 0.006 0.006 0.026 0.243 0.688 
  23 H _   0.032 0.003 0.001 0.006 0.007 0.029 0.231 0.691 
  24 L _   0.042 0.003 0.001 0.007 0.009 0.032 0.219 0.688 
  25 K _   0.055 0.002 0.001 0.008 0.012 0.036 0.207 0.680 
  26 L _   0.070 0.002 0.001 0.009 0.015 0.040 0.194 0.668 
  27 A _   0.088 0.003 0.001 0.011 0.019 0.044 0.182 0.652 
  28 G _   0.107 0.003 0.002 0.012 0.023 0.047 0.170 0.636 
  29 M _   0.127 0.003 0.002 0.013 0.026 0.049 0.159 0.620 
  30 A _   0.147 0.003 0.002 0.014 0.029 0.050 0.149 0.606 
  31 D _   0.166 0.003 0.002 0.014 0.030 0.051 0.140 0.595 
  32 G _   0.184 0.003 0.002 0.013 0.029 0.050 0.132 0.588 
  33 L _   0.198 0.002 0.002 0.012 0.027 0.048 0.126 0.586 
  34 F _   0.209 0.002 0.002 0.009 0.024 0.045 0.120 0.589 
  35 L _   0.217 0.001 0.001 0.007 0.021 0.042 0.115 0.595 
  36 L _   0.223 0.001 0.001 0.005 0.017 0.039 0.110 0.603 
  37 R _   0.228 0.000 0.001 0.004 0.014 0.037 0.106 0.610 
  38 Q _   0.231 0.000 0.001 0.003 0.012 0.035 0.103 0.616 
  39 C _   0.235 0.000 0.001 0.002 0.011 0.034 0.099 0.617 
  40 L _   0.242 0.000 0.001 0.002 0.011 0.034 0.096 0.614 
  41 R _   0.251 0.000 0.001 0.002 0.011 0.034 0.094 0.607 
  42 S _   0.261 0.000 0.001 0.002 0.013 0.036 0.092 0.595 
  43 L _   0.271 0.000 0.001 0.003 0.016 0.038 0.090 0.580 
  44 G _   0.280 0.000 0.001 0.004 0.020 0.040 0.088 0.566 
  45 G _   0.285 0.001 0.002 0.006 0.024 0.041 0.087 0.554 
  46 Y _   0.285 0.001 0.002 0.009 0.028 0.042 0.087 0.547 
  47 V _   0.280 0.002 0.002 0.011 0.030 0.042 0.087 0.547 
  48 L _   0.268 0.002 0.002 0.012 0.030 0.041 0.087 0.556 
  49 S _   0.250 0.003 0.002 0.013 0.029 0.040 0.088 0.576 
  50 L _   0.225 0.002 0.002 0.012 0.026 0.037 0.090 0.605 
  51 V _   0.198 0.002 0.002 0.011 0.022 0.034 0.092 0.639 
  52 H _   0.169 0.002 0.001 0.010 0.018 0.031 0.093 0.675 
  53 D _   0.140 0.002 0.001 0.008 0.015 0.028 0.095 0.710 
  54 V _   0.114 0.001 0.001 0.008 0.012 0.025 0.098 0.742 
  55 R _   0.090 0.001 0.001 0.007 0.009 0.023 0.099 0.769 
  56 F _   0.071 0.001 0.001 0.007 0.008 0.021 0.101 0.791 
  57 H _   0.055 0.001 0.001 0.007 0.007 0.019 0.103 0.807 
  58 H _   0.044 0.002 0.001 0.007 0.006 0.017 0.104 0.820 
  59 F _   0.034 0.003 0.001 0.007 0.006 0.016 0.105 0.829 
  60 P _   0.028 0.004 0.001 0.007 0.005 0.015 0.106 0.834 
  61 I _   0.023 0.005 0.001 0.008 0.005 0.015 0.107 0.837 
  62 E _   0.020 0.007 0.001 0.008 0.005 0.015 0.107 0.837 
  63 R _   0.018 0.010 0.001 0.009 0.006 0.015 0.108 0.834 
  64 Q _   0.016 0.014 0.001 0.011 0.006 0.015 0.108 0.830 
  65 L _   0.015 0.018 0.001 0.013 0.007 0.015 0.108 0.823 
  66 N _   0.014 0.024 0.001 0.016 0.007 0.015 0.109 0.815 
  67 G _   0.013 0.030 0.001 0.018 0.008 0.015 0.109 0.806 
  68 T _   0.012 0.035 0.001 0.020 0.008 0.015 0.110 0.800 
  69 Y _   0.012 0.039 0.001 0.021 0.008 0.014 0.111 0.795 
  70 A _   0.011 0.042 0.001 0.020 0.007 0.013 0.112 0.793 
  71 I _   0.010 0.044 0.001 0.019 0.006 0.013 0.114 0.794 
  72 A _   0.009 0.045 0.001 0.016 0.006 0.012 0.115 0.796 
  73 G _   0.008 0.046 0.001 0.014 0.005 0.011 0.117 0.799 
  74 G _   0.008 0.046 0.000 0.011 0.004 0.011 0.118 0.801 
  75 K _   0.007 0.048 0.000 0.010 0.004 0.011 0.119 0.801 
  76 A _   0.007 0.050 0.000 0.010 0.004 0.011 0.120 0.797 
  77 H _   0.007 0.054 0.001 0.012 0.004 0.012 0.121 0.788 
  78 C _   0.008 0.060 0.001 0.016 0.005 0.013 0.122 0.774 
  79 G _   0.009 0.070 0.001 0.022 0.007 0.015 0.123 0.754 
  80 P _   0.009 0.081 0.001 0.029 0.009 0.016 0.124 0.731 
  81 A _   0.010 0.090 0.001 0.037 0.010 0.017 0.125 0.709 
  82 E _   0.011 0.096 0.001 0.043 0.011 0.017 0.128 0.693 
  83 L _   0.010 0.099 0.001 0.047 0.011 0.017 0.131 0.684 
  84 C _   0.010 0.097 0.001 0.046 0.011 0.016 0.135 0.684 
  85 E _   0.009 0.091 0.001 0.042 0.010 0.014 0.140 0.692 
  86 F _   0.009 0.081 0.001 0.035 0.008 0.013 0.147 0.707 
  87 Y _   0.008 0.066 0.001 0.026 0.006 0.011 0.154 0.728 
  88 S _   0.008 0.048 0.001 0.019 0.005 0.009 0.161 0.750 
  89 R _   0.007 0.033 0.000 0.013 0.003 0.008 0.167 0.768 
  90 D _   0.006 0.022 0.000 0.009 0.002 0.007 0.173 0.780 
  91 P _   0.006 0.015 0.000 0.006 0.002 0.006 0.177 0.787 
  92 D _   0.006 0.012 0.000 0.005 0.002 0.006 0.180 0.789 
  93 G _   0.006 0.010 0.000 0.006 0.002 0.006 0.183 0.788 
  94 L _   0.006 0.009 0.000 0.006 0.002 0.006 0.185 0.786 
  95 P _   0.006 0.009 0.000 0.008 0.002 0.007 0.186 0.783 
  96 C _   0.006 0.009 0.000 0.009 0.002 0.007 0.187 0.780 
  97 N _   0.006 0.009 0.000 0.010 0.002 0.007 0.187 0.778 
  98 L _   0.006 0.009 0.000 0.010 0.002 0.007 0.187 0.778 
  99 R _   0.005 0.009 0.000 0.010 0.002 0.007 0.187 0.780 
 100 K _   0.005 0.009 0.000 0.009 0.002 0.006 0.186 0.782 
 101 P _   0.004 0.009 0.000 0.008 0.002 0.006 0.185 0.786 
 102 C _   0.004 0.009 0.000 0.007 0.002 0.005 0.183 0.790 
 103 N _   0.004 0.009 0.000 0.006 0.002 0.005 0.181 0.793 
 104 R _   0.004 0.010 0.000 0.005 0.002 0.005 0.178 0.796 
 105 P _   0.004 0.011 0.000 0.005 0.002 0.006 0.175 0.797 
 106 S _   0.004 0.014 0.000 0.006 0.002 0.007 0.171 0.797 
 107 G _   0.004 0.018 0.000 0.007 0.002 0.008 0.166 0.794 
 108 L _   0.005 0.025 0.000 0.010 0.003 0.009 0.160 0.788 
 109 E _   0.005 0.036 0.001 0.013 0.004 0.011 0.154 0.777 
 110 P _   0.006 0.051 0.001 0.017 0.005 0.014 0.146 0.761 
 111 Q _   0.006 0.069 0.001 0.021 0.007 0.016 0.138 0.742 
 112 P _   0.007 0.089 0.001 0.026 0.009 0.018 0.130 0.720 
 113 G _   0.008 0.107 0.001 0.031 0.010 0.020 0.123 0.700 
 114 V _   0.009 0.122 0.001 0.036 0.012 0.022 0.116 0.682 
 115 F _   0.010 0.133 0.001 0.039 0.013 0.023 0.111 0.669 
 116 D _   0.010 0.140 0.001 0.041 0.014 0.024 0.107 0.663 
 117 C _   0.011 0.143 0.001 0.040 0.015 0.025 0.103 0.661 
 118 L _   0.012 0.143 0.001 0.039 0.015 0.025 0.100 0.664 
 119 R _   0.013 0.140 0.001 0.036 0.015 0.025 0.098 0.672 
 120 D _   0.014 0.133 0.001 0.032 0.014 0.024 0.096 0.685 
 121 A _   0.015 0.124 0.001 0.028 0.013 0.024 0.095 0.700 
 122 M _   0.016 0.113 0.001 0.024 0.012 0.023 0.094 0.717 
 123 V _   0.016 0.101 0.001 0.021 0.011 0.022 0.093 0.736 
 124 R _   0.017 0.088 0.001 0.018 0.010 0.021 0.093 0.753 
 125 D _   0.017 0.075 0.001 0.015 0.009 0.020 0.092 0.771 
 126 Y _   0.016 0.064 0.001 0.013 0.008 0.019 0.092 0.787 
 127 V _   0.016 0.055 0.001 0.012 0.007 0.019 0.091 0.800 
 128 R _   0.015 0.047 0.001 0.011 0.006 0.018 0.091 0.811 
 129 Q _   0.015 0.041 0.001 0.010 0.006 0.018 0.090 0.819 
 130 T _   0.014 0.037 0.001 0.009 0.006 0.018 0.090 0.826 
 131 W _   0.014 0.034 0.001 0.009 0.006 0.018 0.089 0.830 
 132 K _   0.014 0.032 0.001 0.009 0.006 0.018 0.088 0.832 
 133 L _   0.015 0.032 0.001 0.010 0.006 0.019 0.087 0.831 
 134 E _   0.016 0.032 0.001 0.011 0.007 0.020 0.086 0.828 
 135 G _   0.017 0.032 0.001 0.012 0.008 0.021 0.085 0.824 
 136 E _   0.018 0.033 0.001 0.014 0.009 0.022 0.084 0.819 
 137 A _   0.020 0.034 0.001 0.016 0.010 0.024 0.083 0.813 
 138 L _   0.022 0.034 0.001 0.017 0.011 0.024 0.082 0.808 
 139 E _   0.023 0.034 0.001 0.017 0.011 0.025 0.081 0.806 
 140 Q _   0.024 0.034 0.001 0.017 0.011 0.025 0.081 0.805 
 141 A _   0.025 0.033 0.001 0.016 0.011 0.026 0.081 0.807 
 142 I _   0.026 0.031 0.001 0.015 0.011 0.026 0.081 0.809 
 143 I _   0.027 0.029 0.001 0.013 0.010 0.026 0.082 0.813 
 144 S _   0.029 0.028 0.001 0.011 0.009 0.026 0.082 0.815 
 145 Q _   0.029 0.027 0.001 0.010 0.009 0.026 0.082 0.816 
 146 A _   0.030 0.026 0.001 0.009 0.009 0.027 0.082 0.815 
 147 P _   0.032 0.027 0.001 0.009 0.010 0.028 0.083 0.811 
 148 Q _   0.033 0.029 0.001 0.010 0.011 0.029 0.083 0.804 
 149 V _   0.034 0.032 0.001 0.012 0.012 0.031 0.083 0.794 
 150 E _   0.036 0.037 0.001 0.016 0.014 0.032 0.084 0.781 
 151 K _   0.037 0.043 0.001 0.019 0.015 0.032 0.084 0.768 
 152 L _   0.037 0.049 0.001 0.023 0.017 0.032 0.085 0.756 
 153 I _   0.036 0.054 0.001 0.027 0.018 0.032 0.086 0.746 
 154 A _   0.034 0.057 0.001 0.030 0.018 0.030 0.087 0.742 
 155 T _   0.032 0.058 0.001 0.031 0.017 0.029 0.089 0.743 
 156 T _   0.030 0.057 0.001 0.031 0.016 0.026 0.091 0.748 
 157 A _   0.027 0.054 0.001 0.029 0.014 0.024 0.094 0.757 
 158 H _   0.024 0.050 0.001 0.026 0.012 0.021 0.097 0.771 
 159 E _   0.021 0.043 0.001 0.021 0.009 0.018 0.100 0.786 
 160 R _   0.018 0.035 0.001 0.017 0.007 0.015 0.103 0.803 
 161 M _   0.016 0.028 0.001 0.013 0.005 0.013 0.106 0.818 
 162 P _   0.013 0.021 0.001 0.010 0.004 0.011 0.109 0.831 
 163 W _   0.011 0.016 0.000 0.008 0.003 0.009 0.112 0.840 
 164 Y _   0.010 0.013 0.000 0.006 0.003 0.008 0.113 0.846 
 165 H _   0.009 0.011 0.000 0.005 0.002 0.008 0.115 0.850 
 166 S _   0.008 0.010 0.000 0.005 0.002 0.007 0.116 0.851 
 167 S _   0.007 0.010 0.000 0.006 0.002 0.007 0.117 0.850 
 168 L _   0.007 0.010 0.000 0.007 0.002 0.007 0.117 0.849 
 169 T _   0.007 0.011 0.000 0.007 0.003 0.008 0.117 0.847 
 170 R _   0.007 0.012 0.000 0.009 0.003 0.008 0.117 0.844 
 171 E _   0.006 0.014 0.000 0.010 0.003 0.008 0.117 0.840 
 172 E _   0.006 0.016 0.000 0.012 0.004 0.009 0.116 0.836 
 173 A _   0.006 0.019 0.000 0.013 0.004 0.009 0.116 0.833 
 174 E _   0.006 0.021 0.000 0.014 0.004 0.009 0.115 0.830 
 175 R _   0.006 0.022 0.000 0.014 0.004 0.009 0.115 0.828 
 176 K _   0.006 0.024 0.000 0.014 0.004 0.009 0.115 0.827 
 177 L _   0.006 0.025 0.000 0.014 0.004 0.009 0.115 0.826 
 178 Y _   0.006 0.025 0.000 0.014 0.004 0.009 0.115 0.827 
 179 S _   0.006 0.026 0.000 0.013 0.004 0.008 0.115 0.827 
 180 G _   0.006 0.026 0.000 0.013 0.004 0.008 0.116 0.827 
 181 A _   0.006 0.026 0.000 0.012 0.003 0.008 0.116 0.828 
 182 Q _   0.006 0.026 0.000 0.012 0.003 0.008 0.116 0.828 
 183 T _   0.006 0.026 0.000 0.011 0.003 0.008 0.117 0.828 
 184 D _   0.006 0.026 0.000 0.011 0.003 0.008 0.117 0.828 
 185 G _   0.006 0.026 0.000 0.011 0.003 0.008 0.118 0.828 
 186 K _   0.006 0.026 0.000 0.010 0.003 0.008 0.118 0.828 
 187 F _   0.006 0.027 0.000 0.010 0.003 0.008 0.118 0.829 
 188 L _   0.006 0.027 0.000 0.009 0.003 0.008 0.118 0.829 
 189 L _   0.006 0.028 0.000 0.009 0.003 0.008 0.118 0.829 
 190 R _   0.005 0.029 0.000 0.008 0.003 0.008 0.117 0.829 
 191 P _   0.005 0.031 0.000 0.008 0.003 0.009 0.116 0.828 
 192 R _   0.006 0.034 0.000 0.007 0.003 0.010 0.115 0.825 
 193 K _   0.006 0.038 0.000 0.008 0.003 0.011 0.114 0.819 
 194 E _   0.007 0.045 0.000 0.009 0.004 0.013 0.113 0.809 
 195 Q _   0.008 0.056 0.001 0.011 0.005 0.016 0.111 0.793 
 196 G _   0.010 0.073 0.001 0.014 0.007 0.019 0.108 0.768 
 197 T _   0.012 0.097 0.001 0.018 0.010 0.022 0.105 0.735 
 198 Y _   0.013 0.127 0.001 0.023 0.013 0.025 0.102 0.695 
 199 A _   0.015 0.161 0.001 0.028 0.016 0.028 0.099 0.651 
 200 L _   0.017 0.194 0.002 0.033 0.018 0.030 0.097 0.610 
 201 S _   0.018 0.221 0.002 0.038 0.021 0.032 0.095 0.575 
 202 L _   0.019 0.242 0.002 0.042 0.022 0.033 0.093 0.548 
 203 I _   0.020 0.256 0.002 0.045 0.024 0.033 0.092 0.529 
 204 Y _   0.021 0.265 0.002 0.047 0.024 0.032 0.092 0.516 
 205 G _   0.022 0.269 0.002 0.048 0.024 0.032 0.093 0.511 
 206 K _   0.022 0.268 0.002 0.049 0.023 0.030 0.094 0.512 
 207 T _   0.022 0.262 0.002 0.048 0.022 0.028 0.096 0.521 
 208 V _   0.021 0.250 0.002 0.045 0.020 0.026 0.099 0.537 
 209 Y _   0.020 0.231 0.002 0.041 0.017 0.024 0.102 0.562 
 210 H _   0.019 0.204 0.002 0.037 0.015 0.021 0.107 0.596 
 211 Y _   0.017 0.168 0.001 0.031 0.012 0.019 0.112 0.639 
 212 L _   0.016 0.129 0.001 0.024 0.010 0.016 0.118 0.687 
 213 I _   0.014 0.091 0.001 0.018 0.007 0.014 0.123 0.733 
 214 S _   0.012 0.061 0.001 0.012 0.005 0.012 0.127 0.771 
 215 Q _   0.010 0.041 0.001 0.008 0.004 0.010 0.130 0.797 
 216 D _   0.008 0.030 0.000 0.006 0.003 0.009 0.132 0.812 
 217 K _   0.007 0.024 0.000 0.005 0.002 0.008 0.133 0.820 
 218 A _   0.006 0.022 0.000 0.004 0.002 0.008 0.134 0.823 
 219 G _   0.006 0.021 0.000 0.005 0.002 0.009 0.135 0.822 
 220 K _   0.007 0.021 0.000 0.006 0.003 0.010 0.135 0.819 
 221 Y _   0.007 0.023 0.000 0.007 0.003 0.011 0.135 0.814 
 222 C _   0.008 0.026 0.000 0.008 0.004 0.012 0.134 0.807 
 223 I _   0.008 0.030 0.001 0.010 0.004 0.014 0.133 0.799 
 224 P _   0.009 0.035 0.001 0.011 0.005 0.016 0.132 0.790 
 225 E _   0.011 0.041 0.001 0.012 0.006 0.019 0.132 0.780 
 226 G _   0.012 0.047 0.001 0.013 0.007 0.022 0.130 0.768 
 227 T _   0.015 0.054 0.001 0.014 0.009 0.025 0.129 0.753 
 228 K _   0.017 0.063 0.001 0.016 0.012 0.029 0.128 0.734 
 229 F _   0.020 0.074 0.001 0.019 0.015 0.033 0.127 0.711 
 230 D _   0.023 0.086 0.001 0.023 0.019 0.036 0.127 0.685 
 231 T _   0.026 0.100 0.002 0.029 0.022 0.039 0.126 0.657 
 232 L _   0.027 0.112 0.002 0.035 0.024 0.040 0.126 0.634 
 233 W _   0.029 0.120 0.002 0.039 0.025 0.040 0.127 0.617 
 234 Q _   0.030 0.125 0.002 0.041 0.025 0.040 0.129 0.609 
 235 L _   0.030 0.125 0.002 0.040 0.024 0.038 0.131 0.610 
 236 V _   0.029 0.122 0.002 0.037 0.022 0.036 0.134 0.618 
 237 E _   0.028 0.115 0.002 0.032 0.019 0.033 0.138 0.633 
 238 Y _   0.027 0.104 0.001 0.025 0.016 0.031 0.141 0.654 
 239 L _   0.026 0.092 0.001 0.019 0.013 0.029 0.145 0.675 
 240 K _   0.025 0.081 0.001 0.014 0.011 0.027 0.150 0.692 
 241 L _   0.024 0.073 0.001 0.011 0.009 0.026 0.153 0.704 
 242 K _   0.023 0.069 0.001 0.010 0.008 0.025 0.157 0.708 
 243 A _   0.023 0.067 0.001 0.010 0.008 0.025 0.160 0.706 
 244 D _   0.022 0.068 0.001 0.013 0.009 0.025 0.163 0.699 
 245 G _   0.023 0.071 0.001 0.017 0.010 0.025 0.166 0.687 
 246 L _   0.022 0.076 0.001 0.023 0.011 0.024 0.170 0.672 
 247 I _   0.022 0.079 0.001 0.029 0.012 0.024 0.174 0.659 
 248 Y _   0.021 0.081 0.001 0.034 0.013 0.022 0.178 0.650 
 249 C _   0.019 0.080 0.001 0.036 0.012 0.021 0.183 0.648 
 250 L _   0.017 0.076 0.001 0.035 0.011 0.018 0.189 0.652 
 251 K _   0.015 0.069 0.001 0.030 0.009 0.016 0.196 0.664 
 252 E _   0.012 0.059 0.001 0.024 0.007 0.013 0.203 0.680 
 253 A _   0.010 0.047 0.001 0.018 0.005 0.011 0.210 0.698 
 254 C _   0.008 0.036 0.000 0.012 0.003 0.008 0.217 0.715 
 255 P _   0.007 0.028 0.000 0.007 0.002 0.007 0.221 0.727 
 256 N _   0.005 0.023 0.000 0.005 0.002 0.006 0.225 0.734 
 257 S _   0.004 0.021 0.000 0.004 0.001 0.005 0.228 0.737 
 258 S _   0.004 0.020 0.000 0.004 0.001 0.005 0.229 0.736 
 259 A _   0.004 0.021 0.000 0.004 0.001 0.005 0.230 0.734 
 260 S _   0.004 0.024 0.000 0.006 0.002 0.006 0.230 0.728 
 261 N _   0.004 0.029 0.000 0.008 0.002 0.007 0.230 0.718 
 262 A _   0.004 0.038 0.000 0.012 0.003 0.008 0.229 0.704 
 263 S _   0.005 0.049 0.001 0.017 0.004 0.010 0.228 0.687 
 264 G _   0.005 0.062 0.001 0.022 0.005 0.011 0.227 0.669 
 265 A _   0.005 0.073 0.001 0.026 0.006 0.012 0.226 0.651 
 266 A _   0.005 0.081 0.001 0.030 0.007 0.012 0.226 0.638 
 267 A _   0.006 0.087 0.001 0.032 0.007 0.013 0.227 0.628 
 268 P _   0.006 0.089 0.001 0.032 0.007 0.013 0.229 0.623 
 269 T _   0.006 0.090 0.001 0.030 0.007 0.012 0.232 0.622 
 270 L _   0.006 0.088 0.001 0.027 0.007 0.012 0.236 0.623 
 271 P _   0.006 0.085 0.001 0.024 0.006 0.011 0.241 0.626 
 272 A _   0.006 0.080 0.001 0.020 0.005 0.011 0.247 0.630 
 273 H _   0.006 0.074 0.001 0.017 0.005 0.011 0.253 0.634 
 274 P _   0.006 0.068 0.001 0.015 0.004 0.010 0.259 0.637 
 275 S _   0.006 0.063 0.000 0.013 0.004 0.010 0.265 0.638 
 276 T _   0.006 0.059 0.000 0.012 0.004 0.010 0.271 0.638 
 277 L _   0.006 0.056 0.000 0.012 0.004 0.010 0.276 0.635 
 278 T _   0.006 0.054 0.000 0.013 0.004 0.010 0.282 0.631 
 279 H _   0.006 0.052 0.001 0.015 0.004 0.010 0.288 0.625 
 280 P _   0.006 0.050 0.001 0.016 0.005 0.010 0.294 0.619 
 281 Q _   0.006 0.048 0.001 0.018 0.005 0.010 0.300 0.613 
 282 R _   0.006 0.045 0.001 0.018 0.005 0.009 0.307 0.609 
 283 R _   0.006 0.041 0.001 0.018 0.005 0.009 0.315 0.607 
 284 I _   0.006 0.036 0.001 0.016 0.004 0.008 0.323 0.607 
 285 D _   0.005 0.030 0.000 0.014 0.004 0.007 0.332 0.608 
 286 T _   0.005 0.024 0.000 0.011 0.003 0.006 0.340 0.611 
 287 L _   0.005 0.018 0.000 0.008 0.002 0.006 0.347 0.613 
 288 N _   0.004 0.014 0.000 0.006 0.002 0.005 0.354 0.614 
 289 S _   0.004 0.011 0.000 0.005 0.002 0.005 0.360 0.613 
 290 D _   0.004 0.009 0.000 0.005 0.002 0.005 0.365 0.610 
 291 G _   0.004 0.008 0.000 0.005 0.002 0.005 0.369 0.607 
 292 Y _   0.004 0.008 0.000 0.006 0.002 0.005 0.373 0.602 
 293 T _   0.004 0.008 0.000 0.007 0.002 0.006 0.376 0.596 
 294 P _   0.005 0.008 0.000 0.009 0.002 0.006 0.379 0.590 
 295 E _   0.005 0.009 0.000 0.011 0.003 0.007 0.381 0.585 
 296 P _   0.005 0.009 0.000 0.012 0.003 0.007 0.384 0.581 
 297 A _   0.005 0.009 0.000 0.012 0.003 0.007 0.387 0.578 
 298 R _   0.004 0.008 0.000 0.011 0.003 0.006 0.389 0.578 
 299 I _   0.004 0.007 0.000 0.010 0.002 0.005 0.391 0.580 
 300 T _   0.003 0.006 0.000 0.008 0.002 0.005 0.393 0.582 
 301 S _   0.003 0.005 0.000 0.006 0.001 0.004 0.395 0.585 
 302 P _   0.003 0.005 0.000 0.004 0.001 0.004 0.396 0.587 
 303 D _   0.003 0.005 0.000 0.004 0.001 0.004 0.396 0.588 
 304 K _   0.003 0.005 0.000 0.004 0.001 0.004 0.395 0.587 
 305 P _   0.003 0.006 0.000 0.005 0.001 0.005 0.394 0.585 
 306 R _   0.003 0.008 0.000 0.007 0.002 0.006 0.393 0.581 
 307 P _   0.004 0.011 0.000 0.011 0.003 0.007 0.391 0.574 
 308 M _   0.004 0.014 0.000 0.016 0.003 0.009 0.388 0.565 
 309 P _   0.005 0.018 0.000 0.021 0.004 0.010 0.386 0.555 
 310 M _   0.005 0.021 0.001 0.026 0.005 0.010 0.384 0.548 
 311 D _   0.005 0.023 0.001 0.028 0.005 0.010 0.383 0.544 
 312 T _   0.005 0.024 0.001 0.028 0.005 0.010 0.383 0.544 
 313 S _   0.005 0.023 0.001 0.026 0.005 0.009 0.384 0.548 
 314 V _   0.005 0.020 0.000 0.022 0.004 0.008 0.386 0.554 
 315 Y _   0.005 0.017 0.000 0.017 0.003 0.007 0.388 0.563 
 316 E _   0.004 0.013 0.000 0.013 0.002 0.006 0.390 0.571 
 317 S _   0.004 0.010 0.000 0.009 0.002 0.005 0.391 0.579 
 318 P _   0.004 0.007 0.000 0.006 0.001 0.005 0.392 0.585 
 319 Y _   0.004 0.005 0.000 0.005 0.001 0.004 0.391 0.590 
 320 S _   0.003 0.004 0.000 0.004 0.001 0.004 0.390 0.594 
 321 D _   0.003 0.003 0.000 0.003 0.001 0.004 0.387 0.599 
 322 P _   0.003 0.003 0.000 0.003 0.001 0.004 0.383 0.603 
 323 E _   0.003 0.003 0.000 0.004 0.001 0.004 0.377 0.608 
 324 E _   0.003 0.004 0.000 0.005 0.001 0.004 0.370 0.613 
 325 L _   0.003 0.004 0.000 0.006 0.002 0.005 0.361 0.619 
 326 K _   0.003 0.006 0.000 0.007 0.002 0.006 0.351 0.625 
 327 D _   0.003 0.008 0.000 0.009 0.002 0.007 0.339 0.632 
 328 K _   0.003 0.011 0.000 0.011 0.003 0.008 0.326 0.638 
 329 K _   0.003 0.014 0.000 0.013 0.003 0.009 0.312 0.645 
 330 L _   0.004 0.017 0.001 0.015 0.004 0.010 0.298 0.652 
 331 F _   0.004 0.021 0.001 0.016 0.004 0.011 0.284 0.659 
 332 L _   0.004 0.025 0.001 0.017 0.005 0.013 0.270 0.666 
 333 K _   0.005 0.028 0.001 0.017 0.005 0.014 0.257 0.672 
 334 R _   0.006 0.032 0.001 0.018 0.006 0.016 0.245 0.677 
 335 D _   0.007 0.035 0.001 0.019 0.007 0.018 0.233 0.680 
 336 N _   0.008 0.040 0.001 0.021 0.009 0.021 0.221 0.681 
 337 L _   0.010 0.044 0.001 0.023 0.010 0.023 0.209 0.679 
 338 L _   0.012 0.049 0.001 0.026 0.012 0.026 0.198 0.677 
 339 I _   0.014 0.053 0.001 0.029 0.014 0.028 0.188 0.673 
 340 A _   0.017 0.056 0.001 0.031 0.016 0.030 0.179 0.670 
 341 D _   0.019 0.058 0.001 0.032 0.017 0.031 0.171 0.672 
 342 I _   0.021 0.058 0.001 0.031 0.017 0.031 0.163 0.677 
 343 E _   0.023 0.057 0.001 0.029 0.016 0.031 0.157 0.686 
 344 L _   0.024 0.054 0.001 0.025 0.015 0.030 0.152 0.699 
 345 G _   0.025 0.049 0.001 0.021 0.014 0.029 0.146 0.715 
 346 C _   0.025 0.044 0.001 0.017 0.012 0.029 0.142 0.731 
 347 G _   0.025 0.039 0.001 0.013 0.011 0.028 0.137 0.745 
 348 N _   0.026 0.036 0.001 0.011 0.010 0.028 0.133 0.755 
 349 F _   0.026 0.034 0.001 0.011 0.010 0.027 0.129 0.762 
 350 G _   0.027 0.033 0.001 0.011 0.010 0.028 0.126 0.765 
 351 S _   0.028 0.033 0.001 0.012 0.011 0.028 0.122 0.765 
 352 V _   0.027 0.034 0.001 0.014 0.012 0.028 0.118 0.765 
 353 R _   0.027 0.035 0.001 0.017 0.012 0.027 0.115 0.766 
 354 Q _   0.026 0.036 0.001 0.019 0.012 0.026 0.112 0.767 
 355 G _   0.025 0.037 0.001 0.020 0.012 0.025 0.109 0.771 
 356 V _   0.023 0.036 0.001 0.019 0.011 0.024 0.107 0.778 
 357 Y _   0.022 0.035 0.001 0.018 0.010 0.022 0.104 0.788 
 358 R _   0.020 0.033 0.001 0.016 0.009 0.021 0.102 0.799 
 359 M _   0.019 0.030 0.001 0.013 0.008 0.019 0.100 0.810 
 360 R _   0.018 0.028 0.001 0.011 0.007 0.018 0.098 0.819 
 361 K _   0.017 0.027 0.001 0.009 0.006 0.017 0.097 0.827 
 362 K _   0.016 0.026 0.001 0.009 0.006 0.017 0.095 0.830 
 363 Q _   0.016 0.027 0.001 0.009 0.006 0.017 0.093 0.831 
 364 I _   0.016 0.029 0.001 0.011 0.007 0.018 0.091 0.827 
 365 D _   0.017 0.032 0.001 0.015 0.008 0.018 0.089 0.820 
 366 V _   0.018 0.036 0.001 0.019 0.009 0.018 0.087 0.811 
 367 A _   0.018 0.040 0.001 0.024 0.010 0.019 0.085 0.803 
 368 I _   0.018 0.042 0.001 0.028 0.010 0.018 0.084 0.799 
 369 K _   0.017 0.043 0.001 0.030 0.010 0.018 0.083 0.799 
 370 V _   0.016 0.042 0.001 0.029 0.009 0.016 0.082 0.805 
 371 L _   0.014 0.038 0.001 0.025 0.008 0.014 0.082 0.818 
 372 K _   0.012 0.032 0.001 0.020 0.006 0.013 0.081 0.834 
 373 Q _   0.011 0.025 0.001 0.015 0.005 0.011 0.081 0.853 
 374 G _   0.009 0.018 0.000 0.010 0.003 0.009 0.080 0.870 
 375 T _   0.008 0.013 0.000 0.006 0.002 0.008 0.079 0.883 
 376 E _   0.007 0.010 0.000 0.004 0.002 0.007 0.078 0.892 
 377 K _   0.006 0.009 0.000 0.003 0.002 0.007 0.076 0.896 
 378 A _   0.006 0.009 0.000 0.004 0.002 0.008 0.074 0.897 
 379 D _   0.007 0.010 0.000 0.005 0.002 0.010 0.071 0.894 
 380 T _   0.008 0.015 0.000 0.008 0.004 0.013 0.068 0.885 
 381 E _   0.010 0.023 0.001 0.013 0.006 0.016 0.064 0.867 
 382 E _   0.012 0.037 0.001 0.023 0.009 0.020 0.059 0.841 
 383 M _   0.013 0.053 0.001 0.034 0.012 0.023 0.053 0.811 
 384 M _   0.014 0.066 0.001 0.045 0.015 0.025 0.049 0.784 
 385 R _   0.015 0.075 0.001 0.053 0.017 0.026 0.045 0.767 
 386 E _   0.016 0.079 0.001 0.058 0.018 0.027 0.041 0.760 
 387 A _   0.017 0.079 0.001 0.057 0.018 0.026 0.038 0.764 
 388 Q _   0.018 0.074 0.001 0.052 0.017 0.025 0.036 0.777 
 389 I _   0.020 0.065 0.001 0.042 0.015 0.023 0.034 0.799 
 390 M _   0.023 0.051 0.001 0.031 0.012 0.021 0.033 0.829 
 391 H _   0.027 0.034 0.001 0.021 0.009 0.018 0.031 0.859 
 392 Q _   0.032 0.018 0.001 0.013 0.007 0.017 0.030 0.883 
 393 L _   0.040 0.007 0.001 0.007 0.005 0.015 0.028 0.896 
 394 D _   0.053 0.002 0.001 0.004 0.004 0.014 0.027 0.895 
 395 N _   0.072 0.001 0.000 0.003 0.004 0.014 0.025 0.882 
 396 P _   0.102 0.000 0.001 0.002 0.004 0.014 0.022 0.854 
 397 Y _   0.147 0.000 0.001 0.002 0.005 0.015 0.020 0.810 
 398 I _   0.207 0.000 0.001 0.002 0.007 0.017 0.017 0.750 
 399 V _   0.280 0.000 0.001 0.002 0.008 0.018 0.014 0.676 
 400 R _   0.362 0.000 0.001 0.002 0.010 0.018 0.012 0.595 
 401 L _   0.444 0.000 0.001 0.002 0.011 0.018 0.009 0.514 
 402 I H   0.526 0.000 0.001 0.001 0.013 0.018 0.007 0.433 
 403 G H   0.601 0.000 0.001 0.001 0.014 0.017 0.006 0.361 
 404 V H   0.666 0.000 0.001 0.001 0.014 0.016 0.004 0.298 
 405 C H   0.721 0.000 0.001 0.001 0.015 0.014 0.003 0.245 
 406 Q H   0.765 0.000 0.001 0.001 0.015 0.013 0.003 0.202 
 407 A H   0.799 0.000 0.001 0.001 0.016 0.012 0.003 0.169 
 408 E H   0.823 0.000 0.001 0.001 0.017 0.011 0.002 0.145 
 409 A H   0.836 0.000 0.001 0.001 0.017 0.010 0.002 0.133 
 410 L H   0.838 0.000 0.001 0.001 0.018 0.010 0.003 0.129 
 411 M H   0.832 0.000 0.001 0.001 0.019 0.010 0.003 0.135 
 412 L H   0.814 0.000 0.001 0.001 0.019 0.010 0.004 0.151 
 413 V H   0.783 0.000 0.001 0.001 0.019 0.010 0.005 0.180 
 414 M H   0.734 0.000 0.002 0.002 0.019 0.011 0.006 0.226 
 415 E H   0.664 0.000 0.002 0.002 0.018 0.011 0.008 0.294 
 416 M H   0.579 0.000 0.002 0.002 0.015 0.012 0.011 0.378 
 417 A H   0.482 0.000 0.001 0.002 0.013 0.012 0.015 0.475 
 418 G _   0.384 0.000 0.001 0.003 0.010 0.011 0.019 0.573 
 419 G _   0.291 0.000 0.001 0.003 0.007 0.011 0.023 0.663 
 420 G _   0.213 0.000 0.001 0.003 0.006 0.011 0.027 0.739 
 421 P _   0.152 0.000 0.001 0.003 0.005 0.011 0.031 0.798 
 422 L _   0.108 0.000 0.001 0.004 0.004 0.011 0.034 0.839 
 423 H _   0.077 0.000 0.001 0.004 0.004 0.011 0.036 0.867 
 424 K _   0.054 0.000 0.001 0.005 0.004 0.011 0.038 0.887 
 425 F _   0.039 0.000 0.000 0.006 0.004 0.011 0.040 0.899 
 426 L _   0.029 0.001 0.000 0.007 0.004 0.011 0.042 0.906 
 427 V _   0.022 0.001 0.000 0.007 0.004 0.011 0.043 0.911 
 428 G _   0.018 0.001 0.000 0.007 0.004 0.011 0.044 0.914 
 429 K _   0.015 0.001 0.000 0.007 0.004 0.012 0.045 0.916 
 430 R _   0.014 0.001 0.000 0.006 0.003 0.012 0.046 0.917 
 431 E _   0.014 0.001 0.000 0.005 0.003 0.013 0.047 0.916 
 432 E _   0.016 0.001 0.000 0.004 0.003 0.015 0.047 0.913 
 433 I _   0.019 0.001 0.000 0.004 0.004 0.018 0.048 0.906 
 434 P _   0.024 0.002 0.001 0.004 0.005 0.022 0.048 0.895 
 435 V _   0.032 0.003 0.001 0.005 0.007 0.027 0.048 0.877 
 436 S _   0.043 0.006 0.001 0.007 0.011 0.034 0.048 0.851 
 437 N _   0.055 0.011 0.001 0.010 0.017 0.041 0.048 0.817 
 438 V _   0.067 0.020 0.002 0.015 0.024 0.048 0.048 0.777 
 439 A _   0.078 0.031 0.002 0.021 0.030 0.054 0.048 0.737 
 440 E _   0.086 0.042 0.002 0.026 0.035 0.057 0.048 0.704 
 441 L _   0.091 0.051 0.002 0.031 0.039 0.059 0.049 0.679 
 442 L _   0.094 0.057 0.002 0.034 0.040 0.059 0.050 0.666 
 443 H _   0.094 0.060 0.002 0.035 0.040 0.057 0.051 0.662 
 444 Q _   0.092 0.061 0.002 0.034 0.037 0.054 0.053 0.667 
 445 V _   0.088 0.060 0.002 0.033 0.034 0.050 0.055 0.678 
 446 S _   0.082 0.058 0.002 0.031 0.030 0.045 0.058 0.695 
 447 M _   0.075 0.053 0.002 0.028 0.025 0.040 0.060 0.717 
 448 G _   0.066 0.047 0.002 0.025 0.020 0.035 0.064 0.741 
 449 M _   0.057 0.039 0.001 0.022 0.015 0.030 0.067 0.768 
 450 K _   0.047 0.031 0.001 0.018 0.012 0.026 0.071 0.795 
 451 Y _   0.038 0.022 0.001 0.014 0.009 0.021 0.074 0.821 
 452 L _   0.029 0.015 0.001 0.011 0.006 0.017 0.076 0.845 
 453 E _   0.022 0.009 0.001 0.008 0.004 0.014 0.078 0.863 
 454 E _   0.017 0.006 0.000 0.006 0.003 0.012 0.080 0.876 
 455 K _   0.014 0.004 0.000 0.004 0.003 0.010 0.081 0.884 
 456 N _   0.011 0.003 0.000 0.003 0.002 0.009 0.081 0.889 
 457 F _   0.010 0.003 0.000 0.003 0.002 0.009 0.081 0.891 
 458 V _   0.010 0.003 0.000 0.003 0.002 0.010 0.081 0.890 
 459 H _   0.010 0.004 0.000 0.004 0.003 0.011 0.081 0.885 
 460 R _   0.012 0.006 0.000 0.006 0.004 0.014 0.080 0.878 
 461 D _   0.013 0.010 0.001 0.008 0.005 0.016 0.079 0.867 
 462 L _   0.016 0.017 0.001 0.012 0.007 0.019 0.078 0.850 
 463 A _   0.018 0.025 0.001 0.016 0.010 0.023 0.077 0.831 
 464 A _   0.021 0.035 0.001 0.020 0.013 0.025 0.075 0.809 
 465 R _   0.023 0.045 0.001 0.025 0.015 0.028 0.074 0.789 
 466 N _   0.025 0.054 0.001 0.028 0.017 0.029 0.073 0.771 
 467 V _   0.027 0.060 0.001 0.031 0.018 0.030 0.073 0.759 
 468 L _   0.029 0.064 0.001 0.031 0.018 0.030 0.073 0.753 
 469 L _   0.029 0.066 0.001 0.030 0.018 0.029 0.073 0.753 
 470 V _   0.028 0.065 0.001 0.028 0.016 0.028 0.073 0.759 
 471 N _   0.027 0.063 0.001 0.024 0.015 0.026 0.074 0.769 
 472 R _   0.025 0.060 0.001 0.020 0.012 0.024 0.075 0.782 
 473 H _   0.023 0.056 0.001 0.016 0.010 0.022 0.076 0.795 
 474 Y _   0.021 0.053 0.001 0.013 0.008 0.021 0.077 0.806 
 475 A _   0.019 0.050 0.001 0.012 0.007 0.019 0.078 0.814 
 476 K _   0.017 0.049 0.001 0.011 0.006 0.018 0.079 0.819 
 477 I _   0.016 0.049 0.001 0.011 0.006 0.017 0.079 0.821 
 478 S _   0.015 0.050 0.001 0.012 0.006 0.016 0.080 0.820 
 479 D _   0.014 0.052 0.001 0.015 0.007 0.016 0.080 0.816 
 480 F _   0.013 0.054 0.001 0.017 0.007 0.016 0.081 0.811 
 481 G _   0.013 0.055 0.001 0.020 0.008 0.015 0.082 0.806 
 482 L _   0.012 0.056 0.001 0.022 0.008 0.015 0.083 0.804 
 483 S _   0.012 0.055 0.001 0.023 0.008 0.014 0.084 0.804 
 484 K _   0.011 0.053 0.001 0.022 0.007 0.013 0.086 0.808 
 485 A _   0.010 0.049 0.001 0.021 0.006 0.012 0.087 0.814 
 486 L _   0.009 0.044 0.001 0.018 0.005 0.011 0.089 0.823 
 487 G _   0.009 0.039 0.001 0.015 0.004 0.009 0.092 0.832 
 488 A _   0.008 0.033 0.000 0.012 0.004 0.008 0.094 0.841 
 489 D _   0.007 0.027 0.000 0.009 0.003 0.008 0.096 0.849 
 490 D _   0.007 0.023 0.000 0.008 0.003 0.007 0.097 0.856 
 491 S _   0.006 0.020 0.000 0.007 0.002 0.007 0.099 0.859 
 492 Y _   0.006 0.018 0.000 0.006 0.002 0.007 0.100 0.861 
 493 Y _   0.006 0.017 0.000 0.006 0.002 0.007 0.100 0.861 
 494 T _   0.006 0.017 0.000 0.006 0.002 0.007 0.101 0.860 
 495 A _   0.006 0.018 0.000 0.007 0.002 0.007 0.101 0.858 
 496 R _   0.006 0.019 0.000 0.008 0.003 0.008 0.101 0.855 
 497 S _   0.006 0.021 0.000 0.008 0.003 0.009 0.101 0.852 
 498 A _   0.006 0.023 0.000 0.009 0.003 0.010 0.100 0.847 
 499 G _   0.006 0.027 0.000 0.010 0.004 0.010 0.100 0.842 
 500 K _   0.007 0.031 0.001 0.011 0.004 0.012 0.099 0.835 
 501 W _   0.007 0.036 0.001 0.013 0.005 0.013 0.099 0.828 
 502 P _   0.008 0.041 0.001 0.014 0.006 0.014 0.098 0.819 
 503 L _   0.009 0.047 0.001 0.016 0.007 0.016 0.097 0.808 
 504 K _   0.010 0.053 0.001 0.018 0.008 0.017 0.097 0.796 
 505 W _   0.011 0.059 0.001 0.021 0.009 0.019 0.097 0.784 
 506 Y _   0.012 0.065 0.001 0.025 0.011 0.020 0.097 0.770 
 507 A _   0.012 0.071 0.001 0.029 0.012 0.021 0.097 0.758 
 508 P _   0.013 0.074 0.001 0.032 0.013 0.022 0.098 0.748 
 509 E _   0.013 0.076 0.001 0.034 0.013 0.022 0.099 0.742 
 510 C _   0.014 0.075 0.001 0.034 0.012 0.022 0.101 0.741 
 511 I _   0.014 0.072 0.001 0.033 0.012 0.021 0.102 0.745 
 512 N _   0.013 0.067 0.001 0.029 0.010 0.020 0.105 0.755 
 513 F _   0.013 0.058 0.001 0.023 0.009 0.018 0.107 0.770 
 514 R _   0.012 0.047 0.001 0.018 0.007 0.017 0.110 0.788 
 515 K _   0.012 0.036 0.001 0.012 0.006 0.016 0.112 0.805 
 516 F _   0.012 0.027 0.001 0.008 0.004 0.016 0.114 0.818 
 517 S _   0.012 0.021 0.000 0.006 0.004 0.017 0.116 0.825 
 518 S _   0.014 0.018 0.000 0.004 0.004 0.018 0.117 0.824 
 519 R _   0.018 0.018 0.000 0.004 0.004 0.021 0.118 0.816 
 520 S _   0.025 0.020 0.001 0.005 0.007 0.026 0.118 0.799 
 521 D _   0.034 0.028 0.001 0.007 0.011 0.033 0.119 0.767 
 522 V _   0.045 0.046 0.002 0.013 0.019 0.040 0.119 0.716 
 523 W _   0.056 0.083 0.002 0.021 0.029 0.047 0.118 0.643 
 524 S _   0.063 0.133 0.003 0.033 0.039 0.052 0.118 0.560 
 525 Y _   0.068 0.183 0.003 0.045 0.045 0.053 0.119 0.485 
 526 G _   0.070 0.221 0.003 0.056 0.047 0.053 0.121 0.429 
 527 V _   0.070 0.244 0.003 0.066 0.047 0.051 0.124 0.395 
 528 T _   0.069 0.255 0.002 0.071 0.045 0.048 0.129 0.381 
 529 M _   0.065 0.256 0.002 0.071 0.041 0.044 0.136 0.384 
 530 W _   0.060 0.248 0.002 0.066 0.036 0.039 0.145 0.403 
 531 E _   0.054 0.230 0.002 0.058 0.029 0.034 0.156 0.437 
 532 A _   0.046 0.198 0.002 0.047 0.023 0.029 0.170 0.485 
 533 L _   0.038 0.152 0.002 0.036 0.016 0.024 0.186 0.547 
 534 S _   0.030 0.102 0.001 0.025 0.011 0.019 0.202 0.610 
 535 Y _   0.023 0.061 0.001 0.016 0.007 0.015 0.215 0.662 
 536 G _   0.017 0.035 0.001 0.010 0.004 0.011 0.226 0.697 
 537 Q _   0.012 0.021 0.000 0.006 0.002 0.008 0.233 0.717 
 538 K _   0.009 0.014 0.000 0.004 0.002 0.006 0.238 0.728 
 539 P _   0.007 0.011 0.000 0.003 0.001 0.005 0.241 0.732 
 540 Y _   0.005 0.010 0.000 0.002 0.001 0.005 0.243 0.733 
 541 K _   0.005 0.011 0.000 0.003 0.001 0.006 0.244 0.731 
 542 K _   0.005 0.013 0.000 0.004 0.002 0.007 0.244 0.726 
 543 M _   0.006 0.019 0.000 0.006 0.002 0.008 0.242 0.716 
 544 K _   0.007 0.032 0.000 0.010 0.004 0.011 0.240 0.696 
 545 G _   0.007 0.054 0.001 0.017 0.006 0.013 0.237 0.666 
 546 P _   0.008 0.085 0.001 0.025 0.008 0.015 0.233 0.625 
 547 E _   0.008 0.119 0.001 0.035 0.010 0.017 0.229 0.582 
 548 V _   0.008 0.147 0.001 0.043 0.011 0.017 0.226 0.547 
 549 M _   0.008 0.165 0.001 0.051 0.012 0.018 0.225 0.521 
 550 A _   0.008 0.175 0.001 0.055 0.012 0.018 0.225 0.507 
 551 F _   0.008 0.178 0.001 0.056 0.012 0.017 0.226 0.503 
 552 I _   0.007 0.176 0.001 0.054 0.011 0.016 0.228 0.506 
 553 E _   0.007 0.169 0.001 0.049 0.010 0.015 0.233 0.516 
 554 Q _   0.007 0.156 0.001 0.041 0.009 0.013 0.238 0.534 
 555 G _   0.007 0.135 0.001 0.032 0.008 0.012 0.245 0.560 
 556 K _   0.007 0.109 0.001 0.024 0.006 0.011 0.253 0.590 
 557 R _   0.007 0.083 0.001 0.016 0.004 0.009 0.260 0.619 
 558 M _   0.006 0.062 0.000 0.010 0.003 0.008 0.267 0.643 
 559 E _   0.006 0.048 0.000 0.006 0.002 0.007 0.272 0.659 
 560 C _   0.005 0.041 0.000 0.004 0.002 0.007 0.275 0.666 
 561 P _   0.005 0.038 0.000 0.003 0.001 0.007 0.277 0.669 
 562 P _   0.005 0.038 0.000 0.003 0.002 0.008 0.278 0.666 
 563 E _   0.006 0.041 0.000 0.005 0.002 0.010 0.278 0.658 
 564 C _   0.008 0.049 0.000 0.007 0.004 0.013 0.277 0.641 
 565 P _   0.010 0.068 0.001 0.012 0.006 0.017 0.275 0.610 
 566 P _   0.012 0.102 0.001 0.019 0.010 0.021 0.272 0.562 
 567 E _   0.013 0.149 0.001 0.029 0.014 0.024 0.269 0.502 
 568 L _   0.013 0.196 0.002 0.038 0.016 0.025 0.265 0.445 
 569 Y _   0.012 0.233 0.002 0.046 0.018 0.025 0.263 0.400 
 570 A _   0.011 0.257 0.001 0.053 0.018 0.025 0.263 0.372 
 571 L _   0.011 0.269 0.001 0.056 0.018 0.024 0.264 0.356 
 572 M _   0.010 0.273 0.001 0.057 0.018 0.023 0.267 0.350 
 573 S _   0.010 0.272 0.001 0.056 0.017 0.022 0.271 0.351 
 574 D _   0.010 0.263 0.001 0.052 0.016 0.020 0.277 0.360 
 575 C _   0.010 0.246 0.001 0.046 0.014 0.019 0.285 0.378 
 576 W _   0.010 0.219 0.001 0.040 0.013 0.017 0.296 0.404 
 577 I _   0.010 0.180 0.001 0.032 0.011 0.016 0.309 0.441 
 578 Y _   0.010 0.135 0.001 0.024 0.009 0.014 0.324 0.482 
 579 K _   0.010 0.093 0.001 0.017 0.007 0.013 0.338 0.522 
 580 W _   0.009 0.061 0.001 0.010 0.005 0.012 0.350 0.552 
 581 E _   0.008 0.043 0.000 0.006 0.003 0.011 0.359 0.569 
 582 D _   0.007 0.034 0.000 0.004 0.002 0.011 0.366 0.576 
 583 R _   0.007 0.031 0.000 0.003 0.002 0.011 0.371 0.575 
 584 P _   0.008 0.030 0.000 0.003 0.002 0.013 0.374 0.569 
 585 D _   0.009 0.033 0.000 0.005 0.003 0.015 0.377 0.557 
 586 F _   0.012 0.041 0.001 0.007 0.006 0.019 0.379 0.536 
 587 L _   0.014 0.057 0.001 0.013 0.009 0.023 0.381 0.502 
 588 T _   0.016 0.085 0.001 0.020 0.014 0.027 0.382 0.456 
 589 V _   0.017 0.119 0.002 0.028 0.018 0.030 0.383 0.404 
 590 E X   0.018 0.151 0.002 0.035 0.021 0.031 0.385 0.358 
 591 Q X   0.018 0.174 0.002 0.041 0.022 0.032 0.389 0.323 
 592 R X   0.018 0.190 0.002 0.044 0.023 0.032 0.394 0.298 
 593 M X   0.018 0.198 0.002 0.046 0.024 0.031 0.400 0.282 
 594 R X   0.017 0.201 0.001 0.047 0.023 0.030 0.409 0.271 
 595 A X   0.017 0.200 0.001 0.046 0.022 0.028 0.420 0.265 
 596 C X   0.017 0.196 0.001 0.044 0.021 0.026 0.433 0.262 
 597 Y X   0.016 0.188 0.002 0.041 0.019 0.024 0.449 0.262 
 598 Y X   0.015 0.175 0.001 0.038 0.017 0.022 0.468 0.265 
 599 S X   0.014 0.158 0.001 0.034 0.014 0.019 0.490 0.269 
 600 L X   0.013 0.137 0.001 0.030 0.012 0.017 0.516 0.274 
 601 A X   0.012 0.113 0.001 0.025 0.010 0.015 0.543 0.281 
 602 S X   0.010 0.089 0.001 0.020 0.008 0.012 0.572 0.288 
 603 K X   0.009 0.067 0.001 0.015 0.006 0.010 0.599 0.294 
 604 V X   0.007 0.049 0.001 0.011 0.004 0.008 0.622 0.297 
 605 E X   0.006 0.037 0.000 0.007 0.003 0.007 0.641 0.298 
 606 G X   0.005 0.030 0.000 0.005 0.002 0.006 0.656 0.296 
 607 P X   0.004 0.026 0.000 0.004 0.001 0.005 0.668 0.291 
 608 P X   0.004 0.025 0.000 0.003 0.001 0.005 0.677 0.286 
 609 G X   0.003 0.024 0.000 0.003 0.001 0.004 0.684 0.279 
 610 S X   0.003 0.025 0.000 0.004 0.001 0.005 0.690 0.272 
 611 T X   0.003 0.027 0.000 0.006 0.002 0.005 0.694 0.264 
 612 Q X   0.003 0.030 0.000 0.008 0.002 0.005 0.698 0.255 
 613 K X   0.002 0.034 0.000 0.010 0.002 0.004 0.702 0.245 
 614 A X   0.002 0.037 0.000 0.012 0.002 0.003 0.706 0.238 
 615 E X   0.001 0.039 0.000 0.013 0.001 0.002 0.710 0.233 
 616 A X   0.001 0.040 0.000 0.012 0.001 0.001 0.714 0.233 
 617 A X   0.000 0.039 0.000 0.011 0.000 0.001 0.714 0.236 
 618 C X   0.000 0.038 0.000 0.012 0.000 0.001 0.709 0.239 
 619 A X   0.003 0.038 0.001 0.021 0.004 0.003 0.692 0.239 
