#TopoPred_TM8: 8-state transmembrane topology prediction results by no_profile mode 
#probabilities are in the order of H E C I L F X _, the 8 transmembrane topology types used in PDBTM 
   1 M X   0.016 0.000 0.002 0.018 0.011 0.013 0.885 0.055 
   2 A X   0.012 0.000 0.000 0.011 0.003 0.010 0.908 0.055 
   3 A X   0.012 0.000 0.000 0.009 0.002 0.009 0.915 0.054 
   4 V X   0.015 0.001 0.000 0.008 0.002 0.009 0.915 0.050 
   5 I X   0.018 0.001 0.000 0.008 0.003 0.010 0.913 0.048 
   6 L X   0.020 0.001 0.000 0.008 0.004 0.010 0.908 0.048 
   7 E X   0.022 0.002 0.000 0.008 0.005 0.010 0.904 0.049 
   8 S X   0.022 0.002 0.000 0.007 0.005 0.009 0.901 0.053 
   9 I X   0.021 0.002 0.000 0.007 0.004 0.008 0.899 0.059 
  10 F X   0.018 0.002 0.000 0.006 0.004 0.007 0.897 0.066 
  11 L X   0.015 0.001 0.000 0.005 0.003 0.005 0.896 0.075 
  12 K X   0.012 0.001 0.000 0.003 0.002 0.004 0.895 0.083 
  13 R X   0.009 0.001 0.000 0.002 0.001 0.003 0.893 0.090 
  14 S X   0.006 0.000 0.000 0.002 0.001 0.002 0.892 0.096 
  15 Q X   0.004 0.000 0.000 0.001 0.001 0.002 0.890 0.101 
  16 Q X   0.003 0.000 0.000 0.001 0.000 0.002 0.888 0.106 
  17 K X   0.002 0.000 0.000 0.001 0.000 0.001 0.885 0.110 
  18 K X   0.002 0.000 0.000 0.001 0.000 0.001 0.881 0.115 
  19 K X   0.001 0.000 0.000 0.001 0.000 0.001 0.876 0.120 
  20 T X   0.001 0.000 0.000 0.001 0.000 0.002 0.870 0.125 
  21 S X   0.002 0.001 0.000 0.001 0.001 0.003 0.863 0.130 
  22 P X   0.002 0.002 0.000 0.002 0.001 0.004 0.853 0.136 
  23 L X   0.003 0.005 0.000 0.004 0.002 0.006 0.840 0.140 
  24 N X   0.004 0.011 0.000 0.007 0.004 0.009 0.823 0.142 
  25 F X   0.005 0.023 0.001 0.011 0.006 0.012 0.802 0.140 
  26 K X   0.006 0.042 0.001 0.016 0.009 0.015 0.778 0.133 
  27 K X   0.007 0.064 0.001 0.021 0.012 0.017 0.753 0.124 
  28 R X   0.007 0.085 0.001 0.026 0.014 0.019 0.732 0.116 
  29 L X   0.008 0.102 0.001 0.030 0.016 0.019 0.716 0.110 
  30 F X   0.008 0.113 0.001 0.032 0.016 0.019 0.703 0.107 
  31 L X   0.009 0.120 0.001 0.034 0.016 0.019 0.695 0.108 
  32 L X   0.009 0.123 0.001 0.034 0.015 0.018 0.689 0.111 
  33 T X   0.010 0.123 0.001 0.033 0.014 0.017 0.685 0.118 
  34 V X   0.010 0.120 0.001 0.030 0.013 0.015 0.683 0.128 
  35 H X   0.010 0.114 0.001 0.026 0.011 0.014 0.682 0.142 
  36 K X   0.010 0.103 0.001 0.022 0.009 0.012 0.683 0.159 
  37 L X   0.010 0.089 0.001 0.018 0.007 0.011 0.685 0.179 
  38 S X   0.009 0.072 0.001 0.014 0.006 0.010 0.688 0.201 
  39 Y X   0.008 0.056 0.001 0.011 0.005 0.008 0.691 0.221 
  40 Y X   0.007 0.042 0.000 0.008 0.003 0.007 0.693 0.238 
  41 E X   0.006 0.031 0.000 0.007 0.003 0.006 0.695 0.252 
  42 Y X   0.005 0.024 0.000 0.005 0.002 0.005 0.696 0.262 
  43 D X   0.004 0.019 0.000 0.004 0.002 0.005 0.696 0.270 
  44 F X   0.004 0.016 0.000 0.004 0.001 0.004 0.696 0.276 
  45 E X   0.003 0.013 0.000 0.003 0.001 0.004 0.694 0.281 
  46 R X   0.003 0.012 0.000 0.003 0.001 0.003 0.692 0.286 
  47 G X   0.002 0.011 0.000 0.003 0.001 0.003 0.689 0.290 
  48 R X   0.002 0.011 0.000 0.003 0.001 0.003 0.685 0.295 
  49 R X   0.002 0.011 0.000 0.003 0.001 0.003 0.681 0.299 
  50 G X   0.002 0.012 0.000 0.003 0.001 0.004 0.675 0.303 
  51 S X   0.002 0.014 0.000 0.004 0.001 0.005 0.668 0.306 
  52 K X   0.003 0.017 0.000 0.005 0.002 0.006 0.660 0.307 
  53 K X   0.003 0.024 0.000 0.007 0.003 0.008 0.650 0.305 
  54 G X   0.004 0.035 0.001 0.009 0.004 0.010 0.638 0.299 
  55 S X   0.005 0.053 0.001 0.013 0.006 0.013 0.623 0.286 
  56 I X   0.006 0.078 0.001 0.019 0.009 0.015 0.607 0.265 
  57 D X   0.007 0.111 0.001 0.024 0.012 0.017 0.589 0.238 
  58 V X   0.008 0.147 0.001 0.030 0.014 0.019 0.573 0.210 
  59 E X   0.008 0.178 0.001 0.036 0.015 0.019 0.559 0.184 
  60 K X   0.008 0.201 0.001 0.041 0.016 0.019 0.549 0.164 
  61 I X   0.008 0.216 0.001 0.046 0.016 0.018 0.543 0.151 
  62 T X   0.008 0.224 0.001 0.049 0.015 0.018 0.540 0.146 
  63 C X   0.009 0.226 0.001 0.049 0.014 0.017 0.539 0.145 
  64 V X   0.009 0.223 0.001 0.048 0.013 0.015 0.541 0.150 
  65 E X   0.009 0.215 0.001 0.045 0.012 0.014 0.544 0.161 
  66 T X   0.009 0.198 0.001 0.039 0.010 0.013 0.550 0.181 
  67 V X   0.009 0.169 0.001 0.032 0.009 0.011 0.559 0.210 
  68 V X   0.009 0.130 0.001 0.024 0.007 0.010 0.570 0.250 
  69 P X   0.008 0.087 0.001 0.017 0.005 0.008 0.581 0.292 
  70 E X   0.008 0.053 0.001 0.010 0.003 0.007 0.591 0.327 
  71 K X   0.007 0.031 0.000 0.006 0.002 0.005 0.598 0.350 
  72 N X   0.005 0.019 0.000 0.004 0.001 0.004 0.602 0.364 
  73 P X   0.004 0.014 0.000 0.003 0.001 0.004 0.603 0.371 
  74 P X   0.004 0.011 0.000 0.002 0.001 0.003 0.603 0.376 
  75 P X   0.003 0.010 0.000 0.002 0.001 0.003 0.602 0.379 
  76 E X   0.003 0.010 0.000 0.002 0.001 0.003 0.598 0.382 
  77 R X   0.003 0.010 0.000 0.003 0.001 0.004 0.593 0.386 
  78 Q X   0.003 0.012 0.000 0.004 0.001 0.004 0.585 0.391 
  79 I X   0.003 0.014 0.000 0.005 0.001 0.005 0.574 0.397 
  80 P X   0.003 0.018 0.000 0.007 0.002 0.006 0.560 0.404 
  81 R X   0.003 0.024 0.000 0.009 0.002 0.007 0.544 0.412 
  82 R X   0.003 0.032 0.000 0.011 0.003 0.009 0.524 0.419 
  83 G X   0.003 0.043 0.001 0.013 0.004 0.010 0.502 0.425 
  84 E X   0.004 0.059 0.001 0.016 0.005 0.012 0.477 0.428 
  85 E X   0.004 0.080 0.001 0.019 0.006 0.014 0.449 0.425 
  86 S X   0.005 0.107 0.001 0.023 0.008 0.017 0.420 0.418 
  87 S _   0.006 0.142 0.001 0.028 0.010 0.020 0.390 0.402 
  88 E _   0.007 0.182 0.002 0.033 0.013 0.022 0.361 0.381 
  89 M _   0.008 0.223 0.002 0.038 0.015 0.024 0.333 0.357 
  90 E _   0.008 0.260 0.002 0.043 0.017 0.025 0.309 0.336 
  91 Q _   0.009 0.288 0.002 0.046 0.018 0.026 0.290 0.322 
  92 I _   0.009 0.307 0.001 0.048 0.018 0.027 0.275 0.314 
  93 S E   0.010 0.318 0.001 0.049 0.019 0.027 0.263 0.313 
  94 I E   0.011 0.322 0.001 0.048 0.018 0.026 0.254 0.318 
  95 I _   0.012 0.322 0.001 0.045 0.018 0.026 0.247 0.329 
  96 E _   0.013 0.316 0.001 0.040 0.017 0.025 0.242 0.346 
  97 R _   0.014 0.304 0.001 0.035 0.016 0.024 0.237 0.369 
  98 F _   0.014 0.288 0.001 0.030 0.015 0.023 0.234 0.396 
  99 P _   0.014 0.267 0.001 0.025 0.013 0.021 0.231 0.427 
 100 Y _   0.014 0.245 0.001 0.021 0.011 0.020 0.229 0.459 
 101 P _   0.014 0.224 0.001 0.017 0.010 0.019 0.227 0.489 
 102 F _   0.013 0.205 0.001 0.015 0.008 0.018 0.225 0.515 
 103 Q _   0.012 0.190 0.001 0.013 0.007 0.017 0.223 0.536 
 104 V _   0.012 0.179 0.001 0.012 0.007 0.016 0.222 0.553 
 105 V _   0.011 0.170 0.001 0.012 0.006 0.015 0.220 0.566 
 106 Y _   0.010 0.164 0.001 0.011 0.006 0.015 0.218 0.576 
 107 D _   0.010 0.158 0.001 0.011 0.006 0.014 0.216 0.585 
 108 E _   0.009 0.154 0.001 0.011 0.006 0.014 0.213 0.592 
 109 G _   0.009 0.151 0.001 0.011 0.005 0.013 0.211 0.598 
 110 P _   0.009 0.148 0.001 0.011 0.005 0.013 0.210 0.603 
 111 L _   0.009 0.145 0.001 0.011 0.005 0.013 0.208 0.608 
 112 Y _   0.009 0.143 0.001 0.011 0.005 0.013 0.206 0.612 
 113 V _   0.008 0.141 0.001 0.011 0.005 0.013 0.204 0.616 
 114 F _   0.008 0.139 0.001 0.011 0.006 0.014 0.203 0.618 
 115 S _   0.009 0.139 0.001 0.011 0.006 0.014 0.201 0.620 
 116 P _   0.009 0.138 0.001 0.011 0.006 0.015 0.199 0.621 
 117 T _   0.009 0.139 0.001 0.011 0.006 0.015 0.198 0.621 
 118 E _   0.010 0.140 0.001 0.012 0.006 0.016 0.196 0.619 
 119 E _   0.010 0.142 0.001 0.013 0.007 0.017 0.195 0.616 
 120 L _   0.011 0.144 0.001 0.013 0.007 0.018 0.194 0.612 
 121 R _   0.011 0.148 0.001 0.015 0.008 0.018 0.192 0.606 
 122 K _   0.012 0.152 0.001 0.017 0.009 0.019 0.191 0.600 
 123 R _   0.013 0.156 0.001 0.019 0.010 0.020 0.190 0.592 
 124 W _   0.013 0.159 0.001 0.022 0.011 0.020 0.189 0.584 
 125 I _   0.013 0.161 0.001 0.024 0.012 0.020 0.189 0.578 
 126 H _   0.014 0.162 0.001 0.027 0.012 0.020 0.190 0.575 
 127 Q _   0.014 0.160 0.001 0.028 0.012 0.020 0.191 0.575 
 128 L _   0.014 0.155 0.001 0.028 0.012 0.019 0.193 0.578 
 129 K _   0.014 0.148 0.001 0.026 0.011 0.018 0.196 0.586 
 130 N _   0.013 0.137 0.001 0.024 0.010 0.017 0.199 0.598 
 131 V _   0.013 0.123 0.001 0.021 0.009 0.015 0.203 0.615 
 132 I _   0.012 0.106 0.001 0.018 0.008 0.014 0.207 0.634 
 133 R _   0.012 0.089 0.001 0.014 0.006 0.013 0.212 0.653 
 134 Y _   0.011 0.074 0.001 0.011 0.005 0.012 0.216 0.669 
 135 N _   0.010 0.063 0.001 0.009 0.004 0.012 0.220 0.681 
 136 S _   0.010 0.056 0.000 0.007 0.004 0.011 0.223 0.689 
 137 D _   0.009 0.051 0.000 0.006 0.003 0.011 0.226 0.693 
 138 L _   0.009 0.049 0.000 0.006 0.003 0.011 0.228 0.693 
 139 V _   0.009 0.049 0.000 0.006 0.003 0.011 0.230 0.691 
 140 Q _   0.009 0.051 0.000 0.006 0.004 0.012 0.232 0.685 
 141 K _   0.010 0.054 0.001 0.008 0.004 0.013 0.233 0.677 
 142 Y _   0.010 0.060 0.001 0.009 0.006 0.015 0.234 0.665 
 143 H _   0.011 0.069 0.001 0.012 0.007 0.016 0.235 0.649 
 144 P _   0.012 0.081 0.001 0.015 0.009 0.018 0.236 0.629 
 145 C _   0.012 0.095 0.001 0.019 0.010 0.019 0.237 0.607 
 146 F _   0.012 0.108 0.001 0.023 0.012 0.020 0.238 0.587 
 147 W _   0.012 0.119 0.001 0.026 0.012 0.020 0.240 0.568 
 148 I _   0.012 0.129 0.001 0.028 0.013 0.020 0.243 0.553 
 149 D _   0.012 0.135 0.001 0.030 0.013 0.020 0.247 0.543 
 150 G _   0.012 0.138 0.001 0.029 0.012 0.019 0.251 0.538 
 151 Q _   0.011 0.138 0.001 0.027 0.011 0.018 0.256 0.538 
 152 Y _   0.010 0.136 0.001 0.023 0.009 0.017 0.262 0.541 
 153 L _   0.010 0.132 0.001 0.019 0.008 0.016 0.268 0.546 
 154 C _   0.009 0.128 0.001 0.016 0.007 0.015 0.274 0.551 
 155 C _   0.008 0.124 0.001 0.013 0.006 0.014 0.280 0.554 
 156 S _   0.008 0.121 0.001 0.011 0.005 0.014 0.286 0.554 
 157 Q _   0.008 0.120 0.001 0.011 0.005 0.014 0.291 0.551 
 158 T _   0.008 0.121 0.001 0.012 0.005 0.014 0.297 0.542 
 159 A _   0.009 0.124 0.001 0.014 0.006 0.015 0.302 0.529 
 160 K _   0.009 0.128 0.001 0.018 0.007 0.016 0.308 0.512 
 161 N _   0.009 0.134 0.001 0.024 0.009 0.016 0.314 0.493 
 162 A _   0.009 0.139 0.001 0.030 0.010 0.017 0.321 0.473 
 163 M _   0.009 0.142 0.001 0.036 0.011 0.017 0.330 0.454 
 164 G _   0.009 0.143 0.001 0.040 0.011 0.016 0.340 0.439 
 165 C _   0.009 0.140 0.001 0.041 0.011 0.016 0.353 0.429 
 166 Q _   0.009 0.133 0.001 0.040 0.011 0.015 0.369 0.423 
 167 I _   0.008 0.122 0.001 0.037 0.010 0.014 0.387 0.421 
 168 L _   0.008 0.106 0.001 0.031 0.008 0.012 0.409 0.424 
 169 E X   0.008 0.086 0.001 0.025 0.007 0.011 0.433 0.429 
 170 N X   0.007 0.064 0.001 0.019 0.006 0.010 0.458 0.435 
 171 R X   0.007 0.045 0.001 0.014 0.004 0.009 0.482 0.438 
 172 N X   0.006 0.031 0.001 0.011 0.003 0.008 0.503 0.438 
 173 G X   0.005 0.021 0.000 0.008 0.003 0.007 0.522 0.434 
 174 S X   0.005 0.015 0.000 0.007 0.002 0.006 0.538 0.427 
 175 L X   0.005 0.011 0.000 0.006 0.002 0.005 0.551 0.419 
 176 K X   0.004 0.009 0.000 0.006 0.002 0.005 0.563 0.411 
 177 P X   0.004 0.007 0.000 0.006 0.002 0.005 0.573 0.403 
 178 G X   0.004 0.006 0.000 0.006 0.002 0.005 0.582 0.395 
 179 S X   0.004 0.005 0.000 0.006 0.002 0.005 0.590 0.388 
 180 S X   0.003 0.005 0.000 0.006 0.002 0.005 0.597 0.382 
 181 H X   0.003 0.004 0.000 0.006 0.002 0.005 0.604 0.376 
 182 R X   0.003 0.004 0.000 0.006 0.002 0.004 0.610 0.371 
 183 K X   0.003 0.003 0.000 0.006 0.001 0.004 0.616 0.366 
 184 T X   0.003 0.003 0.000 0.005 0.001 0.004 0.621 0.363 
 185 K X   0.003 0.002 0.000 0.005 0.001 0.004 0.626 0.360 
 186 K X   0.003 0.002 0.000 0.004 0.001 0.003 0.629 0.357 
 187 P X   0.003 0.002 0.000 0.004 0.001 0.003 0.632 0.355 
 188 L X   0.002 0.001 0.000 0.003 0.001 0.003 0.634 0.354 
 189 P X   0.002 0.001 0.000 0.003 0.001 0.003 0.636 0.353 
 190 P X   0.002 0.001 0.000 0.003 0.001 0.003 0.637 0.352 
 191 T X   0.002 0.001 0.000 0.003 0.001 0.003 0.637 0.352 
 192 P X   0.002 0.002 0.000 0.004 0.001 0.003 0.636 0.352 
 193 E X   0.002 0.002 0.000 0.004 0.001 0.003 0.635 0.352 
 194 E X   0.002 0.002 0.000 0.004 0.001 0.003 0.633 0.353 
 195 D X   0.003 0.002 0.000 0.005 0.001 0.004 0.631 0.354 
 196 Q X   0.003 0.003 0.000 0.005 0.001 0.004 0.628 0.356 
 197 I X   0.002 0.003 0.000 0.005 0.001 0.004 0.624 0.359 
 198 L X   0.002 0.004 0.000 0.005 0.001 0.004 0.620 0.363 
 199 K X   0.002 0.004 0.000 0.005 0.001 0.004 0.615 0.368 
 200 K X   0.002 0.005 0.000 0.005 0.001 0.004 0.610 0.373 
 201 P X   0.002 0.006 0.000 0.005 0.001 0.004 0.603 0.379 
 202 L X   0.002 0.007 0.000 0.005 0.001 0.004 0.596 0.385 
 203 P X   0.002 0.008 0.000 0.005 0.001 0.005 0.588 0.391 
 204 P X   0.002 0.011 0.000 0.005 0.002 0.005 0.579 0.396 
 205 E X   0.003 0.014 0.000 0.006 0.002 0.006 0.568 0.400 
 206 P X   0.003 0.020 0.000 0.008 0.002 0.008 0.556 0.402 
 207 A X   0.004 0.029 0.000 0.010 0.003 0.009 0.542 0.403 
 208 A X   0.004 0.041 0.001 0.012 0.004 0.011 0.526 0.402 
 209 A X   0.005 0.056 0.001 0.014 0.005 0.013 0.508 0.398 
 210 P X   0.005 0.074 0.001 0.017 0.007 0.016 0.489 0.391 
 211 V X   0.006 0.096 0.001 0.019 0.008 0.019 0.469 0.381 
 212 S X   0.007 0.119 0.001 0.022 0.011 0.022 0.450 0.368 
 213 T X   0.009 0.144 0.001 0.025 0.013 0.024 0.431 0.353 
 214 S X   0.010 0.171 0.001 0.027 0.016 0.027 0.413 0.334 
 215 E X   0.011 0.199 0.002 0.030 0.018 0.029 0.398 0.314 
 216 L X   0.013 0.225 0.002 0.034 0.020 0.029 0.384 0.295 
 217 K X   0.014 0.247 0.002 0.037 0.021 0.030 0.373 0.278 
 218 K X   0.015 0.263 0.001 0.040 0.022 0.029 0.364 0.266 
 219 V X   0.016 0.274 0.001 0.043 0.021 0.028 0.357 0.259 
 220 V X   0.016 0.280 0.001 0.044 0.020 0.026 0.353 0.259 
 221 A X   0.017 0.280 0.001 0.045 0.019 0.025 0.351 0.264 
 222 L X   0.017 0.274 0.001 0.043 0.017 0.023 0.350 0.276 
 223 Y X   0.016 0.262 0.001 0.040 0.015 0.020 0.350 0.295 
 224 D X   0.016 0.241 0.001 0.035 0.013 0.018 0.352 0.323 
 225 Y _   0.015 0.208 0.001 0.030 0.011 0.016 0.355 0.362 
 226 M _   0.014 0.168 0.001 0.025 0.009 0.014 0.360 0.408 
 227 P _   0.014 0.124 0.001 0.019 0.007 0.013 0.365 0.458 
 228 M _   0.012 0.086 0.001 0.014 0.005 0.011 0.370 0.502 
 229 N _   0.010 0.058 0.001 0.010 0.004 0.009 0.373 0.536 
 230 A _   0.008 0.040 0.000 0.007 0.002 0.007 0.374 0.560 
 231 N _   0.007 0.030 0.000 0.005 0.002 0.006 0.375 0.575 
 232 D _   0.006 0.025 0.000 0.004 0.001 0.005 0.374 0.585 
 233 L _   0.005 0.023 0.000 0.003 0.001 0.005 0.372 0.591 
 234 Q _   0.004 0.022 0.000 0.003 0.001 0.005 0.369 0.595 
 235 L _   0.004 0.023 0.000 0.004 0.001 0.006 0.364 0.598 
 236 R _   0.004 0.025 0.000 0.005 0.002 0.006 0.359 0.598 
 237 K _   0.004 0.030 0.000 0.007 0.003 0.008 0.352 0.595 
 238 G _   0.005 0.038 0.000 0.011 0.003 0.009 0.344 0.589 
 239 D _   0.005 0.049 0.001 0.015 0.005 0.010 0.335 0.579 
 240 E _   0.006 0.062 0.001 0.020 0.006 0.012 0.326 0.568 
 241 Y _   0.006 0.074 0.001 0.024 0.007 0.012 0.318 0.558 
 242 F _   0.006 0.084 0.001 0.028 0.007 0.013 0.310 0.551 
 243 I _   0.006 0.091 0.001 0.031 0.007 0.013 0.304 0.547 
 244 L _   0.006 0.096 0.001 0.032 0.007 0.013 0.299 0.546 
 245 E _   0.006 0.098 0.001 0.032 0.007 0.013 0.295 0.548 
 246 E _   0.006 0.098 0.001 0.031 0.007 0.012 0.292 0.553 
 247 S _   0.006 0.095 0.001 0.029 0.007 0.012 0.290 0.560 
 248 N _   0.006 0.091 0.001 0.026 0.006 0.011 0.289 0.569 
 249 L _   0.007 0.085 0.001 0.024 0.005 0.010 0.289 0.579 
 250 P _   0.007 0.077 0.001 0.020 0.005 0.009 0.289 0.592 
 251 W _   0.007 0.068 0.001 0.017 0.004 0.009 0.289 0.606 
 252 W _   0.007 0.058 0.000 0.014 0.003 0.008 0.289 0.620 
 253 R _   0.006 0.049 0.000 0.011 0.003 0.007 0.289 0.634 
 254 A _   0.006 0.041 0.000 0.008 0.002 0.006 0.288 0.648 
 255 R _   0.005 0.035 0.000 0.007 0.002 0.006 0.287 0.659 
 256 D _   0.005 0.031 0.000 0.005 0.002 0.005 0.285 0.667 
 257 K _   0.004 0.029 0.000 0.005 0.001 0.005 0.282 0.674 
 258 N _   0.004 0.028 0.000 0.004 0.001 0.005 0.278 0.679 
 259 G _   0.004 0.029 0.000 0.005 0.002 0.005 0.273 0.682 
 260 Q _   0.004 0.031 0.000 0.006 0.002 0.006 0.267 0.683 
 261 E _   0.004 0.035 0.000 0.007 0.002 0.007 0.260 0.683 
 262 G _   0.004 0.042 0.000 0.009 0.003 0.008 0.252 0.681 
 263 Y _   0.005 0.051 0.000 0.012 0.003 0.009 0.243 0.678 
 264 I _   0.005 0.063 0.001 0.014 0.004 0.010 0.233 0.672 
 265 P _   0.005 0.076 0.001 0.016 0.005 0.010 0.222 0.665 
 266 S _   0.005 0.090 0.001 0.017 0.005 0.011 0.212 0.659 
 267 N _   0.005 0.105 0.001 0.018 0.005 0.012 0.202 0.652 
 268 Y _   0.005 0.120 0.001 0.019 0.006 0.013 0.192 0.644 
 269 V _   0.006 0.135 0.001 0.019 0.006 0.014 0.183 0.636 
 270 T _   0.006 0.151 0.001 0.020 0.007 0.015 0.173 0.627 
 271 E _   0.007 0.169 0.001 0.021 0.008 0.016 0.164 0.615 
 272 A _   0.007 0.188 0.001 0.023 0.009 0.017 0.155 0.600 
 273 E _   0.008 0.209 0.001 0.025 0.010 0.019 0.146 0.582 
 274 D _   0.008 0.231 0.001 0.029 0.011 0.020 0.138 0.563 
 275 S _   0.009 0.250 0.001 0.032 0.012 0.021 0.130 0.544 
 276 I _   0.010 0.266 0.001 0.036 0.013 0.021 0.124 0.529 
 277 E _   0.011 0.277 0.001 0.039 0.014 0.021 0.119 0.519 
 278 M _   0.011 0.282 0.001 0.040 0.014 0.021 0.114 0.517 
 279 Y _   0.011 0.282 0.001 0.040 0.013 0.020 0.111 0.521 
 280 E _   0.011 0.277 0.001 0.037 0.012 0.019 0.109 0.534 
 281 W _   0.011 0.265 0.001 0.033 0.011 0.017 0.107 0.555 
 282 Y _   0.010 0.247 0.001 0.028 0.010 0.016 0.106 0.581 
 283 S _   0.010 0.225 0.001 0.023 0.008 0.015 0.105 0.612 
 284 K _   0.010 0.200 0.001 0.019 0.007 0.014 0.105 0.643 
 285 H _   0.010 0.178 0.001 0.016 0.006 0.013 0.104 0.672 
 286 M _   0.010 0.159 0.001 0.014 0.005 0.012 0.104 0.695 
 287 T _   0.009 0.145 0.001 0.013 0.005 0.012 0.104 0.712 
 288 R _   0.009 0.134 0.001 0.012 0.004 0.011 0.103 0.725 
 289 S _   0.009 0.125 0.001 0.012 0.004 0.011 0.103 0.736 
 290 Q _   0.008 0.118 0.001 0.012 0.004 0.010 0.102 0.745 
 291 A _   0.008 0.111 0.001 0.013 0.004 0.010 0.101 0.754 
 292 E _   0.007 0.105 0.001 0.012 0.004 0.009 0.100 0.762 
 293 Q _   0.007 0.099 0.000 0.012 0.004 0.009 0.098 0.771 
 294 L _   0.006 0.093 0.000 0.011 0.003 0.009 0.097 0.780 
 295 L _   0.006 0.089 0.000 0.010 0.003 0.008 0.095 0.787 
 296 K _   0.006 0.085 0.000 0.010 0.003 0.008 0.094 0.793 
 297 Q _   0.006 0.082 0.000 0.010 0.003 0.008 0.092 0.798 
 298 E _   0.006 0.080 0.000 0.011 0.004 0.009 0.091 0.800 
 299 G _   0.006 0.079 0.000 0.012 0.004 0.009 0.089 0.800 
 300 K _   0.006 0.078 0.000 0.014 0.004 0.009 0.087 0.800 
 301 E _   0.007 0.078 0.001 0.016 0.005 0.010 0.086 0.799 
 302 G _   0.007 0.077 0.001 0.017 0.005 0.010 0.084 0.799 
 303 G _   0.007 0.076 0.001 0.017 0.005 0.010 0.083 0.801 
 304 F _   0.007 0.073 0.001 0.017 0.005 0.010 0.082 0.806 
 305 I _   0.007 0.070 0.001 0.015 0.004 0.009 0.081 0.813 
 306 V _   0.007 0.065 0.000 0.013 0.004 0.009 0.080 0.822 
 307 R _   0.006 0.060 0.000 0.010 0.003 0.009 0.079 0.832 
 308 D _   0.006 0.057 0.000 0.008 0.003 0.009 0.078 0.839 
 309 S _   0.006 0.055 0.000 0.007 0.003 0.009 0.076 0.845 
 310 S _   0.006 0.054 0.000 0.006 0.003 0.010 0.075 0.846 
 311 K _   0.007 0.057 0.000 0.007 0.003 0.011 0.072 0.841 
 312 A _   0.008 0.064 0.001 0.010 0.005 0.014 0.070 0.829 
 313 G _   0.010 0.077 0.001 0.016 0.007 0.016 0.067 0.807 
 314 K _   0.011 0.098 0.001 0.024 0.010 0.018 0.063 0.776 
 315 Y _   0.011 0.121 0.001 0.034 0.012 0.020 0.059 0.742 
 316 T _   0.012 0.141 0.001 0.043 0.014 0.021 0.056 0.712 
 317 V _   0.011 0.154 0.001 0.050 0.015 0.021 0.054 0.694 
 318 S _   0.011 0.160 0.001 0.053 0.014 0.020 0.052 0.689 
 319 V _   0.011 0.160 0.001 0.051 0.013 0.019 0.051 0.694 
 320 F _   0.010 0.155 0.001 0.044 0.012 0.017 0.050 0.711 
 321 A _   0.009 0.144 0.001 0.035 0.010 0.016 0.049 0.736 
 322 K _   0.009 0.128 0.001 0.025 0.008 0.014 0.049 0.766 
 323 S _   0.008 0.110 0.001 0.017 0.006 0.013 0.049 0.797 
 324 T _   0.008 0.096 0.001 0.010 0.004 0.012 0.049 0.821 
 325 G _   0.007 0.088 0.000 0.007 0.003 0.012 0.048 0.835 
 326 D _   0.008 0.085 0.000 0.006 0.003 0.013 0.047 0.838 
 327 P _   0.009 0.087 0.000 0.006 0.004 0.014 0.046 0.833 
 328 Q _   0.011 0.094 0.001 0.009 0.006 0.017 0.044 0.818 
 329 G _   0.014 0.111 0.001 0.014 0.009 0.020 0.042 0.790 
 330 V _   0.015 0.139 0.001 0.021 0.012 0.023 0.039 0.749 
 331 I _   0.016 0.173 0.001 0.029 0.015 0.025 0.037 0.704 
 332 R _   0.016 0.202 0.002 0.036 0.017 0.026 0.035 0.667 
 333 H _   0.016 0.223 0.001 0.039 0.017 0.026 0.033 0.645 
 334 Y _   0.015 0.234 0.001 0.040 0.016 0.025 0.032 0.636 
 335 V _   0.014 0.239 0.001 0.038 0.015 0.024 0.031 0.637 
 336 V _   0.014 0.239 0.001 0.033 0.014 0.023 0.030 0.646 
 337 C _   0.013 0.235 0.001 0.027 0.012 0.022 0.030 0.661 
 338 S _   0.012 0.229 0.001 0.021 0.010 0.021 0.029 0.677 
 339 T _   0.012 0.221 0.001 0.016 0.009 0.020 0.029 0.692 
 340 P _   0.012 0.216 0.001 0.013 0.008 0.020 0.029 0.702 
 341 Q _   0.012 0.213 0.001 0.012 0.007 0.020 0.028 0.707 
 342 S _   0.012 0.212 0.001 0.012 0.007 0.020 0.028 0.707 
 343 Q _   0.012 0.215 0.001 0.014 0.008 0.020 0.027 0.703 
 344 Y _   0.013 0.220 0.001 0.016 0.009 0.020 0.027 0.695 
 345 Y _   0.013 0.226 0.001 0.019 0.010 0.020 0.026 0.685 
 346 L _   0.013 0.232 0.001 0.022 0.010 0.020 0.026 0.676 
 347 A _   0.013 0.236 0.001 0.024 0.011 0.020 0.025 0.671 
 348 A _   0.013 0.237 0.001 0.024 0.011 0.019 0.025 0.671 
 349 R _   0.012 0.235 0.001 0.024 0.010 0.018 0.025 0.675 
 350 N _   0.012 0.230 0.001 0.022 0.010 0.017 0.025 0.683 
 351 C _   0.012 0.222 0.001 0.020 0.009 0.016 0.025 0.694 
 352 L _   0.012 0.213 0.001 0.018 0.008 0.016 0.025 0.707 
 353 V _   0.012 0.203 0.001 0.015 0.007 0.015 0.026 0.720 
 354 N _   0.012 0.194 0.001 0.013 0.007 0.015 0.026 0.732 
 355 D _   0.012 0.186 0.001 0.012 0.006 0.015 0.027 0.741 
 356 Q _   0.012 0.181 0.001 0.012 0.006 0.015 0.027 0.747 
 357 G _   0.012 0.177 0.001 0.012 0.006 0.016 0.027 0.750 
 358 V _   0.012 0.176 0.001 0.013 0.006 0.016 0.027 0.749 
 359 V _   0.012 0.176 0.001 0.014 0.007 0.016 0.027 0.747 
 360 K _   0.012 0.177 0.001 0.017 0.007 0.017 0.027 0.742 
 361 V _   0.012 0.178 0.001 0.019 0.008 0.017 0.027 0.737 
 362 S _   0.012 0.180 0.001 0.022 0.009 0.017 0.027 0.732 
 363 D _   0.012 0.180 0.001 0.025 0.009 0.017 0.027 0.728 
 364 F _   0.012 0.178 0.001 0.028 0.010 0.016 0.028 0.728 
 365 G _   0.011 0.174 0.001 0.029 0.010 0.016 0.028 0.731 
 366 L _   0.011 0.166 0.001 0.029 0.009 0.015 0.029 0.740 
 367 S _   0.010 0.154 0.001 0.028 0.009 0.014 0.030 0.755 
 368 R _   0.010 0.138 0.001 0.025 0.008 0.013 0.031 0.775 
 369 Y _   0.009 0.118 0.001 0.021 0.006 0.011 0.032 0.801 
 370 V _   0.009 0.097 0.001 0.017 0.005 0.010 0.034 0.828 
 371 L _   0.008 0.077 0.001 0.013 0.004 0.009 0.035 0.853 
 372 D _   0.007 0.061 0.000 0.010 0.003 0.008 0.036 0.874 
 373 D _   0.007 0.049 0.000 0.008 0.003 0.008 0.036 0.890 
 374 E _   0.006 0.042 0.000 0.006 0.002 0.007 0.037 0.900 
 375 Y _   0.006 0.038 0.000 0.006 0.002 0.007 0.037 0.905 
 376 T _   0.006 0.036 0.000 0.006 0.002 0.007 0.036 0.906 
 377 S _   0.006 0.036 0.000 0.007 0.002 0.008 0.036 0.905 
 378 S _   0.006 0.038 0.000 0.009 0.003 0.009 0.035 0.900 
 379 V _   0.006 0.041 0.000 0.011 0.004 0.010 0.034 0.893 
 380 G _   0.007 0.045 0.001 0.014 0.005 0.011 0.033 0.885 
 381 S _   0.007 0.050 0.001 0.017 0.005 0.012 0.032 0.876 
 382 K _   0.008 0.054 0.001 0.019 0.006 0.013 0.031 0.869 
 383 F _   0.008 0.057 0.001 0.020 0.006 0.014 0.030 0.865 
 384 P _   0.008 0.059 0.001 0.020 0.007 0.014 0.029 0.862 
 385 V _   0.008 0.060 0.001 0.020 0.007 0.015 0.029 0.861 
 386 R _   0.008 0.060 0.001 0.020 0.007 0.015 0.028 0.861 
 387 W _   0.008 0.060 0.001 0.020 0.007 0.016 0.027 0.860 
 388 S _   0.009 0.060 0.001 0.021 0.008 0.016 0.027 0.858 
 389 P _   0.010 0.060 0.001 0.023 0.009 0.017 0.026 0.855 
 390 P _   0.011 0.060 0.001 0.025 0.009 0.017 0.026 0.851 
 391 E _   0.011 0.058 0.001 0.027 0.010 0.018 0.026 0.850 
 392 V _   0.012 0.055 0.001 0.028 0.010 0.018 0.026 0.851 
 393 L _   0.013 0.050 0.001 0.027 0.009 0.017 0.026 0.856 
 394 M _   0.015 0.043 0.001 0.024 0.009 0.016 0.026 0.867 
 395 Y _   0.017 0.033 0.001 0.019 0.007 0.015 0.026 0.882 
 396 S _   0.020 0.021 0.001 0.014 0.006 0.014 0.025 0.898 
 397 K _   0.026 0.011 0.001 0.009 0.005 0.013 0.025 0.909 
 398 F _   0.037 0.005 0.001 0.005 0.004 0.013 0.025 0.911 
 399 S _   0.056 0.001 0.000 0.003 0.004 0.013 0.024 0.899 
 400 S _   0.087 0.000 0.000 0.002 0.004 0.014 0.023 0.869 
 401 K _   0.139 0.000 0.001 0.002 0.005 0.017 0.021 0.815 
 402 S _   0.217 0.000 0.001 0.002 0.008 0.020 0.020 0.733 
 403 D _   0.319 0.000 0.001 0.002 0.012 0.025 0.018 0.623 
 404 I _   0.430 0.000 0.001 0.002 0.018 0.029 0.017 0.502 
 405 W H   0.531 0.000 0.002 0.002 0.026 0.033 0.016 0.391 
 406 A H   0.608 0.000 0.002 0.003 0.033 0.034 0.015 0.305 
 407 F H   0.662 0.000 0.002 0.003 0.037 0.035 0.015 0.245 
 408 G H   0.695 0.000 0.002 0.004 0.040 0.034 0.016 0.209 
 409 V H   0.711 0.001 0.002 0.004 0.041 0.032 0.017 0.191 
 410 L H   0.710 0.001 0.002 0.005 0.041 0.031 0.019 0.191 
 411 M H   0.695 0.001 0.002 0.005 0.040 0.029 0.022 0.206 
 412 W H   0.664 0.001 0.002 0.005 0.037 0.028 0.026 0.238 
 413 E H   0.617 0.000 0.002 0.005 0.033 0.026 0.031 0.285 
 414 I H   0.551 0.000 0.002 0.005 0.028 0.025 0.038 0.351 
 415 Y H   0.472 0.000 0.002 0.005 0.023 0.024 0.046 0.428 
 416 S _   0.388 0.000 0.002 0.005 0.018 0.022 0.055 0.509 
 417 L _   0.307 0.000 0.001 0.006 0.014 0.020 0.065 0.585 
 418 G _   0.234 0.000 0.001 0.007 0.011 0.019 0.075 0.652 
 419 K _   0.173 0.000 0.001 0.008 0.009 0.017 0.085 0.707 
 420 M _   0.122 0.000 0.001 0.008 0.007 0.015 0.094 0.753 
 421 P _   0.084 0.001 0.001 0.007 0.005 0.013 0.101 0.789 
 422 Y _   0.056 0.000 0.001 0.006 0.004 0.011 0.107 0.814 
 423 E _   0.037 0.000 0.000 0.005 0.003 0.010 0.112 0.832 
 424 R _   0.025 0.000 0.000 0.004 0.003 0.009 0.115 0.844 
 425 F _   0.017 0.001 0.000 0.003 0.002 0.008 0.118 0.850 
 426 T _   0.013 0.001 0.000 0.003 0.002 0.009 0.120 0.852 
 427 N _   0.011 0.001 0.000 0.003 0.002 0.010 0.122 0.850 
 428 S _   0.011 0.003 0.000 0.004 0.003 0.011 0.123 0.844 
 429 E _   0.012 0.006 0.000 0.006 0.004 0.014 0.125 0.831 
 430 T _   0.014 0.014 0.001 0.011 0.007 0.018 0.125 0.811 
 431 A _   0.016 0.026 0.001 0.018 0.010 0.022 0.126 0.781 
 432 E _   0.017 0.042 0.001 0.027 0.014 0.025 0.127 0.747 
 433 H _   0.018 0.058 0.001 0.037 0.017 0.027 0.128 0.714 
 434 I _   0.019 0.070 0.001 0.046 0.019 0.029 0.129 0.687 
 435 A _   0.019 0.077 0.001 0.052 0.020 0.029 0.132 0.671 
 436 Q _   0.018 0.080 0.001 0.053 0.019 0.028 0.135 0.665 
 437 G _   0.018 0.079 0.001 0.050 0.018 0.027 0.139 0.668 
 438 L _   0.017 0.073 0.001 0.044 0.016 0.025 0.144 0.679 
 439 R _   0.016 0.063 0.001 0.035 0.013 0.023 0.150 0.698 
 440 L _   0.015 0.049 0.001 0.025 0.011 0.021 0.157 0.721 
 441 Y _   0.014 0.034 0.001 0.017 0.008 0.019 0.163 0.744 
 442 R _   0.014 0.022 0.001 0.010 0.006 0.018 0.169 0.761 
 443 P _   0.013 0.014 0.001 0.006 0.004 0.017 0.174 0.771 
 444 H _   0.014 0.011 0.000 0.004 0.004 0.017 0.178 0.772 
 445 L _   0.015 0.009 0.000 0.004 0.004 0.019 0.182 0.767 
 446 A _   0.018 0.010 0.000 0.005 0.005 0.021 0.185 0.756 
 447 S _   0.022 0.013 0.001 0.007 0.008 0.025 0.188 0.737 
 448 E _   0.027 0.019 0.001 0.011 0.012 0.029 0.191 0.711 
 449 K _   0.031 0.030 0.001 0.019 0.017 0.033 0.194 0.676 
 450 V _   0.033 0.044 0.002 0.030 0.022 0.036 0.198 0.636 
 451 Y _   0.035 0.057 0.002 0.041 0.026 0.037 0.202 0.601 
 452 T _   0.035 0.066 0.002 0.050 0.028 0.037 0.208 0.574 
 453 I _   0.034 0.071 0.002 0.055 0.028 0.035 0.215 0.560 
 454 M _   0.031 0.071 0.002 0.056 0.026 0.033 0.224 0.556 
 455 Y _   0.028 0.068 0.002 0.051 0.022 0.029 0.235 0.564 
 456 S _   0.024 0.060 0.002 0.043 0.018 0.025 0.248 0.580 
 457 C _   0.021 0.048 0.001 0.032 0.013 0.021 0.261 0.603 
 458 W _   0.017 0.033 0.001 0.021 0.009 0.017 0.273 0.629 
 459 H _   0.014 0.019 0.001 0.012 0.006 0.014 0.285 0.651 
 460 E _   0.011 0.009 0.000 0.007 0.003 0.011 0.293 0.665 
 461 K _   0.009 0.005 0.000 0.004 0.002 0.010 0.300 0.671 
 462 A _   0.008 0.003 0.000 0.002 0.002 0.010 0.304 0.671 
 463 D _   0.009 0.002 0.000 0.002 0.002 0.011 0.308 0.666 
 464 E _   0.011 0.003 0.000 0.002 0.002 0.014 0.312 0.656 
 465 R _   0.016 0.005 0.000 0.004 0.004 0.018 0.314 0.638 
 466 P _   0.022 0.013 0.001 0.007 0.008 0.025 0.316 0.607 
 467 T _   0.029 0.035 0.001 0.014 0.016 0.033 0.318 0.555 
 468 F _   0.035 0.077 0.002 0.024 0.024 0.039 0.319 0.479 
 469 K _   0.038 0.132 0.003 0.037 0.031 0.043 0.322 0.395 
 470 I X   0.039 0.181 0.003 0.049 0.035 0.044 0.325 0.324 
 471 L X   0.038 0.215 0.002 0.060 0.036 0.044 0.332 0.274 
 472 L X   0.036 0.233 0.002 0.067 0.035 0.042 0.341 0.243 
 473 S X   0.034 0.241 0.002 0.070 0.033 0.039 0.353 0.228 
 474 N X   0.031 0.241 0.002 0.069 0.030 0.035 0.368 0.224 
 475 I X   0.027 0.234 0.002 0.064 0.026 0.031 0.387 0.231 
 476 L X   0.022 0.217 0.002 0.055 0.021 0.025 0.410 0.247 
 477 D X   0.017 0.190 0.002 0.044 0.016 0.020 0.439 0.273 
 478 V X   0.012 0.148 0.001 0.031 0.011 0.014 0.473 0.310 
 479 M X   0.007 0.096 0.001 0.019 0.005 0.007 0.510 0.355 
 480 D X   0.002 0.044 0.000 0.007 0.001 0.003 0.538 0.404 
 481 E X   0.000 0.018 0.000 0.003 0.000 0.001 0.547 0.431 
 482 E X   0.000 0.012 0.000 0.002 0.000 0.001 0.547 0.438 
 483 S X   0.002 0.011 0.001 0.007 0.002 0.002 0.538 0.436 
