#TopoPred_TM8: 8-state transmembrane topology prediction results by no_profile mode 
#probabilities are in the order of H E C I L F X _, the 8 transmembrane topology types used in PDBTM 
   1 M X   0.003 0.000 0.001 0.023 0.005 0.004 0.955 0.008 
   2 L X   0.001 0.000 0.000 0.009 0.001 0.001 0.983 0.006 
   3 S X   0.000 0.000 0.000 0.003 0.000 0.000 0.992 0.004 
   4 N X   0.000 0.000 0.000 0.001 0.000 0.000 0.995 0.004 
   5 S X   0.000 0.000 0.000 0.001 0.000 0.000 0.996 0.003 
   6 Q X   0.000 0.000 0.000 0.001 0.000 0.000 0.996 0.003 
   7 G X   0.000 0.000 0.000 0.000 0.000 0.000 0.997 0.002 
   8 Q X   0.000 0.000 0.000 0.000 0.000 0.000 0.997 0.002 
   9 S X   0.000 0.000 0.000 0.000 0.000 0.000 0.997 0.002 
  10 P X   0.000 0.000 0.000 0.000 0.000 0.000 0.997 0.002 
  11 P X   0.000 0.000 0.000 0.000 0.000 0.000 0.997 0.002 
  12 V X   0.000 0.000 0.000 0.000 0.000 0.000 0.997 0.002 
  13 P X   0.000 0.000 0.000 0.000 0.000 0.000 0.997 0.002 
  14 F X   0.000 0.000 0.000 0.000 0.000 0.000 0.997 0.002 
  15 P X   0.000 0.000 0.000 0.000 0.000 0.000 0.997 0.002 
  16 A X   0.000 0.000 0.000 0.000 0.000 0.000 0.998 0.002 
  17 P X   0.000 0.000 0.000 0.000 0.000 0.000 0.998 0.002 
  18 A X   0.000 0.000 0.000 0.000 0.000 0.000 0.998 0.002 
  19 P X   0.000 0.000 0.000 0.000 0.000 0.000 0.997 0.002 
  20 P X   0.000 0.000 0.000 0.000 0.000 0.000 0.997 0.002 
  21 P X   0.000 0.000 0.000 0.000 0.000 0.000 0.997 0.003 
  22 Q X   0.000 0.000 0.000 0.000 0.000 0.000 0.997 0.003 
  23 P X   0.000 0.000 0.000 0.000 0.000 0.000 0.996 0.003 
  24 P X   0.000 0.000 0.000 0.000 0.000 0.000 0.995 0.004 
  25 T X   0.000 0.000 0.000 0.000 0.000 0.000 0.994 0.005 
  26 P X   0.000 0.000 0.000 0.001 0.000 0.000 0.993 0.006 
  27 A X   0.000 0.000 0.000 0.001 0.000 0.000 0.992 0.007 
  28 L X   0.000 0.000 0.000 0.001 0.000 0.001 0.990 0.008 
  29 P X   0.000 0.000 0.000 0.001 0.000 0.001 0.988 0.010 
  30 H X   0.000 0.000 0.000 0.001 0.000 0.001 0.986 0.012 
  31 P X   0.000 0.000 0.000 0.001 0.000 0.001 0.983 0.014 
  32 P X   0.000 0.000 0.000 0.001 0.000 0.001 0.980 0.017 
  33 A X   0.000 0.000 0.000 0.001 0.000 0.001 0.977 0.021 
  34 Q X   0.000 0.000 0.000 0.001 0.000 0.001 0.972 0.026 
  35 P X   0.000 0.000 0.000 0.001 0.000 0.001 0.966 0.032 
  36 P X   0.001 0.000 0.000 0.001 0.000 0.001 0.959 0.039 
  37 P X   0.001 0.000 0.000 0.001 0.000 0.001 0.948 0.048 
  38 P X   0.001 0.000 0.000 0.001 0.000 0.002 0.935 0.060 
  39 P X   0.001 0.001 0.000 0.002 0.001 0.003 0.918 0.075 
  40 P X   0.002 0.002 0.000 0.003 0.001 0.005 0.896 0.091 
  41 Q X   0.002 0.004 0.000 0.007 0.003 0.008 0.867 0.109 
  42 Q X   0.003 0.011 0.001 0.013 0.005 0.011 0.829 0.127 
  43 F X   0.004 0.023 0.001 0.021 0.007 0.015 0.784 0.145 
  44 P X   0.005 0.040 0.001 0.032 0.010 0.018 0.734 0.161 
  45 Q X   0.005 0.057 0.001 0.042 0.011 0.020 0.686 0.178 
  46 F X   0.005 0.071 0.001 0.050 0.013 0.021 0.644 0.196 
  47 H X   0.005 0.081 0.001 0.054 0.013 0.021 0.608 0.216 
  48 V X   0.005 0.087 0.001 0.057 0.013 0.021 0.577 0.238 
  49 K X   0.005 0.091 0.001 0.056 0.013 0.020 0.551 0.263 
  50 S X   0.005 0.091 0.001 0.052 0.012 0.019 0.530 0.289 
  51 G X   0.005 0.089 0.001 0.048 0.012 0.018 0.511 0.316 
  52 L X   0.005 0.085 0.001 0.042 0.011 0.018 0.496 0.342 
  53 Q X   0.006 0.079 0.001 0.036 0.010 0.017 0.482 0.370 
  54 I X   0.006 0.070 0.001 0.029 0.008 0.015 0.471 0.399 
  55 K X   0.006 0.060 0.001 0.023 0.007 0.015 0.461 0.427 
  56 K _   0.006 0.049 0.001 0.018 0.006 0.014 0.451 0.455 
  57 N _   0.007 0.039 0.001 0.014 0.005 0.013 0.442 0.480 
  58 A _   0.007 0.030 0.001 0.010 0.004 0.013 0.432 0.503 
  59 I _   0.007 0.024 0.001 0.008 0.004 0.013 0.422 0.521 
  60 I _   0.008 0.020 0.000 0.006 0.004 0.014 0.412 0.536 
  61 D _   0.009 0.017 0.000 0.006 0.004 0.015 0.401 0.548 
  62 D _   0.011 0.016 0.001 0.006 0.004 0.018 0.389 0.556 
  63 Y _   0.013 0.017 0.001 0.006 0.006 0.021 0.376 0.560 
  64 K _   0.017 0.019 0.001 0.008 0.008 0.025 0.362 0.560 
  65 V _   0.021 0.022 0.001 0.011 0.011 0.030 0.348 0.556 
  66 T _   0.025 0.028 0.001 0.015 0.015 0.034 0.332 0.549 
  67 S _   0.030 0.034 0.001 0.020 0.019 0.038 0.317 0.540 
  68 Q _   0.034 0.042 0.002 0.024 0.023 0.041 0.304 0.531 
  69 V _   0.038 0.048 0.002 0.028 0.025 0.043 0.291 0.525 
  70 L _   0.042 0.053 0.002 0.029 0.027 0.044 0.280 0.524 
  71 G _   0.044 0.055 0.002 0.029 0.027 0.044 0.271 0.528 
  72 L _   0.046 0.056 0.002 0.029 0.027 0.043 0.262 0.535 
  73 G _   0.046 0.055 0.002 0.027 0.026 0.042 0.255 0.547 
  74 I _   0.047 0.054 0.002 0.025 0.024 0.040 0.250 0.560 
  75 N _   0.046 0.051 0.001 0.023 0.022 0.038 0.245 0.575 
  76 G _   0.044 0.047 0.001 0.021 0.019 0.035 0.241 0.591 
  77 K _   0.041 0.043 0.001 0.020 0.016 0.032 0.238 0.609 
  78 V _   0.038 0.039 0.001 0.018 0.013 0.028 0.236 0.627 
  79 L _   0.033 0.034 0.001 0.016 0.011 0.025 0.234 0.646 
  80 Q _   0.029 0.029 0.001 0.014 0.009 0.022 0.232 0.665 
  81 I _   0.025 0.024 0.001 0.011 0.007 0.019 0.229 0.684 
  82 F _   0.021 0.019 0.001 0.009 0.006 0.017 0.227 0.701 
  83 N _   0.018 0.016 0.001 0.007 0.005 0.015 0.224 0.714 
  84 K _   0.015 0.014 0.000 0.006 0.004 0.014 0.221 0.724 
  85 R _   0.014 0.014 0.000 0.006 0.004 0.013 0.218 0.731 
  86 T _   0.013 0.014 0.000 0.007 0.004 0.013 0.215 0.734 
  87 Q _   0.012 0.014 0.001 0.009 0.005 0.014 0.211 0.734 
  88 E _   0.012 0.016 0.001 0.012 0.006 0.014 0.208 0.732 
  89 K _   0.012 0.018 0.001 0.016 0.006 0.014 0.204 0.729 
  90 F _   0.012 0.019 0.001 0.019 0.007 0.014 0.201 0.727 
  91 A _   0.012 0.020 0.001 0.021 0.007 0.013 0.198 0.727 
  92 L _   0.011 0.020 0.001 0.021 0.007 0.013 0.196 0.731 
  93 K _   0.010 0.019 0.001 0.020 0.006 0.011 0.194 0.739 
  94 M _   0.010 0.016 0.001 0.016 0.005 0.010 0.192 0.750 
  95 L _   0.009 0.013 0.001 0.013 0.004 0.009 0.190 0.762 
  96 Q _   0.008 0.010 0.000 0.009 0.003 0.008 0.189 0.774 
  97 D _   0.007 0.007 0.000 0.006 0.002 0.007 0.187 0.784 
  98 C _   0.007 0.005 0.000 0.005 0.002 0.007 0.184 0.791 
  99 P _   0.006 0.004 0.000 0.004 0.002 0.007 0.182 0.796 
 100 K _   0.006 0.003 0.000 0.004 0.002 0.007 0.179 0.798 
 101 A _   0.007 0.003 0.000 0.005 0.002 0.008 0.175 0.799 
 102 R _   0.008 0.004 0.000 0.007 0.003 0.010 0.171 0.797 
 103 R _   0.008 0.005 0.000 0.009 0.004 0.011 0.167 0.795 
 104 E _   0.009 0.007 0.001 0.012 0.005 0.013 0.162 0.792 
 105 V _   0.009 0.008 0.001 0.015 0.006 0.014 0.157 0.791 
 106 E _   0.009 0.010 0.001 0.017 0.007 0.015 0.152 0.790 
 107 L _   0.009 0.010 0.001 0.018 0.007 0.016 0.147 0.792 
 108 H _   0.010 0.011 0.001 0.018 0.007 0.016 0.142 0.796 
 109 W _   0.010 0.010 0.001 0.017 0.007 0.017 0.138 0.800 
 110 R _   0.011 0.010 0.001 0.015 0.007 0.017 0.134 0.805 
 111 A _   0.011 0.009 0.001 0.014 0.007 0.018 0.130 0.810 
 112 S _   0.013 0.008 0.001 0.012 0.007 0.019 0.127 0.813 
 113 Q _   0.014 0.008 0.001 0.012 0.008 0.020 0.123 0.815 
 114 C _   0.016 0.007 0.001 0.011 0.008 0.021 0.120 0.815 
 115 P _   0.019 0.007 0.001 0.012 0.009 0.023 0.117 0.813 
 116 H _   0.022 0.007 0.001 0.013 0.010 0.024 0.113 0.810 
 117 I _   0.025 0.007 0.001 0.014 0.011 0.026 0.111 0.805 
 118 V _   0.028 0.007 0.001 0.016 0.012 0.027 0.108 0.801 
 119 R _   0.031 0.007 0.001 0.017 0.013 0.028 0.105 0.798 
 120 I _   0.034 0.007 0.001 0.017 0.014 0.029 0.103 0.796 
 121 V _   0.037 0.006 0.001 0.017 0.013 0.029 0.100 0.797 
 122 D _   0.040 0.005 0.001 0.015 0.013 0.029 0.098 0.799 
 123 V _   0.045 0.004 0.001 0.013 0.011 0.028 0.096 0.802 
 124 Y _   0.051 0.003 0.001 0.010 0.010 0.028 0.094 0.804 
 125 E _   0.058 0.001 0.001 0.007 0.008 0.028 0.092 0.804 
 126 N _   0.069 0.001 0.001 0.005 0.007 0.028 0.090 0.799 
 127 L _   0.083 0.000 0.001 0.004 0.007 0.029 0.088 0.788 
 128 Y _   0.102 0.000 0.001 0.003 0.007 0.031 0.085 0.770 
 129 A _   0.127 0.000 0.001 0.002 0.009 0.034 0.083 0.743 
 130 G _   0.158 0.000 0.001 0.002 0.012 0.039 0.080 0.707 
 131 R _   0.195 0.000 0.001 0.003 0.017 0.044 0.078 0.662 
 132 K _   0.232 0.000 0.001 0.004 0.023 0.049 0.076 0.614 
 133 C _   0.266 0.001 0.002 0.006 0.031 0.054 0.075 0.566 
 134 L _   0.292 0.002 0.002 0.008 0.038 0.057 0.074 0.525 
 135 L _   0.312 0.004 0.002 0.011 0.044 0.059 0.074 0.494 
 136 I _   0.321 0.006 0.002 0.015 0.048 0.059 0.074 0.474 
 137 V _   0.322 0.008 0.002 0.017 0.048 0.057 0.075 0.470 
 138 M _   0.311 0.009 0.002 0.018 0.046 0.054 0.077 0.481 
 139 E _   0.292 0.009 0.002 0.018 0.042 0.050 0.080 0.507 
 140 C _   0.266 0.008 0.002 0.016 0.036 0.046 0.083 0.544 
 141 L _   0.234 0.007 0.002 0.014 0.029 0.041 0.086 0.587 
 142 D _   0.198 0.006 0.002 0.013 0.023 0.037 0.089 0.633 
 143 G _   0.162 0.005 0.001 0.011 0.018 0.032 0.093 0.678 
 144 G _   0.130 0.004 0.001 0.011 0.013 0.028 0.097 0.716 
 145 E _   0.101 0.004 0.001 0.011 0.010 0.024 0.100 0.748 
 146 L _   0.077 0.003 0.001 0.011 0.008 0.021 0.104 0.775 
 147 F _   0.057 0.003 0.001 0.011 0.007 0.018 0.107 0.797 
 148 S _   0.040 0.003 0.001 0.011 0.005 0.015 0.109 0.816 
 149 R _   0.028 0.002 0.001 0.010 0.004 0.012 0.111 0.832 
 150 I _   0.019 0.002 0.000 0.008 0.003 0.010 0.113 0.844 
 151 Q _   0.014 0.002 0.000 0.007 0.003 0.008 0.114 0.853 
 152 D _   0.010 0.001 0.000 0.005 0.002 0.007 0.115 0.859 
 153 R _   0.008 0.001 0.000 0.005 0.002 0.006 0.115 0.864 
 154 G _   0.006 0.001 0.000 0.004 0.002 0.006 0.115 0.866 
 155 D _   0.005 0.001 0.000 0.004 0.002 0.006 0.114 0.867 
 156 Q _   0.005 0.002 0.000 0.004 0.002 0.006 0.113 0.867 
 157 A _   0.005 0.003 0.000 0.005 0.002 0.007 0.112 0.865 
 158 F _   0.005 0.004 0.000 0.006 0.002 0.009 0.111 0.862 
 159 T _   0.006 0.005 0.000 0.008 0.003 0.010 0.109 0.858 
 160 E _   0.006 0.008 0.000 0.009 0.004 0.013 0.107 0.853 
 161 R _   0.008 0.011 0.001 0.010 0.004 0.015 0.105 0.846 
 162 E _   0.009 0.014 0.001 0.012 0.005 0.018 0.102 0.838 
 163 A _   0.012 0.019 0.001 0.013 0.007 0.022 0.099 0.827 
 164 S _   0.015 0.024 0.001 0.015 0.009 0.027 0.097 0.813 
 165 E _   0.020 0.029 0.001 0.016 0.012 0.032 0.094 0.795 
 166 I _   0.027 0.036 0.001 0.018 0.016 0.037 0.091 0.774 
 167 M _   0.035 0.043 0.001 0.020 0.020 0.043 0.089 0.749 
 168 K _   0.043 0.052 0.002 0.023 0.025 0.048 0.087 0.721 
 169 S _   0.051 0.060 0.002 0.026 0.030 0.052 0.085 0.694 
 170 I _   0.059 0.068 0.002 0.029 0.034 0.055 0.083 0.671 
 171 G _   0.066 0.074 0.002 0.031 0.036 0.056 0.083 0.652 
 172 E _   0.071 0.079 0.002 0.033 0.038 0.056 0.082 0.639 
 173 A _   0.075 0.082 0.002 0.033 0.038 0.055 0.082 0.633 
 174 I _   0.076 0.083 0.002 0.033 0.036 0.053 0.083 0.634 
 175 Q _   0.074 0.082 0.002 0.033 0.033 0.049 0.085 0.643 
 176 Y _   0.069 0.079 0.002 0.032 0.030 0.045 0.086 0.658 
 177 L _   0.063 0.074 0.002 0.030 0.025 0.040 0.089 0.677 
 178 H _   0.056 0.067 0.002 0.028 0.021 0.035 0.091 0.700 
 179 S _   0.048 0.059 0.001 0.025 0.016 0.030 0.094 0.726 
 180 I _   0.041 0.050 0.001 0.022 0.013 0.025 0.097 0.752 
 181 N _   0.033 0.040 0.001 0.018 0.009 0.021 0.100 0.778 
 182 I _   0.027 0.030 0.001 0.014 0.007 0.017 0.103 0.801 
 183 A _   0.022 0.022 0.001 0.010 0.005 0.014 0.105 0.821 
 184 H _   0.017 0.016 0.000 0.008 0.004 0.012 0.107 0.835 
 185 R _   0.014 0.012 0.000 0.006 0.003 0.010 0.108 0.846 
 186 D _   0.011 0.010 0.000 0.005 0.003 0.009 0.109 0.853 
 187 V _   0.010 0.008 0.000 0.005 0.002 0.008 0.109 0.857 
 188 K _   0.009 0.008 0.000 0.005 0.002 0.008 0.109 0.859 
 189 P _   0.008 0.008 0.000 0.006 0.002 0.008 0.109 0.858 
 190 E _   0.008 0.009 0.000 0.007 0.003 0.008 0.108 0.857 
 191 N _   0.008 0.011 0.000 0.007 0.003 0.008 0.107 0.856 
 192 L _   0.007 0.012 0.000 0.008 0.003 0.008 0.106 0.855 
 193 L _   0.007 0.014 0.000 0.008 0.003 0.008 0.104 0.855 
 194 Y _   0.007 0.017 0.000 0.008 0.003 0.008 0.102 0.855 
 195 T _   0.006 0.019 0.000 0.008 0.003 0.009 0.100 0.854 
 196 S _   0.006 0.023 0.000 0.008 0.003 0.009 0.098 0.852 
 197 K _   0.006 0.027 0.000 0.009 0.003 0.010 0.095 0.848 
 198 R _   0.007 0.034 0.000 0.010 0.004 0.012 0.093 0.840 
 199 P _   0.008 0.045 0.001 0.012 0.005 0.013 0.089 0.827 
 200 N _   0.009 0.061 0.001 0.015 0.006 0.016 0.086 0.806 
 201 A _   0.010 0.083 0.001 0.020 0.008 0.018 0.082 0.779 
 202 I _   0.011 0.109 0.001 0.025 0.010 0.019 0.077 0.748 
 203 L _   0.011 0.134 0.001 0.032 0.012 0.020 0.073 0.716 
 204 K _   0.011 0.156 0.001 0.038 0.013 0.021 0.070 0.690 
 205 L _   0.011 0.172 0.001 0.043 0.014 0.021 0.066 0.671 
 206 T _   0.011 0.182 0.001 0.046 0.014 0.021 0.064 0.660 
 207 D _   0.011 0.187 0.001 0.048 0.014 0.021 0.062 0.656 
 208 F _   0.011 0.188 0.001 0.048 0.014 0.020 0.061 0.658 
 209 G _   0.011 0.184 0.001 0.046 0.013 0.019 0.060 0.667 
 210 F _   0.011 0.176 0.001 0.042 0.011 0.017 0.060 0.682 
 211 A _   0.011 0.161 0.001 0.036 0.010 0.016 0.060 0.705 
 212 K _   0.011 0.140 0.001 0.030 0.009 0.014 0.060 0.735 
 213 E _   0.010 0.115 0.001 0.023 0.007 0.013 0.060 0.770 
 214 T _   0.010 0.090 0.001 0.017 0.005 0.011 0.061 0.805 
 215 T _   0.009 0.070 0.001 0.012 0.004 0.010 0.061 0.834 
 216 S _   0.008 0.055 0.000 0.009 0.003 0.009 0.061 0.855 
 217 H _   0.007 0.046 0.000 0.007 0.003 0.009 0.060 0.868 
 218 N _   0.007 0.041 0.000 0.006 0.002 0.009 0.059 0.875 
 219 S _   0.007 0.039 0.000 0.006 0.003 0.009 0.058 0.878 
 220 L _   0.007 0.039 0.000 0.007 0.003 0.009 0.057 0.878 
 221 T _   0.007 0.040 0.000 0.008 0.003 0.010 0.055 0.875 
 222 T _   0.008 0.043 0.000 0.011 0.004 0.011 0.053 0.870 
 223 P _   0.008 0.047 0.001 0.013 0.005 0.012 0.051 0.863 
 224 C _   0.008 0.051 0.001 0.017 0.006 0.013 0.049 0.856 
 225 Y _   0.008 0.056 0.001 0.020 0.007 0.014 0.046 0.849 
 226 T _   0.009 0.061 0.001 0.022 0.007 0.014 0.044 0.842 
 227 P _   0.009 0.065 0.001 0.025 0.008 0.015 0.042 0.836 
 228 Y _   0.009 0.068 0.001 0.028 0.009 0.015 0.040 0.831 
 229 Y _   0.009 0.070 0.001 0.031 0.009 0.015 0.038 0.828 
 230 V _   0.008 0.070 0.001 0.032 0.009 0.015 0.037 0.827 
 231 A _   0.008 0.070 0.001 0.034 0.009 0.015 0.035 0.828 
 232 P _   0.008 0.067 0.001 0.033 0.009 0.014 0.034 0.833 
 233 E _   0.009 0.063 0.001 0.032 0.008 0.014 0.033 0.840 
 234 V _   0.009 0.056 0.001 0.029 0.008 0.013 0.033 0.853 
 235 L _   0.009 0.046 0.001 0.024 0.006 0.011 0.032 0.870 
 236 G _   0.009 0.034 0.001 0.019 0.005 0.010 0.032 0.891 
 237 P _   0.010 0.022 0.001 0.013 0.004 0.008 0.031 0.911 
 238 E _   0.011 0.011 0.000 0.008 0.003 0.007 0.030 0.928 
 239 K _   0.015 0.005 0.000 0.005 0.002 0.006 0.029 0.938 
 240 Y _   0.022 0.001 0.000 0.003 0.002 0.006 0.028 0.939 
 241 D _   0.036 0.000 0.000 0.002 0.002 0.006 0.026 0.929 
 242 K _   0.065 0.000 0.000 0.001 0.002 0.007 0.023 0.901 
 243 S _   0.122 0.000 0.000 0.001 0.003 0.008 0.020 0.844 
 244 C _   0.220 0.000 0.001 0.001 0.005 0.011 0.016 0.746 
 245 D _   0.355 0.000 0.001 0.001 0.008 0.013 0.012 0.610 
 246 M H   0.509 0.000 0.001 0.001 0.012 0.015 0.008 0.454 
 247 W H   0.649 0.000 0.001 0.001 0.015 0.016 0.006 0.311 
 248 S H   0.753 0.000 0.001 0.001 0.019 0.016 0.004 0.207 
 249 L H   0.820 0.000 0.001 0.001 0.021 0.015 0.003 0.139 
 250 G H   0.862 0.000 0.001 0.001 0.022 0.014 0.002 0.098 
 251 V H   0.886 0.000 0.001 0.001 0.022 0.012 0.002 0.075 
 252 I H   0.895 0.000 0.001 0.001 0.023 0.011 0.002 0.067 
 253 M H   0.893 0.000 0.001 0.001 0.023 0.010 0.002 0.068 
 254 Y H   0.879 0.000 0.001 0.001 0.024 0.010 0.003 0.081 
 255 I H   0.849 0.000 0.002 0.001 0.024 0.010 0.003 0.110 
 256 L H   0.793 0.000 0.002 0.002 0.025 0.011 0.005 0.163 
 257 L H   0.709 0.000 0.002 0.002 0.023 0.011 0.007 0.245 
 258 C H   0.596 0.000 0.002 0.003 0.019 0.012 0.011 0.359 
 259 G _   0.466 0.000 0.002 0.003 0.014 0.011 0.015 0.489 
 260 Y _   0.341 0.000 0.001 0.003 0.010 0.010 0.020 0.616 
 261 P _   0.231 0.000 0.001 0.002 0.006 0.009 0.024 0.726 
 262 P _   0.146 0.000 0.001 0.002 0.004 0.008 0.028 0.810 
 263 F _   0.089 0.000 0.000 0.002 0.003 0.008 0.031 0.866 
 264 Y _   0.054 0.000 0.000 0.002 0.002 0.007 0.033 0.900 
 265 S _   0.035 0.000 0.000 0.002 0.002 0.008 0.035 0.918 
 266 N _   0.024 0.001 0.000 0.003 0.002 0.009 0.036 0.924 
 267 H _   0.019 0.004 0.000 0.005 0.003 0.010 0.037 0.923 
 268 G _   0.016 0.009 0.000 0.007 0.004 0.012 0.038 0.914 
 269 L _   0.015 0.018 0.001 0.011 0.005 0.014 0.038 0.898 
 270 A _   0.014 0.032 0.001 0.015 0.007 0.016 0.039 0.876 
 271 I _   0.014 0.048 0.001 0.020 0.009 0.018 0.039 0.851 
 272 S _   0.014 0.065 0.001 0.025 0.010 0.019 0.039 0.827 
 273 P _   0.013 0.079 0.001 0.029 0.012 0.021 0.039 0.806 
 274 G _   0.014 0.091 0.001 0.033 0.013 0.022 0.040 0.787 
 275 M _   0.014 0.100 0.001 0.036 0.014 0.022 0.041 0.772 
 276 K _   0.014 0.106 0.001 0.038 0.014 0.022 0.042 0.761 
 277 T _   0.015 0.109 0.001 0.040 0.014 0.022 0.044 0.755 
 278 R _   0.015 0.110 0.001 0.041 0.014 0.021 0.046 0.753 
 279 I _   0.014 0.107 0.001 0.040 0.013 0.020 0.048 0.756 
 280 R _   0.014 0.102 0.001 0.038 0.012 0.019 0.051 0.763 
 281 M _   0.013 0.094 0.001 0.034 0.010 0.017 0.054 0.776 
 282 G _   0.012 0.081 0.001 0.029 0.009 0.015 0.058 0.795 
 283 Q _   0.011 0.065 0.001 0.023 0.007 0.013 0.062 0.817 
 284 Y _   0.010 0.048 0.001 0.017 0.005 0.012 0.066 0.841 
 285 E _   0.009 0.032 0.001 0.012 0.004 0.010 0.069 0.863 
 286 F _   0.008 0.019 0.000 0.008 0.003 0.009 0.072 0.881 
 287 P _   0.007 0.012 0.000 0.005 0.002 0.008 0.074 0.893 
 288 N _   0.006 0.008 0.000 0.003 0.002 0.008 0.075 0.898 
 289 P _   0.006 0.006 0.000 0.003 0.002 0.008 0.076 0.899 
 290 E _   0.007 0.006 0.000 0.003 0.002 0.010 0.076 0.895 
 291 W _   0.010 0.007 0.000 0.004 0.003 0.014 0.076 0.886 
 292 S _   0.014 0.011 0.000 0.006 0.005 0.019 0.076 0.870 
 293 E _   0.019 0.019 0.001 0.010 0.008 0.026 0.075 0.843 
 294 V _   0.024 0.035 0.001 0.017 0.013 0.033 0.073 0.803 
 295 S _   0.030 0.060 0.002 0.025 0.020 0.040 0.072 0.752 
 296 E _   0.034 0.087 0.002 0.036 0.026 0.046 0.070 0.698 
 297 E _   0.038 0.112 0.002 0.046 0.031 0.049 0.069 0.653 
 298 V _   0.041 0.128 0.002 0.054 0.035 0.051 0.068 0.621 
 299 K _   0.043 0.138 0.002 0.059 0.036 0.051 0.068 0.603 
 300 M _   0.044 0.141 0.002 0.060 0.036 0.050 0.069 0.597 
 301 L _   0.044 0.140 0.002 0.058 0.034 0.048 0.070 0.604 
 302 I _   0.044 0.132 0.002 0.052 0.031 0.044 0.072 0.622 
 303 R _   0.042 0.118 0.002 0.044 0.027 0.041 0.075 0.652 
 304 N _   0.039 0.097 0.002 0.034 0.022 0.037 0.078 0.690 
 305 L _   0.037 0.071 0.002 0.025 0.017 0.033 0.082 0.734 
 306 L _   0.034 0.046 0.001 0.016 0.012 0.029 0.085 0.775 
 307 K _   0.031 0.028 0.001 0.010 0.009 0.027 0.088 0.807 
 308 T _   0.028 0.017 0.001 0.007 0.006 0.024 0.090 0.827 
 309 E _   0.026 0.013 0.001 0.005 0.005 0.023 0.092 0.836 
 310 P _   0.025 0.011 0.001 0.004 0.005 0.023 0.093 0.838 
 311 T _   0.026 0.011 0.001 0.005 0.005 0.024 0.094 0.834 
 312 Q _   0.028 0.012 0.001 0.006 0.007 0.026 0.095 0.825 
 313 R _   0.030 0.015 0.001 0.009 0.009 0.028 0.097 0.812 
 314 M _   0.033 0.020 0.001 0.012 0.011 0.030 0.098 0.795 
 315 T _   0.034 0.026 0.001 0.016 0.014 0.032 0.099 0.777 
 316 I _   0.035 0.033 0.001 0.019 0.016 0.034 0.100 0.761 
 317 T _   0.036 0.039 0.001 0.022 0.018 0.035 0.102 0.747 
 318 E _   0.036 0.043 0.001 0.024 0.019 0.035 0.104 0.738 
 319 F _   0.035 0.047 0.001 0.025 0.019 0.034 0.106 0.732 
 320 M _   0.035 0.049 0.001 0.026 0.019 0.034 0.109 0.727 
 321 N _   0.034 0.050 0.001 0.026 0.019 0.033 0.112 0.724 
 322 H _   0.033 0.051 0.001 0.026 0.018 0.031 0.116 0.724 
 323 P _   0.032 0.050 0.001 0.025 0.017 0.029 0.120 0.724 
 324 W _   0.031 0.048 0.001 0.024 0.015 0.027 0.125 0.727 
 325 I _   0.029 0.046 0.001 0.023 0.014 0.025 0.131 0.733 
 326 M _   0.026 0.042 0.001 0.021 0.012 0.023 0.136 0.740 
 327 Q _   0.023 0.037 0.001 0.018 0.010 0.020 0.142 0.749 
 328 S _   0.020 0.031 0.001 0.015 0.008 0.018 0.148 0.759 
 329 T _   0.018 0.026 0.001 0.012 0.007 0.016 0.153 0.768 
 330 K _   0.015 0.022 0.001 0.010 0.005 0.014 0.159 0.775 
 331 V _   0.013 0.018 0.001 0.008 0.004 0.013 0.163 0.779 
 332 P _   0.012 0.016 0.000 0.008 0.004 0.012 0.168 0.781 
 333 Q _   0.011 0.015 0.000 0.008 0.004 0.011 0.172 0.779 
 334 T _   0.010 0.014 0.000 0.008 0.004 0.011 0.176 0.776 
 335 P _   0.010 0.014 0.000 0.010 0.004 0.010 0.180 0.771 
 336 L _   0.009 0.015 0.001 0.012 0.004 0.010 0.184 0.765 
 337 H _   0.009 0.015 0.001 0.013 0.005 0.010 0.188 0.759 
 338 T _   0.009 0.015 0.001 0.015 0.005 0.010 0.193 0.754 
 339 S _   0.008 0.015 0.001 0.015 0.005 0.009 0.197 0.750 
 340 R _   0.007 0.014 0.001 0.014 0.004 0.009 0.202 0.749 
 341 V _   0.007 0.013 0.000 0.013 0.004 0.008 0.206 0.750 
 342 L _   0.006 0.011 0.000 0.010 0.003 0.007 0.210 0.751 
 343 K _   0.005 0.010 0.000 0.008 0.002 0.006 0.214 0.753 
 344 E _   0.005 0.008 0.000 0.006 0.002 0.006 0.218 0.755 
 345 D _   0.004 0.008 0.000 0.005 0.002 0.005 0.220 0.755 
 346 K _   0.004 0.007 0.000 0.004 0.002 0.006 0.222 0.755 
 347 E _   0.004 0.008 0.000 0.004 0.001 0.006 0.224 0.753 
 348 R _   0.004 0.009 0.000 0.004 0.002 0.007 0.225 0.749 
 349 W _   0.005 0.012 0.000 0.005 0.002 0.009 0.225 0.742 
 350 E _   0.006 0.017 0.000 0.007 0.003 0.011 0.225 0.731 
 351 D _   0.008 0.027 0.001 0.009 0.004 0.015 0.224 0.713 
 352 V _   0.010 0.043 0.001 0.013 0.007 0.019 0.222 0.686 
 353 K _   0.012 0.066 0.001 0.018 0.010 0.023 0.220 0.651 
 354 E _   0.014 0.094 0.001 0.024 0.013 0.027 0.218 0.608 
 355 E _   0.017 0.124 0.001 0.031 0.017 0.030 0.216 0.564 
 356 M _   0.019 0.150 0.002 0.037 0.021 0.033 0.215 0.523 
 357 T _   0.021 0.171 0.002 0.042 0.024 0.035 0.215 0.491 
 358 S _   0.023 0.185 0.002 0.047 0.025 0.035 0.216 0.468 
 359 A _   0.024 0.193 0.002 0.049 0.026 0.035 0.218 0.454 
 360 L _   0.025 0.196 0.002 0.050 0.025 0.034 0.222 0.447 
 361 A _   0.025 0.195 0.002 0.047 0.024 0.032 0.227 0.448 
 362 T _   0.026 0.188 0.002 0.043 0.022 0.030 0.233 0.456 
 363 M _   0.025 0.176 0.002 0.038 0.019 0.028 0.240 0.472 
 364 R _   0.024 0.160 0.001 0.033 0.017 0.025 0.249 0.491 
 365 V _   0.022 0.139 0.001 0.027 0.014 0.023 0.259 0.514 
 366 D _   0.021 0.117 0.001 0.023 0.011 0.020 0.270 0.536 
 367 Y _   0.019 0.097 0.001 0.019 0.009 0.018 0.281 0.556 
 368 E _   0.017 0.079 0.001 0.016 0.008 0.016 0.291 0.572 
 369 Q _   0.015 0.065 0.001 0.013 0.006 0.014 0.302 0.584 
 370 I _   0.013 0.053 0.001 0.011 0.005 0.012 0.311 0.593 
 371 K _   0.012 0.044 0.001 0.010 0.004 0.011 0.320 0.599 
 372 I _   0.010 0.038 0.000 0.008 0.003 0.009 0.327 0.603 
 373 K _   0.009 0.033 0.000 0.007 0.003 0.008 0.334 0.606 
 374 K _   0.008 0.029 0.000 0.006 0.002 0.007 0.340 0.607 
 375 I _   0.007 0.027 0.000 0.005 0.002 0.007 0.345 0.607 
 376 E _   0.006 0.026 0.000 0.005 0.002 0.006 0.349 0.605 
 377 D _   0.006 0.026 0.000 0.005 0.002 0.006 0.353 0.602 
 378 A _   0.005 0.027 0.000 0.005 0.002 0.006 0.356 0.597 
 379 S _   0.005 0.030 0.000 0.006 0.002 0.007 0.359 0.591 
 380 N _   0.005 0.033 0.000 0.007 0.002 0.007 0.362 0.583 
 381 P _   0.005 0.037 0.000 0.008 0.003 0.008 0.364 0.575 
 382 L _   0.005 0.042 0.000 0.009 0.003 0.008 0.366 0.566 
 383 L _   0.005 0.048 0.000 0.009 0.003 0.009 0.367 0.558 
 384 L _   0.005 0.054 0.000 0.009 0.003 0.010 0.368 0.550 
 385 K _   0.005 0.060 0.000 0.009 0.003 0.011 0.369 0.542 
 386 R _   0.006 0.068 0.000 0.009 0.003 0.012 0.369 0.532 
 387 R _   0.007 0.079 0.000 0.010 0.004 0.014 0.368 0.518 
 388 K _   0.008 0.096 0.001 0.012 0.006 0.016 0.366 0.495 
 389 K _   0.010 0.125 0.001 0.015 0.008 0.019 0.364 0.458 
 390 A _   0.011 0.174 0.001 0.020 0.012 0.021 0.360 0.400 
 391 R X   0.011 0.244 0.002 0.026 0.014 0.021 0.356 0.325 
 392 A X   0.010 0.319 0.002 0.032 0.015 0.019 0.353 0.251 
 393 L E   0.008 0.379 0.001 0.035 0.013 0.016 0.352 0.196 
 394 E E   0.006 0.418 0.001 0.037 0.010 0.012 0.353 0.164 
 395 A E   0.004 0.436 0.001 0.036 0.007 0.009 0.356 0.152 
 396 A E   0.003 0.441 0.001 0.034 0.004 0.005 0.361 0.152 
 397 A E   0.002 0.438 0.000 0.028 0.002 0.003 0.367 0.161 
 398 L E   0.001 0.425 0.000 0.022 0.001 0.002 0.370 0.180 
 399 A E   0.001 0.402 0.000 0.021 0.001 0.002 0.369 0.205 
 400 H E   0.004 0.377 0.002 0.029 0.005 0.004 0.361 0.218 
