#TopoPred_TM8: 8-state transmembrane topology prediction results by no_profile mode 
#probabilities are in the order of H E C I L F X _, the 8 transmembrane topology types used in PDBTM 
   1 M _   0.016 0.001 0.002 0.027 0.008 0.009 0.395 0.541 
   2 R _   0.004 0.000 0.000 0.009 0.001 0.004 0.400 0.581 
   3 P _   0.003 0.000 0.000 0.003 0.000 0.003 0.397 0.594 
   4 S _   0.011 0.000 0.000 0.002 0.001 0.005 0.386 0.595 
   5 G _   0.054 0.000 0.001 0.003 0.004 0.012 0.359 0.567 
   6 T _   0.180 0.000 0.001 0.003 0.012 0.024 0.304 0.475 
   7 A _   0.340 0.000 0.002 0.003 0.020 0.035 0.247 0.354 
   8 G H   0.483 0.000 0.002 0.003 0.028 0.041 0.196 0.247 
   9 A H   0.582 0.000 0.002 0.004 0.036 0.042 0.160 0.174 
  10 A H   0.641 0.000 0.002 0.004 0.041 0.040 0.137 0.133 
  11 L H   0.678 0.000 0.002 0.005 0.044 0.037 0.123 0.111 
  12 L H   0.698 0.001 0.002 0.005 0.044 0.034 0.113 0.104 
  13 A H   0.704 0.001 0.002 0.004 0.043 0.030 0.107 0.108 
  14 L H   0.697 0.001 0.002 0.004 0.041 0.027 0.103 0.126 
  15 L H   0.674 0.000 0.002 0.004 0.037 0.025 0.100 0.158 
  16 A H   0.631 0.000 0.002 0.003 0.032 0.022 0.099 0.210 
  17 A H   0.569 0.000 0.002 0.003 0.026 0.020 0.099 0.281 
  18 L H   0.491 0.000 0.002 0.003 0.019 0.018 0.100 0.368 
  19 C _   0.405 0.000 0.001 0.003 0.013 0.015 0.101 0.461 
  20 P _   0.319 0.000 0.001 0.003 0.009 0.014 0.103 0.551 
  21 A _   0.242 0.000 0.001 0.003 0.007 0.012 0.105 0.631 
  22 S _   0.178 0.000 0.001 0.003 0.005 0.011 0.106 0.696 
  23 R _   0.128 0.000 0.001 0.003 0.004 0.010 0.107 0.746 
  24 A _   0.091 0.000 0.000 0.004 0.004 0.010 0.108 0.784 
  25 L _   0.065 0.000 0.000 0.004 0.003 0.009 0.108 0.810 
  26 E _   0.046 0.000 0.000 0.005 0.003 0.009 0.107 0.829 
  27 E _   0.033 0.000 0.000 0.005 0.003 0.009 0.107 0.842 
  28 K _   0.024 0.001 0.000 0.006 0.003 0.009 0.106 0.852 
  29 K _   0.019 0.001 0.000 0.006 0.003 0.009 0.104 0.859 
  30 V _   0.015 0.001 0.000 0.006 0.003 0.009 0.103 0.864 
  31 C _   0.012 0.001 0.000 0.006 0.003 0.009 0.100 0.868 
  32 Q _   0.010 0.002 0.000 0.006 0.003 0.010 0.098 0.871 
  33 G _   0.010 0.002 0.000 0.006 0.003 0.010 0.096 0.873 
  34 T _   0.010 0.003 0.000 0.006 0.003 0.012 0.093 0.872 
  35 S _   0.010 0.004 0.000 0.007 0.004 0.014 0.090 0.870 
  36 N _   0.012 0.005 0.001 0.009 0.005 0.016 0.087 0.866 
  37 K _   0.013 0.008 0.001 0.011 0.007 0.019 0.083 0.859 
  38 L _   0.015 0.010 0.001 0.013 0.008 0.022 0.080 0.851 
  39 T _   0.018 0.013 0.001 0.016 0.010 0.025 0.077 0.841 
  40 Q _   0.020 0.017 0.001 0.019 0.012 0.028 0.073 0.831 
  41 L _   0.022 0.019 0.001 0.021 0.014 0.030 0.070 0.822 
  42 G _   0.024 0.021 0.001 0.023 0.016 0.032 0.067 0.816 
  43 T _   0.026 0.023 0.001 0.024 0.017 0.033 0.064 0.811 
  44 F _   0.028 0.023 0.001 0.024 0.018 0.034 0.061 0.810 
  45 E _   0.030 0.023 0.001 0.024 0.018 0.035 0.059 0.810 
  46 D _   0.032 0.021 0.001 0.022 0.018 0.035 0.057 0.813 
  47 H _   0.034 0.019 0.001 0.021 0.017 0.035 0.056 0.817 
  48 F _   0.035 0.016 0.001 0.019 0.016 0.034 0.054 0.824 
  49 L _   0.037 0.013 0.001 0.016 0.015 0.033 0.053 0.832 
  50 S _   0.038 0.010 0.001 0.014 0.013 0.032 0.051 0.840 
  51 L _   0.039 0.007 0.001 0.011 0.012 0.031 0.050 0.848 
  52 Q _   0.041 0.005 0.001 0.009 0.010 0.030 0.049 0.854 
  53 R _   0.043 0.003 0.001 0.007 0.009 0.029 0.048 0.859 
  54 M _   0.046 0.002 0.001 0.006 0.008 0.029 0.047 0.861 
  55 F _   0.050 0.002 0.001 0.005 0.009 0.030 0.046 0.858 
  56 N _   0.056 0.001 0.001 0.005 0.009 0.031 0.044 0.851 
  57 N _   0.064 0.001 0.001 0.005 0.011 0.034 0.043 0.841 
  58 C _   0.073 0.002 0.001 0.006 0.013 0.036 0.042 0.827 
  59 E _   0.082 0.003 0.001 0.008 0.016 0.039 0.041 0.810 
  60 V _   0.090 0.005 0.001 0.011 0.020 0.041 0.040 0.792 
  61 V _   0.097 0.007 0.002 0.015 0.024 0.043 0.039 0.774 
  62 L _   0.101 0.010 0.002 0.019 0.027 0.044 0.038 0.759 
  63 G _   0.102 0.013 0.002 0.024 0.029 0.044 0.037 0.750 
  64 N _   0.100 0.014 0.002 0.027 0.029 0.043 0.037 0.749 
  65 L _   0.095 0.015 0.002 0.028 0.027 0.040 0.037 0.757 
  66 E _   0.087 0.014 0.002 0.027 0.024 0.037 0.037 0.772 
  67 I _   0.077 0.013 0.002 0.024 0.019 0.032 0.037 0.795 
  68 T _   0.066 0.010 0.001 0.019 0.015 0.028 0.038 0.824 
  69 Y _   0.055 0.007 0.001 0.014 0.010 0.023 0.038 0.853 
  70 V _   0.046 0.004 0.001 0.009 0.007 0.019 0.038 0.877 
  71 Q _   0.039 0.002 0.001 0.006 0.005 0.016 0.037 0.896 
  72 R _   0.035 0.001 0.000 0.003 0.003 0.014 0.037 0.907 
  73 N _   0.035 0.000 0.000 0.002 0.003 0.013 0.036 0.912 
  74 Y _   0.039 0.000 0.000 0.002 0.002 0.013 0.034 0.909 
  75 D _   0.050 0.000 0.000 0.002 0.003 0.014 0.033 0.898 
  76 L _   0.070 0.000 0.000 0.002 0.004 0.017 0.031 0.875 
  77 S _   0.100 0.000 0.001 0.002 0.006 0.021 0.029 0.840 
  78 F _   0.142 0.000 0.001 0.003 0.009 0.027 0.027 0.792 
  79 L _   0.190 0.000 0.001 0.003 0.013 0.032 0.025 0.735 
  80 K _   0.245 0.000 0.001 0.004 0.019 0.038 0.022 0.670 
  81 T _   0.300 0.000 0.002 0.005 0.025 0.043 0.020 0.606 
  82 I _   0.351 0.000 0.002 0.005 0.031 0.046 0.018 0.546 
  83 Q _   0.395 0.000 0.002 0.005 0.036 0.048 0.017 0.496 
  84 E _   0.431 0.000 0.002 0.005 0.040 0.049 0.016 0.456 
  85 V H   0.458 0.000 0.002 0.005 0.043 0.049 0.015 0.427 
  86 A H   0.476 0.001 0.002 0.005 0.044 0.048 0.015 0.409 
  87 G H   0.483 0.001 0.002 0.006 0.044 0.047 0.015 0.403 
  88 Y H   0.479 0.001 0.002 0.006 0.042 0.045 0.016 0.409 
  89 V H   0.464 0.001 0.002 0.007 0.040 0.043 0.016 0.428 
  90 L _   0.438 0.001 0.002 0.007 0.036 0.040 0.017 0.459 
  91 I _   0.401 0.001 0.002 0.007 0.031 0.037 0.019 0.502 
  92 A _   0.355 0.001 0.002 0.007 0.026 0.034 0.020 0.555 
  93 L _   0.303 0.001 0.002 0.007 0.021 0.031 0.022 0.614 
  94 N _   0.252 0.001 0.001 0.006 0.016 0.028 0.024 0.671 
  95 T _   0.205 0.000 0.001 0.006 0.013 0.026 0.025 0.724 
  96 V _   0.164 0.000 0.001 0.005 0.010 0.023 0.027 0.770 
  97 E _   0.129 0.000 0.001 0.005 0.008 0.022 0.028 0.808 
  98 R _   0.101 0.001 0.001 0.004 0.007 0.021 0.029 0.836 
  99 I _   0.080 0.001 0.001 0.005 0.006 0.020 0.030 0.856 
 100 P _   0.064 0.002 0.001 0.006 0.007 0.020 0.031 0.870 
 101 L _   0.052 0.004 0.001 0.008 0.007 0.020 0.032 0.876 
 102 E _   0.044 0.006 0.001 0.010 0.008 0.021 0.032 0.877 
 103 N _   0.037 0.010 0.001 0.013 0.009 0.021 0.033 0.875 
 104 L _   0.032 0.014 0.001 0.016 0.010 0.021 0.033 0.872 
 105 Q _   0.027 0.018 0.001 0.019 0.010 0.021 0.034 0.870 
 106 I _   0.024 0.022 0.001 0.020 0.010 0.020 0.035 0.869 
 107 I _   0.021 0.024 0.001 0.020 0.009 0.019 0.035 0.871 
 108 R _   0.018 0.025 0.001 0.019 0.008 0.018 0.036 0.875 
 109 G _   0.016 0.026 0.001 0.016 0.007 0.016 0.037 0.881 
 110 N _   0.014 0.026 0.001 0.013 0.006 0.015 0.037 0.887 
 111 M _   0.013 0.026 0.001 0.011 0.005 0.015 0.038 0.892 
 112 Y _   0.012 0.027 0.001 0.009 0.005 0.014 0.038 0.893 
 113 Y _   0.012 0.029 0.001 0.009 0.005 0.015 0.039 0.890 
 114 E _   0.012 0.034 0.001 0.011 0.006 0.015 0.039 0.883 
 115 N _   0.012 0.040 0.001 0.015 0.007 0.016 0.039 0.869 
 116 S _   0.013 0.049 0.001 0.021 0.009 0.017 0.039 0.851 
 117 Y _   0.013 0.059 0.001 0.028 0.010 0.018 0.039 0.832 
 118 A _   0.013 0.067 0.001 0.034 0.011 0.018 0.040 0.816 
 119 L _   0.013 0.072 0.001 0.038 0.011 0.017 0.041 0.807 
 120 A _   0.012 0.073 0.001 0.039 0.010 0.016 0.042 0.806 
 121 V _   0.011 0.071 0.001 0.036 0.009 0.015 0.043 0.814 
 122 L _   0.010 0.067 0.001 0.030 0.007 0.013 0.045 0.828 
 123 S _   0.009 0.059 0.001 0.023 0.006 0.011 0.047 0.846 
 124 N _   0.008 0.049 0.001 0.016 0.004 0.009 0.048 0.865 
 125 Y _   0.007 0.040 0.000 0.010 0.003 0.008 0.050 0.881 
 126 D _   0.006 0.034 0.000 0.007 0.002 0.007 0.051 0.892 
 127 A _   0.006 0.030 0.000 0.005 0.002 0.006 0.052 0.898 
 128 N _   0.005 0.029 0.000 0.005 0.002 0.007 0.053 0.900 
 129 K _   0.005 0.030 0.000 0.005 0.002 0.007 0.053 0.898 
 130 T _   0.006 0.032 0.000 0.006 0.002 0.008 0.052 0.893 
 131 G _   0.006 0.038 0.000 0.007 0.003 0.009 0.052 0.884 
 132 L _   0.007 0.046 0.000 0.010 0.003 0.011 0.051 0.872 
 133 K _   0.007 0.058 0.001 0.012 0.004 0.013 0.049 0.856 
 134 E _   0.008 0.073 0.001 0.014 0.005 0.015 0.048 0.838 
 135 L _   0.008 0.089 0.001 0.015 0.006 0.017 0.046 0.818 
 136 P _   0.009 0.108 0.001 0.017 0.007 0.019 0.044 0.795 
 137 M _   0.011 0.129 0.001 0.019 0.009 0.022 0.042 0.768 
 138 R _   0.013 0.155 0.001 0.021 0.011 0.025 0.040 0.735 
 139 N _   0.015 0.186 0.001 0.025 0.014 0.027 0.037 0.695 
 140 L _   0.017 0.221 0.002 0.030 0.018 0.030 0.035 0.648 
 141 Q _   0.018 0.259 0.002 0.036 0.020 0.031 0.033 0.600 
 142 E _   0.019 0.293 0.002 0.043 0.022 0.032 0.031 0.558 
 143 I _   0.020 0.318 0.002 0.050 0.023 0.031 0.030 0.527 
 144 L _   0.020 0.332 0.002 0.054 0.022 0.030 0.030 0.511 
 145 H _   0.020 0.338 0.001 0.055 0.021 0.028 0.029 0.508 
 146 G _   0.020 0.336 0.001 0.052 0.019 0.026 0.030 0.516 
 147 A _   0.019 0.325 0.001 0.046 0.017 0.024 0.030 0.538 
 148 V _   0.018 0.305 0.001 0.037 0.014 0.021 0.031 0.573 
 149 R _   0.017 0.274 0.001 0.028 0.011 0.019 0.032 0.619 
 150 F _   0.015 0.238 0.001 0.019 0.008 0.017 0.033 0.668 
 151 S _   0.014 0.209 0.001 0.012 0.006 0.016 0.034 0.709 
 152 N _   0.012 0.191 0.001 0.008 0.004 0.015 0.034 0.735 
 153 N _   0.011 0.183 0.000 0.006 0.004 0.015 0.034 0.746 
 154 P _   0.011 0.183 0.000 0.006 0.004 0.015 0.034 0.747 
 155 A _   0.012 0.189 0.001 0.007 0.005 0.017 0.033 0.736 
 156 L _   0.013 0.206 0.001 0.010 0.007 0.018 0.032 0.713 
 157 C _   0.013 0.239 0.001 0.015 0.009 0.020 0.031 0.672 
 158 N _   0.013 0.288 0.001 0.021 0.011 0.020 0.029 0.617 
 159 V _   0.012 0.342 0.001 0.025 0.012 0.019 0.027 0.561 
 160 E _   0.011 0.391 0.001 0.028 0.012 0.018 0.025 0.513 
 161 S _   0.009 0.427 0.001 0.028 0.012 0.017 0.024 0.481 
 162 I _   0.008 0.452 0.001 0.028 0.011 0.016 0.023 0.462 
 163 Q E   0.008 0.467 0.001 0.026 0.010 0.015 0.022 0.451 
 164 W E   0.007 0.476 0.001 0.023 0.009 0.014 0.022 0.448 
 165 R E   0.007 0.481 0.001 0.020 0.008 0.013 0.022 0.448 
 166 D E   0.007 0.483 0.001 0.018 0.007 0.012 0.022 0.450 
 167 I E   0.006 0.485 0.001 0.016 0.006 0.012 0.022 0.452 
 168 V E   0.006 0.485 0.001 0.015 0.006 0.011 0.022 0.454 
 169 S E   0.006 0.486 0.001 0.014 0.006 0.011 0.023 0.454 
 170 S E   0.006 0.486 0.001 0.014 0.005 0.011 0.023 0.453 
 171 D E   0.006 0.487 0.001 0.015 0.006 0.011 0.023 0.451 
 172 F E   0.006 0.488 0.001 0.016 0.006 0.010 0.024 0.450 
 173 L E   0.006 0.487 0.001 0.017 0.006 0.010 0.024 0.449 
 174 S E   0.006 0.484 0.001 0.018 0.006 0.010 0.025 0.450 
 175 N E   0.007 0.479 0.001 0.019 0.006 0.010 0.026 0.453 
 176 M E   0.007 0.470 0.001 0.019 0.006 0.010 0.027 0.460 
 177 S _   0.007 0.458 0.001 0.020 0.006 0.010 0.028 0.470 
 178 M _   0.007 0.442 0.001 0.020 0.006 0.010 0.030 0.485 
 179 D _   0.007 0.422 0.001 0.019 0.006 0.010 0.032 0.503 
 180 F _   0.007 0.398 0.001 0.019 0.006 0.010 0.035 0.525 
 181 Q _   0.007 0.372 0.001 0.019 0.006 0.010 0.037 0.549 
 182 N _   0.007 0.345 0.001 0.018 0.005 0.010 0.040 0.574 
 183 H _   0.007 0.319 0.001 0.018 0.005 0.010 0.043 0.598 
 184 L _   0.007 0.293 0.001 0.018 0.005 0.009 0.046 0.621 
 185 G _   0.007 0.269 0.001 0.017 0.004 0.009 0.049 0.644 
 186 S _   0.007 0.245 0.001 0.016 0.004 0.009 0.052 0.667 
 187 C _   0.007 0.223 0.001 0.014 0.003 0.008 0.054 0.690 
 188 Q _   0.006 0.204 0.000 0.012 0.003 0.008 0.056 0.710 
 189 K _   0.006 0.188 0.000 0.010 0.002 0.007 0.058 0.729 
 190 C _   0.005 0.176 0.000 0.008 0.002 0.006 0.059 0.743 
 191 D _   0.004 0.169 0.000 0.007 0.002 0.006 0.060 0.753 
 192 P _   0.004 0.165 0.000 0.006 0.002 0.006 0.060 0.757 
 193 S _   0.004 0.166 0.000 0.006 0.002 0.006 0.059 0.757 
 194 C _   0.004 0.170 0.000 0.007 0.002 0.007 0.058 0.752 
 195 P _   0.004 0.180 0.000 0.009 0.002 0.008 0.057 0.739 
 196 N _   0.004 0.197 0.000 0.012 0.003 0.009 0.055 0.718 
 197 G _   0.005 0.223 0.001 0.016 0.004 0.010 0.052 0.690 
 198 S _   0.005 0.253 0.001 0.019 0.005 0.011 0.049 0.657 
 199 C _   0.004 0.286 0.001 0.022 0.005 0.011 0.046 0.623 
 200 W _   0.004 0.317 0.001 0.024 0.006 0.011 0.043 0.594 
 201 G _   0.004 0.343 0.001 0.023 0.006 0.011 0.041 0.571 
 202 A _   0.004 0.363 0.001 0.022 0.005 0.012 0.039 0.555 
 203 G _   0.004 0.380 0.001 0.020 0.005 0.012 0.037 0.542 
 204 E _   0.004 0.395 0.001 0.018 0.005 0.012 0.035 0.529 
 205 E _   0.005 0.410 0.001 0.017 0.005 0.013 0.034 0.516 
 206 N _   0.005 0.426 0.001 0.016 0.006 0.014 0.033 0.499 
 207 C _   0.006 0.445 0.001 0.017 0.007 0.016 0.031 0.476 
 208 Q E   0.008 0.471 0.001 0.018 0.009 0.017 0.030 0.446 
 209 K E   0.009 0.503 0.001 0.021 0.011 0.018 0.028 0.410 
 210 L E   0.009 0.537 0.001 0.024 0.012 0.019 0.027 0.371 
 211 T E   0.009 0.570 0.001 0.027 0.013 0.019 0.026 0.335 
 212 K E   0.010 0.596 0.001 0.031 0.013 0.018 0.025 0.307 
 213 I E   0.009 0.613 0.001 0.033 0.013 0.018 0.024 0.289 
 214 I E   0.010 0.621 0.001 0.035 0.013 0.017 0.024 0.280 
 215 C E   0.010 0.622 0.001 0.035 0.012 0.016 0.025 0.279 
 216 A E   0.010 0.617 0.001 0.035 0.012 0.015 0.025 0.285 
 217 Q E   0.010 0.602 0.001 0.034 0.011 0.014 0.027 0.301 
 218 Q E   0.010 0.576 0.001 0.032 0.011 0.014 0.028 0.327 
 219 C E   0.011 0.536 0.001 0.031 0.011 0.013 0.031 0.367 
 220 S E   0.011 0.484 0.001 0.029 0.010 0.013 0.034 0.418 
 221 G _   0.012 0.424 0.001 0.026 0.009 0.013 0.037 0.478 
 222 R _   0.012 0.361 0.001 0.023 0.008 0.013 0.041 0.542 
 223 C _   0.011 0.304 0.001 0.019 0.006 0.012 0.045 0.602 
 224 R _   0.010 0.258 0.001 0.015 0.005 0.011 0.048 0.653 
 225 G _   0.009 0.224 0.001 0.011 0.004 0.010 0.050 0.692 
 226 K _   0.007 0.201 0.000 0.008 0.003 0.008 0.051 0.720 
 227 S _   0.006 0.188 0.000 0.006 0.002 0.008 0.052 0.737 
 228 P _   0.005 0.182 0.000 0.005 0.002 0.007 0.052 0.746 
 229 S _   0.004 0.181 0.000 0.006 0.002 0.007 0.052 0.748 
 230 D _   0.004 0.185 0.000 0.007 0.002 0.008 0.051 0.743 
 231 C _   0.005 0.195 0.000 0.009 0.003 0.009 0.049 0.729 
 232 C _   0.005 0.216 0.001 0.014 0.004 0.011 0.047 0.703 
 233 H _   0.006 0.249 0.001 0.020 0.006 0.012 0.044 0.663 
 234 N _   0.006 0.291 0.001 0.027 0.008 0.013 0.040 0.615 
 235 Q _   0.005 0.330 0.001 0.034 0.009 0.013 0.037 0.571 
 236 C _   0.005 0.360 0.001 0.038 0.009 0.013 0.035 0.539 
 237 A _   0.005 0.378 0.001 0.040 0.009 0.013 0.034 0.521 
 238 A _   0.005 0.387 0.001 0.040 0.008 0.012 0.033 0.514 
 239 G _   0.005 0.389 0.001 0.037 0.008 0.012 0.033 0.516 
 240 C _   0.005 0.385 0.001 0.033 0.007 0.011 0.033 0.526 
 241 T _   0.005 0.376 0.001 0.027 0.006 0.011 0.033 0.541 
 242 G _   0.005 0.363 0.001 0.021 0.006 0.010 0.034 0.561 
 243 P _   0.005 0.347 0.001 0.017 0.005 0.010 0.034 0.581 
 244 R _   0.005 0.334 0.001 0.014 0.004 0.010 0.035 0.597 
 245 E _   0.006 0.324 0.000 0.012 0.004 0.011 0.036 0.607 
 246 S _   0.006 0.318 0.000 0.012 0.004 0.011 0.037 0.611 
 247 D _   0.006 0.315 0.001 0.014 0.005 0.012 0.037 0.611 
 248 C _   0.007 0.315 0.001 0.016 0.005 0.012 0.037 0.606 
 249 L _   0.007 0.316 0.001 0.020 0.006 0.013 0.038 0.599 
 250 V _   0.008 0.316 0.001 0.023 0.007 0.013 0.038 0.594 
 251 C _   0.008 0.313 0.001 0.026 0.007 0.013 0.039 0.592 
 252 R _   0.008 0.307 0.001 0.028 0.008 0.013 0.040 0.595 
 253 K _   0.008 0.295 0.001 0.028 0.008 0.013 0.042 0.606 
 254 F _   0.008 0.276 0.001 0.026 0.008 0.012 0.043 0.626 
 255 R _   0.008 0.248 0.001 0.023 0.007 0.012 0.046 0.655 
 256 D _   0.008 0.216 0.001 0.019 0.006 0.011 0.048 0.690 
 257 E _   0.008 0.183 0.001 0.015 0.005 0.011 0.051 0.726 
 258 A _   0.008 0.155 0.001 0.011 0.004 0.010 0.053 0.757 
 259 T _   0.008 0.136 0.000 0.008 0.003 0.010 0.055 0.779 
 260 C _   0.008 0.125 0.000 0.007 0.003 0.010 0.056 0.792 
 261 K _   0.007 0.120 0.000 0.006 0.003 0.010 0.057 0.797 
 262 D _   0.007 0.119 0.000 0.007 0.003 0.011 0.058 0.795 
 263 T _   0.008 0.121 0.000 0.009 0.004 0.012 0.058 0.789 
 264 C _   0.008 0.127 0.001 0.012 0.005 0.013 0.057 0.776 
 265 P _   0.009 0.138 0.001 0.017 0.006 0.015 0.057 0.757 
 266 P _   0.010 0.150 0.001 0.024 0.008 0.016 0.056 0.736 
 267 L _   0.010 0.161 0.001 0.030 0.009 0.016 0.056 0.716 
 268 M _   0.010 0.169 0.001 0.036 0.010 0.017 0.056 0.702 
 269 L _   0.010 0.173 0.001 0.039 0.010 0.016 0.056 0.694 
 270 Y _   0.009 0.173 0.001 0.040 0.010 0.016 0.057 0.694 
 271 N _   0.009 0.168 0.001 0.039 0.010 0.015 0.058 0.700 
 272 P _   0.009 0.159 0.001 0.035 0.009 0.013 0.060 0.714 
 273 T _   0.008 0.145 0.001 0.030 0.008 0.012 0.062 0.734 
 274 T _   0.008 0.126 0.001 0.024 0.006 0.011 0.065 0.759 
 275 Y _   0.008 0.106 0.001 0.018 0.005 0.010 0.067 0.786 
 276 Q _   0.007 0.087 0.001 0.013 0.004 0.008 0.070 0.810 
 277 M _   0.006 0.073 0.000 0.009 0.003 0.007 0.071 0.829 
 278 D _   0.006 0.064 0.000 0.007 0.002 0.007 0.072 0.842 
 279 V _   0.005 0.059 0.000 0.005 0.002 0.006 0.073 0.849 
 280 N _   0.005 0.057 0.000 0.005 0.002 0.006 0.073 0.852 
 281 P _   0.005 0.058 0.000 0.005 0.002 0.007 0.072 0.851 
 282 E _   0.005 0.061 0.000 0.006 0.002 0.008 0.071 0.846 
 283 G _   0.006 0.069 0.000 0.009 0.003 0.009 0.069 0.835 
 284 K _   0.006 0.082 0.001 0.012 0.004 0.011 0.067 0.817 
 285 Y _   0.006 0.100 0.001 0.017 0.006 0.013 0.065 0.793 
 286 S _   0.006 0.124 0.001 0.022 0.007 0.014 0.062 0.765 
 287 F _   0.007 0.150 0.001 0.027 0.008 0.015 0.059 0.734 
 288 G _   0.007 0.174 0.001 0.031 0.009 0.016 0.056 0.706 
 289 A _   0.007 0.194 0.001 0.034 0.010 0.016 0.053 0.685 
 290 T _   0.007 0.208 0.001 0.036 0.010 0.016 0.052 0.672 
 291 C _   0.007 0.216 0.001 0.035 0.010 0.016 0.050 0.665 
 292 V _   0.007 0.221 0.001 0.034 0.009 0.015 0.050 0.663 
 293 K _   0.007 0.222 0.001 0.032 0.009 0.015 0.049 0.665 
 294 K _   0.007 0.220 0.001 0.028 0.008 0.015 0.049 0.672 
 295 C _   0.007 0.216 0.001 0.024 0.008 0.014 0.049 0.681 
 296 P _   0.007 0.210 0.001 0.020 0.007 0.014 0.049 0.692 
 297 R _   0.008 0.204 0.001 0.017 0.006 0.013 0.050 0.702 
 298 N _   0.008 0.198 0.001 0.014 0.005 0.013 0.050 0.711 
 299 Y _   0.008 0.194 0.001 0.012 0.005 0.013 0.050 0.718 
 300 V _   0.008 0.191 0.001 0.010 0.005 0.014 0.050 0.720 
 301 V _   0.009 0.192 0.001 0.010 0.005 0.014 0.050 0.719 
 302 T _   0.009 0.196 0.001 0.011 0.006 0.015 0.050 0.713 
 303 D _   0.010 0.203 0.001 0.014 0.007 0.016 0.049 0.700 
 304 H _   0.011 0.214 0.001 0.018 0.008 0.018 0.049 0.681 
 305 G _   0.011 0.229 0.001 0.023 0.010 0.019 0.048 0.659 
 306 S _   0.011 0.243 0.001 0.029 0.011 0.019 0.048 0.637 
 307 C _   0.011 0.255 0.001 0.034 0.012 0.019 0.047 0.620 
 308 V _   0.011 0.262 0.001 0.039 0.012 0.019 0.048 0.608 
 309 R _   0.011 0.265 0.001 0.041 0.012 0.018 0.048 0.604 
 310 A _   0.010 0.262 0.001 0.040 0.011 0.017 0.049 0.609 
 311 C _   0.010 0.254 0.001 0.038 0.010 0.015 0.050 0.622 
 312 G _   0.010 0.239 0.001 0.033 0.009 0.014 0.052 0.641 
 313 A _   0.009 0.218 0.001 0.028 0.008 0.013 0.054 0.668 
 314 D _   0.009 0.192 0.001 0.023 0.007 0.012 0.057 0.699 
 315 S _   0.009 0.164 0.001 0.019 0.005 0.011 0.060 0.732 
 316 Y _   0.008 0.138 0.001 0.015 0.004 0.010 0.062 0.762 
 317 E _   0.008 0.118 0.001 0.012 0.004 0.009 0.065 0.785 
 318 M _   0.007 0.104 0.000 0.009 0.003 0.008 0.066 0.802 
 319 E _   0.007 0.094 0.000 0.008 0.002 0.008 0.068 0.813 
 320 E _   0.006 0.089 0.000 0.007 0.002 0.007 0.068 0.820 
 321 D _   0.006 0.086 0.000 0.007 0.002 0.007 0.069 0.824 
 322 G _   0.005 0.084 0.000 0.007 0.002 0.007 0.068 0.826 
 323 V _   0.005 0.085 0.000 0.007 0.002 0.007 0.068 0.825 
 324 R _   0.005 0.087 0.000 0.008 0.002 0.008 0.067 0.823 
 325 K _   0.005 0.091 0.000 0.008 0.002 0.008 0.066 0.819 
 326 C _   0.005 0.097 0.000 0.009 0.003 0.009 0.064 0.813 
 327 K _   0.005 0.105 0.000 0.011 0.003 0.010 0.062 0.803 
 328 K _   0.005 0.117 0.001 0.012 0.004 0.012 0.060 0.789 
 329 C _   0.006 0.135 0.001 0.014 0.005 0.013 0.057 0.769 
 330 E _   0.007 0.157 0.001 0.017 0.006 0.015 0.054 0.743 
 331 G _   0.007 0.187 0.001 0.020 0.008 0.016 0.051 0.710 
 332 P _   0.008 0.222 0.001 0.023 0.009 0.018 0.047 0.672 
 333 C _   0.009 0.260 0.001 0.026 0.011 0.019 0.044 0.630 
 334 R _   0.009 0.299 0.001 0.030 0.012 0.019 0.041 0.588 
 335 K _   0.009 0.335 0.001 0.033 0.013 0.020 0.038 0.550 
 336 V _   0.009 0.365 0.001 0.036 0.014 0.020 0.036 0.519 
 337 C _   0.009 0.388 0.001 0.038 0.014 0.020 0.034 0.495 
 338 N _   0.009 0.404 0.001 0.040 0.014 0.019 0.033 0.480 
 339 G _   0.009 0.413 0.001 0.041 0.014 0.019 0.032 0.472 
 340 I _   0.010 0.416 0.001 0.040 0.013 0.018 0.032 0.471 
 341 G _   0.010 0.414 0.001 0.038 0.012 0.017 0.032 0.476 
 342 I _   0.010 0.407 0.001 0.034 0.011 0.016 0.032 0.489 
 343 G _   0.009 0.394 0.001 0.030 0.010 0.015 0.033 0.508 
 344 E _   0.009 0.375 0.001 0.026 0.009 0.014 0.033 0.533 
 345 F _   0.009 0.352 0.001 0.022 0.008 0.013 0.034 0.561 
 346 K _   0.008 0.328 0.001 0.018 0.007 0.012 0.035 0.590 
 347 D _   0.008 0.306 0.001 0.015 0.006 0.012 0.036 0.617 
 348 S _   0.007 0.289 0.001 0.013 0.005 0.011 0.037 0.637 
 349 L _   0.007 0.277 0.001 0.011 0.004 0.010 0.038 0.652 
 350 S _   0.006 0.268 0.000 0.011 0.004 0.010 0.038 0.661 
 351 I _   0.006 0.263 0.000 0.011 0.004 0.010 0.039 0.667 
 352 N _   0.006 0.260 0.000 0.011 0.004 0.010 0.039 0.669 
 353 A _   0.006 0.258 0.001 0.012 0.004 0.010 0.039 0.670 
 354 T _   0.006 0.256 0.001 0.012 0.004 0.010 0.040 0.671 
 355 N _   0.006 0.255 0.001 0.012 0.004 0.010 0.040 0.672 
 356 I _   0.006 0.254 0.001 0.013 0.005 0.011 0.040 0.672 
 357 K _   0.006 0.253 0.001 0.013 0.005 0.011 0.040 0.671 
 358 H _   0.006 0.253 0.001 0.012 0.005 0.011 0.041 0.671 
 359 F _   0.006 0.253 0.001 0.012 0.005 0.012 0.041 0.670 
 360 K _   0.007 0.254 0.001 0.012 0.005 0.013 0.041 0.668 
 361 N _   0.007 0.256 0.001 0.012 0.005 0.013 0.041 0.665 
 362 C _   0.008 0.258 0.001 0.012 0.005 0.014 0.042 0.660 
 363 T _   0.009 0.263 0.001 0.012 0.006 0.016 0.042 0.653 
 364 S _   0.010 0.269 0.001 0.013 0.007 0.017 0.042 0.643 
 365 I _   0.011 0.277 0.001 0.014 0.008 0.019 0.042 0.628 
 366 S _   0.013 0.289 0.001 0.016 0.009 0.021 0.042 0.609 
 367 G _   0.014 0.303 0.001 0.019 0.011 0.023 0.042 0.586 
 368 D _   0.016 0.320 0.001 0.023 0.014 0.025 0.042 0.559 
 369 L _   0.018 0.338 0.001 0.027 0.016 0.026 0.042 0.531 
 370 H _   0.019 0.354 0.001 0.032 0.018 0.027 0.043 0.506 
 371 I _   0.020 0.366 0.001 0.037 0.019 0.027 0.044 0.486 
 372 L _   0.020 0.372 0.001 0.041 0.019 0.027 0.046 0.474 
 373 P _   0.020 0.374 0.001 0.044 0.019 0.026 0.048 0.469 
 374 V _   0.020 0.370 0.001 0.045 0.018 0.024 0.050 0.472 
 375 A _   0.019 0.358 0.001 0.044 0.017 0.023 0.053 0.484 
 376 F _   0.018 0.338 0.001 0.042 0.015 0.021 0.058 0.507 
 377 R _   0.017 0.305 0.002 0.039 0.014 0.019 0.063 0.542 
 378 G _   0.017 0.260 0.002 0.034 0.012 0.017 0.069 0.589 
 379 D _   0.016 0.205 0.001 0.029 0.010 0.016 0.076 0.646 
 380 S _   0.015 0.146 0.001 0.023 0.008 0.014 0.084 0.708 
 381 F _   0.013 0.095 0.001 0.018 0.006 0.012 0.091 0.764 
 382 T _   0.011 0.055 0.001 0.012 0.005 0.011 0.097 0.809 
 383 H _   0.009 0.030 0.000 0.008 0.003 0.009 0.101 0.839 
 384 T _   0.007 0.016 0.000 0.006 0.002 0.007 0.104 0.858 
 385 P _   0.006 0.008 0.000 0.004 0.002 0.007 0.105 0.868 
 386 P _   0.005 0.005 0.000 0.003 0.001 0.007 0.106 0.872 
 387 L _   0.005 0.003 0.000 0.003 0.001 0.007 0.106 0.874 
 388 D _   0.005 0.003 0.000 0.003 0.002 0.008 0.106 0.873 
 389 P _   0.006 0.003 0.000 0.004 0.002 0.010 0.105 0.870 
 390 Q _   0.008 0.003 0.000 0.005 0.002 0.014 0.103 0.864 
 391 E _   0.011 0.004 0.000 0.006 0.004 0.018 0.101 0.855 
 392 L _   0.016 0.006 0.001 0.008 0.005 0.024 0.098 0.842 
 393 D _   0.023 0.009 0.001 0.010 0.008 0.031 0.095 0.824 
 394 I _   0.032 0.014 0.001 0.012 0.012 0.039 0.092 0.799 
 395 L _   0.045 0.020 0.001 0.014 0.017 0.048 0.088 0.767 
 396 K _   0.061 0.027 0.002 0.015 0.025 0.058 0.083 0.729 
 397 T _   0.079 0.037 0.002 0.017 0.034 0.066 0.079 0.685 
 398 V _   0.096 0.049 0.002 0.019 0.044 0.073 0.076 0.640 
 399 K _   0.113 0.064 0.003 0.022 0.052 0.078 0.073 0.595 
 400 E _   0.126 0.080 0.003 0.027 0.060 0.080 0.070 0.554 
 401 I _   0.136 0.097 0.003 0.033 0.064 0.079 0.069 0.520 
 402 T _   0.142 0.111 0.003 0.039 0.065 0.077 0.068 0.496 
 403 G _   0.142 0.122 0.003 0.046 0.063 0.072 0.068 0.485 
 404 F _   0.138 0.127 0.003 0.051 0.058 0.067 0.068 0.489 
 405 L _   0.129 0.126 0.003 0.052 0.051 0.060 0.070 0.510 
 406 L _   0.115 0.121 0.003 0.050 0.042 0.052 0.072 0.546 
 407 I _   0.098 0.108 0.002 0.044 0.033 0.044 0.074 0.595 
 408 Q _   0.079 0.088 0.002 0.035 0.024 0.036 0.077 0.659 
 409 A _   0.060 0.062 0.002 0.025 0.016 0.028 0.080 0.727 
 410 W _   0.044 0.038 0.001 0.016 0.009 0.021 0.082 0.788 
 411 P _   0.031 0.020 0.001 0.010 0.006 0.016 0.084 0.833 
 412 E _   0.021 0.010 0.000 0.006 0.003 0.012 0.085 0.863 
 413 N _   0.014 0.005 0.000 0.004 0.002 0.009 0.085 0.880 
 414 R _   0.010 0.003 0.000 0.003 0.002 0.008 0.084 0.889 
 415 T _   0.008 0.003 0.000 0.003 0.002 0.008 0.084 0.893 
 416 D _   0.008 0.003 0.000 0.003 0.002 0.008 0.082 0.894 
 417 L _   0.008 0.004 0.000 0.005 0.002 0.010 0.081 0.891 
 418 H _   0.009 0.006 0.000 0.007 0.003 0.012 0.078 0.884 
 419 A _   0.010 0.010 0.001 0.012 0.005 0.014 0.076 0.873 
 420 F _   0.011 0.016 0.001 0.017 0.007 0.017 0.073 0.859 
 421 E _   0.012 0.021 0.001 0.024 0.009 0.019 0.070 0.844 
 422 N _   0.013 0.026 0.001 0.030 0.011 0.021 0.067 0.832 
 423 L _   0.013 0.029 0.001 0.034 0.012 0.022 0.064 0.823 
 424 E _   0.014 0.031 0.001 0.036 0.013 0.023 0.062 0.821 
 425 I _   0.014 0.030 0.001 0.035 0.013 0.023 0.061 0.823 
 426 I _   0.015 0.028 0.001 0.031 0.012 0.022 0.059 0.831 
 427 R _   0.016 0.023 0.001 0.026 0.010 0.022 0.058 0.843 
 428 G _   0.017 0.018 0.001 0.019 0.009 0.021 0.058 0.857 
 429 R _   0.019 0.011 0.001 0.013 0.007 0.021 0.057 0.871 
 430 T _   0.022 0.006 0.001 0.009 0.006 0.021 0.056 0.880 
 431 K _   0.026 0.003 0.001 0.006 0.005 0.022 0.054 0.883 
 432 Q _   0.034 0.001 0.001 0.004 0.005 0.024 0.053 0.879 
 433 H _   0.045 0.001 0.001 0.003 0.006 0.027 0.051 0.866 
 434 G _   0.063 0.000 0.001 0.003 0.008 0.031 0.050 0.844 
 435 Q _   0.086 0.000 0.001 0.004 0.011 0.036 0.048 0.813 
 436 F _   0.115 0.001 0.001 0.005 0.017 0.043 0.045 0.773 
 437 S _   0.148 0.001 0.001 0.006 0.023 0.049 0.043 0.727 
 438 L _   0.179 0.002 0.002 0.009 0.032 0.055 0.041 0.681 
 439 A _   0.208 0.003 0.002 0.011 0.040 0.059 0.040 0.637 
 440 V _   0.233 0.005 0.002 0.013 0.046 0.062 0.039 0.600 
 441 V _   0.251 0.006 0.002 0.014 0.051 0.063 0.038 0.574 
 442 S _   0.263 0.007 0.002 0.015 0.053 0.063 0.038 0.558 
 443 L _   0.267 0.008 0.002 0.015 0.054 0.062 0.038 0.554 
 444 N _   0.264 0.008 0.002 0.016 0.052 0.059 0.038 0.561 
 445 I _   0.253 0.008 0.002 0.016 0.048 0.056 0.039 0.578 
 446 T _   0.234 0.008 0.002 0.016 0.042 0.051 0.040 0.606 
 447 S _   0.209 0.007 0.002 0.016 0.035 0.046 0.042 0.643 
 448 L _   0.179 0.006 0.002 0.015 0.028 0.041 0.044 0.686 
 449 G _   0.148 0.005 0.002 0.013 0.022 0.036 0.046 0.730 
 450 L _   0.117 0.004 0.001 0.012 0.016 0.031 0.047 0.772 
 451 R _   0.089 0.003 0.001 0.010 0.012 0.026 0.049 0.811 
 452 S _   0.066 0.003 0.001 0.008 0.008 0.022 0.050 0.842 
 453 L _   0.048 0.002 0.001 0.007 0.006 0.018 0.051 0.866 
 454 K _   0.035 0.002 0.001 0.006 0.005 0.016 0.052 0.883 
 455 E _   0.026 0.003 0.001 0.006 0.004 0.014 0.052 0.894 
 456 I _   0.020 0.004 0.000 0.006 0.004 0.013 0.052 0.900 
 457 S _   0.016 0.005 0.000 0.007 0.004 0.012 0.053 0.902 
 458 D _   0.013 0.007 0.001 0.009 0.004 0.012 0.053 0.901 
 459 G _   0.012 0.010 0.001 0.011 0.005 0.012 0.052 0.898 
 460 D _   0.011 0.014 0.001 0.012 0.005 0.012 0.052 0.893 
 461 V _   0.010 0.017 0.001 0.013 0.005 0.012 0.052 0.889 
 462 I _   0.010 0.020 0.001 0.014 0.005 0.012 0.052 0.886 
 463 I _   0.009 0.023 0.001 0.014 0.005 0.011 0.052 0.885 
 464 S _   0.008 0.026 0.001 0.013 0.005 0.011 0.052 0.884 
 465 G _   0.008 0.029 0.001 0.012 0.004 0.011 0.052 0.884 
 466 N _   0.008 0.032 0.001 0.011 0.004 0.011 0.051 0.882 
 467 K _   0.008 0.035 0.001 0.011 0.004 0.011 0.051 0.879 
 468 N _   0.008 0.040 0.001 0.011 0.004 0.012 0.051 0.874 
 469 L _   0.008 0.046 0.001 0.012 0.005 0.013 0.050 0.866 
 470 C _   0.009 0.055 0.001 0.013 0.006 0.014 0.050 0.854 
 471 Y _   0.009 0.066 0.001 0.016 0.007 0.015 0.049 0.837 
 472 A _   0.010 0.080 0.001 0.019 0.008 0.016 0.048 0.818 
 473 N _   0.010 0.094 0.001 0.023 0.009 0.017 0.048 0.798 
 474 T _   0.010 0.108 0.001 0.027 0.010 0.017 0.047 0.779 
 475 I _   0.011 0.120 0.001 0.030 0.011 0.018 0.047 0.763 
 476 N _   0.011 0.129 0.001 0.032 0.011 0.018 0.047 0.751 
 477 W _   0.011 0.134 0.001 0.034 0.011 0.018 0.047 0.744 
 478 K _   0.011 0.136 0.001 0.034 0.011 0.018 0.048 0.741 
 479 K _   0.011 0.135 0.001 0.033 0.011 0.017 0.049 0.743 
 480 L _   0.011 0.131 0.001 0.031 0.010 0.016 0.050 0.749 
 481 F _   0.011 0.125 0.001 0.028 0.009 0.015 0.052 0.759 
 482 G _   0.010 0.117 0.001 0.025 0.008 0.014 0.054 0.771 
 483 T _   0.010 0.108 0.001 0.022 0.007 0.013 0.056 0.784 
 484 S _   0.009 0.097 0.001 0.019 0.006 0.012 0.058 0.798 
 485 G _   0.009 0.087 0.001 0.017 0.005 0.011 0.060 0.810 
 486 Q _   0.009 0.077 0.001 0.015 0.005 0.010 0.062 0.822 
 487 K _   0.008 0.068 0.001 0.013 0.004 0.010 0.064 0.832 
 488 T _   0.008 0.061 0.000 0.012 0.004 0.009 0.066 0.841 
 489 K _   0.007 0.054 0.000 0.011 0.003 0.008 0.067 0.848 
 490 I _   0.007 0.049 0.000 0.010 0.003 0.008 0.069 0.855 
 491 I _   0.006 0.044 0.000 0.009 0.003 0.007 0.070 0.860 
 492 S _   0.006 0.041 0.000 0.008 0.002 0.007 0.071 0.865 
 493 N _   0.005 0.039 0.000 0.007 0.002 0.007 0.071 0.869 
 494 R _   0.005 0.038 0.000 0.006 0.002 0.007 0.071 0.871 
 495 G _   0.005 0.038 0.000 0.005 0.002 0.007 0.071 0.872 
 496 E _   0.005 0.040 0.000 0.005 0.002 0.009 0.070 0.869 
 497 N _   0.006 0.044 0.000 0.006 0.003 0.011 0.068 0.861 
 498 S _   0.008 0.053 0.000 0.009 0.004 0.014 0.067 0.846 
 499 C _   0.010 0.073 0.001 0.013 0.006 0.017 0.064 0.816 
 500 K _   0.012 0.110 0.001 0.020 0.010 0.022 0.060 0.765 
 501 A _   0.013 0.166 0.002 0.028 0.015 0.025 0.056 0.695 
 502 T _   0.014 0.234 0.002 0.038 0.018 0.027 0.051 0.616 
 503 G _   0.014 0.297 0.002 0.047 0.020 0.028 0.047 0.546 
 504 Q _   0.014 0.343 0.002 0.053 0.020 0.027 0.044 0.495 
 505 V _   0.013 0.372 0.002 0.058 0.021 0.027 0.043 0.466 
 506 C _   0.013 0.386 0.001 0.059 0.020 0.026 0.041 0.453 
 507 H _   0.013 0.391 0.001 0.058 0.019 0.024 0.041 0.452 
 508 A _   0.013 0.389 0.001 0.056 0.018 0.023 0.041 0.460 
 509 L _   0.012 0.379 0.001 0.050 0.017 0.021 0.041 0.478 
 510 C _   0.012 0.360 0.001 0.044 0.015 0.020 0.042 0.505 
 511 S _   0.012 0.332 0.001 0.037 0.013 0.018 0.044 0.541 
 512 P _   0.012 0.298 0.001 0.031 0.011 0.017 0.046 0.583 
 513 E _   0.012 0.259 0.001 0.026 0.010 0.016 0.048 0.628 
 514 G _   0.012 0.222 0.001 0.021 0.008 0.014 0.050 0.672 
 515 C _   0.011 0.190 0.001 0.017 0.006 0.013 0.052 0.710 
 516 W _   0.010 0.164 0.001 0.014 0.005 0.012 0.053 0.741 
 517 G _   0.009 0.145 0.001 0.011 0.004 0.011 0.054 0.765 
 518 P _   0.008 0.132 0.000 0.010 0.004 0.010 0.055 0.782 
 519 E _   0.007 0.123 0.000 0.008 0.003 0.010 0.055 0.792 
 520 P _   0.007 0.119 0.000 0.008 0.003 0.009 0.055 0.798 
 521 R _   0.006 0.117 0.000 0.008 0.003 0.009 0.055 0.800 
 522 D _   0.006 0.118 0.000 0.009 0.003 0.010 0.055 0.799 
 523 C _   0.006 0.120 0.000 0.011 0.004 0.010 0.054 0.794 
 524 V _   0.006 0.125 0.001 0.014 0.004 0.011 0.053 0.786 
 525 S _   0.006 0.131 0.001 0.018 0.005 0.011 0.052 0.776 
 526 C _   0.006 0.137 0.001 0.021 0.006 0.012 0.051 0.766 
 527 R _   0.006 0.142 0.001 0.025 0.007 0.012 0.051 0.757 
 528 N _   0.007 0.145 0.001 0.028 0.007 0.012 0.050 0.750 
 529 V _   0.007 0.147 0.001 0.029 0.007 0.012 0.050 0.747 
 530 S _   0.007 0.145 0.001 0.029 0.007 0.012 0.050 0.749 
 531 R _   0.007 0.141 0.001 0.028 0.006 0.011 0.050 0.756 
 532 G _   0.007 0.134 0.001 0.025 0.006 0.010 0.051 0.767 
 533 R _   0.006 0.125 0.001 0.021 0.005 0.009 0.052 0.780 
 534 E _   0.006 0.114 0.001 0.017 0.004 0.009 0.053 0.796 
 535 C _   0.006 0.103 0.000 0.014 0.004 0.008 0.054 0.812 
 536 V _   0.006 0.093 0.000 0.011 0.003 0.007 0.055 0.825 
 537 D _   0.005 0.087 0.000 0.009 0.002 0.007 0.055 0.835 
 538 K _   0.005 0.082 0.000 0.008 0.002 0.007 0.055 0.841 
 539 C _   0.005 0.081 0.000 0.007 0.002 0.007 0.055 0.843 
 540 N _   0.005 0.080 0.000 0.008 0.002 0.007 0.055 0.843 
 541 L _   0.005 0.082 0.000 0.009 0.003 0.007 0.054 0.840 
 542 L _   0.005 0.085 0.000 0.010 0.003 0.008 0.053 0.835 
 543 E _   0.005 0.090 0.000 0.012 0.003 0.008 0.052 0.829 
 544 G _   0.005 0.095 0.000 0.014 0.004 0.009 0.051 0.822 
 545 E _   0.005 0.100 0.000 0.015 0.004 0.009 0.050 0.816 
 546 P _   0.005 0.104 0.001 0.016 0.004 0.010 0.049 0.811 
 547 R _   0.006 0.108 0.001 0.017 0.004 0.010 0.048 0.808 
 548 E _   0.006 0.110 0.001 0.016 0.005 0.010 0.047 0.806 
 549 F _   0.005 0.112 0.001 0.016 0.004 0.010 0.046 0.805 
 550 V _   0.006 0.113 0.001 0.015 0.004 0.010 0.046 0.805 
 551 E _   0.006 0.114 0.001 0.014 0.004 0.011 0.045 0.806 
 552 N _   0.006 0.116 0.001 0.013 0.004 0.011 0.045 0.805 
 553 S _   0.006 0.118 0.001 0.012 0.004 0.011 0.044 0.803 
 554 E _   0.007 0.120 0.001 0.012 0.004 0.012 0.043 0.801 
 555 C _   0.007 0.123 0.001 0.012 0.005 0.013 0.043 0.796 
 556 I _   0.008 0.128 0.001 0.013 0.005 0.014 0.042 0.790 
 557 Q _   0.008 0.133 0.001 0.013 0.006 0.015 0.041 0.782 
 558 C _   0.009 0.140 0.001 0.014 0.006 0.017 0.040 0.772 
 559 H _   0.010 0.150 0.001 0.016 0.007 0.019 0.039 0.758 
 560 P _   0.011 0.162 0.001 0.018 0.009 0.020 0.038 0.740 
 561 E _   0.013 0.176 0.001 0.022 0.011 0.022 0.037 0.719 
 562 C _   0.014 0.191 0.001 0.026 0.013 0.024 0.036 0.695 
 563 L _   0.015 0.208 0.001 0.031 0.015 0.025 0.035 0.670 
 564 P _   0.016 0.222 0.001 0.038 0.017 0.026 0.034 0.646 
 565 Q _   0.017 0.234 0.001 0.044 0.018 0.026 0.033 0.627 
 566 A _   0.017 0.240 0.001 0.049 0.019 0.025 0.033 0.616 
 567 M _   0.017 0.241 0.001 0.052 0.018 0.024 0.033 0.614 
 568 N _   0.016 0.237 0.001 0.051 0.017 0.023 0.034 0.621 
 569 I _   0.016 0.225 0.001 0.048 0.015 0.021 0.035 0.639 
 570 T _   0.015 0.204 0.001 0.042 0.013 0.018 0.036 0.671 
 571 C _   0.014 0.171 0.001 0.033 0.011 0.016 0.038 0.716 
 572 T _   0.013 0.131 0.001 0.024 0.008 0.014 0.040 0.770 
 573 G _   0.011 0.092 0.001 0.016 0.006 0.012 0.041 0.820 
 574 R _   0.010 0.064 0.001 0.010 0.004 0.010 0.042 0.859 
 575 G _   0.008 0.047 0.000 0.006 0.003 0.009 0.043 0.883 
 576 P _   0.007 0.040 0.000 0.005 0.002 0.009 0.043 0.894 
 577 D _   0.007 0.038 0.000 0.005 0.002 0.009 0.043 0.897 
 578 N _   0.007 0.038 0.000 0.006 0.003 0.009 0.043 0.894 
 579 C _   0.008 0.042 0.000 0.008 0.004 0.011 0.042 0.886 
 580 I _   0.008 0.049 0.001 0.012 0.005 0.012 0.041 0.873 
 581 Q _   0.009 0.058 0.001 0.017 0.006 0.013 0.040 0.857 
 582 C _   0.009 0.067 0.001 0.021 0.007 0.014 0.038 0.843 
 583 A _   0.009 0.075 0.001 0.024 0.008 0.014 0.037 0.833 
 584 H _   0.008 0.080 0.001 0.024 0.008 0.014 0.036 0.828 
 585 Y _   0.008 0.083 0.001 0.023 0.007 0.014 0.036 0.829 
 586 I _   0.008 0.084 0.001 0.020 0.007 0.013 0.035 0.833 
 587 D _   0.007 0.084 0.001 0.017 0.006 0.013 0.034 0.838 
 588 G _   0.007 0.084 0.001 0.014 0.005 0.013 0.034 0.842 
 589 P _   0.008 0.085 0.001 0.012 0.005 0.013 0.033 0.844 
 590 H _   0.008 0.087 0.001 0.011 0.005 0.013 0.033 0.843 
 591 C _   0.009 0.090 0.001 0.011 0.005 0.014 0.032 0.838 
 592 V _   0.009 0.096 0.001 0.013 0.006 0.015 0.031 0.829 
 593 K _   0.009 0.105 0.001 0.015 0.007 0.016 0.030 0.816 
 594 T _   0.010 0.116 0.001 0.018 0.008 0.017 0.029 0.801 
 595 C _   0.010 0.128 0.001 0.021 0.009 0.017 0.029 0.785 
 596 P _   0.010 0.140 0.001 0.023 0.010 0.018 0.028 0.770 
 597 A _   0.010 0.150 0.001 0.025 0.010 0.018 0.027 0.759 
 598 G _   0.010 0.156 0.001 0.026 0.010 0.018 0.026 0.753 
 599 V _   0.010 0.161 0.001 0.025 0.010 0.017 0.026 0.750 
 600 M _   0.010 0.163 0.001 0.024 0.009 0.017 0.026 0.752 
 601 G _   0.010 0.163 0.001 0.022 0.009 0.016 0.025 0.755 
 602 E _   0.009 0.162 0.001 0.020 0.008 0.016 0.025 0.759 
 603 N _   0.009 0.160 0.001 0.019 0.008 0.015 0.025 0.763 
 604 N _   0.009 0.158 0.001 0.017 0.007 0.015 0.025 0.767 
 605 T _   0.010 0.155 0.001 0.016 0.007 0.015 0.025 0.771 
 606 L _   0.010 0.153 0.001 0.016 0.006 0.015 0.025 0.774 
 607 V _   0.010 0.152 0.001 0.015 0.006 0.014 0.026 0.776 
 608 W _   0.010 0.150 0.001 0.015 0.006 0.014 0.026 0.778 
 609 K _   0.010 0.149 0.001 0.016 0.006 0.014 0.026 0.779 
 610 Y _   0.009 0.148 0.001 0.016 0.007 0.014 0.026 0.779 
 611 A _   0.009 0.147 0.001 0.017 0.007 0.014 0.026 0.779 
 612 D _   0.009 0.147 0.001 0.018 0.007 0.015 0.026 0.778 
 613 A _   0.010 0.146 0.001 0.019 0.007 0.015 0.026 0.776 
 614 G _   0.010 0.145 0.001 0.021 0.007 0.015 0.026 0.776 
 615 H _   0.010 0.144 0.001 0.022 0.008 0.014 0.026 0.776 
 616 V _   0.010 0.141 0.001 0.023 0.008 0.014 0.026 0.778 
 617 C _   0.010 0.136 0.001 0.023 0.008 0.014 0.026 0.782 
 618 H _   0.010 0.130 0.001 0.023 0.007 0.013 0.027 0.790 
 619 L _   0.009 0.121 0.001 0.021 0.007 0.012 0.027 0.801 
 620 C _   0.009 0.111 0.001 0.019 0.006 0.012 0.028 0.815 
 621 H _   0.008 0.100 0.001 0.017 0.005 0.011 0.028 0.830 
 622 P _   0.008 0.089 0.001 0.015 0.005 0.010 0.029 0.844 
 623 N _   0.007 0.079 0.001 0.013 0.004 0.010 0.029 0.856 
 624 C _   0.007 0.072 0.000 0.012 0.004 0.009 0.029 0.866 
 625 T _   0.007 0.066 0.000 0.012 0.004 0.009 0.030 0.872 
 626 Y _   0.007 0.062 0.000 0.012 0.004 0.009 0.030 0.876 
 627 G _   0.006 0.059 0.000 0.014 0.004 0.009 0.029 0.877 
 628 C _   0.006 0.057 0.001 0.016 0.004 0.010 0.029 0.877 
 629 T _   0.006 0.055 0.001 0.018 0.005 0.010 0.029 0.877 
 630 G _   0.006 0.053 0.001 0.020 0.005 0.010 0.029 0.877 
 631 P _   0.006 0.050 0.001 0.021 0.005 0.010 0.029 0.879 
 632 G _   0.006 0.045 0.001 0.021 0.005 0.009 0.029 0.884 
 633 L _   0.006 0.039 0.001 0.020 0.005 0.009 0.029 0.892 
 634 E _   0.006 0.032 0.001 0.017 0.004 0.008 0.029 0.904 
 635 G _   0.006 0.024 0.000 0.014 0.003 0.007 0.029 0.917 
 636 C _   0.006 0.015 0.000 0.010 0.003 0.006 0.029 0.931 
 637 P _   0.006 0.009 0.000 0.007 0.002 0.005 0.029 0.943 
 638 T _   0.006 0.004 0.000 0.004 0.002 0.004 0.028 0.951 
 639 N _   0.008 0.002 0.000 0.003 0.001 0.004 0.027 0.955 
 640 G _   0.013 0.001 0.000 0.002 0.001 0.004 0.026 0.953 
 641 P _   0.025 0.000 0.000 0.002 0.002 0.004 0.024 0.943 
 642 K _   0.048 0.000 0.000 0.001 0.002 0.005 0.022 0.921 
 643 I _   0.091 0.000 0.000 0.001 0.003 0.006 0.020 0.878 
 644 P _   0.159 0.000 0.001 0.001 0.004 0.008 0.017 0.811 
 645 S _   0.250 0.000 0.001 0.001 0.005 0.008 0.014 0.721 
 646 I _   0.360 0.000 0.001 0.001 0.006 0.009 0.011 0.613 
 647 A _   0.474 0.000 0.001 0.001 0.006 0.008 0.008 0.502 
 648 T H   0.586 0.000 0.001 0.001 0.007 0.008 0.006 0.392 
 649 G H   0.688 0.000 0.001 0.000 0.007 0.007 0.005 0.293 
 650 M H   0.774 0.000 0.001 0.000 0.007 0.006 0.003 0.209 
 651 V H   0.843 0.000 0.001 0.000 0.006 0.005 0.003 0.142 
 652 G H   0.894 0.000 0.001 0.000 0.006 0.004 0.002 0.093 
 653 A H   0.928 0.000 0.001 0.000 0.006 0.003 0.001 0.060 
 654 L H   0.949 0.000 0.001 0.000 0.006 0.003 0.001 0.041 
 655 L H   0.960 0.000 0.001 0.000 0.006 0.002 0.001 0.030 
 656 L H   0.964 0.000 0.001 0.000 0.006 0.002 0.001 0.026 
 657 L H   0.965 0.000 0.001 0.000 0.007 0.002 0.001 0.025 
 658 L H   0.962 0.000 0.001 0.000 0.007 0.002 0.001 0.027 
 659 V H   0.955 0.000 0.001 0.000 0.007 0.002 0.001 0.034 
 660 V H   0.943 0.000 0.001 0.000 0.008 0.002 0.001 0.045 
 661 A H   0.924 0.000 0.001 0.000 0.008 0.003 0.001 0.063 
 662 L H   0.897 0.000 0.001 0.000 0.009 0.003 0.001 0.088 
 663 G H   0.860 0.000 0.001 0.000 0.009 0.004 0.002 0.124 
