#TopoPred_TM8: 8-state transmembrane topology prediction results by no_profile mode 
#probabilities are in the order of H E C I L F X _, the 8 transmembrane topology types used in PDBTM 
   1 M X   0.004 0.000 0.002 0.031 0.006 0.005 0.927 0.026 
   2 A X   0.001 0.000 0.000 0.015 0.001 0.002 0.956 0.026 
   3 G X   0.000 0.000 0.000 0.007 0.000 0.001 0.965 0.026 
   4 G X   0.000 0.000 0.000 0.004 0.000 0.001 0.968 0.026 
   5 R X   0.000 0.000 0.000 0.003 0.000 0.001 0.968 0.027 
   6 G X   0.000 0.000 0.000 0.003 0.000 0.001 0.968 0.028 
   7 A X   0.000 0.000 0.000 0.002 0.000 0.001 0.968 0.028 
   8 P X   0.000 0.000 0.000 0.002 0.000 0.001 0.967 0.030 
   9 G X   0.001 0.000 0.000 0.002 0.000 0.001 0.965 0.031 
  10 R X   0.001 0.000 0.000 0.001 0.000 0.001 0.963 0.033 
  11 G X   0.001 0.000 0.000 0.001 0.000 0.001 0.961 0.036 
  12 R X   0.001 0.000 0.000 0.001 0.000 0.001 0.958 0.039 
  13 D X   0.001 0.000 0.000 0.001 0.000 0.001 0.955 0.042 
  14 E X   0.001 0.000 0.000 0.001 0.000 0.001 0.950 0.046 
  15 P X   0.001 0.001 0.000 0.001 0.000 0.001 0.945 0.051 
  16 P X   0.001 0.001 0.000 0.002 0.000 0.001 0.939 0.056 
  17 E X   0.001 0.001 0.000 0.002 0.001 0.002 0.930 0.063 
  18 S X   0.001 0.002 0.000 0.002 0.001 0.002 0.920 0.072 
  19 Y X   0.001 0.003 0.000 0.003 0.001 0.003 0.907 0.082 
  20 P X   0.001 0.005 0.000 0.004 0.001 0.004 0.891 0.093 
  21 Q X   0.001 0.010 0.000 0.006 0.002 0.005 0.870 0.105 
  22 R X   0.002 0.018 0.000 0.009 0.003 0.008 0.843 0.116 
  23 Q X   0.003 0.033 0.001 0.014 0.005 0.011 0.809 0.125 
  24 D X   0.003 0.060 0.001 0.021 0.008 0.014 0.765 0.127 
  25 H X   0.004 0.103 0.002 0.029 0.012 0.016 0.712 0.122 
  26 E X   0.004 0.161 0.002 0.037 0.015 0.017 0.656 0.107 
  27 L X   0.004 0.220 0.002 0.044 0.015 0.017 0.609 0.090 
  28 Q X   0.003 0.268 0.002 0.048 0.014 0.015 0.574 0.075 
  29 A X   0.003 0.299 0.001 0.051 0.013 0.014 0.552 0.067 
  30 L X   0.003 0.315 0.001 0.052 0.011 0.013 0.539 0.065 
  31 E X   0.003 0.323 0.001 0.052 0.011 0.012 0.531 0.067 
  32 A X   0.003 0.325 0.001 0.050 0.010 0.011 0.527 0.073 
  33 I X   0.004 0.321 0.001 0.047 0.009 0.011 0.525 0.083 
  34 Y X   0.004 0.310 0.001 0.043 0.009 0.010 0.525 0.098 
  35 G X   0.005 0.289 0.001 0.037 0.008 0.010 0.527 0.122 
  36 A X   0.006 0.255 0.001 0.032 0.008 0.009 0.532 0.156 
  37 D X   0.007 0.208 0.001 0.026 0.007 0.009 0.540 0.201 
  38 F X   0.008 0.155 0.001 0.021 0.006 0.009 0.551 0.249 
  39 Q X   0.008 0.107 0.001 0.016 0.005 0.009 0.561 0.294 
  40 D X   0.008 0.070 0.001 0.011 0.004 0.008 0.569 0.330 
  41 L X   0.007 0.045 0.000 0.008 0.002 0.007 0.575 0.356 
  42 R X   0.006 0.030 0.000 0.006 0.002 0.006 0.578 0.373 
  43 P X   0.005 0.021 0.000 0.004 0.001 0.005 0.579 0.384 
  44 D X   0.004 0.016 0.000 0.004 0.001 0.004 0.579 0.392 
  45 A X   0.004 0.013 0.000 0.003 0.001 0.004 0.577 0.399 
  46 C X   0.003 0.011 0.000 0.003 0.001 0.004 0.574 0.404 
  47 G X   0.003 0.010 0.000 0.003 0.001 0.004 0.569 0.410 
  48 P X   0.003 0.010 0.000 0.003 0.001 0.004 0.562 0.417 
  49 V X   0.003 0.011 0.000 0.003 0.001 0.004 0.554 0.424 
  50 K X   0.003 0.012 0.000 0.004 0.001 0.005 0.543 0.431 
  51 E X   0.003 0.015 0.000 0.005 0.002 0.006 0.530 0.439 
  52 P X   0.004 0.021 0.000 0.007 0.002 0.008 0.514 0.444 
  53 P X   0.004 0.030 0.001 0.010 0.004 0.010 0.495 0.446 
  54 E X   0.005 0.046 0.001 0.014 0.005 0.012 0.473 0.444 
  55 I X   0.005 0.068 0.001 0.019 0.007 0.014 0.449 0.437 
  56 N _   0.006 0.095 0.001 0.024 0.009 0.016 0.424 0.425 
  57 L _   0.006 0.122 0.001 0.028 0.010 0.018 0.401 0.414 
  58 V _   0.007 0.148 0.001 0.031 0.011 0.019 0.380 0.404 
  59 L _   0.007 0.168 0.001 0.032 0.011 0.019 0.363 0.399 
  60 Y _   0.007 0.182 0.001 0.032 0.011 0.019 0.348 0.400 
  61 P _   0.007 0.192 0.001 0.031 0.011 0.019 0.336 0.403 
  62 Q _   0.007 0.199 0.001 0.029 0.010 0.019 0.326 0.409 
  63 G _   0.008 0.202 0.001 0.026 0.010 0.019 0.317 0.417 
  64 L _   0.008 0.205 0.001 0.023 0.009 0.019 0.310 0.425 
  65 T _   0.009 0.206 0.001 0.021 0.009 0.019 0.303 0.433 
  66 G _   0.009 0.206 0.001 0.019 0.009 0.019 0.297 0.440 
  67 E _   0.010 0.207 0.001 0.018 0.009 0.019 0.292 0.445 
  68 E _   0.010 0.207 0.001 0.018 0.009 0.019 0.287 0.449 
  69 V _   0.011 0.207 0.001 0.019 0.009 0.019 0.282 0.452 
  70 Y _   0.011 0.207 0.001 0.020 0.009 0.018 0.278 0.456 
  71 V _   0.011 0.207 0.001 0.022 0.009 0.018 0.274 0.458 
  72 K _   0.011 0.205 0.001 0.023 0.010 0.018 0.271 0.461 
  73 V _   0.011 0.202 0.001 0.025 0.010 0.017 0.268 0.466 
  74 D _   0.011 0.196 0.001 0.026 0.010 0.016 0.266 0.473 
  75 L _   0.011 0.187 0.001 0.027 0.009 0.015 0.265 0.485 
  76 R _   0.010 0.174 0.001 0.026 0.008 0.014 0.265 0.503 
  77 V _   0.010 0.155 0.001 0.023 0.008 0.013 0.265 0.526 
  78 K _   0.009 0.131 0.001 0.020 0.007 0.011 0.266 0.555 
  79 C _   0.009 0.104 0.001 0.017 0.006 0.010 0.267 0.588 
  80 P _   0.008 0.078 0.001 0.013 0.004 0.009 0.267 0.621 
  81 P _   0.007 0.057 0.000 0.009 0.003 0.007 0.268 0.648 
  82 T _   0.006 0.043 0.000 0.007 0.002 0.007 0.267 0.668 
  83 Y _   0.005 0.035 0.000 0.005 0.002 0.006 0.266 0.681 
  84 P _   0.005 0.031 0.000 0.005 0.002 0.006 0.264 0.688 
  85 D _   0.004 0.029 0.000 0.005 0.002 0.006 0.262 0.693 
  86 V _   0.004 0.029 0.000 0.006 0.002 0.006 0.258 0.694 
  87 V _   0.004 0.030 0.000 0.008 0.002 0.007 0.254 0.694 
  88 P _   0.005 0.032 0.000 0.011 0.003 0.007 0.249 0.692 
  89 E _   0.005 0.034 0.000 0.014 0.004 0.008 0.245 0.690 
  90 I _   0.005 0.037 0.001 0.017 0.004 0.008 0.240 0.690 
  91 E _   0.005 0.038 0.001 0.018 0.004 0.009 0.235 0.691 
  92 L _   0.004 0.039 0.001 0.017 0.004 0.008 0.231 0.696 
  93 K _   0.004 0.039 0.000 0.016 0.004 0.008 0.227 0.702 
  94 N _   0.004 0.038 0.000 0.014 0.003 0.008 0.224 0.709 
  95 A _   0.004 0.037 0.000 0.012 0.003 0.007 0.220 0.716 
  96 K _   0.004 0.036 0.000 0.011 0.003 0.007 0.218 0.721 
  97 G _   0.004 0.035 0.000 0.010 0.003 0.008 0.215 0.725 
  98 L _   0.004 0.035 0.000 0.010 0.003 0.008 0.213 0.727 
  99 S _   0.005 0.035 0.000 0.010 0.003 0.009 0.211 0.727 
 100 N _   0.005 0.036 0.000 0.012 0.004 0.010 0.209 0.725 
 101 E _   0.006 0.037 0.000 0.014 0.004 0.011 0.206 0.722 
 102 S _   0.006 0.038 0.001 0.016 0.005 0.012 0.204 0.718 
 103 V _   0.007 0.040 0.001 0.019 0.006 0.013 0.202 0.714 
 104 N _   0.008 0.040 0.001 0.021 0.007 0.014 0.201 0.710 
 105 L _   0.008 0.040 0.001 0.023 0.007 0.014 0.199 0.707 
 106 L _   0.009 0.039 0.001 0.024 0.008 0.015 0.199 0.707 
 107 K _   0.009 0.036 0.001 0.024 0.008 0.015 0.199 0.709 
 108 S _   0.009 0.032 0.001 0.022 0.007 0.015 0.199 0.715 
 109 R _   0.010 0.027 0.001 0.019 0.007 0.015 0.200 0.722 
 110 L _   0.010 0.020 0.001 0.016 0.006 0.015 0.201 0.732 
 111 E _   0.012 0.014 0.001 0.012 0.005 0.014 0.201 0.741 
 112 E _   0.014 0.008 0.001 0.009 0.004 0.014 0.202 0.749 
 113 L _   0.017 0.004 0.000 0.006 0.004 0.015 0.202 0.752 
 114 A _   0.023 0.002 0.000 0.004 0.003 0.016 0.202 0.750 
 115 K _   0.032 0.001 0.000 0.003 0.004 0.019 0.201 0.741 
 116 K _   0.047 0.000 0.000 0.002 0.005 0.023 0.199 0.722 
 117 H _   0.071 0.000 0.001 0.003 0.007 0.030 0.198 0.691 
 118 C _   0.103 0.001 0.001 0.003 0.012 0.038 0.196 0.646 
 119 G _   0.141 0.002 0.001 0.005 0.020 0.048 0.194 0.588 
 120 E _   0.181 0.007 0.002 0.008 0.032 0.057 0.192 0.520 
 121 V _   0.217 0.017 0.002 0.012 0.045 0.065 0.191 0.450 
 122 M _   0.244 0.031 0.003 0.018 0.057 0.070 0.191 0.387 
 123 I _   0.259 0.046 0.003 0.024 0.064 0.071 0.193 0.341 
 124 F _   0.264 0.058 0.003 0.029 0.067 0.070 0.196 0.313 
 125 E _   0.260 0.067 0.003 0.033 0.066 0.066 0.201 0.303 
 126 L _   0.249 0.071 0.003 0.037 0.063 0.062 0.208 0.308 
 127 A _   0.231 0.073 0.003 0.038 0.057 0.057 0.216 0.326 
 128 Y _   0.206 0.071 0.003 0.038 0.048 0.050 0.226 0.357 
 129 H _   0.178 0.066 0.003 0.036 0.039 0.043 0.239 0.396 
 130 V _   0.147 0.058 0.002 0.032 0.029 0.037 0.254 0.440 
 131 Q _   0.117 0.048 0.002 0.027 0.020 0.030 0.270 0.486 
 132 S _   0.089 0.036 0.001 0.021 0.013 0.023 0.286 0.530 
 133 F _   0.065 0.025 0.001 0.016 0.008 0.018 0.300 0.568 
 134 L _   0.045 0.015 0.001 0.011 0.005 0.013 0.312 0.598 
 135 S _   0.030 0.008 0.000 0.007 0.003 0.009 0.321 0.621 
 136 E _   0.019 0.005 0.000 0.004 0.002 0.007 0.327 0.636 
 137 H _   0.012 0.003 0.000 0.003 0.001 0.005 0.332 0.645 
 138 N _   0.008 0.002 0.000 0.002 0.001 0.004 0.335 0.650 
 139 K _   0.005 0.001 0.000 0.002 0.001 0.003 0.336 0.652 
 140 P _   0.004 0.002 0.000 0.002 0.001 0.003 0.336 0.653 
 141 P _   0.004 0.003 0.000 0.002 0.001 0.004 0.335 0.651 
 142 P _   0.004 0.006 0.000 0.004 0.001 0.006 0.332 0.647 
 143 K _   0.005 0.013 0.000 0.007 0.002 0.008 0.328 0.636 
 144 S _   0.005 0.027 0.001 0.013 0.004 0.010 0.323 0.617 
 145 F _   0.006 0.049 0.001 0.021 0.006 0.012 0.316 0.591 
 146 H _   0.006 0.073 0.001 0.029 0.007 0.013 0.309 0.562 
 147 E _   0.006 0.093 0.001 0.037 0.008 0.014 0.303 0.539 
 148 E _   0.006 0.106 0.001 0.041 0.008 0.014 0.299 0.525 
 149 M _   0.005 0.114 0.001 0.043 0.008 0.014 0.297 0.519 
 150 L _   0.005 0.116 0.001 0.041 0.008 0.013 0.296 0.520 
 151 E _   0.005 0.116 0.001 0.037 0.007 0.012 0.296 0.527 
 152 R _   0.005 0.112 0.001 0.031 0.006 0.011 0.297 0.538 
 153 R _   0.005 0.105 0.001 0.026 0.005 0.010 0.299 0.550 
 154 A _   0.005 0.096 0.001 0.021 0.004 0.009 0.302 0.563 
 155 Q _   0.005 0.086 0.000 0.017 0.004 0.008 0.305 0.575 
 156 E _   0.005 0.077 0.000 0.014 0.003 0.008 0.308 0.584 
 157 E _   0.005 0.070 0.000 0.012 0.003 0.007 0.312 0.591 
 158 Q _   0.005 0.063 0.000 0.011 0.003 0.007 0.315 0.596 
 159 Q _   0.005 0.057 0.000 0.010 0.002 0.007 0.318 0.600 
 160 R _   0.005 0.052 0.000 0.010 0.002 0.007 0.320 0.603 
 161 L _   0.005 0.048 0.000 0.009 0.002 0.006 0.322 0.607 
 162 L _   0.005 0.043 0.000 0.009 0.002 0.006 0.324 0.612 
 163 E _   0.004 0.039 0.000 0.008 0.002 0.005 0.325 0.616 
 164 A _   0.004 0.035 0.000 0.006 0.002 0.005 0.326 0.621 
 165 K _   0.004 0.032 0.000 0.005 0.001 0.005 0.326 0.626 
 166 R _   0.004 0.031 0.000 0.004 0.001 0.005 0.325 0.630 
 167 K _   0.003 0.030 0.000 0.004 0.001 0.005 0.324 0.633 
 168 E _   0.003 0.030 0.000 0.004 0.001 0.005 0.322 0.634 
 169 E _   0.004 0.032 0.000 0.005 0.002 0.006 0.320 0.632 
 170 Q _   0.004 0.036 0.000 0.006 0.002 0.007 0.317 0.628 
 171 E _   0.004 0.043 0.000 0.009 0.003 0.008 0.313 0.619 
 172 Q _   0.005 0.055 0.000 0.013 0.004 0.010 0.308 0.605 
 173 R _   0.006 0.069 0.001 0.018 0.005 0.011 0.303 0.587 
 174 E _   0.006 0.084 0.001 0.024 0.006 0.012 0.298 0.568 
 175 I _   0.006 0.097 0.001 0.029 0.007 0.013 0.294 0.552 
 176 L _   0.006 0.106 0.001 0.034 0.008 0.013 0.292 0.541 
 177 H _   0.007 0.111 0.001 0.036 0.008 0.013 0.290 0.534 
 178 E _   0.007 0.113 0.001 0.036 0.008 0.013 0.290 0.533 
 179 I _   0.007 0.112 0.001 0.034 0.007 0.012 0.291 0.536 
 180 Q _   0.007 0.107 0.001 0.031 0.007 0.011 0.293 0.544 
 181 R _   0.007 0.099 0.001 0.026 0.006 0.010 0.296 0.556 
 182 R _   0.007 0.088 0.001 0.021 0.005 0.009 0.300 0.570 
 183 K _   0.007 0.075 0.001 0.016 0.004 0.008 0.304 0.586 
 184 E _   0.007 0.062 0.000 0.012 0.003 0.007 0.308 0.601 
 185 E _   0.006 0.051 0.000 0.009 0.002 0.007 0.311 0.613 
 186 I _   0.006 0.043 0.000 0.007 0.002 0.006 0.313 0.623 
 187 K _   0.005 0.038 0.000 0.005 0.002 0.005 0.315 0.629 
 188 E _   0.005 0.035 0.000 0.004 0.001 0.005 0.315 0.634 
 189 E _   0.004 0.034 0.000 0.004 0.001 0.005 0.314 0.637 
 190 K _   0.004 0.034 0.000 0.004 0.001 0.005 0.313 0.639 
 191 K _   0.004 0.035 0.000 0.004 0.001 0.005 0.310 0.640 
 192 R _   0.004 0.038 0.000 0.005 0.002 0.006 0.306 0.638 
 193 K _   0.004 0.044 0.000 0.007 0.002 0.007 0.301 0.634 
 194 E _   0.004 0.055 0.000 0.010 0.003 0.009 0.295 0.624 
 195 M _   0.005 0.072 0.001 0.014 0.004 0.010 0.287 0.608 
 196 A _   0.005 0.095 0.001 0.019 0.005 0.012 0.278 0.585 
 197 K _   0.005 0.121 0.001 0.025 0.006 0.013 0.269 0.560 
 198 Q _   0.005 0.146 0.001 0.032 0.007 0.013 0.261 0.535 
 199 E _   0.005 0.166 0.001 0.037 0.008 0.014 0.255 0.514 
 200 R _   0.006 0.179 0.001 0.042 0.009 0.014 0.250 0.500 
 201 L _   0.006 0.187 0.001 0.045 0.009 0.014 0.247 0.493 
 202 E _   0.006 0.190 0.001 0.046 0.009 0.013 0.245 0.491 
 203 I _   0.006 0.188 0.001 0.045 0.008 0.013 0.245 0.494 
 204 A _   0.006 0.182 0.001 0.041 0.008 0.012 0.246 0.503 
 205 S _   0.007 0.170 0.001 0.037 0.007 0.011 0.249 0.519 
 206 L _   0.007 0.151 0.001 0.031 0.006 0.010 0.252 0.542 
 207 S _   0.007 0.127 0.001 0.024 0.005 0.009 0.257 0.570 
 208 N _   0.007 0.099 0.001 0.018 0.004 0.009 0.261 0.601 
 209 Q _   0.007 0.074 0.000 0.013 0.003 0.008 0.265 0.629 
 210 D _   0.006 0.055 0.000 0.009 0.002 0.007 0.268 0.652 
 211 H _   0.005 0.042 0.000 0.006 0.002 0.006 0.270 0.669 
 212 T _   0.005 0.035 0.000 0.004 0.001 0.005 0.270 0.680 
 213 S _   0.004 0.031 0.000 0.003 0.001 0.005 0.268 0.687 
 214 K _   0.004 0.030 0.000 0.003 0.001 0.005 0.266 0.691 
 215 K _   0.003 0.031 0.000 0.003 0.001 0.006 0.262 0.693 
 216 D _   0.004 0.035 0.000 0.005 0.002 0.007 0.256 0.691 
 217 P _   0.005 0.045 0.000 0.008 0.003 0.010 0.247 0.681 
 218 G _   0.006 0.069 0.001 0.015 0.006 0.014 0.235 0.656 
 219 G _   0.008 0.115 0.001 0.025 0.009 0.018 0.217 0.607 
 220 H _   0.009 0.190 0.002 0.038 0.014 0.021 0.196 0.532 
 221 R _   0.008 0.275 0.002 0.051 0.016 0.022 0.175 0.450 
 222 T _   0.008 0.346 0.002 0.062 0.017 0.022 0.159 0.385 
 223 A E   0.007 0.391 0.002 0.069 0.016 0.021 0.148 0.347 
 224 A E   0.006 0.415 0.001 0.072 0.015 0.019 0.141 0.330 
 225 I E   0.006 0.425 0.001 0.072 0.014 0.018 0.137 0.327 
 226 L E   0.006 0.426 0.001 0.068 0.013 0.017 0.134 0.334 
 227 H E   0.006 0.419 0.001 0.061 0.012 0.015 0.133 0.353 
 228 G E   0.006 0.401 0.001 0.053 0.011 0.014 0.133 0.382 
 229 G _   0.007 0.370 0.001 0.043 0.010 0.013 0.134 0.422 
 230 S _   0.007 0.326 0.001 0.034 0.009 0.012 0.135 0.475 
 231 P _   0.008 0.276 0.001 0.027 0.007 0.012 0.138 0.532 
 232 D _   0.008 0.229 0.001 0.021 0.006 0.011 0.140 0.585 
 233 F _   0.008 0.192 0.001 0.016 0.005 0.010 0.142 0.626 
 234 V _   0.007 0.166 0.001 0.013 0.004 0.010 0.144 0.656 
 235 G _   0.007 0.149 0.000 0.011 0.003 0.009 0.144 0.677 
 236 N _   0.006 0.137 0.000 0.010 0.003 0.008 0.144 0.691 
 237 G _   0.006 0.130 0.000 0.009 0.002 0.008 0.144 0.701 
 238 K _   0.005 0.125 0.000 0.009 0.002 0.008 0.143 0.708 
 239 H _   0.005 0.121 0.000 0.009 0.002 0.007 0.141 0.714 
 240 R _   0.004 0.120 0.000 0.009 0.002 0.007 0.139 0.719 
 241 A _   0.004 0.119 0.000 0.009 0.002 0.007 0.136 0.722 
 242 N _   0.004 0.120 0.000 0.009 0.002 0.007 0.133 0.723 
 243 S _   0.004 0.122 0.000 0.011 0.003 0.008 0.130 0.723 
 244 S _   0.004 0.126 0.000 0.013 0.003 0.009 0.126 0.719 
 245 G _   0.004 0.132 0.000 0.015 0.004 0.009 0.122 0.713 
 246 R _   0.005 0.139 0.001 0.019 0.004 0.010 0.117 0.705 
 247 S _   0.005 0.146 0.001 0.024 0.005 0.011 0.113 0.695 
 248 R _   0.005 0.153 0.001 0.029 0.006 0.012 0.110 0.685 
 249 R _   0.005 0.157 0.001 0.033 0.007 0.012 0.106 0.678 
 250 E _   0.005 0.159 0.001 0.037 0.007 0.012 0.104 0.674 
 251 R _   0.006 0.158 0.001 0.038 0.007 0.012 0.102 0.676 
 252 Q _   0.006 0.154 0.001 0.036 0.007 0.011 0.101 0.684 
 253 Y _   0.006 0.145 0.001 0.033 0.006 0.011 0.101 0.698 
 254 S _   0.006 0.131 0.001 0.027 0.006 0.010 0.101 0.720 
 255 V _   0.006 0.112 0.001 0.021 0.005 0.009 0.101 0.746 
 256 C _   0.005 0.093 0.001 0.015 0.004 0.008 0.101 0.774 
 257 N _   0.005 0.076 0.000 0.010 0.003 0.007 0.101 0.798 
 258 S _   0.005 0.065 0.000 0.007 0.002 0.007 0.100 0.815 
 259 E _   0.004 0.059 0.000 0.005 0.002 0.007 0.099 0.824 
 260 D _   0.005 0.057 0.000 0.005 0.002 0.008 0.097 0.826 
 261 S _   0.005 0.059 0.000 0.006 0.003 0.010 0.095 0.822 
 262 P _   0.007 0.067 0.000 0.010 0.004 0.013 0.091 0.807 
 263 G _   0.009 0.084 0.001 0.018 0.007 0.017 0.087 0.778 
 264 S _   0.010 0.111 0.001 0.029 0.011 0.020 0.081 0.736 
 265 C _   0.011 0.143 0.001 0.043 0.014 0.023 0.075 0.690 
 266 E _   0.012 0.167 0.001 0.055 0.016 0.024 0.070 0.654 
 267 I _   0.012 0.182 0.001 0.063 0.017 0.024 0.067 0.634 
 268 L _   0.011 0.188 0.001 0.066 0.017 0.024 0.064 0.629 
 269 Y _   0.011 0.187 0.001 0.063 0.016 0.022 0.062 0.637 
 270 F _   0.010 0.180 0.001 0.056 0.015 0.020 0.061 0.657 
 271 N _   0.010 0.165 0.001 0.046 0.013 0.019 0.061 0.687 
 272 M _   0.010 0.142 0.001 0.035 0.010 0.017 0.061 0.724 
 273 G _   0.009 0.116 0.001 0.026 0.008 0.015 0.061 0.764 
 274 S _   0.009 0.091 0.001 0.019 0.007 0.014 0.061 0.799 
 275 P _   0.009 0.071 0.001 0.014 0.005 0.013 0.061 0.826 
 276 D _   0.008 0.058 0.001 0.012 0.005 0.012 0.061 0.843 
 277 Q _   0.008 0.050 0.001 0.011 0.004 0.012 0.060 0.854 
 278 L _   0.008 0.045 0.000 0.011 0.004 0.012 0.060 0.860 
 279 M _   0.008 0.041 0.001 0.012 0.004 0.012 0.059 0.864 
 280 V _   0.008 0.037 0.001 0.013 0.005 0.011 0.058 0.867 
 281 H _   0.008 0.034 0.001 0.014 0.005 0.011 0.057 0.870 
 282 K _   0.008 0.031 0.001 0.014 0.005 0.011 0.056 0.875 
 283 G _   0.008 0.027 0.001 0.014 0.005 0.011 0.056 0.880 
 284 K _   0.007 0.022 0.001 0.013 0.004 0.011 0.055 0.887 
 285 C _   0.007 0.018 0.001 0.011 0.004 0.011 0.054 0.894 
 286 I _   0.007 0.014 0.001 0.010 0.004 0.011 0.053 0.900 
 287 G _   0.008 0.011 0.000 0.009 0.004 0.011 0.052 0.905 
 288 S _   0.009 0.008 0.000 0.008 0.004 0.012 0.051 0.908 
 289 D _   0.010 0.006 0.000 0.008 0.004 0.013 0.050 0.909 
 290 E _   0.012 0.005 0.000 0.008 0.004 0.014 0.049 0.908 
 291 Q _   0.016 0.004 0.001 0.008 0.005 0.016 0.047 0.904 
 292 L _   0.021 0.003 0.001 0.008 0.005 0.019 0.046 0.898 
 293 G _   0.029 0.002 0.001 0.008 0.007 0.021 0.044 0.888 
 294 K _   0.041 0.002 0.001 0.009 0.008 0.025 0.042 0.873 
 295 L _   0.058 0.001 0.001 0.009 0.010 0.028 0.040 0.853 
 296 V _   0.081 0.001 0.001 0.009 0.012 0.031 0.038 0.827 
 297 Y _   0.110 0.001 0.001 0.008 0.014 0.035 0.035 0.795 
 298 N _   0.146 0.001 0.001 0.007 0.016 0.037 0.033 0.758 
 299 A _   0.189 0.000 0.001 0.006 0.019 0.040 0.031 0.713 
 300 L _   0.238 0.000 0.001 0.005 0.021 0.042 0.029 0.664 
 301 E _   0.288 0.000 0.001 0.004 0.022 0.043 0.028 0.613 
 302 T _   0.339 0.000 0.001 0.004 0.024 0.044 0.026 0.562 
 303 A _   0.386 0.000 0.002 0.003 0.026 0.044 0.025 0.514 
 304 T _   0.431 0.000 0.002 0.003 0.028 0.044 0.025 0.468 
 305 G H   0.470 0.000 0.002 0.003 0.030 0.044 0.024 0.427 
 306 G H   0.502 0.000 0.002 0.003 0.033 0.043 0.025 0.393 
 307 F H   0.524 0.000 0.002 0.003 0.034 0.042 0.025 0.369 
 308 V H   0.534 0.000 0.002 0.004 0.036 0.041 0.027 0.356 
 309 L H   0.532 0.001 0.002 0.005 0.037 0.040 0.029 0.355 
 310 L H   0.519 0.001 0.002 0.006 0.037 0.039 0.031 0.365 
 311 Y H   0.493 0.001 0.002 0.007 0.036 0.037 0.034 0.389 
 312 E H   0.455 0.001 0.002 0.009 0.033 0.035 0.038 0.426 
 313 W _   0.409 0.001 0.002 0.009 0.029 0.033 0.043 0.474 
 314 V _   0.354 0.001 0.002 0.009 0.024 0.030 0.049 0.530 
 315 L _   0.297 0.001 0.002 0.009 0.019 0.028 0.055 0.590 
 316 Q _   0.241 0.001 0.001 0.008 0.015 0.025 0.060 0.648 
 317 W _   0.190 0.001 0.001 0.008 0.012 0.022 0.066 0.700 
 318 Q _   0.145 0.001 0.001 0.008 0.009 0.020 0.071 0.745 
 319 K _   0.109 0.001 0.001 0.008 0.007 0.018 0.076 0.779 
 320 K _   0.081 0.001 0.001 0.009 0.006 0.016 0.081 0.805 
 321 M _   0.060 0.001 0.001 0.010 0.006 0.015 0.085 0.823 
 322 G _   0.044 0.002 0.001 0.010 0.005 0.014 0.089 0.836 
 323 P _   0.033 0.002 0.001 0.011 0.005 0.012 0.092 0.844 
 324 F _   0.025 0.002 0.001 0.011 0.004 0.011 0.096 0.851 
 325 L _   0.020 0.002 0.000 0.011 0.004 0.010 0.099 0.855 
 326 T _   0.015 0.002 0.000 0.010 0.003 0.009 0.101 0.860 
 327 S _   0.012 0.002 0.000 0.008 0.003 0.007 0.103 0.865 
 328 Q _   0.009 0.002 0.000 0.007 0.002 0.006 0.105 0.868 
 329 E _   0.008 0.001 0.000 0.005 0.002 0.006 0.106 0.872 
 330 K _   0.006 0.001 0.000 0.004 0.002 0.005 0.107 0.875 
 331 E _   0.006 0.001 0.000 0.004 0.001 0.005 0.107 0.877 
 332 K _   0.005 0.001 0.000 0.003 0.001 0.005 0.106 0.878 
 333 I _   0.005 0.002 0.000 0.004 0.001 0.005 0.105 0.878 
 334 D _   0.005 0.003 0.000 0.004 0.002 0.005 0.104 0.877 
 335 K _   0.005 0.004 0.000 0.005 0.002 0.006 0.102 0.875 
 336 C _   0.005 0.008 0.000 0.007 0.002 0.008 0.099 0.871 
 337 K _   0.006 0.012 0.000 0.010 0.003 0.009 0.096 0.863 
 338 K _   0.006 0.019 0.001 0.013 0.004 0.011 0.092 0.854 
 339 Q _   0.007 0.027 0.001 0.017 0.005 0.012 0.089 0.843 
 340 I _   0.007 0.035 0.001 0.022 0.006 0.013 0.085 0.831 
 341 Q _   0.007 0.042 0.001 0.026 0.007 0.014 0.081 0.821 
 342 G _   0.007 0.048 0.001 0.029 0.008 0.015 0.078 0.815 
 343 T _   0.007 0.051 0.001 0.030 0.008 0.015 0.076 0.811 
 344 E _   0.007 0.053 0.001 0.030 0.008 0.015 0.073 0.812 
 345 T _   0.007 0.053 0.001 0.028 0.008 0.015 0.072 0.816 
 346 E _   0.007 0.051 0.001 0.026 0.007 0.015 0.070 0.823 
 347 F _   0.007 0.048 0.001 0.022 0.007 0.014 0.069 0.832 
 348 N _   0.008 0.044 0.001 0.018 0.006 0.014 0.068 0.842 
 349 S _   0.008 0.040 0.001 0.014 0.005 0.014 0.067 0.851 
 350 L _   0.009 0.036 0.001 0.011 0.005 0.014 0.066 0.858 
 351 V _   0.010 0.034 0.001 0.009 0.005 0.015 0.065 0.863 
 352 K _   0.011 0.032 0.001 0.008 0.005 0.016 0.064 0.865 
 353 L _   0.012 0.032 0.001 0.008 0.005 0.018 0.062 0.862 
 354 S _   0.015 0.033 0.001 0.009 0.007 0.020 0.061 0.855 
 355 H _   0.018 0.036 0.001 0.012 0.009 0.023 0.059 0.843 
 356 P _   0.021 0.041 0.001 0.016 0.012 0.026 0.057 0.826 
 357 N _   0.024 0.049 0.001 0.023 0.015 0.029 0.055 0.803 
 358 V _   0.027 0.057 0.001 0.031 0.018 0.031 0.053 0.781 
 359 V _   0.029 0.063 0.002 0.039 0.021 0.033 0.052 0.762 
 360 R _   0.030 0.067 0.002 0.044 0.022 0.032 0.051 0.753 
 361 Y _   0.030 0.067 0.002 0.046 0.021 0.031 0.050 0.754 
 362 L _   0.028 0.064 0.001 0.044 0.019 0.029 0.050 0.765 
 363 A _   0.026 0.057 0.001 0.038 0.016 0.025 0.050 0.786 
 364 M _   0.024 0.046 0.001 0.030 0.013 0.022 0.050 0.815 
 365 N _   0.022 0.032 0.001 0.021 0.009 0.019 0.050 0.847 
 366 L _   0.020 0.018 0.001 0.013 0.006 0.016 0.050 0.877 
 367 K _   0.019 0.008 0.001 0.007 0.004 0.013 0.049 0.898 
 368 E _   0.020 0.003 0.000 0.004 0.003 0.012 0.048 0.910 
 369 Q _   0.023 0.001 0.000 0.002 0.002 0.011 0.047 0.912 
 370 D _   0.031 0.000 0.000 0.002 0.002 0.012 0.046 0.907 
 371 D _   0.046 0.000 0.000 0.002 0.003 0.015 0.044 0.891 
 372 S _   0.072 0.000 0.000 0.002 0.004 0.019 0.041 0.861 
 373 I _   0.112 0.000 0.001 0.003 0.007 0.025 0.039 0.814 
 374 V _   0.165 0.000 0.001 0.003 0.011 0.032 0.035 0.751 
 375 V _   0.226 0.000 0.001 0.004 0.017 0.040 0.032 0.679 
 376 D _   0.289 0.000 0.002 0.005 0.025 0.047 0.029 0.604 
 377 I _   0.346 0.000 0.002 0.006 0.033 0.053 0.026 0.534 
 378 L _   0.396 0.001 0.002 0.006 0.040 0.057 0.024 0.474 
 379 V H   0.437 0.001 0.002 0.006 0.047 0.059 0.022 0.426 
 380 E H   0.466 0.001 0.002 0.006 0.051 0.060 0.021 0.392 
 381 H H   0.485 0.001 0.002 0.006 0.055 0.060 0.021 0.370 
 382 I H   0.495 0.001 0.002 0.007 0.057 0.058 0.020 0.360 
 383 S H   0.494 0.002 0.002 0.008 0.057 0.056 0.021 0.360 
 384 G H   0.483 0.002 0.002 0.009 0.055 0.054 0.022 0.373 
 385 V H   0.463 0.003 0.003 0.011 0.052 0.051 0.023 0.396 
 386 S _   0.430 0.003 0.003 0.013 0.047 0.047 0.025 0.433 
 387 L _   0.387 0.003 0.002 0.014 0.040 0.043 0.027 0.484 
 388 A _   0.334 0.003 0.002 0.014 0.032 0.038 0.029 0.547 
 389 A _   0.274 0.002 0.002 0.012 0.024 0.033 0.032 0.620 
 390 H _   0.215 0.002 0.001 0.010 0.017 0.028 0.034 0.694 
 391 L _   0.160 0.001 0.001 0.007 0.011 0.024 0.037 0.759 
 392 S _   0.115 0.001 0.001 0.005 0.007 0.020 0.038 0.813 
 393 H _   0.082 0.000 0.001 0.004 0.005 0.017 0.039 0.852 
 394 S _   0.059 0.000 0.000 0.003 0.004 0.016 0.040 0.877 
 395 G _   0.045 0.000 0.000 0.003 0.003 0.016 0.041 0.892 
 396 P _   0.036 0.001 0.000 0.003 0.003 0.017 0.041 0.897 
 397 I _   0.033 0.003 0.000 0.004 0.004 0.020 0.041 0.895 
 398 P _   0.032 0.007 0.001 0.006 0.006 0.023 0.041 0.885 
 399 V _   0.032 0.015 0.001 0.010 0.009 0.027 0.040 0.865 
 400 H _   0.034 0.030 0.001 0.014 0.013 0.031 0.039 0.837 
 401 Q _   0.034 0.050 0.001 0.020 0.017 0.035 0.038 0.804 
 402 L _   0.034 0.072 0.002 0.027 0.021 0.037 0.038 0.769 
 403 R _   0.034 0.095 0.002 0.033 0.024 0.039 0.037 0.737 
 404 R _   0.032 0.113 0.002 0.040 0.027 0.039 0.036 0.712 
 405 Y _   0.031 0.126 0.002 0.045 0.028 0.039 0.036 0.695 
 406 T _   0.029 0.133 0.002 0.048 0.027 0.038 0.036 0.687 
 407 A _   0.027 0.137 0.002 0.050 0.026 0.035 0.036 0.687 
 408 Q _   0.026 0.136 0.002 0.049 0.024 0.033 0.037 0.695 
 409 L _   0.024 0.131 0.002 0.045 0.021 0.030 0.038 0.711 
 410 L _   0.021 0.120 0.001 0.039 0.017 0.026 0.039 0.735 
 411 S _   0.019 0.104 0.001 0.032 0.014 0.023 0.041 0.766 
 412 G _   0.017 0.084 0.001 0.024 0.011 0.020 0.043 0.800 
 413 L _   0.015 0.062 0.001 0.017 0.008 0.017 0.044 0.834 
 414 D _   0.014 0.043 0.001 0.012 0.006 0.015 0.046 0.863 
 415 Y _   0.012 0.030 0.001 0.008 0.004 0.014 0.047 0.884 
 416 L _   0.011 0.023 0.000 0.006 0.004 0.014 0.048 0.895 
 417 H _   0.011 0.019 0.000 0.005 0.003 0.014 0.048 0.899 
 418 S _   0.012 0.018 0.000 0.005 0.004 0.015 0.048 0.897 
 419 N _   0.014 0.019 0.000 0.006 0.005 0.017 0.048 0.891 
 420 S _   0.016 0.022 0.001 0.009 0.006 0.019 0.048 0.879 
 421 V _   0.018 0.026 0.001 0.013 0.009 0.022 0.048 0.863 
 422 V _   0.021 0.032 0.001 0.018 0.011 0.025 0.048 0.846 
 423 H _   0.022 0.037 0.001 0.022 0.014 0.027 0.048 0.829 
 424 K _   0.024 0.042 0.001 0.026 0.015 0.028 0.048 0.816 
 425 V _   0.025 0.045 0.001 0.027 0.017 0.029 0.048 0.808 
 426 L _   0.025 0.046 0.001 0.027 0.017 0.030 0.049 0.805 
 427 S _   0.025 0.046 0.001 0.025 0.016 0.029 0.050 0.807 
 428 A _   0.026 0.044 0.001 0.023 0.015 0.028 0.051 0.812 
 429 S _   0.025 0.042 0.001 0.020 0.014 0.027 0.052 0.819 
 430 N _   0.025 0.040 0.001 0.017 0.012 0.026 0.053 0.824 
 431 V _   0.025 0.039 0.001 0.016 0.011 0.025 0.055 0.828 
 432 L _   0.025 0.037 0.001 0.015 0.011 0.025 0.056 0.830 
 433 V _   0.025 0.037 0.001 0.015 0.010 0.024 0.058 0.830 
 434 D _   0.024 0.036 0.001 0.016 0.010 0.023 0.059 0.830 
 435 A _   0.023 0.036 0.001 0.017 0.010 0.022 0.061 0.830 
 436 E _   0.022 0.035 0.001 0.017 0.010 0.021 0.063 0.831 
 437 G _   0.021 0.034 0.001 0.017 0.009 0.020 0.064 0.834 
 438 T _   0.019 0.033 0.001 0.016 0.008 0.018 0.066 0.838 
 439 V _   0.017 0.031 0.001 0.015 0.007 0.017 0.068 0.843 
 440 K _   0.016 0.029 0.001 0.013 0.006 0.015 0.070 0.850 
 441 I _   0.014 0.027 0.001 0.011 0.005 0.014 0.072 0.856 
 442 T _   0.012 0.026 0.001 0.009 0.005 0.013 0.074 0.860 
 443 D _   0.011 0.026 0.001 0.008 0.004 0.013 0.075 0.863 
 444 Y _   0.010 0.026 0.000 0.008 0.004 0.012 0.076 0.864 
 445 S _   0.010 0.027 0.000 0.008 0.004 0.012 0.077 0.861 
 446 I _   0.009 0.029 0.001 0.009 0.005 0.013 0.078 0.856 
 447 S _   0.010 0.033 0.001 0.010 0.005 0.013 0.079 0.849 
 448 K _   0.010 0.038 0.001 0.012 0.006 0.014 0.080 0.840 
 449 R _   0.010 0.044 0.001 0.014 0.006 0.015 0.081 0.829 
 450 L _   0.011 0.051 0.001 0.016 0.007 0.015 0.082 0.818 
 451 A _   0.011 0.057 0.001 0.018 0.007 0.016 0.083 0.807 
 452 D _   0.011 0.063 0.001 0.019 0.008 0.017 0.084 0.797 
 453 I _   0.012 0.068 0.001 0.020 0.008 0.017 0.085 0.789 
 454 C _   0.012 0.072 0.001 0.021 0.009 0.018 0.086 0.781 
 455 K _   0.013 0.076 0.001 0.022 0.009 0.019 0.088 0.772 
 456 E _   0.014 0.079 0.001 0.024 0.010 0.019 0.090 0.764 
 457 D _   0.014 0.081 0.001 0.025 0.010 0.019 0.093 0.756 
 458 V _   0.014 0.083 0.001 0.027 0.011 0.019 0.096 0.749 
 459 F _   0.015 0.083 0.001 0.029 0.011 0.019 0.099 0.744 
 460 E _   0.015 0.082 0.001 0.029 0.010 0.018 0.103 0.742 
 461 Q _   0.015 0.078 0.001 0.029 0.010 0.017 0.107 0.742 
 462 T _   0.014 0.073 0.001 0.027 0.009 0.016 0.112 0.746 
 463 R _   0.014 0.066 0.001 0.025 0.008 0.015 0.118 0.754 
 464 V _   0.012 0.056 0.001 0.022 0.007 0.013 0.124 0.765 
 465 R _   0.011 0.046 0.001 0.018 0.006 0.012 0.130 0.777 
 466 F _   0.010 0.035 0.001 0.015 0.005 0.010 0.136 0.789 
 467 S _   0.009 0.025 0.001 0.012 0.004 0.009 0.141 0.799 
 468 D _   0.009 0.017 0.000 0.009 0.003 0.008 0.146 0.807 
 469 N _   0.008 0.011 0.000 0.007 0.003 0.007 0.151 0.813 
 470 A _   0.007 0.006 0.000 0.006 0.002 0.006 0.154 0.818 
 471 L _   0.007 0.004 0.000 0.004 0.002 0.006 0.157 0.821 
 472 P _   0.007 0.002 0.000 0.003 0.001 0.006 0.158 0.822 
 473 Y _   0.007 0.001 0.000 0.003 0.001 0.006 0.159 0.823 
 474 K _   0.008 0.000 0.000 0.002 0.001 0.007 0.159 0.821 
 475 T _   0.011 0.000 0.000 0.002 0.001 0.009 0.159 0.817 
 476 G _   0.018 0.000 0.000 0.002 0.002 0.013 0.157 0.807 
 477 K _   0.032 0.000 0.000 0.002 0.003 0.020 0.155 0.788 
 478 K _   0.054 0.001 0.001 0.003 0.007 0.030 0.152 0.753 
 479 G _   0.087 0.002 0.001 0.004 0.014 0.043 0.148 0.700 
 480 D _   0.126 0.007 0.002 0.007 0.026 0.059 0.143 0.629 
 481 V _   0.163 0.020 0.002 0.013 0.043 0.073 0.138 0.546 
 482 W _   0.191 0.042 0.003 0.022 0.060 0.083 0.134 0.465 
 483 R _   0.209 0.066 0.003 0.033 0.072 0.087 0.132 0.399 
 484 L _   0.217 0.084 0.003 0.043 0.077 0.087 0.130 0.358 
 485 G _   0.220 0.095 0.003 0.050 0.078 0.084 0.131 0.339 
 486 L _   0.216 0.099 0.003 0.053 0.076 0.079 0.132 0.342 
 487 L _   0.207 0.098 0.003 0.051 0.069 0.072 0.135 0.365 
 488 L _   0.190 0.089 0.003 0.045 0.060 0.063 0.139 0.411 
 489 L _   0.170 0.074 0.003 0.035 0.047 0.054 0.144 0.473 
 490 S _   0.147 0.053 0.003 0.025 0.035 0.045 0.149 0.545 
 491 L _   0.120 0.032 0.002 0.016 0.023 0.036 0.155 0.617 
 492 S _   0.094 0.017 0.001 0.010 0.014 0.029 0.160 0.676 
 493 Q _   0.071 0.008 0.001 0.007 0.008 0.023 0.164 0.718 
 494 G _   0.053 0.005 0.001 0.005 0.006 0.019 0.167 0.745 
 495 Q _   0.040 0.003 0.000 0.004 0.004 0.016 0.170 0.762 
 496 E _   0.031 0.002 0.000 0.005 0.004 0.014 0.172 0.773 
 497 C _   0.024 0.002 0.000 0.005 0.003 0.012 0.174 0.779 
 498 G _   0.019 0.003 0.000 0.006 0.004 0.012 0.175 0.781 
 499 E _   0.016 0.003 0.000 0.008 0.004 0.011 0.176 0.782 
 500 Y _   0.013 0.004 0.000 0.009 0.004 0.010 0.177 0.782 
 501 P _   0.012 0.004 0.000 0.010 0.004 0.010 0.178 0.782 
 502 V _   0.010 0.005 0.000 0.010 0.004 0.009 0.179 0.782 
 503 T _   0.009 0.005 0.000 0.009 0.004 0.009 0.180 0.784 
 504 I _   0.008 0.006 0.000 0.009 0.003 0.008 0.181 0.786 
 505 P _   0.007 0.006 0.000 0.008 0.003 0.008 0.181 0.787 
 506 S _   0.006 0.006 0.000 0.007 0.003 0.007 0.182 0.788 
 507 D _   0.006 0.007 0.000 0.006 0.003 0.008 0.182 0.788 
 508 L _   0.006 0.008 0.000 0.006 0.003 0.008 0.182 0.787 
 509 P _   0.006 0.010 0.000 0.007 0.003 0.009 0.181 0.783 
 510 A _   0.007 0.014 0.000 0.009 0.004 0.010 0.181 0.776 
 511 D _   0.008 0.019 0.001 0.012 0.005 0.012 0.180 0.764 
 512 F _   0.008 0.026 0.001 0.017 0.006 0.013 0.179 0.750 
 513 Q _   0.009 0.034 0.001 0.023 0.008 0.015 0.178 0.733 
 514 D _   0.009 0.041 0.001 0.029 0.009 0.015 0.177 0.718 
 515 F _   0.010 0.046 0.001 0.033 0.009 0.016 0.177 0.707 
 516 L _   0.010 0.049 0.001 0.036 0.009 0.015 0.178 0.702 
 517 K _   0.010 0.050 0.001 0.035 0.009 0.015 0.179 0.702 
 518 K _   0.009 0.048 0.001 0.032 0.008 0.013 0.181 0.708 
 519 C _   0.009 0.043 0.001 0.027 0.007 0.012 0.184 0.718 
 520 V _   0.008 0.037 0.001 0.020 0.005 0.010 0.187 0.731 
 521 C _   0.007 0.029 0.001 0.014 0.004 0.009 0.191 0.746 
 522 L _   0.007 0.022 0.000 0.010 0.003 0.008 0.193 0.758 
 523 D _   0.006 0.016 0.000 0.006 0.002 0.007 0.196 0.766 
 524 D _   0.006 0.013 0.000 0.005 0.002 0.006 0.197 0.771 
 525 K _   0.006 0.012 0.000 0.004 0.002 0.006 0.198 0.773 
 526 E _   0.006 0.011 0.000 0.004 0.002 0.007 0.198 0.772 
 527 R _   0.006 0.012 0.000 0.005 0.002 0.008 0.198 0.768 
 528 W _   0.007 0.015 0.000 0.008 0.003 0.009 0.198 0.760 
 529 S _   0.007 0.019 0.000 0.012 0.004 0.011 0.197 0.749 
 530 P _   0.008 0.026 0.001 0.017 0.005 0.012 0.196 0.735 
 531 Q _   0.009 0.032 0.001 0.023 0.007 0.014 0.195 0.720 
 532 Q _   0.009 0.037 0.001 0.028 0.008 0.014 0.194 0.709 
 533 L _   0.009 0.040 0.001 0.031 0.008 0.014 0.194 0.702 
 534 L _   0.009 0.040 0.001 0.032 0.008 0.014 0.195 0.701 
 535 K _   0.009 0.039 0.001 0.029 0.008 0.013 0.197 0.705 
 536 H _   0.008 0.036 0.001 0.025 0.006 0.012 0.199 0.713 
 537 S _   0.008 0.031 0.001 0.019 0.005 0.010 0.202 0.724 
 538 F _   0.007 0.025 0.001 0.015 0.004 0.009 0.205 0.735 
 539 I _   0.007 0.020 0.000 0.011 0.003 0.008 0.207 0.743 
 540 N _   0.007 0.016 0.000 0.008 0.003 0.008 0.210 0.749 
 541 P _   0.007 0.013 0.000 0.007 0.002 0.007 0.212 0.751 
 542 Q _   0.007 0.012 0.000 0.007 0.002 0.007 0.213 0.751 
 543 P _   0.007 0.011 0.000 0.008 0.002 0.007 0.215 0.749 
 544 K _   0.008 0.010 0.000 0.009 0.003 0.008 0.216 0.746 
 545 M _   0.008 0.010 0.000 0.011 0.003 0.008 0.217 0.743 
 546 P _   0.008 0.010 0.000 0.012 0.003 0.008 0.218 0.741 
 547 L _   0.008 0.009 0.000 0.012 0.003 0.008 0.218 0.741 
 548 V _   0.007 0.009 0.000 0.012 0.003 0.007 0.219 0.743 
 549 E _   0.006 0.008 0.000 0.010 0.003 0.006 0.219 0.748 
 550 Q _   0.006 0.006 0.000 0.008 0.002 0.006 0.218 0.754 
 551 S _   0.005 0.005 0.000 0.006 0.002 0.005 0.217 0.761 
 552 P _   0.004 0.004 0.000 0.004 0.001 0.004 0.215 0.767 
 553 E _   0.004 0.004 0.000 0.003 0.001 0.004 0.213 0.772 
 554 D _   0.003 0.004 0.000 0.003 0.001 0.004 0.209 0.775 
 555 S _   0.004 0.005 0.000 0.003 0.001 0.005 0.205 0.777 
 556 E _   0.004 0.008 0.000 0.005 0.002 0.006 0.200 0.775 
 557 G _   0.005 0.014 0.000 0.008 0.003 0.009 0.193 0.768 
 558 Q _   0.006 0.026 0.001 0.014 0.004 0.011 0.185 0.755 
 559 D _   0.006 0.042 0.001 0.021 0.006 0.013 0.175 0.736 
 560 Y _   0.006 0.059 0.001 0.029 0.008 0.015 0.166 0.716 
 561 V _   0.007 0.074 0.001 0.035 0.009 0.016 0.157 0.702 
 562 E _   0.006 0.084 0.001 0.038 0.009 0.016 0.150 0.695 
 563 T _   0.006 0.089 0.001 0.038 0.009 0.016 0.145 0.696 
 564 V _   0.006 0.092 0.001 0.035 0.009 0.016 0.140 0.702 
 565 I _   0.006 0.091 0.001 0.030 0.008 0.015 0.137 0.712 
 566 P _   0.006 0.089 0.001 0.025 0.007 0.015 0.134 0.723 
 567 S _   0.007 0.086 0.001 0.020 0.006 0.015 0.131 0.735 
 568 N _   0.007 0.083 0.001 0.016 0.006 0.015 0.129 0.744 
 569 R _   0.008 0.081 0.001 0.014 0.006 0.016 0.127 0.749 
 570 L _   0.008 0.079 0.001 0.014 0.006 0.017 0.125 0.751 
 571 P _   0.009 0.079 0.001 0.015 0.007 0.018 0.123 0.749 
 572 S _   0.010 0.080 0.001 0.017 0.007 0.019 0.121 0.745 
 573 A _   0.012 0.081 0.001 0.019 0.009 0.020 0.119 0.740 
 574 A _   0.012 0.081 0.001 0.022 0.009 0.021 0.117 0.737 
 575 F _   0.013 0.080 0.001 0.023 0.010 0.022 0.115 0.737 
 576 F _   0.014 0.077 0.001 0.022 0.010 0.022 0.114 0.740 
 577 S _   0.014 0.072 0.001 0.021 0.010 0.022 0.113 0.748 
 578 E _   0.015 0.065 0.001 0.018 0.009 0.022 0.112 0.759 
 579 T _   0.016 0.057 0.001 0.014 0.009 0.022 0.111 0.771 
 580 Q _   0.017 0.049 0.001 0.011 0.008 0.022 0.111 0.781 
 581 R _   0.018 0.043 0.001 0.009 0.008 0.023 0.110 0.788 
 582 Q _   0.020 0.039 0.001 0.008 0.008 0.025 0.109 0.790 
 583 F _   0.023 0.038 0.001 0.008 0.009 0.026 0.109 0.786 
 584 S _   0.026 0.038 0.001 0.010 0.011 0.028 0.109 0.778 
 585 R _   0.029 0.039 0.001 0.013 0.013 0.030 0.108 0.766 
 586 Y _   0.032 0.042 0.001 0.017 0.015 0.032 0.108 0.754 
 587 F _   0.033 0.045 0.001 0.021 0.017 0.033 0.108 0.743 
 588 I _   0.034 0.047 0.001 0.025 0.018 0.033 0.108 0.734 
 589 E _   0.034 0.048 0.001 0.027 0.018 0.032 0.108 0.731 
 590 F _   0.033 0.047 0.001 0.027 0.017 0.031 0.109 0.735 
 591 E _   0.031 0.044 0.001 0.025 0.016 0.029 0.110 0.744 
 592 E _   0.029 0.039 0.001 0.021 0.014 0.027 0.111 0.757 
 593 L _   0.027 0.033 0.001 0.017 0.011 0.024 0.113 0.773 
 594 Q _   0.025 0.027 0.001 0.013 0.009 0.023 0.115 0.787 
 595 L _   0.023 0.023 0.001 0.010 0.008 0.021 0.116 0.799 
 596 L _   0.022 0.019 0.001 0.008 0.007 0.020 0.117 0.806 
 597 G _   0.022 0.018 0.001 0.008 0.007 0.020 0.119 0.807 
 598 K _   0.021 0.017 0.001 0.009 0.007 0.020 0.120 0.806 
 599 G _   0.022 0.017 0.001 0.011 0.008 0.020 0.121 0.801 
 600 A _   0.022 0.018 0.001 0.014 0.009 0.020 0.123 0.794 
 601 F _   0.021 0.019 0.001 0.017 0.009 0.020 0.125 0.788 
 602 G _   0.021 0.020 0.001 0.020 0.010 0.019 0.127 0.783 
 603 A _   0.020 0.019 0.001 0.021 0.010 0.019 0.129 0.782 
 604 V _   0.019 0.018 0.001 0.020 0.009 0.017 0.132 0.785 
 605 I _   0.017 0.016 0.001 0.017 0.008 0.016 0.135 0.791 
 606 K _   0.015 0.014 0.001 0.014 0.006 0.014 0.137 0.799 
 607 V _   0.014 0.011 0.001 0.010 0.005 0.013 0.140 0.807 
 608 Q _   0.012 0.008 0.000 0.007 0.004 0.011 0.143 0.813 
 609 N _   0.011 0.007 0.000 0.006 0.003 0.011 0.145 0.817 
 610 K _   0.011 0.006 0.000 0.005 0.003 0.011 0.147 0.817 
 611 L _   0.011 0.006 0.000 0.005 0.003 0.011 0.149 0.814 
 612 D _   0.012 0.007 0.000 0.006 0.004 0.012 0.151 0.808 
 613 G _   0.013 0.009 0.001 0.008 0.005 0.014 0.152 0.797 
 614 C _   0.014 0.013 0.001 0.012 0.007 0.015 0.154 0.784 
 615 C _   0.015 0.017 0.001 0.016 0.008 0.016 0.156 0.770 
 616 Y _   0.015 0.021 0.001 0.020 0.009 0.017 0.158 0.758 
 617 A _   0.015 0.024 0.001 0.023 0.010 0.017 0.161 0.749 
 618 V _   0.014 0.026 0.001 0.024 0.010 0.017 0.164 0.744 
 619 K _   0.013 0.026 0.001 0.022 0.009 0.016 0.168 0.744 
 620 R _   0.012 0.026 0.001 0.019 0.008 0.015 0.172 0.747 
 621 I _   0.011 0.024 0.001 0.016 0.007 0.013 0.176 0.752 
 622 P _   0.010 0.022 0.001 0.012 0.005 0.012 0.181 0.756 
 623 I _   0.009 0.021 0.001 0.010 0.004 0.012 0.185 0.759 
 624 N _   0.009 0.020 0.000 0.008 0.004 0.011 0.189 0.759 
 625 P _   0.009 0.019 0.000 0.007 0.003 0.012 0.192 0.757 
 626 A _   0.009 0.020 0.000 0.006 0.004 0.012 0.196 0.753 
 627 S _   0.010 0.022 0.000 0.007 0.004 0.013 0.199 0.746 
 628 R _   0.010 0.026 0.001 0.008 0.005 0.015 0.201 0.735 
 629 Q _   0.011 0.031 0.001 0.010 0.006 0.017 0.204 0.720 
 630 F _   0.012 0.040 0.001 0.014 0.008 0.019 0.207 0.700 
 631 R _   0.013 0.051 0.001 0.018 0.010 0.022 0.209 0.676 
 632 R _   0.013 0.062 0.001 0.023 0.012 0.024 0.213 0.652 
 633 I _   0.014 0.073 0.001 0.028 0.014 0.026 0.216 0.628 
 634 K _   0.015 0.081 0.001 0.033 0.016 0.027 0.221 0.607 
 635 G _   0.015 0.087 0.001 0.036 0.016 0.027 0.226 0.591 
 636 E _   0.015 0.089 0.001 0.037 0.017 0.027 0.233 0.580 
 637 V _   0.015 0.089 0.001 0.035 0.016 0.027 0.241 0.575 
 638 T _   0.016 0.086 0.001 0.032 0.015 0.027 0.250 0.574 
 639 L _   0.016 0.081 0.001 0.027 0.014 0.026 0.260 0.575 
 640 L _   0.016 0.074 0.001 0.022 0.012 0.025 0.271 0.578 
 641 S _   0.017 0.065 0.001 0.017 0.011 0.025 0.283 0.582 
 642 R _   0.017 0.058 0.001 0.013 0.009 0.025 0.295 0.582 
 643 L _   0.018 0.053 0.001 0.011 0.009 0.025 0.306 0.578 
 644 H _   0.019 0.050 0.001 0.009 0.008 0.026 0.317 0.569 
 645 H _   0.021 0.049 0.001 0.010 0.009 0.027 0.329 0.555 
 646 E _   0.023 0.050 0.001 0.011 0.010 0.029 0.340 0.536 
 647 N _   0.026 0.053 0.001 0.014 0.012 0.030 0.351 0.513 
 648 I _   0.027 0.057 0.001 0.018 0.014 0.031 0.364 0.486 
 649 V _   0.028 0.063 0.001 0.024 0.017 0.032 0.378 0.457 
 650 R _   0.029 0.068 0.001 0.030 0.019 0.033 0.392 0.429 
 651 Y X   0.028 0.071 0.002 0.035 0.020 0.032 0.409 0.403 
 652 Y X   0.027 0.073 0.002 0.039 0.020 0.031 0.428 0.381 
 653 N X   0.025 0.072 0.002 0.041 0.019 0.029 0.450 0.362 
 654 A X   0.023 0.070 0.002 0.040 0.017 0.026 0.475 0.347 
 655 W X   0.020 0.065 0.001 0.038 0.015 0.023 0.502 0.335 
 656 I X   0.018 0.059 0.001 0.034 0.013 0.020 0.532 0.324 
 657 E X   0.015 0.051 0.001 0.029 0.010 0.018 0.563 0.313 
 658 R X   0.013 0.041 0.001 0.024 0.008 0.015 0.596 0.302 
 659 H X   0.011 0.032 0.001 0.019 0.006 0.012 0.628 0.292 
 660 E X   0.009 0.023 0.001 0.014 0.005 0.010 0.658 0.281 
 661 R X   0.007 0.016 0.000 0.011 0.003 0.008 0.685 0.270 
 662 P X   0.006 0.010 0.000 0.008 0.002 0.006 0.708 0.259 
 663 A X   0.005 0.007 0.000 0.006 0.002 0.005 0.727 0.249 
