#TopoPred_TM8: 8-state transmembrane topology prediction results by no_profile mode 
#probabilities are in the order of H E C I L F X _, the 8 transmembrane topology types used in PDBTM 
   1 V X   0.005 0.000 0.001 0.020 0.005 0.004 0.919 0.045 
   2 P X   0.001 0.000 0.000 0.007 0.001 0.001 0.942 0.047 
   3 L X   0.000 0.000 0.000 0.003 0.000 0.001 0.948 0.048 
   4 P X   0.000 0.000 0.000 0.002 0.000 0.001 0.949 0.049 
   5 P X   0.000 0.000 0.000 0.002 0.000 0.001 0.948 0.049 
   6 R X   0.001 0.001 0.000 0.002 0.000 0.002 0.946 0.049 
   7 R X   0.001 0.002 0.000 0.003 0.001 0.002 0.943 0.049 
   8 A X   0.001 0.004 0.000 0.004 0.001 0.003 0.938 0.049 
   9 A X   0.001 0.007 0.000 0.005 0.001 0.003 0.932 0.050 
  10 L X   0.001 0.010 0.000 0.006 0.001 0.003 0.926 0.052 
  11 P X   0.001 0.014 0.000 0.007 0.002 0.003 0.919 0.054 
  12 L X   0.001 0.016 0.000 0.007 0.002 0.004 0.914 0.056 
  13 A X   0.001 0.019 0.000 0.008 0.002 0.004 0.909 0.058 
  14 P X   0.001 0.021 0.000 0.008 0.002 0.004 0.905 0.060 
  15 R X   0.001 0.022 0.000 0.008 0.002 0.004 0.902 0.061 
  16 P X   0.001 0.024 0.000 0.008 0.002 0.004 0.900 0.061 
  17 W X   0.001 0.025 0.000 0.009 0.002 0.004 0.898 0.061 
  18 R X   0.001 0.026 0.000 0.009 0.002 0.004 0.896 0.061 
  19 L X   0.001 0.026 0.000 0.010 0.002 0.004 0.895 0.061 
  20 R X   0.001 0.026 0.000 0.010 0.002 0.004 0.895 0.061 
  21 A X   0.001 0.026 0.000 0.010 0.002 0.004 0.896 0.061 
  22 R X   0.001 0.025 0.000 0.009 0.002 0.003 0.898 0.061 
  23 R X   0.001 0.023 0.000 0.008 0.002 0.003 0.900 0.062 
  24 A X   0.001 0.020 0.000 0.007 0.002 0.003 0.903 0.064 
  25 A X   0.001 0.017 0.000 0.006 0.001 0.002 0.906 0.065 
  26 A X   0.001 0.014 0.000 0.005 0.001 0.002 0.910 0.066 
  27 S X   0.001 0.011 0.000 0.004 0.001 0.002 0.914 0.067 
  28 S X   0.001 0.008 0.000 0.003 0.001 0.002 0.918 0.068 
  29 P X   0.001 0.006 0.000 0.002 0.001 0.002 0.921 0.068 
  30 R X   0.001 0.004 0.000 0.002 0.001 0.001 0.924 0.067 
  31 Q X   0.001 0.003 0.000 0.002 0.000 0.001 0.926 0.067 
  32 A X   0.001 0.002 0.000 0.001 0.000 0.001 0.928 0.066 
  33 G X   0.001 0.002 0.000 0.001 0.000 0.001 0.929 0.065 
  34 R X   0.001 0.002 0.000 0.001 0.000 0.001 0.930 0.065 
  35 P X   0.001 0.001 0.000 0.001 0.000 0.001 0.931 0.064 
  36 R X   0.001 0.001 0.000 0.001 0.000 0.001 0.932 0.064 
  37 H X   0.001 0.001 0.000 0.001 0.000 0.001 0.932 0.064 
  38 P X   0.001 0.001 0.000 0.001 0.000 0.001 0.932 0.064 
  39 R X   0.001 0.001 0.000 0.001 0.000 0.001 0.932 0.064 
  40 P X   0.001 0.001 0.000 0.001 0.000 0.001 0.932 0.065 
  41 R X   0.001 0.001 0.000 0.001 0.000 0.001 0.931 0.065 
  42 A X   0.001 0.001 0.000 0.001 0.000 0.001 0.930 0.066 
  43 S X   0.001 0.001 0.000 0.001 0.000 0.001 0.929 0.067 
  44 S X   0.001 0.001 0.000 0.002 0.000 0.001 0.928 0.068 
  45 P X   0.001 0.001 0.000 0.002 0.000 0.001 0.927 0.068 
  46 S X   0.001 0.001 0.000 0.002 0.001 0.001 0.925 0.069 
  47 P X   0.001 0.001 0.000 0.002 0.001 0.001 0.924 0.070 
  48 R X   0.001 0.001 0.000 0.003 0.001 0.001 0.923 0.071 
  49 V X   0.001 0.001 0.000 0.003 0.001 0.002 0.921 0.072 
  50 Q X   0.001 0.001 0.000 0.003 0.001 0.002 0.920 0.072 
  51 R X   0.001 0.001 0.000 0.003 0.001 0.002 0.919 0.073 
  52 S X   0.001 0.001 0.000 0.003 0.001 0.002 0.918 0.074 
  53 R X   0.001 0.001 0.000 0.003 0.001 0.002 0.917 0.075 
  54 P X   0.001 0.001 0.000 0.003 0.001 0.002 0.917 0.076 
  55 A X   0.001 0.001 0.000 0.003 0.001 0.001 0.916 0.077 
  56 A X   0.001 0.001 0.000 0.003 0.001 0.001 0.916 0.077 
  57 S X   0.001 0.001 0.000 0.002 0.001 0.001 0.915 0.078 
  58 P X   0.001 0.001 0.000 0.002 0.000 0.001 0.915 0.080 
  59 Y X   0.001 0.001 0.000 0.002 0.000 0.001 0.914 0.081 
  60 A X   0.001 0.001 0.000 0.002 0.000 0.001 0.913 0.082 
  61 G X   0.001 0.001 0.000 0.001 0.000 0.001 0.912 0.084 
  62 P X   0.001 0.000 0.000 0.001 0.000 0.001 0.910 0.086 
  63 A X   0.001 0.000 0.000 0.001 0.000 0.001 0.908 0.088 
  64 G X   0.001 0.000 0.000 0.001 0.000 0.001 0.905 0.091 
  65 P X   0.001 0.000 0.000 0.001 0.000 0.001 0.902 0.094 
  66 P X   0.001 0.001 0.000 0.002 0.000 0.001 0.897 0.098 
  67 R X   0.001 0.001 0.000 0.002 0.001 0.002 0.892 0.102 
  68 R X   0.001 0.001 0.000 0.002 0.001 0.002 0.886 0.107 
  69 A X   0.001 0.001 0.000 0.003 0.001 0.002 0.880 0.112 
  70 P X   0.001 0.002 0.000 0.004 0.001 0.002 0.873 0.117 
  71 H X   0.001 0.003 0.000 0.005 0.001 0.003 0.865 0.123 
  72 S X   0.001 0.004 0.000 0.006 0.001 0.003 0.856 0.129 
  73 E X   0.001 0.004 0.000 0.007 0.001 0.003 0.848 0.135 
  74 L X   0.001 0.005 0.000 0.007 0.002 0.003 0.840 0.141 
  75 K X   0.001 0.006 0.000 0.008 0.002 0.004 0.832 0.147 
  76 S X   0.001 0.007 0.000 0.008 0.002 0.004 0.825 0.154 
  77 P X   0.001 0.007 0.000 0.008 0.002 0.003 0.818 0.161 
  78 W X   0.001 0.007 0.000 0.007 0.002 0.003 0.811 0.168 
  79 S X   0.001 0.008 0.000 0.007 0.001 0.003 0.805 0.175 
  80 S X   0.001 0.008 0.000 0.006 0.001 0.003 0.799 0.182 
  81 A X   0.001 0.008 0.000 0.005 0.001 0.003 0.792 0.189 
  82 A X   0.001 0.008 0.000 0.005 0.001 0.003 0.786 0.195 
  83 P X   0.001 0.009 0.000 0.004 0.001 0.003 0.779 0.202 
  84 K X   0.001 0.010 0.000 0.005 0.001 0.003 0.771 0.208 
  85 L X   0.002 0.011 0.000 0.005 0.001 0.004 0.763 0.214 
  86 S X   0.002 0.013 0.000 0.007 0.002 0.004 0.754 0.219 
  87 P X   0.002 0.015 0.000 0.009 0.002 0.005 0.744 0.223 
  88 R X   0.002 0.019 0.000 0.011 0.003 0.005 0.734 0.225 
  89 A X   0.002 0.022 0.000 0.015 0.003 0.006 0.724 0.227 
  90 G X   0.002 0.026 0.000 0.018 0.004 0.006 0.716 0.228 
  91 N X   0.002 0.028 0.000 0.021 0.004 0.007 0.708 0.229 
  92 M X   0.003 0.030 0.000 0.022 0.004 0.007 0.702 0.232 
  93 G X   0.003 0.030 0.000 0.022 0.004 0.007 0.698 0.237 
  94 C X   0.003 0.029 0.000 0.020 0.004 0.006 0.695 0.243 
  95 I X   0.003 0.027 0.000 0.018 0.003 0.006 0.693 0.250 
  96 K X   0.003 0.024 0.000 0.014 0.003 0.005 0.691 0.259 
  97 S X   0.002 0.020 0.000 0.011 0.002 0.004 0.691 0.269 
  98 K X   0.002 0.016 0.000 0.008 0.002 0.004 0.690 0.278 
  99 G X   0.002 0.013 0.000 0.006 0.001 0.003 0.689 0.286 
 100 K X   0.002 0.010 0.000 0.004 0.001 0.003 0.688 0.292 
 101 D X   0.002 0.009 0.000 0.003 0.001 0.003 0.686 0.297 
 102 S X   0.002 0.008 0.000 0.003 0.001 0.003 0.683 0.301 
 103 L X   0.002 0.007 0.000 0.003 0.001 0.003 0.679 0.305 
 104 S X   0.002 0.007 0.000 0.003 0.001 0.003 0.675 0.309 
 105 D X   0.002 0.007 0.000 0.004 0.001 0.003 0.670 0.313 
 106 D X   0.002 0.008 0.000 0.005 0.001 0.003 0.663 0.318 
 107 G X   0.002 0.008 0.000 0.005 0.001 0.004 0.656 0.322 
 108 V X   0.002 0.009 0.000 0.006 0.002 0.004 0.649 0.327 
 109 D X   0.002 0.010 0.000 0.007 0.002 0.004 0.642 0.333 
 110 L X   0.002 0.011 0.000 0.007 0.002 0.005 0.634 0.338 
 111 K X   0.002 0.012 0.000 0.007 0.002 0.005 0.627 0.344 
 112 T X   0.002 0.014 0.000 0.007 0.002 0.005 0.619 0.351 
 113 Q X   0.002 0.015 0.000 0.007 0.002 0.005 0.611 0.357 
 114 P X   0.002 0.016 0.000 0.008 0.002 0.005 0.604 0.362 
 115 V X   0.003 0.019 0.000 0.009 0.002 0.006 0.596 0.366 
 116 P X   0.003 0.021 0.000 0.010 0.003 0.007 0.588 0.369 
 117 E X   0.003 0.024 0.000 0.012 0.003 0.007 0.580 0.370 
 118 S X   0.003 0.027 0.000 0.015 0.003 0.008 0.572 0.370 
 119 Q X   0.004 0.030 0.000 0.018 0.004 0.008 0.565 0.371 
 120 L X   0.004 0.032 0.000 0.020 0.004 0.008 0.559 0.371 
 121 L X   0.004 0.033 0.000 0.022 0.004 0.008 0.554 0.374 
 122 P X   0.004 0.033 0.000 0.021 0.004 0.008 0.550 0.379 
 123 G X   0.004 0.031 0.000 0.019 0.004 0.007 0.548 0.386 
 124 Q X   0.004 0.029 0.000 0.016 0.003 0.006 0.545 0.396 
 125 R X   0.004 0.025 0.000 0.012 0.002 0.005 0.543 0.408 
 126 F X   0.003 0.021 0.000 0.009 0.002 0.005 0.541 0.420 
 127 Q X   0.003 0.017 0.000 0.006 0.001 0.004 0.538 0.431 
 128 T X   0.003 0.014 0.000 0.004 0.001 0.003 0.535 0.441 
 129 K X   0.002 0.012 0.000 0.003 0.001 0.003 0.530 0.448 
 130 D X   0.002 0.012 0.000 0.002 0.001 0.004 0.524 0.455 
 131 P X   0.003 0.013 0.000 0.003 0.001 0.004 0.516 0.459 
 132 E X   0.003 0.017 0.000 0.005 0.002 0.006 0.506 0.462 
 133 E X   0.004 0.025 0.000 0.008 0.003 0.009 0.492 0.458 
 134 Q X   0.006 0.046 0.001 0.016 0.006 0.012 0.471 0.442 
 135 G X   0.006 0.083 0.001 0.028 0.009 0.016 0.444 0.412 
 136 D X   0.007 0.133 0.002 0.043 0.012 0.018 0.414 0.372 
 137 I X   0.007 0.178 0.002 0.057 0.014 0.019 0.388 0.336 
 138 V X   0.006 0.208 0.001 0.068 0.014 0.019 0.369 0.314 
 139 V X   0.006 0.225 0.001 0.074 0.014 0.019 0.356 0.305 
 140 A X   0.006 0.231 0.001 0.075 0.014 0.018 0.348 0.306 
 141 L X   0.006 0.231 0.001 0.072 0.013 0.017 0.342 0.318 
 142 Y _   0.006 0.224 0.001 0.063 0.011 0.015 0.339 0.340 
 143 P _   0.006 0.208 0.001 0.053 0.010 0.014 0.337 0.372 
 144 Y _   0.006 0.181 0.001 0.041 0.008 0.012 0.337 0.414 
 145 D _   0.007 0.146 0.001 0.029 0.006 0.011 0.338 0.462 
 146 G _   0.007 0.111 0.001 0.020 0.005 0.009 0.339 0.509 
 147 I _   0.006 0.083 0.000 0.013 0.003 0.008 0.339 0.547 
 148 H _   0.006 0.065 0.000 0.009 0.002 0.007 0.338 0.573 
 149 P _   0.005 0.054 0.000 0.006 0.002 0.006 0.337 0.590 
 150 D _   0.004 0.049 0.000 0.005 0.001 0.005 0.333 0.602 
 151 D _   0.004 0.046 0.000 0.004 0.001 0.005 0.329 0.610 
 152 L _   0.004 0.046 0.000 0.005 0.001 0.006 0.323 0.615 
 153 S _   0.004 0.047 0.000 0.006 0.002 0.006 0.316 0.620 
 154 F _   0.004 0.050 0.000 0.007 0.002 0.007 0.306 0.623 
 155 K _   0.004 0.056 0.000 0.009 0.003 0.008 0.295 0.624 
 156 K _   0.004 0.065 0.000 0.012 0.003 0.009 0.282 0.624 
 157 G _   0.004 0.077 0.001 0.015 0.004 0.010 0.268 0.622 
 158 E _   0.004 0.091 0.001 0.018 0.005 0.011 0.253 0.618 
 159 K _   0.005 0.106 0.001 0.021 0.005 0.012 0.238 0.613 
 160 M _   0.005 0.121 0.001 0.023 0.006 0.012 0.225 0.608 
 161 K _   0.005 0.135 0.001 0.024 0.006 0.013 0.212 0.604 
 162 V _   0.005 0.147 0.001 0.026 0.007 0.013 0.201 0.601 
 163 L _   0.005 0.156 0.001 0.027 0.007 0.013 0.192 0.599 
 164 E _   0.006 0.163 0.001 0.028 0.007 0.013 0.184 0.598 
 165 E _   0.006 0.168 0.001 0.027 0.007 0.013 0.177 0.600 
 166 H _   0.006 0.170 0.001 0.027 0.007 0.013 0.171 0.604 
 167 G _   0.007 0.171 0.001 0.026 0.007 0.013 0.166 0.609 
 168 E _   0.007 0.169 0.001 0.024 0.007 0.013 0.162 0.617 
 169 W _   0.007 0.165 0.001 0.022 0.006 0.013 0.158 0.627 
 170 W _   0.007 0.160 0.001 0.020 0.006 0.012 0.155 0.638 
 171 K _   0.007 0.154 0.001 0.018 0.006 0.012 0.153 0.651 
 172 A _   0.007 0.146 0.001 0.016 0.005 0.011 0.150 0.664 
 173 K _   0.007 0.138 0.001 0.014 0.005 0.011 0.147 0.676 
 174 S _   0.007 0.131 0.001 0.013 0.005 0.011 0.145 0.688 
 175 L _   0.008 0.124 0.001 0.012 0.005 0.011 0.143 0.697 
 176 L _   0.008 0.118 0.001 0.012 0.004 0.010 0.141 0.706 
 177 T _   0.008 0.113 0.001 0.011 0.004 0.010 0.139 0.714 
 178 K _   0.008 0.108 0.001 0.010 0.004 0.010 0.137 0.722 
 179 K _   0.008 0.105 0.001 0.010 0.004 0.010 0.135 0.728 
 180 E _   0.008 0.102 0.000 0.010 0.004 0.010 0.133 0.733 
 181 G _   0.008 0.101 0.000 0.009 0.004 0.010 0.130 0.737 
 182 F _   0.008 0.100 0.000 0.009 0.004 0.010 0.128 0.740 
 183 I _   0.008 0.100 0.000 0.009 0.004 0.011 0.126 0.742 
 184 P _   0.008 0.101 0.001 0.009 0.004 0.011 0.123 0.742 
 185 S _   0.008 0.103 0.001 0.010 0.005 0.012 0.121 0.741 
 186 N _   0.009 0.107 0.001 0.011 0.005 0.013 0.118 0.736 
 187 Y _   0.009 0.112 0.001 0.012 0.006 0.014 0.115 0.731 
 188 V _   0.010 0.118 0.001 0.013 0.006 0.015 0.113 0.724 
 189 A _   0.011 0.125 0.001 0.015 0.007 0.016 0.110 0.716 
 190 K _   0.011 0.133 0.001 0.016 0.008 0.017 0.107 0.707 
 191 L _   0.012 0.141 0.001 0.018 0.009 0.018 0.104 0.697 
 192 N _   0.012 0.149 0.001 0.020 0.009 0.018 0.102 0.688 
 193 T _   0.012 0.157 0.001 0.022 0.010 0.019 0.100 0.679 
 194 L _   0.013 0.164 0.001 0.025 0.011 0.019 0.098 0.670 
 195 E _   0.013 0.169 0.001 0.028 0.011 0.019 0.096 0.664 
 196 T _   0.013 0.171 0.001 0.030 0.011 0.018 0.095 0.660 
 197 E _   0.013 0.171 0.001 0.031 0.011 0.018 0.095 0.661 
 198 E _   0.013 0.167 0.001 0.031 0.010 0.017 0.095 0.666 
 199 W _   0.012 0.160 0.001 0.029 0.009 0.015 0.095 0.678 
 200 F _   0.012 0.149 0.001 0.026 0.008 0.014 0.096 0.694 
 201 F _   0.011 0.134 0.001 0.022 0.007 0.013 0.097 0.715 
 202 K _   0.011 0.116 0.001 0.018 0.006 0.011 0.098 0.740 
 203 D _   0.010 0.098 0.001 0.014 0.005 0.010 0.099 0.764 
 204 I _   0.009 0.082 0.001 0.010 0.004 0.009 0.100 0.786 
 205 T _   0.008 0.071 0.000 0.008 0.003 0.008 0.100 0.802 
 206 R _   0.007 0.063 0.000 0.006 0.002 0.007 0.101 0.812 
 207 K _   0.006 0.060 0.000 0.006 0.002 0.007 0.100 0.818 
 208 D _   0.006 0.058 0.000 0.006 0.002 0.007 0.100 0.821 
 209 A _   0.006 0.059 0.000 0.006 0.002 0.007 0.098 0.821 
 210 E _   0.006 0.061 0.000 0.007 0.002 0.008 0.097 0.819 
 211 R _   0.006 0.065 0.000 0.008 0.003 0.008 0.094 0.816 
 212 Q _   0.006 0.070 0.000 0.009 0.003 0.008 0.092 0.812 
 213 L _   0.006 0.077 0.000 0.010 0.003 0.009 0.089 0.806 
 214 L _   0.005 0.085 0.000 0.011 0.003 0.009 0.086 0.800 
 215 A _   0.005 0.095 0.000 0.011 0.004 0.010 0.082 0.792 
 216 P _   0.006 0.108 0.001 0.012 0.004 0.011 0.078 0.781 
 217 G _   0.006 0.124 0.001 0.014 0.005 0.012 0.074 0.764 
 218 N _   0.007 0.144 0.001 0.016 0.006 0.014 0.070 0.742 
 219 S _   0.008 0.171 0.001 0.019 0.008 0.015 0.066 0.712 
 220 A _   0.009 0.200 0.001 0.023 0.009 0.017 0.062 0.679 
 221 G _   0.009 0.230 0.001 0.027 0.010 0.018 0.058 0.647 
 222 A _   0.010 0.255 0.001 0.031 0.011 0.018 0.055 0.619 
 223 F _   0.010 0.273 0.001 0.033 0.011 0.019 0.052 0.601 
 224 L _   0.010 0.285 0.001 0.033 0.011 0.018 0.050 0.591 
 225 I _   0.010 0.291 0.001 0.032 0.011 0.018 0.048 0.588 
 226 R _   0.010 0.293 0.001 0.030 0.010 0.018 0.047 0.591 
 227 E _   0.010 0.291 0.001 0.027 0.010 0.017 0.046 0.599 
 228 S _   0.010 0.286 0.001 0.023 0.009 0.016 0.046 0.610 
 229 E _   0.009 0.279 0.001 0.021 0.008 0.016 0.045 0.621 
 230 T _   0.009 0.272 0.001 0.019 0.007 0.015 0.045 0.632 
 231 L _   0.009 0.265 0.001 0.018 0.007 0.015 0.045 0.640 
 232 K _   0.009 0.259 0.001 0.018 0.007 0.015 0.045 0.646 
 233 G _   0.009 0.253 0.001 0.019 0.007 0.014 0.045 0.651 
 234 S _   0.010 0.246 0.001 0.021 0.008 0.014 0.045 0.657 
 235 F _   0.010 0.238 0.001 0.022 0.008 0.014 0.045 0.664 
 236 S _   0.010 0.227 0.001 0.022 0.008 0.013 0.045 0.674 
 237 L _   0.009 0.212 0.001 0.022 0.007 0.013 0.046 0.689 
 238 S _   0.009 0.194 0.001 0.021 0.007 0.012 0.047 0.709 
 239 V _   0.009 0.172 0.001 0.019 0.007 0.012 0.048 0.733 
 240 R _   0.009 0.148 0.001 0.016 0.006 0.011 0.049 0.760 
 241 D _   0.009 0.125 0.001 0.013 0.005 0.010 0.050 0.786 
 242 F _   0.008 0.107 0.001 0.011 0.004 0.010 0.052 0.808 
 243 D _   0.008 0.093 0.001 0.009 0.004 0.010 0.052 0.824 
 244 P _   0.008 0.084 0.000 0.008 0.003 0.010 0.053 0.834 
 245 V _   0.007 0.079 0.000 0.008 0.003 0.010 0.054 0.838 
 246 H _   0.007 0.077 0.000 0.009 0.004 0.011 0.054 0.838 
 247 G _   0.008 0.076 0.001 0.011 0.004 0.011 0.054 0.834 
 248 D _   0.008 0.077 0.001 0.015 0.005 0.012 0.054 0.828 
 249 V _   0.008 0.079 0.001 0.018 0.006 0.013 0.054 0.821 
 250 I _   0.009 0.080 0.001 0.022 0.007 0.014 0.054 0.815 
 251 K _   0.008 0.080 0.001 0.024 0.007 0.014 0.054 0.811 
 252 H _   0.008 0.079 0.001 0.025 0.008 0.013 0.054 0.812 
 253 Y _   0.008 0.076 0.001 0.024 0.007 0.013 0.055 0.817 
 254 K _   0.007 0.070 0.001 0.022 0.007 0.012 0.056 0.825 
 255 I _   0.007 0.063 0.001 0.019 0.006 0.011 0.056 0.837 
 256 R _   0.007 0.056 0.001 0.015 0.005 0.011 0.057 0.849 
 257 S _   0.006 0.048 0.001 0.012 0.004 0.011 0.058 0.860 
 258 L _   0.006 0.042 0.000 0.009 0.004 0.011 0.059 0.869 
 259 D _   0.006 0.038 0.000 0.007 0.003 0.011 0.060 0.874 
 260 N _   0.007 0.036 0.000 0.007 0.003 0.012 0.060 0.874 
 261 G _   0.008 0.036 0.000 0.006 0.004 0.014 0.060 0.872 
 262 G _   0.010 0.037 0.000 0.007 0.004 0.017 0.060 0.864 
 263 Y _   0.012 0.041 0.001 0.009 0.006 0.021 0.059 0.851 
 264 Y _   0.016 0.047 0.001 0.011 0.008 0.026 0.059 0.832 
 265 I _   0.019 0.058 0.001 0.014 0.012 0.031 0.058 0.806 
 266 S _   0.024 0.073 0.001 0.017 0.016 0.037 0.057 0.774 
 267 P _   0.029 0.094 0.002 0.022 0.021 0.042 0.056 0.735 
 268 R _   0.033 0.117 0.002 0.026 0.027 0.047 0.055 0.693 
 269 I _   0.037 0.141 0.002 0.030 0.032 0.050 0.054 0.652 
 270 T _   0.041 0.164 0.002 0.035 0.036 0.052 0.054 0.617 
 271 F _   0.042 0.183 0.002 0.039 0.038 0.053 0.054 0.589 
 272 P _   0.043 0.197 0.002 0.043 0.038 0.052 0.055 0.570 
 273 C _   0.043 0.206 0.002 0.047 0.037 0.050 0.056 0.559 
 274 I _   0.042 0.211 0.002 0.048 0.036 0.047 0.057 0.557 
 275 S _   0.041 0.211 0.002 0.048 0.033 0.043 0.060 0.563 
 276 D _   0.039 0.205 0.002 0.045 0.028 0.039 0.062 0.579 
 277 M _   0.036 0.194 0.002 0.041 0.024 0.035 0.066 0.603 
 278 I _   0.033 0.176 0.002 0.035 0.019 0.031 0.070 0.636 
 279 K _   0.028 0.152 0.001 0.028 0.015 0.027 0.074 0.676 
 280 H _   0.024 0.124 0.001 0.021 0.011 0.023 0.078 0.718 
 281 Y _   0.020 0.099 0.001 0.015 0.008 0.019 0.082 0.756 
 282 Q _   0.017 0.080 0.001 0.010 0.006 0.017 0.085 0.784 
 283 K _   0.014 0.069 0.001 0.007 0.004 0.015 0.088 0.802 
 284 Q _   0.012 0.063 0.000 0.006 0.003 0.014 0.089 0.812 
 285 A _   0.011 0.061 0.000 0.006 0.003 0.013 0.091 0.814 
 286 D _   0.011 0.062 0.000 0.007 0.004 0.014 0.092 0.810 
 287 G _   0.011 0.066 0.001 0.010 0.005 0.014 0.093 0.800 
 288 L _   0.012 0.072 0.001 0.015 0.006 0.015 0.093 0.786 
 289 C _   0.012 0.080 0.001 0.020 0.007 0.016 0.094 0.769 
 290 R _   0.013 0.088 0.001 0.027 0.009 0.017 0.095 0.751 
 291 R _   0.013 0.094 0.001 0.032 0.009 0.017 0.096 0.737 
 292 L _   0.013 0.097 0.001 0.036 0.010 0.017 0.098 0.729 
 293 E _   0.012 0.097 0.001 0.037 0.010 0.016 0.100 0.726 
 294 K _   0.012 0.095 0.001 0.036 0.009 0.015 0.103 0.729 
 295 A _   0.012 0.088 0.001 0.033 0.008 0.014 0.107 0.738 
 296 C _   0.011 0.078 0.001 0.028 0.007 0.012 0.111 0.752 
 297 I _   0.010 0.065 0.001 0.022 0.005 0.011 0.116 0.770 
 298 S _   0.010 0.050 0.001 0.017 0.004 0.009 0.121 0.789 
 299 P _   0.009 0.036 0.000 0.012 0.003 0.008 0.124 0.807 
 300 K _   0.008 0.026 0.000 0.008 0.002 0.007 0.127 0.822 
 301 P _   0.007 0.019 0.000 0.006 0.002 0.006 0.129 0.832 
 302 Q _   0.006 0.015 0.000 0.004 0.001 0.005 0.130 0.839 
 303 K _   0.005 0.013 0.000 0.003 0.001 0.004 0.130 0.844 
 304 P _   0.004 0.012 0.000 0.003 0.001 0.005 0.129 0.846 
 305 W _   0.004 0.013 0.000 0.003 0.001 0.005 0.128 0.845 
 306 D _   0.004 0.016 0.000 0.004 0.002 0.007 0.125 0.842 
 307 K _   0.005 0.022 0.000 0.006 0.002 0.009 0.121 0.834 
 308 D _   0.006 0.037 0.000 0.009 0.004 0.011 0.116 0.816 
 309 A _   0.008 0.062 0.001 0.014 0.005 0.014 0.109 0.787 
 310 W _   0.008 0.099 0.001 0.020 0.007 0.017 0.101 0.747 
 311 E _   0.009 0.143 0.001 0.025 0.009 0.019 0.092 0.701 
 312 I _   0.009 0.188 0.001 0.029 0.011 0.020 0.084 0.658 
 313 P _   0.009 0.225 0.001 0.031 0.011 0.021 0.077 0.623 
 314 R _   0.009 0.255 0.001 0.032 0.012 0.022 0.071 0.596 
 315 E _   0.010 0.277 0.001 0.032 0.012 0.023 0.067 0.579 
 316 S _   0.010 0.292 0.001 0.030 0.012 0.023 0.063 0.568 
 317 I _   0.011 0.302 0.001 0.028 0.012 0.024 0.060 0.562 
 318 K _   0.011 0.309 0.001 0.026 0.012 0.024 0.057 0.559 
 319 L _   0.012 0.314 0.001 0.023 0.012 0.025 0.055 0.559 
 320 V _   0.013 0.317 0.001 0.021 0.011 0.025 0.053 0.559 
 321 K _   0.014 0.319 0.001 0.019 0.011 0.025 0.051 0.560 
 322 R _   0.015 0.321 0.001 0.018 0.011 0.026 0.050 0.560 
 323 L _   0.015 0.323 0.001 0.017 0.011 0.026 0.048 0.558 
 324 G _   0.016 0.327 0.001 0.018 0.012 0.026 0.046 0.554 
 325 A _   0.017 0.331 0.001 0.020 0.013 0.027 0.044 0.547 
 326 G _   0.017 0.336 0.001 0.023 0.014 0.027 0.043 0.538 
 327 Q _   0.018 0.341 0.001 0.027 0.015 0.026 0.042 0.530 
 328 F _   0.018 0.344 0.001 0.031 0.016 0.026 0.040 0.524 
 329 G _   0.018 0.343 0.001 0.035 0.017 0.025 0.040 0.522 
 330 E _   0.017 0.338 0.001 0.037 0.016 0.023 0.039 0.527 
 331 V _   0.017 0.326 0.001 0.038 0.016 0.022 0.039 0.542 
 332 W _   0.016 0.304 0.001 0.036 0.014 0.020 0.040 0.568 
 333 M _   0.015 0.270 0.002 0.032 0.013 0.018 0.041 0.609 
 334 G _   0.015 0.225 0.001 0.027 0.011 0.017 0.042 0.662 
 335 Y _   0.014 0.174 0.001 0.020 0.009 0.016 0.043 0.722 
 336 Y _   0.012 0.128 0.001 0.015 0.007 0.014 0.044 0.777 
 337 N _   0.011 0.096 0.001 0.011 0.005 0.013 0.045 0.818 
 338 N _   0.010 0.076 0.001 0.008 0.004 0.013 0.046 0.843 
 339 S _   0.009 0.066 0.000 0.007 0.003 0.013 0.046 0.856 
 340 T _   0.009 0.062 0.000 0.006 0.003 0.013 0.046 0.860 
 341 K _   0.009 0.061 0.000 0.007 0.004 0.014 0.045 0.859 
 342 V _   0.010 0.062 0.001 0.009 0.004 0.016 0.045 0.854 
 343 A _   0.011 0.065 0.001 0.011 0.005 0.018 0.044 0.846 
 344 V _   0.012 0.068 0.001 0.013 0.007 0.020 0.043 0.836 
 345 K _   0.014 0.072 0.001 0.014 0.008 0.023 0.042 0.826 
 346 T _   0.016 0.076 0.001 0.015 0.009 0.025 0.041 0.817 
 347 L _   0.018 0.080 0.001 0.015 0.010 0.028 0.040 0.808 
 348 K _   0.021 0.084 0.001 0.015 0.012 0.032 0.039 0.797 
 349 P _   0.025 0.088 0.001 0.015 0.014 0.035 0.039 0.783 
 350 G _   0.030 0.094 0.001 0.016 0.017 0.039 0.038 0.765 
 351 T _   0.035 0.102 0.001 0.018 0.021 0.043 0.037 0.742 
 352 M _   0.040 0.112 0.002 0.022 0.025 0.046 0.037 0.717 
 353 S _   0.045 0.123 0.002 0.027 0.028 0.048 0.036 0.691 
 354 V _   0.048 0.133 0.002 0.033 0.030 0.048 0.036 0.670 
 355 Q _   0.049 0.139 0.002 0.038 0.031 0.047 0.036 0.657 
 356 A _   0.049 0.142 0.002 0.041 0.030 0.045 0.037 0.654 
 357 F _   0.047 0.140 0.002 0.041 0.028 0.042 0.037 0.662 
 358 L _   0.045 0.134 0.002 0.039 0.025 0.039 0.038 0.679 
 359 E _   0.041 0.122 0.002 0.034 0.022 0.035 0.040 0.704 
 360 E _   0.037 0.105 0.002 0.029 0.018 0.031 0.041 0.736 
 361 A _   0.034 0.084 0.001 0.024 0.015 0.028 0.043 0.773 
 362 N _   0.030 0.061 0.001 0.018 0.011 0.024 0.044 0.809 
 363 L _   0.027 0.042 0.001 0.014 0.009 0.021 0.046 0.841 
 364 M _   0.024 0.026 0.001 0.010 0.007 0.019 0.047 0.866 
 365 K _   0.022 0.016 0.001 0.008 0.005 0.017 0.048 0.884 
 366 T _   0.019 0.009 0.000 0.006 0.004 0.015 0.049 0.897 
 367 L _   0.018 0.005 0.000 0.005 0.004 0.015 0.049 0.905 
 368 Q _   0.017 0.003 0.000 0.004 0.003 0.014 0.049 0.908 
 369 H _   0.017 0.002 0.000 0.004 0.004 0.015 0.049 0.908 
 370 D _   0.019 0.002 0.000 0.004 0.004 0.016 0.049 0.905 
 371 K _   0.021 0.002 0.001 0.006 0.005 0.018 0.049 0.899 
 372 L _   0.023 0.003 0.001 0.007 0.006 0.020 0.048 0.890 
 373 V _   0.026 0.004 0.001 0.010 0.008 0.023 0.048 0.881 
 374 R _   0.029 0.005 0.001 0.012 0.010 0.025 0.048 0.870 
 375 L _   0.031 0.007 0.001 0.015 0.011 0.027 0.047 0.861 
 376 Y _   0.033 0.008 0.001 0.016 0.012 0.028 0.047 0.855 
 377 A _   0.034 0.009 0.001 0.016 0.013 0.029 0.046 0.852 
 378 V _   0.035 0.009 0.001 0.015 0.013 0.030 0.046 0.851 
 379 V _   0.036 0.009 0.001 0.013 0.012 0.030 0.046 0.852 
 380 T _   0.038 0.009 0.001 0.011 0.011 0.031 0.046 0.853 
 381 R _   0.039 0.009 0.001 0.009 0.011 0.031 0.046 0.854 
 382 E _   0.041 0.009 0.001 0.008 0.011 0.033 0.046 0.852 
 383 E _   0.042 0.011 0.001 0.008 0.012 0.034 0.046 0.847 
 384 P _   0.044 0.013 0.001 0.009 0.013 0.036 0.046 0.838 
 385 I _   0.046 0.017 0.001 0.011 0.015 0.038 0.046 0.826 
 386 Y _   0.048 0.024 0.001 0.014 0.017 0.039 0.046 0.810 
 387 I _   0.050 0.033 0.001 0.018 0.020 0.040 0.046 0.791 
 388 I _   0.050 0.043 0.002 0.023 0.022 0.041 0.046 0.773 
 389 T _   0.049 0.052 0.002 0.028 0.023 0.040 0.047 0.760 
 390 E _   0.045 0.059 0.002 0.032 0.024 0.039 0.047 0.753 
 391 Y _   0.041 0.063 0.002 0.034 0.023 0.036 0.048 0.754 
 392 M _   0.037 0.065 0.001 0.034 0.021 0.033 0.049 0.760 
 393 A _   0.032 0.065 0.001 0.034 0.019 0.030 0.050 0.768 
 394 K _   0.028 0.063 0.001 0.032 0.016 0.027 0.052 0.781 
 395 G _   0.025 0.059 0.001 0.029 0.013 0.024 0.054 0.795 
 396 S _   0.021 0.054 0.001 0.026 0.011 0.020 0.056 0.811 
 397 L _   0.018 0.047 0.001 0.022 0.009 0.017 0.058 0.828 
 398 L _   0.016 0.039 0.001 0.019 0.007 0.015 0.060 0.845 
 399 D _   0.013 0.030 0.001 0.015 0.005 0.012 0.062 0.862 
 400 F _   0.011 0.021 0.001 0.011 0.004 0.010 0.064 0.878 
 401 L _   0.009 0.014 0.000 0.008 0.003 0.009 0.065 0.891 
 402 K _   0.008 0.010 0.000 0.006 0.002 0.007 0.066 0.901 
 403 S _   0.007 0.006 0.000 0.004 0.002 0.007 0.066 0.908 
 404 D _   0.006 0.005 0.000 0.004 0.002 0.006 0.066 0.911 
 405 E _   0.006 0.004 0.000 0.004 0.002 0.007 0.066 0.911 
 406 G _   0.006 0.004 0.000 0.004 0.002 0.008 0.066 0.910 
 407 G _   0.007 0.005 0.000 0.005 0.002 0.009 0.065 0.905 
 408 K _   0.008 0.007 0.000 0.007 0.003 0.012 0.064 0.899 
 409 V _   0.010 0.009 0.000 0.009 0.004 0.014 0.063 0.890 
 410 L _   0.012 0.013 0.001 0.011 0.005 0.017 0.062 0.880 
 411 L _   0.013 0.017 0.001 0.013 0.007 0.020 0.060 0.870 
 412 P _   0.015 0.021 0.001 0.014 0.008 0.023 0.058 0.860 
 413 K _   0.018 0.025 0.001 0.015 0.009 0.026 0.057 0.850 
 414 L _   0.020 0.029 0.001 0.015 0.011 0.029 0.055 0.840 
 415 I _   0.024 0.033 0.001 0.015 0.013 0.032 0.054 0.829 
 416 D _   0.028 0.038 0.001 0.016 0.015 0.035 0.053 0.814 
 417 F _   0.033 0.043 0.001 0.017 0.017 0.038 0.052 0.799 
 418 S _   0.037 0.050 0.001 0.020 0.020 0.040 0.050 0.781 
 419 A _   0.041 0.058 0.001 0.024 0.022 0.042 0.050 0.763 
 420 Q _   0.043 0.065 0.002 0.028 0.024 0.043 0.049 0.746 
 421 I _   0.045 0.072 0.002 0.032 0.026 0.043 0.048 0.732 
 422 A _   0.046 0.077 0.002 0.036 0.026 0.041 0.048 0.724 
 423 E _   0.045 0.079 0.002 0.039 0.025 0.039 0.048 0.723 
 424 G _   0.043 0.078 0.002 0.039 0.023 0.036 0.049 0.731 
 425 M _   0.040 0.075 0.002 0.037 0.021 0.033 0.049 0.744 
 426 A _   0.035 0.068 0.001 0.033 0.018 0.029 0.051 0.765 
 427 Y _   0.031 0.057 0.001 0.028 0.014 0.026 0.052 0.791 
 428 I _   0.026 0.044 0.001 0.022 0.011 0.022 0.053 0.822 
 429 E _   0.021 0.030 0.001 0.016 0.008 0.019 0.054 0.851 
 430 R _   0.018 0.018 0.001 0.011 0.006 0.016 0.055 0.876 
 431 K _   0.015 0.010 0.000 0.007 0.004 0.013 0.056 0.895 
 432 N _   0.013 0.005 0.000 0.005 0.003 0.012 0.056 0.906 
 433 Y _   0.012 0.002 0.000 0.004 0.003 0.012 0.056 0.911 
 434 I _   0.012 0.001 0.000 0.003 0.002 0.012 0.056 0.912 
 435 H _   0.014 0.001 0.000 0.003 0.003 0.014 0.055 0.909 
 436 R _   0.017 0.001 0.000 0.004 0.004 0.017 0.055 0.902 
 437 D _   0.023 0.001 0.001 0.005 0.005 0.021 0.054 0.891 
 438 L _   0.029 0.002 0.001 0.007 0.008 0.025 0.053 0.876 
 439 R _   0.037 0.002 0.001 0.010 0.010 0.030 0.051 0.858 
 440 A _   0.047 0.003 0.001 0.012 0.014 0.036 0.050 0.838 
 441 A _   0.057 0.004 0.001 0.013 0.017 0.040 0.049 0.818 
 442 N _   0.068 0.004 0.001 0.014 0.020 0.045 0.048 0.800 
 443 V _   0.080 0.005 0.001 0.014 0.022 0.048 0.047 0.783 
 444 L _   0.091 0.005 0.001 0.013 0.024 0.051 0.046 0.768 
 445 V _   0.102 0.005 0.002 0.012 0.026 0.053 0.045 0.754 
 446 S _   0.113 0.006 0.002 0.011 0.027 0.055 0.045 0.742 
 447 E _   0.121 0.006 0.002 0.011 0.029 0.056 0.044 0.732 
 448 S _   0.128 0.006 0.002 0.011 0.029 0.056 0.044 0.724 
 449 L _   0.131 0.007 0.002 0.011 0.029 0.056 0.045 0.718 
 450 M _   0.133 0.008 0.002 0.013 0.029 0.055 0.045 0.715 
 451 C _   0.132 0.010 0.002 0.014 0.029 0.053 0.046 0.715 
 452 K _   0.127 0.012 0.002 0.016 0.028 0.051 0.047 0.718 
 453 I _   0.120 0.014 0.002 0.019 0.027 0.047 0.048 0.724 
 454 A _   0.111 0.015 0.002 0.021 0.025 0.044 0.049 0.733 
 455 D _   0.100 0.016 0.002 0.024 0.023 0.040 0.050 0.744 
 456 F _   0.088 0.017 0.002 0.025 0.021 0.036 0.052 0.760 
 457 G _   0.075 0.016 0.001 0.025 0.018 0.032 0.054 0.778 
 458 L _   0.062 0.015 0.001 0.024 0.014 0.027 0.056 0.801 
 459 A _   0.049 0.013 0.001 0.021 0.011 0.023 0.058 0.824 
 460 R _   0.037 0.010 0.001 0.017 0.008 0.018 0.060 0.848 
 461 V _   0.028 0.007 0.001 0.013 0.006 0.015 0.062 0.869 
 462 I _   0.020 0.005 0.000 0.009 0.004 0.011 0.063 0.887 
 463 E _   0.015 0.003 0.000 0.007 0.003 0.009 0.064 0.900 
 464 D _   0.011 0.002 0.000 0.005 0.002 0.007 0.064 0.908 
 465 N _   0.009 0.001 0.000 0.004 0.002 0.006 0.064 0.914 
 466 E _   0.007 0.001 0.000 0.003 0.002 0.006 0.063 0.917 
 467 Y _   0.006 0.001 0.000 0.003 0.002 0.006 0.063 0.919 
 468 T _   0.006 0.001 0.000 0.004 0.002 0.006 0.062 0.919 
 469 A _   0.006 0.002 0.000 0.005 0.002 0.007 0.060 0.918 
 470 R _   0.006 0.002 0.000 0.006 0.003 0.008 0.059 0.915 
 471 E _   0.006 0.003 0.000 0.008 0.003 0.010 0.057 0.912 
 472 G _   0.007 0.005 0.000 0.011 0.004 0.011 0.055 0.907 
 473 A _   0.007 0.007 0.001 0.013 0.005 0.013 0.052 0.903 
 474 K _   0.008 0.008 0.001 0.015 0.006 0.015 0.050 0.898 
 475 F _   0.009 0.009 0.001 0.016 0.007 0.017 0.047 0.894 
 476 P _   0.010 0.010 0.001 0.017 0.007 0.018 0.045 0.891 
 477 I _   0.011 0.011 0.001 0.017 0.008 0.020 0.043 0.888 
 478 K _   0.013 0.011 0.001 0.017 0.009 0.023 0.041 0.885 
 479 W _   0.016 0.011 0.001 0.017 0.010 0.025 0.039 0.881 
 480 T _   0.019 0.011 0.001 0.017 0.011 0.028 0.037 0.876 
 481 A _   0.024 0.011 0.001 0.017 0.013 0.031 0.035 0.869 
 482 P _   0.030 0.011 0.001 0.017 0.014 0.033 0.033 0.860 
 483 E _   0.038 0.010 0.001 0.017 0.016 0.036 0.032 0.849 
 484 A _   0.048 0.010 0.001 0.018 0.018 0.038 0.030 0.836 
 485 I _   0.059 0.010 0.001 0.019 0.020 0.040 0.028 0.823 
 486 N _   0.073 0.009 0.001 0.019 0.021 0.041 0.027 0.809 
 487 F _   0.087 0.008 0.002 0.018 0.021 0.041 0.025 0.797 
 488 G _   0.103 0.006 0.002 0.016 0.021 0.041 0.024 0.787 
 489 C _   0.122 0.004 0.001 0.013 0.019 0.039 0.023 0.777 
 490 F _   0.144 0.002 0.001 0.010 0.017 0.037 0.021 0.767 
 491 T _   0.170 0.001 0.001 0.006 0.015 0.035 0.020 0.751 
 492 I _   0.202 0.000 0.001 0.004 0.013 0.033 0.019 0.728 
 493 K _   0.243 0.000 0.001 0.003 0.012 0.031 0.017 0.693 
 494 S _   0.291 0.000 0.001 0.002 0.012 0.030 0.016 0.648 
 495 D _   0.351 0.000 0.001 0.002 0.013 0.030 0.015 0.588 
 496 V _   0.421 0.000 0.001 0.001 0.016 0.030 0.014 0.517 
 497 W H   0.491 0.000 0.001 0.002 0.020 0.031 0.013 0.443 
 498 S H   0.551 0.000 0.001 0.002 0.025 0.031 0.012 0.378 
 499 F H   0.601 0.000 0.002 0.002 0.029 0.031 0.012 0.322 
 500 G H   0.637 0.000 0.002 0.002 0.034 0.031 0.013 0.281 
 501 I H   0.660 0.000 0.002 0.003 0.037 0.030 0.013 0.254 
 502 L H   0.668 0.000 0.002 0.004 0.039 0.029 0.015 0.242 
 503 L H   0.662 0.001 0.002 0.004 0.040 0.029 0.017 0.246 
 504 Y H   0.642 0.001 0.002 0.005 0.040 0.027 0.019 0.264 
 505 E H   0.605 0.001 0.002 0.006 0.037 0.026 0.023 0.300 
 506 I H   0.548 0.001 0.002 0.007 0.033 0.025 0.028 0.356 
 507 V H   0.473 0.001 0.002 0.007 0.028 0.023 0.035 0.430 
 508 T _   0.386 0.001 0.002 0.007 0.022 0.021 0.042 0.519 
 509 Y _   0.298 0.000 0.002 0.007 0.016 0.019 0.050 0.609 
 510 G _   0.218 0.000 0.001 0.006 0.011 0.016 0.058 0.689 
 511 K _   0.152 0.000 0.001 0.005 0.007 0.014 0.065 0.755 
 512 I _   0.102 0.000 0.001 0.004 0.005 0.012 0.071 0.805 
 513 P _   0.067 0.000 0.001 0.004 0.004 0.011 0.075 0.839 
 514 Y _   0.043 0.000 0.000 0.003 0.003 0.010 0.079 0.861 
 515 P _   0.029 0.001 0.000 0.003 0.003 0.010 0.081 0.873 
 516 G _   0.021 0.002 0.000 0.003 0.003 0.010 0.083 0.877 
 517 R _   0.017 0.004 0.000 0.005 0.003 0.012 0.085 0.874 
 518 T _   0.015 0.009 0.000 0.006 0.004 0.014 0.086 0.864 
 519 N _   0.015 0.019 0.001 0.010 0.006 0.017 0.087 0.845 
 520 A _   0.015 0.037 0.001 0.015 0.009 0.019 0.088 0.815 
 521 D _   0.016 0.063 0.001 0.022 0.011 0.022 0.088 0.777 
 522 V _   0.016 0.093 0.001 0.030 0.014 0.024 0.089 0.732 
 523 M _   0.016 0.120 0.001 0.038 0.016 0.025 0.090 0.693 
 524 T _   0.016 0.141 0.001 0.044 0.018 0.026 0.091 0.662 
 525 A _   0.016 0.155 0.001 0.049 0.019 0.026 0.093 0.640 
 526 L _   0.016 0.162 0.001 0.052 0.019 0.026 0.096 0.628 
 527 S _   0.015 0.164 0.001 0.053 0.019 0.025 0.100 0.622 
 528 Q _   0.015 0.162 0.001 0.051 0.018 0.023 0.105 0.624 
 529 G _   0.014 0.155 0.001 0.047 0.016 0.021 0.111 0.634 
 530 Y _   0.014 0.143 0.001 0.041 0.014 0.020 0.118 0.649 
 531 R _   0.013 0.126 0.001 0.034 0.011 0.018 0.127 0.670 
 532 M _   0.012 0.105 0.001 0.026 0.009 0.015 0.136 0.695 
 533 P _   0.011 0.083 0.001 0.019 0.007 0.014 0.145 0.720 
 534 R _   0.010 0.064 0.001 0.013 0.005 0.012 0.153 0.743 
 535 V _   0.009 0.049 0.001 0.009 0.004 0.010 0.160 0.759 
 536 E _   0.008 0.041 0.000 0.006 0.003 0.010 0.165 0.767 
 537 N _   0.007 0.037 0.000 0.005 0.002 0.010 0.170 0.769 
 538 C _   0.007 0.036 0.000 0.004 0.002 0.010 0.173 0.766 
 539 P _   0.008 0.038 0.000 0.005 0.003 0.012 0.176 0.757 
 540 D _   0.010 0.044 0.001 0.008 0.005 0.014 0.179 0.740 
 541 E _   0.012 0.057 0.001 0.014 0.007 0.017 0.181 0.712 
 542 L _   0.013 0.077 0.001 0.022 0.010 0.020 0.183 0.675 
 543 Y _   0.014 0.101 0.001 0.031 0.013 0.022 0.185 0.632 
 544 D _   0.014 0.122 0.001 0.040 0.015 0.023 0.188 0.596 
 545 I _   0.014 0.136 0.001 0.047 0.016 0.023 0.192 0.570 
 546 M _   0.014 0.144 0.001 0.050 0.016 0.023 0.197 0.554 
 547 K _   0.013 0.147 0.001 0.050 0.015 0.022 0.204 0.549 
 548 M _   0.012 0.145 0.001 0.046 0.014 0.020 0.212 0.551 
 549 C _   0.012 0.138 0.001 0.039 0.012 0.018 0.221 0.560 
 550 W _   0.011 0.127 0.001 0.031 0.010 0.016 0.230 0.574 
 551 K _   0.010 0.113 0.001 0.023 0.008 0.014 0.241 0.590 
 552 E _   0.009 0.100 0.001 0.016 0.006 0.012 0.251 0.605 
 553 K _   0.008 0.088 0.001 0.011 0.004 0.011 0.261 0.615 
 554 A _   0.007 0.081 0.000 0.008 0.003 0.010 0.269 0.620 
 555 E _   0.007 0.077 0.000 0.007 0.003 0.010 0.276 0.620 
 556 E _   0.007 0.075 0.000 0.006 0.003 0.009 0.282 0.617 
 557 R _   0.007 0.076 0.000 0.007 0.003 0.010 0.288 0.610 
 558 P _   0.007 0.079 0.000 0.008 0.003 0.010 0.293 0.599 
 559 T _   0.007 0.085 0.001 0.010 0.004 0.011 0.297 0.585 
 560 F _   0.007 0.093 0.001 0.012 0.005 0.012 0.302 0.568 
 561 D _   0.008 0.102 0.001 0.016 0.006 0.013 0.307 0.548 
 562 Y _   0.008 0.112 0.001 0.019 0.007 0.014 0.312 0.528 
 563 L _   0.008 0.120 0.001 0.022 0.008 0.015 0.318 0.509 
 564 Q _   0.008 0.128 0.001 0.025 0.008 0.015 0.324 0.492 
 565 S _   0.008 0.133 0.001 0.027 0.008 0.015 0.332 0.477 
 566 V _   0.008 0.136 0.001 0.028 0.008 0.015 0.340 0.463 
 567 L _   0.008 0.138 0.001 0.029 0.008 0.015 0.350 0.450 
 568 D _   0.008 0.138 0.001 0.030 0.009 0.015 0.361 0.438 
 569 D _   0.009 0.136 0.001 0.031 0.009 0.015 0.373 0.426 
 570 F _   0.009 0.133 0.001 0.032 0.009 0.015 0.388 0.414 
 571 Y X   0.009 0.128 0.001 0.032 0.009 0.015 0.404 0.403 
 572 T X   0.009 0.120 0.001 0.031 0.008 0.014 0.422 0.394 
 573 A X   0.009 0.110 0.001 0.029 0.007 0.013 0.442 0.389 
 574 T X   0.008 0.098 0.001 0.026 0.007 0.012 0.462 0.387 
 575 E X   0.006 0.084 0.001 0.023 0.006 0.010 0.482 0.388 
 576 G X   0.005 0.070 0.001 0.019 0.005 0.008 0.503 0.390 
 577 Q X   0.004 0.054 0.001 0.014 0.003 0.006 0.524 0.395 
 578 Y X   0.002 0.038 0.000 0.009 0.002 0.003 0.542 0.403 
 579 Q X   0.001 0.023 0.000 0.005 0.001 0.001 0.557 0.413 
 580 Q X   0.000 0.015 0.000 0.003 0.000 0.000 0.561 0.421 
 581 Q X   0.000 0.012 0.000 0.003 0.000 0.000 0.560 0.424 
 582 P X   0.002 0.011 0.001 0.010 0.003 0.002 0.550 0.420 
