#TopoPred_TM8: 8-state transmembrane topology prediction results by no_profile mode 
#probabilities are in the order of H E C I L F X _, the 8 transmembrane topology types used in PDBTM 
   1 M X   0.017 0.002 0.002 0.054 0.010 0.011 0.573 0.331 
   2 A X   0.005 0.001 0.000 0.029 0.002 0.005 0.586 0.372 
   3 S X   0.001 0.001 0.000 0.015 0.001 0.003 0.586 0.393 
   4 S X   0.001 0.001 0.000 0.011 0.001 0.004 0.579 0.402 
   5 S X   0.002 0.003 0.000 0.013 0.002 0.008 0.565 0.406 
   6 G X   0.005 0.008 0.000 0.018 0.004 0.014 0.545 0.407 
   7 S X   0.008 0.019 0.001 0.026 0.006 0.020 0.519 0.402 
   8 K X   0.010 0.036 0.001 0.038 0.009 0.026 0.487 0.392 
   9 A X   0.012 0.059 0.001 0.052 0.013 0.029 0.452 0.382 
  10 E X   0.012 0.080 0.002 0.065 0.016 0.031 0.418 0.377 
  11 F X   0.011 0.094 0.002 0.073 0.018 0.031 0.389 0.382 
  12 I _   0.011 0.102 0.002 0.075 0.019 0.031 0.367 0.394 
  13 V _   0.011 0.105 0.002 0.072 0.019 0.030 0.350 0.412 
  14 G _   0.011 0.105 0.002 0.065 0.018 0.029 0.335 0.436 
  15 G _   0.011 0.101 0.001 0.055 0.017 0.027 0.324 0.464 
  16 K _   0.011 0.093 0.001 0.045 0.015 0.025 0.314 0.495 
  17 Y _   0.011 0.083 0.001 0.035 0.012 0.024 0.307 0.527 
  18 K _   0.011 0.072 0.001 0.027 0.010 0.022 0.300 0.557 
  19 L _   0.010 0.060 0.001 0.021 0.009 0.020 0.293 0.586 
  20 V _   0.010 0.050 0.001 0.016 0.007 0.019 0.287 0.610 
  21 R _   0.010 0.043 0.001 0.013 0.006 0.018 0.281 0.630 
  22 K _   0.009 0.037 0.001 0.011 0.005 0.017 0.274 0.647 
  23 I _   0.010 0.032 0.001 0.009 0.005 0.017 0.267 0.659 
  24 G _   0.010 0.030 0.001 0.008 0.005 0.017 0.261 0.668 
  25 S _   0.011 0.029 0.001 0.008 0.005 0.019 0.253 0.674 
  26 G _   0.013 0.028 0.001 0.008 0.006 0.021 0.246 0.676 
  27 S _   0.016 0.029 0.001 0.010 0.008 0.023 0.238 0.675 
  28 F _   0.019 0.032 0.001 0.012 0.011 0.026 0.230 0.670 
  29 G _   0.022 0.035 0.001 0.015 0.014 0.030 0.222 0.661 
  30 D _   0.026 0.040 0.001 0.019 0.017 0.032 0.215 0.651 
  31 I _   0.029 0.044 0.001 0.023 0.019 0.034 0.208 0.641 
  32 Y _   0.031 0.048 0.001 0.027 0.020 0.035 0.202 0.635 
  33 L _   0.033 0.051 0.002 0.029 0.021 0.035 0.197 0.633 
  34 A _   0.034 0.052 0.001 0.028 0.021 0.034 0.193 0.637 
  35 I _   0.034 0.051 0.001 0.027 0.019 0.033 0.189 0.645 
  36 N _   0.033 0.049 0.001 0.024 0.017 0.031 0.186 0.658 
  37 I _   0.031 0.047 0.001 0.022 0.015 0.029 0.183 0.673 
  38 T _   0.029 0.043 0.001 0.019 0.013 0.027 0.181 0.687 
  39 N _   0.026 0.040 0.001 0.017 0.011 0.025 0.179 0.700 
  40 G _   0.025 0.037 0.001 0.016 0.010 0.023 0.177 0.711 
  41 E _   0.022 0.035 0.001 0.016 0.009 0.021 0.176 0.720 
  42 E _   0.020 0.032 0.001 0.016 0.008 0.019 0.174 0.729 
  43 V _   0.018 0.029 0.001 0.016 0.007 0.017 0.173 0.738 
  44 A _   0.017 0.026 0.001 0.015 0.006 0.016 0.172 0.747 
  45 V _   0.015 0.023 0.001 0.014 0.006 0.014 0.170 0.758 
  46 K _   0.013 0.020 0.001 0.012 0.005 0.012 0.169 0.769 
  47 L _   0.011 0.016 0.001 0.010 0.004 0.011 0.167 0.780 
  48 E _   0.010 0.013 0.000 0.008 0.003 0.010 0.166 0.791 
  49 S _   0.008 0.010 0.000 0.007 0.003 0.009 0.164 0.800 
  50 Q _   0.008 0.008 0.000 0.006 0.002 0.008 0.162 0.807 
  51 K _   0.007 0.007 0.000 0.005 0.002 0.008 0.159 0.812 
  52 A _   0.007 0.006 0.000 0.005 0.002 0.008 0.157 0.815 
  53 R _   0.007 0.006 0.000 0.005 0.002 0.008 0.154 0.817 
  54 H _   0.007 0.007 0.000 0.006 0.003 0.009 0.151 0.818 
  55 P _   0.007 0.008 0.000 0.007 0.003 0.010 0.147 0.818 
  56 Q _   0.008 0.009 0.000 0.008 0.004 0.012 0.143 0.817 
  57 L _   0.009 0.011 0.001 0.009 0.004 0.013 0.139 0.815 
  58 L _   0.010 0.014 0.001 0.010 0.005 0.015 0.134 0.812 
  59 Y _   0.011 0.017 0.001 0.010 0.006 0.018 0.129 0.808 
  60 E _   0.013 0.021 0.001 0.011 0.007 0.021 0.124 0.802 
  61 S _   0.016 0.027 0.001 0.013 0.009 0.024 0.119 0.792 
  62 K _   0.019 0.034 0.001 0.015 0.011 0.027 0.114 0.779 
  63 L _   0.023 0.042 0.001 0.017 0.014 0.031 0.109 0.764 
  64 Y _   0.027 0.052 0.001 0.020 0.017 0.034 0.104 0.746 
  65 K _   0.031 0.062 0.001 0.022 0.019 0.037 0.100 0.728 
  66 I _   0.034 0.071 0.002 0.025 0.022 0.039 0.096 0.712 
  67 L _   0.037 0.079 0.002 0.027 0.023 0.040 0.092 0.700 
  68 Q _   0.039 0.086 0.002 0.029 0.024 0.040 0.089 0.691 
  69 G _   0.040 0.090 0.002 0.030 0.025 0.040 0.086 0.687 
  70 G _   0.041 0.093 0.002 0.030 0.024 0.039 0.084 0.686 
  71 V _   0.041 0.094 0.002 0.031 0.024 0.038 0.083 0.689 
  72 G _   0.039 0.093 0.002 0.031 0.022 0.036 0.081 0.695 
  73 I _   0.038 0.091 0.001 0.031 0.021 0.034 0.080 0.703 
  74 P _   0.036 0.087 0.001 0.031 0.019 0.031 0.080 0.715 
  75 H _   0.032 0.081 0.001 0.029 0.017 0.028 0.080 0.731 
  76 I _   0.029 0.071 0.001 0.026 0.014 0.025 0.080 0.753 
  77 R _   0.024 0.060 0.001 0.023 0.011 0.022 0.081 0.778 
  78 W _   0.020 0.046 0.001 0.018 0.009 0.018 0.081 0.806 
  79 Y _   0.016 0.033 0.001 0.013 0.006 0.016 0.081 0.833 
  80 G _   0.013 0.022 0.001 0.009 0.005 0.013 0.081 0.856 
  81 Q _   0.011 0.015 0.000 0.006 0.003 0.011 0.081 0.872 
  82 E _   0.009 0.011 0.000 0.004 0.003 0.011 0.080 0.882 
  83 K _   0.009 0.010 0.000 0.004 0.002 0.011 0.079 0.886 
  84 D _   0.009 0.010 0.000 0.004 0.003 0.012 0.077 0.885 
  85 Y _   0.010 0.011 0.000 0.006 0.004 0.014 0.076 0.879 
  86 N _   0.012 0.015 0.001 0.010 0.006 0.016 0.074 0.867 
  87 V _   0.014 0.022 0.001 0.016 0.008 0.019 0.071 0.848 
  88 L _   0.016 0.031 0.001 0.025 0.011 0.022 0.069 0.825 
  89 V _   0.017 0.040 0.001 0.033 0.014 0.025 0.066 0.803 
  90 M _   0.018 0.046 0.001 0.039 0.016 0.026 0.064 0.789 
  91 D _   0.019 0.048 0.001 0.042 0.017 0.027 0.062 0.784 
  92 L _   0.019 0.048 0.001 0.041 0.016 0.026 0.061 0.788 
  93 L _   0.019 0.044 0.001 0.036 0.015 0.025 0.060 0.799 
  94 G _   0.019 0.039 0.001 0.029 0.013 0.024 0.060 0.816 
  95 P _   0.019 0.030 0.001 0.022 0.011 0.023 0.059 0.835 
  96 S _   0.020 0.022 0.001 0.016 0.009 0.021 0.059 0.853 
  97 L _   0.021 0.014 0.001 0.011 0.007 0.020 0.058 0.867 
  98 E _   0.023 0.008 0.001 0.008 0.006 0.020 0.058 0.876 
  99 D _   0.027 0.004 0.001 0.006 0.005 0.020 0.057 0.879 
 100 L _   0.032 0.002 0.001 0.005 0.005 0.021 0.057 0.878 
 101 F _   0.040 0.001 0.001 0.004 0.005 0.022 0.056 0.871 
 102 N _   0.052 0.001 0.001 0.004 0.006 0.024 0.054 0.859 
 103 F _   0.068 0.000 0.001 0.004 0.007 0.026 0.053 0.841 
 104 C _   0.089 0.000 0.001 0.004 0.008 0.030 0.051 0.817 
 105 S _   0.116 0.000 0.001 0.004 0.011 0.034 0.049 0.785 
 106 R _   0.146 0.000 0.001 0.004 0.015 0.039 0.047 0.747 
 107 R _   0.181 0.000 0.001 0.005 0.020 0.044 0.046 0.703 
 108 F _   0.218 0.000 0.002 0.005 0.026 0.048 0.044 0.656 
 109 T _   0.253 0.001 0.002 0.006 0.032 0.052 0.043 0.611 
 110 M _   0.283 0.001 0.002 0.008 0.038 0.054 0.042 0.572 
 111 K _   0.307 0.002 0.002 0.009 0.042 0.055 0.042 0.542 
 112 T _   0.322 0.002 0.002 0.011 0.044 0.054 0.043 0.523 
 113 V _   0.331 0.002 0.002 0.011 0.043 0.052 0.043 0.515 
 114 L _   0.330 0.002 0.002 0.011 0.040 0.049 0.045 0.520 
 115 M _   0.322 0.002 0.002 0.010 0.036 0.046 0.046 0.536 
 116 L _   0.306 0.001 0.002 0.008 0.031 0.043 0.048 0.560 
 117 A _   0.285 0.001 0.002 0.006 0.026 0.039 0.050 0.590 
 118 D _   0.259 0.001 0.001 0.005 0.021 0.036 0.053 0.624 
 119 Q _   0.231 0.000 0.001 0.005 0.017 0.033 0.056 0.657 
 120 M _   0.203 0.000 0.001 0.005 0.014 0.031 0.058 0.687 
 121 I _   0.176 0.000 0.001 0.005 0.012 0.030 0.061 0.713 
 122 S _   0.151 0.001 0.001 0.006 0.012 0.029 0.064 0.736 
 123 R _   0.129 0.001 0.001 0.008 0.011 0.027 0.068 0.755 
 124 I _   0.108 0.002 0.001 0.010 0.011 0.026 0.071 0.771 
 125 E _   0.089 0.003 0.001 0.012 0.011 0.025 0.074 0.785 
 126 Y _   0.073 0.004 0.001 0.014 0.011 0.024 0.077 0.797 
 127 V _   0.059 0.004 0.001 0.016 0.011 0.022 0.080 0.807 
 128 H _   0.047 0.005 0.001 0.016 0.010 0.020 0.083 0.818 
 129 T _   0.037 0.005 0.001 0.016 0.009 0.018 0.086 0.828 
 130 K _   0.029 0.005 0.001 0.015 0.007 0.016 0.090 0.837 
 131 N _   0.022 0.005 0.001 0.013 0.006 0.014 0.093 0.846 
 132 F _   0.018 0.004 0.001 0.011 0.005 0.012 0.096 0.854 
 133 I _   0.014 0.004 0.000 0.009 0.004 0.010 0.099 0.861 
 134 H _   0.011 0.003 0.000 0.007 0.003 0.009 0.101 0.867 
 135 R _   0.009 0.003 0.000 0.005 0.002 0.008 0.103 0.871 
 136 D _   0.007 0.003 0.000 0.004 0.002 0.007 0.104 0.873 
 137 I _   0.006 0.003 0.000 0.004 0.002 0.007 0.105 0.873 
 138 K _   0.006 0.004 0.000 0.004 0.002 0.008 0.105 0.870 
 139 P _   0.007 0.006 0.000 0.005 0.003 0.010 0.105 0.864 
 140 D _   0.008 0.011 0.000 0.007 0.004 0.012 0.105 0.853 
 141 N _   0.009 0.019 0.001 0.009 0.005 0.015 0.105 0.836 
 142 F _   0.011 0.033 0.001 0.013 0.007 0.019 0.104 0.812 
 143 L _   0.013 0.049 0.001 0.018 0.009 0.022 0.103 0.785 
 144 M _   0.014 0.066 0.001 0.021 0.011 0.025 0.102 0.759 
 145 G _   0.016 0.080 0.001 0.023 0.012 0.028 0.102 0.738 
 146 I _   0.018 0.091 0.001 0.023 0.013 0.031 0.101 0.721 
 147 G _   0.020 0.100 0.001 0.022 0.014 0.033 0.101 0.708 
 148 R _   0.023 0.108 0.001 0.021 0.016 0.036 0.101 0.694 
 149 H _   0.027 0.115 0.001 0.020 0.018 0.039 0.101 0.679 
 150 C _   0.032 0.123 0.001 0.020 0.021 0.042 0.102 0.660 
 151 N _   0.037 0.133 0.002 0.021 0.024 0.044 0.102 0.636 
 152 K _   0.042 0.146 0.002 0.025 0.028 0.046 0.103 0.608 
 153 L _   0.046 0.159 0.002 0.031 0.030 0.046 0.105 0.580 
 154 F _   0.049 0.172 0.002 0.039 0.031 0.045 0.108 0.555 
 155 L _   0.049 0.181 0.002 0.046 0.031 0.043 0.111 0.538 
 156 I _   0.049 0.184 0.002 0.051 0.029 0.039 0.115 0.531 
 157 D _   0.046 0.182 0.002 0.052 0.026 0.036 0.120 0.536 
 158 F _   0.042 0.173 0.002 0.049 0.023 0.032 0.127 0.553 
 159 G _   0.038 0.156 0.002 0.042 0.018 0.027 0.134 0.583 
 160 L _   0.033 0.128 0.002 0.034 0.014 0.023 0.143 0.624 
 161 A _   0.029 0.092 0.001 0.024 0.010 0.019 0.152 0.673 
 162 K _   0.024 0.058 0.001 0.016 0.007 0.015 0.161 0.719 
 163 K _   0.019 0.033 0.001 0.010 0.005 0.012 0.168 0.754 
 164 Y _   0.015 0.019 0.000 0.006 0.003 0.010 0.173 0.775 
 165 R _   0.011 0.012 0.000 0.004 0.002 0.008 0.176 0.785 
 166 D _   0.009 0.010 0.000 0.004 0.002 0.007 0.179 0.789 
 167 N _   0.008 0.009 0.000 0.004 0.002 0.007 0.181 0.788 
 168 R _   0.008 0.009 0.000 0.006 0.002 0.007 0.183 0.786 
 169 T _   0.007 0.009 0.000 0.007 0.002 0.007 0.184 0.783 
 170 R _   0.007 0.010 0.000 0.009 0.003 0.008 0.184 0.779 
 171 Q _   0.006 0.011 0.000 0.010 0.003 0.008 0.184 0.777 
 172 H _   0.006 0.012 0.000 0.011 0.003 0.007 0.184 0.776 
 173 I _   0.005 0.013 0.000 0.011 0.003 0.007 0.184 0.777 
 174 P _   0.005 0.013 0.000 0.010 0.002 0.006 0.184 0.780 
 175 Y _   0.004 0.013 0.000 0.008 0.002 0.006 0.183 0.783 
 176 R _   0.004 0.014 0.000 0.007 0.002 0.006 0.182 0.786 
 177 E _   0.004 0.015 0.000 0.006 0.002 0.006 0.180 0.787 
 178 D _   0.004 0.017 0.000 0.006 0.002 0.006 0.178 0.787 
 179 K _   0.004 0.021 0.000 0.006 0.002 0.007 0.176 0.782 
 180 N _   0.005 0.029 0.000 0.008 0.003 0.009 0.173 0.773 
 181 L _   0.006 0.042 0.001 0.011 0.004 0.011 0.169 0.757 
 182 T _   0.007 0.063 0.001 0.016 0.006 0.014 0.164 0.731 
 183 G _   0.008 0.091 0.001 0.021 0.008 0.016 0.158 0.698 
 184 T _   0.008 0.122 0.001 0.027 0.009 0.018 0.152 0.662 
 185 A _   0.009 0.152 0.001 0.032 0.011 0.019 0.147 0.629 
 186 R _   0.009 0.178 0.001 0.036 0.012 0.021 0.143 0.602 
 187 Y _   0.009 0.198 0.001 0.039 0.013 0.021 0.139 0.579 
 188 A _   0.010 0.213 0.001 0.043 0.014 0.022 0.136 0.562 
 189 S _   0.010 0.223 0.001 0.045 0.015 0.022 0.134 0.549 
 190 I _   0.011 0.229 0.001 0.047 0.015 0.022 0.133 0.541 
 191 N _   0.012 0.230 0.001 0.049 0.016 0.022 0.132 0.538 
 192 A _   0.012 0.228 0.001 0.049 0.015 0.022 0.133 0.540 
 193 H _   0.013 0.220 0.001 0.047 0.014 0.020 0.134 0.549 
 194 L _   0.013 0.205 0.001 0.044 0.013 0.019 0.137 0.568 
 195 G _   0.013 0.179 0.001 0.038 0.012 0.018 0.140 0.599 
 196 I _   0.013 0.144 0.001 0.031 0.010 0.016 0.144 0.641 
 197 E _   0.013 0.101 0.001 0.022 0.008 0.015 0.148 0.692 
 198 Q _   0.012 0.059 0.001 0.014 0.006 0.014 0.152 0.742 
 199 S _   0.011 0.030 0.001 0.008 0.004 0.012 0.154 0.780 
 200 R _   0.010 0.014 0.000 0.004 0.003 0.012 0.156 0.800 
 201 R _   0.010 0.009 0.000 0.003 0.002 0.012 0.156 0.808 
 202 D _   0.011 0.007 0.000 0.002 0.002 0.014 0.156 0.807 
 203 D _   0.015 0.007 0.000 0.003 0.003 0.018 0.156 0.798 
 204 M _   0.021 0.011 0.001 0.005 0.006 0.024 0.154 0.777 
 205 E _   0.028 0.023 0.001 0.011 0.012 0.032 0.152 0.740 
 206 S _   0.036 0.051 0.002 0.023 0.020 0.039 0.149 0.681 
 207 L _   0.041 0.090 0.002 0.038 0.028 0.044 0.147 0.611 
 208 G _   0.042 0.123 0.002 0.053 0.033 0.047 0.144 0.555 
 209 Y _   0.043 0.143 0.002 0.064 0.034 0.047 0.144 0.523 
 210 V _   0.043 0.152 0.002 0.069 0.034 0.045 0.144 0.511 
 211 L _   0.041 0.153 0.002 0.067 0.032 0.042 0.146 0.517 
 212 M _   0.038 0.147 0.002 0.059 0.028 0.039 0.148 0.538 
 213 Y _   0.035 0.132 0.002 0.047 0.024 0.034 0.152 0.574 
 214 F _   0.031 0.109 0.002 0.034 0.018 0.030 0.156 0.620 
 215 N _   0.027 0.083 0.001 0.023 0.014 0.026 0.161 0.666 
 216 R _   0.023 0.062 0.001 0.015 0.010 0.022 0.165 0.702 
 217 T _   0.020 0.047 0.001 0.011 0.007 0.020 0.168 0.727 
 218 S _   0.017 0.040 0.001 0.009 0.005 0.018 0.171 0.740 
 219 L _   0.015 0.036 0.001 0.009 0.005 0.016 0.174 0.745 
 220 P _   0.014 0.034 0.001 0.010 0.005 0.015 0.176 0.745 
 221 W _   0.013 0.034 0.001 0.013 0.005 0.014 0.178 0.743 
 222 Q _   0.012 0.033 0.001 0.015 0.005 0.014 0.180 0.741 
 223 G _   0.011 0.032 0.001 0.017 0.005 0.013 0.181 0.740 
 224 L _   0.010 0.031 0.001 0.017 0.005 0.012 0.183 0.741 
 225 K _   0.009 0.028 0.001 0.016 0.005 0.011 0.185 0.745 
 226 A _   0.008 0.025 0.001 0.015 0.004 0.009 0.187 0.751 
 227 A _   0.007 0.021 0.000 0.012 0.004 0.008 0.190 0.757 
 228 T _   0.007 0.017 0.000 0.010 0.003 0.007 0.192 0.764 
 229 K _   0.006 0.014 0.000 0.008 0.002 0.007 0.193 0.770 
 230 K _   0.006 0.011 0.000 0.006 0.002 0.006 0.195 0.773 
 231 Q _   0.005 0.010 0.000 0.006 0.002 0.006 0.196 0.776 
 232 K _   0.005 0.008 0.000 0.005 0.002 0.005 0.197 0.777 
 233 Y _   0.005 0.008 0.000 0.005 0.002 0.005 0.197 0.778 
 234 E _   0.005 0.008 0.000 0.005 0.002 0.006 0.196 0.778 
 235 K _   0.005 0.008 0.000 0.006 0.002 0.006 0.195 0.778 
 236 I _   0.005 0.009 0.000 0.006 0.002 0.007 0.194 0.777 
 237 S _   0.005 0.011 0.000 0.006 0.002 0.007 0.192 0.776 
 238 E _   0.005 0.013 0.000 0.007 0.003 0.008 0.190 0.773 
 239 K _   0.005 0.016 0.000 0.008 0.003 0.009 0.188 0.770 
 240 K _   0.006 0.020 0.000 0.009 0.004 0.011 0.186 0.764 
 241 M _   0.007 0.025 0.001 0.011 0.004 0.013 0.183 0.757 
 242 S _   0.007 0.031 0.001 0.012 0.005 0.015 0.180 0.747 
 243 T _   0.009 0.039 0.001 0.015 0.007 0.018 0.177 0.735 
 244 P _   0.010 0.048 0.001 0.017 0.008 0.020 0.175 0.722 
 245 V _   0.012 0.058 0.001 0.019 0.010 0.023 0.172 0.706 
 246 E _   0.013 0.068 0.001 0.021 0.011 0.026 0.169 0.690 
 247 V _   0.016 0.077 0.001 0.022 0.013 0.029 0.167 0.675 
 248 L _   0.018 0.085 0.001 0.023 0.014 0.032 0.165 0.662 
 249 C _   0.020 0.092 0.001 0.023 0.016 0.035 0.163 0.649 
 250 K _   0.023 0.098 0.001 0.023 0.018 0.038 0.162 0.637 
 251 G _   0.026 0.103 0.001 0.023 0.020 0.040 0.161 0.625 
 252 F _   0.029 0.108 0.001 0.023 0.022 0.042 0.160 0.613 
 253 P _   0.032 0.113 0.001 0.024 0.024 0.043 0.160 0.602 
 254 A _   0.035 0.117 0.002 0.025 0.025 0.044 0.161 0.591 
 255 E _   0.036 0.121 0.002 0.027 0.026 0.044 0.162 0.582 
 256 F _   0.038 0.123 0.002 0.029 0.026 0.043 0.163 0.576 
 257 A _   0.039 0.124 0.002 0.030 0.026 0.042 0.165 0.573 
 258 M _   0.038 0.122 0.002 0.031 0.025 0.040 0.168 0.575 
 259 Y _   0.037 0.119 0.002 0.030 0.023 0.037 0.172 0.581 
 260 L _   0.035 0.113 0.002 0.030 0.021 0.034 0.176 0.590 
 261 N _   0.033 0.104 0.001 0.028 0.019 0.031 0.181 0.602 
 262 Y _   0.031 0.094 0.001 0.026 0.016 0.029 0.186 0.617 
 263 C _   0.029 0.080 0.001 0.023 0.014 0.026 0.192 0.634 
 264 R _   0.027 0.065 0.001 0.020 0.012 0.023 0.199 0.653 
 265 G _   0.024 0.049 0.001 0.017 0.010 0.021 0.206 0.673 
 266 L _   0.022 0.033 0.001 0.013 0.008 0.019 0.213 0.691 
 267 R _   0.020 0.020 0.001 0.010 0.006 0.017 0.219 0.707 
 268 F _   0.019 0.011 0.001 0.007 0.004 0.016 0.225 0.719 
 269 E _   0.018 0.005 0.000 0.004 0.003 0.015 0.229 0.725 
 270 E _   0.019 0.002 0.000 0.003 0.003 0.015 0.232 0.725 
 271 A _   0.022 0.001 0.000 0.002 0.003 0.016 0.235 0.720 
 272 P _   0.028 0.000 0.000 0.002 0.003 0.019 0.237 0.709 
 273 D _   0.037 0.000 0.000 0.002 0.005 0.024 0.239 0.692 
 274 Y _   0.052 0.001 0.001 0.003 0.008 0.030 0.241 0.665 
 275 M _   0.070 0.002 0.001 0.005 0.013 0.039 0.243 0.627 
 276 Y _   0.090 0.005 0.001 0.008 0.022 0.048 0.245 0.581 
 277 L _   0.108 0.012 0.002 0.013 0.033 0.056 0.247 0.528 
 278 R _   0.123 0.022 0.002 0.019 0.045 0.063 0.251 0.475 
 279 Q _   0.134 0.033 0.003 0.027 0.054 0.066 0.256 0.427 
 280 L _   0.140 0.042 0.003 0.034 0.060 0.067 0.262 0.393 
 281 F _   0.141 0.048 0.003 0.039 0.061 0.065 0.271 0.372 
 282 R _   0.138 0.050 0.003 0.042 0.059 0.061 0.282 0.365 
 283 I _   0.130 0.050 0.003 0.042 0.053 0.056 0.295 0.371 
 284 L _   0.119 0.046 0.003 0.037 0.045 0.050 0.311 0.388 
 285 F _   0.104 0.039 0.002 0.031 0.036 0.043 0.329 0.416 
 286 R _   0.087 0.029 0.002 0.023 0.026 0.036 0.348 0.449 
 287 T _   0.070 0.018 0.001 0.015 0.017 0.029 0.367 0.482 
 288 L _   0.054 0.010 0.001 0.009 0.011 0.023 0.384 0.508 
 289 N _   0.041 0.005 0.001 0.005 0.006 0.019 0.397 0.526 
 290 H _   0.030 0.003 0.000 0.004 0.004 0.016 0.409 0.534 
 291 Q _   0.023 0.002 0.000 0.003 0.003 0.014 0.418 0.536 
 292 Y _   0.019 0.002 0.000 0.003 0.003 0.013 0.427 0.533 
 293 D _   0.016 0.003 0.000 0.004 0.003 0.013 0.435 0.526 
 294 Y _   0.015 0.004 0.000 0.006 0.004 0.013 0.443 0.515 
 295 T _   0.014 0.007 0.001 0.009 0.005 0.014 0.450 0.501 
 296 F _   0.013 0.010 0.001 0.013 0.006 0.015 0.458 0.485 
 297 D _   0.012 0.014 0.001 0.017 0.007 0.015 0.466 0.468 
 298 W X   0.011 0.018 0.001 0.019 0.008 0.015 0.475 0.453 
 299 T X   0.010 0.020 0.001 0.021 0.008 0.015 0.484 0.441 
 300 M X   0.010 0.021 0.001 0.021 0.008 0.014 0.495 0.431 
 301 L X   0.009 0.021 0.001 0.020 0.007 0.013 0.506 0.422 
 302 K X   0.008 0.021 0.001 0.018 0.007 0.012 0.519 0.414 
 303 Q X   0.007 0.020 0.001 0.016 0.006 0.011 0.532 0.406 
 304 K X   0.007 0.019 0.001 0.015 0.005 0.011 0.546 0.397 
 305 A X   0.006 0.018 0.001 0.013 0.005 0.010 0.561 0.386 
 306 A X   0.006 0.017 0.001 0.012 0.004 0.009 0.576 0.375 
 307 Q X   0.006 0.016 0.000 0.012 0.004 0.009 0.591 0.363 
 308 Q X   0.006 0.015 0.000 0.011 0.004 0.008 0.606 0.350 
 309 A X   0.005 0.014 0.000 0.011 0.003 0.008 0.622 0.337 
 310 A X   0.005 0.013 0.000 0.010 0.003 0.007 0.637 0.325 
 311 S X   0.005 0.012 0.000 0.010 0.003 0.007 0.652 0.312 
 312 S X   0.004 0.011 0.000 0.009 0.003 0.006 0.666 0.300 
 313 S X   0.004 0.010 0.000 0.009 0.003 0.006 0.681 0.288 
 314 G X   0.004 0.009 0.000 0.008 0.003 0.006 0.696 0.274 
 315 Q X   0.004 0.008 0.000 0.009 0.003 0.006 0.711 0.260 
 316 G X   0.004 0.007 0.000 0.009 0.003 0.006 0.726 0.246 
 317 Q X   0.004 0.007 0.000 0.009 0.003 0.006 0.741 0.231 
 318 Q X   0.004 0.006 0.000 0.009 0.003 0.005 0.757 0.216 
 319 A X   0.003 0.005 0.000 0.009 0.003 0.005 0.773 0.201 
 320 Q X   0.003 0.005 0.000 0.009 0.002 0.005 0.788 0.188 
 321 T X   0.003 0.004 0.000 0.008 0.002 0.004 0.804 0.175 
 322 P X   0.002 0.003 0.000 0.007 0.002 0.004 0.819 0.163 
 323 T X   0.002 0.003 0.000 0.006 0.001 0.003 0.832 0.152 
 324 G X   0.002 0.002 0.000 0.005 0.001 0.003 0.844 0.143 
 325 K X   0.002 0.001 0.000 0.004 0.001 0.002 0.855 0.134 
 326 Q X   0.001 0.001 0.000 0.003 0.001 0.002 0.865 0.127 
 327 T X   0.001 0.001 0.000 0.002 0.001 0.002 0.873 0.120 
 328 D X   0.001 0.001 0.000 0.002 0.001 0.002 0.879 0.115 
 329 K X   0.001 0.001 0.000 0.002 0.001 0.001 0.884 0.111 
 330 T X   0.001 0.001 0.000 0.002 0.000 0.001 0.888 0.107 
 331 K X   0.001 0.001 0.000 0.002 0.000 0.001 0.891 0.103 
 332 S X   0.001 0.001 0.000 0.002 0.000 0.001 0.894 0.101 
 333 N X   0.000 0.001 0.000 0.002 0.000 0.001 0.896 0.099 
 334 M X   0.000 0.001 0.000 0.002 0.000 0.000 0.898 0.099 
 335 K X   0.000 0.001 0.000 0.002 0.000 0.000 0.897 0.100 
 336 G X   0.000 0.001 0.000 0.003 0.000 0.000 0.891 0.104 
 337 F X   0.002 0.002 0.001 0.012 0.003 0.002 0.871 0.108 
