#TopoPred_TM8: 8-state transmembrane topology prediction results by no_profile mode 
#probabilities are in the order of H E C I L F X _, the 8 transmembrane topology types used in PDBTM 
   1 M X   0.015 0.001 0.002 0.044 0.009 0.012 0.703 0.214 
   2 S X   0.006 0.001 0.000 0.027 0.002 0.007 0.720 0.238 
   3 D X   0.002 0.001 0.000 0.018 0.001 0.006 0.722 0.250 
   4 V X   0.002 0.001 0.000 0.015 0.001 0.007 0.718 0.255 
   5 T X   0.004 0.002 0.000 0.015 0.002 0.010 0.708 0.258 
   6 I X   0.006 0.005 0.000 0.017 0.004 0.013 0.693 0.262 
   7 V X   0.008 0.010 0.001 0.020 0.005 0.016 0.676 0.264 
   8 K X   0.010 0.016 0.001 0.025 0.007 0.018 0.656 0.268 
   9 E X   0.010 0.023 0.001 0.029 0.008 0.018 0.637 0.274 
  10 G X   0.010 0.030 0.001 0.032 0.009 0.018 0.618 0.283 
  11 W X   0.009 0.034 0.001 0.032 0.009 0.017 0.602 0.296 
  12 V X   0.008 0.037 0.001 0.031 0.009 0.016 0.588 0.311 
  13 Q X   0.007 0.038 0.001 0.027 0.008 0.014 0.577 0.328 
  14 K X   0.007 0.037 0.001 0.022 0.007 0.013 0.569 0.344 
  15 R X   0.006 0.036 0.001 0.018 0.006 0.012 0.561 0.361 
  16 G X   0.006 0.035 0.001 0.014 0.005 0.010 0.554 0.376 
  17 E X   0.005 0.033 0.000 0.010 0.004 0.009 0.547 0.390 
  18 Y X   0.005 0.032 0.000 0.008 0.003 0.009 0.541 0.401 
  19 I X   0.005 0.032 0.000 0.007 0.003 0.009 0.535 0.409 
  20 K X   0.005 0.033 0.000 0.007 0.003 0.009 0.528 0.416 
  21 N X   0.005 0.034 0.000 0.007 0.003 0.009 0.521 0.420 
  22 W X   0.006 0.036 0.000 0.008 0.004 0.010 0.514 0.422 
  23 R X   0.006 0.040 0.001 0.010 0.005 0.011 0.506 0.422 
  24 P X   0.007 0.044 0.001 0.013 0.005 0.011 0.499 0.420 
  25 R X   0.007 0.049 0.001 0.016 0.006 0.012 0.492 0.418 
  26 Y X   0.007 0.053 0.001 0.018 0.007 0.012 0.485 0.417 
  27 F X   0.007 0.056 0.001 0.019 0.007 0.012 0.480 0.418 
  28 L X   0.007 0.058 0.001 0.020 0.007 0.012 0.475 0.420 
  29 L X   0.007 0.058 0.001 0.020 0.007 0.012 0.471 0.425 
  30 K X   0.007 0.058 0.001 0.019 0.006 0.011 0.467 0.430 
  31 T X   0.007 0.057 0.001 0.019 0.006 0.011 0.465 0.436 
  32 D X   0.006 0.055 0.001 0.018 0.005 0.010 0.463 0.442 
  33 G X   0.006 0.052 0.001 0.017 0.005 0.009 0.461 0.449 
  34 S X   0.006 0.049 0.001 0.016 0.005 0.009 0.460 0.455 
  35 F _   0.006 0.045 0.001 0.015 0.004 0.008 0.459 0.462 
  36 I _   0.006 0.040 0.000 0.014 0.004 0.008 0.459 0.469 
  37 G _   0.006 0.035 0.000 0.012 0.003 0.007 0.458 0.477 
  38 Y _   0.005 0.030 0.000 0.011 0.003 0.006 0.458 0.486 
  39 K _   0.005 0.025 0.000 0.009 0.003 0.006 0.458 0.495 
  40 E _   0.005 0.020 0.000 0.007 0.002 0.005 0.457 0.504 
  41 K _   0.004 0.016 0.000 0.006 0.002 0.005 0.456 0.512 
  42 P _   0.004 0.013 0.000 0.005 0.002 0.004 0.454 0.518 
  43 Q _   0.004 0.011 0.000 0.004 0.001 0.004 0.452 0.523 
  44 D _   0.003 0.011 0.000 0.004 0.001 0.004 0.449 0.528 
  45 V _   0.003 0.010 0.000 0.004 0.001 0.004 0.445 0.532 
  46 D _   0.003 0.011 0.000 0.004 0.001 0.005 0.441 0.535 
  47 L _   0.003 0.012 0.000 0.005 0.002 0.005 0.435 0.538 
  48 P _   0.004 0.013 0.000 0.005 0.002 0.006 0.429 0.541 
  49 Y _   0.004 0.016 0.000 0.007 0.002 0.007 0.421 0.543 
  50 P _   0.004 0.021 0.000 0.009 0.003 0.009 0.412 0.542 
  51 L _   0.005 0.029 0.001 0.012 0.004 0.011 0.401 0.538 
  52 N _   0.005 0.040 0.001 0.017 0.006 0.013 0.389 0.529 
  53 N _   0.006 0.055 0.001 0.023 0.008 0.016 0.376 0.515 
  54 F _   0.007 0.073 0.001 0.031 0.010 0.018 0.363 0.497 
  55 S _   0.008 0.090 0.001 0.040 0.012 0.019 0.350 0.481 
  56 V _   0.008 0.103 0.001 0.048 0.013 0.020 0.339 0.467 
  57 A _   0.008 0.112 0.001 0.055 0.014 0.020 0.331 0.459 
  58 K _   0.008 0.116 0.001 0.058 0.014 0.020 0.325 0.458 
  59 C _   0.009 0.116 0.001 0.056 0.013 0.019 0.320 0.466 
  60 Q _   0.009 0.111 0.001 0.052 0.012 0.017 0.317 0.481 
  61 L _   0.009 0.101 0.001 0.044 0.011 0.016 0.316 0.503 
  62 M _   0.008 0.085 0.001 0.034 0.009 0.014 0.315 0.534 
  63 K _   0.008 0.062 0.001 0.024 0.007 0.013 0.315 0.570 
  64 T _   0.008 0.038 0.001 0.015 0.005 0.011 0.316 0.606 
  65 E _   0.008 0.019 0.000 0.009 0.003 0.010 0.315 0.635 
  66 R _   0.007 0.008 0.000 0.005 0.002 0.010 0.314 0.653 
  67 P _   0.008 0.003 0.000 0.003 0.002 0.010 0.312 0.662 
  68 K _   0.009 0.002 0.000 0.002 0.002 0.012 0.309 0.664 
  69 P _   0.013 0.001 0.000 0.002 0.002 0.015 0.305 0.661 
  70 N _   0.020 0.002 0.000 0.003 0.004 0.020 0.301 0.651 
  71 T _   0.030 0.003 0.001 0.004 0.007 0.028 0.295 0.632 
  72 F _   0.042 0.008 0.001 0.007 0.013 0.038 0.288 0.604 
  73 I _   0.056 0.019 0.001 0.013 0.022 0.048 0.279 0.563 
  74 I _   0.069 0.037 0.002 0.019 0.032 0.056 0.270 0.514 
  75 R _   0.079 0.057 0.002 0.026 0.042 0.063 0.262 0.470 
  76 C _   0.086 0.075 0.003 0.031 0.049 0.066 0.255 0.433 
  77 L _   0.092 0.090 0.003 0.036 0.054 0.067 0.250 0.408 
  78 Q _   0.095 0.100 0.003 0.039 0.057 0.066 0.247 0.393 
  79 W _   0.095 0.106 0.003 0.042 0.056 0.064 0.245 0.389 
  80 T _   0.094 0.109 0.003 0.043 0.054 0.060 0.245 0.393 
  81 T _   0.089 0.108 0.002 0.043 0.048 0.055 0.246 0.408 
  82 V _   0.082 0.104 0.002 0.041 0.041 0.049 0.248 0.431 
  83 I _   0.073 0.096 0.002 0.038 0.033 0.042 0.252 0.463 
  84 E _   0.063 0.083 0.002 0.033 0.025 0.036 0.256 0.502 
  85 R _   0.052 0.066 0.002 0.026 0.018 0.029 0.261 0.546 
  86 T _   0.041 0.047 0.001 0.019 0.012 0.023 0.266 0.592 
  87 F _   0.030 0.029 0.001 0.013 0.008 0.018 0.270 0.632 
  88 H _   0.022 0.016 0.001 0.008 0.005 0.014 0.272 0.663 
  89 V _   0.015 0.009 0.000 0.005 0.003 0.011 0.273 0.684 
  90 D _   0.011 0.005 0.000 0.003 0.002 0.009 0.273 0.697 
  91 T _   0.008 0.004 0.000 0.002 0.001 0.008 0.272 0.704 
  92 P _   0.007 0.003 0.000 0.002 0.001 0.008 0.271 0.707 
  93 E _   0.008 0.004 0.000 0.002 0.002 0.009 0.268 0.707 
  94 E _   0.009 0.006 0.000 0.004 0.003 0.011 0.265 0.702 
  95 R _   0.011 0.013 0.001 0.006 0.005 0.015 0.261 0.689 
  96 E _   0.013 0.028 0.001 0.012 0.008 0.019 0.255 0.665 
  97 E _   0.015 0.056 0.001 0.019 0.012 0.022 0.247 0.626 
  98 W _   0.017 0.092 0.002 0.029 0.016 0.025 0.240 0.581 
  99 T _   0.017 0.126 0.002 0.038 0.018 0.027 0.233 0.539 
 100 E _   0.017 0.152 0.002 0.046 0.019 0.027 0.228 0.509 
 101 A _   0.017 0.167 0.001 0.051 0.019 0.027 0.225 0.493 
 102 I _   0.017 0.174 0.001 0.052 0.018 0.026 0.223 0.488 
 103 Q _   0.016 0.176 0.001 0.051 0.017 0.024 0.223 0.492 
 104 A _   0.015 0.173 0.001 0.046 0.015 0.022 0.223 0.505 
 105 V _   0.015 0.164 0.001 0.040 0.013 0.020 0.224 0.524 
 106 A _   0.014 0.150 0.001 0.033 0.011 0.018 0.226 0.548 
 107 D _   0.013 0.131 0.001 0.026 0.009 0.016 0.229 0.576 
 108 R _   0.012 0.110 0.001 0.021 0.007 0.014 0.232 0.604 
 109 L _   0.011 0.089 0.001 0.016 0.006 0.013 0.235 0.629 
 110 Q _   0.010 0.072 0.001 0.013 0.005 0.011 0.237 0.651 
 111 R _   0.009 0.059 0.000 0.011 0.004 0.010 0.239 0.667 
 112 Q _   0.008 0.049 0.000 0.010 0.003 0.009 0.241 0.679 
 113 E _   0.007 0.042 0.000 0.010 0.003 0.009 0.242 0.687 
 114 E _   0.007 0.036 0.000 0.009 0.003 0.008 0.242 0.694 
 115 E _   0.006 0.032 0.000 0.009 0.003 0.008 0.243 0.699 
 116 R _   0.006 0.028 0.000 0.009 0.003 0.007 0.242 0.704 
 117 M _   0.006 0.025 0.000 0.009 0.002 0.007 0.242 0.709 
 118 N _   0.005 0.022 0.000 0.009 0.002 0.006 0.242 0.714 
 119 C _   0.005 0.020 0.000 0.008 0.002 0.006 0.241 0.719 
 120 S _   0.005 0.017 0.000 0.007 0.002 0.005 0.239 0.723 
 121 P _   0.004 0.016 0.000 0.007 0.002 0.005 0.238 0.728 
 122 T _   0.004 0.015 0.000 0.007 0.002 0.005 0.236 0.732 
 123 S _   0.004 0.014 0.000 0.007 0.002 0.005 0.233 0.735 
 124 Q _   0.004 0.014 0.000 0.007 0.002 0.005 0.230 0.737 
 125 I _   0.004 0.015 0.000 0.008 0.002 0.006 0.227 0.738 
 126 D _   0.004 0.016 0.000 0.010 0.002 0.007 0.223 0.738 
 127 N _   0.004 0.018 0.000 0.012 0.003 0.007 0.219 0.737 
 128 I _   0.004 0.020 0.000 0.014 0.003 0.008 0.215 0.735 
 129 G _   0.005 0.021 0.000 0.017 0.004 0.008 0.211 0.734 
 130 E _   0.005 0.023 0.000 0.018 0.004 0.009 0.207 0.734 
 131 E _   0.005 0.024 0.000 0.019 0.004 0.009 0.203 0.736 
 132 E _   0.005 0.024 0.000 0.018 0.004 0.009 0.200 0.740 
 133 M _   0.005 0.023 0.000 0.017 0.004 0.008 0.197 0.746 
 134 D _   0.005 0.022 0.000 0.015 0.003 0.008 0.195 0.752 
 135 A _   0.005 0.021 0.000 0.013 0.003 0.008 0.192 0.758 
 136 S _   0.005 0.019 0.000 0.012 0.003 0.007 0.190 0.764 
 137 T _   0.005 0.018 0.000 0.010 0.003 0.007 0.188 0.769 
 138 T _   0.005 0.017 0.000 0.010 0.003 0.007 0.185 0.774 
 139 H _   0.005 0.016 0.000 0.009 0.002 0.007 0.183 0.778 
 140 H _   0.005 0.015 0.000 0.008 0.002 0.007 0.180 0.782 
 141 K _   0.005 0.015 0.000 0.008 0.002 0.007 0.177 0.786 
 142 R _   0.005 0.015 0.000 0.008 0.002 0.007 0.174 0.790 
 143 K _   0.005 0.015 0.000 0.008 0.002 0.007 0.170 0.793 
 144 T _   0.004 0.016 0.000 0.008 0.002 0.007 0.166 0.796 
 145 M _   0.005 0.018 0.000 0.008 0.003 0.008 0.161 0.798 
 146 N _   0.005 0.020 0.000 0.008 0.003 0.008 0.157 0.799 
 147 D _   0.005 0.023 0.000 0.009 0.003 0.009 0.151 0.799 
 148 F _   0.006 0.026 0.000 0.011 0.004 0.011 0.146 0.796 
 149 D _   0.006 0.031 0.001 0.012 0.005 0.012 0.140 0.793 
 150 Y _   0.007 0.038 0.001 0.014 0.005 0.014 0.135 0.787 
 151 L _   0.008 0.044 0.001 0.017 0.006 0.015 0.129 0.780 
 152 K _   0.009 0.051 0.001 0.019 0.007 0.017 0.123 0.772 
 153 L _   0.010 0.058 0.001 0.021 0.008 0.018 0.118 0.766 
 154 L _   0.011 0.063 0.001 0.022 0.009 0.019 0.113 0.761 
 155 G _   0.012 0.068 0.001 0.023 0.010 0.020 0.109 0.757 
 156 K _   0.013 0.072 0.001 0.024 0.011 0.021 0.105 0.754 
 157 G _   0.014 0.075 0.001 0.024 0.011 0.022 0.101 0.752 
 158 T _   0.015 0.076 0.001 0.025 0.012 0.022 0.098 0.751 
 159 F _   0.016 0.077 0.001 0.025 0.012 0.022 0.095 0.751 
 160 G _   0.017 0.077 0.001 0.026 0.012 0.022 0.093 0.752 
 161 K _   0.017 0.076 0.001 0.026 0.012 0.021 0.091 0.755 
 162 V _   0.017 0.074 0.001 0.026 0.011 0.020 0.090 0.760 
 163 I _   0.016 0.071 0.001 0.025 0.010 0.019 0.089 0.769 
 164 L _   0.015 0.065 0.001 0.023 0.009 0.018 0.087 0.781 
 165 V _   0.014 0.059 0.001 0.020 0.008 0.016 0.086 0.796 
 166 R _   0.013 0.051 0.001 0.016 0.007 0.014 0.086 0.813 
 167 E _   0.011 0.042 0.001 0.013 0.005 0.013 0.085 0.830 
 168 K _   0.010 0.035 0.001 0.010 0.004 0.012 0.083 0.845 
 169 A _   0.009 0.029 0.000 0.008 0.004 0.011 0.082 0.857 
 170 S _   0.008 0.026 0.000 0.007 0.003 0.010 0.080 0.865 
 171 G _   0.008 0.024 0.000 0.006 0.003 0.010 0.079 0.869 
 172 K _   0.008 0.023 0.000 0.007 0.003 0.011 0.077 0.870 
 173 Y _   0.009 0.024 0.000 0.008 0.004 0.011 0.075 0.869 
 174 Y _   0.010 0.026 0.001 0.009 0.005 0.012 0.073 0.865 
 175 A _   0.010 0.029 0.001 0.012 0.006 0.014 0.071 0.859 
 176 M _   0.011 0.033 0.001 0.015 0.007 0.015 0.068 0.851 
 177 K _   0.011 0.036 0.001 0.017 0.008 0.016 0.066 0.845 
 178 I _   0.012 0.039 0.001 0.019 0.008 0.016 0.064 0.841 
 179 L _   0.013 0.041 0.001 0.019 0.008 0.017 0.062 0.839 
 180 K _   0.013 0.041 0.001 0.019 0.008 0.017 0.061 0.840 
 181 K _   0.013 0.041 0.001 0.018 0.008 0.017 0.060 0.843 
 182 E _   0.013 0.041 0.001 0.016 0.008 0.017 0.058 0.846 
 183 V _   0.014 0.040 0.001 0.014 0.007 0.017 0.057 0.850 
 184 I _   0.014 0.039 0.001 0.012 0.007 0.017 0.056 0.854 
 185 I _   0.015 0.039 0.001 0.011 0.007 0.017 0.056 0.855 
 186 A _   0.016 0.039 0.001 0.011 0.007 0.018 0.055 0.855 
 187 K _   0.016 0.040 0.001 0.011 0.007 0.019 0.054 0.853 
 188 D _   0.017 0.041 0.001 0.012 0.008 0.020 0.053 0.848 
 189 E _   0.018 0.043 0.001 0.014 0.009 0.021 0.052 0.843 
 190 V _   0.019 0.046 0.001 0.016 0.010 0.021 0.051 0.836 
 191 A _   0.019 0.048 0.001 0.018 0.010 0.022 0.051 0.830 
 192 H _   0.020 0.050 0.001 0.020 0.011 0.022 0.050 0.826 
 193 T _   0.019 0.051 0.001 0.022 0.011 0.022 0.049 0.824 
 194 L _   0.019 0.051 0.001 0.022 0.011 0.021 0.049 0.826 
 195 T _   0.018 0.050 0.001 0.022 0.010 0.020 0.049 0.831 
 196 E _   0.017 0.047 0.001 0.020 0.009 0.019 0.049 0.838 
 197 S _   0.016 0.043 0.001 0.017 0.008 0.017 0.049 0.848 
 198 R _   0.015 0.039 0.001 0.015 0.007 0.016 0.049 0.858 
 199 V _   0.014 0.035 0.001 0.012 0.006 0.015 0.049 0.868 
 200 L _   0.013 0.031 0.001 0.011 0.005 0.015 0.049 0.875 
 201 K _   0.013 0.028 0.001 0.009 0.005 0.014 0.049 0.881 
 202 N _   0.013 0.026 0.001 0.009 0.005 0.014 0.049 0.884 
 203 T _   0.013 0.025 0.001 0.009 0.005 0.014 0.049 0.885 
 204 R _   0.013 0.024 0.001 0.010 0.005 0.015 0.048 0.884 
 205 H _   0.013 0.025 0.001 0.012 0.006 0.015 0.048 0.881 
 206 P _   0.013 0.025 0.001 0.014 0.007 0.015 0.048 0.878 
 207 F _   0.013 0.026 0.001 0.016 0.007 0.016 0.047 0.874 
 208 L _   0.013 0.026 0.001 0.018 0.008 0.016 0.047 0.871 
 209 T _   0.013 0.025 0.001 0.018 0.008 0.016 0.047 0.871 
 210 S _   0.013 0.024 0.001 0.018 0.008 0.016 0.047 0.874 
 211 L _   0.013 0.022 0.001 0.017 0.007 0.015 0.047 0.878 
 212 K _   0.012 0.019 0.001 0.015 0.006 0.014 0.047 0.885 
 213 Y _   0.012 0.016 0.001 0.012 0.005 0.014 0.047 0.894 
 214 S _   0.011 0.012 0.001 0.009 0.005 0.013 0.047 0.902 
 215 F _   0.011 0.010 0.000 0.007 0.004 0.013 0.047 0.907 
 216 Q _   0.012 0.009 0.000 0.006 0.004 0.014 0.047 0.910 
 217 T _   0.013 0.008 0.000 0.005 0.004 0.015 0.046 0.909 
 218 K _   0.015 0.008 0.000 0.005 0.005 0.017 0.046 0.904 
 219 D _   0.018 0.010 0.001 0.006 0.006 0.019 0.045 0.895 
 220 R _   0.021 0.013 0.001 0.009 0.008 0.023 0.044 0.882 
 221 L _   0.025 0.018 0.001 0.012 0.011 0.026 0.043 0.864 
 222 C _   0.028 0.025 0.001 0.016 0.013 0.029 0.042 0.845 
 223 F _   0.031 0.032 0.001 0.020 0.016 0.032 0.042 0.826 
 224 V _   0.033 0.039 0.001 0.022 0.017 0.033 0.041 0.813 
 225 M _   0.034 0.043 0.001 0.024 0.018 0.034 0.040 0.804 
 226 E _   0.034 0.047 0.001 0.024 0.018 0.035 0.040 0.801 
 227 Y _   0.034 0.049 0.001 0.022 0.018 0.035 0.040 0.801 
 228 V _   0.034 0.050 0.001 0.021 0.017 0.035 0.039 0.802 
 229 N _   0.034 0.051 0.001 0.019 0.016 0.034 0.039 0.804 
 230 G _   0.034 0.052 0.001 0.018 0.016 0.034 0.039 0.806 
 231 G _   0.034 0.052 0.001 0.018 0.015 0.033 0.039 0.806 
 232 E _   0.034 0.053 0.001 0.019 0.015 0.033 0.039 0.805 
 233 L _   0.033 0.054 0.001 0.020 0.015 0.032 0.039 0.806 
 234 F _   0.030 0.054 0.001 0.022 0.015 0.030 0.040 0.807 
 235 F _   0.028 0.054 0.001 0.023 0.014 0.029 0.040 0.811 
 236 H _   0.025 0.052 0.001 0.024 0.014 0.027 0.040 0.817 
 237 L _   0.023 0.050 0.001 0.023 0.012 0.025 0.041 0.825 
 238 S _   0.020 0.046 0.001 0.022 0.011 0.022 0.041 0.836 
 239 R _   0.018 0.041 0.001 0.019 0.009 0.020 0.042 0.849 
 240 E _   0.016 0.035 0.001 0.016 0.008 0.018 0.043 0.863 
 241 R _   0.014 0.029 0.001 0.013 0.006 0.016 0.043 0.877 
 242 V _   0.013 0.023 0.001 0.010 0.005 0.015 0.044 0.889 
 243 F _   0.012 0.019 0.001 0.008 0.004 0.014 0.044 0.899 
 244 S _   0.011 0.016 0.000 0.006 0.004 0.014 0.044 0.904 
 245 E _   0.012 0.014 0.000 0.005 0.004 0.015 0.044 0.906 
 246 D _   0.013 0.014 0.000 0.005 0.004 0.016 0.044 0.904 
 247 R _   0.015 0.015 0.001 0.006 0.005 0.019 0.043 0.897 
 248 T _   0.018 0.019 0.001 0.007 0.007 0.022 0.042 0.884 
 249 R _   0.022 0.026 0.001 0.011 0.010 0.026 0.041 0.863 
 250 F _   0.026 0.037 0.001 0.016 0.014 0.030 0.040 0.835 
 251 Y _   0.029 0.053 0.001 0.023 0.018 0.034 0.039 0.803 
 252 G _   0.032 0.070 0.002 0.030 0.022 0.036 0.038 0.771 
 253 A _   0.034 0.085 0.002 0.036 0.024 0.038 0.037 0.745 
 254 E _   0.035 0.095 0.002 0.040 0.026 0.038 0.036 0.729 
 255 I _   0.036 0.100 0.002 0.041 0.026 0.038 0.036 0.721 
 256 V _   0.036 0.102 0.002 0.040 0.025 0.036 0.036 0.724 
 257 S _   0.036 0.100 0.002 0.035 0.022 0.034 0.036 0.735 
 258 A _   0.035 0.095 0.002 0.030 0.020 0.032 0.036 0.751 
 259 L _   0.033 0.087 0.001 0.024 0.016 0.029 0.037 0.773 
 260 D _   0.030 0.078 0.001 0.019 0.013 0.027 0.038 0.795 
 261 Y _   0.027 0.070 0.001 0.015 0.011 0.024 0.038 0.813 
 262 L _   0.025 0.064 0.001 0.012 0.009 0.023 0.039 0.828 
 263 H _   0.022 0.060 0.001 0.011 0.008 0.021 0.039 0.838 
 264 S _   0.021 0.057 0.001 0.011 0.007 0.020 0.040 0.844 
 265 G _   0.019 0.056 0.001 0.011 0.007 0.019 0.040 0.846 
 266 K _   0.018 0.056 0.001 0.013 0.007 0.018 0.041 0.847 
 267 I _   0.017 0.057 0.001 0.014 0.007 0.017 0.041 0.847 
 268 V _   0.016 0.058 0.001 0.015 0.007 0.016 0.041 0.846 
 269 Y _   0.014 0.058 0.001 0.017 0.007 0.016 0.042 0.846 
 270 R _   0.013 0.058 0.001 0.018 0.007 0.015 0.042 0.846 
 271 D _   0.012 0.057 0.001 0.018 0.007 0.014 0.043 0.849 
 272 L _   0.011 0.055 0.001 0.018 0.006 0.013 0.043 0.852 
 273 K _   0.010 0.053 0.001 0.017 0.006 0.012 0.044 0.858 
 274 L _   0.010 0.050 0.001 0.015 0.005 0.011 0.045 0.864 
 275 E _   0.009 0.047 0.001 0.013 0.004 0.010 0.045 0.871 
 276 N _   0.008 0.044 0.000 0.011 0.004 0.009 0.046 0.878 
 277 L _   0.008 0.042 0.000 0.009 0.003 0.008 0.046 0.883 
 278 M _   0.007 0.040 0.000 0.008 0.003 0.008 0.046 0.888 
 279 L _   0.007 0.039 0.000 0.006 0.002 0.007 0.046 0.892 
 280 D _   0.006 0.039 0.000 0.006 0.002 0.008 0.046 0.893 
 281 K _   0.006 0.041 0.000 0.006 0.002 0.008 0.045 0.891 
 282 D _   0.007 0.044 0.000 0.006 0.003 0.009 0.044 0.886 
 283 G _   0.007 0.052 0.000 0.008 0.003 0.011 0.043 0.876 
 284 H _   0.008 0.065 0.001 0.010 0.005 0.012 0.042 0.858 
 285 I _   0.009 0.087 0.001 0.013 0.006 0.014 0.039 0.829 
 286 K _   0.010 0.120 0.001 0.018 0.008 0.016 0.037 0.790 
 287 I _   0.010 0.161 0.001 0.022 0.010 0.018 0.034 0.745 
 288 T _   0.010 0.204 0.001 0.025 0.011 0.018 0.031 0.699 
 289 D _   0.009 0.245 0.001 0.028 0.011 0.018 0.029 0.658 
 290 F _   0.009 0.280 0.001 0.029 0.011 0.018 0.027 0.625 
 291 G _   0.009 0.306 0.001 0.028 0.011 0.018 0.025 0.601 
 292 L _   0.009 0.326 0.001 0.027 0.011 0.018 0.024 0.585 
 293 C _   0.009 0.340 0.001 0.025 0.010 0.018 0.022 0.574 
 294 K _   0.009 0.352 0.001 0.023 0.010 0.018 0.022 0.565 
 295 E _   0.009 0.361 0.001 0.022 0.010 0.018 0.021 0.559 
 296 G _   0.010 0.368 0.001 0.020 0.010 0.018 0.020 0.553 
 297 I _   0.010 0.375 0.001 0.020 0.010 0.019 0.020 0.547 
 298 T _   0.010 0.382 0.001 0.019 0.010 0.019 0.019 0.540 
 299 D _   0.011 0.388 0.001 0.020 0.010 0.019 0.019 0.534 
 300 A _   0.011 0.393 0.001 0.021 0.010 0.019 0.018 0.527 
 301 A _   0.012 0.397 0.001 0.022 0.011 0.019 0.018 0.521 
 302 T _   0.012 0.399 0.001 0.023 0.011 0.018 0.018 0.518 
 303 M _   0.012 0.399 0.001 0.024 0.011 0.018 0.018 0.518 
 304 K _   0.012 0.395 0.001 0.024 0.011 0.017 0.018 0.522 
 305 T _   0.012 0.389 0.001 0.024 0.010 0.017 0.018 0.529 
 306 F _   0.011 0.379 0.001 0.024 0.010 0.016 0.018 0.540 
 307 C _   0.011 0.367 0.001 0.024 0.010 0.016 0.019 0.553 
 308 G _   0.011 0.352 0.001 0.024 0.009 0.015 0.019 0.569 
 309 T _   0.011 0.334 0.001 0.024 0.009 0.015 0.020 0.586 
 310 P _   0.011 0.315 0.001 0.025 0.009 0.014 0.021 0.604 
 311 E _   0.011 0.293 0.001 0.026 0.009 0.014 0.022 0.624 
 312 Y _   0.011 0.267 0.001 0.026 0.009 0.014 0.023 0.649 
 313 L _   0.011 0.237 0.001 0.026 0.008 0.013 0.025 0.678 
 314 A _   0.011 0.201 0.001 0.025 0.008 0.013 0.027 0.714 
 315 P _   0.011 0.162 0.001 0.023 0.007 0.012 0.028 0.755 
 316 E _   0.011 0.121 0.001 0.020 0.006 0.011 0.030 0.801 
 317 V _   0.010 0.080 0.001 0.016 0.005 0.010 0.032 0.846 
 318 L _   0.010 0.046 0.001 0.011 0.004 0.009 0.033 0.887 
 319 E _   0.010 0.023 0.000 0.007 0.003 0.008 0.034 0.916 
 320 D _   0.011 0.009 0.000 0.004 0.002 0.007 0.034 0.933 
 321 N _   0.014 0.003 0.000 0.003 0.002 0.006 0.033 0.939 
 322 D _   0.021 0.001 0.000 0.002 0.002 0.007 0.032 0.935 
 323 Y _   0.037 0.000 0.000 0.002 0.002 0.009 0.031 0.919 
 324 G _   0.069 0.000 0.000 0.002 0.003 0.012 0.029 0.885 
 325 R _   0.127 0.000 0.001 0.002 0.005 0.016 0.027 0.823 
 326 A _   0.216 0.000 0.001 0.002 0.008 0.021 0.024 0.728 
 327 V _   0.324 0.000 0.001 0.003 0.013 0.027 0.020 0.612 
 328 D _   0.438 0.000 0.001 0.003 0.020 0.032 0.017 0.489 
 329 W H   0.543 0.000 0.002 0.003 0.027 0.035 0.014 0.376 
 330 W H   0.627 0.000 0.002 0.003 0.034 0.037 0.013 0.284 
 331 G H   0.692 0.000 0.002 0.003 0.039 0.037 0.012 0.216 
 332 L H   0.736 0.000 0.002 0.003 0.043 0.035 0.011 0.170 
 333 G H   0.765 0.000 0.002 0.003 0.045 0.033 0.011 0.141 
 334 V H   0.783 0.000 0.002 0.003 0.045 0.031 0.012 0.123 
 335 V H   0.789 0.000 0.002 0.003 0.045 0.029 0.013 0.118 
 336 M H   0.783 0.000 0.002 0.003 0.045 0.027 0.014 0.125 
 337 Y H   0.762 0.001 0.002 0.004 0.044 0.026 0.017 0.144 
 338 E H   0.723 0.001 0.002 0.005 0.042 0.025 0.021 0.181 
 339 M H   0.662 0.001 0.003 0.007 0.039 0.024 0.027 0.238 
 340 M H   0.582 0.001 0.003 0.008 0.033 0.023 0.035 0.315 
 341 C H   0.483 0.001 0.002 0.009 0.026 0.022 0.045 0.413 
 342 G _   0.378 0.001 0.002 0.008 0.019 0.019 0.056 0.517 
 343 R _   0.277 0.000 0.001 0.007 0.013 0.016 0.067 0.618 
 344 L _   0.191 0.000 0.001 0.006 0.008 0.014 0.076 0.704 
 345 P _   0.123 0.000 0.001 0.004 0.005 0.011 0.084 0.772 
 346 F _   0.076 0.000 0.000 0.003 0.003 0.009 0.090 0.819 
 347 Y _   0.046 0.000 0.000 0.002 0.002 0.009 0.094 0.847 
 348 N _   0.031 0.000 0.000 0.002 0.002 0.009 0.097 0.860 
 349 Q _   0.024 0.000 0.000 0.002 0.002 0.010 0.099 0.863 
 350 D _   0.023 0.001 0.000 0.002 0.003 0.014 0.100 0.858 
 351 H _   0.025 0.003 0.000 0.004 0.005 0.019 0.102 0.843 
 352 E _   0.031 0.010 0.001 0.008 0.008 0.025 0.103 0.814 
 353 K _   0.036 0.029 0.001 0.015 0.015 0.033 0.103 0.768 
 354 L _   0.040 0.061 0.002 0.027 0.022 0.039 0.104 0.706 
 355 F _   0.042 0.098 0.002 0.039 0.027 0.042 0.104 0.645 
 356 E _   0.043 0.127 0.002 0.050 0.031 0.044 0.106 0.598 
 357 L _   0.042 0.145 0.002 0.057 0.033 0.044 0.108 0.568 
 358 I _   0.042 0.154 0.002 0.061 0.033 0.043 0.111 0.554 
 359 L _   0.040 0.157 0.002 0.060 0.032 0.041 0.115 0.553 
 360 M _   0.038 0.154 0.002 0.056 0.029 0.038 0.120 0.562 
 361 E _   0.036 0.146 0.002 0.050 0.025 0.035 0.126 0.580 
 362 D _   0.033 0.131 0.002 0.041 0.021 0.031 0.134 0.607 
 363 I _   0.030 0.112 0.002 0.033 0.016 0.027 0.142 0.639 
 364 K _   0.026 0.089 0.001 0.025 0.012 0.023 0.151 0.673 
 365 F _   0.022 0.066 0.001 0.017 0.009 0.020 0.160 0.706 
 366 P _   0.019 0.048 0.001 0.011 0.006 0.017 0.167 0.731 
 367 R _   0.015 0.037 0.001 0.008 0.004 0.014 0.173 0.749 
 368 T _   0.013 0.030 0.000 0.005 0.003 0.013 0.177 0.758 
 369 L _   0.011 0.027 0.000 0.004 0.003 0.012 0.180 0.762 
 370 S _   0.010 0.027 0.000 0.004 0.003 0.012 0.183 0.760 
 371 S _   0.011 0.029 0.000 0.005 0.003 0.014 0.185 0.753 
 372 D _   0.012 0.035 0.001 0.008 0.005 0.016 0.186 0.738 
 373 A _   0.013 0.047 0.001 0.014 0.007 0.018 0.188 0.713 
 374 K _   0.015 0.065 0.001 0.022 0.010 0.020 0.189 0.679 
 375 S _   0.015 0.086 0.001 0.033 0.013 0.022 0.190 0.640 
 376 L _   0.016 0.105 0.001 0.043 0.015 0.022 0.193 0.605 
 377 L _   0.016 0.116 0.001 0.052 0.015 0.022 0.196 0.580 
 378 S _   0.015 0.122 0.001 0.057 0.015 0.022 0.201 0.567 
 379 G _   0.015 0.122 0.001 0.057 0.014 0.020 0.208 0.563 
 380 L _   0.014 0.117 0.001 0.052 0.013 0.018 0.216 0.569 
 381 L _   0.013 0.107 0.001 0.043 0.010 0.016 0.226 0.584 
 382 I _   0.011 0.090 0.001 0.033 0.008 0.013 0.237 0.606 
 383 K _   0.010 0.069 0.001 0.023 0.006 0.011 0.249 0.630 
 384 D _   0.009 0.049 0.001 0.016 0.004 0.009 0.260 0.652 
 385 P _   0.008 0.035 0.000 0.010 0.003 0.007 0.269 0.668 
 386 N _   0.007 0.025 0.000 0.006 0.002 0.006 0.277 0.677 
 387 K _   0.006 0.020 0.000 0.005 0.001 0.005 0.282 0.682 
 388 R _   0.005 0.017 0.000 0.003 0.001 0.005 0.285 0.684 
 389 L _   0.004 0.016 0.000 0.003 0.001 0.004 0.287 0.684 
 390 G _   0.004 0.017 0.000 0.003 0.001 0.005 0.287 0.684 
 391 G _   0.004 0.018 0.000 0.004 0.001 0.005 0.286 0.682 
 392 G _   0.004 0.022 0.000 0.005 0.002 0.007 0.284 0.677 
 393 P _   0.005 0.031 0.000 0.007 0.002 0.009 0.280 0.667 
 394 D _   0.006 0.047 0.000 0.010 0.004 0.012 0.274 0.646 
 395 D _   0.008 0.079 0.001 0.015 0.006 0.016 0.266 0.609 
 396 A _   0.009 0.134 0.001 0.022 0.010 0.020 0.255 0.549 
 397 K _   0.010 0.214 0.002 0.030 0.014 0.023 0.241 0.466 
 398 E _   0.010 0.310 0.002 0.038 0.018 0.024 0.226 0.372 
 399 I E   0.009 0.403 0.002 0.044 0.019 0.023 0.214 0.286 
 400 M E   0.008 0.472 0.002 0.048 0.018 0.022 0.206 0.225 
 401 R E   0.007 0.514 0.001 0.051 0.017 0.020 0.201 0.188 
 402 H E   0.006 0.536 0.001 0.053 0.016 0.019 0.199 0.169 
 403 S E   0.006 0.546 0.001 0.054 0.016 0.018 0.199 0.160 
 404 F E   0.006 0.548 0.001 0.054 0.015 0.017 0.200 0.159 
 405 F E   0.007 0.542 0.001 0.053 0.015 0.016 0.202 0.164 
 406 S E   0.007 0.527 0.001 0.050 0.015 0.015 0.207 0.178 
 407 G E   0.008 0.497 0.002 0.047 0.015 0.015 0.214 0.202 
 408 V E   0.009 0.450 0.002 0.043 0.014 0.015 0.226 0.241 
 409 N E   0.011 0.380 0.002 0.038 0.014 0.015 0.242 0.298 
 410 W _   0.012 0.294 0.002 0.032 0.013 0.015 0.263 0.370 
 411 Q _   0.013 0.207 0.002 0.025 0.010 0.014 0.286 0.443 
 412 D _   0.012 0.138 0.001 0.018 0.008 0.013 0.307 0.503 
 413 V _   0.010 0.092 0.001 0.012 0.005 0.011 0.324 0.545 
 414 Y _   0.008 0.065 0.001 0.008 0.004 0.010 0.336 0.569 
 415 D _   0.007 0.051 0.000 0.006 0.002 0.008 0.345 0.581 
 416 K _   0.006 0.045 0.000 0.005 0.002 0.008 0.351 0.584 
 417 K _   0.005 0.042 0.000 0.005 0.002 0.007 0.356 0.583 
 418 L _   0.005 0.042 0.000 0.006 0.002 0.007 0.360 0.578 
 419 V _   0.005 0.043 0.000 0.007 0.002 0.008 0.363 0.572 
 420 P _   0.005 0.045 0.000 0.009 0.003 0.008 0.366 0.563 
 421 P _   0.005 0.048 0.000 0.012 0.004 0.009 0.369 0.553 
 422 F _   0.005 0.052 0.001 0.015 0.004 0.009 0.372 0.542 
 423 K _   0.005 0.055 0.001 0.017 0.005 0.010 0.376 0.532 
 424 P _   0.005 0.057 0.001 0.018 0.005 0.010 0.380 0.524 
 425 Q _   0.005 0.058 0.001 0.019 0.005 0.009 0.385 0.519 
 426 V _   0.005 0.057 0.001 0.018 0.005 0.009 0.391 0.515 
 427 T _   0.005 0.056 0.001 0.016 0.004 0.008 0.397 0.514 
 428 S _   0.004 0.054 0.000 0.013 0.004 0.008 0.404 0.513 
 429 E _   0.004 0.051 0.000 0.010 0.003 0.007 0.410 0.513 
 430 T _   0.004 0.049 0.000 0.008 0.003 0.007 0.416 0.513 
 431 D _   0.004 0.048 0.000 0.007 0.002 0.007 0.421 0.511 
 432 T _   0.004 0.048 0.000 0.006 0.002 0.007 0.426 0.507 
 433 R _   0.004 0.049 0.000 0.006 0.002 0.008 0.430 0.500 
 434 Y _   0.005 0.053 0.000 0.007 0.003 0.009 0.433 0.490 
 435 F _   0.005 0.059 0.000 0.009 0.004 0.011 0.436 0.475 
 436 D _   0.006 0.071 0.001 0.013 0.005 0.013 0.438 0.452 
 437 E X   0.007 0.088 0.001 0.019 0.008 0.015 0.440 0.421 
 438 E X   0.008 0.109 0.001 0.027 0.010 0.017 0.443 0.384 
 439 F X   0.008 0.131 0.001 0.037 0.012 0.018 0.446 0.346 
 440 T X   0.008 0.147 0.001 0.046 0.014 0.019 0.451 0.314 
 441 A X   0.008 0.157 0.001 0.053 0.015 0.019 0.457 0.288 
 442 Q X   0.008 0.162 0.001 0.058 0.016 0.019 0.466 0.270 
 443 T X   0.008 0.163 0.001 0.059 0.015 0.018 0.478 0.258 
 444 I X   0.008 0.159 0.001 0.057 0.014 0.017 0.493 0.251 
 445 T X   0.007 0.150 0.001 0.052 0.013 0.015 0.513 0.249 
 446 I X   0.007 0.134 0.001 0.045 0.011 0.014 0.536 0.252 
 447 T X   0.007 0.111 0.001 0.035 0.009 0.012 0.565 0.259 
 448 P X   0.006 0.084 0.001 0.026 0.007 0.010 0.598 0.267 
 449 P X   0.006 0.058 0.001 0.018 0.005 0.009 0.629 0.274 
 450 E X   0.005 0.037 0.001 0.012 0.004 0.007 0.657 0.276 
 451 K X   0.004 0.024 0.000 0.008 0.003 0.006 0.680 0.275 
 452 Y X   0.003 0.016 0.000 0.006 0.002 0.005 0.699 0.269 
 453 D X   0.003 0.012 0.000 0.004 0.001 0.004 0.713 0.263 
 454 E X   0.002 0.009 0.000 0.004 0.001 0.003 0.724 0.256 
 455 D X   0.002 0.008 0.000 0.003 0.001 0.003 0.733 0.249 
 456 G X   0.002 0.007 0.000 0.003 0.001 0.003 0.741 0.243 
 457 M X   0.002 0.007 0.000 0.003 0.001 0.003 0.747 0.237 
 458 D X   0.002 0.007 0.000 0.004 0.001 0.003 0.753 0.232 
 459 C X   0.002 0.006 0.000 0.004 0.001 0.003 0.757 0.227 
 460 M X   0.001 0.007 0.000 0.004 0.001 0.003 0.761 0.223 
 461 D X   0.001 0.007 0.000 0.004 0.001 0.003 0.765 0.219 
 462 N X   0.001 0.007 0.000 0.004 0.001 0.003 0.768 0.215 
 463 E X   0.001 0.008 0.000 0.005 0.001 0.003 0.771 0.210 
 464 R X   0.002 0.008 0.000 0.006 0.001 0.004 0.775 0.205 
 465 R X   0.002 0.009 0.000 0.007 0.001 0.004 0.777 0.199 
 466 P X   0.002 0.011 0.000 0.008 0.002 0.005 0.780 0.192 
 467 H X   0.002 0.012 0.000 0.010 0.002 0.005 0.784 0.185 
 468 F X   0.002 0.012 0.000 0.011 0.002 0.005 0.788 0.179 
 469 P X   0.002 0.013 0.000 0.012 0.002 0.005 0.792 0.173 
 470 Q X   0.002 0.013 0.000 0.013 0.002 0.005 0.797 0.168 
 471 F X   0.002 0.012 0.000 0.012 0.002 0.004 0.802 0.165 
 472 S X   0.002 0.012 0.000 0.010 0.002 0.004 0.807 0.163 
 473 Y X   0.001 0.011 0.000 0.009 0.002 0.003 0.813 0.162 
 474 S X   0.001 0.009 0.000 0.007 0.001 0.002 0.819 0.161 
 475 A X   0.001 0.007 0.000 0.005 0.001 0.001 0.824 0.162 
 476 S X   0.000 0.005 0.000 0.003 0.000 0.000 0.828 0.163 
 477 G X   0.000 0.004 0.000 0.002 0.000 0.000 0.828 0.166 
 478 R X   0.000 0.004 0.000 0.002 0.000 0.000 0.824 0.170 
 479 E X   0.002 0.004 0.001 0.008 0.002 0.002 0.808 0.173 
