#TopoPred_TM8: 8-state transmembrane topology prediction results by no_profile mode 
#probabilities are in the order of H E C I L F X _, the 8 transmembrane topology types used in PDBTM 
   1 M X   0.010 0.001 0.002 0.047 0.008 0.008 0.808 0.116 
   2 S X   0.004 0.000 0.000 0.029 0.002 0.004 0.831 0.130 
   3 A X   0.001 0.000 0.000 0.017 0.001 0.003 0.838 0.140 
   4 R X   0.001 0.000 0.000 0.013 0.000 0.003 0.837 0.146 
   5 T X   0.001 0.000 0.000 0.011 0.001 0.003 0.833 0.151 
   6 P X   0.001 0.000 0.000 0.010 0.001 0.004 0.827 0.156 
   7 L X   0.002 0.001 0.000 0.010 0.001 0.004 0.820 0.162 
   8 P X   0.002 0.001 0.000 0.010 0.001 0.005 0.812 0.168 
   9 T X   0.002 0.001 0.000 0.010 0.002 0.005 0.803 0.176 
  10 V X   0.002 0.002 0.000 0.010 0.002 0.005 0.794 0.185 
  11 N X   0.002 0.002 0.000 0.010 0.002 0.005 0.784 0.196 
  12 E X   0.002 0.002 0.000 0.009 0.002 0.004 0.774 0.207 
  13 R X   0.002 0.002 0.000 0.007 0.002 0.004 0.764 0.219 
  14 D X   0.002 0.002 0.000 0.006 0.001 0.004 0.754 0.230 
  15 T X   0.002 0.002 0.000 0.005 0.001 0.004 0.744 0.242 
  16 E X   0.002 0.002 0.000 0.005 0.001 0.004 0.733 0.253 
  17 N X   0.002 0.003 0.000 0.004 0.001 0.004 0.721 0.264 
  18 H X   0.002 0.004 0.000 0.005 0.001 0.004 0.707 0.276 
  19 T X   0.002 0.005 0.000 0.006 0.002 0.005 0.691 0.288 
  20 S X   0.003 0.007 0.000 0.008 0.002 0.006 0.673 0.300 
  21 V X   0.003 0.011 0.000 0.011 0.003 0.007 0.653 0.311 
  22 D X   0.003 0.016 0.001 0.015 0.004 0.009 0.632 0.321 
  23 G X   0.004 0.022 0.001 0.019 0.005 0.010 0.611 0.329 
  24 Y X   0.004 0.027 0.001 0.023 0.006 0.011 0.591 0.338 
  25 T X   0.004 0.032 0.001 0.027 0.006 0.011 0.572 0.347 
  26 E X   0.004 0.036 0.001 0.029 0.006 0.011 0.556 0.357 
  27 P X   0.004 0.038 0.001 0.029 0.006 0.011 0.542 0.369 
  28 H X   0.004 0.039 0.001 0.027 0.006 0.010 0.530 0.383 
  29 I X   0.004 0.039 0.001 0.023 0.005 0.010 0.519 0.400 
  30 Q X   0.004 0.038 0.001 0.019 0.004 0.009 0.508 0.417 
  31 P X   0.004 0.036 0.000 0.015 0.003 0.008 0.498 0.435 
  32 T X   0.004 0.034 0.000 0.011 0.003 0.007 0.489 0.452 
  33 K X   0.003 0.033 0.000 0.009 0.002 0.007 0.479 0.466 
  34 S _   0.003 0.032 0.000 0.008 0.002 0.006 0.469 0.479 
  35 S _   0.003 0.033 0.000 0.007 0.002 0.007 0.458 0.489 
  36 S _   0.003 0.035 0.000 0.008 0.003 0.007 0.447 0.497 
  37 R _   0.004 0.038 0.000 0.011 0.003 0.008 0.434 0.502 
  38 Q _   0.004 0.043 0.001 0.014 0.004 0.009 0.419 0.506 
  39 N _   0.004 0.050 0.001 0.019 0.005 0.010 0.404 0.507 
  40 I _   0.005 0.057 0.001 0.024 0.006 0.011 0.389 0.508 
  41 P _   0.005 0.064 0.001 0.028 0.007 0.012 0.375 0.508 
  42 R _   0.005 0.069 0.001 0.032 0.007 0.012 0.363 0.511 
  43 C _   0.005 0.072 0.001 0.034 0.008 0.013 0.352 0.516 
  44 R _   0.005 0.073 0.001 0.034 0.008 0.012 0.344 0.523 
  45 N _   0.006 0.072 0.001 0.033 0.008 0.012 0.336 0.533 
  46 S _   0.006 0.069 0.001 0.030 0.007 0.011 0.331 0.545 
  47 I _   0.006 0.064 0.001 0.026 0.006 0.011 0.327 0.560 
  48 T _   0.006 0.057 0.001 0.022 0.006 0.010 0.323 0.575 
  49 S _   0.006 0.050 0.001 0.018 0.005 0.009 0.320 0.592 
  50 A _   0.006 0.042 0.001 0.014 0.004 0.008 0.317 0.608 
  51 T _   0.006 0.034 0.000 0.011 0.003 0.008 0.314 0.624 
  52 D _   0.005 0.027 0.000 0.009 0.003 0.007 0.310 0.638 
  53 E _   0.005 0.023 0.000 0.007 0.002 0.007 0.307 0.649 
  54 Q _   0.005 0.020 0.000 0.006 0.002 0.007 0.303 0.657 
  55 P _   0.005 0.018 0.000 0.006 0.002 0.007 0.298 0.664 
  56 H _   0.005 0.017 0.000 0.006 0.002 0.007 0.293 0.668 
  57 I _   0.005 0.017 0.000 0.008 0.003 0.007 0.288 0.672 
  58 G _   0.006 0.017 0.000 0.009 0.003 0.008 0.283 0.674 
  59 N _   0.006 0.018 0.000 0.011 0.004 0.009 0.277 0.675 
  60 Y _   0.006 0.019 0.001 0.013 0.004 0.009 0.271 0.677 
  61 R _   0.006 0.020 0.001 0.014 0.004 0.009 0.266 0.680 
  62 L _   0.006 0.020 0.001 0.014 0.004 0.009 0.260 0.685 
  63 Q _   0.006 0.019 0.001 0.014 0.004 0.009 0.255 0.692 
  64 K _   0.005 0.019 0.000 0.012 0.004 0.009 0.250 0.700 
  65 T _   0.005 0.018 0.000 0.011 0.003 0.008 0.246 0.708 
  66 I _   0.005 0.017 0.000 0.009 0.003 0.008 0.241 0.716 
  67 G _   0.005 0.017 0.000 0.008 0.003 0.008 0.236 0.723 
  68 K _   0.005 0.016 0.000 0.008 0.003 0.008 0.231 0.728 
  69 G _   0.006 0.017 0.000 0.008 0.003 0.009 0.227 0.731 
  70 N _   0.006 0.018 0.000 0.008 0.003 0.010 0.221 0.733 
  71 F _   0.007 0.020 0.000 0.009 0.004 0.011 0.216 0.733 
  72 A _   0.007 0.022 0.001 0.010 0.005 0.013 0.210 0.732 
  73 K _   0.008 0.025 0.001 0.012 0.005 0.014 0.204 0.730 
  74 V _   0.009 0.029 0.001 0.013 0.006 0.016 0.199 0.727 
  75 K _   0.010 0.033 0.001 0.015 0.007 0.018 0.193 0.723 
  76 L _   0.012 0.036 0.001 0.016 0.008 0.020 0.187 0.720 
  77 A _   0.014 0.040 0.001 0.017 0.009 0.022 0.182 0.716 
  78 R _   0.015 0.043 0.001 0.018 0.010 0.023 0.177 0.713 
  79 H _   0.017 0.046 0.001 0.018 0.012 0.025 0.172 0.709 
  80 V _   0.020 0.048 0.001 0.019 0.013 0.027 0.168 0.705 
  81 L _   0.022 0.051 0.001 0.020 0.014 0.028 0.164 0.701 
  82 T _   0.024 0.053 0.001 0.021 0.015 0.029 0.160 0.697 
  83 G _   0.026 0.055 0.001 0.022 0.016 0.030 0.157 0.692 
  84 R _   0.028 0.057 0.001 0.024 0.017 0.030 0.155 0.689 
  85 E _   0.029 0.058 0.001 0.026 0.017 0.029 0.152 0.687 
  86 V _   0.030 0.058 0.001 0.027 0.016 0.028 0.151 0.688 
  87 A _   0.029 0.056 0.001 0.028 0.016 0.027 0.150 0.693 
  88 V _   0.028 0.054 0.001 0.027 0.014 0.025 0.149 0.701 
  89 K _   0.026 0.049 0.001 0.025 0.013 0.023 0.149 0.714 
  90 I _   0.024 0.043 0.001 0.022 0.011 0.020 0.149 0.730 
  91 I _   0.021 0.035 0.001 0.019 0.009 0.017 0.149 0.750 
  92 D _   0.018 0.026 0.001 0.015 0.007 0.015 0.149 0.769 
  93 K _   0.015 0.018 0.001 0.011 0.005 0.013 0.149 0.789 
  94 T _   0.013 0.011 0.000 0.008 0.004 0.011 0.149 0.805 
  95 Q _   0.010 0.006 0.000 0.005 0.003 0.010 0.148 0.817 
  96 L _   0.009 0.003 0.000 0.004 0.002 0.009 0.147 0.826 
  97 N _   0.008 0.002 0.000 0.003 0.002 0.009 0.145 0.830 
  98 P _   0.008 0.002 0.000 0.003 0.002 0.010 0.143 0.832 
  99 T _   0.009 0.002 0.000 0.003 0.002 0.011 0.141 0.832 
 100 S _   0.011 0.002 0.000 0.004 0.003 0.014 0.138 0.828 
 101 L _   0.014 0.003 0.001 0.006 0.005 0.017 0.134 0.820 
 102 Q _   0.017 0.006 0.001 0.010 0.007 0.021 0.130 0.809 
 103 K _   0.020 0.010 0.001 0.014 0.011 0.025 0.125 0.794 
 104 L _   0.024 0.014 0.001 0.020 0.014 0.029 0.121 0.777 
 105 F _   0.027 0.019 0.001 0.025 0.018 0.032 0.116 0.760 
 106 R _   0.031 0.023 0.001 0.030 0.021 0.035 0.112 0.747 
 107 E _   0.033 0.026 0.002 0.034 0.023 0.036 0.109 0.738 
 108 V _   0.035 0.027 0.002 0.036 0.023 0.036 0.106 0.735 
 109 R _   0.036 0.026 0.002 0.035 0.022 0.034 0.104 0.740 
 110 I _   0.036 0.024 0.002 0.031 0.020 0.032 0.103 0.752 
 111 M _   0.036 0.021 0.001 0.025 0.017 0.030 0.102 0.769 
 112 K _   0.034 0.016 0.001 0.019 0.014 0.027 0.101 0.789 
 113 I _   0.032 0.010 0.001 0.013 0.010 0.024 0.100 0.810 
 114 L _   0.029 0.006 0.001 0.009 0.008 0.021 0.099 0.827 
 115 N _   0.026 0.003 0.001 0.006 0.006 0.019 0.098 0.841 
 116 H _   0.025 0.002 0.000 0.004 0.005 0.018 0.097 0.849 
 117 P _   0.024 0.001 0.000 0.003 0.004 0.018 0.095 0.853 
 118 N _   0.025 0.001 0.000 0.004 0.004 0.018 0.094 0.854 
 119 I _   0.026 0.001 0.001 0.004 0.005 0.020 0.092 0.851 
 120 V _   0.028 0.002 0.001 0.006 0.007 0.022 0.090 0.845 
 121 K _   0.030 0.002 0.001 0.008 0.008 0.024 0.089 0.837 
 122 L _   0.032 0.004 0.001 0.010 0.010 0.026 0.087 0.830 
 123 F _   0.034 0.005 0.001 0.013 0.012 0.028 0.085 0.823 
 124 E _   0.034 0.006 0.001 0.014 0.013 0.029 0.083 0.819 
 125 V _   0.034 0.007 0.001 0.015 0.013 0.030 0.081 0.819 
 126 I _   0.034 0.008 0.001 0.015 0.014 0.030 0.079 0.820 
 127 E _   0.033 0.008 0.001 0.014 0.013 0.030 0.078 0.822 
 128 T _   0.033 0.008 0.001 0.013 0.013 0.031 0.077 0.824 
 129 E _   0.033 0.008 0.001 0.013 0.013 0.031 0.076 0.825 
 130 K _   0.033 0.009 0.001 0.013 0.013 0.031 0.075 0.826 
 131 T _   0.033 0.009 0.001 0.013 0.013 0.030 0.074 0.826 
 132 L _   0.033 0.009 0.001 0.014 0.013 0.030 0.073 0.826 
 133 Y _   0.033 0.010 0.001 0.015 0.013 0.029 0.073 0.826 
 134 L _   0.033 0.010 0.001 0.015 0.013 0.028 0.072 0.828 
 135 V _   0.032 0.010 0.001 0.015 0.012 0.027 0.072 0.831 
 136 M _   0.031 0.010 0.001 0.014 0.011 0.026 0.072 0.835 
 137 E _   0.030 0.009 0.001 0.012 0.010 0.025 0.072 0.841 
 138 Y _   0.028 0.009 0.001 0.010 0.009 0.024 0.072 0.848 
 139 A _   0.027 0.008 0.001 0.009 0.008 0.023 0.072 0.853 
 140 S _   0.026 0.008 0.001 0.008 0.008 0.022 0.071 0.855 
 141 G _   0.026 0.008 0.001 0.008 0.008 0.022 0.071 0.855 
 142 G _   0.027 0.010 0.001 0.009 0.008 0.023 0.071 0.852 
 143 E _   0.027 0.012 0.001 0.011 0.009 0.023 0.071 0.845 
 144 V _   0.028 0.015 0.001 0.015 0.011 0.024 0.071 0.836 
 145 F _   0.028 0.018 0.001 0.020 0.012 0.024 0.071 0.826 
 146 D _   0.028 0.021 0.001 0.024 0.013 0.024 0.071 0.818 
 147 Y _   0.026 0.023 0.001 0.028 0.013 0.023 0.071 0.814 
 148 L _   0.024 0.024 0.001 0.030 0.013 0.022 0.072 0.815 
 149 V _   0.022 0.023 0.001 0.029 0.011 0.020 0.073 0.822 
 150 A _   0.019 0.021 0.001 0.025 0.009 0.017 0.074 0.833 
 151 H _   0.016 0.017 0.001 0.020 0.007 0.015 0.075 0.848 
 152 G _   0.014 0.013 0.001 0.015 0.005 0.013 0.076 0.863 
 153 R _   0.012 0.009 0.000 0.010 0.004 0.011 0.077 0.877 
 154 M _   0.010 0.005 0.000 0.007 0.003 0.009 0.078 0.888 
 155 K _   0.008 0.003 0.000 0.004 0.002 0.009 0.078 0.896 
 156 E _   0.008 0.002 0.000 0.003 0.002 0.008 0.077 0.900 
 157 K _   0.008 0.002 0.000 0.003 0.002 0.009 0.076 0.900 
 158 E _   0.009 0.002 0.000 0.003 0.002 0.011 0.075 0.898 
 159 A _   0.012 0.003 0.000 0.004 0.003 0.015 0.074 0.890 
 160 R _   0.016 0.006 0.000 0.005 0.005 0.019 0.072 0.877 
 161 A _   0.021 0.012 0.001 0.009 0.008 0.025 0.069 0.855 
 162 K _   0.027 0.023 0.001 0.013 0.012 0.032 0.066 0.825 
 163 F _   0.034 0.039 0.001 0.019 0.017 0.038 0.063 0.788 
 164 R _   0.040 0.058 0.002 0.026 0.023 0.043 0.060 0.750 
 165 Q _   0.045 0.075 0.002 0.032 0.028 0.047 0.057 0.715 
 166 I _   0.051 0.088 0.002 0.036 0.032 0.050 0.054 0.686 
 167 V _   0.056 0.098 0.002 0.039 0.034 0.051 0.052 0.668 
 168 S _   0.059 0.104 0.002 0.039 0.035 0.050 0.051 0.660 
 169 A _   0.062 0.106 0.002 0.038 0.034 0.049 0.050 0.659 
 170 V _   0.062 0.106 0.002 0.036 0.032 0.046 0.049 0.667 
 171 Q _   0.060 0.102 0.002 0.033 0.029 0.043 0.049 0.682 
 172 Y _   0.056 0.097 0.002 0.029 0.025 0.039 0.049 0.703 
 173 C _   0.050 0.089 0.002 0.025 0.021 0.035 0.049 0.728 
 174 H _   0.044 0.081 0.001 0.021 0.017 0.031 0.050 0.753 
 175 Q _   0.038 0.073 0.001 0.018 0.013 0.027 0.050 0.778 
 176 K _   0.032 0.066 0.001 0.016 0.010 0.024 0.051 0.800 
 177 Y _   0.026 0.059 0.001 0.014 0.008 0.020 0.051 0.820 
 178 I _   0.022 0.054 0.001 0.012 0.006 0.017 0.052 0.837 
 179 V _   0.017 0.050 0.001 0.011 0.005 0.015 0.052 0.849 
 180 H _   0.014 0.047 0.001 0.010 0.005 0.013 0.052 0.859 
 181 R _   0.012 0.045 0.001 0.009 0.004 0.012 0.051 0.866 
 182 D _   0.010 0.044 0.000 0.009 0.004 0.011 0.051 0.871 
 183 L _   0.009 0.044 0.000 0.009 0.004 0.010 0.051 0.874 
 184 K _   0.008 0.044 0.000 0.009 0.003 0.009 0.050 0.876 
 185 A _   0.007 0.045 0.000 0.009 0.003 0.009 0.050 0.876 
 186 E _   0.007 0.046 0.000 0.010 0.004 0.009 0.049 0.875 
 187 N _   0.007 0.048 0.000 0.010 0.004 0.009 0.048 0.874 
 188 L _   0.007 0.051 0.000 0.011 0.004 0.008 0.048 0.872 
 189 L _   0.007 0.053 0.000 0.011 0.004 0.008 0.047 0.870 
 190 L _   0.006 0.056 0.000 0.011 0.004 0.009 0.046 0.868 
 191 D _   0.006 0.059 0.000 0.011 0.004 0.009 0.045 0.866 
 192 G _   0.006 0.062 0.000 0.011 0.004 0.009 0.044 0.863 
 193 D _   0.006 0.066 0.000 0.011 0.004 0.009 0.043 0.859 
 194 M _   0.007 0.071 0.000 0.012 0.004 0.010 0.043 0.854 
 195 N _   0.007 0.076 0.001 0.013 0.005 0.011 0.042 0.846 
 196 I _   0.008 0.084 0.001 0.014 0.005 0.012 0.041 0.837 
 197 K _   0.008 0.091 0.001 0.016 0.006 0.013 0.040 0.826 
 198 I _   0.009 0.099 0.001 0.018 0.006 0.013 0.039 0.815 
 199 A _   0.009 0.107 0.001 0.020 0.007 0.014 0.038 0.805 
 200 D _   0.009 0.114 0.001 0.022 0.007 0.014 0.037 0.796 
 201 F _   0.009 0.119 0.001 0.024 0.008 0.014 0.037 0.790 
 202 G _   0.009 0.122 0.001 0.024 0.008 0.014 0.036 0.786 
 203 F _   0.008 0.124 0.001 0.025 0.008 0.014 0.036 0.784 
 204 S _   0.008 0.124 0.001 0.025 0.008 0.014 0.036 0.784 
 205 N _   0.008 0.123 0.001 0.025 0.008 0.014 0.036 0.785 
 206 E _   0.008 0.121 0.001 0.025 0.007 0.013 0.036 0.789 
 207 F _   0.008 0.117 0.001 0.024 0.007 0.013 0.037 0.794 
 208 T _   0.008 0.112 0.001 0.023 0.006 0.012 0.037 0.801 
 209 V _   0.008 0.106 0.001 0.022 0.006 0.012 0.038 0.808 
 210 G _   0.008 0.098 0.001 0.021 0.006 0.011 0.039 0.817 
 211 N _   0.008 0.089 0.001 0.019 0.005 0.010 0.040 0.828 
 212 K _   0.008 0.079 0.001 0.017 0.005 0.010 0.041 0.840 
 213 L _   0.008 0.069 0.001 0.015 0.004 0.009 0.042 0.853 
 214 D _   0.007 0.058 0.001 0.013 0.004 0.008 0.043 0.866 
 215 T _   0.007 0.049 0.000 0.011 0.003 0.008 0.043 0.878 
 216 F _   0.006 0.041 0.000 0.009 0.003 0.007 0.044 0.889 
 217 C _   0.006 0.035 0.000 0.008 0.002 0.007 0.044 0.897 
 218 G _   0.005 0.031 0.000 0.007 0.002 0.007 0.044 0.903 
 219 S _   0.005 0.029 0.000 0.007 0.002 0.007 0.044 0.906 
 220 P _   0.005 0.028 0.000 0.008 0.002 0.007 0.044 0.906 
 221 P _   0.005 0.028 0.000 0.010 0.003 0.008 0.043 0.903 
 222 Y _   0.006 0.029 0.000 0.013 0.003 0.009 0.042 0.898 
 223 A _   0.006 0.031 0.000 0.017 0.004 0.010 0.041 0.891 
 224 A _   0.006 0.032 0.001 0.022 0.005 0.010 0.040 0.884 
 225 P _   0.006 0.033 0.001 0.025 0.005 0.011 0.039 0.880 
 226 E _   0.006 0.033 0.001 0.027 0.006 0.010 0.039 0.879 
 227 L _   0.006 0.031 0.001 0.026 0.005 0.010 0.038 0.883 
 228 F _   0.006 0.027 0.001 0.023 0.005 0.009 0.038 0.892 
 229 Q _   0.006 0.022 0.001 0.018 0.004 0.008 0.037 0.905 
 230 G _   0.006 0.015 0.000 0.013 0.003 0.007 0.037 0.920 
 231 K _   0.006 0.009 0.000 0.008 0.002 0.006 0.036 0.933 
 232 K _   0.007 0.004 0.000 0.005 0.002 0.005 0.036 0.941 
 233 Y _   0.011 0.001 0.000 0.003 0.001 0.005 0.035 0.944 
 234 D _   0.018 0.000 0.000 0.002 0.001 0.005 0.033 0.940 
 235 G _   0.036 0.000 0.000 0.002 0.002 0.006 0.031 0.923 
 236 P _   0.074 0.000 0.000 0.001 0.003 0.008 0.029 0.885 
 237 E _   0.147 0.000 0.001 0.002 0.004 0.011 0.025 0.811 
 238 V _   0.259 0.000 0.001 0.002 0.007 0.015 0.021 0.696 
 239 D _   0.399 0.000 0.001 0.002 0.011 0.018 0.016 0.553 
 240 V H   0.543 0.000 0.001 0.002 0.016 0.021 0.012 0.404 
 241 W H   0.662 0.000 0.001 0.002 0.021 0.023 0.010 0.282 
 242 S H   0.748 0.000 0.002 0.002 0.026 0.023 0.008 0.193 
 243 L H   0.805 0.000 0.001 0.002 0.028 0.022 0.007 0.135 
 244 G H   0.839 0.000 0.001 0.001 0.030 0.020 0.007 0.101 
 245 V H   0.859 0.000 0.001 0.002 0.030 0.018 0.007 0.084 
 246 I H   0.864 0.000 0.001 0.002 0.030 0.017 0.007 0.079 
 247 L H   0.856 0.000 0.002 0.002 0.030 0.016 0.008 0.086 
 248 Y H   0.835 0.000 0.002 0.002 0.030 0.015 0.010 0.106 
 249 T H   0.795 0.000 0.002 0.003 0.029 0.015 0.013 0.144 
 250 L H   0.730 0.000 0.002 0.003 0.027 0.015 0.017 0.206 
 251 V H   0.639 0.000 0.002 0.004 0.023 0.014 0.023 0.295 
 252 S H   0.524 0.000 0.002 0.005 0.018 0.014 0.031 0.407 
 253 G _   0.403 0.000 0.001 0.005 0.013 0.013 0.040 0.525 
 254 S _   0.291 0.000 0.001 0.004 0.009 0.011 0.049 0.634 
 255 L _   0.196 0.000 0.001 0.004 0.006 0.010 0.058 0.727 
 256 P _   0.123 0.000 0.001 0.003 0.004 0.008 0.064 0.797 
 257 F _   0.073 0.000 0.000 0.003 0.003 0.007 0.069 0.845 
 258 D _   0.042 0.000 0.000 0.003 0.002 0.006 0.072 0.874 
 259 G _   0.025 0.000 0.000 0.002 0.002 0.006 0.075 0.891 
 260 Q _   0.016 0.001 0.000 0.002 0.001 0.006 0.076 0.898 
 261 N _   0.012 0.002 0.000 0.003 0.002 0.007 0.077 0.898 
 262 L _   0.010 0.005 0.000 0.005 0.002 0.008 0.077 0.893 
 263 K _   0.009 0.011 0.000 0.007 0.003 0.010 0.077 0.882 
 264 E _   0.009 0.022 0.001 0.012 0.005 0.012 0.077 0.863 
 265 L _   0.009 0.037 0.001 0.017 0.006 0.014 0.076 0.840 
 266 R _   0.009 0.055 0.001 0.023 0.008 0.016 0.075 0.813 
 267 E _   0.009 0.070 0.001 0.028 0.009 0.017 0.074 0.791 
 268 R _   0.010 0.082 0.001 0.031 0.010 0.018 0.074 0.774 
 269 V _   0.010 0.090 0.001 0.032 0.010 0.018 0.074 0.764 
 270 L _   0.010 0.095 0.001 0.032 0.011 0.019 0.075 0.758 
 271 R _   0.010 0.097 0.001 0.031 0.011 0.019 0.076 0.755 
 272 G _   0.010 0.097 0.001 0.030 0.011 0.019 0.077 0.755 
 273 K _   0.011 0.096 0.001 0.028 0.010 0.018 0.079 0.757 
 274 Y _   0.011 0.093 0.001 0.026 0.010 0.018 0.082 0.760 
 275 R _   0.011 0.089 0.001 0.024 0.009 0.017 0.084 0.764 
 276 I _   0.012 0.084 0.001 0.022 0.009 0.017 0.088 0.769 
 277 P _   0.011 0.078 0.001 0.020 0.008 0.016 0.091 0.775 
 278 F _   0.011 0.071 0.001 0.018 0.007 0.015 0.094 0.783 
 279 Y _   0.011 0.063 0.001 0.015 0.006 0.014 0.098 0.792 
 280 M _   0.010 0.056 0.001 0.013 0.005 0.013 0.101 0.800 
 281 S _   0.009 0.050 0.001 0.011 0.005 0.012 0.105 0.808 
 282 T _   0.009 0.045 0.001 0.009 0.004 0.012 0.108 0.813 
 283 D _   0.008 0.041 0.000 0.008 0.004 0.012 0.110 0.816 
 284 C _   0.009 0.039 0.000 0.008 0.004 0.012 0.112 0.815 
 285 E _   0.009 0.039 0.001 0.009 0.004 0.013 0.115 0.811 
 286 N _   0.010 0.040 0.001 0.011 0.005 0.013 0.117 0.804 
 287 L _   0.011 0.042 0.001 0.013 0.006 0.014 0.119 0.795 
 288 L _   0.011 0.044 0.001 0.016 0.007 0.015 0.122 0.785 
 289 K _   0.012 0.046 0.001 0.019 0.008 0.016 0.124 0.775 
 290 K _   0.012 0.047 0.001 0.021 0.008 0.016 0.127 0.768 
 291 L _   0.012 0.047 0.001 0.021 0.008 0.016 0.131 0.764 
 292 L _   0.012 0.046 0.001 0.020 0.008 0.015 0.135 0.763 
 293 V _   0.012 0.043 0.001 0.018 0.007 0.014 0.139 0.765 
 294 L _   0.012 0.040 0.001 0.015 0.006 0.014 0.144 0.768 
 295 N _   0.011 0.037 0.001 0.013 0.006 0.013 0.148 0.772 
 296 P _   0.011 0.034 0.001 0.010 0.005 0.012 0.153 0.774 
 297 I _   0.011 0.032 0.001 0.009 0.004 0.012 0.157 0.774 
 298 K _   0.011 0.030 0.001 0.008 0.004 0.012 0.162 0.772 
 299 R _   0.011 0.030 0.001 0.009 0.004 0.012 0.166 0.767 
 300 G _   0.011 0.030 0.001 0.010 0.005 0.013 0.170 0.761 
 301 S _   0.011 0.032 0.001 0.011 0.005 0.013 0.175 0.753 
 302 L _   0.011 0.033 0.001 0.013 0.006 0.014 0.179 0.744 
 303 E _   0.011 0.035 0.001 0.015 0.006 0.014 0.183 0.734 
 304 Q _   0.011 0.037 0.001 0.017 0.007 0.014 0.188 0.726 
 305 I _   0.011 0.039 0.001 0.019 0.007 0.014 0.193 0.718 
 306 M _   0.010 0.039 0.001 0.020 0.007 0.014 0.198 0.711 
 307 K _   0.010 0.039 0.001 0.020 0.007 0.013 0.204 0.705 
 308 D _   0.010 0.039 0.001 0.020 0.007 0.013 0.211 0.700 
 309 R _   0.010 0.037 0.001 0.020 0.007 0.012 0.219 0.695 
 310 W _   0.009 0.035 0.001 0.019 0.006 0.012 0.227 0.692 
 311 M _   0.009 0.032 0.001 0.018 0.006 0.011 0.235 0.689 
 312 N _   0.009 0.028 0.001 0.016 0.005 0.010 0.244 0.686 
 313 V _   0.008 0.025 0.001 0.015 0.004 0.010 0.253 0.684 
 314 G _   0.008 0.022 0.001 0.013 0.004 0.009 0.262 0.682 
 315 H _   0.008 0.018 0.000 0.012 0.003 0.008 0.270 0.680 
 316 E _   0.007 0.015 0.000 0.011 0.003 0.008 0.278 0.678 
 317 E _   0.007 0.012 0.000 0.010 0.003 0.007 0.286 0.675 
 318 E _   0.007 0.010 0.000 0.009 0.002 0.007 0.292 0.673 
 319 E _   0.006 0.008 0.000 0.008 0.002 0.006 0.299 0.670 
 320 L _   0.006 0.007 0.000 0.008 0.002 0.006 0.304 0.667 
 321 K _   0.006 0.005 0.000 0.007 0.002 0.006 0.309 0.665 
 322 P _   0.005 0.004 0.000 0.007 0.002 0.005 0.313 0.663 
 323 Y _   0.005 0.003 0.000 0.006 0.002 0.005 0.317 0.662 
 324 T _   0.004 0.003 0.000 0.005 0.001 0.004 0.319 0.662 
 325 E _   0.004 0.002 0.000 0.004 0.001 0.004 0.321 0.663 
 326 P _   0.004 0.002 0.000 0.004 0.001 0.004 0.322 0.664 
 327 D _   0.003 0.001 0.000 0.003 0.001 0.004 0.322 0.666 
 328 P _   0.003 0.001 0.000 0.003 0.001 0.004 0.320 0.667 
 329 D _   0.003 0.002 0.000 0.002 0.001 0.005 0.318 0.669 
 330 F _   0.004 0.002 0.000 0.003 0.001 0.006 0.315 0.669 
 331 N _   0.005 0.004 0.000 0.004 0.002 0.009 0.311 0.666 
 332 D _   0.007 0.009 0.000 0.006 0.003 0.013 0.304 0.656 
 333 T _   0.011 0.022 0.001 0.010 0.006 0.020 0.295 0.634 
 334 K _   0.015 0.052 0.001 0.017 0.012 0.027 0.283 0.592 
 335 R _   0.019 0.105 0.002 0.029 0.020 0.034 0.267 0.524 
 336 I _   0.022 0.177 0.003 0.042 0.027 0.039 0.250 0.441 
 337 D _   0.022 0.242 0.003 0.055 0.032 0.041 0.235 0.370 
 338 I _   0.022 0.288 0.002 0.066 0.034 0.042 0.225 0.322 
 339 M E   0.023 0.314 0.002 0.073 0.034 0.041 0.218 0.295 
 340 V E   0.023 0.326 0.002 0.077 0.034 0.039 0.214 0.285 
 341 T E   0.023 0.328 0.002 0.076 0.033 0.037 0.212 0.289 
 342 M E   0.022 0.321 0.002 0.072 0.031 0.035 0.212 0.306 
 343 G _   0.022 0.303 0.002 0.063 0.028 0.032 0.213 0.338 
 344 F _   0.021 0.268 0.002 0.053 0.024 0.029 0.216 0.388 
 345 A _   0.021 0.217 0.002 0.041 0.020 0.026 0.220 0.454 
 346 R _   0.019 0.155 0.002 0.030 0.016 0.023 0.225 0.530 
 347 D _   0.018 0.098 0.001 0.021 0.011 0.020 0.231 0.600 
 348 E _   0.015 0.056 0.001 0.014 0.008 0.018 0.235 0.652 
 349 I _   0.013 0.031 0.001 0.010 0.005 0.015 0.238 0.687 
 350 N _   0.011 0.017 0.000 0.007 0.004 0.014 0.240 0.707 
 351 D _   0.011 0.009 0.000 0.005 0.003 0.013 0.241 0.718 
 352 A _   0.011 0.005 0.000 0.004 0.002 0.013 0.241 0.723 
 353 L _   0.012 0.003 0.000 0.004 0.002 0.013 0.241 0.724 
 354 I _   0.014 0.002 0.000 0.003 0.003 0.015 0.240 0.723 
 355 N _   0.018 0.002 0.000 0.003 0.003 0.018 0.238 0.717 
 356 Q _   0.025 0.002 0.000 0.003 0.005 0.022 0.236 0.706 
 357 K _   0.036 0.003 0.001 0.004 0.007 0.028 0.233 0.688 
 358 Y _   0.051 0.005 0.001 0.006 0.012 0.036 0.230 0.659 
 359 D _   0.068 0.011 0.001 0.009 0.021 0.044 0.226 0.620 
 360 E _   0.084 0.023 0.002 0.015 0.031 0.052 0.222 0.571 
 361 V _   0.098 0.042 0.002 0.024 0.041 0.058 0.219 0.515 
 362 M _   0.107 0.065 0.003 0.036 0.047 0.060 0.218 0.464 
 363 A _   0.111 0.082 0.003 0.048 0.050 0.059 0.217 0.430 
 364 T _   0.109 0.093 0.003 0.057 0.049 0.056 0.219 0.415 
 365 Y _   0.103 0.097 0.003 0.060 0.045 0.051 0.222 0.419 
 366 I _   0.093 0.096 0.002 0.059 0.039 0.045 0.227 0.440 
 367 L _   0.079 0.089 0.002 0.051 0.031 0.039 0.232 0.477 
 368 L _   0.065 0.075 0.002 0.039 0.022 0.031 0.238 0.527 
 369 G _   0.051 0.056 0.001 0.027 0.015 0.025 0.245 0.580 
 370 R _   0.038 0.037 0.001 0.017 0.009 0.019 0.251 0.628 
 371 K _   0.028 0.023 0.001 0.010 0.005 0.014 0.255 0.664 
 372 P _   0.019 0.015 0.000 0.006 0.003 0.011 0.258 0.687 
 373 P _   0.014 0.011 0.000 0.005 0.002 0.009 0.260 0.700 
 374 E _   0.010 0.009 0.000 0.004 0.002 0.007 0.261 0.706 
 375 F _   0.008 0.009 0.000 0.004 0.002 0.006 0.261 0.710 
 376 E _   0.006 0.009 0.000 0.004 0.002 0.006 0.261 0.712 
 377 G _   0.006 0.010 0.000 0.005 0.002 0.006 0.259 0.712 
 378 G _   0.005 0.012 0.000 0.006 0.002 0.006 0.257 0.712 
 379 E _   0.005 0.014 0.000 0.008 0.002 0.006 0.254 0.710 
 380 S _   0.004 0.018 0.000 0.010 0.003 0.007 0.251 0.707 
 381 L _   0.004 0.022 0.000 0.012 0.003 0.007 0.247 0.704 
 382 S _   0.004 0.026 0.000 0.015 0.003 0.008 0.243 0.699 
 383 S _   0.004 0.031 0.000 0.018 0.004 0.009 0.240 0.694 
 384 G _   0.004 0.035 0.001 0.022 0.004 0.009 0.237 0.688 
 385 N _   0.005 0.039 0.001 0.024 0.005 0.009 0.234 0.684 
 386 L _   0.005 0.041 0.001 0.025 0.005 0.009 0.232 0.682 
 387 C _   0.005 0.042 0.001 0.025 0.005 0.009 0.231 0.683 
 388 Q _   0.005 0.041 0.001 0.023 0.004 0.009 0.230 0.687 
 389 R _   0.005 0.039 0.000 0.020 0.004 0.008 0.230 0.694 
 390 S _   0.005 0.037 0.000 0.016 0.003 0.007 0.230 0.703 
 391 R _   0.004 0.033 0.000 0.012 0.002 0.006 0.230 0.712 
 392 P _   0.004 0.031 0.000 0.009 0.002 0.006 0.229 0.720 
 393 S _   0.004 0.029 0.000 0.007 0.002 0.005 0.228 0.726 
 394 S _   0.004 0.028 0.000 0.005 0.001 0.005 0.227 0.730 
 395 D _   0.003 0.028 0.000 0.005 0.001 0.005 0.225 0.732 
 396 L _   0.004 0.030 0.000 0.005 0.002 0.006 0.222 0.732 
 397 N _   0.004 0.034 0.000 0.006 0.002 0.006 0.218 0.728 
 398 N _   0.004 0.042 0.000 0.009 0.003 0.008 0.213 0.721 
 399 S _   0.005 0.055 0.000 0.012 0.003 0.009 0.207 0.708 
 400 T _   0.005 0.073 0.001 0.016 0.005 0.011 0.200 0.690 
 401 L _   0.005 0.096 0.001 0.021 0.006 0.012 0.193 0.667 
 402 Q _   0.005 0.119 0.001 0.026 0.007 0.013 0.185 0.645 
 403 S _   0.005 0.139 0.001 0.030 0.007 0.013 0.179 0.626 
 404 P _   0.005 0.156 0.001 0.032 0.008 0.013 0.173 0.612 
 405 A _   0.005 0.167 0.001 0.034 0.008 0.013 0.169 0.602 
 406 H _   0.005 0.175 0.001 0.034 0.008 0.013 0.166 0.598 
 407 L _   0.006 0.179 0.001 0.034 0.008 0.013 0.164 0.597 
 408 K _   0.006 0.179 0.001 0.032 0.008 0.013 0.163 0.599 
 409 V _   0.006 0.177 0.001 0.030 0.007 0.012 0.162 0.605 
 410 Q _   0.006 0.173 0.001 0.027 0.007 0.012 0.163 0.612 
 411 R _   0.006 0.166 0.001 0.025 0.006 0.012 0.163 0.621 
 412 S _   0.006 0.158 0.001 0.022 0.006 0.011 0.164 0.631 
 413 I _   0.007 0.148 0.001 0.021 0.006 0.011 0.166 0.642 
 414 S _   0.007 0.137 0.001 0.019 0.005 0.011 0.168 0.652 
 415 A _   0.007 0.126 0.001 0.018 0.005 0.010 0.170 0.663 
 416 N _   0.007 0.114 0.001 0.017 0.005 0.010 0.172 0.674 
 417 Q _   0.007 0.102 0.001 0.016 0.005 0.010 0.175 0.685 
 418 K _   0.007 0.089 0.001 0.015 0.004 0.009 0.177 0.697 
 419 Q _   0.007 0.077 0.001 0.013 0.004 0.009 0.180 0.709 
 420 R _   0.007 0.065 0.000 0.012 0.004 0.008 0.182 0.722 
 421 R _   0.007 0.054 0.000 0.010 0.003 0.008 0.184 0.733 
 422 F _   0.006 0.045 0.000 0.009 0.003 0.007 0.186 0.743 
 423 S _   0.006 0.038 0.000 0.007 0.002 0.007 0.188 0.752 
 424 D _   0.006 0.033 0.000 0.006 0.002 0.006 0.189 0.758 
 425 H _   0.005 0.029 0.000 0.006 0.002 0.006 0.190 0.761 
 426 A _   0.005 0.027 0.000 0.005 0.002 0.007 0.190 0.763 
 427 G _   0.005 0.027 0.000 0.006 0.002 0.007 0.190 0.763 
 428 P _   0.006 0.027 0.000 0.007 0.002 0.008 0.189 0.760 
 429 S _   0.006 0.029 0.000 0.009 0.003 0.008 0.188 0.756 
 430 I _   0.006 0.032 0.000 0.012 0.004 0.009 0.187 0.749 
 431 P _   0.007 0.035 0.001 0.015 0.004 0.010 0.186 0.742 
 432 P _   0.007 0.038 0.001 0.019 0.005 0.011 0.185 0.734 
 433 A _   0.007 0.041 0.001 0.022 0.006 0.011 0.185 0.728 
 434 V _   0.007 0.043 0.001 0.023 0.006 0.011 0.184 0.725 
 435 S _   0.007 0.043 0.001 0.023 0.006 0.011 0.184 0.726 
 436 Y _   0.007 0.042 0.001 0.022 0.005 0.010 0.185 0.729 
 437 T _   0.007 0.040 0.001 0.019 0.005 0.010 0.185 0.734 
 438 K _   0.006 0.037 0.000 0.017 0.004 0.009 0.186 0.741 
 439 R _   0.006 0.033 0.000 0.014 0.003 0.008 0.187 0.748 
 440 P _   0.005 0.030 0.000 0.011 0.003 0.007 0.188 0.755 
 441 Q _   0.005 0.027 0.000 0.010 0.002 0.007 0.189 0.760 
 442 A _   0.005 0.025 0.000 0.009 0.002 0.006 0.189 0.764 
 443 N _   0.005 0.023 0.000 0.008 0.002 0.006 0.189 0.767 
 444 S _   0.005 0.022 0.000 0.007 0.002 0.006 0.188 0.770 
 445 V _   0.004 0.022 0.000 0.007 0.002 0.006 0.187 0.771 
 446 E _   0.004 0.022 0.000 0.008 0.002 0.006 0.186 0.772 
 447 S _   0.004 0.022 0.000 0.008 0.002 0.006 0.184 0.774 
 448 E _   0.004 0.023 0.000 0.008 0.002 0.006 0.182 0.775 
 449 Q _   0.004 0.024 0.000 0.008 0.002 0.006 0.179 0.777 
 450 K _   0.004 0.026 0.000 0.007 0.002 0.006 0.176 0.779 
 451 E _   0.004 0.029 0.000 0.007 0.002 0.006 0.172 0.780 
 452 E _   0.004 0.032 0.000 0.008 0.002 0.007 0.167 0.780 
 453 W _   0.004 0.038 0.000 0.009 0.002 0.008 0.161 0.778 
 454 D _   0.004 0.046 0.000 0.010 0.003 0.009 0.155 0.772 
 455 K _   0.005 0.060 0.001 0.013 0.004 0.010 0.148 0.760 
 456 D _   0.005 0.078 0.001 0.017 0.005 0.012 0.139 0.742 
 457 V _   0.006 0.103 0.001 0.022 0.007 0.013 0.131 0.717 
 458 A _   0.006 0.132 0.001 0.028 0.008 0.015 0.122 0.687 
 459 R _   0.007 0.159 0.001 0.034 0.009 0.015 0.114 0.660 
 460 K _   0.007 0.180 0.001 0.038 0.010 0.016 0.108 0.640 
 461 L _   0.007 0.194 0.001 0.041 0.010 0.016 0.103 0.628 
 462 G _   0.007 0.202 0.001 0.041 0.010 0.015 0.099 0.624 
 463 S _   0.007 0.205 0.001 0.039 0.009 0.015 0.096 0.628 
 464 T _   0.007 0.204 0.001 0.034 0.009 0.014 0.094 0.638 
 465 T _   0.007 0.199 0.001 0.029 0.007 0.013 0.092 0.652 
 466 V _   0.007 0.192 0.001 0.023 0.006 0.012 0.091 0.668 
 467 G _   0.007 0.184 0.001 0.018 0.005 0.011 0.090 0.683 
 468 S _   0.007 0.176 0.001 0.015 0.005 0.011 0.089 0.697 
 469 K _   0.007 0.169 0.001 0.013 0.004 0.011 0.088 0.707 
 470 S _   0.007 0.165 0.001 0.012 0.004 0.011 0.088 0.713 
 471 E _   0.007 0.162 0.001 0.013 0.004 0.011 0.087 0.716 
 472 M _   0.007 0.161 0.001 0.014 0.005 0.011 0.086 0.716 
 473 T _   0.008 0.160 0.001 0.016 0.005 0.011 0.085 0.716 
 474 A _   0.008 0.159 0.001 0.017 0.005 0.011 0.084 0.715 
 475 S _   0.008 0.158 0.001 0.018 0.005 0.010 0.083 0.716 
 476 P _   0.007 0.155 0.001 0.019 0.005 0.010 0.083 0.720 
 477 L _   0.007 0.151 0.001 0.019 0.005 0.010 0.082 0.726 
 478 V _   0.006 0.144 0.001 0.017 0.005 0.009 0.082 0.736 
 479 G _   0.006 0.136 0.001 0.016 0.004 0.008 0.082 0.747 
 480 P _   0.006 0.128 0.000 0.014 0.004 0.008 0.082 0.758 
 481 E _   0.006 0.120 0.000 0.012 0.003 0.007 0.082 0.770 
 482 R _   0.005 0.113 0.000 0.010 0.003 0.007 0.082 0.780 
 483 K _   0.005 0.107 0.000 0.008 0.002 0.007 0.081 0.789 
 484 K _   0.005 0.103 0.000 0.008 0.002 0.006 0.081 0.795 
 485 S _   0.005 0.102 0.000 0.007 0.002 0.006 0.080 0.798 
 486 S _   0.004 0.102 0.000 0.007 0.002 0.006 0.078 0.799 
 487 T _   0.004 0.104 0.000 0.008 0.002 0.007 0.077 0.798 
 488 I _   0.004 0.108 0.000 0.009 0.003 0.007 0.075 0.794 
 489 P _   0.004 0.114 0.000 0.010 0.003 0.008 0.073 0.788 
 490 S _   0.005 0.123 0.000 0.011 0.003 0.008 0.070 0.779 
 491 N _   0.005 0.134 0.001 0.013 0.004 0.009 0.068 0.767 
 492 N _   0.005 0.148 0.001 0.015 0.005 0.010 0.065 0.752 
 493 V _   0.005 0.163 0.001 0.017 0.005 0.011 0.062 0.735 
 494 Y _   0.005 0.179 0.001 0.020 0.006 0.012 0.059 0.718 
 495 S _   0.006 0.194 0.001 0.022 0.007 0.013 0.057 0.701 
 496 G _   0.006 0.209 0.001 0.024 0.007 0.014 0.055 0.684 
 497 G _   0.007 0.222 0.001 0.026 0.008 0.014 0.053 0.669 
 498 S _   0.007 0.233 0.001 0.027 0.009 0.015 0.051 0.658 
 499 M _   0.008 0.240 0.001 0.028 0.009 0.015 0.050 0.650 
 500 A _   0.008 0.244 0.001 0.028 0.009 0.015 0.049 0.646 
 501 R _   0.008 0.245 0.001 0.027 0.009 0.015 0.048 0.646 
 502 R _   0.008 0.244 0.001 0.026 0.008 0.015 0.048 0.650 
 503 N _   0.008 0.240 0.001 0.024 0.008 0.015 0.048 0.656 
 504 T _   0.009 0.234 0.001 0.022 0.008 0.014 0.048 0.665 
 505 Y _   0.009 0.227 0.001 0.020 0.007 0.014 0.048 0.674 
 506 V _   0.009 0.219 0.001 0.019 0.007 0.014 0.048 0.683 
 507 C _   0.009 0.211 0.001 0.017 0.007 0.014 0.049 0.693 
 508 E _   0.009 0.203 0.001 0.017 0.006 0.013 0.049 0.701 
 509 R _   0.009 0.195 0.001 0.017 0.006 0.013 0.050 0.708 
 510 T _   0.009 0.188 0.001 0.018 0.006 0.013 0.050 0.714 
 511 T _   0.009 0.181 0.001 0.019 0.007 0.013 0.051 0.720 
 512 D _   0.009 0.173 0.001 0.021 0.007 0.012 0.052 0.726 
 513 R _   0.008 0.163 0.001 0.021 0.006 0.012 0.053 0.735 
 514 Y _   0.008 0.151 0.001 0.021 0.006 0.011 0.054 0.748 
 515 V _   0.008 0.137 0.001 0.019 0.006 0.011 0.055 0.764 
 516 A _   0.007 0.120 0.001 0.017 0.005 0.010 0.057 0.784 
 517 L _   0.007 0.102 0.001 0.013 0.004 0.009 0.058 0.806 
 518 Q _   0.006 0.086 0.000 0.010 0.003 0.008 0.059 0.828 
 519 N _   0.005 0.073 0.000 0.007 0.003 0.008 0.059 0.844 
 520 G _   0.005 0.066 0.000 0.006 0.002 0.008 0.059 0.854 
 521 K _   0.005 0.062 0.000 0.005 0.002 0.009 0.059 0.858 
 522 D _   0.006 0.061 0.000 0.005 0.002 0.010 0.059 0.856 
 523 S _   0.007 0.064 0.000 0.006 0.003 0.013 0.058 0.849 
 524 S _   0.010 0.071 0.001 0.008 0.005 0.017 0.057 0.832 
 525 L _   0.012 0.085 0.001 0.012 0.007 0.021 0.055 0.807 
 526 T _   0.015 0.107 0.001 0.016 0.010 0.026 0.053 0.772 
 527 E _   0.018 0.134 0.001 0.021 0.014 0.030 0.051 0.731 
 528 M _   0.021 0.162 0.001 0.025 0.017 0.034 0.048 0.691 
 529 S _   0.024 0.188 0.002 0.027 0.020 0.038 0.046 0.655 
 530 V _   0.028 0.210 0.002 0.028 0.023 0.041 0.045 0.624 
 531 S _   0.032 0.227 0.002 0.028 0.026 0.043 0.043 0.598 
 532 S _   0.036 0.242 0.002 0.028 0.029 0.045 0.042 0.576 
 533 I _   0.040 0.254 0.002 0.028 0.031 0.047 0.042 0.557 
 534 S _   0.044 0.264 0.002 0.028 0.032 0.047 0.041 0.542 
 535 S _   0.047 0.273 0.002 0.029 0.033 0.046 0.041 0.530 
 536 A _   0.048 0.280 0.002 0.031 0.032 0.045 0.042 0.521 
 537 G _   0.048 0.284 0.002 0.033 0.031 0.043 0.042 0.516 
 538 S _   0.047 0.286 0.002 0.035 0.029 0.041 0.043 0.517 
 539 S _   0.045 0.283 0.002 0.036 0.027 0.038 0.045 0.524 
 540 V _   0.042 0.277 0.002 0.037 0.024 0.034 0.047 0.538 
 541 A _   0.038 0.265 0.002 0.036 0.020 0.031 0.049 0.560 
 542 S _   0.033 0.246 0.002 0.034 0.017 0.027 0.051 0.589 
 543 A _   0.029 0.220 0.001 0.031 0.015 0.024 0.055 0.625 
 544 V _   0.025 0.188 0.001 0.027 0.012 0.021 0.058 0.667 
 545 P _   0.022 0.153 0.001 0.022 0.010 0.018 0.062 0.712 
 546 S _   0.019 0.119 0.001 0.018 0.007 0.016 0.065 0.754 
 547 A _   0.016 0.090 0.001 0.014 0.006 0.014 0.069 0.791 
 548 R _   0.013 0.067 0.001 0.011 0.004 0.012 0.071 0.821 
 549 P _   0.011 0.052 0.000 0.008 0.003 0.010 0.073 0.841 
 550 R _   0.009 0.043 0.000 0.007 0.003 0.009 0.075 0.855 
 551 H _   0.008 0.037 0.000 0.006 0.002 0.008 0.076 0.863 
 552 Q _   0.007 0.034 0.000 0.005 0.002 0.008 0.077 0.868 
 553 K _   0.006 0.033 0.000 0.005 0.002 0.008 0.077 0.869 
 554 S _   0.006 0.034 0.000 0.005 0.002 0.008 0.076 0.868 
 555 M _   0.006 0.036 0.000 0.006 0.002 0.009 0.076 0.865 
 556 S _   0.006 0.040 0.000 0.008 0.003 0.010 0.075 0.858 
 557 T _   0.007 0.048 0.000 0.010 0.004 0.011 0.073 0.845 
 558 S _   0.008 0.060 0.001 0.014 0.005 0.013 0.071 0.827 
 559 G _   0.008 0.077 0.001 0.020 0.007 0.015 0.069 0.802 
 560 H _   0.009 0.097 0.001 0.026 0.009 0.016 0.067 0.775 
 561 P _   0.010 0.116 0.001 0.033 0.011 0.018 0.066 0.747 
 562 I _   0.010 0.132 0.001 0.039 0.012 0.018 0.064 0.723 
 563 K _   0.011 0.143 0.001 0.043 0.012 0.018 0.064 0.708 
 564 V _   0.011 0.148 0.001 0.044 0.012 0.018 0.064 0.702 
 565 T _   0.011 0.149 0.001 0.043 0.011 0.017 0.064 0.704 
 566 L _   0.010 0.146 0.001 0.038 0.010 0.016 0.065 0.714 
 567 P _   0.010 0.139 0.001 0.032 0.008 0.014 0.066 0.730 
 568 T _   0.009 0.129 0.001 0.024 0.007 0.012 0.067 0.751 
 569 I _   0.008 0.117 0.001 0.017 0.005 0.011 0.068 0.773 
 570 K _   0.008 0.107 0.000 0.012 0.004 0.010 0.069 0.790 
 571 D _   0.007 0.099 0.000 0.009 0.003 0.009 0.070 0.803 
 572 G _   0.006 0.095 0.000 0.007 0.002 0.008 0.071 0.810 
 573 S _   0.006 0.094 0.000 0.006 0.002 0.008 0.071 0.812 
 574 E _   0.006 0.096 0.000 0.007 0.002 0.008 0.070 0.810 
 575 A _   0.006 0.101 0.000 0.008 0.003 0.009 0.069 0.804 
 576 Y _   0.006 0.109 0.000 0.010 0.003 0.009 0.068 0.793 
 577 R _   0.006 0.121 0.001 0.013 0.004 0.010 0.067 0.779 
 578 P _   0.006 0.136 0.001 0.015 0.005 0.010 0.065 0.762 
 579 G _   0.006 0.152 0.001 0.017 0.005 0.010 0.064 0.746 
 580 T _   0.005 0.166 0.001 0.018 0.005 0.010 0.062 0.732 
 581 T _   0.005 0.179 0.001 0.019 0.005 0.010 0.061 0.720 
 582 Q _   0.005 0.190 0.001 0.019 0.005 0.010 0.059 0.711 
 583 R _   0.005 0.200 0.001 0.018 0.005 0.010 0.058 0.704 
 584 V _   0.005 0.210 0.001 0.017 0.005 0.010 0.057 0.697 
 585 P _   0.005 0.219 0.001 0.017 0.005 0.009 0.056 0.689 
 586 A _   0.005 0.229 0.001 0.017 0.005 0.010 0.055 0.680 
 587 A _   0.005 0.239 0.001 0.018 0.005 0.010 0.054 0.669 
 588 S _   0.005 0.250 0.001 0.019 0.005 0.010 0.054 0.657 
 589 P _   0.005 0.261 0.001 0.020 0.006 0.010 0.053 0.645 
 590 S _   0.005 0.271 0.001 0.022 0.006 0.011 0.053 0.631 
 591 A _   0.006 0.280 0.001 0.024 0.006 0.011 0.052 0.620 
 592 H _   0.006 0.286 0.001 0.026 0.007 0.011 0.053 0.612 
 593 S _   0.006 0.289 0.001 0.026 0.007 0.011 0.053 0.607 
 594 I _   0.006 0.289 0.001 0.026 0.007 0.011 0.054 0.607 
 595 S _   0.006 0.286 0.001 0.025 0.006 0.011 0.055 0.611 
 596 T _   0.006 0.279 0.001 0.023 0.006 0.010 0.056 0.618 
 597 A _   0.007 0.270 0.001 0.021 0.006 0.010 0.058 0.629 
 598 T _   0.007 0.258 0.001 0.019 0.005 0.010 0.060 0.642 
 599 P _   0.007 0.245 0.001 0.016 0.005 0.009 0.062 0.656 
 600 D _   0.007 0.232 0.001 0.014 0.004 0.009 0.064 0.669 
 601 R _   0.007 0.220 0.000 0.012 0.004 0.009 0.066 0.682 
 602 T _   0.007 0.210 0.000 0.011 0.003 0.009 0.068 0.692 
 603 R _   0.006 0.203 0.000 0.010 0.003 0.008 0.070 0.700 
 604 F _   0.006 0.197 0.000 0.009 0.003 0.008 0.071 0.706 
 605 P _   0.005 0.194 0.000 0.008 0.003 0.008 0.072 0.710 
 606 R _   0.005 0.193 0.000 0.008 0.002 0.008 0.073 0.711 
 607 G _   0.005 0.194 0.000 0.008 0.003 0.008 0.073 0.709 
 608 S _   0.005 0.198 0.000 0.008 0.003 0.009 0.073 0.704 
 609 S _   0.005 0.205 0.000 0.010 0.003 0.009 0.073 0.695 
 610 S _   0.005 0.215 0.000 0.012 0.004 0.010 0.072 0.681 
 611 R _   0.005 0.231 0.001 0.015 0.005 0.011 0.072 0.660 
 612 S _   0.005 0.252 0.001 0.019 0.006 0.012 0.071 0.634 
 613 T _   0.005 0.275 0.001 0.024 0.007 0.013 0.070 0.605 
 614 F _   0.005 0.298 0.001 0.029 0.008 0.013 0.069 0.577 
 615 H _   0.005 0.317 0.001 0.034 0.008 0.013 0.068 0.553 
 616 G _   0.005 0.332 0.001 0.038 0.009 0.013 0.068 0.534 
 617 E _   0.006 0.340 0.001 0.040 0.009 0.013 0.069 0.522 
 618 Q _   0.006 0.343 0.001 0.041 0.009 0.013 0.070 0.517 
 619 L _   0.006 0.341 0.001 0.040 0.009 0.013 0.072 0.518 
 620 R _   0.006 0.334 0.001 0.039 0.009 0.012 0.075 0.525 
 621 E _   0.006 0.321 0.001 0.036 0.008 0.012 0.078 0.537 
 622 R _   0.007 0.302 0.001 0.033 0.008 0.011 0.083 0.555 
 623 R _   0.007 0.277 0.001 0.030 0.007 0.011 0.089 0.579 
 624 S _   0.007 0.246 0.001 0.026 0.007 0.011 0.095 0.607 
 625 V _   0.008 0.213 0.001 0.022 0.006 0.010 0.103 0.638 
 626 A _   0.007 0.180 0.001 0.018 0.005 0.010 0.110 0.669 
 627 Y _   0.007 0.152 0.001 0.014 0.004 0.009 0.116 0.698 
 628 N _   0.006 0.130 0.000 0.010 0.003 0.008 0.121 0.721 
 629 G _   0.006 0.115 0.000 0.008 0.002 0.007 0.125 0.737 
 630 P _   0.005 0.106 0.000 0.006 0.002 0.007 0.128 0.747 
 631 P _   0.005 0.102 0.000 0.005 0.002 0.007 0.129 0.751 
 632 A _   0.005 0.102 0.000 0.005 0.002 0.008 0.130 0.749 
 633 S _   0.005 0.106 0.000 0.006 0.002 0.010 0.130 0.741 
 634 P _   0.006 0.117 0.000 0.008 0.004 0.012 0.129 0.723 
 635 S _   0.008 0.142 0.001 0.013 0.006 0.015 0.127 0.688 
 636 H _   0.009 0.190 0.001 0.020 0.009 0.019 0.124 0.627 
 637 E _   0.009 0.261 0.002 0.028 0.013 0.021 0.120 0.545 
 638 T _   0.009 0.343 0.002 0.034 0.015 0.023 0.116 0.459 
 639 G E   0.008 0.414 0.002 0.038 0.015 0.023 0.113 0.387 
 640 A E   0.008 0.464 0.001 0.039 0.015 0.022 0.111 0.340 
 641 F E   0.007 0.496 0.001 0.038 0.014 0.022 0.111 0.311 
 642 A E   0.007 0.515 0.001 0.035 0.014 0.022 0.111 0.295 
 643 H E   0.008 0.526 0.001 0.032 0.013 0.022 0.112 0.286 
 644 A E   0.008 0.531 0.001 0.028 0.013 0.023 0.114 0.282 
 645 R E   0.010 0.532 0.001 0.024 0.014 0.024 0.116 0.280 
 646 R E   0.011 0.531 0.001 0.021 0.014 0.025 0.119 0.278 
 647 G E   0.012 0.529 0.001 0.020 0.015 0.025 0.123 0.275 
 648 T E   0.014 0.528 0.001 0.019 0.015 0.026 0.127 0.269 
 649 S E   0.016 0.528 0.001 0.020 0.016 0.027 0.131 0.262 
 650 T E   0.017 0.528 0.001 0.022 0.017 0.027 0.136 0.253 
 651 G E   0.018 0.527 0.001 0.025 0.017 0.026 0.142 0.244 
 652 I E   0.018 0.524 0.001 0.028 0.018 0.026 0.149 0.236 
 653 I E   0.018 0.518 0.001 0.032 0.018 0.025 0.157 0.231 
 654 S E   0.018 0.506 0.001 0.035 0.018 0.023 0.168 0.231 
 655 K E   0.017 0.486 0.002 0.037 0.018 0.022 0.181 0.237 
 656 I E   0.017 0.455 0.002 0.039 0.018 0.021 0.199 0.250 
 657 T E   0.016 0.410 0.002 0.040 0.018 0.020 0.222 0.272 
 658 S E   0.016 0.350 0.002 0.039 0.017 0.019 0.253 0.304 
 659 K _   0.015 0.278 0.002 0.036 0.015 0.018 0.292 0.344 
 660 F _   0.014 0.203 0.002 0.030 0.013 0.017 0.334 0.387 
 661 V _   0.013 0.138 0.002 0.024 0.009 0.015 0.376 0.425 
 662 R _   0.010 0.089 0.001 0.017 0.007 0.012 0.412 0.452 
 663 R _   0.008 0.057 0.001 0.012 0.004 0.010 0.439 0.468 
