#TopoPred_TM8: 8-state transmembrane topology prediction results by no_profile mode 
#probabilities are in the order of H E C I L F X _, the 8 transmembrane topology types used in PDBTM 
   1 M _   0.020 0.000 0.002 0.012 0.010 0.010 0.295 0.651 
   2 G _   0.007 0.000 0.000 0.002 0.002 0.004 0.297 0.688 
   3 A _   0.006 0.000 0.000 0.001 0.001 0.002 0.294 0.697 
   4 P _   0.020 0.000 0.000 0.001 0.001 0.003 0.283 0.691 
   5 A _   0.081 0.000 0.001 0.001 0.004 0.006 0.258 0.650 
   6 C _   0.229 0.000 0.001 0.001 0.008 0.009 0.212 0.539 
   7 A H   0.432 0.000 0.002 0.001 0.011 0.012 0.159 0.383 
   8 L H   0.624 0.000 0.002 0.001 0.014 0.012 0.109 0.238 
   9 A H   0.750 0.000 0.002 0.001 0.017 0.011 0.076 0.144 
  10 L H   0.817 0.000 0.001 0.001 0.018 0.010 0.058 0.095 
  11 C H   0.852 0.000 0.001 0.000 0.019 0.009 0.048 0.071 
  12 V H   0.868 0.000 0.001 0.000 0.018 0.007 0.042 0.063 
  13 A H   0.871 0.000 0.001 0.000 0.018 0.007 0.039 0.064 
  14 V H   0.862 0.000 0.001 0.000 0.017 0.006 0.036 0.076 
  15 A H   0.839 0.000 0.001 0.001 0.017 0.006 0.035 0.101 
  16 I H   0.796 0.000 0.001 0.001 0.016 0.007 0.035 0.144 
  17 V H   0.725 0.000 0.001 0.001 0.015 0.007 0.036 0.214 
  18 A H   0.625 0.000 0.001 0.001 0.013 0.007 0.038 0.314 
  19 G H   0.505 0.000 0.001 0.001 0.010 0.008 0.042 0.433 
  20 A _   0.377 0.000 0.001 0.001 0.008 0.008 0.046 0.560 
  21 S _   0.264 0.000 0.001 0.001 0.005 0.007 0.051 0.670 
  22 S _   0.178 0.000 0.001 0.001 0.004 0.007 0.056 0.753 
  23 E _   0.118 0.000 0.000 0.001 0.003 0.008 0.060 0.809 
  24 S _   0.080 0.000 0.000 0.002 0.003 0.009 0.063 0.842 
  25 L _   0.058 0.001 0.000 0.003 0.003 0.010 0.067 0.858 
  26 G _   0.043 0.003 0.001 0.006 0.004 0.012 0.069 0.863 
  27 T _   0.035 0.007 0.001 0.010 0.006 0.014 0.072 0.856 
  28 E _   0.029 0.014 0.001 0.017 0.008 0.016 0.074 0.842 
  29 Q _   0.025 0.023 0.001 0.026 0.009 0.017 0.076 0.823 
  30 R _   0.022 0.031 0.001 0.034 0.011 0.018 0.079 0.804 
  31 V _   0.020 0.036 0.001 0.040 0.012 0.018 0.083 0.790 
  32 V _   0.018 0.039 0.001 0.043 0.012 0.018 0.087 0.783 
  33 G _   0.016 0.039 0.001 0.042 0.011 0.016 0.092 0.782 
  34 R _   0.015 0.037 0.001 0.037 0.009 0.015 0.099 0.788 
  35 A _   0.013 0.032 0.001 0.030 0.007 0.013 0.105 0.799 
  36 A _   0.012 0.025 0.001 0.021 0.005 0.010 0.112 0.813 
  37 E _   0.010 0.017 0.000 0.014 0.003 0.008 0.119 0.827 
  38 V _   0.008 0.011 0.000 0.008 0.002 0.006 0.124 0.839 
  39 P _   0.007 0.007 0.000 0.005 0.002 0.005 0.128 0.846 
  40 G _   0.006 0.005 0.000 0.003 0.001 0.004 0.131 0.850 
  41 P _   0.005 0.004 0.000 0.002 0.001 0.004 0.133 0.851 
  42 E _   0.005 0.004 0.000 0.002 0.001 0.005 0.134 0.850 
  43 P _   0.005 0.006 0.000 0.003 0.001 0.006 0.134 0.846 
  44 G _   0.006 0.009 0.000 0.005 0.002 0.007 0.133 0.838 
  45 Q _   0.006 0.017 0.000 0.008 0.003 0.010 0.131 0.824 
  46 Q _   0.007 0.034 0.001 0.013 0.004 0.012 0.129 0.801 
  47 E _   0.008 0.059 0.001 0.020 0.006 0.014 0.125 0.768 
  48 Q _   0.007 0.088 0.001 0.028 0.007 0.015 0.121 0.733 
  49 L _   0.007 0.115 0.001 0.035 0.008 0.016 0.117 0.701 
  50 V _   0.007 0.135 0.001 0.041 0.009 0.016 0.114 0.677 
  51 F _   0.006 0.149 0.001 0.046 0.009 0.016 0.112 0.662 
  52 G _   0.006 0.156 0.001 0.048 0.010 0.015 0.111 0.653 
  53 S _   0.006 0.160 0.001 0.049 0.009 0.015 0.110 0.650 
  54 G _   0.006 0.160 0.001 0.047 0.009 0.014 0.111 0.652 
  55 D _   0.006 0.155 0.001 0.044 0.009 0.013 0.112 0.659 
  56 A _   0.007 0.147 0.001 0.040 0.008 0.013 0.114 0.671 
  57 V _   0.007 0.134 0.001 0.034 0.007 0.012 0.116 0.688 
  58 E _   0.008 0.117 0.001 0.028 0.006 0.011 0.120 0.711 
  59 L _   0.008 0.096 0.001 0.021 0.005 0.010 0.123 0.736 
  60 S _   0.007 0.076 0.001 0.016 0.004 0.009 0.126 0.762 
  61 C _   0.007 0.058 0.000 0.011 0.003 0.007 0.128 0.786 
  62 P _   0.006 0.045 0.000 0.007 0.002 0.007 0.129 0.803 
  63 P _   0.005 0.037 0.000 0.005 0.002 0.006 0.130 0.815 
  64 P _   0.005 0.034 0.000 0.004 0.001 0.006 0.129 0.822 
  65 G _   0.005 0.033 0.000 0.003 0.001 0.006 0.128 0.824 
  66 G _   0.005 0.034 0.000 0.004 0.002 0.007 0.126 0.823 
  67 G _   0.005 0.039 0.000 0.006 0.002 0.009 0.123 0.816 
  68 P _   0.006 0.050 0.000 0.009 0.004 0.011 0.119 0.800 
  69 M _   0.007 0.074 0.001 0.014 0.006 0.014 0.113 0.771 
  70 G _   0.008 0.111 0.001 0.021 0.008 0.016 0.106 0.728 
  71 P _   0.008 0.156 0.001 0.028 0.010 0.018 0.098 0.680 
  72 T _   0.008 0.199 0.001 0.033 0.011 0.018 0.092 0.637 
  73 V _   0.008 0.234 0.001 0.035 0.011 0.018 0.086 0.606 
  74 W _   0.007 0.257 0.001 0.035 0.011 0.018 0.082 0.589 
  75 V _   0.007 0.273 0.001 0.033 0.010 0.017 0.079 0.580 
  76 K _   0.007 0.283 0.001 0.031 0.009 0.017 0.076 0.577 
  77 D _   0.007 0.289 0.001 0.027 0.009 0.016 0.074 0.577 
  78 G _   0.007 0.293 0.001 0.023 0.008 0.016 0.073 0.580 
  79 T _   0.007 0.295 0.001 0.020 0.008 0.015 0.071 0.583 
  80 G _   0.007 0.297 0.001 0.018 0.007 0.015 0.070 0.585 
  81 L _   0.008 0.299 0.001 0.016 0.007 0.015 0.069 0.585 
  82 V _   0.008 0.302 0.001 0.016 0.007 0.015 0.068 0.582 
  83 P _   0.009 0.306 0.001 0.016 0.007 0.015 0.068 0.577 
  84 S _   0.009 0.311 0.001 0.017 0.008 0.016 0.067 0.572 
  85 E _   0.010 0.316 0.001 0.018 0.008 0.016 0.066 0.566 
  86 R _   0.010 0.320 0.001 0.020 0.008 0.015 0.066 0.561 
  87 V _   0.010 0.323 0.001 0.021 0.008 0.015 0.066 0.557 
  88 L _   0.009 0.324 0.001 0.022 0.008 0.015 0.066 0.555 
  89 V _   0.009 0.323 0.001 0.023 0.008 0.014 0.066 0.556 
  90 G _   0.009 0.320 0.001 0.024 0.008 0.013 0.066 0.560 
  91 P _   0.008 0.313 0.001 0.023 0.008 0.013 0.067 0.567 
  92 Q _   0.008 0.304 0.001 0.023 0.007 0.012 0.068 0.577 
  93 R _   0.008 0.291 0.001 0.021 0.007 0.011 0.070 0.591 
  94 L _   0.008 0.275 0.001 0.019 0.006 0.011 0.071 0.609 
  95 Q _   0.007 0.257 0.001 0.017 0.005 0.010 0.073 0.630 
  96 V _   0.007 0.237 0.001 0.015 0.005 0.009 0.075 0.652 
  97 L _   0.006 0.220 0.001 0.012 0.004 0.009 0.077 0.672 
  98 N _   0.006 0.205 0.000 0.010 0.003 0.008 0.079 0.689 
  99 A _   0.006 0.193 0.000 0.008 0.003 0.008 0.080 0.702 
 100 S _   0.005 0.185 0.000 0.007 0.002 0.007 0.081 0.711 
 101 H _   0.005 0.181 0.000 0.006 0.002 0.008 0.082 0.715 
 102 E _   0.005 0.180 0.000 0.007 0.002 0.008 0.082 0.715 
 103 D _   0.005 0.182 0.000 0.007 0.002 0.009 0.082 0.712 
 104 S _   0.005 0.188 0.000 0.008 0.003 0.010 0.081 0.704 
 105 G _   0.006 0.197 0.000 0.010 0.004 0.012 0.081 0.690 
 106 A _   0.007 0.211 0.001 0.012 0.005 0.014 0.079 0.672 
 107 Y _   0.007 0.228 0.001 0.014 0.006 0.016 0.078 0.650 
 108 S _   0.008 0.248 0.001 0.016 0.007 0.019 0.077 0.624 
 109 C _   0.010 0.272 0.001 0.018 0.009 0.021 0.075 0.595 
 110 R _   0.011 0.297 0.001 0.020 0.011 0.024 0.073 0.563 
 111 Q _   0.012 0.323 0.001 0.021 0.013 0.026 0.072 0.531 
 112 R _   0.014 0.352 0.001 0.022 0.015 0.028 0.071 0.497 
 113 L _   0.016 0.380 0.001 0.023 0.017 0.030 0.070 0.463 
 114 T _   0.017 0.407 0.001 0.024 0.019 0.031 0.069 0.431 
 115 Q E   0.019 0.434 0.001 0.025 0.020 0.032 0.069 0.399 
 116 R E   0.020 0.460 0.001 0.027 0.021 0.031 0.069 0.370 
 117 V E   0.020 0.482 0.001 0.030 0.022 0.031 0.070 0.344 
 118 L E   0.020 0.501 0.001 0.033 0.022 0.030 0.071 0.322 
 119 C E   0.020 0.514 0.001 0.036 0.022 0.028 0.072 0.306 
 120 H E   0.020 0.521 0.001 0.039 0.021 0.026 0.074 0.297 
 121 F E   0.019 0.523 0.001 0.042 0.019 0.024 0.077 0.294 
 122 S E   0.018 0.518 0.001 0.043 0.018 0.022 0.081 0.298 
 123 V E   0.017 0.505 0.001 0.044 0.016 0.020 0.086 0.309 
 124 R E   0.017 0.482 0.001 0.043 0.015 0.019 0.093 0.331 
 125 V E   0.016 0.444 0.002 0.041 0.014 0.017 0.102 0.364 
 126 T _   0.015 0.389 0.002 0.038 0.012 0.016 0.113 0.414 
 127 D _   0.015 0.317 0.002 0.033 0.011 0.015 0.128 0.479 
 128 A _   0.015 0.240 0.001 0.028 0.009 0.014 0.144 0.550 
 129 P _   0.013 0.170 0.001 0.022 0.007 0.012 0.159 0.616 
 130 S _   0.011 0.117 0.001 0.016 0.005 0.011 0.171 0.669 
 131 S _   0.009 0.081 0.000 0.011 0.003 0.009 0.180 0.706 
 132 G _   0.007 0.061 0.000 0.008 0.002 0.007 0.186 0.729 
 133 D _   0.006 0.050 0.000 0.006 0.002 0.006 0.190 0.741 
 134 D _   0.005 0.044 0.000 0.005 0.001 0.005 0.191 0.748 
 135 E _   0.004 0.041 0.000 0.005 0.001 0.005 0.192 0.752 
 136 D _   0.004 0.040 0.000 0.005 0.001 0.005 0.192 0.754 
 137 G _   0.004 0.040 0.000 0.005 0.001 0.005 0.190 0.754 
 138 E _   0.003 0.043 0.000 0.007 0.001 0.006 0.187 0.753 
 139 D _   0.003 0.047 0.000 0.008 0.002 0.006 0.183 0.751 
 140 E _   0.003 0.052 0.000 0.010 0.002 0.007 0.178 0.747 
 141 A _   0.004 0.061 0.000 0.011 0.002 0.008 0.172 0.742 
 142 E _   0.004 0.071 0.000 0.013 0.003 0.009 0.165 0.735 
 143 D _   0.004 0.084 0.000 0.015 0.003 0.009 0.158 0.726 
 144 T _   0.004 0.099 0.001 0.018 0.004 0.010 0.150 0.714 
 145 G _   0.004 0.116 0.001 0.020 0.005 0.011 0.143 0.701 
 146 V _   0.005 0.134 0.001 0.023 0.005 0.012 0.136 0.685 
 147 D _   0.005 0.152 0.001 0.026 0.006 0.012 0.129 0.669 
 148 T _   0.005 0.167 0.001 0.029 0.006 0.013 0.123 0.656 
 149 G _   0.005 0.179 0.001 0.031 0.007 0.013 0.119 0.646 
 150 A _   0.006 0.187 0.001 0.032 0.007 0.012 0.115 0.641 
 151 P _   0.006 0.191 0.001 0.031 0.006 0.012 0.112 0.642 
 152 Y _   0.005 0.192 0.001 0.028 0.006 0.011 0.110 0.647 
 153 W _   0.005 0.190 0.001 0.024 0.005 0.010 0.108 0.657 
 154 T _   0.005 0.186 0.001 0.019 0.004 0.009 0.106 0.669 
 155 R _   0.005 0.182 0.000 0.015 0.003 0.009 0.104 0.682 
 156 P _   0.004 0.177 0.000 0.011 0.003 0.008 0.102 0.693 
 157 E _   0.004 0.175 0.000 0.009 0.002 0.008 0.100 0.702 
 158 R _   0.004 0.174 0.000 0.008 0.002 0.008 0.098 0.706 
 159 M _   0.004 0.177 0.000 0.007 0.002 0.008 0.095 0.705 
 160 D _   0.005 0.185 0.000 0.009 0.003 0.010 0.091 0.697 
 161 K _   0.006 0.200 0.001 0.011 0.004 0.011 0.087 0.681 
 162 K _   0.006 0.224 0.001 0.015 0.006 0.013 0.081 0.654 
 163 L _   0.007 0.260 0.001 0.020 0.007 0.014 0.075 0.616 
 164 L _   0.007 0.302 0.001 0.025 0.009 0.015 0.068 0.572 
 165 A _   0.007 0.344 0.001 0.029 0.010 0.016 0.062 0.531 
 166 V _   0.007 0.378 0.001 0.032 0.010 0.016 0.057 0.499 
 167 P _   0.007 0.402 0.001 0.034 0.011 0.016 0.053 0.476 
 168 A _   0.007 0.419 0.001 0.035 0.011 0.015 0.050 0.462 
 169 A _   0.007 0.429 0.001 0.036 0.011 0.015 0.048 0.454 
 170 N _   0.007 0.433 0.001 0.036 0.011 0.015 0.046 0.452 
 171 T _   0.008 0.432 0.001 0.034 0.010 0.015 0.045 0.456 
 172 V _   0.008 0.427 0.001 0.033 0.010 0.014 0.044 0.464 
 173 R _   0.008 0.417 0.001 0.030 0.009 0.014 0.044 0.477 
 174 F _   0.009 0.401 0.001 0.028 0.009 0.013 0.044 0.496 
 175 R _   0.009 0.380 0.001 0.025 0.008 0.013 0.044 0.520 
 176 C _   0.009 0.355 0.001 0.021 0.007 0.012 0.045 0.550 
 177 P _   0.009 0.328 0.001 0.018 0.006 0.011 0.045 0.582 
 178 A _   0.008 0.303 0.001 0.014 0.005 0.010 0.046 0.612 
 179 A _   0.008 0.281 0.001 0.012 0.004 0.010 0.046 0.638 
 180 G _   0.007 0.266 0.000 0.010 0.004 0.009 0.046 0.658 
 181 N _   0.007 0.256 0.000 0.008 0.003 0.009 0.046 0.671 
 182 P _   0.006 0.250 0.000 0.008 0.003 0.009 0.046 0.678 
 183 T _   0.006 0.248 0.000 0.008 0.003 0.009 0.046 0.680 
 184 P _   0.006 0.248 0.000 0.009 0.003 0.009 0.045 0.679 
 185 S _   0.006 0.251 0.000 0.011 0.004 0.009 0.044 0.675 
 186 I _   0.006 0.255 0.000 0.012 0.004 0.009 0.043 0.670 
 187 S _   0.006 0.259 0.001 0.013 0.004 0.009 0.042 0.666 
 188 W _   0.006 0.264 0.001 0.014 0.004 0.009 0.041 0.661 
 189 L _   0.005 0.268 0.001 0.014 0.004 0.009 0.040 0.658 
 190 K _   0.005 0.271 0.001 0.014 0.004 0.009 0.039 0.657 
 191 N _   0.005 0.273 0.000 0.013 0.004 0.008 0.038 0.657 
 192 G _   0.005 0.276 0.000 0.012 0.004 0.008 0.038 0.657 
 193 R _   0.005 0.278 0.000 0.012 0.004 0.008 0.037 0.657 
 194 E _   0.005 0.281 0.000 0.011 0.003 0.008 0.036 0.656 
 195 F _   0.005 0.285 0.000 0.011 0.003 0.008 0.035 0.653 
 196 R _   0.005 0.290 0.000 0.011 0.004 0.009 0.034 0.648 
 197 G _   0.005 0.297 0.000 0.011 0.004 0.009 0.032 0.641 
 198 E _   0.005 0.307 0.001 0.012 0.004 0.010 0.031 0.631 
 199 H _   0.005 0.318 0.001 0.013 0.005 0.010 0.030 0.619 
 200 R _   0.006 0.331 0.001 0.014 0.005 0.011 0.029 0.605 
 201 I _   0.006 0.345 0.001 0.015 0.005 0.012 0.028 0.589 
 202 G _   0.006 0.359 0.001 0.016 0.006 0.012 0.027 0.574 
 203 G _   0.006 0.371 0.001 0.016 0.006 0.013 0.025 0.561 
 204 I _   0.007 0.383 0.001 0.016 0.006 0.014 0.024 0.549 
 205 K _   0.007 0.393 0.001 0.017 0.007 0.014 0.024 0.538 
 206 L _   0.008 0.402 0.001 0.017 0.007 0.015 0.023 0.528 
 207 R _   0.008 0.411 0.001 0.017 0.008 0.016 0.022 0.518 
 208 H _   0.008 0.418 0.001 0.018 0.009 0.016 0.021 0.508 
 209 Q _   0.009 0.426 0.001 0.020 0.010 0.017 0.020 0.497 
 210 Q _   0.009 0.434 0.001 0.022 0.011 0.018 0.020 0.486 
 211 W _   0.010 0.441 0.001 0.025 0.011 0.018 0.019 0.475 
 212 S _   0.010 0.445 0.001 0.029 0.012 0.018 0.019 0.467 
 213 L _   0.011 0.445 0.001 0.032 0.012 0.017 0.019 0.463 
 214 V _   0.011 0.441 0.001 0.034 0.012 0.017 0.019 0.466 
 215 M _   0.011 0.430 0.001 0.034 0.012 0.016 0.020 0.476 
 216 E _   0.011 0.409 0.001 0.033 0.012 0.015 0.020 0.498 
 217 S _   0.011 0.376 0.001 0.030 0.011 0.015 0.021 0.534 
 218 V _   0.011 0.330 0.001 0.025 0.010 0.014 0.023 0.585 
 219 V _   0.011 0.277 0.001 0.020 0.009 0.013 0.024 0.644 
 220 P _   0.011 0.228 0.001 0.015 0.007 0.013 0.026 0.700 
 221 S _   0.010 0.193 0.001 0.011 0.005 0.012 0.027 0.741 
 222 D _   0.009 0.172 0.001 0.008 0.004 0.012 0.028 0.766 
 223 R _   0.009 0.162 0.000 0.007 0.003 0.012 0.028 0.779 
 224 G _   0.009 0.158 0.000 0.007 0.003 0.012 0.029 0.782 
 225 N _   0.008 0.158 0.000 0.008 0.004 0.013 0.029 0.780 
 226 Y _   0.008 0.162 0.001 0.010 0.004 0.013 0.029 0.772 
 227 T _   0.009 0.169 0.001 0.013 0.005 0.014 0.028 0.761 
 228 C _   0.009 0.178 0.001 0.015 0.006 0.015 0.028 0.749 
 229 V _   0.009 0.186 0.001 0.017 0.007 0.015 0.027 0.738 
 230 V _   0.009 0.194 0.001 0.018 0.007 0.016 0.027 0.728 
 231 E _   0.009 0.201 0.001 0.019 0.008 0.016 0.027 0.720 
 232 N _   0.009 0.206 0.001 0.019 0.008 0.017 0.026 0.714 
 233 K _   0.010 0.211 0.001 0.019 0.008 0.017 0.026 0.708 
 234 F _   0.010 0.214 0.001 0.019 0.009 0.018 0.026 0.702 
 235 G _   0.011 0.218 0.001 0.020 0.009 0.019 0.026 0.696 
 236 S _   0.012 0.221 0.001 0.022 0.010 0.019 0.026 0.689 
 237 I _   0.012 0.224 0.001 0.024 0.011 0.020 0.026 0.682 
 238 R _   0.013 0.226 0.001 0.027 0.011 0.020 0.027 0.676 
 239 Q _   0.013 0.226 0.001 0.029 0.012 0.019 0.027 0.673 
 240 T _   0.013 0.223 0.001 0.030 0.011 0.019 0.028 0.675 
 241 Y _   0.013 0.217 0.001 0.030 0.011 0.018 0.029 0.681 
 242 T _   0.013 0.206 0.001 0.029 0.010 0.016 0.030 0.694 
 243 L _   0.012 0.191 0.001 0.026 0.009 0.015 0.031 0.714 
 244 D _   0.012 0.171 0.001 0.022 0.008 0.014 0.033 0.741 
 245 V _   0.011 0.148 0.001 0.018 0.006 0.012 0.034 0.769 
 246 L _   0.010 0.126 0.001 0.013 0.005 0.011 0.036 0.797 
 247 E _   0.010 0.108 0.001 0.010 0.004 0.010 0.037 0.821 
 248 R _   0.009 0.095 0.000 0.008 0.003 0.009 0.038 0.838 
 249 S _   0.008 0.087 0.000 0.006 0.003 0.009 0.038 0.847 
 250 P _   0.008 0.084 0.000 0.006 0.003 0.009 0.039 0.851 
 251 H _   0.007 0.084 0.000 0.007 0.003 0.009 0.039 0.851 
 252 R _   0.008 0.086 0.000 0.008 0.003 0.010 0.039 0.847 
 253 P _   0.008 0.090 0.000 0.010 0.004 0.010 0.038 0.839 
 254 I _   0.008 0.097 0.001 0.012 0.005 0.011 0.038 0.830 
 255 L _   0.008 0.104 0.001 0.014 0.005 0.011 0.037 0.821 
 256 Q _   0.008 0.110 0.001 0.015 0.005 0.012 0.037 0.812 
 257 A _   0.007 0.117 0.001 0.016 0.006 0.012 0.036 0.806 
 258 G _   0.007 0.122 0.001 0.017 0.006 0.012 0.036 0.800 
 259 L _   0.007 0.126 0.001 0.017 0.006 0.012 0.035 0.796 
 260 P _   0.007 0.130 0.001 0.017 0.006 0.012 0.035 0.793 
 261 A _   0.007 0.133 0.001 0.016 0.006 0.013 0.035 0.789 
 262 N _   0.008 0.137 0.001 0.016 0.006 0.013 0.034 0.785 
 263 Q _   0.008 0.140 0.001 0.017 0.006 0.013 0.034 0.781 
 264 T _   0.009 0.143 0.001 0.017 0.007 0.014 0.034 0.776 
 265 A _   0.009 0.145 0.001 0.018 0.007 0.014 0.034 0.771 
 266 V _   0.009 0.147 0.001 0.020 0.007 0.015 0.034 0.766 
 267 L _   0.010 0.149 0.001 0.021 0.008 0.015 0.035 0.762 
 268 G _   0.010 0.149 0.001 0.023 0.008 0.016 0.035 0.758 
 269 S _   0.011 0.148 0.001 0.024 0.008 0.016 0.035 0.757 
 270 D _   0.011 0.146 0.001 0.024 0.009 0.016 0.036 0.759 
 271 V _   0.011 0.141 0.001 0.024 0.009 0.015 0.037 0.763 
 272 E _   0.011 0.133 0.001 0.023 0.008 0.015 0.038 0.771 
 273 F _   0.011 0.124 0.001 0.021 0.007 0.014 0.039 0.783 
 274 H _   0.010 0.111 0.001 0.018 0.007 0.013 0.040 0.799 
 275 C _   0.010 0.098 0.001 0.015 0.006 0.012 0.042 0.817 
 276 K _   0.010 0.086 0.001 0.012 0.005 0.012 0.043 0.833 
 277 V _   0.009 0.075 0.001 0.010 0.004 0.011 0.044 0.846 
 278 Y _   0.009 0.068 0.000 0.008 0.004 0.011 0.045 0.856 
 279 S _   0.009 0.063 0.000 0.007 0.003 0.011 0.046 0.861 
 280 D _   0.009 0.061 0.000 0.007 0.004 0.011 0.046 0.861 
 281 A _   0.009 0.061 0.000 0.008 0.004 0.012 0.047 0.858 
 282 Q _   0.010 0.063 0.001 0.011 0.005 0.013 0.047 0.851 
 283 P _   0.011 0.067 0.001 0.014 0.006 0.014 0.047 0.841 
 284 H _   0.011 0.072 0.001 0.018 0.007 0.015 0.047 0.829 
 285 I _   0.012 0.077 0.001 0.023 0.008 0.016 0.047 0.816 
 286 Q _   0.012 0.080 0.001 0.027 0.009 0.016 0.048 0.807 
 287 W _   0.012 0.082 0.001 0.030 0.010 0.016 0.048 0.801 
 288 L _   0.012 0.082 0.001 0.031 0.010 0.016 0.049 0.800 
 289 K _   0.011 0.080 0.001 0.030 0.009 0.015 0.050 0.804 
 290 H _   0.011 0.074 0.001 0.027 0.008 0.013 0.052 0.813 
 291 V _   0.010 0.067 0.001 0.023 0.007 0.012 0.054 0.827 
 292 E _   0.009 0.057 0.001 0.019 0.005 0.011 0.055 0.842 
 293 V _   0.008 0.048 0.001 0.015 0.004 0.009 0.057 0.858 
 294 N _   0.008 0.038 0.000 0.011 0.003 0.008 0.058 0.872 
 295 G _   0.007 0.031 0.000 0.008 0.003 0.007 0.059 0.884 
 296 S _   0.007 0.026 0.000 0.006 0.002 0.007 0.060 0.892 
 297 K _   0.006 0.023 0.000 0.005 0.002 0.006 0.060 0.897 
 298 V _   0.006 0.022 0.000 0.004 0.002 0.007 0.060 0.899 
 299 G _   0.006 0.023 0.000 0.004 0.002 0.007 0.060 0.898 
 300 P _   0.006 0.025 0.000 0.005 0.002 0.009 0.059 0.894 
 301 D _   0.007 0.031 0.000 0.007 0.003 0.011 0.057 0.883 
 302 G _   0.008 0.043 0.001 0.012 0.005 0.013 0.055 0.864 
 303 T _   0.010 0.064 0.001 0.018 0.007 0.016 0.052 0.831 
 304 P _   0.010 0.095 0.001 0.028 0.010 0.019 0.049 0.787 
 305 Y _   0.011 0.130 0.001 0.039 0.013 0.021 0.046 0.738 
 306 V _   0.011 0.160 0.001 0.051 0.015 0.022 0.043 0.697 
 307 T _   0.011 0.180 0.001 0.059 0.016 0.022 0.041 0.671 
 308 V _   0.010 0.190 0.001 0.063 0.016 0.021 0.040 0.659 
 309 L _   0.010 0.193 0.001 0.062 0.015 0.020 0.040 0.659 
 310 K _   0.009 0.191 0.001 0.057 0.013 0.018 0.039 0.671 
 311 T _   0.009 0.181 0.001 0.048 0.011 0.016 0.040 0.694 
 312 A _   0.008 0.164 0.001 0.037 0.009 0.014 0.040 0.727 
 313 G _   0.008 0.141 0.001 0.026 0.007 0.012 0.041 0.765 
 314 A _   0.007 0.117 0.001 0.017 0.005 0.011 0.041 0.801 
 315 N _   0.007 0.098 0.000 0.011 0.004 0.010 0.042 0.829 
 316 T _   0.006 0.087 0.000 0.007 0.003 0.009 0.042 0.845 
 317 T _   0.006 0.081 0.000 0.006 0.002 0.009 0.042 0.853 
 318 D _   0.006 0.080 0.000 0.006 0.003 0.010 0.041 0.853 
 319 K _   0.007 0.082 0.000 0.008 0.003 0.012 0.040 0.847 
 320 E _   0.008 0.088 0.001 0.012 0.005 0.013 0.039 0.835 
 321 L _   0.009 0.097 0.001 0.017 0.006 0.015 0.038 0.818 
 322 E _   0.009 0.108 0.001 0.022 0.008 0.016 0.037 0.799 
 323 V _   0.010 0.117 0.001 0.027 0.009 0.017 0.035 0.783 
 324 L _   0.010 0.124 0.001 0.031 0.010 0.018 0.034 0.773 
 325 S _   0.010 0.127 0.001 0.033 0.010 0.018 0.033 0.768 
 326 L _   0.010 0.127 0.001 0.033 0.010 0.018 0.032 0.769 
 327 H _   0.010 0.124 0.001 0.031 0.010 0.017 0.032 0.775 
 328 N _   0.010 0.119 0.001 0.027 0.009 0.017 0.032 0.785 
 329 V _   0.010 0.111 0.001 0.023 0.009 0.017 0.032 0.799 
 330 T _   0.010 0.102 0.001 0.019 0.008 0.016 0.032 0.813 
 331 F _   0.011 0.093 0.001 0.016 0.007 0.016 0.032 0.825 
 332 E _   0.011 0.086 0.001 0.014 0.006 0.016 0.032 0.835 
 333 D _   0.011 0.080 0.001 0.012 0.006 0.016 0.031 0.842 
 334 A _   0.011 0.077 0.001 0.012 0.006 0.016 0.031 0.845 
 335 G _   0.012 0.075 0.001 0.013 0.006 0.017 0.031 0.845 
 336 E _   0.012 0.075 0.001 0.014 0.007 0.017 0.031 0.843 
 337 Y _   0.013 0.075 0.001 0.017 0.008 0.018 0.030 0.840 
 338 T _   0.013 0.074 0.001 0.019 0.009 0.018 0.030 0.836 
 339 C _   0.013 0.074 0.001 0.021 0.009 0.018 0.029 0.835 
 340 L _   0.012 0.072 0.001 0.022 0.009 0.018 0.029 0.836 
 341 A _   0.012 0.069 0.001 0.022 0.009 0.018 0.029 0.840 
 342 G _   0.012 0.065 0.001 0.020 0.008 0.018 0.029 0.848 
 343 N _   0.011 0.059 0.001 0.017 0.008 0.017 0.029 0.858 
 344 S _   0.012 0.052 0.001 0.014 0.007 0.017 0.029 0.870 
 345 I _   0.012 0.045 0.001 0.011 0.006 0.017 0.028 0.880 
 346 G _   0.013 0.040 0.001 0.008 0.005 0.018 0.028 0.887 
 347 F _   0.014 0.037 0.001 0.007 0.005 0.019 0.028 0.888 
 348 S _   0.016 0.036 0.001 0.007 0.006 0.021 0.027 0.885 
 349 H _   0.020 0.038 0.001 0.008 0.008 0.024 0.027 0.875 
 350 H _   0.024 0.042 0.001 0.011 0.011 0.028 0.026 0.858 
 351 S _   0.029 0.049 0.001 0.016 0.015 0.031 0.025 0.833 
 352 A _   0.033 0.060 0.001 0.024 0.019 0.034 0.024 0.804 
 353 W _   0.036 0.072 0.002 0.033 0.022 0.036 0.023 0.776 
 354 L _   0.038 0.080 0.002 0.041 0.024 0.036 0.023 0.755 
 355 V _   0.039 0.086 0.002 0.046 0.025 0.035 0.023 0.745 
 356 V _   0.038 0.087 0.002 0.049 0.024 0.034 0.023 0.744 
 357 L _   0.036 0.085 0.002 0.048 0.022 0.031 0.023 0.754 
 358 P _   0.033 0.078 0.002 0.042 0.019 0.027 0.023 0.775 
 359 A _   0.030 0.067 0.001 0.035 0.015 0.024 0.024 0.804 
 360 E _   0.027 0.051 0.001 0.026 0.012 0.020 0.024 0.839 
 361 E _   0.024 0.033 0.001 0.018 0.008 0.016 0.025 0.875 
 362 E _   0.021 0.018 0.001 0.011 0.005 0.013 0.025 0.906 
 363 L _   0.018 0.008 0.000 0.007 0.004 0.010 0.025 0.928 
 364 V _   0.017 0.003 0.000 0.004 0.002 0.008 0.024 0.941 
 365 E _   0.019 0.001 0.000 0.002 0.002 0.006 0.023 0.946 
 366 A _   0.023 0.000 0.000 0.002 0.002 0.006 0.022 0.945 
 367 D _   0.035 0.000 0.000 0.001 0.002 0.006 0.021 0.936 
 368 E _   0.056 0.000 0.000 0.001 0.002 0.006 0.019 0.915 
 369 A _   0.092 0.000 0.000 0.001 0.003 0.007 0.017 0.879 
 370 G _   0.148 0.000 0.001 0.001 0.004 0.008 0.015 0.823 
 371 S _   0.220 0.000 0.001 0.001 0.005 0.009 0.013 0.752 
 372 V _   0.300 0.000 0.001 0.001 0.006 0.009 0.010 0.673 
 373 Y _   0.383 0.000 0.001 0.001 0.006 0.009 0.009 0.592 
 374 A _   0.463 0.000 0.001 0.001 0.006 0.008 0.007 0.513 
 375 G H   0.543 0.000 0.001 0.000 0.006 0.007 0.006 0.436 
 376 I H   0.620 0.000 0.001 0.000 0.006 0.006 0.006 0.362 
 377 L H   0.689 0.000 0.001 0.000 0.005 0.005 0.005 0.295 
 378 S H   0.751 0.000 0.001 0.000 0.005 0.004 0.004 0.235 
 379 Y H   0.806 0.000 0.001 0.000 0.005 0.004 0.004 0.181 
 380 G H   0.853 0.000 0.001 0.000 0.005 0.003 0.003 0.135 
 381 V H   0.892 0.000 0.001 0.000 0.005 0.003 0.003 0.097 
 382 G H   0.921 0.000 0.001 0.000 0.005 0.002 0.003 0.069 
 383 F H   0.941 0.000 0.001 0.000 0.005 0.002 0.002 0.049 
 384 F H   0.953 0.000 0.001 0.000 0.005 0.002 0.002 0.037 
 385 L H   0.960 0.000 0.001 0.000 0.006 0.002 0.002 0.030 
 386 F H   0.961 0.000 0.001 0.000 0.006 0.002 0.001 0.028 
 387 I H   0.958 0.000 0.001 0.000 0.007 0.002 0.001 0.030 
 388 L H   0.951 0.000 0.001 0.000 0.008 0.002 0.001 0.036 
 389 V H   0.939 0.000 0.001 0.000 0.009 0.003 0.001 0.047 
 390 V H   0.919 0.000 0.001 0.000 0.010 0.003 0.002 0.065 
 391 A H   0.891 0.000 0.001 0.000 0.011 0.004 0.002 0.091 
 392 A H   0.850 0.000 0.001 0.000 0.012 0.004 0.003 0.130 
 393 V H   0.793 0.000 0.001 0.001 0.013 0.005 0.004 0.184 
 394 T H   0.716 0.000 0.001 0.001 0.013 0.006 0.006 0.258 
 395 L H   0.615 0.000 0.001 0.001 0.012 0.007 0.009 0.355 
 396 C H   0.498 0.000 0.001 0.002 0.009 0.007 0.014 0.469 
 397 R _   0.375 0.000 0.001 0.002 0.007 0.007 0.019 0.589 
 398 L _   0.259 0.000 0.001 0.002 0.005 0.007 0.025 0.701 
 399 R _   0.165 0.000 0.001 0.002 0.004 0.006 0.030 0.793 
 400 S _   0.098 0.000 0.000 0.002 0.003 0.005 0.034 0.857 
 401 P _   0.056 0.000 0.000 0.002 0.002 0.005 0.037 0.898 
 402 P _   0.032 0.000 0.000 0.002 0.002 0.005 0.039 0.920 
 403 K _   0.020 0.001 0.000 0.002 0.001 0.005 0.040 0.931 
 404 K _   0.014 0.002 0.000 0.003 0.002 0.006 0.041 0.933 
 405 G _   0.011 0.005 0.000 0.004 0.002 0.007 0.042 0.930 
 406 L _   0.010 0.012 0.000 0.006 0.003 0.009 0.042 0.918 
 407 G _   0.009 0.025 0.001 0.010 0.004 0.011 0.041 0.898 
 408 S _   0.009 0.049 0.001 0.014 0.006 0.014 0.040 0.867 
 409 P _   0.009 0.081 0.001 0.020 0.008 0.016 0.039 0.827 
 410 T _   0.009 0.119 0.001 0.025 0.009 0.017 0.037 0.783 
 411 V _   0.009 0.155 0.001 0.029 0.010 0.018 0.036 0.742 
 412 H _   0.009 0.187 0.001 0.033 0.011 0.018 0.034 0.707 
 413 K _   0.009 0.212 0.001 0.036 0.012 0.019 0.034 0.678 
 414 I _   0.009 0.231 0.001 0.038 0.012 0.019 0.033 0.657 
 415 S _   0.009 0.244 0.001 0.039 0.012 0.018 0.033 0.644 
 416 R _   0.009 0.252 0.001 0.040 0.012 0.018 0.033 0.636 
 417 F _   0.008 0.256 0.001 0.039 0.011 0.017 0.033 0.633 
 418 P _   0.008 0.256 0.001 0.038 0.011 0.017 0.034 0.636 
 419 L _   0.008 0.253 0.001 0.035 0.010 0.016 0.035 0.642 
 420 K _   0.008 0.246 0.001 0.033 0.009 0.015 0.036 0.652 
 421 R _   0.008 0.236 0.001 0.030 0.008 0.014 0.037 0.666 
 422 Q _   0.008 0.222 0.001 0.026 0.007 0.013 0.039 0.684 
 423 V _   0.008 0.205 0.001 0.023 0.007 0.012 0.041 0.704 
 424 S _   0.008 0.188 0.001 0.019 0.006 0.011 0.042 0.726 
 425 L _   0.007 0.169 0.001 0.016 0.005 0.010 0.044 0.748 
 426 E _   0.007 0.152 0.001 0.013 0.004 0.009 0.046 0.768 
 427 S _   0.006 0.138 0.000 0.010 0.003 0.009 0.047 0.785 
 428 N _   0.006 0.127 0.000 0.009 0.003 0.008 0.048 0.798 
 429 A _   0.006 0.120 0.000 0.007 0.003 0.008 0.049 0.807 
 430 S _   0.006 0.117 0.000 0.006 0.002 0.008 0.049 0.811 
 431 M _   0.006 0.116 0.000 0.007 0.003 0.009 0.050 0.810 
 432 S _   0.006 0.118 0.000 0.008 0.003 0.010 0.049 0.804 
 433 S _   0.007 0.125 0.001 0.011 0.004 0.012 0.049 0.792 
 434 N _   0.008 0.135 0.001 0.016 0.006 0.014 0.048 0.773 
 435 T _   0.008 0.149 0.001 0.022 0.008 0.015 0.047 0.749 
 436 P _   0.009 0.165 0.001 0.029 0.009 0.017 0.047 0.724 
 437 L _   0.009 0.178 0.001 0.036 0.011 0.018 0.046 0.701 
 438 V _   0.010 0.187 0.001 0.042 0.012 0.018 0.046 0.685 
 439 R _   0.010 0.191 0.001 0.045 0.012 0.018 0.046 0.677 
 440 I _   0.010 0.191 0.001 0.045 0.012 0.017 0.047 0.678 
 441 A _   0.009 0.185 0.001 0.043 0.011 0.016 0.048 0.686 
 442 R _   0.009 0.174 0.001 0.038 0.010 0.015 0.050 0.703 
 443 L _   0.009 0.156 0.001 0.031 0.009 0.014 0.052 0.729 
 444 S _   0.009 0.134 0.001 0.025 0.007 0.012 0.054 0.759 
 445 S _   0.008 0.110 0.001 0.018 0.006 0.011 0.057 0.789 
 446 G _   0.008 0.089 0.001 0.014 0.005 0.010 0.059 0.815 
 447 E _   0.007 0.074 0.000 0.011 0.004 0.010 0.061 0.833 
 448 G _   0.007 0.065 0.000 0.009 0.003 0.009 0.063 0.844 
 449 P _   0.007 0.059 0.000 0.009 0.003 0.009 0.064 0.849 
 450 T _   0.007 0.055 0.000 0.010 0.003 0.009 0.065 0.850 
 451 L _   0.008 0.053 0.000 0.011 0.004 0.010 0.066 0.849 
 452 A _   0.008 0.051 0.000 0.014 0.004 0.010 0.067 0.846 
 453 N _   0.008 0.050 0.001 0.016 0.005 0.010 0.068 0.843 
 454 V _   0.008 0.048 0.001 0.018 0.005 0.011 0.069 0.841 
 455 S _   0.008 0.046 0.001 0.018 0.005 0.010 0.070 0.842 
 456 E _   0.008 0.042 0.001 0.018 0.005 0.010 0.072 0.846 
 457 L _   0.008 0.037 0.001 0.016 0.004 0.009 0.073 0.853 
 458 E _   0.007 0.031 0.000 0.013 0.004 0.009 0.074 0.862 
 459 L _   0.007 0.025 0.000 0.011 0.003 0.008 0.076 0.871 
 460 P _   0.006 0.019 0.000 0.008 0.003 0.007 0.076 0.880 
 461 A _   0.006 0.015 0.000 0.006 0.002 0.007 0.077 0.887 
 462 D _   0.005 0.013 0.000 0.005 0.002 0.007 0.077 0.890 
 463 P _   0.005 0.011 0.000 0.005 0.002 0.007 0.077 0.892 
 464 K _   0.006 0.011 0.000 0.006 0.002 0.008 0.077 0.891 
 465 W _   0.006 0.011 0.000 0.007 0.003 0.008 0.076 0.888 
 466 E _   0.006 0.012 0.000 0.009 0.003 0.010 0.076 0.883 
 467 L _   0.007 0.014 0.000 0.012 0.004 0.011 0.075 0.877 
 468 S _   0.007 0.016 0.001 0.016 0.005 0.012 0.073 0.871 
 469 R _   0.007 0.017 0.001 0.019 0.006 0.013 0.073 0.865 
 470 A _   0.007 0.018 0.001 0.020 0.006 0.013 0.072 0.863 
 471 R _   0.007 0.018 0.001 0.020 0.006 0.014 0.071 0.863 
 472 L _   0.007 0.017 0.001 0.019 0.006 0.014 0.071 0.866 
 473 T _   0.008 0.015 0.001 0.016 0.005 0.014 0.070 0.871 
 474 L _   0.008 0.013 0.001 0.013 0.005 0.014 0.070 0.877 
 475 G _   0.009 0.011 0.001 0.010 0.004 0.015 0.070 0.881 
 476 K _   0.011 0.009 0.000 0.007 0.004 0.016 0.069 0.882 
 477 P _   0.014 0.008 0.000 0.006 0.004 0.019 0.069 0.879 
 478 L _   0.020 0.008 0.000 0.005 0.005 0.023 0.068 0.870 
 479 G _   0.028 0.010 0.001 0.005 0.007 0.028 0.067 0.854 
 480 E _   0.039 0.013 0.001 0.007 0.011 0.035 0.066 0.828 
 481 G _   0.051 0.022 0.001 0.010 0.018 0.043 0.065 0.789 
 482 C _   0.065 0.039 0.002 0.016 0.028 0.051 0.063 0.737 
 483 F _   0.076 0.065 0.002 0.025 0.038 0.057 0.062 0.675 
 484 G _   0.084 0.096 0.003 0.037 0.046 0.061 0.061 0.613 
 485 Q _   0.088 0.124 0.003 0.049 0.050 0.061 0.060 0.565 
 486 V _   0.090 0.144 0.003 0.059 0.051 0.060 0.060 0.533 
 487 V _   0.087 0.154 0.003 0.066 0.050 0.056 0.062 0.522 
 488 M _   0.083 0.157 0.003 0.068 0.045 0.052 0.064 0.528 
 489 A _   0.075 0.153 0.002 0.065 0.039 0.046 0.066 0.552 
 490 E _   0.065 0.141 0.002 0.057 0.032 0.040 0.070 0.593 
 491 A _   0.055 0.118 0.002 0.045 0.024 0.033 0.074 0.649 
 492 I _   0.044 0.085 0.002 0.031 0.016 0.026 0.079 0.717 
 493 G _   0.034 0.051 0.001 0.019 0.010 0.021 0.083 0.782 
 494 I _   0.025 0.027 0.001 0.010 0.006 0.016 0.086 0.830 
 495 D _   0.018 0.015 0.000 0.005 0.003 0.013 0.087 0.858 
 496 K _   0.014 0.011 0.000 0.003 0.002 0.011 0.088 0.871 
 497 D _   0.011 0.010 0.000 0.003 0.002 0.011 0.088 0.875 
 498 R _   0.011 0.010 0.000 0.003 0.002 0.012 0.088 0.872 
 499 A _   0.012 0.014 0.000 0.006 0.004 0.015 0.088 0.862 
 500 A _   0.013 0.026 0.001 0.011 0.006 0.018 0.087 0.837 
 501 K _   0.015 0.051 0.001 0.021 0.010 0.021 0.085 0.796 
 502 P _   0.015 0.088 0.001 0.035 0.014 0.024 0.083 0.740 
 503 V _   0.015 0.123 0.002 0.050 0.016 0.025 0.081 0.689 
 504 T _   0.015 0.147 0.001 0.062 0.017 0.025 0.080 0.652 
 505 V _   0.014 0.160 0.001 0.070 0.018 0.024 0.080 0.633 
 506 A _   0.013 0.164 0.001 0.072 0.017 0.023 0.081 0.628 
 507 V _   0.013 0.162 0.001 0.069 0.016 0.021 0.083 0.635 
 508 K _   0.012 0.153 0.001 0.060 0.013 0.019 0.085 0.656 
 509 M _   0.011 0.136 0.001 0.049 0.011 0.016 0.089 0.687 
 510 L _   0.011 0.109 0.001 0.036 0.008 0.014 0.093 0.728 
 511 K _   0.010 0.076 0.001 0.024 0.006 0.012 0.098 0.773 
 512 D _   0.009 0.047 0.001 0.015 0.004 0.009 0.102 0.813 
 513 D _   0.007 0.026 0.000 0.009 0.003 0.008 0.105 0.842 
 514 A _   0.006 0.014 0.000 0.005 0.002 0.007 0.107 0.859 
 515 T _   0.005 0.009 0.000 0.003 0.001 0.006 0.108 0.867 
 516 D _   0.005 0.007 0.000 0.003 0.001 0.006 0.108 0.870 
 517 K _   0.005 0.006 0.000 0.002 0.001 0.007 0.108 0.870 
 518 D _   0.006 0.007 0.000 0.003 0.002 0.010 0.106 0.866 
 519 L _   0.008 0.009 0.000 0.005 0.003 0.013 0.105 0.857 
 520 S _   0.011 0.015 0.000 0.009 0.005 0.018 0.102 0.839 
 521 D _   0.015 0.027 0.001 0.015 0.008 0.025 0.098 0.810 
 522 L _   0.018 0.047 0.001 0.025 0.013 0.032 0.094 0.770 
 523 V _   0.022 0.070 0.002 0.037 0.019 0.038 0.089 0.724 
 524 S _   0.025 0.091 0.002 0.049 0.024 0.042 0.084 0.682 
 525 E _   0.027 0.106 0.002 0.061 0.029 0.045 0.080 0.650 
 526 M _   0.029 0.114 0.002 0.068 0.031 0.047 0.078 0.631 
 527 E _   0.031 0.117 0.002 0.070 0.032 0.046 0.076 0.627 
 528 M _   0.032 0.114 0.002 0.067 0.030 0.045 0.075 0.636 
 529 M _   0.033 0.105 0.002 0.058 0.027 0.042 0.074 0.659 
 530 K _   0.033 0.088 0.002 0.046 0.023 0.039 0.075 0.695 
 531 M _   0.033 0.064 0.002 0.032 0.019 0.036 0.075 0.739 
 532 I _   0.033 0.039 0.001 0.020 0.014 0.033 0.076 0.784 
 533 G _   0.033 0.019 0.001 0.011 0.010 0.031 0.076 0.819 
 534 K _   0.034 0.008 0.001 0.006 0.007 0.029 0.077 0.838 
 535 H _   0.035 0.004 0.001 0.004 0.006 0.029 0.076 0.845 
 536 K _   0.039 0.003 0.001 0.003 0.006 0.030 0.076 0.842 
 537 N _   0.045 0.003 0.001 0.004 0.007 0.033 0.076 0.832 
 538 I _   0.054 0.004 0.001 0.006 0.010 0.037 0.075 0.813 
 539 I _   0.062 0.007 0.001 0.009 0.015 0.042 0.074 0.788 
 540 N _   0.070 0.013 0.002 0.015 0.021 0.046 0.074 0.759 
 541 L _   0.077 0.020 0.002 0.022 0.026 0.048 0.073 0.731 
 542 L _   0.080 0.026 0.002 0.028 0.030 0.050 0.073 0.711 
 543 G _   0.081 0.030 0.002 0.031 0.031 0.049 0.074 0.702 
 544 A _   0.079 0.032 0.002 0.031 0.030 0.048 0.074 0.704 
 545 C _   0.074 0.032 0.002 0.027 0.028 0.045 0.075 0.716 
 546 T _   0.069 0.031 0.002 0.023 0.024 0.041 0.077 0.734 
 547 Q _   0.063 0.029 0.001 0.018 0.020 0.038 0.078 0.753 
 548 G _   0.057 0.027 0.001 0.014 0.016 0.035 0.080 0.770 
 549 G _   0.050 0.025 0.001 0.012 0.014 0.032 0.082 0.783 
 550 P _   0.045 0.025 0.001 0.012 0.012 0.030 0.084 0.792 
 551 L _   0.040 0.025 0.001 0.012 0.011 0.028 0.086 0.797 
 552 Y _   0.035 0.026 0.001 0.013 0.010 0.026 0.088 0.801 
 553 V _   0.031 0.027 0.001 0.014 0.009 0.024 0.090 0.803 
 554 L _   0.027 0.028 0.001 0.015 0.009 0.022 0.093 0.806 
 555 V _   0.023 0.030 0.001 0.015 0.008 0.020 0.095 0.809 
 556 E _   0.019 0.030 0.001 0.014 0.007 0.018 0.097 0.814 
 557 Y _   0.016 0.031 0.001 0.013 0.006 0.016 0.099 0.818 
 558 A _   0.014 0.031 0.001 0.012 0.005 0.015 0.101 0.822 
 559 A _   0.012 0.032 0.001 0.011 0.005 0.014 0.103 0.823 
 560 K _   0.011 0.033 0.001 0.011 0.005 0.013 0.104 0.822 
 561 G _   0.010 0.035 0.001 0.012 0.005 0.013 0.106 0.819 
 562 N _   0.010 0.038 0.001 0.013 0.005 0.013 0.108 0.812 
 563 L _   0.010 0.041 0.001 0.016 0.006 0.013 0.109 0.804 
 564 R _   0.010 0.045 0.001 0.019 0.006 0.014 0.111 0.794 
 565 E _   0.010 0.048 0.001 0.022 0.007 0.014 0.114 0.785 
 566 F _   0.010 0.050 0.001 0.025 0.007 0.014 0.116 0.778 
 567 L _   0.010 0.050 0.001 0.026 0.007 0.013 0.120 0.773 
 568 R _   0.010 0.049 0.001 0.026 0.007 0.013 0.123 0.772 
 569 A _   0.009 0.047 0.001 0.024 0.006 0.012 0.127 0.773 
 570 R _   0.009 0.043 0.001 0.022 0.006 0.011 0.132 0.776 
 571 R _   0.009 0.038 0.001 0.020 0.005 0.010 0.137 0.780 
 572 P _   0.009 0.033 0.001 0.017 0.004 0.009 0.142 0.785 
 573 P _   0.008 0.027 0.000 0.015 0.004 0.009 0.148 0.790 
 574 G _   0.008 0.021 0.000 0.012 0.003 0.008 0.153 0.794 
 575 L _   0.008 0.016 0.000 0.010 0.003 0.007 0.158 0.799 
 576 D _   0.007 0.011 0.000 0.008 0.002 0.006 0.161 0.803 
 577 Y _   0.006 0.008 0.000 0.007 0.002 0.006 0.164 0.807 
 578 S _   0.006 0.005 0.000 0.005 0.002 0.005 0.166 0.811 
 579 F _   0.005 0.003 0.000 0.004 0.001 0.005 0.168 0.814 
 580 D _   0.004 0.002 0.000 0.004 0.001 0.004 0.168 0.816 
 581 T _   0.004 0.002 0.000 0.003 0.001 0.004 0.168 0.818 
 582 C _   0.003 0.002 0.000 0.003 0.001 0.005 0.166 0.819 
 583 K _   0.003 0.002 0.000 0.004 0.001 0.006 0.165 0.819 
 584 P _   0.004 0.002 0.000 0.004 0.002 0.007 0.162 0.818 
 585 P _   0.004 0.003 0.000 0.006 0.002 0.010 0.159 0.816 
 586 E _   0.005 0.005 0.000 0.008 0.003 0.013 0.155 0.811 
 587 E _   0.006 0.007 0.000 0.010 0.004 0.016 0.150 0.805 
 588 Q _   0.009 0.010 0.001 0.013 0.005 0.021 0.145 0.797 
 589 L _   0.011 0.013 0.001 0.015 0.007 0.026 0.140 0.787 
 590 T _   0.015 0.017 0.001 0.016 0.010 0.032 0.134 0.775 
 591 F _   0.022 0.020 0.001 0.017 0.013 0.038 0.129 0.760 
 592 K _   0.030 0.024 0.001 0.018 0.017 0.046 0.123 0.741 
 593 D _   0.043 0.028 0.001 0.018 0.023 0.054 0.117 0.716 
 594 L _   0.058 0.033 0.002 0.019 0.031 0.062 0.111 0.685 
 595 V _   0.075 0.038 0.002 0.020 0.039 0.069 0.106 0.650 
 596 S _   0.094 0.045 0.002 0.022 0.047 0.075 0.101 0.614 
 597 C _   0.109 0.052 0.002 0.025 0.054 0.078 0.098 0.580 
 598 A _   0.123 0.059 0.003 0.029 0.059 0.080 0.095 0.553 
 599 Y _   0.134 0.064 0.003 0.032 0.061 0.079 0.092 0.535 
 600 Q _   0.140 0.067 0.003 0.035 0.061 0.076 0.091 0.528 
 601 V _   0.141 0.067 0.003 0.035 0.058 0.072 0.090 0.532 
 602 A _   0.138 0.065 0.003 0.034 0.054 0.067 0.090 0.549 
 603 R _   0.131 0.060 0.003 0.031 0.047 0.061 0.091 0.577 
 604 G _   0.120 0.052 0.002 0.027 0.039 0.054 0.092 0.614 
 605 M _   0.105 0.042 0.002 0.023 0.030 0.047 0.093 0.657 
 606 E _   0.088 0.032 0.002 0.018 0.022 0.040 0.095 0.703 
 607 Y _   0.071 0.022 0.001 0.014 0.016 0.034 0.096 0.745 
 608 L _   0.056 0.014 0.001 0.011 0.011 0.029 0.098 0.780 
 609 A _   0.043 0.009 0.001 0.009 0.008 0.024 0.099 0.808 
 610 S _   0.033 0.005 0.001 0.007 0.006 0.020 0.099 0.828 
 611 Q _   0.026 0.004 0.001 0.006 0.005 0.018 0.100 0.842 
 612 K _   0.021 0.003 0.000 0.005 0.004 0.016 0.100 0.851 
 613 C _   0.018 0.002 0.000 0.005 0.004 0.015 0.100 0.856 
 614 I _   0.017 0.002 0.000 0.005 0.004 0.014 0.099 0.858 
 615 H _   0.016 0.002 0.001 0.006 0.004 0.015 0.099 0.857 
 616 R _   0.016 0.002 0.001 0.008 0.005 0.015 0.098 0.855 
 617 D _   0.017 0.003 0.001 0.009 0.006 0.016 0.097 0.851 
 618 L _   0.018 0.004 0.001 0.011 0.007 0.017 0.097 0.846 
 619 A _   0.018 0.004 0.001 0.013 0.008 0.018 0.096 0.842 
 620 A _   0.019 0.005 0.001 0.013 0.008 0.018 0.096 0.840 
 621 R _   0.019 0.005 0.001 0.013 0.008 0.018 0.096 0.839 
 622 N _   0.020 0.005 0.001 0.013 0.008 0.018 0.096 0.840 
 623 V _   0.020 0.005 0.001 0.011 0.007 0.018 0.096 0.843 
 624 L _   0.020 0.004 0.001 0.010 0.006 0.018 0.096 0.846 
 625 V _   0.020 0.004 0.001 0.008 0.006 0.018 0.096 0.849 
 626 T _   0.020 0.004 0.001 0.006 0.005 0.018 0.096 0.851 
 627 E _   0.020 0.004 0.001 0.006 0.005 0.019 0.095 0.850 
 628 D _   0.022 0.005 0.001 0.005 0.006 0.020 0.095 0.847 
 629 N _   0.024 0.007 0.001 0.006 0.007 0.022 0.094 0.839 
 630 V _   0.026 0.011 0.001 0.009 0.009 0.025 0.094 0.826 
 631 M _   0.029 0.018 0.001 0.013 0.012 0.028 0.093 0.807 
 632 K _   0.032 0.030 0.001 0.019 0.015 0.031 0.092 0.782 
 633 I _   0.033 0.044 0.001 0.027 0.018 0.032 0.091 0.754 
 634 A _   0.034 0.057 0.002 0.035 0.020 0.033 0.090 0.729 
 635 D _   0.033 0.067 0.002 0.042 0.021 0.032 0.090 0.713 
 636 F _   0.031 0.073 0.002 0.047 0.021 0.031 0.090 0.706 
 637 G _   0.029 0.075 0.001 0.047 0.019 0.029 0.091 0.708 
 638 L _   0.027 0.074 0.001 0.044 0.017 0.026 0.092 0.719 
 639 A _   0.024 0.069 0.001 0.039 0.014 0.023 0.094 0.736 
 640 R _   0.021 0.061 0.001 0.032 0.011 0.019 0.097 0.758 
 641 D _   0.018 0.050 0.001 0.025 0.008 0.016 0.099 0.783 
 642 V _   0.015 0.038 0.001 0.018 0.006 0.014 0.101 0.807 
 643 H _   0.013 0.027 0.001 0.013 0.004 0.011 0.103 0.827 
 644 N _   0.012 0.018 0.000 0.009 0.003 0.009 0.105 0.843 
 645 L _   0.010 0.012 0.000 0.007 0.002 0.008 0.106 0.854 
 646 D _   0.009 0.009 0.000 0.005 0.002 0.007 0.106 0.862 
 647 Y _   0.007 0.006 0.000 0.004 0.002 0.006 0.106 0.867 
 648 Y _   0.007 0.005 0.000 0.004 0.002 0.006 0.105 0.871 
 649 K _   0.006 0.005 0.000 0.004 0.002 0.006 0.104 0.873 
 650 K _   0.006 0.005 0.000 0.004 0.002 0.006 0.102 0.875 
 651 T _   0.005 0.006 0.000 0.004 0.002 0.006 0.100 0.876 
 652 T _   0.005 0.007 0.000 0.005 0.002 0.007 0.097 0.875 
 653 N _   0.006 0.010 0.000 0.007 0.003 0.008 0.094 0.873 
 654 G _   0.006 0.014 0.000 0.008 0.003 0.010 0.090 0.868 
 655 R _   0.007 0.021 0.001 0.011 0.004 0.012 0.085 0.860 
 656 L _   0.007 0.030 0.001 0.015 0.005 0.014 0.080 0.848 
 657 P _   0.008 0.042 0.001 0.019 0.007 0.016 0.075 0.833 
 658 V _   0.009 0.054 0.001 0.024 0.009 0.018 0.069 0.816 
 659 K _   0.010 0.066 0.001 0.029 0.010 0.020 0.064 0.800 
 660 W _   0.010 0.076 0.001 0.034 0.012 0.022 0.059 0.786 
 661 M _   0.011 0.083 0.001 0.039 0.013 0.023 0.055 0.775 
 662 A _   0.012 0.087 0.001 0.042 0.015 0.023 0.051 0.769 
 663 P _   0.013 0.089 0.001 0.043 0.015 0.024 0.048 0.768 
