#TopoPred_TM8: 8-state transmembrane topology prediction results by no_profile mode 
#probabilities are in the order of H E C I L F X _, the 8 transmembrane topology types used in PDBTM 
   1 M X   0.009 0.001 0.002 0.035 0.007 0.006 0.809 0.132 
   2 D X   0.002 0.000 0.000 0.017 0.001 0.002 0.829 0.148 
   3 R X   0.001 0.000 0.000 0.008 0.000 0.001 0.833 0.157 
   4 S X   0.000 0.001 0.000 0.005 0.000 0.001 0.832 0.161 
   5 K X   0.001 0.001 0.000 0.005 0.000 0.002 0.827 0.163 
   6 E X   0.001 0.003 0.000 0.006 0.001 0.004 0.820 0.165 
   7 N X   0.002 0.006 0.000 0.008 0.001 0.005 0.810 0.167 
   8 C X   0.002 0.010 0.000 0.012 0.002 0.006 0.798 0.169 
   9 I X   0.003 0.017 0.000 0.016 0.003 0.007 0.783 0.171 
  10 S X   0.003 0.025 0.000 0.020 0.004 0.008 0.768 0.173 
  11 G X   0.002 0.032 0.001 0.023 0.004 0.008 0.754 0.176 
  12 P X   0.002 0.036 0.001 0.024 0.005 0.008 0.742 0.182 
  13 V X   0.002 0.039 0.001 0.023 0.005 0.008 0.733 0.188 
  14 K X   0.002 0.041 0.000 0.021 0.004 0.008 0.727 0.196 
  15 A X   0.003 0.041 0.000 0.017 0.004 0.008 0.722 0.205 
  16 T X   0.003 0.041 0.000 0.014 0.003 0.007 0.717 0.214 
  17 A X   0.003 0.041 0.000 0.010 0.003 0.007 0.714 0.223 
  18 P X   0.003 0.040 0.000 0.008 0.002 0.007 0.710 0.230 
  19 V X   0.003 0.040 0.000 0.007 0.002 0.007 0.706 0.235 
  20 G X   0.003 0.040 0.000 0.006 0.002 0.007 0.703 0.238 
  21 G X   0.004 0.041 0.000 0.006 0.003 0.008 0.699 0.239 
  22 P X   0.004 0.044 0.000 0.008 0.003 0.009 0.695 0.237 
  23 K X   0.005 0.047 0.000 0.010 0.004 0.010 0.690 0.233 
  24 R X   0.005 0.051 0.001 0.014 0.005 0.010 0.686 0.228 
  25 V X   0.005 0.056 0.001 0.017 0.006 0.011 0.682 0.222 
  26 L X   0.006 0.059 0.001 0.021 0.007 0.011 0.680 0.217 
  27 V X   0.006 0.060 0.001 0.023 0.007 0.011 0.678 0.215 
  28 T X   0.005 0.060 0.001 0.024 0.007 0.010 0.678 0.216 
  29 Q X   0.005 0.058 0.001 0.022 0.006 0.009 0.679 0.220 
  30 Q X   0.005 0.053 0.001 0.019 0.005 0.008 0.682 0.227 
  31 F X   0.004 0.046 0.001 0.016 0.004 0.007 0.685 0.237 
  32 P X   0.004 0.037 0.000 0.012 0.003 0.006 0.689 0.249 
  33 C X   0.004 0.027 0.000 0.008 0.002 0.005 0.693 0.261 
  34 Q X   0.003 0.019 0.000 0.005 0.002 0.004 0.697 0.271 
  35 N X   0.003 0.014 0.000 0.003 0.001 0.003 0.699 0.277 
  36 P X   0.002 0.011 0.000 0.002 0.001 0.003 0.700 0.281 
  37 L X   0.002 0.010 0.000 0.002 0.001 0.003 0.700 0.283 
  38 P X   0.002 0.010 0.000 0.002 0.001 0.003 0.700 0.283 
  39 V X   0.002 0.010 0.000 0.003 0.001 0.003 0.698 0.282 
  40 N X   0.002 0.012 0.000 0.004 0.001 0.004 0.696 0.280 
  41 S X   0.003 0.015 0.000 0.006 0.002 0.005 0.693 0.275 
  42 G X   0.003 0.019 0.000 0.009 0.003 0.006 0.690 0.270 
  43 Q X   0.003 0.023 0.000 0.012 0.003 0.006 0.687 0.265 
  44 A X   0.003 0.026 0.000 0.014 0.004 0.006 0.685 0.261 
  45 Q X   0.003 0.028 0.000 0.015 0.004 0.006 0.683 0.260 
  46 R X   0.003 0.029 0.000 0.015 0.003 0.006 0.683 0.261 
  47 V X   0.003 0.029 0.000 0.013 0.003 0.006 0.683 0.264 
  48 L X   0.002 0.028 0.000 0.010 0.003 0.005 0.684 0.268 
  49 C X   0.002 0.026 0.000 0.008 0.002 0.005 0.685 0.272 
  50 P X   0.002 0.025 0.000 0.006 0.002 0.004 0.686 0.276 
  51 S X   0.002 0.024 0.000 0.004 0.001 0.004 0.687 0.278 
  52 N X   0.002 0.023 0.000 0.004 0.001 0.004 0.687 0.278 
  53 S X   0.002 0.024 0.000 0.004 0.001 0.005 0.688 0.276 
  54 S X   0.003 0.025 0.000 0.005 0.002 0.005 0.687 0.273 
  55 Q X   0.003 0.028 0.000 0.006 0.002 0.006 0.687 0.267 
  56 R X   0.003 0.033 0.000 0.009 0.003 0.007 0.686 0.258 
  57 V X   0.004 0.039 0.000 0.013 0.004 0.008 0.684 0.248 
  58 P X   0.004 0.044 0.000 0.017 0.005 0.008 0.684 0.238 
  59 L X   0.004 0.049 0.001 0.021 0.005 0.009 0.683 0.229 
  60 Q X   0.004 0.051 0.001 0.023 0.006 0.009 0.685 0.223 
  61 A X   0.004 0.052 0.001 0.023 0.006 0.008 0.687 0.219 
  62 Q X   0.004 0.051 0.001 0.023 0.006 0.008 0.691 0.217 
  63 K X   0.004 0.048 0.001 0.021 0.005 0.007 0.697 0.217 
  64 L X   0.004 0.043 0.001 0.018 0.004 0.007 0.704 0.219 
  65 V X   0.003 0.037 0.000 0.014 0.004 0.006 0.713 0.222 
  66 S X   0.003 0.029 0.000 0.011 0.003 0.005 0.723 0.224 
  67 S X   0.003 0.022 0.000 0.008 0.002 0.005 0.733 0.227 
  68 H X   0.003 0.015 0.000 0.006 0.002 0.004 0.742 0.228 
  69 K X   0.003 0.011 0.000 0.004 0.001 0.003 0.750 0.228 
  70 P X   0.002 0.008 0.000 0.003 0.001 0.003 0.756 0.227 
  71 V X   0.002 0.006 0.000 0.002 0.001 0.003 0.761 0.225 
  72 Q X   0.002 0.005 0.000 0.002 0.001 0.003 0.765 0.223 
  73 N X   0.002 0.005 0.000 0.002 0.001 0.003 0.768 0.221 
  74 Q X   0.002 0.005 0.000 0.002 0.001 0.003 0.770 0.218 
  75 K X   0.002 0.005 0.000 0.003 0.001 0.003 0.772 0.215 
  76 Q X   0.002 0.005 0.000 0.004 0.001 0.003 0.773 0.211 
  77 K X   0.002 0.006 0.000 0.005 0.001 0.004 0.775 0.207 
  78 Q X   0.002 0.007 0.000 0.006 0.002 0.004 0.776 0.203 
  79 L X   0.002 0.008 0.000 0.007 0.002 0.004 0.777 0.198 
  80 Q X   0.002 0.009 0.000 0.009 0.002 0.005 0.779 0.194 
  81 A X   0.002 0.009 0.000 0.009 0.003 0.005 0.782 0.189 
  82 T X   0.002 0.009 0.000 0.010 0.003 0.005 0.785 0.185 
  83 S X   0.002 0.009 0.000 0.010 0.003 0.005 0.789 0.181 
  84 V X   0.002 0.009 0.000 0.010 0.003 0.005 0.794 0.177 
  85 P X   0.002 0.008 0.000 0.009 0.002 0.004 0.800 0.173 
  86 H X   0.002 0.008 0.000 0.008 0.002 0.004 0.806 0.169 
  87 P X   0.002 0.007 0.000 0.007 0.002 0.004 0.813 0.165 
  88 V X   0.002 0.006 0.000 0.006 0.002 0.004 0.820 0.160 
  89 S X   0.002 0.005 0.000 0.005 0.001 0.003 0.827 0.156 
  90 R X   0.002 0.004 0.000 0.004 0.001 0.003 0.833 0.153 
  91 P X   0.002 0.003 0.000 0.004 0.001 0.003 0.839 0.149 
  92 L X   0.002 0.002 0.000 0.003 0.001 0.002 0.844 0.146 
  93 N X   0.002 0.002 0.000 0.003 0.001 0.002 0.848 0.143 
  94 N X   0.001 0.001 0.000 0.002 0.001 0.002 0.852 0.140 
  95 T X   0.001 0.001 0.000 0.002 0.001 0.002 0.855 0.138 
  96 Q X   0.001 0.001 0.000 0.002 0.001 0.002 0.858 0.136 
  97 K X   0.001 0.001 0.000 0.002 0.001 0.002 0.860 0.134 
  98 S X   0.001 0.001 0.000 0.002 0.001 0.002 0.862 0.132 
  99 K X   0.001 0.000 0.000 0.002 0.001 0.001 0.863 0.131 
 100 Q X   0.001 0.000 0.000 0.002 0.001 0.001 0.864 0.131 
 101 P X   0.001 0.000 0.000 0.002 0.001 0.001 0.864 0.130 
 102 L X   0.001 0.000 0.000 0.002 0.000 0.001 0.864 0.131 
 103 P X   0.001 0.000 0.000 0.002 0.000 0.001 0.863 0.131 
 104 S X   0.001 0.000 0.000 0.002 0.000 0.001 0.862 0.133 
 105 A X   0.001 0.000 0.000 0.002 0.000 0.001 0.861 0.135 
 106 P X   0.001 0.000 0.000 0.002 0.000 0.001 0.858 0.137 
 107 E X   0.001 0.000 0.000 0.002 0.000 0.001 0.855 0.140 
 108 N X   0.001 0.000 0.000 0.002 0.001 0.002 0.852 0.143 
 109 N X   0.001 0.000 0.000 0.002 0.001 0.002 0.847 0.146 
 110 P X   0.001 0.001 0.000 0.003 0.001 0.002 0.842 0.150 
 111 E X   0.001 0.001 0.000 0.003 0.001 0.002 0.836 0.155 
 112 E X   0.001 0.001 0.000 0.004 0.001 0.003 0.829 0.161 
 113 E X   0.001 0.001 0.000 0.005 0.001 0.003 0.822 0.167 
 114 L X   0.002 0.001 0.000 0.005 0.001 0.003 0.814 0.174 
 115 A X   0.002 0.001 0.000 0.005 0.001 0.003 0.805 0.183 
 116 S X   0.002 0.001 0.000 0.005 0.001 0.003 0.795 0.192 
 117 K X   0.002 0.002 0.000 0.005 0.001 0.003 0.785 0.202 
 118 Q X   0.002 0.002 0.000 0.005 0.001 0.003 0.774 0.213 
 119 K X   0.002 0.002 0.000 0.005 0.001 0.003 0.762 0.225 
 120 N X   0.002 0.002 0.000 0.005 0.001 0.004 0.749 0.238 
 121 E X   0.002 0.002 0.000 0.005 0.001 0.004 0.734 0.251 
 122 E X   0.002 0.003 0.000 0.006 0.002 0.005 0.718 0.265 
 123 S X   0.002 0.004 0.000 0.007 0.002 0.005 0.700 0.279 
 124 K X   0.002 0.006 0.000 0.009 0.002 0.006 0.680 0.293 
 125 K X   0.003 0.008 0.000 0.012 0.003 0.007 0.659 0.307 
 126 R X   0.003 0.011 0.000 0.016 0.004 0.008 0.638 0.320 
 127 Q X   0.003 0.014 0.001 0.019 0.004 0.009 0.617 0.333 
 128 W X   0.003 0.017 0.001 0.022 0.005 0.010 0.596 0.346 
 129 A X   0.004 0.019 0.001 0.025 0.006 0.010 0.578 0.358 
 130 L X   0.004 0.020 0.001 0.026 0.006 0.010 0.562 0.372 
 131 E X   0.004 0.021 0.001 0.025 0.006 0.010 0.548 0.386 
 132 D X   0.004 0.020 0.001 0.023 0.005 0.010 0.536 0.400 
 133 F X   0.004 0.019 0.001 0.021 0.005 0.009 0.525 0.416 
 134 E X   0.004 0.018 0.001 0.018 0.004 0.009 0.515 0.431 
 135 I X   0.004 0.016 0.000 0.015 0.004 0.008 0.506 0.446 
 136 G X   0.004 0.014 0.000 0.012 0.003 0.007 0.498 0.461 
 137 R X   0.004 0.011 0.000 0.010 0.003 0.007 0.490 0.475 
 138 P _   0.004 0.009 0.000 0.008 0.002 0.007 0.481 0.488 
 139 L _   0.004 0.008 0.000 0.007 0.002 0.006 0.472 0.500 
 140 G _   0.004 0.007 0.000 0.006 0.002 0.006 0.463 0.511 
 141 K _   0.004 0.006 0.000 0.006 0.002 0.007 0.453 0.521 
 142 G _   0.004 0.006 0.000 0.007 0.003 0.007 0.443 0.531 
 143 K _   0.005 0.006 0.000 0.008 0.003 0.008 0.432 0.539 
 144 F _   0.005 0.006 0.000 0.009 0.004 0.009 0.421 0.546 
 145 G _   0.005 0.006 0.001 0.011 0.004 0.010 0.410 0.553 
 146 N _   0.006 0.006 0.001 0.013 0.005 0.011 0.399 0.559 
 147 V _   0.006 0.006 0.001 0.014 0.005 0.012 0.389 0.567 
 148 Y _   0.007 0.006 0.001 0.013 0.005 0.013 0.378 0.577 
 149 L _   0.008 0.006 0.001 0.012 0.005 0.014 0.369 0.587 
 150 A _   0.009 0.005 0.001 0.010 0.005 0.015 0.359 0.597 
 151 R _   0.010 0.004 0.001 0.008 0.004 0.017 0.349 0.607 
 152 E _   0.013 0.003 0.001 0.006 0.005 0.019 0.339 0.615 
 153 K _   0.017 0.003 0.001 0.005 0.005 0.022 0.328 0.618 
 154 Q _   0.024 0.003 0.001 0.005 0.007 0.027 0.317 0.616 
 155 S _   0.033 0.005 0.001 0.006 0.011 0.033 0.305 0.607 
 156 K _   0.044 0.008 0.001 0.009 0.016 0.039 0.293 0.590 
 157 F _   0.055 0.015 0.002 0.014 0.023 0.046 0.280 0.566 
 158 I _   0.065 0.025 0.002 0.022 0.030 0.050 0.267 0.539 
 159 L _   0.072 0.035 0.002 0.031 0.035 0.052 0.256 0.517 
 160 A _   0.075 0.043 0.002 0.039 0.038 0.052 0.246 0.504 
 161 L _   0.076 0.048 0.002 0.044 0.037 0.051 0.238 0.504 
 162 K _   0.074 0.049 0.002 0.044 0.035 0.047 0.232 0.517 
 163 V _   0.069 0.047 0.002 0.040 0.031 0.043 0.226 0.542 
 164 L _   0.062 0.042 0.002 0.033 0.025 0.037 0.222 0.576 
 165 F _   0.055 0.035 0.002 0.025 0.019 0.032 0.217 0.615 
 166 K _   0.047 0.026 0.001 0.018 0.014 0.027 0.214 0.654 
 167 A _   0.038 0.018 0.001 0.012 0.010 0.023 0.211 0.688 
 168 Q _   0.031 0.012 0.001 0.008 0.007 0.019 0.208 0.715 
 169 L _   0.024 0.008 0.001 0.006 0.005 0.016 0.204 0.735 
 170 E _   0.019 0.006 0.000 0.005 0.004 0.014 0.201 0.750 
 171 K _   0.016 0.006 0.000 0.005 0.003 0.013 0.197 0.760 
 172 A _   0.014 0.006 0.000 0.005 0.003 0.012 0.193 0.767 
 173 G _   0.013 0.006 0.000 0.006 0.003 0.012 0.188 0.771 
 174 V _   0.012 0.007 0.000 0.007 0.004 0.012 0.183 0.774 
 175 E _   0.012 0.008 0.001 0.009 0.005 0.013 0.178 0.775 
 176 H _   0.012 0.010 0.001 0.011 0.005 0.014 0.172 0.775 
 177 Q _   0.012 0.012 0.001 0.013 0.006 0.015 0.167 0.774 
 178 L _   0.012 0.015 0.001 0.016 0.007 0.015 0.162 0.772 
 179 R _   0.012 0.017 0.001 0.018 0.008 0.016 0.157 0.771 
 180 R _   0.013 0.018 0.001 0.020 0.009 0.017 0.153 0.771 
 181 E _   0.013 0.019 0.001 0.021 0.009 0.017 0.149 0.772 
 182 V _   0.013 0.019 0.001 0.020 0.008 0.016 0.146 0.777 
 183 E _   0.013 0.019 0.001 0.018 0.008 0.016 0.143 0.783 
 184 I _   0.012 0.018 0.001 0.016 0.007 0.015 0.140 0.791 
 185 Q _   0.012 0.016 0.001 0.013 0.006 0.015 0.137 0.800 
 186 S _   0.012 0.015 0.001 0.011 0.005 0.014 0.134 0.808 
 187 H _   0.011 0.014 0.001 0.009 0.005 0.015 0.131 0.814 
 188 L _   0.011 0.013 0.001 0.008 0.005 0.015 0.129 0.818 
 189 R _   0.012 0.013 0.001 0.009 0.005 0.016 0.126 0.819 
 190 H _   0.013 0.014 0.001 0.010 0.006 0.017 0.123 0.816 
 191 P _   0.014 0.016 0.001 0.013 0.008 0.019 0.120 0.810 
 192 N _   0.016 0.019 0.001 0.017 0.009 0.021 0.117 0.801 
 193 I _   0.017 0.021 0.001 0.021 0.011 0.022 0.114 0.792 
 194 L _   0.018 0.024 0.001 0.025 0.012 0.023 0.111 0.786 
 195 R _   0.018 0.025 0.001 0.027 0.013 0.024 0.109 0.784 
 196 L _   0.018 0.024 0.001 0.027 0.013 0.024 0.107 0.787 
 197 Y _   0.017 0.022 0.001 0.024 0.012 0.023 0.105 0.796 
 198 G _   0.017 0.019 0.001 0.020 0.010 0.022 0.103 0.807 
 199 Y _   0.017 0.015 0.001 0.015 0.009 0.021 0.102 0.820 
 200 F _   0.017 0.012 0.001 0.011 0.008 0.021 0.101 0.830 
 201 H _   0.018 0.009 0.001 0.008 0.007 0.021 0.099 0.837 
 202 D _   0.020 0.008 0.001 0.007 0.006 0.022 0.098 0.839 
 203 A _   0.023 0.007 0.001 0.006 0.006 0.024 0.097 0.836 
 204 T _   0.027 0.007 0.001 0.006 0.007 0.026 0.096 0.830 
 205 R _   0.032 0.008 0.001 0.007 0.009 0.029 0.094 0.819 
 206 V _   0.037 0.011 0.001 0.009 0.012 0.033 0.093 0.805 
 207 Y _   0.044 0.014 0.001 0.011 0.014 0.036 0.091 0.788 
 208 L _   0.049 0.019 0.001 0.014 0.017 0.039 0.090 0.771 
 209 I _   0.054 0.023 0.001 0.016 0.020 0.042 0.089 0.755 
 210 L _   0.058 0.028 0.001 0.018 0.022 0.043 0.088 0.742 
 211 E _   0.060 0.033 0.002 0.019 0.023 0.044 0.087 0.732 
 212 Y _   0.062 0.037 0.002 0.020 0.025 0.045 0.086 0.723 
 213 A _   0.062 0.041 0.002 0.022 0.025 0.044 0.086 0.717 
 214 P _   0.061 0.045 0.002 0.024 0.025 0.043 0.086 0.714 
 215 L _   0.059 0.048 0.002 0.027 0.024 0.041 0.087 0.712 
 216 G _   0.055 0.050 0.002 0.030 0.023 0.039 0.088 0.713 
 217 T _   0.050 0.051 0.002 0.032 0.021 0.036 0.089 0.719 
 218 V _   0.045 0.050 0.001 0.033 0.019 0.032 0.091 0.730 
 219 Y _   0.038 0.046 0.001 0.031 0.016 0.028 0.093 0.747 
 220 R _   0.032 0.041 0.001 0.027 0.012 0.024 0.095 0.768 
 221 E _   0.026 0.033 0.001 0.022 0.009 0.020 0.097 0.793 
 222 L _   0.020 0.023 0.001 0.016 0.007 0.016 0.099 0.819 
 223 Q _   0.016 0.014 0.001 0.010 0.004 0.013 0.100 0.841 
 224 K _   0.013 0.008 0.000 0.006 0.003 0.011 0.101 0.858 
 225 L _   0.010 0.004 0.000 0.004 0.002 0.009 0.101 0.869 
 226 S _   0.009 0.002 0.000 0.003 0.002 0.009 0.101 0.875 
 227 K _   0.009 0.002 0.000 0.002 0.002 0.009 0.100 0.876 
 228 F _   0.010 0.002 0.000 0.002 0.002 0.011 0.099 0.874 
 229 D _   0.013 0.002 0.000 0.003 0.003 0.014 0.098 0.867 
 230 E _   0.017 0.005 0.000 0.004 0.005 0.019 0.095 0.854 
 231 Q _   0.024 0.012 0.001 0.008 0.008 0.026 0.092 0.829 
 232 R _   0.032 0.027 0.001 0.013 0.014 0.034 0.089 0.790 
 233 T _   0.040 0.054 0.002 0.022 0.022 0.042 0.084 0.735 
 234 A _   0.046 0.087 0.002 0.031 0.029 0.048 0.080 0.677 
 235 T _   0.051 0.118 0.002 0.041 0.035 0.051 0.076 0.626 
 236 Y _   0.054 0.141 0.002 0.049 0.039 0.053 0.073 0.589 
 237 I _   0.055 0.156 0.002 0.054 0.040 0.053 0.071 0.568 
 238 T _   0.056 0.164 0.002 0.056 0.040 0.051 0.069 0.563 
 239 E _   0.055 0.165 0.002 0.054 0.038 0.049 0.068 0.569 
 240 L _   0.053 0.161 0.002 0.049 0.034 0.045 0.068 0.587 
 241 A _   0.049 0.152 0.002 0.042 0.029 0.041 0.069 0.616 
 242 N _   0.045 0.137 0.002 0.034 0.024 0.037 0.069 0.652 
 243 A _   0.040 0.119 0.002 0.027 0.019 0.032 0.070 0.691 
 244 L _   0.036 0.101 0.001 0.021 0.014 0.028 0.071 0.728 
 245 S _   0.031 0.084 0.001 0.017 0.011 0.024 0.072 0.760 
 246 Y _   0.026 0.072 0.001 0.014 0.008 0.021 0.073 0.785 
 247 C _   0.022 0.063 0.001 0.013 0.007 0.018 0.073 0.803 
 248 H _   0.018 0.056 0.001 0.012 0.006 0.016 0.074 0.817 
 249 S _   0.016 0.051 0.001 0.012 0.005 0.014 0.074 0.828 
 250 K _   0.014 0.046 0.001 0.011 0.005 0.013 0.074 0.836 
 251 R _   0.012 0.043 0.001 0.011 0.004 0.011 0.074 0.844 
 252 V _   0.010 0.039 0.000 0.010 0.004 0.010 0.074 0.852 
 253 I _   0.009 0.036 0.000 0.009 0.003 0.009 0.074 0.859 
 254 H _   0.008 0.034 0.000 0.008 0.003 0.008 0.073 0.865 
 255 R _   0.007 0.033 0.000 0.007 0.003 0.008 0.073 0.870 
 256 D _   0.007 0.032 0.000 0.006 0.002 0.008 0.072 0.873 
 257 I _   0.006 0.033 0.000 0.006 0.002 0.008 0.070 0.874 
 258 K _   0.006 0.035 0.000 0.006 0.003 0.008 0.069 0.872 
 259 P _   0.006 0.039 0.000 0.008 0.003 0.009 0.067 0.867 
 260 E _   0.007 0.047 0.000 0.010 0.004 0.010 0.065 0.857 
 261 N _   0.008 0.058 0.001 0.013 0.005 0.012 0.063 0.841 
 262 L _   0.008 0.073 0.001 0.017 0.006 0.013 0.060 0.821 
 263 L _   0.009 0.090 0.001 0.021 0.007 0.015 0.058 0.800 
 264 L _   0.009 0.106 0.001 0.025 0.009 0.015 0.055 0.780 
 265 G _   0.009 0.119 0.001 0.029 0.009 0.016 0.053 0.764 
 266 S _   0.009 0.129 0.001 0.031 0.010 0.017 0.051 0.753 
 267 A _   0.009 0.135 0.001 0.031 0.010 0.017 0.050 0.747 
 268 G _   0.009 0.139 0.001 0.031 0.010 0.017 0.049 0.745 
 269 E _   0.010 0.140 0.001 0.029 0.010 0.017 0.048 0.746 
 270 L _   0.010 0.139 0.001 0.028 0.009 0.016 0.047 0.749 
 271 K _   0.011 0.136 0.001 0.026 0.009 0.016 0.047 0.754 
 272 I _   0.011 0.131 0.001 0.025 0.008 0.016 0.047 0.761 
 273 A _   0.011 0.126 0.001 0.023 0.008 0.015 0.048 0.768 
 274 D _   0.011 0.119 0.001 0.022 0.008 0.015 0.048 0.777 
 275 F _   0.011 0.110 0.001 0.020 0.007 0.014 0.048 0.788 
 276 G _   0.011 0.101 0.001 0.018 0.007 0.013 0.049 0.800 
 277 W _   0.011 0.090 0.001 0.016 0.006 0.013 0.050 0.814 
 278 S _   0.010 0.079 0.001 0.013 0.005 0.012 0.050 0.830 
 279 V _   0.009 0.070 0.001 0.010 0.004 0.011 0.051 0.844 
 280 H _   0.009 0.062 0.000 0.008 0.004 0.011 0.051 0.856 
 281 A _   0.008 0.057 0.000 0.007 0.003 0.010 0.050 0.863 
 282 P _   0.008 0.055 0.000 0.006 0.003 0.011 0.050 0.867 
 283 S _   0.008 0.055 0.000 0.007 0.003 0.012 0.049 0.865 
 284 S _   0.009 0.058 0.000 0.009 0.004 0.013 0.048 0.859 
 285 R _   0.010 0.063 0.001 0.012 0.006 0.015 0.047 0.847 
 286 R _   0.010 0.071 0.001 0.017 0.008 0.016 0.046 0.831 
 287 T _   0.011 0.080 0.001 0.023 0.009 0.017 0.044 0.814 
 288 T _   0.011 0.089 0.001 0.029 0.011 0.018 0.043 0.798 
 289 L _   0.011 0.094 0.001 0.033 0.011 0.019 0.042 0.788 
 290 C _   0.011 0.097 0.001 0.035 0.012 0.018 0.042 0.785 
 291 G _   0.011 0.096 0.001 0.034 0.011 0.018 0.041 0.788 
 292 T _   0.010 0.093 0.001 0.031 0.010 0.017 0.041 0.796 
 293 L _   0.010 0.088 0.001 0.028 0.009 0.016 0.041 0.807 
 294 D _   0.010 0.080 0.001 0.024 0.008 0.015 0.042 0.821 
 295 Y _   0.010 0.071 0.001 0.020 0.008 0.014 0.042 0.834 
 296 L _   0.010 0.062 0.001 0.018 0.007 0.014 0.043 0.846 
 297 P _   0.010 0.054 0.001 0.016 0.006 0.014 0.043 0.856 
 298 P _   0.010 0.047 0.001 0.016 0.006 0.013 0.044 0.863 
 299 E _   0.011 0.041 0.001 0.015 0.006 0.013 0.045 0.869 
 300 M _   0.011 0.035 0.001 0.015 0.006 0.012 0.045 0.874 
 301 I _   0.012 0.029 0.001 0.015 0.005 0.012 0.046 0.880 
 302 E _   0.012 0.023 0.001 0.013 0.005 0.011 0.047 0.888 
 303 G _   0.013 0.017 0.001 0.011 0.004 0.011 0.047 0.897 
 304 R _   0.015 0.011 0.001 0.009 0.004 0.010 0.047 0.904 
 305 M _   0.018 0.006 0.000 0.006 0.003 0.010 0.047 0.909 
 306 H _   0.025 0.003 0.000 0.004 0.003 0.010 0.047 0.909 
 307 D _   0.036 0.001 0.000 0.003 0.003 0.010 0.046 0.901 
 308 E _   0.057 0.000 0.000 0.002 0.003 0.012 0.045 0.880 
 309 K _   0.093 0.000 0.000 0.002 0.004 0.014 0.044 0.843 
 310 V _   0.150 0.000 0.001 0.002 0.006 0.018 0.042 0.781 
 311 D _   0.232 0.000 0.001 0.002 0.009 0.024 0.040 0.692 
 312 L _   0.330 0.000 0.001 0.002 0.015 0.030 0.038 0.584 
 313 W _   0.427 0.000 0.002 0.002 0.024 0.035 0.037 0.473 
 314 S H   0.511 0.000 0.002 0.003 0.033 0.040 0.036 0.375 
 315 L H   0.571 0.001 0.002 0.004 0.042 0.042 0.036 0.301 
 316 G H   0.612 0.001 0.002 0.005 0.049 0.043 0.038 0.251 
 317 V H   0.634 0.002 0.002 0.007 0.053 0.042 0.040 0.220 
 318 L H   0.638 0.003 0.002 0.009 0.055 0.040 0.043 0.209 
 319 C H   0.627 0.004 0.003 0.011 0.054 0.038 0.048 0.216 
 320 Y H   0.600 0.004 0.003 0.012 0.051 0.036 0.054 0.242 
 321 E H   0.552 0.004 0.003 0.012 0.046 0.033 0.062 0.289 
 322 F H   0.485 0.003 0.003 0.012 0.038 0.029 0.072 0.359 
 323 L _   0.402 0.002 0.002 0.010 0.028 0.025 0.085 0.445 
 324 V _   0.312 0.001 0.002 0.008 0.019 0.021 0.098 0.539 
 325 G _   0.225 0.001 0.001 0.006 0.012 0.017 0.111 0.627 
 326 K _   0.154 0.000 0.001 0.005 0.007 0.014 0.122 0.697 
 327 P _   0.101 0.000 0.001 0.004 0.005 0.011 0.131 0.748 
 328 P _   0.064 0.000 0.000 0.003 0.003 0.010 0.138 0.781 
 329 F _   0.041 0.000 0.000 0.003 0.003 0.008 0.144 0.800 
 330 E _   0.026 0.000 0.000 0.003 0.002 0.008 0.149 0.811 
 331 A _   0.018 0.001 0.000 0.004 0.002 0.008 0.153 0.815 
 332 N _   0.013 0.002 0.000 0.004 0.002 0.008 0.156 0.814 
 333 T _   0.011 0.003 0.000 0.005 0.003 0.009 0.158 0.811 
 334 Y _   0.009 0.005 0.000 0.006 0.003 0.010 0.160 0.806 
 335 Q _   0.009 0.008 0.000 0.008 0.004 0.011 0.162 0.798 
 336 E _   0.009 0.013 0.001 0.009 0.004 0.013 0.164 0.787 
 337 T _   0.009 0.019 0.001 0.011 0.005 0.014 0.165 0.775 
 338 Y _   0.010 0.026 0.001 0.014 0.006 0.016 0.167 0.762 
 339 K _   0.010 0.033 0.001 0.016 0.008 0.018 0.168 0.746 
 340 R _   0.011 0.042 0.001 0.019 0.009 0.019 0.170 0.729 
 341 I _   0.012 0.050 0.001 0.021 0.010 0.021 0.172 0.713 
 342 S _   0.013 0.057 0.001 0.023 0.011 0.022 0.175 0.698 
 343 R _   0.014 0.062 0.001 0.024 0.012 0.023 0.178 0.686 
 344 V _   0.014 0.067 0.001 0.024 0.012 0.023 0.182 0.676 
 345 E _   0.014 0.069 0.001 0.023 0.012 0.024 0.187 0.670 
 346 F _   0.015 0.071 0.001 0.021 0.012 0.024 0.192 0.665 
 347 T _   0.015 0.071 0.001 0.019 0.011 0.024 0.197 0.662 
 348 F _   0.016 0.071 0.001 0.017 0.010 0.023 0.203 0.659 
 349 P _   0.016 0.071 0.001 0.015 0.010 0.024 0.209 0.655 
 350 D _   0.017 0.072 0.001 0.014 0.010 0.024 0.215 0.648 
 351 F _   0.017 0.074 0.001 0.014 0.010 0.024 0.221 0.639 
 352 V _   0.018 0.077 0.001 0.015 0.010 0.025 0.227 0.627 
 353 T _   0.019 0.081 0.001 0.017 0.011 0.026 0.234 0.611 
 354 E _   0.019 0.085 0.001 0.021 0.013 0.026 0.241 0.594 
 355 G _   0.019 0.090 0.001 0.025 0.014 0.027 0.249 0.575 
 356 A _   0.019 0.094 0.001 0.029 0.015 0.026 0.257 0.558 
 357 R _   0.019 0.097 0.001 0.033 0.015 0.026 0.266 0.543 
 358 D _   0.018 0.098 0.001 0.036 0.015 0.024 0.277 0.531 
 359 L _   0.017 0.096 0.001 0.037 0.015 0.023 0.290 0.522 
 360 I _   0.015 0.091 0.001 0.036 0.013 0.021 0.304 0.518 
 361 S _   0.014 0.083 0.001 0.032 0.012 0.018 0.320 0.519 
 362 R _   0.012 0.072 0.001 0.027 0.010 0.016 0.338 0.524 
 363 L _   0.011 0.057 0.001 0.021 0.007 0.013 0.357 0.533 
 364 L _   0.009 0.042 0.001 0.015 0.005 0.011 0.375 0.542 
 365 K _   0.008 0.029 0.001 0.010 0.004 0.009 0.391 0.549 
 366 H _   0.006 0.020 0.000 0.006 0.003 0.008 0.405 0.552 
 367 N _   0.006 0.016 0.000 0.004 0.002 0.007 0.415 0.551 
 368 P _   0.005 0.014 0.000 0.003 0.002 0.007 0.424 0.546 
 369 S _   0.006 0.014 0.000 0.003 0.002 0.008 0.431 0.537 
 370 Q _   0.007 0.015 0.000 0.004 0.002 0.010 0.437 0.524 
 371 R _   0.008 0.021 0.000 0.006 0.004 0.013 0.442 0.504 
 372 P _   0.011 0.033 0.001 0.011 0.006 0.017 0.447 0.474 
 373 M X   0.012 0.057 0.001 0.019 0.010 0.021 0.452 0.428 
 374 L X   0.013 0.088 0.001 0.030 0.014 0.024 0.457 0.375 
 375 R X   0.013 0.119 0.001 0.041 0.017 0.025 0.462 0.322 
 376 E X   0.012 0.142 0.001 0.051 0.019 0.026 0.470 0.279 
 377 V X   0.012 0.157 0.001 0.059 0.020 0.026 0.479 0.246 
 378 L X   0.011 0.164 0.001 0.064 0.020 0.025 0.492 0.222 
 379 E X   0.011 0.166 0.001 0.065 0.020 0.024 0.507 0.205 
 380 H X   0.010 0.164 0.001 0.064 0.018 0.022 0.527 0.194 
 381 P X   0.009 0.157 0.002 0.059 0.017 0.020 0.552 0.185 
 382 W X   0.009 0.144 0.002 0.052 0.015 0.018 0.582 0.179 
 383 I X   0.008 0.124 0.002 0.044 0.012 0.016 0.619 0.175 
 384 T X   0.007 0.099 0.001 0.035 0.010 0.014 0.661 0.173 
 385 A X   0.007 0.072 0.001 0.027 0.008 0.012 0.705 0.169 
 386 N X   0.006 0.048 0.001 0.019 0.006 0.010 0.748 0.163 
 387 S X   0.005 0.030 0.001 0.013 0.004 0.008 0.785 0.154 
 388 S X   0.004 0.018 0.000 0.009 0.003 0.006 0.816 0.144 
 389 K X   0.003 0.010 0.000 0.006 0.002 0.005 0.840 0.133 
 390 P X   0.003 0.006 0.000 0.004 0.001 0.004 0.859 0.123 
 391 S X   0.002 0.004 0.000 0.003 0.001 0.003 0.874 0.113 
 392 N X   0.002 0.003 0.000 0.003 0.001 0.002 0.885 0.104 
 393 C X   0.002 0.002 0.000 0.002 0.001 0.002 0.895 0.097 
 394 Q X   0.001 0.002 0.000 0.002 0.001 0.002 0.902 0.091 
 395 N X   0.001 0.001 0.000 0.002 0.001 0.002 0.907 0.086 
 396 K X   0.001 0.001 0.000 0.002 0.000 0.001 0.912 0.083 
 397 E X   0.001 0.001 0.000 0.002 0.000 0.001 0.915 0.080 
 398 S X   0.000 0.001 0.000 0.002 0.000 0.001 0.918 0.078 
 399 A X   0.000 0.001 0.000 0.001 0.000 0.000 0.920 0.077 
 400 S X   0.000 0.001 0.000 0.001 0.000 0.000 0.921 0.077 
 401 K X   0.000 0.001 0.000 0.001 0.000 0.000 0.920 0.078 
 402 Q X   0.000 0.001 0.000 0.002 0.000 0.000 0.916 0.082 
 403 S X   0.001 0.001 0.001 0.009 0.002 0.002 0.897 0.087 
