#TopoPred_TM8: 8-state transmembrane topology prediction results by no_profile mode 
#probabilities are in the order of H E C I L F X _, the 8 transmembrane topology types used in PDBTM 
   1 L X   0.013 0.001 0.002 0.063 0.010 0.010 0.721 0.180 
   2 K X   0.005 0.001 0.000 0.037 0.002 0.005 0.742 0.208 
   3 M X   0.001 0.000 0.000 0.018 0.001 0.003 0.746 0.230 
   4 N X   0.001 0.000 0.000 0.010 0.000 0.002 0.742 0.243 
   5 K X   0.001 0.001 0.000 0.008 0.001 0.003 0.734 0.253 
   6 L X   0.002 0.001 0.000 0.006 0.001 0.004 0.722 0.265 
   7 P X   0.002 0.001 0.000 0.006 0.001 0.006 0.707 0.277 
   8 S X   0.003 0.003 0.000 0.007 0.002 0.008 0.686 0.291 
   9 N X   0.004 0.006 0.000 0.011 0.003 0.011 0.660 0.305 
  10 R X   0.005 0.013 0.001 0.017 0.005 0.016 0.624 0.320 
  11 G X   0.006 0.024 0.001 0.027 0.008 0.022 0.581 0.331 
  12 N X   0.007 0.040 0.001 0.041 0.012 0.027 0.532 0.338 
  13 T X   0.008 0.059 0.002 0.057 0.017 0.032 0.483 0.342 
  14 L X   0.010 0.075 0.002 0.072 0.021 0.036 0.438 0.346 
  15 R X   0.011 0.086 0.002 0.084 0.024 0.039 0.400 0.354 
  16 E X   0.012 0.092 0.002 0.090 0.026 0.041 0.370 0.368 
  17 V _   0.014 0.093 0.002 0.090 0.026 0.041 0.344 0.389 
  18 Q _   0.016 0.091 0.002 0.083 0.025 0.041 0.323 0.419 
  19 L _   0.019 0.083 0.002 0.070 0.024 0.040 0.305 0.457 
  20 M _   0.024 0.068 0.002 0.054 0.021 0.039 0.289 0.504 
  21 N _   0.030 0.048 0.002 0.036 0.017 0.038 0.275 0.555 
  22 R _   0.037 0.027 0.001 0.022 0.013 0.037 0.262 0.601 
  23 L _   0.047 0.012 0.001 0.012 0.010 0.036 0.250 0.633 
  24 R _   0.059 0.004 0.001 0.006 0.009 0.037 0.237 0.648 
  25 H _   0.076 0.001 0.001 0.004 0.008 0.038 0.224 0.649 
  26 P _   0.100 0.000 0.001 0.003 0.009 0.041 0.210 0.635 
  27 N _   0.131 0.000 0.001 0.003 0.012 0.046 0.196 0.610 
  28 I _   0.168 0.000 0.001 0.004 0.018 0.051 0.182 0.575 
  29 L _   0.206 0.000 0.002 0.005 0.025 0.057 0.169 0.536 
  30 R _   0.239 0.001 0.002 0.008 0.033 0.062 0.157 0.498 
  31 F _   0.267 0.002 0.002 0.010 0.040 0.064 0.147 0.467 
  32 M _   0.286 0.002 0.002 0.013 0.045 0.065 0.138 0.448 
  33 G _   0.296 0.003 0.002 0.014 0.047 0.065 0.132 0.441 
  34 V _   0.299 0.003 0.002 0.014 0.047 0.063 0.126 0.446 
  35 C _   0.295 0.003 0.002 0.013 0.044 0.060 0.121 0.462 
  36 V _   0.285 0.002 0.002 0.011 0.040 0.056 0.117 0.486 
  37 H _   0.269 0.002 0.002 0.009 0.034 0.053 0.114 0.518 
  38 Q _   0.247 0.001 0.002 0.007 0.029 0.049 0.111 0.553 
  39 G _   0.223 0.001 0.002 0.006 0.024 0.046 0.109 0.590 
  40 Q _   0.198 0.001 0.001 0.006 0.020 0.043 0.107 0.624 
  41 L _   0.171 0.001 0.001 0.006 0.017 0.040 0.106 0.658 
  42 H _   0.147 0.001 0.001 0.006 0.015 0.038 0.104 0.688 
  43 A _   0.123 0.002 0.001 0.007 0.014 0.036 0.103 0.714 
  44 L _   0.104 0.003 0.001 0.009 0.013 0.034 0.102 0.734 
  45 T _   0.088 0.004 0.001 0.010 0.013 0.033 0.101 0.751 
  46 E _   0.073 0.005 0.001 0.012 0.013 0.031 0.100 0.765 
  47 Y _   0.061 0.007 0.001 0.014 0.013 0.030 0.098 0.775 
  48 M _   0.051 0.010 0.001 0.017 0.013 0.029 0.097 0.782 
  49 N _   0.043 0.012 0.001 0.021 0.013 0.027 0.096 0.787 
  50 G _   0.037 0.014 0.001 0.024 0.013 0.026 0.095 0.791 
  51 G _   0.032 0.015 0.001 0.025 0.013 0.024 0.095 0.796 
  52 T _   0.027 0.015 0.001 0.026 0.012 0.022 0.095 0.802 
  53 L _   0.024 0.015 0.001 0.024 0.010 0.020 0.095 0.811 
  54 E _   0.020 0.013 0.001 0.021 0.009 0.018 0.095 0.823 
  55 X _   0.017 0.010 0.001 0.017 0.007 0.015 0.095 0.838 
  56 L _   0.014 0.007 0.001 0.012 0.005 0.013 0.095 0.851 
  57 L _   0.012 0.005 0.000 0.009 0.004 0.012 0.095 0.864 
  58 S _   0.011 0.003 0.000 0.006 0.003 0.010 0.095 0.872 
  59 S _   0.010 0.001 0.000 0.004 0.002 0.010 0.094 0.877 
  60 P _   0.011 0.001 0.000 0.003 0.002 0.011 0.094 0.879 
  61 E _   0.013 0.000 0.000 0.003 0.002 0.013 0.092 0.876 
  62 P _   0.018 0.000 0.000 0.003 0.003 0.016 0.091 0.869 
  63 L _   0.026 0.000 0.000 0.003 0.004 0.021 0.089 0.856 
  64 S _   0.037 0.001 0.001 0.004 0.007 0.028 0.087 0.835 
  65 W _   0.053 0.002 0.001 0.006 0.011 0.037 0.084 0.806 
  66 P _   0.071 0.005 0.001 0.009 0.018 0.046 0.081 0.770 
  67 V _   0.089 0.009 0.002 0.013 0.026 0.056 0.078 0.728 
  68 R _   0.107 0.016 0.002 0.017 0.035 0.064 0.075 0.685 
  69 L _   0.122 0.023 0.002 0.021 0.043 0.069 0.073 0.646 
  70 H _   0.135 0.030 0.002 0.025 0.050 0.073 0.071 0.615 
  71 L _   0.143 0.035 0.002 0.029 0.053 0.074 0.070 0.595 
  72 A _   0.146 0.039 0.003 0.031 0.054 0.073 0.069 0.585 
  73 L _   0.146 0.041 0.003 0.032 0.053 0.070 0.069 0.586 
  74 D _   0.143 0.042 0.002 0.032 0.049 0.066 0.069 0.598 
  75 I _   0.136 0.040 0.002 0.030 0.044 0.060 0.069 0.618 
  76 A _   0.126 0.037 0.002 0.027 0.037 0.055 0.070 0.646 
  77 R _   0.113 0.032 0.002 0.023 0.030 0.048 0.072 0.680 
  78 G _   0.099 0.027 0.002 0.019 0.023 0.042 0.073 0.714 
  79 L _   0.084 0.022 0.001 0.016 0.018 0.037 0.075 0.748 
  80 R _   0.069 0.017 0.001 0.013 0.013 0.031 0.076 0.780 
  81 Y _   0.055 0.013 0.001 0.011 0.010 0.027 0.077 0.806 
  82 L _   0.044 0.011 0.001 0.010 0.008 0.023 0.079 0.826 
  83 H _   0.035 0.009 0.001 0.009 0.007 0.020 0.079 0.840 
  84 S _   0.028 0.008 0.001 0.010 0.006 0.017 0.080 0.851 
  85 K _   0.023 0.007 0.001 0.010 0.005 0.015 0.081 0.858 
  86 G _   0.019 0.007 0.001 0.010 0.005 0.014 0.081 0.864 
  87 V _   0.016 0.006 0.001 0.010 0.004 0.012 0.082 0.869 
  88 F _   0.013 0.006 0.001 0.010 0.004 0.011 0.082 0.874 
  89 H _   0.011 0.005 0.000 0.009 0.004 0.010 0.082 0.879 
  90 R _   0.010 0.004 0.000 0.008 0.003 0.009 0.082 0.884 
  91 D _   0.008 0.004 0.000 0.007 0.003 0.008 0.081 0.888 
  92 L _   0.007 0.003 0.000 0.006 0.003 0.008 0.081 0.892 
  93 T _   0.007 0.003 0.000 0.005 0.002 0.008 0.080 0.894 
  94 S _   0.007 0.003 0.000 0.005 0.002 0.008 0.079 0.895 
  95 K _   0.007 0.004 0.000 0.006 0.003 0.009 0.078 0.894 
  96 N _   0.007 0.005 0.000 0.006 0.003 0.010 0.077 0.892 
  97 C _   0.008 0.007 0.000 0.007 0.003 0.011 0.075 0.888 
  98 L _   0.009 0.009 0.000 0.009 0.004 0.012 0.073 0.883 
  99 V _   0.009 0.012 0.001 0.010 0.005 0.014 0.071 0.877 
 100 R _   0.011 0.016 0.001 0.012 0.006 0.016 0.069 0.869 
 101 R _   0.012 0.021 0.001 0.014 0.007 0.019 0.066 0.860 
 102 E _   0.014 0.026 0.001 0.016 0.009 0.021 0.064 0.850 
 103 D _   0.015 0.032 0.001 0.018 0.011 0.024 0.062 0.838 
 104 R _   0.017 0.037 0.001 0.020 0.013 0.026 0.059 0.827 
 105 G _   0.019 0.043 0.001 0.022 0.014 0.028 0.057 0.814 
 106 F _   0.022 0.049 0.001 0.024 0.016 0.030 0.056 0.802 
 107 T _   0.024 0.054 0.001 0.026 0.017 0.031 0.054 0.792 
 108 A _   0.026 0.058 0.001 0.028 0.018 0.032 0.053 0.784 
 109 V _   0.027 0.060 0.001 0.029 0.018 0.032 0.052 0.780 
 110 V _   0.028 0.062 0.001 0.029 0.018 0.031 0.051 0.779 
 111 G _   0.029 0.062 0.001 0.029 0.018 0.030 0.051 0.780 
 112 D _   0.029 0.061 0.001 0.028 0.017 0.029 0.050 0.784 
 113 F _   0.029 0.058 0.001 0.027 0.016 0.027 0.050 0.792 
 114 G _   0.028 0.054 0.001 0.025 0.015 0.026 0.050 0.801 
 115 L _   0.027 0.049 0.001 0.023 0.013 0.024 0.051 0.812 
 116 A _   0.025 0.044 0.001 0.021 0.011 0.022 0.051 0.826 
 117 E _   0.022 0.037 0.001 0.018 0.009 0.019 0.052 0.841 
 118 K _   0.020 0.031 0.001 0.016 0.008 0.017 0.052 0.855 
 119 I _   0.017 0.025 0.001 0.013 0.006 0.015 0.053 0.869 
 120 P _   0.015 0.019 0.001 0.011 0.005 0.013 0.053 0.882 
 121 V _   0.014 0.014 0.001 0.009 0.004 0.012 0.053 0.893 
 122 Y _   0.012 0.011 0.000 0.007 0.004 0.010 0.053 0.902 
 123 R _   0.010 0.008 0.000 0.006 0.003 0.010 0.053 0.909 
 124 E _   0.009 0.006 0.000 0.005 0.003 0.009 0.053 0.914 
 125 G _   0.009 0.006 0.000 0.005 0.003 0.009 0.052 0.917 
 126 A _   0.009 0.005 0.000 0.004 0.003 0.010 0.051 0.917 
 127 R _   0.009 0.006 0.000 0.005 0.003 0.011 0.050 0.916 
 128 K _   0.010 0.007 0.000 0.006 0.004 0.012 0.049 0.912 
 129 E _   0.012 0.009 0.001 0.007 0.005 0.014 0.047 0.906 
 130 P _   0.013 0.012 0.001 0.009 0.006 0.016 0.046 0.897 
 131 L _   0.015 0.017 0.001 0.012 0.007 0.019 0.044 0.885 
 132 A _   0.017 0.022 0.001 0.014 0.009 0.021 0.042 0.872 
 133 V _   0.019 0.029 0.001 0.017 0.011 0.024 0.040 0.859 
 134 V _   0.021 0.035 0.001 0.020 0.013 0.026 0.039 0.846 
 135 G _   0.023 0.040 0.001 0.022 0.015 0.028 0.037 0.834 
 136 S _   0.026 0.044 0.001 0.024 0.016 0.029 0.035 0.823 
 137 P _   0.027 0.048 0.001 0.027 0.017 0.030 0.034 0.815 
 138 Y _   0.028 0.051 0.001 0.029 0.018 0.031 0.033 0.809 
 139 W _   0.029 0.052 0.001 0.030 0.019 0.031 0.032 0.806 
 140 M _   0.029 0.053 0.001 0.032 0.018 0.030 0.031 0.806 
 141 A _   0.028 0.052 0.001 0.032 0.017 0.028 0.031 0.811 
 142 P _   0.028 0.049 0.001 0.031 0.016 0.026 0.030 0.819 
 143 E _   0.026 0.045 0.001 0.029 0.014 0.024 0.030 0.831 
 144 V _   0.025 0.039 0.001 0.026 0.012 0.021 0.030 0.848 
 145 L _   0.024 0.030 0.001 0.021 0.009 0.018 0.029 0.868 
 146 R _   0.023 0.021 0.001 0.015 0.007 0.015 0.029 0.889 
 147 G _   0.023 0.012 0.001 0.010 0.005 0.012 0.029 0.909 
 148 E _   0.024 0.006 0.000 0.006 0.003 0.010 0.028 0.922 
 149 L _   0.028 0.002 0.000 0.003 0.003 0.008 0.027 0.929 
 150 Y _   0.036 0.000 0.000 0.002 0.002 0.007 0.025 0.927 
 151 D _   0.054 0.000 0.000 0.001 0.002 0.007 0.023 0.912 
 152 E _   0.087 0.000 0.000 0.001 0.003 0.007 0.021 0.881 
 153 K _   0.148 0.000 0.000 0.001 0.004 0.009 0.019 0.819 
 154 A _   0.246 0.000 0.001 0.001 0.005 0.011 0.016 0.720 
 155 D _   0.379 0.000 0.001 0.001 0.008 0.013 0.013 0.586 
 156 V H   0.524 0.000 0.001 0.001 0.011 0.015 0.010 0.437 
 157 F H   0.652 0.000 0.001 0.001 0.015 0.016 0.008 0.307 
 158 A H   0.746 0.000 0.001 0.001 0.018 0.016 0.007 0.211 
 159 F H   0.809 0.000 0.001 0.001 0.020 0.015 0.006 0.147 
 160 G H   0.845 0.000 0.001 0.001 0.022 0.014 0.006 0.111 
 161 I H   0.863 0.000 0.001 0.001 0.023 0.013 0.007 0.092 
 162 V H   0.867 0.000 0.001 0.001 0.023 0.012 0.008 0.087 
 163 L H   0.858 0.000 0.001 0.002 0.024 0.012 0.009 0.094 
 164 C H   0.835 0.000 0.002 0.002 0.025 0.012 0.011 0.114 
 165 E H   0.792 0.000 0.002 0.002 0.025 0.012 0.015 0.152 
 166 L H   0.722 0.000 0.002 0.003 0.023 0.012 0.021 0.217 
 167 I H   0.624 0.000 0.002 0.004 0.020 0.013 0.029 0.309 
 168 A H   0.505 0.000 0.002 0.004 0.015 0.012 0.041 0.421 
 169 R _   0.382 0.000 0.001 0.004 0.011 0.011 0.053 0.537 
 170 V _   0.268 0.000 0.001 0.004 0.007 0.010 0.066 0.644 
 171 P _   0.176 0.000 0.001 0.004 0.005 0.008 0.076 0.730 
 172 A _   0.108 0.000 0.001 0.003 0.003 0.007 0.085 0.793 
 173 D _   0.064 0.000 0.000 0.003 0.002 0.006 0.091 0.833 
 174 P _   0.037 0.000 0.000 0.003 0.002 0.005 0.095 0.857 
 175 D _   0.022 0.000 0.000 0.003 0.001 0.005 0.099 0.870 
 176 Y _   0.014 0.000 0.000 0.003 0.001 0.005 0.101 0.876 
 177 L _   0.010 0.001 0.000 0.003 0.001 0.006 0.102 0.878 
 178 P _   0.008 0.002 0.000 0.003 0.002 0.007 0.103 0.876 
 179 R _   0.007 0.004 0.000 0.005 0.002 0.008 0.103 0.872 
 180 T _   0.007 0.007 0.000 0.006 0.003 0.011 0.102 0.863 
 181 E _   0.008 0.014 0.000 0.010 0.004 0.014 0.101 0.849 
 182 D _   0.009 0.026 0.001 0.014 0.006 0.017 0.099 0.828 
 183 F _   0.011 0.043 0.001 0.021 0.009 0.021 0.096 0.797 
 184 G _   0.012 0.065 0.001 0.031 0.013 0.025 0.094 0.759 
 185 L _   0.013 0.087 0.001 0.042 0.017 0.028 0.091 0.720 
 186 D _   0.014 0.105 0.002 0.054 0.020 0.031 0.089 0.685 
 187 V _   0.015 0.118 0.002 0.064 0.022 0.032 0.088 0.659 
 188 P _   0.016 0.123 0.002 0.070 0.023 0.032 0.088 0.645 
 189 A _   0.018 0.124 0.002 0.071 0.023 0.031 0.088 0.644 
 190 F _   0.019 0.118 0.002 0.065 0.021 0.030 0.090 0.655 
 191 R _   0.021 0.105 0.002 0.055 0.019 0.027 0.092 0.680 
 192 T _   0.024 0.082 0.002 0.040 0.015 0.025 0.095 0.718 
 193 L _   0.028 0.051 0.001 0.025 0.011 0.022 0.097 0.763 
 194 V _   0.034 0.023 0.001 0.013 0.008 0.020 0.100 0.801 
 195 G _   0.043 0.007 0.001 0.006 0.005 0.019 0.102 0.818 
 196 D _   0.057 0.001 0.000 0.002 0.004 0.019 0.102 0.814 
 197 D _   0.081 0.000 0.000 0.001 0.004 0.020 0.102 0.791 
 198 C _   0.122 0.000 0.001 0.001 0.005 0.024 0.102 0.746 
 199 P _   0.183 0.000 0.001 0.001 0.009 0.030 0.103 0.673 
 200 L _   0.259 0.000 0.001 0.002 0.016 0.038 0.103 0.581 
 201 P _   0.333 0.000 0.001 0.003 0.027 0.047 0.104 0.485 
 202 F _   0.394 0.001 0.002 0.005 0.041 0.054 0.106 0.398 
 203 L H   0.433 0.003 0.002 0.008 0.053 0.057 0.110 0.333 
 204 L H   0.453 0.006 0.003 0.013 0.061 0.058 0.116 0.291 
 205 L H   0.456 0.008 0.003 0.017 0.065 0.057 0.124 0.270 
 206 A H   0.443 0.010 0.003 0.021 0.065 0.054 0.136 0.269 
 207 I H   0.418 0.010 0.003 0.022 0.062 0.049 0.150 0.286 
 208 H H   0.380 0.009 0.003 0.021 0.054 0.044 0.166 0.323 
 209 C _   0.331 0.007 0.003 0.017 0.044 0.038 0.186 0.375 
 210 C _   0.274 0.004 0.002 0.012 0.031 0.032 0.207 0.437 
 211 N _   0.214 0.002 0.002 0.008 0.019 0.026 0.228 0.500 
 212 L _   0.158 0.001 0.001 0.005 0.011 0.021 0.248 0.555 
 213 E _   0.110 0.000 0.001 0.003 0.007 0.017 0.265 0.597 
 214 P _   0.077 0.000 0.001 0.002 0.004 0.014 0.279 0.622 
 215 S _   0.055 0.000 0.000 0.002 0.003 0.013 0.291 0.635 
 216 T _   0.042 0.000 0.000 0.002 0.003 0.013 0.301 0.638 
 217 R _   0.035 0.000 0.000 0.002 0.003 0.015 0.311 0.634 
 218 A _   0.032 0.001 0.000 0.003 0.004 0.017 0.319 0.624 
 219 P _   0.031 0.002 0.001 0.005 0.005 0.020 0.328 0.609 
 220 F _   0.031 0.004 0.001 0.007 0.008 0.024 0.336 0.589 
 221 T _   0.032 0.009 0.001 0.011 0.011 0.028 0.344 0.564 
 222 E _   0.033 0.016 0.001 0.017 0.015 0.031 0.353 0.534 
 223 I _   0.033 0.024 0.001 0.023 0.019 0.034 0.363 0.502 
 224 T _   0.033 0.032 0.002 0.030 0.023 0.036 0.375 0.470 
 225 Q _   0.033 0.038 0.002 0.036 0.025 0.036 0.388 0.442 
 226 H _   0.032 0.042 0.002 0.040 0.025 0.036 0.404 0.418 
 227 L X   0.030 0.045 0.002 0.043 0.025 0.034 0.423 0.398 
 228 E X   0.028 0.045 0.002 0.044 0.023 0.032 0.445 0.383 
 229 W X   0.025 0.043 0.002 0.041 0.020 0.028 0.469 0.372 
 230 I X   0.022 0.040 0.001 0.036 0.016 0.025 0.495 0.364 
 231 L X   0.020 0.035 0.001 0.030 0.013 0.021 0.522 0.359 
 232 E X   0.017 0.028 0.001 0.023 0.010 0.018 0.549 0.354 
 233 Q X   0.014 0.022 0.001 0.017 0.007 0.015 0.575 0.349 
 234 L X   0.012 0.016 0.001 0.012 0.005 0.012 0.599 0.342 
 235 P X   0.010 0.012 0.000 0.009 0.004 0.010 0.620 0.335 
 236 E X   0.008 0.009 0.000 0.007 0.003 0.008 0.637 0.327 
 237 P X   0.006 0.008 0.000 0.006 0.002 0.007 0.652 0.319 
 238 A X   0.005 0.007 0.000 0.006 0.002 0.005 0.665 0.310 
 239 P X   0.003 0.006 0.000 0.006 0.002 0.004 0.678 0.302 
 240 L X   0.002 0.005 0.000 0.005 0.001 0.002 0.688 0.297 
 241 T X   0.001 0.004 0.000 0.003 0.000 0.001 0.696 0.295 
 242 X X   0.000 0.004 0.000 0.002 0.000 0.000 0.698 0.296 
 243 T X   0.000 0.004 0.000 0.004 0.000 0.000 0.695 0.297 
 244 A X   0.003 0.004 0.001 0.011 0.003 0.002 0.681 0.295 
