#TopoPred_TM8: 8-state transmembrane topology prediction results by no_profile mode 
#probabilities are in the order of H E C I L F X _, the 8 transmembrane topology types used in PDBTM 
   1 M X   0.014 0.001 0.003 0.067 0.012 0.016 0.768 0.120 
   2 T X   0.008 0.001 0.000 0.051 0.004 0.012 0.791 0.133 
   3 A X   0.005 0.001 0.000 0.040 0.002 0.010 0.798 0.143 
   4 V X   0.006 0.001 0.000 0.032 0.002 0.011 0.798 0.150 
   5 Y X   0.007 0.002 0.000 0.027 0.003 0.012 0.792 0.157 
   6 M X   0.008 0.002 0.000 0.023 0.003 0.013 0.784 0.166 
   7 N X   0.009 0.003 0.000 0.019 0.004 0.013 0.777 0.176 
   8 G X   0.009 0.003 0.000 0.016 0.004 0.013 0.769 0.186 
   9 G X   0.009 0.004 0.000 0.014 0.004 0.012 0.761 0.197 
  10 G X   0.008 0.004 0.000 0.013 0.004 0.011 0.753 0.206 
  11 L X   0.007 0.005 0.000 0.012 0.004 0.010 0.746 0.216 
  12 V X   0.006 0.005 0.000 0.011 0.004 0.009 0.740 0.225 
  13 N X   0.005 0.005 0.000 0.010 0.003 0.008 0.735 0.233 
  14 P X   0.005 0.005 0.000 0.009 0.003 0.007 0.730 0.241 
  15 H X   0.004 0.005 0.000 0.008 0.002 0.006 0.726 0.248 
  16 Y X   0.004 0.005 0.000 0.007 0.002 0.006 0.722 0.255 
  17 A X   0.003 0.004 0.000 0.006 0.002 0.005 0.718 0.261 
  18 R X   0.003 0.004 0.000 0.005 0.002 0.005 0.713 0.268 
  19 W X   0.003 0.004 0.000 0.005 0.002 0.004 0.709 0.274 
  20 D X   0.003 0.004 0.000 0.005 0.001 0.004 0.704 0.279 
  21 R X   0.003 0.004 0.000 0.005 0.001 0.004 0.699 0.284 
  22 R X   0.003 0.004 0.000 0.005 0.002 0.004 0.694 0.288 
  23 D X   0.003 0.005 0.000 0.006 0.002 0.004 0.689 0.291 
  24 S X   0.003 0.005 0.000 0.007 0.002 0.005 0.684 0.294 
  25 V X   0.003 0.006 0.000 0.009 0.002 0.005 0.679 0.297 
  26 E X   0.003 0.007 0.000 0.010 0.002 0.005 0.673 0.300 
  27 S X   0.003 0.007 0.000 0.010 0.002 0.005 0.669 0.303 
  28 G X   0.003 0.007 0.000 0.010 0.002 0.005 0.664 0.308 
  29 C X   0.003 0.007 0.000 0.010 0.002 0.005 0.660 0.313 
  30 Q X   0.003 0.006 0.000 0.009 0.002 0.004 0.656 0.320 
  31 T X   0.003 0.005 0.000 0.007 0.002 0.004 0.652 0.327 
  32 E X   0.003 0.005 0.000 0.006 0.001 0.004 0.647 0.334 
  33 S X   0.003 0.004 0.000 0.005 0.001 0.003 0.642 0.342 
  34 S X   0.002 0.004 0.000 0.004 0.001 0.003 0.636 0.350 
  35 K X   0.002 0.004 0.000 0.003 0.001 0.003 0.629 0.358 
  36 E X   0.002 0.004 0.000 0.003 0.001 0.003 0.620 0.367 
  37 G X   0.002 0.004 0.000 0.004 0.001 0.003 0.608 0.377 
  38 E X   0.002 0.006 0.000 0.004 0.001 0.004 0.594 0.388 
  39 E X   0.003 0.008 0.000 0.006 0.002 0.005 0.577 0.400 
  40 G X   0.003 0.012 0.000 0.008 0.002 0.006 0.557 0.411 
  41 Q X   0.003 0.018 0.000 0.012 0.003 0.008 0.533 0.423 
  42 P X   0.003 0.028 0.001 0.017 0.004 0.009 0.506 0.432 
  43 R X   0.004 0.040 0.001 0.023 0.005 0.011 0.478 0.439 
  44 Q X   0.004 0.052 0.001 0.029 0.006 0.012 0.451 0.446 
  45 L _   0.004 0.064 0.001 0.034 0.007 0.013 0.425 0.453 
  46 T _   0.004 0.073 0.001 0.037 0.007 0.013 0.404 0.461 
  47 P _   0.004 0.079 0.001 0.038 0.007 0.013 0.385 0.472 
  48 F _   0.004 0.083 0.001 0.037 0.007 0.012 0.371 0.485 
  49 E _   0.004 0.084 0.001 0.034 0.006 0.012 0.358 0.501 
  50 K _   0.004 0.084 0.001 0.029 0.006 0.011 0.347 0.519 
  51 L _   0.004 0.082 0.001 0.023 0.005 0.010 0.337 0.539 
  52 T _   0.004 0.079 0.001 0.018 0.004 0.009 0.327 0.559 
  53 Q _   0.004 0.075 0.000 0.013 0.003 0.008 0.318 0.577 
  54 D _   0.004 0.072 0.000 0.010 0.003 0.008 0.310 0.592 
  55 M _   0.004 0.071 0.000 0.008 0.003 0.008 0.301 0.605 
  56 S _   0.004 0.071 0.000 0.008 0.003 0.009 0.291 0.614 
  57 Q _   0.005 0.073 0.000 0.008 0.003 0.010 0.280 0.620 
  58 D _   0.006 0.078 0.000 0.009 0.004 0.012 0.269 0.623 
  59 E _   0.007 0.087 0.001 0.011 0.005 0.014 0.255 0.620 
  60 K _   0.008 0.101 0.001 0.015 0.007 0.016 0.240 0.613 
  61 V _   0.009 0.120 0.001 0.018 0.008 0.018 0.224 0.601 
  62 V _   0.010 0.142 0.001 0.022 0.010 0.020 0.208 0.587 
  63 R _   0.011 0.165 0.001 0.024 0.011 0.022 0.192 0.573 
  64 E _   0.011 0.186 0.001 0.026 0.013 0.024 0.178 0.561 
  65 I _   0.012 0.205 0.001 0.027 0.014 0.025 0.165 0.551 
  66 T _   0.013 0.220 0.001 0.028 0.015 0.026 0.154 0.543 
  67 L _   0.014 0.234 0.001 0.028 0.015 0.027 0.144 0.537 
  68 G _   0.014 0.245 0.001 0.028 0.016 0.027 0.136 0.533 
  69 K _   0.015 0.254 0.001 0.028 0.016 0.027 0.128 0.531 
  70 R _   0.015 0.262 0.001 0.029 0.016 0.026 0.121 0.529 
  71 I _   0.015 0.268 0.001 0.030 0.016 0.026 0.115 0.529 
  72 G _   0.015 0.271 0.001 0.031 0.015 0.025 0.110 0.532 
  73 F _   0.014 0.272 0.001 0.031 0.015 0.023 0.106 0.538 
  74 Y _   0.014 0.270 0.001 0.031 0.014 0.022 0.102 0.547 
  75 R _   0.013 0.264 0.001 0.029 0.012 0.020 0.099 0.561 
  76 I _   0.012 0.254 0.001 0.027 0.011 0.018 0.097 0.580 
  77 R _   0.011 0.240 0.001 0.024 0.010 0.017 0.094 0.603 
  78 G _   0.011 0.222 0.001 0.019 0.008 0.015 0.093 0.631 
  79 E _   0.010 0.203 0.001 0.016 0.007 0.014 0.091 0.658 
  80 I _   0.010 0.186 0.001 0.012 0.006 0.014 0.090 0.682 
  81 G _   0.009 0.173 0.001 0.010 0.005 0.013 0.088 0.701 
  82 S _   0.009 0.164 0.001 0.008 0.004 0.013 0.086 0.714 
  83 G _   0.009 0.160 0.001 0.008 0.004 0.013 0.084 0.720 
  84 N _   0.009 0.159 0.001 0.009 0.005 0.014 0.082 0.721 
  85 F _   0.010 0.161 0.001 0.011 0.006 0.015 0.080 0.717 
  86 S _   0.011 0.166 0.001 0.013 0.007 0.016 0.078 0.709 
  87 Q _   0.011 0.171 0.001 0.016 0.008 0.017 0.075 0.699 
  88 V _   0.012 0.177 0.001 0.019 0.009 0.018 0.073 0.691 
  89 K _   0.012 0.182 0.001 0.022 0.010 0.018 0.071 0.684 
  90 L _   0.012 0.184 0.001 0.023 0.010 0.018 0.070 0.683 
  91 G _   0.012 0.184 0.001 0.023 0.010 0.018 0.068 0.685 
  92 I _   0.012 0.182 0.001 0.021 0.009 0.018 0.067 0.690 
  93 H _   0.012 0.177 0.001 0.020 0.009 0.018 0.066 0.697 
  94 S _   0.012 0.172 0.001 0.018 0.009 0.017 0.065 0.706 
  95 L _   0.012 0.166 0.001 0.017 0.008 0.017 0.065 0.713 
  96 T _   0.012 0.161 0.001 0.016 0.008 0.017 0.064 0.720 
  97 K _   0.013 0.157 0.001 0.017 0.008 0.017 0.064 0.723 
  98 E _   0.013 0.153 0.001 0.018 0.008 0.017 0.064 0.726 
  99 K _   0.013 0.150 0.001 0.020 0.008 0.017 0.064 0.727 
 100 V _   0.013 0.146 0.001 0.022 0.009 0.017 0.064 0.729 
 101 A _   0.013 0.141 0.001 0.023 0.009 0.016 0.064 0.733 
 102 I _   0.013 0.134 0.001 0.023 0.008 0.015 0.065 0.741 
 103 K _   0.013 0.123 0.001 0.023 0.008 0.014 0.065 0.753 
 104 I _   0.012 0.109 0.001 0.020 0.007 0.013 0.066 0.771 
 105 L _   0.011 0.092 0.001 0.017 0.006 0.012 0.067 0.793 
 106 D _   0.011 0.073 0.001 0.014 0.005 0.011 0.068 0.818 
 107 K _   0.009 0.056 0.001 0.010 0.004 0.010 0.069 0.840 
 108 T _   0.008 0.042 0.000 0.008 0.003 0.009 0.070 0.859 
 109 K _   0.008 0.034 0.000 0.006 0.003 0.009 0.070 0.870 
 110 L _   0.007 0.030 0.000 0.005 0.002 0.009 0.070 0.877 
 111 D _   0.007 0.028 0.000 0.005 0.002 0.010 0.069 0.879 
 112 Q _   0.008 0.028 0.000 0.006 0.003 0.011 0.068 0.876 
 113 K _   0.009 0.030 0.000 0.007 0.004 0.012 0.067 0.870 
 114 T _   0.010 0.034 0.001 0.011 0.005 0.014 0.066 0.860 
 115 Q _   0.011 0.041 0.001 0.016 0.007 0.017 0.064 0.845 
 116 R _   0.011 0.049 0.001 0.022 0.009 0.019 0.062 0.828 
 117 L _   0.012 0.056 0.001 0.028 0.011 0.020 0.060 0.811 
 118 L _   0.013 0.061 0.001 0.033 0.012 0.021 0.059 0.799 
 119 S _   0.013 0.064 0.001 0.037 0.013 0.022 0.058 0.793 
 120 R _   0.013 0.065 0.001 0.038 0.013 0.021 0.057 0.792 
 121 E _   0.014 0.062 0.001 0.037 0.013 0.021 0.056 0.797 
 122 I _   0.014 0.057 0.001 0.033 0.012 0.019 0.056 0.808 
 123 S _   0.014 0.049 0.001 0.027 0.010 0.018 0.056 0.824 
 124 S _   0.014 0.038 0.001 0.021 0.008 0.017 0.057 0.843 
 125 M _   0.015 0.026 0.001 0.015 0.007 0.016 0.057 0.864 
 126 E _   0.015 0.015 0.001 0.010 0.005 0.015 0.057 0.882 
 127 K _   0.015 0.008 0.001 0.006 0.004 0.014 0.057 0.895 
 128 L _   0.016 0.003 0.000 0.004 0.003 0.014 0.057 0.901 
 129 H _   0.018 0.001 0.000 0.003 0.003 0.015 0.057 0.902 
 130 H _   0.022 0.001 0.000 0.003 0.003 0.017 0.056 0.898 
 131 P _   0.028 0.001 0.000 0.003 0.004 0.020 0.055 0.888 
 132 N _   0.037 0.001 0.001 0.004 0.006 0.025 0.054 0.873 
 133 I _   0.048 0.001 0.001 0.006 0.009 0.030 0.053 0.852 
 134 I _   0.059 0.002 0.001 0.009 0.013 0.036 0.051 0.829 
 135 R _   0.070 0.003 0.001 0.012 0.018 0.041 0.050 0.805 
 136 L _   0.078 0.004 0.001 0.015 0.022 0.046 0.049 0.784 
 137 Y _   0.085 0.005 0.002 0.018 0.025 0.049 0.048 0.769 
 138 E _   0.090 0.006 0.002 0.018 0.026 0.050 0.047 0.761 
 139 V _   0.092 0.006 0.002 0.017 0.025 0.050 0.047 0.761 
 140 V _   0.094 0.005 0.002 0.014 0.024 0.050 0.046 0.766 
 141 E _   0.094 0.005 0.001 0.012 0.022 0.049 0.046 0.772 
 142 T _   0.093 0.004 0.001 0.009 0.020 0.048 0.045 0.779 
 143 L _   0.092 0.004 0.001 0.008 0.018 0.047 0.045 0.785 
 144 S _   0.091 0.004 0.001 0.007 0.017 0.046 0.045 0.789 
 145 K _   0.090 0.004 0.001 0.008 0.017 0.045 0.045 0.790 
 146 L _   0.087 0.005 0.001 0.009 0.018 0.044 0.045 0.790 
 147 H _   0.085 0.007 0.001 0.011 0.019 0.043 0.046 0.788 
 148 L _   0.081 0.010 0.001 0.014 0.019 0.042 0.046 0.787 
 149 V _   0.077 0.013 0.001 0.016 0.019 0.041 0.047 0.786 
 150 M _   0.072 0.016 0.001 0.018 0.019 0.039 0.047 0.789 
 151 E _   0.066 0.018 0.001 0.019 0.018 0.036 0.048 0.794 
 152 Y _   0.059 0.019 0.001 0.020 0.017 0.034 0.049 0.802 
 153 A _   0.053 0.020 0.001 0.020 0.015 0.031 0.050 0.810 
 154 G _   0.046 0.021 0.001 0.019 0.014 0.029 0.051 0.819 
 155 G _   0.040 0.021 0.001 0.019 0.012 0.026 0.052 0.828 
 156 G _   0.035 0.021 0.001 0.020 0.011 0.024 0.053 0.835 
 157 E _   0.030 0.021 0.001 0.020 0.010 0.022 0.054 0.841 
 158 L _   0.026 0.020 0.001 0.021 0.009 0.020 0.056 0.847 
 159 F _   0.023 0.019 0.001 0.020 0.008 0.018 0.057 0.854 
 160 G _   0.019 0.017 0.001 0.019 0.007 0.016 0.059 0.862 
 161 K _   0.016 0.015 0.001 0.017 0.006 0.013 0.061 0.872 
 162 I _   0.013 0.011 0.001 0.014 0.005 0.011 0.062 0.883 
 163 S _   0.011 0.008 0.000 0.011 0.004 0.009 0.063 0.893 
 164 T _   0.009 0.005 0.000 0.008 0.003 0.008 0.064 0.903 
 165 E _   0.008 0.003 0.000 0.005 0.002 0.007 0.065 0.910 
 166 G _   0.007 0.001 0.000 0.004 0.002 0.006 0.065 0.915 
 167 K _   0.008 0.001 0.000 0.002 0.001 0.006 0.065 0.917 
 168 L _   0.010 0.000 0.000 0.002 0.001 0.007 0.064 0.916 
 169 S _   0.015 0.000 0.000 0.002 0.002 0.009 0.063 0.910 
 170 E _   0.027 0.000 0.000 0.002 0.002 0.013 0.061 0.895 
 171 P _   0.048 0.000 0.000 0.002 0.004 0.019 0.059 0.868 
 172 E _   0.083 0.000 0.001 0.003 0.007 0.028 0.056 0.822 
 173 S _   0.133 0.000 0.001 0.004 0.014 0.040 0.052 0.756 
 174 K _   0.190 0.001 0.001 0.006 0.025 0.053 0.048 0.675 
 175 L _   0.247 0.003 0.002 0.009 0.039 0.065 0.044 0.589 
 176 I _   0.296 0.007 0.003 0.013 0.054 0.074 0.041 0.512 
 177 F _   0.332 0.011 0.003 0.018 0.065 0.079 0.039 0.454 
 178 S _   0.355 0.014 0.003 0.022 0.071 0.080 0.038 0.417 
 179 Q _   0.368 0.017 0.003 0.024 0.074 0.078 0.037 0.399 
 180 I _   0.370 0.018 0.003 0.025 0.072 0.074 0.037 0.400 
 181 V _   0.363 0.017 0.003 0.024 0.067 0.069 0.037 0.419 
 182 S _   0.345 0.015 0.003 0.021 0.059 0.063 0.038 0.456 
 183 A _   0.317 0.012 0.003 0.017 0.048 0.055 0.039 0.509 
 184 V _   0.279 0.009 0.002 0.013 0.037 0.048 0.040 0.572 
 185 K _   0.236 0.005 0.002 0.010 0.026 0.041 0.042 0.637 
 186 H _   0.190 0.003 0.001 0.008 0.018 0.035 0.043 0.700 
 187 M _   0.149 0.002 0.001 0.007 0.013 0.029 0.045 0.755 
 188 H _   0.114 0.001 0.001 0.006 0.009 0.025 0.046 0.798 
 189 E _   0.086 0.001 0.001 0.006 0.007 0.021 0.047 0.831 
 190 N _   0.064 0.001 0.001 0.006 0.006 0.019 0.048 0.856 
 191 Q _   0.048 0.001 0.001 0.006 0.005 0.017 0.048 0.874 
 192 I _   0.037 0.002 0.001 0.006 0.004 0.015 0.048 0.887 
 193 I _   0.029 0.003 0.001 0.006 0.004 0.014 0.048 0.895 
 194 H _   0.023 0.004 0.001 0.007 0.004 0.014 0.048 0.899 
 195 R _   0.019 0.005 0.001 0.008 0.005 0.014 0.048 0.901 
 196 D _   0.016 0.007 0.001 0.009 0.005 0.014 0.047 0.901 
 197 L _   0.015 0.010 0.001 0.010 0.005 0.014 0.046 0.899 
 198 K _   0.013 0.013 0.001 0.012 0.006 0.014 0.046 0.896 
 199 A _   0.013 0.016 0.001 0.013 0.006 0.014 0.045 0.893 
 200 E _   0.012 0.020 0.001 0.013 0.006 0.013 0.044 0.891 
 201 N _   0.011 0.023 0.001 0.013 0.006 0.013 0.043 0.890 
 202 V _   0.011 0.026 0.001 0.013 0.005 0.013 0.043 0.889 
 203 F _   0.010 0.029 0.001 0.012 0.005 0.013 0.042 0.889 
 204 Y _   0.010 0.032 0.001 0.011 0.005 0.013 0.041 0.888 
 205 T _   0.009 0.036 0.001 0.011 0.005 0.013 0.039 0.886 
 206 S _   0.009 0.040 0.001 0.011 0.005 0.014 0.038 0.881 
 207 N _   0.010 0.047 0.001 0.013 0.006 0.015 0.037 0.872 
 208 T _   0.010 0.056 0.001 0.015 0.007 0.016 0.035 0.859 
 209 C _   0.011 0.068 0.001 0.019 0.009 0.018 0.034 0.841 
 210 V _   0.012 0.082 0.001 0.024 0.010 0.019 0.032 0.819 
 211 K _   0.012 0.097 0.001 0.030 0.012 0.019 0.031 0.797 
 212 V _   0.013 0.109 0.001 0.035 0.013 0.020 0.030 0.780 
 213 G _   0.013 0.116 0.001 0.039 0.013 0.019 0.029 0.770 
 214 D _   0.012 0.120 0.001 0.039 0.012 0.018 0.028 0.769 
 215 F _   0.011 0.119 0.001 0.037 0.011 0.017 0.028 0.775 
 216 G _   0.011 0.115 0.001 0.032 0.010 0.016 0.027 0.788 
 217 F _   0.010 0.108 0.001 0.026 0.008 0.014 0.027 0.806 
 218 S _   0.009 0.098 0.001 0.020 0.007 0.013 0.027 0.825 
 219 T _   0.008 0.088 0.001 0.015 0.005 0.012 0.027 0.843 
 220 V _   0.008 0.080 0.001 0.012 0.004 0.011 0.027 0.856 
 221 S _   0.007 0.075 0.000 0.011 0.004 0.011 0.027 0.864 
 222 K _   0.007 0.072 0.000 0.011 0.004 0.011 0.027 0.867 
 223 K _   0.008 0.071 0.000 0.012 0.004 0.012 0.027 0.865 
 224 G _   0.008 0.072 0.001 0.015 0.005 0.012 0.027 0.860 
 225 E _   0.009 0.073 0.001 0.019 0.006 0.013 0.026 0.853 
 226 M _   0.009 0.073 0.001 0.023 0.007 0.013 0.026 0.848 
 227 L _   0.010 0.072 0.001 0.025 0.007 0.013 0.026 0.846 
 228 N _   0.010 0.068 0.001 0.026 0.007 0.013 0.026 0.849 
 229 T _   0.009 0.062 0.001 0.024 0.007 0.012 0.026 0.858 
 230 F _   0.009 0.054 0.001 0.021 0.006 0.011 0.026 0.872 
 231 C _   0.008 0.043 0.001 0.017 0.005 0.010 0.027 0.889 
 232 G _   0.008 0.031 0.001 0.013 0.004 0.009 0.027 0.908 
 233 S _   0.007 0.021 0.000 0.010 0.003 0.008 0.027 0.923 
 234 P _   0.007 0.014 0.000 0.007 0.003 0.008 0.027 0.934 
 235 P _   0.006 0.009 0.000 0.006 0.002 0.007 0.027 0.941 
 236 Y _   0.007 0.006 0.000 0.006 0.002 0.007 0.027 0.945 
 237 A _   0.007 0.004 0.000 0.006 0.003 0.008 0.026 0.946 
 238 A _   0.008 0.003 0.000 0.006 0.003 0.008 0.025 0.946 
 239 P _   0.009 0.003 0.000 0.007 0.003 0.009 0.024 0.944 
 240 E _   0.012 0.002 0.000 0.008 0.004 0.010 0.023 0.941 
 241 L _   0.016 0.002 0.001 0.008 0.004 0.011 0.022 0.937 
 242 F _   0.023 0.002 0.001 0.008 0.005 0.012 0.021 0.930 
 243 R _   0.033 0.001 0.001 0.007 0.005 0.013 0.019 0.921 
 244 D _   0.050 0.001 0.001 0.006 0.006 0.013 0.017 0.906 
 245 E _   0.075 0.000 0.001 0.005 0.007 0.014 0.016 0.882 
 246 H _   0.113 0.000 0.001 0.004 0.007 0.014 0.014 0.848 
 247 Y _   0.164 0.000 0.001 0.003 0.008 0.015 0.012 0.799 
 248 I _   0.230 0.000 0.001 0.002 0.008 0.014 0.010 0.735 
 249 G _   0.312 0.000 0.001 0.001 0.008 0.014 0.008 0.656 
 250 I _   0.404 0.000 0.001 0.001 0.009 0.013 0.006 0.566 
 251 Y H   0.502 0.000 0.001 0.001 0.009 0.012 0.005 0.470 
 252 V H   0.602 0.000 0.001 0.001 0.009 0.011 0.003 0.373 
 253 D H   0.695 0.000 0.001 0.001 0.010 0.009 0.002 0.282 
 254 I H   0.776 0.000 0.001 0.000 0.010 0.008 0.002 0.204 
 255 W H   0.837 0.000 0.001 0.000 0.009 0.007 0.001 0.145 
 256 A H   0.879 0.000 0.001 0.000 0.009 0.006 0.001 0.104 
 257 L H   0.908 0.000 0.001 0.000 0.009 0.005 0.001 0.077 
 258 G H   0.925 0.000 0.001 0.000 0.009 0.004 0.001 0.060 
 259 V H   0.933 0.000 0.001 0.000 0.009 0.004 0.001 0.052 
 260 L H   0.935 0.000 0.001 0.000 0.010 0.004 0.001 0.050 
 261 L H   0.931 0.000 0.001 0.000 0.010 0.004 0.001 0.053 
 262 Y H   0.921 0.000 0.001 0.000 0.011 0.004 0.001 0.062 
 263 F H   0.904 0.000 0.001 0.000 0.011 0.004 0.001 0.078 
 264 M H   0.876 0.000 0.001 0.000 0.012 0.005 0.001 0.105 
 265 V H   0.836 0.000 0.001 0.001 0.012 0.006 0.002 0.143 
 266 T H   0.782 0.000 0.001 0.001 0.012 0.007 0.003 0.195 
 267 G H   0.716 0.000 0.001 0.001 0.012 0.008 0.004 0.258 
 268 T H   0.639 0.000 0.001 0.001 0.012 0.009 0.006 0.332 
 269 M H   0.555 0.000 0.001 0.001 0.011 0.011 0.008 0.412 
 270 P _   0.468 0.000 0.001 0.002 0.011 0.012 0.011 0.495 
 271 F _   0.383 0.000 0.001 0.002 0.010 0.013 0.015 0.575 
 272 R _   0.302 0.000 0.001 0.003 0.009 0.014 0.018 0.651 
 273 A _   0.232 0.000 0.001 0.004 0.009 0.015 0.022 0.718 
 274 E _   0.173 0.000 0.001 0.005 0.008 0.015 0.025 0.773 
 275 T _   0.128 0.000 0.001 0.005 0.007 0.015 0.028 0.815 
 276 V _   0.095 0.001 0.001 0.006 0.006 0.016 0.030 0.846 
 277 A _   0.070 0.001 0.001 0.006 0.006 0.016 0.033 0.867 
 278 K _   0.053 0.002 0.001 0.007 0.006 0.016 0.034 0.881 
 279 L _   0.041 0.003 0.001 0.008 0.006 0.016 0.036 0.888 
 280 K _   0.033 0.004 0.001 0.011 0.007 0.017 0.038 0.890 
 281 K _   0.028 0.005 0.001 0.013 0.008 0.017 0.039 0.888 
 282 S _   0.024 0.007 0.001 0.016 0.009 0.018 0.041 0.885 
 283 I _   0.022 0.009 0.001 0.019 0.009 0.018 0.042 0.880 
 284 L _   0.020 0.010 0.001 0.021 0.010 0.018 0.044 0.876 
 285 E _   0.019 0.011 0.001 0.022 0.010 0.017 0.047 0.874 
 286 G _   0.017 0.010 0.001 0.022 0.009 0.016 0.049 0.876 
 287 T _   0.016 0.009 0.001 0.019 0.008 0.015 0.052 0.880 
 288 Y _   0.014 0.008 0.001 0.016 0.006 0.014 0.054 0.888 
 289 S _   0.013 0.006 0.001 0.012 0.005 0.012 0.056 0.896 
 290 V _   0.011 0.004 0.000 0.008 0.004 0.011 0.059 0.903 
 291 P _   0.010 0.002 0.000 0.005 0.003 0.011 0.061 0.907 
 292 P _   0.010 0.002 0.000 0.004 0.003 0.011 0.062 0.908 
 293 H _   0.011 0.001 0.000 0.003 0.003 0.012 0.063 0.906 
 294 V _   0.013 0.002 0.000 0.003 0.003 0.015 0.064 0.900 
 295 S _   0.016 0.003 0.000 0.004 0.004 0.018 0.065 0.889 
 296 E _   0.021 0.005 0.001 0.006 0.006 0.023 0.066 0.872 
 297 P _   0.026 0.011 0.001 0.009 0.010 0.029 0.066 0.847 
 298 C _   0.032 0.023 0.001 0.014 0.015 0.036 0.066 0.813 
 299 H _   0.037 0.039 0.002 0.021 0.021 0.042 0.066 0.772 
 300 R _   0.042 0.058 0.002 0.028 0.027 0.046 0.066 0.730 
 301 L _   0.045 0.077 0.002 0.036 0.032 0.049 0.067 0.693 
 302 I _   0.047 0.091 0.002 0.041 0.035 0.050 0.068 0.666 
 303 R _   0.048 0.100 0.002 0.045 0.036 0.050 0.070 0.649 
 304 G _   0.047 0.104 0.002 0.046 0.036 0.049 0.072 0.643 
 305 V _   0.046 0.105 0.002 0.045 0.034 0.047 0.074 0.647 
 306 L _   0.044 0.103 0.002 0.041 0.030 0.044 0.078 0.658 
 307 Q _   0.041 0.097 0.002 0.036 0.027 0.040 0.082 0.676 
 308 Q _   0.037 0.088 0.002 0.031 0.022 0.036 0.086 0.697 
 309 I _   0.033 0.077 0.001 0.025 0.018 0.033 0.091 0.721 
 310 P _   0.029 0.066 0.001 0.020 0.014 0.029 0.095 0.745 
 311 T _   0.026 0.056 0.001 0.016 0.011 0.025 0.100 0.764 
 312 E _   0.022 0.048 0.001 0.013 0.009 0.023 0.105 0.780 
 313 R _   0.019 0.041 0.001 0.011 0.007 0.020 0.109 0.791 
 314 Y _   0.017 0.037 0.001 0.010 0.006 0.018 0.113 0.798 
 315 G _   0.015 0.034 0.001 0.009 0.006 0.017 0.116 0.802 
 316 I _   0.014 0.033 0.001 0.009 0.005 0.016 0.120 0.802 
 317 D _   0.013 0.033 0.001 0.010 0.005 0.016 0.123 0.799 
 318 C _   0.013 0.033 0.001 0.011 0.006 0.016 0.126 0.794 
 319 I _   0.013 0.034 0.001 0.013 0.007 0.016 0.130 0.787 
 320 M _   0.014 0.035 0.001 0.015 0.007 0.016 0.133 0.778 
 321 N _   0.014 0.037 0.001 0.018 0.008 0.017 0.137 0.769 
 322 D _   0.014 0.038 0.001 0.020 0.009 0.017 0.141 0.761 
 323 E _   0.014 0.038 0.001 0.022 0.009 0.016 0.146 0.754 
 324 W _   0.013 0.038 0.001 0.022 0.009 0.015 0.151 0.750 
 325 M _   0.013 0.036 0.001 0.021 0.008 0.015 0.157 0.749 
 326 Q _   0.012 0.034 0.001 0.020 0.007 0.014 0.163 0.750 
 327 G _   0.011 0.031 0.001 0.017 0.006 0.012 0.170 0.752 
 328 V _   0.010 0.027 0.001 0.015 0.005 0.011 0.176 0.755 
 329 P _   0.009 0.023 0.001 0.013 0.005 0.010 0.183 0.757 
 330 Y _   0.009 0.019 0.001 0.011 0.004 0.010 0.189 0.758 
 331 P _   0.008 0.017 0.000 0.010 0.004 0.009 0.195 0.757 
 332 T _   0.008 0.014 0.000 0.009 0.003 0.008 0.201 0.755 
 333 P _   0.008 0.013 0.000 0.009 0.003 0.008 0.207 0.752 
 334 L _   0.007 0.012 0.000 0.009 0.003 0.008 0.212 0.749 
 335 E _   0.007 0.011 0.000 0.009 0.003 0.007 0.216 0.747 
 336 P _   0.007 0.010 0.000 0.009 0.003 0.007 0.221 0.744 
 337 F _   0.006 0.009 0.000 0.008 0.003 0.007 0.225 0.742 
 338 Q _   0.006 0.008 0.000 0.008 0.002 0.007 0.228 0.740 
 339 L _   0.005 0.008 0.000 0.008 0.002 0.006 0.231 0.739 
 340 D _   0.005 0.008 0.000 0.007 0.002 0.006 0.234 0.738 
 341 P _   0.005 0.007 0.000 0.007 0.002 0.006 0.236 0.737 
 342 K _   0.005 0.008 0.000 0.007 0.002 0.006 0.238 0.735 
 343 H _   0.004 0.008 0.000 0.007 0.002 0.006 0.240 0.733 
 344 L _   0.004 0.008 0.000 0.007 0.002 0.006 0.241 0.731 
 345 S _   0.004 0.009 0.000 0.008 0.002 0.006 0.242 0.729 
 346 E _   0.004 0.010 0.000 0.008 0.002 0.006 0.242 0.726 
 347 T _   0.004 0.012 0.000 0.009 0.002 0.006 0.243 0.724 
 348 S _   0.004 0.013 0.000 0.009 0.002 0.007 0.243 0.722 
 349 T _   0.004 0.015 0.000 0.009 0.002 0.007 0.242 0.720 
 350 L _   0.004 0.017 0.000 0.009 0.002 0.007 0.242 0.719 
 351 K _   0.004 0.019 0.000 0.009 0.002 0.007 0.241 0.717 
 352 E _   0.004 0.022 0.000 0.008 0.002 0.008 0.240 0.716 
 353 E _   0.004 0.025 0.000 0.008 0.002 0.008 0.238 0.713 
 354 E _   0.005 0.031 0.000 0.009 0.003 0.009 0.236 0.708 
 355 N _   0.005 0.038 0.000 0.010 0.003 0.011 0.233 0.699 
 356 E _   0.006 0.050 0.001 0.012 0.004 0.013 0.230 0.684 
 357 V _   0.008 0.068 0.001 0.015 0.006 0.016 0.226 0.660 
 358 K _   0.009 0.096 0.001 0.021 0.009 0.019 0.221 0.624 
 359 S _   0.010 0.132 0.001 0.029 0.012 0.021 0.216 0.578 
 360 T _   0.011 0.173 0.002 0.038 0.015 0.023 0.211 0.527 
 361 L _   0.011 0.211 0.002 0.048 0.017 0.024 0.207 0.480 
 362 E _   0.011 0.239 0.002 0.057 0.018 0.024 0.204 0.445 
 363 H _   0.011 0.256 0.001 0.064 0.019 0.024 0.203 0.422 
 364 L _   0.011 0.264 0.001 0.068 0.018 0.023 0.204 0.411 
 365 G _   0.011 0.265 0.001 0.068 0.017 0.021 0.206 0.410 
 366 I _   0.011 0.260 0.001 0.065 0.016 0.020 0.209 0.419 
 367 T _   0.011 0.245 0.001 0.058 0.014 0.018 0.214 0.438 
 368 E _   0.010 0.218 0.001 0.049 0.012 0.016 0.222 0.471 
 369 E _   0.010 0.177 0.001 0.039 0.010 0.014 0.231 0.518 
 370 H _   0.010 0.126 0.001 0.028 0.008 0.012 0.242 0.573 
 371 I _   0.009 0.077 0.001 0.018 0.006 0.010 0.252 0.626 
 372 R _   0.007 0.041 0.001 0.011 0.004 0.009 0.261 0.667 
 373 N _   0.006 0.020 0.000 0.006 0.002 0.007 0.266 0.692 
 374 N _   0.005 0.010 0.000 0.004 0.002 0.006 0.270 0.704 
 375 Q _   0.004 0.005 0.000 0.003 0.001 0.006 0.271 0.709 
 376 G _   0.005 0.004 0.000 0.002 0.001 0.007 0.272 0.709 
 377 R _   0.006 0.003 0.000 0.002 0.001 0.009 0.272 0.705 
 378 D _   0.009 0.004 0.000 0.003 0.002 0.013 0.271 0.698 
 379 A _   0.014 0.005 0.000 0.005 0.004 0.019 0.270 0.684 
 380 R _   0.021 0.010 0.001 0.007 0.007 0.026 0.267 0.661 
 381 S _   0.031 0.018 0.001 0.011 0.013 0.035 0.264 0.627 
 382 S _   0.043 0.031 0.001 0.017 0.020 0.045 0.260 0.582 
 383 I _   0.055 0.048 0.002 0.023 0.030 0.054 0.256 0.532 
 384 T _   0.067 0.065 0.002 0.030 0.039 0.061 0.253 0.482 
 385 G _   0.077 0.080 0.002 0.036 0.047 0.066 0.252 0.440 
 386 V _   0.085 0.090 0.002 0.040 0.052 0.068 0.251 0.410 
 387 Y _   0.092 0.097 0.003 0.043 0.055 0.068 0.253 0.391 
 388 R _   0.094 0.099 0.002 0.043 0.054 0.066 0.256 0.385 
 389 I _   0.095 0.098 0.003 0.042 0.051 0.063 0.261 0.389 
 390 I _   0.092 0.093 0.002 0.037 0.045 0.058 0.267 0.405 
 391 L _   0.086 0.084 0.002 0.032 0.038 0.053 0.275 0.430 
 392 H _   0.077 0.071 0.002 0.025 0.030 0.047 0.284 0.464 
 393 R _   0.067 0.057 0.002 0.018 0.022 0.041 0.293 0.501 
 394 V _   0.056 0.044 0.001 0.013 0.016 0.036 0.302 0.533 
 395 Q _   0.046 0.035 0.001 0.009 0.011 0.032 0.309 0.556 
 396 R _   0.038 0.030 0.001 0.007 0.008 0.028 0.316 0.571 
 397 K _   0.032 0.028 0.001 0.007 0.007 0.026 0.322 0.579 
 398 K _   0.027 0.028 0.001 0.007 0.007 0.024 0.327 0.579 
 399 A _   0.024 0.030 0.001 0.010 0.007 0.023 0.332 0.574 
 400 L _   0.022 0.033 0.001 0.014 0.008 0.022 0.337 0.563 
 401 E _   0.020 0.037 0.001 0.019 0.009 0.021 0.343 0.550 
 402 S _   0.019 0.041 0.001 0.024 0.010 0.020 0.349 0.536 
 403 V _   0.017 0.044 0.001 0.029 0.010 0.019 0.357 0.523 
 404 P _   0.016 0.045 0.001 0.031 0.010 0.017 0.366 0.514 
 405 V _   0.014 0.044 0.001 0.030 0.009 0.015 0.376 0.510 
 406 M _   0.013 0.041 0.001 0.026 0.007 0.013 0.388 0.511 
 407 M _   0.011 0.036 0.001 0.021 0.006 0.011 0.401 0.515 
 408 L _   0.009 0.028 0.001 0.015 0.004 0.009 0.413 0.521 
 409 P _   0.008 0.021 0.000 0.010 0.003 0.007 0.424 0.527 
 410 D _   0.006 0.016 0.000 0.006 0.002 0.005 0.433 0.531 
 411 P _   0.005 0.013 0.000 0.004 0.001 0.004 0.440 0.532 
 412 K _   0.004 0.012 0.000 0.002 0.001 0.004 0.446 0.532 
 413 E _   0.004 0.011 0.000 0.002 0.001 0.004 0.449 0.529 
 414 R _   0.003 0.013 0.000 0.002 0.001 0.004 0.451 0.525 
 415 D _   0.004 0.016 0.000 0.003 0.001 0.005 0.452 0.517 
 416 L _   0.004 0.025 0.000 0.006 0.002 0.007 0.452 0.503 
 417 K _   0.005 0.045 0.000 0.009 0.003 0.009 0.450 0.478 
 418 K X   0.005 0.078 0.001 0.014 0.005 0.011 0.446 0.439 
 419 G X   0.005 0.124 0.001 0.020 0.007 0.012 0.442 0.390 
 420 S X   0.005 0.171 0.001 0.024 0.007 0.013 0.438 0.341 
 421 R X   0.005 0.213 0.001 0.026 0.008 0.013 0.436 0.300 
 422 V X   0.004 0.244 0.001 0.026 0.007 0.012 0.435 0.270 
 423 Y X   0.004 0.266 0.001 0.026 0.007 0.012 0.435 0.250 
 424 R X   0.004 0.280 0.001 0.024 0.007 0.012 0.437 0.236 
 425 G X   0.004 0.289 0.001 0.022 0.006 0.011 0.440 0.227 
 426 I X   0.004 0.296 0.001 0.019 0.006 0.011 0.443 0.220 
 427 R X   0.004 0.300 0.001 0.018 0.006 0.011 0.447 0.214 
 428 H X   0.004 0.304 0.001 0.016 0.006 0.010 0.450 0.208 
 429 T X   0.004 0.307 0.001 0.016 0.005 0.009 0.454 0.203 
 430 S X   0.004 0.310 0.000 0.016 0.005 0.008 0.459 0.198 
 431 K X   0.003 0.311 0.000 0.016 0.004 0.006 0.465 0.194 
 432 F X   0.002 0.309 0.000 0.016 0.003 0.004 0.471 0.195 
 433 C X   0.001 0.303 0.000 0.014 0.001 0.002 0.477 0.202 
 434 S X   0.000 0.293 0.000 0.013 0.000 0.001 0.480 0.213 
 435 I X   0.001 0.282 0.000 0.014 0.000 0.001 0.478 0.224 
 436 L X   0.004 0.270 0.002 0.024 0.005 0.004 0.466 0.227 
