#TopoPred_TM8: 8-state transmembrane topology prediction results by no_profile mode 
#probabilities are in the order of H E C I L F X _, the 8 transmembrane topology types used in PDBTM 
   1 M X   0.027 0.002 0.003 0.074 0.015 0.017 0.454 0.408 
   2 A _   0.011 0.001 0.000 0.044 0.003 0.010 0.465 0.466 
   3 W _   0.005 0.000 0.000 0.022 0.001 0.007 0.463 0.501 
   4 R _   0.008 0.000 0.000 0.013 0.001 0.007 0.452 0.518 
   5 C _   0.018 0.000 0.000 0.010 0.002 0.010 0.432 0.528 
   6 P _   0.043 0.000 0.001 0.007 0.004 0.014 0.401 0.531 
   7 R _   0.087 0.000 0.001 0.005 0.006 0.019 0.363 0.519 
   8 M _   0.156 0.000 0.001 0.004 0.008 0.023 0.317 0.491 
   9 G _   0.244 0.000 0.001 0.004 0.010 0.026 0.266 0.448 
  10 R _   0.341 0.000 0.002 0.003 0.014 0.029 0.215 0.396 
  11 V H   0.437 0.000 0.002 0.003 0.019 0.032 0.169 0.339 
  12 P H   0.527 0.000 0.002 0.003 0.024 0.032 0.132 0.279 
  13 L H   0.610 0.000 0.002 0.002 0.028 0.032 0.105 0.222 
  14 A H   0.672 0.000 0.002 0.002 0.031 0.030 0.087 0.176 
  15 W H   0.720 0.000 0.002 0.002 0.033 0.028 0.075 0.141 
  16 C H   0.752 0.000 0.002 0.001 0.033 0.025 0.068 0.118 
  17 L H   0.770 0.000 0.002 0.002 0.033 0.023 0.064 0.106 
  18 A H   0.776 0.000 0.002 0.002 0.033 0.021 0.062 0.104 
  19 L H   0.771 0.000 0.002 0.002 0.033 0.020 0.061 0.112 
  20 C H   0.753 0.000 0.002 0.002 0.032 0.019 0.061 0.131 
  21 G H   0.721 0.000 0.002 0.003 0.031 0.018 0.062 0.163 
  22 W H   0.669 0.000 0.002 0.004 0.028 0.018 0.064 0.215 
  23 A H   0.597 0.000 0.002 0.004 0.025 0.017 0.067 0.288 
  24 C H   0.510 0.000 0.002 0.005 0.021 0.017 0.072 0.374 
  25 M _   0.415 0.000 0.002 0.005 0.016 0.016 0.077 0.470 
  26 A _   0.317 0.000 0.001 0.005 0.011 0.014 0.083 0.567 
  27 P _   0.228 0.000 0.001 0.005 0.008 0.013 0.089 0.656 
  28 R _   0.156 0.000 0.001 0.005 0.006 0.011 0.094 0.726 
  29 G _   0.102 0.000 0.001 0.005 0.005 0.010 0.098 0.779 
  30 T _   0.066 0.000 0.000 0.005 0.004 0.009 0.101 0.814 
  31 Q _   0.042 0.001 0.000 0.005 0.003 0.008 0.104 0.837 
  32 A _   0.026 0.001 0.000 0.005 0.003 0.007 0.105 0.852 
  33 E _   0.017 0.002 0.000 0.006 0.002 0.007 0.106 0.860 
  34 E _   0.012 0.002 0.000 0.006 0.002 0.007 0.107 0.864 
  35 S _   0.009 0.003 0.000 0.006 0.002 0.006 0.107 0.866 
  36 P _   0.007 0.005 0.000 0.006 0.002 0.006 0.107 0.867 
  37 F _   0.006 0.007 0.000 0.006 0.002 0.006 0.106 0.866 
  38 V _   0.005 0.010 0.000 0.007 0.002 0.007 0.105 0.863 
  39 G _   0.005 0.015 0.000 0.007 0.002 0.008 0.103 0.859 
  40 N _   0.005 0.022 0.000 0.008 0.003 0.009 0.101 0.851 
  41 P _   0.006 0.032 0.000 0.010 0.004 0.011 0.099 0.838 
  42 G _   0.007 0.048 0.001 0.012 0.005 0.013 0.096 0.819 
  43 N _   0.008 0.071 0.001 0.016 0.007 0.016 0.093 0.788 
  44 I _   0.010 0.107 0.001 0.020 0.009 0.019 0.088 0.744 
  45 T _   0.011 0.152 0.001 0.026 0.012 0.022 0.084 0.691 
  46 G _   0.012 0.204 0.002 0.031 0.015 0.025 0.079 0.632 
  47 A _   0.012 0.256 0.002 0.037 0.016 0.026 0.075 0.576 
  48 R _   0.012 0.300 0.002 0.041 0.018 0.026 0.072 0.529 
  49 G _   0.012 0.334 0.001 0.045 0.018 0.026 0.070 0.494 
  50 L _   0.012 0.356 0.001 0.048 0.018 0.026 0.068 0.472 
  51 T _   0.012 0.368 0.001 0.049 0.018 0.025 0.067 0.460 
  52 G _   0.012 0.374 0.001 0.049 0.017 0.024 0.067 0.457 
  53 T _   0.012 0.373 0.001 0.048 0.016 0.022 0.067 0.460 
  54 L _   0.012 0.367 0.001 0.046 0.015 0.021 0.068 0.470 
  55 R _   0.012 0.353 0.001 0.042 0.014 0.019 0.070 0.488 
  56 C _   0.012 0.332 0.001 0.038 0.012 0.018 0.072 0.515 
  57 Q _   0.012 0.301 0.001 0.033 0.011 0.016 0.075 0.550 
  58 L _   0.012 0.262 0.001 0.028 0.010 0.015 0.079 0.593 
  59 Q _   0.012 0.219 0.001 0.022 0.008 0.014 0.083 0.642 
  60 V _   0.011 0.178 0.001 0.017 0.006 0.012 0.086 0.689 
  61 Q _   0.010 0.145 0.001 0.013 0.005 0.011 0.089 0.727 
  62 G _   0.009 0.122 0.001 0.009 0.004 0.010 0.092 0.754 
  63 E _   0.008 0.109 0.000 0.007 0.003 0.009 0.093 0.771 
  64 P _   0.007 0.101 0.000 0.006 0.002 0.009 0.094 0.780 
  65 P _   0.007 0.098 0.000 0.005 0.002 0.009 0.094 0.783 
  66 E _   0.007 0.099 0.000 0.006 0.003 0.010 0.094 0.781 
  67 V _   0.007 0.103 0.000 0.007 0.003 0.011 0.094 0.774 
  68 H _   0.008 0.110 0.000 0.010 0.004 0.012 0.093 0.762 
  69 W _   0.008 0.122 0.001 0.014 0.005 0.014 0.092 0.744 
  70 L _   0.009 0.138 0.001 0.019 0.007 0.015 0.091 0.721 
  71 R _   0.009 0.155 0.001 0.024 0.008 0.016 0.090 0.697 
  72 D _   0.009 0.170 0.001 0.029 0.009 0.017 0.089 0.677 
  73 G _   0.009 0.181 0.001 0.033 0.010 0.017 0.088 0.661 
  74 Q _   0.009 0.188 0.001 0.036 0.010 0.017 0.088 0.651 
  75 I _   0.009 0.190 0.001 0.036 0.010 0.016 0.088 0.649 
  76 L _   0.009 0.189 0.001 0.035 0.010 0.016 0.089 0.651 
  77 E _   0.009 0.184 0.001 0.033 0.009 0.015 0.091 0.659 
  78 L _   0.009 0.175 0.001 0.030 0.008 0.014 0.092 0.671 
  79 A _   0.009 0.161 0.001 0.027 0.007 0.013 0.095 0.687 
  80 D _   0.009 0.145 0.001 0.024 0.007 0.012 0.097 0.705 
  81 S _   0.009 0.127 0.001 0.021 0.006 0.012 0.100 0.725 
  82 T _   0.009 0.109 0.001 0.018 0.005 0.011 0.104 0.744 
  83 Q _   0.009 0.091 0.001 0.016 0.005 0.010 0.107 0.762 
  84 T _   0.008 0.075 0.001 0.015 0.004 0.010 0.110 0.778 
  85 Q _   0.008 0.061 0.001 0.013 0.004 0.009 0.113 0.793 
  86 V _   0.007 0.048 0.000 0.011 0.003 0.008 0.115 0.807 
  87 P _   0.007 0.037 0.000 0.009 0.003 0.007 0.117 0.820 
  88 L _   0.006 0.029 0.000 0.007 0.002 0.007 0.118 0.831 
  89 G _   0.005 0.023 0.000 0.006 0.002 0.006 0.119 0.839 
  90 E _   0.005 0.019 0.000 0.004 0.002 0.006 0.119 0.845 
  91 D _   0.005 0.017 0.000 0.003 0.001 0.007 0.118 0.848 
  92 E _   0.005 0.017 0.000 0.003 0.002 0.008 0.117 0.847 
  93 Q _   0.007 0.019 0.000 0.004 0.002 0.011 0.115 0.842 
  94 D _   0.009 0.024 0.000 0.006 0.004 0.015 0.113 0.829 
  95 D _   0.013 0.037 0.001 0.010 0.007 0.021 0.109 0.803 
  96 W _   0.018 0.065 0.001 0.018 0.012 0.028 0.104 0.755 
  97 I _   0.022 0.115 0.002 0.029 0.019 0.034 0.097 0.681 
  98 V _   0.025 0.179 0.002 0.044 0.026 0.039 0.090 0.595 
  99 V _   0.026 0.236 0.002 0.058 0.030 0.042 0.084 0.522 
 100 S _   0.027 0.272 0.002 0.069 0.033 0.043 0.079 0.475 
 101 Q _   0.027 0.291 0.002 0.076 0.033 0.043 0.076 0.451 
 102 L _   0.027 0.298 0.002 0.079 0.033 0.041 0.075 0.445 
 103 R _   0.027 0.296 0.002 0.077 0.031 0.039 0.074 0.454 
 104 I _   0.026 0.284 0.002 0.071 0.029 0.036 0.074 0.479 
 105 T _   0.026 0.257 0.002 0.060 0.025 0.033 0.075 0.523 
 106 S _   0.025 0.210 0.002 0.046 0.021 0.030 0.077 0.589 
 107 L _   0.025 0.147 0.002 0.032 0.016 0.027 0.079 0.672 
 108 Q _   0.023 0.083 0.001 0.020 0.011 0.024 0.082 0.756 
 109 L _   0.021 0.038 0.001 0.011 0.007 0.021 0.083 0.818 
 110 S _   0.018 0.016 0.001 0.006 0.005 0.020 0.084 0.852 
 111 D _   0.017 0.008 0.000 0.003 0.003 0.019 0.083 0.866 
 112 T _   0.019 0.005 0.000 0.002 0.003 0.020 0.082 0.867 
 113 G _   0.022 0.005 0.000 0.003 0.004 0.024 0.081 0.860 
 114 Q _   0.029 0.007 0.001 0.005 0.007 0.028 0.080 0.844 
 115 Y _   0.037 0.014 0.001 0.009 0.011 0.035 0.078 0.816 
 116 Q _   0.044 0.027 0.001 0.015 0.018 0.041 0.076 0.778 
 117 C _   0.050 0.047 0.002 0.025 0.025 0.046 0.073 0.732 
 118 L _   0.054 0.070 0.002 0.035 0.032 0.049 0.071 0.688 
 119 V _   0.056 0.087 0.002 0.043 0.035 0.050 0.069 0.657 
 120 F _   0.056 0.098 0.002 0.049 0.037 0.050 0.067 0.641 
 121 L _   0.055 0.103 0.002 0.050 0.036 0.048 0.067 0.639 
 122 G _   0.053 0.103 0.002 0.048 0.034 0.045 0.067 0.649 
 123 H _   0.049 0.099 0.002 0.042 0.030 0.041 0.067 0.669 
 124 Q _   0.045 0.091 0.002 0.034 0.024 0.037 0.068 0.698 
 125 T _   0.040 0.079 0.002 0.026 0.019 0.033 0.069 0.732 
 126 F _   0.035 0.067 0.001 0.019 0.014 0.029 0.070 0.765 
 127 V _   0.030 0.056 0.001 0.013 0.010 0.025 0.071 0.793 
 128 S _   0.026 0.048 0.001 0.010 0.008 0.023 0.072 0.813 
 129 Q _   0.022 0.044 0.001 0.008 0.006 0.021 0.073 0.825 
 130 P _   0.020 0.042 0.001 0.008 0.006 0.020 0.073 0.831 
 131 G _   0.018 0.043 0.001 0.009 0.006 0.019 0.073 0.831 
 132 Y _   0.017 0.046 0.001 0.011 0.007 0.020 0.073 0.825 
 133 V _   0.017 0.051 0.001 0.015 0.008 0.020 0.073 0.815 
 134 G _   0.017 0.057 0.001 0.021 0.009 0.020 0.073 0.802 
 135 L _   0.016 0.063 0.001 0.026 0.011 0.020 0.073 0.790 
 136 E _   0.016 0.067 0.001 0.031 0.011 0.020 0.073 0.780 
 137 G _   0.015 0.069 0.001 0.034 0.011 0.019 0.074 0.776 
 138 L _   0.014 0.069 0.001 0.034 0.011 0.018 0.075 0.778 
 139 P _   0.013 0.066 0.001 0.032 0.009 0.016 0.077 0.786 
 140 Y _   0.012 0.061 0.001 0.027 0.008 0.014 0.079 0.799 
 141 F _   0.010 0.053 0.001 0.022 0.006 0.012 0.081 0.816 
 142 L _   0.009 0.043 0.001 0.016 0.005 0.010 0.083 0.834 
 143 E _   0.008 0.034 0.000 0.011 0.003 0.008 0.085 0.850 
 144 E _   0.007 0.028 0.000 0.007 0.002 0.007 0.086 0.862 
 145 P _   0.006 0.024 0.000 0.005 0.002 0.007 0.087 0.870 
 146 E _   0.005 0.022 0.000 0.005 0.002 0.006 0.087 0.873 
 147 D _   0.005 0.022 0.000 0.005 0.002 0.007 0.087 0.872 
 148 R _   0.006 0.024 0.000 0.006 0.002 0.008 0.087 0.868 
 149 T _   0.006 0.027 0.000 0.009 0.003 0.009 0.086 0.859 
 150 V _   0.007 0.034 0.000 0.013 0.004 0.010 0.085 0.847 
 151 A _   0.007 0.042 0.001 0.018 0.005 0.011 0.084 0.832 
 152 A _   0.008 0.051 0.001 0.023 0.006 0.012 0.083 0.817 
 153 N _   0.008 0.058 0.001 0.027 0.007 0.013 0.082 0.805 
 154 T _   0.008 0.063 0.001 0.030 0.007 0.013 0.081 0.798 
 155 P _   0.007 0.065 0.001 0.031 0.007 0.013 0.081 0.795 
 156 F _   0.007 0.066 0.001 0.030 0.007 0.012 0.081 0.797 
 157 N _   0.007 0.064 0.001 0.027 0.006 0.012 0.082 0.802 
 158 L _   0.007 0.061 0.001 0.023 0.005 0.011 0.083 0.810 
 159 S _   0.007 0.056 0.001 0.019 0.005 0.010 0.084 0.820 
 160 C _   0.007 0.051 0.000 0.015 0.004 0.009 0.085 0.830 
 161 Q _   0.006 0.046 0.000 0.011 0.003 0.008 0.085 0.840 
 162 A _   0.006 0.042 0.000 0.008 0.002 0.007 0.086 0.847 
 163 Q _   0.005 0.040 0.000 0.007 0.002 0.007 0.086 0.853 
 164 G _   0.005 0.039 0.000 0.005 0.002 0.007 0.086 0.856 
 165 P _   0.005 0.040 0.000 0.005 0.002 0.007 0.085 0.855 
 166 P _   0.005 0.043 0.000 0.006 0.002 0.008 0.084 0.851 
 167 E _   0.006 0.049 0.000 0.007 0.003 0.010 0.083 0.842 
 168 P _   0.007 0.061 0.001 0.010 0.004 0.012 0.080 0.825 
 169 V _   0.008 0.080 0.001 0.014 0.006 0.014 0.078 0.800 
 170 D _   0.009 0.106 0.001 0.019 0.008 0.016 0.075 0.766 
 171 L _   0.009 0.138 0.001 0.025 0.009 0.018 0.072 0.727 
 172 L _   0.010 0.169 0.001 0.031 0.011 0.019 0.069 0.691 
 173 W _   0.010 0.195 0.001 0.036 0.012 0.019 0.066 0.661 
 174 L _   0.009 0.214 0.001 0.040 0.012 0.019 0.064 0.639 
 175 Q _   0.009 0.227 0.001 0.043 0.012 0.019 0.063 0.626 
 176 D _   0.009 0.233 0.001 0.044 0.012 0.018 0.062 0.620 
 177 A _   0.010 0.236 0.001 0.043 0.012 0.018 0.062 0.620 
 178 V _   0.010 0.234 0.001 0.040 0.011 0.017 0.062 0.625 
 179 P _   0.010 0.227 0.001 0.037 0.010 0.015 0.063 0.637 
 180 L _   0.010 0.215 0.001 0.032 0.009 0.014 0.064 0.654 
 181 A _   0.010 0.198 0.001 0.027 0.008 0.013 0.066 0.677 
 182 T _   0.010 0.177 0.001 0.022 0.006 0.012 0.068 0.705 
 183 A _   0.010 0.154 0.001 0.017 0.005 0.011 0.070 0.734 
 184 P _   0.009 0.133 0.001 0.012 0.004 0.009 0.071 0.761 
 185 G _   0.008 0.117 0.000 0.009 0.003 0.009 0.072 0.781 
 186 H _   0.007 0.107 0.000 0.007 0.003 0.008 0.073 0.795 
 187 G _   0.007 0.102 0.000 0.006 0.002 0.008 0.073 0.802 
 188 P _   0.006 0.100 0.000 0.006 0.002 0.007 0.073 0.805 
 189 Q _   0.006 0.101 0.000 0.007 0.002 0.008 0.072 0.804 
 190 R _   0.006 0.104 0.000 0.009 0.003 0.008 0.071 0.799 
 191 S _   0.006 0.109 0.000 0.011 0.003 0.008 0.070 0.792 
 192 L _   0.006 0.116 0.000 0.013 0.004 0.009 0.069 0.784 
 193 H _   0.005 0.124 0.001 0.015 0.004 0.009 0.067 0.775 
 194 V _   0.005 0.132 0.001 0.017 0.004 0.009 0.066 0.767 
 195 P _   0.005 0.138 0.001 0.018 0.004 0.009 0.064 0.761 
 196 G _   0.005 0.144 0.001 0.018 0.004 0.008 0.063 0.757 
 197 L _   0.004 0.148 0.000 0.017 0.004 0.008 0.062 0.755 
 198 N _   0.004 0.152 0.000 0.017 0.004 0.008 0.061 0.754 
 199 K _   0.004 0.154 0.000 0.016 0.004 0.008 0.060 0.755 
 200 T _   0.004 0.156 0.000 0.015 0.003 0.008 0.059 0.755 
 201 S _   0.004 0.158 0.000 0.014 0.003 0.007 0.059 0.755 
 202 S _   0.004 0.160 0.000 0.013 0.003 0.007 0.058 0.755 
 203 F _   0.004 0.163 0.000 0.012 0.003 0.008 0.057 0.753 
 204 S _   0.004 0.166 0.000 0.012 0.003 0.008 0.056 0.751 
 205 C _   0.004 0.171 0.000 0.012 0.003 0.008 0.055 0.747 
 206 E _   0.004 0.177 0.000 0.012 0.003 0.009 0.054 0.741 
 207 A _   0.004 0.183 0.000 0.012 0.004 0.010 0.053 0.734 
 208 H _   0.005 0.192 0.000 0.013 0.004 0.010 0.052 0.725 
 209 N _   0.005 0.202 0.001 0.013 0.004 0.012 0.050 0.713 
 210 A _   0.006 0.214 0.001 0.015 0.005 0.013 0.049 0.698 
 211 K _   0.007 0.229 0.001 0.016 0.006 0.015 0.047 0.679 
 212 G _   0.008 0.246 0.001 0.018 0.007 0.017 0.046 0.657 
 213 V _   0.009 0.267 0.001 0.020 0.009 0.019 0.044 0.630 
 214 T _   0.011 0.290 0.001 0.023 0.012 0.022 0.043 0.599 
 215 T _   0.012 0.314 0.001 0.027 0.014 0.024 0.041 0.566 
 216 S _   0.013 0.338 0.001 0.032 0.016 0.025 0.040 0.534 
 217 R _   0.014 0.358 0.001 0.038 0.018 0.026 0.039 0.506 
 218 T _   0.015 0.372 0.001 0.043 0.019 0.026 0.039 0.485 
 219 A _   0.015 0.380 0.001 0.047 0.019 0.026 0.039 0.472 
 220 T _   0.016 0.381 0.001 0.049 0.019 0.025 0.040 0.469 
 221 I _   0.016 0.376 0.001 0.050 0.018 0.023 0.041 0.474 
 222 T _   0.016 0.363 0.001 0.048 0.017 0.022 0.043 0.490 
 223 V _   0.016 0.338 0.002 0.043 0.016 0.020 0.045 0.521 
 224 L _   0.015 0.296 0.002 0.037 0.014 0.019 0.049 0.569 
 225 P _   0.015 0.239 0.002 0.031 0.012 0.017 0.053 0.631 
 226 Q _   0.015 0.176 0.001 0.024 0.010 0.016 0.057 0.700 
 227 Q _   0.014 0.118 0.001 0.018 0.008 0.015 0.062 0.765 
 228 P _   0.012 0.076 0.001 0.013 0.006 0.014 0.066 0.813 
 229 R _   0.011 0.050 0.001 0.009 0.004 0.012 0.069 0.844 
 230 N _   0.010 0.037 0.000 0.007 0.003 0.011 0.071 0.861 
 231 L _   0.009 0.029 0.000 0.006 0.003 0.011 0.073 0.869 
 232 H _   0.009 0.025 0.000 0.006 0.003 0.011 0.074 0.872 
 233 L _   0.009 0.024 0.000 0.006 0.003 0.011 0.075 0.872 
 234 V _   0.009 0.023 0.000 0.007 0.003 0.012 0.075 0.871 
 235 S _   0.009 0.023 0.000 0.008 0.004 0.013 0.076 0.868 
 236 R _   0.009 0.023 0.001 0.009 0.004 0.014 0.076 0.863 
 237 Q _   0.010 0.025 0.001 0.010 0.005 0.016 0.076 0.857 
 238 P _   0.011 0.026 0.001 0.012 0.006 0.018 0.076 0.850 
 239 T _   0.013 0.028 0.001 0.014 0.008 0.021 0.076 0.841 
 240 E _   0.014 0.031 0.001 0.016 0.009 0.023 0.076 0.830 
 241 L _   0.016 0.033 0.001 0.018 0.011 0.025 0.076 0.820 
 242 E _   0.018 0.035 0.001 0.019 0.012 0.028 0.076 0.811 
 243 V _   0.020 0.037 0.001 0.021 0.013 0.030 0.077 0.802 
 244 A _   0.022 0.038 0.001 0.021 0.014 0.031 0.077 0.795 
 245 W _   0.025 0.038 0.001 0.020 0.014 0.033 0.078 0.791 
 246 T _   0.027 0.037 0.001 0.019 0.014 0.034 0.080 0.789 
 247 P _   0.029 0.036 0.001 0.017 0.014 0.035 0.081 0.787 
 248 G _   0.032 0.034 0.001 0.014 0.014 0.037 0.083 0.785 
 249 L _   0.036 0.033 0.001 0.012 0.013 0.038 0.084 0.783 
 250 S _   0.040 0.032 0.001 0.010 0.013 0.040 0.086 0.778 
 251 G _   0.045 0.032 0.001 0.009 0.014 0.043 0.087 0.769 
 252 I _   0.051 0.033 0.001 0.009 0.016 0.046 0.089 0.755 
 253 Y _   0.057 0.037 0.001 0.010 0.019 0.049 0.091 0.737 
 254 P _   0.063 0.044 0.001 0.012 0.023 0.052 0.093 0.712 
 255 L _   0.068 0.055 0.002 0.017 0.028 0.054 0.095 0.682 
 256 T _   0.069 0.071 0.002 0.023 0.032 0.055 0.098 0.650 
 257 H _   0.069 0.087 0.002 0.031 0.035 0.054 0.101 0.621 
 258 C _   0.065 0.101 0.002 0.038 0.035 0.052 0.105 0.601 
 259 T _   0.060 0.110 0.002 0.044 0.034 0.048 0.111 0.592 
 260 L _   0.054 0.115 0.002 0.045 0.030 0.043 0.117 0.593 
 261 Q _   0.047 0.115 0.002 0.043 0.026 0.039 0.124 0.604 
 262 A _   0.040 0.112 0.002 0.039 0.021 0.034 0.131 0.621 
 263 V _   0.034 0.106 0.001 0.034 0.017 0.029 0.139 0.640 
 264 L _   0.028 0.097 0.001 0.028 0.013 0.025 0.147 0.660 
 265 S _   0.024 0.088 0.001 0.024 0.010 0.021 0.156 0.675 
 266 N _   0.021 0.079 0.001 0.021 0.008 0.019 0.165 0.686 
 267 D _   0.020 0.071 0.001 0.020 0.007 0.017 0.174 0.692 
 268 G _   0.018 0.063 0.001 0.019 0.006 0.015 0.184 0.695 
 269 M _   0.016 0.055 0.001 0.018 0.005 0.013 0.193 0.698 
 270 G _   0.015 0.046 0.001 0.017 0.005 0.012 0.203 0.702 
 271 I _   0.013 0.037 0.001 0.015 0.004 0.010 0.212 0.708 
 272 Q _   0.012 0.028 0.000 0.012 0.003 0.009 0.220 0.716 
 273 A _   0.010 0.019 0.000 0.009 0.002 0.007 0.227 0.725 
 274 G _   0.008 0.012 0.000 0.006 0.002 0.006 0.232 0.734 
 275 E _   0.007 0.008 0.000 0.004 0.001 0.005 0.236 0.740 
 276 P _   0.006 0.005 0.000 0.003 0.001 0.004 0.238 0.744 
 277 D _   0.005 0.004 0.000 0.002 0.001 0.003 0.239 0.746 
 278 P _   0.004 0.004 0.000 0.002 0.001 0.004 0.239 0.747 
 279 P _   0.004 0.004 0.000 0.002 0.001 0.004 0.238 0.746 
 280 E _   0.005 0.006 0.000 0.003 0.001 0.005 0.235 0.744 
 281 E _   0.005 0.010 0.000 0.005 0.002 0.007 0.231 0.740 
 282 P _   0.006 0.019 0.000 0.008 0.003 0.009 0.226 0.730 
 283 L _   0.006 0.033 0.000 0.012 0.004 0.011 0.218 0.716 
 284 T _   0.006 0.052 0.001 0.017 0.005 0.012 0.209 0.698 
 285 S _   0.006 0.075 0.001 0.021 0.006 0.013 0.200 0.679 
 286 Q _   0.006 0.097 0.001 0.025 0.006 0.014 0.191 0.661 
 287 A _   0.005 0.115 0.001 0.028 0.007 0.014 0.182 0.648 
 288 S _   0.005 0.131 0.001 0.029 0.007 0.014 0.175 0.638 
 289 V _   0.005 0.143 0.001 0.030 0.007 0.014 0.169 0.631 
 290 P _   0.005 0.151 0.001 0.031 0.007 0.014 0.164 0.627 
 291 P _   0.005 0.157 0.001 0.030 0.007 0.014 0.160 0.625 
 292 H _   0.005 0.161 0.001 0.030 0.007 0.014 0.157 0.625 
 293 Q _   0.006 0.163 0.001 0.029 0.007 0.013 0.154 0.627 
 294 L _   0.006 0.162 0.001 0.027 0.007 0.013 0.153 0.632 
 295 R _   0.006 0.159 0.001 0.024 0.007 0.013 0.151 0.640 
 296 L _   0.006 0.155 0.001 0.021 0.006 0.012 0.150 0.649 
 297 G _   0.006 0.149 0.001 0.018 0.005 0.012 0.149 0.660 
 298 S _   0.006 0.142 0.001 0.015 0.005 0.011 0.148 0.672 
 299 L _   0.007 0.136 0.001 0.012 0.004 0.011 0.147 0.682 
 300 H _   0.007 0.132 0.000 0.010 0.004 0.011 0.146 0.690 
 301 P _   0.007 0.129 0.000 0.009 0.004 0.012 0.145 0.694 
 302 H _   0.007 0.130 0.000 0.009 0.004 0.013 0.143 0.693 
 303 T _   0.008 0.133 0.001 0.010 0.005 0.014 0.141 0.688 
 304 P _   0.009 0.139 0.001 0.013 0.006 0.016 0.139 0.677 
 305 Y _   0.010 0.150 0.001 0.018 0.008 0.017 0.137 0.660 
 306 H _   0.011 0.163 0.001 0.024 0.010 0.019 0.134 0.639 
 307 I _   0.011 0.176 0.001 0.030 0.012 0.020 0.132 0.619 
 308 R _   0.012 0.185 0.001 0.036 0.013 0.020 0.130 0.604 
 309 V _   0.012 0.191 0.001 0.040 0.013 0.019 0.129 0.596 
 310 A _   0.011 0.191 0.001 0.040 0.013 0.019 0.128 0.596 
 311 C _   0.011 0.187 0.001 0.038 0.012 0.017 0.129 0.605 
 312 T _   0.010 0.179 0.001 0.033 0.010 0.016 0.129 0.622 
 313 S _   0.009 0.164 0.001 0.027 0.008 0.014 0.131 0.645 
 314 S _   0.009 0.146 0.001 0.021 0.007 0.013 0.132 0.672 
 315 Q _   0.008 0.128 0.001 0.015 0.005 0.011 0.134 0.698 
 316 G _   0.007 0.113 0.001 0.011 0.004 0.011 0.135 0.719 
 317 P _   0.007 0.103 0.000 0.009 0.003 0.010 0.136 0.731 
 318 S _   0.007 0.098 0.000 0.008 0.003 0.010 0.136 0.737 
 319 S _   0.007 0.096 0.000 0.009 0.003 0.010 0.136 0.738 
 320 W _   0.007 0.096 0.000 0.011 0.004 0.011 0.136 0.734 
 321 T _   0.008 0.098 0.001 0.015 0.005 0.012 0.136 0.726 
 322 H _   0.008 0.101 0.001 0.020 0.006 0.012 0.136 0.717 
 323 W _   0.008 0.103 0.001 0.024 0.006 0.012 0.136 0.709 
 324 L _   0.009 0.104 0.001 0.027 0.007 0.012 0.137 0.704 
 325 P _   0.008 0.102 0.001 0.029 0.007 0.012 0.138 0.703 
 326 V _   0.008 0.098 0.001 0.028 0.007 0.011 0.139 0.708 
 327 E _   0.008 0.091 0.001 0.025 0.006 0.011 0.141 0.718 
 328 T _   0.008 0.080 0.001 0.021 0.005 0.009 0.144 0.733 
 329 P _   0.007 0.067 0.001 0.016 0.004 0.008 0.146 0.751 
 330 E _   0.007 0.055 0.000 0.012 0.003 0.007 0.149 0.767 
 331 G _   0.006 0.045 0.000 0.008 0.002 0.006 0.150 0.781 
 332 V _   0.006 0.039 0.000 0.006 0.002 0.006 0.151 0.790 
 333 P _   0.005 0.036 0.000 0.005 0.001 0.005 0.151 0.796 
 334 L _   0.004 0.034 0.000 0.004 0.001 0.005 0.151 0.800 
 335 G _   0.004 0.034 0.000 0.005 0.001 0.005 0.149 0.800 
 336 P _   0.004 0.037 0.000 0.005 0.002 0.006 0.147 0.799 
 337 P _   0.004 0.041 0.000 0.007 0.002 0.007 0.143 0.795 
 338 E _   0.005 0.049 0.000 0.009 0.003 0.008 0.139 0.788 
 339 N _   0.005 0.062 0.000 0.011 0.003 0.009 0.133 0.776 
 340 I _   0.005 0.080 0.001 0.014 0.004 0.010 0.126 0.759 
 341 S _   0.005 0.103 0.001 0.017 0.005 0.012 0.118 0.738 
 342 A _   0.005 0.131 0.001 0.021 0.006 0.013 0.110 0.713 
 343 T _   0.006 0.162 0.001 0.024 0.007 0.013 0.102 0.685 
 344 R _   0.005 0.194 0.001 0.028 0.008 0.014 0.094 0.656 
 345 N _   0.005 0.225 0.001 0.032 0.009 0.015 0.087 0.625 
 346 G _   0.006 0.253 0.001 0.036 0.010 0.015 0.081 0.599 
 347 S _   0.006 0.275 0.001 0.038 0.010 0.015 0.076 0.578 
 348 Q _   0.006 0.291 0.001 0.040 0.010 0.016 0.073 0.564 
 349 A _   0.006 0.300 0.001 0.041 0.010 0.015 0.070 0.557 
 350 F _   0.007 0.303 0.001 0.039 0.010 0.015 0.068 0.558 
 351 V _   0.007 0.302 0.001 0.036 0.009 0.014 0.066 0.565 
 352 H _   0.007 0.295 0.001 0.031 0.008 0.013 0.065 0.579 
 353 W _   0.007 0.284 0.001 0.026 0.007 0.013 0.065 0.598 
 354 Q _   0.007 0.270 0.001 0.020 0.006 0.012 0.064 0.620 
 355 E _   0.007 0.254 0.001 0.015 0.005 0.012 0.064 0.642 
 356 P _   0.007 0.241 0.001 0.012 0.005 0.012 0.063 0.660 
 357 R _   0.007 0.232 0.000 0.009 0.004 0.013 0.063 0.671 
 358 A _   0.008 0.228 0.000 0.009 0.004 0.013 0.062 0.675 
 359 P _   0.009 0.228 0.001 0.010 0.005 0.015 0.061 0.673 
 360 L _   0.010 0.232 0.001 0.012 0.006 0.016 0.060 0.663 
 361 Q _   0.011 0.240 0.001 0.016 0.008 0.017 0.059 0.649 
 362 G _   0.012 0.250 0.001 0.021 0.009 0.018 0.057 0.631 
 363 T _   0.012 0.259 0.001 0.027 0.011 0.019 0.056 0.615 
 364 L _   0.012 0.265 0.001 0.033 0.012 0.019 0.055 0.603 
 365 L _   0.012 0.266 0.001 0.037 0.012 0.019 0.054 0.598 
 366 G _   0.012 0.263 0.001 0.038 0.012 0.019 0.054 0.601 
 367 Y _   0.012 0.252 0.001 0.037 0.012 0.017 0.054 0.614 
 368 R _   0.012 0.234 0.001 0.034 0.011 0.016 0.055 0.637 
 369 L _   0.012 0.206 0.001 0.028 0.010 0.015 0.056 0.672 
 370 A _   0.011 0.171 0.001 0.022 0.008 0.014 0.057 0.715 
 371 Y _   0.011 0.134 0.001 0.016 0.007 0.013 0.059 0.760 
 372 Q _   0.010 0.102 0.001 0.012 0.005 0.012 0.060 0.798 
 373 G _   0.009 0.081 0.001 0.008 0.004 0.011 0.060 0.825 
 374 Q _   0.009 0.070 0.000 0.006 0.003 0.011 0.061 0.840 
 375 D _   0.009 0.065 0.000 0.005 0.003 0.011 0.061 0.846 
 376 T _   0.009 0.063 0.000 0.006 0.003 0.012 0.060 0.846 
 377 P _   0.010 0.065 0.000 0.007 0.004 0.014 0.060 0.840 
 378 E _   0.011 0.070 0.001 0.010 0.005 0.015 0.059 0.829 
 379 V _   0.012 0.078 0.001 0.014 0.007 0.017 0.057 0.814 
 380 L _   0.013 0.089 0.001 0.018 0.009 0.019 0.056 0.795 
 381 M _   0.013 0.101 0.001 0.023 0.010 0.021 0.054 0.776 
 382 D _   0.014 0.111 0.001 0.028 0.012 0.022 0.053 0.760 
 383 I _   0.014 0.119 0.001 0.033 0.013 0.023 0.052 0.746 
 384 G _   0.014 0.124 0.001 0.037 0.014 0.023 0.051 0.736 
 385 L _   0.014 0.127 0.001 0.039 0.015 0.023 0.050 0.731 
 386 R _   0.014 0.126 0.001 0.041 0.014 0.022 0.050 0.732 
 387 Q _   0.013 0.123 0.001 0.041 0.014 0.021 0.050 0.737 
 388 E _   0.013 0.115 0.001 0.039 0.013 0.020 0.051 0.748 
 389 V _   0.012 0.104 0.001 0.035 0.011 0.018 0.052 0.766 
 390 T _   0.012 0.087 0.001 0.030 0.010 0.017 0.053 0.791 
 391 L _   0.012 0.067 0.001 0.023 0.008 0.015 0.054 0.820 
 392 E _   0.012 0.045 0.001 0.017 0.006 0.014 0.056 0.851 
 393 L _   0.012 0.025 0.001 0.011 0.004 0.013 0.056 0.878 
 394 Q _   0.013 0.011 0.000 0.007 0.003 0.012 0.057 0.896 
 395 G _   0.016 0.004 0.000 0.004 0.002 0.012 0.057 0.904 
 396 D _   0.022 0.001 0.000 0.002 0.002 0.014 0.056 0.902 
 397 G _   0.034 0.000 0.000 0.002 0.003 0.017 0.055 0.888 
 398 S _   0.058 0.000 0.000 0.002 0.005 0.024 0.054 0.857 
 399 V _   0.096 0.000 0.001 0.002 0.009 0.033 0.052 0.806 
 400 S _   0.145 0.002 0.001 0.004 0.019 0.046 0.050 0.733 
 401 N _   0.199 0.008 0.002 0.008 0.035 0.061 0.047 0.641 
 402 L _   0.245 0.024 0.003 0.015 0.055 0.072 0.045 0.541 
 403 T _   0.279 0.050 0.004 0.025 0.072 0.079 0.043 0.448 
 404 V _   0.298 0.078 0.004 0.037 0.081 0.081 0.042 0.379 
 405 C _   0.305 0.098 0.004 0.047 0.084 0.079 0.042 0.342 
 406 V _   0.303 0.109 0.004 0.054 0.082 0.074 0.043 0.331 
 407 A _   0.290 0.113 0.004 0.057 0.077 0.068 0.045 0.346 
 408 A _   0.267 0.109 0.004 0.055 0.068 0.061 0.047 0.388 
 409 Y _   0.233 0.098 0.004 0.048 0.056 0.052 0.051 0.458 
 410 T _   0.192 0.077 0.003 0.037 0.041 0.043 0.055 0.552 
 411 A _   0.149 0.050 0.002 0.025 0.026 0.034 0.059 0.655 
 412 A _   0.109 0.026 0.001 0.015 0.015 0.025 0.063 0.746 
 413 G _   0.075 0.012 0.001 0.008 0.008 0.019 0.065 0.812 
 414 D _   0.050 0.005 0.001 0.005 0.004 0.014 0.067 0.854 
 415 G _   0.033 0.002 0.000 0.003 0.003 0.011 0.068 0.879 
 416 P _   0.022 0.002 0.000 0.003 0.002 0.009 0.069 0.893 
 417 W _   0.016 0.001 0.000 0.003 0.002 0.008 0.069 0.901 
 418 S _   0.013 0.001 0.000 0.004 0.002 0.008 0.069 0.904 
 419 L _   0.011 0.002 0.000 0.005 0.002 0.008 0.068 0.904 
 420 P _   0.010 0.003 0.000 0.007 0.003 0.009 0.067 0.902 
 421 V _   0.009 0.004 0.000 0.009 0.003 0.009 0.066 0.899 
 422 P _   0.009 0.006 0.000 0.011 0.004 0.010 0.064 0.896 
 423 L _   0.008 0.008 0.000 0.013 0.004 0.010 0.063 0.893 
 424 E _   0.008 0.009 0.001 0.014 0.004 0.010 0.061 0.892 
 425 A _   0.008 0.010 0.001 0.014 0.004 0.010 0.060 0.893 
 426 W _   0.007 0.011 0.001 0.014 0.004 0.010 0.058 0.895 
 427 R _   0.007 0.011 0.001 0.013 0.004 0.010 0.057 0.897 
 428 P _   0.007 0.011 0.000 0.013 0.004 0.010 0.055 0.900 
 429 G _   0.007 0.012 0.000 0.012 0.004 0.010 0.054 0.902 
 430 Q _   0.007 0.012 0.000 0.012 0.004 0.010 0.053 0.902 
 431 A _   0.007 0.012 0.000 0.013 0.004 0.010 0.051 0.902 
 432 Q _   0.007 0.012 0.001 0.014 0.005 0.010 0.050 0.901 
 433 P _   0.008 0.012 0.001 0.015 0.005 0.010 0.049 0.901 
 434 V _   0.008 0.012 0.001 0.016 0.005 0.010 0.048 0.901 
 435 H _   0.008 0.011 0.001 0.016 0.005 0.010 0.047 0.903 
 436 Q _   0.009 0.010 0.001 0.015 0.005 0.009 0.046 0.907 
 437 L _   0.009 0.008 0.001 0.013 0.004 0.009 0.045 0.913 
 438 V _   0.009 0.006 0.000 0.010 0.004 0.008 0.044 0.919 
 439 K _   0.011 0.003 0.000 0.007 0.003 0.007 0.043 0.926 
 440 E _   0.013 0.002 0.000 0.005 0.002 0.006 0.041 0.931 
 441 P _   0.017 0.001 0.000 0.003 0.002 0.005 0.040 0.932 
 442 S _   0.025 0.000 0.000 0.002 0.002 0.005 0.038 0.928 
 443 T _   0.038 0.000 0.000 0.001 0.002 0.005 0.036 0.917 
 444 P _   0.062 0.000 0.000 0.001 0.002 0.005 0.033 0.896 
 445 A _   0.100 0.000 0.000 0.001 0.003 0.006 0.031 0.860 
 446 F _   0.153 0.000 0.000 0.001 0.004 0.006 0.028 0.808 
 447 S _   0.221 0.000 0.001 0.001 0.004 0.007 0.025 0.742 
 448 W _   0.298 0.000 0.001 0.000 0.005 0.006 0.023 0.667 
 449 P _   0.382 0.000 0.001 0.000 0.005 0.006 0.021 0.585 
 450 W _   0.469 0.000 0.001 0.000 0.005 0.006 0.019 0.500 
 451 W H   0.552 0.000 0.001 0.000 0.005 0.005 0.018 0.419 
 452 Y H   0.630 0.000 0.001 0.000 0.005 0.004 0.017 0.343 
 453 V H   0.700 0.000 0.001 0.000 0.004 0.004 0.016 0.275 
 454 L H   0.760 0.000 0.001 0.000 0.004 0.003 0.015 0.217 
 455 L H   0.812 0.000 0.001 0.000 0.004 0.003 0.014 0.167 
 456 G H   0.854 0.000 0.001 0.000 0.004 0.002 0.013 0.126 
 457 A H   0.889 0.000 0.001 0.000 0.004 0.002 0.012 0.093 
 458 V H   0.917 0.000 0.001 0.000 0.004 0.002 0.010 0.067 
 459 V H   0.937 0.000 0.001 0.000 0.004 0.002 0.009 0.048 
 460 A H   0.950 0.000 0.001 0.000 0.004 0.002 0.008 0.036 
 461 A H   0.957 0.000 0.001 0.000 0.005 0.002 0.007 0.029 
 462 A H   0.959 0.000 0.001 0.000 0.006 0.002 0.006 0.027 
 463 C H   0.957 0.000 0.001 0.000 0.006 0.002 0.005 0.029 
 464 V H   0.950 0.000 0.001 0.000 0.007 0.002 0.004 0.035 
 465 L H   0.938 0.000 0.001 0.000 0.008 0.003 0.004 0.046 
 466 I H   0.917 0.000 0.001 0.000 0.009 0.003 0.004 0.066 
 467 L H   0.887 0.000 0.001 0.000 0.010 0.004 0.004 0.094 
 468 A H   0.843 0.000 0.001 0.000 0.011 0.004 0.004 0.136 
 469 L H   0.783 0.000 0.001 0.001 0.011 0.005 0.004 0.195 
 470 F H   0.702 0.000 0.001 0.001 0.011 0.005 0.005 0.275 
 471 L H   0.598 0.000 0.001 0.001 0.010 0.006 0.007 0.378 
 472 V _   0.477 0.000 0.001 0.001 0.008 0.006 0.009 0.497 
 473 H _   0.358 0.000 0.001 0.001 0.006 0.006 0.011 0.617 
 474 R _   0.250 0.000 0.001 0.001 0.005 0.006 0.014 0.724 
 475 R _   0.164 0.000 0.001 0.001 0.004 0.006 0.016 0.809 
 476 K _   0.105 0.000 0.000 0.001 0.003 0.006 0.018 0.867 
 477 K _   0.067 0.000 0.000 0.001 0.002 0.006 0.020 0.903 
 478 E _   0.043 0.000 0.000 0.002 0.002 0.006 0.021 0.925 
 479 T _   0.030 0.000 0.000 0.002 0.002 0.007 0.022 0.937 
 480 R _   0.022 0.001 0.000 0.003 0.002 0.008 0.022 0.941 
 481 Y _   0.018 0.003 0.000 0.005 0.003 0.009 0.023 0.939 
 482 G _   0.015 0.007 0.000 0.007 0.004 0.010 0.023 0.933 
 483 E _   0.014 0.012 0.001 0.009 0.004 0.012 0.023 0.925 
 484 V _   0.014 0.019 0.001 0.011 0.005 0.013 0.023 0.914 
 485 F _   0.013 0.027 0.001 0.013 0.006 0.015 0.023 0.902 
 486 E _   0.013 0.035 0.001 0.014 0.007 0.017 0.023 0.890 
 487 P _   0.014 0.044 0.001 0.016 0.008 0.018 0.023 0.877 
 488 T _   0.015 0.052 0.001 0.017 0.009 0.020 0.022 0.863 
 489 V _   0.016 0.062 0.001 0.019 0.010 0.022 0.022 0.849 
 490 E _   0.017 0.072 0.001 0.021 0.012 0.023 0.022 0.833 
 491 R _   0.018 0.083 0.001 0.024 0.013 0.024 0.022 0.815 
 492 G _   0.019 0.093 0.001 0.027 0.014 0.025 0.022 0.798 
 493 E _   0.020 0.102 0.001 0.031 0.016 0.026 0.022 0.782 
 494 L _   0.020 0.109 0.001 0.034 0.016 0.026 0.022 0.771 
 495 V _   0.020 0.112 0.001 0.037 0.016 0.025 0.022 0.766 
 496 V _   0.019 0.113 0.001 0.037 0.015 0.024 0.023 0.767 
 497 R _   0.018 0.110 0.001 0.035 0.014 0.022 0.024 0.775 
 498 Y _   0.017 0.104 0.001 0.031 0.012 0.020 0.025 0.790 
 499 R _   0.015 0.094 0.001 0.025 0.010 0.018 0.026 0.811 
 500 V _   0.014 0.081 0.001 0.019 0.008 0.016 0.027 0.835 
 501 R _   0.012 0.068 0.001 0.014 0.006 0.014 0.027 0.858 
 502 K _   0.011 0.058 0.001 0.010 0.005 0.013 0.028 0.876 
 503 S _   0.010 0.050 0.000 0.007 0.004 0.012 0.028 0.889 
 504 Y _   0.009 0.047 0.000 0.006 0.003 0.012 0.029 0.894 
 505 S _   0.010 0.046 0.000 0.006 0.003 0.012 0.029 0.894 
 506 R _   0.010 0.048 0.000 0.007 0.004 0.014 0.028 0.889 
 507 R _   0.011 0.053 0.001 0.009 0.005 0.015 0.028 0.878 
 508 T _   0.013 0.061 0.001 0.012 0.007 0.017 0.028 0.863 
 509 T _   0.014 0.071 0.001 0.016 0.009 0.018 0.027 0.844 
 510 E _   0.015 0.083 0.001 0.020 0.010 0.020 0.027 0.825 
 511 A _   0.015 0.093 0.001 0.024 0.012 0.021 0.027 0.808 
 512 T _   0.016 0.101 0.001 0.027 0.012 0.021 0.026 0.795 
 513 L _   0.016 0.107 0.001 0.028 0.013 0.021 0.026 0.787 
 514 N _   0.016 0.110 0.001 0.029 0.013 0.021 0.026 0.783 
 515 S _   0.017 0.110 0.001 0.029 0.013 0.021 0.027 0.783 
 516 L _   0.017 0.109 0.001 0.028 0.012 0.020 0.027 0.786 
 517 G _   0.016 0.105 0.001 0.027 0.011 0.019 0.028 0.793 
 518 I _   0.016 0.100 0.001 0.024 0.010 0.018 0.029 0.802 
 519 S _   0.015 0.092 0.001 0.022 0.009 0.017 0.030 0.815 
 520 E _   0.015 0.083 0.001 0.019 0.008 0.015 0.030 0.829 
 521 E _   0.014 0.074 0.001 0.016 0.007 0.014 0.031 0.843 
 522 L _   0.013 0.064 0.001 0.013 0.006 0.013 0.032 0.857 
 523 K _   0.012 0.056 0.001 0.011 0.005 0.012 0.033 0.870 
 524 E _   0.011 0.049 0.001 0.009 0.004 0.011 0.034 0.880 
 525 K _   0.011 0.045 0.000 0.008 0.004 0.011 0.034 0.887 
 526 L _   0.010 0.041 0.000 0.008 0.004 0.010 0.035 0.892 
 527 R _   0.010 0.040 0.000 0.007 0.003 0.010 0.035 0.894 
 528 D _   0.010 0.039 0.000 0.008 0.004 0.010 0.035 0.894 
 529 V _   0.010 0.039 0.000 0.008 0.004 0.010 0.036 0.893 
 530 M _   0.010 0.040 0.000 0.009 0.004 0.010 0.036 0.891 
 531 V _   0.010 0.042 0.000 0.010 0.004 0.011 0.036 0.887 
 532 D _   0.010 0.045 0.001 0.010 0.004 0.011 0.036 0.884 
 533 R _   0.010 0.048 0.001 0.011 0.005 0.011 0.035 0.880 
 534 H _   0.010 0.051 0.001 0.012 0.005 0.012 0.035 0.875 
 535 K _   0.009 0.055 0.001 0.012 0.005 0.012 0.035 0.871 
 536 V _   0.009 0.058 0.001 0.013 0.005 0.012 0.035 0.867 
 537 A _   0.009 0.063 0.001 0.013 0.005 0.012 0.035 0.863 
 538 L _   0.009 0.067 0.001 0.013 0.005 0.012 0.034 0.859 
 539 G _   0.009 0.071 0.001 0.013 0.005 0.012 0.034 0.854 
 540 K _   0.009 0.076 0.001 0.013 0.005 0.013 0.034 0.849 
 541 T _   0.009 0.081 0.001 0.014 0.005 0.013 0.033 0.843 
 542 L _   0.009 0.088 0.001 0.015 0.006 0.014 0.033 0.835 
 543 G _   0.009 0.095 0.001 0.018 0.007 0.015 0.032 0.824 
 544 E _   0.009 0.103 0.001 0.021 0.008 0.016 0.032 0.811 
 545 G _   0.010 0.111 0.001 0.025 0.009 0.017 0.032 0.795 
 546 E _   0.011 0.119 0.001 0.031 0.010 0.018 0.031 0.780 
 547 F _   0.011 0.124 0.001 0.036 0.011 0.018 0.031 0.767 
 548 G _   0.011 0.127 0.001 0.041 0.012 0.018 0.031 0.758 
 549 A _   0.011 0.127 0.001 0.043 0.012 0.018 0.032 0.756 
 550 V _   0.011 0.122 0.001 0.042 0.011 0.017 0.033 0.763 
 551 M _   0.011 0.112 0.001 0.038 0.010 0.016 0.034 0.778 
 552 E _   0.010 0.095 0.001 0.031 0.009 0.014 0.036 0.803 
 553 G _   0.010 0.073 0.001 0.023 0.007 0.013 0.038 0.836 
 554 Q _   0.009 0.048 0.001 0.016 0.005 0.011 0.040 0.871 
 555 L _   0.008 0.026 0.001 0.010 0.004 0.010 0.041 0.900 
 556 N _   0.008 0.012 0.000 0.006 0.003 0.010 0.042 0.920 
 557 Q _   0.008 0.005 0.000 0.004 0.002 0.010 0.043 0.928 
 558 D _   0.009 0.003 0.000 0.003 0.002 0.011 0.043 0.929 
 559 D _   0.012 0.002 0.000 0.003 0.002 0.014 0.043 0.924 
 560 S _   0.018 0.002 0.000 0.003 0.003 0.019 0.043 0.911 
 561 I _   0.027 0.003 0.001 0.005 0.006 0.027 0.042 0.890 
 562 L _   0.040 0.005 0.001 0.008 0.010 0.036 0.041 0.859 
 563 K _   0.054 0.010 0.001 0.013 0.017 0.046 0.039 0.818 
 564 V _   0.069 0.018 0.002 0.019 0.026 0.056 0.038 0.773 
 565 A _   0.083 0.025 0.002 0.026 0.035 0.064 0.036 0.729 
 566 V _   0.096 0.032 0.002 0.031 0.043 0.070 0.035 0.691 
 567 K _   0.106 0.037 0.002 0.034 0.049 0.074 0.034 0.664 
 568 T _   0.114 0.039 0.002 0.035 0.052 0.075 0.034 0.648 
 569 M _   0.118 0.040 0.003 0.034 0.053 0.075 0.034 0.643 
 570 K _   0.120 0.039 0.002 0.032 0.051 0.072 0.034 0.649 
 571 I _   0.118 0.037 0.002 0.029 0.046 0.068 0.035 0.665 
 572 A _   0.113 0.033 0.002 0.025 0.040 0.063 0.035 0.688 
 573 I _   0.105 0.028 0.002 0.022 0.033 0.058 0.036 0.716 
 574 C _   0.096 0.023 0.002 0.018 0.027 0.052 0.037 0.746 
 575 T _   0.085 0.018 0.001 0.015 0.021 0.046 0.038 0.776 
 576 R _   0.074 0.013 0.001 0.012 0.016 0.041 0.039 0.803 
 577 S _   0.063 0.010 0.001 0.010 0.012 0.036 0.040 0.827 
 578 E _   0.054 0.008 0.001 0.008 0.010 0.033 0.041 0.846 
 579 L _   0.046 0.007 0.001 0.008 0.009 0.030 0.041 0.859 
 580 E _   0.039 0.007 0.001 0.008 0.008 0.028 0.041 0.868 
 581 D _   0.035 0.007 0.001 0.009 0.008 0.026 0.041 0.872 
 582 F _   0.032 0.008 0.001 0.012 0.009 0.025 0.042 0.873 
 583 L _   0.029 0.009 0.001 0.014 0.009 0.024 0.042 0.872 
 584 S _   0.027 0.009 0.001 0.017 0.010 0.023 0.042 0.871 
 585 E _   0.024 0.010 0.001 0.020 0.010 0.022 0.042 0.871 
 586 A _   0.022 0.010 0.001 0.020 0.010 0.021 0.043 0.875 
 587 V _   0.020 0.009 0.001 0.019 0.009 0.019 0.043 0.881 
 588 C _   0.019 0.007 0.001 0.016 0.007 0.017 0.044 0.890 
 589 M _   0.017 0.005 0.001 0.012 0.006 0.016 0.044 0.899 
 590 K _   0.017 0.003 0.001 0.008 0.004 0.015 0.044 0.908 
 591 E _   0.017 0.002 0.000 0.005 0.003 0.014 0.044 0.914 
 592 F _   0.018 0.001 0.000 0.003 0.003 0.015 0.044 0.916 
 593 D _   0.020 0.001 0.000 0.003 0.003 0.017 0.044 0.912 
 594 H _   0.026 0.001 0.000 0.003 0.004 0.020 0.043 0.902 
 595 P _   0.035 0.002 0.001 0.004 0.007 0.026 0.042 0.883 
 596 N _   0.047 0.007 0.001 0.007 0.013 0.033 0.041 0.851 
 597 V _   0.060 0.018 0.002 0.014 0.021 0.041 0.040 0.804 
 598 M _   0.071 0.038 0.002 0.025 0.030 0.047 0.039 0.748 
 599 R _   0.077 0.062 0.002 0.038 0.037 0.051 0.038 0.695 
 600 L _   0.079 0.079 0.002 0.051 0.041 0.052 0.037 0.659 
 601 I _   0.077 0.089 0.002 0.060 0.042 0.051 0.037 0.642 
 602 G _   0.073 0.093 0.002 0.063 0.040 0.048 0.037 0.644 
 603 V _   0.067 0.091 0.002 0.059 0.036 0.043 0.038 0.664 
 604 C _   0.059 0.083 0.002 0.050 0.029 0.038 0.039 0.700 
 605 F _   0.050 0.069 0.002 0.038 0.022 0.032 0.041 0.747 
 606 Q _   0.041 0.049 0.001 0.025 0.015 0.027 0.042 0.800 
 607 G _   0.032 0.030 0.001 0.015 0.010 0.022 0.043 0.848 
 608 S _   0.024 0.017 0.001 0.008 0.006 0.018 0.044 0.883 
 609 E _   0.018 0.010 0.000 0.005 0.004 0.015 0.044 0.905 
 610 R _   0.014 0.007 0.000 0.003 0.003 0.014 0.043 0.915 
 611 E _   0.013 0.007 0.000 0.003 0.003 0.013 0.043 0.918 
 612 S _   0.013 0.008 0.000 0.004 0.003 0.014 0.042 0.915 
 613 F _   0.014 0.012 0.001 0.006 0.005 0.017 0.041 0.906 
 614 P _   0.015 0.021 0.001 0.011 0.007 0.019 0.040 0.886 
 615 A _   0.017 0.037 0.001 0.018 0.010 0.022 0.038 0.857 
 616 P _   0.018 0.057 0.001 0.027 0.013 0.025 0.036 0.823 
 617 V _   0.018 0.074 0.001 0.035 0.016 0.026 0.034 0.794 
 618 V _   0.019 0.087 0.001 0.041 0.017 0.027 0.033 0.775 
 619 I _   0.019 0.093 0.001 0.044 0.018 0.027 0.032 0.766 
 620 L _   0.018 0.095 0.001 0.042 0.017 0.027 0.031 0.768 
 621 P _   0.018 0.094 0.001 0.037 0.015 0.025 0.031 0.778 
 622 F _   0.017 0.088 0.001 0.030 0.013 0.024 0.031 0.796 
 623 M _   0.016 0.081 0.001 0.023 0.010 0.023 0.030 0.817 
 624 K _   0.015 0.072 0.001 0.016 0.008 0.021 0.030 0.836 
 625 H _   0.014 0.065 0.001 0.012 0.007 0.021 0.030 0.850 
 626 G _   0.014 0.061 0.001 0.010 0.006 0.021 0.030 0.858 
 627 D _   0.015 0.060 0.001 0.010 0.007 0.021 0.029 0.858 
 628 L _   0.016 0.061 0.001 0.012 0.008 0.022 0.029 0.852 
 629 H _   0.018 0.064 0.001 0.016 0.010 0.023 0.028 0.840 
 630 S _   0.019 0.069 0.001 0.022 0.012 0.024 0.027 0.826 
 631 F _   0.021 0.072 0.001 0.028 0.013 0.025 0.027 0.813 
 632 L _   0.021 0.074 0.001 0.033 0.015 0.025 0.026 0.805 
 633 L _   0.022 0.072 0.001 0.035 0.014 0.024 0.026 0.806 
 634 Y _   0.022 0.067 0.001 0.033 0.014 0.022 0.026 0.815 
 635 S _   0.022 0.058 0.001 0.028 0.012 0.021 0.026 0.833 
 636 R _   0.023 0.044 0.001 0.021 0.010 0.019 0.026 0.857 
 637 L _   0.024 0.027 0.001 0.014 0.007 0.017 0.026 0.882 
 638 G _   0.027 0.013 0.001 0.008 0.005 0.016 0.027 0.903 
 639 D _   0.031 0.005 0.000 0.005 0.004 0.015 0.026 0.913 
 640 Q _   0.039 0.001 0.000 0.003 0.003 0.016 0.026 0.912 
 641 P _   0.052 0.000 0.000 0.002 0.003 0.017 0.025 0.900 
 642 V _   0.074 0.000 0.000 0.002 0.004 0.020 0.025 0.875 
 643 Y _   0.108 0.000 0.001 0.002 0.006 0.025 0.024 0.835 
 644 L _   0.153 0.000 0.001 0.002 0.010 0.032 0.023 0.780 
 645 P _   0.207 0.000 0.001 0.003 0.015 0.039 0.021 0.713 
 646 T _   0.261 0.000 0.001 0.004 0.023 0.046 0.020 0.643 
 647 Q _   0.312 0.000 0.002 0.005 0.032 0.053 0.019 0.576 
 648 M _   0.355 0.001 0.002 0.007 0.040 0.057 0.019 0.519 
 649 L _   0.387 0.001 0.002 0.008 0.047 0.060 0.018 0.476 
 650 V _   0.411 0.002 0.002 0.009 0.052 0.061 0.018 0.445 
 651 K _   0.424 0.002 0.002 0.010 0.054 0.060 0.019 0.429 
 652 F _   0.427 0.002 0.002 0.010 0.054 0.058 0.019 0.427 
 653 M _   0.420 0.002 0.002 0.010 0.051 0.056 0.020 0.438 
 654 A _   0.404 0.002 0.002 0.009 0.048 0.053 0.022 0.460 
 655 D _   0.380 0.002 0.002 0.009 0.042 0.049 0.023 0.492 
 656 I _   0.349 0.002 0.002 0.009 0.036 0.046 0.025 0.531 
 657 A _   0.312 0.001 0.002 0.009 0.030 0.042 0.028 0.576 
 658 S _   0.271 0.001 0.002 0.009 0.024 0.038 0.030 0.625 
 659 G _   0.232 0.001 0.001 0.009 0.020 0.035 0.032 0.670 
 660 M _   0.193 0.001 0.001 0.008 0.016 0.031 0.035 0.714 
 661 E _   0.155 0.001 0.001 0.008 0.013 0.028 0.037 0.757 
 662 Y _   0.121 0.001 0.001 0.008 0.010 0.025 0.039 0.795 
 663 L _   0.092 0.001 0.001 0.007 0.009 0.023 0.041 0.826 
