#TopoPred_TM8: 8-state transmembrane topology prediction results by no_profile mode 
#probabilities are in the order of H E C I L F X _, the 8 transmembrane topology types used in PDBTM 
   1 M X   0.017 0.002 0.002 0.068 0.011 0.013 0.684 0.203 
   2 G X   0.007 0.001 0.000 0.044 0.003 0.008 0.703 0.234 
   3 F X   0.003 0.001 0.000 0.025 0.001 0.005 0.706 0.258 
   4 S X   0.002 0.001 0.000 0.017 0.001 0.005 0.701 0.273 
   5 S X   0.002 0.002 0.000 0.013 0.001 0.006 0.691 0.284 
   6 E X   0.003 0.002 0.000 0.011 0.002 0.008 0.678 0.296 
   7 L X   0.004 0.004 0.000 0.010 0.002 0.010 0.662 0.308 
   8 C X   0.005 0.007 0.000 0.011 0.003 0.011 0.643 0.320 
   9 S X   0.006 0.012 0.001 0.013 0.004 0.013 0.621 0.331 
  10 P X   0.006 0.020 0.001 0.017 0.005 0.014 0.596 0.341 
  11 Q X   0.006 0.031 0.001 0.021 0.007 0.016 0.569 0.350 
  12 G X   0.006 0.043 0.001 0.025 0.008 0.017 0.543 0.357 
  13 H X   0.007 0.055 0.001 0.027 0.009 0.018 0.520 0.364 
  14 G X   0.007 0.064 0.001 0.029 0.010 0.018 0.499 0.371 
  15 V X   0.008 0.071 0.001 0.030 0.010 0.019 0.482 0.379 
  16 L X   0.008 0.077 0.001 0.029 0.010 0.019 0.467 0.390 
  17 Q X   0.008 0.080 0.001 0.027 0.009 0.018 0.454 0.402 
  18 Q X   0.009 0.081 0.001 0.024 0.009 0.018 0.443 0.417 
  19 M X   0.009 0.081 0.001 0.020 0.008 0.017 0.432 0.431 
  20 Q _   0.009 0.081 0.001 0.017 0.007 0.017 0.422 0.446 
  21 E _   0.009 0.080 0.001 0.015 0.007 0.017 0.413 0.459 
  22 A _   0.009 0.080 0.001 0.013 0.006 0.016 0.404 0.470 
  23 E _   0.010 0.080 0.001 0.012 0.006 0.017 0.396 0.479 
  24 L _   0.010 0.081 0.001 0.012 0.006 0.017 0.387 0.486 
  25 R _   0.011 0.083 0.001 0.013 0.007 0.017 0.379 0.491 
  26 L _   0.011 0.085 0.001 0.014 0.007 0.017 0.371 0.494 
  27 L _   0.011 0.088 0.001 0.016 0.008 0.018 0.363 0.495 
  28 E _   0.012 0.091 0.001 0.019 0.009 0.018 0.355 0.496 
  29 G _   0.012 0.093 0.001 0.021 0.010 0.018 0.348 0.497 
  30 M _   0.013 0.094 0.001 0.023 0.010 0.018 0.342 0.499 
  31 R _   0.013 0.093 0.001 0.024 0.010 0.017 0.337 0.504 
  32 K _   0.013 0.091 0.001 0.024 0.009 0.016 0.333 0.512 
  33 W _   0.012 0.087 0.001 0.023 0.009 0.015 0.330 0.523 
  34 M _   0.012 0.080 0.001 0.020 0.008 0.014 0.327 0.539 
  35 A _   0.011 0.070 0.001 0.016 0.006 0.012 0.325 0.558 
  36 Q _   0.010 0.060 0.001 0.012 0.005 0.011 0.323 0.578 
  37 R _   0.009 0.051 0.000 0.009 0.004 0.010 0.321 0.596 
  38 V _   0.009 0.044 0.000 0.006 0.003 0.010 0.318 0.610 
  39 K _   0.008 0.040 0.000 0.005 0.003 0.010 0.315 0.619 
  40 S _   0.008 0.039 0.000 0.004 0.003 0.010 0.312 0.624 
  41 D _   0.009 0.040 0.000 0.005 0.003 0.012 0.308 0.623 
  42 R _   0.010 0.044 0.001 0.007 0.005 0.014 0.303 0.617 
  43 E _   0.012 0.054 0.001 0.011 0.007 0.016 0.297 0.602 
  44 Y _   0.013 0.071 0.001 0.018 0.009 0.018 0.290 0.579 
  45 A _   0.013 0.091 0.001 0.026 0.012 0.020 0.283 0.553 
  46 G _   0.014 0.109 0.001 0.035 0.013 0.020 0.278 0.531 
  47 L _   0.013 0.121 0.001 0.041 0.014 0.020 0.273 0.516 
  48 L _   0.013 0.127 0.001 0.044 0.014 0.020 0.270 0.512 
  49 H _   0.012 0.129 0.001 0.044 0.013 0.018 0.268 0.515 
  50 H _   0.011 0.126 0.001 0.041 0.012 0.017 0.267 0.525 
  51 M _   0.010 0.119 0.001 0.035 0.010 0.015 0.267 0.542 
  52 S _   0.009 0.107 0.001 0.029 0.008 0.013 0.268 0.564 
  53 L _   0.009 0.092 0.001 0.022 0.006 0.012 0.270 0.588 
  54 Q _   0.008 0.076 0.001 0.017 0.005 0.010 0.272 0.610 
  55 D _   0.008 0.061 0.001 0.013 0.004 0.009 0.274 0.630 
  56 S _   0.007 0.050 0.000 0.011 0.003 0.008 0.276 0.644 
  57 G _   0.007 0.041 0.000 0.010 0.003 0.008 0.277 0.655 
  58 G _   0.006 0.034 0.000 0.009 0.003 0.007 0.278 0.662 
  59 Q _   0.006 0.029 0.000 0.008 0.002 0.007 0.279 0.668 
  60 S _   0.006 0.025 0.000 0.008 0.002 0.006 0.279 0.673 
  61 R _   0.005 0.022 0.000 0.007 0.002 0.006 0.279 0.679 
  62 A _   0.005 0.019 0.000 0.006 0.002 0.006 0.278 0.684 
  63 I _   0.004 0.017 0.000 0.005 0.002 0.006 0.276 0.690 
  64 S _   0.004 0.016 0.000 0.004 0.001 0.006 0.274 0.694 
  65 P _   0.004 0.016 0.000 0.004 0.001 0.007 0.271 0.697 
  66 D _   0.005 0.017 0.000 0.004 0.002 0.008 0.267 0.697 
  67 S _   0.006 0.021 0.000 0.005 0.003 0.011 0.262 0.692 
  68 P _   0.008 0.030 0.001 0.007 0.005 0.015 0.256 0.678 
  69 I _   0.012 0.052 0.001 0.012 0.009 0.021 0.247 0.647 
  70 S _   0.015 0.096 0.002 0.020 0.014 0.027 0.235 0.592 
  71 Q _   0.017 0.166 0.002 0.029 0.020 0.031 0.220 0.514 
  72 S _   0.017 0.247 0.002 0.037 0.024 0.033 0.207 0.432 
  73 W _   0.016 0.317 0.002 0.043 0.025 0.033 0.197 0.367 
  74 A E   0.016 0.364 0.002 0.045 0.024 0.032 0.190 0.327 
  75 E E   0.015 0.392 0.002 0.045 0.023 0.031 0.185 0.307 
  76 I E   0.015 0.405 0.001 0.044 0.022 0.030 0.182 0.300 
  77 T E   0.015 0.411 0.001 0.040 0.021 0.029 0.181 0.301 
  78 S E   0.016 0.410 0.001 0.036 0.019 0.028 0.180 0.309 
  79 Q E   0.016 0.404 0.001 0.032 0.018 0.027 0.180 0.322 
  80 T E   0.016 0.393 0.001 0.029 0.017 0.026 0.181 0.338 
  81 E E   0.016 0.379 0.001 0.026 0.015 0.025 0.183 0.355 
  82 G _   0.017 0.363 0.001 0.025 0.014 0.023 0.185 0.372 
  83 L _   0.017 0.346 0.001 0.024 0.013 0.022 0.188 0.389 
  84 S _   0.017 0.328 0.001 0.025 0.012 0.021 0.191 0.406 
  85 R _   0.017 0.307 0.001 0.025 0.011 0.020 0.195 0.424 
  86 L _   0.016 0.282 0.001 0.026 0.011 0.018 0.200 0.447 
  87 L _   0.015 0.250 0.001 0.025 0.010 0.017 0.205 0.476 
  88 R _   0.014 0.212 0.001 0.024 0.009 0.015 0.212 0.513 
  89 Q _   0.013 0.170 0.001 0.021 0.008 0.014 0.219 0.555 
  90 H _   0.012 0.128 0.001 0.017 0.006 0.012 0.225 0.598 
  91 A _   0.011 0.090 0.001 0.013 0.005 0.011 0.232 0.638 
  92 E _   0.009 0.063 0.001 0.009 0.003 0.009 0.236 0.670 
  93 D _   0.008 0.046 0.000 0.006 0.002 0.008 0.240 0.690 
  94 L _   0.007 0.037 0.000 0.004 0.002 0.007 0.242 0.701 
  95 N _   0.006 0.032 0.000 0.003 0.002 0.007 0.243 0.706 
  96 S _   0.006 0.032 0.000 0.003 0.002 0.008 0.243 0.707 
  97 G _   0.006 0.033 0.000 0.004 0.002 0.009 0.242 0.702 
  98 P _   0.008 0.038 0.000 0.006 0.003 0.012 0.241 0.692 
  99 L _   0.009 0.049 0.001 0.011 0.005 0.014 0.239 0.673 
 100 S _   0.010 0.067 0.001 0.017 0.007 0.017 0.236 0.645 
 101 K _   0.011 0.092 0.001 0.024 0.010 0.019 0.232 0.610 
 102 L _   0.011 0.117 0.001 0.032 0.012 0.021 0.229 0.577 
 103 S _   0.011 0.136 0.001 0.039 0.013 0.021 0.227 0.552 
 104 L _   0.012 0.148 0.001 0.044 0.014 0.021 0.225 0.535 
 105 L _   0.012 0.154 0.001 0.046 0.014 0.021 0.226 0.527 
 106 I _   0.011 0.156 0.001 0.045 0.013 0.020 0.227 0.526 
 107 R _   0.011 0.153 0.001 0.041 0.012 0.019 0.229 0.533 
 108 E _   0.011 0.146 0.001 0.036 0.011 0.017 0.232 0.546 
 109 R _   0.011 0.133 0.001 0.029 0.009 0.016 0.237 0.565 
 110 Q _   0.010 0.117 0.001 0.022 0.007 0.014 0.242 0.587 
 111 Q _   0.010 0.100 0.001 0.016 0.006 0.013 0.247 0.608 
 112 L _   0.009 0.085 0.001 0.011 0.005 0.012 0.252 0.625 
 113 R _   0.009 0.074 0.000 0.009 0.004 0.011 0.256 0.637 
 114 K _   0.008 0.068 0.000 0.007 0.003 0.011 0.260 0.643 
 115 T _   0.008 0.064 0.000 0.007 0.003 0.011 0.263 0.644 
 116 Y _   0.008 0.063 0.000 0.008 0.003 0.011 0.265 0.641 
 117 S _   0.008 0.064 0.000 0.010 0.004 0.011 0.268 0.635 
 118 E _   0.008 0.066 0.001 0.013 0.005 0.012 0.270 0.627 
 119 Q _   0.008 0.068 0.001 0.016 0.006 0.012 0.272 0.617 
 120 W _   0.009 0.070 0.001 0.020 0.006 0.013 0.274 0.607 
 121 Q _   0.009 0.071 0.001 0.023 0.007 0.013 0.277 0.599 
 122 Q _   0.009 0.071 0.001 0.025 0.007 0.013 0.281 0.594 
 123 L _   0.008 0.069 0.001 0.025 0.007 0.012 0.285 0.593 
 124 Q _   0.008 0.064 0.001 0.024 0.007 0.011 0.291 0.595 
 125 Q _   0.008 0.058 0.001 0.021 0.006 0.010 0.297 0.600 
 126 E _   0.007 0.049 0.001 0.017 0.005 0.009 0.304 0.607 
 127 L _   0.007 0.040 0.001 0.014 0.004 0.008 0.311 0.615 
 128 T _   0.007 0.031 0.000 0.010 0.003 0.007 0.318 0.623 
 129 K _   0.006 0.023 0.000 0.008 0.003 0.006 0.325 0.629 
 130 T _   0.006 0.018 0.000 0.006 0.002 0.006 0.330 0.633 
 131 H _   0.005 0.014 0.000 0.005 0.002 0.005 0.335 0.634 
 132 S _   0.005 0.012 0.000 0.004 0.002 0.005 0.338 0.634 
 133 Q _   0.004 0.011 0.000 0.004 0.002 0.005 0.341 0.633 
 134 D _   0.004 0.011 0.000 0.004 0.002 0.005 0.343 0.630 
 135 I _   0.004 0.012 0.000 0.005 0.002 0.006 0.344 0.627 
 136 E _   0.005 0.013 0.000 0.007 0.002 0.007 0.345 0.621 
 137 K _   0.005 0.016 0.000 0.009 0.003 0.008 0.346 0.615 
 138 L _   0.005 0.019 0.000 0.012 0.003 0.008 0.346 0.606 
 139 K _   0.005 0.022 0.000 0.015 0.004 0.009 0.347 0.598 
 140 S _   0.006 0.025 0.001 0.018 0.005 0.010 0.347 0.589 
 141 Q _   0.006 0.027 0.001 0.020 0.005 0.010 0.349 0.582 
 142 Y _   0.006 0.029 0.001 0.022 0.005 0.010 0.351 0.577 
 143 R _   0.006 0.029 0.001 0.022 0.005 0.010 0.354 0.573 
 144 A _   0.006 0.029 0.001 0.021 0.005 0.010 0.358 0.572 
 145 L _   0.006 0.027 0.001 0.019 0.005 0.009 0.362 0.572 
 146 A _   0.006 0.025 0.000 0.016 0.004 0.008 0.367 0.574 
 147 R _   0.005 0.022 0.000 0.014 0.003 0.008 0.371 0.575 
 148 D _   0.005 0.020 0.000 0.012 0.003 0.007 0.376 0.577 
 149 S _   0.005 0.017 0.000 0.010 0.003 0.007 0.381 0.577 
 150 A _   0.005 0.015 0.000 0.009 0.002 0.007 0.385 0.577 
 151 Q _   0.005 0.013 0.000 0.009 0.002 0.006 0.389 0.575 
 152 A _   0.005 0.011 0.000 0.008 0.002 0.006 0.393 0.573 
 153 K _   0.006 0.010 0.000 0.009 0.002 0.006 0.397 0.571 
 154 R _   0.006 0.009 0.000 0.008 0.002 0.006 0.400 0.569 
 155 K _   0.006 0.008 0.000 0.008 0.002 0.006 0.402 0.568 
 156 Y _   0.005 0.007 0.000 0.008 0.002 0.005 0.405 0.568 
 157 Q _   0.005 0.006 0.000 0.007 0.002 0.005 0.406 0.569 
 158 E _   0.005 0.005 0.000 0.006 0.001 0.005 0.407 0.571 
 159 A _   0.004 0.004 0.000 0.005 0.001 0.004 0.407 0.574 
 160 S _   0.004 0.003 0.000 0.004 0.001 0.004 0.407 0.577 
 161 K _   0.004 0.003 0.000 0.004 0.001 0.004 0.405 0.580 
 162 D _   0.003 0.003 0.000 0.003 0.001 0.004 0.402 0.584 
 163 K _   0.003 0.003 0.000 0.003 0.001 0.004 0.398 0.588 
 164 D _   0.003 0.003 0.000 0.003 0.001 0.004 0.393 0.593 
 165 R _   0.003 0.004 0.000 0.004 0.001 0.005 0.386 0.597 
 166 D _   0.003 0.006 0.000 0.004 0.001 0.006 0.376 0.602 
 167 K _   0.004 0.011 0.000 0.006 0.002 0.008 0.364 0.604 
 168 A _   0.005 0.020 0.000 0.009 0.003 0.011 0.349 0.603 
 169 K _   0.006 0.035 0.001 0.014 0.005 0.015 0.329 0.596 
 170 D _   0.007 0.061 0.001 0.021 0.008 0.019 0.306 0.579 
 171 K _   0.008 0.096 0.001 0.029 0.011 0.023 0.279 0.553 
 172 Y _   0.009 0.139 0.002 0.038 0.014 0.026 0.251 0.522 
 173 V _   0.009 0.179 0.002 0.047 0.017 0.029 0.226 0.491 
 174 R _   0.010 0.212 0.002 0.055 0.019 0.030 0.206 0.468 
 175 S _   0.010 0.233 0.002 0.060 0.020 0.031 0.190 0.455 
 176 L _   0.011 0.245 0.002 0.061 0.020 0.031 0.177 0.453 
 177 W _   0.011 0.249 0.001 0.059 0.020 0.031 0.167 0.460 
 178 K _   0.012 0.248 0.001 0.054 0.019 0.030 0.160 0.475 
 179 L _   0.013 0.241 0.001 0.047 0.017 0.029 0.153 0.498 
 180 F _   0.014 0.228 0.001 0.038 0.016 0.028 0.148 0.527 
 181 A _   0.015 0.211 0.001 0.029 0.014 0.027 0.143 0.559 
 182 H _   0.016 0.192 0.001 0.022 0.012 0.027 0.139 0.589 
 183 H _   0.018 0.176 0.001 0.018 0.011 0.027 0.136 0.615 
 184 N _   0.019 0.163 0.001 0.015 0.010 0.027 0.132 0.632 
 185 R _   0.020 0.155 0.001 0.015 0.010 0.027 0.129 0.643 
 186 Y _   0.022 0.150 0.001 0.016 0.011 0.027 0.125 0.648 
 187 V _   0.023 0.147 0.001 0.019 0.011 0.028 0.122 0.650 
 188 L _   0.023 0.143 0.001 0.022 0.012 0.028 0.119 0.651 
 189 G _   0.024 0.139 0.001 0.025 0.013 0.027 0.116 0.654 
 190 V _   0.024 0.132 0.001 0.027 0.013 0.027 0.113 0.664 
 191 R _   0.023 0.121 0.001 0.026 0.013 0.025 0.111 0.680 
 192 A _   0.022 0.105 0.001 0.024 0.012 0.024 0.109 0.704 
 193 A _   0.021 0.084 0.001 0.020 0.010 0.023 0.107 0.735 
 194 Q _   0.019 0.061 0.001 0.015 0.009 0.021 0.105 0.768 
 195 L _   0.018 0.040 0.001 0.011 0.007 0.020 0.103 0.800 
 196 H _   0.018 0.026 0.001 0.007 0.006 0.020 0.101 0.822 
 197 H _   0.018 0.018 0.001 0.005 0.005 0.020 0.099 0.835 
 198 Q _   0.019 0.015 0.000 0.004 0.005 0.021 0.096 0.839 
 199 H _   0.022 0.014 0.001 0.005 0.006 0.023 0.094 0.836 
 200 H _   0.026 0.015 0.001 0.007 0.008 0.027 0.090 0.826 
 201 H _   0.031 0.018 0.001 0.011 0.012 0.030 0.087 0.810 
 202 Q _   0.037 0.024 0.001 0.017 0.016 0.034 0.083 0.788 
 203 L _   0.041 0.030 0.001 0.025 0.020 0.036 0.080 0.766 
 204 L _   0.044 0.035 0.002 0.033 0.023 0.038 0.077 0.749 
 205 L _   0.046 0.038 0.002 0.038 0.024 0.038 0.074 0.740 
 206 P _   0.047 0.038 0.002 0.039 0.024 0.037 0.072 0.741 
 207 G _   0.048 0.036 0.002 0.036 0.022 0.034 0.070 0.752 
 208 L _   0.047 0.031 0.002 0.030 0.018 0.031 0.069 0.771 
 209 L _   0.046 0.023 0.001 0.022 0.015 0.028 0.068 0.796 
 210 R _   0.046 0.015 0.001 0.014 0.011 0.025 0.066 0.822 
 211 S _   0.045 0.007 0.001 0.008 0.007 0.022 0.065 0.844 
 212 L _   0.045 0.003 0.001 0.005 0.005 0.020 0.063 0.858 
 213 Q _   0.048 0.001 0.000 0.003 0.004 0.020 0.062 0.863 
 214 D _   0.055 0.000 0.000 0.002 0.004 0.020 0.060 0.859 
 215 L _   0.067 0.000 0.000 0.002 0.004 0.022 0.058 0.847 
 216 H _   0.085 0.000 0.001 0.002 0.006 0.025 0.055 0.827 
 217 E _   0.109 0.000 0.001 0.003 0.008 0.029 0.053 0.798 
 218 E _   0.136 0.000 0.001 0.004 0.012 0.034 0.050 0.764 
 219 M _   0.165 0.000 0.001 0.005 0.017 0.038 0.048 0.725 
 220 A _   0.192 0.001 0.001 0.007 0.022 0.042 0.046 0.690 
 221 C _   0.217 0.001 0.002 0.009 0.025 0.045 0.043 0.658 
 222 I _   0.237 0.001 0.002 0.009 0.028 0.046 0.042 0.634 
 223 L _   0.253 0.001 0.002 0.010 0.029 0.047 0.041 0.618 
 224 K _   0.263 0.001 0.002 0.009 0.029 0.046 0.040 0.610 
 225 E _   0.267 0.001 0.002 0.008 0.027 0.044 0.039 0.611 
 226 I _   0.266 0.001 0.002 0.007 0.025 0.042 0.039 0.619 
 227 L _   0.261 0.001 0.001 0.006 0.022 0.039 0.038 0.632 
 228 Q _   0.252 0.000 0.001 0.005 0.018 0.037 0.039 0.648 
 229 E _   0.240 0.000 0.001 0.004 0.015 0.034 0.039 0.666 
 230 Y _   0.228 0.000 0.001 0.004 0.013 0.032 0.039 0.684 
 231 L _   0.215 0.000 0.001 0.003 0.011 0.030 0.039 0.701 
 232 E _   0.203 0.000 0.001 0.003 0.010 0.028 0.040 0.715 
 233 I _   0.195 0.000 0.001 0.003 0.009 0.027 0.040 0.725 
 234 S _   0.189 0.000 0.001 0.003 0.009 0.027 0.041 0.732 
 235 S _   0.185 0.000 0.001 0.003 0.009 0.027 0.041 0.734 
 236 L _   0.183 0.000 0.001 0.003 0.009 0.028 0.041 0.735 
 237 V _   0.183 0.000 0.001 0.003 0.009 0.029 0.042 0.732 
 238 Q _   0.184 0.000 0.001 0.003 0.010 0.031 0.043 0.728 
 239 D _   0.186 0.000 0.001 0.004 0.012 0.032 0.043 0.722 
 240 E _   0.187 0.000 0.001 0.004 0.013 0.034 0.044 0.716 
 241 V _   0.189 0.000 0.001 0.004 0.014 0.036 0.045 0.710 
 242 V _   0.190 0.001 0.001 0.005 0.017 0.038 0.046 0.702 
 243 A _   0.188 0.001 0.001 0.007 0.019 0.040 0.047 0.696 
 244 I _   0.184 0.002 0.001 0.009 0.021 0.041 0.049 0.692 
 245 H _   0.176 0.004 0.002 0.011 0.023 0.042 0.051 0.692 
 246 R _   0.164 0.005 0.002 0.015 0.025 0.042 0.053 0.695 
 247 E _   0.150 0.007 0.002 0.018 0.025 0.041 0.055 0.702 
 248 M _   0.133 0.009 0.002 0.021 0.024 0.038 0.058 0.715 
 249 A _   0.115 0.010 0.002 0.022 0.022 0.036 0.061 0.734 
 250 A _   0.097 0.010 0.002 0.022 0.019 0.032 0.064 0.755 
 251 A _   0.079 0.009 0.001 0.019 0.015 0.028 0.067 0.779 
 252 A _   0.064 0.009 0.001 0.016 0.012 0.025 0.070 0.804 
 253 A _   0.050 0.007 0.001 0.012 0.009 0.021 0.073 0.826 
 254 R _   0.039 0.007 0.001 0.009 0.006 0.018 0.076 0.845 
 255 I _   0.030 0.006 0.001 0.007 0.005 0.016 0.078 0.857 
 256 Q _   0.024 0.006 0.000 0.006 0.004 0.015 0.080 0.865 
 257 P _   0.019 0.006 0.000 0.007 0.004 0.014 0.081 0.867 
 258 E _   0.017 0.008 0.001 0.008 0.004 0.014 0.083 0.865 
 259 A _   0.016 0.010 0.001 0.011 0.005 0.015 0.084 0.859 
 260 E _   0.015 0.014 0.001 0.015 0.006 0.015 0.085 0.849 
 261 Y _   0.014 0.018 0.001 0.020 0.007 0.016 0.087 0.837 
 262 Q _   0.014 0.022 0.001 0.025 0.008 0.016 0.088 0.826 
 263 G _   0.013 0.024 0.001 0.028 0.009 0.016 0.091 0.818 
 264 F _   0.013 0.025 0.001 0.029 0.009 0.015 0.093 0.815 
 265 L _   0.011 0.025 0.001 0.028 0.008 0.013 0.096 0.818 
 266 R _   0.010 0.022 0.001 0.024 0.007 0.012 0.100 0.824 
 267 Q _   0.009 0.019 0.001 0.019 0.005 0.010 0.103 0.834 
 268 Y _   0.008 0.015 0.001 0.014 0.004 0.009 0.107 0.843 
 269 G _   0.007 0.011 0.000 0.010 0.003 0.008 0.110 0.851 
 270 S _   0.007 0.008 0.000 0.007 0.002 0.007 0.113 0.856 
 271 A _   0.006 0.006 0.000 0.005 0.002 0.006 0.116 0.858 
 272 P _   0.006 0.005 0.000 0.005 0.002 0.006 0.119 0.858 
 273 D _   0.006 0.004 0.000 0.005 0.002 0.006 0.121 0.856 
 274 V _   0.006 0.005 0.000 0.006 0.002 0.007 0.122 0.852 
 275 P _   0.006 0.005 0.000 0.007 0.003 0.007 0.124 0.847 
 276 P _   0.007 0.006 0.000 0.009 0.003 0.008 0.125 0.841 
 277 C _   0.007 0.008 0.000 0.012 0.004 0.009 0.126 0.835 
 278 V _   0.007 0.009 0.000 0.015 0.004 0.010 0.126 0.828 
 279 T _   0.007 0.010 0.001 0.017 0.005 0.010 0.127 0.824 
 280 F _   0.007 0.011 0.001 0.018 0.005 0.010 0.128 0.820 
 281 D _   0.007 0.012 0.001 0.019 0.005 0.010 0.130 0.818 
 282 E _   0.006 0.011 0.001 0.018 0.004 0.009 0.131 0.819 
 283 S _   0.006 0.011 0.000 0.016 0.004 0.009 0.133 0.821 
 284 L _   0.006 0.010 0.000 0.014 0.004 0.008 0.135 0.823 
 285 L _   0.006 0.008 0.000 0.012 0.003 0.007 0.136 0.827 
 286 E _   0.006 0.007 0.000 0.010 0.003 0.007 0.137 0.830 
 287 E _   0.005 0.006 0.000 0.008 0.002 0.006 0.139 0.833 
 288 G _   0.005 0.005 0.000 0.007 0.002 0.006 0.139 0.836 
 289 E _   0.005 0.004 0.000 0.006 0.002 0.006 0.140 0.838 
 290 P _   0.005 0.004 0.000 0.005 0.002 0.006 0.140 0.839 
 291 L _   0.005 0.004 0.000 0.005 0.002 0.006 0.139 0.840 
 292 E _   0.005 0.004 0.000 0.005 0.002 0.007 0.138 0.840 
 293 P _   0.005 0.005 0.000 0.005 0.002 0.008 0.137 0.838 
 294 G _   0.005 0.006 0.000 0.006 0.002 0.009 0.135 0.835 
 295 E _   0.006 0.008 0.000 0.008 0.003 0.011 0.133 0.830 
 296 L _   0.007 0.011 0.000 0.010 0.004 0.014 0.131 0.823 
 297 Q _   0.008 0.014 0.001 0.013 0.005 0.016 0.128 0.813 
 298 L _   0.010 0.018 0.001 0.017 0.007 0.019 0.126 0.802 
 299 N _   0.011 0.022 0.001 0.021 0.009 0.022 0.123 0.791 
 300 E _   0.013 0.025 0.001 0.025 0.011 0.025 0.120 0.780 
 301 L _   0.014 0.027 0.001 0.028 0.013 0.028 0.118 0.771 
 302 T _   0.016 0.029 0.001 0.030 0.014 0.030 0.116 0.764 
 303 V _   0.019 0.029 0.001 0.030 0.015 0.031 0.115 0.760 
 304 E _   0.021 0.027 0.001 0.029 0.016 0.032 0.114 0.759 
 305 S _   0.025 0.024 0.001 0.027 0.016 0.033 0.113 0.760 
 306 V _   0.030 0.021 0.001 0.023 0.015 0.034 0.113 0.763 
 307 Q _   0.036 0.016 0.001 0.019 0.014 0.034 0.113 0.767 
 308 H _   0.044 0.010 0.001 0.014 0.013 0.035 0.113 0.770 
 309 T _   0.055 0.006 0.001 0.010 0.012 0.035 0.113 0.768 
 310 L _   0.068 0.003 0.001 0.007 0.011 0.036 0.113 0.761 
 311 T _   0.085 0.001 0.001 0.005 0.011 0.038 0.113 0.746 
 312 S _   0.106 0.001 0.001 0.004 0.012 0.040 0.113 0.724 
 313 V _   0.131 0.000 0.001 0.004 0.014 0.042 0.113 0.694 
 314 T _   0.160 0.000 0.001 0.004 0.017 0.045 0.114 0.659 
 315 D _   0.191 0.000 0.001 0.005 0.021 0.048 0.115 0.619 
 316 E _   0.221 0.001 0.002 0.006 0.026 0.051 0.116 0.579 
 317 L _   0.246 0.001 0.002 0.007 0.030 0.053 0.118 0.542 
 318 A _   0.266 0.001 0.002 0.008 0.034 0.054 0.122 0.513 
 319 V _   0.279 0.002 0.002 0.009 0.036 0.054 0.126 0.493 
 320 A _   0.284 0.002 0.002 0.010 0.036 0.052 0.131 0.483 
 321 T _   0.281 0.002 0.002 0.010 0.035 0.050 0.137 0.484 
 322 E _   0.270 0.002 0.002 0.010 0.032 0.047 0.144 0.494 
 323 M _   0.252 0.002 0.002 0.009 0.028 0.044 0.153 0.510 
 324 V _   0.230 0.001 0.002 0.008 0.024 0.042 0.162 0.531 
 325 F _   0.205 0.001 0.001 0.008 0.021 0.039 0.172 0.553 
 326 R _   0.179 0.001 0.001 0.008 0.018 0.036 0.182 0.575 
 327 R _   0.153 0.002 0.001 0.008 0.015 0.033 0.193 0.593 
 328 Q _   0.129 0.002 0.001 0.010 0.014 0.031 0.204 0.608 
 329 E _   0.107 0.003 0.001 0.012 0.013 0.029 0.216 0.619 
 330 M _   0.087 0.004 0.001 0.015 0.012 0.026 0.227 0.627 
 331 V _   0.070 0.005 0.001 0.017 0.011 0.024 0.239 0.633 
 332 T _   0.056 0.005 0.001 0.019 0.010 0.021 0.251 0.637 
 333 Q _   0.044 0.006 0.001 0.019 0.008 0.018 0.263 0.640 
 334 L _   0.034 0.006 0.001 0.018 0.007 0.016 0.275 0.644 
 335 Q _   0.026 0.005 0.001 0.016 0.006 0.013 0.286 0.648 
 336 Q _   0.019 0.004 0.001 0.013 0.004 0.011 0.297 0.652 
 337 E _   0.014 0.003 0.000 0.010 0.003 0.008 0.306 0.655 
 338 L _   0.011 0.002 0.000 0.007 0.002 0.007 0.314 0.657 
 339 R _   0.008 0.001 0.000 0.005 0.002 0.005 0.321 0.658 
 340 N _   0.006 0.001 0.000 0.003 0.001 0.004 0.325 0.659 
 341 E _   0.005 0.000 0.000 0.002 0.001 0.003 0.329 0.659 
 342 E _   0.004 0.000 0.000 0.002 0.001 0.003 0.331 0.658 
 343 E _   0.004 0.000 0.000 0.002 0.001 0.003 0.332 0.658 
 344 N _   0.003 0.000 0.000 0.002 0.001 0.003 0.333 0.657 
 345 T _   0.003 0.001 0.000 0.002 0.001 0.004 0.332 0.656 
 346 H _   0.004 0.001 0.000 0.003 0.001 0.005 0.330 0.655 
 347 P _   0.004 0.002 0.000 0.005 0.002 0.007 0.328 0.651 
 348 R _   0.005 0.005 0.000 0.008 0.003 0.009 0.325 0.645 
 349 E _   0.006 0.008 0.000 0.011 0.004 0.012 0.321 0.638 
 350 R _   0.006 0.011 0.001 0.015 0.005 0.014 0.318 0.629 
 351 V _   0.007 0.014 0.001 0.019 0.006 0.016 0.314 0.622 
 352 Q _   0.008 0.017 0.001 0.022 0.008 0.018 0.310 0.616 
 353 L _   0.008 0.018 0.001 0.023 0.008 0.020 0.308 0.613 
 354 L _   0.009 0.019 0.001 0.023 0.009 0.022 0.306 0.612 
 355 G _   0.011 0.018 0.001 0.021 0.009 0.023 0.304 0.613 
 356 K _   0.013 0.017 0.001 0.018 0.009 0.024 0.303 0.615 
 357 R _   0.016 0.015 0.001 0.015 0.009 0.026 0.303 0.616 
 358 Q _   0.020 0.012 0.001 0.012 0.009 0.027 0.303 0.615 
 359 V _   0.026 0.011 0.001 0.010 0.010 0.029 0.303 0.611 
 360 L _   0.033 0.009 0.001 0.008 0.010 0.031 0.303 0.604 
 361 Q _   0.041 0.008 0.001 0.007 0.012 0.034 0.304 0.593 
 362 E _   0.050 0.008 0.001 0.007 0.014 0.036 0.305 0.579 
 363 A _   0.060 0.008 0.001 0.008 0.016 0.039 0.306 0.562 
 364 L _   0.069 0.009 0.001 0.009 0.019 0.040 0.308 0.544 
 365 Q _   0.076 0.011 0.001 0.011 0.021 0.041 0.311 0.526 
 366 G _   0.082 0.012 0.001 0.014 0.023 0.041 0.315 0.511 
 367 L _   0.085 0.013 0.002 0.016 0.024 0.041 0.319 0.500 
 368 Q _   0.085 0.014 0.002 0.017 0.024 0.039 0.325 0.495 
 369 V _   0.082 0.014 0.001 0.018 0.022 0.036 0.332 0.495 
 370 A _   0.076 0.014 0.001 0.017 0.020 0.033 0.340 0.500 
 371 L _   0.068 0.012 0.001 0.016 0.017 0.029 0.348 0.509 
 372 C _   0.059 0.010 0.001 0.013 0.013 0.025 0.357 0.521 
 373 S _   0.050 0.008 0.001 0.011 0.010 0.021 0.366 0.533 
 374 Q _   0.042 0.006 0.001 0.008 0.007 0.018 0.375 0.543 
 375 A _   0.034 0.004 0.001 0.007 0.006 0.015 0.383 0.550 
 376 K _   0.027 0.003 0.000 0.006 0.004 0.013 0.391 0.555 
 377 L _   0.022 0.003 0.000 0.005 0.003 0.012 0.397 0.557 
 378 Q _   0.018 0.002 0.000 0.005 0.003 0.011 0.404 0.557 
 379 A _   0.015 0.003 0.000 0.005 0.003 0.010 0.409 0.555 
 380 Q _   0.013 0.003 0.000 0.006 0.003 0.009 0.414 0.551 
 381 Q _   0.012 0.003 0.000 0.007 0.003 0.009 0.419 0.546 
 382 E _   0.011 0.004 0.000 0.009 0.003 0.009 0.424 0.540 
 383 L _   0.010 0.004 0.000 0.010 0.004 0.009 0.429 0.534 
 384 L _   0.009 0.004 0.000 0.011 0.004 0.008 0.434 0.528 
 385 Q _   0.008 0.005 0.000 0.012 0.004 0.008 0.440 0.523 
 386 T _   0.008 0.005 0.000 0.012 0.003 0.007 0.446 0.519 
 387 K _   0.007 0.004 0.000 0.011 0.003 0.007 0.452 0.516 
 388 L _   0.007 0.004 0.000 0.009 0.003 0.006 0.458 0.514 
 389 E _   0.006 0.003 0.000 0.007 0.002 0.005 0.463 0.514 
 390 H _   0.005 0.002 0.000 0.006 0.002 0.004 0.468 0.513 
 391 L _   0.005 0.001 0.000 0.004 0.001 0.004 0.472 0.513 
 392 G _   0.004 0.001 0.000 0.003 0.001 0.003 0.475 0.513 
 393 P _   0.003 0.001 0.000 0.002 0.001 0.003 0.476 0.514 
 394 G _   0.003 0.001 0.000 0.002 0.001 0.003 0.477 0.514 
 395 E _   0.003 0.001 0.000 0.002 0.001 0.003 0.477 0.514 
 396 P _   0.003 0.001 0.000 0.003 0.001 0.003 0.476 0.513 
 397 P _   0.003 0.002 0.000 0.004 0.001 0.004 0.474 0.512 
 398 P _   0.004 0.003 0.000 0.006 0.002 0.005 0.471 0.510 
 399 V _   0.004 0.004 0.000 0.008 0.002 0.006 0.468 0.507 
 400 L _   0.005 0.006 0.000 0.012 0.003 0.007 0.464 0.503 
 401 L _   0.005 0.008 0.000 0.014 0.003 0.008 0.460 0.502 
 402 L _   0.005 0.009 0.000 0.016 0.003 0.008 0.456 0.502 
 403 Q _   0.004 0.010 0.000 0.016 0.003 0.008 0.453 0.505 
 404 D _   0.004 0.010 0.000 0.015 0.003 0.007 0.450 0.511 
 405 D _   0.004 0.010 0.000 0.013 0.003 0.006 0.448 0.517 
 406 R _   0.004 0.009 0.000 0.010 0.002 0.006 0.445 0.524 
 407 H _   0.003 0.009 0.000 0.008 0.002 0.005 0.442 0.530 
 408 S _   0.003 0.008 0.000 0.007 0.002 0.005 0.439 0.536 
 409 T _   0.003 0.008 0.000 0.006 0.001 0.005 0.436 0.542 
 410 S _   0.003 0.008 0.000 0.005 0.001 0.005 0.431 0.547 
 411 S _   0.003 0.008 0.000 0.005 0.001 0.005 0.426 0.552 
 412 S _   0.003 0.009 0.000 0.005 0.001 0.005 0.419 0.557 
 413 E _   0.003 0.011 0.000 0.006 0.002 0.005 0.411 0.562 
 414 Q _   0.003 0.013 0.000 0.006 0.002 0.006 0.401 0.568 
 415 E _   0.003 0.017 0.000 0.007 0.002 0.007 0.390 0.573 
 416 R _   0.004 0.023 0.000 0.009 0.003 0.009 0.377 0.575 
 417 E _   0.004 0.033 0.001 0.011 0.004 0.011 0.362 0.575 
 418 G _   0.005 0.047 0.001 0.015 0.005 0.014 0.344 0.570 
 419 G _   0.006 0.067 0.001 0.019 0.007 0.017 0.326 0.559 
 420 R _   0.007 0.093 0.001 0.023 0.009 0.020 0.306 0.542 
 421 T _   0.008 0.124 0.001 0.027 0.011 0.023 0.286 0.519 
 422 P _   0.009 0.155 0.001 0.031 0.014 0.025 0.268 0.496 
 423 T _   0.010 0.185 0.001 0.035 0.016 0.028 0.252 0.474 
 424 L _   0.011 0.210 0.002 0.037 0.017 0.029 0.237 0.456 
 425 E _   0.012 0.229 0.001 0.038 0.018 0.031 0.226 0.444 
 426 I _   0.014 0.243 0.001 0.039 0.019 0.031 0.216 0.437 
 427 L _   0.015 0.252 0.001 0.039 0.020 0.032 0.207 0.434 
 428 K _   0.016 0.258 0.001 0.039 0.021 0.032 0.200 0.433 
 429 S _   0.018 0.260 0.001 0.039 0.021 0.031 0.194 0.436 
 430 H _   0.019 0.259 0.001 0.039 0.020 0.030 0.190 0.441 
 431 I _   0.020 0.256 0.001 0.038 0.020 0.029 0.186 0.450 
 432 S _   0.021 0.248 0.001 0.038 0.018 0.027 0.183 0.463 
 433 G _   0.021 0.235 0.001 0.036 0.017 0.025 0.182 0.483 
 434 I _   0.021 0.216 0.001 0.033 0.015 0.023 0.181 0.510 
 435 F _   0.021 0.189 0.001 0.029 0.013 0.021 0.180 0.545 
 436 R _   0.020 0.155 0.001 0.024 0.012 0.019 0.180 0.589 
 437 P _   0.019 0.117 0.001 0.019 0.010 0.017 0.181 0.636 
 438 K _   0.017 0.082 0.001 0.015 0.008 0.015 0.181 0.681 
 439 F _   0.015 0.055 0.001 0.011 0.006 0.013 0.181 0.719 
 440 S _   0.013 0.037 0.001 0.008 0.004 0.012 0.181 0.745 
 441 L _   0.011 0.027 0.000 0.006 0.003 0.011 0.180 0.761 
 442 P _   0.010 0.022 0.000 0.006 0.003 0.010 0.178 0.771 
 443 P _   0.010 0.019 0.000 0.006 0.003 0.009 0.177 0.776 
 444 P _   0.009 0.018 0.000 0.006 0.003 0.009 0.175 0.779 
 445 L _   0.009 0.017 0.000 0.007 0.003 0.009 0.172 0.781 
 446 Q _   0.009 0.017 0.000 0.009 0.004 0.010 0.170 0.782 
 447 L _   0.008 0.017 0.000 0.009 0.004 0.010 0.167 0.784 
 448 I _   0.008 0.018 0.000 0.010 0.004 0.010 0.164 0.786 
 449 P _   0.008 0.018 0.000 0.010 0.004 0.010 0.161 0.789 
 450 E _   0.008 0.018 0.000 0.010 0.004 0.010 0.158 0.793 
 451 V _   0.008 0.018 0.000 0.009 0.004 0.010 0.155 0.796 
 452 Q _   0.008 0.018 0.000 0.009 0.004 0.011 0.152 0.799 
 453 K _   0.008 0.019 0.000 0.009 0.004 0.011 0.149 0.801 
 454 P _   0.008 0.020 0.000 0.009 0.004 0.012 0.145 0.801 
 455 L _   0.008 0.021 0.001 0.010 0.005 0.013 0.142 0.801 
 456 H _   0.009 0.024 0.001 0.011 0.005 0.014 0.138 0.798 
 457 E _   0.009 0.027 0.001 0.013 0.006 0.015 0.135 0.794 
 458 Q _   0.010 0.029 0.001 0.014 0.007 0.017 0.131 0.791 
 459 L _   0.011 0.032 0.001 0.015 0.007 0.018 0.128 0.788 
 460 W _   0.011 0.034 0.001 0.015 0.007 0.019 0.125 0.787 
 461 Y _   0.012 0.036 0.001 0.015 0.008 0.020 0.122 0.787 
 462 H _   0.013 0.037 0.001 0.014 0.008 0.022 0.119 0.786 
 463 G _   0.015 0.039 0.001 0.013 0.008 0.024 0.116 0.784 
 464 A _   0.018 0.041 0.001 0.012 0.009 0.027 0.113 0.779 
 465 I _   0.022 0.044 0.001 0.012 0.011 0.030 0.110 0.770 
 466 P _   0.027 0.048 0.001 0.013 0.013 0.034 0.107 0.757 
 467 R _   0.032 0.055 0.001 0.015 0.017 0.038 0.104 0.738 
 468 A _   0.038 0.065 0.001 0.019 0.021 0.042 0.102 0.712 
 469 E _   0.043 0.077 0.002 0.024 0.025 0.045 0.099 0.686 
 470 V _   0.047 0.090 0.002 0.029 0.028 0.046 0.097 0.661 
 471 A _   0.050 0.100 0.002 0.034 0.030 0.046 0.095 0.642 
 472 E _   0.051 0.108 0.002 0.038 0.031 0.045 0.094 0.631 
 473 L _   0.050 0.111 0.002 0.041 0.030 0.043 0.094 0.629 
 474 L _   0.049 0.112 0.002 0.041 0.028 0.040 0.094 0.635 
 475 V _   0.045 0.108 0.002 0.040 0.025 0.037 0.094 0.649 
 476 H _   0.041 0.101 0.002 0.037 0.022 0.033 0.095 0.670 
 477 S _   0.037 0.090 0.001 0.032 0.018 0.029 0.097 0.695 
 478 G _   0.033 0.076 0.001 0.027 0.014 0.025 0.099 0.725 
 479 D _   0.029 0.059 0.001 0.022 0.011 0.021 0.101 0.756 
 480 F _   0.025 0.041 0.001 0.016 0.008 0.018 0.103 0.787 
 481 L _   0.021 0.025 0.001 0.011 0.006 0.015 0.105 0.817 
 482 V _   0.017 0.013 0.001 0.007 0.004 0.013 0.106 0.840 
 483 R _   0.014 0.006 0.000 0.004 0.003 0.011 0.106 0.855 
 484 E _   0.012 0.003 0.000 0.003 0.002 0.010 0.106 0.864 
 485 S _   0.011 0.002 0.000 0.002 0.002 0.010 0.105 0.867 
 486 Q _   0.012 0.002 0.000 0.002 0.002 0.012 0.104 0.867 
 487 G _   0.014 0.002 0.000 0.003 0.003 0.015 0.102 0.861 
 488 K _   0.017 0.004 0.000 0.005 0.005 0.019 0.100 0.850 
 489 Q _   0.022 0.009 0.001 0.008 0.008 0.024 0.098 0.831 
 490 E _   0.027 0.019 0.001 0.014 0.012 0.030 0.095 0.802 
 491 Y _   0.031 0.034 0.001 0.022 0.017 0.035 0.091 0.769 
 492 V _   0.034 0.049 0.002 0.030 0.022 0.038 0.088 0.737 
 493 L _   0.036 0.061 0.002 0.036 0.025 0.041 0.085 0.714 
 494 S _   0.037 0.069 0.002 0.039 0.026 0.042 0.083 0.701 
 495 V _   0.039 0.073 0.002 0.039 0.027 0.042 0.082 0.697 
 496 L _   0.040 0.074 0.002 0.037 0.026 0.041 0.081 0.701 
 497 W _   0.040 0.072 0.002 0.033 0.025 0.039 0.080 0.710 
 498 D _   0.039 0.068 0.001 0.028 0.022 0.038 0.080 0.723 
 499 G _   0.038 0.063 0.001 0.024 0.020 0.035 0.080 0.738 
 500 L _   0.037 0.058 0.001 0.021 0.018 0.033 0.080 0.752 
 501 P _   0.035 0.053 0.001 0.020 0.015 0.031 0.081 0.765 
 502 R _   0.033 0.048 0.001 0.019 0.014 0.028 0.081 0.776 
 503 H _   0.030 0.044 0.001 0.018 0.012 0.026 0.082 0.787 
 504 F _   0.027 0.039 0.001 0.018 0.010 0.023 0.083 0.799 
 505 I _   0.024 0.034 0.001 0.017 0.009 0.020 0.084 0.811 
 506 I _   0.021 0.029 0.001 0.015 0.008 0.018 0.085 0.823 
 507 Q _   0.017 0.024 0.001 0.013 0.006 0.016 0.086 0.836 
 508 S _   0.015 0.019 0.001 0.011 0.005 0.014 0.087 0.848 
 509 L _   0.013 0.015 0.001 0.009 0.004 0.012 0.087 0.859 
 510 D _   0.011 0.011 0.000 0.008 0.004 0.011 0.087 0.867 
 511 N _   0.010 0.009 0.000 0.006 0.003 0.011 0.088 0.873 
 512 L _   0.009 0.007 0.000 0.006 0.003 0.010 0.088 0.877 
 513 Y _   0.009 0.006 0.000 0.005 0.003 0.011 0.087 0.879 
 514 R _   0.009 0.006 0.000 0.005 0.003 0.011 0.087 0.878 
 515 L _   0.010 0.006 0.000 0.005 0.003 0.013 0.086 0.876 
 516 E _   0.011 0.007 0.000 0.006 0.004 0.015 0.085 0.872 
 517 G _   0.014 0.009 0.001 0.006 0.005 0.018 0.083 0.865 
 518 E _   0.017 0.011 0.001 0.007 0.006 0.022 0.082 0.853 
 519 G _   0.022 0.017 0.001 0.009 0.009 0.028 0.080 0.835 
 520 F _   0.029 0.025 0.001 0.012 0.013 0.034 0.077 0.809 
 521 P _   0.036 0.038 0.001 0.016 0.018 0.040 0.075 0.775 
 522 S _   0.043 0.057 0.002 0.022 0.025 0.046 0.072 0.734 
 523 I _   0.048 0.078 0.002 0.029 0.031 0.050 0.070 0.691 
 524 P _   0.052 0.098 0.002 0.037 0.036 0.053 0.068 0.653 
 525 L _   0.054 0.115 0.002 0.045 0.039 0.053 0.067 0.624 
 526 L _   0.055 0.125 0.002 0.051 0.039 0.052 0.066 0.608 
 527 I _   0.055 0.130 0.002 0.054 0.038 0.050 0.066 0.604 
 528 D _   0.053 0.131 0.002 0.053 0.035 0.047 0.067 0.612 
 529 H _   0.050 0.126 0.002 0.049 0.031 0.042 0.068 0.633 
 530 L _   0.045 0.115 0.002 0.043 0.026 0.037 0.069 0.663 
 531 L _   0.040 0.098 0.002 0.035 0.020 0.032 0.071 0.703 
 532 S _   0.034 0.076 0.001 0.026 0.015 0.027 0.073 0.748 
 533 T _   0.029 0.053 0.001 0.018 0.010 0.022 0.075 0.792 
 534 Q _   0.023 0.035 0.001 0.012 0.007 0.018 0.076 0.829 
 535 Q _   0.018 0.023 0.001 0.008 0.005 0.015 0.077 0.854 
 536 P _   0.015 0.016 0.000 0.005 0.003 0.013 0.077 0.869 
 537 L _   0.013 0.014 0.000 0.004 0.003 0.012 0.077 0.877 
 538 T _   0.012 0.013 0.000 0.004 0.003 0.012 0.076 0.880 
 539 K _   0.012 0.014 0.000 0.006 0.003 0.013 0.075 0.878 
 540 K _   0.012 0.016 0.000 0.008 0.004 0.014 0.074 0.872 
 541 S _   0.012 0.020 0.001 0.012 0.006 0.015 0.073 0.861 
 542 G _   0.013 0.026 0.001 0.018 0.007 0.016 0.072 0.847 
 543 V _   0.013 0.032 0.001 0.023 0.009 0.017 0.070 0.835 
 544 V _   0.013 0.037 0.001 0.028 0.010 0.017 0.069 0.825 
 545 L _   0.013 0.039 0.001 0.031 0.010 0.017 0.069 0.821 
 546 H _   0.013 0.040 0.001 0.030 0.010 0.016 0.068 0.822 
 547 R _   0.012 0.039 0.001 0.028 0.009 0.015 0.068 0.829 
 548 A _   0.011 0.035 0.001 0.024 0.007 0.013 0.068 0.841 
 549 V _   0.010 0.031 0.001 0.018 0.006 0.012 0.069 0.855 
 550 P _   0.009 0.025 0.001 0.013 0.005 0.010 0.069 0.868 
 551 K _   0.008 0.021 0.000 0.010 0.004 0.009 0.069 0.879 
 552 D _   0.008 0.017 0.000 0.007 0.003 0.008 0.069 0.888 
 553 K _   0.008 0.015 0.000 0.005 0.002 0.008 0.069 0.893 
 554 W _   0.007 0.014 0.000 0.005 0.002 0.008 0.069 0.894 
 555 V _   0.008 0.015 0.000 0.005 0.002 0.008 0.068 0.894 
 556 L _   0.008 0.016 0.000 0.006 0.003 0.009 0.067 0.890 
 557 N _   0.009 0.020 0.000 0.007 0.004 0.010 0.066 0.884 
 558 H _   0.009 0.025 0.001 0.010 0.005 0.012 0.065 0.874 
 559 E _   0.010 0.032 0.001 0.012 0.006 0.013 0.063 0.862 
 560 D _   0.011 0.040 0.001 0.015 0.007 0.014 0.061 0.850 
 561 L _   0.011 0.048 0.001 0.018 0.007 0.015 0.060 0.839 
 562 V _   0.011 0.055 0.001 0.020 0.008 0.016 0.059 0.831 
 563 L _   0.012 0.060 0.001 0.020 0.008 0.016 0.057 0.826 
 564 G _   0.012 0.064 0.001 0.020 0.008 0.017 0.056 0.823 
 565 E _   0.012 0.066 0.001 0.019 0.008 0.017 0.055 0.823 
 566 Q _   0.012 0.068 0.001 0.017 0.008 0.017 0.055 0.824 
 567 I _   0.012 0.069 0.001 0.015 0.007 0.017 0.054 0.825 
 568 G _   0.012 0.070 0.001 0.014 0.007 0.017 0.053 0.826 
 569 R _   0.012 0.072 0.001 0.014 0.007 0.017 0.053 0.825 
 570 G _   0.012 0.074 0.001 0.014 0.007 0.018 0.052 0.821 
 571 N _   0.013 0.077 0.001 0.016 0.008 0.018 0.051 0.816 
 572 F _   0.013 0.081 0.001 0.017 0.008 0.019 0.051 0.810 
 573 G _   0.013 0.084 0.001 0.019 0.009 0.019 0.050 0.805 
 574 E _   0.013 0.086 0.001 0.021 0.009 0.019 0.050 0.801 
 575 V _   0.013 0.088 0.001 0.021 0.009 0.018 0.050 0.800 
 576 F _   0.013 0.087 0.001 0.020 0.009 0.018 0.050 0.803 
 577 S _   0.012 0.086 0.001 0.018 0.008 0.017 0.050 0.808 
 578 G _   0.012 0.083 0.001 0.016 0.007 0.017 0.050 0.815 
 579 R _   0.012 0.080 0.001 0.013 0.006 0.016 0.050 0.822 
 580 L _   0.012 0.077 0.001 0.011 0.006 0.016 0.050 0.827 
 581 R _   0.012 0.076 0.001 0.010 0.006 0.017 0.050 0.828 
 582 A _   0.013 0.076 0.001 0.010 0.006 0.018 0.050 0.826 
 583 D _   0.015 0.078 0.001 0.012 0.007 0.019 0.050 0.819 
 584 N _   0.016 0.082 0.001 0.015 0.008 0.020 0.050 0.808 
 585 T _   0.018 0.088 0.001 0.020 0.010 0.021 0.050 0.792 
 586 L _   0.019 0.094 0.001 0.025 0.012 0.022 0.050 0.776 
 587 V _   0.020 0.099 0.001 0.031 0.013 0.022 0.050 0.763 
 588 A _   0.021 0.102 0.001 0.035 0.013 0.022 0.051 0.755 
 589 V _   0.020 0.101 0.001 0.037 0.013 0.021 0.052 0.755 
 590 K _   0.019 0.097 0.001 0.035 0.012 0.019 0.053 0.763 
 591 S _   0.018 0.088 0.001 0.032 0.010 0.017 0.054 0.779 
 592 C _   0.016 0.075 0.001 0.026 0.009 0.015 0.056 0.802 
 593 R _   0.014 0.059 0.001 0.020 0.007 0.013 0.058 0.828 
 594 E _   0.012 0.042 0.001 0.014 0.005 0.011 0.060 0.855 
 595 T _   0.010 0.027 0.000 0.009 0.003 0.009 0.061 0.878 
 596 L _   0.009 0.018 0.000 0.006 0.002 0.008 0.062 0.894 
 597 P _   0.007 0.013 0.000 0.004 0.002 0.007 0.063 0.904 
 598 P _   0.006 0.010 0.000 0.004 0.002 0.006 0.063 0.909 
 599 D _   0.006 0.010 0.000 0.004 0.002 0.007 0.062 0.910 
 600 L _   0.006 0.010 0.000 0.004 0.002 0.008 0.061 0.909 
 601 K _   0.007 0.012 0.000 0.006 0.003 0.009 0.060 0.904 
 602 A _   0.007 0.016 0.000 0.010 0.004 0.011 0.058 0.895 
 603 K _   0.008 0.021 0.001 0.015 0.005 0.013 0.056 0.882 
 604 F _   0.008 0.029 0.001 0.022 0.007 0.015 0.054 0.865 
 605 L _   0.009 0.036 0.001 0.029 0.009 0.016 0.051 0.849 
 606 Q _   0.009 0.041 0.001 0.035 0.010 0.018 0.049 0.837 
 607 E _   0.009 0.044 0.001 0.038 0.011 0.018 0.048 0.831 
 608 A _   0.009 0.045 0.001 0.039 0.011 0.018 0.046 0.831 
 609 R _   0.010 0.043 0.001 0.036 0.010 0.017 0.045 0.838 
 610 I _   0.010 0.039 0.001 0.030 0.009 0.017 0.045 0.850 
 611 L _   0.010 0.032 0.001 0.024 0.008 0.016 0.044 0.866 
 612 K _   0.010 0.024 0.001 0.017 0.006 0.015 0.044 0.883 
 613 Q _   0.011 0.016 0.001 0.011 0.005 0.015 0.044 0.898 
 614 Y _   0.011 0.010 0.000 0.007 0.004 0.015 0.043 0.909 
 615 S _   0.013 0.007 0.000 0.005 0.004 0.016 0.043 0.912 
 616 H _   0.015 0.006 0.000 0.004 0.004 0.018 0.042 0.910 
 617 P _   0.020 0.006 0.001 0.005 0.005 0.021 0.041 0.901 
 618 N _   0.026 0.007 0.001 0.007 0.008 0.026 0.040 0.886 
 619 I _   0.033 0.009 0.001 0.011 0.012 0.030 0.039 0.865 
 620 V _   0.039 0.013 0.001 0.017 0.016 0.035 0.038 0.840 
 621 R _   0.045 0.018 0.001 0.024 0.021 0.039 0.037 0.816 
 622 L _   0.048 0.021 0.002 0.029 0.024 0.041 0.036 0.799 
 623 I _   0.050 0.023 0.002 0.033 0.026 0.042 0.035 0.790 
 624 G _   0.049 0.024 0.002 0.033 0.025 0.041 0.034 0.791 
 625 V _   0.048 0.022 0.002 0.030 0.023 0.039 0.034 0.801 
 626 C _   0.045 0.019 0.002 0.024 0.020 0.037 0.034 0.819 
 627 T _   0.043 0.014 0.001 0.018 0.016 0.034 0.034 0.839 
 628 Q _   0.040 0.010 0.001 0.012 0.013 0.032 0.034 0.858 
 629 K _   0.037 0.006 0.001 0.008 0.010 0.030 0.034 0.874 
 630 Q _   0.035 0.004 0.001 0.006 0.008 0.029 0.034 0.884 
 631 P _   0.034 0.003 0.001 0.005 0.007 0.028 0.033 0.888 
 632 I _   0.034 0.003 0.001 0.005 0.008 0.028 0.033 0.888 
 633 Y _   0.036 0.003 0.001 0.006 0.009 0.029 0.033 0.883 
 634 I _   0.038 0.004 0.001 0.008 0.010 0.031 0.032 0.876 
 635 V _   0.041 0.005 0.001 0.011 0.012 0.032 0.032 0.866 
 636 M _   0.043 0.006 0.001 0.013 0.014 0.034 0.031 0.857 
 637 E _   0.045 0.008 0.001 0.015 0.016 0.035 0.031 0.850 
 638 L _   0.045 0.008 0.001 0.016 0.016 0.035 0.031 0.847 
 639 V _   0.045 0.009 0.001 0.016 0.017 0.035 0.031 0.846 
 640 Q _   0.044 0.009 0.001 0.016 0.016 0.035 0.030 0.848 
 641 G _   0.044 0.008 0.001 0.015 0.016 0.034 0.030 0.851 
 642 G _   0.044 0.008 0.001 0.014 0.015 0.034 0.030 0.855 
 643 D _   0.044 0.007 0.001 0.013 0.014 0.033 0.030 0.858 
 644 F _   0.043 0.007 0.001 0.013 0.013 0.032 0.030 0.860 
 645 L _   0.043 0.006 0.001 0.013 0.013 0.032 0.030 0.863 
 646 T _   0.041 0.006 0.001 0.012 0.012 0.031 0.030 0.867 
 647 F _   0.040 0.005 0.001 0.011 0.011 0.030 0.030 0.872 
 648 L _   0.039 0.004 0.001 0.010 0.010 0.029 0.031 0.876 
 649 R _   0.039 0.003 0.001 0.009 0.009 0.028 0.031 0.881 
 650 T _   0.040 0.002 0.001 0.008 0.008 0.027 0.030 0.884 
 651 E _   0.042 0.001 0.001 0.007 0.008 0.027 0.030 0.884 
 652 G _   0.046 0.001 0.001 0.006 0.007 0.028 0.030 0.882 
 653 A _   0.052 0.001 0.001 0.005 0.008 0.029 0.030 0.876 
 654 R _   0.059 0.001 0.001 0.005 0.008 0.031 0.030 0.866 
 655 L _   0.068 0.000 0.001 0.005 0.010 0.033 0.029 0.854 
 656 R _   0.079 0.001 0.001 0.005 0.011 0.036 0.029 0.838 
 657 V _   0.092 0.001 0.001 0.006 0.014 0.039 0.029 0.819 
 658 K _   0.104 0.001 0.001 0.007 0.017 0.043 0.028 0.799 
 659 T _   0.117 0.002 0.001 0.008 0.021 0.046 0.028 0.778 
 660 L _   0.127 0.002 0.001 0.009 0.024 0.048 0.028 0.759 
 661 L _   0.136 0.003 0.002 0.011 0.026 0.050 0.029 0.745 
 662 Q _   0.140 0.004 0.002 0.012 0.027 0.050 0.029 0.735 
 663 M _   0.141 0.005 0.002 0.013 0.028 0.050 0.029 0.731 
