#TopoPred_TM8: 8-state transmembrane topology prediction results by no_profile mode 
#probabilities are in the order of H E C I L F X _, the 8 transmembrane topology types used in PDBTM 
   1 M X   0.027 0.001 0.003 0.058 0.015 0.025 0.652 0.219 
   2 V X   0.018 0.000 0.000 0.042 0.005 0.021 0.670 0.243 
   3 V X   0.015 0.000 0.000 0.031 0.003 0.019 0.673 0.258 
   4 F X   0.019 0.000 0.000 0.023 0.003 0.021 0.668 0.265 
   5 N X   0.024 0.000 0.001 0.018 0.005 0.024 0.656 0.272 
   6 G X   0.031 0.001 0.001 0.014 0.007 0.027 0.637 0.284 
   7 L X   0.037 0.001 0.001 0.011 0.008 0.029 0.617 0.297 
   8 L X   0.042 0.001 0.001 0.009 0.009 0.030 0.597 0.311 
   9 K X   0.046 0.001 0.001 0.009 0.010 0.031 0.576 0.326 
  10 I X   0.047 0.002 0.001 0.010 0.012 0.032 0.556 0.342 
  11 K X   0.045 0.003 0.001 0.011 0.013 0.032 0.536 0.359 
  12 I X   0.043 0.004 0.001 0.012 0.014 0.031 0.518 0.377 
  13 C X   0.041 0.005 0.001 0.013 0.014 0.031 0.501 0.394 
  14 E X   0.038 0.006 0.001 0.014 0.015 0.030 0.486 0.410 
  15 A X   0.036 0.007 0.001 0.015 0.014 0.029 0.472 0.426 
  16 V X   0.033 0.008 0.001 0.015 0.014 0.028 0.459 0.443 
  17 S _   0.030 0.008 0.001 0.015 0.013 0.026 0.447 0.460 
  18 L _   0.028 0.009 0.001 0.014 0.012 0.025 0.435 0.476 
  19 K _   0.025 0.009 0.001 0.013 0.011 0.023 0.424 0.493 
  20 P _   0.023 0.009 0.001 0.013 0.010 0.022 0.414 0.509 
  21 T _   0.021 0.010 0.001 0.012 0.009 0.020 0.404 0.523 
  22 A _   0.019 0.010 0.001 0.012 0.008 0.019 0.395 0.536 
  23 W _   0.018 0.010 0.001 0.012 0.008 0.018 0.387 0.547 
  24 S _   0.016 0.011 0.001 0.012 0.007 0.017 0.379 0.557 
  25 L _   0.015 0.011 0.001 0.012 0.007 0.016 0.371 0.566 
  26 R _   0.014 0.012 0.001 0.012 0.007 0.015 0.364 0.575 
  27 H _   0.013 0.012 0.001 0.012 0.006 0.014 0.357 0.584 
  28 A _   0.012 0.013 0.001 0.012 0.006 0.014 0.351 0.593 
  29 V _   0.011 0.013 0.001 0.011 0.006 0.013 0.344 0.601 
  30 G _   0.011 0.014 0.001 0.010 0.005 0.013 0.338 0.609 
  31 P _   0.010 0.014 0.001 0.010 0.005 0.012 0.331 0.617 
  32 R _   0.010 0.015 0.001 0.010 0.005 0.012 0.325 0.623 
  33 P _   0.010 0.016 0.001 0.010 0.005 0.013 0.319 0.627 
  34 Q _   0.010 0.017 0.001 0.011 0.006 0.013 0.313 0.630 
  35 T _   0.010 0.019 0.001 0.012 0.006 0.013 0.307 0.631 
  36 F _   0.010 0.022 0.001 0.015 0.007 0.014 0.302 0.631 
  37 L _   0.010 0.024 0.001 0.017 0.007 0.014 0.296 0.629 
  38 L _   0.010 0.027 0.001 0.020 0.008 0.014 0.292 0.628 
  39 D _   0.010 0.029 0.001 0.022 0.008 0.014 0.288 0.628 
  40 P _   0.010 0.030 0.001 0.023 0.008 0.014 0.284 0.631 
  41 Y _   0.010 0.029 0.001 0.022 0.007 0.013 0.282 0.637 
  42 I _   0.009 0.028 0.001 0.020 0.006 0.012 0.280 0.645 
  43 A _   0.009 0.026 0.001 0.017 0.005 0.010 0.278 0.654 
  44 L _   0.008 0.023 0.001 0.014 0.004 0.009 0.276 0.665 
  45 N _   0.007 0.020 0.000 0.011 0.004 0.008 0.275 0.675 
  46 V _   0.007 0.018 0.000 0.008 0.003 0.008 0.273 0.683 
  47 D _   0.007 0.016 0.000 0.007 0.003 0.008 0.272 0.688 
  48 D _   0.007 0.015 0.000 0.007 0.003 0.008 0.270 0.691 
  49 S _   0.007 0.014 0.000 0.008 0.003 0.008 0.268 0.692 
  50 R _   0.007 0.014 0.000 0.010 0.003 0.009 0.266 0.691 
  51 I _   0.007 0.015 0.000 0.012 0.004 0.009 0.263 0.689 
  52 G _   0.007 0.016 0.000 0.015 0.004 0.009 0.261 0.687 
  53 Q _   0.007 0.016 0.001 0.016 0.004 0.009 0.259 0.687 
  54 T _   0.007 0.015 0.001 0.017 0.004 0.009 0.257 0.689 
  55 A _   0.007 0.014 0.001 0.016 0.004 0.009 0.255 0.695 
  56 T _   0.006 0.013 0.000 0.013 0.003 0.008 0.253 0.703 
  57 K _   0.006 0.010 0.000 0.010 0.003 0.007 0.252 0.712 
  58 Q _   0.005 0.008 0.000 0.007 0.002 0.006 0.250 0.722 
  59 K _   0.004 0.007 0.000 0.005 0.002 0.005 0.247 0.729 
  60 T _   0.004 0.006 0.000 0.004 0.002 0.005 0.245 0.735 
  61 N _   0.004 0.005 0.000 0.004 0.001 0.005 0.241 0.739 
  62 S _   0.004 0.006 0.000 0.004 0.002 0.006 0.238 0.740 
  63 P _   0.005 0.007 0.000 0.005 0.002 0.007 0.234 0.740 
  64 A _   0.006 0.010 0.000 0.007 0.003 0.009 0.229 0.737 
  65 W _   0.006 0.014 0.000 0.010 0.004 0.010 0.223 0.733 
  66 H _   0.007 0.020 0.001 0.012 0.005 0.012 0.217 0.727 
  67 D _   0.008 0.026 0.001 0.015 0.006 0.013 0.211 0.721 
  68 E _   0.008 0.031 0.001 0.017 0.006 0.015 0.204 0.717 
  69 F _   0.008 0.036 0.001 0.018 0.007 0.016 0.199 0.715 
  70 V _   0.009 0.040 0.001 0.018 0.007 0.017 0.194 0.715 
  71 T _   0.009 0.043 0.001 0.017 0.007 0.018 0.189 0.717 
  72 D _   0.010 0.046 0.001 0.015 0.007 0.019 0.184 0.717 
  73 V _   0.011 0.049 0.001 0.015 0.008 0.021 0.179 0.716 
  74 C _   0.013 0.053 0.001 0.015 0.009 0.023 0.175 0.711 
  75 N _   0.015 0.059 0.001 0.017 0.010 0.025 0.171 0.703 
  76 G _   0.016 0.065 0.001 0.020 0.012 0.027 0.166 0.692 
  77 R _   0.018 0.073 0.001 0.024 0.014 0.028 0.162 0.678 
  78 K _   0.020 0.081 0.001 0.029 0.016 0.029 0.158 0.665 
  79 I _   0.020 0.088 0.001 0.034 0.018 0.029 0.155 0.654 
  80 E _   0.021 0.092 0.001 0.038 0.018 0.029 0.152 0.649 
  81 L _   0.020 0.093 0.001 0.040 0.018 0.027 0.151 0.650 
  82 A _   0.019 0.091 0.001 0.039 0.016 0.025 0.149 0.658 
  83 V _   0.018 0.086 0.001 0.036 0.015 0.023 0.149 0.672 
  84 F _   0.017 0.076 0.001 0.031 0.012 0.021 0.149 0.693 
  85 H _   0.016 0.063 0.001 0.025 0.010 0.018 0.150 0.718 
  86 D _   0.014 0.048 0.001 0.018 0.008 0.016 0.150 0.745 
  87 A _   0.013 0.032 0.001 0.012 0.006 0.014 0.151 0.771 
  88 P _   0.012 0.020 0.001 0.008 0.004 0.013 0.151 0.792 
  89 I _   0.011 0.013 0.000 0.005 0.003 0.012 0.151 0.805 
  90 G _   0.010 0.009 0.000 0.003 0.002 0.012 0.150 0.813 
  91 Y _   0.011 0.008 0.000 0.003 0.002 0.013 0.148 0.814 
  92 D _   0.013 0.009 0.000 0.003 0.003 0.016 0.147 0.810 
  93 D _   0.017 0.012 0.001 0.005 0.005 0.020 0.144 0.798 
  94 F _   0.022 0.021 0.001 0.008 0.009 0.026 0.140 0.773 
  95 V _   0.027 0.045 0.001 0.015 0.015 0.033 0.135 0.728 
  96 A _   0.031 0.089 0.002 0.027 0.023 0.038 0.129 0.661 
  97 N _   0.032 0.145 0.003 0.040 0.029 0.041 0.123 0.587 
  98 C _   0.032 0.195 0.002 0.054 0.032 0.042 0.118 0.525 
  99 T _   0.031 0.229 0.002 0.065 0.032 0.041 0.114 0.486 
 100 I _   0.029 0.247 0.002 0.071 0.032 0.039 0.112 0.469 
 101 Q _   0.027 0.253 0.002 0.073 0.030 0.036 0.112 0.468 
 102 F _   0.025 0.251 0.002 0.069 0.027 0.033 0.112 0.481 
 103 E _   0.023 0.240 0.002 0.061 0.023 0.029 0.113 0.508 
 104 E _   0.021 0.219 0.002 0.050 0.019 0.026 0.115 0.549 
 105 L _   0.019 0.185 0.002 0.038 0.015 0.022 0.118 0.602 
 106 L _   0.017 0.145 0.001 0.027 0.011 0.019 0.121 0.659 
 107 Q _   0.015 0.109 0.001 0.018 0.008 0.016 0.124 0.710 
 108 N _   0.013 0.081 0.001 0.013 0.005 0.014 0.126 0.747 
 109 G _   0.011 0.064 0.001 0.009 0.004 0.012 0.128 0.772 
 110 S _   0.009 0.054 0.000 0.007 0.003 0.010 0.129 0.787 
 111 R _   0.008 0.049 0.000 0.006 0.003 0.010 0.129 0.795 
 112 H _   0.007 0.046 0.000 0.006 0.002 0.009 0.129 0.799 
 113 F _   0.007 0.045 0.000 0.006 0.003 0.009 0.128 0.801 
 114 E _   0.006 0.046 0.000 0.007 0.003 0.009 0.127 0.801 
 115 D _   0.006 0.048 0.000 0.007 0.003 0.010 0.126 0.800 
 116 W _   0.007 0.051 0.000 0.008 0.003 0.011 0.124 0.796 
 117 I _   0.007 0.056 0.000 0.009 0.004 0.013 0.122 0.790 
 118 D _   0.009 0.063 0.001 0.010 0.005 0.015 0.119 0.779 
 119 L _   0.010 0.075 0.001 0.012 0.006 0.018 0.116 0.762 
 120 E _   0.013 0.093 0.001 0.015 0.009 0.022 0.112 0.736 
 121 P _   0.015 0.119 0.001 0.020 0.012 0.025 0.108 0.699 
 122 E _   0.018 0.155 0.002 0.026 0.017 0.029 0.104 0.650 
 123 G _   0.020 0.200 0.002 0.034 0.021 0.031 0.099 0.594 
 124 R _   0.021 0.247 0.002 0.042 0.024 0.033 0.095 0.536 
 125 V _   0.022 0.288 0.002 0.051 0.025 0.033 0.092 0.487 
 126 Y _   0.022 0.316 0.002 0.059 0.025 0.032 0.091 0.453 
 127 V _   0.022 0.333 0.002 0.065 0.024 0.030 0.090 0.435 
 128 I _   0.021 0.340 0.002 0.067 0.022 0.028 0.091 0.429 
 129 I _   0.020 0.338 0.001 0.066 0.020 0.026 0.092 0.436 
 130 D _   0.019 0.327 0.002 0.062 0.018 0.023 0.094 0.455 
 131 L _   0.018 0.304 0.002 0.053 0.015 0.021 0.098 0.490 
 132 S _   0.017 0.263 0.002 0.043 0.012 0.018 0.102 0.543 
 133 G _   0.016 0.208 0.001 0.032 0.009 0.015 0.108 0.611 
 134 S _   0.014 0.149 0.001 0.022 0.007 0.013 0.113 0.681 
 135 S _   0.012 0.103 0.001 0.014 0.005 0.010 0.117 0.739 
 136 G _   0.009 0.073 0.000 0.009 0.003 0.008 0.119 0.778 
 137 E _   0.007 0.058 0.000 0.005 0.002 0.007 0.120 0.801 
 138 A _   0.006 0.051 0.000 0.004 0.001 0.006 0.120 0.812 
 139 P _   0.005 0.049 0.000 0.003 0.001 0.005 0.119 0.817 
 140 K _   0.004 0.050 0.000 0.004 0.001 0.006 0.117 0.817 
 141 D _   0.005 0.055 0.000 0.006 0.002 0.007 0.114 0.811 
 142 N _   0.005 0.068 0.000 0.009 0.003 0.009 0.110 0.795 
 143 E _   0.006 0.092 0.001 0.015 0.004 0.011 0.104 0.767 
 144 E _   0.006 0.127 0.001 0.023 0.006 0.013 0.096 0.729 
 145 R _   0.006 0.165 0.001 0.030 0.007 0.013 0.089 0.688 
 146 V _   0.006 0.198 0.001 0.036 0.008 0.014 0.083 0.656 
 147 F _   0.006 0.219 0.001 0.038 0.008 0.013 0.078 0.637 
 148 R _   0.005 0.232 0.001 0.038 0.007 0.013 0.074 0.630 
 149 E _   0.005 0.238 0.001 0.035 0.007 0.012 0.071 0.631 
 150 R _   0.005 0.239 0.001 0.030 0.006 0.011 0.069 0.639 
 151 M _   0.005 0.237 0.001 0.025 0.005 0.010 0.068 0.650 
 152 R _   0.005 0.233 0.001 0.019 0.004 0.009 0.066 0.663 
 153 P _   0.005 0.228 0.000 0.014 0.004 0.009 0.065 0.675 
 154 R _   0.005 0.224 0.000 0.011 0.003 0.008 0.064 0.684 
 155 K _   0.005 0.222 0.000 0.010 0.003 0.008 0.063 0.689 
 156 R _   0.005 0.223 0.000 0.009 0.003 0.009 0.062 0.689 
 157 Q _   0.005 0.227 0.000 0.010 0.003 0.009 0.060 0.685 
 158 G _   0.005 0.233 0.000 0.011 0.004 0.010 0.058 0.678 
 159 A _   0.006 0.242 0.001 0.013 0.004 0.010 0.057 0.668 
 160 V _   0.006 0.251 0.001 0.015 0.005 0.011 0.055 0.658 
 161 R _   0.006 0.260 0.001 0.016 0.005 0.011 0.053 0.649 
 162 R _   0.006 0.267 0.001 0.016 0.005 0.012 0.051 0.642 
 163 R _   0.006 0.273 0.001 0.016 0.005 0.012 0.050 0.637 
 164 V _   0.006 0.277 0.001 0.016 0.006 0.013 0.048 0.633 
 165 H _   0.007 0.282 0.001 0.016 0.006 0.014 0.047 0.629 
 166 Q _   0.007 0.286 0.001 0.016 0.006 0.015 0.046 0.623 
 167 V _   0.008 0.291 0.001 0.017 0.007 0.016 0.044 0.615 
 168 N _   0.010 0.298 0.001 0.019 0.009 0.018 0.043 0.602 
 169 G _   0.011 0.306 0.001 0.022 0.010 0.020 0.042 0.587 
 170 H _   0.013 0.315 0.001 0.027 0.012 0.021 0.041 0.570 
 171 K _   0.014 0.321 0.001 0.032 0.014 0.023 0.040 0.555 
 172 F _   0.015 0.324 0.001 0.037 0.015 0.023 0.039 0.546 
 173 M _   0.015 0.322 0.001 0.041 0.016 0.023 0.039 0.543 
 174 A _   0.015 0.314 0.001 0.043 0.016 0.022 0.039 0.549 
 175 T _   0.015 0.298 0.001 0.042 0.016 0.022 0.040 0.567 
 176 Y _   0.015 0.270 0.002 0.039 0.015 0.021 0.041 0.599 
 177 L _   0.015 0.227 0.002 0.034 0.013 0.020 0.042 0.647 
 178 R _   0.015 0.170 0.002 0.027 0.012 0.019 0.044 0.712 
 179 Q _   0.015 0.111 0.001 0.019 0.009 0.018 0.046 0.781 
 180 P _   0.014 0.062 0.001 0.012 0.007 0.017 0.047 0.839 
 181 T _   0.013 0.034 0.001 0.007 0.005 0.017 0.048 0.875 
 182 Y _   0.013 0.021 0.000 0.005 0.004 0.017 0.048 0.892 
 183 C _   0.013 0.017 0.000 0.004 0.004 0.018 0.048 0.896 
 184 S _   0.015 0.016 0.000 0.005 0.004 0.021 0.048 0.891 
 185 H _   0.018 0.017 0.001 0.007 0.007 0.025 0.047 0.878 
 186 C _   0.022 0.022 0.001 0.012 0.010 0.030 0.046 0.857 
 187 R _   0.026 0.030 0.001 0.020 0.015 0.035 0.045 0.828 
 188 D _   0.029 0.039 0.002 0.030 0.020 0.039 0.043 0.798 
 189 F _   0.031 0.048 0.002 0.039 0.024 0.041 0.042 0.772 
 190 I _   0.033 0.053 0.002 0.046 0.026 0.043 0.041 0.756 
 191 W _   0.033 0.055 0.002 0.048 0.027 0.043 0.041 0.752 
 192 G _   0.033 0.053 0.002 0.046 0.026 0.042 0.040 0.757 
 193 V _   0.033 0.049 0.002 0.040 0.024 0.041 0.040 0.771 
 194 I _   0.033 0.041 0.002 0.031 0.021 0.040 0.041 0.792 
 195 G _   0.033 0.031 0.001 0.022 0.017 0.039 0.041 0.815 
 196 K _   0.033 0.021 0.001 0.015 0.014 0.038 0.042 0.836 
 197 Q _   0.034 0.013 0.001 0.010 0.012 0.037 0.042 0.851 
 198 G _   0.034 0.009 0.001 0.007 0.010 0.037 0.042 0.858 
 199 Y _   0.036 0.007 0.001 0.007 0.010 0.038 0.043 0.859 
 200 Q _   0.039 0.007 0.001 0.007 0.011 0.039 0.043 0.854 
 201 C _   0.042 0.007 0.001 0.009 0.012 0.041 0.043 0.844 
 202 Q _   0.046 0.008 0.001 0.011 0.015 0.043 0.043 0.832 
 203 V _   0.051 0.009 0.001 0.014 0.017 0.045 0.044 0.819 
 204 C _   0.055 0.011 0.001 0.016 0.019 0.047 0.044 0.807 
 205 T _   0.058 0.012 0.001 0.017 0.020 0.048 0.045 0.799 
 206 C _   0.062 0.012 0.001 0.016 0.021 0.049 0.045 0.793 
 207 V _   0.066 0.013 0.001 0.015 0.021 0.049 0.046 0.789 
 208 V _   0.070 0.013 0.001 0.013 0.021 0.050 0.046 0.786 
 209 H _   0.073 0.014 0.001 0.011 0.021 0.050 0.047 0.782 
 210 K _   0.075 0.015 0.001 0.011 0.022 0.051 0.048 0.777 
 211 R _   0.077 0.017 0.001 0.012 0.023 0.051 0.049 0.769 
 212 C _   0.078 0.020 0.002 0.014 0.025 0.051 0.051 0.759 
 213 H _   0.078 0.026 0.002 0.019 0.026 0.050 0.053 0.747 
 214 E _   0.076 0.033 0.002 0.025 0.027 0.048 0.055 0.735 
 215 L _   0.072 0.039 0.002 0.031 0.027 0.045 0.057 0.726 
 216 I _   0.068 0.043 0.002 0.036 0.026 0.042 0.060 0.723 
 217 I _   0.061 0.046 0.002 0.039 0.024 0.038 0.063 0.728 
 218 T _   0.054 0.045 0.002 0.039 0.021 0.033 0.066 0.740 
 219 K _   0.045 0.043 0.001 0.035 0.017 0.028 0.070 0.761 
 220 C _   0.037 0.037 0.001 0.029 0.013 0.023 0.074 0.785 
 221 A _   0.030 0.029 0.001 0.022 0.009 0.019 0.078 0.812 
 222 G _   0.023 0.021 0.001 0.015 0.006 0.015 0.082 0.837 
 223 L _   0.018 0.014 0.001 0.010 0.004 0.012 0.085 0.858 
 224 K _   0.014 0.009 0.000 0.006 0.003 0.009 0.087 0.872 
 225 K _   0.010 0.006 0.000 0.004 0.002 0.008 0.089 0.880 
 226 Q _   0.008 0.005 0.000 0.003 0.002 0.007 0.090 0.885 
 227 E _   0.007 0.004 0.000 0.003 0.002 0.006 0.091 0.886 
 228 T _   0.006 0.005 0.000 0.004 0.002 0.006 0.091 0.886 
 229 P _   0.006 0.006 0.000 0.005 0.002 0.007 0.091 0.882 
 230 D _   0.006 0.009 0.000 0.007 0.003 0.008 0.091 0.876 
 231 Q _   0.007 0.013 0.000 0.010 0.003 0.010 0.090 0.867 
 232 V _   0.007 0.019 0.001 0.013 0.004 0.011 0.089 0.856 
 233 G _   0.007 0.025 0.001 0.017 0.006 0.012 0.088 0.844 
 234 S _   0.008 0.031 0.001 0.021 0.006 0.013 0.087 0.834 
 235 Q _   0.008 0.035 0.001 0.024 0.007 0.014 0.086 0.825 
 236 R _   0.008 0.039 0.001 0.026 0.008 0.015 0.085 0.819 
 237 F _   0.008 0.040 0.001 0.027 0.008 0.015 0.085 0.816 
 238 S _   0.008 0.041 0.001 0.027 0.008 0.015 0.085 0.816 
 239 V _   0.008 0.041 0.001 0.026 0.008 0.015 0.086 0.817 
 240 N _   0.008 0.039 0.001 0.024 0.008 0.014 0.086 0.820 
 241 M _   0.008 0.037 0.001 0.022 0.007 0.014 0.087 0.824 
 242 P _   0.009 0.034 0.001 0.020 0.007 0.014 0.088 0.828 
 243 H _   0.009 0.031 0.001 0.018 0.007 0.014 0.090 0.831 
 244 K _   0.009 0.027 0.001 0.017 0.006 0.013 0.091 0.836 
 245 F _   0.009 0.023 0.001 0.015 0.006 0.013 0.093 0.840 
 246 G _   0.009 0.019 0.001 0.014 0.006 0.013 0.094 0.844 
 247 I _   0.009 0.016 0.001 0.013 0.005 0.013 0.096 0.848 
 248 H _   0.009 0.012 0.001 0.012 0.005 0.013 0.097 0.851 
 249 N _   0.009 0.009 0.001 0.010 0.005 0.013 0.098 0.855 
 250 Y _   0.010 0.006 0.001 0.008 0.004 0.013 0.100 0.857 
 251 K _   0.011 0.004 0.000 0.007 0.004 0.014 0.101 0.858 
 252 V _   0.014 0.003 0.000 0.006 0.004 0.016 0.101 0.857 
 253 P _   0.018 0.002 0.000 0.005 0.004 0.018 0.102 0.852 
 254 T _   0.024 0.001 0.000 0.004 0.005 0.021 0.102 0.843 
 255 F _   0.034 0.001 0.001 0.004 0.006 0.025 0.102 0.827 
 256 C _   0.050 0.001 0.001 0.004 0.009 0.031 0.102 0.803 
 257 D _   0.070 0.001 0.001 0.005 0.014 0.039 0.101 0.768 
 258 H _   0.096 0.003 0.001 0.006 0.022 0.048 0.101 0.723 
 259 C _   0.124 0.006 0.002 0.009 0.032 0.057 0.101 0.669 
 260 G _   0.150 0.011 0.002 0.014 0.044 0.065 0.101 0.613 
 261 S _   0.173 0.019 0.003 0.019 0.055 0.070 0.102 0.560 
 262 L _   0.188 0.027 0.003 0.026 0.062 0.072 0.104 0.517 
 263 L _   0.196 0.033 0.003 0.032 0.065 0.072 0.107 0.492 
 264 W _   0.196 0.036 0.003 0.036 0.064 0.069 0.111 0.484 
 265 G _   0.190 0.037 0.003 0.036 0.060 0.065 0.117 0.492 
 266 L _   0.178 0.035 0.003 0.033 0.054 0.059 0.123 0.515 
 267 L _   0.160 0.031 0.003 0.028 0.045 0.053 0.130 0.550 
 268 R _   0.138 0.024 0.002 0.022 0.035 0.046 0.138 0.594 
 269 Q _   0.113 0.017 0.002 0.017 0.025 0.039 0.147 0.641 
 270 G _   0.090 0.011 0.001 0.012 0.017 0.033 0.155 0.681 
 271 L _   0.069 0.007 0.001 0.009 0.011 0.027 0.162 0.713 
 272 Q _   0.052 0.005 0.001 0.007 0.008 0.023 0.168 0.736 
 273 C _   0.040 0.003 0.001 0.007 0.006 0.020 0.174 0.750 
 274 K _   0.030 0.003 0.001 0.007 0.005 0.017 0.179 0.758 
 275 V _   0.024 0.003 0.001 0.007 0.005 0.016 0.184 0.761 
 276 C _   0.019 0.003 0.001 0.008 0.005 0.014 0.188 0.762 
 277 K _   0.016 0.003 0.001 0.009 0.005 0.014 0.192 0.760 
 278 M _   0.014 0.004 0.001 0.011 0.005 0.013 0.196 0.757 
 279 N _   0.013 0.004 0.001 0.012 0.005 0.012 0.200 0.752 
 280 V _   0.011 0.005 0.001 0.013 0.006 0.012 0.205 0.748 
 281 H _   0.011 0.005 0.001 0.014 0.005 0.011 0.210 0.744 
 282 R _   0.010 0.005 0.001 0.014 0.005 0.011 0.215 0.741 
 283 R _   0.009 0.004 0.001 0.013 0.005 0.010 0.220 0.739 
 284 C _   0.008 0.004 0.001 0.011 0.004 0.009 0.226 0.738 
 285 E _   0.007 0.003 0.000 0.009 0.004 0.008 0.231 0.737 
 286 T _   0.006 0.003 0.000 0.007 0.003 0.007 0.236 0.737 
 287 N _   0.006 0.002 0.000 0.006 0.002 0.007 0.240 0.736 
 288 V _   0.006 0.002 0.000 0.005 0.002 0.007 0.244 0.734 
 289 A _   0.006 0.002 0.000 0.004 0.002 0.007 0.247 0.732 
 290 P _   0.006 0.002 0.000 0.004 0.002 0.008 0.250 0.727 
 291 N _   0.007 0.003 0.000 0.004 0.002 0.010 0.252 0.721 
 292 C _   0.009 0.005 0.000 0.005 0.003 0.013 0.254 0.711 
 293 G _   0.012 0.009 0.001 0.006 0.005 0.017 0.255 0.695 
 294 V _   0.016 0.018 0.001 0.009 0.008 0.022 0.256 0.670 
 295 D _   0.020 0.033 0.001 0.014 0.012 0.028 0.257 0.634 
 296 A _   0.024 0.059 0.001 0.021 0.017 0.034 0.258 0.586 
 297 R _   0.027 0.090 0.002 0.028 0.023 0.039 0.259 0.532 
 298 G _   0.029 0.123 0.002 0.036 0.027 0.042 0.260 0.481 
 299 I _   0.031 0.151 0.002 0.044 0.031 0.043 0.263 0.436 
 300 A _   0.031 0.172 0.002 0.051 0.032 0.043 0.267 0.402 
 301 K _   0.031 0.184 0.002 0.056 0.033 0.042 0.273 0.380 
 302 V _   0.031 0.190 0.002 0.058 0.032 0.040 0.280 0.367 
 303 L _   0.030 0.191 0.002 0.058 0.030 0.038 0.290 0.362 
 304 A _   0.028 0.187 0.002 0.055 0.027 0.034 0.302 0.365 
 305 D _   0.026 0.177 0.002 0.050 0.024 0.030 0.318 0.374 
 306 L _   0.024 0.160 0.002 0.044 0.020 0.027 0.336 0.388 
 307 G _   0.022 0.136 0.002 0.037 0.016 0.023 0.357 0.408 
 308 V _   0.019 0.108 0.001 0.029 0.012 0.019 0.381 0.430 
 309 T _   0.017 0.078 0.001 0.022 0.009 0.016 0.405 0.452 
 310 P _   0.014 0.052 0.001 0.015 0.006 0.013 0.427 0.471 
 311 D _   0.012 0.033 0.001 0.010 0.004 0.010 0.446 0.484 
 312 K _   0.009 0.021 0.000 0.007 0.003 0.008 0.461 0.491 
 313 I _   0.007 0.013 0.000 0.005 0.002 0.006 0.472 0.494 
 314 T _   0.006 0.010 0.000 0.003 0.001 0.005 0.481 0.493 
 315 N _   0.005 0.008 0.000 0.003 0.001 0.005 0.488 0.490 
 316 S X   0.004 0.007 0.000 0.003 0.001 0.005 0.493 0.487 
 317 G X   0.004 0.008 0.000 0.003 0.001 0.005 0.497 0.482 
 318 Q X   0.004 0.009 0.000 0.005 0.002 0.005 0.500 0.476 
 319 R X   0.004 0.010 0.000 0.006 0.002 0.006 0.503 0.469 
 320 R X   0.004 0.013 0.000 0.009 0.002 0.006 0.505 0.461 
 321 K X   0.004 0.016 0.000 0.012 0.003 0.007 0.507 0.451 
 322 K X   0.004 0.020 0.000 0.016 0.003 0.008 0.509 0.441 
 323 L X   0.004 0.023 0.000 0.019 0.004 0.008 0.511 0.431 
 324 I X   0.004 0.025 0.000 0.021 0.004 0.008 0.515 0.423 
 325 A X   0.004 0.026 0.000 0.022 0.004 0.008 0.519 0.416 
 326 G X   0.004 0.026 0.000 0.022 0.004 0.008 0.525 0.411 
 327 A X   0.004 0.025 0.000 0.021 0.004 0.007 0.532 0.407 
 328 E X   0.004 0.023 0.000 0.019 0.004 0.007 0.539 0.404 
 329 S X   0.004 0.020 0.000 0.016 0.003 0.006 0.548 0.403 
 330 P X   0.004 0.017 0.000 0.013 0.003 0.006 0.557 0.401 
 331 Q X   0.004 0.014 0.000 0.010 0.002 0.005 0.566 0.400 
 332 P X   0.003 0.011 0.000 0.008 0.002 0.005 0.573 0.398 
 333 A X   0.003 0.008 0.000 0.006 0.001 0.004 0.580 0.397 
 334 S X   0.003 0.006 0.000 0.005 0.001 0.004 0.586 0.395 
 335 G X   0.003 0.005 0.000 0.004 0.001 0.003 0.591 0.393 
 336 S X   0.003 0.004 0.000 0.004 0.001 0.003 0.594 0.391 
 337 S X   0.003 0.003 0.000 0.004 0.001 0.003 0.596 0.390 
 338 P X   0.002 0.003 0.000 0.004 0.001 0.003 0.597 0.389 
 339 S X   0.002 0.003 0.000 0.004 0.001 0.003 0.598 0.389 
 340 E X   0.002 0.003 0.000 0.004 0.001 0.003 0.597 0.389 
 341 E X   0.002 0.003 0.000 0.004 0.001 0.003 0.596 0.390 
 342 D X   0.002 0.003 0.000 0.005 0.001 0.004 0.595 0.391 
 343 R X   0.002 0.003 0.000 0.005 0.001 0.004 0.592 0.392 
 344 S X   0.002 0.004 0.000 0.005 0.001 0.004 0.589 0.394 
 345 K X   0.002 0.004 0.000 0.006 0.001 0.004 0.586 0.397 
 346 S X   0.002 0.005 0.000 0.006 0.001 0.004 0.581 0.401 
 347 A X   0.002 0.005 0.000 0.006 0.001 0.004 0.577 0.405 
 348 P X   0.002 0.006 0.000 0.006 0.001 0.004 0.571 0.409 
 349 T X   0.002 0.007 0.000 0.006 0.001 0.004 0.565 0.414 
 350 S X   0.002 0.009 0.000 0.006 0.001 0.004 0.559 0.418 
 351 P X   0.002 0.010 0.000 0.007 0.002 0.005 0.552 0.422 
 352 C X   0.002 0.013 0.000 0.008 0.002 0.005 0.544 0.426 
 353 D X   0.002 0.016 0.000 0.009 0.002 0.006 0.535 0.429 
 354 Q X   0.003 0.021 0.000 0.011 0.002 0.006 0.526 0.431 
 355 E X   0.003 0.026 0.000 0.013 0.003 0.007 0.517 0.432 
 356 I X   0.003 0.032 0.000 0.015 0.003 0.007 0.507 0.433 
 357 K X   0.003 0.037 0.000 0.017 0.004 0.008 0.498 0.433 
 358 E X   0.003 0.042 0.000 0.020 0.004 0.008 0.490 0.433 
 359 L X   0.003 0.046 0.001 0.022 0.004 0.008 0.482 0.433 
 360 E X   0.003 0.049 0.001 0.023 0.005 0.009 0.476 0.435 
 361 N X   0.003 0.051 0.001 0.024 0.005 0.009 0.471 0.437 
 362 N X   0.004 0.052 0.001 0.024 0.005 0.009 0.468 0.439 
 363 I X   0.004 0.052 0.001 0.023 0.004 0.008 0.465 0.444 
 364 R X   0.004 0.050 0.000 0.021 0.004 0.008 0.463 0.449 
 365 K X   0.004 0.048 0.000 0.019 0.004 0.008 0.462 0.456 
 366 A _   0.004 0.044 0.000 0.016 0.003 0.007 0.461 0.463 
 367 L _   0.004 0.039 0.000 0.014 0.003 0.006 0.461 0.472 
 368 S _   0.004 0.034 0.000 0.011 0.002 0.006 0.461 0.481 
 369 F _   0.004 0.030 0.000 0.009 0.002 0.005 0.461 0.489 
 370 D _   0.004 0.025 0.000 0.008 0.002 0.005 0.460 0.496 
 371 N _   0.003 0.022 0.000 0.007 0.002 0.005 0.459 0.502 
 372 R _   0.003 0.020 0.000 0.006 0.002 0.005 0.458 0.506 
 373 G _   0.003 0.018 0.000 0.006 0.002 0.005 0.456 0.510 
 374 E _   0.003 0.017 0.000 0.006 0.002 0.005 0.454 0.513 
 375 E _   0.003 0.016 0.000 0.006 0.002 0.005 0.451 0.516 
 376 H _   0.004 0.016 0.000 0.007 0.002 0.005 0.448 0.519 
 377 R _   0.004 0.015 0.000 0.007 0.002 0.005 0.445 0.522 
 378 A _   0.004 0.015 0.000 0.008 0.002 0.005 0.441 0.525 
 379 A _   0.003 0.015 0.000 0.008 0.002 0.005 0.437 0.529 
 380 S _   0.003 0.015 0.000 0.008 0.002 0.005 0.433 0.533 
 381 S _   0.003 0.015 0.000 0.008 0.002 0.005 0.428 0.537 
 382 P _   0.004 0.015 0.000 0.008 0.002 0.005 0.424 0.542 
 383 D _   0.004 0.015 0.000 0.008 0.002 0.005 0.419 0.547 
 384 G _   0.004 0.016 0.000 0.008 0.002 0.005 0.414 0.552 
 385 Q _   0.004 0.016 0.000 0.007 0.002 0.005 0.408 0.558 
 386 L _   0.004 0.017 0.000 0.007 0.002 0.005 0.402 0.564 
 387 M _   0.004 0.018 0.000 0.006 0.002 0.005 0.395 0.571 
 388 S _   0.003 0.019 0.000 0.006 0.002 0.005 0.387 0.578 
 389 P _   0.003 0.021 0.000 0.006 0.002 0.005 0.378 0.585 
 390 G _   0.003 0.024 0.000 0.007 0.002 0.006 0.367 0.591 
 391 E _   0.003 0.028 0.000 0.008 0.002 0.006 0.356 0.596 
 392 N _   0.004 0.035 0.000 0.009 0.003 0.007 0.342 0.599 
 393 G _   0.004 0.045 0.000 0.012 0.003 0.008 0.327 0.600 
 394 E _   0.004 0.058 0.001 0.014 0.004 0.009 0.311 0.599 
 395 V _   0.005 0.074 0.001 0.017 0.005 0.010 0.294 0.596 
 396 R _   0.005 0.091 0.001 0.020 0.005 0.011 0.276 0.591 
 397 Q _   0.004 0.110 0.001 0.022 0.006 0.011 0.260 0.587 
 398 G _   0.004 0.126 0.001 0.023 0.006 0.011 0.244 0.584 
 399 Q _   0.004 0.141 0.001 0.023 0.006 0.011 0.230 0.584 
 400 A _   0.004 0.153 0.001 0.022 0.006 0.011 0.218 0.586 
 401 K _   0.004 0.163 0.001 0.021 0.005 0.011 0.207 0.589 
 402 R _   0.004 0.171 0.001 0.019 0.005 0.011 0.197 0.592 
 403 L _   0.004 0.179 0.001 0.018 0.005 0.011 0.188 0.594 
 404 G _   0.005 0.187 0.001 0.017 0.005 0.012 0.179 0.595 
 405 L _   0.005 0.194 0.001 0.016 0.005 0.012 0.171 0.595 
 406 D _   0.006 0.203 0.001 0.016 0.006 0.013 0.163 0.593 
 407 E _   0.006 0.212 0.001 0.017 0.006 0.014 0.156 0.587 
 408 F _   0.007 0.223 0.001 0.018 0.007 0.015 0.149 0.581 
 409 N _   0.007 0.233 0.001 0.019 0.008 0.015 0.143 0.575 
 410 F _   0.008 0.242 0.001 0.020 0.008 0.016 0.137 0.568 
 411 I _   0.009 0.251 0.001 0.020 0.009 0.017 0.132 0.562 
 412 K _   0.009 0.258 0.001 0.021 0.009 0.017 0.127 0.558 
 413 V _   0.010 0.263 0.001 0.021 0.009 0.017 0.123 0.557 
 414 L _   0.010 0.266 0.001 0.021 0.009 0.017 0.119 0.556 
 415 G _   0.011 0.268 0.001 0.021 0.009 0.018 0.116 0.557 
 416 K _   0.011 0.270 0.001 0.021 0.010 0.018 0.113 0.557 
 417 G _   0.011 0.270 0.001 0.022 0.010 0.018 0.110 0.558 
 418 S _   0.012 0.270 0.001 0.024 0.010 0.018 0.108 0.558 
 419 F _   0.012 0.268 0.001 0.027 0.010 0.017 0.106 0.559 
 420 G _   0.012 0.264 0.001 0.029 0.010 0.017 0.105 0.562 
 421 K _   0.012 0.258 0.001 0.031 0.010 0.016 0.104 0.568 
 422 V _   0.012 0.247 0.001 0.031 0.010 0.015 0.103 0.581 
 423 M _   0.011 0.230 0.001 0.029 0.009 0.014 0.104 0.601 
 424 L _   0.011 0.205 0.001 0.026 0.008 0.013 0.104 0.631 
 425 A _   0.010 0.173 0.001 0.022 0.007 0.012 0.105 0.670 
 426 E _   0.010 0.136 0.001 0.017 0.006 0.011 0.106 0.714 
 427 L _   0.009 0.101 0.001 0.012 0.004 0.010 0.107 0.756 
 428 K _   0.008 0.075 0.000 0.008 0.003 0.009 0.107 0.789 
 429 G _   0.007 0.060 0.000 0.006 0.002 0.008 0.107 0.809 
 430 K _   0.006 0.053 0.000 0.005 0.002 0.008 0.107 0.819 
 431 D _   0.006 0.050 0.000 0.005 0.002 0.008 0.106 0.823 
 432 E _   0.006 0.050 0.000 0.006 0.002 0.009 0.104 0.821 
 433 V _   0.007 0.053 0.000 0.008 0.003 0.011 0.102 0.815 
 434 Y _   0.008 0.059 0.001 0.013 0.005 0.013 0.100 0.803 
 435 A _   0.009 0.068 0.001 0.019 0.006 0.014 0.097 0.786 
 436 V _   0.010 0.077 0.001 0.026 0.008 0.016 0.094 0.769 
 437 K _   0.010 0.085 0.001 0.032 0.010 0.017 0.092 0.754 
 438 V _   0.010 0.090 0.001 0.037 0.010 0.017 0.090 0.745 
 439 L _   0.010 0.091 0.001 0.039 0.011 0.017 0.089 0.741 
 440 K _   0.011 0.090 0.001 0.038 0.010 0.016 0.089 0.745 
 441 K _   0.010 0.085 0.001 0.035 0.010 0.015 0.089 0.754 
 442 D _   0.010 0.077 0.001 0.030 0.008 0.014 0.090 0.770 
 443 V _   0.010 0.064 0.001 0.024 0.007 0.013 0.091 0.790 
 444 I _   0.010 0.050 0.001 0.018 0.005 0.011 0.092 0.814 
 445 L _   0.009 0.035 0.001 0.012 0.004 0.010 0.093 0.837 
 446 Q _   0.008 0.024 0.000 0.008 0.003 0.008 0.094 0.855 
 447 D _   0.007 0.016 0.000 0.005 0.002 0.008 0.094 0.867 
 448 D _   0.007 0.013 0.000 0.004 0.002 0.008 0.093 0.874 
 449 D _   0.007 0.011 0.000 0.003 0.002 0.008 0.092 0.876 
 450 V _   0.007 0.011 0.000 0.003 0.002 0.010 0.091 0.875 
 451 D _   0.009 0.013 0.000 0.005 0.003 0.012 0.089 0.868 
 452 C _   0.011 0.019 0.001 0.008 0.005 0.016 0.087 0.855 
 453 T _   0.013 0.030 0.001 0.013 0.007 0.020 0.083 0.833 
 454 M _   0.015 0.047 0.001 0.022 0.011 0.023 0.079 0.802 
 455 T _   0.016 0.069 0.001 0.031 0.014 0.026 0.075 0.767 
 456 E _   0.016 0.088 0.001 0.041 0.017 0.029 0.072 0.737 
 457 K _   0.016 0.101 0.001 0.049 0.019 0.029 0.068 0.716 
 458 R _   0.016 0.108 0.001 0.052 0.019 0.029 0.066 0.707 
 459 I _   0.016 0.111 0.001 0.052 0.018 0.029 0.064 0.708 
 460 L _   0.016 0.109 0.001 0.049 0.017 0.027 0.063 0.717 
 461 A _   0.016 0.103 0.001 0.042 0.015 0.026 0.062 0.735 
 462 L _   0.016 0.093 0.001 0.033 0.013 0.024 0.061 0.759 
 463 A _   0.016 0.078 0.001 0.024 0.011 0.022 0.061 0.787 
 464 R _   0.015 0.062 0.001 0.017 0.008 0.021 0.061 0.814 
 465 K _   0.015 0.050 0.001 0.012 0.007 0.020 0.061 0.835 
 466 H _   0.015 0.042 0.001 0.009 0.006 0.020 0.060 0.849 
 467 P _   0.015 0.037 0.001 0.008 0.006 0.020 0.060 0.854 
 468 Y _   0.016 0.036 0.001 0.008 0.006 0.021 0.059 0.853 
 469 L _   0.018 0.036 0.001 0.010 0.007 0.022 0.058 0.848 
 470 T _   0.019 0.037 0.001 0.013 0.009 0.023 0.057 0.841 
 471 Q _   0.021 0.038 0.001 0.017 0.010 0.024 0.056 0.832 
 472 L _   0.021 0.040 0.001 0.019 0.011 0.025 0.056 0.827 
 473 Y _   0.021 0.040 0.001 0.020 0.011 0.025 0.055 0.827 
 474 C _   0.021 0.038 0.001 0.020 0.011 0.024 0.054 0.831 
 475 C _   0.020 0.036 0.001 0.017 0.010 0.024 0.054 0.838 
 476 F _   0.020 0.033 0.001 0.014 0.009 0.023 0.053 0.846 
 477 Q _   0.021 0.030 0.001 0.011 0.008 0.023 0.053 0.853 
 478 T _   0.022 0.027 0.001 0.009 0.008 0.023 0.052 0.858 
 479 K _   0.023 0.026 0.001 0.008 0.008 0.024 0.052 0.858 
 480 D _   0.025 0.027 0.001 0.009 0.009 0.025 0.051 0.854 
 481 R _   0.027 0.028 0.001 0.010 0.010 0.026 0.051 0.847 
 482 L _   0.029 0.031 0.001 0.013 0.012 0.027 0.051 0.837 
 483 F _   0.031 0.034 0.001 0.016 0.013 0.027 0.050 0.828 
 484 F _   0.031 0.037 0.001 0.018 0.014 0.028 0.050 0.820 
 485 V _   0.031 0.040 0.001 0.019 0.013 0.027 0.050 0.817 
 486 M _   0.030 0.041 0.001 0.019 0.013 0.026 0.051 0.819 
 487 E _   0.029 0.041 0.001 0.017 0.012 0.026 0.051 0.824 
 488 Y _   0.028 0.041 0.001 0.015 0.010 0.025 0.051 0.830 
 489 V _   0.027 0.040 0.001 0.013 0.010 0.024 0.051 0.834 
 490 N _   0.026 0.040 0.001 0.013 0.009 0.024 0.051 0.835 
 491 G _   0.026 0.041 0.001 0.014 0.010 0.024 0.052 0.833 
 492 G _   0.026 0.044 0.001 0.016 0.010 0.024 0.052 0.827 
 493 D _   0.026 0.046 0.001 0.020 0.011 0.024 0.052 0.818 
 494 L _   0.026 0.049 0.001 0.025 0.012 0.024 0.053 0.810 
 495 M _   0.025 0.050 0.001 0.029 0.012 0.023 0.054 0.806 
 496 F _   0.023 0.050 0.001 0.031 0.012 0.021 0.055 0.808 
 497 Q _   0.021 0.047 0.001 0.030 0.010 0.019 0.056 0.816 
 498 I _   0.018 0.042 0.001 0.027 0.009 0.017 0.058 0.829 
 499 Q _   0.015 0.035 0.001 0.022 0.007 0.014 0.059 0.847 
 500 R _   0.013 0.025 0.001 0.016 0.005 0.012 0.060 0.868 
 501 S _   0.011 0.016 0.000 0.011 0.004 0.010 0.061 0.887 
 502 R _   0.010 0.008 0.000 0.007 0.003 0.008 0.062 0.903 
 503 K _   0.009 0.004 0.000 0.004 0.002 0.007 0.062 0.913 
 504 F _   0.009 0.001 0.000 0.003 0.001 0.006 0.062 0.917 
 505 D _   0.010 0.000 0.000 0.002 0.001 0.007 0.061 0.918 
 506 E _   0.015 0.000 0.000 0.002 0.001 0.008 0.060 0.913 
 507 P _   0.026 0.000 0.000 0.002 0.002 0.011 0.058 0.901 
 508 R _   0.048 0.000 0.000 0.002 0.003 0.016 0.055 0.875 
 509 S _   0.086 0.000 0.001 0.003 0.006 0.023 0.052 0.830 
 510 R _   0.141 0.000 0.001 0.004 0.011 0.033 0.047 0.762 
 511 F _   0.210 0.000 0.001 0.005 0.020 0.044 0.042 0.676 
 512 Y _   0.286 0.001 0.002 0.007 0.032 0.054 0.037 0.582 
 513 A _   0.356 0.001 0.002 0.008 0.044 0.062 0.033 0.494 
 514 A _   0.417 0.001 0.003 0.010 0.055 0.067 0.029 0.418 
 515 E H   0.468 0.002 0.003 0.010 0.063 0.068 0.026 0.360 
 516 V H   0.506 0.002 0.003 0.011 0.067 0.067 0.025 0.319 
 517 T H   0.534 0.002 0.003 0.010 0.067 0.064 0.023 0.297 
 518 S H   0.550 0.002 0.003 0.009 0.065 0.060 0.023 0.288 
 519 A H   0.556 0.002 0.002 0.008 0.061 0.056 0.023 0.293 
 520 L H   0.548 0.001 0.002 0.007 0.055 0.051 0.023 0.312 
 521 M H   0.529 0.001 0.002 0.006 0.049 0.047 0.023 0.343 
 522 F H   0.498 0.001 0.002 0.005 0.041 0.043 0.024 0.386 
 523 L H   0.456 0.000 0.002 0.005 0.034 0.039 0.026 0.437 
 524 H _   0.408 0.000 0.002 0.005 0.028 0.036 0.028 0.493 
 525 Q _   0.354 0.000 0.002 0.006 0.023 0.033 0.030 0.553 
 526 H _   0.296 0.001 0.002 0.007 0.018 0.030 0.033 0.614 
 527 G _   0.242 0.001 0.001 0.008 0.015 0.027 0.036 0.671 
 528 V _   0.192 0.001 0.001 0.009 0.012 0.024 0.038 0.724 
 529 I _   0.147 0.001 0.001 0.009 0.010 0.021 0.040 0.770 
 530 Y _   0.111 0.001 0.001 0.009 0.008 0.019 0.042 0.809 
 531 R _   0.081 0.001 0.001 0.009 0.007 0.017 0.044 0.841 
 532 D _   0.058 0.001 0.001 0.008 0.005 0.014 0.045 0.867 
 533 L _   0.041 0.001 0.001 0.007 0.004 0.013 0.046 0.887 
 534 K _   0.029 0.001 0.000 0.007 0.004 0.011 0.047 0.900 
 535 L _   0.021 0.001 0.000 0.006 0.003 0.010 0.048 0.910 
 536 D _   0.016 0.002 0.000 0.006 0.003 0.010 0.048 0.915 
 537 N _   0.013 0.002 0.000 0.007 0.003 0.009 0.048 0.918 
 538 I _   0.011 0.003 0.000 0.007 0.003 0.009 0.048 0.918 
 539 L _   0.010 0.004 0.000 0.008 0.003 0.009 0.048 0.918 
 540 L _   0.009 0.005 0.000 0.009 0.003 0.009 0.048 0.917 
 541 D _   0.008 0.006 0.000 0.009 0.003 0.009 0.047 0.917 
 542 A _   0.008 0.007 0.000 0.010 0.004 0.009 0.047 0.916 
 543 E _   0.007 0.007 0.000 0.010 0.004 0.009 0.046 0.916 
 544 G _   0.007 0.008 0.000 0.010 0.004 0.010 0.045 0.916 
 545 H _   0.007 0.009 0.000 0.009 0.004 0.010 0.044 0.916 
 546 C _   0.007 0.011 0.000 0.010 0.004 0.011 0.044 0.914 
 547 K _   0.007 0.012 0.000 0.010 0.004 0.011 0.043 0.912 
 548 L _   0.008 0.014 0.000 0.010 0.004 0.012 0.042 0.909 
 549 A _   0.009 0.017 0.001 0.011 0.005 0.014 0.041 0.905 
 550 D _   0.010 0.019 0.001 0.011 0.005 0.015 0.040 0.899 
 551 F _   0.011 0.023 0.001 0.012 0.006 0.017 0.039 0.893 
 552 G _   0.012 0.026 0.001 0.013 0.007 0.019 0.037 0.885 
 553 M _   0.015 0.030 0.001 0.013 0.008 0.022 0.036 0.875 
 554 C _   0.017 0.035 0.001 0.013 0.009 0.025 0.035 0.864 
 555 K _   0.021 0.041 0.001 0.014 0.011 0.028 0.034 0.849 
 556 E _   0.025 0.049 0.001 0.016 0.014 0.032 0.033 0.830 
 557 G _   0.029 0.059 0.001 0.019 0.018 0.036 0.031 0.807 
 558 I _   0.034 0.072 0.002 0.023 0.022 0.039 0.030 0.778 
 559 L _   0.038 0.088 0.002 0.029 0.026 0.042 0.029 0.747 
 560 N _   0.041 0.103 0.002 0.036 0.029 0.043 0.028 0.718 
 561 G _   0.043 0.115 0.002 0.042 0.031 0.043 0.028 0.695 
 562 V _   0.044 0.123 0.002 0.048 0.032 0.042 0.027 0.682 
 563 T _   0.042 0.126 0.002 0.051 0.031 0.040 0.027 0.680 
 564 T _   0.039 0.125 0.002 0.051 0.028 0.037 0.028 0.690 
 565 T _   0.036 0.118 0.002 0.047 0.024 0.033 0.028 0.712 
 566 T _   0.031 0.105 0.002 0.040 0.020 0.029 0.029 0.744 
 567 F _   0.027 0.086 0.001 0.031 0.015 0.025 0.030 0.784 
 568 C _   0.022 0.064 0.001 0.022 0.011 0.021 0.031 0.827 
 569 G _   0.018 0.043 0.001 0.015 0.008 0.018 0.032 0.866 
 570 T _   0.015 0.028 0.001 0.010 0.005 0.015 0.033 0.893 
 571 P _   0.012 0.020 0.000 0.007 0.004 0.013 0.033 0.910 
 572 D _   0.010 0.016 0.000 0.006 0.003 0.012 0.033 0.919 
 573 Y _   0.010 0.014 0.000 0.006 0.003 0.012 0.033 0.921 
 574 I _   0.009 0.014 0.000 0.008 0.004 0.013 0.032 0.919 
 575 A _   0.010 0.015 0.001 0.011 0.005 0.014 0.032 0.913 
 576 P _   0.010 0.017 0.001 0.016 0.006 0.015 0.031 0.904 
 577 E _   0.011 0.018 0.001 0.021 0.008 0.016 0.030 0.895 
 578 I _   0.012 0.019 0.001 0.025 0.009 0.017 0.029 0.889 
 579 L _   0.013 0.019 0.001 0.026 0.009 0.017 0.029 0.887 
 580 Q _   0.014 0.017 0.001 0.025 0.009 0.016 0.028 0.889 
 581 E _   0.017 0.014 0.001 0.021 0.008 0.015 0.028 0.896 
 582 L _   0.021 0.010 0.001 0.015 0.006 0.015 0.028 0.904 
 583 E _   0.029 0.005 0.001 0.010 0.005 0.014 0.027 0.909 
 584 Y _   0.042 0.002 0.001 0.006 0.004 0.014 0.027 0.905 
 585 G _   0.064 0.001 0.000 0.003 0.004 0.014 0.026 0.888 
 586 P _   0.101 0.000 0.001 0.002 0.004 0.015 0.025 0.852 
 587 S _   0.162 0.000 0.001 0.001 0.006 0.018 0.024 0.789 
 588 V _   0.248 0.000 0.001 0.001 0.009 0.022 0.022 0.696 
 589 D _   0.356 0.000 0.001 0.002 0.014 0.027 0.021 0.580 
 590 W H   0.466 0.000 0.001 0.002 0.021 0.032 0.019 0.458 
 591 W H   0.559 0.000 0.002 0.002 0.029 0.036 0.019 0.353 
 592 A H   0.629 0.000 0.002 0.003 0.038 0.038 0.019 0.271 
 593 L H   0.674 0.001 0.002 0.004 0.044 0.039 0.020 0.216 
 594 G H   0.699 0.002 0.002 0.005 0.049 0.038 0.021 0.184 
 595 V H   0.708 0.003 0.002 0.007 0.051 0.037 0.023 0.168 
 596 L H   0.701 0.004 0.002 0.009 0.052 0.036 0.026 0.169 
 597 M H   0.677 0.005 0.003 0.011 0.052 0.034 0.031 0.188 
 598 Y H   0.635 0.005 0.003 0.013 0.049 0.033 0.036 0.226 
 599 E H   0.571 0.005 0.003 0.014 0.044 0.031 0.044 0.288 
 600 M H   0.488 0.005 0.003 0.015 0.035 0.028 0.054 0.373 
 601 M _   0.391 0.004 0.002 0.014 0.026 0.024 0.066 0.473 
 602 A _   0.292 0.002 0.002 0.012 0.017 0.020 0.079 0.575 
 603 G _   0.204 0.002 0.001 0.010 0.010 0.016 0.091 0.666 
 604 Q _   0.134 0.001 0.001 0.008 0.006 0.012 0.101 0.738 
 605 P _   0.083 0.001 0.001 0.006 0.004 0.009 0.108 0.789 
 606 P _   0.049 0.000 0.000 0.004 0.002 0.007 0.113 0.824 
 607 F _   0.027 0.000 0.000 0.003 0.002 0.005 0.117 0.845 
 608 E _   0.015 0.000 0.000 0.002 0.001 0.004 0.119 0.857 
 609 A _   0.009 0.000 0.000 0.002 0.001 0.004 0.120 0.863 
 610 D _   0.006 0.000 0.000 0.002 0.001 0.004 0.120 0.866 
 611 N _   0.005 0.001 0.000 0.003 0.001 0.005 0.120 0.865 
 612 E _   0.005 0.001 0.000 0.004 0.002 0.007 0.119 0.863 
 613 D _   0.006 0.003 0.000 0.006 0.002 0.009 0.118 0.857 
 614 D _   0.007 0.005 0.000 0.010 0.003 0.012 0.115 0.847 
 615 L _   0.008 0.009 0.001 0.016 0.005 0.016 0.113 0.833 
 616 F _   0.009 0.013 0.001 0.022 0.007 0.019 0.110 0.819 
 617 E _   0.010 0.016 0.001 0.027 0.009 0.023 0.107 0.807 
 618 S _   0.011 0.018 0.001 0.031 0.010 0.025 0.105 0.799 
 619 I _   0.012 0.019 0.001 0.032 0.012 0.028 0.103 0.794 
 620 L _   0.014 0.019 0.001 0.030 0.012 0.030 0.101 0.792 
 621 H _   0.017 0.017 0.001 0.026 0.013 0.032 0.100 0.793 
 622 D _   0.022 0.014 0.001 0.022 0.013 0.035 0.099 0.794 
 623 D _   0.029 0.011 0.001 0.017 0.013 0.037 0.098 0.793 
 624 V _   0.038 0.008 0.001 0.014 0.013 0.040 0.098 0.788 
 625 L _   0.050 0.006 0.001 0.011 0.013 0.043 0.098 0.778 
 626 Y _   0.064 0.004 0.001 0.009 0.014 0.046 0.098 0.765 
 627 P _   0.080 0.003 0.001 0.007 0.015 0.049 0.098 0.747 
 628 V _   0.099 0.002 0.001 0.007 0.017 0.053 0.098 0.724 
 629 W _   0.118 0.002 0.001 0.006 0.019 0.056 0.098 0.699 
 630 L _   0.137 0.002 0.001 0.006 0.023 0.059 0.098 0.673 
 631 S _   0.155 0.003 0.001 0.006 0.028 0.063 0.099 0.645 
 632 K _   0.171 0.004 0.002 0.008 0.033 0.065 0.100 0.617 
 633 E _   0.184 0.007 0.002 0.010 0.039 0.067 0.102 0.589 
 634 A _   0.191 0.011 0.002 0.015 0.045 0.067 0.104 0.564 
 635 V _   0.194 0.016 0.003 0.021 0.049 0.066 0.107 0.544 
 636 S _   0.191 0.021 0.003 0.028 0.049 0.063 0.112 0.534 
 637 I _   0.180 0.025 0.003 0.035 0.047 0.058 0.117 0.536 
 638 L _   0.164 0.026 0.003 0.038 0.042 0.052 0.124 0.552 
 639 K _   0.142 0.025 0.002 0.037 0.035 0.045 0.132 0.583 
 640 A _   0.116 0.022 0.002 0.032 0.026 0.037 0.140 0.624 
 641 F _   0.091 0.017 0.002 0.024 0.018 0.030 0.147 0.672 
 642 M _   0.068 0.010 0.001 0.015 0.011 0.023 0.154 0.718 
 643 T _   0.048 0.006 0.001 0.008 0.006 0.017 0.160 0.755 
 644 K _   0.032 0.003 0.000 0.005 0.004 0.013 0.164 0.779 
 645 N _   0.022 0.002 0.000 0.003 0.002 0.010 0.168 0.793 
 646 P _   0.015 0.002 0.000 0.003 0.002 0.009 0.170 0.799 
 647 H _   0.012 0.002 0.000 0.003 0.002 0.008 0.172 0.800 
 648 K _   0.010 0.003 0.000 0.005 0.002 0.009 0.174 0.797 
 649 R _   0.009 0.005 0.000 0.008 0.003 0.009 0.175 0.790 
 650 L _   0.009 0.008 0.000 0.011 0.004 0.010 0.177 0.781 
 651 G _   0.009 0.011 0.001 0.015 0.005 0.010 0.178 0.772 
 652 C _   0.008 0.014 0.001 0.018 0.005 0.010 0.179 0.765 
 653 V _   0.007 0.016 0.001 0.019 0.005 0.010 0.181 0.761 
 654 A _   0.007 0.017 0.001 0.019 0.005 0.009 0.183 0.760 
 655 S _   0.006 0.017 0.001 0.016 0.004 0.009 0.185 0.762 
 656 Q _   0.005 0.017 0.000 0.014 0.004 0.008 0.187 0.765 
 657 N _   0.005 0.016 0.000 0.011 0.003 0.007 0.189 0.768 
 658 G _   0.005 0.015 0.000 0.008 0.003 0.007 0.192 0.770 
 659 E _   0.005 0.015 0.000 0.007 0.002 0.007 0.194 0.770 
 660 D _   0.005 0.016 0.000 0.006 0.002 0.007 0.196 0.768 
 661 A _   0.005 0.017 0.000 0.006 0.002 0.007 0.197 0.764 
 662 I _   0.006 0.019 0.000 0.007 0.003 0.008 0.199 0.759 
 663 K _   0.006 0.023 0.000 0.008 0.003 0.009 0.200 0.751 
