#TopoPred_TM8: 8-state transmembrane topology prediction results by no_profile mode 
#probabilities are in the order of H E C I L F X _, the 8 transmembrane topology types used in PDBTM 
   1 M X   0.012 0.001 0.002 0.048 0.008 0.008 0.753 0.168 
   2 A X   0.004 0.001 0.000 0.025 0.002 0.004 0.773 0.191 
   3 E X   0.001 0.000 0.000 0.012 0.000 0.002 0.778 0.206 
   4 P X   0.001 0.001 0.000 0.008 0.000 0.002 0.775 0.214 
   5 S X   0.001 0.001 0.000 0.007 0.001 0.003 0.768 0.220 
   6 G X   0.002 0.002 0.000 0.007 0.001 0.005 0.758 0.226 
   7 S X   0.002 0.004 0.000 0.008 0.001 0.006 0.747 0.231 
   8 P X   0.003 0.007 0.000 0.010 0.002 0.009 0.732 0.237 
   9 V X   0.004 0.012 0.000 0.013 0.003 0.011 0.714 0.243 
  10 H X   0.004 0.019 0.001 0.016 0.004 0.013 0.694 0.249 
  11 V X   0.004 0.027 0.001 0.019 0.005 0.014 0.672 0.257 
  12 Q X   0.005 0.035 0.001 0.020 0.006 0.016 0.652 0.265 
  13 L X   0.005 0.041 0.001 0.020 0.007 0.018 0.634 0.275 
  14 P X   0.006 0.047 0.001 0.019 0.007 0.019 0.617 0.284 
  15 Q X   0.007 0.052 0.001 0.017 0.008 0.021 0.601 0.293 
  16 Q X   0.008 0.057 0.001 0.016 0.009 0.024 0.586 0.300 
  17 A X   0.010 0.063 0.001 0.016 0.011 0.026 0.570 0.303 
  18 A X   0.012 0.072 0.001 0.017 0.013 0.028 0.554 0.303 
  19 P X   0.014 0.083 0.001 0.020 0.016 0.030 0.538 0.297 
  20 V X   0.016 0.097 0.001 0.024 0.018 0.031 0.522 0.289 
  21 T X   0.017 0.112 0.002 0.029 0.020 0.032 0.508 0.280 
  22 A X   0.018 0.124 0.001 0.035 0.021 0.031 0.496 0.273 
  23 A X   0.019 0.133 0.001 0.039 0.021 0.030 0.486 0.271 
  24 A X   0.019 0.137 0.001 0.042 0.020 0.028 0.478 0.274 
  25 A X   0.018 0.138 0.001 0.042 0.019 0.026 0.472 0.283 
  26 A X   0.017 0.135 0.001 0.040 0.017 0.023 0.468 0.298 
  27 A X   0.016 0.128 0.001 0.036 0.014 0.021 0.465 0.319 
  28 P X   0.015 0.116 0.001 0.030 0.012 0.018 0.463 0.344 
  29 A X   0.014 0.100 0.001 0.025 0.009 0.016 0.462 0.372 
  30 A X   0.013 0.081 0.001 0.020 0.007 0.014 0.462 0.403 
  31 A X   0.012 0.061 0.001 0.015 0.006 0.012 0.462 0.432 
  32 T X   0.011 0.044 0.001 0.012 0.004 0.010 0.462 0.456 
  33 A _   0.009 0.032 0.000 0.009 0.003 0.009 0.461 0.476 
  34 A _   0.008 0.022 0.000 0.008 0.003 0.008 0.460 0.491 
  35 P _   0.007 0.016 0.000 0.007 0.002 0.007 0.459 0.502 
  36 A _   0.006 0.012 0.000 0.006 0.002 0.006 0.457 0.511 
  37 P _   0.006 0.008 0.000 0.005 0.002 0.005 0.454 0.519 
  38 A _   0.005 0.006 0.000 0.005 0.002 0.005 0.451 0.526 
  39 A _   0.005 0.005 0.000 0.005 0.002 0.005 0.447 0.532 
  40 P _   0.004 0.003 0.000 0.004 0.001 0.004 0.442 0.540 
  41 A _   0.004 0.003 0.000 0.004 0.001 0.004 0.436 0.547 
  42 A _   0.004 0.002 0.000 0.004 0.001 0.004 0.429 0.556 
  43 P _   0.004 0.002 0.000 0.003 0.001 0.004 0.420 0.565 
  44 A _   0.003 0.002 0.000 0.003 0.001 0.005 0.410 0.575 
  45 P _   0.004 0.002 0.000 0.004 0.002 0.006 0.399 0.585 
  46 A _   0.004 0.002 0.000 0.005 0.002 0.007 0.385 0.594 
  47 P _   0.005 0.003 0.000 0.006 0.003 0.010 0.370 0.603 
  48 A _   0.006 0.005 0.001 0.009 0.004 0.013 0.353 0.609 
  49 P _   0.008 0.009 0.001 0.014 0.006 0.017 0.334 0.612 
  50 A _   0.009 0.014 0.001 0.021 0.009 0.021 0.313 0.613 
  51 A _   0.011 0.019 0.001 0.028 0.012 0.025 0.292 0.612 
  52 Q _   0.012 0.024 0.001 0.035 0.015 0.029 0.272 0.612 
  53 A _   0.014 0.027 0.001 0.040 0.017 0.031 0.254 0.616 
  54 V _   0.015 0.028 0.001 0.042 0.018 0.033 0.238 0.624 
  55 G _   0.017 0.028 0.001 0.040 0.018 0.034 0.224 0.636 
  56 W _   0.020 0.026 0.001 0.037 0.018 0.035 0.211 0.651 
  57 P _   0.023 0.023 0.001 0.031 0.017 0.035 0.200 0.669 
  58 I _   0.028 0.018 0.001 0.025 0.016 0.035 0.189 0.687 
  59 C _   0.033 0.013 0.001 0.018 0.014 0.036 0.180 0.704 
  60 R _   0.040 0.009 0.001 0.014 0.013 0.036 0.171 0.717 
  61 D _   0.048 0.005 0.001 0.010 0.012 0.036 0.162 0.725 
  62 A _   0.059 0.003 0.001 0.008 0.011 0.037 0.154 0.727 
  63 Y _   0.074 0.001 0.001 0.006 0.011 0.038 0.146 0.723 
  64 E _   0.091 0.001 0.001 0.005 0.011 0.039 0.139 0.714 
  65 L _   0.111 0.000 0.001 0.004 0.012 0.040 0.131 0.701 
  66 Q _   0.134 0.000 0.001 0.004 0.013 0.042 0.123 0.682 
  67 E _   0.159 0.000 0.001 0.004 0.015 0.044 0.116 0.661 
  68 V _   0.187 0.000 0.001 0.004 0.018 0.046 0.109 0.635 
  69 I _   0.216 0.000 0.001 0.004 0.022 0.048 0.102 0.606 
  70 G _   0.242 0.000 0.002 0.005 0.027 0.051 0.097 0.577 
  71 S _   0.267 0.001 0.002 0.005 0.032 0.053 0.092 0.549 
  72 G _   0.285 0.002 0.002 0.007 0.037 0.054 0.088 0.525 
  73 A _   0.296 0.003 0.002 0.010 0.041 0.055 0.085 0.509 
  74 T _   0.297 0.004 0.002 0.013 0.042 0.054 0.083 0.504 
  75 A _   0.288 0.005 0.002 0.017 0.042 0.051 0.082 0.512 
  76 V _   0.271 0.006 0.002 0.019 0.039 0.048 0.081 0.533 
  77 V _   0.248 0.006 0.002 0.019 0.034 0.043 0.081 0.567 
  78 Q _   0.216 0.005 0.002 0.018 0.027 0.038 0.081 0.613 
  79 A _   0.180 0.004 0.002 0.014 0.020 0.032 0.081 0.666 
  80 A _   0.144 0.003 0.001 0.010 0.014 0.027 0.081 0.720 
  81 L _   0.111 0.001 0.001 0.007 0.009 0.022 0.081 0.768 
  82 C _   0.082 0.001 0.001 0.005 0.006 0.018 0.081 0.807 
  83 K _   0.060 0.001 0.001 0.004 0.004 0.016 0.080 0.835 
  84 P _   0.045 0.001 0.000 0.003 0.004 0.015 0.079 0.854 
  85 R _   0.035 0.001 0.000 0.003 0.003 0.014 0.078 0.865 
  86 Q _   0.029 0.001 0.000 0.004 0.004 0.014 0.077 0.870 
  87 E _   0.025 0.003 0.001 0.006 0.004 0.015 0.075 0.871 
  88 R _   0.023 0.006 0.001 0.009 0.006 0.016 0.073 0.867 
  89 V _   0.021 0.010 0.001 0.012 0.007 0.017 0.071 0.860 
  90 A _   0.020 0.015 0.001 0.017 0.009 0.018 0.069 0.851 
  91 I _   0.020 0.020 0.001 0.021 0.010 0.019 0.067 0.843 
  92 K _   0.019 0.024 0.001 0.024 0.010 0.019 0.065 0.838 
  93 R _   0.017 0.026 0.001 0.025 0.010 0.018 0.063 0.837 
  94 I _   0.016 0.027 0.001 0.025 0.010 0.018 0.062 0.841 
  95 N _   0.015 0.027 0.001 0.024 0.009 0.016 0.061 0.847 
  96 L _   0.013 0.026 0.001 0.020 0.008 0.015 0.061 0.856 
  97 E _   0.012 0.023 0.001 0.017 0.006 0.013 0.060 0.867 
  98 K _   0.011 0.021 0.001 0.013 0.005 0.012 0.059 0.879 
  99 C _   0.010 0.018 0.000 0.010 0.004 0.011 0.059 0.888 
 100 Q _   0.009 0.016 0.000 0.008 0.003 0.010 0.058 0.895 
 101 T _   0.008 0.015 0.000 0.007 0.003 0.010 0.057 0.900 
 102 S _   0.008 0.015 0.000 0.007 0.003 0.010 0.056 0.901 
 103 M _   0.008 0.016 0.000 0.008 0.004 0.011 0.054 0.899 
 104 D _   0.009 0.017 0.000 0.010 0.004 0.012 0.053 0.894 
 105 E _   0.010 0.020 0.001 0.013 0.005 0.014 0.051 0.886 
 106 L _   0.010 0.024 0.001 0.018 0.007 0.015 0.050 0.876 
 107 L _   0.011 0.027 0.001 0.023 0.008 0.016 0.048 0.866 
 108 K _   0.012 0.029 0.001 0.027 0.009 0.017 0.046 0.859 
 109 E _   0.012 0.031 0.001 0.030 0.010 0.017 0.045 0.855 
 110 I _   0.012 0.030 0.001 0.030 0.010 0.017 0.044 0.857 
 111 Q _   0.012 0.028 0.001 0.028 0.009 0.016 0.043 0.863 
 112 A _   0.012 0.025 0.001 0.023 0.008 0.015 0.043 0.873 
 113 M _   0.012 0.020 0.001 0.018 0.007 0.014 0.042 0.886 
 114 S _   0.012 0.014 0.001 0.013 0.006 0.013 0.042 0.900 
 115 Q _   0.011 0.009 0.001 0.009 0.004 0.013 0.041 0.912 
 116 C _   0.011 0.005 0.000 0.007 0.004 0.012 0.041 0.920 
 117 S _   0.012 0.003 0.000 0.005 0.003 0.013 0.040 0.924 
 118 H _   0.013 0.002 0.000 0.005 0.004 0.014 0.039 0.924 
 119 P _   0.016 0.002 0.000 0.005 0.004 0.015 0.038 0.920 
 120 N _   0.019 0.001 0.001 0.006 0.005 0.018 0.037 0.913 
 121 V _   0.024 0.002 0.001 0.008 0.006 0.020 0.036 0.904 
 122 V _   0.029 0.002 0.001 0.010 0.008 0.023 0.034 0.893 
 123 T _   0.034 0.002 0.001 0.011 0.010 0.026 0.033 0.882 
 124 Y _   0.041 0.002 0.001 0.012 0.011 0.029 0.031 0.872 
 125 Y _   0.049 0.002 0.001 0.012 0.012 0.031 0.030 0.863 
 126 T _   0.060 0.001 0.001 0.010 0.012 0.034 0.028 0.853 
 127 S _   0.073 0.001 0.001 0.008 0.013 0.036 0.027 0.841 
 128 F _   0.091 0.001 0.001 0.007 0.013 0.038 0.025 0.825 
 129 V _   0.113 0.000 0.001 0.005 0.014 0.041 0.023 0.802 
 130 V _   0.142 0.000 0.001 0.004 0.016 0.044 0.022 0.771 
 131 K _   0.175 0.000 0.001 0.004 0.019 0.047 0.020 0.733 
 132 D _   0.212 0.000 0.001 0.005 0.023 0.050 0.018 0.690 
 133 E _   0.249 0.000 0.002 0.005 0.028 0.053 0.017 0.647 
 134 L _   0.283 0.001 0.002 0.006 0.032 0.055 0.016 0.606 
 135 W _   0.313 0.001 0.002 0.007 0.036 0.055 0.015 0.572 
 136 L _   0.336 0.001 0.002 0.008 0.037 0.055 0.014 0.547 
 137 V _   0.354 0.001 0.002 0.008 0.037 0.053 0.014 0.532 
 138 M _   0.364 0.001 0.002 0.007 0.035 0.051 0.014 0.526 
 139 K _   0.369 0.001 0.002 0.006 0.032 0.048 0.014 0.530 
 140 L _   0.366 0.000 0.002 0.005 0.027 0.044 0.014 0.541 
 141 L _   0.359 0.000 0.001 0.004 0.023 0.042 0.014 0.557 
 142 S _   0.348 0.000 0.001 0.003 0.020 0.039 0.014 0.574 
 143 G _   0.335 0.000 0.001 0.003 0.018 0.037 0.015 0.592 
 144 G _   0.321 0.000 0.001 0.003 0.016 0.036 0.015 0.608 
 145 S _   0.305 0.000 0.001 0.003 0.016 0.036 0.016 0.622 
 146 M _   0.289 0.000 0.001 0.004 0.018 0.036 0.017 0.635 
 147 L _   0.271 0.001 0.001 0.007 0.019 0.035 0.018 0.647 
 148 D _   0.250 0.002 0.002 0.010 0.021 0.035 0.019 0.662 
 149 I _   0.225 0.003 0.002 0.014 0.022 0.034 0.020 0.681 
 150 I _   0.196 0.004 0.002 0.018 0.021 0.032 0.021 0.706 
 151 K _   0.165 0.004 0.002 0.020 0.020 0.029 0.023 0.737 
 152 Y _   0.135 0.004 0.001 0.020 0.016 0.026 0.025 0.774 
 153 I _   0.108 0.003 0.001 0.017 0.012 0.022 0.026 0.811 
 154 V _   0.083 0.002 0.001 0.013 0.008 0.018 0.027 0.847 
 155 N _   0.063 0.001 0.001 0.008 0.005 0.014 0.028 0.879 
 156 R _   0.049 0.001 0.000 0.005 0.003 0.011 0.028 0.902 
 157 G _   0.041 0.000 0.000 0.003 0.002 0.009 0.028 0.916 
 158 E _   0.039 0.000 0.000 0.002 0.002 0.009 0.028 0.921 
 159 H _   0.044 0.000 0.000 0.001 0.002 0.009 0.028 0.916 
 160 K _   0.058 0.000 0.000 0.001 0.002 0.011 0.027 0.901 
 161 N _   0.086 0.000 0.000 0.001 0.003 0.014 0.026 0.869 
 162 G _   0.135 0.000 0.001 0.002 0.006 0.020 0.024 0.813 
 163 V _   0.203 0.000 0.001 0.002 0.009 0.027 0.023 0.735 
 164 L _   0.283 0.000 0.001 0.003 0.016 0.034 0.021 0.642 
 165 E _   0.361 0.000 0.002 0.004 0.024 0.042 0.020 0.548 
 166 E _   0.428 0.000 0.002 0.005 0.033 0.047 0.019 0.466 
 167 A H   0.480 0.001 0.002 0.006 0.041 0.051 0.018 0.402 
 168 I H   0.518 0.001 0.002 0.007 0.046 0.053 0.018 0.355 
 169 I H   0.542 0.002 0.002 0.007 0.050 0.053 0.018 0.326 
 170 A H   0.551 0.002 0.002 0.008 0.053 0.052 0.019 0.314 
 171 T H   0.549 0.002 0.002 0.009 0.052 0.050 0.020 0.316 
 172 I H   0.534 0.002 0.002 0.010 0.050 0.047 0.022 0.332 
 173 L H   0.506 0.003 0.002 0.010 0.046 0.044 0.024 0.365 
 174 K H   0.463 0.003 0.002 0.011 0.041 0.041 0.027 0.413 
 175 E _   0.408 0.002 0.002 0.011 0.034 0.037 0.030 0.475 
 176 V _   0.349 0.002 0.002 0.011 0.026 0.033 0.034 0.544 
 177 L _   0.285 0.002 0.002 0.010 0.020 0.029 0.037 0.615 
 178 E _   0.224 0.001 0.001 0.009 0.014 0.025 0.041 0.684 
 179 G _   0.170 0.001 0.001 0.008 0.010 0.021 0.045 0.744 
 180 L _   0.125 0.001 0.001 0.007 0.008 0.018 0.048 0.793 
 181 D _   0.089 0.001 0.001 0.007 0.006 0.015 0.050 0.832 
 182 Y _   0.063 0.001 0.001 0.006 0.005 0.013 0.052 0.860 
 183 L _   0.043 0.001 0.000 0.006 0.004 0.011 0.054 0.880 
 184 H _   0.030 0.001 0.000 0.006 0.003 0.010 0.056 0.895 
 185 R _   0.021 0.001 0.000 0.006 0.003 0.009 0.057 0.904 
 186 N _   0.016 0.001 0.000 0.005 0.003 0.008 0.057 0.910 
 187 G _   0.012 0.001 0.000 0.005 0.002 0.007 0.057 0.914 
 188 Q _   0.010 0.001 0.000 0.005 0.002 0.007 0.057 0.917 
 189 I _   0.008 0.001 0.000 0.005 0.002 0.007 0.057 0.919 
 190 H _   0.007 0.002 0.000 0.006 0.002 0.007 0.057 0.919 
 191 R _   0.007 0.002 0.000 0.006 0.002 0.007 0.056 0.919 
 192 D _   0.006 0.003 0.000 0.007 0.003 0.008 0.055 0.918 
 193 L _   0.006 0.004 0.000 0.009 0.003 0.009 0.054 0.915 
 194 K _   0.006 0.005 0.000 0.011 0.004 0.009 0.053 0.911 
 195 A _   0.007 0.006 0.001 0.013 0.004 0.010 0.052 0.907 
 196 G _   0.007 0.007 0.001 0.015 0.005 0.011 0.051 0.903 
 197 N _   0.007 0.008 0.001 0.016 0.006 0.012 0.050 0.900 
 198 I _   0.008 0.009 0.001 0.017 0.006 0.013 0.049 0.898 
 199 L _   0.008 0.009 0.001 0.017 0.006 0.013 0.048 0.898 
 200 L _   0.008 0.009 0.001 0.015 0.006 0.014 0.047 0.900 
 201 G _   0.009 0.008 0.001 0.014 0.005 0.015 0.046 0.902 
 202 E _   0.010 0.007 0.001 0.012 0.005 0.016 0.046 0.904 
 203 D _   0.012 0.006 0.001 0.010 0.005 0.018 0.045 0.904 
 204 G _   0.015 0.005 0.001 0.008 0.005 0.020 0.044 0.902 
 205 S _   0.019 0.005 0.001 0.007 0.006 0.023 0.044 0.896 
 206 V _   0.026 0.005 0.001 0.007 0.007 0.027 0.043 0.885 
 207 Q _   0.035 0.005 0.001 0.007 0.009 0.032 0.042 0.869 
 208 I _   0.045 0.007 0.001 0.008 0.012 0.037 0.041 0.848 
 209 A _   0.057 0.010 0.001 0.010 0.017 0.043 0.040 0.822 
 210 D _   0.069 0.014 0.001 0.013 0.024 0.049 0.038 0.791 
 211 F _   0.081 0.021 0.002 0.017 0.031 0.054 0.037 0.757 
 212 G _   0.091 0.028 0.002 0.022 0.038 0.058 0.036 0.724 
 213 V _   0.099 0.037 0.002 0.028 0.044 0.060 0.036 0.694 
 214 S _   0.103 0.043 0.002 0.034 0.047 0.060 0.035 0.675 
 215 A _   0.103 0.048 0.002 0.039 0.047 0.058 0.036 0.667 
 216 F _   0.100 0.049 0.002 0.042 0.044 0.055 0.036 0.672 
 217 L _   0.093 0.048 0.002 0.041 0.039 0.050 0.037 0.689 
 218 A _   0.084 0.044 0.002 0.037 0.033 0.044 0.038 0.718 
 219 T _   0.072 0.038 0.002 0.031 0.025 0.037 0.040 0.756 
 220 G _   0.060 0.028 0.001 0.023 0.018 0.031 0.041 0.798 
 221 G _   0.048 0.018 0.001 0.016 0.012 0.026 0.042 0.837 
 222 D _   0.038 0.010 0.001 0.010 0.008 0.021 0.043 0.869 
 223 V _   0.030 0.005 0.001 0.006 0.005 0.017 0.043 0.892 
 224 T _   0.024 0.003 0.000 0.004 0.004 0.015 0.043 0.907 
 225 R _   0.019 0.001 0.000 0.003 0.003 0.014 0.043 0.915 
 226 N _   0.017 0.001 0.000 0.003 0.003 0.014 0.043 0.919 
 227 K _   0.016 0.001 0.000 0.003 0.003 0.015 0.043 0.919 
 228 V _   0.016 0.002 0.000 0.004 0.004 0.016 0.042 0.915 
 229 R _   0.018 0.003 0.001 0.006 0.005 0.019 0.041 0.908 
 230 K _   0.020 0.006 0.001 0.008 0.007 0.021 0.040 0.898 
 231 T _   0.022 0.010 0.001 0.010 0.009 0.025 0.039 0.884 
 232 F _   0.024 0.016 0.001 0.014 0.011 0.028 0.037 0.868 
 233 V _   0.026 0.023 0.001 0.017 0.014 0.031 0.036 0.851 
 234 G _   0.028 0.030 0.001 0.020 0.017 0.033 0.035 0.835 
 235 T _   0.031 0.037 0.001 0.023 0.019 0.036 0.033 0.819 
 236 P _   0.032 0.043 0.001 0.026 0.021 0.037 0.032 0.806 
 237 C _   0.034 0.048 0.002 0.028 0.023 0.039 0.031 0.796 
 238 W _   0.035 0.052 0.002 0.030 0.024 0.039 0.031 0.788 
 239 M _   0.035 0.055 0.002 0.032 0.024 0.039 0.030 0.785 
 240 A _   0.034 0.056 0.002 0.033 0.024 0.038 0.029 0.784 
 241 P _   0.034 0.057 0.002 0.034 0.023 0.036 0.029 0.787 
 242 E _   0.033 0.055 0.001 0.034 0.021 0.034 0.029 0.793 
 243 V _   0.031 0.052 0.001 0.032 0.019 0.032 0.029 0.803 
 244 M _   0.031 0.047 0.001 0.030 0.016 0.029 0.029 0.817 
 245 E _   0.030 0.040 0.001 0.025 0.014 0.026 0.029 0.834 
 246 Q _   0.029 0.031 0.001 0.021 0.011 0.024 0.030 0.853 
 247 V _   0.030 0.021 0.001 0.015 0.009 0.021 0.030 0.873 
 248 R _   0.031 0.012 0.001 0.010 0.007 0.019 0.030 0.890 
 249 G _   0.035 0.006 0.001 0.007 0.005 0.017 0.029 0.900 
 250 Y _   0.043 0.002 0.001 0.004 0.004 0.017 0.029 0.900 
 251 D _   0.057 0.001 0.000 0.003 0.004 0.017 0.028 0.890 
 252 F _   0.080 0.000 0.001 0.002 0.004 0.018 0.027 0.867 
 253 K _   0.118 0.000 0.001 0.002 0.005 0.020 0.026 0.828 
 254 A _   0.170 0.000 0.001 0.002 0.008 0.024 0.025 0.771 
 255 D _   0.239 0.000 0.001 0.002 0.012 0.029 0.024 0.694 
 256 M _   0.319 0.000 0.001 0.002 0.018 0.034 0.022 0.602 
 257 W _   0.399 0.000 0.002 0.003 0.026 0.039 0.021 0.510 
 258 S H   0.468 0.000 0.002 0.004 0.035 0.043 0.021 0.428 
 259 F H   0.521 0.001 0.002 0.005 0.043 0.046 0.021 0.361 
 260 G H   0.556 0.002 0.002 0.007 0.051 0.047 0.022 0.314 
 261 I H   0.575 0.004 0.002 0.009 0.056 0.047 0.023 0.284 
 262 T H   0.578 0.006 0.003 0.012 0.058 0.046 0.025 0.272 
 263 A H   0.566 0.007 0.003 0.014 0.058 0.045 0.027 0.279 
 264 I H   0.539 0.008 0.003 0.016 0.056 0.042 0.030 0.304 
 265 E H   0.495 0.008 0.003 0.018 0.050 0.039 0.035 0.351 
 266 L H   0.433 0.008 0.003 0.019 0.042 0.035 0.040 0.419 
 267 A _   0.358 0.006 0.003 0.017 0.032 0.031 0.047 0.506 
 268 T _   0.278 0.004 0.002 0.014 0.022 0.026 0.054 0.601 
 269 G _   0.202 0.003 0.001 0.010 0.013 0.020 0.060 0.690 
 270 A _   0.137 0.001 0.001 0.007 0.008 0.016 0.066 0.764 
 271 A _   0.087 0.001 0.001 0.005 0.005 0.013 0.070 0.819 
 272 P _   0.054 0.001 0.000 0.003 0.003 0.010 0.073 0.856 
 273 Y _   0.033 0.001 0.000 0.003 0.002 0.009 0.074 0.877 
 274 H _   0.022 0.001 0.000 0.003 0.002 0.009 0.076 0.887 
 275 K _   0.016 0.002 0.000 0.003 0.002 0.010 0.077 0.888 
 276 Y _   0.014 0.007 0.000 0.006 0.003 0.012 0.077 0.881 
 277 P _   0.014 0.017 0.001 0.011 0.005 0.015 0.077 0.860 
 278 P _   0.014 0.039 0.001 0.019 0.008 0.018 0.077 0.823 
 279 M _   0.014 0.071 0.001 0.031 0.012 0.021 0.076 0.774 
 280 K _   0.014 0.103 0.001 0.044 0.014 0.022 0.075 0.726 
 281 V _   0.014 0.127 0.001 0.054 0.015 0.022 0.075 0.690 
 282 L _   0.013 0.140 0.001 0.060 0.016 0.022 0.076 0.671 
 283 M _   0.013 0.145 0.001 0.061 0.015 0.021 0.078 0.667 
 284 L _   0.012 0.144 0.001 0.056 0.013 0.019 0.081 0.675 
 285 T _   0.011 0.137 0.001 0.047 0.011 0.016 0.084 0.693 
 286 L _   0.010 0.124 0.001 0.035 0.009 0.014 0.088 0.719 
 287 Q _   0.009 0.107 0.001 0.024 0.006 0.012 0.092 0.748 
 288 N _   0.009 0.090 0.001 0.016 0.005 0.010 0.096 0.775 
 289 D _   0.008 0.077 0.000 0.010 0.003 0.009 0.099 0.794 
 290 P _   0.007 0.069 0.000 0.007 0.002 0.008 0.102 0.805 
 291 P _   0.006 0.065 0.000 0.005 0.002 0.007 0.104 0.810 
 292 T _   0.006 0.064 0.000 0.005 0.002 0.007 0.105 0.810 
 293 L _   0.006 0.066 0.000 0.006 0.002 0.007 0.106 0.806 
 294 E _   0.006 0.071 0.000 0.007 0.003 0.008 0.106 0.798 
 295 T _   0.006 0.080 0.000 0.009 0.003 0.009 0.106 0.787 
 296 G _   0.006 0.091 0.000 0.012 0.004 0.009 0.105 0.773 
 297 V _   0.005 0.106 0.001 0.014 0.004 0.010 0.104 0.756 
 298 E _   0.005 0.121 0.001 0.016 0.004 0.010 0.103 0.740 
 299 D _   0.005 0.137 0.001 0.017 0.005 0.011 0.102 0.724 
 300 K _   0.005 0.152 0.001 0.017 0.005 0.011 0.101 0.709 
 301 E _   0.005 0.165 0.001 0.017 0.005 0.011 0.100 0.696 
 302 M _   0.005 0.177 0.001 0.017 0.005 0.012 0.099 0.685 
 303 M _   0.005 0.189 0.001 0.016 0.005 0.012 0.099 0.673 
 304 K _   0.006 0.201 0.001 0.016 0.005 0.013 0.098 0.660 
 305 K _   0.006 0.213 0.001 0.017 0.006 0.014 0.098 0.644 
 306 Y _   0.007 0.227 0.001 0.018 0.007 0.016 0.098 0.626 
 307 G _   0.008 0.244 0.001 0.021 0.008 0.017 0.097 0.603 
 308 K _   0.009 0.262 0.001 0.025 0.010 0.019 0.097 0.576 
 309 S _   0.010 0.281 0.001 0.030 0.012 0.020 0.097 0.548 
 310 F _   0.011 0.297 0.001 0.037 0.013 0.021 0.098 0.521 
 311 R _   0.012 0.309 0.001 0.043 0.014 0.021 0.099 0.499 
 312 K _   0.013 0.315 0.001 0.048 0.015 0.021 0.102 0.485 
 313 L _   0.013 0.315 0.001 0.051 0.014 0.020 0.105 0.480 
 314 L _   0.013 0.307 0.001 0.052 0.014 0.019 0.109 0.484 
 315 S _   0.013 0.290 0.001 0.049 0.013 0.018 0.115 0.502 
 316 L _   0.013 0.258 0.001 0.043 0.012 0.016 0.123 0.535 
 317 C _   0.013 0.207 0.001 0.034 0.010 0.014 0.133 0.587 
 318 L _   0.013 0.144 0.001 0.024 0.008 0.013 0.144 0.653 
 319 Q _   0.012 0.085 0.001 0.016 0.006 0.011 0.154 0.715 
 320 K _   0.010 0.045 0.001 0.009 0.004 0.009 0.163 0.761 
 321 D _   0.008 0.024 0.000 0.005 0.002 0.007 0.168 0.786 
 322 P _   0.006 0.015 0.000 0.003 0.001 0.007 0.171 0.796 
 323 S _   0.006 0.013 0.000 0.002 0.001 0.007 0.174 0.797 
 324 K _   0.006 0.013 0.000 0.003 0.002 0.008 0.175 0.794 
 325 R _   0.007 0.015 0.000 0.005 0.002 0.011 0.175 0.784 
 326 P _   0.009 0.022 0.000 0.009 0.004 0.014 0.175 0.766 
 327 T _   0.010 0.038 0.001 0.017 0.007 0.017 0.174 0.736 
 328 A _   0.011 0.060 0.001 0.028 0.010 0.020 0.173 0.697 
 329 A _   0.012 0.082 0.001 0.040 0.012 0.022 0.171 0.660 
 330 E _   0.011 0.098 0.001 0.049 0.014 0.023 0.171 0.633 
 331 L _   0.011 0.107 0.001 0.055 0.015 0.023 0.171 0.618 
 332 L _   0.011 0.110 0.001 0.056 0.015 0.022 0.172 0.613 
 333 K _   0.010 0.108 0.001 0.053 0.014 0.021 0.175 0.617 
 334 C _   0.010 0.102 0.001 0.046 0.013 0.019 0.178 0.630 
 335 K _   0.009 0.091 0.001 0.038 0.011 0.017 0.183 0.649 
 336 F _   0.009 0.075 0.001 0.028 0.009 0.016 0.189 0.673 
 337 F _   0.009 0.057 0.001 0.019 0.007 0.014 0.195 0.699 
 338 Q _   0.009 0.040 0.001 0.012 0.005 0.013 0.200 0.720 
 339 K _   0.008 0.029 0.000 0.008 0.004 0.012 0.204 0.734 
 340 A _   0.008 0.023 0.000 0.006 0.003 0.012 0.208 0.740 
 341 K _   0.009 0.020 0.000 0.005 0.003 0.013 0.211 0.739 
 342 N _   0.010 0.020 0.000 0.005 0.003 0.014 0.213 0.734 
 343 R _   0.012 0.021 0.000 0.007 0.005 0.016 0.215 0.724 
 344 E _   0.014 0.024 0.001 0.010 0.007 0.018 0.217 0.709 
 345 Y _   0.017 0.029 0.001 0.015 0.009 0.021 0.219 0.689 
 346 L _   0.018 0.035 0.001 0.021 0.011 0.023 0.222 0.669 
 347 I _   0.020 0.041 0.001 0.027 0.013 0.024 0.224 0.650 
 348 E _   0.020 0.045 0.001 0.031 0.015 0.024 0.228 0.636 
 349 K _   0.020 0.047 0.001 0.032 0.015 0.024 0.233 0.628 
 350 L _   0.020 0.046 0.001 0.032 0.014 0.022 0.238 0.626 
 351 L _   0.018 0.044 0.001 0.028 0.013 0.021 0.245 0.630 
 352 T _   0.017 0.040 0.001 0.023 0.011 0.019 0.252 0.638 
 353 R _   0.015 0.035 0.001 0.019 0.009 0.017 0.260 0.646 
 354 T _   0.014 0.029 0.001 0.014 0.007 0.015 0.267 0.654 
 355 P _   0.012 0.024 0.001 0.011 0.005 0.013 0.274 0.659 
 356 D _   0.011 0.021 0.001 0.009 0.004 0.012 0.281 0.662 
 357 I _   0.010 0.019 0.000 0.008 0.004 0.011 0.287 0.661 
 358 A _   0.010 0.018 0.000 0.008 0.004 0.011 0.293 0.657 
 359 Q _   0.010 0.017 0.000 0.008 0.004 0.011 0.298 0.652 
 360 R _   0.009 0.017 0.000 0.009 0.004 0.010 0.303 0.646 
 361 A _   0.009 0.018 0.001 0.011 0.004 0.011 0.308 0.639 
 362 K _   0.008 0.018 0.001 0.012 0.005 0.010 0.314 0.632 
 363 K _   0.008 0.019 0.001 0.014 0.005 0.010 0.319 0.624 
 364 V _   0.008 0.019 0.001 0.015 0.005 0.010 0.326 0.617 
 365 R _   0.007 0.019 0.001 0.015 0.005 0.010 0.332 0.610 
 366 R _   0.007 0.019 0.001 0.015 0.005 0.010 0.339 0.604 
 367 V _   0.007 0.018 0.001 0.015 0.005 0.009 0.347 0.599 
 368 P _   0.006 0.016 0.001 0.014 0.004 0.008 0.355 0.595 
 369 G _   0.006 0.015 0.000 0.013 0.004 0.008 0.364 0.590 
 370 S _   0.006 0.013 0.000 0.011 0.003 0.007 0.372 0.587 
 371 S _   0.005 0.012 0.000 0.010 0.003 0.007 0.380 0.582 
 372 G _   0.005 0.010 0.000 0.009 0.003 0.006 0.388 0.578 
 373 H _   0.005 0.009 0.000 0.008 0.002 0.006 0.396 0.573 
 374 L _   0.005 0.008 0.000 0.008 0.002 0.006 0.403 0.569 
 375 H _   0.004 0.007 0.000 0.007 0.002 0.005 0.410 0.564 
 376 K _   0.004 0.006 0.000 0.007 0.002 0.005 0.416 0.559 
 377 T _   0.004 0.006 0.000 0.007 0.002 0.005 0.421 0.555 
 378 E _   0.004 0.005 0.000 0.007 0.002 0.005 0.426 0.550 
 379 D _   0.004 0.005 0.000 0.007 0.002 0.005 0.431 0.546 
 380 G _   0.004 0.005 0.000 0.008 0.002 0.005 0.435 0.542 
 381 D _   0.004 0.005 0.000 0.008 0.002 0.005 0.439 0.538 
 382 W _   0.004 0.005 0.000 0.008 0.002 0.005 0.443 0.535 
 383 E _   0.004 0.005 0.000 0.007 0.002 0.005 0.446 0.532 
 384 W _   0.003 0.005 0.000 0.007 0.002 0.004 0.449 0.530 
 385 S _   0.003 0.004 0.000 0.006 0.001 0.004 0.451 0.530 
 386 D _   0.003 0.004 0.000 0.006 0.001 0.004 0.452 0.529 
 387 D _   0.003 0.004 0.000 0.005 0.001 0.004 0.453 0.530 
 388 E _   0.003 0.004 0.000 0.005 0.001 0.004 0.453 0.531 
 389 M _   0.003 0.005 0.000 0.004 0.001 0.004 0.452 0.532 
 390 D _   0.002 0.005 0.000 0.004 0.001 0.004 0.450 0.533 
 391 E _   0.002 0.006 0.000 0.005 0.001 0.004 0.448 0.534 
 392 K _   0.002 0.008 0.000 0.005 0.001 0.004 0.444 0.534 
 393 S _   0.003 0.011 0.000 0.007 0.002 0.005 0.440 0.533 
 394 E _   0.003 0.015 0.000 0.009 0.002 0.006 0.434 0.530 
 395 E _   0.003 0.021 0.000 0.012 0.002 0.007 0.428 0.526 
 396 G _   0.003 0.027 0.000 0.015 0.003 0.008 0.422 0.521 
 397 K _   0.004 0.034 0.000 0.019 0.004 0.008 0.416 0.515 
 398 A _   0.004 0.039 0.000 0.022 0.004 0.009 0.411 0.511 
 399 A _   0.004 0.043 0.000 0.023 0.004 0.009 0.407 0.509 
 400 F _   0.004 0.046 0.000 0.023 0.004 0.009 0.404 0.510 
 401 S _   0.004 0.047 0.000 0.022 0.004 0.008 0.402 0.514 
 402 Q _   0.004 0.046 0.000 0.019 0.003 0.008 0.400 0.519 
 403 E _   0.004 0.045 0.000 0.016 0.003 0.007 0.399 0.526 
 404 K _   0.004 0.043 0.000 0.013 0.002 0.006 0.398 0.534 
 405 S _   0.003 0.041 0.000 0.010 0.002 0.006 0.397 0.541 
 406 R _   0.003 0.040 0.000 0.007 0.002 0.005 0.395 0.547 
 407 R _   0.003 0.039 0.000 0.006 0.001 0.005 0.393 0.553 
 408 V _   0.003 0.040 0.000 0.005 0.001 0.005 0.390 0.556 
 409 K _   0.003 0.041 0.000 0.005 0.001 0.006 0.385 0.558 
 410 E _   0.003 0.046 0.000 0.006 0.002 0.007 0.380 0.556 
 411 E _   0.004 0.054 0.000 0.007 0.003 0.008 0.373 0.551 
 412 N _   0.005 0.069 0.001 0.010 0.004 0.010 0.364 0.538 
 413 P _   0.006 0.094 0.001 0.014 0.005 0.013 0.352 0.515 
 414 E _   0.007 0.134 0.001 0.019 0.008 0.015 0.338 0.478 
 415 I _   0.007 0.187 0.001 0.024 0.010 0.017 0.322 0.431 
 416 A _   0.007 0.245 0.001 0.029 0.012 0.018 0.306 0.380 
 417 V _   0.007 0.302 0.002 0.032 0.013 0.019 0.293 0.332 
 418 S E   0.007 0.352 0.001 0.034 0.013 0.019 0.282 0.291 
 419 A E   0.007 0.391 0.001 0.036 0.014 0.019 0.275 0.258 
 420 S E   0.007 0.418 0.001 0.038 0.013 0.018 0.269 0.236 
 421 T E   0.007 0.436 0.001 0.039 0.013 0.017 0.266 0.221 
 422 I E   0.007 0.447 0.001 0.040 0.013 0.017 0.264 0.212 
 423 P E   0.007 0.451 0.001 0.040 0.012 0.016 0.264 0.208 
 424 E E   0.007 0.451 0.001 0.040 0.012 0.015 0.265 0.209 
 425 Q E   0.007 0.445 0.001 0.040 0.011 0.015 0.267 0.214 
 426 I E   0.008 0.433 0.001 0.039 0.011 0.014 0.271 0.224 
 427 Q E   0.008 0.411 0.001 0.037 0.010 0.013 0.277 0.243 
 428 S E   0.009 0.377 0.001 0.035 0.010 0.013 0.285 0.271 
 429 L E   0.009 0.328 0.001 0.033 0.010 0.012 0.297 0.310 
 430 S _   0.010 0.267 0.001 0.029 0.009 0.012 0.311 0.360 
 431 V _   0.010 0.201 0.001 0.025 0.008 0.011 0.328 0.416 
 432 H _   0.010 0.139 0.001 0.020 0.006 0.010 0.344 0.470 
 433 D _   0.009 0.090 0.001 0.015 0.004 0.009 0.357 0.516 
 434 S _   0.007 0.055 0.000 0.010 0.003 0.007 0.367 0.549 
 435 Q _   0.006 0.034 0.000 0.007 0.002 0.006 0.374 0.571 
 436 G _   0.005 0.022 0.000 0.005 0.001 0.005 0.378 0.585 
 437 P _   0.004 0.015 0.000 0.003 0.001 0.004 0.379 0.593 
 438 P _   0.003 0.012 0.000 0.003 0.001 0.004 0.379 0.598 
 439 N _   0.003 0.011 0.000 0.002 0.001 0.004 0.378 0.600 
 440 A _   0.003 0.011 0.000 0.003 0.001 0.005 0.375 0.602 
 441 N _   0.003 0.012 0.000 0.003 0.001 0.007 0.371 0.602 
 442 E _   0.004 0.015 0.000 0.005 0.002 0.010 0.365 0.598 
 443 D _   0.006 0.023 0.000 0.007 0.003 0.014 0.356 0.589 
 444 Y _   0.009 0.037 0.001 0.011 0.006 0.020 0.345 0.570 
 445 R _   0.013 0.064 0.001 0.016 0.011 0.027 0.330 0.536 
 446 E _   0.018 0.108 0.002 0.024 0.017 0.035 0.312 0.485 
 447 A _   0.022 0.164 0.002 0.031 0.025 0.041 0.294 0.421 
 448 S _   0.026 0.224 0.003 0.039 0.032 0.045 0.276 0.356 
 449 S _   0.029 0.278 0.003 0.046 0.036 0.047 0.262 0.300 
 450 C E   0.031 0.319 0.002 0.053 0.039 0.047 0.251 0.258 
 451 A E   0.033 0.345 0.002 0.058 0.039 0.046 0.244 0.233 
 452 V E   0.035 0.359 0.002 0.062 0.038 0.044 0.239 0.221 
 453 N E   0.036 0.364 0.002 0.064 0.036 0.041 0.237 0.220 
 454 L E   0.036 0.360 0.002 0.062 0.034 0.038 0.237 0.231 
 455 V E   0.036 0.345 0.002 0.057 0.030 0.034 0.238 0.256 
 456 L E   0.036 0.314 0.002 0.050 0.026 0.030 0.241 0.301 
 457 R _   0.034 0.258 0.002 0.041 0.022 0.027 0.246 0.370 
 458 L _   0.031 0.184 0.002 0.030 0.017 0.023 0.253 0.460 
 459 R _   0.027 0.109 0.002 0.020 0.012 0.020 0.259 0.552 
 460 N _   0.022 0.055 0.001 0.012 0.008 0.016 0.264 0.622 
 461 S _   0.017 0.027 0.001 0.007 0.005 0.013 0.267 0.664 
 462 R _   0.013 0.015 0.000 0.005 0.003 0.010 0.268 0.685 
 463 K _   0.010 0.011 0.000 0.004 0.002 0.009 0.269 0.695 
 464 E _   0.009 0.009 0.000 0.004 0.002 0.008 0.268 0.699 
 465 L _   0.008 0.009 0.000 0.005 0.002 0.008 0.267 0.700 
 466 N _   0.008 0.009 0.000 0.007 0.003 0.009 0.266 0.698 
 467 D _   0.008 0.010 0.000 0.010 0.003 0.009 0.264 0.694 
 468 I _   0.008 0.012 0.001 0.014 0.004 0.010 0.262 0.690 
 469 R _   0.008 0.013 0.001 0.016 0.005 0.010 0.260 0.688 
 470 F _   0.007 0.013 0.001 0.017 0.005 0.010 0.259 0.689 
 471 E _   0.007 0.012 0.001 0.016 0.004 0.009 0.258 0.693 
 472 F _   0.006 0.011 0.000 0.013 0.004 0.008 0.257 0.700 
 473 T _   0.006 0.010 0.000 0.010 0.003 0.007 0.255 0.708 
 474 P _   0.005 0.008 0.000 0.008 0.002 0.007 0.254 0.716 
 475 G _   0.004 0.007 0.000 0.005 0.002 0.006 0.253 0.722 
 476 R _   0.004 0.006 0.000 0.004 0.002 0.006 0.250 0.726 
 477 D _   0.004 0.006 0.000 0.004 0.002 0.007 0.248 0.728 
 478 T _   0.005 0.007 0.000 0.004 0.002 0.009 0.245 0.728 
 479 A _   0.006 0.010 0.000 0.006 0.003 0.011 0.241 0.723 
 480 D _   0.007 0.016 0.001 0.009 0.004 0.014 0.236 0.713 
 481 G _   0.009 0.026 0.001 0.014 0.007 0.018 0.230 0.695 
 482 V _   0.011 0.041 0.001 0.022 0.010 0.022 0.222 0.670 
 483 S _   0.013 0.057 0.001 0.031 0.014 0.026 0.215 0.643 
 484 Q _   0.014 0.071 0.001 0.039 0.018 0.030 0.208 0.619 
 485 E _   0.016 0.080 0.001 0.046 0.020 0.032 0.202 0.602 
 486 L _   0.017 0.085 0.002 0.049 0.022 0.033 0.198 0.594 
 487 F _   0.018 0.086 0.002 0.049 0.023 0.034 0.195 0.594 
 488 S _   0.019 0.084 0.002 0.045 0.022 0.034 0.193 0.602 
 489 A _   0.021 0.078 0.002 0.038 0.020 0.033 0.192 0.616 
 490 G _   0.023 0.069 0.001 0.029 0.018 0.032 0.192 0.635 
 491 L _   0.025 0.059 0.001 0.022 0.015 0.031 0.192 0.655 
 492 V _   0.026 0.048 0.001 0.015 0.013 0.031 0.193 0.673 
 493 D _   0.028 0.040 0.001 0.011 0.011 0.030 0.194 0.685 
 494 G _   0.030 0.035 0.001 0.009 0.010 0.030 0.194 0.690 
 495 H _   0.032 0.034 0.001 0.009 0.010 0.030 0.195 0.689 
 496 D _   0.035 0.034 0.001 0.010 0.011 0.031 0.196 0.683 
 497 V _   0.037 0.035 0.001 0.014 0.013 0.031 0.197 0.672 
 498 V _   0.039 0.038 0.001 0.019 0.015 0.031 0.198 0.659 
 499 I _   0.039 0.041 0.001 0.024 0.016 0.031 0.199 0.648 
 500 V _   0.037 0.044 0.001 0.029 0.017 0.030 0.201 0.640 
 501 A _   0.035 0.044 0.001 0.032 0.016 0.027 0.205 0.640 
 502 A _   0.031 0.042 0.001 0.031 0.015 0.025 0.208 0.646 
 503 N _   0.027 0.038 0.001 0.028 0.012 0.021 0.213 0.660 
 504 L _   0.022 0.032 0.001 0.022 0.009 0.018 0.217 0.678 
 505 Q _   0.018 0.024 0.001 0.016 0.007 0.015 0.222 0.699 
 506 K _   0.014 0.016 0.001 0.010 0.004 0.012 0.226 0.717 
 507 I _   0.011 0.011 0.000 0.006 0.003 0.010 0.228 0.730 
 508 V _   0.009 0.008 0.000 0.004 0.002 0.009 0.230 0.738 
 509 D _   0.008 0.007 0.000 0.003 0.002 0.009 0.232 0.740 
 510 D _   0.008 0.007 0.000 0.003 0.002 0.009 0.232 0.739 
 511 P _   0.009 0.009 0.000 0.004 0.003 0.011 0.232 0.732 
 512 K _   0.011 0.015 0.000 0.006 0.004 0.014 0.232 0.716 
 513 A _   0.013 0.030 0.001 0.012 0.007 0.018 0.230 0.688 
 514 L _   0.015 0.058 0.001 0.021 0.011 0.022 0.228 0.643 
 515 K _   0.016 0.095 0.001 0.034 0.015 0.024 0.226 0.590 
 516 T _   0.015 0.129 0.002 0.046 0.017 0.025 0.224 0.542 
 517 L _   0.014 0.153 0.001 0.056 0.018 0.025 0.223 0.509 
 518 T _   0.013 0.165 0.001 0.061 0.018 0.024 0.225 0.493 
 519 F _   0.012 0.170 0.001 0.062 0.017 0.022 0.227 0.488 
 520 K _   0.011 0.169 0.001 0.059 0.015 0.020 0.231 0.493 
 521 L _   0.010 0.162 0.001 0.051 0.013 0.018 0.237 0.507 
 522 A _   0.010 0.148 0.001 0.041 0.010 0.015 0.244 0.530 
 523 S _   0.009 0.128 0.001 0.030 0.008 0.013 0.252 0.559 
 524 G _   0.008 0.105 0.001 0.020 0.006 0.011 0.260 0.589 
 525 C _   0.007 0.084 0.001 0.013 0.004 0.010 0.268 0.614 
 526 D _   0.007 0.069 0.000 0.008 0.003 0.009 0.274 0.631 
 527 G _   0.006 0.061 0.000 0.005 0.002 0.008 0.278 0.639 
 528 S _   0.006 0.058 0.000 0.004 0.002 0.008 0.281 0.641 
 529 E _   0.006 0.058 0.000 0.004 0.002 0.010 0.283 0.637 
 530 I _   0.007 0.062 0.000 0.005 0.003 0.012 0.284 0.627 
 531 P _   0.010 0.074 0.001 0.008 0.005 0.016 0.284 0.604 
 532 D _   0.013 0.104 0.001 0.014 0.009 0.020 0.282 0.558 
 533 E _   0.015 0.163 0.002 0.023 0.014 0.024 0.279 0.481 
 534 V _   0.016 0.254 0.002 0.033 0.018 0.026 0.275 0.377 
 535 K E   0.014 0.347 0.002 0.041 0.020 0.026 0.272 0.277 
 536 L E   0.012 0.417 0.002 0.048 0.019 0.024 0.271 0.208 
 537 I E   0.010 0.457 0.001 0.051 0.017 0.021 0.272 0.170 
 538 G E   0.008 0.477 0.001 0.052 0.015 0.018 0.276 0.155 
 539 F E   0.006 0.484 0.001 0.050 0.012 0.015 0.282 0.150 
 540 A E   0.005 0.483 0.001 0.045 0.010 0.011 0.290 0.156 
 541 Q E   0.004 0.470 0.001 0.038 0.006 0.007 0.301 0.173 
 542 L E   0.002 0.434 0.001 0.027 0.003 0.004 0.316 0.214 
 543 S E   0.001 0.375 0.000 0.018 0.001 0.002 0.326 0.278 
 544 V _   0.001 0.320 0.000 0.016 0.001 0.002 0.329 0.332 
 545 S _   0.004 0.291 0.002 0.023 0.005 0.005 0.323 0.347 
