#TopoPred_TM8: 8-state transmembrane topology prediction results by no_profile mode 
#probabilities are in the order of H E C I L F X _, the 8 transmembrane topology types used in PDBTM 
   1 M _   0.033 0.001 0.003 0.062 0.016 0.019 0.340 0.526 
   2 A _   0.017 0.000 0.000 0.034 0.004 0.011 0.346 0.587 
   3 V _   0.013 0.000 0.000 0.018 0.002 0.008 0.342 0.617 
   4 P _   0.024 0.000 0.000 0.010 0.002 0.009 0.328 0.626 
   5 S _   0.058 0.000 0.001 0.007 0.004 0.012 0.299 0.620 
   6 L _   0.130 0.000 0.001 0.004 0.007 0.016 0.253 0.590 
   7 W _   0.233 0.000 0.001 0.002 0.009 0.018 0.204 0.532 
   8 P _   0.361 0.000 0.001 0.002 0.011 0.018 0.153 0.454 
   9 W H   0.489 0.000 0.001 0.001 0.012 0.018 0.108 0.370 
  10 G H   0.605 0.000 0.002 0.001 0.013 0.017 0.072 0.290 
  11 A H   0.700 0.000 0.001 0.001 0.015 0.015 0.047 0.222 
  12 C H   0.775 0.000 0.001 0.001 0.015 0.013 0.030 0.165 
  13 L H   0.829 0.000 0.001 0.001 0.015 0.011 0.019 0.124 
  14 P H   0.867 0.000 0.001 0.001 0.015 0.009 0.013 0.094 
  15 V H   0.891 0.000 0.001 0.000 0.014 0.008 0.009 0.076 
  16 I H   0.904 0.000 0.001 0.000 0.014 0.007 0.007 0.066 
  17 F H   0.908 0.000 0.001 0.000 0.014 0.006 0.006 0.065 
  18 L H   0.903 0.000 0.001 0.000 0.015 0.006 0.005 0.070 
  19 S H   0.890 0.000 0.001 0.001 0.015 0.006 0.004 0.083 
  20 L H   0.866 0.000 0.001 0.001 0.016 0.007 0.004 0.106 
  21 G H   0.826 0.000 0.001 0.001 0.017 0.008 0.004 0.144 
  22 F H   0.768 0.000 0.001 0.001 0.017 0.009 0.004 0.200 
  23 G H   0.693 0.000 0.001 0.001 0.016 0.010 0.005 0.273 
  24 L H   0.607 0.000 0.001 0.002 0.015 0.011 0.006 0.357 
  25 D H   0.512 0.000 0.001 0.002 0.014 0.012 0.007 0.452 
  26 T _   0.415 0.000 0.001 0.002 0.012 0.012 0.009 0.549 
  27 V _   0.323 0.000 0.001 0.003 0.010 0.013 0.010 0.641 
  28 E _   0.242 0.000 0.001 0.003 0.008 0.013 0.012 0.722 
  29 V _   0.177 0.000 0.001 0.003 0.006 0.012 0.013 0.787 
  30 C _   0.128 0.000 0.001 0.003 0.005 0.012 0.014 0.836 
  31 P _   0.093 0.000 0.001 0.003 0.005 0.013 0.015 0.871 
  32 S _   0.070 0.000 0.001 0.004 0.005 0.013 0.015 0.893 
  33 L _   0.053 0.001 0.001 0.005 0.005 0.014 0.016 0.906 
  34 D _   0.043 0.001 0.001 0.006 0.005 0.015 0.016 0.912 
  35 I _   0.036 0.002 0.001 0.009 0.007 0.017 0.016 0.913 
  36 R _   0.031 0.003 0.001 0.012 0.008 0.018 0.016 0.911 
  37 S _   0.028 0.004 0.001 0.015 0.009 0.019 0.016 0.908 
  38 E _   0.026 0.005 0.001 0.018 0.010 0.019 0.016 0.905 
  39 V _   0.025 0.006 0.001 0.019 0.010 0.019 0.016 0.904 
  40 A _   0.024 0.006 0.001 0.019 0.009 0.019 0.016 0.906 
  41 E _   0.023 0.006 0.001 0.017 0.009 0.018 0.016 0.910 
  42 L _   0.024 0.005 0.001 0.015 0.008 0.017 0.016 0.915 
  43 R _   0.025 0.004 0.001 0.011 0.006 0.016 0.016 0.921 
  44 Q _   0.028 0.002 0.001 0.008 0.005 0.015 0.016 0.924 
  45 L _   0.032 0.001 0.001 0.006 0.005 0.015 0.016 0.925 
  46 E _   0.040 0.001 0.000 0.004 0.004 0.015 0.016 0.920 
  47 N _   0.053 0.000 0.000 0.003 0.004 0.015 0.016 0.909 
  48 C _   0.074 0.000 0.001 0.002 0.004 0.016 0.015 0.887 
  49 S _   0.105 0.000 0.001 0.002 0.005 0.019 0.014 0.854 
  50 V _   0.148 0.000 0.001 0.002 0.007 0.022 0.013 0.807 
  51 V _   0.205 0.000 0.001 0.002 0.010 0.027 0.012 0.744 
  52 E _   0.269 0.000 0.001 0.002 0.014 0.032 0.011 0.670 
  53 G _   0.337 0.000 0.001 0.003 0.021 0.037 0.010 0.591 
  54 H _   0.402 0.000 0.002 0.003 0.029 0.042 0.009 0.513 
  55 L H   0.454 0.001 0.002 0.004 0.037 0.045 0.009 0.448 
  56 Q H   0.493 0.001 0.002 0.005 0.045 0.047 0.009 0.397 
  57 I H   0.516 0.003 0.002 0.008 0.051 0.048 0.009 0.364 
  58 L H   0.523 0.004 0.002 0.011 0.054 0.047 0.009 0.350 
  59 L H   0.517 0.005 0.003 0.013 0.054 0.045 0.010 0.354 
  60 M H   0.495 0.006 0.003 0.015 0.051 0.043 0.011 0.376 
  61 F H   0.459 0.006 0.003 0.016 0.046 0.039 0.012 0.420 
  62 T _   0.409 0.005 0.003 0.015 0.038 0.035 0.013 0.482 
  63 A _   0.346 0.004 0.002 0.012 0.029 0.030 0.015 0.563 
  64 T _   0.279 0.002 0.002 0.009 0.019 0.025 0.016 0.648 
  65 G _   0.215 0.001 0.001 0.006 0.012 0.021 0.018 0.726 
  66 E _   0.162 0.000 0.001 0.004 0.008 0.018 0.018 0.789 
  67 D _   0.121 0.000 0.001 0.003 0.005 0.015 0.019 0.836 
  68 F _   0.093 0.000 0.000 0.003 0.004 0.014 0.019 0.867 
  69 R _   0.075 0.000 0.000 0.002 0.003 0.013 0.020 0.887 
  70 G _   0.064 0.000 0.000 0.003 0.003 0.013 0.020 0.897 
  71 L _   0.061 0.000 0.000 0.003 0.003 0.014 0.019 0.899 
  72 S _   0.063 0.000 0.000 0.003 0.004 0.015 0.019 0.896 
  73 F _   0.070 0.000 0.001 0.004 0.004 0.017 0.018 0.886 
  74 P _   0.083 0.000 0.001 0.004 0.005 0.019 0.018 0.871 
  75 R _   0.103 0.000 0.001 0.004 0.006 0.021 0.017 0.848 
  76 L _   0.129 0.000 0.001 0.004 0.008 0.024 0.016 0.819 
  77 T _   0.165 0.000 0.001 0.003 0.009 0.027 0.014 0.780 
  78 Q _   0.208 0.000 0.001 0.003 0.012 0.030 0.013 0.733 
  79 V _   0.259 0.000 0.001 0.003 0.016 0.034 0.012 0.676 
  80 T _   0.315 0.000 0.001 0.003 0.021 0.038 0.010 0.612 
  81 D _   0.372 0.000 0.002 0.003 0.027 0.041 0.009 0.545 
  82 Y _   0.424 0.000 0.002 0.004 0.034 0.044 0.008 0.484 
  83 L H   0.466 0.001 0.002 0.005 0.040 0.045 0.008 0.433 
  84 L H   0.497 0.001 0.002 0.006 0.045 0.045 0.008 0.397 
  85 L H   0.514 0.002 0.002 0.008 0.047 0.045 0.008 0.375 
  86 F H   0.518 0.002 0.002 0.009 0.048 0.043 0.008 0.370 
  87 R H   0.509 0.003 0.002 0.010 0.046 0.041 0.008 0.381 
  88 V H   0.486 0.003 0.002 0.011 0.042 0.038 0.009 0.410 
  89 Y _   0.449 0.002 0.002 0.010 0.036 0.034 0.009 0.457 
  90 G _   0.401 0.002 0.002 0.009 0.029 0.031 0.010 0.518 
  91 L _   0.345 0.001 0.002 0.007 0.021 0.027 0.011 0.587 
  92 E _   0.287 0.001 0.001 0.005 0.015 0.023 0.011 0.657 
  93 S _   0.235 0.000 0.001 0.004 0.010 0.019 0.012 0.719 
  94 L _   0.190 0.000 0.001 0.003 0.007 0.017 0.012 0.771 
  95 R _   0.159 0.000 0.001 0.002 0.005 0.015 0.012 0.807 
  96 D _   0.138 0.000 0.000 0.002 0.004 0.013 0.012 0.830 
  97 L _   0.128 0.000 0.000 0.002 0.004 0.013 0.012 0.841 
  98 F _   0.127 0.000 0.000 0.002 0.004 0.013 0.012 0.842 
  99 P _   0.136 0.000 0.000 0.002 0.004 0.014 0.011 0.832 
 100 N _   0.154 0.000 0.001 0.002 0.005 0.016 0.011 0.812 
 101 L _   0.182 0.000 0.001 0.003 0.006 0.017 0.010 0.782 
 102 A _   0.219 0.000 0.001 0.003 0.008 0.019 0.009 0.742 
 103 V _   0.264 0.000 0.001 0.003 0.009 0.021 0.008 0.694 
 104 I _   0.318 0.000 0.001 0.002 0.011 0.023 0.007 0.638 
 105 R _   0.378 0.000 0.001 0.002 0.014 0.024 0.006 0.575 
 106 G _   0.440 0.000 0.001 0.002 0.016 0.025 0.005 0.511 
 107 T H   0.503 0.000 0.001 0.002 0.018 0.026 0.004 0.445 
 108 R H   0.558 0.000 0.001 0.002 0.021 0.026 0.004 0.388 
 109 L H   0.605 0.000 0.001 0.002 0.024 0.026 0.003 0.339 
 110 F H   0.642 0.000 0.001 0.002 0.026 0.026 0.003 0.300 
 111 L H   0.667 0.000 0.002 0.002 0.029 0.025 0.003 0.272 
 112 G H   0.682 0.000 0.002 0.002 0.030 0.024 0.003 0.257 
 113 Y H   0.686 0.000 0.002 0.003 0.030 0.023 0.003 0.252 
 114 A H   0.676 0.000 0.002 0.003 0.030 0.023 0.004 0.262 
 115 L H   0.655 0.000 0.002 0.004 0.029 0.022 0.004 0.285 
 116 V H   0.623 0.000 0.002 0.004 0.025 0.021 0.005 0.320 
 117 I H   0.578 0.000 0.002 0.004 0.021 0.019 0.006 0.370 
 118 F H   0.520 0.000 0.001 0.003 0.017 0.018 0.007 0.434 
 119 E _   0.456 0.000 0.001 0.002 0.012 0.017 0.008 0.503 
 120 M _   0.394 0.000 0.001 0.002 0.009 0.016 0.009 0.570 
 121 P _   0.342 0.000 0.001 0.001 0.006 0.015 0.010 0.625 
 122 H _   0.300 0.000 0.001 0.001 0.005 0.015 0.011 0.667 
 123 L _   0.273 0.000 0.001 0.001 0.005 0.016 0.012 0.693 
 124 R _   0.259 0.000 0.001 0.001 0.005 0.019 0.012 0.704 
 125 D _   0.257 0.000 0.001 0.001 0.006 0.022 0.013 0.701 
 126 V _   0.263 0.000 0.001 0.002 0.008 0.026 0.013 0.687 
 127 A _   0.273 0.000 0.001 0.003 0.012 0.031 0.014 0.666 
 128 L _   0.283 0.001 0.001 0.004 0.018 0.036 0.015 0.642 
 129 P _   0.293 0.002 0.002 0.007 0.024 0.041 0.016 0.616 
 130 A _   0.296 0.005 0.002 0.011 0.031 0.045 0.017 0.594 
 131 L _   0.293 0.008 0.002 0.016 0.036 0.047 0.018 0.580 
 132 G _   0.284 0.011 0.002 0.020 0.039 0.048 0.020 0.575 
 133 A _   0.269 0.013 0.002 0.024 0.040 0.048 0.022 0.582 
 134 V _   0.250 0.014 0.002 0.026 0.039 0.046 0.024 0.599 
 135 L _   0.223 0.015 0.002 0.027 0.034 0.043 0.026 0.629 
 136 R _   0.192 0.014 0.002 0.026 0.029 0.038 0.029 0.670 
 137 G _   0.159 0.012 0.002 0.022 0.022 0.034 0.032 0.716 
 138 A _   0.127 0.009 0.001 0.018 0.016 0.029 0.035 0.764 
 139 V _   0.097 0.007 0.001 0.013 0.011 0.024 0.038 0.809 
 140 R _   0.071 0.004 0.001 0.009 0.007 0.020 0.040 0.847 
 141 V _   0.050 0.003 0.001 0.006 0.005 0.016 0.042 0.877 
 142 E _   0.036 0.002 0.000 0.005 0.004 0.014 0.043 0.897 
 143 K _   0.026 0.001 0.000 0.003 0.003 0.013 0.043 0.910 
 144 N _   0.020 0.002 0.000 0.003 0.003 0.012 0.044 0.916 
 145 Q _   0.017 0.002 0.000 0.003 0.003 0.013 0.044 0.917 
 146 E _   0.016 0.004 0.000 0.004 0.004 0.014 0.044 0.913 
 147 L _   0.016 0.009 0.001 0.007 0.005 0.017 0.044 0.902 
 148 C _   0.018 0.018 0.001 0.011 0.007 0.020 0.043 0.883 
 149 H _   0.019 0.032 0.001 0.017 0.010 0.022 0.042 0.856 
 150 L _   0.019 0.048 0.001 0.025 0.013 0.025 0.042 0.826 
 151 S _   0.020 0.065 0.001 0.033 0.016 0.026 0.041 0.798 
 152 T _   0.021 0.078 0.001 0.040 0.018 0.027 0.040 0.775 
 153 I _   0.021 0.086 0.001 0.045 0.019 0.027 0.040 0.761 
 154 D _   0.021 0.090 0.001 0.047 0.019 0.026 0.041 0.754 
 155 W _   0.021 0.091 0.001 0.046 0.018 0.025 0.041 0.756 
 156 G _   0.020 0.088 0.001 0.043 0.016 0.023 0.042 0.766 
 157 L _   0.019 0.082 0.001 0.037 0.014 0.021 0.044 0.783 
 158 L _   0.018 0.071 0.001 0.030 0.011 0.018 0.045 0.805 
 159 Q _   0.016 0.059 0.001 0.023 0.009 0.016 0.047 0.830 
 160 P _   0.014 0.046 0.001 0.016 0.007 0.014 0.048 0.855 
 161 A _   0.012 0.035 0.001 0.012 0.005 0.012 0.050 0.875 
 162 P _   0.010 0.028 0.000 0.008 0.004 0.010 0.051 0.888 
 163 G _   0.009 0.024 0.000 0.007 0.003 0.009 0.051 0.897 
 164 A _   0.008 0.022 0.000 0.006 0.003 0.009 0.051 0.901 
 165 N _   0.008 0.021 0.000 0.006 0.003 0.009 0.051 0.902 
 166 H _   0.008 0.022 0.000 0.006 0.003 0.009 0.051 0.901 
 167 I _   0.008 0.024 0.000 0.007 0.003 0.009 0.051 0.898 
 168 V _   0.008 0.027 0.000 0.008 0.003 0.010 0.050 0.893 
 169 G _   0.008 0.031 0.000 0.009 0.004 0.011 0.049 0.886 
 170 N _   0.008 0.037 0.001 0.010 0.005 0.013 0.048 0.878 
 171 K _   0.009 0.044 0.001 0.012 0.005 0.014 0.047 0.869 
 172 L _   0.009 0.052 0.001 0.013 0.006 0.015 0.046 0.858 
 173 G _   0.010 0.062 0.001 0.014 0.007 0.017 0.045 0.846 
 174 E _   0.011 0.074 0.001 0.015 0.008 0.019 0.043 0.830 
 175 E _   0.012 0.088 0.001 0.017 0.009 0.020 0.042 0.811 
 176 C _   0.014 0.106 0.001 0.019 0.011 0.022 0.040 0.788 
 177 A _   0.015 0.128 0.001 0.022 0.012 0.023 0.038 0.760 
 178 D _   0.016 0.151 0.001 0.025 0.014 0.025 0.037 0.731 
 179 V _   0.017 0.175 0.001 0.029 0.015 0.025 0.035 0.702 
 180 C _   0.018 0.197 0.001 0.032 0.016 0.025 0.034 0.676 
 181 P _   0.018 0.215 0.001 0.035 0.016 0.025 0.034 0.656 
 182 G _   0.018 0.228 0.001 0.037 0.016 0.025 0.033 0.642 
 183 V _   0.017 0.236 0.001 0.037 0.016 0.024 0.033 0.636 
 184 L _   0.017 0.240 0.001 0.037 0.015 0.023 0.033 0.635 
 185 G _   0.016 0.240 0.001 0.034 0.013 0.021 0.033 0.641 
 186 A _   0.015 0.236 0.001 0.031 0.012 0.020 0.033 0.651 
 187 A _   0.014 0.230 0.001 0.028 0.010 0.018 0.034 0.665 
 188 G _   0.013 0.221 0.001 0.024 0.009 0.017 0.034 0.681 
 189 E _   0.012 0.211 0.001 0.021 0.007 0.015 0.035 0.698 
 190 P _   0.011 0.200 0.001 0.018 0.006 0.014 0.036 0.714 
 191 C _   0.010 0.190 0.001 0.016 0.005 0.013 0.037 0.729 
 192 A _   0.009 0.181 0.001 0.014 0.005 0.012 0.037 0.742 
 193 K _   0.008 0.173 0.001 0.013 0.004 0.011 0.038 0.752 
 194 T _   0.008 0.166 0.001 0.012 0.004 0.010 0.038 0.761 
 195 T _   0.007 0.161 0.000 0.012 0.004 0.010 0.039 0.768 
 196 F _   0.007 0.157 0.000 0.011 0.004 0.009 0.039 0.773 
 197 S _   0.006 0.153 0.000 0.011 0.003 0.009 0.039 0.777 
 198 G _   0.006 0.151 0.000 0.011 0.003 0.009 0.039 0.780 
 199 H _   0.006 0.149 0.000 0.011 0.003 0.009 0.039 0.782 
 200 T _   0.006 0.149 0.000 0.011 0.003 0.008 0.039 0.784 
 201 D _   0.006 0.149 0.000 0.010 0.003 0.008 0.039 0.784 
 202 Y _   0.006 0.150 0.000 0.010 0.003 0.009 0.039 0.783 
 203 R _   0.006 0.152 0.000 0.010 0.003 0.009 0.038 0.782 
 204 C _   0.006 0.155 0.000 0.010 0.003 0.009 0.038 0.779 
 205 W _   0.005 0.160 0.000 0.011 0.003 0.009 0.037 0.774 
 206 T _   0.005 0.166 0.000 0.011 0.004 0.010 0.036 0.767 
 207 S _   0.005 0.174 0.001 0.012 0.004 0.010 0.035 0.759 
 208 S _   0.006 0.184 0.001 0.013 0.004 0.011 0.035 0.748 
 209 H _   0.006 0.196 0.001 0.014 0.005 0.011 0.033 0.735 
 210 C _   0.006 0.209 0.001 0.015 0.005 0.012 0.032 0.720 
 211 Q _   0.006 0.225 0.001 0.016 0.006 0.012 0.031 0.703 
 212 R _   0.006 0.242 0.001 0.017 0.006 0.013 0.030 0.685 
 213 V _   0.006 0.261 0.001 0.018 0.007 0.014 0.028 0.665 
 214 C _   0.007 0.280 0.001 0.019 0.007 0.014 0.027 0.644 
 215 P _   0.007 0.302 0.001 0.020 0.008 0.015 0.026 0.621 
 216 C _   0.008 0.324 0.001 0.021 0.009 0.016 0.025 0.596 
 217 P _   0.009 0.348 0.001 0.022 0.010 0.017 0.024 0.570 
 218 H _   0.009 0.370 0.001 0.024 0.011 0.018 0.023 0.545 
 219 G _   0.010 0.389 0.001 0.025 0.011 0.018 0.022 0.524 
 220 M _   0.010 0.405 0.001 0.025 0.011 0.018 0.021 0.508 
 221 A _   0.010 0.416 0.001 0.026 0.011 0.018 0.021 0.496 
 222 C _   0.010 0.424 0.001 0.025 0.011 0.018 0.021 0.490 
 223 T _   0.011 0.428 0.001 0.024 0.011 0.018 0.021 0.487 
 224 A _   0.010 0.430 0.001 0.023 0.010 0.017 0.021 0.487 
 225 R _   0.010 0.430 0.001 0.022 0.010 0.017 0.021 0.489 
 226 G _   0.010 0.429 0.001 0.022 0.009 0.017 0.021 0.492 
 227 E _   0.010 0.426 0.001 0.023 0.009 0.016 0.021 0.494 
 228 C _   0.010 0.423 0.001 0.024 0.009 0.016 0.021 0.496 
 229 C _   0.010 0.417 0.001 0.026 0.009 0.015 0.022 0.500 
 230 H _   0.010 0.408 0.001 0.029 0.010 0.015 0.022 0.506 
 231 T _   0.010 0.394 0.001 0.030 0.010 0.014 0.023 0.517 
 232 E _   0.010 0.374 0.001 0.031 0.010 0.014 0.025 0.536 
 233 C _   0.010 0.344 0.001 0.031 0.009 0.013 0.026 0.566 
 234 L _   0.010 0.300 0.001 0.029 0.009 0.013 0.028 0.610 
 235 G _   0.010 0.243 0.001 0.025 0.008 0.012 0.031 0.669 
 236 G _   0.010 0.182 0.001 0.019 0.007 0.012 0.033 0.736 
 237 C _   0.010 0.126 0.001 0.014 0.005 0.011 0.036 0.798 
 238 S _   0.009 0.088 0.001 0.009 0.004 0.011 0.037 0.843 
 239 Q _   0.008 0.067 0.000 0.005 0.003 0.011 0.038 0.868 
 240 P _   0.007 0.058 0.000 0.004 0.002 0.011 0.038 0.879 
 241 E _   0.008 0.056 0.000 0.004 0.002 0.013 0.038 0.878 
 242 D _   0.010 0.058 0.000 0.005 0.003 0.017 0.038 0.869 
 243 P _   0.014 0.069 0.001 0.008 0.006 0.022 0.037 0.844 
 244 R _   0.019 0.098 0.001 0.014 0.011 0.029 0.035 0.794 
 245 A _   0.022 0.158 0.002 0.023 0.018 0.036 0.031 0.710 
 246 C _   0.024 0.248 0.003 0.032 0.025 0.040 0.028 0.601 
 247 V _   0.024 0.346 0.003 0.041 0.029 0.041 0.024 0.493 
 248 A E   0.022 0.422 0.002 0.045 0.030 0.041 0.021 0.415 
 249 C E   0.021 0.472 0.002 0.048 0.031 0.040 0.020 0.367 
 250 R E   0.021 0.500 0.002 0.049 0.031 0.039 0.018 0.339 
 251 H E   0.022 0.516 0.002 0.048 0.031 0.038 0.018 0.326 
 252 L E   0.022 0.522 0.002 0.047 0.031 0.037 0.017 0.322 
 253 Y E   0.023 0.522 0.002 0.045 0.030 0.035 0.017 0.327 
 254 F E   0.023 0.514 0.002 0.042 0.028 0.034 0.017 0.339 
 255 Q E   0.024 0.500 0.002 0.040 0.026 0.032 0.018 0.358 
 256 G E   0.025 0.478 0.002 0.038 0.024 0.030 0.019 0.384 
 257 A E   0.026 0.447 0.002 0.035 0.022 0.028 0.020 0.420 
 258 C _   0.026 0.405 0.002 0.033 0.020 0.027 0.021 0.466 
 259 L _   0.026 0.354 0.002 0.030 0.018 0.025 0.023 0.523 
 260 W _   0.025 0.296 0.002 0.027 0.015 0.024 0.025 0.585 
 261 A _   0.024 0.237 0.002 0.023 0.013 0.022 0.027 0.652 
 262 C _   0.022 0.184 0.001 0.018 0.010 0.021 0.029 0.715 
 263 P _   0.019 0.142 0.001 0.014 0.008 0.019 0.031 0.766 
 264 P _   0.017 0.115 0.001 0.010 0.006 0.017 0.032 0.803 
 265 G _   0.014 0.099 0.001 0.007 0.004 0.016 0.032 0.826 
 266 T _   0.013 0.091 0.000 0.006 0.004 0.016 0.032 0.838 
 267 Y _   0.013 0.088 0.000 0.005 0.004 0.017 0.032 0.841 
 268 Q _   0.013 0.090 0.000 0.006 0.004 0.018 0.031 0.836 
 269 Y _   0.014 0.098 0.001 0.008 0.006 0.021 0.031 0.822 
 270 E _   0.015 0.115 0.001 0.012 0.009 0.024 0.029 0.795 
 271 S _   0.017 0.148 0.001 0.017 0.013 0.026 0.027 0.751 
 272 W _   0.017 0.196 0.002 0.024 0.016 0.028 0.025 0.691 
 273 R _   0.017 0.250 0.002 0.031 0.018 0.028 0.023 0.631 
 274 C _   0.016 0.298 0.002 0.036 0.019 0.028 0.021 0.580 
 275 V _   0.015 0.333 0.002 0.039 0.019 0.027 0.020 0.545 
 276 T _   0.014 0.356 0.001 0.041 0.018 0.025 0.019 0.525 
 277 A _   0.014 0.368 0.001 0.040 0.017 0.024 0.018 0.518 
 278 E _   0.013 0.372 0.001 0.037 0.016 0.023 0.018 0.520 
 279 R _   0.013 0.371 0.001 0.033 0.014 0.022 0.018 0.528 
 280 C _   0.012 0.366 0.001 0.028 0.013 0.020 0.018 0.542 
 281 A _   0.012 0.356 0.001 0.023 0.011 0.019 0.018 0.559 
 282 S _   0.012 0.345 0.001 0.019 0.010 0.019 0.018 0.577 
 283 L _   0.012 0.333 0.001 0.016 0.008 0.018 0.018 0.594 
 284 H _   0.012 0.323 0.001 0.013 0.007 0.017 0.019 0.608 
 285 S _   0.012 0.316 0.001 0.011 0.006 0.017 0.019 0.617 
 286 V _   0.012 0.312 0.001 0.011 0.006 0.017 0.019 0.623 
 287 P _   0.013 0.310 0.001 0.010 0.006 0.018 0.019 0.624 
 288 G _   0.013 0.311 0.001 0.010 0.006 0.018 0.018 0.622 
 289 R _   0.014 0.314 0.001 0.011 0.007 0.019 0.018 0.616 
 290 A _   0.015 0.319 0.001 0.012 0.008 0.020 0.018 0.608 
 291 S _   0.015 0.326 0.001 0.013 0.009 0.021 0.018 0.598 
 292 T _   0.016 0.334 0.001 0.014 0.010 0.022 0.017 0.586 
 293 F _   0.016 0.345 0.001 0.016 0.011 0.023 0.017 0.572 
 294 G _   0.016 0.356 0.001 0.018 0.012 0.023 0.016 0.557 
 295 I _   0.016 0.368 0.001 0.020 0.013 0.023 0.016 0.543 
 296 H _   0.016 0.379 0.001 0.022 0.013 0.023 0.016 0.530 
 297 Q _   0.016 0.388 0.001 0.025 0.014 0.023 0.016 0.518 
 298 G _   0.015 0.393 0.001 0.027 0.014 0.022 0.016 0.511 
 299 S _   0.015 0.396 0.001 0.029 0.014 0.022 0.016 0.508 
 300 C _   0.014 0.395 0.001 0.031 0.014 0.021 0.016 0.508 
 301 L _   0.014 0.390 0.001 0.033 0.014 0.020 0.016 0.513 
 302 A _   0.014 0.379 0.001 0.033 0.013 0.019 0.017 0.525 
 303 Q _   0.013 0.361 0.001 0.032 0.012 0.017 0.018 0.545 
 304 C _   0.013 0.335 0.001 0.030 0.011 0.016 0.019 0.574 
 305 P _   0.012 0.298 0.001 0.028 0.010 0.015 0.020 0.614 
 306 S _   0.012 0.254 0.001 0.024 0.009 0.014 0.022 0.664 
 307 G _   0.012 0.207 0.001 0.020 0.008 0.013 0.024 0.716 
 308 F _   0.011 0.164 0.001 0.016 0.006 0.012 0.025 0.764 
 309 T _   0.010 0.131 0.001 0.012 0.005 0.012 0.026 0.804 
 310 R _   0.009 0.108 0.001 0.010 0.004 0.011 0.027 0.831 
 311 N _   0.008 0.094 0.000 0.009 0.003 0.010 0.028 0.848 
 312 S _   0.007 0.086 0.000 0.008 0.003 0.010 0.028 0.856 
 313 S _   0.007 0.082 0.000 0.009 0.003 0.010 0.028 0.859 
 314 S _   0.007 0.080 0.000 0.011 0.004 0.011 0.028 0.858 
 315 I _   0.007 0.079 0.001 0.014 0.004 0.011 0.028 0.855 
 316 F _   0.007 0.079 0.001 0.017 0.005 0.011 0.028 0.852 
 317 C _   0.007 0.078 0.001 0.019 0.006 0.012 0.028 0.850 
 318 H _   0.007 0.076 0.001 0.020 0.006 0.012 0.028 0.850 
 319 K _   0.007 0.073 0.001 0.020 0.006 0.011 0.027 0.854 
 320 C _   0.007 0.068 0.001 0.019 0.006 0.011 0.028 0.861 
 321 E _   0.007 0.062 0.001 0.017 0.005 0.011 0.028 0.870 
 322 G _   0.007 0.056 0.001 0.015 0.005 0.011 0.028 0.879 
 323 L _   0.007 0.049 0.001 0.013 0.005 0.011 0.028 0.887 
 324 C _   0.007 0.044 0.001 0.012 0.004 0.011 0.028 0.894 
 325 P _   0.007 0.039 0.001 0.011 0.004 0.011 0.028 0.899 
 326 K _   0.008 0.036 0.001 0.011 0.004 0.011 0.028 0.901 
 327 E _   0.008 0.033 0.001 0.011 0.004 0.012 0.029 0.903 
 328 C _   0.009 0.031 0.001 0.011 0.005 0.012 0.029 0.903 
 329 K _   0.009 0.030 0.001 0.012 0.005 0.013 0.029 0.902 
 330 V _   0.010 0.028 0.001 0.012 0.005 0.014 0.028 0.902 
 331 G _   0.010 0.027 0.001 0.013 0.006 0.015 0.028 0.901 
 332 T _   0.010 0.025 0.001 0.013 0.006 0.015 0.028 0.901 
 333 K _   0.011 0.024 0.001 0.013 0.006 0.016 0.028 0.901 
 334 T _   0.012 0.022 0.001 0.012 0.007 0.018 0.028 0.900 
 335 I _   0.013 0.021 0.001 0.012 0.007 0.019 0.028 0.899 
 336 D _   0.014 0.020 0.001 0.012 0.007 0.020 0.028 0.897 
 337 S _   0.016 0.019 0.001 0.012 0.008 0.022 0.028 0.894 
 338 I _   0.018 0.018 0.001 0.012 0.008 0.024 0.028 0.890 
 339 Q _   0.021 0.018 0.001 0.012 0.009 0.026 0.028 0.886 
 340 A _   0.023 0.018 0.001 0.012 0.010 0.028 0.028 0.880 
 341 A _   0.026 0.018 0.001 0.012 0.011 0.030 0.028 0.874 
 342 Q _   0.030 0.019 0.001 0.012 0.012 0.032 0.028 0.867 
 343 D _   0.034 0.019 0.001 0.012 0.013 0.034 0.028 0.859 
 344 L _   0.038 0.020 0.001 0.012 0.015 0.036 0.027 0.850 
 345 V _   0.043 0.022 0.001 0.013 0.016 0.038 0.027 0.840 
 346 G _   0.047 0.024 0.001 0.014 0.018 0.040 0.027 0.829 
 347 C _   0.051 0.026 0.001 0.015 0.020 0.041 0.027 0.819 
 348 T _   0.054 0.028 0.001 0.017 0.021 0.042 0.028 0.809 
 349 H _   0.055 0.031 0.001 0.019 0.022 0.042 0.028 0.801 
 350 V _   0.057 0.034 0.001 0.022 0.023 0.042 0.028 0.793 
 351 E _   0.057 0.037 0.002 0.025 0.023 0.041 0.029 0.788 
 352 G _   0.055 0.038 0.002 0.027 0.022 0.039 0.029 0.788 
 353 S _   0.053 0.039 0.001 0.028 0.021 0.036 0.030 0.791 
 354 L _   0.049 0.038 0.001 0.028 0.019 0.033 0.031 0.800 
 355 I _   0.045 0.036 0.001 0.027 0.016 0.030 0.032 0.812 
 356 L _   0.040 0.032 0.001 0.024 0.014 0.027 0.034 0.829 
 357 N _   0.035 0.027 0.001 0.021 0.011 0.023 0.035 0.848 
 358 L _   0.029 0.021 0.001 0.017 0.008 0.020 0.036 0.868 
 359 R _   0.025 0.015 0.001 0.013 0.006 0.017 0.037 0.887 
 360 Q _   0.021 0.010 0.001 0.010 0.005 0.014 0.038 0.903 
 361 G _   0.017 0.006 0.000 0.007 0.004 0.012 0.038 0.915 
 362 Y _   0.016 0.003 0.000 0.005 0.003 0.011 0.039 0.923 
 363 N _   0.015 0.002 0.000 0.004 0.002 0.010 0.038 0.928 
 364 L _   0.017 0.001 0.000 0.003 0.002 0.010 0.038 0.929 
 365 E _   0.021 0.000 0.000 0.003 0.002 0.011 0.037 0.926 
 366 P _   0.029 0.000 0.000 0.002 0.002 0.012 0.036 0.917 
 367 Q _   0.043 0.000 0.000 0.002 0.003 0.015 0.035 0.901 
 368 L _   0.066 0.000 0.001 0.003 0.005 0.020 0.033 0.873 
 369 Q _   0.101 0.000 0.001 0.003 0.008 0.026 0.030 0.830 
 370 H _   0.152 0.000 0.001 0.004 0.013 0.034 0.028 0.768 
 371 S _   0.212 0.000 0.001 0.005 0.022 0.043 0.025 0.692 
 372 L _   0.277 0.001 0.002 0.007 0.032 0.051 0.022 0.608 
 373 G _   0.338 0.002 0.002 0.010 0.043 0.057 0.020 0.528 
 374 L _   0.390 0.003 0.003 0.013 0.051 0.060 0.018 0.462 
 375 V H   0.431 0.004 0.003 0.015 0.056 0.061 0.016 0.414 
 376 E H   0.460 0.005 0.003 0.017 0.056 0.059 0.015 0.385 
 377 T H   0.477 0.005 0.003 0.016 0.054 0.055 0.015 0.375 
 378 I H   0.485 0.004 0.003 0.014 0.048 0.051 0.014 0.381 
 379 T H   0.485 0.003 0.002 0.011 0.040 0.045 0.014 0.399 
 380 G H   0.477 0.002 0.002 0.007 0.031 0.040 0.014 0.427 
 381 F H   0.463 0.001 0.001 0.004 0.022 0.035 0.014 0.460 
 382 L _   0.445 0.000 0.001 0.002 0.015 0.031 0.014 0.493 
 383 K _   0.428 0.000 0.001 0.001 0.010 0.028 0.014 0.518 
 384 I _   0.416 0.000 0.001 0.001 0.008 0.026 0.014 0.534 
 385 K _   0.410 0.000 0.001 0.001 0.008 0.026 0.014 0.540 
 386 H _   0.412 0.000 0.001 0.001 0.009 0.027 0.015 0.535 
 387 S _   0.423 0.000 0.001 0.001 0.012 0.029 0.015 0.519 
 388 F _   0.436 0.000 0.001 0.002 0.016 0.031 0.015 0.498 
 389 A _   0.446 0.000 0.001 0.004 0.022 0.034 0.016 0.477 
 390 L _   0.450 0.001 0.002 0.006 0.027 0.036 0.017 0.462 
 391 V _   0.447 0.002 0.002 0.009 0.032 0.036 0.018 0.455 
 392 S _   0.433 0.003 0.002 0.011 0.034 0.037 0.020 0.461 
 393 L _   0.408 0.003 0.002 0.013 0.034 0.036 0.022 0.482 
 394 G _   0.374 0.003 0.002 0.013 0.032 0.034 0.024 0.517 
 395 F _   0.331 0.003 0.002 0.012 0.028 0.032 0.027 0.564 
 396 F _   0.282 0.002 0.002 0.011 0.023 0.029 0.029 0.621 
 397 K _   0.231 0.002 0.002 0.009 0.018 0.026 0.033 0.680 
 398 N _   0.180 0.001 0.001 0.008 0.013 0.023 0.036 0.738 
 399 L _   0.136 0.001 0.001 0.006 0.009 0.020 0.038 0.788 
 400 K _   0.101 0.001 0.001 0.005 0.007 0.017 0.041 0.828 
 401 L _   0.073 0.001 0.001 0.005 0.005 0.015 0.043 0.857 
 402 I _   0.053 0.001 0.001 0.005 0.004 0.014 0.044 0.878 
 403 R _   0.040 0.001 0.000 0.005 0.004 0.013 0.046 0.891 
 404 G _   0.030 0.001 0.000 0.006 0.004 0.012 0.047 0.900 
 405 D _   0.024 0.002 0.000 0.007 0.004 0.012 0.047 0.903 
 406 A _   0.020 0.002 0.001 0.008 0.004 0.012 0.048 0.904 
 407 M _   0.017 0.003 0.001 0.010 0.005 0.013 0.049 0.902 
 408 V _   0.016 0.005 0.001 0.013 0.006 0.013 0.049 0.899 
 409 D _   0.014 0.006 0.001 0.015 0.006 0.013 0.050 0.895 
 410 G _   0.013 0.007 0.001 0.017 0.007 0.013 0.050 0.892 
 411 N _   0.013 0.007 0.001 0.019 0.007 0.013 0.051 0.890 
 412 Y _   0.012 0.007 0.001 0.019 0.006 0.012 0.052 0.891 
 413 T _   0.011 0.007 0.001 0.017 0.006 0.011 0.053 0.894 
 414 L _   0.010 0.006 0.001 0.015 0.005 0.010 0.054 0.900 
 415 Y _   0.009 0.004 0.000 0.011 0.004 0.009 0.055 0.907 
 416 V _   0.008 0.003 0.000 0.008 0.003 0.008 0.056 0.913 
 417 L _   0.008 0.002 0.000 0.005 0.002 0.008 0.056 0.918 
 418 D _   0.009 0.001 0.000 0.004 0.002 0.008 0.056 0.921 
 419 N _   0.011 0.000 0.000 0.003 0.002 0.008 0.056 0.920 
 420 Q _   0.016 0.000 0.000 0.002 0.002 0.010 0.055 0.914 
 421 N _   0.027 0.000 0.000 0.002 0.003 0.014 0.054 0.901 
 422 L _   0.045 0.000 0.000 0.002 0.004 0.019 0.053 0.876 
 423 Q _   0.073 0.000 0.001 0.003 0.007 0.028 0.051 0.837 
 424 Q _   0.114 0.000 0.001 0.005 0.013 0.038 0.048 0.780 
 425 L _   0.162 0.001 0.001 0.007 0.022 0.049 0.046 0.712 
 426 G _   0.212 0.002 0.002 0.010 0.033 0.059 0.043 0.639 
 427 S _   0.258 0.003 0.002 0.013 0.043 0.066 0.041 0.573 
 428 W _   0.295 0.004 0.002 0.015 0.051 0.071 0.040 0.521 
 429 V _   0.324 0.005 0.003 0.017 0.056 0.073 0.039 0.484 
 430 A _   0.345 0.005 0.003 0.017 0.058 0.072 0.039 0.462 
 431 A _   0.356 0.005 0.003 0.015 0.057 0.070 0.039 0.455 
 432 G _   0.360 0.004 0.002 0.013 0.054 0.066 0.040 0.461 
 433 L _   0.354 0.003 0.002 0.011 0.048 0.062 0.041 0.479 
 434 T _   0.339 0.002 0.002 0.009 0.041 0.057 0.043 0.507 
 435 I _   0.318 0.002 0.002 0.008 0.034 0.053 0.044 0.540 
 436 P _   0.290 0.001 0.002 0.007 0.028 0.049 0.047 0.577 
 437 V _   0.259 0.001 0.001 0.006 0.022 0.045 0.050 0.616 
 438 G _   0.226 0.001 0.001 0.006 0.018 0.041 0.052 0.654 
 439 K _   0.193 0.001 0.001 0.006 0.015 0.038 0.055 0.690 
 440 I _   0.163 0.000 0.001 0.006 0.013 0.036 0.058 0.722 
 441 Y _   0.136 0.001 0.001 0.006 0.011 0.033 0.061 0.751 
 442 F _   0.112 0.001 0.001 0.006 0.010 0.032 0.063 0.775 
 443 A _   0.092 0.001 0.001 0.006 0.009 0.030 0.066 0.795 
 444 F _   0.077 0.001 0.001 0.006 0.008 0.029 0.068 0.810 
 445 N _   0.065 0.001 0.001 0.006 0.008 0.029 0.070 0.820 
 446 P _   0.058 0.002 0.001 0.006 0.008 0.029 0.072 0.824 
 447 R _   0.053 0.003 0.001 0.007 0.009 0.030 0.073 0.824 
 448 L _   0.050 0.006 0.001 0.008 0.010 0.032 0.075 0.819 
 449 C _   0.049 0.009 0.001 0.010 0.012 0.033 0.076 0.809 
 450 L _   0.048 0.015 0.001 0.013 0.014 0.035 0.078 0.795 
 451 E _   0.047 0.023 0.001 0.018 0.017 0.036 0.079 0.778 
 452 H _   0.046 0.032 0.001 0.023 0.020 0.037 0.081 0.760 
 453 I _   0.045 0.041 0.002 0.029 0.021 0.037 0.083 0.742 
 454 Y _   0.043 0.048 0.002 0.034 0.022 0.036 0.086 0.729 
 455 R _   0.041 0.053 0.002 0.039 0.022 0.034 0.090 0.720 
 456 L _   0.038 0.056 0.002 0.041 0.020 0.032 0.093 0.719 
 457 E _   0.034 0.056 0.001 0.040 0.018 0.029 0.098 0.724 
 458 E _   0.030 0.054 0.001 0.037 0.015 0.026 0.103 0.734 
 459 V _   0.026 0.049 0.001 0.032 0.012 0.022 0.109 0.749 
 460 T _   0.022 0.043 0.001 0.026 0.009 0.018 0.114 0.766 
 461 G _   0.019 0.035 0.001 0.020 0.007 0.015 0.120 0.783 
 462 T _   0.016 0.027 0.001 0.015 0.005 0.013 0.125 0.798 
 463 R _   0.014 0.020 0.000 0.011 0.004 0.011 0.129 0.810 
 464 G _   0.011 0.015 0.000 0.009 0.003 0.009 0.133 0.819 
 465 R _   0.009 0.012 0.000 0.007 0.002 0.008 0.137 0.824 
 466 Q _   0.008 0.009 0.000 0.006 0.002 0.007 0.139 0.827 
 467 N _   0.007 0.008 0.000 0.006 0.002 0.006 0.142 0.829 
 468 K _   0.006 0.007 0.000 0.006 0.002 0.006 0.143 0.830 
 469 A _   0.006 0.007 0.000 0.006 0.002 0.006 0.144 0.830 
 470 E _   0.005 0.007 0.000 0.006 0.002 0.005 0.144 0.831 
 471 I _   0.005 0.007 0.000 0.005 0.002 0.005 0.144 0.831 
 472 N _   0.005 0.008 0.000 0.005 0.002 0.005 0.143 0.832 
 473 P _   0.004 0.009 0.000 0.005 0.002 0.005 0.142 0.832 
 474 R _   0.004 0.011 0.000 0.005 0.002 0.006 0.140 0.832 
 475 T _   0.004 0.014 0.000 0.006 0.002 0.007 0.137 0.830 
 476 N _   0.004 0.018 0.000 0.007 0.002 0.008 0.134 0.826 
 477 G _   0.005 0.026 0.000 0.009 0.003 0.010 0.130 0.817 
 478 D _   0.006 0.039 0.001 0.011 0.004 0.012 0.125 0.802 
 479 R _   0.007 0.058 0.001 0.016 0.006 0.015 0.120 0.778 
 480 A _   0.008 0.086 0.001 0.021 0.008 0.018 0.113 0.746 
 481 A _   0.009 0.118 0.001 0.026 0.010 0.020 0.106 0.710 
 482 C _   0.009 0.150 0.001 0.031 0.012 0.022 0.099 0.676 
 483 Q _   0.010 0.177 0.001 0.035 0.013 0.023 0.094 0.648 
 484 T _   0.010 0.196 0.001 0.038 0.014 0.024 0.089 0.628 
 485 R _   0.010 0.209 0.001 0.038 0.014 0.024 0.085 0.617 
 486 T _   0.011 0.217 0.001 0.037 0.014 0.024 0.082 0.613 
 487 L _   0.011 0.221 0.001 0.035 0.014 0.024 0.080 0.613 
 488 R _   0.012 0.222 0.001 0.031 0.014 0.024 0.078 0.618 
 489 F _   0.013 0.219 0.001 0.027 0.013 0.024 0.077 0.627 
 490 V _   0.013 0.216 0.001 0.023 0.012 0.023 0.076 0.636 
 491 S _   0.014 0.211 0.001 0.021 0.011 0.023 0.076 0.644 
 492 N _   0.015 0.206 0.001 0.018 0.010 0.023 0.075 0.651 
 493 V _   0.016 0.202 0.001 0.017 0.010 0.022 0.075 0.657 
 494 T _   0.017 0.199 0.001 0.017 0.010 0.022 0.074 0.661 
 495 E _   0.018 0.196 0.001 0.018 0.010 0.022 0.074 0.662 
 496 A _   0.018 0.194 0.001 0.019 0.010 0.022 0.074 0.662 
 497 D _   0.018 0.192 0.001 0.021 0.011 0.021 0.073 0.662 
 498 R _   0.019 0.189 0.001 0.023 0.011 0.021 0.073 0.664 
 499 I _   0.018 0.185 0.001 0.024 0.010 0.020 0.074 0.668 
 500 L _   0.018 0.178 0.001 0.025 0.010 0.018 0.075 0.676 
 501 L _   0.017 0.168 0.001 0.024 0.009 0.017 0.076 0.688 
 502 R _   0.015 0.154 0.001 0.022 0.008 0.016 0.077 0.706 
 503 W _   0.014 0.135 0.001 0.019 0.007 0.015 0.078 0.730 
 504 E _   0.013 0.115 0.001 0.015 0.006 0.013 0.080 0.758 
 505 R _   0.011 0.095 0.001 0.012 0.005 0.012 0.081 0.784 
 506 Y _   0.010 0.080 0.000 0.008 0.004 0.011 0.082 0.805 
 507 E _   0.009 0.071 0.000 0.006 0.003 0.010 0.082 0.819 
 508 P _   0.008 0.066 0.000 0.005 0.002 0.010 0.082 0.826 
 509 L _   0.008 0.065 0.000 0.005 0.003 0.011 0.081 0.826 
 510 E _   0.009 0.068 0.000 0.006 0.003 0.013 0.080 0.819 
 511 A _   0.011 0.076 0.001 0.009 0.005 0.016 0.079 0.803 
 512 R _   0.013 0.093 0.001 0.016 0.008 0.019 0.077 0.775 
 513 D _   0.014 0.118 0.001 0.025 0.011 0.021 0.075 0.735 
 514 L _   0.014 0.148 0.001 0.036 0.014 0.023 0.072 0.690 
 515 L _   0.015 0.172 0.001 0.047 0.016 0.024 0.070 0.654 
 516 S _   0.014 0.188 0.001 0.056 0.017 0.024 0.069 0.630 
 517 F _   0.014 0.195 0.001 0.060 0.017 0.023 0.069 0.620 
 518 I _   0.014 0.196 0.001 0.060 0.016 0.022 0.069 0.622 
 519 V _   0.013 0.190 0.001 0.055 0.014 0.020 0.070 0.636 
 520 Y _   0.012 0.177 0.001 0.047 0.012 0.018 0.072 0.661 
 521 Y _   0.012 0.155 0.001 0.038 0.010 0.015 0.074 0.695 
 522 K _   0.011 0.126 0.001 0.028 0.008 0.014 0.076 0.737 
 523 E _   0.010 0.096 0.001 0.019 0.006 0.012 0.078 0.778 
 524 S _   0.009 0.071 0.001 0.013 0.004 0.010 0.080 0.811 
 525 P _   0.008 0.055 0.000 0.009 0.003 0.009 0.082 0.833 
 526 F _   0.007 0.046 0.000 0.007 0.002 0.008 0.083 0.847 
 527 Q _   0.006 0.041 0.000 0.006 0.002 0.007 0.083 0.854 
 528 N _   0.006 0.039 0.000 0.006 0.002 0.007 0.083 0.857 
 529 A _   0.006 0.038 0.000 0.007 0.002 0.007 0.082 0.858 
 530 T _   0.006 0.039 0.000 0.008 0.002 0.007 0.081 0.857 
 531 E _   0.005 0.041 0.000 0.009 0.003 0.008 0.080 0.854 
 532 H _   0.005 0.044 0.000 0.010 0.003 0.008 0.078 0.852 
 533 V _   0.005 0.047 0.000 0.012 0.003 0.008 0.076 0.848 
 534 G _   0.005 0.051 0.000 0.013 0.004 0.009 0.074 0.845 
 535 P _   0.005 0.054 0.000 0.013 0.004 0.009 0.072 0.842 
 536 D _   0.005 0.058 0.000 0.014 0.004 0.009 0.070 0.838 
 537 A _   0.005 0.062 0.001 0.014 0.004 0.010 0.069 0.835 
 538 C _   0.005 0.066 0.001 0.015 0.004 0.010 0.067 0.832 
 539 G _   0.006 0.070 0.001 0.016 0.005 0.011 0.065 0.828 
 540 T _   0.006 0.074 0.001 0.017 0.005 0.011 0.063 0.823 
 541 Q _   0.006 0.078 0.001 0.018 0.005 0.012 0.062 0.818 
 542 S _   0.006 0.082 0.001 0.020 0.006 0.013 0.060 0.812 
 543 W _   0.007 0.086 0.001 0.022 0.007 0.013 0.059 0.806 
 544 N _   0.007 0.089 0.001 0.024 0.007 0.014 0.058 0.801 
 545 L _   0.008 0.090 0.001 0.026 0.008 0.014 0.057 0.797 
 546 L _   0.008 0.090 0.001 0.027 0.008 0.014 0.056 0.796 
 547 D _   0.008 0.089 0.001 0.027 0.008 0.014 0.056 0.798 
 548 V _   0.008 0.085 0.001 0.026 0.008 0.014 0.056 0.802 
 549 E _   0.009 0.080 0.001 0.024 0.007 0.014 0.056 0.810 
 550 L _   0.009 0.073 0.001 0.021 0.007 0.013 0.056 0.821 
 551 P _   0.009 0.064 0.001 0.018 0.006 0.013 0.057 0.833 
 552 L _   0.009 0.054 0.001 0.015 0.006 0.013 0.057 0.846 
 553 S _   0.009 0.046 0.001 0.013 0.005 0.012 0.057 0.857 
 554 R _   0.009 0.038 0.001 0.011 0.005 0.012 0.058 0.866 
 555 T _   0.009 0.032 0.001 0.010 0.004 0.013 0.058 0.873 
 556 Q _   0.009 0.028 0.001 0.010 0.004 0.013 0.058 0.877 
 557 E _   0.009 0.025 0.001 0.010 0.005 0.014 0.059 0.878 
 558 P _   0.010 0.023 0.001 0.011 0.005 0.015 0.059 0.877 
 559 G _   0.011 0.021 0.001 0.012 0.006 0.017 0.058 0.875 
 560 V _   0.011 0.020 0.001 0.013 0.006 0.018 0.058 0.873 
 561 T _   0.013 0.019 0.001 0.013 0.007 0.020 0.058 0.870 
 562 L _   0.015 0.017 0.001 0.013 0.007 0.022 0.058 0.866 
 563 A _   0.018 0.016 0.001 0.013 0.008 0.025 0.058 0.863 
 564 S _   0.022 0.014 0.001 0.012 0.008 0.027 0.058 0.859 
 565 L _   0.027 0.013 0.001 0.010 0.009 0.030 0.058 0.852 
 566 K _   0.035 0.012 0.001 0.009 0.010 0.034 0.057 0.842 
 567 P _   0.045 0.011 0.001 0.008 0.012 0.039 0.057 0.826 
 568 W _   0.059 0.012 0.001 0.008 0.015 0.045 0.057 0.804 
 569 T _   0.075 0.013 0.001 0.008 0.020 0.051 0.057 0.775 
 570 Q _   0.093 0.017 0.001 0.009 0.026 0.057 0.057 0.739 
 571 Y _   0.111 0.025 0.002 0.012 0.035 0.063 0.056 0.695 
 572 A _   0.127 0.038 0.002 0.018 0.045 0.067 0.057 0.647 
 573 V _   0.138 0.056 0.003 0.025 0.052 0.069 0.057 0.600 
 574 F _   0.145 0.075 0.003 0.034 0.056 0.069 0.059 0.559 
 575 V _   0.146 0.090 0.003 0.044 0.057 0.066 0.061 0.534 
 576 R _   0.142 0.099 0.003 0.052 0.055 0.062 0.064 0.525 
 577 A _   0.132 0.103 0.003 0.056 0.050 0.056 0.067 0.533 
 578 I _   0.118 0.101 0.003 0.056 0.043 0.050 0.072 0.558 
 579 T _   0.100 0.093 0.002 0.050 0.034 0.042 0.078 0.600 
 580 L _   0.081 0.079 0.002 0.041 0.024 0.034 0.084 0.655 
 581 T _   0.062 0.059 0.002 0.029 0.016 0.027 0.090 0.716 
 582 T _   0.046 0.038 0.001 0.018 0.009 0.020 0.095 0.773 
 583 E _   0.032 0.021 0.001 0.010 0.005 0.015 0.099 0.816 
 584 E _   0.021 0.012 0.000 0.006 0.003 0.011 0.102 0.845 
 585 D _   0.014 0.008 0.000 0.003 0.002 0.008 0.103 0.861 
 586 S _   0.010 0.007 0.000 0.002 0.001 0.007 0.104 0.869 
 587 P _   0.008 0.007 0.000 0.002 0.001 0.007 0.104 0.871 
 588 H _   0.007 0.008 0.000 0.003 0.002 0.008 0.103 0.868 
 589 Q _   0.008 0.014 0.000 0.005 0.003 0.010 0.102 0.859 
 590 G _   0.009 0.027 0.001 0.009 0.004 0.013 0.100 0.838 
 591 A _   0.010 0.055 0.001 0.015 0.007 0.016 0.096 0.801 
 592 Q _   0.010 0.099 0.001 0.022 0.009 0.018 0.092 0.748 
 593 S _   0.010 0.154 0.001 0.030 0.012 0.020 0.087 0.687 
 594 P _   0.010 0.207 0.001 0.036 0.013 0.020 0.082 0.630 
 595 I _   0.009 0.252 0.001 0.040 0.014 0.021 0.079 0.584 
 596 V _   0.009 0.282 0.001 0.043 0.014 0.020 0.076 0.554 
 597 Y _   0.009 0.302 0.001 0.043 0.014 0.020 0.075 0.536 
 598 L _   0.009 0.314 0.001 0.043 0.014 0.020 0.074 0.526 
 599 R _   0.009 0.320 0.001 0.041 0.013 0.019 0.074 0.523 
 600 T _   0.009 0.321 0.001 0.038 0.012 0.019 0.074 0.526 
 601 L _   0.009 0.319 0.001 0.034 0.012 0.018 0.075 0.533 
 602 P _   0.009 0.313 0.001 0.031 0.011 0.017 0.076 0.542 
 603 A _   0.009 0.306 0.001 0.029 0.010 0.017 0.077 0.552 
 604 A _   0.009 0.296 0.001 0.027 0.009 0.016 0.079 0.562 
 605 P _   0.009 0.285 0.001 0.026 0.009 0.015 0.081 0.574 
 606 T _   0.009 0.273 0.001 0.025 0.008 0.015 0.084 0.585 
 607 V _   0.009 0.259 0.001 0.025 0.008 0.014 0.086 0.598 
 608 P _   0.009 0.243 0.001 0.024 0.008 0.013 0.089 0.613 
 609 Q _   0.009 0.224 0.001 0.023 0.007 0.013 0.093 0.631 
 610 D _   0.008 0.202 0.001 0.020 0.006 0.012 0.096 0.654 
 611 V _   0.008 0.178 0.001 0.017 0.006 0.011 0.100 0.679 
 612 I _   0.007 0.155 0.001 0.014 0.005 0.010 0.103 0.704 
 613 S _   0.007 0.136 0.001 0.011 0.004 0.010 0.106 0.726 
 614 T _   0.006 0.123 0.000 0.009 0.003 0.009 0.108 0.742 
 615 S _   0.006 0.115 0.000 0.008 0.003 0.009 0.110 0.750 
 616 N _   0.006 0.111 0.000 0.008 0.003 0.010 0.111 0.751 
 617 S _   0.006 0.111 0.000 0.010 0.004 0.011 0.112 0.746 
 618 S _   0.006 0.113 0.001 0.014 0.005 0.012 0.113 0.736 
 619 S _   0.007 0.118 0.001 0.021 0.006 0.014 0.114 0.720 
 620 H _   0.007 0.123 0.001 0.028 0.008 0.015 0.115 0.703 
 621 L _   0.008 0.127 0.001 0.035 0.009 0.015 0.116 0.689 
 622 L _   0.008 0.127 0.001 0.040 0.010 0.016 0.118 0.681 
 623 V _   0.008 0.124 0.001 0.041 0.010 0.015 0.121 0.681 
 624 R _   0.008 0.116 0.001 0.038 0.009 0.015 0.124 0.689 
 625 W _   0.007 0.102 0.001 0.032 0.008 0.014 0.129 0.707 
 626 K _   0.007 0.082 0.001 0.024 0.007 0.013 0.134 0.731 
 627 P _   0.007 0.058 0.001 0.017 0.005 0.012 0.140 0.760 
 628 P _   0.008 0.037 0.001 0.010 0.004 0.012 0.145 0.784 
 629 T _   0.008 0.023 0.000 0.006 0.003 0.012 0.150 0.797 
 630 Q _   0.009 0.016 0.000 0.004 0.003 0.014 0.153 0.801 
 631 R _   0.012 0.014 0.000 0.003 0.003 0.017 0.156 0.795 
 632 N _   0.018 0.015 0.000 0.003 0.004 0.022 0.158 0.780 
 633 G _   0.025 0.020 0.001 0.005 0.008 0.029 0.160 0.753 
 634 N _   0.035 0.035 0.001 0.010 0.015 0.038 0.161 0.704 
 635 L _   0.045 0.075 0.002 0.020 0.026 0.047 0.161 0.625 
 636 T _   0.050 0.143 0.003 0.033 0.037 0.053 0.162 0.519 
 637 Y _   0.050 0.221 0.003 0.048 0.044 0.055 0.163 0.417 
 638 Y _   0.047 0.279 0.003 0.061 0.045 0.053 0.166 0.345 
 639 L E   0.044 0.313 0.003 0.072 0.045 0.051 0.170 0.303 
 640 V E   0.041 0.330 0.002 0.078 0.042 0.047 0.176 0.283 
 641 L E   0.038 0.334 0.002 0.079 0.039 0.043 0.185 0.278 
 642 W E   0.034 0.329 0.002 0.076 0.035 0.039 0.196 0.288 
 643 Q E   0.031 0.313 0.002 0.068 0.031 0.034 0.211 0.311 
 644 R _   0.027 0.279 0.002 0.056 0.025 0.029 0.229 0.351 
 645 L _   0.024 0.229 0.002 0.044 0.020 0.025 0.253 0.404 
 646 A _   0.021 0.168 0.002 0.031 0.015 0.021 0.279 0.464 
 647 E _   0.017 0.112 0.001 0.021 0.010 0.017 0.304 0.517 
 648 D _   0.014 0.073 0.001 0.013 0.006 0.014 0.324 0.554 
 649 G _   0.011 0.051 0.001 0.008 0.004 0.011 0.340 0.574 
 650 D _   0.009 0.041 0.000 0.006 0.003 0.009 0.352 0.581 
 651 L _   0.007 0.036 0.000 0.004 0.002 0.008 0.360 0.582 
 652 Y _   0.006 0.034 0.000 0.004 0.002 0.008 0.367 0.579 
 653 L _   0.006 0.034 0.000 0.005 0.002 0.008 0.373 0.572 
 654 N _   0.006 0.036 0.000 0.007 0.003 0.009 0.377 0.561 
 655 D _   0.006 0.041 0.000 0.011 0.004 0.010 0.381 0.546 
 656 Y _   0.007 0.048 0.001 0.016 0.005 0.012 0.385 0.527 
 657 C _   0.007 0.056 0.001 0.023 0.006 0.013 0.389 0.505 
 658 H _   0.007 0.064 0.001 0.031 0.007 0.014 0.394 0.483 
 659 R _   0.007 0.069 0.001 0.037 0.008 0.014 0.400 0.465 
 660 G _   0.007 0.072 0.001 0.040 0.008 0.014 0.408 0.450 
 661 L _   0.007 0.072 0.001 0.041 0.008 0.013 0.417 0.441 
 662 R _   0.007 0.069 0.001 0.039 0.008 0.012 0.428 0.437 
 663 L X   0.006 0.063 0.001 0.034 0.007 0.011 0.442 0.437 
