#TopoPred_TM8: 8-state transmembrane topology prediction results by no_profile mode 
#probabilities are in the order of H E C I L F X _, the 8 transmembrane topology types used in PDBTM 
   1 M X   0.013 0.002 0.002 0.079 0.011 0.012 0.729 0.153 
   2 G X   0.006 0.001 0.000 0.054 0.003 0.007 0.752 0.178 
   3 C X   0.002 0.001 0.000 0.032 0.001 0.004 0.758 0.202 
   4 G X   0.001 0.001 0.000 0.020 0.001 0.004 0.756 0.218 
   5 C X   0.001 0.001 0.000 0.014 0.001 0.004 0.749 0.230 
   6 S X   0.002 0.001 0.000 0.010 0.001 0.004 0.738 0.243 
   7 S X   0.002 0.002 0.000 0.008 0.001 0.005 0.726 0.256 
   8 H X   0.002 0.003 0.000 0.008 0.001 0.005 0.711 0.270 
   9 P X   0.002 0.006 0.000 0.009 0.002 0.006 0.692 0.284 
  10 E X   0.002 0.010 0.000 0.011 0.002 0.007 0.668 0.298 
  11 D X   0.003 0.018 0.001 0.016 0.003 0.009 0.640 0.311 
  12 D X   0.003 0.030 0.001 0.022 0.005 0.011 0.608 0.321 
  13 W X   0.003 0.045 0.001 0.028 0.006 0.012 0.575 0.330 
  14 M X   0.004 0.060 0.001 0.033 0.007 0.013 0.542 0.339 
  15 E X   0.004 0.075 0.001 0.037 0.008 0.014 0.514 0.347 
  16 N X   0.004 0.086 0.001 0.039 0.008 0.014 0.490 0.358 
  17 I X   0.004 0.095 0.001 0.039 0.009 0.014 0.469 0.369 
  18 D X   0.005 0.101 0.001 0.037 0.008 0.014 0.451 0.383 
  19 V X   0.005 0.105 0.001 0.033 0.008 0.014 0.436 0.398 
  20 C X   0.005 0.107 0.001 0.030 0.007 0.014 0.423 0.413 
  21 E _   0.005 0.107 0.001 0.026 0.007 0.013 0.412 0.428 
  22 N _   0.005 0.107 0.001 0.022 0.006 0.013 0.402 0.443 
  23 C _   0.005 0.106 0.001 0.019 0.006 0.012 0.393 0.457 
  24 H _   0.005 0.105 0.001 0.017 0.005 0.012 0.385 0.471 
  25 Y _   0.005 0.105 0.001 0.015 0.005 0.011 0.376 0.482 
  26 P _   0.005 0.105 0.001 0.013 0.004 0.011 0.368 0.493 
  27 I _   0.006 0.106 0.001 0.013 0.004 0.011 0.359 0.501 
  28 V _   0.006 0.107 0.001 0.012 0.004 0.011 0.350 0.508 
  29 P _   0.006 0.109 0.001 0.013 0.005 0.011 0.342 0.514 
  30 L _   0.006 0.113 0.001 0.014 0.005 0.012 0.333 0.517 
  31 D _   0.006 0.117 0.001 0.015 0.006 0.012 0.324 0.519 
  32 G _   0.006 0.121 0.001 0.018 0.006 0.013 0.316 0.519 
  33 K _   0.007 0.126 0.001 0.020 0.007 0.013 0.308 0.519 
  34 G _   0.007 0.129 0.001 0.022 0.007 0.013 0.301 0.520 
  35 T _   0.007 0.132 0.001 0.023 0.007 0.013 0.295 0.522 
  36 L _   0.007 0.133 0.001 0.023 0.007 0.013 0.290 0.526 
  37 L _   0.007 0.133 0.001 0.022 0.007 0.012 0.285 0.533 
  38 I _   0.007 0.130 0.001 0.021 0.006 0.012 0.281 0.543 
  39 R _   0.006 0.126 0.001 0.018 0.006 0.011 0.278 0.554 
  40 N _   0.006 0.121 0.001 0.016 0.005 0.010 0.275 0.565 
  41 G _   0.006 0.116 0.001 0.014 0.005 0.010 0.273 0.576 
  42 S _   0.006 0.111 0.000 0.013 0.004 0.010 0.270 0.585 
  43 E _   0.006 0.108 0.000 0.012 0.004 0.010 0.268 0.591 
  44 V _   0.006 0.105 0.000 0.013 0.004 0.010 0.266 0.594 
  45 R _   0.006 0.104 0.001 0.015 0.004 0.010 0.264 0.596 
  46 D _   0.007 0.103 0.001 0.017 0.005 0.010 0.262 0.595 
  47 P _   0.007 0.101 0.001 0.019 0.005 0.011 0.261 0.595 
  48 L _   0.007 0.099 0.001 0.021 0.006 0.011 0.260 0.596 
  49 V _   0.007 0.095 0.001 0.022 0.006 0.010 0.259 0.601 
  50 T _   0.007 0.088 0.001 0.021 0.005 0.010 0.259 0.610 
  51 Y _   0.007 0.078 0.001 0.018 0.005 0.009 0.259 0.623 
  52 E _   0.006 0.067 0.001 0.015 0.004 0.008 0.260 0.639 
  53 G _   0.006 0.055 0.000 0.012 0.003 0.007 0.260 0.657 
  54 S _   0.005 0.044 0.000 0.008 0.002 0.006 0.260 0.674 
  55 N _   0.005 0.036 0.000 0.006 0.002 0.006 0.260 0.687 
  56 P _   0.004 0.031 0.000 0.004 0.001 0.005 0.258 0.696 
  57 P _   0.004 0.029 0.000 0.003 0.001 0.005 0.256 0.701 
  58 A _   0.004 0.029 0.000 0.003 0.001 0.006 0.252 0.703 
  59 S _   0.005 0.032 0.000 0.005 0.002 0.008 0.247 0.700 
  60 P _   0.006 0.041 0.000 0.008 0.003 0.011 0.241 0.690 
  61 L _   0.008 0.060 0.001 0.014 0.006 0.015 0.231 0.665 
  62 Q _   0.009 0.099 0.001 0.023 0.010 0.019 0.218 0.620 
  63 D _   0.010 0.156 0.002 0.036 0.014 0.022 0.203 0.557 
  64 N _   0.011 0.220 0.002 0.049 0.016 0.024 0.189 0.490 
  65 L _   0.010 0.271 0.002 0.061 0.017 0.024 0.177 0.439 
  66 V _   0.010 0.302 0.001 0.069 0.017 0.023 0.169 0.409 
  67 I _   0.010 0.318 0.001 0.073 0.016 0.022 0.164 0.396 
  68 A _   0.009 0.322 0.001 0.074 0.015 0.021 0.160 0.396 
  69 L _   0.009 0.319 0.001 0.069 0.014 0.019 0.159 0.409 
  70 H _   0.009 0.307 0.001 0.061 0.012 0.017 0.158 0.435 
  71 S _   0.009 0.281 0.001 0.049 0.011 0.015 0.159 0.475 
  72 Y _   0.009 0.241 0.001 0.037 0.009 0.013 0.160 0.529 
  73 E _   0.009 0.195 0.001 0.026 0.007 0.011 0.162 0.589 
  74 P _   0.008 0.153 0.001 0.017 0.005 0.010 0.164 0.643 
  75 S _   0.007 0.124 0.000 0.011 0.003 0.008 0.164 0.682 
  76 H _   0.006 0.107 0.000 0.007 0.002 0.007 0.164 0.706 
  77 D _   0.005 0.099 0.000 0.005 0.002 0.006 0.162 0.720 
  78 G _   0.005 0.096 0.000 0.005 0.001 0.006 0.160 0.727 
  79 D _   0.004 0.097 0.000 0.005 0.002 0.007 0.156 0.729 
  80 L _   0.005 0.101 0.000 0.007 0.002 0.007 0.152 0.726 
  81 G _   0.005 0.110 0.000 0.009 0.003 0.009 0.145 0.719 
  82 F _   0.005 0.125 0.000 0.012 0.004 0.010 0.137 0.707 
  83 E _   0.005 0.146 0.001 0.016 0.005 0.011 0.128 0.688 
  84 K _   0.005 0.173 0.001 0.020 0.006 0.012 0.118 0.665 
  85 G _   0.005 0.201 0.001 0.024 0.006 0.012 0.108 0.643 
  86 E _   0.005 0.228 0.001 0.026 0.007 0.012 0.099 0.622 
  87 Q _   0.005 0.251 0.001 0.027 0.007 0.012 0.092 0.605 
  88 L _   0.005 0.270 0.001 0.028 0.007 0.012 0.085 0.593 
  89 R _   0.005 0.283 0.001 0.027 0.007 0.012 0.080 0.586 
  90 I _   0.005 0.293 0.001 0.026 0.006 0.011 0.076 0.582 
  91 L _   0.005 0.299 0.001 0.025 0.006 0.011 0.073 0.581 
  92 E _   0.005 0.302 0.001 0.023 0.006 0.011 0.070 0.583 
  93 Q _   0.005 0.303 0.001 0.022 0.006 0.011 0.067 0.587 
  94 S _   0.005 0.301 0.001 0.020 0.005 0.011 0.065 0.591 
  95 G _   0.005 0.299 0.001 0.018 0.005 0.011 0.063 0.598 
  96 E _   0.006 0.295 0.001 0.017 0.005 0.010 0.062 0.605 
  97 W _   0.006 0.289 0.001 0.015 0.005 0.010 0.061 0.613 
  98 W _   0.006 0.284 0.001 0.014 0.005 0.010 0.060 0.621 
  99 K _   0.007 0.278 0.001 0.012 0.004 0.011 0.058 0.629 
 100 A _   0.007 0.273 0.001 0.011 0.004 0.011 0.057 0.637 
 101 Q _   0.007 0.268 0.000 0.010 0.004 0.011 0.056 0.643 
 102 S _   0.007 0.265 0.000 0.010 0.004 0.012 0.055 0.647 
 103 L _   0.008 0.263 0.001 0.009 0.005 0.012 0.054 0.648 
 104 T _   0.009 0.264 0.001 0.010 0.005 0.013 0.052 0.647 
 105 T _   0.010 0.267 0.001 0.011 0.006 0.015 0.051 0.641 
 106 G _   0.010 0.272 0.001 0.012 0.007 0.016 0.050 0.632 
 107 Q _   0.011 0.281 0.001 0.015 0.008 0.017 0.048 0.619 
 108 E _   0.012 0.291 0.001 0.018 0.009 0.018 0.047 0.604 
 109 G _   0.012 0.301 0.001 0.022 0.011 0.018 0.045 0.590 
 110 F _   0.013 0.310 0.001 0.025 0.012 0.019 0.044 0.577 
 111 I _   0.013 0.316 0.001 0.028 0.012 0.018 0.043 0.568 
 112 P _   0.013 0.318 0.001 0.030 0.012 0.018 0.043 0.566 
 113 F _   0.013 0.316 0.001 0.031 0.011 0.017 0.043 0.569 
 114 N _   0.012 0.309 0.001 0.030 0.011 0.016 0.043 0.579 
 115 F _   0.012 0.297 0.001 0.027 0.010 0.015 0.044 0.596 
 116 V _   0.011 0.279 0.001 0.023 0.008 0.013 0.044 0.621 
 117 A _   0.010 0.256 0.001 0.018 0.007 0.012 0.045 0.650 
 118 K _   0.009 0.234 0.001 0.014 0.006 0.011 0.046 0.679 
 119 A _   0.008 0.215 0.001 0.011 0.005 0.011 0.047 0.702 
 120 N _   0.008 0.202 0.000 0.010 0.004 0.010 0.047 0.719 
 121 S _   0.008 0.194 0.000 0.009 0.004 0.010 0.048 0.728 
 122 L _   0.008 0.190 0.000 0.010 0.004 0.010 0.048 0.731 
 123 E _   0.008 0.189 0.000 0.012 0.004 0.010 0.048 0.729 
 124 P _   0.008 0.189 0.001 0.014 0.004 0.010 0.048 0.726 
 125 E _   0.008 0.189 0.001 0.016 0.005 0.011 0.048 0.722 
 126 P _   0.008 0.189 0.001 0.018 0.005 0.011 0.048 0.720 
 127 W _   0.008 0.186 0.001 0.019 0.005 0.010 0.049 0.722 
 128 F _   0.008 0.181 0.001 0.018 0.005 0.010 0.049 0.729 
 129 F _   0.007 0.173 0.001 0.016 0.004 0.009 0.050 0.740 
 130 K _   0.007 0.164 0.000 0.014 0.004 0.008 0.050 0.753 
 131 N _   0.006 0.154 0.000 0.011 0.003 0.008 0.051 0.767 
 132 L _   0.006 0.146 0.000 0.009 0.003 0.007 0.051 0.778 
 133 S _   0.005 0.141 0.000 0.007 0.002 0.007 0.052 0.786 
 134 R _   0.005 0.138 0.000 0.006 0.002 0.007 0.051 0.790 
 135 K _   0.005 0.139 0.000 0.007 0.002 0.007 0.051 0.789 
 136 D _   0.005 0.144 0.000 0.008 0.002 0.007 0.050 0.783 
 137 A _   0.005 0.152 0.000 0.010 0.003 0.008 0.049 0.773 
 138 E _   0.005 0.165 0.000 0.012 0.003 0.009 0.047 0.758 
 139 R _   0.005 0.181 0.001 0.014 0.004 0.009 0.045 0.740 
 140 Q _   0.005 0.198 0.001 0.016 0.004 0.009 0.043 0.723 
 141 L _   0.005 0.214 0.001 0.017 0.004 0.009 0.041 0.709 
 142 L _   0.005 0.227 0.001 0.017 0.004 0.009 0.040 0.698 
 143 A _   0.004 0.239 0.001 0.016 0.004 0.009 0.038 0.689 
 144 P _   0.004 0.250 0.001 0.015 0.004 0.009 0.036 0.681 
 145 G _   0.004 0.261 0.001 0.014 0.004 0.009 0.035 0.672 
 146 N _   0.005 0.273 0.001 0.014 0.004 0.009 0.033 0.661 
 147 T _   0.005 0.287 0.001 0.015 0.005 0.010 0.032 0.646 
 148 H _   0.005 0.305 0.001 0.016 0.005 0.010 0.031 0.627 
 149 G _   0.005 0.325 0.001 0.017 0.006 0.011 0.029 0.606 
 150 S _   0.006 0.346 0.001 0.019 0.006 0.011 0.028 0.584 
 151 F _   0.006 0.367 0.001 0.020 0.006 0.011 0.026 0.563 
 152 L _   0.006 0.385 0.001 0.020 0.006 0.011 0.025 0.546 
 153 I _   0.006 0.400 0.001 0.020 0.006 0.011 0.024 0.532 
 154 R _   0.006 0.412 0.001 0.019 0.006 0.011 0.023 0.523 
 155 E _   0.005 0.420 0.001 0.018 0.006 0.011 0.022 0.517 
 156 S _   0.005 0.426 0.001 0.017 0.006 0.011 0.021 0.512 
 157 E _   0.005 0.431 0.001 0.017 0.006 0.011 0.021 0.508 
 158 S _   0.006 0.436 0.001 0.017 0.006 0.011 0.020 0.503 
 159 T _   0.006 0.441 0.001 0.018 0.006 0.011 0.020 0.497 
 160 A _   0.006 0.446 0.001 0.020 0.007 0.011 0.020 0.489 
 161 G _   0.006 0.449 0.001 0.023 0.007 0.012 0.020 0.483 
 162 S _   0.007 0.449 0.001 0.025 0.008 0.012 0.020 0.479 
 163 F _   0.007 0.445 0.001 0.027 0.008 0.011 0.020 0.480 
 164 S _   0.007 0.435 0.001 0.028 0.008 0.011 0.021 0.489 
 165 L _   0.007 0.417 0.001 0.027 0.008 0.011 0.022 0.507 
 166 S _   0.007 0.388 0.001 0.025 0.007 0.010 0.023 0.538 
 167 V _   0.007 0.348 0.001 0.022 0.007 0.010 0.024 0.581 
 168 R _   0.008 0.301 0.001 0.017 0.006 0.009 0.026 0.632 
 169 D _   0.007 0.257 0.001 0.013 0.005 0.009 0.028 0.681 
 170 F _   0.007 0.224 0.001 0.009 0.004 0.009 0.029 0.718 
 171 D _   0.006 0.204 0.000 0.007 0.003 0.008 0.030 0.742 
 172 Q _   0.006 0.194 0.000 0.006 0.002 0.008 0.031 0.753 
 173 N _   0.006 0.190 0.000 0.007 0.002 0.009 0.031 0.755 
 174 Q _   0.006 0.192 0.000 0.008 0.003 0.009 0.031 0.750 
 175 G _   0.006 0.198 0.000 0.012 0.004 0.010 0.031 0.739 
 176 E _   0.006 0.208 0.001 0.016 0.005 0.011 0.030 0.723 
 177 V _   0.007 0.219 0.001 0.020 0.006 0.012 0.030 0.706 
 178 V _   0.007 0.229 0.001 0.024 0.006 0.012 0.029 0.692 
 179 K _   0.006 0.235 0.001 0.026 0.007 0.012 0.029 0.684 
 180 H _   0.006 0.237 0.001 0.026 0.007 0.011 0.029 0.683 
 181 Y _   0.006 0.236 0.001 0.024 0.006 0.011 0.030 0.687 
 182 K _   0.006 0.231 0.001 0.021 0.006 0.010 0.030 0.696 
 183 I _   0.005 0.224 0.001 0.017 0.005 0.010 0.031 0.707 
 184 R _   0.005 0.217 0.001 0.014 0.004 0.009 0.031 0.719 
 185 N _   0.005 0.210 0.000 0.011 0.004 0.009 0.032 0.728 
 186 L _   0.005 0.206 0.000 0.009 0.003 0.010 0.032 0.734 
 187 D _   0.006 0.204 0.000 0.008 0.003 0.010 0.033 0.735 
 188 N _   0.006 0.206 0.000 0.009 0.004 0.011 0.033 0.730 
 189 G _   0.007 0.211 0.001 0.010 0.004 0.013 0.033 0.721 
 190 G _   0.008 0.220 0.001 0.012 0.005 0.014 0.033 0.707 
 191 F _   0.009 0.232 0.001 0.014 0.006 0.016 0.033 0.690 
 192 Y _   0.010 0.246 0.001 0.016 0.008 0.018 0.032 0.670 
 193 I _   0.010 0.262 0.001 0.018 0.009 0.019 0.032 0.650 
 194 S _   0.011 0.276 0.001 0.019 0.010 0.021 0.032 0.631 
 195 P _   0.012 0.291 0.001 0.020 0.010 0.022 0.032 0.613 
 196 R _   0.012 0.305 0.001 0.021 0.012 0.023 0.031 0.594 
 197 I _   0.013 0.319 0.001 0.022 0.013 0.025 0.031 0.575 
 198 T _   0.014 0.334 0.001 0.023 0.015 0.026 0.031 0.556 
 199 F _   0.015 0.348 0.001 0.026 0.016 0.027 0.032 0.536 
 200 P _   0.015 0.361 0.001 0.030 0.017 0.027 0.032 0.517 
 201 G _   0.015 0.372 0.001 0.033 0.018 0.026 0.033 0.502 
 202 L _   0.015 0.379 0.001 0.037 0.018 0.026 0.033 0.491 
 203 H _   0.015 0.381 0.001 0.039 0.017 0.025 0.035 0.487 
 204 E _   0.015 0.378 0.001 0.039 0.016 0.023 0.036 0.491 
 205 L _   0.015 0.368 0.001 0.037 0.015 0.021 0.038 0.504 
 206 V _   0.014 0.351 0.001 0.034 0.014 0.020 0.041 0.526 
 207 R _   0.013 0.324 0.001 0.030 0.012 0.018 0.044 0.558 
 208 H _   0.013 0.290 0.001 0.025 0.010 0.017 0.047 0.597 
 209 Y _   0.012 0.252 0.001 0.020 0.009 0.015 0.051 0.640 
 210 T _   0.011 0.219 0.001 0.016 0.007 0.015 0.055 0.676 
 211 N _   0.011 0.193 0.001 0.014 0.006 0.014 0.058 0.703 
 212 A _   0.010 0.175 0.001 0.013 0.005 0.013 0.061 0.721 
 213 S _   0.010 0.162 0.001 0.013 0.005 0.013 0.064 0.733 
 214 D _   0.010 0.153 0.001 0.014 0.005 0.013 0.066 0.739 
 215 G _   0.010 0.146 0.001 0.015 0.005 0.013 0.069 0.741 
 216 L _   0.010 0.140 0.001 0.017 0.005 0.013 0.071 0.742 
 217 C _   0.010 0.132 0.001 0.019 0.006 0.013 0.074 0.746 
 218 T _   0.010 0.123 0.001 0.020 0.006 0.012 0.077 0.751 
 219 R _   0.010 0.113 0.001 0.020 0.006 0.012 0.080 0.759 
 220 L _   0.010 0.099 0.001 0.019 0.005 0.011 0.083 0.771 
 221 S _   0.009 0.083 0.001 0.017 0.005 0.011 0.087 0.787 
 222 R _   0.009 0.067 0.001 0.015 0.004 0.010 0.091 0.803 
 223 P _   0.009 0.052 0.001 0.013 0.004 0.009 0.094 0.819 
 224 C _   0.008 0.038 0.000 0.011 0.003 0.008 0.098 0.833 
 225 Q _   0.008 0.028 0.000 0.009 0.003 0.008 0.101 0.844 
 226 T _   0.007 0.020 0.000 0.007 0.002 0.007 0.103 0.852 
 227 Q _   0.007 0.015 0.000 0.006 0.002 0.007 0.105 0.858 
 228 K _   0.006 0.012 0.000 0.006 0.002 0.006 0.106 0.863 
 229 P _   0.005 0.009 0.000 0.005 0.002 0.006 0.106 0.866 
 230 Q _   0.005 0.008 0.000 0.005 0.002 0.006 0.106 0.868 
 231 K _   0.005 0.007 0.000 0.005 0.002 0.006 0.105 0.870 
 232 P _   0.005 0.007 0.000 0.005 0.002 0.006 0.104 0.871 
 233 W _   0.005 0.008 0.000 0.005 0.002 0.006 0.103 0.872 
 234 W _   0.005 0.009 0.000 0.005 0.002 0.007 0.101 0.871 
 235 E _   0.005 0.010 0.000 0.006 0.002 0.008 0.098 0.869 
 236 D _   0.006 0.013 0.000 0.007 0.003 0.010 0.096 0.865 
 237 E _   0.007 0.017 0.000 0.008 0.004 0.012 0.092 0.859 
 238 W _   0.008 0.023 0.001 0.010 0.005 0.014 0.089 0.851 
 239 E _   0.010 0.030 0.001 0.012 0.006 0.017 0.085 0.839 
 240 V _   0.011 0.040 0.001 0.015 0.007 0.020 0.081 0.826 
 241 P _   0.013 0.050 0.001 0.017 0.009 0.022 0.077 0.810 
 242 R _   0.015 0.061 0.001 0.020 0.011 0.025 0.073 0.795 
 243 E _   0.016 0.071 0.001 0.022 0.012 0.027 0.070 0.781 
 244 T _   0.018 0.079 0.001 0.023 0.013 0.030 0.066 0.770 
 245 L _   0.019 0.087 0.001 0.024 0.015 0.031 0.063 0.760 
 246 K _   0.021 0.092 0.001 0.024 0.015 0.032 0.060 0.754 
 247 L _   0.022 0.097 0.001 0.023 0.015 0.033 0.058 0.751 
 248 V _   0.024 0.100 0.001 0.022 0.015 0.034 0.055 0.750 
 249 E _   0.025 0.102 0.001 0.020 0.015 0.034 0.053 0.749 
 250 R _   0.026 0.104 0.001 0.019 0.015 0.034 0.051 0.750 
 251 L _   0.027 0.106 0.001 0.018 0.015 0.034 0.049 0.750 
 252 G _   0.028 0.107 0.001 0.018 0.015 0.034 0.048 0.749 
 253 A _   0.029 0.109 0.001 0.018 0.015 0.034 0.046 0.747 
 254 G _   0.029 0.112 0.001 0.019 0.016 0.034 0.044 0.745 
 255 Q _   0.030 0.114 0.001 0.021 0.016 0.033 0.043 0.742 
 256 F _   0.029 0.116 0.001 0.023 0.017 0.032 0.042 0.739 
 257 G _   0.029 0.118 0.001 0.025 0.017 0.031 0.041 0.738 
 258 E _   0.028 0.117 0.001 0.026 0.016 0.029 0.040 0.741 
 259 V _   0.026 0.115 0.001 0.026 0.015 0.027 0.040 0.750 
 260 W _   0.024 0.110 0.001 0.025 0.013 0.025 0.039 0.763 
 261 M _   0.022 0.103 0.001 0.022 0.012 0.022 0.039 0.779 
 262 G _   0.020 0.095 0.001 0.018 0.010 0.020 0.039 0.797 
 263 Y _   0.017 0.086 0.001 0.015 0.008 0.018 0.039 0.816 
 264 Y _   0.015 0.078 0.001 0.012 0.007 0.016 0.038 0.832 
 265 N _   0.014 0.072 0.001 0.011 0.006 0.015 0.038 0.844 
 266 G _   0.012 0.069 0.001 0.010 0.005 0.015 0.038 0.851 
 267 H _   0.012 0.067 0.001 0.010 0.005 0.014 0.037 0.855 
 268 T _   0.011 0.066 0.001 0.011 0.005 0.014 0.037 0.854 
 269 K _   0.011 0.067 0.001 0.013 0.006 0.014 0.036 0.851 
 270 V _   0.011 0.069 0.001 0.016 0.006 0.014 0.036 0.848 
 271 A _   0.011 0.070 0.001 0.018 0.007 0.014 0.035 0.844 
 272 V _   0.010 0.071 0.001 0.020 0.007 0.014 0.035 0.842 
 273 K _   0.010 0.071 0.001 0.020 0.007 0.014 0.034 0.844 
 274 S _   0.009 0.068 0.001 0.019 0.007 0.013 0.034 0.849 
 275 L _   0.009 0.065 0.001 0.017 0.006 0.012 0.034 0.857 
 276 K _   0.008 0.060 0.001 0.014 0.005 0.012 0.034 0.866 
 277 Q _   0.008 0.056 0.001 0.012 0.005 0.011 0.034 0.875 
 278 G _   0.008 0.051 0.000 0.010 0.004 0.011 0.034 0.882 
 279 S _   0.008 0.048 0.000 0.008 0.004 0.011 0.034 0.886 
 280 M _   0.008 0.047 0.000 0.008 0.004 0.012 0.033 0.887 
 281 S _   0.009 0.047 0.000 0.009 0.004 0.013 0.033 0.884 
 282 P _   0.010 0.049 0.001 0.011 0.005 0.015 0.033 0.877 
 283 D _   0.012 0.051 0.001 0.014 0.007 0.016 0.032 0.866 
 284 A _   0.013 0.055 0.001 0.019 0.008 0.018 0.032 0.855 
 285 F _   0.014 0.058 0.001 0.023 0.010 0.019 0.031 0.844 
 286 L _   0.015 0.059 0.001 0.026 0.011 0.020 0.031 0.836 
 287 A _   0.016 0.059 0.001 0.028 0.011 0.021 0.031 0.833 
 288 E _   0.016 0.057 0.001 0.028 0.011 0.021 0.031 0.834 
 289 A _   0.016 0.052 0.001 0.026 0.011 0.021 0.032 0.841 
 290 N _   0.017 0.045 0.001 0.023 0.010 0.020 0.032 0.853 
 291 L _   0.017 0.036 0.001 0.018 0.009 0.019 0.032 0.867 
 292 M _   0.018 0.025 0.001 0.014 0.007 0.019 0.033 0.883 
 293 K _   0.020 0.016 0.001 0.010 0.006 0.018 0.033 0.896 
 294 Q _   0.021 0.009 0.001 0.007 0.005 0.018 0.034 0.905 
 295 L _   0.022 0.005 0.001 0.005 0.005 0.019 0.034 0.910 
 296 Q _   0.025 0.002 0.001 0.004 0.005 0.020 0.034 0.909 
 297 H _   0.030 0.001 0.001 0.004 0.005 0.022 0.034 0.904 
 298 Q _   0.037 0.001 0.001 0.004 0.006 0.024 0.033 0.893 
 299 R _   0.046 0.001 0.001 0.005 0.008 0.028 0.033 0.879 
 300 L _   0.056 0.001 0.001 0.006 0.010 0.032 0.033 0.861 
 301 V _   0.066 0.002 0.001 0.008 0.013 0.036 0.033 0.841 
 302 R _   0.076 0.002 0.001 0.010 0.017 0.039 0.032 0.822 
 303 L _   0.085 0.003 0.001 0.012 0.020 0.042 0.032 0.805 
 304 Y _   0.092 0.004 0.001 0.013 0.022 0.044 0.032 0.792 
 305 A _   0.098 0.004 0.002 0.014 0.023 0.045 0.032 0.782 
 306 V _   0.101 0.004 0.002 0.014 0.024 0.046 0.032 0.777 
 307 V _   0.103 0.005 0.002 0.013 0.024 0.046 0.033 0.776 
 308 T _   0.103 0.005 0.001 0.012 0.023 0.045 0.033 0.779 
 309 Q _   0.100 0.005 0.001 0.011 0.022 0.044 0.034 0.784 
 310 E _   0.095 0.005 0.001 0.011 0.021 0.042 0.034 0.790 
 311 P _   0.090 0.005 0.001 0.012 0.020 0.041 0.035 0.796 
 312 I _   0.082 0.005 0.001 0.013 0.019 0.039 0.036 0.804 
 313 Y _   0.074 0.006 0.001 0.014 0.018 0.036 0.037 0.813 
 314 I _   0.066 0.006 0.001 0.015 0.017 0.034 0.038 0.823 
 315 I _   0.058 0.006 0.001 0.016 0.015 0.031 0.040 0.833 
 316 T _   0.050 0.006 0.001 0.016 0.014 0.028 0.041 0.843 
 317 E _   0.042 0.006 0.001 0.016 0.012 0.025 0.042 0.856 
 318 Y _   0.034 0.005 0.001 0.014 0.010 0.022 0.043 0.870 
 319 M _   0.028 0.005 0.001 0.013 0.008 0.019 0.044 0.883 
 320 E _   0.022 0.004 0.001 0.011 0.007 0.016 0.046 0.894 
 321 N _   0.018 0.003 0.001 0.009 0.005 0.014 0.046 0.903 
 322 G _   0.015 0.002 0.001 0.008 0.004 0.013 0.047 0.910 
 323 S _   0.013 0.002 0.000 0.007 0.004 0.011 0.048 0.915 
 324 L _   0.012 0.001 0.000 0.006 0.003 0.011 0.048 0.919 
 325 V _   0.011 0.001 0.000 0.006 0.003 0.010 0.048 0.920 
 326 D _   0.010 0.001 0.000 0.005 0.003 0.010 0.048 0.921 
 327 F _   0.010 0.001 0.000 0.005 0.003 0.010 0.048 0.921 
 328 L _   0.011 0.001 0.000 0.005 0.003 0.011 0.048 0.920 
 329 K _   0.011 0.001 0.000 0.005 0.004 0.012 0.048 0.919 
 330 T _   0.012 0.001 0.000 0.006 0.004 0.014 0.047 0.916 
 331 P _   0.014 0.001 0.001 0.006 0.005 0.016 0.047 0.911 
 332 S _   0.016 0.001 0.001 0.007 0.006 0.018 0.046 0.905 
 333 G _   0.019 0.002 0.001 0.008 0.007 0.021 0.045 0.897 
 334 I _   0.023 0.002 0.001 0.010 0.008 0.023 0.045 0.888 
 335 K _   0.027 0.002 0.001 0.011 0.010 0.026 0.044 0.878 
 336 L _   0.032 0.003 0.001 0.012 0.011 0.029 0.043 0.869 
 337 T _   0.037 0.003 0.001 0.012 0.012 0.031 0.043 0.861 
 338 I _   0.042 0.003 0.001 0.012 0.013 0.033 0.042 0.854 
 339 N _   0.048 0.003 0.001 0.011 0.014 0.035 0.041 0.848 
 340 K _   0.055 0.002 0.001 0.010 0.014 0.037 0.041 0.840 
 341 L _   0.062 0.002 0.001 0.009 0.014 0.038 0.041 0.833 
 342 L _   0.069 0.002 0.001 0.008 0.015 0.040 0.040 0.825 
 343 D _   0.077 0.002 0.001 0.007 0.016 0.041 0.040 0.815 
 344 M _   0.085 0.002 0.001 0.008 0.017 0.042 0.040 0.805 
 345 A _   0.092 0.003 0.001 0.008 0.018 0.044 0.040 0.794 
 346 A _   0.098 0.004 0.001 0.010 0.020 0.044 0.040 0.783 
 347 Q _   0.102 0.005 0.001 0.011 0.021 0.045 0.040 0.774 
 348 I _   0.104 0.007 0.001 0.014 0.023 0.045 0.040 0.766 
 349 A _   0.104 0.009 0.002 0.016 0.024 0.044 0.041 0.761 
 350 E _   0.101 0.010 0.002 0.019 0.024 0.042 0.041 0.760 
 351 G _   0.095 0.011 0.002 0.021 0.023 0.040 0.042 0.765 
 352 M _   0.088 0.012 0.002 0.023 0.022 0.037 0.043 0.774 
 353 A _   0.078 0.012 0.001 0.022 0.019 0.034 0.044 0.790 
 354 F _   0.067 0.010 0.001 0.020 0.016 0.030 0.046 0.810 
 355 I _   0.055 0.008 0.001 0.017 0.012 0.026 0.047 0.833 
 356 E _   0.044 0.006 0.001 0.013 0.009 0.022 0.048 0.856 
 357 E _   0.034 0.004 0.001 0.010 0.007 0.018 0.049 0.877 
 358 R _   0.026 0.003 0.001 0.007 0.005 0.015 0.050 0.894 
 359 N _   0.021 0.002 0.000 0.005 0.003 0.013 0.050 0.906 
 360 Y _   0.017 0.001 0.000 0.004 0.003 0.012 0.050 0.912 
 361 I _   0.015 0.001 0.000 0.003 0.003 0.012 0.050 0.915 
 362 H _   0.014 0.001 0.000 0.004 0.003 0.013 0.050 0.914 
 363 R _   0.015 0.002 0.000 0.005 0.004 0.015 0.050 0.909 
 364 D _   0.017 0.004 0.001 0.007 0.005 0.017 0.049 0.900 
 365 L _   0.019 0.008 0.001 0.010 0.007 0.020 0.048 0.887 
 366 R _   0.021 0.012 0.001 0.014 0.010 0.022 0.048 0.873 
 367 A _   0.022 0.017 0.001 0.018 0.012 0.025 0.047 0.858 
 368 A _   0.024 0.021 0.001 0.021 0.013 0.026 0.046 0.847 
 369 N _   0.025 0.024 0.001 0.023 0.014 0.027 0.046 0.841 
 370 I _   0.026 0.026 0.001 0.022 0.014 0.028 0.045 0.838 
 371 L _   0.026 0.027 0.001 0.020 0.013 0.028 0.045 0.840 
 372 V _   0.027 0.027 0.001 0.018 0.012 0.028 0.045 0.843 
 373 S _   0.027 0.027 0.001 0.014 0.011 0.028 0.045 0.847 
 374 D _   0.027 0.026 0.001 0.012 0.010 0.028 0.044 0.851 
 375 T _   0.028 0.026 0.001 0.010 0.010 0.028 0.044 0.853 
 376 L _   0.028 0.027 0.001 0.010 0.010 0.029 0.044 0.852 
 377 S _   0.029 0.030 0.001 0.010 0.010 0.030 0.044 0.846 
 378 C _   0.030 0.034 0.001 0.012 0.012 0.031 0.044 0.836 
 379 K _   0.031 0.041 0.001 0.016 0.014 0.032 0.043 0.821 
 380 I _   0.032 0.050 0.001 0.022 0.016 0.032 0.043 0.803 
 381 A _   0.033 0.060 0.001 0.029 0.018 0.032 0.043 0.784 
 382 D _   0.033 0.068 0.001 0.036 0.019 0.032 0.043 0.768 
 383 F _   0.032 0.074 0.001 0.042 0.020 0.030 0.043 0.759 
 384 G _   0.030 0.076 0.001 0.045 0.019 0.028 0.044 0.757 
 385 L _   0.027 0.074 0.001 0.044 0.017 0.026 0.045 0.765 
 386 A _   0.024 0.069 0.001 0.040 0.015 0.023 0.047 0.781 
 387 R _   0.021 0.060 0.001 0.034 0.012 0.019 0.048 0.805 
 388 L _   0.018 0.048 0.001 0.025 0.009 0.016 0.050 0.834 
 389 I _   0.015 0.034 0.001 0.017 0.006 0.013 0.052 0.863 
 390 E _   0.012 0.021 0.001 0.011 0.004 0.010 0.053 0.887 
 391 D _   0.010 0.013 0.000 0.007 0.003 0.008 0.054 0.905 
 392 N _   0.008 0.008 0.000 0.005 0.002 0.007 0.054 0.915 
 393 E _   0.007 0.006 0.000 0.004 0.002 0.006 0.054 0.922 
 394 Y _   0.006 0.004 0.000 0.003 0.002 0.006 0.054 0.924 
 395 T _   0.006 0.004 0.000 0.004 0.002 0.006 0.053 0.925 
 396 A _   0.006 0.005 0.000 0.005 0.002 0.007 0.052 0.924 
 397 R _   0.006 0.006 0.000 0.007 0.003 0.008 0.050 0.920 
 398 E _   0.007 0.008 0.000 0.009 0.003 0.010 0.049 0.915 
 399 G _   0.007 0.010 0.000 0.012 0.004 0.011 0.047 0.909 
 400 A _   0.007 0.013 0.001 0.015 0.005 0.012 0.044 0.902 
 401 K _   0.008 0.016 0.001 0.018 0.006 0.014 0.042 0.895 
 402 F _   0.008 0.019 0.001 0.020 0.007 0.015 0.040 0.890 
 403 P _   0.009 0.020 0.001 0.021 0.008 0.016 0.038 0.887 
 404 I _   0.009 0.021 0.001 0.022 0.008 0.017 0.037 0.886 
 405 K _   0.010 0.022 0.001 0.021 0.008 0.017 0.035 0.886 
 406 W _   0.010 0.021 0.001 0.021 0.008 0.018 0.034 0.887 
 407 T _   0.011 0.020 0.001 0.020 0.009 0.018 0.032 0.889 
 408 A _   0.012 0.019 0.001 0.018 0.009 0.019 0.031 0.891 
 409 P _   0.014 0.018 0.001 0.017 0.009 0.019 0.030 0.892 
 410 E _   0.016 0.016 0.001 0.017 0.009 0.020 0.029 0.893 
 411 A _   0.018 0.014 0.001 0.016 0.009 0.021 0.028 0.893 
 412 I _   0.022 0.012 0.001 0.015 0.009 0.021 0.027 0.893 
 413 N _   0.027 0.010 0.001 0.015 0.009 0.022 0.026 0.891 
 414 Y _   0.033 0.008 0.001 0.013 0.009 0.022 0.024 0.888 
 415 G _   0.043 0.006 0.001 0.012 0.009 0.022 0.023 0.884 
 416 T _   0.056 0.004 0.001 0.010 0.009 0.022 0.022 0.877 
 417 F _   0.074 0.002 0.001 0.007 0.009 0.022 0.021 0.865 
 418 T _   0.100 0.001 0.001 0.005 0.008 0.022 0.019 0.844 
 419 I _   0.136 0.000 0.001 0.004 0.008 0.022 0.017 0.812 
 420 K _   0.185 0.000 0.001 0.003 0.009 0.023 0.015 0.764 
 421 S _   0.251 0.000 0.001 0.002 0.010 0.023 0.014 0.699 
 422 D _   0.333 0.000 0.001 0.002 0.013 0.025 0.012 0.615 
 423 V _   0.429 0.000 0.001 0.002 0.016 0.026 0.010 0.516 
 424 W H   0.524 0.000 0.001 0.002 0.020 0.027 0.009 0.417 
 425 S H   0.603 0.000 0.002 0.002 0.025 0.027 0.008 0.334 
 426 F H   0.667 0.000 0.002 0.002 0.029 0.027 0.007 0.267 
 427 G H   0.713 0.000 0.002 0.002 0.032 0.026 0.007 0.219 
 428 I H   0.742 0.000 0.002 0.002 0.034 0.024 0.007 0.189 
 429 L H   0.756 0.000 0.002 0.002 0.035 0.023 0.008 0.174 
 430 L H   0.756 0.000 0.002 0.002 0.035 0.022 0.009 0.174 
 431 T H   0.743 0.000 0.002 0.003 0.034 0.021 0.010 0.186 
 432 E H   0.714 0.000 0.002 0.003 0.033 0.021 0.013 0.215 
 433 I H   0.666 0.000 0.002 0.003 0.030 0.020 0.016 0.263 
 434 V H   0.597 0.000 0.002 0.004 0.027 0.020 0.020 0.330 
 435 T H   0.511 0.000 0.002 0.004 0.022 0.019 0.026 0.415 
 436 H _   0.420 0.000 0.002 0.005 0.018 0.018 0.033 0.505 
 437 G _   0.328 0.000 0.001 0.005 0.014 0.017 0.041 0.594 
 438 R _   0.247 0.000 0.001 0.005 0.010 0.015 0.048 0.673 
 439 I _   0.178 0.000 0.001 0.005 0.008 0.014 0.055 0.739 
 440 P _   0.124 0.000 0.001 0.005 0.006 0.013 0.061 0.791 
 441 Y _   0.084 0.000 0.001 0.004 0.004 0.012 0.066 0.829 
 442 P _   0.057 0.001 0.000 0.004 0.004 0.011 0.070 0.854 
 443 G _   0.039 0.001 0.000 0.004 0.003 0.010 0.073 0.869 
 444 M _   0.028 0.002 0.000 0.004 0.003 0.011 0.075 0.877 
 445 T _   0.021 0.003 0.000 0.005 0.003 0.011 0.077 0.879 
 446 N _   0.018 0.006 0.000 0.006 0.004 0.013 0.079 0.874 
 447 P _   0.016 0.012 0.001 0.009 0.005 0.014 0.081 0.863 
 448 E _   0.015 0.023 0.001 0.013 0.007 0.017 0.082 0.843 
 449 V _   0.015 0.039 0.001 0.020 0.009 0.019 0.083 0.815 
 450 I _   0.015 0.058 0.001 0.028 0.011 0.020 0.084 0.783 
 451 Q _   0.014 0.076 0.001 0.037 0.013 0.022 0.085 0.751 
 452 N _   0.014 0.090 0.001 0.046 0.015 0.022 0.087 0.725 
 453 L _   0.014 0.098 0.001 0.052 0.015 0.022 0.089 0.707 
 454 E _   0.014 0.102 0.001 0.055 0.015 0.021 0.093 0.699 
 455 R _   0.013 0.101 0.001 0.054 0.014 0.020 0.098 0.699 
 456 G _   0.012 0.096 0.001 0.048 0.012 0.018 0.103 0.709 
 457 Y _   0.011 0.086 0.001 0.040 0.010 0.015 0.110 0.727 
 458 R _   0.010 0.070 0.001 0.030 0.008 0.013 0.117 0.751 
 459 M _   0.009 0.051 0.001 0.020 0.005 0.011 0.124 0.778 
 460 V _   0.008 0.034 0.001 0.012 0.004 0.009 0.131 0.802 
 461 R _   0.007 0.023 0.000 0.006 0.002 0.008 0.136 0.818 
 462 P _   0.006 0.017 0.000 0.004 0.002 0.007 0.139 0.825 
 463 D _   0.006 0.015 0.000 0.003 0.001 0.008 0.142 0.826 
 464 N _   0.007 0.015 0.000 0.003 0.002 0.009 0.143 0.821 
 465 C _   0.009 0.019 0.000 0.005 0.003 0.013 0.144 0.808 
 466 P _   0.012 0.031 0.001 0.009 0.006 0.017 0.145 0.779 
 467 E _   0.015 0.063 0.001 0.018 0.011 0.023 0.144 0.724 
 468 E _   0.017 0.122 0.002 0.033 0.016 0.027 0.143 0.640 
 469 L _   0.017 0.192 0.002 0.050 0.020 0.029 0.141 0.548 
 470 Y _   0.016 0.246 0.002 0.065 0.021 0.030 0.140 0.480 
 471 Q _   0.015 0.276 0.002 0.075 0.021 0.029 0.141 0.441 
 472 L _   0.014 0.290 0.001 0.079 0.021 0.027 0.144 0.424 
 473 M _   0.013 0.294 0.001 0.079 0.019 0.025 0.148 0.421 
 474 R _   0.012 0.288 0.001 0.073 0.018 0.023 0.153 0.431 
 475 L _   0.011 0.273 0.002 0.063 0.016 0.020 0.161 0.454 
 476 C _   0.011 0.244 0.002 0.051 0.013 0.018 0.170 0.491 
 477 W _   0.011 0.201 0.001 0.037 0.011 0.016 0.182 0.541 
 478 K _   0.010 0.152 0.001 0.026 0.008 0.014 0.195 0.594 
 479 E _   0.009 0.110 0.001 0.016 0.006 0.012 0.206 0.640 
 480 R _   0.008 0.082 0.001 0.010 0.004 0.011 0.215 0.670 
 481 P _   0.007 0.068 0.000 0.006 0.002 0.010 0.221 0.686 
 482 E _   0.006 0.062 0.000 0.004 0.002 0.009 0.226 0.691 
 483 D _   0.006 0.060 0.000 0.004 0.002 0.010 0.228 0.690 
 484 R _   0.007 0.062 0.000 0.004 0.002 0.012 0.230 0.683 
 485 P _   0.008 0.068 0.000 0.006 0.003 0.014 0.231 0.668 
 486 T _   0.010 0.084 0.001 0.010 0.006 0.018 0.231 0.641 
 487 F _   0.013 0.113 0.001 0.015 0.009 0.022 0.231 0.596 
 488 D _   0.014 0.162 0.001 0.021 0.013 0.026 0.229 0.532 
 489 Y _   0.015 0.227 0.002 0.028 0.017 0.028 0.227 0.455 
 490 L _   0.015 0.297 0.002 0.035 0.020 0.030 0.226 0.376 
 491 R E   0.014 0.358 0.002 0.040 0.022 0.029 0.226 0.308 
 492 S E   0.014 0.406 0.002 0.044 0.022 0.029 0.227 0.257 
 493 V E   0.014 0.438 0.002 0.048 0.022 0.028 0.229 0.220 
 494 L E   0.013 0.458 0.001 0.052 0.022 0.027 0.233 0.194 
 495 E E   0.013 0.468 0.001 0.054 0.021 0.025 0.239 0.178 
 496 D E   0.013 0.471 0.001 0.056 0.020 0.024 0.247 0.168 
 497 F E   0.013 0.466 0.001 0.056 0.019 0.023 0.257 0.163 
 498 F E   0.013 0.454 0.002 0.055 0.018 0.021 0.271 0.165 
 499 T E   0.013 0.429 0.002 0.053 0.017 0.020 0.291 0.175 
 500 A E   0.013 0.388 0.002 0.050 0.016 0.019 0.318 0.195 
 501 T X   0.012 0.329 0.002 0.045 0.015 0.017 0.353 0.227 
 502 E X   0.011 0.255 0.002 0.037 0.013 0.015 0.396 0.270 
 503 G X   0.009 0.183 0.002 0.028 0.010 0.012 0.443 0.312 
 504 Q X   0.007 0.115 0.001 0.019 0.006 0.009 0.489 0.354 
 505 Y X   0.003 0.059 0.001 0.011 0.003 0.004 0.528 0.391 
 506 Q X   0.001 0.024 0.000 0.004 0.001 0.001 0.551 0.417 
 507 P X   0.000 0.010 0.000 0.002 0.000 0.000 0.558 0.430 
 508 Q X   0.000 0.007 0.000 0.002 0.000 0.000 0.557 0.433 
 509 P X   0.002 0.007 0.001 0.008 0.002 0.002 0.549 0.429 
