#TopoPred_TM8: 8-state transmembrane topology prediction results by no_profile mode 
#probabilities are in the order of H E C I L F X _, the 8 transmembrane topology types used in PDBTM 
   1 M X   0.011 0.002 0.002 0.052 0.008 0.008 0.786 0.130 
   2 D X   0.004 0.001 0.000 0.030 0.002 0.004 0.808 0.150 
   3 F X   0.001 0.001 0.000 0.016 0.000 0.002 0.813 0.166 
   4 D X   0.001 0.001 0.000 0.010 0.000 0.002 0.810 0.175 
   5 K X   0.001 0.002 0.000 0.008 0.001 0.003 0.803 0.181 
   6 K X   0.001 0.004 0.000 0.008 0.001 0.004 0.792 0.189 
   7 G X   0.002 0.008 0.000 0.009 0.001 0.005 0.777 0.198 
   8 G X   0.003 0.015 0.000 0.012 0.002 0.007 0.753 0.208 
   9 K X   0.003 0.028 0.000 0.017 0.003 0.009 0.719 0.220 
  10 G X   0.003 0.048 0.001 0.025 0.005 0.011 0.675 0.232 
  11 E X   0.003 0.077 0.001 0.033 0.006 0.013 0.621 0.245 
  12 T X   0.004 0.113 0.001 0.040 0.008 0.014 0.563 0.257 
  13 E X   0.003 0.151 0.001 0.046 0.008 0.015 0.507 0.268 
  14 E X   0.003 0.186 0.001 0.048 0.009 0.015 0.459 0.279 
  15 G X   0.003 0.216 0.001 0.049 0.008 0.014 0.418 0.291 
  16 R X   0.003 0.240 0.001 0.048 0.008 0.013 0.384 0.302 
  17 R X   0.003 0.258 0.001 0.046 0.007 0.013 0.357 0.315 
  18 M X   0.003 0.271 0.001 0.043 0.007 0.012 0.335 0.328 
  19 S _   0.003 0.280 0.001 0.039 0.006 0.011 0.317 0.343 
  20 K _   0.003 0.286 0.001 0.035 0.005 0.010 0.302 0.358 
  21 A _   0.003 0.290 0.001 0.031 0.005 0.009 0.289 0.373 
  22 G _   0.003 0.292 0.001 0.027 0.004 0.009 0.277 0.389 
  23 G _   0.003 0.292 0.001 0.023 0.004 0.008 0.266 0.404 
  24 G _   0.003 0.292 0.000 0.019 0.003 0.008 0.256 0.418 
  25 R _   0.003 0.291 0.000 0.016 0.003 0.008 0.247 0.431 
  26 S _   0.003 0.291 0.000 0.014 0.003 0.008 0.238 0.442 
  27 S _   0.003 0.292 0.000 0.013 0.003 0.009 0.229 0.452 
  28 H _   0.003 0.295 0.000 0.012 0.003 0.009 0.219 0.458 
  29 G _   0.003 0.300 0.000 0.012 0.004 0.010 0.208 0.462 
  30 I _   0.004 0.309 0.001 0.013 0.004 0.012 0.196 0.461 
  31 R _   0.005 0.322 0.001 0.015 0.006 0.014 0.183 0.455 
  32 S _   0.006 0.341 0.001 0.017 0.008 0.017 0.168 0.442 
  33 S _   0.008 0.369 0.001 0.021 0.010 0.020 0.152 0.419 
  34 G E   0.009 0.404 0.002 0.025 0.014 0.023 0.135 0.388 
  35 T E   0.010 0.445 0.002 0.030 0.018 0.025 0.118 0.352 
  36 S E   0.011 0.486 0.002 0.035 0.021 0.027 0.103 0.316 
  37 S E   0.012 0.521 0.002 0.040 0.022 0.027 0.091 0.286 
  38 G E   0.013 0.547 0.002 0.043 0.023 0.027 0.081 0.264 
  39 V E   0.014 0.563 0.001 0.045 0.023 0.026 0.075 0.253 
  40 L E   0.014 0.570 0.001 0.046 0.022 0.026 0.070 0.250 
  41 M E   0.015 0.569 0.001 0.045 0.022 0.025 0.066 0.257 
  42 V E   0.016 0.559 0.001 0.043 0.021 0.024 0.064 0.273 
  43 G E   0.016 0.537 0.002 0.040 0.020 0.023 0.062 0.301 
  44 P E   0.017 0.502 0.002 0.035 0.018 0.022 0.061 0.343 
  45 N E   0.018 0.452 0.002 0.031 0.017 0.021 0.060 0.400 
  46 F _   0.018 0.392 0.002 0.025 0.015 0.020 0.060 0.468 
  47 R _   0.017 0.335 0.001 0.021 0.012 0.019 0.060 0.534 
  48 V _   0.016 0.289 0.001 0.016 0.010 0.018 0.060 0.590 
  49 G _   0.014 0.256 0.001 0.013 0.007 0.017 0.060 0.633 
  50 K _   0.012 0.235 0.001 0.011 0.006 0.015 0.059 0.661 
  51 K _   0.011 0.223 0.001 0.010 0.005 0.014 0.059 0.678 
  52 I _   0.010 0.217 0.001 0.010 0.005 0.014 0.057 0.687 
  53 G _   0.009 0.214 0.001 0.011 0.005 0.013 0.056 0.691 
  54 C _   0.008 0.214 0.001 0.013 0.005 0.013 0.055 0.691 
  55 G _   0.008 0.215 0.001 0.016 0.006 0.013 0.053 0.688 
  56 N _   0.008 0.215 0.001 0.019 0.006 0.013 0.052 0.686 
  57 F _   0.008 0.215 0.001 0.021 0.007 0.013 0.051 0.685 
  58 G _   0.008 0.212 0.001 0.023 0.007 0.013 0.050 0.688 
  59 E _   0.008 0.206 0.001 0.022 0.007 0.012 0.049 0.696 
  60 L _   0.007 0.197 0.001 0.021 0.006 0.011 0.048 0.709 
  61 R _   0.007 0.184 0.001 0.018 0.006 0.011 0.048 0.726 
  62 L _   0.007 0.170 0.001 0.015 0.005 0.010 0.048 0.746 
  63 G _   0.007 0.156 0.001 0.011 0.004 0.010 0.047 0.764 
  64 K _   0.006 0.146 0.000 0.009 0.004 0.009 0.047 0.778 
  65 N _   0.007 0.139 0.000 0.008 0.003 0.010 0.046 0.787 
  66 L _   0.007 0.135 0.000 0.008 0.003 0.010 0.045 0.791 
  67 Y _   0.008 0.135 0.000 0.009 0.004 0.011 0.045 0.789 
  68 T _   0.008 0.138 0.001 0.011 0.005 0.013 0.043 0.781 
  69 N _   0.009 0.144 0.001 0.015 0.006 0.014 0.042 0.769 
  70 E _   0.010 0.152 0.001 0.020 0.007 0.015 0.041 0.754 
  71 Y _   0.010 0.159 0.001 0.025 0.009 0.016 0.040 0.740 
  72 V _   0.011 0.164 0.001 0.030 0.009 0.016 0.039 0.730 
  73 A _   0.011 0.166 0.001 0.032 0.010 0.016 0.038 0.726 
  74 I _   0.011 0.165 0.001 0.032 0.009 0.016 0.037 0.729 
  75 K _   0.011 0.160 0.001 0.029 0.009 0.015 0.037 0.739 
  76 L _   0.010 0.150 0.001 0.025 0.008 0.014 0.037 0.755 
  77 E _   0.010 0.137 0.001 0.021 0.007 0.013 0.037 0.776 
  78 P _   0.009 0.121 0.001 0.016 0.006 0.012 0.038 0.799 
  79 I _   0.009 0.107 0.001 0.012 0.005 0.011 0.038 0.819 
  80 K _   0.008 0.096 0.000 0.009 0.004 0.011 0.038 0.833 
  81 S _   0.008 0.089 0.000 0.008 0.004 0.011 0.038 0.842 
  82 R _   0.008 0.086 0.000 0.008 0.004 0.011 0.037 0.845 
  83 A _   0.009 0.085 0.000 0.009 0.004 0.012 0.037 0.844 
  84 P _   0.009 0.086 0.001 0.011 0.005 0.013 0.036 0.839 
  85 Q _   0.009 0.089 0.001 0.015 0.006 0.014 0.035 0.832 
  86 L _   0.010 0.092 0.001 0.019 0.007 0.015 0.035 0.823 
  87 H _   0.010 0.094 0.001 0.022 0.008 0.015 0.034 0.816 
  88 L _   0.010 0.094 0.001 0.025 0.008 0.016 0.033 0.812 
  89 E _   0.010 0.093 0.001 0.026 0.009 0.015 0.033 0.813 
  90 Y _   0.010 0.089 0.001 0.025 0.008 0.015 0.033 0.819 
  91 R _   0.010 0.082 0.001 0.022 0.008 0.015 0.033 0.830 
  92 F _   0.010 0.073 0.001 0.019 0.007 0.014 0.033 0.843 
  93 Y _   0.010 0.063 0.001 0.016 0.006 0.014 0.033 0.858 
  94 K _   0.010 0.053 0.001 0.013 0.006 0.013 0.033 0.872 
  95 Q _   0.010 0.045 0.001 0.011 0.005 0.013 0.033 0.882 
  96 L _   0.010 0.040 0.001 0.009 0.005 0.014 0.033 0.888 
  97 S _   0.011 0.036 0.001 0.009 0.005 0.014 0.033 0.890 
  98 A _   0.012 0.034 0.001 0.010 0.006 0.015 0.033 0.889 
  99 T _   0.013 0.033 0.001 0.012 0.006 0.016 0.033 0.886 
 100 E _   0.014 0.033 0.001 0.014 0.008 0.018 0.032 0.880 
 101 G _   0.015 0.033 0.001 0.017 0.009 0.019 0.032 0.875 
 102 V _   0.015 0.033 0.001 0.020 0.010 0.019 0.032 0.870 
 103 P _   0.016 0.032 0.001 0.021 0.010 0.020 0.032 0.869 
 104 Q _   0.016 0.030 0.001 0.021 0.010 0.020 0.031 0.870 
 105 V _   0.016 0.027 0.001 0.020 0.010 0.020 0.031 0.876 
 106 Y _   0.016 0.022 0.001 0.017 0.009 0.020 0.032 0.884 
 107 Y _   0.016 0.017 0.001 0.013 0.007 0.019 0.032 0.894 
 108 F _   0.017 0.013 0.001 0.010 0.006 0.019 0.032 0.903 
 109 G _   0.018 0.009 0.001 0.007 0.005 0.020 0.032 0.910 
 110 P _   0.020 0.007 0.000 0.005 0.005 0.021 0.031 0.911 
 111 C _   0.023 0.007 0.001 0.004 0.005 0.024 0.031 0.906 
 112 G _   0.028 0.007 0.001 0.005 0.007 0.028 0.030 0.894 
 113 K _   0.036 0.011 0.001 0.007 0.011 0.034 0.029 0.872 
 114 Y _   0.044 0.019 0.001 0.011 0.017 0.040 0.028 0.839 
 115 N _   0.052 0.037 0.002 0.019 0.024 0.046 0.027 0.793 
 116 A _   0.057 0.061 0.002 0.031 0.031 0.050 0.026 0.742 
 117 M _   0.060 0.084 0.002 0.043 0.036 0.052 0.024 0.699 
 118 V _   0.061 0.100 0.002 0.052 0.038 0.051 0.024 0.672 
 119 L _   0.060 0.108 0.002 0.058 0.037 0.049 0.023 0.662 
 120 E _   0.057 0.110 0.002 0.058 0.035 0.046 0.023 0.669 
 121 L _   0.052 0.106 0.002 0.054 0.031 0.042 0.023 0.691 
 122 L _   0.047 0.096 0.002 0.045 0.026 0.037 0.023 0.724 
 123 G _   0.042 0.079 0.002 0.035 0.020 0.032 0.024 0.766 
 124 P _   0.037 0.058 0.001 0.025 0.015 0.027 0.024 0.812 
 125 S _   0.033 0.038 0.001 0.017 0.011 0.023 0.025 0.854 
 126 L _   0.030 0.022 0.001 0.011 0.007 0.019 0.025 0.886 
 127 E _   0.028 0.011 0.001 0.008 0.005 0.016 0.025 0.907 
 128 D _   0.027 0.006 0.000 0.006 0.004 0.014 0.025 0.919 
 129 L _   0.029 0.003 0.000 0.004 0.003 0.012 0.024 0.924 
 130 F _   0.033 0.001 0.000 0.004 0.003 0.011 0.023 0.924 
 131 D _   0.042 0.001 0.000 0.003 0.003 0.010 0.022 0.919 
 132 L _   0.056 0.000 0.000 0.003 0.003 0.010 0.021 0.906 
 133 C _   0.080 0.000 0.000 0.002 0.003 0.011 0.019 0.884 
 134 D _   0.118 0.000 0.001 0.002 0.004 0.011 0.017 0.847 
 135 R _   0.172 0.000 0.001 0.002 0.005 0.012 0.015 0.793 
 136 T _   0.248 0.000 0.001 0.001 0.006 0.014 0.012 0.717 
 137 F _   0.343 0.000 0.001 0.001 0.008 0.015 0.010 0.621 
 138 T _   0.452 0.000 0.001 0.001 0.011 0.016 0.007 0.512 
 139 L H   0.563 0.000 0.001 0.001 0.013 0.016 0.005 0.400 
 140 K H   0.661 0.000 0.001 0.001 0.015 0.016 0.004 0.301 
 141 T H   0.739 0.000 0.001 0.001 0.017 0.015 0.003 0.223 
 142 V H   0.796 0.000 0.001 0.001 0.018 0.014 0.002 0.167 
 143 L H   0.835 0.000 0.001 0.001 0.018 0.013 0.002 0.130 
 144 M H   0.858 0.000 0.001 0.001 0.018 0.011 0.002 0.108 
 145 I H   0.870 0.000 0.001 0.001 0.019 0.011 0.002 0.097 
 146 A H   0.870 0.000 0.001 0.001 0.019 0.010 0.002 0.097 
 147 I H   0.860 0.000 0.001 0.001 0.019 0.010 0.003 0.107 
 148 Q H   0.836 0.000 0.001 0.001 0.019 0.010 0.003 0.130 
 149 L H   0.798 0.000 0.001 0.001 0.018 0.011 0.004 0.166 
 150 I H   0.743 0.000 0.001 0.001 0.018 0.011 0.006 0.219 
 151 T H   0.671 0.000 0.001 0.002 0.017 0.012 0.009 0.288 
 152 R H   0.587 0.000 0.001 0.002 0.015 0.013 0.012 0.369 
 153 M H   0.496 0.000 0.001 0.002 0.013 0.014 0.016 0.457 
 154 E _   0.406 0.000 0.001 0.003 0.012 0.015 0.021 0.542 
 155 Y _   0.326 0.000 0.001 0.003 0.011 0.016 0.026 0.617 
 156 V _   0.255 0.000 0.001 0.005 0.010 0.016 0.032 0.681 
 157 H _   0.197 0.000 0.001 0.006 0.009 0.016 0.037 0.733 
 158 T _   0.150 0.001 0.001 0.008 0.009 0.016 0.042 0.773 
 159 K _   0.112 0.001 0.001 0.010 0.008 0.016 0.046 0.806 
 160 S _   0.083 0.001 0.001 0.011 0.008 0.015 0.051 0.831 
 161 L _   0.060 0.001 0.001 0.011 0.007 0.014 0.055 0.851 
 162 I _   0.043 0.002 0.001 0.010 0.006 0.013 0.059 0.867 
 163 Y _   0.031 0.001 0.001 0.009 0.005 0.011 0.062 0.880 
 164 R _   0.022 0.001 0.001 0.008 0.004 0.010 0.065 0.889 
 165 D _   0.017 0.001 0.000 0.007 0.003 0.009 0.068 0.895 
 166 V _   0.013 0.001 0.000 0.006 0.003 0.008 0.070 0.898 
 167 K _   0.011 0.001 0.000 0.006 0.003 0.008 0.072 0.899 
 168 P _   0.010 0.001 0.000 0.006 0.003 0.008 0.074 0.899 
 169 E _   0.009 0.002 0.000 0.006 0.003 0.008 0.075 0.897 
 170 N _   0.009 0.002 0.000 0.007 0.003 0.009 0.077 0.893 
 171 F _   0.009 0.003 0.000 0.008 0.003 0.010 0.078 0.889 
 172 L _   0.009 0.004 0.000 0.009 0.004 0.010 0.080 0.885 
 173 V _   0.009 0.004 0.000 0.009 0.004 0.011 0.081 0.882 
 174 G _   0.009 0.005 0.000 0.009 0.004 0.012 0.082 0.879 
 175 R _   0.009 0.006 0.000 0.009 0.004 0.013 0.083 0.877 
 176 P _   0.009 0.007 0.000 0.008 0.004 0.014 0.083 0.874 
 177 G _   0.011 0.008 0.000 0.007 0.004 0.016 0.084 0.870 
 178 T _   0.013 0.009 0.000 0.007 0.005 0.019 0.084 0.863 
 179 K _   0.017 0.012 0.001 0.007 0.006 0.023 0.084 0.850 
 180 R _   0.022 0.018 0.001 0.008 0.009 0.028 0.084 0.830 
 181 Q _   0.029 0.028 0.001 0.011 0.014 0.034 0.084 0.799 
 182 H _   0.036 0.050 0.002 0.017 0.020 0.040 0.084 0.752 
 183 A _   0.043 0.084 0.002 0.025 0.028 0.046 0.083 0.688 
 184 I _   0.048 0.127 0.003 0.036 0.035 0.049 0.083 0.619 
 185 H _   0.051 0.168 0.003 0.048 0.039 0.050 0.083 0.559 
 186 I _   0.052 0.198 0.002 0.058 0.040 0.049 0.084 0.516 
 187 I _   0.052 0.216 0.002 0.066 0.039 0.047 0.086 0.492 
 188 D _   0.050 0.224 0.002 0.069 0.037 0.044 0.089 0.485 
 189 F _   0.047 0.223 0.002 0.068 0.034 0.040 0.093 0.493 
 190 G _   0.043 0.215 0.002 0.063 0.029 0.036 0.098 0.514 
 191 L _   0.039 0.196 0.002 0.053 0.024 0.031 0.105 0.550 
 192 A _   0.034 0.165 0.002 0.042 0.018 0.026 0.112 0.600 
 193 K _   0.029 0.125 0.002 0.030 0.013 0.022 0.121 0.658 
 194 E _   0.024 0.086 0.001 0.020 0.009 0.018 0.128 0.714 
 195 Y _   0.019 0.056 0.001 0.013 0.006 0.014 0.135 0.757 
 196 I _   0.015 0.039 0.000 0.008 0.004 0.011 0.139 0.784 
 197 D _   0.011 0.030 0.000 0.006 0.003 0.009 0.143 0.799 
 198 P _   0.009 0.026 0.000 0.005 0.002 0.008 0.145 0.806 
 199 E _   0.008 0.024 0.000 0.004 0.002 0.007 0.146 0.808 
 200 T _   0.007 0.024 0.000 0.005 0.002 0.007 0.147 0.808 
 201 K _   0.006 0.026 0.000 0.005 0.002 0.007 0.148 0.805 
 202 K _   0.006 0.028 0.000 0.007 0.002 0.007 0.148 0.802 
 203 H _   0.006 0.032 0.000 0.008 0.003 0.008 0.147 0.796 
 204 I _   0.005 0.038 0.000 0.009 0.003 0.008 0.146 0.790 
 205 P _   0.005 0.045 0.000 0.010 0.003 0.009 0.145 0.783 
 206 Y _   0.005 0.053 0.000 0.011 0.003 0.009 0.143 0.774 
 207 R _   0.005 0.063 0.000 0.012 0.004 0.010 0.141 0.764 
 208 E _   0.006 0.074 0.001 0.013 0.004 0.011 0.139 0.752 
 209 H _   0.006 0.089 0.001 0.015 0.005 0.012 0.137 0.736 
 210 K _   0.006 0.106 0.001 0.017 0.006 0.014 0.134 0.716 
 211 S _   0.007 0.127 0.001 0.021 0.008 0.015 0.132 0.690 
 212 L _   0.008 0.152 0.001 0.026 0.009 0.017 0.129 0.659 
 213 T _   0.009 0.177 0.001 0.031 0.011 0.018 0.127 0.627 
 214 G _   0.009 0.199 0.001 0.037 0.012 0.019 0.125 0.598 
 215 T _   0.010 0.216 0.001 0.041 0.013 0.019 0.124 0.576 
 216 A _   0.010 0.226 0.001 0.045 0.013 0.019 0.124 0.560 
 217 R _   0.010 0.232 0.001 0.047 0.013 0.019 0.125 0.553 
 218 Y _   0.010 0.232 0.001 0.047 0.013 0.018 0.126 0.551 
 219 M _   0.010 0.228 0.001 0.046 0.012 0.018 0.128 0.556 
 220 S _   0.011 0.218 0.001 0.043 0.011 0.017 0.132 0.568 
 221 I _   0.011 0.202 0.001 0.039 0.010 0.015 0.136 0.585 
 222 N _   0.011 0.179 0.001 0.034 0.009 0.014 0.141 0.610 
 223 T _   0.011 0.149 0.001 0.029 0.008 0.013 0.148 0.641 
 224 H _   0.011 0.114 0.001 0.024 0.007 0.012 0.155 0.677 
 225 L _   0.011 0.078 0.001 0.018 0.005 0.011 0.161 0.715 
 226 G _   0.010 0.048 0.001 0.013 0.004 0.009 0.167 0.750 
 227 K _   0.008 0.025 0.000 0.008 0.003 0.008 0.171 0.776 
 228 E _   0.007 0.012 0.000 0.005 0.002 0.007 0.173 0.794 
 229 Q _   0.007 0.004 0.000 0.003 0.001 0.006 0.174 0.804 
 230 S _   0.008 0.001 0.000 0.002 0.001 0.006 0.174 0.807 
 231 R _   0.010 0.000 0.000 0.001 0.001 0.007 0.173 0.806 
 232 R _   0.016 0.000 0.000 0.001 0.001 0.010 0.172 0.798 
 233 D _   0.030 0.000 0.000 0.002 0.002 0.015 0.169 0.781 
 234 D _   0.056 0.000 0.000 0.002 0.005 0.024 0.165 0.747 
 235 L _   0.096 0.001 0.001 0.004 0.010 0.035 0.160 0.693 
 236 E _   0.147 0.003 0.001 0.006 0.020 0.050 0.154 0.619 
 237 A _   0.198 0.009 0.002 0.010 0.036 0.063 0.147 0.535 
 238 L _   0.244 0.020 0.003 0.015 0.053 0.074 0.141 0.451 
 239 G _   0.279 0.033 0.003 0.021 0.067 0.080 0.136 0.381 
 240 H _   0.304 0.044 0.003 0.027 0.076 0.082 0.134 0.331 
 241 M H   0.318 0.052 0.003 0.032 0.079 0.080 0.132 0.302 
 242 F H   0.323 0.056 0.003 0.035 0.079 0.076 0.133 0.295 
 243 M H   0.320 0.056 0.003 0.034 0.076 0.071 0.134 0.305 
 244 Y _   0.309 0.053 0.003 0.031 0.069 0.064 0.137 0.333 
 245 F _   0.286 0.046 0.003 0.027 0.058 0.057 0.141 0.382 
 246 L _   0.254 0.036 0.003 0.022 0.046 0.049 0.147 0.445 
 247 R _   0.215 0.025 0.002 0.016 0.033 0.041 0.153 0.515 
 248 G _   0.175 0.015 0.002 0.012 0.022 0.033 0.159 0.582 
 249 S _   0.135 0.009 0.001 0.009 0.014 0.027 0.165 0.641 
 250 L _   0.100 0.005 0.001 0.007 0.009 0.022 0.170 0.686 
 251 P _   0.072 0.003 0.001 0.006 0.006 0.018 0.175 0.720 
 252 W _   0.051 0.002 0.001 0.006 0.004 0.014 0.178 0.743 
 253 Q _   0.036 0.002 0.000 0.006 0.004 0.012 0.181 0.760 
 254 G _   0.025 0.002 0.000 0.005 0.003 0.011 0.183 0.771 
 255 L _   0.018 0.001 0.000 0.006 0.003 0.009 0.184 0.778 
 256 K _   0.014 0.002 0.000 0.006 0.003 0.008 0.185 0.783 
 257 A _   0.011 0.002 0.000 0.006 0.003 0.008 0.186 0.785 
 258 D _   0.009 0.002 0.000 0.007 0.003 0.008 0.186 0.786 
 259 T _   0.008 0.003 0.000 0.007 0.003 0.007 0.186 0.786 
 260 L _   0.007 0.003 0.000 0.008 0.003 0.007 0.186 0.786 
 261 K _   0.007 0.004 0.000 0.008 0.003 0.007 0.186 0.785 
 262 E _   0.006 0.004 0.000 0.009 0.003 0.007 0.185 0.785 
 263 R _   0.006 0.005 0.000 0.009 0.003 0.007 0.185 0.785 
 264 Y _   0.006 0.005 0.000 0.008 0.003 0.007 0.185 0.786 
 265 Q _   0.006 0.005 0.000 0.008 0.003 0.007 0.184 0.788 
 266 K _   0.005 0.006 0.000 0.007 0.002 0.007 0.183 0.789 
 267 I _   0.005 0.006 0.000 0.006 0.002 0.007 0.182 0.790 
 268 G _   0.005 0.007 0.000 0.006 0.002 0.007 0.181 0.791 
 269 D _   0.006 0.009 0.000 0.006 0.003 0.008 0.179 0.790 
 270 T _   0.006 0.011 0.000 0.006 0.003 0.009 0.177 0.787 
 271 K _   0.007 0.015 0.000 0.008 0.004 0.010 0.175 0.781 
 272 R _   0.008 0.022 0.001 0.010 0.005 0.012 0.173 0.771 
 273 A _   0.008 0.031 0.001 0.013 0.006 0.014 0.170 0.758 
 274 T _   0.009 0.042 0.001 0.016 0.007 0.016 0.167 0.744 
 275 P _   0.009 0.055 0.001 0.019 0.008 0.017 0.164 0.728 
 276 I _   0.010 0.067 0.001 0.021 0.009 0.019 0.161 0.712 
 277 E _   0.010 0.078 0.001 0.023 0.010 0.020 0.159 0.700 
 278 V _   0.011 0.087 0.001 0.023 0.010 0.021 0.157 0.691 
 279 L _   0.012 0.093 0.001 0.022 0.010 0.022 0.155 0.685 
 280 C _   0.012 0.097 0.001 0.021 0.010 0.024 0.154 0.682 
 281 E _   0.013 0.100 0.001 0.019 0.010 0.025 0.153 0.679 
 282 N _   0.015 0.103 0.001 0.017 0.010 0.026 0.152 0.676 
 283 F _   0.016 0.107 0.001 0.015 0.011 0.028 0.151 0.670 
 284 P _   0.019 0.111 0.001 0.015 0.012 0.030 0.151 0.661 
 285 E _   0.022 0.117 0.001 0.015 0.013 0.032 0.151 0.649 
 286 E _   0.024 0.125 0.001 0.017 0.015 0.034 0.150 0.633 
 287 M _   0.027 0.136 0.001 0.020 0.017 0.036 0.150 0.613 
 288 A _   0.029 0.148 0.001 0.024 0.020 0.037 0.151 0.591 
 289 T _   0.031 0.159 0.001 0.028 0.021 0.037 0.151 0.572 
 290 Y _   0.031 0.168 0.001 0.032 0.022 0.036 0.152 0.558 
 291 L _   0.030 0.174 0.002 0.036 0.022 0.035 0.154 0.547 
 292 R _   0.029 0.177 0.002 0.038 0.022 0.033 0.157 0.542 
 293 Y _   0.028 0.176 0.001 0.039 0.021 0.030 0.160 0.543 
 294 V _   0.027 0.172 0.001 0.038 0.019 0.028 0.164 0.551 
 295 R _   0.024 0.163 0.001 0.036 0.016 0.025 0.170 0.565 
 296 R _   0.022 0.148 0.001 0.031 0.014 0.022 0.176 0.586 
 297 L _   0.020 0.128 0.001 0.026 0.011 0.019 0.183 0.612 
 298 D _   0.017 0.105 0.001 0.020 0.009 0.016 0.190 0.641 
 299 F _   0.014 0.082 0.001 0.015 0.006 0.014 0.197 0.671 
 300 F _   0.012 0.062 0.001 0.010 0.005 0.012 0.203 0.696 
 301 E _   0.010 0.049 0.000 0.007 0.003 0.010 0.208 0.712 
 302 K _   0.008 0.042 0.000 0.005 0.002 0.009 0.211 0.721 
 303 P _   0.007 0.039 0.000 0.004 0.002 0.009 0.214 0.724 
 304 D _   0.007 0.039 0.000 0.004 0.002 0.009 0.216 0.722 
 305 Y _   0.007 0.041 0.000 0.005 0.003 0.010 0.217 0.715 
 306 D _   0.008 0.047 0.000 0.008 0.004 0.012 0.218 0.702 
 307 Y _   0.009 0.057 0.001 0.012 0.006 0.014 0.219 0.682 
 308 L _   0.009 0.072 0.001 0.018 0.007 0.016 0.220 0.658 
 309 R _   0.010 0.086 0.001 0.023 0.009 0.017 0.220 0.634 
 310 K _   0.010 0.098 0.001 0.028 0.010 0.018 0.222 0.615 
 311 L _   0.010 0.106 0.001 0.030 0.010 0.018 0.224 0.601 
 312 F _   0.009 0.111 0.001 0.031 0.010 0.018 0.226 0.593 
 313 T _   0.009 0.114 0.001 0.030 0.010 0.018 0.229 0.589 
 314 D _   0.010 0.114 0.001 0.028 0.010 0.017 0.233 0.587 
 315 L _   0.010 0.112 0.001 0.026 0.009 0.017 0.238 0.587 
 316 F _   0.010 0.110 0.001 0.024 0.009 0.017 0.243 0.587 
 317 D _   0.010 0.106 0.001 0.023 0.009 0.016 0.249 0.585 
 318 R _   0.011 0.102 0.001 0.023 0.009 0.016 0.256 0.583 
 319 S _   0.011 0.098 0.001 0.023 0.008 0.015 0.263 0.580 
 320 G _   0.011 0.093 0.001 0.023 0.008 0.015 0.271 0.578 
 321 F _   0.011 0.086 0.001 0.023 0.008 0.014 0.280 0.577 
 322 V _   0.011 0.079 0.001 0.022 0.007 0.013 0.290 0.578 
 323 F _   0.010 0.069 0.001 0.020 0.006 0.012 0.300 0.582 
 324 D _   0.009 0.058 0.001 0.017 0.006 0.011 0.310 0.589 
 325 Y _   0.008 0.046 0.001 0.014 0.004 0.009 0.321 0.597 
 326 E _   0.007 0.036 0.001 0.010 0.004 0.008 0.330 0.605 
 327 Y _   0.006 0.027 0.000 0.007 0.003 0.007 0.338 0.611 
 328 D _   0.005 0.022 0.000 0.005 0.002 0.006 0.345 0.614 
 329 W _   0.005 0.018 0.000 0.004 0.002 0.006 0.350 0.614 
 330 A _   0.004 0.017 0.000 0.004 0.002 0.006 0.355 0.612 
 331 G _   0.005 0.017 0.000 0.004 0.002 0.006 0.358 0.607 
 332 K _   0.005 0.019 0.000 0.005 0.002 0.007 0.361 0.600 
 333 P _   0.005 0.022 0.000 0.008 0.003 0.009 0.364 0.588 
 334 L _   0.006 0.028 0.000 0.012 0.004 0.010 0.367 0.573 
 335 P _   0.007 0.036 0.001 0.017 0.006 0.012 0.369 0.553 
 336 T _   0.007 0.045 0.001 0.023 0.007 0.013 0.372 0.532 
 337 P _   0.007 0.052 0.001 0.030 0.008 0.014 0.376 0.512 
 338 I _   0.007 0.057 0.001 0.035 0.009 0.015 0.381 0.495 
 339 G _   0.007 0.059 0.001 0.037 0.010 0.015 0.387 0.484 
 340 T _   0.007 0.060 0.001 0.038 0.009 0.014 0.395 0.476 
 341 V _   0.007 0.058 0.001 0.035 0.009 0.013 0.406 0.472 
 342 H _   0.007 0.054 0.001 0.031 0.007 0.012 0.417 0.472 
 343 T _   0.006 0.047 0.001 0.025 0.006 0.011 0.430 0.475 
 344 D _   0.006 0.039 0.001 0.019 0.005 0.009 0.443 0.478 
 345 L _   0.005 0.031 0.001 0.015 0.004 0.008 0.456 0.481 
 346 P _   0.005 0.024 0.000 0.011 0.003 0.007 0.468 0.482 
 347 S _   0.005 0.019 0.000 0.008 0.002 0.006 0.478 0.481 
 348 Q X   0.004 0.015 0.000 0.007 0.002 0.005 0.487 0.479 
 349 P X   0.004 0.012 0.000 0.006 0.002 0.005 0.495 0.476 
 350 Q X   0.004 0.010 0.000 0.005 0.002 0.005 0.502 0.472 
 351 L X   0.003 0.009 0.000 0.005 0.001 0.004 0.507 0.469 
 352 R X   0.003 0.009 0.000 0.005 0.001 0.004 0.512 0.466 
 353 D X   0.003 0.008 0.000 0.005 0.001 0.004 0.515 0.463 
 354 K X   0.003 0.008 0.000 0.005 0.001 0.004 0.518 0.460 
 355 T X   0.003 0.008 0.000 0.005 0.001 0.004 0.521 0.458 
 356 Q X   0.002 0.008 0.000 0.006 0.001 0.004 0.522 0.456 
 357 P X   0.002 0.009 0.000 0.006 0.001 0.004 0.524 0.454 
 358 H X   0.002 0.009 0.000 0.007 0.001 0.004 0.524 0.452 
 359 S X   0.002 0.010 0.000 0.008 0.002 0.004 0.525 0.449 
 360 K X   0.002 0.012 0.000 0.009 0.002 0.005 0.525 0.445 
 361 N X   0.002 0.013 0.000 0.010 0.002 0.005 0.525 0.441 
 362 Q X   0.003 0.015 0.000 0.012 0.002 0.005 0.526 0.437 
 363 A X   0.003 0.016 0.000 0.013 0.002 0.005 0.526 0.434 
 364 L X   0.003 0.017 0.000 0.014 0.002 0.006 0.527 0.431 
 365 N X   0.003 0.017 0.000 0.014 0.002 0.005 0.529 0.429 
 366 S X   0.003 0.017 0.000 0.013 0.002 0.005 0.531 0.428 
 367 T X   0.003 0.017 0.000 0.012 0.002 0.005 0.533 0.429 
 368 N X   0.003 0.016 0.000 0.010 0.002 0.005 0.535 0.430 
 369 G X   0.003 0.015 0.000 0.008 0.002 0.004 0.537 0.431 
 370 E X   0.002 0.015 0.000 0.007 0.001 0.004 0.539 0.432 
 371 L X   0.002 0.014 0.000 0.006 0.001 0.004 0.540 0.433 
 372 N X   0.002 0.014 0.000 0.005 0.001 0.004 0.541 0.433 
 373 A X   0.002 0.014 0.000 0.004 0.001 0.003 0.541 0.434 
 374 D X   0.002 0.015 0.000 0.004 0.001 0.004 0.540 0.435 
 375 D X   0.002 0.016 0.000 0.004 0.001 0.004 0.538 0.435 
 376 P X   0.002 0.018 0.000 0.005 0.001 0.004 0.535 0.435 
 377 T X   0.002 0.021 0.000 0.005 0.001 0.004 0.531 0.434 
 378 A X   0.002 0.025 0.000 0.006 0.002 0.005 0.526 0.433 
 379 G X   0.003 0.032 0.000 0.007 0.002 0.006 0.520 0.429 
 380 H X   0.003 0.042 0.000 0.009 0.002 0.007 0.513 0.423 
 381 S X   0.003 0.056 0.000 0.011 0.003 0.008 0.505 0.413 
 382 N X   0.003 0.076 0.001 0.013 0.004 0.009 0.495 0.398 
 383 A X   0.004 0.103 0.001 0.016 0.005 0.010 0.484 0.377 
 384 P X   0.004 0.135 0.001 0.019 0.006 0.011 0.473 0.350 
 385 I X   0.004 0.172 0.001 0.021 0.007 0.012 0.462 0.321 
 386 T X   0.004 0.209 0.001 0.023 0.008 0.012 0.453 0.291 
 387 A X   0.004 0.241 0.001 0.024 0.008 0.012 0.445 0.265 
 388 P X   0.004 0.268 0.001 0.024 0.008 0.012 0.440 0.244 
 389 A X   0.004 0.289 0.001 0.024 0.007 0.011 0.436 0.228 
 390 E X   0.004 0.304 0.001 0.023 0.007 0.011 0.434 0.217 
 391 V X   0.004 0.313 0.001 0.022 0.007 0.011 0.433 0.210 
 392 E X   0.004 0.320 0.001 0.020 0.006 0.011 0.433 0.206 
 393 V X   0.004 0.324 0.001 0.019 0.006 0.011 0.434 0.203 
 394 A X   0.004 0.326 0.001 0.018 0.006 0.011 0.436 0.200 
 395 D X   0.004 0.326 0.001 0.017 0.006 0.011 0.438 0.198 
 396 E X   0.004 0.326 0.001 0.017 0.006 0.011 0.441 0.195 
 397 T X   0.005 0.324 0.001 0.017 0.006 0.011 0.445 0.192 
 398 K X   0.005 0.321 0.001 0.018 0.006 0.011 0.449 0.189 
 399 C X   0.005 0.316 0.001 0.020 0.006 0.011 0.455 0.186 
 400 C X   0.005 0.309 0.001 0.021 0.007 0.011 0.462 0.184 
 401 C X   0.006 0.300 0.001 0.023 0.007 0.011 0.470 0.182 
 402 F X   0.006 0.287 0.001 0.024 0.007 0.011 0.481 0.183 
 403 F X   0.006 0.269 0.001 0.024 0.008 0.011 0.495 0.186 
 404 K X   0.007 0.245 0.001 0.024 0.008 0.011 0.512 0.192 
 405 R X   0.007 0.215 0.001 0.024 0.008 0.011 0.533 0.202 
 406 R X   0.007 0.180 0.001 0.022 0.007 0.011 0.557 0.215 
 407 K X   0.007 0.145 0.001 0.020 0.007 0.010 0.582 0.229 
 408 R X   0.006 0.114 0.001 0.017 0.005 0.009 0.607 0.242 
 409 K X   0.005 0.087 0.001 0.014 0.004 0.007 0.631 0.251 
 410 S X   0.003 0.064 0.001 0.011 0.003 0.005 0.653 0.261 
 411 L X   0.002 0.043 0.000 0.007 0.002 0.003 0.672 0.271 
 412 Q X   0.001 0.027 0.000 0.004 0.000 0.001 0.686 0.282 
 413 R X   0.000 0.018 0.000 0.002 0.000 0.000 0.689 0.290 
 414 H X   0.000 0.015 0.000 0.003 0.000 0.000 0.687 0.295 
 415 K X   0.002 0.014 0.001 0.009 0.002 0.002 0.675 0.294 
