#TopoPred_TM8: 8-state transmembrane topology prediction results by no_profile mode 
#probabilities are in the order of H E C I L F X _, the 8 transmembrane topology types used in PDBTM 
   1 M _   0.101 0.000 0.003 0.013 0.018 0.031 0.304 0.529 
   2 T _   0.097 0.000 0.000 0.005 0.007 0.025 0.309 0.556 
   3 A _   0.115 0.000 0.001 0.004 0.006 0.024 0.306 0.545 
   4 P _   0.201 0.000 0.001 0.003 0.009 0.026 0.289 0.471 
   5 W _   0.323 0.000 0.001 0.002 0.015 0.029 0.256 0.374 
   6 V H   0.435 0.000 0.002 0.002 0.023 0.030 0.216 0.292 
   7 A H   0.528 0.000 0.002 0.002 0.028 0.029 0.186 0.225 
   8 L H   0.589 0.000 0.002 0.002 0.029 0.026 0.168 0.184 
   9 A H   0.626 0.000 0.002 0.002 0.029 0.023 0.156 0.162 
  10 L H   0.640 0.000 0.002 0.002 0.029 0.021 0.148 0.158 
  11 L H   0.637 0.000 0.002 0.002 0.029 0.019 0.143 0.169 
  12 W H   0.616 0.000 0.002 0.002 0.028 0.018 0.139 0.196 
  13 G H   0.580 0.000 0.002 0.002 0.026 0.017 0.137 0.237 
  14 S H   0.525 0.000 0.002 0.003 0.022 0.016 0.137 0.296 
  15 L H   0.455 0.000 0.002 0.003 0.018 0.015 0.137 0.370 
  16 C _   0.376 0.000 0.001 0.003 0.014 0.014 0.139 0.453 
  17 A _   0.295 0.000 0.001 0.003 0.010 0.013 0.141 0.537 
  18 G _   0.219 0.000 0.001 0.003 0.007 0.012 0.143 0.615 
  19 S _   0.156 0.000 0.001 0.003 0.005 0.011 0.145 0.679 
  20 G _   0.107 0.000 0.001 0.003 0.004 0.010 0.146 0.729 
  21 R _   0.073 0.000 0.000 0.003 0.003 0.010 0.146 0.764 
  22 G _   0.050 0.001 0.000 0.004 0.003 0.010 0.146 0.786 
  23 E _   0.035 0.001 0.000 0.004 0.003 0.010 0.146 0.799 
  24 A _   0.026 0.003 0.000 0.006 0.004 0.011 0.146 0.805 
  25 E _   0.020 0.005 0.001 0.008 0.004 0.012 0.144 0.806 
  26 T _   0.016 0.009 0.001 0.011 0.005 0.012 0.143 0.803 
  27 R _   0.014 0.014 0.001 0.014 0.006 0.013 0.142 0.796 
  28 E _   0.012 0.020 0.001 0.018 0.007 0.013 0.141 0.789 
  29 C _   0.011 0.025 0.001 0.021 0.007 0.014 0.139 0.782 
  30 I _   0.010 0.029 0.001 0.024 0.008 0.014 0.139 0.777 
  31 Y _   0.009 0.032 0.001 0.025 0.008 0.013 0.138 0.774 
  32 Y _   0.009 0.033 0.001 0.026 0.007 0.013 0.139 0.773 
  33 N _   0.009 0.034 0.001 0.025 0.007 0.013 0.139 0.773 
  34 A _   0.009 0.033 0.001 0.023 0.006 0.012 0.141 0.775 
  35 N _   0.009 0.031 0.001 0.021 0.006 0.011 0.142 0.780 
  36 W _   0.008 0.029 0.001 0.018 0.005 0.010 0.144 0.785 
  37 E _   0.008 0.026 0.001 0.015 0.004 0.009 0.146 0.791 
  38 L _   0.008 0.024 0.000 0.013 0.003 0.008 0.147 0.796 
  39 E _   0.007 0.021 0.000 0.010 0.003 0.008 0.149 0.801 
  40 R _   0.007 0.019 0.000 0.009 0.003 0.007 0.150 0.806 
  41 T _   0.006 0.017 0.000 0.008 0.002 0.007 0.151 0.809 
  42 N _   0.006 0.016 0.000 0.007 0.002 0.006 0.151 0.811 
  43 Q _   0.006 0.016 0.000 0.007 0.002 0.006 0.151 0.812 
  44 S _   0.006 0.016 0.000 0.007 0.002 0.006 0.151 0.812 
  45 G _   0.006 0.016 0.000 0.007 0.002 0.006 0.151 0.812 
  46 L _   0.005 0.017 0.000 0.008 0.002 0.006 0.150 0.812 
  47 E _   0.005 0.018 0.000 0.008 0.002 0.006 0.148 0.812 
  48 R _   0.005 0.019 0.000 0.008 0.002 0.006 0.147 0.813 
  49 C _   0.005 0.020 0.000 0.008 0.002 0.006 0.145 0.814 
  50 E _   0.004 0.023 0.000 0.008 0.002 0.006 0.142 0.815 
  51 G _   0.004 0.026 0.000 0.008 0.002 0.007 0.139 0.814 
  52 E _   0.004 0.030 0.000 0.008 0.002 0.007 0.136 0.812 
  53 Q _   0.004 0.036 0.000 0.010 0.003 0.008 0.132 0.807 
  54 D _   0.005 0.045 0.000 0.012 0.003 0.009 0.127 0.798 
  55 K _   0.005 0.056 0.001 0.015 0.004 0.010 0.123 0.786 
  56 R _   0.005 0.070 0.001 0.019 0.005 0.011 0.118 0.771 
  57 L _   0.006 0.084 0.001 0.023 0.006 0.012 0.114 0.756 
  58 H _   0.006 0.096 0.001 0.026 0.006 0.012 0.110 0.743 
  59 C _   0.006 0.105 0.001 0.027 0.007 0.012 0.106 0.736 
  60 Y _   0.006 0.111 0.001 0.027 0.006 0.012 0.103 0.734 
  61 A _   0.006 0.115 0.001 0.024 0.006 0.011 0.101 0.736 
  62 S _   0.005 0.116 0.001 0.021 0.005 0.011 0.099 0.742 
  63 W _   0.005 0.116 0.001 0.017 0.005 0.010 0.097 0.749 
  64 R _   0.006 0.115 0.000 0.014 0.004 0.010 0.096 0.755 
  65 N _   0.006 0.115 0.000 0.011 0.004 0.010 0.094 0.759 
  66 S _   0.006 0.117 0.000 0.011 0.004 0.011 0.092 0.759 
  67 S _   0.007 0.121 0.000 0.011 0.004 0.012 0.090 0.754 
  68 G _   0.008 0.128 0.001 0.013 0.005 0.013 0.088 0.744 
  69 T _   0.009 0.139 0.001 0.016 0.006 0.015 0.086 0.728 
  70 I _   0.010 0.154 0.001 0.021 0.008 0.016 0.083 0.707 
  71 E _   0.010 0.170 0.001 0.027 0.010 0.017 0.081 0.684 
  72 L _   0.010 0.184 0.001 0.032 0.011 0.018 0.079 0.665 
  73 V _   0.010 0.193 0.001 0.036 0.011 0.018 0.077 0.653 
  74 K _   0.010 0.199 0.001 0.039 0.011 0.017 0.076 0.647 
  75 K _   0.010 0.199 0.001 0.039 0.011 0.017 0.076 0.648 
  76 G _   0.009 0.196 0.001 0.037 0.010 0.015 0.076 0.656 
  77 C _   0.009 0.188 0.001 0.033 0.009 0.014 0.076 0.670 
  78 W _   0.009 0.175 0.001 0.028 0.008 0.013 0.077 0.690 
  79 L _   0.008 0.159 0.001 0.022 0.006 0.011 0.078 0.714 
  80 D _   0.008 0.140 0.001 0.017 0.005 0.010 0.080 0.739 
  81 D _   0.007 0.123 0.001 0.013 0.004 0.009 0.081 0.763 
  82 F _   0.007 0.109 0.000 0.009 0.003 0.008 0.082 0.781 
  83 N _   0.006 0.100 0.000 0.008 0.003 0.008 0.082 0.793 
  84 C _   0.006 0.095 0.000 0.007 0.002 0.008 0.082 0.799 
  85 Y _   0.006 0.093 0.000 0.007 0.002 0.008 0.082 0.802 
  86 D _   0.006 0.094 0.000 0.007 0.003 0.008 0.082 0.800 
  87 R _   0.006 0.097 0.000 0.009 0.003 0.009 0.081 0.795 
  88 Q _   0.006 0.102 0.000 0.011 0.003 0.009 0.080 0.789 
  89 E _   0.006 0.108 0.000 0.012 0.004 0.010 0.078 0.781 
  90 C _   0.006 0.115 0.001 0.014 0.004 0.010 0.077 0.774 
  91 V _   0.006 0.122 0.001 0.014 0.004 0.011 0.075 0.767 
  92 A _   0.006 0.128 0.001 0.015 0.005 0.011 0.074 0.761 
  93 T _   0.006 0.134 0.001 0.014 0.005 0.012 0.072 0.756 
  94 E _   0.006 0.141 0.001 0.014 0.005 0.013 0.071 0.749 
  95 E _   0.007 0.150 0.001 0.015 0.006 0.014 0.069 0.740 
  96 N _   0.007 0.160 0.001 0.016 0.007 0.015 0.067 0.726 
  97 P _   0.008 0.174 0.001 0.019 0.008 0.017 0.066 0.706 
  98 Q _   0.010 0.192 0.001 0.023 0.010 0.019 0.064 0.682 
  99 V _   0.010 0.211 0.001 0.029 0.012 0.020 0.062 0.655 
 100 Y _   0.011 0.227 0.001 0.034 0.013 0.021 0.061 0.632 
 101 F _   0.011 0.240 0.001 0.039 0.014 0.021 0.061 0.614 
 102 C _   0.011 0.247 0.001 0.042 0.014 0.020 0.060 0.605 
 103 C _   0.011 0.249 0.001 0.043 0.014 0.020 0.060 0.603 
 104 C _   0.010 0.247 0.001 0.042 0.013 0.019 0.061 0.607 
 105 E _   0.010 0.240 0.001 0.039 0.012 0.018 0.062 0.618 
 106 G _   0.010 0.228 0.001 0.035 0.011 0.017 0.063 0.635 
 107 N _   0.010 0.212 0.001 0.031 0.010 0.016 0.065 0.656 
 108 F _   0.010 0.192 0.001 0.027 0.009 0.015 0.067 0.680 
 109 C _   0.010 0.170 0.001 0.024 0.008 0.014 0.069 0.705 
 110 N _   0.010 0.147 0.001 0.021 0.007 0.013 0.071 0.729 
 111 E _   0.010 0.126 0.001 0.019 0.006 0.013 0.074 0.752 
 112 R _   0.010 0.107 0.001 0.017 0.005 0.012 0.076 0.772 
 113 F _   0.009 0.091 0.001 0.016 0.005 0.011 0.078 0.790 
 114 T _   0.009 0.076 0.001 0.014 0.004 0.010 0.080 0.805 
 115 H _   0.008 0.064 0.001 0.014 0.004 0.010 0.082 0.818 
 116 L _   0.008 0.054 0.000 0.013 0.004 0.009 0.083 0.829 
 117 P _   0.007 0.045 0.000 0.013 0.003 0.009 0.084 0.838 
 118 E _   0.007 0.037 0.000 0.012 0.003 0.008 0.085 0.847 
 119 A _   0.007 0.030 0.000 0.012 0.003 0.008 0.086 0.854 
 120 G _   0.007 0.023 0.000 0.011 0.003 0.007 0.087 0.862 
 121 G _   0.006 0.018 0.000 0.010 0.003 0.007 0.087 0.870 
 122 P _   0.006 0.012 0.000 0.008 0.002 0.006 0.087 0.877 
 123 E _   0.006 0.008 0.000 0.007 0.002 0.006 0.086 0.885 
 124 V _   0.006 0.005 0.000 0.005 0.002 0.005 0.085 0.891 
 125 T _   0.006 0.002 0.000 0.004 0.001 0.005 0.084 0.897 
 126 Y _   0.008 0.001 0.000 0.003 0.001 0.005 0.082 0.900 
 127 E _   0.011 0.000 0.000 0.002 0.001 0.006 0.079 0.900 
 128 P _   0.018 0.000 0.000 0.002 0.002 0.007 0.075 0.895 
 129 P _   0.036 0.000 0.000 0.002 0.002 0.010 0.070 0.880 
 130 P _   0.069 0.000 0.000 0.002 0.004 0.014 0.064 0.846 
 131 T _   0.127 0.000 0.001 0.003 0.007 0.020 0.056 0.787 
 132 A _   0.210 0.000 0.001 0.003 0.012 0.026 0.047 0.701 
 133 P _   0.310 0.000 0.001 0.004 0.018 0.032 0.038 0.597 
 134 T _   0.410 0.000 0.002 0.004 0.025 0.036 0.029 0.493 
 135 L H   0.498 0.000 0.002 0.004 0.030 0.038 0.023 0.404 
 136 L H   0.569 0.000 0.002 0.004 0.033 0.037 0.018 0.337 
 137 T H   0.624 0.000 0.002 0.003 0.033 0.033 0.015 0.289 
 138 V H   0.668 0.000 0.002 0.003 0.030 0.029 0.013 0.257 
 139 L H   0.701 0.000 0.002 0.002 0.026 0.024 0.011 0.236 
 140 A H   0.725 0.000 0.001 0.001 0.021 0.019 0.010 0.223 
 141 Y H   0.743 0.000 0.001 0.001 0.016 0.014 0.010 0.215 
 142 S H   0.757 0.000 0.001 0.000 0.011 0.011 0.009 0.211 
 143 L H   0.766 0.000 0.001 0.000 0.008 0.008 0.009 0.207 
 144 L H   0.776 0.000 0.001 0.000 0.006 0.007 0.009 0.201 
 145 P H   0.790 0.000 0.001 0.000 0.005 0.005 0.009 0.189 
 146 I H   0.812 0.000 0.001 0.000 0.005 0.005 0.009 0.169 
 147 G H   0.840 0.000 0.001 0.000 0.005 0.004 0.009 0.142 
 148 G H   0.869 0.000 0.001 0.000 0.005 0.004 0.009 0.112 
 149 L H   0.895 0.000 0.001 0.000 0.006 0.004 0.009 0.085 
 150 S H   0.913 0.000 0.001 0.000 0.007 0.003 0.009 0.066 
 151 L H   0.922 0.000 0.001 0.000 0.008 0.004 0.009 0.056 
 152 I H   0.923 0.000 0.001 0.000 0.010 0.004 0.010 0.052 
 153 V H   0.917 0.000 0.001 0.000 0.012 0.004 0.012 0.054 
 154 L H   0.902 0.000 0.001 0.000 0.014 0.005 0.015 0.063 
 155 L H   0.878 0.000 0.001 0.001 0.016 0.006 0.019 0.079 
 156 A H   0.837 0.000 0.002 0.001 0.018 0.007 0.027 0.108 
 157 F H   0.777 0.000 0.002 0.001 0.019 0.009 0.040 0.152 
 158 W H   0.692 0.000 0.002 0.002 0.019 0.010 0.061 0.213 
 159 M H   0.586 0.000 0.002 0.002 0.017 0.011 0.093 0.288 
 160 Y H   0.468 0.000 0.002 0.003 0.014 0.011 0.135 0.367 
 161 R _   0.355 0.000 0.001 0.003 0.011 0.011 0.182 0.436 
 162 H _   0.256 0.000 0.001 0.004 0.008 0.011 0.230 0.491 
 163 R _   0.177 0.000 0.001 0.004 0.006 0.010 0.274 0.528 
 164 K _   0.119 0.000 0.001 0.005 0.005 0.009 0.312 0.548 
 165 P _   0.080 0.000 0.001 0.005 0.004 0.009 0.345 0.555 
 166 P _   0.055 0.000 0.001 0.006 0.003 0.008 0.373 0.554 
 167 Y _   0.038 0.000 0.000 0.007 0.003 0.008 0.396 0.547 
 168 G _   0.027 0.001 0.000 0.007 0.003 0.008 0.415 0.539 
 169 H _   0.019 0.001 0.000 0.008 0.002 0.007 0.432 0.530 
 170 V _   0.015 0.001 0.000 0.008 0.002 0.007 0.445 0.522 
 171 D _   0.011 0.001 0.000 0.008 0.002 0.006 0.457 0.515 
 172 I _   0.009 0.001 0.000 0.007 0.002 0.005 0.466 0.510 
 173 H _   0.007 0.001 0.000 0.005 0.001 0.005 0.474 0.507 
 174 E _   0.006 0.000 0.000 0.004 0.001 0.004 0.479 0.505 
 175 D _   0.005 0.000 0.000 0.003 0.001 0.003 0.483 0.504 
 176 P _   0.004 0.000 0.000 0.003 0.001 0.003 0.485 0.504 
 177 G _   0.003 0.000 0.000 0.002 0.001 0.002 0.486 0.506 
 178 P _   0.003 0.000 0.000 0.002 0.001 0.002 0.485 0.508 
 179 P _   0.003 0.000 0.000 0.001 0.001 0.002 0.482 0.511 
 180 P _   0.003 0.001 0.000 0.002 0.001 0.003 0.477 0.515 
 181 P _   0.003 0.001 0.000 0.002 0.001 0.004 0.470 0.519 
 182 S _   0.003 0.002 0.000 0.003 0.001 0.006 0.461 0.523 
 183 P _   0.004 0.006 0.000 0.005 0.002 0.008 0.449 0.526 
 184 L _   0.005 0.013 0.000 0.009 0.003 0.011 0.432 0.525 
 185 V _   0.006 0.027 0.001 0.015 0.005 0.015 0.412 0.519 
 186 G _   0.007 0.047 0.001 0.022 0.007 0.018 0.389 0.509 
 187 L _   0.007 0.069 0.001 0.029 0.009 0.021 0.365 0.498 
 188 K _   0.007 0.090 0.001 0.035 0.011 0.022 0.343 0.491 
 189 P _   0.007 0.105 0.001 0.039 0.012 0.024 0.324 0.489 
 190 L _   0.007 0.116 0.001 0.040 0.012 0.024 0.308 0.492 
 191 Q _   0.007 0.122 0.001 0.039 0.012 0.025 0.294 0.500 
 192 L _   0.007 0.125 0.001 0.037 0.012 0.025 0.282 0.511 
 193 L _   0.008 0.125 0.001 0.033 0.012 0.025 0.272 0.524 
 194 E _   0.009 0.123 0.001 0.029 0.011 0.025 0.263 0.539 
 195 I _   0.010 0.120 0.001 0.024 0.011 0.026 0.256 0.553 
 196 K _   0.011 0.116 0.001 0.021 0.010 0.026 0.249 0.565 
 197 A _   0.013 0.113 0.001 0.018 0.011 0.027 0.242 0.575 
 198 R _   0.015 0.109 0.001 0.017 0.011 0.029 0.236 0.583 
 199 G _   0.017 0.107 0.001 0.017 0.012 0.030 0.230 0.587 
 200 R _   0.020 0.105 0.001 0.018 0.013 0.031 0.225 0.588 
 201 F _   0.022 0.103 0.001 0.019 0.014 0.032 0.220 0.589 
 202 G _   0.024 0.101 0.001 0.021 0.015 0.032 0.215 0.590 
 203 C _   0.026 0.098 0.001 0.022 0.016 0.033 0.211 0.593 
 204 V _   0.027 0.093 0.001 0.022 0.015 0.032 0.208 0.600 
 205 W _   0.029 0.087 0.001 0.021 0.015 0.032 0.205 0.611 
 206 K _   0.030 0.079 0.001 0.018 0.014 0.031 0.203 0.625 
 207 A _   0.031 0.069 0.001 0.015 0.012 0.030 0.201 0.642 
 208 Q _   0.031 0.060 0.001 0.012 0.011 0.029 0.199 0.657 
 209 L _   0.032 0.054 0.001 0.010 0.010 0.028 0.197 0.669 
 210 M _   0.033 0.049 0.001 0.009 0.010 0.028 0.195 0.675 
 211 N _   0.034 0.048 0.001 0.009 0.010 0.028 0.193 0.677 
 212 D _   0.036 0.048 0.001 0.011 0.011 0.029 0.191 0.672 
 213 F _   0.037 0.050 0.001 0.015 0.013 0.029 0.190 0.665 
 214 V _   0.038 0.053 0.001 0.020 0.014 0.029 0.188 0.656 
 215 A _   0.038 0.054 0.001 0.025 0.015 0.028 0.187 0.650 
 216 V _   0.037 0.055 0.001 0.029 0.016 0.027 0.187 0.648 
 217 K _   0.034 0.053 0.001 0.030 0.015 0.025 0.187 0.655 
 218 I _   0.030 0.049 0.001 0.028 0.013 0.022 0.188 0.669 
 219 F _   0.026 0.042 0.001 0.024 0.010 0.019 0.189 0.690 
 220 P _   0.021 0.032 0.001 0.018 0.008 0.016 0.190 0.714 
 221 L _   0.017 0.021 0.001 0.012 0.005 0.013 0.191 0.739 
 222 Q _   0.014 0.012 0.000 0.008 0.004 0.010 0.192 0.760 
 223 D _   0.011 0.006 0.000 0.005 0.003 0.008 0.192 0.775 
 224 K _   0.009 0.004 0.000 0.003 0.002 0.007 0.191 0.784 
 225 Q _   0.008 0.003 0.000 0.003 0.002 0.007 0.190 0.788 
 226 S _   0.007 0.002 0.000 0.003 0.002 0.007 0.188 0.790 
 227 W _   0.008 0.003 0.000 0.004 0.002 0.008 0.186 0.789 
 228 Q _   0.008 0.004 0.000 0.006 0.003 0.010 0.183 0.786 
 229 S _   0.009 0.006 0.000 0.009 0.004 0.011 0.180 0.780 
 230 E _   0.010 0.010 0.001 0.013 0.006 0.013 0.177 0.772 
 231 R _   0.010 0.013 0.001 0.017 0.007 0.014 0.173 0.765 
 232 E _   0.010 0.016 0.001 0.020 0.008 0.015 0.170 0.761 
 233 I _   0.010 0.017 0.001 0.021 0.008 0.015 0.167 0.760 
 234 F _   0.010 0.018 0.001 0.020 0.008 0.015 0.165 0.763 
 235 S _   0.010 0.018 0.001 0.018 0.007 0.015 0.163 0.769 
 236 T _   0.010 0.017 0.001 0.015 0.006 0.015 0.161 0.775 
 237 P _   0.010 0.016 0.001 0.012 0.006 0.015 0.159 0.782 
 238 G _   0.011 0.016 0.001 0.009 0.005 0.015 0.157 0.787 
 239 M _   0.011 0.015 0.001 0.008 0.005 0.015 0.155 0.789 
 240 K _   0.012 0.016 0.001 0.008 0.005 0.017 0.153 0.787 
 241 H _   0.014 0.018 0.001 0.010 0.007 0.018 0.151 0.781 
 242 E _   0.016 0.022 0.001 0.014 0.009 0.020 0.149 0.770 
 243 N _   0.017 0.027 0.001 0.020 0.011 0.022 0.146 0.756 
 244 L _   0.018 0.032 0.001 0.027 0.013 0.023 0.144 0.740 
 245 L _   0.019 0.036 0.001 0.034 0.014 0.024 0.143 0.728 
 246 Q _   0.019 0.038 0.001 0.038 0.015 0.023 0.141 0.724 
 247 F _   0.018 0.038 0.001 0.038 0.014 0.022 0.141 0.727 
 248 I _   0.017 0.035 0.001 0.035 0.012 0.020 0.141 0.738 
 249 A _   0.016 0.030 0.001 0.028 0.010 0.018 0.141 0.756 
 250 A _   0.015 0.022 0.001 0.019 0.007 0.016 0.142 0.778 
 251 E _   0.014 0.013 0.001 0.012 0.005 0.014 0.142 0.799 
 252 K _   0.013 0.007 0.000 0.006 0.003 0.013 0.142 0.815 
 253 R _   0.013 0.003 0.000 0.004 0.003 0.013 0.141 0.823 
 254 G _   0.014 0.002 0.000 0.002 0.002 0.014 0.140 0.824 
 255 S _   0.018 0.002 0.000 0.002 0.003 0.017 0.139 0.819 
 256 N _   0.025 0.002 0.000 0.003 0.005 0.022 0.137 0.805 
 257 L _   0.035 0.006 0.001 0.006 0.009 0.029 0.135 0.780 
 258 E _   0.046 0.016 0.001 0.012 0.016 0.037 0.132 0.740 
 259 V _   0.056 0.037 0.002 0.023 0.026 0.044 0.128 0.684 
 260 E _   0.063 0.065 0.002 0.037 0.034 0.048 0.125 0.625 
 261 L _   0.066 0.088 0.002 0.051 0.039 0.050 0.123 0.581 
 262 W _   0.066 0.102 0.002 0.061 0.040 0.049 0.122 0.557 
 263 L _   0.063 0.108 0.002 0.066 0.039 0.047 0.122 0.553 
 264 I _   0.058 0.108 0.002 0.065 0.036 0.043 0.123 0.565 
 265 T _   0.052 0.102 0.002 0.057 0.030 0.038 0.125 0.593 
 266 A _   0.045 0.089 0.002 0.046 0.024 0.032 0.128 0.634 
 267 F _   0.037 0.068 0.002 0.034 0.017 0.027 0.131 0.684 
 268 H _   0.030 0.045 0.001 0.022 0.012 0.022 0.134 0.735 
 269 D _   0.023 0.025 0.001 0.013 0.007 0.017 0.136 0.777 
 270 K _   0.018 0.012 0.001 0.008 0.005 0.014 0.137 0.806 
 271 G _   0.014 0.005 0.000 0.005 0.003 0.012 0.138 0.823 
 272 S _   0.011 0.003 0.000 0.003 0.002 0.010 0.138 0.832 
 273 L _   0.010 0.001 0.000 0.003 0.002 0.010 0.138 0.836 
 274 T _   0.009 0.001 0.000 0.003 0.002 0.011 0.137 0.837 
 275 D _   0.010 0.001 0.000 0.003 0.002 0.012 0.136 0.835 
 276 Y _   0.012 0.001 0.000 0.004 0.003 0.015 0.134 0.831 
 277 L _   0.014 0.002 0.000 0.006 0.004 0.018 0.132 0.823 
 278 K _   0.019 0.002 0.001 0.007 0.006 0.023 0.130 0.813 
 279 G _   0.024 0.004 0.001 0.009 0.008 0.028 0.127 0.800 
 280 N _   0.032 0.005 0.001 0.010 0.011 0.034 0.124 0.784 
 281 I _   0.041 0.008 0.001 0.012 0.014 0.040 0.121 0.763 
 282 I _   0.053 0.010 0.001 0.013 0.020 0.047 0.118 0.738 
 283 T _   0.066 0.014 0.002 0.014 0.025 0.054 0.115 0.711 
 284 W _   0.079 0.018 0.002 0.015 0.032 0.060 0.112 0.682 
 285 N _   0.092 0.023 0.002 0.017 0.038 0.065 0.110 0.653 
 286 E _   0.103 0.029 0.002 0.019 0.044 0.069 0.109 0.625 
 287 L _   0.111 0.035 0.002 0.022 0.049 0.071 0.108 0.602 
 288 C _   0.118 0.041 0.002 0.025 0.052 0.071 0.107 0.583 
 289 H _   0.121 0.046 0.002 0.029 0.053 0.069 0.107 0.572 
 290 V _   0.122 0.050 0.002 0.032 0.051 0.066 0.108 0.569 
 291 A _   0.118 0.053 0.002 0.034 0.047 0.061 0.110 0.574 
 292 E _   0.110 0.053 0.002 0.035 0.042 0.056 0.112 0.589 
 293 T _   0.101 0.050 0.002 0.033 0.036 0.050 0.115 0.613 
 294 M _   0.088 0.045 0.002 0.030 0.029 0.044 0.119 0.643 
 295 S _   0.075 0.038 0.002 0.024 0.022 0.037 0.122 0.679 
 296 R _   0.061 0.030 0.001 0.019 0.016 0.031 0.126 0.715 
 297 G _   0.049 0.022 0.001 0.015 0.012 0.026 0.130 0.747 
 298 L _   0.038 0.015 0.001 0.011 0.008 0.021 0.133 0.772 
 299 S _   0.029 0.011 0.001 0.009 0.006 0.017 0.136 0.792 
 300 Y _   0.022 0.008 0.001 0.007 0.005 0.015 0.138 0.805 
 301 L _   0.017 0.006 0.000 0.007 0.004 0.013 0.140 0.813 
 302 H _   0.014 0.005 0.000 0.007 0.003 0.011 0.142 0.817 
 303 E _   0.012 0.005 0.000 0.007 0.003 0.010 0.143 0.819 
 304 D _   0.011 0.004 0.000 0.008 0.003 0.010 0.144 0.820 
 305 V _   0.009 0.004 0.000 0.008 0.003 0.009 0.145 0.820 
 306 P _   0.009 0.004 0.000 0.009 0.003 0.009 0.146 0.820 
 307 W _   0.008 0.004 0.000 0.009 0.003 0.008 0.146 0.820 
 308 C _   0.008 0.004 0.000 0.009 0.003 0.008 0.147 0.820 
 309 R _   0.007 0.004 0.000 0.009 0.003 0.008 0.147 0.821 
 310 G _   0.007 0.004 0.000 0.009 0.003 0.008 0.148 0.821 
 311 E _   0.006 0.004 0.000 0.009 0.003 0.007 0.148 0.822 
 312 G _   0.006 0.003 0.000 0.009 0.003 0.007 0.148 0.823 
 313 H _   0.006 0.003 0.000 0.008 0.003 0.007 0.148 0.824 
 314 K _   0.006 0.003 0.000 0.008 0.003 0.007 0.149 0.824 
 315 P _   0.006 0.003 0.000 0.008 0.003 0.007 0.148 0.824 
 316 S _   0.005 0.003 0.000 0.009 0.003 0.007 0.148 0.824 
 317 I _   0.005 0.003 0.000 0.009 0.003 0.007 0.148 0.824 
 318 A _   0.005 0.003 0.000 0.009 0.003 0.008 0.148 0.824 
 319 H _   0.005 0.003 0.000 0.009 0.003 0.008 0.147 0.825 
 320 R _   0.005 0.003 0.000 0.009 0.003 0.008 0.146 0.826 
 321 D _   0.005 0.002 0.000 0.008 0.003 0.009 0.146 0.826 
 322 F _   0.006 0.002 0.000 0.008 0.003 0.009 0.145 0.826 
 323 K _   0.006 0.002 0.000 0.007 0.003 0.010 0.144 0.826 
 324 S _   0.007 0.002 0.000 0.007 0.003 0.012 0.144 0.825 
 325 K _   0.009 0.002 0.000 0.007 0.003 0.014 0.142 0.823 
 326 N _   0.012 0.002 0.000 0.006 0.004 0.016 0.141 0.818 
 327 V _   0.017 0.002 0.001 0.006 0.005 0.020 0.139 0.811 
 328 L _   0.024 0.002 0.001 0.006 0.006 0.024 0.138 0.799 
 329 L _   0.035 0.002 0.001 0.007 0.008 0.030 0.136 0.782 
 330 K _   0.049 0.003 0.001 0.007 0.011 0.036 0.133 0.758 
 331 S _   0.067 0.005 0.001 0.008 0.016 0.043 0.131 0.727 
 332 D _   0.089 0.008 0.001 0.010 0.023 0.051 0.129 0.690 
 333 L _   0.111 0.013 0.002 0.012 0.030 0.058 0.127 0.647 
 334 T _   0.133 0.020 0.002 0.015 0.038 0.062 0.126 0.605 
 335 A _   0.151 0.029 0.002 0.018 0.043 0.065 0.125 0.566 
 336 V _   0.164 0.038 0.002 0.023 0.047 0.066 0.125 0.534 
 337 L _   0.172 0.047 0.002 0.027 0.049 0.065 0.127 0.512 
 338 A _   0.173 0.054 0.002 0.032 0.048 0.062 0.129 0.500 
 339 D _   0.168 0.059 0.002 0.036 0.045 0.058 0.132 0.501 
 340 F _   0.158 0.061 0.002 0.038 0.041 0.053 0.135 0.511 
 341 G _   0.144 0.060 0.002 0.039 0.035 0.047 0.140 0.533 
 342 L _   0.124 0.057 0.002 0.037 0.028 0.041 0.146 0.564 
 343 A _   0.103 0.050 0.002 0.033 0.022 0.034 0.153 0.603 
 344 V _   0.082 0.041 0.001 0.028 0.015 0.028 0.160 0.644 
 345 R _   0.063 0.031 0.001 0.021 0.010 0.022 0.166 0.686 
 346 F _   0.046 0.021 0.001 0.015 0.006 0.017 0.171 0.724 
 347 E _   0.032 0.012 0.001 0.010 0.004 0.012 0.175 0.754 
 348 P _   0.022 0.007 0.000 0.006 0.003 0.009 0.178 0.775 
 349 G _   0.014 0.004 0.000 0.004 0.002 0.006 0.179 0.790 
 350 K _   0.010 0.003 0.000 0.003 0.001 0.005 0.179 0.799 
 351 P _   0.007 0.002 0.000 0.002 0.001 0.004 0.179 0.805 
 352 P _   0.005 0.002 0.000 0.002 0.001 0.004 0.177 0.808 
 353 G _   0.004 0.003 0.000 0.003 0.001 0.005 0.174 0.810 
 354 D _   0.004 0.005 0.000 0.004 0.001 0.006 0.170 0.809 
 355 T _   0.005 0.010 0.000 0.006 0.002 0.008 0.164 0.805 
 356 H _   0.006 0.020 0.000 0.009 0.003 0.010 0.157 0.794 
 357 G _   0.006 0.039 0.001 0.015 0.005 0.013 0.147 0.774 
 358 Q _   0.007 0.066 0.001 0.021 0.007 0.016 0.135 0.747 
 359 V _   0.007 0.100 0.001 0.028 0.009 0.019 0.122 0.714 
 360 G _   0.008 0.134 0.001 0.034 0.011 0.021 0.109 0.682 
 361 T _   0.008 0.164 0.001 0.038 0.012 0.024 0.097 0.655 
 362 R _   0.008 0.189 0.001 0.042 0.014 0.025 0.087 0.632 
 363 R _   0.009 0.208 0.001 0.045 0.015 0.027 0.078 0.616 
 364 Y _   0.010 0.222 0.001 0.046 0.017 0.028 0.071 0.605 
 365 M _   0.010 0.231 0.001 0.048 0.018 0.030 0.064 0.597 
 366 A _   0.012 0.237 0.001 0.048 0.019 0.031 0.059 0.594 
 367 P _   0.013 0.239 0.001 0.048 0.020 0.031 0.054 0.594 
 368 E _   0.015 0.237 0.001 0.048 0.020 0.031 0.050 0.597 
 369 V _   0.017 0.232 0.002 0.047 0.021 0.031 0.047 0.604 
 370 L _   0.020 0.223 0.002 0.045 0.020 0.031 0.044 0.615 
 371 E _   0.023 0.207 0.002 0.043 0.020 0.031 0.041 0.634 
 372 G _   0.027 0.183 0.002 0.039 0.019 0.030 0.039 0.662 
 373 A _   0.033 0.150 0.002 0.033 0.018 0.029 0.037 0.697 
 374 I _   0.041 0.111 0.002 0.027 0.016 0.028 0.036 0.739 
 375 N _   0.052 0.071 0.002 0.020 0.014 0.027 0.034 0.781 
 376 F _   0.066 0.037 0.001 0.013 0.012 0.026 0.033 0.812 
 377 Q _   0.082 0.015 0.001 0.008 0.009 0.024 0.031 0.829 
 378 R _   0.105 0.005 0.001 0.005 0.008 0.023 0.029 0.826 
 379 D _   0.134 0.001 0.001 0.003 0.006 0.021 0.026 0.807 
 380 A _   0.176 0.000 0.001 0.002 0.006 0.020 0.024 0.771 
 381 F _   0.233 0.000 0.001 0.002 0.007 0.020 0.021 0.717 
 382 L _   0.306 0.000 0.001 0.001 0.008 0.020 0.019 0.645 
 383 R _   0.394 0.000 0.001 0.001 0.010 0.021 0.016 0.557 
 384 I H   0.488 0.000 0.001 0.001 0.013 0.021 0.014 0.461 
 385 D H   0.579 0.000 0.001 0.001 0.016 0.021 0.012 0.369 
 386 M H   0.657 0.000 0.001 0.001 0.019 0.021 0.011 0.289 
 387 Y H   0.718 0.000 0.001 0.001 0.021 0.020 0.010 0.227 
 388 A H   0.759 0.000 0.001 0.001 0.024 0.020 0.010 0.185 
 389 M H   0.786 0.000 0.001 0.001 0.025 0.019 0.010 0.157 
 390 G H   0.798 0.000 0.001 0.002 0.026 0.018 0.011 0.144 
 391 L H   0.796 0.000 0.001 0.002 0.027 0.017 0.012 0.144 
 392 V H   0.781 0.000 0.002 0.002 0.028 0.017 0.014 0.156 
 393 L H   0.749 0.000 0.002 0.003 0.028 0.017 0.017 0.184 
 394 W H   0.699 0.000 0.002 0.004 0.026 0.017 0.022 0.230 
 395 E H   0.628 0.000 0.002 0.004 0.024 0.017 0.028 0.296 
 396 L H   0.536 0.000 0.002 0.005 0.020 0.016 0.036 0.384 
 397 V _   0.434 0.000 0.002 0.006 0.016 0.016 0.045 0.481 
 398 S _   0.333 0.000 0.001 0.006 0.012 0.014 0.055 0.578 
 399 R _   0.244 0.000 0.001 0.006 0.009 0.013 0.065 0.663 
 400 C _   0.169 0.000 0.001 0.005 0.006 0.011 0.074 0.735 
 401 K _   0.112 0.000 0.001 0.004 0.004 0.009 0.081 0.789 
 402 A _   0.070 0.000 0.000 0.004 0.003 0.008 0.086 0.828 
 403 A _   0.044 0.000 0.000 0.003 0.002 0.007 0.090 0.854 
 404 D _   0.027 0.000 0.000 0.003 0.002 0.006 0.093 0.869 
 405 G _   0.018 0.000 0.000 0.003 0.002 0.006 0.095 0.876 
 406 P _   0.013 0.001 0.000 0.003 0.002 0.006 0.096 0.878 
 407 V _   0.011 0.002 0.000 0.004 0.002 0.007 0.097 0.876 
 408 D _   0.010 0.004 0.000 0.006 0.003 0.009 0.098 0.869 
 409 E _   0.010 0.007 0.000 0.010 0.004 0.010 0.098 0.859 
 410 Y _   0.010 0.012 0.001 0.015 0.005 0.012 0.098 0.846 
 411 M _   0.011 0.018 0.001 0.021 0.006 0.013 0.098 0.832 
 412 L _   0.010 0.022 0.001 0.025 0.007 0.014 0.099 0.822 
 413 P _   0.010 0.024 0.001 0.028 0.008 0.014 0.100 0.816 
 414 F _   0.009 0.025 0.001 0.027 0.007 0.013 0.101 0.815 
 415 E _   0.009 0.025 0.001 0.025 0.006 0.012 0.103 0.820 
 416 E _   0.008 0.023 0.001 0.020 0.005 0.011 0.105 0.828 
 417 E _   0.007 0.021 0.000 0.014 0.004 0.010 0.106 0.838 
 418 I _   0.007 0.018 0.000 0.009 0.003 0.009 0.107 0.846 
 419 G _   0.006 0.016 0.000 0.006 0.002 0.008 0.108 0.852 
 420 Q _   0.006 0.016 0.000 0.005 0.002 0.008 0.109 0.854 
 421 H _   0.006 0.016 0.000 0.004 0.002 0.010 0.109 0.853 
 422 P _   0.007 0.019 0.000 0.005 0.003 0.012 0.108 0.846 
 423 S _   0.009 0.026 0.000 0.007 0.004 0.015 0.107 0.830 
 424 L _   0.012 0.043 0.001 0.013 0.007 0.019 0.106 0.800 
 425 E _   0.014 0.074 0.001 0.021 0.011 0.024 0.103 0.752 
 426 E _   0.016 0.119 0.002 0.031 0.015 0.027 0.100 0.690 
 427 L _   0.017 0.163 0.002 0.043 0.018 0.029 0.097 0.631 
 428 Q _   0.017 0.198 0.002 0.053 0.020 0.030 0.095 0.585 
 429 E _   0.016 0.220 0.002 0.060 0.021 0.030 0.094 0.557 
 430 V _   0.016 0.230 0.002 0.064 0.022 0.029 0.094 0.543 
 431 V _   0.016 0.234 0.002 0.065 0.021 0.028 0.095 0.539 
 432 V _   0.017 0.231 0.002 0.061 0.020 0.027 0.097 0.546 
 433 H _   0.017 0.220 0.002 0.055 0.019 0.025 0.099 0.563 
 434 K _   0.017 0.201 0.002 0.048 0.017 0.023 0.103 0.591 
 435 K _   0.016 0.170 0.002 0.039 0.014 0.021 0.108 0.630 
 436 M _   0.016 0.131 0.001 0.030 0.012 0.019 0.114 0.677 
 437 R _   0.015 0.090 0.001 0.022 0.009 0.017 0.120 0.726 
 438 P _   0.013 0.054 0.001 0.015 0.007 0.015 0.126 0.770 
 439 T _   0.012 0.030 0.001 0.010 0.005 0.013 0.130 0.801 
 440 I _   0.011 0.015 0.000 0.006 0.003 0.011 0.133 0.820 
 441 K _   0.010 0.008 0.000 0.004 0.002 0.011 0.135 0.830 
 442 D _   0.010 0.004 0.000 0.003 0.002 0.011 0.136 0.833 
 443 H _   0.011 0.003 0.000 0.003 0.002 0.012 0.137 0.832 
 444 W _   0.013 0.002 0.000 0.003 0.002 0.014 0.137 0.827 
 445 L _   0.018 0.003 0.000 0.003 0.003 0.018 0.137 0.817 
 446 K _   0.025 0.004 0.001 0.004 0.005 0.024 0.136 0.801 
 447 H _   0.035 0.007 0.001 0.006 0.009 0.031 0.135 0.776 
 448 P _   0.047 0.014 0.001 0.010 0.016 0.039 0.133 0.739 
 449 G _   0.061 0.027 0.002 0.015 0.025 0.048 0.132 0.690 
 450 L _   0.073 0.047 0.002 0.023 0.035 0.055 0.130 0.635 
 451 A _   0.082 0.068 0.003 0.033 0.044 0.059 0.129 0.583 
 452 Q _   0.088 0.086 0.003 0.044 0.049 0.061 0.129 0.541 
 453 L _   0.090 0.099 0.003 0.052 0.051 0.060 0.129 0.516 
 454 C _   0.088 0.105 0.003 0.058 0.050 0.057 0.132 0.507 
 455 V _   0.084 0.107 0.003 0.060 0.046 0.052 0.135 0.514 
 456 T _   0.077 0.102 0.002 0.056 0.040 0.047 0.140 0.537 
 457 I _   0.068 0.092 0.002 0.047 0.032 0.040 0.145 0.573 
 458 E _   0.058 0.074 0.002 0.036 0.023 0.034 0.152 0.622 
 459 E _   0.047 0.050 0.002 0.024 0.016 0.027 0.158 0.676 
 460 C _   0.036 0.028 0.001 0.014 0.010 0.021 0.163 0.727 
 461 W _   0.026 0.012 0.001 0.008 0.006 0.017 0.167 0.764 
 462 D _   0.019 0.005 0.000 0.004 0.003 0.014 0.169 0.786 
 463 H _   0.014 0.002 0.000 0.003 0.002 0.012 0.171 0.797 
 464 D _   0.012 0.001 0.000 0.002 0.002 0.011 0.171 0.801 
 465 A _   0.012 0.001 0.000 0.002 0.002 0.012 0.172 0.800 
 466 E _   0.013 0.001 0.000 0.003 0.003 0.014 0.172 0.795 
 467 A _   0.016 0.002 0.000 0.004 0.004 0.017 0.171 0.785 
 468 R _   0.020 0.005 0.001 0.007 0.006 0.022 0.170 0.769 
 469 L _   0.025 0.010 0.001 0.011 0.010 0.027 0.169 0.747 
 470 S _   0.030 0.018 0.001 0.017 0.015 0.033 0.167 0.719 
 471 A _   0.035 0.026 0.001 0.023 0.020 0.037 0.166 0.691 
 472 G _   0.039 0.034 0.002 0.029 0.025 0.041 0.165 0.665 
 473 C _   0.044 0.040 0.002 0.033 0.029 0.044 0.164 0.645 
 474 V _   0.047 0.044 0.002 0.036 0.031 0.045 0.165 0.630 
 475 E _   0.049 0.046 0.002 0.037 0.032 0.045 0.166 0.622 
 476 E _   0.051 0.046 0.002 0.036 0.032 0.044 0.168 0.621 
 477 R _   0.051 0.044 0.002 0.035 0.030 0.042 0.171 0.626 
 478 V _   0.050 0.040 0.002 0.031 0.027 0.039 0.175 0.636 
 479 S _   0.048 0.035 0.002 0.027 0.022 0.035 0.180 0.651 
 480 L _   0.045 0.027 0.001 0.022 0.018 0.031 0.185 0.669 
 481 I _   0.043 0.020 0.001 0.017 0.014 0.027 0.191 0.688 
 482 R _   0.040 0.012 0.001 0.012 0.010 0.023 0.196 0.705 
 483 R _   0.038 0.006 0.001 0.008 0.007 0.020 0.200 0.719 
 484 S _   0.038 0.003 0.001 0.005 0.005 0.017 0.204 0.728 
 485 V _   0.040 0.001 0.000 0.003 0.003 0.016 0.207 0.730 
 486 N _   0.047 0.000 0.000 0.002 0.003 0.015 0.209 0.724 
 487 G _   0.059 0.000 0.000 0.001 0.003 0.017 0.210 0.709 
 488 T _   0.082 0.000 0.000 0.001 0.004 0.019 0.212 0.681 
 489 T _   0.117 0.000 0.001 0.001 0.007 0.024 0.213 0.637 
 490 S _   0.166 0.000 0.001 0.002 0.011 0.031 0.215 0.574 
 491 D _   0.221 0.000 0.001 0.002 0.020 0.039 0.217 0.499 
 492 C _   0.276 0.001 0.002 0.004 0.033 0.048 0.221 0.417 
 493 L _   0.321 0.003 0.002 0.006 0.048 0.055 0.227 0.339 
 494 V H   0.351 0.007 0.003 0.010 0.061 0.059 0.235 0.274 
 495 S H   0.367 0.013 0.003 0.016 0.071 0.061 0.247 0.224 
 496 L H   0.367 0.018 0.003 0.022 0.075 0.060 0.263 0.191 
 497 V H   0.355 0.022 0.004 0.028 0.076 0.057 0.284 0.174 
 498 T H   0.332 0.024 0.004 0.032 0.073 0.054 0.311 0.170 
 499 S X   0.299 0.024 0.004 0.034 0.066 0.049 0.346 0.178 
 500 V X   0.257 0.022 0.004 0.034 0.055 0.044 0.389 0.195 
 501 T X   0.210 0.018 0.003 0.031 0.042 0.038 0.439 0.219 
 502 N X   0.162 0.013 0.002 0.025 0.028 0.031 0.493 0.245 
 503 V X   0.116 0.009 0.002 0.019 0.017 0.024 0.546 0.268 
 504 D X   0.078 0.005 0.001 0.013 0.010 0.018 0.591 0.285 
 505 L X   0.048 0.003 0.001 0.009 0.006 0.012 0.627 0.294 
 506 P X   0.027 0.002 0.000 0.006 0.003 0.008 0.657 0.296 
 507 P X   0.013 0.001 0.000 0.004 0.002 0.005 0.681 0.295 
 508 K X   0.004 0.000 0.000 0.002 0.001 0.002 0.698 0.293 
 509 E X   0.001 0.000 0.000 0.001 0.000 0.000 0.707 0.290 
 510 S X   0.000 0.000 0.000 0.001 0.000 0.000 0.709 0.290 
 511 S X   0.000 0.000 0.000 0.001 0.000 0.000 0.707 0.291 
 512 I X   0.002 0.001 0.001 0.007 0.002 0.002 0.696 0.290 
