#TopoPred_TM8: 8-state transmembrane topology prediction results by no_profile mode 
#probabilities are in the order of H E C I L F X _, the 8 transmembrane topology types used in PDBTM 
   1 M X   0.021 0.001 0.002 0.038 0.011 0.012 0.471 0.443 
   2 R _   0.007 0.000 0.000 0.016 0.002 0.005 0.479 0.490 
   3 G _   0.004 0.000 0.000 0.006 0.001 0.003 0.477 0.509 
   4 A _   0.010 0.000 0.000 0.003 0.001 0.004 0.466 0.515 
   5 R _   0.039 0.000 0.001 0.003 0.003 0.008 0.442 0.505 
   6 G _   0.121 0.000 0.001 0.002 0.007 0.014 0.398 0.457 
   7 A _   0.248 0.000 0.001 0.002 0.010 0.019 0.349 0.370 
   8 W H   0.387 0.000 0.001 0.002 0.014 0.023 0.300 0.273 
   9 D H   0.501 0.000 0.001 0.002 0.018 0.024 0.263 0.191 
  10 F H   0.579 0.000 0.002 0.002 0.022 0.024 0.238 0.133 
  11 L H   0.629 0.000 0.002 0.002 0.026 0.022 0.224 0.096 
  12 C H   0.659 0.000 0.001 0.002 0.027 0.020 0.216 0.074 
  13 V H   0.676 0.000 0.001 0.002 0.027 0.018 0.212 0.063 
  14 L H   0.681 0.000 0.001 0.002 0.027 0.017 0.211 0.061 
  15 L H   0.675 0.000 0.001 0.002 0.028 0.016 0.212 0.067 
  16 L H   0.657 0.000 0.002 0.002 0.027 0.015 0.215 0.082 
  17 L H   0.626 0.000 0.002 0.002 0.026 0.015 0.220 0.108 
  18 L H   0.577 0.000 0.002 0.003 0.024 0.014 0.229 0.150 
  19 R H   0.511 0.000 0.002 0.003 0.021 0.014 0.243 0.206 
  20 V H   0.430 0.000 0.002 0.004 0.017 0.014 0.261 0.273 
  21 Q _   0.342 0.000 0.001 0.005 0.013 0.013 0.283 0.343 
  22 T _   0.258 0.000 0.001 0.005 0.009 0.012 0.306 0.408 
  23 G _   0.186 0.000 0.001 0.006 0.007 0.010 0.328 0.462 
  24 S _   0.127 0.000 0.001 0.006 0.005 0.009 0.348 0.504 
  25 S _   0.084 0.000 0.001 0.005 0.004 0.008 0.364 0.535 
  26 Q _   0.054 0.000 0.000 0.005 0.003 0.007 0.376 0.555 
  27 P _   0.034 0.000 0.000 0.005 0.002 0.006 0.386 0.567 
  28 S _   0.022 0.000 0.000 0.004 0.002 0.005 0.393 0.574 
  29 V _   0.014 0.000 0.000 0.004 0.001 0.004 0.398 0.578 
  30 S _   0.009 0.000 0.000 0.003 0.001 0.004 0.402 0.580 
  31 P _   0.007 0.000 0.000 0.003 0.001 0.003 0.404 0.582 
  32 G _   0.005 0.000 0.000 0.003 0.001 0.003 0.405 0.583 
  33 E _   0.004 0.001 0.000 0.003 0.001 0.003 0.404 0.584 
  34 P _   0.003 0.001 0.000 0.003 0.001 0.003 0.403 0.585 
  35 S _   0.003 0.002 0.000 0.003 0.001 0.004 0.400 0.587 
  36 P _   0.003 0.003 0.000 0.004 0.001 0.004 0.396 0.590 
  37 P _   0.003 0.004 0.000 0.004 0.001 0.005 0.391 0.592 
  38 S _   0.003 0.007 0.000 0.005 0.002 0.006 0.384 0.593 
  39 I _   0.003 0.012 0.000 0.007 0.002 0.007 0.376 0.592 
  40 H _   0.004 0.021 0.000 0.009 0.003 0.009 0.366 0.587 
  41 P _   0.005 0.034 0.001 0.013 0.004 0.011 0.355 0.579 
  42 G _   0.005 0.053 0.001 0.017 0.006 0.013 0.342 0.564 
  43 K _   0.006 0.076 0.001 0.022 0.007 0.016 0.327 0.545 
  44 S _   0.006 0.102 0.001 0.026 0.009 0.018 0.313 0.524 
  45 D _   0.007 0.128 0.001 0.031 0.010 0.020 0.300 0.503 
  46 L _   0.007 0.151 0.001 0.034 0.012 0.021 0.288 0.486 
  47 I _   0.007 0.170 0.001 0.037 0.013 0.022 0.277 0.471 
  48 V _   0.008 0.184 0.001 0.039 0.014 0.023 0.269 0.462 
  49 R _   0.008 0.193 0.001 0.040 0.014 0.024 0.262 0.457 
  50 V _   0.009 0.199 0.001 0.040 0.015 0.024 0.256 0.456 
  51 G _   0.010 0.201 0.001 0.039 0.015 0.025 0.252 0.458 
  52 D _   0.011 0.200 0.001 0.037 0.015 0.025 0.248 0.463 
  53 E _   0.012 0.196 0.001 0.033 0.014 0.025 0.246 0.472 
  54 I _   0.013 0.188 0.001 0.029 0.013 0.024 0.245 0.486 
  55 R _   0.014 0.177 0.001 0.024 0.012 0.024 0.244 0.503 
  56 L _   0.015 0.164 0.001 0.019 0.011 0.024 0.244 0.522 
  57 L _   0.016 0.151 0.001 0.015 0.009 0.023 0.244 0.541 
  58 C _   0.016 0.139 0.001 0.011 0.008 0.023 0.244 0.558 
  59 T _   0.017 0.131 0.001 0.009 0.007 0.023 0.244 0.568 
  60 D _   0.017 0.127 0.001 0.009 0.007 0.024 0.243 0.572 
  61 P _   0.019 0.127 0.001 0.009 0.008 0.025 0.242 0.569 
  62 G _   0.020 0.130 0.001 0.012 0.010 0.026 0.241 0.561 
  63 F _   0.022 0.136 0.001 0.017 0.012 0.026 0.240 0.546 
  64 V _   0.022 0.144 0.001 0.024 0.014 0.027 0.240 0.529 
  65 K _   0.022 0.151 0.001 0.031 0.015 0.026 0.239 0.514 
  66 W _   0.021 0.156 0.001 0.038 0.016 0.025 0.240 0.504 
  67 T _   0.020 0.156 0.001 0.042 0.015 0.023 0.242 0.501 
  68 F _   0.018 0.152 0.001 0.042 0.014 0.021 0.244 0.508 
  69 E _   0.016 0.143 0.001 0.039 0.012 0.018 0.248 0.523 
  70 I _   0.014 0.126 0.001 0.033 0.010 0.015 0.253 0.549 
  71 L _   0.012 0.102 0.001 0.025 0.007 0.013 0.258 0.581 
  72 D _   0.010 0.075 0.001 0.018 0.005 0.010 0.264 0.618 
  73 E _   0.009 0.049 0.001 0.011 0.004 0.008 0.268 0.650 
  74 T _   0.007 0.032 0.000 0.007 0.002 0.006 0.271 0.674 
  75 N _   0.005 0.022 0.000 0.004 0.002 0.005 0.273 0.688 
  76 E _   0.004 0.018 0.000 0.003 0.001 0.005 0.274 0.695 
  77 N _   0.004 0.016 0.000 0.003 0.001 0.005 0.274 0.697 
  78 K _   0.004 0.017 0.000 0.003 0.001 0.005 0.272 0.697 
  79 Q _   0.004 0.019 0.000 0.005 0.002 0.006 0.270 0.694 
  80 N _   0.005 0.023 0.000 0.008 0.002 0.007 0.267 0.687 
  81 E _   0.005 0.031 0.000 0.012 0.003 0.009 0.262 0.676 
  82 W _   0.005 0.042 0.001 0.018 0.004 0.010 0.257 0.662 
  83 I _   0.006 0.053 0.001 0.024 0.005 0.011 0.251 0.648 
  84 T _   0.006 0.063 0.001 0.029 0.006 0.012 0.246 0.637 
  85 E _   0.006 0.070 0.001 0.033 0.007 0.012 0.242 0.630 
  86 K _   0.005 0.074 0.001 0.034 0.007 0.012 0.239 0.627 
  87 A _   0.005 0.076 0.001 0.033 0.007 0.012 0.237 0.630 
  88 E _   0.005 0.075 0.001 0.031 0.006 0.011 0.236 0.635 
  89 A _   0.005 0.072 0.001 0.027 0.006 0.010 0.236 0.643 
  90 T _   0.005 0.068 0.001 0.023 0.005 0.010 0.236 0.652 
  91 N _   0.005 0.063 0.001 0.020 0.004 0.009 0.236 0.662 
  92 T _   0.005 0.058 0.000 0.016 0.004 0.008 0.237 0.672 
  93 G _   0.005 0.052 0.000 0.013 0.003 0.008 0.237 0.681 
  94 K _   0.005 0.047 0.000 0.011 0.003 0.007 0.237 0.690 
  95 Y _   0.005 0.042 0.000 0.008 0.002 0.007 0.237 0.698 
  96 T _   0.004 0.039 0.000 0.007 0.002 0.006 0.237 0.705 
  97 C _   0.004 0.037 0.000 0.006 0.002 0.006 0.235 0.710 
  98 T _   0.004 0.037 0.000 0.005 0.002 0.007 0.233 0.712 
  99 N _   0.004 0.038 0.000 0.005 0.002 0.007 0.230 0.713 
 100 K _   0.005 0.042 0.000 0.006 0.002 0.009 0.227 0.709 
 101 H _   0.006 0.050 0.000 0.008 0.004 0.011 0.222 0.699 
 102 G _   0.007 0.066 0.001 0.012 0.006 0.014 0.216 0.678 
 103 L _   0.009 0.093 0.001 0.017 0.008 0.017 0.209 0.645 
 104 S _   0.010 0.130 0.001 0.024 0.011 0.020 0.201 0.602 
 105 N _   0.011 0.171 0.001 0.031 0.014 0.022 0.194 0.556 
 106 S _   0.011 0.207 0.001 0.037 0.015 0.024 0.188 0.516 
 107 I _   0.011 0.234 0.001 0.041 0.016 0.024 0.183 0.489 
 108 Y _   0.012 0.251 0.001 0.043 0.016 0.025 0.180 0.473 
 109 V _   0.012 0.260 0.001 0.042 0.016 0.025 0.178 0.467 
 110 F _   0.013 0.263 0.001 0.039 0.015 0.024 0.177 0.468 
 111 V _   0.013 0.262 0.001 0.035 0.015 0.024 0.176 0.474 
 112 R _   0.013 0.259 0.001 0.030 0.013 0.023 0.177 0.484 
 113 D _   0.013 0.252 0.001 0.027 0.012 0.022 0.178 0.494 
 114 P _   0.014 0.245 0.001 0.024 0.011 0.022 0.179 0.505 
 115 A _   0.014 0.238 0.001 0.022 0.010 0.021 0.181 0.513 
 116 K _   0.014 0.231 0.001 0.022 0.010 0.020 0.183 0.520 
 117 L _   0.013 0.224 0.001 0.024 0.009 0.019 0.185 0.525 
 118 F _   0.013 0.216 0.001 0.025 0.009 0.018 0.188 0.530 
 119 L _   0.012 0.207 0.001 0.027 0.009 0.016 0.191 0.537 
 120 V _   0.012 0.193 0.001 0.027 0.009 0.015 0.195 0.548 
 121 D _   0.011 0.175 0.001 0.026 0.008 0.014 0.200 0.564 
 122 R _   0.011 0.151 0.001 0.024 0.007 0.013 0.205 0.588 
 123 S _   0.010 0.120 0.001 0.020 0.006 0.011 0.211 0.620 
 124 L _   0.009 0.086 0.001 0.016 0.005 0.010 0.218 0.656 
 125 Y _   0.008 0.056 0.001 0.011 0.004 0.008 0.223 0.689 
 126 G _   0.007 0.035 0.000 0.007 0.003 0.007 0.227 0.713 
 127 K _   0.006 0.023 0.000 0.005 0.002 0.006 0.230 0.728 
 128 E _   0.005 0.017 0.000 0.003 0.001 0.005 0.232 0.736 
 129 D _   0.005 0.015 0.000 0.003 0.001 0.006 0.232 0.738 
 130 N _   0.005 0.014 0.000 0.003 0.002 0.006 0.233 0.737 
 131 D _   0.006 0.015 0.000 0.005 0.002 0.007 0.232 0.733 
 132 T _   0.006 0.018 0.000 0.008 0.003 0.009 0.231 0.725 
 133 L _   0.007 0.023 0.000 0.012 0.004 0.011 0.229 0.714 
 134 V _   0.008 0.029 0.001 0.017 0.005 0.012 0.227 0.701 
 135 R _   0.008 0.035 0.001 0.022 0.006 0.013 0.225 0.690 
 136 C _   0.008 0.039 0.001 0.025 0.007 0.013 0.224 0.683 
 137 P _   0.008 0.042 0.001 0.027 0.007 0.013 0.223 0.679 
 138 L _   0.007 0.043 0.001 0.027 0.007 0.013 0.223 0.680 
 139 T _   0.007 0.042 0.001 0.025 0.006 0.012 0.223 0.684 
 140 D _   0.007 0.040 0.001 0.022 0.006 0.012 0.224 0.689 
 141 P _   0.007 0.037 0.001 0.019 0.005 0.011 0.225 0.695 
 142 E _   0.007 0.034 0.001 0.016 0.004 0.010 0.227 0.701 
 143 V _   0.007 0.031 0.000 0.014 0.004 0.009 0.228 0.705 
 144 T _   0.007 0.028 0.000 0.013 0.004 0.009 0.230 0.709 
 145 N _   0.007 0.025 0.000 0.012 0.003 0.008 0.231 0.713 
 146 Y _   0.007 0.023 0.000 0.011 0.003 0.008 0.233 0.716 
 147 S _   0.006 0.020 0.000 0.010 0.003 0.007 0.234 0.719 
 148 L _   0.006 0.018 0.000 0.009 0.003 0.007 0.234 0.722 
 149 K _   0.006 0.016 0.000 0.009 0.002 0.007 0.234 0.726 
 150 G _   0.005 0.015 0.000 0.008 0.002 0.006 0.234 0.730 
 151 C _   0.005 0.014 0.000 0.007 0.002 0.006 0.233 0.733 
 152 Q _   0.005 0.013 0.000 0.006 0.002 0.005 0.232 0.737 
 153 G _   0.004 0.012 0.000 0.006 0.002 0.005 0.230 0.740 
 154 K _   0.004 0.013 0.000 0.006 0.002 0.005 0.228 0.742 
 155 P _   0.004 0.013 0.000 0.006 0.002 0.005 0.225 0.744 
 156 L _   0.004 0.015 0.000 0.006 0.002 0.006 0.222 0.745 
 157 P _   0.004 0.017 0.000 0.007 0.002 0.006 0.218 0.746 
 158 K _   0.004 0.020 0.000 0.008 0.002 0.007 0.214 0.745 
 159 D _   0.004 0.024 0.000 0.009 0.003 0.007 0.209 0.744 
 160 L _   0.004 0.028 0.000 0.010 0.003 0.008 0.203 0.743 
 161 R _   0.005 0.034 0.000 0.010 0.003 0.008 0.197 0.742 
 162 F _   0.005 0.040 0.000 0.011 0.003 0.009 0.191 0.741 
 163 I _   0.005 0.048 0.000 0.011 0.003 0.010 0.184 0.738 
 164 P _   0.005 0.057 0.001 0.012 0.004 0.011 0.177 0.733 
 165 D _   0.005 0.069 0.001 0.013 0.004 0.012 0.170 0.726 
 166 P _   0.006 0.085 0.001 0.014 0.005 0.014 0.162 0.713 
 167 K _   0.007 0.106 0.001 0.017 0.007 0.016 0.153 0.693 
 168 A _   0.008 0.134 0.001 0.020 0.009 0.018 0.144 0.667 
 169 G _   0.009 0.167 0.001 0.024 0.010 0.020 0.134 0.634 
 170 I _   0.009 0.202 0.001 0.027 0.012 0.021 0.125 0.601 
 171 M _   0.010 0.234 0.001 0.030 0.013 0.022 0.118 0.572 
 172 I _   0.011 0.261 0.001 0.032 0.013 0.023 0.111 0.548 
 173 K _   0.011 0.280 0.001 0.033 0.014 0.023 0.105 0.532 
 174 S _   0.011 0.293 0.001 0.032 0.014 0.024 0.100 0.524 
 175 V _   0.012 0.302 0.001 0.031 0.014 0.024 0.097 0.520 
 176 K _   0.012 0.306 0.001 0.030 0.014 0.023 0.093 0.520 
 177 R _   0.012 0.308 0.001 0.029 0.013 0.023 0.091 0.522 
 178 A _   0.013 0.309 0.001 0.029 0.013 0.023 0.088 0.525 
 179 Y _   0.013 0.307 0.001 0.029 0.013 0.022 0.087 0.528 
 180 H _   0.014 0.303 0.001 0.030 0.013 0.021 0.085 0.533 
 181 R _   0.014 0.297 0.001 0.031 0.013 0.020 0.084 0.540 
 182 L _   0.014 0.287 0.001 0.031 0.012 0.019 0.084 0.552 
 183 C _   0.014 0.271 0.001 0.031 0.012 0.018 0.084 0.569 
 184 L _   0.014 0.249 0.001 0.030 0.011 0.017 0.085 0.594 
 185 H _   0.014 0.217 0.001 0.027 0.010 0.015 0.086 0.630 
 186 C _   0.013 0.175 0.001 0.024 0.009 0.014 0.087 0.677 
 187 S _   0.012 0.129 0.001 0.019 0.007 0.013 0.089 0.729 
 188 V _   0.011 0.087 0.001 0.015 0.006 0.012 0.090 0.779 
 189 D _   0.010 0.053 0.001 0.010 0.004 0.011 0.091 0.820 
 190 Q _   0.009 0.031 0.000 0.007 0.003 0.009 0.091 0.849 
 191 E _   0.008 0.019 0.000 0.005 0.002 0.009 0.091 0.866 
 192 G _   0.008 0.013 0.000 0.004 0.002 0.009 0.090 0.874 
 193 K _   0.008 0.011 0.000 0.004 0.002 0.009 0.089 0.877 
 194 S _   0.008 0.010 0.000 0.004 0.003 0.010 0.088 0.876 
 195 V _   0.009 0.010 0.000 0.006 0.003 0.012 0.086 0.873 
 196 L _   0.010 0.012 0.000 0.008 0.004 0.014 0.084 0.866 
 197 S _   0.011 0.014 0.001 0.012 0.006 0.017 0.082 0.858 
 198 E _   0.013 0.017 0.001 0.015 0.008 0.019 0.079 0.848 
 199 K _   0.014 0.020 0.001 0.018 0.009 0.021 0.076 0.840 
 200 F _   0.015 0.023 0.001 0.020 0.010 0.023 0.074 0.833 
 201 I _   0.016 0.025 0.001 0.022 0.011 0.024 0.072 0.829 
 202 L _   0.018 0.026 0.001 0.021 0.012 0.025 0.070 0.827 
 203 K _   0.019 0.026 0.001 0.020 0.012 0.026 0.068 0.827 
 204 V _   0.021 0.026 0.001 0.018 0.012 0.027 0.067 0.828 
 205 R _   0.023 0.025 0.001 0.017 0.012 0.027 0.066 0.830 
 206 P _   0.025 0.024 0.001 0.015 0.012 0.028 0.065 0.831 
 207 A _   0.027 0.023 0.001 0.014 0.012 0.028 0.064 0.831 
 208 F _   0.029 0.023 0.001 0.013 0.012 0.028 0.064 0.831 
 209 K _   0.030 0.023 0.001 0.013 0.012 0.029 0.063 0.830 
 210 A _   0.031 0.023 0.001 0.013 0.012 0.029 0.063 0.829 
 211 V _   0.031 0.024 0.001 0.014 0.012 0.028 0.062 0.828 
 212 P _   0.031 0.024 0.001 0.014 0.012 0.028 0.062 0.827 
 213 V _   0.030 0.025 0.001 0.015 0.012 0.027 0.062 0.827 
 214 V _   0.029 0.026 0.001 0.016 0.012 0.027 0.062 0.828 
 215 S _   0.028 0.026 0.001 0.016 0.011 0.026 0.062 0.830 
 216 V _   0.026 0.026 0.001 0.015 0.011 0.025 0.062 0.835 
 217 S _   0.024 0.026 0.001 0.014 0.010 0.023 0.062 0.840 
 218 K _   0.022 0.025 0.001 0.013 0.009 0.023 0.062 0.846 
 219 A _   0.020 0.025 0.001 0.011 0.008 0.022 0.062 0.851 
 220 S _   0.019 0.025 0.001 0.010 0.007 0.021 0.062 0.856 
 221 Y _   0.018 0.025 0.001 0.009 0.007 0.021 0.062 0.857 
 222 L _   0.018 0.026 0.001 0.009 0.007 0.022 0.061 0.857 
 223 L _   0.019 0.029 0.001 0.009 0.007 0.022 0.061 0.852 
 224 R _   0.020 0.033 0.001 0.010 0.008 0.024 0.060 0.844 
 225 E _   0.021 0.040 0.001 0.012 0.010 0.026 0.060 0.831 
 226 G _   0.022 0.049 0.001 0.016 0.012 0.027 0.059 0.813 
 227 E _   0.023 0.061 0.001 0.020 0.015 0.029 0.059 0.792 
 228 E _   0.024 0.073 0.001 0.025 0.017 0.030 0.058 0.771 
 229 F _   0.025 0.085 0.001 0.029 0.019 0.031 0.058 0.752 
 230 T _   0.025 0.094 0.001 0.033 0.020 0.031 0.058 0.738 
 231 V _   0.025 0.099 0.001 0.036 0.020 0.030 0.059 0.730 
 232 T _   0.024 0.102 0.001 0.036 0.019 0.028 0.060 0.730 
 233 C _   0.023 0.102 0.001 0.034 0.017 0.027 0.061 0.735 
 234 T _   0.021 0.100 0.001 0.031 0.015 0.024 0.063 0.744 
 235 I _   0.020 0.095 0.001 0.028 0.013 0.022 0.064 0.757 
 236 K _   0.018 0.089 0.001 0.023 0.011 0.020 0.066 0.771 
 237 D _   0.016 0.083 0.001 0.020 0.009 0.018 0.068 0.784 
 238 V _   0.015 0.076 0.001 0.018 0.008 0.017 0.071 0.795 
 239 S _   0.014 0.070 0.001 0.017 0.007 0.016 0.073 0.803 
 240 S _   0.013 0.065 0.001 0.016 0.006 0.015 0.075 0.810 
 241 S _   0.013 0.060 0.001 0.016 0.006 0.014 0.077 0.815 
 242 V _   0.012 0.055 0.001 0.016 0.006 0.013 0.079 0.818 
 243 Y _   0.011 0.050 0.001 0.016 0.005 0.012 0.082 0.823 
 244 S _   0.010 0.045 0.001 0.015 0.005 0.011 0.084 0.829 
 245 T _   0.010 0.039 0.001 0.014 0.004 0.010 0.086 0.836 
 246 W _   0.009 0.033 0.001 0.012 0.004 0.009 0.089 0.844 
 247 K _   0.008 0.027 0.000 0.010 0.003 0.008 0.091 0.852 
 248 R _   0.007 0.022 0.000 0.009 0.003 0.008 0.092 0.859 
 249 E _   0.007 0.018 0.000 0.007 0.002 0.007 0.094 0.864 
 250 N _   0.006 0.015 0.000 0.007 0.002 0.007 0.095 0.867 
 251 S _   0.006 0.014 0.000 0.007 0.002 0.007 0.096 0.868 
 252 Q _   0.006 0.013 0.000 0.007 0.002 0.007 0.097 0.867 
 253 T _   0.006 0.012 0.000 0.008 0.002 0.007 0.098 0.866 
 254 K _   0.007 0.012 0.000 0.009 0.003 0.007 0.098 0.864 
 255 L _   0.006 0.013 0.000 0.010 0.003 0.008 0.098 0.862 
 256 Q _   0.006 0.013 0.000 0.011 0.003 0.008 0.098 0.861 
 257 E _   0.006 0.013 0.000 0.012 0.003 0.008 0.098 0.860 
 258 K _   0.006 0.013 0.000 0.011 0.003 0.008 0.097 0.861 
 259 Y _   0.006 0.013 0.000 0.011 0.003 0.007 0.097 0.863 
 260 N _   0.005 0.013 0.000 0.009 0.003 0.007 0.097 0.866 
 261 S _   0.005 0.012 0.000 0.008 0.002 0.007 0.096 0.869 
 262 W _   0.005 0.012 0.000 0.007 0.002 0.006 0.095 0.871 
 263 H _   0.005 0.013 0.000 0.007 0.002 0.006 0.094 0.873 
 264 H _   0.005 0.014 0.000 0.007 0.002 0.007 0.092 0.874 
 265 G _   0.005 0.015 0.000 0.007 0.002 0.007 0.090 0.873 
 266 D _   0.005 0.018 0.000 0.008 0.003 0.008 0.088 0.869 
 267 F _   0.005 0.023 0.000 0.010 0.003 0.010 0.085 0.863 
 268 N _   0.006 0.030 0.001 0.013 0.004 0.011 0.082 0.853 
 269 Y _   0.007 0.039 0.001 0.017 0.006 0.013 0.078 0.839 
 270 E _   0.007 0.051 0.001 0.022 0.007 0.015 0.075 0.823 
 271 R _   0.007 0.062 0.001 0.028 0.009 0.016 0.071 0.806 
 272 Q _   0.008 0.072 0.001 0.034 0.010 0.017 0.068 0.791 
 273 A _   0.008 0.079 0.001 0.038 0.011 0.018 0.065 0.781 
 274 T _   0.008 0.083 0.001 0.040 0.011 0.018 0.063 0.776 
 275 L _   0.008 0.084 0.001 0.039 0.011 0.017 0.061 0.778 
 276 T _   0.008 0.083 0.001 0.036 0.010 0.017 0.060 0.785 
 277 I _   0.008 0.079 0.001 0.031 0.009 0.016 0.059 0.796 
 278 S _   0.008 0.073 0.001 0.025 0.008 0.016 0.058 0.811 
 279 S _   0.009 0.065 0.001 0.019 0.007 0.015 0.058 0.827 
 280 A _   0.009 0.057 0.001 0.014 0.006 0.015 0.057 0.841 
 281 R _   0.009 0.051 0.001 0.011 0.005 0.016 0.057 0.850 
 282 V _   0.011 0.047 0.001 0.009 0.005 0.017 0.056 0.854 
 283 N _   0.013 0.046 0.001 0.010 0.006 0.019 0.055 0.850 
 284 D _   0.015 0.047 0.001 0.012 0.008 0.022 0.054 0.840 
 285 S _   0.018 0.051 0.001 0.017 0.011 0.025 0.053 0.824 
 286 G _   0.022 0.056 0.001 0.024 0.014 0.028 0.051 0.804 
 287 V _   0.024 0.061 0.001 0.032 0.017 0.030 0.050 0.785 
 288 F _   0.025 0.064 0.001 0.038 0.019 0.030 0.050 0.772 
 289 M _   0.025 0.065 0.002 0.042 0.020 0.030 0.049 0.769 
 290 C _   0.024 0.062 0.001 0.040 0.019 0.029 0.049 0.776 
 291 Y _   0.022 0.056 0.001 0.035 0.016 0.026 0.049 0.794 
 292 A _   0.020 0.046 0.001 0.028 0.013 0.024 0.049 0.818 
 293 N _   0.019 0.034 0.001 0.020 0.011 0.022 0.049 0.845 
 294 N _   0.018 0.022 0.001 0.013 0.008 0.020 0.050 0.870 
 295 T _   0.017 0.013 0.001 0.008 0.006 0.019 0.050 0.887 
 296 F _   0.016 0.008 0.001 0.006 0.005 0.019 0.050 0.896 
 297 G _   0.016 0.006 0.000 0.005 0.005 0.019 0.049 0.899 
 298 S _   0.018 0.005 0.001 0.005 0.005 0.021 0.049 0.897 
 299 A _   0.019 0.005 0.001 0.007 0.006 0.023 0.049 0.890 
 300 N _   0.022 0.006 0.001 0.009 0.008 0.026 0.048 0.880 
 301 V _   0.024 0.007 0.001 0.013 0.011 0.029 0.047 0.868 
 302 T _   0.026 0.009 0.001 0.017 0.013 0.031 0.047 0.856 
 303 T _   0.029 0.010 0.001 0.019 0.015 0.033 0.046 0.847 
 304 T _   0.030 0.010 0.001 0.020 0.015 0.035 0.046 0.842 
 305 L _   0.032 0.010 0.001 0.020 0.016 0.036 0.045 0.840 
 306 E _   0.034 0.010 0.001 0.017 0.015 0.037 0.045 0.840 
 307 V _   0.036 0.009 0.001 0.015 0.014 0.038 0.045 0.842 
 308 V _   0.040 0.008 0.001 0.012 0.014 0.039 0.045 0.842 
 309 D _   0.044 0.007 0.001 0.009 0.014 0.041 0.045 0.839 
 310 K _   0.051 0.007 0.001 0.008 0.014 0.043 0.045 0.831 
 311 G _   0.058 0.008 0.001 0.008 0.016 0.045 0.045 0.819 
 312 F _   0.066 0.010 0.001 0.009 0.019 0.049 0.045 0.801 
 313 I _   0.073 0.014 0.001 0.012 0.024 0.052 0.045 0.780 
 314 N _   0.078 0.020 0.002 0.016 0.029 0.054 0.046 0.755 
 315 I _   0.082 0.028 0.002 0.021 0.034 0.056 0.046 0.731 
 316 F _   0.083 0.036 0.002 0.028 0.038 0.056 0.047 0.710 
 317 P _   0.082 0.043 0.002 0.034 0.039 0.054 0.048 0.696 
 318 M _   0.078 0.048 0.002 0.039 0.038 0.051 0.050 0.692 
 319 I _   0.072 0.050 0.002 0.042 0.036 0.047 0.052 0.698 
 320 N _   0.064 0.050 0.002 0.042 0.031 0.042 0.055 0.713 
 321 T _   0.055 0.047 0.002 0.038 0.026 0.036 0.058 0.737 
 322 T _   0.047 0.042 0.002 0.032 0.020 0.031 0.062 0.766 
 323 V _   0.038 0.034 0.001 0.025 0.014 0.025 0.066 0.797 
 324 F _   0.030 0.025 0.001 0.017 0.010 0.020 0.069 0.827 
 325 V _   0.023 0.018 0.001 0.011 0.006 0.016 0.073 0.851 
 326 N _   0.018 0.013 0.001 0.007 0.004 0.013 0.075 0.869 
 327 D _   0.014 0.010 0.000 0.005 0.003 0.011 0.077 0.880 
 328 G _   0.012 0.009 0.000 0.004 0.003 0.010 0.078 0.884 
 329 E _   0.011 0.009 0.000 0.004 0.003 0.010 0.079 0.884 
 330 N _   0.010 0.010 0.000 0.005 0.003 0.011 0.080 0.879 
 331 V _   0.011 0.014 0.000 0.008 0.004 0.012 0.081 0.870 
 332 D _   0.011 0.020 0.001 0.012 0.005 0.013 0.081 0.857 
 333 L _   0.012 0.028 0.001 0.017 0.006 0.014 0.082 0.841 
 334 I _   0.012 0.036 0.001 0.021 0.007 0.015 0.082 0.826 
 335 V _   0.012 0.043 0.001 0.025 0.008 0.015 0.083 0.815 
 336 E _   0.011 0.046 0.001 0.025 0.008 0.014 0.084 0.811 
 337 Y _   0.010 0.048 0.001 0.023 0.007 0.013 0.085 0.812 
 338 E _   0.009 0.048 0.001 0.020 0.006 0.012 0.087 0.818 
 339 A _   0.008 0.047 0.001 0.015 0.005 0.011 0.088 0.826 
 340 F _   0.007 0.045 0.000 0.011 0.004 0.010 0.089 0.833 
 341 P _   0.007 0.045 0.000 0.008 0.003 0.010 0.090 0.837 
 342 K _   0.007 0.045 0.000 0.007 0.003 0.010 0.091 0.836 
 343 P _   0.007 0.048 0.000 0.007 0.003 0.011 0.092 0.831 
 344 E _   0.008 0.055 0.000 0.009 0.004 0.013 0.092 0.817 
 345 H _   0.010 0.069 0.001 0.014 0.006 0.015 0.092 0.794 
 346 Q _   0.011 0.091 0.001 0.021 0.008 0.017 0.092 0.759 
 347 Q _   0.012 0.117 0.001 0.030 0.011 0.019 0.092 0.718 
 348 W _   0.012 0.143 0.001 0.040 0.012 0.020 0.092 0.680 
 349 I _   0.012 0.160 0.001 0.049 0.013 0.020 0.093 0.651 
 350 Y _   0.012 0.170 0.001 0.055 0.014 0.020 0.094 0.634 
 351 M _   0.011 0.174 0.001 0.057 0.013 0.019 0.097 0.628 
 352 N _   0.011 0.172 0.001 0.055 0.012 0.018 0.100 0.631 
 353 R _   0.011 0.165 0.001 0.050 0.011 0.016 0.104 0.643 
 354 T _   0.010 0.150 0.001 0.042 0.009 0.015 0.109 0.662 
 355 F _   0.010 0.128 0.001 0.034 0.008 0.013 0.116 0.690 
 356 T _   0.010 0.101 0.001 0.026 0.006 0.011 0.122 0.723 
 357 D _   0.009 0.074 0.001 0.019 0.005 0.010 0.129 0.754 
 358 K _   0.008 0.051 0.001 0.013 0.003 0.008 0.135 0.780 
 359 W _   0.007 0.035 0.000 0.009 0.002 0.007 0.139 0.800 
 360 E _   0.006 0.025 0.000 0.006 0.002 0.006 0.142 0.812 
 361 D _   0.005 0.020 0.000 0.005 0.001 0.005 0.143 0.820 
 362 Y _   0.005 0.017 0.000 0.004 0.001 0.005 0.144 0.825 
 363 P _   0.004 0.015 0.000 0.003 0.001 0.005 0.143 0.828 
 364 K _   0.004 0.015 0.000 0.004 0.001 0.005 0.142 0.829 
 365 S _   0.004 0.017 0.000 0.004 0.001 0.006 0.140 0.828 
 366 E _   0.004 0.021 0.000 0.006 0.002 0.007 0.136 0.824 
 367 N _   0.005 0.028 0.000 0.008 0.003 0.009 0.132 0.815 
 368 E _   0.006 0.042 0.001 0.011 0.004 0.012 0.126 0.799 
 369 S _   0.007 0.064 0.001 0.016 0.006 0.015 0.119 0.773 
 370 N _   0.008 0.097 0.001 0.023 0.008 0.018 0.110 0.735 
 371 I _   0.008 0.137 0.001 0.031 0.010 0.021 0.101 0.691 
 372 R _   0.009 0.177 0.001 0.038 0.013 0.022 0.092 0.648 
 373 Y _   0.009 0.212 0.001 0.044 0.014 0.024 0.085 0.611 
 374 V _   0.009 0.237 0.001 0.049 0.015 0.025 0.079 0.585 
 375 S _   0.010 0.252 0.001 0.052 0.016 0.025 0.074 0.571 
 376 E _   0.010 0.260 0.001 0.051 0.016 0.025 0.071 0.566 
 377 L _   0.010 0.262 0.001 0.049 0.015 0.024 0.068 0.570 
 378 H _   0.011 0.259 0.001 0.044 0.014 0.024 0.066 0.581 
 379 L _   0.011 0.251 0.001 0.038 0.013 0.023 0.065 0.599 
 380 T _   0.012 0.237 0.001 0.031 0.012 0.022 0.063 0.622 
 381 R _   0.012 0.221 0.001 0.024 0.010 0.022 0.062 0.648 
 382 L _   0.012 0.204 0.001 0.019 0.009 0.021 0.062 0.672 
 383 K _   0.012 0.191 0.001 0.016 0.008 0.021 0.061 0.690 
 384 G _   0.013 0.182 0.001 0.015 0.008 0.021 0.060 0.701 
 385 T _   0.013 0.176 0.001 0.016 0.009 0.022 0.059 0.705 
 386 E _   0.014 0.173 0.001 0.018 0.010 0.022 0.058 0.705 
 387 G _   0.014 0.171 0.001 0.023 0.011 0.022 0.056 0.702 
 388 G _   0.014 0.168 0.001 0.027 0.012 0.022 0.056 0.700 
 389 T _   0.014 0.163 0.001 0.031 0.012 0.022 0.055 0.702 
 390 Y _   0.014 0.155 0.001 0.032 0.012 0.021 0.055 0.711 
 391 T _   0.013 0.141 0.001 0.031 0.012 0.019 0.055 0.729 
 392 F _   0.012 0.120 0.001 0.027 0.010 0.018 0.055 0.757 
 393 L _   0.012 0.093 0.001 0.021 0.009 0.017 0.055 0.793 
 394 V _   0.011 0.065 0.001 0.015 0.007 0.016 0.055 0.830 
 395 S _   0.011 0.042 0.001 0.010 0.005 0.016 0.055 0.860 
 396 N _   0.011 0.028 0.001 0.006 0.004 0.016 0.055 0.878 
 397 S _   0.013 0.021 0.000 0.005 0.004 0.018 0.055 0.884 
 398 D _   0.015 0.019 0.000 0.005 0.005 0.020 0.054 0.881 
 399 V _   0.020 0.020 0.001 0.007 0.007 0.024 0.053 0.869 
 400 N _   0.026 0.023 0.001 0.011 0.011 0.029 0.052 0.848 
 401 A _   0.031 0.029 0.001 0.018 0.016 0.034 0.051 0.819 
 402 A _   0.037 0.037 0.002 0.027 0.021 0.038 0.049 0.789 
 403 I _   0.040 0.044 0.002 0.036 0.025 0.040 0.048 0.764 
 404 A _   0.042 0.049 0.002 0.043 0.027 0.041 0.048 0.750 
 405 F _   0.042 0.050 0.002 0.044 0.027 0.040 0.047 0.748 
 406 N _   0.041 0.048 0.002 0.042 0.025 0.038 0.047 0.757 
 407 V _   0.039 0.043 0.002 0.036 0.022 0.035 0.047 0.775 
 408 Y _   0.036 0.035 0.001 0.028 0.018 0.032 0.048 0.800 
 409 V _   0.033 0.026 0.001 0.021 0.014 0.029 0.049 0.826 
 410 N _   0.031 0.017 0.001 0.014 0.011 0.026 0.049 0.851 
 411 T _   0.029 0.009 0.001 0.010 0.008 0.024 0.050 0.870 
 412 K _   0.027 0.005 0.001 0.007 0.006 0.022 0.050 0.882 
 413 P _   0.027 0.002 0.001 0.005 0.005 0.021 0.050 0.889 
 414 E _   0.028 0.001 0.000 0.004 0.004 0.021 0.050 0.891 
 415 I _   0.030 0.001 0.000 0.004 0.004 0.021 0.050 0.889 
 416 L _   0.035 0.000 0.001 0.003 0.005 0.023 0.050 0.883 
 417 T _   0.042 0.000 0.001 0.004 0.005 0.026 0.049 0.874 
 418 Y _   0.052 0.000 0.001 0.004 0.007 0.029 0.048 0.860 
 419 D _   0.064 0.000 0.001 0.004 0.009 0.033 0.048 0.841 
 420 R _   0.079 0.001 0.001 0.005 0.012 0.038 0.047 0.817 
 421 L _   0.096 0.002 0.001 0.006 0.017 0.044 0.046 0.788 
 422 V _   0.115 0.003 0.001 0.008 0.024 0.050 0.045 0.754 
 423 N _   0.133 0.005 0.002 0.011 0.031 0.055 0.044 0.719 
 424 G _   0.150 0.009 0.002 0.014 0.038 0.059 0.044 0.684 
 425 M _   0.163 0.013 0.002 0.019 0.043 0.061 0.044 0.654 
 426 L _   0.170 0.017 0.002 0.024 0.046 0.061 0.044 0.634 
 427 Q _   0.172 0.020 0.002 0.028 0.047 0.060 0.045 0.626 
 428 C _   0.168 0.021 0.002 0.030 0.045 0.056 0.046 0.631 
 429 V _   0.159 0.021 0.002 0.029 0.040 0.052 0.048 0.649 
 430 A _   0.145 0.020 0.002 0.026 0.034 0.047 0.050 0.677 
 431 A _   0.128 0.017 0.002 0.022 0.027 0.041 0.052 0.711 
 432 G _   0.109 0.013 0.002 0.017 0.021 0.035 0.054 0.749 
 433 F _   0.090 0.009 0.001 0.013 0.015 0.030 0.056 0.785 
 434 P _   0.073 0.006 0.001 0.010 0.010 0.025 0.058 0.817 
 435 E _   0.057 0.004 0.001 0.007 0.008 0.021 0.059 0.842 
 436 P _   0.044 0.003 0.001 0.006 0.006 0.018 0.061 0.861 
 437 T _   0.034 0.003 0.001 0.006 0.005 0.016 0.062 0.874 
 438 I _   0.027 0.003 0.001 0.006 0.004 0.015 0.062 0.883 
 439 D _   0.022 0.003 0.000 0.006 0.004 0.013 0.063 0.889 
 440 W _   0.018 0.004 0.000 0.006 0.004 0.013 0.063 0.892 
 441 Y _   0.015 0.004 0.000 0.007 0.004 0.012 0.064 0.893 
 442 F _   0.013 0.006 0.000 0.007 0.004 0.012 0.063 0.894 
 443 C _   0.012 0.007 0.000 0.008 0.004 0.012 0.063 0.893 
 444 P _   0.011 0.010 0.001 0.008 0.004 0.013 0.063 0.892 
 445 G _   0.010 0.013 0.001 0.009 0.004 0.013 0.062 0.889 
 446 T _   0.010 0.017 0.001 0.009 0.005 0.014 0.061 0.883 
 447 E _   0.010 0.023 0.001 0.010 0.005 0.015 0.060 0.876 
 448 Q _   0.011 0.030 0.001 0.012 0.006 0.016 0.059 0.864 
 449 R _   0.012 0.041 0.001 0.015 0.008 0.018 0.058 0.849 
 450 C _   0.012 0.054 0.001 0.018 0.010 0.020 0.056 0.828 
 451 S _   0.013 0.071 0.001 0.024 0.012 0.022 0.054 0.803 
 452 A _   0.014 0.089 0.001 0.030 0.014 0.023 0.053 0.775 
 453 S _   0.015 0.106 0.001 0.037 0.016 0.024 0.052 0.749 
 454 V _   0.016 0.120 0.001 0.044 0.017 0.024 0.051 0.726 
 455 L _   0.016 0.129 0.001 0.050 0.017 0.024 0.050 0.713 
 456 P _   0.016 0.132 0.001 0.052 0.017 0.023 0.051 0.708 
 457 V _   0.015 0.132 0.001 0.052 0.015 0.021 0.051 0.712 
 458 D _   0.015 0.126 0.001 0.047 0.014 0.019 0.052 0.726 
 459 V _   0.014 0.114 0.001 0.039 0.011 0.017 0.054 0.748 
 460 Q _   0.013 0.097 0.001 0.030 0.009 0.015 0.055 0.780 
 461 T _   0.012 0.075 0.001 0.020 0.006 0.013 0.057 0.817 
 462 L _   0.010 0.054 0.001 0.013 0.004 0.011 0.058 0.849 
 463 N _   0.008 0.040 0.000 0.007 0.003 0.009 0.059 0.872 
 464 S _   0.007 0.033 0.000 0.005 0.002 0.008 0.059 0.885 
 465 S _   0.006 0.031 0.000 0.004 0.002 0.008 0.059 0.890 
 466 G _   0.007 0.031 0.000 0.004 0.002 0.009 0.059 0.888 
 467 P _   0.008 0.036 0.000 0.006 0.003 0.012 0.057 0.878 
 468 P _   0.009 0.049 0.001 0.011 0.005 0.014 0.055 0.854 
 469 F _   0.011 0.076 0.001 0.020 0.008 0.018 0.053 0.814 
 470 G _   0.012 0.115 0.001 0.031 0.012 0.020 0.050 0.760 
 471 K _   0.011 0.154 0.001 0.043 0.014 0.021 0.047 0.709 
 472 L _   0.011 0.182 0.001 0.052 0.015 0.021 0.044 0.673 
 473 V _   0.010 0.199 0.001 0.058 0.015 0.021 0.043 0.654 
 474 V _   0.010 0.206 0.001 0.059 0.015 0.020 0.042 0.648 
 475 Q _   0.009 0.207 0.001 0.056 0.014 0.018 0.041 0.653 
 476 S _   0.009 0.202 0.001 0.050 0.012 0.017 0.041 0.668 
 477 S _   0.008 0.191 0.001 0.041 0.010 0.015 0.042 0.692 
 478 I _   0.008 0.174 0.001 0.033 0.008 0.013 0.042 0.720 
 479 D _   0.008 0.154 0.001 0.025 0.007 0.012 0.043 0.751 
 480 S _   0.007 0.133 0.001 0.018 0.005 0.011 0.044 0.780 
 481 S _   0.007 0.117 0.001 0.014 0.004 0.010 0.045 0.803 
 482 A _   0.006 0.105 0.000 0.011 0.003 0.009 0.045 0.820 
 483 F _   0.006 0.097 0.000 0.010 0.003 0.009 0.046 0.830 
 484 K _   0.006 0.093 0.000 0.009 0.003 0.009 0.046 0.835 
 485 H _   0.006 0.091 0.000 0.010 0.003 0.009 0.045 0.836 
 486 N _   0.006 0.090 0.000 0.012 0.003 0.009 0.045 0.834 
 487 G _   0.006 0.091 0.000 0.014 0.004 0.009 0.044 0.831 
 488 T _   0.006 0.092 0.001 0.016 0.004 0.009 0.044 0.828 
 489 V _   0.006 0.092 0.001 0.017 0.004 0.010 0.043 0.826 
 490 E _   0.006 0.092 0.001 0.018 0.005 0.009 0.043 0.827 
 491 C _   0.006 0.090 0.001 0.017 0.004 0.009 0.042 0.830 
 492 K _   0.006 0.087 0.001 0.015 0.004 0.009 0.042 0.836 
 493 A _   0.005 0.084 0.000 0.013 0.004 0.008 0.042 0.843 
 494 Y _   0.005 0.081 0.000 0.011 0.003 0.008 0.042 0.850 
 495 N _   0.005 0.078 0.000 0.009 0.003 0.008 0.041 0.855 
 496 D _   0.005 0.077 0.000 0.009 0.003 0.008 0.040 0.857 
 497 V _   0.005 0.079 0.000 0.009 0.003 0.009 0.040 0.855 
 498 G _   0.006 0.082 0.000 0.011 0.003 0.010 0.039 0.848 
 499 K _   0.007 0.088 0.001 0.015 0.005 0.012 0.037 0.836 
 500 T _   0.007 0.097 0.001 0.022 0.006 0.013 0.036 0.818 
 501 S _   0.008 0.107 0.001 0.030 0.008 0.015 0.034 0.798 
 502 A _   0.008 0.115 0.001 0.038 0.009 0.016 0.033 0.779 
 503 Y _   0.009 0.120 0.001 0.045 0.010 0.016 0.032 0.767 
 504 F _   0.009 0.121 0.001 0.048 0.011 0.016 0.031 0.762 
 505 N _   0.009 0.119 0.001 0.047 0.010 0.015 0.031 0.767 
 506 F _   0.009 0.111 0.001 0.043 0.009 0.014 0.031 0.781 
 507 A _   0.009 0.096 0.001 0.035 0.008 0.012 0.032 0.807 
 508 F _   0.009 0.074 0.001 0.026 0.006 0.010 0.032 0.841 
 509 K _   0.008 0.049 0.001 0.018 0.005 0.009 0.033 0.878 
 510 G _   0.008 0.027 0.000 0.011 0.003 0.007 0.033 0.911 
 511 N _   0.008 0.012 0.000 0.006 0.002 0.006 0.033 0.933 
 512 N _   0.008 0.004 0.000 0.003 0.002 0.005 0.033 0.945 
 513 K _   0.011 0.001 0.000 0.002 0.001 0.004 0.032 0.949 
 514 E _   0.016 0.000 0.000 0.001 0.001 0.004 0.031 0.946 
 515 Q _   0.028 0.000 0.000 0.001 0.001 0.004 0.029 0.935 
 516 I _   0.051 0.000 0.000 0.001 0.002 0.005 0.027 0.914 
 517 H _   0.091 0.000 0.000 0.001 0.003 0.006 0.024 0.874 
 518 P _   0.152 0.000 0.001 0.001 0.004 0.008 0.021 0.814 
 519 H _   0.233 0.000 0.001 0.001 0.005 0.008 0.018 0.735 
 520 T _   0.325 0.000 0.001 0.001 0.006 0.008 0.015 0.645 
 521 L _   0.419 0.000 0.001 0.001 0.006 0.008 0.012 0.554 
 522 F H   0.509 0.000 0.001 0.001 0.006 0.007 0.010 0.466 
 523 T H   0.595 0.000 0.001 0.000 0.006 0.006 0.009 0.383 
 524 P H   0.670 0.000 0.001 0.000 0.006 0.005 0.008 0.311 
 525 L H   0.737 0.000 0.001 0.000 0.005 0.004 0.007 0.246 
 526 L H   0.794 0.000 0.001 0.000 0.005 0.004 0.006 0.190 
 527 I H   0.844 0.000 0.001 0.000 0.004 0.003 0.005 0.143 
 528 G H   0.882 0.000 0.001 0.000 0.004 0.003 0.005 0.105 
 529 F H   0.914 0.000 0.001 0.000 0.004 0.002 0.004 0.075 
 530 V H   0.937 0.000 0.001 0.000 0.004 0.002 0.003 0.053 
 531 I H   0.953 0.000 0.001 0.000 0.004 0.002 0.003 0.037 
 532 V H   0.963 0.000 0.001 0.000 0.005 0.002 0.002 0.028 
 533 A H   0.967 0.000 0.001 0.000 0.005 0.002 0.002 0.023 
 534 G H   0.967 0.000 0.001 0.000 0.006 0.002 0.002 0.022 
 535 M H   0.964 0.000 0.001 0.000 0.007 0.002 0.002 0.025 
 536 M H   0.957 0.000 0.001 0.000 0.008 0.002 0.001 0.031 
 537 C H   0.945 0.000 0.001 0.000 0.009 0.003 0.001 0.042 
 538 I H   0.924 0.000 0.001 0.000 0.010 0.003 0.001 0.061 
 539 I H   0.894 0.000 0.001 0.000 0.011 0.003 0.002 0.089 
 540 V H   0.853 0.000 0.001 0.000 0.011 0.004 0.002 0.128 
 541 M H   0.798 0.000 0.001 0.001 0.012 0.005 0.003 0.182 
 542 I H   0.724 0.000 0.001 0.001 0.011 0.006 0.004 0.253 
 543 L H   0.630 0.000 0.001 0.001 0.011 0.006 0.005 0.345 
 544 T H   0.518 0.000 0.001 0.001 0.009 0.007 0.007 0.456 
 545 Y _   0.401 0.000 0.001 0.001 0.008 0.007 0.010 0.572 
 546 K _   0.287 0.000 0.001 0.001 0.006 0.007 0.014 0.684 
 547 Y _   0.195 0.000 0.001 0.001 0.005 0.007 0.017 0.775 
 548 L _   0.128 0.000 0.001 0.001 0.004 0.007 0.020 0.840 
 549 Q _   0.083 0.000 0.000 0.002 0.003 0.007 0.022 0.882 
 550 K _   0.056 0.000 0.000 0.002 0.003 0.008 0.024 0.907 
 551 P _   0.040 0.001 0.000 0.003 0.003 0.009 0.025 0.918 
 552 M _   0.031 0.002 0.000 0.005 0.004 0.010 0.027 0.921 
 553 Y _   0.025 0.005 0.001 0.008 0.005 0.012 0.028 0.917 
 554 E _   0.021 0.009 0.001 0.013 0.006 0.014 0.029 0.907 
 555 V _   0.019 0.015 0.001 0.019 0.008 0.015 0.030 0.894 
 556 Q _   0.017 0.020 0.001 0.024 0.009 0.016 0.031 0.881 
 557 W _   0.016 0.024 0.001 0.029 0.010 0.016 0.032 0.872 
 558 K _   0.015 0.027 0.001 0.031 0.010 0.016 0.034 0.867 
 559 V _   0.014 0.027 0.001 0.031 0.010 0.015 0.036 0.866 
 560 V _   0.013 0.027 0.001 0.028 0.009 0.014 0.038 0.871 
 561 E _   0.012 0.024 0.001 0.024 0.008 0.013 0.040 0.878 
 562 E _   0.011 0.021 0.001 0.019 0.006 0.011 0.042 0.888 
 563 I _   0.010 0.017 0.001 0.014 0.005 0.010 0.045 0.898 
 564 N _   0.010 0.013 0.000 0.011 0.004 0.009 0.047 0.906 
 565 G _   0.009 0.010 0.000 0.008 0.003 0.008 0.049 0.912 
 566 N _   0.009 0.008 0.000 0.007 0.003 0.008 0.051 0.914 
 567 N _   0.009 0.007 0.000 0.006 0.003 0.008 0.053 0.915 
 568 Y _   0.009 0.006 0.000 0.007 0.003 0.008 0.054 0.913 
 569 V _   0.009 0.006 0.000 0.008 0.003 0.008 0.055 0.910 
 570 Y _   0.009 0.006 0.000 0.009 0.003 0.009 0.056 0.908 
 571 I _   0.009 0.006 0.000 0.010 0.003 0.009 0.057 0.905 
 572 D _   0.008 0.006 0.000 0.011 0.004 0.009 0.058 0.903 
 573 P _   0.008 0.007 0.000 0.011 0.004 0.009 0.059 0.903 
 574 T _   0.008 0.007 0.000 0.011 0.003 0.008 0.059 0.903 
 575 Q _   0.007 0.006 0.000 0.011 0.003 0.008 0.060 0.905 
 576 L _   0.006 0.006 0.000 0.010 0.003 0.008 0.060 0.907 
 577 P _   0.006 0.006 0.000 0.009 0.003 0.007 0.060 0.909 
 578 Y _   0.005 0.006 0.000 0.008 0.003 0.007 0.060 0.911 
 579 D _   0.005 0.005 0.000 0.008 0.002 0.007 0.060 0.912 
 580 H _   0.005 0.005 0.000 0.007 0.002 0.007 0.059 0.913 
 581 K _   0.005 0.006 0.000 0.008 0.002 0.007 0.059 0.913 
 582 W _   0.005 0.006 0.000 0.008 0.003 0.007 0.058 0.912 
 583 E _   0.005 0.007 0.000 0.008 0.003 0.007 0.058 0.911 
 584 F _   0.005 0.008 0.000 0.009 0.003 0.008 0.057 0.910 
 585 P _   0.005 0.009 0.000 0.009 0.003 0.008 0.055 0.909 
 586 R _   0.005 0.010 0.000 0.010 0.003 0.009 0.054 0.908 
 587 N _   0.005 0.012 0.000 0.010 0.003 0.009 0.053 0.907 
 588 R _   0.006 0.014 0.000 0.010 0.004 0.010 0.051 0.905 
 589 L _   0.006 0.016 0.000 0.011 0.004 0.012 0.050 0.901 
 590 S _   0.007 0.018 0.001 0.012 0.005 0.013 0.048 0.897 
 591 F _   0.008 0.021 0.001 0.013 0.006 0.015 0.046 0.891 
 592 G _   0.009 0.024 0.001 0.015 0.007 0.017 0.044 0.884 
 593 K _   0.010 0.027 0.001 0.017 0.008 0.019 0.043 0.875 
 594 T _   0.011 0.031 0.001 0.019 0.009 0.022 0.041 0.866 
 595 L _   0.013 0.034 0.001 0.021 0.011 0.024 0.040 0.856 
 596 G _   0.016 0.037 0.001 0.023 0.012 0.027 0.038 0.847 
 597 A _   0.018 0.039 0.001 0.023 0.013 0.029 0.037 0.840 
 598 G _   0.020 0.040 0.001 0.023 0.014 0.031 0.035 0.835 
 599 A _   0.023 0.040 0.001 0.023 0.015 0.033 0.034 0.830 
 600 F _   0.026 0.040 0.001 0.022 0.016 0.035 0.033 0.826 
 601 G _   0.029 0.039 0.001 0.022 0.017 0.037 0.032 0.823 
 602 K _   0.032 0.038 0.001 0.021 0.018 0.038 0.031 0.820 
 603 V _   0.035 0.037 0.001 0.021 0.019 0.039 0.031 0.818 
 604 V _   0.038 0.035 0.001 0.022 0.019 0.039 0.030 0.816 
 605 E _   0.040 0.033 0.001 0.022 0.019 0.040 0.030 0.815 
 606 A _   0.042 0.030 0.001 0.021 0.018 0.039 0.030 0.819 
 607 T _   0.043 0.026 0.001 0.020 0.017 0.039 0.030 0.824 
 608 A _   0.044 0.022 0.001 0.017 0.015 0.037 0.030 0.833 
 609 Y _   0.045 0.017 0.001 0.014 0.013 0.036 0.030 0.844 
 610 G _   0.045 0.012 0.001 0.010 0.011 0.035 0.029 0.855 
 611 L _   0.047 0.009 0.001 0.008 0.010 0.034 0.029 0.863 
 612 I _   0.049 0.007 0.001 0.006 0.009 0.034 0.029 0.865 
 613 K _   0.053 0.006 0.001 0.005 0.010 0.036 0.028 0.861 
 614 S _   0.059 0.006 0.001 0.006 0.012 0.038 0.028 0.851 
 615 D _   0.066 0.008 0.001 0.008 0.015 0.040 0.028 0.835 
 616 A _   0.073 0.011 0.001 0.012 0.019 0.043 0.027 0.812 
 617 A _   0.079 0.017 0.002 0.019 0.024 0.044 0.027 0.788 
 618 M _   0.082 0.022 0.002 0.027 0.027 0.045 0.027 0.768 
 619 T _   0.082 0.027 0.002 0.034 0.028 0.043 0.028 0.757 
 620 V _   0.079 0.029 0.002 0.038 0.027 0.041 0.028 0.757 
 621 A _   0.073 0.029 0.002 0.037 0.024 0.037 0.029 0.769 
 622 V _   0.065 0.026 0.002 0.033 0.020 0.033 0.030 0.792 
 623 K _   0.056 0.021 0.001 0.025 0.015 0.028 0.030 0.824 
 624 M _   0.046 0.014 0.001 0.017 0.011 0.023 0.031 0.857 
 625 L _   0.037 0.008 0.001 0.010 0.007 0.019 0.032 0.887 
 626 K _   0.029 0.003 0.001 0.006 0.004 0.016 0.032 0.910 
 627 P _   0.023 0.001 0.000 0.003 0.003 0.013 0.032 0.923 
 628 S _   0.020 0.001 0.000 0.002 0.003 0.013 0.031 0.930 
 629 A _   0.019 0.000 0.000 0.002 0.002 0.013 0.031 0.932 
 630 H _   0.019 0.000 0.000 0.003 0.003 0.014 0.030 0.930 
 631 L _   0.022 0.000 0.000 0.004 0.004 0.016 0.030 0.924 
 632 T _   0.026 0.001 0.001 0.005 0.005 0.019 0.028 0.915 
 633 E _   0.031 0.001 0.001 0.007 0.007 0.022 0.027 0.904 
 634 R _   0.039 0.001 0.001 0.009 0.009 0.026 0.026 0.890 
 635 E _   0.047 0.002 0.001 0.011 0.011 0.030 0.024 0.874 
 636 A _   0.057 0.002 0.001 0.012 0.014 0.033 0.023 0.858 
 637 L _   0.068 0.003 0.001 0.013 0.017 0.035 0.021 0.841 
 638 M _   0.082 0.003 0.001 0.014 0.019 0.038 0.020 0.824 
 639 S _   0.098 0.003 0.001 0.013 0.021 0.039 0.018 0.807 
 640 E _   0.115 0.002 0.001 0.013 0.021 0.040 0.017 0.790 
 641 L _   0.132 0.002 0.001 0.012 0.021 0.039 0.016 0.776 
 642 K _   0.150 0.002 0.001 0.011 0.020 0.038 0.015 0.763 
 643 V _   0.168 0.001 0.001 0.009 0.019 0.036 0.014 0.751 
 644 L _   0.186 0.001 0.001 0.007 0.016 0.034 0.013 0.741 
 645 S _   0.205 0.000 0.001 0.005 0.014 0.031 0.012 0.731 
 646 Y _   0.225 0.000 0.001 0.004 0.011 0.029 0.011 0.718 
 647 L _   0.247 0.000 0.001 0.003 0.010 0.027 0.010 0.702 
 648 G _   0.273 0.000 0.001 0.002 0.009 0.025 0.010 0.681 
 649 N _   0.303 0.000 0.001 0.002 0.009 0.025 0.009 0.652 
 650 H _   0.340 0.000 0.001 0.001 0.009 0.024 0.008 0.617 
 651 M _   0.382 0.000 0.001 0.001 0.010 0.025 0.007 0.573 
 652 N _   0.430 0.000 0.001 0.001 0.012 0.026 0.007 0.523 
 653 I H   0.477 0.000 0.001 0.002 0.015 0.027 0.006 0.471 
 654 V H   0.520 0.000 0.001 0.002 0.019 0.028 0.006 0.424 
 655 N H   0.556 0.000 0.001 0.002 0.022 0.029 0.005 0.383 
 656 L H   0.582 0.000 0.002 0.003 0.025 0.029 0.005 0.355 
 657 L H   0.599 0.000 0.002 0.003 0.026 0.029 0.005 0.335 
 658 G H   0.607 0.000 0.002 0.003 0.027 0.029 0.005 0.326 
 659 A H   0.606 0.000 0.002 0.003 0.027 0.029 0.006 0.328 
 660 C H   0.595 0.000 0.002 0.003 0.025 0.029 0.006 0.341 
 661 T H   0.577 0.000 0.001 0.003 0.023 0.029 0.007 0.361 
 662 I H   0.553 0.000 0.001 0.002 0.021 0.029 0.007 0.386 
 663 G H   0.528 0.000 0.001 0.002 0.019 0.030 0.008 0.411 
