#TopoPred_TM8: 8-state transmembrane topology prediction results by no_profile mode 
#probabilities are in the order of H E C I L F X _, the 8 transmembrane topology types used in PDBTM 
   1 M X   0.016 0.002 0.002 0.050 0.009 0.010 0.578 0.333 
   2 P X   0.004 0.002 0.000 0.026 0.001 0.004 0.590 0.372 
   3 G X   0.001 0.002 0.000 0.014 0.000 0.003 0.590 0.390 
   4 P X   0.001 0.003 0.000 0.012 0.001 0.004 0.583 0.396 
   5 A X   0.002 0.010 0.000 0.016 0.002 0.007 0.568 0.394 
   6 A X   0.004 0.025 0.001 0.024 0.005 0.014 0.542 0.385 
   7 G X   0.007 0.057 0.001 0.037 0.008 0.020 0.507 0.363 
   8 S X   0.009 0.109 0.002 0.053 0.012 0.025 0.459 0.333 
   9 R X   0.008 0.172 0.002 0.069 0.014 0.026 0.408 0.300 
  10 A X   0.007 0.228 0.002 0.081 0.016 0.026 0.364 0.277 
  11 R X   0.006 0.264 0.002 0.086 0.016 0.024 0.332 0.269 
  12 V X   0.006 0.284 0.001 0.087 0.016 0.023 0.311 0.273 
  13 Y X   0.005 0.293 0.001 0.083 0.015 0.021 0.296 0.285 
  14 A _   0.005 0.295 0.001 0.076 0.014 0.020 0.285 0.304 
  15 E _   0.006 0.290 0.001 0.066 0.013 0.018 0.277 0.329 
  16 V _   0.006 0.280 0.001 0.054 0.011 0.017 0.272 0.359 
  17 N _   0.007 0.262 0.001 0.043 0.010 0.015 0.267 0.395 
  18 S _   0.007 0.240 0.001 0.033 0.008 0.014 0.264 0.433 
  19 L _   0.007 0.215 0.001 0.025 0.007 0.013 0.261 0.471 
  20 R _   0.007 0.192 0.001 0.019 0.006 0.013 0.258 0.505 
  21 S _   0.007 0.173 0.001 0.015 0.005 0.012 0.255 0.532 
  22 R _   0.007 0.159 0.001 0.013 0.004 0.011 0.252 0.552 
  23 E _   0.007 0.149 0.000 0.012 0.004 0.011 0.249 0.567 
  24 Y _   0.006 0.142 0.000 0.013 0.004 0.011 0.245 0.578 
  25 W _   0.006 0.137 0.000 0.014 0.004 0.011 0.242 0.586 
  26 D _   0.006 0.133 0.001 0.015 0.004 0.011 0.238 0.592 
  27 Y _   0.007 0.129 0.001 0.017 0.005 0.010 0.234 0.597 
  28 E _   0.007 0.124 0.001 0.019 0.005 0.010 0.231 0.604 
  29 A _   0.006 0.117 0.001 0.019 0.005 0.010 0.228 0.613 
  30 H _   0.007 0.109 0.001 0.019 0.005 0.009 0.226 0.625 
  31 V _   0.006 0.098 0.001 0.017 0.004 0.009 0.224 0.641 
  32 P _   0.006 0.084 0.001 0.014 0.004 0.008 0.222 0.661 
  33 S _   0.006 0.070 0.000 0.011 0.003 0.007 0.220 0.682 
  34 W _   0.005 0.058 0.000 0.009 0.003 0.006 0.218 0.701 
  35 G _   0.005 0.049 0.000 0.007 0.002 0.006 0.215 0.716 
  36 N _   0.004 0.043 0.000 0.005 0.002 0.006 0.212 0.727 
  37 Q _   0.004 0.040 0.000 0.005 0.002 0.006 0.208 0.734 
  38 D _   0.004 0.039 0.000 0.005 0.002 0.007 0.204 0.738 
  39 D _   0.005 0.040 0.000 0.007 0.002 0.008 0.199 0.739 
  40 Y _   0.005 0.043 0.000 0.009 0.003 0.009 0.193 0.738 
  41 Q _   0.005 0.048 0.000 0.013 0.004 0.010 0.186 0.734 
  42 L _   0.005 0.054 0.001 0.016 0.005 0.011 0.179 0.729 
  43 V _   0.006 0.059 0.001 0.019 0.005 0.012 0.172 0.726 
  44 R _   0.006 0.064 0.001 0.021 0.006 0.013 0.165 0.725 
  45 K _   0.006 0.067 0.001 0.021 0.006 0.014 0.158 0.727 
  46 L _   0.006 0.069 0.001 0.020 0.006 0.014 0.152 0.731 
  47 G _   0.006 0.070 0.001 0.019 0.006 0.015 0.146 0.737 
  48 R _   0.007 0.070 0.001 0.017 0.007 0.017 0.141 0.740 
  49 G _   0.008 0.071 0.001 0.016 0.007 0.018 0.137 0.742 
  50 K _   0.010 0.072 0.001 0.016 0.008 0.020 0.132 0.740 
  51 Y _   0.011 0.074 0.001 0.018 0.010 0.022 0.128 0.736 
  52 S _   0.014 0.077 0.001 0.020 0.012 0.025 0.124 0.728 
  53 E _   0.016 0.080 0.001 0.024 0.014 0.027 0.120 0.718 
  54 V _   0.019 0.083 0.001 0.027 0.016 0.028 0.116 0.709 
  55 F _   0.021 0.085 0.001 0.030 0.017 0.029 0.113 0.704 
  56 E _   0.022 0.085 0.001 0.032 0.017 0.029 0.111 0.703 
  57 A _   0.023 0.083 0.001 0.031 0.017 0.028 0.109 0.708 
  58 I _   0.024 0.078 0.001 0.028 0.016 0.027 0.107 0.719 
  59 N _   0.024 0.071 0.001 0.024 0.014 0.026 0.106 0.733 
  60 I _   0.025 0.063 0.001 0.020 0.013 0.025 0.104 0.750 
  61 T _   0.024 0.054 0.001 0.016 0.012 0.024 0.104 0.765 
  62 N _   0.024 0.047 0.001 0.014 0.010 0.023 0.103 0.778 
  63 N _   0.024 0.042 0.001 0.013 0.009 0.022 0.102 0.786 
  64 E _   0.024 0.039 0.001 0.013 0.009 0.021 0.102 0.792 
  65 R _   0.023 0.036 0.001 0.014 0.009 0.020 0.102 0.796 
  66 V _   0.022 0.034 0.001 0.015 0.008 0.019 0.102 0.799 
  67 V _   0.021 0.032 0.001 0.016 0.008 0.018 0.102 0.803 
  68 V _   0.019 0.030 0.001 0.016 0.008 0.016 0.101 0.808 
  69 K _   0.017 0.028 0.001 0.016 0.007 0.015 0.101 0.816 
  70 I _   0.015 0.025 0.001 0.014 0.006 0.013 0.101 0.825 
  71 L _   0.013 0.021 0.001 0.012 0.005 0.012 0.101 0.835 
  72 K _   0.012 0.017 0.001 0.010 0.004 0.010 0.101 0.845 
  73 P _   0.010 0.014 0.000 0.008 0.003 0.009 0.100 0.854 
  74 V _   0.009 0.012 0.000 0.006 0.003 0.008 0.100 0.862 
  75 K _   0.008 0.011 0.000 0.005 0.002 0.008 0.099 0.866 
  76 K _   0.007 0.011 0.000 0.005 0.002 0.008 0.098 0.869 
  77 K _   0.007 0.011 0.000 0.005 0.002 0.008 0.097 0.869 
  78 K _   0.007 0.013 0.000 0.006 0.003 0.009 0.095 0.868 
  79 I _   0.007 0.015 0.000 0.007 0.003 0.010 0.093 0.864 
  80 K _   0.008 0.020 0.000 0.009 0.004 0.011 0.091 0.857 
  81 R _   0.008 0.026 0.001 0.011 0.005 0.012 0.089 0.848 
  82 E _   0.009 0.034 0.001 0.013 0.006 0.014 0.086 0.837 
  83 V _   0.009 0.043 0.001 0.016 0.007 0.015 0.084 0.825 
  84 K _   0.010 0.051 0.001 0.018 0.008 0.017 0.081 0.814 
  85 I _   0.011 0.058 0.001 0.020 0.009 0.018 0.079 0.805 
  86 L _   0.012 0.065 0.001 0.021 0.009 0.019 0.077 0.796 
  87 E _   0.013 0.070 0.001 0.021 0.010 0.020 0.076 0.789 
  88 N _   0.014 0.074 0.001 0.021 0.010 0.021 0.074 0.783 
  89 L _   0.015 0.077 0.001 0.022 0.011 0.022 0.073 0.779 
  90 R _   0.016 0.080 0.001 0.022 0.012 0.023 0.072 0.774 
  91 G _   0.018 0.083 0.001 0.023 0.013 0.024 0.072 0.767 
  92 G _   0.019 0.085 0.001 0.025 0.013 0.024 0.071 0.761 
  93 T _   0.020 0.087 0.001 0.028 0.014 0.024 0.071 0.755 
  94 N _   0.021 0.087 0.001 0.030 0.014 0.024 0.071 0.750 
  95 I _   0.021 0.086 0.001 0.032 0.014 0.023 0.072 0.750 
  96 I _   0.021 0.083 0.001 0.032 0.014 0.022 0.073 0.754 
  97 K _   0.020 0.077 0.001 0.031 0.012 0.020 0.075 0.764 
  98 L _   0.018 0.068 0.001 0.027 0.010 0.018 0.076 0.781 
  99 I _   0.016 0.056 0.001 0.022 0.008 0.016 0.078 0.802 
 100 D _   0.014 0.041 0.001 0.017 0.007 0.013 0.080 0.827 
 101 T _   0.012 0.027 0.001 0.012 0.005 0.011 0.081 0.851 
 102 V _   0.010 0.017 0.000 0.007 0.003 0.010 0.082 0.870 
 103 K _   0.009 0.010 0.000 0.005 0.002 0.009 0.083 0.882 
 104 D _   0.008 0.007 0.000 0.003 0.002 0.008 0.082 0.889 
 105 P _   0.008 0.006 0.000 0.003 0.002 0.009 0.082 0.890 
 106 V _   0.008 0.006 0.000 0.004 0.002 0.010 0.081 0.887 
 107 S _   0.010 0.008 0.000 0.006 0.004 0.012 0.080 0.879 
 108 K _   0.012 0.013 0.001 0.011 0.006 0.016 0.079 0.864 
 109 T _   0.014 0.022 0.001 0.019 0.009 0.019 0.077 0.841 
 110 P _   0.015 0.033 0.001 0.028 0.012 0.021 0.075 0.815 
 111 A _   0.016 0.041 0.001 0.038 0.014 0.023 0.073 0.794 
 112 L _   0.016 0.047 0.001 0.044 0.015 0.023 0.072 0.782 
 113 V _   0.016 0.049 0.001 0.045 0.015 0.023 0.071 0.780 
 114 F _   0.015 0.048 0.001 0.042 0.014 0.021 0.071 0.788 
 115 E _   0.013 0.043 0.001 0.035 0.011 0.019 0.071 0.805 
 116 Y _   0.012 0.036 0.001 0.026 0.009 0.017 0.072 0.827 
 117 I _   0.011 0.026 0.001 0.018 0.007 0.015 0.072 0.851 
 118 N _   0.010 0.017 0.001 0.011 0.005 0.014 0.073 0.870 
 119 N _   0.009 0.011 0.000 0.007 0.004 0.013 0.073 0.882 
 120 T _   0.009 0.008 0.000 0.005 0.003 0.013 0.072 0.889 
 121 D _   0.010 0.006 0.000 0.005 0.003 0.013 0.072 0.890 
 122 F _   0.011 0.006 0.000 0.006 0.004 0.015 0.072 0.887 
 123 K _   0.013 0.006 0.001 0.007 0.005 0.017 0.071 0.880 
 124 Q _   0.015 0.007 0.001 0.009 0.006 0.019 0.070 0.873 
 125 L _   0.016 0.009 0.001 0.012 0.007 0.022 0.069 0.864 
 126 Y _   0.018 0.010 0.001 0.014 0.009 0.024 0.068 0.857 
 127 Q _   0.020 0.011 0.001 0.014 0.009 0.026 0.067 0.852 
 128 I _   0.023 0.011 0.001 0.014 0.010 0.028 0.066 0.848 
 129 L _   0.026 0.011 0.001 0.012 0.010 0.030 0.065 0.844 
 130 T _   0.030 0.011 0.001 0.011 0.011 0.033 0.064 0.839 
 131 D _   0.036 0.011 0.001 0.010 0.012 0.036 0.063 0.831 
 132 F _   0.042 0.012 0.001 0.009 0.015 0.040 0.062 0.819 
 133 D _   0.050 0.014 0.001 0.010 0.018 0.043 0.061 0.802 
 134 I _   0.059 0.018 0.001 0.013 0.022 0.047 0.061 0.779 
 135 R _   0.066 0.024 0.002 0.017 0.026 0.050 0.060 0.756 
 136 F _   0.071 0.030 0.002 0.023 0.030 0.052 0.060 0.733 
 137 Y _   0.073 0.036 0.002 0.028 0.032 0.052 0.060 0.717 
 138 M _   0.072 0.041 0.002 0.033 0.033 0.050 0.060 0.709 
 139 Y _   0.069 0.043 0.002 0.036 0.031 0.047 0.061 0.711 
 140 E _   0.064 0.043 0.002 0.035 0.028 0.044 0.062 0.723 
 141 L _   0.057 0.041 0.002 0.032 0.024 0.039 0.063 0.743 
 142 L _   0.049 0.036 0.002 0.027 0.019 0.034 0.064 0.769 
 143 K _   0.042 0.030 0.001 0.021 0.015 0.029 0.066 0.795 
 144 A _   0.035 0.024 0.001 0.016 0.011 0.025 0.067 0.821 
 145 L _   0.029 0.019 0.001 0.012 0.008 0.021 0.069 0.842 
 146 D _   0.023 0.014 0.001 0.010 0.006 0.018 0.070 0.858 
 147 Y _   0.020 0.012 0.001 0.008 0.005 0.016 0.071 0.868 
 148 C _   0.017 0.010 0.001 0.008 0.005 0.015 0.071 0.874 
 149 H _   0.015 0.009 0.001 0.008 0.004 0.014 0.072 0.877 
 150 S _   0.014 0.009 0.001 0.009 0.005 0.013 0.072 0.878 
 151 K _   0.013 0.009 0.001 0.010 0.005 0.012 0.073 0.878 
 152 G _   0.012 0.009 0.001 0.011 0.005 0.012 0.073 0.877 
 153 I _   0.012 0.008 0.001 0.012 0.005 0.012 0.073 0.878 
 154 M _   0.011 0.008 0.001 0.012 0.005 0.011 0.073 0.879 
 155 H _   0.011 0.008 0.001 0.012 0.005 0.010 0.074 0.881 
 156 R _   0.010 0.007 0.001 0.011 0.004 0.010 0.074 0.884 
 157 D _   0.010 0.006 0.000 0.009 0.004 0.009 0.075 0.887 
 158 V _   0.009 0.005 0.000 0.008 0.004 0.009 0.075 0.889 
 159 K _   0.009 0.005 0.000 0.008 0.003 0.009 0.075 0.891 
 160 P _   0.009 0.004 0.000 0.007 0.003 0.009 0.075 0.892 
 161 H _   0.009 0.004 0.000 0.007 0.003 0.009 0.075 0.892 
 162 N _   0.009 0.004 0.000 0.007 0.003 0.009 0.075 0.892 
 163 V _   0.009 0.004 0.000 0.008 0.003 0.009 0.075 0.891 
 164 M _   0.009 0.004 0.000 0.008 0.003 0.009 0.075 0.891 
 165 I _   0.009 0.004 0.000 0.008 0.003 0.010 0.075 0.891 
 166 D _   0.009 0.005 0.000 0.007 0.003 0.010 0.074 0.892 
 167 H _   0.009 0.005 0.000 0.007 0.003 0.011 0.073 0.893 
 168 Q _   0.009 0.005 0.000 0.006 0.003 0.011 0.072 0.893 
 169 Q _   0.009 0.006 0.000 0.006 0.003 0.013 0.071 0.891 
 170 K _   0.011 0.008 0.000 0.006 0.004 0.015 0.069 0.887 
 171 K _   0.013 0.011 0.001 0.008 0.005 0.018 0.067 0.878 
 172 L _   0.016 0.017 0.001 0.010 0.008 0.022 0.065 0.862 
 173 R _   0.019 0.027 0.001 0.015 0.011 0.025 0.062 0.839 
 174 L _   0.022 0.041 0.001 0.023 0.015 0.029 0.060 0.809 
 175 I _   0.025 0.058 0.002 0.032 0.019 0.032 0.057 0.776 
 176 D _   0.027 0.072 0.002 0.041 0.022 0.033 0.055 0.748 
 177 W _   0.029 0.081 0.002 0.048 0.023 0.034 0.053 0.730 
 178 G _   0.029 0.086 0.002 0.052 0.023 0.033 0.052 0.723 
 179 L _   0.029 0.087 0.002 0.051 0.022 0.032 0.051 0.727 
 180 A _   0.028 0.083 0.002 0.046 0.020 0.029 0.050 0.743 
 181 E _   0.026 0.074 0.001 0.038 0.017 0.026 0.050 0.768 
 182 F _   0.024 0.061 0.001 0.028 0.013 0.023 0.050 0.800 
 183 Y _   0.021 0.046 0.001 0.020 0.009 0.019 0.050 0.834 
 184 H _   0.018 0.033 0.001 0.013 0.007 0.017 0.050 0.862 
 185 P _   0.016 0.024 0.001 0.008 0.005 0.015 0.049 0.883 
 186 A _   0.014 0.019 0.000 0.006 0.004 0.013 0.049 0.895 
 187 Q _   0.013 0.016 0.000 0.005 0.003 0.013 0.048 0.901 
 188 E _   0.012 0.016 0.000 0.005 0.003 0.013 0.047 0.903 
 189 Y _   0.012 0.017 0.000 0.007 0.004 0.013 0.046 0.902 
 190 N _   0.012 0.019 0.001 0.009 0.005 0.014 0.044 0.897 
 191 V _   0.012 0.023 0.001 0.012 0.006 0.015 0.043 0.889 
 192 R _   0.013 0.027 0.001 0.015 0.007 0.016 0.041 0.881 
 193 V _   0.013 0.031 0.001 0.018 0.008 0.017 0.039 0.873 
 194 A _   0.013 0.034 0.001 0.020 0.009 0.018 0.037 0.868 
 195 S _   0.013 0.037 0.001 0.021 0.009 0.018 0.036 0.866 
 196 R _   0.013 0.038 0.001 0.021 0.009 0.018 0.034 0.865 
 197 Y _   0.013 0.039 0.001 0.020 0.009 0.019 0.033 0.866 
 198 F _   0.013 0.039 0.001 0.020 0.009 0.019 0.032 0.867 
 199 K _   0.013 0.039 0.001 0.020 0.009 0.019 0.030 0.868 
 200 G _   0.013 0.039 0.001 0.021 0.010 0.019 0.029 0.868 
 201 P _   0.014 0.039 0.001 0.022 0.010 0.019 0.028 0.867 
 202 E _   0.014 0.038 0.001 0.023 0.010 0.019 0.028 0.867 
 203 L _   0.015 0.036 0.001 0.024 0.010 0.019 0.027 0.868 
 204 L _   0.016 0.034 0.001 0.024 0.010 0.018 0.026 0.871 
 205 V _   0.018 0.030 0.001 0.022 0.009 0.017 0.025 0.877 
 206 D _   0.020 0.024 0.001 0.019 0.009 0.016 0.025 0.886 
 207 Y _   0.024 0.018 0.001 0.015 0.007 0.015 0.024 0.896 
 208 Q _   0.029 0.011 0.001 0.011 0.006 0.014 0.023 0.905 
 209 M _   0.038 0.005 0.001 0.007 0.005 0.013 0.022 0.909 
 210 Y _   0.052 0.002 0.001 0.004 0.004 0.012 0.021 0.904 
 211 D _   0.073 0.001 0.000 0.003 0.004 0.012 0.020 0.887 
 212 Y _   0.109 0.000 0.001 0.002 0.004 0.013 0.018 0.854 
 213 S _   0.166 0.000 0.001 0.001 0.005 0.014 0.016 0.797 
 214 L _   0.252 0.000 0.001 0.001 0.007 0.016 0.014 0.709 
 215 D _   0.363 0.000 0.001 0.001 0.011 0.019 0.012 0.593 
 216 M H   0.487 0.000 0.001 0.001 0.015 0.021 0.010 0.465 
 217 W H   0.598 0.000 0.001 0.001 0.019 0.022 0.008 0.349 
 218 S H   0.685 0.000 0.001 0.002 0.024 0.022 0.007 0.259 
 219 L H   0.745 0.000 0.002 0.002 0.027 0.022 0.007 0.196 
 220 G H   0.785 0.000 0.002 0.002 0.029 0.021 0.007 0.155 
 221 C H   0.807 0.000 0.002 0.002 0.030 0.020 0.007 0.131 
 222 M H   0.815 0.000 0.002 0.002 0.031 0.019 0.008 0.123 
 223 L H   0.808 0.000 0.002 0.003 0.031 0.019 0.009 0.128 
 224 A H   0.789 0.000 0.002 0.003 0.031 0.018 0.010 0.146 
 225 S H   0.754 0.000 0.002 0.003 0.030 0.018 0.013 0.180 
 226 M H   0.697 0.000 0.002 0.004 0.029 0.018 0.016 0.233 
 227 I H   0.621 0.000 0.002 0.005 0.025 0.018 0.021 0.307 
 228 F H   0.527 0.000 0.002 0.006 0.021 0.018 0.028 0.398 
 229 R _   0.427 0.000 0.002 0.007 0.017 0.017 0.036 0.494 
 230 R _   0.326 0.000 0.001 0.007 0.013 0.016 0.044 0.592 
 231 E _   0.234 0.000 0.001 0.008 0.009 0.014 0.052 0.681 
 232 P _   0.158 0.000 0.001 0.007 0.006 0.012 0.059 0.757 
 233 F _   0.100 0.000 0.001 0.006 0.004 0.010 0.064 0.815 
 234 F _   0.060 0.000 0.000 0.004 0.003 0.008 0.068 0.855 
 235 H _   0.036 0.000 0.000 0.003 0.002 0.007 0.071 0.881 
 236 G _   0.021 0.000 0.000 0.003 0.002 0.006 0.072 0.896 
 237 Q _   0.013 0.000 0.000 0.002 0.001 0.006 0.073 0.903 
 238 D _   0.010 0.001 0.000 0.002 0.001 0.007 0.073 0.905 
 239 N _   0.010 0.002 0.000 0.003 0.002 0.009 0.073 0.901 
 240 Y _   0.011 0.006 0.000 0.004 0.003 0.013 0.072 0.890 
 241 D _   0.015 0.016 0.001 0.008 0.006 0.019 0.071 0.866 
 242 Q _   0.018 0.041 0.001 0.013 0.010 0.025 0.068 0.822 
 243 L _   0.022 0.089 0.002 0.021 0.016 0.032 0.065 0.753 
 244 V _   0.025 0.159 0.002 0.030 0.021 0.037 0.061 0.665 
 245 R _   0.026 0.230 0.002 0.037 0.026 0.041 0.057 0.581 
 246 I _   0.027 0.290 0.002 0.041 0.029 0.042 0.054 0.514 
 247 A _   0.027 0.336 0.002 0.044 0.030 0.043 0.052 0.467 
 248 K _   0.028 0.366 0.002 0.044 0.031 0.043 0.050 0.436 
 249 V _   0.029 0.386 0.002 0.044 0.031 0.043 0.049 0.417 
 250 L _   0.030 0.398 0.002 0.043 0.031 0.042 0.049 0.406 
 251 G _   0.030 0.403 0.002 0.041 0.030 0.041 0.049 0.403 
 252 T _   0.031 0.404 0.002 0.040 0.028 0.039 0.050 0.407 
 253 E _   0.030 0.400 0.002 0.038 0.026 0.037 0.051 0.416 
 254 E _   0.029 0.391 0.002 0.037 0.024 0.034 0.052 0.431 
 255 L _   0.027 0.378 0.002 0.036 0.021 0.031 0.054 0.451 
 256 Y _   0.026 0.360 0.001 0.034 0.019 0.029 0.057 0.475 
 257 G _   0.024 0.336 0.002 0.032 0.016 0.026 0.059 0.505 
 258 Y _   0.022 0.305 0.001 0.030 0.014 0.023 0.063 0.541 
 259 L _   0.020 0.270 0.001 0.027 0.012 0.021 0.066 0.582 
 260 K _   0.018 0.231 0.001 0.024 0.010 0.019 0.070 0.626 
 261 K _   0.016 0.192 0.001 0.020 0.009 0.016 0.074 0.671 
 262 Y _   0.014 0.155 0.001 0.017 0.007 0.014 0.078 0.714 
 263 H _   0.012 0.125 0.001 0.013 0.005 0.012 0.082 0.749 
 264 I _   0.010 0.104 0.001 0.011 0.004 0.011 0.084 0.776 
 265 D _   0.009 0.090 0.000 0.009 0.003 0.010 0.086 0.793 
 266 L _   0.008 0.081 0.000 0.007 0.003 0.009 0.088 0.804 
 267 D _   0.007 0.076 0.000 0.007 0.003 0.008 0.089 0.810 
 268 P _   0.007 0.073 0.000 0.007 0.003 0.008 0.090 0.812 
 269 H _   0.006 0.072 0.000 0.008 0.003 0.008 0.090 0.811 
 270 F _   0.006 0.073 0.000 0.009 0.003 0.009 0.091 0.808 
 271 N _   0.006 0.075 0.000 0.011 0.003 0.009 0.091 0.804 
 272 D _   0.006 0.078 0.000 0.012 0.004 0.009 0.091 0.800 
 273 I _   0.006 0.080 0.000 0.013 0.004 0.010 0.091 0.796 
 274 L _   0.006 0.083 0.000 0.014 0.004 0.010 0.091 0.792 
 275 G _   0.006 0.085 0.001 0.014 0.004 0.010 0.091 0.790 
 276 Q _   0.006 0.087 0.001 0.014 0.004 0.010 0.090 0.788 
 277 H _   0.006 0.088 0.001 0.014 0.004 0.010 0.090 0.787 
 278 S _   0.006 0.090 0.001 0.014 0.004 0.010 0.090 0.785 
 279 R _   0.006 0.091 0.001 0.014 0.004 0.010 0.090 0.783 
 280 K _   0.006 0.093 0.001 0.014 0.005 0.010 0.091 0.780 
 281 R _   0.006 0.095 0.001 0.015 0.005 0.011 0.091 0.776 
 282 W _   0.006 0.098 0.001 0.016 0.005 0.011 0.092 0.772 
 283 E _   0.007 0.099 0.001 0.016 0.005 0.011 0.092 0.768 
 284 N _   0.007 0.100 0.001 0.016 0.005 0.011 0.093 0.766 
 285 F _   0.007 0.101 0.001 0.016 0.005 0.011 0.094 0.766 
 286 I _   0.007 0.100 0.001 0.015 0.005 0.011 0.095 0.766 
 287 H _   0.007 0.099 0.001 0.014 0.005 0.011 0.096 0.767 
 288 S _   0.007 0.098 0.001 0.013 0.005 0.011 0.098 0.769 
 289 E _   0.007 0.097 0.001 0.012 0.005 0.011 0.099 0.768 
 290 N _   0.007 0.097 0.001 0.012 0.005 0.011 0.101 0.767 
 291 R _   0.008 0.097 0.001 0.012 0.005 0.012 0.102 0.763 
 292 H _   0.008 0.099 0.001 0.013 0.005 0.013 0.104 0.757 
 293 L _   0.009 0.101 0.001 0.015 0.006 0.013 0.105 0.750 
 294 V _   0.009 0.104 0.001 0.017 0.007 0.014 0.107 0.741 
 295 S _   0.010 0.106 0.001 0.020 0.007 0.015 0.109 0.733 
 296 P _   0.010 0.107 0.001 0.022 0.008 0.015 0.111 0.726 
 297 E _   0.011 0.107 0.001 0.023 0.008 0.015 0.114 0.721 
 298 A _   0.011 0.105 0.001 0.024 0.008 0.015 0.117 0.719 
 299 L _   0.011 0.101 0.001 0.023 0.008 0.015 0.121 0.721 
 300 D _   0.011 0.095 0.001 0.021 0.008 0.014 0.126 0.725 
 301 L _   0.011 0.087 0.001 0.019 0.007 0.014 0.130 0.731 
 302 L _   0.011 0.078 0.001 0.017 0.006 0.013 0.135 0.738 
 303 D _   0.011 0.069 0.001 0.015 0.006 0.012 0.141 0.745 
 304 K _   0.011 0.060 0.001 0.013 0.005 0.012 0.146 0.752 
 305 L _   0.011 0.051 0.001 0.012 0.005 0.011 0.152 0.758 
 306 L _   0.010 0.044 0.001 0.010 0.004 0.010 0.157 0.764 
 307 R _   0.010 0.038 0.000 0.009 0.004 0.010 0.162 0.768 
 308 Y _   0.009 0.034 0.000 0.008 0.003 0.009 0.166 0.771 
 309 D _   0.008 0.030 0.000 0.007 0.003 0.009 0.170 0.772 
 310 H _   0.008 0.028 0.000 0.007 0.003 0.008 0.173 0.773 
 311 Q _   0.007 0.027 0.000 0.006 0.003 0.008 0.176 0.772 
 312 Q _   0.007 0.027 0.000 0.006 0.003 0.009 0.178 0.769 
 313 R _   0.007 0.028 0.000 0.007 0.003 0.009 0.180 0.765 
 314 L _   0.007 0.030 0.000 0.008 0.003 0.010 0.182 0.760 
 315 T _   0.007 0.033 0.000 0.010 0.004 0.010 0.183 0.752 
 316 A _   0.008 0.037 0.001 0.011 0.004 0.011 0.185 0.743 
 317 K _   0.008 0.042 0.001 0.013 0.005 0.011 0.186 0.734 
 318 E _   0.008 0.047 0.001 0.015 0.006 0.012 0.187 0.724 
 319 A _   0.009 0.052 0.001 0.017 0.006 0.012 0.189 0.715 
 320 M _   0.009 0.056 0.001 0.018 0.006 0.012 0.191 0.707 
 321 E _   0.009 0.059 0.001 0.018 0.007 0.012 0.194 0.700 
 322 H _   0.009 0.062 0.001 0.018 0.007 0.012 0.197 0.695 
 323 P _   0.009 0.063 0.001 0.018 0.006 0.012 0.200 0.691 
 324 Y _   0.009 0.064 0.001 0.018 0.006 0.012 0.204 0.687 
 325 F _   0.009 0.064 0.001 0.017 0.006 0.011 0.208 0.684 
 326 Y _   0.008 0.064 0.001 0.016 0.005 0.011 0.213 0.682 
 327 P _   0.008 0.064 0.001 0.015 0.005 0.010 0.217 0.680 
 328 V _   0.007 0.063 0.001 0.013 0.004 0.010 0.222 0.679 
 329 V _   0.007 0.063 0.000 0.012 0.004 0.009 0.226 0.679 
 330 K _   0.006 0.062 0.000 0.010 0.003 0.009 0.230 0.679 
 331 E _   0.006 0.063 0.000 0.008 0.003 0.009 0.234 0.678 
 332 Q _   0.006 0.064 0.000 0.007 0.003 0.009 0.236 0.676 
 333 S _   0.006 0.066 0.000 0.007 0.003 0.009 0.239 0.671 
 334 Q _   0.006 0.071 0.000 0.007 0.003 0.011 0.240 0.662 
 335 P _   0.007 0.080 0.000 0.008 0.004 0.012 0.241 0.647 
 336 C _   0.009 0.098 0.001 0.011 0.005 0.015 0.242 0.620 
 337 A _   0.010 0.130 0.001 0.015 0.008 0.018 0.242 0.575 
 338 D _   0.012 0.184 0.001 0.021 0.012 0.021 0.240 0.508 
 339 N _   0.013 0.258 0.002 0.027 0.015 0.022 0.239 0.424 
 340 A _   0.013 0.336 0.002 0.033 0.016 0.022 0.239 0.340 
 341 V E   0.011 0.400 0.002 0.038 0.016 0.020 0.239 0.274 
 342 L E   0.010 0.442 0.001 0.041 0.015 0.018 0.241 0.232 
 343 S E   0.008 0.465 0.001 0.042 0.013 0.016 0.244 0.211 
 344 S E   0.007 0.476 0.001 0.041 0.011 0.013 0.250 0.202 
 345 G E   0.005 0.477 0.001 0.038 0.008 0.010 0.257 0.203 
 346 L E   0.004 0.470 0.001 0.033 0.005 0.007 0.267 0.213 
 347 T E   0.002 0.448 0.000 0.025 0.002 0.004 0.278 0.241 
 348 A E   0.001 0.409 0.000 0.018 0.001 0.002 0.286 0.283 
 349 A E   0.001 0.367 0.000 0.017 0.001 0.002 0.288 0.325 
 350 R _   0.004 0.338 0.002 0.025 0.006 0.005 0.282 0.338 
