#TopoPred_TM8: 8-state transmembrane topology prediction results by no_profile mode 
#probabilities are in the order of H E C I L F X _, the 8 transmembrane topology types used in PDBTM 
   1 M X   0.010 0.001 0.002 0.057 0.009 0.009 0.801 0.111 
   2 A X   0.004 0.000 0.000 0.037 0.002 0.005 0.827 0.124 
   3 G X   0.002 0.000 0.000 0.023 0.001 0.003 0.836 0.135 
   4 L X   0.002 0.000 0.000 0.015 0.001 0.003 0.836 0.143 
   5 G X   0.002 0.000 0.000 0.011 0.001 0.003 0.833 0.150 
   6 P X   0.002 0.000 0.000 0.008 0.001 0.004 0.827 0.158 
   7 G X   0.002 0.000 0.000 0.006 0.001 0.003 0.821 0.167 
   8 V X   0.002 0.001 0.000 0.004 0.001 0.003 0.812 0.176 
   9 G X   0.002 0.001 0.000 0.004 0.001 0.003 0.801 0.188 
  10 D X   0.002 0.001 0.000 0.003 0.001 0.004 0.788 0.201 
  11 S X   0.002 0.002 0.000 0.004 0.001 0.004 0.771 0.216 
  12 E X   0.002 0.004 0.000 0.005 0.002 0.005 0.751 0.232 
  13 G X   0.003 0.008 0.000 0.007 0.002 0.007 0.725 0.248 
  14 G X   0.003 0.016 0.001 0.010 0.004 0.010 0.693 0.264 
  15 P X   0.004 0.031 0.001 0.016 0.006 0.013 0.651 0.277 
  16 R X   0.005 0.059 0.001 0.024 0.009 0.017 0.600 0.285 
  17 P X   0.006 0.099 0.002 0.034 0.012 0.020 0.542 0.286 
  18 L X   0.006 0.147 0.002 0.042 0.014 0.022 0.483 0.282 
  19 F X   0.006 0.195 0.002 0.049 0.016 0.024 0.430 0.278 
  20 C X   0.006 0.237 0.002 0.053 0.017 0.024 0.385 0.275 
  21 R X   0.006 0.271 0.002 0.056 0.017 0.024 0.349 0.276 
  22 K X   0.006 0.295 0.002 0.057 0.017 0.024 0.320 0.279 
  23 G E   0.006 0.311 0.001 0.056 0.017 0.024 0.298 0.286 
  24 A E   0.007 0.320 0.001 0.054 0.016 0.024 0.281 0.296 
  25 L E   0.007 0.324 0.001 0.051 0.016 0.023 0.268 0.310 
  26 R _   0.008 0.323 0.001 0.046 0.015 0.023 0.256 0.328 
  27 Q _   0.008 0.318 0.001 0.041 0.014 0.022 0.247 0.348 
  28 K _   0.009 0.309 0.001 0.036 0.013 0.021 0.239 0.372 
  29 V _   0.009 0.295 0.001 0.031 0.011 0.021 0.233 0.400 
  30 V _   0.010 0.278 0.001 0.025 0.010 0.020 0.226 0.429 
  31 H _   0.011 0.259 0.001 0.021 0.009 0.020 0.221 0.459 
  32 E _   0.011 0.241 0.001 0.017 0.008 0.020 0.216 0.485 
  33 V _   0.012 0.226 0.001 0.015 0.008 0.020 0.211 0.507 
  34 K _   0.013 0.214 0.001 0.014 0.008 0.021 0.206 0.524 
  35 S _   0.013 0.205 0.001 0.014 0.008 0.021 0.201 0.536 
  36 H _   0.014 0.198 0.001 0.016 0.009 0.022 0.196 0.544 
  37 K _   0.015 0.193 0.001 0.018 0.010 0.022 0.191 0.550 
  38 F _   0.015 0.188 0.001 0.021 0.011 0.023 0.186 0.555 
  39 T _   0.016 0.182 0.001 0.024 0.012 0.023 0.182 0.561 
  40 A _   0.016 0.173 0.001 0.027 0.012 0.022 0.178 0.571 
  41 R _   0.016 0.160 0.001 0.027 0.012 0.021 0.175 0.587 
  42 F _   0.016 0.141 0.001 0.025 0.011 0.021 0.173 0.611 
  43 F _   0.016 0.116 0.001 0.022 0.010 0.020 0.171 0.644 
  44 K _   0.015 0.085 0.001 0.018 0.009 0.019 0.169 0.684 
  45 Q _   0.015 0.055 0.001 0.013 0.007 0.018 0.167 0.724 
  46 P _   0.015 0.032 0.001 0.008 0.006 0.018 0.165 0.755 
  47 T _   0.015 0.018 0.001 0.005 0.005 0.018 0.163 0.775 
  48 F _   0.016 0.012 0.000 0.004 0.004 0.019 0.160 0.784 
  49 C _   0.018 0.010 0.000 0.004 0.005 0.022 0.157 0.785 
  50 S _   0.022 0.010 0.001 0.005 0.006 0.025 0.153 0.779 
  51 H _   0.026 0.011 0.001 0.007 0.009 0.030 0.149 0.767 
  52 C _   0.032 0.015 0.001 0.012 0.013 0.035 0.145 0.748 
  53 T _   0.037 0.021 0.001 0.018 0.018 0.039 0.140 0.726 
  54 D _   0.041 0.027 0.002 0.025 0.023 0.043 0.135 0.704 
  55 F _   0.044 0.033 0.002 0.031 0.026 0.046 0.131 0.687 
  56 I _   0.046 0.036 0.002 0.035 0.028 0.048 0.128 0.678 
  57 W _   0.047 0.037 0.002 0.035 0.028 0.048 0.125 0.677 
  58 G _   0.048 0.036 0.002 0.032 0.027 0.048 0.123 0.684 
  59 I _   0.048 0.034 0.002 0.027 0.025 0.048 0.121 0.696 
  60 G _   0.048 0.030 0.002 0.021 0.022 0.047 0.119 0.711 
  61 K _   0.048 0.025 0.001 0.016 0.019 0.046 0.118 0.727 
  62 Q _   0.048 0.021 0.001 0.012 0.016 0.045 0.117 0.739 
  63 G _   0.048 0.019 0.001 0.009 0.014 0.045 0.117 0.747 
  64 L _   0.049 0.018 0.001 0.008 0.014 0.045 0.116 0.749 
  65 Q _   0.050 0.018 0.001 0.008 0.014 0.046 0.116 0.747 
  66 C _   0.052 0.020 0.001 0.010 0.016 0.046 0.115 0.739 
  67 Q _   0.054 0.024 0.001 0.013 0.018 0.047 0.114 0.729 
  68 V _   0.056 0.029 0.001 0.016 0.020 0.048 0.114 0.716 
  69 C _   0.057 0.035 0.002 0.019 0.022 0.048 0.114 0.704 
  70 S _   0.057 0.040 0.002 0.021 0.023 0.047 0.114 0.695 
  71 F _   0.058 0.044 0.002 0.022 0.023 0.046 0.115 0.690 
  72 V _   0.057 0.047 0.002 0.022 0.023 0.045 0.116 0.689 
  73 V _   0.056 0.049 0.001 0.021 0.022 0.043 0.117 0.690 
  74 H _   0.054 0.051 0.001 0.020 0.021 0.041 0.118 0.693 
  75 R _   0.051 0.053 0.001 0.020 0.020 0.039 0.120 0.696 
  76 R _   0.047 0.054 0.001 0.020 0.019 0.037 0.122 0.700 
  77 C _   0.043 0.056 0.001 0.021 0.018 0.035 0.125 0.702 
  78 H _   0.039 0.058 0.001 0.023 0.016 0.032 0.127 0.702 
  79 E _   0.034 0.060 0.001 0.026 0.015 0.029 0.131 0.704 
  80 F _   0.030 0.061 0.001 0.028 0.014 0.026 0.134 0.706 
  81 V _   0.026 0.061 0.001 0.029 0.012 0.024 0.138 0.709 
  82 T _   0.022 0.059 0.001 0.029 0.011 0.021 0.142 0.715 
  83 F _   0.019 0.056 0.001 0.027 0.009 0.018 0.146 0.723 
  84 E _   0.016 0.051 0.001 0.025 0.008 0.016 0.151 0.733 
  85 C _   0.013 0.045 0.001 0.021 0.006 0.013 0.156 0.744 
  86 P _   0.012 0.038 0.001 0.018 0.005 0.011 0.161 0.754 
  87 G _   0.010 0.031 0.001 0.015 0.004 0.010 0.166 0.764 
  88 A _   0.009 0.024 0.000 0.012 0.003 0.008 0.171 0.772 
  89 G _   0.008 0.018 0.000 0.010 0.003 0.007 0.175 0.778 
  90 K _   0.007 0.013 0.000 0.008 0.002 0.006 0.179 0.783 
  91 G _   0.006 0.010 0.000 0.007 0.002 0.006 0.182 0.788 
  92 P _   0.006 0.007 0.000 0.006 0.002 0.005 0.184 0.791 
  93 Q _   0.005 0.005 0.000 0.005 0.001 0.004 0.185 0.795 
  94 T _   0.004 0.004 0.000 0.004 0.001 0.004 0.185 0.797 
  95 D _   0.004 0.004 0.000 0.004 0.001 0.004 0.184 0.799 
  96 D _   0.004 0.003 0.000 0.004 0.001 0.004 0.183 0.801 
  97 P _   0.003 0.004 0.000 0.004 0.001 0.005 0.181 0.802 
  98 R _   0.003 0.004 0.000 0.006 0.001 0.005 0.178 0.802 
  99 N _   0.004 0.006 0.000 0.008 0.002 0.006 0.174 0.801 
 100 K _   0.004 0.008 0.000 0.010 0.002 0.007 0.169 0.799 
 101 H _   0.004 0.010 0.000 0.014 0.003 0.008 0.164 0.795 
 102 K _   0.004 0.013 0.000 0.017 0.004 0.009 0.159 0.792 
 103 F _   0.004 0.016 0.000 0.020 0.004 0.010 0.154 0.791 
 104 R _   0.004 0.017 0.001 0.022 0.005 0.010 0.150 0.791 
 105 L _   0.004 0.018 0.001 0.022 0.005 0.010 0.145 0.795 
 106 H _   0.004 0.018 0.001 0.020 0.004 0.010 0.141 0.801 
 107 S _   0.004 0.018 0.000 0.017 0.004 0.010 0.138 0.808 
 108 Y _   0.004 0.017 0.000 0.014 0.004 0.010 0.135 0.816 
 109 S _   0.004 0.016 0.000 0.011 0.003 0.011 0.132 0.822 
 110 S _   0.005 0.015 0.000 0.009 0.003 0.012 0.128 0.827 
 111 P _   0.006 0.015 0.000 0.008 0.003 0.014 0.125 0.828 
 112 T _   0.008 0.016 0.000 0.007 0.004 0.017 0.121 0.826 
 113 F _   0.012 0.018 0.001 0.008 0.005 0.022 0.117 0.818 
 114 C _   0.018 0.022 0.001 0.009 0.008 0.028 0.112 0.802 
 115 D _   0.026 0.030 0.001 0.012 0.013 0.036 0.107 0.775 
 116 H _   0.036 0.044 0.001 0.017 0.020 0.045 0.100 0.737 
 117 C _   0.047 0.064 0.002 0.023 0.029 0.053 0.093 0.689 
 118 G _   0.058 0.088 0.002 0.030 0.038 0.061 0.087 0.636 
 119 S _   0.067 0.112 0.003 0.037 0.046 0.066 0.081 0.589 
 120 L _   0.075 0.131 0.003 0.044 0.052 0.069 0.076 0.551 
 121 L _   0.079 0.143 0.003 0.049 0.055 0.069 0.073 0.530 
 122 Y _   0.081 0.149 0.003 0.050 0.055 0.067 0.070 0.525 
 123 G _   0.080 0.150 0.003 0.050 0.052 0.064 0.068 0.533 
 124 L _   0.077 0.146 0.003 0.046 0.047 0.060 0.067 0.555 
 125 V _   0.072 0.137 0.002 0.039 0.040 0.055 0.066 0.588 
 126 H _   0.064 0.123 0.002 0.032 0.032 0.050 0.066 0.630 
 127 Q _   0.056 0.105 0.002 0.024 0.025 0.044 0.066 0.677 
 128 G _   0.049 0.089 0.001 0.018 0.019 0.039 0.065 0.720 
 129 M _   0.041 0.076 0.001 0.013 0.014 0.035 0.065 0.755 
 130 K _   0.035 0.068 0.001 0.010 0.011 0.032 0.065 0.779 
 131 C _   0.029 0.063 0.001 0.009 0.009 0.029 0.064 0.795 
 132 S _   0.025 0.062 0.001 0.009 0.008 0.027 0.064 0.804 
 133 C _   0.023 0.063 0.001 0.010 0.008 0.025 0.063 0.808 
 134 C _   0.021 0.065 0.001 0.012 0.008 0.025 0.062 0.807 
 135 E _   0.020 0.069 0.001 0.014 0.009 0.024 0.061 0.804 
 136 M _   0.019 0.073 0.001 0.016 0.009 0.023 0.060 0.799 
 137 N _   0.019 0.078 0.001 0.017 0.010 0.023 0.059 0.793 
 138 V _   0.018 0.083 0.001 0.019 0.010 0.023 0.058 0.789 
 139 H _   0.018 0.087 0.001 0.020 0.011 0.022 0.057 0.785 
 140 R _   0.018 0.090 0.001 0.020 0.011 0.022 0.056 0.783 
 141 R _   0.017 0.092 0.001 0.021 0.011 0.021 0.056 0.782 
 142 C _   0.017 0.094 0.001 0.021 0.011 0.021 0.056 0.781 
 143 V _   0.016 0.095 0.001 0.021 0.011 0.020 0.056 0.780 
 144 R _   0.016 0.095 0.001 0.022 0.010 0.019 0.056 0.781 
 145 S _   0.015 0.095 0.001 0.022 0.010 0.018 0.056 0.782 
 146 V _   0.015 0.094 0.001 0.022 0.009 0.017 0.057 0.785 
 147 P _   0.014 0.092 0.001 0.022 0.009 0.016 0.058 0.789 
 148 S _   0.014 0.088 0.001 0.021 0.008 0.015 0.059 0.795 
 149 L _   0.013 0.083 0.001 0.019 0.007 0.014 0.060 0.803 
 150 C _   0.012 0.076 0.001 0.017 0.006 0.012 0.062 0.814 
 151 G _   0.011 0.069 0.001 0.014 0.005 0.011 0.063 0.825 
 152 V _   0.010 0.063 0.001 0.012 0.004 0.010 0.064 0.836 
 153 D _   0.009 0.056 0.000 0.009 0.004 0.009 0.065 0.846 
 154 H _   0.008 0.052 0.000 0.008 0.003 0.009 0.066 0.854 
 155 T _   0.008 0.049 0.000 0.006 0.003 0.009 0.067 0.858 
 156 E _   0.008 0.048 0.000 0.006 0.003 0.009 0.067 0.859 
 157 R _   0.007 0.049 0.000 0.007 0.003 0.009 0.068 0.857 
 158 R _   0.007 0.052 0.000 0.008 0.003 0.010 0.068 0.851 
 159 G _   0.007 0.057 0.000 0.010 0.004 0.010 0.068 0.844 
 160 R _   0.008 0.063 0.001 0.012 0.005 0.011 0.067 0.834 
 161 L _   0.008 0.070 0.001 0.015 0.005 0.011 0.067 0.823 
 162 Q _   0.008 0.077 0.001 0.016 0.006 0.012 0.067 0.814 
 163 L _   0.008 0.083 0.001 0.017 0.006 0.012 0.067 0.808 
 164 E _   0.007 0.087 0.001 0.017 0.006 0.012 0.067 0.804 
 165 I _   0.007 0.091 0.001 0.015 0.005 0.012 0.067 0.802 
 166 R _   0.007 0.093 0.001 0.014 0.005 0.012 0.067 0.801 
 167 A _   0.007 0.096 0.001 0.012 0.005 0.013 0.067 0.799 
 168 P _   0.008 0.099 0.001 0.011 0.005 0.014 0.067 0.796 
 169 T _   0.009 0.103 0.001 0.011 0.005 0.015 0.068 0.789 
 170 A _   0.010 0.110 0.001 0.012 0.006 0.016 0.068 0.778 
 171 D _   0.011 0.119 0.001 0.014 0.007 0.018 0.068 0.761 
 172 E _   0.013 0.133 0.001 0.017 0.009 0.021 0.068 0.738 
 173 I _   0.015 0.152 0.001 0.021 0.011 0.022 0.068 0.709 
 174 H _   0.016 0.174 0.001 0.027 0.014 0.024 0.068 0.677 
 175 V _   0.017 0.195 0.001 0.033 0.016 0.025 0.068 0.645 
 176 T _   0.018 0.212 0.001 0.040 0.017 0.026 0.069 0.617 
 177 V _   0.018 0.225 0.001 0.046 0.018 0.026 0.070 0.596 
 178 G _   0.018 0.231 0.001 0.051 0.018 0.025 0.072 0.584 
 179 E _   0.018 0.233 0.001 0.053 0.018 0.024 0.074 0.579 
 180 A _   0.017 0.229 0.001 0.052 0.017 0.023 0.078 0.584 
 181 R _   0.017 0.218 0.001 0.049 0.015 0.021 0.082 0.597 
 182 N _   0.016 0.199 0.001 0.043 0.013 0.019 0.088 0.621 
 183 L _   0.015 0.170 0.001 0.036 0.011 0.016 0.095 0.656 
 184 I _   0.014 0.133 0.001 0.028 0.008 0.014 0.102 0.699 
 185 P _   0.013 0.094 0.001 0.020 0.006 0.012 0.110 0.745 
 186 M _   0.011 0.061 0.001 0.013 0.004 0.010 0.116 0.784 
 187 D _   0.009 0.038 0.000 0.008 0.003 0.008 0.121 0.813 
 188 P _   0.008 0.024 0.000 0.005 0.002 0.006 0.124 0.830 
 189 N _   0.006 0.018 0.000 0.004 0.001 0.006 0.127 0.839 
 190 G _   0.005 0.015 0.000 0.003 0.001 0.005 0.128 0.842 
 191 L _   0.005 0.014 0.000 0.004 0.001 0.006 0.128 0.842 
 192 S _   0.005 0.014 0.000 0.005 0.002 0.006 0.128 0.839 
 193 D _   0.006 0.016 0.000 0.007 0.002 0.008 0.128 0.833 
 194 P _   0.006 0.020 0.000 0.011 0.003 0.009 0.127 0.824 
 195 Y _   0.006 0.024 0.000 0.015 0.004 0.010 0.125 0.815 
 196 V _   0.006 0.029 0.001 0.020 0.005 0.010 0.124 0.806 
 197 K _   0.006 0.033 0.001 0.023 0.005 0.011 0.123 0.799 
 198 L _   0.006 0.035 0.001 0.024 0.005 0.011 0.122 0.797 
 199 K _   0.006 0.036 0.001 0.023 0.005 0.010 0.121 0.799 
 200 L _   0.005 0.035 0.001 0.021 0.004 0.009 0.121 0.804 
 201 I _   0.005 0.034 0.000 0.017 0.004 0.008 0.121 0.810 
 202 P _   0.005 0.032 0.000 0.014 0.003 0.008 0.121 0.818 
 203 D _   0.004 0.029 0.000 0.011 0.003 0.007 0.121 0.825 
 204 P _   0.004 0.027 0.000 0.008 0.002 0.007 0.121 0.830 
 205 R _   0.005 0.026 0.000 0.007 0.002 0.007 0.120 0.833 
 206 N _   0.005 0.026 0.000 0.006 0.002 0.007 0.120 0.834 
 207 L _   0.005 0.028 0.000 0.007 0.002 0.007 0.119 0.832 
 208 T _   0.005 0.030 0.000 0.007 0.003 0.008 0.117 0.829 
 209 K _   0.005 0.034 0.000 0.009 0.003 0.009 0.115 0.824 
 210 Q _   0.006 0.040 0.000 0.011 0.004 0.010 0.113 0.816 
 211 K _   0.006 0.047 0.001 0.013 0.005 0.012 0.111 0.806 
 212 T _   0.007 0.055 0.001 0.016 0.005 0.013 0.108 0.796 
 213 R _   0.007 0.063 0.001 0.018 0.006 0.014 0.106 0.786 
 214 T _   0.007 0.070 0.001 0.019 0.007 0.015 0.104 0.778 
 215 V _   0.008 0.077 0.001 0.020 0.007 0.016 0.102 0.770 
 216 K _   0.008 0.082 0.001 0.020 0.008 0.016 0.100 0.764 
 217 A _   0.009 0.087 0.001 0.020 0.008 0.017 0.099 0.760 
 218 T _   0.010 0.091 0.001 0.020 0.008 0.018 0.098 0.755 
 219 L _   0.011 0.094 0.001 0.020 0.009 0.019 0.096 0.750 
 220 N _   0.012 0.097 0.001 0.020 0.010 0.020 0.096 0.745 
 221 P _   0.013 0.101 0.001 0.022 0.011 0.021 0.095 0.737 
 222 V _   0.015 0.104 0.001 0.024 0.012 0.021 0.095 0.729 
 223 W _   0.016 0.106 0.001 0.027 0.012 0.022 0.094 0.721 
 224 N _   0.017 0.107 0.001 0.030 0.013 0.022 0.095 0.716 
 225 E _   0.017 0.107 0.001 0.031 0.013 0.021 0.096 0.714 
 226 T _   0.017 0.103 0.001 0.031 0.012 0.020 0.097 0.719 
 227 F _   0.016 0.097 0.001 0.030 0.011 0.018 0.098 0.729 
 228 V _   0.014 0.088 0.001 0.026 0.009 0.016 0.100 0.745 
 229 F _   0.013 0.075 0.001 0.021 0.008 0.014 0.102 0.765 
 230 N _   0.012 0.061 0.001 0.016 0.006 0.013 0.104 0.789 
 231 L _   0.010 0.047 0.001 0.011 0.004 0.011 0.106 0.810 
 232 K _   0.009 0.037 0.000 0.008 0.003 0.010 0.107 0.826 
 233 P _   0.008 0.031 0.000 0.005 0.003 0.009 0.107 0.836 
 234 G _   0.007 0.029 0.000 0.005 0.002 0.009 0.108 0.840 
 235 D _   0.008 0.028 0.000 0.005 0.003 0.010 0.107 0.839 
 236 V _   0.008 0.030 0.000 0.007 0.003 0.011 0.107 0.833 
 237 E _   0.009 0.035 0.001 0.011 0.005 0.013 0.106 0.821 
 238 R _   0.010 0.043 0.001 0.017 0.007 0.015 0.104 0.803 
 239 R _   0.011 0.053 0.001 0.025 0.009 0.017 0.103 0.781 
 240 L _   0.011 0.062 0.001 0.034 0.011 0.018 0.102 0.761 
 241 S _   0.011 0.068 0.001 0.041 0.012 0.019 0.101 0.747 
 242 V _   0.011 0.071 0.001 0.046 0.013 0.019 0.101 0.740 
 243 E _   0.010 0.071 0.001 0.046 0.012 0.018 0.101 0.741 
 244 V _   0.010 0.067 0.001 0.042 0.011 0.017 0.102 0.750 
 245 W _   0.010 0.058 0.001 0.035 0.009 0.015 0.104 0.768 
 246 D _   0.009 0.045 0.001 0.025 0.007 0.014 0.106 0.792 
 247 W _   0.009 0.030 0.001 0.017 0.005 0.012 0.108 0.818 
 248 D _   0.009 0.016 0.001 0.010 0.004 0.011 0.110 0.840 
 249 R _   0.009 0.007 0.000 0.005 0.003 0.011 0.111 0.854 
 250 T _   0.011 0.003 0.000 0.003 0.002 0.012 0.111 0.858 
 251 S _   0.014 0.001 0.000 0.002 0.002 0.014 0.111 0.854 
 252 R _   0.022 0.001 0.000 0.002 0.003 0.018 0.111 0.842 
 253 N _   0.034 0.002 0.000 0.003 0.006 0.026 0.110 0.818 
 254 D _   0.052 0.005 0.001 0.006 0.011 0.036 0.109 0.780 
 255 F _   0.073 0.015 0.001 0.011 0.020 0.047 0.107 0.726 
 256 M _   0.094 0.033 0.002 0.019 0.032 0.057 0.105 0.658 
 257 G _   0.109 0.056 0.003 0.029 0.042 0.064 0.104 0.593 
 258 A _   0.120 0.075 0.003 0.038 0.050 0.068 0.103 0.544 
 259 M _   0.126 0.088 0.003 0.044 0.054 0.069 0.103 0.515 
 260 S _   0.128 0.094 0.003 0.046 0.055 0.067 0.104 0.503 
 261 F _   0.126 0.096 0.003 0.046 0.053 0.064 0.106 0.507 
 262 G _   0.122 0.094 0.003 0.042 0.048 0.060 0.109 0.522 
 263 V _   0.115 0.088 0.002 0.038 0.042 0.054 0.112 0.548 
 264 S _   0.104 0.078 0.002 0.032 0.035 0.048 0.116 0.584 
 265 E _   0.091 0.065 0.002 0.026 0.028 0.042 0.121 0.625 
 266 L _   0.077 0.050 0.002 0.021 0.020 0.036 0.126 0.668 
 267 L _   0.063 0.037 0.001 0.016 0.014 0.030 0.131 0.707 
 268 K _   0.050 0.026 0.001 0.012 0.010 0.025 0.136 0.739 
 269 A _   0.039 0.019 0.001 0.010 0.007 0.020 0.139 0.765 
 270 P _   0.030 0.014 0.001 0.008 0.005 0.017 0.142 0.783 
 271 V _   0.023 0.011 0.000 0.007 0.004 0.014 0.145 0.795 
 272 D _   0.018 0.009 0.000 0.007 0.004 0.012 0.147 0.803 
 273 G _   0.015 0.008 0.000 0.007 0.003 0.011 0.148 0.807 
 274 W _   0.013 0.008 0.000 0.007 0.003 0.010 0.149 0.810 
 275 Y _   0.011 0.007 0.000 0.007 0.003 0.009 0.150 0.811 
 276 K _   0.009 0.007 0.000 0.008 0.003 0.009 0.151 0.813 
 277 L _   0.008 0.007 0.000 0.008 0.003 0.008 0.151 0.814 
 278 L _   0.007 0.007 0.000 0.008 0.003 0.008 0.151 0.815 
 279 N _   0.006 0.008 0.000 0.008 0.003 0.007 0.151 0.816 
 280 Q _   0.006 0.008 0.000 0.008 0.003 0.007 0.151 0.816 
 281 E _   0.006 0.009 0.000 0.008 0.003 0.007 0.151 0.815 
 282 E _   0.006 0.010 0.000 0.009 0.003 0.007 0.150 0.814 
 283 G _   0.006 0.011 0.000 0.010 0.003 0.007 0.150 0.813 
 284 E _   0.006 0.013 0.000 0.010 0.003 0.008 0.149 0.810 
 285 Y _   0.006 0.014 0.000 0.011 0.003 0.008 0.149 0.808 
 286 Y _   0.006 0.016 0.000 0.012 0.004 0.008 0.149 0.807 
 287 N _   0.006 0.017 0.000 0.012 0.004 0.008 0.149 0.805 
 288 V _   0.006 0.018 0.000 0.012 0.004 0.008 0.149 0.804 
 289 P _   0.006 0.020 0.000 0.011 0.003 0.008 0.149 0.803 
 290 V _   0.006 0.021 0.000 0.010 0.003 0.008 0.148 0.803 
 291 A _   0.006 0.022 0.000 0.009 0.003 0.008 0.148 0.804 
 292 D _   0.005 0.024 0.000 0.009 0.003 0.008 0.148 0.803 
 293 A _   0.005 0.026 0.000 0.008 0.003 0.008 0.147 0.802 
 294 D _   0.006 0.029 0.000 0.008 0.003 0.009 0.146 0.799 
 295 N _   0.006 0.033 0.000 0.009 0.003 0.009 0.145 0.794 
 296 C _   0.006 0.039 0.000 0.010 0.004 0.010 0.144 0.786 
 297 S _   0.007 0.047 0.001 0.012 0.005 0.011 0.142 0.775 
 298 L _   0.007 0.057 0.001 0.014 0.005 0.013 0.141 0.762 
 299 L _   0.008 0.068 0.001 0.017 0.006 0.013 0.139 0.749 
 300 Q _   0.008 0.078 0.001 0.018 0.006 0.014 0.138 0.736 
 301 K _   0.008 0.088 0.001 0.019 0.007 0.015 0.136 0.726 
 302 F _   0.008 0.096 0.001 0.020 0.007 0.015 0.136 0.718 
 303 E _   0.009 0.103 0.001 0.019 0.007 0.016 0.135 0.711 
 304 A _   0.009 0.109 0.001 0.019 0.007 0.016 0.134 0.705 
 305 C _   0.009 0.114 0.001 0.018 0.007 0.017 0.134 0.699 
 306 N _   0.010 0.120 0.001 0.019 0.008 0.017 0.134 0.692 
 307 Y _   0.011 0.126 0.001 0.020 0.008 0.018 0.134 0.683 
 308 P _   0.011 0.132 0.001 0.022 0.009 0.018 0.134 0.672 
 309 L _   0.012 0.139 0.001 0.025 0.010 0.019 0.135 0.659 
 310 E _   0.013 0.145 0.001 0.029 0.011 0.019 0.136 0.646 
 311 L _   0.013 0.150 0.001 0.033 0.011 0.019 0.137 0.636 
 312 Y _   0.013 0.152 0.001 0.035 0.011 0.019 0.139 0.630 
 313 E _   0.013 0.151 0.001 0.037 0.011 0.018 0.141 0.629 
 314 R _   0.012 0.147 0.001 0.035 0.010 0.017 0.144 0.633 
 315 V _   0.012 0.139 0.001 0.033 0.009 0.015 0.148 0.642 
 316 R _   0.011 0.127 0.001 0.029 0.008 0.014 0.153 0.657 
 317 M _   0.011 0.111 0.001 0.025 0.007 0.013 0.157 0.676 
 318 G _   0.010 0.093 0.001 0.021 0.006 0.011 0.163 0.695 
 319 P _   0.010 0.074 0.001 0.017 0.005 0.010 0.168 0.715 
 320 S _   0.009 0.058 0.001 0.014 0.004 0.009 0.173 0.732 
 321 S _   0.009 0.044 0.000 0.012 0.003 0.009 0.178 0.745 
 322 S _   0.008 0.033 0.000 0.010 0.003 0.008 0.182 0.757 
 323 P _   0.007 0.025 0.000 0.008 0.002 0.007 0.185 0.765 
 324 I _   0.006 0.020 0.000 0.007 0.002 0.006 0.187 0.771 
 325 P _   0.006 0.016 0.000 0.006 0.002 0.006 0.189 0.776 
 326 S _   0.005 0.013 0.000 0.005 0.002 0.005 0.189 0.781 
 327 P _   0.005 0.011 0.000 0.005 0.001 0.005 0.188 0.785 
 328 S _   0.004 0.011 0.000 0.004 0.001 0.005 0.187 0.788 
 329 P _   0.004 0.011 0.000 0.004 0.001 0.005 0.185 0.791 
 330 S _   0.004 0.012 0.000 0.004 0.001 0.005 0.182 0.792 
 331 P _   0.004 0.014 0.000 0.005 0.002 0.006 0.177 0.791 
 332 T _   0.004 0.019 0.000 0.007 0.002 0.008 0.172 0.787 
 333 D _   0.005 0.029 0.000 0.010 0.003 0.010 0.165 0.778 
 334 P _   0.005 0.046 0.001 0.015 0.005 0.012 0.156 0.760 
 335 K _   0.006 0.069 0.001 0.022 0.006 0.014 0.147 0.735 
 336 R _   0.006 0.096 0.001 0.029 0.008 0.016 0.137 0.708 
 337 C _   0.006 0.120 0.001 0.034 0.009 0.017 0.128 0.685 
 338 F _   0.006 0.139 0.001 0.038 0.010 0.018 0.120 0.668 
 339 F _   0.006 0.151 0.001 0.039 0.010 0.019 0.113 0.660 
 340 G _   0.006 0.159 0.001 0.038 0.010 0.020 0.108 0.658 
 341 A _   0.006 0.163 0.001 0.035 0.010 0.020 0.104 0.661 
 342 S _   0.007 0.163 0.001 0.030 0.009 0.021 0.101 0.669 
 343 P _   0.008 0.161 0.001 0.025 0.009 0.022 0.098 0.678 
 344 G _   0.009 0.157 0.001 0.019 0.008 0.023 0.095 0.688 
 345 R _   0.011 0.154 0.001 0.015 0.008 0.025 0.092 0.694 
 346 L _   0.014 0.151 0.001 0.013 0.008 0.027 0.090 0.696 
 347 H _   0.018 0.151 0.001 0.011 0.010 0.031 0.087 0.691 
 348 I _   0.022 0.155 0.001 0.012 0.013 0.035 0.085 0.678 
 349 S _   0.028 0.162 0.001 0.014 0.017 0.039 0.082 0.657 
 350 D _   0.035 0.175 0.002 0.018 0.022 0.043 0.078 0.627 
 351 F _   0.041 0.191 0.002 0.024 0.027 0.046 0.075 0.594 
 352 S _   0.046 0.207 0.002 0.030 0.030 0.047 0.073 0.565 
 353 F _   0.049 0.219 0.002 0.037 0.032 0.047 0.071 0.543 
 354 L _   0.050 0.225 0.002 0.041 0.033 0.045 0.070 0.535 
 355 M _   0.049 0.226 0.002 0.041 0.031 0.043 0.070 0.538 
 356 V _   0.048 0.221 0.002 0.039 0.028 0.040 0.070 0.552 
 357 L _   0.046 0.210 0.002 0.034 0.025 0.037 0.070 0.576 
 358 G _   0.043 0.193 0.002 0.029 0.021 0.033 0.071 0.608 
 359 K _   0.039 0.173 0.001 0.024 0.018 0.030 0.072 0.643 
 360 G _   0.035 0.152 0.001 0.020 0.014 0.027 0.073 0.677 
 361 S _   0.031 0.134 0.001 0.017 0.012 0.025 0.074 0.705 
 362 F _   0.027 0.120 0.001 0.017 0.010 0.022 0.076 0.728 
 363 G _   0.023 0.108 0.001 0.017 0.009 0.020 0.077 0.745 
 364 K _   0.020 0.098 0.001 0.017 0.008 0.018 0.078 0.759 
 365 V _   0.018 0.088 0.001 0.017 0.007 0.016 0.080 0.773 
 366 M _   0.015 0.078 0.001 0.016 0.006 0.015 0.081 0.787 
 367 L _   0.013 0.068 0.001 0.015 0.005 0.013 0.082 0.804 
 368 A _   0.011 0.056 0.001 0.012 0.004 0.011 0.083 0.821 
 369 E _   0.010 0.046 0.001 0.010 0.004 0.010 0.084 0.838 
 370 R _   0.008 0.037 0.000 0.007 0.003 0.009 0.084 0.852 
 371 R _   0.007 0.032 0.000 0.006 0.002 0.008 0.084 0.861 
 372 G _   0.006 0.029 0.000 0.005 0.002 0.008 0.083 0.866 
 373 S _   0.006 0.028 0.000 0.005 0.002 0.008 0.083 0.867 
 374 D _   0.007 0.029 0.000 0.006 0.003 0.010 0.082 0.864 
 375 E _   0.008 0.032 0.000 0.008 0.004 0.011 0.080 0.856 
 376 L _   0.009 0.039 0.001 0.012 0.005 0.014 0.079 0.842 
 377 Y _   0.010 0.049 0.001 0.018 0.007 0.016 0.077 0.823 
 378 A _   0.011 0.061 0.001 0.026 0.009 0.018 0.074 0.800 
 379 I _   0.012 0.073 0.001 0.034 0.011 0.019 0.072 0.778 
 380 K _   0.012 0.081 0.001 0.040 0.013 0.020 0.071 0.762 
 381 I _   0.013 0.086 0.001 0.045 0.013 0.020 0.070 0.753 
 382 L _   0.013 0.087 0.001 0.045 0.013 0.019 0.069 0.752 
 383 K _   0.013 0.085 0.001 0.043 0.012 0.018 0.069 0.758 
 384 K _   0.012 0.079 0.001 0.038 0.011 0.017 0.070 0.772 
 385 D _   0.012 0.070 0.001 0.031 0.009 0.015 0.071 0.791 
 386 V _   0.011 0.057 0.001 0.024 0.007 0.013 0.072 0.815 
 387 I _   0.010 0.042 0.001 0.017 0.005 0.011 0.074 0.840 
 388 V _   0.009 0.030 0.001 0.011 0.004 0.010 0.075 0.862 
 389 Q _   0.008 0.021 0.000 0.007 0.003 0.008 0.075 0.878 
 390 D _   0.007 0.016 0.000 0.005 0.002 0.008 0.075 0.887 
 391 D _   0.007 0.014 0.000 0.003 0.002 0.008 0.074 0.892 
 392 D _   0.007 0.013 0.000 0.003 0.002 0.008 0.073 0.893 
 393 V _   0.008 0.015 0.000 0.004 0.002 0.010 0.072 0.889 
 394 D _   0.009 0.019 0.000 0.006 0.004 0.013 0.070 0.878 
 395 C _   0.012 0.031 0.001 0.010 0.006 0.017 0.067 0.857 
 396 T _   0.014 0.056 0.001 0.018 0.009 0.020 0.063 0.820 
 397 L _   0.015 0.092 0.001 0.028 0.013 0.023 0.058 0.771 
 398 V _   0.015 0.135 0.002 0.039 0.016 0.025 0.053 0.717 
 399 E _   0.014 0.171 0.002 0.049 0.017 0.025 0.049 0.673 
 400 K _   0.013 0.197 0.002 0.056 0.018 0.025 0.045 0.644 
 401 R _   0.013 0.211 0.001 0.060 0.018 0.024 0.043 0.630 
 402 V _   0.012 0.218 0.001 0.060 0.017 0.023 0.041 0.628 
 403 L _   0.011 0.218 0.001 0.057 0.015 0.021 0.040 0.637 
 404 A _   0.011 0.211 0.001 0.050 0.013 0.019 0.039 0.655 
 405 L _   0.010 0.197 0.001 0.041 0.011 0.017 0.039 0.683 
 406 G _   0.010 0.176 0.001 0.031 0.009 0.015 0.039 0.718 
 407 G _   0.009 0.150 0.001 0.022 0.007 0.013 0.040 0.758 
 408 R _   0.009 0.125 0.001 0.015 0.005 0.012 0.040 0.794 
 409 G _   0.008 0.106 0.001 0.010 0.004 0.011 0.040 0.820 
 410 P _   0.008 0.095 0.000 0.008 0.003 0.011 0.039 0.836 
 411 G _   0.008 0.090 0.000 0.007 0.003 0.012 0.039 0.842 
 412 G _   0.008 0.088 0.000 0.007 0.003 0.013 0.038 0.842 
 413 R _   0.009 0.090 0.000 0.010 0.004 0.014 0.037 0.836 
 414 P _   0.010 0.094 0.001 0.014 0.006 0.016 0.035 0.824 
 415 H _   0.010 0.101 0.001 0.020 0.008 0.018 0.034 0.808 
 416 F _   0.011 0.108 0.001 0.027 0.010 0.020 0.032 0.792 
 417 L _   0.011 0.112 0.001 0.034 0.011 0.021 0.031 0.780 
 418 T _   0.011 0.114 0.001 0.037 0.012 0.021 0.030 0.775 
 419 Q _   0.011 0.111 0.001 0.039 0.012 0.021 0.029 0.776 
 420 L _   0.010 0.105 0.001 0.037 0.012 0.021 0.028 0.786 
 421 H _   0.010 0.094 0.001 0.032 0.011 0.020 0.028 0.804 
 422 S _   0.011 0.077 0.001 0.026 0.010 0.020 0.028 0.828 
 423 T _   0.012 0.056 0.001 0.019 0.008 0.020 0.028 0.856 
 424 F _   0.013 0.037 0.001 0.014 0.007 0.021 0.028 0.881 
 425 Q _   0.015 0.022 0.001 0.009 0.006 0.022 0.027 0.898 
 426 T _   0.018 0.013 0.001 0.007 0.006 0.024 0.027 0.905 
 427 P _   0.024 0.009 0.001 0.005 0.006 0.027 0.026 0.902 
 428 D _   0.031 0.007 0.001 0.005 0.007 0.031 0.026 0.892 
 429 R _   0.042 0.007 0.001 0.006 0.010 0.036 0.025 0.873 
 430 L _   0.054 0.008 0.001 0.009 0.015 0.042 0.024 0.847 
 431 Y _   0.067 0.010 0.001 0.012 0.020 0.048 0.023 0.818 
 432 F _   0.080 0.012 0.002 0.016 0.026 0.054 0.022 0.788 
 433 V _   0.091 0.014 0.002 0.020 0.030 0.058 0.021 0.763 
 434 M _   0.099 0.016 0.002 0.022 0.033 0.060 0.021 0.747 
 435 E _   0.105 0.016 0.002 0.021 0.035 0.061 0.020 0.740 
 436 Y _   0.109 0.016 0.002 0.019 0.034 0.060 0.020 0.739 
 437 V _   0.111 0.016 0.002 0.017 0.033 0.059 0.019 0.743 
 438 T _   0.111 0.015 0.002 0.014 0.031 0.058 0.019 0.750 
 439 G _   0.109 0.015 0.002 0.013 0.029 0.056 0.019 0.758 
 440 G _   0.106 0.015 0.001 0.013 0.027 0.054 0.019 0.765 
 441 D _   0.102 0.015 0.001 0.014 0.026 0.052 0.019 0.771 
 442 L _   0.095 0.016 0.002 0.017 0.025 0.049 0.019 0.777 
 443 M _   0.087 0.018 0.002 0.021 0.024 0.045 0.019 0.785 
 444 Y _   0.078 0.019 0.002 0.024 0.022 0.041 0.019 0.795 
 445 H _   0.069 0.019 0.001 0.027 0.020 0.037 0.019 0.809 
 446 I _   0.059 0.018 0.001 0.026 0.017 0.032 0.019 0.828 
 447 Q _   0.050 0.015 0.001 0.024 0.013 0.027 0.019 0.850 
 448 Q _   0.042 0.012 0.001 0.019 0.010 0.022 0.019 0.874 
 449 L _   0.036 0.008 0.001 0.014 0.007 0.017 0.019 0.897 
 450 G _   0.033 0.004 0.001 0.009 0.005 0.014 0.019 0.916 
 451 K _   0.033 0.002 0.000 0.005 0.003 0.011 0.018 0.928 
 452 F _   0.035 0.001 0.000 0.003 0.002 0.009 0.018 0.932 
 453 K _   0.044 0.000 0.000 0.002 0.002 0.008 0.017 0.928 
 454 E _   0.062 0.000 0.000 0.001 0.002 0.007 0.015 0.911 
 455 P _   0.099 0.000 0.000 0.001 0.003 0.008 0.014 0.875 
 456 H _   0.164 0.000 0.001 0.001 0.004 0.010 0.012 0.809 
 457 A _   0.265 0.000 0.001 0.001 0.006 0.012 0.009 0.706 
 458 A _   0.398 0.000 0.001 0.001 0.009 0.014 0.007 0.569 
 459 F H   0.537 0.000 0.001 0.001 0.013 0.016 0.005 0.426 
 460 Y H   0.657 0.000 0.001 0.001 0.017 0.017 0.003 0.304 
 461 A H   0.746 0.000 0.001 0.001 0.020 0.017 0.002 0.212 
 462 A H   0.807 0.000 0.001 0.001 0.021 0.015 0.002 0.152 
 463 E H   0.844 0.000 0.001 0.001 0.021 0.014 0.001 0.116 
 464 I H   0.866 0.000 0.001 0.001 0.021 0.013 0.001 0.097 
 465 A H   0.874 0.000 0.001 0.001 0.021 0.011 0.001 0.090 
 466 I H   0.871 0.000 0.001 0.001 0.020 0.011 0.001 0.094 
 467 G H   0.857 0.000 0.001 0.001 0.020 0.010 0.002 0.110 
 468 L H   0.827 0.000 0.001 0.001 0.019 0.010 0.002 0.139 
 469 F H   0.780 0.000 0.001 0.001 0.018 0.011 0.003 0.186 
 470 F H   0.715 0.000 0.001 0.001 0.017 0.011 0.004 0.250 
 471 L H   0.636 0.000 0.001 0.001 0.015 0.012 0.005 0.328 
 472 H H   0.551 0.000 0.001 0.002 0.014 0.013 0.007 0.412 
 473 N _   0.463 0.000 0.001 0.002 0.012 0.014 0.010 0.497 
 474 Q _   0.376 0.000 0.001 0.003 0.011 0.015 0.012 0.581 
 475 G _   0.300 0.000 0.001 0.005 0.010 0.015 0.015 0.654 
 476 I _   0.232 0.000 0.001 0.006 0.009 0.015 0.018 0.718 
 477 I _   0.174 0.001 0.001 0.007 0.008 0.015 0.020 0.774 
 478 Y _   0.126 0.001 0.001 0.008 0.007 0.014 0.022 0.821 
 479 R _   0.088 0.001 0.001 0.008 0.006 0.013 0.024 0.859 
 480 D _   0.061 0.001 0.001 0.008 0.005 0.012 0.025 0.887 
 481 L _   0.041 0.001 0.001 0.007 0.004 0.011 0.026 0.908 
 482 K _   0.028 0.001 0.000 0.006 0.004 0.010 0.027 0.923 
 483 L _   0.020 0.002 0.000 0.006 0.003 0.009 0.028 0.932 
 484 D _   0.015 0.002 0.000 0.006 0.003 0.009 0.028 0.936 
 485 N _   0.013 0.003 0.000 0.006 0.003 0.009 0.028 0.938 
 486 V _   0.011 0.005 0.000 0.006 0.003 0.010 0.028 0.936 
 487 M _   0.011 0.007 0.000 0.007 0.004 0.010 0.028 0.933 
 488 L _   0.011 0.010 0.000 0.009 0.004 0.011 0.028 0.927 
 489 D _   0.011 0.014 0.001 0.010 0.005 0.012 0.028 0.920 
 490 A _   0.011 0.018 0.001 0.012 0.006 0.013 0.028 0.911 
 491 E _   0.011 0.024 0.001 0.015 0.007 0.014 0.027 0.902 
 492 G _   0.011 0.029 0.001 0.017 0.007 0.015 0.027 0.893 
 493 H _   0.012 0.034 0.001 0.018 0.008 0.016 0.026 0.884 
 494 I _   0.012 0.040 0.001 0.020 0.009 0.017 0.026 0.876 
 495 K _   0.012 0.044 0.001 0.022 0.009 0.017 0.026 0.869 
 496 I _   0.013 0.048 0.001 0.022 0.009 0.017 0.026 0.865 
 497 T _   0.012 0.050 0.001 0.022 0.009 0.017 0.026 0.864 
 498 D _   0.012 0.051 0.001 0.021 0.008 0.016 0.026 0.864 
 499 F _   0.012 0.052 0.001 0.020 0.008 0.016 0.026 0.866 
 500 G _   0.011 0.052 0.001 0.018 0.007 0.015 0.026 0.870 
 501 M _   0.011 0.051 0.001 0.015 0.007 0.015 0.026 0.874 
 502 C _   0.011 0.050 0.001 0.013 0.006 0.014 0.026 0.878 
 503 K _   0.011 0.050 0.001 0.012 0.006 0.014 0.027 0.880 
 504 E _   0.010 0.051 0.001 0.012 0.006 0.014 0.027 0.880 
 505 N _   0.011 0.052 0.001 0.012 0.006 0.015 0.027 0.878 
 506 V _   0.011 0.054 0.001 0.014 0.006 0.015 0.026 0.872 
 507 F _   0.011 0.058 0.001 0.016 0.007 0.015 0.026 0.865 
 508 P _   0.011 0.061 0.001 0.019 0.008 0.016 0.026 0.857 
 509 G _   0.011 0.064 0.001 0.023 0.009 0.016 0.026 0.849 
 510 T _   0.011 0.067 0.001 0.025 0.009 0.016 0.026 0.843 
 511 T _   0.011 0.067 0.001 0.027 0.010 0.016 0.027 0.841 
 512 T _   0.011 0.066 0.001 0.027 0.009 0.015 0.027 0.844 
 513 R _   0.010 0.063 0.001 0.025 0.008 0.014 0.027 0.851 
 514 T _   0.009 0.059 0.001 0.022 0.007 0.013 0.028 0.861 
 515 F _   0.009 0.053 0.001 0.018 0.006 0.012 0.029 0.873 
 516 C _   0.008 0.046 0.001 0.014 0.005 0.011 0.029 0.886 
 517 G _   0.007 0.040 0.001 0.011 0.004 0.011 0.029 0.896 
 518 T _   0.007 0.036 0.000 0.009 0.004 0.010 0.030 0.903 
 519 P _   0.007 0.034 0.000 0.009 0.004 0.011 0.030 0.906 
 520 D _   0.007 0.033 0.000 0.009 0.004 0.011 0.030 0.905 
 521 Y _   0.008 0.033 0.001 0.011 0.005 0.013 0.030 0.900 
 522 I _   0.008 0.035 0.001 0.015 0.006 0.014 0.030 0.891 
 523 A _   0.009 0.038 0.001 0.020 0.008 0.016 0.029 0.880 
 524 P _   0.009 0.040 0.001 0.026 0.009 0.017 0.029 0.868 
 525 E _   0.010 0.042 0.001 0.031 0.011 0.018 0.029 0.858 
 526 I _   0.011 0.042 0.001 0.034 0.011 0.019 0.029 0.853 
 527 I _   0.012 0.040 0.001 0.034 0.011 0.019 0.029 0.853 
 528 A _   0.014 0.036 0.001 0.031 0.011 0.019 0.030 0.860 
 529 Y _   0.016 0.029 0.001 0.025 0.009 0.018 0.030 0.871 
 530 Q _   0.019 0.020 0.001 0.018 0.008 0.018 0.031 0.886 
 531 P _   0.026 0.011 0.001 0.011 0.006 0.017 0.031 0.897 
 532 Y _   0.036 0.005 0.001 0.006 0.005 0.017 0.032 0.899 
 533 G _   0.052 0.001 0.001 0.004 0.004 0.018 0.032 0.888 
 534 K _   0.081 0.000 0.001 0.002 0.005 0.020 0.032 0.860 
 535 S _   0.127 0.000 0.001 0.002 0.006 0.024 0.031 0.809 
 536 V _   0.194 0.000 0.001 0.002 0.010 0.029 0.031 0.733 
 537 D _   0.278 0.000 0.001 0.002 0.016 0.036 0.030 0.636 
 538 W _   0.367 0.000 0.002 0.003 0.025 0.044 0.030 0.529 
 539 W H   0.445 0.001 0.002 0.004 0.038 0.050 0.030 0.430 
 540 S H   0.506 0.003 0.002 0.005 0.050 0.054 0.031 0.347 
 541 F H   0.548 0.007 0.003 0.008 0.060 0.056 0.033 0.286 
 542 G H   0.570 0.012 0.003 0.011 0.066 0.056 0.036 0.246 
 543 V H   0.579 0.017 0.003 0.015 0.069 0.054 0.040 0.223 
 544 L H   0.571 0.021 0.003 0.019 0.070 0.052 0.045 0.219 
 545 L H   0.549 0.024 0.003 0.023 0.068 0.049 0.052 0.233 
 546 Y H   0.513 0.024 0.003 0.025 0.062 0.045 0.061 0.267 
 547 E H   0.456 0.023 0.003 0.026 0.053 0.040 0.073 0.324 
 548 M _   0.384 0.020 0.003 0.026 0.042 0.035 0.088 0.402 
 549 L _   0.303 0.015 0.003 0.022 0.029 0.029 0.106 0.493 
 550 A _   0.222 0.010 0.002 0.017 0.018 0.023 0.124 0.585 
 551 G _   0.151 0.005 0.001 0.012 0.010 0.017 0.139 0.665 
 552 Q _   0.095 0.003 0.001 0.007 0.005 0.012 0.151 0.726 
 553 P _   0.056 0.001 0.000 0.005 0.003 0.008 0.160 0.767 
 554 P _   0.032 0.001 0.000 0.003 0.002 0.006 0.165 0.792 
 555 F _   0.017 0.000 0.000 0.002 0.001 0.005 0.169 0.806 
 556 D _   0.010 0.000 0.000 0.002 0.001 0.004 0.171 0.812 
 557 G _   0.007 0.000 0.000 0.001 0.001 0.005 0.172 0.813 
 558 E _   0.006 0.001 0.000 0.002 0.001 0.006 0.172 0.811 
 559 D _   0.007 0.004 0.000 0.004 0.002 0.009 0.171 0.803 
 560 E _   0.009 0.011 0.000 0.007 0.004 0.015 0.169 0.784 
 561 E _   0.012 0.032 0.001 0.015 0.008 0.021 0.165 0.746 
 562 E _   0.015 0.074 0.001 0.027 0.013 0.028 0.159 0.682 
 563 L _   0.017 0.134 0.002 0.044 0.019 0.033 0.152 0.600 
 564 F _   0.017 0.190 0.002 0.061 0.024 0.036 0.145 0.525 
 565 Q _   0.017 0.230 0.002 0.076 0.027 0.037 0.140 0.471 
 566 A _   0.017 0.251 0.002 0.086 0.028 0.037 0.138 0.441 
 567 I _   0.017 0.259 0.002 0.090 0.029 0.037 0.137 0.430 
 568 M _   0.017 0.259 0.002 0.089 0.028 0.035 0.137 0.434 
 569 E _   0.017 0.249 0.002 0.081 0.026 0.033 0.139 0.454 
 570 Q _   0.017 0.225 0.002 0.068 0.023 0.031 0.142 0.492 
 571 T _   0.018 0.183 0.002 0.052 0.019 0.028 0.147 0.550 
 572 V _   0.018 0.126 0.002 0.035 0.015 0.027 0.153 0.624 
 573 T _   0.018 0.069 0.001 0.021 0.011 0.025 0.159 0.696 
 574 Y _   0.018 0.031 0.001 0.010 0.007 0.024 0.163 0.746 
 575 P _   0.019 0.014 0.001 0.005 0.005 0.024 0.165 0.768 
 576 K _   0.020 0.009 0.000 0.003 0.004 0.025 0.167 0.772 
 577 S _   0.025 0.008 0.000 0.003 0.005 0.028 0.168 0.764 
 578 L _   0.033 0.009 0.001 0.004 0.007 0.033 0.168 0.745 
 579 S _   0.043 0.015 0.001 0.007 0.013 0.040 0.168 0.713 
 580 R _   0.054 0.034 0.002 0.014 0.022 0.047 0.168 0.659 
 581 E _   0.062 0.070 0.002 0.026 0.032 0.052 0.168 0.588 
 582 A _   0.066 0.115 0.003 0.040 0.039 0.054 0.168 0.516 
 583 V _   0.067 0.151 0.003 0.053 0.042 0.054 0.170 0.461 
 584 A _   0.066 0.173 0.003 0.062 0.043 0.052 0.173 0.429 
 585 I _   0.064 0.185 0.002 0.067 0.041 0.049 0.177 0.415 
 586 C _   0.060 0.188 0.002 0.067 0.038 0.045 0.184 0.416 
 587 K _   0.054 0.184 0.002 0.064 0.033 0.040 0.192 0.431 
 588 G _   0.048 0.172 0.002 0.056 0.028 0.035 0.202 0.458 
 589 F _   0.041 0.151 0.002 0.046 0.021 0.029 0.214 0.495 
 590 L _   0.034 0.122 0.002 0.035 0.016 0.024 0.228 0.539 
 591 T _   0.028 0.090 0.001 0.025 0.011 0.020 0.241 0.584 
 592 K _   0.022 0.062 0.001 0.018 0.007 0.016 0.253 0.622 
 593 H _   0.017 0.041 0.001 0.012 0.005 0.012 0.262 0.649 
 594 P _   0.013 0.028 0.000 0.009 0.003 0.010 0.270 0.667 
 595 G _   0.010 0.020 0.000 0.006 0.002 0.008 0.275 0.678 
 596 K _   0.008 0.016 0.000 0.005 0.002 0.006 0.279 0.684 
 597 R _   0.007 0.013 0.000 0.004 0.001 0.005 0.282 0.687 
 598 L _   0.005 0.012 0.000 0.004 0.001 0.005 0.283 0.690 
 599 G _   0.004 0.011 0.000 0.004 0.001 0.005 0.283 0.691 
 600 S _   0.004 0.012 0.000 0.003 0.001 0.005 0.282 0.693 
 601 G _   0.004 0.013 0.000 0.004 0.001 0.005 0.280 0.693 
 602 P _   0.004 0.015 0.000 0.004 0.001 0.006 0.277 0.692 
 603 D _   0.004 0.021 0.000 0.006 0.002 0.008 0.272 0.686 
 604 G _   0.006 0.033 0.000 0.008 0.003 0.011 0.265 0.673 
 605 E _   0.007 0.056 0.001 0.013 0.006 0.015 0.256 0.646 
 606 P _   0.010 0.102 0.001 0.019 0.010 0.020 0.243 0.596 
 607 T _   0.011 0.176 0.002 0.027 0.015 0.024 0.226 0.518 
 608 I _   0.012 0.279 0.002 0.036 0.020 0.026 0.208 0.416 
 609 R E   0.011 0.387 0.002 0.042 0.022 0.026 0.193 0.318 
 610 A E   0.009 0.471 0.002 0.045 0.021 0.025 0.181 0.246 
 611 H E   0.008 0.528 0.002 0.046 0.019 0.023 0.174 0.200 
 612 G E   0.007 0.560 0.001 0.046 0.018 0.021 0.170 0.177 
 613 F E   0.007 0.577 0.001 0.044 0.016 0.020 0.168 0.166 
 614 F E   0.007 0.584 0.001 0.043 0.015 0.019 0.168 0.163 
 615 R E   0.007 0.583 0.001 0.040 0.015 0.018 0.168 0.167 
 616 W E   0.008 0.577 0.001 0.038 0.014 0.017 0.170 0.176 
 617 I E   0.008 0.563 0.001 0.035 0.014 0.017 0.173 0.190 
 618 D E   0.009 0.541 0.001 0.032 0.013 0.016 0.177 0.210 
 619 W E   0.010 0.512 0.001 0.030 0.013 0.016 0.183 0.235 
 620 E E   0.011 0.476 0.001 0.029 0.012 0.016 0.190 0.265 
 621 R E   0.012 0.434 0.001 0.028 0.012 0.016 0.199 0.298 
 622 L E   0.012 0.386 0.001 0.027 0.011 0.016 0.210 0.336 
 623 E _   0.013 0.336 0.001 0.026 0.010 0.015 0.222 0.376 
 624 R _   0.013 0.284 0.001 0.024 0.009 0.015 0.235 0.418 
 625 L _   0.012 0.236 0.001 0.022 0.008 0.014 0.248 0.458 
 626 E _   0.011 0.191 0.001 0.019 0.007 0.013 0.261 0.496 
 627 I _   0.010 0.154 0.001 0.016 0.006 0.012 0.273 0.529 
 628 P _   0.009 0.123 0.001 0.013 0.005 0.010 0.283 0.555 
 629 P _   0.008 0.101 0.001 0.011 0.004 0.009 0.292 0.575 
 630 P _   0.007 0.085 0.000 0.009 0.003 0.008 0.299 0.589 
 631 F _   0.006 0.075 0.000 0.007 0.002 0.007 0.305 0.598 
 632 R _   0.005 0.068 0.000 0.006 0.002 0.006 0.309 0.603 
 633 P _   0.005 0.064 0.000 0.006 0.002 0.006 0.312 0.606 
 634 R _   0.004 0.062 0.000 0.005 0.002 0.006 0.314 0.607 
 635 P _   0.004 0.061 0.000 0.005 0.002 0.006 0.316 0.606 
 636 C _   0.004 0.062 0.000 0.006 0.002 0.006 0.316 0.605 
 637 G _   0.004 0.064 0.000 0.006 0.002 0.006 0.316 0.602 
 638 R _   0.004 0.067 0.000 0.007 0.002 0.007 0.316 0.597 
 639 S _   0.004 0.073 0.000 0.008 0.002 0.007 0.315 0.591 
 640 G _   0.004 0.080 0.000 0.010 0.003 0.008 0.313 0.581 
 641 E _   0.004 0.091 0.000 0.013 0.004 0.009 0.311 0.568 
 642 N _   0.004 0.105 0.001 0.016 0.005 0.010 0.309 0.551 
 643 F _   0.005 0.120 0.001 0.019 0.006 0.011 0.307 0.532 
 644 D _   0.005 0.136 0.001 0.023 0.007 0.012 0.305 0.512 
 645 K _   0.005 0.149 0.001 0.028 0.007 0.013 0.304 0.493 
 646 F _   0.005 0.159 0.001 0.031 0.008 0.013 0.304 0.479 
 647 F _   0.005 0.165 0.001 0.033 0.008 0.013 0.305 0.470 
 648 T _   0.005 0.168 0.001 0.033 0.008 0.013 0.308 0.464 
 649 R _   0.005 0.168 0.001 0.031 0.008 0.012 0.311 0.464 
 650 A _   0.005 0.165 0.001 0.027 0.007 0.012 0.315 0.467 
 651 A _   0.006 0.158 0.001 0.023 0.006 0.011 0.321 0.474 
 652 P _   0.006 0.150 0.001 0.018 0.005 0.010 0.327 0.483 
 653 A _   0.006 0.141 0.001 0.013 0.005 0.010 0.334 0.492 
 654 L _   0.006 0.133 0.000 0.010 0.004 0.010 0.340 0.498 
 655 T _   0.006 0.127 0.000 0.008 0.004 0.010 0.345 0.500 
 656 P _   0.006 0.124 0.000 0.008 0.003 0.010 0.351 0.498 
 657 P _   0.006 0.124 0.000 0.008 0.004 0.011 0.356 0.491 
 658 D _   0.007 0.126 0.000 0.010 0.004 0.012 0.361 0.481 
 659 R _   0.007 0.130 0.001 0.012 0.005 0.012 0.366 0.467 
 660 L _   0.008 0.135 0.001 0.015 0.006 0.013 0.371 0.452 
 661 V _   0.008 0.139 0.001 0.018 0.007 0.014 0.377 0.437 
 662 L _   0.008 0.143 0.001 0.020 0.007 0.014 0.383 0.425 
 663 A _   0.007 0.145 0.001 0.021 0.007 0.014 0.390 0.415 
