#TopoPred_TM8: 8-state transmembrane topology prediction results by no_profile mode 
#probabilities are in the order of H E C I L F X _, the 8 transmembrane topology types used in PDBTM 
   1 M X   0.015 0.001 0.002 0.049 0.010 0.010 0.659 0.254 
   2 K X   0.005 0.000 0.000 0.025 0.002 0.005 0.675 0.288 
   3 I X   0.001 0.000 0.000 0.012 0.001 0.003 0.677 0.306 
   4 P X   0.001 0.000 0.000 0.007 0.001 0.004 0.672 0.315 
   5 N X   0.002 0.000 0.000 0.006 0.001 0.006 0.663 0.321 
   6 I X   0.004 0.001 0.000 0.007 0.002 0.010 0.649 0.327 
   7 G X   0.007 0.003 0.000 0.008 0.003 0.016 0.634 0.330 
   8 N X   0.010 0.006 0.001 0.011 0.005 0.021 0.613 0.333 
   9 V X   0.014 0.012 0.001 0.015 0.007 0.028 0.589 0.334 
  10 M X   0.017 0.022 0.001 0.021 0.012 0.034 0.560 0.333 
  11 N X   0.020 0.035 0.002 0.027 0.017 0.040 0.530 0.330 
  12 K X   0.023 0.047 0.002 0.031 0.022 0.045 0.501 0.329 
  13 F X   0.027 0.058 0.002 0.033 0.026 0.049 0.476 0.329 
  14 E X   0.031 0.066 0.002 0.033 0.030 0.052 0.455 0.331 
  15 I X   0.035 0.073 0.002 0.032 0.032 0.054 0.437 0.335 
  16 L X   0.039 0.079 0.002 0.031 0.033 0.055 0.421 0.341 
  17 G X   0.042 0.082 0.002 0.029 0.033 0.055 0.408 0.350 
  18 V X   0.044 0.085 0.002 0.027 0.032 0.053 0.396 0.360 
  19 V X   0.046 0.087 0.002 0.025 0.031 0.052 0.385 0.372 
  20 G _   0.046 0.088 0.002 0.025 0.030 0.050 0.377 0.384 
  21 E _   0.045 0.088 0.002 0.024 0.028 0.047 0.369 0.397 
  22 G _   0.044 0.087 0.002 0.024 0.026 0.044 0.362 0.411 
  23 A _   0.041 0.086 0.001 0.025 0.023 0.040 0.357 0.426 
  24 Y _   0.038 0.084 0.001 0.025 0.020 0.037 0.353 0.443 
  25 G _   0.034 0.080 0.001 0.024 0.017 0.032 0.349 0.462 
  26 V _   0.029 0.075 0.001 0.022 0.014 0.028 0.346 0.484 
  27 V _   0.025 0.069 0.001 0.019 0.011 0.024 0.344 0.508 
  28 L _   0.021 0.061 0.001 0.015 0.008 0.021 0.341 0.532 
  29 K _   0.017 0.053 0.001 0.012 0.006 0.017 0.339 0.555 
  30 C _   0.014 0.047 0.001 0.009 0.005 0.015 0.336 0.574 
  31 R _   0.011 0.043 0.000 0.007 0.004 0.013 0.333 0.588 
  32 H _   0.010 0.040 0.000 0.007 0.004 0.012 0.330 0.597 
  33 K _   0.009 0.040 0.000 0.007 0.004 0.012 0.327 0.602 
  34 E _   0.008 0.041 0.000 0.009 0.004 0.012 0.323 0.602 
  35 T _   0.008 0.044 0.001 0.013 0.005 0.012 0.320 0.599 
  36 H _   0.008 0.047 0.001 0.017 0.006 0.013 0.316 0.592 
  37 E _   0.009 0.051 0.001 0.023 0.007 0.013 0.312 0.585 
  38 I _   0.009 0.054 0.001 0.028 0.007 0.013 0.310 0.580 
  39 V _   0.009 0.055 0.001 0.030 0.008 0.012 0.308 0.578 
  40 A _   0.008 0.054 0.001 0.030 0.007 0.012 0.307 0.581 
  41 I _   0.008 0.050 0.001 0.027 0.006 0.010 0.307 0.591 
  42 K _   0.007 0.043 0.001 0.022 0.005 0.009 0.307 0.605 
  43 K _   0.007 0.034 0.001 0.016 0.004 0.008 0.308 0.623 
  44 F _   0.006 0.024 0.000 0.011 0.003 0.006 0.308 0.641 
  45 K _   0.005 0.016 0.000 0.007 0.002 0.005 0.309 0.656 
  46 D _   0.004 0.011 0.000 0.004 0.001 0.004 0.308 0.666 
  47 S _   0.004 0.008 0.000 0.003 0.001 0.004 0.307 0.673 
  48 E _   0.003 0.007 0.000 0.002 0.001 0.004 0.304 0.677 
  49 E _   0.003 0.007 0.000 0.003 0.001 0.005 0.301 0.679 
  50 N _   0.004 0.008 0.000 0.004 0.001 0.006 0.297 0.680 
  51 E _   0.005 0.011 0.000 0.006 0.002 0.008 0.291 0.677 
  52 E _   0.006 0.017 0.000 0.009 0.003 0.011 0.284 0.669 
  53 V _   0.007 0.028 0.001 0.014 0.005 0.014 0.275 0.657 
  54 K _   0.008 0.042 0.001 0.021 0.007 0.017 0.265 0.640 
  55 E _   0.009 0.056 0.001 0.028 0.009 0.019 0.255 0.623 
  56 T _   0.009 0.068 0.001 0.034 0.011 0.021 0.246 0.609 
  57 T _   0.010 0.076 0.001 0.039 0.013 0.023 0.239 0.600 
  58 L _   0.011 0.081 0.001 0.042 0.014 0.023 0.233 0.595 
  59 R _   0.011 0.084 0.001 0.043 0.014 0.024 0.228 0.595 
  60 E _   0.012 0.083 0.001 0.041 0.014 0.023 0.225 0.601 
  61 L _   0.013 0.080 0.001 0.037 0.013 0.022 0.222 0.612 
  62 K _   0.013 0.074 0.001 0.032 0.012 0.021 0.220 0.628 
  63 M _   0.013 0.065 0.001 0.026 0.010 0.019 0.219 0.647 
  64 L _   0.013 0.054 0.001 0.020 0.008 0.017 0.218 0.668 
  65 R _   0.013 0.043 0.001 0.015 0.007 0.016 0.218 0.688 
  66 T _   0.012 0.034 0.001 0.011 0.006 0.014 0.217 0.705 
  67 L _   0.012 0.027 0.001 0.009 0.005 0.014 0.217 0.717 
  68 K _   0.011 0.022 0.000 0.007 0.004 0.013 0.216 0.726 
  69 Q _   0.011 0.020 0.000 0.007 0.004 0.013 0.215 0.731 
  70 E _   0.011 0.018 0.000 0.007 0.004 0.013 0.213 0.732 
  71 N _   0.011 0.018 0.001 0.009 0.005 0.013 0.212 0.732 
  72 I _   0.011 0.018 0.001 0.011 0.005 0.014 0.210 0.730 
  73 V _   0.012 0.018 0.001 0.013 0.006 0.014 0.208 0.728 
  74 E _   0.012 0.018 0.001 0.015 0.006 0.014 0.207 0.726 
  75 L _   0.012 0.018 0.001 0.016 0.007 0.014 0.206 0.727 
  76 K _   0.012 0.017 0.001 0.015 0.007 0.014 0.205 0.730 
  77 E _   0.012 0.015 0.001 0.014 0.006 0.014 0.204 0.735 
  78 A _   0.012 0.013 0.001 0.011 0.006 0.014 0.203 0.742 
  79 F _   0.012 0.010 0.001 0.009 0.005 0.013 0.202 0.748 
  80 R _   0.013 0.008 0.000 0.007 0.004 0.013 0.201 0.753 
  81 R _   0.014 0.007 0.000 0.005 0.004 0.014 0.201 0.755 
  82 R _   0.015 0.007 0.000 0.005 0.004 0.015 0.200 0.753 
  83 G _   0.017 0.007 0.001 0.005 0.005 0.017 0.200 0.749 
  84 K _   0.020 0.008 0.001 0.006 0.006 0.019 0.199 0.741 
  85 L _   0.023 0.010 0.001 0.008 0.008 0.021 0.198 0.730 
  86 Y _   0.026 0.014 0.001 0.010 0.010 0.023 0.198 0.718 
  87 L _   0.029 0.019 0.001 0.013 0.011 0.025 0.198 0.705 
  88 V _   0.030 0.023 0.001 0.015 0.012 0.026 0.198 0.694 
  89 F _   0.031 0.027 0.001 0.017 0.013 0.027 0.198 0.686 
  90 E _   0.030 0.031 0.001 0.018 0.013 0.027 0.198 0.680 
  91 Y _   0.030 0.034 0.001 0.019 0.013 0.027 0.199 0.676 
  92 V _   0.029 0.037 0.001 0.020 0.013 0.027 0.200 0.673 
  93 E _   0.028 0.039 0.001 0.022 0.013 0.026 0.201 0.669 
  94 K _   0.027 0.041 0.001 0.024 0.013 0.025 0.203 0.665 
  95 N _   0.026 0.043 0.001 0.026 0.013 0.024 0.206 0.662 
  96 M _   0.025 0.043 0.001 0.028 0.012 0.022 0.209 0.659 
  97 L _   0.023 0.043 0.001 0.029 0.011 0.021 0.212 0.659 
  98 E _   0.021 0.041 0.001 0.029 0.010 0.018 0.216 0.663 
  99 L _   0.019 0.037 0.001 0.026 0.008 0.016 0.221 0.672 
 100 L _   0.016 0.031 0.001 0.022 0.007 0.013 0.226 0.684 
 101 E _   0.014 0.023 0.001 0.016 0.005 0.011 0.231 0.700 
 102 E _   0.011 0.015 0.000 0.011 0.003 0.009 0.234 0.716 
 103 M _   0.009 0.008 0.000 0.007 0.002 0.007 0.237 0.729 
 104 P _   0.007 0.004 0.000 0.004 0.001 0.005 0.239 0.739 
 105 N _   0.006 0.002 0.000 0.002 0.001 0.004 0.240 0.745 
 106 G _   0.005 0.001 0.000 0.002 0.001 0.004 0.239 0.749 
 107 V _   0.004 0.001 0.000 0.001 0.001 0.005 0.238 0.750 
 108 P _   0.005 0.001 0.000 0.001 0.001 0.006 0.235 0.750 
 109 P _   0.007 0.001 0.000 0.002 0.002 0.010 0.231 0.747 
 110 E _   0.011 0.004 0.000 0.004 0.003 0.016 0.226 0.737 
 111 K _   0.017 0.011 0.001 0.007 0.006 0.024 0.217 0.716 
 112 V _   0.025 0.035 0.001 0.013 0.013 0.035 0.205 0.673 
 113 K _   0.031 0.083 0.002 0.023 0.024 0.046 0.189 0.602 
 114 S _   0.036 0.156 0.003 0.034 0.035 0.054 0.170 0.513 
 115 Y _   0.038 0.242 0.003 0.044 0.043 0.058 0.153 0.418 
 116 I _   0.038 0.316 0.003 0.053 0.047 0.059 0.139 0.345 
 117 Y E   0.037 0.367 0.003 0.059 0.048 0.058 0.130 0.298 
 118 Q E   0.037 0.398 0.002 0.063 0.048 0.055 0.123 0.273 
 119 L E   0.036 0.413 0.002 0.065 0.047 0.053 0.119 0.264 
 120 I E   0.037 0.418 0.002 0.064 0.045 0.049 0.117 0.268 
 121 K E   0.037 0.415 0.002 0.061 0.042 0.046 0.116 0.282 
 122 A E   0.037 0.402 0.002 0.056 0.037 0.042 0.115 0.309 
 123 I E   0.036 0.375 0.002 0.049 0.033 0.037 0.116 0.351 
 124 H _   0.035 0.334 0.002 0.042 0.028 0.033 0.118 0.408 
 125 W _   0.032 0.277 0.002 0.035 0.023 0.030 0.121 0.480 
 126 C _   0.029 0.214 0.002 0.028 0.018 0.026 0.125 0.558 
 127 H _   0.026 0.156 0.002 0.022 0.013 0.022 0.128 0.631 
 128 K _   0.022 0.109 0.001 0.017 0.009 0.019 0.131 0.691 
 129 N _   0.018 0.078 0.001 0.012 0.006 0.016 0.133 0.735 
 130 D _   0.015 0.057 0.001 0.009 0.005 0.014 0.135 0.766 
 131 I _   0.012 0.045 0.000 0.007 0.003 0.012 0.135 0.785 
 132 V _   0.010 0.039 0.000 0.006 0.003 0.010 0.135 0.797 
 133 H _   0.009 0.035 0.000 0.005 0.002 0.010 0.134 0.804 
 134 R _   0.008 0.034 0.000 0.005 0.002 0.009 0.133 0.808 
 135 D _   0.008 0.034 0.000 0.006 0.003 0.010 0.131 0.808 
 136 I _   0.007 0.036 0.000 0.007 0.003 0.010 0.130 0.806 
 137 K _   0.008 0.040 0.000 0.008 0.004 0.011 0.127 0.801 
 138 P _   0.008 0.046 0.001 0.010 0.004 0.012 0.125 0.794 
 139 E _   0.008 0.054 0.001 0.012 0.005 0.014 0.122 0.784 
 140 N _   0.009 0.062 0.001 0.014 0.006 0.015 0.119 0.774 
 141 L _   0.009 0.072 0.001 0.016 0.007 0.016 0.117 0.764 
 142 L _   0.010 0.080 0.001 0.017 0.007 0.017 0.114 0.755 
 143 I _   0.010 0.088 0.001 0.017 0.008 0.018 0.111 0.746 
 144 S _   0.011 0.096 0.001 0.017 0.008 0.019 0.109 0.739 
 145 H _   0.012 0.104 0.001 0.017 0.009 0.021 0.107 0.731 
 146 N _   0.013 0.112 0.001 0.017 0.010 0.022 0.105 0.721 
 147 D _   0.015 0.121 0.001 0.018 0.011 0.024 0.102 0.709 
 148 V _   0.016 0.131 0.001 0.021 0.012 0.025 0.100 0.693 
 149 L _   0.018 0.144 0.001 0.025 0.014 0.026 0.098 0.673 
 150 K _   0.020 0.156 0.001 0.030 0.016 0.027 0.097 0.653 
 151 L _   0.021 0.167 0.001 0.036 0.017 0.027 0.095 0.635 
 152 C _   0.021 0.175 0.001 0.042 0.018 0.027 0.094 0.622 
 153 D _   0.020 0.179 0.001 0.047 0.018 0.026 0.094 0.615 
 154 F _   0.020 0.178 0.001 0.049 0.017 0.024 0.094 0.618 
 155 G _   0.018 0.172 0.001 0.047 0.015 0.022 0.095 0.629 
 156 F _   0.017 0.159 0.001 0.043 0.013 0.019 0.097 0.650 
 157 A _   0.016 0.138 0.001 0.036 0.011 0.017 0.099 0.682 
 158 R _   0.014 0.110 0.001 0.027 0.009 0.014 0.102 0.723 
 159 N _   0.012 0.078 0.001 0.019 0.006 0.012 0.105 0.768 
 160 L _   0.010 0.049 0.001 0.012 0.004 0.010 0.107 0.807 
 161 S _   0.008 0.030 0.000 0.008 0.003 0.008 0.108 0.835 
 162 E _   0.007 0.020 0.000 0.005 0.002 0.007 0.108 0.852 
 163 G _   0.006 0.015 0.000 0.003 0.001 0.006 0.108 0.860 
 164 N _   0.005 0.014 0.000 0.003 0.001 0.007 0.107 0.862 
 165 N _   0.006 0.014 0.000 0.004 0.002 0.008 0.106 0.861 
 166 A _   0.007 0.017 0.000 0.006 0.003 0.010 0.104 0.854 
 167 N _   0.008 0.023 0.000 0.010 0.004 0.013 0.101 0.841 
 168 Y _   0.009 0.033 0.001 0.017 0.007 0.016 0.098 0.820 
 169 T _   0.010 0.046 0.001 0.026 0.009 0.019 0.094 0.796 
 170 E _   0.011 0.058 0.001 0.034 0.011 0.021 0.091 0.773 
 171 Y _   0.011 0.067 0.001 0.040 0.013 0.022 0.088 0.758 
 172 V _   0.011 0.072 0.001 0.043 0.013 0.022 0.086 0.750 
 173 A _   0.011 0.074 0.001 0.043 0.013 0.022 0.084 0.751 
 174 T _   0.011 0.073 0.001 0.039 0.013 0.021 0.083 0.758 
 175 R _   0.011 0.069 0.001 0.034 0.011 0.020 0.083 0.771 
 176 W _   0.011 0.063 0.001 0.028 0.010 0.019 0.082 0.786 
 177 Y _   0.011 0.055 0.001 0.023 0.009 0.019 0.082 0.801 
 178 R _   0.010 0.048 0.001 0.019 0.008 0.018 0.082 0.814 
 179 S _   0.010 0.042 0.001 0.017 0.007 0.017 0.082 0.823 
 180 P _   0.011 0.037 0.001 0.016 0.007 0.017 0.083 0.829 
 181 E _   0.011 0.033 0.001 0.016 0.007 0.017 0.083 0.832 
 182 L _   0.012 0.029 0.001 0.016 0.007 0.017 0.083 0.835 
 183 L _   0.014 0.025 0.001 0.016 0.007 0.017 0.083 0.838 
 184 L _   0.015 0.020 0.001 0.015 0.007 0.017 0.083 0.842 
 185 G _   0.017 0.015 0.001 0.013 0.006 0.017 0.084 0.847 
 186 A _   0.020 0.010 0.001 0.010 0.006 0.017 0.084 0.852 
 187 P _   0.025 0.006 0.001 0.007 0.005 0.018 0.083 0.855 
 188 Y _   0.032 0.003 0.001 0.005 0.005 0.020 0.083 0.853 
 189 G _   0.044 0.001 0.001 0.003 0.005 0.022 0.082 0.842 
 190 K _   0.062 0.001 0.001 0.002 0.006 0.027 0.081 0.820 
 191 S _   0.089 0.001 0.001 0.002 0.010 0.034 0.080 0.784 
 192 V _   0.123 0.002 0.001 0.003 0.016 0.042 0.079 0.734 
 193 D _   0.160 0.005 0.002 0.006 0.028 0.052 0.078 0.670 
 194 M _   0.195 0.017 0.002 0.011 0.042 0.060 0.077 0.595 
 195 W _   0.219 0.041 0.003 0.021 0.055 0.066 0.077 0.518 
 196 S _   0.231 0.070 0.003 0.034 0.062 0.066 0.078 0.456 
 197 V _   0.231 0.093 0.003 0.047 0.063 0.064 0.080 0.418 
 198 G _   0.223 0.105 0.003 0.057 0.061 0.061 0.084 0.407 
 199 C _   0.207 0.110 0.003 0.061 0.056 0.055 0.088 0.419 
 200 I _   0.185 0.107 0.003 0.059 0.049 0.049 0.094 0.454 
 201 L _   0.157 0.097 0.003 0.051 0.039 0.042 0.101 0.511 
 202 G _   0.126 0.077 0.002 0.038 0.027 0.033 0.109 0.588 
 203 E _   0.094 0.050 0.002 0.025 0.017 0.025 0.117 0.670 
 204 L _   0.066 0.026 0.001 0.014 0.009 0.019 0.124 0.741 
 205 S _   0.042 0.011 0.001 0.007 0.005 0.013 0.130 0.791 
 206 D _   0.026 0.005 0.000 0.004 0.003 0.009 0.133 0.820 
 207 G _   0.016 0.003 0.000 0.003 0.002 0.007 0.135 0.835 
 208 Q _   0.010 0.002 0.000 0.002 0.001 0.006 0.136 0.842 
 209 P _   0.008 0.002 0.000 0.002 0.001 0.006 0.136 0.845 
 210 L _   0.006 0.002 0.000 0.003 0.001 0.007 0.136 0.844 
 211 F _   0.006 0.004 0.000 0.004 0.002 0.008 0.135 0.841 
 212 P _   0.007 0.008 0.000 0.005 0.002 0.010 0.133 0.834 
 213 G _   0.008 0.016 0.000 0.008 0.004 0.013 0.130 0.821 
 214 E _   0.009 0.031 0.001 0.012 0.005 0.017 0.126 0.799 
 215 S _   0.011 0.054 0.001 0.017 0.008 0.021 0.122 0.767 
 216 E _   0.013 0.086 0.001 0.023 0.012 0.025 0.116 0.725 
 217 I _   0.015 0.125 0.002 0.029 0.016 0.028 0.110 0.675 
 218 D _   0.017 0.166 0.002 0.037 0.019 0.031 0.104 0.623 
 219 Q _   0.018 0.203 0.002 0.044 0.022 0.033 0.100 0.578 
 220 L _   0.019 0.231 0.002 0.050 0.024 0.034 0.096 0.544 
 221 F _   0.020 0.249 0.002 0.055 0.025 0.034 0.093 0.522 
 222 T _   0.020 0.259 0.002 0.058 0.025 0.033 0.092 0.512 
 223 I _   0.020 0.262 0.002 0.058 0.024 0.031 0.091 0.512 
 224 Q _   0.020 0.259 0.002 0.054 0.022 0.029 0.091 0.523 
 225 K _   0.020 0.248 0.002 0.048 0.019 0.027 0.092 0.545 
 226 V _   0.019 0.230 0.002 0.040 0.017 0.025 0.093 0.575 
 227 L _   0.018 0.205 0.001 0.031 0.014 0.023 0.095 0.612 
 228 G _   0.017 0.175 0.001 0.024 0.011 0.021 0.097 0.653 
 229 P _   0.016 0.147 0.001 0.019 0.009 0.019 0.099 0.690 
 230 L _   0.015 0.124 0.001 0.015 0.008 0.017 0.101 0.718 
 231 P _   0.014 0.108 0.001 0.014 0.006 0.016 0.103 0.738 
 232 S _   0.013 0.096 0.001 0.013 0.006 0.015 0.104 0.752 
 233 E _   0.012 0.087 0.001 0.013 0.005 0.014 0.106 0.762 
 234 Q _   0.011 0.080 0.001 0.013 0.005 0.014 0.107 0.769 
 235 M _   0.011 0.073 0.001 0.013 0.005 0.013 0.108 0.776 
 236 K _   0.010 0.066 0.001 0.013 0.005 0.012 0.109 0.784 
 237 L _   0.009 0.060 0.001 0.013 0.005 0.011 0.110 0.792 
 238 F _   0.008 0.053 0.001 0.011 0.004 0.010 0.111 0.801 
 239 Y _   0.008 0.047 0.001 0.010 0.004 0.010 0.112 0.810 
 240 S _   0.007 0.042 0.000 0.009 0.004 0.009 0.112 0.817 
 241 N _   0.007 0.038 0.000 0.009 0.003 0.009 0.112 0.820 
 242 P _   0.007 0.036 0.000 0.009 0.004 0.010 0.113 0.821 
 243 R _   0.007 0.034 0.000 0.011 0.004 0.010 0.113 0.820 
 244 F _   0.008 0.034 0.001 0.013 0.005 0.011 0.113 0.816 
 245 H _   0.009 0.033 0.001 0.016 0.005 0.011 0.114 0.812 
 246 G _   0.009 0.033 0.001 0.018 0.006 0.012 0.114 0.807 
 247 L _   0.009 0.031 0.001 0.020 0.006 0.012 0.115 0.806 
 248 R _   0.009 0.029 0.001 0.020 0.006 0.012 0.116 0.808 
 249 F _   0.009 0.025 0.001 0.018 0.006 0.011 0.117 0.814 
 250 P _   0.008 0.020 0.001 0.015 0.005 0.010 0.118 0.822 
 251 A _   0.008 0.015 0.001 0.012 0.004 0.009 0.120 0.832 
 252 V _   0.008 0.009 0.000 0.008 0.003 0.009 0.121 0.841 
 253 N _   0.009 0.005 0.000 0.006 0.002 0.009 0.121 0.848 
 254 H _   0.011 0.002 0.000 0.004 0.002 0.009 0.122 0.850 
 255 P _   0.015 0.001 0.000 0.003 0.002 0.010 0.121 0.848 
 256 Q _   0.022 0.000 0.000 0.002 0.002 0.012 0.121 0.839 
 257 S _   0.036 0.000 0.000 0.002 0.003 0.016 0.120 0.822 
 258 L _   0.059 0.000 0.001 0.003 0.005 0.021 0.118 0.793 
 259 E _   0.092 0.000 0.001 0.003 0.008 0.028 0.117 0.751 
 260 R _   0.136 0.000 0.001 0.004 0.013 0.036 0.114 0.696 
 261 R _   0.185 0.000 0.001 0.005 0.020 0.044 0.112 0.633 
 262 Y _   0.236 0.001 0.002 0.006 0.028 0.051 0.110 0.566 
 263 L _   0.284 0.001 0.002 0.007 0.037 0.057 0.109 0.503 
 264 G _   0.326 0.002 0.002 0.008 0.045 0.061 0.109 0.447 
 265 I _   0.360 0.003 0.002 0.009 0.052 0.063 0.110 0.402 
 266 L H   0.383 0.004 0.002 0.010 0.056 0.063 0.111 0.370 
 267 N H   0.396 0.005 0.003 0.012 0.058 0.061 0.115 0.351 
 268 S H   0.398 0.006 0.003 0.013 0.058 0.058 0.119 0.346 
 269 V H   0.388 0.006 0.003 0.014 0.054 0.054 0.125 0.355 
 270 L _   0.367 0.007 0.003 0.016 0.049 0.049 0.133 0.377 
 271 L _   0.335 0.006 0.002 0.016 0.042 0.044 0.142 0.412 
 272 D _   0.295 0.005 0.002 0.015 0.033 0.038 0.153 0.459 
 273 L _   0.248 0.004 0.002 0.013 0.025 0.032 0.164 0.511 
 274 M _   0.199 0.003 0.002 0.011 0.017 0.027 0.176 0.565 
 275 K _   0.152 0.002 0.001 0.009 0.011 0.021 0.187 0.616 
 276 N _   0.111 0.001 0.001 0.007 0.007 0.017 0.197 0.659 
 277 L _   0.078 0.001 0.001 0.005 0.005 0.013 0.206 0.692 
 278 L _   0.052 0.000 0.000 0.004 0.003 0.011 0.212 0.716 
 279 K _   0.035 0.000 0.000 0.003 0.002 0.009 0.217 0.732 
 280 L _   0.024 0.000 0.000 0.003 0.002 0.008 0.221 0.742 
 281 D _   0.017 0.001 0.000 0.003 0.002 0.007 0.225 0.746 
 282 P _   0.013 0.001 0.000 0.003 0.002 0.007 0.227 0.747 
 283 A _   0.011 0.002 0.000 0.004 0.002 0.007 0.229 0.745 
 284 D _   0.010 0.003 0.000 0.005 0.002 0.008 0.230 0.741 
 285 R _   0.009 0.005 0.000 0.007 0.003 0.008 0.231 0.736 
 286 Y _   0.009 0.007 0.000 0.009 0.003 0.009 0.232 0.730 
 287 L _   0.008 0.010 0.000 0.010 0.004 0.010 0.233 0.724 
 288 T _   0.008 0.013 0.000 0.011 0.004 0.010 0.234 0.719 
 289 E _   0.007 0.016 0.001 0.012 0.004 0.010 0.235 0.715 
 290 Q _   0.007 0.019 0.000 0.012 0.004 0.010 0.236 0.712 
 291 C _   0.007 0.021 0.000 0.012 0.004 0.011 0.237 0.708 
 292 L _   0.007 0.024 0.000 0.012 0.004 0.011 0.238 0.704 
 293 N _   0.007 0.027 0.001 0.013 0.005 0.012 0.239 0.697 
 294 H _   0.008 0.031 0.001 0.015 0.005 0.013 0.240 0.688 
 295 P _   0.008 0.035 0.001 0.018 0.006 0.014 0.241 0.677 
 296 T _   0.009 0.039 0.001 0.022 0.007 0.014 0.243 0.665 
 297 F _   0.010 0.043 0.001 0.026 0.008 0.015 0.246 0.653 
 298 Q _   0.010 0.045 0.001 0.029 0.009 0.015 0.249 0.644 
 299 T _   0.010 0.046 0.001 0.030 0.009 0.014 0.253 0.638 
 300 Q _   0.009 0.045 0.001 0.030 0.008 0.013 0.258 0.637 
 301 R _   0.009 0.042 0.001 0.027 0.007 0.012 0.263 0.640 
 302 L _   0.008 0.037 0.001 0.023 0.006 0.011 0.270 0.645 
 303 L _   0.008 0.031 0.001 0.017 0.005 0.009 0.276 0.654 
 304 D _   0.007 0.024 0.000 0.013 0.004 0.008 0.283 0.662 
 305 R _   0.006 0.017 0.000 0.009 0.003 0.007 0.289 0.669 
 306 S _   0.006 0.012 0.000 0.006 0.002 0.006 0.294 0.674 
 307 P _   0.005 0.009 0.000 0.005 0.002 0.005 0.298 0.676 
 308 S _   0.005 0.007 0.000 0.004 0.001 0.005 0.301 0.677 
 309 R _   0.004 0.007 0.000 0.004 0.001 0.005 0.303 0.676 
 310 S _   0.004 0.007 0.000 0.004 0.001 0.005 0.305 0.674 
 311 A _   0.005 0.007 0.000 0.005 0.002 0.005 0.306 0.671 
 312 K _   0.005 0.008 0.000 0.006 0.002 0.006 0.306 0.666 
 313 R _   0.005 0.010 0.000 0.008 0.002 0.007 0.306 0.661 
 314 K _   0.005 0.013 0.000 0.010 0.003 0.008 0.306 0.654 
 315 P _   0.005 0.016 0.000 0.013 0.004 0.008 0.306 0.648 
 316 Y _   0.005 0.018 0.000 0.016 0.004 0.009 0.306 0.642 
 317 H _   0.005 0.021 0.000 0.018 0.004 0.009 0.306 0.637 
 318 V _   0.005 0.022 0.001 0.019 0.004 0.009 0.306 0.634 
 319 E _   0.005 0.023 0.001 0.018 0.004 0.008 0.307 0.633 
 320 S _   0.005 0.023 0.000 0.017 0.004 0.008 0.309 0.634 
 321 S _   0.005 0.022 0.000 0.015 0.004 0.007 0.311 0.636 
 322 T _   0.004 0.021 0.000 0.013 0.003 0.007 0.313 0.639 
 323 L _   0.004 0.019 0.000 0.011 0.003 0.006 0.315 0.642 
 324 S _   0.004 0.018 0.000 0.009 0.002 0.006 0.317 0.644 
 325 N _   0.004 0.017 0.000 0.007 0.002 0.006 0.318 0.646 
 326 R _   0.004 0.017 0.000 0.007 0.002 0.006 0.319 0.646 
 327 N _   0.004 0.017 0.000 0.007 0.002 0.006 0.320 0.645 
 328 Q _   0.004 0.018 0.000 0.007 0.002 0.006 0.320 0.643 
 329 A _   0.004 0.019 0.000 0.009 0.002 0.007 0.320 0.638 
 330 G _   0.004 0.021 0.000 0.011 0.003 0.008 0.320 0.632 
 331 K _   0.005 0.024 0.000 0.014 0.003 0.008 0.320 0.625 
 332 S _   0.005 0.027 0.000 0.017 0.004 0.009 0.320 0.618 
 333 T _   0.005 0.029 0.000 0.020 0.004 0.009 0.321 0.612 
 334 A _   0.005 0.030 0.001 0.021 0.004 0.009 0.322 0.609 
 335 L _   0.005 0.030 0.000 0.021 0.004 0.008 0.324 0.608 
 336 Q _   0.005 0.029 0.000 0.018 0.004 0.008 0.326 0.611 
 337 S _   0.004 0.027 0.000 0.015 0.003 0.007 0.329 0.615 
 338 H _   0.004 0.024 0.000 0.012 0.003 0.006 0.331 0.620 
 339 H _   0.004 0.021 0.000 0.009 0.002 0.005 0.333 0.625 
 340 R _   0.003 0.019 0.000 0.006 0.002 0.005 0.335 0.629 
 341 S _   0.003 0.018 0.000 0.005 0.001 0.004 0.337 0.631 
 342 N _   0.003 0.017 0.000 0.004 0.001 0.004 0.338 0.632 
 343 S _   0.003 0.018 0.000 0.004 0.001 0.005 0.338 0.630 
 344 K _   0.003 0.020 0.000 0.005 0.002 0.005 0.338 0.626 
 345 D _   0.004 0.024 0.000 0.007 0.002 0.006 0.337 0.620 
 346 I _   0.004 0.030 0.000 0.011 0.003 0.007 0.336 0.609 
 347 Q _   0.005 0.037 0.000 0.015 0.004 0.008 0.335 0.596 
 348 N _   0.005 0.045 0.001 0.019 0.004 0.009 0.333 0.583 
 349 L _   0.005 0.052 0.001 0.023 0.005 0.010 0.333 0.572 
 350 S _   0.005 0.057 0.001 0.025 0.005 0.010 0.333 0.564 
 351 V _   0.005 0.060 0.001 0.026 0.005 0.009 0.334 0.560 
 352 G _   0.005 0.060 0.001 0.025 0.005 0.009 0.336 0.560 
 353 L _   0.005 0.059 0.001 0.022 0.004 0.008 0.338 0.563 
 354 P _   0.004 0.057 0.000 0.018 0.004 0.007 0.342 0.568 
 355 R _   0.004 0.053 0.000 0.014 0.003 0.007 0.345 0.573 
 356 A _   0.004 0.050 0.000 0.010 0.002 0.006 0.349 0.578 
 357 D _   0.004 0.047 0.000 0.008 0.002 0.005 0.352 0.583 
 358 E _   0.003 0.045 0.000 0.006 0.002 0.005 0.354 0.585 
 359 G _   0.003 0.044 0.000 0.005 0.001 0.005 0.355 0.585 
 360 L _   0.003 0.045 0.000 0.005 0.001 0.005 0.356 0.584 
 361 P _   0.003 0.047 0.000 0.005 0.002 0.005 0.356 0.581 
 362 A _   0.003 0.052 0.000 0.006 0.002 0.006 0.355 0.575 
 363 N _   0.004 0.059 0.000 0.008 0.002 0.007 0.354 0.566 
 364 E _   0.004 0.071 0.000 0.010 0.003 0.008 0.352 0.552 
 365 S _   0.004 0.086 0.001 0.013 0.004 0.009 0.350 0.534 
 366 F _   0.004 0.104 0.001 0.017 0.005 0.009 0.347 0.513 
 367 L _   0.004 0.124 0.001 0.020 0.006 0.010 0.345 0.490 
 368 N _   0.004 0.142 0.001 0.024 0.006 0.011 0.343 0.470 
 369 G _   0.004 0.156 0.001 0.026 0.007 0.011 0.343 0.452 
 370 N _   0.004 0.167 0.001 0.028 0.007 0.011 0.343 0.439 
 371 L _   0.004 0.174 0.001 0.029 0.007 0.011 0.345 0.430 
 372 A _   0.005 0.177 0.001 0.028 0.007 0.011 0.347 0.424 
 373 G _   0.005 0.178 0.001 0.027 0.007 0.011 0.351 0.420 
 374 A _   0.005 0.177 0.001 0.026 0.006 0.011 0.355 0.419 
 375 S _   0.005 0.174 0.001 0.024 0.006 0.011 0.361 0.418 
 376 L _   0.005 0.170 0.001 0.023 0.006 0.011 0.367 0.417 
 377 S _   0.006 0.163 0.001 0.021 0.006 0.011 0.375 0.417 
 378 P _   0.006 0.157 0.001 0.021 0.006 0.011 0.383 0.415 
 379 L _   0.006 0.149 0.001 0.021 0.006 0.011 0.393 0.413 
 380 H _   0.006 0.140 0.001 0.021 0.006 0.011 0.403 0.412 
 381 T X   0.007 0.130 0.001 0.021 0.006 0.011 0.414 0.410 
 382 K X   0.007 0.119 0.001 0.021 0.006 0.011 0.427 0.409 
 383 T X   0.006 0.107 0.001 0.020 0.006 0.010 0.440 0.410 
 384 Y X   0.006 0.093 0.001 0.019 0.005 0.009 0.454 0.412 
 385 Q X   0.006 0.077 0.001 0.017 0.005 0.009 0.470 0.415 
 386 A X   0.005 0.062 0.001 0.015 0.004 0.008 0.486 0.419 
 387 S X   0.005 0.047 0.001 0.013 0.003 0.007 0.501 0.423 
 388 S X   0.005 0.035 0.000 0.010 0.003 0.006 0.515 0.425 
 389 Q X   0.004 0.025 0.000 0.008 0.002 0.006 0.528 0.427 
 390 P X   0.004 0.018 0.000 0.006 0.002 0.005 0.538 0.427 
 391 G X   0.003 0.013 0.000 0.005 0.001 0.004 0.547 0.426 
 392 S X   0.003 0.009 0.000 0.004 0.001 0.004 0.553 0.425 
 393 T X   0.003 0.007 0.000 0.004 0.001 0.003 0.559 0.423 
 394 S X   0.003 0.006 0.000 0.003 0.001 0.003 0.563 0.421 
 395 K X   0.002 0.005 0.000 0.003 0.001 0.003 0.566 0.419 
 396 D X   0.002 0.005 0.000 0.004 0.001 0.003 0.568 0.417 
 397 L X   0.002 0.004 0.000 0.004 0.001 0.003 0.569 0.415 
 398 T X   0.002 0.005 0.000 0.005 0.001 0.004 0.570 0.413 
 399 N X   0.002 0.005 0.000 0.005 0.001 0.004 0.571 0.411 
 400 N X   0.002 0.006 0.000 0.007 0.002 0.004 0.571 0.408 
 401 N X   0.002 0.006 0.000 0.008 0.002 0.005 0.571 0.406 
 402 I X   0.003 0.007 0.000 0.009 0.002 0.005 0.571 0.403 
 403 P X   0.003 0.007 0.000 0.010 0.002 0.005 0.571 0.401 
 404 H X   0.003 0.008 0.000 0.010 0.002 0.005 0.572 0.400 
 405 L X   0.003 0.008 0.000 0.010 0.002 0.005 0.572 0.401 
 406 L X   0.002 0.008 0.000 0.009 0.002 0.005 0.573 0.402 
 407 S X   0.002 0.007 0.000 0.008 0.002 0.004 0.573 0.403 
 408 P X   0.002 0.007 0.000 0.007 0.001 0.004 0.574 0.404 
 409 K X   0.002 0.007 0.000 0.006 0.001 0.004 0.574 0.405 
 410 E X   0.002 0.007 0.000 0.006 0.001 0.004 0.574 0.406 
 411 A X   0.002 0.007 0.000 0.006 0.001 0.004 0.573 0.406 
 412 K X   0.002 0.008 0.000 0.007 0.002 0.004 0.573 0.404 
 413 S X   0.003 0.008 0.000 0.008 0.002 0.005 0.572 0.402 
 414 K X   0.003 0.009 0.000 0.009 0.002 0.005 0.572 0.400 
 415 T X   0.003 0.009 0.000 0.011 0.002 0.005 0.572 0.398 
 416 E X   0.003 0.009 0.000 0.012 0.002 0.005 0.572 0.396 
 417 F X   0.003 0.009 0.000 0.012 0.002 0.005 0.573 0.395 
 418 D X   0.003 0.009 0.000 0.011 0.002 0.005 0.574 0.396 
 419 F X   0.003 0.008 0.000 0.009 0.002 0.004 0.575 0.399 
 420 N X   0.003 0.006 0.000 0.007 0.001 0.004 0.576 0.402 
 421 I X   0.003 0.005 0.000 0.005 0.001 0.003 0.577 0.406 
 422 D X   0.002 0.004 0.000 0.004 0.001 0.003 0.576 0.410 
 423 P X   0.002 0.004 0.000 0.003 0.001 0.002 0.575 0.413 
 424 K X   0.002 0.003 0.000 0.002 0.001 0.002 0.574 0.415 
 425 P X   0.002 0.004 0.000 0.002 0.001 0.003 0.571 0.418 
 426 S X   0.002 0.004 0.000 0.003 0.001 0.003 0.567 0.419 
 427 E X   0.002 0.006 0.000 0.004 0.001 0.004 0.563 0.420 
 428 G X   0.002 0.008 0.000 0.006 0.002 0.005 0.557 0.420 
 429 P X   0.003 0.011 0.000 0.009 0.002 0.005 0.550 0.420 
 430 G X   0.003 0.015 0.000 0.012 0.003 0.006 0.542 0.419 
 431 T X   0.003 0.019 0.000 0.014 0.003 0.006 0.535 0.419 
 432 K X   0.003 0.022 0.000 0.015 0.003 0.007 0.528 0.422 
 433 Y X   0.003 0.024 0.000 0.015 0.003 0.006 0.523 0.426 
 434 L X   0.003 0.025 0.000 0.014 0.003 0.006 0.518 0.432 
 435 K X   0.002 0.026 0.000 0.012 0.002 0.006 0.513 0.438 
 436 S X   0.002 0.026 0.000 0.010 0.002 0.005 0.509 0.445 
 437 N X   0.002 0.026 0.000 0.009 0.002 0.005 0.505 0.450 
 438 S X   0.002 0.027 0.000 0.007 0.002 0.005 0.502 0.455 
 439 R X   0.002 0.028 0.000 0.007 0.002 0.005 0.498 0.458 
 440 S X   0.003 0.029 0.000 0.008 0.002 0.006 0.494 0.459 
 441 Q X   0.003 0.031 0.000 0.009 0.002 0.006 0.490 0.458 
 442 Q X   0.003 0.034 0.000 0.011 0.003 0.007 0.485 0.456 
 443 N X   0.003 0.038 0.000 0.013 0.003 0.007 0.481 0.453 
 444 R X   0.004 0.041 0.000 0.016 0.004 0.008 0.477 0.451 
 445 H X   0.004 0.044 0.000 0.018 0.004 0.008 0.474 0.449 
 446 S X   0.004 0.045 0.000 0.019 0.004 0.008 0.471 0.448 
 447 F X   0.004 0.046 0.000 0.019 0.004 0.008 0.469 0.450 
 448 M X   0.004 0.045 0.000 0.018 0.004 0.008 0.468 0.452 
 449 E X   0.004 0.044 0.000 0.017 0.004 0.007 0.467 0.456 
 450 S X   0.004 0.041 0.000 0.015 0.003 0.007 0.467 0.462 
 451 S X   0.004 0.038 0.000 0.013 0.003 0.006 0.468 0.467 
 452 Q _   0.004 0.034 0.000 0.011 0.003 0.006 0.469 0.473 
 453 S _   0.004 0.030 0.000 0.010 0.002 0.006 0.470 0.478 
 454 K _   0.004 0.027 0.000 0.009 0.002 0.005 0.471 0.482 
 455 A _   0.004 0.024 0.000 0.008 0.002 0.005 0.472 0.485 
 456 G _   0.004 0.021 0.000 0.007 0.002 0.005 0.473 0.488 
 457 T _   0.004 0.018 0.000 0.007 0.002 0.005 0.473 0.491 
 458 L _   0.003 0.016 0.000 0.006 0.002 0.004 0.473 0.494 
 459 Q _   0.003 0.015 0.000 0.005 0.001 0.004 0.473 0.498 
 460 P _   0.003 0.014 0.000 0.005 0.001 0.004 0.472 0.501 
 461 N _   0.003 0.013 0.000 0.004 0.001 0.004 0.470 0.504 
 462 E _   0.003 0.013 0.000 0.004 0.001 0.004 0.468 0.506 
 463 K _   0.003 0.013 0.000 0.005 0.002 0.005 0.465 0.507 
 464 Q _   0.003 0.015 0.000 0.006 0.002 0.005 0.462 0.507 
 465 S _   0.003 0.016 0.000 0.008 0.002 0.006 0.459 0.505 
 466 R _   0.004 0.019 0.000 0.010 0.003 0.007 0.455 0.501 
 467 H _   0.004 0.022 0.000 0.014 0.004 0.008 0.451 0.497 
 468 S _   0.004 0.026 0.000 0.017 0.004 0.008 0.448 0.492 
 469 Y _   0.004 0.028 0.001 0.020 0.005 0.009 0.445 0.488 
 470 I _   0.005 0.030 0.001 0.022 0.005 0.009 0.443 0.486 
 471 D _   0.005 0.031 0.001 0.022 0.005 0.009 0.442 0.486 
 472 T _   0.005 0.030 0.001 0.021 0.005 0.008 0.442 0.489 
 473 I _   0.005 0.029 0.000 0.018 0.004 0.008 0.442 0.494 
 474 P _   0.004 0.026 0.000 0.015 0.004 0.007 0.443 0.500 
 475 Q _   0.004 0.023 0.000 0.012 0.003 0.006 0.444 0.507 
 476 S _   0.004 0.020 0.000 0.009 0.002 0.006 0.444 0.514 
 477 S _   0.004 0.018 0.000 0.007 0.002 0.005 0.445 0.519 
 478 R _   0.004 0.016 0.000 0.006 0.002 0.005 0.445 0.523 
 479 S _   0.003 0.015 0.000 0.005 0.002 0.005 0.444 0.526 
 480 P _   0.003 0.014 0.000 0.005 0.001 0.005 0.443 0.528 
 481 S _   0.003 0.014 0.000 0.006 0.002 0.005 0.441 0.529 
 482 Y _   0.003 0.015 0.000 0.006 0.002 0.005 0.439 0.530 
 483 R _   0.003 0.016 0.000 0.007 0.002 0.005 0.436 0.531 
 484 T _   0.003 0.017 0.000 0.008 0.002 0.005 0.433 0.532 
 485 K _   0.003 0.019 0.000 0.009 0.002 0.005 0.429 0.532 
 486 A _   0.003 0.021 0.000 0.010 0.002 0.005 0.425 0.533 
 487 K _   0.003 0.023 0.000 0.010 0.002 0.005 0.421 0.535 
 488 S _   0.003 0.025 0.000 0.010 0.002 0.005 0.418 0.536 
 489 H _   0.003 0.027 0.000 0.010 0.002 0.005 0.414 0.538 
 490 G _   0.003 0.029 0.000 0.010 0.002 0.005 0.410 0.540 
 491 A _   0.003 0.030 0.000 0.010 0.002 0.005 0.407 0.542 
 492 L _   0.003 0.032 0.000 0.009 0.002 0.005 0.403 0.545 
 493 S _   0.003 0.034 0.000 0.009 0.002 0.005 0.400 0.547 
 494 D _   0.003 0.036 0.000 0.009 0.002 0.005 0.396 0.549 
 495 S _   0.003 0.039 0.000 0.008 0.002 0.006 0.392 0.550 
 496 K _   0.003 0.043 0.000 0.009 0.002 0.006 0.387 0.550 
 497 S _   0.003 0.048 0.000 0.009 0.002 0.007 0.382 0.548 
 498 V _   0.003 0.055 0.000 0.011 0.003 0.007 0.377 0.544 
 499 S _   0.003 0.064 0.000 0.013 0.003 0.008 0.371 0.536 
 500 N _   0.004 0.075 0.001 0.016 0.004 0.010 0.365 0.525 
 501 L _   0.004 0.089 0.001 0.020 0.005 0.011 0.359 0.511 
 502 S _   0.005 0.102 0.001 0.025 0.007 0.012 0.354 0.495 
 503 E _   0.005 0.115 0.001 0.029 0.008 0.013 0.349 0.480 
 504 A _   0.005 0.124 0.001 0.033 0.008 0.013 0.346 0.469 
 505 R _   0.006 0.129 0.001 0.035 0.009 0.014 0.344 0.462 
 506 A _   0.006 0.131 0.001 0.035 0.009 0.013 0.344 0.460 
 507 Q _   0.006 0.131 0.001 0.034 0.008 0.013 0.345 0.463 
 508 I _   0.006 0.127 0.001 0.030 0.008 0.012 0.346 0.469 
 509 A _   0.006 0.120 0.001 0.026 0.007 0.012 0.349 0.479 
 510 E _   0.006 0.111 0.001 0.022 0.006 0.011 0.353 0.491 
 511 P _   0.006 0.100 0.001 0.018 0.005 0.010 0.357 0.503 
 512 S _   0.006 0.089 0.001 0.015 0.005 0.010 0.361 0.514 
 513 T _   0.006 0.079 0.001 0.013 0.004 0.009 0.365 0.522 
 514 S _   0.006 0.072 0.000 0.012 0.004 0.009 0.370 0.527 
 515 R _   0.006 0.066 0.000 0.012 0.004 0.009 0.374 0.529 
 516 Y _   0.006 0.060 0.000 0.012 0.004 0.009 0.378 0.530 
 517 F _   0.006 0.056 0.000 0.013 0.004 0.008 0.382 0.531 
 518 P _   0.006 0.051 0.000 0.013 0.004 0.008 0.387 0.531 
 519 S _   0.006 0.046 0.000 0.013 0.003 0.008 0.391 0.533 
 520 S _   0.005 0.040 0.000 0.012 0.003 0.007 0.395 0.536 
 521 C _   0.005 0.034 0.000 0.011 0.003 0.007 0.400 0.539 
 522 L _   0.005 0.028 0.000 0.010 0.003 0.006 0.404 0.544 
 523 D _   0.005 0.022 0.000 0.008 0.002 0.006 0.409 0.548 
 524 L _   0.005 0.017 0.000 0.007 0.002 0.005 0.412 0.551 
 525 N _   0.004 0.013 0.000 0.006 0.002 0.005 0.416 0.554 
 526 S _   0.004 0.010 0.000 0.005 0.002 0.005 0.418 0.555 
 527 P _   0.004 0.008 0.000 0.005 0.001 0.004 0.420 0.557 
 528 T _   0.004 0.007 0.000 0.004 0.001 0.004 0.421 0.558 
 529 S _   0.004 0.006 0.000 0.004 0.001 0.004 0.422 0.559 
 530 P _   0.003 0.006 0.000 0.004 0.001 0.004 0.421 0.560 
 531 T _   0.003 0.006 0.000 0.004 0.001 0.004 0.419 0.561 
 532 P _   0.003 0.007 0.000 0.005 0.001 0.005 0.417 0.562 
 533 T _   0.003 0.008 0.000 0.006 0.002 0.005 0.413 0.563 
 534 R _   0.003 0.009 0.000 0.007 0.002 0.006 0.409 0.563 
 535 H _   0.003 0.012 0.000 0.010 0.002 0.007 0.405 0.561 
 536 S _   0.004 0.015 0.000 0.012 0.003 0.007 0.400 0.559 
 537 D _   0.004 0.019 0.000 0.016 0.003 0.008 0.395 0.555 
 538 T _   0.004 0.022 0.000 0.019 0.004 0.008 0.390 0.552 
 539 R _   0.004 0.025 0.000 0.022 0.004 0.008 0.385 0.550 
 540 T _   0.004 0.027 0.000 0.024 0.004 0.008 0.382 0.550 
 541 L _   0.004 0.028 0.000 0.024 0.004 0.008 0.379 0.552 
 542 L _   0.004 0.028 0.000 0.022 0.004 0.008 0.377 0.557 
 543 S _   0.004 0.027 0.000 0.019 0.003 0.007 0.376 0.564 
 544 P _   0.004 0.025 0.000 0.015 0.003 0.006 0.375 0.573 
 545 S _   0.003 0.022 0.000 0.011 0.002 0.005 0.373 0.582 
 546 G _   0.003 0.020 0.000 0.008 0.002 0.005 0.372 0.590 
 547 R _   0.003 0.019 0.000 0.006 0.001 0.004 0.370 0.596 
 548 N _   0.003 0.018 0.000 0.005 0.001 0.004 0.367 0.602 
 549 N _   0.003 0.018 0.000 0.004 0.001 0.004 0.364 0.606 
 550 R _   0.003 0.018 0.000 0.005 0.001 0.004 0.360 0.609 
 551 N _   0.003 0.020 0.000 0.005 0.001 0.005 0.354 0.611 
 552 E _   0.003 0.024 0.000 0.007 0.002 0.006 0.347 0.611 
 553 G _   0.003 0.030 0.000 0.009 0.002 0.007 0.339 0.610 
 554 T _   0.004 0.038 0.000 0.012 0.003 0.008 0.330 0.606 
 555 L _   0.004 0.048 0.000 0.015 0.004 0.009 0.320 0.601 
 556 D _   0.004 0.059 0.001 0.017 0.004 0.009 0.309 0.596 
 557 S _   0.004 0.070 0.001 0.019 0.004 0.010 0.300 0.592 
 558 R _   0.004 0.079 0.001 0.021 0.005 0.010 0.291 0.590 
 559 R _   0.004 0.086 0.001 0.021 0.005 0.010 0.283 0.591 
 560 T _   0.004 0.092 0.001 0.020 0.004 0.010 0.276 0.594 
 561 T _   0.004 0.097 0.001 0.019 0.004 0.009 0.269 0.597 
 562 T _   0.004 0.101 0.000 0.017 0.004 0.009 0.263 0.601 
 563 R _   0.004 0.105 0.000 0.016 0.004 0.009 0.257 0.604 
 564 H _   0.004 0.109 0.000 0.015 0.004 0.009 0.251 0.607 
 565 S _   0.004 0.113 0.000 0.015 0.004 0.009 0.246 0.608 
 566 K _   0.004 0.118 0.000 0.016 0.004 0.009 0.240 0.608 
 567 T _   0.004 0.124 0.001 0.017 0.004 0.009 0.235 0.606 
 568 M _   0.004 0.130 0.001 0.018 0.004 0.009 0.229 0.604 
 569 E _   0.005 0.135 0.001 0.020 0.004 0.009 0.225 0.602 
 570 E _   0.005 0.139 0.001 0.020 0.004 0.009 0.220 0.601 
 571 L _   0.005 0.142 0.001 0.020 0.004 0.009 0.216 0.603 
 572 K _   0.005 0.144 0.001 0.019 0.004 0.008 0.213 0.607 
 573 L _   0.004 0.144 0.000 0.017 0.004 0.008 0.210 0.613 
 574 P _   0.004 0.142 0.000 0.015 0.003 0.007 0.207 0.620 
 575 E _   0.004 0.141 0.000 0.013 0.003 0.007 0.205 0.627 
 576 H _   0.004 0.139 0.000 0.012 0.003 0.006 0.202 0.634 
 577 M _   0.004 0.137 0.000 0.010 0.002 0.006 0.200 0.640 
 578 D _   0.004 0.137 0.000 0.009 0.002 0.006 0.197 0.645 
 579 S _   0.004 0.137 0.000 0.008 0.002 0.006 0.194 0.648 
 580 S _   0.004 0.139 0.000 0.008 0.002 0.006 0.191 0.650 
 581 H _   0.004 0.142 0.000 0.009 0.002 0.006 0.187 0.649 
 582 S _   0.004 0.148 0.000 0.009 0.002 0.007 0.183 0.647 
 583 H _   0.004 0.155 0.000 0.010 0.003 0.007 0.178 0.643 
 584 S _   0.004 0.165 0.000 0.012 0.003 0.008 0.172 0.635 
 585 L _   0.004 0.179 0.000 0.014 0.004 0.009 0.166 0.625 
 586 S _   0.004 0.195 0.001 0.016 0.004 0.010 0.159 0.612 
 587 A _   0.004 0.216 0.001 0.018 0.005 0.010 0.152 0.594 
 588 P _   0.004 0.239 0.001 0.021 0.006 0.011 0.145 0.572 
 589 H _   0.005 0.265 0.001 0.025 0.007 0.012 0.138 0.548 
 590 E _   0.005 0.289 0.001 0.029 0.008 0.013 0.132 0.524 
 591 S _   0.005 0.311 0.001 0.033 0.008 0.013 0.127 0.502 
 592 F _   0.005 0.329 0.001 0.037 0.009 0.013 0.122 0.484 
 593 S _   0.005 0.340 0.001 0.041 0.009 0.013 0.119 0.471 
 594 Y _   0.005 0.346 0.001 0.043 0.010 0.013 0.117 0.464 
 595 G _   0.006 0.347 0.001 0.044 0.010 0.013 0.117 0.463 
 596 L _   0.006 0.342 0.001 0.042 0.009 0.013 0.117 0.469 
 597 G _   0.007 0.331 0.001 0.039 0.009 0.012 0.117 0.484 
 598 Y _   0.007 0.310 0.001 0.035 0.008 0.012 0.119 0.507 
 599 T _   0.007 0.280 0.001 0.030 0.008 0.011 0.122 0.541 
 600 S _   0.008 0.241 0.001 0.024 0.007 0.011 0.125 0.583 
 601 P _   0.008 0.200 0.001 0.019 0.006 0.010 0.129 0.627 
 602 F _   0.008 0.164 0.001 0.015 0.005 0.010 0.133 0.666 
 603 S _   0.007 0.136 0.001 0.011 0.004 0.009 0.136 0.696 
 604 S _   0.007 0.119 0.000 0.008 0.003 0.009 0.138 0.717 
 605 Q _   0.006 0.108 0.000 0.007 0.002 0.008 0.139 0.729 
 606 Q _   0.006 0.103 0.000 0.006 0.002 0.008 0.140 0.735 
 607 R _   0.006 0.101 0.000 0.006 0.002 0.008 0.140 0.737 
 608 P _   0.005 0.102 0.000 0.007 0.002 0.008 0.139 0.735 
 609 H _   0.006 0.105 0.000 0.008 0.003 0.009 0.139 0.730 
 610 R _   0.006 0.111 0.000 0.010 0.004 0.009 0.137 0.722 
 611 H _   0.006 0.119 0.001 0.012 0.004 0.010 0.136 0.713 
 612 S _   0.006 0.128 0.001 0.015 0.005 0.010 0.135 0.702 
 613 M _   0.006 0.137 0.001 0.016 0.005 0.011 0.133 0.691 
 614 Y _   0.006 0.146 0.001 0.018 0.005 0.011 0.132 0.682 
 615 V _   0.005 0.153 0.001 0.018 0.005 0.010 0.131 0.676 
 616 T _   0.005 0.159 0.001 0.018 0.005 0.010 0.130 0.671 
 617 R _   0.005 0.164 0.001 0.018 0.005 0.010 0.130 0.667 
 618 D _   0.005 0.169 0.001 0.017 0.005 0.010 0.130 0.664 
 619 K _   0.005 0.172 0.001 0.016 0.005 0.010 0.130 0.662 
 620 V _   0.005 0.174 0.001 0.015 0.005 0.010 0.130 0.660 
 621 R _   0.005 0.177 0.001 0.013 0.004 0.010 0.131 0.659 
 622 A _   0.006 0.179 0.001 0.012 0.004 0.010 0.131 0.657 
 623 K _   0.006 0.182 0.000 0.011 0.004 0.011 0.131 0.654 
 624 G _   0.006 0.186 0.000 0.010 0.004 0.011 0.132 0.650 
 625 L _   0.007 0.191 0.001 0.010 0.004 0.012 0.132 0.642 
 626 D _   0.008 0.200 0.001 0.011 0.005 0.014 0.132 0.630 
 627 G _   0.009 0.212 0.001 0.013 0.007 0.016 0.132 0.612 
 628 S _   0.010 0.229 0.001 0.016 0.008 0.018 0.132 0.586 
 629 L _   0.012 0.252 0.001 0.020 0.011 0.020 0.132 0.552 
 630 S _   0.013 0.278 0.001 0.026 0.013 0.021 0.132 0.516 
 631 I _   0.013 0.303 0.001 0.032 0.014 0.022 0.133 0.481 
 632 G _   0.014 0.323 0.001 0.038 0.015 0.023 0.135 0.452 
 633 Q _   0.014 0.335 0.001 0.042 0.016 0.022 0.137 0.432 
 634 G _   0.014 0.340 0.001 0.045 0.016 0.022 0.140 0.422 
 635 M _   0.014 0.338 0.001 0.045 0.015 0.021 0.145 0.420 
 636 A _   0.014 0.330 0.001 0.043 0.014 0.020 0.151 0.426 
 637 A _   0.014 0.313 0.001 0.040 0.013 0.019 0.159 0.442 
 638 R _   0.014 0.286 0.001 0.036 0.012 0.017 0.168 0.465 
 639 A _   0.014 0.250 0.001 0.031 0.011 0.016 0.181 0.496 
 640 N _   0.013 0.209 0.001 0.027 0.010 0.015 0.195 0.531 
 641 S _   0.013 0.168 0.001 0.022 0.008 0.014 0.210 0.564 
 642 L _   0.012 0.130 0.001 0.018 0.007 0.013 0.225 0.594 
 643 Q _   0.011 0.099 0.001 0.015 0.005 0.011 0.238 0.620 
 644 L _   0.010 0.075 0.001 0.011 0.004 0.010 0.250 0.640 
 645 L _   0.009 0.058 0.000 0.009 0.003 0.008 0.259 0.654 
 646 S _   0.007 0.046 0.000 0.006 0.002 0.007 0.266 0.664 
 647 P _   0.006 0.040 0.000 0.005 0.002 0.006 0.271 0.670 
 648 Q _   0.005 0.036 0.000 0.004 0.001 0.006 0.274 0.673 
 649 P _   0.004 0.035 0.000 0.004 0.001 0.006 0.276 0.673 
 650 G _   0.005 0.036 0.000 0.004 0.002 0.006 0.278 0.670 
 651 E _   0.005 0.039 0.000 0.005 0.002 0.007 0.278 0.663 
 652 Q _   0.005 0.046 0.000 0.007 0.003 0.009 0.278 0.650 
 653 L _   0.006 0.060 0.001 0.011 0.004 0.011 0.277 0.631 
 654 P _   0.006 0.080 0.001 0.017 0.006 0.012 0.276 0.602 
 655 P _   0.007 0.106 0.001 0.023 0.007 0.014 0.274 0.569 
 656 E _   0.007 0.131 0.001 0.029 0.008 0.014 0.273 0.537 
 657 M _   0.006 0.151 0.001 0.034 0.009 0.015 0.272 0.511 
 658 T _   0.006 0.165 0.001 0.037 0.009 0.015 0.273 0.494 
 659 V _   0.006 0.172 0.001 0.038 0.009 0.015 0.275 0.484 
 660 A _   0.006 0.176 0.001 0.037 0.009 0.014 0.278 0.480 
 661 R _   0.006 0.175 0.001 0.035 0.008 0.014 0.281 0.480 
 662 S _   0.006 0.172 0.001 0.031 0.008 0.013 0.286 0.484 
 663 S _   0.006 0.166 0.001 0.027 0.007 0.012 0.292 0.489 
