#TopoPred_TM8: 8-state transmembrane topology prediction results by no_profile mode 
#probabilities are in the order of H E C I L F X _, the 8 transmembrane topology types used in PDBTM 
   1 M X   0.010 0.001 0.002 0.030 0.008 0.010 0.795 0.145 
   2 E X   0.004 0.000 0.000 0.016 0.001 0.006 0.814 0.158 
   3 L X   0.002 0.000 0.000 0.011 0.001 0.005 0.818 0.164 
   4 E X   0.003 0.001 0.000 0.009 0.001 0.007 0.815 0.165 
   5 N X   0.005 0.002 0.000 0.010 0.002 0.010 0.808 0.163 
   6 I X   0.008 0.004 0.000 0.012 0.004 0.014 0.796 0.161 
   7 V X   0.011 0.010 0.001 0.017 0.006 0.017 0.783 0.155 
   8 A X   0.013 0.018 0.001 0.024 0.008 0.019 0.769 0.149 
   9 N X   0.014 0.026 0.001 0.030 0.010 0.019 0.755 0.146 
  10 T X   0.014 0.032 0.001 0.035 0.010 0.018 0.744 0.146 
  11 V X   0.013 0.035 0.001 0.037 0.011 0.017 0.735 0.152 
  12 L X   0.011 0.036 0.001 0.036 0.010 0.015 0.730 0.161 
  13 L X   0.010 0.035 0.001 0.032 0.009 0.013 0.725 0.174 
  14 K X   0.009 0.032 0.001 0.026 0.007 0.011 0.723 0.190 
  15 A X   0.008 0.028 0.001 0.020 0.005 0.009 0.722 0.207 
  16 R X   0.007 0.022 0.000 0.014 0.004 0.008 0.721 0.224 
  17 E X   0.006 0.016 0.000 0.009 0.002 0.006 0.720 0.240 
  18 G X   0.005 0.011 0.000 0.006 0.002 0.005 0.718 0.253 
  19 G X   0.004 0.008 0.000 0.004 0.001 0.004 0.716 0.263 
  20 G X   0.003 0.006 0.000 0.003 0.001 0.003 0.712 0.271 
  21 G X   0.003 0.005 0.000 0.002 0.001 0.003 0.707 0.279 
  22 K X   0.002 0.005 0.000 0.002 0.001 0.003 0.701 0.286 
  23 R X   0.002 0.005 0.000 0.002 0.001 0.003 0.693 0.295 
  24 K X   0.002 0.005 0.000 0.002 0.001 0.003 0.682 0.304 
  25 G X   0.002 0.007 0.000 0.003 0.001 0.004 0.669 0.313 
  26 K X   0.003 0.010 0.000 0.005 0.002 0.006 0.652 0.322 
  27 S X   0.003 0.018 0.000 0.008 0.003 0.008 0.631 0.329 
  28 K X   0.004 0.033 0.001 0.013 0.005 0.011 0.603 0.331 
  29 K X   0.005 0.058 0.001 0.020 0.007 0.013 0.570 0.326 
  30 W X   0.005 0.092 0.001 0.028 0.009 0.015 0.534 0.316 
  31 K X   0.005 0.128 0.001 0.034 0.011 0.017 0.500 0.304 
  32 E X   0.005 0.158 0.001 0.039 0.011 0.017 0.472 0.296 
  33 I X   0.005 0.180 0.001 0.042 0.011 0.017 0.449 0.294 
  34 L X   0.005 0.195 0.001 0.042 0.011 0.017 0.432 0.297 
  35 K X   0.005 0.203 0.001 0.041 0.010 0.016 0.419 0.305 
  36 F X   0.005 0.207 0.001 0.037 0.010 0.016 0.408 0.316 
  37 P X   0.005 0.208 0.001 0.034 0.009 0.015 0.398 0.329 
  38 H X   0.005 0.207 0.001 0.030 0.008 0.015 0.391 0.343 
  39 I X   0.006 0.203 0.001 0.026 0.008 0.014 0.385 0.358 
  40 S X   0.006 0.199 0.001 0.024 0.007 0.014 0.379 0.371 
  41 Q _   0.006 0.193 0.001 0.022 0.007 0.014 0.374 0.383 
  42 C _   0.007 0.188 0.001 0.021 0.007 0.013 0.369 0.394 
  43 E _   0.007 0.182 0.001 0.021 0.007 0.013 0.365 0.404 
  44 D _   0.007 0.174 0.001 0.021 0.007 0.013 0.362 0.416 
  45 L _   0.007 0.165 0.001 0.022 0.006 0.012 0.359 0.428 
  46 R _   0.007 0.154 0.001 0.021 0.006 0.011 0.356 0.443 
  47 R _   0.007 0.141 0.001 0.020 0.006 0.011 0.354 0.460 
  48 T _   0.007 0.125 0.001 0.018 0.006 0.010 0.352 0.481 
  49 I _   0.007 0.107 0.001 0.016 0.005 0.009 0.351 0.505 
  50 D _   0.006 0.087 0.001 0.014 0.004 0.009 0.350 0.529 
  51 R _   0.006 0.069 0.001 0.011 0.004 0.008 0.348 0.554 
  52 D _   0.006 0.054 0.000 0.008 0.003 0.007 0.346 0.575 
  53 Y _   0.005 0.044 0.000 0.006 0.002 0.007 0.344 0.591 
  54 C _   0.005 0.037 0.000 0.005 0.002 0.007 0.341 0.603 
  55 S _   0.005 0.034 0.000 0.004 0.002 0.007 0.336 0.611 
  56 L _   0.005 0.033 0.000 0.004 0.002 0.008 0.331 0.616 
  57 C _   0.006 0.035 0.000 0.005 0.002 0.010 0.325 0.617 
  58 D _   0.007 0.039 0.000 0.007 0.004 0.013 0.317 0.613 
  59 K _   0.009 0.049 0.001 0.011 0.006 0.017 0.308 0.601 
  60 Q _   0.011 0.068 0.001 0.017 0.010 0.021 0.296 0.577 
  61 P _   0.013 0.096 0.001 0.026 0.014 0.025 0.282 0.543 
  62 I _   0.014 0.128 0.002 0.037 0.018 0.028 0.268 0.506 
  63 G _   0.015 0.155 0.002 0.047 0.020 0.030 0.257 0.475 
  64 R _   0.015 0.173 0.002 0.055 0.022 0.030 0.247 0.457 
  65 L _   0.015 0.181 0.002 0.058 0.022 0.030 0.241 0.450 
  66 L _   0.015 0.184 0.002 0.058 0.021 0.030 0.236 0.455 
  67 F _   0.015 0.180 0.002 0.053 0.020 0.028 0.233 0.470 
  68 R _   0.014 0.170 0.001 0.044 0.017 0.026 0.230 0.496 
  69 Q _   0.014 0.153 0.001 0.034 0.014 0.025 0.229 0.530 
  70 F _   0.014 0.130 0.001 0.024 0.011 0.023 0.228 0.569 
  71 C _   0.014 0.108 0.001 0.016 0.009 0.022 0.227 0.604 
  72 E _   0.014 0.092 0.001 0.010 0.007 0.022 0.226 0.628 
  73 T _   0.014 0.083 0.001 0.007 0.006 0.022 0.224 0.642 
  74 R _   0.016 0.080 0.001 0.006 0.006 0.023 0.222 0.646 
  75 P _   0.018 0.081 0.001 0.007 0.007 0.025 0.220 0.642 
  76 G _   0.021 0.085 0.001 0.009 0.009 0.027 0.218 0.630 
  77 L _   0.024 0.095 0.001 0.013 0.012 0.030 0.215 0.610 
  78 E _   0.027 0.109 0.001 0.019 0.016 0.032 0.212 0.584 
  79 C _   0.029 0.126 0.002 0.025 0.019 0.034 0.209 0.558 
  80 Y _   0.030 0.141 0.002 0.031 0.021 0.034 0.207 0.535 
  81 I _   0.031 0.152 0.002 0.036 0.022 0.034 0.205 0.518 
  82 Q _   0.031 0.160 0.002 0.040 0.022 0.032 0.205 0.508 
  83 F _   0.031 0.163 0.001 0.041 0.021 0.031 0.205 0.507 
  84 L _   0.030 0.162 0.001 0.041 0.019 0.028 0.206 0.511 
  85 D _   0.028 0.157 0.001 0.040 0.017 0.026 0.209 0.522 
  86 S _   0.026 0.148 0.001 0.037 0.015 0.023 0.212 0.538 
  87 V _   0.023 0.135 0.001 0.033 0.012 0.020 0.216 0.559 
  88 A _   0.021 0.116 0.001 0.028 0.010 0.018 0.221 0.585 
  89 E _   0.019 0.093 0.001 0.023 0.008 0.015 0.226 0.615 
  90 Y _   0.017 0.070 0.001 0.018 0.006 0.013 0.231 0.645 
  91 E _   0.014 0.049 0.001 0.013 0.004 0.011 0.235 0.673 
  92 V _   0.012 0.032 0.000 0.009 0.003 0.009 0.238 0.697 
  93 T _   0.009 0.021 0.000 0.006 0.002 0.007 0.239 0.715 
  94 P _   0.007 0.015 0.000 0.004 0.002 0.005 0.240 0.727 
  95 D _   0.006 0.011 0.000 0.003 0.001 0.005 0.239 0.735 
  96 E _   0.005 0.010 0.000 0.003 0.001 0.004 0.237 0.740 
  97 K _   0.004 0.010 0.000 0.003 0.001 0.004 0.234 0.744 
  98 L _   0.004 0.011 0.000 0.003 0.001 0.005 0.229 0.746 
  99 G _   0.004 0.014 0.000 0.005 0.002 0.006 0.223 0.746 
 100 E _   0.005 0.021 0.000 0.008 0.003 0.008 0.215 0.740 
 101 K _   0.005 0.034 0.001 0.012 0.004 0.010 0.205 0.729 
 102 G _   0.006 0.055 0.001 0.018 0.006 0.012 0.193 0.709 
 103 K _   0.006 0.081 0.001 0.025 0.007 0.014 0.180 0.685 
 104 E _   0.007 0.105 0.001 0.031 0.008 0.015 0.168 0.665 
 105 I _   0.006 0.123 0.001 0.035 0.009 0.016 0.158 0.652 
 106 M _   0.007 0.135 0.001 0.035 0.009 0.016 0.150 0.647 
 107 T _   0.007 0.142 0.001 0.034 0.009 0.016 0.143 0.649 
 108 K _   0.006 0.145 0.001 0.030 0.008 0.015 0.138 0.656 
 109 Y _   0.007 0.145 0.001 0.025 0.007 0.015 0.134 0.667 
 110 L _   0.007 0.144 0.001 0.020 0.006 0.014 0.130 0.678 
 111 T _   0.007 0.142 0.001 0.016 0.006 0.014 0.126 0.689 
 112 P _   0.007 0.141 0.001 0.013 0.005 0.014 0.123 0.696 
 113 K _   0.008 0.141 0.001 0.012 0.005 0.015 0.120 0.698 
 114 S _   0.009 0.144 0.001 0.012 0.006 0.016 0.116 0.696 
 115 P _   0.010 0.149 0.001 0.014 0.007 0.017 0.113 0.689 
 116 V _   0.011 0.158 0.001 0.017 0.008 0.018 0.109 0.677 
 117 F _   0.012 0.167 0.001 0.021 0.010 0.019 0.106 0.664 
 118 I _   0.013 0.176 0.001 0.026 0.011 0.019 0.102 0.653 
 119 A _   0.013 0.182 0.001 0.029 0.011 0.019 0.099 0.646 
 120 Q _   0.012 0.185 0.001 0.030 0.011 0.018 0.097 0.645 
 121 V _   0.012 0.185 0.001 0.030 0.011 0.018 0.095 0.649 
 122 G _   0.011 0.181 0.001 0.028 0.010 0.016 0.094 0.658 
 123 Q _   0.011 0.173 0.001 0.025 0.009 0.015 0.093 0.672 
 124 D _   0.011 0.163 0.001 0.022 0.008 0.014 0.092 0.689 
 125 L _   0.010 0.150 0.001 0.019 0.007 0.013 0.092 0.708 
 126 V _   0.010 0.137 0.001 0.016 0.006 0.012 0.092 0.726 
 127 S _   0.009 0.124 0.001 0.014 0.005 0.012 0.092 0.743 
 128 Q _   0.009 0.113 0.001 0.012 0.004 0.011 0.092 0.758 
 129 T _   0.008 0.104 0.001 0.011 0.004 0.010 0.091 0.771 
 130 E _   0.008 0.096 0.000 0.010 0.004 0.010 0.091 0.782 
 131 E _   0.007 0.090 0.000 0.009 0.003 0.010 0.090 0.790 
 132 K _   0.007 0.085 0.000 0.008 0.003 0.010 0.089 0.798 
 133 L _   0.007 0.082 0.000 0.007 0.003 0.010 0.088 0.803 
 134 L _   0.007 0.081 0.000 0.007 0.003 0.010 0.086 0.806 
 135 Q _   0.007 0.082 0.000 0.007 0.003 0.011 0.084 0.806 
 136 K _   0.008 0.084 0.000 0.007 0.004 0.013 0.082 0.802 
 137 P _   0.009 0.090 0.001 0.009 0.005 0.015 0.079 0.793 
 138 C _   0.011 0.100 0.001 0.011 0.006 0.018 0.076 0.778 
 139 K _   0.013 0.115 0.001 0.014 0.009 0.021 0.073 0.755 
 140 E _   0.015 0.135 0.001 0.019 0.011 0.024 0.069 0.727 
 141 L _   0.017 0.157 0.001 0.023 0.014 0.027 0.065 0.695 
 142 F _   0.019 0.178 0.001 0.028 0.016 0.029 0.062 0.667 
 143 S _   0.020 0.195 0.001 0.032 0.018 0.030 0.059 0.644 
 144 A _   0.021 0.207 0.001 0.034 0.019 0.030 0.057 0.629 
 145 C _   0.022 0.214 0.001 0.035 0.019 0.030 0.055 0.622 
 146 A _   0.023 0.217 0.001 0.035 0.019 0.030 0.054 0.620 
 147 Q _   0.024 0.217 0.001 0.034 0.018 0.029 0.053 0.623 
 148 S _   0.024 0.213 0.001 0.032 0.017 0.028 0.052 0.632 
 149 V _   0.024 0.205 0.001 0.030 0.016 0.027 0.052 0.644 
 150 H _   0.024 0.195 0.001 0.028 0.015 0.026 0.052 0.660 
 151 E _   0.023 0.180 0.001 0.025 0.014 0.025 0.053 0.680 
 152 Y _   0.022 0.163 0.001 0.022 0.012 0.023 0.053 0.703 
 153 L _   0.021 0.144 0.001 0.019 0.011 0.022 0.054 0.729 
 154 R _   0.020 0.125 0.001 0.016 0.009 0.021 0.054 0.754 
 155 G _   0.019 0.107 0.001 0.013 0.008 0.020 0.055 0.778 
 156 E _   0.017 0.094 0.001 0.010 0.006 0.019 0.056 0.798 
 157 P _   0.016 0.084 0.001 0.008 0.006 0.018 0.056 0.811 
 158 F _   0.016 0.079 0.001 0.007 0.005 0.019 0.056 0.818 
 159 H _   0.016 0.076 0.001 0.007 0.005 0.019 0.056 0.820 
 160 E _   0.017 0.076 0.001 0.007 0.006 0.020 0.056 0.817 
 161 Y _   0.018 0.079 0.001 0.009 0.007 0.022 0.055 0.808 
 162 L _   0.020 0.084 0.001 0.012 0.009 0.024 0.055 0.795 
 163 D _   0.022 0.092 0.001 0.015 0.011 0.026 0.054 0.779 
 164 S _   0.024 0.101 0.001 0.019 0.014 0.028 0.054 0.760 
 165 M _   0.025 0.110 0.001 0.024 0.015 0.029 0.053 0.742 
 166 F _   0.026 0.117 0.001 0.028 0.017 0.030 0.053 0.727 
 167 F _   0.027 0.122 0.001 0.031 0.018 0.030 0.053 0.718 
 168 D _   0.027 0.124 0.001 0.033 0.018 0.029 0.054 0.714 
 169 R _   0.027 0.122 0.001 0.033 0.017 0.028 0.055 0.717 
 170 F _   0.026 0.118 0.001 0.031 0.016 0.027 0.056 0.725 
 171 L _   0.025 0.112 0.001 0.029 0.015 0.025 0.057 0.736 
 172 Q _   0.024 0.102 0.001 0.026 0.013 0.023 0.058 0.752 
 173 W _   0.023 0.091 0.001 0.023 0.011 0.021 0.060 0.769 
 174 K _   0.021 0.078 0.001 0.020 0.010 0.019 0.062 0.788 
 175 W _   0.020 0.065 0.001 0.017 0.008 0.017 0.064 0.807 
 176 L _   0.018 0.053 0.001 0.014 0.007 0.015 0.066 0.826 
 177 E _   0.016 0.041 0.001 0.012 0.006 0.014 0.068 0.842 
 178 R _   0.015 0.032 0.001 0.010 0.005 0.012 0.070 0.856 
 179 Q _   0.013 0.025 0.000 0.008 0.004 0.011 0.071 0.868 
 180 P _   0.012 0.020 0.000 0.007 0.003 0.010 0.072 0.877 
 181 V _   0.010 0.016 0.000 0.006 0.003 0.009 0.072 0.883 
 182 T _   0.010 0.015 0.000 0.005 0.003 0.009 0.073 0.886 
 183 K _   0.009 0.014 0.000 0.005 0.003 0.009 0.073 0.887 
 184 N _   0.009 0.014 0.000 0.005 0.003 0.009 0.073 0.886 
 185 T _   0.009 0.016 0.000 0.006 0.003 0.010 0.072 0.884 
 186 F _   0.009 0.018 0.000 0.007 0.004 0.011 0.072 0.880 
 187 R _   0.009 0.021 0.001 0.009 0.004 0.011 0.071 0.874 
 188 Q _   0.009 0.025 0.001 0.010 0.005 0.012 0.070 0.868 
 189 Y _   0.009 0.031 0.001 0.011 0.005 0.013 0.068 0.861 
 190 R _   0.009 0.037 0.001 0.013 0.006 0.015 0.067 0.854 
 191 V _   0.009 0.044 0.001 0.013 0.006 0.016 0.065 0.845 
 192 L _   0.010 0.051 0.001 0.014 0.007 0.017 0.064 0.836 
 193 G _   0.011 0.059 0.001 0.015 0.008 0.019 0.063 0.825 
 194 K _   0.012 0.067 0.001 0.016 0.009 0.021 0.061 0.812 
 195 G _   0.014 0.077 0.001 0.017 0.011 0.023 0.060 0.797 
 196 G _   0.016 0.087 0.001 0.019 0.012 0.025 0.059 0.781 
 197 F _   0.018 0.097 0.001 0.021 0.014 0.028 0.058 0.764 
 198 G _   0.021 0.107 0.001 0.023 0.016 0.029 0.057 0.746 
 199 E _   0.023 0.116 0.001 0.025 0.017 0.031 0.056 0.731 
 200 V _   0.025 0.124 0.001 0.026 0.018 0.032 0.056 0.718 
 201 C _   0.026 0.131 0.001 0.027 0.019 0.032 0.055 0.708 
 202 A _   0.027 0.135 0.001 0.028 0.019 0.032 0.055 0.702 
 203 C _   0.028 0.137 0.001 0.028 0.018 0.032 0.056 0.700 
 204 Q _   0.028 0.137 0.001 0.027 0.018 0.031 0.056 0.701 
 205 V _   0.028 0.136 0.001 0.026 0.016 0.029 0.057 0.706 
 206 R _   0.027 0.133 0.001 0.025 0.015 0.028 0.059 0.712 
 207 A _   0.026 0.128 0.001 0.024 0.014 0.026 0.060 0.722 
 208 T _   0.024 0.122 0.001 0.023 0.012 0.024 0.061 0.732 
 209 G _   0.022 0.115 0.001 0.021 0.011 0.022 0.063 0.743 
 210 K _   0.021 0.108 0.001 0.021 0.010 0.021 0.065 0.754 
 211 M _   0.019 0.100 0.001 0.020 0.009 0.019 0.067 0.765 
 212 Y _   0.018 0.092 0.001 0.019 0.008 0.017 0.069 0.776 
 213 A _   0.016 0.082 0.001 0.018 0.007 0.016 0.071 0.788 
 214 C _   0.015 0.073 0.001 0.017 0.006 0.014 0.073 0.800 
 215 K _   0.014 0.063 0.001 0.016 0.006 0.013 0.076 0.813 
 216 R _   0.012 0.052 0.001 0.015 0.005 0.011 0.078 0.827 
 217 L _   0.011 0.041 0.001 0.013 0.004 0.010 0.080 0.840 
 218 E _   0.010 0.032 0.000 0.011 0.003 0.009 0.082 0.853 
 219 K _   0.009 0.024 0.000 0.009 0.003 0.008 0.083 0.864 
 220 K _   0.008 0.017 0.000 0.007 0.002 0.007 0.084 0.874 
 221 R _   0.007 0.013 0.000 0.006 0.002 0.006 0.085 0.881 
 222 I _   0.006 0.010 0.000 0.005 0.002 0.006 0.085 0.886 
 223 K _   0.006 0.008 0.000 0.004 0.002 0.006 0.085 0.889 
 224 K _   0.005 0.008 0.000 0.004 0.002 0.006 0.085 0.890 
 225 R _   0.005 0.008 0.000 0.005 0.002 0.006 0.084 0.890 
 226 K _   0.005 0.008 0.000 0.006 0.002 0.007 0.083 0.888 
 227 G _   0.006 0.010 0.000 0.008 0.003 0.008 0.081 0.885 
 228 E _   0.006 0.012 0.000 0.010 0.003 0.009 0.079 0.881 
 229 S _   0.006 0.014 0.000 0.013 0.004 0.010 0.077 0.876 
 230 M _   0.006 0.016 0.001 0.015 0.005 0.011 0.075 0.871 
 231 A _   0.006 0.019 0.001 0.018 0.005 0.012 0.073 0.867 
 232 L _   0.007 0.020 0.001 0.019 0.005 0.013 0.071 0.865 
 233 N _   0.007 0.021 0.001 0.019 0.006 0.013 0.069 0.865 
 234 E _   0.007 0.021 0.001 0.019 0.006 0.014 0.067 0.866 
 235 K _   0.007 0.021 0.001 0.017 0.006 0.014 0.066 0.868 
 236 Q _   0.008 0.020 0.001 0.016 0.006 0.015 0.065 0.871 
 237 I _   0.009 0.018 0.001 0.013 0.006 0.016 0.063 0.874 
 238 L _   0.010 0.017 0.001 0.012 0.005 0.017 0.062 0.876 
 239 E _   0.012 0.016 0.001 0.010 0.006 0.018 0.061 0.875 
 240 K _   0.015 0.016 0.001 0.010 0.006 0.021 0.060 0.872 
 241 V _   0.018 0.016 0.001 0.011 0.008 0.023 0.059 0.864 
 242 N _   0.022 0.018 0.001 0.013 0.010 0.027 0.057 0.853 
 243 S _   0.027 0.020 0.001 0.016 0.013 0.030 0.056 0.836 
 244 Q _   0.033 0.023 0.001 0.021 0.017 0.033 0.055 0.817 
 245 F _   0.038 0.026 0.001 0.027 0.020 0.036 0.054 0.798 
 246 V _   0.044 0.028 0.002 0.033 0.022 0.037 0.053 0.781 
 247 V _   0.050 0.028 0.002 0.036 0.023 0.037 0.052 0.771 
 248 N _   0.055 0.027 0.002 0.036 0.022 0.036 0.052 0.769 
 249 L _   0.060 0.024 0.002 0.032 0.020 0.034 0.052 0.777 
 250 A _   0.066 0.018 0.001 0.024 0.016 0.031 0.052 0.791 
 251 Y _   0.073 0.011 0.001 0.016 0.012 0.028 0.052 0.808 
 252 A _   0.080 0.005 0.001 0.008 0.008 0.025 0.052 0.821 
 253 Y _   0.091 0.001 0.001 0.004 0.006 0.022 0.051 0.824 
 254 E _   0.108 0.000 0.000 0.002 0.005 0.022 0.051 0.813 
 255 T _   0.137 0.000 0.001 0.001 0.005 0.022 0.049 0.784 
 256 K _   0.183 0.000 0.001 0.001 0.007 0.025 0.048 0.735 
 257 D _   0.247 0.000 0.001 0.001 0.011 0.030 0.047 0.663 
 258 A _   0.319 0.000 0.001 0.002 0.018 0.036 0.046 0.578 
 259 L _   0.387 0.000 0.002 0.003 0.027 0.041 0.046 0.494 
 260 C H   0.439 0.001 0.002 0.005 0.037 0.046 0.047 0.423 
 261 L H   0.473 0.003 0.002 0.009 0.045 0.048 0.048 0.372 
 262 V H   0.489 0.005 0.003 0.013 0.050 0.048 0.050 0.343 
 263 L H   0.488 0.006 0.003 0.016 0.052 0.046 0.054 0.335 
 264 T H   0.472 0.007 0.003 0.017 0.051 0.044 0.058 0.349 
 265 I H   0.441 0.006 0.003 0.016 0.046 0.041 0.063 0.383 
 266 M _   0.396 0.005 0.003 0.014 0.039 0.037 0.069 0.436 
 267 N _   0.341 0.004 0.002 0.012 0.031 0.033 0.075 0.502 
 268 G _   0.281 0.002 0.002 0.010 0.023 0.029 0.082 0.571 
 269 G _   0.222 0.002 0.001 0.008 0.016 0.025 0.090 0.636 
 270 D _   0.169 0.001 0.001 0.008 0.012 0.021 0.097 0.691 
 271 L _   0.124 0.001 0.001 0.008 0.008 0.018 0.104 0.735 
 272 K _   0.088 0.001 0.001 0.008 0.006 0.016 0.111 0.770 
 273 F _   0.060 0.001 0.001 0.008 0.005 0.013 0.116 0.796 
 274 H _   0.040 0.001 0.001 0.008 0.004 0.011 0.121 0.815 
 275 I _   0.026 0.001 0.000 0.007 0.003 0.009 0.125 0.828 
 276 Y _   0.017 0.001 0.000 0.006 0.003 0.008 0.128 0.838 
 277 N _   0.012 0.000 0.000 0.005 0.002 0.007 0.130 0.844 
 278 M _   0.009 0.000 0.000 0.004 0.002 0.006 0.131 0.847 
 279 G _   0.007 0.000 0.000 0.003 0.001 0.006 0.132 0.849 
 280 N _   0.007 0.000 0.000 0.002 0.001 0.007 0.133 0.849 
 281 P _   0.008 0.000 0.000 0.002 0.002 0.009 0.133 0.846 
 282 G _   0.011 0.000 0.000 0.002 0.002 0.012 0.132 0.840 
 283 F _   0.016 0.001 0.000 0.003 0.003 0.017 0.131 0.829 
 284 E _   0.025 0.001 0.000 0.004 0.005 0.024 0.129 0.811 
 285 E _   0.039 0.003 0.001 0.006 0.009 0.033 0.127 0.783 
 286 E _   0.056 0.008 0.001 0.008 0.015 0.044 0.124 0.744 
 287 R _   0.077 0.016 0.002 0.012 0.025 0.056 0.120 0.693 
 288 A _   0.098 0.031 0.002 0.017 0.037 0.067 0.116 0.632 
 289 L _   0.116 0.050 0.003 0.024 0.050 0.075 0.113 0.570 
 290 F _   0.132 0.069 0.003 0.031 0.061 0.080 0.110 0.515 
 291 Y _   0.143 0.086 0.003 0.038 0.067 0.081 0.109 0.472 
 292 A _   0.149 0.098 0.003 0.045 0.070 0.080 0.109 0.446 
 293 A _   0.151 0.104 0.003 0.049 0.069 0.076 0.110 0.438 
 294 E _   0.149 0.106 0.003 0.050 0.064 0.071 0.112 0.445 
 295 I _   0.143 0.103 0.003 0.048 0.057 0.064 0.115 0.467 
 296 L _   0.132 0.095 0.003 0.042 0.047 0.056 0.119 0.505 
 297 C _   0.118 0.081 0.002 0.034 0.036 0.048 0.124 0.556 
 298 G _   0.101 0.063 0.002 0.026 0.027 0.040 0.129 0.612 
 299 L _   0.084 0.044 0.002 0.019 0.018 0.033 0.134 0.666 
 300 E _   0.067 0.028 0.001 0.014 0.012 0.027 0.139 0.712 
 301 D _   0.051 0.017 0.001 0.010 0.008 0.022 0.143 0.748 
 302 L _   0.039 0.011 0.001 0.008 0.005 0.017 0.146 0.773 
 303 H _   0.029 0.007 0.000 0.007 0.004 0.014 0.148 0.790 
 304 R _   0.022 0.005 0.000 0.006 0.003 0.012 0.150 0.801 
 305 E _   0.017 0.004 0.000 0.006 0.003 0.010 0.151 0.809 
 306 N _   0.013 0.003 0.000 0.006 0.003 0.009 0.152 0.814 
 307 T _   0.011 0.003 0.000 0.006 0.002 0.008 0.152 0.818 
 308 V _   0.009 0.002 0.000 0.006 0.002 0.007 0.152 0.821 
 309 Y _   0.008 0.002 0.000 0.006 0.002 0.007 0.152 0.823 
 310 R _   0.007 0.002 0.000 0.006 0.002 0.006 0.151 0.825 
 311 D _   0.006 0.003 0.000 0.006 0.002 0.006 0.150 0.827 
 312 L _   0.006 0.003 0.000 0.006 0.002 0.006 0.149 0.828 
 313 K _   0.005 0.003 0.000 0.007 0.002 0.006 0.147 0.829 
 314 P _   0.005 0.004 0.000 0.007 0.002 0.007 0.145 0.829 
 315 E _   0.005 0.005 0.000 0.008 0.003 0.007 0.143 0.829 
 316 N _   0.005 0.006 0.000 0.009 0.003 0.007 0.140 0.830 
 317 I _   0.005 0.007 0.000 0.009 0.003 0.008 0.137 0.830 
 318 L _   0.005 0.008 0.000 0.010 0.003 0.008 0.135 0.830 
 319 L _   0.005 0.009 0.000 0.010 0.003 0.008 0.132 0.831 
 320 D _   0.005 0.011 0.000 0.010 0.004 0.009 0.129 0.832 
 321 D _   0.006 0.012 0.000 0.010 0.004 0.010 0.126 0.832 
 322 Y _   0.006 0.014 0.000 0.011 0.004 0.011 0.123 0.832 
 323 G _   0.007 0.016 0.001 0.011 0.004 0.012 0.120 0.830 
 324 H _   0.007 0.018 0.001 0.012 0.005 0.013 0.117 0.827 
 325 I _   0.009 0.021 0.001 0.014 0.006 0.015 0.114 0.821 
 326 R _   0.010 0.025 0.001 0.017 0.007 0.017 0.111 0.813 
 327 I _   0.011 0.029 0.001 0.019 0.009 0.018 0.108 0.804 
 328 S _   0.013 0.033 0.001 0.022 0.010 0.020 0.105 0.796 
 329 D _   0.014 0.037 0.001 0.026 0.011 0.021 0.103 0.788 
 330 L _   0.015 0.039 0.001 0.028 0.012 0.021 0.101 0.783 
 331 G _   0.016 0.040 0.001 0.028 0.012 0.022 0.099 0.782 
 332 L _   0.016 0.039 0.001 0.026 0.012 0.021 0.098 0.786 
 333 A _   0.016 0.037 0.001 0.024 0.011 0.021 0.098 0.792 
 334 V _   0.016 0.034 0.001 0.020 0.009 0.020 0.097 0.802 
 335 K _   0.016 0.031 0.001 0.015 0.008 0.019 0.097 0.813 
 336 I _   0.016 0.027 0.001 0.012 0.007 0.018 0.097 0.824 
 337 P _   0.016 0.024 0.001 0.009 0.005 0.018 0.096 0.831 
 338 E _   0.016 0.022 0.001 0.007 0.005 0.018 0.096 0.835 
 339 G _   0.017 0.022 0.001 0.006 0.005 0.019 0.095 0.836 
 340 D _   0.019 0.023 0.001 0.006 0.006 0.021 0.094 0.831 
 341 L _   0.021 0.026 0.001 0.007 0.007 0.024 0.093 0.822 
 342 I _   0.024 0.033 0.001 0.009 0.009 0.027 0.091 0.806 
 343 R _   0.027 0.045 0.001 0.013 0.012 0.031 0.089 0.782 
 344 G _   0.029 0.064 0.001 0.018 0.016 0.034 0.087 0.750 
 345 R _   0.031 0.088 0.002 0.024 0.020 0.036 0.085 0.713 
 346 V _   0.032 0.114 0.002 0.032 0.024 0.038 0.084 0.675 
 347 G _   0.031 0.138 0.002 0.039 0.026 0.038 0.082 0.644 
 348 T _   0.030 0.156 0.002 0.046 0.027 0.037 0.081 0.620 
 349 V _   0.029 0.168 0.002 0.051 0.027 0.036 0.081 0.605 
 350 G _   0.027 0.174 0.002 0.054 0.026 0.034 0.082 0.600 
 351 Y _   0.026 0.176 0.002 0.055 0.024 0.032 0.083 0.604 
 352 M _   0.023 0.172 0.002 0.053 0.021 0.029 0.086 0.616 
 353 A _   0.021 0.163 0.002 0.048 0.018 0.025 0.088 0.635 
 354 P _   0.019 0.148 0.001 0.042 0.015 0.022 0.092 0.662 
 355 E _   0.016 0.127 0.001 0.035 0.012 0.019 0.095 0.694 
 356 V _   0.015 0.101 0.001 0.028 0.009 0.017 0.100 0.730 
 357 L _   0.013 0.074 0.001 0.021 0.007 0.014 0.104 0.767 
 358 N _   0.011 0.049 0.001 0.015 0.005 0.012 0.107 0.799 
 359 N _   0.010 0.029 0.001 0.011 0.004 0.010 0.111 0.825 
 360 Q _   0.009 0.015 0.000 0.007 0.003 0.009 0.113 0.844 
 361 R _   0.008 0.007 0.000 0.005 0.002 0.008 0.114 0.856 
 362 Y _   0.008 0.003 0.000 0.003 0.002 0.008 0.115 0.861 
 363 G _   0.009 0.001 0.000 0.002 0.001 0.009 0.115 0.862 
 364 L _   0.013 0.001 0.000 0.002 0.002 0.011 0.114 0.858 
 365 S _   0.021 0.000 0.000 0.002 0.002 0.015 0.113 0.847 
 366 P _   0.036 0.001 0.000 0.002 0.004 0.021 0.111 0.825 
 367 D _   0.059 0.001 0.001 0.003 0.008 0.031 0.108 0.788 
 368 Y _   0.093 0.004 0.001 0.005 0.016 0.044 0.105 0.732 
 369 W _   0.130 0.013 0.002 0.009 0.030 0.058 0.101 0.658 
 370 G _   0.165 0.034 0.003 0.016 0.049 0.071 0.097 0.566 
 371 L _   0.192 0.070 0.004 0.025 0.065 0.079 0.094 0.471 
 372 G _   0.208 0.109 0.004 0.036 0.076 0.082 0.092 0.394 
 373 C _   0.215 0.139 0.004 0.046 0.079 0.081 0.091 0.344 
 374 L _   0.215 0.158 0.003 0.055 0.078 0.077 0.092 0.322 
 375 I _   0.208 0.167 0.003 0.060 0.074 0.071 0.094 0.322 
 376 Y _   0.195 0.169 0.003 0.061 0.067 0.065 0.098 0.343 
 377 E _   0.175 0.162 0.003 0.058 0.057 0.057 0.102 0.385 
 378 M _   0.150 0.147 0.003 0.050 0.045 0.048 0.108 0.449 
 379 I _   0.122 0.120 0.003 0.039 0.032 0.039 0.115 0.529 
 380 E _   0.095 0.087 0.002 0.028 0.021 0.031 0.122 0.614 
 381 G _   0.070 0.055 0.001 0.018 0.013 0.024 0.129 0.691 
 382 Q _   0.049 0.032 0.001 0.012 0.007 0.018 0.133 0.748 
 383 S _   0.033 0.019 0.001 0.007 0.004 0.013 0.137 0.786 
 384 P _   0.022 0.013 0.000 0.005 0.003 0.010 0.139 0.808 
 385 F _   0.015 0.010 0.000 0.004 0.002 0.008 0.140 0.821 
 386 R _   0.010 0.009 0.000 0.004 0.002 0.007 0.141 0.828 
 387 G _   0.008 0.009 0.000 0.004 0.002 0.007 0.140 0.831 
 388 R _   0.006 0.010 0.000 0.004 0.002 0.006 0.139 0.832 
 389 K _   0.006 0.012 0.000 0.005 0.002 0.007 0.138 0.831 
 390 E _   0.005 0.015 0.000 0.007 0.002 0.007 0.136 0.828 
 391 K _   0.005 0.020 0.000 0.008 0.003 0.008 0.133 0.823 
 392 V _   0.005 0.028 0.000 0.010 0.003 0.009 0.129 0.816 
 393 K _   0.005 0.037 0.000 0.012 0.004 0.010 0.125 0.806 
 394 R _   0.005 0.049 0.001 0.015 0.004 0.011 0.121 0.794 
 395 E _   0.006 0.062 0.001 0.017 0.005 0.012 0.117 0.779 
 396 E _   0.006 0.077 0.001 0.021 0.006 0.013 0.113 0.763 
 397 V _   0.007 0.091 0.001 0.024 0.007 0.015 0.109 0.746 
 398 D _   0.007 0.104 0.001 0.028 0.009 0.016 0.106 0.729 
 399 R _   0.008 0.115 0.001 0.032 0.010 0.017 0.103 0.714 
 400 R _   0.009 0.124 0.001 0.035 0.010 0.018 0.100 0.703 
 401 V _   0.009 0.129 0.001 0.037 0.011 0.018 0.099 0.696 
 402 L _   0.010 0.131 0.001 0.038 0.011 0.018 0.098 0.694 
 403 E _   0.010 0.130 0.001 0.037 0.011 0.017 0.097 0.697 
 404 T _   0.010 0.125 0.001 0.033 0.010 0.017 0.097 0.707 
 405 E _   0.010 0.117 0.001 0.028 0.008 0.016 0.098 0.722 
 406 E _   0.010 0.106 0.001 0.023 0.007 0.015 0.098 0.740 
 407 V _   0.009 0.094 0.001 0.018 0.006 0.014 0.099 0.760 
 408 Y _   0.009 0.081 0.001 0.013 0.005 0.013 0.100 0.779 
 409 S _   0.009 0.071 0.000 0.009 0.004 0.013 0.100 0.794 
 410 H _   0.009 0.065 0.000 0.007 0.003 0.013 0.100 0.803 
 411 K _   0.009 0.062 0.000 0.006 0.003 0.013 0.100 0.806 
 412 F _   0.010 0.062 0.000 0.006 0.004 0.015 0.099 0.804 
 413 S _   0.012 0.065 0.001 0.007 0.005 0.017 0.098 0.796 
 414 E _   0.014 0.072 0.001 0.010 0.007 0.020 0.097 0.779 
 415 E _   0.017 0.087 0.001 0.014 0.009 0.022 0.095 0.754 
 416 A _   0.019 0.109 0.001 0.021 0.013 0.025 0.093 0.719 
 417 K _   0.020 0.134 0.001 0.030 0.016 0.027 0.091 0.680 
 418 S _   0.022 0.156 0.001 0.039 0.018 0.028 0.090 0.647 
 419 I _   0.022 0.172 0.001 0.046 0.019 0.028 0.089 0.623 
 420 C _   0.022 0.180 0.001 0.051 0.019 0.027 0.089 0.611 
 421 K _   0.021 0.182 0.001 0.052 0.018 0.025 0.090 0.610 
 422 M _   0.020 0.178 0.001 0.049 0.016 0.023 0.092 0.620 
 423 L _   0.019 0.168 0.001 0.043 0.013 0.020 0.094 0.641 
 424 L _   0.017 0.150 0.001 0.034 0.011 0.018 0.097 0.672 
 425 T _   0.015 0.126 0.001 0.025 0.008 0.015 0.100 0.710 
 426 K _   0.013 0.100 0.001 0.017 0.006 0.013 0.103 0.747 
 427 D _   0.011 0.080 0.001 0.011 0.004 0.010 0.105 0.777 
 428 A _   0.009 0.067 0.000 0.008 0.003 0.009 0.107 0.798 
 429 K _   0.008 0.059 0.000 0.005 0.002 0.008 0.108 0.809 
 430 Q _   0.007 0.056 0.000 0.005 0.002 0.007 0.108 0.815 
 431 R _   0.006 0.056 0.000 0.005 0.002 0.007 0.108 0.816 
 432 L _   0.006 0.058 0.000 0.006 0.002 0.007 0.107 0.813 
 433 G _   0.006 0.063 0.000 0.008 0.003 0.008 0.106 0.807 
 434 C _   0.006 0.071 0.000 0.010 0.003 0.008 0.104 0.797 
 435 Q _   0.006 0.082 0.000 0.013 0.004 0.009 0.101 0.785 
 436 E _   0.005 0.093 0.001 0.015 0.004 0.010 0.099 0.773 
 437 E _   0.005 0.106 0.001 0.017 0.005 0.010 0.096 0.760 
 438 G _   0.005 0.117 0.001 0.019 0.005 0.010 0.094 0.749 
 439 A _   0.005 0.127 0.001 0.020 0.005 0.010 0.092 0.740 
 440 A _   0.005 0.136 0.001 0.020 0.005 0.010 0.090 0.732 
 441 E _   0.005 0.142 0.001 0.020 0.005 0.010 0.089 0.727 
 442 V _   0.006 0.148 0.001 0.019 0.005 0.010 0.088 0.723 
 443 K _   0.006 0.151 0.001 0.018 0.005 0.011 0.088 0.721 
 444 R _   0.006 0.154 0.001 0.017 0.005 0.011 0.087 0.720 
 445 H _   0.006 0.156 0.001 0.016 0.005 0.011 0.087 0.718 
 446 P _   0.006 0.157 0.001 0.016 0.005 0.011 0.087 0.717 
 447 F _   0.007 0.159 0.001 0.015 0.005 0.011 0.088 0.716 
 448 F _   0.007 0.160 0.001 0.015 0.005 0.012 0.088 0.713 
 449 R _   0.007 0.162 0.001 0.015 0.005 0.012 0.088 0.711 
 450 N _   0.007 0.164 0.001 0.016 0.005 0.012 0.089 0.706 
 451 M _   0.008 0.166 0.001 0.017 0.006 0.013 0.089 0.700 
 452 N _   0.008 0.169 0.001 0.019 0.006 0.013 0.090 0.693 
 453 F _   0.009 0.171 0.001 0.022 0.007 0.014 0.090 0.686 
 454 K _   0.009 0.172 0.001 0.025 0.008 0.014 0.092 0.680 
 455 R _   0.009 0.172 0.001 0.028 0.008 0.014 0.093 0.675 
 456 L _   0.010 0.169 0.001 0.029 0.008 0.014 0.095 0.674 
 457 E _   0.010 0.164 0.001 0.030 0.008 0.013 0.097 0.677 
 458 A _   0.010 0.154 0.001 0.029 0.008 0.012 0.101 0.686 
 459 G _   0.009 0.140 0.001 0.026 0.007 0.011 0.104 0.701 
 460 M _   0.009 0.121 0.001 0.022 0.006 0.010 0.109 0.723 
 461 L _   0.009 0.098 0.001 0.017 0.005 0.009 0.113 0.749 
 462 D _   0.008 0.076 0.001 0.012 0.004 0.008 0.117 0.774 
 463 P _   0.007 0.059 0.000 0.008 0.003 0.007 0.120 0.795 
 464 P _   0.006 0.048 0.000 0.006 0.002 0.007 0.122 0.809 
 465 F _   0.006 0.042 0.000 0.004 0.002 0.006 0.124 0.817 
 466 V _   0.005 0.040 0.000 0.004 0.002 0.007 0.124 0.819 
 467 P _   0.006 0.040 0.000 0.004 0.002 0.008 0.125 0.816 
 468 D _   0.006 0.044 0.000 0.005 0.002 0.009 0.124 0.809 
 469 P _   0.007 0.053 0.000 0.008 0.003 0.011 0.123 0.794 
 470 R _   0.008 0.070 0.001 0.011 0.005 0.014 0.120 0.770 
 471 A _   0.009 0.098 0.001 0.016 0.007 0.016 0.117 0.736 
 472 V _   0.009 0.134 0.001 0.021 0.009 0.018 0.114 0.695 
 473 Y _   0.009 0.171 0.001 0.024 0.010 0.019 0.110 0.655 
 474 C _   0.009 0.207 0.001 0.027 0.011 0.020 0.107 0.618 
 475 K _   0.009 0.239 0.001 0.028 0.011 0.020 0.105 0.588 
 476 D _   0.009 0.266 0.001 0.029 0.011 0.020 0.102 0.562 
 477 V _   0.009 0.288 0.001 0.029 0.012 0.020 0.101 0.540 
 478 L _   0.009 0.307 0.001 0.030 0.012 0.020 0.100 0.522 
 479 D _   0.009 0.322 0.001 0.030 0.012 0.020 0.099 0.507 
 480 I _   0.009 0.334 0.001 0.031 0.012 0.020 0.099 0.494 
 481 E _   0.009 0.343 0.001 0.033 0.012 0.019 0.099 0.484 
 482 Q _   0.009 0.349 0.001 0.035 0.012 0.019 0.099 0.476 
 483 F _   0.010 0.351 0.001 0.036 0.012 0.018 0.100 0.473 
 484 S _   0.009 0.349 0.001 0.036 0.011 0.017 0.102 0.474 
 485 T _   0.009 0.343 0.001 0.036 0.011 0.016 0.105 0.479 
 486 V _   0.009 0.333 0.001 0.035 0.010 0.015 0.108 0.490 
 487 K _   0.009 0.315 0.001 0.032 0.009 0.014 0.112 0.508 
 488 G _   0.009 0.291 0.001 0.028 0.008 0.012 0.117 0.533 
 489 V _   0.009 0.261 0.001 0.024 0.007 0.011 0.122 0.565 
 490 N _   0.009 0.226 0.001 0.020 0.006 0.010 0.129 0.600 
 491 L _   0.008 0.192 0.001 0.015 0.005 0.009 0.135 0.636 
 492 D _   0.007 0.165 0.001 0.011 0.004 0.008 0.140 0.665 
 493 H _   0.006 0.146 0.000 0.008 0.003 0.007 0.144 0.686 
 494 T _   0.005 0.134 0.000 0.006 0.002 0.007 0.147 0.699 
 495 D _   0.005 0.129 0.000 0.005 0.002 0.006 0.148 0.705 
 496 D _   0.004 0.128 0.000 0.005 0.002 0.007 0.149 0.705 
 497 D _   0.004 0.130 0.000 0.006 0.002 0.007 0.150 0.701 
 498 F _   0.005 0.138 0.000 0.007 0.003 0.008 0.149 0.690 
 499 Y _   0.005 0.151 0.000 0.010 0.003 0.010 0.148 0.672 
 500 S _   0.005 0.172 0.001 0.013 0.005 0.011 0.147 0.646 
 501 K _   0.006 0.200 0.001 0.017 0.006 0.012 0.145 0.614 
 502 F _   0.005 0.230 0.001 0.020 0.007 0.013 0.143 0.580 
 503 S _   0.005 0.259 0.001 0.022 0.007 0.014 0.142 0.550 
 504 T _   0.005 0.284 0.001 0.024 0.008 0.014 0.141 0.524 
 505 G _   0.005 0.304 0.001 0.024 0.008 0.014 0.141 0.502 
 506 S _   0.006 0.321 0.001 0.024 0.008 0.015 0.141 0.485 
 507 V _   0.006 0.334 0.001 0.023 0.008 0.016 0.142 0.470 
 508 S _   0.007 0.345 0.001 0.022 0.009 0.016 0.144 0.457 
 509 I _   0.007 0.353 0.001 0.021 0.009 0.017 0.146 0.446 
 510 P _   0.008 0.360 0.001 0.021 0.009 0.018 0.148 0.435 
 511 W _   0.009 0.365 0.001 0.020 0.010 0.019 0.151 0.425 
 512 Q _   0.010 0.369 0.001 0.020 0.010 0.019 0.154 0.416 
 513 N _   0.010 0.373 0.001 0.020 0.011 0.020 0.159 0.406 
 514 E _   0.011 0.375 0.001 0.021 0.011 0.020 0.163 0.398 
 515 M _   0.012 0.377 0.001 0.021 0.011 0.021 0.168 0.390 
 516 I _   0.012 0.377 0.001 0.021 0.011 0.021 0.174 0.383 
 517 E _   0.012 0.377 0.001 0.021 0.011 0.021 0.180 0.378 
 518 T E   0.012 0.374 0.001 0.022 0.011 0.020 0.187 0.373 
 519 E E   0.012 0.371 0.001 0.023 0.011 0.020 0.194 0.369 
 520 C _   0.011 0.366 0.001 0.023 0.011 0.019 0.203 0.366 
 521 F _   0.011 0.359 0.001 0.024 0.011 0.018 0.212 0.363 
 522 K _   0.011 0.351 0.001 0.025 0.011 0.018 0.223 0.361 
 523 E _   0.010 0.340 0.001 0.027 0.010 0.017 0.235 0.360 
 524 L _   0.010 0.327 0.001 0.028 0.010 0.017 0.248 0.359 
 525 N _   0.010 0.311 0.001 0.028 0.010 0.016 0.264 0.359 
 526 V _   0.010 0.292 0.001 0.029 0.010 0.015 0.282 0.361 
 527 F _   0.010 0.269 0.001 0.029 0.010 0.015 0.303 0.363 
 528 G _   0.010 0.243 0.001 0.029 0.009 0.014 0.326 0.367 
 529 P _   0.010 0.214 0.001 0.028 0.009 0.014 0.352 0.371 
 530 N X   0.010 0.182 0.001 0.027 0.008 0.013 0.382 0.375 
 531 G X   0.010 0.149 0.001 0.025 0.008 0.013 0.414 0.380 
 532 T X   0.009 0.117 0.001 0.022 0.007 0.012 0.447 0.385 
 533 L X   0.009 0.087 0.001 0.019 0.005 0.011 0.478 0.389 
 534 P X   0.008 0.063 0.001 0.015 0.004 0.009 0.507 0.393 
 535 P X   0.007 0.043 0.001 0.012 0.003 0.008 0.531 0.395 
 536 D X   0.006 0.029 0.000 0.009 0.002 0.006 0.551 0.395 
 537 L X   0.006 0.019 0.000 0.006 0.002 0.005 0.567 0.396 
 538 N X   0.005 0.012 0.000 0.004 0.001 0.004 0.578 0.395 
 539 R X   0.004 0.008 0.000 0.003 0.001 0.003 0.586 0.395 
 540 N X   0.003 0.006 0.000 0.002 0.001 0.003 0.591 0.394 
 541 H X   0.003 0.005 0.000 0.002 0.001 0.003 0.593 0.394 
 542 P X   0.002 0.005 0.000 0.001 0.000 0.003 0.594 0.394 
 543 P X   0.002 0.005 0.000 0.002 0.001 0.003 0.594 0.393 
 544 E X   0.002 0.007 0.000 0.002 0.001 0.004 0.591 0.392 
 545 P X   0.003 0.011 0.000 0.004 0.001 0.006 0.587 0.388 
 546 P X   0.004 0.021 0.000 0.007 0.003 0.008 0.580 0.377 
 547 K X   0.005 0.044 0.001 0.013 0.005 0.011 0.568 0.353 
 548 K X   0.006 0.087 0.001 0.022 0.007 0.014 0.552 0.312 
 549 G X   0.005 0.144 0.001 0.032 0.010 0.015 0.534 0.259 
 550 L X   0.005 0.197 0.001 0.041 0.010 0.015 0.518 0.212 
 551 L X   0.004 0.234 0.001 0.048 0.010 0.014 0.508 0.181 
 552 Q X   0.004 0.253 0.001 0.052 0.009 0.013 0.503 0.165 
 553 R X   0.003 0.262 0.001 0.053 0.009 0.012 0.501 0.159 
 554 L X   0.003 0.264 0.001 0.052 0.008 0.011 0.501 0.159 
 555 F X   0.003 0.261 0.001 0.048 0.008 0.010 0.503 0.166 
 556 K X   0.003 0.251 0.001 0.042 0.007 0.009 0.508 0.179 
 557 R X   0.003 0.232 0.001 0.035 0.006 0.008 0.516 0.198 
 558 Q X   0.004 0.204 0.001 0.027 0.006 0.008 0.527 0.224 
 559 H X   0.004 0.170 0.001 0.020 0.005 0.007 0.540 0.253 
 560 Q X   0.004 0.139 0.001 0.014 0.003 0.006 0.553 0.280 
 561 N X   0.004 0.116 0.000 0.009 0.002 0.005 0.563 0.300 
 562 N X   0.003 0.101 0.000 0.006 0.002 0.005 0.571 0.312 
 563 S X   0.003 0.093 0.000 0.004 0.001 0.004 0.576 0.318 
 564 K X   0.002 0.090 0.000 0.004 0.001 0.004 0.579 0.321 
 565 S X   0.002 0.088 0.000 0.004 0.001 0.004 0.580 0.321 
 566 S X   0.002 0.089 0.000 0.004 0.001 0.004 0.581 0.319 
 567 P X   0.002 0.091 0.000 0.005 0.001 0.004 0.580 0.316 
 568 S X   0.002 0.096 0.000 0.007 0.002 0.004 0.579 0.311 
 569 S X   0.002 0.103 0.000 0.009 0.002 0.005 0.576 0.303 
 570 K X   0.002 0.112 0.000 0.011 0.002 0.005 0.573 0.293 
 571 T X   0.002 0.122 0.000 0.014 0.003 0.005 0.570 0.283 
 572 S X   0.002 0.132 0.000 0.016 0.003 0.005 0.568 0.274 
 573 F X   0.002 0.140 0.000 0.017 0.003 0.005 0.566 0.266 
 574 N X   0.002 0.147 0.000 0.018 0.003 0.005 0.565 0.259 
 575 H X   0.001 0.152 0.000 0.019 0.003 0.005 0.565 0.254 
 576 H X   0.001 0.156 0.000 0.018 0.003 0.005 0.566 0.250 
 577 I X   0.001 0.159 0.000 0.018 0.003 0.005 0.568 0.246 
 578 N X   0.002 0.161 0.000 0.017 0.003 0.005 0.570 0.243 
 579 S X   0.002 0.162 0.000 0.016 0.002 0.005 0.573 0.240 
 580 N X   0.002 0.162 0.000 0.015 0.002 0.005 0.576 0.238 
 581 H X   0.002 0.162 0.000 0.014 0.002 0.005 0.579 0.235 
 582 V X   0.002 0.162 0.000 0.014 0.002 0.005 0.582 0.233 
 583 S X   0.002 0.161 0.000 0.014 0.002 0.004 0.586 0.230 
 584 S X   0.001 0.161 0.000 0.014 0.002 0.004 0.589 0.228 
 585 N X   0.001 0.159 0.000 0.014 0.002 0.003 0.594 0.227 
 586 S X   0.001 0.155 0.000 0.013 0.001 0.002 0.599 0.229 
 587 T X   0.000 0.150 0.000 0.011 0.001 0.001 0.603 0.234 
 588 G X   0.000 0.142 0.000 0.010 0.000 0.001 0.604 0.242 
 589 S X   0.000 0.136 0.000 0.012 0.000 0.001 0.601 0.250 
 590 S X   0.003 0.130 0.002 0.021 0.004 0.003 0.587 0.251 
