#TopoPred_TM8: 8-state transmembrane topology prediction results by no_profile mode 
#probabilities are in the order of H E C I L F X _, the 8 transmembrane topology types used in PDBTM 
   1 M X   0.016 0.001 0.003 0.067 0.011 0.012 0.714 0.176 
   2 V X   0.007 0.001 0.000 0.042 0.003 0.007 0.736 0.204 
   3 M X   0.003 0.000 0.000 0.023 0.001 0.004 0.741 0.229 
   4 A X   0.002 0.000 0.000 0.013 0.001 0.004 0.737 0.244 
   5 D X   0.002 0.000 0.000 0.009 0.001 0.004 0.728 0.256 
   6 G X   0.002 0.001 0.000 0.006 0.001 0.005 0.716 0.269 
   7 P X   0.003 0.001 0.000 0.005 0.001 0.006 0.701 0.282 
   8 R X   0.003 0.002 0.000 0.006 0.002 0.007 0.683 0.297 
   9 H X   0.004 0.004 0.000 0.007 0.002 0.009 0.662 0.312 
  10 L X   0.005 0.007 0.001 0.010 0.004 0.011 0.635 0.327 
  11 Q X   0.005 0.015 0.001 0.015 0.005 0.014 0.604 0.342 
  12 R X   0.006 0.026 0.001 0.022 0.008 0.017 0.568 0.353 
  13 G X   0.007 0.041 0.001 0.029 0.010 0.019 0.530 0.363 
  14 P X   0.007 0.057 0.001 0.035 0.012 0.021 0.494 0.372 
  15 V X   0.008 0.072 0.001 0.041 0.014 0.022 0.462 0.380 
  16 R X   0.008 0.083 0.001 0.045 0.015 0.023 0.434 0.391 
  17 V X   0.009 0.092 0.001 0.047 0.015 0.024 0.409 0.403 
  18 G _   0.009 0.097 0.001 0.047 0.015 0.023 0.389 0.418 
  19 F _   0.009 0.099 0.001 0.045 0.015 0.023 0.370 0.438 
  20 Y _   0.009 0.099 0.001 0.040 0.014 0.022 0.355 0.459 
  21 D _   0.009 0.097 0.001 0.035 0.012 0.021 0.342 0.483 
  22 I _   0.009 0.093 0.001 0.029 0.011 0.020 0.330 0.507 
  23 E _   0.010 0.089 0.001 0.024 0.009 0.019 0.319 0.531 
  24 G _   0.010 0.083 0.001 0.019 0.008 0.018 0.309 0.553 
  25 T _   0.010 0.079 0.001 0.015 0.007 0.017 0.300 0.572 
  26 L _   0.010 0.075 0.001 0.013 0.006 0.017 0.291 0.588 
  27 G _   0.010 0.072 0.001 0.012 0.006 0.016 0.282 0.601 
  28 K _   0.010 0.070 0.001 0.012 0.006 0.017 0.273 0.611 
  29 G _   0.010 0.070 0.001 0.012 0.007 0.017 0.264 0.619 
  30 N _   0.011 0.070 0.001 0.014 0.007 0.018 0.255 0.624 
  31 F _   0.011 0.072 0.001 0.015 0.008 0.019 0.246 0.628 
  32 A _   0.012 0.073 0.001 0.017 0.009 0.019 0.238 0.632 
  33 V _   0.012 0.074 0.001 0.018 0.009 0.020 0.230 0.636 
  34 V _   0.012 0.074 0.001 0.019 0.009 0.020 0.222 0.642 
  35 K _   0.012 0.073 0.001 0.019 0.009 0.020 0.215 0.650 
  36 L _   0.012 0.072 0.001 0.018 0.009 0.019 0.209 0.659 
  37 G _   0.013 0.070 0.001 0.017 0.009 0.019 0.203 0.669 
  38 R _   0.013 0.068 0.001 0.016 0.009 0.020 0.197 0.677 
  39 H _   0.014 0.066 0.001 0.015 0.009 0.020 0.191 0.685 
  40 R _   0.015 0.064 0.001 0.014 0.009 0.020 0.186 0.691 
  41 I _   0.015 0.063 0.001 0.015 0.009 0.020 0.182 0.695 
  42 T _   0.016 0.062 0.001 0.016 0.010 0.021 0.177 0.697 
  43 K _   0.017 0.062 0.001 0.018 0.011 0.021 0.173 0.697 
  44 T _   0.017 0.062 0.001 0.021 0.011 0.021 0.170 0.697 
  45 E _   0.017 0.061 0.001 0.023 0.011 0.021 0.167 0.698 
  46 V _   0.017 0.060 0.001 0.025 0.011 0.020 0.164 0.702 
  47 A _   0.017 0.056 0.001 0.025 0.011 0.019 0.162 0.710 
  48 I _   0.016 0.051 0.001 0.023 0.010 0.017 0.160 0.722 
  49 K _   0.015 0.044 0.001 0.020 0.008 0.015 0.159 0.738 
  50 I _   0.013 0.035 0.001 0.016 0.007 0.014 0.157 0.758 
  51 I _   0.012 0.025 0.001 0.012 0.005 0.012 0.156 0.777 
  52 D _   0.010 0.017 0.001 0.009 0.004 0.011 0.155 0.794 
  53 K _   0.009 0.011 0.000 0.006 0.003 0.010 0.153 0.807 
  54 S _   0.008 0.007 0.000 0.005 0.003 0.009 0.151 0.816 
  55 Q _   0.008 0.006 0.000 0.004 0.002 0.010 0.149 0.822 
  56 L _   0.008 0.005 0.000 0.004 0.002 0.010 0.146 0.824 
  57 D _   0.009 0.005 0.000 0.004 0.003 0.012 0.143 0.823 
  58 A _   0.011 0.006 0.000 0.006 0.004 0.015 0.139 0.818 
  59 V _   0.014 0.009 0.001 0.008 0.006 0.018 0.135 0.810 
  60 N _   0.017 0.013 0.001 0.011 0.008 0.021 0.130 0.798 
  61 L _   0.020 0.019 0.001 0.016 0.011 0.025 0.125 0.783 
  62 E _   0.023 0.024 0.001 0.022 0.014 0.029 0.121 0.766 
  63 K _   0.025 0.030 0.001 0.027 0.018 0.032 0.116 0.751 
  64 I _   0.027 0.034 0.001 0.031 0.020 0.034 0.112 0.740 
  65 Y _   0.029 0.037 0.001 0.034 0.022 0.035 0.109 0.733 
  66 R _   0.031 0.038 0.002 0.035 0.022 0.035 0.106 0.731 
  67 E _   0.031 0.038 0.001 0.035 0.021 0.034 0.104 0.735 
  68 V _   0.032 0.036 0.001 0.032 0.019 0.032 0.102 0.744 
  69 Q _   0.031 0.032 0.001 0.028 0.017 0.030 0.101 0.758 
  70 I _   0.030 0.027 0.001 0.023 0.014 0.027 0.100 0.777 
  71 M _   0.028 0.020 0.001 0.018 0.011 0.024 0.100 0.798 
  72 K _   0.026 0.014 0.001 0.013 0.009 0.022 0.099 0.817 
  73 M _   0.024 0.008 0.001 0.009 0.007 0.020 0.098 0.834 
  74 L _   0.022 0.005 0.001 0.006 0.005 0.019 0.097 0.845 
  75 D _   0.021 0.003 0.000 0.004 0.004 0.018 0.096 0.853 
  76 H _   0.022 0.002 0.000 0.004 0.004 0.018 0.095 0.856 
  77 P _   0.023 0.001 0.000 0.004 0.005 0.019 0.093 0.854 
  78 H _   0.025 0.001 0.001 0.005 0.005 0.021 0.092 0.850 
  79 I _   0.028 0.002 0.001 0.006 0.007 0.023 0.090 0.843 
  80 I _   0.032 0.003 0.001 0.008 0.008 0.026 0.089 0.834 
  81 K _   0.035 0.004 0.001 0.010 0.010 0.029 0.087 0.825 
  82 L _   0.038 0.005 0.001 0.012 0.012 0.031 0.085 0.817 
  83 Y _   0.041 0.006 0.001 0.012 0.013 0.033 0.083 0.811 
  84 Q _   0.043 0.006 0.001 0.012 0.014 0.035 0.081 0.808 
  85 V _   0.045 0.007 0.001 0.011 0.014 0.037 0.080 0.805 
  86 M _   0.047 0.008 0.001 0.011 0.015 0.038 0.078 0.802 
  87 E _   0.049 0.009 0.001 0.010 0.016 0.040 0.076 0.797 
  88 T _   0.052 0.011 0.001 0.011 0.018 0.041 0.075 0.790 
  89 K _   0.054 0.014 0.001 0.014 0.021 0.043 0.074 0.780 
  90 S _   0.056 0.019 0.001 0.017 0.023 0.043 0.073 0.768 
  91 M _   0.057 0.024 0.002 0.022 0.025 0.043 0.072 0.756 
  92 L _   0.056 0.028 0.002 0.028 0.026 0.042 0.071 0.748 
  93 Y _   0.053 0.031 0.002 0.031 0.025 0.039 0.071 0.747 
  94 L _   0.049 0.033 0.002 0.032 0.023 0.036 0.071 0.753 
  95 V _   0.044 0.032 0.002 0.031 0.020 0.033 0.072 0.767 
  96 T _   0.038 0.030 0.001 0.026 0.016 0.029 0.072 0.786 
  97 E _   0.032 0.027 0.001 0.021 0.013 0.025 0.073 0.809 
  98 Y _   0.027 0.022 0.001 0.016 0.009 0.021 0.074 0.831 
  99 A _   0.022 0.018 0.001 0.012 0.007 0.018 0.074 0.849 
 100 K _   0.018 0.015 0.001 0.009 0.005 0.016 0.074 0.862 
 101 N _   0.015 0.014 0.000 0.008 0.004 0.014 0.075 0.870 
 102 G _   0.013 0.013 0.000 0.008 0.004 0.013 0.075 0.873 
 103 E _   0.012 0.014 0.000 0.009 0.004 0.013 0.074 0.873 
 104 I _   0.012 0.015 0.001 0.012 0.005 0.013 0.074 0.869 
 105 F _   0.011 0.016 0.001 0.015 0.005 0.012 0.074 0.865 
 106 D _   0.011 0.017 0.001 0.017 0.006 0.012 0.074 0.862 
 107 Y _   0.010 0.018 0.001 0.018 0.006 0.012 0.074 0.862 
 108 L _   0.009 0.017 0.001 0.018 0.005 0.011 0.074 0.864 
 109 A _   0.008 0.016 0.001 0.017 0.005 0.010 0.075 0.869 
 110 N _   0.007 0.015 0.001 0.014 0.004 0.009 0.075 0.875 
 111 H _   0.007 0.013 0.000 0.011 0.003 0.008 0.075 0.882 
 112 G _   0.006 0.011 0.000 0.008 0.003 0.008 0.075 0.888 
 113 R _   0.006 0.009 0.000 0.006 0.002 0.007 0.075 0.893 
 114 L _   0.006 0.008 0.000 0.005 0.002 0.007 0.075 0.896 
 115 N _   0.006 0.008 0.000 0.004 0.002 0.008 0.075 0.897 
 116 E _   0.006 0.009 0.000 0.004 0.002 0.010 0.074 0.895 
 117 S _   0.008 0.011 0.000 0.005 0.003 0.012 0.072 0.889 
 118 E _   0.010 0.016 0.000 0.007 0.004 0.016 0.070 0.877 
 119 A _   0.013 0.025 0.001 0.010 0.007 0.020 0.068 0.856 
 120 R _   0.017 0.042 0.001 0.015 0.010 0.026 0.065 0.823 
 121 R _   0.021 0.068 0.001 0.022 0.015 0.031 0.061 0.779 
 122 K _   0.024 0.098 0.002 0.031 0.020 0.035 0.058 0.732 
 123 F _   0.027 0.126 0.002 0.040 0.024 0.038 0.055 0.688 
 124 W _   0.029 0.148 0.002 0.047 0.027 0.040 0.052 0.655 
 125 Q _   0.030 0.163 0.002 0.052 0.029 0.040 0.050 0.633 
 126 I _   0.031 0.172 0.002 0.054 0.029 0.039 0.049 0.624 
 127 L _   0.032 0.174 0.002 0.053 0.027 0.037 0.049 0.627 
 128 S _   0.032 0.171 0.002 0.048 0.025 0.034 0.048 0.640 
 129 A _   0.031 0.162 0.002 0.042 0.022 0.031 0.048 0.662 
 130 V _   0.030 0.149 0.002 0.034 0.018 0.028 0.049 0.691 
 131 D _   0.027 0.131 0.001 0.027 0.015 0.025 0.049 0.725 
 132 Y _   0.024 0.112 0.001 0.021 0.011 0.022 0.050 0.758 
 133 C _   0.022 0.095 0.001 0.016 0.009 0.020 0.051 0.787 
 134 H _   0.019 0.082 0.001 0.013 0.007 0.018 0.051 0.809 
 135 G _   0.017 0.073 0.001 0.011 0.006 0.016 0.051 0.826 
 136 R _   0.015 0.066 0.001 0.010 0.005 0.014 0.052 0.838 
 137 K _   0.013 0.062 0.001 0.010 0.004 0.013 0.051 0.846 
 138 I _   0.011 0.060 0.001 0.010 0.004 0.012 0.051 0.852 
 139 V _   0.010 0.058 0.001 0.010 0.004 0.011 0.051 0.855 
 140 H _   0.009 0.058 0.001 0.011 0.004 0.011 0.050 0.857 
 141 R _   0.008 0.058 0.001 0.012 0.004 0.011 0.050 0.857 
 142 D _   0.008 0.058 0.001 0.013 0.004 0.010 0.049 0.858 
 143 L _   0.007 0.058 0.001 0.013 0.004 0.010 0.049 0.858 
 144 K _   0.007 0.058 0.001 0.014 0.004 0.010 0.048 0.858 
 145 A _   0.007 0.058 0.001 0.014 0.004 0.009 0.048 0.860 
 146 E _   0.007 0.058 0.001 0.013 0.004 0.009 0.047 0.861 
 147 N _   0.006 0.057 0.000 0.013 0.004 0.009 0.047 0.864 
 148 L _   0.006 0.056 0.000 0.012 0.004 0.008 0.047 0.867 
 149 L _   0.006 0.055 0.000 0.010 0.003 0.008 0.046 0.871 
 150 L _   0.006 0.054 0.000 0.009 0.003 0.008 0.046 0.874 
 151 D _   0.006 0.054 0.000 0.008 0.003 0.008 0.045 0.875 
 152 N _   0.006 0.055 0.000 0.007 0.003 0.009 0.045 0.875 
 153 N _   0.007 0.057 0.000 0.008 0.003 0.010 0.044 0.872 
 154 M _   0.007 0.062 0.000 0.008 0.004 0.011 0.042 0.865 
 155 N _   0.009 0.069 0.001 0.010 0.005 0.013 0.041 0.852 
 156 I _   0.010 0.082 0.001 0.013 0.006 0.015 0.040 0.834 
 157 K _   0.011 0.097 0.001 0.017 0.008 0.017 0.038 0.811 
 158 I _   0.012 0.115 0.001 0.021 0.009 0.019 0.037 0.787 
 159 A _   0.012 0.132 0.001 0.024 0.010 0.020 0.035 0.766 
 160 D _   0.012 0.145 0.001 0.025 0.010 0.021 0.034 0.751 
 161 F _   0.012 0.155 0.001 0.025 0.010 0.021 0.033 0.743 
 162 G _   0.012 0.161 0.001 0.024 0.010 0.022 0.032 0.739 
 163 F _   0.012 0.165 0.001 0.022 0.010 0.022 0.031 0.738 
 164 G _   0.013 0.167 0.001 0.019 0.009 0.023 0.030 0.738 
 165 N _   0.014 0.170 0.001 0.017 0.009 0.024 0.029 0.736 
 166 F _   0.015 0.173 0.001 0.016 0.010 0.025 0.029 0.731 
 167 F _   0.016 0.179 0.001 0.017 0.011 0.027 0.028 0.721 
 168 K _   0.017 0.188 0.001 0.021 0.014 0.028 0.027 0.704 
 169 S _   0.019 0.200 0.001 0.026 0.016 0.029 0.026 0.683 
 170 G _   0.020 0.214 0.001 0.033 0.018 0.030 0.025 0.658 
 171 E _   0.021 0.226 0.002 0.042 0.020 0.030 0.024 0.636 
 172 L _   0.022 0.233 0.001 0.048 0.020 0.029 0.024 0.623 
 173 L _   0.022 0.234 0.001 0.052 0.020 0.027 0.024 0.620 
 174 A _   0.021 0.229 0.002 0.052 0.019 0.025 0.024 0.629 
 175 T _   0.020 0.215 0.002 0.048 0.017 0.022 0.025 0.652 
 176 W _   0.018 0.189 0.002 0.041 0.014 0.020 0.026 0.690 
 177 C _   0.016 0.152 0.001 0.032 0.012 0.017 0.027 0.742 
 178 G _   0.015 0.108 0.001 0.023 0.009 0.015 0.028 0.801 
 179 S _   0.013 0.068 0.001 0.016 0.006 0.013 0.029 0.853 
 180 P _   0.011 0.041 0.001 0.010 0.004 0.011 0.030 0.891 
 181 P _   0.010 0.025 0.000 0.007 0.003 0.010 0.031 0.914 
 182 Y _   0.008 0.018 0.000 0.006 0.003 0.009 0.031 0.926 
 183 A _   0.008 0.014 0.000 0.006 0.002 0.009 0.030 0.931 
 184 A _   0.007 0.012 0.000 0.007 0.003 0.009 0.030 0.932 
 185 P _   0.007 0.012 0.000 0.009 0.003 0.009 0.029 0.931 
 186 E _   0.007 0.011 0.000 0.011 0.004 0.010 0.028 0.928 
 187 V _   0.007 0.011 0.001 0.014 0.004 0.010 0.027 0.926 
 188 F _   0.008 0.011 0.001 0.015 0.005 0.010 0.026 0.925 
 189 E _   0.008 0.010 0.001 0.016 0.005 0.010 0.025 0.926 
 190 G _   0.009 0.008 0.001 0.014 0.005 0.010 0.024 0.930 
 191 Q _   0.010 0.006 0.001 0.012 0.004 0.009 0.023 0.935 
 192 Q _   0.013 0.004 0.000 0.009 0.004 0.008 0.022 0.939 
 193 Y _   0.019 0.002 0.000 0.006 0.003 0.008 0.021 0.940 
 194 E _   0.030 0.001 0.000 0.004 0.003 0.008 0.020 0.934 
 195 G _   0.051 0.000 0.000 0.003 0.003 0.008 0.018 0.917 
 196 P _   0.089 0.000 0.000 0.002 0.004 0.009 0.016 0.880 
 197 Q _   0.152 0.000 0.001 0.002 0.005 0.010 0.013 0.818 
 198 L _   0.245 0.000 0.001 0.001 0.006 0.012 0.011 0.724 
 199 D _   0.366 0.000 0.001 0.001 0.008 0.013 0.008 0.603 
 200 I H   0.501 0.000 0.001 0.001 0.010 0.014 0.006 0.467 
 201 W H   0.627 0.000 0.001 0.001 0.012 0.014 0.004 0.341 
 202 S H   0.731 0.000 0.001 0.001 0.014 0.013 0.002 0.238 
 203 M H   0.809 0.000 0.001 0.001 0.015 0.011 0.002 0.161 
 204 G H   0.862 0.000 0.001 0.001 0.015 0.010 0.001 0.110 
 205 V H   0.895 0.000 0.001 0.001 0.015 0.009 0.001 0.079 
 206 V H   0.912 0.000 0.001 0.000 0.015 0.008 0.001 0.063 
 207 L H   0.918 0.000 0.001 0.000 0.015 0.007 0.001 0.058 
 208 Y H   0.914 0.000 0.001 0.000 0.016 0.006 0.001 0.062 
 209 V H   0.900 0.000 0.001 0.001 0.016 0.007 0.001 0.074 
 210 L H   0.873 0.000 0.001 0.001 0.017 0.007 0.002 0.100 
 211 V H   0.825 0.000 0.001 0.001 0.017 0.008 0.002 0.145 
 212 C H   0.754 0.000 0.002 0.001 0.017 0.009 0.003 0.214 
 213 G H   0.661 0.000 0.002 0.002 0.015 0.009 0.005 0.306 
 214 A H   0.553 0.000 0.001 0.002 0.013 0.010 0.008 0.413 
 215 L _   0.440 0.000 0.001 0.002 0.010 0.010 0.011 0.527 
 216 P _   0.330 0.000 0.001 0.002 0.007 0.010 0.014 0.636 
 217 F _   0.236 0.000 0.001 0.002 0.006 0.010 0.017 0.729 
 218 D _   0.165 0.000 0.001 0.002 0.004 0.010 0.020 0.799 
 219 G _   0.115 0.000 0.001 0.002 0.004 0.010 0.022 0.847 
 220 P _   0.083 0.000 0.000 0.002 0.003 0.011 0.024 0.877 
 221 T _   0.063 0.000 0.000 0.003 0.004 0.012 0.025 0.893 
 222 L _   0.050 0.001 0.000 0.004 0.004 0.014 0.026 0.900 
 223 P _   0.042 0.003 0.001 0.006 0.005 0.016 0.027 0.901 
 224 I _   0.036 0.006 0.001 0.009 0.007 0.018 0.028 0.895 
 225 L _   0.032 0.010 0.001 0.012 0.009 0.020 0.029 0.887 
 226 R _   0.029 0.015 0.001 0.016 0.010 0.022 0.030 0.877 
 227 Q _   0.027 0.020 0.001 0.019 0.012 0.024 0.031 0.867 
 228 R _   0.025 0.024 0.001 0.021 0.013 0.025 0.032 0.861 
 229 V _   0.023 0.027 0.001 0.022 0.013 0.025 0.032 0.856 
 230 L _   0.022 0.029 0.001 0.023 0.014 0.025 0.033 0.852 
 231 E _   0.022 0.030 0.001 0.023 0.014 0.025 0.035 0.850 
 232 G _   0.021 0.031 0.001 0.023 0.014 0.025 0.036 0.849 
 233 R _   0.021 0.031 0.001 0.023 0.013 0.025 0.038 0.848 
 234 F _   0.021 0.030 0.001 0.023 0.013 0.024 0.040 0.850 
 235 R _   0.020 0.028 0.001 0.021 0.012 0.023 0.042 0.853 
 236 I _   0.020 0.026 0.001 0.020 0.010 0.021 0.044 0.858 
 237 P _   0.018 0.022 0.001 0.017 0.009 0.020 0.046 0.866 
 238 Y _   0.018 0.019 0.001 0.014 0.008 0.019 0.048 0.874 
 239 F _   0.017 0.015 0.001 0.011 0.006 0.018 0.050 0.882 
 240 M _   0.016 0.012 0.001 0.008 0.005 0.017 0.052 0.888 
 241 S _   0.016 0.010 0.001 0.006 0.005 0.017 0.054 0.891 
 242 E _   0.017 0.009 0.001 0.006 0.005 0.018 0.055 0.890 
 243 D _   0.018 0.009 0.001 0.006 0.005 0.019 0.057 0.886 
 244 C _   0.021 0.010 0.001 0.007 0.007 0.022 0.058 0.875 
 245 E _   0.024 0.012 0.001 0.010 0.009 0.024 0.059 0.860 
 246 H _   0.027 0.017 0.001 0.016 0.012 0.027 0.060 0.839 
 247 L _   0.030 0.023 0.001 0.023 0.015 0.029 0.062 0.817 
 248 I _   0.031 0.028 0.001 0.030 0.018 0.030 0.064 0.798 
 249 R _   0.031 0.032 0.001 0.035 0.019 0.030 0.066 0.786 
 250 R _   0.030 0.033 0.001 0.037 0.018 0.029 0.068 0.784 
 251 M _   0.028 0.032 0.001 0.035 0.017 0.026 0.071 0.790 
 252 L _   0.025 0.029 0.001 0.029 0.014 0.023 0.074 0.804 
 253 V _   0.022 0.024 0.001 0.022 0.011 0.020 0.078 0.823 
 254 L _   0.019 0.018 0.001 0.016 0.008 0.018 0.081 0.841 
 255 D _   0.017 0.012 0.001 0.010 0.006 0.015 0.084 0.855 
 256 P _   0.015 0.009 0.001 0.007 0.004 0.014 0.086 0.865 
 257 S _   0.014 0.006 0.000 0.006 0.004 0.013 0.088 0.869 
 258 K _   0.013 0.005 0.000 0.005 0.003 0.012 0.090 0.870 
 259 R _   0.013 0.005 0.000 0.005 0.003 0.013 0.092 0.868 
 260 L _   0.013 0.006 0.000 0.006 0.004 0.013 0.093 0.865 
 261 T _   0.013 0.006 0.001 0.007 0.004 0.014 0.095 0.860 
 262 I _   0.014 0.008 0.001 0.008 0.005 0.015 0.096 0.854 
 263 A _   0.015 0.010 0.001 0.009 0.005 0.016 0.097 0.848 
 264 Q _   0.016 0.012 0.001 0.009 0.006 0.018 0.097 0.841 
 265 I _   0.017 0.014 0.001 0.010 0.007 0.019 0.098 0.833 
 266 K _   0.019 0.018 0.001 0.011 0.008 0.021 0.099 0.823 
 267 E _   0.021 0.022 0.001 0.013 0.010 0.023 0.100 0.811 
 268 H _   0.024 0.027 0.001 0.015 0.012 0.025 0.101 0.796 
 269 K _   0.026 0.033 0.001 0.019 0.014 0.027 0.102 0.778 
 270 W _   0.028 0.040 0.001 0.023 0.015 0.028 0.104 0.761 
 271 M _   0.030 0.046 0.001 0.026 0.016 0.028 0.106 0.745 
 272 L _   0.031 0.051 0.001 0.030 0.017 0.028 0.109 0.734 
 273 I _   0.031 0.053 0.001 0.031 0.016 0.027 0.112 0.728 
 274 E _   0.030 0.054 0.001 0.031 0.015 0.025 0.116 0.727 
 275 V _   0.028 0.054 0.001 0.030 0.014 0.023 0.120 0.731 
 276 P _   0.026 0.051 0.001 0.027 0.012 0.021 0.124 0.738 
 277 V _   0.024 0.046 0.001 0.024 0.010 0.019 0.129 0.747 
 278 Q _   0.022 0.041 0.001 0.020 0.008 0.017 0.134 0.757 
 279 R _   0.019 0.035 0.001 0.017 0.007 0.015 0.139 0.766 
 280 P _   0.017 0.029 0.001 0.015 0.006 0.013 0.145 0.775 
 281 V _   0.015 0.023 0.001 0.013 0.005 0.011 0.149 0.783 
 282 L _   0.013 0.018 0.000 0.011 0.004 0.010 0.154 0.791 
 283 Y _   0.011 0.013 0.000 0.009 0.003 0.008 0.157 0.798 
 284 P _   0.009 0.010 0.000 0.007 0.002 0.007 0.160 0.804 
 285 Q _   0.007 0.007 0.000 0.006 0.002 0.006 0.162 0.810 
 286 E _   0.006 0.005 0.000 0.004 0.002 0.005 0.163 0.814 
 287 Q _   0.005 0.005 0.000 0.003 0.001 0.005 0.164 0.817 
 288 E _   0.005 0.004 0.000 0.003 0.001 0.005 0.163 0.819 
 289 N _   0.004 0.004 0.000 0.003 0.001 0.005 0.162 0.819 
 290 E _   0.005 0.006 0.000 0.003 0.001 0.007 0.160 0.818 
 291 P _   0.006 0.009 0.000 0.004 0.002 0.009 0.158 0.812 
 292 S _   0.008 0.017 0.000 0.006 0.003 0.013 0.154 0.799 
 293 I _   0.010 0.034 0.001 0.010 0.006 0.018 0.148 0.773 
 294 G _   0.014 0.068 0.001 0.016 0.010 0.025 0.140 0.726 
 295 E _   0.017 0.123 0.002 0.023 0.015 0.031 0.130 0.658 
 296 F _   0.019 0.197 0.002 0.031 0.021 0.036 0.119 0.575 
 297 N _   0.020 0.276 0.002 0.037 0.025 0.039 0.109 0.491 
 298 E _   0.021 0.342 0.002 0.042 0.028 0.040 0.101 0.424 
 299 Q E   0.021 0.391 0.002 0.045 0.029 0.040 0.095 0.377 
 300 V E   0.021 0.424 0.002 0.047 0.029 0.040 0.090 0.347 
 301 L E   0.022 0.443 0.002 0.048 0.029 0.039 0.087 0.330 
 302 R E   0.022 0.452 0.002 0.048 0.029 0.037 0.085 0.326 
 303 L E   0.023 0.454 0.002 0.047 0.028 0.035 0.084 0.328 
 304 M E   0.023 0.448 0.002 0.044 0.026 0.033 0.084 0.340 
 305 H E   0.024 0.435 0.002 0.041 0.024 0.031 0.084 0.359 
 306 S E   0.024 0.412 0.002 0.038 0.022 0.029 0.085 0.388 
 307 L _   0.024 0.380 0.002 0.035 0.020 0.027 0.087 0.426 
 308 G _   0.024 0.339 0.002 0.032 0.018 0.025 0.089 0.472 
 309 I _   0.024 0.293 0.002 0.029 0.015 0.024 0.092 0.522 
 310 D _   0.023 0.244 0.002 0.026 0.014 0.022 0.095 0.574 
 311 Q _   0.022 0.196 0.001 0.024 0.012 0.021 0.099 0.625 
 312 Q _   0.021 0.150 0.001 0.021 0.010 0.019 0.103 0.675 
 313 K _   0.019 0.108 0.001 0.019 0.008 0.017 0.106 0.721 
 314 T _   0.017 0.073 0.001 0.015 0.007 0.015 0.109 0.763 
 315 I _   0.015 0.045 0.001 0.012 0.005 0.013 0.111 0.798 
 316 E _   0.013 0.024 0.001 0.009 0.004 0.011 0.113 0.825 
 317 S _   0.013 0.012 0.000 0.006 0.003 0.010 0.113 0.843 
 318 L _   0.014 0.005 0.000 0.004 0.002 0.009 0.113 0.853 
 319 Q _   0.017 0.002 0.000 0.002 0.002 0.010 0.112 0.855 
 320 N _   0.024 0.000 0.000 0.002 0.002 0.011 0.111 0.850 
 321 K _   0.039 0.000 0.000 0.002 0.003 0.014 0.109 0.834 
 322 S _   0.066 0.000 0.000 0.002 0.004 0.020 0.106 0.802 
 323 Y _   0.112 0.000 0.001 0.002 0.008 0.028 0.102 0.746 
 324 N _   0.173 0.000 0.001 0.003 0.016 0.039 0.098 0.669 
 325 H _   0.240 0.002 0.002 0.005 0.028 0.051 0.093 0.579 
 326 F _   0.301 0.006 0.002 0.009 0.043 0.061 0.090 0.488 
 327 A _   0.348 0.014 0.003 0.014 0.056 0.068 0.087 0.412 
 328 A H   0.378 0.023 0.003 0.020 0.065 0.070 0.086 0.355 
 329 I H   0.395 0.030 0.003 0.026 0.069 0.069 0.086 0.322 
 330 Y H   0.396 0.035 0.003 0.030 0.070 0.066 0.087 0.313 
 331 F H   0.386 0.036 0.003 0.032 0.067 0.062 0.089 0.325 
 332 L H   0.364 0.035 0.003 0.031 0.060 0.056 0.092 0.359 
 333 L _   0.330 0.031 0.003 0.027 0.051 0.050 0.096 0.413 
 334 V _   0.286 0.023 0.003 0.022 0.039 0.042 0.101 0.485 
 335 E _   0.234 0.015 0.002 0.015 0.026 0.035 0.106 0.567 
 336 R _   0.181 0.007 0.001 0.010 0.016 0.027 0.111 0.646 
 337 L _   0.135 0.003 0.001 0.006 0.010 0.022 0.115 0.709 
 338 K _   0.097 0.001 0.001 0.004 0.006 0.017 0.118 0.756 
 339 S _   0.067 0.001 0.000 0.004 0.004 0.014 0.121 0.789 
 340 H _   0.047 0.001 0.000 0.004 0.003 0.012 0.123 0.811 
 341 R _   0.033 0.001 0.000 0.004 0.003 0.011 0.125 0.824 
 342 S _   0.024 0.001 0.000 0.005 0.003 0.010 0.126 0.831 
 343 S _   0.019 0.001 0.000 0.007 0.003 0.010 0.126 0.833 
 344 F _   0.015 0.002 0.000 0.009 0.003 0.010 0.127 0.834 
 345 P _   0.013 0.002 0.000 0.010 0.004 0.009 0.127 0.834 
 346 V _   0.011 0.003 0.000 0.011 0.004 0.009 0.127 0.834 
 347 E _   0.010 0.003 0.000 0.011 0.004 0.009 0.127 0.836 
 348 Q _   0.008 0.003 0.000 0.010 0.003 0.008 0.127 0.840 
 349 R _   0.007 0.003 0.000 0.009 0.003 0.007 0.126 0.844 
 350 L _   0.007 0.003 0.000 0.007 0.002 0.007 0.126 0.849 
 351 D _   0.006 0.002 0.000 0.005 0.002 0.006 0.125 0.853 
 352 G _   0.005 0.002 0.000 0.004 0.002 0.007 0.123 0.856 
 353 R _   0.006 0.003 0.000 0.004 0.002 0.007 0.122 0.858 
 354 Q _   0.006 0.003 0.000 0.004 0.002 0.008 0.119 0.857 
 355 R _   0.007 0.005 0.000 0.005 0.003 0.011 0.117 0.853 
 356 R _   0.009 0.010 0.000 0.006 0.004 0.014 0.113 0.844 
 357 P _   0.011 0.019 0.001 0.010 0.006 0.018 0.109 0.827 
 358 S _   0.014 0.034 0.001 0.015 0.009 0.023 0.104 0.801 
 359 T _   0.016 0.055 0.001 0.021 0.013 0.027 0.098 0.768 
 360 I _   0.018 0.080 0.001 0.028 0.016 0.031 0.092 0.733 
 361 A _   0.020 0.101 0.002 0.034 0.019 0.035 0.087 0.703 
 362 E _   0.022 0.118 0.002 0.038 0.021 0.037 0.082 0.680 
 363 Q _   0.023 0.128 0.002 0.040 0.023 0.039 0.078 0.666 
 364 T _   0.025 0.135 0.002 0.040 0.024 0.040 0.075 0.660 
 365 V _   0.027 0.138 0.002 0.037 0.025 0.041 0.072 0.658 
 366 A _   0.029 0.139 0.002 0.035 0.025 0.041 0.070 0.661 
 367 K _   0.031 0.137 0.002 0.032 0.024 0.040 0.068 0.667 
 368 A _   0.032 0.134 0.001 0.029 0.023 0.039 0.067 0.674 
 369 Q _   0.033 0.129 0.001 0.027 0.022 0.038 0.066 0.683 
 370 T _   0.033 0.124 0.001 0.026 0.020 0.036 0.065 0.693 
 371 V _   0.033 0.117 0.001 0.025 0.018 0.035 0.065 0.706 
 372 G _   0.032 0.108 0.001 0.023 0.017 0.032 0.065 0.721 
 373 L _   0.030 0.098 0.001 0.021 0.015 0.030 0.065 0.739 
 374 P _   0.029 0.087 0.001 0.018 0.013 0.028 0.065 0.759 
 375 V _   0.027 0.075 0.001 0.015 0.011 0.026 0.066 0.779 
 376 T _   0.025 0.064 0.001 0.012 0.009 0.024 0.066 0.799 
 377 M _   0.022 0.054 0.001 0.010 0.008 0.023 0.066 0.815 
 378 H _   0.021 0.048 0.001 0.009 0.007 0.022 0.066 0.827 
 379 S _   0.020 0.044 0.001 0.008 0.007 0.021 0.066 0.834 
 380 P _   0.020 0.042 0.001 0.008 0.007 0.021 0.066 0.836 
 381 N _   0.020 0.042 0.001 0.009 0.007 0.021 0.066 0.834 
 382 M _   0.020 0.043 0.001 0.011 0.008 0.022 0.065 0.830 
 383 R _   0.020 0.045 0.001 0.014 0.009 0.022 0.065 0.823 
 384 L _   0.020 0.048 0.001 0.018 0.010 0.022 0.065 0.816 
 385 L _   0.020 0.050 0.001 0.021 0.011 0.022 0.065 0.811 
 386 R _   0.019 0.051 0.001 0.022 0.011 0.021 0.064 0.809 
 387 S _   0.019 0.051 0.001 0.022 0.011 0.020 0.065 0.812 
 388 A _   0.018 0.049 0.001 0.021 0.010 0.019 0.065 0.817 
 389 L _   0.017 0.046 0.001 0.019 0.009 0.018 0.065 0.825 
 390 L _   0.016 0.042 0.001 0.016 0.008 0.017 0.066 0.835 
 391 P _   0.015 0.038 0.001 0.013 0.007 0.015 0.066 0.844 
 392 Q _   0.014 0.035 0.001 0.011 0.006 0.015 0.067 0.852 
 393 A _   0.014 0.032 0.001 0.010 0.005 0.014 0.067 0.858 
 394 S _   0.013 0.030 0.001 0.009 0.005 0.014 0.067 0.861 
 395 N _   0.013 0.029 0.001 0.009 0.005 0.014 0.068 0.862 
 396 V _   0.013 0.029 0.001 0.009 0.005 0.014 0.068 0.862 
 397 E _   0.013 0.030 0.001 0.010 0.005 0.014 0.068 0.860 
 398 A _   0.013 0.031 0.001 0.010 0.005 0.014 0.068 0.859 
 399 F _   0.012 0.033 0.001 0.010 0.005 0.014 0.068 0.857 
 400 S _   0.012 0.034 0.001 0.010 0.005 0.014 0.068 0.855 
 401 F _   0.012 0.037 0.001 0.010 0.005 0.015 0.067 0.853 
 402 P _   0.012 0.039 0.001 0.011 0.006 0.016 0.067 0.850 
 403 A _   0.012 0.043 0.001 0.011 0.006 0.017 0.066 0.844 
 404 S _   0.013 0.049 0.001 0.013 0.007 0.018 0.066 0.834 
 405 G _   0.014 0.056 0.001 0.015 0.009 0.020 0.065 0.820 
 406 C _   0.015 0.066 0.001 0.020 0.011 0.022 0.064 0.801 
 407 Q _   0.017 0.078 0.001 0.025 0.013 0.024 0.064 0.779 
 408 A _   0.018 0.090 0.001 0.032 0.015 0.025 0.063 0.755 
 409 E _   0.019 0.101 0.001 0.039 0.017 0.025 0.063 0.735 
 410 A _   0.020 0.108 0.001 0.044 0.017 0.025 0.063 0.721 
 411 A _   0.019 0.111 0.001 0.046 0.017 0.024 0.064 0.716 
 412 F _   0.019 0.110 0.001 0.046 0.016 0.023 0.065 0.719 
 413 M _   0.018 0.106 0.001 0.042 0.014 0.021 0.067 0.730 
 414 E _   0.017 0.096 0.001 0.036 0.012 0.018 0.070 0.748 
 415 E _   0.016 0.082 0.001 0.029 0.010 0.016 0.073 0.774 
 416 E _   0.014 0.065 0.001 0.021 0.007 0.014 0.076 0.803 
 417 C _   0.012 0.047 0.001 0.014 0.005 0.011 0.078 0.831 
 418 V _   0.010 0.034 0.001 0.010 0.004 0.010 0.081 0.851 
 419 D _   0.009 0.026 0.000 0.007 0.003 0.008 0.082 0.864 
 420 T _   0.008 0.022 0.000 0.005 0.002 0.008 0.084 0.871 
 421 P _   0.008 0.020 0.000 0.005 0.002 0.007 0.085 0.873 
 422 K _   0.007 0.020 0.000 0.005 0.002 0.008 0.085 0.872 
 423 V _   0.008 0.021 0.000 0.006 0.003 0.008 0.085 0.869 
 424 N _   0.008 0.023 0.000 0.008 0.003 0.009 0.085 0.863 
 425 G _   0.008 0.027 0.000 0.009 0.004 0.009 0.085 0.857 
 426 C _   0.008 0.031 0.001 0.011 0.004 0.010 0.085 0.850 
 427 L _   0.008 0.036 0.001 0.012 0.004 0.010 0.084 0.844 
 428 L _   0.008 0.041 0.001 0.013 0.005 0.011 0.084 0.839 
 429 D _   0.007 0.046 0.001 0.013 0.005 0.011 0.084 0.834 
 430 P _   0.007 0.051 0.001 0.013 0.005 0.011 0.083 0.829 
 431 V _   0.007 0.056 0.001 0.014 0.005 0.012 0.083 0.823 
 432 P _   0.008 0.062 0.001 0.014 0.005 0.012 0.083 0.816 
 433 P _   0.008 0.068 0.001 0.015 0.006 0.013 0.082 0.807 
 434 V _   0.008 0.075 0.001 0.017 0.006 0.013 0.082 0.798 
 435 L _   0.008 0.081 0.001 0.018 0.006 0.013 0.082 0.790 
 436 V _   0.008 0.087 0.001 0.019 0.006 0.013 0.082 0.783 
 437 R _   0.008 0.092 0.001 0.019 0.006 0.013 0.083 0.779 
 438 K _   0.008 0.096 0.001 0.018 0.006 0.013 0.083 0.776 
 439 G _   0.007 0.099 0.001 0.018 0.006 0.013 0.083 0.774 
 440 C _   0.007 0.102 0.001 0.017 0.006 0.013 0.083 0.771 
 441 Q _   0.007 0.104 0.001 0.017 0.006 0.013 0.084 0.769 
 442 S _   0.007 0.107 0.001 0.018 0.006 0.013 0.084 0.765 
 443 L _   0.007 0.109 0.001 0.020 0.006 0.013 0.085 0.759 
 444 P _   0.008 0.112 0.001 0.022 0.007 0.013 0.086 0.752 
 445 S _   0.008 0.113 0.001 0.024 0.007 0.013 0.088 0.746 
 446 N _   0.009 0.114 0.001 0.026 0.007 0.013 0.089 0.741 
 447 M _   0.009 0.113 0.001 0.027 0.007 0.013 0.092 0.738 
 448 M _   0.009 0.109 0.001 0.027 0.007 0.013 0.094 0.739 
 449 E _   0.009 0.103 0.001 0.026 0.007 0.012 0.098 0.744 
 450 T _   0.009 0.095 0.001 0.024 0.006 0.011 0.101 0.754 
 451 S _   0.009 0.084 0.001 0.020 0.005 0.010 0.105 0.766 
 452 I _   0.008 0.072 0.001 0.017 0.004 0.010 0.109 0.779 
 453 D _   0.008 0.060 0.001 0.014 0.004 0.009 0.113 0.792 
 454 E _   0.008 0.050 0.000 0.012 0.003 0.008 0.116 0.803 
 455 G _   0.008 0.041 0.000 0.010 0.003 0.007 0.119 0.812 
 456 L _   0.007 0.035 0.000 0.008 0.002 0.007 0.122 0.819 
 457 E _   0.006 0.030 0.000 0.007 0.002 0.006 0.123 0.825 
 458 T _   0.006 0.027 0.000 0.006 0.002 0.006 0.124 0.829 
 459 E _   0.005 0.025 0.000 0.005 0.002 0.006 0.124 0.833 
 460 G _   0.005 0.024 0.000 0.005 0.001 0.006 0.124 0.835 
 461 E _   0.004 0.024 0.000 0.005 0.001 0.006 0.123 0.837 
 462 A _   0.004 0.026 0.000 0.005 0.001 0.006 0.120 0.837 
 463 E _   0.004 0.029 0.000 0.006 0.002 0.007 0.117 0.834 
 464 E _   0.005 0.036 0.000 0.008 0.002 0.009 0.113 0.827 
 465 D _   0.005 0.049 0.000 0.012 0.004 0.011 0.108 0.811 
 466 P _   0.006 0.069 0.001 0.018 0.005 0.013 0.102 0.785 
 467 A _   0.007 0.099 0.001 0.026 0.007 0.016 0.095 0.749 
 468 H _   0.007 0.133 0.001 0.035 0.010 0.018 0.088 0.708 
 469 A _   0.007 0.163 0.001 0.045 0.011 0.019 0.082 0.672 
 470 F _   0.008 0.185 0.001 0.052 0.012 0.019 0.077 0.646 
 471 E _   0.008 0.197 0.001 0.056 0.013 0.020 0.073 0.633 
 472 A _   0.008 0.202 0.001 0.057 0.013 0.019 0.070 0.631 
 473 F _   0.008 0.201 0.001 0.053 0.012 0.018 0.069 0.639 
 474 Q _   0.008 0.194 0.001 0.046 0.011 0.017 0.067 0.656 
 475 S _   0.008 0.180 0.001 0.038 0.010 0.016 0.067 0.680 
 476 T _   0.008 0.161 0.001 0.029 0.008 0.015 0.066 0.711 
 477 R _   0.008 0.139 0.001 0.021 0.007 0.014 0.066 0.743 
 478 S _   0.008 0.119 0.001 0.015 0.006 0.014 0.066 0.771 
 479 G _   0.008 0.104 0.001 0.011 0.005 0.014 0.066 0.792 
 480 Q _   0.009 0.094 0.000 0.008 0.004 0.014 0.066 0.806 
 481 R _   0.009 0.089 0.000 0.007 0.004 0.014 0.065 0.812 
 482 R _   0.010 0.087 0.000 0.007 0.004 0.016 0.064 0.812 
 483 H _   0.011 0.088 0.001 0.007 0.005 0.017 0.063 0.808 
 484 T _   0.013 0.091 0.001 0.009 0.006 0.020 0.061 0.799 
 485 L _   0.015 0.099 0.001 0.011 0.008 0.022 0.059 0.785 
 486 S _   0.018 0.109 0.001 0.013 0.010 0.025 0.057 0.767 
 487 E _   0.020 0.123 0.001 0.016 0.012 0.027 0.055 0.745 
 488 V _   0.023 0.139 0.001 0.019 0.014 0.030 0.053 0.721 
 489 T _   0.025 0.156 0.001 0.021 0.017 0.032 0.051 0.697 
 490 N _   0.027 0.173 0.001 0.023 0.019 0.034 0.049 0.673 
 491 Q _   0.029 0.190 0.002 0.025 0.020 0.035 0.048 0.652 
 492 L _   0.030 0.205 0.002 0.028 0.022 0.035 0.047 0.632 
 493 V _   0.031 0.219 0.002 0.030 0.023 0.035 0.046 0.615 
 494 V _   0.031 0.231 0.002 0.032 0.023 0.035 0.045 0.602 
 495 M _   0.029 0.239 0.002 0.035 0.022 0.033 0.044 0.594 
 496 P _   0.028 0.245 0.001 0.037 0.022 0.032 0.044 0.590 
 497 G _   0.026 0.248 0.001 0.039 0.020 0.030 0.044 0.591 
 498 A _   0.024 0.247 0.001 0.040 0.018 0.027 0.045 0.597 
 499 G _   0.022 0.242 0.001 0.039 0.016 0.025 0.046 0.609 
 500 K _   0.020 0.232 0.001 0.036 0.014 0.022 0.047 0.628 
 501 I _   0.017 0.217 0.001 0.033 0.012 0.019 0.048 0.654 
 502 F _   0.015 0.196 0.001 0.028 0.009 0.017 0.050 0.684 
 503 S _   0.012 0.172 0.001 0.023 0.008 0.014 0.051 0.718 
 504 M _   0.010 0.147 0.001 0.018 0.006 0.012 0.053 0.752 
 505 N _   0.009 0.125 0.001 0.014 0.005 0.010 0.055 0.782 
 506 D _   0.008 0.107 0.000 0.011 0.003 0.009 0.056 0.806 
 507 S _   0.007 0.094 0.000 0.009 0.003 0.008 0.057 0.824 
 508 P _   0.006 0.086 0.000 0.007 0.002 0.007 0.057 0.835 
 509 S _   0.005 0.081 0.000 0.006 0.002 0.007 0.057 0.841 
 510 L _   0.005 0.080 0.000 0.006 0.002 0.006 0.057 0.844 
 511 D _   0.005 0.080 0.000 0.007 0.002 0.007 0.057 0.843 
 512 S _   0.005 0.082 0.000 0.007 0.002 0.007 0.056 0.841 
 513 V _   0.005 0.086 0.000 0.009 0.003 0.008 0.055 0.835 
 514 D _   0.005 0.093 0.000 0.011 0.003 0.008 0.053 0.826 
 515 S _   0.005 0.101 0.000 0.014 0.004 0.009 0.052 0.814 
 516 E _   0.005 0.111 0.001 0.016 0.004 0.010 0.050 0.802 
 517 Y _   0.005 0.122 0.001 0.019 0.005 0.011 0.049 0.788 
 518 D _   0.005 0.132 0.001 0.023 0.006 0.012 0.047 0.775 
 519 M _   0.006 0.141 0.001 0.026 0.006 0.012 0.046 0.762 
 520 G _   0.006 0.149 0.001 0.029 0.007 0.012 0.045 0.752 
 521 S _   0.006 0.154 0.001 0.031 0.007 0.012 0.044 0.745 
 522 V _   0.006 0.156 0.001 0.032 0.007 0.012 0.043 0.742 
 523 Q _   0.006 0.156 0.001 0.032 0.007 0.012 0.043 0.743 
 524 R _   0.006 0.153 0.001 0.031 0.007 0.012 0.044 0.748 
 525 D _   0.006 0.146 0.001 0.028 0.006 0.011 0.044 0.757 
 526 L _   0.006 0.137 0.001 0.025 0.006 0.010 0.045 0.770 
 527 N _   0.006 0.125 0.001 0.020 0.005 0.010 0.046 0.788 
 528 F _   0.006 0.111 0.001 0.016 0.004 0.009 0.047 0.807 
 529 L _   0.006 0.098 0.000 0.012 0.003 0.008 0.048 0.825 
 530 E _   0.005 0.088 0.000 0.009 0.003 0.007 0.049 0.839 
 531 D _   0.005 0.081 0.000 0.007 0.002 0.007 0.049 0.848 
 532 N _   0.005 0.077 0.000 0.007 0.002 0.007 0.049 0.852 
 533 P _   0.005 0.076 0.000 0.007 0.002 0.008 0.049 0.853 
 534 S _   0.006 0.077 0.000 0.009 0.003 0.009 0.049 0.849 
 535 L _   0.006 0.080 0.000 0.011 0.004 0.010 0.048 0.841 
 536 K _   0.007 0.084 0.001 0.015 0.004 0.011 0.048 0.831 
 537 D _   0.007 0.089 0.001 0.019 0.005 0.012 0.047 0.821 
 538 I _   0.008 0.092 0.001 0.022 0.006 0.012 0.047 0.813 
 539 M _   0.008 0.094 0.001 0.023 0.006 0.012 0.047 0.809 
 540 L _   0.008 0.094 0.001 0.022 0.006 0.012 0.047 0.810 
 541 A _   0.008 0.091 0.001 0.020 0.006 0.012 0.047 0.816 
 542 N _   0.007 0.087 0.001 0.016 0.005 0.011 0.047 0.825 
 543 Q _   0.007 0.082 0.001 0.013 0.004 0.011 0.047 0.835 
 544 P _   0.007 0.077 0.000 0.010 0.004 0.010 0.048 0.843 
 545 S _   0.008 0.074 0.000 0.008 0.003 0.011 0.048 0.848 
 546 P _   0.008 0.074 0.000 0.007 0.004 0.011 0.048 0.848 
 547 R _   0.009 0.075 0.000 0.008 0.004 0.012 0.048 0.843 
 548 M _   0.010 0.080 0.001 0.009 0.005 0.013 0.048 0.835 
 549 T _   0.010 0.087 0.001 0.012 0.006 0.015 0.048 0.822 
 550 S _   0.011 0.096 0.001 0.015 0.007 0.016 0.047 0.807 
 551 P _   0.011 0.107 0.001 0.018 0.008 0.016 0.047 0.792 
 552 F _   0.011 0.116 0.001 0.020 0.008 0.017 0.046 0.780 
 553 I _   0.011 0.123 0.001 0.021 0.008 0.017 0.046 0.772 
 554 S _   0.010 0.128 0.001 0.021 0.008 0.017 0.046 0.769 
 555 L _   0.010 0.131 0.001 0.020 0.008 0.016 0.046 0.767 
 556 R _   0.010 0.133 0.001 0.019 0.008 0.016 0.046 0.767 
 557 P _   0.010 0.135 0.001 0.018 0.008 0.016 0.046 0.766 
 558 T _   0.010 0.136 0.001 0.018 0.008 0.016 0.047 0.765 
 559 N _   0.010 0.137 0.001 0.019 0.008 0.016 0.047 0.761 
 560 P _   0.011 0.139 0.001 0.020 0.008 0.016 0.048 0.757 
 561 A _   0.011 0.140 0.001 0.022 0.008 0.016 0.049 0.753 
 562 M _   0.011 0.140 0.001 0.024 0.009 0.016 0.049 0.750 
 563 Q _   0.011 0.139 0.001 0.025 0.009 0.016 0.050 0.750 
 564 A _   0.011 0.135 0.001 0.026 0.008 0.015 0.051 0.752 
 565 L _   0.011 0.129 0.001 0.025 0.008 0.014 0.053 0.759 
 566 S _   0.010 0.119 0.001 0.023 0.008 0.013 0.054 0.771 
 567 S _   0.010 0.107 0.001 0.021 0.007 0.012 0.056 0.786 
 568 Q _   0.010 0.092 0.001 0.017 0.006 0.012 0.058 0.804 
 569 K _   0.010 0.077 0.001 0.014 0.005 0.011 0.060 0.823 
 570 R _   0.009 0.063 0.001 0.011 0.004 0.010 0.062 0.840 
 571 E _   0.008 0.052 0.000 0.009 0.004 0.009 0.064 0.854 
 572 V _   0.008 0.044 0.000 0.007 0.003 0.009 0.065 0.863 
 573 H _   0.007 0.039 0.000 0.007 0.003 0.009 0.067 0.869 
 574 N _   0.007 0.036 0.000 0.007 0.003 0.009 0.067 0.870 
 575 R _   0.007 0.035 0.000 0.008 0.003 0.009 0.068 0.869 
 576 S _   0.008 0.036 0.000 0.010 0.004 0.010 0.068 0.865 
 577 P _   0.008 0.037 0.001 0.012 0.004 0.011 0.069 0.859 
 578 V _   0.008 0.038 0.001 0.015 0.005 0.012 0.069 0.852 
 579 S _   0.008 0.039 0.001 0.018 0.006 0.012 0.069 0.848 
 580 F _   0.008 0.039 0.001 0.019 0.006 0.012 0.070 0.846 
 581 R _   0.008 0.038 0.001 0.019 0.006 0.012 0.070 0.847 
 582 E _   0.007 0.037 0.001 0.017 0.005 0.012 0.071 0.851 
 583 G _   0.007 0.034 0.001 0.013 0.004 0.011 0.071 0.859 
 584 R _   0.007 0.031 0.000 0.010 0.004 0.011 0.071 0.866 
 585 R _   0.007 0.028 0.000 0.007 0.003 0.012 0.072 0.871 
 586 A _   0.008 0.027 0.000 0.006 0.003 0.013 0.072 0.872 
 587 S _   0.010 0.028 0.000 0.005 0.003 0.015 0.071 0.867 
 588 D _   0.013 0.031 0.001 0.006 0.005 0.019 0.071 0.855 
 589 T _   0.017 0.039 0.001 0.009 0.008 0.025 0.070 0.831 
 590 S _   0.023 0.057 0.001 0.015 0.014 0.031 0.069 0.790 
 591 L _   0.028 0.089 0.002 0.025 0.020 0.038 0.067 0.731 
 592 T _   0.032 0.129 0.002 0.036 0.027 0.042 0.066 0.666 
 593 Q _   0.035 0.163 0.002 0.048 0.031 0.045 0.064 0.612 
 594 G _   0.036 0.186 0.002 0.057 0.033 0.045 0.064 0.577 
 595 I _   0.036 0.197 0.002 0.062 0.033 0.045 0.064 0.561 
 596 V _   0.036 0.201 0.002 0.062 0.032 0.043 0.065 0.559 
 597 A _   0.035 0.198 0.002 0.058 0.030 0.041 0.066 0.571 
 598 F _   0.033 0.187 0.002 0.050 0.027 0.038 0.068 0.596 
 599 R _   0.031 0.167 0.002 0.040 0.023 0.034 0.071 0.633 
 600 Q _   0.028 0.139 0.002 0.030 0.018 0.031 0.074 0.678 
 601 H _   0.025 0.111 0.001 0.021 0.014 0.028 0.077 0.722 
 602 L _   0.023 0.087 0.001 0.015 0.010 0.025 0.080 0.759 
 603 Q _   0.020 0.072 0.001 0.011 0.008 0.023 0.082 0.783 
 604 N _   0.019 0.062 0.001 0.009 0.006 0.021 0.084 0.798 
 605 L _   0.018 0.057 0.001 0.008 0.006 0.020 0.086 0.805 
 606 A _   0.018 0.055 0.001 0.008 0.006 0.020 0.088 0.807 
 607 R _   0.018 0.054 0.001 0.009 0.006 0.020 0.089 0.805 
 608 T _   0.018 0.055 0.001 0.010 0.006 0.020 0.090 0.800 
 609 K _   0.019 0.057 0.001 0.011 0.007 0.021 0.091 0.794 
 610 G _   0.020 0.059 0.001 0.012 0.008 0.021 0.092 0.786 
 611 I _   0.021 0.062 0.001 0.013 0.009 0.022 0.094 0.778 
 612 L _   0.022 0.066 0.001 0.015 0.009 0.023 0.095 0.769 
 613 E _   0.023 0.070 0.001 0.016 0.010 0.024 0.097 0.759 
 614 L _   0.024 0.074 0.001 0.019 0.012 0.025 0.099 0.748 
 615 N _   0.025 0.079 0.001 0.022 0.013 0.025 0.101 0.736 
 616 K _   0.025 0.083 0.001 0.025 0.013 0.025 0.103 0.724 
 617 V _   0.025 0.086 0.001 0.029 0.014 0.024 0.106 0.715 
 618 Q _   0.024 0.088 0.001 0.032 0.014 0.024 0.110 0.707 
 619 L _   0.023 0.088 0.001 0.034 0.013 0.022 0.114 0.704 
 620 L _   0.022 0.085 0.001 0.034 0.012 0.020 0.119 0.706 
 621 Y _   0.020 0.079 0.001 0.032 0.010 0.018 0.125 0.715 
 622 E _   0.018 0.070 0.001 0.028 0.009 0.016 0.131 0.729 
 623 Q _   0.015 0.058 0.001 0.022 0.007 0.013 0.137 0.747 
 624 I _   0.013 0.044 0.001 0.016 0.005 0.011 0.143 0.767 
 625 G _   0.011 0.032 0.000 0.011 0.003 0.009 0.149 0.785 
 626 P _   0.009 0.023 0.000 0.007 0.002 0.007 0.153 0.799 
 627 E _   0.008 0.017 0.000 0.005 0.002 0.006 0.156 0.807 
 628 A _   0.006 0.014 0.000 0.003 0.001 0.005 0.158 0.812 
 629 D _   0.005 0.013 0.000 0.003 0.001 0.005 0.159 0.814 
 630 P _   0.005 0.014 0.000 0.003 0.001 0.005 0.159 0.813 
 631 N _   0.005 0.016 0.000 0.004 0.001 0.006 0.159 0.809 
 632 L _   0.005 0.020 0.000 0.006 0.002 0.007 0.158 0.803 
 633 A _   0.005 0.028 0.000 0.008 0.003 0.008 0.156 0.792 
 634 P _   0.006 0.041 0.000 0.012 0.003 0.009 0.153 0.776 
 635 A _   0.006 0.056 0.001 0.016 0.004 0.010 0.149 0.758 
 636 A _   0.006 0.072 0.001 0.019 0.005 0.010 0.146 0.742 
 637 P _   0.005 0.086 0.001 0.021 0.005 0.010 0.143 0.729 
 638 Q _   0.005 0.096 0.001 0.022 0.005 0.010 0.140 0.720 
 639 L _   0.005 0.104 0.001 0.023 0.005 0.010 0.138 0.714 
 640 Q _   0.005 0.109 0.001 0.021 0.005 0.010 0.137 0.713 
 641 D _   0.004 0.112 0.001 0.020 0.005 0.009 0.136 0.713 
 642 L _   0.004 0.114 0.001 0.018 0.004 0.009 0.136 0.714 
 643 A _   0.005 0.115 0.000 0.016 0.004 0.009 0.136 0.715 
 644 S _   0.005 0.115 0.000 0.014 0.004 0.009 0.136 0.717 
 645 S _   0.005 0.116 0.000 0.013 0.003 0.009 0.136 0.718 
 646 C _   0.005 0.116 0.000 0.012 0.003 0.009 0.137 0.718 
 647 P _   0.005 0.117 0.000 0.011 0.003 0.009 0.137 0.717 
 648 Q _   0.005 0.119 0.000 0.011 0.003 0.009 0.137 0.714 
 649 E _   0.005 0.121 0.000 0.012 0.004 0.010 0.138 0.710 
 650 E _   0.006 0.124 0.000 0.013 0.004 0.010 0.138 0.704 
 651 V _   0.006 0.128 0.001 0.014 0.005 0.011 0.138 0.698 
 652 S _   0.006 0.132 0.001 0.015 0.005 0.011 0.139 0.691 
 653 Q _   0.007 0.135 0.001 0.017 0.006 0.012 0.140 0.683 
 654 Q _   0.007 0.138 0.001 0.018 0.006 0.013 0.141 0.676 
 655 Q _   0.007 0.141 0.001 0.020 0.007 0.013 0.142 0.669 
 656 E _   0.008 0.142 0.001 0.021 0.007 0.013 0.144 0.664 
 657 S _   0.008 0.142 0.001 0.022 0.007 0.013 0.146 0.660 
 658 V _   0.008 0.141 0.001 0.023 0.008 0.014 0.149 0.656 
 659 S _   0.009 0.139 0.001 0.024 0.008 0.013 0.152 0.655 
 660 T _   0.009 0.134 0.001 0.024 0.008 0.013 0.156 0.655 
 661 L _   0.009 0.127 0.001 0.024 0.008 0.013 0.161 0.658 
 662 P _   0.009 0.118 0.001 0.022 0.007 0.012 0.166 0.663 
 663 A _   0.009 0.107 0.001 0.020 0.007 0.012 0.173 0.672 
