#TopoPred_TM8: 8-state transmembrane topology prediction results by no_profile mode 
#probabilities are in the order of H E C I L F X _, the 8 transmembrane topology types used in PDBTM 
   1 M _   0.032 0.001 0.003 0.048 0.013 0.017 0.404 0.481 
   2 G _   0.017 0.000 0.000 0.026 0.003 0.011 0.411 0.533 
   3 R _   0.013 0.000 0.000 0.013 0.001 0.008 0.408 0.556 
   4 G _   0.025 0.000 0.000 0.008 0.002 0.010 0.395 0.559 
   5 L _   0.064 0.000 0.001 0.006 0.005 0.016 0.366 0.543 
   6 L _   0.142 0.000 0.001 0.004 0.009 0.024 0.316 0.504 
   7 R _   0.247 0.000 0.001 0.003 0.012 0.029 0.264 0.443 
   8 G _   0.362 0.000 0.002 0.003 0.015 0.033 0.213 0.373 
   9 L H   0.466 0.000 0.002 0.003 0.019 0.034 0.169 0.307 
  10 W H   0.549 0.000 0.002 0.003 0.025 0.035 0.134 0.252 
  11 P H   0.614 0.000 0.002 0.002 0.030 0.034 0.109 0.207 
  12 L H   0.661 0.000 0.002 0.002 0.034 0.033 0.093 0.175 
  13 H H   0.694 0.000 0.002 0.002 0.036 0.030 0.082 0.153 
  14 I H   0.713 0.000 0.002 0.002 0.036 0.028 0.076 0.143 
  15 V H   0.721 0.000 0.002 0.002 0.036 0.026 0.072 0.142 
  16 L H   0.715 0.000 0.002 0.003 0.035 0.024 0.069 0.152 
  17 W H   0.696 0.000 0.002 0.003 0.034 0.023 0.067 0.175 
  18 T H   0.662 0.000 0.002 0.003 0.031 0.022 0.067 0.213 
  19 R H   0.611 0.000 0.002 0.003 0.028 0.021 0.067 0.267 
  20 I H   0.543 0.000 0.002 0.004 0.024 0.020 0.068 0.338 
  21 A H   0.460 0.000 0.002 0.004 0.020 0.019 0.070 0.425 
  22 S _   0.370 0.000 0.001 0.004 0.016 0.018 0.073 0.518 
  23 T _   0.284 0.000 0.001 0.005 0.012 0.017 0.075 0.606 
  24 I _   0.209 0.000 0.001 0.005 0.009 0.015 0.078 0.682 
  25 P _   0.148 0.000 0.001 0.005 0.007 0.014 0.080 0.744 
  26 P _   0.101 0.000 0.001 0.006 0.006 0.013 0.082 0.792 
  27 H _   0.068 0.001 0.001 0.006 0.005 0.011 0.083 0.826 
  28 V _   0.045 0.001 0.001 0.006 0.004 0.010 0.084 0.849 
  29 Q _   0.030 0.002 0.000 0.006 0.004 0.010 0.084 0.864 
  30 K _   0.021 0.002 0.000 0.007 0.003 0.009 0.084 0.873 
  31 S _   0.015 0.003 0.000 0.008 0.003 0.009 0.084 0.878 
  32 V _   0.011 0.005 0.000 0.008 0.003 0.009 0.084 0.879 
  33 N _   0.009 0.007 0.000 0.009 0.003 0.008 0.083 0.879 
  34 N _   0.008 0.009 0.000 0.010 0.003 0.008 0.082 0.879 
  35 D _   0.008 0.011 0.000 0.010 0.003 0.008 0.082 0.877 
  36 M _   0.007 0.014 0.000 0.010 0.003 0.008 0.081 0.876 
  37 I _   0.007 0.016 0.000 0.010 0.003 0.008 0.080 0.875 
  38 V _   0.006 0.019 0.000 0.009 0.003 0.008 0.079 0.875 
  39 T _   0.006 0.022 0.000 0.009 0.003 0.008 0.078 0.874 
  40 D _   0.006 0.026 0.000 0.008 0.003 0.009 0.076 0.871 
  41 N _   0.006 0.031 0.000 0.009 0.003 0.010 0.075 0.866 
  42 N _   0.007 0.039 0.000 0.010 0.004 0.011 0.073 0.856 
  43 G _   0.008 0.052 0.001 0.011 0.005 0.013 0.070 0.839 
  44 A _   0.009 0.072 0.001 0.014 0.006 0.016 0.067 0.815 
  45 V _   0.010 0.100 0.001 0.018 0.008 0.018 0.064 0.781 
  46 K _   0.011 0.138 0.001 0.022 0.010 0.020 0.060 0.738 
  47 F _   0.011 0.184 0.001 0.026 0.012 0.021 0.056 0.689 
  48 P _   0.011 0.233 0.001 0.031 0.013 0.022 0.051 0.637 
  49 Q _   0.011 0.278 0.001 0.035 0.015 0.022 0.048 0.590 
  50 L _   0.010 0.316 0.001 0.039 0.015 0.022 0.045 0.552 
  51 C _   0.010 0.345 0.001 0.042 0.015 0.022 0.042 0.523 
  52 K _   0.010 0.365 0.001 0.046 0.015 0.021 0.041 0.502 
  53 F _   0.009 0.377 0.001 0.048 0.015 0.020 0.039 0.490 
  54 C _   0.009 0.382 0.001 0.049 0.014 0.019 0.039 0.486 
  55 D _   0.009 0.382 0.001 0.049 0.013 0.018 0.039 0.489 
  56 V _   0.009 0.375 0.001 0.047 0.012 0.016 0.039 0.501 
  57 R _   0.009 0.359 0.001 0.043 0.011 0.015 0.040 0.523 
  58 F _   0.009 0.331 0.001 0.037 0.010 0.014 0.041 0.557 
  59 S _   0.009 0.291 0.001 0.030 0.008 0.012 0.042 0.606 
  60 T _   0.008 0.245 0.001 0.023 0.007 0.011 0.044 0.662 
  61 C _   0.007 0.200 0.001 0.016 0.005 0.010 0.046 0.715 
  62 D _   0.006 0.168 0.001 0.010 0.004 0.009 0.047 0.756 
  63 N _   0.006 0.148 0.000 0.007 0.003 0.008 0.047 0.781 
  64 Q _   0.005 0.139 0.000 0.005 0.002 0.008 0.047 0.793 
  65 K _   0.005 0.136 0.000 0.005 0.002 0.008 0.047 0.795 
  66 S _   0.006 0.139 0.000 0.006 0.003 0.009 0.046 0.791 
  67 C _   0.006 0.146 0.000 0.009 0.004 0.011 0.045 0.778 
  68 M _   0.007 0.161 0.001 0.013 0.005 0.013 0.044 0.756 
  69 S _   0.008 0.182 0.001 0.018 0.007 0.015 0.042 0.727 
  70 N _   0.008 0.205 0.001 0.023 0.008 0.016 0.041 0.697 
  71 C _   0.009 0.225 0.001 0.027 0.010 0.017 0.039 0.672 
  72 S _   0.009 0.239 0.001 0.030 0.010 0.018 0.038 0.654 
  73 I _   0.010 0.248 0.001 0.030 0.011 0.019 0.038 0.644 
  74 T _   0.010 0.252 0.001 0.029 0.011 0.020 0.037 0.640 
  75 S _   0.011 0.253 0.001 0.026 0.011 0.020 0.037 0.641 
  76 I _   0.012 0.251 0.001 0.024 0.010 0.021 0.037 0.644 
  77 C _   0.013 0.248 0.001 0.021 0.010 0.021 0.037 0.648 
  78 E _   0.014 0.245 0.001 0.019 0.010 0.022 0.038 0.652 
  79 K _   0.014 0.243 0.001 0.018 0.010 0.022 0.038 0.653 
  80 P _   0.015 0.241 0.001 0.019 0.011 0.022 0.039 0.653 
  81 Q _   0.016 0.240 0.001 0.020 0.011 0.023 0.039 0.649 
  82 E _   0.016 0.240 0.001 0.023 0.012 0.022 0.040 0.646 
  83 V _   0.016 0.239 0.001 0.026 0.012 0.022 0.041 0.644 
  84 C _   0.016 0.235 0.001 0.028 0.012 0.021 0.042 0.645 
  85 V _   0.015 0.229 0.001 0.028 0.011 0.019 0.044 0.652 
  86 A _   0.014 0.218 0.001 0.027 0.010 0.018 0.046 0.665 
  87 V _   0.013 0.202 0.001 0.024 0.009 0.016 0.048 0.686 
  88 W _   0.012 0.181 0.001 0.020 0.008 0.015 0.050 0.713 
  89 R _   0.011 0.159 0.001 0.015 0.007 0.014 0.052 0.741 
  90 K _   0.010 0.139 0.001 0.012 0.005 0.013 0.054 0.766 
  91 N _   0.010 0.125 0.001 0.010 0.005 0.013 0.055 0.782 
  92 D _   0.009 0.117 0.000 0.009 0.004 0.013 0.057 0.790 
  93 E _   0.009 0.114 0.001 0.010 0.005 0.013 0.058 0.790 
  94 N _   0.010 0.113 0.001 0.013 0.005 0.014 0.059 0.785 
  95 I _   0.011 0.114 0.001 0.018 0.006 0.014 0.060 0.776 
  96 T _   0.011 0.116 0.001 0.023 0.007 0.015 0.062 0.766 
  97 L _   0.011 0.116 0.001 0.027 0.008 0.015 0.063 0.759 
  98 E _   0.011 0.113 0.001 0.029 0.008 0.014 0.065 0.758 
  99 T _   0.010 0.107 0.001 0.029 0.008 0.013 0.067 0.765 
 100 V _   0.009 0.096 0.001 0.026 0.007 0.012 0.070 0.779 
 101 C _   0.009 0.081 0.001 0.021 0.006 0.011 0.073 0.798 
 102 H _   0.008 0.064 0.001 0.016 0.005 0.010 0.076 0.821 
 103 D _   0.007 0.048 0.001 0.011 0.004 0.009 0.079 0.842 
 104 P _   0.007 0.036 0.000 0.008 0.003 0.008 0.082 0.857 
 105 K _   0.006 0.028 0.000 0.006 0.002 0.007 0.084 0.866 
 106 L _   0.006 0.025 0.000 0.005 0.002 0.007 0.085 0.870 
 107 P _   0.006 0.023 0.000 0.006 0.002 0.007 0.086 0.869 
 108 Y _   0.006 0.023 0.000 0.007 0.003 0.008 0.087 0.865 
 109 H _   0.007 0.025 0.000 0.009 0.003 0.009 0.088 0.859 
 110 D _   0.007 0.027 0.000 0.012 0.004 0.010 0.088 0.852 
 111 F _   0.007 0.029 0.001 0.015 0.004 0.010 0.088 0.845 
 112 I _   0.008 0.031 0.001 0.018 0.005 0.011 0.089 0.838 
 113 L _   0.008 0.033 0.001 0.019 0.005 0.011 0.089 0.834 
 114 E _   0.008 0.034 0.001 0.020 0.005 0.011 0.090 0.833 
 115 D _   0.007 0.033 0.001 0.019 0.005 0.010 0.090 0.834 
 116 A _   0.007 0.032 0.001 0.018 0.005 0.010 0.092 0.836 
 117 A _   0.007 0.030 0.001 0.017 0.004 0.009 0.093 0.839 
 118 S _   0.007 0.028 0.000 0.015 0.004 0.009 0.094 0.843 
 119 P _   0.007 0.026 0.000 0.013 0.003 0.008 0.095 0.848 
 120 K _   0.007 0.023 0.000 0.011 0.003 0.008 0.096 0.852 
 121 C _   0.007 0.021 0.000 0.009 0.002 0.007 0.097 0.857 
 122 I _   0.006 0.019 0.000 0.007 0.002 0.007 0.097 0.862 
 123 M _   0.006 0.018 0.000 0.006 0.002 0.006 0.096 0.866 
 124 K _   0.005 0.018 0.000 0.005 0.002 0.007 0.095 0.868 
 125 E _   0.005 0.019 0.000 0.004 0.002 0.007 0.094 0.869 
 126 K _   0.005 0.022 0.000 0.005 0.002 0.009 0.091 0.866 
 127 K _   0.006 0.029 0.000 0.008 0.003 0.011 0.088 0.855 
 128 K _   0.008 0.046 0.001 0.013 0.005 0.014 0.083 0.831 
 129 P _   0.009 0.081 0.001 0.023 0.009 0.018 0.076 0.783 
 130 G _   0.010 0.140 0.002 0.038 0.013 0.021 0.068 0.709 
 131 E _   0.010 0.206 0.002 0.055 0.016 0.022 0.060 0.629 
 132 T _   0.009 0.258 0.002 0.071 0.017 0.022 0.053 0.567 
 133 F _   0.008 0.287 0.001 0.082 0.017 0.021 0.049 0.534 
 134 F _   0.007 0.300 0.001 0.086 0.016 0.020 0.046 0.523 
 135 M _   0.007 0.302 0.001 0.085 0.015 0.018 0.044 0.528 
 136 C _   0.006 0.296 0.001 0.077 0.013 0.016 0.043 0.547 
 137 S _   0.006 0.278 0.001 0.064 0.011 0.014 0.042 0.583 
 138 C _   0.006 0.246 0.001 0.048 0.009 0.012 0.042 0.634 
 139 S _   0.006 0.204 0.001 0.033 0.007 0.011 0.043 0.695 
 140 S _   0.006 0.160 0.001 0.022 0.005 0.010 0.043 0.753 
 141 D _   0.005 0.127 0.001 0.015 0.004 0.009 0.043 0.797 
 142 E _   0.005 0.108 0.000 0.011 0.003 0.008 0.043 0.822 
 143 C _   0.005 0.098 0.000 0.010 0.003 0.009 0.042 0.834 
 144 N _   0.005 0.093 0.000 0.012 0.003 0.009 0.042 0.836 
 145 D _   0.005 0.091 0.000 0.016 0.004 0.010 0.041 0.833 
 146 N _   0.006 0.090 0.001 0.021 0.005 0.011 0.039 0.827 
 147 I _   0.006 0.089 0.001 0.027 0.006 0.012 0.038 0.821 
 148 I _   0.007 0.086 0.001 0.030 0.006 0.012 0.037 0.820 
 149 F _   0.007 0.081 0.001 0.031 0.006 0.012 0.037 0.826 
 150 S _   0.007 0.071 0.001 0.028 0.006 0.011 0.036 0.841 
 151 E _   0.006 0.055 0.001 0.022 0.005 0.010 0.036 0.864 
 152 E _   0.007 0.037 0.001 0.016 0.004 0.009 0.035 0.891 
 153 Y _   0.008 0.020 0.000 0.010 0.003 0.009 0.035 0.916 
 154 N _   0.009 0.008 0.000 0.006 0.002 0.009 0.034 0.932 
 155 T _   0.013 0.003 0.000 0.003 0.002 0.009 0.033 0.936 
 156 S _   0.023 0.001 0.000 0.002 0.002 0.011 0.032 0.929 
 157 N _   0.043 0.000 0.000 0.002 0.003 0.015 0.030 0.906 
 158 P _   0.081 0.000 0.001 0.002 0.005 0.022 0.027 0.861 
 159 D _   0.140 0.000 0.001 0.003 0.010 0.030 0.024 0.791 
 160 L _   0.213 0.000 0.001 0.005 0.019 0.040 0.021 0.701 
 161 L _   0.287 0.001 0.002 0.008 0.030 0.049 0.017 0.606 
 162 L _   0.356 0.001 0.002 0.011 0.041 0.055 0.014 0.519 
 163 V _   0.413 0.002 0.003 0.013 0.050 0.058 0.012 0.450 
 164 I H   0.457 0.002 0.003 0.014 0.053 0.057 0.010 0.404 
 165 F H   0.490 0.002 0.003 0.013 0.053 0.053 0.009 0.378 
 166 Q H   0.513 0.002 0.002 0.010 0.049 0.048 0.008 0.368 
 167 V H   0.526 0.001 0.002 0.008 0.042 0.042 0.007 0.371 
 168 T H   0.532 0.001 0.002 0.005 0.034 0.036 0.006 0.385 
 169 G H   0.531 0.000 0.002 0.003 0.025 0.030 0.005 0.404 
 170 I H   0.525 0.000 0.001 0.002 0.017 0.024 0.005 0.425 
 171 S H   0.518 0.000 0.001 0.001 0.012 0.020 0.005 0.444 
 172 L H   0.515 0.000 0.001 0.001 0.008 0.016 0.004 0.455 
 173 L H   0.519 0.000 0.001 0.001 0.006 0.013 0.004 0.456 
 174 P H   0.533 0.000 0.001 0.000 0.005 0.012 0.004 0.445 
 175 P H   0.562 0.000 0.001 0.000 0.006 0.011 0.003 0.417 
 176 L H   0.606 0.000 0.001 0.000 0.006 0.010 0.003 0.373 
 177 G H   0.664 0.000 0.001 0.001 0.008 0.010 0.002 0.314 
 178 V H   0.728 0.000 0.001 0.001 0.010 0.010 0.002 0.250 
 179 A H   0.781 0.000 0.001 0.001 0.012 0.009 0.002 0.195 
 180 I H   0.822 0.000 0.001 0.001 0.014 0.009 0.001 0.152 
 181 S H   0.848 0.000 0.001 0.001 0.016 0.009 0.001 0.124 
 182 V H   0.863 0.000 0.001 0.001 0.017 0.009 0.001 0.108 
 183 I H   0.867 0.000 0.001 0.001 0.018 0.008 0.002 0.103 
 184 I H   0.860 0.000 0.001 0.001 0.019 0.009 0.002 0.108 
 185 I H   0.839 0.000 0.001 0.001 0.020 0.009 0.003 0.126 
 186 F H   0.805 0.000 0.001 0.001 0.021 0.010 0.004 0.158 
 187 Y H   0.750 0.000 0.002 0.002 0.021 0.011 0.005 0.210 
 188 C H   0.672 0.000 0.002 0.002 0.019 0.012 0.007 0.285 
 189 Y H   0.575 0.000 0.002 0.003 0.017 0.012 0.010 0.381 
 190 R _   0.466 0.000 0.001 0.003 0.014 0.013 0.014 0.489 
 191 V _   0.358 0.000 0.001 0.003 0.010 0.012 0.018 0.596 
 192 N _   0.263 0.000 0.001 0.004 0.008 0.012 0.023 0.690 
 193 R _   0.185 0.000 0.001 0.004 0.006 0.011 0.026 0.767 
 194 Q _   0.126 0.000 0.001 0.004 0.005 0.010 0.029 0.826 
 195 Q _   0.085 0.000 0.001 0.004 0.004 0.010 0.032 0.866 
 196 K _   0.057 0.001 0.000 0.004 0.003 0.009 0.033 0.892 
 197 L _   0.038 0.001 0.000 0.005 0.003 0.009 0.035 0.908 
 198 S _   0.027 0.002 0.000 0.006 0.003 0.009 0.036 0.917 
 199 S _   0.019 0.004 0.000 0.007 0.003 0.009 0.037 0.920 
 200 T _   0.015 0.006 0.000 0.008 0.003 0.010 0.038 0.921 
 201 W _   0.012 0.009 0.000 0.009 0.004 0.010 0.038 0.918 
 202 E _   0.010 0.012 0.000 0.010 0.004 0.010 0.038 0.915 
 203 T _   0.009 0.016 0.000 0.010 0.004 0.010 0.038 0.912 
 204 G _   0.008 0.020 0.000 0.011 0.004 0.011 0.038 0.908 
 205 K _   0.008 0.025 0.001 0.011 0.004 0.011 0.038 0.902 
 206 T _   0.008 0.030 0.001 0.011 0.004 0.012 0.038 0.896 
 207 R _   0.008 0.036 0.001 0.012 0.005 0.013 0.037 0.888 
 208 K _   0.009 0.044 0.001 0.013 0.006 0.014 0.037 0.876 
 209 L _   0.010 0.054 0.001 0.016 0.007 0.016 0.037 0.860 
 210 M _   0.010 0.067 0.001 0.020 0.008 0.017 0.036 0.840 
 211 E _   0.011 0.083 0.001 0.025 0.010 0.019 0.035 0.815 
 212 F _   0.012 0.099 0.001 0.032 0.012 0.020 0.035 0.790 
 213 S _   0.012 0.112 0.001 0.039 0.014 0.021 0.034 0.766 
 214 E _   0.013 0.122 0.001 0.046 0.014 0.021 0.034 0.748 
 215 H _   0.013 0.127 0.001 0.050 0.014 0.020 0.035 0.740 
 216 C _   0.013 0.127 0.001 0.050 0.014 0.019 0.035 0.740 
 217 A _   0.012 0.124 0.001 0.047 0.012 0.018 0.036 0.749 
 218 I _   0.012 0.115 0.001 0.040 0.011 0.016 0.037 0.768 
 219 I _   0.011 0.102 0.001 0.032 0.008 0.014 0.039 0.794 
 220 L _   0.010 0.084 0.001 0.023 0.006 0.012 0.040 0.823 
 221 E _   0.009 0.066 0.001 0.016 0.005 0.010 0.042 0.852 
 222 D _   0.008 0.051 0.000 0.011 0.003 0.009 0.043 0.875 
 223 D _   0.007 0.042 0.000 0.008 0.003 0.008 0.043 0.889 
 224 R _   0.006 0.037 0.000 0.007 0.002 0.008 0.044 0.896 
 225 S _   0.006 0.036 0.000 0.007 0.002 0.007 0.044 0.898 
 226 D _   0.006 0.036 0.000 0.008 0.003 0.008 0.044 0.897 
 227 I _   0.006 0.037 0.000 0.010 0.003 0.008 0.043 0.892 
 228 S _   0.006 0.039 0.000 0.013 0.004 0.009 0.043 0.887 
 229 S _   0.006 0.041 0.000 0.015 0.004 0.009 0.042 0.883 
 230 T _   0.006 0.043 0.001 0.016 0.004 0.009 0.041 0.880 
 231 C _   0.005 0.044 0.001 0.016 0.004 0.009 0.041 0.880 
 232 A _   0.005 0.044 0.001 0.015 0.004 0.009 0.041 0.881 
 233 N _   0.005 0.044 0.000 0.013 0.004 0.008 0.040 0.885 
 234 N _   0.005 0.043 0.000 0.011 0.003 0.008 0.040 0.888 
 235 I _   0.005 0.043 0.000 0.010 0.003 0.009 0.040 0.890 
 236 N _   0.005 0.043 0.000 0.009 0.003 0.009 0.040 0.890 
 237 H _   0.006 0.045 0.000 0.009 0.003 0.010 0.039 0.887 
 238 N _   0.007 0.047 0.000 0.010 0.004 0.011 0.039 0.882 
 239 T _   0.008 0.052 0.001 0.011 0.005 0.012 0.039 0.873 
 240 E _   0.009 0.057 0.001 0.014 0.006 0.014 0.038 0.862 
 241 L _   0.010 0.064 0.001 0.016 0.007 0.015 0.038 0.850 
 242 L _   0.010 0.071 0.001 0.019 0.007 0.016 0.037 0.839 
 243 P _   0.011 0.076 0.001 0.020 0.008 0.017 0.037 0.830 
 244 I _   0.011 0.080 0.001 0.020 0.008 0.018 0.037 0.825 
 245 E _   0.012 0.083 0.001 0.020 0.008 0.018 0.037 0.821 
 246 L _   0.012 0.085 0.001 0.018 0.008 0.018 0.037 0.820 
 247 D _   0.013 0.086 0.001 0.017 0.008 0.019 0.037 0.820 
 248 T _   0.013 0.087 0.001 0.016 0.008 0.019 0.037 0.819 
 249 L _   0.014 0.088 0.001 0.015 0.008 0.019 0.037 0.817 
 250 V _   0.015 0.090 0.001 0.016 0.008 0.020 0.038 0.813 
 251 G _   0.015 0.092 0.001 0.017 0.009 0.020 0.038 0.807 
 252 K _   0.016 0.095 0.001 0.019 0.010 0.021 0.038 0.799 
 253 G _   0.017 0.099 0.001 0.022 0.011 0.021 0.039 0.791 
 254 R _   0.017 0.102 0.001 0.026 0.011 0.021 0.039 0.784 
 255 F _   0.016 0.103 0.001 0.029 0.011 0.020 0.040 0.780 
 256 A _   0.016 0.102 0.001 0.031 0.011 0.019 0.041 0.779 
 257 E _   0.015 0.099 0.001 0.031 0.011 0.018 0.042 0.784 
 258 V _   0.014 0.092 0.001 0.029 0.010 0.017 0.044 0.794 
 259 Y _   0.013 0.083 0.001 0.025 0.008 0.015 0.045 0.810 
 260 K _   0.011 0.070 0.001 0.021 0.007 0.013 0.047 0.830 
 261 A _   0.010 0.055 0.001 0.016 0.005 0.012 0.049 0.852 
 262 K _   0.010 0.041 0.001 0.011 0.004 0.010 0.051 0.872 
 263 L _   0.008 0.030 0.000 0.008 0.003 0.009 0.052 0.889 
 264 K _   0.008 0.022 0.000 0.005 0.002 0.009 0.053 0.900 
 265 Q _   0.007 0.019 0.000 0.004 0.002 0.009 0.054 0.905 
 266 N _   0.008 0.017 0.000 0.004 0.002 0.010 0.054 0.905 
 267 T _   0.009 0.018 0.000 0.004 0.003 0.012 0.054 0.901 
 268 S _   0.011 0.020 0.000 0.006 0.004 0.015 0.053 0.890 
 269 E _   0.014 0.027 0.001 0.009 0.006 0.019 0.052 0.872 
 270 Q _   0.017 0.041 0.001 0.014 0.009 0.023 0.051 0.844 
 271 F _   0.020 0.063 0.001 0.021 0.013 0.028 0.050 0.804 
 272 E _   0.022 0.090 0.002 0.030 0.018 0.031 0.048 0.760 
 273 T _   0.024 0.116 0.002 0.038 0.021 0.033 0.047 0.719 
 274 V _   0.025 0.137 0.002 0.045 0.024 0.035 0.046 0.688 
 275 A _   0.026 0.151 0.002 0.050 0.025 0.035 0.045 0.667 
 276 V _   0.026 0.159 0.002 0.053 0.025 0.034 0.045 0.657 
 277 K _   0.025 0.161 0.002 0.052 0.024 0.033 0.045 0.658 
 278 I _   0.024 0.159 0.002 0.049 0.022 0.031 0.046 0.668 
 279 F _   0.023 0.152 0.002 0.044 0.019 0.028 0.047 0.685 
 280 P _   0.021 0.141 0.001 0.038 0.017 0.026 0.048 0.709 
 281 Y _   0.019 0.126 0.001 0.031 0.014 0.023 0.050 0.737 
 282 E _   0.017 0.108 0.001 0.025 0.011 0.020 0.052 0.765 
 283 E _   0.016 0.091 0.001 0.020 0.009 0.018 0.053 0.792 
 284 Y _   0.014 0.076 0.001 0.016 0.007 0.016 0.055 0.815 
 285 A _   0.012 0.064 0.001 0.013 0.006 0.014 0.056 0.833 
 286 S _   0.011 0.055 0.001 0.012 0.005 0.013 0.058 0.846 
 287 W _   0.010 0.049 0.001 0.011 0.004 0.012 0.058 0.855 
 288 K _   0.009 0.044 0.001 0.011 0.004 0.011 0.059 0.862 
 289 T _   0.008 0.040 0.000 0.010 0.004 0.010 0.060 0.867 
 290 E _   0.008 0.037 0.000 0.010 0.004 0.010 0.060 0.871 
 291 K _   0.007 0.034 0.000 0.010 0.004 0.009 0.061 0.874 
 292 D _   0.007 0.031 0.000 0.010 0.004 0.009 0.061 0.878 
 293 I _   0.007 0.029 0.000 0.009 0.003 0.009 0.062 0.881 
 294 F _   0.007 0.027 0.000 0.008 0.003 0.009 0.062 0.884 
 295 S _   0.007 0.025 0.000 0.007 0.003 0.009 0.062 0.886 
 296 D _   0.007 0.024 0.000 0.007 0.003 0.010 0.062 0.887 
 297 I _   0.008 0.024 0.000 0.007 0.003 0.011 0.062 0.885 
 298 N _   0.009 0.025 0.000 0.007 0.004 0.012 0.062 0.881 
 299 L _   0.011 0.028 0.000 0.008 0.005 0.014 0.061 0.872 
 300 K _   0.012 0.033 0.001 0.011 0.006 0.017 0.061 0.859 
 301 H _   0.015 0.041 0.001 0.015 0.009 0.020 0.060 0.840 
 302 E _   0.017 0.051 0.001 0.022 0.011 0.023 0.059 0.815 
 303 N _   0.019 0.063 0.001 0.030 0.014 0.025 0.058 0.788 
 304 I _   0.021 0.074 0.001 0.039 0.016 0.027 0.058 0.765 
 305 L _   0.021 0.081 0.001 0.046 0.018 0.027 0.058 0.748 
 306 Q _   0.021 0.083 0.001 0.049 0.018 0.026 0.058 0.743 
 307 F _   0.021 0.082 0.001 0.049 0.016 0.025 0.059 0.747 
 308 L _   0.019 0.077 0.001 0.044 0.014 0.022 0.060 0.762 
 309 T _   0.017 0.067 0.001 0.036 0.012 0.020 0.062 0.786 
 310 A _   0.015 0.052 0.001 0.026 0.009 0.017 0.063 0.816 
 311 E _   0.014 0.034 0.001 0.017 0.006 0.015 0.065 0.848 
 312 E _   0.012 0.019 0.001 0.010 0.004 0.013 0.066 0.875 
 313 R _   0.011 0.010 0.000 0.006 0.003 0.011 0.067 0.892 
 314 K _   0.010 0.005 0.000 0.003 0.002 0.011 0.067 0.900 
 315 T _   0.011 0.003 0.000 0.002 0.002 0.012 0.067 0.903 
 316 E _   0.013 0.003 0.000 0.002 0.002 0.014 0.067 0.899 
 317 L _   0.016 0.004 0.000 0.003 0.004 0.017 0.066 0.889 
 318 G _   0.021 0.007 0.001 0.006 0.006 0.022 0.065 0.871 
 319 K _   0.028 0.016 0.001 0.012 0.011 0.028 0.063 0.842 
 320 Q _   0.033 0.030 0.001 0.020 0.017 0.034 0.061 0.803 
 321 Y _   0.038 0.048 0.002 0.031 0.023 0.039 0.059 0.761 
 322 W _   0.041 0.064 0.002 0.042 0.027 0.041 0.058 0.725 
 323 L _   0.042 0.074 0.002 0.051 0.030 0.042 0.057 0.703 
 324 I _   0.042 0.079 0.002 0.055 0.030 0.041 0.056 0.695 
 325 T _   0.040 0.080 0.002 0.054 0.028 0.039 0.056 0.700 
 326 A _   0.038 0.076 0.002 0.049 0.025 0.036 0.057 0.718 
 327 F _   0.035 0.067 0.002 0.039 0.021 0.033 0.058 0.747 
 328 H _   0.031 0.053 0.001 0.028 0.016 0.029 0.059 0.783 
 329 A _   0.028 0.038 0.001 0.019 0.011 0.026 0.060 0.818 
 330 K _   0.025 0.024 0.001 0.011 0.008 0.023 0.060 0.847 
 331 G _   0.022 0.016 0.001 0.007 0.006 0.021 0.061 0.867 
 332 N _   0.020 0.013 0.000 0.005 0.005 0.020 0.061 0.876 
 333 L _   0.020 0.011 0.000 0.004 0.004 0.020 0.060 0.878 
 334 Q _   0.021 0.012 0.001 0.005 0.005 0.021 0.060 0.875 
 335 E _   0.022 0.014 0.001 0.007 0.007 0.023 0.060 0.867 
 336 Y _   0.023 0.018 0.001 0.010 0.009 0.025 0.059 0.855 
 337 L _   0.024 0.024 0.001 0.014 0.011 0.027 0.058 0.840 
 338 T _   0.025 0.032 0.001 0.019 0.013 0.028 0.058 0.825 
 339 R _   0.025 0.038 0.001 0.023 0.015 0.029 0.057 0.812 
 340 H _   0.025 0.044 0.001 0.026 0.015 0.029 0.057 0.803 
 341 V _   0.025 0.047 0.001 0.027 0.015 0.029 0.057 0.799 
 342 I _   0.024 0.049 0.001 0.026 0.015 0.028 0.057 0.800 
 343 S _   0.024 0.049 0.001 0.023 0.013 0.028 0.057 0.805 
 344 W _   0.023 0.047 0.001 0.020 0.012 0.027 0.057 0.812 
 345 E _   0.023 0.046 0.001 0.016 0.010 0.026 0.058 0.820 
 346 D _   0.023 0.044 0.001 0.013 0.009 0.025 0.059 0.827 
 347 L _   0.023 0.042 0.001 0.011 0.008 0.025 0.059 0.831 
 348 R _   0.023 0.042 0.001 0.009 0.008 0.025 0.059 0.832 
 349 K _   0.025 0.043 0.001 0.009 0.008 0.026 0.060 0.828 
 350 L _   0.026 0.047 0.001 0.011 0.010 0.028 0.060 0.818 
 351 G _   0.028 0.055 0.001 0.015 0.012 0.029 0.060 0.800 
 352 S _   0.030 0.065 0.001 0.021 0.015 0.031 0.060 0.778 
 353 S _   0.032 0.077 0.001 0.028 0.017 0.031 0.060 0.753 
 354 L _   0.032 0.088 0.002 0.037 0.019 0.031 0.061 0.730 
 355 A _   0.032 0.095 0.002 0.044 0.020 0.031 0.062 0.716 
 356 R _   0.031 0.098 0.001 0.047 0.020 0.029 0.063 0.711 
 357 G _   0.029 0.098 0.001 0.048 0.018 0.026 0.065 0.716 
 358 I _   0.026 0.093 0.001 0.044 0.015 0.023 0.068 0.730 
 359 A _   0.023 0.082 0.001 0.037 0.012 0.020 0.071 0.754 
 360 H _   0.020 0.067 0.001 0.028 0.009 0.016 0.074 0.784 
 361 L _   0.017 0.050 0.001 0.020 0.007 0.013 0.077 0.816 
 362 H _   0.014 0.033 0.001 0.013 0.005 0.011 0.080 0.844 
 363 S _   0.011 0.020 0.000 0.008 0.003 0.009 0.082 0.866 
 364 D _   0.009 0.013 0.000 0.005 0.002 0.007 0.084 0.880 
 365 H _   0.007 0.010 0.000 0.004 0.002 0.006 0.085 0.887 
 366 T _   0.006 0.008 0.000 0.003 0.001 0.006 0.085 0.890 
 367 P _   0.006 0.008 0.000 0.004 0.002 0.006 0.085 0.890 
 368 C _   0.006 0.010 0.000 0.005 0.002 0.007 0.084 0.887 
 369 G _   0.006 0.013 0.000 0.007 0.003 0.008 0.083 0.881 
 370 R _   0.006 0.018 0.000 0.011 0.004 0.009 0.081 0.870 
 371 P _   0.007 0.026 0.001 0.015 0.005 0.011 0.079 0.857 
 372 K _   0.007 0.035 0.001 0.020 0.006 0.012 0.077 0.842 
 373 M _   0.007 0.043 0.001 0.025 0.007 0.012 0.075 0.830 
 374 P _   0.007 0.050 0.001 0.027 0.007 0.013 0.074 0.822 
 375 I _   0.007 0.054 0.001 0.028 0.007 0.013 0.072 0.819 
 376 V _   0.006 0.056 0.001 0.027 0.007 0.012 0.072 0.819 
 377 H _   0.006 0.057 0.001 0.024 0.006 0.012 0.071 0.823 
 378 R _   0.006 0.056 0.001 0.021 0.006 0.011 0.071 0.829 
 379 D _   0.006 0.055 0.001 0.017 0.005 0.011 0.071 0.836 
 380 L _   0.006 0.053 0.001 0.014 0.004 0.010 0.070 0.842 
 381 K _   0.006 0.051 0.000 0.012 0.004 0.010 0.070 0.847 
 382 S _   0.006 0.050 0.000 0.010 0.004 0.010 0.070 0.850 
 383 S _   0.006 0.050 0.000 0.009 0.003 0.011 0.070 0.850 
 384 N _   0.007 0.051 0.000 0.008 0.004 0.012 0.069 0.848 
 385 I _   0.008 0.054 0.000 0.009 0.004 0.014 0.069 0.843 
 386 L _   0.009 0.058 0.001 0.009 0.005 0.016 0.068 0.835 
 387 V _   0.011 0.065 0.001 0.010 0.006 0.018 0.066 0.822 
 388 K _   0.014 0.075 0.001 0.012 0.008 0.022 0.065 0.804 
 389 N _   0.016 0.089 0.001 0.015 0.011 0.025 0.063 0.780 
 390 D _   0.019 0.107 0.001 0.018 0.014 0.029 0.061 0.750 
 391 L _   0.022 0.129 0.001 0.023 0.018 0.033 0.059 0.714 
 392 T _   0.025 0.152 0.002 0.028 0.021 0.035 0.058 0.679 
 393 C _   0.028 0.173 0.002 0.032 0.024 0.037 0.056 0.647 
 394 C _   0.029 0.191 0.002 0.037 0.026 0.038 0.056 0.622 
 395 L _   0.031 0.204 0.002 0.041 0.026 0.037 0.055 0.605 
 396 C _   0.032 0.211 0.002 0.043 0.026 0.036 0.055 0.596 
 397 D _   0.031 0.214 0.002 0.043 0.025 0.035 0.055 0.596 
 398 F _   0.031 0.212 0.002 0.042 0.023 0.032 0.056 0.603 
 399 G _   0.030 0.205 0.002 0.039 0.021 0.030 0.057 0.617 
 400 L _   0.028 0.194 0.001 0.035 0.018 0.028 0.059 0.637 
 401 S _   0.026 0.177 0.001 0.031 0.016 0.025 0.061 0.663 
 402 L _   0.024 0.157 0.001 0.027 0.013 0.022 0.064 0.691 
 403 R _   0.021 0.135 0.001 0.023 0.011 0.020 0.066 0.723 
 404 L _   0.019 0.112 0.001 0.020 0.009 0.017 0.069 0.754 
 405 D _   0.016 0.091 0.001 0.017 0.007 0.015 0.071 0.782 
 406 P _   0.014 0.073 0.001 0.014 0.006 0.013 0.074 0.807 
 407 T _   0.012 0.058 0.001 0.012 0.004 0.011 0.076 0.827 
 408 L _   0.010 0.046 0.000 0.010 0.004 0.010 0.077 0.844 
 409 S _   0.008 0.038 0.000 0.008 0.003 0.008 0.078 0.857 
 410 V _   0.007 0.032 0.000 0.006 0.002 0.008 0.079 0.865 
 411 D _   0.006 0.028 0.000 0.006 0.002 0.007 0.079 0.871 
 412 D _   0.006 0.027 0.000 0.005 0.002 0.007 0.079 0.875 
 413 L _   0.006 0.026 0.000 0.005 0.002 0.007 0.078 0.876 
 414 A _   0.006 0.027 0.000 0.005 0.002 0.008 0.077 0.874 
 415 N _   0.006 0.029 0.000 0.006 0.003 0.009 0.076 0.870 
 416 S _   0.007 0.034 0.000 0.008 0.003 0.010 0.075 0.863 
 417 G _   0.007 0.042 0.001 0.010 0.004 0.012 0.073 0.851 
 418 Q _   0.008 0.053 0.001 0.013 0.006 0.014 0.071 0.834 
 419 V _   0.010 0.068 0.001 0.017 0.007 0.017 0.068 0.813 
 420 G _   0.011 0.084 0.001 0.021 0.009 0.019 0.065 0.789 
 421 T _   0.012 0.101 0.001 0.026 0.011 0.021 0.063 0.766 
 422 A _   0.012 0.116 0.001 0.030 0.013 0.023 0.061 0.744 
 423 R _   0.013 0.128 0.001 0.033 0.014 0.024 0.059 0.728 
 424 Y _   0.013 0.137 0.001 0.035 0.015 0.024 0.058 0.716 
 425 M _   0.014 0.143 0.001 0.037 0.015 0.025 0.057 0.708 
 426 A _   0.014 0.146 0.001 0.037 0.015 0.025 0.056 0.706 
 427 P _   0.014 0.146 0.001 0.037 0.014 0.024 0.056 0.708 
 428 E _   0.014 0.144 0.001 0.035 0.014 0.023 0.056 0.714 
 429 V _   0.014 0.139 0.001 0.032 0.013 0.022 0.056 0.723 
 430 L _   0.014 0.131 0.001 0.029 0.012 0.021 0.057 0.735 
 431 E _   0.014 0.121 0.001 0.026 0.011 0.020 0.058 0.750 
 432 S _   0.013 0.108 0.001 0.024 0.010 0.019 0.059 0.766 
 433 R _   0.013 0.094 0.001 0.021 0.009 0.018 0.060 0.784 
 434 M _   0.013 0.080 0.001 0.019 0.008 0.017 0.061 0.801 
 435 N _   0.013 0.066 0.001 0.017 0.008 0.017 0.063 0.816 
 436 L _   0.014 0.052 0.001 0.015 0.007 0.016 0.064 0.831 
 437 E _   0.015 0.039 0.001 0.013 0.006 0.016 0.065 0.844 
 438 N _   0.017 0.028 0.001 0.011 0.006 0.016 0.067 0.855 
 439 V _   0.020 0.018 0.001 0.009 0.005 0.016 0.068 0.863 
 440 E _   0.024 0.011 0.001 0.007 0.005 0.016 0.068 0.868 
 441 S _   0.032 0.005 0.001 0.006 0.004 0.017 0.069 0.867 
 442 F _   0.043 0.002 0.001 0.004 0.004 0.018 0.069 0.859 
 443 K _   0.060 0.001 0.001 0.003 0.005 0.021 0.069 0.842 
 444 Q _   0.085 0.000 0.001 0.003 0.006 0.024 0.068 0.813 
 445 T _   0.121 0.000 0.001 0.002 0.008 0.030 0.068 0.770 
 446 D _   0.168 0.000 0.001 0.003 0.013 0.036 0.067 0.711 
 447 V _   0.223 0.000 0.001 0.003 0.021 0.044 0.066 0.640 
 448 Y _   0.280 0.001 0.002 0.005 0.032 0.051 0.066 0.563 
 449 S _   0.328 0.002 0.002 0.007 0.044 0.057 0.067 0.493 
 450 M _   0.365 0.005 0.003 0.011 0.054 0.060 0.069 0.434 
 451 A _   0.389 0.008 0.003 0.016 0.060 0.061 0.071 0.393 
 452 L H   0.397 0.010 0.003 0.020 0.063 0.059 0.075 0.373 
 453 V H   0.393 0.011 0.003 0.022 0.062 0.056 0.080 0.373 
 454 L _   0.376 0.011 0.003 0.022 0.057 0.052 0.087 0.393 
 455 W _   0.347 0.010 0.003 0.020 0.049 0.046 0.094 0.432 
 456 E _   0.306 0.008 0.003 0.016 0.039 0.040 0.103 0.486 
 457 M _   0.256 0.005 0.002 0.012 0.029 0.034 0.113 0.549 
 458 T _   0.205 0.003 0.002 0.009 0.019 0.028 0.122 0.612 
 459 S _   0.157 0.002 0.001 0.007 0.013 0.023 0.132 0.665 
 460 R _   0.116 0.001 0.001 0.006 0.008 0.019 0.140 0.708 
 461 C _   0.083 0.001 0.001 0.006 0.006 0.016 0.148 0.739 
 462 N _   0.060 0.001 0.001 0.006 0.005 0.014 0.155 0.759 
 463 A _   0.043 0.001 0.001 0.007 0.004 0.012 0.161 0.772 
 464 V _   0.031 0.001 0.000 0.007 0.004 0.011 0.166 0.780 
 465 G _   0.023 0.001 0.000 0.008 0.003 0.009 0.170 0.785 
 466 E _   0.017 0.001 0.000 0.008 0.003 0.008 0.174 0.788 
 467 V _   0.013 0.002 0.000 0.007 0.003 0.008 0.177 0.790 
 468 K _   0.010 0.002 0.000 0.006 0.002 0.007 0.180 0.792 
 469 D _   0.008 0.002 0.000 0.006 0.002 0.006 0.183 0.794 
 470 Y _   0.007 0.002 0.000 0.005 0.002 0.006 0.184 0.794 
 471 E _   0.006 0.002 0.000 0.005 0.002 0.006 0.186 0.794 
 472 P _   0.005 0.003 0.000 0.004 0.002 0.006 0.186 0.793 
 473 P _   0.005 0.004 0.000 0.005 0.002 0.006 0.187 0.791 
 474 F _   0.005 0.006 0.000 0.006 0.002 0.007 0.187 0.787 
 475 G _   0.005 0.010 0.000 0.007 0.003 0.008 0.186 0.781 
 476 S _   0.006 0.015 0.000 0.010 0.003 0.009 0.185 0.771 
 477 K _   0.006 0.023 0.001 0.013 0.004 0.010 0.184 0.758 
 478 V _   0.006 0.034 0.001 0.018 0.006 0.012 0.183 0.741 
 479 R _   0.007 0.045 0.001 0.024 0.007 0.013 0.181 0.723 
 480 E _   0.007 0.054 0.001 0.029 0.008 0.014 0.180 0.707 
 481 H _   0.007 0.062 0.001 0.034 0.009 0.014 0.180 0.693 
 482 P _   0.007 0.068 0.001 0.037 0.009 0.015 0.180 0.683 
 483 C _   0.007 0.071 0.001 0.039 0.009 0.014 0.182 0.676 
 484 V _   0.007 0.071 0.001 0.039 0.009 0.014 0.184 0.674 
 485 E _   0.007 0.069 0.001 0.037 0.009 0.013 0.187 0.677 
 486 S _   0.007 0.064 0.001 0.033 0.008 0.012 0.191 0.684 
 487 M _   0.007 0.057 0.001 0.028 0.007 0.011 0.196 0.694 
 488 K _   0.006 0.048 0.001 0.022 0.006 0.010 0.201 0.706 
 489 D _   0.006 0.037 0.001 0.017 0.004 0.009 0.206 0.720 
 490 N _   0.006 0.028 0.000 0.013 0.003 0.008 0.211 0.731 
 491 V _   0.005 0.020 0.000 0.009 0.003 0.007 0.215 0.740 
 492 L _   0.005 0.014 0.000 0.007 0.002 0.007 0.219 0.746 
 493 R _   0.005 0.010 0.000 0.006 0.002 0.007 0.221 0.749 
 494 D _   0.005 0.007 0.000 0.005 0.002 0.007 0.224 0.750 
 495 R _   0.005 0.006 0.000 0.005 0.002 0.007 0.226 0.749 
 496 G _   0.005 0.005 0.000 0.005 0.002 0.008 0.227 0.747 
 497 R _   0.005 0.005 0.000 0.006 0.003 0.010 0.228 0.743 
 498 P _   0.006 0.005 0.000 0.007 0.003 0.012 0.229 0.737 
 499 E _   0.008 0.005 0.000 0.008 0.004 0.015 0.230 0.730 
 500 I _   0.010 0.005 0.001 0.009 0.005 0.018 0.230 0.721 
 501 P _   0.013 0.006 0.001 0.010 0.006 0.022 0.231 0.711 
 502 S _   0.018 0.006 0.001 0.010 0.007 0.026 0.232 0.699 
 503 F _   0.025 0.007 0.001 0.010 0.009 0.031 0.232 0.684 
 504 W _   0.034 0.008 0.001 0.010 0.012 0.037 0.233 0.665 
 505 L _   0.047 0.009 0.001 0.010 0.016 0.044 0.234 0.640 
 506 N _   0.063 0.010 0.001 0.010 0.022 0.051 0.235 0.608 
 507 H _   0.081 0.013 0.002 0.011 0.030 0.058 0.236 0.570 
 508 Q _   0.101 0.018 0.002 0.012 0.040 0.064 0.238 0.526 
 509 G _   0.120 0.025 0.002 0.016 0.050 0.069 0.241 0.478 
 510 I _   0.135 0.035 0.003 0.021 0.058 0.072 0.245 0.432 
 511 Q _   0.144 0.046 0.003 0.028 0.063 0.071 0.252 0.393 
 512 M _   0.146 0.055 0.003 0.036 0.065 0.068 0.260 0.367 
 513 V _   0.143 0.060 0.003 0.042 0.062 0.064 0.271 0.354 
 514 C _   0.134 0.062 0.003 0.046 0.057 0.058 0.285 0.356 
 515 E _   0.120 0.061 0.003 0.046 0.049 0.050 0.301 0.370 
 516 T _   0.102 0.055 0.003 0.041 0.038 0.042 0.321 0.398 
 517 L _   0.082 0.045 0.002 0.033 0.028 0.034 0.342 0.435 
 518 T _   0.063 0.031 0.002 0.023 0.017 0.026 0.363 0.476 
 519 E _   0.045 0.017 0.001 0.013 0.010 0.019 0.382 0.513 
 520 C _   0.030 0.007 0.001 0.007 0.005 0.014 0.396 0.539 
 521 W _   0.020 0.003 0.000 0.003 0.003 0.010 0.406 0.554 
 522 D _   0.013 0.001 0.000 0.002 0.002 0.008 0.414 0.560 
 523 H _   0.009 0.001 0.000 0.001 0.001 0.008 0.419 0.560 
 524 D _   0.008 0.001 0.000 0.001 0.001 0.008 0.424 0.556 
 525 P _   0.009 0.001 0.000 0.002 0.002 0.010 0.427 0.548 
 526 E _   0.011 0.004 0.000 0.003 0.003 0.014 0.430 0.534 
 527 A _   0.014 0.012 0.001 0.007 0.006 0.019 0.433 0.508 
 528 R _   0.018 0.034 0.001 0.013 0.011 0.024 0.434 0.464 
 529 L X   0.020 0.070 0.002 0.023 0.017 0.029 0.435 0.405 
 530 T X   0.021 0.112 0.002 0.033 0.022 0.032 0.437 0.342 
 531 A X   0.020 0.147 0.002 0.043 0.025 0.033 0.440 0.290 
 532 Q X   0.020 0.170 0.002 0.049 0.026 0.033 0.445 0.255 
 533 C X   0.019 0.182 0.002 0.053 0.027 0.032 0.452 0.233 
 534 V X   0.019 0.187 0.002 0.054 0.026 0.031 0.462 0.219 
 535 A X   0.018 0.187 0.002 0.052 0.025 0.030 0.474 0.212 
 536 E X   0.017 0.183 0.002 0.048 0.023 0.028 0.490 0.211 
 537 R X   0.016 0.172 0.002 0.043 0.020 0.025 0.509 0.213 
 538 F X   0.015 0.156 0.002 0.037 0.018 0.023 0.532 0.219 
 539 S X   0.014 0.135 0.002 0.031 0.015 0.021 0.558 0.226 
 540 E X   0.013 0.111 0.001 0.025 0.012 0.018 0.587 0.232 
 541 L X   0.012 0.088 0.001 0.021 0.010 0.016 0.616 0.236 
 542 E X   0.010 0.068 0.001 0.017 0.008 0.014 0.645 0.236 
 543 H X   0.009 0.053 0.001 0.014 0.006 0.012 0.672 0.232 
 544 L X   0.008 0.041 0.001 0.012 0.005 0.011 0.697 0.225 
 545 D X   0.007 0.032 0.001 0.011 0.004 0.009 0.720 0.217 
 546 R X   0.006 0.025 0.000 0.009 0.003 0.008 0.741 0.208 
 547 L X   0.005 0.019 0.000 0.008 0.003 0.007 0.760 0.198 
 548 S X   0.004 0.015 0.000 0.007 0.002 0.006 0.778 0.188 
 549 G X   0.003 0.011 0.000 0.006 0.002 0.005 0.794 0.178 
 550 R X   0.003 0.008 0.000 0.006 0.002 0.004 0.808 0.169 
 551 S X   0.002 0.006 0.000 0.005 0.001 0.004 0.821 0.160 
 552 C X   0.002 0.005 0.000 0.004 0.001 0.003 0.832 0.152 
 553 S X   0.002 0.004 0.000 0.004 0.001 0.003 0.842 0.145 
 554 E X   0.002 0.003 0.000 0.003 0.001 0.002 0.851 0.137 
 555 E X   0.001 0.003 0.000 0.003 0.001 0.002 0.859 0.131 
 556 K X   0.001 0.002 0.000 0.003 0.001 0.002 0.865 0.125 
 557 I X   0.001 0.002 0.000 0.003 0.001 0.002 0.871 0.120 
 558 P X   0.001 0.002 0.000 0.003 0.001 0.002 0.877 0.115 
 559 E X   0.001 0.002 0.000 0.003 0.001 0.002 0.881 0.111 
 560 D X   0.001 0.002 0.000 0.003 0.001 0.002 0.884 0.108 
 561 G X   0.001 0.002 0.000 0.003 0.001 0.001 0.888 0.105 
 562 S X   0.001 0.002 0.000 0.003 0.001 0.001 0.891 0.103 
 563 L X   0.000 0.002 0.000 0.002 0.000 0.001 0.894 0.101 
 564 N X   0.000 0.001 0.000 0.002 0.000 0.000 0.895 0.101 
 565 T X   0.000 0.001 0.000 0.001 0.000 0.000 0.894 0.103 
 566 T X   0.000 0.001 0.000 0.002 0.000 0.000 0.890 0.106 
 567 K X   0.001 0.002 0.001 0.009 0.002 0.002 0.871 0.111 
