#TopoPred_TM8: 8-state transmembrane topology prediction results by no_profile mode 
#probabilities are in the order of H E C I L F X _, the 8 transmembrane topology types used in PDBTM 
   1 M X   0.015 0.002 0.002 0.061 0.010 0.011 0.692 0.207 
   2 G X   0.006 0.002 0.000 0.036 0.002 0.005 0.710 0.239 
   3 H X   0.001 0.002 0.000 0.019 0.001 0.003 0.713 0.261 
   4 Q X   0.001 0.003 0.000 0.013 0.001 0.003 0.708 0.272 
   5 E X   0.001 0.005 0.000 0.012 0.001 0.005 0.697 0.279 
   6 S X   0.002 0.010 0.000 0.013 0.002 0.007 0.680 0.286 
   7 P X   0.003 0.020 0.000 0.016 0.003 0.011 0.657 0.290 
   8 L X   0.005 0.041 0.001 0.022 0.005 0.014 0.621 0.291 
   9 A X   0.006 0.079 0.001 0.030 0.008 0.018 0.572 0.287 
  10 R X   0.006 0.139 0.002 0.039 0.011 0.020 0.510 0.273 
  11 A X   0.006 0.217 0.002 0.047 0.014 0.021 0.442 0.250 
  12 P X   0.005 0.303 0.002 0.051 0.015 0.021 0.378 0.224 
  13 A E   0.005 0.380 0.002 0.051 0.015 0.019 0.328 0.200 
  14 G E   0.004 0.442 0.002 0.047 0.014 0.018 0.292 0.182 
  15 G E   0.004 0.487 0.001 0.043 0.012 0.016 0.267 0.169 
  16 A E   0.004 0.520 0.001 0.039 0.011 0.015 0.249 0.161 
  17 A E   0.004 0.542 0.001 0.035 0.010 0.014 0.237 0.158 
  18 Y E   0.004 0.555 0.001 0.031 0.009 0.013 0.228 0.159 
  19 V E   0.004 0.563 0.001 0.028 0.008 0.013 0.221 0.163 
  20 K E   0.004 0.566 0.001 0.025 0.008 0.012 0.216 0.169 
  21 R E   0.004 0.566 0.001 0.023 0.007 0.011 0.211 0.176 
  22 L E   0.004 0.563 0.001 0.020 0.007 0.011 0.208 0.186 
  23 C E   0.005 0.558 0.001 0.019 0.006 0.011 0.206 0.195 
  24 K E   0.005 0.550 0.001 0.018 0.006 0.010 0.204 0.206 
  25 G E   0.005 0.540 0.001 0.017 0.006 0.010 0.202 0.218 
  26 L E   0.005 0.528 0.001 0.016 0.006 0.010 0.201 0.232 
  27 S E   0.006 0.513 0.001 0.016 0.006 0.010 0.201 0.247 
  28 W E   0.006 0.496 0.001 0.016 0.006 0.010 0.201 0.264 
  29 R E   0.006 0.477 0.001 0.016 0.006 0.009 0.202 0.284 
  30 E E   0.006 0.456 0.001 0.015 0.005 0.009 0.202 0.306 
  31 H E   0.006 0.433 0.001 0.015 0.005 0.009 0.204 0.328 
  32 V E   0.006 0.411 0.001 0.014 0.005 0.008 0.205 0.350 
  33 E E   0.006 0.390 0.001 0.013 0.004 0.008 0.207 0.371 
  34 S _   0.005 0.369 0.001 0.012 0.004 0.008 0.209 0.392 
  35 H _   0.005 0.351 0.001 0.011 0.004 0.008 0.211 0.410 
  36 G _   0.005 0.335 0.000 0.010 0.003 0.007 0.212 0.426 
  37 S _   0.005 0.322 0.000 0.010 0.003 0.007 0.214 0.439 
  38 L _   0.004 0.311 0.000 0.009 0.003 0.007 0.215 0.451 
  39 G _   0.004 0.303 0.000 0.008 0.002 0.007 0.216 0.460 
  40 A _   0.004 0.297 0.000 0.007 0.002 0.007 0.216 0.467 
  41 Q _   0.004 0.294 0.000 0.007 0.002 0.007 0.217 0.470 
  42 A _   0.004 0.294 0.000 0.007 0.002 0.007 0.216 0.470 
  43 S _   0.004 0.296 0.000 0.007 0.003 0.007 0.216 0.467 
  44 P _   0.004 0.302 0.000 0.009 0.003 0.008 0.215 0.459 
  45 A _   0.004 0.311 0.000 0.010 0.004 0.009 0.214 0.447 
  46 S _   0.005 0.323 0.001 0.013 0.005 0.010 0.213 0.432 
  47 A _   0.005 0.336 0.001 0.015 0.005 0.010 0.212 0.416 
  48 A _   0.005 0.349 0.001 0.017 0.006 0.011 0.211 0.400 
  49 A _   0.005 0.359 0.001 0.018 0.006 0.011 0.211 0.388 
  50 A _   0.005 0.367 0.001 0.019 0.006 0.012 0.212 0.379 
  51 E _   0.006 0.371 0.001 0.019 0.007 0.012 0.213 0.372 
  52 G E   0.006 0.373 0.001 0.019 0.007 0.012 0.215 0.367 
  53 S E   0.006 0.373 0.001 0.019 0.007 0.013 0.218 0.364 
  54 A E   0.007 0.371 0.001 0.019 0.007 0.013 0.221 0.362 
  55 T E   0.007 0.367 0.001 0.019 0.007 0.014 0.225 0.360 
  56 R E   0.008 0.363 0.001 0.019 0.008 0.014 0.230 0.358 
  57 R E   0.008 0.358 0.001 0.020 0.008 0.014 0.235 0.356 
  58 A _   0.009 0.351 0.001 0.021 0.008 0.014 0.242 0.354 
  59 R _   0.009 0.343 0.001 0.022 0.008 0.014 0.249 0.353 
  60 A _   0.009 0.333 0.001 0.024 0.008 0.014 0.258 0.353 
  61 A _   0.009 0.320 0.001 0.025 0.008 0.014 0.268 0.355 
  62 T _   0.009 0.303 0.001 0.026 0.008 0.013 0.279 0.360 
  63 S _   0.009 0.281 0.001 0.026 0.008 0.013 0.293 0.368 
  64 R _   0.009 0.255 0.001 0.026 0.008 0.013 0.309 0.378 
  65 A _   0.009 0.224 0.001 0.026 0.008 0.012 0.328 0.392 
  66 A _   0.009 0.190 0.001 0.024 0.007 0.012 0.349 0.408 
  67 R _   0.009 0.154 0.001 0.022 0.007 0.011 0.372 0.425 
  68 S _   0.009 0.120 0.001 0.019 0.006 0.010 0.395 0.441 
  69 R _   0.008 0.090 0.001 0.015 0.005 0.009 0.417 0.455 
  70 R _   0.008 0.066 0.001 0.012 0.004 0.008 0.436 0.466 
  71 Q _   0.007 0.049 0.000 0.009 0.003 0.007 0.452 0.473 
  72 P _   0.006 0.037 0.000 0.007 0.002 0.006 0.465 0.477 
  73 G _   0.005 0.030 0.000 0.006 0.002 0.005 0.474 0.479 
  74 P X   0.004 0.025 0.000 0.004 0.001 0.004 0.481 0.479 
  75 G X   0.004 0.022 0.000 0.004 0.001 0.004 0.486 0.478 
  76 A X   0.004 0.021 0.000 0.003 0.001 0.004 0.490 0.477 
  77 D X   0.003 0.021 0.000 0.003 0.001 0.004 0.492 0.476 
  78 H X   0.003 0.021 0.000 0.004 0.001 0.004 0.493 0.474 
  79 P X   0.003 0.023 0.000 0.004 0.001 0.004 0.493 0.472 
  80 Q X   0.003 0.025 0.000 0.005 0.001 0.004 0.492 0.469 
  81 A X   0.003 0.029 0.000 0.005 0.001 0.005 0.490 0.466 
  82 G X   0.003 0.034 0.000 0.006 0.002 0.005 0.487 0.462 
  83 A X   0.003 0.041 0.000 0.008 0.002 0.006 0.483 0.457 
  84 P X   0.003 0.050 0.000 0.009 0.002 0.007 0.479 0.451 
  85 G X   0.003 0.060 0.000 0.010 0.003 0.007 0.473 0.443 
  86 G X   0.003 0.073 0.000 0.011 0.003 0.008 0.467 0.434 
  87 K X   0.003 0.089 0.000 0.013 0.003 0.009 0.460 0.423 
  88 R X   0.003 0.107 0.001 0.015 0.004 0.010 0.453 0.408 
  89 A X   0.004 0.128 0.001 0.017 0.005 0.010 0.445 0.390 
  90 A X   0.004 0.152 0.001 0.020 0.006 0.011 0.438 0.368 
  91 R X   0.004 0.177 0.001 0.024 0.007 0.012 0.431 0.344 
  92 K X   0.004 0.202 0.001 0.029 0.008 0.012 0.425 0.319 
  93 W X   0.004 0.224 0.001 0.033 0.008 0.013 0.421 0.296 
  94 R X   0.004 0.239 0.001 0.038 0.009 0.013 0.418 0.279 
  95 C X   0.004 0.248 0.001 0.042 0.009 0.012 0.417 0.266 
  96 A X   0.005 0.252 0.001 0.044 0.009 0.012 0.418 0.258 
  97 G X   0.005 0.252 0.001 0.045 0.009 0.012 0.421 0.256 
  98 Q X   0.005 0.246 0.001 0.043 0.009 0.011 0.426 0.260 
  99 V X   0.005 0.233 0.001 0.040 0.008 0.010 0.433 0.270 
 100 T X   0.006 0.209 0.001 0.034 0.008 0.010 0.443 0.289 
 101 I X   0.006 0.174 0.001 0.028 0.007 0.009 0.457 0.317 
 102 Q X   0.007 0.132 0.001 0.022 0.006 0.009 0.474 0.350 
 103 G X   0.007 0.090 0.001 0.016 0.005 0.008 0.491 0.383 
 104 P X   0.006 0.059 0.001 0.011 0.003 0.007 0.506 0.408 
 105 A X   0.006 0.038 0.000 0.007 0.002 0.006 0.517 0.423 
 106 P X   0.005 0.026 0.000 0.005 0.002 0.005 0.525 0.431 
 107 P X   0.004 0.020 0.000 0.004 0.001 0.004 0.530 0.436 
 108 R X   0.004 0.016 0.000 0.003 0.001 0.004 0.534 0.438 
 109 P X   0.003 0.015 0.000 0.003 0.001 0.004 0.535 0.439 
 110 R X   0.003 0.014 0.000 0.003 0.001 0.004 0.536 0.440 
 111 A X   0.003 0.014 0.000 0.003 0.001 0.004 0.535 0.441 
 112 G X   0.003 0.014 0.000 0.004 0.001 0.004 0.533 0.442 
 113 R X   0.002 0.015 0.000 0.004 0.001 0.004 0.530 0.444 
 114 R X   0.002 0.017 0.000 0.005 0.001 0.004 0.525 0.445 
 115 D X   0.002 0.019 0.000 0.006 0.002 0.005 0.520 0.446 
 116 E X   0.002 0.023 0.000 0.008 0.002 0.006 0.514 0.444 
 117 A X   0.002 0.029 0.000 0.011 0.002 0.006 0.507 0.441 
 118 G X   0.003 0.035 0.000 0.015 0.003 0.007 0.500 0.436 
 119 G X   0.003 0.042 0.000 0.019 0.004 0.008 0.494 0.430 
 120 A X   0.003 0.048 0.001 0.023 0.005 0.009 0.488 0.424 
 121 R X   0.003 0.053 0.001 0.026 0.005 0.009 0.483 0.420 
 122 A X   0.003 0.056 0.001 0.027 0.005 0.009 0.480 0.419 
 123 A X   0.004 0.057 0.001 0.027 0.005 0.009 0.478 0.420 
 124 P X   0.004 0.056 0.001 0.025 0.005 0.008 0.478 0.424 
 125 L X   0.004 0.053 0.001 0.022 0.004 0.008 0.478 0.430 
 126 L X   0.004 0.048 0.000 0.018 0.004 0.007 0.480 0.438 
 127 L X   0.004 0.043 0.000 0.015 0.003 0.007 0.482 0.447 
 128 P X   0.004 0.037 0.000 0.012 0.003 0.006 0.484 0.454 
 129 P X   0.004 0.031 0.000 0.010 0.003 0.006 0.486 0.460 
 130 P X   0.004 0.027 0.000 0.008 0.002 0.006 0.489 0.464 
 131 P X   0.004 0.023 0.000 0.007 0.002 0.006 0.491 0.467 
 132 A X   0.004 0.020 0.000 0.007 0.002 0.005 0.492 0.468 
 133 A X   0.004 0.018 0.000 0.007 0.002 0.005 0.493 0.469 
 134 M X   0.004 0.016 0.000 0.007 0.002 0.005 0.494 0.471 
 135 E X   0.004 0.015 0.000 0.007 0.002 0.005 0.494 0.473 
 136 T X   0.004 0.013 0.000 0.007 0.002 0.005 0.494 0.475 
 137 G X   0.004 0.011 0.000 0.007 0.002 0.005 0.494 0.478 
 138 K X   0.004 0.010 0.000 0.006 0.002 0.005 0.493 0.481 
 139 D X   0.003 0.009 0.000 0.006 0.002 0.004 0.492 0.484 
 140 G X   0.003 0.008 0.000 0.006 0.001 0.004 0.490 0.487 
 141 A _   0.003 0.007 0.000 0.005 0.001 0.004 0.488 0.490 
 142 R _   0.003 0.006 0.000 0.005 0.001 0.004 0.486 0.493 
 143 R _   0.003 0.006 0.000 0.005 0.001 0.004 0.483 0.497 
 144 G _   0.003 0.006 0.000 0.006 0.001 0.004 0.479 0.500 
 145 T _   0.003 0.005 0.000 0.006 0.002 0.004 0.475 0.504 
 146 Q _   0.003 0.005 0.000 0.006 0.002 0.004 0.471 0.509 
 147 S _   0.003 0.005 0.000 0.006 0.002 0.005 0.465 0.514 
 148 P _   0.003 0.005 0.000 0.006 0.002 0.005 0.459 0.520 
 149 E _   0.003 0.006 0.000 0.006 0.002 0.005 0.453 0.526 
 150 R _   0.003 0.006 0.000 0.006 0.002 0.005 0.446 0.532 
 151 K _   0.003 0.007 0.000 0.006 0.002 0.005 0.438 0.538 
 152 R _   0.003 0.008 0.000 0.007 0.002 0.005 0.430 0.544 
 153 R _   0.003 0.009 0.000 0.008 0.002 0.006 0.422 0.550 
 154 S _   0.003 0.011 0.000 0.008 0.002 0.006 0.413 0.555 
 155 P _   0.004 0.013 0.000 0.009 0.003 0.006 0.404 0.561 
 156 V _   0.004 0.015 0.000 0.010 0.003 0.007 0.394 0.568 
 157 P _   0.004 0.017 0.000 0.010 0.003 0.007 0.385 0.575 
 158 R _   0.004 0.020 0.000 0.010 0.003 0.007 0.374 0.582 
 159 A _   0.004 0.023 0.000 0.010 0.003 0.008 0.364 0.589 
 160 P _   0.004 0.026 0.000 0.010 0.003 0.008 0.353 0.595 
 161 S _   0.004 0.031 0.000 0.011 0.003 0.009 0.341 0.600 
 162 T _   0.004 0.036 0.001 0.013 0.004 0.010 0.329 0.604 
 163 K _   0.005 0.044 0.001 0.015 0.005 0.010 0.317 0.604 
 164 L _   0.005 0.052 0.001 0.018 0.006 0.011 0.304 0.603 
 165 R _   0.005 0.062 0.001 0.021 0.006 0.012 0.292 0.601 
 166 P _   0.006 0.071 0.001 0.024 0.007 0.013 0.280 0.598 
 167 A _   0.006 0.078 0.001 0.027 0.007 0.013 0.270 0.598 
 168 A _   0.006 0.084 0.001 0.028 0.008 0.013 0.261 0.600 
 169 A _   0.006 0.087 0.001 0.028 0.007 0.013 0.253 0.605 
 170 A _   0.006 0.088 0.001 0.026 0.007 0.012 0.247 0.614 
 171 R _   0.006 0.087 0.001 0.023 0.006 0.011 0.241 0.625 
 172 A _   0.006 0.085 0.001 0.020 0.005 0.010 0.236 0.637 
 173 M _   0.006 0.081 0.001 0.016 0.005 0.010 0.232 0.650 
 174 D _   0.006 0.078 0.001 0.013 0.004 0.009 0.228 0.661 
 175 P _   0.006 0.076 0.000 0.011 0.004 0.009 0.224 0.670 
 176 V _   0.006 0.074 0.000 0.010 0.003 0.009 0.220 0.677 
 177 A _   0.006 0.073 0.000 0.010 0.003 0.009 0.216 0.682 
 178 A _   0.006 0.073 0.000 0.010 0.004 0.009 0.212 0.685 
 179 E _   0.007 0.074 0.000 0.011 0.004 0.010 0.208 0.686 
 180 A _   0.007 0.076 0.001 0.013 0.004 0.010 0.204 0.686 
 181 P _   0.007 0.078 0.001 0.015 0.005 0.010 0.199 0.685 
 182 G _   0.007 0.080 0.001 0.017 0.005 0.011 0.195 0.684 
 183 E _   0.007 0.082 0.001 0.020 0.005 0.011 0.191 0.683 
 184 A _   0.007 0.082 0.001 0.021 0.006 0.011 0.188 0.684 
 185 F _   0.007 0.082 0.001 0.022 0.006 0.011 0.185 0.687 
 186 L _   0.007 0.079 0.001 0.022 0.006 0.010 0.183 0.692 
 187 A _   0.007 0.076 0.001 0.021 0.005 0.010 0.181 0.700 
 188 R _   0.007 0.070 0.001 0.019 0.005 0.009 0.180 0.710 
 189 R _   0.006 0.064 0.001 0.016 0.004 0.008 0.178 0.722 
 190 R _   0.006 0.056 0.000 0.014 0.004 0.008 0.177 0.735 
 191 P _   0.006 0.049 0.000 0.011 0.003 0.007 0.176 0.748 
 192 E _   0.005 0.043 0.000 0.009 0.002 0.006 0.175 0.759 
 193 G _   0.005 0.038 0.000 0.007 0.002 0.006 0.173 0.769 
 194 G _   0.004 0.035 0.000 0.006 0.002 0.006 0.171 0.776 
 195 G _   0.004 0.033 0.000 0.005 0.002 0.006 0.168 0.781 
 196 G _   0.004 0.033 0.000 0.005 0.002 0.007 0.165 0.784 
 197 S _   0.005 0.035 0.000 0.006 0.002 0.008 0.160 0.784 
 198 A _   0.005 0.039 0.000 0.007 0.003 0.010 0.155 0.781 
 199 R _   0.006 0.046 0.001 0.010 0.004 0.012 0.149 0.772 
 200 P _   0.007 0.060 0.001 0.015 0.006 0.016 0.141 0.754 
 201 R _   0.009 0.081 0.001 0.022 0.009 0.019 0.133 0.727 
 202 Y _   0.010 0.107 0.001 0.030 0.012 0.022 0.124 0.695 
 203 S _   0.011 0.132 0.001 0.038 0.014 0.024 0.115 0.664 
 204 L _   0.011 0.152 0.001 0.045 0.016 0.026 0.108 0.640 
 205 L _   0.012 0.165 0.001 0.049 0.017 0.027 0.102 0.626 
 206 A _   0.012 0.173 0.001 0.051 0.018 0.027 0.097 0.621 
 207 E _   0.013 0.175 0.001 0.049 0.018 0.027 0.093 0.624 
 208 I _   0.013 0.172 0.001 0.044 0.017 0.027 0.090 0.635 
 209 G _   0.014 0.166 0.001 0.038 0.016 0.026 0.088 0.651 
 210 R _   0.015 0.155 0.001 0.032 0.015 0.025 0.086 0.671 
 211 G _   0.016 0.142 0.001 0.026 0.014 0.025 0.085 0.691 
 212 S _   0.017 0.129 0.001 0.021 0.012 0.025 0.084 0.711 
 213 Y _   0.017 0.118 0.001 0.018 0.011 0.024 0.083 0.727 
 214 G _   0.018 0.108 0.001 0.017 0.011 0.024 0.082 0.740 
 215 V _   0.018 0.101 0.001 0.016 0.010 0.024 0.082 0.749 
 216 V _   0.018 0.095 0.001 0.016 0.010 0.023 0.081 0.757 
 217 Y _   0.018 0.090 0.001 0.015 0.009 0.023 0.080 0.763 
 218 E _   0.018 0.085 0.001 0.015 0.009 0.022 0.080 0.770 
 219 A _   0.018 0.081 0.001 0.014 0.008 0.021 0.079 0.777 
 220 V _   0.017 0.077 0.001 0.014 0.008 0.021 0.079 0.784 
 221 A _   0.017 0.074 0.001 0.013 0.008 0.021 0.078 0.789 
 222 G _   0.016 0.071 0.001 0.013 0.008 0.020 0.077 0.793 
 223 R _   0.016 0.070 0.001 0.014 0.008 0.020 0.077 0.794 
 224 S _   0.016 0.069 0.001 0.016 0.009 0.021 0.076 0.792 
 225 G _   0.017 0.069 0.001 0.018 0.010 0.021 0.076 0.789 
 226 A _   0.017 0.068 0.001 0.022 0.011 0.021 0.075 0.785 
 227 R _   0.017 0.068 0.001 0.025 0.011 0.021 0.076 0.782 
 228 V _   0.017 0.065 0.001 0.027 0.011 0.020 0.076 0.783 
 229 A _   0.016 0.061 0.001 0.028 0.011 0.019 0.077 0.788 
 230 V _   0.016 0.055 0.001 0.026 0.009 0.017 0.078 0.799 
 231 K _   0.015 0.045 0.001 0.022 0.008 0.016 0.079 0.815 
 232 K _   0.014 0.033 0.001 0.017 0.006 0.014 0.080 0.836 
 233 I _   0.013 0.020 0.001 0.011 0.005 0.012 0.081 0.856 
 234 R _   0.013 0.010 0.000 0.007 0.003 0.011 0.082 0.873 
 235 C _   0.014 0.004 0.000 0.004 0.003 0.011 0.082 0.882 
 236 D _   0.016 0.001 0.000 0.003 0.002 0.012 0.082 0.884 
 237 A _   0.021 0.000 0.000 0.002 0.002 0.014 0.081 0.879 
 238 P _   0.032 0.000 0.000 0.002 0.003 0.018 0.080 0.864 
 239 E _   0.051 0.000 0.000 0.002 0.005 0.024 0.079 0.838 
 240 N _   0.079 0.001 0.001 0.003 0.009 0.034 0.077 0.797 
 241 V _   0.114 0.002 0.001 0.005 0.017 0.045 0.075 0.740 
 242 E _   0.150 0.006 0.002 0.009 0.029 0.057 0.073 0.675 
 243 L _   0.181 0.015 0.002 0.015 0.042 0.066 0.071 0.608 
 244 A _   0.205 0.025 0.003 0.023 0.053 0.072 0.069 0.550 
 245 L _   0.221 0.034 0.003 0.030 0.061 0.074 0.068 0.508 
 246 A _   0.229 0.040 0.003 0.036 0.064 0.074 0.068 0.486 
 247 E _   0.230 0.043 0.003 0.038 0.063 0.071 0.069 0.483 
 248 F _   0.222 0.042 0.003 0.038 0.058 0.065 0.071 0.501 
 249 W _   0.207 0.039 0.003 0.034 0.051 0.059 0.073 0.535 
 250 A _   0.185 0.032 0.003 0.028 0.041 0.051 0.076 0.584 
 251 L _   0.159 0.023 0.002 0.021 0.030 0.043 0.079 0.643 
 252 T _   0.132 0.014 0.002 0.014 0.020 0.035 0.082 0.702 
 253 S _   0.106 0.007 0.001 0.008 0.012 0.028 0.085 0.753 
 254 L _   0.082 0.003 0.001 0.005 0.008 0.023 0.087 0.793 
 255 K _   0.062 0.001 0.001 0.003 0.005 0.019 0.088 0.821 
 256 R _   0.048 0.001 0.000 0.003 0.004 0.016 0.089 0.840 
 257 R _   0.038 0.000 0.000 0.002 0.003 0.015 0.090 0.851 
 258 H _   0.032 0.001 0.000 0.002 0.003 0.015 0.090 0.857 
 259 Q _   0.029 0.001 0.000 0.003 0.004 0.016 0.090 0.857 
 260 N _   0.028 0.003 0.001 0.005 0.005 0.017 0.090 0.853 
 261 V _   0.027 0.006 0.001 0.008 0.006 0.019 0.090 0.844 
 262 V _   0.028 0.011 0.001 0.011 0.008 0.021 0.089 0.830 
 263 Q _   0.027 0.019 0.001 0.015 0.010 0.023 0.088 0.816 
 264 F _   0.027 0.026 0.001 0.020 0.012 0.024 0.088 0.803 
 265 E _   0.026 0.033 0.001 0.024 0.013 0.025 0.087 0.791 
 266 E _   0.025 0.039 0.001 0.026 0.014 0.025 0.087 0.783 
 267 C _   0.023 0.043 0.001 0.028 0.014 0.024 0.087 0.779 
 268 V _   0.022 0.045 0.001 0.029 0.013 0.024 0.088 0.778 
 269 L _   0.021 0.046 0.001 0.029 0.013 0.022 0.089 0.780 
 270 Q _   0.019 0.047 0.001 0.028 0.012 0.021 0.089 0.783 
 271 R _   0.018 0.046 0.001 0.027 0.011 0.020 0.091 0.787 
 272 N _   0.017 0.044 0.001 0.026 0.010 0.018 0.092 0.793 
 273 G _   0.016 0.040 0.001 0.024 0.009 0.016 0.094 0.800 
 274 L _   0.014 0.036 0.001 0.022 0.007 0.015 0.096 0.809 
 275 A _   0.013 0.030 0.001 0.019 0.006 0.013 0.098 0.820 
 276 Q _   0.011 0.024 0.001 0.015 0.005 0.011 0.100 0.833 
 277 R _   0.010 0.017 0.001 0.011 0.004 0.010 0.102 0.846 
 278 M _   0.009 0.011 0.000 0.008 0.003 0.008 0.104 0.857 
 279 S _   0.008 0.007 0.000 0.005 0.002 0.007 0.105 0.866 
 280 H _   0.007 0.004 0.000 0.003 0.002 0.007 0.105 0.872 
 281 G _   0.006 0.003 0.000 0.003 0.002 0.007 0.105 0.874 
 282 N _   0.007 0.003 0.000 0.003 0.002 0.008 0.104 0.872 
 283 K _   0.009 0.004 0.000 0.003 0.002 0.011 0.104 0.867 
 284 S _   0.012 0.006 0.000 0.005 0.004 0.014 0.102 0.856 
 285 S _   0.015 0.011 0.001 0.010 0.007 0.019 0.101 0.837 
 286 Q _   0.019 0.023 0.001 0.017 0.011 0.024 0.098 0.808 
 287 L _   0.021 0.037 0.001 0.028 0.015 0.028 0.096 0.774 
 288 Y _   0.023 0.051 0.001 0.038 0.018 0.031 0.094 0.744 
 289 L _   0.024 0.061 0.002 0.046 0.020 0.032 0.092 0.724 
 290 R _   0.024 0.065 0.002 0.050 0.021 0.032 0.091 0.716 
 291 L _   0.023 0.067 0.001 0.049 0.020 0.030 0.091 0.719 
 292 V _   0.022 0.064 0.001 0.044 0.019 0.029 0.091 0.730 
 293 E _   0.021 0.058 0.001 0.037 0.016 0.026 0.092 0.748 
 294 T _   0.019 0.049 0.001 0.029 0.013 0.024 0.093 0.772 
 295 S _   0.018 0.038 0.001 0.022 0.011 0.022 0.094 0.795 
 296 L _   0.017 0.028 0.001 0.016 0.008 0.020 0.095 0.815 
 297 K _   0.016 0.019 0.001 0.012 0.007 0.019 0.096 0.830 
 298 G _   0.016 0.013 0.001 0.010 0.006 0.018 0.097 0.840 
 299 E _   0.016 0.009 0.001 0.008 0.005 0.017 0.098 0.846 
 300 R _   0.017 0.006 0.001 0.007 0.005 0.017 0.099 0.849 
 301 I _   0.018 0.004 0.001 0.007 0.004 0.017 0.099 0.849 
 302 L _   0.021 0.003 0.001 0.006 0.004 0.018 0.099 0.848 
 303 G _   0.024 0.002 0.001 0.005 0.004 0.019 0.099 0.845 
 304 Y _   0.030 0.001 0.001 0.004 0.005 0.022 0.099 0.839 
 305 A _   0.038 0.001 0.001 0.004 0.005 0.025 0.098 0.828 
 306 E _   0.050 0.001 0.001 0.003 0.007 0.029 0.098 0.811 
 307 E _   0.067 0.001 0.001 0.004 0.010 0.036 0.097 0.785 
 308 P _   0.088 0.002 0.001 0.005 0.016 0.044 0.096 0.749 
 309 C _   0.111 0.006 0.001 0.007 0.026 0.052 0.095 0.703 
 310 Y _   0.133 0.014 0.002 0.012 0.037 0.060 0.094 0.648 
 311 L _   0.150 0.029 0.003 0.020 0.049 0.065 0.094 0.591 
 312 W _   0.160 0.047 0.003 0.031 0.056 0.067 0.094 0.542 
 313 F _   0.163 0.062 0.003 0.042 0.059 0.066 0.096 0.510 
 314 V _   0.158 0.070 0.003 0.050 0.058 0.062 0.099 0.499 
 315 M _   0.148 0.073 0.003 0.053 0.053 0.057 0.103 0.509 
 316 E _   0.134 0.072 0.003 0.050 0.046 0.051 0.108 0.537 
 317 F _   0.115 0.064 0.003 0.042 0.037 0.044 0.113 0.582 
 318 C _   0.096 0.052 0.002 0.031 0.027 0.037 0.119 0.636 
 319 E _   0.076 0.036 0.002 0.022 0.018 0.030 0.125 0.691 
 320 G _   0.058 0.022 0.001 0.014 0.012 0.024 0.131 0.739 
 321 G _   0.043 0.013 0.001 0.009 0.007 0.019 0.135 0.772 
 322 D _   0.032 0.008 0.001 0.007 0.005 0.016 0.139 0.793 
 323 L _   0.024 0.006 0.000 0.006 0.004 0.013 0.142 0.804 
 324 N _   0.019 0.005 0.000 0.007 0.003 0.012 0.145 0.809 
 325 Q _   0.015 0.004 0.000 0.007 0.003 0.010 0.147 0.812 
 326 Y _   0.013 0.004 0.000 0.008 0.003 0.010 0.149 0.813 
 327 V _   0.011 0.003 0.000 0.009 0.003 0.009 0.151 0.815 
 328 L _   0.009 0.003 0.000 0.009 0.003 0.008 0.152 0.816 
 329 S _   0.008 0.002 0.000 0.008 0.003 0.007 0.153 0.820 
 330 R _   0.007 0.001 0.000 0.006 0.002 0.006 0.153 0.823 
 331 R _   0.007 0.001 0.000 0.004 0.002 0.006 0.153 0.827 
 332 P _   0.006 0.000 0.000 0.003 0.001 0.006 0.152 0.830 
 333 D _   0.007 0.000 0.000 0.002 0.001 0.006 0.151 0.831 
 334 P _   0.011 0.000 0.000 0.002 0.001 0.008 0.149 0.829 
 335 A _   0.018 0.000 0.000 0.002 0.002 0.011 0.147 0.821 
 336 T _   0.034 0.000 0.000 0.002 0.003 0.016 0.143 0.802 
 337 N _   0.061 0.000 0.001 0.002 0.006 0.024 0.138 0.768 
 338 K _   0.101 0.000 0.001 0.004 0.012 0.036 0.132 0.714 
 339 S _   0.151 0.001 0.001 0.006 0.022 0.049 0.125 0.644 
 340 F _   0.205 0.004 0.002 0.009 0.036 0.061 0.118 0.565 
 341 M _   0.253 0.008 0.002 0.013 0.052 0.071 0.112 0.489 
 342 L _   0.291 0.013 0.003 0.018 0.065 0.077 0.108 0.426 
 343 Q _   0.319 0.018 0.003 0.022 0.073 0.079 0.105 0.382 
 344 L _   0.337 0.022 0.003 0.025 0.077 0.078 0.103 0.356 
 345 T _   0.344 0.023 0.003 0.026 0.077 0.074 0.102 0.349 
 346 S _   0.344 0.023 0.003 0.025 0.073 0.069 0.103 0.360 
 347 A _   0.334 0.021 0.003 0.023 0.066 0.063 0.104 0.386 
 348 I _   0.314 0.018 0.003 0.019 0.056 0.056 0.106 0.427 
 349 A _   0.284 0.014 0.002 0.016 0.044 0.049 0.109 0.481 
 350 F _   0.247 0.009 0.002 0.013 0.033 0.042 0.113 0.541 
 351 L _   0.205 0.006 0.002 0.010 0.023 0.035 0.117 0.602 
 352 H _   0.165 0.004 0.001 0.008 0.016 0.029 0.121 0.656 
 353 K _   0.127 0.002 0.001 0.008 0.011 0.024 0.124 0.704 
 354 N _   0.094 0.002 0.001 0.007 0.007 0.019 0.128 0.743 
 355 H _   0.068 0.001 0.001 0.006 0.005 0.016 0.130 0.773 
 356 I _   0.048 0.001 0.001 0.006 0.004 0.013 0.132 0.796 
 357 V _   0.034 0.001 0.000 0.005 0.003 0.011 0.133 0.813 
 358 H _   0.024 0.001 0.000 0.005 0.003 0.009 0.134 0.825 
 359 R _   0.017 0.001 0.000 0.004 0.002 0.008 0.134 0.834 
 360 D _   0.013 0.001 0.000 0.004 0.002 0.007 0.134 0.840 
 361 L _   0.010 0.001 0.000 0.004 0.002 0.007 0.133 0.843 
 362 K _   0.009 0.001 0.000 0.004 0.002 0.007 0.132 0.845 
 363 P _   0.008 0.002 0.000 0.005 0.002 0.008 0.130 0.844 
 364 D _   0.008 0.004 0.000 0.006 0.003 0.009 0.129 0.841 
 365 N _   0.009 0.007 0.000 0.007 0.003 0.010 0.126 0.837 
 366 I _   0.009 0.012 0.001 0.009 0.004 0.011 0.124 0.830 
 367 L _   0.010 0.018 0.001 0.011 0.005 0.013 0.121 0.822 
 368 I _   0.010 0.024 0.001 0.013 0.006 0.014 0.118 0.815 
 369 T _   0.011 0.031 0.001 0.014 0.006 0.015 0.115 0.807 
 370 E _   0.011 0.038 0.001 0.014 0.007 0.016 0.113 0.801 
 371 R _   0.011 0.045 0.001 0.014 0.007 0.017 0.110 0.795 
 372 S _   0.011 0.052 0.001 0.014 0.008 0.018 0.107 0.788 
 373 G _   0.012 0.061 0.001 0.014 0.008 0.020 0.104 0.779 
 374 T _   0.013 0.071 0.001 0.015 0.009 0.021 0.102 0.768 
 375 P _   0.014 0.084 0.001 0.016 0.010 0.022 0.099 0.754 
 376 I _   0.015 0.099 0.001 0.018 0.011 0.023 0.097 0.736 
 377 L _   0.016 0.115 0.001 0.020 0.012 0.024 0.094 0.717 
 378 K _   0.017 0.132 0.001 0.022 0.013 0.025 0.092 0.699 
 379 V _   0.017 0.148 0.001 0.023 0.013 0.025 0.090 0.683 
 380 A _   0.017 0.161 0.001 0.025 0.014 0.025 0.088 0.670 
 381 D _   0.017 0.173 0.001 0.025 0.014 0.024 0.086 0.659 
 382 F _   0.017 0.182 0.001 0.026 0.013 0.024 0.085 0.651 
 383 G _   0.017 0.190 0.001 0.027 0.013 0.023 0.084 0.644 
 384 L _   0.017 0.197 0.001 0.028 0.013 0.023 0.084 0.639 
 385 S _   0.016 0.201 0.001 0.029 0.013 0.022 0.084 0.634 
 386 K _   0.016 0.204 0.001 0.031 0.012 0.021 0.084 0.631 
 387 V _   0.015 0.205 0.001 0.033 0.012 0.020 0.085 0.629 
 388 C _   0.015 0.204 0.001 0.035 0.011 0.019 0.085 0.631 
 389 A _   0.014 0.199 0.001 0.035 0.010 0.017 0.087 0.636 
 390 G _   0.013 0.191 0.001 0.034 0.009 0.016 0.089 0.645 
 391 L _   0.013 0.179 0.001 0.032 0.009 0.015 0.091 0.661 
 392 A _   0.012 0.160 0.001 0.029 0.007 0.013 0.094 0.683 
 393 P _   0.011 0.136 0.001 0.025 0.006 0.012 0.097 0.711 
 394 R _   0.010 0.109 0.001 0.020 0.005 0.010 0.101 0.743 
 395 G _   0.009 0.083 0.001 0.015 0.004 0.009 0.104 0.776 
 396 K _   0.008 0.060 0.000 0.011 0.003 0.008 0.106 0.803 
 397 E _   0.007 0.044 0.000 0.008 0.002 0.006 0.108 0.825 
 398 G _   0.006 0.034 0.000 0.005 0.002 0.005 0.109 0.839 
 399 N _   0.005 0.029 0.000 0.004 0.001 0.005 0.109 0.848 
 400 Q _   0.004 0.026 0.000 0.003 0.001 0.004 0.108 0.853 
 401 D _   0.004 0.026 0.000 0.003 0.001 0.005 0.106 0.855 
 402 N _   0.004 0.027 0.000 0.004 0.001 0.006 0.104 0.854 
 403 K _   0.004 0.032 0.000 0.006 0.002 0.007 0.100 0.849 
 404 N _   0.005 0.042 0.000 0.010 0.003 0.009 0.095 0.836 
 405 V _   0.006 0.060 0.001 0.015 0.004 0.012 0.089 0.813 
 406 N _   0.006 0.087 0.001 0.023 0.007 0.015 0.081 0.780 
 407 V _   0.007 0.122 0.001 0.032 0.009 0.018 0.073 0.739 
 408 N _   0.007 0.155 0.001 0.042 0.011 0.020 0.064 0.700 
 409 K _   0.007 0.181 0.001 0.049 0.012 0.021 0.057 0.670 
 410 Y _   0.007 0.198 0.001 0.055 0.013 0.022 0.051 0.652 
 411 W _   0.007 0.208 0.001 0.057 0.014 0.022 0.047 0.644 
 412 L _   0.007 0.211 0.001 0.057 0.014 0.022 0.043 0.644 
 413 S _   0.007 0.210 0.001 0.054 0.014 0.021 0.040 0.653 
 414 S _   0.008 0.203 0.001 0.049 0.013 0.021 0.038 0.668 
 415 A _   0.008 0.191 0.001 0.042 0.012 0.020 0.036 0.688 
 416 C _   0.009 0.175 0.001 0.035 0.011 0.020 0.034 0.714 
 417 G _   0.010 0.156 0.001 0.030 0.011 0.020 0.033 0.741 
 418 S _   0.011 0.135 0.001 0.025 0.010 0.020 0.031 0.766 
 419 D _   0.012 0.116 0.001 0.022 0.010 0.021 0.030 0.789 
 420 F _   0.014 0.098 0.001 0.020 0.010 0.021 0.029 0.807 
 421 Y _   0.016 0.084 0.001 0.019 0.010 0.021 0.028 0.822 
 422 M _   0.018 0.071 0.001 0.019 0.010 0.022 0.027 0.834 
 423 A _   0.021 0.059 0.001 0.018 0.010 0.022 0.025 0.843 
 424 P _   0.025 0.049 0.001 0.018 0.010 0.022 0.024 0.851 
 425 E _   0.030 0.038 0.001 0.017 0.010 0.021 0.023 0.859 
 426 V _   0.037 0.028 0.001 0.015 0.010 0.020 0.022 0.868 
 427 W _   0.047 0.018 0.001 0.012 0.009 0.019 0.020 0.874 
 428 E _   0.060 0.009 0.001 0.009 0.008 0.018 0.019 0.877 
 429 G _   0.078 0.004 0.001 0.006 0.007 0.016 0.017 0.872 
 430 H _   0.102 0.001 0.001 0.003 0.006 0.014 0.016 0.857 
 431 Y _   0.134 0.000 0.001 0.002 0.005 0.013 0.014 0.831 
 432 T _   0.181 0.000 0.001 0.001 0.005 0.012 0.012 0.789 
 433 A _   0.245 0.000 0.001 0.001 0.005 0.011 0.010 0.726 
 434 K _   0.332 0.000 0.001 0.001 0.006 0.011 0.008 0.640 
 435 A _   0.443 0.000 0.001 0.001 0.008 0.011 0.006 0.530 
 436 D H   0.568 0.000 0.001 0.001 0.009 0.011 0.004 0.407 
 437 I H   0.684 0.000 0.001 0.001 0.010 0.010 0.003 0.292 
 438 F H   0.777 0.000 0.001 0.001 0.011 0.009 0.002 0.200 
 439 A H   0.842 0.000 0.001 0.000 0.011 0.007 0.002 0.136 
 440 L H   0.884 0.000 0.001 0.000 0.011 0.006 0.001 0.096 
 441 G H   0.909 0.000 0.001 0.000 0.011 0.006 0.001 0.072 
 442 I H   0.920 0.000 0.001 0.000 0.011 0.005 0.001 0.061 
 443 I H   0.923 0.000 0.001 0.000 0.012 0.005 0.001 0.058 
 444 I H   0.919 0.000 0.001 0.000 0.012 0.005 0.001 0.062 
 445 W H   0.905 0.000 0.001 0.000 0.013 0.005 0.002 0.075 
 446 A H   0.879 0.000 0.001 0.000 0.014 0.005 0.002 0.098 
 447 M H   0.838 0.000 0.001 0.001 0.015 0.006 0.004 0.136 
 448 I H   0.777 0.000 0.001 0.001 0.015 0.007 0.006 0.193 
 449 E H   0.693 0.000 0.001 0.001 0.015 0.008 0.009 0.272 
 450 R H   0.592 0.000 0.001 0.002 0.014 0.009 0.013 0.368 
 451 I H   0.482 0.000 0.001 0.002 0.011 0.010 0.019 0.474 
 452 T _   0.370 0.000 0.001 0.002 0.009 0.010 0.026 0.582 
 453 F _   0.271 0.000 0.001 0.002 0.007 0.009 0.033 0.676 
 454 I _   0.189 0.000 0.001 0.002 0.005 0.009 0.039 0.754 
 455 D _   0.127 0.000 0.001 0.002 0.004 0.009 0.045 0.813 
 456 S _   0.086 0.000 0.000 0.002 0.003 0.009 0.049 0.850 
 457 E _   0.060 0.000 0.000 0.002 0.003 0.009 0.053 0.873 
 458 T _   0.044 0.000 0.000 0.002 0.003 0.010 0.056 0.884 
 459 K _   0.035 0.000 0.000 0.003 0.003 0.011 0.058 0.888 
 460 K _   0.030 0.001 0.000 0.004 0.004 0.013 0.061 0.886 
 461 E _   0.027 0.003 0.001 0.007 0.005 0.015 0.063 0.879 
 462 L _   0.026 0.005 0.001 0.010 0.007 0.017 0.066 0.868 
 463 L _   0.026 0.009 0.001 0.013 0.009 0.019 0.068 0.855 
 464 G _   0.026 0.012 0.001 0.017 0.011 0.021 0.070 0.843 
 465 T _   0.026 0.015 0.001 0.019 0.012 0.022 0.073 0.833 
 466 Y _   0.025 0.017 0.001 0.019 0.012 0.022 0.076 0.827 
 467 I _   0.025 0.018 0.001 0.019 0.012 0.022 0.079 0.824 
 468 K _   0.024 0.019 0.001 0.017 0.011 0.022 0.083 0.823 
 469 Q _   0.023 0.019 0.001 0.016 0.010 0.022 0.087 0.822 
 470 G _   0.023 0.020 0.001 0.014 0.010 0.021 0.091 0.820 
 471 T _   0.022 0.020 0.001 0.014 0.009 0.021 0.096 0.818 
 472 E _   0.022 0.021 0.001 0.014 0.009 0.020 0.100 0.813 
 473 I _   0.021 0.022 0.001 0.015 0.009 0.020 0.105 0.807 
 474 V _   0.021 0.023 0.001 0.016 0.009 0.019 0.110 0.800 
 475 P _   0.020 0.025 0.001 0.018 0.009 0.019 0.115 0.793 
 476 V _   0.019 0.026 0.001 0.020 0.009 0.018 0.121 0.787 
 477 G _   0.017 0.026 0.001 0.020 0.009 0.017 0.127 0.784 
 478 E _   0.016 0.026 0.001 0.019 0.008 0.016 0.133 0.782 
 479 A _   0.015 0.025 0.001 0.018 0.007 0.014 0.139 0.782 
 480 L _   0.013 0.023 0.001 0.015 0.006 0.012 0.145 0.785 
 481 L _   0.011 0.020 0.001 0.012 0.005 0.011 0.152 0.788 
 482 E _   0.010 0.018 0.000 0.010 0.004 0.010 0.158 0.790 
 483 N _   0.009 0.017 0.000 0.008 0.003 0.009 0.163 0.790 
 484 P _   0.008 0.016 0.000 0.007 0.003 0.008 0.169 0.788 
 485 K _   0.008 0.015 0.000 0.007 0.003 0.008 0.174 0.785 
 486 M _   0.007 0.016 0.000 0.007 0.003 0.008 0.179 0.780 
 487 E _   0.007 0.016 0.000 0.008 0.003 0.008 0.183 0.774 
 488 L _   0.007 0.017 0.000 0.008 0.003 0.008 0.188 0.769 
 489 H _   0.007 0.018 0.000 0.008 0.003 0.008 0.192 0.763 
 490 I _   0.006 0.020 0.000 0.008 0.003 0.008 0.196 0.759 
 491 P _   0.006 0.022 0.000 0.008 0.003 0.008 0.199 0.754 
 492 Q _   0.006 0.024 0.000 0.007 0.003 0.008 0.202 0.749 
 493 K _   0.006 0.027 0.000 0.007 0.003 0.009 0.205 0.743 
 494 R _   0.006 0.031 0.000 0.007 0.003 0.010 0.208 0.734 
 495 R _   0.007 0.037 0.000 0.008 0.004 0.011 0.210 0.721 
 496 T _   0.008 0.047 0.001 0.010 0.005 0.013 0.213 0.703 
 497 S _   0.009 0.063 0.001 0.014 0.007 0.015 0.215 0.677 
 498 M _   0.010 0.086 0.001 0.019 0.009 0.018 0.217 0.641 
 499 S _   0.011 0.114 0.001 0.025 0.011 0.019 0.219 0.600 
 500 E _   0.011 0.144 0.001 0.032 0.012 0.021 0.222 0.557 
 501 G _   0.011 0.169 0.001 0.039 0.013 0.021 0.225 0.520 
 502 I _   0.011 0.188 0.001 0.045 0.014 0.021 0.229 0.490 
 503 K _   0.011 0.199 0.001 0.049 0.015 0.021 0.235 0.469 
 504 Q _   0.011 0.205 0.001 0.051 0.015 0.021 0.241 0.455 
 505 L _   0.011 0.206 0.001 0.052 0.014 0.020 0.250 0.446 
 506 L _   0.011 0.201 0.001 0.050 0.013 0.018 0.262 0.443 
 507 K _   0.011 0.192 0.001 0.046 0.012 0.017 0.276 0.446 
 508 D _   0.010 0.176 0.001 0.040 0.010 0.015 0.293 0.454 
 509 M _   0.010 0.154 0.001 0.033 0.009 0.013 0.312 0.468 
 510 L _   0.009 0.128 0.001 0.025 0.007 0.012 0.333 0.486 
 511 A _   0.009 0.101 0.001 0.018 0.005 0.010 0.353 0.504 
 512 A _   0.007 0.078 0.001 0.012 0.004 0.008 0.371 0.520 
 513 N _   0.006 0.063 0.000 0.007 0.002 0.007 0.385 0.530 
 514 P _   0.005 0.054 0.000 0.005 0.002 0.006 0.395 0.534 
 515 Q _   0.004 0.050 0.000 0.003 0.001 0.005 0.402 0.533 
 516 D _   0.004 0.049 0.000 0.003 0.001 0.005 0.408 0.529 
 517 R _   0.004 0.051 0.000 0.004 0.001 0.006 0.412 0.522 
 518 P _   0.005 0.057 0.000 0.006 0.002 0.008 0.415 0.508 
 519 D _   0.005 0.070 0.000 0.009 0.003 0.010 0.417 0.486 
 520 A _   0.006 0.092 0.001 0.014 0.005 0.012 0.417 0.454 
 521 F X   0.006 0.125 0.001 0.020 0.006 0.013 0.417 0.412 
 522 E X   0.006 0.162 0.001 0.026 0.007 0.014 0.417 0.367 
 523 L X   0.006 0.194 0.001 0.031 0.008 0.014 0.417 0.328 
 524 E X   0.005 0.219 0.001 0.035 0.008 0.014 0.418 0.299 
 525 T X   0.005 0.235 0.001 0.037 0.008 0.014 0.421 0.279 
 526 R X   0.004 0.245 0.001 0.038 0.008 0.013 0.424 0.267 
 527 M X   0.004 0.250 0.001 0.037 0.008 0.011 0.429 0.260 
 528 D X   0.004 0.251 0.001 0.036 0.007 0.010 0.436 0.256 
 529 Q X   0.003 0.248 0.001 0.032 0.006 0.007 0.445 0.257 
 530 V X   0.002 0.240 0.001 0.027 0.004 0.005 0.457 0.265 
 531 T X   0.001 0.222 0.000 0.019 0.001 0.002 0.469 0.285 
 532 C X   0.000 0.200 0.000 0.013 0.000 0.001 0.475 0.310 
 533 A X   0.001 0.182 0.000 0.013 0.000 0.001 0.474 0.329 
 534 A X   0.003 0.170 0.002 0.021 0.004 0.004 0.465 0.332 
