#TopoPred_TM8: 8-state transmembrane topology prediction results by no_profile mode 
#probabilities are in the order of H E C I L F X _, the 8 transmembrane topology types used in PDBTM 
   1 A X   0.010 0.001 0.002 0.048 0.008 0.008 0.775 0.149 
   2 A X   0.003 0.001 0.000 0.027 0.001 0.003 0.796 0.168 
   3 R X   0.001 0.000 0.000 0.015 0.000 0.002 0.801 0.181 
   4 D X   0.001 0.001 0.000 0.010 0.000 0.002 0.798 0.188 
   5 S X   0.001 0.001 0.000 0.010 0.001 0.003 0.793 0.193 
   6 G X   0.001 0.002 0.000 0.010 0.001 0.004 0.784 0.199 
   7 T X   0.002 0.003 0.000 0.011 0.001 0.005 0.773 0.205 
   8 G X   0.002 0.004 0.000 0.013 0.002 0.006 0.759 0.214 
   9 G X   0.002 0.006 0.000 0.016 0.002 0.007 0.743 0.224 
  10 G X   0.002 0.008 0.000 0.018 0.003 0.007 0.726 0.236 
  11 S X   0.002 0.009 0.000 0.019 0.003 0.007 0.708 0.250 
  12 E X   0.002 0.011 0.000 0.019 0.003 0.007 0.691 0.266 
  13 K X   0.002 0.012 0.000 0.018 0.003 0.007 0.675 0.283 
  14 M X   0.002 0.012 0.000 0.016 0.003 0.007 0.660 0.299 
  15 R X   0.002 0.013 0.000 0.015 0.002 0.006 0.646 0.315 
  16 G X   0.002 0.013 0.000 0.014 0.002 0.006 0.632 0.330 
  17 S X   0.002 0.014 0.000 0.013 0.002 0.006 0.618 0.344 
  18 G X   0.002 0.014 0.000 0.013 0.002 0.006 0.604 0.357 
  19 P X   0.003 0.015 0.000 0.013 0.002 0.006 0.590 0.370 
  20 R X   0.003 0.015 0.000 0.014 0.003 0.007 0.576 0.382 
  21 G X   0.003 0.016 0.000 0.015 0.003 0.007 0.561 0.395 
  22 A X   0.003 0.017 0.000 0.016 0.003 0.007 0.547 0.408 
  23 G X   0.003 0.017 0.000 0.016 0.003 0.007 0.533 0.422 
  24 R X   0.003 0.017 0.000 0.015 0.003 0.007 0.519 0.436 
  25 R X   0.003 0.017 0.000 0.014 0.003 0.006 0.505 0.452 
  26 R X   0.003 0.016 0.000 0.012 0.003 0.006 0.492 0.468 
  27 P _   0.003 0.016 0.000 0.010 0.002 0.006 0.478 0.485 
  28 P _   0.003 0.015 0.000 0.009 0.002 0.005 0.464 0.502 
  29 S _   0.003 0.015 0.000 0.008 0.002 0.005 0.449 0.518 
  30 G _   0.003 0.015 0.000 0.007 0.002 0.006 0.432 0.534 
  31 G _   0.003 0.017 0.000 0.008 0.002 0.007 0.414 0.550 
  32 G _   0.003 0.019 0.000 0.010 0.003 0.008 0.393 0.564 
  33 D _   0.004 0.024 0.001 0.013 0.004 0.010 0.370 0.575 
  34 T _   0.004 0.031 0.001 0.020 0.005 0.013 0.342 0.582 
  35 P _   0.005 0.043 0.001 0.030 0.008 0.017 0.312 0.585 
  36 I _   0.006 0.057 0.001 0.042 0.011 0.020 0.280 0.583 
  37 T _   0.006 0.070 0.001 0.056 0.013 0.023 0.249 0.581 
  38 P _   0.007 0.081 0.002 0.068 0.016 0.025 0.220 0.581 
  39 A _   0.008 0.088 0.002 0.076 0.017 0.026 0.197 0.588 
  40 S _   0.008 0.090 0.002 0.078 0.018 0.026 0.177 0.601 
  41 L _   0.009 0.088 0.002 0.075 0.018 0.025 0.160 0.622 
  42 A _   0.011 0.082 0.002 0.067 0.017 0.025 0.147 0.650 
  43 G _   0.015 0.071 0.002 0.055 0.015 0.023 0.134 0.686 
  44 C _   0.020 0.053 0.001 0.040 0.013 0.022 0.124 0.727 
  45 Y _   0.030 0.033 0.001 0.026 0.011 0.020 0.114 0.766 
  46 S _   0.045 0.015 0.001 0.014 0.008 0.018 0.104 0.794 
  47 A _   0.066 0.005 0.001 0.007 0.007 0.017 0.094 0.803 
  48 P _   0.099 0.001 0.001 0.003 0.006 0.016 0.083 0.791 
  49 R _   0.150 0.000 0.001 0.002 0.006 0.015 0.072 0.755 
  50 R _   0.223 0.000 0.001 0.001 0.006 0.015 0.059 0.694 
  51 A _   0.326 0.000 0.001 0.001 0.008 0.015 0.046 0.603 
  52 P _   0.449 0.000 0.001 0.001 0.010 0.015 0.034 0.489 
  53 L H   0.578 0.000 0.001 0.001 0.012 0.015 0.024 0.368 
  54 W H   0.690 0.000 0.001 0.001 0.015 0.015 0.016 0.262 
  55 T H   0.775 0.000 0.001 0.001 0.017 0.013 0.012 0.182 
  56 C H   0.831 0.000 0.001 0.001 0.018 0.012 0.009 0.129 
  57 L H   0.865 0.000 0.001 0.001 0.018 0.010 0.007 0.097 
  58 L H   0.884 0.000 0.001 0.001 0.018 0.009 0.006 0.081 
  59 L H   0.890 0.000 0.001 0.001 0.019 0.008 0.006 0.075 
  60 C H   0.887 0.000 0.001 0.001 0.019 0.008 0.006 0.079 
  61 A H   0.872 0.000 0.001 0.001 0.019 0.008 0.006 0.093 
  62 A H   0.843 0.000 0.001 0.001 0.019 0.008 0.007 0.121 
  63 L H   0.794 0.000 0.001 0.001 0.019 0.009 0.008 0.168 
  64 R H   0.721 0.000 0.002 0.002 0.018 0.009 0.010 0.239 
  65 T H   0.624 0.000 0.002 0.002 0.015 0.010 0.013 0.334 
  66 L H   0.509 0.000 0.001 0.002 0.012 0.010 0.018 0.448 
  67 L _   0.387 0.000 0.001 0.002 0.009 0.009 0.023 0.569 
  68 A _   0.272 0.000 0.001 0.002 0.007 0.009 0.028 0.681 
  69 S _   0.181 0.000 0.001 0.002 0.005 0.008 0.033 0.770 
  70 P _   0.114 0.000 0.001 0.002 0.004 0.008 0.036 0.835 
  71 S _   0.071 0.000 0.000 0.002 0.003 0.007 0.039 0.877 
  72 N _   0.045 0.000 0.000 0.002 0.002 0.007 0.041 0.901 
  73 E _   0.030 0.000 0.000 0.003 0.002 0.007 0.043 0.914 
  74 V _   0.022 0.000 0.000 0.003 0.002 0.008 0.044 0.920 
  75 N _   0.018 0.001 0.000 0.004 0.002 0.009 0.045 0.920 
  76 L _   0.016 0.002 0.000 0.005 0.003 0.011 0.046 0.917 
  77 L _   0.015 0.004 0.000 0.007 0.004 0.013 0.046 0.911 
  78 D _   0.016 0.007 0.001 0.009 0.005 0.015 0.046 0.901 
  79 S _   0.016 0.012 0.001 0.012 0.007 0.018 0.046 0.888 
  80 R _   0.018 0.018 0.001 0.016 0.009 0.021 0.046 0.872 
  81 T _   0.020 0.025 0.001 0.020 0.012 0.023 0.046 0.854 
  82 V _   0.021 0.033 0.001 0.025 0.014 0.025 0.047 0.835 
  83 M _   0.022 0.039 0.001 0.030 0.016 0.026 0.047 0.818 
  84 G _   0.024 0.045 0.001 0.034 0.017 0.027 0.048 0.804 
  85 D _   0.024 0.048 0.001 0.037 0.017 0.026 0.049 0.797 
  86 L _   0.024 0.049 0.001 0.038 0.017 0.025 0.050 0.796 
  87 G _   0.023 0.048 0.001 0.036 0.015 0.024 0.052 0.802 
  88 W _   0.021 0.045 0.001 0.032 0.013 0.021 0.054 0.812 
  89 I _   0.019 0.040 0.001 0.026 0.011 0.019 0.056 0.827 
  90 A _   0.017 0.034 0.001 0.021 0.008 0.017 0.058 0.845 
  91 F _   0.015 0.027 0.001 0.015 0.006 0.014 0.060 0.861 
  92 P _   0.013 0.022 0.001 0.012 0.005 0.012 0.062 0.874 
  93 K _   0.011 0.018 0.000 0.010 0.004 0.011 0.064 0.882 
  94 N _   0.010 0.015 0.000 0.009 0.004 0.010 0.065 0.887 
  95 G _   0.009 0.014 0.000 0.008 0.003 0.009 0.066 0.890 
  96 W _   0.008 0.013 0.000 0.009 0.003 0.009 0.067 0.891 
  97 E _   0.008 0.012 0.000 0.009 0.003 0.008 0.068 0.892 
  98 E _   0.007 0.011 0.000 0.009 0.003 0.008 0.068 0.893 
  99 I _   0.007 0.011 0.000 0.009 0.003 0.008 0.068 0.894 
 100 G _   0.006 0.011 0.000 0.008 0.003 0.007 0.068 0.896 
 101 E _   0.006 0.011 0.000 0.007 0.002 0.007 0.068 0.898 
 102 V _   0.006 0.011 0.000 0.006 0.002 0.007 0.068 0.900 
 103 D _   0.006 0.011 0.000 0.005 0.002 0.008 0.067 0.900 
 104 E _   0.006 0.013 0.000 0.005 0.002 0.009 0.066 0.898 
 105 N _   0.007 0.016 0.000 0.006 0.003 0.011 0.065 0.892 
 106 Y _   0.009 0.022 0.000 0.008 0.004 0.013 0.064 0.881 
 107 A _   0.011 0.034 0.001 0.011 0.006 0.017 0.062 0.860 
 108 P _   0.013 0.055 0.001 0.017 0.009 0.020 0.059 0.827 
 109 I _   0.014 0.085 0.001 0.025 0.012 0.024 0.056 0.782 
 110 H _   0.015 0.120 0.001 0.034 0.015 0.026 0.053 0.735 
 111 T _   0.015 0.151 0.002 0.043 0.018 0.027 0.051 0.694 
 112 Y _   0.015 0.173 0.001 0.050 0.019 0.028 0.049 0.666 
 113 Q _   0.015 0.186 0.001 0.054 0.019 0.027 0.048 0.651 
 114 V _   0.015 0.192 0.001 0.054 0.018 0.026 0.047 0.647 
 115 C _   0.014 0.192 0.001 0.051 0.017 0.025 0.047 0.654 
 116 K _   0.014 0.186 0.001 0.044 0.015 0.023 0.047 0.671 
 117 V _   0.013 0.175 0.001 0.036 0.012 0.021 0.047 0.695 
 118 M _   0.012 0.159 0.001 0.027 0.010 0.019 0.048 0.724 
 119 E _   0.012 0.140 0.001 0.020 0.008 0.017 0.049 0.753 
 120 Q _   0.011 0.123 0.001 0.014 0.006 0.016 0.049 0.779 
 121 N _   0.011 0.110 0.001 0.011 0.005 0.016 0.050 0.797 
 122 Q _   0.011 0.103 0.001 0.009 0.005 0.015 0.050 0.807 
 123 N _   0.011 0.099 0.001 0.009 0.005 0.016 0.050 0.810 
 124 N _   0.011 0.098 0.001 0.010 0.005 0.016 0.050 0.808 
 125 W _   0.012 0.099 0.001 0.012 0.006 0.017 0.050 0.804 
 126 L _   0.012 0.101 0.001 0.014 0.007 0.017 0.050 0.797 
 127 L _   0.012 0.103 0.001 0.017 0.008 0.018 0.050 0.792 
 128 T _   0.012 0.104 0.001 0.018 0.008 0.018 0.050 0.789 
 129 S _   0.012 0.103 0.001 0.018 0.008 0.019 0.050 0.790 
 130 W _   0.013 0.101 0.001 0.016 0.008 0.019 0.050 0.792 
 131 I _   0.013 0.098 0.001 0.014 0.007 0.019 0.050 0.797 
 132 S _   0.015 0.095 0.001 0.012 0.007 0.020 0.050 0.800 
 133 N _   0.016 0.093 0.001 0.010 0.007 0.022 0.051 0.801 
 134 E _   0.019 0.093 0.001 0.009 0.008 0.024 0.051 0.796 
 135 G _   0.023 0.095 0.001 0.010 0.009 0.027 0.051 0.784 
 136 A _   0.027 0.102 0.001 0.012 0.012 0.031 0.051 0.765 
 137 S _   0.031 0.115 0.001 0.016 0.016 0.034 0.051 0.736 
 138 R _   0.034 0.135 0.002 0.024 0.020 0.036 0.051 0.699 
 139 I _   0.036 0.157 0.002 0.033 0.023 0.037 0.051 0.661 
 140 F _   0.036 0.177 0.002 0.042 0.025 0.037 0.051 0.630 
 141 I _   0.035 0.190 0.002 0.049 0.025 0.036 0.052 0.612 
 142 E _   0.033 0.196 0.002 0.053 0.024 0.034 0.053 0.606 
 143 L _   0.030 0.196 0.002 0.052 0.022 0.030 0.055 0.613 
 144 K _   0.026 0.190 0.002 0.047 0.018 0.027 0.057 0.633 
 145 F _   0.022 0.177 0.001 0.038 0.015 0.023 0.060 0.664 
 146 T _   0.019 0.157 0.001 0.028 0.011 0.019 0.063 0.701 
 147 L _   0.015 0.135 0.001 0.019 0.008 0.016 0.066 0.740 
 148 R _   0.012 0.116 0.001 0.013 0.005 0.013 0.069 0.771 
 149 D _   0.010 0.104 0.000 0.008 0.003 0.011 0.071 0.792 
 150 C _   0.008 0.098 0.000 0.006 0.003 0.010 0.072 0.803 
 151 N _   0.008 0.096 0.000 0.005 0.002 0.010 0.073 0.806 
 152 S _   0.007 0.098 0.000 0.006 0.003 0.010 0.073 0.802 
 153 L _   0.008 0.106 0.000 0.008 0.003 0.012 0.073 0.791 
 154 P _   0.009 0.120 0.001 0.011 0.005 0.013 0.072 0.770 
 155 G _   0.009 0.143 0.001 0.015 0.006 0.015 0.071 0.739 
 156 G _   0.010 0.174 0.001 0.021 0.008 0.016 0.070 0.700 
 157 L _   0.010 0.208 0.001 0.026 0.009 0.017 0.069 0.659 
 158 G _   0.010 0.240 0.001 0.031 0.011 0.018 0.068 0.622 
 159 T _   0.009 0.265 0.001 0.035 0.011 0.018 0.067 0.592 
 160 C _   0.009 0.284 0.001 0.039 0.012 0.019 0.067 0.569 
 161 K _   0.009 0.297 0.001 0.043 0.012 0.019 0.067 0.552 
 162 E _   0.009 0.305 0.001 0.045 0.012 0.018 0.068 0.541 
 163 T _   0.010 0.308 0.001 0.047 0.012 0.018 0.070 0.535 
 164 F _   0.010 0.306 0.001 0.048 0.012 0.017 0.072 0.535 
 165 N _   0.010 0.298 0.001 0.047 0.011 0.016 0.075 0.542 
 166 M _   0.010 0.283 0.001 0.044 0.010 0.015 0.079 0.558 
 167 Y _   0.010 0.257 0.001 0.039 0.009 0.014 0.085 0.585 
 168 Y _   0.010 0.221 0.001 0.034 0.008 0.013 0.091 0.622 
 169 F _   0.010 0.175 0.001 0.027 0.007 0.011 0.098 0.671 
 170 E _   0.009 0.127 0.001 0.020 0.005 0.010 0.105 0.722 
 171 S _   0.009 0.087 0.001 0.014 0.004 0.009 0.111 0.767 
 172 D _   0.007 0.059 0.000 0.009 0.003 0.007 0.115 0.800 
 173 D _   0.006 0.042 0.000 0.006 0.002 0.006 0.118 0.820 
 174 Q _   0.005 0.034 0.000 0.005 0.001 0.005 0.119 0.831 
 175 N _   0.004 0.030 0.000 0.004 0.001 0.005 0.120 0.836 
 176 G _   0.004 0.028 0.000 0.004 0.001 0.005 0.119 0.838 
 177 R _   0.004 0.029 0.000 0.005 0.001 0.006 0.118 0.837 
 178 N _   0.004 0.031 0.000 0.006 0.002 0.006 0.116 0.834 
 179 I _   0.004 0.036 0.000 0.008 0.002 0.008 0.113 0.828 
 180 K _   0.005 0.044 0.000 0.011 0.003 0.009 0.109 0.819 
 181 E _   0.005 0.055 0.000 0.014 0.004 0.010 0.105 0.807 
 182 N _   0.005 0.068 0.001 0.018 0.004 0.011 0.100 0.793 
 183 Q _   0.005 0.082 0.001 0.021 0.005 0.012 0.095 0.779 
 184 Y _   0.005 0.095 0.001 0.024 0.006 0.013 0.091 0.766 
 185 I _   0.006 0.107 0.001 0.027 0.007 0.013 0.087 0.753 
 186 K _   0.006 0.117 0.001 0.029 0.007 0.014 0.083 0.744 
 187 I _   0.006 0.124 0.001 0.030 0.007 0.014 0.081 0.737 
 188 D _   0.006 0.129 0.001 0.030 0.007 0.014 0.078 0.734 
 189 T _   0.006 0.132 0.001 0.029 0.007 0.014 0.077 0.734 
 190 I _   0.007 0.132 0.001 0.028 0.007 0.013 0.075 0.737 
 191 A _   0.007 0.131 0.001 0.026 0.007 0.013 0.074 0.742 
 192 A _   0.007 0.127 0.001 0.024 0.006 0.012 0.073 0.749 
 193 D _   0.007 0.122 0.001 0.021 0.006 0.012 0.073 0.758 
 194 E _   0.007 0.116 0.001 0.018 0.005 0.011 0.072 0.769 
 195 S _   0.007 0.109 0.001 0.016 0.005 0.011 0.072 0.780 
 196 F _   0.007 0.102 0.001 0.014 0.005 0.011 0.072 0.790 
 197 T _   0.007 0.095 0.001 0.013 0.004 0.010 0.072 0.799 
 198 E _   0.007 0.090 0.001 0.012 0.004 0.010 0.071 0.806 
 199 L _   0.007 0.085 0.000 0.011 0.004 0.010 0.071 0.811 
 200 D _   0.007 0.082 0.000 0.012 0.004 0.010 0.071 0.814 
 201 L _   0.007 0.080 0.001 0.012 0.004 0.011 0.070 0.815 
 202 G _   0.008 0.079 0.001 0.014 0.005 0.011 0.070 0.814 
 203 D _   0.008 0.078 0.001 0.016 0.005 0.012 0.069 0.812 
 204 R _   0.009 0.077 0.001 0.018 0.006 0.012 0.069 0.810 
 205 V _   0.009 0.075 0.001 0.020 0.006 0.013 0.068 0.808 
 206 M _   0.009 0.072 0.001 0.021 0.007 0.013 0.068 0.809 
 207 K _   0.009 0.068 0.001 0.021 0.007 0.013 0.069 0.812 
 208 L _   0.009 0.062 0.001 0.021 0.007 0.012 0.069 0.818 
 209 N _   0.009 0.055 0.001 0.020 0.006 0.012 0.070 0.827 
 210 T _   0.009 0.046 0.001 0.017 0.006 0.011 0.071 0.838 
 211 E _   0.009 0.037 0.001 0.015 0.005 0.011 0.072 0.851 
 212 V _   0.009 0.028 0.001 0.012 0.004 0.010 0.073 0.863 
 213 R _   0.009 0.020 0.000 0.010 0.004 0.009 0.074 0.874 
 214 D _   0.008 0.013 0.000 0.008 0.003 0.009 0.075 0.884 
 215 V _   0.008 0.008 0.000 0.006 0.003 0.009 0.075 0.892 
 216 G _   0.007 0.005 0.000 0.005 0.002 0.009 0.075 0.896 
 217 P _   0.007 0.003 0.000 0.005 0.002 0.009 0.074 0.899 
 218 L _   0.008 0.002 0.000 0.004 0.002 0.011 0.074 0.899 
 219 S _   0.010 0.001 0.000 0.004 0.003 0.013 0.072 0.896 
 220 K _   0.012 0.001 0.000 0.005 0.003 0.015 0.071 0.892 
 221 K _   0.016 0.001 0.000 0.006 0.004 0.019 0.069 0.884 
 222 G _   0.021 0.001 0.001 0.007 0.006 0.024 0.067 0.872 
 223 F _   0.029 0.001 0.001 0.009 0.008 0.030 0.065 0.857 
 224 Y _   0.040 0.002 0.001 0.010 0.011 0.036 0.063 0.838 
 225 L _   0.054 0.002 0.001 0.011 0.014 0.042 0.060 0.815 
 226 A _   0.072 0.002 0.001 0.011 0.018 0.049 0.058 0.789 
 227 F _   0.093 0.002 0.001 0.011 0.022 0.055 0.055 0.761 
 228 Q _   0.117 0.002 0.002 0.010 0.027 0.060 0.053 0.730 
 229 D _   0.142 0.002 0.002 0.009 0.032 0.065 0.051 0.697 
 230 V _   0.169 0.002 0.002 0.009 0.037 0.069 0.049 0.663 
 231 G _   0.194 0.003 0.002 0.009 0.043 0.072 0.048 0.629 
 232 A _   0.216 0.004 0.002 0.010 0.049 0.074 0.047 0.599 
 233 C _   0.233 0.005 0.002 0.012 0.052 0.074 0.046 0.575 
 234 I _   0.242 0.007 0.002 0.015 0.054 0.073 0.046 0.560 
 235 A _   0.244 0.008 0.003 0.018 0.055 0.070 0.047 0.555 
 236 L _   0.238 0.010 0.003 0.022 0.052 0.066 0.048 0.561 
 237 V _   0.224 0.010 0.003 0.023 0.048 0.061 0.050 0.582 
 238 S _   0.203 0.010 0.002 0.024 0.041 0.054 0.052 0.614 
 239 V _   0.176 0.009 0.002 0.021 0.033 0.047 0.054 0.657 
 240 R _   0.147 0.007 0.002 0.018 0.024 0.040 0.056 0.706 
 241 V _   0.117 0.005 0.001 0.013 0.017 0.034 0.058 0.755 
 242 Y _   0.089 0.003 0.001 0.009 0.011 0.028 0.060 0.800 
 243 Y _   0.066 0.001 0.001 0.006 0.007 0.024 0.061 0.835 
 244 K _   0.049 0.001 0.001 0.004 0.005 0.021 0.062 0.859 
 245 K _   0.037 0.001 0.000 0.003 0.004 0.019 0.062 0.874 
 246 C _   0.031 0.001 0.000 0.003 0.004 0.019 0.062 0.880 
 247 P _   0.028 0.003 0.000 0.004 0.005 0.021 0.062 0.878 
 248 S _   0.027 0.007 0.001 0.007 0.007 0.023 0.062 0.867 
 249 V _   0.028 0.016 0.001 0.012 0.010 0.026 0.061 0.846 
 250 V _   0.028 0.034 0.001 0.020 0.014 0.028 0.060 0.813 
 251 R _   0.028 0.055 0.002 0.030 0.018 0.030 0.059 0.777 
 252 H _   0.027 0.074 0.002 0.040 0.020 0.031 0.059 0.748 
 253 L _   0.026 0.086 0.002 0.047 0.022 0.030 0.059 0.729 
 254 A _   0.024 0.092 0.002 0.051 0.021 0.029 0.059 0.722 
 255 V _   0.022 0.094 0.002 0.050 0.020 0.027 0.060 0.726 
 256 F _   0.020 0.092 0.001 0.045 0.017 0.024 0.062 0.739 
 257 P _   0.018 0.086 0.001 0.037 0.014 0.022 0.063 0.759 
 258 D _   0.016 0.076 0.001 0.028 0.010 0.019 0.066 0.785 
 259 T _   0.014 0.064 0.001 0.019 0.008 0.016 0.068 0.811 
 260 I _   0.012 0.052 0.001 0.013 0.005 0.014 0.069 0.834 
 261 T _   0.010 0.045 0.000 0.008 0.004 0.013 0.070 0.850 
 262 G _   0.009 0.041 0.000 0.006 0.003 0.012 0.071 0.858 
 263 A _   0.009 0.040 0.000 0.005 0.003 0.013 0.071 0.859 
 264 D _   0.010 0.042 0.000 0.006 0.004 0.015 0.071 0.853 
 265 S _   0.011 0.049 0.001 0.008 0.005 0.017 0.071 0.837 
 266 S _   0.013 0.065 0.001 0.014 0.008 0.020 0.070 0.808 
 267 Q _   0.016 0.095 0.001 0.022 0.012 0.023 0.068 0.762 
 268 L _   0.017 0.134 0.002 0.033 0.016 0.026 0.067 0.706 
 269 L _   0.017 0.172 0.002 0.044 0.018 0.026 0.066 0.655 
 270 E _   0.016 0.200 0.002 0.054 0.020 0.026 0.065 0.617 
 271 V _   0.016 0.217 0.002 0.060 0.020 0.026 0.065 0.595 
 272 S _   0.016 0.225 0.001 0.063 0.019 0.024 0.066 0.586 
 273 G _   0.015 0.226 0.001 0.062 0.018 0.023 0.068 0.587 
 274 S _   0.015 0.220 0.001 0.058 0.016 0.021 0.070 0.598 
 275 C _   0.014 0.207 0.001 0.051 0.014 0.019 0.074 0.619 
 276 V _   0.014 0.186 0.001 0.043 0.012 0.017 0.078 0.650 
 277 N _   0.013 0.156 0.001 0.034 0.010 0.015 0.083 0.689 
 278 H _   0.012 0.121 0.001 0.025 0.007 0.013 0.088 0.732 
 279 S _   0.011 0.089 0.001 0.018 0.005 0.011 0.093 0.772 
 280 V _   0.009 0.064 0.001 0.012 0.004 0.009 0.096 0.804 
 281 T _   0.008 0.047 0.000 0.008 0.003 0.008 0.099 0.827 
 282 D _   0.006 0.037 0.000 0.006 0.002 0.007 0.101 0.841 
 283 E _   0.005 0.032 0.000 0.004 0.002 0.006 0.102 0.849 
 284 P _   0.005 0.031 0.000 0.004 0.001 0.006 0.102 0.852 
 285 P _   0.005 0.031 0.000 0.004 0.002 0.007 0.101 0.851 
 286 K _   0.005 0.034 0.000 0.005 0.002 0.008 0.100 0.846 
 287 M _   0.005 0.041 0.000 0.007 0.003 0.010 0.098 0.836 
 288 H _   0.006 0.055 0.001 0.011 0.004 0.012 0.095 0.816 
 289 C _   0.007 0.078 0.001 0.016 0.006 0.015 0.091 0.786 
 290 S _   0.008 0.113 0.001 0.022 0.008 0.017 0.087 0.743 
 291 A _   0.009 0.155 0.001 0.028 0.011 0.020 0.082 0.694 
 292 E _   0.010 0.197 0.001 0.033 0.013 0.021 0.078 0.647 
 293 G _   0.010 0.233 0.001 0.037 0.014 0.022 0.075 0.607 
 294 E _   0.011 0.261 0.001 0.040 0.015 0.023 0.072 0.577 
 295 W _   0.011 0.280 0.001 0.042 0.015 0.023 0.070 0.557 
 296 L _   0.012 0.292 0.001 0.043 0.015 0.023 0.069 0.544 
 297 V _   0.012 0.300 0.001 0.043 0.016 0.023 0.069 0.537 
 298 P _   0.013 0.303 0.001 0.042 0.015 0.022 0.068 0.536 
 299 I _   0.013 0.302 0.001 0.040 0.014 0.021 0.069 0.539 
 300 G _   0.013 0.297 0.001 0.038 0.013 0.020 0.070 0.547 
 301 K _   0.013 0.287 0.001 0.036 0.012 0.019 0.071 0.560 
 302 C _   0.013 0.274 0.001 0.032 0.011 0.018 0.073 0.578 
 303 M _   0.013 0.255 0.001 0.028 0.010 0.016 0.075 0.602 
 304 C _   0.012 0.232 0.001 0.024 0.008 0.015 0.078 0.631 
 305 K _   0.011 0.207 0.001 0.020 0.007 0.013 0.080 0.661 
 306 A _   0.010 0.183 0.001 0.015 0.006 0.012 0.082 0.691 
 307 G _   0.009 0.163 0.001 0.012 0.004 0.011 0.084 0.717 
 308 Y _   0.008 0.148 0.000 0.009 0.003 0.010 0.085 0.736 
 309 E _   0.007 0.139 0.000 0.007 0.003 0.010 0.086 0.748 
 310 E _   0.007 0.135 0.000 0.006 0.003 0.009 0.087 0.753 
 311 K _   0.007 0.135 0.000 0.006 0.003 0.010 0.087 0.753 
 312 N _   0.007 0.138 0.000 0.007 0.003 0.011 0.086 0.747 
 313 G _   0.008 0.146 0.001 0.009 0.004 0.012 0.086 0.734 
 314 T _   0.008 0.161 0.001 0.013 0.006 0.014 0.084 0.713 
 315 C _   0.009 0.183 0.001 0.018 0.007 0.016 0.083 0.683 
 316 Q _   0.009 0.210 0.001 0.023 0.009 0.017 0.081 0.649 
 317 V _   0.010 0.235 0.001 0.029 0.010 0.018 0.080 0.617 
 318 C _   0.009 0.255 0.001 0.033 0.011 0.018 0.079 0.593 
 319 R _   0.009 0.268 0.001 0.036 0.011 0.018 0.079 0.577 
 320 P _   0.009 0.276 0.001 0.038 0.011 0.018 0.079 0.568 
 321 G _   0.009 0.279 0.001 0.037 0.011 0.017 0.080 0.565 
 322 F _   0.009 0.278 0.001 0.036 0.011 0.017 0.081 0.569 
 323 F _   0.009 0.272 0.001 0.033 0.010 0.016 0.083 0.576 
 324 K _   0.009 0.264 0.001 0.031 0.009 0.015 0.085 0.587 
 325 A _   0.009 0.252 0.001 0.028 0.008 0.014 0.087 0.600 
 326 S _   0.009 0.238 0.001 0.026 0.008 0.014 0.090 0.615 
 327 P _   0.009 0.222 0.001 0.025 0.007 0.013 0.093 0.630 
 328 H _   0.009 0.205 0.001 0.024 0.007 0.012 0.097 0.646 
 329 I _   0.009 0.187 0.001 0.023 0.006 0.012 0.101 0.662 
 330 Q _   0.009 0.167 0.001 0.021 0.006 0.011 0.105 0.680 
 331 S _   0.009 0.146 0.001 0.020 0.005 0.011 0.109 0.699 
 332 C _   0.008 0.124 0.001 0.018 0.005 0.010 0.113 0.721 
 333 G _   0.008 0.103 0.001 0.016 0.004 0.009 0.117 0.742 
 334 K _   0.007 0.084 0.001 0.013 0.004 0.008 0.121 0.763 
 335 C _   0.007 0.068 0.000 0.010 0.003 0.008 0.124 0.781 
 336 P _   0.006 0.056 0.000 0.008 0.002 0.007 0.126 0.794 
 337 P _   0.005 0.048 0.000 0.007 0.002 0.006 0.127 0.804 
 338 H _   0.005 0.043 0.000 0.006 0.002 0.006 0.128 0.810 
 339 S _   0.004 0.041 0.000 0.005 0.002 0.006 0.128 0.813 
 340 Y _   0.004 0.041 0.000 0.006 0.002 0.006 0.128 0.813 
 341 T _   0.004 0.042 0.000 0.007 0.002 0.007 0.127 0.811 
 342 H _   0.004 0.045 0.000 0.008 0.002 0.007 0.126 0.806 
 343 E _   0.005 0.051 0.000 0.011 0.003 0.008 0.124 0.798 
 344 E _   0.005 0.059 0.000 0.015 0.004 0.009 0.121 0.787 
 345 A _   0.005 0.069 0.001 0.019 0.004 0.010 0.118 0.773 
 346 S _   0.005 0.080 0.001 0.023 0.005 0.011 0.116 0.759 
 347 T _   0.005 0.090 0.001 0.028 0.006 0.012 0.113 0.746 
 348 S _   0.005 0.097 0.001 0.032 0.007 0.012 0.111 0.735 
 349 C _   0.006 0.102 0.001 0.035 0.007 0.012 0.110 0.728 
 350 V _   0.006 0.105 0.001 0.036 0.007 0.012 0.109 0.724 
 351 C _   0.006 0.104 0.001 0.035 0.007 0.012 0.109 0.725 
 352 E _   0.006 0.102 0.001 0.033 0.007 0.012 0.109 0.731 
 353 K _   0.007 0.096 0.001 0.029 0.006 0.011 0.110 0.741 
 354 D _   0.007 0.088 0.001 0.024 0.005 0.010 0.111 0.754 
 355 Y _   0.007 0.078 0.001 0.019 0.005 0.009 0.112 0.770 
 356 F _   0.006 0.068 0.000 0.014 0.004 0.009 0.114 0.784 
 357 R _   0.006 0.059 0.000 0.011 0.003 0.008 0.115 0.797 
 358 R _   0.006 0.053 0.000 0.009 0.003 0.007 0.116 0.807 
 359 E _   0.005 0.048 0.000 0.007 0.002 0.007 0.116 0.813 
 360 S _   0.005 0.046 0.000 0.007 0.002 0.007 0.116 0.815 
 361 D _   0.005 0.046 0.000 0.008 0.002 0.007 0.116 0.815 
 362 P _   0.006 0.047 0.000 0.009 0.003 0.008 0.115 0.812 
 363 P _   0.006 0.049 0.000 0.011 0.003 0.008 0.115 0.807 
 364 T _   0.006 0.051 0.000 0.014 0.004 0.009 0.114 0.802 
 365 M _   0.006 0.054 0.001 0.016 0.004 0.009 0.113 0.797 
 366 A _   0.006 0.056 0.001 0.018 0.004 0.009 0.112 0.794 
 367 C _   0.006 0.056 0.001 0.018 0.004 0.009 0.111 0.795 
 368 T _   0.005 0.056 0.000 0.017 0.004 0.008 0.111 0.798 
 369 R _   0.005 0.056 0.000 0.015 0.004 0.008 0.110 0.803 
 370 P _   0.005 0.054 0.000 0.012 0.003 0.007 0.109 0.809 
 371 P _   0.004 0.053 0.000 0.010 0.003 0.007 0.108 0.814 
 372 S _   0.004 0.053 0.000 0.009 0.002 0.007 0.108 0.818 
 373 A _   0.004 0.053 0.000 0.008 0.002 0.007 0.106 0.819 
 374 P _   0.004 0.055 0.000 0.007 0.002 0.007 0.105 0.819 
 375 R _   0.004 0.059 0.000 0.008 0.002 0.008 0.103 0.815 
 376 N _   0.005 0.066 0.000 0.009 0.003 0.009 0.100 0.808 
 377 A _   0.005 0.076 0.000 0.011 0.004 0.011 0.098 0.795 
 378 I _   0.006 0.091 0.001 0.014 0.005 0.013 0.094 0.778 
 379 S _   0.007 0.111 0.001 0.017 0.006 0.015 0.090 0.753 
 380 N _   0.008 0.137 0.001 0.021 0.008 0.017 0.086 0.722 
 381 V _   0.009 0.170 0.001 0.025 0.010 0.020 0.081 0.684 
 382 N _   0.010 0.206 0.001 0.031 0.013 0.022 0.076 0.640 
 383 E _   0.011 0.244 0.001 0.038 0.015 0.023 0.071 0.596 
 384 T _   0.011 0.277 0.002 0.046 0.017 0.024 0.067 0.555 
 385 S _   0.012 0.303 0.002 0.053 0.018 0.024 0.064 0.523 
 386 V _   0.012 0.320 0.001 0.059 0.019 0.024 0.062 0.503 
 387 F _   0.012 0.328 0.001 0.062 0.018 0.023 0.061 0.494 
 388 L _   0.013 0.329 0.001 0.063 0.017 0.022 0.061 0.495 
 389 E _   0.012 0.322 0.001 0.060 0.016 0.020 0.061 0.507 
 390 W _   0.012 0.306 0.001 0.054 0.014 0.018 0.062 0.532 
 391 I _   0.012 0.278 0.001 0.045 0.012 0.016 0.063 0.572 
 392 P _   0.011 0.236 0.001 0.035 0.010 0.014 0.066 0.626 
 393 P _   0.011 0.188 0.001 0.025 0.008 0.013 0.068 0.687 
 394 A _   0.010 0.143 0.001 0.017 0.005 0.011 0.070 0.743 
 395 D _   0.008 0.110 0.001 0.011 0.004 0.009 0.072 0.786 
 396 T _   0.007 0.092 0.000 0.007 0.003 0.008 0.072 0.812 
 397 G _   0.006 0.083 0.000 0.005 0.002 0.007 0.072 0.825 
 398 G _   0.005 0.080 0.000 0.005 0.002 0.007 0.071 0.830 
 399 R _   0.005 0.081 0.000 0.006 0.002 0.008 0.070 0.828 
 400 K _   0.005 0.085 0.000 0.009 0.003 0.009 0.068 0.821 
 401 D _   0.006 0.095 0.000 0.013 0.004 0.010 0.066 0.806 
 402 V _   0.006 0.109 0.001 0.019 0.005 0.011 0.063 0.787 
 403 S _   0.006 0.123 0.001 0.024 0.006 0.012 0.060 0.768 
 404 Y _   0.005 0.136 0.001 0.029 0.007 0.012 0.058 0.752 
 405 Y _   0.005 0.146 0.001 0.031 0.007 0.012 0.056 0.744 
 406 I _   0.005 0.151 0.001 0.030 0.007 0.011 0.054 0.742 
 407 A _   0.005 0.153 0.001 0.027 0.006 0.010 0.053 0.745 
 408 C _   0.005 0.152 0.001 0.023 0.005 0.010 0.051 0.753 
 409 K _   0.004 0.150 0.001 0.019 0.004 0.009 0.051 0.762 
 410 K _   0.004 0.147 0.000 0.015 0.004 0.009 0.050 0.771 
 411 C _   0.004 0.145 0.000 0.012 0.003 0.009 0.049 0.777 
 412 N _   0.004 0.145 0.000 0.011 0.003 0.009 0.048 0.778 
 413 S _   0.005 0.148 0.000 0.011 0.004 0.010 0.047 0.775 
 414 H _   0.006 0.153 0.001 0.013 0.004 0.012 0.046 0.766 
 415 A _   0.007 0.162 0.001 0.016 0.005 0.013 0.044 0.752 
 416 G _   0.008 0.174 0.001 0.020 0.007 0.015 0.043 0.734 
 417 V _   0.009 0.186 0.001 0.024 0.008 0.016 0.041 0.714 
 418 C _   0.009 0.197 0.001 0.029 0.010 0.017 0.040 0.697 
 419 E _   0.009 0.205 0.001 0.033 0.011 0.018 0.039 0.684 
 420 E _   0.010 0.209 0.001 0.036 0.012 0.019 0.038 0.676 
 421 C _   0.010 0.210 0.001 0.037 0.012 0.019 0.037 0.673 
 422 G _   0.010 0.207 0.001 0.038 0.012 0.019 0.037 0.675 
 423 G _   0.011 0.200 0.001 0.037 0.012 0.019 0.038 0.682 
 424 H _   0.011 0.189 0.001 0.035 0.012 0.018 0.038 0.696 
 425 V _   0.011 0.172 0.001 0.032 0.011 0.018 0.039 0.714 
 426 R _   0.012 0.150 0.001 0.029 0.010 0.018 0.040 0.740 
 427 Y _   0.012 0.123 0.001 0.024 0.009 0.017 0.042 0.772 
 428 L _   0.012 0.091 0.001 0.019 0.008 0.017 0.043 0.809 
 429 P _   0.011 0.061 0.001 0.014 0.006 0.017 0.045 0.844 
 430 R _   0.011 0.039 0.001 0.010 0.005 0.017 0.046 0.871 
 431 Q _   0.012 0.024 0.001 0.007 0.004 0.018 0.046 0.889 
 432 S _   0.014 0.016 0.000 0.005 0.004 0.019 0.047 0.896 
 433 G _   0.017 0.013 0.000 0.004 0.004 0.022 0.047 0.893 
 434 L _   0.023 0.012 0.001 0.004 0.006 0.026 0.046 0.881 
 435 K _   0.033 0.014 0.001 0.006 0.009 0.033 0.046 0.859 
 436 N _   0.045 0.018 0.001 0.010 0.016 0.041 0.045 0.823 
 437 T _   0.059 0.026 0.002 0.017 0.024 0.050 0.044 0.777 
 438 S _   0.072 0.038 0.002 0.027 0.034 0.057 0.043 0.728 
 439 V _   0.082 0.049 0.002 0.038 0.041 0.061 0.043 0.684 
 440 M _   0.089 0.056 0.002 0.046 0.045 0.063 0.043 0.655 
 441 M _   0.093 0.059 0.002 0.050 0.046 0.063 0.043 0.643 
 442 V _   0.095 0.058 0.003 0.048 0.044 0.060 0.044 0.648 
 443 D _   0.094 0.054 0.002 0.041 0.039 0.056 0.045 0.668 
 444 L _   0.090 0.044 0.002 0.031 0.033 0.052 0.047 0.701 
 445 L _   0.083 0.032 0.002 0.021 0.026 0.047 0.048 0.741 
 446 A _   0.075 0.021 0.001 0.013 0.019 0.042 0.050 0.778 
 447 H _   0.066 0.013 0.001 0.008 0.014 0.038 0.051 0.807 
 448 T _   0.058 0.010 0.001 0.006 0.011 0.035 0.052 0.827 
 449 N _   0.052 0.009 0.001 0.006 0.010 0.033 0.053 0.837 
 450 Y _   0.047 0.009 0.001 0.008 0.010 0.032 0.054 0.840 
 451 T _   0.043 0.010 0.001 0.011 0.011 0.031 0.055 0.838 
 452 F _   0.040 0.013 0.001 0.016 0.012 0.030 0.056 0.833 
 453 E _   0.036 0.016 0.001 0.021 0.013 0.028 0.057 0.829 
 454 I _   0.032 0.018 0.001 0.025 0.013 0.026 0.058 0.828 
 455 E _   0.027 0.019 0.001 0.026 0.012 0.023 0.059 0.832 
 456 A _   0.023 0.019 0.001 0.025 0.011 0.020 0.060 0.841 
 457 V _   0.019 0.018 0.001 0.022 0.009 0.018 0.062 0.852 
 458 N _   0.016 0.016 0.001 0.017 0.007 0.015 0.063 0.866 
 459 G _   0.013 0.013 0.001 0.013 0.005 0.013 0.065 0.878 
 460 V _   0.011 0.011 0.000 0.009 0.004 0.011 0.066 0.888 
 461 S _   0.009 0.009 0.000 0.007 0.003 0.010 0.067 0.895 
 462 D _   0.008 0.009 0.000 0.005 0.003 0.009 0.067 0.898 
 463 L _   0.008 0.009 0.000 0.005 0.003 0.009 0.067 0.899 
 464 S _   0.008 0.010 0.000 0.005 0.003 0.010 0.068 0.896 
 465 P _   0.009 0.013 0.000 0.007 0.004 0.012 0.067 0.889 
 466 G _   0.010 0.018 0.001 0.009 0.005 0.013 0.067 0.877 
 467 A _   0.011 0.026 0.001 0.013 0.006 0.015 0.066 0.861 
 468 R _   0.012 0.037 0.001 0.018 0.008 0.017 0.066 0.841 
 469 Q _   0.012 0.048 0.001 0.024 0.010 0.019 0.065 0.821 
 470 Y _   0.012 0.059 0.001 0.029 0.011 0.020 0.065 0.803 
 471 V _   0.013 0.066 0.001 0.033 0.013 0.020 0.065 0.789 
 472 S _   0.013 0.071 0.001 0.036 0.013 0.021 0.065 0.780 
 473 V _   0.013 0.074 0.001 0.037 0.013 0.020 0.066 0.775 
 474 N _   0.013 0.074 0.001 0.036 0.013 0.020 0.067 0.776 
 475 V _   0.013 0.072 0.001 0.034 0.012 0.019 0.069 0.780 
 476 T _   0.013 0.068 0.001 0.031 0.011 0.017 0.071 0.788 
 477 T _   0.013 0.061 0.001 0.027 0.009 0.016 0.073 0.800 
 478 N _   0.012 0.053 0.001 0.022 0.008 0.014 0.076 0.814 
 479 Q _   0.011 0.045 0.001 0.018 0.006 0.012 0.078 0.829 
 480 A _   0.010 0.036 0.001 0.014 0.005 0.011 0.081 0.843 
 481 A _   0.009 0.029 0.001 0.010 0.004 0.010 0.082 0.855 
 482 P _   0.008 0.024 0.000 0.008 0.003 0.008 0.084 0.864 
 483 S _   0.008 0.021 0.000 0.006 0.002 0.008 0.085 0.870 
 484 P _   0.007 0.019 0.000 0.005 0.002 0.007 0.086 0.873 
 485 V _   0.007 0.018 0.000 0.005 0.002 0.007 0.086 0.874 
 486 T _   0.007 0.019 0.000 0.006 0.002 0.008 0.086 0.872 
 487 N _   0.007 0.021 0.000 0.007 0.003 0.008 0.086 0.869 
 488 V _   0.007 0.024 0.000 0.008 0.003 0.009 0.085 0.863 
 489 K _   0.007 0.028 0.000 0.011 0.004 0.010 0.085 0.856 
 490 K _   0.007 0.033 0.001 0.013 0.004 0.011 0.084 0.847 
 491 G _   0.007 0.039 0.001 0.016 0.005 0.012 0.083 0.837 
 492 K _   0.008 0.046 0.001 0.019 0.006 0.012 0.082 0.827 
 493 I _   0.008 0.052 0.001 0.022 0.006 0.013 0.081 0.818 
 494 A _   0.008 0.057 0.001 0.025 0.007 0.013 0.080 0.810 
 495 K _   0.008 0.060 0.001 0.027 0.007 0.013 0.080 0.804 
 496 N _   0.008 0.063 0.001 0.029 0.007 0.013 0.080 0.800 
 497 S _   0.008 0.063 0.001 0.030 0.007 0.013 0.080 0.798 
 498 I _   0.008 0.062 0.001 0.029 0.007 0.012 0.081 0.799 
 499 S _   0.009 0.058 0.001 0.027 0.006 0.012 0.082 0.805 
 500 L _   0.008 0.053 0.001 0.024 0.006 0.011 0.084 0.814 
 501 S _   0.008 0.045 0.001 0.020 0.005 0.010 0.086 0.826 
 502 W _   0.008 0.037 0.000 0.015 0.004 0.008 0.087 0.841 
 503 Q _   0.007 0.028 0.000 0.010 0.003 0.007 0.088 0.856 
 504 E _   0.006 0.021 0.000 0.007 0.002 0.006 0.089 0.869 
 505 P _   0.005 0.017 0.000 0.005 0.002 0.005 0.089 0.877 
 506 D _   0.004 0.015 0.000 0.003 0.001 0.005 0.089 0.882 
 507 R _   0.004 0.014 0.000 0.003 0.001 0.006 0.088 0.883 
 508 P _   0.005 0.016 0.000 0.004 0.002 0.007 0.086 0.880 
 509 N _   0.006 0.021 0.000 0.007 0.003 0.010 0.084 0.869 
 510 G _   0.007 0.034 0.001 0.013 0.005 0.013 0.080 0.847 
 511 I _   0.008 0.058 0.001 0.023 0.008 0.016 0.076 0.810 
 512 I _   0.009 0.090 0.001 0.037 0.011 0.019 0.071 0.762 
 513 L _   0.009 0.120 0.001 0.051 0.013 0.020 0.066 0.720 
 514 E _   0.009 0.139 0.001 0.061 0.014 0.021 0.062 0.692 
 515 Y _   0.009 0.149 0.001 0.066 0.015 0.021 0.060 0.679 
 516 E _   0.009 0.153 0.001 0.066 0.014 0.020 0.058 0.679 
 517 I _   0.009 0.150 0.001 0.061 0.013 0.019 0.057 0.689 
 518 K _   0.008 0.142 0.001 0.053 0.012 0.017 0.056 0.710 
 519 Y _   0.008 0.127 0.001 0.042 0.010 0.015 0.056 0.740 
 520 F _   0.008 0.106 0.001 0.031 0.008 0.014 0.057 0.775 
 521 E _   0.008 0.083 0.001 0.021 0.006 0.012 0.057 0.811 
 522 K _   0.008 0.064 0.001 0.014 0.005 0.011 0.057 0.841 
 523 D _   0.007 0.049 0.000 0.010 0.004 0.010 0.058 0.862 
 524 Q _   0.007 0.041 0.000 0.007 0.003 0.009 0.057 0.875 
 525 E _   0.007 0.036 0.000 0.006 0.003 0.009 0.057 0.881 
 526 T _   0.007 0.034 0.000 0.006 0.003 0.010 0.056 0.884 
 527 S _   0.007 0.034 0.000 0.007 0.003 0.010 0.055 0.883 
 528 Y _   0.008 0.035 0.000 0.009 0.004 0.011 0.053 0.880 
 529 T _   0.008 0.037 0.001 0.011 0.004 0.012 0.052 0.875 
 530 I _   0.009 0.041 0.001 0.013 0.005 0.013 0.050 0.869 
 531 I _   0.009 0.045 0.001 0.015 0.006 0.014 0.048 0.862 
 532 K _   0.010 0.049 0.001 0.017 0.007 0.016 0.046 0.855 
 533 S _   0.010 0.052 0.001 0.019 0.008 0.016 0.044 0.850 
 534 K _   0.011 0.055 0.001 0.020 0.009 0.017 0.043 0.845 
 535 E _   0.011 0.057 0.001 0.022 0.009 0.018 0.041 0.841 
 536 T _   0.011 0.059 0.001 0.022 0.009 0.018 0.040 0.839 
 537 T _   0.012 0.060 0.001 0.022 0.009 0.018 0.039 0.840 
 538 I _   0.012 0.059 0.001 0.021 0.009 0.018 0.038 0.842 
 539 T _   0.012 0.058 0.001 0.019 0.008 0.018 0.037 0.847 
 540 A _   0.012 0.057 0.001 0.017 0.008 0.018 0.036 0.852 
 541 E _   0.012 0.054 0.001 0.014 0.007 0.018 0.036 0.858 
 542 G _   0.013 0.052 0.001 0.012 0.006 0.018 0.035 0.864 
 543 L _   0.014 0.051 0.001 0.010 0.006 0.018 0.034 0.867 
 544 K _   0.015 0.050 0.001 0.009 0.006 0.020 0.033 0.867 
 545 P _   0.017 0.051 0.001 0.008 0.007 0.021 0.032 0.863 
 546 A _   0.019 0.054 0.001 0.009 0.008 0.023 0.031 0.855 
 547 S _   0.021 0.059 0.001 0.010 0.009 0.026 0.030 0.843 
 548 V _   0.023 0.068 0.001 0.013 0.011 0.029 0.029 0.827 
 549 Y _   0.026 0.079 0.001 0.015 0.013 0.031 0.028 0.807 
 550 V _   0.028 0.092 0.001 0.019 0.016 0.033 0.026 0.785 
 551 F _   0.029 0.106 0.001 0.022 0.018 0.035 0.025 0.764 
 552 Q _   0.030 0.119 0.001 0.024 0.019 0.036 0.024 0.746 
 553 I _   0.031 0.130 0.001 0.025 0.020 0.037 0.023 0.733 
 554 R _   0.031 0.138 0.001 0.026 0.020 0.037 0.022 0.725 
 555 A _   0.030 0.144 0.001 0.026 0.020 0.037 0.021 0.720 
 556 R _   0.029 0.149 0.001 0.026 0.020 0.036 0.020 0.718 
 557 T _   0.028 0.152 0.001 0.025 0.019 0.034 0.020 0.720 
 558 A _   0.027 0.153 0.001 0.025 0.018 0.033 0.020 0.724 
 559 A _   0.025 0.154 0.001 0.024 0.016 0.031 0.019 0.729 
 560 G _   0.024 0.153 0.001 0.023 0.015 0.030 0.019 0.735 
 561 Y _   0.023 0.151 0.001 0.022 0.014 0.028 0.019 0.742 
 562 G _   0.022 0.149 0.001 0.022 0.013 0.027 0.018 0.748 
 563 V _   0.021 0.145 0.001 0.021 0.012 0.025 0.018 0.756 
 564 F _   0.020 0.140 0.001 0.020 0.011 0.024 0.018 0.765 
 565 S _   0.020 0.135 0.001 0.019 0.011 0.023 0.018 0.773 
 566 R _   0.019 0.129 0.001 0.018 0.011 0.022 0.018 0.782 
 567 R _   0.018 0.122 0.001 0.018 0.010 0.021 0.018 0.792 
 568 F _   0.017 0.116 0.001 0.018 0.010 0.021 0.018 0.800 
 569 E _   0.016 0.110 0.001 0.018 0.010 0.020 0.018 0.807 
 570 F _   0.015 0.105 0.001 0.019 0.009 0.019 0.018 0.814 
 571 E _   0.014 0.099 0.001 0.020 0.009 0.018 0.018 0.820 
 572 T _   0.014 0.093 0.001 0.021 0.009 0.017 0.018 0.828 
 573 T _   0.013 0.086 0.001 0.022 0.009 0.016 0.018 0.836 
 574 P _   0.013 0.078 0.001 0.022 0.008 0.015 0.018 0.846 
 575 V _   0.012 0.068 0.001 0.021 0.008 0.014 0.018 0.860 
 576 S _   0.011 0.055 0.001 0.018 0.007 0.012 0.018 0.877 
 577 V _   0.011 0.041 0.001 0.015 0.006 0.011 0.019 0.897 
 578 A _   0.011 0.027 0.001 0.011 0.005 0.009 0.019 0.918 
 579 A _   0.011 0.015 0.001 0.008 0.004 0.008 0.019 0.935 
 580 S _   0.012 0.007 0.000 0.005 0.003 0.007 0.018 0.948 
 581 S _   0.014 0.003 0.000 0.003 0.002 0.006 0.018 0.953 
 582 D _   0.019 0.001 0.000 0.002 0.002 0.006 0.017 0.952 
 583 Q _   0.030 0.000 0.000 0.002 0.002 0.006 0.016 0.944 
 584 S _   0.047 0.000 0.000 0.001 0.002 0.006 0.015 0.928 
 585 Q _   0.075 0.000 0.000 0.001 0.003 0.006 0.014 0.900 
 586 I _   0.116 0.000 0.000 0.001 0.003 0.007 0.012 0.860 
 587 P _   0.169 0.000 0.001 0.001 0.004 0.007 0.011 0.808 
 588 V _   0.231 0.000 0.001 0.001 0.004 0.007 0.010 0.747 
 589 I _   0.304 0.000 0.001 0.001 0.005 0.007 0.008 0.675 
 590 A _   0.388 0.000 0.001 0.000 0.005 0.006 0.007 0.592 
 591 V _   0.483 0.000 0.001 0.000 0.005 0.006 0.006 0.498 
 592 S H   0.582 0.000 0.001 0.000 0.005 0.005 0.006 0.400 
 593 V H   0.679 0.000 0.001 0.000 0.005 0.005 0.005 0.305 
 594 T H   0.766 0.000 0.001 0.000 0.005 0.004 0.004 0.219 
 595 V H   0.837 0.000 0.001 0.000 0.006 0.004 0.003 0.149 
 596 G H   0.889 0.000 0.001 0.000 0.006 0.003 0.003 0.098 
 597 V H   0.924 0.000 0.001 0.000 0.006 0.003 0.002 0.064 
 598 I H   0.945 0.000 0.001 0.000 0.007 0.002 0.002 0.044 
 599 L H   0.955 0.000 0.001 0.000 0.007 0.002 0.001 0.033 
 600 L H   0.960 0.000 0.001 0.000 0.007 0.002 0.001 0.028 
 601 A H   0.960 0.000 0.001 0.000 0.008 0.002 0.001 0.028 
 602 V H   0.955 0.000 0.001 0.000 0.008 0.002 0.001 0.032 
 603 V H   0.945 0.000 0.001 0.000 0.009 0.003 0.001 0.041 
 604 I H   0.928 0.000 0.001 0.000 0.009 0.003 0.001 0.057 
 605 G H   0.903 0.000 0.001 0.000 0.010 0.003 0.001 0.082 
 606 V H   0.868 0.000 0.001 0.000 0.010 0.004 0.001 0.116 
 607 L H   0.820 0.000 0.001 0.000 0.010 0.005 0.002 0.161 
 608 L H   0.762 0.000 0.001 0.000 0.010 0.005 0.003 0.219 
 609 S H   0.692 0.000 0.001 0.001 0.010 0.006 0.003 0.286 
 610 G H   0.618 0.000 0.001 0.001 0.010 0.007 0.005 0.359 
 611 S H   0.541 0.000 0.001 0.001 0.009 0.009 0.006 0.434 
 612 C _   0.466 0.000 0.001 0.001 0.008 0.010 0.008 0.507 
 613 C _   0.400 0.000 0.001 0.001 0.008 0.011 0.010 0.570 
 614 E _   0.344 0.000 0.001 0.001 0.007 0.013 0.012 0.622 
 615 C _   0.302 0.000 0.001 0.002 0.007 0.015 0.013 0.660 
 616 G _   0.272 0.000 0.001 0.002 0.007 0.017 0.015 0.686 
 617 C _   0.251 0.000 0.001 0.002 0.008 0.020 0.017 0.701 
 618 G _   0.238 0.000 0.001 0.003 0.009 0.024 0.019 0.707 
 619 R _   0.233 0.000 0.001 0.003 0.010 0.028 0.020 0.704 
 620 A _   0.231 0.000 0.001 0.004 0.013 0.032 0.022 0.696 
 621 S _   0.234 0.001 0.001 0.005 0.017 0.037 0.024 0.680 
 622 S _   0.239 0.002 0.001 0.006 0.021 0.042 0.027 0.662 
 623 L _   0.245 0.003 0.002 0.008 0.026 0.047 0.029 0.641 
 624 C _   0.249 0.006 0.002 0.010 0.031 0.050 0.032 0.619 
 625 A _   0.252 0.010 0.002 0.013 0.036 0.053 0.035 0.599 
 626 V _   0.250 0.015 0.002 0.016 0.040 0.055 0.039 0.583 
 627 A _   0.246 0.020 0.002 0.020 0.042 0.055 0.044 0.571 
 628 H _   0.236 0.026 0.002 0.024 0.043 0.054 0.049 0.566 
 629 P _   0.222 0.031 0.002 0.029 0.042 0.052 0.055 0.566 
 630 S _   0.205 0.034 0.002 0.033 0.040 0.049 0.062 0.573 
 631 L _   0.183 0.036 0.002 0.037 0.036 0.046 0.071 0.590 
 632 I _   0.157 0.036 0.002 0.038 0.031 0.041 0.081 0.614 
 633 W _   0.130 0.034 0.002 0.036 0.024 0.035 0.092 0.646 
 634 R _   0.102 0.029 0.002 0.032 0.018 0.030 0.104 0.684 
 635 C _   0.077 0.024 0.001 0.025 0.012 0.024 0.115 0.722 
 636 G _   0.056 0.017 0.001 0.019 0.008 0.018 0.125 0.756 
 637 Y _   0.039 0.012 0.001 0.012 0.005 0.014 0.134 0.784 
 638 S _   0.026 0.008 0.000 0.008 0.003 0.010 0.140 0.804 
 639 K _   0.018 0.005 0.000 0.005 0.002 0.008 0.145 0.818 
 640 A _   0.012 0.004 0.000 0.004 0.001 0.006 0.148 0.825 
 641 K _   0.008 0.004 0.000 0.003 0.001 0.005 0.150 0.829 
 642 Q _   0.006 0.004 0.000 0.003 0.001 0.005 0.152 0.830 
 643 D _   0.005 0.005 0.000 0.003 0.001 0.005 0.152 0.828 
 644 P _   0.005 0.008 0.000 0.004 0.001 0.006 0.151 0.824 
 645 E _   0.005 0.014 0.000 0.006 0.002 0.007 0.150 0.817 
 646 E _   0.005 0.024 0.000 0.009 0.003 0.008 0.147 0.804 
 647 E _   0.005 0.040 0.000 0.012 0.003 0.009 0.144 0.786 
 648 K _   0.005 0.060 0.001 0.016 0.004 0.011 0.139 0.764 
 649 M _   0.005 0.083 0.001 0.020 0.005 0.012 0.135 0.740 
 650 H _   0.005 0.108 0.001 0.023 0.006 0.013 0.130 0.715 
 651 F _   0.005 0.132 0.001 0.025 0.006 0.013 0.125 0.692 
 652 H _   0.005 0.155 0.001 0.028 0.007 0.014 0.121 0.669 
 653 N _   0.006 0.176 0.001 0.030 0.008 0.015 0.117 0.647 
 654 G _   0.006 0.195 0.001 0.033 0.009 0.016 0.114 0.626 
 655 H _   0.007 0.212 0.001 0.036 0.009 0.017 0.112 0.607 
 656 I _   0.007 0.226 0.001 0.039 0.010 0.017 0.110 0.588 
 657 K _   0.008 0.237 0.001 0.043 0.011 0.018 0.108 0.573 
 658 L _   0.008 0.244 0.001 0.047 0.012 0.018 0.107 0.561 
 659 P _   0.009 0.247 0.001 0.050 0.012 0.018 0.107 0.555 
 660 G _   0.009 0.245 0.001 0.051 0.012 0.018 0.108 0.555 
 661 V _   0.010 0.239 0.001 0.051 0.012 0.017 0.110 0.562 
 662 R _   0.010 0.226 0.001 0.048 0.011 0.016 0.112 0.576 
 663 T _   0.010 0.204 0.001 0.043 0.010 0.015 0.115 0.602 
