#TopoPred_TM8: 8-state transmembrane topology prediction results by no_profile mode 
#probabilities are in the order of H E C I L F X _, the 8 transmembrane topology types used in PDBTM 
   1 M X   0.016 0.001 0.002 0.050 0.010 0.011 0.686 0.223 
   2 D X   0.006 0.000 0.000 0.029 0.002 0.006 0.704 0.252 
   3 M X   0.002 0.000 0.000 0.015 0.001 0.004 0.707 0.271 
   4 F X   0.002 0.000 0.000 0.010 0.001 0.004 0.702 0.281 
   5 Q X   0.002 0.001 0.000 0.008 0.001 0.006 0.692 0.289 
   6 K X   0.004 0.001 0.000 0.008 0.002 0.009 0.678 0.298 
   7 V X   0.005 0.002 0.000 0.009 0.003 0.011 0.662 0.307 
   8 E X   0.007 0.005 0.000 0.012 0.004 0.014 0.642 0.315 
   9 K X   0.008 0.009 0.001 0.017 0.005 0.016 0.619 0.324 
  10 I X   0.009 0.016 0.001 0.024 0.008 0.018 0.593 0.331 
  11 G X   0.009 0.023 0.001 0.031 0.010 0.019 0.568 0.339 
  12 E X   0.009 0.029 0.001 0.037 0.012 0.020 0.545 0.348 
  13 G X   0.009 0.034 0.001 0.041 0.013 0.020 0.525 0.358 
  14 T X   0.009 0.036 0.001 0.042 0.013 0.020 0.509 0.371 
  15 Y X   0.009 0.037 0.001 0.041 0.012 0.019 0.496 0.386 
  16 G X   0.009 0.036 0.001 0.037 0.011 0.017 0.485 0.405 
  17 V X   0.008 0.033 0.001 0.032 0.009 0.015 0.475 0.426 
  18 V X   0.008 0.029 0.001 0.025 0.007 0.014 0.467 0.450 
  19 Y _   0.008 0.024 0.001 0.018 0.006 0.012 0.459 0.474 
  20 K _   0.007 0.018 0.001 0.013 0.004 0.010 0.451 0.496 
  21 A _   0.006 0.014 0.000 0.008 0.003 0.009 0.443 0.516 
  22 K _   0.006 0.011 0.000 0.006 0.003 0.008 0.435 0.531 
  23 N _   0.005 0.009 0.000 0.005 0.002 0.008 0.426 0.543 
  24 R _   0.005 0.009 0.000 0.005 0.002 0.008 0.417 0.553 
  25 E _   0.006 0.009 0.000 0.006 0.003 0.009 0.407 0.560 
  26 T _   0.006 0.010 0.000 0.008 0.004 0.010 0.397 0.565 
  27 G _   0.007 0.012 0.001 0.011 0.005 0.011 0.386 0.568 
  28 Q _   0.007 0.014 0.001 0.015 0.006 0.012 0.375 0.570 
  29 L _   0.008 0.016 0.001 0.019 0.007 0.013 0.363 0.572 
  30 V _   0.008 0.018 0.001 0.022 0.008 0.014 0.353 0.577 
  31 A _   0.008 0.018 0.001 0.023 0.008 0.014 0.343 0.584 
  32 L _   0.008 0.018 0.001 0.022 0.008 0.014 0.335 0.594 
  33 K _   0.008 0.017 0.001 0.020 0.007 0.014 0.327 0.606 
  34 K _   0.008 0.015 0.001 0.017 0.006 0.014 0.320 0.619 
  35 I _   0.008 0.013 0.001 0.014 0.006 0.013 0.314 0.631 
  36 R _   0.009 0.010 0.001 0.011 0.005 0.013 0.308 0.643 
  37 L _   0.009 0.008 0.001 0.009 0.005 0.013 0.302 0.653 
  38 D _   0.010 0.006 0.001 0.008 0.004 0.014 0.296 0.661 
  39 L _   0.011 0.005 0.000 0.007 0.004 0.015 0.291 0.667 
  40 E _   0.013 0.004 0.001 0.006 0.004 0.016 0.285 0.671 
  41 M _   0.016 0.004 0.001 0.006 0.005 0.018 0.279 0.672 
  42 E _   0.019 0.004 0.001 0.006 0.006 0.020 0.273 0.671 
  43 G _   0.024 0.005 0.001 0.007 0.007 0.023 0.266 0.668 
  44 V _   0.029 0.006 0.001 0.008 0.010 0.027 0.259 0.660 
  45 P _   0.036 0.007 0.001 0.010 0.013 0.031 0.253 0.650 
  46 S _   0.042 0.010 0.001 0.012 0.017 0.035 0.246 0.636 
  47 T _   0.049 0.013 0.001 0.016 0.021 0.038 0.239 0.621 
  48 A _   0.054 0.017 0.002 0.020 0.025 0.041 0.234 0.608 
  49 I _   0.057 0.020 0.002 0.025 0.027 0.042 0.229 0.598 
  50 R _   0.059 0.022 0.002 0.028 0.028 0.042 0.225 0.594 
  51 E _   0.057 0.023 0.002 0.030 0.027 0.040 0.223 0.599 
  52 I _   0.054 0.023 0.002 0.029 0.024 0.037 0.220 0.610 
  53 S _   0.051 0.021 0.001 0.026 0.021 0.034 0.219 0.628 
  54 L _   0.046 0.018 0.001 0.022 0.017 0.030 0.217 0.649 
  55 L _   0.040 0.013 0.001 0.016 0.013 0.026 0.216 0.673 
  56 K _   0.035 0.009 0.001 0.012 0.010 0.022 0.215 0.696 
  57 E _   0.030 0.005 0.001 0.008 0.007 0.019 0.215 0.716 
  58 L _   0.025 0.003 0.001 0.006 0.005 0.017 0.213 0.730 
  59 K _   0.022 0.002 0.000 0.004 0.004 0.015 0.212 0.740 
  60 H _   0.020 0.001 0.000 0.004 0.004 0.014 0.211 0.746 
  61 P _   0.018 0.001 0.000 0.004 0.004 0.014 0.209 0.748 
  62 N _   0.018 0.001 0.000 0.005 0.004 0.014 0.208 0.749 
  63 I _   0.018 0.002 0.001 0.007 0.005 0.014 0.206 0.748 
  64 V _   0.018 0.002 0.001 0.008 0.005 0.015 0.204 0.747 
  65 R _   0.017 0.002 0.001 0.010 0.006 0.015 0.202 0.747 
  66 L _   0.017 0.002 0.001 0.010 0.006 0.015 0.201 0.748 
  67 L _   0.017 0.002 0.001 0.010 0.006 0.015 0.199 0.751 
  68 D _   0.017 0.002 0.001 0.008 0.005 0.016 0.197 0.755 
  69 V _   0.017 0.002 0.001 0.007 0.005 0.016 0.195 0.759 
  70 V _   0.018 0.002 0.000 0.005 0.004 0.017 0.192 0.761 
  71 H _   0.021 0.002 0.000 0.004 0.004 0.019 0.190 0.761 
  72 N _   0.024 0.002 0.000 0.004 0.005 0.021 0.187 0.756 
  73 E _   0.030 0.003 0.001 0.004 0.007 0.026 0.184 0.746 
  74 R _   0.037 0.006 0.001 0.006 0.011 0.031 0.180 0.728 
  75 K _   0.046 0.014 0.001 0.010 0.016 0.037 0.176 0.700 
  76 L _   0.053 0.029 0.002 0.016 0.023 0.042 0.172 0.662 
  77 Y _   0.060 0.052 0.002 0.026 0.030 0.046 0.167 0.618 
  78 L _   0.062 0.074 0.002 0.036 0.034 0.047 0.164 0.580 
  79 V _   0.063 0.091 0.002 0.045 0.035 0.047 0.162 0.555 
  80 F _   0.061 0.101 0.002 0.051 0.035 0.045 0.160 0.544 
  81 E _   0.058 0.105 0.002 0.053 0.032 0.042 0.160 0.548 
  82 F _   0.053 0.104 0.002 0.051 0.028 0.038 0.161 0.564 
  83 L _   0.047 0.098 0.002 0.045 0.024 0.033 0.162 0.589 
  84 S _   0.040 0.087 0.002 0.038 0.019 0.028 0.164 0.622 
  85 Q _   0.034 0.070 0.001 0.029 0.014 0.024 0.166 0.661 
  86 D _   0.028 0.052 0.001 0.021 0.010 0.019 0.169 0.699 
  87 L _   0.023 0.034 0.001 0.015 0.007 0.016 0.172 0.733 
  88 K _   0.018 0.021 0.001 0.010 0.005 0.013 0.173 0.760 
  89 K _   0.015 0.011 0.000 0.007 0.003 0.010 0.174 0.779 
  90 Y _   0.011 0.006 0.000 0.005 0.002 0.008 0.175 0.793 
  91 M _   0.009 0.003 0.000 0.003 0.002 0.007 0.174 0.802 
  92 D _   0.008 0.001 0.000 0.003 0.001 0.007 0.172 0.808 
  93 S _   0.007 0.001 0.000 0.002 0.001 0.007 0.170 0.811 
  94 T _   0.008 0.000 0.000 0.002 0.001 0.008 0.167 0.813 
  95 P _   0.010 0.000 0.000 0.002 0.002 0.010 0.164 0.812 
  96 G _   0.013 0.000 0.000 0.003 0.002 0.014 0.159 0.808 
  97 S _   0.020 0.000 0.000 0.004 0.004 0.019 0.154 0.799 
  98 E _   0.029 0.000 0.001 0.005 0.006 0.025 0.148 0.786 
  99 L _   0.042 0.001 0.001 0.007 0.009 0.033 0.141 0.766 
 100 P _   0.060 0.001 0.001 0.009 0.014 0.042 0.132 0.740 
 101 L _   0.081 0.002 0.001 0.011 0.020 0.052 0.124 0.709 
 102 H _   0.106 0.003 0.002 0.013 0.027 0.061 0.115 0.674 
 103 L _   0.133 0.003 0.002 0.014 0.035 0.068 0.107 0.638 
 104 I _   0.161 0.004 0.002 0.014 0.043 0.075 0.099 0.603 
 105 K _   0.187 0.004 0.002 0.014 0.051 0.079 0.092 0.570 
 106 S _   0.210 0.005 0.002 0.014 0.057 0.082 0.086 0.543 
 107 Y _   0.230 0.005 0.002 0.014 0.061 0.082 0.082 0.522 
 108 L _   0.245 0.006 0.003 0.015 0.063 0.081 0.079 0.508 
 109 F _   0.255 0.006 0.003 0.016 0.062 0.079 0.076 0.504 
 110 Q _   0.258 0.006 0.003 0.016 0.059 0.075 0.074 0.509 
 111 L _   0.255 0.006 0.002 0.015 0.054 0.070 0.073 0.525 
 112 L _   0.244 0.005 0.002 0.014 0.047 0.063 0.072 0.551 
 113 Q _   0.228 0.005 0.002 0.013 0.039 0.057 0.072 0.584 
 114 G _   0.208 0.004 0.002 0.011 0.032 0.051 0.072 0.621 
 115 V _   0.184 0.003 0.002 0.010 0.025 0.045 0.072 0.659 
 116 S _   0.159 0.002 0.001 0.009 0.020 0.040 0.072 0.696 
 117 F _   0.133 0.002 0.001 0.009 0.016 0.035 0.072 0.732 
 118 C _   0.109 0.002 0.001 0.009 0.013 0.031 0.072 0.762 
 119 H _   0.088 0.002 0.001 0.010 0.011 0.028 0.073 0.787 
 120 S _   0.070 0.002 0.001 0.011 0.010 0.025 0.073 0.809 
 121 H _   0.054 0.002 0.001 0.011 0.008 0.021 0.073 0.828 
 122 R _   0.042 0.002 0.001 0.011 0.007 0.019 0.074 0.844 
 123 V _   0.033 0.002 0.001 0.011 0.006 0.016 0.074 0.858 
 124 I _   0.026 0.002 0.001 0.010 0.005 0.014 0.073 0.870 
 125 H _   0.020 0.001 0.001 0.008 0.004 0.012 0.073 0.881 
 126 R _   0.016 0.001 0.000 0.006 0.003 0.011 0.072 0.890 
 127 D _   0.013 0.001 0.000 0.005 0.003 0.010 0.072 0.897 
 128 L _   0.012 0.000 0.000 0.004 0.002 0.009 0.071 0.902 
 129 K _   0.011 0.000 0.000 0.003 0.002 0.009 0.069 0.904 
 130 P _   0.012 0.000 0.000 0.003 0.002 0.010 0.068 0.904 
 131 Q _   0.013 0.000 0.000 0.003 0.003 0.012 0.066 0.902 
 132 N _   0.016 0.001 0.000 0.004 0.004 0.015 0.064 0.895 
 133 L _   0.021 0.001 0.001 0.005 0.005 0.019 0.062 0.885 
 134 L _   0.027 0.003 0.001 0.008 0.008 0.024 0.059 0.870 
 135 I _   0.033 0.005 0.001 0.012 0.012 0.029 0.057 0.852 
 136 N _   0.039 0.007 0.001 0.017 0.015 0.034 0.054 0.833 
 137 E _   0.044 0.009 0.001 0.021 0.019 0.038 0.051 0.817 
 138 L _   0.049 0.011 0.001 0.024 0.021 0.041 0.049 0.804 
 139 G _   0.054 0.012 0.002 0.025 0.022 0.043 0.046 0.797 
 140 A _   0.057 0.012 0.002 0.024 0.023 0.044 0.044 0.796 
 141 I _   0.060 0.011 0.001 0.021 0.021 0.043 0.042 0.801 
 142 K _   0.061 0.009 0.001 0.017 0.019 0.043 0.041 0.809 
 143 L _   0.062 0.007 0.001 0.014 0.017 0.042 0.039 0.819 
 144 A _   0.063 0.005 0.001 0.011 0.015 0.041 0.038 0.826 
 145 D _   0.063 0.004 0.001 0.009 0.014 0.040 0.036 0.832 
 146 F _   0.064 0.003 0.001 0.008 0.013 0.039 0.035 0.835 
 147 G _   0.065 0.003 0.001 0.008 0.013 0.039 0.034 0.836 
 148 L _   0.066 0.003 0.001 0.009 0.014 0.039 0.033 0.835 
 149 A _   0.066 0.003 0.001 0.011 0.015 0.039 0.031 0.833 
 150 R _   0.067 0.004 0.001 0.012 0.016 0.039 0.030 0.831 
 151 A _   0.066 0.004 0.001 0.014 0.016 0.038 0.029 0.832 
 152 F _   0.064 0.004 0.001 0.014 0.016 0.037 0.028 0.836 
 153 G _   0.062 0.004 0.001 0.014 0.015 0.035 0.027 0.842 
 154 V _   0.060 0.003 0.001 0.013 0.014 0.034 0.027 0.849 
 155 P _   0.058 0.003 0.001 0.011 0.012 0.032 0.026 0.857 
 156 L _   0.057 0.002 0.001 0.009 0.011 0.031 0.025 0.864 
 157 R _   0.054 0.002 0.001 0.007 0.010 0.030 0.024 0.872 
 158 T _   0.052 0.001 0.001 0.006 0.010 0.030 0.023 0.877 
 159 Y _   0.051 0.001 0.001 0.006 0.010 0.030 0.022 0.879 
 160 T _   0.051 0.001 0.001 0.007 0.010 0.030 0.022 0.878 
 161 H _   0.052 0.002 0.001 0.008 0.011 0.031 0.021 0.875 
 162 E _   0.054 0.002 0.001 0.009 0.013 0.032 0.020 0.869 
 163 V _   0.057 0.003 0.001 0.011 0.014 0.032 0.019 0.863 
 164 V _   0.059 0.003 0.001 0.013 0.015 0.032 0.018 0.857 
 165 T _   0.061 0.004 0.001 0.015 0.016 0.032 0.018 0.853 
 166 L _   0.063 0.004 0.001 0.015 0.017 0.032 0.017 0.852 
 167 W _   0.063 0.004 0.001 0.015 0.016 0.031 0.016 0.854 
 168 Y _   0.065 0.003 0.001 0.014 0.015 0.029 0.016 0.857 
 169 R _   0.066 0.003 0.001 0.012 0.014 0.028 0.015 0.862 
 170 A _   0.068 0.002 0.001 0.010 0.013 0.026 0.014 0.867 
 171 P _   0.073 0.001 0.001 0.008 0.011 0.024 0.014 0.869 
 172 E _   0.080 0.001 0.001 0.006 0.009 0.022 0.013 0.868 
 173 I _   0.091 0.000 0.001 0.005 0.008 0.019 0.012 0.864 
 174 L _   0.105 0.000 0.001 0.004 0.007 0.018 0.011 0.854 
 175 L _   0.123 0.000 0.001 0.003 0.007 0.016 0.010 0.840 
 176 G _   0.148 0.000 0.001 0.002 0.006 0.014 0.009 0.819 
 177 S _   0.178 0.000 0.001 0.002 0.006 0.013 0.008 0.792 
 178 K _   0.216 0.000 0.001 0.001 0.006 0.012 0.007 0.757 
 179 F _   0.262 0.000 0.001 0.001 0.006 0.011 0.007 0.713 
 180 Y _   0.318 0.000 0.001 0.001 0.006 0.010 0.006 0.659 
 181 T _   0.386 0.000 0.001 0.001 0.006 0.009 0.005 0.593 
 182 T _   0.469 0.000 0.001 0.001 0.006 0.008 0.004 0.511 
 183 A H   0.562 0.000 0.001 0.001 0.007 0.008 0.003 0.418 
 184 V H   0.666 0.000 0.001 0.000 0.008 0.007 0.003 0.316 
 185 D H   0.759 0.000 0.001 0.000 0.008 0.006 0.002 0.223 
 186 I H   0.831 0.000 0.001 0.000 0.009 0.005 0.002 0.152 
 187 W H   0.880 0.000 0.001 0.000 0.009 0.005 0.001 0.105 
 188 S H   0.908 0.000 0.001 0.000 0.009 0.004 0.001 0.077 
 189 I H   0.923 0.000 0.001 0.000 0.010 0.004 0.001 0.061 
 190 G H   0.929 0.000 0.001 0.000 0.011 0.004 0.001 0.055 
 191 C H   0.926 0.000 0.001 0.000 0.012 0.004 0.001 0.056 
 192 I H   0.916 0.000 0.001 0.000 0.013 0.004 0.001 0.064 
 193 F H   0.896 0.000 0.001 0.000 0.014 0.005 0.002 0.082 
 194 A H   0.862 0.000 0.001 0.001 0.015 0.006 0.003 0.112 
 195 E H   0.809 0.000 0.001 0.001 0.016 0.007 0.004 0.161 
 196 M H   0.733 0.000 0.002 0.001 0.017 0.008 0.007 0.233 
 197 V H   0.633 0.000 0.002 0.002 0.016 0.009 0.010 0.328 
 198 T H   0.518 0.000 0.002 0.002 0.014 0.010 0.016 0.439 
 199 R _   0.399 0.000 0.001 0.003 0.011 0.010 0.022 0.554 
 200 K _   0.288 0.000 0.001 0.003 0.008 0.010 0.029 0.661 
 201 A _   0.196 0.000 0.001 0.003 0.006 0.009 0.035 0.750 
 202 L _   0.126 0.000 0.001 0.003 0.004 0.008 0.040 0.818 
 203 F _   0.078 0.000 0.000 0.002 0.003 0.008 0.044 0.865 
 204 P _   0.051 0.000 0.000 0.002 0.002 0.008 0.046 0.890 
 205 G _   0.038 0.000 0.000 0.001 0.002 0.009 0.048 0.901 
 206 D _   0.033 0.000 0.000 0.001 0.002 0.011 0.050 0.902 
 207 S _   0.035 0.000 0.000 0.002 0.003 0.015 0.051 0.893 
 208 E _   0.042 0.001 0.000 0.003 0.005 0.022 0.052 0.874 
 209 I _   0.053 0.005 0.001 0.006 0.011 0.032 0.053 0.840 
 210 D _   0.067 0.018 0.001 0.012 0.021 0.043 0.054 0.785 
 211 Q _   0.079 0.049 0.002 0.023 0.034 0.052 0.054 0.706 
 212 L _   0.086 0.096 0.003 0.040 0.045 0.059 0.054 0.616 
 213 F _   0.089 0.140 0.003 0.058 0.052 0.061 0.055 0.542 
 214 R _   0.088 0.168 0.003 0.073 0.054 0.060 0.057 0.496 
 215 I _   0.085 0.183 0.003 0.083 0.053 0.058 0.060 0.476 
 216 F _   0.079 0.187 0.003 0.085 0.049 0.053 0.065 0.479 
 217 R _   0.071 0.182 0.003 0.080 0.043 0.047 0.070 0.503 
 218 M _   0.062 0.167 0.003 0.068 0.035 0.041 0.076 0.548 
 219 L _   0.052 0.138 0.002 0.051 0.026 0.034 0.084 0.613 
 220 G _   0.042 0.097 0.002 0.034 0.018 0.027 0.092 0.688 
 221 T _   0.033 0.057 0.001 0.020 0.011 0.021 0.099 0.758 
 222 P _   0.024 0.029 0.001 0.011 0.006 0.016 0.105 0.807 
 223 S _   0.018 0.015 0.000 0.006 0.004 0.013 0.109 0.834 
 224 E _   0.014 0.010 0.000 0.004 0.003 0.011 0.112 0.847 
 225 D _   0.011 0.008 0.000 0.004 0.002 0.010 0.114 0.851 
 226 T _   0.010 0.007 0.000 0.005 0.002 0.009 0.116 0.851 
 227 W _   0.009 0.008 0.000 0.007 0.003 0.009 0.117 0.847 
 228 P _   0.009 0.009 0.000 0.009 0.003 0.010 0.118 0.841 
 229 G _   0.009 0.010 0.000 0.013 0.004 0.010 0.119 0.834 
 230 V _   0.009 0.012 0.001 0.015 0.005 0.010 0.120 0.829 
 231 T _   0.008 0.013 0.001 0.017 0.005 0.010 0.121 0.826 
 232 Q _   0.008 0.013 0.001 0.016 0.005 0.010 0.122 0.826 
 233 L _   0.007 0.013 0.001 0.015 0.004 0.009 0.123 0.829 
 234 P _   0.006 0.013 0.000 0.012 0.003 0.008 0.124 0.833 
 235 D _   0.006 0.012 0.000 0.009 0.003 0.007 0.125 0.837 
 236 Y _   0.005 0.011 0.000 0.007 0.002 0.007 0.126 0.840 
 237 K _   0.005 0.011 0.000 0.006 0.002 0.007 0.127 0.842 
 238 G _   0.005 0.012 0.000 0.006 0.002 0.007 0.127 0.842 
 239 S _   0.005 0.013 0.000 0.006 0.002 0.007 0.127 0.839 
 240 F _   0.006 0.017 0.000 0.007 0.003 0.008 0.126 0.833 
 241 P _   0.006 0.022 0.000 0.010 0.003 0.009 0.125 0.824 
 242 K _   0.006 0.030 0.001 0.014 0.004 0.011 0.124 0.811 
 243 W _   0.007 0.040 0.001 0.018 0.006 0.012 0.122 0.794 
 244 T _   0.007 0.051 0.001 0.023 0.007 0.013 0.121 0.778 
 245 R _   0.007 0.061 0.001 0.028 0.008 0.013 0.120 0.762 
 246 K _   0.007 0.069 0.001 0.032 0.008 0.013 0.119 0.751 
 247 G _   0.007 0.073 0.001 0.034 0.008 0.013 0.119 0.745 
 248 L _   0.007 0.075 0.001 0.033 0.008 0.013 0.120 0.744 
 249 E _   0.007 0.074 0.001 0.031 0.007 0.012 0.121 0.747 
 250 E _   0.007 0.071 0.001 0.026 0.006 0.011 0.123 0.755 
 251 I _   0.006 0.067 0.001 0.021 0.005 0.009 0.125 0.767 
 252 V _   0.006 0.061 0.001 0.015 0.004 0.008 0.127 0.779 
 253 P _   0.006 0.055 0.000 0.011 0.003 0.008 0.129 0.789 
 254 N _   0.005 0.050 0.000 0.007 0.002 0.007 0.130 0.797 
 255 L _   0.005 0.048 0.000 0.005 0.002 0.007 0.131 0.801 
 256 E _   0.005 0.047 0.000 0.005 0.002 0.008 0.131 0.801 
 257 P _   0.006 0.050 0.000 0.006 0.002 0.009 0.131 0.796 
 258 E _   0.007 0.056 0.000 0.008 0.003 0.011 0.131 0.784 
 259 G _   0.008 0.069 0.001 0.013 0.005 0.014 0.129 0.761 
 260 R _   0.009 0.091 0.001 0.020 0.007 0.016 0.127 0.728 
 261 D _   0.010 0.118 0.001 0.029 0.010 0.018 0.126 0.689 
 262 L _   0.010 0.143 0.001 0.039 0.011 0.019 0.124 0.653 
 263 L _   0.010 0.160 0.001 0.045 0.012 0.019 0.123 0.630 
 264 M _   0.010 0.168 0.001 0.048 0.012 0.019 0.124 0.620 
 265 Q _   0.009 0.170 0.001 0.046 0.011 0.018 0.125 0.621 
 266 L _   0.009 0.167 0.001 0.040 0.010 0.016 0.126 0.631 
 267 L _   0.008 0.158 0.001 0.032 0.008 0.015 0.129 0.649 
 268 Q _   0.008 0.145 0.001 0.023 0.006 0.013 0.132 0.672 
 269 Y _   0.007 0.130 0.001 0.016 0.005 0.013 0.135 0.694 
 270 D _   0.007 0.119 0.000 0.010 0.004 0.012 0.137 0.710 
 271 P _   0.008 0.112 0.000 0.007 0.003 0.013 0.139 0.718 
 272 S _   0.008 0.110 0.000 0.006 0.003 0.014 0.141 0.717 
 273 Q _   0.010 0.113 0.000 0.008 0.004 0.016 0.142 0.708 
 274 R _   0.012 0.122 0.001 0.011 0.006 0.019 0.142 0.687 
 275 I _   0.014 0.141 0.001 0.018 0.009 0.021 0.142 0.654 
 276 T _   0.015 0.169 0.001 0.028 0.013 0.023 0.142 0.609 
 277 A _   0.015 0.199 0.001 0.040 0.015 0.024 0.142 0.562 
 278 K _   0.015 0.222 0.001 0.050 0.017 0.024 0.143 0.527 
 279 T _   0.014 0.235 0.001 0.057 0.017 0.024 0.145 0.507 
 280 A _   0.014 0.240 0.001 0.060 0.016 0.022 0.149 0.498 
 281 L _   0.013 0.238 0.001 0.058 0.015 0.021 0.153 0.500 
 282 A _   0.012 0.228 0.001 0.052 0.014 0.019 0.159 0.515 
 283 H _   0.012 0.208 0.001 0.043 0.011 0.016 0.167 0.541 
 284 P _   0.011 0.178 0.001 0.033 0.009 0.014 0.176 0.578 
 285 Y _   0.010 0.142 0.001 0.022 0.007 0.012 0.186 0.620 
 286 F _   0.009 0.108 0.001 0.014 0.005 0.011 0.195 0.658 
 287 S _   0.008 0.085 0.000 0.008 0.003 0.009 0.202 0.685 
 288 S _   0.007 0.074 0.000 0.005 0.002 0.009 0.206 0.698 
 289 P _   0.006 0.069 0.000 0.003 0.002 0.009 0.209 0.701 
 290 E _   0.007 0.070 0.000 0.004 0.002 0.011 0.211 0.696 
 291 P _   0.009 0.076 0.000 0.006 0.003 0.014 0.211 0.680 
 292 S _   0.012 0.098 0.001 0.011 0.007 0.018 0.211 0.644 
 293 P _   0.015 0.154 0.001 0.020 0.012 0.023 0.208 0.567 
 294 A _   0.015 0.258 0.002 0.033 0.017 0.025 0.204 0.445 
 295 A E   0.013 0.378 0.002 0.046 0.019 0.025 0.200 0.317 
 296 R E   0.010 0.471 0.002 0.053 0.018 0.022 0.198 0.225 
 297 Q E   0.007 0.524 0.001 0.057 0.015 0.018 0.199 0.178 
 298 Y E   0.006 0.549 0.001 0.057 0.013 0.015 0.201 0.159 
 299 V E   0.004 0.559 0.001 0.055 0.010 0.012 0.206 0.153 
 300 L E   0.003 0.559 0.001 0.050 0.008 0.009 0.212 0.157 
 301 Q E   0.002 0.548 0.001 0.043 0.005 0.006 0.221 0.173 
 302 R E   0.002 0.514 0.000 0.031 0.002 0.003 0.234 0.213 
 303 F E   0.001 0.456 0.000 0.021 0.001 0.002 0.243 0.276 
 304 R E   0.001 0.400 0.000 0.019 0.001 0.002 0.246 0.331 
 305 H E   0.004 0.365 0.002 0.028 0.005 0.005 0.242 0.349 
