#TopoPred_TM8: 8-state transmembrane topology prediction results by no_profile mode 
#probabilities are in the order of H E C I L F X _, the 8 transmembrane topology types used in PDBTM 
   1 M X   0.017 0.001 0.003 0.068 0.012 0.016 0.698 0.185 
   2 A X   0.009 0.001 0.000 0.050 0.003 0.012 0.718 0.206 
   3 T X   0.006 0.001 0.000 0.038 0.002 0.010 0.723 0.221 
   4 T X   0.006 0.001 0.000 0.031 0.002 0.011 0.721 0.229 
   5 V X   0.007 0.001 0.000 0.027 0.002 0.012 0.713 0.238 
   6 T X   0.007 0.001 0.000 0.023 0.003 0.013 0.703 0.249 
   7 C X   0.008 0.001 0.000 0.020 0.004 0.013 0.692 0.262 
   8 T X   0.008 0.001 0.000 0.017 0.004 0.012 0.681 0.276 
   9 R X   0.008 0.001 0.000 0.014 0.003 0.011 0.670 0.291 
  10 F X   0.007 0.001 0.000 0.012 0.003 0.009 0.659 0.308 
  11 T X   0.006 0.001 0.000 0.009 0.003 0.008 0.648 0.324 
  12 D X   0.005 0.001 0.000 0.007 0.003 0.007 0.637 0.340 
  13 E X   0.004 0.001 0.000 0.006 0.002 0.006 0.627 0.354 
  14 Y X   0.004 0.000 0.000 0.004 0.002 0.006 0.616 0.367 
  15 Q X   0.004 0.000 0.000 0.003 0.002 0.006 0.606 0.379 
  16 L X   0.004 0.000 0.000 0.003 0.002 0.007 0.594 0.390 
  17 Y X   0.005 0.000 0.000 0.003 0.002 0.008 0.581 0.400 
  18 E X   0.007 0.000 0.000 0.003 0.002 0.010 0.567 0.409 
  19 D X   0.010 0.000 0.000 0.004 0.003 0.014 0.551 0.417 
  20 I X   0.015 0.000 0.001 0.005 0.005 0.019 0.533 0.422 
  21 G X   0.023 0.001 0.001 0.006 0.008 0.025 0.513 0.424 
  22 K X   0.034 0.001 0.001 0.008 0.012 0.032 0.492 0.421 
  23 G X   0.047 0.002 0.001 0.009 0.017 0.041 0.469 0.414 
  24 A X   0.062 0.002 0.002 0.012 0.024 0.049 0.446 0.403 
  25 F X   0.077 0.004 0.002 0.014 0.032 0.056 0.424 0.392 
  26 S X   0.092 0.005 0.002 0.016 0.039 0.061 0.404 0.380 
  27 V X   0.105 0.006 0.002 0.018 0.044 0.065 0.388 0.372 
  28 V X   0.116 0.007 0.002 0.019 0.047 0.066 0.373 0.368 
  29 R _   0.124 0.008 0.002 0.020 0.048 0.066 0.362 0.370 
  30 R _   0.129 0.008 0.002 0.020 0.046 0.064 0.352 0.379 
  31 C _   0.130 0.007 0.002 0.018 0.042 0.061 0.344 0.395 
  32 V _   0.128 0.007 0.002 0.015 0.037 0.057 0.338 0.417 
  33 K _   0.123 0.005 0.002 0.013 0.031 0.053 0.332 0.441 
  34 L _   0.116 0.004 0.001 0.010 0.025 0.049 0.327 0.467 
  35 C _   0.107 0.004 0.001 0.008 0.020 0.044 0.323 0.492 
  36 T _   0.098 0.003 0.001 0.007 0.017 0.041 0.319 0.514 
  37 G _   0.089 0.003 0.001 0.007 0.015 0.038 0.316 0.531 
  38 H _   0.080 0.004 0.001 0.008 0.013 0.036 0.313 0.545 
  39 E _   0.072 0.004 0.001 0.010 0.013 0.033 0.310 0.556 
  40 Y _   0.065 0.006 0.001 0.012 0.013 0.031 0.308 0.564 
  41 A _   0.057 0.007 0.001 0.015 0.013 0.029 0.306 0.571 
  42 A _   0.050 0.009 0.001 0.018 0.012 0.027 0.305 0.579 
  43 K _   0.042 0.009 0.001 0.020 0.011 0.024 0.304 0.588 
  44 I _   0.036 0.010 0.001 0.020 0.010 0.021 0.303 0.599 
  45 I _   0.030 0.009 0.001 0.019 0.009 0.018 0.302 0.611 
  46 N _   0.024 0.008 0.001 0.017 0.007 0.015 0.302 0.625 
  47 T _   0.019 0.007 0.001 0.014 0.005 0.013 0.302 0.639 
  48 K _   0.015 0.005 0.000 0.010 0.004 0.010 0.302 0.653 
  49 K _   0.012 0.004 0.000 0.007 0.003 0.008 0.301 0.664 
  50 L _   0.009 0.002 0.000 0.005 0.002 0.007 0.300 0.674 
  51 S _   0.007 0.002 0.000 0.004 0.002 0.006 0.298 0.682 
  52 A _   0.006 0.001 0.000 0.003 0.001 0.005 0.296 0.688 
  53 R _   0.005 0.001 0.000 0.002 0.001 0.005 0.292 0.693 
  54 D _   0.005 0.001 0.000 0.002 0.001 0.006 0.288 0.697 
  55 H _   0.005 0.002 0.000 0.003 0.002 0.007 0.282 0.699 
  56 Q _   0.006 0.004 0.000 0.004 0.002 0.009 0.275 0.699 
  57 K _   0.008 0.008 0.000 0.007 0.004 0.012 0.266 0.694 
  58 L _   0.009 0.017 0.001 0.011 0.006 0.016 0.256 0.684 
  59 E _   0.011 0.032 0.001 0.017 0.009 0.020 0.244 0.666 
  60 R _   0.013 0.051 0.001 0.024 0.012 0.024 0.231 0.643 
  61 E _   0.015 0.071 0.001 0.032 0.015 0.028 0.218 0.620 
  62 A _   0.016 0.088 0.001 0.039 0.017 0.030 0.207 0.602 
  63 R _   0.017 0.100 0.001 0.044 0.019 0.031 0.197 0.590 
  64 I _   0.018 0.108 0.001 0.046 0.020 0.032 0.189 0.585 
  65 C _   0.019 0.112 0.001 0.047 0.021 0.032 0.182 0.587 
  66 R _   0.020 0.112 0.001 0.044 0.020 0.031 0.177 0.595 
  67 L _   0.020 0.108 0.001 0.041 0.019 0.029 0.173 0.609 
  68 L _   0.020 0.102 0.001 0.036 0.017 0.027 0.169 0.627 
  69 K _   0.019 0.093 0.001 0.032 0.015 0.025 0.167 0.648 
  70 H _   0.019 0.081 0.001 0.027 0.013 0.023 0.164 0.671 
  71 S _   0.018 0.068 0.001 0.023 0.011 0.021 0.163 0.695 
  72 N _   0.017 0.055 0.001 0.020 0.009 0.019 0.161 0.718 
  73 I _   0.016 0.042 0.001 0.016 0.008 0.017 0.159 0.741 
  74 V _   0.015 0.030 0.001 0.013 0.006 0.016 0.158 0.762 
  75 R _   0.014 0.020 0.001 0.010 0.005 0.014 0.156 0.781 
  76 L _   0.013 0.012 0.001 0.007 0.004 0.013 0.154 0.797 
  77 H _   0.012 0.006 0.000 0.005 0.003 0.012 0.151 0.809 
  78 D _   0.012 0.003 0.000 0.004 0.003 0.013 0.147 0.818 
  79 S _   0.013 0.002 0.000 0.003 0.003 0.014 0.144 0.822 
  80 I _   0.015 0.001 0.000 0.003 0.003 0.016 0.139 0.822 
  81 S _   0.020 0.001 0.000 0.003 0.004 0.020 0.134 0.817 
  82 E _   0.028 0.001 0.001 0.004 0.006 0.025 0.129 0.807 
  83 E _   0.038 0.001 0.001 0.006 0.009 0.031 0.123 0.790 
  84 G _   0.050 0.002 0.001 0.008 0.014 0.039 0.117 0.769 
  85 F _   0.064 0.004 0.001 0.012 0.020 0.046 0.110 0.743 
  86 H _   0.077 0.006 0.002 0.016 0.027 0.053 0.103 0.717 
  87 Y _   0.090 0.008 0.002 0.019 0.033 0.058 0.097 0.693 
  88 L _   0.102 0.010 0.002 0.021 0.038 0.062 0.092 0.674 
  89 V _   0.112 0.011 0.002 0.022 0.040 0.064 0.087 0.661 
  90 F _   0.119 0.012 0.002 0.022 0.041 0.064 0.083 0.656 
  91 D _   0.124 0.012 0.002 0.021 0.040 0.063 0.080 0.658 
  92 L _   0.126 0.011 0.002 0.018 0.038 0.062 0.077 0.665 
  93 V _   0.126 0.010 0.002 0.016 0.034 0.059 0.075 0.678 
  94 T _   0.122 0.009 0.002 0.014 0.030 0.056 0.073 0.694 
  95 G _   0.115 0.008 0.002 0.012 0.026 0.053 0.072 0.712 
  96 G _   0.107 0.008 0.001 0.011 0.023 0.051 0.070 0.728 
  97 E _   0.098 0.008 0.001 0.011 0.021 0.048 0.069 0.743 
  98 L _   0.089 0.008 0.001 0.013 0.019 0.045 0.068 0.756 
  99 F _   0.079 0.009 0.001 0.015 0.018 0.042 0.067 0.768 
 100 E _   0.070 0.010 0.001 0.018 0.018 0.040 0.066 0.778 
 101 D _   0.061 0.011 0.001 0.021 0.017 0.036 0.065 0.788 
 102 I _   0.053 0.011 0.001 0.023 0.016 0.033 0.064 0.799 
 103 V _   0.045 0.011 0.001 0.024 0.014 0.030 0.063 0.811 
 104 A _   0.038 0.011 0.001 0.023 0.012 0.026 0.063 0.827 
 105 R _   0.032 0.009 0.001 0.019 0.009 0.022 0.062 0.845 
 106 E _   0.027 0.007 0.001 0.015 0.007 0.019 0.061 0.864 
 107 Y _   0.023 0.004 0.001 0.010 0.005 0.015 0.061 0.880 
 108 Y _   0.021 0.002 0.000 0.007 0.004 0.013 0.059 0.893 
 109 S _   0.022 0.001 0.000 0.004 0.003 0.012 0.058 0.901 
 110 E _   0.025 0.000 0.000 0.003 0.002 0.011 0.056 0.902 
 111 A _   0.033 0.000 0.000 0.002 0.002 0.012 0.054 0.896 
 112 D _   0.050 0.000 0.000 0.002 0.003 0.015 0.051 0.879 
 113 A _   0.079 0.000 0.001 0.002 0.004 0.019 0.048 0.848 
 114 S _   0.123 0.000 0.001 0.002 0.007 0.025 0.044 0.798 
 115 H _   0.182 0.000 0.001 0.003 0.013 0.033 0.040 0.728 
 116 C _   0.250 0.000 0.001 0.004 0.020 0.040 0.036 0.648 
 117 I _   0.320 0.000 0.002 0.006 0.029 0.047 0.032 0.564 
 118 Q _   0.382 0.000 0.002 0.007 0.037 0.052 0.029 0.490 
 119 Q H   0.435 0.001 0.002 0.007 0.044 0.055 0.026 0.429 
 120 I H   0.478 0.001 0.002 0.007 0.048 0.056 0.025 0.384 
 121 L H   0.509 0.001 0.002 0.007 0.050 0.054 0.023 0.354 
 122 E H   0.528 0.001 0.002 0.006 0.049 0.052 0.023 0.339 
 123 A H   0.536 0.001 0.002 0.005 0.048 0.050 0.022 0.337 
 124 V H   0.533 0.001 0.002 0.005 0.046 0.047 0.023 0.345 
 125 L H   0.519 0.001 0.002 0.005 0.043 0.044 0.023 0.363 
 126 H H   0.495 0.001 0.002 0.005 0.040 0.042 0.024 0.390 
 127 C H   0.462 0.001 0.002 0.006 0.037 0.039 0.026 0.427 
 128 H _   0.420 0.001 0.002 0.008 0.033 0.037 0.028 0.470 
 129 Q _   0.369 0.001 0.002 0.011 0.028 0.034 0.031 0.523 
 130 M _   0.311 0.002 0.002 0.013 0.024 0.030 0.034 0.584 
 131 G _   0.252 0.002 0.002 0.013 0.018 0.027 0.038 0.649 
 132 V _   0.195 0.002 0.001 0.012 0.014 0.023 0.041 0.713 
 133 V _   0.143 0.001 0.001 0.010 0.010 0.019 0.044 0.773 
 134 H _   0.101 0.001 0.001 0.008 0.007 0.015 0.046 0.822 
 135 R _   0.069 0.001 0.001 0.006 0.005 0.013 0.047 0.860 
 136 D _   0.046 0.000 0.000 0.004 0.003 0.010 0.048 0.886 
 137 L _   0.031 0.000 0.000 0.004 0.003 0.009 0.049 0.904 
 138 K _   0.021 0.000 0.000 0.004 0.002 0.008 0.050 0.914 
 139 P _   0.015 0.001 0.000 0.004 0.002 0.008 0.050 0.920 
 140 E _   0.012 0.001 0.000 0.005 0.002 0.008 0.050 0.922 
 141 N _   0.010 0.002 0.000 0.006 0.003 0.009 0.050 0.921 
 142 L _   0.009 0.003 0.000 0.007 0.003 0.009 0.049 0.920 
 143 L _   0.009 0.004 0.000 0.008 0.003 0.010 0.048 0.917 
 144 L _   0.009 0.005 0.000 0.009 0.004 0.010 0.047 0.915 
 145 A _   0.008 0.006 0.000 0.010 0.004 0.011 0.046 0.913 
 146 S _   0.008 0.008 0.001 0.010 0.004 0.012 0.045 0.912 
 147 K _   0.009 0.009 0.001 0.010 0.005 0.013 0.044 0.910 
 148 C _   0.010 0.011 0.001 0.010 0.005 0.014 0.043 0.906 
 149 K _   0.011 0.013 0.001 0.011 0.006 0.016 0.041 0.902 
 150 G _   0.013 0.015 0.001 0.011 0.006 0.018 0.040 0.895 
 151 A _   0.015 0.019 0.001 0.013 0.008 0.020 0.039 0.886 
 152 A _   0.018 0.022 0.001 0.014 0.009 0.022 0.038 0.876 
 153 V _   0.021 0.027 0.001 0.016 0.010 0.024 0.037 0.865 
 154 K _   0.023 0.032 0.001 0.018 0.012 0.026 0.035 0.853 
 155 L _   0.025 0.036 0.001 0.021 0.014 0.027 0.034 0.841 
 156 A _   0.027 0.041 0.001 0.024 0.015 0.028 0.033 0.831 
 157 D _   0.029 0.044 0.001 0.026 0.016 0.029 0.033 0.823 
 158 F _   0.030 0.046 0.001 0.028 0.016 0.028 0.032 0.818 
 159 G _   0.030 0.047 0.001 0.029 0.016 0.028 0.032 0.817 
 160 L _   0.029 0.047 0.001 0.029 0.015 0.026 0.032 0.822 
 161 A _   0.028 0.044 0.001 0.026 0.013 0.024 0.032 0.832 
 162 I _   0.026 0.040 0.001 0.022 0.011 0.022 0.032 0.846 
 163 E _   0.023 0.035 0.001 0.018 0.009 0.020 0.032 0.863 
 164 V _   0.020 0.029 0.001 0.013 0.007 0.017 0.032 0.881 
 165 Q _   0.018 0.024 0.001 0.009 0.005 0.016 0.032 0.896 
 166 G _   0.016 0.020 0.001 0.007 0.004 0.015 0.031 0.905 
 167 D _   0.015 0.019 0.000 0.006 0.004 0.015 0.031 0.910 
 168 Q _   0.015 0.018 0.000 0.007 0.004 0.015 0.030 0.910 
 169 Q _   0.015 0.020 0.001 0.008 0.005 0.016 0.030 0.906 
 170 A _   0.015 0.022 0.001 0.012 0.007 0.017 0.029 0.898 
 171 W _   0.016 0.026 0.001 0.016 0.008 0.018 0.028 0.887 
 172 F _   0.016 0.030 0.001 0.021 0.009 0.018 0.028 0.877 
 173 G _   0.016 0.033 0.001 0.025 0.010 0.018 0.027 0.870 
 174 F _   0.015 0.034 0.001 0.027 0.010 0.018 0.026 0.868 
 175 A _   0.014 0.034 0.001 0.027 0.010 0.017 0.026 0.871 
 176 G _   0.013 0.032 0.001 0.025 0.009 0.015 0.026 0.879 
 177 T _   0.013 0.028 0.001 0.021 0.008 0.014 0.026 0.890 
 178 P _   0.012 0.024 0.001 0.017 0.006 0.013 0.026 0.902 
 179 G _   0.011 0.019 0.001 0.013 0.005 0.012 0.026 0.914 
 180 Y _   0.010 0.014 0.001 0.011 0.004 0.011 0.026 0.923 
 181 L _   0.010 0.011 0.000 0.009 0.004 0.010 0.026 0.930 
 182 S _   0.009 0.009 0.000 0.009 0.004 0.010 0.025 0.934 
 183 P _   0.009 0.007 0.000 0.009 0.004 0.010 0.025 0.936 
 184 E _   0.010 0.006 0.000 0.009 0.004 0.009 0.025 0.937 
 185 V _   0.010 0.005 0.000 0.009 0.004 0.009 0.024 0.938 
 186 L _   0.011 0.004 0.000 0.009 0.004 0.009 0.024 0.939 
 187 R _   0.013 0.003 0.000 0.008 0.004 0.009 0.023 0.940 
 188 K _   0.016 0.002 0.000 0.007 0.003 0.008 0.022 0.940 
 189 E _   0.022 0.001 0.000 0.005 0.003 0.008 0.021 0.939 
 190 A _   0.032 0.001 0.000 0.004 0.003 0.008 0.019 0.933 
 191 Y _   0.050 0.000 0.000 0.003 0.003 0.008 0.018 0.919 
 192 G _   0.080 0.000 0.000 0.002 0.003 0.008 0.016 0.890 
 193 K _   0.130 0.000 0.001 0.001 0.004 0.008 0.014 0.842 
 194 P _   0.208 0.000 0.001 0.001 0.005 0.009 0.011 0.765 
 195 V _   0.315 0.000 0.001 0.001 0.006 0.010 0.009 0.658 
 196 D _   0.443 0.000 0.001 0.001 0.008 0.011 0.007 0.530 
 197 I H   0.582 0.000 0.001 0.001 0.010 0.011 0.005 0.390 
 198 W H   0.711 0.000 0.001 0.001 0.012 0.011 0.003 0.261 
 199 A H   0.805 0.000 0.001 0.001 0.013 0.010 0.002 0.168 
 200 C H   0.867 0.000 0.001 0.001 0.014 0.009 0.002 0.106 
 201 G H   0.902 0.000 0.001 0.000 0.015 0.008 0.001 0.072 
 202 V H   0.921 0.000 0.001 0.000 0.015 0.007 0.001 0.054 
 203 I H   0.927 0.000 0.001 0.000 0.016 0.006 0.001 0.048 
 204 L H   0.925 0.000 0.001 0.001 0.016 0.006 0.002 0.049 
 205 Y H   0.913 0.000 0.001 0.001 0.017 0.006 0.002 0.059 
 206 I H   0.889 0.000 0.001 0.001 0.019 0.007 0.003 0.081 
 207 L H   0.845 0.000 0.001 0.001 0.019 0.008 0.004 0.120 
 208 L H   0.776 0.000 0.002 0.002 0.019 0.009 0.007 0.185 
 209 V H   0.680 0.000 0.002 0.002 0.018 0.010 0.012 0.277 
 210 G H   0.560 0.000 0.002 0.003 0.015 0.010 0.018 0.393 
 211 Y _   0.430 0.000 0.001 0.003 0.011 0.010 0.026 0.519 
 212 P _   0.308 0.000 0.001 0.004 0.008 0.009 0.034 0.636 
 213 P _   0.206 0.000 0.001 0.003 0.005 0.008 0.041 0.735 
 214 F _   0.130 0.000 0.001 0.003 0.004 0.007 0.047 0.809 
 215 W _   0.078 0.000 0.000 0.003 0.003 0.006 0.051 0.860 
 216 D _   0.044 0.000 0.000 0.002 0.002 0.006 0.054 0.891 
 217 E _   0.026 0.000 0.000 0.002 0.002 0.005 0.056 0.908 
 218 D _   0.016 0.001 0.000 0.003 0.002 0.006 0.058 0.916 
 219 Q _   0.012 0.002 0.000 0.004 0.002 0.007 0.058 0.916 
 220 H _   0.010 0.004 0.000 0.006 0.002 0.008 0.059 0.911 
 221 K _   0.009 0.009 0.000 0.010 0.003 0.010 0.059 0.899 
 222 L _   0.009 0.018 0.001 0.016 0.005 0.012 0.059 0.882 
 223 Y _   0.009 0.028 0.001 0.023 0.006 0.014 0.058 0.860 
 224 Q _   0.009 0.039 0.001 0.031 0.008 0.015 0.058 0.840 
 225 Q _   0.009 0.046 0.001 0.037 0.009 0.015 0.058 0.825 
 226 I _   0.009 0.051 0.001 0.040 0.009 0.015 0.058 0.817 
 227 K _   0.008 0.052 0.001 0.040 0.009 0.015 0.059 0.815 
 228 A _   0.008 0.051 0.001 0.037 0.008 0.014 0.060 0.819 
 229 G _   0.008 0.048 0.001 0.032 0.007 0.013 0.062 0.829 
 230 A _   0.008 0.043 0.001 0.026 0.006 0.011 0.064 0.841 
 231 Y _   0.008 0.036 0.001 0.020 0.005 0.010 0.066 0.855 
 232 D _   0.007 0.028 0.001 0.014 0.004 0.009 0.068 0.869 
 233 F _   0.007 0.021 0.000 0.010 0.003 0.008 0.070 0.881 
 234 P _   0.006 0.017 0.000 0.007 0.002 0.007 0.071 0.889 
 235 S _   0.006 0.014 0.000 0.006 0.002 0.007 0.072 0.894 
 236 P _   0.005 0.012 0.000 0.005 0.002 0.007 0.072 0.896 
 237 E _   0.005 0.012 0.000 0.005 0.002 0.007 0.072 0.897 
 238 W _   0.005 0.013 0.000 0.005 0.002 0.007 0.072 0.895 
 239 D _   0.006 0.014 0.000 0.006 0.002 0.009 0.071 0.892 
 240 T _   0.006 0.017 0.000 0.007 0.003 0.010 0.070 0.886 
 241 V _   0.007 0.022 0.000 0.010 0.004 0.012 0.069 0.877 
 242 T _   0.008 0.029 0.001 0.012 0.005 0.014 0.067 0.864 
 243 P _   0.008 0.039 0.001 0.016 0.006 0.016 0.065 0.849 
 244 E _   0.010 0.049 0.001 0.020 0.008 0.018 0.063 0.831 
 245 A _   0.010 0.060 0.001 0.024 0.010 0.021 0.061 0.812 
 246 K _   0.012 0.071 0.001 0.028 0.012 0.023 0.060 0.795 
 247 N _   0.013 0.080 0.001 0.032 0.014 0.024 0.058 0.778 
 248 L _   0.014 0.087 0.001 0.036 0.015 0.025 0.057 0.764 
 249 I _   0.015 0.091 0.001 0.039 0.016 0.026 0.056 0.755 
 250 N _   0.016 0.092 0.001 0.040 0.016 0.026 0.056 0.752 
 251 Q _   0.017 0.091 0.001 0.039 0.016 0.025 0.056 0.755 
 252 M _   0.018 0.087 0.001 0.036 0.015 0.024 0.056 0.764 
 253 L _   0.018 0.079 0.001 0.031 0.013 0.023 0.057 0.779 
 254 T _   0.017 0.069 0.001 0.025 0.011 0.021 0.058 0.798 
 255 I _   0.016 0.057 0.001 0.020 0.009 0.019 0.058 0.819 
 256 N _   0.015 0.045 0.001 0.015 0.008 0.018 0.059 0.839 
 257 P _   0.015 0.036 0.001 0.012 0.006 0.017 0.060 0.854 
 258 A _   0.015 0.029 0.001 0.010 0.006 0.017 0.061 0.863 
 259 K _   0.015 0.025 0.001 0.009 0.005 0.016 0.061 0.869 
 260 R _   0.014 0.022 0.001 0.008 0.005 0.016 0.061 0.872 
 261 I _   0.014 0.021 0.001 0.009 0.005 0.016 0.062 0.872 
 262 T _   0.014 0.020 0.001 0.010 0.006 0.017 0.062 0.872 
 263 A _   0.013 0.020 0.001 0.011 0.006 0.017 0.062 0.871 
 264 H _   0.014 0.019 0.001 0.011 0.006 0.018 0.061 0.870 
 265 E _   0.014 0.019 0.001 0.011 0.006 0.018 0.061 0.869 
 266 A _   0.014 0.019 0.001 0.011 0.006 0.019 0.061 0.870 
 267 L _   0.015 0.018 0.001 0.010 0.006 0.020 0.061 0.869 
 268 K _   0.016 0.018 0.001 0.010 0.007 0.021 0.061 0.868 
 269 H _   0.017 0.018 0.001 0.009 0.007 0.022 0.060 0.865 
 270 P _   0.020 0.019 0.001 0.009 0.008 0.025 0.060 0.859 
 271 W _   0.023 0.020 0.001 0.010 0.009 0.027 0.060 0.850 
 272 V _   0.026 0.023 0.001 0.011 0.011 0.030 0.059 0.839 
 273 C _   0.030 0.026 0.001 0.012 0.013 0.034 0.059 0.825 
 274 Q _   0.034 0.030 0.001 0.015 0.016 0.037 0.059 0.808 
 275 R _   0.038 0.035 0.001 0.017 0.019 0.040 0.059 0.791 
 276 S _   0.042 0.040 0.001 0.019 0.022 0.042 0.059 0.775 
 277 T _   0.046 0.045 0.002 0.022 0.024 0.043 0.059 0.761 
 278 V _   0.049 0.049 0.002 0.024 0.025 0.044 0.059 0.749 
 279 A _   0.051 0.052 0.002 0.025 0.026 0.044 0.060 0.739 
 280 S _   0.053 0.055 0.002 0.026 0.026 0.044 0.061 0.734 
 281 M _   0.053 0.056 0.002 0.027 0.026 0.042 0.062 0.733 
 282 M _   0.052 0.055 0.002 0.027 0.025 0.040 0.063 0.736 
 283 H _   0.050 0.053 0.002 0.026 0.023 0.038 0.065 0.743 
 284 R _   0.047 0.050 0.001 0.025 0.021 0.035 0.067 0.753 
 285 Q _   0.043 0.046 0.001 0.024 0.018 0.032 0.070 0.765 
 286 E _   0.039 0.041 0.001 0.022 0.016 0.029 0.073 0.779 
 287 T _   0.035 0.036 0.001 0.020 0.013 0.026 0.075 0.794 
 288 V _   0.031 0.029 0.001 0.018 0.011 0.023 0.078 0.808 
 289 E _   0.027 0.023 0.001 0.015 0.009 0.020 0.081 0.823 
 290 C _   0.025 0.017 0.001 0.013 0.007 0.018 0.084 0.837 
 291 L _   0.022 0.011 0.001 0.010 0.005 0.015 0.086 0.849 
 292 K _   0.021 0.007 0.001 0.007 0.004 0.013 0.088 0.859 
 293 K _   0.020 0.003 0.000 0.005 0.003 0.012 0.090 0.866 
 294 F _   0.022 0.001 0.000 0.003 0.003 0.012 0.091 0.868 
 295 N _   0.026 0.001 0.000 0.003 0.002 0.012 0.091 0.865 
 296 A _   0.035 0.000 0.000 0.002 0.003 0.014 0.091 0.855 
 297 R _   0.051 0.000 0.000 0.002 0.003 0.017 0.091 0.835 
 298 R _   0.077 0.000 0.001 0.002 0.005 0.022 0.091 0.804 
 299 K _   0.113 0.000 0.001 0.002 0.008 0.029 0.090 0.757 
 300 L _   0.160 0.000 0.001 0.003 0.014 0.037 0.089 0.695 
 301 K _   0.210 0.001 0.001 0.005 0.024 0.046 0.089 0.624 
 302 G _   0.256 0.002 0.002 0.007 0.035 0.054 0.089 0.555 
 303 A _   0.295 0.004 0.002 0.011 0.046 0.060 0.090 0.491 
 304 I _   0.323 0.008 0.003 0.016 0.055 0.063 0.092 0.443 
 305 L _   0.336 0.010 0.003 0.020 0.059 0.063 0.095 0.414 
 306 T _   0.340 0.012 0.003 0.023 0.060 0.061 0.099 0.403 
 307 T _   0.333 0.012 0.003 0.023 0.057 0.057 0.105 0.410 
 308 M _   0.315 0.011 0.003 0.021 0.051 0.053 0.111 0.435 
 309 L _   0.287 0.009 0.003 0.018 0.043 0.047 0.119 0.474 
 310 A _   0.250 0.006 0.002 0.014 0.033 0.041 0.128 0.525 
 311 T _   0.209 0.003 0.002 0.010 0.023 0.035 0.137 0.580 
 312 R _   0.168 0.002 0.001 0.007 0.015 0.029 0.147 0.631 
 313 N _   0.131 0.001 0.001 0.005 0.010 0.025 0.155 0.672 
 314 F _   0.100 0.000 0.001 0.004 0.007 0.022 0.162 0.703 
 315 S _   0.077 0.000 0.001 0.004 0.006 0.020 0.169 0.724 
 316 V _   0.059 0.000 0.001 0.004 0.005 0.018 0.175 0.737 
 317 G _   0.046 0.000 0.001 0.005 0.005 0.018 0.181 0.744 
 318 R _   0.038 0.001 0.001 0.006 0.005 0.018 0.186 0.747 
 319 Q _   0.031 0.001 0.001 0.007 0.005 0.018 0.191 0.747 
 320 T _   0.027 0.001 0.001 0.007 0.006 0.019 0.195 0.744 
 321 T _   0.024 0.001 0.001 0.008 0.006 0.019 0.200 0.741 
 322 A _   0.023 0.002 0.001 0.008 0.006 0.020 0.204 0.736 
 323 P _   0.023 0.002 0.001 0.008 0.006 0.022 0.208 0.731 
 324 A _   0.024 0.002 0.001 0.007 0.007 0.023 0.212 0.724 
 325 T _   0.027 0.003 0.001 0.007 0.008 0.026 0.216 0.713 
 326 M _   0.032 0.004 0.001 0.007 0.009 0.029 0.220 0.700 
 327 S _   0.038 0.005 0.001 0.007 0.011 0.033 0.224 0.682 
 328 T _   0.046 0.007 0.001 0.008 0.015 0.038 0.228 0.658 
 329 A _   0.055 0.012 0.001 0.010 0.020 0.043 0.232 0.627 
 330 A _   0.065 0.019 0.002 0.014 0.027 0.048 0.238 0.589 
 331 S _   0.073 0.030 0.002 0.019 0.034 0.052 0.244 0.545 
 332 G _   0.080 0.045 0.002 0.027 0.041 0.055 0.252 0.498 
 333 T _   0.084 0.058 0.003 0.036 0.045 0.055 0.262 0.457 
 334 T _   0.084 0.068 0.003 0.044 0.046 0.054 0.275 0.427 
 335 M _   0.081 0.073 0.003 0.050 0.045 0.051 0.290 0.408 
 336 G _   0.075 0.075 0.002 0.052 0.041 0.047 0.308 0.400 
 337 L _   0.067 0.073 0.002 0.050 0.035 0.042 0.329 0.401 
 338 V _   0.058 0.067 0.002 0.044 0.028 0.036 0.352 0.411 
 339 E _   0.048 0.057 0.002 0.036 0.022 0.030 0.379 0.427 
 340 Q _   0.038 0.044 0.002 0.027 0.015 0.024 0.406 0.444 
 341 A _   0.030 0.030 0.001 0.019 0.010 0.019 0.432 0.459 
 342 K _   0.022 0.019 0.001 0.013 0.006 0.015 0.456 0.468 
 343 S X   0.017 0.011 0.001 0.009 0.004 0.011 0.475 0.472 
 344 L X   0.012 0.007 0.000 0.006 0.003 0.009 0.492 0.471 
 345 L X   0.009 0.004 0.000 0.005 0.002 0.007 0.505 0.467 
 346 N X   0.007 0.003 0.000 0.004 0.002 0.006 0.516 0.462 
 347 K X   0.006 0.002 0.000 0.004 0.002 0.005 0.525 0.456 
 348 K X   0.005 0.002 0.000 0.004 0.001 0.005 0.533 0.450 
 349 A X   0.005 0.002 0.000 0.004 0.001 0.004 0.540 0.444 
 350 D X   0.004 0.001 0.000 0.005 0.001 0.004 0.545 0.439 
 351 G X   0.004 0.001 0.000 0.005 0.001 0.004 0.550 0.435 
 352 V X   0.004 0.001 0.000 0.005 0.001 0.004 0.554 0.431 
 353 K X   0.003 0.001 0.000 0.004 0.001 0.004 0.557 0.429 
 354 P X   0.003 0.001 0.000 0.004 0.001 0.003 0.559 0.427 
 355 Q X   0.003 0.002 0.000 0.004 0.001 0.003 0.561 0.426 
 356 T X   0.003 0.002 0.000 0.004 0.001 0.003 0.562 0.426 
 357 N X   0.002 0.002 0.000 0.004 0.001 0.003 0.562 0.426 
 358 S X   0.002 0.002 0.000 0.004 0.001 0.003 0.562 0.425 
 359 T X   0.002 0.003 0.000 0.004 0.001 0.004 0.561 0.425 
 360 K X   0.002 0.004 0.000 0.005 0.001 0.004 0.559 0.424 
 361 N X   0.002 0.005 0.000 0.006 0.001 0.004 0.557 0.424 
 362 S X   0.003 0.007 0.000 0.007 0.002 0.005 0.555 0.422 
 363 A X   0.003 0.009 0.000 0.008 0.002 0.005 0.552 0.421 
 364 A X   0.003 0.011 0.000 0.009 0.002 0.005 0.549 0.421 
 365 A X   0.003 0.013 0.000 0.009 0.002 0.005 0.546 0.421 
 366 T X   0.003 0.015 0.000 0.009 0.002 0.005 0.543 0.423 
 367 S X   0.003 0.017 0.000 0.008 0.002 0.005 0.540 0.425 
 368 P X   0.003 0.019 0.000 0.007 0.002 0.005 0.537 0.427 
 369 K X   0.003 0.021 0.000 0.007 0.002 0.006 0.534 0.429 
 370 G X   0.003 0.023 0.000 0.007 0.002 0.006 0.530 0.429 
 371 T X   0.003 0.027 0.000 0.007 0.002 0.007 0.525 0.428 
 372 L X   0.003 0.033 0.000 0.009 0.003 0.008 0.520 0.424 
 373 P X   0.004 0.043 0.000 0.011 0.004 0.009 0.514 0.415 
 374 P X   0.004 0.056 0.001 0.015 0.005 0.011 0.507 0.401 
 375 A X   0.005 0.075 0.001 0.020 0.007 0.012 0.499 0.382 
 376 A X   0.005 0.094 0.001 0.026 0.008 0.013 0.492 0.361 
 377 L X   0.005 0.111 0.001 0.032 0.009 0.014 0.485 0.343 
 378 E X   0.005 0.123 0.001 0.036 0.009 0.014 0.481 0.330 
 379 P X   0.005 0.131 0.001 0.039 0.010 0.014 0.478 0.322 
 380 Q X   0.005 0.134 0.001 0.040 0.010 0.013 0.478 0.319 
 381 T X   0.005 0.134 0.001 0.039 0.009 0.012 0.478 0.321 
 382 T X   0.005 0.131 0.001 0.037 0.009 0.012 0.481 0.326 
 383 V X   0.005 0.124 0.001 0.033 0.008 0.011 0.484 0.334 
 384 I X   0.005 0.114 0.001 0.029 0.007 0.010 0.490 0.345 
 385 H X   0.005 0.100 0.001 0.024 0.006 0.009 0.496 0.359 
 386 N X   0.005 0.084 0.001 0.020 0.005 0.008 0.504 0.374 
 387 P X   0.005 0.068 0.001 0.016 0.004 0.008 0.511 0.389 
 388 V X   0.005 0.053 0.000 0.012 0.003 0.007 0.518 0.402 
 389 D X   0.004 0.041 0.000 0.009 0.003 0.006 0.524 0.412 
 390 G X   0.004 0.032 0.000 0.007 0.002 0.005 0.528 0.420 
 391 I X   0.004 0.026 0.000 0.006 0.002 0.005 0.532 0.426 
 392 K X   0.003 0.022 0.000 0.005 0.001 0.004 0.534 0.430 
 393 E X   0.003 0.019 0.000 0.005 0.001 0.004 0.535 0.432 
 394 S X   0.003 0.017 0.000 0.005 0.001 0.004 0.536 0.434 
 395 S X   0.003 0.016 0.000 0.005 0.001 0.004 0.536 0.434 
 396 D X   0.003 0.016 0.000 0.006 0.001 0.004 0.536 0.434 
 397 S X   0.003 0.016 0.000 0.007 0.002 0.004 0.535 0.434 
 398 A X   0.003 0.016 0.000 0.007 0.002 0.004 0.534 0.434 
 399 N X   0.003 0.016 0.000 0.008 0.002 0.005 0.532 0.434 
 400 T X   0.003 0.016 0.000 0.008 0.002 0.005 0.531 0.435 
 401 T X   0.003 0.016 0.000 0.008 0.002 0.004 0.529 0.437 
 402 I X   0.002 0.016 0.000 0.008 0.002 0.004 0.528 0.440 
 403 E X   0.002 0.016 0.000 0.007 0.002 0.004 0.526 0.443 
 404 D X   0.002 0.016 0.000 0.006 0.001 0.004 0.524 0.447 
 405 E X   0.002 0.016 0.000 0.005 0.001 0.004 0.521 0.450 
 406 D X   0.002 0.017 0.000 0.005 0.001 0.004 0.518 0.453 
 407 A X   0.002 0.018 0.000 0.005 0.001 0.005 0.514 0.454 
 408 K X   0.003 0.020 0.000 0.006 0.002 0.005 0.510 0.454 
 409 A X   0.003 0.024 0.000 0.007 0.002 0.006 0.505 0.451 
 410 P X   0.003 0.031 0.000 0.010 0.003 0.007 0.499 0.446 
 411 R X   0.004 0.040 0.000 0.014 0.004 0.009 0.493 0.436 
 412 V X   0.004 0.050 0.001 0.019 0.005 0.010 0.487 0.425 
 413 P X   0.004 0.059 0.001 0.024 0.006 0.011 0.481 0.415 
 414 D X   0.004 0.067 0.001 0.028 0.006 0.011 0.476 0.406 
 415 I X   0.004 0.072 0.001 0.031 0.007 0.011 0.473 0.400 
 416 L X   0.005 0.075 0.001 0.033 0.007 0.011 0.471 0.398 
 417 S X   0.005 0.075 0.001 0.032 0.007 0.010 0.471 0.400 
 418 S X   0.005 0.073 0.001 0.029 0.006 0.010 0.472 0.405 
 419 V X   0.004 0.069 0.001 0.025 0.005 0.009 0.473 0.413 
 420 R X   0.004 0.064 0.001 0.021 0.005 0.008 0.476 0.422 
 421 R X   0.004 0.056 0.000 0.017 0.004 0.007 0.479 0.433 
 422 G X   0.004 0.048 0.000 0.013 0.003 0.007 0.482 0.443 
 423 S X   0.004 0.040 0.000 0.011 0.003 0.006 0.485 0.451 
 424 G X   0.004 0.034 0.000 0.009 0.002 0.006 0.488 0.457 
 425 A X   0.004 0.029 0.000 0.007 0.002 0.005 0.491 0.462 
 426 P X   0.004 0.025 0.000 0.007 0.002 0.005 0.493 0.465 
 427 E X   0.004 0.023 0.000 0.006 0.002 0.005 0.494 0.467 
 428 A X   0.003 0.021 0.000 0.006 0.002 0.005 0.495 0.468 
 429 E X   0.003 0.020 0.000 0.006 0.002 0.004 0.496 0.469 
 430 G X   0.003 0.019 0.000 0.006 0.002 0.004 0.496 0.470 
 431 P X   0.003 0.018 0.000 0.006 0.002 0.004 0.496 0.471 
 432 L X   0.003 0.018 0.000 0.006 0.002 0.004 0.495 0.472 
 433 P X   0.003 0.017 0.000 0.006 0.002 0.004 0.495 0.473 
 434 C X   0.003 0.017 0.000 0.006 0.002 0.004 0.494 0.473 
 435 P X   0.003 0.018 0.000 0.006 0.002 0.005 0.493 0.474 
 436 S X   0.003 0.018 0.000 0.007 0.002 0.005 0.491 0.474 
 437 P X   0.003 0.019 0.000 0.007 0.002 0.005 0.490 0.474 
 438 A X   0.003 0.020 0.000 0.007 0.002 0.005 0.488 0.474 
 439 P X   0.003 0.022 0.000 0.007 0.002 0.005 0.486 0.474 
 440 F X   0.003 0.023 0.000 0.008 0.002 0.005 0.484 0.475 
 441 S X   0.003 0.025 0.000 0.007 0.002 0.005 0.481 0.476 
 442 P X   0.003 0.027 0.000 0.007 0.002 0.006 0.478 0.477 
 443 L _   0.003 0.030 0.000 0.008 0.002 0.006 0.475 0.477 
 444 P _   0.003 0.033 0.000 0.008 0.002 0.006 0.471 0.477 
 445 A _   0.003 0.038 0.000 0.009 0.003 0.007 0.467 0.474 
 446 P _   0.003 0.044 0.000 0.010 0.003 0.008 0.463 0.470 
 447 S _   0.004 0.052 0.000 0.012 0.004 0.009 0.458 0.462 
 448 P X   0.004 0.062 0.001 0.015 0.005 0.010 0.453 0.451 
 449 R X   0.005 0.075 0.001 0.019 0.006 0.011 0.448 0.436 
 450 I X   0.005 0.089 0.001 0.024 0.007 0.012 0.443 0.420 
 451 S X   0.005 0.100 0.001 0.029 0.008 0.012 0.440 0.405 
 452 D X   0.005 0.109 0.001 0.033 0.008 0.013 0.437 0.394 
 453 I X   0.005 0.115 0.001 0.036 0.009 0.013 0.436 0.386 
 454 L X   0.005 0.118 0.001 0.037 0.008 0.012 0.436 0.382 
 455 N X   0.005 0.118 0.001 0.036 0.008 0.012 0.437 0.383 
 456 S X   0.005 0.115 0.001 0.033 0.007 0.011 0.440 0.388 
 457 V X   0.005 0.109 0.001 0.029 0.006 0.010 0.444 0.396 
 458 R X   0.005 0.100 0.001 0.024 0.005 0.009 0.448 0.408 
 459 R X   0.005 0.088 0.001 0.019 0.004 0.008 0.454 0.422 
 460 G X   0.005 0.075 0.000 0.014 0.004 0.007 0.459 0.435 
 461 S X   0.005 0.064 0.000 0.011 0.003 0.007 0.464 0.446 
 462 G X   0.004 0.055 0.000 0.009 0.002 0.006 0.469 0.455 
 463 T X   0.004 0.048 0.000 0.007 0.002 0.005 0.473 0.461 
 464 P X   0.004 0.044 0.000 0.006 0.002 0.005 0.475 0.464 
 465 E X   0.004 0.041 0.000 0.005 0.002 0.005 0.478 0.466 
 466 A X   0.004 0.039 0.000 0.005 0.001 0.005 0.479 0.467 
 467 E X   0.003 0.039 0.000 0.005 0.001 0.004 0.480 0.467 
 468 G X   0.003 0.038 0.000 0.005 0.001 0.004 0.480 0.467 
 469 P X   0.003 0.039 0.000 0.005 0.001 0.004 0.479 0.468 
 470 L X   0.003 0.040 0.000 0.005 0.001 0.005 0.478 0.468 
 471 S X   0.003 0.042 0.000 0.005 0.001 0.005 0.476 0.467 
 472 A X   0.003 0.045 0.000 0.006 0.002 0.005 0.474 0.466 
 473 G X   0.003 0.049 0.000 0.006 0.002 0.006 0.471 0.463 
 474 P X   0.003 0.057 0.000 0.008 0.002 0.007 0.466 0.456 
 475 P X   0.004 0.069 0.000 0.010 0.003 0.008 0.461 0.444 
 476 P X   0.004 0.088 0.001 0.014 0.005 0.010 0.455 0.424 
 477 C X   0.004 0.114 0.001 0.020 0.006 0.011 0.447 0.397 
 478 L X   0.004 0.143 0.001 0.026 0.008 0.012 0.440 0.366 
 479 S X   0.004 0.171 0.001 0.031 0.008 0.012 0.434 0.338 
 480 P X   0.004 0.191 0.001 0.035 0.009 0.012 0.430 0.317 
 481 A X   0.004 0.204 0.001 0.038 0.008 0.012 0.428 0.305 
 482 L X   0.004 0.211 0.001 0.038 0.008 0.011 0.428 0.300 
 483 L X   0.004 0.213 0.001 0.035 0.007 0.010 0.429 0.301 
 484 G X   0.003 0.210 0.001 0.031 0.007 0.010 0.431 0.307 
 485 P X   0.003 0.204 0.001 0.025 0.006 0.009 0.434 0.318 
 486 L X   0.003 0.195 0.001 0.019 0.005 0.008 0.439 0.330 
 487 S X   0.003 0.184 0.001 0.014 0.004 0.008 0.444 0.343 
 488 S X   0.003 0.174 0.000 0.011 0.003 0.008 0.449 0.352 
 489 P X   0.003 0.167 0.000 0.008 0.003 0.008 0.453 0.357 
 490 S X   0.004 0.164 0.000 0.007 0.003 0.008 0.457 0.357 
 491 P X   0.004 0.163 0.000 0.008 0.003 0.009 0.460 0.353 
 492 R X   0.004 0.165 0.000 0.010 0.004 0.010 0.463 0.343 
 493 I X   0.005 0.170 0.001 0.014 0.005 0.010 0.466 0.330 
 494 S X   0.005 0.175 0.001 0.018 0.006 0.011 0.469 0.314 
 495 D X   0.005 0.181 0.001 0.024 0.007 0.012 0.473 0.298 
 496 I X   0.005 0.184 0.001 0.028 0.007 0.012 0.478 0.284 
 497 L X   0.005 0.185 0.001 0.032 0.008 0.012 0.484 0.273 
 498 N X   0.005 0.183 0.001 0.034 0.008 0.012 0.491 0.266 
 499 S X   0.005 0.178 0.001 0.033 0.008 0.011 0.502 0.261 
 500 V X   0.005 0.169 0.001 0.032 0.008 0.011 0.514 0.261 
 501 R X   0.005 0.154 0.001 0.029 0.007 0.010 0.530 0.263 
 502 R X   0.005 0.135 0.001 0.026 0.007 0.010 0.549 0.268 
 503 G X   0.005 0.112 0.001 0.023 0.006 0.009 0.570 0.273 
 504 S X   0.005 0.090 0.001 0.019 0.005 0.009 0.593 0.278 
 505 G X   0.005 0.069 0.001 0.016 0.004 0.008 0.616 0.281 
 506 T X   0.005 0.052 0.001 0.013 0.004 0.007 0.637 0.281 
 507 P X   0.005 0.038 0.000 0.011 0.003 0.007 0.656 0.280 
 508 E X   0.005 0.028 0.000 0.009 0.002 0.006 0.672 0.278 
 509 A X   0.004 0.020 0.000 0.007 0.002 0.005 0.687 0.274 
 510 E X   0.004 0.014 0.000 0.006 0.002 0.004 0.699 0.271 
 511 G X   0.003 0.010 0.000 0.005 0.001 0.004 0.708 0.269 
 512 P X   0.003 0.007 0.000 0.004 0.001 0.003 0.716 0.266 
 513 S X   0.003 0.004 0.000 0.003 0.001 0.003 0.721 0.264 
 514 P X   0.002 0.003 0.000 0.003 0.001 0.003 0.725 0.263 
 515 V X   0.002 0.002 0.000 0.002 0.001 0.002 0.728 0.263 
 516 G X   0.002 0.001 0.000 0.002 0.001 0.002 0.729 0.263 
 517 P X   0.002 0.001 0.000 0.002 0.001 0.002 0.729 0.263 
 518 P X   0.002 0.001 0.000 0.002 0.001 0.002 0.728 0.265 
 519 P X   0.002 0.001 0.000 0.002 0.001 0.002 0.726 0.267 
 520 C X   0.002 0.001 0.000 0.002 0.001 0.002 0.722 0.270 
 521 P X   0.002 0.001 0.000 0.003 0.001 0.003 0.718 0.274 
 522 S X   0.002 0.001 0.000 0.003 0.001 0.003 0.712 0.278 
 523 P X   0.002 0.001 0.000 0.004 0.001 0.003 0.705 0.284 
 524 T X   0.002 0.002 0.000 0.005 0.001 0.004 0.696 0.290 
 525 I X   0.002 0.002 0.000 0.005 0.001 0.004 0.687 0.298 
 526 P X   0.002 0.003 0.000 0.006 0.002 0.005 0.676 0.307 
 527 G X   0.002 0.003 0.000 0.007 0.002 0.005 0.664 0.317 
 528 P X   0.002 0.004 0.000 0.007 0.002 0.005 0.651 0.328 
 529 L X   0.002 0.005 0.000 0.007 0.002 0.006 0.638 0.339 
 530 P X   0.002 0.007 0.000 0.007 0.002 0.007 0.623 0.351 
 531 T X   0.003 0.009 0.000 0.007 0.002 0.008 0.608 0.363 
 532 P X   0.003 0.011 0.000 0.008 0.003 0.009 0.592 0.373 
 533 S X   0.004 0.015 0.000 0.009 0.004 0.011 0.575 0.382 
 534 R X   0.005 0.021 0.001 0.011 0.005 0.014 0.555 0.388 
 535 K X   0.006 0.031 0.001 0.014 0.007 0.017 0.534 0.390 
 536 Q X   0.008 0.045 0.001 0.018 0.010 0.021 0.510 0.387 
 537 E X   0.010 0.064 0.001 0.024 0.013 0.024 0.485 0.379 
 538 I X   0.011 0.087 0.002 0.031 0.016 0.027 0.460 0.366 
 539 I X   0.012 0.110 0.002 0.038 0.019 0.029 0.437 0.353 
 540 K X   0.013 0.129 0.002 0.045 0.021 0.030 0.417 0.342 
 541 T X   0.014 0.142 0.002 0.051 0.022 0.030 0.401 0.338 
 542 T X   0.015 0.150 0.002 0.054 0.022 0.029 0.389 0.340 
 543 E X   0.015 0.153 0.001 0.055 0.021 0.027 0.379 0.349 
 544 Q X   0.014 0.152 0.001 0.052 0.019 0.025 0.372 0.365 
 545 L _   0.013 0.146 0.001 0.046 0.016 0.022 0.366 0.389 
 546 I _   0.013 0.134 0.001 0.037 0.013 0.020 0.361 0.421 
 547 E _   0.012 0.117 0.001 0.028 0.010 0.017 0.357 0.458 
 548 A _   0.011 0.097 0.001 0.020 0.007 0.014 0.354 0.496 
 549 V _   0.010 0.078 0.001 0.013 0.005 0.012 0.350 0.531 
 550 N _   0.008 0.064 0.001 0.009 0.004 0.011 0.346 0.557 
 551 N _   0.007 0.056 0.000 0.007 0.003 0.010 0.342 0.575 
 552 G _   0.007 0.052 0.000 0.006 0.003 0.009 0.337 0.586 
 553 D _   0.007 0.050 0.000 0.006 0.003 0.009 0.332 0.593 
 554 F _   0.007 0.050 0.000 0.007 0.003 0.009 0.326 0.597 
 555 E _   0.007 0.052 0.000 0.009 0.004 0.010 0.320 0.598 
 556 A _   0.007 0.055 0.001 0.011 0.004 0.010 0.313 0.599 
 557 Y _   0.007 0.058 0.001 0.013 0.005 0.011 0.307 0.599 
 558 A _   0.007 0.061 0.001 0.015 0.005 0.011 0.301 0.600 
 559 K _   0.007 0.063 0.001 0.016 0.005 0.011 0.295 0.603 
 560 I _   0.006 0.065 0.001 0.016 0.005 0.010 0.289 0.608 
 561 C _   0.006 0.066 0.001 0.014 0.005 0.010 0.284 0.615 
 562 D _   0.006 0.066 0.001 0.013 0.004 0.010 0.279 0.621 
 563 P _   0.006 0.066 0.000 0.012 0.004 0.010 0.275 0.628 
 564 G _   0.006 0.066 0.000 0.010 0.004 0.010 0.271 0.634 
 565 L _   0.006 0.066 0.000 0.009 0.004 0.010 0.266 0.639 
 566 T _   0.006 0.067 0.000 0.008 0.004 0.010 0.262 0.642 
 567 S _   0.006 0.070 0.000 0.008 0.004 0.011 0.258 0.643 
 568 F _   0.007 0.074 0.001 0.009 0.004 0.012 0.252 0.641 
 569 E _   0.007 0.082 0.001 0.010 0.005 0.014 0.247 0.635 
 570 P _   0.008 0.093 0.001 0.012 0.006 0.016 0.241 0.625 
 571 E _   0.009 0.108 0.001 0.014 0.007 0.018 0.234 0.609 
 572 A _   0.010 0.128 0.001 0.017 0.009 0.020 0.227 0.588 
 573 L _   0.011 0.151 0.001 0.019 0.011 0.022 0.219 0.565 
 574 G _   0.012 0.175 0.001 0.022 0.013 0.024 0.212 0.540 
 575 N _   0.013 0.198 0.001 0.025 0.014 0.026 0.206 0.517 
 576 L _   0.014 0.218 0.001 0.027 0.015 0.027 0.201 0.497 
 577 V _   0.015 0.234 0.001 0.028 0.016 0.028 0.196 0.482 
 578 E _   0.016 0.246 0.001 0.029 0.017 0.028 0.192 0.471 
 579 G _   0.017 0.254 0.001 0.029 0.017 0.029 0.189 0.464 
 580 M _   0.017 0.260 0.001 0.029 0.018 0.029 0.187 0.459 
 581 D _   0.018 0.263 0.001 0.030 0.018 0.029 0.185 0.457 
 582 F _   0.018 0.264 0.001 0.031 0.018 0.028 0.184 0.457 
 583 H _   0.018 0.263 0.001 0.032 0.017 0.027 0.183 0.458 
 584 R _   0.018 0.259 0.001 0.034 0.017 0.025 0.184 0.463 
 585 F _   0.017 0.251 0.001 0.035 0.016 0.024 0.185 0.471 
 586 Y _   0.016 0.239 0.001 0.035 0.015 0.022 0.187 0.486 
 587 F _   0.016 0.220 0.001 0.034 0.013 0.020 0.190 0.507 
 588 E _   0.015 0.194 0.001 0.031 0.012 0.018 0.193 0.536 
 589 N _   0.014 0.161 0.001 0.027 0.010 0.016 0.198 0.573 
 590 L _   0.014 0.120 0.001 0.021 0.008 0.014 0.203 0.618 
 591 L _   0.012 0.080 0.001 0.016 0.007 0.013 0.208 0.663 
 592 A _   0.011 0.047 0.001 0.011 0.005 0.011 0.213 0.701 
 593 K _   0.010 0.025 0.001 0.007 0.004 0.010 0.216 0.728 
 594 N _   0.008 0.013 0.000 0.005 0.003 0.009 0.219 0.742 
 595 S _   0.007 0.008 0.000 0.004 0.002 0.008 0.220 0.749 
 596 K _   0.007 0.006 0.000 0.004 0.002 0.009 0.221 0.751 
 597 P _   0.007 0.005 0.000 0.005 0.002 0.009 0.222 0.749 
 598 I _   0.008 0.004 0.000 0.006 0.003 0.010 0.222 0.746 
 599 H _   0.008 0.004 0.000 0.008 0.004 0.012 0.222 0.741 
 600 T _   0.009 0.005 0.001 0.009 0.005 0.013 0.222 0.737 
 601 T _   0.009 0.005 0.001 0.011 0.005 0.014 0.222 0.733 
 602 I _   0.010 0.005 0.001 0.012 0.006 0.015 0.222 0.730 
 603 L _   0.010 0.005 0.001 0.013 0.006 0.016 0.222 0.727 
 604 N _   0.011 0.005 0.001 0.012 0.006 0.018 0.222 0.725 
 605 P _   0.012 0.005 0.001 0.011 0.006 0.019 0.222 0.724 
 606 H _   0.014 0.005 0.001 0.010 0.006 0.021 0.222 0.721 
 607 V _   0.016 0.004 0.001 0.009 0.007 0.023 0.223 0.717 
 608 H _   0.020 0.004 0.001 0.008 0.007 0.026 0.223 0.711 
 609 V _   0.026 0.004 0.001 0.007 0.008 0.029 0.224 0.701 
 610 I _   0.033 0.005 0.001 0.007 0.010 0.034 0.224 0.687 
 611 G _   0.042 0.007 0.001 0.007 0.013 0.039 0.225 0.667 
 612 E _   0.052 0.010 0.001 0.008 0.017 0.045 0.225 0.642 
 613 D _   0.063 0.015 0.001 0.010 0.023 0.050 0.226 0.610 
 614 A _   0.074 0.024 0.002 0.014 0.031 0.056 0.227 0.572 
 615 A _   0.082 0.037 0.002 0.019 0.038 0.059 0.230 0.533 
 616 C _   0.087 0.052 0.002 0.025 0.043 0.060 0.233 0.498 
 617 I _   0.088 0.067 0.002 0.033 0.045 0.059 0.237 0.468 
 618 A _   0.086 0.079 0.002 0.040 0.045 0.057 0.243 0.447 
 619 Y _   0.082 0.088 0.002 0.045 0.043 0.053 0.251 0.437 
 620 I _   0.075 0.091 0.002 0.048 0.039 0.048 0.260 0.437 
 621 R _   0.066 0.091 0.002 0.048 0.033 0.043 0.271 0.446 
 622 L _   0.056 0.087 0.002 0.044 0.027 0.037 0.284 0.463 
 623 T _   0.046 0.079 0.002 0.038 0.021 0.031 0.298 0.485 
 624 Q _   0.037 0.068 0.001 0.031 0.015 0.025 0.314 0.509 
 625 Y _   0.028 0.054 0.001 0.024 0.011 0.020 0.329 0.533 
 626 I _   0.022 0.040 0.001 0.017 0.007 0.016 0.343 0.554 
 627 D _   0.016 0.029 0.001 0.012 0.005 0.012 0.356 0.570 
 628 G _   0.012 0.021 0.000 0.008 0.003 0.009 0.366 0.580 
 629 Q _   0.009 0.017 0.000 0.006 0.002 0.007 0.374 0.585 
 630 G _   0.007 0.014 0.000 0.004 0.002 0.006 0.380 0.588 
 631 R _   0.005 0.013 0.000 0.003 0.001 0.005 0.384 0.588 
 632 P _   0.005 0.012 0.000 0.003 0.001 0.005 0.388 0.587 
 633 R _   0.004 0.013 0.000 0.003 0.001 0.005 0.390 0.583 
 634 T _   0.004 0.016 0.000 0.004 0.002 0.006 0.391 0.577 
 635 S _   0.004 0.022 0.000 0.006 0.002 0.007 0.392 0.567 
 636 Q _   0.004 0.032 0.000 0.010 0.003 0.008 0.392 0.551 
 637 S _   0.005 0.047 0.001 0.014 0.004 0.009 0.391 0.530 
 638 E _   0.005 0.066 0.001 0.019 0.005 0.010 0.390 0.504 
 639 E _   0.005 0.084 0.001 0.024 0.006 0.011 0.390 0.480 
 640 T _   0.005 0.098 0.001 0.027 0.007 0.011 0.390 0.462 
 641 R _   0.004 0.107 0.001 0.029 0.007 0.011 0.392 0.449 
 642 V _   0.004 0.113 0.001 0.028 0.006 0.010 0.395 0.443 
 643 W _   0.004 0.115 0.001 0.026 0.006 0.010 0.399 0.440 
 644 H _   0.004 0.115 0.001 0.022 0.005 0.009 0.404 0.440 
 645 R _   0.004 0.114 0.001 0.019 0.005 0.009 0.409 0.441 
 646 R _   0.004 0.112 0.000 0.015 0.004 0.008 0.415 0.441 
 647 D _   0.004 0.109 0.000 0.012 0.004 0.008 0.422 0.440 
 648 G _   0.004 0.108 0.000 0.010 0.003 0.008 0.428 0.437 
 649 K X   0.004 0.108 0.000 0.010 0.003 0.008 0.435 0.431 
 650 W X   0.004 0.110 0.000 0.010 0.003 0.009 0.441 0.423 
 651 Q X   0.005 0.112 0.000 0.011 0.004 0.009 0.446 0.413 
 652 N X   0.005 0.116 0.000 0.012 0.004 0.010 0.452 0.401 
 653 V X   0.005 0.120 0.001 0.014 0.004 0.010 0.457 0.388 
 654 H X   0.005 0.124 0.001 0.016 0.005 0.010 0.463 0.375 
 655 F X   0.005 0.128 0.001 0.018 0.005 0.011 0.469 0.363 
 656 H X   0.006 0.130 0.001 0.020 0.006 0.011 0.476 0.351 
 657 C X   0.006 0.132 0.001 0.021 0.006 0.011 0.483 0.341 
 658 S X   0.005 0.133 0.001 0.022 0.006 0.010 0.491 0.333 
 659 G X   0.005 0.132 0.001 0.022 0.006 0.009 0.499 0.326 
 660 A X   0.004 0.131 0.001 0.022 0.005 0.008 0.508 0.321 
 661 P X   0.003 0.127 0.001 0.020 0.004 0.006 0.519 0.319 
 662 V X   0.002 0.121 0.000 0.017 0.003 0.004 0.531 0.322 
 663 A X   0.001 0.110 0.000 0.013 0.001 0.002 0.542 0.332 
