#TopoPred_TM8: 8-state transmembrane topology prediction results by no_profile mode 
#probabilities are in the order of H E C I L F X _, the 8 transmembrane topology types used in PDBTM 
   1 M X   0.016 0.001 0.002 0.051 0.010 0.011 0.618 0.290 
   2 E X   0.005 0.001 0.000 0.027 0.002 0.006 0.632 0.327 
   3 V X   0.001 0.001 0.000 0.014 0.001 0.004 0.633 0.346 
   4 V X   0.001 0.001 0.000 0.010 0.001 0.005 0.627 0.355 
   5 D X   0.002 0.003 0.000 0.011 0.001 0.008 0.614 0.360 
   6 P X   0.005 0.007 0.000 0.013 0.003 0.014 0.594 0.363 
   7 Q X   0.008 0.019 0.001 0.018 0.006 0.021 0.568 0.359 
   8 Q X   0.011 0.040 0.001 0.027 0.009 0.028 0.533 0.351 
   9 L X   0.012 0.073 0.002 0.036 0.013 0.033 0.492 0.339 
  10 G X   0.013 0.112 0.002 0.045 0.017 0.037 0.447 0.326 
  11 M X   0.013 0.147 0.002 0.051 0.020 0.039 0.407 0.320 
  12 F X   0.013 0.173 0.002 0.054 0.023 0.041 0.374 0.320 
  13 T X   0.014 0.192 0.002 0.053 0.025 0.043 0.347 0.323 
  14 E _   0.016 0.204 0.002 0.050 0.026 0.045 0.326 0.331 
  15 G _   0.018 0.212 0.002 0.046 0.027 0.046 0.307 0.341 
  16 E _   0.021 0.217 0.002 0.042 0.028 0.046 0.292 0.352 
  17 L _   0.024 0.219 0.002 0.039 0.028 0.047 0.279 0.363 
  18 M _   0.027 0.219 0.002 0.036 0.028 0.046 0.267 0.375 
  19 S _   0.030 0.218 0.002 0.034 0.028 0.045 0.257 0.387 
  20 V _   0.032 0.214 0.002 0.033 0.027 0.044 0.249 0.400 
  21 G _   0.034 0.209 0.002 0.032 0.025 0.042 0.242 0.415 
  22 M _   0.034 0.200 0.002 0.031 0.024 0.039 0.236 0.435 
  23 D _   0.034 0.187 0.002 0.029 0.022 0.037 0.231 0.459 
  24 T _   0.034 0.171 0.002 0.026 0.020 0.034 0.226 0.488 
  25 F _   0.033 0.151 0.002 0.023 0.017 0.031 0.223 0.520 
  26 I _   0.031 0.130 0.001 0.019 0.015 0.029 0.220 0.555 
  27 H _   0.029 0.109 0.001 0.016 0.012 0.026 0.217 0.589 
  28 R _   0.026 0.092 0.001 0.014 0.010 0.024 0.214 0.619 
  29 I _   0.023 0.079 0.001 0.013 0.009 0.022 0.212 0.642 
  30 D _   0.021 0.069 0.001 0.012 0.008 0.020 0.210 0.660 
  31 S _   0.019 0.061 0.001 0.012 0.007 0.018 0.207 0.675 
  32 T _   0.017 0.055 0.001 0.012 0.006 0.017 0.205 0.687 
  33 E _   0.015 0.049 0.001 0.012 0.006 0.015 0.203 0.698 
  34 V _   0.014 0.044 0.001 0.011 0.005 0.014 0.201 0.710 
  35 I _   0.012 0.039 0.001 0.010 0.005 0.013 0.199 0.721 
  36 Y _   0.011 0.035 0.001 0.009 0.004 0.012 0.196 0.733 
  37 Q _   0.010 0.031 0.000 0.007 0.004 0.012 0.193 0.743 
  38 P _   0.009 0.028 0.000 0.006 0.003 0.011 0.190 0.751 
  39 R _   0.009 0.027 0.000 0.005 0.003 0.012 0.187 0.756 
  40 R _   0.010 0.027 0.000 0.005 0.003 0.013 0.183 0.759 
  41 K _   0.011 0.029 0.000 0.006 0.004 0.014 0.179 0.757 
  42 R _   0.012 0.033 0.001 0.007 0.005 0.016 0.175 0.750 
  43 A _   0.014 0.043 0.001 0.010 0.007 0.019 0.170 0.736 
  44 K _   0.016 0.059 0.001 0.015 0.010 0.022 0.164 0.713 
  45 L _   0.017 0.080 0.001 0.022 0.013 0.024 0.158 0.685 
  46 I _   0.018 0.104 0.001 0.029 0.015 0.025 0.152 0.655 
  47 G _   0.019 0.124 0.001 0.036 0.017 0.026 0.147 0.629 
  48 K _   0.019 0.139 0.001 0.042 0.018 0.026 0.143 0.611 
  49 Y _   0.019 0.147 0.001 0.046 0.018 0.025 0.140 0.603 
  50 L _   0.018 0.150 0.001 0.047 0.018 0.024 0.138 0.603 
  51 M _   0.017 0.149 0.001 0.046 0.016 0.023 0.137 0.611 
  52 G _   0.017 0.144 0.001 0.042 0.015 0.021 0.137 0.625 
  53 D _   0.016 0.133 0.001 0.036 0.012 0.019 0.137 0.646 
  54 L _   0.015 0.117 0.001 0.029 0.010 0.016 0.138 0.673 
  55 L _   0.014 0.097 0.001 0.022 0.008 0.014 0.139 0.704 
  56 G _   0.013 0.077 0.001 0.016 0.006 0.012 0.141 0.735 
  57 E _   0.011 0.059 0.001 0.012 0.004 0.011 0.142 0.761 
  58 G _   0.010 0.046 0.000 0.008 0.003 0.010 0.142 0.780 
  59 S _   0.008 0.038 0.000 0.006 0.003 0.009 0.142 0.793 
  60 Y _   0.007 0.034 0.000 0.005 0.002 0.008 0.142 0.801 
  61 G _   0.007 0.032 0.000 0.005 0.002 0.008 0.141 0.805 
  62 K _   0.006 0.032 0.000 0.005 0.002 0.009 0.139 0.806 
  63 V _   0.007 0.033 0.000 0.006 0.003 0.009 0.138 0.805 
  64 K _   0.007 0.035 0.000 0.007 0.003 0.010 0.135 0.802 
  65 E _   0.007 0.040 0.000 0.008 0.004 0.012 0.133 0.796 
  66 V _   0.008 0.046 0.001 0.010 0.004 0.013 0.130 0.788 
  67 L _   0.009 0.056 0.001 0.012 0.006 0.016 0.126 0.776 
  68 D _   0.010 0.068 0.001 0.015 0.007 0.018 0.122 0.760 
  69 S _   0.012 0.083 0.001 0.018 0.009 0.020 0.118 0.738 
  70 E _   0.013 0.102 0.001 0.023 0.012 0.023 0.114 0.713 
  71 T _   0.015 0.122 0.001 0.029 0.014 0.025 0.110 0.684 
  72 L _   0.016 0.141 0.001 0.035 0.016 0.026 0.107 0.657 
  73 C _   0.016 0.157 0.001 0.042 0.017 0.027 0.104 0.635 
  74 R _   0.017 0.168 0.001 0.047 0.018 0.026 0.103 0.620 
  75 R _   0.017 0.174 0.001 0.050 0.017 0.025 0.102 0.614 
  76 A _   0.016 0.175 0.001 0.050 0.016 0.024 0.101 0.616 
  77 V _   0.016 0.171 0.001 0.048 0.015 0.022 0.101 0.626 
  78 K _   0.015 0.163 0.001 0.043 0.013 0.020 0.102 0.643 
  79 I _   0.014 0.148 0.001 0.037 0.011 0.018 0.103 0.668 
  80 L _   0.013 0.128 0.001 0.030 0.009 0.016 0.105 0.698 
  81 K _   0.012 0.105 0.001 0.024 0.007 0.014 0.107 0.730 
  82 K _   0.011 0.081 0.001 0.018 0.006 0.012 0.109 0.761 
  83 K _   0.010 0.060 0.001 0.014 0.004 0.010 0.111 0.789 
  84 K _   0.009 0.043 0.000 0.011 0.003 0.009 0.113 0.811 
  85 L _   0.008 0.031 0.000 0.008 0.003 0.008 0.114 0.827 
  86 R _   0.007 0.023 0.000 0.007 0.002 0.007 0.115 0.839 
  87 R _   0.007 0.017 0.000 0.006 0.002 0.006 0.115 0.848 
  88 I _   0.006 0.014 0.000 0.005 0.002 0.006 0.114 0.854 
  89 P _   0.005 0.012 0.000 0.004 0.002 0.006 0.113 0.858 
  90 N _   0.005 0.011 0.000 0.004 0.002 0.006 0.111 0.861 
  91 G _   0.005 0.011 0.000 0.004 0.002 0.006 0.109 0.863 
  92 E _   0.006 0.012 0.000 0.005 0.002 0.007 0.106 0.862 
  93 A _   0.006 0.015 0.000 0.006 0.002 0.009 0.102 0.859 
  94 N _   0.007 0.019 0.000 0.008 0.003 0.011 0.098 0.853 
  95 V _   0.008 0.025 0.001 0.012 0.005 0.013 0.094 0.843 
  96 K _   0.009 0.034 0.001 0.017 0.006 0.016 0.089 0.829 
  97 K _   0.010 0.043 0.001 0.022 0.008 0.019 0.084 0.813 
  98 E _   0.010 0.052 0.001 0.028 0.010 0.021 0.079 0.800 
  99 I _   0.011 0.058 0.001 0.031 0.011 0.022 0.075 0.791 
 100 Q _   0.012 0.061 0.001 0.033 0.012 0.023 0.071 0.788 
 101 L _   0.012 0.062 0.001 0.032 0.012 0.023 0.067 0.790 
 102 L _   0.013 0.061 0.001 0.029 0.011 0.023 0.065 0.796 
 103 R _   0.013 0.058 0.001 0.025 0.011 0.023 0.062 0.806 
 104 R _   0.014 0.053 0.001 0.020 0.010 0.023 0.060 0.818 
 105 L _   0.016 0.048 0.001 0.016 0.009 0.024 0.058 0.828 
 106 R _   0.018 0.044 0.001 0.013 0.009 0.024 0.056 0.835 
 107 H _   0.020 0.041 0.001 0.012 0.009 0.024 0.054 0.838 
 108 K _   0.023 0.040 0.001 0.013 0.010 0.025 0.053 0.836 
 109 N _   0.026 0.040 0.001 0.015 0.011 0.026 0.051 0.830 
 110 V _   0.029 0.041 0.001 0.018 0.013 0.027 0.049 0.823 
 111 I _   0.031 0.042 0.001 0.022 0.014 0.027 0.048 0.816 
 112 Q _   0.033 0.042 0.001 0.026 0.015 0.026 0.047 0.811 
 113 L _   0.034 0.040 0.001 0.028 0.015 0.025 0.046 0.811 
 114 V _   0.034 0.037 0.001 0.028 0.014 0.024 0.045 0.818 
 115 D _   0.034 0.032 0.001 0.024 0.012 0.021 0.044 0.832 
 116 V _   0.033 0.024 0.001 0.020 0.010 0.018 0.043 0.850 
 117 L _   0.033 0.016 0.001 0.014 0.007 0.015 0.043 0.872 
 118 Y _   0.034 0.008 0.001 0.008 0.005 0.013 0.041 0.890 
 119 N _   0.037 0.003 0.000 0.004 0.003 0.011 0.040 0.901 
 120 E _   0.044 0.001 0.000 0.002 0.003 0.009 0.038 0.902 
 121 E _   0.058 0.000 0.000 0.001 0.002 0.009 0.036 0.893 
 122 K _   0.083 0.000 0.000 0.001 0.003 0.010 0.033 0.869 
 123 Q _   0.131 0.000 0.000 0.001 0.004 0.012 0.030 0.822 
 124 K _   0.208 0.000 0.001 0.001 0.006 0.015 0.027 0.742 
 125 M _   0.310 0.000 0.001 0.001 0.009 0.019 0.023 0.637 
 126 Y _   0.424 0.000 0.001 0.001 0.014 0.023 0.019 0.517 
 127 M H   0.528 0.000 0.001 0.002 0.020 0.027 0.016 0.406 
 128 V H   0.612 0.000 0.002 0.002 0.026 0.029 0.014 0.314 
 129 M H   0.674 0.000 0.002 0.002 0.032 0.030 0.013 0.247 
 130 E H   0.712 0.000 0.002 0.003 0.036 0.030 0.013 0.204 
 131 Y H   0.734 0.001 0.002 0.004 0.038 0.029 0.013 0.180 
 132 C H   0.739 0.001 0.002 0.004 0.040 0.028 0.013 0.173 
 133 V H   0.729 0.001 0.002 0.005 0.040 0.027 0.014 0.182 
 134 C H   0.702 0.001 0.002 0.006 0.039 0.026 0.015 0.209 
 135 G H   0.653 0.001 0.002 0.007 0.036 0.024 0.017 0.258 
 136 M H   0.584 0.001 0.002 0.008 0.031 0.023 0.020 0.331 
 137 Q H   0.494 0.001 0.002 0.007 0.024 0.021 0.024 0.427 
 138 E _   0.391 0.001 0.002 0.006 0.017 0.018 0.028 0.538 
 139 M _   0.286 0.000 0.001 0.005 0.011 0.015 0.032 0.650 
 140 L _   0.195 0.000 0.001 0.004 0.007 0.013 0.035 0.746 
 141 D _   0.124 0.000 0.001 0.003 0.004 0.011 0.037 0.819 
 142 S _   0.078 0.000 0.000 0.002 0.003 0.010 0.039 0.868 
 143 V _   0.050 0.000 0.000 0.002 0.002 0.009 0.040 0.896 
 144 P _   0.034 0.000 0.000 0.002 0.002 0.010 0.041 0.911 
 145 E _   0.027 0.000 0.000 0.002 0.002 0.011 0.041 0.916 
 146 K _   0.024 0.001 0.000 0.003 0.003 0.014 0.042 0.913 
 147 R _   0.025 0.002 0.000 0.004 0.004 0.019 0.041 0.905 
 148 F _   0.028 0.006 0.001 0.006 0.006 0.024 0.041 0.888 
 149 P _   0.033 0.014 0.001 0.009 0.010 0.031 0.040 0.862 
 150 V _   0.039 0.027 0.001 0.014 0.016 0.039 0.038 0.826 
 151 C _   0.045 0.047 0.002 0.018 0.022 0.046 0.037 0.782 
 152 Q _   0.052 0.071 0.002 0.024 0.029 0.052 0.036 0.735 
 153 A _   0.057 0.096 0.002 0.029 0.036 0.056 0.034 0.689 
 154 H _   0.061 0.118 0.002 0.034 0.041 0.059 0.033 0.651 
 155 G _   0.064 0.136 0.002 0.038 0.044 0.061 0.033 0.622 
 156 Y _   0.065 0.148 0.002 0.042 0.045 0.060 0.033 0.605 
 157 F _   0.065 0.155 0.002 0.043 0.044 0.059 0.033 0.599 
 158 C _   0.064 0.158 0.002 0.043 0.042 0.056 0.033 0.602 
 159 Q _   0.062 0.157 0.002 0.041 0.038 0.052 0.034 0.613 
 160 L _   0.058 0.153 0.002 0.038 0.034 0.048 0.035 0.632 
 161 I _   0.054 0.144 0.002 0.033 0.028 0.044 0.036 0.659 
 162 D _   0.048 0.133 0.002 0.029 0.023 0.039 0.038 0.688 
 163 G _   0.044 0.121 0.001 0.024 0.019 0.035 0.039 0.716 
 164 L _   0.039 0.108 0.001 0.021 0.015 0.031 0.041 0.743 
 165 E _   0.034 0.096 0.001 0.019 0.013 0.028 0.043 0.767 
 166 Y _   0.029 0.085 0.001 0.018 0.011 0.024 0.044 0.788 
 167 L _   0.024 0.076 0.001 0.017 0.009 0.022 0.046 0.806 
 168 H _   0.020 0.067 0.001 0.016 0.008 0.019 0.047 0.821 
 169 S _   0.017 0.059 0.001 0.016 0.007 0.017 0.049 0.835 
 170 Q _   0.015 0.051 0.001 0.015 0.006 0.015 0.050 0.848 
 171 G _   0.013 0.043 0.001 0.013 0.005 0.013 0.052 0.861 
 172 I _   0.012 0.036 0.001 0.011 0.004 0.011 0.053 0.873 
 173 V _   0.010 0.030 0.000 0.008 0.003 0.010 0.054 0.884 
 174 H _   0.009 0.025 0.000 0.006 0.003 0.009 0.054 0.893 
 175 K _   0.008 0.022 0.000 0.005 0.002 0.009 0.055 0.899 
 176 D _   0.008 0.020 0.000 0.004 0.002 0.010 0.055 0.901 
 177 I _   0.008 0.020 0.000 0.004 0.002 0.011 0.054 0.899 
 178 K _   0.010 0.023 0.000 0.005 0.003 0.013 0.054 0.892 
 179 P _   0.012 0.031 0.001 0.007 0.005 0.017 0.053 0.874 
 180 G _   0.015 0.049 0.001 0.013 0.009 0.022 0.051 0.841 
 181 N _   0.018 0.083 0.001 0.020 0.014 0.026 0.049 0.788 
 182 L _   0.020 0.130 0.002 0.030 0.018 0.029 0.046 0.725 
 183 L _   0.020 0.173 0.002 0.040 0.020 0.031 0.045 0.669 
 184 L _   0.020 0.204 0.002 0.047 0.021 0.031 0.043 0.631 
 185 T _   0.019 0.222 0.002 0.050 0.022 0.031 0.042 0.613 
 186 T _   0.018 0.231 0.002 0.050 0.021 0.030 0.042 0.608 
 187 G _   0.017 0.233 0.001 0.045 0.019 0.028 0.042 0.614 
 188 G _   0.017 0.230 0.001 0.038 0.016 0.026 0.043 0.629 
 189 T _   0.016 0.222 0.001 0.030 0.014 0.025 0.044 0.648 
 190 L _   0.016 0.212 0.001 0.023 0.011 0.024 0.045 0.668 
 191 K _   0.016 0.203 0.001 0.017 0.010 0.023 0.046 0.685 
 192 I _   0.015 0.195 0.001 0.014 0.009 0.022 0.047 0.697 
 193 S _   0.015 0.191 0.001 0.013 0.008 0.022 0.048 0.702 
 194 D _   0.016 0.190 0.001 0.014 0.008 0.022 0.048 0.700 
 195 L _   0.016 0.192 0.001 0.017 0.009 0.022 0.049 0.693 
 196 G _   0.017 0.196 0.001 0.021 0.010 0.022 0.050 0.684 
 197 V _   0.017 0.199 0.001 0.025 0.011 0.022 0.051 0.674 
 198 A _   0.017 0.201 0.001 0.029 0.012 0.022 0.052 0.666 
 199 E _   0.017 0.200 0.001 0.032 0.012 0.021 0.053 0.664 
 200 A _   0.016 0.195 0.001 0.032 0.012 0.020 0.055 0.668 
 201 L _   0.015 0.186 0.001 0.031 0.011 0.018 0.058 0.680 
 202 H _   0.015 0.171 0.001 0.029 0.010 0.017 0.060 0.697 
 203 P _   0.014 0.151 0.001 0.026 0.009 0.015 0.064 0.721 
 204 F _   0.013 0.127 0.001 0.022 0.007 0.014 0.067 0.749 
 205 A _   0.012 0.102 0.001 0.018 0.006 0.013 0.071 0.777 
 206 A _   0.012 0.078 0.001 0.015 0.005 0.011 0.075 0.803 
 207 D _   0.011 0.059 0.001 0.012 0.004 0.010 0.078 0.825 
 208 D _   0.010 0.044 0.000 0.010 0.003 0.009 0.081 0.842 
 209 T _   0.009 0.034 0.000 0.008 0.003 0.008 0.083 0.854 
 210 C _   0.008 0.027 0.000 0.007 0.003 0.008 0.085 0.862 
 211 R _   0.007 0.022 0.000 0.007 0.002 0.007 0.086 0.868 
 212 T _   0.006 0.019 0.000 0.007 0.002 0.007 0.087 0.872 
 213 S _   0.006 0.017 0.000 0.007 0.002 0.007 0.088 0.874 
 214 Q _   0.006 0.016 0.000 0.007 0.002 0.007 0.088 0.875 
 215 G _   0.005 0.015 0.000 0.008 0.002 0.007 0.088 0.875 
 216 S _   0.005 0.015 0.000 0.008 0.002 0.007 0.087 0.874 
 217 P _   0.005 0.016 0.000 0.009 0.003 0.007 0.087 0.873 
 218 A _   0.005 0.017 0.000 0.010 0.003 0.007 0.086 0.872 
 219 F _   0.005 0.017 0.000 0.010 0.003 0.007 0.085 0.871 
 220 Q _   0.005 0.018 0.000 0.011 0.003 0.008 0.084 0.870 
 221 P _   0.005 0.020 0.000 0.011 0.003 0.008 0.083 0.869 
 222 P _   0.005 0.021 0.000 0.012 0.003 0.008 0.083 0.868 
 223 E _   0.005 0.022 0.000 0.012 0.004 0.009 0.082 0.866 
 224 I _   0.005 0.024 0.000 0.013 0.004 0.009 0.081 0.864 
 225 A _   0.005 0.025 0.000 0.014 0.004 0.010 0.080 0.862 
 226 N _   0.005 0.026 0.001 0.014 0.004 0.011 0.079 0.859 
 227 G _   0.006 0.027 0.001 0.015 0.005 0.012 0.079 0.856 
 228 L _   0.006 0.029 0.001 0.015 0.005 0.013 0.078 0.853 
 229 D _   0.007 0.029 0.001 0.015 0.006 0.015 0.077 0.850 
 230 T _   0.008 0.030 0.001 0.016 0.006 0.016 0.077 0.847 
 231 F _   0.008 0.030 0.001 0.015 0.007 0.018 0.076 0.844 
 232 S _   0.010 0.031 0.001 0.015 0.007 0.020 0.076 0.841 
 233 G _   0.012 0.031 0.001 0.014 0.008 0.023 0.075 0.836 
 234 F _   0.014 0.032 0.001 0.014 0.009 0.026 0.075 0.829 
 235 K _   0.018 0.033 0.001 0.014 0.010 0.030 0.075 0.820 
 236 V _   0.023 0.034 0.001 0.014 0.012 0.034 0.075 0.808 
 237 D _   0.029 0.036 0.001 0.015 0.015 0.038 0.074 0.792 
 238 I _   0.036 0.039 0.001 0.016 0.019 0.043 0.074 0.773 
 239 W _   0.043 0.043 0.001 0.017 0.022 0.047 0.074 0.752 
 240 S _   0.051 0.047 0.002 0.019 0.027 0.051 0.075 0.730 
 241 A _   0.059 0.052 0.002 0.021 0.031 0.054 0.075 0.706 
 242 G _   0.066 0.056 0.002 0.024 0.035 0.056 0.076 0.685 
 243 V _   0.072 0.061 0.002 0.026 0.037 0.057 0.078 0.668 
 244 T _   0.075 0.064 0.002 0.029 0.039 0.056 0.080 0.656 
 245 L _   0.075 0.066 0.002 0.031 0.038 0.055 0.082 0.650 
 246 Y _   0.074 0.067 0.002 0.032 0.037 0.052 0.086 0.651 
 247 N _   0.070 0.066 0.002 0.033 0.034 0.048 0.090 0.657 
 248 I _   0.064 0.064 0.002 0.033 0.030 0.044 0.094 0.670 
 249 T _   0.056 0.059 0.002 0.030 0.025 0.039 0.099 0.690 
 250 T _   0.048 0.052 0.002 0.026 0.020 0.033 0.105 0.714 
 251 G _   0.040 0.043 0.001 0.022 0.015 0.028 0.111 0.739 
 252 L _   0.033 0.034 0.001 0.017 0.011 0.023 0.116 0.764 
 253 Y _   0.026 0.026 0.001 0.012 0.008 0.019 0.122 0.787 
 254 P _   0.020 0.019 0.001 0.009 0.005 0.016 0.126 0.804 
 255 F _   0.015 0.015 0.000 0.006 0.004 0.014 0.130 0.815 
 256 E _   0.012 0.013 0.000 0.005 0.003 0.012 0.133 0.821 
 257 G _   0.011 0.013 0.000 0.005 0.003 0.011 0.135 0.822 
 258 D _   0.010 0.014 0.000 0.005 0.003 0.012 0.137 0.818 
 259 N _   0.010 0.016 0.000 0.007 0.004 0.012 0.139 0.811 
 260 I _   0.010 0.020 0.001 0.010 0.005 0.013 0.141 0.800 
 261 Y _   0.011 0.027 0.001 0.014 0.006 0.014 0.143 0.785 
 262 K _   0.011 0.035 0.001 0.018 0.007 0.015 0.145 0.768 
 263 L _   0.011 0.042 0.001 0.023 0.008 0.016 0.147 0.752 
 264 F _   0.011 0.048 0.001 0.027 0.009 0.016 0.149 0.739 
 265 E _   0.010 0.052 0.001 0.029 0.009 0.016 0.152 0.730 
 266 N _   0.010 0.055 0.001 0.029 0.009 0.016 0.156 0.724 
 267 I _   0.010 0.056 0.001 0.029 0.009 0.015 0.160 0.721 
 268 G _   0.009 0.055 0.001 0.028 0.008 0.014 0.165 0.720 
 269 K _   0.009 0.054 0.001 0.026 0.007 0.013 0.170 0.720 
 270 G _   0.009 0.051 0.001 0.023 0.007 0.012 0.176 0.721 
 271 S _   0.009 0.047 0.001 0.020 0.006 0.011 0.183 0.724 
 272 Y _   0.008 0.042 0.001 0.017 0.005 0.010 0.189 0.728 
 273 A _   0.007 0.037 0.001 0.014 0.004 0.009 0.196 0.732 
 274 I _   0.007 0.032 0.000 0.011 0.003 0.008 0.202 0.736 
 275 P _   0.006 0.028 0.000 0.009 0.003 0.007 0.208 0.740 
 276 G _   0.005 0.024 0.000 0.007 0.002 0.006 0.213 0.743 
 277 D _   0.005 0.023 0.000 0.005 0.002 0.005 0.216 0.744 
 278 C _   0.005 0.022 0.000 0.004 0.002 0.005 0.219 0.743 
 279 G _   0.004 0.022 0.000 0.004 0.002 0.005 0.221 0.740 
 280 P _   0.004 0.025 0.000 0.005 0.002 0.006 0.223 0.735 
 281 P _   0.005 0.029 0.000 0.006 0.002 0.007 0.224 0.726 
 282 L _   0.005 0.038 0.000 0.009 0.003 0.009 0.224 0.711 
 283 S _   0.005 0.053 0.001 0.013 0.004 0.010 0.224 0.690 
 284 D _   0.006 0.073 0.001 0.018 0.005 0.012 0.223 0.663 
 285 L _   0.006 0.095 0.001 0.023 0.007 0.013 0.223 0.634 
 286 L _   0.006 0.115 0.001 0.027 0.007 0.013 0.223 0.608 
 287 K _   0.006 0.130 0.001 0.030 0.008 0.014 0.223 0.588 
 288 G _   0.006 0.139 0.001 0.032 0.008 0.014 0.225 0.576 
 289 M _   0.006 0.144 0.001 0.030 0.008 0.014 0.228 0.569 
 290 L _   0.006 0.146 0.001 0.027 0.007 0.014 0.231 0.567 
 291 E _   0.006 0.146 0.001 0.023 0.007 0.014 0.235 0.569 
 292 Y _   0.006 0.143 0.001 0.019 0.006 0.014 0.240 0.571 
 293 E _   0.007 0.140 0.001 0.015 0.005 0.014 0.246 0.573 
 294 P _   0.007 0.137 0.001 0.012 0.005 0.014 0.251 0.573 
 295 A _   0.008 0.136 0.001 0.010 0.005 0.015 0.256 0.568 
 296 K _   0.010 0.137 0.001 0.011 0.005 0.017 0.262 0.558 
 297 R _   0.011 0.141 0.001 0.012 0.007 0.019 0.267 0.542 
 298 F _   0.012 0.148 0.001 0.016 0.009 0.021 0.272 0.521 
 299 S _   0.014 0.158 0.001 0.022 0.011 0.022 0.278 0.495 
 300 I _   0.014 0.168 0.001 0.029 0.013 0.023 0.285 0.466 
 301 R _   0.015 0.177 0.001 0.037 0.015 0.024 0.292 0.439 
 302 Q _   0.015 0.182 0.001 0.043 0.016 0.024 0.302 0.417 
 303 I _   0.015 0.183 0.001 0.047 0.016 0.023 0.313 0.403 
 304 R _   0.014 0.179 0.001 0.047 0.015 0.022 0.327 0.395 
 305 Q _   0.013 0.169 0.001 0.045 0.014 0.020 0.344 0.393 
 306 H _   0.012 0.153 0.001 0.041 0.012 0.018 0.364 0.398 
 307 S _   0.011 0.129 0.001 0.034 0.011 0.016 0.388 0.409 
 308 W _   0.011 0.101 0.001 0.027 0.009 0.014 0.415 0.423 
 309 F X   0.010 0.072 0.001 0.020 0.007 0.012 0.442 0.436 
 310 R X   0.009 0.047 0.001 0.014 0.005 0.010 0.467 0.446 
 311 K X   0.008 0.030 0.001 0.010 0.004 0.009 0.489 0.450 
 312 K X   0.007 0.019 0.000 0.008 0.003 0.007 0.507 0.449 
 313 H X   0.007 0.012 0.000 0.006 0.002 0.006 0.521 0.445 
 314 P X   0.006 0.008 0.000 0.005 0.002 0.006 0.533 0.439 
 315 P X   0.006 0.006 0.000 0.005 0.002 0.005 0.543 0.433 
 316 A X   0.005 0.005 0.000 0.005 0.001 0.005 0.551 0.428 
 317 E X   0.005 0.004 0.000 0.005 0.001 0.004 0.558 0.423 
 318 A X   0.005 0.003 0.000 0.005 0.001 0.004 0.563 0.419 
 319 P X   0.004 0.002 0.000 0.004 0.001 0.004 0.567 0.417 
 320 V X   0.004 0.002 0.000 0.004 0.001 0.003 0.569 0.417 
 321 P X   0.003 0.002 0.000 0.003 0.001 0.003 0.571 0.417 
 322 I X   0.003 0.001 0.000 0.003 0.001 0.003 0.571 0.418 
 323 P X   0.003 0.001 0.000 0.002 0.001 0.003 0.570 0.420 
 324 P X   0.003 0.001 0.000 0.002 0.001 0.003 0.568 0.422 
 325 S X   0.002 0.002 0.000 0.002 0.001 0.003 0.564 0.426 
 326 P X   0.003 0.002 0.000 0.002 0.001 0.004 0.559 0.429 
 327 D X   0.003 0.004 0.000 0.003 0.001 0.005 0.552 0.431 
 328 T X   0.004 0.008 0.000 0.005 0.002 0.008 0.542 0.431 
 329 K X   0.005 0.019 0.001 0.009 0.004 0.011 0.527 0.424 
 330 D X   0.007 0.044 0.001 0.015 0.007 0.015 0.506 0.405 
 331 R X   0.008 0.091 0.002 0.025 0.012 0.019 0.478 0.367 
 332 W X   0.008 0.159 0.002 0.036 0.016 0.021 0.447 0.311 
 333 R X   0.007 0.231 0.002 0.047 0.017 0.021 0.418 0.256 
 334 S X   0.006 0.288 0.002 0.055 0.017 0.020 0.397 0.215 
 335 M X   0.006 0.324 0.001 0.060 0.016 0.019 0.383 0.190 
 336 T X   0.005 0.344 0.001 0.063 0.015 0.018 0.374 0.179 
 337 V X   0.005 0.352 0.001 0.064 0.014 0.016 0.370 0.177 
 338 V X   0.005 0.354 0.001 0.062 0.013 0.015 0.367 0.183 
 339 P X   0.005 0.348 0.001 0.057 0.012 0.014 0.367 0.195 
 340 Y X   0.006 0.334 0.001 0.051 0.011 0.013 0.368 0.217 
 341 L X   0.006 0.306 0.001 0.043 0.010 0.012 0.372 0.250 
 342 E X   0.007 0.265 0.001 0.035 0.009 0.011 0.378 0.295 
 343 D X   0.007 0.214 0.001 0.027 0.007 0.010 0.385 0.348 
 344 L _   0.007 0.162 0.001 0.020 0.006 0.009 0.393 0.401 
 345 H _   0.006 0.121 0.001 0.014 0.004 0.008 0.400 0.445 
 346 G _   0.006 0.094 0.000 0.010 0.003 0.007 0.405 0.476 
 347 A _   0.005 0.077 0.000 0.007 0.002 0.006 0.408 0.495 
 348 D _   0.004 0.068 0.000 0.005 0.002 0.005 0.409 0.507 
 349 E _   0.004 0.063 0.000 0.004 0.001 0.005 0.409 0.513 
 350 D _   0.003 0.061 0.000 0.004 0.001 0.005 0.408 0.517 
 351 E _   0.003 0.061 0.000 0.004 0.001 0.005 0.406 0.519 
 352 D _   0.003 0.062 0.000 0.005 0.002 0.006 0.403 0.519 
 353 L _   0.003 0.065 0.000 0.006 0.002 0.006 0.400 0.517 
 354 F _   0.004 0.070 0.000 0.008 0.002 0.007 0.396 0.513 
 355 D _   0.004 0.078 0.000 0.010 0.003 0.008 0.391 0.506 
 356 I _   0.004 0.088 0.001 0.013 0.004 0.010 0.386 0.495 
 357 E _   0.005 0.099 0.001 0.016 0.005 0.011 0.381 0.483 
 358 D _   0.005 0.111 0.001 0.019 0.006 0.012 0.376 0.471 
 359 D _   0.006 0.121 0.001 0.021 0.007 0.012 0.372 0.459 
 360 I _   0.006 0.131 0.001 0.024 0.007 0.013 0.369 0.449 
 361 I _   0.006 0.137 0.001 0.026 0.008 0.013 0.367 0.442 
 362 Y _   0.006 0.141 0.001 0.027 0.008 0.013 0.366 0.438 
 363 T _   0.006 0.143 0.001 0.027 0.008 0.013 0.366 0.437 
 364 Q _   0.006 0.142 0.001 0.026 0.007 0.012 0.367 0.438 
 365 D _   0.006 0.139 0.001 0.024 0.007 0.012 0.368 0.442 
 366 F _   0.006 0.135 0.001 0.022 0.006 0.011 0.370 0.449 
 367 T _   0.006 0.128 0.001 0.020 0.006 0.010 0.373 0.456 
 368 V _   0.006 0.121 0.001 0.018 0.005 0.010 0.377 0.463 
 369 P _   0.005 0.113 0.001 0.016 0.004 0.009 0.380 0.471 
 370 G _   0.005 0.105 0.001 0.015 0.004 0.008 0.384 0.478 
 371 Q _   0.005 0.097 0.000 0.013 0.004 0.008 0.388 0.484 
 372 V _   0.005 0.090 0.000 0.012 0.003 0.007 0.392 0.491 
 373 P _   0.005 0.083 0.000 0.011 0.003 0.007 0.395 0.497 
 374 E _   0.004 0.076 0.000 0.009 0.003 0.006 0.399 0.502 
 375 E _   0.004 0.070 0.000 0.008 0.002 0.006 0.401 0.508 
 376 E _   0.004 0.065 0.000 0.007 0.002 0.005 0.404 0.513 
 377 A _   0.003 0.062 0.000 0.006 0.002 0.005 0.405 0.517 
 378 S _   0.003 0.059 0.000 0.005 0.001 0.005 0.407 0.520 
 379 H _   0.003 0.058 0.000 0.005 0.001 0.005 0.407 0.521 
 380 N _   0.003 0.058 0.000 0.005 0.001 0.005 0.407 0.521 
 381 G _   0.003 0.060 0.000 0.005 0.002 0.006 0.406 0.519 
 382 Q _   0.003 0.064 0.000 0.006 0.002 0.006 0.404 0.514 
 383 R _   0.004 0.071 0.000 0.007 0.002 0.008 0.401 0.506 
 384 R _   0.004 0.082 0.000 0.009 0.003 0.009 0.398 0.494 
 385 G _   0.005 0.098 0.001 0.012 0.004 0.011 0.394 0.475 
 386 L _   0.005 0.120 0.001 0.015 0.006 0.013 0.389 0.451 
 387 P _   0.006 0.148 0.001 0.019 0.008 0.015 0.384 0.420 
 388 K _   0.007 0.180 0.001 0.023 0.009 0.016 0.379 0.385 
 389 A X   0.007 0.212 0.001 0.028 0.011 0.017 0.375 0.350 
 390 V X   0.008 0.240 0.001 0.032 0.012 0.018 0.372 0.318 
 391 C X   0.008 0.261 0.001 0.037 0.013 0.018 0.370 0.292 
 392 M X   0.008 0.275 0.001 0.041 0.013 0.018 0.370 0.273 
 393 N X   0.008 0.283 0.001 0.043 0.013 0.018 0.372 0.262 
 394 G X   0.008 0.285 0.001 0.044 0.013 0.017 0.375 0.256 
 395 T X   0.008 0.282 0.001 0.043 0.012 0.016 0.380 0.257 
 396 E X   0.008 0.274 0.001 0.040 0.011 0.015 0.388 0.263 
 397 A X   0.008 0.257 0.001 0.036 0.010 0.014 0.397 0.277 
 398 A X   0.008 0.232 0.001 0.030 0.009 0.012 0.409 0.298 
 399 Q X   0.009 0.198 0.001 0.024 0.008 0.011 0.423 0.325 
 400 L X   0.008 0.162 0.001 0.019 0.006 0.010 0.439 0.354 
 401 S X   0.008 0.129 0.001 0.015 0.005 0.009 0.454 0.380 
 402 T X   0.007 0.104 0.001 0.011 0.004 0.008 0.467 0.399 
 403 K X   0.006 0.087 0.000 0.008 0.003 0.007 0.478 0.411 
 404 S X   0.005 0.077 0.000 0.006 0.002 0.006 0.486 0.418 
 405 R X   0.004 0.071 0.000 0.005 0.002 0.005 0.492 0.421 
 406 A X   0.004 0.067 0.000 0.005 0.001 0.005 0.496 0.422 
 407 E X   0.003 0.065 0.000 0.005 0.001 0.005 0.499 0.422 
 408 G X   0.003 0.065 0.000 0.004 0.001 0.004 0.501 0.421 
 409 R X   0.003 0.066 0.000 0.005 0.001 0.004 0.502 0.419 
 410 A X   0.003 0.068 0.000 0.005 0.001 0.005 0.502 0.416 
 411 P X   0.003 0.072 0.000 0.006 0.002 0.005 0.501 0.412 
 412 N X   0.003 0.078 0.000 0.007 0.002 0.006 0.500 0.405 
 413 P X   0.003 0.087 0.000 0.008 0.002 0.007 0.498 0.395 
 414 A X   0.003 0.101 0.000 0.010 0.003 0.007 0.495 0.381 
 415 R X   0.003 0.119 0.000 0.012 0.004 0.009 0.491 0.362 
 416 K X   0.004 0.142 0.001 0.015 0.004 0.010 0.487 0.338 
 417 A X   0.004 0.168 0.001 0.018 0.005 0.010 0.482 0.311 
 418 C X   0.004 0.195 0.001 0.022 0.006 0.011 0.479 0.283 
 419 S X   0.004 0.221 0.001 0.025 0.007 0.012 0.475 0.256 
 420 A X   0.004 0.242 0.001 0.028 0.007 0.012 0.473 0.232 
 421 S X   0.004 0.259 0.001 0.031 0.008 0.013 0.473 0.212 
 422 S X   0.004 0.270 0.001 0.034 0.008 0.013 0.473 0.197 
 423 K X   0.005 0.276 0.001 0.035 0.008 0.013 0.476 0.186 
 424 I X   0.005 0.278 0.001 0.036 0.008 0.012 0.480 0.180 
 425 R X   0.005 0.276 0.001 0.035 0.008 0.011 0.485 0.179 
 426 R X   0.004 0.270 0.001 0.033 0.008 0.010 0.492 0.182 
 427 L X   0.004 0.258 0.001 0.030 0.007 0.009 0.502 0.189 
 428 S X   0.003 0.237 0.001 0.026 0.006 0.007 0.515 0.204 
 429 A X   0.003 0.202 0.001 0.020 0.004 0.004 0.534 0.232 
 430 C X   0.001 0.149 0.000 0.012 0.002 0.002 0.554 0.279 
 431 K X   0.000 0.105 0.000 0.007 0.000 0.001 0.563 0.323 
 432 Q X   0.000 0.085 0.000 0.006 0.000 0.001 0.563 0.345 
 433 Q X   0.003 0.077 0.001 0.013 0.003 0.003 0.553 0.348 
