#TopoPred_TM8: 8-state transmembrane topology prediction results by no_profile mode 
#probabilities are in the order of H E C I L F X _, the 8 transmembrane topology types used in PDBTM 
   1 M _   0.045 0.001 0.003 0.029 0.014 0.019 0.392 0.498 
   2 A _   0.031 0.000 0.000 0.014 0.004 0.013 0.398 0.540 
   3 L _   0.032 0.000 0.000 0.007 0.002 0.011 0.394 0.553 
   4 R _   0.062 0.000 0.001 0.005 0.004 0.013 0.378 0.538 
   5 R _   0.139 0.000 0.001 0.004 0.007 0.019 0.336 0.494 
   6 L _   0.265 0.000 0.002 0.002 0.013 0.025 0.271 0.422 
   7 G H   0.399 0.000 0.002 0.002 0.017 0.029 0.212 0.339 
   8 A H   0.519 0.000 0.002 0.002 0.020 0.029 0.164 0.264 
   9 A H   0.607 0.000 0.002 0.002 0.022 0.028 0.130 0.210 
  10 L H   0.665 0.000 0.002 0.002 0.024 0.026 0.107 0.175 
  11 L H   0.701 0.000 0.002 0.002 0.025 0.024 0.092 0.154 
  12 L H   0.720 0.000 0.002 0.002 0.026 0.022 0.082 0.146 
  13 L H   0.727 0.000 0.001 0.002 0.026 0.020 0.076 0.148 
  14 P H   0.723 0.000 0.001 0.002 0.025 0.019 0.071 0.158 
  15 L H   0.706 0.000 0.001 0.002 0.024 0.018 0.069 0.180 
  16 L H   0.675 0.000 0.001 0.002 0.023 0.017 0.067 0.214 
  17 A H   0.631 0.000 0.001 0.002 0.021 0.017 0.066 0.262 
  18 A H   0.571 0.000 0.001 0.003 0.018 0.016 0.066 0.324 
  19 V H   0.501 0.000 0.001 0.003 0.015 0.016 0.067 0.396 
  20 E _   0.420 0.000 0.001 0.003 0.012 0.015 0.068 0.479 
  21 E _   0.339 0.000 0.001 0.003 0.010 0.014 0.070 0.563 
  22 T _   0.263 0.000 0.001 0.003 0.007 0.014 0.071 0.641 
  23 L _   0.199 0.000 0.001 0.003 0.006 0.013 0.072 0.707 
  24 M _   0.148 0.000 0.001 0.002 0.005 0.013 0.073 0.759 
  25 D _   0.111 0.000 0.000 0.002 0.004 0.013 0.073 0.796 
  26 S _   0.086 0.000 0.000 0.003 0.004 0.014 0.073 0.819 
  27 T _   0.070 0.001 0.001 0.004 0.005 0.016 0.073 0.832 
  28 T _   0.059 0.002 0.001 0.006 0.006 0.018 0.073 0.835 
  29 A _   0.052 0.006 0.001 0.010 0.008 0.020 0.073 0.831 
  30 T _   0.046 0.011 0.001 0.015 0.010 0.022 0.072 0.822 
  31 A _   0.042 0.017 0.001 0.022 0.013 0.023 0.072 0.811 
  32 E _   0.037 0.024 0.001 0.027 0.014 0.024 0.071 0.802 
  33 L _   0.033 0.028 0.001 0.031 0.014 0.023 0.071 0.799 
  34 G _   0.029 0.030 0.001 0.031 0.014 0.022 0.071 0.802 
  35 W _   0.025 0.030 0.001 0.029 0.012 0.020 0.072 0.810 
  36 M _   0.021 0.029 0.001 0.026 0.010 0.018 0.072 0.823 
  37 V _   0.018 0.027 0.001 0.021 0.008 0.016 0.073 0.837 
  38 H _   0.015 0.024 0.001 0.016 0.006 0.014 0.074 0.850 
  39 P _   0.012 0.021 0.001 0.013 0.005 0.012 0.075 0.861 
  40 P _   0.011 0.019 0.000 0.011 0.004 0.011 0.075 0.869 
  41 S _   0.009 0.018 0.000 0.009 0.004 0.010 0.076 0.874 
  42 G _   0.008 0.017 0.000 0.009 0.003 0.009 0.076 0.877 
  43 W _   0.008 0.017 0.000 0.009 0.003 0.008 0.076 0.879 
  44 E _   0.007 0.017 0.000 0.009 0.003 0.008 0.076 0.880 
  45 E _   0.007 0.018 0.000 0.008 0.003 0.008 0.075 0.881 
  46 V _   0.006 0.019 0.000 0.008 0.003 0.007 0.074 0.883 
  47 S _   0.006 0.020 0.000 0.008 0.003 0.007 0.073 0.884 
  48 G _   0.005 0.021 0.000 0.007 0.002 0.007 0.072 0.884 
  49 Y _   0.005 0.024 0.000 0.007 0.002 0.008 0.071 0.883 
  50 D _   0.005 0.028 0.000 0.007 0.003 0.009 0.069 0.878 
  51 E _   0.006 0.035 0.000 0.009 0.004 0.011 0.067 0.868 
  52 N _   0.007 0.047 0.001 0.011 0.005 0.013 0.064 0.852 
  53 M _   0.009 0.067 0.001 0.015 0.007 0.016 0.061 0.824 
  54 N _   0.010 0.096 0.001 0.021 0.010 0.019 0.057 0.786 
  55 T _   0.011 0.134 0.001 0.028 0.012 0.021 0.053 0.739 
  56 I _   0.012 0.173 0.001 0.036 0.015 0.023 0.049 0.692 
  57 R _   0.012 0.207 0.001 0.042 0.016 0.023 0.046 0.652 
  58 T _   0.011 0.230 0.001 0.048 0.017 0.024 0.044 0.625 
  59 Y _   0.011 0.245 0.001 0.050 0.017 0.023 0.042 0.609 
  60 Q _   0.011 0.253 0.001 0.051 0.017 0.023 0.041 0.603 
  61 V _   0.011 0.255 0.001 0.049 0.016 0.022 0.040 0.606 
  62 C _   0.011 0.251 0.001 0.044 0.014 0.020 0.040 0.617 
  63 N _   0.011 0.242 0.001 0.038 0.012 0.019 0.040 0.635 
  64 V _   0.011 0.228 0.001 0.031 0.011 0.017 0.041 0.660 
  65 F _   0.011 0.210 0.001 0.024 0.009 0.016 0.041 0.688 
  66 E _   0.010 0.189 0.001 0.018 0.007 0.015 0.042 0.717 
  67 S _   0.010 0.172 0.001 0.013 0.006 0.014 0.042 0.742 
  68 S _   0.009 0.159 0.001 0.010 0.005 0.014 0.042 0.760 
  69 Q _   0.009 0.151 0.000 0.008 0.004 0.014 0.042 0.771 
  70 N _   0.009 0.148 0.000 0.008 0.004 0.014 0.042 0.774 
  71 N _   0.010 0.149 0.000 0.008 0.004 0.015 0.042 0.772 
  72 W _   0.011 0.153 0.001 0.010 0.005 0.016 0.041 0.763 
  73 L _   0.012 0.161 0.001 0.013 0.007 0.017 0.040 0.750 
  74 R _   0.012 0.170 0.001 0.016 0.008 0.018 0.039 0.735 
  75 T _   0.013 0.180 0.001 0.019 0.009 0.019 0.038 0.721 
  76 K _   0.013 0.188 0.001 0.022 0.010 0.020 0.038 0.709 
  77 F _   0.013 0.194 0.001 0.022 0.010 0.020 0.037 0.703 
  78 I _   0.013 0.197 0.001 0.022 0.010 0.020 0.037 0.701 
  79 R _   0.013 0.198 0.001 0.020 0.010 0.019 0.037 0.702 
  80 R _   0.013 0.198 0.001 0.018 0.009 0.019 0.036 0.706 
  81 R _   0.013 0.197 0.001 0.017 0.009 0.019 0.036 0.709 
  82 G _   0.013 0.195 0.001 0.015 0.008 0.019 0.036 0.711 
  83 A _   0.013 0.195 0.001 0.015 0.008 0.019 0.037 0.712 
  84 H _   0.014 0.196 0.001 0.016 0.009 0.019 0.037 0.709 
  85 R _   0.014 0.198 0.001 0.018 0.009 0.020 0.037 0.704 
  86 I _   0.015 0.201 0.001 0.020 0.010 0.020 0.037 0.697 
  87 H _   0.015 0.203 0.001 0.023 0.011 0.020 0.037 0.691 
  88 V _   0.015 0.203 0.001 0.026 0.011 0.019 0.037 0.687 
  89 E _   0.014 0.202 0.001 0.028 0.011 0.018 0.038 0.688 
  90 M _   0.014 0.197 0.001 0.028 0.011 0.017 0.039 0.694 
  91 K _   0.013 0.189 0.001 0.027 0.010 0.016 0.040 0.705 
  92 F _   0.012 0.176 0.001 0.025 0.009 0.015 0.041 0.721 
  93 S _   0.012 0.160 0.001 0.021 0.008 0.014 0.042 0.743 
  94 V _   0.011 0.142 0.001 0.018 0.007 0.012 0.043 0.766 
  95 R _   0.010 0.124 0.001 0.015 0.006 0.011 0.045 0.789 
  96 D _   0.009 0.109 0.001 0.012 0.005 0.010 0.046 0.808 
  97 C _   0.008 0.097 0.001 0.010 0.004 0.010 0.047 0.823 
  98 S _   0.008 0.088 0.000 0.009 0.003 0.009 0.048 0.834 
  99 S _   0.007 0.082 0.000 0.008 0.003 0.009 0.049 0.841 
 100 I _   0.007 0.079 0.000 0.008 0.003 0.008 0.049 0.846 
 101 P _   0.006 0.077 0.000 0.008 0.003 0.008 0.049 0.848 
 102 S _   0.006 0.077 0.000 0.008 0.003 0.009 0.049 0.848 
 103 V _   0.006 0.078 0.000 0.009 0.003 0.009 0.049 0.846 
 104 P _   0.006 0.080 0.000 0.010 0.003 0.010 0.048 0.843 
 105 G _   0.006 0.083 0.000 0.011 0.004 0.010 0.048 0.837 
 106 S _   0.007 0.088 0.001 0.013 0.004 0.011 0.047 0.829 
 107 C _   0.007 0.095 0.001 0.016 0.005 0.012 0.046 0.818 
 108 K _   0.007 0.103 0.001 0.019 0.006 0.013 0.045 0.805 
 109 E _   0.008 0.112 0.001 0.024 0.007 0.014 0.044 0.790 
 110 T _   0.008 0.120 0.001 0.029 0.008 0.015 0.043 0.776 
 111 F _   0.009 0.126 0.001 0.033 0.009 0.015 0.043 0.764 
 112 N _   0.009 0.130 0.001 0.037 0.010 0.015 0.043 0.756 
 113 L _   0.009 0.130 0.001 0.038 0.010 0.015 0.043 0.755 
 114 Y _   0.009 0.127 0.001 0.037 0.009 0.014 0.043 0.760 
 115 Y _   0.009 0.120 0.001 0.033 0.008 0.013 0.044 0.771 
 116 Y _   0.008 0.109 0.001 0.029 0.007 0.012 0.045 0.789 
 117 E _   0.008 0.093 0.001 0.023 0.006 0.011 0.047 0.812 
 118 A _   0.008 0.076 0.001 0.017 0.005 0.010 0.048 0.836 
 119 D _   0.007 0.060 0.001 0.013 0.004 0.009 0.049 0.858 
 120 F _   0.007 0.047 0.000 0.009 0.003 0.008 0.050 0.875 
 121 D _   0.006 0.039 0.000 0.008 0.003 0.008 0.051 0.886 
 122 S _   0.006 0.034 0.000 0.007 0.002 0.007 0.051 0.892 
 123 A _   0.006 0.031 0.000 0.007 0.002 0.007 0.051 0.895 
 124 T _   0.006 0.030 0.000 0.007 0.003 0.008 0.051 0.896 
 125 K _   0.006 0.030 0.000 0.008 0.003 0.008 0.050 0.894 
 126 T _   0.006 0.030 0.000 0.010 0.003 0.008 0.050 0.892 
 127 F _   0.006 0.032 0.000 0.011 0.004 0.009 0.049 0.889 
 128 P _   0.006 0.033 0.000 0.012 0.004 0.009 0.048 0.887 
 129 N _   0.006 0.034 0.001 0.013 0.004 0.009 0.047 0.885 
 130 W _   0.007 0.036 0.001 0.013 0.004 0.010 0.046 0.884 
 131 M _   0.007 0.037 0.001 0.013 0.004 0.010 0.045 0.884 
 132 E _   0.007 0.038 0.001 0.013 0.004 0.010 0.044 0.883 
 133 N _   0.007 0.039 0.001 0.013 0.004 0.010 0.044 0.882 
 134 P _   0.007 0.041 0.001 0.013 0.005 0.011 0.043 0.880 
 135 W _   0.007 0.043 0.001 0.013 0.005 0.011 0.042 0.878 
 136 V _   0.008 0.045 0.001 0.014 0.005 0.012 0.041 0.874 
 137 K _   0.008 0.047 0.001 0.016 0.006 0.012 0.040 0.871 
 138 V _   0.008 0.050 0.001 0.017 0.006 0.012 0.040 0.867 
 139 D _   0.008 0.052 0.001 0.018 0.006 0.012 0.039 0.864 
 140 T _   0.008 0.053 0.001 0.018 0.006 0.012 0.038 0.863 
 141 I _   0.008 0.054 0.001 0.018 0.006 0.012 0.037 0.864 
 142 A _   0.008 0.054 0.001 0.017 0.006 0.012 0.037 0.867 
 143 A _   0.008 0.053 0.001 0.015 0.005 0.011 0.036 0.871 
 144 D _   0.007 0.052 0.001 0.013 0.005 0.011 0.036 0.876 
 145 E _   0.007 0.051 0.001 0.012 0.004 0.011 0.035 0.880 
 146 S _   0.007 0.050 0.000 0.010 0.004 0.011 0.035 0.884 
 147 F _   0.007 0.049 0.000 0.009 0.004 0.011 0.034 0.885 
 148 S _   0.008 0.050 0.000 0.009 0.004 0.012 0.033 0.883 
 149 Q _   0.008 0.052 0.001 0.010 0.005 0.013 0.032 0.879 
 150 V _   0.009 0.055 0.001 0.012 0.006 0.015 0.031 0.871 
 151 D _   0.011 0.060 0.001 0.014 0.007 0.017 0.030 0.860 
 152 L _   0.012 0.067 0.001 0.018 0.008 0.019 0.029 0.847 
 153 G _   0.014 0.073 0.001 0.022 0.010 0.020 0.028 0.831 
 154 G _   0.015 0.080 0.001 0.026 0.012 0.022 0.027 0.817 
 155 R _   0.016 0.084 0.001 0.029 0.013 0.023 0.027 0.806 
 156 V _   0.017 0.087 0.001 0.031 0.014 0.024 0.026 0.799 
 157 M _   0.018 0.087 0.001 0.032 0.015 0.024 0.026 0.798 
 158 K _   0.018 0.085 0.001 0.032 0.015 0.024 0.025 0.800 
 159 I _   0.018 0.082 0.001 0.030 0.014 0.023 0.025 0.806 
 160 N _   0.018 0.076 0.001 0.028 0.013 0.022 0.026 0.816 
 161 T _   0.017 0.068 0.001 0.025 0.012 0.021 0.026 0.829 
 162 E _   0.017 0.059 0.001 0.022 0.010 0.020 0.026 0.844 
 163 V _   0.016 0.050 0.001 0.019 0.009 0.019 0.027 0.861 
 164 R _   0.015 0.040 0.001 0.015 0.008 0.017 0.027 0.877 
 165 S _   0.014 0.031 0.001 0.012 0.006 0.016 0.027 0.893 
 166 F _   0.013 0.023 0.001 0.010 0.005 0.015 0.027 0.906 
 167 G _   0.012 0.017 0.001 0.008 0.005 0.015 0.027 0.915 
 168 P _   0.012 0.014 0.001 0.008 0.005 0.015 0.027 0.919 
 169 V _   0.012 0.011 0.001 0.008 0.005 0.016 0.027 0.921 
 170 S _   0.013 0.010 0.001 0.008 0.005 0.017 0.026 0.919 
 171 R _   0.015 0.009 0.001 0.010 0.006 0.019 0.026 0.914 
 172 S _   0.018 0.009 0.001 0.012 0.008 0.021 0.025 0.906 
 173 G _   0.021 0.009 0.001 0.015 0.009 0.024 0.024 0.897 
 174 F _   0.025 0.009 0.001 0.017 0.011 0.026 0.024 0.888 
 175 Y _   0.031 0.008 0.001 0.018 0.012 0.027 0.023 0.880 
 176 L _   0.039 0.007 0.001 0.016 0.012 0.029 0.022 0.874 
 177 A _   0.051 0.005 0.001 0.014 0.011 0.030 0.021 0.867 
 178 F _   0.066 0.003 0.001 0.010 0.011 0.031 0.021 0.858 
 179 Q _   0.088 0.001 0.001 0.007 0.010 0.032 0.020 0.841 
 180 D _   0.116 0.001 0.001 0.004 0.011 0.034 0.019 0.814 
 181 Y _   0.156 0.000 0.001 0.003 0.013 0.037 0.017 0.773 
 182 G _   0.205 0.000 0.001 0.003 0.016 0.042 0.016 0.717 
 183 G _   0.263 0.000 0.001 0.003 0.023 0.047 0.015 0.649 
 184 C _   0.321 0.000 0.002 0.003 0.031 0.052 0.014 0.576 
 185 M _   0.372 0.001 0.002 0.005 0.041 0.056 0.014 0.509 
 186 S _   0.410 0.002 0.002 0.008 0.051 0.058 0.014 0.455 
 187 L H   0.435 0.005 0.003 0.011 0.057 0.059 0.014 0.417 
 188 I H   0.444 0.007 0.003 0.015 0.061 0.057 0.014 0.399 
 189 A H   0.440 0.008 0.003 0.018 0.061 0.055 0.015 0.400 
 190 V _   0.422 0.009 0.003 0.019 0.058 0.051 0.016 0.422 
 191 R _   0.389 0.008 0.003 0.019 0.051 0.046 0.018 0.465 
 192 V _   0.344 0.007 0.003 0.016 0.042 0.041 0.019 0.528 
 193 F _   0.286 0.005 0.002 0.013 0.031 0.035 0.021 0.608 
 194 Y _   0.222 0.002 0.002 0.009 0.021 0.030 0.023 0.692 
 195 R _   0.163 0.001 0.001 0.006 0.013 0.025 0.024 0.766 
 196 K _   0.115 0.001 0.001 0.004 0.008 0.021 0.026 0.825 
 197 C _   0.079 0.000 0.001 0.003 0.005 0.018 0.027 0.867 
 198 P _   0.055 0.000 0.000 0.003 0.004 0.016 0.027 0.893 
 199 R _   0.041 0.001 0.000 0.003 0.004 0.016 0.028 0.907 
 200 I _   0.032 0.002 0.000 0.005 0.004 0.017 0.028 0.912 
 201 I _   0.027 0.004 0.001 0.007 0.006 0.018 0.028 0.909 
 202 Q _   0.024 0.008 0.001 0.012 0.008 0.020 0.028 0.899 
 203 N _   0.023 0.013 0.001 0.018 0.010 0.022 0.028 0.885 
 204 G _   0.022 0.019 0.001 0.024 0.012 0.023 0.027 0.870 
 205 A _   0.021 0.024 0.001 0.030 0.014 0.024 0.027 0.858 
 206 I _   0.020 0.027 0.001 0.033 0.015 0.024 0.027 0.852 
 207 F _   0.019 0.028 0.001 0.033 0.015 0.024 0.028 0.852 
 208 Q _   0.018 0.027 0.001 0.030 0.013 0.023 0.028 0.859 
 209 E _   0.017 0.024 0.001 0.025 0.012 0.021 0.029 0.871 
 210 T _   0.016 0.020 0.001 0.020 0.009 0.020 0.029 0.884 
 211 L _   0.015 0.016 0.001 0.014 0.008 0.019 0.030 0.898 
 212 S _   0.015 0.012 0.001 0.010 0.006 0.018 0.031 0.908 
 213 G _   0.015 0.009 0.001 0.007 0.005 0.018 0.031 0.914 
 214 A _   0.016 0.008 0.001 0.006 0.005 0.019 0.032 0.914 
 215 E _   0.018 0.008 0.001 0.006 0.006 0.020 0.032 0.910 
 216 S _   0.021 0.008 0.001 0.007 0.007 0.022 0.032 0.902 
 217 T _   0.024 0.010 0.001 0.010 0.009 0.024 0.032 0.891 
 218 S _   0.027 0.013 0.001 0.013 0.011 0.027 0.032 0.875 
 219 L _   0.030 0.017 0.001 0.018 0.014 0.029 0.032 0.858 
 220 V _   0.033 0.020 0.001 0.023 0.017 0.031 0.033 0.843 
 221 A _   0.035 0.023 0.001 0.027 0.018 0.032 0.033 0.831 
 222 A _   0.035 0.024 0.001 0.029 0.019 0.031 0.034 0.827 
 223 R _   0.035 0.024 0.001 0.028 0.018 0.030 0.034 0.828 
 224 G _   0.034 0.023 0.001 0.026 0.017 0.029 0.035 0.835 
 225 S _   0.032 0.021 0.001 0.023 0.015 0.026 0.036 0.846 
 226 C _   0.030 0.018 0.001 0.019 0.012 0.024 0.038 0.859 
 227 I _   0.028 0.014 0.001 0.015 0.010 0.022 0.039 0.871 
 228 A _   0.026 0.011 0.001 0.012 0.008 0.020 0.040 0.883 
 229 N _   0.024 0.009 0.001 0.010 0.007 0.019 0.041 0.891 
 230 A _   0.022 0.007 0.001 0.009 0.006 0.017 0.042 0.896 
 231 E _   0.021 0.006 0.001 0.009 0.006 0.016 0.042 0.899 
 232 E _   0.020 0.006 0.001 0.009 0.006 0.015 0.043 0.901 
 233 V _   0.019 0.005 0.001 0.009 0.006 0.015 0.044 0.902 
 234 D _   0.017 0.005 0.001 0.010 0.006 0.014 0.045 0.902 
 235 V _   0.016 0.005 0.001 0.011 0.006 0.014 0.045 0.903 
 236 P _   0.015 0.005 0.001 0.011 0.005 0.013 0.046 0.904 
 237 I _   0.014 0.005 0.001 0.010 0.005 0.012 0.046 0.907 
 238 K _   0.013 0.004 0.001 0.009 0.005 0.012 0.047 0.910 
 239 L _   0.012 0.004 0.001 0.008 0.004 0.011 0.047 0.913 
 240 Y _   0.011 0.004 0.000 0.007 0.004 0.011 0.047 0.917 
 241 C _   0.010 0.004 0.000 0.005 0.003 0.011 0.047 0.920 
 242 N _   0.010 0.004 0.000 0.005 0.003 0.011 0.047 0.920 
 243 G _   0.010 0.005 0.000 0.005 0.003 0.012 0.046 0.918 
 244 D _   0.012 0.006 0.000 0.005 0.004 0.014 0.045 0.913 
 245 G _   0.014 0.010 0.001 0.006 0.005 0.016 0.045 0.903 
 246 E _   0.016 0.018 0.001 0.008 0.007 0.020 0.044 0.887 
 247 W _   0.019 0.031 0.001 0.012 0.009 0.023 0.042 0.863 
 248 L _   0.021 0.049 0.001 0.016 0.012 0.026 0.041 0.834 
 249 V _   0.023 0.073 0.001 0.020 0.015 0.029 0.039 0.800 
 250 P _   0.024 0.098 0.001 0.024 0.017 0.031 0.038 0.768 
 251 I _   0.024 0.121 0.002 0.026 0.019 0.032 0.036 0.739 
 252 G _   0.025 0.142 0.002 0.028 0.020 0.033 0.035 0.716 
 253 R _   0.024 0.158 0.001 0.029 0.020 0.033 0.034 0.700 
 254 C _   0.024 0.170 0.001 0.029 0.020 0.032 0.034 0.689 
 255 M _   0.024 0.180 0.001 0.028 0.019 0.032 0.033 0.683 
 256 C _   0.023 0.187 0.001 0.027 0.018 0.030 0.033 0.680 
 257 K _   0.022 0.192 0.001 0.026 0.016 0.029 0.033 0.680 
 258 A _   0.021 0.196 0.001 0.024 0.015 0.028 0.033 0.682 
 259 G _   0.020 0.199 0.001 0.023 0.014 0.026 0.033 0.684 
 260 F _   0.019 0.201 0.001 0.022 0.012 0.024 0.033 0.687 
 261 E _   0.018 0.202 0.001 0.021 0.011 0.023 0.033 0.690 
 262 A _   0.017 0.202 0.001 0.021 0.011 0.021 0.034 0.694 
 263 V _   0.016 0.201 0.001 0.020 0.010 0.020 0.034 0.698 
 264 E _   0.015 0.200 0.001 0.020 0.009 0.018 0.034 0.702 
 265 N _   0.014 0.198 0.001 0.020 0.008 0.017 0.035 0.707 
 266 G _   0.014 0.195 0.001 0.019 0.008 0.016 0.035 0.712 
 267 T _   0.013 0.192 0.001 0.019 0.007 0.015 0.036 0.717 
 268 V _   0.012 0.187 0.001 0.018 0.007 0.014 0.037 0.724 
 269 C _   0.011 0.182 0.001 0.018 0.006 0.013 0.038 0.731 
 270 R _   0.011 0.176 0.001 0.017 0.006 0.012 0.039 0.739 
 271 G _   0.010 0.170 0.001 0.017 0.005 0.011 0.040 0.748 
 272 C _   0.009 0.163 0.001 0.015 0.005 0.010 0.041 0.757 
 273 P _   0.008 0.156 0.001 0.014 0.004 0.009 0.042 0.766 
 274 S _   0.007 0.149 0.000 0.013 0.004 0.009 0.042 0.776 
 275 G _   0.007 0.143 0.000 0.011 0.003 0.008 0.043 0.785 
 276 T _   0.006 0.138 0.000 0.010 0.003 0.007 0.043 0.792 
 277 F _   0.006 0.135 0.000 0.008 0.002 0.007 0.043 0.798 
 278 K _   0.005 0.133 0.000 0.008 0.002 0.007 0.043 0.802 
 279 A _   0.005 0.134 0.000 0.007 0.002 0.007 0.043 0.803 
 280 N _   0.004 0.137 0.000 0.008 0.002 0.007 0.042 0.800 
 281 Q _   0.004 0.143 0.000 0.009 0.002 0.007 0.041 0.793 
 282 G _   0.004 0.154 0.000 0.011 0.003 0.008 0.039 0.780 
 283 D _   0.005 0.171 0.001 0.013 0.004 0.009 0.038 0.760 
 284 E _   0.005 0.194 0.001 0.017 0.005 0.009 0.036 0.734 
 285 A _   0.005 0.220 0.001 0.020 0.005 0.010 0.034 0.705 
 286 C _   0.005 0.247 0.001 0.023 0.006 0.010 0.032 0.677 
 287 T _   0.005 0.270 0.001 0.025 0.006 0.010 0.030 0.655 
 288 H _   0.004 0.288 0.001 0.025 0.006 0.010 0.028 0.638 
 289 C _   0.004 0.302 0.001 0.025 0.005 0.009 0.027 0.627 
 290 P _   0.004 0.312 0.001 0.023 0.005 0.009 0.026 0.620 
 291 I _   0.004 0.319 0.001 0.021 0.005 0.009 0.025 0.617 
 292 N _   0.004 0.323 0.001 0.019 0.004 0.008 0.025 0.617 
 293 S _   0.004 0.326 0.000 0.016 0.004 0.008 0.024 0.617 
 294 R _   0.004 0.329 0.000 0.015 0.004 0.008 0.024 0.617 
 295 T _   0.004 0.333 0.000 0.013 0.003 0.008 0.023 0.614 
 296 T _   0.004 0.338 0.000 0.013 0.004 0.008 0.023 0.610 
 297 S _   0.004 0.345 0.000 0.014 0.004 0.009 0.022 0.602 
 298 E _   0.004 0.356 0.001 0.015 0.004 0.009 0.021 0.590 
 299 G _   0.004 0.368 0.001 0.017 0.005 0.009 0.021 0.575 
 300 A _   0.005 0.382 0.001 0.019 0.005 0.009 0.020 0.559 
 301 T _   0.005 0.395 0.001 0.021 0.006 0.010 0.019 0.544 
 302 N _   0.005 0.405 0.001 0.024 0.006 0.010 0.019 0.532 
 303 C _   0.005 0.412 0.001 0.026 0.006 0.010 0.018 0.523 
 304 V _   0.005 0.415 0.001 0.027 0.006 0.009 0.018 0.519 
 305 C _   0.005 0.414 0.001 0.027 0.006 0.009 0.018 0.520 
 306 R _   0.005 0.409 0.001 0.026 0.006 0.009 0.019 0.526 
 307 N _   0.005 0.399 0.001 0.024 0.006 0.009 0.019 0.537 
 308 G _   0.005 0.384 0.001 0.022 0.005 0.008 0.020 0.554 
 309 Y _   0.005 0.365 0.001 0.018 0.005 0.008 0.021 0.577 
 310 Y _   0.005 0.344 0.001 0.015 0.004 0.008 0.022 0.601 
 311 R _   0.005 0.323 0.000 0.012 0.003 0.007 0.023 0.625 
 312 A _   0.005 0.307 0.000 0.009 0.003 0.007 0.024 0.644 
 313 D _   0.004 0.297 0.000 0.008 0.002 0.007 0.025 0.657 
 314 L _   0.004 0.291 0.000 0.007 0.002 0.007 0.025 0.663 
 315 D _   0.004 0.289 0.000 0.007 0.002 0.007 0.025 0.664 
 316 P _   0.005 0.292 0.000 0.008 0.003 0.008 0.025 0.660 
 317 L _   0.005 0.299 0.000 0.009 0.003 0.009 0.025 0.650 
 318 D _   0.005 0.310 0.000 0.011 0.004 0.010 0.024 0.637 
 319 M _   0.005 0.323 0.001 0.013 0.004 0.010 0.024 0.620 
 320 P _   0.006 0.338 0.001 0.014 0.005 0.011 0.023 0.603 
 321 C _   0.006 0.353 0.001 0.015 0.005 0.012 0.022 0.586 
 322 T _   0.006 0.368 0.001 0.016 0.006 0.012 0.022 0.570 
 323 T _   0.006 0.382 0.001 0.016 0.006 0.013 0.021 0.555 
 324 I _   0.007 0.396 0.001 0.017 0.007 0.014 0.021 0.539 
 325 P _   0.007 0.409 0.001 0.017 0.008 0.015 0.020 0.524 
 326 S _   0.008 0.423 0.001 0.017 0.008 0.015 0.020 0.508 
 327 A _   0.008 0.436 0.001 0.018 0.009 0.016 0.020 0.492 
 328 P _   0.009 0.448 0.001 0.019 0.009 0.017 0.020 0.478 
 329 Q _   0.009 0.458 0.001 0.019 0.009 0.017 0.019 0.467 
 330 A E   0.010 0.466 0.001 0.019 0.009 0.017 0.020 0.459 
 331 V E   0.010 0.472 0.001 0.019 0.009 0.017 0.020 0.452 
 332 I E   0.010 0.475 0.001 0.019 0.009 0.017 0.020 0.449 
 333 S E   0.010 0.477 0.001 0.019 0.009 0.017 0.020 0.446 
 334 S E   0.011 0.478 0.001 0.018 0.009 0.017 0.020 0.445 
 335 V E   0.011 0.478 0.001 0.019 0.010 0.017 0.021 0.443 
 336 N E   0.012 0.478 0.001 0.021 0.010 0.017 0.021 0.440 
 337 E E   0.012 0.476 0.001 0.023 0.010 0.017 0.022 0.438 
 338 T E   0.012 0.473 0.001 0.027 0.011 0.017 0.023 0.437 
 339 S E   0.013 0.466 0.001 0.030 0.011 0.017 0.024 0.439 
 340 L E   0.013 0.454 0.001 0.033 0.011 0.016 0.025 0.446 
 341 M _   0.013 0.434 0.001 0.034 0.011 0.016 0.027 0.464 
 342 L _   0.013 0.401 0.001 0.034 0.011 0.015 0.029 0.495 
 343 E _   0.013 0.351 0.001 0.032 0.010 0.014 0.033 0.545 
 344 W _   0.013 0.285 0.001 0.028 0.009 0.013 0.036 0.614 
 345 T _   0.012 0.209 0.001 0.022 0.008 0.012 0.040 0.696 
 346 P _   0.011 0.143 0.001 0.015 0.005 0.011 0.044 0.771 
 347 P _   0.009 0.099 0.001 0.009 0.003 0.009 0.046 0.823 
 348 R _   0.007 0.076 0.000 0.005 0.002 0.008 0.048 0.853 
 349 D _   0.006 0.067 0.000 0.004 0.002 0.007 0.048 0.866 
 350 S _   0.005 0.064 0.000 0.003 0.002 0.008 0.048 0.869 
 351 G _   0.006 0.066 0.000 0.004 0.002 0.010 0.048 0.864 
 352 G _   0.008 0.075 0.000 0.007 0.004 0.013 0.046 0.847 
 353 R _   0.010 0.101 0.001 0.013 0.006 0.016 0.044 0.809 
 354 E _   0.012 0.156 0.001 0.022 0.010 0.020 0.040 0.739 
 355 D _   0.012 0.239 0.002 0.032 0.014 0.022 0.035 0.644 
 356 L _   0.011 0.333 0.002 0.040 0.016 0.022 0.031 0.545 
 357 V _   0.009 0.410 0.002 0.046 0.016 0.021 0.027 0.469 
 358 Y E   0.008 0.462 0.001 0.048 0.015 0.020 0.024 0.422 
 359 N E   0.007 0.493 0.001 0.047 0.014 0.018 0.022 0.397 
 360 I E   0.007 0.509 0.001 0.045 0.013 0.017 0.021 0.386 
 361 I E   0.007 0.517 0.001 0.041 0.012 0.016 0.021 0.385 
 362 C E   0.007 0.519 0.001 0.037 0.011 0.016 0.020 0.390 
 363 K E   0.007 0.515 0.001 0.033 0.010 0.015 0.020 0.400 
 364 S E   0.007 0.507 0.001 0.029 0.009 0.014 0.020 0.413 
 365 C E   0.007 0.497 0.001 0.026 0.008 0.014 0.020 0.427 
 366 G E   0.007 0.486 0.001 0.024 0.008 0.013 0.020 0.441 
 367 S E   0.007 0.474 0.001 0.023 0.007 0.013 0.021 0.454 
 368 G _   0.007 0.462 0.001 0.023 0.007 0.013 0.021 0.466 
 369 R _   0.008 0.449 0.001 0.023 0.007 0.012 0.022 0.478 
 370 G _   0.008 0.433 0.001 0.023 0.007 0.012 0.022 0.494 
 371 A _   0.008 0.412 0.001 0.023 0.007 0.012 0.023 0.515 
 372 C _   0.008 0.385 0.001 0.022 0.007 0.011 0.024 0.543 
 373 T _   0.008 0.353 0.001 0.020 0.006 0.011 0.025 0.577 
 374 R _   0.007 0.319 0.001 0.017 0.006 0.010 0.026 0.614 
 375 C _   0.007 0.286 0.001 0.014 0.005 0.010 0.027 0.651 
 376 G _   0.007 0.258 0.001 0.011 0.004 0.009 0.028 0.682 
 377 D _   0.006 0.239 0.000 0.009 0.003 0.009 0.029 0.704 
 378 N _   0.006 0.227 0.000 0.007 0.003 0.009 0.029 0.718 
 379 V _   0.006 0.221 0.000 0.007 0.003 0.009 0.030 0.725 
 380 Q _   0.006 0.219 0.000 0.007 0.003 0.010 0.029 0.726 
 381 Y _   0.006 0.221 0.000 0.008 0.003 0.010 0.029 0.722 
 382 A _   0.006 0.226 0.000 0.010 0.004 0.012 0.029 0.714 
 383 P _   0.006 0.234 0.001 0.012 0.005 0.013 0.028 0.702 
 384 R _   0.007 0.244 0.001 0.014 0.006 0.014 0.027 0.687 
 385 Q _   0.007 0.255 0.001 0.016 0.007 0.015 0.026 0.672 
 386 L _   0.008 0.266 0.001 0.018 0.007 0.016 0.026 0.658 
 387 G _   0.008 0.276 0.001 0.019 0.008 0.018 0.025 0.645 
 388 L _   0.009 0.283 0.001 0.020 0.009 0.019 0.024 0.635 
 389 T _   0.010 0.288 0.001 0.020 0.009 0.020 0.024 0.628 
 390 E _   0.010 0.292 0.001 0.020 0.010 0.021 0.024 0.622 
 391 P _   0.012 0.294 0.001 0.020 0.011 0.023 0.023 0.618 
 392 R _   0.013 0.294 0.001 0.019 0.011 0.024 0.023 0.614 
 393 I _   0.014 0.294 0.001 0.019 0.012 0.025 0.023 0.611 
 394 Y _   0.016 0.293 0.001 0.018 0.012 0.027 0.024 0.609 
 395 I _   0.018 0.291 0.001 0.018 0.013 0.028 0.024 0.608 
 396 S _   0.020 0.288 0.001 0.018 0.013 0.029 0.024 0.608 
 397 D _   0.021 0.285 0.001 0.017 0.014 0.030 0.024 0.607 
 398 L _   0.023 0.282 0.001 0.017 0.014 0.031 0.025 0.607 
 399 L _   0.025 0.279 0.001 0.017 0.015 0.031 0.025 0.607 
 400 A _   0.026 0.277 0.001 0.017 0.015 0.032 0.025 0.607 
 401 H _   0.027 0.274 0.001 0.017 0.016 0.032 0.026 0.606 
 402 T _   0.028 0.272 0.001 0.019 0.016 0.031 0.026 0.606 
 403 Q _   0.028 0.271 0.001 0.020 0.017 0.031 0.027 0.605 
 404 Y _   0.028 0.269 0.001 0.023 0.017 0.030 0.028 0.604 
 405 T _   0.028 0.266 0.001 0.025 0.017 0.029 0.029 0.605 
 406 F _   0.027 0.261 0.001 0.028 0.017 0.027 0.030 0.609 
 407 E _   0.025 0.254 0.001 0.029 0.016 0.026 0.031 0.618 
 408 I _   0.024 0.242 0.001 0.030 0.015 0.024 0.032 0.631 
 409 Q _   0.022 0.226 0.001 0.029 0.014 0.022 0.034 0.652 
 410 A _   0.020 0.204 0.001 0.028 0.012 0.020 0.037 0.679 
 411 V _   0.018 0.177 0.001 0.025 0.011 0.018 0.039 0.712 
 412 N _   0.016 0.145 0.001 0.022 0.009 0.016 0.041 0.751 
 413 G _   0.014 0.113 0.001 0.018 0.007 0.014 0.044 0.790 
 414 V _   0.012 0.084 0.001 0.014 0.006 0.012 0.046 0.825 
 415 T _   0.010 0.062 0.001 0.010 0.004 0.011 0.048 0.854 
 416 D _   0.009 0.047 0.000 0.008 0.003 0.010 0.049 0.874 
 417 Q _   0.008 0.038 0.000 0.006 0.003 0.009 0.049 0.887 
 418 S _   0.007 0.034 0.000 0.005 0.002 0.009 0.050 0.893 
 419 P _   0.006 0.032 0.000 0.006 0.002 0.009 0.050 0.895 
 420 F _   0.006 0.032 0.000 0.007 0.003 0.010 0.050 0.893 
 421 S _   0.007 0.034 0.000 0.009 0.004 0.011 0.049 0.887 
 422 P _   0.007 0.037 0.001 0.012 0.005 0.012 0.048 0.878 
 423 Q _   0.007 0.042 0.001 0.016 0.006 0.013 0.048 0.867 
 424 F _   0.008 0.047 0.001 0.020 0.007 0.015 0.047 0.856 
 425 A _   0.008 0.051 0.001 0.023 0.008 0.016 0.046 0.847 
 426 S _   0.008 0.054 0.001 0.025 0.008 0.016 0.046 0.842 
 427 V _   0.008 0.055 0.001 0.025 0.008 0.017 0.046 0.840 
 428 N _   0.009 0.055 0.001 0.024 0.008 0.018 0.046 0.841 
 429 I _   0.009 0.053 0.001 0.021 0.008 0.018 0.046 0.844 
 430 T _   0.010 0.051 0.001 0.018 0.007 0.019 0.046 0.848 
 431 T _   0.012 0.048 0.001 0.014 0.007 0.020 0.046 0.853 
 432 N _   0.013 0.045 0.001 0.011 0.007 0.022 0.047 0.855 
 433 Q _   0.016 0.044 0.001 0.009 0.007 0.024 0.047 0.853 
 434 A _   0.019 0.044 0.001 0.009 0.008 0.027 0.047 0.847 
 435 A _   0.024 0.046 0.001 0.009 0.010 0.031 0.047 0.833 
 436 P _   0.030 0.052 0.001 0.011 0.013 0.035 0.046 0.812 
 437 S _   0.037 0.063 0.001 0.014 0.017 0.040 0.046 0.781 
 438 A _   0.044 0.078 0.002 0.019 0.022 0.044 0.046 0.744 
 439 V _   0.050 0.097 0.002 0.026 0.027 0.047 0.046 0.706 
 440 S _   0.054 0.114 0.002 0.032 0.030 0.049 0.046 0.673 
 441 I _   0.056 0.127 0.002 0.037 0.032 0.049 0.046 0.651 
 442 M _   0.057 0.135 0.002 0.039 0.032 0.048 0.047 0.640 
 443 H _   0.057 0.138 0.002 0.038 0.031 0.046 0.048 0.641 
 444 Q _   0.055 0.136 0.002 0.035 0.028 0.043 0.050 0.650 
 445 V _   0.052 0.132 0.002 0.031 0.025 0.040 0.052 0.665 
 446 S _   0.049 0.126 0.002 0.027 0.022 0.037 0.054 0.684 
 447 R _   0.044 0.118 0.001 0.024 0.018 0.034 0.057 0.704 
 448 T _   0.040 0.110 0.001 0.022 0.015 0.030 0.060 0.722 
 449 V _   0.035 0.102 0.001 0.022 0.013 0.027 0.063 0.737 
 450 D _   0.031 0.095 0.001 0.021 0.011 0.024 0.066 0.750 
 451 S _   0.028 0.087 0.001 0.022 0.010 0.022 0.069 0.762 
 452 I _   0.024 0.078 0.001 0.021 0.008 0.019 0.072 0.776 
 453 T _   0.021 0.068 0.001 0.020 0.007 0.017 0.075 0.792 
 454 L _   0.018 0.056 0.001 0.017 0.006 0.014 0.078 0.811 
 455 S _   0.015 0.042 0.001 0.014 0.005 0.012 0.081 0.831 
 456 W _   0.012 0.030 0.001 0.011 0.004 0.010 0.083 0.851 
 457 S _   0.010 0.019 0.000 0.007 0.003 0.008 0.085 0.868 
 458 Q _   0.008 0.012 0.000 0.005 0.002 0.006 0.086 0.880 
 459 P _   0.006 0.008 0.000 0.003 0.001 0.005 0.087 0.888 
 460 D _   0.005 0.007 0.000 0.003 0.001 0.005 0.087 0.892 
 461 Q _   0.005 0.007 0.000 0.003 0.001 0.006 0.087 0.892 
 462 P _   0.006 0.008 0.000 0.004 0.002 0.007 0.086 0.889 
 463 N _   0.007 0.011 0.000 0.006 0.003 0.009 0.084 0.880 
 464 G _   0.008 0.019 0.000 0.011 0.004 0.012 0.082 0.864 
 465 V _   0.009 0.032 0.001 0.019 0.006 0.015 0.079 0.839 
 466 I _   0.010 0.051 0.001 0.029 0.009 0.018 0.076 0.807 
 467 L _   0.010 0.067 0.001 0.039 0.011 0.019 0.073 0.779 
 468 D _   0.010 0.079 0.001 0.047 0.012 0.020 0.070 0.760 
 469 Y _   0.010 0.085 0.001 0.051 0.013 0.020 0.068 0.751 
 470 E _   0.010 0.088 0.001 0.051 0.012 0.019 0.067 0.753 
 471 L _   0.009 0.086 0.001 0.047 0.011 0.018 0.066 0.762 
 472 Q _   0.008 0.081 0.001 0.041 0.010 0.016 0.065 0.778 
 473 Y _   0.008 0.072 0.001 0.033 0.008 0.014 0.065 0.798 
 474 Y _   0.008 0.061 0.001 0.025 0.006 0.013 0.065 0.821 
 475 E _   0.007 0.049 0.001 0.019 0.005 0.011 0.065 0.843 
 476 K _   0.007 0.039 0.001 0.014 0.004 0.010 0.065 0.861 
 477 E _   0.006 0.031 0.000 0.010 0.003 0.009 0.065 0.874 
 478 L _   0.006 0.026 0.000 0.009 0.003 0.009 0.065 0.883 
 479 S _   0.006 0.022 0.000 0.008 0.003 0.009 0.064 0.888 
 480 E _   0.006 0.020 0.000 0.009 0.003 0.009 0.063 0.890 
 481 Y _   0.006 0.018 0.000 0.009 0.003 0.009 0.062 0.891 
 482 N _   0.007 0.017 0.000 0.010 0.004 0.009 0.061 0.891 
 483 A _   0.007 0.016 0.000 0.011 0.004 0.010 0.060 0.891 
 484 T _   0.007 0.016 0.001 0.012 0.004 0.010 0.059 0.892 
 485 A _   0.007 0.015 0.001 0.011 0.004 0.011 0.057 0.894 
 486 I _   0.007 0.014 0.001 0.011 0.004 0.011 0.056 0.896 
 487 K _   0.008 0.012 0.001 0.010 0.004 0.012 0.055 0.899 
 488 S _   0.008 0.011 0.000 0.009 0.004 0.013 0.053 0.901 
 489 P _   0.008 0.011 0.001 0.009 0.004 0.014 0.052 0.901 
 490 T _   0.010 0.010 0.001 0.009 0.005 0.016 0.051 0.900 
 491 N _   0.011 0.010 0.001 0.009 0.006 0.018 0.049 0.896 
 492 T _   0.014 0.011 0.001 0.010 0.007 0.021 0.048 0.889 
 493 V _   0.017 0.012 0.001 0.011 0.008 0.025 0.046 0.880 
 494 T _   0.021 0.014 0.001 0.013 0.010 0.029 0.044 0.869 
 495 V _   0.025 0.016 0.001 0.015 0.012 0.033 0.042 0.855 
 496 Q _   0.030 0.018 0.001 0.016 0.015 0.037 0.041 0.842 
 497 G _   0.035 0.020 0.001 0.017 0.017 0.040 0.039 0.830 
 498 L _   0.041 0.022 0.001 0.018 0.020 0.044 0.037 0.817 
 499 K _   0.047 0.024 0.001 0.018 0.022 0.047 0.036 0.805 
 500 A _   0.053 0.025 0.001 0.018 0.024 0.049 0.035 0.795 
 501 G _   0.059 0.027 0.002 0.017 0.025 0.051 0.034 0.785 
 502 A _   0.064 0.028 0.002 0.018 0.027 0.052 0.033 0.777 
 503 I _   0.068 0.030 0.002 0.018 0.027 0.052 0.032 0.770 
 504 Y _   0.071 0.031 0.002 0.019 0.027 0.052 0.032 0.766 
 505 V _   0.072 0.033 0.002 0.020 0.027 0.051 0.031 0.764 
 506 F _   0.071 0.034 0.002 0.021 0.027 0.049 0.031 0.766 
 507 Q _   0.068 0.035 0.002 0.021 0.025 0.047 0.031 0.771 
 508 V _   0.064 0.035 0.002 0.021 0.024 0.044 0.031 0.780 
 509 R _   0.058 0.034 0.001 0.021 0.021 0.041 0.031 0.792 
 510 A _   0.052 0.033 0.001 0.021 0.019 0.037 0.031 0.806 
 511 R _   0.045 0.032 0.001 0.020 0.016 0.033 0.031 0.822 
 512 T _   0.038 0.030 0.001 0.018 0.013 0.030 0.032 0.839 
 513 V _   0.033 0.027 0.001 0.016 0.011 0.026 0.032 0.854 
 514 A _   0.028 0.025 0.001 0.014 0.009 0.023 0.032 0.868 
 515 G _   0.024 0.023 0.001 0.012 0.007 0.020 0.032 0.881 
 516 Y _   0.020 0.021 0.001 0.010 0.006 0.018 0.032 0.892 
 517 G _   0.017 0.019 0.001 0.008 0.005 0.017 0.032 0.900 
 518 R _   0.015 0.019 0.001 0.008 0.005 0.016 0.031 0.905 
 519 Y _   0.014 0.019 0.001 0.008 0.005 0.016 0.031 0.907 
 520 S _   0.014 0.020 0.001 0.008 0.005 0.017 0.030 0.905 
 521 G _   0.014 0.022 0.001 0.010 0.006 0.018 0.030 0.900 
 522 K _   0.015 0.026 0.001 0.013 0.007 0.019 0.029 0.890 
 523 M _   0.016 0.031 0.001 0.017 0.009 0.020 0.028 0.879 
 524 Y _   0.016 0.036 0.001 0.022 0.011 0.021 0.027 0.866 
 525 F _   0.017 0.040 0.001 0.028 0.012 0.021 0.027 0.854 
 526 Q _   0.016 0.043 0.001 0.032 0.013 0.021 0.026 0.848 
 527 T _   0.016 0.044 0.001 0.033 0.013 0.020 0.026 0.848 
 528 M _   0.015 0.042 0.001 0.032 0.012 0.019 0.026 0.853 
 529 T _   0.014 0.039 0.001 0.029 0.010 0.017 0.026 0.865 
 530 E _   0.013 0.033 0.001 0.024 0.009 0.015 0.026 0.880 
 531 A _   0.012 0.025 0.001 0.018 0.007 0.013 0.026 0.898 
 532 E _   0.011 0.017 0.001 0.013 0.005 0.011 0.026 0.915 
 533 Y _   0.011 0.010 0.001 0.009 0.004 0.010 0.026 0.930 
 534 Q _   0.011 0.006 0.000 0.006 0.003 0.009 0.025 0.940 
 535 T _   0.011 0.003 0.000 0.004 0.003 0.008 0.025 0.945 
 536 S _   0.013 0.001 0.000 0.004 0.003 0.007 0.024 0.947 
 537 I _   0.017 0.001 0.000 0.003 0.003 0.007 0.024 0.945 
 538 Q _   0.023 0.000 0.000 0.003 0.003 0.007 0.023 0.940 
 539 E _   0.033 0.000 0.000 0.003 0.003 0.008 0.022 0.932 
 540 K _   0.047 0.000 0.000 0.002 0.003 0.008 0.021 0.919 
 541 L _   0.065 0.000 0.000 0.002 0.004 0.008 0.019 0.902 
 542 P _   0.091 0.000 0.000 0.001 0.004 0.007 0.018 0.878 
 543 L _   0.124 0.000 0.000 0.001 0.004 0.007 0.016 0.848 
 544 I _   0.163 0.000 0.000 0.001 0.004 0.007 0.015 0.811 
 545 I _   0.216 0.000 0.001 0.000 0.004 0.006 0.014 0.760 
 546 G _   0.281 0.000 0.001 0.000 0.004 0.006 0.012 0.696 
 547 S _   0.363 0.000 0.001 0.000 0.004 0.006 0.011 0.615 
 548 S _   0.462 0.000 0.001 0.000 0.005 0.005 0.010 0.517 
 549 A H   0.576 0.000 0.001 0.000 0.005 0.005 0.009 0.404 
 550 A H   0.690 0.000 0.001 0.000 0.006 0.005 0.007 0.291 
 551 G H   0.790 0.000 0.001 0.000 0.006 0.004 0.006 0.194 
 552 L H   0.862 0.000 0.001 0.000 0.006 0.004 0.005 0.122 
 553 V H   0.910 0.000 0.001 0.000 0.007 0.003 0.004 0.075 
 554 F H   0.938 0.000 0.001 0.000 0.007 0.003 0.003 0.049 
 555 L H   0.952 0.000 0.001 0.000 0.007 0.003 0.003 0.035 
 556 I H   0.958 0.000 0.001 0.000 0.008 0.002 0.002 0.029 
 557 A H   0.959 0.000 0.001 0.000 0.008 0.002 0.002 0.027 
 558 V H   0.956 0.000 0.001 0.000 0.009 0.002 0.002 0.030 
 559 V H   0.947 0.000 0.001 0.000 0.009 0.003 0.002 0.038 
 560 V H   0.932 0.000 0.001 0.000 0.010 0.003 0.002 0.052 
 561 I H   0.908 0.000 0.001 0.000 0.010 0.003 0.002 0.075 
 562 A H   0.872 0.000 0.001 0.000 0.011 0.004 0.003 0.108 
 563 I H   0.823 0.000 0.001 0.001 0.012 0.005 0.004 0.154 
 564 V H   0.761 0.000 0.001 0.001 0.012 0.006 0.006 0.214 
 565 C H   0.682 0.000 0.001 0.001 0.012 0.007 0.009 0.288 
 566 N H   0.590 0.000 0.001 0.001 0.011 0.008 0.013 0.376 
 567 R H   0.485 0.000 0.001 0.002 0.010 0.008 0.019 0.474 
 568 R _   0.379 0.000 0.001 0.002 0.008 0.009 0.027 0.574 
 569 G _   0.278 0.000 0.001 0.003 0.007 0.009 0.034 0.668 
 570 F _   0.192 0.000 0.001 0.004 0.005 0.009 0.042 0.747 
 571 E _   0.126 0.000 0.001 0.004 0.004 0.008 0.048 0.809 
 572 R _   0.080 0.000 0.000 0.004 0.003 0.007 0.052 0.852 
 573 A _   0.050 0.000 0.000 0.004 0.003 0.007 0.056 0.880 
 574 D _   0.031 0.000 0.000 0.004 0.002 0.006 0.059 0.897 
 575 S _   0.020 0.001 0.000 0.004 0.002 0.006 0.061 0.907 
 576 E _   0.013 0.001 0.000 0.004 0.002 0.006 0.063 0.912 
 577 Y _   0.010 0.002 0.000 0.004 0.002 0.006 0.064 0.913 
 578 T _   0.008 0.003 0.000 0.004 0.002 0.006 0.064 0.912 
 579 D _   0.007 0.005 0.000 0.005 0.002 0.007 0.065 0.909 
 580 K _   0.007 0.008 0.000 0.007 0.002 0.008 0.064 0.904 
 581 L _   0.007 0.012 0.000 0.008 0.003 0.009 0.064 0.897 
 582 Q _   0.007 0.019 0.000 0.009 0.003 0.010 0.063 0.888 
 583 H _   0.007 0.027 0.001 0.011 0.004 0.012 0.062 0.876 
 584 Y _   0.008 0.038 0.001 0.014 0.005 0.013 0.061 0.861 
 585 T _   0.008 0.052 0.001 0.016 0.006 0.015 0.059 0.843 
 586 S _   0.009 0.068 0.001 0.019 0.007 0.017 0.057 0.821 
 587 G _   0.010 0.087 0.001 0.023 0.009 0.019 0.056 0.796 
 588 H _   0.010 0.108 0.001 0.027 0.011 0.021 0.054 0.768 
 589 M _   0.011 0.129 0.001 0.033 0.013 0.022 0.052 0.738 
 590 T _   0.012 0.148 0.001 0.039 0.015 0.023 0.051 0.711 
 591 P _   0.013 0.163 0.001 0.045 0.016 0.024 0.050 0.688 
 592 G _   0.013 0.173 0.001 0.050 0.017 0.024 0.050 0.672 
 593 M _   0.013 0.178 0.001 0.053 0.017 0.023 0.050 0.663 
 594 K _   0.014 0.179 0.001 0.055 0.017 0.022 0.050 0.662 
 595 I _   0.014 0.175 0.001 0.053 0.016 0.021 0.051 0.669 
 596 Y _   0.013 0.166 0.001 0.049 0.014 0.019 0.053 0.685 
 597 I _   0.013 0.149 0.001 0.042 0.012 0.017 0.055 0.711 
 598 D _   0.012 0.123 0.001 0.034 0.010 0.015 0.058 0.746 
 599 P _   0.011 0.092 0.001 0.025 0.008 0.013 0.061 0.789 
 600 F _   0.010 0.061 0.001 0.017 0.006 0.011 0.063 0.831 
 601 T _   0.009 0.036 0.001 0.011 0.004 0.009 0.065 0.866 
 602 Y _   0.007 0.020 0.000 0.007 0.003 0.008 0.066 0.889 
 603 E _   0.006 0.011 0.000 0.004 0.002 0.007 0.067 0.902 
 604 D _   0.005 0.008 0.000 0.003 0.002 0.007 0.067 0.908 
 605 P _   0.005 0.007 0.000 0.003 0.002 0.007 0.067 0.909 
 606 N _   0.006 0.007 0.000 0.004 0.002 0.008 0.066 0.907 
 607 E _   0.007 0.008 0.000 0.006 0.003 0.011 0.065 0.901 
 608 A _   0.009 0.010 0.000 0.009 0.004 0.013 0.063 0.891 
 609 V _   0.010 0.014 0.001 0.014 0.006 0.016 0.061 0.878 
 610 R _   0.011 0.018 0.001 0.019 0.008 0.019 0.059 0.864 
 611 E _   0.012 0.022 0.001 0.024 0.010 0.022 0.057 0.853 
 612 F _   0.014 0.024 0.001 0.026 0.011 0.023 0.056 0.845 
 613 A _   0.015 0.025 0.001 0.026 0.012 0.025 0.054 0.842 
 614 K _   0.016 0.025 0.001 0.024 0.012 0.025 0.053 0.842 
 615 E _   0.018 0.024 0.001 0.021 0.012 0.026 0.052 0.845 
 616 I _   0.020 0.022 0.001 0.018 0.012 0.026 0.051 0.849 
 617 D _   0.022 0.020 0.001 0.015 0.011 0.027 0.051 0.852 
 618 I _   0.025 0.019 0.001 0.013 0.011 0.027 0.050 0.854 
 619 S _   0.027 0.017 0.001 0.012 0.011 0.028 0.050 0.854 
 620 C _   0.029 0.016 0.001 0.011 0.011 0.028 0.050 0.853 
 621 V _   0.032 0.016 0.001 0.011 0.011 0.029 0.050 0.851 
 622 K _   0.034 0.016 0.001 0.011 0.011 0.030 0.049 0.848 
 623 I _   0.035 0.017 0.001 0.012 0.012 0.030 0.049 0.845 
 624 E _   0.036 0.017 0.001 0.012 0.012 0.030 0.049 0.842 
 625 Q _   0.037 0.019 0.001 0.013 0.013 0.031 0.049 0.839 
 626 V _   0.036 0.020 0.001 0.014 0.013 0.031 0.049 0.837 
 627 I _   0.036 0.022 0.001 0.015 0.014 0.030 0.048 0.834 
 628 G _   0.035 0.024 0.001 0.017 0.014 0.030 0.048 0.831 
 629 A _   0.033 0.026 0.001 0.019 0.015 0.029 0.048 0.828 
 630 G _   0.032 0.027 0.001 0.022 0.015 0.028 0.048 0.827 
 631 E _   0.029 0.028 0.001 0.023 0.014 0.026 0.049 0.829 
 632 F _   0.027 0.028 0.001 0.023 0.013 0.024 0.050 0.834 
 633 G _   0.024 0.027 0.001 0.022 0.011 0.022 0.050 0.842 
 634 E _   0.021 0.025 0.001 0.020 0.010 0.020 0.051 0.853 
 635 V _   0.018 0.022 0.001 0.017 0.008 0.017 0.052 0.866 
 636 C _   0.015 0.019 0.001 0.013 0.006 0.015 0.053 0.878 
 637 S _   0.013 0.015 0.001 0.010 0.005 0.013 0.054 0.889 
 638 G _   0.011 0.013 0.000 0.008 0.004 0.012 0.054 0.898 
 639 H _   0.010 0.011 0.000 0.006 0.003 0.011 0.054 0.904 
 640 L _   0.010 0.011 0.000 0.005 0.003 0.011 0.054 0.906 
 641 K _   0.010 0.011 0.000 0.004 0.003 0.012 0.054 0.905 
 642 L _   0.011 0.013 0.000 0.005 0.003 0.014 0.053 0.900 
 643 P _   0.013 0.018 0.001 0.007 0.005 0.017 0.052 0.887 
 644 G _   0.016 0.030 0.001 0.010 0.008 0.021 0.051 0.864 
 645 K _   0.019 0.053 0.001 0.017 0.012 0.025 0.049 0.825 
 646 R _   0.022 0.087 0.002 0.025 0.016 0.028 0.047 0.773 
 647 E _   0.023 0.128 0.002 0.036 0.020 0.031 0.045 0.716 
 648 I _   0.023 0.164 0.002 0.046 0.023 0.031 0.043 0.668 
 649 F _   0.023 0.189 0.002 0.054 0.023 0.031 0.042 0.636 
 650 V _   0.022 0.203 0.002 0.059 0.023 0.030 0.041 0.619 
 651 A _   0.021 0.209 0.002 0.060 0.022 0.028 0.041 0.616 
 652 I _   0.021 0.209 0.001 0.058 0.020 0.026 0.042 0.623 
 653 K _   0.019 0.202 0.001 0.052 0.017 0.024 0.043 0.640 
 654 T _   0.018 0.188 0.001 0.044 0.015 0.021 0.044 0.668 
 655 L _   0.017 0.164 0.001 0.035 0.012 0.019 0.046 0.706 
 656 K _   0.015 0.135 0.001 0.027 0.009 0.016 0.048 0.748 
 657 S _   0.013 0.104 0.001 0.020 0.007 0.014 0.050 0.790 
 658 G _   0.012 0.077 0.001 0.014 0.005 0.012 0.052 0.827 
 659 Y _   0.010 0.058 0.001 0.010 0.004 0.011 0.053 0.854 
 660 T _   0.009 0.046 0.000 0.007 0.003 0.010 0.054 0.872 
 661 E _   0.008 0.039 0.000 0.005 0.002 0.009 0.054 0.882 
 662 K _   0.007 0.036 0.000 0.005 0.002 0.009 0.054 0.887 
 663 Q _   0.007 0.035 0.000 0.005 0.002 0.009 0.053 0.888 
