#TopoPred_TM8: 8-state transmembrane topology prediction results by no_profile mode 
#probabilities are in the order of H E C I L F X _, the 8 transmembrane topology types used in PDBTM 
   1 M _   0.027 0.001 0.003 0.038 0.013 0.014 0.349 0.557 
   2 R _   0.011 0.000 0.000 0.016 0.002 0.007 0.354 0.610 
   3 E _   0.008 0.000 0.000 0.006 0.001 0.005 0.350 0.630 
   4 L _   0.019 0.000 0.000 0.004 0.002 0.006 0.336 0.634 
   5 V _   0.063 0.000 0.001 0.003 0.004 0.010 0.305 0.614 
   6 N _   0.173 0.000 0.001 0.002 0.009 0.016 0.250 0.548 
   7 I _   0.330 0.000 0.001 0.002 0.013 0.021 0.192 0.441 
   8 P H   0.498 0.000 0.002 0.002 0.017 0.024 0.136 0.322 
   9 L H   0.632 0.000 0.002 0.002 0.021 0.025 0.096 0.223 
  10 V H   0.716 0.000 0.002 0.002 0.026 0.024 0.071 0.160 
  11 H H   0.765 0.000 0.002 0.002 0.029 0.023 0.056 0.123 
  12 I H   0.792 0.000 0.002 0.002 0.031 0.021 0.048 0.105 
  13 L H   0.803 0.000 0.002 0.002 0.032 0.019 0.043 0.099 
  14 T H   0.799 0.000 0.002 0.002 0.032 0.018 0.040 0.106 
  15 L H   0.779 0.000 0.002 0.003 0.032 0.017 0.038 0.129 
  16 V H   0.739 0.000 0.002 0.003 0.030 0.016 0.037 0.172 
  17 A H   0.674 0.000 0.002 0.004 0.027 0.016 0.037 0.241 
  18 F H   0.579 0.000 0.002 0.004 0.022 0.014 0.037 0.342 
  19 S H   0.467 0.000 0.002 0.003 0.016 0.013 0.037 0.462 
  20 G _   0.349 0.000 0.001 0.003 0.011 0.011 0.038 0.586 
  21 T _   0.245 0.000 0.001 0.002 0.007 0.010 0.039 0.697 
  22 E _   0.160 0.000 0.001 0.002 0.004 0.009 0.040 0.785 
  23 K _   0.102 0.000 0.000 0.002 0.003 0.008 0.040 0.845 
  24 L _   0.067 0.000 0.000 0.002 0.002 0.007 0.040 0.882 
  25 P _   0.047 0.000 0.000 0.002 0.002 0.008 0.039 0.902 
  26 K _   0.037 0.000 0.000 0.002 0.002 0.008 0.039 0.911 
  27 A _   0.033 0.000 0.000 0.003 0.003 0.010 0.038 0.913 
  28 P _   0.033 0.000 0.000 0.004 0.003 0.012 0.037 0.911 
  29 V _   0.037 0.000 0.001 0.005 0.004 0.014 0.035 0.904 
  30 I _   0.044 0.000 0.001 0.007 0.006 0.016 0.034 0.893 
  31 T _   0.054 0.001 0.001 0.007 0.007 0.019 0.032 0.880 
  32 T _   0.069 0.001 0.001 0.007 0.008 0.021 0.030 0.863 
  33 P _   0.090 0.000 0.001 0.007 0.009 0.023 0.028 0.841 
  34 L _   0.118 0.000 0.001 0.006 0.010 0.025 0.026 0.814 
  35 E _   0.154 0.000 0.001 0.005 0.011 0.027 0.024 0.779 
  36 T _   0.197 0.000 0.001 0.003 0.012 0.029 0.021 0.736 
  37 V _   0.250 0.000 0.001 0.003 0.013 0.031 0.019 0.683 
  38 D _   0.312 0.000 0.001 0.002 0.015 0.032 0.017 0.620 
  39 A _   0.377 0.000 0.001 0.002 0.018 0.034 0.015 0.552 
  40 L _   0.441 0.000 0.001 0.002 0.022 0.035 0.014 0.485 
  41 V H   0.500 0.000 0.001 0.002 0.026 0.036 0.013 0.422 
  42 E H   0.548 0.000 0.002 0.002 0.031 0.036 0.012 0.368 
  43 E H   0.585 0.000 0.002 0.003 0.036 0.036 0.012 0.326 
  44 V H   0.609 0.000 0.002 0.003 0.040 0.036 0.012 0.298 
  45 A H   0.619 0.001 0.002 0.004 0.042 0.035 0.013 0.285 
  46 T H   0.616 0.001 0.002 0.006 0.043 0.034 0.014 0.285 
  47 F H   0.596 0.001 0.002 0.007 0.042 0.032 0.015 0.304 
  48 M H   0.560 0.001 0.002 0.008 0.039 0.030 0.017 0.341 
  49 C H   0.508 0.001 0.002 0.009 0.034 0.028 0.020 0.398 
  50 A _   0.439 0.001 0.002 0.009 0.028 0.025 0.022 0.473 
  51 V _   0.360 0.001 0.002 0.008 0.020 0.022 0.026 0.562 
  52 E _   0.277 0.001 0.001 0.006 0.014 0.019 0.029 0.653 
  53 S _   0.201 0.000 0.001 0.004 0.009 0.016 0.032 0.736 
  54 Y _   0.141 0.000 0.001 0.003 0.006 0.014 0.034 0.801 
  55 P _   0.096 0.000 0.001 0.003 0.004 0.012 0.036 0.848 
  56 Q _   0.065 0.000 0.000 0.002 0.003 0.011 0.037 0.880 
  57 P _   0.046 0.000 0.000 0.002 0.003 0.011 0.038 0.899 
  58 E _   0.035 0.000 0.000 0.003 0.003 0.012 0.039 0.908 
  59 I _   0.029 0.001 0.000 0.003 0.003 0.014 0.040 0.909 
  60 S _   0.026 0.004 0.000 0.005 0.005 0.017 0.040 0.904 
  61 W _   0.026 0.009 0.001 0.008 0.007 0.020 0.040 0.890 
  62 T _   0.026 0.019 0.001 0.013 0.010 0.023 0.039 0.869 
  63 R _   0.026 0.034 0.001 0.020 0.014 0.027 0.039 0.838 
  64 N _   0.026 0.053 0.001 0.029 0.017 0.029 0.038 0.805 
  65 K _   0.027 0.070 0.002 0.038 0.020 0.031 0.038 0.774 
  66 I _   0.027 0.083 0.002 0.045 0.022 0.031 0.038 0.753 
  67 L _   0.026 0.090 0.002 0.049 0.022 0.031 0.039 0.742 
  68 I _   0.025 0.093 0.002 0.051 0.021 0.029 0.039 0.741 
  69 K _   0.024 0.091 0.001 0.048 0.019 0.027 0.041 0.750 
  70 L _   0.021 0.085 0.001 0.042 0.016 0.024 0.042 0.768 
  71 F _   0.019 0.075 0.001 0.033 0.012 0.021 0.044 0.795 
  72 D _   0.016 0.061 0.001 0.024 0.009 0.018 0.046 0.826 
  73 T _   0.014 0.046 0.001 0.016 0.007 0.016 0.047 0.854 
  74 R _   0.012 0.034 0.001 0.010 0.005 0.014 0.048 0.877 
  75 Y _   0.011 0.027 0.000 0.006 0.003 0.013 0.049 0.891 
  76 S _   0.010 0.023 0.000 0.004 0.003 0.012 0.049 0.898 
  77 I _   0.010 0.023 0.000 0.004 0.003 0.013 0.049 0.897 
  78 R _   0.011 0.025 0.000 0.006 0.004 0.015 0.049 0.889 
  79 E _   0.013 0.032 0.001 0.010 0.006 0.018 0.048 0.872 
  80 N _   0.015 0.049 0.001 0.017 0.010 0.021 0.047 0.840 
  81 G _   0.017 0.074 0.001 0.029 0.014 0.024 0.046 0.795 
  82 Q _   0.018 0.100 0.002 0.043 0.018 0.026 0.044 0.749 
  83 L _   0.018 0.120 0.002 0.055 0.020 0.026 0.044 0.716 
  84 L _   0.018 0.131 0.002 0.063 0.020 0.026 0.043 0.698 
  85 T _   0.017 0.134 0.002 0.065 0.019 0.025 0.044 0.694 
  86 I _   0.016 0.132 0.001 0.061 0.018 0.022 0.045 0.704 
  87 L _   0.015 0.124 0.001 0.051 0.015 0.020 0.046 0.728 
  88 S _   0.013 0.108 0.001 0.039 0.011 0.017 0.048 0.763 
  89 V _   0.012 0.086 0.001 0.026 0.008 0.014 0.050 0.804 
  90 E _   0.010 0.065 0.001 0.016 0.005 0.012 0.052 0.840 
  91 D _   0.008 0.050 0.000 0.009 0.004 0.010 0.053 0.866 
  92 S _   0.007 0.042 0.000 0.006 0.003 0.009 0.053 0.880 
  93 D _   0.007 0.039 0.000 0.005 0.002 0.008 0.054 0.885 
  94 D _   0.007 0.039 0.000 0.005 0.002 0.009 0.054 0.884 
  95 G _   0.007 0.042 0.000 0.006 0.003 0.010 0.053 0.878 
  96 I _   0.008 0.050 0.000 0.009 0.004 0.011 0.053 0.866 
  97 Y _   0.008 0.061 0.001 0.012 0.005 0.012 0.052 0.849 
  98 C _   0.008 0.077 0.001 0.015 0.006 0.014 0.050 0.829 
  99 C _   0.008 0.093 0.001 0.018 0.007 0.015 0.049 0.810 
 100 T _   0.008 0.109 0.001 0.019 0.007 0.015 0.048 0.792 
 101 A _   0.008 0.124 0.001 0.020 0.008 0.016 0.047 0.777 
 102 N _   0.008 0.138 0.001 0.020 0.008 0.017 0.046 0.762 
 103 N _   0.009 0.151 0.001 0.020 0.008 0.018 0.045 0.748 
 104 G _   0.010 0.165 0.001 0.020 0.009 0.020 0.044 0.731 
 105 V _   0.011 0.181 0.001 0.021 0.010 0.021 0.043 0.712 
 106 G _   0.012 0.198 0.001 0.023 0.011 0.022 0.042 0.689 
 107 G _   0.013 0.215 0.001 0.026 0.013 0.024 0.042 0.667 
 108 A _   0.014 0.231 0.001 0.029 0.014 0.024 0.042 0.645 
 109 V _   0.015 0.244 0.001 0.032 0.015 0.025 0.041 0.627 
 110 E _   0.015 0.255 0.001 0.034 0.015 0.025 0.042 0.613 
 111 S _   0.015 0.261 0.001 0.036 0.015 0.024 0.042 0.605 
 112 C _   0.015 0.264 0.001 0.038 0.015 0.024 0.043 0.601 
 113 G _   0.014 0.263 0.001 0.038 0.015 0.023 0.044 0.601 
 114 A _   0.014 0.258 0.001 0.038 0.014 0.022 0.046 0.607 
 115 L _   0.014 0.249 0.001 0.037 0.013 0.020 0.048 0.617 
 116 Q _   0.014 0.235 0.001 0.035 0.012 0.019 0.050 0.635 
 117 V _   0.013 0.214 0.001 0.032 0.011 0.017 0.053 0.658 
 118 K _   0.013 0.187 0.001 0.028 0.010 0.016 0.057 0.688 
 119 M _   0.013 0.156 0.001 0.024 0.008 0.015 0.060 0.723 
 120 K _   0.012 0.123 0.001 0.020 0.007 0.013 0.065 0.759 
 121 P _   0.011 0.092 0.001 0.016 0.006 0.012 0.069 0.794 
 122 K _   0.010 0.067 0.001 0.012 0.004 0.011 0.072 0.823 
 123 I _   0.009 0.049 0.001 0.009 0.003 0.010 0.075 0.845 
 124 T _   0.008 0.037 0.000 0.006 0.003 0.009 0.077 0.859 
 125 R _   0.008 0.031 0.000 0.005 0.002 0.009 0.079 0.867 
 126 P _   0.007 0.028 0.000 0.004 0.002 0.009 0.080 0.870 
 127 P _   0.007 0.027 0.000 0.004 0.002 0.010 0.080 0.869 
 128 I _   0.008 0.028 0.000 0.005 0.002 0.011 0.080 0.865 
 129 N _   0.009 0.032 0.000 0.006 0.003 0.014 0.080 0.856 
 130 V _   0.012 0.040 0.001 0.008 0.005 0.017 0.079 0.839 
 131 K _   0.014 0.055 0.001 0.012 0.008 0.022 0.077 0.811 
 132 I _   0.017 0.080 0.001 0.018 0.011 0.026 0.075 0.772 
 133 I _   0.019 0.116 0.001 0.024 0.015 0.030 0.073 0.721 
 134 E _   0.020 0.156 0.002 0.032 0.019 0.033 0.071 0.668 
 135 G _   0.020 0.194 0.002 0.039 0.022 0.035 0.069 0.619 
 136 L _   0.021 0.227 0.002 0.046 0.025 0.035 0.067 0.577 
 137 K _   0.021 0.250 0.002 0.051 0.026 0.035 0.067 0.548 
 138 A _   0.021 0.265 0.002 0.055 0.026 0.034 0.067 0.530 
 139 V _   0.021 0.272 0.002 0.057 0.025 0.033 0.068 0.524 
 140 L _   0.020 0.272 0.002 0.056 0.023 0.030 0.069 0.527 
 141 P _   0.020 0.266 0.002 0.053 0.021 0.028 0.071 0.539 
 142 C _   0.019 0.254 0.002 0.048 0.019 0.025 0.074 0.559 
 143 T _   0.018 0.232 0.002 0.041 0.016 0.023 0.078 0.590 
 144 T _   0.018 0.201 0.001 0.034 0.013 0.020 0.083 0.629 
 145 M _   0.016 0.166 0.001 0.027 0.011 0.018 0.088 0.673 
 146 G _   0.015 0.129 0.001 0.021 0.009 0.016 0.093 0.716 
 147 N _   0.014 0.099 0.001 0.016 0.007 0.014 0.097 0.752 
 148 P _   0.013 0.076 0.001 0.013 0.005 0.013 0.101 0.778 
 149 K _   0.011 0.061 0.001 0.011 0.004 0.011 0.104 0.796 
 150 P _   0.010 0.050 0.000 0.010 0.004 0.010 0.107 0.808 
 151 S _   0.009 0.043 0.000 0.009 0.003 0.009 0.109 0.815 
 152 V _   0.008 0.038 0.000 0.009 0.003 0.009 0.111 0.820 
 153 S _   0.008 0.035 0.000 0.009 0.003 0.008 0.113 0.824 
 154 W _   0.007 0.031 0.000 0.009 0.003 0.008 0.114 0.829 
 155 I _   0.006 0.029 0.000 0.008 0.002 0.007 0.114 0.833 
 156 K _   0.006 0.027 0.000 0.007 0.002 0.007 0.114 0.837 
 157 G _   0.005 0.026 0.000 0.006 0.002 0.006 0.114 0.841 
 158 D _   0.004 0.025 0.000 0.005 0.002 0.006 0.113 0.844 
 159 S _   0.004 0.025 0.000 0.005 0.002 0.006 0.112 0.845 
 160 P _   0.004 0.027 0.000 0.005 0.002 0.007 0.110 0.844 
 161 L _   0.005 0.032 0.000 0.006 0.002 0.009 0.108 0.837 
 162 R _   0.006 0.042 0.000 0.009 0.004 0.011 0.105 0.823 
 163 E _   0.007 0.061 0.001 0.013 0.006 0.014 0.100 0.797 
 164 N _   0.009 0.094 0.001 0.020 0.008 0.018 0.095 0.755 
 165 S _   0.010 0.140 0.001 0.029 0.011 0.021 0.088 0.700 
 166 R _   0.011 0.191 0.002 0.038 0.014 0.023 0.082 0.641 
 167 I _   0.011 0.235 0.002 0.046 0.015 0.024 0.076 0.592 
 168 A _   0.011 0.265 0.001 0.052 0.016 0.024 0.072 0.558 
 169 V _   0.011 0.284 0.001 0.055 0.017 0.024 0.069 0.539 
 170 L _   0.011 0.293 0.001 0.057 0.017 0.023 0.067 0.531 
 171 E _   0.011 0.295 0.001 0.056 0.016 0.022 0.066 0.532 
 172 S _   0.011 0.291 0.001 0.054 0.016 0.021 0.065 0.540 
 173 G _   0.012 0.281 0.001 0.049 0.015 0.020 0.065 0.557 
 174 S _   0.012 0.262 0.001 0.044 0.013 0.019 0.066 0.582 
 175 L _   0.013 0.235 0.001 0.038 0.012 0.018 0.067 0.617 
 176 R _   0.013 0.200 0.001 0.032 0.010 0.016 0.069 0.659 
 177 I _   0.013 0.161 0.001 0.026 0.009 0.015 0.071 0.705 
 178 H _   0.012 0.122 0.001 0.021 0.007 0.014 0.073 0.750 
 179 N _   0.011 0.088 0.001 0.016 0.006 0.012 0.075 0.791 
 180 V _   0.010 0.061 0.001 0.012 0.004 0.011 0.076 0.824 
 181 Q _   0.009 0.042 0.000 0.009 0.003 0.010 0.076 0.849 
 182 K _   0.008 0.030 0.000 0.007 0.003 0.009 0.077 0.866 
 183 E _   0.007 0.023 0.000 0.006 0.002 0.008 0.076 0.877 
 184 D _   0.006 0.019 0.000 0.006 0.002 0.008 0.075 0.883 
 185 A _   0.006 0.017 0.000 0.006 0.002 0.008 0.074 0.886 
 186 G _   0.006 0.016 0.000 0.007 0.003 0.008 0.073 0.887 
 187 Q _   0.006 0.016 0.000 0.009 0.003 0.009 0.071 0.886 
 188 Y _   0.006 0.016 0.000 0.011 0.004 0.010 0.069 0.884 
 189 R _   0.006 0.016 0.000 0.013 0.004 0.010 0.067 0.883 
 190 C _   0.006 0.016 0.001 0.014 0.005 0.011 0.065 0.883 
 191 V _   0.006 0.016 0.001 0.015 0.005 0.011 0.063 0.883 
 192 A _   0.006 0.016 0.001 0.015 0.005 0.012 0.061 0.885 
 193 K _   0.007 0.015 0.001 0.015 0.005 0.012 0.059 0.887 
 194 N _   0.007 0.014 0.001 0.014 0.005 0.013 0.058 0.889 
 195 S _   0.008 0.012 0.001 0.013 0.005 0.014 0.056 0.891 
 196 L _   0.009 0.011 0.001 0.012 0.005 0.015 0.055 0.892 
 197 G _   0.011 0.010 0.001 0.011 0.006 0.017 0.053 0.892 
 198 T _   0.013 0.008 0.001 0.010 0.006 0.019 0.052 0.891 
 199 A _   0.016 0.008 0.001 0.010 0.006 0.021 0.051 0.888 
 200 Y _   0.020 0.007 0.001 0.009 0.007 0.024 0.049 0.883 
 201 S _   0.025 0.007 0.001 0.008 0.008 0.027 0.048 0.877 
 202 K _   0.031 0.007 0.001 0.008 0.009 0.031 0.047 0.867 
 203 V _   0.038 0.007 0.001 0.009 0.012 0.035 0.045 0.853 
 204 V _   0.047 0.009 0.001 0.009 0.015 0.040 0.043 0.836 
 205 K _   0.056 0.011 0.001 0.011 0.019 0.045 0.042 0.816 
 206 L _   0.065 0.014 0.001 0.014 0.024 0.049 0.040 0.792 
 207 E _   0.073 0.019 0.002 0.019 0.029 0.053 0.039 0.767 
 208 V _   0.079 0.025 0.002 0.025 0.034 0.055 0.038 0.743 
 209 E _   0.083 0.030 0.002 0.031 0.037 0.056 0.037 0.724 
 210 V _   0.084 0.034 0.002 0.037 0.038 0.055 0.036 0.715 
 211 F _   0.083 0.035 0.002 0.040 0.037 0.052 0.036 0.716 
 212 A _   0.079 0.035 0.002 0.040 0.034 0.048 0.036 0.727 
 213 R _   0.073 0.032 0.002 0.037 0.029 0.043 0.036 0.749 
 214 I _   0.066 0.026 0.002 0.030 0.022 0.038 0.036 0.780 
 215 L _   0.058 0.019 0.001 0.021 0.016 0.032 0.036 0.816 
 216 R _   0.051 0.011 0.001 0.013 0.011 0.027 0.036 0.850 
 217 A _   0.045 0.005 0.001 0.008 0.007 0.023 0.036 0.875 
 218 P _   0.043 0.002 0.001 0.004 0.005 0.021 0.036 0.890 
 219 E _   0.044 0.001 0.000 0.002 0.003 0.020 0.035 0.895 
 220 S _   0.050 0.000 0.000 0.002 0.003 0.020 0.034 0.891 
 221 H _   0.062 0.000 0.000 0.002 0.004 0.023 0.033 0.875 
 222 N _   0.084 0.000 0.001 0.002 0.006 0.028 0.032 0.848 
 223 V _   0.112 0.000 0.001 0.003 0.010 0.034 0.031 0.810 
 224 T _   0.146 0.000 0.001 0.004 0.016 0.042 0.029 0.762 
 225 F _   0.182 0.001 0.001 0.006 0.024 0.050 0.028 0.708 
 226 G _   0.213 0.001 0.002 0.009 0.034 0.058 0.026 0.656 
 227 S _   0.241 0.002 0.002 0.012 0.043 0.063 0.025 0.611 
 228 F _   0.261 0.003 0.002 0.014 0.050 0.066 0.024 0.578 
 229 V _   0.274 0.004 0.002 0.015 0.054 0.068 0.024 0.558 
 230 T _   0.279 0.004 0.003 0.016 0.056 0.068 0.024 0.551 
 231 L _   0.278 0.004 0.003 0.015 0.055 0.066 0.024 0.556 
 232 H _   0.270 0.004 0.002 0.013 0.051 0.064 0.024 0.572 
 233 C _   0.257 0.003 0.002 0.011 0.045 0.060 0.025 0.596 
 234 T _   0.239 0.002 0.002 0.010 0.039 0.057 0.025 0.626 
 235 A _   0.218 0.002 0.002 0.008 0.033 0.053 0.026 0.657 
 236 T _   0.196 0.001 0.002 0.007 0.028 0.050 0.027 0.688 
 237 G _   0.174 0.001 0.001 0.007 0.024 0.047 0.029 0.716 
 238 I _   0.154 0.002 0.001 0.008 0.022 0.045 0.030 0.739 
 239 P _   0.134 0.002 0.001 0.010 0.020 0.043 0.031 0.759 
 240 V _   0.116 0.003 0.001 0.012 0.019 0.040 0.032 0.776 
 241 P _   0.100 0.004 0.001 0.014 0.019 0.038 0.034 0.791 
 242 T _   0.084 0.005 0.001 0.017 0.018 0.035 0.035 0.805 
 243 I _   0.069 0.005 0.001 0.018 0.016 0.032 0.037 0.820 
 244 T _   0.056 0.006 0.001 0.019 0.015 0.029 0.038 0.837 
 245 W _   0.044 0.006 0.001 0.018 0.012 0.025 0.040 0.854 
 246 I _   0.033 0.005 0.001 0.016 0.010 0.021 0.042 0.871 
 247 E _   0.025 0.005 0.001 0.013 0.008 0.018 0.043 0.887 
 248 N _   0.019 0.004 0.001 0.011 0.006 0.016 0.044 0.899 
 249 G _   0.015 0.004 0.001 0.008 0.005 0.013 0.045 0.909 
 250 N _   0.012 0.004 0.000 0.007 0.004 0.012 0.046 0.915 
 251 A _   0.010 0.004 0.000 0.007 0.003 0.011 0.047 0.918 
 252 V _   0.009 0.004 0.000 0.007 0.003 0.011 0.047 0.918 
 253 S _   0.009 0.005 0.000 0.008 0.004 0.011 0.048 0.915 
 254 S _   0.008 0.006 0.001 0.010 0.004 0.012 0.048 0.911 
 255 G _   0.008 0.008 0.001 0.012 0.005 0.012 0.048 0.905 
 256 S _   0.009 0.010 0.001 0.014 0.006 0.013 0.048 0.899 
 257 I _   0.009 0.011 0.001 0.016 0.006 0.014 0.048 0.894 
 258 Q _   0.009 0.012 0.001 0.017 0.007 0.014 0.049 0.891 
 259 E _   0.009 0.013 0.001 0.017 0.007 0.015 0.049 0.890 
 260 S _   0.009 0.013 0.001 0.016 0.006 0.015 0.050 0.891 
 261 V _   0.009 0.012 0.001 0.014 0.006 0.015 0.051 0.892 
 262 K _   0.010 0.012 0.001 0.012 0.006 0.016 0.051 0.893 
 263 D _   0.011 0.011 0.001 0.010 0.005 0.017 0.052 0.892 
 264 R _   0.013 0.011 0.001 0.009 0.006 0.019 0.053 0.889 
 265 V _   0.015 0.011 0.001 0.009 0.006 0.021 0.054 0.883 
 266 I _   0.018 0.012 0.001 0.009 0.007 0.024 0.055 0.874 
 267 D _   0.022 0.014 0.001 0.010 0.009 0.027 0.056 0.861 
 268 S _   0.027 0.016 0.001 0.012 0.011 0.031 0.056 0.846 
 269 R _   0.032 0.020 0.001 0.014 0.014 0.035 0.057 0.827 
 270 L _   0.036 0.024 0.001 0.016 0.017 0.038 0.058 0.809 
 271 Q _   0.041 0.028 0.001 0.018 0.019 0.041 0.059 0.792 
 272 L _   0.045 0.032 0.001 0.020 0.021 0.043 0.061 0.777 
 273 F _   0.048 0.036 0.001 0.022 0.023 0.044 0.062 0.764 
 274 I _   0.050 0.040 0.002 0.023 0.025 0.044 0.064 0.752 
 275 T _   0.052 0.043 0.002 0.025 0.026 0.044 0.066 0.743 
 276 K _   0.052 0.046 0.002 0.027 0.026 0.043 0.069 0.736 
 277 P _   0.052 0.048 0.002 0.029 0.026 0.041 0.072 0.730 
 278 G _   0.050 0.050 0.002 0.032 0.024 0.039 0.075 0.728 
 279 L _   0.047 0.049 0.002 0.033 0.023 0.036 0.079 0.731 
 280 Y _   0.043 0.047 0.002 0.033 0.020 0.032 0.084 0.739 
 281 T _   0.038 0.044 0.001 0.031 0.017 0.028 0.089 0.752 
 282 C _   0.032 0.038 0.001 0.028 0.013 0.024 0.094 0.770 
 283 I _   0.027 0.030 0.001 0.022 0.010 0.020 0.099 0.791 
 284 A _   0.021 0.021 0.001 0.016 0.007 0.016 0.104 0.814 
 285 T _   0.016 0.013 0.001 0.011 0.005 0.013 0.108 0.834 
 286 N _   0.012 0.007 0.000 0.007 0.003 0.010 0.111 0.850 
 287 K _   0.010 0.003 0.000 0.004 0.002 0.009 0.113 0.859 
 288 H _   0.008 0.002 0.000 0.003 0.002 0.008 0.114 0.864 
 289 G _   0.008 0.001 0.000 0.002 0.001 0.009 0.115 0.864 
 290 E _   0.009 0.001 0.000 0.002 0.002 0.010 0.115 0.861 
 291 K _   0.012 0.002 0.000 0.002 0.002 0.014 0.114 0.853 
 292 F _   0.018 0.004 0.000 0.004 0.005 0.020 0.113 0.836 
 293 S _   0.027 0.011 0.001 0.007 0.009 0.028 0.112 0.805 
 294 T _   0.038 0.032 0.001 0.013 0.018 0.037 0.109 0.751 
 295 A _   0.048 0.077 0.002 0.023 0.029 0.046 0.106 0.669 
 296 K _   0.055 0.142 0.003 0.036 0.039 0.052 0.102 0.571 
 297 A _   0.059 0.207 0.003 0.048 0.045 0.054 0.100 0.484 
 298 A _   0.061 0.258 0.003 0.060 0.047 0.053 0.098 0.419 
 299 A _   0.062 0.288 0.003 0.070 0.047 0.051 0.099 0.382 
 300 T _   0.061 0.303 0.002 0.075 0.044 0.048 0.100 0.367 
 301 I _   0.059 0.307 0.002 0.076 0.040 0.044 0.103 0.369 
 302 S _   0.055 0.301 0.002 0.073 0.035 0.039 0.107 0.388 
 303 I _   0.050 0.282 0.002 0.065 0.029 0.034 0.113 0.424 
 304 A _   0.044 0.246 0.002 0.054 0.023 0.029 0.120 0.481 
 305 E _   0.039 0.190 0.002 0.041 0.018 0.024 0.129 0.558 
 306 W _   0.033 0.125 0.002 0.028 0.012 0.020 0.138 0.644 
 307 S _   0.026 0.070 0.001 0.017 0.008 0.016 0.145 0.718 
 308 K _   0.019 0.035 0.001 0.010 0.004 0.012 0.151 0.769 
 309 P _   0.013 0.018 0.000 0.005 0.002 0.009 0.154 0.798 
 310 Q _   0.009 0.011 0.000 0.003 0.002 0.007 0.156 0.813 
 311 K _   0.007 0.008 0.000 0.002 0.001 0.006 0.156 0.820 
 312 D _   0.005 0.007 0.000 0.002 0.001 0.006 0.156 0.822 
 313 N _   0.005 0.008 0.000 0.003 0.001 0.007 0.154 0.821 
 314 K _   0.006 0.011 0.000 0.004 0.002 0.009 0.152 0.816 
 315 G _   0.007 0.019 0.000 0.007 0.003 0.012 0.148 0.805 
 316 Y _   0.008 0.035 0.001 0.011 0.005 0.015 0.143 0.783 
 317 C _   0.010 0.064 0.001 0.016 0.007 0.019 0.136 0.748 
 318 A _   0.011 0.104 0.001 0.022 0.010 0.023 0.128 0.702 
 319 Q _   0.011 0.150 0.001 0.027 0.013 0.026 0.119 0.651 
 320 Y _   0.012 0.198 0.002 0.031 0.015 0.029 0.111 0.601 
 321 R _   0.013 0.240 0.002 0.034 0.018 0.032 0.105 0.557 
 322 G _   0.014 0.277 0.002 0.036 0.020 0.034 0.099 0.520 
 323 E _   0.016 0.305 0.002 0.036 0.021 0.035 0.094 0.491 
 324 V _   0.018 0.326 0.002 0.036 0.022 0.036 0.091 0.469 
 325 C _   0.020 0.341 0.002 0.036 0.023 0.037 0.088 0.453 
 326 N _   0.022 0.352 0.001 0.036 0.024 0.037 0.086 0.441 
 327 A _   0.025 0.358 0.001 0.035 0.024 0.037 0.084 0.435 
 328 V _   0.026 0.361 0.001 0.035 0.024 0.036 0.083 0.433 
 329 L _   0.028 0.361 0.001 0.035 0.024 0.035 0.083 0.434 
 330 A _   0.028 0.357 0.001 0.035 0.023 0.034 0.083 0.439 
 331 K _   0.028 0.349 0.001 0.035 0.022 0.032 0.084 0.449 
 332 D _   0.028 0.336 0.001 0.036 0.020 0.030 0.085 0.465 
 333 A _   0.027 0.317 0.002 0.035 0.018 0.027 0.086 0.488 
 334 L _   0.025 0.291 0.002 0.034 0.016 0.025 0.089 0.519 
 335 V _   0.024 0.255 0.002 0.032 0.014 0.022 0.092 0.560 
 336 F _   0.022 0.208 0.002 0.028 0.012 0.020 0.095 0.614 
 337 L _   0.019 0.154 0.001 0.024 0.010 0.017 0.099 0.676 
 338 N _   0.017 0.101 0.001 0.018 0.008 0.015 0.102 0.739 
 339 T _   0.014 0.058 0.001 0.012 0.005 0.013 0.105 0.792 
 340 S _   0.011 0.030 0.001 0.008 0.004 0.011 0.107 0.830 
 341 Y _   0.009 0.015 0.000 0.005 0.002 0.009 0.107 0.852 
 342 A _   0.008 0.008 0.000 0.003 0.002 0.009 0.107 0.864 
 343 D _   0.007 0.006 0.000 0.003 0.002 0.009 0.106 0.867 
 344 P _   0.008 0.005 0.000 0.003 0.002 0.011 0.105 0.866 
 345 E _   0.010 0.006 0.000 0.004 0.003 0.014 0.103 0.860 
 346 E _   0.013 0.008 0.000 0.007 0.005 0.019 0.101 0.847 
 347 A _   0.017 0.014 0.001 0.012 0.008 0.024 0.097 0.826 
 348 Q _   0.021 0.024 0.001 0.020 0.013 0.030 0.094 0.798 
 349 E _   0.024 0.036 0.001 0.030 0.017 0.034 0.090 0.767 
 350 L _   0.027 0.046 0.002 0.039 0.021 0.038 0.086 0.742 
 351 L _   0.029 0.052 0.002 0.045 0.025 0.040 0.083 0.724 
 352 V _   0.031 0.055 0.002 0.048 0.026 0.040 0.081 0.716 
 353 H _   0.033 0.056 0.002 0.047 0.027 0.040 0.079 0.717 
 354 T _   0.034 0.053 0.002 0.043 0.025 0.039 0.078 0.726 
 355 A _   0.035 0.047 0.002 0.037 0.023 0.037 0.078 0.742 
 356 W _   0.036 0.038 0.002 0.029 0.020 0.034 0.078 0.763 
 357 N _   0.037 0.028 0.001 0.022 0.016 0.031 0.078 0.787 
 358 E _   0.037 0.018 0.001 0.015 0.012 0.029 0.078 0.810 
 359 L _   0.037 0.010 0.001 0.010 0.009 0.026 0.078 0.829 
 360 K _   0.037 0.005 0.001 0.007 0.007 0.024 0.078 0.842 
 361 V _   0.038 0.002 0.001 0.004 0.005 0.023 0.078 0.849 
 362 V _   0.040 0.001 0.001 0.003 0.005 0.023 0.077 0.850 
 363 S _   0.044 0.000 0.000 0.003 0.005 0.024 0.076 0.847 
 364 P _   0.050 0.000 0.001 0.003 0.005 0.027 0.075 0.839 
 365 V _   0.058 0.000 0.001 0.003 0.007 0.030 0.074 0.826 
 366 C _   0.068 0.001 0.001 0.004 0.010 0.034 0.073 0.810 
 367 R _   0.078 0.001 0.001 0.006 0.013 0.039 0.072 0.790 
 368 P _   0.088 0.002 0.001 0.008 0.017 0.044 0.071 0.768 
 369 A _   0.096 0.004 0.001 0.011 0.022 0.048 0.070 0.748 
 370 A _   0.101 0.006 0.002 0.014 0.026 0.051 0.069 0.730 
 371 E _   0.104 0.009 0.002 0.017 0.030 0.052 0.069 0.717 
 372 A _   0.105 0.011 0.002 0.020 0.031 0.052 0.069 0.710 
 373 L _   0.103 0.013 0.002 0.021 0.032 0.051 0.069 0.710 
 374 L _   0.097 0.014 0.002 0.022 0.031 0.048 0.069 0.716 
 375 C _   0.091 0.014 0.002 0.023 0.028 0.045 0.070 0.727 
 376 N _   0.082 0.014 0.002 0.023 0.025 0.041 0.071 0.742 
 377 H _   0.074 0.013 0.002 0.021 0.022 0.037 0.072 0.759 
 378 I _   0.065 0.012 0.001 0.020 0.019 0.033 0.073 0.777 
 379 F _   0.057 0.010 0.001 0.017 0.015 0.029 0.075 0.796 
 380 Q _   0.049 0.008 0.001 0.015 0.012 0.025 0.076 0.814 
 381 E _   0.041 0.006 0.001 0.012 0.009 0.022 0.077 0.832 
 382 C _   0.034 0.004 0.001 0.010 0.007 0.019 0.079 0.848 
 383 S _   0.028 0.002 0.001 0.007 0.005 0.016 0.080 0.861 
 384 P _   0.023 0.001 0.001 0.005 0.004 0.014 0.080 0.871 
 385 G _   0.020 0.001 0.000 0.004 0.003 0.013 0.081 0.878 
 386 V _   0.018 0.000 0.000 0.003 0.003 0.012 0.081 0.882 
 387 V _   0.018 0.000 0.000 0.003 0.003 0.013 0.080 0.884 
 388 P _   0.019 0.000 0.000 0.002 0.003 0.014 0.080 0.882 
 389 T _   0.022 0.000 0.000 0.002 0.003 0.016 0.079 0.877 
 390 P _   0.027 0.000 0.000 0.003 0.004 0.020 0.078 0.868 
 391 I _   0.035 0.000 0.001 0.003 0.006 0.025 0.077 0.852 
 392 P _   0.047 0.001 0.001 0.005 0.009 0.032 0.075 0.830 
 393 I _   0.060 0.001 0.001 0.007 0.014 0.040 0.073 0.803 
 394 C _   0.073 0.003 0.001 0.009 0.020 0.048 0.072 0.773 
 395 R _   0.086 0.005 0.002 0.013 0.027 0.055 0.070 0.742 
 396 E _   0.096 0.008 0.002 0.017 0.033 0.060 0.069 0.715 
 397 Y _   0.103 0.011 0.002 0.020 0.037 0.063 0.068 0.695 
 398 C _   0.107 0.013 0.002 0.023 0.039 0.065 0.068 0.683 
 399 L _   0.109 0.014 0.002 0.024 0.040 0.064 0.068 0.679 
 400 A _   0.108 0.015 0.002 0.023 0.038 0.063 0.068 0.684 
 401 V _   0.106 0.014 0.002 0.020 0.034 0.060 0.069 0.695 
 402 K _   0.102 0.013 0.002 0.017 0.030 0.057 0.069 0.710 
 403 E _   0.097 0.012 0.002 0.014 0.026 0.053 0.070 0.726 
 404 L _   0.090 0.011 0.001 0.012 0.022 0.049 0.071 0.743 
 405 F _   0.083 0.010 0.001 0.011 0.019 0.046 0.072 0.758 
 406 C _   0.076 0.010 0.001 0.011 0.017 0.043 0.073 0.769 
 407 A _   0.069 0.011 0.001 0.012 0.016 0.040 0.074 0.776 
 408 K _   0.063 0.012 0.001 0.014 0.015 0.038 0.076 0.782 
 409 E _   0.057 0.014 0.001 0.016 0.015 0.035 0.077 0.785 
 410 W _   0.051 0.015 0.001 0.019 0.014 0.032 0.078 0.789 
 411 L _   0.045 0.016 0.001 0.021 0.013 0.029 0.080 0.794 
 412 V _   0.039 0.016 0.001 0.021 0.012 0.026 0.082 0.802 
 413 M _   0.033 0.016 0.001 0.020 0.010 0.023 0.084 0.813 
 414 E _   0.028 0.015 0.001 0.018 0.009 0.020 0.085 0.825 
 415 E _   0.022 0.013 0.001 0.014 0.007 0.017 0.087 0.839 
 416 K _   0.018 0.011 0.001 0.011 0.005 0.014 0.089 0.851 
 417 T _   0.015 0.009 0.000 0.008 0.004 0.012 0.090 0.861 
 418 H _   0.012 0.008 0.000 0.006 0.003 0.011 0.091 0.867 
 419 R _   0.011 0.008 0.000 0.005 0.003 0.010 0.092 0.871 
 420 G _   0.010 0.008 0.000 0.005 0.003 0.010 0.092 0.871 
 421 L _   0.010 0.010 0.000 0.006 0.003 0.011 0.093 0.868 
 422 Y _   0.010 0.012 0.000 0.007 0.004 0.012 0.093 0.861 
 423 R _   0.011 0.017 0.001 0.010 0.005 0.013 0.093 0.851 
 424 S _   0.011 0.024 0.001 0.013 0.006 0.015 0.092 0.837 
 425 E _   0.012 0.033 0.001 0.018 0.008 0.016 0.092 0.820 
 426 M _   0.012 0.041 0.001 0.023 0.009 0.018 0.092 0.804 
 427 H _   0.013 0.049 0.001 0.027 0.010 0.018 0.092 0.790 
 428 L _   0.013 0.054 0.001 0.030 0.011 0.018 0.092 0.780 
 429 L _   0.013 0.057 0.001 0.032 0.011 0.018 0.093 0.775 
 430 S _   0.012 0.058 0.001 0.031 0.011 0.017 0.095 0.775 
 431 V _   0.012 0.058 0.001 0.029 0.010 0.016 0.096 0.779 
 432 P _   0.012 0.055 0.001 0.025 0.008 0.015 0.098 0.786 
 433 E _   0.011 0.051 0.001 0.021 0.007 0.014 0.101 0.795 
 434 C _   0.010 0.046 0.001 0.017 0.006 0.013 0.103 0.805 
 435 S _   0.010 0.040 0.001 0.013 0.005 0.012 0.106 0.814 
 436 K _   0.009 0.036 0.001 0.010 0.004 0.011 0.108 0.821 
 437 L _   0.009 0.033 0.000 0.008 0.004 0.010 0.110 0.826 
 438 P _   0.009 0.031 0.000 0.008 0.003 0.010 0.112 0.828 
 439 S _   0.008 0.030 0.000 0.008 0.003 0.010 0.113 0.826 
 440 M _   0.009 0.031 0.000 0.009 0.004 0.011 0.114 0.822 
 441 H _   0.009 0.033 0.000 0.011 0.004 0.012 0.115 0.816 
 442 W _   0.010 0.036 0.001 0.014 0.005 0.013 0.116 0.806 
 443 D _   0.010 0.040 0.001 0.018 0.006 0.014 0.117 0.795 
 444 P _   0.010 0.044 0.001 0.023 0.007 0.014 0.118 0.782 
 445 T _   0.011 0.047 0.001 0.028 0.008 0.015 0.120 0.771 
 446 A _   0.011 0.049 0.001 0.031 0.009 0.015 0.121 0.763 
 447 C _   0.011 0.049 0.001 0.032 0.009 0.014 0.124 0.760 
 448 A _   0.010 0.048 0.001 0.031 0.008 0.013 0.127 0.761 
 449 R _   0.010 0.044 0.001 0.028 0.007 0.012 0.131 0.768 
 450 L _   0.009 0.038 0.001 0.023 0.006 0.011 0.134 0.779 
 451 P _   0.008 0.030 0.001 0.017 0.004 0.009 0.138 0.792 
 452 H _   0.008 0.022 0.000 0.012 0.003 0.008 0.141 0.805 
 453 L _   0.007 0.015 0.000 0.008 0.002 0.007 0.144 0.816 
 454 D _   0.006 0.011 0.000 0.006 0.002 0.006 0.146 0.824 
 455 Y _   0.005 0.008 0.000 0.004 0.001 0.005 0.147 0.829 
 456 N _   0.005 0.007 0.000 0.004 0.001 0.005 0.148 0.830 
 457 K _   0.005 0.007 0.000 0.004 0.002 0.006 0.148 0.829 
 458 E _   0.005 0.007 0.000 0.005 0.002 0.006 0.148 0.826 
 459 N _   0.005 0.009 0.000 0.008 0.002 0.008 0.147 0.821 
 460 L _   0.006 0.011 0.000 0.012 0.003 0.009 0.146 0.813 
 461 K _   0.006 0.014 0.000 0.016 0.004 0.010 0.144 0.805 
 462 T _   0.006 0.017 0.001 0.021 0.005 0.011 0.142 0.797 
 463 F _   0.007 0.019 0.001 0.024 0.005 0.011 0.141 0.792 
 464 P _   0.006 0.021 0.001 0.026 0.006 0.011 0.140 0.790 
 465 P _   0.006 0.021 0.001 0.026 0.006 0.011 0.139 0.791 
 466 M _   0.006 0.020 0.001 0.024 0.005 0.010 0.139 0.796 
 467 T _   0.006 0.018 0.001 0.021 0.005 0.009 0.139 0.803 
 468 S _   0.005 0.015 0.000 0.017 0.004 0.008 0.139 0.810 
 469 S _   0.005 0.012 0.000 0.014 0.003 0.007 0.139 0.818 
 470 K _   0.005 0.010 0.000 0.012 0.003 0.007 0.139 0.825 
 471 P _   0.005 0.007 0.000 0.010 0.002 0.006 0.139 0.830 
 472 S _   0.004 0.006 0.000 0.008 0.002 0.006 0.139 0.834 
 473 V _   0.004 0.004 0.000 0.008 0.002 0.006 0.138 0.838 
 474 D _   0.004 0.004 0.000 0.007 0.002 0.005 0.137 0.841 
 475 I _   0.004 0.003 0.000 0.007 0.002 0.005 0.135 0.844 
 476 P _   0.004 0.002 0.000 0.007 0.002 0.005 0.132 0.848 
 477 N _   0.004 0.002 0.000 0.006 0.002 0.005 0.130 0.852 
 478 L _   0.004 0.001 0.000 0.006 0.002 0.005 0.126 0.856 
 479 P _   0.003 0.001 0.000 0.006 0.002 0.005 0.122 0.861 
 480 S _   0.004 0.001 0.000 0.006 0.002 0.005 0.118 0.865 
 481 S _   0.004 0.001 0.000 0.006 0.002 0.005 0.113 0.869 
 482 S _   0.005 0.001 0.000 0.006 0.002 0.006 0.108 0.872 
 483 S _   0.007 0.001 0.000 0.006 0.003 0.007 0.102 0.874 
 484 S _   0.011 0.001 0.000 0.007 0.003 0.008 0.096 0.874 
 485 S _   0.018 0.001 0.001 0.007 0.004 0.009 0.089 0.871 
 486 F _   0.031 0.000 0.001 0.007 0.005 0.011 0.082 0.864 
 487 S _   0.053 0.000 0.001 0.006 0.006 0.012 0.074 0.850 
 488 V _   0.086 0.000 0.001 0.004 0.006 0.012 0.065 0.825 
 489 S _   0.135 0.000 0.001 0.003 0.007 0.013 0.055 0.786 
 490 P _   0.201 0.000 0.001 0.002 0.008 0.013 0.045 0.730 
 491 T _   0.282 0.000 0.001 0.001 0.008 0.012 0.036 0.659 
 492 Y _   0.375 0.000 0.001 0.001 0.009 0.011 0.029 0.574 
 493 S _   0.475 0.000 0.001 0.001 0.008 0.010 0.023 0.482 
 494 M H   0.573 0.000 0.001 0.001 0.008 0.009 0.018 0.391 
 495 T H   0.664 0.000 0.001 0.000 0.008 0.007 0.014 0.305 
 496 V H   0.741 0.000 0.001 0.000 0.007 0.006 0.012 0.234 
 497 I H   0.802 0.000 0.001 0.000 0.006 0.005 0.010 0.176 
 498 I H   0.850 0.000 0.001 0.000 0.006 0.004 0.008 0.132 
 499 S H   0.886 0.000 0.001 0.000 0.005 0.003 0.007 0.098 
 500 I H   0.912 0.000 0.001 0.000 0.005 0.003 0.006 0.074 
 501 M H   0.933 0.000 0.001 0.000 0.005 0.002 0.005 0.055 
 502 S H   0.947 0.000 0.001 0.000 0.005 0.002 0.004 0.042 
 503 S H   0.956 0.000 0.001 0.000 0.005 0.002 0.003 0.033 
 504 F H   0.962 0.000 0.001 0.000 0.005 0.002 0.003 0.028 
 505 A H   0.965 0.000 0.001 0.000 0.005 0.002 0.002 0.025 
 506 I H   0.965 0.000 0.001 0.000 0.006 0.002 0.002 0.025 
 507 F H   0.962 0.000 0.001 0.000 0.007 0.002 0.002 0.027 
 508 V H   0.956 0.000 0.001 0.000 0.008 0.002 0.002 0.032 
 509 L H   0.947 0.000 0.001 0.000 0.008 0.003 0.002 0.040 
 510 L H   0.932 0.000 0.001 0.000 0.009 0.003 0.002 0.053 
 511 T H   0.911 0.000 0.001 0.000 0.010 0.003 0.002 0.072 
 512 I H   0.880 0.000 0.001 0.000 0.011 0.004 0.003 0.100 
 513 T H   0.839 0.000 0.001 0.001 0.012 0.005 0.004 0.138 
 514 T H   0.783 0.000 0.001 0.001 0.013 0.006 0.005 0.191 
 515 L H   0.711 0.000 0.001 0.001 0.014 0.007 0.008 0.258 
 516 Y H   0.623 0.000 0.001 0.002 0.013 0.008 0.012 0.341 
 517 C H   0.521 0.000 0.001 0.002 0.012 0.009 0.018 0.437 
 518 C _   0.409 0.000 0.001 0.003 0.010 0.009 0.025 0.542 
 519 R _   0.301 0.000 0.001 0.004 0.008 0.009 0.032 0.645 
 520 R _   0.206 0.000 0.001 0.004 0.006 0.008 0.039 0.736 
 521 R _   0.132 0.000 0.001 0.004 0.004 0.007 0.045 0.808 
 522 K _   0.077 0.000 0.000 0.003 0.003 0.006 0.049 0.861 
 523 Q _   0.043 0.000 0.000 0.002 0.002 0.005 0.052 0.896 
 524 W _   0.024 0.000 0.000 0.002 0.001 0.005 0.054 0.915 
 525 K _   0.014 0.000 0.000 0.002 0.001 0.005 0.055 0.923 
 526 N _   0.010 0.001 0.000 0.002 0.001 0.006 0.055 0.925 
 527 K _   0.010 0.002 0.000 0.002 0.002 0.008 0.055 0.920 
 528 K _   0.011 0.007 0.000 0.004 0.003 0.012 0.055 0.907 
 529 R _   0.015 0.022 0.001 0.009 0.006 0.018 0.053 0.876 
 530 E _   0.019 0.059 0.001 0.018 0.012 0.025 0.051 0.816 
 531 S _   0.021 0.125 0.002 0.030 0.018 0.031 0.048 0.724 
 532 A _   0.022 0.208 0.002 0.043 0.023 0.035 0.045 0.621 
 533 A _   0.022 0.277 0.002 0.055 0.026 0.036 0.042 0.540 
 534 V _   0.022 0.320 0.002 0.063 0.027 0.036 0.040 0.490 
 535 T _   0.022 0.344 0.002 0.067 0.027 0.035 0.040 0.464 
 536 L _   0.022 0.354 0.002 0.067 0.026 0.034 0.039 0.456 
 537 T _   0.021 0.354 0.002 0.064 0.025 0.032 0.040 0.462 
 538 T _   0.021 0.346 0.002 0.059 0.023 0.030 0.041 0.479 
 539 L _   0.020 0.329 0.002 0.052 0.021 0.028 0.042 0.506 
 540 P _   0.020 0.300 0.002 0.044 0.018 0.026 0.044 0.545 
 541 S _   0.020 0.260 0.002 0.037 0.016 0.023 0.047 0.595 
 542 E _   0.020 0.215 0.002 0.030 0.013 0.021 0.050 0.650 
 543 L _   0.019 0.169 0.001 0.024 0.011 0.020 0.053 0.703 
 544 L _   0.019 0.129 0.001 0.019 0.009 0.018 0.056 0.750 
 545 L _   0.017 0.096 0.001 0.015 0.007 0.016 0.058 0.790 
 546 D _   0.015 0.071 0.001 0.012 0.005 0.014 0.060 0.822 
 547 R _   0.013 0.054 0.001 0.009 0.004 0.012 0.062 0.845 
 548 L _   0.012 0.043 0.000 0.007 0.003 0.011 0.063 0.861 
 549 H _   0.010 0.036 0.000 0.006 0.003 0.010 0.064 0.870 
 550 P _   0.010 0.032 0.000 0.006 0.003 0.010 0.064 0.876 
 551 N _   0.009 0.030 0.000 0.006 0.003 0.010 0.064 0.878 
 552 P _   0.009 0.030 0.000 0.007 0.003 0.010 0.064 0.877 
 553 M _   0.009 0.030 0.000 0.008 0.004 0.011 0.063 0.874 
 554 Y _   0.010 0.032 0.000 0.009 0.004 0.011 0.063 0.870 
 555 Q _   0.010 0.034 0.001 0.011 0.005 0.012 0.062 0.865 
 556 R _   0.010 0.037 0.001 0.013 0.005 0.013 0.062 0.860 
 557 M _   0.009 0.040 0.001 0.015 0.006 0.013 0.061 0.855 
 558 P _   0.009 0.043 0.001 0.017 0.006 0.013 0.060 0.851 
 559 L _   0.009 0.045 0.001 0.018 0.006 0.013 0.060 0.848 
 560 L _   0.009 0.046 0.001 0.019 0.007 0.013 0.059 0.846 
 561 L _   0.009 0.047 0.001 0.019 0.007 0.013 0.059 0.845 
 562 N _   0.009 0.047 0.001 0.019 0.007 0.013 0.058 0.846 
 563 P _   0.009 0.046 0.001 0.019 0.007 0.013 0.058 0.847 
 564 K _   0.009 0.045 0.001 0.019 0.006 0.012 0.058 0.849 
 565 L _   0.010 0.043 0.001 0.018 0.006 0.012 0.058 0.853 
 566 L _   0.009 0.040 0.001 0.016 0.006 0.011 0.058 0.858 
 567 S _   0.009 0.037 0.001 0.015 0.005 0.011 0.059 0.864 
 568 L _   0.009 0.034 0.001 0.013 0.005 0.010 0.059 0.870 
 569 E _   0.009 0.030 0.001 0.011 0.004 0.010 0.059 0.877 
 570 Y _   0.008 0.027 0.000 0.009 0.004 0.009 0.059 0.883 
 571 P _   0.008 0.024 0.000 0.008 0.003 0.009 0.059 0.888 
 572 R _   0.008 0.023 0.000 0.007 0.003 0.009 0.059 0.891 
 573 N _   0.008 0.022 0.000 0.006 0.003 0.009 0.059 0.893 
 574 N _   0.008 0.022 0.000 0.006 0.003 0.009 0.058 0.894 
 575 I _   0.008 0.023 0.000 0.006 0.003 0.010 0.057 0.892 
 576 E _   0.009 0.025 0.000 0.007 0.003 0.011 0.056 0.889 
 577 Y _   0.009 0.029 0.000 0.008 0.004 0.012 0.055 0.883 
 578 V _   0.010 0.035 0.001 0.009 0.005 0.013 0.054 0.874 
 579 R _   0.010 0.044 0.001 0.011 0.006 0.015 0.052 0.861 
 580 D _   0.011 0.056 0.001 0.014 0.007 0.017 0.050 0.844 
 581 I _   0.012 0.071 0.001 0.018 0.009 0.019 0.048 0.823 
 582 G _   0.012 0.089 0.001 0.022 0.011 0.020 0.046 0.798 
 583 E _   0.013 0.108 0.001 0.028 0.012 0.022 0.043 0.773 
 584 G _   0.013 0.124 0.001 0.033 0.014 0.023 0.042 0.751 
 585 A _   0.013 0.136 0.001 0.037 0.015 0.023 0.040 0.735 
 586 F _   0.013 0.144 0.001 0.039 0.015 0.023 0.039 0.726 
 587 G _   0.013 0.147 0.001 0.039 0.014 0.022 0.038 0.725 
 588 R _   0.012 0.147 0.001 0.038 0.013 0.021 0.038 0.729 
 589 V _   0.012 0.144 0.001 0.034 0.012 0.020 0.038 0.739 
 590 F _   0.012 0.136 0.001 0.029 0.011 0.019 0.038 0.754 
 591 Q _   0.011 0.126 0.001 0.024 0.009 0.017 0.038 0.773 
 592 A _   0.011 0.114 0.001 0.018 0.007 0.016 0.039 0.793 
 593 R _   0.011 0.102 0.001 0.014 0.006 0.016 0.039 0.812 
 594 A _   0.011 0.092 0.001 0.010 0.005 0.016 0.040 0.826 
 595 P _   0.011 0.085 0.001 0.008 0.005 0.016 0.040 0.835 
 596 G _   0.012 0.082 0.000 0.007 0.004 0.017 0.040 0.837 
 597 L _   0.014 0.082 0.001 0.007 0.005 0.018 0.039 0.834 
 598 L _   0.017 0.084 0.001 0.008 0.006 0.021 0.039 0.825 
 599 P _   0.019 0.091 0.001 0.010 0.008 0.024 0.039 0.809 
 600 Y _   0.023 0.102 0.001 0.013 0.011 0.027 0.038 0.785 
 601 E _   0.025 0.120 0.001 0.018 0.015 0.030 0.037 0.754 
 602 P _   0.027 0.142 0.002 0.024 0.019 0.033 0.036 0.718 
 603 F _   0.029 0.165 0.002 0.032 0.021 0.034 0.036 0.683 
 604 T _   0.029 0.184 0.002 0.039 0.023 0.034 0.035 0.654 
 605 M _   0.029 0.198 0.002 0.045 0.024 0.034 0.035 0.635 
 606 V _   0.028 0.205 0.002 0.049 0.023 0.032 0.035 0.626 
 607 A _   0.026 0.207 0.002 0.050 0.022 0.030 0.036 0.627 
 608 V _   0.025 0.203 0.002 0.048 0.020 0.028 0.037 0.639 
 609 K _   0.022 0.193 0.001 0.044 0.017 0.025 0.038 0.660 
 610 M _   0.020 0.175 0.001 0.037 0.014 0.022 0.040 0.690 
 611 L _   0.018 0.150 0.001 0.030 0.012 0.019 0.042 0.728 
 612 K _   0.016 0.119 0.001 0.023 0.009 0.017 0.044 0.771 
 613 E _   0.014 0.089 0.001 0.017 0.007 0.014 0.046 0.812 
 614 E _   0.012 0.064 0.001 0.012 0.005 0.012 0.048 0.845 
 615 A _   0.010 0.047 0.001 0.009 0.004 0.011 0.049 0.869 
 616 S _   0.009 0.036 0.000 0.007 0.003 0.010 0.050 0.885 
 617 A _   0.008 0.030 0.000 0.006 0.002 0.009 0.050 0.893 
 618 D _   0.008 0.027 0.000 0.005 0.002 0.009 0.050 0.897 
 619 M _   0.008 0.026 0.000 0.006 0.003 0.010 0.050 0.898 
 620 Q _   0.008 0.026 0.000 0.007 0.003 0.011 0.050 0.895 
 621 A _   0.009 0.028 0.000 0.009 0.004 0.012 0.049 0.889 
 622 D _   0.009 0.031 0.001 0.013 0.005 0.014 0.048 0.880 
 623 F _   0.010 0.035 0.001 0.018 0.007 0.015 0.047 0.868 
 624 Q _   0.011 0.039 0.001 0.023 0.008 0.017 0.046 0.855 
 625 R _   0.011 0.043 0.001 0.029 0.010 0.018 0.045 0.843 
 626 E _   0.012 0.045 0.001 0.034 0.010 0.018 0.045 0.835 
 627 A _   0.012 0.045 0.001 0.036 0.011 0.018 0.044 0.833 
 628 A _   0.012 0.043 0.001 0.035 0.010 0.017 0.044 0.837 
 629 L _   0.012 0.039 0.001 0.030 0.009 0.016 0.045 0.849 
 630 M _   0.011 0.032 0.001 0.024 0.007 0.014 0.045 0.866 
 631 A _   0.011 0.022 0.001 0.017 0.006 0.013 0.045 0.885 
 632 E _   0.011 0.013 0.001 0.011 0.004 0.012 0.046 0.903 
 633 F _   0.011 0.006 0.000 0.006 0.003 0.011 0.046 0.916 
 634 D _   0.012 0.002 0.000 0.004 0.002 0.012 0.045 0.922 
 635 N _   0.015 0.001 0.000 0.003 0.002 0.013 0.045 0.921 
 636 P _   0.021 0.000 0.000 0.002 0.003 0.016 0.044 0.913 
 637 N _   0.031 0.000 0.000 0.003 0.004 0.020 0.043 0.898 
 638 I _   0.047 0.000 0.001 0.004 0.007 0.027 0.042 0.873 
 639 V _   0.066 0.001 0.001 0.006 0.011 0.036 0.040 0.839 
 640 K _   0.088 0.001 0.001 0.009 0.016 0.044 0.039 0.800 
 641 L _   0.110 0.002 0.002 0.013 0.023 0.053 0.037 0.760 
 642 L _   0.130 0.003 0.002 0.017 0.029 0.059 0.036 0.724 
 643 G _   0.149 0.004 0.002 0.018 0.033 0.064 0.034 0.695 
 644 V _   0.166 0.004 0.002 0.018 0.036 0.067 0.033 0.674 
 645 C _   0.180 0.004 0.002 0.015 0.036 0.069 0.033 0.662 
 646 A _   0.192 0.003 0.002 0.012 0.036 0.069 0.032 0.654 
 647 V _   0.203 0.002 0.002 0.009 0.034 0.070 0.032 0.649 
 648 G _   0.211 0.002 0.002 0.007 0.033 0.069 0.031 0.645 
 649 K _   0.217 0.002 0.002 0.006 0.034 0.070 0.031 0.639 
 650 P _   0.221 0.003 0.002 0.006 0.036 0.070 0.031 0.631 
 651 M _   0.222 0.004 0.002 0.008 0.039 0.069 0.032 0.624 
 652 C _   0.220 0.007 0.002 0.012 0.042 0.068 0.033 0.617 
 653 L _   0.212 0.012 0.002 0.018 0.044 0.066 0.034 0.613 
 654 L _   0.199 0.016 0.002 0.024 0.044 0.062 0.035 0.618 
 655 F _   0.180 0.019 0.002 0.029 0.041 0.057 0.037 0.633 
 656 E _   0.157 0.021 0.002 0.032 0.037 0.052 0.040 0.660 
 657 Y _   0.131 0.021 0.002 0.031 0.031 0.045 0.042 0.698 
 658 M _   0.105 0.019 0.002 0.027 0.024 0.038 0.045 0.741 
 659 A _   0.081 0.016 0.001 0.021 0.017 0.031 0.047 0.785 
 660 Y _   0.060 0.013 0.001 0.015 0.011 0.025 0.049 0.824 
 661 G _   0.044 0.010 0.001 0.011 0.008 0.021 0.051 0.856 
 662 D _   0.032 0.008 0.001 0.007 0.005 0.017 0.053 0.878 
 663 L _   0.023 0.007 0.000 0.006 0.004 0.015 0.054 0.891 
