#TopoPred_TM8: 8-state transmembrane topology prediction results by no_profile mode 
#probabilities are in the order of H E C I L F X _, the 8 transmembrane topology types used in PDBTM 
   1 M _   0.153 0.000 0.004 0.006 0.026 0.031 0.150 0.630 
   2 A _   0.159 0.000 0.001 0.001 0.012 0.025 0.151 0.651 
   3 G _   0.200 0.000 0.001 0.001 0.009 0.021 0.146 0.622 
   4 I _   0.338 0.000 0.001 0.001 0.011 0.019 0.128 0.501 
   5 F H   0.494 0.000 0.001 0.001 0.013 0.017 0.104 0.370 
   6 Y H   0.610 0.000 0.002 0.001 0.017 0.014 0.078 0.278 
   7 F H   0.700 0.000 0.002 0.001 0.018 0.011 0.058 0.210 
   8 A H   0.762 0.000 0.001 0.001 0.017 0.009 0.044 0.166 
   9 L H   0.800 0.000 0.001 0.000 0.017 0.008 0.034 0.139 
  10 F H   0.819 0.000 0.001 0.000 0.017 0.007 0.028 0.129 
  11 S H   0.824 0.000 0.001 0.000 0.017 0.006 0.023 0.128 
  12 C H   0.819 0.000 0.001 0.000 0.016 0.006 0.020 0.137 
  13 L H   0.803 0.000 0.001 0.000 0.016 0.006 0.018 0.155 
  14 F H   0.773 0.000 0.001 0.001 0.016 0.007 0.017 0.185 
  15 G H   0.730 0.000 0.001 0.001 0.016 0.008 0.016 0.229 
  16 I H   0.669 0.000 0.001 0.001 0.015 0.008 0.016 0.290 
  17 C H   0.592 0.000 0.001 0.001 0.014 0.009 0.016 0.366 
  18 D H   0.505 0.000 0.001 0.001 0.012 0.010 0.017 0.453 
  19 A _   0.412 0.000 0.001 0.002 0.010 0.011 0.018 0.546 
  20 V _   0.325 0.000 0.001 0.002 0.009 0.011 0.020 0.632 
  21 T _   0.247 0.000 0.001 0.002 0.008 0.012 0.021 0.709 
  22 G _   0.182 0.000 0.001 0.003 0.007 0.012 0.023 0.773 
  23 S _   0.133 0.000 0.001 0.003 0.006 0.013 0.024 0.820 
  24 R _   0.097 0.000 0.001 0.004 0.006 0.013 0.025 0.853 
  25 V _   0.071 0.001 0.001 0.006 0.006 0.014 0.026 0.876 
  26 Y _   0.053 0.002 0.001 0.008 0.006 0.014 0.027 0.890 
  27 P _   0.040 0.003 0.001 0.010 0.006 0.014 0.027 0.899 
  28 A _   0.031 0.004 0.001 0.012 0.007 0.015 0.028 0.904 
  29 N _   0.024 0.005 0.001 0.014 0.007 0.014 0.028 0.907 
  30 E _   0.020 0.006 0.001 0.014 0.007 0.014 0.029 0.910 
  31 V _   0.017 0.007 0.001 0.014 0.006 0.013 0.029 0.914 
  32 T _   0.014 0.007 0.001 0.013 0.005 0.012 0.030 0.918 
  33 L _   0.012 0.008 0.001 0.011 0.005 0.012 0.030 0.922 
  34 L _   0.011 0.008 0.001 0.009 0.004 0.011 0.030 0.925 
  35 D _   0.010 0.008 0.000 0.008 0.004 0.011 0.031 0.928 
  36 S _   0.010 0.009 0.000 0.007 0.004 0.011 0.031 0.928 
  37 R _   0.010 0.010 0.000 0.008 0.004 0.011 0.031 0.926 
  38 S _   0.010 0.012 0.001 0.008 0.004 0.012 0.031 0.922 
  39 V _   0.011 0.015 0.001 0.010 0.005 0.013 0.031 0.915 
  40 Q _   0.012 0.019 0.001 0.012 0.006 0.014 0.031 0.906 
  41 G _   0.012 0.024 0.001 0.015 0.007 0.015 0.031 0.895 
  42 E _   0.013 0.029 0.001 0.017 0.008 0.015 0.030 0.886 
  43 L _   0.013 0.033 0.001 0.019 0.008 0.016 0.030 0.880 
  44 G _   0.013 0.036 0.001 0.019 0.008 0.016 0.030 0.877 
  45 W _   0.013 0.039 0.001 0.018 0.008 0.016 0.030 0.876 
  46 I _   0.012 0.040 0.001 0.017 0.007 0.015 0.031 0.877 
  47 A _   0.012 0.042 0.001 0.015 0.007 0.015 0.031 0.878 
  48 S _   0.012 0.043 0.001 0.014 0.006 0.015 0.031 0.878 
  49 P _   0.012 0.045 0.001 0.014 0.006 0.015 0.031 0.876 
  50 L _   0.012 0.048 0.001 0.015 0.007 0.016 0.031 0.872 
  51 E _   0.012 0.051 0.001 0.017 0.007 0.016 0.031 0.864 
  52 G _   0.013 0.056 0.001 0.020 0.008 0.017 0.030 0.855 
  53 G _   0.013 0.060 0.001 0.024 0.009 0.017 0.031 0.846 
  54 W _   0.013 0.063 0.001 0.027 0.010 0.017 0.031 0.839 
  55 E _   0.012 0.064 0.001 0.029 0.010 0.016 0.031 0.837 
  56 E _   0.012 0.064 0.001 0.029 0.009 0.015 0.032 0.840 
  57 V _   0.011 0.061 0.001 0.026 0.008 0.014 0.032 0.847 
  58 S _   0.010 0.056 0.001 0.022 0.007 0.012 0.033 0.859 
  59 I _   0.009 0.050 0.001 0.017 0.005 0.011 0.034 0.873 
  60 M _   0.008 0.043 0.001 0.012 0.004 0.010 0.034 0.887 
  61 D _   0.008 0.037 0.000 0.009 0.003 0.009 0.035 0.899 
  62 E _   0.007 0.034 0.000 0.006 0.003 0.009 0.035 0.906 
  63 K _   0.007 0.032 0.000 0.005 0.003 0.009 0.036 0.908 
  64 N _   0.008 0.032 0.000 0.005 0.003 0.010 0.036 0.906 
  65 T _   0.008 0.034 0.000 0.007 0.003 0.011 0.035 0.900 
  66 P _   0.010 0.041 0.001 0.010 0.005 0.014 0.035 0.886 
  67 I _   0.011 0.052 0.001 0.015 0.007 0.016 0.034 0.864 
  68 R _   0.012 0.068 0.001 0.021 0.009 0.018 0.034 0.837 
  69 T _   0.013 0.084 0.001 0.028 0.011 0.019 0.033 0.811 
  70 Y _   0.013 0.099 0.001 0.035 0.012 0.020 0.032 0.788 
  71 Q _   0.012 0.109 0.001 0.039 0.013 0.020 0.032 0.773 
  72 V _   0.012 0.115 0.001 0.041 0.013 0.020 0.032 0.766 
  73 C _   0.012 0.116 0.001 0.040 0.012 0.019 0.032 0.768 
  74 N _   0.011 0.115 0.001 0.036 0.011 0.018 0.033 0.776 
  75 V _   0.011 0.110 0.001 0.031 0.010 0.016 0.034 0.789 
  76 M _   0.010 0.102 0.001 0.024 0.008 0.015 0.034 0.805 
  77 E _   0.010 0.093 0.001 0.018 0.006 0.013 0.035 0.823 
  78 P _   0.009 0.084 0.001 0.013 0.005 0.012 0.036 0.840 
  79 S _   0.009 0.077 0.000 0.010 0.004 0.011 0.037 0.852 
  80 Q _   0.008 0.072 0.000 0.008 0.003 0.011 0.037 0.860 
  81 N _   0.008 0.070 0.000 0.007 0.003 0.011 0.037 0.863 
  82 N _   0.008 0.070 0.000 0.007 0.003 0.012 0.037 0.862 
  83 W _   0.009 0.073 0.000 0.008 0.004 0.013 0.037 0.857 
  84 L _   0.010 0.078 0.001 0.009 0.005 0.014 0.037 0.847 
  85 R _   0.010 0.087 0.001 0.011 0.006 0.015 0.036 0.835 
  86 T _   0.011 0.097 0.001 0.013 0.006 0.017 0.035 0.820 
  87 D _   0.011 0.109 0.001 0.015 0.007 0.018 0.034 0.804 
  88 W _   0.012 0.122 0.001 0.016 0.008 0.019 0.034 0.788 
  89 I _   0.013 0.134 0.001 0.017 0.009 0.021 0.033 0.773 
  90 T _   0.014 0.147 0.001 0.018 0.010 0.022 0.032 0.757 
  91 R _   0.015 0.160 0.001 0.018 0.011 0.023 0.031 0.741 
  92 E _   0.016 0.174 0.001 0.019 0.012 0.025 0.030 0.723 
  93 G _   0.017 0.189 0.001 0.019 0.013 0.026 0.030 0.704 
  94 A _   0.019 0.205 0.001 0.021 0.014 0.028 0.029 0.684 
  95 Q _   0.020 0.222 0.001 0.023 0.016 0.028 0.028 0.661 
  96 R _   0.020 0.241 0.001 0.026 0.017 0.029 0.028 0.638 
  97 V _   0.020 0.258 0.001 0.030 0.018 0.028 0.027 0.616 
  98 Y _   0.020 0.272 0.001 0.033 0.018 0.028 0.027 0.600 
  99 I _   0.020 0.281 0.001 0.036 0.018 0.026 0.027 0.590 
 100 E _   0.019 0.286 0.001 0.037 0.017 0.025 0.028 0.588 
 101 I _   0.018 0.285 0.001 0.036 0.015 0.023 0.028 0.594 
 102 K _   0.016 0.279 0.001 0.033 0.013 0.021 0.029 0.608 
 103 F _   0.015 0.268 0.001 0.027 0.011 0.018 0.030 0.630 
 104 T _   0.013 0.251 0.001 0.021 0.008 0.016 0.031 0.658 
 105 L _   0.012 0.233 0.001 0.015 0.006 0.015 0.032 0.686 
 106 R _   0.010 0.218 0.001 0.011 0.005 0.014 0.033 0.709 
 107 D _   0.009 0.209 0.000 0.008 0.004 0.013 0.033 0.723 
 108 C _   0.009 0.205 0.000 0.007 0.004 0.013 0.034 0.728 
 109 N _   0.009 0.207 0.000 0.007 0.004 0.014 0.034 0.725 
 110 S _   0.010 0.215 0.001 0.009 0.005 0.015 0.033 0.712 
 111 L _   0.011 0.231 0.001 0.013 0.007 0.017 0.033 0.687 
 112 P _   0.012 0.257 0.001 0.019 0.009 0.018 0.032 0.652 
 113 G _   0.012 0.287 0.001 0.025 0.011 0.019 0.032 0.613 
 114 V _   0.012 0.316 0.001 0.031 0.012 0.020 0.031 0.577 
 115 M _   0.012 0.337 0.001 0.037 0.013 0.020 0.031 0.550 
 116 G _   0.011 0.350 0.001 0.040 0.013 0.019 0.031 0.534 
 117 T _   0.011 0.356 0.001 0.041 0.013 0.019 0.031 0.527 
 118 C _   0.011 0.356 0.001 0.042 0.013 0.018 0.032 0.527 
 119 K _   0.011 0.351 0.001 0.041 0.012 0.017 0.033 0.533 
 120 E _   0.011 0.340 0.001 0.040 0.012 0.017 0.035 0.546 
 121 T _   0.011 0.322 0.001 0.037 0.011 0.016 0.037 0.566 
 122 F _   0.011 0.297 0.001 0.034 0.010 0.015 0.039 0.592 
 123 N _   0.011 0.264 0.001 0.032 0.009 0.014 0.043 0.626 
 124 L _   0.011 0.224 0.001 0.028 0.008 0.013 0.047 0.669 
 125 Y _   0.011 0.178 0.001 0.023 0.007 0.012 0.051 0.718 
 126 Y _   0.010 0.133 0.001 0.018 0.005 0.011 0.054 0.767 
 127 Y _   0.009 0.094 0.001 0.014 0.004 0.009 0.058 0.811 
 128 E _   0.008 0.066 0.000 0.010 0.003 0.008 0.060 0.845 
 129 S _   0.006 0.049 0.000 0.006 0.002 0.007 0.061 0.868 
 130 D _   0.005 0.039 0.000 0.005 0.002 0.006 0.062 0.880 
 131 N _   0.005 0.035 0.000 0.004 0.001 0.006 0.062 0.886 
 132 D _   0.005 0.034 0.000 0.004 0.002 0.006 0.062 0.887 
 133 K _   0.005 0.035 0.000 0.005 0.002 0.007 0.061 0.884 
 134 E _   0.006 0.039 0.000 0.007 0.003 0.009 0.059 0.876 
 135 R _   0.006 0.047 0.000 0.011 0.004 0.011 0.058 0.863 
 136 F _   0.007 0.058 0.001 0.016 0.005 0.012 0.055 0.847 
 137 I _   0.007 0.070 0.001 0.020 0.006 0.013 0.053 0.830 
 138 R _   0.007 0.081 0.001 0.024 0.007 0.014 0.051 0.815 
 139 E _   0.007 0.089 0.001 0.026 0.008 0.015 0.049 0.805 
 140 N _   0.008 0.095 0.001 0.027 0.008 0.015 0.047 0.799 
 141 Q _   0.008 0.099 0.001 0.026 0.008 0.015 0.046 0.798 
 142 F _   0.008 0.100 0.001 0.024 0.008 0.015 0.045 0.800 
 143 V _   0.008 0.100 0.001 0.022 0.007 0.015 0.045 0.803 
 144 K _   0.008 0.099 0.001 0.020 0.007 0.014 0.044 0.807 
 145 I _   0.008 0.097 0.001 0.018 0.006 0.014 0.044 0.812 
 146 D _   0.009 0.095 0.001 0.016 0.006 0.014 0.043 0.816 
 147 T _   0.009 0.093 0.001 0.015 0.006 0.013 0.043 0.820 
 148 I _   0.009 0.092 0.001 0.014 0.006 0.013 0.043 0.823 
 149 A _   0.009 0.091 0.001 0.013 0.006 0.013 0.042 0.825 
 150 A _   0.009 0.090 0.001 0.013 0.006 0.013 0.042 0.827 
 151 D _   0.009 0.089 0.001 0.013 0.006 0.013 0.042 0.828 
 152 E _   0.009 0.088 0.001 0.013 0.006 0.014 0.041 0.828 
 153 S _   0.010 0.088 0.001 0.013 0.006 0.014 0.041 0.829 
 154 F _   0.010 0.088 0.001 0.013 0.006 0.014 0.041 0.828 
 155 T _   0.010 0.088 0.001 0.013 0.006 0.014 0.040 0.827 
 156 Q _   0.010 0.089 0.001 0.014 0.006 0.015 0.040 0.825 
 157 V _   0.010 0.089 0.001 0.015 0.007 0.015 0.040 0.823 
 158 D _   0.011 0.091 0.001 0.016 0.007 0.016 0.039 0.819 
 159 I _   0.012 0.092 0.001 0.018 0.008 0.017 0.039 0.814 
 160 G _   0.013 0.094 0.001 0.020 0.009 0.017 0.039 0.808 
 161 D _   0.013 0.095 0.001 0.022 0.009 0.018 0.039 0.803 
 162 R _   0.014 0.095 0.001 0.024 0.010 0.018 0.039 0.799 
 163 I _   0.014 0.094 0.001 0.026 0.010 0.018 0.039 0.798 
 164 M _   0.014 0.090 0.001 0.026 0.010 0.018 0.040 0.800 
 165 K _   0.014 0.085 0.001 0.026 0.010 0.017 0.041 0.806 
 166 L _   0.014 0.078 0.001 0.025 0.009 0.016 0.042 0.816 
 167 N _   0.013 0.068 0.001 0.022 0.008 0.015 0.043 0.829 
 168 T _   0.013 0.057 0.001 0.019 0.007 0.014 0.044 0.846 
 169 E _   0.012 0.044 0.001 0.016 0.006 0.012 0.046 0.863 
 170 I _   0.011 0.033 0.001 0.013 0.005 0.011 0.047 0.879 
 171 R _   0.010 0.022 0.001 0.010 0.004 0.010 0.048 0.894 
 172 D _   0.009 0.014 0.000 0.008 0.003 0.009 0.049 0.907 
 173 V _   0.009 0.008 0.000 0.006 0.003 0.009 0.049 0.916 
 174 G _   0.008 0.005 0.000 0.005 0.002 0.009 0.050 0.921 
 175 P _   0.008 0.003 0.000 0.004 0.002 0.009 0.050 0.923 
 176 L _   0.009 0.002 0.000 0.004 0.002 0.010 0.049 0.923 
 177 S _   0.011 0.001 0.000 0.004 0.003 0.012 0.048 0.921 
 178 K _   0.014 0.001 0.000 0.004 0.003 0.015 0.047 0.915 
 179 K _   0.019 0.001 0.000 0.005 0.004 0.018 0.046 0.906 
 180 G _   0.028 0.001 0.001 0.006 0.006 0.023 0.045 0.892 
 181 F _   0.039 0.001 0.001 0.007 0.008 0.028 0.043 0.873 
 182 Y _   0.055 0.001 0.001 0.009 0.011 0.033 0.041 0.849 
 183 L _   0.077 0.001 0.001 0.009 0.014 0.039 0.039 0.820 
 184 A _   0.103 0.001 0.001 0.009 0.018 0.045 0.037 0.786 
 185 F _   0.135 0.001 0.001 0.009 0.022 0.050 0.035 0.748 
 186 Q _   0.170 0.001 0.002 0.008 0.026 0.055 0.033 0.706 
 187 D _   0.209 0.001 0.002 0.007 0.030 0.059 0.031 0.662 
 188 V _   0.249 0.000 0.002 0.006 0.035 0.062 0.029 0.617 
 189 G _   0.286 0.001 0.002 0.006 0.039 0.064 0.028 0.574 
 190 A _   0.319 0.001 0.002 0.006 0.044 0.065 0.028 0.536 
 191 C _   0.345 0.001 0.002 0.007 0.046 0.065 0.028 0.507 
 192 I _   0.362 0.001 0.002 0.008 0.048 0.063 0.028 0.488 
 193 A _   0.369 0.002 0.002 0.009 0.049 0.061 0.029 0.479 
 194 L _   0.366 0.002 0.002 0.011 0.047 0.058 0.030 0.483 
 195 V _   0.353 0.002 0.002 0.011 0.044 0.055 0.031 0.501 
 196 S _   0.331 0.002 0.002 0.012 0.039 0.050 0.033 0.530 
 197 V _   0.299 0.002 0.002 0.011 0.033 0.046 0.035 0.571 
 198 R _   0.261 0.002 0.002 0.010 0.027 0.041 0.038 0.619 
 199 V _   0.221 0.001 0.002 0.008 0.021 0.037 0.040 0.671 
 200 F _   0.180 0.001 0.001 0.007 0.016 0.032 0.042 0.721 
 201 Y _   0.142 0.001 0.001 0.006 0.012 0.029 0.045 0.765 
 202 K _   0.110 0.001 0.001 0.005 0.009 0.026 0.047 0.801 
 203 K _   0.084 0.001 0.001 0.005 0.008 0.024 0.048 0.829 
 204 C _   0.065 0.001 0.001 0.006 0.007 0.022 0.050 0.848 
 205 P _   0.051 0.002 0.001 0.007 0.007 0.022 0.051 0.859 
 206 L _   0.041 0.004 0.001 0.009 0.007 0.021 0.052 0.864 
 207 T _   0.034 0.006 0.001 0.012 0.008 0.021 0.053 0.865 
 208 V _   0.029 0.009 0.001 0.015 0.009 0.021 0.054 0.862 
 209 R _   0.026 0.011 0.001 0.019 0.010 0.020 0.055 0.858 
 210 N _   0.023 0.014 0.001 0.021 0.010 0.019 0.057 0.856 
 211 L _   0.020 0.015 0.001 0.023 0.010 0.018 0.058 0.856 
 212 A _   0.017 0.015 0.001 0.022 0.009 0.017 0.060 0.859 
 213 Q _   0.015 0.015 0.001 0.020 0.008 0.015 0.061 0.865 
 214 F _   0.013 0.014 0.001 0.017 0.006 0.013 0.063 0.872 
 215 P _   0.011 0.012 0.001 0.014 0.005 0.012 0.065 0.880 
 216 D _   0.010 0.011 0.001 0.011 0.004 0.010 0.066 0.887 
 217 T _   0.009 0.009 0.000 0.008 0.003 0.009 0.068 0.893 
 218 I _   0.008 0.009 0.000 0.006 0.003 0.009 0.069 0.897 
 219 T _   0.008 0.008 0.000 0.005 0.002 0.009 0.069 0.898 
 220 G _   0.008 0.009 0.000 0.004 0.002 0.010 0.069 0.896 
 221 A _   0.009 0.011 0.000 0.005 0.003 0.012 0.069 0.891 
 222 D _   0.010 0.016 0.000 0.008 0.004 0.014 0.069 0.878 
 223 T _   0.012 0.027 0.001 0.012 0.007 0.017 0.068 0.856 
 224 S _   0.013 0.046 0.001 0.020 0.010 0.021 0.067 0.822 
 225 S _   0.014 0.074 0.001 0.031 0.014 0.023 0.065 0.777 
 226 L _   0.015 0.104 0.002 0.044 0.017 0.025 0.064 0.730 
 227 V _   0.015 0.127 0.002 0.055 0.018 0.026 0.063 0.694 
 228 E _   0.015 0.141 0.001 0.063 0.019 0.025 0.063 0.673 
 229 V _   0.014 0.147 0.001 0.066 0.018 0.024 0.064 0.666 
 230 R _   0.013 0.147 0.001 0.064 0.017 0.022 0.065 0.670 
 231 G _   0.013 0.142 0.001 0.057 0.015 0.020 0.067 0.686 
 232 S _   0.012 0.129 0.001 0.047 0.012 0.017 0.070 0.712 
 233 C _   0.011 0.109 0.001 0.035 0.009 0.015 0.073 0.746 
 234 V _   0.010 0.085 0.001 0.025 0.007 0.013 0.076 0.783 
 235 N _   0.009 0.063 0.001 0.017 0.005 0.011 0.079 0.816 
 236 N _   0.008 0.045 0.000 0.011 0.004 0.009 0.082 0.841 
 237 S _   0.007 0.035 0.000 0.007 0.003 0.008 0.083 0.857 
 238 E _   0.006 0.029 0.000 0.006 0.002 0.007 0.085 0.866 
 239 E _   0.006 0.026 0.000 0.005 0.002 0.007 0.085 0.869 
 240 K _   0.005 0.025 0.000 0.005 0.002 0.007 0.085 0.870 
 241 D _   0.005 0.026 0.000 0.005 0.002 0.007 0.085 0.868 
 242 V _   0.006 0.029 0.000 0.006 0.002 0.008 0.084 0.864 
 243 P _   0.006 0.033 0.000 0.008 0.003 0.009 0.083 0.858 
 244 K _   0.006 0.038 0.000 0.010 0.003 0.010 0.082 0.850 
 245 M _   0.007 0.045 0.001 0.011 0.004 0.012 0.080 0.840 
 246 Y _   0.007 0.053 0.001 0.012 0.005 0.013 0.078 0.830 
 247 C _   0.008 0.062 0.001 0.014 0.006 0.015 0.076 0.818 
 248 G _   0.009 0.073 0.001 0.015 0.007 0.017 0.074 0.804 
 249 A _   0.010 0.087 0.001 0.017 0.008 0.019 0.072 0.786 
 250 D _   0.012 0.103 0.001 0.019 0.010 0.022 0.070 0.764 
 251 G _   0.013 0.122 0.001 0.022 0.012 0.024 0.068 0.737 
 252 E _   0.015 0.144 0.001 0.026 0.014 0.025 0.066 0.708 
 253 W _   0.016 0.165 0.001 0.031 0.016 0.026 0.064 0.679 
 254 L _   0.017 0.185 0.001 0.036 0.017 0.027 0.063 0.653 
 255 V _   0.017 0.201 0.001 0.041 0.018 0.027 0.062 0.633 
 256 P _   0.017 0.211 0.001 0.045 0.018 0.026 0.061 0.621 
 257 I _   0.017 0.216 0.001 0.046 0.017 0.024 0.061 0.616 
 258 G _   0.016 0.217 0.001 0.046 0.016 0.023 0.062 0.619 
 259 N _   0.015 0.213 0.001 0.043 0.014 0.021 0.063 0.630 
 260 C _   0.014 0.203 0.001 0.039 0.013 0.019 0.064 0.647 
 261 L _   0.013 0.188 0.001 0.033 0.011 0.017 0.065 0.672 
 262 C _   0.012 0.167 0.001 0.027 0.008 0.015 0.067 0.702 
 263 N _   0.011 0.145 0.001 0.021 0.007 0.013 0.069 0.734 
 264 A _   0.009 0.124 0.001 0.015 0.005 0.011 0.071 0.764 
 265 G _   0.008 0.108 0.001 0.011 0.004 0.010 0.072 0.787 
 266 H _   0.007 0.096 0.000 0.008 0.003 0.009 0.072 0.804 
 267 E _   0.006 0.090 0.000 0.006 0.002 0.008 0.072 0.814 
 268 E _   0.006 0.087 0.000 0.006 0.002 0.008 0.072 0.819 
 269 R _   0.006 0.087 0.000 0.006 0.002 0.008 0.071 0.819 
 270 S _   0.006 0.091 0.000 0.007 0.003 0.009 0.070 0.814 
 271 G _   0.006 0.099 0.000 0.009 0.004 0.011 0.069 0.802 
 272 E _   0.007 0.112 0.001 0.013 0.005 0.012 0.067 0.783 
 273 C _   0.008 0.133 0.001 0.018 0.007 0.014 0.064 0.756 
 274 Q _   0.008 0.158 0.001 0.024 0.008 0.016 0.062 0.723 
 275 A _   0.008 0.183 0.001 0.031 0.010 0.017 0.059 0.691 
 276 C _   0.009 0.204 0.001 0.036 0.011 0.018 0.057 0.665 
 277 K _   0.009 0.218 0.001 0.040 0.012 0.018 0.056 0.646 
 278 I _   0.009 0.227 0.001 0.043 0.012 0.018 0.055 0.636 
 279 G _   0.009 0.231 0.001 0.043 0.012 0.017 0.055 0.633 
 280 Y _   0.009 0.230 0.001 0.041 0.011 0.017 0.055 0.637 
 281 Y _   0.009 0.224 0.001 0.037 0.010 0.016 0.055 0.648 
 282 K _   0.009 0.214 0.001 0.033 0.009 0.015 0.056 0.664 
 283 A _   0.009 0.199 0.001 0.028 0.008 0.014 0.057 0.684 
 284 L _   0.009 0.182 0.001 0.023 0.007 0.013 0.059 0.706 
 285 S _   0.009 0.165 0.001 0.019 0.006 0.012 0.060 0.728 
 286 T _   0.009 0.149 0.001 0.016 0.005 0.011 0.062 0.748 
 287 D _   0.009 0.135 0.001 0.014 0.005 0.011 0.063 0.764 
 288 A _   0.008 0.123 0.001 0.012 0.004 0.010 0.064 0.777 
 289 T _   0.008 0.113 0.000 0.011 0.004 0.010 0.065 0.789 
 290 C _   0.008 0.106 0.000 0.009 0.003 0.009 0.066 0.799 
 291 A _   0.007 0.100 0.000 0.008 0.003 0.009 0.066 0.806 
 292 K _   0.007 0.096 0.000 0.007 0.003 0.009 0.066 0.812 
 293 C _   0.007 0.095 0.000 0.006 0.002 0.009 0.065 0.815 
 294 P _   0.007 0.096 0.000 0.006 0.003 0.010 0.065 0.814 
 295 P _   0.007 0.100 0.000 0.007 0.003 0.012 0.063 0.808 
 296 H _   0.008 0.110 0.001 0.009 0.005 0.014 0.061 0.792 
 297 S _   0.010 0.130 0.001 0.012 0.007 0.017 0.059 0.763 
 298 Y _   0.012 0.169 0.001 0.018 0.010 0.020 0.056 0.714 
 299 S _   0.013 0.228 0.002 0.026 0.014 0.022 0.052 0.644 
 300 V _   0.012 0.297 0.002 0.033 0.016 0.023 0.048 0.569 
 301 W _   0.011 0.361 0.002 0.039 0.016 0.022 0.044 0.505 
 302 E _   0.010 0.407 0.002 0.042 0.016 0.021 0.042 0.461 
 303 G E   0.009 0.437 0.001 0.043 0.015 0.020 0.040 0.435 
 304 A E   0.009 0.454 0.001 0.042 0.014 0.018 0.039 0.422 
 305 T E   0.008 0.461 0.001 0.041 0.013 0.017 0.039 0.420 
 306 S E   0.008 0.463 0.001 0.039 0.012 0.016 0.038 0.423 
 307 C E   0.008 0.459 0.001 0.036 0.011 0.016 0.039 0.431 
 308 T E   0.008 0.450 0.001 0.034 0.010 0.015 0.039 0.443 
 309 C _   0.008 0.437 0.001 0.032 0.010 0.014 0.040 0.458 
 310 D _   0.008 0.419 0.001 0.031 0.009 0.014 0.041 0.477 
 311 R _   0.008 0.395 0.001 0.029 0.009 0.013 0.043 0.501 
 312 G _   0.009 0.366 0.001 0.028 0.008 0.013 0.046 0.530 
 313 F _   0.009 0.330 0.001 0.025 0.008 0.012 0.048 0.567 
 314 F _   0.009 0.288 0.001 0.023 0.007 0.011 0.051 0.611 
 315 R _   0.008 0.244 0.001 0.019 0.006 0.011 0.054 0.656 
 316 A _   0.008 0.205 0.001 0.016 0.005 0.010 0.057 0.699 
 317 D _   0.007 0.173 0.001 0.013 0.004 0.009 0.059 0.734 
 318 N _   0.007 0.150 0.000 0.010 0.003 0.009 0.061 0.760 
 319 D _   0.006 0.135 0.000 0.009 0.003 0.008 0.063 0.776 
 320 A _   0.006 0.126 0.000 0.008 0.003 0.008 0.064 0.785 
 321 A _   0.006 0.120 0.000 0.008 0.003 0.008 0.064 0.790 
 322 S _   0.006 0.117 0.000 0.009 0.003 0.008 0.065 0.792 
 323 M _   0.006 0.116 0.000 0.009 0.003 0.008 0.065 0.793 
 324 P _   0.006 0.115 0.000 0.010 0.003 0.009 0.065 0.792 
 325 C _   0.005 0.116 0.000 0.010 0.003 0.009 0.065 0.792 
 326 T _   0.005 0.116 0.000 0.011 0.003 0.009 0.064 0.791 
 327 R _   0.005 0.118 0.000 0.011 0.003 0.009 0.064 0.789 
 328 P _   0.005 0.120 0.000 0.011 0.004 0.010 0.063 0.787 
 329 P _   0.006 0.124 0.000 0.011 0.004 0.010 0.063 0.782 
 330 S _   0.006 0.129 0.001 0.013 0.004 0.011 0.062 0.774 
 331 A _   0.006 0.137 0.001 0.015 0.005 0.012 0.061 0.763 
 332 P _   0.007 0.146 0.001 0.017 0.006 0.013 0.060 0.750 
 333 L _   0.007 0.155 0.001 0.020 0.007 0.013 0.059 0.737 
 334 N _   0.007 0.165 0.001 0.023 0.007 0.014 0.059 0.725 
 335 L _   0.008 0.172 0.001 0.025 0.008 0.014 0.058 0.715 
 336 I _   0.008 0.177 0.001 0.026 0.008 0.014 0.058 0.708 
 337 S _   0.008 0.180 0.001 0.026 0.008 0.014 0.058 0.705 
 338 N _   0.008 0.181 0.001 0.026 0.008 0.014 0.058 0.705 
 339 V _   0.008 0.179 0.001 0.025 0.008 0.014 0.059 0.707 
 340 N _   0.008 0.177 0.001 0.024 0.007 0.013 0.059 0.711 
 341 E _   0.008 0.173 0.001 0.023 0.007 0.013 0.060 0.716 
 342 T _   0.008 0.167 0.001 0.022 0.006 0.013 0.061 0.721 
 343 S _   0.008 0.161 0.001 0.022 0.006 0.012 0.063 0.727 
 344 V _   0.008 0.154 0.001 0.021 0.006 0.012 0.064 0.734 
 345 N _   0.008 0.146 0.001 0.020 0.006 0.011 0.065 0.743 
 346 L _   0.008 0.136 0.001 0.019 0.005 0.010 0.067 0.754 
 347 E _   0.008 0.125 0.001 0.017 0.005 0.010 0.068 0.767 
 348 W _   0.007 0.114 0.001 0.015 0.004 0.009 0.070 0.781 
 349 S _   0.007 0.103 0.000 0.012 0.003 0.008 0.071 0.796 
 350 S _   0.006 0.093 0.000 0.010 0.003 0.007 0.072 0.809 
 351 P _   0.005 0.085 0.000 0.008 0.002 0.007 0.073 0.819 
 352 Q _   0.005 0.080 0.000 0.007 0.002 0.007 0.073 0.826 
 353 N _   0.004 0.078 0.000 0.007 0.002 0.006 0.073 0.829 
 354 T _   0.004 0.077 0.000 0.007 0.002 0.007 0.073 0.830 
 355 G _   0.004 0.079 0.000 0.007 0.002 0.007 0.072 0.828 
 356 G _   0.005 0.083 0.000 0.009 0.003 0.008 0.071 0.822 
 357 R _   0.005 0.090 0.000 0.011 0.003 0.009 0.069 0.813 
 358 Q _   0.005 0.100 0.001 0.014 0.004 0.010 0.067 0.799 
 359 D _   0.005 0.113 0.001 0.018 0.005 0.011 0.065 0.782 
 360 I _   0.005 0.127 0.001 0.023 0.006 0.012 0.063 0.763 
 361 S _   0.006 0.141 0.001 0.028 0.007 0.012 0.061 0.744 
 362 Y _   0.006 0.154 0.001 0.033 0.007 0.013 0.059 0.726 
 363 N _   0.006 0.165 0.001 0.037 0.008 0.013 0.058 0.712 
 364 V _   0.006 0.171 0.001 0.040 0.008 0.013 0.057 0.703 
 365 V _   0.007 0.174 0.001 0.042 0.008 0.013 0.057 0.698 
 366 C _   0.007 0.173 0.001 0.041 0.008 0.013 0.057 0.700 
 367 K _   0.007 0.169 0.001 0.038 0.008 0.012 0.058 0.708 
 368 K _   0.007 0.159 0.001 0.034 0.007 0.011 0.058 0.723 
 369 C _   0.007 0.146 0.001 0.027 0.006 0.010 0.060 0.744 
 370 G _   0.006 0.129 0.001 0.021 0.005 0.009 0.061 0.768 
 371 A _   0.006 0.112 0.001 0.015 0.004 0.008 0.062 0.792 
 372 G _   0.005 0.098 0.000 0.011 0.003 0.007 0.063 0.812 
 373 D _   0.005 0.088 0.000 0.008 0.002 0.007 0.063 0.827 
 374 P _   0.005 0.083 0.000 0.006 0.002 0.006 0.063 0.835 
 375 S _   0.005 0.081 0.000 0.005 0.002 0.006 0.063 0.838 
 376 K _   0.005 0.082 0.000 0.006 0.002 0.007 0.062 0.837 
 377 C _   0.005 0.086 0.000 0.008 0.002 0.008 0.061 0.831 
 378 R _   0.005 0.094 0.000 0.011 0.003 0.009 0.059 0.818 
 379 P _   0.005 0.106 0.001 0.015 0.004 0.010 0.057 0.801 
 380 C _   0.006 0.121 0.001 0.020 0.005 0.011 0.055 0.782 
 381 G _   0.006 0.135 0.001 0.024 0.006 0.012 0.053 0.764 
 382 S _   0.006 0.146 0.001 0.027 0.007 0.012 0.051 0.750 
 383 G _   0.006 0.154 0.001 0.029 0.007 0.012 0.050 0.743 
 384 V _   0.006 0.158 0.001 0.028 0.007 0.012 0.049 0.741 
 385 H _   0.005 0.159 0.001 0.025 0.006 0.012 0.048 0.744 
 386 Y _   0.005 0.158 0.001 0.022 0.006 0.011 0.047 0.751 
 387 T _   0.005 0.155 0.001 0.018 0.005 0.011 0.047 0.759 
 388 P _   0.005 0.152 0.001 0.014 0.004 0.011 0.047 0.766 
 389 Q _   0.005 0.150 0.000 0.012 0.004 0.011 0.046 0.771 
 390 Q _   0.006 0.149 0.000 0.010 0.004 0.011 0.046 0.774 
 391 N _   0.006 0.150 0.000 0.010 0.004 0.013 0.045 0.771 
 392 G _   0.007 0.155 0.001 0.010 0.005 0.014 0.045 0.764 
 393 L _   0.008 0.163 0.001 0.012 0.006 0.016 0.044 0.750 
 394 K _   0.010 0.176 0.001 0.015 0.008 0.019 0.043 0.730 
 395 T _   0.011 0.191 0.001 0.019 0.010 0.021 0.042 0.706 
 396 T _   0.012 0.208 0.001 0.023 0.012 0.023 0.040 0.680 
 397 K _   0.013 0.224 0.001 0.027 0.014 0.025 0.039 0.657 
 398 V _   0.014 0.236 0.001 0.030 0.015 0.026 0.039 0.639 
 399 S _   0.015 0.244 0.001 0.032 0.015 0.027 0.038 0.627 
 400 I _   0.016 0.247 0.001 0.032 0.016 0.028 0.038 0.622 
 401 T _   0.017 0.247 0.001 0.030 0.015 0.028 0.038 0.623 
 402 D _   0.018 0.243 0.001 0.026 0.014 0.028 0.039 0.630 
 403 L _   0.019 0.236 0.001 0.022 0.013 0.029 0.039 0.640 
 404 L _   0.020 0.227 0.001 0.018 0.012 0.029 0.040 0.652 
 405 A _   0.022 0.220 0.001 0.014 0.012 0.030 0.041 0.661 
 406 H _   0.023 0.214 0.001 0.012 0.012 0.031 0.041 0.666 
 407 T _   0.025 0.212 0.001 0.012 0.012 0.032 0.042 0.664 
 408 N _   0.027 0.215 0.001 0.014 0.014 0.033 0.042 0.655 
 409 Y _   0.029 0.222 0.001 0.018 0.016 0.034 0.042 0.638 
 410 T _   0.030 0.233 0.001 0.024 0.019 0.035 0.043 0.615 
 411 F _   0.030 0.246 0.002 0.032 0.021 0.034 0.043 0.591 
 412 E _   0.030 0.257 0.002 0.041 0.022 0.033 0.044 0.572 
 413 I _   0.029 0.263 0.002 0.047 0.022 0.031 0.046 0.561 
 414 W _   0.027 0.263 0.002 0.051 0.021 0.029 0.047 0.560 
 415 A _   0.025 0.257 0.002 0.052 0.019 0.026 0.050 0.570 
 416 V _   0.022 0.243 0.002 0.049 0.017 0.023 0.053 0.591 
 417 N _   0.020 0.217 0.002 0.044 0.014 0.020 0.057 0.626 
 418 G _   0.019 0.179 0.002 0.036 0.012 0.017 0.062 0.674 
 419 V _   0.017 0.130 0.001 0.027 0.009 0.015 0.068 0.734 
 420 S _   0.015 0.080 0.001 0.018 0.006 0.012 0.073 0.795 
 421 K _   0.012 0.042 0.001 0.011 0.004 0.010 0.077 0.845 
 422 Y _   0.009 0.020 0.000 0.006 0.002 0.007 0.079 0.876 
 423 N _   0.007 0.010 0.000 0.003 0.002 0.006 0.081 0.891 
 424 P _   0.005 0.006 0.000 0.002 0.001 0.006 0.081 0.898 
 425 N _   0.005 0.006 0.000 0.002 0.001 0.006 0.081 0.898 
 426 P _   0.006 0.006 0.000 0.003 0.002 0.008 0.081 0.894 
 427 D _   0.007 0.009 0.000 0.005 0.003 0.011 0.079 0.884 
 428 Q _   0.010 0.018 0.001 0.011 0.005 0.015 0.077 0.863 
 429 S _   0.011 0.035 0.001 0.021 0.008 0.020 0.074 0.829 
 430 V _   0.012 0.058 0.001 0.034 0.012 0.023 0.071 0.788 
 431 S _   0.013 0.079 0.001 0.047 0.015 0.026 0.068 0.751 
 432 V _   0.012 0.092 0.001 0.057 0.017 0.027 0.066 0.728 
 433 T _   0.012 0.098 0.001 0.062 0.017 0.027 0.064 0.718 
 434 V _   0.012 0.099 0.001 0.060 0.017 0.026 0.064 0.721 
 435 T _   0.011 0.095 0.001 0.053 0.015 0.025 0.063 0.735 
 436 T _   0.011 0.087 0.001 0.043 0.013 0.023 0.063 0.757 
 437 N _   0.011 0.074 0.001 0.031 0.011 0.022 0.064 0.786 
 438 Q _   0.012 0.058 0.001 0.021 0.009 0.021 0.065 0.814 
 439 A _   0.012 0.045 0.001 0.014 0.007 0.020 0.065 0.837 
 440 A _   0.012 0.036 0.001 0.009 0.006 0.020 0.066 0.850 
 441 P _   0.014 0.031 0.001 0.007 0.005 0.021 0.066 0.855 
 442 S _   0.016 0.029 0.001 0.007 0.006 0.023 0.066 0.853 
 443 S _   0.018 0.029 0.001 0.008 0.007 0.025 0.066 0.846 
 444 I _   0.021 0.031 0.001 0.011 0.008 0.027 0.066 0.835 
 445 A _   0.024 0.034 0.001 0.014 0.010 0.030 0.066 0.822 
 446 L _   0.027 0.036 0.001 0.017 0.012 0.032 0.065 0.811 
 447 V _   0.029 0.039 0.001 0.018 0.013 0.033 0.065 0.802 
 448 Q _   0.031 0.040 0.001 0.017 0.013 0.035 0.065 0.798 
 449 A _   0.033 0.041 0.001 0.016 0.014 0.036 0.065 0.795 
 450 K _   0.035 0.041 0.001 0.015 0.014 0.037 0.065 0.792 
 451 E _   0.037 0.042 0.001 0.014 0.015 0.038 0.065 0.788 
 452 V _   0.039 0.044 0.001 0.014 0.016 0.039 0.065 0.781 
 453 T _   0.042 0.048 0.001 0.016 0.018 0.039 0.065 0.771 
 454 R _   0.043 0.053 0.001 0.021 0.020 0.040 0.066 0.756 
 455 Y _   0.044 0.060 0.002 0.027 0.022 0.039 0.067 0.739 
 456 S _   0.045 0.067 0.002 0.035 0.023 0.038 0.068 0.724 
 457 V _   0.043 0.071 0.002 0.041 0.022 0.036 0.069 0.715 
 458 A _   0.041 0.072 0.002 0.045 0.021 0.032 0.072 0.716 
 459 L _   0.037 0.070 0.001 0.044 0.018 0.028 0.074 0.727 
 460 A _   0.032 0.064 0.001 0.039 0.015 0.024 0.077 0.748 
 461 W _   0.027 0.053 0.001 0.030 0.011 0.020 0.080 0.778 
 462 L _   0.022 0.038 0.001 0.021 0.008 0.015 0.083 0.811 
 463 E _   0.017 0.023 0.001 0.013 0.005 0.012 0.086 0.843 
 464 P _   0.013 0.013 0.000 0.007 0.003 0.009 0.088 0.868 
 465 D _   0.009 0.007 0.000 0.004 0.002 0.007 0.089 0.882 
 466 R _   0.007 0.005 0.000 0.002 0.001 0.006 0.089 0.888 
 467 P _   0.006 0.005 0.000 0.002 0.001 0.007 0.089 0.889 
 468 N _   0.007 0.006 0.000 0.004 0.002 0.008 0.088 0.886 
 469 G _   0.008 0.009 0.000 0.007 0.003 0.010 0.087 0.876 
 470 V _   0.009 0.017 0.001 0.014 0.005 0.013 0.085 0.856 
 471 I _   0.010 0.031 0.001 0.025 0.007 0.015 0.083 0.828 
 472 L _   0.011 0.046 0.001 0.036 0.010 0.017 0.081 0.799 
 473 E _   0.010 0.056 0.001 0.046 0.011 0.018 0.079 0.778 
 474 Y _   0.010 0.062 0.001 0.051 0.011 0.018 0.078 0.769 
 475 E _   0.009 0.064 0.001 0.051 0.011 0.017 0.077 0.770 
 476 V _   0.009 0.062 0.001 0.046 0.010 0.015 0.077 0.780 
 477 K _   0.008 0.057 0.001 0.037 0.008 0.014 0.078 0.797 
 478 Y _   0.007 0.048 0.001 0.027 0.006 0.012 0.078 0.820 
 479 Y _   0.007 0.038 0.001 0.018 0.004 0.010 0.079 0.843 
 480 E _   0.006 0.029 0.000 0.011 0.003 0.009 0.080 0.862 
 481 K _   0.006 0.023 0.000 0.007 0.002 0.008 0.080 0.874 
 482 D _   0.005 0.020 0.000 0.004 0.002 0.008 0.080 0.881 
 483 Q _   0.006 0.019 0.000 0.004 0.002 0.008 0.079 0.883 
 484 N _   0.006 0.020 0.000 0.004 0.002 0.010 0.078 0.879 
 485 E _   0.008 0.025 0.000 0.007 0.003 0.012 0.076 0.869 
 486 R _   0.010 0.035 0.001 0.011 0.005 0.015 0.073 0.849 
 487 S _   0.012 0.054 0.001 0.019 0.008 0.019 0.070 0.817 
 488 Y _   0.013 0.083 0.001 0.029 0.012 0.022 0.066 0.774 
 489 R _   0.014 0.111 0.001 0.041 0.015 0.024 0.062 0.732 
 490 I _   0.014 0.134 0.001 0.051 0.017 0.025 0.059 0.699 
 491 V _   0.014 0.147 0.001 0.058 0.017 0.025 0.057 0.680 
 492 R _   0.014 0.153 0.001 0.060 0.017 0.024 0.056 0.675 
 493 T _   0.013 0.153 0.001 0.057 0.016 0.022 0.055 0.681 
 494 A _   0.012 0.148 0.001 0.051 0.014 0.020 0.055 0.698 
 495 A _   0.011 0.136 0.001 0.041 0.012 0.018 0.055 0.725 
 496 R _   0.011 0.118 0.001 0.030 0.009 0.016 0.056 0.759 
 497 N _   0.010 0.098 0.001 0.021 0.007 0.014 0.056 0.793 
 498 T _   0.009 0.080 0.001 0.013 0.005 0.012 0.056 0.823 
 499 D _   0.008 0.068 0.000 0.009 0.004 0.011 0.056 0.843 
 500 I _   0.008 0.061 0.000 0.006 0.003 0.011 0.056 0.854 
 501 K _   0.008 0.059 0.000 0.005 0.003 0.012 0.055 0.858 
 502 G _   0.009 0.060 0.000 0.005 0.003 0.013 0.054 0.856 
 503 L _   0.010 0.064 0.000 0.007 0.004 0.015 0.053 0.848 
 504 N _   0.012 0.073 0.001 0.009 0.006 0.018 0.051 0.832 
 505 P _   0.013 0.090 0.001 0.013 0.008 0.021 0.048 0.805 
 506 L _   0.015 0.116 0.001 0.019 0.011 0.024 0.045 0.769 
 507 T _   0.016 0.148 0.001 0.025 0.014 0.026 0.042 0.728 
 508 S _   0.017 0.181 0.002 0.030 0.016 0.028 0.038 0.688 
 509 Y _   0.017 0.213 0.002 0.036 0.019 0.029 0.035 0.649 
 510 V _   0.017 0.241 0.002 0.042 0.020 0.029 0.033 0.616 
 511 F _   0.017 0.261 0.002 0.047 0.021 0.029 0.031 0.593 
 512 H _   0.016 0.275 0.001 0.050 0.021 0.028 0.029 0.578 
 513 V _   0.016 0.282 0.001 0.053 0.020 0.027 0.028 0.572 
 514 R _   0.016 0.283 0.001 0.053 0.020 0.026 0.027 0.574 
 515 A _   0.015 0.279 0.001 0.051 0.018 0.024 0.027 0.585 
 516 R _   0.015 0.268 0.001 0.047 0.016 0.022 0.026 0.605 
 517 T _   0.014 0.248 0.001 0.041 0.014 0.020 0.027 0.635 
 518 A _   0.013 0.220 0.001 0.034 0.012 0.018 0.027 0.675 
 519 A _   0.012 0.185 0.001 0.027 0.010 0.016 0.027 0.721 
 520 G _   0.011 0.149 0.001 0.021 0.008 0.014 0.028 0.768 
 521 Y _   0.010 0.116 0.001 0.015 0.006 0.013 0.028 0.810 
 522 G _   0.009 0.092 0.001 0.011 0.005 0.012 0.028 0.842 
 523 D _   0.008 0.077 0.001 0.009 0.004 0.011 0.028 0.863 
 524 F _   0.007 0.067 0.000 0.008 0.003 0.011 0.028 0.875 
 525 S _   0.007 0.062 0.000 0.008 0.003 0.011 0.027 0.881 
 526 E _   0.007 0.059 0.000 0.009 0.004 0.011 0.026 0.883 
 527 P _   0.008 0.058 0.000 0.011 0.004 0.012 0.026 0.881 
 528 L _   0.008 0.058 0.001 0.014 0.005 0.013 0.025 0.877 
 529 E _   0.008 0.058 0.001 0.017 0.006 0.013 0.024 0.872 
 530 V _   0.008 0.058 0.001 0.021 0.007 0.014 0.022 0.869 
 531 T _   0.008 0.057 0.001 0.023 0.008 0.014 0.021 0.867 
 532 T _   0.009 0.055 0.001 0.024 0.008 0.015 0.020 0.868 
 533 N _   0.009 0.052 0.001 0.025 0.009 0.015 0.019 0.871 
 534 T _   0.009 0.048 0.001 0.024 0.009 0.014 0.019 0.877 
 535 V _   0.009 0.042 0.001 0.022 0.008 0.014 0.018 0.885 
 536 P _   0.010 0.034 0.001 0.020 0.008 0.014 0.018 0.895 
 537 S _   0.012 0.026 0.001 0.017 0.007 0.013 0.017 0.907 
 538 R _   0.014 0.018 0.001 0.013 0.006 0.012 0.017 0.918 
 539 I _   0.018 0.011 0.001 0.010 0.005 0.012 0.016 0.928 
 540 I _   0.023 0.006 0.001 0.007 0.005 0.011 0.016 0.932 
 541 G _   0.033 0.002 0.001 0.005 0.004 0.010 0.015 0.930 
 542 D _   0.048 0.001 0.000 0.003 0.004 0.010 0.014 0.920 
 543 G _   0.071 0.000 0.001 0.002 0.004 0.010 0.013 0.900 
 544 A _   0.106 0.000 0.001 0.002 0.005 0.010 0.011 0.865 
 545 N _   0.156 0.000 0.001 0.001 0.005 0.011 0.010 0.816 
 546 S _   0.217 0.000 0.001 0.001 0.006 0.011 0.009 0.756 
 547 T _   0.285 0.000 0.001 0.001 0.007 0.011 0.008 0.688 
 548 V _   0.358 0.000 0.001 0.001 0.007 0.010 0.007 0.617 
 549 L _   0.432 0.000 0.001 0.001 0.007 0.009 0.006 0.545 
 550 L H   0.505 0.000 0.001 0.000 0.007 0.008 0.005 0.474 
 551 V H   0.574 0.000 0.001 0.000 0.006 0.007 0.005 0.407 
 552 S H   0.643 0.000 0.001 0.000 0.006 0.006 0.005 0.339 
 553 V H   0.713 0.000 0.001 0.000 0.006 0.005 0.004 0.272 
 554 S H   0.775 0.000 0.001 0.000 0.006 0.004 0.004 0.210 
 555 G H   0.833 0.000 0.001 0.000 0.006 0.004 0.003 0.154 
 556 S H   0.880 0.000 0.001 0.000 0.006 0.003 0.003 0.108 
 557 V H   0.913 0.000 0.001 0.000 0.006 0.003 0.003 0.075 
 558 V H   0.934 0.000 0.001 0.000 0.006 0.003 0.002 0.054 
 559 L H   0.945 0.000 0.001 0.000 0.007 0.002 0.002 0.042 
 560 V H   0.951 0.000 0.001 0.000 0.007 0.002 0.002 0.036 
 561 V H   0.951 0.000 0.001 0.000 0.008 0.002 0.002 0.035 
 562 I H   0.947 0.000 0.001 0.000 0.009 0.003 0.003 0.038 
 563 L H   0.936 0.000 0.001 0.000 0.010 0.003 0.003 0.046 
 564 I H   0.919 0.000 0.001 0.000 0.011 0.003 0.004 0.062 
 565 A H   0.892 0.000 0.001 0.000 0.013 0.004 0.005 0.086 
 566 A H   0.850 0.000 0.001 0.001 0.014 0.005 0.007 0.123 
 567 F H   0.789 0.000 0.001 0.001 0.014 0.006 0.011 0.178 
 568 V H   0.707 0.000 0.001 0.001 0.014 0.007 0.017 0.253 
 569 I H   0.607 0.000 0.001 0.002 0.012 0.008 0.027 0.343 
 570 S H   0.495 0.000 0.001 0.002 0.010 0.008 0.040 0.443 
 571 R _   0.382 0.000 0.001 0.002 0.008 0.008 0.056 0.542 
 572 R _   0.277 0.000 0.001 0.003 0.006 0.008 0.073 0.633 
 573 R _   0.190 0.000 0.001 0.003 0.004 0.007 0.088 0.706 
 574 S _   0.124 0.000 0.001 0.003 0.003 0.007 0.101 0.761 
 575 K _   0.078 0.000 0.000 0.004 0.003 0.006 0.111 0.799 
 576 Y _   0.048 0.000 0.000 0.004 0.002 0.006 0.119 0.822 
 577 S _   0.030 0.000 0.000 0.004 0.002 0.005 0.124 0.835 
 578 K _   0.019 0.000 0.000 0.004 0.001 0.005 0.128 0.841 
 579 A _   0.013 0.001 0.000 0.004 0.001 0.005 0.131 0.845 
 580 K _   0.009 0.001 0.000 0.004 0.001 0.005 0.133 0.847 
 581 Q _   0.007 0.002 0.000 0.004 0.001 0.005 0.133 0.848 
 582 E _   0.005 0.003 0.000 0.005 0.001 0.005 0.133 0.848 
 583 A _   0.004 0.004 0.000 0.005 0.001 0.005 0.132 0.848 
 584 D _   0.004 0.006 0.000 0.006 0.002 0.006 0.130 0.847 
 585 E _   0.004 0.009 0.000 0.007 0.002 0.007 0.128 0.843 
 586 E _   0.004 0.015 0.000 0.009 0.002 0.008 0.125 0.837 
 587 K _   0.005 0.023 0.000 0.012 0.003 0.010 0.121 0.827 
 588 H _   0.005 0.034 0.001 0.017 0.004 0.012 0.117 0.810 
 589 L _   0.006 0.050 0.001 0.023 0.006 0.014 0.112 0.789 
 590 N _   0.007 0.067 0.001 0.031 0.008 0.015 0.107 0.764 
 591 Q _   0.007 0.082 0.001 0.039 0.009 0.017 0.103 0.742 
 592 G _   0.008 0.093 0.001 0.045 0.010 0.018 0.100 0.724 
 593 V _   0.008 0.100 0.001 0.050 0.011 0.018 0.098 0.713 
 594 R _   0.009 0.103 0.001 0.052 0.011 0.018 0.096 0.710 
 595 T _   0.009 0.102 0.001 0.050 0.011 0.017 0.095 0.715 
 596 Y _   0.009 0.097 0.001 0.045 0.010 0.016 0.095 0.727 
 597 V _   0.009 0.088 0.001 0.038 0.009 0.014 0.096 0.746 
 598 D _   0.008 0.074 0.001 0.030 0.007 0.013 0.097 0.770 
 599 P _   0.008 0.057 0.001 0.022 0.006 0.011 0.097 0.798 
 600 F _   0.008 0.041 0.001 0.015 0.004 0.009 0.098 0.825 
 601 T _   0.007 0.028 0.000 0.009 0.003 0.008 0.099 0.846 
 602 Y _   0.006 0.020 0.000 0.006 0.002 0.007 0.099 0.860 
 603 E _   0.005 0.015 0.000 0.005 0.002 0.007 0.098 0.869 
 604 D _   0.005 0.013 0.000 0.004 0.002 0.007 0.097 0.873 
 605 P _   0.005 0.013 0.000 0.004 0.002 0.007 0.095 0.873 
 606 N _   0.006 0.014 0.000 0.006 0.002 0.009 0.093 0.871 
 607 Q _   0.007 0.017 0.000 0.009 0.003 0.011 0.090 0.864 
 608 A _   0.007 0.022 0.001 0.013 0.005 0.013 0.086 0.853 
 609 V _   0.008 0.028 0.001 0.019 0.006 0.015 0.083 0.841 
 610 R _   0.009 0.033 0.001 0.024 0.008 0.016 0.079 0.830 
 611 E _   0.009 0.038 0.001 0.028 0.009 0.018 0.076 0.823 
 612 F _   0.009 0.040 0.001 0.030 0.010 0.018 0.073 0.820 
 613 A _   0.009 0.041 0.001 0.029 0.010 0.019 0.070 0.820 
 614 K _   0.010 0.040 0.001 0.027 0.010 0.019 0.068 0.825 
 615 E _   0.011 0.039 0.001 0.024 0.009 0.019 0.066 0.832 
 616 I _   0.012 0.036 0.001 0.020 0.009 0.018 0.065 0.840 
 617 D _   0.013 0.032 0.001 0.017 0.008 0.018 0.064 0.847 
 618 A _   0.014 0.029 0.001 0.014 0.008 0.019 0.063 0.854 
 619 S _   0.015 0.026 0.001 0.012 0.007 0.019 0.062 0.859 
 620 C _   0.017 0.023 0.001 0.011 0.007 0.019 0.061 0.862 
 621 I _   0.018 0.022 0.001 0.010 0.007 0.020 0.060 0.862 
 622 K _   0.020 0.021 0.001 0.010 0.007 0.021 0.059 0.861 
 623 I _   0.022 0.021 0.001 0.010 0.008 0.022 0.058 0.859 
 624 E _   0.024 0.021 0.001 0.010 0.009 0.023 0.057 0.855 
 625 K _   0.026 0.022 0.001 0.011 0.010 0.025 0.056 0.849 
 626 V _   0.028 0.024 0.001 0.012 0.011 0.026 0.055 0.843 
 627 I _   0.029 0.026 0.001 0.014 0.012 0.027 0.054 0.837 
 628 G _   0.030 0.029 0.001 0.017 0.013 0.027 0.054 0.830 
 629 V _   0.030 0.032 0.001 0.020 0.014 0.027 0.053 0.823 
 630 G _   0.030 0.034 0.001 0.022 0.015 0.027 0.052 0.818 
 631 E _   0.028 0.036 0.001 0.024 0.015 0.026 0.052 0.818 
 632 F _   0.027 0.036 0.001 0.024 0.014 0.025 0.052 0.822 
 633 G _   0.024 0.036 0.001 0.023 0.012 0.023 0.052 0.829 
 634 E _   0.021 0.034 0.001 0.020 0.010 0.021 0.053 0.840 
 635 V _   0.018 0.031 0.001 0.017 0.009 0.019 0.053 0.852 
 636 C _   0.016 0.028 0.001 0.014 0.007 0.017 0.053 0.864 
 637 S _   0.014 0.025 0.001 0.011 0.006 0.016 0.053 0.875 
 638 G _   0.012 0.022 0.001 0.009 0.005 0.015 0.053 0.884 
 639 R _   0.012 0.021 0.000 0.007 0.004 0.014 0.053 0.889 
 640 L _   0.011 0.021 0.000 0.006 0.004 0.014 0.053 0.891 
 641 K _   0.012 0.022 0.000 0.006 0.004 0.016 0.052 0.889 
 642 V _   0.013 0.025 0.001 0.006 0.004 0.018 0.051 0.882 
 643 P _   0.015 0.032 0.001 0.008 0.006 0.021 0.050 0.868 
 644 G _   0.018 0.045 0.001 0.011 0.009 0.024 0.048 0.844 
 645 K _   0.021 0.069 0.001 0.016 0.013 0.028 0.046 0.804 
 646 R _   0.024 0.107 0.002 0.023 0.018 0.032 0.043 0.749 
 647 E _   0.026 0.158 0.002 0.033 0.023 0.035 0.041 0.682 
 648 I _   0.026 0.211 0.002 0.042 0.027 0.036 0.038 0.617 
 649 C _   0.025 0.253 0.002 0.051 0.028 0.036 0.036 0.568 
 650 V _   0.025 0.283 0.002 0.059 0.028 0.035 0.035 0.534 
 651 A _   0.024 0.299 0.002 0.064 0.027 0.033 0.035 0.516 
 652 I _   0.024 0.307 0.002 0.065 0.025 0.031 0.035 0.512 
 653 K _   0.023 0.306 0.002 0.063 0.023 0.028 0.035 0.521 
 654 T _   0.021 0.296 0.002 0.058 0.020 0.026 0.036 0.542 
 655 L _   0.019 0.275 0.002 0.050 0.017 0.023 0.038 0.577 
 656 K _   0.017 0.241 0.002 0.041 0.014 0.020 0.039 0.626 
 657 A _   0.016 0.195 0.001 0.031 0.011 0.017 0.042 0.687 
 658 G _   0.014 0.145 0.001 0.022 0.008 0.015 0.044 0.750 
 659 Y _   0.012 0.102 0.001 0.015 0.006 0.013 0.046 0.804 
 660 T _   0.010 0.073 0.001 0.010 0.004 0.011 0.048 0.843 
 661 D _   0.009 0.057 0.000 0.007 0.003 0.010 0.048 0.866 
 662 K _   0.008 0.049 0.000 0.005 0.002 0.010 0.049 0.878 
 663 Q _   0.007 0.046 0.000 0.004 0.002 0.010 0.048 0.882 
