#TopoPred_TM8: 8-state transmembrane topology prediction results by no_profile mode 
#probabilities are in the order of H E C I L F X _, the 8 transmembrane topology types used in PDBTM 
   1 M X   0.011 0.001 0.003 0.073 0.011 0.012 0.774 0.115 
   2 T X   0.006 0.001 0.000 0.052 0.003 0.007 0.802 0.130 
   3 V X   0.003 0.000 0.000 0.035 0.001 0.005 0.811 0.143 
   4 F X   0.003 0.000 0.000 0.025 0.001 0.005 0.812 0.154 
   5 R X   0.003 0.000 0.000 0.018 0.001 0.005 0.809 0.163 
   6 Q X   0.003 0.000 0.000 0.012 0.001 0.005 0.804 0.174 
   7 E X   0.003 0.000 0.000 0.008 0.001 0.004 0.798 0.184 
   8 N X   0.003 0.000 0.000 0.005 0.001 0.004 0.791 0.195 
   9 V X   0.003 0.001 0.000 0.004 0.001 0.003 0.783 0.205 
  10 D X   0.002 0.001 0.000 0.003 0.001 0.003 0.773 0.217 
  11 D X   0.002 0.001 0.000 0.003 0.001 0.003 0.761 0.228 
  12 Y X   0.002 0.002 0.000 0.003 0.001 0.004 0.746 0.241 
  13 Y X   0.002 0.004 0.000 0.004 0.001 0.005 0.728 0.255 
  14 D X   0.003 0.007 0.000 0.006 0.002 0.006 0.705 0.270 
  15 T X   0.003 0.015 0.001 0.010 0.003 0.008 0.676 0.284 
  16 G X   0.004 0.029 0.001 0.015 0.005 0.011 0.639 0.296 
  17 E X   0.005 0.054 0.001 0.022 0.008 0.014 0.593 0.303 
  18 E X   0.005 0.091 0.002 0.030 0.011 0.017 0.541 0.303 
  19 L X   0.006 0.139 0.002 0.040 0.013 0.019 0.485 0.296 
  20 G X   0.006 0.188 0.002 0.048 0.015 0.020 0.434 0.288 
  21 S X   0.006 0.230 0.002 0.053 0.016 0.021 0.391 0.281 
  22 G X   0.006 0.263 0.002 0.057 0.016 0.020 0.359 0.278 
  23 Q X   0.006 0.285 0.001 0.058 0.015 0.020 0.335 0.280 
  24 F X   0.006 0.298 0.001 0.056 0.014 0.019 0.316 0.289 
  25 A E   0.006 0.304 0.001 0.052 0.013 0.018 0.303 0.303 
  26 V _   0.006 0.305 0.001 0.046 0.011 0.017 0.292 0.322 
  27 V _   0.006 0.301 0.001 0.038 0.010 0.016 0.282 0.345 
  28 K _   0.006 0.293 0.001 0.030 0.008 0.015 0.275 0.372 
  29 K _   0.006 0.281 0.001 0.023 0.007 0.014 0.268 0.399 
  30 C _   0.007 0.269 0.001 0.017 0.006 0.013 0.262 0.425 
  31 R _   0.007 0.259 0.001 0.013 0.005 0.013 0.257 0.447 
  32 E _   0.007 0.253 0.001 0.011 0.004 0.013 0.251 0.462 
  33 K _   0.007 0.250 0.000 0.010 0.004 0.013 0.245 0.471 
  34 S _   0.007 0.250 0.001 0.011 0.005 0.014 0.238 0.475 
  35 T _   0.008 0.253 0.001 0.013 0.006 0.014 0.231 0.474 
  36 G _   0.008 0.259 0.001 0.016 0.007 0.015 0.224 0.470 
  37 L _   0.009 0.266 0.001 0.021 0.008 0.015 0.217 0.463 
  38 Q _   0.009 0.272 0.001 0.025 0.009 0.016 0.210 0.459 
  39 Y _   0.009 0.274 0.001 0.029 0.009 0.016 0.205 0.457 
  40 A _   0.009 0.274 0.001 0.031 0.010 0.015 0.200 0.460 
  41 A _   0.009 0.269 0.001 0.032 0.010 0.015 0.197 0.468 
  42 K _   0.009 0.259 0.001 0.031 0.009 0.014 0.194 0.483 
  43 F _   0.009 0.242 0.001 0.029 0.009 0.013 0.192 0.505 
  44 I _   0.009 0.217 0.001 0.026 0.008 0.012 0.191 0.535 
  45 K _   0.009 0.186 0.001 0.022 0.007 0.012 0.191 0.572 
  46 K _   0.009 0.152 0.001 0.019 0.006 0.011 0.191 0.612 
  47 R _   0.009 0.120 0.001 0.015 0.005 0.010 0.191 0.650 
  48 R _   0.008 0.093 0.001 0.012 0.004 0.009 0.191 0.682 
  49 T _   0.007 0.073 0.001 0.010 0.003 0.009 0.190 0.707 
  50 K _   0.006 0.060 0.000 0.008 0.003 0.008 0.189 0.725 
  51 S _   0.006 0.051 0.000 0.007 0.003 0.008 0.187 0.739 
  52 S _   0.005 0.045 0.000 0.006 0.002 0.007 0.185 0.748 
  53 R _   0.005 0.042 0.000 0.006 0.002 0.007 0.183 0.754 
  54 R _   0.005 0.041 0.000 0.007 0.002 0.008 0.180 0.758 
  55 G _   0.005 0.040 0.000 0.007 0.003 0.008 0.176 0.760 
  56 V _   0.006 0.041 0.000 0.008 0.003 0.009 0.172 0.760 
  57 S _   0.006 0.042 0.000 0.009 0.004 0.011 0.168 0.759 
  58 R _   0.007 0.045 0.001 0.011 0.004 0.012 0.164 0.756 
  59 E _   0.008 0.049 0.001 0.013 0.005 0.014 0.159 0.750 
  60 D _   0.009 0.053 0.001 0.016 0.007 0.016 0.155 0.744 
  61 I _   0.010 0.058 0.001 0.019 0.008 0.018 0.150 0.735 
  62 E _   0.011 0.063 0.001 0.022 0.010 0.020 0.146 0.726 
  63 R _   0.013 0.067 0.001 0.025 0.011 0.022 0.142 0.718 
  64 E _   0.014 0.070 0.001 0.028 0.013 0.023 0.139 0.711 
  65 V _   0.015 0.072 0.001 0.030 0.014 0.024 0.136 0.708 
  66 S _   0.016 0.073 0.001 0.031 0.014 0.024 0.134 0.707 
  67 I _   0.017 0.071 0.001 0.030 0.014 0.024 0.132 0.711 
  68 L _   0.017 0.068 0.001 0.028 0.013 0.024 0.130 0.718 
  69 K _   0.018 0.062 0.001 0.025 0.012 0.023 0.130 0.729 
  70 E _   0.018 0.055 0.001 0.022 0.011 0.022 0.129 0.742 
  71 I _   0.017 0.048 0.001 0.018 0.010 0.021 0.129 0.757 
  72 Q _   0.017 0.040 0.001 0.015 0.009 0.020 0.128 0.771 
  73 H _   0.016 0.033 0.001 0.013 0.008 0.019 0.128 0.782 
  74 P _   0.015 0.028 0.001 0.012 0.007 0.018 0.128 0.790 
  75 N _   0.016 0.025 0.001 0.012 0.007 0.017 0.128 0.794 
  76 V _   0.016 0.022 0.001 0.013 0.007 0.017 0.128 0.797 
  77 I _   0.015 0.019 0.001 0.013 0.007 0.016 0.128 0.800 
  78 T _   0.015 0.016 0.001 0.013 0.007 0.016 0.128 0.804 
  79 L _   0.014 0.013 0.001 0.013 0.006 0.015 0.128 0.810 
  80 H _   0.014 0.010 0.001 0.011 0.006 0.015 0.128 0.816 
  81 E _   0.014 0.007 0.001 0.009 0.005 0.014 0.127 0.824 
  82 V _   0.014 0.004 0.001 0.007 0.004 0.014 0.127 0.830 
  83 Y _   0.015 0.002 0.000 0.005 0.003 0.014 0.126 0.834 
  84 E _   0.018 0.001 0.000 0.003 0.003 0.015 0.125 0.834 
  85 N _   0.024 0.001 0.000 0.003 0.003 0.018 0.124 0.827 
  86 K _   0.033 0.001 0.000 0.003 0.005 0.022 0.122 0.814 
  87 T _   0.048 0.001 0.001 0.003 0.007 0.028 0.120 0.792 
  88 D _   0.066 0.002 0.001 0.005 0.012 0.036 0.118 0.760 
  89 V _   0.088 0.006 0.001 0.008 0.020 0.046 0.115 0.717 
  90 I _   0.110 0.015 0.002 0.012 0.029 0.054 0.113 0.665 
  91 L _   0.129 0.028 0.002 0.019 0.039 0.061 0.110 0.610 
  92 I _   0.143 0.043 0.003 0.027 0.048 0.065 0.109 0.563 
  93 L _   0.152 0.055 0.003 0.033 0.053 0.067 0.108 0.530 
  94 E _   0.155 0.064 0.003 0.038 0.055 0.066 0.108 0.513 
  95 L _   0.153 0.068 0.003 0.040 0.054 0.064 0.109 0.511 
  96 V _   0.147 0.069 0.003 0.040 0.050 0.060 0.110 0.523 
  97 A _   0.136 0.067 0.002 0.038 0.044 0.054 0.113 0.546 
  98 G _   0.123 0.062 0.002 0.034 0.037 0.049 0.116 0.578 
  99 G _   0.108 0.055 0.002 0.029 0.029 0.042 0.120 0.615 
 100 E _   0.092 0.046 0.002 0.025 0.021 0.036 0.124 0.655 
 101 L _   0.075 0.036 0.001 0.020 0.015 0.030 0.128 0.694 
 102 F _   0.059 0.026 0.001 0.016 0.011 0.024 0.132 0.731 
 103 D _   0.045 0.018 0.001 0.012 0.007 0.019 0.136 0.762 
 104 F _   0.033 0.011 0.001 0.009 0.005 0.015 0.138 0.788 
 105 L _   0.024 0.006 0.000 0.007 0.003 0.012 0.140 0.808 
 106 A _   0.017 0.003 0.000 0.005 0.002 0.009 0.141 0.822 
 107 E _   0.013 0.002 0.000 0.003 0.002 0.008 0.141 0.831 
 108 K _   0.010 0.001 0.000 0.003 0.002 0.007 0.141 0.837 
 109 E _   0.008 0.001 0.000 0.002 0.001 0.007 0.140 0.840 
 110 S _   0.008 0.000 0.000 0.002 0.002 0.007 0.138 0.842 
 111 L _   0.008 0.001 0.000 0.003 0.002 0.009 0.137 0.842 
 112 T _   0.009 0.001 0.000 0.004 0.002 0.010 0.134 0.840 
 113 E _   0.010 0.001 0.000 0.005 0.003 0.013 0.131 0.836 
 114 E _   0.013 0.002 0.000 0.007 0.004 0.017 0.128 0.829 
 115 E _   0.016 0.003 0.001 0.009 0.006 0.021 0.124 0.820 
 116 A _   0.020 0.005 0.001 0.012 0.008 0.026 0.120 0.809 
 117 T _   0.024 0.007 0.001 0.014 0.011 0.030 0.116 0.797 
 118 E _   0.029 0.009 0.001 0.016 0.013 0.035 0.112 0.785 
 119 F _   0.035 0.010 0.001 0.017 0.016 0.039 0.108 0.774 
 120 L _   0.042 0.011 0.001 0.017 0.018 0.042 0.104 0.763 
 121 K _   0.050 0.012 0.001 0.017 0.021 0.046 0.101 0.752 
 122 Q _   0.057 0.013 0.001 0.016 0.022 0.048 0.098 0.743 
 123 I _   0.065 0.014 0.001 0.016 0.024 0.050 0.096 0.733 
 124 L _   0.072 0.015 0.001 0.015 0.025 0.051 0.094 0.726 
 125 N _   0.077 0.016 0.002 0.015 0.026 0.052 0.093 0.719 
 126 G _   0.082 0.017 0.002 0.016 0.027 0.052 0.091 0.714 
 127 V _   0.085 0.018 0.002 0.016 0.027 0.052 0.091 0.710 
 128 Y _   0.085 0.019 0.002 0.017 0.027 0.050 0.090 0.710 
 129 Y _   0.083 0.020 0.002 0.018 0.027 0.048 0.090 0.713 
 130 L _   0.079 0.020 0.002 0.020 0.026 0.046 0.090 0.718 
 131 H _   0.074 0.021 0.002 0.021 0.024 0.043 0.090 0.726 
 132 S _   0.068 0.020 0.001 0.022 0.021 0.039 0.091 0.738 
 133 L _   0.059 0.019 0.001 0.021 0.018 0.035 0.092 0.753 
 134 Q _   0.051 0.018 0.001 0.019 0.015 0.030 0.093 0.772 
 135 I _   0.043 0.016 0.001 0.017 0.012 0.026 0.094 0.791 
 136 A _   0.036 0.013 0.001 0.014 0.009 0.022 0.096 0.809 
 137 H _   0.029 0.011 0.001 0.011 0.007 0.019 0.096 0.825 
 138 F _   0.024 0.009 0.001 0.009 0.006 0.017 0.097 0.839 
 139 D _   0.020 0.007 0.001 0.008 0.005 0.015 0.098 0.848 
 140 L _   0.017 0.006 0.000 0.007 0.004 0.013 0.098 0.853 
 141 K _   0.015 0.006 0.000 0.008 0.004 0.013 0.098 0.855 
 142 P _   0.014 0.006 0.000 0.009 0.004 0.012 0.099 0.854 
 143 E _   0.014 0.007 0.001 0.011 0.005 0.012 0.099 0.852 
 144 N _   0.014 0.008 0.001 0.013 0.005 0.012 0.099 0.849 
 145 I _   0.013 0.008 0.001 0.015 0.005 0.012 0.099 0.847 
 146 M _   0.013 0.008 0.001 0.015 0.005 0.011 0.100 0.847 
 147 L _   0.012 0.008 0.001 0.015 0.005 0.010 0.100 0.850 
 148 L _   0.010 0.007 0.001 0.013 0.004 0.009 0.100 0.856 
 149 D _   0.009 0.006 0.000 0.010 0.003 0.008 0.100 0.863 
 150 R _   0.008 0.004 0.000 0.007 0.003 0.007 0.100 0.870 
 151 N _   0.007 0.003 0.000 0.005 0.002 0.006 0.099 0.877 
 152 V _   0.006 0.003 0.000 0.003 0.002 0.006 0.098 0.881 
 153 P _   0.006 0.003 0.000 0.003 0.002 0.006 0.097 0.884 
 154 K _   0.006 0.003 0.000 0.003 0.002 0.007 0.095 0.883 
 155 P _   0.007 0.005 0.000 0.004 0.002 0.009 0.093 0.878 
 156 R _   0.009 0.011 0.000 0.007 0.004 0.013 0.090 0.867 
 157 I _   0.011 0.024 0.001 0.013 0.007 0.016 0.085 0.843 
 158 K _   0.013 0.050 0.001 0.022 0.010 0.020 0.080 0.804 
 159 I _   0.013 0.082 0.001 0.035 0.014 0.023 0.074 0.758 
 160 I _   0.014 0.113 0.002 0.047 0.016 0.024 0.068 0.716 
 161 D _   0.013 0.135 0.002 0.057 0.018 0.025 0.063 0.687 
 162 F _   0.013 0.147 0.001 0.063 0.018 0.025 0.060 0.674 
 163 G _   0.012 0.152 0.001 0.064 0.018 0.024 0.057 0.672 
 164 L _   0.011 0.151 0.001 0.061 0.016 0.022 0.055 0.681 
 165 A _   0.011 0.145 0.001 0.054 0.014 0.020 0.054 0.701 
 166 H _   0.010 0.131 0.001 0.044 0.012 0.018 0.053 0.731 
 167 K _   0.009 0.112 0.001 0.033 0.009 0.015 0.053 0.767 
 168 I _   0.009 0.090 0.001 0.023 0.007 0.014 0.053 0.804 
 169 D _   0.008 0.069 0.001 0.016 0.005 0.012 0.052 0.836 
 170 F _   0.008 0.054 0.001 0.011 0.004 0.011 0.052 0.859 
 171 G _   0.007 0.044 0.000 0.008 0.003 0.011 0.051 0.875 
 172 N _   0.007 0.039 0.000 0.007 0.003 0.011 0.050 0.883 
 173 E _   0.008 0.037 0.000 0.007 0.003 0.011 0.049 0.885 
 174 F _   0.008 0.036 0.000 0.008 0.004 0.012 0.048 0.884 
 175 K _   0.009 0.037 0.001 0.009 0.004 0.013 0.046 0.880 
 176 N _   0.010 0.040 0.001 0.012 0.006 0.015 0.044 0.873 
 177 I _   0.011 0.043 0.001 0.015 0.007 0.016 0.042 0.864 
 178 F _   0.012 0.047 0.001 0.019 0.009 0.018 0.040 0.855 
 179 G _   0.013 0.050 0.001 0.023 0.010 0.019 0.038 0.846 
 180 T _   0.014 0.053 0.001 0.026 0.011 0.020 0.036 0.839 
 181 P _   0.014 0.055 0.001 0.028 0.012 0.021 0.035 0.834 
 182 E _   0.014 0.055 0.001 0.030 0.013 0.021 0.034 0.833 
 183 F _   0.014 0.054 0.001 0.030 0.013 0.020 0.033 0.836 
 184 V _   0.014 0.051 0.001 0.029 0.012 0.019 0.032 0.842 
 185 A _   0.014 0.047 0.001 0.027 0.011 0.018 0.031 0.851 
 186 P _   0.014 0.041 0.001 0.024 0.010 0.017 0.030 0.863 
 187 E _   0.014 0.034 0.001 0.021 0.008 0.016 0.030 0.877 
 188 I _   0.014 0.026 0.001 0.017 0.007 0.014 0.029 0.892 
 189 V _   0.014 0.019 0.001 0.014 0.006 0.013 0.029 0.906 
 190 N _   0.015 0.012 0.001 0.010 0.005 0.012 0.028 0.918 
 191 Y _   0.018 0.007 0.001 0.007 0.004 0.011 0.027 0.926 
 192 E _   0.022 0.003 0.000 0.005 0.003 0.010 0.026 0.929 
 193 P _   0.031 0.002 0.000 0.004 0.003 0.010 0.025 0.926 
 194 L _   0.045 0.001 0.000 0.003 0.003 0.010 0.023 0.915 
 195 G _   0.069 0.000 0.000 0.002 0.004 0.011 0.021 0.893 
 196 L _   0.107 0.000 0.001 0.002 0.004 0.012 0.019 0.855 
 197 E _   0.166 0.000 0.001 0.002 0.006 0.013 0.016 0.796 
 198 A _   0.248 0.000 0.001 0.002 0.008 0.015 0.014 0.713 
 199 D _   0.349 0.000 0.001 0.001 0.010 0.016 0.011 0.612 
 200 M _   0.464 0.000 0.001 0.001 0.013 0.017 0.008 0.496 
 201 W H   0.575 0.000 0.001 0.001 0.016 0.018 0.006 0.382 
 202 S H   0.673 0.000 0.001 0.001 0.018 0.017 0.005 0.284 
 203 I H   0.748 0.000 0.001 0.001 0.021 0.016 0.004 0.209 
 204 G H   0.801 0.000 0.001 0.001 0.022 0.015 0.004 0.157 
 205 V H   0.834 0.000 0.001 0.001 0.022 0.014 0.003 0.125 
 206 I H   0.850 0.000 0.001 0.001 0.023 0.013 0.003 0.109 
 207 T H   0.853 0.000 0.001 0.001 0.023 0.012 0.004 0.106 
 208 Y H   0.843 0.000 0.001 0.001 0.024 0.012 0.004 0.115 
 209 I H   0.817 0.000 0.002 0.001 0.024 0.012 0.006 0.139 
 210 L H   0.771 0.000 0.002 0.002 0.024 0.012 0.007 0.182 
 211 L H   0.698 0.000 0.002 0.002 0.022 0.013 0.010 0.252 
 212 S H   0.604 0.000 0.002 0.003 0.020 0.013 0.014 0.345 
 213 G H   0.494 0.000 0.002 0.003 0.016 0.013 0.019 0.453 
 214 A _   0.383 0.000 0.001 0.003 0.012 0.012 0.025 0.563 
 215 S _   0.279 0.000 0.001 0.003 0.009 0.012 0.031 0.666 
 216 P _   0.192 0.000 0.001 0.003 0.006 0.011 0.036 0.751 
 217 F _   0.126 0.000 0.001 0.003 0.005 0.010 0.041 0.815 
 218 L _   0.080 0.000 0.001 0.003 0.004 0.009 0.044 0.859 
 219 G _   0.051 0.000 0.000 0.003 0.003 0.009 0.047 0.886 
 220 D _   0.033 0.001 0.000 0.004 0.003 0.009 0.049 0.901 
 221 T _   0.023 0.001 0.000 0.004 0.003 0.009 0.051 0.908 
 222 K _   0.017 0.003 0.000 0.005 0.003 0.010 0.052 0.909 
 223 Q _   0.014 0.005 0.000 0.007 0.004 0.011 0.054 0.905 
 224 E _   0.012 0.010 0.001 0.010 0.004 0.012 0.055 0.897 
 225 T _   0.011 0.016 0.001 0.013 0.005 0.013 0.055 0.886 
 226 L _   0.011 0.023 0.001 0.017 0.007 0.014 0.056 0.872 
 227 A _   0.011 0.030 0.001 0.021 0.008 0.015 0.057 0.858 
 228 N _   0.011 0.037 0.001 0.025 0.008 0.015 0.058 0.845 
 229 V _   0.011 0.042 0.001 0.028 0.009 0.016 0.059 0.834 
 230 S _   0.011 0.045 0.001 0.030 0.010 0.016 0.061 0.826 
 231 A _   0.011 0.047 0.001 0.031 0.009 0.016 0.063 0.822 
 232 V _   0.011 0.047 0.001 0.030 0.009 0.015 0.066 0.822 
 233 N _   0.011 0.045 0.001 0.028 0.008 0.014 0.068 0.825 
 234 Y _   0.010 0.042 0.001 0.024 0.007 0.013 0.072 0.831 
 235 E _   0.010 0.037 0.001 0.019 0.006 0.012 0.075 0.840 
 236 F _   0.009 0.032 0.001 0.015 0.005 0.011 0.078 0.850 
 237 E _   0.008 0.028 0.000 0.011 0.004 0.010 0.081 0.859 
 238 D _   0.007 0.024 0.000 0.008 0.003 0.009 0.083 0.866 
 239 E _   0.006 0.022 0.000 0.006 0.002 0.008 0.085 0.869 
 240 Y _   0.006 0.021 0.000 0.005 0.002 0.008 0.087 0.871 
 241 F _   0.006 0.021 0.000 0.005 0.002 0.009 0.088 0.869 
 242 S _   0.007 0.023 0.000 0.006 0.003 0.010 0.089 0.863 
 243 N _   0.008 0.027 0.000 0.007 0.003 0.011 0.089 0.854 
 244 T _   0.009 0.034 0.001 0.010 0.005 0.014 0.090 0.838 
 245 S _   0.010 0.045 0.001 0.015 0.006 0.016 0.090 0.817 
 246 A _   0.011 0.061 0.001 0.021 0.009 0.018 0.090 0.789 
 247 L _   0.013 0.078 0.001 0.027 0.011 0.020 0.090 0.760 
 248 A _   0.014 0.093 0.001 0.035 0.013 0.022 0.091 0.731 
 249 K _   0.015 0.105 0.001 0.042 0.015 0.023 0.092 0.708 
 250 D _   0.015 0.112 0.001 0.047 0.015 0.023 0.093 0.692 
 251 F _   0.016 0.115 0.001 0.049 0.015 0.022 0.096 0.685 
 252 I _   0.016 0.115 0.001 0.048 0.014 0.021 0.099 0.685 
 253 R _   0.015 0.110 0.001 0.045 0.013 0.020 0.104 0.693 
 254 R _   0.015 0.100 0.001 0.038 0.011 0.018 0.109 0.709 
 255 L _   0.014 0.084 0.001 0.030 0.009 0.015 0.115 0.732 
 256 L _   0.013 0.065 0.001 0.022 0.007 0.013 0.120 0.759 
 257 V _   0.011 0.046 0.001 0.015 0.005 0.011 0.126 0.785 
 258 K _   0.010 0.031 0.000 0.010 0.004 0.010 0.131 0.805 
 259 D _   0.009 0.022 0.000 0.007 0.003 0.008 0.134 0.817 
 260 P _   0.008 0.017 0.000 0.005 0.002 0.008 0.137 0.823 
 261 K _   0.008 0.015 0.000 0.005 0.002 0.007 0.140 0.823 
 262 K _   0.008 0.014 0.000 0.006 0.002 0.008 0.141 0.821 
 263 R _   0.008 0.014 0.000 0.007 0.003 0.008 0.143 0.818 
 264 M _   0.008 0.014 0.000 0.009 0.003 0.009 0.144 0.813 
 265 T _   0.008 0.015 0.000 0.011 0.003 0.009 0.146 0.807 
 266 I _   0.008 0.016 0.000 0.013 0.004 0.009 0.147 0.802 
 267 Q _   0.008 0.017 0.000 0.014 0.004 0.009 0.148 0.800 
 268 D _   0.007 0.017 0.000 0.014 0.004 0.009 0.149 0.799 
 269 S _   0.007 0.017 0.000 0.013 0.004 0.008 0.151 0.800 
 270 L _   0.006 0.016 0.000 0.012 0.003 0.008 0.152 0.802 
 271 Q _   0.006 0.015 0.000 0.010 0.003 0.007 0.153 0.805 
 272 H _   0.006 0.014 0.000 0.008 0.002 0.007 0.155 0.808 
 273 P _   0.005 0.013 0.000 0.007 0.002 0.006 0.155 0.811 
 274 W _   0.005 0.013 0.000 0.006 0.002 0.006 0.156 0.812 
 275 I _   0.005 0.013 0.000 0.006 0.002 0.006 0.156 0.813 
 276 K _   0.004 0.014 0.000 0.005 0.002 0.006 0.155 0.813 
 277 P _   0.004 0.016 0.000 0.006 0.002 0.006 0.154 0.811 
 278 K _   0.005 0.019 0.000 0.007 0.002 0.007 0.153 0.807 
 279 D _   0.005 0.024 0.000 0.009 0.003 0.008 0.151 0.801 
 280 T _   0.005 0.031 0.000 0.011 0.003 0.009 0.149 0.792 
 281 Q _   0.005 0.041 0.001 0.014 0.004 0.010 0.146 0.779 
 282 Q _   0.006 0.052 0.001 0.017 0.005 0.011 0.143 0.765 
 283 A _   0.006 0.063 0.001 0.021 0.006 0.012 0.141 0.750 
 284 L _   0.006 0.074 0.001 0.024 0.007 0.013 0.139 0.737 
 285 S _   0.006 0.082 0.001 0.026 0.007 0.014 0.137 0.727 
 286 R _   0.007 0.088 0.001 0.028 0.008 0.014 0.135 0.719 
 287 K _   0.007 0.092 0.001 0.029 0.008 0.014 0.135 0.713 
 288 A _   0.007 0.095 0.001 0.030 0.008 0.015 0.134 0.710 
 289 S _   0.008 0.095 0.001 0.030 0.008 0.015 0.135 0.709 
 290 A _   0.008 0.094 0.001 0.029 0.008 0.015 0.135 0.710 
 291 V _   0.008 0.091 0.001 0.028 0.008 0.014 0.137 0.713 
 292 N _   0.009 0.086 0.001 0.026 0.008 0.014 0.138 0.718 
 293 M _   0.009 0.079 0.001 0.024 0.008 0.014 0.141 0.724 
 294 E _   0.010 0.071 0.001 0.022 0.007 0.014 0.143 0.732 
 295 K _   0.010 0.061 0.001 0.020 0.007 0.013 0.146 0.743 
 296 F _   0.010 0.049 0.001 0.017 0.006 0.013 0.150 0.755 
 297 K _   0.010 0.038 0.001 0.014 0.005 0.012 0.153 0.767 
 298 K _   0.009 0.027 0.001 0.012 0.005 0.012 0.156 0.779 
 299 F _   0.009 0.018 0.001 0.009 0.004 0.011 0.159 0.789 
 300 A _   0.010 0.011 0.000 0.007 0.003 0.011 0.161 0.796 
 301 A _   0.011 0.006 0.000 0.005 0.003 0.012 0.163 0.800 
 302 R _   0.013 0.004 0.000 0.004 0.003 0.013 0.164 0.800 
 303 K _   0.016 0.002 0.000 0.003 0.003 0.014 0.165 0.796 
 304 K _   0.021 0.002 0.000 0.003 0.003 0.018 0.165 0.788 
 305 W _   0.030 0.002 0.000 0.003 0.005 0.022 0.166 0.773 
 306 K _   0.043 0.002 0.001 0.004 0.007 0.029 0.166 0.749 
 307 Q _   0.059 0.004 0.001 0.006 0.012 0.037 0.165 0.716 
 308 S _   0.079 0.008 0.001 0.009 0.020 0.046 0.165 0.671 
 309 V _   0.098 0.017 0.002 0.014 0.030 0.054 0.165 0.620 
 310 R _   0.115 0.029 0.002 0.021 0.039 0.060 0.166 0.568 
 311 L _   0.127 0.041 0.002 0.028 0.045 0.064 0.167 0.526 
 312 I _   0.133 0.050 0.003 0.034 0.049 0.065 0.170 0.497 
 313 S _   0.135 0.055 0.003 0.037 0.050 0.063 0.173 0.484 
 314 L _   0.132 0.057 0.002 0.038 0.048 0.060 0.178 0.485 
 315 C _   0.125 0.056 0.002 0.036 0.043 0.056 0.184 0.499 
 316 Q _   0.114 0.052 0.002 0.031 0.037 0.050 0.191 0.523 
 317 R _   0.101 0.045 0.002 0.025 0.030 0.045 0.198 0.554 
 318 L _   0.087 0.037 0.002 0.020 0.023 0.039 0.206 0.587 
 319 S _   0.072 0.029 0.001 0.015 0.017 0.033 0.214 0.619 
 320 R _   0.058 0.023 0.001 0.012 0.012 0.028 0.222 0.644 
 321 S _   0.046 0.019 0.001 0.010 0.009 0.024 0.229 0.663 
 322 F _   0.036 0.016 0.001 0.010 0.007 0.021 0.235 0.674 
 323 L _   0.028 0.014 0.001 0.010 0.006 0.018 0.241 0.681 
 324 S _   0.023 0.013 0.001 0.011 0.005 0.016 0.246 0.685 
 325 R _   0.018 0.012 0.001 0.012 0.005 0.014 0.252 0.687 
 326 S _   0.015 0.011 0.001 0.013 0.005 0.012 0.257 0.687 
 327 N _   0.012 0.010 0.001 0.013 0.004 0.011 0.262 0.688 
 328 M _   0.010 0.009 0.000 0.012 0.004 0.009 0.267 0.689 
 329 S _   0.009 0.007 0.000 0.011 0.003 0.008 0.271 0.691 
 330 V _   0.007 0.005 0.000 0.009 0.003 0.007 0.276 0.693 
 331 A _   0.006 0.004 0.000 0.007 0.002 0.006 0.279 0.696 
 332 R _   0.005 0.002 0.000 0.005 0.002 0.005 0.282 0.699 
 333 S _   0.004 0.001 0.000 0.004 0.001 0.004 0.284 0.701 
 334 D _   0.004 0.001 0.000 0.002 0.001 0.004 0.285 0.702 
 335 D _   0.004 0.000 0.000 0.002 0.001 0.004 0.286 0.703 
 336 T _   0.004 0.000 0.000 0.002 0.001 0.005 0.285 0.702 
 337 L _   0.006 0.000 0.000 0.002 0.001 0.007 0.284 0.700 
 338 D _   0.010 0.001 0.000 0.002 0.002 0.011 0.281 0.692 
 339 E _   0.017 0.002 0.000 0.003 0.004 0.018 0.277 0.677 
 340 E _   0.029 0.007 0.001 0.006 0.009 0.028 0.272 0.648 
 341 D _   0.043 0.023 0.001 0.012 0.018 0.041 0.264 0.597 
 342 S _   0.058 0.056 0.002 0.023 0.033 0.053 0.255 0.521 
 343 F _   0.068 0.106 0.003 0.038 0.046 0.061 0.245 0.433 
 344 V _   0.074 0.154 0.003 0.053 0.054 0.064 0.238 0.359 
 345 M _   0.076 0.188 0.003 0.068 0.057 0.063 0.234 0.311 
 346 K _   0.075 0.204 0.003 0.078 0.056 0.061 0.233 0.290 
 347 A _   0.073 0.211 0.003 0.081 0.053 0.057 0.234 0.289 
 348 I _   0.070 0.208 0.003 0.077 0.048 0.051 0.237 0.306 
 349 I _   0.064 0.194 0.003 0.067 0.041 0.045 0.242 0.344 
 350 H _   0.056 0.165 0.003 0.052 0.032 0.038 0.249 0.405 
 351 A _   0.047 0.119 0.002 0.035 0.022 0.031 0.257 0.486 
 352 I _   0.038 0.068 0.002 0.020 0.014 0.025 0.265 0.568 
 353 N _   0.029 0.034 0.001 0.009 0.008 0.020 0.271 0.628 
 354 D _   0.021 0.019 0.000 0.004 0.004 0.017 0.275 0.659 
 355 D _   0.016 0.014 0.000 0.003 0.003 0.015 0.277 0.671 
 356 N _   0.014 0.014 0.000 0.003 0.003 0.016 0.278 0.673 
 357 V _   0.014 0.016 0.000 0.005 0.004 0.017 0.279 0.665 
 358 P _   0.015 0.023 0.001 0.009 0.006 0.019 0.279 0.648 
 359 G _   0.016 0.040 0.001 0.018 0.009 0.022 0.278 0.615 
 360 L _   0.016 0.065 0.001 0.031 0.012 0.023 0.277 0.574 
 361 Q _   0.015 0.089 0.001 0.043 0.014 0.024 0.277 0.537 
 362 H _   0.014 0.104 0.001 0.054 0.015 0.023 0.278 0.511 
 363 L _   0.013 0.112 0.001 0.059 0.015 0.022 0.280 0.497 
 364 L _   0.012 0.114 0.001 0.060 0.014 0.020 0.284 0.494 
 365 G _   0.011 0.111 0.001 0.056 0.013 0.018 0.290 0.500 
 366 S _   0.010 0.103 0.001 0.048 0.011 0.016 0.297 0.513 
 367 L _   0.010 0.089 0.001 0.038 0.009 0.014 0.307 0.533 
 368 S _   0.009 0.069 0.001 0.028 0.006 0.011 0.318 0.557 
 369 N _   0.008 0.048 0.001 0.019 0.005 0.009 0.328 0.582 
 370 Y _   0.007 0.029 0.000 0.012 0.003 0.007 0.338 0.603 
 371 D _   0.006 0.015 0.000 0.008 0.002 0.006 0.345 0.618 
 372 V _   0.005 0.008 0.000 0.005 0.001 0.005 0.349 0.627 
 373 N _   0.004 0.004 0.000 0.003 0.001 0.004 0.352 0.633 
 374 Q _   0.003 0.002 0.000 0.002 0.001 0.003 0.353 0.636 
 375 P _   0.003 0.001 0.000 0.002 0.001 0.003 0.352 0.638 
 376 N _   0.003 0.001 0.000 0.002 0.001 0.004 0.351 0.639 
 377 K _   0.003 0.001 0.000 0.002 0.001 0.006 0.348 0.639 
 378 H _   0.004 0.001 0.000 0.003 0.001 0.009 0.344 0.638 
 379 G _   0.007 0.001 0.000 0.004 0.002 0.013 0.338 0.634 
 380 T _   0.010 0.003 0.000 0.006 0.004 0.020 0.330 0.626 
 381 P _   0.016 0.006 0.001 0.010 0.007 0.029 0.321 0.611 
 382 P _   0.023 0.012 0.001 0.015 0.011 0.039 0.309 0.588 
 383 L _   0.033 0.018 0.001 0.020 0.018 0.050 0.297 0.562 
 384 L _   0.045 0.024 0.002 0.024 0.024 0.060 0.286 0.534 
 385 I _   0.059 0.030 0.002 0.026 0.032 0.069 0.275 0.507 
 386 A _   0.074 0.034 0.002 0.026 0.039 0.077 0.265 0.483 
 387 A _   0.089 0.036 0.002 0.025 0.046 0.083 0.256 0.462 
 388 G _   0.106 0.038 0.002 0.022 0.051 0.087 0.249 0.445 
 389 C _   0.122 0.039 0.002 0.019 0.055 0.089 0.243 0.429 
 390 G _   0.137 0.041 0.002 0.017 0.059 0.090 0.238 0.416 
 391 N _   0.150 0.043 0.002 0.017 0.061 0.089 0.235 0.404 
 392 I _   0.160 0.045 0.002 0.018 0.062 0.086 0.233 0.394 
 393 Q _   0.165 0.048 0.002 0.020 0.061 0.083 0.232 0.389 
 394 I _   0.166 0.051 0.002 0.023 0.058 0.077 0.233 0.390 
 395 L _   0.161 0.053 0.002 0.026 0.053 0.071 0.235 0.400 
 396 Q _   0.151 0.053 0.002 0.029 0.047 0.063 0.237 0.418 
 397 L _   0.136 0.052 0.002 0.030 0.040 0.056 0.241 0.444 
 398 L _   0.118 0.048 0.002 0.029 0.032 0.048 0.246 0.477 
 399 I _   0.098 0.042 0.002 0.027 0.024 0.039 0.252 0.516 
 400 K _   0.077 0.035 0.001 0.023 0.018 0.032 0.257 0.557 
 401 R _   0.059 0.027 0.001 0.018 0.012 0.025 0.263 0.594 
 402 G _   0.043 0.019 0.001 0.014 0.008 0.020 0.268 0.627 
 403 S _   0.031 0.013 0.001 0.010 0.005 0.015 0.273 0.653 
 404 R _   0.021 0.009 0.000 0.007 0.003 0.011 0.276 0.672 
 405 I _   0.014 0.006 0.000 0.005 0.002 0.009 0.278 0.685 
 406 D _   0.010 0.004 0.000 0.004 0.002 0.007 0.278 0.694 
 407 V _   0.007 0.004 0.000 0.003 0.001 0.006 0.278 0.700 
 408 Q _   0.006 0.004 0.000 0.002 0.001 0.006 0.277 0.704 
 409 D _   0.005 0.004 0.000 0.003 0.001 0.006 0.275 0.705 
 410 K _   0.005 0.006 0.000 0.003 0.002 0.007 0.272 0.703 
 411 G _   0.006 0.011 0.000 0.005 0.003 0.010 0.268 0.696 
 412 G _   0.008 0.025 0.001 0.009 0.005 0.013 0.262 0.678 
 413 S _   0.010 0.054 0.001 0.015 0.008 0.017 0.253 0.642 
 414 N _   0.011 0.105 0.002 0.024 0.012 0.021 0.242 0.583 
 415 A _   0.012 0.175 0.002 0.032 0.016 0.023 0.230 0.510 
 416 V _   0.012 0.243 0.002 0.039 0.017 0.024 0.219 0.444 
 417 Y _   0.011 0.295 0.002 0.044 0.017 0.024 0.211 0.397 
 418 W _   0.010 0.327 0.001 0.046 0.017 0.023 0.206 0.370 
 419 A _   0.010 0.345 0.001 0.045 0.016 0.023 0.203 0.357 
 420 A E   0.010 0.354 0.001 0.043 0.015 0.022 0.201 0.354 
 421 R _   0.010 0.357 0.001 0.040 0.014 0.021 0.200 0.357 
 422 H _   0.010 0.354 0.001 0.037 0.013 0.020 0.200 0.365 
 423 G _   0.010 0.348 0.001 0.033 0.012 0.019 0.201 0.376 
 424 H _   0.010 0.338 0.001 0.030 0.011 0.018 0.203 0.388 
 425 V _   0.010 0.326 0.001 0.028 0.011 0.018 0.205 0.400 
 426 D _   0.011 0.312 0.001 0.027 0.010 0.017 0.208 0.413 
 427 T _   0.011 0.296 0.001 0.027 0.009 0.016 0.212 0.428 
 428 L _   0.011 0.277 0.001 0.027 0.009 0.016 0.216 0.444 
 429 K _   0.011 0.254 0.001 0.027 0.009 0.015 0.221 0.464 
 430 F _   0.011 0.226 0.001 0.026 0.008 0.014 0.227 0.488 
 431 L _   0.011 0.194 0.001 0.024 0.007 0.013 0.233 0.517 
 432 S _   0.010 0.157 0.001 0.022 0.007 0.012 0.240 0.551 
 433 E _   0.010 0.119 0.001 0.019 0.006 0.011 0.247 0.587 
 434 N _   0.009 0.084 0.001 0.015 0.005 0.010 0.254 0.623 
 435 K _   0.008 0.054 0.001 0.011 0.003 0.008 0.260 0.654 
 436 C _   0.007 0.033 0.000 0.008 0.002 0.007 0.264 0.679 
 437 P _   0.006 0.020 0.000 0.005 0.002 0.006 0.266 0.695 
 438 L _   0.004 0.013 0.000 0.004 0.001 0.005 0.267 0.706 
 439 D _   0.004 0.010 0.000 0.003 0.001 0.005 0.266 0.712 
 440 V _   0.004 0.008 0.000 0.002 0.001 0.006 0.264 0.715 
 441 K _   0.004 0.008 0.000 0.002 0.001 0.007 0.261 0.715 
 442 D _   0.005 0.010 0.000 0.003 0.002 0.010 0.256 0.712 
 443 K _   0.008 0.016 0.000 0.006 0.004 0.016 0.250 0.700 
 444 S _   0.012 0.032 0.001 0.011 0.007 0.023 0.240 0.673 
 445 G _   0.016 0.068 0.001 0.021 0.013 0.032 0.227 0.622 
 446 E _   0.020 0.124 0.002 0.032 0.020 0.040 0.211 0.550 
 447 M _   0.022 0.185 0.002 0.044 0.026 0.045 0.197 0.479 
 448 A _   0.024 0.233 0.002 0.053 0.029 0.049 0.185 0.425 
 449 L _   0.026 0.263 0.002 0.058 0.031 0.051 0.176 0.394 
 450 H _   0.028 0.278 0.002 0.057 0.032 0.053 0.170 0.380 
 451 V _   0.031 0.284 0.002 0.053 0.032 0.054 0.165 0.378 
 452 A _   0.035 0.284 0.002 0.046 0.032 0.055 0.162 0.385 
 453 A _   0.039 0.277 0.002 0.037 0.031 0.055 0.160 0.399 
 454 R _   0.044 0.266 0.002 0.027 0.029 0.056 0.158 0.418 
 455 Y _   0.048 0.253 0.002 0.020 0.027 0.056 0.157 0.436 
 456 G _   0.052 0.244 0.001 0.015 0.025 0.057 0.157 0.448 
 457 H _   0.056 0.239 0.001 0.013 0.025 0.056 0.156 0.453 
 458 A _   0.058 0.239 0.001 0.014 0.025 0.056 0.156 0.451 
 459 D _   0.059 0.244 0.001 0.017 0.026 0.054 0.156 0.441 
 460 V _   0.060 0.253 0.002 0.023 0.027 0.051 0.156 0.428 
 461 A _   0.058 0.262 0.002 0.031 0.028 0.048 0.157 0.415 
 462 Q _   0.054 0.268 0.002 0.038 0.027 0.044 0.159 0.409 
 463 L _   0.049 0.269 0.002 0.044 0.025 0.039 0.161 0.411 
 464 L _   0.044 0.264 0.002 0.046 0.023 0.034 0.165 0.422 
 465 C _   0.038 0.250 0.002 0.045 0.020 0.029 0.170 0.446 
 466 S _   0.032 0.224 0.002 0.041 0.016 0.025 0.177 0.484 
 467 F _   0.027 0.183 0.002 0.034 0.013 0.020 0.185 0.536 
 468 G _   0.022 0.133 0.001 0.026 0.010 0.017 0.195 0.596 
 469 S _   0.018 0.085 0.001 0.018 0.007 0.013 0.204 0.654 
 470 N _   0.015 0.047 0.001 0.012 0.004 0.010 0.211 0.701 
 471 P _   0.011 0.023 0.000 0.007 0.003 0.008 0.217 0.732 
 472 N _   0.008 0.010 0.000 0.004 0.002 0.006 0.220 0.750 
 473 I _   0.006 0.005 0.000 0.003 0.001 0.005 0.222 0.759 
 474 Q _   0.005 0.003 0.000 0.002 0.001 0.005 0.222 0.763 
 475 D _   0.004 0.002 0.000 0.002 0.001 0.005 0.221 0.765 
 476 K _   0.004 0.002 0.000 0.002 0.001 0.007 0.219 0.764 
 477 E _   0.005 0.003 0.000 0.003 0.001 0.009 0.216 0.762 
 478 E _   0.007 0.005 0.000 0.005 0.002 0.014 0.212 0.756 
 479 E _   0.010 0.009 0.000 0.007 0.004 0.020 0.206 0.743 
 480 T _   0.013 0.019 0.001 0.012 0.007 0.028 0.198 0.722 
 481 P _   0.018 0.035 0.001 0.019 0.012 0.036 0.189 0.690 
 482 L _   0.023 0.055 0.001 0.026 0.018 0.045 0.178 0.653 
 483 H _   0.028 0.074 0.002 0.034 0.025 0.053 0.168 0.616 
 484 C _   0.033 0.090 0.002 0.039 0.031 0.060 0.159 0.585 
 485 A _   0.039 0.101 0.002 0.043 0.037 0.066 0.152 0.561 
 486 A _   0.046 0.108 0.002 0.043 0.041 0.069 0.145 0.546 
 487 W _   0.052 0.110 0.002 0.041 0.044 0.072 0.140 0.539 
 488 H _   0.060 0.110 0.002 0.037 0.045 0.073 0.135 0.539 
 489 G _   0.067 0.107 0.002 0.032 0.045 0.073 0.132 0.543 
 490 Y _   0.074 0.103 0.002 0.027 0.044 0.072 0.129 0.549 
 491 Y _   0.080 0.099 0.002 0.023 0.043 0.070 0.126 0.557 
 492 S _   0.085 0.094 0.002 0.020 0.041 0.068 0.125 0.565 
 493 V _   0.088 0.091 0.002 0.020 0.039 0.065 0.124 0.572 
 494 A _   0.090 0.089 0.002 0.020 0.036 0.062 0.123 0.578 
 495 K _   0.089 0.088 0.002 0.023 0.034 0.058 0.123 0.585 
 496 A _   0.085 0.086 0.002 0.025 0.032 0.053 0.123 0.594 
 497 L _   0.079 0.083 0.002 0.028 0.029 0.048 0.125 0.608 
 498 C _   0.071 0.079 0.002 0.029 0.025 0.042 0.126 0.627 
 499 E _   0.061 0.073 0.002 0.029 0.021 0.036 0.128 0.651 
 500 A _   0.051 0.064 0.001 0.027 0.016 0.030 0.131 0.679 
 501 G _   0.041 0.053 0.001 0.023 0.012 0.025 0.133 0.711 
 502 C _   0.033 0.042 0.001 0.018 0.009 0.020 0.135 0.742 
 503 N _   0.026 0.030 0.001 0.013 0.006 0.016 0.138 0.770 
 504 V _   0.019 0.021 0.001 0.009 0.004 0.013 0.139 0.794 
 505 N _   0.015 0.014 0.000 0.006 0.003 0.010 0.140 0.811 
 506 I _   0.011 0.011 0.000 0.005 0.002 0.008 0.140 0.822 
 507 K _   0.009 0.009 0.000 0.004 0.002 0.008 0.140 0.829 
 508 N _   0.008 0.009 0.000 0.003 0.002 0.007 0.139 0.832 
 509 R _   0.007 0.009 0.000 0.003 0.002 0.008 0.138 0.833 
 510 E _   0.007 0.012 0.000 0.004 0.002 0.009 0.136 0.830 
 511 G _   0.007 0.018 0.000 0.006 0.003 0.011 0.133 0.821 
 512 E _   0.008 0.029 0.001 0.009 0.004 0.013 0.129 0.806 
 513 T _   0.009 0.047 0.001 0.013 0.006 0.015 0.125 0.783 
 514 P _   0.009 0.072 0.001 0.018 0.008 0.018 0.120 0.755 
 515 L _   0.010 0.098 0.001 0.022 0.009 0.020 0.115 0.725 
 516 L _   0.010 0.122 0.001 0.025 0.010 0.021 0.111 0.700 
 517 T _   0.010 0.142 0.001 0.026 0.011 0.022 0.107 0.682 
 518 A _   0.011 0.157 0.001 0.025 0.011 0.024 0.104 0.667 
 519 S _   0.012 0.169 0.001 0.024 0.012 0.025 0.101 0.657 
 520 A _   0.013 0.179 0.001 0.023 0.012 0.026 0.098 0.648 
 521 R _   0.014 0.189 0.001 0.022 0.013 0.028 0.096 0.637 
 522 G _   0.016 0.199 0.001 0.022 0.014 0.030 0.094 0.624 
 523 Y _   0.018 0.210 0.001 0.023 0.016 0.031 0.092 0.607 
 524 H _   0.020 0.223 0.001 0.026 0.018 0.032 0.090 0.588 
 525 D _   0.022 0.237 0.001 0.031 0.020 0.033 0.089 0.566 
 526 I _   0.024 0.251 0.002 0.038 0.022 0.033 0.088 0.543 
 527 V _   0.024 0.262 0.002 0.044 0.023 0.032 0.087 0.526 
 528 E _   0.024 0.268 0.002 0.049 0.022 0.031 0.087 0.517 
 529 C _   0.024 0.268 0.002 0.052 0.021 0.029 0.088 0.516 
 530 L _   0.023 0.262 0.002 0.052 0.020 0.026 0.090 0.526 
 531 A _   0.021 0.248 0.002 0.050 0.018 0.024 0.092 0.546 
 532 E _   0.019 0.224 0.002 0.045 0.015 0.021 0.095 0.580 
 533 H _   0.017 0.188 0.001 0.038 0.013 0.018 0.099 0.626 
 534 G _   0.015 0.142 0.001 0.029 0.010 0.016 0.104 0.682 
 535 A _   0.014 0.096 0.001 0.021 0.007 0.013 0.109 0.738 
 536 D _   0.012 0.056 0.001 0.014 0.005 0.011 0.113 0.788 
 537 L _   0.010 0.029 0.001 0.009 0.003 0.009 0.116 0.824 
 538 N _   0.008 0.013 0.000 0.005 0.002 0.008 0.118 0.847 
 539 A _   0.006 0.005 0.000 0.003 0.001 0.007 0.118 0.859 
 540 C _   0.006 0.002 0.000 0.002 0.001 0.007 0.118 0.864 
 541 D _   0.006 0.001 0.000 0.002 0.001 0.008 0.117 0.864 
 542 K _   0.009 0.001 0.000 0.002 0.002 0.011 0.116 0.860 
 543 D _   0.014 0.001 0.000 0.003 0.003 0.016 0.114 0.850 
 544 G _   0.022 0.001 0.000 0.005 0.004 0.024 0.111 0.832 
 545 H _   0.035 0.002 0.001 0.008 0.008 0.034 0.107 0.806 
 546 I _   0.051 0.003 0.001 0.012 0.014 0.046 0.103 0.770 
 547 A _   0.069 0.005 0.001 0.018 0.021 0.058 0.098 0.729 
 548 L _   0.089 0.007 0.002 0.022 0.029 0.068 0.093 0.690 
 549 H _   0.109 0.008 0.002 0.025 0.036 0.077 0.089 0.654 
 550 L _   0.130 0.009 0.002 0.025 0.042 0.083 0.085 0.624 
 551 A _   0.151 0.009 0.002 0.023 0.047 0.087 0.081 0.601 
 552 V _   0.171 0.008 0.002 0.019 0.050 0.089 0.079 0.582 
 553 R _   0.189 0.007 0.002 0.015 0.051 0.090 0.076 0.569 
 554 R _   0.205 0.006 0.002 0.012 0.051 0.090 0.075 0.558 
 555 C _   0.219 0.006 0.002 0.010 0.050 0.089 0.074 0.550 
 556 Q _   0.229 0.005 0.002 0.010 0.048 0.086 0.074 0.546 
 557 M _   0.235 0.006 0.002 0.010 0.047 0.084 0.074 0.543 
 558 E _   0.235 0.007 0.002 0.011 0.046 0.080 0.075 0.545 
 559 V _   0.232 0.008 0.002 0.012 0.044 0.077 0.076 0.549 
 560 I _   0.226 0.010 0.002 0.014 0.043 0.072 0.077 0.555 
 561 K _   0.214 0.012 0.002 0.017 0.041 0.067 0.079 0.566 
 562 T _   0.199 0.015 0.002 0.020 0.038 0.062 0.081 0.582 
 563 L _   0.180 0.016 0.002 0.023 0.035 0.057 0.084 0.603 
 564 L _   0.158 0.017 0.002 0.025 0.031 0.051 0.087 0.629 
 565 S _   0.134 0.017 0.002 0.026 0.027 0.044 0.091 0.658 
 566 Q _   0.110 0.017 0.002 0.026 0.022 0.038 0.095 0.690 
 567 G _   0.087 0.015 0.001 0.024 0.017 0.032 0.099 0.723 
 568 C _   0.068 0.013 0.001 0.021 0.013 0.026 0.104 0.754 
 569 F _   0.052 0.011 0.001 0.018 0.009 0.021 0.108 0.781 
 570 V _   0.038 0.008 0.001 0.014 0.006 0.017 0.111 0.806 
 571 D _   0.027 0.006 0.001 0.010 0.004 0.013 0.114 0.826 
 572 Y _   0.019 0.004 0.000 0.007 0.003 0.010 0.116 0.841 
 573 Q _   0.013 0.003 0.000 0.005 0.002 0.008 0.117 0.851 
 574 D _   0.009 0.002 0.000 0.004 0.002 0.006 0.118 0.858 
 575 R _   0.007 0.002 0.000 0.003 0.002 0.006 0.118 0.862 
 576 H _   0.006 0.002 0.000 0.003 0.001 0.005 0.118 0.864 
 577 G _   0.005 0.002 0.000 0.004 0.002 0.006 0.117 0.864 
 578 N _   0.005 0.004 0.000 0.005 0.002 0.006 0.116 0.862 
 579 T _   0.005 0.006 0.000 0.007 0.002 0.007 0.114 0.858 
 580 P _   0.005 0.010 0.000 0.009 0.003 0.009 0.112 0.853 
 581 L _   0.005 0.015 0.000 0.011 0.003 0.010 0.109 0.846 
 582 H _   0.006 0.020 0.001 0.012 0.004 0.011 0.106 0.840 
 583 V _   0.006 0.026 0.001 0.013 0.004 0.013 0.103 0.833 
 584 A _   0.006 0.033 0.001 0.014 0.005 0.015 0.100 0.827 
 585 C _   0.008 0.039 0.001 0.014 0.006 0.017 0.097 0.819 
 586 K _   0.009 0.046 0.001 0.014 0.007 0.020 0.094 0.808 
 587 D _   0.012 0.056 0.001 0.015 0.009 0.025 0.091 0.793 
 588 G _   0.016 0.069 0.001 0.017 0.012 0.029 0.087 0.769 
 589 N _   0.021 0.090 0.001 0.020 0.017 0.035 0.083 0.733 
 590 M _   0.026 0.121 0.002 0.027 0.023 0.040 0.079 0.683 
 591 P _   0.030 0.161 0.002 0.036 0.029 0.044 0.074 0.623 
 592 I _   0.033 0.204 0.002 0.047 0.034 0.046 0.070 0.563 
 593 V _   0.035 0.238 0.002 0.058 0.036 0.046 0.067 0.517 
 594 V _   0.036 0.260 0.002 0.067 0.036 0.045 0.065 0.489 
 595 A _   0.035 0.271 0.002 0.072 0.035 0.042 0.064 0.478 
 596 L _   0.034 0.273 0.002 0.073 0.032 0.039 0.064 0.483 
 597 C _   0.032 0.267 0.002 0.068 0.029 0.035 0.065 0.502 
 598 E _   0.029 0.250 0.002 0.061 0.024 0.031 0.066 0.537 
 599 A _   0.026 0.219 0.002 0.050 0.020 0.026 0.068 0.589 
 600 N _   0.023 0.175 0.002 0.039 0.015 0.022 0.071 0.654 
 601 C _   0.020 0.125 0.001 0.028 0.011 0.019 0.073 0.723 
 602 N _   0.017 0.079 0.001 0.019 0.008 0.015 0.076 0.785 
 603 L _   0.014 0.046 0.001 0.012 0.005 0.012 0.078 0.832 
 604 D _   0.011 0.025 0.000 0.008 0.003 0.010 0.078 0.864 
 605 I _   0.009 0.013 0.000 0.006 0.002 0.008 0.079 0.882 
 606 S _   0.007 0.007 0.000 0.004 0.002 0.007 0.078 0.893 
 607 N _   0.006 0.004 0.000 0.004 0.002 0.007 0.077 0.899 
 608 K _   0.006 0.003 0.000 0.004 0.002 0.007 0.076 0.902 
 609 Y _   0.006 0.002 0.000 0.005 0.002 0.007 0.074 0.903 
 610 G _   0.006 0.002 0.000 0.006 0.002 0.008 0.072 0.903 
 611 R _   0.007 0.002 0.000 0.007 0.003 0.009 0.070 0.902 
 612 T _   0.008 0.002 0.000 0.008 0.003 0.011 0.067 0.901 
 613 P _   0.010 0.002 0.000 0.009 0.004 0.013 0.064 0.898 
 614 L _   0.014 0.002 0.001 0.011 0.005 0.015 0.060 0.893 
 615 H _   0.020 0.002 0.001 0.011 0.006 0.017 0.057 0.887 
 616 L _   0.031 0.002 0.001 0.011 0.007 0.019 0.053 0.877 
 617 A _   0.047 0.001 0.001 0.010 0.008 0.021 0.050 0.862 
 618 A _   0.072 0.001 0.001 0.009 0.010 0.024 0.046 0.838 
 619 N _   0.109 0.001 0.001 0.007 0.011 0.026 0.042 0.803 
 620 N _   0.160 0.000 0.001 0.005 0.013 0.029 0.038 0.753 
 621 G _   0.225 0.000 0.001 0.004 0.015 0.031 0.033 0.689 
 622 I _   0.304 0.000 0.001 0.003 0.018 0.034 0.029 0.610 
 623 L _   0.386 0.000 0.002 0.003 0.022 0.035 0.026 0.526 
 624 D H   0.467 0.000 0.002 0.003 0.026 0.036 0.023 0.443 
 625 V H   0.542 0.000 0.002 0.002 0.030 0.036 0.021 0.367 
 626 V H   0.601 0.000 0.002 0.002 0.033 0.035 0.019 0.307 
 627 R H   0.647 0.000 0.002 0.002 0.035 0.034 0.019 0.261 
 628 Y H   0.677 0.000 0.002 0.002 0.037 0.033 0.019 0.230 
 629 L H   0.695 0.000 0.002 0.003 0.038 0.031 0.019 0.212 
 630 C H   0.699 0.000 0.002 0.003 0.039 0.030 0.020 0.207 
 631 L H   0.690 0.000 0.002 0.003 0.039 0.028 0.022 0.215 
 632 M H   0.666 0.001 0.002 0.004 0.038 0.028 0.024 0.236 
 633 G H   0.629 0.001 0.002 0.006 0.037 0.027 0.028 0.271 
 634 A H   0.578 0.001 0.002 0.007 0.034 0.026 0.033 0.319 
 635 S H   0.512 0.001 0.002 0.009 0.030 0.025 0.039 0.383 
 636 V _   0.434 0.001 0.002 0.010 0.024 0.023 0.046 0.460 
 637 E _   0.351 0.001 0.002 0.011 0.019 0.021 0.054 0.542 
 638 A _   0.270 0.001 0.001 0.010 0.014 0.018 0.063 0.623 
 639 L _   0.197 0.001 0.001 0.009 0.009 0.015 0.070 0.697 
 640 T _   0.136 0.001 0.001 0.007 0.006 0.013 0.077 0.759 
 641 T _   0.089 0.000 0.001 0.006 0.004 0.011 0.082 0.807 
 642 D _   0.056 0.000 0.000 0.005 0.003 0.009 0.087 0.840 
 643 G _   0.035 0.000 0.000 0.004 0.002 0.007 0.090 0.861 
 644 K _   0.022 0.000 0.000 0.004 0.002 0.007 0.092 0.873 
 645 T _   0.015 0.001 0.000 0.003 0.002 0.006 0.093 0.880 
 646 A _   0.010 0.001 0.000 0.004 0.002 0.006 0.094 0.883 
 647 E _   0.008 0.002 0.000 0.004 0.002 0.006 0.094 0.884 
 648 D _   0.007 0.003 0.000 0.004 0.002 0.007 0.094 0.883 
 649 L _   0.006 0.005 0.000 0.005 0.002 0.008 0.093 0.880 
 650 A _   0.007 0.009 0.000 0.006 0.003 0.010 0.091 0.874 
 651 R _   0.007 0.016 0.000 0.008 0.003 0.012 0.089 0.864 
 652 S _   0.008 0.027 0.001 0.011 0.005 0.015 0.086 0.847 
 653 E _   0.009 0.043 0.001 0.016 0.007 0.018 0.083 0.822 
 654 Q _   0.011 0.065 0.001 0.022 0.010 0.021 0.080 0.790 
 655 H _   0.012 0.094 0.001 0.030 0.013 0.025 0.076 0.749 
 656 E _   0.014 0.122 0.001 0.039 0.016 0.027 0.073 0.708 
 657 H _   0.015 0.146 0.002 0.048 0.018 0.029 0.070 0.672 
 658 V _   0.016 0.163 0.002 0.055 0.020 0.030 0.068 0.646 
 659 A _   0.017 0.173 0.002 0.060 0.021 0.030 0.067 0.631 
 660 G _   0.018 0.176 0.001 0.061 0.020 0.029 0.066 0.629 
 661 L _   0.019 0.173 0.001 0.057 0.019 0.028 0.066 0.637 
 662 L _   0.019 0.163 0.001 0.050 0.017 0.026 0.067 0.656 
 663 A _   0.019 0.146 0.001 0.040 0.015 0.024 0.068 0.686 
