#TopoPred_TM8: 8-state transmembrane topology prediction results by no_profile mode 
#probabilities are in the order of H E C I L F X _, the 8 transmembrane topology types used in PDBTM 
   1 M _   0.084 0.000 0.003 0.009 0.017 0.024 0.220 0.642 
   2 G _   0.078 0.000 0.000 0.003 0.006 0.017 0.223 0.673 
   3 C _   0.097 0.000 0.001 0.002 0.004 0.015 0.219 0.662 
   4 W _   0.197 0.000 0.001 0.001 0.007 0.016 0.202 0.575 
   5 G _   0.348 0.000 0.001 0.001 0.011 0.017 0.170 0.450 
   6 Q H   0.501 0.000 0.002 0.001 0.017 0.018 0.131 0.330 
   7 L H   0.627 0.000 0.002 0.001 0.020 0.016 0.102 0.232 
   8 L H   0.715 0.000 0.002 0.001 0.021 0.014 0.083 0.165 
   9 V H   0.767 0.000 0.001 0.001 0.021 0.012 0.072 0.126 
  10 W H   0.793 0.000 0.001 0.001 0.021 0.010 0.066 0.109 
  11 F H   0.800 0.000 0.001 0.001 0.021 0.009 0.062 0.106 
  12 G H   0.795 0.000 0.001 0.001 0.021 0.009 0.060 0.113 
  13 A H   0.775 0.000 0.001 0.001 0.021 0.009 0.060 0.134 
  14 A H   0.738 0.000 0.001 0.001 0.020 0.009 0.060 0.170 
  15 G H   0.680 0.000 0.002 0.001 0.019 0.010 0.062 0.227 
  16 A H   0.603 0.000 0.001 0.001 0.016 0.010 0.065 0.303 
  17 I H   0.511 0.000 0.001 0.002 0.013 0.010 0.070 0.394 
  18 L _   0.407 0.000 0.001 0.002 0.010 0.010 0.076 0.494 
  19 C _   0.306 0.000 0.001 0.002 0.007 0.010 0.083 0.590 
  20 S _   0.221 0.000 0.001 0.002 0.006 0.010 0.090 0.671 
  21 S _   0.156 0.000 0.001 0.002 0.005 0.010 0.097 0.729 
  22 P _   0.113 0.000 0.001 0.002 0.004 0.011 0.102 0.766 
  23 G _   0.083 0.000 0.001 0.004 0.004 0.012 0.108 0.789 
  24 S _   0.063 0.001 0.001 0.006 0.005 0.013 0.112 0.800 
  25 Q _   0.049 0.003 0.001 0.009 0.006 0.015 0.117 0.802 
  26 E _   0.039 0.005 0.001 0.013 0.007 0.016 0.121 0.800 
  27 T _   0.031 0.008 0.001 0.017 0.008 0.016 0.125 0.795 
  28 F _   0.025 0.010 0.001 0.021 0.008 0.016 0.129 0.790 
  29 L _   0.021 0.012 0.001 0.024 0.008 0.016 0.133 0.785 
  30 R _   0.017 0.013 0.001 0.025 0.008 0.015 0.138 0.783 
  31 S _   0.015 0.014 0.001 0.024 0.007 0.014 0.143 0.782 
  32 S _   0.013 0.013 0.001 0.022 0.006 0.012 0.149 0.783 
  33 P _   0.012 0.012 0.001 0.020 0.005 0.011 0.155 0.785 
  34 L _   0.010 0.010 0.001 0.016 0.004 0.010 0.161 0.787 
  35 P _   0.009 0.008 0.000 0.013 0.003 0.008 0.167 0.790 
  36 L _   0.008 0.006 0.000 0.010 0.003 0.007 0.172 0.792 
  37 A _   0.008 0.005 0.000 0.008 0.002 0.006 0.177 0.794 
  38 S _   0.007 0.003 0.000 0.006 0.002 0.005 0.181 0.796 
  39 P _   0.006 0.003 0.000 0.005 0.001 0.005 0.183 0.797 
  40 S _   0.005 0.002 0.000 0.004 0.001 0.004 0.185 0.798 
  41 P _   0.005 0.002 0.000 0.003 0.001 0.004 0.187 0.798 
  42 R _   0.005 0.002 0.000 0.003 0.001 0.004 0.187 0.798 
  43 D _   0.004 0.002 0.000 0.004 0.001 0.005 0.187 0.797 
  44 P _   0.004 0.003 0.000 0.004 0.001 0.005 0.186 0.796 
  45 K _   0.005 0.005 0.000 0.006 0.002 0.006 0.184 0.793 
  46 V _   0.005 0.008 0.000 0.008 0.002 0.007 0.181 0.788 
  47 S _   0.005 0.013 0.000 0.011 0.003 0.008 0.178 0.781 
  48 A _   0.005 0.020 0.000 0.016 0.004 0.009 0.174 0.771 
  49 P _   0.005 0.027 0.001 0.020 0.005 0.010 0.171 0.761 
  50 P _   0.006 0.034 0.001 0.025 0.006 0.011 0.167 0.751 
  51 S _   0.006 0.039 0.001 0.028 0.006 0.011 0.164 0.745 
  52 I _   0.006 0.042 0.001 0.030 0.006 0.011 0.162 0.742 
  53 L _   0.006 0.044 0.001 0.029 0.006 0.011 0.160 0.743 
  54 E _   0.005 0.044 0.001 0.026 0.005 0.010 0.159 0.749 
  55 P _   0.005 0.043 0.001 0.022 0.005 0.009 0.158 0.758 
  56 A _   0.005 0.041 0.000 0.017 0.004 0.008 0.157 0.769 
  57 S _   0.005 0.038 0.000 0.012 0.003 0.008 0.156 0.779 
  58 P _   0.004 0.036 0.000 0.008 0.002 0.007 0.155 0.788 
  59 L _   0.004 0.035 0.000 0.006 0.002 0.007 0.153 0.793 
  60 N _   0.005 0.035 0.000 0.005 0.002 0.008 0.150 0.794 
  61 S _   0.005 0.039 0.000 0.006 0.002 0.010 0.147 0.791 
  62 P _   0.007 0.047 0.000 0.008 0.004 0.013 0.143 0.779 
  63 G _   0.009 0.066 0.001 0.012 0.006 0.017 0.137 0.751 
  64 T _   0.012 0.108 0.001 0.021 0.011 0.021 0.128 0.698 
  65 E _   0.013 0.181 0.002 0.033 0.016 0.025 0.117 0.614 
  66 G _   0.013 0.268 0.002 0.046 0.020 0.026 0.106 0.520 
  67 S _   0.012 0.344 0.002 0.058 0.021 0.026 0.096 0.442 
  68 W E   0.011 0.394 0.002 0.067 0.021 0.025 0.089 0.391 
  69 L E   0.010 0.421 0.001 0.073 0.020 0.024 0.085 0.365 
  70 F E   0.009 0.433 0.001 0.075 0.019 0.022 0.083 0.357 
  71 S E   0.009 0.434 0.001 0.074 0.018 0.021 0.081 0.361 
  72 T E   0.009 0.426 0.001 0.070 0.016 0.019 0.081 0.377 
  73 C _   0.010 0.406 0.001 0.062 0.015 0.018 0.082 0.406 
  74 G _   0.010 0.368 0.002 0.053 0.014 0.016 0.083 0.454 
  75 A _   0.011 0.309 0.002 0.043 0.012 0.015 0.086 0.521 
  76 S _   0.012 0.233 0.002 0.034 0.011 0.015 0.090 0.604 
  77 G _   0.012 0.156 0.001 0.025 0.009 0.014 0.094 0.688 
  78 R _   0.011 0.094 0.001 0.018 0.006 0.013 0.098 0.759 
  79 H _   0.010 0.051 0.001 0.012 0.004 0.011 0.100 0.810 
  80 G _   0.008 0.026 0.000 0.008 0.003 0.010 0.102 0.842 
  81 P _   0.007 0.013 0.000 0.006 0.002 0.009 0.102 0.860 
  82 T _   0.007 0.006 0.000 0.004 0.002 0.008 0.102 0.871 
  83 Q _   0.007 0.003 0.000 0.004 0.002 0.008 0.101 0.876 
  84 T _   0.008 0.001 0.000 0.003 0.002 0.009 0.099 0.878 
  85 Q _   0.010 0.001 0.000 0.003 0.002 0.012 0.096 0.875 
  86 C _   0.016 0.001 0.000 0.004 0.003 0.015 0.093 0.868 
  87 D _   0.026 0.000 0.000 0.004 0.004 0.020 0.090 0.855 
  88 G _   0.043 0.000 0.001 0.005 0.007 0.028 0.085 0.831 
  89 A _   0.068 0.001 0.001 0.006 0.011 0.037 0.080 0.796 
  90 Y _   0.101 0.001 0.001 0.008 0.018 0.047 0.074 0.748 
  91 A _   0.141 0.002 0.002 0.010 0.028 0.058 0.068 0.691 
  92 G _   0.183 0.003 0.002 0.012 0.039 0.068 0.062 0.631 
  93 T _   0.223 0.004 0.002 0.014 0.050 0.075 0.057 0.575 
  94 S _   0.257 0.006 0.003 0.016 0.059 0.079 0.053 0.528 
  95 V _   0.285 0.007 0.003 0.017 0.065 0.081 0.050 0.493 
  96 V _   0.305 0.008 0.003 0.018 0.067 0.080 0.048 0.471 
  97 V _   0.316 0.008 0.003 0.019 0.067 0.077 0.046 0.463 
  98 T _   0.319 0.008 0.003 0.018 0.064 0.074 0.046 0.470 
  99 V _   0.312 0.007 0.003 0.017 0.058 0.068 0.045 0.490 
 100 G _   0.298 0.006 0.002 0.014 0.050 0.063 0.045 0.522 
 101 A _   0.275 0.005 0.002 0.013 0.041 0.057 0.046 0.561 
 102 A _   0.247 0.004 0.002 0.011 0.033 0.051 0.046 0.607 
 103 G _   0.214 0.003 0.002 0.010 0.026 0.045 0.047 0.654 
 104 Q _   0.181 0.002 0.001 0.009 0.020 0.039 0.048 0.700 
 105 L _   0.148 0.002 0.001 0.009 0.015 0.034 0.049 0.742 
 106 R _   0.119 0.002 0.001 0.009 0.012 0.030 0.049 0.779 
 107 G _   0.093 0.002 0.001 0.009 0.010 0.026 0.050 0.809 
 108 V _   0.071 0.002 0.001 0.009 0.008 0.023 0.051 0.835 
 109 Q _   0.053 0.002 0.001 0.009 0.007 0.020 0.051 0.857 
 110 L _   0.040 0.002 0.001 0.008 0.006 0.017 0.051 0.876 
 111 W _   0.030 0.002 0.001 0.007 0.005 0.015 0.051 0.890 
 112 R _   0.023 0.001 0.000 0.006 0.004 0.013 0.051 0.901 
 113 V _   0.018 0.002 0.000 0.005 0.003 0.012 0.050 0.909 
 114 P _   0.015 0.002 0.000 0.004 0.003 0.012 0.049 0.914 
 115 G _   0.014 0.003 0.000 0.004 0.003 0.012 0.048 0.915 
 116 P _   0.014 0.004 0.000 0.005 0.004 0.013 0.047 0.912 
 117 G _   0.015 0.008 0.001 0.008 0.005 0.015 0.046 0.902 
 118 Q _   0.017 0.015 0.001 0.012 0.007 0.018 0.044 0.887 
 119 Y _   0.018 0.025 0.001 0.019 0.010 0.020 0.042 0.866 
 120 L _   0.019 0.038 0.001 0.027 0.013 0.022 0.040 0.841 
 121 I _   0.018 0.050 0.001 0.037 0.015 0.023 0.038 0.818 
 122 S _   0.018 0.058 0.001 0.045 0.016 0.023 0.037 0.803 
 123 A _   0.017 0.063 0.001 0.049 0.015 0.022 0.036 0.796 
 124 Y _   0.016 0.064 0.001 0.050 0.014 0.020 0.035 0.800 
 125 G _   0.014 0.062 0.001 0.046 0.012 0.018 0.035 0.811 
 126 A _   0.013 0.056 0.001 0.039 0.010 0.016 0.034 0.830 
 127 A _   0.012 0.047 0.001 0.030 0.008 0.013 0.034 0.855 
 128 G _   0.011 0.034 0.001 0.021 0.006 0.011 0.034 0.883 
 129 G _   0.010 0.021 0.001 0.013 0.004 0.009 0.034 0.908 
 130 K _   0.010 0.011 0.000 0.008 0.003 0.007 0.033 0.928 
 131 G _   0.011 0.004 0.000 0.004 0.002 0.006 0.032 0.940 
 132 A _   0.013 0.002 0.000 0.003 0.001 0.005 0.031 0.945 
 133 K _   0.020 0.000 0.000 0.002 0.001 0.005 0.030 0.941 
 134 N _   0.036 0.000 0.000 0.001 0.002 0.005 0.028 0.927 
 135 H _   0.069 0.000 0.000 0.001 0.002 0.007 0.025 0.895 
 136 L _   0.132 0.000 0.001 0.001 0.004 0.009 0.021 0.832 
 137 S _   0.229 0.000 0.001 0.001 0.006 0.011 0.017 0.735 
 138 R _   0.358 0.000 0.001 0.001 0.008 0.013 0.013 0.606 
 139 A H   0.493 0.000 0.001 0.001 0.011 0.015 0.009 0.470 
 140 H H   0.623 0.000 0.001 0.001 0.014 0.015 0.006 0.340 
 141 G H   0.730 0.000 0.001 0.001 0.015 0.014 0.004 0.234 
 142 V H   0.809 0.000 0.001 0.001 0.017 0.013 0.003 0.156 
 143 F H   0.863 0.000 0.001 0.001 0.017 0.011 0.002 0.106 
 144 V H   0.896 0.000 0.001 0.001 0.016 0.010 0.001 0.075 
 145 S H   0.915 0.000 0.001 0.001 0.016 0.008 0.001 0.058 
 146 A H   0.924 0.000 0.001 0.001 0.015 0.007 0.001 0.051 
 147 I H   0.923 0.000 0.001 0.000 0.015 0.007 0.001 0.052 
 148 F H   0.915 0.000 0.001 0.001 0.015 0.007 0.002 0.060 
 149 S H   0.896 0.000 0.001 0.001 0.015 0.007 0.002 0.078 
 150 L H   0.866 0.000 0.001 0.001 0.015 0.007 0.003 0.107 
 151 G H   0.822 0.000 0.001 0.001 0.015 0.008 0.004 0.149 
 152 L H   0.764 0.000 0.001 0.001 0.015 0.010 0.006 0.203 
 153 G H   0.695 0.000 0.001 0.001 0.015 0.012 0.009 0.267 
 154 E H   0.620 0.000 0.001 0.002 0.015 0.014 0.013 0.335 
 155 S H   0.541 0.000 0.001 0.003 0.016 0.016 0.018 0.405 
 156 L _   0.460 0.000 0.002 0.005 0.016 0.018 0.024 0.475 
 157 Y _   0.379 0.001 0.002 0.009 0.017 0.019 0.031 0.543 
 158 I _   0.302 0.002 0.002 0.014 0.016 0.020 0.039 0.607 
 159 L _   0.230 0.002 0.002 0.017 0.014 0.019 0.046 0.669 
 160 V _   0.169 0.003 0.001 0.018 0.012 0.018 0.054 0.725 
 161 G _   0.120 0.003 0.001 0.017 0.009 0.016 0.061 0.773 
 162 Q _   0.082 0.002 0.001 0.015 0.007 0.014 0.067 0.813 
 163 Q _   0.054 0.002 0.001 0.012 0.005 0.011 0.071 0.844 
 164 G _   0.035 0.002 0.000 0.008 0.003 0.009 0.076 0.867 
 165 E _   0.023 0.001 0.000 0.006 0.002 0.007 0.079 0.882 
 166 D _   0.015 0.001 0.000 0.004 0.002 0.006 0.081 0.891 
 167 A _   0.010 0.001 0.000 0.003 0.001 0.005 0.082 0.897 
 168 C _   0.007 0.002 0.000 0.003 0.001 0.005 0.083 0.899 
 169 P _   0.006 0.002 0.000 0.003 0.001 0.005 0.083 0.899 
 170 G _   0.005 0.005 0.000 0.004 0.001 0.006 0.082 0.897 
 171 G _   0.005 0.009 0.000 0.005 0.002 0.008 0.081 0.889 
 172 S _   0.006 0.019 0.000 0.008 0.003 0.010 0.079 0.875 
 173 P _   0.007 0.040 0.001 0.012 0.005 0.013 0.076 0.847 
 174 E _   0.008 0.076 0.001 0.018 0.007 0.016 0.071 0.803 
 175 S _   0.009 0.128 0.001 0.025 0.009 0.018 0.066 0.744 
 176 Q _   0.009 0.190 0.001 0.032 0.011 0.019 0.061 0.676 
 177 L _   0.009 0.251 0.001 0.038 0.013 0.020 0.056 0.613 
 178 V _   0.008 0.301 0.001 0.041 0.013 0.020 0.051 0.564 
 179 C _   0.008 0.337 0.001 0.044 0.013 0.019 0.048 0.530 
 180 L _   0.007 0.360 0.001 0.045 0.013 0.019 0.046 0.509 
 181 G _   0.007 0.375 0.001 0.044 0.012 0.018 0.045 0.497 
 182 E _   0.008 0.382 0.001 0.043 0.012 0.018 0.044 0.493 
 183 S _   0.008 0.383 0.001 0.040 0.011 0.017 0.043 0.496 
 184 R _   0.008 0.381 0.001 0.037 0.011 0.016 0.043 0.503 
 185 A _   0.008 0.374 0.001 0.034 0.010 0.015 0.044 0.515 
 186 V _   0.009 0.363 0.001 0.031 0.009 0.014 0.044 0.530 
 187 E _   0.009 0.348 0.001 0.027 0.008 0.013 0.045 0.548 
 188 E _   0.009 0.329 0.001 0.024 0.007 0.013 0.047 0.570 
 189 H _   0.009 0.308 0.001 0.021 0.007 0.012 0.048 0.594 
 190 A _   0.009 0.285 0.001 0.019 0.006 0.011 0.049 0.620 
 191 A _   0.009 0.262 0.001 0.016 0.005 0.010 0.051 0.647 
 192 M _   0.008 0.239 0.001 0.014 0.004 0.009 0.052 0.672 
 193 D _   0.008 0.220 0.001 0.011 0.004 0.009 0.053 0.694 
 194 G _   0.007 0.205 0.000 0.010 0.003 0.008 0.054 0.712 
 195 S _   0.007 0.194 0.000 0.008 0.003 0.008 0.055 0.726 
 196 E _   0.006 0.187 0.000 0.007 0.002 0.007 0.055 0.735 
 197 G _   0.005 0.183 0.000 0.007 0.002 0.007 0.055 0.740 
 198 V _   0.005 0.182 0.000 0.007 0.002 0.007 0.055 0.741 
 199 P _   0.005 0.185 0.000 0.008 0.003 0.007 0.054 0.738 
 200 G _   0.005 0.190 0.000 0.009 0.003 0.008 0.054 0.731 
 201 S _   0.005 0.198 0.000 0.011 0.003 0.008 0.053 0.722 
 202 R _   0.005 0.209 0.001 0.013 0.004 0.009 0.051 0.709 
 203 R _   0.005 0.221 0.001 0.014 0.004 0.009 0.050 0.696 
 204 W _   0.005 0.233 0.001 0.015 0.005 0.009 0.049 0.684 
 205 A _   0.004 0.243 0.001 0.016 0.005 0.009 0.048 0.674 
 206 G _   0.004 0.253 0.001 0.016 0.005 0.009 0.047 0.665 
 207 G _   0.004 0.263 0.001 0.015 0.005 0.010 0.046 0.656 
 208 G _   0.005 0.272 0.001 0.014 0.005 0.010 0.046 0.648 
 209 G _   0.005 0.281 0.001 0.014 0.005 0.011 0.045 0.638 
 210 G _   0.006 0.291 0.001 0.014 0.006 0.013 0.044 0.625 
 211 G _   0.007 0.302 0.001 0.015 0.007 0.015 0.044 0.609 
 212 G _   0.008 0.316 0.001 0.017 0.008 0.016 0.044 0.589 
 213 G _   0.010 0.331 0.001 0.020 0.010 0.018 0.043 0.567 
 214 A _   0.011 0.347 0.001 0.023 0.012 0.020 0.043 0.544 
 215 T _   0.012 0.361 0.001 0.026 0.013 0.021 0.044 0.524 
 216 Y _   0.013 0.371 0.001 0.028 0.013 0.021 0.044 0.509 
 217 V _   0.013 0.377 0.001 0.029 0.013 0.021 0.045 0.501 
 218 F _   0.013 0.378 0.001 0.028 0.013 0.021 0.047 0.500 
 219 R _   0.013 0.374 0.001 0.026 0.012 0.020 0.048 0.505 
 220 V _   0.013 0.367 0.001 0.023 0.011 0.019 0.051 0.516 
 221 R _   0.013 0.356 0.001 0.019 0.010 0.018 0.053 0.531 
 222 A _   0.012 0.343 0.001 0.016 0.008 0.018 0.055 0.547 
 223 G _   0.012 0.332 0.001 0.013 0.007 0.017 0.058 0.561 
 224 E _   0.012 0.323 0.001 0.011 0.007 0.017 0.060 0.570 
 225 L _   0.012 0.318 0.001 0.010 0.006 0.017 0.062 0.574 
 226 E _   0.012 0.318 0.001 0.010 0.006 0.017 0.065 0.572 
 227 P _   0.012 0.320 0.001 0.012 0.007 0.017 0.067 0.566 
 228 L _   0.012 0.325 0.001 0.014 0.007 0.017 0.069 0.555 
 229 L _   0.012 0.331 0.001 0.017 0.008 0.017 0.071 0.543 
 230 V _   0.011 0.338 0.001 0.020 0.009 0.017 0.073 0.531 
 231 A _   0.011 0.342 0.001 0.023 0.009 0.016 0.076 0.522 
 232 A _   0.011 0.343 0.001 0.026 0.009 0.016 0.079 0.515 
 233 G _   0.010 0.341 0.001 0.028 0.009 0.015 0.082 0.512 
 234 G _   0.010 0.335 0.001 0.029 0.009 0.015 0.087 0.513 
 235 G _   0.010 0.324 0.001 0.030 0.009 0.014 0.093 0.520 
 236 G _   0.010 0.306 0.001 0.029 0.009 0.014 0.100 0.531 
 237 R _   0.010 0.282 0.001 0.028 0.008 0.013 0.108 0.549 
 238 A _   0.010 0.250 0.001 0.026 0.008 0.013 0.118 0.573 
 239 Y _   0.010 0.214 0.001 0.023 0.007 0.012 0.130 0.603 
 240 L _   0.010 0.176 0.001 0.020 0.006 0.011 0.142 0.634 
 241 R _   0.009 0.141 0.001 0.017 0.005 0.011 0.154 0.662 
 242 P _   0.008 0.113 0.001 0.014 0.004 0.010 0.164 0.685 
 243 R _   0.008 0.093 0.000 0.012 0.003 0.009 0.173 0.702 
 244 D _   0.007 0.078 0.000 0.010 0.003 0.008 0.181 0.712 
 245 R _   0.007 0.068 0.000 0.009 0.002 0.008 0.187 0.718 
 246 G _   0.006 0.061 0.000 0.009 0.002 0.007 0.193 0.722 
 247 R _   0.006 0.056 0.000 0.009 0.002 0.007 0.197 0.723 
 248 T _   0.006 0.053 0.000 0.009 0.002 0.007 0.200 0.723 
 249 Q _   0.005 0.050 0.000 0.009 0.002 0.007 0.203 0.723 
 250 A _   0.005 0.049 0.000 0.010 0.002 0.007 0.206 0.722 
 251 S _   0.005 0.047 0.000 0.010 0.002 0.007 0.207 0.723 
 252 P _   0.004 0.046 0.000 0.009 0.002 0.007 0.208 0.723 
 253 E _   0.004 0.046 0.000 0.009 0.002 0.006 0.209 0.723 
 254 K _   0.004 0.046 0.000 0.009 0.002 0.006 0.208 0.724 
 255 L _   0.004 0.046 0.000 0.009 0.002 0.006 0.208 0.725 
 256 E _   0.004 0.047 0.000 0.009 0.002 0.006 0.207 0.725 
 257 N _   0.004 0.049 0.000 0.009 0.002 0.006 0.205 0.726 
 258 R _   0.004 0.051 0.000 0.008 0.002 0.006 0.203 0.727 
 259 S _   0.003 0.054 0.000 0.009 0.002 0.006 0.199 0.727 
 260 E _   0.003 0.058 0.000 0.009 0.002 0.006 0.195 0.726 
 261 A _   0.003 0.064 0.000 0.009 0.002 0.006 0.190 0.725 
 262 P _   0.003 0.072 0.000 0.010 0.002 0.007 0.184 0.721 
 263 G _   0.003 0.084 0.000 0.012 0.002 0.007 0.176 0.715 
 264 S _   0.004 0.099 0.000 0.014 0.003 0.008 0.167 0.705 
 265 G _   0.004 0.122 0.001 0.018 0.004 0.009 0.155 0.688 
 266 G _   0.004 0.152 0.001 0.022 0.005 0.010 0.143 0.663 
 267 R _   0.004 0.191 0.001 0.029 0.006 0.011 0.129 0.629 
 268 G _   0.004 0.234 0.001 0.035 0.007 0.012 0.115 0.591 
 269 G _   0.004 0.277 0.001 0.042 0.008 0.012 0.103 0.553 
 270 A _   0.004 0.312 0.001 0.049 0.008 0.013 0.093 0.520 
 271 A _   0.003 0.338 0.001 0.055 0.009 0.013 0.086 0.496 
 272 G _   0.003 0.353 0.001 0.058 0.009 0.013 0.081 0.482 
 273 G _   0.004 0.361 0.001 0.060 0.009 0.012 0.077 0.477 
 274 G _   0.004 0.361 0.001 0.059 0.009 0.012 0.075 0.480 
 275 G _   0.004 0.355 0.001 0.056 0.008 0.012 0.073 0.491 
 276 G _   0.004 0.340 0.001 0.051 0.008 0.011 0.073 0.512 
 277 W _   0.005 0.313 0.001 0.044 0.008 0.011 0.073 0.544 
 278 T _   0.006 0.274 0.001 0.037 0.007 0.011 0.074 0.590 
 279 S _   0.006 0.224 0.001 0.030 0.007 0.011 0.076 0.646 
 280 R _   0.006 0.172 0.001 0.024 0.006 0.010 0.078 0.703 
 281 A _   0.006 0.128 0.001 0.018 0.005 0.010 0.080 0.751 
 282 P _   0.006 0.096 0.001 0.014 0.004 0.009 0.082 0.789 
 283 S _   0.006 0.073 0.000 0.012 0.003 0.009 0.083 0.814 
 284 P _   0.005 0.059 0.000 0.010 0.003 0.008 0.083 0.831 
 285 Q _   0.005 0.049 0.000 0.010 0.002 0.008 0.083 0.842 
 286 A _   0.005 0.043 0.000 0.010 0.002 0.008 0.082 0.849 
 287 G _   0.005 0.038 0.000 0.011 0.003 0.008 0.081 0.854 
 288 R _   0.005 0.033 0.000 0.012 0.003 0.008 0.080 0.858 
 289 S _   0.005 0.029 0.000 0.013 0.003 0.009 0.078 0.863 
 290 L _   0.005 0.025 0.000 0.013 0.003 0.009 0.077 0.868 
 291 Q _   0.005 0.021 0.000 0.013 0.003 0.008 0.075 0.875 
 292 E _   0.005 0.016 0.000 0.011 0.003 0.008 0.073 0.882 
 293 G _   0.005 0.011 0.000 0.010 0.003 0.008 0.072 0.890 
 294 A _   0.007 0.007 0.000 0.008 0.002 0.009 0.069 0.897 
 295 E _   0.009 0.004 0.000 0.006 0.002 0.009 0.067 0.901 
 296 G _   0.015 0.002 0.000 0.005 0.002 0.011 0.064 0.900 
 297 G _   0.026 0.001 0.000 0.004 0.003 0.013 0.061 0.892 
 298 Q _   0.046 0.001 0.000 0.004 0.004 0.017 0.057 0.871 
 299 G _   0.082 0.000 0.001 0.004 0.006 0.022 0.052 0.834 
 300 C _   0.138 0.000 0.001 0.004 0.010 0.028 0.046 0.774 
 301 S _   0.213 0.000 0.001 0.004 0.016 0.035 0.040 0.692 
 302 E _   0.299 0.000 0.002 0.004 0.023 0.042 0.034 0.596 
 303 A _   0.386 0.000 0.002 0.004 0.032 0.048 0.028 0.500 
 304 W H   0.463 0.000 0.002 0.004 0.041 0.051 0.024 0.415 
 305 A H   0.521 0.000 0.002 0.005 0.048 0.052 0.021 0.351 
 306 T H   0.564 0.001 0.002 0.005 0.053 0.051 0.019 0.305 
 307 L H   0.590 0.001 0.002 0.006 0.055 0.049 0.018 0.279 
 308 G H   0.603 0.001 0.002 0.007 0.056 0.047 0.017 0.268 
 309 W H   0.602 0.001 0.002 0.007 0.054 0.043 0.017 0.273 
 310 A H   0.584 0.001 0.002 0.008 0.051 0.040 0.017 0.297 
 311 A H   0.553 0.001 0.002 0.007 0.046 0.037 0.017 0.336 
 312 A H   0.505 0.001 0.002 0.007 0.039 0.033 0.018 0.394 
 313 G _   0.443 0.001 0.002 0.007 0.031 0.030 0.019 0.467 
 314 G _   0.370 0.001 0.002 0.006 0.023 0.026 0.020 0.552 
 315 F _   0.294 0.001 0.001 0.006 0.016 0.023 0.022 0.637 
 316 G _   0.221 0.001 0.001 0.005 0.012 0.020 0.023 0.717 
 317 G _   0.161 0.001 0.001 0.005 0.009 0.018 0.025 0.780 
 318 G _   0.113 0.002 0.001 0.006 0.007 0.017 0.025 0.829 
 319 G _   0.078 0.003 0.001 0.007 0.006 0.016 0.026 0.864 
 320 G _   0.054 0.005 0.001 0.008 0.006 0.015 0.027 0.884 
 321 A _   0.037 0.009 0.001 0.011 0.006 0.014 0.027 0.896 
 322 C _   0.025 0.015 0.001 0.013 0.006 0.014 0.027 0.899 
 323 T _   0.018 0.022 0.001 0.017 0.006 0.013 0.027 0.897 
 324 A _   0.013 0.029 0.001 0.020 0.006 0.013 0.027 0.891 
 325 G _   0.010 0.037 0.001 0.023 0.006 0.012 0.027 0.884 
 326 G _   0.008 0.043 0.001 0.026 0.006 0.012 0.027 0.877 
 327 G _   0.007 0.048 0.001 0.027 0.006 0.011 0.027 0.872 
 328 G _   0.007 0.050 0.001 0.027 0.006 0.011 0.028 0.870 
 329 G _   0.006 0.052 0.001 0.026 0.005 0.010 0.029 0.872 
 330 G _   0.006 0.051 0.001 0.024 0.005 0.009 0.030 0.876 
 331 Y _   0.005 0.050 0.001 0.020 0.004 0.008 0.031 0.881 
 332 R _   0.005 0.048 0.000 0.017 0.003 0.008 0.032 0.887 
 333 G _   0.004 0.045 0.000 0.014 0.003 0.007 0.033 0.893 
 334 G _   0.004 0.043 0.000 0.012 0.002 0.006 0.034 0.898 
 335 D _   0.004 0.041 0.000 0.010 0.002 0.006 0.035 0.901 
 336 A _   0.004 0.040 0.000 0.009 0.002 0.006 0.036 0.903 
 337 S _   0.004 0.040 0.000 0.008 0.002 0.006 0.036 0.904 
 338 E _   0.004 0.041 0.000 0.008 0.002 0.006 0.037 0.903 
 339 T _   0.004 0.043 0.000 0.008 0.002 0.006 0.037 0.901 
 340 D _   0.004 0.046 0.000 0.009 0.002 0.006 0.037 0.897 
 341 N _   0.004 0.051 0.000 0.010 0.002 0.006 0.036 0.891 
 342 L _   0.004 0.057 0.000 0.011 0.002 0.007 0.035 0.884 
 343 W _   0.004 0.064 0.000 0.012 0.003 0.007 0.035 0.875 
 344 A _   0.004 0.073 0.000 0.014 0.003 0.008 0.034 0.865 
 345 D _   0.004 0.082 0.000 0.015 0.003 0.008 0.033 0.854 
 346 G _   0.004 0.093 0.000 0.016 0.004 0.009 0.032 0.842 
 347 E _   0.004 0.103 0.000 0.017 0.004 0.010 0.031 0.830 
 348 D _   0.005 0.113 0.001 0.018 0.004 0.010 0.030 0.820 
 349 G _   0.005 0.122 0.001 0.018 0.004 0.011 0.030 0.810 
 350 V _   0.005 0.131 0.001 0.018 0.005 0.011 0.029 0.801 
 351 S _   0.005 0.138 0.001 0.017 0.005 0.012 0.028 0.794 
 352 F _   0.006 0.145 0.001 0.017 0.005 0.013 0.028 0.787 
 353 I _   0.006 0.152 0.001 0.017 0.005 0.013 0.027 0.779 
 354 H _   0.007 0.160 0.001 0.017 0.006 0.014 0.027 0.769 
 355 P _   0.007 0.169 0.001 0.018 0.007 0.016 0.026 0.757 
 356 S _   0.008 0.180 0.001 0.020 0.008 0.017 0.025 0.741 
 357 S _   0.009 0.191 0.001 0.023 0.009 0.018 0.025 0.724 
 358 E _   0.010 0.203 0.001 0.027 0.010 0.019 0.024 0.707 
 359 L _   0.010 0.213 0.001 0.031 0.011 0.019 0.024 0.691 
 360 F _   0.011 0.220 0.001 0.034 0.012 0.019 0.024 0.681 
 361 L _   0.011 0.223 0.001 0.035 0.012 0.018 0.024 0.677 
 362 Q _   0.011 0.223 0.001 0.034 0.011 0.017 0.024 0.679 
 363 P _   0.011 0.218 0.001 0.031 0.010 0.016 0.024 0.688 
 364 L _   0.010 0.209 0.001 0.027 0.009 0.015 0.025 0.704 
 365 A _   0.010 0.196 0.001 0.022 0.008 0.014 0.026 0.724 
 366 V _   0.010 0.180 0.001 0.017 0.006 0.013 0.027 0.747 
 367 T _   0.009 0.165 0.001 0.013 0.005 0.012 0.027 0.767 
 368 E _   0.009 0.154 0.001 0.011 0.005 0.012 0.028 0.782 
 369 N _   0.009 0.146 0.000 0.009 0.004 0.012 0.028 0.790 
 370 H _   0.009 0.143 0.000 0.010 0.004 0.012 0.029 0.793 
 371 G _   0.009 0.142 0.001 0.011 0.005 0.013 0.029 0.790 
 372 E _   0.010 0.144 0.001 0.014 0.006 0.014 0.029 0.783 
 373 V _   0.010 0.147 0.001 0.018 0.006 0.014 0.029 0.775 
 374 E _   0.010 0.150 0.001 0.022 0.007 0.014 0.029 0.767 
 375 I _   0.010 0.151 0.001 0.025 0.008 0.014 0.029 0.763 
 376 R _   0.010 0.149 0.001 0.027 0.008 0.014 0.029 0.763 
 377 R _   0.009 0.144 0.001 0.027 0.007 0.013 0.030 0.769 
 378 H _   0.008 0.136 0.001 0.024 0.007 0.012 0.030 0.781 
 379 L _   0.008 0.124 0.001 0.021 0.006 0.011 0.031 0.799 
 380 N _   0.007 0.108 0.001 0.017 0.005 0.010 0.032 0.820 
 381 C _   0.007 0.093 0.001 0.013 0.004 0.009 0.033 0.841 
 382 S _   0.006 0.079 0.000 0.010 0.003 0.008 0.033 0.860 
 383 H _   0.006 0.069 0.000 0.007 0.003 0.008 0.034 0.873 
 384 C _   0.006 0.064 0.000 0.006 0.002 0.008 0.034 0.880 
 385 P _   0.006 0.061 0.000 0.005 0.002 0.008 0.034 0.883 
 386 L _   0.006 0.061 0.000 0.006 0.002 0.009 0.034 0.881 
 387 R _   0.007 0.064 0.000 0.007 0.003 0.011 0.033 0.875 
 388 D _   0.007 0.069 0.000 0.010 0.004 0.012 0.032 0.864 
 389 C _   0.008 0.078 0.001 0.013 0.005 0.014 0.031 0.849 
 390 Q _   0.009 0.089 0.001 0.018 0.007 0.016 0.030 0.830 
 391 W _   0.010 0.101 0.001 0.022 0.009 0.018 0.029 0.812 
 392 Q _   0.010 0.111 0.001 0.026 0.010 0.020 0.027 0.795 
 393 A _   0.011 0.119 0.001 0.029 0.011 0.021 0.026 0.783 
 394 E _   0.011 0.124 0.001 0.030 0.011 0.021 0.025 0.776 
 395 L _   0.012 0.126 0.001 0.030 0.012 0.021 0.025 0.773 
 396 Q _   0.012 0.126 0.001 0.028 0.012 0.022 0.024 0.775 
 397 L _   0.013 0.124 0.001 0.026 0.011 0.022 0.024 0.779 
 398 A _   0.014 0.121 0.001 0.023 0.011 0.022 0.024 0.785 
 399 E _   0.015 0.116 0.001 0.020 0.010 0.022 0.023 0.792 
 400 C _   0.017 0.110 0.001 0.018 0.010 0.022 0.023 0.799 
 401 L _   0.018 0.105 0.001 0.017 0.010 0.022 0.023 0.804 
 402 C _   0.020 0.101 0.001 0.016 0.010 0.022 0.023 0.807 
 403 P _   0.022 0.097 0.001 0.016 0.010 0.023 0.023 0.807 
 404 E _   0.024 0.094 0.001 0.017 0.011 0.023 0.024 0.807 
 405 G _   0.025 0.091 0.001 0.018 0.011 0.023 0.024 0.807 
 406 M _   0.026 0.087 0.001 0.019 0.011 0.023 0.024 0.809 
 407 E _   0.026 0.083 0.001 0.020 0.011 0.022 0.024 0.812 
 408 L _   0.026 0.078 0.001 0.020 0.011 0.021 0.025 0.818 
 409 A _   0.025 0.072 0.001 0.021 0.011 0.020 0.025 0.825 
 410 V _   0.024 0.065 0.001 0.020 0.010 0.019 0.026 0.836 
 411 D _   0.023 0.056 0.001 0.019 0.009 0.017 0.026 0.849 
 412 N _   0.021 0.047 0.001 0.018 0.008 0.015 0.027 0.863 
 413 V _   0.019 0.037 0.001 0.016 0.006 0.013 0.028 0.880 
 414 T _   0.018 0.027 0.001 0.013 0.005 0.011 0.028 0.897 
 415 C _   0.016 0.017 0.001 0.010 0.004 0.010 0.028 0.915 
 416 M _   0.014 0.009 0.000 0.007 0.003 0.008 0.028 0.930 
 417 D _   0.013 0.004 0.000 0.004 0.002 0.006 0.028 0.941 
 418 L _   0.014 0.001 0.000 0.003 0.002 0.005 0.027 0.948 
 419 H _   0.017 0.000 0.000 0.002 0.001 0.004 0.026 0.950 
 420 K _   0.024 0.000 0.000 0.001 0.001 0.004 0.024 0.945 
 421 P _   0.040 0.000 0.000 0.001 0.002 0.004 0.023 0.930 
 422 P _   0.075 0.000 0.000 0.001 0.002 0.005 0.020 0.897 
 423 G _   0.140 0.000 0.000 0.001 0.003 0.007 0.017 0.832 
 424 P _   0.243 0.000 0.001 0.001 0.005 0.008 0.014 0.730 
 425 L _   0.370 0.000 0.001 0.001 0.006 0.009 0.010 0.603 
 426 V H   0.506 0.000 0.001 0.001 0.008 0.009 0.007 0.468 
 427 L H   0.627 0.000 0.001 0.001 0.009 0.009 0.005 0.349 
 428 M H   0.723 0.000 0.001 0.001 0.009 0.008 0.004 0.255 
 429 V H   0.795 0.000 0.001 0.000 0.008 0.007 0.003 0.186 
 430 A H   0.845 0.000 0.001 0.000 0.008 0.005 0.002 0.139 
 431 V H   0.881 0.000 0.001 0.000 0.007 0.004 0.002 0.106 
 432 V H   0.906 0.000 0.001 0.000 0.006 0.003 0.002 0.082 
 433 A H   0.924 0.000 0.001 0.000 0.005 0.003 0.001 0.066 
 434 T H   0.937 0.000 0.001 0.000 0.005 0.002 0.001 0.055 
 435 S H   0.946 0.000 0.001 0.000 0.004 0.002 0.001 0.045 
 436 T H   0.953 0.000 0.001 0.000 0.004 0.002 0.001 0.039 
 437 L H   0.957 0.000 0.001 0.000 0.004 0.002 0.001 0.035 
 438 S H   0.958 0.000 0.001 0.000 0.005 0.002 0.001 0.034 
 439 L H   0.956 0.000 0.001 0.000 0.006 0.002 0.001 0.035 
 440 L H   0.950 0.000 0.001 0.000 0.006 0.002 0.001 0.039 
 441 M H   0.941 0.000 0.001 0.000 0.007 0.002 0.001 0.048 
 442 V H   0.925 0.000 0.001 0.000 0.009 0.003 0.001 0.061 
 443 C H   0.902 0.000 0.001 0.000 0.010 0.003 0.001 0.082 
 444 G H   0.867 0.000 0.001 0.000 0.011 0.004 0.002 0.115 
 445 V H   0.817 0.000 0.001 0.001 0.012 0.005 0.003 0.162 
 446 L H   0.746 0.000 0.001 0.001 0.012 0.006 0.004 0.230 
 447 I H   0.656 0.000 0.001 0.001 0.011 0.007 0.007 0.318 
 448 L H   0.547 0.000 0.001 0.001 0.009 0.007 0.010 0.424 
 449 V _   0.431 0.000 0.001 0.001 0.008 0.007 0.014 0.538 
 450 K _   0.318 0.000 0.001 0.001 0.006 0.007 0.018 0.649 
 451 Q _   0.221 0.000 0.001 0.002 0.005 0.007 0.023 0.743 
 452 K _   0.147 0.000 0.001 0.002 0.004 0.007 0.027 0.813 
 453 K _   0.096 0.000 0.000 0.002 0.003 0.007 0.030 0.861 
 454 W _   0.063 0.000 0.000 0.003 0.003 0.007 0.033 0.891 
 455 Q _   0.042 0.000 0.000 0.004 0.003 0.007 0.035 0.909 
 456 G _   0.029 0.001 0.000 0.005 0.003 0.008 0.037 0.918 
 457 L _   0.021 0.002 0.000 0.006 0.003 0.008 0.038 0.922 
 458 Q _   0.016 0.003 0.000 0.008 0.003 0.008 0.039 0.923 
 459 E _   0.013 0.004 0.000 0.008 0.003 0.008 0.040 0.923 
 460 M _   0.010 0.005 0.000 0.009 0.003 0.008 0.041 0.923 
 461 R _   0.009 0.007 0.000 0.009 0.003 0.008 0.041 0.923 
 462 L _   0.008 0.008 0.000 0.008 0.003 0.008 0.042 0.923 
 463 P _   0.007 0.009 0.000 0.008 0.003 0.009 0.042 0.922 
 464 S _   0.007 0.011 0.000 0.008 0.003 0.009 0.042 0.920 
 465 P _   0.007 0.013 0.000 0.008 0.003 0.010 0.043 0.915 
 466 E _   0.008 0.016 0.000 0.009 0.004 0.011 0.043 0.909 
 467 L _   0.008 0.021 0.001 0.011 0.004 0.012 0.042 0.900 
 468 E _   0.009 0.027 0.001 0.014 0.005 0.014 0.042 0.888 
 469 L _   0.010 0.034 0.001 0.018 0.007 0.015 0.042 0.874 
 470 S _   0.011 0.041 0.001 0.022 0.008 0.017 0.041 0.860 
 471 K _   0.011 0.048 0.001 0.027 0.009 0.018 0.041 0.845 
 472 L _   0.012 0.053 0.001 0.031 0.011 0.019 0.041 0.833 
 473 R _   0.012 0.056 0.001 0.034 0.011 0.019 0.041 0.825 
 474 T _   0.013 0.058 0.001 0.035 0.012 0.019 0.042 0.822 
 475 S _   0.013 0.057 0.001 0.034 0.011 0.018 0.042 0.824 
 476 A _   0.013 0.053 0.001 0.031 0.010 0.017 0.043 0.831 
 477 I _   0.013 0.048 0.001 0.027 0.009 0.016 0.045 0.843 
 478 R _   0.012 0.041 0.001 0.021 0.007 0.014 0.046 0.857 
 479 T _   0.012 0.032 0.001 0.016 0.006 0.013 0.048 0.873 
 480 A _   0.011 0.024 0.001 0.012 0.005 0.011 0.049 0.887 
 481 P _   0.010 0.018 0.000 0.009 0.004 0.010 0.050 0.898 
 482 N _   0.010 0.014 0.000 0.007 0.003 0.010 0.051 0.905 
 483 P _   0.009 0.012 0.000 0.006 0.003 0.009 0.051 0.908 
 484 Y _   0.009 0.011 0.000 0.006 0.003 0.010 0.052 0.909 
 485 Y _   0.009 0.011 0.000 0.007 0.003 0.010 0.052 0.907 
 486 C _   0.009 0.011 0.000 0.010 0.004 0.011 0.052 0.902 
 487 Q _   0.009 0.013 0.001 0.012 0.005 0.011 0.052 0.897 
 488 V _   0.009 0.014 0.001 0.015 0.005 0.012 0.052 0.892 
 489 G _   0.009 0.015 0.001 0.018 0.006 0.012 0.052 0.887 
 490 L _   0.009 0.016 0.001 0.019 0.006 0.012 0.052 0.886 
 491 G _   0.009 0.015 0.001 0.020 0.006 0.012 0.052 0.887 
 492 P _   0.008 0.015 0.001 0.018 0.006 0.011 0.052 0.890 
 493 A _   0.008 0.013 0.001 0.016 0.005 0.010 0.052 0.895 
 494 Q _   0.007 0.011 0.001 0.014 0.004 0.010 0.052 0.902 
 495 S _   0.007 0.009 0.000 0.011 0.004 0.009 0.052 0.908 
 496 W _   0.006 0.007 0.000 0.009 0.003 0.008 0.053 0.914 
 497 P _   0.006 0.005 0.000 0.007 0.003 0.008 0.053 0.918 
 498 L _   0.006 0.004 0.000 0.006 0.003 0.009 0.052 0.920 
 499 P _   0.006 0.003 0.000 0.005 0.003 0.010 0.052 0.920 
 500 P _   0.007 0.003 0.000 0.005 0.003 0.011 0.052 0.918 
 501 G _   0.009 0.003 0.000 0.006 0.003 0.013 0.051 0.915 
 502 V _   0.011 0.004 0.000 0.006 0.004 0.016 0.050 0.909 
 503 T _   0.013 0.004 0.001 0.007 0.005 0.019 0.049 0.901 
 504 E _   0.017 0.006 0.001 0.008 0.007 0.024 0.048 0.889 
 505 V _   0.022 0.008 0.001 0.010 0.009 0.030 0.047 0.874 
 506 S _   0.028 0.011 0.001 0.012 0.013 0.036 0.045 0.854 
 507 P _   0.035 0.015 0.001 0.015 0.018 0.042 0.044 0.830 
 508 A _   0.042 0.020 0.001 0.020 0.023 0.048 0.042 0.803 
 509 N _   0.049 0.026 0.002 0.024 0.029 0.053 0.041 0.776 
 510 V _   0.056 0.031 0.002 0.029 0.033 0.057 0.040 0.752 
 511 T _   0.060 0.035 0.002 0.033 0.036 0.059 0.039 0.736 
 512 L _   0.063 0.037 0.002 0.035 0.036 0.059 0.038 0.729 
 513 L _   0.063 0.037 0.002 0.035 0.035 0.057 0.038 0.733 
 514 R _   0.062 0.036 0.002 0.032 0.032 0.055 0.038 0.744 
 515 A _   0.059 0.032 0.002 0.027 0.028 0.052 0.038 0.763 
 516 L _   0.057 0.027 0.002 0.021 0.023 0.048 0.038 0.785 
 517 G _   0.054 0.021 0.001 0.015 0.018 0.045 0.038 0.808 
 518 H _   0.051 0.017 0.001 0.011 0.015 0.042 0.038 0.825 
 519 G _   0.050 0.014 0.001 0.009 0.013 0.040 0.038 0.837 
 520 A _   0.049 0.013 0.001 0.008 0.011 0.038 0.037 0.842 
 521 F _   0.049 0.013 0.001 0.008 0.012 0.038 0.037 0.842 
 522 G _   0.049 0.015 0.001 0.010 0.013 0.038 0.037 0.837 
 523 E _   0.049 0.018 0.001 0.014 0.015 0.039 0.037 0.828 
 524 V _   0.049 0.022 0.001 0.019 0.018 0.038 0.037 0.816 
 525 Y _   0.048 0.027 0.001 0.025 0.020 0.038 0.037 0.804 
 526 E _   0.046 0.030 0.002 0.031 0.021 0.037 0.037 0.796 
 527 G _   0.044 0.033 0.002 0.034 0.021 0.034 0.038 0.795 
 528 L _   0.040 0.033 0.001 0.035 0.019 0.031 0.038 0.801 
 529 V _   0.035 0.032 0.001 0.033 0.016 0.028 0.039 0.815 
 530 I _   0.030 0.028 0.001 0.028 0.013 0.024 0.040 0.835 
 531 G _   0.025 0.023 0.001 0.021 0.010 0.020 0.041 0.859 
 532 L _   0.021 0.016 0.001 0.014 0.007 0.017 0.042 0.882 
 533 P _   0.017 0.011 0.001 0.009 0.004 0.014 0.043 0.902 
 534 G _   0.014 0.008 0.000 0.005 0.003 0.013 0.043 0.914 
 535 D _   0.012 0.006 0.000 0.004 0.003 0.012 0.043 0.920 
 536 S _   0.011 0.006 0.000 0.003 0.003 0.013 0.043 0.921 
 537 S _   0.012 0.007 0.000 0.005 0.003 0.014 0.042 0.916 
 538 P _   0.013 0.012 0.001 0.008 0.005 0.017 0.042 0.903 
 539 L _   0.015 0.021 0.001 0.014 0.008 0.020 0.041 0.879 
 540 Q _   0.017 0.037 0.001 0.024 0.011 0.023 0.039 0.847 
 541 V _   0.018 0.054 0.001 0.036 0.015 0.025 0.038 0.813 
 542 A _   0.019 0.069 0.001 0.047 0.017 0.026 0.037 0.785 
 543 I _   0.018 0.077 0.001 0.055 0.018 0.026 0.036 0.769 
 544 K _   0.018 0.080 0.001 0.058 0.018 0.025 0.036 0.764 
 545 T _   0.017 0.079 0.001 0.055 0.016 0.024 0.036 0.771 
 546 L _   0.016 0.073 0.001 0.048 0.014 0.022 0.037 0.789 
 547 P _   0.015 0.062 0.001 0.038 0.012 0.019 0.038 0.816 
 548 E _   0.014 0.045 0.001 0.026 0.009 0.017 0.039 0.850 
 549 L _   0.014 0.027 0.001 0.016 0.006 0.014 0.040 0.883 
 550 C _   0.013 0.012 0.001 0.008 0.004 0.013 0.040 0.909 
 551 S _   0.014 0.004 0.000 0.004 0.002 0.012 0.040 0.923 
 552 P _   0.016 0.001 0.000 0.002 0.002 0.012 0.040 0.926 
 553 Q _   0.023 0.000 0.000 0.002 0.002 0.014 0.039 0.920 
 554 D _   0.036 0.000 0.000 0.002 0.003 0.019 0.038 0.903 
 555 E _   0.058 0.000 0.001 0.002 0.006 0.026 0.037 0.871 
 556 L _   0.090 0.001 0.001 0.004 0.011 0.037 0.035 0.822 
 557 D _   0.127 0.002 0.001 0.007 0.020 0.048 0.033 0.761 
 558 F _   0.163 0.007 0.002 0.013 0.033 0.059 0.031 0.694 
 559 L _   0.193 0.013 0.002 0.021 0.045 0.067 0.029 0.630 
 560 M _   0.214 0.019 0.003 0.029 0.053 0.071 0.028 0.582 
 561 E _   0.227 0.023 0.003 0.036 0.057 0.072 0.027 0.556 
 562 A _   0.232 0.025 0.003 0.038 0.057 0.070 0.027 0.549 
 563 L _   0.233 0.024 0.003 0.035 0.053 0.066 0.026 0.560 
 564 I _   0.229 0.020 0.003 0.028 0.046 0.061 0.026 0.586 
 565 I _   0.220 0.015 0.002 0.020 0.037 0.054 0.027 0.624 
 566 S _   0.206 0.008 0.002 0.013 0.027 0.047 0.027 0.669 
 567 K _   0.189 0.004 0.001 0.007 0.018 0.041 0.027 0.712 
 568 F _   0.173 0.001 0.001 0.004 0.012 0.036 0.027 0.746 
 569 R _   0.159 0.000 0.001 0.002 0.008 0.033 0.028 0.769 
 570 H _   0.150 0.000 0.001 0.002 0.007 0.031 0.028 0.783 
 571 Q _   0.146 0.000 0.001 0.002 0.006 0.030 0.028 0.787 
 572 N _   0.148 0.000 0.001 0.002 0.007 0.031 0.028 0.784 
 573 I _   0.154 0.000 0.001 0.003 0.009 0.032 0.027 0.774 
 574 V _   0.162 0.000 0.001 0.005 0.011 0.034 0.027 0.760 
 575 R _   0.172 0.000 0.001 0.006 0.013 0.036 0.027 0.744 
 576 C _   0.181 0.001 0.001 0.007 0.015 0.038 0.027 0.730 
 577 V _   0.189 0.001 0.001 0.008 0.016 0.039 0.027 0.719 
 578 G _   0.197 0.001 0.001 0.008 0.016 0.039 0.028 0.710 
 579 L _   0.206 0.001 0.001 0.007 0.016 0.040 0.028 0.702 
 580 S _   0.214 0.000 0.001 0.005 0.015 0.040 0.028 0.697 
 581 L _   0.223 0.000 0.001 0.004 0.014 0.041 0.028 0.690 
 582 R _   0.233 0.000 0.001 0.003 0.014 0.042 0.028 0.679 
 583 A _   0.244 0.000 0.001 0.002 0.015 0.044 0.028 0.664 
 584 T _   0.255 0.000 0.001 0.003 0.018 0.047 0.029 0.647 
 585 P _   0.267 0.001 0.001 0.004 0.023 0.050 0.030 0.626 
 586 R _   0.276 0.002 0.002 0.006 0.028 0.052 0.031 0.604 
 587 L _   0.281 0.004 0.002 0.010 0.034 0.054 0.032 0.583 
 588 I _   0.280 0.007 0.002 0.015 0.039 0.055 0.034 0.568 
 589 L _   0.272 0.010 0.002 0.021 0.041 0.054 0.036 0.563 
 590 L _   0.257 0.012 0.002 0.025 0.041 0.052 0.039 0.572 
 591 E _   0.235 0.013 0.002 0.026 0.038 0.048 0.042 0.595 
 592 L _   0.207 0.013 0.002 0.025 0.033 0.044 0.046 0.632 
 593 M _   0.176 0.011 0.002 0.021 0.026 0.038 0.049 0.676 
 594 S _   0.146 0.009 0.002 0.016 0.019 0.033 0.053 0.722 
 595 G _   0.117 0.006 0.001 0.012 0.014 0.028 0.057 0.764 
 596 G _   0.092 0.005 0.001 0.010 0.010 0.024 0.060 0.799 
 597 D _   0.072 0.003 0.001 0.008 0.007 0.021 0.063 0.824 
 598 M _   0.057 0.003 0.001 0.008 0.006 0.018 0.065 0.841 
 599 K _   0.045 0.003 0.001 0.008 0.005 0.016 0.068 0.854 
 600 S _   0.035 0.002 0.001 0.009 0.005 0.014 0.070 0.864 
 601 F _   0.027 0.002 0.001 0.009 0.004 0.013 0.072 0.872 
 602 L _   0.021 0.002 0.000 0.009 0.004 0.011 0.074 0.878 
 603 R _   0.017 0.002 0.000 0.008 0.003 0.010 0.075 0.884 
 604 H _   0.013 0.002 0.000 0.007 0.003 0.009 0.076 0.889 
 605 S _   0.011 0.001 0.000 0.006 0.003 0.008 0.077 0.894 
 606 R _   0.009 0.001 0.000 0.005 0.002 0.007 0.078 0.897 
 607 P _   0.008 0.001 0.000 0.004 0.002 0.007 0.078 0.900 
 608 H _   0.008 0.001 0.000 0.003 0.002 0.007 0.077 0.901 
 609 L _   0.007 0.001 0.000 0.003 0.002 0.008 0.077 0.901 
 610 G _   0.008 0.002 0.000 0.003 0.002 0.009 0.076 0.899 
 611 Q _   0.009 0.004 0.000 0.004 0.003 0.012 0.075 0.893 
 612 P _   0.011 0.007 0.000 0.006 0.004 0.015 0.074 0.883 
 613 S _   0.014 0.014 0.001 0.009 0.006 0.020 0.072 0.865 
 614 P _   0.018 0.027 0.001 0.013 0.009 0.025 0.069 0.838 
 615 L _   0.021 0.046 0.001 0.019 0.013 0.030 0.066 0.804 
 616 V _   0.024 0.068 0.001 0.025 0.017 0.035 0.063 0.766 
 617 M _   0.027 0.090 0.002 0.031 0.021 0.038 0.061 0.732 
 618 R _   0.029 0.107 0.002 0.036 0.024 0.041 0.058 0.705 
 619 D _   0.030 0.120 0.002 0.039 0.025 0.042 0.056 0.686 
 620 L _   0.031 0.127 0.002 0.041 0.026 0.042 0.055 0.676 
 621 L _   0.032 0.131 0.002 0.040 0.026 0.042 0.053 0.674 
 622 Q _   0.032 0.131 0.002 0.038 0.025 0.040 0.053 0.678 
 623 L _   0.032 0.129 0.002 0.035 0.023 0.039 0.052 0.688 
 624 A _   0.032 0.124 0.001 0.032 0.021 0.037 0.052 0.701 
 625 Q _   0.031 0.117 0.001 0.029 0.019 0.034 0.052 0.716 
 626 D _   0.030 0.109 0.001 0.026 0.017 0.032 0.052 0.732 
 627 I _   0.029 0.100 0.001 0.024 0.015 0.029 0.052 0.749 
 628 A _   0.028 0.090 0.001 0.022 0.013 0.027 0.053 0.766 
 629 Q _   0.026 0.079 0.001 0.020 0.012 0.024 0.053 0.785 
 630 G _   0.024 0.068 0.001 0.018 0.010 0.022 0.054 0.803 
 631 C _   0.021 0.056 0.001 0.016 0.009 0.020 0.054 0.822 
 632 H _   0.019 0.045 0.001 0.014 0.007 0.018 0.055 0.841 
 633 Y _   0.017 0.035 0.001 0.012 0.006 0.016 0.055 0.858 
 634 L _   0.015 0.026 0.001 0.010 0.005 0.014 0.055 0.874 
 635 E _   0.013 0.020 0.001 0.008 0.004 0.013 0.055 0.886 
 636 E _   0.012 0.015 0.000 0.007 0.004 0.013 0.055 0.894 
 637 N _   0.011 0.012 0.000 0.006 0.003 0.012 0.055 0.900 
 638 H _   0.011 0.011 0.000 0.005 0.003 0.013 0.054 0.902 
 639 F _   0.012 0.010 0.000 0.006 0.004 0.014 0.053 0.901 
 640 I _   0.013 0.011 0.000 0.007 0.004 0.015 0.052 0.897 
 641 H _   0.014 0.012 0.001 0.008 0.006 0.017 0.051 0.891 
 642 R _   0.016 0.014 0.001 0.010 0.007 0.020 0.050 0.882 
 643 D _   0.018 0.017 0.001 0.013 0.009 0.022 0.048 0.871 
 644 I _   0.020 0.021 0.001 0.016 0.011 0.024 0.047 0.858 
 645 A _   0.023 0.025 0.001 0.019 0.013 0.026 0.046 0.846 
 646 A _   0.025 0.029 0.001 0.022 0.015 0.028 0.045 0.835 
 647 R _   0.026 0.031 0.001 0.024 0.016 0.029 0.044 0.828 
 648 N _   0.028 0.033 0.001 0.025 0.017 0.029 0.043 0.824 
 649 C _   0.029 0.033 0.001 0.025 0.017 0.029 0.042 0.824 
 650 L _   0.029 0.032 0.001 0.024 0.016 0.028 0.042 0.826 
 651 L _   0.029 0.031 0.001 0.022 0.015 0.027 0.042 0.833 
 652 S _   0.029 0.028 0.001 0.019 0.013 0.026 0.042 0.843 
 653 C _   0.028 0.024 0.001 0.016 0.011 0.024 0.042 0.854 
 654 A _   0.026 0.021 0.001 0.013 0.009 0.023 0.042 0.865 
 655 G _   0.025 0.018 0.001 0.010 0.008 0.022 0.042 0.874 
 656 P _   0.024 0.016 0.001 0.008 0.007 0.021 0.042 0.881 
 657 S _   0.024 0.015 0.001 0.007 0.006 0.021 0.042 0.885 
 658 R _   0.024 0.015 0.001 0.007 0.006 0.021 0.041 0.885 
 659 V _   0.024 0.016 0.001 0.007 0.007 0.022 0.041 0.882 
 660 A _   0.024 0.019 0.001 0.009 0.008 0.023 0.041 0.876 
 661 K _   0.025 0.023 0.001 0.011 0.009 0.024 0.040 0.867 
 662 I _   0.025 0.029 0.001 0.014 0.011 0.026 0.040 0.855 
 663 G _   0.026 0.036 0.001 0.018 0.012 0.027 0.039 0.841 
