#TopoPred_TM8: 8-state transmembrane topology prediction results by no_profile mode 
#probabilities are in the order of H E C I L F X _, the 8 transmembrane topology types used in PDBTM 
   1 M X   0.008 0.001 0.002 0.042 0.008 0.007 0.870 0.063 
   2 G X   0.003 0.000 0.000 0.024 0.002 0.003 0.898 0.070 
   3 C X   0.001 0.000 0.000 0.012 0.001 0.002 0.907 0.077 
   4 V X   0.001 0.000 0.000 0.007 0.000 0.002 0.908 0.082 
   5 Q X   0.001 0.000 0.000 0.005 0.000 0.002 0.906 0.086 
   6 C X   0.001 0.000 0.000 0.004 0.000 0.002 0.902 0.091 
   7 K X   0.001 0.000 0.000 0.003 0.000 0.002 0.898 0.095 
   8 D X   0.001 0.000 0.000 0.003 0.001 0.002 0.892 0.101 
   9 K X   0.001 0.000 0.000 0.003 0.001 0.002 0.885 0.107 
  10 E X   0.001 0.001 0.000 0.004 0.001 0.003 0.877 0.113 
  11 A X   0.001 0.001 0.000 0.005 0.001 0.003 0.867 0.121 
  12 T X   0.002 0.002 0.000 0.007 0.001 0.004 0.856 0.129 
  13 K X   0.002 0.003 0.000 0.008 0.002 0.004 0.845 0.137 
  14 L X   0.002 0.003 0.000 0.009 0.002 0.004 0.834 0.146 
  15 T X   0.002 0.004 0.000 0.010 0.002 0.004 0.822 0.156 
  16 E X   0.002 0.004 0.000 0.010 0.002 0.004 0.812 0.166 
  17 E X   0.002 0.004 0.000 0.009 0.002 0.004 0.802 0.176 
  18 R X   0.002 0.004 0.000 0.008 0.002 0.004 0.792 0.187 
  19 D X   0.002 0.005 0.000 0.007 0.002 0.004 0.783 0.197 
  20 G X   0.002 0.005 0.000 0.007 0.002 0.004 0.773 0.208 
  21 S X   0.002 0.005 0.000 0.006 0.001 0.004 0.764 0.218 
  22 L X   0.002 0.005 0.000 0.006 0.002 0.004 0.754 0.227 
  23 N X   0.002 0.005 0.000 0.007 0.002 0.004 0.744 0.236 
  24 Q X   0.002 0.005 0.000 0.007 0.002 0.004 0.733 0.246 
  25 S X   0.003 0.006 0.000 0.008 0.002 0.005 0.722 0.255 
  26 S X   0.003 0.006 0.000 0.008 0.002 0.005 0.711 0.265 
  27 G X   0.003 0.007 0.000 0.008 0.002 0.005 0.699 0.276 
  28 Y X   0.003 0.007 0.000 0.008 0.002 0.005 0.687 0.288 
  29 R X   0.003 0.007 0.000 0.008 0.002 0.005 0.674 0.301 
  30 Y X   0.003 0.008 0.000 0.007 0.002 0.005 0.661 0.315 
  31 G X   0.003 0.008 0.000 0.007 0.002 0.005 0.646 0.329 
  32 T X   0.003 0.009 0.000 0.006 0.002 0.005 0.631 0.345 
  33 D X   0.003 0.010 0.000 0.006 0.002 0.006 0.613 0.360 
  34 P X   0.003 0.013 0.000 0.007 0.002 0.006 0.593 0.376 
  35 T X   0.003 0.018 0.000 0.009 0.003 0.008 0.570 0.390 
  36 P X   0.004 0.026 0.001 0.012 0.004 0.010 0.542 0.401 
  37 Q X   0.005 0.043 0.001 0.018 0.006 0.013 0.508 0.406 
  38 H X   0.005 0.069 0.001 0.027 0.009 0.015 0.469 0.404 
  39 Y X   0.006 0.104 0.002 0.038 0.012 0.017 0.427 0.394 
  40 P X   0.005 0.142 0.002 0.048 0.014 0.018 0.388 0.383 
  41 S _   0.005 0.174 0.002 0.056 0.014 0.018 0.356 0.375 
  42 F _   0.005 0.197 0.001 0.061 0.014 0.018 0.330 0.373 
  43 G _   0.005 0.211 0.001 0.062 0.013 0.017 0.312 0.379 
  44 V _   0.005 0.218 0.001 0.059 0.012 0.016 0.297 0.392 
  45 T _   0.005 0.220 0.001 0.052 0.010 0.015 0.285 0.412 
  46 S _   0.005 0.217 0.001 0.043 0.009 0.013 0.276 0.436 
  47 I _   0.004 0.211 0.001 0.033 0.007 0.012 0.268 0.464 
  48 P _   0.004 0.202 0.001 0.024 0.005 0.011 0.260 0.492 
  49 N _   0.004 0.194 0.001 0.016 0.004 0.011 0.253 0.517 
  50 Y _   0.004 0.188 0.000 0.012 0.003 0.011 0.246 0.536 
  51 N _   0.005 0.186 0.000 0.009 0.003 0.011 0.239 0.548 
  52 N _   0.005 0.187 0.000 0.009 0.003 0.013 0.230 0.552 
  53 F _   0.006 0.194 0.001 0.010 0.005 0.015 0.220 0.549 
  54 H _   0.008 0.210 0.001 0.014 0.007 0.018 0.207 0.535 
  55 A _   0.010 0.240 0.001 0.021 0.011 0.022 0.190 0.505 
  56 A _   0.011 0.290 0.002 0.029 0.016 0.024 0.170 0.458 
  57 G _   0.011 0.352 0.002 0.038 0.020 0.026 0.150 0.400 
  58 G E   0.011 0.414 0.002 0.047 0.022 0.026 0.132 0.346 
  59 Q E   0.011 0.460 0.002 0.055 0.022 0.025 0.119 0.306 
  60 G E   0.010 0.489 0.002 0.061 0.022 0.024 0.110 0.282 
  61 L E   0.010 0.502 0.001 0.064 0.022 0.023 0.104 0.273 
  62 T E   0.010 0.506 0.001 0.065 0.021 0.022 0.100 0.275 
  63 V E   0.010 0.501 0.001 0.063 0.019 0.020 0.097 0.288 
  64 F E   0.010 0.485 0.002 0.058 0.018 0.019 0.096 0.314 
  65 G E   0.010 0.454 0.002 0.050 0.016 0.017 0.095 0.356 
  66 G _   0.010 0.402 0.002 0.041 0.014 0.016 0.096 0.419 
  67 V _   0.011 0.335 0.002 0.031 0.011 0.016 0.097 0.497 
  68 N _   0.010 0.265 0.001 0.023 0.009 0.015 0.098 0.579 
  69 S _   0.009 0.208 0.001 0.015 0.007 0.014 0.099 0.646 
  70 S _   0.008 0.173 0.001 0.010 0.005 0.014 0.100 0.690 
  71 S _   0.007 0.154 0.000 0.008 0.004 0.014 0.099 0.713 
  72 H _   0.007 0.146 0.000 0.007 0.003 0.014 0.098 0.723 
  73 T _   0.008 0.144 0.000 0.007 0.003 0.016 0.097 0.725 
  74 G _   0.009 0.145 0.000 0.008 0.004 0.018 0.095 0.720 
  75 T _   0.010 0.151 0.001 0.010 0.005 0.021 0.093 0.709 
  76 L _   0.013 0.160 0.001 0.012 0.007 0.025 0.091 0.691 
  77 R _   0.016 0.173 0.001 0.014 0.010 0.029 0.088 0.669 
  78 T _   0.019 0.189 0.001 0.017 0.013 0.033 0.085 0.643 
  79 R _   0.024 0.207 0.001 0.019 0.017 0.038 0.082 0.612 
  80 G _   0.029 0.229 0.002 0.021 0.023 0.043 0.079 0.575 
  81 G _   0.034 0.256 0.002 0.024 0.029 0.047 0.075 0.532 
  82 T _   0.040 0.287 0.002 0.027 0.036 0.050 0.073 0.484 
  83 G _   0.045 0.322 0.002 0.033 0.040 0.052 0.071 0.436 
  84 V _   0.048 0.354 0.002 0.039 0.042 0.051 0.069 0.394 
  85 T E   0.049 0.379 0.002 0.045 0.042 0.049 0.069 0.364 
  86 L E   0.049 0.394 0.002 0.051 0.041 0.046 0.069 0.348 
  87 F E   0.047 0.400 0.002 0.054 0.038 0.043 0.070 0.346 
  88 V E   0.045 0.397 0.002 0.055 0.034 0.039 0.072 0.356 
  89 A E   0.042 0.385 0.002 0.053 0.030 0.035 0.075 0.379 
  90 L _   0.038 0.359 0.002 0.048 0.025 0.031 0.078 0.419 
  91 Y _   0.034 0.316 0.002 0.042 0.021 0.027 0.083 0.475 
  92 D _   0.030 0.256 0.002 0.035 0.017 0.023 0.089 0.548 
  93 Y _   0.027 0.188 0.002 0.027 0.013 0.020 0.095 0.628 
  94 E _   0.023 0.125 0.001 0.020 0.009 0.017 0.101 0.704 
  95 A _   0.019 0.077 0.001 0.014 0.006 0.014 0.107 0.764 
  96 R _   0.014 0.047 0.001 0.009 0.004 0.011 0.110 0.804 
  97 T _   0.011 0.030 0.000 0.006 0.003 0.009 0.112 0.829 
  98 E _   0.008 0.022 0.000 0.004 0.002 0.007 0.113 0.842 
  99 D _   0.007 0.018 0.000 0.004 0.002 0.007 0.114 0.850 
 100 D _   0.006 0.017 0.000 0.004 0.001 0.006 0.113 0.853 
 101 L _   0.005 0.017 0.000 0.004 0.002 0.007 0.112 0.853 
 102 S _   0.006 0.019 0.000 0.006 0.002 0.008 0.110 0.850 
 103 F _   0.006 0.023 0.000 0.008 0.003 0.009 0.108 0.843 
 104 H _   0.006 0.029 0.000 0.013 0.004 0.010 0.105 0.832 
 105 K _   0.007 0.038 0.001 0.018 0.005 0.012 0.102 0.819 
 106 G _   0.007 0.047 0.001 0.023 0.006 0.013 0.098 0.805 
 107 E _   0.007 0.055 0.001 0.028 0.007 0.013 0.095 0.794 
 108 K _   0.007 0.061 0.001 0.030 0.007 0.013 0.093 0.788 
 109 F _   0.007 0.064 0.001 0.030 0.007 0.013 0.091 0.787 
 110 Q _   0.007 0.064 0.001 0.028 0.007 0.012 0.090 0.791 
 111 I _   0.006 0.063 0.001 0.024 0.006 0.011 0.089 0.800 
 112 L _   0.006 0.061 0.001 0.020 0.005 0.010 0.088 0.810 
 113 N _   0.006 0.057 0.001 0.015 0.004 0.010 0.087 0.820 
 114 S _   0.006 0.054 0.000 0.012 0.003 0.009 0.086 0.829 
 115 S _   0.006 0.052 0.000 0.009 0.003 0.009 0.086 0.836 
 116 E _   0.006 0.051 0.000 0.008 0.003 0.009 0.085 0.839 
 117 G _   0.006 0.052 0.000 0.008 0.003 0.009 0.083 0.839 
 118 D _   0.007 0.054 0.000 0.009 0.003 0.010 0.082 0.835 
 119 W _   0.007 0.058 0.000 0.011 0.004 0.011 0.080 0.828 
 120 W _   0.008 0.065 0.001 0.013 0.005 0.013 0.077 0.818 
 121 E _   0.009 0.074 0.001 0.017 0.006 0.014 0.075 0.805 
 122 A _   0.009 0.084 0.001 0.021 0.007 0.015 0.072 0.791 
 123 R _   0.009 0.093 0.001 0.024 0.009 0.016 0.070 0.778 
 124 S _   0.009 0.100 0.001 0.027 0.009 0.016 0.068 0.768 
 125 L _   0.009 0.105 0.001 0.030 0.010 0.017 0.066 0.762 
 126 T _   0.009 0.108 0.001 0.030 0.010 0.016 0.065 0.760 
 127 T _   0.010 0.109 0.001 0.030 0.010 0.016 0.064 0.761 
 128 G _   0.009 0.108 0.001 0.029 0.009 0.015 0.064 0.765 
 129 E _   0.009 0.105 0.001 0.027 0.008 0.014 0.063 0.772 
 130 T _   0.009 0.099 0.001 0.023 0.008 0.014 0.063 0.783 
 131 G _   0.009 0.093 0.001 0.020 0.007 0.013 0.064 0.794 
 132 Y _   0.009 0.085 0.001 0.017 0.006 0.012 0.064 0.807 
 133 I _   0.009 0.078 0.001 0.014 0.005 0.011 0.064 0.818 
 134 P _   0.008 0.071 0.001 0.012 0.004 0.010 0.065 0.829 
 135 S _   0.008 0.065 0.000 0.010 0.004 0.010 0.065 0.838 
 136 N _   0.008 0.061 0.000 0.008 0.003 0.009 0.065 0.845 
 137 Y _   0.008 0.059 0.000 0.007 0.003 0.009 0.065 0.849 
 138 V _   0.008 0.059 0.000 0.007 0.003 0.010 0.064 0.850 
 139 A _   0.008 0.060 0.000 0.007 0.003 0.011 0.063 0.848 
 140 P _   0.008 0.064 0.000 0.008 0.004 0.012 0.062 0.842 
 141 V _   0.009 0.071 0.001 0.010 0.005 0.013 0.061 0.830 
 142 D _   0.010 0.083 0.001 0.014 0.006 0.015 0.059 0.812 
 143 S _   0.010 0.101 0.001 0.019 0.008 0.017 0.057 0.787 
 144 I _   0.011 0.122 0.001 0.026 0.010 0.018 0.055 0.757 
 145 Q _   0.012 0.143 0.001 0.033 0.012 0.019 0.053 0.728 
 146 A _   0.012 0.159 0.001 0.039 0.013 0.019 0.051 0.706 
 147 E _   0.012 0.169 0.001 0.043 0.013 0.019 0.051 0.692 
 148 E _   0.011 0.174 0.001 0.044 0.012 0.018 0.050 0.689 
 149 W _   0.011 0.173 0.001 0.042 0.011 0.017 0.050 0.695 
 150 Y _   0.010 0.168 0.001 0.037 0.009 0.015 0.051 0.710 
 151 F _   0.009 0.157 0.001 0.029 0.008 0.013 0.052 0.731 
 152 G _   0.009 0.142 0.001 0.022 0.006 0.011 0.052 0.757 
 153 K _   0.008 0.126 0.001 0.016 0.005 0.010 0.053 0.782 
 154 L _   0.007 0.112 0.000 0.011 0.003 0.009 0.054 0.803 
 155 G _   0.006 0.102 0.000 0.008 0.003 0.008 0.055 0.818 
 156 R _   0.006 0.097 0.000 0.006 0.002 0.008 0.055 0.825 
 157 K _   0.006 0.095 0.000 0.006 0.002 0.008 0.055 0.827 
 158 D _   0.006 0.097 0.000 0.007 0.003 0.008 0.055 0.825 
 159 A _   0.006 0.101 0.000 0.009 0.003 0.009 0.054 0.817 
 160 E _   0.007 0.108 0.000 0.011 0.004 0.010 0.053 0.807 
 161 R _   0.007 0.117 0.001 0.014 0.005 0.011 0.052 0.795 
 162 Q _   0.007 0.125 0.001 0.017 0.005 0.011 0.051 0.783 
 163 L _   0.007 0.132 0.001 0.018 0.005 0.011 0.050 0.775 
 164 L _   0.007 0.138 0.001 0.018 0.006 0.011 0.049 0.770 
 165 S _   0.007 0.141 0.001 0.018 0.006 0.011 0.049 0.768 
 166 F _   0.007 0.143 0.001 0.017 0.006 0.012 0.048 0.767 
 167 G _   0.007 0.145 0.001 0.016 0.006 0.012 0.048 0.766 
 168 N _   0.008 0.146 0.001 0.016 0.006 0.012 0.048 0.764 
 169 P _   0.008 0.148 0.001 0.016 0.006 0.013 0.048 0.760 
 170 R _   0.009 0.150 0.001 0.017 0.007 0.013 0.048 0.755 
 171 G _   0.010 0.153 0.001 0.018 0.007 0.014 0.048 0.750 
 172 T _   0.010 0.155 0.001 0.019 0.007 0.014 0.049 0.745 
 173 F _   0.011 0.156 0.001 0.020 0.007 0.014 0.049 0.742 
 174 L _   0.010 0.156 0.001 0.020 0.007 0.014 0.050 0.741 
 175 I _   0.010 0.154 0.001 0.020 0.007 0.014 0.050 0.744 
 176 R _   0.010 0.151 0.001 0.018 0.006 0.013 0.051 0.749 
 177 E _   0.009 0.148 0.001 0.016 0.006 0.013 0.052 0.756 
 178 S _   0.009 0.143 0.001 0.015 0.005 0.012 0.053 0.762 
 179 E _   0.008 0.139 0.001 0.014 0.005 0.012 0.054 0.767 
 180 T _   0.008 0.136 0.001 0.014 0.005 0.012 0.054 0.770 
 181 T _   0.008 0.134 0.001 0.015 0.005 0.012 0.055 0.770 
 182 K _   0.008 0.134 0.001 0.017 0.005 0.012 0.056 0.767 
 183 G _   0.008 0.133 0.001 0.019 0.006 0.012 0.057 0.763 
 184 A _   0.009 0.132 0.001 0.022 0.006 0.012 0.058 0.759 
 185 Y _   0.009 0.130 0.001 0.025 0.007 0.012 0.060 0.757 
 186 S _   0.009 0.126 0.001 0.026 0.007 0.012 0.061 0.759 
 187 L _   0.008 0.118 0.001 0.026 0.006 0.011 0.063 0.766 
 188 S _   0.008 0.107 0.001 0.023 0.006 0.010 0.066 0.779 
 189 I _   0.008 0.092 0.001 0.020 0.005 0.009 0.068 0.797 
 190 R _   0.007 0.074 0.001 0.016 0.004 0.009 0.071 0.818 
 191 D _   0.007 0.057 0.001 0.012 0.003 0.008 0.074 0.838 
 192 W _   0.006 0.043 0.000 0.009 0.003 0.007 0.076 0.856 
 193 D _   0.006 0.033 0.000 0.007 0.002 0.006 0.078 0.868 
 194 D _   0.005 0.027 0.000 0.005 0.002 0.006 0.079 0.876 
 195 M _   0.005 0.023 0.000 0.005 0.002 0.006 0.079 0.880 
 196 K _   0.005 0.022 0.000 0.005 0.002 0.006 0.079 0.881 
 197 G _   0.005 0.022 0.000 0.006 0.002 0.006 0.079 0.880 
 198 D _   0.005 0.023 0.000 0.007 0.002 0.007 0.078 0.877 
 199 H _   0.005 0.026 0.000 0.009 0.003 0.008 0.078 0.871 
 200 V _   0.005 0.029 0.000 0.012 0.003 0.009 0.076 0.865 
 201 K _   0.005 0.033 0.000 0.014 0.004 0.009 0.075 0.859 
 202 H _   0.006 0.036 0.001 0.016 0.004 0.010 0.074 0.854 
 203 Y _   0.006 0.039 0.001 0.017 0.004 0.010 0.072 0.851 
 204 K _   0.006 0.041 0.001 0.017 0.004 0.010 0.071 0.850 
 205 I _   0.005 0.043 0.001 0.015 0.004 0.010 0.070 0.852 
 206 R _   0.005 0.044 0.000 0.013 0.004 0.010 0.069 0.854 
 207 K _   0.005 0.045 0.000 0.012 0.004 0.010 0.068 0.856 
 208 L _   0.006 0.046 0.000 0.010 0.004 0.011 0.067 0.857 
 209 D _   0.006 0.048 0.000 0.010 0.004 0.012 0.066 0.855 
 210 N _   0.007 0.051 0.001 0.010 0.004 0.014 0.065 0.849 
 211 G _   0.008 0.057 0.001 0.011 0.005 0.016 0.063 0.839 
 212 G _   0.010 0.065 0.001 0.013 0.007 0.019 0.062 0.823 
 213 Y _   0.012 0.076 0.001 0.017 0.009 0.022 0.060 0.804 
 214 Y _   0.014 0.089 0.001 0.021 0.011 0.026 0.058 0.781 
 215 I _   0.016 0.102 0.001 0.025 0.013 0.029 0.056 0.758 
 216 T _   0.017 0.114 0.001 0.029 0.016 0.031 0.054 0.737 
 217 T _   0.019 0.124 0.001 0.032 0.018 0.033 0.052 0.720 
 218 R _   0.020 0.132 0.001 0.034 0.019 0.035 0.051 0.707 
 219 A _   0.021 0.137 0.001 0.036 0.021 0.035 0.050 0.698 
 220 Q _   0.021 0.139 0.001 0.038 0.022 0.036 0.049 0.693 
 221 F _   0.022 0.139 0.001 0.039 0.022 0.035 0.049 0.693 
 222 E _   0.022 0.136 0.001 0.039 0.021 0.034 0.049 0.697 
 223 T _   0.022 0.130 0.001 0.038 0.020 0.033 0.049 0.706 
 224 L _   0.022 0.119 0.001 0.036 0.018 0.031 0.050 0.722 
 225 Q _   0.022 0.105 0.001 0.032 0.016 0.029 0.051 0.744 
 226 Q _   0.022 0.085 0.001 0.027 0.014 0.027 0.052 0.773 
 227 L _   0.022 0.062 0.001 0.020 0.011 0.025 0.053 0.805 
 228 V _   0.022 0.039 0.001 0.015 0.009 0.024 0.054 0.837 
 229 Q _   0.023 0.021 0.001 0.010 0.007 0.023 0.054 0.861 
 230 H _   0.025 0.010 0.001 0.006 0.006 0.023 0.054 0.874 
 231 Y _   0.029 0.005 0.001 0.004 0.005 0.024 0.054 0.878 
 232 S _   0.036 0.002 0.001 0.003 0.005 0.026 0.054 0.872 
 233 E _   0.045 0.002 0.001 0.003 0.007 0.030 0.054 0.859 
 234 R _   0.059 0.002 0.001 0.004 0.009 0.035 0.053 0.837 
 235 A _   0.075 0.002 0.001 0.006 0.014 0.041 0.053 0.808 
 236 A _   0.093 0.004 0.001 0.008 0.020 0.047 0.052 0.774 
 237 G _   0.110 0.008 0.002 0.013 0.027 0.052 0.052 0.737 
 238 L _   0.124 0.012 0.002 0.018 0.034 0.056 0.051 0.703 
 239 C _   0.134 0.017 0.002 0.023 0.039 0.058 0.052 0.676 
 240 C _   0.139 0.020 0.002 0.027 0.042 0.058 0.052 0.660 
 241 R _   0.140 0.022 0.002 0.029 0.042 0.056 0.053 0.655 
 242 L _   0.135 0.023 0.002 0.029 0.040 0.054 0.055 0.663 
 243 V _   0.127 0.022 0.002 0.027 0.036 0.050 0.057 0.680 
 244 V _   0.115 0.020 0.002 0.024 0.030 0.045 0.059 0.705 
 245 P _   0.101 0.017 0.002 0.021 0.024 0.040 0.061 0.734 
 246 C _   0.087 0.014 0.001 0.017 0.018 0.035 0.063 0.764 
 247 H _   0.073 0.011 0.001 0.014 0.014 0.030 0.066 0.791 
 248 K _   0.060 0.009 0.001 0.012 0.011 0.026 0.068 0.813 
 249 G _   0.049 0.007 0.001 0.011 0.008 0.022 0.070 0.832 
 250 M _   0.039 0.006 0.001 0.010 0.007 0.019 0.072 0.848 
 251 P _   0.030 0.005 0.001 0.009 0.005 0.016 0.073 0.860 
 252 R _   0.024 0.004 0.001 0.009 0.005 0.014 0.075 0.870 
 253 L _   0.019 0.003 0.000 0.008 0.004 0.012 0.076 0.878 
 254 T _   0.015 0.003 0.000 0.007 0.003 0.010 0.076 0.885 
 255 D _   0.012 0.002 0.000 0.006 0.003 0.009 0.077 0.891 
 256 L _   0.009 0.002 0.000 0.006 0.003 0.008 0.077 0.895 
 257 S _   0.008 0.002 0.000 0.005 0.002 0.007 0.076 0.899 
 258 V _   0.007 0.002 0.000 0.004 0.002 0.007 0.076 0.901 
 259 K _   0.007 0.003 0.000 0.004 0.002 0.007 0.075 0.901 
 260 T _   0.007 0.003 0.000 0.005 0.002 0.008 0.074 0.900 
 261 K _   0.007 0.005 0.000 0.006 0.003 0.009 0.073 0.898 
 262 D _   0.008 0.007 0.000 0.007 0.003 0.010 0.071 0.893 
 263 V _   0.009 0.011 0.001 0.009 0.004 0.012 0.070 0.885 
 264 W _   0.010 0.017 0.001 0.012 0.006 0.014 0.067 0.874 
 265 E _   0.011 0.023 0.001 0.015 0.007 0.016 0.065 0.861 
 266 I _   0.012 0.031 0.001 0.019 0.009 0.018 0.063 0.847 
 267 P _   0.013 0.039 0.001 0.023 0.010 0.020 0.061 0.833 
 268 R _   0.014 0.045 0.001 0.026 0.012 0.021 0.059 0.822 
 269 E _   0.014 0.050 0.001 0.029 0.013 0.022 0.058 0.813 
 270 S _   0.015 0.053 0.001 0.030 0.013 0.022 0.057 0.809 
 271 L _   0.015 0.054 0.001 0.030 0.013 0.022 0.056 0.810 
 272 Q _   0.015 0.054 0.001 0.027 0.012 0.021 0.055 0.815 
 273 L _   0.015 0.051 0.001 0.024 0.010 0.020 0.055 0.824 
 274 I _   0.014 0.048 0.001 0.019 0.009 0.019 0.054 0.836 
 275 K _   0.014 0.043 0.001 0.015 0.007 0.018 0.054 0.847 
 276 R _   0.014 0.039 0.001 0.011 0.006 0.018 0.053 0.857 
 277 L _   0.014 0.036 0.001 0.009 0.006 0.018 0.053 0.864 
 278 G _   0.015 0.035 0.001 0.008 0.006 0.019 0.052 0.865 
 279 N _   0.016 0.036 0.001 0.008 0.006 0.020 0.051 0.861 
 280 G _   0.018 0.038 0.001 0.010 0.008 0.022 0.051 0.851 
 281 Q _   0.021 0.044 0.001 0.014 0.010 0.024 0.050 0.836 
 282 F _   0.023 0.052 0.001 0.021 0.013 0.026 0.049 0.815 
 283 G _   0.025 0.060 0.001 0.028 0.016 0.028 0.048 0.795 
 284 E _   0.025 0.067 0.001 0.034 0.018 0.028 0.047 0.780 
 285 V _   0.025 0.070 0.001 0.038 0.018 0.027 0.047 0.774 
 286 W _   0.023 0.071 0.001 0.038 0.017 0.025 0.047 0.777 
 287 M _   0.022 0.068 0.001 0.035 0.015 0.023 0.047 0.789 
 288 G _   0.020 0.063 0.001 0.029 0.012 0.021 0.048 0.807 
 289 T _   0.018 0.055 0.001 0.022 0.010 0.018 0.048 0.829 
 290 W _   0.015 0.046 0.001 0.016 0.007 0.016 0.049 0.851 
 291 N _   0.013 0.038 0.001 0.011 0.006 0.014 0.049 0.868 
 292 G _   0.012 0.033 0.001 0.008 0.004 0.013 0.049 0.880 
 293 N _   0.011 0.031 0.000 0.007 0.004 0.013 0.050 0.885 
 294 T _   0.011 0.030 0.000 0.007 0.004 0.013 0.050 0.884 
 295 K _   0.011 0.031 0.001 0.009 0.005 0.013 0.049 0.880 
 296 V _   0.011 0.034 0.001 0.012 0.006 0.014 0.049 0.873 
 297 A _   0.012 0.037 0.001 0.016 0.007 0.015 0.049 0.864 
 298 I _   0.012 0.041 0.001 0.020 0.008 0.015 0.049 0.855 
 299 K _   0.011 0.043 0.001 0.023 0.008 0.015 0.049 0.850 
 300 T _   0.011 0.044 0.001 0.023 0.008 0.015 0.049 0.850 
 301 L _   0.010 0.043 0.001 0.021 0.007 0.014 0.049 0.855 
 302 K _   0.009 0.041 0.001 0.018 0.006 0.013 0.049 0.863 
 303 P _   0.008 0.038 0.001 0.014 0.005 0.012 0.050 0.872 
 304 G _   0.008 0.035 0.001 0.011 0.004 0.011 0.050 0.880 
 305 T _   0.008 0.033 0.000 0.008 0.004 0.011 0.050 0.886 
 306 M _   0.008 0.032 0.000 0.007 0.003 0.011 0.050 0.888 
 307 S _   0.008 0.032 0.000 0.007 0.004 0.012 0.050 0.886 
 308 P _   0.009 0.034 0.000 0.009 0.004 0.013 0.050 0.880 
 309 E _   0.010 0.039 0.001 0.012 0.006 0.015 0.050 0.868 
 310 S _   0.011 0.045 0.001 0.018 0.007 0.016 0.050 0.852 
 311 F _   0.012 0.053 0.001 0.025 0.009 0.018 0.049 0.833 
 312 L _   0.013 0.060 0.001 0.032 0.011 0.019 0.049 0.815 
 313 E _   0.013 0.065 0.001 0.037 0.012 0.020 0.049 0.803 
 314 E _   0.013 0.066 0.001 0.040 0.012 0.019 0.049 0.799 
 315 A _   0.013 0.065 0.001 0.039 0.011 0.018 0.050 0.802 
 316 Q _   0.012 0.061 0.001 0.035 0.010 0.017 0.051 0.814 
 317 I _   0.011 0.053 0.001 0.028 0.008 0.015 0.052 0.831 
 318 M _   0.011 0.042 0.001 0.021 0.006 0.013 0.053 0.853 
 319 K _   0.010 0.030 0.001 0.014 0.005 0.012 0.055 0.874 
 320 K _   0.009 0.020 0.000 0.009 0.004 0.011 0.056 0.892 
 321 L _   0.008 0.013 0.000 0.006 0.003 0.010 0.056 0.903 
 322 K _   0.008 0.010 0.000 0.004 0.002 0.010 0.057 0.909 
 323 H _   0.008 0.008 0.000 0.004 0.002 0.011 0.057 0.910 
 324 D _   0.010 0.008 0.000 0.004 0.003 0.012 0.057 0.906 
 325 K _   0.012 0.009 0.000 0.005 0.004 0.015 0.056 0.898 
 326 L _   0.014 0.012 0.001 0.008 0.005 0.018 0.056 0.886 
 327 V _   0.017 0.018 0.001 0.011 0.007 0.022 0.055 0.869 
 328 Q _   0.020 0.025 0.001 0.015 0.010 0.025 0.054 0.850 
 329 L _   0.023 0.033 0.001 0.019 0.012 0.028 0.053 0.831 
 330 Y _   0.026 0.040 0.001 0.022 0.015 0.031 0.052 0.814 
 331 A _   0.028 0.046 0.001 0.023 0.016 0.034 0.051 0.800 
 332 V _   0.031 0.051 0.001 0.023 0.018 0.035 0.051 0.790 
 333 V _   0.034 0.054 0.001 0.023 0.019 0.037 0.051 0.782 
 334 S _   0.036 0.058 0.001 0.022 0.020 0.038 0.050 0.775 
 335 E _   0.038 0.060 0.001 0.022 0.020 0.038 0.051 0.769 
 336 E _   0.039 0.063 0.001 0.023 0.021 0.038 0.051 0.764 
 337 P _   0.040 0.065 0.001 0.024 0.021 0.038 0.052 0.759 
 338 I _   0.039 0.067 0.001 0.026 0.021 0.036 0.052 0.757 
 339 Y _   0.037 0.068 0.001 0.027 0.020 0.035 0.053 0.758 
 340 I _   0.034 0.068 0.001 0.028 0.018 0.032 0.055 0.763 
 341 V _   0.032 0.066 0.001 0.028 0.016 0.030 0.056 0.770 
 342 T _   0.028 0.064 0.001 0.027 0.014 0.027 0.058 0.781 
 343 E _   0.024 0.059 0.001 0.024 0.012 0.023 0.060 0.796 
 344 Y _   0.021 0.053 0.001 0.021 0.010 0.020 0.061 0.813 
 345 M _   0.017 0.046 0.001 0.018 0.008 0.018 0.063 0.829 
 346 N _   0.015 0.039 0.001 0.015 0.007 0.015 0.065 0.843 
 347 K _   0.013 0.033 0.001 0.013 0.005 0.013 0.067 0.854 
 348 G _   0.011 0.028 0.001 0.012 0.005 0.012 0.068 0.863 
 349 S _   0.010 0.024 0.001 0.011 0.004 0.011 0.070 0.869 
 350 L _   0.009 0.021 0.000 0.011 0.004 0.010 0.071 0.873 
 351 L _   0.008 0.018 0.000 0.011 0.004 0.009 0.072 0.877 
 352 D _   0.008 0.015 0.000 0.011 0.003 0.008 0.074 0.880 
 353 F _   0.007 0.013 0.000 0.010 0.003 0.008 0.075 0.884 
 354 L _   0.006 0.010 0.000 0.009 0.003 0.007 0.075 0.888 
 355 K _   0.006 0.008 0.000 0.008 0.003 0.007 0.076 0.892 
 356 D _   0.005 0.006 0.000 0.007 0.002 0.007 0.076 0.896 
 357 G _   0.005 0.004 0.000 0.007 0.002 0.006 0.076 0.899 
 358 E _   0.005 0.003 0.000 0.006 0.002 0.007 0.076 0.901 
 359 G _   0.005 0.002 0.000 0.005 0.002 0.007 0.076 0.902 
 360 R _   0.006 0.002 0.000 0.005 0.002 0.007 0.075 0.903 
 361 A _   0.006 0.001 0.000 0.005 0.002 0.008 0.074 0.902 
 362 L _   0.008 0.001 0.000 0.005 0.002 0.010 0.073 0.901 
 363 K _   0.011 0.001 0.000 0.005 0.003 0.012 0.072 0.897 
 364 L _   0.015 0.001 0.000 0.005 0.003 0.016 0.070 0.890 
 365 P _   0.023 0.001 0.000 0.005 0.004 0.021 0.068 0.878 
 366 N _   0.037 0.001 0.001 0.006 0.006 0.027 0.065 0.857 
 367 L _   0.056 0.001 0.001 0.007 0.010 0.035 0.062 0.828 
 368 V _   0.082 0.002 0.001 0.008 0.015 0.044 0.059 0.789 
 369 D _   0.113 0.002 0.001 0.010 0.023 0.054 0.056 0.741 
 370 M _   0.146 0.004 0.002 0.012 0.031 0.062 0.053 0.691 
 371 A _   0.178 0.005 0.002 0.014 0.039 0.069 0.050 0.642 
 372 A _   0.207 0.007 0.002 0.016 0.046 0.074 0.048 0.600 
 373 Q _   0.230 0.009 0.002 0.017 0.052 0.076 0.046 0.567 
 374 V _   0.248 0.011 0.002 0.018 0.055 0.077 0.045 0.544 
 375 A _   0.260 0.012 0.002 0.018 0.056 0.075 0.045 0.533 
 376 A _   0.263 0.012 0.002 0.018 0.055 0.072 0.044 0.533 
 377 G _   0.260 0.012 0.002 0.018 0.052 0.068 0.045 0.543 
 378 M _   0.250 0.012 0.002 0.018 0.048 0.064 0.045 0.561 
 379 A _   0.233 0.011 0.002 0.018 0.042 0.059 0.046 0.588 
 380 Y _   0.210 0.010 0.002 0.018 0.036 0.053 0.048 0.623 
 381 I _   0.181 0.009 0.002 0.017 0.030 0.047 0.049 0.664 
 382 E _   0.151 0.007 0.002 0.017 0.023 0.041 0.051 0.707 
 383 R _   0.122 0.006 0.001 0.015 0.017 0.035 0.053 0.751 
 384 M _   0.095 0.004 0.001 0.012 0.012 0.029 0.055 0.792 
 385 N _   0.071 0.003 0.001 0.009 0.009 0.024 0.056 0.828 
 386 Y _   0.052 0.002 0.001 0.007 0.006 0.020 0.057 0.856 
 387 I _   0.039 0.001 0.001 0.005 0.004 0.017 0.058 0.876 
 388 H _   0.030 0.000 0.000 0.004 0.003 0.015 0.058 0.889 
 389 R _   0.025 0.000 0.000 0.003 0.003 0.014 0.058 0.897 
 390 D _   0.023 0.000 0.000 0.003 0.003 0.015 0.058 0.899 
 391 L _   0.023 0.000 0.000 0.003 0.003 0.016 0.057 0.896 
 392 R _   0.026 0.000 0.000 0.003 0.004 0.019 0.057 0.890 
 393 S _   0.032 0.000 0.001 0.004 0.005 0.022 0.056 0.879 
 394 A _   0.039 0.001 0.001 0.006 0.008 0.026 0.055 0.864 
 395 N _   0.049 0.001 0.001 0.007 0.010 0.031 0.054 0.846 
 396 I _   0.060 0.002 0.001 0.009 0.014 0.036 0.053 0.824 
 397 L _   0.071 0.003 0.001 0.011 0.017 0.042 0.052 0.802 
 398 V _   0.083 0.004 0.001 0.012 0.021 0.046 0.051 0.780 
 399 G _   0.095 0.005 0.002 0.013 0.025 0.050 0.050 0.760 
 400 N _   0.105 0.006 0.002 0.014 0.028 0.053 0.050 0.743 
 401 G _   0.114 0.007 0.002 0.014 0.030 0.055 0.050 0.729 
 402 L _   0.120 0.009 0.002 0.014 0.031 0.057 0.050 0.718 
 403 I _   0.124 0.010 0.002 0.014 0.031 0.057 0.050 0.712 
 404 C _   0.125 0.011 0.002 0.014 0.031 0.056 0.051 0.710 
 405 K _   0.121 0.013 0.002 0.016 0.030 0.054 0.051 0.713 
 406 I _   0.115 0.015 0.002 0.018 0.029 0.052 0.052 0.717 
 407 A _   0.107 0.017 0.002 0.021 0.028 0.049 0.054 0.722 
 408 D _   0.098 0.020 0.002 0.024 0.026 0.046 0.055 0.730 
 409 F _   0.086 0.021 0.002 0.027 0.024 0.041 0.057 0.742 
 410 G _   0.075 0.022 0.002 0.029 0.021 0.037 0.059 0.757 
 411 L _   0.062 0.021 0.001 0.028 0.017 0.032 0.061 0.777 
 412 A _   0.050 0.019 0.001 0.026 0.014 0.027 0.063 0.799 
 413 R _   0.039 0.016 0.001 0.022 0.010 0.022 0.065 0.824 
 414 L _   0.030 0.013 0.001 0.017 0.007 0.018 0.067 0.848 
 415 I _   0.022 0.009 0.001 0.012 0.005 0.014 0.069 0.869 
 416 E _   0.016 0.006 0.000 0.008 0.003 0.011 0.070 0.886 
 417 D _   0.012 0.004 0.000 0.006 0.002 0.009 0.070 0.897 
 418 N _   0.010 0.002 0.000 0.004 0.002 0.007 0.070 0.904 
 419 E _   0.008 0.002 0.000 0.003 0.002 0.006 0.070 0.908 
 420 Y _   0.007 0.002 0.000 0.003 0.002 0.006 0.070 0.910 
 421 T _   0.007 0.002 0.000 0.004 0.002 0.007 0.069 0.910 
 422 A _   0.007 0.003 0.000 0.005 0.002 0.007 0.068 0.908 
 423 R _   0.007 0.004 0.000 0.006 0.003 0.008 0.067 0.905 
 424 Q _   0.007 0.006 0.000 0.008 0.003 0.009 0.065 0.901 
 425 G _   0.007 0.008 0.000 0.011 0.004 0.011 0.063 0.896 
 426 A _   0.008 0.011 0.001 0.013 0.005 0.012 0.061 0.890 
 427 K _   0.008 0.014 0.001 0.015 0.005 0.013 0.059 0.885 
 428 F _   0.008 0.017 0.001 0.016 0.006 0.014 0.057 0.881 
 429 P _   0.009 0.019 0.001 0.016 0.006 0.016 0.055 0.878 
 430 I _   0.010 0.021 0.001 0.017 0.007 0.017 0.053 0.875 
 431 K _   0.010 0.022 0.001 0.018 0.008 0.018 0.051 0.872 
 432 W _   0.011 0.024 0.001 0.018 0.009 0.020 0.050 0.868 
 433 T _   0.013 0.025 0.001 0.020 0.010 0.022 0.048 0.862 
 434 A _   0.014 0.026 0.001 0.021 0.011 0.023 0.046 0.857 
 435 P _   0.017 0.027 0.001 0.023 0.012 0.025 0.045 0.851 
 436 E _   0.019 0.027 0.001 0.025 0.013 0.026 0.044 0.845 
 437 A _   0.022 0.027 0.001 0.026 0.014 0.027 0.043 0.841 
 438 A _   0.025 0.025 0.001 0.026 0.014 0.027 0.041 0.840 
 439 L _   0.030 0.023 0.001 0.024 0.014 0.027 0.040 0.841 
 440 Y _   0.035 0.019 0.001 0.021 0.013 0.027 0.039 0.845 
 441 G _   0.043 0.014 0.001 0.017 0.012 0.026 0.038 0.849 
 442 R _   0.054 0.009 0.001 0.012 0.010 0.026 0.038 0.851 
 443 F _   0.069 0.004 0.001 0.008 0.009 0.025 0.036 0.847 
 444 T _   0.091 0.002 0.001 0.005 0.008 0.025 0.035 0.833 
 445 I _   0.123 0.001 0.001 0.003 0.008 0.025 0.034 0.806 
 446 K _   0.166 0.000 0.001 0.002 0.009 0.027 0.033 0.763 
 447 S _   0.224 0.000 0.001 0.002 0.011 0.029 0.031 0.702 
 448 D _   0.296 0.000 0.001 0.002 0.015 0.032 0.030 0.625 
 449 V _   0.378 0.000 0.001 0.002 0.020 0.035 0.029 0.534 
 450 W H   0.455 0.000 0.002 0.003 0.028 0.038 0.028 0.447 
 451 S H   0.514 0.000 0.002 0.003 0.035 0.041 0.028 0.377 
 452 F H   0.559 0.001 0.002 0.004 0.042 0.041 0.028 0.322 
 453 G H   0.588 0.001 0.002 0.005 0.047 0.041 0.030 0.286 
 454 I H   0.601 0.002 0.002 0.007 0.050 0.041 0.032 0.266 
 455 L H   0.599 0.002 0.002 0.008 0.051 0.039 0.035 0.263 
 456 L H   0.581 0.002 0.003 0.009 0.051 0.038 0.039 0.277 
 457 T H   0.548 0.003 0.003 0.010 0.048 0.036 0.044 0.309 
 458 E H   0.498 0.003 0.003 0.011 0.042 0.033 0.051 0.359 
 459 L H   0.430 0.002 0.003 0.011 0.035 0.030 0.060 0.428 
 460 V _   0.352 0.002 0.002 0.011 0.027 0.027 0.070 0.508 
 461 T _   0.273 0.001 0.002 0.011 0.019 0.023 0.081 0.590 
 462 K _   0.200 0.001 0.001 0.009 0.013 0.019 0.092 0.664 
 463 G _   0.139 0.001 0.001 0.008 0.009 0.016 0.101 0.726 
 464 R _   0.092 0.001 0.001 0.007 0.006 0.013 0.109 0.773 
 465 V _   0.059 0.000 0.001 0.005 0.004 0.010 0.116 0.805 
 466 P _   0.037 0.000 0.000 0.004 0.003 0.008 0.120 0.827 
 467 Y _   0.024 0.000 0.000 0.003 0.002 0.007 0.124 0.839 
 468 P _   0.016 0.001 0.000 0.003 0.002 0.006 0.127 0.846 
 469 G _   0.011 0.001 0.000 0.003 0.002 0.006 0.129 0.848 
 470 M _   0.009 0.002 0.000 0.003 0.002 0.007 0.130 0.847 
 471 N _   0.009 0.004 0.000 0.005 0.002 0.008 0.131 0.841 
 472 N _   0.009 0.008 0.000 0.007 0.003 0.010 0.131 0.831 
 473 R _   0.009 0.016 0.001 0.012 0.005 0.012 0.131 0.814 
 474 E _   0.010 0.028 0.001 0.017 0.006 0.014 0.131 0.793 
 475 V _   0.010 0.042 0.001 0.025 0.008 0.016 0.131 0.768 
 476 L _   0.010 0.054 0.001 0.032 0.010 0.017 0.130 0.745 
 477 E _   0.010 0.064 0.001 0.038 0.011 0.018 0.131 0.728 
 478 Q _   0.010 0.070 0.001 0.042 0.011 0.018 0.132 0.717 
 479 V _   0.009 0.072 0.001 0.043 0.011 0.018 0.133 0.712 
 480 E _   0.009 0.072 0.001 0.042 0.011 0.017 0.136 0.713 
 481 R _   0.009 0.068 0.001 0.038 0.010 0.016 0.139 0.719 
 482 G _   0.009 0.062 0.001 0.032 0.009 0.015 0.143 0.730 
 483 Y _   0.008 0.052 0.001 0.026 0.007 0.013 0.148 0.744 
 484 R _   0.008 0.041 0.001 0.019 0.006 0.012 0.153 0.760 
 485 M _   0.007 0.030 0.001 0.013 0.004 0.011 0.158 0.775 
 486 P _   0.007 0.021 0.000 0.009 0.003 0.011 0.162 0.787 
 487 C _   0.007 0.015 0.000 0.005 0.002 0.011 0.165 0.794 
 488 P _   0.008 0.012 0.000 0.004 0.002 0.011 0.168 0.795 
 489 Q _   0.010 0.011 0.000 0.003 0.002 0.014 0.169 0.790 
 490 D _   0.013 0.012 0.000 0.004 0.004 0.017 0.170 0.779 
 491 C _   0.019 0.017 0.001 0.006 0.007 0.024 0.171 0.757 
 492 P _   0.026 0.031 0.001 0.011 0.013 0.032 0.171 0.715 
 493 I _   0.033 0.066 0.002 0.021 0.023 0.039 0.171 0.645 
 494 S _   0.037 0.127 0.003 0.038 0.033 0.045 0.170 0.548 
 495 L _   0.038 0.195 0.003 0.058 0.039 0.047 0.170 0.450 
 496 H _   0.037 0.244 0.003 0.075 0.040 0.047 0.171 0.383 
 497 E _   0.035 0.269 0.002 0.087 0.038 0.044 0.175 0.349 
 498 L _   0.033 0.278 0.002 0.092 0.035 0.041 0.181 0.339 
 499 M _   0.030 0.277 0.002 0.090 0.031 0.037 0.189 0.345 
 500 I _   0.026 0.265 0.002 0.080 0.027 0.032 0.199 0.368 
 501 H _   0.023 0.237 0.002 0.065 0.022 0.027 0.212 0.411 
 502 C _   0.021 0.187 0.002 0.047 0.016 0.022 0.229 0.476 
 503 W _   0.018 0.122 0.002 0.030 0.011 0.018 0.247 0.553 
 504 K _   0.015 0.066 0.001 0.016 0.007 0.014 0.264 0.618 
 505 K _   0.011 0.033 0.001 0.008 0.004 0.011 0.276 0.657 
 506 D _   0.008 0.019 0.000 0.004 0.002 0.009 0.283 0.674 
 507 P _   0.007 0.015 0.000 0.002 0.001 0.009 0.288 0.678 
 508 E _   0.007 0.014 0.000 0.002 0.001 0.010 0.291 0.674 
 509 E _   0.008 0.017 0.000 0.003 0.002 0.012 0.294 0.664 
 510 R _   0.011 0.025 0.000 0.006 0.004 0.016 0.295 0.641 
 511 P _   0.014 0.051 0.001 0.012 0.008 0.022 0.295 0.596 
 512 T _   0.016 0.109 0.002 0.021 0.014 0.026 0.293 0.518 
 513 F _   0.017 0.196 0.002 0.032 0.019 0.029 0.291 0.415 
 514 E _   0.015 0.286 0.002 0.040 0.021 0.029 0.289 0.318 
 515 Y E   0.013 0.354 0.002 0.047 0.021 0.028 0.289 0.247 
 516 L E   0.011 0.396 0.002 0.051 0.021 0.026 0.292 0.201 
 517 Q E   0.010 0.420 0.001 0.054 0.020 0.025 0.296 0.175 
 518 S E   0.009 0.431 0.001 0.055 0.019 0.024 0.301 0.159 
 519 F E   0.009 0.435 0.001 0.055 0.019 0.022 0.309 0.149 
 520 L E   0.009 0.432 0.001 0.054 0.018 0.021 0.320 0.143 
 521 E E   0.009 0.423 0.001 0.053 0.017 0.020 0.334 0.142 
 522 D E   0.010 0.405 0.002 0.050 0.017 0.019 0.353 0.145 
 523 Y X   0.010 0.376 0.002 0.048 0.016 0.018 0.379 0.151 
 524 F X   0.011 0.334 0.002 0.045 0.016 0.018 0.412 0.162 
 525 T X   0.011 0.283 0.002 0.042 0.015 0.017 0.454 0.176 
 526 A X   0.011 0.223 0.002 0.037 0.013 0.016 0.505 0.192 
 527 T X   0.011 0.163 0.002 0.031 0.011 0.015 0.560 0.207 
 528 E X   0.010 0.112 0.001 0.024 0.008 0.013 0.611 0.220 
 529 P X   0.008 0.073 0.001 0.018 0.006 0.011 0.655 0.228 
 530 Q X   0.006 0.046 0.001 0.013 0.004 0.008 0.689 0.233 
 531 Y X   0.004 0.029 0.000 0.009 0.003 0.006 0.716 0.232 
 532 Q X   0.003 0.018 0.000 0.006 0.002 0.004 0.738 0.231 
 533 P X   0.001 0.010 0.000 0.003 0.001 0.002 0.753 0.230 
 534 G X   0.000 0.005 0.000 0.002 0.000 0.000 0.762 0.230 
 535 E X   0.000 0.003 0.000 0.001 0.000 0.000 0.764 0.231 
 536 N X   0.000 0.003 0.000 0.002 0.000 0.000 0.762 0.233 
 537 L X   0.002 0.003 0.001 0.008 0.002 0.002 0.748 0.234 
