#TopoPred_TM8: 8-state transmembrane topology prediction results by no_profile mode 
#probabilities are in the order of H E C I L F X _, the 8 transmembrane topology types used in PDBTM 
   1 M X   0.010 0.001 0.002 0.055 0.008 0.009 0.780 0.134 
   2 K X   0.004 0.001 0.000 0.034 0.002 0.004 0.803 0.152 
   3 K X   0.001 0.000 0.000 0.020 0.001 0.003 0.809 0.166 
   4 F X   0.001 0.001 0.000 0.013 0.000 0.003 0.808 0.174 
   5 S X   0.001 0.001 0.000 0.011 0.001 0.003 0.803 0.181 
   6 R X   0.001 0.001 0.000 0.009 0.001 0.003 0.794 0.190 
   7 M X   0.002 0.002 0.000 0.008 0.001 0.004 0.784 0.200 
   8 P X   0.002 0.003 0.000 0.007 0.001 0.004 0.770 0.213 
   9 K X   0.002 0.004 0.000 0.008 0.001 0.005 0.752 0.228 
  10 S X   0.002 0.007 0.000 0.009 0.002 0.005 0.729 0.246 
  11 E X   0.002 0.011 0.000 0.010 0.002 0.006 0.702 0.266 
  12 G X   0.002 0.017 0.000 0.013 0.003 0.007 0.670 0.287 
  13 G X   0.003 0.027 0.001 0.016 0.004 0.009 0.634 0.307 
  14 S X   0.003 0.040 0.001 0.020 0.005 0.010 0.594 0.326 
  15 G X   0.003 0.058 0.001 0.025 0.006 0.012 0.551 0.343 
  16 G X   0.004 0.081 0.001 0.029 0.007 0.013 0.506 0.357 
  17 G X   0.004 0.108 0.001 0.034 0.008 0.015 0.461 0.368 
  18 A X   0.004 0.137 0.001 0.037 0.009 0.016 0.417 0.378 
  19 A _   0.004 0.164 0.001 0.040 0.010 0.016 0.376 0.387 
  20 G _   0.005 0.190 0.001 0.042 0.010 0.017 0.338 0.397 
  21 G _   0.005 0.212 0.001 0.044 0.010 0.018 0.306 0.405 
  22 G _   0.005 0.231 0.001 0.045 0.011 0.018 0.277 0.412 
  23 A _   0.005 0.246 0.001 0.046 0.011 0.018 0.252 0.420 
  24 G _   0.005 0.258 0.001 0.047 0.011 0.019 0.230 0.428 
  25 G _   0.005 0.267 0.001 0.048 0.012 0.019 0.212 0.436 
  26 A _   0.005 0.273 0.001 0.048 0.012 0.019 0.197 0.446 
  27 G _   0.005 0.274 0.001 0.046 0.011 0.019 0.184 0.459 
  28 A _   0.006 0.272 0.001 0.044 0.011 0.018 0.173 0.475 
  29 G _   0.006 0.267 0.001 0.040 0.010 0.018 0.163 0.495 
  30 A _   0.006 0.257 0.001 0.034 0.009 0.018 0.155 0.519 
  31 G _   0.006 0.243 0.001 0.029 0.009 0.018 0.148 0.546 
  32 C _   0.007 0.227 0.001 0.023 0.008 0.018 0.141 0.575 
  33 G _   0.008 0.210 0.001 0.018 0.007 0.020 0.136 0.601 
  34 S _   0.009 0.196 0.001 0.015 0.007 0.021 0.130 0.623 
  35 G _   0.010 0.185 0.001 0.013 0.007 0.024 0.124 0.637 
  36 G _   0.012 0.179 0.001 0.012 0.008 0.027 0.118 0.643 
  37 S _   0.015 0.176 0.001 0.013 0.010 0.030 0.112 0.642 
  38 S _   0.019 0.177 0.001 0.015 0.012 0.035 0.106 0.634 
  39 V _   0.024 0.181 0.001 0.019 0.016 0.039 0.100 0.621 
  40 G _   0.028 0.186 0.001 0.024 0.021 0.043 0.093 0.604 
  41 V _   0.032 0.191 0.002 0.029 0.025 0.045 0.087 0.589 
  42 R _   0.035 0.195 0.002 0.034 0.028 0.047 0.082 0.577 
  43 V _   0.037 0.195 0.002 0.038 0.030 0.048 0.077 0.574 
  44 F _   0.039 0.191 0.002 0.040 0.030 0.047 0.073 0.578 
  45 A _   0.039 0.182 0.002 0.040 0.030 0.046 0.070 0.591 
  46 V _   0.039 0.167 0.002 0.038 0.028 0.044 0.068 0.614 
  47 G _   0.039 0.145 0.002 0.033 0.025 0.042 0.066 0.647 
  48 R _   0.038 0.117 0.002 0.028 0.022 0.040 0.064 0.689 
  49 H _   0.038 0.085 0.002 0.022 0.018 0.038 0.063 0.734 
  50 Q _   0.038 0.056 0.001 0.017 0.015 0.036 0.062 0.776 
  51 V _   0.038 0.034 0.001 0.012 0.012 0.034 0.060 0.809 
  52 T _   0.040 0.019 0.001 0.009 0.009 0.033 0.059 0.831 
  53 L _   0.043 0.010 0.001 0.007 0.008 0.032 0.057 0.843 
  54 E _   0.048 0.005 0.001 0.006 0.008 0.032 0.055 0.846 
  55 E _   0.058 0.003 0.001 0.005 0.008 0.033 0.052 0.841 
  56 S _   0.071 0.001 0.001 0.005 0.009 0.035 0.050 0.829 
  57 L _   0.088 0.001 0.001 0.005 0.010 0.038 0.048 0.810 
  58 A _   0.108 0.001 0.001 0.005 0.013 0.041 0.045 0.786 
  59 E _   0.133 0.001 0.001 0.005 0.016 0.044 0.042 0.757 
  60 G _   0.161 0.001 0.001 0.006 0.020 0.048 0.040 0.724 
  61 G _   0.189 0.001 0.002 0.006 0.025 0.051 0.037 0.689 
  62 F _   0.217 0.001 0.002 0.007 0.029 0.054 0.035 0.656 
  63 S _   0.241 0.001 0.002 0.008 0.033 0.056 0.034 0.626 
  64 T _   0.262 0.001 0.002 0.008 0.036 0.057 0.032 0.603 
  65 V _   0.278 0.001 0.002 0.009 0.036 0.057 0.031 0.586 
  66 F _   0.286 0.001 0.002 0.008 0.036 0.055 0.031 0.580 
  67 L _   0.287 0.001 0.002 0.008 0.034 0.054 0.031 0.583 
  68 V _   0.282 0.001 0.002 0.007 0.031 0.052 0.031 0.594 
  69 R _   0.273 0.001 0.002 0.006 0.029 0.051 0.031 0.608 
  70 T _   0.258 0.001 0.002 0.006 0.026 0.049 0.031 0.627 
  71 H _   0.241 0.001 0.001 0.006 0.024 0.048 0.032 0.647 
  72 G _   0.221 0.001 0.001 0.007 0.023 0.046 0.032 0.667 
  73 G _   0.202 0.002 0.001 0.008 0.023 0.045 0.033 0.684 
  74 I _   0.182 0.003 0.002 0.012 0.024 0.044 0.034 0.700 
  75 R _   0.159 0.005 0.002 0.016 0.024 0.042 0.035 0.716 
  76 C _   0.137 0.007 0.002 0.020 0.024 0.040 0.037 0.733 
  77 A _   0.115 0.009 0.002 0.024 0.023 0.037 0.038 0.753 
  78 L _   0.093 0.010 0.002 0.026 0.020 0.033 0.040 0.776 
  79 K _   0.073 0.010 0.001 0.026 0.017 0.029 0.042 0.802 
  80 R _   0.055 0.009 0.001 0.023 0.013 0.024 0.044 0.830 
  81 M _   0.041 0.007 0.001 0.019 0.010 0.020 0.045 0.858 
  82 Y _   0.030 0.005 0.001 0.014 0.007 0.016 0.047 0.881 
  83 V _   0.022 0.004 0.001 0.010 0.004 0.012 0.048 0.900 
  84 N _   0.015 0.002 0.000 0.006 0.003 0.010 0.049 0.914 
  85 N _   0.012 0.001 0.000 0.004 0.002 0.008 0.049 0.923 
  86 M _   0.009 0.001 0.000 0.003 0.002 0.007 0.049 0.928 
  87 P _   0.008 0.001 0.000 0.003 0.002 0.007 0.049 0.930 
  88 D _   0.008 0.001 0.000 0.003 0.002 0.008 0.049 0.930 
  89 L _   0.009 0.001 0.000 0.003 0.002 0.009 0.048 0.927 
  90 N _   0.010 0.003 0.000 0.005 0.003 0.012 0.047 0.920 
  91 V _   0.012 0.006 0.001 0.008 0.005 0.015 0.045 0.908 
  92 C _   0.014 0.012 0.001 0.014 0.008 0.019 0.044 0.890 
  93 K _   0.016 0.020 0.001 0.021 0.011 0.022 0.042 0.867 
  94 R _   0.018 0.028 0.001 0.030 0.014 0.025 0.040 0.845 
  95 E _   0.019 0.035 0.001 0.038 0.016 0.026 0.038 0.827 
  96 I _   0.018 0.039 0.001 0.043 0.017 0.027 0.036 0.817 
  97 T _   0.018 0.040 0.001 0.044 0.017 0.026 0.035 0.817 
  98 I _   0.018 0.039 0.001 0.041 0.016 0.025 0.035 0.826 
  99 M _   0.017 0.035 0.001 0.035 0.014 0.023 0.034 0.841 
 100 K _   0.016 0.029 0.001 0.026 0.011 0.022 0.034 0.861 
 101 E _   0.015 0.021 0.001 0.019 0.009 0.020 0.033 0.883 
 102 L _   0.014 0.013 0.001 0.012 0.007 0.018 0.033 0.902 
 103 S _   0.014 0.007 0.001 0.008 0.005 0.017 0.032 0.916 
 104 G _   0.015 0.004 0.000 0.005 0.004 0.017 0.032 0.922 
 105 H _   0.017 0.002 0.000 0.004 0.004 0.018 0.031 0.923 
 106 K _   0.020 0.002 0.000 0.004 0.005 0.020 0.030 0.919 
 107 N _   0.025 0.002 0.001 0.006 0.006 0.023 0.029 0.909 
 108 I _   0.031 0.003 0.001 0.008 0.009 0.026 0.028 0.895 
 109 V _   0.038 0.004 0.001 0.012 0.012 0.030 0.026 0.877 
 110 G _   0.045 0.005 0.001 0.016 0.016 0.033 0.025 0.859 
 111 Y _   0.054 0.006 0.001 0.020 0.019 0.036 0.023 0.841 
 112 L _   0.062 0.006 0.002 0.023 0.021 0.038 0.022 0.827 
 113 D _   0.070 0.006 0.002 0.022 0.021 0.038 0.021 0.820 
 114 C _   0.079 0.005 0.001 0.019 0.020 0.037 0.020 0.818 
 115 A _   0.089 0.004 0.001 0.015 0.017 0.036 0.019 0.818 
 116 V _   0.102 0.002 0.001 0.011 0.014 0.034 0.018 0.817 
 117 N _   0.118 0.001 0.001 0.007 0.012 0.032 0.017 0.811 
 118 S _   0.140 0.000 0.001 0.004 0.010 0.031 0.016 0.797 
 119 I _   0.168 0.000 0.001 0.003 0.009 0.031 0.015 0.773 
 120 S _   0.204 0.000 0.001 0.002 0.010 0.031 0.014 0.738 
 121 D _   0.250 0.000 0.001 0.002 0.012 0.033 0.013 0.689 
 122 N _   0.303 0.000 0.001 0.002 0.015 0.035 0.012 0.632 
 123 V _   0.360 0.000 0.001 0.002 0.019 0.037 0.011 0.569 
 124 W _   0.413 0.000 0.001 0.003 0.024 0.039 0.010 0.509 
 125 E H   0.460 0.000 0.002 0.003 0.029 0.040 0.010 0.456 
 126 V H   0.498 0.000 0.002 0.004 0.033 0.041 0.009 0.414 
 127 L H   0.525 0.000 0.002 0.004 0.036 0.040 0.009 0.383 
 128 I H   0.540 0.000 0.002 0.004 0.037 0.039 0.010 0.367 
 129 L H   0.544 0.000 0.002 0.004 0.038 0.038 0.010 0.364 
 130 M H   0.536 0.000 0.002 0.004 0.037 0.036 0.011 0.373 
 131 E H   0.517 0.000 0.002 0.004 0.036 0.035 0.012 0.394 
 132 Y H   0.487 0.000 0.002 0.005 0.034 0.034 0.013 0.426 
 133 C _   0.448 0.000 0.002 0.005 0.030 0.032 0.015 0.468 
 134 R _   0.400 0.000 0.002 0.006 0.027 0.031 0.017 0.518 
 135 A _   0.349 0.001 0.002 0.007 0.023 0.029 0.019 0.571 
 136 G _   0.297 0.001 0.002 0.008 0.019 0.027 0.022 0.625 
 137 Q _   0.244 0.001 0.001 0.009 0.016 0.025 0.025 0.680 
 138 V _   0.193 0.001 0.001 0.009 0.013 0.022 0.027 0.734 
 139 V _   0.148 0.001 0.001 0.009 0.010 0.020 0.029 0.782 
 140 N _   0.110 0.001 0.001 0.008 0.008 0.018 0.032 0.823 
 141 Q _   0.080 0.001 0.001 0.007 0.006 0.016 0.033 0.856 
 142 M _   0.058 0.000 0.001 0.006 0.005 0.014 0.035 0.881 
 143 N _   0.042 0.000 0.000 0.005 0.004 0.012 0.036 0.900 
 144 K _   0.031 0.000 0.000 0.004 0.003 0.012 0.036 0.913 
 145 K _   0.024 0.000 0.000 0.004 0.003 0.011 0.037 0.920 
 146 L _   0.021 0.000 0.000 0.003 0.003 0.012 0.037 0.924 
 147 Q _   0.020 0.000 0.000 0.003 0.003 0.013 0.037 0.924 
 148 T _   0.020 0.000 0.000 0.004 0.003 0.015 0.037 0.920 
 149 G _   0.023 0.000 0.000 0.004 0.004 0.018 0.036 0.913 
 150 F _   0.029 0.000 0.001 0.005 0.005 0.021 0.036 0.903 
 151 T _   0.036 0.001 0.001 0.006 0.007 0.026 0.035 0.888 
 152 E _   0.047 0.001 0.001 0.007 0.010 0.031 0.034 0.869 
 153 P _   0.060 0.001 0.001 0.008 0.013 0.037 0.034 0.846 
 154 E _   0.075 0.002 0.001 0.009 0.017 0.043 0.033 0.820 
 155 V _   0.093 0.002 0.001 0.010 0.021 0.049 0.032 0.792 
 156 L _   0.110 0.003 0.002 0.010 0.026 0.055 0.031 0.763 
 157 Q _   0.128 0.003 0.002 0.011 0.031 0.059 0.030 0.735 
 158 I _   0.144 0.004 0.002 0.012 0.036 0.063 0.030 0.709 
 159 F _   0.156 0.005 0.002 0.013 0.040 0.065 0.030 0.689 
 160 C _   0.164 0.006 0.002 0.015 0.043 0.067 0.030 0.674 
 161 D _   0.169 0.007 0.002 0.016 0.045 0.066 0.030 0.665 
 162 T _   0.169 0.008 0.002 0.018 0.044 0.065 0.031 0.663 
 163 C _   0.165 0.009 0.002 0.019 0.042 0.062 0.031 0.669 
 164 E _   0.157 0.009 0.002 0.020 0.038 0.058 0.032 0.683 
 165 A _   0.145 0.009 0.002 0.019 0.033 0.053 0.034 0.705 
 166 V _   0.132 0.008 0.002 0.017 0.027 0.047 0.035 0.732 
 167 A _   0.116 0.007 0.002 0.015 0.022 0.042 0.036 0.762 
 168 R _   0.098 0.006 0.001 0.012 0.017 0.036 0.037 0.792 
 169 L _   0.082 0.004 0.001 0.010 0.013 0.032 0.038 0.820 
 170 H _   0.067 0.003 0.001 0.008 0.010 0.028 0.039 0.843 
 171 Q _   0.054 0.003 0.001 0.007 0.008 0.024 0.040 0.862 
 172 C _   0.044 0.003 0.001 0.007 0.007 0.022 0.041 0.876 
 173 K _   0.036 0.003 0.001 0.007 0.006 0.020 0.041 0.886 
 174 T _   0.029 0.004 0.001 0.008 0.006 0.018 0.042 0.892 
 175 P _   0.025 0.005 0.001 0.009 0.006 0.017 0.042 0.895 
 176 I _   0.021 0.006 0.001 0.010 0.006 0.016 0.043 0.897 
 177 I _   0.019 0.008 0.001 0.011 0.006 0.015 0.043 0.897 
 178 H _   0.016 0.009 0.001 0.012 0.006 0.015 0.043 0.898 
 179 R _   0.014 0.011 0.001 0.013 0.006 0.014 0.043 0.898 
 180 D _   0.013 0.012 0.001 0.013 0.006 0.013 0.044 0.898 
 181 L _   0.012 0.013 0.001 0.013 0.006 0.012 0.044 0.899 
 182 K _   0.011 0.014 0.001 0.013 0.005 0.012 0.044 0.900 
 183 V _   0.010 0.016 0.001 0.013 0.005 0.011 0.044 0.901 
 184 E _   0.009 0.017 0.001 0.012 0.005 0.011 0.045 0.902 
 185 N _   0.009 0.018 0.001 0.011 0.004 0.010 0.045 0.903 
 186 I _   0.008 0.019 0.000 0.010 0.004 0.010 0.045 0.904 
 187 L _   0.008 0.020 0.000 0.009 0.004 0.010 0.045 0.904 
 188 L _   0.008 0.022 0.000 0.009 0.003 0.010 0.045 0.903 
 189 N _   0.008 0.025 0.000 0.009 0.004 0.010 0.045 0.899 
 190 D _   0.008 0.030 0.000 0.009 0.004 0.011 0.044 0.893 
 191 G _   0.009 0.037 0.001 0.011 0.005 0.013 0.043 0.882 
 192 G _   0.010 0.047 0.001 0.014 0.006 0.014 0.043 0.865 
 193 N _   0.010 0.061 0.001 0.019 0.008 0.016 0.042 0.844 
 194 Y _   0.011 0.077 0.001 0.024 0.009 0.017 0.041 0.818 
 195 V _   0.012 0.094 0.001 0.031 0.011 0.018 0.040 0.792 
 196 L _   0.012 0.108 0.001 0.037 0.012 0.019 0.039 0.772 
 197 C _   0.011 0.117 0.001 0.042 0.012 0.019 0.039 0.759 
 198 D _   0.011 0.122 0.001 0.044 0.012 0.018 0.039 0.753 
 199 F _   0.010 0.124 0.001 0.044 0.011 0.017 0.040 0.754 
 200 G _   0.010 0.122 0.001 0.041 0.010 0.016 0.040 0.761 
 201 S _   0.009 0.116 0.001 0.037 0.009 0.014 0.041 0.772 
 202 A _   0.009 0.107 0.001 0.032 0.008 0.013 0.043 0.788 
 203 T _   0.008 0.095 0.001 0.026 0.006 0.012 0.044 0.807 
 204 N _   0.008 0.082 0.001 0.021 0.005 0.010 0.046 0.828 
 205 K _   0.007 0.068 0.001 0.016 0.004 0.009 0.048 0.847 
 206 F _   0.007 0.056 0.000 0.012 0.003 0.008 0.049 0.864 
 207 L _   0.006 0.047 0.000 0.009 0.003 0.007 0.050 0.878 
 208 N _   0.005 0.040 0.000 0.007 0.002 0.006 0.050 0.888 
 209 P _   0.005 0.036 0.000 0.005 0.002 0.006 0.051 0.895 
 210 Q _   0.005 0.035 0.000 0.005 0.002 0.006 0.050 0.899 
 211 K _   0.004 0.035 0.000 0.005 0.002 0.006 0.050 0.899 
 212 D _   0.005 0.037 0.000 0.006 0.002 0.007 0.048 0.896 
 213 G _   0.005 0.042 0.000 0.007 0.002 0.008 0.047 0.888 
 214 V _   0.006 0.051 0.000 0.011 0.003 0.010 0.045 0.874 
 215 N _   0.006 0.065 0.001 0.015 0.005 0.012 0.042 0.854 
 216 V _   0.007 0.083 0.001 0.021 0.006 0.014 0.040 0.828 
 217 V _   0.008 0.104 0.001 0.027 0.008 0.016 0.037 0.801 
 218 E _   0.008 0.121 0.001 0.032 0.009 0.017 0.034 0.777 
 219 E _   0.008 0.134 0.001 0.036 0.010 0.018 0.032 0.761 
 220 E _   0.008 0.142 0.001 0.037 0.011 0.019 0.030 0.752 
 221 I _   0.008 0.146 0.001 0.037 0.011 0.019 0.028 0.750 
 222 K _   0.009 0.146 0.001 0.034 0.011 0.019 0.027 0.753 
 223 K _   0.009 0.144 0.001 0.031 0.010 0.019 0.026 0.760 
 224 Y _   0.010 0.140 0.001 0.027 0.010 0.018 0.026 0.769 
 225 T _   0.010 0.133 0.001 0.023 0.009 0.018 0.025 0.780 
 226 T _   0.011 0.126 0.001 0.021 0.009 0.018 0.025 0.790 
 227 L _   0.011 0.120 0.001 0.019 0.009 0.018 0.024 0.798 
 228 S _   0.012 0.113 0.001 0.019 0.009 0.018 0.024 0.805 
 229 Y _   0.012 0.107 0.001 0.019 0.009 0.018 0.024 0.810 
 230 R _   0.013 0.102 0.001 0.019 0.009 0.018 0.023 0.815 
 231 A _   0.013 0.097 0.001 0.020 0.009 0.018 0.023 0.819 
 232 P _   0.014 0.091 0.001 0.021 0.009 0.018 0.023 0.824 
 233 E _   0.014 0.084 0.001 0.021 0.009 0.017 0.023 0.831 
 234 M _   0.014 0.076 0.001 0.021 0.009 0.017 0.022 0.840 
 235 I _   0.015 0.066 0.001 0.020 0.008 0.016 0.022 0.852 
 236 N _   0.015 0.054 0.001 0.018 0.008 0.015 0.022 0.866 
 237 L _   0.015 0.042 0.001 0.016 0.007 0.015 0.022 0.882 
 238 Y _   0.016 0.029 0.001 0.013 0.006 0.014 0.022 0.898 
 239 G _   0.019 0.017 0.001 0.010 0.005 0.013 0.022 0.913 
 240 G _   0.022 0.009 0.001 0.007 0.004 0.013 0.022 0.922 
 241 K _   0.029 0.004 0.000 0.005 0.004 0.013 0.021 0.924 
 242 P _   0.040 0.002 0.000 0.004 0.003 0.013 0.020 0.918 
 243 I _   0.058 0.001 0.000 0.003 0.004 0.014 0.019 0.901 
 244 T _   0.088 0.000 0.001 0.002 0.005 0.016 0.018 0.870 
 245 T _   0.136 0.000 0.001 0.002 0.006 0.019 0.016 0.819 
 246 K _   0.203 0.000 0.001 0.002 0.009 0.023 0.014 0.747 
 247 A _   0.288 0.000 0.001 0.003 0.014 0.028 0.012 0.655 
 248 D _   0.381 0.000 0.001 0.003 0.020 0.032 0.010 0.553 
 249 I H   0.471 0.000 0.002 0.003 0.026 0.035 0.008 0.456 
 250 W H   0.547 0.000 0.002 0.003 0.031 0.036 0.007 0.374 
 251 A H   0.607 0.000 0.002 0.003 0.035 0.036 0.006 0.310 
 252 L H   0.653 0.000 0.002 0.003 0.038 0.034 0.006 0.264 
 253 G H   0.682 0.000 0.002 0.003 0.039 0.033 0.005 0.236 
 254 C H   0.700 0.000 0.002 0.003 0.039 0.031 0.005 0.220 
 255 L H   0.707 0.000 0.002 0.003 0.038 0.029 0.006 0.217 
 256 L H   0.701 0.000 0.002 0.002 0.036 0.027 0.006 0.226 
 257 Y H   0.685 0.000 0.002 0.002 0.033 0.026 0.007 0.246 
 258 K H   0.656 0.000 0.002 0.002 0.031 0.025 0.008 0.277 
 259 L H   0.614 0.000 0.002 0.003 0.028 0.024 0.009 0.321 
 260 C H   0.561 0.000 0.002 0.003 0.024 0.023 0.011 0.376 
 261 F H   0.498 0.000 0.002 0.003 0.021 0.023 0.013 0.440 
 262 F _   0.432 0.000 0.002 0.004 0.018 0.022 0.016 0.507 
 263 T _   0.365 0.000 0.001 0.004 0.015 0.022 0.019 0.574 
 264 L _   0.300 0.000 0.001 0.004 0.012 0.022 0.022 0.638 
 265 P _   0.241 0.000 0.001 0.004 0.011 0.022 0.025 0.695 
 266 F _   0.193 0.001 0.001 0.005 0.010 0.023 0.027 0.740 
 267 G _   0.154 0.001 0.001 0.006 0.010 0.023 0.030 0.774 
 268 E _   0.123 0.002 0.001 0.008 0.011 0.024 0.033 0.798 
 269 S _   0.099 0.004 0.001 0.012 0.011 0.025 0.035 0.813 
 270 Q _   0.080 0.007 0.001 0.016 0.013 0.025 0.037 0.821 
 271 V _   0.065 0.010 0.001 0.021 0.013 0.025 0.040 0.824 
 272 A _   0.052 0.013 0.001 0.026 0.014 0.024 0.043 0.826 
 273 I _   0.041 0.015 0.001 0.030 0.014 0.023 0.046 0.830 
 274 C _   0.033 0.017 0.001 0.031 0.013 0.021 0.049 0.836 
 275 D _   0.026 0.017 0.001 0.030 0.011 0.019 0.052 0.844 
 276 G _   0.021 0.015 0.001 0.027 0.009 0.016 0.056 0.855 
 277 N _   0.017 0.013 0.001 0.022 0.007 0.014 0.059 0.867 
 278 F _   0.013 0.010 0.001 0.016 0.005 0.012 0.063 0.879 
 279 T _   0.011 0.007 0.000 0.011 0.004 0.010 0.066 0.891 
 280 I _   0.008 0.005 0.000 0.007 0.003 0.008 0.069 0.900 
 281 P _   0.007 0.003 0.000 0.004 0.002 0.007 0.070 0.906 
 282 D _   0.006 0.002 0.000 0.003 0.001 0.007 0.072 0.908 
 283 N _   0.006 0.002 0.000 0.002 0.001 0.008 0.073 0.907 
 284 S _   0.007 0.003 0.000 0.003 0.002 0.010 0.073 0.903 
 285 R _   0.010 0.006 0.000 0.004 0.003 0.014 0.073 0.891 
 286 Y _   0.015 0.014 0.001 0.007 0.006 0.020 0.072 0.865 
 287 S _   0.021 0.040 0.001 0.015 0.013 0.028 0.071 0.813 
 288 R _   0.026 0.100 0.002 0.028 0.022 0.035 0.068 0.719 
 289 N _   0.028 0.192 0.003 0.046 0.031 0.040 0.065 0.595 
 290 I _   0.028 0.286 0.003 0.064 0.035 0.041 0.062 0.480 
 291 H _   0.027 0.348 0.003 0.080 0.036 0.040 0.061 0.405 
 292 C E   0.026 0.380 0.002 0.090 0.035 0.039 0.061 0.367 
 293 L E   0.025 0.393 0.002 0.095 0.033 0.036 0.063 0.353 
 294 I E   0.024 0.394 0.002 0.094 0.030 0.033 0.065 0.357 
 295 R E   0.023 0.383 0.002 0.087 0.027 0.030 0.069 0.379 
 296 F _   0.022 0.352 0.002 0.075 0.024 0.026 0.074 0.425 
 297 M _   0.021 0.292 0.002 0.058 0.020 0.023 0.082 0.502 
 298 L _   0.020 0.205 0.002 0.041 0.015 0.020 0.091 0.606 
 299 E _   0.018 0.115 0.002 0.024 0.010 0.016 0.101 0.714 
 300 P _   0.014 0.050 0.001 0.013 0.006 0.013 0.108 0.795 
 301 D _   0.011 0.019 0.000 0.006 0.003 0.011 0.112 0.838 
 302 P _   0.009 0.008 0.000 0.003 0.002 0.009 0.114 0.855 
 303 E _   0.008 0.005 0.000 0.002 0.001 0.010 0.115 0.859 
 304 H _   0.009 0.005 0.000 0.002 0.002 0.011 0.116 0.855 
 305 R _   0.012 0.006 0.000 0.003 0.003 0.016 0.116 0.844 
 306 P _   0.018 0.013 0.001 0.006 0.006 0.022 0.115 0.820 
 307 D _   0.025 0.034 0.001 0.012 0.012 0.031 0.113 0.772 
 308 I _   0.031 0.088 0.002 0.023 0.021 0.039 0.109 0.687 
 309 F _   0.034 0.177 0.003 0.037 0.030 0.044 0.104 0.571 
 310 Q _   0.033 0.271 0.003 0.051 0.036 0.046 0.100 0.460 
 311 V _   0.031 0.343 0.003 0.063 0.037 0.045 0.097 0.380 
 312 S E   0.029 0.386 0.002 0.071 0.037 0.043 0.096 0.336 
 313 Y E   0.027 0.406 0.002 0.076 0.035 0.041 0.096 0.316 
 314 F E   0.026 0.414 0.002 0.077 0.033 0.038 0.098 0.313 
 315 A E   0.024 0.411 0.002 0.074 0.030 0.034 0.101 0.324 
 316 F E   0.023 0.398 0.002 0.068 0.027 0.031 0.105 0.347 
 317 K _   0.021 0.371 0.002 0.059 0.023 0.027 0.110 0.385 
 318 F _   0.020 0.326 0.002 0.049 0.020 0.024 0.117 0.442 
 319 A _   0.019 0.266 0.002 0.039 0.016 0.021 0.125 0.512 
 320 K _   0.018 0.202 0.002 0.030 0.012 0.019 0.134 0.583 
 321 K _   0.016 0.147 0.001 0.022 0.009 0.016 0.143 0.645 
 322 D _   0.014 0.104 0.001 0.017 0.006 0.014 0.151 0.694 
 323 C _   0.012 0.074 0.001 0.012 0.004 0.012 0.156 0.729 
 324 P _   0.010 0.056 0.000 0.010 0.003 0.010 0.161 0.751 
 325 V _   0.008 0.045 0.000 0.008 0.003 0.008 0.164 0.764 
 326 S _   0.007 0.038 0.000 0.007 0.002 0.007 0.165 0.773 
 327 N _   0.006 0.033 0.000 0.006 0.002 0.007 0.167 0.779 
 328 I _   0.006 0.031 0.000 0.006 0.002 0.006 0.167 0.783 
 329 N _   0.005 0.030 0.000 0.006 0.002 0.006 0.167 0.785 
 330 N _   0.005 0.030 0.000 0.006 0.002 0.006 0.166 0.786 
 331 S _   0.005 0.031 0.000 0.006 0.002 0.006 0.164 0.785 
 332 S _   0.005 0.034 0.000 0.008 0.002 0.007 0.163 0.782 
 333 I _   0.005 0.038 0.000 0.009 0.003 0.008 0.160 0.777 
 334 P _   0.005 0.044 0.000 0.011 0.003 0.008 0.158 0.771 
 335 S _   0.005 0.051 0.000 0.013 0.004 0.009 0.155 0.763 
 336 A _   0.005 0.060 0.001 0.015 0.004 0.009 0.152 0.754 
 337 L _   0.005 0.069 0.001 0.017 0.005 0.010 0.149 0.745 
 338 P _   0.005 0.077 0.001 0.019 0.005 0.010 0.146 0.737 
 339 E _   0.005 0.085 0.001 0.020 0.005 0.011 0.144 0.729 
 340 P _   0.005 0.092 0.001 0.021 0.005 0.011 0.142 0.723 
 341 M _   0.005 0.097 0.001 0.022 0.006 0.011 0.140 0.718 
 342 T _   0.005 0.101 0.001 0.022 0.006 0.011 0.139 0.715 
 343 A _   0.005 0.104 0.001 0.022 0.006 0.012 0.138 0.713 
 344 S _   0.006 0.106 0.001 0.021 0.006 0.012 0.138 0.713 
 345 E _   0.006 0.107 0.001 0.020 0.005 0.012 0.137 0.713 
 346 A _   0.006 0.107 0.001 0.019 0.005 0.012 0.137 0.714 
 347 A _   0.006 0.106 0.001 0.017 0.005 0.012 0.137 0.715 
 348 A _   0.007 0.105 0.001 0.016 0.005 0.012 0.138 0.717 
 349 R _   0.007 0.105 0.001 0.015 0.005 0.012 0.138 0.717 
 350 K _   0.007 0.104 0.001 0.015 0.005 0.012 0.138 0.717 
 351 S _   0.008 0.103 0.001 0.016 0.006 0.013 0.139 0.716 
 352 Q _   0.008 0.103 0.001 0.016 0.006 0.013 0.140 0.712 
 353 I _   0.009 0.103 0.001 0.018 0.007 0.014 0.141 0.708 
 354 K _   0.010 0.102 0.001 0.019 0.007 0.014 0.142 0.704 
 355 A _   0.011 0.101 0.001 0.020 0.008 0.015 0.144 0.701 
 356 R _   0.011 0.099 0.001 0.021 0.008 0.014 0.147 0.699 
 357 I _   0.011 0.096 0.001 0.020 0.008 0.014 0.149 0.701 
 358 T _   0.011 0.091 0.001 0.019 0.007 0.014 0.152 0.704 
 359 D _   0.011 0.085 0.001 0.018 0.007 0.013 0.156 0.709 
 360 T _   0.011 0.079 0.001 0.016 0.006 0.012 0.160 0.715 
 361 I _   0.011 0.073 0.001 0.015 0.006 0.012 0.163 0.720 
 362 G _   0.010 0.066 0.001 0.014 0.005 0.011 0.167 0.725 
 363 P _   0.010 0.061 0.001 0.013 0.005 0.011 0.172 0.729 
 364 T _   0.010 0.055 0.001 0.012 0.004 0.010 0.176 0.732 
 365 E _   0.009 0.051 0.001 0.012 0.004 0.010 0.180 0.734 
 366 T _   0.008 0.047 0.000 0.011 0.004 0.009 0.183 0.737 
 367 S _   0.008 0.043 0.000 0.011 0.003 0.008 0.187 0.739 
 368 I _   0.007 0.040 0.000 0.010 0.003 0.008 0.190 0.742 
 369 A _   0.006 0.038 0.000 0.009 0.003 0.007 0.192 0.745 
 370 P _   0.006 0.036 0.000 0.008 0.002 0.007 0.194 0.747 
 371 R _   0.005 0.034 0.000 0.007 0.002 0.006 0.196 0.749 
 372 Q _   0.005 0.034 0.000 0.006 0.002 0.006 0.197 0.750 
 373 R _   0.004 0.034 0.000 0.006 0.002 0.006 0.198 0.750 
 374 P _   0.004 0.035 0.000 0.006 0.002 0.007 0.198 0.748 
 375 K _   0.004 0.038 0.000 0.006 0.002 0.008 0.198 0.743 
 376 A _   0.005 0.044 0.000 0.007 0.003 0.009 0.197 0.734 
 377 N _   0.006 0.054 0.000 0.009 0.004 0.011 0.196 0.720 
 378 S _   0.007 0.070 0.001 0.013 0.005 0.013 0.194 0.697 
 379 A _   0.008 0.093 0.001 0.017 0.007 0.016 0.192 0.665 
 380 T _   0.009 0.124 0.001 0.023 0.010 0.018 0.190 0.626 
 381 T _   0.009 0.158 0.001 0.029 0.012 0.020 0.187 0.583 
 382 A _   0.010 0.188 0.001 0.035 0.014 0.021 0.186 0.544 
 383 T _   0.010 0.212 0.001 0.040 0.015 0.022 0.185 0.514 
 384 P _   0.011 0.228 0.001 0.043 0.016 0.023 0.186 0.493 
 385 S _   0.011 0.237 0.001 0.044 0.016 0.022 0.187 0.481 
 386 V _   0.011 0.241 0.001 0.043 0.015 0.022 0.190 0.477 
 387 L _   0.012 0.239 0.001 0.040 0.014 0.021 0.193 0.479 
 388 T _   0.012 0.233 0.001 0.035 0.013 0.020 0.198 0.487 
 389 I _   0.012 0.222 0.001 0.030 0.012 0.019 0.204 0.500 
 390 Q _   0.012 0.208 0.001 0.025 0.010 0.018 0.210 0.516 
 391 S _   0.011 0.193 0.001 0.020 0.009 0.017 0.217 0.531 
 392 S _   0.011 0.179 0.001 0.017 0.008 0.017 0.225 0.543 
 393 A _   0.011 0.169 0.001 0.015 0.007 0.016 0.232 0.549 
 394 T _   0.010 0.162 0.001 0.015 0.007 0.016 0.238 0.551 
 395 P _   0.010 0.157 0.001 0.017 0.007 0.016 0.245 0.548 
 396 V _   0.010 0.153 0.001 0.019 0.007 0.015 0.252 0.543 
 397 K _   0.010 0.150 0.001 0.022 0.007 0.015 0.259 0.535 
 398 V _   0.010 0.145 0.001 0.025 0.008 0.014 0.267 0.530 
 399 L _   0.009 0.138 0.001 0.026 0.008 0.014 0.277 0.527 
 400 A _   0.009 0.128 0.001 0.026 0.007 0.013 0.287 0.529 
 401 P _   0.008 0.114 0.001 0.024 0.007 0.012 0.299 0.536 
 402 G _   0.008 0.096 0.001 0.021 0.006 0.010 0.312 0.547 
 403 E _   0.007 0.076 0.001 0.017 0.005 0.009 0.325 0.560 
 404 F _   0.006 0.057 0.001 0.013 0.004 0.008 0.339 0.572 
 405 G _   0.006 0.041 0.000 0.010 0.003 0.007 0.351 0.582 
 406 N _   0.005 0.030 0.000 0.008 0.002 0.006 0.361 0.587 
 407 H _   0.005 0.022 0.000 0.006 0.002 0.005 0.370 0.589 
 408 R _   0.004 0.018 0.000 0.005 0.002 0.005 0.377 0.589 
 409 P _   0.004 0.015 0.000 0.005 0.001 0.005 0.383 0.587 
 410 K _   0.004 0.013 0.000 0.005 0.001 0.005 0.388 0.584 
 411 G _   0.004 0.012 0.000 0.005 0.001 0.004 0.391 0.581 
 412 A _   0.004 0.012 0.000 0.005 0.001 0.005 0.394 0.579 
 413 L _   0.003 0.012 0.000 0.005 0.001 0.005 0.396 0.577 
 414 R _   0.003 0.012 0.000 0.006 0.002 0.005 0.398 0.574 
 415 P _   0.003 0.013 0.000 0.006 0.002 0.005 0.399 0.572 
 416 G _   0.003 0.013 0.000 0.007 0.002 0.005 0.400 0.569 
 417 N _   0.003 0.014 0.000 0.008 0.002 0.006 0.401 0.565 
 418 G _   0.004 0.016 0.000 0.010 0.002 0.006 0.402 0.560 
 419 P _   0.004 0.017 0.000 0.012 0.003 0.007 0.403 0.554 
 420 E _   0.005 0.018 0.000 0.014 0.003 0.007 0.404 0.548 
 421 I _   0.005 0.019 0.000 0.015 0.003 0.007 0.406 0.544 
 422 L _   0.005 0.019 0.000 0.015 0.003 0.007 0.409 0.541 
 423 L _   0.005 0.018 0.000 0.014 0.003 0.007 0.411 0.541 
 424 G _   0.005 0.017 0.000 0.012 0.002 0.006 0.414 0.544 
 425 Q _   0.004 0.015 0.000 0.009 0.002 0.005 0.416 0.548 
 426 G _   0.004 0.013 0.000 0.007 0.002 0.005 0.418 0.552 
 427 P _   0.003 0.012 0.000 0.004 0.001 0.004 0.419 0.556 
 428 P _   0.003 0.011 0.000 0.003 0.001 0.004 0.419 0.560 
 429 Q _   0.003 0.010 0.000 0.002 0.001 0.004 0.418 0.562 
 430 Q _   0.003 0.011 0.000 0.002 0.001 0.004 0.416 0.562 
 431 P _   0.003 0.014 0.000 0.003 0.001 0.005 0.414 0.560 
 432 P _   0.004 0.020 0.000 0.005 0.002 0.007 0.410 0.552 
 433 Q _   0.005 0.034 0.000 0.008 0.003 0.009 0.405 0.535 
 434 Q _   0.005 0.060 0.001 0.014 0.005 0.011 0.397 0.507 
 435 H _   0.006 0.098 0.001 0.020 0.007 0.012 0.388 0.469 
 436 R _   0.006 0.139 0.001 0.025 0.008 0.013 0.379 0.430 
 437 V _   0.005 0.171 0.001 0.029 0.008 0.013 0.372 0.401 
 438 L _   0.005 0.191 0.001 0.031 0.007 0.012 0.368 0.385 
 439 Q _   0.004 0.203 0.001 0.031 0.007 0.012 0.365 0.377 
 440 Q _   0.004 0.209 0.001 0.030 0.007 0.011 0.364 0.375 
 441 L _   0.004 0.211 0.001 0.027 0.006 0.011 0.364 0.377 
 442 Q _   0.004 0.210 0.001 0.024 0.006 0.010 0.364 0.381 
 443 Q _   0.004 0.207 0.001 0.022 0.005 0.010 0.366 0.386 
 444 G _   0.004 0.202 0.001 0.020 0.005 0.010 0.368 0.390 
 445 D _   0.005 0.197 0.001 0.018 0.005 0.010 0.372 0.393 
 446 W _   0.005 0.191 0.001 0.018 0.005 0.010 0.376 0.394 
 447 R _   0.006 0.184 0.001 0.018 0.005 0.010 0.380 0.396 
 448 L _   0.006 0.175 0.001 0.018 0.005 0.010 0.386 0.398 
 449 Q _   0.007 0.165 0.001 0.018 0.006 0.010 0.392 0.402 
 450 Q _   0.007 0.152 0.001 0.018 0.006 0.010 0.400 0.407 
 451 L _   0.007 0.136 0.001 0.018 0.006 0.010 0.408 0.415 
 452 H _   0.007 0.118 0.001 0.016 0.005 0.010 0.418 0.425 
 453 L _   0.008 0.098 0.001 0.015 0.005 0.009 0.429 0.436 
 454 Q _   0.008 0.078 0.001 0.013 0.004 0.009 0.440 0.448 
 455 H _   0.008 0.059 0.001 0.011 0.004 0.008 0.451 0.459 
 456 R _   0.008 0.044 0.000 0.009 0.003 0.008 0.462 0.466 
 457 H X   0.007 0.032 0.000 0.008 0.003 0.007 0.472 0.471 
 458 P X   0.007 0.023 0.000 0.006 0.002 0.007 0.480 0.474 
 459 H X   0.007 0.017 0.000 0.006 0.002 0.006 0.487 0.475 
 460 Q X   0.006 0.013 0.000 0.005 0.002 0.006 0.493 0.475 
 461 Q X   0.006 0.010 0.000 0.005 0.002 0.005 0.498 0.474 
 462 Q X   0.006 0.008 0.000 0.005 0.001 0.005 0.502 0.473 
 463 Q X   0.005 0.007 0.000 0.004 0.001 0.005 0.505 0.472 
 464 Q X   0.005 0.005 0.000 0.004 0.001 0.005 0.507 0.472 
 465 Q X   0.005 0.005 0.000 0.004 0.001 0.005 0.509 0.472 
 466 Q X   0.005 0.004 0.000 0.004 0.001 0.004 0.510 0.472 
 467 Q X   0.004 0.004 0.000 0.004 0.001 0.004 0.510 0.472 
 468 Q X   0.004 0.003 0.000 0.004 0.001 0.004 0.510 0.473 
 469 Q X   0.004 0.003 0.000 0.004 0.001 0.004 0.509 0.474 
 470 Q X   0.004 0.003 0.000 0.004 0.001 0.004 0.508 0.475 
 471 Q X   0.004 0.003 0.000 0.005 0.001 0.004 0.506 0.477 
 472 Q X   0.004 0.003 0.000 0.005 0.001 0.004 0.504 0.479 
 473 Q X   0.004 0.003 0.000 0.005 0.001 0.004 0.501 0.481 
 474 Q X   0.004 0.004 0.000 0.005 0.001 0.005 0.497 0.484 
 475 Q X   0.003 0.004 0.000 0.005 0.001 0.005 0.493 0.488 
 476 Q _   0.003 0.005 0.000 0.006 0.002 0.005 0.488 0.491 
 477 Q _   0.003 0.005 0.000 0.006 0.002 0.005 0.483 0.495 
 478 Q _   0.004 0.006 0.000 0.007 0.002 0.005 0.478 0.498 
 479 Q _   0.004 0.007 0.000 0.008 0.002 0.006 0.472 0.502 
 480 Q _   0.004 0.008 0.000 0.008 0.002 0.006 0.466 0.506 
 481 Q _   0.004 0.009 0.000 0.009 0.002 0.006 0.460 0.511 
 482 Q _   0.004 0.010 0.000 0.009 0.002 0.006 0.454 0.516 
 483 Q _   0.004 0.011 0.000 0.009 0.002 0.006 0.447 0.521 
 484 Q _   0.004 0.012 0.000 0.008 0.002 0.006 0.440 0.528 
 485 Q _   0.004 0.013 0.000 0.008 0.002 0.006 0.434 0.534 
 486 Q _   0.003 0.014 0.000 0.007 0.002 0.006 0.426 0.541 
 487 H _   0.003 0.015 0.000 0.007 0.002 0.006 0.418 0.547 
 488 H _   0.004 0.018 0.000 0.007 0.002 0.007 0.410 0.553 
 489 H _   0.004 0.021 0.000 0.007 0.003 0.007 0.401 0.557 
 490 H _   0.004 0.026 0.000 0.009 0.003 0.008 0.391 0.559 
 491 H _   0.005 0.033 0.001 0.011 0.004 0.010 0.379 0.558 
 492 H _   0.005 0.044 0.001 0.014 0.005 0.011 0.367 0.553 
 493 H _   0.006 0.058 0.001 0.017 0.006 0.013 0.355 0.545 
 494 H _   0.006 0.073 0.001 0.022 0.008 0.014 0.342 0.535 
 495 L _   0.007 0.088 0.001 0.026 0.009 0.015 0.331 0.524 
 496 L _   0.007 0.100 0.001 0.030 0.010 0.016 0.321 0.516 
 497 Q _   0.008 0.109 0.001 0.032 0.010 0.016 0.312 0.512 
 498 D _   0.008 0.114 0.001 0.033 0.010 0.016 0.306 0.512 
 499 A _   0.009 0.116 0.001 0.031 0.010 0.016 0.301 0.516 
 500 Y _   0.009 0.115 0.001 0.029 0.009 0.016 0.297 0.525 
 501 M _   0.010 0.111 0.001 0.025 0.008 0.015 0.294 0.536 
 502 Q _   0.010 0.105 0.001 0.020 0.007 0.014 0.292 0.550 
 503 Q _   0.010 0.098 0.001 0.016 0.006 0.013 0.290 0.566 
 504 Y _   0.010 0.090 0.001 0.012 0.005 0.013 0.289 0.581 
 505 Q _   0.009 0.083 0.001 0.009 0.004 0.012 0.288 0.593 
 506 H _   0.009 0.078 0.000 0.008 0.004 0.012 0.286 0.603 
 507 A _   0.009 0.075 0.000 0.007 0.004 0.012 0.285 0.608 
 508 T _   0.010 0.074 0.000 0.006 0.004 0.013 0.283 0.610 
 509 Q _   0.010 0.075 0.000 0.007 0.004 0.014 0.280 0.609 
 510 Q _   0.011 0.079 0.001 0.008 0.005 0.015 0.277 0.605 
 511 Q _   0.012 0.085 0.001 0.010 0.006 0.017 0.273 0.597 
 512 Q _   0.012 0.093 0.001 0.013 0.008 0.018 0.269 0.586 
 513 M _   0.013 0.104 0.001 0.017 0.009 0.020 0.265 0.571 
 514 L _   0.014 0.117 0.001 0.021 0.011 0.021 0.261 0.555 
 515 Q _   0.015 0.129 0.001 0.026 0.013 0.021 0.257 0.538 
 516 Q _   0.015 0.139 0.001 0.031 0.014 0.022 0.254 0.524 
 517 Q _   0.016 0.146 0.001 0.035 0.014 0.021 0.252 0.515 
 518 F _   0.016 0.149 0.001 0.038 0.014 0.020 0.250 0.511 
 519 L _   0.016 0.149 0.001 0.038 0.013 0.019 0.250 0.513 
 520 M _   0.015 0.144 0.001 0.037 0.012 0.018 0.251 0.522 
 521 H _   0.014 0.135 0.001 0.033 0.011 0.016 0.253 0.537 
 522 S _   0.014 0.121 0.001 0.028 0.009 0.014 0.256 0.558 
 523 V _   0.013 0.101 0.001 0.022 0.007 0.012 0.259 0.585 
 524 Y _   0.011 0.078 0.001 0.016 0.005 0.011 0.263 0.616 
 525 Q _   0.010 0.057 0.001 0.010 0.004 0.009 0.266 0.643 
 526 P _   0.009 0.042 0.000 0.007 0.003 0.008 0.268 0.664 
 527 Q _   0.007 0.034 0.000 0.004 0.002 0.007 0.269 0.676 
 528 P _   0.007 0.030 0.000 0.003 0.002 0.007 0.269 0.683 
 529 S _   0.006 0.029 0.000 0.003 0.002 0.007 0.268 0.685 
 530 A _   0.007 0.030 0.000 0.004 0.002 0.009 0.266 0.682 
 531 S _   0.007 0.035 0.000 0.005 0.003 0.010 0.264 0.674 
 532 Q _   0.009 0.047 0.001 0.008 0.004 0.013 0.260 0.658 
 533 Y _   0.010 0.070 0.001 0.012 0.006 0.016 0.255 0.630 
 534 P _   0.011 0.105 0.001 0.017 0.009 0.018 0.249 0.590 
 535 T _   0.011 0.150 0.001 0.022 0.011 0.020 0.242 0.543 
 536 M _   0.011 0.197 0.001 0.026 0.012 0.021 0.236 0.496 
 537 M _   0.011 0.238 0.001 0.028 0.013 0.022 0.231 0.456 
 538 P _   0.010 0.273 0.001 0.030 0.014 0.022 0.226 0.423 
 539 Q _   0.010 0.299 0.001 0.031 0.014 0.022 0.223 0.399 
 540 Y _   0.010 0.319 0.001 0.031 0.014 0.022 0.221 0.382 
 541 Q _   0.010 0.333 0.001 0.032 0.014 0.021 0.220 0.369 
 542 Q _   0.010 0.342 0.001 0.033 0.014 0.021 0.220 0.359 
 543 A _   0.010 0.348 0.001 0.034 0.013 0.020 0.220 0.353 
 544 F _   0.010 0.350 0.001 0.035 0.013 0.019 0.222 0.350 
 545 F _   0.010 0.347 0.001 0.036 0.012 0.018 0.224 0.352 
 546 Q _   0.010 0.341 0.001 0.036 0.012 0.017 0.227 0.357 
 547 Q _   0.010 0.328 0.001 0.035 0.011 0.016 0.231 0.368 
 548 Q _   0.010 0.307 0.001 0.033 0.010 0.015 0.237 0.386 
 549 M _   0.010 0.276 0.001 0.031 0.010 0.014 0.245 0.413 
 550 L _   0.011 0.235 0.001 0.027 0.009 0.013 0.254 0.450 
 551 A _   0.011 0.187 0.001 0.023 0.008 0.012 0.265 0.494 
 552 Q _   0.011 0.138 0.001 0.018 0.006 0.011 0.276 0.538 
 553 H _   0.010 0.098 0.001 0.014 0.005 0.010 0.286 0.577 
 554 Q _   0.009 0.069 0.001 0.010 0.004 0.009 0.295 0.604 
 555 P _   0.008 0.050 0.000 0.008 0.003 0.008 0.301 0.621 
 556 S _   0.007 0.040 0.000 0.006 0.002 0.007 0.306 0.631 
 557 Q _   0.007 0.033 0.000 0.006 0.002 0.007 0.309 0.636 
 558 Q _   0.006 0.030 0.000 0.005 0.002 0.007 0.312 0.638 
 559 Q _   0.006 0.028 0.000 0.006 0.002 0.006 0.314 0.638 
 560 A _   0.005 0.027 0.000 0.006 0.002 0.006 0.315 0.638 
 561 S _   0.005 0.027 0.000 0.006 0.002 0.006 0.315 0.638 
 562 P _   0.005 0.028 0.000 0.006 0.002 0.007 0.315 0.638 
 563 E _   0.005 0.029 0.000 0.006 0.002 0.007 0.314 0.638 
 564 Y _   0.004 0.030 0.000 0.006 0.002 0.007 0.312 0.638 
 565 L _   0.004 0.033 0.000 0.006 0.002 0.008 0.310 0.637 
 566 T _   0.005 0.036 0.000 0.007 0.003 0.008 0.307 0.634 
 567 S _   0.005 0.042 0.000 0.008 0.003 0.010 0.304 0.628 
 568 P _   0.006 0.052 0.001 0.009 0.004 0.012 0.300 0.616 
 569 Q _   0.007 0.069 0.001 0.012 0.006 0.014 0.295 0.597 
 570 E _   0.007 0.093 0.001 0.016 0.008 0.016 0.290 0.568 
 571 F _   0.008 0.124 0.001 0.021 0.010 0.017 0.284 0.534 
 572 S _   0.008 0.158 0.001 0.025 0.011 0.018 0.279 0.499 
 573 P _   0.009 0.188 0.001 0.028 0.011 0.019 0.275 0.470 
 574 A _   0.008 0.211 0.001 0.029 0.011 0.019 0.272 0.448 
 575 L _   0.008 0.228 0.001 0.029 0.011 0.019 0.270 0.435 
 576 V _   0.008 0.238 0.001 0.027 0.010 0.019 0.268 0.428 
 577 S _   0.008 0.245 0.001 0.024 0.010 0.019 0.268 0.425 
 578 Y _   0.009 0.249 0.001 0.021 0.010 0.019 0.268 0.425 
 579 T _   0.009 0.251 0.001 0.019 0.009 0.019 0.268 0.423 
 580 S _   0.010 0.254 0.001 0.018 0.009 0.019 0.269 0.420 
 581 S _   0.010 0.257 0.001 0.018 0.010 0.020 0.270 0.414 
 582 L _   0.011 0.262 0.001 0.020 0.011 0.020 0.272 0.405 
 583 P _   0.011 0.267 0.001 0.022 0.011 0.020 0.273 0.394 
 584 A _   0.011 0.272 0.001 0.026 0.012 0.020 0.276 0.383 
 585 Q _   0.011 0.275 0.001 0.030 0.012 0.019 0.279 0.373 
 586 V _   0.011 0.276 0.001 0.033 0.012 0.018 0.283 0.367 
 587 G _   0.011 0.272 0.001 0.035 0.011 0.017 0.288 0.366 
 588 T _   0.010 0.264 0.001 0.034 0.011 0.015 0.294 0.371 
 589 I _   0.009 0.249 0.001 0.032 0.010 0.013 0.302 0.384 
 590 M _   0.008 0.226 0.001 0.028 0.008 0.012 0.313 0.404 
 591 D _   0.008 0.197 0.001 0.022 0.007 0.011 0.324 0.431 
 592 S _   0.007 0.165 0.001 0.017 0.005 0.009 0.336 0.459 
 593 S _   0.006 0.138 0.001 0.012 0.004 0.008 0.348 0.484 
 594 Y _   0.005 0.119 0.000 0.008 0.003 0.007 0.357 0.502 
 595 S _   0.004 0.108 0.000 0.006 0.002 0.006 0.363 0.511 
 596 A _   0.004 0.103 0.000 0.005 0.002 0.006 0.368 0.513 
 597 N _   0.003 0.102 0.000 0.005 0.002 0.006 0.372 0.511 
 598 R _   0.003 0.104 0.000 0.006 0.002 0.007 0.374 0.504 
 599 S _   0.004 0.110 0.000 0.008 0.003 0.008 0.376 0.491 
 600 V _   0.004 0.122 0.000 0.013 0.004 0.010 0.377 0.470 
 601 A _   0.005 0.140 0.001 0.020 0.005 0.011 0.377 0.442 
 602 D _   0.005 0.161 0.001 0.028 0.007 0.013 0.378 0.408 
 603 K X   0.005 0.181 0.001 0.038 0.008 0.014 0.379 0.374 
 604 E X   0.005 0.197 0.001 0.047 0.010 0.014 0.381 0.346 
 605 A X   0.005 0.206 0.001 0.053 0.010 0.015 0.386 0.324 
 606 I X   0.005 0.209 0.001 0.058 0.011 0.015 0.393 0.308 
 607 A X   0.005 0.208 0.001 0.059 0.011 0.014 0.402 0.299 
 608 N X   0.006 0.202 0.001 0.057 0.011 0.014 0.415 0.295 
 609 F X   0.006 0.188 0.001 0.052 0.010 0.013 0.433 0.298 
 610 T X   0.006 0.166 0.001 0.044 0.009 0.012 0.456 0.306 
 611 N X   0.006 0.135 0.001 0.035 0.008 0.011 0.484 0.320 
 612 Q X   0.006 0.099 0.001 0.026 0.007 0.010 0.515 0.337 
 613 K X   0.006 0.066 0.001 0.018 0.005 0.008 0.546 0.351 
 614 N X   0.005 0.041 0.001 0.011 0.003 0.006 0.572 0.360 
 615 I X   0.004 0.026 0.000 0.007 0.002 0.005 0.592 0.363 
 616 S X   0.003 0.018 0.000 0.005 0.001 0.004 0.606 0.362 
 617 N X   0.003 0.014 0.000 0.004 0.001 0.004 0.616 0.359 
 618 P X   0.002 0.012 0.000 0.003 0.001 0.003 0.624 0.354 
 619 P X   0.002 0.011 0.000 0.003 0.001 0.003 0.630 0.349 
 620 D X   0.002 0.011 0.000 0.004 0.001 0.003 0.635 0.344 
 621 M X   0.002 0.011 0.000 0.005 0.001 0.004 0.638 0.339 
 622 S X   0.002 0.012 0.000 0.006 0.001 0.004 0.642 0.334 
 623 G X   0.002 0.012 0.000 0.007 0.001 0.004 0.644 0.329 
 624 W X   0.002 0.013 0.000 0.007 0.002 0.004 0.647 0.325 
 625 N X   0.002 0.014 0.000 0.007 0.002 0.004 0.650 0.322 
 626 P X   0.002 0.014 0.000 0.007 0.001 0.004 0.652 0.319 
 627 F X   0.002 0.015 0.000 0.006 0.001 0.004 0.655 0.318 
 628 G X   0.002 0.015 0.000 0.006 0.001 0.003 0.657 0.316 
 629 E X   0.002 0.015 0.000 0.005 0.001 0.003 0.659 0.315 
 630 D X   0.001 0.016 0.000 0.005 0.001 0.003 0.660 0.313 
 631 N X   0.002 0.017 0.000 0.005 0.001 0.004 0.662 0.310 
 632 F X   0.002 0.020 0.000 0.005 0.001 0.004 0.663 0.305 
 633 S X   0.002 0.023 0.000 0.007 0.002 0.005 0.663 0.299 
 634 K X   0.002 0.027 0.000 0.009 0.002 0.006 0.664 0.291 
 635 L X   0.002 0.032 0.000 0.011 0.003 0.006 0.664 0.281 
 636 T X   0.002 0.037 0.000 0.014 0.003 0.007 0.665 0.271 
 637 E X   0.003 0.042 0.000 0.017 0.004 0.007 0.667 0.261 
 638 E X   0.003 0.045 0.000 0.019 0.004 0.008 0.669 0.252 
 639 E X   0.003 0.047 0.000 0.020 0.004 0.008 0.672 0.245 
 640 L X   0.003 0.048 0.000 0.020 0.005 0.008 0.677 0.239 
 641 L X   0.003 0.048 0.000 0.020 0.004 0.008 0.683 0.234 
 642 D X   0.003 0.046 0.000 0.018 0.004 0.008 0.691 0.230 
 643 R X   0.003 0.044 0.000 0.017 0.004 0.007 0.699 0.226 
 644 E X   0.003 0.041 0.000 0.015 0.004 0.007 0.709 0.221 
 645 F X   0.003 0.037 0.000 0.013 0.003 0.007 0.720 0.217 
 646 D X   0.003 0.034 0.000 0.011 0.003 0.006 0.731 0.212 
 647 L X   0.003 0.030 0.000 0.010 0.003 0.006 0.742 0.205 
 648 L X   0.003 0.027 0.000 0.010 0.003 0.006 0.753 0.198 
 649 R X   0.003 0.024 0.000 0.009 0.003 0.005 0.764 0.191 
 650 S X   0.003 0.021 0.000 0.009 0.002 0.005 0.776 0.183 
 651 N X   0.003 0.018 0.000 0.009 0.002 0.005 0.787 0.175 
 652 R X   0.003 0.016 0.000 0.009 0.002 0.005 0.799 0.167 
 653 L X   0.002 0.013 0.000 0.008 0.002 0.004 0.810 0.160 
 654 E X   0.002 0.011 0.000 0.007 0.002 0.004 0.821 0.153 
 655 E X   0.002 0.008 0.000 0.006 0.002 0.003 0.832 0.146 
 656 R X   0.002 0.006 0.000 0.005 0.001 0.003 0.843 0.140 
 657 A X   0.002 0.005 0.000 0.004 0.001 0.002 0.852 0.134 
 658 S X   0.001 0.003 0.000 0.003 0.001 0.002 0.860 0.129 
 659 S X   0.001 0.002 0.000 0.003 0.001 0.002 0.867 0.124 
 660 D X   0.001 0.002 0.000 0.002 0.001 0.002 0.873 0.119 
 661 K X   0.001 0.001 0.000 0.002 0.001 0.002 0.879 0.114 
 662 N X   0.001 0.001 0.000 0.002 0.001 0.002 0.884 0.110 
 663 V X   0.001 0.001 0.000 0.002 0.001 0.002 0.888 0.105 
