#TopoPred_TM8: 8-state transmembrane topology prediction results by no_profile mode 
#probabilities are in the order of H E C I L F X _, the 8 transmembrane topology types used in PDBTM 
   1 M X   0.011 0.002 0.002 0.057 0.009 0.009 0.771 0.140 
   2 G X   0.004 0.001 0.000 0.034 0.002 0.004 0.793 0.162 
   3 N X   0.001 0.001 0.000 0.018 0.001 0.002 0.797 0.180 
   4 A X   0.001 0.001 0.000 0.011 0.000 0.002 0.795 0.189 
   5 P X   0.001 0.002 0.000 0.009 0.001 0.003 0.788 0.196 
   6 A X   0.001 0.004 0.000 0.008 0.001 0.004 0.777 0.204 
   7 K X   0.002 0.007 0.000 0.009 0.001 0.006 0.762 0.213 
   8 K X   0.003 0.013 0.000 0.011 0.002 0.008 0.740 0.223 
   9 D X   0.003 0.025 0.001 0.015 0.003 0.011 0.709 0.232 
  10 T X   0.004 0.047 0.001 0.022 0.005 0.014 0.666 0.241 
  11 E X   0.004 0.084 0.001 0.031 0.008 0.017 0.610 0.243 
  12 Q X   0.005 0.137 0.002 0.040 0.011 0.020 0.546 0.239 
  13 E X   0.005 0.203 0.002 0.048 0.014 0.022 0.479 0.227 
  14 E X   0.005 0.271 0.002 0.054 0.015 0.022 0.419 0.211 
  15 S X   0.005 0.334 0.002 0.057 0.016 0.021 0.369 0.196 
  16 V E   0.004 0.386 0.002 0.059 0.015 0.020 0.330 0.183 
  17 N E   0.004 0.424 0.002 0.059 0.014 0.019 0.303 0.176 
  18 E E   0.004 0.448 0.001 0.058 0.013 0.018 0.283 0.174 
  19 F E   0.004 0.461 0.001 0.057 0.013 0.017 0.269 0.177 
  20 L E   0.005 0.467 0.001 0.055 0.012 0.017 0.259 0.185 
  21 A E   0.005 0.467 0.001 0.051 0.011 0.016 0.252 0.197 
  22 K E   0.005 0.460 0.001 0.047 0.011 0.015 0.246 0.215 
  23 A E   0.006 0.447 0.001 0.042 0.010 0.014 0.242 0.237 
  24 R E   0.006 0.427 0.001 0.038 0.010 0.014 0.239 0.265 
  25 G E   0.007 0.399 0.001 0.033 0.009 0.013 0.237 0.300 
  26 D E   0.008 0.365 0.001 0.030 0.009 0.013 0.236 0.338 
  27 F _   0.009 0.326 0.001 0.028 0.008 0.013 0.236 0.380 
  28 L _   0.009 0.283 0.001 0.025 0.008 0.013 0.236 0.426 
  29 Y _   0.009 0.239 0.001 0.023 0.007 0.013 0.236 0.472 
  30 R _   0.009 0.195 0.001 0.021 0.007 0.012 0.237 0.518 
  31 W _   0.009 0.155 0.001 0.019 0.006 0.011 0.238 0.561 
  32 G _   0.008 0.121 0.001 0.016 0.005 0.011 0.238 0.601 
  33 N _   0.007 0.091 0.001 0.014 0.004 0.010 0.238 0.636 
  34 P _   0.007 0.067 0.000 0.011 0.003 0.009 0.237 0.666 
  35 A _   0.006 0.050 0.000 0.009 0.003 0.008 0.235 0.689 
  36 Q _   0.005 0.037 0.000 0.007 0.002 0.007 0.233 0.707 
  37 N _   0.005 0.029 0.000 0.006 0.002 0.007 0.230 0.721 
  38 T _   0.004 0.025 0.000 0.005 0.002 0.007 0.226 0.731 
  39 A _   0.004 0.022 0.000 0.005 0.002 0.008 0.221 0.738 
  40 S _   0.004 0.021 0.000 0.005 0.002 0.009 0.216 0.743 
  41 S _   0.005 0.021 0.000 0.006 0.002 0.011 0.209 0.746 
  42 D _   0.006 0.022 0.000 0.008 0.003 0.013 0.202 0.746 
  43 Q _   0.008 0.024 0.001 0.010 0.005 0.017 0.194 0.742 
  44 F _   0.010 0.028 0.001 0.013 0.007 0.021 0.185 0.736 
  45 E _   0.013 0.032 0.001 0.016 0.009 0.026 0.176 0.726 
  46 R _   0.016 0.038 0.001 0.020 0.012 0.032 0.167 0.714 
  47 L _   0.021 0.043 0.001 0.024 0.016 0.037 0.158 0.701 
  48 R _   0.026 0.047 0.001 0.026 0.019 0.042 0.150 0.689 
  49 T _   0.032 0.051 0.002 0.027 0.022 0.046 0.142 0.678 
  50 L _   0.039 0.053 0.002 0.027 0.025 0.049 0.136 0.670 
  51 G _   0.046 0.054 0.002 0.026 0.028 0.051 0.130 0.663 
  52 M _   0.053 0.055 0.002 0.025 0.030 0.053 0.125 0.658 
  53 G _   0.060 0.054 0.002 0.024 0.031 0.054 0.120 0.655 
  54 S _   0.065 0.054 0.002 0.024 0.031 0.054 0.116 0.654 
  55 F _   0.069 0.052 0.002 0.024 0.031 0.053 0.113 0.656 
  56 G _   0.071 0.050 0.002 0.024 0.030 0.051 0.111 0.661 
  57 R _   0.071 0.048 0.002 0.024 0.028 0.049 0.109 0.670 
  58 V _   0.069 0.044 0.002 0.023 0.026 0.045 0.107 0.684 
  59 M _   0.065 0.040 0.002 0.022 0.022 0.041 0.106 0.702 
  60 L _   0.059 0.034 0.001 0.020 0.019 0.037 0.104 0.725 
  61 V _   0.053 0.029 0.001 0.017 0.015 0.033 0.103 0.750 
  62 R _   0.045 0.023 0.001 0.014 0.012 0.028 0.102 0.774 
  63 H _   0.038 0.018 0.001 0.011 0.010 0.025 0.102 0.797 
  64 Q _   0.031 0.013 0.001 0.009 0.008 0.022 0.100 0.815 
  65 E _   0.026 0.011 0.001 0.008 0.006 0.019 0.099 0.830 
  66 T _   0.021 0.009 0.001 0.008 0.006 0.017 0.098 0.840 
  67 G _   0.019 0.008 0.001 0.008 0.005 0.016 0.097 0.847 
  68 G _   0.016 0.008 0.001 0.009 0.005 0.015 0.095 0.851 
  69 H _   0.015 0.008 0.001 0.010 0.006 0.015 0.094 0.853 
  70 Y _   0.014 0.008 0.001 0.011 0.006 0.014 0.092 0.854 
  71 A _   0.013 0.008 0.001 0.012 0.006 0.014 0.091 0.856 
  72 M _   0.013 0.008 0.001 0.013 0.006 0.013 0.089 0.858 
  73 K _   0.012 0.008 0.001 0.013 0.006 0.012 0.088 0.861 
  74 I _   0.011 0.007 0.001 0.012 0.005 0.012 0.086 0.866 
  75 L _   0.010 0.007 0.001 0.011 0.005 0.011 0.085 0.870 
  76 N _   0.010 0.006 0.001 0.010 0.004 0.011 0.084 0.875 
  77 K _   0.010 0.005 0.000 0.008 0.004 0.011 0.083 0.879 
  78 Q _   0.010 0.005 0.000 0.008 0.004 0.011 0.081 0.881 
  79 K _   0.010 0.005 0.000 0.007 0.004 0.011 0.080 0.883 
  80 V _   0.010 0.005 0.000 0.007 0.004 0.012 0.079 0.883 
  81 V _   0.011 0.005 0.001 0.008 0.004 0.012 0.077 0.882 
  82 K _   0.011 0.005 0.001 0.009 0.005 0.013 0.076 0.880 
  83 M _   0.012 0.006 0.001 0.010 0.005 0.014 0.074 0.878 
  84 K _   0.013 0.006 0.001 0.011 0.006 0.016 0.073 0.875 
  85 Q _   0.014 0.007 0.001 0.011 0.007 0.017 0.071 0.872 
  86 V _   0.015 0.008 0.001 0.012 0.007 0.018 0.070 0.870 
  87 E _   0.016 0.008 0.001 0.013 0.008 0.019 0.068 0.868 
  88 H _   0.017 0.009 0.001 0.013 0.008 0.020 0.067 0.866 
  89 I _   0.018 0.009 0.001 0.013 0.008 0.021 0.066 0.864 
  90 L _   0.020 0.009 0.001 0.013 0.008 0.021 0.065 0.863 
  91 N _   0.022 0.009 0.001 0.012 0.009 0.022 0.064 0.861 
  92 E _   0.024 0.009 0.001 0.011 0.009 0.023 0.063 0.860 
  93 K _   0.025 0.009 0.001 0.011 0.009 0.025 0.062 0.858 
  94 R _   0.027 0.009 0.001 0.010 0.009 0.026 0.062 0.856 
  95 I _   0.029 0.010 0.001 0.010 0.009 0.027 0.061 0.853 
  96 L _   0.032 0.010 0.001 0.009 0.010 0.028 0.060 0.849 
  97 Q _   0.035 0.011 0.001 0.010 0.011 0.030 0.059 0.843 
  98 A _   0.038 0.013 0.001 0.011 0.012 0.032 0.059 0.835 
  99 I _   0.041 0.016 0.001 0.013 0.014 0.033 0.058 0.823 
 100 D _   0.043 0.020 0.001 0.017 0.017 0.035 0.057 0.811 
 101 F _   0.044 0.024 0.001 0.022 0.018 0.035 0.057 0.799 
 102 P _   0.044 0.027 0.001 0.027 0.020 0.035 0.056 0.789 
 103 F _   0.043 0.030 0.001 0.031 0.020 0.034 0.056 0.784 
 104 L _   0.041 0.031 0.001 0.033 0.019 0.032 0.057 0.786 
 105 V _   0.038 0.030 0.001 0.032 0.017 0.029 0.057 0.796 
 106 K _   0.033 0.027 0.001 0.028 0.014 0.025 0.058 0.814 
 107 L _   0.028 0.022 0.001 0.023 0.011 0.021 0.059 0.836 
 108 Q _   0.023 0.015 0.001 0.016 0.008 0.018 0.059 0.860 
 109 F _   0.019 0.009 0.001 0.010 0.005 0.014 0.059 0.881 
 110 S _   0.016 0.005 0.000 0.006 0.004 0.012 0.059 0.898 
 111 F _   0.013 0.002 0.000 0.004 0.003 0.010 0.059 0.909 
 112 K _   0.012 0.001 0.000 0.003 0.002 0.010 0.058 0.914 
 113 D _   0.011 0.001 0.000 0.002 0.002 0.010 0.057 0.915 
 114 N _   0.012 0.001 0.000 0.003 0.003 0.012 0.056 0.913 
 115 S _   0.015 0.002 0.000 0.004 0.004 0.015 0.055 0.906 
 116 Y _   0.018 0.005 0.001 0.007 0.006 0.018 0.053 0.893 
 117 L _   0.022 0.010 0.001 0.011 0.009 0.022 0.051 0.876 
 118 Y _   0.025 0.017 0.001 0.016 0.012 0.026 0.049 0.855 
 119 L _   0.027 0.024 0.001 0.022 0.015 0.029 0.046 0.836 
 120 V _   0.028 0.031 0.001 0.026 0.017 0.031 0.044 0.822 
 121 M _   0.029 0.035 0.001 0.028 0.017 0.032 0.043 0.815 
 122 E _   0.029 0.037 0.001 0.027 0.017 0.032 0.041 0.815 
 123 Y _   0.028 0.038 0.001 0.025 0.017 0.032 0.040 0.818 
 124 V _   0.028 0.038 0.001 0.022 0.016 0.032 0.039 0.824 
 125 P _   0.028 0.036 0.001 0.020 0.015 0.032 0.038 0.831 
 126 G _   0.027 0.035 0.001 0.018 0.014 0.031 0.037 0.837 
 127 G _   0.027 0.034 0.001 0.017 0.013 0.031 0.036 0.841 
 128 E _   0.027 0.034 0.001 0.017 0.013 0.030 0.035 0.843 
 129 M _   0.027 0.033 0.001 0.019 0.013 0.029 0.034 0.844 
 130 F _   0.026 0.032 0.001 0.020 0.013 0.029 0.033 0.845 
 131 S _   0.025 0.031 0.001 0.022 0.013 0.027 0.033 0.848 
 132 R _   0.024 0.029 0.001 0.022 0.012 0.026 0.032 0.852 
 133 L _   0.023 0.026 0.001 0.022 0.011 0.024 0.032 0.860 
 134 Q _   0.023 0.023 0.001 0.020 0.010 0.022 0.031 0.869 
 135 R _   0.023 0.018 0.001 0.017 0.009 0.021 0.031 0.881 
 136 V _   0.025 0.012 0.001 0.013 0.007 0.019 0.030 0.892 
 137 G _   0.028 0.008 0.001 0.009 0.006 0.018 0.030 0.901 
 138 R _   0.033 0.004 0.001 0.006 0.005 0.017 0.029 0.905 
 139 F _   0.042 0.002 0.001 0.004 0.004 0.017 0.028 0.902 
 140 S _   0.058 0.001 0.001 0.003 0.004 0.018 0.027 0.889 
 141 E _   0.082 0.000 0.001 0.002 0.005 0.020 0.025 0.865 
 142 P _   0.119 0.000 0.001 0.002 0.006 0.023 0.024 0.825 
 143 H _   0.172 0.000 0.001 0.002 0.009 0.027 0.022 0.766 
 144 A _   0.241 0.000 0.001 0.003 0.014 0.033 0.020 0.689 
 145 C _   0.318 0.000 0.001 0.003 0.021 0.038 0.018 0.601 
 146 F _   0.394 0.000 0.002 0.004 0.028 0.043 0.016 0.513 
 147 Y H   0.460 0.000 0.002 0.004 0.036 0.046 0.014 0.436 
 148 A H   0.514 0.001 0.002 0.005 0.043 0.048 0.013 0.373 
 149 A H   0.553 0.001 0.002 0.006 0.048 0.048 0.013 0.328 
 150 Q H   0.580 0.001 0.002 0.007 0.051 0.047 0.013 0.299 
 151 V H   0.593 0.001 0.002 0.007 0.051 0.045 0.013 0.286 
 152 V H   0.594 0.001 0.002 0.007 0.050 0.043 0.014 0.289 
 153 L H   0.580 0.001 0.002 0.007 0.047 0.040 0.014 0.307 
 154 A H   0.553 0.001 0.002 0.007 0.043 0.038 0.016 0.340 
 155 V H   0.511 0.001 0.002 0.007 0.038 0.036 0.017 0.388 
 156 Q H   0.455 0.001 0.002 0.007 0.032 0.033 0.020 0.451 
 157 Y _   0.390 0.001 0.002 0.007 0.026 0.030 0.022 0.523 
 158 L _   0.321 0.001 0.002 0.008 0.021 0.028 0.025 0.596 
 159 H _   0.256 0.001 0.001 0.008 0.016 0.025 0.028 0.664 
 160 S _   0.199 0.001 0.001 0.009 0.013 0.022 0.031 0.724 
 161 L _   0.149 0.001 0.001 0.010 0.010 0.020 0.033 0.776 
 162 D _   0.108 0.001 0.001 0.010 0.008 0.017 0.036 0.820 
 163 L _   0.076 0.001 0.001 0.009 0.006 0.015 0.038 0.855 
 164 I _   0.054 0.001 0.001 0.008 0.005 0.012 0.039 0.881 
 165 H _   0.037 0.001 0.000 0.007 0.004 0.011 0.040 0.900 
 166 R _   0.026 0.001 0.000 0.006 0.003 0.009 0.041 0.913 
 167 D _   0.019 0.001 0.000 0.005 0.002 0.008 0.042 0.923 
 168 L _   0.014 0.001 0.000 0.004 0.002 0.008 0.042 0.929 
 169 K _   0.012 0.001 0.000 0.004 0.002 0.008 0.042 0.931 
 170 P _   0.010 0.002 0.000 0.004 0.002 0.008 0.042 0.932 
 171 E _   0.010 0.003 0.000 0.005 0.003 0.009 0.041 0.929 
 172 N _   0.010 0.005 0.000 0.006 0.003 0.010 0.040 0.925 
 173 L _   0.011 0.009 0.000 0.008 0.004 0.012 0.039 0.917 
 174 L _   0.011 0.014 0.001 0.010 0.005 0.013 0.038 0.908 
 175 I _   0.012 0.019 0.001 0.012 0.006 0.015 0.037 0.898 
 176 D _   0.012 0.026 0.001 0.015 0.007 0.016 0.036 0.888 
 177 Q _   0.013 0.032 0.001 0.017 0.008 0.017 0.035 0.879 
 178 Q _   0.013 0.038 0.001 0.018 0.009 0.018 0.033 0.871 
 179 G _   0.013 0.043 0.001 0.020 0.009 0.019 0.032 0.863 
 180 Y _   0.013 0.048 0.001 0.021 0.010 0.020 0.031 0.856 
 181 L _   0.014 0.052 0.001 0.022 0.010 0.020 0.030 0.851 
 182 Q _   0.014 0.055 0.001 0.023 0.011 0.020 0.029 0.847 
 183 V _   0.014 0.057 0.001 0.023 0.011 0.020 0.028 0.845 
 184 T _   0.015 0.058 0.001 0.023 0.010 0.020 0.028 0.845 
 185 D _   0.014 0.058 0.001 0.023 0.010 0.019 0.027 0.847 
 186 F _   0.014 0.057 0.001 0.021 0.009 0.019 0.027 0.852 
 187 G _   0.014 0.055 0.001 0.019 0.009 0.018 0.026 0.859 
 188 F _   0.013 0.053 0.001 0.017 0.008 0.017 0.026 0.866 
 189 A _   0.013 0.050 0.001 0.015 0.007 0.017 0.025 0.873 
 190 K _   0.013 0.047 0.001 0.013 0.007 0.016 0.025 0.879 
 191 R _   0.012 0.045 0.001 0.012 0.006 0.016 0.024 0.883 
 192 V _   0.013 0.044 0.001 0.012 0.006 0.016 0.024 0.885 
 193 K _   0.013 0.044 0.001 0.013 0.007 0.016 0.023 0.884 
 194 G _   0.013 0.044 0.001 0.014 0.007 0.016 0.023 0.883 
 195 R _   0.013 0.044 0.001 0.015 0.008 0.016 0.022 0.881 
 196 T _   0.013 0.044 0.001 0.017 0.008 0.016 0.022 0.880 
 197 W _   0.013 0.043 0.001 0.017 0.008 0.016 0.021 0.880 
 198 T _   0.012 0.042 0.001 0.017 0.008 0.016 0.021 0.883 
 199 L _   0.012 0.040 0.001 0.016 0.007 0.016 0.020 0.888 
 200 C _   0.011 0.038 0.001 0.015 0.007 0.015 0.020 0.893 
 201 G _   0.011 0.035 0.001 0.014 0.007 0.015 0.019 0.898 
 202 T _   0.011 0.033 0.001 0.013 0.006 0.015 0.019 0.902 
 203 P _   0.012 0.031 0.001 0.012 0.007 0.016 0.018 0.903 
 204 E _   0.012 0.030 0.001 0.013 0.007 0.016 0.018 0.903 
 205 Y _   0.013 0.030 0.001 0.015 0.008 0.017 0.017 0.900 
 206 L _   0.014 0.030 0.001 0.017 0.008 0.017 0.017 0.896 
 207 A _   0.015 0.029 0.001 0.020 0.009 0.018 0.016 0.892 
 208 P _   0.016 0.029 0.001 0.022 0.010 0.018 0.016 0.889 
 209 E _   0.017 0.027 0.001 0.023 0.010 0.018 0.015 0.889 
 210 I _   0.019 0.024 0.001 0.022 0.009 0.017 0.015 0.892 
 211 I _   0.022 0.020 0.001 0.020 0.009 0.016 0.014 0.899 
 212 L _   0.026 0.014 0.001 0.015 0.007 0.014 0.014 0.908 
 213 S _   0.033 0.008 0.001 0.010 0.006 0.013 0.013 0.916 
 214 K _   0.042 0.004 0.001 0.006 0.005 0.012 0.013 0.918 
 215 G _   0.058 0.001 0.000 0.003 0.004 0.011 0.012 0.910 
 216 Y _   0.084 0.000 0.000 0.002 0.004 0.010 0.011 0.888 
 217 N _   0.126 0.000 0.000 0.001 0.004 0.010 0.010 0.849 
 218 K _   0.194 0.000 0.001 0.001 0.005 0.011 0.008 0.780 
 219 A _   0.296 0.000 0.001 0.001 0.006 0.012 0.007 0.677 
 220 V _   0.420 0.000 0.001 0.001 0.009 0.014 0.005 0.550 
 221 D H   0.553 0.000 0.001 0.001 0.011 0.015 0.004 0.415 
 222 W H   0.670 0.000 0.001 0.001 0.014 0.015 0.003 0.297 
 223 W H   0.758 0.000 0.001 0.001 0.016 0.014 0.002 0.208 
 224 A H   0.818 0.000 0.001 0.001 0.018 0.013 0.002 0.148 
 225 L H   0.855 0.000 0.001 0.001 0.019 0.012 0.001 0.111 
 226 G H   0.875 0.000 0.001 0.001 0.019 0.011 0.001 0.092 
 227 V H   0.883 0.000 0.001 0.001 0.020 0.010 0.002 0.083 
 228 L H   0.881 0.000 0.001 0.001 0.020 0.010 0.002 0.085 
 229 I H   0.868 0.000 0.001 0.001 0.021 0.010 0.002 0.097 
 230 Y H   0.842 0.000 0.001 0.001 0.021 0.010 0.003 0.121 
 231 E H   0.800 0.000 0.001 0.001 0.021 0.011 0.005 0.161 
 232 M H   0.736 0.000 0.002 0.002 0.020 0.011 0.007 0.222 
 233 A H   0.652 0.000 0.002 0.002 0.019 0.012 0.010 0.302 
 234 V H   0.554 0.000 0.002 0.003 0.017 0.013 0.015 0.397 
 235 G _   0.446 0.000 0.002 0.003 0.014 0.013 0.021 0.501 
 236 F _   0.342 0.000 0.001 0.004 0.011 0.013 0.027 0.601 
 237 P _   0.251 0.000 0.001 0.004 0.009 0.013 0.032 0.690 
 238 P _   0.176 0.000 0.001 0.004 0.007 0.012 0.037 0.762 
 239 F _   0.119 0.000 0.001 0.004 0.005 0.012 0.042 0.818 
 240 Y _   0.080 0.000 0.001 0.004 0.004 0.011 0.045 0.855 
 241 A _   0.053 0.000 0.000 0.003 0.003 0.011 0.048 0.880 
 242 D _   0.038 0.001 0.000 0.003 0.003 0.012 0.050 0.893 
 243 Q _   0.029 0.002 0.000 0.004 0.003 0.013 0.052 0.897 
 244 P _   0.024 0.004 0.000 0.005 0.004 0.015 0.054 0.894 
 245 I _   0.022 0.008 0.001 0.007 0.005 0.017 0.055 0.884 
 246 Q _   0.022 0.017 0.001 0.011 0.008 0.020 0.056 0.865 
 247 I _   0.021 0.032 0.001 0.016 0.011 0.024 0.057 0.839 
 248 Y _   0.022 0.051 0.001 0.022 0.014 0.026 0.058 0.805 
 249 E _   0.022 0.073 0.001 0.030 0.017 0.029 0.059 0.769 
 250 K _   0.022 0.092 0.002 0.038 0.020 0.030 0.060 0.737 
 251 I _   0.021 0.108 0.002 0.045 0.022 0.031 0.062 0.710 
 252 V _   0.021 0.118 0.002 0.050 0.022 0.031 0.064 0.692 
 253 S _   0.021 0.123 0.002 0.053 0.022 0.030 0.067 0.682 
 254 G _   0.020 0.124 0.002 0.053 0.021 0.029 0.071 0.681 
 255 R _   0.019 0.120 0.001 0.050 0.019 0.026 0.075 0.689 
 256 V _   0.018 0.112 0.001 0.044 0.016 0.024 0.081 0.705 
 257 R _   0.017 0.098 0.001 0.035 0.013 0.021 0.087 0.728 
 258 F _   0.015 0.079 0.001 0.026 0.010 0.018 0.093 0.757 
 259 P _   0.013 0.058 0.001 0.018 0.007 0.016 0.100 0.787 
 260 S _   0.012 0.040 0.001 0.011 0.005 0.014 0.106 0.812 
 261 K _   0.010 0.028 0.000 0.007 0.004 0.013 0.110 0.827 
 262 L _   0.009 0.022 0.000 0.005 0.003 0.012 0.114 0.835 
 263 S _   0.010 0.019 0.000 0.004 0.002 0.012 0.117 0.836 
 264 S _   0.011 0.019 0.000 0.004 0.003 0.014 0.119 0.831 
 265 D _   0.013 0.020 0.000 0.005 0.004 0.016 0.121 0.821 
 266 L _   0.015 0.026 0.001 0.007 0.006 0.020 0.123 0.802 
 267 K _   0.019 0.037 0.001 0.011 0.009 0.024 0.124 0.775 
 268 H _   0.022 0.055 0.001 0.017 0.013 0.028 0.126 0.738 
 269 L _   0.025 0.077 0.001 0.025 0.017 0.031 0.127 0.696 
 270 L _   0.027 0.097 0.002 0.033 0.020 0.033 0.129 0.659 
 271 R _   0.028 0.113 0.002 0.040 0.023 0.034 0.132 0.629 
 272 S _   0.028 0.124 0.002 0.045 0.024 0.034 0.135 0.608 
 273 L _   0.027 0.129 0.002 0.047 0.024 0.033 0.140 0.598 
 274 L _   0.027 0.129 0.002 0.047 0.022 0.031 0.145 0.597 
 275 Q _   0.025 0.126 0.002 0.044 0.020 0.029 0.152 0.602 
 276 V _   0.023 0.119 0.001 0.040 0.018 0.026 0.159 0.613 
 277 D _   0.022 0.107 0.001 0.034 0.015 0.024 0.168 0.629 
 278 L _   0.020 0.093 0.001 0.028 0.012 0.021 0.177 0.649 
 279 T _   0.018 0.076 0.001 0.022 0.010 0.018 0.187 0.668 
 280 K _   0.016 0.060 0.001 0.018 0.008 0.016 0.196 0.685 
 281 R _   0.014 0.047 0.001 0.015 0.006 0.014 0.205 0.699 
 282 F _   0.012 0.036 0.001 0.013 0.005 0.012 0.214 0.708 
 283 G _   0.010 0.028 0.001 0.011 0.004 0.011 0.222 0.714 
 284 N _   0.009 0.021 0.001 0.010 0.004 0.010 0.229 0.717 
 285 L _   0.008 0.016 0.000 0.009 0.003 0.009 0.236 0.718 
 286 R _   0.007 0.012 0.000 0.008 0.003 0.008 0.243 0.718 
 287 N _   0.007 0.009 0.000 0.007 0.003 0.007 0.248 0.718 
 288 G _   0.006 0.007 0.000 0.006 0.002 0.007 0.253 0.718 
 289 V _   0.006 0.005 0.000 0.005 0.002 0.007 0.258 0.717 
 290 G _   0.005 0.004 0.000 0.004 0.002 0.007 0.261 0.716 
 291 D _   0.005 0.003 0.000 0.004 0.002 0.008 0.264 0.714 
 292 I _   0.006 0.003 0.000 0.003 0.002 0.009 0.267 0.709 
 293 K _   0.008 0.004 0.000 0.003 0.002 0.011 0.269 0.703 
 294 N _   0.010 0.005 0.000 0.004 0.003 0.015 0.270 0.692 
 295 H _   0.014 0.008 0.001 0.006 0.006 0.020 0.271 0.675 
 296 K _   0.020 0.015 0.001 0.009 0.009 0.027 0.272 0.648 
 297 W _   0.025 0.028 0.001 0.015 0.015 0.033 0.272 0.611 
 298 F _   0.030 0.047 0.002 0.022 0.022 0.039 0.273 0.565 
 299 A _   0.034 0.070 0.002 0.032 0.028 0.043 0.275 0.516 
 300 T _   0.037 0.090 0.002 0.042 0.032 0.046 0.277 0.475 
 301 T _   0.039 0.103 0.002 0.049 0.035 0.046 0.281 0.445 
 302 S _   0.039 0.111 0.002 0.053 0.035 0.046 0.286 0.427 
 303 W _   0.039 0.114 0.002 0.053 0.034 0.044 0.293 0.422 
 304 I _   0.038 0.112 0.002 0.049 0.031 0.041 0.303 0.424 
 305 A _   0.036 0.106 0.002 0.043 0.027 0.037 0.314 0.435 
 306 I _   0.034 0.096 0.002 0.034 0.023 0.034 0.326 0.453 
 307 Y _   0.031 0.082 0.002 0.026 0.018 0.030 0.339 0.472 
 308 E _   0.027 0.068 0.001 0.019 0.014 0.027 0.352 0.491 
 309 K _   0.024 0.058 0.001 0.015 0.011 0.024 0.365 0.503 
 310 K _   0.021 0.050 0.001 0.012 0.008 0.021 0.377 0.510 
 311 V _   0.018 0.045 0.001 0.011 0.007 0.019 0.388 0.511 
 312 E _   0.016 0.042 0.001 0.012 0.006 0.017 0.398 0.507 
 313 A _   0.014 0.041 0.001 0.013 0.006 0.016 0.408 0.501 
 314 P _   0.012 0.040 0.001 0.015 0.006 0.015 0.418 0.493 
 315 F _   0.011 0.039 0.001 0.017 0.006 0.014 0.429 0.483 
 316 I _   0.010 0.037 0.001 0.019 0.006 0.013 0.440 0.475 
 317 P _   0.009 0.035 0.001 0.019 0.006 0.011 0.452 0.468 
 318 K X   0.008 0.032 0.001 0.018 0.005 0.010 0.465 0.462 
 319 Y X   0.007 0.028 0.001 0.015 0.004 0.008 0.478 0.459 
 320 T X   0.006 0.023 0.000 0.013 0.004 0.007 0.492 0.456 
 321 G X   0.005 0.018 0.000 0.010 0.003 0.006 0.505 0.454 
 322 P X   0.004 0.014 0.000 0.007 0.002 0.005 0.516 0.452 
 323 G X   0.004 0.011 0.000 0.005 0.001 0.004 0.525 0.449 
 324 D X   0.003 0.010 0.000 0.004 0.001 0.003 0.533 0.446 
 325 A X   0.003 0.009 0.000 0.003 0.001 0.003 0.538 0.443 
 326 S X   0.002 0.009 0.000 0.002 0.001 0.003 0.542 0.440 
 327 N X   0.002 0.010 0.000 0.003 0.001 0.003 0.545 0.436 
 328 F X   0.002 0.012 0.000 0.003 0.001 0.004 0.547 0.431 
 329 D X   0.002 0.015 0.000 0.005 0.001 0.005 0.548 0.423 
 330 D X   0.003 0.023 0.000 0.007 0.002 0.006 0.548 0.411 
 331 Y X   0.003 0.035 0.000 0.010 0.003 0.007 0.547 0.395 
 332 E X   0.003 0.051 0.000 0.015 0.004 0.008 0.545 0.373 
 333 E X   0.003 0.069 0.001 0.019 0.005 0.009 0.544 0.351 
 334 E X   0.003 0.086 0.001 0.023 0.005 0.010 0.543 0.330 
 335 E X   0.003 0.099 0.001 0.026 0.006 0.010 0.543 0.312 
 336 L X   0.003 0.109 0.001 0.028 0.006 0.010 0.545 0.299 
 337 R X   0.003 0.115 0.001 0.029 0.006 0.010 0.547 0.289 
 338 I X   0.003 0.119 0.001 0.029 0.006 0.011 0.551 0.281 
 339 S X   0.004 0.120 0.001 0.028 0.006 0.010 0.556 0.275 
 340 I X   0.004 0.120 0.001 0.027 0.006 0.010 0.563 0.270 
 341 N X   0.004 0.119 0.001 0.025 0.006 0.010 0.571 0.265 
 342 E X   0.004 0.116 0.001 0.023 0.005 0.010 0.579 0.261 
 343 K X   0.004 0.112 0.001 0.022 0.005 0.009 0.588 0.259 
 344 C X   0.004 0.107 0.001 0.020 0.005 0.008 0.598 0.258 
 345 A X   0.004 0.101 0.000 0.018 0.004 0.007 0.609 0.257 
 346 K X   0.003 0.093 0.000 0.015 0.003 0.005 0.620 0.260 
 347 E X   0.002 0.082 0.000 0.012 0.002 0.003 0.633 0.267 
 348 F X   0.001 0.067 0.000 0.008 0.001 0.001 0.643 0.279 
 349 S X   0.000 0.054 0.000 0.005 0.000 0.000 0.647 0.293 
 350 E X   0.000 0.048 0.000 0.005 0.000 0.001 0.645 0.301 
 351 F X   0.002 0.044 0.001 0.012 0.003 0.003 0.632 0.302 
