#TopoPred_TM8: 8-state transmembrane topology prediction results by no_profile mode 
#probabilities are in the order of H E C I L F X _, the 8 transmembrane topology types used in PDBTM 
   1 M X   0.017 0.004 0.002 0.078 0.011 0.013 0.631 0.245 
   2 S X   0.006 0.003 0.000 0.052 0.002 0.007 0.648 0.282 
   3 G X   0.002 0.003 0.000 0.031 0.001 0.004 0.650 0.308 
   4 T X   0.001 0.004 0.000 0.023 0.001 0.005 0.644 0.323 
   5 S X   0.002 0.007 0.000 0.020 0.001 0.006 0.632 0.332 
   6 K X   0.002 0.012 0.000 0.019 0.002 0.009 0.614 0.341 
   7 E X   0.003 0.022 0.000 0.020 0.003 0.011 0.592 0.349 
   8 S X   0.004 0.038 0.001 0.023 0.004 0.014 0.561 0.354 
   9 L X   0.005 0.065 0.001 0.029 0.006 0.017 0.522 0.356 
  10 G X   0.006 0.106 0.001 0.035 0.008 0.019 0.473 0.351 
  11 H X   0.006 0.163 0.002 0.042 0.011 0.021 0.416 0.339 
  12 G X   0.006 0.230 0.002 0.047 0.014 0.023 0.359 0.319 
  13 G X   0.006 0.304 0.002 0.049 0.015 0.023 0.306 0.294 
  14 L E   0.006 0.376 0.002 0.050 0.017 0.023 0.259 0.267 
  15 P E   0.006 0.443 0.002 0.049 0.017 0.022 0.221 0.240 
  16 G E   0.006 0.500 0.002 0.048 0.017 0.021 0.191 0.216 
  17 L E   0.005 0.544 0.002 0.047 0.016 0.020 0.169 0.198 
  18 G E   0.005 0.577 0.001 0.045 0.015 0.019 0.152 0.186 
  19 K E   0.005 0.597 0.001 0.044 0.014 0.018 0.141 0.180 
  20 T E   0.005 0.609 0.001 0.043 0.013 0.016 0.132 0.181 
  21 C E   0.005 0.613 0.001 0.041 0.012 0.015 0.126 0.186 
  22 L E   0.005 0.612 0.001 0.039 0.011 0.015 0.121 0.197 
  23 T E   0.005 0.603 0.001 0.036 0.011 0.014 0.117 0.213 
  24 T E   0.006 0.586 0.001 0.033 0.010 0.013 0.115 0.237 
  25 M E   0.006 0.559 0.001 0.029 0.010 0.013 0.113 0.269 
  26 D E   0.007 0.522 0.001 0.026 0.009 0.013 0.112 0.310 
  27 T E   0.007 0.479 0.001 0.023 0.009 0.013 0.111 0.357 
  28 K E   0.008 0.433 0.001 0.020 0.008 0.013 0.111 0.406 
  29 L _   0.008 0.390 0.001 0.017 0.007 0.013 0.112 0.452 
  30 N _   0.009 0.353 0.001 0.015 0.006 0.013 0.112 0.491 
  31 M _   0.009 0.324 0.001 0.013 0.006 0.013 0.112 0.523 
  32 L _   0.008 0.302 0.001 0.011 0.005 0.013 0.112 0.548 
  33 N _   0.008 0.286 0.001 0.010 0.004 0.013 0.112 0.567 
  34 E _   0.008 0.275 0.001 0.010 0.004 0.013 0.111 0.579 
  35 K _   0.008 0.267 0.001 0.009 0.004 0.013 0.110 0.588 
  36 V _   0.008 0.263 0.001 0.010 0.005 0.013 0.109 0.592 
  37 D _   0.009 0.260 0.001 0.010 0.005 0.014 0.108 0.594 
  38 Q _   0.009 0.260 0.001 0.012 0.005 0.014 0.106 0.593 
  39 L _   0.010 0.260 0.001 0.013 0.006 0.015 0.105 0.590 
  40 L _   0.010 0.261 0.001 0.015 0.007 0.016 0.104 0.587 
  41 H _   0.010 0.261 0.001 0.016 0.007 0.016 0.103 0.585 
  42 F _   0.011 0.260 0.001 0.017 0.008 0.016 0.102 0.585 
  43 Q _   0.011 0.258 0.001 0.018 0.008 0.016 0.102 0.587 
  44 E _   0.011 0.255 0.001 0.018 0.008 0.016 0.101 0.590 
  45 D _   0.011 0.250 0.001 0.018 0.008 0.016 0.101 0.594 
  46 V _   0.011 0.244 0.001 0.017 0.008 0.016 0.101 0.601 
  47 T _   0.012 0.237 0.001 0.016 0.008 0.016 0.102 0.608 
  48 E _   0.012 0.230 0.001 0.015 0.008 0.016 0.102 0.616 
  49 K _   0.012 0.222 0.001 0.015 0.008 0.016 0.103 0.624 
  50 L _   0.013 0.214 0.001 0.014 0.007 0.016 0.104 0.632 
  51 Q _   0.013 0.206 0.001 0.014 0.007 0.016 0.105 0.639 
  52 S _   0.012 0.198 0.001 0.013 0.007 0.015 0.106 0.647 
  53 M _   0.012 0.191 0.001 0.013 0.007 0.015 0.108 0.654 
  54 C _   0.012 0.185 0.001 0.013 0.007 0.015 0.109 0.658 
  55 R _   0.013 0.181 0.001 0.013 0.007 0.016 0.110 0.661 
  56 D _   0.013 0.177 0.001 0.013 0.007 0.016 0.111 0.662 
  57 M _   0.013 0.173 0.001 0.014 0.007 0.016 0.113 0.663 
  58 G _   0.013 0.170 0.001 0.016 0.007 0.016 0.114 0.662 
  59 H _   0.014 0.168 0.001 0.017 0.008 0.016 0.116 0.660 
  60 L _   0.014 0.165 0.001 0.019 0.008 0.016 0.118 0.659 
  61 E _   0.014 0.161 0.001 0.021 0.008 0.016 0.121 0.659 
  62 R _   0.014 0.155 0.001 0.023 0.008 0.016 0.123 0.660 
  63 G _   0.013 0.148 0.001 0.023 0.008 0.015 0.127 0.665 
  64 L _   0.013 0.138 0.001 0.024 0.008 0.014 0.130 0.672 
  65 H _   0.013 0.126 0.001 0.023 0.007 0.014 0.134 0.682 
  66 R _   0.012 0.112 0.001 0.021 0.007 0.013 0.139 0.696 
  67 L _   0.011 0.096 0.001 0.019 0.006 0.012 0.144 0.712 
  68 E _   0.011 0.078 0.001 0.017 0.005 0.011 0.149 0.729 
  69 A _   0.010 0.061 0.001 0.014 0.004 0.010 0.153 0.746 
  70 S _   0.009 0.046 0.001 0.012 0.004 0.009 0.158 0.763 
  71 R _   0.008 0.034 0.000 0.009 0.003 0.008 0.161 0.776 
  72 A _   0.007 0.025 0.000 0.008 0.002 0.007 0.164 0.786 
  73 P _   0.007 0.019 0.000 0.006 0.002 0.006 0.166 0.794 
  74 G _   0.006 0.015 0.000 0.005 0.002 0.005 0.167 0.799 
  75 P _   0.005 0.012 0.000 0.005 0.002 0.005 0.168 0.803 
  76 G _   0.005 0.010 0.000 0.004 0.001 0.005 0.168 0.806 
  77 G _   0.005 0.010 0.000 0.004 0.001 0.005 0.167 0.808 
  78 A _   0.005 0.010 0.000 0.004 0.001 0.005 0.165 0.809 
  79 D _   0.005 0.011 0.000 0.005 0.002 0.006 0.163 0.809 
  80 G _   0.005 0.013 0.000 0.005 0.002 0.007 0.160 0.808 
  81 V _   0.005 0.016 0.000 0.006 0.002 0.009 0.156 0.805 
  82 P _   0.005 0.022 0.000 0.008 0.003 0.011 0.151 0.800 
  83 H _   0.006 0.030 0.000 0.010 0.004 0.013 0.145 0.792 
  84 I _   0.007 0.042 0.001 0.012 0.005 0.016 0.139 0.778 
  85 D _   0.009 0.059 0.001 0.015 0.007 0.020 0.131 0.759 
  86 T _   0.011 0.084 0.001 0.018 0.009 0.024 0.122 0.732 
  87 Q _   0.013 0.117 0.001 0.023 0.013 0.028 0.112 0.693 
  88 A _   0.015 0.160 0.002 0.029 0.017 0.032 0.102 0.643 
  89 G _   0.016 0.211 0.002 0.036 0.022 0.036 0.091 0.587 
  90 W _   0.018 0.263 0.002 0.043 0.026 0.038 0.081 0.530 
  91 P _   0.019 0.311 0.002 0.051 0.029 0.039 0.072 0.477 
  92 E _   0.020 0.347 0.002 0.059 0.030 0.038 0.066 0.438 
  93 V _   0.020 0.370 0.002 0.065 0.030 0.037 0.061 0.415 
  94 L _   0.021 0.381 0.002 0.069 0.029 0.036 0.057 0.406 
  95 E _   0.021 0.383 0.002 0.070 0.027 0.033 0.055 0.409 
  96 L _   0.021 0.375 0.002 0.068 0.025 0.031 0.053 0.426 
  97 V _   0.021 0.355 0.002 0.062 0.022 0.028 0.052 0.459 
  98 R _   0.021 0.315 0.002 0.053 0.019 0.025 0.051 0.513 
  99 A _   0.021 0.253 0.002 0.042 0.016 0.022 0.051 0.591 
 100 M _   0.021 0.175 0.002 0.031 0.013 0.020 0.052 0.686 
 101 Q _   0.021 0.099 0.001 0.020 0.010 0.018 0.052 0.779 
 102 Q _   0.021 0.046 0.001 0.012 0.006 0.015 0.051 0.848 
 103 D _   0.021 0.017 0.001 0.007 0.004 0.013 0.051 0.887 
 104 A _   0.023 0.006 0.000 0.004 0.003 0.012 0.049 0.903 
 105 A _   0.030 0.002 0.000 0.003 0.002 0.012 0.047 0.904 
 106 Q _   0.043 0.001 0.000 0.002 0.003 0.013 0.045 0.894 
 107 H _   0.067 0.000 0.000 0.002 0.004 0.015 0.041 0.870 
 108 G _   0.105 0.000 0.001 0.003 0.005 0.018 0.038 0.830 
 109 A _   0.161 0.000 0.001 0.003 0.008 0.022 0.033 0.772 
 110 R _   0.234 0.000 0.001 0.004 0.012 0.026 0.028 0.695 
 111 L _   0.315 0.000 0.001 0.004 0.017 0.029 0.024 0.609 
 112 E _   0.400 0.000 0.002 0.004 0.022 0.032 0.020 0.521 
 113 A H   0.482 0.000 0.002 0.004 0.025 0.032 0.016 0.440 
 114 L H   0.553 0.000 0.002 0.003 0.026 0.031 0.014 0.371 
 115 F H   0.613 0.000 0.002 0.003 0.025 0.028 0.012 0.318 
 116 R H   0.661 0.000 0.001 0.002 0.023 0.025 0.011 0.276 
 117 M H   0.699 0.000 0.001 0.002 0.020 0.022 0.010 0.246 
 118 V H   0.728 0.000 0.001 0.001 0.018 0.019 0.010 0.223 
 119 A H   0.748 0.000 0.001 0.001 0.016 0.017 0.010 0.207 
 120 A H   0.763 0.000 0.001 0.001 0.015 0.016 0.010 0.196 
 121 V H   0.771 0.000 0.001 0.001 0.014 0.015 0.010 0.188 
 122 D H   0.774 0.000 0.001 0.001 0.014 0.015 0.011 0.185 
 123 R H   0.770 0.000 0.001 0.001 0.015 0.015 0.012 0.186 
 124 A H   0.759 0.000 0.001 0.001 0.017 0.015 0.014 0.193 
 125 I H   0.737 0.000 0.001 0.002 0.019 0.016 0.017 0.209 
 126 A H   0.704 0.000 0.002 0.002 0.021 0.017 0.021 0.233 
 127 L H   0.657 0.000 0.002 0.004 0.022 0.018 0.027 0.271 
 128 V H   0.598 0.000 0.002 0.005 0.022 0.019 0.034 0.321 
 129 G H   0.526 0.000 0.002 0.006 0.020 0.019 0.043 0.384 
 130 A _   0.445 0.000 0.002 0.006 0.018 0.019 0.054 0.456 
 131 T _   0.360 0.000 0.002 0.005 0.014 0.019 0.065 0.535 
 132 F _   0.281 0.000 0.001 0.004 0.011 0.018 0.076 0.608 
 133 Q _   0.212 0.000 0.001 0.004 0.008 0.018 0.087 0.670 
 134 K _   0.158 0.000 0.001 0.003 0.007 0.018 0.097 0.715 
 135 S _   0.120 0.000 0.001 0.003 0.006 0.018 0.106 0.745 
 136 K _   0.093 0.001 0.001 0.004 0.006 0.020 0.115 0.761 
 137 V _   0.076 0.003 0.001 0.007 0.007 0.021 0.122 0.764 
 138 A _   0.063 0.008 0.001 0.011 0.009 0.023 0.129 0.756 
 139 D _   0.054 0.017 0.001 0.017 0.011 0.025 0.136 0.739 
 140 F _   0.046 0.028 0.001 0.025 0.013 0.027 0.144 0.715 
 141 L _   0.040 0.039 0.001 0.034 0.016 0.027 0.152 0.691 
 142 M _   0.034 0.048 0.001 0.042 0.017 0.027 0.160 0.670 
 143 Q _   0.029 0.054 0.001 0.047 0.017 0.026 0.170 0.655 
 144 G _   0.025 0.056 0.001 0.049 0.016 0.025 0.182 0.646 
 145 R _   0.022 0.056 0.001 0.048 0.015 0.023 0.195 0.641 
 146 V _   0.019 0.053 0.001 0.044 0.013 0.020 0.210 0.640 
 147 P _   0.017 0.048 0.001 0.037 0.010 0.017 0.227 0.642 
 148 W _   0.015 0.041 0.001 0.030 0.008 0.015 0.245 0.646 
 149 R _   0.013 0.032 0.001 0.022 0.006 0.012 0.263 0.651 
 150 R _   0.011 0.024 0.001 0.016 0.004 0.010 0.280 0.655 
 151 G _   0.009 0.017 0.000 0.011 0.003 0.008 0.294 0.658 
 152 S _   0.007 0.011 0.000 0.008 0.002 0.006 0.305 0.660 
 153 P _   0.006 0.008 0.000 0.005 0.002 0.005 0.314 0.660 
 154 G _   0.005 0.006 0.000 0.004 0.001 0.004 0.321 0.658 
 155 D _   0.004 0.005 0.000 0.003 0.001 0.004 0.326 0.657 
 156 S _   0.004 0.005 0.000 0.003 0.001 0.004 0.329 0.654 
 157 P _   0.004 0.005 0.000 0.003 0.001 0.004 0.331 0.652 
 158 E _   0.003 0.006 0.000 0.004 0.001 0.004 0.332 0.650 
 159 E _   0.003 0.007 0.000 0.005 0.001 0.004 0.331 0.647 
 160 N _   0.003 0.009 0.000 0.006 0.001 0.005 0.330 0.644 
 161 K _   0.003 0.012 0.000 0.008 0.002 0.006 0.328 0.641 
 162 E _   0.003 0.016 0.000 0.010 0.002 0.006 0.325 0.638 
 163 R _   0.003 0.021 0.000 0.011 0.002 0.006 0.322 0.635 
 164 V _   0.003 0.025 0.000 0.012 0.002 0.006 0.318 0.633 
 165 E _   0.003 0.029 0.000 0.012 0.002 0.006 0.314 0.633 
 166 E _   0.003 0.033 0.000 0.012 0.002 0.006 0.310 0.633 
 167 E _   0.003 0.037 0.000 0.011 0.002 0.007 0.307 0.633 
 168 G _   0.003 0.041 0.000 0.011 0.002 0.007 0.303 0.632 
 169 G _   0.003 0.046 0.000 0.012 0.002 0.007 0.299 0.630 
 170 K _   0.003 0.052 0.000 0.013 0.003 0.008 0.296 0.626 
 171 P _   0.004 0.059 0.000 0.015 0.003 0.009 0.292 0.618 
 172 K _   0.004 0.068 0.000 0.018 0.004 0.009 0.288 0.608 
 173 H _   0.004 0.076 0.001 0.022 0.005 0.010 0.285 0.597 
 174 V _   0.005 0.084 0.001 0.027 0.005 0.011 0.283 0.586 
 175 L _   0.005 0.089 0.001 0.031 0.006 0.011 0.281 0.577 
 176 S _   0.005 0.092 0.001 0.033 0.006 0.011 0.281 0.572 
 177 T _   0.005 0.092 0.001 0.033 0.006 0.010 0.281 0.572 
 178 S _   0.005 0.090 0.001 0.031 0.005 0.010 0.283 0.576 
 179 G _   0.005 0.085 0.001 0.027 0.005 0.009 0.285 0.584 
 180 V _   0.005 0.078 0.001 0.022 0.004 0.008 0.287 0.595 
 181 Q _   0.005 0.069 0.000 0.017 0.003 0.007 0.291 0.608 
 182 S _   0.005 0.058 0.000 0.013 0.003 0.006 0.294 0.620 
 183 D _   0.004 0.049 0.000 0.009 0.002 0.006 0.297 0.631 
 184 A _   0.004 0.043 0.000 0.007 0.002 0.005 0.299 0.640 
 185 R _   0.004 0.038 0.000 0.005 0.001 0.005 0.300 0.646 
 186 E _   0.004 0.036 0.000 0.004 0.001 0.004 0.301 0.650 
 187 P _   0.003 0.035 0.000 0.004 0.001 0.004 0.300 0.652 
 188 G _   0.003 0.035 0.000 0.004 0.001 0.005 0.298 0.653 
 189 E _   0.003 0.037 0.000 0.005 0.001 0.005 0.295 0.652 
 190 E _   0.003 0.042 0.000 0.006 0.002 0.006 0.292 0.649 
 191 S _   0.004 0.049 0.000 0.008 0.002 0.007 0.287 0.643 
 192 Q _   0.004 0.061 0.000 0.010 0.003 0.008 0.281 0.632 
 193 K _   0.004 0.077 0.001 0.014 0.004 0.009 0.275 0.616 
 194 A _   0.004 0.097 0.001 0.018 0.005 0.011 0.267 0.597 
 195 D _   0.005 0.119 0.001 0.022 0.006 0.011 0.260 0.576 
 196 V _   0.005 0.140 0.001 0.025 0.007 0.012 0.254 0.556 
 197 L _   0.005 0.158 0.001 0.028 0.007 0.013 0.248 0.540 
 198 E _   0.005 0.171 0.001 0.031 0.008 0.013 0.244 0.528 
 199 G _   0.005 0.179 0.001 0.032 0.008 0.013 0.242 0.520 
 200 T _   0.005 0.184 0.001 0.032 0.008 0.013 0.240 0.518 
 201 A _   0.006 0.185 0.001 0.031 0.008 0.013 0.239 0.518 
 202 E _   0.006 0.184 0.001 0.028 0.007 0.012 0.240 0.522 
 203 R _   0.006 0.180 0.001 0.025 0.007 0.012 0.241 0.529 
 204 L _   0.006 0.174 0.001 0.022 0.006 0.011 0.242 0.537 
 205 P _   0.006 0.166 0.001 0.019 0.006 0.010 0.245 0.547 
 206 P _   0.006 0.158 0.001 0.016 0.005 0.010 0.247 0.558 
 207 I _   0.006 0.149 0.001 0.014 0.004 0.009 0.250 0.568 
 208 R _   0.006 0.141 0.000 0.012 0.004 0.009 0.253 0.576 
 209 A _   0.006 0.134 0.000 0.010 0.003 0.008 0.256 0.583 
 210 S _   0.006 0.128 0.000 0.009 0.003 0.008 0.258 0.588 
 211 G _   0.005 0.123 0.000 0.009 0.003 0.008 0.260 0.591 
 212 L _   0.005 0.120 0.000 0.009 0.003 0.008 0.262 0.592 
 213 G _   0.005 0.119 0.000 0.009 0.003 0.008 0.264 0.590 
 214 A _   0.006 0.119 0.000 0.011 0.004 0.009 0.266 0.586 
 215 D _   0.006 0.120 0.000 0.013 0.004 0.009 0.267 0.580 
 216 P _   0.006 0.121 0.001 0.016 0.005 0.010 0.270 0.571 
 217 A _   0.007 0.121 0.001 0.020 0.005 0.010 0.272 0.563 
 218 Q _   0.007 0.121 0.001 0.023 0.006 0.011 0.276 0.556 
 219 A _   0.007 0.118 0.001 0.025 0.006 0.011 0.280 0.551 
 220 V _   0.007 0.113 0.001 0.026 0.006 0.010 0.286 0.550 
 221 V _   0.007 0.104 0.001 0.024 0.006 0.009 0.293 0.555 
 222 S _   0.007 0.091 0.001 0.021 0.005 0.009 0.301 0.566 
 223 P _   0.007 0.073 0.001 0.017 0.004 0.008 0.310 0.581 
 224 G _   0.006 0.054 0.001 0.012 0.003 0.007 0.319 0.599 
 225 Q _   0.006 0.036 0.000 0.008 0.002 0.005 0.326 0.615 
 226 G _   0.005 0.024 0.000 0.005 0.002 0.005 0.332 0.627 
 227 D _   0.004 0.017 0.000 0.003 0.001 0.004 0.336 0.634 
 228 G _   0.003 0.014 0.000 0.002 0.001 0.004 0.339 0.637 
 229 V _   0.003 0.013 0.000 0.002 0.001 0.004 0.340 0.637 
 230 P _   0.003 0.013 0.000 0.003 0.001 0.004 0.341 0.636 
 231 G _   0.003 0.015 0.000 0.004 0.001 0.005 0.340 0.632 
 232 P _   0.004 0.018 0.000 0.006 0.002 0.006 0.338 0.625 
 233 A _   0.004 0.025 0.000 0.009 0.003 0.008 0.336 0.615 
 234 Q _   0.005 0.035 0.000 0.013 0.003 0.009 0.332 0.603 
 235 A _   0.004 0.045 0.001 0.018 0.004 0.009 0.329 0.590 
 236 F _   0.004 0.054 0.001 0.021 0.005 0.010 0.326 0.579 
 237 P _   0.004 0.061 0.001 0.024 0.005 0.010 0.324 0.571 
 238 G _   0.004 0.066 0.001 0.025 0.005 0.010 0.323 0.567 
 239 H _   0.004 0.069 0.001 0.025 0.005 0.010 0.322 0.565 
 240 L _   0.004 0.070 0.001 0.024 0.005 0.009 0.322 0.565 
 241 P _   0.004 0.070 0.001 0.022 0.005 0.009 0.323 0.567 
 242 L _   0.004 0.069 0.001 0.021 0.004 0.009 0.325 0.568 
 243 P _   0.004 0.066 0.000 0.019 0.004 0.008 0.327 0.570 
 244 T _   0.004 0.064 0.000 0.017 0.004 0.008 0.330 0.573 
 245 K _   0.004 0.060 0.000 0.016 0.004 0.008 0.333 0.575 
 246 V _   0.004 0.056 0.000 0.014 0.003 0.007 0.336 0.578 
 247 E _   0.004 0.053 0.000 0.013 0.003 0.007 0.340 0.581 
 248 A _   0.004 0.048 0.000 0.011 0.003 0.006 0.342 0.585 
 249 K _   0.004 0.045 0.000 0.009 0.002 0.006 0.345 0.590 
 250 A _   0.004 0.041 0.000 0.007 0.002 0.005 0.347 0.594 
 251 P _   0.003 0.038 0.000 0.006 0.002 0.005 0.348 0.598 
 252 E _   0.003 0.037 0.000 0.005 0.001 0.004 0.348 0.601 
 253 T _   0.003 0.036 0.000 0.004 0.001 0.004 0.348 0.603 
 254 P _   0.003 0.037 0.000 0.004 0.001 0.005 0.348 0.602 
 255 S _   0.003 0.039 0.000 0.005 0.002 0.006 0.346 0.599 
 256 E _   0.004 0.044 0.000 0.006 0.002 0.007 0.344 0.593 
 257 N _   0.004 0.053 0.000 0.008 0.003 0.008 0.341 0.581 
 258 L _   0.005 0.068 0.001 0.012 0.004 0.010 0.338 0.563 
 259 R _   0.005 0.087 0.001 0.017 0.006 0.011 0.333 0.540 
 260 T _   0.006 0.109 0.001 0.021 0.007 0.012 0.329 0.515 
 261 G _   0.006 0.129 0.001 0.025 0.008 0.013 0.326 0.493 
 262 L _   0.006 0.144 0.001 0.028 0.008 0.013 0.324 0.476 
 263 E _   0.006 0.154 0.001 0.030 0.008 0.013 0.323 0.465 
 264 L _   0.006 0.160 0.001 0.029 0.008 0.013 0.323 0.460 
 265 A _   0.006 0.163 0.001 0.028 0.008 0.013 0.324 0.459 
 266 P _   0.006 0.163 0.001 0.025 0.007 0.012 0.326 0.461 
 267 A _   0.006 0.161 0.001 0.021 0.007 0.012 0.329 0.465 
 268 P _   0.006 0.157 0.001 0.018 0.006 0.011 0.332 0.470 
 269 G _   0.006 0.152 0.001 0.015 0.005 0.011 0.336 0.475 
 270 R _   0.006 0.147 0.001 0.012 0.005 0.010 0.341 0.478 
 271 V _   0.006 0.144 0.000 0.010 0.004 0.010 0.345 0.480 
 272 N _   0.006 0.141 0.000 0.010 0.004 0.010 0.349 0.479 
 273 V _   0.006 0.140 0.000 0.010 0.004 0.010 0.353 0.476 
 274 V _   0.006 0.141 0.000 0.010 0.004 0.010 0.357 0.471 
 275 S _   0.006 0.143 0.001 0.012 0.004 0.011 0.360 0.463 
 276 P _   0.006 0.146 0.001 0.014 0.005 0.011 0.364 0.454 
 277 S _   0.006 0.149 0.001 0.017 0.005 0.011 0.368 0.443 
 278 L _   0.006 0.152 0.001 0.020 0.006 0.012 0.372 0.432 
 279 E _   0.006 0.154 0.001 0.023 0.006 0.012 0.378 0.421 
 280 V _   0.006 0.155 0.001 0.026 0.007 0.012 0.383 0.410 
 281 A _   0.006 0.154 0.001 0.029 0.007 0.012 0.391 0.402 
 282 P X   0.006 0.150 0.001 0.030 0.007 0.011 0.399 0.395 
 283 G X   0.006 0.144 0.001 0.030 0.007 0.011 0.410 0.392 
 284 A X   0.006 0.134 0.001 0.028 0.006 0.010 0.423 0.391 
 285 G X   0.006 0.119 0.001 0.025 0.006 0.009 0.439 0.395 
 286 Q X   0.006 0.100 0.001 0.022 0.005 0.009 0.456 0.402 
 287 G X   0.006 0.079 0.001 0.017 0.004 0.008 0.475 0.411 
 288 A X   0.005 0.057 0.001 0.013 0.003 0.007 0.494 0.420 
 289 S X   0.005 0.040 0.000 0.009 0.002 0.005 0.510 0.429 
 290 S X   0.004 0.028 0.000 0.006 0.002 0.004 0.522 0.434 
 291 S X   0.003 0.020 0.000 0.004 0.001 0.003 0.532 0.436 
 292 R X   0.003 0.016 0.000 0.003 0.001 0.003 0.538 0.436 
 293 P X   0.002 0.014 0.000 0.002 0.001 0.003 0.542 0.435 
 294 D X   0.002 0.014 0.000 0.002 0.001 0.003 0.545 0.433 
 295 P X   0.002 0.014 0.000 0.003 0.001 0.003 0.546 0.431 
 296 E X   0.002 0.016 0.000 0.004 0.001 0.004 0.546 0.426 
 297 P X   0.002 0.019 0.000 0.007 0.001 0.005 0.545 0.420 
 298 L X   0.002 0.023 0.000 0.011 0.002 0.006 0.544 0.412 
 299 E X   0.003 0.028 0.000 0.016 0.003 0.007 0.542 0.402 
 300 E X   0.003 0.034 0.000 0.021 0.003 0.007 0.540 0.391 
 301 G X   0.003 0.038 0.000 0.025 0.004 0.008 0.539 0.383 
 302 T X   0.003 0.040 0.000 0.028 0.004 0.008 0.540 0.377 
 303 R X   0.003 0.041 0.000 0.028 0.004 0.008 0.542 0.373 
 304 L X   0.003 0.040 0.000 0.027 0.004 0.007 0.545 0.373 
 305 T X   0.003 0.038 0.000 0.024 0.004 0.007 0.549 0.375 
 306 P X   0.003 0.034 0.000 0.020 0.003 0.006 0.555 0.379 
 307 G X   0.003 0.028 0.000 0.015 0.002 0.005 0.561 0.384 
 308 P X   0.003 0.022 0.000 0.011 0.002 0.004 0.567 0.390 
 309 G X   0.003 0.017 0.000 0.007 0.001 0.004 0.572 0.396 
 310 P X   0.003 0.012 0.000 0.004 0.001 0.003 0.576 0.400 
 311 Q X   0.002 0.010 0.000 0.003 0.001 0.003 0.578 0.404 
 312 C X   0.002 0.008 0.000 0.002 0.001 0.002 0.579 0.406 
 313 P X   0.002 0.008 0.000 0.002 0.001 0.002 0.578 0.408 
 314 G X   0.002 0.008 0.000 0.002 0.001 0.003 0.576 0.409 
 315 P X   0.002 0.009 0.000 0.003 0.001 0.003 0.573 0.409 
 316 P X   0.002 0.012 0.000 0.004 0.001 0.004 0.568 0.408 
 317 G X   0.003 0.017 0.000 0.007 0.002 0.005 0.561 0.406 
 318 L X   0.003 0.024 0.000 0.011 0.003 0.007 0.552 0.401 
 319 P X   0.003 0.034 0.000 0.015 0.003 0.007 0.543 0.394 
 320 A X   0.003 0.044 0.000 0.019 0.004 0.008 0.534 0.388 
 321 Q X   0.003 0.052 0.001 0.022 0.004 0.008 0.526 0.384 
 322 A X   0.003 0.058 0.001 0.023 0.004 0.008 0.519 0.385 
 323 R X   0.003 0.061 0.000 0.022 0.004 0.008 0.514 0.388 
 324 A X   0.003 0.062 0.000 0.020 0.004 0.007 0.510 0.394 
 325 T X   0.003 0.063 0.000 0.017 0.003 0.006 0.507 0.401 
 326 H X   0.002 0.062 0.000 0.013 0.003 0.006 0.505 0.409 
 327 S X   0.002 0.061 0.000 0.010 0.002 0.005 0.503 0.416 
 328 G X   0.002 0.060 0.000 0.008 0.002 0.005 0.501 0.422 
 329 G X   0.002 0.059 0.000 0.006 0.002 0.005 0.499 0.426 
 330 E X   0.003 0.061 0.000 0.006 0.002 0.006 0.496 0.427 
 331 T X   0.003 0.063 0.000 0.006 0.002 0.006 0.494 0.425 
 332 P X   0.003 0.069 0.000 0.007 0.003 0.007 0.490 0.420 
 333 P X   0.004 0.077 0.000 0.010 0.004 0.008 0.486 0.411 
 334 R X   0.004 0.088 0.001 0.013 0.005 0.009 0.482 0.399 
 335 I X   0.004 0.101 0.001 0.015 0.005 0.010 0.478 0.386 
 336 S X   0.005 0.112 0.001 0.018 0.006 0.010 0.474 0.374 
 337 I X   0.005 0.122 0.001 0.019 0.006 0.010 0.472 0.366 
 338 H X   0.004 0.128 0.001 0.019 0.006 0.010 0.470 0.362 
 339 I X   0.004 0.132 0.001 0.018 0.006 0.010 0.469 0.360 
 340 Q X   0.004 0.134 0.001 0.016 0.005 0.010 0.469 0.361 
 341 E X   0.004 0.135 0.001 0.014 0.005 0.010 0.469 0.362 
 342 M X   0.004 0.136 0.000 0.012 0.004 0.009 0.470 0.364 
 343 D X   0.004 0.137 0.000 0.011 0.004 0.010 0.471 0.363 
 344 T X   0.004 0.138 0.000 0.011 0.004 0.010 0.472 0.361 
 345 P X   0.005 0.140 0.000 0.012 0.005 0.010 0.473 0.356 
 346 G X   0.005 0.143 0.001 0.013 0.005 0.011 0.474 0.349 
 347 E X   0.005 0.146 0.001 0.015 0.006 0.011 0.476 0.341 
 348 M X   0.006 0.148 0.001 0.017 0.006 0.011 0.479 0.333 
 349 L X   0.006 0.149 0.001 0.018 0.006 0.011 0.482 0.327 
 350 M X   0.006 0.148 0.001 0.019 0.007 0.011 0.485 0.323 
 351 T X   0.006 0.146 0.001 0.019 0.007 0.011 0.490 0.321 
 352 G X   0.006 0.142 0.001 0.018 0.006 0.011 0.496 0.320 
 353 R X   0.006 0.136 0.001 0.017 0.006 0.010 0.503 0.321 
 354 G X   0.006 0.129 0.001 0.016 0.006 0.010 0.511 0.322 
 355 S X   0.006 0.120 0.001 0.015 0.006 0.010 0.520 0.322 
 356 L X   0.006 0.112 0.001 0.015 0.005 0.010 0.530 0.322 
 357 G X   0.006 0.104 0.001 0.015 0.005 0.010 0.540 0.320 
 358 P X   0.006 0.095 0.001 0.015 0.005 0.009 0.551 0.318 
 359 T X   0.006 0.087 0.001 0.015 0.005 0.009 0.563 0.315 
 360 L X   0.006 0.079 0.001 0.015 0.005 0.009 0.576 0.311 
 361 T X   0.005 0.070 0.001 0.015 0.004 0.008 0.589 0.308 
 362 T X   0.005 0.060 0.001 0.014 0.004 0.008 0.602 0.306 
 363 E X   0.005 0.051 0.001 0.013 0.004 0.007 0.616 0.303 
 364 A X   0.004 0.042 0.000 0.012 0.003 0.006 0.630 0.302 
 365 P X   0.004 0.033 0.000 0.010 0.003 0.006 0.643 0.301 
 366 A X   0.004 0.025 0.000 0.008 0.002 0.005 0.656 0.300 
 367 A X   0.003 0.019 0.000 0.007 0.002 0.004 0.666 0.298 
 368 A X   0.003 0.014 0.000 0.005 0.001 0.004 0.676 0.297 
 369 Q X   0.003 0.010 0.000 0.004 0.001 0.003 0.683 0.296 
 370 P X   0.002 0.008 0.000 0.003 0.001 0.003 0.689 0.294 
 371 G X   0.002 0.006 0.000 0.002 0.001 0.002 0.694 0.293 
 372 K X   0.002 0.005 0.000 0.002 0.001 0.002 0.697 0.291 
 373 Q X   0.002 0.005 0.000 0.002 0.001 0.002 0.699 0.290 
 374 G X   0.002 0.005 0.000 0.002 0.001 0.002 0.701 0.288 
 375 P X   0.002 0.005 0.000 0.003 0.001 0.003 0.701 0.286 
 376 P X   0.002 0.006 0.000 0.004 0.001 0.003 0.701 0.283 
 377 G X   0.002 0.007 0.000 0.005 0.001 0.004 0.701 0.280 
 378 T X   0.002 0.008 0.000 0.007 0.002 0.004 0.700 0.276 
 379 G X   0.002 0.010 0.000 0.010 0.002 0.005 0.700 0.272 
 380 R X   0.002 0.011 0.000 0.012 0.002 0.005 0.700 0.268 
 381 C X   0.002 0.012 0.000 0.013 0.002 0.005 0.700 0.265 
 382 L X   0.002 0.013 0.000 0.013 0.002 0.005 0.701 0.263 
 383 Q X   0.002 0.013 0.000 0.013 0.002 0.005 0.703 0.262 
 384 A X   0.002 0.012 0.000 0.011 0.002 0.004 0.706 0.262 
 385 P X   0.002 0.011 0.000 0.009 0.002 0.004 0.709 0.264 
 386 G X   0.002 0.010 0.000 0.007 0.001 0.003 0.711 0.265 
 387 T X   0.002 0.008 0.000 0.005 0.001 0.003 0.714 0.266 
 388 E X   0.002 0.007 0.000 0.004 0.001 0.003 0.717 0.267 
 389 P X   0.001 0.006 0.000 0.003 0.001 0.002 0.719 0.267 
 390 G X   0.001 0.006 0.000 0.003 0.001 0.002 0.720 0.267 
 391 E X   0.001 0.006 0.000 0.003 0.001 0.002 0.721 0.267 
 392 Q X   0.001 0.006 0.000 0.003 0.001 0.002 0.721 0.266 
 393 T X   0.002 0.006 0.000 0.003 0.001 0.003 0.720 0.265 
 394 P X   0.002 0.007 0.000 0.005 0.001 0.003 0.719 0.264 
 395 E X   0.002 0.008 0.000 0.006 0.001 0.003 0.718 0.262 
 396 G X   0.002 0.009 0.000 0.007 0.002 0.004 0.717 0.260 
 397 A X   0.002 0.010 0.000 0.009 0.002 0.004 0.716 0.258 
 398 R X   0.002 0.010 0.000 0.010 0.002 0.004 0.715 0.256 
 399 E X   0.002 0.011 0.000 0.011 0.002 0.004 0.715 0.255 
 400 L X   0.002 0.011 0.000 0.011 0.002 0.004 0.715 0.255 
 401 S X   0.002 0.010 0.000 0.010 0.002 0.004 0.717 0.255 
 402 P X   0.002 0.009 0.000 0.009 0.002 0.004 0.718 0.257 
 403 L X   0.002 0.008 0.000 0.007 0.001 0.003 0.720 0.258 
 404 Q X   0.002 0.007 0.000 0.005 0.001 0.003 0.721 0.260 
 405 E X   0.002 0.006 0.000 0.004 0.001 0.003 0.723 0.262 
 406 S X   0.002 0.005 0.000 0.003 0.001 0.002 0.723 0.264 
 407 S X   0.001 0.005 0.000 0.003 0.001 0.002 0.723 0.265 
 408 S X   0.001 0.004 0.000 0.002 0.001 0.002 0.723 0.266 
 409 P X   0.001 0.004 0.000 0.003 0.001 0.002 0.722 0.267 
 410 G X   0.001 0.005 0.000 0.003 0.001 0.002 0.719 0.268 
 411 G X   0.001 0.005 0.000 0.004 0.001 0.003 0.717 0.269 
 412 V X   0.002 0.006 0.000 0.005 0.001 0.003 0.713 0.271 
 413 K X   0.002 0.007 0.000 0.006 0.001 0.003 0.709 0.272 
 414 A X   0.002 0.009 0.000 0.007 0.001 0.003 0.704 0.274 
 415 E X   0.002 0.010 0.000 0.007 0.002 0.004 0.700 0.276 
 416 E X   0.002 0.011 0.000 0.008 0.002 0.004 0.696 0.278 
 417 E X   0.002 0.012 0.000 0.008 0.002 0.004 0.692 0.281 
 418 Q X   0.002 0.013 0.000 0.008 0.002 0.004 0.688 0.283 
 419 R X   0.002 0.013 0.000 0.008 0.002 0.004 0.685 0.286 
 420 A X   0.002 0.014 0.000 0.008 0.002 0.004 0.683 0.288 
 421 G X   0.002 0.015 0.000 0.008 0.002 0.004 0.680 0.289 
 422 A X   0.002 0.015 0.000 0.009 0.002 0.004 0.678 0.290 
 423 E X   0.002 0.015 0.000 0.009 0.002 0.004 0.676 0.291 
 424 P X   0.002 0.016 0.000 0.010 0.002 0.004 0.675 0.291 
 425 G X   0.002 0.015 0.000 0.010 0.002 0.004 0.674 0.292 
 426 T X   0.002 0.015 0.000 0.010 0.002 0.004 0.674 0.292 
 427 R X   0.002 0.014 0.000 0.009 0.002 0.004 0.674 0.293 
 428 P X   0.002 0.013 0.000 0.008 0.002 0.004 0.675 0.295 
 429 S X   0.002 0.012 0.000 0.007 0.001 0.003 0.675 0.298 
 430 L X   0.002 0.011 0.000 0.005 0.001 0.003 0.676 0.302 
 431 A X   0.002 0.009 0.000 0.004 0.001 0.003 0.675 0.305 
 432 R X   0.002 0.009 0.000 0.003 0.001 0.002 0.674 0.309 
 433 S X   0.002 0.008 0.000 0.002 0.001 0.002 0.673 0.313 
 434 D X   0.001 0.008 0.000 0.002 0.001 0.002 0.670 0.315 
 435 D X   0.002 0.009 0.000 0.002 0.001 0.003 0.666 0.317 
 436 N X   0.002 0.011 0.000 0.004 0.001 0.004 0.662 0.318 
 437 D X   0.002 0.015 0.000 0.006 0.002 0.005 0.655 0.315 
 438 H X   0.003 0.023 0.000 0.011 0.003 0.006 0.647 0.308 
 439 E X   0.003 0.034 0.000 0.017 0.004 0.008 0.637 0.297 
 440 V X   0.003 0.046 0.001 0.025 0.005 0.009 0.627 0.284 
 441 G X   0.004 0.056 0.001 0.032 0.005 0.009 0.619 0.275 
 442 A X   0.004 0.062 0.001 0.036 0.006 0.010 0.614 0.269 
 443 L X   0.004 0.064 0.001 0.037 0.006 0.009 0.610 0.269 
 444 G X   0.004 0.064 0.001 0.035 0.005 0.009 0.609 0.273 
 445 L X   0.003 0.061 0.001 0.031 0.005 0.008 0.609 0.282 
 446 Q X   0.003 0.056 0.000 0.025 0.004 0.007 0.610 0.294 
 447 Q X   0.003 0.048 0.000 0.019 0.003 0.006 0.613 0.308 
 448 G X   0.003 0.038 0.000 0.013 0.002 0.005 0.616 0.322 
 449 K X   0.003 0.029 0.000 0.009 0.002 0.005 0.618 0.335 
 450 S X   0.003 0.022 0.000 0.006 0.001 0.004 0.620 0.344 
 451 P X   0.003 0.017 0.000 0.004 0.001 0.003 0.620 0.352 
 452 G X   0.003 0.015 0.000 0.003 0.001 0.003 0.619 0.357 
 453 A X   0.002 0.013 0.000 0.003 0.001 0.003 0.616 0.362 
 454 G X   0.002 0.013 0.000 0.003 0.001 0.003 0.612 0.367 
 455 N X   0.002 0.013 0.000 0.003 0.001 0.003 0.605 0.373 
 456 P X   0.002 0.014 0.000 0.003 0.001 0.004 0.595 0.380 
 457 E X   0.002 0.016 0.000 0.004 0.001 0.004 0.583 0.388 
 458 P X   0.002 0.021 0.000 0.006 0.002 0.006 0.567 0.396 
 459 E X   0.003 0.029 0.000 0.009 0.003 0.007 0.546 0.403 
 460 Q X   0.003 0.042 0.001 0.013 0.004 0.009 0.521 0.406 
 461 D X   0.004 0.063 0.001 0.019 0.005 0.012 0.491 0.406 
 462 C X   0.004 0.092 0.001 0.026 0.007 0.014 0.456 0.400 
 463 A X   0.004 0.129 0.001 0.033 0.009 0.015 0.421 0.388 
 464 A X   0.004 0.166 0.001 0.039 0.010 0.016 0.388 0.375 
 465 R _   0.004 0.199 0.001 0.045 0.011 0.016 0.360 0.364 
 466 A _   0.004 0.223 0.001 0.049 0.011 0.016 0.338 0.358 
 467 P _   0.004 0.239 0.001 0.051 0.011 0.016 0.321 0.357 
 468 V _   0.004 0.249 0.001 0.050 0.010 0.015 0.308 0.362 
 469 R _   0.005 0.253 0.001 0.048 0.010 0.015 0.298 0.370 
 470 A _   0.005 0.253 0.001 0.044 0.009 0.014 0.291 0.383 
 471 E _   0.005 0.249 0.001 0.039 0.008 0.013 0.285 0.399 
 472 A _   0.005 0.241 0.001 0.032 0.007 0.012 0.281 0.420 
 473 V _   0.006 0.229 0.001 0.026 0.006 0.012 0.278 0.442 
 474 R _   0.006 0.215 0.001 0.021 0.005 0.011 0.275 0.466 
 475 R _   0.006 0.201 0.001 0.017 0.005 0.011 0.272 0.488 
 476 M _   0.006 0.190 0.001 0.014 0.004 0.010 0.270 0.505 
 477 P _   0.006 0.181 0.000 0.013 0.004 0.010 0.267 0.518 
 478 P _   0.006 0.175 0.000 0.014 0.004 0.010 0.264 0.526 
 479 G _   0.006 0.170 0.001 0.015 0.004 0.011 0.262 0.531 
 480 A _   0.007 0.166 0.001 0.018 0.005 0.011 0.259 0.534 
 481 E _   0.007 0.162 0.001 0.020 0.005 0.011 0.257 0.537 
 482 A _   0.007 0.157 0.001 0.022 0.006 0.011 0.255 0.541 
 483 G _   0.007 0.149 0.001 0.023 0.006 0.010 0.254 0.549 
 484 S _   0.007 0.136 0.001 0.022 0.005 0.010 0.254 0.564 
 485 V _   0.007 0.119 0.001 0.020 0.005 0.009 0.254 0.586 
 486 V _   0.007 0.097 0.001 0.017 0.004 0.008 0.254 0.613 
 487 L _   0.006 0.073 0.001 0.013 0.003 0.007 0.254 0.642 
 488 D _   0.006 0.052 0.000 0.009 0.003 0.006 0.254 0.670 
 489 D _   0.005 0.037 0.000 0.006 0.002 0.006 0.253 0.691 
 490 S _   0.004 0.029 0.000 0.004 0.001 0.005 0.251 0.705 
 491 P _   0.004 0.026 0.000 0.003 0.001 0.005 0.247 0.713 
 492 A _   0.004 0.025 0.000 0.003 0.001 0.006 0.243 0.718 
 493 P _   0.004 0.026 0.000 0.004 0.002 0.007 0.238 0.718 
 494 P _   0.005 0.031 0.000 0.006 0.003 0.010 0.230 0.714 
 495 A _   0.007 0.043 0.001 0.011 0.004 0.013 0.221 0.701 
 496 P _   0.008 0.063 0.001 0.017 0.007 0.016 0.208 0.680 
 497 F _   0.008 0.090 0.001 0.025 0.009 0.018 0.195 0.653 
 498 E _   0.008 0.117 0.001 0.031 0.011 0.020 0.182 0.628 
 499 H _   0.008 0.140 0.001 0.037 0.012 0.021 0.170 0.610 
 500 R _   0.008 0.157 0.001 0.039 0.013 0.022 0.161 0.599 
 501 V _   0.008 0.167 0.001 0.040 0.013 0.022 0.153 0.595 
 502 V _   0.009 0.174 0.001 0.039 0.013 0.022 0.146 0.596 
 503 S _   0.009 0.176 0.001 0.035 0.012 0.022 0.141 0.603 
 504 V _   0.009 0.176 0.001 0.031 0.012 0.022 0.136 0.613 
 505 K _   0.010 0.174 0.001 0.027 0.011 0.021 0.132 0.624 
 506 E _   0.010 0.170 0.001 0.023 0.010 0.021 0.129 0.636 
 507 T _   0.011 0.166 0.001 0.019 0.009 0.021 0.125 0.648 
 508 S _   0.012 0.161 0.001 0.016 0.009 0.021 0.123 0.658 
 509 I _   0.012 0.158 0.001 0.014 0.008 0.021 0.120 0.666 
 510 S _   0.013 0.156 0.001 0.013 0.008 0.021 0.117 0.671 
 511 A _   0.014 0.155 0.001 0.013 0.008 0.022 0.114 0.673 
 512 G _   0.015 0.156 0.001 0.013 0.009 0.023 0.111 0.673 
 513 Y _   0.017 0.158 0.001 0.013 0.009 0.023 0.108 0.671 
 514 E _   0.017 0.161 0.001 0.014 0.010 0.024 0.106 0.667 
 515 V _   0.018 0.165 0.001 0.015 0.011 0.025 0.103 0.663 
 516 C _   0.018 0.170 0.001 0.017 0.011 0.025 0.101 0.657 
 517 Q _   0.019 0.174 0.001 0.018 0.012 0.026 0.098 0.651 
 518 H _   0.019 0.179 0.001 0.020 0.013 0.026 0.096 0.646 
 519 E _   0.019 0.183 0.001 0.022 0.013 0.026 0.095 0.641 
 520 V _   0.020 0.187 0.001 0.024 0.014 0.026 0.093 0.637 
 521 L _   0.020 0.189 0.001 0.026 0.014 0.025 0.092 0.634 
 522 G _   0.019 0.189 0.001 0.027 0.014 0.025 0.091 0.633 
 523 G _   0.019 0.187 0.001 0.029 0.014 0.024 0.090 0.636 
 524 G _   0.019 0.182 0.001 0.029 0.014 0.023 0.090 0.642 
 525 R _   0.018 0.175 0.001 0.029 0.013 0.021 0.090 0.652 
 526 F _   0.017 0.164 0.001 0.027 0.012 0.020 0.091 0.667 
 527 G _   0.016 0.148 0.001 0.025 0.011 0.019 0.092 0.688 
 528 Q _   0.015 0.129 0.001 0.022 0.009 0.017 0.093 0.714 
 529 V _   0.014 0.108 0.001 0.018 0.008 0.015 0.095 0.742 
 530 H _   0.012 0.088 0.001 0.014 0.006 0.014 0.096 0.769 
 531 R _   0.011 0.071 0.001 0.010 0.005 0.012 0.097 0.792 
 532 C _   0.010 0.059 0.000 0.008 0.004 0.011 0.098 0.810 
 533 T _   0.009 0.052 0.000 0.006 0.003 0.011 0.098 0.821 
 534 E _   0.008 0.049 0.000 0.005 0.003 0.011 0.098 0.825 
 535 K _   0.008 0.049 0.000 0.005 0.003 0.011 0.098 0.825 
 536 S _   0.009 0.051 0.000 0.006 0.004 0.013 0.097 0.820 
 537 T _   0.010 0.057 0.001 0.009 0.005 0.015 0.096 0.808 
 538 G _   0.012 0.068 0.001 0.013 0.007 0.017 0.094 0.788 
 539 L _   0.013 0.084 0.001 0.020 0.009 0.019 0.092 0.762 
 540 P _   0.014 0.103 0.001 0.027 0.012 0.021 0.090 0.732 
 541 L _   0.014 0.120 0.001 0.035 0.014 0.022 0.088 0.706 
 542 A _   0.015 0.133 0.001 0.042 0.015 0.022 0.087 0.685 
 543 A _   0.015 0.141 0.001 0.047 0.015 0.022 0.087 0.673 
 544 K _   0.014 0.144 0.001 0.049 0.015 0.021 0.087 0.669 
 545 I _   0.014 0.142 0.001 0.047 0.014 0.020 0.088 0.673 
 546 I _   0.014 0.136 0.001 0.043 0.012 0.018 0.089 0.686 
 547 K _   0.013 0.125 0.001 0.037 0.010 0.016 0.091 0.705 
 548 V _   0.012 0.109 0.001 0.030 0.009 0.015 0.093 0.731 
 549 K _   0.011 0.088 0.001 0.023 0.007 0.013 0.096 0.761 
 550 S _   0.010 0.067 0.001 0.017 0.005 0.011 0.098 0.791 
 551 A _   0.009 0.048 0.001 0.012 0.004 0.009 0.100 0.817 
 552 K _   0.008 0.035 0.000 0.008 0.003 0.008 0.102 0.836 
 553 D _   0.006 0.027 0.000 0.006 0.002 0.007 0.102 0.849 
 554 R _   0.006 0.023 0.000 0.004 0.002 0.006 0.103 0.856 
 555 E _   0.005 0.021 0.000 0.004 0.002 0.006 0.102 0.860 
 556 D _   0.005 0.021 0.000 0.004 0.002 0.007 0.101 0.860 
 557 V _   0.006 0.023 0.000 0.005 0.002 0.008 0.100 0.857 
 558 K _   0.006 0.027 0.000 0.007 0.003 0.010 0.098 0.850 
 559 N _   0.007 0.033 0.000 0.009 0.004 0.012 0.095 0.839 
 560 E _   0.008 0.044 0.001 0.012 0.005 0.014 0.093 0.824 
 561 I _   0.009 0.057 0.001 0.015 0.006 0.017 0.089 0.806 
 562 N _   0.010 0.071 0.001 0.019 0.008 0.019 0.086 0.786 
 563 I _   0.012 0.085 0.001 0.021 0.009 0.022 0.083 0.767 
 564 M _   0.013 0.097 0.001 0.023 0.011 0.024 0.080 0.751 
 565 N _   0.015 0.107 0.001 0.025 0.012 0.027 0.078 0.736 
 566 Q _   0.016 0.117 0.001 0.026 0.014 0.029 0.075 0.723 
 567 L _   0.018 0.124 0.001 0.027 0.015 0.030 0.073 0.711 
 568 S _   0.020 0.131 0.001 0.029 0.017 0.032 0.071 0.700 
 569 H _   0.021 0.137 0.001 0.031 0.018 0.033 0.070 0.689 
 570 V _   0.023 0.141 0.001 0.034 0.019 0.033 0.069 0.680 
 571 N _   0.024 0.144 0.001 0.037 0.020 0.033 0.068 0.673 
 572 L _   0.025 0.144 0.001 0.039 0.019 0.032 0.068 0.672 
 573 I _   0.026 0.140 0.001 0.039 0.018 0.030 0.068 0.677 
 574 Q _   0.025 0.132 0.001 0.037 0.017 0.028 0.068 0.691 
 575 L _   0.023 0.119 0.001 0.033 0.015 0.025 0.069 0.715 
 576 Y _   0.021 0.099 0.001 0.027 0.012 0.022 0.070 0.748 
 577 D _   0.019 0.074 0.001 0.020 0.009 0.020 0.071 0.785 
 578 A _   0.017 0.051 0.001 0.014 0.007 0.017 0.072 0.821 
 579 F _   0.015 0.034 0.001 0.008 0.005 0.015 0.073 0.849 
 580 E _   0.014 0.024 0.000 0.005 0.004 0.014 0.073 0.866 
 581 S _   0.013 0.020 0.000 0.004 0.003 0.014 0.072 0.874 
 582 K _   0.013 0.019 0.000 0.004 0.003 0.014 0.072 0.875 
 583 H _   0.014 0.020 0.000 0.005 0.004 0.016 0.071 0.870 
 584 S _   0.016 0.025 0.001 0.008 0.006 0.019 0.069 0.857 
 585 C _   0.017 0.035 0.001 0.013 0.009 0.021 0.068 0.836 
 586 T _   0.019 0.050 0.001 0.020 0.012 0.024 0.066 0.809 
 587 L _   0.020 0.067 0.001 0.028 0.014 0.025 0.064 0.780 
 588 V _   0.020 0.081 0.001 0.034 0.016 0.026 0.063 0.758 
 589 M _   0.020 0.091 0.001 0.039 0.017 0.026 0.061 0.744 
 590 E _   0.019 0.096 0.001 0.041 0.017 0.026 0.061 0.739 
 591 Y _   0.018 0.098 0.001 0.040 0.016 0.025 0.060 0.741 
 592 V _   0.017 0.097 0.001 0.038 0.015 0.023 0.060 0.748 
 593 D _   0.016 0.093 0.001 0.035 0.013 0.022 0.061 0.759 
 594 G _   0.016 0.087 0.001 0.031 0.012 0.020 0.061 0.772 
 595 G _   0.015 0.080 0.001 0.027 0.010 0.018 0.062 0.786 
 596 E _   0.014 0.070 0.001 0.024 0.009 0.017 0.063 0.802 
 597 L _   0.013 0.059 0.001 0.021 0.007 0.015 0.065 0.818 
 598 F _   0.012 0.048 0.001 0.018 0.006 0.014 0.066 0.835 
 599 D _   0.011 0.037 0.001 0.015 0.005 0.013 0.067 0.852 
 600 R _   0.010 0.027 0.001 0.012 0.004 0.011 0.068 0.867 
 601 I _   0.009 0.019 0.000 0.009 0.004 0.010 0.068 0.881 
 602 T _   0.008 0.012 0.000 0.007 0.003 0.010 0.069 0.891 
 603 D _   0.008 0.008 0.000 0.005 0.002 0.010 0.069 0.898 
 604 E _   0.008 0.006 0.000 0.004 0.002 0.010 0.068 0.902 
 605 K _   0.008 0.004 0.000 0.004 0.002 0.011 0.068 0.902 
 606 Y _   0.010 0.004 0.000 0.004 0.003 0.013 0.067 0.899 
 607 H _   0.013 0.005 0.000 0.005 0.004 0.017 0.066 0.892 
 608 L _   0.016 0.006 0.001 0.006 0.005 0.022 0.064 0.880 
 609 T _   0.022 0.009 0.001 0.009 0.008 0.028 0.063 0.861 
 610 E _   0.028 0.014 0.001 0.013 0.013 0.034 0.060 0.836 
 611 L _   0.035 0.021 0.001 0.019 0.018 0.041 0.058 0.807 
 612 D _   0.043 0.029 0.002 0.024 0.023 0.047 0.056 0.778 
 613 V _   0.050 0.035 0.002 0.029 0.028 0.051 0.054 0.751 
 614 V _   0.055 0.040 0.002 0.032 0.031 0.054 0.052 0.732 
 615 L _   0.060 0.043 0.002 0.034 0.034 0.056 0.051 0.720 
 616 F _   0.064 0.044 0.002 0.033 0.034 0.056 0.050 0.717 
 617 T _   0.066 0.042 0.002 0.030 0.033 0.056 0.050 0.722 
 618 R _   0.067 0.039 0.002 0.026 0.031 0.054 0.049 0.732 
 619 Q _   0.066 0.035 0.002 0.021 0.028 0.052 0.049 0.746 
 620 I _   0.064 0.031 0.002 0.017 0.024 0.049 0.050 0.762 
 621 C _   0.062 0.027 0.001 0.014 0.020 0.046 0.050 0.779 
 622 E _   0.059 0.024 0.001 0.012 0.018 0.043 0.050 0.792 
 623 G _   0.056 0.023 0.001 0.012 0.016 0.041 0.050 0.802 
 624 V _   0.052 0.022 0.001 0.012 0.015 0.038 0.051 0.810 
 625 H _   0.048 0.021 0.001 0.013 0.014 0.036 0.051 0.816 
 626 Y _   0.044 0.021 0.001 0.014 0.014 0.034 0.051 0.821 
 627 L _   0.039 0.022 0.001 0.016 0.013 0.031 0.051 0.826 
 628 H _   0.035 0.022 0.001 0.018 0.013 0.029 0.052 0.831 
 629 Q _   0.031 0.021 0.001 0.019 0.012 0.026 0.052 0.837 
 630 H _   0.026 0.021 0.001 0.019 0.011 0.024 0.053 0.845 
 631 Y _   0.023 0.019 0.001 0.018 0.009 0.021 0.053 0.855 
 632 I _   0.020 0.017 0.001 0.016 0.008 0.018 0.054 0.866 
 633 L _   0.017 0.015 0.001 0.014 0.007 0.016 0.054 0.877 
 634 H _   0.015 0.012 0.001 0.011 0.005 0.014 0.055 0.887 
 635 L _   0.013 0.010 0.001 0.009 0.004 0.012 0.055 0.897 
 636 D _   0.011 0.008 0.000 0.007 0.004 0.011 0.055 0.904 
 637 L _   0.010 0.006 0.000 0.005 0.003 0.010 0.055 0.908 
 638 K _   0.010 0.006 0.000 0.005 0.003 0.010 0.055 0.910 
 639 P _   0.010 0.006 0.000 0.005 0.003 0.011 0.055 0.910 
 640 E _   0.010 0.007 0.000 0.006 0.004 0.012 0.055 0.906 
 641 N _   0.011 0.009 0.000 0.007 0.004 0.013 0.054 0.900 
 642 I _   0.013 0.012 0.001 0.009 0.005 0.015 0.053 0.892 
 643 L _   0.014 0.017 0.001 0.011 0.006 0.017 0.052 0.881 
 644 C _   0.016 0.022 0.001 0.013 0.008 0.019 0.051 0.871 
 645 V _   0.017 0.028 0.001 0.015 0.009 0.021 0.050 0.860 
 646 N _   0.018 0.033 0.001 0.016 0.010 0.023 0.049 0.851 
 647 Q _   0.019 0.038 0.001 0.016 0.010 0.024 0.049 0.842 
 648 T _   0.021 0.043 0.001 0.016 0.011 0.026 0.048 0.834 
 649 G _   0.023 0.048 0.001 0.016 0.012 0.028 0.047 0.825 
 650 H _   0.025 0.054 0.001 0.017 0.013 0.029 0.046 0.814 
 651 Q _   0.027 0.061 0.001 0.019 0.015 0.031 0.046 0.801 
 652 I _   0.029 0.070 0.001 0.022 0.017 0.032 0.045 0.784 
 653 K _   0.031 0.079 0.001 0.027 0.018 0.033 0.045 0.766 
 654 I _   0.032 0.089 0.001 0.033 0.020 0.033 0.045 0.748 
 655 I _   0.032 0.096 0.002 0.039 0.020 0.032 0.045 0.734 
 656 D _   0.031 0.100 0.001 0.043 0.020 0.030 0.046 0.728 
 657 F _   0.030 0.101 0.001 0.045 0.018 0.028 0.047 0.731 
 658 G _   0.027 0.097 0.001 0.043 0.016 0.025 0.048 0.742 
 659 L _   0.024 0.089 0.001 0.038 0.013 0.022 0.049 0.762 
 660 A _   0.021 0.075 0.001 0.031 0.010 0.019 0.051 0.792 
 661 R _   0.018 0.058 0.001 0.022 0.008 0.015 0.053 0.826 
 662 R _   0.015 0.039 0.001 0.015 0.005 0.012 0.054 0.859 
 663 Y _   0.012 0.024 0.000 0.009 0.004 0.010 0.055 0.885 
