#TopoPred_TM8: 8-state transmembrane topology prediction results by no_profile mode 
#probabilities are in the order of H E C I L F X _, the 8 transmembrane topology types used in PDBTM 
   1 M _   0.027 0.002 0.003 0.076 0.015 0.018 0.395 0.466 
   2 S _   0.011 0.001 0.000 0.046 0.004 0.010 0.402 0.526 
   3 S _   0.006 0.000 0.000 0.025 0.001 0.007 0.399 0.562 
   4 W _   0.009 0.000 0.000 0.015 0.002 0.007 0.388 0.578 
   5 I _   0.021 0.000 0.000 0.012 0.003 0.010 0.367 0.587 
   6 R _   0.050 0.000 0.001 0.008 0.005 0.014 0.334 0.588 
   7 W _   0.097 0.000 0.001 0.006 0.006 0.016 0.296 0.577 
   8 H _   0.166 0.000 0.001 0.004 0.008 0.017 0.251 0.553 
   9 G _   0.248 0.000 0.001 0.003 0.008 0.017 0.204 0.518 
  10 P _   0.339 0.000 0.001 0.002 0.010 0.017 0.158 0.474 
  11 A H   0.435 0.000 0.001 0.001 0.011 0.015 0.117 0.418 
  12 M H   0.535 0.000 0.001 0.001 0.011 0.014 0.085 0.353 
  13 A H   0.636 0.000 0.001 0.001 0.010 0.011 0.060 0.280 
  14 R H   0.729 0.000 0.001 0.001 0.010 0.009 0.041 0.209 
  15 L H   0.806 0.000 0.001 0.000 0.009 0.008 0.028 0.148 
  16 W H   0.864 0.000 0.001 0.000 0.009 0.006 0.019 0.101 
  17 G H   0.904 0.000 0.001 0.000 0.009 0.005 0.013 0.069 
  18 F H   0.929 0.000 0.001 0.000 0.009 0.004 0.009 0.048 
  19 C H   0.944 0.000 0.001 0.000 0.009 0.004 0.007 0.037 
  20 W H   0.950 0.000 0.001 0.000 0.009 0.003 0.005 0.032 
  21 L H   0.952 0.000 0.001 0.000 0.009 0.003 0.004 0.031 
  22 V H   0.948 0.000 0.001 0.000 0.009 0.003 0.003 0.035 
  23 V H   0.938 0.000 0.001 0.000 0.010 0.003 0.003 0.044 
  24 G H   0.921 0.000 0.001 0.000 0.011 0.004 0.003 0.060 
  25 F H   0.893 0.000 0.001 0.000 0.012 0.004 0.003 0.086 
  26 W H   0.849 0.000 0.001 0.001 0.014 0.005 0.003 0.127 
  27 R H   0.788 0.000 0.001 0.001 0.014 0.006 0.004 0.185 
  28 A H   0.707 0.000 0.001 0.001 0.015 0.008 0.005 0.263 
  29 A H   0.608 0.000 0.001 0.001 0.014 0.009 0.007 0.359 
  30 F H   0.498 0.000 0.001 0.002 0.012 0.010 0.009 0.468 
  31 A _   0.385 0.000 0.001 0.002 0.010 0.010 0.012 0.579 
  32 C _   0.283 0.000 0.001 0.002 0.008 0.010 0.015 0.680 
  33 P _   0.201 0.000 0.001 0.003 0.006 0.010 0.018 0.761 
  34 T _   0.137 0.000 0.001 0.003 0.005 0.010 0.020 0.824 
  35 S _   0.092 0.000 0.001 0.004 0.004 0.010 0.022 0.866 
  36 C _   0.063 0.001 0.001 0.005 0.004 0.010 0.024 0.893 
  37 K _   0.043 0.002 0.001 0.006 0.004 0.011 0.025 0.908 
  38 C _   0.031 0.003 0.001 0.009 0.005 0.011 0.026 0.915 
  39 S _   0.023 0.006 0.001 0.011 0.005 0.011 0.027 0.915 
  40 A _   0.018 0.008 0.001 0.014 0.006 0.012 0.028 0.913 
  41 S _   0.014 0.011 0.001 0.016 0.006 0.011 0.029 0.911 
  42 R _   0.012 0.013 0.001 0.017 0.006 0.011 0.030 0.910 
  43 I _   0.010 0.014 0.001 0.016 0.005 0.010 0.031 0.912 
  44 W _   0.009 0.015 0.001 0.014 0.004 0.010 0.032 0.915 
  45 C _   0.008 0.015 0.000 0.012 0.004 0.009 0.033 0.919 
  46 S _   0.007 0.015 0.000 0.010 0.003 0.008 0.034 0.922 
  47 D _   0.006 0.016 0.000 0.009 0.003 0.008 0.034 0.923 
  48 P _   0.006 0.017 0.000 0.009 0.003 0.009 0.035 0.921 
  49 S _   0.007 0.020 0.000 0.010 0.004 0.010 0.035 0.914 
  50 P _   0.007 0.024 0.001 0.014 0.005 0.011 0.036 0.902 
  51 G _   0.009 0.031 0.001 0.021 0.006 0.013 0.036 0.884 
  52 I _   0.010 0.038 0.001 0.029 0.008 0.015 0.037 0.864 
  53 V _   0.010 0.044 0.001 0.037 0.009 0.016 0.037 0.846 
  54 A _   0.010 0.048 0.001 0.042 0.010 0.016 0.038 0.835 
  55 F _   0.010 0.049 0.001 0.043 0.010 0.015 0.040 0.833 
  56 P _   0.009 0.047 0.001 0.039 0.009 0.014 0.042 0.840 
  57 R _   0.009 0.042 0.001 0.032 0.007 0.012 0.044 0.854 
  58 L _   0.007 0.034 0.001 0.023 0.005 0.010 0.046 0.874 
  59 E _   0.007 0.025 0.001 0.015 0.004 0.008 0.048 0.893 
  60 P _   0.006 0.017 0.000 0.008 0.002 0.007 0.049 0.909 
  61 N _   0.005 0.013 0.000 0.005 0.002 0.006 0.051 0.919 
  62 S _   0.005 0.011 0.000 0.003 0.001 0.006 0.051 0.922 
  63 V _   0.005 0.010 0.000 0.003 0.001 0.007 0.051 0.921 
  64 D _   0.006 0.012 0.000 0.004 0.002 0.009 0.051 0.915 
  65 P _   0.009 0.018 0.000 0.006 0.004 0.013 0.051 0.900 
  66 E _   0.011 0.033 0.001 0.011 0.006 0.017 0.050 0.870 
  67 N _   0.014 0.062 0.001 0.020 0.010 0.022 0.048 0.822 
  68 I _   0.016 0.106 0.001 0.031 0.014 0.027 0.046 0.758 
  69 T _   0.016 0.152 0.002 0.043 0.018 0.029 0.044 0.696 
  70 E _   0.016 0.187 0.002 0.054 0.020 0.031 0.042 0.649 
  71 I _   0.016 0.210 0.002 0.061 0.021 0.031 0.040 0.620 
  72 F _   0.015 0.222 0.002 0.064 0.022 0.030 0.040 0.605 
  73 I _   0.015 0.227 0.002 0.065 0.021 0.029 0.040 0.601 
  74 A _   0.015 0.226 0.002 0.063 0.020 0.027 0.040 0.607 
  75 N _   0.014 0.218 0.002 0.057 0.019 0.025 0.041 0.623 
  76 Q _   0.014 0.204 0.001 0.050 0.017 0.023 0.042 0.648 
  77 K _   0.014 0.182 0.001 0.042 0.014 0.021 0.044 0.680 
  78 R _   0.014 0.153 0.001 0.034 0.012 0.019 0.047 0.720 
  79 L _   0.013 0.120 0.001 0.027 0.009 0.017 0.049 0.763 
  80 E _   0.012 0.088 0.001 0.020 0.007 0.015 0.052 0.805 
  81 I _   0.011 0.061 0.001 0.014 0.005 0.013 0.054 0.842 
  82 I _   0.010 0.041 0.001 0.010 0.004 0.011 0.055 0.869 
  83 N _   0.009 0.029 0.000 0.006 0.003 0.010 0.056 0.887 
  84 E _   0.008 0.022 0.000 0.005 0.002 0.010 0.056 0.897 
  85 D _   0.008 0.019 0.000 0.004 0.002 0.010 0.056 0.901 
  86 D _   0.009 0.018 0.000 0.004 0.002 0.011 0.055 0.900 
  87 V _   0.010 0.020 0.000 0.005 0.003 0.014 0.055 0.894 
  88 E _   0.012 0.023 0.000 0.007 0.005 0.017 0.053 0.883 
  89 A _   0.014 0.031 0.001 0.010 0.007 0.021 0.052 0.865 
  90 Y _   0.017 0.043 0.001 0.015 0.009 0.024 0.050 0.840 
  91 V _   0.019 0.058 0.001 0.020 0.012 0.028 0.048 0.813 
  92 G _   0.021 0.072 0.001 0.025 0.015 0.031 0.047 0.789 
  93 L _   0.022 0.082 0.001 0.028 0.016 0.033 0.045 0.772 
  94 R _   0.023 0.090 0.001 0.029 0.017 0.035 0.044 0.761 
  95 N _   0.024 0.094 0.001 0.027 0.018 0.036 0.043 0.756 
  96 L _   0.025 0.096 0.001 0.024 0.017 0.036 0.043 0.757 
  97 T _   0.027 0.096 0.001 0.021 0.016 0.036 0.042 0.759 
  98 I _   0.028 0.096 0.001 0.018 0.016 0.037 0.042 0.761 
  99 V _   0.030 0.097 0.001 0.016 0.016 0.037 0.042 0.761 
 100 D _   0.032 0.098 0.001 0.016 0.016 0.038 0.041 0.757 
 101 S _   0.035 0.101 0.001 0.016 0.017 0.038 0.041 0.751 
 102 G _   0.036 0.104 0.001 0.018 0.018 0.038 0.041 0.742 
 103 L _   0.038 0.108 0.001 0.021 0.019 0.038 0.041 0.733 
 104 K _   0.037 0.112 0.001 0.025 0.020 0.037 0.042 0.726 
 105 F _   0.036 0.114 0.001 0.028 0.020 0.036 0.042 0.723 
 106 V _   0.035 0.114 0.001 0.029 0.019 0.034 0.043 0.725 
 107 A _   0.032 0.112 0.001 0.029 0.018 0.031 0.044 0.732 
 108 H _   0.030 0.107 0.001 0.028 0.016 0.028 0.045 0.746 
 109 K _   0.027 0.099 0.001 0.024 0.013 0.025 0.046 0.764 
 110 A _   0.024 0.089 0.001 0.020 0.011 0.022 0.047 0.785 
 111 F _   0.021 0.078 0.001 0.016 0.009 0.020 0.049 0.807 
 112 L _   0.018 0.067 0.001 0.012 0.007 0.018 0.050 0.827 
 113 K _   0.016 0.059 0.001 0.010 0.006 0.016 0.051 0.842 
 114 N _   0.014 0.053 0.001 0.009 0.005 0.015 0.052 0.851 
 115 S _   0.013 0.050 0.001 0.009 0.005 0.014 0.053 0.856 
 116 N _   0.013 0.049 0.001 0.009 0.005 0.014 0.054 0.856 
 117 L _   0.013 0.048 0.001 0.011 0.005 0.014 0.054 0.853 
 118 Q _   0.013 0.049 0.001 0.013 0.006 0.015 0.055 0.849 
 119 H _   0.013 0.050 0.001 0.016 0.007 0.015 0.056 0.843 
 120 I _   0.013 0.050 0.001 0.019 0.007 0.015 0.056 0.839 
 121 N _   0.013 0.050 0.001 0.020 0.008 0.015 0.057 0.836 
 122 F _   0.012 0.049 0.001 0.021 0.008 0.014 0.058 0.837 
 123 T _   0.012 0.046 0.001 0.020 0.007 0.014 0.059 0.841 
 124 R _   0.011 0.042 0.001 0.019 0.007 0.013 0.061 0.847 
 125 N _   0.011 0.036 0.001 0.017 0.006 0.012 0.062 0.855 
 126 K _   0.010 0.031 0.001 0.014 0.005 0.012 0.064 0.863 
 127 L _   0.009 0.025 0.001 0.012 0.005 0.011 0.066 0.872 
 128 T _   0.009 0.020 0.001 0.010 0.004 0.010 0.068 0.879 
 129 S _   0.008 0.015 0.000 0.009 0.004 0.010 0.069 0.884 
 130 L _   0.008 0.012 0.000 0.008 0.003 0.010 0.070 0.888 
 131 S _   0.008 0.009 0.000 0.007 0.003 0.010 0.071 0.891 
 132 R _   0.008 0.008 0.000 0.007 0.003 0.010 0.072 0.892 
 133 K _   0.008 0.006 0.000 0.006 0.003 0.011 0.073 0.893 
 134 H _   0.008 0.006 0.000 0.006 0.003 0.011 0.073 0.892 
 135 F _   0.009 0.005 0.000 0.006 0.003 0.013 0.073 0.889 
 136 R _   0.011 0.006 0.000 0.006 0.004 0.015 0.073 0.884 
 137 H _   0.013 0.006 0.001 0.008 0.005 0.018 0.073 0.876 
 138 L _   0.016 0.008 0.001 0.010 0.007 0.022 0.073 0.863 
 139 D _   0.020 0.010 0.001 0.013 0.010 0.026 0.072 0.846 
 140 L _   0.025 0.014 0.001 0.018 0.014 0.031 0.072 0.826 
 141 S _   0.030 0.017 0.001 0.023 0.018 0.035 0.072 0.804 
 142 E _   0.035 0.020 0.002 0.028 0.021 0.038 0.072 0.784 
 143 L _   0.039 0.022 0.002 0.031 0.023 0.040 0.073 0.770 
 144 I _   0.043 0.022 0.002 0.032 0.023 0.041 0.074 0.763 
 145 L _   0.045 0.021 0.002 0.030 0.022 0.042 0.075 0.764 
 146 V _   0.048 0.019 0.001 0.025 0.020 0.041 0.077 0.770 
 147 G _   0.050 0.015 0.001 0.019 0.017 0.040 0.078 0.779 
 148 N _   0.052 0.011 0.001 0.013 0.014 0.040 0.080 0.788 
 149 P _   0.053 0.008 0.001 0.009 0.012 0.040 0.082 0.795 
 150 F _   0.056 0.007 0.001 0.006 0.011 0.040 0.083 0.796 
 151 T _   0.059 0.006 0.001 0.005 0.011 0.042 0.085 0.791 
 152 C _   0.064 0.007 0.001 0.005 0.013 0.045 0.086 0.779 
 153 S _   0.070 0.011 0.001 0.008 0.017 0.048 0.087 0.757 
 154 C _   0.075 0.020 0.002 0.014 0.023 0.051 0.089 0.726 
 155 D _   0.079 0.038 0.002 0.023 0.030 0.053 0.090 0.685 
 156 I _   0.080 0.059 0.002 0.035 0.035 0.054 0.093 0.641 
 157 M _   0.078 0.078 0.002 0.048 0.038 0.052 0.096 0.608 
 158 W _   0.074 0.089 0.002 0.058 0.037 0.049 0.099 0.590 
 159 I _   0.068 0.094 0.002 0.063 0.035 0.045 0.104 0.588 
 160 K _   0.060 0.093 0.002 0.062 0.031 0.040 0.111 0.601 
 161 T _   0.051 0.087 0.002 0.055 0.025 0.034 0.118 0.629 
 162 L _   0.042 0.075 0.002 0.044 0.018 0.028 0.126 0.666 
 163 Q _   0.033 0.056 0.001 0.031 0.013 0.022 0.135 0.709 
 164 E _   0.025 0.036 0.001 0.020 0.008 0.017 0.143 0.751 
 165 A _   0.019 0.021 0.001 0.011 0.005 0.012 0.149 0.782 
 166 K _   0.014 0.011 0.000 0.007 0.003 0.009 0.154 0.802 
 167 S _   0.010 0.006 0.000 0.004 0.002 0.007 0.157 0.812 
 168 S _   0.008 0.004 0.000 0.003 0.001 0.006 0.159 0.817 
 169 P _   0.007 0.003 0.000 0.003 0.001 0.006 0.161 0.818 
 170 D _   0.006 0.003 0.000 0.004 0.002 0.006 0.162 0.816 
 171 T _   0.006 0.004 0.000 0.006 0.002 0.006 0.162 0.814 
 172 Q _   0.006 0.004 0.000 0.007 0.002 0.007 0.162 0.811 
 173 D _   0.006 0.005 0.000 0.009 0.002 0.007 0.162 0.808 
 174 L _   0.006 0.006 0.000 0.010 0.003 0.007 0.161 0.806 
 175 Y _   0.006 0.007 0.000 0.011 0.003 0.007 0.159 0.807 
 176 C _   0.005 0.008 0.000 0.010 0.003 0.007 0.158 0.809 
 177 L _   0.005 0.008 0.000 0.009 0.002 0.007 0.156 0.812 
 178 N _   0.004 0.009 0.000 0.008 0.002 0.006 0.154 0.816 
 179 E _   0.004 0.010 0.000 0.007 0.002 0.006 0.151 0.819 
 180 S _   0.004 0.011 0.000 0.006 0.002 0.007 0.149 0.821 
 181 S _   0.004 0.014 0.000 0.007 0.002 0.007 0.145 0.820 
 182 K _   0.005 0.018 0.000 0.008 0.003 0.008 0.142 0.816 
 183 N _   0.005 0.025 0.000 0.011 0.004 0.010 0.137 0.806 
 184 I _   0.006 0.037 0.001 0.016 0.005 0.012 0.132 0.790 
 185 P _   0.007 0.052 0.001 0.023 0.007 0.014 0.127 0.770 
 186 L _   0.008 0.068 0.001 0.030 0.008 0.015 0.122 0.749 
 187 A _   0.008 0.080 0.001 0.035 0.009 0.016 0.118 0.733 
 188 N _   0.008 0.088 0.001 0.039 0.010 0.016 0.114 0.725 
 189 L _   0.008 0.093 0.001 0.039 0.009 0.015 0.112 0.723 
 190 Q _   0.008 0.094 0.001 0.037 0.009 0.014 0.110 0.728 
 191 I _   0.008 0.092 0.001 0.032 0.008 0.013 0.108 0.738 
 192 P _   0.007 0.089 0.001 0.026 0.007 0.012 0.108 0.751 
 193 N _   0.007 0.083 0.001 0.021 0.005 0.011 0.107 0.765 
 194 C _   0.007 0.078 0.001 0.016 0.004 0.010 0.106 0.779 
 195 G _   0.007 0.072 0.000 0.012 0.004 0.009 0.106 0.790 
 196 L _   0.006 0.068 0.000 0.010 0.003 0.008 0.105 0.799 
 197 P _   0.006 0.066 0.000 0.008 0.003 0.008 0.104 0.805 
 198 S _   0.006 0.065 0.000 0.008 0.003 0.008 0.103 0.808 
 199 A _   0.006 0.065 0.000 0.008 0.003 0.008 0.101 0.809 
 200 N _   0.006 0.068 0.000 0.008 0.003 0.008 0.099 0.808 
 201 L _   0.006 0.072 0.000 0.009 0.003 0.009 0.096 0.805 
 202 A _   0.006 0.078 0.000 0.010 0.003 0.010 0.093 0.799 
 203 A _   0.006 0.086 0.001 0.011 0.004 0.010 0.090 0.792 
 204 P _   0.006 0.095 0.001 0.012 0.004 0.011 0.087 0.784 
 205 N _   0.007 0.105 0.001 0.014 0.005 0.012 0.083 0.774 
 206 L _   0.007 0.117 0.001 0.015 0.005 0.013 0.079 0.762 
 207 T _   0.007 0.131 0.001 0.016 0.006 0.014 0.075 0.750 
 208 V _   0.008 0.145 0.001 0.017 0.007 0.015 0.072 0.735 
 209 E _   0.008 0.162 0.001 0.018 0.008 0.017 0.068 0.719 
 210 E _   0.009 0.180 0.001 0.020 0.009 0.018 0.064 0.700 
 211 G _   0.009 0.199 0.001 0.023 0.010 0.019 0.061 0.678 
 212 K _   0.010 0.220 0.001 0.026 0.011 0.020 0.057 0.655 
 213 S _   0.011 0.239 0.001 0.029 0.012 0.020 0.054 0.633 
 214 I _   0.011 0.256 0.001 0.033 0.013 0.020 0.052 0.615 
 215 T _   0.011 0.267 0.001 0.036 0.013 0.020 0.050 0.602 
 216 L _   0.011 0.274 0.001 0.038 0.013 0.019 0.048 0.596 
 217 S _   0.011 0.275 0.001 0.038 0.012 0.018 0.047 0.598 
 218 C _   0.010 0.273 0.001 0.035 0.012 0.017 0.047 0.605 
 219 S _   0.010 0.265 0.001 0.031 0.010 0.016 0.047 0.621 
 220 V _   0.010 0.252 0.001 0.026 0.009 0.014 0.047 0.641 
 221 A _   0.009 0.235 0.001 0.021 0.007 0.013 0.047 0.667 
 222 G _   0.009 0.217 0.001 0.016 0.006 0.012 0.047 0.692 
 223 D _   0.008 0.200 0.001 0.013 0.005 0.012 0.047 0.714 
 224 P _   0.008 0.187 0.001 0.010 0.004 0.011 0.047 0.731 
 225 V _   0.008 0.180 0.000 0.009 0.004 0.011 0.047 0.741 
 226 P _   0.008 0.176 0.000 0.009 0.004 0.011 0.047 0.744 
 227 N _   0.008 0.176 0.000 0.010 0.004 0.012 0.047 0.743 
 228 M _   0.008 0.179 0.001 0.012 0.005 0.012 0.046 0.737 
 229 Y _   0.008 0.184 0.001 0.015 0.006 0.013 0.046 0.728 
 230 W _   0.008 0.191 0.001 0.018 0.006 0.013 0.045 0.717 
 231 D _   0.008 0.198 0.001 0.022 0.007 0.014 0.045 0.706 
 232 V _   0.008 0.203 0.001 0.025 0.008 0.014 0.044 0.698 
 233 G _   0.008 0.206 0.001 0.027 0.008 0.013 0.044 0.693 
 234 N _   0.008 0.206 0.001 0.028 0.008 0.013 0.044 0.693 
 235 L _   0.008 0.203 0.001 0.027 0.007 0.012 0.044 0.698 
 236 V _   0.007 0.197 0.001 0.025 0.007 0.011 0.045 0.707 
 237 S _   0.007 0.187 0.001 0.022 0.006 0.011 0.046 0.721 
 238 K _   0.007 0.175 0.001 0.018 0.005 0.010 0.047 0.738 
 239 H _   0.006 0.162 0.001 0.014 0.004 0.009 0.047 0.756 
 240 M _   0.006 0.150 0.000 0.011 0.004 0.009 0.048 0.772 
 241 N _   0.006 0.141 0.000 0.009 0.003 0.008 0.049 0.784 
 242 E _   0.005 0.136 0.000 0.008 0.003 0.008 0.049 0.790 
 243 T _   0.005 0.133 0.000 0.008 0.003 0.009 0.049 0.792 
 244 S _   0.006 0.134 0.000 0.010 0.003 0.010 0.048 0.789 
 245 H _   0.006 0.138 0.000 0.013 0.004 0.011 0.048 0.780 
 246 T _   0.006 0.146 0.001 0.018 0.005 0.012 0.047 0.765 
 247 Q _   0.007 0.155 0.001 0.025 0.007 0.013 0.046 0.746 
 248 G _   0.007 0.164 0.001 0.032 0.008 0.014 0.045 0.729 
 249 S _   0.007 0.170 0.001 0.039 0.009 0.014 0.045 0.715 
 250 L _   0.007 0.172 0.001 0.042 0.010 0.014 0.045 0.709 
 251 R _   0.007 0.170 0.001 0.043 0.009 0.014 0.046 0.710 
 252 I _   0.007 0.162 0.001 0.040 0.009 0.013 0.046 0.721 
 253 T _   0.007 0.148 0.001 0.035 0.008 0.012 0.048 0.742 
 254 N _   0.007 0.128 0.001 0.027 0.006 0.011 0.050 0.771 
 255 I _   0.006 0.103 0.001 0.019 0.005 0.010 0.051 0.805 
 256 S _   0.006 0.079 0.001 0.012 0.004 0.009 0.053 0.836 
 257 S _   0.006 0.063 0.000 0.008 0.003 0.008 0.054 0.858 
 258 D _   0.005 0.054 0.000 0.005 0.002 0.008 0.055 0.870 
 259 D _   0.006 0.051 0.000 0.004 0.002 0.009 0.055 0.873 
 260 S _   0.007 0.051 0.000 0.005 0.003 0.011 0.055 0.868 
 261 G _   0.009 0.057 0.000 0.008 0.004 0.015 0.054 0.854 
 262 K _   0.011 0.071 0.001 0.014 0.007 0.019 0.053 0.824 
 263 Q _   0.013 0.098 0.001 0.025 0.011 0.023 0.051 0.778 
 264 I _   0.014 0.134 0.002 0.039 0.015 0.026 0.049 0.721 
 265 S _   0.015 0.166 0.002 0.054 0.018 0.027 0.047 0.671 
 266 C _   0.014 0.188 0.002 0.066 0.020 0.028 0.046 0.637 
 267 V _   0.014 0.199 0.002 0.073 0.020 0.028 0.045 0.619 
 268 A _   0.014 0.202 0.001 0.074 0.020 0.026 0.046 0.617 
 269 E _   0.014 0.197 0.001 0.070 0.018 0.024 0.047 0.629 
 270 N _   0.013 0.184 0.001 0.060 0.016 0.022 0.048 0.654 
 271 L _   0.013 0.160 0.001 0.047 0.013 0.020 0.050 0.695 
 272 V _   0.012 0.122 0.001 0.033 0.010 0.018 0.053 0.750 
 273 G _   0.012 0.081 0.001 0.021 0.007 0.016 0.056 0.807 
 274 E _   0.011 0.049 0.001 0.012 0.005 0.014 0.058 0.851 
 275 D _   0.010 0.031 0.000 0.006 0.003 0.014 0.059 0.877 
 276 Q _   0.010 0.023 0.000 0.004 0.002 0.014 0.059 0.887 
 277 D _   0.011 0.021 0.000 0.003 0.003 0.016 0.059 0.887 
 278 S _   0.014 0.022 0.000 0.004 0.004 0.020 0.059 0.876 
 279 V _   0.020 0.029 0.001 0.007 0.007 0.026 0.058 0.852 
 280 N _   0.027 0.050 0.001 0.013 0.014 0.034 0.056 0.804 
 281 L _   0.033 0.098 0.002 0.024 0.023 0.041 0.054 0.725 
 282 T _   0.036 0.174 0.003 0.039 0.032 0.045 0.050 0.620 
 283 V _   0.036 0.252 0.003 0.055 0.037 0.047 0.048 0.523 
 284 H _   0.035 0.306 0.003 0.068 0.039 0.046 0.046 0.457 
 285 F _   0.033 0.337 0.002 0.077 0.039 0.044 0.045 0.421 
 286 A _   0.032 0.350 0.002 0.082 0.038 0.042 0.046 0.407 
 287 P _   0.031 0.353 0.002 0.083 0.036 0.039 0.047 0.409 
 288 T _   0.030 0.345 0.002 0.079 0.033 0.036 0.049 0.427 
 289 I _   0.029 0.324 0.002 0.070 0.029 0.032 0.051 0.462 
 290 T _   0.027 0.282 0.002 0.058 0.024 0.028 0.056 0.522 
 291 F _   0.026 0.216 0.002 0.044 0.019 0.025 0.061 0.608 
 292 L _   0.024 0.137 0.002 0.029 0.014 0.021 0.066 0.708 
 293 E _   0.020 0.069 0.001 0.016 0.009 0.017 0.071 0.796 
 294 S _   0.016 0.030 0.001 0.008 0.005 0.014 0.074 0.852 
 295 P _   0.012 0.015 0.000 0.004 0.003 0.012 0.076 0.878 
 296 T _   0.010 0.010 0.000 0.003 0.002 0.011 0.076 0.887 
 297 S _   0.010 0.009 0.000 0.003 0.002 0.011 0.077 0.887 
 298 D _   0.011 0.010 0.000 0.005 0.003 0.013 0.077 0.880 
 299 H _   0.013 0.015 0.001 0.010 0.005 0.015 0.076 0.865 
 300 H _   0.014 0.023 0.001 0.019 0.008 0.018 0.076 0.842 
 301 W _   0.015 0.032 0.001 0.029 0.010 0.019 0.075 0.818 
 302 C _   0.015 0.040 0.001 0.038 0.012 0.020 0.074 0.799 
 303 I _   0.015 0.044 0.001 0.043 0.012 0.020 0.075 0.790 
 304 P _   0.014 0.045 0.001 0.043 0.011 0.018 0.075 0.793 
 305 F _   0.012 0.043 0.001 0.037 0.010 0.016 0.076 0.805 
 306 T _   0.011 0.039 0.001 0.028 0.007 0.014 0.077 0.824 
 307 V _   0.009 0.032 0.001 0.018 0.005 0.012 0.078 0.846 
 308 K _   0.008 0.025 0.000 0.011 0.003 0.010 0.078 0.864 
 309 G _   0.007 0.021 0.000 0.006 0.002 0.009 0.078 0.876 
 310 N _   0.006 0.019 0.000 0.004 0.002 0.009 0.078 0.882 
 311 P _   0.006 0.019 0.000 0.004 0.002 0.010 0.077 0.881 
 312 K _   0.008 0.023 0.000 0.005 0.003 0.012 0.076 0.873 
 313 P _   0.010 0.034 0.001 0.008 0.005 0.015 0.075 0.853 
 314 A _   0.012 0.060 0.001 0.015 0.008 0.018 0.072 0.814 
 315 L _   0.013 0.103 0.001 0.024 0.012 0.021 0.069 0.757 
 316 Q _   0.013 0.155 0.002 0.033 0.014 0.023 0.065 0.696 
 317 W _   0.012 0.198 0.002 0.041 0.016 0.023 0.062 0.647 
 318 F _   0.011 0.228 0.001 0.046 0.016 0.023 0.060 0.615 
 319 Y _   0.010 0.245 0.001 0.047 0.016 0.022 0.059 0.599 
 320 N _   0.010 0.254 0.001 0.046 0.015 0.022 0.058 0.594 
 321 G _   0.010 0.257 0.001 0.041 0.014 0.021 0.058 0.597 
 322 A _   0.011 0.255 0.001 0.035 0.012 0.020 0.058 0.607 
 323 I _   0.011 0.250 0.001 0.029 0.011 0.019 0.059 0.620 
 324 L _   0.011 0.242 0.001 0.023 0.010 0.018 0.060 0.635 
 325 N _   0.011 0.234 0.001 0.018 0.009 0.018 0.061 0.648 
 326 E _   0.012 0.227 0.001 0.016 0.008 0.018 0.062 0.657 
 327 S _   0.012 0.222 0.001 0.014 0.007 0.018 0.063 0.663 
 328 K _   0.013 0.219 0.001 0.014 0.007 0.018 0.064 0.664 
 329 Y _   0.013 0.219 0.001 0.014 0.008 0.018 0.065 0.662 
 330 I _   0.013 0.219 0.001 0.016 0.008 0.018 0.066 0.659 
 331 C _   0.013 0.221 0.001 0.017 0.008 0.018 0.067 0.654 
 332 T _   0.013 0.222 0.001 0.019 0.009 0.018 0.069 0.651 
 333 K _   0.013 0.221 0.001 0.019 0.009 0.017 0.070 0.650 
 334 I _   0.012 0.220 0.001 0.019 0.008 0.016 0.072 0.652 
 335 H _   0.011 0.217 0.001 0.019 0.008 0.016 0.073 0.656 
 336 V _   0.011 0.213 0.001 0.018 0.007 0.015 0.075 0.660 
 337 T _   0.010 0.208 0.001 0.017 0.007 0.015 0.077 0.665 
 338 N _   0.010 0.203 0.001 0.017 0.007 0.014 0.079 0.669 
 339 H _   0.009 0.198 0.001 0.018 0.007 0.014 0.082 0.672 
 340 T _   0.009 0.194 0.001 0.018 0.007 0.014 0.084 0.674 
 341 E _   0.009 0.189 0.001 0.020 0.007 0.013 0.087 0.675 
 342 Y _   0.009 0.184 0.001 0.021 0.007 0.013 0.089 0.676 
 343 H _   0.009 0.178 0.001 0.023 0.007 0.013 0.093 0.677 
 344 G _   0.008 0.171 0.001 0.024 0.007 0.012 0.096 0.680 
 345 C _   0.008 0.161 0.001 0.024 0.007 0.012 0.100 0.687 
 346 L _   0.008 0.149 0.001 0.023 0.006 0.011 0.105 0.697 
 347 Q _   0.008 0.132 0.001 0.022 0.006 0.010 0.110 0.712 
 348 L _   0.007 0.113 0.001 0.019 0.005 0.009 0.115 0.730 
 349 D _   0.007 0.092 0.001 0.015 0.004 0.009 0.121 0.750 
 350 N _   0.006 0.073 0.001 0.012 0.004 0.008 0.127 0.770 
 351 P _   0.006 0.057 0.000 0.009 0.003 0.007 0.131 0.786 
 352 T _   0.005 0.046 0.000 0.007 0.002 0.006 0.135 0.797 
 353 H _   0.005 0.040 0.000 0.006 0.002 0.006 0.138 0.803 
 354 M _   0.005 0.036 0.000 0.006 0.002 0.006 0.140 0.806 
 355 N _   0.005 0.035 0.000 0.006 0.002 0.006 0.142 0.804 
 356 N _   0.005 0.035 0.000 0.007 0.002 0.007 0.143 0.801 
 357 G _   0.005 0.037 0.000 0.010 0.003 0.008 0.143 0.795 
 358 D _   0.005 0.039 0.000 0.013 0.003 0.008 0.144 0.787 
 359 Y _   0.006 0.043 0.000 0.017 0.004 0.009 0.144 0.778 
 360 T _   0.006 0.045 0.001 0.020 0.004 0.010 0.144 0.770 
 361 L _   0.006 0.047 0.001 0.021 0.004 0.010 0.145 0.766 
 362 I _   0.006 0.047 0.001 0.021 0.004 0.009 0.146 0.765 
 363 A _   0.005 0.047 0.000 0.019 0.004 0.009 0.147 0.768 
 364 K _   0.005 0.045 0.000 0.016 0.003 0.008 0.149 0.773 
 365 N _   0.005 0.043 0.000 0.012 0.003 0.008 0.150 0.779 
 366 E _   0.005 0.040 0.000 0.009 0.002 0.007 0.151 0.785 
 367 Y _   0.004 0.039 0.000 0.007 0.002 0.007 0.151 0.790 
 368 G _   0.004 0.038 0.000 0.005 0.002 0.007 0.151 0.792 
 369 K _   0.004 0.040 0.000 0.005 0.002 0.008 0.151 0.790 
 370 D _   0.005 0.044 0.000 0.006 0.002 0.010 0.150 0.783 
 371 E _   0.007 0.055 0.000 0.009 0.004 0.013 0.147 0.765 
 372 K _   0.009 0.080 0.001 0.015 0.006 0.016 0.144 0.730 
 373 Q _   0.010 0.128 0.001 0.025 0.010 0.020 0.138 0.667 
 374 I _   0.011 0.199 0.002 0.040 0.014 0.022 0.132 0.581 
 375 S _   0.010 0.272 0.002 0.055 0.017 0.023 0.126 0.494 
 376 A _   0.009 0.326 0.002 0.068 0.017 0.023 0.123 0.431 
 377 H _   0.009 0.357 0.001 0.078 0.017 0.022 0.121 0.395 
 378 F _   0.009 0.371 0.001 0.083 0.016 0.021 0.121 0.379 
 379 M _   0.008 0.374 0.001 0.082 0.015 0.019 0.122 0.377 
 380 G _   0.008 0.368 0.001 0.077 0.014 0.018 0.125 0.388 
 381 W _   0.008 0.349 0.001 0.068 0.013 0.016 0.130 0.415 
 382 P _   0.009 0.312 0.001 0.057 0.012 0.015 0.136 0.458 
 383 G _   0.009 0.255 0.001 0.044 0.010 0.013 0.145 0.521 
 384 I _   0.010 0.186 0.001 0.031 0.008 0.012 0.156 0.596 
 385 D _   0.010 0.122 0.001 0.021 0.006 0.010 0.166 0.664 
 386 D _   0.009 0.076 0.001 0.013 0.004 0.009 0.175 0.714 
 387 G _   0.008 0.049 0.000 0.008 0.002 0.007 0.180 0.746 
 388 A _   0.006 0.035 0.000 0.005 0.002 0.006 0.183 0.763 
 389 N _   0.005 0.029 0.000 0.004 0.001 0.005 0.184 0.772 
 390 P _   0.004 0.026 0.000 0.003 0.001 0.005 0.184 0.776 
 391 N _   0.004 0.026 0.000 0.003 0.001 0.005 0.183 0.777 
 392 Y _   0.004 0.028 0.000 0.005 0.001 0.006 0.180 0.776 
 393 P _   0.004 0.032 0.000 0.007 0.002 0.007 0.177 0.770 
 394 D _   0.005 0.042 0.000 0.011 0.003 0.009 0.171 0.759 
 395 V _   0.005 0.056 0.001 0.017 0.004 0.011 0.164 0.741 
 396 I _   0.005 0.076 0.001 0.025 0.005 0.012 0.157 0.720 
 397 Y _   0.005 0.096 0.001 0.032 0.007 0.013 0.148 0.697 
 398 E _   0.005 0.114 0.001 0.040 0.008 0.014 0.141 0.677 
 399 D _   0.005 0.127 0.001 0.046 0.008 0.014 0.135 0.664 
 400 Y _   0.005 0.135 0.001 0.050 0.009 0.014 0.131 0.656 
 401 G _   0.004 0.139 0.001 0.051 0.009 0.014 0.128 0.654 
 402 T _   0.004 0.139 0.001 0.050 0.008 0.013 0.125 0.659 
 403 A _   0.005 0.136 0.001 0.047 0.008 0.012 0.124 0.667 
 404 A _   0.005 0.129 0.001 0.042 0.007 0.011 0.124 0.682 
 405 N _   0.005 0.118 0.001 0.035 0.006 0.010 0.124 0.700 
 406 D _   0.005 0.104 0.001 0.029 0.005 0.010 0.124 0.722 
 407 I _   0.005 0.088 0.001 0.023 0.004 0.009 0.125 0.746 
 408 G _   0.005 0.071 0.001 0.018 0.004 0.008 0.126 0.767 
 409 D _   0.005 0.056 0.000 0.015 0.003 0.008 0.126 0.786 
 410 T _   0.005 0.044 0.000 0.012 0.003 0.007 0.127 0.802 
 411 T _   0.005 0.034 0.000 0.010 0.002 0.007 0.127 0.814 
 412 N _   0.005 0.027 0.000 0.009 0.002 0.007 0.127 0.823 
 413 R _   0.005 0.022 0.000 0.009 0.002 0.007 0.126 0.829 
 414 S _   0.005 0.018 0.000 0.009 0.002 0.007 0.125 0.834 
 415 N _   0.005 0.015 0.000 0.009 0.002 0.007 0.124 0.838 
 416 E _   0.005 0.012 0.000 0.009 0.002 0.007 0.122 0.842 
 417 I _   0.005 0.010 0.000 0.009 0.002 0.006 0.120 0.846 
 418 P _   0.005 0.008 0.000 0.009 0.002 0.006 0.118 0.851 
 419 S _   0.005 0.006 0.000 0.008 0.002 0.006 0.116 0.857 
 420 T _   0.005 0.004 0.000 0.008 0.002 0.006 0.113 0.863 
 421 D _   0.005 0.003 0.000 0.006 0.002 0.005 0.110 0.869 
 422 V _   0.005 0.002 0.000 0.005 0.002 0.005 0.106 0.875 
 423 T _   0.007 0.001 0.000 0.004 0.002 0.005 0.102 0.880 
 424 D _   0.010 0.000 0.000 0.003 0.002 0.005 0.097 0.882 
 425 K _   0.018 0.000 0.000 0.003 0.002 0.005 0.091 0.881 
 426 T _   0.032 0.000 0.000 0.002 0.002 0.006 0.084 0.873 
 427 G _   0.059 0.000 0.000 0.002 0.003 0.007 0.076 0.854 
 428 R _   0.104 0.000 0.001 0.001 0.004 0.008 0.067 0.816 
 429 E _   0.170 0.000 0.001 0.001 0.005 0.009 0.056 0.759 
 430 H _   0.260 0.000 0.001 0.001 0.006 0.009 0.046 0.678 
 431 L _   0.366 0.000 0.001 0.001 0.007 0.009 0.037 0.580 
 432 S _   0.476 0.000 0.001 0.001 0.007 0.008 0.029 0.477 
 433 V H   0.583 0.000 0.001 0.001 0.007 0.007 0.024 0.378 
 434 Y H   0.675 0.000 0.001 0.000 0.007 0.006 0.020 0.291 
 435 A H   0.750 0.000 0.001 0.000 0.006 0.005 0.017 0.221 
 436 V H   0.810 0.000 0.001 0.000 0.006 0.004 0.015 0.165 
 437 V H   0.855 0.000 0.001 0.000 0.005 0.003 0.013 0.122 
 438 V H   0.889 0.000 0.001 0.000 0.004 0.003 0.012 0.091 
 439 I H   0.913 0.000 0.001 0.000 0.004 0.002 0.011 0.069 
 440 A H   0.931 0.000 0.001 0.000 0.004 0.002 0.011 0.052 
 441 S H   0.945 0.000 0.000 0.000 0.003 0.002 0.010 0.039 
 442 V H   0.954 0.000 0.000 0.000 0.003 0.002 0.009 0.031 
 443 V H   0.960 0.000 0.000 0.000 0.004 0.002 0.009 0.026 
 444 G H   0.963 0.000 0.001 0.000 0.004 0.002 0.008 0.023 
 445 F H   0.962 0.000 0.001 0.000 0.005 0.002 0.008 0.023 
 446 C H   0.959 0.000 0.001 0.000 0.006 0.002 0.008 0.025 
 447 L H   0.952 0.000 0.001 0.000 0.007 0.002 0.008 0.031 
 448 L H   0.940 0.000 0.001 0.000 0.008 0.002 0.008 0.041 
 449 V H   0.922 0.000 0.001 0.000 0.009 0.003 0.009 0.057 
 450 M H   0.894 0.000 0.001 0.000 0.010 0.004 0.010 0.081 
 451 L H   0.856 0.000 0.001 0.000 0.011 0.004 0.012 0.116 
 452 F H   0.801 0.000 0.001 0.001 0.012 0.005 0.015 0.165 
 453 L H   0.727 0.000 0.001 0.001 0.012 0.006 0.020 0.234 
 454 L H   0.630 0.000 0.001 0.001 0.011 0.007 0.028 0.323 
 455 K H   0.518 0.000 0.001 0.001 0.009 0.007 0.039 0.425 
 456 L _   0.402 0.000 0.001 0.001 0.007 0.008 0.052 0.530 
 457 A _   0.297 0.000 0.001 0.001 0.006 0.008 0.066 0.622 
 458 R _   0.216 0.000 0.001 0.001 0.005 0.009 0.079 0.689 
 459 H _   0.163 0.000 0.001 0.001 0.004 0.011 0.092 0.730 
 460 S _   0.129 0.000 0.000 0.001 0.004 0.013 0.103 0.748 
 461 K _   0.109 0.000 0.001 0.002 0.005 0.017 0.115 0.751 
 462 F _   0.097 0.002 0.001 0.005 0.008 0.022 0.126 0.739 
 463 G _   0.089 0.009 0.001 0.011 0.013 0.028 0.137 0.711 
 464 M _   0.082 0.025 0.002 0.023 0.019 0.034 0.149 0.667 
 465 K _   0.074 0.048 0.002 0.038 0.024 0.038 0.162 0.613 
 466 G _   0.066 0.069 0.002 0.053 0.028 0.040 0.176 0.564 
 467 F _   0.057 0.083 0.002 0.065 0.030 0.040 0.194 0.528 
 468 V _   0.048 0.091 0.002 0.072 0.029 0.038 0.213 0.507 
 469 L _   0.039 0.093 0.002 0.072 0.027 0.034 0.235 0.498 
 470 F _   0.030 0.091 0.002 0.066 0.023 0.029 0.259 0.501 
 471 H _   0.022 0.085 0.002 0.055 0.017 0.023 0.287 0.509 
 472 K _   0.014 0.074 0.001 0.041 0.012 0.016 0.317 0.524 
 473 I _   0.008 0.056 0.001 0.026 0.006 0.009 0.349 0.545 
 474 P _   0.002 0.034 0.000 0.011 0.001 0.003 0.375 0.572 
 475 L _   0.000 0.019 0.000 0.005 0.000 0.001 0.384 0.591 
 476 D _   0.000 0.014 0.000 0.004 0.000 0.001 0.385 0.596 
 477 G _   0.003 0.013 0.001 0.010 0.003 0.003 0.379 0.588 
