#TopoPred_TM8: 8-state transmembrane topology prediction results by no_profile mode 
#probabilities are in the order of H E C I L F X _, the 8 transmembrane topology types used in PDBTM 
   1 M X   0.012 0.001 0.002 0.064 0.010 0.011 0.768 0.133 
   2 S X   0.006 0.001 0.000 0.042 0.002 0.006 0.792 0.151 
   3 T X   0.002 0.000 0.000 0.025 0.001 0.004 0.799 0.168 
   4 F X   0.002 0.000 0.000 0.016 0.001 0.004 0.797 0.180 
   5 R X   0.002 0.001 0.000 0.012 0.001 0.004 0.791 0.190 
   6 Q X   0.002 0.001 0.000 0.008 0.001 0.004 0.782 0.202 
   7 E X   0.002 0.001 0.000 0.006 0.001 0.004 0.771 0.213 
   8 D X   0.002 0.002 0.000 0.005 0.001 0.005 0.758 0.226 
   9 V X   0.003 0.003 0.000 0.005 0.001 0.006 0.741 0.240 
  10 E X   0.003 0.006 0.000 0.007 0.002 0.007 0.721 0.255 
  11 D X   0.003 0.011 0.000 0.009 0.003 0.008 0.696 0.270 
  12 H X   0.004 0.020 0.001 0.013 0.004 0.011 0.666 0.284 
  13 Y X   0.004 0.035 0.001 0.017 0.006 0.013 0.630 0.294 
  14 E X   0.005 0.057 0.001 0.023 0.008 0.016 0.589 0.302 
  15 M X   0.005 0.085 0.001 0.029 0.010 0.018 0.546 0.306 
  16 G X   0.006 0.116 0.001 0.033 0.011 0.020 0.503 0.308 
  17 E X   0.007 0.148 0.002 0.037 0.013 0.022 0.463 0.309 
  18 E X   0.007 0.178 0.002 0.040 0.014 0.023 0.427 0.309 
  19 L X   0.007 0.205 0.002 0.043 0.015 0.024 0.394 0.310 
  20 G X   0.008 0.227 0.002 0.046 0.016 0.025 0.366 0.311 
  21 S X   0.008 0.245 0.002 0.048 0.017 0.025 0.343 0.312 
  22 G X   0.009 0.258 0.001 0.051 0.017 0.025 0.324 0.315 
  23 Q _   0.010 0.266 0.001 0.053 0.017 0.024 0.309 0.320 
  24 F _   0.010 0.270 0.001 0.053 0.017 0.023 0.296 0.329 
  25 A _   0.011 0.269 0.001 0.052 0.016 0.022 0.286 0.343 
  26 I _   0.011 0.263 0.001 0.048 0.014 0.020 0.279 0.364 
  27 V _   0.011 0.250 0.001 0.042 0.012 0.018 0.272 0.393 
  28 R _   0.011 0.230 0.001 0.035 0.011 0.016 0.267 0.429 
  29 K _   0.010 0.201 0.001 0.027 0.009 0.015 0.262 0.474 
  30 C _   0.010 0.169 0.001 0.020 0.007 0.013 0.258 0.522 
  31 R _   0.009 0.140 0.001 0.014 0.005 0.011 0.254 0.565 
  32 Q _   0.008 0.119 0.001 0.010 0.004 0.010 0.250 0.599 
  33 K _   0.007 0.106 0.000 0.007 0.003 0.010 0.245 0.622 
  34 G _   0.006 0.100 0.000 0.006 0.003 0.009 0.239 0.636 
  35 T _   0.006 0.098 0.000 0.006 0.003 0.010 0.233 0.643 
  36 G _   0.007 0.100 0.000 0.008 0.003 0.011 0.226 0.645 
  37 K _   0.007 0.104 0.001 0.011 0.004 0.012 0.218 0.643 
  38 E _   0.007 0.111 0.001 0.015 0.006 0.013 0.209 0.637 
  39 Y _   0.008 0.120 0.001 0.020 0.007 0.014 0.200 0.629 
  40 A _   0.008 0.128 0.001 0.025 0.008 0.015 0.192 0.622 
  41 A _   0.008 0.134 0.001 0.029 0.009 0.016 0.184 0.619 
  42 K _   0.008 0.137 0.001 0.032 0.009 0.016 0.178 0.619 
  43 F _   0.009 0.137 0.001 0.032 0.009 0.015 0.172 0.625 
  44 I _   0.009 0.134 0.001 0.030 0.009 0.015 0.168 0.635 
  45 K _   0.009 0.127 0.001 0.027 0.008 0.014 0.164 0.651 
  46 K _   0.008 0.117 0.001 0.023 0.007 0.013 0.161 0.670 
  47 R _   0.008 0.105 0.001 0.019 0.006 0.012 0.158 0.691 
  48 R _   0.008 0.092 0.001 0.015 0.005 0.011 0.156 0.712 
  49 L _   0.008 0.080 0.001 0.012 0.004 0.011 0.154 0.731 
  50 S _   0.007 0.071 0.001 0.010 0.004 0.010 0.151 0.746 
  51 S _   0.007 0.064 0.000 0.008 0.004 0.010 0.149 0.757 
  52 S _   0.007 0.060 0.000 0.008 0.003 0.010 0.146 0.765 
  53 R _   0.007 0.058 0.000 0.008 0.003 0.010 0.143 0.770 
  54 R _   0.007 0.058 0.000 0.008 0.004 0.011 0.139 0.772 
  55 G _   0.008 0.059 0.001 0.010 0.004 0.012 0.136 0.772 
  56 V _   0.008 0.061 0.001 0.011 0.005 0.013 0.132 0.770 
  57 S _   0.009 0.063 0.001 0.013 0.006 0.014 0.128 0.767 
  58 R _   0.010 0.067 0.001 0.014 0.006 0.015 0.123 0.763 
  59 E _   0.010 0.071 0.001 0.016 0.007 0.016 0.120 0.759 
  60 E _   0.011 0.074 0.001 0.018 0.008 0.018 0.116 0.755 
  61 I _   0.012 0.077 0.001 0.019 0.009 0.019 0.112 0.751 
  62 E _   0.012 0.080 0.001 0.020 0.010 0.020 0.109 0.748 
  63 R _   0.013 0.083 0.001 0.021 0.010 0.021 0.106 0.745 
  64 E _   0.014 0.085 0.001 0.022 0.011 0.022 0.104 0.743 
  65 V _   0.015 0.086 0.001 0.023 0.011 0.022 0.101 0.741 
  66 N _   0.015 0.087 0.001 0.023 0.012 0.022 0.099 0.739 
  67 I _   0.016 0.087 0.001 0.024 0.012 0.023 0.097 0.740 
  68 L _   0.017 0.086 0.001 0.024 0.012 0.022 0.096 0.742 
  69 R _   0.017 0.083 0.001 0.023 0.012 0.022 0.095 0.747 
  70 E _   0.016 0.080 0.001 0.022 0.011 0.022 0.094 0.754 
  71 I _   0.016 0.075 0.001 0.021 0.011 0.021 0.094 0.762 
  72 R _   0.015 0.069 0.001 0.020 0.010 0.020 0.093 0.772 
  73 H _   0.015 0.063 0.001 0.018 0.010 0.019 0.093 0.781 
  74 P _   0.015 0.058 0.001 0.018 0.009 0.019 0.093 0.788 
  75 N _   0.015 0.052 0.001 0.018 0.009 0.018 0.093 0.795 
  76 I _   0.015 0.047 0.001 0.017 0.008 0.018 0.093 0.801 
  77 I _   0.014 0.041 0.001 0.017 0.008 0.017 0.094 0.808 
  78 T _   0.014 0.034 0.001 0.016 0.007 0.016 0.095 0.817 
  79 L _   0.013 0.027 0.001 0.014 0.006 0.015 0.095 0.827 
  80 H _   0.013 0.020 0.001 0.012 0.006 0.014 0.096 0.839 
  81 D _   0.012 0.013 0.001 0.009 0.005 0.014 0.096 0.850 
  82 I _   0.012 0.008 0.001 0.007 0.004 0.014 0.096 0.858 
  83 F _   0.013 0.004 0.000 0.005 0.003 0.014 0.096 0.863 
  84 E _   0.016 0.002 0.000 0.004 0.003 0.016 0.096 0.863 
  85 N _   0.021 0.002 0.000 0.003 0.004 0.019 0.095 0.857 
  86 K _   0.028 0.002 0.000 0.003 0.005 0.023 0.094 0.844 
  87 T _   0.040 0.002 0.001 0.004 0.008 0.029 0.093 0.824 
  88 D _   0.054 0.005 0.001 0.006 0.012 0.037 0.091 0.794 
  89 V _   0.071 0.010 0.001 0.010 0.019 0.046 0.090 0.753 
  90 V _   0.088 0.020 0.002 0.015 0.028 0.053 0.088 0.705 
  91 L _   0.103 0.033 0.002 0.022 0.037 0.060 0.087 0.656 
  92 I _   0.115 0.045 0.002 0.028 0.043 0.064 0.086 0.617 
  93 L _   0.122 0.054 0.002 0.032 0.047 0.065 0.085 0.591 
  94 E _   0.125 0.060 0.002 0.035 0.049 0.064 0.086 0.579 
  95 L _   0.124 0.063 0.002 0.036 0.047 0.062 0.087 0.579 
  96 V _   0.119 0.064 0.002 0.035 0.044 0.058 0.088 0.590 
  97 S _   0.111 0.062 0.002 0.032 0.039 0.054 0.090 0.609 
  98 G _   0.102 0.058 0.002 0.029 0.033 0.049 0.093 0.635 
  99 G _   0.092 0.053 0.002 0.026 0.026 0.043 0.096 0.662 
 100 E _   0.080 0.047 0.002 0.024 0.021 0.038 0.099 0.690 
 101 L _   0.068 0.040 0.001 0.021 0.016 0.032 0.103 0.719 
 102 F _   0.056 0.033 0.001 0.018 0.012 0.027 0.106 0.747 
 103 D _   0.044 0.025 0.001 0.015 0.009 0.022 0.109 0.775 
 104 F _   0.034 0.018 0.001 0.012 0.006 0.018 0.112 0.798 
 105 L _   0.026 0.013 0.001 0.009 0.005 0.015 0.114 0.818 
 106 A _   0.020 0.009 0.000 0.007 0.003 0.012 0.115 0.833 
 107 E _   0.015 0.006 0.000 0.005 0.003 0.010 0.116 0.845 
 108 K _   0.012 0.004 0.000 0.004 0.002 0.008 0.117 0.852 
 109 E _   0.009 0.004 0.000 0.003 0.002 0.008 0.117 0.857 
 110 S _   0.008 0.004 0.000 0.003 0.002 0.008 0.116 0.859 
 111 L _   0.008 0.004 0.000 0.003 0.002 0.008 0.115 0.860 
 112 T _   0.008 0.005 0.000 0.004 0.002 0.009 0.114 0.857 
 113 E _   0.009 0.008 0.000 0.005 0.003 0.011 0.112 0.852 
 114 D _   0.010 0.014 0.000 0.007 0.004 0.014 0.109 0.842 
 115 E _   0.011 0.023 0.001 0.011 0.006 0.017 0.106 0.826 
 116 A _   0.013 0.037 0.001 0.014 0.008 0.020 0.102 0.805 
 117 T _   0.015 0.054 0.001 0.019 0.010 0.023 0.099 0.780 
 118 Q _   0.016 0.073 0.001 0.023 0.012 0.025 0.095 0.755 
 119 F _   0.017 0.090 0.001 0.027 0.014 0.027 0.092 0.732 
 120 L _   0.018 0.105 0.001 0.031 0.016 0.028 0.089 0.711 
 121 K _   0.019 0.117 0.001 0.033 0.017 0.029 0.086 0.696 
 122 Q _   0.020 0.126 0.001 0.035 0.018 0.029 0.084 0.686 
 123 I _   0.020 0.132 0.001 0.035 0.018 0.029 0.083 0.681 
 124 L _   0.021 0.135 0.001 0.035 0.017 0.028 0.082 0.681 
 125 D _   0.021 0.135 0.001 0.033 0.016 0.027 0.082 0.685 
 126 G _   0.020 0.132 0.001 0.031 0.015 0.026 0.082 0.692 
 127 V _   0.020 0.128 0.001 0.029 0.014 0.024 0.082 0.703 
 128 H _   0.019 0.121 0.001 0.025 0.012 0.022 0.083 0.717 
 129 Y _   0.018 0.112 0.001 0.023 0.011 0.020 0.083 0.733 
 130 L _   0.016 0.102 0.001 0.020 0.009 0.019 0.084 0.749 
 131 H _   0.015 0.092 0.001 0.018 0.008 0.017 0.085 0.764 
 132 S _   0.014 0.083 0.001 0.016 0.007 0.016 0.086 0.778 
 133 K _   0.013 0.074 0.001 0.014 0.006 0.015 0.087 0.791 
 134 R _   0.012 0.066 0.001 0.012 0.005 0.013 0.088 0.802 
 135 I _   0.011 0.060 0.001 0.011 0.005 0.012 0.089 0.812 
 136 A _   0.010 0.055 0.001 0.011 0.004 0.012 0.089 0.818 
 137 H _   0.010 0.051 0.001 0.010 0.004 0.011 0.090 0.823 
 138 F _   0.009 0.048 0.001 0.010 0.004 0.011 0.090 0.827 
 139 D _   0.009 0.046 0.001 0.011 0.004 0.011 0.091 0.828 
 140 L _   0.009 0.045 0.001 0.012 0.005 0.011 0.091 0.827 
 141 K _   0.009 0.044 0.001 0.014 0.005 0.011 0.092 0.824 
 142 P _   0.010 0.043 0.001 0.016 0.006 0.012 0.092 0.820 
 143 E _   0.010 0.043 0.001 0.019 0.006 0.012 0.093 0.817 
 144 N _   0.011 0.041 0.001 0.020 0.006 0.012 0.094 0.815 
 145 I _   0.011 0.038 0.001 0.021 0.006 0.011 0.095 0.816 
 146 M _   0.011 0.034 0.001 0.020 0.006 0.011 0.097 0.821 
 147 L _   0.010 0.029 0.001 0.017 0.005 0.010 0.098 0.831 
 148 L _   0.009 0.022 0.001 0.013 0.004 0.008 0.100 0.843 
 149 D _   0.008 0.015 0.000 0.009 0.003 0.007 0.101 0.856 
 150 K _   0.007 0.009 0.000 0.006 0.002 0.006 0.102 0.868 
 151 N _   0.006 0.005 0.000 0.004 0.002 0.005 0.102 0.876 
 152 V _   0.005 0.003 0.000 0.003 0.001 0.005 0.101 0.881 
 153 P _   0.005 0.002 0.000 0.002 0.001 0.006 0.100 0.883 
 154 N _   0.006 0.002 0.000 0.002 0.001 0.007 0.099 0.883 
 155 P _   0.007 0.003 0.000 0.003 0.002 0.009 0.096 0.879 
 156 R _   0.009 0.007 0.000 0.005 0.003 0.012 0.094 0.869 
 157 I _   0.012 0.015 0.001 0.010 0.006 0.016 0.090 0.852 
 158 K _   0.014 0.030 0.001 0.017 0.009 0.020 0.085 0.824 
 159 L _   0.015 0.050 0.001 0.026 0.012 0.024 0.080 0.792 
 160 I _   0.016 0.070 0.001 0.036 0.015 0.026 0.075 0.760 
 161 D _   0.016 0.087 0.001 0.044 0.017 0.028 0.070 0.736 
 162 F _   0.016 0.098 0.001 0.050 0.018 0.028 0.066 0.722 
 163 G _   0.016 0.104 0.001 0.053 0.019 0.028 0.063 0.716 
 164 I _   0.015 0.105 0.001 0.053 0.018 0.027 0.061 0.720 
 165 A _   0.015 0.103 0.001 0.049 0.016 0.025 0.059 0.731 
 166 H _   0.014 0.097 0.001 0.043 0.014 0.023 0.058 0.750 
 167 K _   0.013 0.087 0.001 0.035 0.012 0.020 0.057 0.774 
 168 I _   0.012 0.074 0.001 0.027 0.010 0.018 0.056 0.802 
 169 E _   0.012 0.060 0.001 0.020 0.008 0.016 0.056 0.829 
 170 A _   0.011 0.047 0.001 0.014 0.006 0.014 0.055 0.852 
 171 G _   0.010 0.036 0.001 0.011 0.005 0.013 0.054 0.871 
 172 N _   0.010 0.030 0.000 0.008 0.004 0.012 0.053 0.883 
 173 E _   0.009 0.026 0.000 0.007 0.004 0.012 0.052 0.890 
 174 F _   0.010 0.024 0.000 0.007 0.004 0.012 0.050 0.893 
 175 K _   0.010 0.023 0.000 0.007 0.004 0.013 0.049 0.892 
 176 N _   0.011 0.024 0.001 0.009 0.005 0.014 0.047 0.890 
 177 I _   0.012 0.025 0.001 0.011 0.006 0.016 0.045 0.884 
 178 F _   0.013 0.027 0.001 0.014 0.007 0.017 0.043 0.878 
 179 G _   0.014 0.029 0.001 0.017 0.009 0.018 0.041 0.871 
 180 T _   0.015 0.031 0.001 0.020 0.010 0.019 0.039 0.864 
 181 P _   0.015 0.033 0.001 0.023 0.011 0.020 0.038 0.859 
 182 E _   0.015 0.034 0.001 0.026 0.011 0.020 0.036 0.857 
 183 F _   0.015 0.033 0.001 0.027 0.012 0.020 0.035 0.858 
 184 V _   0.015 0.032 0.001 0.026 0.011 0.019 0.034 0.862 
 185 A _   0.014 0.030 0.001 0.025 0.010 0.018 0.033 0.869 
 186 P _   0.014 0.026 0.001 0.023 0.009 0.017 0.032 0.878 
 187 E _   0.014 0.022 0.001 0.019 0.008 0.015 0.031 0.890 
 188 I _   0.014 0.017 0.001 0.016 0.007 0.014 0.030 0.902 
 189 V _   0.014 0.012 0.001 0.013 0.006 0.012 0.030 0.913 
 190 N _   0.016 0.008 0.001 0.009 0.005 0.011 0.029 0.922 
 191 Y _   0.019 0.004 0.000 0.007 0.004 0.010 0.028 0.928 
 192 E _   0.024 0.002 0.000 0.005 0.003 0.010 0.026 0.929 
 193 P _   0.033 0.001 0.000 0.004 0.003 0.010 0.025 0.924 
 194 L _   0.048 0.000 0.000 0.003 0.003 0.010 0.023 0.912 
 195 G _   0.074 0.000 0.000 0.002 0.004 0.011 0.021 0.887 
 196 L _   0.116 0.000 0.001 0.002 0.005 0.012 0.019 0.847 
 197 E _   0.178 0.000 0.001 0.002 0.006 0.013 0.016 0.785 
 198 A _   0.265 0.000 0.001 0.001 0.008 0.014 0.013 0.698 
 199 D _   0.369 0.000 0.001 0.001 0.010 0.015 0.010 0.593 
 200 M H   0.486 0.000 0.001 0.001 0.012 0.016 0.007 0.476 
 201 W H   0.599 0.000 0.001 0.001 0.015 0.016 0.005 0.362 
 202 S H   0.695 0.000 0.001 0.001 0.017 0.016 0.004 0.265 
 203 I H   0.767 0.000 0.001 0.001 0.019 0.015 0.003 0.194 
 204 G H   0.818 0.000 0.001 0.001 0.020 0.013 0.002 0.145 
 205 V H   0.848 0.000 0.001 0.001 0.020 0.012 0.002 0.116 
 206 I H   0.863 0.000 0.001 0.001 0.020 0.011 0.002 0.102 
 207 T H   0.865 0.000 0.001 0.001 0.020 0.010 0.002 0.100 
 208 Y H   0.854 0.000 0.001 0.001 0.021 0.010 0.003 0.111 
 209 I H   0.828 0.000 0.001 0.001 0.021 0.010 0.003 0.135 
 210 L H   0.783 0.000 0.002 0.001 0.020 0.011 0.004 0.179 
 211 L H   0.713 0.000 0.002 0.002 0.019 0.011 0.006 0.248 
 212 S H   0.623 0.000 0.002 0.002 0.017 0.012 0.008 0.336 
 213 G H   0.521 0.000 0.001 0.002 0.014 0.012 0.011 0.438 
 214 A _   0.418 0.000 0.001 0.002 0.011 0.013 0.014 0.540 
 215 S _   0.321 0.000 0.001 0.003 0.009 0.013 0.018 0.635 
 216 P _   0.238 0.000 0.001 0.003 0.007 0.013 0.022 0.716 
 217 F _   0.171 0.000 0.001 0.004 0.006 0.013 0.025 0.780 
 218 L _   0.120 0.000 0.001 0.004 0.006 0.013 0.028 0.828 
 219 G _   0.084 0.001 0.001 0.005 0.005 0.013 0.030 0.861 
 220 E _   0.059 0.002 0.001 0.006 0.005 0.013 0.032 0.882 
 221 T _   0.042 0.003 0.001 0.007 0.005 0.014 0.034 0.894 
 222 K _   0.032 0.005 0.001 0.009 0.005 0.014 0.035 0.899 
 223 Q _   0.024 0.008 0.001 0.011 0.006 0.015 0.036 0.899 
 224 E _   0.020 0.013 0.001 0.013 0.007 0.015 0.037 0.894 
 225 T _   0.016 0.018 0.001 0.017 0.007 0.015 0.039 0.886 
 226 L _   0.014 0.024 0.001 0.021 0.008 0.016 0.040 0.877 
 227 T _   0.013 0.029 0.001 0.024 0.009 0.016 0.041 0.867 
 228 N _   0.012 0.033 0.001 0.027 0.009 0.015 0.043 0.860 
 229 I _   0.011 0.036 0.001 0.029 0.009 0.015 0.044 0.855 
 230 S _   0.011 0.037 0.001 0.029 0.008 0.014 0.046 0.854 
 231 A _   0.010 0.037 0.001 0.027 0.008 0.013 0.048 0.856 
 232 V _   0.009 0.035 0.001 0.025 0.007 0.012 0.051 0.860 
 233 N _   0.009 0.032 0.001 0.021 0.006 0.011 0.054 0.867 
 234 Y _   0.008 0.029 0.001 0.017 0.005 0.010 0.056 0.875 
 235 D _   0.007 0.025 0.000 0.013 0.004 0.009 0.059 0.883 
 236 F _   0.007 0.022 0.000 0.010 0.003 0.008 0.061 0.889 
 237 D _   0.006 0.019 0.000 0.008 0.003 0.007 0.063 0.894 
 238 E _   0.006 0.018 0.000 0.007 0.002 0.007 0.065 0.896 
 239 E _   0.005 0.017 0.000 0.006 0.002 0.007 0.066 0.897 
 240 Y _   0.005 0.018 0.000 0.006 0.002 0.007 0.067 0.896 
 241 F _   0.005 0.019 0.000 0.006 0.002 0.007 0.067 0.893 
 242 S _   0.006 0.022 0.000 0.007 0.003 0.008 0.067 0.887 
 243 N _   0.006 0.027 0.000 0.008 0.003 0.010 0.067 0.878 
 244 T _   0.007 0.034 0.000 0.011 0.004 0.011 0.067 0.865 
 245 S _   0.007 0.045 0.001 0.014 0.005 0.013 0.067 0.847 
 246 E _   0.008 0.059 0.001 0.018 0.007 0.015 0.066 0.825 
 247 L _   0.009 0.075 0.001 0.024 0.009 0.017 0.066 0.800 
 248 A _   0.010 0.091 0.001 0.029 0.010 0.018 0.066 0.774 
 249 K _   0.011 0.104 0.001 0.035 0.012 0.020 0.066 0.752 
 250 D _   0.012 0.114 0.001 0.039 0.012 0.020 0.066 0.735 
 251 F _   0.013 0.119 0.001 0.041 0.013 0.020 0.068 0.726 
 252 I _   0.013 0.121 0.001 0.041 0.012 0.019 0.069 0.723 
 253 R _   0.013 0.119 0.001 0.038 0.011 0.018 0.072 0.728 
 254 R _   0.012 0.114 0.001 0.033 0.010 0.017 0.074 0.739 
 255 L _   0.012 0.104 0.001 0.026 0.008 0.015 0.077 0.756 
 256 L _   0.011 0.092 0.001 0.018 0.006 0.014 0.080 0.777 
 257 V _   0.010 0.080 0.001 0.012 0.005 0.012 0.083 0.797 
 258 K _   0.010 0.071 0.000 0.008 0.003 0.012 0.086 0.810 
 259 D _   0.009 0.066 0.000 0.006 0.003 0.012 0.087 0.817 
 260 P _   0.009 0.065 0.000 0.005 0.003 0.012 0.089 0.817 
 261 K _   0.010 0.067 0.000 0.005 0.003 0.014 0.090 0.810 
 262 R _   0.012 0.074 0.001 0.007 0.005 0.016 0.090 0.795 
 263 R _   0.014 0.089 0.001 0.010 0.007 0.019 0.091 0.769 
 264 M _   0.015 0.115 0.001 0.015 0.009 0.021 0.091 0.732 
 265 T _   0.016 0.150 0.001 0.020 0.011 0.023 0.091 0.688 
 266 I _   0.016 0.187 0.001 0.024 0.013 0.024 0.091 0.643 
 267 A _   0.016 0.221 0.001 0.027 0.014 0.025 0.091 0.605 
 268 Q _   0.015 0.247 0.001 0.029 0.014 0.025 0.091 0.577 
 269 S _   0.015 0.267 0.001 0.029 0.014 0.025 0.092 0.556 
 270 L _   0.015 0.281 0.001 0.030 0.015 0.025 0.094 0.539 
 271 E _   0.016 0.292 0.001 0.031 0.015 0.025 0.095 0.525 
 272 H _   0.016 0.300 0.001 0.031 0.015 0.025 0.098 0.515 
 273 S _   0.016 0.305 0.001 0.033 0.015 0.024 0.100 0.505 
 274 W _   0.017 0.308 0.001 0.035 0.015 0.023 0.104 0.497 
 275 I _   0.017 0.308 0.001 0.037 0.014 0.022 0.108 0.492 
 276 K _   0.017 0.304 0.001 0.038 0.014 0.021 0.114 0.491 
 277 A _   0.017 0.296 0.001 0.038 0.013 0.020 0.120 0.495 
 278 I _   0.016 0.282 0.001 0.037 0.012 0.018 0.127 0.505 
 279 R _   0.016 0.261 0.001 0.035 0.011 0.017 0.137 0.522 
 280 R _   0.015 0.231 0.001 0.032 0.010 0.015 0.147 0.549 
 281 R _   0.014 0.193 0.001 0.028 0.009 0.014 0.160 0.582 
 282 N _   0.014 0.151 0.001 0.022 0.007 0.013 0.173 0.619 
 283 V _   0.013 0.111 0.001 0.017 0.005 0.011 0.186 0.656 
 284 R _   0.011 0.079 0.001 0.012 0.004 0.009 0.196 0.687 
 285 G _   0.010 0.057 0.000 0.009 0.003 0.008 0.205 0.709 
 286 E _   0.008 0.044 0.000 0.006 0.002 0.007 0.211 0.722 
 287 D _   0.007 0.036 0.000 0.004 0.002 0.006 0.215 0.730 
 288 S _   0.006 0.033 0.000 0.004 0.001 0.005 0.218 0.733 
 289 G _   0.005 0.031 0.000 0.003 0.001 0.005 0.219 0.734 
 290 R _   0.005 0.032 0.000 0.004 0.001 0.006 0.220 0.733 
 291 K _   0.005 0.035 0.000 0.005 0.002 0.007 0.219 0.728 
 292 P _   0.005 0.041 0.000 0.007 0.002 0.008 0.218 0.719 
 293 E _   0.005 0.052 0.000 0.010 0.003 0.010 0.215 0.705 
 294 R _   0.006 0.070 0.001 0.014 0.004 0.012 0.211 0.682 
 295 R _   0.006 0.095 0.001 0.019 0.006 0.013 0.207 0.654 
 296 R _   0.006 0.124 0.001 0.026 0.007 0.014 0.202 0.620 
 297 L _   0.006 0.153 0.001 0.032 0.008 0.015 0.198 0.587 
 298 K _   0.006 0.177 0.001 0.038 0.009 0.016 0.194 0.559 
 299 T _   0.006 0.195 0.001 0.043 0.010 0.016 0.192 0.538 
 300 T _   0.006 0.207 0.001 0.047 0.010 0.016 0.191 0.524 
 301 R _   0.006 0.213 0.001 0.049 0.010 0.015 0.191 0.515 
 302 L _   0.006 0.214 0.001 0.049 0.010 0.015 0.192 0.513 
 303 K _   0.007 0.211 0.001 0.048 0.009 0.014 0.194 0.516 
 304 E _   0.007 0.203 0.001 0.044 0.009 0.013 0.197 0.525 
 305 Y _   0.007 0.189 0.001 0.039 0.008 0.012 0.202 0.542 
 306 T _   0.007 0.168 0.001 0.033 0.007 0.011 0.208 0.564 
 307 I _   0.007 0.142 0.001 0.027 0.006 0.010 0.214 0.592 
 308 K _   0.007 0.112 0.001 0.021 0.005 0.009 0.221 0.623 
 309 S _   0.007 0.083 0.001 0.015 0.004 0.008 0.228 0.654 
 310 H _   0.006 0.060 0.000 0.011 0.003 0.007 0.233 0.679 
 311 S _   0.006 0.045 0.000 0.007 0.002 0.006 0.236 0.698 
 312 S _   0.005 0.035 0.000 0.005 0.002 0.005 0.238 0.710 
 313 L _   0.004 0.030 0.000 0.004 0.001 0.005 0.239 0.717 
 314 P _   0.004 0.028 0.000 0.003 0.001 0.005 0.238 0.721 
 315 P _   0.003 0.028 0.000 0.003 0.001 0.005 0.237 0.722 
 316 N _   0.003 0.029 0.000 0.004 0.001 0.006 0.235 0.721 
 317 N _   0.004 0.033 0.000 0.006 0.002 0.007 0.231 0.717 
 318 S _   0.005 0.042 0.000 0.008 0.003 0.009 0.226 0.707 
 319 Y _   0.005 0.056 0.001 0.012 0.004 0.011 0.220 0.691 
 320 A _   0.006 0.078 0.001 0.016 0.005 0.014 0.213 0.668 
 321 D _   0.007 0.105 0.001 0.020 0.007 0.016 0.204 0.641 
 322 F _   0.007 0.134 0.001 0.024 0.008 0.018 0.196 0.611 
 323 E _   0.008 0.164 0.001 0.028 0.010 0.019 0.188 0.583 
 324 R _   0.008 0.190 0.001 0.031 0.011 0.021 0.181 0.558 
 325 F _   0.008 0.213 0.001 0.033 0.012 0.021 0.175 0.537 
 326 S _   0.009 0.231 0.001 0.036 0.013 0.022 0.169 0.519 
 327 K _   0.009 0.244 0.001 0.038 0.014 0.022 0.165 0.506 
 328 V _   0.010 0.253 0.001 0.040 0.014 0.022 0.162 0.497 
 329 L _   0.011 0.258 0.001 0.041 0.015 0.022 0.160 0.492 
 330 E _   0.011 0.259 0.001 0.041 0.014 0.022 0.159 0.492 
 331 E _   0.012 0.256 0.001 0.040 0.014 0.021 0.158 0.498 
 332 A _   0.012 0.248 0.001 0.037 0.013 0.020 0.159 0.510 
 333 A _   0.012 0.235 0.001 0.033 0.012 0.019 0.160 0.528 
 334 A _   0.013 0.216 0.001 0.029 0.011 0.018 0.161 0.551 
 335 A _   0.013 0.192 0.001 0.026 0.010 0.017 0.163 0.578 
 336 E _   0.013 0.165 0.001 0.022 0.009 0.016 0.166 0.608 
 337 E _   0.013 0.137 0.001 0.019 0.008 0.015 0.169 0.638 
 338 G _   0.013 0.110 0.001 0.017 0.007 0.015 0.172 0.665 
 339 L _   0.012 0.087 0.001 0.015 0.006 0.014 0.176 0.690 
 340 R _   0.012 0.067 0.001 0.013 0.005 0.013 0.179 0.711 
 341 E _   0.011 0.050 0.001 0.011 0.005 0.013 0.181 0.728 
 342 L _   0.010 0.036 0.001 0.009 0.004 0.012 0.184 0.744 
 343 Q _   0.010 0.026 0.000 0.008 0.004 0.011 0.186 0.755 
 344 R _   0.009 0.019 0.000 0.006 0.003 0.011 0.187 0.764 
 345 S _   0.009 0.014 0.000 0.005 0.003 0.011 0.188 0.769 
 346 R _   0.010 0.012 0.000 0.004 0.003 0.012 0.189 0.771 
 347 R _   0.011 0.011 0.000 0.004 0.003 0.013 0.189 0.769 
 348 L _   0.014 0.011 0.000 0.004 0.004 0.016 0.189 0.763 
 349 C _   0.017 0.012 0.001 0.006 0.005 0.019 0.188 0.752 
 350 H _   0.022 0.016 0.001 0.008 0.008 0.023 0.188 0.735 
 351 E _   0.027 0.023 0.001 0.012 0.012 0.027 0.187 0.711 
 352 D _   0.032 0.035 0.001 0.018 0.016 0.031 0.186 0.681 
 353 V _   0.037 0.049 0.002 0.025 0.020 0.034 0.185 0.648 
 354 E _   0.040 0.062 0.002 0.033 0.023 0.036 0.185 0.618 
 355 A _   0.042 0.072 0.002 0.039 0.025 0.037 0.186 0.598 
 356 L _   0.043 0.077 0.002 0.042 0.025 0.036 0.188 0.588 
 357 A _   0.042 0.079 0.002 0.042 0.024 0.034 0.191 0.587 
 358 A _   0.039 0.078 0.002 0.040 0.021 0.032 0.194 0.594 
 359 I _   0.036 0.075 0.001 0.035 0.018 0.029 0.198 0.608 
 360 Y _   0.032 0.068 0.001 0.030 0.015 0.025 0.203 0.626 
 361 E _   0.028 0.059 0.001 0.024 0.012 0.022 0.208 0.646 
 362 E _   0.024 0.050 0.001 0.020 0.009 0.019 0.213 0.664 
 363 K _   0.021 0.041 0.001 0.016 0.007 0.017 0.218 0.680 
 364 E _   0.018 0.033 0.001 0.013 0.005 0.014 0.223 0.693 
 365 A _   0.015 0.026 0.001 0.011 0.004 0.012 0.228 0.704 
 366 W _   0.013 0.020 0.000 0.009 0.004 0.010 0.232 0.712 
 367 Y _   0.011 0.016 0.000 0.008 0.003 0.009 0.235 0.718 
 368 R _   0.009 0.013 0.000 0.007 0.002 0.007 0.238 0.723 
 369 E _   0.008 0.011 0.000 0.006 0.002 0.007 0.240 0.727 
 370 E _   0.007 0.009 0.000 0.005 0.002 0.006 0.242 0.730 
 371 S _   0.006 0.008 0.000 0.004 0.002 0.005 0.243 0.732 
 372 D _   0.005 0.007 0.000 0.004 0.002 0.005 0.244 0.733 
 373 S _   0.005 0.007 0.000 0.004 0.002 0.005 0.244 0.733 
 374 L _   0.005 0.008 0.000 0.004 0.002 0.006 0.244 0.732 
 375 G _   0.005 0.009 0.000 0.005 0.002 0.006 0.244 0.729 
 376 Q _   0.005 0.011 0.000 0.007 0.002 0.007 0.243 0.725 
 377 D _   0.006 0.014 0.000 0.009 0.003 0.008 0.241 0.720 
 378 L _   0.006 0.017 0.000 0.011 0.003 0.009 0.240 0.713 
 379 R _   0.006 0.022 0.000 0.013 0.004 0.009 0.239 0.707 
 380 R _   0.006 0.026 0.001 0.016 0.004 0.010 0.237 0.701 
 381 L _   0.006 0.029 0.001 0.018 0.005 0.010 0.236 0.696 
 382 R _   0.006 0.032 0.001 0.019 0.005 0.010 0.235 0.692 
 383 Q _   0.006 0.033 0.001 0.019 0.005 0.010 0.235 0.690 
 384 E _   0.006 0.034 0.001 0.019 0.005 0.010 0.236 0.690 
 385 L _   0.006 0.035 0.001 0.018 0.005 0.009 0.236 0.690 
 386 L _   0.006 0.034 0.000 0.017 0.004 0.009 0.238 0.692 
 387 K _   0.006 0.033 0.000 0.015 0.004 0.008 0.239 0.694 
 388 T _   0.006 0.032 0.000 0.013 0.003 0.008 0.241 0.697 
 389 E _   0.006 0.030 0.000 0.011 0.003 0.007 0.242 0.700 
 390 A _   0.005 0.028 0.000 0.010 0.003 0.007 0.244 0.703 
 391 L _   0.005 0.026 0.000 0.008 0.002 0.006 0.245 0.707 
 392 K _   0.005 0.025 0.000 0.006 0.002 0.006 0.246 0.710 
 393 R _   0.005 0.024 0.000 0.005 0.002 0.006 0.246 0.712 
 394 Q _   0.004 0.024 0.000 0.005 0.002 0.006 0.246 0.712 
 395 A _   0.004 0.026 0.000 0.005 0.002 0.007 0.245 0.711 
 396 Q _   0.005 0.029 0.000 0.006 0.002 0.008 0.244 0.707 
 397 E _   0.005 0.034 0.000 0.007 0.003 0.009 0.242 0.699 
 398 E _   0.006 0.043 0.000 0.010 0.004 0.011 0.239 0.686 
 399 A _   0.007 0.058 0.001 0.015 0.005 0.013 0.236 0.666 
 400 K _   0.007 0.076 0.001 0.020 0.007 0.015 0.233 0.640 
 401 G _   0.008 0.096 0.001 0.027 0.009 0.016 0.230 0.613 
 402 A _   0.009 0.113 0.001 0.033 0.011 0.018 0.227 0.589 
 403 L _   0.009 0.124 0.001 0.038 0.012 0.018 0.226 0.572 
 404 L _   0.009 0.131 0.001 0.041 0.012 0.019 0.226 0.561 
 405 G _   0.009 0.133 0.001 0.042 0.013 0.019 0.227 0.557 
 406 T _   0.009 0.131 0.001 0.041 0.012 0.018 0.229 0.558 
 407 S _   0.010 0.126 0.001 0.038 0.012 0.017 0.232 0.564 
 408 G _   0.010 0.116 0.001 0.033 0.011 0.017 0.236 0.575 
 409 L _   0.011 0.101 0.001 0.028 0.010 0.016 0.242 0.592 
 410 K _   0.011 0.083 0.001 0.022 0.008 0.015 0.248 0.612 
 411 R _   0.011 0.063 0.001 0.017 0.007 0.014 0.255 0.633 
 412 R _   0.010 0.045 0.001 0.013 0.006 0.013 0.262 0.651 
 413 F _   0.010 0.031 0.001 0.009 0.005 0.012 0.269 0.664 
 414 S _   0.009 0.022 0.000 0.007 0.004 0.011 0.274 0.672 
 415 R _   0.009 0.016 0.000 0.006 0.003 0.011 0.279 0.675 
 416 L _   0.009 0.013 0.000 0.006 0.003 0.011 0.283 0.675 
 417 E _   0.009 0.011 0.000 0.006 0.003 0.012 0.287 0.671 
 418 N _   0.010 0.010 0.000 0.006 0.004 0.013 0.290 0.666 
 419 R _   0.011 0.010 0.001 0.008 0.005 0.014 0.294 0.658 
 420 Y _   0.012 0.010 0.001 0.009 0.006 0.016 0.297 0.650 
 421 E _   0.013 0.010 0.001 0.011 0.006 0.017 0.301 0.641 
 422 A _   0.015 0.010 0.001 0.011 0.007 0.019 0.305 0.633 
 423 L _   0.016 0.010 0.001 0.012 0.008 0.020 0.309 0.625 
 424 A _   0.018 0.010 0.001 0.011 0.008 0.021 0.314 0.619 
 425 K _   0.019 0.009 0.001 0.010 0.008 0.022 0.318 0.613 
 426 Q _   0.022 0.009 0.001 0.009 0.008 0.023 0.323 0.605 
 427 V _   0.025 0.008 0.001 0.008 0.009 0.025 0.328 0.596 
 428 A _   0.029 0.008 0.001 0.008 0.010 0.027 0.334 0.584 
 429 S _   0.032 0.009 0.001 0.008 0.011 0.028 0.340 0.570 
 430 E _   0.036 0.009 0.001 0.009 0.013 0.030 0.347 0.554 
 431 M _   0.039 0.011 0.001 0.011 0.015 0.032 0.355 0.536 
 432 R _   0.042 0.013 0.001 0.014 0.017 0.033 0.364 0.517 
 433 F _   0.044 0.015 0.001 0.016 0.018 0.033 0.374 0.498 
 434 V _   0.044 0.016 0.001 0.019 0.019 0.033 0.386 0.481 
 435 Q _   0.044 0.018 0.001 0.021 0.019 0.032 0.399 0.466 
 436 D _   0.042 0.018 0.001 0.022 0.018 0.030 0.413 0.455 
 437 L _   0.039 0.018 0.001 0.022 0.016 0.028 0.429 0.446 
 438 V X   0.036 0.017 0.001 0.020 0.014 0.025 0.446 0.441 
 439 R X   0.032 0.016 0.001 0.017 0.011 0.023 0.463 0.438 
 440 A X   0.028 0.014 0.001 0.014 0.009 0.020 0.480 0.434 
 441 L X   0.024 0.012 0.001 0.012 0.007 0.018 0.496 0.429 
 442 E X   0.021 0.011 0.001 0.010 0.006 0.016 0.512 0.424 
 443 Q X   0.018 0.010 0.001 0.009 0.005 0.014 0.527 0.416 
 444 E X   0.016 0.009 0.001 0.009 0.005 0.013 0.542 0.406 
 445 K X   0.014 0.009 0.000 0.009 0.004 0.012 0.555 0.395 
 446 L X   0.012 0.009 0.000 0.010 0.004 0.011 0.568 0.385 
 447 Q X   0.009 0.010 0.000 0.011 0.004 0.009 0.580 0.376 
 448 G X   0.007 0.010 0.000 0.011 0.004 0.008 0.593 0.366 
 449 V X   0.005 0.010 0.000 0.011 0.003 0.006 0.606 0.360 
 450 E X   0.003 0.009 0.000 0.009 0.002 0.003 0.618 0.356 
 451 C X   0.001 0.008 0.000 0.006 0.001 0.001 0.627 0.356 
 452 G X   0.000 0.007 0.000 0.004 0.000 0.000 0.630 0.359 
 453 L X   0.000 0.006 0.000 0.004 0.000 0.000 0.628 0.361 
 454 R X   0.002 0.006 0.001 0.011 0.003 0.002 0.615 0.359 
