#TopoPred_TM8: 8-state transmembrane topology prediction results by no_profile mode 
#probabilities are in the order of H E C I L F X _, the 8 transmembrane topology types used in PDBTM 
   1 M X   0.018 0.002 0.002 0.063 0.011 0.015 0.629 0.261 
   2 A X   0.007 0.002 0.000 0.042 0.003 0.010 0.644 0.293 
   3 G X   0.003 0.002 0.000 0.029 0.001 0.008 0.646 0.312 
   4 R X   0.003 0.003 0.000 0.025 0.001 0.010 0.639 0.319 
   5 G X   0.004 0.006 0.000 0.026 0.003 0.014 0.625 0.322 
   6 S X   0.007 0.012 0.001 0.030 0.005 0.019 0.604 0.321 
   7 L X   0.009 0.023 0.001 0.039 0.008 0.024 0.581 0.316 
   8 V X   0.011 0.037 0.001 0.049 0.010 0.026 0.555 0.310 
   9 S X   0.012 0.049 0.001 0.058 0.012 0.026 0.532 0.309 
  10 W X   0.011 0.058 0.001 0.064 0.014 0.026 0.512 0.314 
  11 R X   0.010 0.063 0.001 0.064 0.014 0.024 0.496 0.327 
  12 A X   0.010 0.064 0.001 0.059 0.013 0.021 0.484 0.348 
  13 F X   0.009 0.062 0.001 0.049 0.011 0.019 0.474 0.375 
  14 H X   0.008 0.056 0.001 0.038 0.009 0.016 0.466 0.406 
  15 G X   0.008 0.049 0.001 0.027 0.007 0.013 0.460 0.436 
  16 C _   0.007 0.040 0.001 0.018 0.005 0.011 0.454 0.464 
  17 D _   0.007 0.032 0.000 0.011 0.004 0.010 0.449 0.487 
  18 S _   0.006 0.027 0.000 0.008 0.003 0.009 0.444 0.503 
  19 A _   0.006 0.024 0.000 0.006 0.002 0.009 0.438 0.515 
  20 E _   0.006 0.023 0.000 0.005 0.002 0.008 0.432 0.523 
  21 E _   0.006 0.023 0.000 0.005 0.002 0.009 0.424 0.529 
  22 L _   0.006 0.024 0.000 0.007 0.003 0.010 0.416 0.533 
  23 P _   0.007 0.027 0.000 0.009 0.004 0.011 0.407 0.534 
  24 R _   0.008 0.032 0.001 0.012 0.005 0.012 0.397 0.532 
  25 V _   0.008 0.037 0.001 0.017 0.007 0.014 0.388 0.530 
  26 S _   0.009 0.042 0.001 0.021 0.008 0.014 0.378 0.527 
  27 P _   0.009 0.046 0.001 0.024 0.008 0.015 0.370 0.526 
  28 R _   0.009 0.049 0.001 0.026 0.009 0.015 0.363 0.528 
  29 F _   0.009 0.050 0.001 0.026 0.009 0.014 0.357 0.534 
  30 L _   0.009 0.050 0.001 0.024 0.008 0.013 0.352 0.544 
  31 R _   0.008 0.047 0.001 0.021 0.007 0.012 0.348 0.557 
  32 A _   0.008 0.044 0.001 0.017 0.005 0.011 0.344 0.571 
  33 W _   0.007 0.040 0.001 0.012 0.004 0.010 0.340 0.587 
  34 H _   0.007 0.036 0.000 0.009 0.003 0.009 0.337 0.600 
  35 P _   0.006 0.033 0.000 0.007 0.003 0.008 0.333 0.610 
  36 P _   0.006 0.032 0.000 0.005 0.002 0.008 0.329 0.617 
  37 P _   0.006 0.032 0.000 0.005 0.002 0.008 0.324 0.622 
  38 V _   0.006 0.034 0.000 0.006 0.003 0.009 0.319 0.623 
  39 S _   0.007 0.038 0.000 0.007 0.004 0.011 0.313 0.621 
  40 A _   0.008 0.045 0.001 0.010 0.005 0.012 0.306 0.614 
  41 R _   0.008 0.055 0.001 0.013 0.006 0.014 0.299 0.605 
  42 M _   0.009 0.068 0.001 0.016 0.007 0.015 0.291 0.592 
  43 P _   0.009 0.081 0.001 0.020 0.009 0.017 0.283 0.580 
  44 T _   0.010 0.093 0.001 0.023 0.010 0.018 0.275 0.570 
  45 R _   0.010 0.104 0.001 0.026 0.010 0.018 0.269 0.562 
  46 R _   0.010 0.113 0.001 0.028 0.011 0.019 0.263 0.556 
  47 W _   0.010 0.119 0.001 0.030 0.011 0.019 0.258 0.552 
  48 A _   0.010 0.124 0.001 0.031 0.011 0.018 0.254 0.550 
  49 P _   0.011 0.126 0.001 0.032 0.011 0.018 0.251 0.550 
  50 G _   0.011 0.126 0.001 0.033 0.011 0.017 0.248 0.552 
  51 T _   0.011 0.125 0.001 0.032 0.010 0.017 0.247 0.557 
  52 Q _   0.011 0.120 0.001 0.031 0.009 0.015 0.246 0.566 
  53 C _   0.011 0.112 0.001 0.029 0.008 0.014 0.246 0.579 
  54 I _   0.010 0.101 0.001 0.025 0.007 0.013 0.247 0.596 
  55 T _   0.010 0.086 0.001 0.020 0.006 0.011 0.248 0.618 
  56 K _   0.009 0.070 0.001 0.016 0.005 0.010 0.248 0.642 
  57 C _   0.008 0.055 0.000 0.011 0.003 0.008 0.249 0.665 
  58 E _   0.007 0.043 0.000 0.007 0.003 0.007 0.248 0.684 
  59 H _   0.006 0.036 0.000 0.005 0.002 0.006 0.247 0.698 
  60 T _   0.005 0.032 0.000 0.004 0.002 0.006 0.245 0.707 
  61 R _   0.005 0.031 0.000 0.003 0.001 0.006 0.242 0.712 
  62 P _   0.005 0.032 0.000 0.004 0.002 0.007 0.238 0.713 
  63 K _   0.005 0.036 0.000 0.005 0.002 0.009 0.232 0.709 
  64 P _   0.006 0.047 0.000 0.008 0.004 0.011 0.225 0.698 
  65 G _   0.008 0.067 0.001 0.013 0.006 0.014 0.216 0.676 
  66 E _   0.009 0.098 0.001 0.018 0.008 0.017 0.205 0.644 
  67 L _   0.009 0.139 0.001 0.024 0.010 0.020 0.193 0.604 
  68 A _   0.010 0.180 0.001 0.029 0.012 0.022 0.182 0.565 
  69 F _   0.010 0.217 0.001 0.032 0.014 0.023 0.171 0.531 
  70 R _   0.010 0.249 0.001 0.035 0.015 0.025 0.162 0.503 
  71 K _   0.011 0.273 0.001 0.037 0.016 0.026 0.155 0.481 
  72 G _   0.012 0.291 0.001 0.039 0.017 0.026 0.149 0.465 
  73 D _   0.013 0.305 0.001 0.040 0.018 0.027 0.144 0.452 
  74 V _   0.014 0.314 0.001 0.042 0.018 0.027 0.141 0.443 
  75 V _   0.015 0.319 0.001 0.043 0.018 0.026 0.138 0.439 
  76 T _   0.016 0.319 0.001 0.044 0.018 0.026 0.136 0.441 
  77 I _   0.016 0.314 0.001 0.043 0.017 0.025 0.135 0.449 
  78 L _   0.017 0.303 0.001 0.041 0.016 0.023 0.135 0.465 
  79 E _   0.016 0.285 0.001 0.037 0.014 0.022 0.135 0.489 
  80 A _   0.016 0.259 0.001 0.033 0.013 0.020 0.136 0.521 
  81 C _   0.016 0.225 0.001 0.028 0.012 0.019 0.137 0.561 
  82 E _   0.016 0.188 0.001 0.024 0.010 0.017 0.139 0.605 
  83 N _   0.015 0.151 0.001 0.020 0.008 0.016 0.141 0.648 
  84 K _   0.014 0.117 0.001 0.016 0.007 0.014 0.143 0.687 
  85 S _   0.013 0.090 0.001 0.013 0.005 0.013 0.145 0.721 
  86 W _   0.011 0.069 0.001 0.010 0.004 0.011 0.146 0.747 
  87 Y _   0.010 0.055 0.000 0.008 0.003 0.010 0.146 0.767 
  88 R _   0.008 0.046 0.000 0.006 0.003 0.009 0.145 0.782 
  89 V _   0.007 0.040 0.000 0.005 0.002 0.009 0.144 0.792 
  90 K _   0.007 0.038 0.000 0.004 0.002 0.008 0.142 0.798 
  91 H _   0.007 0.037 0.000 0.004 0.002 0.009 0.140 0.801 
  92 H _   0.007 0.039 0.000 0.005 0.002 0.010 0.137 0.800 
  93 T _   0.008 0.044 0.000 0.007 0.004 0.012 0.133 0.792 
  94 S _   0.010 0.057 0.001 0.010 0.006 0.015 0.127 0.774 
  95 G _   0.011 0.083 0.001 0.017 0.009 0.019 0.121 0.739 
  96 Q _   0.013 0.126 0.001 0.026 0.013 0.022 0.112 0.687 
  97 E _   0.013 0.179 0.002 0.036 0.016 0.024 0.104 0.627 
  98 G _   0.013 0.228 0.002 0.046 0.017 0.024 0.096 0.573 
  99 L _   0.013 0.264 0.002 0.054 0.018 0.024 0.091 0.535 
 100 L _   0.013 0.285 0.001 0.059 0.018 0.024 0.087 0.513 
 101 A _   0.012 0.296 0.001 0.062 0.017 0.023 0.084 0.505 
 102 A _   0.012 0.298 0.001 0.061 0.017 0.022 0.082 0.507 
 103 G _   0.012 0.294 0.001 0.057 0.015 0.020 0.081 0.519 
 104 A _   0.012 0.282 0.001 0.051 0.014 0.019 0.081 0.541 
 105 L _   0.012 0.260 0.001 0.043 0.012 0.017 0.081 0.574 
 106 R _   0.012 0.227 0.001 0.035 0.010 0.016 0.082 0.617 
 107 E _   0.012 0.186 0.001 0.027 0.008 0.014 0.084 0.667 
 108 R _   0.012 0.144 0.001 0.020 0.007 0.013 0.086 0.717 
 109 E _   0.011 0.107 0.001 0.014 0.005 0.012 0.087 0.763 
 110 A _   0.010 0.081 0.001 0.010 0.004 0.010 0.088 0.796 
 111 L _   0.009 0.065 0.000 0.007 0.003 0.009 0.088 0.819 
 112 S _   0.008 0.056 0.000 0.005 0.002 0.009 0.088 0.831 
 113 A _   0.007 0.052 0.000 0.005 0.002 0.009 0.087 0.838 
 114 D _   0.007 0.051 0.000 0.005 0.002 0.009 0.085 0.839 
 115 P _   0.008 0.053 0.000 0.006 0.003 0.011 0.083 0.836 
 116 K _   0.008 0.058 0.000 0.008 0.004 0.012 0.081 0.828 
 117 L _   0.010 0.067 0.001 0.011 0.005 0.014 0.078 0.814 
 118 S _   0.011 0.081 0.001 0.015 0.007 0.016 0.075 0.796 
 119 L _   0.011 0.097 0.001 0.019 0.008 0.017 0.072 0.775 
 120 M _   0.012 0.113 0.001 0.023 0.009 0.018 0.069 0.756 
 121 P _   0.012 0.126 0.001 0.026 0.010 0.019 0.066 0.741 
 122 W _   0.012 0.135 0.001 0.027 0.010 0.019 0.063 0.732 
 123 F _   0.012 0.142 0.001 0.027 0.010 0.019 0.061 0.728 
 124 H _   0.012 0.146 0.001 0.026 0.010 0.019 0.060 0.728 
 125 G _   0.012 0.148 0.001 0.024 0.010 0.018 0.058 0.729 
 126 K _   0.012 0.149 0.001 0.024 0.009 0.018 0.057 0.730 
 127 I _   0.012 0.149 0.001 0.024 0.009 0.018 0.056 0.731 
 128 S _   0.012 0.149 0.001 0.024 0.009 0.017 0.055 0.732 
 129 G _   0.013 0.148 0.001 0.025 0.009 0.017 0.055 0.733 
 130 Q _   0.013 0.145 0.001 0.026 0.009 0.016 0.054 0.736 
 131 E _   0.013 0.140 0.001 0.026 0.009 0.016 0.054 0.742 
 132 A _   0.012 0.133 0.001 0.025 0.008 0.014 0.055 0.752 
 133 V _   0.012 0.122 0.001 0.022 0.007 0.013 0.055 0.768 
 134 Q _   0.011 0.108 0.001 0.019 0.006 0.012 0.056 0.788 
 135 Q _   0.010 0.092 0.001 0.015 0.005 0.011 0.056 0.810 
 136 L _   0.009 0.077 0.001 0.011 0.004 0.010 0.056 0.831 
 137 Q _   0.008 0.065 0.000 0.009 0.003 0.009 0.056 0.849 
 138 P _   0.007 0.057 0.000 0.007 0.003 0.009 0.056 0.860 
 139 P _   0.007 0.053 0.000 0.007 0.003 0.009 0.056 0.865 
 140 E _   0.007 0.051 0.000 0.008 0.003 0.009 0.056 0.866 
 141 D _   0.007 0.052 0.000 0.010 0.004 0.010 0.055 0.862 
 142 G _   0.008 0.053 0.001 0.013 0.004 0.011 0.054 0.855 
 143 L _   0.008 0.055 0.001 0.018 0.005 0.012 0.053 0.848 
 144 F _   0.008 0.057 0.001 0.021 0.006 0.012 0.052 0.842 
 145 L _   0.008 0.057 0.001 0.023 0.006 0.013 0.052 0.840 
 146 V _   0.008 0.056 0.001 0.023 0.006 0.012 0.051 0.843 
 147 R _   0.007 0.053 0.001 0.021 0.006 0.012 0.051 0.850 
 148 E _   0.007 0.047 0.001 0.017 0.005 0.011 0.050 0.861 
 149 S _   0.007 0.041 0.001 0.013 0.004 0.011 0.050 0.873 
 150 A _   0.007 0.036 0.000 0.009 0.004 0.011 0.050 0.884 
 151 R _   0.007 0.032 0.000 0.007 0.003 0.012 0.049 0.890 
 152 H _   0.008 0.030 0.000 0.006 0.003 0.014 0.048 0.891 
 153 P _   0.010 0.030 0.000 0.006 0.004 0.016 0.047 0.886 
 154 G _   0.013 0.033 0.001 0.007 0.006 0.021 0.046 0.874 
 155 D _   0.017 0.041 0.001 0.011 0.009 0.026 0.044 0.851 
 156 Y _   0.022 0.057 0.001 0.016 0.013 0.032 0.043 0.817 
 157 V _   0.026 0.078 0.002 0.023 0.018 0.038 0.040 0.775 
 158 L _   0.030 0.100 0.002 0.030 0.023 0.042 0.038 0.735 
 159 C _   0.032 0.120 0.002 0.036 0.027 0.045 0.036 0.702 
 160 V _   0.033 0.135 0.002 0.041 0.030 0.047 0.034 0.677 
 161 S _   0.034 0.146 0.002 0.044 0.032 0.048 0.033 0.661 
 162 F _   0.035 0.152 0.002 0.045 0.033 0.049 0.032 0.652 
 163 G _   0.035 0.154 0.002 0.046 0.034 0.048 0.031 0.651 
 164 R _   0.035 0.154 0.002 0.045 0.033 0.046 0.030 0.655 
 165 D _   0.034 0.150 0.002 0.044 0.031 0.044 0.030 0.663 
 166 V _   0.034 0.144 0.002 0.043 0.029 0.042 0.030 0.677 
 167 I _   0.033 0.133 0.002 0.041 0.026 0.039 0.031 0.696 
 168 H _   0.032 0.119 0.002 0.037 0.022 0.035 0.031 0.721 
 169 Y _   0.032 0.100 0.002 0.032 0.019 0.032 0.032 0.752 
 170 R _   0.032 0.078 0.001 0.026 0.015 0.028 0.033 0.787 
 171 V _   0.032 0.053 0.001 0.020 0.012 0.025 0.033 0.823 
 172 L _   0.034 0.031 0.001 0.014 0.009 0.023 0.034 0.856 
 173 H _   0.038 0.014 0.001 0.008 0.006 0.021 0.034 0.878 
 174 R _   0.045 0.005 0.001 0.005 0.005 0.019 0.034 0.887 
 175 D _   0.057 0.001 0.000 0.003 0.004 0.019 0.033 0.882 
 176 G _   0.078 0.000 0.000 0.002 0.004 0.020 0.032 0.863 
 177 H _   0.113 0.000 0.001 0.002 0.005 0.022 0.031 0.826 
 178 L _   0.163 0.000 0.001 0.002 0.008 0.026 0.030 0.770 
 179 T _   0.231 0.000 0.001 0.002 0.012 0.032 0.029 0.692 
 180 I _   0.309 0.000 0.001 0.002 0.019 0.038 0.028 0.603 
 181 D _   0.383 0.000 0.002 0.003 0.028 0.043 0.027 0.514 
 182 E H   0.449 0.001 0.002 0.004 0.038 0.047 0.026 0.433 
 183 A H   0.499 0.001 0.002 0.005 0.047 0.049 0.027 0.370 
 184 V H   0.535 0.002 0.002 0.007 0.053 0.050 0.027 0.323 
 185 F H   0.554 0.003 0.002 0.008 0.058 0.049 0.029 0.296 
 186 F H   0.558 0.005 0.003 0.010 0.059 0.047 0.031 0.288 
 187 C H   0.545 0.005 0.003 0.013 0.058 0.045 0.034 0.298 
 188 N H   0.516 0.006 0.003 0.015 0.054 0.042 0.038 0.327 
 189 L H   0.470 0.006 0.003 0.016 0.047 0.038 0.044 0.377 
 190 M _   0.407 0.005 0.003 0.016 0.038 0.033 0.050 0.449 
 191 D _   0.331 0.004 0.002 0.013 0.027 0.028 0.058 0.537 
 192 M _   0.254 0.002 0.002 0.010 0.017 0.023 0.065 0.628 
 193 V _   0.183 0.001 0.001 0.007 0.010 0.018 0.071 0.709 
 194 E _   0.123 0.000 0.001 0.004 0.006 0.014 0.076 0.776 
 195 H _   0.077 0.000 0.000 0.003 0.003 0.011 0.080 0.825 
 196 Y _   0.047 0.000 0.000 0.002 0.002 0.009 0.082 0.856 
 197 S _   0.030 0.000 0.000 0.002 0.002 0.009 0.084 0.873 
 198 K _   0.022 0.001 0.000 0.002 0.002 0.009 0.085 0.879 
 199 D _   0.017 0.002 0.000 0.004 0.003 0.010 0.086 0.878 
 200 K _   0.016 0.004 0.000 0.007 0.004 0.012 0.087 0.869 
 201 G _   0.016 0.011 0.001 0.013 0.006 0.015 0.087 0.852 
 202 A _   0.015 0.021 0.001 0.023 0.008 0.017 0.087 0.829 
 203 I _   0.015 0.031 0.001 0.033 0.010 0.018 0.087 0.805 
 204 C _   0.015 0.038 0.001 0.041 0.011 0.019 0.087 0.787 
 205 T _   0.014 0.043 0.001 0.047 0.012 0.019 0.088 0.777 
 206 K _   0.013 0.044 0.001 0.048 0.011 0.018 0.089 0.775 
 207 L _   0.012 0.043 0.001 0.045 0.010 0.016 0.091 0.781 
 208 V _   0.011 0.039 0.001 0.038 0.008 0.014 0.094 0.795 
 209 R _   0.010 0.032 0.001 0.028 0.006 0.012 0.097 0.813 
 210 P _   0.009 0.023 0.001 0.019 0.005 0.010 0.100 0.833 
 211 K _   0.008 0.015 0.000 0.012 0.003 0.008 0.102 0.851 
 212 R _   0.007 0.009 0.000 0.007 0.002 0.007 0.104 0.865 
 213 K _   0.006 0.005 0.000 0.004 0.001 0.006 0.105 0.873 
 214 H _   0.005 0.003 0.000 0.003 0.001 0.005 0.105 0.877 
 215 G _   0.004 0.002 0.000 0.002 0.001 0.005 0.105 0.879 
 216 T _   0.005 0.002 0.000 0.002 0.001 0.006 0.104 0.879 
 217 K _   0.005 0.003 0.000 0.003 0.002 0.008 0.102 0.876 
 218 S _   0.007 0.005 0.000 0.005 0.002 0.012 0.099 0.870 
 219 A _   0.009 0.011 0.000 0.008 0.004 0.017 0.095 0.856 
 220 E _   0.013 0.021 0.001 0.013 0.007 0.023 0.090 0.833 
 221 E _   0.016 0.036 0.001 0.021 0.011 0.030 0.085 0.801 
 222 E _   0.020 0.054 0.001 0.029 0.016 0.036 0.079 0.765 
 223 L _   0.025 0.070 0.002 0.037 0.021 0.042 0.073 0.731 
 224 A _   0.029 0.081 0.002 0.044 0.026 0.047 0.068 0.704 
 225 R _   0.034 0.088 0.002 0.047 0.030 0.050 0.063 0.686 
 226 A _   0.039 0.091 0.002 0.047 0.032 0.052 0.060 0.678 
 227 G _   0.044 0.090 0.002 0.045 0.033 0.052 0.057 0.678 
 228 W _   0.049 0.086 0.002 0.039 0.033 0.051 0.055 0.686 
 229 L _   0.053 0.078 0.002 0.034 0.031 0.050 0.053 0.700 
 230 L _   0.057 0.068 0.002 0.028 0.029 0.048 0.052 0.718 
 231 N _   0.060 0.057 0.002 0.022 0.026 0.045 0.050 0.739 
 232 L _   0.060 0.045 0.002 0.018 0.022 0.042 0.050 0.761 
 233 Q _   0.060 0.035 0.001 0.015 0.019 0.039 0.049 0.781 
 234 H _   0.059 0.027 0.001 0.013 0.016 0.036 0.049 0.799 
 235 L _   0.056 0.021 0.001 0.011 0.013 0.032 0.048 0.816 
 236 T _   0.052 0.016 0.001 0.010 0.011 0.029 0.048 0.832 
 237 L _   0.048 0.013 0.001 0.009 0.010 0.027 0.047 0.846 
 238 G _   0.043 0.010 0.001 0.009 0.008 0.024 0.047 0.858 
 239 A _   0.039 0.008 0.001 0.008 0.007 0.022 0.046 0.868 
 240 Q _   0.035 0.007 0.001 0.007 0.007 0.021 0.046 0.878 
 241 I _   0.031 0.006 0.001 0.007 0.006 0.020 0.045 0.884 
 242 G _   0.028 0.006 0.001 0.007 0.006 0.019 0.044 0.889 
 243 E _   0.026 0.006 0.001 0.007 0.006 0.019 0.043 0.892 
 244 G _   0.024 0.007 0.001 0.008 0.007 0.020 0.042 0.892 
 245 E _   0.023 0.008 0.001 0.010 0.007 0.020 0.041 0.891 
 246 F _   0.022 0.010 0.001 0.012 0.008 0.021 0.040 0.888 
 247 G _   0.021 0.012 0.001 0.014 0.009 0.021 0.038 0.883 
 248 A _   0.021 0.014 0.001 0.016 0.010 0.022 0.037 0.880 
 249 V _   0.020 0.015 0.001 0.018 0.010 0.022 0.036 0.877 
 250 L _   0.020 0.017 0.001 0.020 0.011 0.021 0.035 0.876 
 251 Q _   0.019 0.017 0.001 0.020 0.011 0.021 0.034 0.877 
 252 G _   0.018 0.017 0.001 0.020 0.010 0.020 0.034 0.879 
 253 E _   0.018 0.017 0.001 0.019 0.010 0.020 0.033 0.884 
 254 Y _   0.017 0.015 0.001 0.018 0.009 0.019 0.033 0.889 
 255 L _   0.016 0.014 0.001 0.016 0.008 0.018 0.032 0.895 
 256 G _   0.016 0.012 0.001 0.014 0.007 0.017 0.032 0.901 
 257 Q _   0.016 0.010 0.001 0.012 0.007 0.016 0.032 0.907 
 258 K _   0.016 0.008 0.001 0.010 0.006 0.016 0.031 0.912 
 259 V _   0.016 0.007 0.001 0.009 0.006 0.016 0.031 0.916 
 260 A _   0.016 0.006 0.001 0.008 0.005 0.016 0.031 0.918 
 261 V _   0.016 0.005 0.001 0.008 0.005 0.016 0.030 0.919 
 262 K _   0.017 0.005 0.001 0.007 0.005 0.016 0.030 0.919 
 263 N _   0.018 0.004 0.001 0.007 0.006 0.017 0.029 0.918 
 264 I _   0.019 0.004 0.001 0.008 0.006 0.018 0.029 0.915 
 265 K _   0.020 0.005 0.001 0.009 0.007 0.020 0.028 0.912 
 266 C _   0.021 0.005 0.001 0.010 0.007 0.021 0.027 0.908 
 267 D _   0.023 0.006 0.001 0.011 0.008 0.023 0.027 0.903 
 268 V _   0.025 0.006 0.001 0.012 0.009 0.024 0.026 0.898 
 269 T _   0.027 0.007 0.001 0.012 0.010 0.025 0.025 0.893 
 270 A _   0.029 0.007 0.001 0.013 0.011 0.027 0.024 0.887 
 271 Q _   0.032 0.008 0.001 0.014 0.012 0.028 0.023 0.883 
 272 A _   0.034 0.008 0.001 0.014 0.012 0.029 0.022 0.879 
 273 F _   0.037 0.008 0.001 0.015 0.013 0.029 0.022 0.875 
 274 L _   0.040 0.008 0.001 0.016 0.014 0.029 0.021 0.871 
 275 D _   0.043 0.008 0.001 0.016 0.014 0.029 0.020 0.868 
 276 E _   0.047 0.007 0.001 0.016 0.014 0.029 0.020 0.866 
 277 T _   0.052 0.007 0.001 0.016 0.013 0.028 0.019 0.865 
 278 A _   0.057 0.005 0.001 0.014 0.012 0.026 0.018 0.865 
 279 V _   0.064 0.004 0.001 0.012 0.010 0.025 0.018 0.866 
 280 M _   0.073 0.003 0.001 0.009 0.009 0.023 0.017 0.866 
 281 T _   0.085 0.001 0.001 0.006 0.007 0.021 0.016 0.862 
 282 K _   0.101 0.001 0.001 0.004 0.006 0.020 0.015 0.853 
 283 M _   0.123 0.000 0.001 0.003 0.006 0.019 0.014 0.835 
 284 Q _   0.155 0.000 0.001 0.002 0.006 0.019 0.012 0.805 
 285 H _   0.199 0.000 0.001 0.002 0.007 0.020 0.011 0.761 
 286 E _   0.260 0.000 0.001 0.002 0.008 0.021 0.009 0.700 
 287 N _   0.333 0.000 0.001 0.002 0.010 0.023 0.008 0.623 
 288 L _   0.415 0.000 0.001 0.002 0.013 0.024 0.007 0.538 
 289 V H   0.493 0.000 0.001 0.002 0.017 0.025 0.005 0.456 
 290 R H   0.564 0.000 0.001 0.002 0.020 0.026 0.004 0.382 
 291 L H   0.621 0.000 0.001 0.002 0.023 0.025 0.004 0.324 
 292 L H   0.664 0.000 0.002 0.002 0.025 0.025 0.003 0.279 
 293 G H   0.694 0.000 0.001 0.002 0.026 0.024 0.003 0.251 
 294 V H   0.712 0.000 0.001 0.002 0.026 0.022 0.003 0.234 
 295 I H   0.720 0.000 0.001 0.002 0.025 0.021 0.003 0.228 
 296 L H   0.718 0.000 0.001 0.002 0.024 0.020 0.003 0.232 
 297 H H   0.704 0.000 0.001 0.002 0.024 0.020 0.003 0.246 
 298 Q H   0.679 0.000 0.001 0.002 0.023 0.020 0.004 0.271 
 299 G H   0.645 0.000 0.001 0.002 0.022 0.020 0.004 0.305 
 300 L H   0.599 0.000 0.002 0.003 0.021 0.020 0.005 0.350 
 301 Y H   0.542 0.000 0.002 0.003 0.020 0.021 0.006 0.406 
 302 I H   0.478 0.000 0.002 0.004 0.019 0.021 0.007 0.469 
 303 V _   0.409 0.000 0.002 0.005 0.017 0.021 0.009 0.538 
 304 M _   0.341 0.000 0.001 0.005 0.014 0.020 0.010 0.607 
 305 E _   0.273 0.000 0.001 0.005 0.012 0.020 0.012 0.676 
 306 H _   0.215 0.000 0.001 0.005 0.010 0.019 0.013 0.737 
 307 V _   0.166 0.000 0.001 0.004 0.008 0.018 0.014 0.789 
 308 S _   0.128 0.000 0.001 0.004 0.006 0.018 0.015 0.827 
 309 K _   0.101 0.000 0.001 0.004 0.006 0.018 0.016 0.855 
 310 G _   0.082 0.000 0.001 0.004 0.005 0.018 0.016 0.873 
 311 N _   0.071 0.000 0.001 0.005 0.006 0.020 0.017 0.881 
 312 L _   0.064 0.001 0.001 0.006 0.007 0.021 0.017 0.884 
 313 V _   0.061 0.001 0.001 0.007 0.008 0.024 0.017 0.881 
 314 N _   0.060 0.001 0.001 0.009 0.009 0.026 0.018 0.876 
 315 F _   0.061 0.002 0.001 0.011 0.011 0.028 0.018 0.869 
 316 L _   0.063 0.002 0.001 0.012 0.012 0.030 0.018 0.862 
 317 R _   0.066 0.002 0.001 0.013 0.013 0.032 0.018 0.855 
 318 T _   0.071 0.002 0.001 0.012 0.013 0.033 0.018 0.849 
 319 R _   0.079 0.002 0.001 0.011 0.013 0.034 0.018 0.842 
 320 G _   0.089 0.001 0.001 0.009 0.013 0.035 0.018 0.834 
 321 R _   0.103 0.001 0.001 0.007 0.013 0.035 0.018 0.822 
 322 A _   0.119 0.001 0.001 0.006 0.013 0.036 0.018 0.807 
 323 L _   0.138 0.000 0.001 0.005 0.013 0.038 0.018 0.787 
 324 V _   0.161 0.000 0.001 0.004 0.014 0.039 0.018 0.762 
 325 N _   0.188 0.000 0.001 0.004 0.016 0.040 0.018 0.733 
 326 T _   0.216 0.000 0.001 0.004 0.018 0.042 0.018 0.701 
 327 A _   0.245 0.000 0.001 0.004 0.021 0.044 0.018 0.667 
 328 Q _   0.274 0.000 0.001 0.004 0.023 0.045 0.018 0.633 
 329 L _   0.301 0.000 0.002 0.004 0.026 0.046 0.019 0.602 
 330 L _   0.324 0.000 0.002 0.005 0.029 0.047 0.019 0.575 
 331 Q _   0.341 0.001 0.002 0.005 0.031 0.047 0.020 0.554 
 332 F _   0.350 0.001 0.002 0.006 0.033 0.046 0.021 0.540 
 333 S _   0.354 0.001 0.002 0.007 0.035 0.046 0.023 0.533 
 334 L _   0.350 0.002 0.002 0.008 0.035 0.045 0.024 0.533 
 335 H _   0.338 0.003 0.002 0.010 0.035 0.043 0.027 0.543 
 336 V _   0.317 0.003 0.002 0.013 0.033 0.041 0.030 0.560 
 337 A _   0.290 0.004 0.002 0.015 0.031 0.038 0.033 0.587 
 338 E _   0.257 0.004 0.002 0.016 0.027 0.035 0.036 0.622 
 339 G _   0.221 0.004 0.002 0.016 0.022 0.031 0.040 0.664 
 340 M _   0.182 0.003 0.001 0.014 0.017 0.027 0.044 0.710 
 341 E _   0.142 0.003 0.001 0.012 0.013 0.023 0.048 0.759 
 342 Y _   0.105 0.002 0.001 0.009 0.009 0.019 0.052 0.804 
 343 L _   0.074 0.001 0.001 0.006 0.006 0.016 0.055 0.841 
 344 E _   0.051 0.001 0.001 0.005 0.004 0.013 0.058 0.868 
 345 S _   0.036 0.000 0.000 0.003 0.003 0.011 0.059 0.887 
 346 K _   0.025 0.000 0.000 0.003 0.002 0.010 0.061 0.898 
 347 K _   0.019 0.000 0.000 0.003 0.002 0.009 0.062 0.904 
 348 L _   0.016 0.000 0.000 0.003 0.002 0.010 0.063 0.906 
 349 V _   0.015 0.000 0.000 0.004 0.003 0.011 0.063 0.904 
 350 H _   0.015 0.001 0.000 0.005 0.003 0.012 0.064 0.900 
 351 R _   0.016 0.001 0.000 0.006 0.004 0.014 0.064 0.895 
 352 D _   0.018 0.002 0.001 0.008 0.006 0.016 0.064 0.887 
 353 L _   0.020 0.003 0.001 0.010 0.007 0.018 0.064 0.879 
 354 A _   0.022 0.003 0.001 0.011 0.008 0.020 0.064 0.870 
 355 A _   0.025 0.004 0.001 0.012 0.009 0.022 0.064 0.863 
 356 R _   0.028 0.005 0.001 0.012 0.010 0.024 0.064 0.856 
 357 N _   0.031 0.005 0.001 0.012 0.011 0.025 0.065 0.850 
 358 I _   0.034 0.006 0.001 0.012 0.012 0.026 0.065 0.844 
 359 L _   0.037 0.007 0.001 0.012 0.012 0.027 0.066 0.839 
 360 V _   0.039 0.007 0.001 0.012 0.012 0.028 0.067 0.834 
 361 S _   0.041 0.008 0.001 0.012 0.013 0.028 0.068 0.830 
 362 E _   0.042 0.008 0.001 0.012 0.013 0.028 0.069 0.827 
 363 D _   0.041 0.009 0.001 0.013 0.012 0.028 0.070 0.825 
 364 L _   0.040 0.010 0.001 0.013 0.012 0.027 0.072 0.825 
 365 V _   0.038 0.010 0.001 0.013 0.011 0.026 0.073 0.826 
 366 A _   0.036 0.011 0.001 0.014 0.011 0.025 0.075 0.828 
 367 K _   0.033 0.012 0.001 0.014 0.010 0.023 0.076 0.830 
 368 V _   0.030 0.013 0.001 0.015 0.010 0.022 0.078 0.832 
 369 S _   0.028 0.013 0.001 0.016 0.009 0.021 0.080 0.833 
 370 D _   0.025 0.014 0.001 0.017 0.009 0.019 0.081 0.834 
 371 F _   0.022 0.014 0.001 0.018 0.008 0.018 0.083 0.836 
 372 G _   0.020 0.014 0.001 0.018 0.007 0.016 0.085 0.839 
 373 L _   0.018 0.013 0.001 0.018 0.007 0.015 0.087 0.843 
 374 A _   0.016 0.012 0.001 0.016 0.006 0.013 0.089 0.848 
 375 K _   0.014 0.010 0.001 0.014 0.005 0.011 0.091 0.855 
 376 A _   0.012 0.008 0.000 0.011 0.004 0.010 0.093 0.863 
 377 E _   0.010 0.006 0.000 0.009 0.003 0.008 0.094 0.870 
 378 R _   0.009 0.004 0.000 0.006 0.002 0.007 0.095 0.876 
 379 K _   0.008 0.003 0.000 0.005 0.002 0.006 0.096 0.881 
 380 G _   0.007 0.002 0.000 0.004 0.002 0.005 0.096 0.884 
 381 L _   0.006 0.002 0.000 0.003 0.001 0.005 0.096 0.886 
 382 D _   0.006 0.002 0.000 0.003 0.002 0.005 0.095 0.886 
 383 S _   0.006 0.003 0.000 0.004 0.002 0.006 0.094 0.885 
 384 S _   0.006 0.004 0.000 0.005 0.002 0.007 0.093 0.883 
 385 R _   0.006 0.006 0.000 0.007 0.003 0.008 0.091 0.879 
 386 L _   0.007 0.008 0.000 0.010 0.003 0.009 0.089 0.873 
 387 P _   0.007 0.012 0.001 0.013 0.004 0.011 0.087 0.865 
 388 V _   0.008 0.017 0.001 0.018 0.005 0.012 0.084 0.856 
 389 K _   0.008 0.021 0.001 0.022 0.006 0.013 0.082 0.848 
 390 W _   0.008 0.024 0.001 0.025 0.007 0.014 0.080 0.843 
 391 T _   0.008 0.026 0.001 0.027 0.007 0.014 0.078 0.839 
 392 A _   0.008 0.027 0.001 0.028 0.008 0.014 0.076 0.839 
 393 P _   0.008 0.027 0.001 0.027 0.007 0.014 0.075 0.842 
 394 E _   0.008 0.025 0.001 0.026 0.007 0.013 0.074 0.847 
 395 A _   0.008 0.023 0.001 0.023 0.006 0.013 0.073 0.854 
 396 L _   0.008 0.019 0.001 0.019 0.006 0.012 0.072 0.863 
 397 K _   0.009 0.015 0.001 0.016 0.005 0.011 0.072 0.872 
 398 H _   0.010 0.011 0.001 0.012 0.004 0.011 0.071 0.881 
 399 G _   0.012 0.007 0.000 0.009 0.004 0.010 0.070 0.888 
 400 K _   0.016 0.004 0.000 0.006 0.003 0.010 0.069 0.891 
 401 F _   0.023 0.002 0.000 0.005 0.003 0.011 0.068 0.889 
 402 T _   0.036 0.001 0.000 0.003 0.003 0.012 0.066 0.879 
 403 S _   0.059 0.000 0.000 0.003 0.004 0.014 0.064 0.857 
 404 K _   0.097 0.000 0.001 0.002 0.005 0.017 0.061 0.817 
 405 S _   0.156 0.000 0.001 0.002 0.008 0.021 0.058 0.755 
 406 D _   0.237 0.000 0.001 0.002 0.012 0.026 0.054 0.667 
 407 V _   0.334 0.000 0.001 0.003 0.018 0.032 0.051 0.561 
 408 W _   0.433 0.000 0.002 0.003 0.026 0.037 0.048 0.452 
 409 S H   0.513 0.000 0.002 0.003 0.034 0.040 0.046 0.361 
 410 F H   0.575 0.000 0.002 0.004 0.041 0.041 0.046 0.291 
 411 G H   0.616 0.001 0.002 0.005 0.046 0.041 0.046 0.243 
 412 V H   0.640 0.001 0.002 0.006 0.049 0.040 0.047 0.215 
 413 L H   0.648 0.001 0.002 0.006 0.050 0.038 0.050 0.204 
 414 L H   0.640 0.002 0.002 0.007 0.049 0.036 0.054 0.211 
 415 W H   0.616 0.002 0.002 0.007 0.046 0.033 0.059 0.234 
 416 E H   0.574 0.001 0.003 0.008 0.041 0.031 0.065 0.277 
 417 V H   0.512 0.001 0.002 0.008 0.035 0.028 0.074 0.339 
 418 F H   0.433 0.001 0.002 0.008 0.027 0.025 0.085 0.419 
 419 S _   0.347 0.001 0.002 0.007 0.019 0.021 0.098 0.506 
 420 Y _   0.262 0.000 0.001 0.006 0.013 0.018 0.110 0.589 
 421 G _   0.187 0.000 0.001 0.005 0.008 0.015 0.122 0.662 
 422 R _   0.127 0.000 0.001 0.004 0.006 0.012 0.132 0.718 
 423 A _   0.083 0.000 0.001 0.003 0.004 0.011 0.140 0.759 
 424 P _   0.053 0.000 0.000 0.003 0.003 0.009 0.146 0.786 
 425 Y _   0.034 0.000 0.000 0.003 0.002 0.009 0.150 0.801 
 426 P _   0.024 0.001 0.000 0.003 0.002 0.009 0.154 0.807 
 427 K _   0.018 0.002 0.000 0.004 0.002 0.009 0.157 0.807 
 428 M _   0.015 0.005 0.000 0.005 0.003 0.011 0.159 0.801 
 429 S _   0.014 0.012 0.001 0.009 0.004 0.013 0.161 0.787 
 430 L _   0.013 0.023 0.001 0.014 0.006 0.015 0.163 0.766 
 431 K _   0.013 0.038 0.001 0.020 0.008 0.016 0.164 0.740 
 432 E _   0.012 0.054 0.001 0.027 0.010 0.018 0.166 0.712 
 433 V _   0.012 0.069 0.001 0.034 0.011 0.018 0.168 0.686 
 434 S _   0.012 0.079 0.001 0.040 0.012 0.019 0.171 0.667 
 435 E _   0.012 0.085 0.001 0.043 0.012 0.019 0.175 0.653 
 436 A _   0.011 0.088 0.001 0.044 0.012 0.018 0.180 0.645 
 437 V _   0.011 0.088 0.001 0.043 0.011 0.017 0.187 0.642 
 438 E _   0.011 0.085 0.001 0.040 0.010 0.016 0.194 0.643 
 439 K _   0.011 0.079 0.001 0.035 0.009 0.015 0.203 0.647 
 440 G _   0.010 0.069 0.001 0.030 0.008 0.013 0.214 0.656 
 441 Y _   0.010 0.057 0.001 0.024 0.006 0.011 0.225 0.666 
 442 R _   0.009 0.045 0.001 0.018 0.005 0.010 0.236 0.677 
 443 M _   0.008 0.033 0.001 0.013 0.004 0.008 0.246 0.688 
 444 E _   0.007 0.023 0.000 0.008 0.003 0.007 0.255 0.696 
 445 P _   0.006 0.017 0.000 0.005 0.002 0.006 0.262 0.702 
 446 P _   0.005 0.013 0.000 0.004 0.001 0.005 0.267 0.705 
 447 E _   0.004 0.011 0.000 0.003 0.001 0.005 0.270 0.705 
 448 G _   0.004 0.011 0.000 0.002 0.001 0.006 0.273 0.702 
 449 C _   0.005 0.013 0.000 0.003 0.002 0.007 0.275 0.696 
 450 P _   0.006 0.018 0.000 0.005 0.003 0.010 0.275 0.682 
 451 G _   0.008 0.031 0.001 0.010 0.005 0.013 0.275 0.657 
 452 P _   0.010 0.060 0.001 0.018 0.008 0.017 0.274 0.611 
 453 V _   0.011 0.108 0.001 0.030 0.012 0.020 0.272 0.546 
 454 H _   0.011 0.160 0.002 0.042 0.015 0.022 0.270 0.478 
 455 V _   0.010 0.201 0.001 0.053 0.016 0.022 0.270 0.426 
 456 L _   0.009 0.226 0.001 0.060 0.016 0.022 0.271 0.395 
 457 M _   0.009 0.238 0.001 0.064 0.016 0.021 0.273 0.378 
 458 S _   0.008 0.242 0.001 0.063 0.015 0.020 0.278 0.373 
 459 S _   0.008 0.240 0.001 0.059 0.014 0.018 0.284 0.376 
 460 C _   0.008 0.232 0.001 0.052 0.012 0.016 0.292 0.387 
 461 W _   0.007 0.216 0.001 0.043 0.011 0.015 0.303 0.404 
 462 E _   0.007 0.194 0.001 0.033 0.009 0.013 0.315 0.428 
 463 A _   0.007 0.168 0.001 0.024 0.007 0.011 0.329 0.452 
 464 E _   0.007 0.142 0.001 0.017 0.005 0.010 0.343 0.475 
 465 P _   0.007 0.122 0.001 0.011 0.004 0.009 0.356 0.492 
 466 A _   0.006 0.108 0.000 0.008 0.003 0.008 0.366 0.501 
 467 R _   0.005 0.101 0.000 0.006 0.002 0.007 0.374 0.504 
 468 R _   0.005 0.098 0.000 0.005 0.002 0.007 0.380 0.503 
 469 P _   0.005 0.097 0.000 0.005 0.002 0.007 0.386 0.498 
 470 P _   0.005 0.099 0.000 0.006 0.002 0.007 0.390 0.491 
 471 F _   0.005 0.103 0.000 0.007 0.003 0.008 0.394 0.480 
 472 R _   0.005 0.110 0.000 0.009 0.003 0.008 0.398 0.467 
 473 K _   0.004 0.119 0.000 0.012 0.004 0.009 0.401 0.451 
 474 L _   0.004 0.129 0.000 0.015 0.004 0.009 0.404 0.435 
 475 A _   0.004 0.138 0.001 0.017 0.005 0.009 0.408 0.418 
 476 E X   0.004 0.146 0.001 0.019 0.005 0.010 0.412 0.403 
 477 K X   0.004 0.153 0.001 0.021 0.005 0.010 0.417 0.390 
 478 L X   0.004 0.158 0.001 0.023 0.005 0.010 0.422 0.378 
 479 A X   0.004 0.161 0.001 0.023 0.005 0.010 0.429 0.367 
 480 R X   0.004 0.161 0.001 0.024 0.005 0.010 0.437 0.357 
 481 E X   0.004 0.160 0.001 0.024 0.006 0.010 0.447 0.348 
 482 L X   0.004 0.158 0.001 0.025 0.006 0.010 0.458 0.339 
 483 R X   0.004 0.154 0.001 0.025 0.006 0.010 0.470 0.330 
 484 S X   0.004 0.149 0.001 0.025 0.006 0.010 0.485 0.320 
 485 A X   0.004 0.143 0.001 0.026 0.006 0.010 0.501 0.309 
 486 G X   0.005 0.136 0.001 0.026 0.006 0.010 0.520 0.297 
 487 A X   0.005 0.126 0.001 0.026 0.006 0.010 0.541 0.285 
 488 P X   0.005 0.116 0.001 0.025 0.006 0.010 0.564 0.273 
 489 A X   0.005 0.103 0.001 0.024 0.006 0.010 0.591 0.261 
 490 S X   0.005 0.088 0.001 0.022 0.006 0.010 0.620 0.249 
 491 V X   0.005 0.073 0.001 0.020 0.005 0.009 0.650 0.237 
 492 S X   0.005 0.058 0.001 0.018 0.005 0.008 0.681 0.225 
 493 G X   0.004 0.045 0.001 0.015 0.004 0.008 0.712 0.212 
 494 Q X   0.004 0.033 0.001 0.013 0.003 0.007 0.741 0.198 
 495 D X   0.004 0.024 0.000 0.011 0.003 0.006 0.768 0.184 
 496 A X   0.004 0.017 0.000 0.009 0.002 0.005 0.792 0.170 
 497 D X   0.003 0.012 0.000 0.007 0.002 0.005 0.813 0.158 
 498 G X   0.003 0.008 0.000 0.006 0.001 0.004 0.830 0.148 
 499 S X   0.002 0.006 0.000 0.004 0.001 0.003 0.844 0.140 
 500 T X   0.002 0.004 0.000 0.004 0.001 0.002 0.854 0.133 
 501 S X   0.001 0.003 0.000 0.003 0.001 0.002 0.863 0.127 
 502 P X   0.001 0.002 0.000 0.002 0.001 0.001 0.870 0.123 
 503 R X   0.000 0.002 0.000 0.002 0.000 0.001 0.875 0.121 
 504 S X   0.000 0.001 0.000 0.001 0.000 0.000 0.878 0.119 
 505 Q X   0.000 0.001 0.000 0.001 0.000 0.000 0.878 0.120 
 506 E X   0.000 0.001 0.000 0.002 0.000 0.000 0.874 0.123 
 507 P X   0.002 0.001 0.001 0.008 0.002 0.002 0.858 0.127 
