#TopoPred_TM8: 8-state transmembrane topology prediction results by no_profile mode 
#probabilities are in the order of H E C I L F X _, the 8 transmembrane topology types used in PDBTM 
   1 M X   0.012 0.001 0.002 0.050 0.009 0.010 0.756 0.160 
   2 P X   0.005 0.001 0.000 0.031 0.002 0.005 0.777 0.178 
   3 L X   0.002 0.000 0.000 0.020 0.001 0.004 0.782 0.190 
   4 R X   0.002 0.000 0.000 0.016 0.001 0.004 0.780 0.197 
   5 H X   0.002 0.001 0.000 0.014 0.001 0.005 0.775 0.203 
   6 W X   0.003 0.001 0.000 0.013 0.001 0.006 0.766 0.210 
   7 G X   0.003 0.001 0.000 0.013 0.002 0.006 0.757 0.218 
   8 M X   0.004 0.002 0.000 0.012 0.002 0.007 0.746 0.228 
   9 A X   0.004 0.002 0.000 0.012 0.002 0.006 0.734 0.240 
  10 R X   0.003 0.003 0.000 0.011 0.002 0.006 0.721 0.253 
  11 G X   0.003 0.003 0.000 0.009 0.002 0.006 0.707 0.269 
  12 S X   0.003 0.003 0.000 0.007 0.002 0.005 0.693 0.286 
  13 K X   0.003 0.004 0.000 0.006 0.002 0.005 0.678 0.303 
  14 P X   0.002 0.004 0.000 0.005 0.002 0.005 0.662 0.319 
  15 V X   0.003 0.006 0.000 0.005 0.002 0.006 0.644 0.335 
  16 G X   0.003 0.008 0.000 0.006 0.002 0.007 0.624 0.350 
  17 D X   0.004 0.013 0.000 0.008 0.003 0.009 0.599 0.363 
  18 G X   0.005 0.024 0.001 0.011 0.005 0.013 0.569 0.373 
  19 A X   0.006 0.045 0.001 0.017 0.007 0.017 0.531 0.376 
  20 Q X   0.007 0.077 0.002 0.026 0.011 0.022 0.485 0.371 
  21 P X   0.008 0.122 0.002 0.034 0.015 0.026 0.435 0.358 
  22 M X   0.009 0.172 0.002 0.043 0.019 0.029 0.385 0.341 
  23 A X   0.010 0.220 0.002 0.050 0.021 0.031 0.340 0.325 
  24 A _   0.010 0.260 0.002 0.055 0.023 0.033 0.304 0.313 
  25 M _   0.011 0.289 0.002 0.059 0.024 0.033 0.274 0.307 
  26 G E   0.012 0.309 0.002 0.062 0.025 0.033 0.251 0.307 
  27 G E   0.012 0.320 0.002 0.063 0.025 0.033 0.232 0.311 
  28 L E   0.014 0.325 0.002 0.063 0.025 0.032 0.218 0.322 
  29 K _   0.015 0.325 0.002 0.060 0.024 0.031 0.206 0.337 
  30 V _   0.015 0.317 0.002 0.057 0.023 0.030 0.197 0.360 
  31 L _   0.016 0.302 0.002 0.051 0.021 0.028 0.190 0.390 
  32 L _   0.016 0.278 0.002 0.045 0.019 0.026 0.184 0.431 
  33 H _   0.016 0.243 0.002 0.037 0.016 0.024 0.179 0.483 
  34 W _   0.017 0.201 0.002 0.030 0.014 0.023 0.174 0.540 
  35 A _   0.016 0.157 0.001 0.024 0.012 0.021 0.170 0.598 
  36 G _   0.015 0.119 0.001 0.019 0.010 0.020 0.167 0.650 
  37 P _   0.014 0.089 0.001 0.015 0.008 0.019 0.163 0.691 
  38 G _   0.013 0.068 0.001 0.013 0.007 0.018 0.159 0.721 
  39 G _   0.012 0.054 0.001 0.013 0.006 0.017 0.155 0.741 
  40 G _   0.012 0.044 0.001 0.013 0.006 0.017 0.151 0.756 
  41 E _   0.012 0.036 0.001 0.013 0.006 0.017 0.147 0.768 
  42 P _   0.012 0.029 0.001 0.013 0.006 0.017 0.142 0.779 
  43 W _   0.013 0.023 0.001 0.013 0.006 0.017 0.138 0.790 
  44 V _   0.015 0.016 0.001 0.011 0.006 0.017 0.134 0.801 
  45 T _   0.018 0.010 0.001 0.009 0.005 0.018 0.129 0.810 
  46 F _   0.023 0.006 0.001 0.007 0.005 0.019 0.124 0.816 
  47 S _   0.032 0.003 0.001 0.005 0.005 0.021 0.118 0.816 
  48 E _   0.047 0.001 0.001 0.004 0.006 0.024 0.112 0.806 
  49 S _   0.071 0.000 0.001 0.003 0.007 0.028 0.105 0.784 
  50 S _   0.106 0.000 0.001 0.003 0.011 0.034 0.098 0.746 
  51 L _   0.153 0.000 0.001 0.003 0.017 0.042 0.090 0.693 
  52 T _   0.208 0.000 0.001 0.004 0.025 0.049 0.083 0.629 
  53 A _   0.262 0.001 0.002 0.006 0.034 0.056 0.077 0.563 
  54 E _   0.309 0.001 0.002 0.008 0.044 0.060 0.072 0.505 
  55 E _   0.346 0.002 0.002 0.010 0.051 0.062 0.068 0.459 
  56 V _   0.372 0.002 0.003 0.012 0.055 0.063 0.065 0.428 
  57 C _   0.388 0.003 0.003 0.013 0.056 0.061 0.063 0.414 
  58 I _   0.391 0.003 0.003 0.013 0.054 0.058 0.062 0.416 
  59 H _   0.385 0.003 0.002 0.012 0.050 0.054 0.062 0.431 
  60 I _   0.368 0.002 0.002 0.010 0.043 0.050 0.062 0.461 
  61 A _   0.341 0.001 0.002 0.008 0.035 0.046 0.062 0.504 
  62 H _   0.307 0.001 0.002 0.006 0.027 0.041 0.063 0.553 
  63 K _   0.269 0.000 0.001 0.005 0.019 0.037 0.064 0.604 
  64 V _   0.232 0.000 0.001 0.003 0.014 0.034 0.065 0.650 
  65 G _   0.200 0.000 0.001 0.003 0.010 0.032 0.066 0.688 
  66 I _   0.174 0.000 0.001 0.002 0.008 0.031 0.067 0.717 
  67 T _   0.153 0.000 0.001 0.002 0.008 0.031 0.068 0.736 
  68 P _   0.138 0.000 0.001 0.003 0.009 0.033 0.069 0.747 
  69 P _   0.128 0.001 0.001 0.004 0.011 0.035 0.070 0.750 
  70 C _   0.119 0.003 0.001 0.007 0.015 0.038 0.071 0.747 
  71 F _   0.111 0.006 0.001 0.012 0.019 0.041 0.071 0.739 
  72 N _   0.102 0.011 0.002 0.018 0.023 0.042 0.073 0.730 
  73 L _   0.094 0.016 0.002 0.024 0.025 0.043 0.074 0.723 
  74 F _   0.085 0.020 0.002 0.029 0.026 0.042 0.076 0.721 
  75 A _   0.075 0.023 0.002 0.032 0.026 0.040 0.078 0.725 
  76 L _   0.065 0.024 0.002 0.032 0.024 0.037 0.080 0.736 
  77 F _   0.056 0.024 0.002 0.030 0.021 0.033 0.083 0.753 
  78 D _   0.048 0.022 0.001 0.027 0.017 0.029 0.086 0.770 
  79 A _   0.040 0.019 0.001 0.023 0.014 0.026 0.089 0.788 
  80 Q _   0.034 0.016 0.001 0.019 0.011 0.022 0.092 0.806 
  81 A _   0.029 0.012 0.001 0.015 0.008 0.019 0.095 0.821 
  82 Q _   0.024 0.009 0.001 0.012 0.006 0.016 0.098 0.834 
  83 V _   0.020 0.006 0.001 0.009 0.005 0.014 0.101 0.844 
  84 W _   0.017 0.004 0.000 0.007 0.004 0.012 0.103 0.852 
  85 L _   0.015 0.003 0.000 0.006 0.003 0.011 0.105 0.857 
  86 P _   0.013 0.002 0.000 0.005 0.003 0.010 0.107 0.860 
  87 P _   0.012 0.001 0.000 0.005 0.003 0.009 0.108 0.862 
  88 N _   0.011 0.001 0.000 0.004 0.002 0.009 0.109 0.862 
  89 H _   0.011 0.001 0.000 0.004 0.002 0.010 0.110 0.862 
  90 I _   0.012 0.001 0.000 0.004 0.002 0.011 0.110 0.860 
  91 L _   0.013 0.001 0.000 0.004 0.003 0.012 0.110 0.857 
  92 E _   0.015 0.001 0.000 0.004 0.003 0.015 0.110 0.852 
  93 I _   0.018 0.001 0.000 0.004 0.004 0.018 0.109 0.845 
  94 P _   0.023 0.002 0.000 0.004 0.005 0.023 0.108 0.834 
  95 R _   0.031 0.004 0.001 0.005 0.007 0.030 0.107 0.815 
  96 D _   0.042 0.009 0.001 0.007 0.012 0.038 0.105 0.787 
  97 A _   0.055 0.018 0.001 0.010 0.019 0.047 0.102 0.748 
  98 S _   0.068 0.034 0.002 0.015 0.029 0.055 0.099 0.697 
  99 L _   0.079 0.060 0.002 0.022 0.039 0.062 0.097 0.638 
 100 M _   0.088 0.093 0.003 0.032 0.048 0.067 0.094 0.575 
 101 L _   0.094 0.124 0.003 0.041 0.054 0.068 0.093 0.523 
 102 Y _   0.096 0.147 0.003 0.050 0.056 0.067 0.092 0.489 
 103 F _   0.095 0.161 0.003 0.058 0.055 0.063 0.093 0.472 
 104 R _   0.091 0.167 0.003 0.061 0.052 0.059 0.095 0.473 
 105 I _   0.085 0.166 0.003 0.061 0.046 0.053 0.097 0.489 
 106 R _   0.076 0.159 0.002 0.057 0.039 0.047 0.101 0.519 
 107 F _   0.067 0.145 0.002 0.049 0.031 0.040 0.105 0.561 
 108 Y _   0.057 0.122 0.002 0.039 0.023 0.033 0.110 0.615 
 109 F _   0.046 0.092 0.002 0.029 0.016 0.027 0.116 0.674 
 110 R _   0.036 0.062 0.001 0.020 0.010 0.021 0.121 0.729 
 111 N _   0.027 0.038 0.001 0.013 0.006 0.016 0.125 0.773 
 112 W _   0.020 0.023 0.001 0.008 0.004 0.012 0.128 0.804 
 113 H _   0.015 0.015 0.000 0.005 0.003 0.009 0.129 0.824 
 114 G _   0.011 0.010 0.000 0.004 0.002 0.008 0.130 0.835 
 115 M _   0.008 0.009 0.000 0.003 0.002 0.007 0.130 0.840 
 116 N _   0.007 0.009 0.000 0.004 0.002 0.006 0.130 0.843 
 117 P _   0.007 0.009 0.000 0.004 0.002 0.007 0.129 0.842 
 118 R _   0.007 0.011 0.000 0.006 0.002 0.007 0.127 0.839 
 119 E _   0.007 0.015 0.000 0.009 0.003 0.008 0.125 0.833 
 120 P _   0.007 0.020 0.000 0.012 0.004 0.009 0.122 0.825 
 121 A _   0.007 0.027 0.001 0.016 0.005 0.010 0.120 0.815 
 122 V _   0.007 0.033 0.001 0.020 0.005 0.010 0.117 0.807 
 123 Y _   0.007 0.038 0.001 0.022 0.005 0.011 0.115 0.802 
 124 R _   0.007 0.041 0.001 0.023 0.005 0.010 0.113 0.800 
 125 C _   0.007 0.043 0.001 0.022 0.005 0.010 0.112 0.802 
 126 G _   0.006 0.043 0.001 0.019 0.004 0.009 0.110 0.807 
 127 P _   0.006 0.043 0.000 0.016 0.004 0.008 0.109 0.814 
 128 P _   0.005 0.042 0.000 0.013 0.003 0.008 0.108 0.821 
 129 G _   0.005 0.041 0.000 0.010 0.003 0.007 0.106 0.827 
 130 T _   0.005 0.041 0.000 0.008 0.002 0.007 0.104 0.833 
 131 E _   0.005 0.041 0.000 0.007 0.002 0.007 0.102 0.836 
 132 A _   0.004 0.044 0.000 0.007 0.002 0.007 0.100 0.836 
 133 S _   0.004 0.048 0.000 0.007 0.002 0.007 0.097 0.834 
 134 S _   0.005 0.055 0.000 0.009 0.003 0.008 0.093 0.826 
 135 D _   0.005 0.068 0.001 0.012 0.004 0.010 0.088 0.813 
 136 Q _   0.006 0.087 0.001 0.016 0.005 0.011 0.083 0.792 
 137 T _   0.006 0.110 0.001 0.020 0.006 0.012 0.077 0.767 
 138 A _   0.006 0.135 0.001 0.024 0.007 0.014 0.072 0.741 
 139 Q _   0.006 0.157 0.001 0.027 0.007 0.014 0.067 0.721 
 140 G _   0.006 0.174 0.001 0.029 0.008 0.015 0.062 0.706 
 141 M _   0.006 0.187 0.001 0.028 0.008 0.015 0.059 0.697 
 142 Q _   0.006 0.195 0.001 0.027 0.007 0.015 0.055 0.693 
 143 L _   0.006 0.200 0.001 0.025 0.007 0.015 0.052 0.692 
 144 L _   0.007 0.204 0.001 0.023 0.007 0.016 0.050 0.693 
 145 D _   0.007 0.207 0.001 0.022 0.007 0.016 0.048 0.693 
 146 P _   0.008 0.209 0.001 0.022 0.008 0.017 0.045 0.690 
 147 A _   0.009 0.212 0.001 0.023 0.009 0.018 0.043 0.685 
 148 S _   0.010 0.215 0.001 0.025 0.010 0.019 0.041 0.679 
 149 F _   0.011 0.217 0.001 0.028 0.011 0.019 0.040 0.673 
 150 E _   0.011 0.217 0.001 0.031 0.011 0.020 0.038 0.669 
 151 Y _   0.012 0.215 0.001 0.033 0.012 0.019 0.037 0.672 
 152 L _   0.012 0.208 0.001 0.033 0.011 0.019 0.036 0.681 
 153 F _   0.012 0.195 0.001 0.030 0.011 0.018 0.035 0.697 
 154 E _   0.012 0.177 0.001 0.026 0.010 0.017 0.035 0.722 
 155 Q _   0.012 0.153 0.001 0.021 0.009 0.017 0.035 0.753 
 156 G _   0.012 0.128 0.001 0.016 0.008 0.016 0.034 0.785 
 157 K _   0.012 0.107 0.001 0.012 0.006 0.016 0.034 0.813 
 158 H _   0.012 0.092 0.001 0.009 0.005 0.016 0.034 0.832 
 159 E _   0.012 0.083 0.001 0.008 0.005 0.016 0.033 0.841 
 160 F _   0.013 0.079 0.001 0.008 0.005 0.017 0.033 0.844 
 161 V _   0.014 0.078 0.001 0.009 0.006 0.019 0.032 0.841 
 162 N _   0.016 0.079 0.001 0.011 0.007 0.021 0.031 0.834 
 163 D _   0.018 0.082 0.001 0.014 0.009 0.022 0.030 0.823 
 164 V _   0.020 0.087 0.001 0.018 0.011 0.024 0.029 0.811 
 165 A _   0.021 0.091 0.001 0.022 0.013 0.026 0.028 0.798 
 166 S _   0.023 0.094 0.001 0.026 0.014 0.026 0.027 0.789 
 167 L _   0.024 0.095 0.001 0.028 0.015 0.027 0.026 0.784 
 168 W _   0.024 0.094 0.001 0.030 0.016 0.027 0.025 0.783 
 169 E _   0.024 0.091 0.001 0.031 0.016 0.026 0.024 0.786 
 170 L _   0.024 0.086 0.001 0.031 0.015 0.025 0.024 0.794 
 171 S _   0.024 0.078 0.001 0.029 0.014 0.023 0.023 0.807 
 172 T _   0.024 0.068 0.001 0.026 0.012 0.022 0.023 0.824 
 173 E _   0.024 0.054 0.001 0.022 0.010 0.020 0.023 0.845 
 174 E _   0.025 0.039 0.001 0.018 0.008 0.017 0.023 0.869 
 175 E _   0.028 0.024 0.001 0.013 0.006 0.015 0.022 0.891 
 176 I _   0.032 0.013 0.001 0.008 0.005 0.013 0.022 0.907 
 177 H _   0.039 0.005 0.000 0.005 0.004 0.012 0.021 0.913 
 178 H _   0.052 0.002 0.000 0.003 0.003 0.011 0.020 0.909 
 179 F _   0.074 0.000 0.000 0.002 0.003 0.011 0.018 0.891 
 180 K _   0.111 0.000 0.000 0.002 0.004 0.012 0.016 0.854 
 181 N _   0.172 0.000 0.001 0.001 0.005 0.014 0.014 0.793 
 182 E _   0.257 0.000 0.001 0.001 0.008 0.017 0.012 0.705 
 183 S _   0.363 0.000 0.001 0.001 0.011 0.019 0.009 0.595 
 184 L _   0.476 0.000 0.001 0.002 0.015 0.021 0.007 0.477 
 185 G H   0.581 0.000 0.001 0.002 0.019 0.022 0.006 0.369 
 186 M H   0.665 0.000 0.002 0.002 0.023 0.022 0.004 0.282 
 187 A H   0.725 0.000 0.001 0.002 0.025 0.021 0.004 0.222 
 188 F H   0.766 0.000 0.001 0.002 0.025 0.019 0.003 0.183 
 189 L H   0.789 0.000 0.001 0.001 0.025 0.018 0.003 0.162 
 190 H H   0.800 0.000 0.001 0.001 0.025 0.016 0.003 0.153 
 191 L H   0.798 0.000 0.001 0.001 0.024 0.015 0.003 0.156 
 192 C H   0.785 0.000 0.001 0.001 0.023 0.015 0.004 0.171 
 193 H H   0.760 0.000 0.001 0.001 0.021 0.014 0.004 0.198 
 194 L H   0.722 0.000 0.001 0.001 0.019 0.014 0.005 0.236 
 195 A H   0.672 0.000 0.001 0.001 0.017 0.014 0.007 0.287 
 196 L H   0.612 0.000 0.001 0.002 0.015 0.015 0.009 0.346 
 197 R H   0.541 0.000 0.001 0.002 0.014 0.015 0.011 0.416 
 198 H _   0.466 0.000 0.001 0.002 0.013 0.016 0.014 0.488 
 199 G _   0.392 0.000 0.001 0.003 0.012 0.017 0.017 0.559 
 200 I _   0.323 0.000 0.001 0.004 0.011 0.018 0.020 0.623 
 201 P _   0.260 0.000 0.001 0.006 0.010 0.018 0.023 0.681 
 202 L _   0.204 0.001 0.001 0.008 0.010 0.018 0.026 0.732 
 203 E _   0.157 0.001 0.001 0.009 0.009 0.018 0.029 0.776 
 204 E _   0.118 0.001 0.001 0.010 0.008 0.017 0.032 0.813 
 205 V _   0.086 0.001 0.001 0.010 0.007 0.016 0.034 0.844 
 206 A _   0.062 0.001 0.001 0.009 0.006 0.015 0.036 0.870 
 207 K _   0.044 0.001 0.001 0.008 0.005 0.014 0.038 0.889 
 208 K _   0.032 0.001 0.001 0.007 0.004 0.012 0.039 0.903 
 209 T _   0.024 0.001 0.000 0.006 0.004 0.012 0.040 0.912 
 210 S _   0.019 0.001 0.000 0.006 0.004 0.011 0.041 0.917 
 211 F _   0.016 0.002 0.000 0.006 0.004 0.012 0.042 0.919 
 212 K _   0.014 0.002 0.000 0.006 0.004 0.012 0.043 0.918 
 213 D _   0.013 0.003 0.000 0.007 0.004 0.013 0.044 0.915 
 214 C _   0.013 0.004 0.001 0.008 0.005 0.014 0.045 0.911 
 215 I _   0.014 0.005 0.001 0.010 0.005 0.015 0.045 0.905 
 216 P _   0.014 0.007 0.001 0.011 0.006 0.017 0.046 0.898 
 217 R _   0.015 0.009 0.001 0.013 0.007 0.018 0.046 0.892 
 218 S _   0.015 0.010 0.001 0.014 0.008 0.020 0.047 0.886 
 219 F _   0.016 0.011 0.001 0.014 0.009 0.021 0.047 0.881 
 220 R _   0.017 0.012 0.001 0.014 0.009 0.022 0.048 0.876 
 221 R _   0.018 0.013 0.001 0.014 0.009 0.023 0.049 0.873 
 222 H _   0.019 0.014 0.001 0.014 0.010 0.024 0.050 0.869 
 223 I _   0.020 0.014 0.001 0.013 0.010 0.026 0.050 0.865 
 224 R _   0.022 0.015 0.001 0.013 0.011 0.027 0.051 0.859 
 225 Q _   0.024 0.016 0.001 0.014 0.011 0.028 0.052 0.853 
 226 H _   0.027 0.017 0.001 0.014 0.012 0.030 0.053 0.847 
 227 S _   0.030 0.017 0.001 0.014 0.013 0.031 0.055 0.839 
 228 A _   0.033 0.018 0.001 0.015 0.014 0.032 0.056 0.831 
 229 L _   0.036 0.019 0.001 0.015 0.015 0.033 0.057 0.823 
 230 T _   0.039 0.019 0.001 0.015 0.015 0.034 0.059 0.817 
 231 R _   0.042 0.020 0.001 0.016 0.016 0.035 0.061 0.811 
 232 L _   0.044 0.020 0.001 0.016 0.016 0.035 0.063 0.806 
 233 R _   0.045 0.021 0.001 0.016 0.016 0.034 0.065 0.801 
 234 L _   0.046 0.021 0.001 0.017 0.017 0.034 0.067 0.797 
 235 R _   0.046 0.021 0.001 0.018 0.017 0.033 0.070 0.794 
 236 N _   0.045 0.021 0.001 0.020 0.016 0.031 0.072 0.793 
 237 V _   0.043 0.021 0.001 0.021 0.015 0.030 0.075 0.794 
 238 F _   0.040 0.020 0.001 0.021 0.014 0.027 0.079 0.797 
 239 R _   0.037 0.018 0.001 0.020 0.012 0.025 0.082 0.804 
 240 R _   0.033 0.016 0.001 0.018 0.010 0.022 0.086 0.814 
 241 F _   0.029 0.012 0.001 0.015 0.008 0.019 0.090 0.826 
 242 L _   0.024 0.009 0.001 0.012 0.006 0.016 0.093 0.839 
 243 R _   0.021 0.005 0.001 0.008 0.005 0.014 0.096 0.850 
 244 D _   0.018 0.003 0.000 0.006 0.004 0.013 0.098 0.859 
 245 F _   0.017 0.001 0.000 0.004 0.003 0.012 0.100 0.864 
 246 Q _   0.017 0.001 0.000 0.003 0.002 0.012 0.101 0.865 
 247 P _   0.018 0.000 0.000 0.002 0.002 0.013 0.102 0.862 
 248 G _   0.023 0.000 0.000 0.002 0.003 0.015 0.103 0.854 
 249 R _   0.030 0.000 0.000 0.002 0.004 0.019 0.103 0.841 
 250 L _   0.040 0.001 0.001 0.003 0.006 0.025 0.104 0.821 
 251 S _   0.053 0.001 0.001 0.005 0.010 0.032 0.104 0.794 
 252 Q _   0.068 0.004 0.001 0.008 0.016 0.040 0.104 0.760 
 253 Q _   0.083 0.007 0.001 0.012 0.023 0.047 0.104 0.723 
 254 M _   0.096 0.012 0.002 0.017 0.030 0.053 0.105 0.684 
 255 V _   0.107 0.018 0.002 0.022 0.036 0.057 0.106 0.652 
 256 M _   0.115 0.022 0.002 0.026 0.041 0.060 0.107 0.627 
 257 V _   0.119 0.025 0.002 0.029 0.043 0.060 0.110 0.612 
 258 K _   0.120 0.027 0.002 0.029 0.043 0.059 0.112 0.607 
 259 Y _   0.118 0.026 0.002 0.029 0.041 0.057 0.116 0.611 
 260 L _   0.112 0.025 0.002 0.027 0.037 0.053 0.120 0.623 
 261 A _   0.104 0.022 0.002 0.024 0.033 0.049 0.125 0.640 
 262 T _   0.093 0.019 0.002 0.021 0.027 0.045 0.130 0.663 
 263 L _   0.082 0.015 0.002 0.018 0.021 0.040 0.136 0.687 
 264 E _   0.070 0.011 0.001 0.014 0.016 0.035 0.142 0.710 
 265 R _   0.060 0.008 0.001 0.011 0.012 0.030 0.147 0.730 
 266 L _   0.051 0.005 0.001 0.009 0.009 0.027 0.152 0.747 
 267 A _   0.043 0.003 0.001 0.007 0.007 0.024 0.157 0.760 
 268 P _   0.037 0.002 0.001 0.005 0.005 0.022 0.160 0.768 
 269 R _   0.034 0.001 0.000 0.004 0.004 0.021 0.163 0.772 
 270 F _   0.032 0.001 0.000 0.003 0.004 0.021 0.166 0.772 
 271 G _   0.033 0.001 0.000 0.003 0.004 0.023 0.168 0.767 
 272 T _   0.036 0.001 0.001 0.003 0.005 0.026 0.171 0.757 
 273 E _   0.041 0.002 0.001 0.004 0.007 0.030 0.173 0.742 
 274 R _   0.047 0.005 0.001 0.006 0.011 0.035 0.175 0.721 
 275 V _   0.053 0.011 0.001 0.009 0.016 0.041 0.177 0.691 
 276 P _   0.060 0.022 0.002 0.015 0.023 0.046 0.180 0.653 
 277 V _   0.064 0.039 0.002 0.022 0.030 0.050 0.183 0.610 
 278 C _   0.067 0.058 0.002 0.031 0.035 0.052 0.186 0.568 
 279 H _   0.067 0.075 0.002 0.041 0.039 0.052 0.191 0.533 
 280 L _   0.064 0.088 0.002 0.049 0.040 0.051 0.197 0.509 
 281 R _   0.060 0.094 0.002 0.054 0.039 0.048 0.204 0.498 
 282 L _   0.055 0.097 0.002 0.055 0.036 0.044 0.213 0.498 
 283 L _   0.049 0.095 0.002 0.052 0.031 0.040 0.224 0.508 
 284 A _   0.042 0.089 0.002 0.045 0.025 0.035 0.236 0.526 
 285 Q _   0.036 0.079 0.002 0.037 0.020 0.030 0.249 0.549 
 286 A _   0.030 0.066 0.001 0.029 0.015 0.025 0.262 0.573 
 287 E _   0.025 0.052 0.001 0.021 0.010 0.021 0.275 0.594 
 288 G _   0.021 0.039 0.001 0.016 0.007 0.017 0.288 0.611 
 289 E _   0.017 0.030 0.001 0.012 0.005 0.014 0.299 0.621 
 290 P _   0.014 0.024 0.001 0.010 0.004 0.012 0.309 0.626 
 291 C _   0.012 0.019 0.000 0.009 0.004 0.011 0.318 0.627 
 292 Y _   0.011 0.016 0.000 0.009 0.003 0.010 0.325 0.626 
 293 I _   0.010 0.014 0.000 0.009 0.003 0.009 0.333 0.623 
 294 R _   0.009 0.012 0.000 0.009 0.003 0.008 0.340 0.619 
 295 D _   0.008 0.010 0.000 0.009 0.003 0.007 0.346 0.616 
 296 S _   0.007 0.009 0.000 0.009 0.003 0.007 0.352 0.613 
 297 G _   0.007 0.007 0.000 0.009 0.002 0.006 0.357 0.611 
 298 V _   0.006 0.006 0.000 0.008 0.002 0.006 0.362 0.611 
 299 A _   0.005 0.005 0.000 0.007 0.002 0.005 0.365 0.611 
 300 P _   0.005 0.004 0.000 0.005 0.001 0.004 0.368 0.612 
 301 T _   0.004 0.003 0.000 0.004 0.001 0.004 0.370 0.613 
 302 D _   0.004 0.003 0.000 0.004 0.001 0.004 0.370 0.615 
 303 P _   0.003 0.002 0.000 0.003 0.001 0.003 0.370 0.617 
 304 G _   0.003 0.002 0.000 0.003 0.001 0.003 0.368 0.619 
 305 P _   0.003 0.003 0.000 0.003 0.001 0.004 0.366 0.621 
 306 E _   0.003 0.004 0.000 0.003 0.001 0.005 0.361 0.623 
 307 S _   0.003 0.006 0.000 0.004 0.001 0.006 0.356 0.623 
 308 A _   0.004 0.011 0.000 0.005 0.002 0.008 0.348 0.621 
 309 A _   0.005 0.020 0.000 0.008 0.003 0.012 0.338 0.613 
 310 G _   0.007 0.039 0.001 0.012 0.005 0.016 0.325 0.595 
 311 P _   0.009 0.072 0.001 0.018 0.009 0.022 0.307 0.561 
 312 P _   0.012 0.127 0.002 0.025 0.015 0.028 0.285 0.508 
 313 T _   0.014 0.200 0.002 0.032 0.021 0.033 0.260 0.438 
 314 H _   0.015 0.285 0.003 0.038 0.026 0.036 0.237 0.360 
 315 E E   0.016 0.365 0.003 0.042 0.029 0.037 0.218 0.290 
 316 V E   0.016 0.427 0.002 0.044 0.030 0.037 0.204 0.239 
 317 L E   0.016 0.470 0.002 0.046 0.030 0.036 0.195 0.205 
 318 V E   0.016 0.497 0.002 0.046 0.029 0.035 0.188 0.187 
 319 T E   0.016 0.512 0.002 0.046 0.028 0.033 0.184 0.178 
 320 G E   0.017 0.518 0.001 0.046 0.027 0.032 0.182 0.177 
 321 T E   0.017 0.518 0.001 0.044 0.026 0.030 0.181 0.183 
 322 G E   0.017 0.510 0.001 0.042 0.024 0.028 0.181 0.195 
 323 G E   0.018 0.495 0.002 0.040 0.023 0.026 0.182 0.215 
 324 I E   0.018 0.471 0.002 0.037 0.021 0.024 0.184 0.243 
 325 Q E   0.018 0.435 0.002 0.035 0.019 0.023 0.188 0.281 
 326 W E   0.017 0.389 0.002 0.032 0.016 0.021 0.193 0.329 
 327 W _   0.016 0.336 0.002 0.029 0.014 0.020 0.199 0.383 
 328 P _   0.015 0.283 0.002 0.026 0.012 0.018 0.206 0.438 
 329 V _   0.014 0.233 0.001 0.023 0.010 0.017 0.213 0.490 
 330 E _   0.012 0.190 0.001 0.020 0.008 0.015 0.219 0.535 
 331 E _   0.011 0.156 0.001 0.017 0.006 0.013 0.224 0.572 
 332 E _   0.009 0.129 0.001 0.015 0.005 0.012 0.229 0.600 
 333 V _   0.008 0.109 0.001 0.013 0.004 0.011 0.233 0.621 
 334 N _   0.007 0.093 0.000 0.012 0.003 0.009 0.236 0.637 
 335 K _   0.007 0.080 0.000 0.011 0.003 0.009 0.239 0.651 
 336 E _   0.006 0.070 0.000 0.010 0.003 0.008 0.241 0.662 
 337 E _   0.005 0.062 0.000 0.010 0.002 0.007 0.242 0.671 
 338 G _   0.005 0.055 0.000 0.009 0.002 0.007 0.243 0.679 
 339 S _   0.005 0.049 0.000 0.008 0.002 0.006 0.243 0.686 
 340 S _   0.004 0.045 0.000 0.007 0.002 0.006 0.243 0.693 
 341 G _   0.004 0.041 0.000 0.007 0.002 0.005 0.243 0.698 
 342 S _   0.004 0.039 0.000 0.007 0.002 0.005 0.242 0.701 
 343 S _   0.004 0.038 0.000 0.007 0.002 0.006 0.240 0.704 
 344 G _   0.004 0.038 0.000 0.007 0.002 0.006 0.238 0.705 
 345 R _   0.004 0.039 0.000 0.008 0.002 0.006 0.235 0.705 
 346 N _   0.004 0.041 0.000 0.009 0.002 0.007 0.232 0.704 
 347 P _   0.004 0.044 0.000 0.011 0.003 0.007 0.229 0.702 
 348 Q _   0.004 0.047 0.000 0.014 0.003 0.008 0.225 0.699 
 349 A _   0.004 0.050 0.000 0.016 0.003 0.008 0.222 0.696 
 350 S _   0.004 0.053 0.000 0.018 0.004 0.009 0.218 0.693 
 351 L _   0.004 0.056 0.000 0.020 0.004 0.009 0.215 0.691 
 352 F _   0.004 0.058 0.000 0.021 0.004 0.009 0.212 0.691 
 353 G _   0.004 0.059 0.000 0.021 0.004 0.009 0.210 0.692 
 354 K _   0.004 0.059 0.000 0.021 0.004 0.009 0.208 0.694 
 355 K _   0.005 0.059 0.000 0.021 0.004 0.009 0.206 0.696 
 356 A _   0.005 0.057 0.000 0.020 0.004 0.009 0.205 0.699 
 357 K _   0.005 0.055 0.000 0.019 0.004 0.009 0.205 0.703 
 358 A _   0.005 0.053 0.000 0.018 0.004 0.008 0.205 0.707 
 359 H _   0.005 0.049 0.000 0.017 0.003 0.008 0.205 0.712 
 360 K _   0.005 0.045 0.000 0.015 0.003 0.008 0.205 0.718 
 361 A _   0.006 0.041 0.000 0.013 0.003 0.007 0.205 0.726 
 362 V _   0.005 0.036 0.000 0.011 0.002 0.007 0.205 0.734 
 363 G _   0.005 0.032 0.000 0.008 0.002 0.006 0.204 0.742 
 364 Q _   0.005 0.029 0.000 0.006 0.002 0.006 0.203 0.750 
 365 P _   0.005 0.027 0.000 0.005 0.002 0.006 0.201 0.756 
 366 A _   0.004 0.026 0.000 0.004 0.001 0.006 0.198 0.760 
 367 D _   0.004 0.026 0.000 0.004 0.002 0.007 0.195 0.762 
 368 R _   0.005 0.029 0.000 0.005 0.002 0.008 0.190 0.761 
 369 P _   0.006 0.035 0.000 0.007 0.003 0.010 0.185 0.754 
 370 R _   0.007 0.049 0.001 0.010 0.005 0.014 0.177 0.737 
 371 E _   0.008 0.076 0.001 0.016 0.007 0.017 0.168 0.708 
 372 P _   0.009 0.114 0.001 0.023 0.009 0.020 0.157 0.667 
 373 L _   0.009 0.158 0.001 0.029 0.011 0.022 0.146 0.624 
 374 W _   0.009 0.198 0.001 0.033 0.012 0.023 0.136 0.587 
 375 A _   0.009 0.228 0.001 0.035 0.013 0.024 0.127 0.563 
 376 Y _   0.009 0.249 0.001 0.035 0.013 0.024 0.120 0.549 
 377 F _   0.009 0.262 0.001 0.033 0.013 0.025 0.115 0.543 
 378 C _   0.009 0.271 0.001 0.030 0.013 0.025 0.110 0.540 
 379 D _   0.010 0.277 0.001 0.027 0.013 0.026 0.106 0.539 
 380 F _   0.012 0.281 0.001 0.024 0.013 0.028 0.102 0.539 
 381 R _   0.013 0.285 0.001 0.023 0.014 0.029 0.099 0.536 
 382 D _   0.015 0.289 0.001 0.022 0.015 0.030 0.096 0.531 
 383 I _   0.018 0.293 0.001 0.023 0.016 0.031 0.094 0.525 
 384 T _   0.020 0.298 0.001 0.025 0.017 0.032 0.091 0.517 
 385 H _   0.021 0.302 0.001 0.027 0.018 0.032 0.089 0.509 
 386 V _   0.023 0.305 0.001 0.030 0.019 0.031 0.087 0.503 
 387 V _   0.024 0.306 0.001 0.032 0.019 0.031 0.086 0.501 
 388 L _   0.024 0.303 0.001 0.034 0.019 0.029 0.085 0.504 
 389 K _   0.023 0.296 0.001 0.035 0.019 0.028 0.085 0.513 
 390 E _   0.023 0.283 0.001 0.035 0.018 0.026 0.085 0.529 
 391 H _   0.022 0.263 0.002 0.034 0.016 0.024 0.085 0.554 
 392 C _   0.021 0.235 0.002 0.032 0.015 0.022 0.087 0.587 
 393 V _   0.020 0.198 0.001 0.029 0.013 0.020 0.088 0.632 
 394 S _   0.018 0.154 0.001 0.024 0.011 0.018 0.091 0.684 
 395 I _   0.017 0.110 0.001 0.019 0.008 0.016 0.093 0.736 
 396 H _   0.015 0.071 0.001 0.015 0.006 0.014 0.094 0.784 
 397 R _   0.013 0.042 0.001 0.011 0.005 0.012 0.096 0.822 
 398 Q _   0.011 0.022 0.000 0.007 0.003 0.011 0.096 0.849 
 399 D _   0.010 0.011 0.000 0.005 0.003 0.010 0.096 0.865 
 400 N _   0.009 0.005 0.000 0.004 0.002 0.009 0.095 0.874 
 401 K _   0.010 0.003 0.000 0.004 0.002 0.009 0.094 0.877 
 402 C _   0.013 0.001 0.000 0.003 0.002 0.010 0.093 0.877 
 403 L _   0.017 0.001 0.000 0.004 0.003 0.012 0.091 0.873 
 404 E _   0.025 0.001 0.000 0.004 0.003 0.014 0.088 0.865 
 405 L _   0.038 0.000 0.001 0.004 0.004 0.017 0.085 0.851 
 406 S _   0.059 0.000 0.001 0.005 0.006 0.021 0.080 0.828 
 407 L _   0.089 0.000 0.001 0.005 0.008 0.026 0.076 0.795 
 408 P _   0.131 0.000 0.001 0.005 0.012 0.032 0.070 0.748 
 409 S _   0.187 0.000 0.001 0.005 0.017 0.038 0.065 0.687 
 410 R _   0.251 0.000 0.002 0.004 0.023 0.043 0.059 0.617 
 411 A _   0.319 0.000 0.002 0.005 0.031 0.048 0.055 0.541 
 412 A _   0.384 0.000 0.002 0.005 0.039 0.051 0.051 0.468 
 413 A H   0.441 0.001 0.002 0.005 0.045 0.053 0.049 0.405 
 414 L H   0.485 0.001 0.002 0.006 0.049 0.053 0.047 0.356 
 415 S H   0.517 0.002 0.002 0.007 0.052 0.051 0.046 0.323 
 416 F H   0.535 0.002 0.002 0.008 0.052 0.049 0.046 0.305 
 417 V H   0.539 0.003 0.002 0.009 0.051 0.047 0.047 0.303 
 418 S H   0.531 0.003 0.002 0.009 0.048 0.044 0.048 0.313 
 419 L H   0.509 0.003 0.002 0.010 0.045 0.041 0.050 0.339 
 420 V H   0.473 0.003 0.002 0.011 0.039 0.038 0.053 0.380 
 421 D _   0.423 0.003 0.002 0.012 0.033 0.034 0.057 0.434 
 422 G _   0.363 0.003 0.002 0.013 0.026 0.030 0.062 0.501 
 423 Y _   0.297 0.002 0.002 0.012 0.020 0.026 0.067 0.574 
 424 F _   0.231 0.002 0.001 0.010 0.013 0.022 0.072 0.649 
 425 R _   0.169 0.001 0.001 0.008 0.009 0.017 0.076 0.719 
 426 L _   0.115 0.001 0.001 0.006 0.006 0.014 0.079 0.780 
 427 T _   0.073 0.000 0.000 0.004 0.003 0.010 0.082 0.826 
 428 A _   0.044 0.000 0.000 0.003 0.002 0.008 0.083 0.858 
 429 D _   0.027 0.000 0.000 0.002 0.002 0.007 0.084 0.878 
 430 S _   0.018 0.000 0.000 0.002 0.002 0.007 0.084 0.888 
 431 S _   0.013 0.000 0.000 0.002 0.002 0.007 0.084 0.892 
 432 H _   0.011 0.001 0.000 0.003 0.002 0.008 0.083 0.892 
 433 Y _   0.010 0.002 0.000 0.005 0.003 0.009 0.082 0.889 
 434 L _   0.010 0.005 0.000 0.007 0.004 0.011 0.081 0.882 
 435 C _   0.010 0.010 0.001 0.011 0.005 0.013 0.079 0.871 
 436 H _   0.011 0.016 0.001 0.015 0.006 0.015 0.077 0.859 
 437 E _   0.012 0.022 0.001 0.019 0.008 0.017 0.074 0.847 
 438 V _   0.012 0.028 0.001 0.022 0.009 0.019 0.072 0.837 
 439 A _   0.013 0.033 0.001 0.024 0.010 0.020 0.070 0.830 
 440 P _   0.013 0.036 0.001 0.025 0.011 0.020 0.069 0.824 
 441 P _   0.014 0.039 0.001 0.026 0.012 0.021 0.067 0.821 
 442 R _   0.015 0.040 0.001 0.025 0.012 0.021 0.066 0.820 
 443 L _   0.016 0.040 0.001 0.024 0.011 0.021 0.066 0.821 
 444 V _   0.016 0.039 0.001 0.023 0.011 0.020 0.066 0.824 
 445 M _   0.016 0.037 0.001 0.020 0.010 0.019 0.066 0.830 
 446 S _   0.016 0.035 0.001 0.017 0.009 0.018 0.066 0.839 
 447 I _   0.016 0.032 0.001 0.014 0.007 0.017 0.066 0.847 
 448 R _   0.015 0.029 0.001 0.012 0.006 0.016 0.066 0.855 
 449 D _   0.015 0.026 0.001 0.010 0.006 0.016 0.066 0.862 
 450 G _   0.015 0.025 0.001 0.008 0.005 0.015 0.066 0.866 
 451 I _   0.015 0.024 0.001 0.008 0.005 0.015 0.065 0.867 
 452 H _   0.015 0.025 0.001 0.009 0.005 0.016 0.065 0.865 
 453 G _   0.016 0.026 0.001 0.010 0.006 0.017 0.065 0.859 
 454 P _   0.017 0.029 0.001 0.013 0.008 0.018 0.064 0.851 
 455 L _   0.017 0.032 0.001 0.017 0.009 0.019 0.064 0.842 
 456 L _   0.017 0.035 0.001 0.021 0.010 0.019 0.064 0.834 
 457 E _   0.017 0.037 0.001 0.024 0.010 0.019 0.064 0.829 
 458 P _   0.016 0.037 0.001 0.025 0.010 0.018 0.064 0.828 
 459 F _   0.015 0.037 0.001 0.025 0.009 0.017 0.064 0.832 
 460 V _   0.014 0.035 0.001 0.022 0.008 0.016 0.065 0.839 
 461 Q _   0.013 0.031 0.001 0.019 0.007 0.014 0.065 0.850 
 462 A _   0.011 0.026 0.001 0.015 0.006 0.013 0.066 0.862 
 463 K _   0.010 0.021 0.001 0.011 0.005 0.012 0.067 0.874 
 464 L _   0.010 0.017 0.000 0.008 0.004 0.011 0.067 0.882 
 465 R _   0.009 0.015 0.000 0.007 0.003 0.011 0.068 0.887 
 466 P _   0.009 0.013 0.000 0.007 0.003 0.011 0.068 0.888 
 467 E _   0.009 0.013 0.000 0.007 0.004 0.012 0.068 0.886 
 468 D _   0.010 0.013 0.001 0.009 0.005 0.013 0.068 0.881 
 469 G _   0.011 0.014 0.001 0.012 0.005 0.014 0.068 0.875 
 470 L _   0.012 0.015 0.001 0.014 0.006 0.015 0.068 0.869 
 471 Y _   0.012 0.015 0.001 0.016 0.007 0.016 0.068 0.865 
 472 L _   0.012 0.016 0.001 0.016 0.007 0.017 0.069 0.864 
 473 I _   0.012 0.015 0.001 0.015 0.006 0.017 0.069 0.866 
 474 H _   0.012 0.014 0.001 0.012 0.006 0.017 0.069 0.869 
 475 W _   0.013 0.012 0.001 0.010 0.005 0.018 0.069 0.873 
 476 S _   0.014 0.011 0.001 0.007 0.005 0.019 0.068 0.874 
 477 T _   0.017 0.011 0.001 0.006 0.005 0.021 0.068 0.871 
 478 S _   0.021 0.012 0.001 0.006 0.007 0.024 0.068 0.863 
 479 H _   0.026 0.014 0.001 0.007 0.009 0.029 0.067 0.846 
 480 P _   0.033 0.021 0.001 0.011 0.014 0.034 0.066 0.819 
 481 Y _   0.040 0.035 0.001 0.018 0.020 0.039 0.066 0.781 
 482 R _   0.045 0.055 0.002 0.029 0.026 0.043 0.065 0.735 
 483 L _   0.049 0.075 0.002 0.041 0.030 0.044 0.064 0.695 
 484 I _   0.050 0.090 0.002 0.051 0.032 0.044 0.064 0.667 
 485 L _   0.049 0.098 0.002 0.057 0.031 0.042 0.065 0.657 
 486 T _   0.046 0.100 0.002 0.057 0.029 0.039 0.066 0.662 
 487 V _   0.042 0.097 0.002 0.052 0.025 0.034 0.068 0.680 
 488 A _   0.037 0.088 0.002 0.044 0.020 0.030 0.070 0.709 
 489 Q _   0.032 0.074 0.001 0.033 0.015 0.025 0.073 0.747 
 490 R _   0.026 0.056 0.001 0.023 0.011 0.021 0.075 0.787 
 491 S _   0.022 0.038 0.001 0.015 0.007 0.017 0.078 0.823 
 492 Q _   0.018 0.024 0.001 0.010 0.005 0.014 0.079 0.850 
 493 A _   0.014 0.016 0.000 0.007 0.004 0.012 0.081 0.866 
 494 P _   0.012 0.012 0.000 0.005 0.003 0.010 0.082 0.876 
 495 D _   0.011 0.010 0.000 0.005 0.003 0.009 0.082 0.880 
 496 G _   0.010 0.009 0.000 0.005 0.003 0.009 0.082 0.881 
 497 M _   0.010 0.009 0.000 0.007 0.003 0.009 0.082 0.880 
 498 Q _   0.010 0.010 0.000 0.008 0.003 0.010 0.082 0.877 
 499 S _   0.009 0.011 0.000 0.010 0.004 0.010 0.081 0.874 
 500 L _   0.009 0.011 0.001 0.012 0.004 0.010 0.081 0.872 
 501 R _   0.009 0.012 0.001 0.013 0.004 0.010 0.081 0.872 
 502 L _   0.008 0.012 0.000 0.012 0.004 0.010 0.080 0.873 
 503 R _   0.008 0.012 0.000 0.012 0.004 0.009 0.080 0.876 
 504 K _   0.007 0.012 0.000 0.010 0.004 0.009 0.079 0.879 
 505 F _   0.007 0.011 0.000 0.009 0.003 0.008 0.079 0.883 
 506 P _   0.007 0.011 0.000 0.007 0.003 0.008 0.078 0.886 
 507 I _   0.006 0.011 0.000 0.007 0.003 0.008 0.077 0.888 
 508 E _   0.007 0.012 0.000 0.007 0.003 0.009 0.076 0.887 
 509 Q _   0.007 0.014 0.000 0.007 0.003 0.010 0.074 0.884 
 510 Q _   0.008 0.017 0.000 0.010 0.004 0.012 0.073 0.877 
 511 D _   0.008 0.022 0.001 0.013 0.005 0.014 0.071 0.866 
 512 G _   0.009 0.028 0.001 0.019 0.007 0.016 0.069 0.852 
 513 A _   0.010 0.035 0.001 0.025 0.009 0.018 0.067 0.837 
 514 F _   0.010 0.040 0.001 0.030 0.010 0.019 0.065 0.825 
 515 V _   0.011 0.044 0.001 0.034 0.011 0.020 0.063 0.816 
 516 L _   0.011 0.045 0.001 0.035 0.011 0.021 0.062 0.814 
 517 E _   0.011 0.044 0.001 0.034 0.011 0.021 0.061 0.818 
 518 G _   0.011 0.041 0.001 0.029 0.010 0.021 0.060 0.827 
 519 W _   0.012 0.035 0.001 0.023 0.009 0.021 0.060 0.840 
 520 G _   0.013 0.028 0.001 0.017 0.007 0.021 0.060 0.853 
 521 R _   0.016 0.021 0.001 0.011 0.006 0.023 0.060 0.862 
 522 S _   0.019 0.017 0.001 0.008 0.006 0.025 0.059 0.866 
 523 F _   0.024 0.014 0.001 0.006 0.006 0.028 0.059 0.862 
 524 P _   0.032 0.013 0.001 0.005 0.008 0.033 0.058 0.849 
 525 S _   0.044 0.015 0.001 0.006 0.011 0.039 0.058 0.827 
 526 V _   0.058 0.019 0.001 0.008 0.017 0.047 0.057 0.793 
 527 R _   0.074 0.030 0.002 0.013 0.025 0.054 0.056 0.747 
 528 E _   0.089 0.048 0.002 0.019 0.035 0.061 0.054 0.692 
 529 L _   0.101 0.070 0.003 0.027 0.043 0.065 0.053 0.638 
 530 G _   0.109 0.092 0.003 0.035 0.050 0.067 0.053 0.591 
 531 A _   0.115 0.108 0.003 0.042 0.053 0.066 0.053 0.560 
 532 A _   0.117 0.118 0.003 0.047 0.054 0.064 0.053 0.545 
 533 L _   0.115 0.122 0.003 0.049 0.052 0.060 0.054 0.544 
 534 Q _   0.110 0.121 0.003 0.049 0.048 0.055 0.056 0.558 
 535 G _   0.102 0.116 0.002 0.045 0.041 0.050 0.059 0.585 
 536 C _   0.091 0.104 0.002 0.039 0.033 0.043 0.062 0.625 
 537 L _   0.078 0.087 0.002 0.032 0.025 0.037 0.065 0.674 
 538 L _   0.064 0.065 0.002 0.023 0.018 0.031 0.069 0.728 
 539 R _   0.052 0.044 0.001 0.016 0.012 0.025 0.072 0.777 
 540 A _   0.040 0.028 0.001 0.011 0.008 0.020 0.075 0.818 
 541 G _   0.030 0.018 0.001 0.007 0.005 0.016 0.077 0.847 
 542 D _   0.023 0.012 0.000 0.005 0.003 0.014 0.079 0.864 
 543 D _   0.018 0.010 0.000 0.004 0.003 0.012 0.080 0.873 
 544 C _   0.015 0.009 0.000 0.005 0.003 0.011 0.080 0.876 
 545 F _   0.013 0.010 0.000 0.006 0.003 0.011 0.081 0.876 
 546 S _   0.012 0.011 0.000 0.007 0.004 0.012 0.081 0.872 
 547 L _   0.012 0.014 0.001 0.010 0.004 0.012 0.081 0.866 
 548 R _   0.011 0.017 0.001 0.013 0.005 0.013 0.081 0.860 
 549 R _   0.010 0.020 0.001 0.015 0.006 0.013 0.081 0.854 
 550 C _   0.010 0.022 0.001 0.016 0.006 0.013 0.081 0.851 
 551 C _   0.009 0.024 0.001 0.016 0.006 0.012 0.081 0.851 
 552 L _   0.009 0.025 0.001 0.014 0.005 0.012 0.082 0.852 
 553 P _   0.009 0.025 0.001 0.012 0.005 0.012 0.082 0.854 
 554 Q _   0.009 0.026 0.001 0.010 0.004 0.012 0.083 0.856 
 555 P _   0.009 0.027 0.000 0.008 0.004 0.012 0.083 0.856 
 556 G _   0.009 0.028 0.000 0.008 0.004 0.013 0.083 0.853 
 557 E _   0.010 0.032 0.001 0.009 0.005 0.014 0.084 0.846 
 558 T _   0.012 0.039 0.001 0.011 0.006 0.016 0.084 0.832 
 559 S _   0.013 0.050 0.001 0.015 0.008 0.019 0.084 0.811 
 560 N _   0.015 0.065 0.001 0.020 0.011 0.021 0.084 0.783 
 561 L _   0.016 0.083 0.001 0.027 0.013 0.022 0.084 0.754 
 562 I _   0.017 0.100 0.001 0.034 0.014 0.023 0.084 0.727 
 563 I _   0.016 0.112 0.001 0.039 0.015 0.023 0.085 0.709 
 564 M _   0.016 0.118 0.001 0.041 0.015 0.022 0.086 0.700 
 565 R _   0.015 0.120 0.001 0.040 0.014 0.021 0.088 0.701 
 566 G _   0.014 0.118 0.001 0.036 0.012 0.019 0.090 0.709 
 567 A _   0.013 0.113 0.001 0.030 0.010 0.018 0.093 0.721 
 568 R _   0.012 0.105 0.001 0.024 0.009 0.016 0.096 0.737 
 569 A _   0.011 0.096 0.001 0.018 0.007 0.014 0.099 0.754 
 570 S _   0.010 0.087 0.001 0.014 0.006 0.013 0.103 0.767 
 571 P _   0.010 0.080 0.001 0.011 0.005 0.012 0.106 0.776 
 572 R _   0.009 0.075 0.000 0.010 0.004 0.012 0.109 0.781 
 573 T _   0.009 0.072 0.000 0.009 0.004 0.012 0.112 0.782 
 574 L _   0.009 0.071 0.000 0.010 0.004 0.011 0.114 0.780 
 575 N _   0.009 0.071 0.001 0.010 0.004 0.012 0.117 0.777 
 576 L _   0.009 0.071 0.001 0.011 0.005 0.012 0.119 0.772 
 577 S _   0.009 0.072 0.001 0.012 0.005 0.012 0.122 0.769 
 578 Q _   0.008 0.072 0.001 0.013 0.005 0.012 0.124 0.766 
 579 L _   0.008 0.073 0.001 0.012 0.005 0.012 0.126 0.763 
 580 S _   0.008 0.073 0.001 0.012 0.005 0.012 0.129 0.761 
 581 F _   0.008 0.073 0.001 0.011 0.005 0.012 0.131 0.759 
 582 H _   0.008 0.073 0.001 0.011 0.005 0.012 0.134 0.756 
 583 R _   0.009 0.075 0.001 0.011 0.005 0.013 0.136 0.751 
 584 V _   0.009 0.077 0.001 0.012 0.005 0.013 0.139 0.745 
 585 D _   0.010 0.080 0.001 0.012 0.006 0.014 0.142 0.736 
 586 Q _   0.010 0.083 0.001 0.014 0.006 0.015 0.144 0.726 
 587 K _   0.011 0.088 0.001 0.016 0.007 0.016 0.147 0.715 
 588 E _   0.011 0.093 0.001 0.018 0.008 0.016 0.150 0.703 
 589 I _   0.012 0.097 0.001 0.020 0.009 0.017 0.154 0.691 
 590 T _   0.012 0.101 0.001 0.022 0.009 0.017 0.158 0.681 
 591 Q _   0.012 0.103 0.001 0.023 0.009 0.016 0.162 0.673 
 592 L _   0.012 0.103 0.001 0.023 0.009 0.016 0.168 0.668 
 593 S _   0.012 0.103 0.001 0.022 0.009 0.015 0.174 0.666 
 594 H _   0.011 0.100 0.001 0.020 0.008 0.014 0.180 0.666 
 595 L _   0.011 0.096 0.001 0.018 0.007 0.013 0.186 0.668 
 596 G _   0.010 0.092 0.001 0.015 0.006 0.012 0.193 0.671 
 597 Q _   0.009 0.088 0.001 0.012 0.005 0.012 0.200 0.674 
 598 G _   0.009 0.084 0.001 0.011 0.004 0.011 0.206 0.674 
 599 T _   0.008 0.082 0.001 0.010 0.004 0.011 0.212 0.673 
 600 R _   0.008 0.081 0.000 0.010 0.004 0.011 0.218 0.668 
 601 T _   0.008 0.081 0.000 0.011 0.004 0.011 0.223 0.661 
 602 N _   0.008 0.084 0.001 0.014 0.005 0.012 0.229 0.649 
 603 V _   0.008 0.087 0.001 0.018 0.006 0.012 0.234 0.635 
 604 Y _   0.008 0.090 0.001 0.022 0.006 0.013 0.240 0.619 
 605 E _   0.008 0.094 0.001 0.027 0.007 0.013 0.247 0.602 
 606 G _   0.009 0.095 0.001 0.031 0.008 0.013 0.255 0.587 
 607 R _   0.008 0.095 0.001 0.033 0.008 0.013 0.265 0.576 
 608 L _   0.008 0.092 0.001 0.034 0.008 0.013 0.276 0.569 
 609 R _   0.008 0.086 0.001 0.032 0.007 0.012 0.289 0.566 
 610 V _   0.007 0.076 0.001 0.028 0.006 0.011 0.304 0.568 
 611 E _   0.007 0.064 0.001 0.023 0.005 0.010 0.320 0.571 
 612 G _   0.007 0.050 0.001 0.018 0.004 0.009 0.336 0.576 
 613 S _   0.006 0.036 0.000 0.014 0.003 0.007 0.353 0.580 
 614 G _   0.006 0.025 0.000 0.010 0.003 0.007 0.367 0.582 
 615 D _   0.006 0.017 0.000 0.008 0.002 0.006 0.379 0.582 
 616 P _   0.005 0.012 0.000 0.006 0.002 0.005 0.389 0.581 
 617 E _   0.005 0.008 0.000 0.005 0.001 0.005 0.396 0.579 
 618 E _   0.005 0.006 0.000 0.005 0.001 0.004 0.402 0.577 
 619 G _   0.004 0.005 0.000 0.004 0.001 0.004 0.406 0.575 
 620 K _   0.004 0.004 0.000 0.004 0.001 0.004 0.408 0.575 
 621 M _   0.004 0.003 0.000 0.004 0.001 0.004 0.409 0.574 
 622 D _   0.004 0.003 0.000 0.004 0.001 0.004 0.409 0.575 
 623 D _   0.004 0.003 0.000 0.004 0.001 0.004 0.408 0.576 
 624 E _   0.003 0.003 0.000 0.004 0.001 0.004 0.406 0.579 
 625 D _   0.003 0.003 0.000 0.004 0.001 0.004 0.402 0.582 
 626 P _   0.003 0.003 0.000 0.004 0.001 0.004 0.398 0.586 
 627 L _   0.003 0.004 0.000 0.005 0.001 0.005 0.391 0.591 
 628 V _   0.003 0.005 0.000 0.005 0.001 0.005 0.384 0.597 
 629 P _   0.003 0.006 0.000 0.006 0.002 0.006 0.374 0.602 
 630 G _   0.003 0.009 0.000 0.007 0.002 0.007 0.363 0.608 
 631 R _   0.004 0.013 0.000 0.009 0.003 0.009 0.350 0.612 
 632 D _   0.004 0.020 0.000 0.013 0.004 0.011 0.334 0.613 
 633 R _   0.005 0.029 0.001 0.019 0.005 0.014 0.316 0.610 
 634 G _   0.006 0.043 0.001 0.027 0.008 0.017 0.296 0.602 
 635 Q _   0.007 0.058 0.001 0.038 0.010 0.020 0.275 0.590 
 636 E _   0.007 0.073 0.001 0.050 0.013 0.022 0.256 0.579 
 637 L _   0.007 0.083 0.001 0.060 0.014 0.024 0.239 0.571 
 638 R _   0.008 0.090 0.001 0.067 0.015 0.024 0.225 0.569 
 639 V _   0.008 0.092 0.001 0.069 0.015 0.024 0.215 0.576 
 640 V _   0.008 0.090 0.001 0.065 0.014 0.023 0.206 0.592 
 641 L _   0.009 0.083 0.001 0.056 0.013 0.022 0.199 0.617 
 642 K _   0.009 0.070 0.001 0.043 0.011 0.021 0.193 0.651 
 643 V _   0.011 0.051 0.001 0.030 0.009 0.020 0.187 0.691 
 644 L _   0.012 0.031 0.001 0.018 0.007 0.020 0.182 0.729 
 645 D _   0.014 0.015 0.001 0.010 0.005 0.020 0.177 0.758 
 646 P _   0.018 0.006 0.000 0.005 0.004 0.022 0.172 0.772 
 647 S _   0.025 0.003 0.000 0.003 0.004 0.025 0.166 0.773 
 648 H _   0.038 0.002 0.001 0.003 0.006 0.031 0.159 0.762 
 649 H _   0.057 0.002 0.001 0.004 0.009 0.039 0.150 0.738 
 650 D _   0.081 0.003 0.001 0.006 0.017 0.050 0.141 0.700 
 651 I _   0.110 0.008 0.002 0.012 0.028 0.062 0.130 0.649 
 652 A _   0.136 0.016 0.002 0.020 0.041 0.071 0.120 0.595 
 653 L _   0.156 0.026 0.003 0.029 0.051 0.077 0.110 0.548 
 654 A _   0.170 0.033 0.003 0.037 0.059 0.079 0.102 0.517 
 655 F _   0.179 0.037 0.003 0.041 0.062 0.079 0.095 0.504 
 656 Y _   0.182 0.038 0.003 0.042 0.062 0.076 0.090 0.507 
 657 E _   0.182 0.036 0.003 0.039 0.058 0.072 0.085 0.525 
 658 T _   0.178 0.031 0.003 0.033 0.051 0.066 0.082 0.556 
 659 A _   0.171 0.024 0.002 0.025 0.041 0.060 0.079 0.598 
 660 S _   0.164 0.015 0.002 0.017 0.031 0.053 0.076 0.642 
 661 L _   0.155 0.008 0.002 0.010 0.022 0.047 0.074 0.683 
 662 M _   0.146 0.003 0.001 0.006 0.014 0.041 0.072 0.716 
 663 S _   0.141 0.001 0.001 0.003 0.010 0.037 0.070 0.738 
