#TopoPred_TM8: 8-state transmembrane topology prediction results by no_profile mode 
#probabilities are in the order of H E C I L F X _, the 8 transmembrane topology types used in PDBTM 
   1 M X   0.013 0.002 0.002 0.058 0.009 0.009 0.737 0.171 
   2 S X   0.005 0.001 0.000 0.033 0.002 0.004 0.757 0.199 
   3 A X   0.001 0.001 0.000 0.015 0.001 0.002 0.761 0.219 
   4 N X   0.001 0.001 0.000 0.009 0.000 0.002 0.757 0.230 
   5 N X   0.001 0.002 0.000 0.007 0.001 0.003 0.749 0.237 
   6 S X   0.001 0.003 0.000 0.007 0.001 0.005 0.737 0.245 
   7 P X   0.002 0.007 0.000 0.008 0.001 0.007 0.721 0.253 
   8 P X   0.003 0.014 0.000 0.012 0.003 0.010 0.696 0.262 
   9 S X   0.004 0.029 0.001 0.018 0.004 0.014 0.662 0.268 
  10 A X   0.005 0.057 0.001 0.027 0.008 0.019 0.614 0.269 
  11 Q X   0.007 0.104 0.002 0.038 0.012 0.024 0.552 0.263 
  12 K X   0.007 0.167 0.002 0.049 0.017 0.027 0.482 0.249 
  13 S X   0.008 0.240 0.003 0.058 0.020 0.030 0.414 0.228 
  14 V X   0.008 0.311 0.003 0.064 0.023 0.031 0.355 0.206 
  15 L E   0.008 0.372 0.003 0.068 0.024 0.031 0.309 0.186 
  16 P E   0.008 0.419 0.002 0.070 0.024 0.030 0.275 0.172 
  17 T E   0.008 0.454 0.002 0.071 0.024 0.028 0.250 0.164 
  18 A E   0.008 0.475 0.002 0.072 0.023 0.027 0.232 0.161 
  19 I E   0.009 0.487 0.001 0.072 0.022 0.026 0.219 0.164 
  20 P E   0.009 0.491 0.001 0.071 0.021 0.024 0.210 0.173 
  21 A E   0.010 0.487 0.001 0.068 0.019 0.023 0.203 0.188 
  22 V E   0.010 0.475 0.001 0.063 0.018 0.021 0.199 0.213 
  23 L E   0.011 0.449 0.002 0.055 0.016 0.019 0.195 0.252 
  24 P E   0.012 0.406 0.002 0.047 0.014 0.018 0.193 0.308 
  25 A _   0.013 0.344 0.002 0.038 0.013 0.017 0.192 0.382 
  26 A _   0.013 0.270 0.002 0.028 0.010 0.015 0.192 0.470 
  27 S _   0.012 0.202 0.001 0.020 0.008 0.014 0.191 0.552 
  28 P _   0.011 0.152 0.001 0.013 0.005 0.012 0.190 0.617 
  29 C _   0.009 0.122 0.001 0.009 0.004 0.011 0.187 0.658 
  30 S _   0.007 0.107 0.000 0.006 0.003 0.010 0.184 0.682 
  31 S _   0.006 0.101 0.000 0.006 0.002 0.009 0.180 0.695 
  32 P _   0.006 0.099 0.000 0.006 0.002 0.009 0.175 0.702 
  33 K _   0.006 0.101 0.000 0.008 0.003 0.010 0.169 0.702 
  34 T _   0.006 0.106 0.000 0.012 0.004 0.011 0.162 0.699 
  35 G _   0.006 0.114 0.001 0.017 0.005 0.012 0.154 0.691 
  36 L _   0.006 0.123 0.001 0.023 0.006 0.013 0.146 0.682 
  37 S _   0.006 0.132 0.001 0.028 0.007 0.013 0.138 0.674 
  38 A _   0.006 0.139 0.001 0.033 0.008 0.014 0.131 0.670 
  39 R _   0.006 0.142 0.001 0.036 0.008 0.014 0.125 0.669 
  40 L _   0.005 0.143 0.001 0.037 0.008 0.013 0.120 0.672 
  41 S _   0.005 0.141 0.001 0.037 0.008 0.013 0.115 0.679 
  42 N _   0.005 0.136 0.001 0.036 0.008 0.012 0.112 0.690 
  43 G _   0.006 0.127 0.001 0.033 0.007 0.012 0.110 0.704 
  44 S _   0.006 0.115 0.001 0.029 0.007 0.012 0.108 0.722 
  45 F _   0.006 0.100 0.001 0.026 0.006 0.011 0.106 0.744 
  46 S _   0.006 0.081 0.001 0.021 0.006 0.011 0.105 0.768 
  47 A _   0.006 0.062 0.001 0.017 0.005 0.011 0.104 0.794 
  48 P _   0.006 0.043 0.001 0.013 0.004 0.011 0.104 0.818 
  49 S _   0.007 0.027 0.000 0.010 0.003 0.011 0.102 0.839 
  50 L _   0.007 0.016 0.000 0.007 0.003 0.011 0.101 0.853 
  51 T _   0.009 0.009 0.000 0.005 0.003 0.013 0.099 0.862 
  52 N _   0.012 0.006 0.000 0.004 0.003 0.015 0.097 0.864 
  53 S _   0.017 0.004 0.000 0.004 0.003 0.019 0.094 0.859 
  54 R _   0.026 0.003 0.000 0.004 0.005 0.025 0.091 0.845 
  55 G _   0.041 0.003 0.001 0.005 0.008 0.033 0.087 0.822 
  56 S _   0.060 0.005 0.001 0.007 0.014 0.044 0.082 0.787 
  57 V _   0.084 0.008 0.001 0.010 0.023 0.055 0.077 0.740 
  58 H _   0.111 0.014 0.002 0.015 0.035 0.066 0.072 0.685 
  59 T _   0.134 0.022 0.002 0.021 0.048 0.075 0.067 0.631 
  60 V _   0.154 0.030 0.003 0.028 0.059 0.081 0.062 0.584 
  61 S _   0.168 0.037 0.003 0.033 0.066 0.084 0.059 0.551 
  62 F _   0.177 0.040 0.003 0.037 0.069 0.083 0.057 0.534 
  63 L _   0.180 0.042 0.003 0.038 0.068 0.080 0.055 0.534 
  64 L _   0.177 0.040 0.003 0.036 0.063 0.076 0.054 0.551 
  65 Q _   0.168 0.036 0.003 0.032 0.056 0.069 0.053 0.584 
  66 I _   0.155 0.029 0.003 0.025 0.046 0.063 0.053 0.627 
  67 G _   0.138 0.020 0.002 0.019 0.035 0.055 0.053 0.678 
  68 L _   0.119 0.013 0.002 0.013 0.025 0.048 0.052 0.728 
  69 T _   0.100 0.007 0.001 0.009 0.018 0.042 0.052 0.771 
  70 R _   0.083 0.004 0.001 0.007 0.013 0.038 0.052 0.803 
  71 E _   0.068 0.002 0.001 0.006 0.010 0.034 0.052 0.827 
  72 S _   0.057 0.002 0.001 0.006 0.009 0.031 0.051 0.843 
  73 V _   0.048 0.002 0.001 0.007 0.008 0.030 0.051 0.853 
  74 T _   0.042 0.002 0.001 0.009 0.008 0.028 0.050 0.860 
  75 I _   0.038 0.002 0.001 0.010 0.009 0.027 0.049 0.864 
  76 E _   0.035 0.002 0.001 0.011 0.009 0.026 0.049 0.867 
  77 A _   0.033 0.002 0.001 0.011 0.008 0.026 0.048 0.870 
  78 Q _   0.033 0.002 0.001 0.010 0.008 0.025 0.047 0.874 
  79 E _   0.033 0.002 0.001 0.009 0.008 0.025 0.046 0.878 
  80 L _   0.034 0.001 0.001 0.007 0.007 0.025 0.045 0.879 
  81 S _   0.037 0.001 0.001 0.006 0.007 0.026 0.044 0.878 
  82 L _   0.042 0.001 0.001 0.005 0.008 0.027 0.043 0.873 
  83 S _   0.049 0.001 0.001 0.005 0.009 0.029 0.042 0.865 
  84 A _   0.057 0.001 0.001 0.006 0.011 0.031 0.041 0.852 
  85 V _   0.065 0.002 0.001 0.007 0.013 0.034 0.041 0.837 
  86 K _   0.074 0.003 0.001 0.009 0.016 0.037 0.040 0.820 
  87 D _   0.082 0.004 0.001 0.012 0.020 0.039 0.039 0.803 
  88 L _   0.088 0.005 0.001 0.015 0.022 0.040 0.039 0.790 
  89 V _   0.090 0.006 0.002 0.017 0.023 0.040 0.039 0.783 
  90 C _   0.089 0.007 0.002 0.018 0.023 0.039 0.039 0.783 
  91 S _   0.085 0.006 0.002 0.018 0.021 0.038 0.039 0.791 
  92 I _   0.079 0.006 0.001 0.016 0.018 0.035 0.039 0.804 
  93 V _   0.071 0.005 0.001 0.013 0.015 0.033 0.040 0.821 
  94 Y _   0.063 0.004 0.001 0.010 0.012 0.030 0.040 0.840 
  95 Q _   0.055 0.003 0.001 0.008 0.010 0.028 0.040 0.856 
  96 K _   0.047 0.003 0.001 0.006 0.008 0.026 0.040 0.870 
  97 F _   0.041 0.002 0.001 0.005 0.007 0.025 0.040 0.879 
  98 P _   0.037 0.003 0.001 0.005 0.006 0.026 0.040 0.883 
  99 E _   0.035 0.004 0.001 0.006 0.007 0.026 0.040 0.881 
 100 C _   0.034 0.008 0.001 0.008 0.009 0.028 0.039 0.874 
 101 G _   0.035 0.014 0.001 0.011 0.012 0.030 0.039 0.859 
 102 F _   0.034 0.024 0.001 0.017 0.015 0.032 0.038 0.839 
 103 F _   0.033 0.036 0.001 0.024 0.018 0.033 0.037 0.816 
 104 G _   0.032 0.049 0.002 0.032 0.021 0.034 0.036 0.794 
 105 M _   0.031 0.058 0.002 0.040 0.023 0.034 0.036 0.777 
 106 Y _   0.029 0.064 0.002 0.045 0.023 0.033 0.036 0.768 
 107 D _   0.028 0.067 0.002 0.048 0.023 0.031 0.036 0.767 
 108 K _   0.025 0.067 0.002 0.047 0.020 0.028 0.036 0.775 
 109 I _   0.023 0.063 0.001 0.042 0.017 0.025 0.037 0.791 
 110 L _   0.021 0.055 0.001 0.035 0.014 0.022 0.038 0.814 
 111 L _   0.019 0.043 0.001 0.026 0.010 0.019 0.039 0.843 
 112 F _   0.016 0.030 0.001 0.017 0.007 0.016 0.040 0.873 
 113 R _   0.013 0.017 0.001 0.011 0.005 0.013 0.041 0.899 
 114 H _   0.011 0.009 0.000 0.006 0.003 0.012 0.041 0.916 
 115 D _   0.010 0.005 0.000 0.004 0.003 0.011 0.041 0.926 
 116 M _   0.010 0.003 0.000 0.003 0.002 0.011 0.041 0.929 
 117 N _   0.011 0.003 0.000 0.003 0.003 0.013 0.041 0.926 
 118 S _   0.014 0.004 0.000 0.004 0.004 0.016 0.040 0.917 
 119 E _   0.018 0.006 0.001 0.008 0.006 0.020 0.039 0.902 
 120 N _   0.023 0.011 0.001 0.015 0.010 0.024 0.038 0.878 
 121 I _   0.027 0.018 0.001 0.024 0.015 0.029 0.037 0.850 
 122 L _   0.030 0.024 0.001 0.034 0.019 0.032 0.036 0.824 
 123 Q _   0.032 0.028 0.002 0.042 0.021 0.033 0.035 0.807 
 124 L _   0.034 0.030 0.002 0.045 0.022 0.033 0.034 0.801 
 125 I _   0.035 0.029 0.002 0.043 0.020 0.032 0.033 0.806 
 126 T _   0.037 0.025 0.001 0.036 0.018 0.031 0.033 0.819 
 127 S _   0.039 0.019 0.001 0.026 0.015 0.028 0.033 0.838 
 128 A _   0.043 0.012 0.001 0.017 0.011 0.026 0.033 0.857 
 129 D _   0.049 0.006 0.001 0.009 0.008 0.024 0.033 0.870 
 130 E _   0.058 0.002 0.001 0.005 0.006 0.023 0.032 0.874 
 131 I _   0.070 0.000 0.001 0.003 0.005 0.023 0.032 0.866 
 132 H _   0.091 0.000 0.001 0.002 0.005 0.025 0.031 0.846 
 133 E _   0.120 0.000 0.001 0.002 0.006 0.028 0.030 0.813 
 134 G _   0.163 0.000 0.001 0.002 0.009 0.033 0.030 0.762 
 135 D _   0.214 0.000 0.001 0.002 0.015 0.039 0.029 0.700 
 136 L _   0.265 0.000 0.001 0.004 0.022 0.045 0.028 0.635 
 137 V _   0.311 0.001 0.002 0.005 0.031 0.050 0.028 0.572 
 138 E _   0.347 0.002 0.002 0.008 0.041 0.054 0.028 0.518 
 139 V _   0.373 0.004 0.002 0.011 0.048 0.056 0.028 0.478 
 140 V _   0.386 0.005 0.002 0.014 0.052 0.056 0.029 0.455 
 141 L _   0.385 0.007 0.003 0.017 0.053 0.055 0.031 0.450 
 142 S _   0.373 0.007 0.003 0.018 0.051 0.052 0.033 0.464 
 143 A _   0.350 0.007 0.003 0.017 0.046 0.048 0.035 0.493 
 144 L _   0.318 0.006 0.002 0.016 0.039 0.044 0.038 0.537 
 145 A _   0.277 0.004 0.002 0.013 0.031 0.039 0.041 0.593 
 146 T _   0.231 0.003 0.002 0.010 0.022 0.033 0.045 0.654 
 147 V _   0.187 0.002 0.001 0.008 0.016 0.028 0.048 0.710 
 148 E _   0.147 0.001 0.001 0.006 0.011 0.024 0.051 0.759 
 149 D _   0.113 0.001 0.001 0.005 0.008 0.021 0.054 0.798 
 150 F _   0.086 0.000 0.001 0.005 0.006 0.018 0.056 0.827 
 151 Q _   0.066 0.000 0.001 0.005 0.005 0.017 0.058 0.848 
 152 I _   0.050 0.000 0.001 0.005 0.005 0.015 0.060 0.864 
 153 R _   0.039 0.001 0.001 0.006 0.004 0.014 0.062 0.874 
 154 P _   0.030 0.001 0.001 0.006 0.004 0.013 0.063 0.881 
 155 H _   0.024 0.001 0.001 0.007 0.005 0.013 0.064 0.885 
 156 T _   0.021 0.001 0.001 0.008 0.005 0.013 0.065 0.887 
 157 L _   0.017 0.001 0.001 0.009 0.005 0.012 0.066 0.889 
 158 Y _   0.015 0.001 0.001 0.009 0.005 0.012 0.067 0.891 
 159 V _   0.014 0.001 0.001 0.009 0.004 0.012 0.067 0.892 
 160 H _   0.012 0.001 0.000 0.008 0.004 0.012 0.068 0.895 
 161 S _   0.012 0.001 0.000 0.007 0.004 0.012 0.068 0.897 
 162 Y _   0.012 0.001 0.000 0.006 0.003 0.012 0.068 0.898 
 163 K _   0.013 0.000 0.000 0.005 0.003 0.013 0.068 0.898 
 164 A _   0.015 0.000 0.000 0.004 0.003 0.014 0.067 0.896 
 165 P _   0.020 0.000 0.000 0.003 0.003 0.016 0.067 0.890 
 166 T _   0.027 0.000 0.000 0.003 0.004 0.020 0.066 0.879 
 167 F _   0.039 0.000 0.001 0.003 0.006 0.026 0.064 0.861 
 168 C _   0.056 0.001 0.001 0.004 0.009 0.033 0.063 0.833 
 169 D _   0.076 0.003 0.001 0.006 0.016 0.042 0.061 0.796 
 170 Y _   0.099 0.006 0.001 0.008 0.025 0.052 0.060 0.749 
 171 C _   0.123 0.014 0.002 0.013 0.035 0.061 0.058 0.695 
 172 G _   0.144 0.025 0.002 0.019 0.046 0.067 0.057 0.640 
 173 E _   0.159 0.038 0.003 0.026 0.055 0.072 0.056 0.592 
 174 M _   0.170 0.051 0.003 0.032 0.060 0.073 0.055 0.556 
 175 L _   0.172 0.060 0.003 0.038 0.061 0.071 0.056 0.538 
 176 W _   0.169 0.065 0.003 0.042 0.059 0.068 0.057 0.538 
 177 G _   0.160 0.067 0.003 0.042 0.055 0.063 0.058 0.553 
 178 L _   0.146 0.065 0.003 0.040 0.047 0.057 0.060 0.583 
 179 V _   0.127 0.060 0.002 0.036 0.039 0.050 0.062 0.624 
 180 R _   0.107 0.052 0.002 0.030 0.030 0.043 0.064 0.673 
 181 Q _   0.085 0.043 0.002 0.024 0.021 0.036 0.067 0.723 
 182 G _   0.066 0.033 0.001 0.018 0.015 0.029 0.069 0.768 
 183 L _   0.049 0.025 0.001 0.014 0.010 0.024 0.071 0.806 
 184 K _   0.036 0.019 0.001 0.011 0.007 0.019 0.073 0.834 
 185 C _   0.026 0.015 0.001 0.009 0.005 0.016 0.074 0.855 
 186 E _   0.019 0.013 0.000 0.007 0.004 0.013 0.075 0.868 
 187 G _   0.014 0.012 0.000 0.007 0.003 0.011 0.075 0.877 
 188 C _   0.011 0.011 0.000 0.006 0.003 0.010 0.075 0.882 
 189 G _   0.010 0.012 0.000 0.007 0.003 0.010 0.075 0.884 
 190 L _   0.009 0.013 0.000 0.008 0.003 0.009 0.074 0.884 
 191 N _   0.008 0.014 0.000 0.009 0.003 0.010 0.074 0.882 
 192 Y _   0.008 0.016 0.000 0.010 0.004 0.010 0.073 0.879 
 193 H _   0.008 0.019 0.001 0.012 0.004 0.010 0.072 0.874 
 194 K _   0.008 0.022 0.001 0.014 0.005 0.011 0.071 0.868 
 195 R _   0.008 0.026 0.001 0.016 0.005 0.011 0.070 0.864 
 196 C _   0.008 0.028 0.001 0.017 0.005 0.011 0.070 0.860 
 197 A _   0.008 0.031 0.001 0.018 0.006 0.011 0.069 0.857 
 198 F _   0.007 0.032 0.001 0.018 0.005 0.010 0.069 0.857 
 199 K _   0.007 0.033 0.001 0.016 0.005 0.010 0.069 0.859 
 200 I _   0.007 0.033 0.001 0.015 0.005 0.010 0.069 0.861 
 201 P _   0.006 0.034 0.001 0.013 0.004 0.009 0.069 0.864 
 202 N _   0.006 0.034 0.000 0.012 0.004 0.009 0.069 0.865 
 203 N _   0.006 0.034 0.000 0.012 0.004 0.009 0.069 0.865 
 204 C _   0.007 0.035 0.000 0.012 0.004 0.010 0.069 0.863 
 205 S _   0.007 0.036 0.000 0.013 0.004 0.010 0.069 0.860 
 206 G _   0.007 0.038 0.001 0.014 0.005 0.010 0.069 0.856 
 207 V _   0.008 0.040 0.001 0.015 0.005 0.011 0.070 0.851 
 208 R _   0.008 0.042 0.001 0.017 0.005 0.011 0.070 0.847 
 209 K _   0.008 0.043 0.001 0.017 0.005 0.011 0.070 0.845 
 210 R _   0.008 0.044 0.001 0.018 0.005 0.011 0.070 0.844 
 211 R _   0.007 0.045 0.001 0.017 0.005 0.011 0.071 0.844 
 212 L _   0.007 0.044 0.001 0.017 0.005 0.010 0.071 0.845 
 213 S _   0.007 0.043 0.001 0.017 0.005 0.010 0.072 0.846 
 214 N _   0.007 0.042 0.001 0.016 0.005 0.010 0.073 0.848 
 215 V _   0.007 0.040 0.001 0.015 0.004 0.009 0.074 0.849 
 216 S _   0.007 0.039 0.001 0.014 0.004 0.009 0.075 0.851 
 217 L _   0.007 0.037 0.001 0.014 0.004 0.009 0.076 0.853 
 218 P _   0.007 0.034 0.000 0.013 0.004 0.009 0.078 0.855 
 219 G _   0.007 0.032 0.000 0.012 0.004 0.008 0.079 0.857 
 220 P _   0.007 0.029 0.000 0.011 0.003 0.008 0.080 0.861 
 221 G _   0.007 0.027 0.000 0.010 0.003 0.008 0.082 0.863 
 222 L _   0.007 0.025 0.000 0.009 0.003 0.008 0.083 0.866 
 223 S _   0.007 0.023 0.000 0.008 0.003 0.007 0.084 0.868 
 224 V _   0.007 0.022 0.000 0.007 0.003 0.007 0.085 0.870 
 225 P _   0.006 0.021 0.000 0.007 0.003 0.008 0.085 0.870 
 226 R _   0.006 0.021 0.000 0.007 0.003 0.008 0.085 0.869 
 227 P _   0.007 0.022 0.000 0.008 0.003 0.009 0.086 0.866 
 228 L _   0.007 0.024 0.000 0.010 0.003 0.009 0.086 0.861 
 229 Q _   0.007 0.027 0.000 0.012 0.004 0.010 0.085 0.855 
 230 P _   0.007 0.030 0.001 0.014 0.005 0.011 0.085 0.847 
 231 E _   0.007 0.033 0.001 0.017 0.005 0.011 0.085 0.840 
 232 Y _   0.007 0.036 0.001 0.020 0.006 0.012 0.085 0.834 
 233 V _   0.008 0.038 0.001 0.022 0.006 0.012 0.085 0.829 
 234 A _   0.007 0.040 0.001 0.023 0.006 0.012 0.085 0.826 
 235 L _   0.007 0.040 0.001 0.023 0.006 0.011 0.086 0.826 
 236 P _   0.007 0.038 0.001 0.022 0.006 0.011 0.087 0.828 
 237 S _   0.007 0.036 0.001 0.021 0.005 0.010 0.088 0.833 
 238 E _   0.007 0.033 0.001 0.018 0.005 0.010 0.089 0.838 
 239 E _   0.007 0.029 0.001 0.016 0.004 0.009 0.091 0.845 
 240 S _   0.006 0.024 0.000 0.013 0.004 0.008 0.092 0.852 
 241 H _   0.006 0.020 0.000 0.011 0.003 0.008 0.093 0.859 
 242 V _   0.006 0.016 0.000 0.009 0.003 0.007 0.094 0.865 
 243 H _   0.005 0.013 0.000 0.008 0.002 0.007 0.095 0.869 
 244 Q _   0.005 0.011 0.000 0.007 0.002 0.006 0.095 0.872 
 245 E _   0.005 0.010 0.000 0.006 0.002 0.006 0.096 0.874 
 246 P _   0.005 0.009 0.000 0.006 0.002 0.007 0.095 0.875 
 247 S _   0.005 0.009 0.000 0.007 0.002 0.007 0.095 0.875 
 248 K _   0.005 0.009 0.000 0.007 0.002 0.008 0.094 0.874 
 249 R _   0.005 0.010 0.000 0.008 0.003 0.008 0.094 0.873 
 250 I _   0.005 0.010 0.000 0.008 0.003 0.009 0.093 0.871 
 251 P _   0.006 0.011 0.000 0.009 0.003 0.010 0.091 0.868 
 252 S _   0.006 0.013 0.000 0.010 0.004 0.012 0.090 0.865 
 253 W _   0.007 0.014 0.001 0.011 0.004 0.013 0.088 0.862 
 254 S _   0.008 0.016 0.001 0.011 0.005 0.016 0.087 0.856 
 255 G _   0.009 0.019 0.001 0.013 0.006 0.018 0.085 0.849 
 256 R _   0.011 0.022 0.001 0.014 0.008 0.022 0.083 0.838 
 257 P _   0.014 0.026 0.001 0.017 0.010 0.026 0.082 0.826 
 258 I _   0.016 0.030 0.001 0.020 0.012 0.029 0.080 0.811 
 259 W _   0.020 0.034 0.001 0.022 0.015 0.033 0.079 0.796 
 260 M _   0.023 0.037 0.001 0.025 0.018 0.036 0.078 0.782 
 261 E _   0.026 0.040 0.001 0.027 0.020 0.039 0.077 0.770 
 262 K _   0.029 0.042 0.001 0.028 0.021 0.040 0.076 0.763 
 263 M _   0.031 0.042 0.001 0.027 0.022 0.041 0.076 0.759 
 264 V _   0.033 0.042 0.001 0.026 0.022 0.041 0.076 0.759 
 265 M _   0.035 0.040 0.001 0.024 0.021 0.041 0.076 0.762 
 266 C _   0.036 0.038 0.001 0.021 0.020 0.041 0.077 0.767 
 267 R _   0.037 0.035 0.001 0.019 0.019 0.040 0.077 0.772 
 268 V _   0.038 0.032 0.001 0.017 0.018 0.039 0.078 0.777 
 269 K _   0.038 0.029 0.001 0.016 0.017 0.038 0.079 0.782 
 270 V _   0.038 0.027 0.001 0.015 0.016 0.036 0.081 0.787 
 271 P _   0.037 0.025 0.001 0.015 0.015 0.035 0.082 0.791 
 272 H _   0.037 0.023 0.001 0.014 0.014 0.034 0.083 0.795 
 273 T _   0.036 0.021 0.001 0.013 0.013 0.032 0.085 0.799 
 274 F _   0.034 0.019 0.001 0.012 0.012 0.030 0.086 0.805 
 275 A _   0.032 0.018 0.001 0.011 0.010 0.029 0.088 0.811 
 276 V _   0.030 0.016 0.001 0.010 0.009 0.028 0.089 0.816 
 277 H _   0.029 0.015 0.001 0.009 0.008 0.027 0.091 0.821 
 278 S _   0.027 0.014 0.001 0.008 0.008 0.026 0.092 0.824 
 279 Y _   0.027 0.015 0.001 0.007 0.008 0.027 0.093 0.823 
 280 T _   0.028 0.016 0.001 0.007 0.008 0.027 0.094 0.819 
 281 R _   0.029 0.018 0.001 0.008 0.009 0.029 0.095 0.812 
 282 P _   0.030 0.022 0.001 0.009 0.010 0.031 0.096 0.801 
 283 T _   0.032 0.029 0.001 0.010 0.012 0.033 0.098 0.786 
 284 I _   0.033 0.038 0.001 0.013 0.014 0.034 0.099 0.768 
 285 C _   0.034 0.051 0.001 0.016 0.016 0.036 0.100 0.746 
 286 Q _   0.034 0.065 0.001 0.019 0.018 0.037 0.101 0.724 
 287 Y _   0.034 0.080 0.001 0.022 0.019 0.037 0.103 0.704 
 288 C _   0.033 0.093 0.002 0.024 0.020 0.037 0.104 0.685 
 289 K _   0.032 0.106 0.002 0.027 0.021 0.037 0.106 0.670 
 290 R _   0.031 0.116 0.001 0.029 0.021 0.036 0.109 0.657 
 291 L _   0.029 0.125 0.001 0.031 0.020 0.034 0.112 0.647 
 292 L _   0.027 0.131 0.001 0.034 0.020 0.032 0.115 0.639 
 293 K _   0.026 0.136 0.001 0.036 0.019 0.030 0.119 0.633 
 294 G _   0.024 0.137 0.001 0.038 0.018 0.028 0.123 0.631 
 295 L _   0.022 0.136 0.001 0.038 0.016 0.025 0.129 0.632 
 296 F _   0.020 0.132 0.001 0.037 0.014 0.023 0.135 0.638 
 297 R _   0.018 0.125 0.001 0.034 0.012 0.020 0.142 0.648 
 298 Q _   0.016 0.113 0.001 0.030 0.010 0.017 0.149 0.663 
 299 G _   0.014 0.098 0.001 0.025 0.008 0.015 0.157 0.682 
 300 M _   0.012 0.081 0.001 0.020 0.006 0.013 0.166 0.702 
 301 Q _   0.010 0.064 0.001 0.015 0.005 0.011 0.173 0.721 
 302 C _   0.009 0.051 0.000 0.011 0.004 0.009 0.180 0.737 
 303 K _   0.008 0.041 0.000 0.008 0.003 0.008 0.186 0.747 
 304 D _   0.007 0.034 0.000 0.006 0.002 0.007 0.191 0.753 
 305 C _   0.006 0.031 0.000 0.005 0.002 0.006 0.194 0.756 
 306 K _   0.005 0.030 0.000 0.005 0.002 0.006 0.197 0.755 
 307 F _   0.005 0.030 0.000 0.005 0.002 0.006 0.199 0.753 
 308 N _   0.005 0.031 0.000 0.006 0.002 0.006 0.200 0.749 
 309 C _   0.005 0.034 0.000 0.007 0.002 0.007 0.201 0.744 
 310 H _   0.005 0.038 0.000 0.008 0.002 0.007 0.202 0.737 
 311 K _   0.005 0.044 0.000 0.010 0.003 0.008 0.202 0.728 
 312 R _   0.005 0.051 0.000 0.011 0.003 0.008 0.202 0.719 
 313 C _   0.005 0.060 0.000 0.012 0.003 0.009 0.202 0.709 
 314 A _   0.005 0.069 0.000 0.013 0.004 0.010 0.201 0.698 
 315 S _   0.005 0.081 0.001 0.014 0.004 0.011 0.201 0.684 
 316 K _   0.005 0.094 0.001 0.015 0.005 0.012 0.200 0.668 
 317 V _   0.006 0.110 0.001 0.017 0.006 0.013 0.200 0.648 
 318 P _   0.006 0.129 0.001 0.020 0.007 0.014 0.199 0.625 
 319 R _   0.007 0.150 0.001 0.024 0.008 0.015 0.198 0.597 
 320 D _   0.007 0.171 0.001 0.029 0.009 0.016 0.198 0.569 
 321 C _   0.007 0.191 0.001 0.035 0.010 0.016 0.199 0.540 
 322 L _   0.007 0.208 0.001 0.040 0.011 0.017 0.200 0.516 
 323 G _   0.007 0.219 0.001 0.045 0.012 0.017 0.202 0.497 
 324 E _   0.008 0.225 0.001 0.047 0.012 0.017 0.205 0.486 
 325 V _   0.008 0.226 0.001 0.048 0.012 0.016 0.210 0.481 
 326 T _   0.007 0.222 0.001 0.046 0.011 0.015 0.216 0.482 
 327 F _   0.007 0.213 0.001 0.041 0.010 0.014 0.223 0.490 
 328 N _   0.007 0.198 0.001 0.036 0.009 0.013 0.232 0.503 
 329 G _   0.007 0.178 0.001 0.030 0.008 0.012 0.243 0.522 
 330 E _   0.007 0.154 0.001 0.024 0.007 0.011 0.254 0.543 
 331 P _   0.006 0.131 0.001 0.019 0.005 0.010 0.266 0.561 
 332 S _   0.006 0.112 0.001 0.015 0.004 0.009 0.277 0.575 
 333 S _   0.005 0.097 0.001 0.013 0.004 0.009 0.288 0.584 
 334 L _   0.005 0.086 0.000 0.012 0.003 0.008 0.297 0.587 
 335 G _   0.005 0.079 0.000 0.012 0.003 0.008 0.305 0.587 
 336 T _   0.004 0.074 0.000 0.013 0.003 0.008 0.313 0.584 
 337 D _   0.004 0.070 0.000 0.015 0.003 0.008 0.320 0.579 
 338 T _   0.004 0.066 0.000 0.016 0.003 0.008 0.327 0.574 
 339 D _   0.004 0.062 0.000 0.017 0.004 0.008 0.335 0.570 
 340 I _   0.004 0.058 0.000 0.018 0.004 0.008 0.343 0.565 
 341 P _   0.004 0.054 0.000 0.018 0.003 0.007 0.351 0.563 
 342 M _   0.004 0.048 0.000 0.017 0.003 0.007 0.359 0.561 
 343 D _   0.004 0.042 0.000 0.015 0.003 0.007 0.368 0.561 
 344 I _   0.003 0.036 0.000 0.013 0.003 0.006 0.376 0.562 
 345 D _   0.003 0.030 0.000 0.011 0.002 0.006 0.385 0.562 
 346 N _   0.003 0.025 0.000 0.010 0.002 0.005 0.392 0.562 
 347 N _   0.003 0.022 0.000 0.009 0.002 0.005 0.398 0.562 
 348 D _   0.003 0.019 0.000 0.008 0.002 0.005 0.404 0.560 
 349 I _   0.003 0.017 0.000 0.008 0.001 0.005 0.408 0.557 
 350 N _   0.003 0.016 0.000 0.008 0.002 0.005 0.412 0.554 
 351 S _   0.003 0.014 0.000 0.009 0.002 0.005 0.415 0.551 
 352 D _   0.003 0.014 0.000 0.009 0.002 0.006 0.418 0.548 
 353 S _   0.003 0.013 0.000 0.010 0.002 0.006 0.421 0.546 
 354 S _   0.003 0.012 0.000 0.010 0.002 0.006 0.422 0.544 
 355 R _   0.003 0.011 0.000 0.010 0.002 0.006 0.424 0.544 
 356 G _   0.003 0.010 0.000 0.010 0.002 0.005 0.425 0.544 
 357 L _   0.003 0.009 0.000 0.009 0.002 0.005 0.426 0.546 
 358 D _   0.003 0.008 0.000 0.007 0.001 0.005 0.427 0.548 
 359 D _   0.003 0.007 0.000 0.006 0.001 0.004 0.426 0.551 
 360 T _   0.003 0.006 0.000 0.005 0.001 0.004 0.425 0.555 
 361 E _   0.003 0.006 0.000 0.004 0.001 0.004 0.423 0.558 
 362 E _   0.002 0.006 0.000 0.004 0.001 0.004 0.421 0.561 
 363 P _   0.002 0.006 0.000 0.004 0.001 0.004 0.417 0.564 
 364 S _   0.002 0.007 0.000 0.005 0.001 0.005 0.412 0.567 
 365 P _   0.003 0.009 0.000 0.007 0.002 0.005 0.406 0.568 
 366 P _   0.003 0.012 0.000 0.010 0.002 0.007 0.399 0.567 
 367 E _   0.003 0.017 0.000 0.014 0.003 0.008 0.391 0.564 
 368 D _   0.003 0.022 0.000 0.020 0.004 0.009 0.382 0.560 
 369 K _   0.004 0.027 0.001 0.025 0.004 0.010 0.373 0.556 
 370 M _   0.004 0.031 0.001 0.029 0.005 0.010 0.366 0.555 
 371 F _   0.004 0.033 0.001 0.031 0.005 0.010 0.360 0.557 
 372 F _   0.004 0.033 0.001 0.031 0.005 0.010 0.355 0.562 
 373 L _   0.004 0.033 0.001 0.028 0.004 0.009 0.351 0.571 
 374 D _   0.004 0.030 0.000 0.023 0.004 0.008 0.348 0.583 
 375 P _   0.003 0.027 0.000 0.018 0.003 0.007 0.345 0.596 
 376 S _   0.003 0.023 0.000 0.013 0.002 0.006 0.343 0.610 
 377 D _   0.003 0.020 0.000 0.009 0.002 0.005 0.340 0.621 
 378 L _   0.003 0.017 0.000 0.007 0.002 0.005 0.337 0.629 
 379 D _   0.003 0.016 0.000 0.005 0.001 0.005 0.333 0.636 
 380 V _   0.003 0.015 0.000 0.006 0.002 0.005 0.329 0.640 
 381 E _   0.003 0.016 0.000 0.007 0.002 0.006 0.324 0.642 
 382 R _   0.004 0.017 0.000 0.009 0.002 0.007 0.317 0.643 
 383 D _   0.004 0.020 0.000 0.012 0.003 0.008 0.311 0.642 
 384 E _   0.005 0.023 0.000 0.016 0.004 0.009 0.303 0.639 
 385 E _   0.005 0.026 0.001 0.020 0.005 0.010 0.296 0.637 
 386 A _   0.005 0.029 0.001 0.022 0.005 0.011 0.290 0.637 
 387 V _   0.005 0.030 0.001 0.023 0.005 0.011 0.284 0.640 
 388 K _   0.005 0.031 0.001 0.022 0.005 0.011 0.279 0.647 
 389 T _   0.005 0.030 0.001 0.019 0.005 0.010 0.274 0.656 
 390 I _   0.005 0.028 0.001 0.015 0.004 0.010 0.270 0.667 
 391 S _   0.005 0.026 0.000 0.011 0.003 0.010 0.267 0.678 
 392 P _   0.005 0.024 0.000 0.008 0.003 0.010 0.263 0.687 
 393 S _   0.005 0.023 0.000 0.006 0.003 0.011 0.259 0.693 
 394 T _   0.007 0.023 0.000 0.005 0.003 0.013 0.254 0.695 
 395 S _   0.009 0.026 0.000 0.006 0.004 0.016 0.249 0.690 
 396 N _   0.012 0.033 0.001 0.009 0.007 0.021 0.242 0.676 
 397 N _   0.016 0.049 0.001 0.015 0.011 0.026 0.234 0.649 
 398 I _   0.020 0.079 0.002 0.024 0.017 0.031 0.223 0.603 
 399 P _   0.023 0.121 0.002 0.037 0.023 0.035 0.212 0.547 
 400 L _   0.024 0.160 0.002 0.050 0.027 0.037 0.203 0.497 
 401 M _   0.024 0.187 0.002 0.061 0.029 0.038 0.195 0.464 
 402 R _   0.024 0.202 0.002 0.068 0.029 0.037 0.190 0.448 
 403 V _   0.024 0.207 0.002 0.071 0.028 0.035 0.187 0.446 
 404 V _   0.023 0.206 0.002 0.068 0.026 0.033 0.185 0.458 
 405 Q _   0.022 0.197 0.002 0.061 0.023 0.029 0.184 0.483 
 406 S _   0.020 0.177 0.002 0.049 0.019 0.026 0.185 0.522 
 407 I _   0.019 0.147 0.002 0.037 0.015 0.023 0.186 0.572 
 408 K _   0.017 0.109 0.001 0.026 0.011 0.020 0.188 0.628 
 409 H _   0.015 0.074 0.001 0.016 0.007 0.017 0.189 0.681 
 410 T _   0.013 0.048 0.001 0.009 0.005 0.014 0.190 0.720 
 411 K _   0.011 0.035 0.000 0.006 0.003 0.013 0.190 0.742 
 412 R _   0.009 0.030 0.000 0.004 0.002 0.012 0.189 0.753 
 413 K _   0.009 0.029 0.000 0.004 0.002 0.013 0.187 0.756 
 414 S _   0.010 0.030 0.000 0.005 0.003 0.014 0.185 0.753 
 415 S _   0.012 0.036 0.001 0.007 0.005 0.017 0.181 0.741 
 416 T _   0.014 0.050 0.001 0.013 0.008 0.020 0.177 0.717 
 417 M _   0.016 0.076 0.001 0.021 0.012 0.023 0.171 0.680 
 418 V _   0.017 0.108 0.002 0.032 0.015 0.025 0.166 0.634 
 419 K _   0.017 0.139 0.002 0.044 0.018 0.027 0.161 0.592 
 420 E _   0.017 0.160 0.002 0.053 0.020 0.027 0.157 0.564 
 421 G _   0.017 0.172 0.002 0.059 0.020 0.026 0.155 0.550 
 422 W _   0.017 0.176 0.001 0.060 0.019 0.025 0.154 0.548 
 423 M _   0.016 0.174 0.001 0.057 0.017 0.023 0.154 0.557 
 424 V _   0.015 0.165 0.001 0.051 0.015 0.021 0.155 0.576 
 425 H _   0.014 0.149 0.001 0.041 0.012 0.018 0.157 0.607 
 426 Y _   0.013 0.124 0.001 0.031 0.010 0.016 0.160 0.645 
 427 T _   0.012 0.095 0.001 0.022 0.007 0.013 0.163 0.686 
 428 S _   0.011 0.070 0.001 0.014 0.005 0.012 0.166 0.722 
 429 R _   0.009 0.051 0.001 0.010 0.004 0.010 0.168 0.748 
 430 D _   0.008 0.040 0.000 0.007 0.003 0.009 0.169 0.763 
 431 N _   0.007 0.034 0.000 0.006 0.002 0.008 0.170 0.772 
 432 L _   0.007 0.031 0.000 0.005 0.002 0.008 0.170 0.776 
 433 R _   0.007 0.030 0.000 0.006 0.002 0.008 0.170 0.777 
 434 K _   0.006 0.031 0.000 0.007 0.002 0.008 0.169 0.776 
 435 R _   0.006 0.032 0.000 0.008 0.003 0.009 0.167 0.775 
 436 H _   0.006 0.034 0.000 0.009 0.003 0.009 0.165 0.772 
 437 Y _   0.006 0.037 0.000 0.011 0.004 0.010 0.163 0.770 
 438 W _   0.006 0.040 0.000 0.012 0.004 0.010 0.161 0.766 
 439 R _   0.006 0.043 0.001 0.013 0.004 0.011 0.159 0.762 
 440 L _   0.007 0.047 0.001 0.015 0.005 0.011 0.157 0.758 
 441 D _   0.007 0.050 0.001 0.017 0.005 0.012 0.155 0.752 
 442 S _   0.007 0.054 0.001 0.020 0.006 0.013 0.154 0.746 
 443 K _   0.008 0.057 0.001 0.022 0.007 0.013 0.152 0.740 
 444 C _   0.008 0.059 0.001 0.025 0.007 0.013 0.151 0.736 
 445 L _   0.008 0.060 0.001 0.027 0.007 0.013 0.151 0.733 
 446 T _   0.009 0.060 0.001 0.027 0.007 0.013 0.151 0.733 
 447 L _   0.009 0.057 0.001 0.026 0.007 0.012 0.151 0.737 
 448 F _   0.008 0.053 0.001 0.023 0.006 0.011 0.152 0.746 
 449 Q _   0.008 0.047 0.001 0.019 0.005 0.010 0.153 0.757 
 450 N _   0.007 0.040 0.001 0.014 0.004 0.009 0.154 0.771 
 451 E _   0.007 0.033 0.000 0.010 0.003 0.008 0.155 0.784 
 452 S _   0.006 0.028 0.000 0.007 0.002 0.007 0.155 0.794 
 453 G _   0.006 0.024 0.000 0.005 0.002 0.007 0.155 0.801 
 454 S _   0.006 0.022 0.000 0.004 0.002 0.007 0.154 0.805 
 455 K _   0.006 0.023 0.000 0.004 0.002 0.008 0.153 0.804 
 456 Y _   0.007 0.025 0.000 0.005 0.002 0.010 0.151 0.800 
 457 Y _   0.008 0.032 0.000 0.007 0.004 0.013 0.148 0.788 
 458 K _   0.010 0.047 0.001 0.011 0.006 0.017 0.144 0.764 
 459 E _   0.012 0.075 0.001 0.018 0.009 0.020 0.139 0.725 
 460 I _   0.013 0.117 0.001 0.027 0.013 0.023 0.133 0.672 
 461 P _   0.014 0.166 0.002 0.036 0.016 0.025 0.127 0.614 
 462 L _   0.014 0.210 0.002 0.046 0.018 0.026 0.122 0.563 
 463 S _   0.013 0.241 0.002 0.053 0.019 0.026 0.118 0.528 
 464 E _   0.013 0.259 0.001 0.058 0.019 0.026 0.116 0.507 
 465 I _   0.013 0.268 0.001 0.060 0.019 0.025 0.114 0.499 
 466 L _   0.012 0.270 0.001 0.059 0.018 0.024 0.114 0.501 
 467 R _   0.012 0.266 0.001 0.055 0.016 0.022 0.115 0.512 
 468 I _   0.012 0.256 0.001 0.050 0.015 0.020 0.116 0.530 
 469 S _   0.012 0.238 0.001 0.044 0.013 0.018 0.118 0.556 
 470 S _   0.012 0.212 0.001 0.037 0.011 0.017 0.121 0.589 
 471 P _   0.011 0.179 0.001 0.031 0.010 0.015 0.124 0.629 
 472 R _   0.011 0.142 0.001 0.025 0.008 0.014 0.128 0.671 
 473 D _   0.010 0.106 0.001 0.020 0.006 0.012 0.132 0.711 
 474 F _   0.009 0.075 0.001 0.015 0.005 0.011 0.136 0.747 
 475 T _   0.008 0.052 0.001 0.011 0.004 0.010 0.138 0.776 
 476 N _   0.007 0.035 0.000 0.008 0.003 0.009 0.140 0.798 
 477 I _   0.006 0.024 0.000 0.006 0.002 0.008 0.140 0.813 
 478 S _   0.005 0.019 0.000 0.004 0.002 0.008 0.140 0.821 
 479 Q _   0.005 0.016 0.000 0.003 0.002 0.009 0.139 0.825 
 480 G _   0.006 0.016 0.000 0.003 0.002 0.010 0.138 0.825 
 481 S _   0.008 0.017 0.000 0.004 0.003 0.014 0.135 0.819 
 482 N _   0.011 0.022 0.000 0.006 0.005 0.019 0.132 0.804 
 483 P _   0.017 0.036 0.001 0.010 0.009 0.027 0.127 0.774 
 484 H _   0.024 0.068 0.002 0.016 0.017 0.035 0.120 0.718 
 485 C _   0.031 0.128 0.002 0.026 0.027 0.044 0.112 0.631 
 486 F _   0.034 0.213 0.003 0.036 0.037 0.049 0.102 0.526 
 487 E _   0.036 0.308 0.004 0.045 0.044 0.051 0.093 0.420 
 488 I E   0.035 0.389 0.003 0.053 0.046 0.050 0.087 0.338 
 489 I E   0.034 0.446 0.003 0.059 0.046 0.047 0.082 0.283 
 490 T E   0.032 0.482 0.002 0.064 0.044 0.044 0.080 0.251 
 491 D E   0.031 0.501 0.002 0.067 0.042 0.041 0.079 0.237 
 492 T E   0.030 0.508 0.002 0.069 0.039 0.038 0.079 0.236 
 493 M E   0.029 0.505 0.002 0.070 0.035 0.035 0.080 0.244 
 494 V E   0.027 0.491 0.002 0.068 0.032 0.031 0.083 0.267 
 495 Y E   0.025 0.460 0.002 0.064 0.027 0.028 0.087 0.308 
 496 F E   0.023 0.402 0.003 0.057 0.023 0.024 0.092 0.375 
 497 V _   0.021 0.317 0.003 0.047 0.019 0.021 0.100 0.472 
 498 G _   0.019 0.213 0.002 0.035 0.014 0.018 0.109 0.590 
 499 E _   0.016 0.118 0.001 0.022 0.009 0.014 0.117 0.702 
 500 N _   0.012 0.055 0.001 0.012 0.005 0.011 0.122 0.782 
 501 N _   0.008 0.022 0.000 0.006 0.003 0.008 0.125 0.827 
 502 G _   0.006 0.009 0.000 0.003 0.002 0.007 0.127 0.847 
 503 D _   0.005 0.005 0.000 0.002 0.001 0.007 0.127 0.853 
 504 S _   0.005 0.004 0.000 0.002 0.001 0.008 0.126 0.853 
 505 S _   0.007 0.005 0.000 0.003 0.002 0.011 0.125 0.847 
 506 H _   0.011 0.008 0.000 0.005 0.004 0.017 0.123 0.832 
 507 N _   0.017 0.018 0.001 0.011 0.008 0.026 0.119 0.800 
 508 P _   0.024 0.042 0.001 0.021 0.015 0.036 0.114 0.746 
 509 V _   0.030 0.079 0.002 0.036 0.023 0.045 0.108 0.677 
 510 L _   0.035 0.115 0.002 0.051 0.031 0.051 0.102 0.611 
 511 A _   0.039 0.141 0.002 0.064 0.037 0.056 0.098 0.563 
 512 A _   0.041 0.156 0.002 0.072 0.041 0.057 0.095 0.536 
 513 T _   0.043 0.161 0.002 0.074 0.042 0.057 0.093 0.527 
 514 G _   0.045 0.161 0.002 0.071 0.042 0.056 0.092 0.531 
 515 V _   0.046 0.154 0.002 0.063 0.039 0.054 0.093 0.550 
 516 G _   0.047 0.139 0.002 0.052 0.035 0.050 0.094 0.581 
 517 L _   0.047 0.115 0.002 0.040 0.029 0.047 0.095 0.625 
 518 D _   0.046 0.085 0.002 0.028 0.023 0.043 0.097 0.676 
 519 V _   0.044 0.057 0.002 0.018 0.017 0.040 0.099 0.724 
 520 A _   0.041 0.036 0.001 0.012 0.013 0.036 0.101 0.760 
 521 Q _   0.038 0.024 0.001 0.008 0.010 0.034 0.102 0.783 
 522 S _   0.035 0.019 0.001 0.006 0.008 0.031 0.103 0.796 
 523 W _   0.034 0.016 0.001 0.006 0.007 0.030 0.104 0.802 
 524 E _   0.033 0.016 0.001 0.007 0.007 0.030 0.105 0.802 
 525 K _   0.033 0.017 0.001 0.009 0.008 0.029 0.105 0.797 
 526 A _   0.033 0.019 0.001 0.012 0.010 0.029 0.105 0.791 
 527 I _   0.033 0.022 0.001 0.015 0.011 0.029 0.106 0.782 
 528 R _   0.033 0.025 0.001 0.018 0.013 0.029 0.106 0.774 
 529 Q _   0.033 0.028 0.001 0.021 0.013 0.028 0.107 0.769 
 530 A _   0.032 0.029 0.001 0.022 0.013 0.027 0.108 0.768 
 531 L _   0.030 0.030 0.001 0.022 0.013 0.025 0.110 0.769 
 532 M _   0.028 0.030 0.001 0.021 0.012 0.023 0.112 0.773 
 533 P _   0.026 0.029 0.001 0.020 0.010 0.022 0.114 0.779 
 534 V _   0.024 0.027 0.001 0.018 0.009 0.020 0.116 0.785 
 535 T _   0.022 0.025 0.001 0.017 0.008 0.018 0.118 0.791 
 536 P _   0.020 0.024 0.001 0.016 0.007 0.016 0.120 0.796 
 537 Q _   0.018 0.022 0.001 0.016 0.006 0.015 0.123 0.800 
 538 A _   0.016 0.020 0.001 0.015 0.006 0.013 0.125 0.803 
 539 S _   0.015 0.018 0.001 0.015 0.005 0.012 0.128 0.807 
 540 V _   0.013 0.016 0.001 0.014 0.004 0.011 0.130 0.812 
 541 C _   0.011 0.013 0.000 0.013 0.004 0.009 0.132 0.817 
 542 T _   0.010 0.010 0.000 0.011 0.003 0.008 0.134 0.823 
 543 S _   0.008 0.008 0.000 0.009 0.003 0.007 0.135 0.830 
 544 P _   0.007 0.006 0.000 0.007 0.002 0.006 0.136 0.836 
 545 G _   0.006 0.004 0.000 0.005 0.002 0.005 0.136 0.842 
 546 Q _   0.005 0.003 0.000 0.004 0.001 0.004 0.136 0.847 
 547 G _   0.004 0.002 0.000 0.003 0.001 0.004 0.134 0.850 
 548 K _   0.004 0.002 0.000 0.003 0.001 0.004 0.133 0.853 
 549 D _   0.004 0.002 0.000 0.003 0.001 0.004 0.130 0.854 
 550 H _   0.004 0.003 0.000 0.004 0.001 0.005 0.127 0.854 
 551 K _   0.004 0.005 0.000 0.006 0.002 0.007 0.124 0.852 
 552 D _   0.005 0.009 0.000 0.009 0.003 0.009 0.119 0.846 
 553 L _   0.006 0.016 0.001 0.014 0.004 0.011 0.113 0.835 
 554 S _   0.006 0.025 0.001 0.020 0.006 0.014 0.107 0.821 
 555 T _   0.007 0.034 0.001 0.027 0.007 0.016 0.100 0.808 
 556 S _   0.007 0.042 0.001 0.033 0.009 0.017 0.094 0.796 
 557 I _   0.007 0.047 0.001 0.038 0.010 0.018 0.089 0.789 
 558 S _   0.007 0.050 0.001 0.040 0.011 0.019 0.084 0.786 
 559 V _   0.008 0.051 0.001 0.040 0.011 0.020 0.080 0.788 
 560 S _   0.008 0.050 0.001 0.038 0.011 0.020 0.077 0.794 
 561 N _   0.009 0.047 0.001 0.034 0.011 0.020 0.075 0.804 
 562 C _   0.010 0.042 0.001 0.028 0.010 0.020 0.073 0.816 
 563 Q _   0.011 0.035 0.001 0.023 0.009 0.020 0.071 0.829 
 564 I _   0.012 0.028 0.001 0.018 0.008 0.021 0.070 0.843 
 565 Q _   0.014 0.021 0.001 0.013 0.007 0.021 0.068 0.855 
 566 E _   0.015 0.015 0.001 0.010 0.006 0.022 0.067 0.864 
 567 N _   0.017 0.011 0.001 0.008 0.006 0.023 0.065 0.868 
 568 V _   0.021 0.009 0.001 0.007 0.006 0.025 0.064 0.867 
 569 D _   0.025 0.008 0.001 0.007 0.008 0.028 0.062 0.861 
 570 I _   0.031 0.008 0.001 0.007 0.009 0.032 0.060 0.851 
 571 S _   0.037 0.009 0.001 0.009 0.012 0.036 0.058 0.839 
 572 T _   0.043 0.010 0.001 0.011 0.015 0.040 0.057 0.822 
 573 V _   0.049 0.012 0.001 0.014 0.018 0.044 0.055 0.806 
 574 Y _   0.055 0.014 0.001 0.017 0.021 0.047 0.053 0.792 
 575 Q _   0.059 0.015 0.002 0.018 0.023 0.049 0.052 0.783 
 576 I _   0.063 0.017 0.002 0.018 0.024 0.050 0.050 0.777 
 577 F _   0.066 0.017 0.002 0.017 0.024 0.050 0.049 0.775 
 578 A _   0.068 0.018 0.001 0.016 0.023 0.050 0.048 0.776 
 579 D _   0.069 0.018 0.001 0.014 0.022 0.050 0.047 0.778 
 580 E _   0.070 0.019 0.001 0.012 0.022 0.049 0.047 0.780 
 581 V _   0.071 0.020 0.001 0.012 0.022 0.048 0.046 0.780 
 582 L _   0.071 0.022 0.001 0.013 0.023 0.048 0.046 0.776 
 583 G _   0.071 0.025 0.001 0.016 0.024 0.047 0.045 0.771 
 584 S _   0.070 0.029 0.002 0.019 0.025 0.046 0.045 0.763 
 585 G _   0.068 0.034 0.002 0.025 0.026 0.045 0.045 0.756 
 586 Q _   0.063 0.038 0.002 0.030 0.026 0.042 0.045 0.754 
 587 F _   0.058 0.041 0.002 0.034 0.025 0.039 0.046 0.756 
 588 G _   0.052 0.041 0.002 0.035 0.022 0.035 0.047 0.766 
 589 I _   0.045 0.040 0.002 0.034 0.019 0.031 0.048 0.782 
 590 V _   0.038 0.036 0.001 0.030 0.015 0.026 0.049 0.804 
 591 Y _   0.030 0.031 0.001 0.024 0.011 0.022 0.051 0.830 
 592 G _   0.024 0.024 0.001 0.018 0.008 0.018 0.052 0.856 
 593 G _   0.019 0.017 0.001 0.012 0.006 0.014 0.053 0.879 
 594 K _   0.015 0.012 0.000 0.008 0.004 0.012 0.053 0.896 
 595 H _   0.012 0.009 0.000 0.005 0.003 0.010 0.054 0.908 
 596 R _   0.009 0.007 0.000 0.004 0.002 0.009 0.054 0.914 
 597 K _   0.008 0.007 0.000 0.003 0.002 0.009 0.054 0.917 
 598 T _   0.008 0.008 0.000 0.004 0.002 0.010 0.053 0.915 
 599 G _   0.009 0.011 0.000 0.006 0.003 0.011 0.052 0.908 
 600 R _   0.010 0.017 0.001 0.009 0.004 0.013 0.051 0.896 
 601 D _   0.011 0.027 0.001 0.013 0.006 0.015 0.050 0.877 
 602 V _   0.012 0.041 0.001 0.019 0.008 0.018 0.048 0.852 
 603 A _   0.013 0.055 0.001 0.026 0.010 0.019 0.047 0.827 
 604 I _   0.014 0.068 0.001 0.033 0.012 0.021 0.046 0.806 
 605 K _   0.014 0.077 0.001 0.038 0.013 0.021 0.045 0.790 
 606 V _   0.014 0.082 0.001 0.041 0.014 0.022 0.044 0.782 
 607 I _   0.015 0.084 0.001 0.041 0.014 0.021 0.044 0.780 
 608 D _   0.014 0.082 0.001 0.039 0.013 0.020 0.044 0.786 
 609 K _   0.014 0.078 0.001 0.035 0.011 0.019 0.045 0.798 
 610 M _   0.013 0.070 0.001 0.029 0.009 0.017 0.046 0.815 
 611 R _   0.012 0.059 0.001 0.023 0.008 0.015 0.047 0.836 
 612 F _   0.011 0.046 0.001 0.017 0.006 0.013 0.047 0.858 
 613 P _   0.010 0.035 0.001 0.011 0.004 0.012 0.048 0.878 
 614 T _   0.009 0.026 0.000 0.008 0.003 0.011 0.048 0.894 
 615 K _   0.008 0.021 0.000 0.006 0.003 0.010 0.048 0.904 
 616 Q _   0.008 0.019 0.000 0.004 0.002 0.010 0.048 0.908 
 617 E _   0.008 0.018 0.000 0.005 0.003 0.011 0.047 0.908 
 618 S _   0.009 0.020 0.000 0.006 0.003 0.013 0.047 0.903 
 619 Q _   0.010 0.023 0.001 0.008 0.005 0.015 0.045 0.892 
 620 L _   0.012 0.031 0.001 0.013 0.007 0.018 0.044 0.875 
 621 R _   0.014 0.042 0.001 0.021 0.010 0.020 0.042 0.851 
 622 N _   0.015 0.054 0.001 0.029 0.013 0.023 0.040 0.826 
 623 E _   0.016 0.064 0.001 0.037 0.015 0.024 0.039 0.805 
 624 V _   0.016 0.070 0.001 0.042 0.016 0.025 0.037 0.792 
 625 A _   0.017 0.073 0.001 0.044 0.016 0.024 0.036 0.788 
 626 I _   0.016 0.072 0.001 0.042 0.015 0.024 0.036 0.793 
 627 L _   0.016 0.068 0.001 0.037 0.014 0.022 0.035 0.806 
 628 Q _   0.015 0.060 0.001 0.030 0.012 0.021 0.035 0.826 
 629 N _   0.015 0.050 0.001 0.023 0.010 0.019 0.035 0.848 
 630 L _   0.014 0.038 0.001 0.016 0.008 0.018 0.035 0.871 
 631 H _   0.014 0.029 0.001 0.011 0.006 0.017 0.035 0.888 
 632 H _   0.013 0.023 0.001 0.008 0.005 0.017 0.034 0.899 
 633 P _   0.014 0.019 0.001 0.007 0.005 0.017 0.034 0.904 
 634 G _   0.015 0.018 0.001 0.007 0.005 0.018 0.034 0.903 
 635 I _   0.016 0.018 0.001 0.008 0.006 0.019 0.033 0.899 
 636 V _   0.018 0.019 0.001 0.010 0.007 0.021 0.032 0.891 
 637 N _   0.020 0.021 0.001 0.013 0.009 0.023 0.031 0.882 
 638 L _   0.021 0.023 0.001 0.016 0.010 0.025 0.031 0.874 
 639 E _   0.022 0.024 0.001 0.018 0.011 0.026 0.030 0.868 
 640 C _   0.023 0.025 0.001 0.018 0.012 0.027 0.029 0.865 
 641 M _   0.023 0.025 0.001 0.018 0.012 0.027 0.028 0.865 
 642 F _   0.024 0.025 0.001 0.017 0.012 0.028 0.028 0.866 
 643 E _   0.024 0.024 0.001 0.015 0.012 0.028 0.027 0.868 
 644 T _   0.025 0.024 0.001 0.014 0.012 0.028 0.027 0.869 
 645 P _   0.026 0.024 0.001 0.014 0.012 0.029 0.026 0.868 
 646 E _   0.027 0.024 0.001 0.014 0.012 0.029 0.026 0.867 
 647 R _   0.028 0.024 0.001 0.015 0.012 0.029 0.026 0.865 
 648 V _   0.030 0.024 0.001 0.015 0.012 0.030 0.025 0.863 
 649 F _   0.031 0.024 0.001 0.015 0.012 0.030 0.025 0.862 
 650 V _   0.032 0.024 0.001 0.015 0.012 0.030 0.025 0.862 
 651 V _   0.033 0.024 0.001 0.014 0.011 0.030 0.024 0.863 
 652 M _   0.033 0.023 0.001 0.012 0.011 0.030 0.024 0.866 
 653 E _   0.034 0.022 0.001 0.010 0.011 0.031 0.024 0.867 
 654 K _   0.036 0.022 0.001 0.010 0.011 0.031 0.023 0.866 
 655 L _   0.037 0.023 0.001 0.010 0.012 0.032 0.023 0.861 
 656 H _   0.039 0.026 0.001 0.012 0.014 0.034 0.022 0.852 
 657 G _   0.041 0.029 0.001 0.016 0.016 0.035 0.022 0.840 
 658 D _   0.043 0.034 0.001 0.022 0.018 0.035 0.021 0.825 
 659 M _   0.044 0.039 0.001 0.028 0.020 0.034 0.021 0.812 
 660 L _   0.043 0.042 0.001 0.034 0.020 0.033 0.021 0.806 
 661 E _   0.041 0.043 0.001 0.036 0.019 0.030 0.021 0.808 
 662 M _   0.039 0.041 0.001 0.035 0.017 0.027 0.021 0.819 
 663 I _   0.035 0.036 0.001 0.030 0.014 0.023 0.021 0.839 
