#TopoPred_TM8: 8-state transmembrane topology prediction results by no_profile mode 
#probabilities are in the order of H E C I L F X _, the 8 transmembrane topology types used in PDBTM 
   1 M X   0.011 0.001 0.002 0.048 0.008 0.008 0.799 0.122 
   2 F X   0.004 0.001 0.000 0.027 0.002 0.004 0.822 0.142 
   3 R X   0.001 0.001 0.000 0.013 0.000 0.002 0.827 0.156 
   4 K X   0.001 0.001 0.000 0.008 0.000 0.002 0.825 0.164 
   5 K X   0.001 0.001 0.000 0.006 0.000 0.002 0.819 0.170 
   6 K X   0.001 0.002 0.000 0.006 0.001 0.003 0.810 0.176 
   7 K X   0.002 0.004 0.000 0.006 0.001 0.005 0.799 0.183 
   8 K X   0.002 0.007 0.000 0.008 0.002 0.006 0.782 0.192 
   9 R X   0.003 0.013 0.000 0.011 0.002 0.008 0.761 0.202 
  10 P X   0.003 0.023 0.001 0.016 0.003 0.010 0.732 0.211 
  11 E X   0.003 0.037 0.001 0.022 0.005 0.011 0.700 0.222 
  12 I X   0.003 0.053 0.001 0.027 0.006 0.013 0.665 0.231 
  13 S X   0.004 0.070 0.001 0.033 0.007 0.014 0.633 0.239 
  14 A X   0.004 0.084 0.001 0.038 0.008 0.015 0.604 0.246 
  15 P X   0.004 0.096 0.001 0.042 0.009 0.015 0.580 0.253 
  16 Q X   0.004 0.104 0.001 0.045 0.009 0.016 0.560 0.261 
  17 N X   0.005 0.109 0.001 0.047 0.009 0.015 0.543 0.270 
  18 F X   0.005 0.112 0.001 0.047 0.009 0.015 0.531 0.281 
  19 Q X   0.005 0.111 0.001 0.044 0.009 0.014 0.520 0.295 
  20 H X   0.005 0.108 0.001 0.040 0.008 0.013 0.511 0.314 
  21 R X   0.005 0.101 0.001 0.034 0.007 0.012 0.504 0.336 
  22 V X   0.005 0.091 0.001 0.028 0.006 0.010 0.498 0.361 
  23 H X   0.005 0.077 0.001 0.021 0.005 0.009 0.493 0.390 
  24 T X   0.005 0.061 0.001 0.015 0.004 0.008 0.488 0.418 
  25 S X   0.005 0.047 0.000 0.010 0.003 0.007 0.484 0.444 
  26 F X   0.005 0.037 0.000 0.007 0.002 0.006 0.478 0.465 
  27 D _   0.004 0.031 0.000 0.005 0.002 0.006 0.472 0.481 
  28 P _   0.004 0.027 0.000 0.004 0.002 0.005 0.465 0.493 
  29 K _   0.004 0.026 0.000 0.004 0.002 0.006 0.456 0.503 
  30 E _   0.004 0.026 0.000 0.005 0.002 0.006 0.446 0.511 
  31 G _   0.004 0.028 0.000 0.006 0.002 0.007 0.435 0.518 
  32 K _   0.005 0.032 0.000 0.008 0.003 0.008 0.421 0.523 
  33 F _   0.005 0.037 0.001 0.011 0.004 0.010 0.406 0.526 
  34 V _   0.005 0.045 0.001 0.015 0.005 0.011 0.390 0.528 
  35 G _   0.006 0.055 0.001 0.019 0.006 0.013 0.373 0.528 
  36 L _   0.006 0.063 0.001 0.022 0.007 0.014 0.357 0.530 
  37 P _   0.006 0.071 0.001 0.025 0.008 0.014 0.343 0.532 
  38 P _   0.006 0.077 0.001 0.027 0.008 0.015 0.330 0.536 
  39 Q _   0.007 0.082 0.001 0.028 0.009 0.015 0.318 0.540 
  40 W _   0.007 0.085 0.001 0.029 0.009 0.015 0.308 0.546 
  41 Q _   0.007 0.087 0.001 0.029 0.009 0.015 0.299 0.553 
  42 N _   0.007 0.087 0.001 0.029 0.009 0.015 0.291 0.561 
  43 I _   0.008 0.085 0.001 0.029 0.008 0.014 0.285 0.570 
  44 L _   0.008 0.082 0.001 0.027 0.008 0.014 0.279 0.580 
  45 D _   0.008 0.078 0.001 0.025 0.007 0.013 0.274 0.593 
  46 T _   0.009 0.071 0.001 0.022 0.007 0.012 0.270 0.609 
  47 L _   0.008 0.062 0.001 0.019 0.006 0.011 0.266 0.626 
  48 R _   0.008 0.052 0.001 0.015 0.005 0.010 0.263 0.646 
  49 R _   0.008 0.042 0.001 0.012 0.004 0.009 0.260 0.666 
  50 P _   0.007 0.032 0.000 0.009 0.003 0.008 0.256 0.684 
  51 K _   0.006 0.026 0.000 0.007 0.003 0.008 0.252 0.698 
  52 P _   0.006 0.021 0.000 0.005 0.002 0.007 0.248 0.709 
  53 V _   0.006 0.019 0.000 0.004 0.002 0.008 0.243 0.717 
  54 V _   0.006 0.018 0.000 0.004 0.002 0.008 0.238 0.722 
  55 D _   0.007 0.019 0.000 0.005 0.003 0.009 0.232 0.725 
  56 P _   0.008 0.021 0.000 0.006 0.003 0.011 0.225 0.725 
  57 S _   0.009 0.025 0.001 0.008 0.005 0.013 0.218 0.722 
  58 R _   0.010 0.031 0.001 0.011 0.006 0.015 0.210 0.715 
  59 I _   0.011 0.040 0.001 0.015 0.008 0.018 0.201 0.708 
  60 T _   0.012 0.049 0.001 0.018 0.009 0.019 0.192 0.700 
  61 R _   0.012 0.057 0.001 0.021 0.010 0.021 0.184 0.693 
  62 V _   0.013 0.066 0.001 0.023 0.011 0.022 0.176 0.688 
  63 Q _   0.013 0.072 0.001 0.024 0.012 0.023 0.169 0.686 
  64 L _   0.013 0.077 0.001 0.024 0.012 0.023 0.162 0.687 
  65 Q _   0.013 0.081 0.001 0.023 0.012 0.023 0.157 0.690 
  66 P _   0.014 0.083 0.001 0.022 0.012 0.023 0.151 0.694 
  67 M _   0.014 0.084 0.001 0.021 0.011 0.023 0.147 0.699 
  68 K _   0.014 0.085 0.001 0.019 0.011 0.023 0.142 0.704 
  69 T _   0.015 0.085 0.001 0.017 0.011 0.023 0.139 0.709 
  70 V _   0.015 0.086 0.001 0.016 0.010 0.023 0.135 0.713 
  71 V _   0.016 0.086 0.001 0.015 0.010 0.023 0.132 0.717 
  72 R _   0.016 0.086 0.001 0.015 0.010 0.023 0.129 0.720 
  73 G _   0.017 0.087 0.001 0.014 0.010 0.023 0.126 0.722 
  74 S _   0.018 0.088 0.001 0.014 0.010 0.023 0.124 0.722 
  75 A _   0.018 0.089 0.001 0.015 0.011 0.024 0.121 0.721 
  76 M _   0.019 0.090 0.001 0.015 0.011 0.024 0.119 0.721 
  77 P _   0.019 0.092 0.001 0.015 0.011 0.024 0.117 0.721 
  78 V _   0.020 0.094 0.001 0.016 0.011 0.024 0.116 0.720 
  79 D _   0.020 0.095 0.001 0.016 0.011 0.024 0.114 0.719 
  80 G _   0.020 0.097 0.001 0.016 0.011 0.024 0.113 0.720 
  81 Y _   0.020 0.098 0.001 0.015 0.010 0.023 0.112 0.720 
  82 I _   0.020 0.099 0.001 0.015 0.010 0.023 0.111 0.721 
  83 S _   0.020 0.100 0.001 0.015 0.010 0.023 0.110 0.722 
  84 G _   0.020 0.100 0.001 0.014 0.010 0.023 0.109 0.723 
  85 L _   0.019 0.101 0.001 0.014 0.009 0.023 0.109 0.724 
  86 L _   0.019 0.103 0.001 0.014 0.010 0.023 0.108 0.723 
  87 N _   0.019 0.105 0.001 0.014 0.010 0.023 0.108 0.721 
  88 D _   0.019 0.108 0.001 0.015 0.010 0.023 0.107 0.717 
  89 I _   0.019 0.111 0.001 0.017 0.010 0.023 0.107 0.712 
  90 Q _   0.018 0.115 0.001 0.019 0.011 0.022 0.107 0.707 
  91 K _   0.018 0.119 0.001 0.021 0.011 0.021 0.107 0.702 
  92 L _   0.018 0.121 0.001 0.023 0.011 0.021 0.108 0.698 
  93 S _   0.017 0.122 0.001 0.024 0.011 0.019 0.108 0.697 
  94 V _   0.016 0.121 0.001 0.025 0.010 0.018 0.110 0.699 
  95 I _   0.015 0.118 0.001 0.025 0.010 0.017 0.111 0.703 
  96 S _   0.014 0.114 0.001 0.024 0.009 0.016 0.113 0.710 
  97 S _   0.014 0.106 0.001 0.022 0.008 0.014 0.116 0.720 
  98 N _   0.013 0.097 0.001 0.019 0.007 0.013 0.118 0.732 
  99 T _   0.012 0.085 0.001 0.016 0.005 0.011 0.121 0.748 
 100 L _   0.010 0.073 0.001 0.013 0.004 0.010 0.124 0.765 
 101 R _   0.009 0.063 0.000 0.009 0.003 0.009 0.126 0.780 
 102 G _   0.008 0.056 0.000 0.007 0.003 0.008 0.128 0.791 
 103 R _   0.007 0.051 0.000 0.005 0.002 0.007 0.129 0.798 
 104 S _   0.006 0.049 0.000 0.005 0.002 0.007 0.129 0.802 
 105 P _   0.006 0.049 0.000 0.005 0.002 0.008 0.129 0.801 
 106 T _   0.006 0.053 0.000 0.006 0.002 0.008 0.129 0.796 
 107 S _   0.006 0.060 0.000 0.008 0.003 0.010 0.127 0.785 
 108 R _   0.007 0.075 0.001 0.012 0.005 0.012 0.125 0.764 
 109 R _   0.007 0.099 0.001 0.018 0.006 0.013 0.123 0.733 
 110 R _   0.008 0.131 0.001 0.025 0.008 0.015 0.119 0.694 
 111 A _   0.007 0.163 0.001 0.032 0.010 0.016 0.117 0.655 
 112 Q _   0.007 0.190 0.001 0.038 0.010 0.016 0.114 0.623 
 113 S _   0.007 0.210 0.001 0.043 0.011 0.016 0.113 0.600 
 114 L _   0.007 0.221 0.001 0.046 0.011 0.016 0.112 0.587 
 115 G _   0.007 0.226 0.001 0.047 0.011 0.015 0.112 0.582 
 116 L _   0.007 0.226 0.001 0.045 0.010 0.015 0.114 0.583 
 117 L _   0.007 0.221 0.001 0.041 0.010 0.014 0.116 0.590 
 118 G _   0.008 0.211 0.001 0.036 0.009 0.013 0.119 0.604 
 119 D _   0.008 0.195 0.001 0.031 0.008 0.012 0.123 0.623 
 120 E _   0.008 0.174 0.001 0.026 0.007 0.012 0.128 0.645 
 121 H _   0.008 0.150 0.001 0.021 0.006 0.011 0.133 0.670 
 122 W _   0.009 0.127 0.001 0.017 0.005 0.011 0.139 0.692 
 123 A _   0.009 0.108 0.001 0.015 0.005 0.010 0.144 0.709 
 124 T _   0.009 0.093 0.001 0.013 0.004 0.010 0.149 0.722 
 125 D _   0.009 0.081 0.000 0.012 0.004 0.010 0.154 0.731 
 126 P _   0.009 0.072 0.000 0.012 0.004 0.010 0.158 0.736 
 127 D _   0.008 0.064 0.000 0.012 0.003 0.009 0.162 0.740 
 128 M _   0.008 0.057 0.000 0.012 0.003 0.009 0.166 0.744 
 129 Y _   0.008 0.051 0.000 0.011 0.003 0.008 0.169 0.749 
 130 L _   0.007 0.045 0.000 0.010 0.003 0.008 0.172 0.754 
 131 Q _   0.007 0.039 0.000 0.009 0.003 0.007 0.174 0.761 
 132 S _   0.006 0.034 0.000 0.008 0.002 0.006 0.176 0.767 
 133 P _   0.005 0.030 0.000 0.006 0.002 0.006 0.177 0.773 
 134 Q _   0.005 0.028 0.000 0.005 0.002 0.006 0.178 0.777 
 135 S _   0.004 0.027 0.000 0.005 0.002 0.005 0.178 0.780 
 136 E _   0.004 0.027 0.000 0.005 0.002 0.006 0.177 0.780 
 137 R _   0.004 0.029 0.000 0.006 0.002 0.006 0.176 0.778 
 138 T _   0.004 0.032 0.000 0.007 0.002 0.007 0.174 0.773 
 139 D _   0.004 0.039 0.000 0.011 0.003 0.008 0.171 0.763 
 140 P _   0.005 0.050 0.001 0.015 0.004 0.009 0.168 0.749 
 141 H _   0.005 0.063 0.001 0.020 0.005 0.010 0.165 0.732 
 142 G _   0.005 0.075 0.001 0.025 0.006 0.011 0.162 0.716 
 143 L _   0.005 0.086 0.001 0.028 0.006 0.011 0.159 0.703 
 144 Y _   0.005 0.093 0.001 0.030 0.006 0.011 0.158 0.696 
 145 L _   0.005 0.097 0.001 0.031 0.006 0.011 0.156 0.693 
 146 S _   0.005 0.099 0.001 0.029 0.006 0.010 0.156 0.695 
 147 C _   0.005 0.098 0.001 0.026 0.005 0.010 0.156 0.700 
 148 N _   0.005 0.096 0.001 0.022 0.005 0.009 0.156 0.706 
 149 G _   0.005 0.093 0.001 0.019 0.004 0.009 0.157 0.713 
 150 G _   0.005 0.090 0.000 0.016 0.004 0.008 0.158 0.720 
 151 T _   0.005 0.086 0.000 0.013 0.003 0.008 0.159 0.725 
 152 P _   0.005 0.084 0.000 0.012 0.003 0.008 0.159 0.729 
 153 A _   0.005 0.081 0.000 0.011 0.003 0.007 0.160 0.731 
 154 G _   0.005 0.080 0.000 0.011 0.003 0.007 0.160 0.733 
 155 H _   0.005 0.079 0.000 0.011 0.003 0.007 0.161 0.734 
 156 K _   0.005 0.079 0.000 0.011 0.003 0.007 0.161 0.734 
 157 Q _   0.005 0.079 0.000 0.011 0.003 0.007 0.160 0.735 
 158 M _   0.005 0.079 0.000 0.011 0.003 0.007 0.160 0.736 
 159 P _   0.005 0.079 0.000 0.010 0.002 0.007 0.160 0.737 
 160 W _   0.005 0.079 0.000 0.009 0.002 0.007 0.159 0.739 
 161 P _   0.004 0.080 0.000 0.009 0.002 0.006 0.158 0.741 
 162 E _   0.004 0.082 0.000 0.008 0.002 0.006 0.156 0.742 
 163 P _   0.004 0.085 0.000 0.007 0.002 0.006 0.154 0.741 
 164 Q _   0.004 0.089 0.000 0.008 0.002 0.007 0.152 0.739 
 165 S _   0.004 0.097 0.000 0.008 0.002 0.007 0.148 0.732 
 166 P _   0.004 0.110 0.000 0.010 0.003 0.008 0.144 0.720 
 167 R _   0.005 0.132 0.001 0.013 0.004 0.010 0.139 0.697 
 168 V _   0.005 0.167 0.001 0.018 0.005 0.011 0.132 0.662 
 169 L _   0.005 0.214 0.001 0.022 0.007 0.012 0.124 0.614 
 170 P _   0.005 0.272 0.001 0.027 0.008 0.012 0.116 0.560 
 171 N _   0.005 0.330 0.001 0.029 0.008 0.012 0.108 0.507 
 172 G _   0.004 0.379 0.001 0.030 0.007 0.011 0.102 0.466 
 173 L _   0.004 0.416 0.001 0.028 0.007 0.010 0.097 0.437 
 174 A E   0.004 0.441 0.001 0.026 0.006 0.009 0.094 0.419 
 175 A E   0.003 0.457 0.001 0.023 0.005 0.009 0.092 0.410 
 176 K E   0.003 0.468 0.001 0.020 0.005 0.008 0.090 0.405 
 177 A E   0.003 0.475 0.000 0.017 0.004 0.008 0.089 0.403 
 178 Q E   0.003 0.481 0.000 0.015 0.004 0.008 0.088 0.401 
 179 S E   0.003 0.485 0.000 0.013 0.004 0.008 0.088 0.399 
 180 L E   0.004 0.491 0.000 0.012 0.003 0.008 0.088 0.394 
 181 G E   0.004 0.496 0.000 0.011 0.004 0.009 0.087 0.389 
 182 P E   0.004 0.503 0.000 0.011 0.004 0.009 0.087 0.381 
 183 A E   0.005 0.511 0.000 0.011 0.004 0.010 0.087 0.372 
 184 E E   0.005 0.520 0.000 0.011 0.004 0.011 0.087 0.362 
 185 F E   0.006 0.530 0.001 0.011 0.005 0.012 0.086 0.350 
 186 Q E   0.006 0.541 0.001 0.012 0.006 0.013 0.086 0.336 
 187 G E   0.007 0.555 0.001 0.013 0.007 0.014 0.086 0.319 
 188 A E   0.007 0.570 0.001 0.015 0.008 0.015 0.085 0.299 
 189 S E   0.008 0.588 0.001 0.017 0.010 0.016 0.085 0.276 
 190 Q E   0.008 0.607 0.001 0.020 0.011 0.016 0.085 0.252 
 191 R E   0.009 0.624 0.001 0.024 0.012 0.016 0.085 0.228 
 192 C E   0.009 0.637 0.001 0.028 0.013 0.016 0.086 0.210 
 193 L E   0.009 0.644 0.001 0.032 0.013 0.016 0.088 0.198 
 194 Q E   0.009 0.645 0.001 0.035 0.013 0.015 0.091 0.192 
 195 L E   0.009 0.638 0.001 0.038 0.013 0.014 0.095 0.192 
 196 G E   0.009 0.622 0.001 0.039 0.013 0.014 0.100 0.201 
 197 A E   0.010 0.589 0.002 0.040 0.013 0.014 0.109 0.224 
 198 C E   0.011 0.530 0.002 0.039 0.014 0.014 0.122 0.267 
 199 L E   0.013 0.441 0.002 0.037 0.014 0.014 0.143 0.336 
 200 Q _   0.015 0.328 0.002 0.032 0.013 0.015 0.170 0.425 
 201 S _   0.015 0.219 0.002 0.026 0.011 0.014 0.199 0.515 
 202 S _   0.014 0.134 0.001 0.018 0.008 0.013 0.225 0.587 
 203 P _   0.012 0.082 0.001 0.013 0.005 0.011 0.245 0.632 
 204 P _   0.009 0.054 0.000 0.009 0.003 0.009 0.259 0.656 
 205 G _   0.008 0.040 0.000 0.006 0.002 0.007 0.269 0.668 
 206 A _   0.006 0.033 0.000 0.005 0.002 0.006 0.275 0.672 
 207 S _   0.005 0.030 0.000 0.005 0.001 0.006 0.280 0.673 
 208 P _   0.005 0.028 0.000 0.005 0.001 0.006 0.283 0.671 
 209 P _   0.004 0.028 0.000 0.006 0.001 0.006 0.286 0.669 
 210 T _   0.004 0.029 0.000 0.007 0.002 0.006 0.287 0.665 
 211 G _   0.004 0.032 0.000 0.008 0.002 0.006 0.288 0.660 
 212 T _   0.004 0.034 0.000 0.010 0.002 0.007 0.288 0.654 
 213 N _   0.004 0.038 0.000 0.012 0.003 0.007 0.288 0.647 
 214 R _   0.004 0.042 0.000 0.014 0.003 0.008 0.288 0.641 
 215 H _   0.004 0.045 0.000 0.015 0.003 0.008 0.288 0.636 
 216 G _   0.004 0.048 0.000 0.016 0.003 0.007 0.289 0.633 
 217 M _   0.004 0.050 0.000 0.015 0.003 0.007 0.289 0.631 
 218 K _   0.004 0.051 0.000 0.014 0.003 0.007 0.290 0.632 
 219 A _   0.004 0.052 0.000 0.012 0.002 0.006 0.290 0.633 
 220 A _   0.003 0.052 0.000 0.010 0.002 0.006 0.290 0.635 
 221 K _   0.003 0.053 0.000 0.009 0.002 0.006 0.290 0.637 
 222 H _   0.003 0.055 0.000 0.007 0.002 0.006 0.290 0.637 
 223 G _   0.003 0.057 0.000 0.007 0.002 0.006 0.289 0.637 
 224 S _   0.003 0.061 0.000 0.007 0.002 0.007 0.287 0.633 
 225 E _   0.004 0.069 0.000 0.008 0.002 0.008 0.284 0.624 
 226 E _   0.004 0.082 0.000 0.011 0.003 0.010 0.281 0.609 
 227 A _   0.005 0.104 0.001 0.015 0.005 0.011 0.276 0.583 
 228 R _   0.006 0.136 0.001 0.022 0.007 0.013 0.270 0.546 
 229 P _   0.006 0.176 0.001 0.029 0.008 0.015 0.264 0.500 
 230 Q _   0.006 0.216 0.001 0.038 0.010 0.015 0.259 0.456 
 231 S _   0.006 0.248 0.001 0.045 0.011 0.015 0.255 0.420 
 232 C _   0.006 0.270 0.001 0.051 0.011 0.015 0.253 0.394 
 233 L _   0.006 0.282 0.001 0.055 0.011 0.015 0.252 0.378 
 234 V _   0.006 0.288 0.001 0.056 0.011 0.014 0.253 0.371 
 235 G _   0.006 0.287 0.001 0.055 0.010 0.014 0.256 0.371 
 236 S _   0.006 0.281 0.001 0.052 0.010 0.013 0.260 0.377 
 237 A _   0.006 0.267 0.001 0.047 0.009 0.012 0.266 0.391 
 238 T _   0.007 0.243 0.001 0.040 0.008 0.012 0.275 0.414 
 239 G _   0.007 0.209 0.001 0.033 0.007 0.011 0.286 0.446 
 240 R _   0.007 0.170 0.001 0.025 0.006 0.010 0.298 0.483 
 241 P _   0.007 0.132 0.001 0.019 0.005 0.009 0.310 0.518 
 242 G _   0.006 0.101 0.001 0.013 0.004 0.008 0.320 0.548 
 243 G _   0.006 0.079 0.000 0.009 0.003 0.007 0.328 0.568 
 244 E _   0.005 0.065 0.000 0.007 0.002 0.006 0.334 0.581 
 245 G _   0.004 0.057 0.000 0.005 0.001 0.006 0.337 0.589 
 246 S _   0.004 0.053 0.000 0.004 0.001 0.005 0.340 0.593 
 247 P _   0.003 0.052 0.000 0.004 0.001 0.005 0.341 0.594 
 248 S _   0.003 0.052 0.000 0.004 0.001 0.006 0.341 0.593 
 249 P _   0.003 0.054 0.000 0.005 0.002 0.007 0.339 0.589 
 250 K _   0.004 0.060 0.000 0.006 0.002 0.009 0.337 0.582 
 251 T _   0.004 0.070 0.000 0.008 0.003 0.012 0.334 0.569 
 252 R _   0.006 0.086 0.001 0.011 0.004 0.015 0.330 0.548 
 253 E _   0.007 0.111 0.001 0.014 0.006 0.019 0.324 0.517 
 254 S _   0.009 0.146 0.001 0.018 0.009 0.023 0.317 0.477 
 255 S _   0.011 0.189 0.001 0.021 0.013 0.027 0.310 0.428 
 256 L _   0.013 0.241 0.002 0.024 0.017 0.031 0.302 0.370 
 257 K _   0.015 0.296 0.002 0.025 0.021 0.033 0.295 0.312 
 258 R E   0.017 0.351 0.002 0.027 0.025 0.035 0.289 0.256 
 259 R E   0.018 0.400 0.002 0.027 0.027 0.035 0.285 0.207 
 260 L E   0.019 0.443 0.002 0.028 0.029 0.034 0.282 0.164 
 261 F E   0.019 0.476 0.002 0.029 0.029 0.032 0.281 0.132 
 262 R E   0.019 0.499 0.002 0.031 0.029 0.030 0.281 0.109 
 263 S E   0.019 0.513 0.001 0.033 0.027 0.028 0.284 0.094 
 264 M E   0.019 0.520 0.001 0.035 0.026 0.026 0.288 0.085 
 265 F E   0.019 0.521 0.001 0.037 0.024 0.024 0.294 0.081 
 266 L E   0.018 0.515 0.001 0.038 0.022 0.022 0.302 0.081 
 267 S E   0.018 0.500 0.002 0.039 0.021 0.020 0.315 0.087 
 268 T E   0.017 0.471 0.002 0.040 0.020 0.019 0.333 0.099 
 269 A E   0.018 0.422 0.002 0.039 0.019 0.018 0.361 0.121 
 270 A X   0.018 0.347 0.003 0.038 0.018 0.017 0.402 0.156 
 271 T X   0.018 0.255 0.003 0.034 0.016 0.016 0.457 0.201 
 272 A X   0.018 0.163 0.002 0.027 0.012 0.015 0.520 0.243 
 273 P X   0.015 0.092 0.001 0.019 0.008 0.013 0.577 0.275 
 274 P X   0.012 0.047 0.001 0.012 0.005 0.010 0.621 0.291 
 275 S X   0.009 0.023 0.000 0.008 0.003 0.007 0.653 0.295 
 276 S X   0.007 0.012 0.000 0.005 0.002 0.005 0.675 0.293 
 277 S X   0.005 0.006 0.000 0.003 0.001 0.004 0.691 0.289 
 278 K X   0.004 0.004 0.000 0.003 0.001 0.003 0.701 0.284 
 279 P X   0.003 0.002 0.000 0.002 0.001 0.003 0.708 0.280 
 280 G X   0.003 0.002 0.000 0.002 0.001 0.003 0.713 0.277 
 281 P X   0.002 0.001 0.000 0.002 0.001 0.003 0.716 0.275 
 282 P X   0.002 0.001 0.000 0.002 0.001 0.003 0.717 0.274 
 283 P X   0.002 0.001 0.000 0.003 0.001 0.003 0.717 0.273 
 284 Q X   0.002 0.001 0.000 0.003 0.001 0.003 0.717 0.273 
 285 S X   0.002 0.002 0.000 0.004 0.001 0.003 0.715 0.274 
 286 K X   0.002 0.002 0.000 0.005 0.001 0.003 0.713 0.274 
 287 P X   0.002 0.002 0.000 0.005 0.001 0.004 0.710 0.276 
 288 N X   0.002 0.002 0.000 0.006 0.001 0.004 0.707 0.278 
 289 S X   0.002 0.003 0.000 0.006 0.001 0.004 0.703 0.281 
 290 S X   0.002 0.003 0.000 0.006 0.001 0.004 0.699 0.284 
 291 F X   0.002 0.003 0.000 0.006 0.001 0.004 0.695 0.289 
 292 R X   0.002 0.003 0.000 0.005 0.001 0.003 0.690 0.295 
 293 P X   0.002 0.003 0.000 0.005 0.001 0.003 0.683 0.303 
 294 P X   0.002 0.004 0.000 0.004 0.001 0.003 0.676 0.311 
 295 Q X   0.002 0.004 0.000 0.003 0.001 0.003 0.667 0.320 
 296 K X   0.002 0.005 0.000 0.003 0.001 0.003 0.656 0.329 
 297 D X   0.002 0.007 0.000 0.004 0.001 0.004 0.644 0.338 
 298 N X   0.002 0.011 0.000 0.006 0.002 0.005 0.628 0.345 
 299 P X   0.003 0.018 0.000 0.009 0.003 0.007 0.610 0.350 
 300 P X   0.003 0.031 0.001 0.015 0.004 0.009 0.587 0.351 
 301 S X   0.004 0.049 0.001 0.022 0.006 0.011 0.561 0.347 
 302 L X   0.004 0.070 0.001 0.029 0.007 0.012 0.536 0.341 
 303 V X   0.004 0.088 0.001 0.035 0.008 0.013 0.514 0.338 
 304 A X   0.004 0.100 0.001 0.038 0.008 0.013 0.496 0.341 
 305 K X   0.004 0.107 0.001 0.037 0.007 0.012 0.481 0.351 
 306 A X   0.004 0.111 0.001 0.033 0.006 0.012 0.470 0.364 
 307 Q X   0.004 0.111 0.001 0.028 0.006 0.011 0.460 0.380 
 308 S X   0.004 0.110 0.001 0.021 0.005 0.010 0.451 0.398 
 309 L X   0.004 0.108 0.000 0.016 0.004 0.009 0.444 0.415 
 310 P X   0.004 0.106 0.000 0.012 0.003 0.009 0.437 0.428 
 311 S _   0.004 0.105 0.000 0.011 0.003 0.009 0.431 0.437 
 312 D _   0.004 0.106 0.000 0.011 0.003 0.010 0.424 0.442 
 313 Q _   0.005 0.109 0.000 0.012 0.004 0.011 0.416 0.442 
 314 P _   0.006 0.114 0.001 0.016 0.005 0.012 0.408 0.439 
 315 V _   0.006 0.120 0.001 0.021 0.006 0.013 0.400 0.432 
 316 G _   0.007 0.127 0.001 0.027 0.007 0.013 0.393 0.426 
 317 T _   0.007 0.131 0.001 0.031 0.008 0.013 0.386 0.422 
 318 F _   0.007 0.132 0.001 0.034 0.008 0.013 0.381 0.424 
 319 S _   0.007 0.130 0.001 0.033 0.008 0.012 0.377 0.432 
 320 P _   0.006 0.125 0.001 0.031 0.007 0.011 0.375 0.445 
 321 L _   0.006 0.115 0.001 0.026 0.006 0.010 0.373 0.463 
 322 T _   0.006 0.100 0.001 0.021 0.005 0.009 0.372 0.487 
 323 T _   0.005 0.083 0.001 0.015 0.004 0.008 0.371 0.513 
 324 S _   0.005 0.067 0.000 0.011 0.003 0.007 0.370 0.537 
 325 D _   0.005 0.055 0.000 0.008 0.002 0.006 0.369 0.556 
 326 T _   0.004 0.047 0.000 0.005 0.002 0.005 0.367 0.569 
 327 S _   0.004 0.043 0.000 0.004 0.001 0.005 0.364 0.578 
 328 S _   0.004 0.041 0.000 0.004 0.001 0.005 0.360 0.584 
 329 P _   0.004 0.042 0.000 0.005 0.002 0.006 0.355 0.587 
 330 Q _   0.004 0.044 0.000 0.007 0.002 0.007 0.348 0.588 
 331 K _   0.004 0.049 0.000 0.010 0.003 0.008 0.341 0.586 
 332 S _   0.004 0.056 0.000 0.014 0.004 0.009 0.332 0.581 
 333 L _   0.005 0.065 0.001 0.019 0.005 0.010 0.322 0.573 
 334 R _   0.005 0.075 0.001 0.024 0.006 0.011 0.313 0.565 
 335 T _   0.005 0.084 0.001 0.029 0.006 0.011 0.305 0.559 
 336 A _   0.005 0.090 0.001 0.033 0.007 0.011 0.298 0.555 
 337 P _   0.005 0.093 0.001 0.035 0.007 0.011 0.293 0.556 
 338 A _   0.005 0.094 0.001 0.034 0.007 0.011 0.289 0.560 
 339 T _   0.005 0.093 0.001 0.031 0.006 0.010 0.286 0.569 
 340 G _   0.005 0.088 0.001 0.026 0.005 0.009 0.283 0.582 
 341 Q _   0.005 0.082 0.001 0.021 0.004 0.008 0.282 0.597 
 342 L _   0.005 0.074 0.000 0.016 0.003 0.007 0.280 0.613 
 343 P _   0.005 0.066 0.000 0.012 0.003 0.007 0.279 0.629 
 344 G _   0.004 0.059 0.000 0.008 0.002 0.006 0.277 0.643 
 345 R _   0.004 0.054 0.000 0.006 0.002 0.006 0.274 0.654 
 346 S _   0.004 0.052 0.000 0.005 0.002 0.006 0.271 0.661 
 347 S _   0.004 0.052 0.000 0.005 0.002 0.006 0.267 0.665 
 348 P _   0.004 0.055 0.000 0.006 0.002 0.008 0.261 0.664 
 349 A _   0.005 0.061 0.000 0.008 0.003 0.010 0.254 0.658 
 350 G _   0.006 0.075 0.001 0.013 0.005 0.012 0.245 0.644 
 351 S _   0.007 0.099 0.001 0.020 0.007 0.015 0.233 0.618 
 352 P _   0.007 0.132 0.001 0.030 0.009 0.017 0.221 0.583 
 353 R _   0.007 0.165 0.001 0.040 0.011 0.018 0.208 0.549 
 354 T _   0.007 0.190 0.001 0.048 0.012 0.019 0.198 0.524 
 355 W _   0.007 0.206 0.001 0.054 0.013 0.019 0.191 0.509 
 356 H _   0.007 0.215 0.001 0.057 0.013 0.018 0.185 0.504 
 357 A _   0.007 0.217 0.001 0.056 0.013 0.018 0.181 0.507 
 358 Q _   0.007 0.215 0.001 0.052 0.012 0.017 0.179 0.517 
 359 I _   0.007 0.207 0.001 0.047 0.011 0.015 0.177 0.534 
 360 S _   0.008 0.192 0.001 0.040 0.010 0.014 0.177 0.558 
 361 T _   0.008 0.171 0.001 0.033 0.008 0.013 0.177 0.588 
 362 S _   0.008 0.145 0.001 0.025 0.007 0.012 0.178 0.623 
 363 N _   0.009 0.118 0.001 0.019 0.006 0.011 0.180 0.658 
 364 L _   0.008 0.093 0.001 0.014 0.004 0.010 0.181 0.689 
 365 Y _   0.008 0.074 0.000 0.010 0.003 0.009 0.181 0.714 
 366 L _   0.007 0.061 0.000 0.007 0.003 0.008 0.181 0.733 
 367 P _   0.006 0.053 0.000 0.006 0.002 0.007 0.180 0.746 
 368 Q _   0.006 0.050 0.000 0.005 0.002 0.007 0.178 0.753 
 369 D _   0.005 0.048 0.000 0.005 0.002 0.007 0.175 0.757 
 370 P _   0.005 0.049 0.000 0.006 0.002 0.007 0.172 0.758 
 371 T _   0.005 0.052 0.000 0.007 0.003 0.008 0.168 0.757 
 372 V _   0.006 0.058 0.000 0.010 0.003 0.009 0.163 0.751 
 373 A _   0.006 0.066 0.001 0.012 0.004 0.010 0.158 0.744 
 374 K _   0.006 0.076 0.001 0.015 0.005 0.011 0.152 0.735 
 375 G _   0.006 0.086 0.001 0.018 0.006 0.012 0.146 0.726 
 376 A _   0.006 0.095 0.001 0.019 0.006 0.012 0.140 0.720 
 377 L _   0.006 0.103 0.001 0.020 0.006 0.013 0.135 0.717 
 378 A _   0.006 0.108 0.001 0.020 0.006 0.013 0.131 0.715 
 379 G _   0.006 0.112 0.001 0.018 0.006 0.014 0.127 0.716 
 380 E _   0.006 0.114 0.001 0.017 0.006 0.014 0.124 0.717 
 381 D _   0.007 0.117 0.001 0.016 0.006 0.015 0.121 0.718 
 382 T _   0.008 0.119 0.001 0.014 0.006 0.016 0.118 0.717 
 383 G _   0.009 0.122 0.001 0.014 0.007 0.018 0.115 0.714 
 384 V _   0.010 0.126 0.001 0.014 0.007 0.020 0.112 0.708 
 385 V _   0.012 0.132 0.001 0.015 0.009 0.022 0.110 0.700 
 386 T _   0.014 0.138 0.001 0.017 0.010 0.024 0.107 0.690 
 387 H _   0.016 0.146 0.001 0.019 0.012 0.026 0.104 0.677 
 388 E _   0.018 0.155 0.001 0.022 0.014 0.028 0.101 0.662 
 389 Q _   0.019 0.163 0.001 0.026 0.016 0.029 0.099 0.647 
 390 F _   0.021 0.171 0.001 0.030 0.018 0.030 0.097 0.633 
 391 K _   0.022 0.177 0.001 0.034 0.019 0.030 0.095 0.622 
 392 A _   0.022 0.180 0.001 0.038 0.019 0.029 0.094 0.616 
 393 A _   0.023 0.180 0.001 0.040 0.019 0.028 0.094 0.615 
 394 L _   0.023 0.176 0.001 0.040 0.018 0.026 0.094 0.621 
 395 R _   0.022 0.167 0.001 0.039 0.016 0.024 0.095 0.636 
 396 M _   0.021 0.152 0.001 0.035 0.014 0.021 0.096 0.659 
 397 V _   0.019 0.130 0.001 0.030 0.012 0.019 0.098 0.691 
 398 V _   0.018 0.102 0.001 0.023 0.009 0.017 0.100 0.729 
 399 D _   0.016 0.073 0.001 0.017 0.007 0.014 0.102 0.769 
 400 Q _   0.014 0.047 0.001 0.012 0.005 0.012 0.104 0.804 
 401 G _   0.012 0.028 0.001 0.008 0.004 0.011 0.105 0.832 
 402 D _   0.011 0.017 0.000 0.006 0.003 0.009 0.106 0.849 
 403 P _   0.009 0.011 0.000 0.004 0.002 0.009 0.106 0.859 
 404 R _   0.008 0.008 0.000 0.004 0.002 0.008 0.105 0.864 
 405 L _   0.008 0.007 0.000 0.004 0.002 0.009 0.105 0.866 
 406 L _   0.008 0.007 0.000 0.004 0.002 0.009 0.103 0.866 
 407 L _   0.008 0.007 0.000 0.005 0.003 0.011 0.102 0.865 
 408 D _   0.009 0.009 0.000 0.006 0.003 0.012 0.100 0.861 
 409 S _   0.010 0.011 0.000 0.007 0.004 0.015 0.097 0.855 
 410 Y _   0.012 0.016 0.001 0.009 0.005 0.017 0.094 0.846 
 411 V _   0.014 0.022 0.001 0.011 0.007 0.021 0.091 0.833 
 412 K _   0.017 0.031 0.001 0.014 0.010 0.024 0.087 0.816 
 413 I _   0.020 0.042 0.001 0.017 0.013 0.028 0.083 0.796 
 414 G _   0.023 0.056 0.001 0.022 0.016 0.032 0.080 0.770 
 415 E _   0.026 0.072 0.002 0.027 0.020 0.035 0.076 0.741 
 416 G _   0.028 0.089 0.002 0.034 0.024 0.038 0.073 0.712 
 417 S _   0.031 0.103 0.002 0.041 0.027 0.039 0.070 0.687 
 418 T _   0.032 0.113 0.002 0.048 0.028 0.039 0.068 0.670 
 419 G _   0.032 0.119 0.002 0.052 0.028 0.038 0.066 0.662 
 420 I _   0.032 0.121 0.002 0.053 0.026 0.036 0.065 0.665 
 421 V _   0.030 0.118 0.002 0.051 0.023 0.033 0.065 0.679 
 422 C _   0.027 0.110 0.002 0.044 0.019 0.030 0.065 0.703 
 423 L _   0.025 0.096 0.001 0.035 0.015 0.026 0.065 0.736 
 424 A _   0.022 0.077 0.001 0.025 0.011 0.022 0.065 0.776 
 425 R _   0.018 0.057 0.001 0.016 0.008 0.019 0.065 0.815 
 426 E _   0.015 0.042 0.001 0.010 0.005 0.016 0.065 0.845 
 427 K _   0.013 0.032 0.000 0.007 0.004 0.014 0.065 0.864 
 428 H _   0.011 0.028 0.000 0.005 0.003 0.014 0.064 0.874 
 429 S _   0.011 0.027 0.000 0.005 0.003 0.014 0.063 0.875 
 430 G _   0.012 0.029 0.000 0.007 0.004 0.015 0.062 0.870 
 431 R _   0.013 0.033 0.001 0.012 0.006 0.016 0.060 0.859 
 432 Q _   0.014 0.040 0.001 0.018 0.008 0.018 0.059 0.843 
 433 V _   0.015 0.047 0.001 0.026 0.010 0.019 0.057 0.827 
 434 A _   0.015 0.052 0.001 0.032 0.011 0.019 0.056 0.814 
 435 V _   0.015 0.054 0.001 0.035 0.011 0.019 0.055 0.810 
 436 K _   0.014 0.054 0.001 0.035 0.011 0.018 0.055 0.812 
 437 M _   0.013 0.051 0.001 0.032 0.010 0.016 0.054 0.823 
 438 M _   0.013 0.044 0.001 0.026 0.008 0.015 0.054 0.839 
 439 D _   0.012 0.035 0.001 0.019 0.006 0.013 0.054 0.859 
 440 L _   0.011 0.025 0.001 0.013 0.005 0.012 0.054 0.880 
 441 R _   0.010 0.016 0.000 0.008 0.003 0.011 0.054 0.897 
 442 K _   0.009 0.011 0.000 0.005 0.003 0.010 0.054 0.908 
 443 Q _   0.009 0.008 0.000 0.004 0.002 0.010 0.053 0.914 
 444 Q _   0.009 0.007 0.000 0.003 0.002 0.011 0.052 0.915 
 445 R _   0.010 0.007 0.000 0.004 0.003 0.012 0.051 0.912 
 446 R _   0.012 0.009 0.000 0.006 0.004 0.015 0.050 0.904 
 447 E _   0.015 0.013 0.001 0.009 0.006 0.018 0.048 0.891 
 448 L _   0.017 0.020 0.001 0.014 0.009 0.022 0.046 0.872 
 449 L _   0.020 0.029 0.001 0.021 0.012 0.025 0.043 0.849 
 450 F _   0.022 0.038 0.001 0.029 0.015 0.027 0.041 0.826 
 451 N _   0.023 0.045 0.001 0.036 0.018 0.029 0.039 0.809 
 452 E _   0.024 0.050 0.001 0.040 0.019 0.030 0.037 0.799 
 453 V _   0.025 0.051 0.001 0.041 0.019 0.029 0.035 0.797 
 454 V _   0.025 0.050 0.001 0.039 0.018 0.028 0.034 0.804 
 455 I _   0.024 0.046 0.001 0.034 0.016 0.027 0.033 0.818 
 456 M _   0.024 0.040 0.001 0.028 0.014 0.025 0.033 0.836 
 457 R _   0.023 0.032 0.001 0.021 0.012 0.023 0.032 0.858 
 458 D _   0.021 0.023 0.001 0.015 0.009 0.021 0.031 0.879 
 459 Y _   0.020 0.015 0.001 0.011 0.007 0.020 0.031 0.895 
 460 Q _   0.019 0.010 0.001 0.009 0.006 0.019 0.030 0.907 
 461 H _   0.018 0.007 0.001 0.008 0.006 0.018 0.029 0.914 
 462 F _   0.020 0.005 0.001 0.007 0.005 0.018 0.028 0.916 
 463 N _   0.022 0.004 0.001 0.008 0.006 0.018 0.027 0.915 
 464 V _   0.026 0.003 0.001 0.008 0.006 0.019 0.026 0.911 
 465 V _   0.032 0.003 0.001 0.009 0.006 0.020 0.025 0.905 
 466 E _   0.040 0.002 0.001 0.009 0.007 0.021 0.023 0.896 
 467 M _   0.052 0.002 0.001 0.009 0.008 0.022 0.022 0.885 
 468 Y _   0.069 0.001 0.001 0.008 0.009 0.024 0.020 0.869 
 469 K _   0.092 0.001 0.001 0.006 0.009 0.025 0.018 0.848 
 470 S _   0.122 0.000 0.001 0.005 0.010 0.027 0.017 0.819 
 471 Y _   0.162 0.000 0.001 0.004 0.011 0.028 0.015 0.779 
 472 L _   0.210 0.000 0.001 0.003 0.013 0.030 0.013 0.730 
 473 V _   0.269 0.000 0.001 0.003 0.015 0.032 0.011 0.669 
 474 G _   0.334 0.000 0.001 0.003 0.018 0.034 0.009 0.601 
 475 E _   0.400 0.000 0.001 0.003 0.022 0.036 0.008 0.531 
 476 E _   0.462 0.000 0.002 0.003 0.026 0.036 0.007 0.464 
 477 L H   0.516 0.000 0.002 0.003 0.030 0.037 0.006 0.407 
 478 W H   0.559 0.000 0.002 0.003 0.033 0.036 0.005 0.362 
 479 V H   0.591 0.000 0.002 0.004 0.035 0.035 0.005 0.330 
 480 L H   0.609 0.000 0.002 0.004 0.035 0.033 0.004 0.313 
 481 M H   0.616 0.000 0.002 0.004 0.034 0.031 0.004 0.309 
 482 E H   0.612 0.000 0.002 0.004 0.032 0.029 0.004 0.317 
 483 F H   0.599 0.000 0.002 0.003 0.029 0.027 0.004 0.336 
 484 L H   0.573 0.000 0.002 0.003 0.025 0.025 0.005 0.367 
 485 Q H   0.538 0.000 0.001 0.003 0.021 0.023 0.005 0.408 
 486 G H   0.494 0.000 0.001 0.003 0.018 0.022 0.005 0.456 
 487 G _   0.447 0.000 0.001 0.003 0.015 0.021 0.006 0.508 
 488 A _   0.399 0.000 0.001 0.003 0.012 0.019 0.006 0.559 
 489 L _   0.351 0.000 0.001 0.003 0.010 0.018 0.007 0.609 
 490 T _   0.309 0.000 0.001 0.003 0.009 0.017 0.007 0.653 
 491 D _   0.275 0.000 0.001 0.004 0.008 0.017 0.008 0.689 
 492 I _   0.247 0.000 0.001 0.004 0.007 0.016 0.008 0.717 
 493 V _   0.228 0.000 0.001 0.004 0.006 0.015 0.008 0.738 
 494 S _   0.216 0.000 0.001 0.003 0.005 0.014 0.008 0.752 
 495 Q _   0.210 0.000 0.001 0.003 0.005 0.014 0.008 0.759 
 496 V _   0.213 0.000 0.001 0.002 0.005 0.013 0.008 0.758 
 497 R _   0.224 0.000 0.001 0.002 0.005 0.013 0.007 0.748 
 498 L _   0.244 0.000 0.001 0.002 0.005 0.014 0.007 0.729 
 499 N _   0.276 0.000 0.001 0.001 0.005 0.014 0.006 0.696 
 500 E _   0.320 0.000 0.001 0.001 0.006 0.016 0.006 0.651 
 501 E _   0.377 0.000 0.001 0.001 0.008 0.017 0.005 0.592 
 502 Q _   0.445 0.000 0.001 0.001 0.010 0.018 0.004 0.520 
 503 I H   0.517 0.000 0.001 0.001 0.013 0.020 0.004 0.444 
 504 A H   0.586 0.000 0.001 0.001 0.016 0.021 0.003 0.371 
 505 T H   0.645 0.000 0.001 0.001 0.020 0.022 0.003 0.308 
 506 V H   0.689 0.000 0.001 0.002 0.023 0.022 0.002 0.261 
 507 C H   0.719 0.000 0.001 0.002 0.025 0.021 0.002 0.229 
 508 E H   0.736 0.000 0.001 0.002 0.026 0.021 0.002 0.211 
 509 A H   0.740 0.000 0.001 0.002 0.026 0.020 0.003 0.207 
 510 V H   0.734 0.000 0.002 0.002 0.026 0.020 0.003 0.213 
 511 L H   0.717 0.000 0.001 0.002 0.025 0.019 0.004 0.232 
 512 Q H   0.687 0.000 0.001 0.002 0.023 0.019 0.004 0.264 
 513 A H   0.645 0.000 0.001 0.002 0.020 0.019 0.005 0.307 
 514 L H   0.591 0.000 0.001 0.002 0.018 0.019 0.006 0.362 
 515 A H   0.527 0.000 0.001 0.002 0.017 0.019 0.008 0.425 
 516 Y _   0.460 0.000 0.001 0.003 0.015 0.020 0.010 0.491 
 517 L _   0.390 0.000 0.001 0.004 0.015 0.020 0.012 0.558 
 518 H _   0.325 0.000 0.001 0.005 0.014 0.021 0.014 0.619 
 519 A _   0.266 0.001 0.001 0.008 0.013 0.021 0.017 0.675 
 520 Q _   0.210 0.001 0.001 0.009 0.012 0.020 0.019 0.727 
 521 G _   0.162 0.001 0.001 0.010 0.010 0.019 0.021 0.775 
 522 V _   0.121 0.001 0.001 0.010 0.009 0.018 0.023 0.818 
 523 I _   0.089 0.001 0.001 0.009 0.007 0.016 0.025 0.854 
 524 H _   0.065 0.001 0.001 0.007 0.005 0.014 0.026 0.881 
 525 R _   0.047 0.001 0.001 0.006 0.004 0.013 0.027 0.902 
 526 D _   0.034 0.001 0.000 0.005 0.004 0.012 0.027 0.916 
 527 I _   0.026 0.002 0.000 0.004 0.003 0.012 0.028 0.924 
 528 K _   0.021 0.003 0.000 0.005 0.004 0.013 0.028 0.926 
 529 S _   0.019 0.005 0.001 0.006 0.005 0.014 0.029 0.922 
 530 D _   0.018 0.010 0.001 0.009 0.006 0.016 0.029 0.912 
 531 S _   0.018 0.017 0.001 0.014 0.008 0.017 0.029 0.897 
 532 I _   0.018 0.026 0.001 0.019 0.009 0.019 0.029 0.880 
 533 L _   0.017 0.034 0.001 0.024 0.010 0.020 0.029 0.865 
 534 L _   0.016 0.041 0.001 0.027 0.011 0.020 0.029 0.855 
 535 T _   0.016 0.045 0.001 0.027 0.011 0.019 0.029 0.852 
 536 L _   0.014 0.046 0.001 0.026 0.010 0.019 0.029 0.855 
 537 D _   0.013 0.046 0.001 0.022 0.009 0.018 0.030 0.861 
 538 G _   0.013 0.045 0.001 0.018 0.008 0.017 0.030 0.869 
 539 R _   0.012 0.044 0.001 0.014 0.006 0.016 0.030 0.876 
 540 V _   0.012 0.043 0.001 0.012 0.006 0.016 0.031 0.881 
 541 K _   0.012 0.043 0.001 0.011 0.006 0.016 0.031 0.881 
 542 L _   0.013 0.044 0.001 0.012 0.006 0.017 0.031 0.877 
 543 S _   0.014 0.047 0.001 0.015 0.007 0.017 0.031 0.868 
 544 D _   0.014 0.051 0.001 0.019 0.008 0.018 0.031 0.857 
 545 F _   0.015 0.055 0.001 0.025 0.010 0.019 0.032 0.844 
 546 G _   0.015 0.058 0.001 0.030 0.011 0.019 0.032 0.834 
 547 F _   0.015 0.060 0.001 0.033 0.011 0.018 0.033 0.829 
 548 C _   0.014 0.058 0.001 0.034 0.011 0.017 0.034 0.831 
 549 A _   0.014 0.054 0.001 0.031 0.010 0.016 0.035 0.839 
 550 Q _   0.012 0.047 0.001 0.026 0.008 0.014 0.037 0.855 
 551 I _   0.011 0.036 0.001 0.020 0.006 0.012 0.038 0.875 
 552 S _   0.010 0.025 0.001 0.014 0.005 0.010 0.039 0.896 
 553 K _   0.009 0.015 0.000 0.009 0.003 0.009 0.041 0.913 
 554 D _   0.008 0.009 0.000 0.006 0.003 0.008 0.042 0.925 
 555 V _   0.007 0.005 0.000 0.004 0.002 0.008 0.042 0.932 
 556 P _   0.007 0.003 0.000 0.003 0.002 0.008 0.043 0.934 
 557 K _   0.007 0.003 0.000 0.003 0.002 0.009 0.043 0.933 
 558 R _   0.008 0.003 0.000 0.004 0.003 0.011 0.042 0.929 
 559 K _   0.010 0.003 0.000 0.006 0.003 0.013 0.042 0.922 
 560 S _   0.012 0.005 0.001 0.008 0.005 0.016 0.041 0.912 
 561 L _   0.014 0.007 0.001 0.012 0.007 0.020 0.040 0.899 
 562 V _   0.016 0.010 0.001 0.016 0.010 0.024 0.039 0.884 
 563 G _   0.019 0.013 0.001 0.021 0.012 0.027 0.038 0.869 
 564 T _   0.022 0.015 0.001 0.025 0.015 0.030 0.037 0.854 
 565 P _   0.025 0.016 0.001 0.027 0.017 0.033 0.037 0.843 
 566 Y _   0.028 0.017 0.001 0.028 0.019 0.035 0.036 0.835 
 567 W _   0.032 0.016 0.001 0.027 0.020 0.036 0.036 0.832 
 568 M _   0.035 0.015 0.001 0.025 0.019 0.036 0.036 0.832 
 569 A _   0.039 0.013 0.001 0.022 0.018 0.036 0.036 0.834 
 570 P _   0.045 0.010 0.001 0.018 0.017 0.035 0.036 0.838 
 571 E _   0.052 0.008 0.001 0.015 0.015 0.034 0.036 0.840 
 572 V _   0.060 0.005 0.001 0.012 0.013 0.033 0.036 0.840 
 573 I _   0.072 0.003 0.001 0.009 0.012 0.032 0.036 0.836 
 574 S _   0.086 0.002 0.001 0.007 0.011 0.031 0.036 0.827 
 575 R _   0.103 0.001 0.001 0.006 0.010 0.031 0.035 0.813 
 576 S _   0.125 0.000 0.001 0.004 0.010 0.030 0.035 0.793 
 577 L _   0.152 0.000 0.001 0.004 0.010 0.030 0.035 0.768 
 578 Y _   0.185 0.000 0.001 0.003 0.011 0.031 0.035 0.735 
 579 A _   0.224 0.000 0.001 0.003 0.011 0.031 0.034 0.696 
 580 T _   0.270 0.000 0.001 0.002 0.013 0.032 0.034 0.648 
 581 E _   0.323 0.000 0.001 0.002 0.014 0.033 0.034 0.593 
 582 V _   0.377 0.000 0.001 0.002 0.017 0.034 0.035 0.534 
 583 D _   0.432 0.000 0.001 0.002 0.021 0.036 0.035 0.472 
 584 I H   0.483 0.000 0.002 0.002 0.026 0.037 0.037 0.412 
 585 W H   0.525 0.000 0.002 0.003 0.032 0.039 0.039 0.362 
 586 S H   0.555 0.000 0.002 0.003 0.038 0.039 0.041 0.321 
 587 L H   0.571 0.001 0.002 0.005 0.043 0.040 0.046 0.293 
 588 G H   0.573 0.002 0.002 0.007 0.047 0.040 0.051 0.279 
 589 I H   0.559 0.003 0.003 0.010 0.049 0.039 0.059 0.279 
 590 M H   0.529 0.003 0.003 0.013 0.049 0.038 0.069 0.296 
 591 V H   0.484 0.004 0.003 0.016 0.045 0.036 0.083 0.330 
 592 I H   0.423 0.004 0.003 0.018 0.039 0.033 0.099 0.381 
 593 E _   0.352 0.004 0.003 0.018 0.032 0.029 0.118 0.446 
 594 M _   0.275 0.003 0.002 0.016 0.023 0.025 0.138 0.518 
 595 V _   0.202 0.002 0.002 0.013 0.015 0.020 0.157 0.589 
 596 D _   0.141 0.001 0.001 0.009 0.009 0.016 0.174 0.649 
 597 G _   0.092 0.001 0.001 0.006 0.005 0.012 0.188 0.694 
 598 E _   0.058 0.000 0.000 0.004 0.003 0.009 0.199 0.725 
 599 P _   0.035 0.000 0.000 0.003 0.002 0.007 0.207 0.744 
 600 P _   0.021 0.000 0.000 0.002 0.002 0.006 0.214 0.754 
 601 Y _   0.014 0.001 0.000 0.002 0.001 0.006 0.218 0.757 
 602 F _   0.010 0.001 0.000 0.003 0.002 0.006 0.222 0.755 
 603 S _   0.008 0.004 0.000 0.005 0.002 0.008 0.225 0.748 
 604 D _   0.008 0.009 0.000 0.009 0.003 0.010 0.227 0.734 
 605 S _   0.008 0.018 0.001 0.016 0.005 0.012 0.229 0.712 
 606 P _   0.008 0.032 0.001 0.026 0.007 0.014 0.230 0.683 
 607 V _   0.008 0.046 0.001 0.037 0.008 0.015 0.232 0.653 
 608 Q _   0.008 0.056 0.001 0.046 0.009 0.016 0.234 0.629 
 609 A _   0.008 0.062 0.001 0.052 0.010 0.016 0.238 0.613 
 610 M _   0.008 0.064 0.001 0.053 0.010 0.015 0.243 0.606 
 611 K _   0.007 0.063 0.001 0.049 0.009 0.014 0.250 0.607 
 612 R _   0.007 0.058 0.001 0.042 0.008 0.012 0.258 0.614 
 613 L _   0.006 0.049 0.001 0.033 0.006 0.011 0.268 0.626 
 614 R _   0.006 0.038 0.001 0.023 0.005 0.009 0.278 0.640 
 615 D _   0.006 0.027 0.000 0.015 0.003 0.007 0.288 0.654 
 616 S _   0.005 0.017 0.000 0.009 0.002 0.006 0.296 0.664 
 617 P _   0.004 0.011 0.000 0.005 0.001 0.005 0.302 0.671 
 618 P _   0.004 0.008 0.000 0.003 0.001 0.004 0.306 0.673 
 619 P _   0.003 0.006 0.000 0.003 0.001 0.004 0.309 0.674 
 620 K _   0.003 0.006 0.000 0.002 0.001 0.004 0.310 0.673 
 621 L _   0.003 0.007 0.000 0.003 0.001 0.005 0.310 0.671 
 622 K _   0.004 0.009 0.000 0.003 0.001 0.007 0.309 0.667 
 623 N _   0.005 0.013 0.000 0.005 0.002 0.009 0.307 0.658 
 624 S _   0.006 0.023 0.000 0.008 0.003 0.012 0.304 0.643 
 625 H _   0.008 0.043 0.001 0.013 0.006 0.017 0.298 0.615 
 626 K _   0.010 0.076 0.001 0.019 0.009 0.021 0.291 0.572 
 627 V _   0.012 0.124 0.001 0.027 0.013 0.025 0.283 0.516 
 628 S _   0.013 0.177 0.002 0.035 0.017 0.027 0.274 0.455 
 629 P _   0.014 0.225 0.002 0.043 0.019 0.029 0.267 0.402 
 630 V _   0.014 0.260 0.002 0.051 0.021 0.030 0.262 0.360 
 631 L _   0.014 0.283 0.002 0.057 0.022 0.030 0.259 0.333 
 632 R _   0.014 0.295 0.001 0.061 0.023 0.029 0.258 0.318 
 633 D _   0.015 0.300 0.001 0.063 0.022 0.028 0.259 0.313 
 634 F _   0.015 0.297 0.001 0.061 0.021 0.026 0.261 0.317 
 635 L _   0.015 0.287 0.002 0.057 0.019 0.024 0.265 0.330 
 636 E _   0.015 0.267 0.002 0.051 0.017 0.022 0.272 0.355 
 637 R _   0.015 0.233 0.002 0.042 0.015 0.019 0.280 0.394 
 638 M _   0.014 0.185 0.002 0.033 0.012 0.017 0.291 0.446 
 639 L _   0.014 0.130 0.001 0.024 0.009 0.015 0.302 0.505 
 640 V _   0.012 0.081 0.001 0.016 0.007 0.013 0.312 0.559 
 641 R _   0.010 0.046 0.001 0.010 0.004 0.011 0.320 0.597 
 642 D _   0.008 0.027 0.000 0.006 0.003 0.010 0.326 0.619 
 643 P _   0.007 0.017 0.000 0.005 0.002 0.009 0.330 0.630 
 644 Q _   0.006 0.013 0.000 0.004 0.002 0.008 0.332 0.634 
 645 E _   0.006 0.011 0.000 0.004 0.002 0.009 0.334 0.634 
 646 R _   0.006 0.011 0.000 0.005 0.002 0.009 0.336 0.631 
 647 A _   0.007 0.011 0.000 0.006 0.003 0.011 0.337 0.626 
 648 T _   0.007 0.011 0.000 0.008 0.003 0.012 0.337 0.620 
 649 A _   0.008 0.013 0.000 0.010 0.004 0.014 0.338 0.614 
 650 Q _   0.008 0.014 0.001 0.011 0.005 0.015 0.338 0.608 
 651 E _   0.009 0.014 0.001 0.012 0.006 0.017 0.339 0.602 
 652 L _   0.010 0.015 0.001 0.013 0.007 0.019 0.339 0.596 
 653 L _   0.012 0.015 0.001 0.013 0.007 0.021 0.340 0.590 
 654 D _   0.014 0.015 0.001 0.013 0.008 0.023 0.342 0.583 
 655 H _   0.018 0.015 0.001 0.012 0.009 0.026 0.344 0.575 
 656 P _   0.022 0.016 0.001 0.012 0.011 0.029 0.347 0.564 
 657 F _   0.027 0.016 0.001 0.012 0.012 0.031 0.350 0.552 
 658 L _   0.032 0.016 0.001 0.012 0.013 0.034 0.353 0.538 
 659 L _   0.039 0.017 0.001 0.011 0.014 0.037 0.358 0.523 
 660 Q _   0.045 0.017 0.001 0.011 0.015 0.040 0.362 0.508 
 661 T _   0.051 0.018 0.001 0.011 0.016 0.042 0.367 0.493 
 662 G _   0.056 0.020 0.001 0.011 0.018 0.044 0.373 0.477 
 663 L _   0.062 0.022 0.001 0.011 0.019 0.046 0.379 0.459 
