#TopoPred_TM8: 8-state transmembrane topology prediction results by no_profile mode 
#probabilities are in the order of H E C I L F X _, the 8 transmembrane topology types used in PDBTM 
   1 M X   0.016 0.002 0.002 0.050 0.009 0.012 0.560 0.348 
   2 D X   0.005 0.002 0.000 0.029 0.002 0.006 0.572 0.385 
   3 K X   0.001 0.002 0.000 0.019 0.001 0.005 0.571 0.400 
   4 Y X   0.002 0.004 0.000 0.018 0.001 0.007 0.563 0.404 
   5 D X   0.004 0.013 0.000 0.023 0.003 0.013 0.546 0.398 
   6 V X   0.008 0.031 0.001 0.032 0.007 0.022 0.517 0.382 
   7 I X   0.012 0.070 0.001 0.045 0.012 0.029 0.481 0.351 
   8 K X   0.013 0.127 0.002 0.060 0.016 0.032 0.436 0.314 
   9 A X   0.013 0.187 0.002 0.072 0.018 0.032 0.393 0.282 
  10 I X   0.011 0.236 0.002 0.080 0.019 0.030 0.359 0.262 
  11 G X   0.009 0.266 0.002 0.084 0.019 0.028 0.335 0.256 
  12 Q X   0.009 0.281 0.002 0.084 0.019 0.027 0.319 0.260 
  13 G X   0.009 0.287 0.001 0.081 0.018 0.025 0.308 0.271 
  14 A X   0.009 0.287 0.001 0.075 0.017 0.023 0.300 0.288 
  15 F _   0.009 0.281 0.001 0.067 0.015 0.021 0.294 0.312 
  16 G _   0.009 0.266 0.001 0.057 0.013 0.019 0.291 0.342 
  17 K _   0.009 0.243 0.001 0.048 0.011 0.017 0.289 0.381 
  18 A _   0.010 0.211 0.001 0.038 0.010 0.015 0.288 0.428 
  19 Y _   0.009 0.172 0.001 0.029 0.008 0.014 0.287 0.480 
  20 L _   0.009 0.133 0.001 0.021 0.006 0.012 0.287 0.532 
  21 A _   0.008 0.099 0.001 0.014 0.004 0.010 0.286 0.578 
  22 K _   0.007 0.074 0.000 0.009 0.003 0.009 0.284 0.614 
  23 G _   0.006 0.059 0.000 0.006 0.002 0.008 0.281 0.638 
  24 K _   0.005 0.052 0.000 0.004 0.002 0.007 0.277 0.652 
  25 S _   0.005 0.049 0.000 0.004 0.002 0.007 0.272 0.660 
  26 D _   0.005 0.049 0.000 0.005 0.002 0.008 0.267 0.663 
  27 S _   0.006 0.052 0.000 0.007 0.003 0.010 0.260 0.661 
  28 K _   0.007 0.060 0.001 0.011 0.004 0.013 0.252 0.652 
  29 H _   0.008 0.074 0.001 0.018 0.007 0.015 0.241 0.636 
  30 C _   0.009 0.092 0.001 0.027 0.009 0.017 0.231 0.614 
  31 V _   0.010 0.111 0.001 0.036 0.011 0.019 0.220 0.592 
  32 I _   0.010 0.125 0.001 0.044 0.013 0.020 0.212 0.576 
  33 K _   0.011 0.133 0.001 0.049 0.013 0.020 0.205 0.568 
  34 E _   0.011 0.136 0.001 0.051 0.013 0.019 0.200 0.569 
  35 I _   0.011 0.136 0.001 0.049 0.013 0.019 0.196 0.576 
  36 N _   0.011 0.130 0.001 0.045 0.012 0.017 0.194 0.591 
  37 F _   0.011 0.120 0.001 0.038 0.010 0.016 0.192 0.612 
  38 E _   0.011 0.105 0.001 0.031 0.008 0.014 0.192 0.639 
  39 K _   0.010 0.086 0.001 0.024 0.007 0.012 0.191 0.669 
  40 M _   0.010 0.066 0.001 0.017 0.005 0.011 0.191 0.699 
  41 P _   0.009 0.049 0.001 0.012 0.004 0.009 0.191 0.725 
  42 I _   0.008 0.036 0.000 0.008 0.003 0.008 0.189 0.747 
  43 Q _   0.007 0.028 0.000 0.006 0.002 0.007 0.187 0.762 
  44 E _   0.006 0.023 0.000 0.005 0.002 0.006 0.185 0.773 
  45 K _   0.005 0.021 0.000 0.004 0.002 0.006 0.181 0.780 
  46 E _   0.005 0.021 0.000 0.004 0.002 0.007 0.177 0.784 
  47 A _   0.005 0.022 0.000 0.005 0.002 0.008 0.172 0.786 
  48 S _   0.006 0.025 0.000 0.007 0.003 0.009 0.166 0.785 
  49 K _   0.006 0.031 0.000 0.011 0.004 0.010 0.159 0.779 
  50 K _   0.007 0.039 0.001 0.015 0.005 0.012 0.151 0.769 
  51 E _   0.007 0.049 0.001 0.021 0.006 0.014 0.143 0.759 
  52 V _   0.007 0.059 0.001 0.025 0.007 0.015 0.135 0.751 
  53 I _   0.008 0.066 0.001 0.028 0.008 0.016 0.128 0.746 
  54 L _   0.008 0.070 0.001 0.029 0.008 0.016 0.122 0.746 
  55 L _   0.008 0.072 0.001 0.028 0.008 0.016 0.116 0.750 
  56 E _   0.008 0.072 0.001 0.025 0.008 0.017 0.112 0.757 
  57 K _   0.008 0.071 0.001 0.022 0.008 0.017 0.108 0.766 
  58 M _   0.009 0.069 0.001 0.019 0.008 0.017 0.104 0.774 
  59 K _   0.010 0.067 0.001 0.017 0.007 0.018 0.101 0.779 
  60 H _   0.011 0.065 0.001 0.016 0.008 0.019 0.098 0.782 
  61 P _   0.012 0.065 0.001 0.017 0.008 0.020 0.095 0.781 
  62 N _   0.014 0.065 0.001 0.019 0.009 0.022 0.092 0.778 
  63 I _   0.015 0.066 0.001 0.022 0.010 0.023 0.089 0.774 
  64 V _   0.016 0.065 0.001 0.024 0.011 0.024 0.087 0.772 
  65 A _   0.017 0.064 0.001 0.025 0.012 0.024 0.085 0.773 
  66 F _   0.017 0.060 0.001 0.024 0.011 0.024 0.083 0.779 
  67 F _   0.017 0.054 0.001 0.022 0.010 0.024 0.081 0.791 
  68 N _   0.017 0.047 0.001 0.017 0.009 0.024 0.079 0.806 
  69 S _   0.018 0.038 0.001 0.013 0.008 0.024 0.077 0.820 
  70 F _   0.020 0.032 0.001 0.009 0.007 0.025 0.075 0.830 
  71 Q _   0.022 0.028 0.001 0.007 0.007 0.027 0.073 0.834 
  72 E _   0.027 0.027 0.001 0.007 0.009 0.030 0.071 0.830 
  73 N _   0.033 0.028 0.001 0.008 0.011 0.033 0.069 0.817 
  74 G _   0.040 0.032 0.001 0.011 0.015 0.037 0.067 0.797 
  75 R _   0.047 0.040 0.001 0.018 0.021 0.040 0.065 0.768 
  76 L _   0.052 0.051 0.002 0.027 0.026 0.043 0.062 0.738 
  77 F _   0.056 0.061 0.002 0.036 0.030 0.043 0.060 0.713 
  78 I _   0.056 0.067 0.002 0.043 0.031 0.043 0.059 0.699 
  79 V _   0.055 0.070 0.002 0.046 0.030 0.040 0.058 0.699 
  80 M _   0.051 0.068 0.002 0.045 0.027 0.037 0.058 0.712 
  81 E _   0.045 0.063 0.002 0.040 0.023 0.033 0.058 0.737 
  82 Y _   0.039 0.053 0.002 0.031 0.018 0.028 0.058 0.772 
  83 C _   0.033 0.041 0.001 0.023 0.013 0.023 0.058 0.808 
  84 D _   0.027 0.028 0.001 0.016 0.009 0.019 0.058 0.842 
  85 G _   0.021 0.017 0.001 0.011 0.006 0.016 0.058 0.869 
  86 G _   0.017 0.010 0.001 0.008 0.004 0.014 0.058 0.888 
  87 D _   0.014 0.006 0.000 0.006 0.003 0.012 0.057 0.900 
  88 L _   0.013 0.004 0.000 0.005 0.003 0.011 0.057 0.907 
  89 M _   0.012 0.003 0.000 0.005 0.003 0.011 0.056 0.911 
  90 K _   0.011 0.003 0.000 0.006 0.003 0.011 0.054 0.913 
  91 R _   0.011 0.002 0.000 0.006 0.003 0.011 0.053 0.913 
  92 I _   0.012 0.002 0.000 0.007 0.004 0.012 0.051 0.911 
  93 N _   0.013 0.002 0.001 0.008 0.004 0.013 0.049 0.909 
  94 R _   0.016 0.002 0.001 0.009 0.005 0.014 0.047 0.906 
  95 Q _   0.021 0.002 0.001 0.009 0.005 0.015 0.046 0.902 
  96 R _   0.028 0.002 0.001 0.009 0.006 0.016 0.044 0.896 
  97 G _   0.038 0.001 0.001 0.008 0.006 0.017 0.041 0.887 
  98 V _   0.054 0.001 0.001 0.007 0.006 0.019 0.039 0.874 
  99 L _   0.078 0.000 0.001 0.005 0.007 0.020 0.037 0.852 
 100 F _   0.112 0.000 0.001 0.004 0.008 0.023 0.034 0.818 
 101 S _   0.161 0.000 0.001 0.003 0.009 0.026 0.031 0.768 
 102 E _   0.224 0.000 0.001 0.003 0.012 0.029 0.028 0.702 
 103 D _   0.298 0.000 0.001 0.002 0.016 0.033 0.026 0.624 
 104 Q _   0.376 0.000 0.001 0.002 0.021 0.037 0.023 0.539 
 105 I _   0.451 0.000 0.002 0.003 0.027 0.040 0.021 0.456 
 106 L H   0.515 0.000 0.002 0.003 0.034 0.042 0.020 0.384 
 107 G H   0.563 0.001 0.002 0.004 0.040 0.042 0.019 0.329 
 108 W H   0.593 0.001 0.002 0.005 0.043 0.042 0.019 0.294 
 109 F H   0.604 0.001 0.002 0.007 0.046 0.041 0.020 0.279 
 110 V H   0.602 0.002 0.002 0.008 0.046 0.039 0.021 0.280 
 111 Q H   0.583 0.002 0.002 0.009 0.045 0.037 0.022 0.300 
 112 I H   0.549 0.002 0.002 0.010 0.041 0.035 0.024 0.337 
 113 S H   0.498 0.002 0.002 0.009 0.036 0.032 0.027 0.394 
 114 L _   0.432 0.001 0.002 0.009 0.029 0.028 0.030 0.469 
 115 G _   0.359 0.001 0.002 0.007 0.021 0.025 0.033 0.552 
 116 L _   0.281 0.001 0.001 0.006 0.015 0.022 0.037 0.638 
 117 K _   0.206 0.000 0.001 0.005 0.010 0.018 0.040 0.719 
 118 H _   0.144 0.000 0.001 0.005 0.007 0.016 0.043 0.785 
 119 I _   0.098 0.000 0.001 0.004 0.005 0.013 0.045 0.834 
 120 H _   0.065 0.000 0.001 0.004 0.004 0.012 0.047 0.867 
 121 D _   0.044 0.000 0.000 0.004 0.003 0.011 0.048 0.889 
 122 R _   0.031 0.000 0.000 0.004 0.003 0.010 0.049 0.902 
 123 K _   0.022 0.001 0.000 0.005 0.003 0.010 0.050 0.910 
 124 I _   0.017 0.001 0.000 0.006 0.003 0.010 0.050 0.913 
 125 L _   0.014 0.001 0.000 0.007 0.003 0.010 0.050 0.914 
 126 H _   0.012 0.002 0.000 0.008 0.004 0.010 0.050 0.914 
 127 R _   0.011 0.003 0.000 0.009 0.004 0.011 0.050 0.912 
 128 D _   0.010 0.003 0.001 0.011 0.005 0.011 0.050 0.910 
 129 I _   0.010 0.004 0.001 0.012 0.005 0.012 0.050 0.907 
 130 K _   0.010 0.005 0.001 0.012 0.005 0.012 0.050 0.905 
 131 A _   0.010 0.005 0.001 0.013 0.005 0.012 0.050 0.905 
 132 Q _   0.010 0.005 0.001 0.012 0.005 0.012 0.050 0.904 
 133 N _   0.010 0.005 0.001 0.012 0.005 0.012 0.050 0.905 
 134 I _   0.010 0.005 0.001 0.011 0.005 0.013 0.049 0.905 
 135 F _   0.011 0.005 0.001 0.010 0.005 0.013 0.049 0.906 
 136 L _   0.011 0.005 0.001 0.010 0.005 0.013 0.049 0.907 
 137 S _   0.012 0.004 0.001 0.009 0.005 0.014 0.049 0.906 
 138 K _   0.012 0.004 0.001 0.009 0.005 0.015 0.049 0.905 
 139 N _   0.014 0.004 0.001 0.009 0.005 0.016 0.049 0.902 
 140 G _   0.015 0.005 0.001 0.009 0.006 0.017 0.049 0.899 
 141 M _   0.017 0.005 0.001 0.009 0.007 0.019 0.049 0.893 
 142 V _   0.019 0.006 0.001 0.010 0.008 0.021 0.049 0.887 
 143 A _   0.022 0.007 0.001 0.012 0.009 0.023 0.049 0.879 
 144 K _   0.024 0.008 0.001 0.013 0.010 0.025 0.048 0.871 
 145 L _   0.026 0.009 0.001 0.015 0.012 0.027 0.048 0.863 
 146 G _   0.028 0.009 0.001 0.017 0.013 0.028 0.048 0.855 
 147 D _   0.029 0.010 0.001 0.018 0.014 0.029 0.049 0.850 
 148 F _   0.031 0.010 0.001 0.018 0.014 0.030 0.049 0.846 
 149 G _   0.032 0.010 0.001 0.018 0.014 0.030 0.050 0.846 
 150 I _   0.033 0.009 0.001 0.017 0.013 0.030 0.050 0.847 
 151 A _   0.033 0.008 0.001 0.014 0.012 0.030 0.051 0.850 
 152 R _   0.033 0.007 0.001 0.012 0.011 0.030 0.052 0.855 
 153 V _   0.034 0.006 0.001 0.009 0.010 0.030 0.052 0.859 
 154 L _   0.034 0.005 0.001 0.008 0.009 0.030 0.053 0.861 
 155 N _   0.036 0.004 0.001 0.007 0.009 0.031 0.053 0.859 
 156 N _   0.039 0.005 0.001 0.007 0.010 0.032 0.054 0.853 
 157 S _   0.043 0.006 0.001 0.008 0.011 0.035 0.054 0.842 
 158 M _   0.048 0.008 0.001 0.010 0.014 0.037 0.055 0.828 
 159 E _   0.053 0.011 0.001 0.013 0.017 0.039 0.055 0.811 
 160 L _   0.056 0.015 0.001 0.017 0.020 0.040 0.056 0.794 
 161 A _   0.058 0.020 0.002 0.022 0.022 0.041 0.057 0.779 
 162 R _   0.058 0.024 0.002 0.025 0.024 0.040 0.058 0.769 
 163 T _   0.057 0.026 0.002 0.028 0.024 0.039 0.059 0.765 
 164 C _   0.055 0.028 0.002 0.028 0.023 0.037 0.061 0.766 
 165 I _   0.052 0.029 0.001 0.028 0.021 0.035 0.063 0.772 
 166 G _   0.047 0.028 0.001 0.027 0.019 0.032 0.065 0.781 
 167 T _   0.043 0.026 0.001 0.025 0.016 0.029 0.068 0.792 
 168 P _   0.037 0.024 0.001 0.023 0.013 0.026 0.071 0.805 
 169 Y _   0.032 0.021 0.001 0.021 0.011 0.022 0.073 0.818 
 170 Y _   0.027 0.018 0.001 0.019 0.009 0.020 0.076 0.830 
 171 L _   0.022 0.015 0.001 0.017 0.007 0.017 0.079 0.843 
 172 S _   0.018 0.012 0.001 0.015 0.006 0.014 0.081 0.853 
 173 P _   0.015 0.009 0.001 0.012 0.005 0.012 0.083 0.863 
 174 E _   0.012 0.007 0.000 0.010 0.004 0.010 0.085 0.871 
 175 I _   0.010 0.005 0.000 0.008 0.003 0.008 0.087 0.879 
 176 C _   0.008 0.003 0.000 0.006 0.002 0.006 0.087 0.886 
 177 Q _   0.007 0.002 0.000 0.005 0.002 0.005 0.088 0.891 
 178 N _   0.007 0.001 0.000 0.003 0.001 0.005 0.087 0.896 
 179 K _   0.007 0.000 0.000 0.002 0.001 0.004 0.086 0.898 
 180 P _   0.010 0.000 0.000 0.002 0.001 0.004 0.085 0.898 
 181 Y _   0.016 0.000 0.000 0.001 0.001 0.006 0.083 0.893 
 182 N _   0.030 0.000 0.000 0.001 0.002 0.008 0.080 0.879 
 183 N _   0.060 0.000 0.000 0.002 0.003 0.012 0.076 0.847 
 184 K _   0.116 0.000 0.001 0.002 0.005 0.019 0.070 0.787 
 185 T _   0.201 0.000 0.001 0.002 0.010 0.027 0.064 0.694 
 186 D _   0.303 0.000 0.001 0.003 0.019 0.038 0.057 0.579 
 187 I _   0.403 0.000 0.002 0.004 0.031 0.047 0.051 0.462 
 188 W H   0.485 0.001 0.002 0.005 0.045 0.054 0.046 0.363 
 189 S H   0.543 0.002 0.002 0.006 0.055 0.057 0.043 0.291 
 190 L H   0.582 0.004 0.003 0.009 0.063 0.058 0.041 0.242 
 191 G H   0.604 0.006 0.003 0.010 0.068 0.056 0.040 0.214 
 192 C H   0.611 0.007 0.003 0.012 0.069 0.054 0.040 0.204 
 193 V H   0.605 0.008 0.003 0.013 0.068 0.050 0.041 0.212 
 194 L H   0.582 0.008 0.003 0.014 0.065 0.046 0.042 0.239 
 195 Y H   0.541 0.008 0.003 0.014 0.058 0.042 0.045 0.289 
 196 E H   0.481 0.006 0.003 0.014 0.049 0.038 0.048 0.362 
 197 L _   0.406 0.004 0.003 0.012 0.037 0.032 0.052 0.453 
 198 C _   0.323 0.003 0.002 0.010 0.025 0.027 0.057 0.554 
 199 T _   0.239 0.001 0.001 0.007 0.015 0.022 0.062 0.653 
 200 L _   0.166 0.001 0.001 0.005 0.009 0.017 0.065 0.736 
 201 K _   0.109 0.000 0.001 0.004 0.005 0.013 0.068 0.800 
 202 H _   0.070 0.000 0.000 0.003 0.003 0.011 0.070 0.842 
 203 P _   0.045 0.000 0.000 0.002 0.002 0.010 0.071 0.869 
 204 F _   0.031 0.000 0.000 0.002 0.002 0.010 0.072 0.883 
 205 E _   0.025 0.000 0.000 0.002 0.002 0.011 0.072 0.888 
 206 G _   0.025 0.000 0.000 0.002 0.002 0.013 0.072 0.886 
 207 N _   0.028 0.000 0.000 0.003 0.003 0.018 0.071 0.876 
 208 N _   0.035 0.002 0.001 0.004 0.006 0.024 0.070 0.858 
 209 L _   0.045 0.005 0.001 0.007 0.010 0.032 0.069 0.831 
 210 Q _   0.055 0.011 0.001 0.013 0.017 0.040 0.068 0.794 
 211 Q _   0.065 0.022 0.002 0.020 0.025 0.048 0.066 0.753 
 212 L _   0.073 0.033 0.002 0.029 0.033 0.053 0.064 0.713 
 213 V _   0.080 0.043 0.002 0.036 0.038 0.057 0.063 0.682 
 214 L _   0.083 0.049 0.002 0.041 0.041 0.057 0.063 0.663 
 215 K _   0.085 0.052 0.002 0.044 0.042 0.057 0.063 0.656 
 216 I _   0.084 0.052 0.002 0.043 0.040 0.054 0.063 0.661 
 217 C _   0.081 0.049 0.002 0.039 0.035 0.050 0.064 0.679 
 218 Q _   0.076 0.044 0.002 0.033 0.030 0.046 0.066 0.705 
 219 A _   0.068 0.035 0.002 0.025 0.024 0.041 0.068 0.737 
 220 H _   0.060 0.026 0.001 0.019 0.018 0.036 0.069 0.771 
 221 F _   0.052 0.017 0.001 0.013 0.013 0.031 0.071 0.803 
 222 A _   0.044 0.010 0.001 0.009 0.009 0.027 0.072 0.827 
 223 P _   0.037 0.007 0.001 0.006 0.006 0.024 0.073 0.846 
 224 I _   0.032 0.005 0.001 0.004 0.005 0.023 0.074 0.857 
 225 S _   0.029 0.004 0.000 0.004 0.004 0.022 0.074 0.863 
 226 P _   0.027 0.004 0.000 0.004 0.004 0.022 0.074 0.863 
 227 G _   0.027 0.006 0.001 0.005 0.005 0.024 0.074 0.859 
 228 F _   0.029 0.009 0.001 0.006 0.007 0.026 0.073 0.849 
 229 S _   0.031 0.014 0.001 0.008 0.009 0.030 0.072 0.834 
 230 R _   0.033 0.025 0.001 0.012 0.013 0.033 0.071 0.812 
 231 E _   0.035 0.040 0.001 0.017 0.017 0.036 0.070 0.783 
 232 L _   0.037 0.059 0.002 0.023 0.021 0.038 0.069 0.751 
 233 H _   0.038 0.079 0.002 0.030 0.025 0.040 0.068 0.719 
 234 S _   0.039 0.097 0.002 0.037 0.027 0.040 0.067 0.691 
 235 L _   0.039 0.111 0.002 0.044 0.029 0.040 0.067 0.669 
 236 I _   0.039 0.120 0.002 0.049 0.029 0.038 0.067 0.656 
 237 S _   0.038 0.123 0.002 0.052 0.028 0.036 0.068 0.653 
 238 Q _   0.037 0.122 0.002 0.052 0.025 0.033 0.069 0.660 
 239 L _   0.034 0.116 0.002 0.048 0.022 0.030 0.072 0.677 
 240 F _   0.030 0.104 0.002 0.041 0.018 0.026 0.074 0.705 
 241 Q _   0.026 0.085 0.001 0.033 0.014 0.022 0.077 0.742 
 242 V _   0.022 0.061 0.001 0.024 0.010 0.018 0.081 0.784 
 243 S _   0.018 0.038 0.001 0.015 0.007 0.014 0.083 0.824 
 244 P _   0.014 0.020 0.001 0.009 0.004 0.011 0.085 0.855 
 245 R _   0.011 0.010 0.000 0.005 0.003 0.009 0.087 0.874 
 246 D _   0.009 0.006 0.000 0.003 0.002 0.008 0.087 0.884 
 247 R _   0.008 0.004 0.000 0.003 0.002 0.007 0.087 0.889 
 248 P _   0.007 0.003 0.000 0.003 0.002 0.008 0.087 0.890 
 249 S _   0.007 0.004 0.000 0.004 0.002 0.009 0.086 0.887 
 250 I _   0.008 0.006 0.000 0.006 0.003 0.011 0.085 0.881 
 251 N _   0.009 0.009 0.001 0.009 0.004 0.013 0.084 0.870 
 252 S _   0.011 0.015 0.001 0.014 0.006 0.016 0.082 0.856 
 253 I _   0.012 0.022 0.001 0.020 0.008 0.018 0.080 0.839 
 254 L _   0.013 0.029 0.001 0.026 0.010 0.020 0.078 0.823 
 255 K _   0.013 0.035 0.001 0.030 0.012 0.022 0.076 0.812 
 256 R _   0.013 0.038 0.001 0.033 0.013 0.022 0.074 0.806 
 257 P _   0.013 0.039 0.001 0.033 0.013 0.023 0.073 0.804 
 258 F _   0.014 0.039 0.001 0.031 0.013 0.022 0.072 0.807 
 259 L _   0.014 0.037 0.001 0.028 0.012 0.022 0.072 0.814 
 260 E _   0.014 0.034 0.001 0.024 0.011 0.021 0.072 0.822 
 261 N _   0.015 0.031 0.001 0.020 0.010 0.021 0.072 0.830 
 262 L _   0.015 0.026 0.001 0.017 0.009 0.020 0.073 0.839 
 263 I _   0.016 0.022 0.001 0.014 0.008 0.020 0.073 0.847 
 264 P _   0.016 0.019 0.001 0.011 0.007 0.020 0.073 0.853 
 265 K _   0.017 0.016 0.001 0.010 0.006 0.020 0.074 0.857 
 266 Y _   0.017 0.013 0.001 0.009 0.006 0.021 0.074 0.859 
 267 L _   0.018 0.012 0.001 0.008 0.006 0.022 0.074 0.859 
 268 T _   0.020 0.011 0.001 0.007 0.006 0.024 0.074 0.858 
 269 P _   0.022 0.011 0.001 0.007 0.007 0.026 0.074 0.852 
 270 E _   0.026 0.012 0.001 0.007 0.008 0.029 0.074 0.844 
 271 V _   0.030 0.013 0.001 0.008 0.010 0.032 0.073 0.833 
 272 I _   0.035 0.016 0.001 0.009 0.012 0.036 0.073 0.817 
 273 Q _   0.040 0.021 0.001 0.011 0.016 0.040 0.072 0.798 
 274 E _   0.045 0.029 0.001 0.015 0.020 0.044 0.071 0.774 
 275 E _   0.050 0.038 0.002 0.020 0.026 0.048 0.071 0.747 
 276 F _   0.053 0.049 0.002 0.026 0.031 0.050 0.070 0.718 
 277 S _   0.056 0.061 0.002 0.033 0.035 0.051 0.070 0.693 
 278 H _   0.058 0.070 0.002 0.040 0.036 0.050 0.071 0.673 
 279 M _   0.058 0.076 0.002 0.046 0.037 0.048 0.072 0.662 
 280 L _   0.057 0.079 0.002 0.049 0.035 0.045 0.073 0.660 
 281 I _   0.054 0.078 0.002 0.049 0.031 0.041 0.076 0.669 
 282 C _   0.049 0.074 0.002 0.045 0.026 0.036 0.079 0.690 
 283 R _   0.043 0.065 0.002 0.037 0.020 0.031 0.082 0.720 
 284 A _   0.037 0.052 0.001 0.028 0.015 0.026 0.085 0.757 
 285 G _   0.031 0.037 0.001 0.019 0.010 0.021 0.088 0.793 
 286 A _   0.025 0.024 0.001 0.012 0.007 0.017 0.091 0.824 
 287 P _   0.020 0.015 0.001 0.007 0.004 0.014 0.093 0.846 
 288 A _   0.016 0.011 0.000 0.005 0.003 0.012 0.095 0.859 
 289 S _   0.013 0.009 0.000 0.004 0.003 0.011 0.096 0.865 
 290 R _   0.012 0.008 0.000 0.004 0.002 0.010 0.097 0.867 
 291 H _   0.012 0.009 0.000 0.004 0.003 0.011 0.097 0.864 
 292 A _   0.011 0.011 0.000 0.006 0.003 0.011 0.097 0.859 
 293 G _   0.012 0.015 0.001 0.008 0.004 0.013 0.097 0.851 
 294 K _   0.012 0.021 0.001 0.012 0.005 0.014 0.097 0.839 
 295 V _   0.012 0.028 0.001 0.015 0.006 0.015 0.097 0.827 
 296 V _   0.012 0.035 0.001 0.019 0.007 0.016 0.096 0.814 
 297 Q _   0.012 0.041 0.001 0.022 0.008 0.016 0.096 0.804 
 298 K _   0.012 0.046 0.001 0.024 0.009 0.016 0.096 0.796 
 299 C _   0.012 0.049 0.001 0.026 0.009 0.016 0.097 0.790 
 300 K _   0.012 0.051 0.001 0.026 0.009 0.016 0.098 0.787 
 301 I _   0.011 0.051 0.001 0.026 0.009 0.015 0.100 0.788 
 302 Q _   0.011 0.050 0.001 0.024 0.008 0.014 0.102 0.790 
 303 K _   0.011 0.048 0.001 0.022 0.007 0.013 0.104 0.794 
 304 V _   0.010 0.044 0.001 0.019 0.006 0.012 0.106 0.800 
 305 R _   0.010 0.040 0.001 0.016 0.005 0.011 0.109 0.808 
 306 F _   0.009 0.035 0.001 0.013 0.005 0.010 0.112 0.815 
 307 Q _   0.009 0.031 0.000 0.011 0.004 0.009 0.114 0.822 
 308 G _   0.008 0.027 0.000 0.009 0.003 0.009 0.116 0.827 
 309 K _   0.007 0.025 0.000 0.007 0.003 0.008 0.118 0.831 
 310 C _   0.007 0.023 0.000 0.006 0.003 0.008 0.120 0.833 
 311 P _   0.007 0.022 0.000 0.006 0.002 0.008 0.122 0.833 
 312 P _   0.007 0.023 0.000 0.006 0.003 0.008 0.123 0.831 
 313 R _   0.007 0.024 0.000 0.006 0.003 0.009 0.123 0.827 
 314 S _   0.007 0.027 0.000 0.007 0.003 0.010 0.124 0.821 
 315 R _   0.008 0.033 0.000 0.009 0.004 0.011 0.124 0.811 
 316 I _   0.008 0.040 0.001 0.012 0.005 0.012 0.124 0.797 
 317 S _   0.009 0.050 0.001 0.016 0.006 0.014 0.124 0.780 
 318 V _   0.009 0.061 0.001 0.021 0.008 0.015 0.124 0.761 
 319 P _   0.010 0.072 0.001 0.026 0.009 0.016 0.125 0.743 
 320 I _   0.010 0.081 0.001 0.030 0.010 0.017 0.126 0.725 
 321 K _   0.010 0.088 0.001 0.034 0.010 0.017 0.127 0.712 
 322 R _   0.010 0.092 0.001 0.036 0.011 0.017 0.129 0.705 
 323 N _   0.010 0.092 0.001 0.037 0.010 0.016 0.132 0.702 
 324 A _   0.010 0.090 0.001 0.034 0.009 0.015 0.135 0.705 
 325 I _   0.009 0.086 0.001 0.030 0.008 0.013 0.139 0.713 
 326 L _   0.009 0.078 0.001 0.025 0.007 0.012 0.144 0.725 
 327 H _   0.008 0.069 0.001 0.019 0.005 0.010 0.148 0.739 
 328 R _   0.008 0.059 0.001 0.014 0.004 0.009 0.153 0.753 
 329 N _   0.007 0.050 0.000 0.010 0.003 0.008 0.157 0.764 
 330 E _   0.006 0.043 0.000 0.008 0.002 0.007 0.161 0.773 
 331 W _   0.006 0.039 0.000 0.006 0.002 0.006 0.164 0.778 
 332 R _   0.005 0.036 0.000 0.005 0.002 0.006 0.166 0.780 
 333 P _   0.005 0.036 0.000 0.005 0.002 0.006 0.167 0.779 
 334 P _   0.005 0.037 0.000 0.005 0.002 0.007 0.168 0.777 
 335 A _   0.005 0.040 0.000 0.006 0.002 0.007 0.168 0.771 
 336 G _   0.005 0.045 0.000 0.007 0.003 0.008 0.168 0.763 
 337 A _   0.005 0.053 0.000 0.009 0.003 0.009 0.167 0.753 
 338 Q _   0.006 0.063 0.000 0.011 0.004 0.010 0.166 0.739 
 339 K _   0.006 0.076 0.001 0.013 0.005 0.012 0.165 0.724 
 340 A _   0.006 0.090 0.001 0.015 0.005 0.013 0.164 0.706 
 341 R _   0.007 0.105 0.001 0.016 0.006 0.014 0.163 0.688 
 342 S _   0.007 0.119 0.001 0.018 0.007 0.016 0.162 0.670 
 343 I _   0.008 0.134 0.001 0.019 0.008 0.017 0.161 0.652 
 344 K _   0.009 0.148 0.001 0.020 0.009 0.019 0.161 0.633 
 345 M _   0.010 0.162 0.001 0.021 0.010 0.020 0.161 0.615 
 346 I _   0.011 0.175 0.001 0.022 0.011 0.022 0.162 0.597 
 347 E _   0.012 0.187 0.001 0.022 0.012 0.023 0.163 0.579 
 348 R _   0.014 0.197 0.001 0.023 0.013 0.024 0.164 0.563 
 349 P _   0.015 0.206 0.001 0.024 0.014 0.025 0.166 0.549 
 350 K _   0.016 0.214 0.001 0.024 0.014 0.026 0.169 0.536 
 351 I _   0.016 0.219 0.001 0.024 0.014 0.026 0.172 0.527 
 352 A _   0.017 0.223 0.001 0.024 0.014 0.026 0.176 0.520 
 353 A _   0.017 0.224 0.001 0.023 0.013 0.025 0.180 0.516 
 354 V _   0.017 0.223 0.001 0.021 0.013 0.025 0.185 0.514 
 355 C _   0.017 0.221 0.001 0.019 0.012 0.024 0.191 0.515 
 356 G _   0.016 0.218 0.001 0.018 0.011 0.024 0.196 0.515 
 357 H _   0.016 0.215 0.001 0.016 0.010 0.023 0.202 0.516 
 358 Y _   0.016 0.212 0.001 0.015 0.010 0.023 0.208 0.515 
 359 D _   0.015 0.210 0.001 0.015 0.010 0.023 0.215 0.511 
 360 Y _   0.015 0.209 0.001 0.016 0.010 0.023 0.221 0.504 
 361 Y _   0.015 0.209 0.001 0.018 0.011 0.023 0.228 0.495 
 362 Y _   0.015 0.210 0.001 0.022 0.011 0.023 0.236 0.484 
 363 A _   0.014 0.210 0.001 0.026 0.012 0.022 0.244 0.471 
 364 Q _   0.014 0.210 0.001 0.030 0.012 0.021 0.253 0.459 
 365 L _   0.014 0.207 0.001 0.033 0.012 0.020 0.263 0.450 
 366 D _   0.014 0.201 0.001 0.035 0.012 0.019 0.275 0.443 
 367 M _   0.013 0.191 0.001 0.035 0.012 0.018 0.290 0.440 
 368 L _   0.012 0.174 0.001 0.034 0.011 0.016 0.307 0.444 
 369 R _   0.012 0.151 0.001 0.031 0.010 0.015 0.327 0.454 
 370 R _   0.011 0.120 0.001 0.026 0.009 0.013 0.350 0.470 
 371 R _   0.010 0.087 0.001 0.020 0.007 0.012 0.375 0.487 
 372 A _   0.009 0.057 0.001 0.015 0.005 0.010 0.399 0.504 
 373 H _   0.008 0.035 0.001 0.010 0.004 0.008 0.420 0.514 
 374 K _   0.007 0.021 0.000 0.007 0.003 0.007 0.437 0.518 
 375 P _   0.006 0.013 0.000 0.005 0.002 0.006 0.450 0.518 
 376 S _   0.005 0.008 0.000 0.004 0.002 0.005 0.461 0.514 
 377 Y _   0.005 0.006 0.000 0.004 0.001 0.005 0.470 0.509 
 378 H _   0.004 0.005 0.000 0.004 0.001 0.005 0.477 0.504 
 379 P _   0.004 0.005 0.000 0.004 0.001 0.005 0.483 0.498 
 380 I _   0.004 0.005 0.000 0.005 0.002 0.005 0.488 0.493 
 381 P X   0.004 0.005 0.000 0.005 0.002 0.005 0.492 0.488 
 382 Q X   0.004 0.005 0.000 0.006 0.002 0.005 0.495 0.483 
 383 E X   0.004 0.005 0.000 0.006 0.002 0.005 0.499 0.479 
 384 N X   0.003 0.005 0.000 0.007 0.002 0.005 0.501 0.475 
 385 T X   0.003 0.006 0.000 0.008 0.002 0.005 0.504 0.472 
 386 G X   0.003 0.006 0.000 0.008 0.002 0.005 0.507 0.468 
 387 V X   0.003 0.007 0.000 0.009 0.002 0.005 0.510 0.464 
 388 E X   0.003 0.007 0.000 0.009 0.002 0.005 0.513 0.460 
 389 D X   0.004 0.007 0.000 0.009 0.002 0.005 0.516 0.457 
 390 Y X   0.004 0.007 0.000 0.009 0.002 0.005 0.519 0.454 
 391 G X   0.003 0.007 0.000 0.008 0.002 0.005 0.522 0.452 
 392 Q X   0.003 0.007 0.000 0.008 0.002 0.005 0.524 0.451 
 393 E X   0.003 0.006 0.000 0.006 0.002 0.004 0.527 0.451 
 394 T X   0.003 0.006 0.000 0.005 0.001 0.004 0.529 0.451 
 395 R X   0.003 0.006 0.000 0.004 0.001 0.004 0.530 0.452 
 396 H X   0.002 0.006 0.000 0.003 0.001 0.003 0.531 0.453 
 397 G X   0.002 0.006 0.000 0.003 0.001 0.003 0.531 0.453 
 398 P X   0.002 0.007 0.000 0.003 0.001 0.004 0.530 0.453 
 399 S X   0.002 0.009 0.000 0.003 0.001 0.004 0.529 0.451 
 400 P X   0.003 0.012 0.000 0.005 0.002 0.005 0.527 0.448 
 401 S X   0.003 0.018 0.000 0.007 0.002 0.006 0.524 0.440 
 402 Q X   0.003 0.027 0.000 0.010 0.003 0.007 0.520 0.429 
 403 W X   0.004 0.040 0.000 0.014 0.004 0.008 0.515 0.414 
 404 P X   0.004 0.055 0.001 0.018 0.005 0.009 0.511 0.397 
 405 A X   0.004 0.069 0.001 0.022 0.006 0.010 0.507 0.381 
 406 E X   0.004 0.080 0.001 0.026 0.006 0.010 0.504 0.369 
 407 Y X   0.004 0.087 0.001 0.027 0.006 0.010 0.503 0.362 
 408 L X   0.004 0.091 0.001 0.028 0.006 0.010 0.503 0.357 
 409 Q X   0.004 0.092 0.001 0.027 0.006 0.010 0.504 0.356 
 410 R X   0.004 0.092 0.001 0.025 0.006 0.009 0.506 0.358 
 411 K X   0.004 0.089 0.001 0.022 0.005 0.009 0.509 0.361 
 412 F X   0.004 0.085 0.001 0.019 0.005 0.008 0.514 0.365 
 413 E X   0.004 0.080 0.000 0.016 0.004 0.007 0.519 0.370 
 414 A X   0.004 0.074 0.000 0.013 0.003 0.007 0.524 0.374 
 415 Q X   0.004 0.068 0.000 0.011 0.003 0.006 0.530 0.378 
 416 Q X   0.004 0.063 0.000 0.009 0.003 0.006 0.535 0.381 
 417 Y X   0.003 0.058 0.000 0.008 0.002 0.006 0.540 0.382 
 418 K X   0.003 0.055 0.000 0.008 0.002 0.006 0.545 0.381 
 419 L X   0.003 0.053 0.000 0.008 0.002 0.006 0.550 0.378 
 420 K X   0.003 0.051 0.000 0.009 0.002 0.006 0.554 0.375 
 421 V X   0.003 0.050 0.000 0.010 0.003 0.006 0.559 0.370 
 422 E X   0.004 0.048 0.000 0.011 0.003 0.006 0.563 0.364 
 423 K X   0.004 0.047 0.000 0.012 0.003 0.006 0.569 0.359 
 424 Q X   0.004 0.045 0.000 0.013 0.003 0.006 0.575 0.353 
 425 L X   0.004 0.042 0.000 0.014 0.003 0.006 0.582 0.349 
 426 G X   0.004 0.038 0.000 0.013 0.003 0.006 0.589 0.346 
 427 L X   0.004 0.034 0.000 0.012 0.003 0.005 0.598 0.344 
 428 R X   0.004 0.028 0.000 0.011 0.002 0.005 0.606 0.343 
 429 P X   0.003 0.022 0.000 0.009 0.002 0.005 0.615 0.343 
 430 S X   0.003 0.017 0.000 0.007 0.002 0.004 0.624 0.343 
 431 S X   0.003 0.012 0.000 0.005 0.001 0.004 0.631 0.343 
 432 A X   0.003 0.009 0.000 0.004 0.001 0.003 0.638 0.342 
 433 E X   0.003 0.006 0.000 0.003 0.001 0.003 0.643 0.341 
 434 P X   0.002 0.005 0.000 0.003 0.001 0.003 0.647 0.339 
 435 N X   0.002 0.004 0.000 0.003 0.001 0.003 0.649 0.337 
 436 Y X   0.002 0.004 0.000 0.003 0.001 0.003 0.652 0.336 
 437 N X   0.002 0.003 0.000 0.003 0.001 0.003 0.653 0.335 
 438 Q X   0.002 0.003 0.000 0.004 0.001 0.003 0.653 0.334 
 439 R X   0.002 0.003 0.000 0.004 0.001 0.003 0.653 0.334 
 440 Q X   0.002 0.003 0.000 0.004 0.001 0.003 0.652 0.335 
 441 E X   0.002 0.003 0.000 0.004 0.001 0.003 0.650 0.337 
 442 L X   0.002 0.003 0.000 0.004 0.001 0.003 0.648 0.339 
 443 R X   0.002 0.003 0.000 0.004 0.001 0.003 0.645 0.342 
 444 S X   0.002 0.004 0.000 0.004 0.001 0.003 0.642 0.345 
 445 N X   0.002 0.004 0.000 0.004 0.001 0.003 0.638 0.347 
 446 G X   0.002 0.005 0.000 0.005 0.001 0.004 0.634 0.349 
 447 E X   0.002 0.006 0.000 0.006 0.001 0.004 0.629 0.351 
 448 E X   0.002 0.007 0.000 0.007 0.002 0.005 0.625 0.352 
 449 P X   0.002 0.009 0.000 0.009 0.002 0.005 0.620 0.352 
 450 R X   0.003 0.010 0.000 0.011 0.002 0.005 0.616 0.353 
 451 F X   0.003 0.011 0.000 0.012 0.002 0.006 0.612 0.354 
 452 Q X   0.003 0.012 0.000 0.013 0.003 0.006 0.608 0.355 
 453 E X   0.003 0.013 0.000 0.013 0.003 0.005 0.606 0.358 
 454 L X   0.003 0.012 0.000 0.011 0.002 0.005 0.604 0.362 
 455 P X   0.003 0.012 0.000 0.010 0.002 0.005 0.602 0.367 
 456 F X   0.003 0.011 0.000 0.008 0.002 0.004 0.600 0.373 
 457 R X   0.002 0.010 0.000 0.006 0.001 0.004 0.598 0.378 
 458 K X   0.002 0.009 0.000 0.004 0.001 0.004 0.596 0.383 
 459 N X   0.002 0.009 0.000 0.004 0.001 0.003 0.594 0.387 
 460 E X   0.002 0.009 0.000 0.003 0.001 0.004 0.591 0.391 
 461 M X   0.002 0.009 0.000 0.003 0.001 0.004 0.587 0.393 
 462 K X   0.003 0.010 0.000 0.004 0.001 0.005 0.582 0.395 
 463 E X   0.003 0.013 0.000 0.005 0.002 0.005 0.576 0.396 
 464 Q X   0.003 0.017 0.000 0.007 0.002 0.007 0.569 0.394 
 465 E X   0.004 0.023 0.000 0.010 0.003 0.008 0.561 0.391 
 466 Y X   0.004 0.030 0.000 0.014 0.004 0.009 0.553 0.385 
 467 W X   0.004 0.037 0.001 0.018 0.005 0.010 0.545 0.379 
 468 K X   0.004 0.044 0.001 0.023 0.006 0.011 0.538 0.373 
 469 Q X   0.005 0.049 0.001 0.026 0.007 0.011 0.533 0.370 
 470 L X   0.005 0.051 0.001 0.028 0.007 0.011 0.529 0.369 
 471 E X   0.005 0.052 0.001 0.028 0.007 0.011 0.526 0.371 
 472 E X   0.005 0.051 0.001 0.026 0.006 0.010 0.525 0.376 
 473 I X   0.005 0.048 0.001 0.022 0.006 0.009 0.524 0.385 
 474 R X   0.005 0.043 0.001 0.018 0.005 0.008 0.525 0.396 
 475 Q X   0.005 0.037 0.000 0.014 0.004 0.007 0.526 0.407 
 476 Q X   0.005 0.030 0.000 0.010 0.003 0.006 0.527 0.418 
 477 Y X   0.004 0.025 0.000 0.007 0.002 0.006 0.528 0.427 
 478 H X   0.004 0.020 0.000 0.006 0.002 0.005 0.529 0.434 
 479 N X   0.004 0.017 0.000 0.005 0.002 0.005 0.529 0.438 
 480 D X   0.004 0.016 0.000 0.005 0.002 0.005 0.529 0.440 
 481 M X   0.004 0.015 0.000 0.005 0.002 0.005 0.529 0.440 
 482 K X   0.004 0.015 0.000 0.006 0.002 0.005 0.528 0.440 
 483 E X   0.004 0.015 0.000 0.007 0.002 0.006 0.527 0.439 
 484 I X   0.004 0.015 0.000 0.009 0.002 0.006 0.525 0.439 
 485 R X   0.004 0.015 0.000 0.010 0.003 0.006 0.524 0.438 
 486 K X   0.004 0.015 0.000 0.011 0.003 0.006 0.523 0.438 
 487 K X   0.004 0.014 0.000 0.011 0.003 0.006 0.522 0.440 
 488 M X   0.004 0.013 0.000 0.010 0.002 0.005 0.522 0.443 
 489 G X   0.004 0.012 0.000 0.009 0.002 0.005 0.522 0.447 
 490 R X   0.003 0.010 0.000 0.007 0.002 0.004 0.522 0.451 
 491 E X   0.003 0.009 0.000 0.006 0.002 0.004 0.521 0.456 
 492 P X   0.003 0.007 0.000 0.004 0.001 0.004 0.520 0.460 
 493 E X   0.003 0.007 0.000 0.004 0.001 0.003 0.518 0.464 
 494 E X   0.003 0.006 0.000 0.003 0.001 0.003 0.516 0.467 
 495 N X   0.003 0.006 0.000 0.003 0.001 0.004 0.513 0.469 
 496 S X   0.003 0.007 0.000 0.004 0.001 0.004 0.510 0.471 
 497 K X   0.003 0.008 0.000 0.005 0.002 0.005 0.506 0.471 
 498 I X   0.003 0.010 0.000 0.007 0.002 0.006 0.501 0.470 
 499 S X   0.003 0.014 0.000 0.010 0.003 0.007 0.495 0.468 
 500 H X   0.004 0.017 0.000 0.014 0.004 0.008 0.489 0.464 
 501 K X   0.004 0.021 0.000 0.017 0.004 0.009 0.484 0.461 
 502 T X   0.004 0.024 0.001 0.020 0.005 0.009 0.479 0.459 
 503 Y X   0.004 0.026 0.001 0.022 0.005 0.009 0.475 0.458 
 504 L X   0.004 0.027 0.001 0.023 0.005 0.009 0.472 0.460 
 505 V X   0.004 0.027 0.001 0.022 0.005 0.009 0.470 0.463 
 506 K X   0.004 0.026 0.000 0.020 0.004 0.008 0.469 0.468 
 507 K _   0.004 0.024 0.000 0.017 0.004 0.008 0.469 0.473 
 508 S _   0.004 0.021 0.000 0.015 0.003 0.007 0.470 0.480 
 509 N _   0.004 0.018 0.000 0.012 0.003 0.006 0.471 0.486 
 510 L _   0.004 0.015 0.000 0.009 0.002 0.006 0.471 0.492 
 511 P _   0.004 0.012 0.000 0.007 0.002 0.005 0.472 0.498 
 512 V _   0.004 0.009 0.000 0.006 0.002 0.004 0.472 0.503 
 513 H _   0.004 0.008 0.000 0.004 0.001 0.004 0.471 0.508 
 514 Q _   0.003 0.007 0.000 0.004 0.001 0.004 0.470 0.512 
 515 D _   0.003 0.006 0.000 0.003 0.001 0.004 0.467 0.515 
 516 A _   0.003 0.006 0.000 0.003 0.001 0.004 0.464 0.519 
 517 S _   0.003 0.007 0.000 0.003 0.001 0.005 0.460 0.522 
 518 E _   0.003 0.008 0.000 0.004 0.002 0.005 0.455 0.523 
 519 G _   0.003 0.010 0.000 0.006 0.002 0.007 0.448 0.524 
 520 E _   0.004 0.014 0.000 0.008 0.003 0.009 0.441 0.522 
 521 A _   0.004 0.020 0.000 0.011 0.004 0.011 0.432 0.518 
 522 P _   0.005 0.027 0.001 0.014 0.005 0.013 0.423 0.513 
 523 V _   0.005 0.035 0.001 0.017 0.006 0.015 0.414 0.508 
 524 Q _   0.006 0.042 0.001 0.019 0.007 0.018 0.405 0.503 
 525 M _   0.007 0.048 0.001 0.020 0.008 0.020 0.396 0.500 
 526 E _   0.008 0.052 0.001 0.020 0.009 0.023 0.389 0.498 
 527 F _   0.010 0.055 0.001 0.020 0.010 0.026 0.382 0.496 
 528 R _   0.012 0.058 0.001 0.018 0.012 0.029 0.376 0.494 
 529 S _   0.016 0.060 0.001 0.017 0.014 0.033 0.371 0.489 
 530 C _   0.021 0.062 0.001 0.016 0.016 0.036 0.366 0.483 
 531 C _   0.027 0.064 0.001 0.015 0.018 0.040 0.362 0.473 
 532 P _   0.035 0.067 0.001 0.015 0.021 0.043 0.358 0.459 
 533 G _   0.044 0.071 0.001 0.016 0.025 0.045 0.354 0.443 
 534 W _   0.052 0.076 0.002 0.017 0.029 0.047 0.351 0.427 
 535 S _   0.059 0.080 0.002 0.019 0.031 0.048 0.349 0.412 
 536 A _   0.065 0.084 0.002 0.021 0.033 0.048 0.348 0.400 
 537 M _   0.068 0.087 0.002 0.022 0.034 0.046 0.348 0.393 
 538 A _   0.069 0.088 0.002 0.024 0.033 0.044 0.349 0.391 
 539 R _   0.067 0.087 0.002 0.025 0.031 0.041 0.351 0.396 
 540 S _   0.064 0.084 0.002 0.024 0.028 0.037 0.355 0.406 
 541 W _   0.058 0.079 0.002 0.024 0.023 0.033 0.359 0.422 
 542 L _   0.051 0.072 0.001 0.022 0.019 0.028 0.365 0.441 
 543 T _   0.043 0.063 0.001 0.019 0.015 0.024 0.372 0.462 
 544 A _   0.035 0.052 0.001 0.017 0.011 0.020 0.379 0.485 
 545 T _   0.028 0.041 0.001 0.013 0.008 0.017 0.385 0.507 
 546 S _   0.022 0.030 0.001 0.010 0.006 0.014 0.392 0.526 
 547 A _   0.017 0.021 0.001 0.008 0.004 0.011 0.397 0.540 
 548 S _   0.013 0.015 0.000 0.006 0.003 0.009 0.402 0.551 
 549 Q _   0.010 0.012 0.000 0.005 0.002 0.008 0.406 0.557 
 550 D _   0.008 0.009 0.000 0.004 0.002 0.007 0.409 0.560 
 551 I _   0.007 0.008 0.000 0.004 0.002 0.007 0.411 0.561 
 552 E _   0.007 0.008 0.000 0.005 0.002 0.007 0.413 0.559 
 553 K _   0.006 0.008 0.000 0.006 0.002 0.007 0.414 0.555 
 554 D _   0.006 0.009 0.000 0.008 0.003 0.007 0.416 0.550 
 555 L _   0.007 0.010 0.000 0.010 0.003 0.008 0.417 0.544 
 556 K _   0.007 0.011 0.000 0.013 0.003 0.008 0.419 0.538 
 557 Q _   0.007 0.012 0.000 0.015 0.004 0.008 0.421 0.534 
 558 M _   0.007 0.012 0.000 0.015 0.004 0.008 0.423 0.531 
 559 R _   0.006 0.011 0.000 0.015 0.003 0.007 0.426 0.530 
 560 L _   0.006 0.010 0.000 0.013 0.003 0.007 0.429 0.531 
 561 Q _   0.006 0.009 0.000 0.011 0.003 0.006 0.432 0.533 
 562 N _   0.005 0.007 0.000 0.009 0.002 0.005 0.435 0.536 
 563 T _   0.005 0.006 0.000 0.007 0.002 0.005 0.437 0.539 
 564 K _   0.005 0.004 0.000 0.005 0.001 0.004 0.439 0.542 
 565 E _   0.004 0.003 0.000 0.004 0.001 0.004 0.440 0.544 
 566 S _   0.004 0.003 0.000 0.003 0.001 0.003 0.440 0.546 
 567 K _   0.003 0.003 0.000 0.003 0.001 0.003 0.439 0.548 
 568 N _   0.003 0.003 0.000 0.003 0.001 0.003 0.436 0.551 
 569 P _   0.003 0.003 0.000 0.003 0.001 0.003 0.432 0.555 
 570 E _   0.003 0.004 0.000 0.004 0.001 0.004 0.426 0.558 
 571 Q _   0.003 0.006 0.000 0.005 0.001 0.005 0.418 0.562 
 572 K _   0.003 0.010 0.000 0.006 0.002 0.006 0.408 0.565 
 573 Y _   0.003 0.016 0.000 0.009 0.002 0.007 0.395 0.566 
 574 K _   0.004 0.026 0.000 0.013 0.003 0.009 0.381 0.564 
 575 A _   0.004 0.041 0.001 0.018 0.005 0.010 0.364 0.558 
 576 K _   0.004 0.059 0.001 0.024 0.006 0.012 0.346 0.549 
 577 K _   0.004 0.078 0.001 0.031 0.007 0.013 0.328 0.538 
 578 G _   0.004 0.095 0.001 0.037 0.008 0.013 0.313 0.529 
 579 V _   0.004 0.107 0.001 0.041 0.008 0.013 0.301 0.523 
 580 K _   0.005 0.115 0.001 0.044 0.008 0.013 0.291 0.522 
 581 F _   0.005 0.119 0.001 0.044 0.008 0.013 0.284 0.527 
 582 E _   0.005 0.119 0.001 0.041 0.008 0.012 0.278 0.535 
 583 I _   0.005 0.117 0.001 0.037 0.007 0.011 0.274 0.549 
 584 N _   0.005 0.111 0.001 0.030 0.006 0.010 0.271 0.566 
 585 L _   0.005 0.103 0.001 0.023 0.005 0.009 0.269 0.585 
 586 D _   0.005 0.093 0.001 0.017 0.004 0.008 0.267 0.605 
 587 K _   0.004 0.084 0.000 0.013 0.003 0.007 0.266 0.623 
 588 C _   0.004 0.076 0.000 0.009 0.003 0.007 0.264 0.636 
 589 I _   0.004 0.072 0.000 0.008 0.002 0.007 0.261 0.646 
 590 S _   0.004 0.069 0.000 0.007 0.002 0.007 0.259 0.652 
 591 D _   0.004 0.069 0.000 0.008 0.002 0.007 0.256 0.654 
 592 E _   0.004 0.070 0.000 0.009 0.003 0.008 0.252 0.654 
 593 N _   0.005 0.072 0.000 0.011 0.003 0.008 0.248 0.652 
 594 I _   0.005 0.076 0.000 0.014 0.004 0.009 0.244 0.648 
 595 L _   0.005 0.079 0.001 0.016 0.004 0.009 0.240 0.645 
 596 Q _   0.005 0.082 0.001 0.018 0.005 0.009 0.236 0.643 
 597 E _   0.005 0.084 0.001 0.019 0.005 0.010 0.233 0.643 
 598 E _   0.005 0.084 0.001 0.019 0.005 0.009 0.231 0.646 
 599 E _   0.005 0.083 0.001 0.018 0.005 0.009 0.229 0.651 
 600 A _   0.005 0.081 0.001 0.016 0.004 0.009 0.227 0.658 
 601 M _   0.005 0.078 0.000 0.014 0.004 0.008 0.226 0.665 
 602 D _   0.005 0.075 0.000 0.012 0.004 0.008 0.225 0.671 
 603 I _   0.005 0.072 0.000 0.011 0.003 0.008 0.224 0.676 
 604 P _   0.005 0.070 0.000 0.010 0.003 0.008 0.224 0.679 
 605 N _   0.005 0.069 0.000 0.011 0.003 0.008 0.223 0.680 
 606 E _   0.006 0.068 0.000 0.011 0.003 0.008 0.223 0.681 
 607 T _   0.006 0.068 0.000 0.012 0.004 0.008 0.222 0.681 
 608 L _   0.006 0.067 0.000 0.012 0.004 0.008 0.222 0.681 
 609 T _   0.005 0.066 0.000 0.013 0.004 0.008 0.221 0.682 
 610 F _   0.005 0.065 0.000 0.013 0.003 0.008 0.221 0.685 
 611 E _   0.005 0.064 0.000 0.012 0.003 0.008 0.220 0.687 
 612 D _   0.005 0.063 0.000 0.012 0.003 0.007 0.219 0.690 
 613 G _   0.005 0.062 0.000 0.011 0.003 0.007 0.219 0.693 
 614 M _   0.005 0.061 0.000 0.011 0.003 0.007 0.218 0.695 
 615 K _   0.005 0.060 0.000 0.011 0.003 0.007 0.218 0.696 
 616 F _   0.005 0.060 0.000 0.011 0.003 0.008 0.217 0.696 
 617 K _   0.005 0.060 0.000 0.012 0.003 0.008 0.217 0.694 
 618 E _   0.005 0.061 0.000 0.014 0.004 0.008 0.216 0.691 
 619 Y _   0.005 0.062 0.000 0.015 0.004 0.008 0.216 0.689 
 620 E _   0.005 0.062 0.000 0.016 0.004 0.008 0.217 0.688 
 621 C _   0.006 0.061 0.000 0.016 0.004 0.008 0.217 0.688 
 622 V _   0.006 0.060 0.000 0.015 0.004 0.008 0.217 0.690 
 623 K _   0.005 0.058 0.000 0.013 0.003 0.007 0.218 0.694 
 624 E _   0.005 0.056 0.000 0.011 0.003 0.007 0.219 0.700 
 625 H _   0.005 0.053 0.000 0.009 0.002 0.006 0.219 0.705 
 626 G _   0.004 0.051 0.000 0.007 0.002 0.006 0.219 0.709 
 627 D _   0.004 0.051 0.000 0.007 0.002 0.006 0.219 0.712 
 628 Y _   0.004 0.051 0.000 0.006 0.002 0.006 0.218 0.712 
 629 T _   0.004 0.053 0.000 0.006 0.002 0.006 0.217 0.711 
 630 D _   0.004 0.057 0.000 0.007 0.002 0.007 0.216 0.706 
 631 K _   0.005 0.063 0.000 0.009 0.003 0.008 0.214 0.698 
 632 A _   0.005 0.073 0.000 0.011 0.003 0.009 0.211 0.687 
 633 F _   0.005 0.086 0.001 0.013 0.004 0.010 0.208 0.674 
 634 E _   0.005 0.100 0.001 0.015 0.005 0.011 0.204 0.659 
 635 K _   0.005 0.115 0.001 0.017 0.005 0.011 0.201 0.645 
 636 L _   0.005 0.128 0.001 0.018 0.005 0.012 0.198 0.632 
 637 H _   0.005 0.140 0.001 0.019 0.006 0.012 0.196 0.622 
 638 C _   0.006 0.151 0.001 0.019 0.006 0.013 0.194 0.612 
 639 P _   0.006 0.161 0.001 0.018 0.006 0.014 0.192 0.602 
 640 E _   0.007 0.171 0.001 0.019 0.007 0.015 0.190 0.591 
 641 A _   0.007 0.181 0.001 0.020 0.008 0.016 0.189 0.579 
 642 G _   0.008 0.192 0.001 0.022 0.009 0.017 0.188 0.564 
 643 F _   0.009 0.203 0.001 0.024 0.010 0.018 0.187 0.548 
 644 S _   0.010 0.213 0.001 0.028 0.011 0.019 0.187 0.531 
 645 T _   0.010 0.222 0.001 0.033 0.012 0.019 0.187 0.515 
 646 Q _   0.011 0.228 0.001 0.038 0.013 0.020 0.188 0.502 
 647 T _   0.011 0.230 0.001 0.042 0.014 0.019 0.190 0.493 
 648 V _   0.011 0.229 0.001 0.044 0.014 0.019 0.193 0.490 
 649 A _   0.011 0.223 0.001 0.044 0.013 0.018 0.197 0.494 
 650 A _   0.011 0.211 0.001 0.041 0.012 0.016 0.202 0.505 
 651 V _   0.011 0.190 0.001 0.037 0.011 0.015 0.209 0.526 
 652 G _   0.010 0.159 0.001 0.031 0.010 0.014 0.218 0.557 
 653 N _   0.010 0.118 0.001 0.024 0.008 0.013 0.228 0.597 
 654 R _   0.010 0.075 0.001 0.017 0.006 0.012 0.239 0.640 
 655 R _   0.010 0.039 0.001 0.011 0.005 0.011 0.248 0.676 
 656 Q _   0.009 0.017 0.000 0.006 0.003 0.010 0.256 0.699 
 657 W _   0.009 0.006 0.000 0.004 0.002 0.010 0.261 0.708 
 658 D _   0.011 0.002 0.000 0.002 0.002 0.011 0.265 0.708 
 659 G _   0.016 0.001 0.000 0.002 0.002 0.013 0.267 0.700 
 660 G _   0.026 0.000 0.000 0.002 0.003 0.017 0.269 0.683 
 661 A _   0.043 0.001 0.000 0.002 0.005 0.025 0.271 0.653 
 662 P _   0.070 0.001 0.001 0.003 0.010 0.036 0.272 0.607 
 663 Q _   0.102 0.005 0.001 0.006 0.020 0.049 0.272 0.545 
