#TopoPred_TM8: 8-state transmembrane topology prediction results by no_profile mode 
#probabilities are in the order of H E C I L F X _, the 8 transmembrane topology types used in PDBTM 
   1 M X   0.019 0.002 0.003 0.067 0.011 0.014 0.585 0.299 
   2 S X   0.007 0.001 0.000 0.042 0.003 0.008 0.600 0.339 
   3 A X   0.002 0.001 0.000 0.026 0.001 0.005 0.601 0.364 
   4 K X   0.002 0.001 0.000 0.019 0.001 0.006 0.594 0.377 
   5 V X   0.003 0.001 0.000 0.018 0.001 0.008 0.582 0.386 
   6 R X   0.004 0.002 0.000 0.020 0.002 0.011 0.565 0.396 
   7 L X   0.006 0.003 0.000 0.023 0.003 0.013 0.546 0.406 
   8 K X   0.007 0.005 0.001 0.028 0.005 0.015 0.523 0.417 
   9 K X   0.007 0.007 0.001 0.033 0.006 0.016 0.500 0.430 
  10 L X   0.007 0.009 0.001 0.037 0.007 0.016 0.477 0.445 
  11 E _   0.007 0.010 0.001 0.038 0.007 0.016 0.456 0.464 
  12 Q _   0.007 0.010 0.001 0.036 0.007 0.015 0.438 0.486 
  13 L _   0.007 0.010 0.001 0.031 0.006 0.013 0.422 0.511 
  14 L _   0.007 0.008 0.001 0.024 0.005 0.011 0.407 0.537 
  15 L _   0.007 0.006 0.001 0.017 0.004 0.010 0.393 0.563 
  16 D _   0.007 0.004 0.000 0.011 0.003 0.008 0.379 0.587 
  17 G _   0.008 0.002 0.000 0.007 0.002 0.007 0.364 0.609 
  18 P _   0.011 0.001 0.000 0.005 0.002 0.007 0.347 0.627 
  19 W _   0.017 0.000 0.000 0.003 0.002 0.007 0.329 0.642 
  20 R _   0.028 0.000 0.000 0.003 0.003 0.008 0.307 0.652 
  21 N _   0.051 0.000 0.001 0.003 0.004 0.010 0.280 0.652 
  22 E _   0.092 0.000 0.001 0.003 0.005 0.013 0.249 0.637 
  23 S _   0.158 0.000 0.001 0.003 0.008 0.017 0.212 0.602 
  24 A _   0.253 0.000 0.001 0.003 0.011 0.021 0.171 0.541 
  25 L _   0.361 0.000 0.002 0.003 0.015 0.024 0.131 0.465 
  26 S H   0.474 0.000 0.002 0.002 0.019 0.026 0.096 0.381 
  27 V H   0.579 0.000 0.002 0.002 0.022 0.026 0.069 0.301 
  28 E H   0.667 0.000 0.002 0.002 0.024 0.025 0.050 0.232 
  29 T H   0.735 0.000 0.002 0.001 0.026 0.023 0.037 0.177 
  30 L H   0.785 0.000 0.001 0.001 0.026 0.020 0.029 0.137 
  31 L H   0.817 0.000 0.001 0.001 0.027 0.018 0.024 0.112 
  32 D H   0.834 0.000 0.001 0.001 0.027 0.016 0.021 0.099 
  33 V H   0.840 0.000 0.001 0.001 0.026 0.015 0.019 0.097 
  34 L H   0.832 0.000 0.001 0.001 0.026 0.014 0.019 0.106 
  35 V H   0.811 0.000 0.002 0.002 0.026 0.014 0.018 0.127 
  36 C H   0.772 0.000 0.002 0.002 0.026 0.014 0.019 0.166 
  37 L H   0.709 0.000 0.002 0.003 0.024 0.014 0.020 0.228 
  38 Y H   0.622 0.000 0.002 0.003 0.021 0.014 0.022 0.316 
  39 T H   0.515 0.000 0.002 0.003 0.017 0.013 0.024 0.425 
  40 E _   0.399 0.000 0.001 0.003 0.013 0.012 0.027 0.544 
  41 C _   0.289 0.000 0.001 0.003 0.009 0.011 0.030 0.657 
  42 S _   0.196 0.000 0.001 0.003 0.006 0.010 0.033 0.752 
  43 H _   0.127 0.000 0.001 0.002 0.004 0.009 0.035 0.822 
  44 S _   0.080 0.000 0.000 0.002 0.003 0.008 0.037 0.870 
  45 A _   0.051 0.000 0.000 0.002 0.002 0.008 0.038 0.899 
  46 L _   0.035 0.000 0.000 0.002 0.002 0.008 0.038 0.914 
  47 R _   0.025 0.000 0.000 0.003 0.002 0.009 0.038 0.922 
  48 R _   0.021 0.001 0.000 0.004 0.003 0.011 0.038 0.923 
  49 D _   0.019 0.003 0.000 0.005 0.004 0.013 0.038 0.918 
  50 K _   0.018 0.006 0.001 0.008 0.005 0.016 0.038 0.909 
  51 Y _   0.019 0.011 0.001 0.012 0.007 0.019 0.037 0.895 
  52 V _   0.020 0.018 0.001 0.016 0.009 0.022 0.036 0.878 
  53 A _   0.022 0.025 0.001 0.021 0.012 0.024 0.036 0.860 
  54 E _   0.023 0.032 0.001 0.024 0.013 0.026 0.035 0.846 
  55 F _   0.024 0.036 0.001 0.026 0.015 0.027 0.034 0.836 
  56 L _   0.025 0.039 0.001 0.027 0.015 0.028 0.034 0.830 
  57 E _   0.026 0.041 0.001 0.026 0.015 0.028 0.034 0.830 
  58 W _   0.026 0.041 0.001 0.023 0.014 0.028 0.034 0.832 
  59 A _   0.026 0.040 0.001 0.021 0.014 0.027 0.034 0.837 
  60 K _   0.026 0.039 0.001 0.020 0.013 0.027 0.034 0.841 
  61 P _   0.026 0.038 0.001 0.019 0.012 0.026 0.034 0.844 
  62 F _   0.025 0.037 0.001 0.019 0.012 0.025 0.035 0.847 
  63 T _   0.025 0.035 0.001 0.019 0.011 0.024 0.035 0.849 
  64 Q _   0.024 0.034 0.001 0.020 0.011 0.023 0.036 0.852 
  65 L _   0.023 0.031 0.001 0.020 0.011 0.022 0.036 0.856 
  66 V _   0.022 0.029 0.001 0.020 0.010 0.020 0.037 0.863 
  67 K _   0.020 0.025 0.001 0.018 0.009 0.018 0.037 0.872 
  68 E _   0.018 0.020 0.001 0.015 0.007 0.016 0.038 0.885 
  69 M _   0.016 0.015 0.001 0.012 0.006 0.015 0.038 0.897 
  70 Q _   0.015 0.010 0.001 0.009 0.005 0.013 0.039 0.909 
  71 L _   0.013 0.007 0.000 0.007 0.004 0.012 0.039 0.917 
  72 H _   0.013 0.004 0.000 0.005 0.004 0.012 0.039 0.923 
  73 R _   0.013 0.003 0.000 0.004 0.003 0.012 0.039 0.925 
  74 E _   0.014 0.002 0.000 0.004 0.004 0.013 0.039 0.923 
  75 D _   0.016 0.002 0.000 0.005 0.004 0.015 0.039 0.919 
  76 F _   0.019 0.002 0.001 0.005 0.005 0.017 0.039 0.912 
  77 E _   0.023 0.003 0.001 0.007 0.006 0.020 0.038 0.903 
  78 I _   0.027 0.004 0.001 0.008 0.008 0.023 0.038 0.892 
  79 I _   0.032 0.005 0.001 0.010 0.010 0.026 0.037 0.879 
  80 K _   0.036 0.007 0.001 0.012 0.012 0.029 0.037 0.866 
  81 V _   0.041 0.008 0.001 0.013 0.015 0.032 0.036 0.853 
  82 I _   0.046 0.010 0.001 0.015 0.017 0.034 0.036 0.841 
  83 G _   0.050 0.012 0.001 0.016 0.019 0.036 0.035 0.830 
  84 R _   0.053 0.014 0.001 0.018 0.021 0.038 0.035 0.820 
  85 G _   0.054 0.015 0.001 0.019 0.022 0.039 0.035 0.813 
  86 A _   0.054 0.017 0.001 0.021 0.023 0.038 0.035 0.810 
  87 F _   0.052 0.018 0.002 0.023 0.022 0.038 0.036 0.810 
  88 G _   0.049 0.018 0.001 0.024 0.021 0.036 0.036 0.815 
  89 E _   0.045 0.017 0.001 0.023 0.019 0.033 0.037 0.824 
  90 V _   0.041 0.016 0.001 0.022 0.016 0.030 0.038 0.836 
  91 A _   0.036 0.014 0.001 0.019 0.013 0.027 0.038 0.851 
  92 V _   0.032 0.012 0.001 0.015 0.010 0.024 0.039 0.867 
  93 V _   0.028 0.009 0.001 0.012 0.008 0.021 0.040 0.882 
  94 K _   0.024 0.007 0.001 0.009 0.006 0.019 0.040 0.894 
  95 M _   0.022 0.005 0.001 0.006 0.005 0.018 0.041 0.903 
  96 K _   0.020 0.004 0.001 0.005 0.005 0.017 0.041 0.907 
  97 N _   0.020 0.004 0.000 0.005 0.005 0.017 0.041 0.909 
  98 T _   0.020 0.004 0.001 0.005 0.005 0.018 0.041 0.906 
  99 E _   0.021 0.005 0.001 0.006 0.006 0.019 0.041 0.901 
 100 R _   0.023 0.007 0.001 0.008 0.007 0.021 0.041 0.892 
 101 I _   0.024 0.009 0.001 0.011 0.009 0.023 0.042 0.882 
 102 Y _   0.026 0.013 0.001 0.014 0.010 0.024 0.042 0.870 
 103 A _   0.026 0.017 0.001 0.017 0.012 0.025 0.042 0.860 
 104 M _   0.026 0.020 0.001 0.020 0.012 0.025 0.042 0.853 
 105 K _   0.026 0.022 0.001 0.021 0.013 0.025 0.042 0.850 
 106 I _   0.025 0.023 0.001 0.021 0.012 0.025 0.043 0.850 
 107 L _   0.024 0.023 0.001 0.020 0.012 0.024 0.044 0.852 
 108 N _   0.023 0.023 0.001 0.018 0.011 0.023 0.044 0.857 
 109 K _   0.022 0.022 0.001 0.016 0.010 0.022 0.045 0.863 
 110 W _   0.021 0.021 0.001 0.015 0.009 0.020 0.046 0.868 
 111 E _   0.020 0.020 0.001 0.013 0.008 0.020 0.047 0.873 
 112 M _   0.019 0.019 0.001 0.012 0.007 0.019 0.048 0.876 
 113 L _   0.018 0.018 0.001 0.012 0.007 0.018 0.048 0.878 
 114 K _   0.017 0.017 0.001 0.012 0.007 0.018 0.049 0.879 
 115 R _   0.017 0.017 0.001 0.013 0.007 0.017 0.050 0.879 
 116 A _   0.016 0.017 0.001 0.014 0.007 0.017 0.050 0.877 
 117 E _   0.016 0.017 0.001 0.015 0.007 0.017 0.051 0.876 
 118 T _   0.016 0.017 0.001 0.016 0.008 0.016 0.052 0.874 
 119 A _   0.015 0.016 0.001 0.017 0.008 0.016 0.053 0.874 
 120 C _   0.015 0.015 0.001 0.017 0.007 0.015 0.054 0.875 
 121 F _   0.014 0.014 0.001 0.017 0.007 0.014 0.055 0.879 
 122 R _   0.013 0.011 0.001 0.015 0.006 0.013 0.056 0.884 
 123 E _   0.013 0.009 0.001 0.012 0.005 0.012 0.058 0.891 
 124 E _   0.012 0.006 0.001 0.009 0.004 0.011 0.059 0.898 
 125 R _   0.011 0.004 0.000 0.007 0.003 0.011 0.059 0.904 
 126 D _   0.011 0.002 0.000 0.005 0.003 0.011 0.060 0.908 
 127 V _   0.012 0.001 0.000 0.003 0.002 0.011 0.060 0.909 
 128 L _   0.014 0.001 0.000 0.003 0.002 0.013 0.060 0.906 
 129 V _   0.018 0.001 0.000 0.003 0.003 0.017 0.060 0.898 
 130 N _   0.025 0.002 0.000 0.003 0.005 0.022 0.059 0.883 
 131 G _   0.035 0.005 0.001 0.005 0.009 0.030 0.058 0.857 
 132 D _   0.047 0.014 0.001 0.010 0.016 0.039 0.056 0.816 
 133 C _   0.059 0.034 0.002 0.018 0.027 0.049 0.054 0.757 
 134 Q _   0.066 0.065 0.003 0.031 0.037 0.056 0.052 0.689 
 135 W _   0.071 0.098 0.003 0.045 0.045 0.060 0.050 0.627 
 136 I _   0.072 0.122 0.003 0.059 0.049 0.061 0.049 0.585 
 137 T _   0.071 0.135 0.003 0.068 0.049 0.059 0.049 0.565 
 138 A _   0.068 0.141 0.003 0.072 0.047 0.056 0.049 0.565 
 139 L _   0.063 0.139 0.002 0.069 0.042 0.051 0.050 0.583 
 140 H _   0.057 0.128 0.002 0.060 0.036 0.046 0.052 0.619 
 141 Y _   0.051 0.108 0.002 0.046 0.028 0.040 0.054 0.671 
 142 A _   0.044 0.078 0.002 0.032 0.020 0.034 0.056 0.735 
 143 F _   0.037 0.044 0.001 0.019 0.013 0.029 0.058 0.799 
 144 Q _   0.030 0.020 0.001 0.010 0.008 0.025 0.059 0.846 
 145 D _   0.026 0.008 0.001 0.005 0.005 0.022 0.060 0.873 
 146 E _   0.023 0.004 0.000 0.003 0.004 0.020 0.060 0.885 
 147 N _   0.022 0.003 0.000 0.003 0.003 0.020 0.061 0.887 
 148 H _   0.025 0.003 0.000 0.003 0.004 0.022 0.061 0.883 
 149 L _   0.028 0.004 0.001 0.004 0.005 0.025 0.060 0.873 
 150 Y _   0.034 0.006 0.001 0.006 0.008 0.028 0.060 0.858 
 151 L _   0.039 0.010 0.001 0.010 0.011 0.032 0.059 0.838 
 152 V _   0.044 0.016 0.001 0.013 0.014 0.036 0.059 0.818 
 153 M _   0.048 0.023 0.001 0.016 0.017 0.039 0.058 0.798 
 154 D _   0.052 0.030 0.001 0.018 0.020 0.042 0.058 0.779 
 155 Y _   0.054 0.036 0.001 0.020 0.022 0.043 0.057 0.765 
 156 Y _   0.057 0.042 0.002 0.022 0.024 0.045 0.057 0.752 
 157 V _   0.058 0.048 0.002 0.024 0.026 0.045 0.057 0.740 
 158 G _   0.058 0.053 0.002 0.027 0.026 0.045 0.058 0.731 
 159 G _   0.058 0.057 0.002 0.030 0.026 0.043 0.059 0.725 
 160 D _   0.056 0.060 0.002 0.034 0.025 0.041 0.060 0.723 
 161 L _   0.052 0.061 0.002 0.036 0.023 0.038 0.061 0.727 
 162 L _   0.048 0.059 0.002 0.036 0.021 0.034 0.063 0.738 
 163 T _   0.042 0.055 0.001 0.034 0.017 0.030 0.065 0.757 
 164 L _   0.035 0.047 0.001 0.029 0.013 0.025 0.068 0.781 
 165 L _   0.029 0.037 0.001 0.023 0.010 0.021 0.070 0.810 
 166 S _   0.023 0.026 0.001 0.016 0.007 0.016 0.072 0.839 
 167 K _   0.018 0.015 0.001 0.011 0.005 0.013 0.073 0.864 
 168 F _   0.015 0.008 0.000 0.007 0.003 0.010 0.074 0.883 
 169 E _   0.012 0.003 0.000 0.004 0.002 0.009 0.075 0.895 
 170 D _   0.011 0.001 0.000 0.003 0.002 0.008 0.074 0.901 
 171 K _   0.012 0.000 0.000 0.002 0.001 0.008 0.074 0.902 
 172 L _   0.016 0.000 0.000 0.002 0.002 0.009 0.073 0.898 
 173 P _   0.025 0.000 0.000 0.002 0.002 0.012 0.071 0.887 
 174 E _   0.042 0.000 0.000 0.002 0.003 0.017 0.069 0.867 
 175 D _   0.069 0.000 0.001 0.003 0.006 0.024 0.066 0.832 
 176 M _   0.110 0.000 0.001 0.004 0.010 0.033 0.062 0.780 
 177 A _   0.161 0.000 0.001 0.006 0.017 0.044 0.058 0.712 
 178 R _   0.215 0.001 0.002 0.008 0.027 0.054 0.054 0.639 
 179 F _   0.266 0.002 0.002 0.010 0.038 0.063 0.051 0.569 
 180 Y _   0.312 0.002 0.002 0.012 0.048 0.068 0.048 0.508 
 181 I _   0.349 0.003 0.002 0.013 0.055 0.072 0.046 0.460 
 182 G _   0.376 0.004 0.003 0.014 0.059 0.072 0.045 0.427 
 183 E _   0.394 0.004 0.003 0.014 0.060 0.071 0.044 0.409 
 184 M _   0.403 0.004 0.003 0.013 0.059 0.069 0.045 0.405 
 185 V _   0.402 0.004 0.002 0.011 0.054 0.065 0.045 0.415 
 186 L _   0.390 0.004 0.002 0.010 0.049 0.061 0.046 0.438 
 187 A _   0.368 0.003 0.002 0.009 0.043 0.056 0.048 0.470 
 188 I _   0.338 0.003 0.002 0.009 0.037 0.052 0.050 0.509 
 189 D _   0.303 0.003 0.002 0.009 0.031 0.048 0.052 0.552 
 190 S _   0.266 0.003 0.002 0.010 0.026 0.043 0.055 0.594 
 191 I _   0.226 0.003 0.002 0.012 0.022 0.039 0.058 0.638 
 192 H _   0.186 0.004 0.002 0.014 0.019 0.035 0.061 0.680 
 193 Q _   0.148 0.004 0.001 0.015 0.016 0.031 0.065 0.719 
 194 L _   0.113 0.004 0.001 0.016 0.013 0.027 0.068 0.758 
 195 H _   0.083 0.004 0.001 0.015 0.010 0.022 0.071 0.793 
 196 Y _   0.059 0.004 0.001 0.013 0.008 0.018 0.074 0.824 
 197 V _   0.041 0.003 0.001 0.011 0.006 0.015 0.076 0.848 
 198 H _   0.028 0.003 0.001 0.008 0.004 0.012 0.078 0.867 
 199 R _   0.020 0.002 0.000 0.006 0.003 0.010 0.079 0.880 
 200 D _   0.014 0.002 0.000 0.005 0.002 0.008 0.080 0.889 
 201 I _   0.010 0.002 0.000 0.004 0.002 0.007 0.080 0.894 
 202 K _   0.008 0.003 0.000 0.004 0.002 0.007 0.080 0.896 
 203 P _   0.007 0.004 0.000 0.004 0.002 0.008 0.079 0.895 
 204 D _   0.007 0.008 0.000 0.005 0.002 0.008 0.079 0.891 
 205 N _   0.007 0.014 0.000 0.007 0.003 0.010 0.077 0.882 
 206 V _   0.008 0.025 0.001 0.009 0.004 0.012 0.075 0.865 
 207 L _   0.009 0.044 0.001 0.013 0.006 0.014 0.073 0.840 
 208 L _   0.010 0.071 0.001 0.018 0.008 0.017 0.070 0.807 
 209 D _   0.011 0.104 0.001 0.023 0.010 0.019 0.066 0.767 
 210 V _   0.011 0.140 0.001 0.029 0.012 0.021 0.063 0.724 
 211 N _   0.011 0.175 0.001 0.035 0.014 0.022 0.059 0.683 
 212 G _   0.011 0.206 0.001 0.040 0.015 0.023 0.057 0.647 
 213 H _   0.012 0.230 0.001 0.044 0.016 0.023 0.054 0.619 
 214 I _   0.012 0.246 0.001 0.048 0.016 0.023 0.053 0.599 
 215 R _   0.012 0.256 0.001 0.051 0.016 0.023 0.052 0.588 
 216 L _   0.012 0.260 0.001 0.052 0.016 0.022 0.052 0.585 
 217 A _   0.012 0.259 0.001 0.052 0.015 0.020 0.052 0.589 
 218 D _   0.012 0.251 0.001 0.048 0.013 0.019 0.053 0.603 
 219 F _   0.012 0.237 0.001 0.043 0.012 0.017 0.054 0.624 
 220 G _   0.011 0.214 0.001 0.037 0.010 0.015 0.055 0.655 
 221 S _   0.011 0.183 0.001 0.030 0.009 0.014 0.057 0.695 
 222 C _   0.010 0.145 0.001 0.023 0.007 0.012 0.060 0.742 
 223 L _   0.009 0.109 0.001 0.017 0.005 0.011 0.062 0.786 
 224 K _   0.008 0.080 0.001 0.011 0.004 0.009 0.063 0.824 
 225 M _   0.007 0.061 0.000 0.007 0.003 0.008 0.064 0.849 
 226 N _   0.006 0.051 0.000 0.005 0.002 0.007 0.065 0.864 
 227 D _   0.006 0.047 0.000 0.004 0.002 0.007 0.064 0.869 
 228 D _   0.006 0.046 0.000 0.005 0.002 0.008 0.064 0.870 
 229 G _   0.006 0.048 0.000 0.006 0.003 0.010 0.063 0.864 
 230 T _   0.007 0.055 0.000 0.009 0.004 0.011 0.061 0.852 
 231 V _   0.009 0.066 0.001 0.014 0.006 0.014 0.059 0.832 
 232 Q _   0.009 0.082 0.001 0.021 0.008 0.016 0.057 0.806 
 233 S _   0.010 0.098 0.001 0.028 0.010 0.017 0.055 0.782 
 234 S _   0.010 0.111 0.001 0.034 0.011 0.018 0.053 0.762 
 235 V _   0.010 0.119 0.001 0.037 0.011 0.018 0.052 0.751 
 236 A _   0.010 0.123 0.001 0.037 0.011 0.018 0.051 0.749 
 237 V _   0.010 0.123 0.001 0.034 0.010 0.017 0.051 0.754 
 238 G _   0.009 0.120 0.001 0.029 0.009 0.017 0.050 0.764 
 239 T _   0.009 0.114 0.001 0.023 0.008 0.016 0.050 0.777 
 240 P _   0.009 0.108 0.001 0.018 0.007 0.015 0.051 0.791 
 241 D _   0.009 0.102 0.001 0.015 0.006 0.015 0.051 0.802 
 242 Y _   0.009 0.097 0.001 0.013 0.006 0.015 0.051 0.808 
 243 I _   0.010 0.096 0.001 0.013 0.006 0.015 0.051 0.809 
 244 S _   0.010 0.096 0.001 0.015 0.006 0.016 0.051 0.806 
 245 P _   0.011 0.097 0.001 0.018 0.007 0.016 0.051 0.799 
 246 E _   0.011 0.100 0.001 0.023 0.008 0.017 0.051 0.790 
 247 I _   0.011 0.102 0.001 0.028 0.009 0.017 0.051 0.782 
 248 L _   0.011 0.102 0.001 0.031 0.009 0.016 0.051 0.778 
 249 Q _   0.011 0.099 0.001 0.032 0.009 0.016 0.052 0.780 
 250 A _   0.010 0.093 0.001 0.031 0.009 0.014 0.052 0.789 
 251 M _   0.010 0.083 0.001 0.028 0.008 0.013 0.054 0.803 
 252 E _   0.009 0.069 0.001 0.024 0.007 0.012 0.055 0.824 
 253 D _   0.008 0.052 0.001 0.019 0.005 0.011 0.056 0.848 
 254 G _   0.008 0.034 0.001 0.013 0.004 0.010 0.058 0.872 
 255 M _   0.008 0.020 0.000 0.009 0.003 0.009 0.059 0.893 
 256 G _   0.008 0.010 0.000 0.006 0.002 0.008 0.059 0.906 
 257 K _   0.009 0.004 0.000 0.004 0.002 0.008 0.059 0.913 
 258 Y _   0.011 0.002 0.000 0.003 0.002 0.009 0.059 0.914 
 259 G _   0.017 0.001 0.000 0.002 0.002 0.011 0.058 0.909 
 260 P _   0.028 0.000 0.000 0.002 0.003 0.015 0.057 0.895 
 261 E _   0.050 0.000 0.000 0.002 0.004 0.021 0.055 0.867 
 262 C _   0.084 0.000 0.001 0.003 0.008 0.030 0.053 0.822 
 263 D _   0.133 0.001 0.001 0.004 0.015 0.041 0.050 0.756 
 264 W _   0.190 0.002 0.002 0.006 0.026 0.054 0.046 0.674 
 265 W _   0.248 0.004 0.002 0.008 0.042 0.066 0.043 0.587 
 266 S _   0.297 0.009 0.003 0.012 0.058 0.075 0.040 0.506 
 267 L _   0.336 0.015 0.003 0.017 0.071 0.080 0.038 0.439 
 268 G _   0.362 0.022 0.003 0.023 0.081 0.081 0.037 0.391 
 269 V H   0.379 0.027 0.003 0.027 0.084 0.079 0.037 0.363 
 270 C H   0.385 0.029 0.003 0.029 0.084 0.075 0.037 0.357 
 271 M H   0.381 0.029 0.003 0.029 0.079 0.070 0.038 0.370 
 272 Y _   0.363 0.027 0.003 0.027 0.071 0.063 0.040 0.406 
 273 E _   0.333 0.022 0.003 0.023 0.059 0.056 0.042 0.463 
 274 M _   0.290 0.016 0.003 0.018 0.045 0.048 0.044 0.536 
 275 L _   0.239 0.009 0.002 0.012 0.031 0.040 0.047 0.620 
 276 Y _   0.187 0.004 0.001 0.008 0.019 0.033 0.049 0.699 
 277 G _   0.140 0.002 0.001 0.005 0.011 0.027 0.051 0.763 
 278 E _   0.102 0.001 0.001 0.004 0.007 0.022 0.053 0.811 
 279 T _   0.074 0.000 0.001 0.003 0.005 0.020 0.054 0.843 
 280 P _   0.055 0.000 0.000 0.003 0.004 0.018 0.055 0.864 
 281 F _   0.043 0.001 0.000 0.003 0.004 0.018 0.056 0.875 
 282 Y _   0.035 0.002 0.001 0.005 0.005 0.019 0.056 0.878 
 283 A _   0.031 0.005 0.001 0.007 0.006 0.020 0.056 0.874 
 284 E _   0.028 0.010 0.001 0.011 0.008 0.021 0.056 0.864 
 285 S _   0.026 0.017 0.001 0.016 0.010 0.023 0.056 0.850 
 286 L _   0.025 0.024 0.001 0.022 0.012 0.024 0.056 0.836 
 287 V _   0.023 0.031 0.001 0.026 0.013 0.024 0.056 0.825 
 288 E _   0.022 0.036 0.001 0.029 0.014 0.024 0.056 0.818 
 289 T _   0.020 0.039 0.001 0.031 0.014 0.023 0.057 0.816 
 290 Y _   0.019 0.040 0.001 0.030 0.013 0.022 0.058 0.818 
 291 G _   0.018 0.039 0.001 0.028 0.012 0.020 0.059 0.823 
 292 K _   0.017 0.038 0.001 0.024 0.010 0.019 0.060 0.831 
 293 I _   0.015 0.035 0.001 0.021 0.009 0.017 0.061 0.840 
 294 M _   0.014 0.032 0.001 0.018 0.008 0.016 0.063 0.849 
 295 N _   0.013 0.028 0.001 0.016 0.007 0.015 0.065 0.856 
 296 H _   0.013 0.025 0.001 0.014 0.006 0.013 0.066 0.863 
 297 E _   0.012 0.022 0.001 0.012 0.005 0.012 0.068 0.869 
 298 E _   0.011 0.019 0.001 0.011 0.005 0.011 0.069 0.873 
 299 R _   0.010 0.017 0.001 0.010 0.004 0.011 0.070 0.877 
 300 F _   0.009 0.015 0.000 0.010 0.004 0.010 0.072 0.880 
 301 Q _   0.009 0.013 0.000 0.009 0.004 0.009 0.073 0.883 
 302 F _   0.008 0.012 0.000 0.009 0.003 0.009 0.074 0.885 
 303 P _   0.007 0.011 0.000 0.008 0.003 0.008 0.075 0.887 
 304 S _   0.007 0.010 0.000 0.007 0.003 0.008 0.075 0.888 
 305 H _   0.007 0.010 0.000 0.007 0.003 0.008 0.076 0.889 
 306 V _   0.007 0.010 0.000 0.006 0.003 0.008 0.076 0.889 
 307 T _   0.007 0.010 0.000 0.006 0.003 0.009 0.076 0.889 
 308 D _   0.007 0.011 0.000 0.006 0.003 0.010 0.076 0.886 
 309 V _   0.008 0.013 0.000 0.006 0.003 0.012 0.075 0.882 
 310 S _   0.009 0.017 0.000 0.007 0.004 0.014 0.074 0.874 
 311 E _   0.012 0.023 0.001 0.008 0.005 0.018 0.073 0.861 
 312 E _   0.015 0.033 0.001 0.010 0.007 0.022 0.071 0.840 
 313 A _   0.018 0.052 0.001 0.014 0.011 0.026 0.069 0.808 
 314 K _   0.022 0.079 0.001 0.020 0.015 0.031 0.067 0.765 
 315 D _   0.025 0.116 0.002 0.026 0.020 0.035 0.064 0.712 
 316 L _   0.028 0.156 0.002 0.034 0.023 0.037 0.062 0.658 
 317 I _   0.030 0.190 0.002 0.041 0.026 0.038 0.060 0.613 
 318 Q _   0.031 0.214 0.002 0.046 0.027 0.038 0.059 0.583 
 319 R _   0.031 0.229 0.002 0.050 0.027 0.037 0.059 0.566 
 320 L _   0.030 0.236 0.002 0.051 0.026 0.035 0.059 0.561 
 321 I _   0.029 0.238 0.002 0.049 0.024 0.033 0.060 0.566 
 322 C _   0.027 0.233 0.002 0.046 0.021 0.030 0.061 0.581 
 323 S _   0.025 0.223 0.001 0.040 0.018 0.027 0.062 0.603 
 324 R _   0.023 0.208 0.001 0.034 0.015 0.023 0.064 0.631 
 325 E _   0.021 0.188 0.001 0.028 0.012 0.021 0.067 0.663 
 326 R _   0.018 0.165 0.001 0.022 0.009 0.018 0.069 0.697 
 327 R _   0.016 0.143 0.001 0.018 0.007 0.015 0.071 0.729 
 328 L _   0.013 0.123 0.001 0.014 0.006 0.013 0.074 0.756 
 329 G _   0.011 0.107 0.001 0.011 0.004 0.012 0.075 0.778 
 330 Q _   0.010 0.096 0.000 0.009 0.004 0.010 0.077 0.794 
 331 N _   0.008 0.089 0.000 0.008 0.003 0.009 0.078 0.806 
 332 G _   0.007 0.084 0.000 0.006 0.003 0.008 0.078 0.813 
 333 I _   0.007 0.082 0.000 0.006 0.002 0.008 0.078 0.816 
 334 E _   0.006 0.083 0.000 0.006 0.003 0.009 0.078 0.815 
 335 D _   0.007 0.086 0.000 0.007 0.003 0.009 0.077 0.811 
 336 F _   0.007 0.092 0.000 0.009 0.004 0.010 0.077 0.801 
 337 K _   0.008 0.101 0.001 0.012 0.005 0.012 0.076 0.786 
 338 K _   0.008 0.115 0.001 0.017 0.006 0.013 0.075 0.765 
 339 H _   0.008 0.131 0.001 0.022 0.008 0.014 0.074 0.742 
 340 A _   0.009 0.146 0.001 0.027 0.009 0.015 0.073 0.721 
 341 F _   0.009 0.158 0.001 0.031 0.010 0.015 0.072 0.704 
 342 F _   0.009 0.166 0.001 0.033 0.010 0.015 0.072 0.695 
 343 E _   0.009 0.170 0.001 0.033 0.009 0.015 0.073 0.691 
 344 G _   0.008 0.170 0.001 0.030 0.009 0.014 0.074 0.694 
 345 L _   0.008 0.167 0.001 0.027 0.008 0.013 0.075 0.701 
 346 N _   0.008 0.162 0.001 0.023 0.007 0.013 0.077 0.711 
 347 W _   0.007 0.155 0.001 0.020 0.006 0.012 0.078 0.721 
 348 E _   0.007 0.148 0.001 0.017 0.006 0.012 0.080 0.729 
 349 N _   0.007 0.143 0.001 0.016 0.005 0.012 0.082 0.734 
 350 I _   0.008 0.138 0.001 0.016 0.005 0.012 0.084 0.736 
 351 R _   0.008 0.135 0.001 0.017 0.005 0.012 0.086 0.735 
 352 N _   0.008 0.133 0.001 0.019 0.006 0.012 0.088 0.733 
 353 L _   0.009 0.131 0.001 0.021 0.006 0.013 0.090 0.730 
 354 E _   0.009 0.127 0.001 0.024 0.007 0.013 0.092 0.728 
 355 A _   0.009 0.123 0.001 0.025 0.007 0.012 0.095 0.728 
 356 P _   0.008 0.116 0.001 0.026 0.007 0.012 0.099 0.732 
 357 Y _   0.008 0.107 0.001 0.025 0.006 0.011 0.102 0.740 
 358 I _   0.008 0.094 0.001 0.023 0.006 0.011 0.106 0.752 
 359 P _   0.007 0.080 0.001 0.020 0.005 0.010 0.111 0.766 
 360 D _   0.007 0.066 0.001 0.017 0.004 0.009 0.115 0.781 
 361 V _   0.007 0.052 0.000 0.014 0.003 0.008 0.120 0.796 
 362 S _   0.006 0.040 0.000 0.011 0.003 0.007 0.123 0.809 
 363 S _   0.006 0.030 0.000 0.009 0.002 0.007 0.126 0.819 
 364 P _   0.005 0.024 0.000 0.008 0.002 0.006 0.129 0.826 
 365 S _   0.005 0.019 0.000 0.007 0.002 0.006 0.130 0.831 
 366 D _   0.005 0.017 0.000 0.006 0.002 0.005 0.131 0.835 
 367 T _   0.004 0.015 0.000 0.006 0.002 0.005 0.131 0.837 
 368 S _   0.004 0.014 0.000 0.006 0.001 0.005 0.131 0.839 
 369 N _   0.004 0.014 0.000 0.006 0.002 0.005 0.130 0.840 
 370 F _   0.004 0.014 0.000 0.006 0.002 0.005 0.128 0.841 
 371 D _   0.004 0.015 0.000 0.007 0.002 0.006 0.126 0.841 
 372 V _   0.003 0.017 0.000 0.008 0.002 0.006 0.123 0.841 
 373 D _   0.004 0.019 0.000 0.009 0.002 0.007 0.120 0.839 
 374 D _   0.004 0.023 0.000 0.011 0.003 0.008 0.116 0.835 
 375 D _   0.004 0.028 0.000 0.013 0.003 0.009 0.112 0.830 
 376 V _   0.004 0.034 0.000 0.017 0.004 0.010 0.108 0.823 
 377 L _   0.005 0.040 0.001 0.020 0.005 0.011 0.105 0.815 
 378 R _   0.005 0.045 0.001 0.024 0.005 0.012 0.101 0.808 
 379 N _   0.005 0.049 0.001 0.026 0.006 0.012 0.098 0.803 
 380 T _   0.005 0.052 0.001 0.027 0.006 0.013 0.096 0.801 
 381 E _   0.005 0.053 0.001 0.027 0.006 0.013 0.093 0.802 
 382 I _   0.005 0.053 0.001 0.024 0.006 0.013 0.092 0.806 
 383 L _   0.005 0.051 0.001 0.021 0.005 0.013 0.090 0.813 
 384 P _   0.006 0.049 0.001 0.017 0.005 0.013 0.089 0.822 
 385 P _   0.006 0.046 0.001 0.013 0.004 0.013 0.088 0.829 
 386 G _   0.006 0.044 0.000 0.010 0.004 0.014 0.087 0.835 
 387 S _   0.008 0.042 0.000 0.008 0.004 0.016 0.085 0.837 
 388 H _   0.010 0.042 0.000 0.007 0.004 0.019 0.084 0.834 
 389 T _   0.013 0.044 0.001 0.008 0.005 0.023 0.082 0.826 
 390 G _   0.018 0.049 0.001 0.009 0.008 0.028 0.079 0.809 
 391 F _   0.024 0.058 0.001 0.011 0.012 0.035 0.077 0.782 
 392 S _   0.032 0.076 0.001 0.014 0.018 0.043 0.073 0.742 
 393 G _   0.041 0.106 0.002 0.019 0.026 0.050 0.069 0.686 
 394 L _   0.050 0.146 0.002 0.025 0.035 0.057 0.065 0.620 
 395 H _   0.056 0.192 0.003 0.031 0.044 0.061 0.061 0.552 
 396 L _   0.061 0.236 0.003 0.038 0.051 0.063 0.057 0.490 
 397 P _   0.064 0.272 0.003 0.044 0.055 0.064 0.055 0.444 
 398 F _   0.066 0.297 0.003 0.048 0.056 0.062 0.053 0.415 
 399 I _   0.066 0.313 0.003 0.053 0.055 0.059 0.052 0.400 
 400 G _   0.064 0.319 0.002 0.055 0.052 0.055 0.052 0.400 
 401 F _   0.060 0.319 0.002 0.055 0.047 0.051 0.053 0.413 
 402 T _   0.056 0.310 0.002 0.052 0.041 0.046 0.054 0.438 
 403 F _   0.050 0.291 0.002 0.047 0.035 0.041 0.055 0.478 
 404 T _   0.043 0.260 0.002 0.040 0.028 0.036 0.058 0.533 
 405 T _   0.036 0.219 0.002 0.032 0.021 0.031 0.060 0.599 
 406 E _   0.030 0.173 0.002 0.024 0.015 0.026 0.063 0.667 
 407 S _   0.024 0.132 0.001 0.017 0.011 0.022 0.065 0.729 
 408 C _   0.019 0.103 0.001 0.012 0.007 0.019 0.067 0.773 
 409 F _   0.015 0.086 0.001 0.009 0.005 0.016 0.068 0.801 
 410 S _   0.012 0.077 0.000 0.007 0.004 0.015 0.068 0.816 
 411 D _   0.011 0.074 0.000 0.007 0.004 0.014 0.069 0.822 
 412 R _   0.010 0.073 0.000 0.008 0.004 0.014 0.068 0.822 
 413 G _   0.010 0.076 0.001 0.010 0.004 0.014 0.068 0.817 
 414 S _   0.010 0.080 0.001 0.014 0.006 0.015 0.067 0.807 
 415 L _   0.010 0.087 0.001 0.019 0.007 0.016 0.067 0.794 
 416 K _   0.011 0.093 0.001 0.025 0.008 0.016 0.066 0.781 
 417 S _   0.011 0.097 0.001 0.029 0.009 0.016 0.066 0.771 
 418 I _   0.011 0.099 0.001 0.032 0.009 0.016 0.066 0.766 
 419 M _   0.010 0.099 0.001 0.033 0.009 0.015 0.066 0.767 
 420 Q _   0.010 0.095 0.001 0.031 0.008 0.014 0.067 0.774 
 421 S _   0.010 0.088 0.001 0.027 0.007 0.013 0.069 0.786 
 422 N _   0.009 0.079 0.001 0.022 0.006 0.011 0.070 0.802 
 423 T _   0.008 0.067 0.001 0.017 0.005 0.010 0.072 0.820 
 424 L _   0.008 0.055 0.001 0.013 0.004 0.009 0.074 0.837 
 425 T _   0.007 0.045 0.000 0.009 0.003 0.008 0.075 0.852 
 426 K _   0.007 0.038 0.000 0.007 0.002 0.007 0.076 0.862 
 427 D _   0.006 0.034 0.000 0.006 0.002 0.007 0.077 0.869 
 428 E _   0.006 0.032 0.000 0.005 0.002 0.007 0.077 0.872 
 429 D _   0.006 0.031 0.000 0.005 0.002 0.007 0.077 0.872 
 430 V _   0.006 0.033 0.000 0.005 0.002 0.008 0.076 0.870 
 431 Q _   0.006 0.036 0.000 0.007 0.003 0.009 0.076 0.864 
 432 R _   0.007 0.042 0.000 0.008 0.003 0.010 0.074 0.856 
 433 D _   0.007 0.050 0.001 0.011 0.004 0.011 0.073 0.843 
 434 L _   0.008 0.062 0.001 0.014 0.005 0.012 0.071 0.827 
 435 E _   0.008 0.075 0.001 0.017 0.006 0.014 0.069 0.810 
 436 H _   0.008 0.088 0.001 0.020 0.007 0.015 0.067 0.793 
 437 S _   0.009 0.100 0.001 0.023 0.008 0.015 0.066 0.779 
 438 L _   0.009 0.110 0.001 0.025 0.009 0.016 0.064 0.767 
 439 Q _   0.010 0.117 0.001 0.026 0.009 0.016 0.063 0.759 
 440 M _   0.010 0.122 0.001 0.026 0.009 0.016 0.063 0.754 
 441 E _   0.011 0.124 0.001 0.025 0.009 0.016 0.063 0.753 
 442 A _   0.011 0.125 0.001 0.023 0.008 0.015 0.063 0.754 
 443 Y _   0.011 0.124 0.001 0.021 0.007 0.015 0.063 0.758 
 444 E _   0.011 0.122 0.001 0.018 0.007 0.014 0.064 0.763 
 445 R _   0.011 0.120 0.001 0.016 0.006 0.013 0.065 0.768 
 446 R _   0.011 0.117 0.001 0.015 0.006 0.013 0.065 0.773 
 447 I _   0.011 0.114 0.001 0.013 0.005 0.012 0.066 0.778 
 448 R _   0.010 0.112 0.001 0.012 0.005 0.012 0.067 0.782 
 449 R _   0.010 0.110 0.001 0.011 0.004 0.011 0.068 0.785 
 450 L _   0.009 0.109 0.000 0.011 0.004 0.011 0.069 0.787 
 451 E _   0.009 0.108 0.000 0.010 0.004 0.010 0.069 0.789 
 452 Q _   0.008 0.107 0.000 0.010 0.004 0.010 0.070 0.790 
 453 E _   0.008 0.108 0.000 0.010 0.004 0.010 0.070 0.791 
 454 K _   0.008 0.108 0.000 0.009 0.003 0.010 0.071 0.791 
 455 L _   0.007 0.110 0.000 0.009 0.003 0.010 0.071 0.790 
 456 E _   0.007 0.112 0.000 0.009 0.003 0.010 0.071 0.787 
 457 L _   0.007 0.116 0.000 0.009 0.004 0.010 0.071 0.783 
 458 S _   0.007 0.120 0.000 0.009 0.004 0.011 0.071 0.777 
 459 R _   0.008 0.127 0.001 0.010 0.004 0.012 0.071 0.768 
 460 K _   0.009 0.135 0.001 0.011 0.005 0.013 0.070 0.756 
 461 L _   0.009 0.146 0.001 0.013 0.006 0.014 0.070 0.741 
 462 Q _   0.010 0.159 0.001 0.016 0.007 0.015 0.070 0.723 
 463 E _   0.010 0.174 0.001 0.018 0.008 0.016 0.069 0.704 
 464 S _   0.010 0.188 0.001 0.021 0.009 0.016 0.069 0.685 
 465 T _   0.011 0.201 0.001 0.025 0.009 0.017 0.069 0.667 
 466 Q _   0.011 0.212 0.001 0.027 0.010 0.017 0.070 0.653 
 467 T _   0.011 0.220 0.001 0.030 0.010 0.017 0.070 0.642 
 468 V _   0.011 0.224 0.001 0.032 0.010 0.016 0.071 0.634 
 469 Q _   0.011 0.225 0.001 0.033 0.010 0.016 0.073 0.632 
 470 S _   0.010 0.223 0.001 0.033 0.010 0.015 0.075 0.634 
 471 L _   0.010 0.217 0.001 0.032 0.009 0.014 0.077 0.640 
 472 H _   0.010 0.206 0.001 0.031 0.008 0.013 0.080 0.650 
 473 G _   0.010 0.192 0.001 0.028 0.008 0.013 0.084 0.665 
 474 S _   0.010 0.172 0.001 0.026 0.007 0.012 0.089 0.685 
 475 S _   0.009 0.149 0.001 0.022 0.006 0.011 0.094 0.709 
 476 R _   0.009 0.122 0.001 0.019 0.005 0.010 0.099 0.735 
 477 A _   0.009 0.097 0.001 0.015 0.004 0.009 0.104 0.761 
 478 L _   0.008 0.074 0.001 0.012 0.003 0.008 0.109 0.785 
 479 S _   0.007 0.057 0.000 0.009 0.003 0.007 0.113 0.804 
 480 N _   0.006 0.044 0.000 0.007 0.002 0.006 0.116 0.818 
 481 S _   0.005 0.036 0.000 0.006 0.002 0.005 0.118 0.827 
 482 N _   0.005 0.032 0.000 0.005 0.001 0.005 0.119 0.833 
 483 R _   0.004 0.029 0.000 0.004 0.001 0.005 0.120 0.836 
 484 D _   0.004 0.028 0.000 0.004 0.001 0.005 0.120 0.837 
 485 K _   0.004 0.029 0.000 0.005 0.001 0.005 0.119 0.836 
 486 E _   0.004 0.031 0.000 0.006 0.002 0.006 0.118 0.834 
 487 I _   0.004 0.034 0.000 0.008 0.002 0.007 0.116 0.829 
 488 K _   0.004 0.040 0.000 0.011 0.003 0.008 0.114 0.821 
 489 K _   0.004 0.047 0.000 0.015 0.003 0.009 0.111 0.811 
 490 L _   0.004 0.055 0.001 0.019 0.004 0.010 0.109 0.799 
 491 N _   0.005 0.063 0.001 0.023 0.005 0.010 0.106 0.787 
 492 E _   0.005 0.070 0.001 0.028 0.006 0.011 0.104 0.776 
 493 E _   0.005 0.075 0.001 0.031 0.006 0.011 0.103 0.768 
 494 I _   0.006 0.077 0.001 0.032 0.006 0.011 0.102 0.764 
 495 E _   0.006 0.077 0.001 0.032 0.006 0.011 0.102 0.765 
 496 R _   0.006 0.075 0.001 0.029 0.006 0.011 0.103 0.770 
 497 L _   0.006 0.069 0.001 0.025 0.005 0.010 0.104 0.779 
 498 K _   0.006 0.062 0.001 0.020 0.005 0.009 0.106 0.792 
 499 N _   0.006 0.053 0.000 0.015 0.004 0.008 0.107 0.806 
 500 K _   0.005 0.044 0.000 0.011 0.003 0.007 0.109 0.820 
 501 I _   0.005 0.036 0.000 0.008 0.002 0.007 0.110 0.830 
 502 A _   0.005 0.031 0.000 0.006 0.002 0.006 0.111 0.838 
 503 D _   0.005 0.028 0.000 0.005 0.002 0.006 0.112 0.842 
 504 S _   0.005 0.027 0.000 0.004 0.002 0.007 0.112 0.843 
 505 N _   0.005 0.027 0.000 0.005 0.002 0.007 0.112 0.842 
 506 R _   0.006 0.029 0.000 0.006 0.002 0.008 0.111 0.838 
 507 L _   0.006 0.032 0.000 0.008 0.003 0.009 0.110 0.831 
 508 E _   0.007 0.038 0.000 0.010 0.004 0.011 0.109 0.821 
 509 R _   0.007 0.047 0.001 0.014 0.005 0.012 0.107 0.807 
 510 Q _   0.008 0.056 0.001 0.019 0.006 0.013 0.105 0.792 
 511 L _   0.008 0.065 0.001 0.024 0.007 0.014 0.103 0.777 
 512 E _   0.009 0.072 0.001 0.028 0.008 0.015 0.102 0.764 
 513 D _   0.009 0.077 0.001 0.032 0.009 0.015 0.102 0.756 
 514 T _   0.009 0.080 0.001 0.033 0.009 0.015 0.101 0.752 
 515 V _   0.010 0.079 0.001 0.033 0.009 0.015 0.102 0.753 
 516 A _   0.010 0.076 0.001 0.030 0.008 0.014 0.103 0.758 
 517 L _   0.009 0.071 0.001 0.027 0.007 0.013 0.104 0.769 
 518 R _   0.009 0.062 0.001 0.022 0.006 0.011 0.106 0.783 
 519 Q _   0.009 0.051 0.001 0.017 0.005 0.010 0.108 0.801 
 520 E _   0.008 0.039 0.000 0.012 0.004 0.009 0.110 0.818 
 521 R _   0.007 0.029 0.000 0.008 0.003 0.008 0.111 0.833 
 522 E _   0.007 0.023 0.000 0.006 0.002 0.007 0.113 0.842 
 523 D _   0.006 0.019 0.000 0.005 0.002 0.007 0.113 0.848 
 524 S _   0.006 0.017 0.000 0.004 0.002 0.006 0.114 0.850 
 525 T _   0.006 0.016 0.000 0.005 0.002 0.007 0.114 0.850 
 526 Q _   0.006 0.017 0.000 0.006 0.002 0.007 0.114 0.848 
 527 R _   0.006 0.018 0.000 0.007 0.003 0.008 0.113 0.845 
 528 L _   0.006 0.019 0.000 0.009 0.003 0.008 0.112 0.841 
 529 R _   0.007 0.021 0.000 0.011 0.003 0.008 0.112 0.838 
 530 G _   0.006 0.023 0.000 0.012 0.004 0.009 0.111 0.835 
 531 L _   0.006 0.024 0.000 0.013 0.004 0.009 0.110 0.834 
 532 E _   0.006 0.025 0.000 0.013 0.004 0.009 0.109 0.833 
 533 K _   0.006 0.026 0.000 0.012 0.004 0.009 0.109 0.834 
 534 Q _   0.006 0.026 0.000 0.012 0.004 0.009 0.109 0.835 
 535 H _   0.006 0.026 0.000 0.011 0.004 0.008 0.109 0.836 
 536 R _   0.006 0.025 0.000 0.011 0.004 0.008 0.109 0.836 
 537 V _   0.006 0.025 0.000 0.011 0.004 0.008 0.109 0.836 
 538 V _   0.006 0.025 0.000 0.010 0.004 0.008 0.110 0.836 
 539 R _   0.006 0.025 0.000 0.010 0.003 0.008 0.110 0.836 
 540 Q _   0.006 0.025 0.000 0.010 0.003 0.008 0.110 0.837 
 541 E _   0.006 0.025 0.000 0.009 0.003 0.008 0.111 0.838 
 542 K _   0.006 0.024 0.000 0.009 0.003 0.008 0.111 0.838 
 543 E _   0.006 0.025 0.000 0.009 0.003 0.008 0.111 0.838 
 544 E _   0.006 0.025 0.000 0.009 0.003 0.008 0.111 0.836 
 545 L _   0.007 0.026 0.000 0.010 0.004 0.009 0.112 0.833 
 546 H _   0.007 0.027 0.000 0.011 0.004 0.009 0.112 0.829 
 547 K _   0.007 0.029 0.000 0.013 0.004 0.010 0.112 0.824 
 548 Q _   0.008 0.030 0.001 0.015 0.005 0.010 0.113 0.819 
 549 L _   0.008 0.031 0.001 0.016 0.005 0.010 0.114 0.814 
 550 V _   0.008 0.032 0.001 0.017 0.005 0.010 0.115 0.812 
 551 E _   0.008 0.031 0.001 0.018 0.005 0.010 0.116 0.811 
 552 A _   0.008 0.030 0.001 0.017 0.005 0.010 0.118 0.812 
 553 S _   0.008 0.028 0.001 0.015 0.004 0.009 0.120 0.815 
 554 E _   0.008 0.025 0.000 0.013 0.004 0.009 0.122 0.819 
 555 R _   0.007 0.021 0.000 0.012 0.003 0.008 0.124 0.824 
 556 L _   0.007 0.018 0.000 0.010 0.003 0.008 0.126 0.828 
 557 K _   0.007 0.015 0.000 0.008 0.003 0.007 0.128 0.831 
 558 S _   0.007 0.012 0.000 0.008 0.002 0.007 0.130 0.834 
 559 Q _   0.007 0.010 0.000 0.007 0.002 0.006 0.132 0.835 
 560 A _   0.006 0.009 0.000 0.006 0.002 0.006 0.133 0.837 
 561 K _   0.006 0.008 0.000 0.006 0.002 0.006 0.134 0.838 
 562 E _   0.006 0.007 0.000 0.005 0.002 0.006 0.135 0.839 
 563 L _   0.005 0.006 0.000 0.005 0.002 0.006 0.135 0.840 
 564 K _   0.005 0.006 0.000 0.005 0.002 0.006 0.135 0.841 
 565 D _   0.005 0.007 0.000 0.005 0.002 0.006 0.135 0.841 
 566 A _   0.005 0.007 0.000 0.005 0.002 0.006 0.134 0.840 
 567 H _   0.005 0.009 0.000 0.006 0.002 0.007 0.133 0.838 
 568 Q _   0.005 0.011 0.000 0.007 0.003 0.008 0.131 0.835 
 569 Q _   0.006 0.014 0.000 0.009 0.003 0.008 0.130 0.829 
 570 R _   0.006 0.017 0.000 0.012 0.004 0.009 0.128 0.823 
 571 K _   0.007 0.021 0.001 0.014 0.004 0.010 0.127 0.816 
 572 L _   0.007 0.025 0.001 0.016 0.005 0.010 0.125 0.811 
 573 A _   0.007 0.027 0.001 0.018 0.005 0.011 0.124 0.808 
 574 L _   0.007 0.029 0.001 0.018 0.005 0.010 0.123 0.807 
 575 Q _   0.007 0.030 0.001 0.017 0.005 0.010 0.122 0.809 
 576 E _   0.006 0.030 0.001 0.015 0.004 0.010 0.122 0.812 
 577 F _   0.006 0.029 0.000 0.013 0.004 0.009 0.122 0.816 
 578 S _   0.006 0.029 0.000 0.011 0.004 0.009 0.121 0.820 
 579 E _   0.006 0.028 0.000 0.010 0.003 0.009 0.121 0.821 
 580 L _   0.007 0.028 0.000 0.010 0.003 0.009 0.122 0.822 
 581 N _   0.007 0.028 0.000 0.010 0.004 0.009 0.122 0.821 
 582 E _   0.007 0.028 0.000 0.011 0.004 0.009 0.122 0.818 
 583 R _   0.008 0.029 0.000 0.012 0.004 0.010 0.122 0.816 
 584 M _   0.008 0.029 0.000 0.013 0.004 0.010 0.122 0.813 
 585 A _   0.008 0.030 0.000 0.014 0.004 0.010 0.122 0.810 
 586 E _   0.008 0.030 0.001 0.015 0.004 0.010 0.123 0.809 
 587 L _   0.008 0.029 0.001 0.015 0.004 0.010 0.124 0.810 
 588 R _   0.008 0.028 0.000 0.015 0.004 0.009 0.124 0.811 
 589 A _   0.008 0.027 0.000 0.014 0.004 0.009 0.125 0.813 
 590 Q _   0.007 0.024 0.000 0.013 0.004 0.008 0.127 0.816 
 591 K _   0.007 0.022 0.000 0.012 0.003 0.008 0.128 0.820 
 592 Q _   0.007 0.019 0.000 0.011 0.003 0.007 0.130 0.823 
 593 K _   0.007 0.017 0.000 0.009 0.003 0.007 0.131 0.827 
 594 V _   0.006 0.014 0.000 0.008 0.002 0.006 0.132 0.831 
 595 S _   0.006 0.012 0.000 0.006 0.002 0.006 0.133 0.835 
 596 R _   0.005 0.011 0.000 0.005 0.002 0.005 0.133 0.839 
 597 Q _   0.005 0.010 0.000 0.004 0.001 0.005 0.132 0.842 
 598 L _   0.004 0.010 0.000 0.004 0.001 0.005 0.132 0.844 
 599 R _   0.004 0.011 0.000 0.004 0.001 0.005 0.130 0.844 
 600 D _   0.004 0.012 0.000 0.004 0.002 0.006 0.128 0.843 
 601 K _   0.005 0.016 0.000 0.005 0.002 0.008 0.126 0.838 
 602 E _   0.006 0.024 0.000 0.008 0.003 0.009 0.123 0.827 
 603 E _   0.007 0.037 0.001 0.011 0.005 0.011 0.119 0.810 
 604 E _   0.008 0.056 0.001 0.016 0.006 0.013 0.115 0.785 
 605 M _   0.009 0.078 0.001 0.022 0.008 0.015 0.111 0.758 
 606 E _   0.009 0.098 0.001 0.027 0.009 0.016 0.107 0.733 
 607 V _   0.009 0.114 0.001 0.031 0.010 0.016 0.104 0.715 
 608 A _   0.009 0.124 0.001 0.033 0.010 0.017 0.101 0.706 
 609 T _   0.009 0.129 0.001 0.033 0.010 0.016 0.100 0.703 
 610 Q _   0.009 0.131 0.001 0.031 0.009 0.016 0.099 0.704 
 611 K _   0.009 0.131 0.001 0.029 0.009 0.015 0.098 0.709 
 612 V _   0.009 0.128 0.001 0.026 0.008 0.014 0.098 0.716 
 613 D _   0.009 0.123 0.001 0.023 0.007 0.014 0.099 0.724 
 614 A _   0.010 0.117 0.001 0.021 0.007 0.013 0.099 0.732 
 615 M _   0.010 0.110 0.001 0.020 0.006 0.013 0.100 0.741 
 616 R _   0.010 0.102 0.001 0.018 0.006 0.012 0.102 0.750 
 617 Q _   0.010 0.092 0.001 0.017 0.005 0.011 0.103 0.760 
 618 E _   0.009 0.082 0.001 0.016 0.005 0.011 0.105 0.771 
 619 M _   0.009 0.072 0.001 0.014 0.004 0.010 0.106 0.784 
 620 R _   0.008 0.061 0.001 0.012 0.004 0.009 0.108 0.797 
 621 R _   0.008 0.052 0.000 0.011 0.003 0.008 0.109 0.808 
 622 A _   0.007 0.043 0.000 0.009 0.003 0.008 0.111 0.818 
 623 E _   0.007 0.036 0.000 0.008 0.003 0.007 0.112 0.827 
 624 K _   0.006 0.031 0.000 0.007 0.002 0.007 0.112 0.834 
 625 L _   0.006 0.027 0.000 0.007 0.002 0.006 0.113 0.839 
 626 R _   0.006 0.024 0.000 0.006 0.002 0.006 0.113 0.843 
 627 K _   0.005 0.022 0.000 0.006 0.002 0.006 0.113 0.845 
 628 E _   0.005 0.021 0.000 0.007 0.002 0.006 0.112 0.847 
 629 L _   0.005 0.020 0.000 0.007 0.002 0.006 0.112 0.848 
 630 E _   0.005 0.020 0.000 0.008 0.002 0.006 0.111 0.847 
 631 A _   0.005 0.021 0.000 0.009 0.002 0.007 0.110 0.847 
 632 Q _   0.005 0.021 0.000 0.010 0.003 0.007 0.109 0.846 
 633 L _   0.005 0.022 0.000 0.011 0.003 0.007 0.107 0.845 
 634 D _   0.005 0.022 0.000 0.012 0.003 0.007 0.106 0.844 
 635 D _   0.005 0.023 0.000 0.013 0.003 0.007 0.105 0.843 
 636 A _   0.005 0.023 0.000 0.013 0.003 0.007 0.104 0.844 
 637 V _   0.005 0.023 0.000 0.013 0.003 0.007 0.103 0.845 
 638 A _   0.005 0.022 0.000 0.012 0.003 0.007 0.103 0.847 
 639 E _   0.005 0.022 0.000 0.012 0.003 0.007 0.102 0.849 
 640 A _   0.005 0.021 0.000 0.011 0.003 0.007 0.101 0.852 
 641 S _   0.005 0.020 0.000 0.010 0.003 0.007 0.100 0.855 
 642 K _   0.005 0.019 0.000 0.009 0.002 0.007 0.099 0.858 
 643 E _   0.005 0.019 0.000 0.008 0.002 0.007 0.098 0.860 
 644 R _   0.005 0.019 0.000 0.008 0.002 0.007 0.097 0.862 
 645 K _   0.005 0.019 0.000 0.008 0.002 0.007 0.096 0.863 
 646 L _   0.005 0.019 0.000 0.008 0.002 0.007 0.095 0.863 
 647 R _   0.005 0.020 0.000 0.008 0.003 0.007 0.093 0.863 
 648 E _   0.005 0.022 0.000 0.009 0.003 0.007 0.092 0.863 
 649 H _   0.005 0.024 0.000 0.009 0.003 0.008 0.090 0.861 
 650 S _   0.005 0.026 0.000 0.010 0.003 0.008 0.088 0.859 
 651 E _   0.005 0.028 0.000 0.011 0.003 0.008 0.087 0.857 
 652 N _   0.005 0.031 0.000 0.011 0.004 0.009 0.085 0.855 
 653 F _   0.006 0.034 0.000 0.012 0.004 0.009 0.083 0.853 
 654 C _   0.006 0.036 0.000 0.013 0.004 0.009 0.081 0.850 
 655 K _   0.006 0.039 0.001 0.014 0.004 0.010 0.080 0.847 
 656 Q _   0.006 0.042 0.001 0.014 0.005 0.010 0.078 0.844 
 657 M _   0.007 0.045 0.001 0.015 0.005 0.010 0.077 0.841 
 658 E _   0.007 0.047 0.001 0.016 0.005 0.010 0.076 0.839 
 659 S _   0.007 0.049 0.001 0.016 0.005 0.010 0.075 0.838 
 660 E _   0.007 0.050 0.001 0.016 0.005 0.010 0.074 0.838 
 661 L _   0.007 0.050 0.001 0.016 0.005 0.010 0.073 0.838 
 662 E _   0.007 0.051 0.001 0.015 0.004 0.010 0.072 0.841 
 663 A _   0.007 0.050 0.000 0.013 0.004 0.009 0.072 0.844 
