#TopoPred_TM8: 8-state transmembrane topology prediction results by no_profile mode 
#probabilities are in the order of H E C I L F X _, the 8 transmembrane topology types used in PDBTM 
   1 M X   0.009 0.001 0.002 0.049 0.008 0.008 0.809 0.115 
   2 T X   0.004 0.000 0.000 0.028 0.002 0.004 0.832 0.130 
   3 R X   0.001 0.000 0.000 0.015 0.000 0.002 0.839 0.142 
   4 D X   0.001 0.000 0.000 0.010 0.000 0.002 0.838 0.150 
   5 E X   0.001 0.000 0.000 0.007 0.000 0.002 0.833 0.156 
   6 A X   0.001 0.000 0.000 0.006 0.001 0.003 0.826 0.162 
   7 L X   0.001 0.001 0.000 0.006 0.001 0.003 0.818 0.169 
   8 P X   0.002 0.001 0.000 0.007 0.001 0.004 0.808 0.178 
   9 D X   0.002 0.002 0.000 0.008 0.001 0.005 0.795 0.187 
  10 S X   0.002 0.003 0.000 0.009 0.002 0.005 0.781 0.198 
  11 H X   0.002 0.004 0.000 0.011 0.002 0.006 0.764 0.211 
  12 S X   0.002 0.005 0.000 0.013 0.002 0.006 0.748 0.224 
  13 A X   0.002 0.006 0.000 0.013 0.003 0.006 0.731 0.239 
  14 Q X   0.002 0.006 0.000 0.013 0.003 0.006 0.715 0.254 
  15 D X   0.002 0.007 0.000 0.012 0.002 0.006 0.698 0.271 
  16 F X   0.002 0.008 0.000 0.010 0.002 0.006 0.682 0.289 
  17 Y X   0.002 0.008 0.000 0.009 0.002 0.007 0.664 0.307 
  18 E X   0.002 0.009 0.000 0.008 0.002 0.007 0.646 0.324 
  19 N X   0.003 0.011 0.000 0.008 0.002 0.008 0.627 0.341 
  20 Y X   0.003 0.013 0.000 0.008 0.003 0.010 0.606 0.357 
  21 E X   0.004 0.017 0.001 0.010 0.004 0.012 0.583 0.371 
  22 P X   0.005 0.025 0.001 0.012 0.005 0.016 0.555 0.381 
  23 K X   0.007 0.038 0.001 0.017 0.008 0.020 0.524 0.386 
  24 E X   0.008 0.058 0.001 0.023 0.011 0.025 0.489 0.384 
  25 I X   0.010 0.086 0.002 0.030 0.016 0.030 0.451 0.375 
  26 L X   0.012 0.119 0.002 0.038 0.020 0.034 0.412 0.363 
  27 G X   0.014 0.150 0.002 0.046 0.024 0.037 0.377 0.350 
  28 R X   0.015 0.178 0.002 0.052 0.027 0.039 0.347 0.340 
  29 G _   0.017 0.199 0.002 0.058 0.030 0.040 0.322 0.333 
  30 V _   0.018 0.213 0.002 0.062 0.031 0.040 0.301 0.332 
  31 S _   0.019 0.221 0.002 0.065 0.032 0.040 0.285 0.338 
  32 S _   0.020 0.223 0.002 0.065 0.030 0.038 0.272 0.349 
  33 V _   0.020 0.221 0.002 0.062 0.028 0.036 0.263 0.368 
  34 V _   0.020 0.212 0.002 0.058 0.025 0.033 0.255 0.395 
  35 R _   0.020 0.195 0.002 0.051 0.022 0.030 0.248 0.432 
  36 R _   0.019 0.169 0.002 0.042 0.018 0.026 0.243 0.481 
  37 C _   0.018 0.133 0.002 0.032 0.014 0.023 0.239 0.539 
  38 I _   0.016 0.095 0.001 0.022 0.011 0.020 0.234 0.600 
  39 H _   0.015 0.062 0.001 0.015 0.008 0.018 0.230 0.652 
  40 K _   0.013 0.040 0.001 0.010 0.005 0.016 0.226 0.690 
  41 P _   0.011 0.027 0.001 0.006 0.004 0.015 0.221 0.715 
  42 T _   0.011 0.022 0.000 0.005 0.003 0.014 0.216 0.729 
  43 S _   0.011 0.020 0.000 0.005 0.004 0.015 0.210 0.736 
  44 Q _   0.012 0.020 0.000 0.006 0.004 0.016 0.204 0.737 
  45 E _   0.014 0.022 0.001 0.008 0.006 0.018 0.197 0.734 
  46 Y _   0.016 0.027 0.001 0.012 0.008 0.021 0.190 0.725 
  47 A _   0.018 0.034 0.001 0.018 0.011 0.023 0.182 0.713 
  48 V _   0.019 0.043 0.001 0.025 0.014 0.025 0.174 0.699 
  49 K _   0.021 0.050 0.001 0.031 0.016 0.026 0.167 0.689 
  50 V _   0.021 0.055 0.001 0.035 0.017 0.026 0.160 0.684 
  51 I _   0.021 0.058 0.001 0.037 0.017 0.026 0.155 0.686 
  52 D _   0.020 0.058 0.001 0.036 0.016 0.024 0.151 0.693 
  53 V _   0.019 0.056 0.001 0.032 0.014 0.022 0.147 0.708 
  54 T _   0.018 0.051 0.001 0.027 0.012 0.020 0.144 0.726 
  55 G _   0.016 0.045 0.001 0.021 0.009 0.018 0.142 0.748 
  56 G _   0.014 0.038 0.001 0.016 0.007 0.016 0.139 0.769 
  57 G _   0.013 0.032 0.001 0.011 0.005 0.014 0.137 0.788 
  58 S _   0.011 0.027 0.001 0.008 0.004 0.012 0.134 0.803 
  59 F _   0.010 0.024 0.000 0.007 0.004 0.012 0.131 0.813 
  60 S _   0.009 0.023 0.000 0.006 0.003 0.011 0.128 0.820 
  61 P _   0.009 0.023 0.000 0.006 0.003 0.012 0.124 0.823 
  62 E _   0.009 0.025 0.000 0.007 0.004 0.012 0.120 0.822 
  63 E _   0.009 0.029 0.001 0.009 0.005 0.013 0.116 0.818 
  64 V _   0.010 0.034 0.001 0.012 0.006 0.015 0.111 0.812 
  65 R _   0.010 0.041 0.001 0.015 0.007 0.016 0.106 0.804 
  66 E _   0.011 0.048 0.001 0.018 0.008 0.017 0.101 0.796 
  67 L _   0.011 0.055 0.001 0.021 0.009 0.018 0.096 0.789 
  68 R _   0.011 0.061 0.001 0.023 0.010 0.019 0.092 0.784 
  69 E _   0.012 0.065 0.001 0.024 0.010 0.020 0.088 0.781 
  70 A _   0.012 0.068 0.001 0.025 0.011 0.020 0.085 0.779 
  71 T _   0.012 0.069 0.001 0.025 0.011 0.020 0.082 0.780 
  72 L _   0.013 0.070 0.001 0.025 0.011 0.020 0.079 0.781 
  73 K _   0.014 0.070 0.001 0.025 0.011 0.020 0.077 0.782 
  74 E _   0.014 0.070 0.001 0.025 0.011 0.020 0.075 0.785 
  75 V _   0.014 0.068 0.001 0.025 0.010 0.019 0.073 0.789 
  76 D _   0.014 0.066 0.001 0.025 0.010 0.019 0.071 0.795 
  77 I _   0.014 0.062 0.001 0.024 0.009 0.018 0.070 0.802 
  78 L _   0.014 0.056 0.001 0.022 0.009 0.017 0.069 0.813 
  79 R _   0.014 0.050 0.001 0.019 0.008 0.015 0.068 0.825 
  80 K _   0.013 0.042 0.001 0.017 0.007 0.014 0.067 0.839 
  81 V _   0.012 0.034 0.001 0.014 0.006 0.013 0.067 0.853 
  82 S _   0.011 0.027 0.001 0.012 0.005 0.013 0.066 0.865 
  83 G _   0.011 0.021 0.001 0.011 0.005 0.012 0.065 0.875 
  84 H _   0.010 0.016 0.001 0.010 0.005 0.012 0.064 0.882 
  85 P _   0.011 0.013 0.001 0.010 0.004 0.012 0.063 0.886 
  86 N _   0.012 0.010 0.001 0.010 0.004 0.012 0.063 0.889 
  87 I _   0.013 0.008 0.001 0.009 0.004 0.012 0.061 0.892 
  88 I _   0.016 0.006 0.001 0.009 0.004 0.012 0.060 0.893 
  89 Q _   0.019 0.004 0.000 0.007 0.004 0.012 0.059 0.895 
  90 L _   0.025 0.002 0.000 0.006 0.004 0.013 0.057 0.893 
  91 K _   0.036 0.001 0.000 0.004 0.004 0.014 0.055 0.887 
  92 D _   0.053 0.000 0.000 0.003 0.004 0.015 0.052 0.872 
  93 T _   0.080 0.000 0.001 0.002 0.005 0.019 0.049 0.845 
  94 Y _   0.124 0.000 0.001 0.002 0.007 0.023 0.045 0.798 
  95 E _   0.187 0.000 0.001 0.002 0.011 0.030 0.041 0.728 
  96 T _   0.265 0.000 0.001 0.002 0.018 0.038 0.037 0.638 
  97 N _   0.345 0.000 0.002 0.003 0.028 0.046 0.034 0.542 
  98 T _   0.415 0.001 0.002 0.005 0.039 0.052 0.031 0.454 
  99 F H   0.466 0.003 0.002 0.008 0.049 0.055 0.029 0.387 
 100 F H   0.497 0.006 0.002 0.011 0.055 0.056 0.028 0.343 
 101 F H   0.511 0.009 0.003 0.015 0.058 0.055 0.028 0.321 
 102 L H   0.510 0.011 0.003 0.018 0.058 0.053 0.028 0.320 
 103 V H   0.495 0.011 0.003 0.019 0.055 0.049 0.028 0.341 
 104 F H   0.463 0.010 0.003 0.018 0.049 0.044 0.029 0.384 
 105 D _   0.417 0.008 0.003 0.015 0.040 0.039 0.030 0.448 
 106 L _   0.360 0.005 0.002 0.011 0.030 0.034 0.032 0.527 
 107 M _   0.296 0.002 0.002 0.007 0.020 0.028 0.033 0.612 
 108 K _   0.230 0.001 0.001 0.005 0.012 0.023 0.035 0.693 
 109 R _   0.171 0.000 0.001 0.003 0.008 0.019 0.036 0.761 
 110 G _   0.125 0.000 0.001 0.003 0.005 0.016 0.037 0.813 
 111 E _   0.091 0.000 0.001 0.003 0.004 0.015 0.037 0.850 
 112 L _   0.067 0.000 0.000 0.003 0.004 0.014 0.037 0.874 
 113 F _   0.051 0.000 0.000 0.004 0.004 0.013 0.038 0.889 
 114 D _   0.040 0.001 0.000 0.006 0.004 0.013 0.037 0.898 
 115 Y _   0.032 0.001 0.001 0.008 0.005 0.013 0.037 0.903 
 116 L _   0.027 0.001 0.001 0.009 0.005 0.013 0.037 0.906 
 117 T _   0.024 0.002 0.001 0.011 0.005 0.013 0.036 0.909 
 118 E _   0.021 0.002 0.001 0.011 0.005 0.013 0.036 0.911 
 119 K _   0.020 0.002 0.001 0.011 0.005 0.012 0.035 0.915 
 120 V _   0.020 0.002 0.001 0.010 0.005 0.011 0.034 0.919 
 121 T _   0.021 0.001 0.000 0.008 0.004 0.011 0.033 0.922 
 122 L _   0.025 0.001 0.000 0.006 0.003 0.010 0.032 0.922 
 123 S _   0.031 0.000 0.000 0.004 0.003 0.010 0.031 0.920 
 124 E _   0.043 0.000 0.000 0.003 0.003 0.010 0.029 0.911 
 125 K _   0.062 0.000 0.000 0.002 0.003 0.011 0.028 0.893 
 126 E _   0.093 0.000 0.000 0.002 0.004 0.013 0.025 0.862 
 127 T _   0.144 0.000 0.001 0.002 0.005 0.015 0.023 0.811 
 128 R _   0.219 0.000 0.001 0.002 0.007 0.018 0.020 0.733 
 129 K _   0.314 0.000 0.001 0.002 0.011 0.022 0.017 0.634 
 130 I _   0.421 0.000 0.001 0.002 0.015 0.025 0.014 0.522 
 131 M H   0.523 0.000 0.001 0.002 0.021 0.028 0.011 0.414 
 132 R H   0.609 0.000 0.002 0.002 0.026 0.029 0.010 0.322 
 133 A H   0.675 0.000 0.002 0.002 0.031 0.029 0.009 0.252 
 134 L H   0.721 0.000 0.002 0.002 0.033 0.028 0.008 0.205 
 135 L H   0.748 0.000 0.002 0.003 0.034 0.027 0.008 0.178 
 136 E H   0.759 0.000 0.002 0.003 0.035 0.025 0.008 0.168 
 137 V H   0.758 0.000 0.002 0.003 0.034 0.024 0.009 0.170 
 138 I H   0.741 0.000 0.002 0.003 0.033 0.023 0.010 0.187 
 139 C H   0.709 0.000 0.002 0.003 0.032 0.022 0.012 0.220 
 140 T H   0.661 0.000 0.002 0.004 0.029 0.021 0.014 0.269 
 141 L H   0.594 0.000 0.002 0.004 0.026 0.021 0.017 0.336 
 142 H H   0.514 0.000 0.002 0.004 0.022 0.020 0.021 0.417 
 143 K _   0.423 0.000 0.002 0.005 0.017 0.019 0.025 0.509 
 144 L _   0.330 0.000 0.001 0.006 0.013 0.017 0.030 0.601 
 145 N _   0.247 0.000 0.001 0.006 0.010 0.016 0.035 0.685 
 146 I _   0.178 0.000 0.001 0.006 0.008 0.014 0.040 0.753 
 147 V _   0.124 0.000 0.001 0.006 0.006 0.013 0.043 0.807 
 148 H _   0.085 0.001 0.001 0.006 0.005 0.011 0.046 0.846 
 149 R _   0.057 0.001 0.001 0.006 0.004 0.010 0.049 0.873 
 150 D _   0.039 0.001 0.000 0.006 0.003 0.009 0.051 0.890 
 151 L _   0.026 0.001 0.000 0.006 0.003 0.009 0.052 0.902 
 152 K _   0.018 0.002 0.000 0.007 0.003 0.008 0.054 0.909 
 153 P _   0.013 0.002 0.000 0.007 0.003 0.007 0.055 0.913 
 154 E _   0.010 0.003 0.000 0.007 0.003 0.007 0.055 0.915 
 155 N _   0.009 0.004 0.000 0.007 0.002 0.007 0.056 0.915 
 156 I _   0.008 0.005 0.000 0.007 0.002 0.007 0.056 0.916 
 157 L _   0.007 0.006 0.000 0.007 0.002 0.007 0.056 0.915 
 158 L _   0.006 0.008 0.000 0.007 0.002 0.007 0.056 0.914 
 159 D _   0.006 0.010 0.000 0.007 0.002 0.007 0.055 0.912 
 160 D _   0.006 0.014 0.000 0.007 0.003 0.008 0.054 0.908 
 161 N _   0.006 0.019 0.000 0.008 0.003 0.009 0.053 0.901 
 162 M _   0.007 0.026 0.000 0.010 0.004 0.010 0.052 0.891 
 163 N _   0.007 0.036 0.001 0.013 0.004 0.011 0.051 0.878 
 164 I _   0.008 0.048 0.001 0.016 0.005 0.012 0.049 0.861 
 165 K _   0.008 0.062 0.001 0.020 0.006 0.013 0.048 0.842 
 166 L _   0.008 0.076 0.001 0.024 0.007 0.014 0.046 0.824 
 167 T _   0.008 0.088 0.001 0.026 0.008 0.014 0.045 0.810 
 168 D _   0.008 0.096 0.001 0.028 0.008 0.014 0.044 0.802 
 169 F _   0.008 0.101 0.001 0.028 0.008 0.013 0.043 0.798 
 170 G _   0.008 0.104 0.001 0.027 0.007 0.013 0.043 0.798 
 171 F _   0.007 0.105 0.001 0.024 0.006 0.012 0.042 0.802 
 172 S _   0.007 0.104 0.001 0.020 0.006 0.011 0.042 0.810 
 173 C _   0.007 0.102 0.001 0.016 0.005 0.011 0.042 0.817 
 174 Q _   0.006 0.100 0.001 0.013 0.004 0.010 0.042 0.824 
 175 L _   0.006 0.098 0.000 0.011 0.004 0.010 0.042 0.829 
 176 E _   0.006 0.098 0.000 0.010 0.003 0.010 0.042 0.831 
 177 P _   0.006 0.099 0.000 0.010 0.004 0.010 0.041 0.830 
 178 G _   0.007 0.103 0.000 0.010 0.004 0.011 0.041 0.824 
 179 E _   0.007 0.108 0.001 0.012 0.004 0.011 0.040 0.816 
 180 R _   0.008 0.116 0.001 0.013 0.005 0.012 0.040 0.806 
 181 L _   0.008 0.123 0.001 0.015 0.006 0.013 0.039 0.796 
 182 R _   0.008 0.131 0.001 0.016 0.006 0.014 0.039 0.786 
 183 E _   0.008 0.138 0.001 0.017 0.006 0.014 0.038 0.778 
 184 V _   0.009 0.145 0.001 0.017 0.007 0.015 0.037 0.770 
 185 C _   0.009 0.151 0.001 0.016 0.007 0.016 0.037 0.763 
 186 G _   0.010 0.157 0.001 0.017 0.007 0.017 0.036 0.754 
 187 T _   0.011 0.165 0.001 0.017 0.008 0.019 0.036 0.743 
 188 P _   0.013 0.173 0.001 0.020 0.010 0.020 0.035 0.728 
 189 S _   0.014 0.183 0.001 0.023 0.011 0.022 0.035 0.711 
 190 Y _   0.015 0.194 0.001 0.028 0.013 0.023 0.035 0.691 
 191 L _   0.016 0.206 0.001 0.034 0.015 0.024 0.035 0.671 
 192 A _   0.016 0.215 0.001 0.040 0.016 0.024 0.035 0.654 
 193 P _   0.017 0.221 0.001 0.045 0.016 0.024 0.035 0.642 
 194 E _   0.017 0.222 0.001 0.048 0.016 0.023 0.035 0.638 
 195 I _   0.016 0.218 0.001 0.049 0.015 0.021 0.036 0.643 
 196 I _   0.015 0.208 0.001 0.047 0.014 0.019 0.038 0.658 
 197 E _   0.014 0.190 0.001 0.042 0.012 0.017 0.040 0.683 
 198 C _   0.014 0.160 0.001 0.035 0.010 0.015 0.042 0.722 
 199 S _   0.013 0.121 0.001 0.027 0.008 0.013 0.045 0.771 
 200 M _   0.011 0.080 0.001 0.019 0.006 0.011 0.047 0.825 
 201 N _   0.010 0.045 0.001 0.013 0.004 0.009 0.049 0.870 
 202 E _   0.009 0.021 0.000 0.008 0.003 0.007 0.050 0.902 
 203 D _   0.007 0.009 0.000 0.004 0.002 0.006 0.051 0.920 
 204 H _   0.007 0.003 0.000 0.003 0.001 0.005 0.051 0.929 
 205 P _   0.009 0.001 0.000 0.002 0.001 0.005 0.050 0.932 
 206 G _   0.013 0.000 0.000 0.002 0.001 0.006 0.049 0.929 
 207 Y _   0.023 0.000 0.000 0.002 0.002 0.008 0.047 0.919 
 208 G _   0.043 0.000 0.000 0.002 0.003 0.010 0.044 0.897 
 209 K _   0.080 0.000 0.001 0.003 0.004 0.015 0.041 0.857 
 210 E _   0.140 0.000 0.001 0.003 0.007 0.020 0.036 0.793 
 211 V _   0.222 0.000 0.001 0.003 0.011 0.026 0.031 0.706 
 212 D _   0.319 0.000 0.001 0.003 0.017 0.032 0.026 0.602 
 213 M _   0.423 0.000 0.002 0.003 0.025 0.037 0.021 0.490 
 214 W H   0.519 0.000 0.002 0.003 0.033 0.040 0.017 0.386 
 215 S H   0.600 0.000 0.002 0.003 0.040 0.041 0.014 0.301 
 216 T H   0.659 0.000 0.002 0.003 0.045 0.040 0.012 0.238 
 217 G H   0.700 0.000 0.002 0.003 0.048 0.038 0.011 0.197 
 218 V H   0.727 0.001 0.002 0.004 0.048 0.036 0.011 0.173 
 219 I H   0.738 0.001 0.002 0.004 0.047 0.033 0.011 0.164 
 220 M H   0.735 0.001 0.002 0.005 0.046 0.030 0.011 0.170 
 221 Y H   0.718 0.001 0.002 0.005 0.043 0.028 0.012 0.192 
 222 T H   0.682 0.001 0.002 0.005 0.038 0.026 0.013 0.234 
 223 L H   0.622 0.001 0.002 0.005 0.032 0.023 0.015 0.301 
 224 L H   0.541 0.000 0.002 0.004 0.024 0.021 0.017 0.390 
 225 A _   0.447 0.000 0.002 0.003 0.016 0.019 0.020 0.493 
 226 G _   0.354 0.000 0.001 0.002 0.010 0.016 0.022 0.593 
 227 S _   0.276 0.000 0.001 0.002 0.006 0.015 0.024 0.676 
 228 P _   0.219 0.000 0.001 0.001 0.004 0.014 0.026 0.734 
 229 P _   0.182 0.000 0.000 0.001 0.004 0.015 0.028 0.770 
 230 F _   0.163 0.000 0.000 0.001 0.003 0.017 0.029 0.786 
 231 W _   0.157 0.000 0.000 0.001 0.004 0.020 0.030 0.786 
 232 H _   0.163 0.000 0.001 0.002 0.006 0.026 0.031 0.772 
 233 R _   0.177 0.000 0.001 0.003 0.010 0.033 0.032 0.744 
 234 K _   0.196 0.002 0.001 0.004 0.018 0.041 0.033 0.705 
 235 Q _   0.216 0.006 0.002 0.008 0.028 0.049 0.034 0.656 
 236 M _   0.235 0.016 0.002 0.014 0.040 0.056 0.036 0.602 
 237 L _   0.247 0.029 0.003 0.021 0.050 0.060 0.037 0.552 
 238 M _   0.252 0.043 0.003 0.029 0.056 0.062 0.040 0.515 
 239 L _   0.249 0.054 0.003 0.036 0.059 0.061 0.043 0.495 
 240 R _   0.238 0.061 0.003 0.041 0.058 0.059 0.047 0.494 
 241 M _   0.222 0.063 0.003 0.043 0.054 0.055 0.052 0.508 
 242 I _   0.200 0.063 0.003 0.041 0.047 0.050 0.058 0.539 
 243 M _   0.173 0.059 0.002 0.038 0.038 0.044 0.064 0.581 
 244 S _   0.145 0.052 0.002 0.032 0.029 0.038 0.071 0.630 
 245 G _   0.117 0.043 0.002 0.027 0.021 0.032 0.078 0.679 
 246 N _   0.093 0.034 0.001 0.021 0.015 0.027 0.085 0.724 
 247 Y _   0.071 0.025 0.001 0.017 0.010 0.022 0.092 0.764 
 248 Q _   0.051 0.017 0.001 0.013 0.007 0.017 0.098 0.796 
 249 F _   0.036 0.012 0.001 0.010 0.005 0.014 0.102 0.821 
 250 G _   0.024 0.008 0.000 0.008 0.003 0.011 0.106 0.840 
 251 S _   0.017 0.005 0.000 0.006 0.002 0.008 0.109 0.853 
 252 P _   0.011 0.003 0.000 0.005 0.002 0.007 0.111 0.861 
 253 E _   0.008 0.003 0.000 0.004 0.001 0.006 0.112 0.867 
 254 W _   0.006 0.002 0.000 0.003 0.001 0.005 0.112 0.870 
 255 D _   0.005 0.002 0.000 0.003 0.001 0.005 0.112 0.872 
 256 D _   0.004 0.003 0.000 0.003 0.001 0.005 0.111 0.872 
 257 Y _   0.005 0.004 0.000 0.004 0.001 0.007 0.109 0.870 
 258 S _   0.005 0.007 0.000 0.005 0.002 0.009 0.107 0.864 
 259 D _   0.007 0.013 0.000 0.008 0.003 0.012 0.104 0.852 
 260 T _   0.009 0.026 0.001 0.012 0.005 0.016 0.100 0.830 
 261 V _   0.011 0.049 0.001 0.019 0.009 0.021 0.095 0.795 
 262 K _   0.014 0.082 0.001 0.029 0.013 0.026 0.089 0.747 
 263 D _   0.015 0.118 0.002 0.040 0.018 0.030 0.083 0.695 
 264 L _   0.017 0.150 0.002 0.052 0.021 0.032 0.078 0.649 
 265 V _   0.018 0.173 0.002 0.061 0.024 0.034 0.074 0.615 
 266 S _   0.019 0.186 0.002 0.068 0.025 0.034 0.071 0.596 
 267 R _   0.019 0.191 0.002 0.071 0.025 0.033 0.069 0.590 
 268 F _   0.020 0.190 0.002 0.069 0.024 0.031 0.068 0.597 
 269 L _   0.020 0.181 0.002 0.063 0.021 0.029 0.067 0.617 
 270 V _   0.019 0.164 0.002 0.052 0.018 0.026 0.068 0.651 
 271 V _   0.019 0.137 0.002 0.040 0.015 0.023 0.068 0.697 
 272 Q _   0.018 0.101 0.001 0.027 0.011 0.021 0.069 0.751 
 273 P _   0.017 0.067 0.001 0.017 0.008 0.018 0.070 0.802 
 274 Q _   0.015 0.042 0.001 0.010 0.006 0.016 0.070 0.840 
 275 N _   0.013 0.027 0.001 0.007 0.004 0.015 0.070 0.863 
 276 R _   0.012 0.021 0.000 0.005 0.003 0.014 0.069 0.875 
 277 Y _   0.012 0.018 0.000 0.004 0.003 0.014 0.069 0.879 
 278 T _   0.012 0.018 0.000 0.005 0.004 0.015 0.067 0.878 
 279 A _   0.013 0.019 0.000 0.007 0.004 0.017 0.066 0.873 
 280 E _   0.014 0.023 0.001 0.010 0.006 0.019 0.064 0.864 
 281 E _   0.015 0.027 0.001 0.013 0.007 0.021 0.062 0.854 
 282 A _   0.016 0.033 0.001 0.016 0.009 0.022 0.060 0.843 
 283 L _   0.017 0.038 0.001 0.019 0.010 0.024 0.058 0.833 
 284 A _   0.018 0.042 0.001 0.021 0.012 0.025 0.056 0.825 
 285 H _   0.019 0.045 0.001 0.022 0.013 0.026 0.054 0.820 
 286 P _   0.020 0.047 0.001 0.022 0.014 0.027 0.052 0.816 
 287 F _   0.022 0.048 0.001 0.023 0.014 0.028 0.051 0.814 
 288 F _   0.023 0.048 0.001 0.023 0.015 0.028 0.050 0.812 
 289 Q _   0.024 0.048 0.001 0.024 0.015 0.028 0.049 0.810 
 290 Q _   0.025 0.048 0.001 0.025 0.015 0.028 0.048 0.810 
 291 Y _   0.025 0.046 0.001 0.026 0.015 0.027 0.047 0.812 
 292 L _   0.025 0.044 0.001 0.026 0.014 0.026 0.047 0.817 
 293 V _   0.025 0.041 0.001 0.025 0.013 0.024 0.046 0.825 
 294 E _   0.024 0.036 0.001 0.023 0.011 0.022 0.046 0.837 
 295 E _   0.023 0.029 0.001 0.020 0.010 0.019 0.046 0.851 
 296 V _   0.023 0.022 0.001 0.016 0.008 0.017 0.046 0.868 
 297 R _   0.023 0.014 0.001 0.012 0.006 0.015 0.045 0.885 
 298 H _   0.024 0.007 0.001 0.008 0.004 0.013 0.045 0.899 
 299 F _   0.026 0.003 0.000 0.005 0.003 0.012 0.044 0.906 
 300 S _   0.033 0.001 0.000 0.003 0.003 0.012 0.042 0.906 
 301 P _   0.045 0.000 0.000 0.002 0.003 0.012 0.041 0.897 
 302 R _   0.067 0.000 0.000 0.002 0.003 0.014 0.039 0.874 
 303 G _   0.105 0.000 0.001 0.002 0.005 0.017 0.036 0.834 
 304 K _   0.164 0.000 0.001 0.002 0.007 0.022 0.033 0.771 
 305 F _   0.243 0.000 0.001 0.002 0.012 0.028 0.030 0.684 
 306 K _   0.330 0.000 0.001 0.003 0.018 0.034 0.027 0.588 
 307 V _   0.413 0.000 0.002 0.003 0.025 0.039 0.025 0.493 
 308 I H   0.486 0.000 0.002 0.004 0.033 0.042 0.023 0.410 
 309 A H   0.542 0.000 0.002 0.004 0.040 0.044 0.022 0.346 
 310 L H   0.582 0.000 0.002 0.005 0.044 0.044 0.021 0.301 
 311 T H   0.608 0.001 0.002 0.005 0.047 0.043 0.022 0.273 
 312 V H   0.620 0.001 0.002 0.005 0.048 0.041 0.022 0.260 
 313 L H   0.619 0.001 0.002 0.006 0.048 0.039 0.023 0.262 
 314 A H   0.603 0.001 0.002 0.006 0.046 0.037 0.025 0.279 
 315 S H   0.574 0.001 0.002 0.006 0.042 0.035 0.028 0.312 
 316 V H   0.530 0.001 0.002 0.007 0.037 0.032 0.031 0.360 
 317 R H   0.474 0.001 0.002 0.007 0.030 0.029 0.035 0.422 
 318 I _   0.405 0.001 0.002 0.007 0.024 0.026 0.040 0.496 
 319 Y _   0.329 0.000 0.002 0.006 0.018 0.024 0.045 0.576 
 320 Y _   0.256 0.000 0.001 0.005 0.013 0.021 0.051 0.653 
 321 Q _   0.189 0.000 0.001 0.005 0.009 0.018 0.056 0.721 
 322 Y _   0.136 0.000 0.001 0.004 0.007 0.016 0.060 0.776 
 323 R _   0.096 0.000 0.001 0.004 0.005 0.015 0.064 0.816 
 324 R _   0.067 0.000 0.001 0.004 0.004 0.013 0.067 0.843 
 325 V _   0.048 0.000 0.001 0.004 0.004 0.013 0.070 0.861 
 326 K _   0.035 0.000 0.000 0.005 0.004 0.013 0.072 0.871 
 327 P _   0.027 0.001 0.000 0.006 0.004 0.013 0.074 0.876 
 328 V _   0.022 0.001 0.001 0.007 0.005 0.013 0.076 0.876 
 329 T _   0.018 0.002 0.001 0.008 0.005 0.014 0.078 0.875 
 330 R _   0.016 0.002 0.001 0.010 0.006 0.014 0.079 0.872 
 331 E _   0.015 0.003 0.001 0.011 0.006 0.015 0.081 0.868 
 332 I _   0.014 0.003 0.001 0.012 0.007 0.015 0.083 0.865 
 333 V _   0.014 0.003 0.001 0.012 0.007 0.016 0.085 0.862 
 334 I _   0.014 0.004 0.001 0.012 0.007 0.017 0.087 0.859 
 335 R _   0.014 0.004 0.001 0.012 0.007 0.018 0.089 0.856 
 336 D _   0.015 0.003 0.001 0.012 0.007 0.019 0.091 0.853 
 337 P _   0.016 0.003 0.001 0.011 0.007 0.020 0.093 0.848 
 338 Y _   0.018 0.003 0.001 0.011 0.007 0.021 0.096 0.843 
 339 A _   0.020 0.003 0.001 0.010 0.008 0.023 0.098 0.837 
 340 L _   0.023 0.003 0.001 0.010 0.008 0.024 0.101 0.831 
 341 R _   0.027 0.002 0.001 0.009 0.008 0.026 0.103 0.823 
 342 P _   0.032 0.002 0.001 0.009 0.009 0.028 0.106 0.813 
 343 L _   0.038 0.002 0.001 0.008 0.010 0.031 0.109 0.802 
 344 R _   0.046 0.002 0.001 0.007 0.011 0.034 0.111 0.788 
 345 R _   0.055 0.002 0.001 0.007 0.013 0.037 0.114 0.770 
 346 L _   0.066 0.003 0.001 0.007 0.016 0.041 0.117 0.749 
 347 I _   0.078 0.004 0.001 0.008 0.019 0.045 0.120 0.724 
 348 D _   0.090 0.006 0.001 0.010 0.023 0.048 0.124 0.696 
 349 A _   0.101 0.009 0.002 0.012 0.028 0.051 0.129 0.667 
 350 Y _   0.110 0.013 0.002 0.016 0.033 0.053 0.134 0.638 
 351 A _   0.116 0.018 0.002 0.020 0.036 0.054 0.141 0.612 
 352 F _   0.118 0.022 0.002 0.025 0.037 0.053 0.149 0.593 
 353 R _   0.114 0.026 0.002 0.029 0.037 0.051 0.158 0.583 
 354 I _   0.106 0.028 0.002 0.032 0.035 0.047 0.169 0.581 
 355 Y _   0.095 0.028 0.002 0.033 0.031 0.042 0.181 0.588 
 356 G _   0.083 0.027 0.002 0.031 0.025 0.037 0.195 0.601 
 357 H _   0.069 0.024 0.002 0.027 0.019 0.031 0.209 0.619 
 358 W _   0.055 0.020 0.001 0.021 0.014 0.026 0.224 0.639 
 359 V _   0.043 0.015 0.001 0.016 0.010 0.021 0.238 0.658 
 360 K _   0.031 0.012 0.001 0.011 0.006 0.016 0.250 0.673 
 361 K _   0.023 0.009 0.001 0.007 0.004 0.013 0.260 0.683 
 362 G _   0.016 0.007 0.000 0.005 0.003 0.010 0.269 0.689 
 363 Q _   0.012 0.006 0.000 0.004 0.002 0.009 0.276 0.690 
 364 Q _   0.009 0.006 0.000 0.004 0.002 0.008 0.282 0.688 
 365 Q _   0.008 0.007 0.000 0.004 0.002 0.008 0.287 0.683 
 366 N _   0.007 0.009 0.000 0.005 0.002 0.008 0.292 0.676 
 367 R _   0.007 0.013 0.000 0.006 0.003 0.009 0.296 0.667 
 368 A _   0.007 0.019 0.000 0.007 0.003 0.011 0.299 0.654 
 369 A _   0.008 0.027 0.000 0.009 0.004 0.012 0.302 0.638 
 370 L _   0.008 0.039 0.001 0.011 0.005 0.014 0.304 0.618 
 371 F _   0.009 0.054 0.001 0.013 0.006 0.017 0.307 0.594 
 372 E _   0.010 0.074 0.001 0.017 0.008 0.019 0.309 0.563 
 373 N _   0.012 0.098 0.001 0.021 0.010 0.022 0.310 0.525 
 374 T _   0.014 0.129 0.001 0.027 0.014 0.025 0.313 0.478 
 375 P _   0.016 0.165 0.002 0.035 0.017 0.028 0.315 0.423 
 376 K _   0.017 0.201 0.002 0.044 0.020 0.029 0.319 0.369 
 377 A _   0.018 0.228 0.002 0.052 0.021 0.029 0.325 0.326 
 378 V X   0.017 0.244 0.001 0.060 0.021 0.028 0.333 0.296 
 379 L X   0.016 0.251 0.001 0.063 0.020 0.026 0.343 0.280 
 380 L X   0.013 0.252 0.001 0.062 0.018 0.023 0.354 0.276 
 381 S X   0.011 0.246 0.001 0.057 0.015 0.019 0.370 0.282 
 382 L X   0.008 0.230 0.001 0.047 0.011 0.014 0.389 0.301 
 383 A X   0.005 0.197 0.001 0.033 0.006 0.008 0.413 0.335 
 384 E X   0.003 0.141 0.000 0.018 0.002 0.004 0.439 0.394 
 385 E X   0.001 0.087 0.000 0.008 0.001 0.001 0.451 0.451 
 386 D _   0.000 0.063 0.000 0.006 0.000 0.001 0.453 0.477 
 387 Y _   0.003 0.056 0.001 0.011 0.003 0.003 0.445 0.478 
