#TopoPred_TM8: 8-state transmembrane topology prediction results by no_profile mode 
#probabilities are in the order of H E C I L F X _, the 8 transmembrane topology types used in PDBTM 
   1 E X   0.003 0.000 0.001 0.023 0.005 0.004 0.950 0.014 
   2 E X   0.001 0.000 0.000 0.009 0.001 0.001 0.977 0.012 
   3 S X   0.000 0.000 0.000 0.003 0.000 0.000 0.985 0.011 
   4 E X   0.000 0.000 0.000 0.001 0.000 0.000 0.987 0.011 
   5 E X   0.000 0.000 0.000 0.001 0.000 0.000 0.988 0.011 
   6 E X   0.000 0.000 0.000 0.001 0.000 0.000 0.988 0.011 
   7 E X   0.000 0.000 0.000 0.001 0.000 0.000 0.987 0.011 
   8 E X   0.000 0.000 0.000 0.001 0.000 0.000 0.986 0.012 
   9 E X   0.000 0.000 0.000 0.001 0.000 0.001 0.984 0.014 
  10 E X   0.000 0.000 0.000 0.001 0.000 0.001 0.982 0.015 
  11 E X   0.000 0.000 0.000 0.001 0.000 0.001 0.979 0.018 
  12 E X   0.000 0.000 0.000 0.002 0.000 0.001 0.976 0.021 
  13 E X   0.000 0.000 0.000 0.002 0.000 0.001 0.972 0.024 
  14 E X   0.000 0.000 0.000 0.002 0.000 0.001 0.968 0.028 
  15 E X   0.000 0.000 0.000 0.002 0.000 0.001 0.964 0.032 
  16 E X   0.000 0.001 0.000 0.002 0.000 0.001 0.959 0.036 
  17 T X   0.000 0.001 0.000 0.002 0.000 0.001 0.954 0.041 
  18 G X   0.000 0.001 0.000 0.003 0.001 0.001 0.948 0.046 
  19 S X   0.001 0.001 0.000 0.003 0.001 0.002 0.942 0.051 
  20 N X   0.001 0.001 0.000 0.003 0.001 0.002 0.935 0.057 
  21 S X   0.001 0.002 0.000 0.004 0.001 0.002 0.929 0.063 
  22 E X   0.001 0.002 0.000 0.004 0.001 0.002 0.921 0.069 
  23 E X   0.001 0.003 0.000 0.005 0.001 0.002 0.914 0.075 
  24 A X   0.001 0.003 0.000 0.005 0.001 0.002 0.906 0.082 
  25 S X   0.001 0.004 0.000 0.006 0.001 0.003 0.898 0.088 
  26 E X   0.001 0.004 0.000 0.006 0.001 0.003 0.891 0.094 
  27 Q X   0.001 0.005 0.000 0.007 0.001 0.003 0.883 0.100 
  28 S X   0.001 0.005 0.000 0.008 0.001 0.003 0.876 0.105 
  29 A X   0.001 0.006 0.000 0.008 0.001 0.003 0.870 0.110 
  30 E X   0.001 0.006 0.000 0.009 0.002 0.003 0.864 0.115 
  31 E X   0.001 0.006 0.000 0.009 0.002 0.003 0.858 0.120 
  32 V X   0.001 0.006 0.000 0.009 0.001 0.003 0.854 0.125 
  33 S X   0.001 0.006 0.000 0.008 0.001 0.003 0.850 0.130 
  34 E X   0.001 0.006 0.000 0.007 0.001 0.003 0.846 0.135 
  35 E X   0.001 0.005 0.000 0.006 0.001 0.003 0.843 0.140 
  36 E X   0.001 0.005 0.000 0.005 0.001 0.002 0.840 0.146 
  37 M X   0.001 0.004 0.000 0.004 0.001 0.002 0.836 0.152 
  38 S X   0.001 0.004 0.000 0.003 0.001 0.002 0.832 0.158 
  39 E X   0.001 0.003 0.000 0.002 0.001 0.002 0.827 0.164 
  40 D X   0.001 0.003 0.000 0.002 0.001 0.002 0.820 0.171 
  41 E X   0.001 0.003 0.000 0.002 0.001 0.002 0.813 0.178 
  42 E X   0.001 0.004 0.000 0.002 0.001 0.003 0.804 0.185 
  43 R X   0.002 0.005 0.000 0.003 0.001 0.004 0.792 0.193 
  44 E X   0.002 0.009 0.000 0.005 0.002 0.005 0.777 0.199 
  45 N X   0.003 0.016 0.000 0.010 0.003 0.008 0.757 0.202 
  46 E X   0.003 0.030 0.001 0.017 0.005 0.010 0.733 0.201 
  47 N X   0.004 0.050 0.001 0.026 0.007 0.012 0.705 0.195 
  48 H X   0.004 0.072 0.001 0.036 0.009 0.014 0.678 0.187 
  49 L X   0.004 0.089 0.001 0.045 0.010 0.014 0.656 0.180 
  50 L X   0.004 0.101 0.001 0.051 0.010 0.014 0.639 0.178 
  51 V X   0.005 0.107 0.001 0.055 0.010 0.014 0.628 0.181 
  52 V X   0.005 0.109 0.001 0.054 0.009 0.013 0.621 0.189 
  53 P X   0.005 0.107 0.001 0.050 0.008 0.012 0.616 0.202 
  54 E X   0.005 0.101 0.001 0.043 0.007 0.011 0.613 0.220 
  55 S X   0.005 0.089 0.001 0.034 0.006 0.009 0.611 0.245 
  56 R X   0.005 0.072 0.001 0.024 0.005 0.008 0.610 0.275 
  57 F X   0.005 0.053 0.000 0.016 0.003 0.006 0.610 0.306 
  58 D X   0.004 0.037 0.000 0.010 0.002 0.005 0.610 0.332 
  59 R X   0.004 0.026 0.000 0.006 0.001 0.004 0.608 0.351 
  60 D X   0.003 0.020 0.000 0.004 0.001 0.004 0.604 0.364 
  61 S X   0.003 0.017 0.000 0.003 0.001 0.003 0.599 0.374 
  62 G X   0.002 0.016 0.000 0.003 0.001 0.003 0.593 0.382 
  63 E X   0.002 0.016 0.000 0.003 0.001 0.003 0.584 0.390 
  64 S X   0.002 0.017 0.000 0.005 0.001 0.004 0.573 0.398 
  65 E X   0.002 0.019 0.000 0.007 0.002 0.005 0.559 0.406 
  66 E X   0.003 0.023 0.000 0.010 0.002 0.006 0.542 0.414 
  67 A X   0.003 0.028 0.000 0.014 0.003 0.007 0.523 0.422 
  68 E X   0.003 0.034 0.000 0.018 0.004 0.008 0.503 0.430 
  69 E X   0.003 0.040 0.001 0.021 0.004 0.009 0.484 0.439 
  70 E X   0.003 0.046 0.001 0.023 0.004 0.009 0.466 0.448 
  71 V _   0.003 0.050 0.001 0.024 0.005 0.009 0.450 0.459 
  72 G _   0.003 0.053 0.001 0.024 0.005 0.009 0.436 0.470 
  73 E _   0.003 0.055 0.001 0.024 0.004 0.009 0.423 0.481 
  74 G _   0.003 0.056 0.001 0.023 0.004 0.009 0.412 0.491 
  75 T _   0.004 0.056 0.001 0.022 0.004 0.009 0.403 0.501 
  76 P _   0.004 0.056 0.001 0.021 0.004 0.010 0.394 0.510 
  77 Q _   0.004 0.056 0.001 0.021 0.004 0.010 0.386 0.518 
  78 S _   0.004 0.055 0.001 0.021 0.004 0.010 0.380 0.526 
  79 S _   0.005 0.053 0.001 0.021 0.004 0.009 0.374 0.533 
  80 A _   0.005 0.051 0.001 0.021 0.004 0.009 0.369 0.541 
  81 L _   0.005 0.047 0.001 0.019 0.004 0.009 0.364 0.551 
  82 T _   0.005 0.042 0.000 0.017 0.004 0.008 0.360 0.564 
  83 E _   0.005 0.037 0.000 0.014 0.003 0.007 0.356 0.577 
  84 G _   0.005 0.031 0.000 0.011 0.003 0.006 0.352 0.592 
  85 D _   0.004 0.025 0.000 0.008 0.002 0.006 0.348 0.606 
  86 Y _   0.004 0.021 0.000 0.006 0.002 0.005 0.343 0.619 
  87 V _   0.004 0.018 0.000 0.004 0.001 0.005 0.338 0.629 
  88 P _   0.004 0.016 0.000 0.004 0.001 0.005 0.332 0.637 
  89 D _   0.004 0.016 0.000 0.004 0.002 0.006 0.325 0.643 
  90 S _   0.004 0.018 0.000 0.006 0.002 0.007 0.317 0.646 
  91 P _   0.005 0.021 0.000 0.008 0.003 0.008 0.308 0.647 
  92 A _   0.005 0.026 0.000 0.012 0.004 0.009 0.298 0.645 
  93 L _   0.006 0.033 0.001 0.017 0.005 0.011 0.286 0.641 
  94 L _   0.006 0.040 0.001 0.022 0.006 0.012 0.275 0.638 
  95 P _   0.006 0.046 0.001 0.026 0.006 0.012 0.264 0.638 
  96 I _   0.006 0.050 0.001 0.027 0.007 0.012 0.254 0.643 
  97 E _   0.006 0.051 0.001 0.025 0.006 0.012 0.246 0.652 
  98 L _   0.006 0.052 0.001 0.022 0.006 0.011 0.239 0.664 
  99 K _   0.005 0.050 0.001 0.018 0.005 0.011 0.233 0.677 
 100 Q _   0.005 0.049 0.001 0.014 0.004 0.010 0.227 0.690 
 101 E _   0.005 0.047 0.000 0.012 0.004 0.010 0.222 0.700 
 102 L _   0.005 0.046 0.000 0.010 0.004 0.010 0.217 0.708 
 103 P _   0.006 0.046 0.000 0.009 0.004 0.011 0.212 0.712 
 104 K _   0.007 0.047 0.000 0.010 0.004 0.012 0.207 0.713 
 105 Y _   0.008 0.049 0.001 0.011 0.005 0.013 0.201 0.712 
 106 L _   0.009 0.053 0.001 0.014 0.006 0.015 0.196 0.708 
 107 P _   0.009 0.057 0.001 0.016 0.007 0.016 0.190 0.703 
 108 A _   0.010 0.061 0.001 0.019 0.008 0.017 0.185 0.699 
 109 L _   0.011 0.064 0.001 0.021 0.009 0.018 0.180 0.696 
 110 Q _   0.011 0.066 0.001 0.023 0.010 0.019 0.175 0.695 
 111 G _   0.012 0.067 0.001 0.023 0.010 0.019 0.171 0.697 
 112 C _   0.012 0.067 0.001 0.023 0.011 0.020 0.167 0.700 
 113 R _   0.013 0.065 0.001 0.022 0.010 0.020 0.164 0.705 
 114 S _   0.013 0.062 0.001 0.021 0.010 0.020 0.162 0.712 
 115 V _   0.014 0.059 0.001 0.019 0.009 0.019 0.159 0.719 
 116 E _   0.014 0.055 0.001 0.017 0.009 0.019 0.158 0.727 
 117 E _   0.015 0.051 0.001 0.015 0.008 0.019 0.156 0.736 
 118 F _   0.015 0.047 0.001 0.013 0.007 0.018 0.154 0.745 
 119 Q _   0.015 0.044 0.001 0.011 0.007 0.018 0.152 0.752 
 120 C _   0.015 0.041 0.001 0.010 0.007 0.018 0.151 0.757 
 121 L _   0.016 0.040 0.001 0.010 0.007 0.019 0.149 0.760 
 122 N _   0.017 0.039 0.001 0.010 0.007 0.019 0.147 0.759 
 123 R _   0.018 0.040 0.001 0.011 0.008 0.020 0.145 0.756 
 124 I _   0.020 0.042 0.001 0.013 0.009 0.021 0.143 0.751 
 125 E _   0.021 0.045 0.001 0.017 0.011 0.022 0.142 0.742 
 126 E _   0.021 0.048 0.001 0.021 0.012 0.023 0.140 0.734 
 127 G _   0.022 0.051 0.001 0.026 0.013 0.023 0.139 0.726 
 128 T _   0.021 0.052 0.001 0.029 0.013 0.022 0.139 0.721 
 129 Y _   0.021 0.052 0.001 0.031 0.013 0.021 0.138 0.722 
 130 G _   0.019 0.050 0.001 0.031 0.012 0.019 0.139 0.728 
 131 V _   0.018 0.046 0.001 0.028 0.010 0.017 0.140 0.740 
 132 V _   0.016 0.040 0.001 0.023 0.008 0.015 0.141 0.757 
 133 Y _   0.013 0.031 0.001 0.017 0.006 0.012 0.142 0.778 
 134 R _   0.011 0.022 0.001 0.011 0.004 0.010 0.142 0.799 
 135 A _   0.009 0.015 0.000 0.007 0.003 0.008 0.142 0.816 
 136 K _   0.007 0.010 0.000 0.004 0.002 0.007 0.142 0.827 
 137 D _   0.006 0.008 0.000 0.003 0.002 0.007 0.141 0.833 
 138 K _   0.006 0.008 0.000 0.003 0.002 0.007 0.140 0.835 
 139 K _   0.006 0.009 0.000 0.004 0.002 0.008 0.138 0.833 
 140 T _   0.007 0.011 0.000 0.007 0.003 0.009 0.136 0.827 
 141 D _   0.008 0.017 0.001 0.012 0.004 0.011 0.133 0.814 
 142 E _   0.009 0.025 0.001 0.019 0.006 0.013 0.129 0.798 
 143 I _   0.009 0.034 0.001 0.027 0.007 0.014 0.126 0.781 
 144 V _   0.009 0.040 0.001 0.034 0.009 0.015 0.123 0.769 
 145 A _   0.009 0.044 0.001 0.038 0.009 0.015 0.121 0.763 
 146 L _   0.009 0.045 0.001 0.038 0.009 0.015 0.119 0.765 
 147 K _   0.009 0.043 0.001 0.035 0.008 0.014 0.118 0.773 
 148 R _   0.008 0.039 0.001 0.029 0.007 0.013 0.117 0.786 
 149 L _   0.008 0.033 0.001 0.023 0.006 0.011 0.117 0.802 
 150 K _   0.007 0.025 0.001 0.016 0.004 0.010 0.117 0.820 
 151 M _   0.007 0.018 0.000 0.011 0.003 0.009 0.117 0.835 
 152 E _   0.006 0.012 0.000 0.007 0.003 0.008 0.117 0.847 
 153 K _   0.006 0.008 0.000 0.005 0.002 0.008 0.116 0.854 
 154 E _   0.006 0.007 0.000 0.004 0.002 0.008 0.115 0.858 
 155 K _   0.007 0.006 0.000 0.004 0.002 0.009 0.113 0.860 
 156 E _   0.007 0.006 0.000 0.004 0.002 0.010 0.111 0.858 
 157 G _   0.009 0.007 0.000 0.005 0.003 0.013 0.109 0.854 
 158 F _   0.011 0.010 0.000 0.007 0.004 0.016 0.106 0.846 
 159 P _   0.014 0.014 0.001 0.010 0.006 0.020 0.102 0.833 
 160 I _   0.017 0.020 0.001 0.015 0.009 0.024 0.098 0.815 
 161 T _   0.020 0.028 0.001 0.020 0.013 0.029 0.094 0.795 
 162 S _   0.023 0.036 0.001 0.026 0.017 0.032 0.090 0.774 
 163 L _   0.026 0.044 0.001 0.032 0.020 0.036 0.087 0.754 
 164 R _   0.028 0.049 0.002 0.037 0.023 0.038 0.083 0.740 
 165 E _   0.030 0.053 0.002 0.041 0.025 0.038 0.081 0.732 
 166 I _   0.031 0.054 0.002 0.042 0.025 0.038 0.079 0.730 
 167 N _   0.032 0.053 0.002 0.041 0.024 0.037 0.077 0.735 
 168 T _   0.032 0.050 0.002 0.037 0.022 0.034 0.076 0.747 
 169 I _   0.031 0.044 0.002 0.032 0.019 0.032 0.075 0.766 
 170 L _   0.030 0.035 0.001 0.025 0.016 0.029 0.075 0.789 
 171 K _   0.028 0.025 0.001 0.018 0.012 0.026 0.074 0.814 
 172 A _   0.026 0.016 0.001 0.013 0.009 0.023 0.074 0.838 
 173 Q _   0.023 0.009 0.001 0.008 0.007 0.021 0.073 0.857 
 174 H _   0.022 0.005 0.001 0.005 0.005 0.020 0.072 0.870 
 175 P _   0.021 0.003 0.000 0.004 0.005 0.019 0.071 0.876 
 176 N _   0.022 0.002 0.000 0.004 0.005 0.019 0.070 0.877 
 177 I _   0.024 0.002 0.001 0.004 0.005 0.021 0.069 0.874 
 178 V _   0.026 0.002 0.001 0.006 0.007 0.023 0.068 0.868 
 179 T _   0.029 0.003 0.001 0.009 0.009 0.025 0.066 0.859 
 180 V _   0.032 0.004 0.001 0.012 0.012 0.027 0.065 0.848 
 181 R _   0.034 0.006 0.001 0.015 0.014 0.029 0.063 0.838 
 182 E _   0.035 0.007 0.001 0.018 0.015 0.030 0.062 0.832 
 183 I _   0.035 0.008 0.001 0.018 0.016 0.030 0.061 0.830 
 184 V _   0.035 0.008 0.001 0.017 0.015 0.030 0.061 0.833 
 185 V _   0.035 0.008 0.001 0.016 0.014 0.029 0.060 0.838 
 186 G _   0.034 0.007 0.001 0.013 0.013 0.029 0.059 0.844 
 187 S _   0.034 0.006 0.001 0.011 0.011 0.028 0.059 0.849 
 188 N _   0.034 0.006 0.001 0.009 0.011 0.028 0.058 0.853 
 189 M _   0.034 0.006 0.001 0.009 0.010 0.028 0.058 0.854 
 190 D _   0.034 0.006 0.001 0.009 0.011 0.028 0.058 0.853 
 191 K _   0.035 0.007 0.001 0.010 0.011 0.028 0.058 0.850 
 192 I _   0.035 0.008 0.001 0.012 0.012 0.028 0.058 0.845 
 193 Y _   0.036 0.010 0.001 0.014 0.013 0.028 0.057 0.840 
 194 I _   0.035 0.012 0.001 0.017 0.013 0.028 0.058 0.836 
 195 V _   0.033 0.014 0.001 0.019 0.014 0.027 0.058 0.835 
 196 M _   0.031 0.014 0.001 0.020 0.013 0.026 0.058 0.837 
 197 N _   0.028 0.015 0.001 0.020 0.012 0.024 0.059 0.842 
 198 Y _   0.025 0.014 0.001 0.018 0.011 0.022 0.059 0.850 
 199 V _   0.022 0.013 0.001 0.016 0.009 0.020 0.060 0.860 
 200 E _   0.019 0.011 0.001 0.014 0.008 0.018 0.061 0.870 
 201 H _   0.016 0.010 0.001 0.012 0.006 0.016 0.061 0.878 
 202 D _   0.015 0.008 0.001 0.010 0.006 0.015 0.062 0.884 
 203 L _   0.013 0.007 0.001 0.010 0.005 0.014 0.062 0.888 
 204 K _   0.013 0.007 0.001 0.010 0.005 0.013 0.063 0.890 
 205 S _   0.012 0.006 0.001 0.010 0.005 0.012 0.063 0.891 
 206 L _   0.012 0.005 0.001 0.010 0.005 0.012 0.064 0.892 
 207 M _   0.011 0.005 0.001 0.010 0.005 0.012 0.064 0.892 
 208 E _   0.011 0.004 0.001 0.010 0.004 0.011 0.064 0.894 
 209 T _   0.011 0.003 0.000 0.009 0.004 0.011 0.065 0.897 
 210 M _   0.011 0.002 0.000 0.008 0.004 0.011 0.065 0.899 
 211 K _   0.012 0.002 0.000 0.006 0.003 0.011 0.065 0.901 
 212 Q _   0.013 0.001 0.000 0.005 0.003 0.012 0.064 0.901 
 213 P _   0.016 0.001 0.000 0.004 0.003 0.014 0.064 0.899 
 214 F _   0.020 0.000 0.000 0.003 0.003 0.016 0.063 0.893 
 215 L _   0.028 0.000 0.000 0.003 0.004 0.020 0.063 0.881 
 216 P _   0.040 0.001 0.001 0.003 0.006 0.026 0.061 0.861 
 217 G _   0.056 0.002 0.001 0.004 0.010 0.034 0.060 0.832 
 218 E _   0.077 0.005 0.001 0.007 0.017 0.044 0.058 0.791 
 219 V _   0.099 0.012 0.002 0.011 0.027 0.054 0.057 0.738 
 220 K _   0.117 0.025 0.002 0.018 0.038 0.062 0.055 0.683 
 221 T _   0.131 0.041 0.003 0.027 0.047 0.068 0.053 0.630 
 222 L _   0.139 0.056 0.003 0.036 0.054 0.071 0.053 0.590 
 223 M _   0.141 0.066 0.003 0.044 0.057 0.070 0.052 0.566 
 224 I _   0.139 0.072 0.003 0.049 0.056 0.067 0.053 0.561 
 225 Q _   0.133 0.074 0.003 0.049 0.052 0.063 0.054 0.573 
 226 L _   0.122 0.071 0.003 0.046 0.046 0.057 0.055 0.600 
 227 L _   0.109 0.064 0.002 0.039 0.038 0.050 0.056 0.641 
 228 R _   0.093 0.053 0.002 0.031 0.029 0.043 0.058 0.691 
 229 G _   0.076 0.038 0.002 0.022 0.021 0.036 0.060 0.745 
 230 V _   0.061 0.024 0.001 0.015 0.014 0.029 0.062 0.793 
 231 K _   0.047 0.014 0.001 0.010 0.009 0.024 0.064 0.831 
 232 H _   0.036 0.008 0.001 0.007 0.006 0.020 0.065 0.857 
 233 L _   0.028 0.005 0.001 0.006 0.005 0.017 0.065 0.873 
 234 H _   0.022 0.004 0.000 0.006 0.004 0.015 0.066 0.883 
 235 D _   0.018 0.003 0.000 0.006 0.004 0.014 0.066 0.889 
 236 N _   0.016 0.003 0.000 0.007 0.004 0.013 0.066 0.892 
 237 W _   0.014 0.002 0.000 0.007 0.004 0.013 0.066 0.893 
 238 I _   0.013 0.002 0.000 0.008 0.004 0.012 0.065 0.894 
 239 L _   0.012 0.002 0.001 0.008 0.004 0.012 0.065 0.896 
 240 H _   0.012 0.002 0.001 0.008 0.004 0.012 0.064 0.897 
 241 R _   0.012 0.001 0.000 0.007 0.004 0.013 0.063 0.899 
 242 D _   0.013 0.001 0.000 0.006 0.004 0.013 0.062 0.901 
 243 L _   0.014 0.001 0.000 0.005 0.004 0.014 0.061 0.900 
 244 K _   0.017 0.001 0.000 0.005 0.004 0.016 0.060 0.897 
 245 T _   0.022 0.001 0.001 0.004 0.005 0.019 0.059 0.890 
 246 S _   0.029 0.001 0.001 0.005 0.006 0.022 0.057 0.879 
 247 N _   0.039 0.001 0.001 0.006 0.009 0.027 0.056 0.863 
 248 L _   0.050 0.002 0.001 0.008 0.012 0.032 0.054 0.841 
 249 L _   0.063 0.004 0.001 0.010 0.017 0.037 0.052 0.816 
 250 L _   0.076 0.006 0.001 0.013 0.021 0.041 0.051 0.791 
 251 S _   0.086 0.008 0.002 0.016 0.025 0.044 0.050 0.770 
 252 H _   0.095 0.010 0.002 0.019 0.027 0.046 0.048 0.753 
 253 A _   0.101 0.012 0.002 0.020 0.029 0.047 0.048 0.743 
 254 G _   0.105 0.012 0.002 0.020 0.029 0.046 0.047 0.738 
 255 I _   0.107 0.013 0.002 0.019 0.028 0.045 0.047 0.740 
 256 L _   0.105 0.013 0.002 0.018 0.026 0.043 0.047 0.747 
 257 K _   0.098 0.012 0.002 0.018 0.023 0.040 0.047 0.760 
 258 V _   0.090 0.011 0.001 0.017 0.020 0.037 0.048 0.775 
 259 G _   0.079 0.010 0.001 0.017 0.018 0.034 0.048 0.792 
 260 D _   0.068 0.009 0.001 0.017 0.015 0.030 0.049 0.811 
 261 F _   0.057 0.008 0.001 0.016 0.012 0.026 0.049 0.830 
 262 G _   0.047 0.007 0.001 0.014 0.010 0.023 0.050 0.849 
 263 L _   0.038 0.006 0.001 0.012 0.008 0.020 0.050 0.866 
 264 A _   0.030 0.004 0.001 0.010 0.006 0.017 0.050 0.883 
 265 R _   0.023 0.003 0.001 0.008 0.004 0.014 0.050 0.897 
 266 E _   0.018 0.002 0.000 0.006 0.003 0.012 0.050 0.909 
 267 Y _   0.014 0.002 0.000 0.005 0.003 0.011 0.049 0.917 
 268 G _   0.012 0.001 0.000 0.004 0.003 0.010 0.048 0.921 
 269 S _   0.011 0.001 0.000 0.004 0.003 0.011 0.047 0.923 
 270 P _   0.012 0.002 0.000 0.004 0.003 0.012 0.046 0.922 
 271 L _   0.013 0.003 0.000 0.005 0.004 0.013 0.045 0.917 
 272 K _   0.015 0.005 0.001 0.007 0.005 0.016 0.043 0.909 
 273 A _   0.017 0.008 0.001 0.010 0.007 0.018 0.041 0.898 
 274 Y _   0.019 0.012 0.001 0.014 0.009 0.021 0.040 0.885 
 275 T _   0.021 0.017 0.001 0.018 0.012 0.023 0.038 0.870 
 276 P _   0.022 0.022 0.001 0.023 0.014 0.025 0.036 0.856 
 277 V _   0.024 0.026 0.001 0.027 0.015 0.026 0.034 0.846 
 278 V _   0.025 0.029 0.001 0.028 0.016 0.027 0.033 0.841 
 279 V _   0.025 0.030 0.001 0.029 0.016 0.027 0.032 0.841 
 280 T _   0.024 0.029 0.001 0.027 0.015 0.026 0.031 0.847 
 281 Q _   0.023 0.027 0.001 0.024 0.013 0.024 0.030 0.856 
 282 W _   0.021 0.024 0.001 0.021 0.012 0.023 0.030 0.869 
 283 Y _   0.020 0.021 0.001 0.018 0.010 0.021 0.029 0.881 
 284 R _   0.018 0.018 0.001 0.016 0.009 0.020 0.028 0.891 
 285 A _   0.017 0.015 0.001 0.014 0.008 0.018 0.028 0.900 
 286 P _   0.017 0.012 0.001 0.013 0.007 0.017 0.027 0.907 
 287 E _   0.017 0.010 0.001 0.012 0.006 0.016 0.026 0.912 
 288 L _   0.019 0.008 0.001 0.011 0.006 0.015 0.025 0.915 
 289 L _   0.021 0.006 0.001 0.011 0.006 0.014 0.024 0.917 
 290 L _   0.026 0.005 0.001 0.009 0.005 0.013 0.023 0.918 
 291 G _   0.033 0.003 0.001 0.008 0.005 0.012 0.022 0.916 
 292 A _   0.045 0.002 0.001 0.006 0.004 0.011 0.021 0.910 
 293 K _   0.064 0.001 0.001 0.004 0.004 0.011 0.019 0.897 
 294 E _   0.093 0.000 0.001 0.003 0.004 0.011 0.017 0.872 
 295 Y _   0.137 0.000 0.001 0.002 0.005 0.011 0.015 0.831 
 296 S _   0.201 0.000 0.001 0.001 0.005 0.011 0.013 0.768 
 297 T _   0.290 0.000 0.001 0.001 0.007 0.012 0.010 0.679 
 298 A _   0.403 0.000 0.001 0.001 0.008 0.013 0.008 0.566 
 299 V H   0.529 0.000 0.001 0.001 0.011 0.013 0.006 0.439 
 300 D H   0.649 0.000 0.001 0.001 0.013 0.013 0.004 0.318 
 301 M H   0.745 0.000 0.001 0.001 0.015 0.013 0.003 0.221 
 302 W H   0.813 0.000 0.001 0.001 0.016 0.012 0.003 0.154 
 303 S H   0.855 0.000 0.001 0.001 0.017 0.011 0.002 0.113 
 304 V H   0.877 0.000 0.001 0.001 0.018 0.010 0.002 0.091 
 305 G H   0.886 0.000 0.001 0.001 0.019 0.009 0.003 0.082 
 306 C H   0.882 0.000 0.001 0.001 0.020 0.009 0.003 0.084 
 307 I H   0.866 0.000 0.001 0.001 0.021 0.009 0.004 0.098 
 308 F H   0.834 0.000 0.001 0.001 0.022 0.010 0.005 0.127 
 309 G H   0.780 0.000 0.002 0.002 0.022 0.011 0.007 0.177 
 310 E H   0.700 0.000 0.002 0.003 0.021 0.012 0.010 0.253 
 311 L H   0.595 0.000 0.002 0.003 0.018 0.012 0.014 0.355 
 312 L _   0.472 0.000 0.002 0.004 0.015 0.012 0.020 0.477 
 313 T _   0.349 0.000 0.001 0.004 0.011 0.011 0.026 0.597 
 314 Q _   0.241 0.000 0.001 0.004 0.008 0.010 0.032 0.704 
 315 K _   0.155 0.000 0.001 0.004 0.005 0.009 0.037 0.788 
 316 P _   0.096 0.000 0.001 0.004 0.004 0.008 0.041 0.847 
 317 L _   0.057 0.000 0.000 0.003 0.003 0.007 0.044 0.885 
 318 F _   0.034 0.000 0.000 0.003 0.002 0.006 0.046 0.908 
 319 P _   0.021 0.001 0.000 0.003 0.002 0.006 0.047 0.920 
 320 G _   0.014 0.001 0.000 0.003 0.002 0.006 0.048 0.926 
 321 N _   0.010 0.002 0.000 0.004 0.002 0.007 0.049 0.926 
 322 S _   0.009 0.005 0.000 0.005 0.002 0.008 0.049 0.922 
 323 E _   0.009 0.009 0.000 0.007 0.003 0.009 0.049 0.913 
 324 I _   0.009 0.018 0.001 0.010 0.004 0.011 0.048 0.899 
 325 D _   0.009 0.030 0.001 0.015 0.006 0.013 0.048 0.878 
 326 Q _   0.010 0.046 0.001 0.020 0.007 0.015 0.047 0.854 
 327 I _   0.011 0.064 0.001 0.026 0.009 0.017 0.046 0.827 
 328 N _   0.011 0.079 0.001 0.032 0.010 0.018 0.045 0.803 
 329 K _   0.011 0.091 0.001 0.037 0.011 0.018 0.045 0.786 
 330 V _   0.011 0.098 0.001 0.039 0.012 0.018 0.045 0.776 
 331 F _   0.011 0.102 0.001 0.038 0.011 0.018 0.045 0.773 
 332 K _   0.011 0.102 0.001 0.035 0.010 0.017 0.046 0.778 
 333 E _   0.011 0.099 0.001 0.030 0.009 0.016 0.046 0.789 
 334 L _   0.010 0.093 0.001 0.024 0.007 0.014 0.047 0.803 
 335 G _   0.009 0.086 0.001 0.018 0.006 0.013 0.049 0.818 
 336 T _   0.009 0.080 0.001 0.014 0.005 0.012 0.050 0.831 
 337 P _   0.008 0.075 0.000 0.010 0.004 0.011 0.051 0.841 
 338 S _   0.008 0.072 0.000 0.008 0.003 0.011 0.051 0.846 
 339 E _   0.008 0.071 0.000 0.007 0.003 0.011 0.052 0.848 
 340 K _   0.008 0.072 0.000 0.007 0.003 0.011 0.052 0.846 
 341 I _   0.009 0.075 0.000 0.008 0.004 0.011 0.052 0.841 
 342 W _   0.009 0.081 0.001 0.009 0.004 0.012 0.052 0.832 
 343 P _   0.009 0.090 0.001 0.011 0.005 0.014 0.052 0.819 
 344 G _   0.010 0.102 0.001 0.014 0.006 0.015 0.051 0.802 
 345 Y _   0.010 0.117 0.001 0.017 0.007 0.016 0.050 0.781 
 346 S _   0.010 0.134 0.001 0.021 0.009 0.017 0.050 0.759 
 347 E _   0.010 0.151 0.001 0.025 0.010 0.018 0.049 0.735 
 348 L _   0.011 0.169 0.001 0.029 0.011 0.019 0.048 0.711 
 349 P _   0.011 0.184 0.001 0.034 0.012 0.019 0.048 0.690 
 350 V _   0.011 0.196 0.001 0.038 0.013 0.019 0.048 0.673 
 351 V _   0.012 0.203 0.001 0.042 0.013 0.019 0.048 0.662 
 352 K _   0.012 0.205 0.001 0.043 0.012 0.018 0.049 0.659 
 353 K _   0.011 0.203 0.001 0.043 0.012 0.017 0.051 0.663 
 354 M _   0.011 0.195 0.001 0.039 0.011 0.016 0.053 0.674 
 355 T _   0.010 0.181 0.001 0.034 0.009 0.014 0.055 0.695 
 356 F _   0.009 0.160 0.001 0.027 0.007 0.012 0.058 0.725 
 357 S _   0.009 0.135 0.001 0.020 0.006 0.011 0.061 0.759 
 358 E _   0.008 0.111 0.001 0.013 0.004 0.009 0.063 0.791 
 359 H _   0.007 0.092 0.000 0.008 0.003 0.008 0.065 0.816 
 360 P _   0.006 0.082 0.000 0.005 0.002 0.008 0.067 0.830 
 361 Y _   0.005 0.078 0.000 0.004 0.002 0.008 0.067 0.836 
 362 N _   0.006 0.078 0.000 0.004 0.002 0.008 0.068 0.834 
 363 N _   0.007 0.082 0.000 0.006 0.003 0.010 0.067 0.825 
 364 L _   0.008 0.093 0.001 0.009 0.004 0.012 0.067 0.806 
 365 R _   0.009 0.115 0.001 0.014 0.006 0.015 0.066 0.774 
 366 K _   0.010 0.146 0.001 0.021 0.008 0.017 0.064 0.732 
 367 R _   0.010 0.179 0.001 0.028 0.010 0.018 0.063 0.691 
 368 F _   0.010 0.206 0.001 0.033 0.011 0.018 0.062 0.658 
 369 G _   0.009 0.225 0.001 0.037 0.011 0.018 0.061 0.637 
 370 A _   0.009 0.235 0.001 0.037 0.011 0.018 0.062 0.627 
 371 L _   0.009 0.239 0.001 0.035 0.010 0.017 0.062 0.626 
 372 L _   0.009 0.238 0.001 0.031 0.010 0.017 0.063 0.631 
 373 S _   0.008 0.234 0.001 0.026 0.009 0.016 0.065 0.642 
 374 D _   0.009 0.226 0.001 0.022 0.008 0.015 0.066 0.654 
 375 Q _   0.009 0.216 0.001 0.017 0.007 0.015 0.068 0.667 
 376 G _   0.009 0.207 0.001 0.014 0.006 0.015 0.070 0.678 
 377 F _   0.010 0.199 0.001 0.012 0.006 0.015 0.072 0.685 
 378 D _   0.011 0.195 0.001 0.012 0.006 0.016 0.074 0.687 
 379 L _   0.011 0.192 0.001 0.013 0.006 0.016 0.076 0.685 
 380 M _   0.012 0.191 0.001 0.014 0.007 0.017 0.078 0.679 
 381 N _   0.013 0.192 0.001 0.017 0.008 0.018 0.079 0.672 
 382 K _   0.014 0.193 0.001 0.020 0.009 0.018 0.082 0.663 
 383 F _   0.015 0.193 0.001 0.024 0.010 0.018 0.084 0.656 
 384 L _   0.015 0.191 0.001 0.026 0.010 0.018 0.087 0.652 
 385 T _   0.014 0.186 0.001 0.028 0.010 0.017 0.090 0.653 
 386 Y _   0.013 0.179 0.001 0.028 0.010 0.016 0.094 0.658 
 387 F _   0.013 0.167 0.001 0.027 0.009 0.015 0.099 0.668 
 388 P _   0.012 0.152 0.001 0.025 0.009 0.014 0.104 0.683 
 389 G _   0.011 0.134 0.001 0.023 0.008 0.013 0.110 0.701 
 390 R _   0.011 0.113 0.001 0.020 0.007 0.012 0.116 0.722 
 391 R _   0.010 0.092 0.001 0.016 0.006 0.011 0.122 0.743 
 392 I _   0.009 0.073 0.001 0.013 0.004 0.010 0.128 0.763 
 393 S _   0.008 0.057 0.000 0.010 0.003 0.009 0.133 0.779 
 394 A _   0.007 0.047 0.000 0.008 0.003 0.008 0.138 0.790 
 395 E _   0.006 0.040 0.000 0.007 0.002 0.007 0.141 0.796 
 396 D _   0.005 0.036 0.000 0.006 0.002 0.007 0.143 0.799 
 397 G _   0.005 0.034 0.000 0.007 0.002 0.007 0.146 0.799 
 398 L _   0.005 0.033 0.000 0.008 0.002 0.007 0.147 0.797 
 399 K _   0.006 0.033 0.000 0.009 0.003 0.008 0.149 0.792 
 400 H _   0.006 0.033 0.000 0.011 0.003 0.008 0.151 0.787 
 401 E _   0.006 0.034 0.000 0.014 0.004 0.009 0.152 0.781 
 402 Y _   0.006 0.035 0.001 0.015 0.004 0.009 0.154 0.776 
 403 F _   0.006 0.035 0.001 0.016 0.004 0.009 0.156 0.772 
 404 R _   0.006 0.034 0.001 0.016 0.004 0.009 0.159 0.771 
 405 E _   0.006 0.033 0.001 0.015 0.004 0.009 0.162 0.771 
 406 T _   0.006 0.031 0.000 0.013 0.004 0.008 0.164 0.772 
 407 P _   0.006 0.029 0.000 0.012 0.004 0.008 0.168 0.774 
 408 L _   0.006 0.027 0.000 0.010 0.003 0.008 0.171 0.775 
 409 P _   0.006 0.025 0.000 0.009 0.003 0.008 0.174 0.775 
 410 I _   0.006 0.024 0.000 0.009 0.003 0.008 0.177 0.773 
 411 D _   0.006 0.024 0.000 0.009 0.003 0.008 0.180 0.770 
 412 P _   0.007 0.024 0.000 0.009 0.003 0.008 0.183 0.765 
 413 S _   0.007 0.024 0.000 0.010 0.003 0.009 0.186 0.761 
 414 M _   0.007 0.025 0.000 0.011 0.004 0.009 0.189 0.756 
 415 F _   0.007 0.025 0.000 0.012 0.004 0.009 0.191 0.751 
 416 P _   0.007 0.026 0.000 0.012 0.004 0.009 0.194 0.747 
 417 T _   0.007 0.026 0.000 0.012 0.004 0.009 0.197 0.745 
 418 W _   0.006 0.027 0.000 0.012 0.004 0.009 0.199 0.742 
 419 P _   0.006 0.027 0.000 0.012 0.004 0.009 0.202 0.740 
 420 A _   0.006 0.028 0.000 0.012 0.004 0.009 0.205 0.737 
 421 K _   0.006 0.028 0.000 0.013 0.004 0.009 0.207 0.733 
 422 S _   0.006 0.028 0.000 0.013 0.004 0.009 0.210 0.730 
 423 E _   0.007 0.029 0.000 0.014 0.004 0.009 0.213 0.725 
 424 Q _   0.007 0.029 0.000 0.014 0.004 0.009 0.216 0.721 
 425 Q _   0.007 0.029 0.000 0.015 0.004 0.008 0.219 0.718 
 426 R _   0.007 0.028 0.000 0.014 0.003 0.008 0.223 0.717 
 427 V _   0.007 0.027 0.000 0.013 0.003 0.007 0.227 0.717 
 428 K _   0.006 0.025 0.000 0.011 0.003 0.007 0.230 0.719 
 429 R _   0.006 0.023 0.000 0.009 0.002 0.006 0.233 0.722 
 430 G _   0.005 0.021 0.000 0.007 0.002 0.005 0.235 0.725 
 431 T _   0.005 0.020 0.000 0.005 0.001 0.005 0.236 0.727 
 432 S _   0.004 0.020 0.000 0.004 0.001 0.004 0.237 0.729 
 433 P _   0.004 0.021 0.000 0.004 0.001 0.005 0.237 0.728 
 434 R _   0.004 0.024 0.000 0.004 0.001 0.005 0.236 0.726 
 435 P _   0.004 0.029 0.000 0.006 0.002 0.006 0.234 0.718 
 436 P _   0.005 0.041 0.000 0.009 0.003 0.007 0.231 0.704 
 437 E _   0.005 0.061 0.001 0.013 0.004 0.009 0.227 0.681 
 438 G _   0.005 0.089 0.001 0.019 0.005 0.010 0.222 0.650 
 439 G _   0.005 0.119 0.001 0.024 0.005 0.010 0.217 0.618 
 440 L _   0.005 0.145 0.001 0.027 0.006 0.010 0.213 0.592 
 441 G _   0.004 0.163 0.001 0.029 0.006 0.010 0.211 0.577 
 442 Y _   0.004 0.174 0.001 0.027 0.005 0.009 0.209 0.571 
 443 S _   0.004 0.180 0.001 0.024 0.004 0.008 0.208 0.571 
 444 Q _   0.003 0.184 0.000 0.019 0.004 0.008 0.207 0.575 
 445 L _   0.003 0.185 0.000 0.015 0.003 0.007 0.207 0.580 
 446 G _   0.003 0.186 0.000 0.011 0.002 0.007 0.206 0.584 
 447 D _   0.003 0.189 0.000 0.009 0.002 0.007 0.206 0.584 
 448 D _   0.003 0.194 0.000 0.009 0.002 0.007 0.205 0.579 
 449 D _   0.004 0.204 0.000 0.010 0.003 0.009 0.203 0.567 
 450 L _   0.005 0.224 0.001 0.012 0.004 0.010 0.201 0.544 
 451 K _   0.005 0.258 0.001 0.017 0.006 0.011 0.198 0.505 
 452 E _   0.005 0.307 0.001 0.022 0.007 0.012 0.194 0.452 
 453 T _   0.005 0.361 0.001 0.027 0.008 0.012 0.190 0.397 
 454 G E   0.004 0.408 0.001 0.030 0.008 0.011 0.187 0.350 
 455 F E   0.004 0.441 0.001 0.031 0.007 0.010 0.186 0.320 
 456 H E   0.003 0.461 0.001 0.030 0.006 0.009 0.186 0.303 
 457 L E   0.003 0.471 0.001 0.028 0.006 0.009 0.188 0.295 
 458 T E   0.003 0.476 0.001 0.024 0.005 0.008 0.190 0.294 
 459 T E   0.003 0.476 0.001 0.021 0.004 0.007 0.192 0.296 
 460 T E   0.003 0.474 0.000 0.017 0.004 0.007 0.196 0.300 
 461 N E   0.003 0.471 0.000 0.014 0.003 0.007 0.199 0.303 
 462 Q E   0.003 0.468 0.000 0.013 0.003 0.007 0.203 0.303 
 463 G E   0.003 0.467 0.000 0.012 0.003 0.007 0.207 0.301 
 464 A E   0.004 0.468 0.000 0.012 0.003 0.008 0.210 0.295 
 465 S E   0.004 0.470 0.000 0.014 0.003 0.008 0.214 0.286 
 466 A E   0.004 0.474 0.000 0.016 0.004 0.008 0.218 0.276 
 467 A E   0.004 0.477 0.000 0.019 0.004 0.008 0.222 0.267 
 468 G E   0.003 0.477 0.000 0.021 0.004 0.007 0.226 0.261 
 469 P E   0.003 0.476 0.000 0.023 0.004 0.006 0.231 0.257 
 470 G E   0.002 0.469 0.001 0.023 0.004 0.005 0.237 0.260 
 471 F E   0.001 0.454 0.000 0.021 0.003 0.003 0.246 0.270 
 472 S E   0.001 0.425 0.000 0.018 0.001 0.002 0.257 0.297 
 473 L E   0.000 0.385 0.000 0.014 0.001 0.001 0.263 0.335 
 474 K _   0.000 0.351 0.000 0.015 0.001 0.001 0.265 0.367 
 475 F _   0.003 0.327 0.002 0.025 0.005 0.004 0.260 0.375 
