#TopoPred_TM8: 8-state transmembrane topology prediction results by no_profile mode 
#probabilities are in the order of H E C I L F X _, the 8 transmembrane topology types used in PDBTM 
   1 M X   0.019 0.002 0.003 0.072 0.012 0.016 0.608 0.268 
   2 K X   0.008 0.002 0.000 0.050 0.003 0.011 0.623 0.302 
   3 H X   0.003 0.002 0.000 0.035 0.001 0.009 0.625 0.324 
   4 L X   0.003 0.003 0.000 0.028 0.001 0.010 0.619 0.335 
   5 Y X   0.004 0.005 0.000 0.026 0.002 0.013 0.605 0.343 
   6 G X   0.006 0.009 0.001 0.026 0.004 0.017 0.586 0.352 
   7 L X   0.007 0.015 0.001 0.029 0.005 0.020 0.565 0.359 
   8 F X   0.009 0.024 0.001 0.034 0.007 0.021 0.540 0.364 
   9 H X   0.009 0.035 0.001 0.041 0.009 0.022 0.513 0.369 
  10 Y X   0.009 0.046 0.001 0.049 0.012 0.023 0.487 0.373 
  11 N X   0.009 0.055 0.001 0.055 0.013 0.022 0.464 0.380 
  12 P X   0.009 0.061 0.001 0.059 0.014 0.021 0.447 0.389 
  13 M X   0.009 0.063 0.001 0.058 0.014 0.020 0.433 0.401 
  14 M X   0.009 0.063 0.001 0.055 0.013 0.019 0.423 0.418 
  15 L _   0.009 0.060 0.001 0.048 0.011 0.017 0.415 0.440 
  16 G _   0.009 0.054 0.001 0.038 0.009 0.015 0.409 0.466 
  17 L _   0.008 0.044 0.001 0.028 0.007 0.013 0.403 0.497 
  18 E _   0.007 0.032 0.001 0.018 0.005 0.011 0.398 0.528 
  19 S _   0.007 0.022 0.000 0.011 0.003 0.009 0.392 0.556 
  20 L _   0.006 0.015 0.000 0.006 0.002 0.008 0.386 0.577 
  21 P _   0.005 0.011 0.000 0.004 0.002 0.008 0.379 0.591 
  22 D _   0.005 0.010 0.000 0.003 0.002 0.008 0.371 0.601 
  23 P _   0.006 0.010 0.000 0.003 0.002 0.010 0.362 0.606 
  24 T _   0.008 0.013 0.000 0.005 0.004 0.013 0.351 0.606 
  25 D _   0.011 0.022 0.001 0.009 0.006 0.017 0.337 0.597 
  26 T _   0.014 0.041 0.001 0.016 0.011 0.022 0.319 0.576 
  27 W _   0.016 0.073 0.002 0.026 0.016 0.026 0.298 0.544 
  28 E _   0.017 0.112 0.002 0.036 0.019 0.029 0.278 0.508 
  29 I _   0.017 0.147 0.002 0.044 0.021 0.030 0.259 0.480 
  30 I _   0.017 0.173 0.002 0.049 0.022 0.031 0.245 0.462 
  31 E _   0.017 0.189 0.002 0.051 0.022 0.030 0.233 0.456 
  32 T _   0.016 0.198 0.002 0.050 0.022 0.030 0.223 0.458 
  33 I _   0.016 0.202 0.001 0.048 0.021 0.029 0.216 0.467 
  34 G _   0.016 0.202 0.001 0.045 0.019 0.027 0.209 0.480 
  35 K _   0.015 0.198 0.001 0.041 0.018 0.026 0.204 0.496 
  36 G _   0.015 0.192 0.001 0.037 0.016 0.024 0.200 0.515 
  37 T _   0.014 0.183 0.001 0.034 0.014 0.022 0.197 0.535 
  38 Y _   0.013 0.172 0.001 0.031 0.012 0.020 0.194 0.557 
  39 G _   0.012 0.159 0.001 0.028 0.010 0.018 0.193 0.580 
  40 K _   0.011 0.143 0.001 0.025 0.008 0.016 0.191 0.605 
  41 V _   0.010 0.126 0.001 0.021 0.007 0.014 0.190 0.632 
  42 Y _   0.009 0.108 0.001 0.017 0.006 0.012 0.188 0.660 
  43 K _   0.008 0.091 0.001 0.013 0.004 0.010 0.187 0.686 
  44 V _   0.007 0.077 0.000 0.010 0.003 0.009 0.185 0.709 
  45 T _   0.006 0.067 0.000 0.007 0.003 0.008 0.182 0.727 
  46 N _   0.005 0.060 0.000 0.006 0.002 0.008 0.179 0.740 
  47 K _   0.005 0.057 0.000 0.005 0.002 0.008 0.176 0.747 
  48 R _   0.005 0.057 0.000 0.006 0.002 0.008 0.171 0.749 
  49 D _   0.006 0.060 0.000 0.008 0.003 0.010 0.166 0.746 
  50 G _   0.006 0.066 0.001 0.013 0.005 0.012 0.161 0.737 
  51 S _   0.007 0.076 0.001 0.020 0.007 0.014 0.154 0.721 
  52 L _   0.008 0.089 0.001 0.029 0.009 0.016 0.147 0.701 
  53 A _   0.008 0.100 0.001 0.039 0.010 0.017 0.141 0.683 
  54 A _   0.009 0.107 0.001 0.046 0.012 0.017 0.136 0.672 
  55 V _   0.009 0.110 0.001 0.050 0.012 0.017 0.132 0.669 
  56 K _   0.009 0.109 0.001 0.049 0.011 0.016 0.129 0.675 
  57 I _   0.009 0.103 0.001 0.044 0.010 0.015 0.128 0.690 
  58 L _   0.008 0.092 0.001 0.036 0.009 0.013 0.127 0.714 
  59 D _   0.008 0.075 0.001 0.027 0.007 0.012 0.126 0.745 
  60 P _   0.008 0.055 0.001 0.018 0.005 0.011 0.126 0.777 
  61 V _   0.007 0.037 0.001 0.011 0.004 0.009 0.125 0.805 
  62 S _   0.007 0.025 0.000 0.007 0.003 0.009 0.124 0.825 
  63 D _   0.006 0.018 0.000 0.005 0.002 0.009 0.123 0.837 
  64 M _   0.007 0.016 0.000 0.004 0.002 0.009 0.121 0.841 
  65 D _   0.007 0.015 0.000 0.004 0.002 0.011 0.119 0.841 
  66 E _   0.009 0.017 0.000 0.005 0.003 0.013 0.116 0.836 
  67 E _   0.011 0.021 0.001 0.009 0.005 0.017 0.112 0.826 
  68 I _   0.013 0.029 0.001 0.014 0.008 0.021 0.107 0.807 
  69 E _   0.015 0.041 0.001 0.023 0.011 0.025 0.102 0.782 
  70 A _   0.017 0.055 0.001 0.032 0.015 0.028 0.096 0.755 
  71 E _   0.018 0.067 0.001 0.042 0.018 0.030 0.091 0.732 
  72 Y _   0.019 0.074 0.001 0.049 0.020 0.031 0.087 0.719 
  73 N _   0.019 0.078 0.001 0.052 0.021 0.031 0.084 0.714 
  74 I _   0.020 0.078 0.002 0.052 0.020 0.030 0.082 0.718 
  75 L _   0.019 0.074 0.001 0.047 0.018 0.028 0.080 0.732 
  76 Q _   0.019 0.066 0.001 0.038 0.016 0.025 0.079 0.756 
  77 F _   0.018 0.053 0.001 0.029 0.013 0.023 0.078 0.785 
  78 L _   0.017 0.038 0.001 0.019 0.010 0.021 0.077 0.817 
  79 P _   0.016 0.024 0.001 0.012 0.007 0.019 0.076 0.845 
  80 N _   0.015 0.015 0.001 0.008 0.005 0.018 0.075 0.863 
  81 H _   0.015 0.011 0.000 0.005 0.004 0.018 0.073 0.873 
  82 P _   0.016 0.009 0.000 0.005 0.005 0.019 0.072 0.874 
  83 N _   0.018 0.009 0.001 0.006 0.006 0.020 0.070 0.870 
  84 V _   0.020 0.010 0.001 0.010 0.008 0.022 0.068 0.861 
  85 V _   0.023 0.013 0.001 0.015 0.010 0.025 0.066 0.847 
  86 K _   0.024 0.016 0.001 0.022 0.013 0.026 0.063 0.834 
  87 F _   0.025 0.018 0.001 0.028 0.015 0.027 0.061 0.826 
  88 Y _   0.024 0.019 0.001 0.030 0.015 0.026 0.059 0.825 
  89 G _   0.023 0.018 0.001 0.030 0.014 0.025 0.058 0.831 
  90 M _   0.022 0.016 0.001 0.025 0.012 0.023 0.056 0.843 
  91 F _   0.021 0.012 0.001 0.019 0.010 0.021 0.055 0.861 
  92 Y _   0.021 0.008 0.001 0.013 0.007 0.020 0.054 0.878 
  93 K _   0.021 0.004 0.001 0.007 0.005 0.018 0.052 0.891 
  94 A _   0.024 0.001 0.000 0.004 0.004 0.018 0.050 0.897 
  95 D _   0.030 0.001 0.000 0.003 0.004 0.019 0.049 0.895 
  96 H _   0.040 0.000 0.000 0.002 0.004 0.021 0.047 0.886 
  97 C _   0.056 0.000 0.001 0.002 0.005 0.025 0.044 0.867 
  98 V _   0.080 0.000 0.001 0.003 0.009 0.032 0.041 0.835 
  99 G _   0.110 0.000 0.001 0.004 0.014 0.040 0.039 0.793 
 100 G _   0.143 0.001 0.001 0.006 0.022 0.048 0.036 0.743 
 101 Q _   0.174 0.002 0.002 0.010 0.031 0.055 0.033 0.694 
 102 L _   0.199 0.003 0.002 0.014 0.039 0.060 0.030 0.652 
 103 W _   0.217 0.004 0.002 0.017 0.045 0.063 0.028 0.623 
 104 L _   0.230 0.005 0.002 0.019 0.047 0.063 0.027 0.607 
 105 V _   0.235 0.005 0.002 0.019 0.045 0.061 0.026 0.608 
 106 L _   0.234 0.004 0.002 0.016 0.040 0.057 0.025 0.621 
 107 E _   0.226 0.003 0.002 0.013 0.034 0.053 0.024 0.645 
 108 L _   0.214 0.002 0.002 0.009 0.026 0.048 0.023 0.676 
 109 C _   0.200 0.001 0.001 0.005 0.020 0.044 0.023 0.706 
 110 N _   0.185 0.000 0.001 0.004 0.015 0.040 0.022 0.733 
 111 G _   0.171 0.000 0.001 0.003 0.012 0.038 0.022 0.754 
 112 G _   0.161 0.000 0.001 0.003 0.011 0.037 0.021 0.767 
 113 S _   0.153 0.000 0.001 0.004 0.011 0.037 0.021 0.774 
 114 V _   0.147 0.001 0.001 0.005 0.013 0.037 0.020 0.776 
 115 T _   0.141 0.002 0.001 0.009 0.015 0.037 0.020 0.776 
 116 E _   0.134 0.003 0.001 0.013 0.017 0.037 0.019 0.775 
 117 L _   0.126 0.004 0.001 0.017 0.019 0.037 0.019 0.778 
 118 V _   0.118 0.005 0.002 0.020 0.019 0.035 0.018 0.783 
 119 K _   0.109 0.005 0.001 0.021 0.018 0.032 0.018 0.795 
 120 G _   0.102 0.005 0.001 0.020 0.016 0.029 0.017 0.811 
 121 L _   0.096 0.004 0.001 0.016 0.013 0.025 0.017 0.828 
 122 L _   0.092 0.003 0.001 0.012 0.010 0.021 0.016 0.845 
 123 R _   0.092 0.001 0.001 0.007 0.007 0.018 0.015 0.858 
 124 C _   0.097 0.001 0.001 0.004 0.005 0.015 0.015 0.864 
 125 G _   0.107 0.000 0.000 0.002 0.004 0.013 0.014 0.860 
 126 Q _   0.126 0.000 0.000 0.001 0.004 0.012 0.012 0.844 
 127 R _   0.161 0.000 0.000 0.001 0.004 0.011 0.011 0.811 
 128 L _   0.216 0.000 0.001 0.001 0.005 0.012 0.010 0.756 
 129 D _   0.297 0.000 0.001 0.001 0.006 0.013 0.008 0.674 
 130 E _   0.400 0.000 0.001 0.001 0.008 0.014 0.007 0.569 
 131 A H   0.513 0.000 0.001 0.001 0.011 0.015 0.005 0.453 
 132 M H   0.622 0.000 0.001 0.001 0.015 0.016 0.004 0.341 
 133 I H   0.709 0.000 0.001 0.001 0.018 0.016 0.003 0.252 
 134 S H   0.772 0.000 0.001 0.001 0.020 0.015 0.003 0.188 
 135 Y H   0.811 0.000 0.001 0.001 0.021 0.014 0.003 0.148 
 136 I H   0.832 0.000 0.001 0.001 0.022 0.014 0.003 0.126 
 137 L H   0.838 0.000 0.001 0.001 0.023 0.013 0.003 0.120 
 138 Y H   0.831 0.000 0.001 0.002 0.024 0.013 0.004 0.125 
 139 G H   0.809 0.000 0.002 0.002 0.025 0.013 0.005 0.145 
 140 A H   0.769 0.000 0.002 0.002 0.024 0.013 0.006 0.183 
 141 L H   0.707 0.000 0.002 0.003 0.023 0.014 0.008 0.244 
 142 L H   0.620 0.000 0.002 0.003 0.020 0.014 0.012 0.329 
 143 G H   0.517 0.000 0.002 0.003 0.017 0.014 0.016 0.431 
 144 L _   0.405 0.000 0.001 0.003 0.013 0.014 0.021 0.543 
 145 Q _   0.300 0.000 0.001 0.003 0.010 0.013 0.025 0.648 
 146 H _   0.212 0.000 0.001 0.004 0.007 0.012 0.030 0.734 
 147 L _   0.144 0.000 0.001 0.004 0.006 0.011 0.034 0.800 
 148 H _   0.096 0.000 0.001 0.005 0.005 0.011 0.038 0.845 
 149 N _   0.064 0.000 0.001 0.005 0.004 0.010 0.041 0.875 
 150 N _   0.043 0.000 0.000 0.006 0.004 0.009 0.043 0.895 
 151 R _   0.030 0.000 0.000 0.006 0.003 0.009 0.045 0.907 
 152 I _   0.021 0.001 0.000 0.006 0.003 0.008 0.047 0.914 
 153 I _   0.015 0.001 0.000 0.006 0.003 0.008 0.048 0.920 
 154 H _   0.012 0.001 0.000 0.005 0.002 0.007 0.049 0.923 
 155 R _   0.010 0.001 0.000 0.005 0.002 0.007 0.049 0.925 
 156 D _   0.008 0.001 0.000 0.004 0.002 0.008 0.050 0.927 
 157 V _   0.008 0.001 0.000 0.004 0.002 0.009 0.050 0.926 
 158 K _   0.009 0.001 0.000 0.004 0.003 0.010 0.050 0.923 
 159 G _   0.010 0.002 0.000 0.005 0.003 0.013 0.049 0.917 
 160 N _   0.012 0.004 0.000 0.006 0.005 0.016 0.049 0.907 
 161 N _   0.015 0.008 0.001 0.009 0.006 0.020 0.048 0.893 
 162 I _   0.018 0.014 0.001 0.013 0.009 0.024 0.048 0.874 
 163 L _   0.022 0.021 0.001 0.018 0.012 0.028 0.047 0.851 
 164 L _   0.025 0.028 0.001 0.022 0.015 0.032 0.046 0.831 
 165 T _   0.027 0.034 0.001 0.025 0.017 0.035 0.046 0.814 
 166 T _   0.029 0.039 0.001 0.027 0.019 0.037 0.045 0.803 
 167 E _   0.031 0.042 0.001 0.027 0.020 0.039 0.045 0.795 
 168 G _   0.033 0.044 0.001 0.025 0.020 0.040 0.045 0.792 
 169 G _   0.035 0.045 0.001 0.023 0.019 0.040 0.045 0.791 
 170 V _   0.038 0.045 0.001 0.020 0.019 0.041 0.046 0.791 
 171 K _   0.040 0.045 0.001 0.018 0.018 0.041 0.046 0.791 
 172 L _   0.041 0.045 0.001 0.017 0.018 0.041 0.047 0.791 
 173 V _   0.042 0.045 0.001 0.017 0.018 0.041 0.047 0.790 
 174 D _   0.042 0.045 0.001 0.017 0.018 0.040 0.048 0.788 
 175 F _   0.042 0.046 0.001 0.019 0.018 0.039 0.049 0.786 
 176 G _   0.041 0.047 0.001 0.021 0.018 0.038 0.050 0.784 
 177 V _   0.040 0.048 0.001 0.023 0.018 0.037 0.051 0.783 
 178 S _   0.038 0.047 0.001 0.024 0.017 0.035 0.052 0.786 
 179 A _   0.036 0.046 0.001 0.024 0.016 0.033 0.054 0.791 
 180 Q _   0.033 0.043 0.001 0.023 0.015 0.030 0.055 0.800 
 181 L _   0.029 0.039 0.001 0.021 0.013 0.027 0.057 0.813 
 182 T _   0.026 0.033 0.001 0.018 0.011 0.025 0.059 0.827 
 183 S _   0.023 0.028 0.001 0.015 0.009 0.022 0.060 0.842 
 184 T _   0.020 0.022 0.001 0.012 0.007 0.020 0.062 0.856 
 185 R _   0.018 0.017 0.001 0.009 0.006 0.018 0.063 0.868 
 186 L _   0.017 0.013 0.001 0.007 0.005 0.017 0.065 0.877 
 187 R _   0.016 0.011 0.000 0.006 0.004 0.016 0.066 0.881 
 188 R _   0.015 0.010 0.000 0.005 0.004 0.016 0.067 0.883 
 189 N _   0.016 0.010 0.000 0.005 0.004 0.017 0.067 0.881 
 190 T _   0.017 0.011 0.001 0.005 0.005 0.019 0.068 0.875 
 191 S _   0.020 0.013 0.001 0.006 0.006 0.021 0.068 0.864 
 192 V _   0.023 0.019 0.001 0.009 0.008 0.025 0.068 0.848 
 193 G _   0.027 0.028 0.001 0.012 0.011 0.028 0.068 0.825 
 194 T _   0.031 0.041 0.001 0.015 0.014 0.032 0.068 0.797 
 195 P _   0.035 0.057 0.001 0.020 0.018 0.035 0.068 0.765 
 196 F _   0.037 0.075 0.002 0.025 0.022 0.038 0.068 0.734 
 197 W _   0.038 0.093 0.002 0.030 0.024 0.040 0.068 0.705 
 198 M _   0.038 0.109 0.002 0.035 0.026 0.040 0.069 0.680 
 199 A _   0.037 0.122 0.002 0.040 0.027 0.040 0.070 0.662 
 200 P _   0.037 0.131 0.002 0.045 0.027 0.039 0.071 0.649 
 201 E _   0.034 0.137 0.002 0.048 0.026 0.037 0.073 0.643 
 202 V _   0.032 0.138 0.002 0.050 0.024 0.034 0.075 0.644 
 203 I _   0.030 0.136 0.002 0.050 0.022 0.031 0.078 0.651 
 204 A _   0.027 0.129 0.001 0.047 0.018 0.028 0.082 0.667 
 205 C _   0.023 0.117 0.001 0.041 0.015 0.024 0.087 0.691 
 206 E _   0.020 0.098 0.001 0.034 0.012 0.020 0.091 0.723 
 207 Q _   0.017 0.074 0.001 0.025 0.009 0.017 0.096 0.761 
 208 Q _   0.014 0.049 0.001 0.017 0.006 0.014 0.101 0.799 
 209 Y _   0.011 0.028 0.001 0.011 0.004 0.011 0.104 0.831 
 210 D _   0.009 0.014 0.000 0.006 0.003 0.009 0.107 0.853 
 211 S _   0.007 0.007 0.000 0.003 0.002 0.008 0.108 0.864 
 212 S _   0.007 0.004 0.000 0.002 0.001 0.008 0.109 0.868 
 213 Y _   0.007 0.004 0.000 0.002 0.001 0.009 0.109 0.867 
 214 D _   0.010 0.004 0.000 0.002 0.002 0.012 0.109 0.861 
 215 A _   0.014 0.007 0.000 0.004 0.004 0.017 0.108 0.846 
 216 R _   0.022 0.016 0.001 0.007 0.008 0.025 0.106 0.816 
 217 C _   0.031 0.043 0.001 0.014 0.016 0.034 0.103 0.759 
 218 D _   0.039 0.101 0.002 0.025 0.026 0.042 0.098 0.666 
 219 V _   0.044 0.188 0.003 0.039 0.037 0.048 0.094 0.547 
 220 W _   0.045 0.274 0.003 0.053 0.042 0.049 0.090 0.443 
 221 S _   0.045 0.335 0.003 0.066 0.043 0.048 0.087 0.373 
 222 L E   0.044 0.370 0.002 0.075 0.043 0.046 0.086 0.333 
 223 G E   0.043 0.388 0.002 0.080 0.041 0.044 0.087 0.315 
 224 I E   0.042 0.392 0.002 0.082 0.038 0.041 0.089 0.314 
 225 T E   0.040 0.386 0.002 0.078 0.034 0.037 0.092 0.330 
 226 A _   0.037 0.365 0.002 0.070 0.030 0.033 0.097 0.365 
 227 I _   0.035 0.322 0.002 0.059 0.025 0.028 0.104 0.425 
 228 E _   0.031 0.253 0.002 0.045 0.019 0.024 0.113 0.512 
 229 L _   0.028 0.168 0.002 0.031 0.014 0.020 0.122 0.615 
 230 G _   0.023 0.095 0.001 0.019 0.009 0.016 0.131 0.706 
 231 D _   0.017 0.047 0.001 0.010 0.005 0.013 0.137 0.770 
 232 G _   0.013 0.024 0.000 0.006 0.003 0.010 0.141 0.803 
 233 D _   0.009 0.015 0.000 0.003 0.002 0.008 0.143 0.819 
 234 P _   0.008 0.012 0.000 0.003 0.001 0.007 0.144 0.824 
 235 P _   0.007 0.012 0.000 0.003 0.001 0.008 0.145 0.825 
 236 L _   0.007 0.013 0.000 0.004 0.002 0.009 0.145 0.821 
 237 F _   0.008 0.016 0.000 0.007 0.003 0.010 0.144 0.812 
 238 D _   0.008 0.024 0.000 0.012 0.004 0.013 0.142 0.797 
 239 M _   0.009 0.036 0.001 0.019 0.006 0.015 0.139 0.775 
 240 H _   0.009 0.051 0.001 0.028 0.008 0.016 0.137 0.751 
 241 P _   0.010 0.064 0.001 0.036 0.009 0.017 0.134 0.728 
 242 V _   0.009 0.073 0.001 0.043 0.010 0.018 0.133 0.712 
 243 K _   0.010 0.078 0.001 0.047 0.011 0.018 0.132 0.704 
 244 T _   0.009 0.080 0.001 0.047 0.010 0.017 0.132 0.704 
 245 L _   0.009 0.078 0.001 0.044 0.010 0.015 0.133 0.710 
 246 F _   0.009 0.072 0.001 0.038 0.008 0.014 0.135 0.724 
 247 K _   0.008 0.062 0.001 0.030 0.007 0.012 0.137 0.743 
 248 I _   0.008 0.050 0.001 0.022 0.005 0.010 0.140 0.765 
 249 P _   0.007 0.037 0.001 0.014 0.004 0.009 0.142 0.787 
 250 R _   0.006 0.026 0.000 0.009 0.003 0.007 0.144 0.805 
 251 N _   0.006 0.019 0.000 0.006 0.002 0.006 0.145 0.816 
 252 P _   0.005 0.015 0.000 0.004 0.002 0.006 0.145 0.823 
 253 P _   0.005 0.014 0.000 0.003 0.001 0.006 0.145 0.825 
 254 P _   0.005 0.014 0.000 0.004 0.002 0.007 0.144 0.825 
 255 T _   0.005 0.016 0.000 0.004 0.002 0.008 0.142 0.822 
 256 L _   0.006 0.020 0.000 0.006 0.003 0.010 0.140 0.815 
 257 L _   0.007 0.027 0.000 0.009 0.004 0.012 0.137 0.804 
 258 H _   0.008 0.039 0.001 0.012 0.005 0.015 0.133 0.789 
 259 P _   0.008 0.053 0.001 0.015 0.006 0.017 0.128 0.771 
 260 E _   0.009 0.068 0.001 0.018 0.008 0.020 0.123 0.753 
 261 K _   0.010 0.083 0.001 0.020 0.009 0.022 0.119 0.735 
 262 W _   0.011 0.097 0.001 0.022 0.010 0.025 0.114 0.719 
 263 C _   0.013 0.110 0.001 0.023 0.012 0.027 0.110 0.704 
 264 E _   0.015 0.122 0.001 0.024 0.014 0.030 0.106 0.689 
 265 E _   0.017 0.132 0.001 0.024 0.016 0.032 0.103 0.674 
 266 F _   0.020 0.143 0.001 0.026 0.019 0.035 0.100 0.657 
 267 N _   0.023 0.153 0.001 0.028 0.021 0.037 0.097 0.639 
 268 H _   0.027 0.161 0.002 0.031 0.023 0.039 0.095 0.623 
 269 F _   0.030 0.168 0.002 0.033 0.025 0.039 0.093 0.611 
 270 I _   0.032 0.172 0.002 0.036 0.026 0.039 0.092 0.602 
 271 S _   0.034 0.173 0.002 0.038 0.026 0.038 0.091 0.599 
 272 Q _   0.034 0.170 0.002 0.038 0.025 0.037 0.091 0.604 
 273 C _   0.034 0.163 0.002 0.037 0.023 0.034 0.091 0.617 
 274 L _   0.033 0.150 0.002 0.033 0.020 0.031 0.092 0.638 
 275 I _   0.032 0.133 0.002 0.029 0.017 0.029 0.093 0.665 
 276 K _   0.030 0.110 0.001 0.024 0.015 0.026 0.095 0.698 
 277 D _   0.027 0.085 0.001 0.020 0.012 0.023 0.097 0.734 
 278 F _   0.024 0.062 0.001 0.015 0.010 0.021 0.099 0.768 
 279 E _   0.021 0.043 0.001 0.012 0.008 0.018 0.100 0.797 
 280 R _   0.019 0.029 0.001 0.009 0.006 0.016 0.102 0.818 
 281 R _   0.016 0.021 0.001 0.007 0.005 0.015 0.103 0.833 
 282 P _   0.014 0.015 0.000 0.006 0.004 0.013 0.103 0.843 
 283 S _   0.013 0.012 0.000 0.006 0.004 0.013 0.104 0.848 
 284 V _   0.012 0.011 0.000 0.006 0.004 0.012 0.104 0.851 
 285 T _   0.012 0.010 0.000 0.006 0.004 0.012 0.104 0.852 
 286 H _   0.012 0.010 0.000 0.006 0.004 0.013 0.103 0.852 
 287 L _   0.012 0.010 0.000 0.007 0.004 0.013 0.102 0.851 
 288 L _   0.013 0.011 0.001 0.007 0.005 0.014 0.102 0.848 
 289 D _   0.013 0.012 0.001 0.008 0.005 0.015 0.101 0.845 
 290 H _   0.014 0.014 0.001 0.008 0.006 0.017 0.100 0.841 
 291 P _   0.016 0.016 0.001 0.009 0.007 0.018 0.099 0.834 
 292 F _   0.018 0.020 0.001 0.010 0.007 0.020 0.098 0.826 
 293 I _   0.020 0.024 0.001 0.011 0.009 0.022 0.097 0.816 
 294 K _   0.022 0.030 0.001 0.012 0.010 0.025 0.096 0.804 
 295 G _   0.024 0.038 0.001 0.014 0.012 0.027 0.095 0.789 
 296 V _   0.026 0.047 0.001 0.017 0.014 0.029 0.094 0.773 
 297 H _   0.027 0.057 0.001 0.019 0.015 0.030 0.094 0.756 
 298 G _   0.028 0.066 0.001 0.023 0.017 0.031 0.093 0.741 
 299 K _   0.029 0.075 0.001 0.026 0.018 0.031 0.093 0.727 
 300 V _   0.029 0.082 0.001 0.029 0.018 0.031 0.093 0.717 
 301 L _   0.028 0.087 0.001 0.031 0.018 0.030 0.094 0.711 
 302 F _   0.027 0.090 0.001 0.032 0.017 0.029 0.095 0.709 
 303 L _   0.025 0.090 0.001 0.033 0.016 0.027 0.096 0.712 
 304 Q _   0.023 0.089 0.001 0.032 0.014 0.025 0.098 0.718 
 305 K _   0.021 0.085 0.001 0.031 0.012 0.022 0.100 0.727 
 306 Q _   0.019 0.078 0.001 0.028 0.011 0.020 0.103 0.740 
 307 L _   0.017 0.070 0.001 0.024 0.009 0.017 0.106 0.756 
 308 A _   0.016 0.059 0.001 0.021 0.007 0.015 0.109 0.774 
 309 K _   0.014 0.047 0.001 0.016 0.006 0.013 0.112 0.792 
 310 V _   0.013 0.036 0.001 0.013 0.004 0.011 0.114 0.809 
 311 L _   0.011 0.026 0.000 0.010 0.003 0.009 0.117 0.823 
 312 Q _   0.010 0.018 0.000 0.007 0.003 0.008 0.119 0.835 
 313 D _   0.008 0.013 0.000 0.005 0.002 0.007 0.120 0.843 
 314 Q _   0.008 0.010 0.000 0.004 0.002 0.006 0.121 0.848 
 315 K _   0.007 0.009 0.000 0.004 0.002 0.006 0.121 0.851 
 316 H _   0.007 0.008 0.000 0.004 0.002 0.006 0.121 0.852 
 317 Q _   0.007 0.008 0.000 0.004 0.002 0.007 0.120 0.851 
 318 N _   0.007 0.010 0.000 0.006 0.002 0.008 0.119 0.848 
 319 P _   0.007 0.012 0.000 0.007 0.003 0.009 0.118 0.843 
 320 V _   0.008 0.016 0.000 0.010 0.004 0.010 0.116 0.836 
 321 A _   0.008 0.021 0.001 0.014 0.005 0.012 0.114 0.826 
 322 K _   0.008 0.026 0.001 0.018 0.006 0.013 0.111 0.817 
 323 T _   0.009 0.031 0.001 0.022 0.007 0.014 0.109 0.807 
 324 R _   0.009 0.035 0.001 0.026 0.008 0.014 0.107 0.800 
 325 H _   0.009 0.037 0.001 0.028 0.008 0.014 0.106 0.797 
 326 E _   0.009 0.038 0.001 0.028 0.008 0.014 0.105 0.797 
 327 R _   0.009 0.038 0.001 0.027 0.008 0.013 0.104 0.800 
 328 M _   0.009 0.036 0.001 0.025 0.007 0.012 0.104 0.807 
 329 H _   0.009 0.032 0.001 0.021 0.006 0.011 0.104 0.817 
 330 T _   0.008 0.028 0.001 0.017 0.005 0.010 0.104 0.828 
 331 R _   0.007 0.023 0.000 0.013 0.004 0.009 0.104 0.839 
 332 R _   0.007 0.018 0.000 0.010 0.003 0.008 0.104 0.848 
 333 P _   0.006 0.015 0.000 0.008 0.003 0.007 0.104 0.856 
 334 Y _   0.006 0.012 0.000 0.007 0.002 0.007 0.104 0.862 
 335 H _   0.006 0.011 0.000 0.006 0.002 0.006 0.103 0.866 
 336 V _   0.005 0.010 0.000 0.006 0.002 0.006 0.101 0.868 
 337 E _   0.005 0.009 0.000 0.007 0.002 0.007 0.100 0.869 
 338 D _   0.005 0.010 0.000 0.007 0.002 0.007 0.098 0.870 
 339 A _   0.006 0.010 0.000 0.009 0.003 0.007 0.096 0.869 
 340 E _   0.006 0.011 0.000 0.010 0.003 0.008 0.094 0.869 
 341 K _   0.006 0.012 0.000 0.011 0.003 0.008 0.091 0.869 
 342 Y _   0.005 0.013 0.000 0.012 0.004 0.009 0.089 0.869 
 343 C _   0.005 0.014 0.000 0.012 0.004 0.009 0.086 0.870 
 344 L _   0.005 0.014 0.000 0.013 0.004 0.009 0.084 0.870 
 345 E _   0.006 0.015 0.000 0.013 0.004 0.009 0.081 0.872 
 346 D _   0.006 0.015 0.000 0.013 0.004 0.010 0.079 0.873 
 347 D _   0.006 0.016 0.001 0.013 0.004 0.010 0.077 0.873 
 348 L _   0.007 0.016 0.001 0.013 0.004 0.011 0.075 0.874 
 349 V _   0.007 0.016 0.001 0.013 0.005 0.011 0.073 0.875 
 350 N _   0.008 0.016 0.001 0.013 0.005 0.012 0.071 0.876 
 351 L _   0.008 0.016 0.001 0.013 0.005 0.012 0.069 0.876 
 352 E _   0.009 0.016 0.001 0.013 0.005 0.013 0.067 0.876 
 353 V _   0.010 0.016 0.001 0.014 0.006 0.014 0.065 0.876 
 354 L _   0.010 0.015 0.001 0.014 0.006 0.015 0.064 0.875 
 355 D _   0.011 0.015 0.001 0.015 0.007 0.016 0.062 0.874 
 356 E _   0.012 0.015 0.001 0.016 0.007 0.017 0.061 0.872 
 357 D _   0.013 0.014 0.001 0.017 0.008 0.017 0.059 0.870 
 358 T _   0.015 0.014 0.001 0.017 0.008 0.018 0.058 0.870 
 359 I _   0.016 0.012 0.001 0.017 0.008 0.018 0.057 0.870 
 360 I _   0.017 0.011 0.001 0.016 0.008 0.019 0.056 0.872 
 361 H _   0.019 0.009 0.001 0.014 0.007 0.019 0.055 0.876 
 362 Q _   0.022 0.006 0.001 0.012 0.006 0.019 0.054 0.880 
 363 L _   0.026 0.004 0.001 0.009 0.006 0.019 0.053 0.883 
 364 Q _   0.033 0.002 0.001 0.006 0.005 0.020 0.051 0.882 
 365 K _   0.043 0.001 0.001 0.004 0.005 0.021 0.050 0.876 
 366 R _   0.058 0.000 0.001 0.003 0.005 0.024 0.048 0.861 
 367 Y _   0.081 0.000 0.001 0.003 0.007 0.028 0.046 0.836 
 368 A _   0.112 0.000 0.001 0.003 0.009 0.033 0.044 0.799 
 369 D _   0.150 0.000 0.001 0.003 0.013 0.039 0.042 0.752 
 370 L _   0.194 0.000 0.001 0.004 0.019 0.045 0.040 0.696 
 371 L _   0.238 0.001 0.002 0.006 0.026 0.051 0.038 0.639 
 372 I _   0.277 0.001 0.002 0.007 0.034 0.056 0.037 0.586 
 373 Y _   0.308 0.002 0.002 0.009 0.041 0.060 0.035 0.544 
 374 T _   0.330 0.002 0.002 0.010 0.046 0.061 0.035 0.513 
 375 Y _   0.344 0.003 0.002 0.011 0.048 0.061 0.035 0.495 
 376 V _   0.350 0.004 0.002 0.012 0.049 0.060 0.035 0.488 
 377 G _   0.347 0.004 0.002 0.013 0.048 0.058 0.035 0.492 
 378 D _   0.337 0.004 0.002 0.013 0.046 0.056 0.036 0.505 
 379 I _   0.319 0.004 0.002 0.014 0.042 0.052 0.038 0.528 
 380 L _   0.294 0.004 0.002 0.014 0.036 0.049 0.040 0.562 
 381 I _   0.262 0.004 0.002 0.013 0.031 0.044 0.042 0.602 
 382 A _   0.224 0.004 0.002 0.013 0.025 0.040 0.045 0.649 
 383 L _   0.184 0.003 0.002 0.012 0.019 0.035 0.047 0.698 
 384 N _   0.146 0.003 0.001 0.011 0.015 0.030 0.049 0.745 
 385 P _   0.112 0.002 0.001 0.010 0.011 0.026 0.052 0.786 
 386 F _   0.085 0.002 0.001 0.008 0.008 0.022 0.053 0.820 
 387 Q _   0.063 0.002 0.001 0.008 0.007 0.020 0.055 0.846 
 388 N _   0.047 0.002 0.001 0.007 0.005 0.017 0.056 0.865 
 389 L _   0.036 0.002 0.001 0.006 0.005 0.016 0.057 0.878 
 390 S _   0.028 0.002 0.000 0.006 0.004 0.014 0.058 0.887 
 391 I _   0.022 0.003 0.000 0.006 0.004 0.014 0.058 0.893 
 392 Y _   0.018 0.004 0.000 0.007 0.004 0.013 0.058 0.895 
 393 S _   0.016 0.006 0.001 0.008 0.004 0.014 0.058 0.893 
 394 P _   0.014 0.009 0.001 0.010 0.005 0.014 0.058 0.889 
 395 Q _   0.014 0.013 0.001 0.013 0.006 0.015 0.058 0.881 
 396 F _   0.013 0.018 0.001 0.017 0.007 0.015 0.057 0.872 
 397 S _   0.013 0.023 0.001 0.021 0.008 0.016 0.057 0.862 
 398 R _   0.012 0.027 0.001 0.025 0.009 0.016 0.057 0.854 
 399 L _   0.012 0.030 0.001 0.027 0.009 0.015 0.057 0.849 
 400 Y _   0.011 0.031 0.001 0.028 0.009 0.015 0.057 0.849 
 401 H _   0.010 0.031 0.001 0.027 0.008 0.013 0.057 0.853 
 402 G _   0.009 0.030 0.001 0.024 0.007 0.012 0.058 0.859 
 403 V _   0.009 0.027 0.001 0.019 0.006 0.011 0.059 0.869 
 404 K _   0.008 0.024 0.001 0.015 0.004 0.009 0.060 0.880 
 405 R _   0.007 0.020 0.000 0.011 0.003 0.008 0.061 0.889 
 406 A _   0.006 0.018 0.000 0.008 0.003 0.008 0.061 0.897 
 407 S _   0.006 0.016 0.000 0.006 0.002 0.007 0.061 0.901 
 408 N _   0.005 0.015 0.000 0.005 0.002 0.007 0.061 0.903 
 409 P _   0.006 0.016 0.000 0.005 0.002 0.008 0.061 0.902 
 410 P _   0.006 0.018 0.000 0.005 0.003 0.010 0.061 0.897 
 411 H _   0.008 0.022 0.000 0.007 0.003 0.012 0.060 0.888 
 412 I _   0.009 0.031 0.001 0.009 0.005 0.015 0.058 0.873 
 413 F _   0.011 0.044 0.001 0.013 0.007 0.018 0.056 0.850 
 414 A _   0.013 0.062 0.001 0.018 0.009 0.022 0.054 0.821 
 415 S _   0.014 0.085 0.001 0.023 0.013 0.025 0.052 0.786 
 416 A _   0.016 0.110 0.001 0.030 0.016 0.028 0.050 0.749 
 417 D _   0.017 0.131 0.002 0.036 0.019 0.031 0.048 0.716 
 418 A _   0.019 0.149 0.002 0.042 0.021 0.033 0.046 0.689 
 419 A _   0.020 0.160 0.002 0.046 0.023 0.034 0.045 0.671 
 420 Y _   0.022 0.166 0.002 0.048 0.023 0.033 0.045 0.663 
 421 Q _   0.022 0.166 0.002 0.046 0.022 0.033 0.045 0.665 
 422 C _   0.022 0.162 0.001 0.042 0.020 0.031 0.045 0.677 
 423 M _   0.022 0.153 0.001 0.035 0.018 0.029 0.045 0.696 
 424 V _   0.021 0.140 0.001 0.028 0.015 0.027 0.046 0.720 
 425 T _   0.021 0.125 0.001 0.022 0.013 0.026 0.047 0.746 
 426 L _   0.020 0.110 0.001 0.017 0.011 0.024 0.048 0.769 
 427 S _   0.019 0.099 0.001 0.015 0.010 0.023 0.049 0.785 
 428 K _   0.019 0.092 0.001 0.014 0.009 0.022 0.049 0.794 
 429 D _   0.018 0.087 0.001 0.015 0.009 0.022 0.050 0.798 
 430 Q _   0.018 0.084 0.001 0.018 0.009 0.021 0.051 0.798 
 431 C _   0.017 0.082 0.001 0.021 0.010 0.020 0.052 0.797 
 432 I _   0.017 0.079 0.001 0.024 0.010 0.020 0.053 0.797 
 433 V _   0.016 0.075 0.001 0.026 0.010 0.018 0.054 0.800 
 434 I _   0.015 0.069 0.001 0.026 0.009 0.017 0.056 0.808 
 435 S _   0.013 0.060 0.001 0.023 0.008 0.015 0.057 0.822 
 436 G _   0.012 0.047 0.001 0.019 0.007 0.014 0.059 0.841 
 437 E _   0.011 0.032 0.001 0.014 0.005 0.012 0.060 0.864 
 438 S _   0.010 0.019 0.001 0.009 0.004 0.011 0.062 0.884 
 439 G _   0.010 0.009 0.000 0.006 0.003 0.011 0.063 0.899 
 440 S _   0.010 0.004 0.000 0.003 0.002 0.011 0.063 0.905 
 441 G _   0.013 0.002 0.000 0.002 0.002 0.013 0.063 0.905 
 442 K _   0.018 0.002 0.000 0.002 0.003 0.016 0.063 0.897 
 443 T _   0.027 0.002 0.000 0.003 0.004 0.022 0.062 0.879 
 444 E _   0.042 0.004 0.001 0.004 0.008 0.031 0.061 0.849 
 445 S _   0.061 0.011 0.001 0.007 0.016 0.042 0.060 0.802 
 446 A _   0.082 0.030 0.002 0.014 0.028 0.053 0.058 0.732 
 447 H _   0.100 0.064 0.003 0.024 0.043 0.062 0.056 0.649 
 448 L _   0.112 0.106 0.003 0.036 0.054 0.068 0.054 0.568 
 449 I _   0.120 0.142 0.003 0.048 0.061 0.070 0.053 0.504 
 450 V _   0.123 0.166 0.003 0.058 0.063 0.068 0.052 0.467 
 451 Q _   0.121 0.177 0.003 0.064 0.062 0.065 0.053 0.454 
 452 H _   0.117 0.180 0.003 0.066 0.058 0.061 0.055 0.461 
 453 L _   0.108 0.174 0.003 0.063 0.052 0.055 0.057 0.488 
 454 T _   0.097 0.159 0.003 0.055 0.043 0.048 0.060 0.535 
 455 F _   0.083 0.131 0.003 0.043 0.033 0.040 0.064 0.604 
 456 L _   0.067 0.090 0.002 0.030 0.023 0.033 0.068 0.687 
 457 G _   0.052 0.050 0.002 0.018 0.014 0.026 0.072 0.767 
 458 K _   0.039 0.023 0.001 0.010 0.008 0.021 0.074 0.825 
 459 A _   0.028 0.009 0.001 0.005 0.004 0.016 0.076 0.860 
 460 N _   0.021 0.004 0.000 0.003 0.003 0.014 0.077 0.879 
 461 N _   0.017 0.002 0.000 0.002 0.002 0.013 0.077 0.886 
 462 Q _   0.015 0.002 0.000 0.002 0.002 0.013 0.077 0.888 
 463 T _   0.016 0.002 0.000 0.003 0.003 0.015 0.077 0.884 
 464 L _   0.018 0.004 0.000 0.004 0.004 0.018 0.076 0.875 
 465 R _   0.021 0.007 0.001 0.006 0.006 0.023 0.075 0.861 
 466 E _   0.026 0.015 0.001 0.009 0.009 0.028 0.074 0.839 
 467 K _   0.030 0.027 0.001 0.013 0.012 0.033 0.072 0.811 
 468 I _   0.035 0.045 0.001 0.017 0.017 0.038 0.070 0.776 
 469 L _   0.040 0.066 0.002 0.022 0.022 0.043 0.068 0.737 
 470 Q _   0.045 0.090 0.002 0.026 0.027 0.046 0.066 0.698 
 471 V _   0.048 0.113 0.002 0.032 0.031 0.049 0.065 0.660 
 472 N _   0.051 0.134 0.002 0.037 0.035 0.050 0.063 0.628 
 473 S _   0.052 0.151 0.002 0.041 0.037 0.050 0.063 0.605 
 474 L _   0.052 0.163 0.002 0.045 0.036 0.048 0.063 0.590 
 475 V _   0.051 0.170 0.002 0.048 0.035 0.046 0.063 0.585 
 476 E _   0.049 0.174 0.002 0.050 0.032 0.042 0.064 0.587 
 477 A _   0.045 0.172 0.002 0.050 0.029 0.039 0.065 0.599 
 478 F _   0.040 0.166 0.002 0.047 0.024 0.034 0.067 0.619 
 479 G _   0.035 0.154 0.002 0.043 0.020 0.030 0.070 0.646 
 480 N _   0.030 0.136 0.001 0.037 0.016 0.026 0.073 0.680 
 481 S _   0.025 0.113 0.001 0.031 0.012 0.021 0.076 0.720 
 482 C _   0.021 0.085 0.001 0.024 0.009 0.018 0.079 0.763 
 483 T _   0.017 0.058 0.001 0.018 0.007 0.014 0.083 0.804 
 484 A _   0.013 0.035 0.001 0.012 0.004 0.012 0.085 0.838 
 485 I _   0.010 0.019 0.000 0.008 0.003 0.009 0.087 0.864 
 486 N _   0.008 0.009 0.000 0.005 0.002 0.008 0.088 0.880 
 487 D _   0.006 0.004 0.000 0.003 0.002 0.007 0.088 0.889 
 488 N _   0.006 0.002 0.000 0.003 0.001 0.008 0.088 0.893 
 489 S _   0.006 0.001 0.000 0.002 0.001 0.009 0.087 0.892 
 490 S _   0.008 0.001 0.000 0.003 0.002 0.012 0.086 0.888 
 491 R _   0.012 0.001 0.000 0.004 0.003 0.017 0.084 0.879 
 492 F _   0.017 0.002 0.001 0.007 0.005 0.023 0.082 0.863 
 493 G _   0.025 0.004 0.001 0.011 0.009 0.031 0.079 0.840 
 494 K _   0.035 0.006 0.001 0.016 0.015 0.041 0.076 0.810 
 495 Y _   0.047 0.009 0.001 0.021 0.021 0.049 0.073 0.777 
 496 L _   0.060 0.012 0.002 0.026 0.028 0.057 0.070 0.745 
 497 E _   0.074 0.013 0.002 0.028 0.034 0.063 0.068 0.718 
 498 M _   0.087 0.014 0.002 0.028 0.038 0.068 0.066 0.697 
 499 M _   0.100 0.014 0.002 0.026 0.041 0.071 0.064 0.682 
 500 F _   0.113 0.012 0.002 0.022 0.043 0.072 0.063 0.673 
 501 T _   0.124 0.010 0.002 0.018 0.043 0.072 0.062 0.668 
 502 P _   0.135 0.009 0.002 0.015 0.041 0.072 0.062 0.665 
 503 T _   0.143 0.007 0.002 0.013 0.039 0.070 0.062 0.664 
 504 G _   0.149 0.006 0.002 0.012 0.037 0.068 0.063 0.664 
 505 V _   0.153 0.006 0.002 0.011 0.034 0.066 0.064 0.665 
 506 V _   0.155 0.005 0.002 0.011 0.032 0.063 0.065 0.667 
 507 M _   0.153 0.005 0.002 0.012 0.030 0.060 0.066 0.672 
 508 G _   0.148 0.005 0.002 0.012 0.028 0.056 0.068 0.681 
 509 A _   0.140 0.005 0.002 0.013 0.026 0.052 0.070 0.693 
 510 R _   0.128 0.004 0.002 0.013 0.024 0.048 0.072 0.710 
 511 I _   0.114 0.004 0.001 0.012 0.021 0.044 0.074 0.729 
 512 S _   0.099 0.004 0.001 0.012 0.018 0.040 0.077 0.750 
 513 E _   0.085 0.003 0.001 0.011 0.015 0.036 0.079 0.770 
 514 Y _   0.071 0.003 0.001 0.010 0.013 0.032 0.082 0.788 
 515 L _   0.059 0.003 0.001 0.010 0.011 0.029 0.084 0.803 
 516 L _   0.049 0.003 0.001 0.010 0.009 0.026 0.087 0.815 
 517 E _   0.041 0.003 0.001 0.010 0.008 0.024 0.089 0.824 
 518 K _   0.034 0.003 0.001 0.010 0.008 0.022 0.091 0.830 
 519 S _   0.029 0.003 0.001 0.011 0.007 0.020 0.093 0.835 
 520 R _   0.025 0.003 0.001 0.012 0.007 0.019 0.096 0.838 
 521 V _   0.022 0.003 0.001 0.012 0.006 0.018 0.098 0.841 
 522 I _   0.019 0.003 0.001 0.011 0.006 0.017 0.100 0.843 
 523 K _   0.018 0.003 0.001 0.010 0.005 0.016 0.102 0.846 
 524 Q _   0.016 0.003 0.001 0.008 0.005 0.015 0.104 0.849 
 525 A _   0.016 0.002 0.000 0.006 0.004 0.015 0.106 0.851 
 526 A _   0.016 0.002 0.000 0.005 0.004 0.015 0.107 0.851 
 527 R _   0.017 0.002 0.000 0.004 0.004 0.017 0.108 0.848 
 528 E _   0.020 0.003 0.000 0.004 0.004 0.019 0.108 0.840 
 529 K _   0.025 0.005 0.001 0.005 0.006 0.023 0.109 0.826 
 530 N _   0.033 0.010 0.001 0.007 0.010 0.029 0.109 0.801 
 531 F _   0.041 0.023 0.001 0.012 0.016 0.035 0.110 0.763 
 532 H _   0.049 0.046 0.002 0.020 0.023 0.041 0.110 0.709 
 533 I _   0.054 0.080 0.002 0.032 0.030 0.045 0.110 0.646 
 534 F _   0.057 0.113 0.002 0.045 0.035 0.046 0.112 0.590 
 535 Y _   0.058 0.137 0.002 0.056 0.037 0.046 0.114 0.551 
 536 Y _   0.057 0.150 0.002 0.063 0.037 0.045 0.117 0.530 
 537 I _   0.055 0.155 0.002 0.065 0.034 0.042 0.121 0.526 
 538 Y _   0.051 0.154 0.002 0.062 0.030 0.038 0.127 0.535 
 539 A _   0.046 0.147 0.002 0.055 0.026 0.034 0.134 0.556 
 540 G _   0.041 0.132 0.002 0.046 0.020 0.029 0.143 0.587 
 541 L _   0.035 0.110 0.002 0.036 0.015 0.025 0.152 0.625 
 542 H _   0.030 0.084 0.001 0.027 0.011 0.021 0.161 0.665 
 543 H _   0.025 0.059 0.001 0.019 0.008 0.017 0.171 0.701 
 544 Q _   0.021 0.038 0.001 0.013 0.005 0.014 0.179 0.729 
 545 K _   0.017 0.025 0.000 0.009 0.004 0.011 0.185 0.748 
 546 K _   0.013 0.016 0.000 0.007 0.003 0.009 0.190 0.760 
 547 L _   0.011 0.011 0.000 0.006 0.002 0.008 0.194 0.767 
 548 S _   0.009 0.008 0.000 0.005 0.002 0.007 0.197 0.772 
 549 D _   0.008 0.006 0.000 0.005 0.002 0.006 0.199 0.774 
 550 F _   0.007 0.005 0.000 0.005 0.001 0.006 0.199 0.776 
 551 R _   0.006 0.005 0.000 0.005 0.001 0.005 0.199 0.778 
 552 L _   0.005 0.004 0.000 0.004 0.001 0.005 0.199 0.780 
 553 P _   0.005 0.004 0.000 0.004 0.001 0.005 0.197 0.783 
 554 E _   0.004 0.005 0.000 0.005 0.001 0.005 0.195 0.785 
 555 E _   0.004 0.006 0.000 0.005 0.001 0.005 0.191 0.787 
 556 K _   0.004 0.007 0.000 0.005 0.002 0.006 0.187 0.789 
 557 P _   0.004 0.010 0.000 0.006 0.002 0.007 0.181 0.790 
 558 P _   0.004 0.014 0.000 0.008 0.002 0.008 0.175 0.789 
 559 R _   0.005 0.021 0.000 0.010 0.003 0.009 0.167 0.784 
 560 Y _   0.005 0.031 0.001 0.014 0.004 0.011 0.158 0.776 
 561 I _   0.006 0.045 0.001 0.019 0.006 0.013 0.148 0.762 
 562 A _   0.006 0.061 0.001 0.026 0.007 0.015 0.138 0.746 
 563 D _   0.007 0.078 0.001 0.033 0.009 0.017 0.128 0.728 
 564 E _   0.007 0.092 0.001 0.040 0.010 0.018 0.119 0.712 
 565 T _   0.008 0.103 0.001 0.045 0.012 0.019 0.112 0.701 
 566 G _   0.008 0.109 0.001 0.050 0.013 0.020 0.105 0.694 
 567 R _   0.008 0.112 0.001 0.051 0.013 0.020 0.100 0.695 
 568 V _   0.008 0.111 0.001 0.050 0.012 0.019 0.096 0.702 
 569 M _   0.009 0.106 0.001 0.046 0.011 0.018 0.093 0.716 
 570 H _   0.009 0.097 0.001 0.039 0.010 0.017 0.090 0.736 
 571 D _   0.009 0.083 0.001 0.032 0.009 0.017 0.088 0.762 
 572 I _   0.009 0.065 0.001 0.025 0.008 0.016 0.086 0.791 
 573 T _   0.009 0.046 0.001 0.018 0.006 0.015 0.084 0.821 
 574 S _   0.010 0.028 0.001 0.012 0.005 0.015 0.082 0.846 
 575 K _   0.011 0.016 0.001 0.009 0.004 0.016 0.080 0.863 
 576 E _   0.013 0.009 0.000 0.006 0.004 0.016 0.078 0.873 
 577 S _   0.016 0.005 0.000 0.005 0.004 0.018 0.076 0.876 
 578 Y _   0.021 0.003 0.000 0.005 0.004 0.021 0.073 0.873 
 579 R _   0.029 0.002 0.001 0.005 0.005 0.025 0.070 0.864 
 580 R _   0.041 0.001 0.001 0.005 0.007 0.029 0.066 0.848 
 581 Q _   0.057 0.001 0.001 0.006 0.011 0.035 0.062 0.827 
 582 F _   0.076 0.002 0.001 0.007 0.015 0.041 0.058 0.800 
 583 E _   0.099 0.002 0.001 0.009 0.021 0.048 0.053 0.767 
 584 A _   0.122 0.003 0.002 0.010 0.028 0.053 0.049 0.732 
 585 I _   0.146 0.004 0.002 0.013 0.035 0.058 0.045 0.697 
 586 Q _   0.169 0.006 0.002 0.016 0.042 0.061 0.042 0.663 
 587 H _   0.188 0.008 0.002 0.019 0.046 0.062 0.039 0.636 
 588 C _   0.204 0.009 0.002 0.022 0.048 0.060 0.037 0.617 
 589 F _   0.214 0.010 0.002 0.024 0.046 0.057 0.035 0.611 
 590 R _   0.218 0.009 0.002 0.024 0.042 0.053 0.034 0.617 
 591 I _   0.218 0.008 0.002 0.021 0.036 0.047 0.032 0.634 
 592 I _   0.215 0.006 0.002 0.017 0.028 0.041 0.031 0.660 
 593 G _   0.208 0.004 0.002 0.011 0.020 0.034 0.030 0.690 
 594 F _   0.202 0.002 0.001 0.007 0.013 0.028 0.029 0.718 
 595 T _   0.198 0.000 0.001 0.003 0.008 0.023 0.028 0.739 
 596 D _   0.198 0.000 0.001 0.002 0.005 0.020 0.026 0.749 
 597 K _   0.207 0.000 0.000 0.001 0.004 0.017 0.025 0.745 
 598 E _   0.229 0.000 0.000 0.001 0.004 0.017 0.023 0.726 
 599 V _   0.268 0.000 0.001 0.001 0.005 0.018 0.021 0.686 
 600 H _   0.332 0.000 0.001 0.001 0.007 0.020 0.019 0.620 
 601 S _   0.412 0.000 0.001 0.001 0.011 0.023 0.017 0.534 
 602 V H   0.498 0.000 0.001 0.002 0.017 0.026 0.016 0.441 
 603 Y H   0.574 0.000 0.002 0.002 0.023 0.028 0.014 0.357 
 604 R H   0.630 0.000 0.002 0.003 0.028 0.030 0.014 0.294 
 605 I H   0.668 0.000 0.002 0.003 0.032 0.030 0.014 0.251 
 606 L H   0.692 0.000 0.002 0.004 0.033 0.030 0.014 0.225 
 607 A H   0.700 0.000 0.002 0.004 0.034 0.029 0.015 0.216 
 608 G H   0.698 0.000 0.002 0.003 0.033 0.028 0.016 0.219 
 609 I H   0.685 0.000 0.002 0.003 0.031 0.027 0.017 0.234 
 610 L H   0.658 0.000 0.002 0.003 0.029 0.027 0.019 0.262 
 611 N H   0.620 0.000 0.002 0.003 0.027 0.027 0.022 0.300 
 612 I H   0.573 0.000 0.002 0.003 0.025 0.028 0.026 0.344 
 613 G H   0.520 0.000 0.002 0.004 0.023 0.028 0.031 0.392 
 614 N H   0.461 0.001 0.002 0.006 0.023 0.029 0.036 0.442 
 615 I _   0.399 0.001 0.002 0.010 0.023 0.029 0.043 0.492 
 616 E _   0.334 0.002 0.002 0.014 0.022 0.029 0.051 0.545 
 617 F _   0.270 0.003 0.002 0.019 0.020 0.028 0.060 0.599 
 618 A _   0.209 0.004 0.002 0.022 0.017 0.026 0.069 0.652 
 619 A _   0.156 0.004 0.001 0.022 0.014 0.023 0.077 0.702 
 620 I _   0.111 0.004 0.001 0.020 0.011 0.020 0.086 0.748 
 621 S _   0.077 0.003 0.001 0.016 0.007 0.016 0.093 0.786 
 622 S _   0.052 0.002 0.001 0.012 0.005 0.013 0.099 0.816 
 623 Q _   0.034 0.002 0.000 0.009 0.003 0.010 0.104 0.837 
 624 H _   0.023 0.001 0.000 0.006 0.002 0.008 0.108 0.852 
 625 Q _   0.015 0.001 0.000 0.004 0.002 0.006 0.111 0.861 
 626 T _   0.010 0.000 0.000 0.003 0.001 0.005 0.113 0.867 
 627 D _   0.007 0.000 0.000 0.002 0.001 0.004 0.114 0.870 
 628 K _   0.005 0.000 0.000 0.002 0.001 0.004 0.115 0.871 
 629 S _   0.005 0.001 0.000 0.002 0.001 0.005 0.115 0.872 
 630 E _   0.005 0.001 0.000 0.003 0.001 0.006 0.114 0.870 
 631 V _   0.005 0.002 0.000 0.004 0.002 0.007 0.112 0.868 
 632 P _   0.006 0.004 0.000 0.005 0.002 0.010 0.110 0.863 
 633 N _   0.007 0.008 0.000 0.008 0.003 0.013 0.107 0.854 
 634 A _   0.009 0.014 0.001 0.011 0.005 0.017 0.103 0.841 
 635 E _   0.011 0.023 0.001 0.015 0.007 0.021 0.099 0.823 
 636 A _   0.013 0.033 0.001 0.020 0.010 0.026 0.095 0.802 
 637 L _   0.016 0.044 0.001 0.025 0.013 0.031 0.090 0.780 
 638 Q _   0.019 0.055 0.001 0.030 0.017 0.035 0.085 0.758 
 639 N _   0.022 0.063 0.001 0.035 0.020 0.039 0.081 0.738 
 640 A _   0.026 0.070 0.002 0.038 0.024 0.042 0.077 0.721 
 641 A _   0.029 0.075 0.002 0.041 0.026 0.044 0.074 0.709 
 642 S _   0.033 0.076 0.002 0.042 0.027 0.045 0.072 0.702 
 643 V _   0.036 0.076 0.002 0.041 0.027 0.045 0.070 0.703 
 644 L _   0.038 0.072 0.002 0.039 0.026 0.044 0.069 0.710 
 645 C _   0.040 0.066 0.002 0.035 0.024 0.042 0.068 0.723 
 646 I _   0.041 0.057 0.002 0.030 0.022 0.040 0.067 0.742 
 647 S _   0.042 0.045 0.002 0.024 0.019 0.038 0.067 0.765 
 648 P _   0.041 0.033 0.001 0.018 0.015 0.035 0.066 0.789 
 649 E _   0.040 0.022 0.001 0.014 0.012 0.033 0.066 0.811 
 650 E _   0.039 0.014 0.001 0.010 0.010 0.030 0.066 0.830 
 651 L _   0.038 0.008 0.001 0.007 0.008 0.029 0.065 0.844 
 652 Q _   0.037 0.005 0.001 0.005 0.007 0.027 0.065 0.852 
 653 E _   0.037 0.004 0.001 0.005 0.007 0.027 0.064 0.857 
 654 A _   0.038 0.003 0.001 0.005 0.007 0.027 0.063 0.857 
 655 L _   0.039 0.003 0.001 0.005 0.008 0.028 0.062 0.854 
 656 T _   0.041 0.004 0.001 0.006 0.009 0.029 0.062 0.848 
 657 S _   0.044 0.005 0.001 0.008 0.011 0.030 0.061 0.840 
 658 H _   0.046 0.007 0.001 0.011 0.013 0.032 0.060 0.831 
 659 C _   0.048 0.010 0.001 0.013 0.015 0.033 0.059 0.821 
 660 V _   0.050 0.012 0.001 0.016 0.017 0.034 0.058 0.811 
 661 V _   0.050 0.015 0.001 0.019 0.019 0.034 0.058 0.803 
 662 T _   0.050 0.017 0.001 0.021 0.019 0.034 0.058 0.799 
 663 R _   0.048 0.019 0.001 0.023 0.019 0.033 0.058 0.799 
