#TopoPred_TM8: 8-state transmembrane topology prediction results by no_profile mode 
#probabilities are in the order of H E C I L F X _, the 8 transmembrane topology types used in PDBTM 
   1 M X   0.015 0.002 0.002 0.063 0.010 0.011 0.714 0.183 
   2 L X   0.006 0.001 0.000 0.037 0.002 0.005 0.734 0.214 
   3 T X   0.002 0.001 0.000 0.019 0.001 0.003 0.738 0.237 
   4 R X   0.001 0.001 0.000 0.012 0.001 0.003 0.733 0.249 
   5 K X   0.001 0.002 0.000 0.010 0.001 0.004 0.724 0.257 
   6 P X   0.002 0.004 0.000 0.010 0.001 0.005 0.712 0.266 
   7 S X   0.003 0.007 0.000 0.011 0.002 0.007 0.696 0.275 
   8 A X   0.003 0.013 0.000 0.015 0.003 0.009 0.674 0.284 
   9 A X   0.004 0.022 0.001 0.020 0.004 0.010 0.647 0.293 
  10 A X   0.004 0.034 0.001 0.025 0.005 0.011 0.616 0.303 
  11 P X   0.004 0.048 0.001 0.030 0.006 0.012 0.586 0.314 
  12 A X   0.004 0.060 0.001 0.033 0.006 0.012 0.558 0.327 
  13 A X   0.004 0.069 0.001 0.032 0.006 0.012 0.533 0.344 
  14 Y X   0.004 0.075 0.001 0.029 0.005 0.011 0.511 0.364 
  15 P X   0.004 0.080 0.001 0.025 0.005 0.010 0.493 0.384 
  16 T X   0.004 0.083 0.001 0.020 0.004 0.009 0.476 0.403 
  17 G X   0.003 0.086 0.000 0.017 0.004 0.009 0.459 0.422 
  18 R X   0.003 0.089 0.000 0.014 0.003 0.009 0.444 0.437 
  19 G _   0.004 0.094 0.000 0.013 0.003 0.009 0.427 0.449 
  20 G _   0.004 0.101 0.001 0.014 0.004 0.010 0.410 0.457 
  21 D _   0.004 0.110 0.001 0.015 0.004 0.010 0.392 0.463 
  22 S _   0.004 0.123 0.001 0.018 0.005 0.011 0.373 0.466 
  23 A _   0.005 0.137 0.001 0.020 0.005 0.011 0.354 0.466 
  24 V _   0.005 0.152 0.001 0.022 0.006 0.011 0.336 0.467 
  25 R _   0.005 0.167 0.001 0.023 0.006 0.011 0.318 0.470 
  26 Q _   0.004 0.179 0.001 0.023 0.006 0.011 0.301 0.475 
  27 L _   0.004 0.189 0.001 0.022 0.005 0.011 0.286 0.481 
  28 Q _   0.004 0.197 0.001 0.021 0.005 0.011 0.273 0.488 
  29 A _   0.004 0.205 0.001 0.021 0.005 0.010 0.260 0.494 
  30 S _   0.004 0.212 0.001 0.020 0.005 0.010 0.248 0.500 
  31 P _   0.004 0.219 0.001 0.020 0.005 0.011 0.237 0.503 
  32 G _   0.004 0.227 0.001 0.022 0.006 0.011 0.226 0.504 
  33 L _   0.005 0.236 0.001 0.024 0.006 0.011 0.216 0.501 
  34 G _   0.005 0.245 0.001 0.027 0.007 0.012 0.206 0.498 
  35 A _   0.005 0.252 0.001 0.031 0.007 0.012 0.198 0.494 
  36 G _   0.005 0.256 0.001 0.034 0.008 0.012 0.191 0.494 
  37 A _   0.005 0.257 0.001 0.035 0.008 0.012 0.185 0.497 
  38 T _   0.006 0.254 0.001 0.035 0.008 0.012 0.180 0.505 
  39 R _   0.006 0.246 0.001 0.033 0.007 0.011 0.177 0.519 
  40 S _   0.006 0.233 0.001 0.030 0.007 0.010 0.175 0.539 
  41 G _   0.006 0.213 0.001 0.025 0.006 0.010 0.173 0.566 
  42 V _   0.006 0.188 0.001 0.020 0.005 0.009 0.172 0.599 
  43 G _   0.006 0.162 0.001 0.015 0.004 0.009 0.171 0.632 
  44 T _   0.006 0.139 0.001 0.011 0.003 0.008 0.170 0.662 
  45 G _   0.005 0.123 0.000 0.008 0.003 0.008 0.169 0.683 
  46 P _   0.005 0.113 0.000 0.007 0.002 0.008 0.167 0.697 
  47 P _   0.005 0.109 0.000 0.006 0.002 0.008 0.165 0.705 
  48 S _   0.005 0.107 0.000 0.006 0.002 0.009 0.162 0.708 
  49 P _   0.005 0.109 0.000 0.008 0.003 0.010 0.159 0.707 
  50 I _   0.005 0.113 0.000 0.009 0.003 0.011 0.155 0.702 
  51 A _   0.006 0.121 0.001 0.011 0.004 0.013 0.150 0.695 
  52 L _   0.006 0.130 0.001 0.013 0.005 0.015 0.145 0.685 
  53 P _   0.007 0.142 0.001 0.015 0.006 0.017 0.139 0.674 
  54 P _   0.008 0.155 0.001 0.016 0.007 0.019 0.132 0.662 
  55 L _   0.009 0.169 0.001 0.017 0.008 0.022 0.126 0.647 
  56 R _   0.011 0.186 0.001 0.019 0.011 0.026 0.119 0.628 
  57 A _   0.014 0.205 0.001 0.021 0.014 0.029 0.112 0.603 
  58 S _   0.017 0.230 0.001 0.024 0.018 0.033 0.105 0.571 
  59 N _   0.020 0.260 0.002 0.029 0.023 0.036 0.099 0.532 
  60 A _   0.023 0.293 0.002 0.035 0.027 0.038 0.092 0.490 
  61 A _   0.026 0.325 0.002 0.041 0.029 0.039 0.087 0.451 
  62 A _   0.028 0.348 0.002 0.048 0.030 0.038 0.083 0.422 
  63 A _   0.029 0.362 0.002 0.053 0.029 0.037 0.081 0.407 
  64 A _   0.029 0.367 0.002 0.056 0.028 0.034 0.079 0.405 
  65 H _   0.029 0.364 0.002 0.055 0.025 0.032 0.078 0.416 
  66 T _   0.027 0.352 0.002 0.051 0.022 0.029 0.078 0.440 
  67 I _   0.025 0.328 0.002 0.045 0.019 0.025 0.078 0.477 
  68 G _   0.024 0.290 0.002 0.037 0.016 0.023 0.080 0.530 
  69 G _   0.022 0.239 0.002 0.029 0.013 0.020 0.081 0.595 
  70 S _   0.019 0.187 0.001 0.021 0.010 0.017 0.083 0.662 
  71 K _   0.016 0.145 0.001 0.015 0.007 0.015 0.084 0.718 
  72 H _   0.013 0.116 0.001 0.010 0.005 0.013 0.085 0.758 
  73 T _   0.011 0.100 0.000 0.007 0.003 0.011 0.085 0.782 
  74 M _   0.008 0.092 0.000 0.006 0.003 0.010 0.084 0.796 
  75 N _   0.007 0.089 0.000 0.005 0.002 0.009 0.084 0.803 
  76 D _   0.007 0.090 0.000 0.006 0.002 0.009 0.082 0.804 
  77 H _   0.006 0.093 0.000 0.007 0.003 0.010 0.080 0.801 
  78 L _   0.007 0.100 0.000 0.009 0.003 0.011 0.078 0.792 
  79 H _   0.007 0.112 0.001 0.011 0.004 0.012 0.075 0.779 
  80 V _   0.007 0.128 0.001 0.014 0.005 0.014 0.071 0.760 
  81 G _   0.008 0.149 0.001 0.018 0.007 0.015 0.067 0.735 
  82 S _   0.008 0.175 0.001 0.023 0.009 0.017 0.063 0.705 
  83 H _   0.009 0.203 0.001 0.029 0.011 0.019 0.059 0.670 
  84 A _   0.009 0.231 0.001 0.035 0.012 0.020 0.055 0.636 
  85 H _   0.010 0.254 0.001 0.041 0.014 0.020 0.052 0.607 
  86 G _   0.010 0.272 0.001 0.048 0.015 0.021 0.049 0.584 
  87 Q _   0.011 0.282 0.001 0.052 0.015 0.021 0.048 0.569 
  88 I _   0.011 0.287 0.001 0.055 0.015 0.020 0.047 0.564 
  89 Q _   0.011 0.284 0.001 0.054 0.014 0.019 0.046 0.569 
  90 V _   0.011 0.275 0.001 0.051 0.013 0.018 0.046 0.585 
  91 Q _   0.011 0.255 0.001 0.044 0.012 0.016 0.047 0.613 
  92 Q _   0.011 0.223 0.001 0.035 0.010 0.015 0.048 0.657 
  93 L _   0.011 0.180 0.001 0.026 0.008 0.013 0.049 0.711 
  94 F _   0.010 0.137 0.001 0.018 0.006 0.012 0.050 0.767 
  95 E _   0.009 0.102 0.001 0.011 0.004 0.010 0.051 0.811 
  96 D _   0.008 0.081 0.000 0.007 0.003 0.009 0.052 0.839 
  97 N _   0.007 0.071 0.000 0.005 0.002 0.009 0.052 0.853 
  98 S _   0.007 0.067 0.000 0.005 0.002 0.009 0.052 0.858 
  99 N _   0.007 0.068 0.000 0.005 0.003 0.010 0.051 0.856 
 100 K _   0.008 0.072 0.000 0.007 0.003 0.011 0.050 0.849 
 101 R _   0.009 0.080 0.001 0.010 0.005 0.013 0.048 0.835 
 102 T _   0.009 0.092 0.001 0.014 0.006 0.014 0.046 0.818 
 103 V _   0.010 0.106 0.001 0.018 0.007 0.015 0.045 0.800 
 104 L _   0.010 0.118 0.001 0.020 0.008 0.015 0.043 0.786 
 105 T _   0.009 0.128 0.001 0.021 0.008 0.015 0.041 0.776 
 106 T _   0.009 0.136 0.001 0.021 0.008 0.015 0.040 0.771 
 107 Q _   0.009 0.141 0.001 0.020 0.008 0.015 0.039 0.769 
 108 P _   0.009 0.145 0.001 0.018 0.007 0.014 0.038 0.768 
 109 N _   0.009 0.148 0.001 0.017 0.007 0.014 0.037 0.767 
 110 G _   0.009 0.151 0.001 0.016 0.007 0.014 0.036 0.766 
 111 L _   0.010 0.155 0.001 0.015 0.007 0.014 0.036 0.763 
 112 T _   0.010 0.159 0.001 0.015 0.007 0.014 0.035 0.760 
 113 T _   0.010 0.163 0.001 0.015 0.007 0.014 0.035 0.756 
 114 V _   0.010 0.167 0.001 0.016 0.007 0.014 0.034 0.752 
 115 G _   0.010 0.171 0.001 0.016 0.007 0.014 0.034 0.749 
 116 K _   0.009 0.175 0.001 0.016 0.007 0.013 0.033 0.746 
 117 T _   0.009 0.178 0.001 0.016 0.006 0.013 0.033 0.743 
 118 G _   0.009 0.181 0.001 0.016 0.006 0.013 0.033 0.741 
 119 L _   0.009 0.183 0.001 0.016 0.006 0.013 0.032 0.739 
 120 P _   0.009 0.185 0.001 0.017 0.006 0.013 0.032 0.738 
 121 V _   0.008 0.186 0.001 0.017 0.006 0.013 0.032 0.737 
 122 V _   0.008 0.187 0.001 0.017 0.006 0.012 0.032 0.736 
 123 P _   0.008 0.187 0.001 0.017 0.006 0.012 0.032 0.737 
 124 E _   0.008 0.186 0.001 0.017 0.006 0.012 0.032 0.738 
 125 R _   0.008 0.184 0.001 0.017 0.006 0.011 0.033 0.741 
 126 Q _   0.008 0.182 0.001 0.017 0.006 0.011 0.033 0.744 
 127 L _   0.007 0.178 0.001 0.017 0.005 0.011 0.033 0.748 
 128 D _   0.007 0.174 0.001 0.017 0.005 0.011 0.033 0.752 
 129 S _   0.007 0.169 0.001 0.017 0.005 0.010 0.034 0.758 
 130 I _   0.007 0.163 0.001 0.016 0.005 0.010 0.035 0.764 
 131 H _   0.007 0.157 0.001 0.015 0.005 0.010 0.035 0.771 
 132 R _   0.007 0.149 0.001 0.014 0.004 0.009 0.036 0.780 
 133 R _   0.006 0.141 0.001 0.013 0.004 0.009 0.036 0.790 
 134 Q _   0.006 0.133 0.000 0.011 0.004 0.008 0.037 0.800 
 135 G _   0.006 0.126 0.000 0.010 0.003 0.008 0.037 0.809 
 136 S _   0.005 0.121 0.000 0.009 0.003 0.008 0.038 0.816 
 137 S _   0.005 0.118 0.000 0.008 0.003 0.008 0.038 0.820 
 138 T _   0.006 0.116 0.000 0.008 0.003 0.008 0.038 0.821 
 139 S _   0.006 0.117 0.000 0.009 0.003 0.009 0.038 0.818 
 140 L _   0.007 0.120 0.000 0.011 0.004 0.010 0.037 0.811 
 141 K _   0.007 0.124 0.001 0.014 0.005 0.011 0.037 0.802 
 142 S _   0.008 0.129 0.001 0.017 0.006 0.011 0.037 0.792 
 143 M _   0.008 0.134 0.001 0.020 0.006 0.012 0.037 0.782 
 144 E _   0.008 0.138 0.001 0.022 0.007 0.012 0.037 0.775 
 145 G _   0.008 0.140 0.001 0.023 0.007 0.012 0.037 0.771 
 146 M _   0.009 0.139 0.001 0.023 0.007 0.012 0.038 0.773 
 147 G _   0.009 0.135 0.001 0.021 0.006 0.012 0.038 0.778 
 148 K _   0.009 0.130 0.001 0.018 0.006 0.011 0.039 0.787 
 149 V _   0.008 0.122 0.001 0.015 0.005 0.010 0.040 0.798 
 150 K _   0.008 0.115 0.001 0.012 0.004 0.010 0.041 0.809 
 151 A _   0.008 0.107 0.000 0.010 0.004 0.009 0.042 0.819 
 152 T _   0.008 0.102 0.000 0.009 0.003 0.009 0.043 0.826 
 153 P _   0.007 0.098 0.000 0.008 0.003 0.009 0.044 0.830 
 154 M _   0.007 0.097 0.000 0.007 0.003 0.009 0.045 0.831 
 155 T _   0.007 0.098 0.000 0.008 0.003 0.010 0.045 0.829 
 156 P _   0.008 0.100 0.000 0.009 0.004 0.011 0.045 0.824 
 157 E _   0.008 0.104 0.000 0.010 0.004 0.011 0.045 0.817 
 158 Q _   0.008 0.109 0.001 0.012 0.005 0.012 0.045 0.808 
 159 A _   0.008 0.116 0.001 0.013 0.005 0.013 0.045 0.798 
 160 M _   0.008 0.123 0.001 0.016 0.006 0.014 0.045 0.787 
 161 K _   0.009 0.130 0.001 0.018 0.007 0.015 0.045 0.776 
 162 Q _   0.009 0.135 0.001 0.020 0.008 0.016 0.045 0.766 
 163 Y _   0.010 0.140 0.001 0.021 0.008 0.017 0.045 0.758 
 164 M _   0.010 0.142 0.001 0.022 0.009 0.017 0.046 0.752 
 165 Q _   0.011 0.143 0.001 0.022 0.009 0.018 0.047 0.749 
 166 K _   0.011 0.143 0.001 0.022 0.009 0.018 0.048 0.748 
 167 L _   0.012 0.140 0.001 0.020 0.009 0.018 0.049 0.750 
 168 T _   0.012 0.136 0.001 0.019 0.009 0.018 0.050 0.754 
 169 A _   0.013 0.131 0.001 0.017 0.008 0.019 0.052 0.760 
 170 F _   0.014 0.125 0.001 0.015 0.008 0.019 0.053 0.765 
 171 E _   0.014 0.120 0.001 0.013 0.008 0.019 0.055 0.770 
 172 H _   0.016 0.115 0.001 0.011 0.008 0.020 0.057 0.773 
 173 H _   0.017 0.112 0.001 0.011 0.008 0.021 0.058 0.773 
 174 E _   0.019 0.111 0.001 0.011 0.008 0.022 0.060 0.769 
 175 I _   0.020 0.112 0.001 0.012 0.009 0.023 0.062 0.762 
 176 F _   0.022 0.115 0.001 0.014 0.011 0.024 0.063 0.751 
 177 S _   0.024 0.119 0.001 0.017 0.012 0.025 0.065 0.737 
 178 Y _   0.025 0.124 0.001 0.022 0.014 0.025 0.067 0.721 
 179 P _   0.025 0.129 0.001 0.027 0.015 0.026 0.070 0.707 
 180 E _   0.025 0.133 0.001 0.031 0.016 0.025 0.073 0.696 
 181 I _   0.024 0.134 0.001 0.034 0.015 0.024 0.077 0.690 
 182 Y _   0.023 0.131 0.001 0.035 0.014 0.022 0.081 0.692 
 183 F _   0.021 0.125 0.001 0.033 0.013 0.020 0.086 0.701 
 184 L _   0.018 0.115 0.001 0.029 0.011 0.018 0.091 0.716 
 185 G _   0.016 0.102 0.001 0.024 0.008 0.016 0.097 0.736 
 186 L _   0.014 0.086 0.001 0.019 0.007 0.014 0.102 0.758 
 187 N _   0.012 0.070 0.001 0.015 0.005 0.012 0.107 0.779 
 188 A _   0.010 0.057 0.001 0.012 0.004 0.010 0.112 0.794 
 189 K _   0.009 0.048 0.000 0.010 0.003 0.009 0.116 0.805 
 190 K _   0.008 0.042 0.000 0.009 0.003 0.009 0.119 0.809 
 191 R _   0.007 0.039 0.000 0.009 0.003 0.008 0.123 0.811 
 192 Q _   0.007 0.036 0.000 0.011 0.003 0.008 0.126 0.809 
 193 G _   0.007 0.034 0.000 0.012 0.003 0.008 0.128 0.807 
 194 M _   0.006 0.033 0.000 0.014 0.003 0.008 0.131 0.805 
 195 T _   0.006 0.031 0.000 0.014 0.003 0.008 0.134 0.804 
 196 G _   0.006 0.028 0.000 0.014 0.003 0.007 0.136 0.805 
 197 G _   0.005 0.025 0.000 0.013 0.003 0.007 0.139 0.809 
 198 P _   0.005 0.021 0.000 0.011 0.002 0.006 0.140 0.814 
 199 N _   0.005 0.018 0.000 0.008 0.002 0.005 0.142 0.820 
 200 N _   0.004 0.015 0.000 0.006 0.001 0.005 0.143 0.825 
 201 G _   0.004 0.013 0.000 0.005 0.001 0.004 0.143 0.829 
 202 G _   0.003 0.012 0.000 0.004 0.001 0.004 0.143 0.832 
 203 Y _   0.003 0.012 0.000 0.004 0.001 0.004 0.142 0.833 
 204 D _   0.003 0.013 0.000 0.004 0.001 0.005 0.140 0.833 
 205 D _   0.004 0.016 0.000 0.005 0.002 0.006 0.137 0.830 
 206 D _   0.004 0.021 0.000 0.007 0.002 0.007 0.134 0.824 
 207 Q _   0.004 0.030 0.000 0.011 0.003 0.009 0.129 0.814 
 208 G _   0.005 0.043 0.001 0.014 0.004 0.011 0.124 0.799 
 209 S _   0.005 0.058 0.001 0.018 0.005 0.012 0.117 0.784 
 210 Y _   0.005 0.074 0.001 0.021 0.005 0.014 0.111 0.769 
 211 V _   0.005 0.088 0.001 0.023 0.006 0.015 0.106 0.757 
 212 Q _   0.005 0.100 0.001 0.024 0.006 0.016 0.100 0.747 
 213 V _   0.006 0.111 0.001 0.024 0.007 0.017 0.095 0.740 
 214 P _   0.006 0.120 0.001 0.023 0.007 0.018 0.091 0.734 
 215 H _   0.007 0.129 0.001 0.022 0.008 0.020 0.087 0.727 
 216 D _   0.008 0.137 0.001 0.022 0.009 0.021 0.083 0.719 
 217 H _   0.010 0.146 0.001 0.022 0.010 0.024 0.079 0.708 
 218 V _   0.012 0.156 0.001 0.024 0.012 0.026 0.076 0.694 
 219 A _   0.014 0.167 0.001 0.026 0.014 0.028 0.073 0.679 
 220 Y _   0.015 0.177 0.001 0.028 0.015 0.029 0.070 0.664 
 221 R _   0.016 0.186 0.001 0.030 0.016 0.030 0.067 0.653 
 222 Y _   0.017 0.192 0.001 0.032 0.017 0.031 0.065 0.645 
 223 E _   0.018 0.196 0.001 0.032 0.017 0.030 0.063 0.643 
 224 V _   0.018 0.196 0.001 0.030 0.016 0.030 0.061 0.647 
 225 L _   0.019 0.193 0.001 0.027 0.015 0.028 0.060 0.656 
 226 K _   0.018 0.189 0.001 0.024 0.014 0.027 0.059 0.668 
 227 V _   0.019 0.182 0.001 0.020 0.012 0.027 0.058 0.681 
 228 I _   0.019 0.176 0.001 0.017 0.011 0.026 0.057 0.692 
 229 G _   0.019 0.171 0.001 0.016 0.011 0.025 0.056 0.701 
 230 K _   0.019 0.167 0.001 0.016 0.011 0.025 0.056 0.706 
 231 G _   0.019 0.164 0.001 0.017 0.011 0.025 0.055 0.708 
 232 S _   0.019 0.162 0.001 0.019 0.011 0.024 0.055 0.709 
 233 F _   0.019 0.160 0.001 0.021 0.011 0.024 0.054 0.710 
 234 G _   0.019 0.157 0.001 0.023 0.011 0.023 0.054 0.713 
 235 Q _   0.018 0.151 0.001 0.023 0.011 0.022 0.054 0.720 
 236 V _   0.017 0.143 0.001 0.023 0.010 0.020 0.054 0.731 
 237 V _   0.016 0.132 0.001 0.020 0.009 0.019 0.055 0.748 
 238 K _   0.014 0.118 0.001 0.017 0.008 0.017 0.055 0.769 
 239 A _   0.013 0.103 0.001 0.013 0.006 0.016 0.056 0.792 
 240 Y _   0.012 0.090 0.001 0.010 0.005 0.015 0.056 0.811 
 241 D _   0.012 0.081 0.001 0.007 0.004 0.015 0.056 0.824 
 242 H _   0.012 0.077 0.000 0.006 0.004 0.015 0.055 0.830 
 243 K _   0.012 0.076 0.000 0.007 0.004 0.016 0.055 0.830 
 244 V _   0.013 0.078 0.001 0.009 0.006 0.018 0.054 0.822 
 245 H _   0.015 0.085 0.001 0.013 0.008 0.020 0.053 0.806 
 246 Q _   0.016 0.097 0.001 0.019 0.010 0.022 0.052 0.782 
 247 H _   0.017 0.111 0.001 0.028 0.013 0.023 0.051 0.755 
 248 V _   0.018 0.123 0.001 0.036 0.015 0.024 0.050 0.732 
 249 A _   0.018 0.130 0.001 0.043 0.016 0.024 0.050 0.718 
 250 L _   0.018 0.132 0.001 0.046 0.015 0.023 0.050 0.715 
 251 K _   0.017 0.130 0.001 0.044 0.014 0.021 0.051 0.721 
 252 M _   0.016 0.122 0.001 0.039 0.013 0.020 0.051 0.738 
 253 V _   0.014 0.108 0.001 0.032 0.010 0.017 0.052 0.764 
 254 R _   0.013 0.089 0.001 0.024 0.008 0.015 0.054 0.796 
 255 N _   0.012 0.068 0.001 0.016 0.006 0.014 0.055 0.828 
 256 E _   0.011 0.051 0.001 0.010 0.004 0.012 0.056 0.855 
 257 K _   0.010 0.040 0.000 0.006 0.003 0.011 0.057 0.872 
 258 R _   0.010 0.034 0.000 0.005 0.003 0.011 0.057 0.880 
 259 F _   0.010 0.033 0.000 0.004 0.003 0.012 0.057 0.882 
 260 H _   0.011 0.034 0.000 0.005 0.003 0.013 0.057 0.877 
 261 R _   0.012 0.038 0.001 0.008 0.005 0.016 0.056 0.865 
 262 Q _   0.014 0.049 0.001 0.013 0.007 0.019 0.055 0.844 
 263 A _   0.015 0.066 0.001 0.020 0.010 0.021 0.053 0.814 
 264 A _   0.017 0.087 0.001 0.029 0.013 0.024 0.051 0.778 
 265 E _   0.018 0.108 0.001 0.039 0.015 0.025 0.049 0.744 
 266 E _   0.018 0.123 0.001 0.048 0.017 0.026 0.048 0.718 
 267 I _   0.018 0.132 0.001 0.055 0.018 0.025 0.048 0.703 
 268 R _   0.018 0.136 0.001 0.057 0.017 0.024 0.047 0.698 
 269 I _   0.017 0.134 0.001 0.056 0.016 0.023 0.048 0.705 
 270 L _   0.016 0.127 0.001 0.051 0.014 0.021 0.049 0.721 
 271 E _   0.015 0.112 0.001 0.043 0.012 0.018 0.050 0.748 
 272 H _   0.014 0.090 0.001 0.033 0.010 0.016 0.051 0.785 
 273 L _   0.012 0.062 0.001 0.023 0.007 0.013 0.053 0.828 
 274 R _   0.011 0.036 0.001 0.014 0.005 0.011 0.054 0.868 
 275 K _   0.009 0.017 0.000 0.008 0.003 0.009 0.055 0.898 
 276 Q _   0.008 0.007 0.000 0.004 0.002 0.008 0.055 0.915 
 277 D _   0.007 0.003 0.000 0.003 0.002 0.008 0.055 0.923 
 278 K _   0.008 0.002 0.000 0.002 0.001 0.009 0.054 0.924 
 279 D _   0.010 0.001 0.000 0.002 0.002 0.011 0.053 0.920 
 280 N _   0.015 0.002 0.000 0.004 0.003 0.016 0.051 0.909 
 281 T _   0.023 0.003 0.001 0.007 0.006 0.022 0.049 0.890 
 282 M _   0.032 0.006 0.001 0.014 0.010 0.029 0.046 0.860 
 283 N _   0.044 0.011 0.001 0.024 0.016 0.037 0.043 0.823 
 284 V _   0.057 0.017 0.002 0.034 0.023 0.043 0.040 0.784 
 285 I _   0.070 0.020 0.002 0.042 0.028 0.048 0.037 0.753 
 286 H _   0.085 0.021 0.002 0.045 0.030 0.050 0.034 0.732 
 287 M _   0.103 0.020 0.002 0.042 0.031 0.050 0.032 0.720 
 288 L _   0.123 0.017 0.002 0.034 0.029 0.048 0.030 0.717 
 289 E _   0.147 0.012 0.002 0.023 0.025 0.046 0.027 0.717 
 290 N _   0.175 0.006 0.002 0.013 0.021 0.043 0.026 0.715 
 291 F _   0.206 0.002 0.001 0.006 0.016 0.039 0.024 0.705 
 292 T _   0.243 0.000 0.001 0.003 0.013 0.036 0.022 0.682 
 293 F _   0.288 0.000 0.001 0.002 0.012 0.034 0.020 0.643 
 294 R _   0.345 0.000 0.001 0.001 0.012 0.033 0.018 0.589 
 295 N _   0.412 0.000 0.001 0.001 0.015 0.033 0.017 0.521 
 296 H H   0.482 0.000 0.001 0.001 0.019 0.034 0.015 0.447 
 297 I H   0.548 0.000 0.001 0.002 0.025 0.034 0.014 0.376 
 298 C H   0.601 0.000 0.002 0.003 0.030 0.034 0.014 0.317 
 299 M H   0.636 0.000 0.002 0.003 0.034 0.034 0.014 0.277 
 300 T H   0.655 0.001 0.002 0.004 0.037 0.032 0.014 0.255 
 301 F H   0.657 0.001 0.002 0.005 0.038 0.031 0.015 0.252 
 302 E H   0.642 0.001 0.002 0.006 0.037 0.030 0.016 0.266 
 303 L H   0.612 0.001 0.002 0.006 0.036 0.028 0.018 0.297 
 304 L H   0.566 0.001 0.002 0.006 0.033 0.027 0.020 0.345 
 305 S H   0.506 0.001 0.002 0.006 0.028 0.025 0.022 0.410 
 306 M _   0.434 0.001 0.002 0.006 0.023 0.023 0.026 0.486 
 307 N _   0.356 0.001 0.002 0.006 0.017 0.021 0.030 0.567 
 308 L _   0.276 0.000 0.001 0.006 0.013 0.019 0.034 0.650 
 309 Y _   0.205 0.000 0.001 0.006 0.009 0.016 0.037 0.724 
 310 E _   0.145 0.000 0.001 0.006 0.007 0.014 0.041 0.787 
 311 L _   0.098 0.000 0.001 0.005 0.005 0.012 0.043 0.836 
 312 I _   0.065 0.000 0.000 0.004 0.003 0.011 0.045 0.871 
 313 K _   0.043 0.000 0.000 0.003 0.003 0.010 0.046 0.895 
 314 K _   0.030 0.000 0.000 0.003 0.002 0.009 0.047 0.909 
 315 N _   0.023 0.000 0.000 0.003 0.002 0.010 0.047 0.916 
 316 K _   0.019 0.000 0.000 0.003 0.002 0.011 0.047 0.917 
 317 F _   0.018 0.000 0.000 0.003 0.003 0.013 0.047 0.915 
 318 Q _   0.020 0.001 0.000 0.005 0.004 0.016 0.047 0.908 
 319 G _   0.022 0.002 0.001 0.007 0.005 0.020 0.046 0.897 
 320 F _   0.027 0.004 0.001 0.009 0.008 0.024 0.045 0.883 
 321 S _   0.032 0.006 0.001 0.012 0.010 0.029 0.045 0.866 
 322 L _   0.038 0.008 0.001 0.014 0.013 0.033 0.044 0.849 
 323 P _   0.045 0.010 0.001 0.015 0.016 0.038 0.043 0.832 
 324 L _   0.053 0.012 0.001 0.016 0.019 0.042 0.042 0.815 
 325 V _   0.060 0.014 0.001 0.016 0.022 0.045 0.042 0.800 
 326 R _   0.068 0.016 0.001 0.016 0.025 0.047 0.041 0.786 
 327 K _   0.074 0.017 0.002 0.017 0.027 0.049 0.041 0.774 
 328 F _   0.079 0.019 0.002 0.018 0.029 0.050 0.041 0.763 
 329 A _   0.082 0.021 0.002 0.020 0.030 0.050 0.041 0.755 
 330 H _   0.083 0.022 0.002 0.021 0.029 0.048 0.042 0.753 
 331 S _   0.082 0.023 0.002 0.023 0.028 0.046 0.042 0.755 
 332 I _   0.079 0.023 0.002 0.023 0.026 0.043 0.043 0.761 
 333 L _   0.074 0.022 0.002 0.023 0.023 0.040 0.044 0.774 
 334 Q _   0.067 0.020 0.001 0.021 0.019 0.036 0.046 0.790 
 335 C _   0.061 0.017 0.001 0.018 0.016 0.031 0.047 0.809 
 336 L _   0.053 0.014 0.001 0.015 0.012 0.028 0.048 0.829 
 337 D _   0.046 0.011 0.001 0.012 0.010 0.024 0.049 0.848 
 338 A _   0.039 0.008 0.001 0.010 0.008 0.021 0.050 0.864 
 339 L _   0.033 0.007 0.001 0.008 0.006 0.019 0.051 0.875 
 340 H _   0.029 0.005 0.001 0.008 0.006 0.017 0.052 0.883 
 341 K _   0.025 0.005 0.001 0.008 0.005 0.015 0.053 0.889 
 342 N _   0.022 0.004 0.001 0.008 0.005 0.014 0.054 0.892 
 343 R _   0.020 0.004 0.001 0.009 0.005 0.013 0.054 0.895 
 344 I _   0.018 0.004 0.001 0.009 0.004 0.012 0.055 0.897 
 345 I _   0.016 0.004 0.001 0.009 0.004 0.011 0.055 0.900 
 346 H _   0.014 0.004 0.000 0.009 0.004 0.010 0.055 0.904 
 347 C _   0.012 0.004 0.000 0.008 0.003 0.009 0.055 0.908 
 348 D _   0.010 0.003 0.000 0.007 0.003 0.008 0.055 0.912 
 349 L _   0.009 0.003 0.000 0.006 0.003 0.008 0.055 0.915 
 350 K _   0.008 0.004 0.000 0.006 0.003 0.008 0.054 0.917 
 351 P _   0.008 0.004 0.000 0.006 0.003 0.008 0.054 0.918 
 352 E _   0.007 0.005 0.000 0.007 0.003 0.008 0.053 0.917 
 353 N _   0.007 0.006 0.000 0.008 0.003 0.008 0.052 0.915 
 354 I _   0.008 0.008 0.000 0.009 0.003 0.009 0.051 0.912 
 355 L _   0.008 0.011 0.000 0.010 0.004 0.009 0.049 0.909 
 356 L _   0.008 0.014 0.001 0.011 0.004 0.010 0.048 0.905 
 357 K _   0.007 0.016 0.001 0.012 0.004 0.010 0.046 0.903 
 358 Q _   0.007 0.019 0.001 0.013 0.004 0.010 0.045 0.902 
 359 Q _   0.007 0.021 0.001 0.013 0.005 0.011 0.043 0.901 
 360 G _   0.007 0.023 0.001 0.014 0.005 0.011 0.041 0.899 
 361 R _   0.007 0.026 0.001 0.015 0.005 0.012 0.040 0.895 
 362 S _   0.007 0.028 0.001 0.016 0.006 0.012 0.038 0.891 
 363 G _   0.008 0.031 0.001 0.018 0.006 0.013 0.037 0.886 
 364 I _   0.008 0.033 0.001 0.019 0.007 0.014 0.036 0.882 
 365 K _   0.009 0.035 0.001 0.021 0.007 0.015 0.035 0.878 
 366 V _   0.009 0.036 0.001 0.021 0.007 0.015 0.034 0.877 
 367 I _   0.009 0.036 0.001 0.021 0.007 0.015 0.033 0.877 
 368 D _   0.010 0.036 0.001 0.019 0.007 0.015 0.032 0.880 
 369 F _   0.010 0.034 0.001 0.017 0.007 0.015 0.031 0.885 
 370 G _   0.010 0.032 0.001 0.015 0.006 0.016 0.030 0.890 
 371 S _   0.011 0.030 0.001 0.012 0.006 0.016 0.030 0.894 
 372 S _   0.011 0.028 0.001 0.011 0.006 0.017 0.029 0.897 
 373 C _   0.012 0.027 0.001 0.010 0.006 0.018 0.028 0.898 
 374 Y _   0.014 0.027 0.001 0.010 0.007 0.020 0.027 0.895 
 375 E _   0.016 0.028 0.001 0.011 0.008 0.022 0.026 0.888 
 376 H _   0.018 0.030 0.001 0.013 0.010 0.025 0.026 0.879 
 377 Q _   0.020 0.033 0.001 0.016 0.011 0.027 0.025 0.868 
 378 R _   0.021 0.036 0.001 0.019 0.013 0.029 0.024 0.857 
 379 V _   0.022 0.039 0.001 0.023 0.015 0.030 0.023 0.847 
 380 Y _   0.023 0.041 0.001 0.026 0.017 0.031 0.022 0.840 
 381 T _   0.024 0.042 0.001 0.028 0.017 0.031 0.021 0.837 
 382 Y _   0.024 0.041 0.001 0.028 0.017 0.031 0.020 0.837 
 383 I _   0.025 0.039 0.001 0.026 0.016 0.030 0.020 0.842 
 384 Q _   0.024 0.036 0.001 0.024 0.015 0.029 0.019 0.850 
 385 S _   0.024 0.032 0.001 0.021 0.014 0.028 0.019 0.861 
 386 R _   0.024 0.027 0.001 0.018 0.013 0.027 0.019 0.872 
 387 F _   0.023 0.022 0.001 0.015 0.011 0.026 0.018 0.883 
 388 Y _   0.024 0.018 0.001 0.013 0.010 0.025 0.018 0.892 
 389 R _   0.025 0.014 0.001 0.012 0.009 0.024 0.017 0.897 
 390 A _   0.026 0.012 0.001 0.011 0.009 0.024 0.017 0.900 
 391 P _   0.029 0.010 0.001 0.011 0.009 0.024 0.016 0.898 
 392 E _   0.034 0.009 0.001 0.012 0.010 0.024 0.016 0.894 
 393 V _   0.040 0.008 0.001 0.013 0.011 0.025 0.015 0.887 
 394 I _   0.049 0.007 0.001 0.013 0.011 0.025 0.015 0.878 
 395 L _   0.060 0.006 0.001 0.013 0.012 0.025 0.014 0.870 
 396 G _   0.075 0.004 0.001 0.012 0.011 0.024 0.013 0.859 
 397 A _   0.093 0.003 0.001 0.010 0.011 0.023 0.013 0.847 
 398 R _   0.115 0.002 0.001 0.007 0.010 0.022 0.012 0.832 
 399 Y _   0.144 0.001 0.001 0.005 0.009 0.021 0.011 0.810 
 400 G _   0.180 0.000 0.001 0.003 0.008 0.019 0.010 0.779 
 401 M _   0.226 0.000 0.001 0.002 0.007 0.018 0.009 0.737 
 402 P _   0.287 0.000 0.001 0.001 0.008 0.018 0.008 0.678 
 403 I _   0.362 0.000 0.001 0.001 0.008 0.017 0.007 0.604 
 404 D _   0.449 0.000 0.001 0.001 0.010 0.017 0.006 0.516 
 405 M H   0.545 0.000 0.001 0.001 0.012 0.018 0.005 0.418 
 406 W H   0.636 0.000 0.001 0.001 0.015 0.018 0.005 0.324 
 407 S H   0.712 0.000 0.001 0.001 0.018 0.017 0.004 0.246 
 408 L H   0.766 0.000 0.001 0.001 0.021 0.017 0.004 0.190 
 409 G H   0.800 0.000 0.001 0.001 0.023 0.016 0.005 0.153 
 410 C H   0.820 0.000 0.001 0.001 0.025 0.015 0.005 0.133 
 411 I H   0.825 0.000 0.001 0.002 0.026 0.015 0.006 0.125 
 412 L H   0.818 0.000 0.002 0.002 0.027 0.015 0.008 0.129 
 413 A H   0.795 0.000 0.002 0.003 0.028 0.015 0.010 0.148 
 414 E H   0.754 0.000 0.002 0.003 0.028 0.015 0.013 0.185 
 415 L H   0.689 0.000 0.002 0.005 0.027 0.015 0.018 0.244 
 416 L H   0.599 0.000 0.002 0.006 0.023 0.015 0.024 0.329 
 417 T H   0.491 0.000 0.002 0.006 0.019 0.015 0.033 0.434 
 418 G _   0.376 0.000 0.002 0.007 0.014 0.014 0.043 0.545 
 419 Y _   0.269 0.000 0.001 0.006 0.009 0.012 0.053 0.649 
 420 P _   0.179 0.000 0.001 0.005 0.006 0.010 0.062 0.736 
 421 L _   0.111 0.000 0.001 0.004 0.004 0.008 0.068 0.804 
 422 L _   0.064 0.000 0.000 0.003 0.002 0.006 0.073 0.851 
 423 P _   0.036 0.000 0.000 0.002 0.002 0.005 0.076 0.879 
 424 G _   0.021 0.000 0.000 0.001 0.001 0.005 0.078 0.893 
 425 E _   0.015 0.000 0.000 0.001 0.001 0.005 0.079 0.899 
 426 D _   0.014 0.000 0.000 0.001 0.001 0.007 0.079 0.897 
 427 E _   0.018 0.000 0.000 0.001 0.002 0.011 0.079 0.888 
 428 G _   0.030 0.001 0.000 0.002 0.004 0.019 0.078 0.867 
 429 D _   0.049 0.004 0.001 0.004 0.009 0.031 0.076 0.826 
 430 Q _   0.074 0.020 0.002 0.010 0.021 0.046 0.073 0.754 
 431 L _   0.098 0.067 0.003 0.021 0.039 0.061 0.070 0.641 
 432 A _   0.114 0.148 0.004 0.037 0.055 0.070 0.066 0.507 
 433 C _   0.120 0.225 0.004 0.053 0.063 0.073 0.063 0.400 
 434 M _   0.121 0.275 0.003 0.066 0.063 0.071 0.062 0.338 
 435 I _   0.119 0.301 0.003 0.075 0.061 0.067 0.062 0.311 
 436 E E   0.115 0.311 0.003 0.077 0.058 0.063 0.063 0.310 
 437 L _   0.108 0.309 0.003 0.074 0.053 0.057 0.066 0.331 
 438 L _   0.098 0.294 0.003 0.066 0.046 0.050 0.069 0.374 
 439 G _   0.087 0.260 0.003 0.053 0.037 0.043 0.073 0.443 
 440 M _   0.074 0.206 0.003 0.040 0.028 0.036 0.079 0.535 
 441 P _   0.060 0.140 0.002 0.027 0.020 0.030 0.085 0.636 
 442 S _   0.047 0.085 0.001 0.017 0.012 0.024 0.090 0.723 
 443 Q _   0.034 0.050 0.001 0.011 0.007 0.019 0.094 0.783 
 444 K _   0.025 0.032 0.001 0.007 0.004 0.015 0.097 0.819 
 445 L _   0.018 0.024 0.000 0.005 0.003 0.012 0.099 0.838 
 446 L _   0.013 0.021 0.000 0.005 0.002 0.010 0.100 0.848 
 447 D _   0.011 0.020 0.000 0.005 0.002 0.010 0.100 0.852 
 448 A _   0.009 0.020 0.000 0.006 0.002 0.009 0.100 0.852 
 449 S _   0.008 0.022 0.000 0.007 0.003 0.009 0.100 0.849 
 450 K _   0.008 0.025 0.000 0.010 0.003 0.010 0.100 0.844 
 451 R _   0.008 0.029 0.000 0.012 0.004 0.010 0.099 0.839 
 452 A _   0.008 0.033 0.001 0.013 0.004 0.010 0.098 0.834 
 453 K _   0.007 0.036 0.001 0.014 0.004 0.010 0.097 0.831 
 454 N _   0.007 0.039 0.001 0.014 0.004 0.010 0.097 0.829 
 455 F _   0.007 0.041 0.000 0.013 0.004 0.010 0.096 0.829 
 456 V _   0.007 0.044 0.000 0.011 0.004 0.010 0.095 0.830 
 457 S _   0.006 0.046 0.000 0.010 0.003 0.010 0.094 0.830 
 458 S _   0.007 0.049 0.000 0.009 0.003 0.010 0.093 0.828 
 459 K _   0.007 0.054 0.000 0.009 0.004 0.011 0.092 0.823 
 460 G _   0.008 0.061 0.001 0.010 0.005 0.012 0.091 0.813 
 461 Y _   0.008 0.073 0.001 0.012 0.006 0.014 0.089 0.796 
 462 P _   0.009 0.093 0.001 0.016 0.007 0.016 0.088 0.771 
 463 R _   0.010 0.118 0.001 0.020 0.009 0.017 0.086 0.739 
 464 Y _   0.010 0.146 0.001 0.024 0.010 0.018 0.084 0.707 
 465 C _   0.010 0.171 0.001 0.027 0.010 0.018 0.082 0.680 
 466 T _   0.009 0.193 0.001 0.029 0.011 0.017 0.081 0.659 
 467 V _   0.009 0.209 0.001 0.030 0.010 0.017 0.080 0.643 
 468 T _   0.008 0.221 0.001 0.030 0.010 0.016 0.080 0.635 
 469 T _   0.008 0.228 0.001 0.029 0.009 0.016 0.079 0.629 
 470 L _   0.008 0.234 0.001 0.027 0.009 0.015 0.080 0.626 
 471 S _   0.008 0.238 0.001 0.027 0.009 0.015 0.080 0.623 
 472 D _   0.008 0.240 0.001 0.027 0.008 0.015 0.081 0.620 
 473 G _   0.008 0.241 0.001 0.028 0.008 0.014 0.082 0.617 
 474 S _   0.008 0.241 0.001 0.029 0.008 0.014 0.084 0.614 
 475 V _   0.008 0.240 0.001 0.030 0.008 0.014 0.086 0.613 
 476 V _   0.009 0.235 0.001 0.031 0.008 0.013 0.088 0.614 
 477 L _   0.009 0.227 0.001 0.031 0.008 0.013 0.091 0.620 
 478 N _   0.009 0.215 0.001 0.030 0.007 0.012 0.095 0.631 
 479 G _   0.009 0.197 0.001 0.027 0.007 0.012 0.099 0.649 
 480 G _   0.009 0.174 0.001 0.024 0.006 0.011 0.104 0.672 
 481 R _   0.009 0.147 0.001 0.020 0.005 0.010 0.109 0.699 
 482 S _   0.008 0.120 0.001 0.016 0.004 0.009 0.114 0.727 
 483 R _   0.008 0.097 0.001 0.013 0.004 0.009 0.119 0.751 
 484 R _   0.007 0.080 0.000 0.010 0.003 0.008 0.123 0.769 
 485 G _   0.006 0.068 0.000 0.008 0.002 0.007 0.126 0.782 
 486 K _   0.006 0.060 0.000 0.007 0.002 0.006 0.129 0.790 
 487 L _   0.005 0.056 0.000 0.006 0.002 0.006 0.130 0.795 
 488 R _   0.005 0.054 0.000 0.006 0.002 0.006 0.131 0.798 
 489 G _   0.004 0.053 0.000 0.006 0.002 0.006 0.130 0.799 
 490 P _   0.004 0.054 0.000 0.006 0.002 0.006 0.130 0.798 
 491 P _   0.004 0.056 0.000 0.007 0.002 0.006 0.129 0.796 
 492 E _   0.004 0.060 0.000 0.008 0.002 0.007 0.127 0.791 
 493 S _   0.004 0.066 0.000 0.010 0.003 0.007 0.125 0.785 
 494 R _   0.004 0.073 0.000 0.012 0.003 0.008 0.123 0.776 
 495 E _   0.004 0.082 0.000 0.015 0.004 0.009 0.121 0.765 
 496 W _   0.004 0.092 0.001 0.017 0.004 0.009 0.119 0.755 
 497 G _   0.004 0.101 0.001 0.019 0.004 0.009 0.117 0.745 
 498 N _   0.005 0.108 0.001 0.020 0.005 0.010 0.115 0.738 
 499 A _   0.005 0.113 0.001 0.020 0.005 0.010 0.114 0.734 
 500 L _   0.005 0.117 0.001 0.019 0.004 0.010 0.113 0.733 
 501 K _   0.004 0.118 0.001 0.017 0.004 0.010 0.112 0.734 
 502 G _   0.004 0.119 0.000 0.015 0.004 0.010 0.112 0.736 
 503 C _   0.005 0.119 0.000 0.013 0.004 0.010 0.111 0.737 
 504 D _   0.005 0.120 0.000 0.012 0.004 0.011 0.111 0.736 
 505 D _   0.006 0.121 0.000 0.012 0.004 0.012 0.111 0.733 
 506 P _   0.007 0.124 0.001 0.013 0.005 0.013 0.111 0.727 
 507 L _   0.008 0.128 0.001 0.015 0.006 0.014 0.111 0.718 
 508 F _   0.009 0.133 0.001 0.017 0.007 0.016 0.111 0.706 
 509 L _   0.010 0.138 0.001 0.021 0.008 0.017 0.111 0.695 
 510 D _   0.010 0.142 0.001 0.024 0.009 0.017 0.112 0.685 
 511 F _   0.011 0.144 0.001 0.026 0.010 0.018 0.113 0.679 
 512 L _   0.011 0.144 0.001 0.026 0.010 0.018 0.114 0.676 
 513 K _   0.011 0.141 0.001 0.026 0.010 0.017 0.115 0.678 
 514 Q _   0.011 0.136 0.001 0.024 0.009 0.017 0.117 0.684 
 515 C _   0.012 0.129 0.001 0.021 0.009 0.016 0.120 0.693 
 516 L _   0.012 0.119 0.001 0.018 0.008 0.015 0.123 0.704 
 517 E _   0.012 0.109 0.001 0.016 0.007 0.014 0.126 0.715 
 518 W _   0.012 0.100 0.001 0.014 0.006 0.014 0.129 0.725 
 519 D _   0.012 0.092 0.001 0.012 0.006 0.013 0.133 0.732 
 520 P _   0.012 0.086 0.001 0.011 0.005 0.013 0.136 0.736 
 521 A _   0.012 0.080 0.001 0.011 0.005 0.012 0.139 0.739 
 522 V _   0.012 0.076 0.001 0.011 0.005 0.012 0.143 0.741 
 523 R _   0.012 0.073 0.001 0.010 0.005 0.012 0.146 0.742 
 524 M _   0.012 0.070 0.001 0.010 0.005 0.012 0.149 0.742 
 525 T _   0.011 0.067 0.001 0.010 0.005 0.011 0.152 0.743 
 526 P _   0.010 0.065 0.001 0.011 0.004 0.011 0.155 0.743 
 527 G _   0.010 0.064 0.001 0.011 0.004 0.011 0.158 0.741 
 528 Q _   0.010 0.063 0.001 0.012 0.005 0.011 0.160 0.739 
 529 A _   0.009 0.062 0.001 0.012 0.005 0.011 0.163 0.736 
 530 L _   0.009 0.062 0.001 0.014 0.005 0.011 0.166 0.732 
 531 R _   0.009 0.062 0.001 0.015 0.005 0.011 0.169 0.728 
 532 H _   0.009 0.061 0.001 0.017 0.005 0.011 0.173 0.724 
 533 P _   0.009 0.060 0.001 0.018 0.005 0.011 0.176 0.720 
 534 W _   0.008 0.058 0.001 0.019 0.005 0.010 0.180 0.718 
 535 L _   0.008 0.055 0.001 0.019 0.005 0.010 0.185 0.719 
 536 R _   0.008 0.050 0.001 0.017 0.004 0.009 0.190 0.722 
 537 R _   0.007 0.045 0.001 0.015 0.004 0.008 0.194 0.726 
 538 R _   0.007 0.039 0.000 0.012 0.003 0.007 0.199 0.733 
 539 L _   0.006 0.033 0.000 0.009 0.003 0.006 0.203 0.740 
 540 P _   0.005 0.028 0.000 0.007 0.002 0.006 0.207 0.746 
 541 K _   0.005 0.024 0.000 0.005 0.002 0.005 0.209 0.750 
 542 P _   0.004 0.023 0.000 0.004 0.001 0.005 0.211 0.752 
 543 P _   0.004 0.022 0.000 0.004 0.001 0.005 0.212 0.752 
 544 T _   0.004 0.023 0.000 0.004 0.001 0.006 0.212 0.750 
 545 G _   0.004 0.026 0.000 0.005 0.002 0.007 0.211 0.745 
 546 E _   0.005 0.033 0.000 0.006 0.002 0.008 0.209 0.735 
 547 K _   0.006 0.045 0.000 0.009 0.003 0.011 0.207 0.719 
 548 T _   0.007 0.065 0.001 0.013 0.005 0.013 0.203 0.694 
 549 S _   0.008 0.096 0.001 0.017 0.007 0.016 0.198 0.658 
 550 V _   0.009 0.141 0.001 0.022 0.009 0.019 0.191 0.608 
 551 K _   0.009 0.195 0.001 0.027 0.012 0.021 0.185 0.550 
 552 R _   0.010 0.255 0.002 0.031 0.014 0.023 0.178 0.487 
 553 I _   0.010 0.314 0.002 0.035 0.016 0.024 0.173 0.426 
 554 T _   0.010 0.366 0.002 0.039 0.018 0.024 0.169 0.372 
 555 E E   0.010 0.408 0.002 0.043 0.019 0.024 0.166 0.329 
 556 S E   0.010 0.438 0.001 0.046 0.019 0.023 0.164 0.297 
 557 T E   0.010 0.457 0.001 0.049 0.019 0.023 0.164 0.278 
 558 G E   0.010 0.467 0.001 0.051 0.018 0.022 0.165 0.266 
 559 A E   0.010 0.469 0.001 0.051 0.017 0.020 0.168 0.263 
 560 I E   0.010 0.465 0.001 0.051 0.016 0.019 0.171 0.267 
 561 T E   0.010 0.451 0.001 0.048 0.015 0.018 0.177 0.279 
 562 S E   0.010 0.426 0.002 0.044 0.014 0.017 0.184 0.303 
 563 I E   0.011 0.384 0.002 0.039 0.013 0.016 0.195 0.341 
 564 S _   0.011 0.324 0.002 0.033 0.012 0.015 0.208 0.395 
 565 K _   0.011 0.255 0.002 0.026 0.010 0.014 0.224 0.459 
 566 L _   0.011 0.190 0.001 0.018 0.008 0.013 0.240 0.519 
 567 P _   0.009 0.144 0.001 0.012 0.005 0.011 0.253 0.565 
 568 P _   0.008 0.116 0.001 0.008 0.003 0.010 0.263 0.592 
 569 P _   0.006 0.103 0.000 0.005 0.002 0.009 0.269 0.604 
 570 S _   0.006 0.098 0.000 0.004 0.002 0.009 0.274 0.607 
 571 S _   0.006 0.097 0.000 0.005 0.002 0.010 0.277 0.603 
 572 S _   0.006 0.101 0.000 0.007 0.003 0.011 0.280 0.592 
 573 A _   0.007 0.111 0.001 0.011 0.004 0.013 0.282 0.572 
 574 S _   0.007 0.127 0.001 0.017 0.006 0.015 0.283 0.544 
 575 K _   0.008 0.150 0.001 0.025 0.008 0.016 0.284 0.508 
 576 L _   0.008 0.172 0.001 0.034 0.010 0.017 0.286 0.472 
 577 R _   0.007 0.189 0.001 0.041 0.012 0.018 0.289 0.443 
 578 T _   0.007 0.199 0.001 0.046 0.012 0.017 0.293 0.424 
 579 N _   0.007 0.202 0.001 0.048 0.012 0.017 0.299 0.413 
 580 L _   0.007 0.201 0.001 0.047 0.012 0.016 0.307 0.409 
 581 A _   0.007 0.195 0.001 0.042 0.011 0.015 0.318 0.411 
 582 Q _   0.007 0.183 0.001 0.036 0.010 0.014 0.331 0.419 
 583 M _   0.007 0.165 0.001 0.028 0.008 0.013 0.346 0.431 
 584 T _   0.007 0.144 0.001 0.021 0.007 0.012 0.363 0.446 
 585 D _   0.007 0.124 0.001 0.015 0.005 0.011 0.380 0.457 
 586 A _   0.007 0.110 0.001 0.011 0.004 0.011 0.395 0.462 
 587 N _   0.007 0.101 0.000 0.009 0.004 0.011 0.408 0.461 
 588 G _   0.007 0.096 0.000 0.009 0.003 0.011 0.419 0.455 
 589 N _   0.007 0.094 0.000 0.010 0.004 0.012 0.430 0.444 
 590 I X   0.008 0.094 0.000 0.012 0.004 0.012 0.439 0.429 
 591 Q X   0.008 0.096 0.001 0.015 0.005 0.013 0.449 0.413 
 592 Q X   0.008 0.097 0.001 0.019 0.006 0.013 0.459 0.396 
 593 R X   0.008 0.099 0.001 0.023 0.006 0.013 0.469 0.382 
 594 T X   0.006 0.098 0.001 0.025 0.006 0.012 0.479 0.372 
 595 V X   0.005 0.097 0.001 0.026 0.006 0.010 0.491 0.365 
 596 L X   0.004 0.093 0.001 0.023 0.005 0.007 0.504 0.363 
 597 P X   0.002 0.085 0.000 0.019 0.003 0.004 0.519 0.368 
 598 K X   0.001 0.072 0.000 0.012 0.001 0.002 0.532 0.379 
 599 L X   0.000 0.059 0.000 0.007 0.000 0.001 0.538 0.394 
 600 V X   0.000 0.052 0.000 0.007 0.000 0.001 0.537 0.403 
 601 S X   0.003 0.048 0.001 0.014 0.003 0.003 0.527 0.401 
