#TopoPred_TM8: 8-state transmembrane topology prediction results by no_profile mode 
#probabilities are in the order of H E C I L F X _, the 8 transmembrane topology types used in PDBTM 
   1 M X   0.015 0.002 0.002 0.052 0.010 0.011 0.622 0.286 
   2 D X   0.005 0.001 0.000 0.029 0.002 0.006 0.636 0.320 
   3 D X   0.001 0.001 0.000 0.017 0.001 0.004 0.637 0.338 
   4 A X   0.001 0.002 0.000 0.014 0.001 0.005 0.631 0.346 
   5 A X   0.002 0.004 0.000 0.015 0.002 0.009 0.619 0.349 
   6 V X   0.005 0.010 0.000 0.018 0.004 0.014 0.599 0.350 
   7 L X   0.008 0.021 0.001 0.023 0.006 0.019 0.576 0.347 
   8 K X   0.010 0.040 0.001 0.031 0.008 0.023 0.546 0.340 
   9 R X   0.011 0.066 0.001 0.040 0.011 0.026 0.514 0.331 
  10 R X   0.010 0.093 0.002 0.049 0.014 0.027 0.481 0.324 
  11 G X   0.010 0.116 0.002 0.056 0.016 0.027 0.453 0.321 
  12 Y X   0.009 0.131 0.002 0.059 0.017 0.026 0.432 0.323 
  13 L X   0.009 0.141 0.001 0.060 0.018 0.025 0.415 0.329 
  14 L X   0.010 0.146 0.001 0.059 0.017 0.024 0.403 0.339 
  15 G X   0.010 0.147 0.001 0.056 0.016 0.023 0.393 0.353 
  16 I X   0.011 0.145 0.001 0.051 0.015 0.021 0.386 0.370 
  17 N _   0.011 0.139 0.001 0.044 0.013 0.019 0.380 0.392 
  18 L _   0.010 0.129 0.001 0.037 0.011 0.018 0.376 0.418 
  19 G _   0.010 0.115 0.001 0.030 0.009 0.016 0.372 0.447 
  20 E _   0.009 0.098 0.001 0.024 0.007 0.014 0.369 0.478 
  21 G _   0.009 0.079 0.001 0.018 0.006 0.012 0.367 0.508 
  22 S _   0.008 0.062 0.001 0.014 0.005 0.011 0.364 0.537 
  23 Y _   0.007 0.048 0.001 0.010 0.004 0.010 0.361 0.560 
  24 A _   0.006 0.038 0.000 0.008 0.003 0.009 0.358 0.578 
  25 K _   0.006 0.032 0.000 0.006 0.003 0.008 0.354 0.591 
  26 V _   0.005 0.028 0.000 0.005 0.002 0.008 0.350 0.601 
  27 K _   0.005 0.026 0.000 0.005 0.002 0.008 0.345 0.608 
  28 S _   0.005 0.025 0.000 0.005 0.002 0.009 0.339 0.613 
  29 A _   0.006 0.026 0.000 0.006 0.003 0.010 0.333 0.615 
  30 Y _   0.007 0.028 0.000 0.008 0.004 0.012 0.326 0.615 
  31 S _   0.008 0.031 0.001 0.010 0.005 0.014 0.319 0.612 
  32 E _   0.010 0.036 0.001 0.014 0.007 0.017 0.311 0.606 
  33 R _   0.012 0.043 0.001 0.018 0.009 0.019 0.303 0.596 
  34 L _   0.013 0.050 0.001 0.023 0.011 0.021 0.295 0.585 
  35 K _   0.015 0.058 0.001 0.028 0.013 0.023 0.288 0.574 
  36 F _   0.017 0.064 0.001 0.034 0.015 0.023 0.282 0.565 
  37 N _   0.018 0.067 0.001 0.038 0.016 0.023 0.277 0.560 
  38 V _   0.018 0.069 0.001 0.040 0.016 0.023 0.273 0.561 
  39 A _   0.019 0.068 0.001 0.039 0.014 0.022 0.271 0.567 
  40 I _   0.018 0.064 0.001 0.036 0.013 0.020 0.269 0.579 
  41 K _   0.017 0.058 0.001 0.031 0.011 0.018 0.268 0.596 
  42 I _   0.016 0.048 0.001 0.025 0.009 0.015 0.268 0.619 
  43 I _   0.014 0.036 0.001 0.018 0.007 0.013 0.268 0.644 
  44 D _   0.012 0.023 0.001 0.012 0.005 0.011 0.267 0.668 
  45 R _   0.010 0.014 0.000 0.008 0.003 0.009 0.267 0.688 
  46 K _   0.009 0.007 0.000 0.005 0.002 0.008 0.265 0.703 
  47 K _   0.007 0.003 0.000 0.004 0.002 0.007 0.263 0.714 
  48 A _   0.006 0.002 0.000 0.003 0.002 0.007 0.260 0.721 
  49 P _   0.006 0.001 0.000 0.003 0.002 0.007 0.256 0.725 
  50 A _   0.006 0.001 0.000 0.003 0.002 0.008 0.252 0.728 
  51 D _   0.007 0.001 0.000 0.003 0.002 0.009 0.247 0.730 
  52 F _   0.009 0.001 0.000 0.004 0.003 0.012 0.241 0.731 
  53 L _   0.012 0.001 0.000 0.005 0.003 0.015 0.234 0.729 
  54 E _   0.015 0.001 0.001 0.006 0.005 0.019 0.226 0.726 
  55 K _   0.021 0.001 0.001 0.008 0.007 0.025 0.218 0.720 
  56 F _   0.029 0.002 0.001 0.009 0.010 0.031 0.208 0.710 
  57 L _   0.039 0.002 0.001 0.011 0.014 0.038 0.199 0.695 
  58 P _   0.053 0.003 0.001 0.013 0.019 0.046 0.189 0.676 
  59 R _   0.069 0.004 0.002 0.014 0.025 0.052 0.180 0.654 
  60 E _   0.085 0.004 0.002 0.016 0.031 0.058 0.172 0.632 
  61 I _   0.101 0.005 0.002 0.018 0.036 0.062 0.164 0.612 
  62 E _   0.115 0.006 0.002 0.019 0.039 0.063 0.158 0.598 
  63 I _   0.125 0.006 0.002 0.020 0.040 0.063 0.153 0.591 
  64 L _   0.133 0.006 0.002 0.019 0.039 0.062 0.148 0.591 
  65 A _   0.136 0.005 0.002 0.017 0.036 0.059 0.145 0.600 
  66 M _   0.135 0.004 0.002 0.014 0.032 0.055 0.142 0.616 
  67 L _   0.131 0.003 0.002 0.011 0.027 0.051 0.140 0.636 
  68 N _   0.124 0.002 0.001 0.009 0.022 0.046 0.137 0.658 
  69 H _   0.115 0.001 0.001 0.007 0.018 0.042 0.136 0.679 
  70 C _   0.107 0.001 0.001 0.006 0.015 0.039 0.134 0.697 
  71 S _   0.098 0.001 0.001 0.006 0.013 0.036 0.133 0.712 
  72 I _   0.090 0.001 0.001 0.006 0.012 0.033 0.131 0.725 
  73 I _   0.082 0.001 0.001 0.007 0.011 0.031 0.130 0.736 
  74 K _   0.074 0.001 0.001 0.008 0.011 0.029 0.129 0.747 
  75 T _   0.066 0.001 0.001 0.009 0.010 0.027 0.128 0.757 
  76 Y _   0.059 0.001 0.001 0.009 0.009 0.025 0.127 0.768 
  77 E _   0.051 0.001 0.001 0.008 0.008 0.024 0.126 0.781 
  78 I _   0.045 0.001 0.001 0.007 0.007 0.022 0.125 0.793 
  79 F _   0.040 0.000 0.001 0.005 0.006 0.020 0.124 0.804 
  80 E _   0.036 0.000 0.001 0.004 0.005 0.020 0.122 0.812 
  81 T _   0.036 0.000 0.000 0.003 0.004 0.020 0.120 0.816 
  82 S _   0.038 0.000 0.000 0.003 0.005 0.021 0.118 0.815 
  83 H _   0.042 0.000 0.001 0.003 0.005 0.023 0.117 0.809 
  84 G _   0.050 0.000 0.001 0.003 0.007 0.027 0.114 0.797 
  85 K _   0.061 0.001 0.001 0.005 0.010 0.032 0.112 0.778 
  86 V _   0.073 0.002 0.001 0.007 0.015 0.037 0.110 0.755 
  87 Y _   0.085 0.004 0.001 0.011 0.020 0.042 0.108 0.729 
  88 I _   0.094 0.007 0.002 0.015 0.025 0.046 0.106 0.705 
  89 V _   0.102 0.010 0.002 0.019 0.028 0.048 0.105 0.687 
  90 M _   0.105 0.012 0.002 0.021 0.030 0.050 0.104 0.677 
  91 E _   0.106 0.013 0.002 0.021 0.030 0.049 0.103 0.676 
  92 L _   0.103 0.013 0.002 0.019 0.028 0.048 0.103 0.684 
  93 A _   0.099 0.012 0.002 0.016 0.025 0.046 0.103 0.696 
  94 V _   0.092 0.012 0.001 0.013 0.022 0.044 0.104 0.712 
  95 Q _   0.084 0.011 0.001 0.011 0.019 0.042 0.104 0.727 
  96 G _   0.077 0.012 0.001 0.011 0.017 0.039 0.105 0.739 
  97 D _   0.070 0.013 0.001 0.012 0.016 0.037 0.105 0.747 
  98 L _   0.063 0.014 0.001 0.014 0.015 0.035 0.106 0.750 
  99 L _   0.057 0.017 0.001 0.017 0.015 0.033 0.107 0.752 
 100 E _   0.051 0.019 0.001 0.021 0.014 0.031 0.109 0.755 
 101 L _   0.044 0.020 0.001 0.024 0.014 0.028 0.110 0.759 
 102 I _   0.038 0.021 0.001 0.025 0.013 0.025 0.112 0.765 
 103 K _   0.032 0.021 0.001 0.025 0.011 0.022 0.114 0.774 
 104 T _   0.027 0.020 0.001 0.023 0.009 0.019 0.116 0.786 
 105 R _   0.022 0.017 0.001 0.019 0.007 0.016 0.118 0.799 
 106 G _   0.018 0.014 0.001 0.015 0.005 0.013 0.120 0.813 
 107 A _   0.015 0.011 0.001 0.012 0.004 0.011 0.123 0.825 
 108 L _   0.012 0.008 0.000 0.008 0.003 0.009 0.124 0.835 
 109 H _   0.009 0.006 0.000 0.006 0.002 0.007 0.126 0.844 
 110 E _   0.007 0.004 0.000 0.004 0.002 0.006 0.126 0.849 
 111 D _   0.006 0.004 0.000 0.003 0.001 0.006 0.126 0.853 
 112 E _   0.006 0.004 0.000 0.003 0.001 0.006 0.126 0.854 
 113 A _   0.006 0.005 0.000 0.003 0.002 0.007 0.124 0.853 
 114 R _   0.007 0.007 0.000 0.004 0.002 0.009 0.123 0.849 
 115 K _   0.008 0.012 0.000 0.006 0.003 0.012 0.120 0.838 
 116 K _   0.010 0.024 0.001 0.010 0.005 0.016 0.116 0.817 
 117 F _   0.013 0.048 0.001 0.017 0.009 0.021 0.112 0.780 
 118 H _   0.015 0.084 0.001 0.026 0.013 0.025 0.106 0.729 
 119 Q _   0.016 0.128 0.002 0.037 0.017 0.028 0.100 0.672 
 120 L _   0.017 0.166 0.002 0.046 0.020 0.030 0.095 0.624 
 121 S _   0.018 0.192 0.002 0.054 0.022 0.031 0.091 0.591 
 122 L _   0.018 0.207 0.002 0.057 0.022 0.031 0.089 0.574 
 123 A _   0.018 0.214 0.002 0.057 0.022 0.030 0.087 0.570 
 124 I _   0.018 0.214 0.001 0.054 0.021 0.028 0.086 0.577 
 125 K _   0.018 0.209 0.001 0.048 0.019 0.026 0.086 0.592 
 126 Y _   0.018 0.198 0.001 0.041 0.016 0.024 0.086 0.615 
 127 C _   0.017 0.182 0.001 0.034 0.014 0.022 0.087 0.643 
 128 H _   0.017 0.162 0.001 0.027 0.012 0.021 0.089 0.672 
 129 D _   0.016 0.141 0.001 0.023 0.010 0.019 0.090 0.701 
 130 L _   0.015 0.122 0.001 0.019 0.008 0.017 0.092 0.726 
 131 D _   0.014 0.105 0.001 0.016 0.007 0.016 0.093 0.748 
 132 V _   0.013 0.092 0.001 0.015 0.006 0.014 0.094 0.765 
 133 V _   0.012 0.080 0.001 0.014 0.005 0.013 0.095 0.780 
 134 H _   0.011 0.071 0.001 0.013 0.005 0.012 0.096 0.792 
 135 R _   0.010 0.063 0.001 0.012 0.004 0.011 0.097 0.802 
 136 D _   0.009 0.056 0.001 0.012 0.004 0.010 0.098 0.811 
 137 L _   0.008 0.050 0.000 0.011 0.004 0.010 0.098 0.819 
 138 K _   0.008 0.045 0.000 0.011 0.004 0.009 0.098 0.825 
 139 C _   0.007 0.040 0.000 0.011 0.003 0.008 0.099 0.831 
 140 D _   0.007 0.036 0.000 0.010 0.003 0.008 0.099 0.837 
 141 N _   0.006 0.033 0.000 0.010 0.003 0.008 0.099 0.841 
 142 L _   0.006 0.030 0.000 0.010 0.003 0.007 0.099 0.845 
 143 L _   0.006 0.028 0.000 0.010 0.003 0.007 0.098 0.848 
 144 L _   0.006 0.026 0.000 0.009 0.003 0.007 0.098 0.851 
 145 D _   0.006 0.024 0.000 0.009 0.003 0.007 0.097 0.854 
 146 K _   0.006 0.023 0.000 0.009 0.003 0.007 0.097 0.856 
 147 D _   0.006 0.022 0.000 0.009 0.003 0.007 0.096 0.858 
 148 F _   0.006 0.021 0.000 0.009 0.003 0.007 0.095 0.859 
 149 N _   0.006 0.021 0.000 0.009 0.003 0.008 0.094 0.860 
 150 I _   0.006 0.021 0.000 0.010 0.003 0.008 0.092 0.859 
 151 K _   0.006 0.022 0.000 0.011 0.003 0.009 0.091 0.857 
 152 L _   0.006 0.023 0.000 0.013 0.004 0.009 0.090 0.855 
 153 S _   0.007 0.024 0.000 0.015 0.004 0.010 0.088 0.852 
 154 D _   0.007 0.025 0.001 0.016 0.004 0.010 0.087 0.850 
 155 F _   0.007 0.025 0.001 0.018 0.005 0.010 0.085 0.849 
 156 S _   0.007 0.025 0.001 0.018 0.005 0.010 0.084 0.851 
 157 F _   0.007 0.024 0.001 0.017 0.004 0.009 0.083 0.854 
 158 S _   0.007 0.023 0.000 0.015 0.004 0.009 0.083 0.860 
 159 K _   0.006 0.021 0.000 0.013 0.003 0.008 0.082 0.866 
 160 R _   0.006 0.018 0.000 0.011 0.003 0.007 0.081 0.874 
 161 C _   0.005 0.016 0.000 0.008 0.002 0.007 0.080 0.881 
 162 L _   0.005 0.015 0.000 0.007 0.002 0.006 0.078 0.886 
 163 R _   0.005 0.014 0.000 0.006 0.002 0.006 0.077 0.890 
 164 D _   0.005 0.014 0.000 0.006 0.002 0.006 0.075 0.892 
 165 D _   0.005 0.015 0.000 0.006 0.002 0.007 0.073 0.892 
 166 S _   0.005 0.017 0.000 0.008 0.003 0.008 0.070 0.889 
 167 G _   0.006 0.021 0.000 0.010 0.003 0.009 0.067 0.884 
 168 R _   0.006 0.026 0.000 0.013 0.004 0.010 0.064 0.876 
 169 M _   0.006 0.031 0.001 0.017 0.005 0.011 0.060 0.868 
 170 A _   0.007 0.037 0.001 0.021 0.006 0.012 0.057 0.860 
 171 L _   0.007 0.041 0.001 0.023 0.007 0.013 0.053 0.855 
 172 S _   0.007 0.044 0.001 0.024 0.007 0.013 0.051 0.854 
 173 K _   0.007 0.046 0.001 0.024 0.007 0.013 0.048 0.856 
 174 T _   0.007 0.046 0.001 0.022 0.006 0.013 0.046 0.861 
 175 F _   0.007 0.045 0.001 0.019 0.006 0.012 0.043 0.867 
 176 C _   0.007 0.044 0.001 0.016 0.005 0.012 0.041 0.873 
 177 G _   0.007 0.042 0.001 0.014 0.005 0.013 0.040 0.879 
 178 S _   0.008 0.041 0.001 0.013 0.005 0.013 0.038 0.882 
 179 P _   0.009 0.041 0.001 0.013 0.005 0.014 0.036 0.882 
 180 A _   0.010 0.041 0.001 0.014 0.006 0.015 0.034 0.879 
 181 Y _   0.011 0.043 0.001 0.016 0.007 0.017 0.032 0.873 
 182 A _   0.012 0.044 0.001 0.019 0.009 0.018 0.030 0.866 
 183 A _   0.014 0.046 0.001 0.022 0.010 0.020 0.029 0.859 
 184 P _   0.015 0.047 0.001 0.025 0.011 0.021 0.027 0.853 
 185 E _   0.017 0.047 0.001 0.028 0.012 0.021 0.026 0.849 
 186 V _   0.018 0.046 0.001 0.029 0.013 0.021 0.024 0.849 
 187 L _   0.019 0.042 0.001 0.028 0.012 0.021 0.023 0.854 
 188 Q _   0.021 0.037 0.001 0.025 0.011 0.019 0.022 0.863 
 189 G _   0.023 0.029 0.001 0.021 0.010 0.018 0.021 0.876 
 190 I _   0.027 0.021 0.001 0.016 0.009 0.017 0.020 0.890 
 191 P _   0.033 0.012 0.001 0.011 0.007 0.015 0.019 0.901 
 192 Y _   0.042 0.006 0.001 0.007 0.006 0.014 0.018 0.907 
 193 Q _   0.057 0.002 0.001 0.004 0.005 0.012 0.017 0.903 
 194 P _   0.080 0.000 0.001 0.002 0.004 0.012 0.016 0.886 
 195 K _   0.115 0.000 0.001 0.002 0.004 0.011 0.014 0.853 
 196 V _   0.169 0.000 0.001 0.001 0.005 0.011 0.013 0.801 
 197 Y _   0.248 0.000 0.001 0.001 0.006 0.012 0.011 0.722 
 198 D _   0.351 0.000 0.001 0.001 0.008 0.013 0.009 0.617 
 199 I _   0.477 0.000 0.001 0.001 0.010 0.014 0.007 0.489 
 200 W H   0.602 0.000 0.001 0.001 0.013 0.014 0.006 0.363 
 201 S H   0.705 0.000 0.001 0.001 0.016 0.014 0.004 0.259 
 202 L H   0.783 0.000 0.001 0.001 0.018 0.013 0.004 0.180 
 203 G H   0.833 0.000 0.001 0.001 0.020 0.012 0.004 0.129 
 204 V H   0.865 0.000 0.001 0.001 0.020 0.011 0.004 0.098 
 205 I H   0.879 0.000 0.001 0.001 0.021 0.010 0.004 0.083 
 206 L H   0.880 0.000 0.001 0.001 0.022 0.010 0.005 0.080 
 207 Y H   0.870 0.000 0.001 0.001 0.023 0.010 0.006 0.088 
 208 I H   0.844 0.000 0.002 0.001 0.024 0.010 0.008 0.110 
 209 M H   0.796 0.000 0.002 0.002 0.025 0.011 0.011 0.153 
 210 V H   0.719 0.000 0.002 0.003 0.024 0.012 0.017 0.225 
 211 C H   0.611 0.000 0.002 0.004 0.020 0.012 0.025 0.326 
 212 G H   0.485 0.000 0.002 0.004 0.016 0.011 0.036 0.446 
 213 S _   0.358 0.000 0.001 0.003 0.011 0.010 0.047 0.568 
 214 M _   0.243 0.000 0.001 0.003 0.007 0.009 0.059 0.678 
 215 P _   0.151 0.000 0.001 0.002 0.004 0.008 0.069 0.765 
 216 Y _   0.089 0.000 0.000 0.002 0.003 0.007 0.076 0.823 
 217 D _   0.052 0.000 0.000 0.002 0.002 0.006 0.082 0.856 
 218 D _   0.031 0.000 0.000 0.002 0.002 0.007 0.086 0.872 
 219 S _   0.021 0.001 0.000 0.002 0.002 0.008 0.090 0.876 
 220 N _   0.017 0.003 0.000 0.004 0.003 0.009 0.093 0.871 
 221 I _   0.015 0.009 0.000 0.008 0.004 0.012 0.095 0.857 
 222 K _   0.014 0.020 0.001 0.014 0.006 0.015 0.097 0.833 
 223 K _   0.014 0.037 0.001 0.023 0.008 0.017 0.099 0.801 
 224 M _   0.013 0.055 0.001 0.032 0.010 0.019 0.101 0.768 
 225 L _   0.013 0.069 0.001 0.040 0.012 0.020 0.104 0.742 
 226 R _   0.012 0.078 0.001 0.044 0.012 0.020 0.107 0.726 
 227 I _   0.011 0.082 0.001 0.046 0.012 0.019 0.111 0.718 
 228 Q _   0.010 0.082 0.001 0.044 0.012 0.018 0.116 0.716 
 229 K _   0.010 0.080 0.001 0.040 0.011 0.017 0.122 0.719 
 230 E _   0.010 0.074 0.001 0.034 0.009 0.015 0.130 0.727 
 231 H _   0.009 0.066 0.001 0.027 0.008 0.014 0.138 0.737 
 232 R _   0.009 0.057 0.001 0.021 0.006 0.012 0.146 0.748 
 233 V _   0.008 0.047 0.001 0.016 0.005 0.011 0.155 0.758 
 234 N _   0.007 0.039 0.001 0.012 0.004 0.009 0.162 0.766 
 235 F _   0.007 0.033 0.000 0.009 0.003 0.008 0.169 0.771 
 236 P _   0.006 0.029 0.000 0.007 0.003 0.008 0.175 0.773 
 237 R _   0.006 0.026 0.000 0.006 0.002 0.008 0.180 0.772 
 238 S _   0.006 0.025 0.000 0.005 0.002 0.008 0.184 0.769 
 239 K _   0.006 0.026 0.000 0.005 0.002 0.009 0.187 0.764 
 240 H _   0.006 0.028 0.000 0.006 0.003 0.010 0.190 0.755 
 241 L _   0.007 0.032 0.000 0.008 0.004 0.012 0.193 0.743 
 242 T _   0.008 0.040 0.001 0.011 0.005 0.015 0.195 0.725 
 243 G _   0.009 0.052 0.001 0.016 0.007 0.018 0.197 0.700 
 244 E _   0.011 0.066 0.001 0.022 0.010 0.020 0.200 0.671 
 245 C _   0.012 0.082 0.001 0.029 0.012 0.023 0.202 0.639 
 246 K _   0.013 0.096 0.001 0.036 0.015 0.025 0.205 0.609 
 247 D _   0.013 0.106 0.001 0.043 0.017 0.026 0.210 0.584 
 248 L _   0.014 0.112 0.001 0.048 0.018 0.026 0.215 0.565 
 249 I _   0.014 0.115 0.001 0.050 0.019 0.026 0.222 0.553 
 250 Y _   0.015 0.113 0.001 0.050 0.018 0.025 0.231 0.547 
 251 H _   0.014 0.107 0.001 0.046 0.017 0.024 0.242 0.549 
 252 M _   0.014 0.096 0.001 0.039 0.015 0.022 0.254 0.558 
 253 L _   0.014 0.080 0.001 0.030 0.012 0.020 0.269 0.573 
 254 Q _   0.013 0.060 0.001 0.022 0.009 0.018 0.284 0.592 
 255 P _   0.013 0.041 0.001 0.014 0.007 0.017 0.299 0.608 
 256 D _   0.012 0.027 0.001 0.009 0.005 0.016 0.312 0.618 
 257 V _   0.012 0.019 0.001 0.006 0.004 0.015 0.323 0.621 
 258 N _   0.012 0.016 0.000 0.004 0.004 0.016 0.332 0.616 
 259 R _   0.013 0.015 0.000 0.004 0.004 0.017 0.341 0.606 
 260 R _   0.015 0.015 0.000 0.005 0.005 0.019 0.349 0.591 
 261 L _   0.017 0.018 0.001 0.007 0.007 0.022 0.357 0.571 
 262 H _   0.019 0.025 0.001 0.011 0.009 0.026 0.365 0.544 
 263 I _   0.021 0.035 0.001 0.017 0.013 0.029 0.373 0.511 
 264 D _   0.022 0.048 0.001 0.024 0.017 0.032 0.381 0.475 
 265 E _   0.023 0.061 0.002 0.032 0.020 0.033 0.390 0.439 
 266 I _   0.023 0.072 0.002 0.039 0.022 0.033 0.401 0.407 
 267 L X   0.022 0.078 0.002 0.045 0.023 0.033 0.414 0.382 
 268 S X   0.021 0.081 0.002 0.049 0.023 0.031 0.429 0.364 
 269 H X   0.019 0.081 0.002 0.049 0.022 0.029 0.447 0.352 
 270 C X   0.017 0.078 0.002 0.046 0.019 0.026 0.467 0.344 
 271 W X   0.015 0.071 0.001 0.041 0.016 0.023 0.491 0.341 
 272 M X   0.013 0.062 0.001 0.034 0.013 0.019 0.516 0.340 
 273 Q X   0.011 0.050 0.001 0.027 0.010 0.016 0.544 0.340 
 274 P X   0.010 0.038 0.001 0.019 0.008 0.014 0.571 0.340 
 275 K X   0.008 0.027 0.001 0.014 0.005 0.011 0.596 0.336 
 276 A X   0.007 0.020 0.001 0.010 0.004 0.009 0.619 0.330 
 277 R X   0.006 0.014 0.000 0.008 0.003 0.008 0.638 0.322 
 278 G X   0.005 0.011 0.000 0.007 0.003 0.007 0.656 0.311 
 279 S X   0.004 0.009 0.000 0.007 0.002 0.006 0.672 0.299 
 280 P X   0.004 0.007 0.000 0.007 0.002 0.006 0.687 0.286 
 281 S X   0.004 0.006 0.000 0.007 0.002 0.005 0.702 0.274 
 282 V X   0.003 0.005 0.000 0.007 0.002 0.005 0.715 0.262 
 283 A X   0.003 0.005 0.000 0.007 0.002 0.004 0.727 0.251 
 284 I X   0.003 0.004 0.000 0.006 0.002 0.004 0.739 0.242 
 285 N X   0.002 0.003 0.000 0.005 0.001 0.003 0.750 0.234 
 286 K X   0.002 0.003 0.000 0.005 0.001 0.003 0.760 0.226 
 287 E X   0.002 0.002 0.000 0.004 0.001 0.003 0.769 0.219 
 288 G X   0.002 0.002 0.000 0.003 0.001 0.003 0.777 0.212 
 289 E X   0.002 0.002 0.000 0.003 0.001 0.003 0.784 0.206 
 290 S X   0.002 0.002 0.000 0.003 0.001 0.003 0.790 0.199 
 291 S X   0.002 0.002 0.000 0.004 0.001 0.003 0.796 0.192 
 292 R X   0.002 0.002 0.000 0.005 0.001 0.003 0.802 0.184 
 293 G X   0.002 0.003 0.000 0.006 0.001 0.004 0.808 0.176 
 294 T X   0.002 0.003 0.000 0.008 0.002 0.004 0.814 0.167 
 295 E X   0.002 0.004 0.000 0.009 0.002 0.004 0.820 0.158 
 296 P X   0.002 0.004 0.000 0.011 0.002 0.004 0.828 0.149 
 297 L X   0.002 0.004 0.000 0.011 0.002 0.004 0.836 0.141 
 298 W X   0.002 0.004 0.000 0.010 0.002 0.004 0.844 0.134 
 299 T X   0.002 0.003 0.000 0.009 0.002 0.003 0.854 0.127 
 300 P X   0.002 0.003 0.000 0.007 0.001 0.003 0.863 0.121 
 301 E X   0.001 0.002 0.000 0.005 0.001 0.002 0.872 0.116 
 302 P X   0.001 0.001 0.000 0.004 0.001 0.002 0.880 0.111 
 303 G X   0.001 0.001 0.000 0.002 0.001 0.002 0.887 0.106 
 304 S X   0.001 0.001 0.000 0.002 0.000 0.001 0.893 0.102 
 305 D X   0.001 0.001 0.000 0.001 0.000 0.001 0.897 0.098 
 306 K X   0.001 0.000 0.000 0.001 0.000 0.001 0.901 0.095 
 307 K X   0.001 0.000 0.000 0.001 0.000 0.001 0.904 0.092 
 308 S X   0.001 0.000 0.000 0.001 0.000 0.001 0.906 0.090 
 309 A X   0.001 0.001 0.000 0.001 0.000 0.001 0.907 0.088 
 310 T X   0.001 0.001 0.000 0.002 0.000 0.001 0.908 0.087 
 311 K X   0.001 0.001 0.000 0.002 0.000 0.001 0.909 0.086 
 312 L X   0.001 0.001 0.000 0.002 0.000 0.001 0.909 0.085 
 313 E X   0.001 0.001 0.000 0.002 0.000 0.001 0.909 0.085 
 314 P X   0.001 0.001 0.000 0.002 0.000 0.001 0.909 0.085 
 315 E X   0.001 0.001 0.000 0.002 0.000 0.001 0.908 0.085 
 316 G X   0.001 0.001 0.000 0.002 0.000 0.001 0.908 0.086 
 317 E X   0.001 0.002 0.000 0.002 0.000 0.001 0.907 0.086 
 318 A X   0.001 0.002 0.000 0.002 0.000 0.001 0.906 0.087 
 319 Q X   0.001 0.002 0.000 0.002 0.000 0.001 0.905 0.089 
 320 P X   0.001 0.002 0.000 0.002 0.000 0.001 0.903 0.090 
 321 Q X   0.001 0.003 0.000 0.002 0.000 0.001 0.901 0.092 
 322 A X   0.001 0.003 0.000 0.002 0.000 0.001 0.898 0.095 
 323 Q X   0.001 0.004 0.000 0.002 0.001 0.002 0.894 0.097 
 324 P X   0.001 0.006 0.000 0.002 0.001 0.002 0.889 0.099 
 325 E X   0.001 0.009 0.000 0.003 0.001 0.003 0.882 0.101 
 326 T X   0.001 0.014 0.000 0.004 0.001 0.003 0.874 0.102 
 327 K X   0.001 0.022 0.000 0.006 0.002 0.004 0.864 0.100 
 328 P X   0.001 0.034 0.000 0.009 0.003 0.005 0.852 0.096 
 329 E X   0.001 0.050 0.000 0.012 0.003 0.005 0.839 0.089 
 330 G X   0.001 0.067 0.001 0.014 0.004 0.006 0.826 0.081 
 331 T X   0.001 0.083 0.001 0.016 0.004 0.006 0.816 0.074 
 332 A X   0.001 0.096 0.000 0.017 0.004 0.006 0.808 0.067 
 333 M X   0.001 0.106 0.000 0.018 0.004 0.006 0.802 0.063 
 334 Q X   0.001 0.112 0.000 0.019 0.004 0.006 0.798 0.060 
 335 M X   0.001 0.116 0.000 0.019 0.004 0.006 0.796 0.058 
 336 S X   0.001 0.118 0.000 0.019 0.004 0.006 0.795 0.057 
 337 R X   0.001 0.119 0.000 0.019 0.004 0.006 0.795 0.055 
 338 Q X   0.001 0.118 0.000 0.019 0.004 0.005 0.797 0.055 
 339 S X   0.001 0.116 0.000 0.018 0.004 0.005 0.800 0.054 
 340 E X   0.002 0.113 0.000 0.018 0.004 0.005 0.804 0.054 
 341 I X   0.002 0.108 0.000 0.017 0.004 0.005 0.810 0.054 
 342 L X   0.002 0.100 0.000 0.016 0.004 0.005 0.818 0.055 
 343 G X   0.002 0.090 0.001 0.014 0.004 0.005 0.828 0.056 
 344 F X   0.002 0.077 0.001 0.013 0.004 0.005 0.841 0.058 
 345 P X   0.002 0.063 0.001 0.011 0.004 0.005 0.855 0.059 
 346 S X   0.002 0.049 0.001 0.010 0.003 0.005 0.871 0.060 
 347 K X   0.002 0.036 0.000 0.008 0.003 0.004 0.887 0.059 
 348 P X   0.002 0.026 0.000 0.007 0.002 0.004 0.902 0.056 
 349 S X   0.002 0.019 0.000 0.006 0.002 0.004 0.915 0.052 
 350 T X   0.002 0.013 0.000 0.005 0.002 0.003 0.928 0.047 
 351 M X   0.002 0.009 0.000 0.004 0.001 0.003 0.939 0.042 
 352 E X   0.001 0.006 0.000 0.003 0.001 0.002 0.948 0.037 
 353 T X   0.001 0.004 0.000 0.003 0.001 0.002 0.956 0.033 
 354 E X   0.001 0.003 0.000 0.002 0.001 0.001 0.963 0.029 
 355 E X   0.001 0.002 0.000 0.002 0.000 0.001 0.968 0.026 
 356 G X   0.001 0.001 0.000 0.001 0.000 0.001 0.972 0.024 
 357 P X   0.000 0.001 0.000 0.001 0.000 0.001 0.976 0.021 
 358 P X   0.000 0.000 0.000 0.001 0.000 0.000 0.978 0.020 
 359 Q X   0.000 0.000 0.000 0.000 0.000 0.000 0.980 0.018 
 360 Q X   0.000 0.000 0.000 0.000 0.000 0.000 0.981 0.017 
 361 P X   0.000 0.000 0.000 0.000 0.000 0.000 0.982 0.017 
 362 P X   0.000 0.000 0.000 0.000 0.000 0.000 0.983 0.016 
 363 E X   0.000 0.000 0.000 0.000 0.000 0.000 0.983 0.016 
 364 T X   0.000 0.000 0.000 0.000 0.000 0.000 0.983 0.017 
 365 R X   0.000 0.000 0.000 0.000 0.000 0.000 0.981 0.018 
 366 A X   0.000 0.000 0.000 0.001 0.000 0.000 0.976 0.022 
 367 Q X   0.001 0.000 0.001 0.008 0.002 0.002 0.956 0.029 
