#TopoPred_TM8: 8-state transmembrane topology prediction results by no_profile mode 
#probabilities are in the order of H E C I L F X _, the 8 transmembrane topology types used in PDBTM 
   1 M X   0.018 0.002 0.002 0.058 0.011 0.013 0.514 0.383 
   2 A X   0.005 0.001 0.000 0.033 0.002 0.007 0.525 0.427 
   3 G X   0.002 0.001 0.000 0.019 0.001 0.006 0.524 0.448 
   4 N X   0.002 0.001 0.000 0.016 0.001 0.008 0.516 0.456 
   5 C X   0.004 0.002 0.000 0.018 0.002 0.015 0.499 0.459 
   6 G X   0.009 0.005 0.001 0.022 0.005 0.025 0.475 0.458 
   7 A _   0.015 0.012 0.001 0.031 0.009 0.036 0.446 0.451 
   8 R _   0.021 0.021 0.001 0.043 0.014 0.045 0.411 0.443 
   9 G _   0.026 0.031 0.002 0.057 0.020 0.052 0.375 0.436 
  10 A _   0.030 0.040 0.002 0.070 0.027 0.057 0.340 0.435 
  11 L _   0.033 0.045 0.002 0.076 0.032 0.060 0.309 0.442 
  12 S _   0.039 0.046 0.002 0.076 0.035 0.061 0.284 0.457 
  13 A _   0.046 0.045 0.002 0.068 0.035 0.060 0.264 0.478 
  14 H _   0.056 0.039 0.002 0.056 0.033 0.059 0.247 0.507 
  15 T _   0.069 0.030 0.002 0.040 0.029 0.057 0.232 0.540 
  16 L _   0.082 0.020 0.002 0.026 0.024 0.054 0.220 0.571 
  17 L _   0.098 0.010 0.002 0.015 0.019 0.051 0.208 0.597 
  18 F _   0.115 0.004 0.001 0.008 0.015 0.049 0.197 0.612 
  19 D _   0.134 0.001 0.001 0.004 0.012 0.047 0.186 0.615 
  20 L _   0.158 0.000 0.001 0.003 0.011 0.046 0.175 0.606 
  21 P _   0.186 0.000 0.001 0.002 0.012 0.047 0.164 0.587 
  22 P _   0.219 0.000 0.001 0.002 0.015 0.049 0.154 0.559 
  23 A _   0.254 0.000 0.001 0.003 0.020 0.051 0.146 0.525 
  24 L _   0.285 0.000 0.002 0.004 0.026 0.053 0.138 0.492 
  25 L _   0.307 0.001 0.002 0.006 0.033 0.055 0.132 0.465 
  26 G _   0.321 0.001 0.002 0.009 0.038 0.055 0.127 0.447 
  27 E _   0.324 0.002 0.002 0.012 0.040 0.053 0.124 0.442 
  28 L _   0.317 0.003 0.002 0.014 0.040 0.051 0.121 0.452 
  29 C _   0.301 0.003 0.002 0.014 0.037 0.047 0.120 0.477 
  30 A _   0.275 0.003 0.002 0.013 0.031 0.042 0.118 0.516 
  31 V _   0.243 0.002 0.002 0.010 0.024 0.037 0.117 0.565 
  32 L _   0.207 0.001 0.001 0.007 0.017 0.032 0.116 0.618 
  33 D _   0.171 0.001 0.001 0.005 0.012 0.028 0.115 0.668 
  34 S _   0.140 0.000 0.001 0.003 0.008 0.025 0.114 0.708 
  35 C _   0.116 0.000 0.001 0.003 0.007 0.023 0.113 0.738 
  36 D _   0.097 0.000 0.001 0.003 0.006 0.023 0.112 0.758 
  37 G _   0.084 0.001 0.001 0.004 0.006 0.023 0.111 0.770 
  38 A _   0.075 0.001 0.001 0.006 0.008 0.024 0.110 0.775 
  39 L _   0.068 0.003 0.001 0.009 0.009 0.026 0.108 0.776 
  40 G _   0.061 0.005 0.001 0.013 0.011 0.027 0.107 0.775 
  41 W _   0.055 0.007 0.001 0.017 0.013 0.027 0.106 0.775 
  42 R _   0.049 0.008 0.001 0.020 0.013 0.027 0.105 0.777 
  43 G _   0.043 0.009 0.001 0.021 0.013 0.026 0.104 0.783 
  44 L _   0.037 0.009 0.001 0.019 0.012 0.024 0.103 0.793 
  45 A _   0.032 0.009 0.001 0.017 0.010 0.023 0.103 0.805 
  46 E _   0.028 0.008 0.001 0.013 0.009 0.021 0.102 0.818 
  47 R _   0.025 0.007 0.001 0.010 0.007 0.019 0.102 0.829 
  48 L _   0.022 0.006 0.001 0.008 0.006 0.018 0.102 0.837 
  49 S _   0.021 0.006 0.001 0.007 0.006 0.017 0.101 0.841 
  50 S _   0.020 0.006 0.001 0.008 0.006 0.017 0.101 0.842 
  51 S _   0.020 0.007 0.001 0.009 0.006 0.017 0.100 0.840 
  52 W _   0.020 0.008 0.001 0.011 0.007 0.018 0.100 0.835 
  53 L _   0.021 0.010 0.001 0.015 0.008 0.018 0.100 0.829 
  54 D _   0.021 0.011 0.001 0.018 0.009 0.018 0.099 0.822 
  55 V _   0.021 0.013 0.001 0.021 0.010 0.018 0.099 0.817 
  56 R _   0.021 0.013 0.001 0.023 0.010 0.017 0.100 0.816 
  57 H _   0.019 0.013 0.001 0.022 0.009 0.016 0.100 0.819 
  58 I _   0.018 0.012 0.001 0.020 0.008 0.014 0.101 0.827 
  59 E _   0.016 0.010 0.001 0.016 0.006 0.013 0.102 0.837 
  60 K _   0.013 0.007 0.001 0.012 0.005 0.011 0.102 0.849 
  61 Y _   0.011 0.005 0.000 0.008 0.003 0.009 0.103 0.861 
  62 V _   0.010 0.003 0.000 0.005 0.002 0.008 0.102 0.869 
  63 D _   0.008 0.002 0.000 0.003 0.002 0.007 0.102 0.875 
  64 Q _   0.008 0.002 0.000 0.003 0.002 0.008 0.101 0.878 
  65 G _   0.008 0.002 0.000 0.003 0.002 0.009 0.100 0.877 
  66 K _   0.009 0.003 0.000 0.004 0.003 0.011 0.098 0.872 
  67 S _   0.011 0.006 0.000 0.007 0.004 0.014 0.095 0.862 
  68 G _   0.013 0.013 0.001 0.012 0.007 0.018 0.092 0.844 
  69 T _   0.015 0.024 0.001 0.020 0.010 0.022 0.089 0.819 
  70 R _   0.016 0.037 0.001 0.031 0.014 0.025 0.085 0.791 
  71 E _   0.017 0.047 0.001 0.041 0.016 0.027 0.082 0.768 
  72 L _   0.017 0.053 0.001 0.048 0.018 0.028 0.079 0.756 
  73 L _   0.017 0.056 0.001 0.049 0.017 0.027 0.077 0.755 
  74 W _   0.017 0.055 0.001 0.047 0.016 0.026 0.076 0.762 
  75 S _   0.016 0.050 0.001 0.040 0.015 0.024 0.075 0.779 
  76 W _   0.016 0.042 0.001 0.031 0.012 0.022 0.075 0.801 
  77 A _   0.016 0.030 0.001 0.021 0.010 0.021 0.074 0.827 
  78 Q _   0.016 0.019 0.001 0.014 0.007 0.019 0.074 0.851 
  79 K _   0.016 0.010 0.001 0.008 0.005 0.018 0.074 0.868 
  80 N _   0.016 0.005 0.000 0.005 0.004 0.018 0.073 0.876 
  81 K _   0.018 0.003 0.000 0.004 0.004 0.019 0.073 0.878 
  82 T _   0.021 0.003 0.000 0.004 0.004 0.021 0.072 0.874 
  83 I _   0.026 0.003 0.001 0.005 0.006 0.024 0.071 0.865 
  84 G _   0.032 0.003 0.001 0.007 0.008 0.029 0.070 0.850 
  85 D _   0.038 0.005 0.001 0.011 0.012 0.033 0.068 0.832 
  86 L _   0.044 0.007 0.001 0.016 0.015 0.037 0.067 0.812 
  87 L _   0.049 0.010 0.001 0.021 0.019 0.040 0.065 0.794 
  88 Q _   0.053 0.011 0.002 0.025 0.021 0.043 0.064 0.781 
  89 V _   0.056 0.012 0.002 0.026 0.022 0.044 0.063 0.775 
  90 L _   0.059 0.011 0.002 0.024 0.022 0.044 0.063 0.777 
  91 Q _   0.061 0.010 0.001 0.020 0.020 0.043 0.062 0.783 
  92 E _   0.062 0.008 0.001 0.016 0.018 0.042 0.062 0.791 
  93 M _   0.063 0.006 0.001 0.012 0.015 0.041 0.062 0.800 
  94 G _   0.065 0.004 0.001 0.008 0.013 0.041 0.061 0.806 
  95 H _   0.068 0.003 0.001 0.006 0.012 0.040 0.061 0.808 
  96 R _   0.071 0.003 0.001 0.005 0.012 0.041 0.061 0.806 
  97 R _   0.076 0.004 0.001 0.006 0.013 0.042 0.061 0.798 
  98 A _   0.081 0.005 0.001 0.007 0.016 0.043 0.061 0.785 
  99 I _   0.086 0.009 0.001 0.010 0.019 0.045 0.061 0.768 
 100 H _   0.091 0.014 0.002 0.015 0.023 0.046 0.061 0.748 
 101 L _   0.092 0.022 0.002 0.021 0.027 0.046 0.062 0.728 
 102 I _   0.090 0.029 0.002 0.029 0.029 0.045 0.063 0.713 
 103 T _   0.087 0.035 0.002 0.035 0.029 0.043 0.064 0.704 
 104 N _   0.080 0.039 0.002 0.040 0.028 0.040 0.066 0.705 
 105 Y _   0.072 0.040 0.002 0.041 0.025 0.036 0.068 0.716 
 106 G _   0.061 0.038 0.002 0.038 0.021 0.032 0.071 0.737 
 107 A _   0.051 0.034 0.001 0.032 0.016 0.026 0.074 0.766 
 108 V _   0.040 0.028 0.001 0.025 0.011 0.021 0.076 0.797 
 109 L _   0.031 0.021 0.001 0.017 0.007 0.017 0.079 0.827 
 110 S _   0.023 0.015 0.001 0.011 0.005 0.013 0.081 0.853 
 111 P _   0.016 0.010 0.000 0.007 0.003 0.010 0.082 0.871 
 112 S _   0.012 0.008 0.000 0.004 0.002 0.008 0.082 0.883 
 113 E _   0.009 0.007 0.000 0.003 0.002 0.007 0.083 0.889 
 114 K _   0.007 0.007 0.000 0.003 0.002 0.007 0.082 0.892 
 115 S _   0.006 0.009 0.000 0.004 0.002 0.007 0.081 0.891 
 116 Y _   0.006 0.012 0.000 0.005 0.002 0.008 0.080 0.886 
 117 Q _   0.006 0.019 0.000 0.008 0.003 0.009 0.078 0.876 
 118 E _   0.007 0.032 0.001 0.011 0.004 0.011 0.076 0.858 
 119 G _   0.007 0.051 0.001 0.016 0.006 0.013 0.072 0.834 
 120 G _   0.007 0.074 0.001 0.021 0.007 0.014 0.069 0.806 
 121 F _   0.007 0.097 0.001 0.027 0.009 0.016 0.066 0.778 
 122 P _   0.008 0.119 0.001 0.031 0.010 0.017 0.062 0.753 
 123 N _   0.008 0.136 0.001 0.034 0.011 0.018 0.060 0.733 
 124 I _   0.008 0.148 0.001 0.037 0.011 0.018 0.058 0.719 
 125 L _   0.008 0.157 0.001 0.038 0.012 0.019 0.056 0.710 
 126 F _   0.009 0.162 0.001 0.037 0.012 0.019 0.055 0.706 
 127 K _   0.009 0.164 0.001 0.036 0.012 0.019 0.055 0.705 
 128 E _   0.010 0.163 0.001 0.034 0.011 0.018 0.054 0.708 
 129 T _   0.010 0.161 0.001 0.032 0.011 0.018 0.054 0.713 
 130 A _   0.010 0.156 0.001 0.030 0.010 0.017 0.055 0.721 
 131 N _   0.011 0.150 0.001 0.028 0.010 0.017 0.055 0.729 
 132 V _   0.011 0.143 0.001 0.027 0.009 0.016 0.056 0.737 
 133 T _   0.012 0.134 0.001 0.025 0.009 0.015 0.057 0.747 
 134 V _   0.012 0.124 0.001 0.024 0.008 0.015 0.058 0.759 
 135 D _   0.012 0.112 0.001 0.022 0.007 0.014 0.059 0.773 
 136 N _   0.011 0.099 0.001 0.020 0.007 0.013 0.061 0.789 
 137 V _   0.011 0.085 0.001 0.017 0.006 0.012 0.062 0.808 
 138 L _   0.010 0.070 0.001 0.013 0.005 0.011 0.063 0.827 
 139 I _   0.009 0.057 0.001 0.010 0.004 0.010 0.064 0.846 
 140 P _   0.008 0.047 0.000 0.008 0.003 0.009 0.064 0.860 
 141 E _   0.007 0.041 0.000 0.006 0.002 0.009 0.064 0.871 
 142 H _   0.007 0.037 0.000 0.005 0.002 0.008 0.064 0.876 
 143 N _   0.007 0.037 0.000 0.005 0.002 0.009 0.063 0.878 
 144 E _   0.007 0.038 0.000 0.005 0.003 0.010 0.062 0.875 
 145 K _   0.008 0.042 0.000 0.007 0.003 0.012 0.060 0.868 
 146 G _   0.008 0.051 0.001 0.010 0.004 0.014 0.058 0.855 
 147 I _   0.009 0.064 0.001 0.013 0.006 0.016 0.056 0.836 
 148 L _   0.010 0.081 0.001 0.017 0.007 0.017 0.053 0.814 
 149 L _   0.010 0.100 0.001 0.021 0.009 0.019 0.050 0.790 
 150 K _   0.011 0.118 0.001 0.025 0.010 0.021 0.047 0.767 
 151 S _   0.011 0.134 0.001 0.028 0.012 0.022 0.045 0.747 
 152 S _   0.012 0.147 0.001 0.031 0.013 0.023 0.043 0.729 
 153 I _   0.012 0.158 0.001 0.035 0.015 0.024 0.041 0.714 
 154 S _   0.013 0.165 0.001 0.038 0.016 0.025 0.039 0.702 
 155 F _   0.014 0.170 0.001 0.041 0.017 0.025 0.038 0.693 
 156 Q _   0.015 0.172 0.001 0.043 0.017 0.025 0.037 0.689 
 157 N _   0.016 0.170 0.001 0.043 0.017 0.025 0.037 0.691 
 158 I _   0.016 0.164 0.001 0.042 0.016 0.024 0.037 0.700 
 159 I _   0.016 0.153 0.001 0.039 0.015 0.022 0.037 0.716 
 160 E _   0.016 0.137 0.001 0.034 0.013 0.021 0.037 0.741 
 161 G _   0.015 0.113 0.001 0.028 0.011 0.019 0.038 0.774 
 162 T _   0.015 0.085 0.001 0.021 0.009 0.017 0.039 0.812 
 163 R _   0.014 0.058 0.001 0.015 0.007 0.016 0.040 0.850 
 164 N _   0.012 0.036 0.001 0.011 0.006 0.015 0.040 0.880 
 165 F _   0.011 0.022 0.001 0.007 0.004 0.014 0.040 0.901 
 166 H _   0.011 0.015 0.000 0.006 0.004 0.014 0.040 0.911 
 167 K _   0.011 0.011 0.000 0.005 0.003 0.014 0.040 0.915 
 168 D _   0.012 0.010 0.000 0.005 0.004 0.016 0.039 0.914 
 169 F _   0.014 0.010 0.001 0.006 0.005 0.018 0.038 0.908 
 170 L _   0.016 0.011 0.001 0.008 0.006 0.021 0.037 0.899 
 171 I _   0.020 0.013 0.001 0.012 0.009 0.025 0.036 0.885 
 172 G _   0.023 0.016 0.001 0.015 0.012 0.029 0.035 0.869 
 173 E _   0.027 0.019 0.001 0.019 0.015 0.033 0.034 0.853 
 174 G _   0.031 0.022 0.001 0.022 0.017 0.036 0.033 0.838 
 175 E _   0.036 0.023 0.001 0.024 0.019 0.038 0.032 0.827 
 176 I _   0.039 0.024 0.001 0.023 0.020 0.040 0.031 0.821 
 177 F _   0.043 0.024 0.001 0.022 0.020 0.041 0.031 0.818 
 178 E _   0.046 0.023 0.001 0.019 0.020 0.042 0.030 0.819 
 179 V _   0.049 0.021 0.001 0.016 0.019 0.042 0.030 0.822 
 180 Y _   0.051 0.020 0.001 0.013 0.018 0.042 0.030 0.825 
 181 R _   0.053 0.019 0.001 0.012 0.017 0.041 0.029 0.827 
 182 V _   0.055 0.019 0.001 0.011 0.016 0.041 0.029 0.827 
 183 E _   0.057 0.020 0.001 0.011 0.016 0.041 0.029 0.823 
 184 I _   0.058 0.022 0.001 0.012 0.017 0.041 0.029 0.819 
 185 Q _   0.059 0.024 0.001 0.014 0.018 0.041 0.029 0.813 
 186 N _   0.059 0.027 0.001 0.018 0.019 0.040 0.030 0.806 
 187 L _   0.057 0.031 0.001 0.022 0.020 0.039 0.030 0.800 
 188 T _   0.054 0.034 0.001 0.025 0.020 0.037 0.030 0.798 
 189 Y _   0.050 0.035 0.001 0.028 0.019 0.035 0.031 0.800 
 190 A _   0.045 0.036 0.001 0.029 0.017 0.032 0.031 0.808 
 191 V _   0.040 0.034 0.001 0.028 0.015 0.028 0.032 0.821 
 192 K _   0.034 0.031 0.001 0.025 0.012 0.024 0.033 0.838 
 193 L _   0.029 0.027 0.001 0.021 0.010 0.021 0.034 0.858 
 194 F _   0.024 0.021 0.001 0.017 0.007 0.018 0.035 0.878 
 195 K _   0.020 0.015 0.001 0.013 0.006 0.015 0.035 0.896 
 196 Q _   0.016 0.010 0.001 0.009 0.004 0.013 0.036 0.911 
 197 E _   0.014 0.006 0.000 0.007 0.003 0.011 0.036 0.922 
 198 K _   0.012 0.004 0.000 0.005 0.003 0.010 0.036 0.930 
 199 K _   0.012 0.002 0.000 0.005 0.002 0.009 0.036 0.934 
 200 M _   0.013 0.001 0.000 0.004 0.002 0.009 0.036 0.935 
 201 Q _   0.015 0.001 0.000 0.004 0.002 0.010 0.035 0.933 
 202 C _   0.019 0.000 0.000 0.004 0.002 0.011 0.034 0.929 
 203 K _   0.027 0.000 0.000 0.004 0.003 0.013 0.033 0.920 
 204 K _   0.039 0.000 0.000 0.004 0.004 0.016 0.031 0.906 
 205 H _   0.058 0.000 0.001 0.004 0.005 0.019 0.029 0.884 
 206 W _   0.088 0.000 0.001 0.004 0.007 0.024 0.027 0.850 
 207 K _   0.128 0.000 0.001 0.004 0.010 0.029 0.025 0.803 
 208 R _   0.178 0.000 0.001 0.004 0.015 0.035 0.022 0.743 
 209 F _   0.236 0.000 0.001 0.005 0.022 0.041 0.020 0.675 
 210 L _   0.295 0.000 0.002 0.006 0.029 0.046 0.017 0.604 
 211 S _   0.350 0.001 0.002 0.007 0.035 0.049 0.016 0.542 
 212 E _   0.394 0.001 0.002 0.008 0.039 0.050 0.014 0.492 
 213 L _   0.427 0.001 0.002 0.009 0.040 0.049 0.013 0.458 
 214 E H   0.450 0.001 0.002 0.009 0.039 0.047 0.013 0.439 
 215 V H   0.462 0.001 0.002 0.008 0.036 0.044 0.012 0.434 
 216 L H   0.464 0.001 0.002 0.006 0.031 0.040 0.012 0.444 
 217 L _   0.456 0.001 0.002 0.005 0.025 0.037 0.012 0.463 
 218 L _   0.441 0.000 0.001 0.003 0.020 0.033 0.012 0.490 
 219 F _   0.421 0.000 0.001 0.002 0.015 0.031 0.012 0.518 
 220 H _   0.397 0.000 0.001 0.001 0.012 0.029 0.012 0.548 
 221 H _   0.375 0.000 0.001 0.001 0.010 0.028 0.012 0.573 
 222 P _   0.356 0.000 0.001 0.001 0.010 0.028 0.013 0.591 
 223 N _   0.341 0.000 0.001 0.002 0.011 0.029 0.013 0.603 
 224 I _   0.329 0.000 0.001 0.003 0.013 0.031 0.013 0.609 
 225 L _   0.316 0.001 0.001 0.005 0.017 0.033 0.014 0.613 
 226 E _   0.300 0.001 0.001 0.008 0.020 0.034 0.015 0.620 
 227 L _   0.279 0.002 0.002 0.011 0.022 0.035 0.015 0.634 
 228 A _   0.252 0.002 0.002 0.014 0.023 0.035 0.016 0.657 
 229 A _   0.222 0.002 0.002 0.014 0.021 0.033 0.017 0.688 
 230 Y _   0.190 0.002 0.002 0.013 0.019 0.031 0.018 0.725 
 231 F _   0.158 0.002 0.001 0.011 0.016 0.029 0.019 0.765 
 232 T _   0.129 0.001 0.001 0.009 0.012 0.026 0.019 0.802 
 233 E _   0.104 0.001 0.001 0.007 0.010 0.024 0.020 0.834 
 234 T _   0.083 0.001 0.001 0.005 0.008 0.022 0.020 0.859 
 235 E _   0.067 0.001 0.001 0.005 0.007 0.021 0.021 0.877 
 236 K _   0.055 0.001 0.001 0.006 0.007 0.021 0.021 0.889 
 237 F _   0.046 0.002 0.001 0.007 0.007 0.021 0.021 0.896 
 238 C _   0.040 0.003 0.001 0.009 0.008 0.021 0.021 0.898 
 239 L _   0.035 0.005 0.001 0.011 0.008 0.021 0.021 0.898 
 240 I _   0.031 0.007 0.001 0.014 0.009 0.021 0.021 0.897 
 241 Y _   0.028 0.008 0.001 0.016 0.009 0.021 0.021 0.896 
 242 P _   0.025 0.010 0.001 0.017 0.010 0.020 0.021 0.897 
 243 Y _   0.023 0.011 0.001 0.017 0.010 0.020 0.021 0.899 
 244 M _   0.020 0.011 0.001 0.017 0.009 0.019 0.020 0.902 
 245 R _   0.018 0.012 0.001 0.016 0.009 0.018 0.020 0.905 
 246 N _   0.017 0.012 0.001 0.016 0.008 0.018 0.020 0.910 
 247 G _   0.015 0.011 0.001 0.015 0.008 0.017 0.020 0.913 
 248 T _   0.014 0.011 0.001 0.015 0.007 0.016 0.020 0.916 
 249 L _   0.013 0.011 0.001 0.015 0.007 0.015 0.020 0.917 
 250 F _   0.013 0.010 0.001 0.015 0.007 0.015 0.020 0.919 
 251 D _   0.013 0.010 0.001 0.015 0.007 0.014 0.020 0.921 
 252 R _   0.013 0.009 0.001 0.015 0.006 0.014 0.020 0.923 
 253 L _   0.013 0.007 0.001 0.013 0.006 0.013 0.020 0.927 
 254 Q _   0.013 0.006 0.001 0.012 0.005 0.012 0.020 0.931 
 255 C _   0.014 0.004 0.001 0.009 0.005 0.012 0.020 0.935 
 256 V _   0.017 0.003 0.000 0.007 0.004 0.012 0.020 0.937 
 257 G _   0.022 0.001 0.000 0.005 0.004 0.012 0.019 0.936 
 258 D _   0.030 0.001 0.000 0.004 0.003 0.013 0.018 0.930 
 259 T _   0.044 0.000 0.000 0.003 0.004 0.014 0.018 0.916 
 260 A _   0.066 0.000 0.001 0.003 0.005 0.017 0.017 0.892 
 261 P _   0.101 0.000 0.001 0.002 0.006 0.020 0.016 0.854 
 262 L _   0.148 0.000 0.001 0.002 0.008 0.025 0.014 0.801 
 263 P _   0.208 0.000 0.001 0.003 0.012 0.030 0.013 0.733 
 264 W _   0.277 0.000 0.001 0.003 0.017 0.036 0.011 0.654 
 265 H _   0.347 0.000 0.001 0.003 0.024 0.041 0.010 0.573 
 266 I _   0.412 0.000 0.002 0.004 0.031 0.045 0.009 0.497 
 267 R H   0.467 0.000 0.002 0.004 0.038 0.048 0.008 0.433 
 268 I H   0.509 0.000 0.002 0.004 0.044 0.049 0.008 0.382 
 269 G H   0.538 0.000 0.002 0.005 0.049 0.049 0.007 0.349 
 270 I H   0.555 0.001 0.002 0.005 0.051 0.048 0.007 0.330 
 271 L H   0.560 0.001 0.002 0.006 0.052 0.047 0.008 0.324 
 272 I H   0.553 0.001 0.002 0.006 0.052 0.046 0.008 0.332 
 273 G H   0.534 0.001 0.002 0.007 0.050 0.044 0.009 0.354 
 274 I H   0.502 0.001 0.002 0.007 0.045 0.041 0.010 0.391 
 275 S H   0.458 0.001 0.002 0.007 0.039 0.039 0.011 0.443 
 276 K _   0.403 0.001 0.002 0.007 0.031 0.036 0.013 0.507 
 277 A _   0.343 0.000 0.002 0.006 0.024 0.033 0.014 0.577 
 278 I _   0.281 0.000 0.001 0.005 0.017 0.030 0.016 0.648 
 279 H _   0.225 0.000 0.001 0.004 0.012 0.027 0.017 0.713 
 280 Y _   0.179 0.000 0.001 0.004 0.009 0.025 0.018 0.764 
 281 L _   0.144 0.000 0.001 0.003 0.007 0.024 0.019 0.802 
 282 H _   0.121 0.000 0.001 0.002 0.006 0.024 0.020 0.826 
 283 N _   0.107 0.000 0.001 0.002 0.006 0.026 0.021 0.838 
 284 V _   0.099 0.000 0.001 0.003 0.007 0.028 0.021 0.841 
 285 Q _   0.097 0.001 0.001 0.003 0.009 0.032 0.022 0.836 
 286 P _   0.099 0.003 0.001 0.005 0.013 0.037 0.022 0.820 
 287 C _   0.104 0.008 0.001 0.009 0.019 0.042 0.022 0.795 
 288 S _   0.108 0.018 0.002 0.014 0.026 0.047 0.022 0.763 
 289 V _   0.110 0.033 0.002 0.021 0.033 0.051 0.023 0.727 
 290 I _   0.109 0.048 0.002 0.029 0.038 0.052 0.023 0.697 
 291 C _   0.106 0.062 0.002 0.037 0.041 0.053 0.024 0.675 
 292 G _   0.100 0.072 0.002 0.043 0.042 0.051 0.025 0.664 
 293 S _   0.093 0.078 0.002 0.046 0.040 0.049 0.026 0.665 
 294 I _   0.085 0.079 0.002 0.047 0.037 0.045 0.028 0.677 
 295 S _   0.074 0.078 0.002 0.045 0.032 0.041 0.030 0.699 
 296 S _   0.063 0.072 0.002 0.040 0.026 0.036 0.032 0.729 
 297 A _   0.052 0.063 0.002 0.034 0.019 0.030 0.035 0.765 
 298 N _   0.042 0.052 0.001 0.026 0.014 0.025 0.037 0.803 
 299 I _   0.033 0.039 0.001 0.019 0.009 0.021 0.039 0.838 
 300 L _   0.025 0.027 0.001 0.013 0.006 0.017 0.041 0.869 
 301 L _   0.019 0.018 0.001 0.009 0.004 0.014 0.043 0.892 
 302 D _   0.014 0.012 0.000 0.006 0.003 0.012 0.044 0.908 
 303 D _   0.011 0.009 0.000 0.004 0.002 0.011 0.044 0.918 
 304 Q _   0.010 0.008 0.000 0.003 0.002 0.010 0.045 0.922 
 305 F _   0.009 0.008 0.000 0.003 0.002 0.011 0.044 0.921 
 306 Q _   0.010 0.010 0.000 0.004 0.003 0.013 0.044 0.916 
 307 P _   0.013 0.015 0.000 0.006 0.004 0.017 0.043 0.902 
 308 K _   0.016 0.029 0.001 0.010 0.007 0.022 0.042 0.874 
 309 L _   0.019 0.055 0.001 0.017 0.012 0.027 0.039 0.829 
 310 T _   0.022 0.097 0.002 0.026 0.017 0.031 0.037 0.768 
 311 D _   0.023 0.146 0.002 0.036 0.022 0.034 0.035 0.703 
 312 F _   0.024 0.186 0.002 0.045 0.024 0.036 0.032 0.650 
 313 A _   0.024 0.213 0.002 0.051 0.025 0.036 0.031 0.617 
 314 M _   0.024 0.228 0.002 0.054 0.025 0.036 0.030 0.601 
 315 A _   0.024 0.234 0.002 0.053 0.025 0.035 0.029 0.598 
 316 H _   0.024 0.233 0.002 0.049 0.023 0.033 0.029 0.608 
 317 F _   0.023 0.226 0.002 0.042 0.020 0.031 0.029 0.627 
 318 R _   0.022 0.214 0.001 0.034 0.018 0.029 0.030 0.653 
 319 S _   0.022 0.197 0.001 0.027 0.015 0.027 0.030 0.681 
 320 H _   0.021 0.180 0.001 0.022 0.013 0.025 0.030 0.708 
 321 L _   0.020 0.165 0.001 0.019 0.011 0.024 0.031 0.729 
 322 E _   0.019 0.153 0.001 0.017 0.010 0.022 0.031 0.746 
 323 H _   0.019 0.144 0.001 0.018 0.009 0.021 0.032 0.757 
 324 Q _   0.018 0.136 0.001 0.019 0.009 0.020 0.032 0.765 
 325 S _   0.017 0.128 0.001 0.020 0.009 0.019 0.033 0.773 
 326 C _   0.017 0.120 0.001 0.021 0.008 0.017 0.033 0.783 
 327 T _   0.015 0.109 0.001 0.021 0.008 0.016 0.034 0.796 
 328 I _   0.014 0.097 0.001 0.020 0.007 0.015 0.034 0.812 
 329 N _   0.013 0.082 0.001 0.018 0.007 0.013 0.035 0.832 
 330 M _   0.012 0.065 0.001 0.015 0.005 0.012 0.036 0.855 
 331 T _   0.011 0.048 0.001 0.011 0.004 0.011 0.036 0.878 
 332 S _   0.010 0.035 0.000 0.008 0.004 0.010 0.036 0.897 
 333 S _   0.008 0.026 0.000 0.006 0.003 0.009 0.037 0.911 
 334 S _   0.008 0.020 0.000 0.005 0.003 0.009 0.036 0.919 
 335 S _   0.008 0.018 0.000 0.005 0.002 0.009 0.036 0.922 
 336 K _   0.008 0.017 0.000 0.006 0.003 0.010 0.035 0.921 
 337 H _   0.008 0.018 0.000 0.008 0.004 0.011 0.035 0.916 
 338 L _   0.009 0.020 0.001 0.011 0.005 0.012 0.034 0.908 
 339 W _   0.010 0.022 0.001 0.016 0.006 0.014 0.033 0.899 
 340 Y _   0.010 0.025 0.001 0.020 0.007 0.015 0.031 0.890 
 341 M _   0.011 0.027 0.001 0.024 0.008 0.015 0.031 0.883 
 342 P _   0.011 0.028 0.001 0.026 0.009 0.016 0.030 0.880 
 343 E _   0.011 0.027 0.001 0.027 0.009 0.015 0.029 0.881 
 344 E _   0.011 0.025 0.001 0.025 0.008 0.015 0.029 0.886 
 345 Y _   0.011 0.022 0.001 0.021 0.007 0.014 0.028 0.895 
 346 I _   0.011 0.018 0.001 0.017 0.006 0.013 0.028 0.905 
 347 R _   0.012 0.013 0.001 0.013 0.005 0.012 0.027 0.916 
 348 Q _   0.013 0.009 0.001 0.010 0.005 0.012 0.027 0.925 
 349 G _   0.015 0.005 0.000 0.007 0.004 0.012 0.027 0.930 
 350 K _   0.019 0.003 0.000 0.006 0.004 0.012 0.026 0.931 
 351 L _   0.026 0.001 0.000 0.005 0.004 0.012 0.025 0.928 
 352 S _   0.037 0.001 0.000 0.004 0.004 0.013 0.024 0.917 
 353 I _   0.057 0.000 0.001 0.003 0.004 0.014 0.023 0.897 
 354 K _   0.087 0.000 0.001 0.003 0.005 0.016 0.021 0.866 
 355 T _   0.133 0.000 0.001 0.003 0.007 0.019 0.019 0.818 
 356 D _   0.196 0.000 0.001 0.003 0.009 0.022 0.017 0.752 
 357 V _   0.273 0.000 0.001 0.003 0.013 0.025 0.015 0.670 
 358 Y _   0.364 0.000 0.001 0.003 0.017 0.028 0.012 0.575 
 359 S _   0.456 0.000 0.002 0.002 0.022 0.030 0.011 0.477 
 360 F H   0.542 0.000 0.002 0.002 0.027 0.031 0.009 0.387 
 361 G H   0.616 0.000 0.002 0.002 0.031 0.031 0.008 0.310 
 362 I H   0.676 0.000 0.002 0.002 0.034 0.030 0.008 0.249 
 363 V H   0.716 0.000 0.002 0.002 0.036 0.029 0.008 0.207 
 364 I H   0.741 0.000 0.002 0.002 0.038 0.027 0.008 0.182 
 365 M H   0.751 0.000 0.002 0.002 0.038 0.026 0.009 0.171 
 366 E H   0.749 0.000 0.002 0.003 0.039 0.025 0.010 0.173 
 367 V H   0.732 0.000 0.002 0.003 0.038 0.024 0.012 0.189 
 368 L H   0.695 0.000 0.002 0.005 0.037 0.023 0.014 0.223 
 369 T H   0.640 0.001 0.002 0.006 0.035 0.023 0.018 0.276 
 370 G H   0.564 0.001 0.002 0.007 0.030 0.021 0.023 0.351 
 371 C H   0.474 0.001 0.002 0.007 0.024 0.020 0.029 0.443 
 372 R _   0.374 0.000 0.002 0.007 0.017 0.018 0.037 0.545 
 373 V _   0.277 0.000 0.001 0.006 0.012 0.015 0.044 0.644 
 374 V _   0.193 0.000 0.001 0.005 0.007 0.013 0.050 0.731 
 375 L _   0.126 0.000 0.001 0.004 0.005 0.011 0.055 0.799 
 376 D _   0.079 0.000 0.000 0.003 0.003 0.009 0.058 0.848 
 377 D _   0.048 0.000 0.000 0.002 0.002 0.008 0.061 0.878 
 378 P _   0.031 0.000 0.000 0.002 0.002 0.008 0.063 0.894 
 379 K _   0.022 0.001 0.000 0.002 0.002 0.008 0.064 0.901 
 380 H _   0.017 0.002 0.000 0.003 0.002 0.010 0.065 0.900 
 381 I _   0.016 0.006 0.000 0.005 0.003 0.012 0.065 0.892 
 382 Q _   0.015 0.017 0.001 0.009 0.005 0.015 0.065 0.873 
 383 L _   0.015 0.037 0.001 0.015 0.008 0.018 0.065 0.841 
 384 R _   0.016 0.066 0.001 0.023 0.011 0.021 0.064 0.799 
 385 D _   0.015 0.096 0.001 0.030 0.013 0.023 0.063 0.758 
 386 L _   0.015 0.121 0.001 0.037 0.014 0.024 0.063 0.725 
 387 L _   0.015 0.138 0.001 0.041 0.015 0.024 0.063 0.703 
 388 R _   0.014 0.148 0.001 0.043 0.015 0.024 0.063 0.690 
 389 E _   0.014 0.153 0.001 0.043 0.015 0.024 0.065 0.686 
 390 L _   0.014 0.153 0.001 0.040 0.014 0.023 0.066 0.688 
 391 M _   0.014 0.150 0.001 0.035 0.013 0.022 0.068 0.697 
 392 E _   0.014 0.144 0.001 0.030 0.011 0.020 0.071 0.709 
 393 K _   0.014 0.135 0.001 0.025 0.010 0.019 0.074 0.722 
 394 R _   0.013 0.126 0.001 0.022 0.009 0.018 0.077 0.734 
 395 G _   0.013 0.117 0.001 0.019 0.008 0.017 0.080 0.745 
 396 L _   0.013 0.109 0.001 0.018 0.007 0.016 0.083 0.753 
 397 D _   0.013 0.101 0.001 0.018 0.007 0.016 0.086 0.759 
 398 S _   0.013 0.093 0.001 0.018 0.007 0.015 0.090 0.764 
 399 C _   0.013 0.085 0.001 0.019 0.007 0.014 0.093 0.768 
 400 L _   0.012 0.076 0.001 0.019 0.007 0.014 0.097 0.774 
 401 S _   0.012 0.066 0.001 0.019 0.006 0.013 0.101 0.782 
 402 F _   0.011 0.054 0.001 0.017 0.006 0.012 0.105 0.793 
 403 L _   0.011 0.042 0.001 0.015 0.005 0.011 0.109 0.807 
 404 D _   0.010 0.029 0.001 0.012 0.004 0.010 0.114 0.821 
 405 K _   0.009 0.018 0.000 0.009 0.003 0.009 0.117 0.834 
 406 K _   0.008 0.010 0.000 0.006 0.003 0.009 0.120 0.844 
 407 V _   0.008 0.005 0.000 0.004 0.002 0.008 0.123 0.849 
 408 P _   0.008 0.002 0.000 0.003 0.002 0.009 0.124 0.851 
 409 P _   0.010 0.001 0.000 0.002 0.002 0.010 0.125 0.849 
 410 C _   0.013 0.001 0.000 0.002 0.002 0.013 0.126 0.843 
 411 P _   0.019 0.001 0.000 0.002 0.003 0.017 0.126 0.831 
 412 R _   0.030 0.001 0.000 0.003 0.005 0.024 0.126 0.810 
 413 N _   0.045 0.003 0.001 0.005 0.009 0.034 0.125 0.779 
 414 F _   0.064 0.007 0.001 0.007 0.017 0.046 0.123 0.734 
 415 S _   0.085 0.017 0.002 0.012 0.029 0.058 0.122 0.676 
 416 A _   0.106 0.034 0.002 0.019 0.042 0.068 0.121 0.609 
 417 K _   0.123 0.055 0.003 0.026 0.054 0.074 0.120 0.545 
 418 L _   0.135 0.075 0.003 0.034 0.062 0.077 0.120 0.493 
 419 F _   0.141 0.090 0.003 0.040 0.066 0.077 0.121 0.461 
 420 C _   0.144 0.100 0.003 0.045 0.067 0.075 0.123 0.444 
 421 L _   0.142 0.104 0.003 0.047 0.064 0.070 0.127 0.443 
 422 A _   0.138 0.104 0.003 0.046 0.059 0.065 0.131 0.454 
 423 G _   0.129 0.100 0.003 0.042 0.052 0.059 0.137 0.478 
 424 R _   0.117 0.091 0.003 0.037 0.043 0.052 0.144 0.513 
 425 C _   0.103 0.077 0.002 0.031 0.034 0.045 0.151 0.557 
 426 A _   0.087 0.062 0.002 0.025 0.025 0.038 0.160 0.603 
 427 A _   0.070 0.046 0.001 0.019 0.017 0.031 0.168 0.647 
 428 T _   0.055 0.033 0.001 0.014 0.011 0.025 0.176 0.684 
 429 R _   0.042 0.023 0.001 0.010 0.008 0.020 0.182 0.715 
 430 A _   0.031 0.016 0.001 0.007 0.005 0.017 0.188 0.736 
 431 K _   0.023 0.013 0.000 0.006 0.004 0.014 0.192 0.750 
 432 L _   0.017 0.011 0.000 0.005 0.003 0.012 0.195 0.757 
 433 R _   0.013 0.010 0.000 0.004 0.003 0.011 0.198 0.761 
 434 P _   0.011 0.011 0.000 0.004 0.003 0.011 0.200 0.760 
 435 S _   0.010 0.013 0.000 0.005 0.003 0.011 0.202 0.756 
 436 M _   0.010 0.016 0.000 0.007 0.004 0.012 0.203 0.748 
 437 D _   0.011 0.022 0.001 0.009 0.005 0.014 0.204 0.735 
 438 E _   0.011 0.031 0.001 0.012 0.006 0.015 0.205 0.718 
 439 V _   0.012 0.042 0.001 0.016 0.007 0.017 0.207 0.699 
 440 L _   0.012 0.053 0.001 0.020 0.009 0.018 0.208 0.680 
 441 N _   0.013 0.063 0.001 0.023 0.010 0.019 0.209 0.662 
 442 T _   0.013 0.072 0.001 0.026 0.011 0.020 0.211 0.647 
 443 L _   0.013 0.078 0.001 0.029 0.012 0.020 0.214 0.634 
 444 E _   0.013 0.083 0.001 0.030 0.012 0.020 0.217 0.623 
 445 S _   0.013 0.086 0.001 0.032 0.012 0.020 0.221 0.615 
 446 T _   0.013 0.087 0.001 0.032 0.012 0.020 0.226 0.609 
 447 Q _   0.013 0.087 0.001 0.033 0.012 0.019 0.231 0.604 
 448 A _   0.013 0.084 0.001 0.032 0.011 0.018 0.238 0.602 
 449 S _   0.013 0.080 0.001 0.031 0.010 0.017 0.246 0.603 
 450 L _   0.013 0.073 0.001 0.028 0.009 0.015 0.254 0.607 
 451 Y _   0.012 0.064 0.001 0.024 0.008 0.013 0.264 0.615 
 452 F _   0.011 0.052 0.001 0.019 0.006 0.012 0.274 0.625 
 453 A _   0.010 0.040 0.001 0.015 0.005 0.010 0.283 0.636 
 454 E _   0.009 0.029 0.001 0.011 0.004 0.009 0.293 0.646 
 455 D _   0.008 0.020 0.000 0.007 0.003 0.007 0.300 0.654 
 456 P _   0.007 0.015 0.000 0.005 0.002 0.006 0.307 0.658 
 457 P _   0.006 0.012 0.000 0.004 0.002 0.006 0.312 0.659 
 458 T _   0.005 0.010 0.000 0.003 0.002 0.006 0.316 0.658 
 459 S _   0.005 0.010 0.000 0.003 0.002 0.006 0.319 0.654 
 460 L _   0.005 0.011 0.000 0.004 0.002 0.007 0.322 0.649 
 461 K _   0.006 0.013 0.000 0.005 0.002 0.008 0.323 0.642 
 462 S _   0.006 0.017 0.000 0.007 0.003 0.009 0.325 0.633 
 463 F _   0.006 0.023 0.000 0.010 0.004 0.010 0.325 0.620 
 464 R _   0.007 0.033 0.001 0.014 0.005 0.012 0.326 0.604 
 465 C _   0.007 0.043 0.001 0.018 0.006 0.013 0.326 0.586 
 466 P _   0.007 0.055 0.001 0.023 0.007 0.014 0.327 0.567 
 467 S _   0.007 0.065 0.001 0.028 0.008 0.014 0.328 0.549 
 468 P _   0.007 0.073 0.001 0.032 0.009 0.015 0.330 0.533 
 469 L _   0.008 0.079 0.001 0.035 0.009 0.015 0.334 0.520 
 470 F _   0.008 0.082 0.001 0.036 0.009 0.014 0.338 0.512 
 471 L _   0.008 0.082 0.001 0.036 0.009 0.014 0.344 0.507 
 472 E _   0.008 0.081 0.001 0.034 0.008 0.013 0.351 0.505 
 473 N _   0.007 0.077 0.001 0.030 0.007 0.012 0.359 0.507 
 474 V _   0.007 0.071 0.001 0.026 0.006 0.011 0.368 0.510 
 475 P _   0.007 0.063 0.001 0.022 0.005 0.010 0.378 0.514 
 476 S _   0.007 0.054 0.001 0.018 0.004 0.009 0.388 0.519 
 477 I _   0.006 0.046 0.000 0.014 0.003 0.008 0.398 0.524 
 478 P _   0.006 0.038 0.000 0.011 0.003 0.007 0.407 0.528 
 479 V _   0.005 0.031 0.000 0.008 0.002 0.006 0.415 0.532 
 480 E _   0.005 0.027 0.000 0.007 0.002 0.005 0.421 0.534 
 481 D _   0.004 0.024 0.000 0.005 0.001 0.004 0.425 0.535 
 482 D _   0.004 0.022 0.000 0.004 0.001 0.004 0.429 0.536 
 483 E _   0.003 0.021 0.000 0.004 0.001 0.004 0.430 0.537 
 484 S _   0.003 0.020 0.000 0.004 0.001 0.004 0.431 0.537 
 485 Q _   0.003 0.021 0.000 0.004 0.001 0.004 0.431 0.536 
 486 N _   0.003 0.023 0.000 0.004 0.001 0.004 0.430 0.535 
 487 N _   0.003 0.026 0.000 0.005 0.001 0.004 0.427 0.533 
 488 N _   0.003 0.031 0.000 0.006 0.001 0.005 0.423 0.530 
 489 L _   0.003 0.039 0.000 0.007 0.002 0.006 0.419 0.524 
 490 L _   0.003 0.049 0.000 0.009 0.002 0.006 0.413 0.517 
 491 P _   0.003 0.063 0.000 0.011 0.003 0.007 0.406 0.506 
 492 S _   0.003 0.081 0.000 0.013 0.003 0.008 0.399 0.492 
 493 D _   0.003 0.102 0.001 0.016 0.004 0.009 0.391 0.475 
 494 E _   0.004 0.127 0.001 0.018 0.005 0.010 0.383 0.454 
 495 G _   0.004 0.153 0.001 0.020 0.005 0.010 0.375 0.432 
 496 L _   0.004 0.177 0.001 0.022 0.006 0.010 0.369 0.411 
 497 R _   0.004 0.198 0.001 0.024 0.006 0.011 0.364 0.393 
 498 I _   0.004 0.215 0.001 0.024 0.006 0.011 0.360 0.379 
 499 D _   0.004 0.227 0.001 0.024 0.006 0.010 0.358 0.371 
 500 R _   0.004 0.234 0.001 0.023 0.006 0.010 0.356 0.366 
 501 M _   0.004 0.239 0.001 0.021 0.005 0.010 0.356 0.365 
 502 T _   0.004 0.240 0.001 0.018 0.005 0.010 0.356 0.367 
 503 Q _   0.004 0.240 0.000 0.015 0.004 0.009 0.357 0.370 
 504 K _   0.004 0.239 0.000 0.013 0.004 0.010 0.358 0.373 
 505 T _   0.004 0.239 0.000 0.011 0.004 0.010 0.358 0.375 
 506 P _   0.004 0.239 0.000 0.010 0.004 0.010 0.359 0.373 
 507 F _   0.005 0.242 0.000 0.011 0.004 0.011 0.359 0.367 
 508 E X   0.005 0.249 0.001 0.013 0.005 0.012 0.360 0.355 
 509 C X   0.006 0.259 0.001 0.017 0.007 0.014 0.360 0.338 
 510 S X   0.007 0.271 0.001 0.023 0.008 0.014 0.360 0.316 
 511 Q X   0.007 0.283 0.001 0.030 0.010 0.015 0.361 0.294 
 512 S X   0.007 0.291 0.001 0.036 0.011 0.015 0.363 0.277 
 513 E X   0.007 0.294 0.001 0.041 0.011 0.015 0.366 0.265 
 514 V X   0.007 0.292 0.001 0.043 0.011 0.014 0.372 0.260 
 515 M X   0.007 0.283 0.001 0.043 0.010 0.013 0.380 0.262 
 516 F X   0.007 0.265 0.001 0.040 0.010 0.012 0.391 0.273 
 517 L X   0.007 0.233 0.001 0.036 0.009 0.011 0.407 0.295 
 518 S X   0.008 0.187 0.001 0.029 0.008 0.010 0.428 0.329 
 519 L X   0.008 0.132 0.001 0.022 0.007 0.009 0.453 0.368 
 520 D X   0.007 0.083 0.001 0.015 0.005 0.008 0.477 0.404 
 521 K X   0.006 0.050 0.001 0.010 0.003 0.007 0.496 0.428 
 522 K X   0.005 0.031 0.000 0.006 0.002 0.005 0.509 0.441 
 523 P X   0.004 0.022 0.000 0.004 0.001 0.004 0.518 0.446 
 524 E X   0.003 0.018 0.000 0.003 0.001 0.004 0.524 0.447 
 525 S X   0.003 0.016 0.000 0.003 0.001 0.004 0.528 0.446 
 526 K X   0.003 0.016 0.000 0.003 0.001 0.004 0.530 0.444 
 527 R X   0.003 0.016 0.000 0.004 0.001 0.004 0.531 0.441 
 528 N X   0.003 0.018 0.000 0.005 0.001 0.004 0.532 0.437 
 529 E X   0.003 0.020 0.000 0.006 0.002 0.005 0.531 0.433 
 530 E X   0.003 0.023 0.000 0.008 0.002 0.005 0.530 0.429 
 531 A X   0.003 0.026 0.000 0.009 0.002 0.005 0.529 0.426 
 532 C X   0.003 0.029 0.000 0.009 0.002 0.006 0.527 0.423 
 533 N X   0.003 0.032 0.000 0.009 0.002 0.006 0.526 0.422 
 534 M X   0.003 0.035 0.000 0.009 0.002 0.006 0.525 0.420 
 535 P X   0.003 0.038 0.000 0.009 0.002 0.006 0.523 0.418 
 536 S X   0.003 0.041 0.000 0.009 0.002 0.006 0.522 0.416 
 537 S X   0.003 0.045 0.000 0.009 0.003 0.007 0.521 0.412 
 538 S X   0.003 0.049 0.000 0.010 0.003 0.008 0.519 0.407 
 539 C X   0.003 0.055 0.000 0.012 0.003 0.008 0.518 0.400 
 540 E X   0.004 0.062 0.000 0.014 0.004 0.009 0.516 0.390 
 541 E X   0.004 0.069 0.001 0.017 0.005 0.010 0.516 0.379 
 542 S X   0.004 0.075 0.001 0.020 0.006 0.011 0.515 0.368 
 543 W X   0.004 0.081 0.001 0.023 0.006 0.011 0.516 0.358 
 544 F X   0.005 0.084 0.001 0.025 0.007 0.011 0.517 0.351 
 545 P X   0.005 0.086 0.001 0.026 0.007 0.011 0.520 0.345 
 546 K X   0.005 0.087 0.001 0.026 0.007 0.011 0.524 0.341 
 547 Y X   0.005 0.085 0.001 0.025 0.007 0.011 0.528 0.339 
 548 I X   0.005 0.082 0.001 0.023 0.006 0.010 0.535 0.339 
 549 V X   0.005 0.078 0.001 0.021 0.006 0.010 0.542 0.338 
 550 P X   0.005 0.072 0.001 0.019 0.006 0.009 0.550 0.339 
 551 S X   0.005 0.065 0.001 0.017 0.005 0.009 0.560 0.338 
 552 Q X   0.005 0.058 0.001 0.016 0.005 0.008 0.570 0.338 
 553 D X   0.005 0.051 0.001 0.014 0.004 0.008 0.581 0.337 
 554 L X   0.005 0.044 0.001 0.013 0.004 0.007 0.592 0.335 
 555 R X   0.004 0.037 0.000 0.012 0.003 0.007 0.604 0.333 
 556 P X   0.004 0.031 0.000 0.010 0.003 0.006 0.615 0.331 
 557 Y X   0.004 0.026 0.000 0.009 0.003 0.005 0.625 0.329 
 558 K X   0.003 0.021 0.000 0.007 0.002 0.005 0.634 0.327 
 559 V X   0.003 0.017 0.000 0.006 0.002 0.004 0.643 0.325 
 560 N X   0.003 0.014 0.000 0.005 0.001 0.004 0.650 0.323 
 561 I X   0.002 0.012 0.000 0.004 0.001 0.003 0.656 0.320 
 562 D X   0.002 0.010 0.000 0.004 0.001 0.003 0.662 0.318 
 563 P X   0.002 0.010 0.000 0.003 0.001 0.003 0.666 0.315 
 564 S X   0.002 0.009 0.000 0.003 0.001 0.003 0.669 0.312 
 565 S X   0.002 0.009 0.000 0.003 0.001 0.003 0.672 0.309 
 566 E X   0.002 0.010 0.000 0.004 0.001 0.003 0.674 0.306 
 567 A X   0.002 0.011 0.000 0.004 0.001 0.003 0.676 0.303 
 568 P X   0.002 0.012 0.000 0.005 0.001 0.003 0.677 0.300 
 569 G X   0.002 0.014 0.000 0.006 0.001 0.004 0.677 0.296 
 570 H X   0.002 0.016 0.000 0.007 0.002 0.004 0.678 0.291 
 571 S X   0.002 0.018 0.000 0.008 0.002 0.004 0.679 0.287 
 572 C X   0.002 0.020 0.000 0.009 0.002 0.005 0.680 0.282 
 573 R X   0.002 0.022 0.000 0.010 0.002 0.005 0.681 0.278 
 574 S X   0.002 0.023 0.000 0.011 0.002 0.005 0.683 0.273 
 575 R X   0.002 0.024 0.000 0.011 0.002 0.005 0.686 0.269 
 576 P X   0.002 0.025 0.000 0.011 0.002 0.005 0.689 0.265 
 577 V X   0.002 0.026 0.000 0.011 0.002 0.005 0.693 0.261 
 578 E X   0.002 0.026 0.000 0.010 0.002 0.005 0.697 0.257 
 579 S X   0.002 0.026 0.000 0.010 0.002 0.005 0.701 0.253 
 580 S X   0.002 0.026 0.000 0.010 0.002 0.005 0.705 0.248 
 581 C X   0.002 0.026 0.000 0.010 0.002 0.005 0.710 0.243 
 582 S X   0.002 0.026 0.000 0.011 0.002 0.005 0.715 0.238 
 583 S X   0.002 0.025 0.000 0.011 0.002 0.005 0.721 0.232 
 584 K X   0.003 0.025 0.000 0.012 0.003 0.005 0.727 0.225 
 585 F X   0.003 0.024 0.000 0.012 0.003 0.005 0.734 0.218 
 586 S X   0.003 0.023 0.000 0.012 0.003 0.005 0.742 0.212 
 587 W X   0.003 0.021 0.000 0.012 0.002 0.005 0.750 0.207 
 588 D X   0.002 0.019 0.000 0.011 0.002 0.004 0.757 0.204 
 589 E X   0.002 0.017 0.000 0.009 0.002 0.004 0.765 0.201 
 590 Y X   0.002 0.014 0.000 0.008 0.002 0.003 0.772 0.200 
 591 E X   0.001 0.011 0.000 0.006 0.001 0.002 0.780 0.199 
 592 Q X   0.001 0.008 0.000 0.004 0.001 0.001 0.786 0.199 
 593 Y X   0.000 0.005 0.000 0.002 0.000 0.000 0.791 0.200 
 594 K X   0.000 0.004 0.000 0.001 0.000 0.000 0.792 0.203 
 595 K X   0.000 0.003 0.000 0.002 0.000 0.000 0.788 0.206 
 596 E X   0.002 0.003 0.001 0.008 0.002 0.002 0.773 0.209 
