#TopoPred_TM8: 8-state transmembrane topology prediction results by no_profile mode 
#probabilities are in the order of H E C I L F X _, the 8 transmembrane topology types used in PDBTM 
   1 M X   0.005 0.000 0.002 0.032 0.007 0.005 0.926 0.024 
   2 S X   0.002 0.000 0.000 0.015 0.001 0.002 0.956 0.024 
   3 F X   0.001 0.000 0.000 0.007 0.000 0.001 0.967 0.025 
   4 L X   0.000 0.000 0.000 0.004 0.000 0.001 0.969 0.026 
   5 S X   0.000 0.000 0.000 0.002 0.000 0.001 0.970 0.027 
   6 R X   0.000 0.000 0.000 0.001 0.000 0.001 0.969 0.028 
   7 Q X   0.000 0.000 0.000 0.001 0.000 0.001 0.968 0.030 
   8 Q X   0.000 0.000 0.000 0.001 0.000 0.001 0.966 0.032 
   9 P X   0.000 0.000 0.000 0.001 0.000 0.001 0.964 0.034 
  10 P X   0.000 0.000 0.000 0.001 0.000 0.001 0.960 0.037 
  11 P X   0.001 0.001 0.000 0.001 0.000 0.002 0.955 0.040 
  12 P X   0.001 0.003 0.000 0.002 0.001 0.003 0.948 0.043 
  13 R X   0.001 0.007 0.000 0.004 0.002 0.004 0.937 0.044 
  14 R X   0.002 0.016 0.000 0.007 0.003 0.005 0.923 0.044 
  15 A X   0.002 0.030 0.001 0.011 0.005 0.007 0.906 0.040 
  16 G X   0.002 0.048 0.001 0.015 0.006 0.007 0.888 0.034 
  17 A X   0.002 0.065 0.001 0.018 0.006 0.007 0.873 0.028 
  18 A X   0.002 0.078 0.001 0.021 0.006 0.007 0.862 0.023 
  19 C X   0.001 0.086 0.001 0.022 0.006 0.007 0.856 0.020 
  20 T X   0.001 0.090 0.000 0.023 0.006 0.007 0.853 0.019 
  21 L X   0.001 0.092 0.000 0.024 0.006 0.006 0.851 0.018 
  22 R X   0.001 0.092 0.000 0.023 0.006 0.006 0.852 0.019 
  23 Q X   0.001 0.091 0.000 0.022 0.005 0.006 0.854 0.020 
  24 K X   0.002 0.087 0.000 0.021 0.005 0.005 0.858 0.022 
  25 L X   0.002 0.080 0.001 0.018 0.005 0.005 0.865 0.025 
  26 I X   0.002 0.070 0.001 0.016 0.004 0.004 0.875 0.029 
  27 F X   0.002 0.056 0.001 0.013 0.004 0.004 0.888 0.033 
  28 S X   0.002 0.040 0.001 0.010 0.003 0.004 0.903 0.038 
  29 P X   0.002 0.026 0.000 0.007 0.002 0.003 0.918 0.040 
  30 C X   0.002 0.016 0.000 0.005 0.002 0.003 0.931 0.041 
  31 S X   0.001 0.009 0.000 0.003 0.001 0.002 0.941 0.041 
  32 D X   0.001 0.005 0.000 0.002 0.001 0.002 0.949 0.040 
  33 C X   0.001 0.003 0.000 0.002 0.000 0.001 0.955 0.038 
  34 E X   0.001 0.002 0.000 0.001 0.000 0.001 0.959 0.036 
  35 E X   0.000 0.001 0.000 0.001 0.000 0.001 0.962 0.034 
  36 E X   0.000 0.001 0.000 0.001 0.000 0.001 0.964 0.033 
  37 E X   0.000 0.001 0.000 0.001 0.000 0.001 0.965 0.032 
  38 E X   0.000 0.001 0.000 0.001 0.000 0.001 0.966 0.031 
  39 E X   0.000 0.001 0.000 0.001 0.000 0.001 0.967 0.031 
  40 E X   0.000 0.001 0.000 0.001 0.000 0.001 0.968 0.030 
  41 E X   0.000 0.000 0.000 0.001 0.000 0.001 0.968 0.030 
  42 E X   0.000 0.001 0.000 0.001 0.000 0.001 0.968 0.030 
  43 E X   0.000 0.001 0.000 0.001 0.000 0.001 0.968 0.030 
  44 G X   0.000 0.001 0.000 0.001 0.000 0.001 0.967 0.030 
  45 S X   0.000 0.001 0.000 0.002 0.000 0.001 0.967 0.029 
  46 G X   0.000 0.001 0.000 0.002 0.000 0.001 0.967 0.029 
  47 H X   0.000 0.001 0.000 0.002 0.000 0.001 0.966 0.029 
  48 S X   0.000 0.001 0.000 0.002 0.000 0.001 0.966 0.029 
  49 T X   0.000 0.001 0.000 0.003 0.000 0.001 0.966 0.028 
  50 G X   0.000 0.001 0.000 0.003 0.001 0.001 0.966 0.028 
  51 E X   0.000 0.001 0.000 0.003 0.001 0.001 0.967 0.027 
  52 D X   0.000 0.001 0.000 0.003 0.001 0.001 0.967 0.027 
  53 S X   0.000 0.001 0.000 0.003 0.001 0.001 0.968 0.026 
  54 A X   0.000 0.001 0.000 0.003 0.000 0.001 0.969 0.025 
  55 F X   0.000 0.001 0.000 0.002 0.000 0.001 0.970 0.025 
  56 Q X   0.000 0.001 0.000 0.002 0.000 0.001 0.972 0.024 
  57 E X   0.000 0.001 0.000 0.001 0.000 0.001 0.973 0.024 
  58 P X   0.000 0.000 0.000 0.001 0.000 0.001 0.974 0.023 
  59 D X   0.000 0.000 0.000 0.001 0.000 0.001 0.975 0.023 
  60 S X   0.000 0.000 0.000 0.001 0.000 0.000 0.976 0.022 
  61 P X   0.000 0.000 0.000 0.001 0.000 0.000 0.976 0.022 
  62 L X   0.000 0.000 0.000 0.001 0.000 0.000 0.977 0.022 
  63 P X   0.000 0.000 0.000 0.001 0.000 0.000 0.977 0.022 
  64 P X   0.000 0.000 0.000 0.001 0.000 0.000 0.977 0.022 
  65 A X   0.000 0.000 0.000 0.001 0.000 0.000 0.976 0.022 
  66 R X   0.000 0.000 0.000 0.001 0.000 0.000 0.976 0.022 
  67 S X   0.000 0.000 0.000 0.001 0.000 0.001 0.975 0.023 
  68 P X   0.000 0.000 0.000 0.001 0.000 0.001 0.974 0.024 
  69 T X   0.000 0.000 0.000 0.001 0.000 0.001 0.973 0.025 
  70 E X   0.000 0.000 0.000 0.001 0.000 0.001 0.972 0.026 
  71 P X   0.000 0.000 0.000 0.001 0.000 0.001 0.970 0.027 
  72 G X   0.000 0.000 0.000 0.001 0.000 0.001 0.969 0.028 
  73 P X   0.000 0.000 0.000 0.001 0.000 0.001 0.967 0.030 
  74 E X   0.000 0.000 0.000 0.001 0.000 0.001 0.965 0.032 
  75 R X   0.000 0.000 0.000 0.001 0.000 0.001 0.963 0.034 
  76 R X   0.000 0.000 0.000 0.001 0.000 0.001 0.961 0.036 
  77 R X   0.000 0.000 0.000 0.002 0.000 0.001 0.958 0.038 
  78 S X   0.000 0.000 0.000 0.002 0.000 0.001 0.956 0.041 
  79 P X   0.000 0.000 0.000 0.002 0.000 0.001 0.953 0.044 
  80 G X   0.000 0.000 0.000 0.002 0.000 0.001 0.949 0.047 
  81 P X   0.000 0.000 0.000 0.002 0.000 0.001 0.946 0.051 
  82 A X   0.000 0.001 0.000 0.002 0.000 0.001 0.941 0.055 
  83 P X   0.001 0.001 0.000 0.002 0.000 0.001 0.936 0.059 
  84 G X   0.001 0.001 0.000 0.002 0.000 0.001 0.930 0.065 
  85 S X   0.001 0.001 0.000 0.002 0.001 0.001 0.924 0.070 
  86 P X   0.001 0.002 0.000 0.003 0.001 0.002 0.916 0.077 
  87 G X   0.001 0.002 0.000 0.003 0.001 0.002 0.907 0.083 
  88 E X   0.001 0.003 0.000 0.005 0.001 0.003 0.898 0.090 
  89 L X   0.001 0.005 0.000 0.006 0.001 0.003 0.887 0.096 
  90 E X   0.001 0.007 0.000 0.008 0.002 0.004 0.876 0.102 
  91 E X   0.001 0.008 0.000 0.010 0.002 0.004 0.865 0.108 
  92 D X   0.001 0.010 0.000 0.012 0.002 0.004 0.855 0.114 
  93 L X   0.001 0.011 0.000 0.014 0.002 0.005 0.846 0.120 
  94 L X   0.001 0.012 0.000 0.014 0.002 0.005 0.839 0.126 
  95 L X   0.002 0.013 0.000 0.014 0.002 0.004 0.832 0.133 
  96 P X   0.002 0.012 0.000 0.012 0.002 0.004 0.827 0.140 
  97 G X   0.002 0.012 0.000 0.010 0.002 0.004 0.823 0.147 
  98 A X   0.002 0.011 0.000 0.008 0.002 0.003 0.819 0.155 
  99 C X   0.002 0.010 0.000 0.007 0.001 0.003 0.816 0.162 
 100 P X   0.002 0.009 0.000 0.005 0.001 0.003 0.812 0.169 
 101 G X   0.002 0.008 0.000 0.004 0.001 0.003 0.808 0.175 
 102 A X   0.002 0.007 0.000 0.003 0.001 0.002 0.804 0.181 
 103 D X   0.002 0.007 0.000 0.003 0.001 0.002 0.798 0.187 
 104 E X   0.002 0.006 0.000 0.003 0.001 0.002 0.792 0.193 
 105 A X   0.002 0.007 0.000 0.003 0.001 0.003 0.785 0.200 
 106 G X   0.002 0.007 0.000 0.004 0.001 0.003 0.776 0.208 
 107 G X   0.002 0.008 0.000 0.004 0.001 0.003 0.765 0.217 
 108 G X   0.002 0.009 0.000 0.005 0.001 0.003 0.753 0.227 
 109 A X   0.002 0.010 0.000 0.006 0.001 0.004 0.738 0.239 
 110 E X   0.002 0.013 0.000 0.007 0.002 0.004 0.721 0.251 
 111 G X   0.002 0.016 0.000 0.008 0.002 0.005 0.703 0.263 
 112 D X   0.002 0.020 0.000 0.010 0.002 0.006 0.684 0.275 
 113 S X   0.002 0.025 0.000 0.013 0.003 0.007 0.665 0.286 
 114 W X   0.002 0.031 0.000 0.015 0.003 0.007 0.645 0.296 
 115 E X   0.003 0.037 0.000 0.017 0.004 0.008 0.625 0.306 
 116 E X   0.003 0.043 0.001 0.018 0.004 0.008 0.607 0.316 
 117 E X   0.003 0.048 0.001 0.019 0.004 0.008 0.590 0.327 
 118 G X   0.003 0.053 0.001 0.018 0.004 0.008 0.574 0.340 
 119 F X   0.003 0.056 0.000 0.017 0.003 0.008 0.559 0.354 
 120 G X   0.003 0.059 0.000 0.015 0.003 0.008 0.545 0.367 
 121 S X   0.003 0.061 0.000 0.013 0.003 0.008 0.532 0.381 
 122 S X   0.003 0.064 0.000 0.011 0.003 0.008 0.518 0.394 
 123 S X   0.003 0.068 0.000 0.010 0.003 0.008 0.503 0.404 
 124 P X   0.003 0.074 0.000 0.011 0.003 0.010 0.488 0.412 
 125 V X   0.004 0.085 0.001 0.013 0.004 0.011 0.469 0.413 
 126 K X   0.005 0.104 0.001 0.016 0.006 0.013 0.447 0.407 
 127 S X   0.006 0.135 0.001 0.022 0.009 0.016 0.421 0.391 
 128 P X   0.006 0.179 0.001 0.028 0.011 0.017 0.392 0.364 
 129 A X   0.006 0.230 0.002 0.035 0.013 0.017 0.364 0.334 
 130 A X   0.006 0.276 0.002 0.039 0.013 0.017 0.339 0.308 
 131 P X   0.005 0.312 0.001 0.042 0.013 0.017 0.321 0.289 
 132 Y E   0.005 0.337 0.001 0.043 0.012 0.016 0.307 0.279 
 133 F E   0.005 0.352 0.001 0.042 0.011 0.015 0.296 0.277 
 134 L E   0.005 0.360 0.001 0.041 0.011 0.014 0.289 0.279 
 135 G E   0.005 0.363 0.001 0.039 0.010 0.014 0.283 0.286 
 136 S E   0.005 0.362 0.001 0.036 0.009 0.013 0.279 0.294 
 137 S E   0.005 0.357 0.001 0.034 0.009 0.012 0.276 0.306 
 138 F E   0.005 0.348 0.001 0.031 0.008 0.012 0.274 0.321 
 139 S _   0.006 0.335 0.001 0.029 0.007 0.011 0.273 0.338 
 140 P _   0.006 0.319 0.001 0.026 0.007 0.010 0.274 0.357 
 141 V _   0.006 0.299 0.001 0.024 0.006 0.010 0.274 0.379 
 142 R _   0.006 0.274 0.001 0.022 0.006 0.009 0.276 0.406 
 143 C _   0.006 0.245 0.001 0.019 0.005 0.009 0.278 0.437 
 144 G _   0.006 0.215 0.001 0.016 0.004 0.008 0.280 0.470 
 145 G _   0.006 0.188 0.001 0.013 0.004 0.007 0.281 0.501 
 146 P _   0.005 0.165 0.000 0.010 0.003 0.007 0.282 0.527 
 147 G _   0.005 0.149 0.000 0.008 0.002 0.006 0.283 0.547 
 148 D _   0.004 0.139 0.000 0.006 0.002 0.006 0.282 0.561 
 149 A _   0.004 0.134 0.000 0.006 0.002 0.006 0.281 0.569 
 150 S _   0.004 0.132 0.000 0.006 0.002 0.006 0.279 0.573 
 151 P _   0.003 0.133 0.000 0.007 0.002 0.006 0.276 0.573 
 152 R _   0.004 0.137 0.000 0.009 0.002 0.007 0.272 0.569 
 153 G _   0.004 0.143 0.000 0.013 0.003 0.008 0.267 0.562 
 154 C _   0.004 0.152 0.000 0.018 0.004 0.008 0.262 0.552 
 155 G _   0.004 0.161 0.001 0.023 0.004 0.009 0.257 0.541 
 156 A _   0.004 0.168 0.001 0.027 0.005 0.009 0.253 0.533 
 157 R _   0.004 0.172 0.001 0.031 0.005 0.010 0.249 0.528 
 158 R _   0.004 0.174 0.001 0.032 0.005 0.010 0.247 0.528 
 159 A _   0.004 0.172 0.001 0.032 0.005 0.009 0.246 0.531 
 160 G _   0.004 0.166 0.001 0.031 0.005 0.009 0.246 0.539 
 161 E _   0.004 0.156 0.001 0.027 0.005 0.009 0.247 0.551 
 162 G _   0.005 0.143 0.001 0.023 0.004 0.008 0.249 0.568 
 163 R _   0.005 0.125 0.001 0.019 0.004 0.008 0.251 0.587 
 164 R _   0.005 0.106 0.000 0.015 0.003 0.007 0.254 0.608 
 165 S _   0.005 0.088 0.000 0.012 0.003 0.007 0.256 0.629 
 166 P _   0.005 0.074 0.000 0.009 0.002 0.006 0.258 0.646 
 167 R _   0.005 0.063 0.000 0.007 0.002 0.005 0.259 0.659 
 168 P _   0.004 0.057 0.000 0.005 0.001 0.005 0.258 0.669 
 169 D _   0.004 0.054 0.000 0.004 0.001 0.005 0.257 0.675 
 170 H _   0.004 0.052 0.000 0.004 0.001 0.005 0.254 0.680 
 171 P _   0.004 0.053 0.000 0.004 0.001 0.006 0.249 0.682 
 172 G _   0.004 0.057 0.000 0.005 0.002 0.007 0.244 0.681 
 173 T _   0.005 0.065 0.000 0.008 0.002 0.009 0.236 0.675 
 174 P _   0.005 0.082 0.001 0.012 0.004 0.011 0.225 0.660 
 175 P _   0.006 0.113 0.001 0.018 0.006 0.014 0.210 0.631 
 176 H _   0.007 0.163 0.001 0.026 0.009 0.017 0.192 0.585 
 177 K _   0.007 0.228 0.001 0.035 0.011 0.018 0.172 0.527 
 178 T _   0.006 0.293 0.002 0.043 0.012 0.018 0.155 0.471 
 179 F _   0.006 0.345 0.001 0.048 0.012 0.017 0.141 0.429 
 180 R _   0.006 0.380 0.001 0.051 0.012 0.016 0.131 0.403 
 181 K E   0.005 0.400 0.001 0.052 0.011 0.015 0.124 0.392 
 182 L E   0.005 0.409 0.001 0.050 0.010 0.014 0.120 0.391 
 183 R E   0.005 0.411 0.001 0.046 0.009 0.013 0.117 0.399 
 184 L _   0.005 0.405 0.001 0.040 0.008 0.012 0.115 0.415 
 185 F _   0.005 0.393 0.001 0.032 0.007 0.010 0.113 0.438 
 186 D _   0.005 0.374 0.001 0.025 0.006 0.009 0.112 0.468 
 187 T _   0.005 0.352 0.001 0.018 0.004 0.008 0.112 0.500 
 188 P _   0.005 0.331 0.000 0.013 0.003 0.008 0.111 0.529 
 189 H _   0.004 0.316 0.000 0.009 0.003 0.007 0.110 0.550 
 190 T _   0.004 0.307 0.000 0.007 0.002 0.007 0.109 0.563 
 191 P _   0.004 0.304 0.000 0.006 0.002 0.007 0.107 0.568 
 192 K _   0.004 0.307 0.000 0.007 0.002 0.008 0.104 0.566 
 193 S _   0.005 0.315 0.000 0.009 0.003 0.009 0.101 0.557 
 194 L _   0.005 0.331 0.001 0.012 0.004 0.010 0.097 0.541 
 195 L _   0.005 0.352 0.001 0.016 0.005 0.010 0.092 0.519 
 196 S _   0.005 0.375 0.001 0.019 0.006 0.010 0.088 0.497 
 197 K _   0.005 0.395 0.001 0.021 0.006 0.010 0.084 0.479 
 198 A _   0.004 0.410 0.001 0.022 0.006 0.010 0.081 0.467 
 199 R _   0.004 0.419 0.001 0.022 0.005 0.009 0.078 0.462 
 200 G _   0.004 0.424 0.001 0.020 0.005 0.009 0.076 0.461 
 201 I _   0.004 0.426 0.001 0.018 0.005 0.008 0.075 0.464 
 202 D _   0.004 0.425 0.000 0.016 0.004 0.008 0.074 0.468 
 203 S _   0.004 0.423 0.000 0.015 0.004 0.008 0.073 0.472 
 204 S _   0.004 0.421 0.000 0.014 0.004 0.008 0.072 0.476 
 205 S _   0.004 0.419 0.000 0.014 0.004 0.009 0.072 0.477 
 206 V _   0.004 0.418 0.000 0.015 0.004 0.009 0.071 0.477 
 207 K _   0.005 0.418 0.001 0.017 0.005 0.009 0.071 0.475 
 208 L _   0.005 0.417 0.001 0.019 0.005 0.010 0.071 0.473 
 209 R _   0.005 0.414 0.001 0.022 0.006 0.010 0.071 0.471 
 210 G _   0.006 0.409 0.001 0.024 0.006 0.010 0.072 0.472 
 211 S _   0.006 0.400 0.001 0.026 0.007 0.010 0.073 0.478 
 212 S _   0.007 0.384 0.001 0.027 0.007 0.010 0.075 0.490 
 213 L _   0.007 0.359 0.001 0.027 0.007 0.010 0.077 0.511 
 214 F _   0.008 0.325 0.001 0.026 0.007 0.010 0.081 0.543 
 215 M _   0.008 0.280 0.001 0.023 0.007 0.010 0.085 0.585 
 216 D _   0.009 0.229 0.001 0.019 0.006 0.010 0.091 0.634 
 217 T _   0.009 0.181 0.001 0.015 0.005 0.010 0.096 0.683 
 218 E _   0.008 0.143 0.001 0.012 0.004 0.009 0.101 0.722 
 219 K _   0.007 0.118 0.000 0.009 0.003 0.008 0.104 0.750 
 220 S _   0.007 0.103 0.000 0.007 0.002 0.008 0.107 0.766 
 221 G _   0.006 0.095 0.000 0.006 0.002 0.008 0.109 0.775 
 222 K _   0.006 0.091 0.000 0.006 0.002 0.008 0.110 0.778 
 223 R _   0.006 0.091 0.000 0.007 0.002 0.008 0.110 0.777 
 224 E _   0.006 0.092 0.000 0.008 0.003 0.009 0.110 0.772 
 225 F _   0.006 0.096 0.000 0.011 0.003 0.009 0.110 0.764 
 226 D _   0.006 0.101 0.000 0.013 0.004 0.010 0.110 0.755 
 227 V _   0.006 0.107 0.001 0.016 0.004 0.010 0.110 0.747 
 228 R _   0.006 0.111 0.001 0.018 0.005 0.010 0.110 0.740 
 229 Q _   0.006 0.114 0.001 0.019 0.005 0.010 0.110 0.736 
 230 T _   0.006 0.115 0.001 0.018 0.005 0.010 0.111 0.735 
 231 P _   0.006 0.115 0.001 0.017 0.005 0.009 0.112 0.735 
 232 Q _   0.005 0.114 0.001 0.015 0.004 0.009 0.113 0.738 
 233 V _   0.005 0.112 0.000 0.013 0.004 0.009 0.115 0.742 
 234 N _   0.005 0.109 0.000 0.011 0.004 0.008 0.117 0.745 
 235 I _   0.006 0.108 0.000 0.010 0.003 0.008 0.118 0.747 
 236 N _   0.006 0.107 0.000 0.009 0.003 0.009 0.120 0.747 
 237 P _   0.006 0.107 0.000 0.008 0.003 0.009 0.121 0.745 
 238 F _   0.006 0.109 0.000 0.008 0.003 0.010 0.122 0.741 
 239 T _   0.007 0.113 0.000 0.009 0.004 0.010 0.123 0.733 
 240 P _   0.007 0.119 0.001 0.011 0.004 0.011 0.124 0.723 
 241 D _   0.007 0.127 0.001 0.013 0.005 0.012 0.125 0.710 
 242 S _   0.007 0.137 0.001 0.015 0.006 0.013 0.126 0.695 
 243 L _   0.008 0.148 0.001 0.018 0.006 0.014 0.126 0.680 
 244 L _   0.008 0.158 0.001 0.021 0.007 0.014 0.127 0.665 
 245 L _   0.008 0.167 0.001 0.023 0.007 0.014 0.128 0.652 
 246 H _   0.007 0.173 0.001 0.026 0.008 0.014 0.129 0.641 
 247 S _   0.007 0.178 0.001 0.028 0.008 0.014 0.131 0.633 
 248 S _   0.007 0.180 0.001 0.030 0.008 0.014 0.133 0.627 
 249 G _   0.008 0.180 0.001 0.031 0.008 0.014 0.135 0.623 
 250 Q _   0.008 0.178 0.001 0.032 0.008 0.014 0.138 0.621 
 251 C _   0.008 0.172 0.001 0.032 0.008 0.014 0.142 0.623 
 252 R _   0.009 0.163 0.001 0.031 0.008 0.013 0.147 0.628 
 253 R _   0.009 0.150 0.001 0.029 0.007 0.012 0.153 0.638 
 254 R _   0.009 0.132 0.001 0.026 0.007 0.012 0.160 0.654 
 255 K _   0.009 0.111 0.001 0.022 0.006 0.011 0.168 0.672 
 256 R _   0.008 0.089 0.001 0.018 0.005 0.010 0.176 0.693 
 257 T _   0.008 0.068 0.001 0.014 0.004 0.009 0.184 0.713 
 258 Y _   0.007 0.050 0.000 0.011 0.003 0.008 0.190 0.730 
 259 W _   0.006 0.037 0.000 0.009 0.002 0.007 0.196 0.743 
 260 N _   0.006 0.028 0.000 0.007 0.002 0.006 0.200 0.750 
 261 D _   0.005 0.022 0.000 0.006 0.002 0.006 0.203 0.755 
 262 S _   0.005 0.019 0.000 0.006 0.002 0.006 0.206 0.757 
 263 C _   0.005 0.017 0.000 0.006 0.002 0.006 0.207 0.758 
 264 G _   0.004 0.015 0.000 0.007 0.002 0.006 0.208 0.758 
 265 E _   0.004 0.015 0.000 0.008 0.002 0.006 0.209 0.757 
 266 D _   0.004 0.015 0.000 0.009 0.002 0.006 0.208 0.756 
 267 M _   0.004 0.015 0.000 0.009 0.002 0.006 0.208 0.756 
 268 E _   0.004 0.015 0.000 0.010 0.002 0.006 0.207 0.756 
 269 A _   0.004 0.015 0.000 0.010 0.002 0.006 0.205 0.758 
 270 S _   0.004 0.015 0.000 0.010 0.002 0.006 0.203 0.760 
 271 D _   0.004 0.015 0.000 0.009 0.002 0.006 0.201 0.764 
 272 Y _   0.004 0.015 0.000 0.008 0.002 0.006 0.199 0.767 
 273 E _   0.003 0.015 0.000 0.007 0.002 0.006 0.196 0.771 
 274 L _   0.003 0.016 0.000 0.007 0.002 0.006 0.192 0.774 
 275 E _   0.003 0.017 0.000 0.007 0.002 0.006 0.188 0.777 
 276 D _   0.004 0.020 0.000 0.007 0.002 0.007 0.183 0.777 
 277 E _   0.004 0.024 0.000 0.008 0.002 0.008 0.178 0.775 
 278 T _   0.005 0.031 0.000 0.011 0.003 0.009 0.171 0.769 
 279 R _   0.005 0.042 0.001 0.015 0.004 0.011 0.164 0.758 
 280 P _   0.006 0.056 0.001 0.020 0.006 0.013 0.157 0.742 
 281 A _   0.006 0.072 0.001 0.026 0.007 0.014 0.149 0.724 
 282 K _   0.007 0.087 0.001 0.032 0.008 0.015 0.142 0.707 
 283 R _   0.007 0.099 0.001 0.037 0.009 0.016 0.136 0.695 
 284 I _   0.007 0.106 0.001 0.039 0.010 0.016 0.131 0.689 
 285 T _   0.008 0.110 0.001 0.039 0.010 0.016 0.128 0.689 
 286 I _   0.007 0.111 0.001 0.037 0.009 0.015 0.125 0.695 
 287 T _   0.007 0.108 0.001 0.032 0.008 0.014 0.123 0.707 
 288 E _   0.007 0.103 0.001 0.027 0.007 0.013 0.121 0.722 
 289 S _   0.007 0.097 0.001 0.020 0.005 0.011 0.119 0.739 
 290 N _   0.007 0.089 0.001 0.015 0.004 0.010 0.118 0.756 
 291 M _   0.007 0.083 0.000 0.011 0.004 0.010 0.116 0.769 
 292 K _   0.006 0.079 0.000 0.009 0.003 0.009 0.114 0.779 
 293 S _   0.006 0.076 0.000 0.008 0.003 0.009 0.112 0.785 
 294 R _   0.006 0.076 0.000 0.008 0.003 0.010 0.110 0.786 
 295 Y _   0.007 0.078 0.000 0.009 0.004 0.010 0.107 0.785 
 296 T _   0.007 0.082 0.001 0.011 0.004 0.011 0.104 0.780 
 297 T _   0.007 0.088 0.001 0.013 0.005 0.012 0.101 0.774 
 298 E _   0.007 0.095 0.001 0.016 0.006 0.012 0.098 0.766 
 299 F _   0.007 0.101 0.001 0.017 0.006 0.013 0.095 0.761 
 300 H _   0.007 0.107 0.001 0.018 0.006 0.013 0.091 0.757 
 301 E _   0.007 0.111 0.001 0.019 0.006 0.014 0.089 0.755 
 302 L _   0.007 0.114 0.001 0.018 0.006 0.014 0.086 0.755 
 303 E _   0.007 0.117 0.001 0.016 0.006 0.014 0.083 0.756 
 304 K _   0.007 0.118 0.001 0.015 0.006 0.015 0.081 0.756 
 305 I _   0.008 0.121 0.001 0.015 0.006 0.016 0.079 0.754 
 306 G _   0.009 0.123 0.001 0.014 0.007 0.018 0.077 0.750 
 307 S _   0.011 0.127 0.001 0.015 0.008 0.020 0.075 0.744 
 308 G _   0.013 0.133 0.001 0.017 0.010 0.022 0.073 0.732 
 309 E _   0.015 0.139 0.001 0.019 0.011 0.024 0.071 0.719 
 310 F _   0.017 0.146 0.001 0.022 0.013 0.027 0.069 0.705 
 311 G _   0.019 0.152 0.001 0.025 0.015 0.028 0.068 0.692 
 312 S _   0.020 0.157 0.001 0.028 0.016 0.029 0.067 0.682 
 313 V _   0.021 0.159 0.001 0.029 0.017 0.030 0.066 0.677 
 314 F _   0.023 0.159 0.001 0.029 0.017 0.030 0.065 0.676 
 315 K _   0.023 0.157 0.001 0.027 0.017 0.030 0.065 0.680 
 316 C _   0.024 0.153 0.001 0.025 0.016 0.029 0.065 0.687 
 317 V _   0.025 0.147 0.001 0.023 0.015 0.028 0.065 0.696 
 318 K _   0.025 0.140 0.001 0.021 0.015 0.027 0.065 0.705 
 319 R _   0.026 0.133 0.001 0.020 0.014 0.027 0.066 0.714 
 320 L _   0.026 0.127 0.001 0.019 0.013 0.026 0.067 0.722 
 321 D _   0.025 0.121 0.001 0.020 0.012 0.025 0.068 0.728 
 322 G _   0.024 0.115 0.001 0.021 0.012 0.023 0.069 0.735 
 323 C _   0.023 0.109 0.001 0.022 0.011 0.022 0.071 0.742 
 324 I _   0.021 0.101 0.001 0.022 0.010 0.020 0.073 0.751 
 325 Y _   0.020 0.092 0.001 0.022 0.010 0.019 0.074 0.763 
 326 A _   0.018 0.081 0.001 0.021 0.008 0.017 0.076 0.777 
 327 I _   0.016 0.069 0.001 0.018 0.007 0.015 0.078 0.795 
 328 K _   0.014 0.055 0.001 0.016 0.006 0.013 0.080 0.815 
 329 R _   0.012 0.042 0.001 0.013 0.005 0.012 0.082 0.834 
 330 S _   0.010 0.031 0.001 0.011 0.004 0.010 0.083 0.850 
 331 K _   0.009 0.022 0.000 0.009 0.003 0.009 0.084 0.863 
 332 K _   0.008 0.016 0.000 0.007 0.003 0.008 0.085 0.872 
 333 P _   0.007 0.011 0.000 0.007 0.002 0.008 0.086 0.879 
 334 L _   0.006 0.008 0.000 0.006 0.002 0.007 0.086 0.883 
 335 A _   0.006 0.006 0.000 0.006 0.002 0.007 0.086 0.887 
 336 G _   0.006 0.005 0.000 0.005 0.002 0.007 0.085 0.889 
 337 S _   0.006 0.004 0.000 0.005 0.002 0.008 0.085 0.890 
 338 V _   0.006 0.004 0.000 0.005 0.002 0.009 0.084 0.890 
 339 D _   0.007 0.003 0.000 0.005 0.002 0.011 0.082 0.889 
 340 E _   0.008 0.004 0.000 0.005 0.003 0.013 0.081 0.886 
 341 Q _   0.011 0.004 0.000 0.006 0.004 0.017 0.079 0.879 
 342 N _   0.016 0.005 0.001 0.007 0.005 0.022 0.076 0.867 
 343 A _   0.022 0.007 0.001 0.009 0.008 0.029 0.074 0.850 
 344 L _   0.031 0.011 0.001 0.012 0.012 0.036 0.071 0.825 
 345 R _   0.042 0.016 0.001 0.017 0.018 0.044 0.068 0.794 
 346 E _   0.053 0.022 0.002 0.022 0.025 0.051 0.065 0.761 
 347 V _   0.064 0.027 0.002 0.028 0.031 0.057 0.063 0.729 
 348 Y _   0.074 0.032 0.002 0.032 0.035 0.061 0.060 0.704 
 349 A _   0.081 0.034 0.002 0.034 0.038 0.063 0.059 0.689 
 350 H _   0.088 0.035 0.002 0.033 0.038 0.063 0.058 0.684 
 351 A _   0.092 0.034 0.002 0.029 0.036 0.061 0.057 0.688 
 352 V _   0.094 0.031 0.002 0.024 0.032 0.059 0.057 0.701 
 353 L _   0.093 0.028 0.002 0.019 0.028 0.056 0.056 0.719 
 354 G _   0.089 0.024 0.001 0.014 0.024 0.052 0.056 0.739 
 355 Q _   0.085 0.020 0.001 0.011 0.020 0.049 0.056 0.755 
 356 H _   0.081 0.019 0.001 0.010 0.018 0.047 0.057 0.768 
 357 S _   0.076 0.018 0.001 0.010 0.017 0.044 0.057 0.777 
 358 H _   0.070 0.019 0.001 0.012 0.016 0.042 0.057 0.782 
 359 V _   0.064 0.020 0.001 0.015 0.016 0.039 0.058 0.787 
 360 V _   0.058 0.022 0.001 0.018 0.016 0.037 0.058 0.790 
 361 R _   0.052 0.023 0.001 0.021 0.015 0.034 0.059 0.795 
 362 Y _   0.044 0.023 0.001 0.023 0.014 0.030 0.059 0.805 
 363 F _   0.037 0.022 0.001 0.022 0.012 0.026 0.060 0.818 
 364 S _   0.031 0.021 0.001 0.020 0.010 0.022 0.061 0.834 
 365 A _   0.024 0.018 0.001 0.017 0.008 0.019 0.062 0.851 
 366 W _   0.020 0.015 0.001 0.013 0.006 0.016 0.063 0.867 
 367 A _   0.016 0.013 0.001 0.010 0.005 0.013 0.063 0.880 
 368 E _   0.013 0.011 0.000 0.008 0.004 0.012 0.064 0.889 
 369 D _   0.011 0.009 0.000 0.007 0.003 0.010 0.064 0.894 
 370 D _   0.010 0.009 0.000 0.007 0.003 0.009 0.065 0.897 
 371 H _   0.009 0.009 0.000 0.008 0.003 0.009 0.065 0.897 
 372 M _   0.009 0.009 0.000 0.009 0.003 0.009 0.065 0.897 
 373 L _   0.008 0.010 0.000 0.010 0.003 0.009 0.064 0.896 
 374 I _   0.008 0.010 0.000 0.010 0.004 0.008 0.064 0.895 
 375 Q _   0.007 0.011 0.000 0.011 0.003 0.008 0.064 0.896 
 376 N _   0.007 0.011 0.000 0.010 0.003 0.008 0.063 0.897 
 377 E _   0.006 0.011 0.000 0.010 0.003 0.008 0.062 0.899 
 378 Y _   0.006 0.012 0.000 0.009 0.003 0.007 0.062 0.901 
 379 R _   0.005 0.012 0.000 0.008 0.003 0.007 0.061 0.903 
 380 N _   0.005 0.013 0.000 0.008 0.003 0.008 0.060 0.903 
 381 G _   0.005 0.014 0.000 0.008 0.003 0.008 0.059 0.902 
 382 G _   0.005 0.016 0.000 0.009 0.003 0.009 0.058 0.900 
 383 S _   0.006 0.018 0.000 0.009 0.003 0.009 0.057 0.897 
 384 L _   0.006 0.021 0.000 0.011 0.004 0.010 0.055 0.892 
 385 A _   0.007 0.025 0.001 0.012 0.004 0.012 0.054 0.885 
 386 D _   0.007 0.029 0.001 0.014 0.005 0.013 0.052 0.878 
 387 A _   0.008 0.034 0.001 0.015 0.006 0.015 0.051 0.869 
 388 I _   0.009 0.039 0.001 0.017 0.007 0.017 0.050 0.860 
 389 S _   0.011 0.044 0.001 0.020 0.009 0.019 0.048 0.849 
 390 E _   0.013 0.049 0.001 0.022 0.010 0.021 0.047 0.836 
 391 N _   0.014 0.053 0.001 0.025 0.012 0.023 0.046 0.824 
 392 Y _   0.016 0.057 0.001 0.029 0.014 0.025 0.045 0.813 
 393 R _   0.018 0.059 0.001 0.031 0.015 0.026 0.045 0.805 
 394 I _   0.019 0.060 0.001 0.033 0.015 0.026 0.045 0.801 
 395 M _   0.020 0.058 0.001 0.033 0.015 0.026 0.045 0.803 
 396 S _   0.020 0.055 0.001 0.030 0.014 0.025 0.045 0.810 
 397 Y _   0.020 0.049 0.001 0.026 0.012 0.023 0.046 0.823 
 398 F _   0.019 0.041 0.001 0.021 0.010 0.022 0.046 0.840 
 399 K _   0.018 0.032 0.001 0.016 0.008 0.020 0.047 0.858 
 400 E _   0.017 0.024 0.001 0.011 0.007 0.019 0.047 0.874 
 401 A _   0.016 0.018 0.001 0.008 0.005 0.018 0.047 0.886 
 402 E _   0.016 0.015 0.001 0.006 0.005 0.018 0.048 0.893 
 403 L _   0.016 0.013 0.000 0.006 0.005 0.018 0.047 0.894 
 404 K _   0.018 0.013 0.001 0.006 0.005 0.019 0.047 0.892 
 405 D _   0.020 0.013 0.001 0.007 0.006 0.021 0.047 0.885 
 406 L _   0.022 0.015 0.001 0.010 0.008 0.023 0.047 0.876 
 407 L _   0.024 0.018 0.001 0.013 0.009 0.025 0.046 0.865 
 408 L _   0.026 0.021 0.001 0.015 0.011 0.026 0.046 0.854 
 409 Q _   0.027 0.023 0.001 0.017 0.012 0.028 0.045 0.846 
 410 V _   0.029 0.025 0.001 0.018 0.013 0.029 0.045 0.840 
 411 G _   0.030 0.026 0.001 0.018 0.013 0.029 0.045 0.838 
 412 R _   0.030 0.026 0.001 0.016 0.013 0.030 0.045 0.838 
 413 G _   0.031 0.026 0.001 0.015 0.013 0.030 0.045 0.839 
 414 L _   0.032 0.027 0.001 0.013 0.012 0.030 0.045 0.840 
 415 R _   0.033 0.027 0.001 0.013 0.013 0.030 0.045 0.839 
 416 Y _   0.033 0.028 0.001 0.013 0.013 0.031 0.045 0.835 
 417 I _   0.033 0.030 0.001 0.015 0.014 0.031 0.046 0.830 
 418 H _   0.033 0.033 0.001 0.018 0.015 0.031 0.046 0.823 
 419 S _   0.033 0.036 0.001 0.021 0.016 0.031 0.047 0.816 
 420 M _   0.032 0.038 0.001 0.023 0.016 0.030 0.048 0.811 
 421 S _   0.031 0.039 0.001 0.025 0.016 0.028 0.049 0.811 
 422 L _   0.029 0.039 0.001 0.024 0.015 0.027 0.050 0.815 
 423 V _   0.027 0.037 0.001 0.022 0.013 0.025 0.052 0.823 
 424 H _   0.025 0.034 0.001 0.019 0.011 0.022 0.053 0.834 
 425 M _   0.022 0.031 0.001 0.015 0.009 0.020 0.055 0.846 
 426 D _   0.020 0.027 0.001 0.012 0.007 0.019 0.057 0.857 
 427 I _   0.019 0.025 0.001 0.009 0.006 0.017 0.058 0.865 
 428 K _   0.018 0.023 0.001 0.008 0.006 0.017 0.060 0.868 
 429 P _   0.017 0.023 0.001 0.008 0.006 0.017 0.061 0.868 
 430 S _   0.017 0.024 0.001 0.009 0.006 0.017 0.062 0.864 
 431 N _   0.017 0.027 0.001 0.012 0.007 0.017 0.063 0.856 
 432 I _   0.017 0.031 0.001 0.016 0.008 0.017 0.064 0.847 
 433 F _   0.016 0.035 0.001 0.020 0.008 0.017 0.066 0.837 
 434 I _   0.015 0.039 0.001 0.024 0.009 0.017 0.067 0.829 
 435 S _   0.014 0.041 0.001 0.026 0.009 0.016 0.069 0.824 
 436 R _   0.013 0.042 0.001 0.027 0.008 0.015 0.070 0.823 
 437 T _   0.012 0.042 0.001 0.026 0.008 0.014 0.072 0.826 
 438 S _   0.010 0.040 0.001 0.024 0.007 0.013 0.074 0.831 
 439 I _   0.010 0.037 0.001 0.021 0.006 0.011 0.077 0.837 
 440 P _   0.009 0.034 0.001 0.018 0.005 0.010 0.079 0.844 
 441 N _   0.008 0.030 0.000 0.015 0.004 0.009 0.082 0.851 
 442 A _   0.008 0.026 0.000 0.013 0.003 0.008 0.084 0.857 
 443 A _   0.007 0.022 0.000 0.010 0.003 0.007 0.086 0.864 
 444 S _   0.006 0.019 0.000 0.008 0.002 0.006 0.088 0.870 
 445 E _   0.006 0.017 0.000 0.006 0.002 0.006 0.089 0.875 
 446 E _   0.005 0.016 0.000 0.005 0.001 0.005 0.089 0.878 
 447 G _   0.004 0.015 0.000 0.004 0.001 0.005 0.089 0.881 
 448 D _   0.004 0.016 0.000 0.004 0.001 0.005 0.088 0.881 
 449 E _   0.004 0.018 0.000 0.004 0.001 0.006 0.087 0.878 
 450 D _   0.005 0.024 0.000 0.005 0.002 0.008 0.085 0.871 
 451 D _   0.006 0.035 0.000 0.008 0.003 0.011 0.082 0.854 
 452 W _   0.008 0.060 0.001 0.013 0.006 0.015 0.077 0.821 
 453 A _   0.009 0.104 0.001 0.021 0.009 0.019 0.071 0.766 
 454 S _   0.010 0.174 0.002 0.030 0.013 0.022 0.063 0.686 
 455 N _   0.011 0.256 0.002 0.038 0.016 0.024 0.056 0.598 
 456 K _   0.010 0.333 0.002 0.045 0.017 0.025 0.049 0.519 
 457 V _   0.010 0.392 0.002 0.049 0.017 0.025 0.044 0.462 
 458 M _   0.010 0.428 0.001 0.051 0.017 0.024 0.040 0.428 
 459 F E   0.010 0.448 0.001 0.051 0.017 0.024 0.038 0.410 
 460 K E   0.010 0.459 0.001 0.050 0.017 0.023 0.037 0.402 
 461 I E   0.011 0.463 0.001 0.048 0.017 0.023 0.036 0.402 
 462 G E   0.011 0.460 0.001 0.045 0.016 0.022 0.035 0.409 
 463 D E   0.012 0.452 0.001 0.042 0.015 0.021 0.035 0.422 
 464 L _   0.013 0.437 0.001 0.039 0.015 0.020 0.035 0.440 
 465 G _   0.014 0.417 0.001 0.036 0.014 0.020 0.036 0.463 
 466 H _   0.014 0.389 0.001 0.033 0.013 0.019 0.037 0.493 
 467 V _   0.015 0.353 0.001 0.031 0.012 0.018 0.039 0.531 
 468 T _   0.015 0.312 0.001 0.029 0.011 0.017 0.040 0.575 
 469 R _   0.014 0.266 0.001 0.026 0.010 0.016 0.042 0.624 
 470 I _   0.014 0.220 0.001 0.023 0.008 0.015 0.044 0.674 
 471 S _   0.013 0.175 0.001 0.019 0.007 0.014 0.046 0.725 
 472 S _   0.011 0.136 0.001 0.016 0.006 0.012 0.048 0.771 
 473 P _   0.010 0.105 0.001 0.012 0.004 0.011 0.049 0.809 
 474 Q _   0.008 0.084 0.000 0.009 0.003 0.010 0.049 0.836 
 475 V _   0.007 0.070 0.000 0.007 0.003 0.009 0.049 0.855 
 476 E _   0.006 0.063 0.000 0.006 0.002 0.008 0.049 0.866 
 477 E _   0.006 0.060 0.000 0.005 0.002 0.008 0.048 0.871 
 478 G _   0.006 0.060 0.000 0.006 0.002 0.009 0.047 0.871 
 479 D _   0.006 0.062 0.000 0.008 0.003 0.010 0.045 0.866 
 480 S _   0.007 0.068 0.000 0.012 0.004 0.012 0.043 0.854 
 481 R _   0.007 0.079 0.001 0.018 0.006 0.014 0.040 0.835 
 482 F _   0.008 0.092 0.001 0.027 0.008 0.016 0.037 0.811 
 483 L _   0.009 0.105 0.001 0.037 0.010 0.018 0.034 0.787 
 484 A _   0.009 0.114 0.001 0.046 0.012 0.019 0.031 0.768 
 485 N _   0.010 0.119 0.001 0.052 0.013 0.019 0.029 0.757 
 486 E _   0.010 0.119 0.001 0.054 0.013 0.018 0.028 0.757 
 487 V _   0.011 0.115 0.001 0.051 0.012 0.017 0.027 0.766 
 488 L _   0.011 0.105 0.001 0.044 0.011 0.016 0.026 0.786 
 489 Q _   0.012 0.086 0.001 0.035 0.009 0.014 0.025 0.818 
 490 E _   0.013 0.060 0.001 0.024 0.007 0.012 0.025 0.857 
 491 N _   0.015 0.032 0.001 0.014 0.005 0.010 0.024 0.897 
 492 Y _   0.019 0.013 0.001 0.007 0.004 0.008 0.024 0.925 
 493 T _   0.025 0.003 0.000 0.003 0.002 0.007 0.023 0.936 
 494 H _   0.037 0.001 0.000 0.001 0.002 0.006 0.021 0.932 
 495 L _   0.060 0.000 0.000 0.001 0.002 0.006 0.019 0.911 
 496 P _   0.107 0.000 0.000 0.001 0.003 0.007 0.017 0.865 
 497 K _   0.190 0.000 0.001 0.001 0.004 0.008 0.015 0.782 
 498 A _   0.317 0.000 0.001 0.001 0.006 0.010 0.011 0.655 
 499 D _   0.469 0.000 0.001 0.001 0.008 0.011 0.009 0.501 
 500 I H   0.619 0.000 0.001 0.001 0.011 0.012 0.006 0.350 
 501 F H   0.741 0.000 0.001 0.001 0.014 0.012 0.004 0.226 
 502 A H   0.821 0.000 0.001 0.001 0.016 0.012 0.004 0.146 
 503 L H   0.870 0.000 0.001 0.001 0.017 0.010 0.003 0.098 
 504 A H   0.896 0.000 0.001 0.001 0.017 0.009 0.003 0.072 
 505 L H   0.906 0.000 0.001 0.001 0.018 0.009 0.003 0.062 
 506 T H   0.905 0.000 0.001 0.001 0.019 0.008 0.004 0.062 
 507 V H   0.892 0.000 0.001 0.001 0.020 0.008 0.005 0.073 
 508 V H   0.864 0.000 0.001 0.001 0.021 0.009 0.006 0.098 
 509 C H   0.815 0.000 0.002 0.002 0.021 0.009 0.009 0.143 
 510 A H   0.737 0.000 0.002 0.003 0.020 0.010 0.013 0.216 
 511 A H   0.629 0.000 0.002 0.003 0.017 0.011 0.019 0.319 
 512 G H   0.506 0.000 0.002 0.004 0.013 0.011 0.027 0.438 
 513 A _   0.379 0.000 0.001 0.004 0.009 0.010 0.036 0.560 
 514 E _   0.261 0.000 0.001 0.004 0.006 0.009 0.045 0.674 
 515 P _   0.168 0.000 0.001 0.003 0.004 0.007 0.053 0.764 
 516 L _   0.100 0.000 0.000 0.003 0.003 0.006 0.058 0.829 
 517 P _   0.057 0.000 0.000 0.002 0.002 0.005 0.063 0.870 
 518 R _   0.033 0.000 0.000 0.002 0.002 0.005 0.066 0.893 
 519 N _   0.019 0.000 0.000 0.002 0.001 0.005 0.068 0.904 
 520 G _   0.013 0.001 0.000 0.003 0.001 0.006 0.069 0.907 
 521 D _   0.010 0.003 0.000 0.004 0.002 0.007 0.070 0.905 
 522 Q _   0.008 0.006 0.000 0.006 0.002 0.008 0.070 0.899 
 523 W _   0.008 0.012 0.000 0.009 0.003 0.010 0.070 0.888 
 524 H _   0.008 0.021 0.001 0.012 0.004 0.011 0.070 0.873 
 525 E _   0.008 0.033 0.001 0.016 0.005 0.013 0.069 0.855 
 526 I _   0.008 0.044 0.001 0.020 0.006 0.014 0.069 0.839 
 527 R _   0.007 0.054 0.001 0.022 0.007 0.015 0.068 0.826 
 528 Q _   0.007 0.061 0.001 0.023 0.007 0.016 0.068 0.816 
 529 G _   0.008 0.067 0.001 0.022 0.007 0.016 0.068 0.811 
 530 R _   0.008 0.070 0.001 0.021 0.007 0.017 0.069 0.808 
 531 L _   0.008 0.072 0.001 0.018 0.007 0.018 0.070 0.806 
 532 P _   0.009 0.074 0.001 0.016 0.007 0.019 0.070 0.804 
 533 R _   0.010 0.075 0.001 0.014 0.007 0.021 0.071 0.801 
 534 I _   0.012 0.078 0.001 0.012 0.007 0.023 0.072 0.796 
 535 P _   0.014 0.081 0.001 0.012 0.008 0.025 0.073 0.786 
 536 Q _   0.018 0.087 0.001 0.012 0.009 0.029 0.073 0.770 
 537 V _   0.022 0.097 0.001 0.014 0.012 0.033 0.074 0.748 
 538 L _   0.026 0.111 0.001 0.017 0.016 0.037 0.074 0.717 
 539 S _   0.030 0.131 0.002 0.022 0.021 0.040 0.075 0.680 
 540 Q _   0.034 0.156 0.002 0.029 0.025 0.043 0.075 0.636 
 541 E _   0.035 0.181 0.002 0.038 0.029 0.044 0.076 0.594 
 542 F _   0.036 0.203 0.002 0.048 0.032 0.044 0.077 0.558 
 543 T _   0.037 0.219 0.002 0.056 0.033 0.042 0.079 0.532 
 544 E _   0.036 0.227 0.002 0.063 0.032 0.040 0.082 0.519 
 545 L _   0.035 0.229 0.002 0.065 0.029 0.037 0.086 0.518 
 546 L _   0.033 0.223 0.002 0.064 0.026 0.033 0.091 0.530 
 547 K _   0.029 0.208 0.002 0.058 0.022 0.029 0.097 0.555 
 548 V _   0.026 0.180 0.002 0.048 0.017 0.024 0.105 0.597 
 549 M _   0.023 0.137 0.002 0.036 0.013 0.020 0.114 0.656 
 550 I _   0.019 0.086 0.001 0.024 0.009 0.016 0.123 0.722 
 551 H _   0.016 0.043 0.001 0.013 0.005 0.012 0.130 0.779 
 552 P _   0.012 0.017 0.000 0.007 0.003 0.010 0.135 0.816 
 553 D _   0.009 0.006 0.000 0.003 0.002 0.008 0.138 0.834 
 554 P _   0.007 0.002 0.000 0.002 0.001 0.007 0.139 0.841 
 555 E _   0.008 0.001 0.000 0.001 0.001 0.009 0.140 0.840 
 556 R _   0.010 0.001 0.000 0.001 0.002 0.012 0.140 0.833 
 557 R _   0.015 0.002 0.000 0.003 0.003 0.017 0.140 0.819 
 558 P _   0.024 0.008 0.001 0.005 0.007 0.026 0.139 0.791 
 559 S _   0.035 0.026 0.001 0.012 0.015 0.037 0.136 0.738 
 560 A _   0.044 0.070 0.002 0.024 0.025 0.047 0.133 0.656 
 561 M _   0.050 0.131 0.003 0.038 0.035 0.053 0.129 0.562 
 562 A _   0.052 0.185 0.003 0.051 0.040 0.056 0.126 0.487 
 563 L _   0.053 0.218 0.002 0.062 0.043 0.057 0.124 0.440 
 564 V _   0.053 0.235 0.002 0.069 0.045 0.055 0.124 0.417 
 565 K _   0.053 0.241 0.002 0.071 0.044 0.053 0.125 0.412 
 566 H _   0.051 0.238 0.002 0.068 0.041 0.049 0.127 0.423 
 567 S _   0.049 0.226 0.002 0.061 0.037 0.045 0.131 0.449 
 568 V _   0.046 0.203 0.002 0.051 0.032 0.040 0.135 0.491 
 569 L _   0.043 0.166 0.002 0.039 0.025 0.035 0.142 0.549 
 570 L _   0.038 0.119 0.002 0.028 0.019 0.030 0.148 0.616 
 571 S _   0.034 0.074 0.001 0.018 0.013 0.025 0.155 0.679 
 572 A _   0.029 0.041 0.001 0.011 0.009 0.021 0.160 0.727 
 573 S _   0.024 0.024 0.001 0.007 0.006 0.018 0.164 0.757 
 574 R _   0.019 0.016 0.000 0.005 0.004 0.016 0.167 0.772 
 575 K _   0.017 0.013 0.000 0.004 0.003 0.015 0.169 0.779 
 576 S _   0.015 0.012 0.000 0.004 0.003 0.014 0.171 0.780 
 577 A _   0.015 0.013 0.000 0.006 0.004 0.014 0.172 0.776 
 578 E _   0.015 0.015 0.001 0.009 0.005 0.015 0.173 0.768 
 579 Q _   0.015 0.018 0.001 0.013 0.006 0.016 0.174 0.758 
 580 L _   0.015 0.022 0.001 0.017 0.007 0.016 0.175 0.747 
 581 R _   0.015 0.026 0.001 0.020 0.008 0.016 0.176 0.738 
 582 I _   0.014 0.028 0.001 0.022 0.008 0.016 0.178 0.732 
 583 E _   0.013 0.029 0.001 0.023 0.008 0.015 0.180 0.731 
 584 L _   0.012 0.029 0.001 0.022 0.008 0.014 0.183 0.732 
 585 N _   0.012 0.027 0.001 0.019 0.007 0.013 0.185 0.736 
 586 A _   0.011 0.025 0.001 0.016 0.006 0.012 0.189 0.741 
 587 E _   0.010 0.023 0.001 0.013 0.005 0.011 0.192 0.746 
 588 K _   0.010 0.020 0.000 0.010 0.004 0.010 0.196 0.750 
 589 F _   0.009 0.018 0.000 0.009 0.003 0.009 0.199 0.752 
 590 K _   0.009 0.017 0.000 0.008 0.003 0.009 0.202 0.752 
 591 N _   0.008 0.016 0.000 0.007 0.003 0.008 0.205 0.751 
 592 S _   0.008 0.016 0.000 0.007 0.003 0.008 0.208 0.750 
 593 L _   0.008 0.016 0.000 0.007 0.003 0.008 0.211 0.747 
 594 L _   0.008 0.016 0.000 0.008 0.003 0.008 0.213 0.745 
 595 Q _   0.007 0.017 0.000 0.008 0.003 0.008 0.215 0.742 
 596 K _   0.007 0.018 0.000 0.008 0.003 0.007 0.217 0.740 
 597 E _   0.006 0.019 0.000 0.008 0.003 0.007 0.219 0.738 
 598 L _   0.006 0.021 0.000 0.007 0.003 0.007 0.220 0.735 
 599 K _   0.006 0.023 0.000 0.007 0.003 0.007 0.221 0.733 
 600 K _   0.006 0.026 0.000 0.008 0.003 0.008 0.221 0.729 
 601 A _   0.006 0.030 0.000 0.008 0.003 0.008 0.222 0.723 
 602 Q _   0.006 0.036 0.000 0.009 0.003 0.009 0.222 0.716 
 603 M _   0.006 0.043 0.000 0.010 0.004 0.010 0.222 0.706 
 604 A _   0.006 0.052 0.001 0.011 0.004 0.011 0.221 0.693 
 605 K _   0.007 0.064 0.001 0.013 0.005 0.012 0.221 0.678 
 606 A _   0.007 0.077 0.001 0.015 0.006 0.013 0.221 0.662 
 607 A _   0.007 0.090 0.001 0.018 0.006 0.014 0.221 0.643 
 608 A _   0.008 0.104 0.001 0.020 0.007 0.014 0.221 0.625 
 609 E _   0.009 0.116 0.001 0.022 0.008 0.015 0.222 0.607 
 610 E _   0.009 0.127 0.001 0.024 0.009 0.016 0.223 0.592 
 611 R _   0.010 0.135 0.001 0.025 0.009 0.017 0.225 0.578 
 612 A _   0.010 0.141 0.001 0.027 0.010 0.017 0.228 0.566 
 613 L _   0.011 0.145 0.001 0.028 0.010 0.017 0.232 0.557 
 614 F _   0.011 0.147 0.001 0.028 0.010 0.017 0.236 0.550 
 615 T _   0.012 0.147 0.001 0.028 0.010 0.016 0.242 0.545 
 616 D _   0.012 0.144 0.001 0.027 0.010 0.016 0.249 0.543 
 617 R _   0.012 0.139 0.001 0.025 0.009 0.015 0.256 0.544 
 618 M _   0.011 0.132 0.001 0.022 0.008 0.014 0.265 0.548 
 619 A _   0.011 0.123 0.001 0.019 0.007 0.012 0.274 0.554 
 620 T _   0.010 0.112 0.001 0.015 0.006 0.011 0.284 0.561 
 621 R _   0.009 0.102 0.001 0.012 0.004 0.010 0.293 0.569 
 622 S _   0.008 0.094 0.000 0.009 0.004 0.009 0.301 0.575 
 623 T _   0.007 0.088 0.000 0.007 0.003 0.008 0.309 0.578 
 624 T _   0.006 0.085 0.000 0.006 0.002 0.008 0.315 0.577 
 625 Q _   0.006 0.085 0.000 0.006 0.002 0.008 0.320 0.573 
 626 S _   0.005 0.087 0.000 0.006 0.002 0.008 0.325 0.566 
 627 N _   0.005 0.091 0.000 0.007 0.003 0.009 0.329 0.555 
 628 R _   0.006 0.100 0.000 0.009 0.004 0.009 0.333 0.539 
 629 T _   0.006 0.112 0.001 0.012 0.004 0.010 0.336 0.520 
 630 S _   0.006 0.126 0.001 0.014 0.005 0.011 0.340 0.498 
 631 R _   0.006 0.141 0.001 0.017 0.006 0.012 0.343 0.475 
 632 L _   0.006 0.156 0.001 0.018 0.006 0.012 0.347 0.453 
 633 I _   0.006 0.170 0.001 0.019 0.006 0.013 0.352 0.434 
 634 G _   0.006 0.181 0.001 0.020 0.006 0.013 0.356 0.417 
 635 K _   0.007 0.191 0.001 0.020 0.007 0.013 0.362 0.401 
 636 K _   0.007 0.199 0.001 0.020 0.007 0.014 0.367 0.385 
 637 M X   0.008 0.207 0.001 0.020 0.007 0.014 0.374 0.370 
 638 N X   0.007 0.214 0.001 0.021 0.008 0.013 0.380 0.356 
 639 R X   0.007 0.219 0.001 0.022 0.008 0.012 0.388 0.343 
 640 S X   0.006 0.224 0.001 0.024 0.007 0.011 0.396 0.331 
 641 V X   0.005 0.226 0.001 0.024 0.006 0.008 0.406 0.324 
 642 S X   0.003 0.224 0.001 0.022 0.004 0.005 0.418 0.323 
 643 L X   0.002 0.216 0.000 0.018 0.001 0.003 0.428 0.331 
 644 T X   0.001 0.205 0.000 0.014 0.000 0.001 0.433 0.346 
 645 I X   0.001 0.193 0.000 0.014 0.000 0.001 0.432 0.358 
 646 Y X   0.004 0.182 0.002 0.023 0.004 0.004 0.423 0.359 
