#TopoPred_TM8: 8-state transmembrane topology prediction results by no_profile mode 
#probabilities are in the order of H E C I L F X _, the 8 transmembrane topology types used in PDBTM 
   1 M X   0.018 0.001 0.003 0.065 0.011 0.014 0.591 0.296 
   2 L X   0.007 0.001 0.000 0.041 0.003 0.008 0.605 0.335 
   3 K X   0.002 0.000 0.000 0.025 0.001 0.006 0.606 0.359 
   4 F X   0.002 0.001 0.000 0.019 0.001 0.007 0.600 0.371 
   5 Q X   0.003 0.001 0.000 0.017 0.002 0.010 0.588 0.380 
   6 E X   0.005 0.002 0.000 0.017 0.003 0.013 0.571 0.389 
   7 A X   0.007 0.003 0.000 0.019 0.004 0.017 0.552 0.398 
   8 A X   0.009 0.005 0.001 0.022 0.006 0.020 0.530 0.407 
   9 K X   0.010 0.008 0.001 0.026 0.007 0.022 0.507 0.419 
  10 C X   0.011 0.011 0.001 0.030 0.009 0.023 0.484 0.432 
  11 V X   0.011 0.013 0.001 0.032 0.011 0.024 0.462 0.447 
  12 S _   0.012 0.014 0.001 0.031 0.012 0.025 0.443 0.463 
  13 G _   0.012 0.014 0.001 0.029 0.012 0.025 0.426 0.481 
  14 S _   0.014 0.014 0.001 0.024 0.011 0.025 0.411 0.500 
  15 T _   0.015 0.013 0.001 0.019 0.010 0.026 0.398 0.518 
  16 A _   0.016 0.012 0.001 0.015 0.009 0.026 0.386 0.535 
  17 I _   0.018 0.011 0.001 0.012 0.008 0.027 0.374 0.549 
  18 S _   0.020 0.011 0.001 0.009 0.008 0.028 0.362 0.561 
  19 T _   0.022 0.011 0.001 0.008 0.009 0.029 0.351 0.569 
  20 Y _   0.025 0.012 0.001 0.008 0.010 0.031 0.340 0.573 
  21 P _   0.028 0.015 0.001 0.010 0.012 0.034 0.328 0.573 
  22 K _   0.032 0.019 0.001 0.012 0.014 0.036 0.316 0.569 
  23 T _   0.034 0.026 0.001 0.016 0.018 0.038 0.305 0.562 
  24 L _   0.036 0.034 0.002 0.021 0.021 0.040 0.294 0.554 
  25 I _   0.037 0.042 0.002 0.026 0.023 0.040 0.283 0.547 
  26 A _   0.037 0.048 0.002 0.030 0.024 0.039 0.274 0.545 
  27 R _   0.036 0.053 0.002 0.032 0.023 0.038 0.266 0.550 
  28 R _   0.033 0.055 0.002 0.032 0.022 0.035 0.260 0.561 
  29 Y _   0.030 0.055 0.001 0.030 0.019 0.033 0.254 0.578 
  30 V _   0.027 0.053 0.001 0.025 0.016 0.030 0.249 0.598 
  31 L _   0.025 0.049 0.001 0.020 0.013 0.027 0.245 0.620 
  32 Q _   0.022 0.046 0.001 0.015 0.010 0.025 0.241 0.642 
  33 Q _   0.020 0.042 0.001 0.011 0.008 0.023 0.237 0.659 
  34 K _   0.019 0.040 0.001 0.008 0.006 0.021 0.233 0.671 
  35 L _   0.018 0.040 0.001 0.008 0.006 0.021 0.229 0.677 
  36 G _   0.018 0.042 0.001 0.009 0.007 0.021 0.225 0.677 
  37 S _   0.019 0.047 0.001 0.013 0.008 0.022 0.220 0.671 
  38 G _   0.019 0.055 0.001 0.018 0.011 0.023 0.215 0.658 
  39 S _   0.020 0.065 0.001 0.026 0.013 0.023 0.211 0.641 
  40 F _   0.021 0.073 0.001 0.035 0.014 0.023 0.207 0.625 
  41 G _   0.021 0.078 0.001 0.041 0.015 0.023 0.205 0.616 
  42 T _   0.020 0.080 0.001 0.044 0.014 0.021 0.203 0.616 
  43 V _   0.018 0.078 0.001 0.043 0.013 0.019 0.203 0.625 
  44 Y _   0.016 0.073 0.001 0.037 0.011 0.017 0.203 0.643 
  45 L _   0.014 0.063 0.001 0.030 0.008 0.014 0.204 0.667 
  46 V _   0.012 0.049 0.001 0.021 0.006 0.011 0.204 0.695 
  47 S _   0.010 0.034 0.001 0.014 0.004 0.009 0.205 0.723 
  48 D _   0.008 0.023 0.000 0.008 0.003 0.007 0.205 0.745 
  49 K _   0.007 0.016 0.000 0.005 0.002 0.006 0.205 0.760 
  50 K _   0.005 0.012 0.000 0.003 0.001 0.005 0.204 0.769 
  51 A _   0.005 0.011 0.000 0.003 0.001 0.005 0.202 0.774 
  52 K _   0.004 0.011 0.000 0.003 0.001 0.005 0.199 0.776 
  53 R _   0.004 0.012 0.000 0.004 0.002 0.006 0.195 0.776 
  54 G _   0.005 0.017 0.000 0.007 0.002 0.008 0.189 0.772 
  55 E _   0.005 0.025 0.000 0.011 0.003 0.009 0.183 0.763 
  56 E _   0.006 0.037 0.001 0.017 0.005 0.011 0.175 0.748 
  57 L _   0.006 0.052 0.001 0.024 0.006 0.013 0.166 0.731 
  58 K _   0.006 0.067 0.001 0.031 0.008 0.014 0.158 0.715 
  59 V _   0.006 0.078 0.001 0.037 0.009 0.015 0.151 0.703 
  60 L _   0.006 0.085 0.001 0.041 0.009 0.015 0.146 0.696 
  61 K _   0.007 0.088 0.001 0.043 0.009 0.015 0.142 0.695 
  62 E _   0.007 0.089 0.001 0.042 0.009 0.014 0.139 0.699 
  63 I _   0.007 0.087 0.001 0.038 0.009 0.013 0.137 0.708 
  64 S _   0.007 0.081 0.001 0.033 0.007 0.012 0.136 0.722 
  65 V _   0.007 0.072 0.001 0.026 0.006 0.011 0.135 0.741 
  66 G _   0.007 0.061 0.001 0.020 0.005 0.010 0.135 0.761 
  67 E _   0.007 0.049 0.001 0.014 0.004 0.009 0.135 0.781 
  68 L _   0.007 0.039 0.000 0.010 0.003 0.008 0.135 0.798 
  69 N _   0.006 0.032 0.000 0.007 0.002 0.008 0.134 0.811 
  70 P _   0.006 0.028 0.000 0.005 0.002 0.008 0.133 0.818 
  71 N _   0.006 0.026 0.000 0.005 0.002 0.008 0.131 0.822 
  72 E _   0.006 0.026 0.000 0.006 0.003 0.009 0.129 0.821 
  73 T _   0.007 0.029 0.000 0.008 0.003 0.011 0.126 0.816 
  74 V _   0.008 0.033 0.001 0.012 0.005 0.013 0.123 0.806 
  75 Q _   0.009 0.040 0.001 0.018 0.006 0.014 0.119 0.793 
  76 A _   0.009 0.047 0.001 0.025 0.008 0.016 0.115 0.779 
  77 N _   0.009 0.053 0.001 0.031 0.009 0.017 0.112 0.768 
  78 L _   0.009 0.057 0.001 0.035 0.010 0.017 0.109 0.762 
  79 E _   0.009 0.058 0.001 0.036 0.010 0.017 0.107 0.763 
  80 A _   0.009 0.056 0.001 0.033 0.009 0.016 0.105 0.770 
  81 Q _   0.009 0.052 0.001 0.028 0.008 0.015 0.104 0.783 
  82 L _   0.009 0.045 0.001 0.022 0.007 0.014 0.103 0.800 
  83 L _   0.009 0.036 0.001 0.016 0.006 0.013 0.102 0.817 
  84 S _   0.009 0.029 0.001 0.011 0.004 0.013 0.102 0.833 
  85 K _   0.009 0.023 0.000 0.007 0.004 0.013 0.101 0.843 
  86 L _   0.010 0.020 0.000 0.006 0.003 0.013 0.100 0.848 
  87 D _   0.011 0.019 0.000 0.005 0.004 0.014 0.099 0.847 
  88 H _   0.013 0.020 0.000 0.006 0.004 0.016 0.098 0.842 
  89 P _   0.016 0.023 0.001 0.008 0.006 0.019 0.097 0.831 
  90 A _   0.018 0.029 0.001 0.012 0.008 0.021 0.095 0.816 
  91 I _   0.020 0.037 0.001 0.017 0.010 0.024 0.093 0.798 
  92 V _   0.022 0.045 0.001 0.021 0.012 0.025 0.091 0.782 
  93 K _   0.022 0.052 0.001 0.024 0.013 0.026 0.089 0.771 
  94 F _   0.022 0.057 0.001 0.026 0.014 0.027 0.088 0.766 
  95 H _   0.021 0.059 0.001 0.025 0.013 0.026 0.087 0.767 
  96 A _   0.021 0.060 0.001 0.022 0.012 0.025 0.086 0.773 
  97 S _   0.020 0.059 0.001 0.019 0.011 0.024 0.085 0.780 
  98 F _   0.019 0.058 0.001 0.015 0.009 0.023 0.085 0.789 
  99 V _   0.019 0.058 0.001 0.013 0.008 0.023 0.084 0.794 
 100 E _   0.019 0.058 0.001 0.011 0.008 0.023 0.084 0.796 
 101 Q _   0.019 0.060 0.001 0.012 0.008 0.023 0.083 0.794 
 102 D _   0.020 0.064 0.001 0.014 0.009 0.024 0.083 0.786 
 103 N _   0.021 0.071 0.001 0.018 0.011 0.024 0.082 0.772 
 104 F _   0.021 0.079 0.001 0.024 0.013 0.025 0.081 0.755 
 105 C _   0.022 0.088 0.001 0.032 0.014 0.025 0.081 0.738 
 106 I _   0.022 0.094 0.001 0.039 0.015 0.024 0.080 0.724 
 107 I _   0.022 0.097 0.001 0.043 0.015 0.023 0.081 0.717 
 108 T _   0.020 0.096 0.001 0.045 0.014 0.022 0.082 0.720 
 109 E _   0.018 0.091 0.001 0.042 0.012 0.019 0.084 0.732 
 110 Y _   0.016 0.081 0.001 0.036 0.010 0.017 0.085 0.753 
 111 C _   0.014 0.066 0.001 0.028 0.008 0.014 0.088 0.782 
 112 E _   0.012 0.048 0.001 0.020 0.006 0.011 0.090 0.813 
 113 G _   0.010 0.030 0.001 0.013 0.004 0.009 0.092 0.842 
 114 R _   0.008 0.017 0.000 0.008 0.003 0.007 0.093 0.864 
 115 D _   0.007 0.009 0.000 0.005 0.002 0.006 0.093 0.878 
 116 L _   0.005 0.005 0.000 0.004 0.001 0.005 0.093 0.886 
 117 D _   0.005 0.003 0.000 0.003 0.001 0.005 0.093 0.890 
 118 D _   0.004 0.002 0.000 0.003 0.001 0.005 0.092 0.892 
 119 K _   0.004 0.002 0.000 0.004 0.001 0.005 0.090 0.892 
 120 I _   0.005 0.002 0.000 0.006 0.002 0.006 0.087 0.892 
 121 Q _   0.005 0.002 0.000 0.008 0.002 0.007 0.084 0.891 
 122 E _   0.005 0.003 0.000 0.010 0.003 0.008 0.081 0.890 
 123 Y _   0.005 0.003 0.000 0.012 0.003 0.009 0.077 0.889 
 124 K _   0.006 0.003 0.000 0.013 0.004 0.010 0.074 0.889 
 125 Q _   0.007 0.003 0.001 0.014 0.004 0.011 0.070 0.890 
 126 A _   0.009 0.003 0.001 0.013 0.005 0.012 0.066 0.891 
 127 G _   0.013 0.003 0.001 0.012 0.005 0.013 0.063 0.891 
 128 K _   0.020 0.002 0.001 0.010 0.005 0.015 0.059 0.889 
 129 I _   0.032 0.001 0.001 0.008 0.005 0.016 0.055 0.881 
 130 F _   0.054 0.001 0.001 0.006 0.006 0.018 0.051 0.863 
 131 P _   0.090 0.000 0.001 0.005 0.007 0.021 0.046 0.830 
 132 E _   0.145 0.000 0.001 0.004 0.009 0.025 0.041 0.775 
 133 N _   0.222 0.000 0.001 0.003 0.013 0.030 0.035 0.696 
 134 Q _   0.316 0.000 0.001 0.003 0.017 0.034 0.030 0.598 
 135 I _   0.417 0.000 0.002 0.003 0.024 0.038 0.025 0.492 
 136 I H   0.511 0.000 0.002 0.003 0.031 0.041 0.021 0.392 
 137 E H   0.587 0.000 0.002 0.003 0.036 0.042 0.018 0.311 
 138 W H   0.643 0.000 0.002 0.003 0.040 0.041 0.017 0.253 
 139 F H   0.678 0.000 0.002 0.004 0.043 0.040 0.016 0.217 
 140 I H   0.697 0.001 0.002 0.004 0.043 0.038 0.015 0.200 
 141 Q H   0.701 0.001 0.002 0.005 0.043 0.035 0.015 0.198 
 142 L H   0.692 0.001 0.002 0.005 0.041 0.033 0.016 0.211 
 143 L H   0.667 0.001 0.002 0.005 0.038 0.031 0.017 0.240 
 144 L H   0.627 0.000 0.002 0.004 0.033 0.029 0.018 0.286 
 145 G H   0.574 0.000 0.002 0.004 0.028 0.027 0.020 0.346 
 146 V H   0.506 0.000 0.002 0.004 0.023 0.025 0.022 0.418 
 147 D _   0.432 0.000 0.001 0.004 0.018 0.023 0.025 0.496 
 148 Y _   0.357 0.000 0.001 0.005 0.015 0.022 0.028 0.572 
 149 M _   0.287 0.000 0.001 0.006 0.012 0.021 0.031 0.642 
 150 H _   0.224 0.000 0.001 0.007 0.011 0.020 0.035 0.703 
 151 E _   0.169 0.001 0.001 0.008 0.009 0.018 0.038 0.756 
 152 R _   0.122 0.001 0.001 0.009 0.008 0.017 0.040 0.802 
 153 R _   0.087 0.001 0.001 0.009 0.007 0.015 0.042 0.838 
 154 I _   0.060 0.001 0.001 0.009 0.005 0.013 0.044 0.866 
 155 L _   0.042 0.001 0.001 0.008 0.004 0.012 0.046 0.887 
 156 H _   0.029 0.001 0.000 0.007 0.004 0.010 0.047 0.903 
 157 R _   0.020 0.001 0.000 0.006 0.003 0.009 0.047 0.913 
 158 D _   0.014 0.001 0.000 0.005 0.003 0.008 0.048 0.921 
 159 L _   0.011 0.001 0.000 0.005 0.002 0.008 0.048 0.925 
 160 K _   0.009 0.000 0.000 0.005 0.002 0.008 0.048 0.927 
 161 S _   0.008 0.000 0.000 0.005 0.002 0.008 0.048 0.928 
 162 K _   0.008 0.001 0.000 0.005 0.002 0.009 0.048 0.928 
 163 N _   0.008 0.001 0.000 0.005 0.003 0.010 0.047 0.926 
 164 V _   0.009 0.001 0.000 0.006 0.003 0.011 0.046 0.923 
 165 F _   0.011 0.001 0.000 0.007 0.004 0.013 0.045 0.919 
 166 L _   0.013 0.001 0.001 0.008 0.004 0.015 0.044 0.914 
 167 K _   0.017 0.001 0.001 0.008 0.005 0.018 0.043 0.907 
 168 N _   0.022 0.001 0.001 0.009 0.007 0.022 0.041 0.897 
 169 N _   0.030 0.001 0.001 0.009 0.008 0.026 0.040 0.885 
 170 L _   0.041 0.001 0.001 0.009 0.010 0.030 0.038 0.869 
 171 L _   0.056 0.001 0.001 0.009 0.012 0.035 0.037 0.849 
 172 K _   0.073 0.001 0.001 0.009 0.015 0.040 0.035 0.826 
 173 I _   0.094 0.001 0.001 0.009 0.018 0.046 0.034 0.797 
 174 G _   0.118 0.001 0.001 0.008 0.022 0.051 0.032 0.766 
 175 D _   0.143 0.002 0.002 0.009 0.026 0.055 0.031 0.733 
 176 F _   0.167 0.002 0.002 0.010 0.031 0.059 0.029 0.701 
 177 G _   0.190 0.002 0.002 0.011 0.036 0.062 0.028 0.669 
 178 V _   0.211 0.003 0.002 0.012 0.040 0.064 0.028 0.641 
 179 S _   0.226 0.003 0.002 0.012 0.042 0.065 0.027 0.623 
 180 R _   0.234 0.004 0.002 0.013 0.042 0.064 0.027 0.615 
 181 L _   0.235 0.004 0.002 0.013 0.040 0.062 0.027 0.617 
 182 L _   0.231 0.004 0.002 0.012 0.037 0.059 0.027 0.627 
 183 M _   0.222 0.004 0.002 0.011 0.034 0.056 0.028 0.643 
 184 G _   0.208 0.004 0.002 0.011 0.031 0.053 0.028 0.664 
 185 S _   0.192 0.004 0.002 0.010 0.027 0.049 0.029 0.688 
 186 C _   0.174 0.004 0.001 0.010 0.024 0.046 0.030 0.710 
 187 D _   0.156 0.004 0.001 0.012 0.022 0.043 0.031 0.731 
 188 L _   0.136 0.005 0.001 0.014 0.021 0.040 0.031 0.751 
 189 A _   0.116 0.006 0.001 0.016 0.019 0.037 0.033 0.772 
 190 T _   0.098 0.006 0.001 0.018 0.017 0.033 0.034 0.793 
 191 T _   0.079 0.007 0.001 0.019 0.014 0.029 0.035 0.816 
 192 L _   0.063 0.006 0.001 0.018 0.012 0.025 0.036 0.838 
 193 T _   0.049 0.006 0.001 0.016 0.009 0.021 0.037 0.860 
 194 G _   0.037 0.005 0.001 0.014 0.007 0.018 0.038 0.881 
 195 T _   0.028 0.004 0.001 0.011 0.005 0.015 0.038 0.898 
 196 P _   0.021 0.003 0.001 0.009 0.004 0.012 0.039 0.911 
 197 H _   0.015 0.002 0.000 0.008 0.003 0.011 0.039 0.921 
 198 Y _   0.012 0.002 0.000 0.007 0.003 0.009 0.039 0.927 
 199 M _   0.010 0.002 0.000 0.007 0.003 0.009 0.039 0.931 
 200 S _   0.009 0.002 0.000 0.007 0.003 0.008 0.039 0.932 
 201 P _   0.008 0.002 0.000 0.008 0.003 0.008 0.039 0.933 
 202 E _   0.007 0.002 0.000 0.009 0.003 0.008 0.038 0.933 
 203 A _   0.007 0.002 0.000 0.009 0.003 0.007 0.037 0.934 
 204 L _   0.008 0.001 0.000 0.009 0.003 0.007 0.037 0.936 
 205 K _   0.008 0.001 0.000 0.008 0.003 0.007 0.036 0.938 
 206 H _   0.009 0.001 0.000 0.006 0.002 0.006 0.034 0.940 
 207 Q _   0.012 0.001 0.000 0.005 0.002 0.006 0.033 0.941 
 208 G _   0.018 0.000 0.000 0.004 0.002 0.006 0.031 0.938 
 209 Y _   0.031 0.000 0.000 0.003 0.002 0.006 0.029 0.929 
 210 D _   0.053 0.000 0.000 0.002 0.003 0.007 0.026 0.909 
 211 T _   0.095 0.000 0.000 0.001 0.003 0.008 0.023 0.869 
 212 K _   0.165 0.000 0.001 0.001 0.005 0.010 0.020 0.799 
 213 S _   0.270 0.000 0.001 0.001 0.007 0.012 0.015 0.695 
 214 D _   0.403 0.000 0.001 0.001 0.009 0.014 0.011 0.561 
 215 I H   0.547 0.000 0.001 0.001 0.012 0.015 0.007 0.416 
 216 W H   0.673 0.000 0.001 0.001 0.015 0.015 0.005 0.290 
 217 S H   0.767 0.000 0.001 0.001 0.017 0.014 0.003 0.197 
 218 L H   0.831 0.000 0.001 0.001 0.018 0.013 0.002 0.134 
 219 A H   0.870 0.000 0.001 0.001 0.018 0.011 0.002 0.097 
 220 C H   0.892 0.000 0.001 0.001 0.019 0.010 0.001 0.077 
 221 I H   0.901 0.000 0.001 0.001 0.019 0.009 0.001 0.069 
 222 L H   0.902 0.000 0.001 0.001 0.018 0.008 0.001 0.069 
 223 Y H   0.893 0.000 0.001 0.001 0.018 0.007 0.001 0.078 
 224 E H   0.875 0.000 0.001 0.001 0.018 0.007 0.001 0.097 
 225 M H   0.843 0.000 0.001 0.001 0.017 0.008 0.002 0.129 
 226 C H   0.799 0.000 0.001 0.001 0.015 0.008 0.002 0.174 
 227 C H   0.740 0.000 0.001 0.001 0.013 0.008 0.003 0.233 
 228 M H   0.672 0.000 0.001 0.001 0.011 0.009 0.004 0.301 
 229 N H   0.602 0.000 0.001 0.001 0.009 0.010 0.006 0.371 
 230 H H   0.540 0.000 0.001 0.001 0.007 0.010 0.008 0.433 
 231 A H   0.486 0.000 0.001 0.001 0.006 0.012 0.009 0.485 
 232 F _   0.445 0.000 0.001 0.001 0.006 0.013 0.011 0.522 
 233 A _   0.417 0.000 0.001 0.001 0.007 0.016 0.013 0.546 
 234 G _   0.400 0.000 0.001 0.001 0.008 0.019 0.015 0.556 
 235 S _   0.390 0.000 0.001 0.002 0.011 0.023 0.017 0.556 
 236 N _   0.383 0.001 0.001 0.003 0.016 0.028 0.019 0.549 
 237 F _   0.375 0.002 0.001 0.006 0.022 0.032 0.022 0.539 
 238 L _   0.363 0.006 0.002 0.012 0.029 0.036 0.025 0.527 
 239 S _   0.346 0.011 0.002 0.019 0.035 0.039 0.029 0.518 
 240 I _   0.321 0.017 0.003 0.028 0.039 0.040 0.034 0.520 
 241 V _   0.289 0.021 0.003 0.035 0.039 0.039 0.039 0.535 
 242 L _   0.252 0.022 0.003 0.039 0.036 0.037 0.046 0.564 
 243 K _   0.212 0.022 0.002 0.038 0.031 0.034 0.054 0.607 
 244 I _   0.172 0.020 0.002 0.033 0.024 0.030 0.063 0.657 
 245 V _   0.132 0.016 0.002 0.026 0.017 0.025 0.072 0.711 
 246 E _   0.097 0.011 0.001 0.018 0.011 0.020 0.080 0.762 
 247 G _   0.068 0.006 0.001 0.012 0.007 0.015 0.087 0.804 
 248 D _   0.045 0.003 0.001 0.007 0.004 0.011 0.093 0.835 
 249 T _   0.030 0.002 0.000 0.005 0.003 0.009 0.097 0.855 
 250 P _   0.019 0.001 0.000 0.003 0.002 0.007 0.100 0.867 
 251 S _   0.012 0.001 0.000 0.003 0.001 0.006 0.102 0.874 
 252 L _   0.009 0.001 0.000 0.002 0.001 0.006 0.104 0.878 
 253 P _   0.007 0.001 0.000 0.002 0.001 0.006 0.104 0.878 
 254 E _   0.007 0.003 0.000 0.003 0.002 0.007 0.104 0.875 
 255 R _   0.007 0.007 0.000 0.005 0.002 0.010 0.103 0.866 
 256 Y _   0.009 0.016 0.000 0.008 0.004 0.013 0.101 0.849 
 257 P _   0.011 0.038 0.001 0.014 0.007 0.018 0.098 0.813 
 258 K _   0.013 0.081 0.001 0.025 0.011 0.022 0.094 0.753 
 259 E _   0.013 0.142 0.002 0.039 0.016 0.026 0.089 0.673 
 260 L _   0.013 0.205 0.002 0.055 0.020 0.028 0.084 0.594 
 261 N _   0.013 0.252 0.002 0.068 0.021 0.028 0.081 0.535 
 262 A _   0.013 0.279 0.002 0.079 0.022 0.028 0.079 0.500 
 263 I _   0.013 0.291 0.001 0.084 0.021 0.027 0.078 0.485 
 264 M _   0.012 0.293 0.001 0.084 0.020 0.025 0.078 0.486 
 265 E _   0.012 0.286 0.002 0.077 0.018 0.023 0.080 0.502 
 266 S _   0.012 0.266 0.002 0.066 0.016 0.021 0.082 0.536 
 267 M _   0.012 0.227 0.002 0.051 0.014 0.018 0.086 0.591 
 268 L _   0.012 0.171 0.002 0.035 0.011 0.016 0.090 0.664 
 269 N _   0.011 0.112 0.001 0.022 0.008 0.014 0.094 0.738 
 270 K _   0.010 0.068 0.001 0.012 0.005 0.012 0.098 0.794 
 271 N _   0.009 0.044 0.000 0.007 0.003 0.011 0.100 0.826 
 272 P _   0.008 0.034 0.000 0.004 0.002 0.011 0.101 0.839 
 273 S _   0.009 0.031 0.000 0.003 0.002 0.012 0.102 0.841 
 274 L _   0.010 0.032 0.000 0.004 0.003 0.013 0.102 0.836 
 275 R _   0.012 0.036 0.000 0.006 0.004 0.016 0.102 0.823 
 276 P _   0.015 0.048 0.001 0.011 0.007 0.020 0.101 0.799 
 277 S _   0.017 0.070 0.001 0.018 0.010 0.023 0.099 0.762 
 278 A _   0.018 0.101 0.001 0.026 0.014 0.026 0.097 0.716 
 279 I _   0.019 0.131 0.002 0.034 0.016 0.028 0.096 0.674 
 280 E _   0.019 0.153 0.001 0.040 0.018 0.029 0.095 0.645 
 281 I _   0.019 0.167 0.001 0.042 0.018 0.029 0.095 0.628 
 282 L _   0.019 0.173 0.001 0.042 0.018 0.028 0.096 0.623 
 283 K _   0.019 0.175 0.001 0.039 0.016 0.027 0.097 0.626 
 284 I _   0.018 0.172 0.001 0.033 0.015 0.025 0.099 0.636 
 285 P _   0.017 0.166 0.001 0.027 0.012 0.024 0.101 0.651 
 286 Y _   0.016 0.158 0.001 0.021 0.010 0.022 0.104 0.667 
 287 L _   0.015 0.150 0.001 0.017 0.009 0.021 0.106 0.682 
 288 D _   0.014 0.144 0.001 0.013 0.007 0.020 0.109 0.692 
 289 E _   0.014 0.139 0.001 0.012 0.007 0.019 0.111 0.698 
 290 Q _   0.013 0.137 0.001 0.012 0.006 0.019 0.113 0.699 
 291 L _   0.013 0.137 0.001 0.013 0.007 0.019 0.114 0.696 
 292 Q _   0.013 0.139 0.001 0.016 0.008 0.019 0.116 0.689 
 293 N _   0.013 0.142 0.001 0.020 0.008 0.019 0.117 0.679 
 294 L _   0.013 0.145 0.001 0.024 0.009 0.019 0.119 0.669 
 295 M _   0.013 0.147 0.001 0.028 0.010 0.018 0.122 0.662 
 296 C _   0.013 0.146 0.001 0.031 0.010 0.018 0.124 0.657 
 297 R _   0.012 0.142 0.001 0.033 0.010 0.017 0.128 0.656 
 298 Y _   0.012 0.135 0.001 0.033 0.010 0.015 0.132 0.662 
 299 S _   0.011 0.122 0.001 0.031 0.009 0.014 0.138 0.674 
 300 E _   0.011 0.104 0.001 0.027 0.008 0.013 0.144 0.693 
 301 M _   0.010 0.081 0.001 0.022 0.006 0.011 0.151 0.717 
 302 T _   0.009 0.057 0.001 0.016 0.005 0.010 0.158 0.745 
 303 L _   0.008 0.036 0.001 0.011 0.004 0.008 0.164 0.769 
 304 E _   0.007 0.020 0.000 0.007 0.003 0.007 0.169 0.787 
 305 D _   0.006 0.011 0.000 0.005 0.002 0.006 0.173 0.798 
 306 K _   0.005 0.006 0.000 0.003 0.001 0.006 0.175 0.803 
 307 N _   0.005 0.004 0.000 0.002 0.001 0.006 0.176 0.804 
 308 L _   0.005 0.004 0.000 0.002 0.001 0.007 0.177 0.803 
 309 D _   0.006 0.004 0.000 0.003 0.002 0.009 0.177 0.798 
 310 C _   0.008 0.006 0.000 0.005 0.003 0.012 0.177 0.789 
 311 Q _   0.011 0.009 0.000 0.008 0.004 0.016 0.176 0.775 
 312 K _   0.014 0.016 0.001 0.012 0.007 0.021 0.175 0.754 
 313 E _   0.017 0.025 0.001 0.019 0.010 0.026 0.174 0.729 
 314 A _   0.019 0.035 0.001 0.025 0.014 0.030 0.172 0.703 
 315 A _   0.022 0.043 0.001 0.031 0.017 0.033 0.172 0.681 
 316 H _   0.025 0.048 0.001 0.034 0.019 0.035 0.171 0.666 
 317 I _   0.027 0.051 0.001 0.035 0.020 0.036 0.172 0.658 
 318 I _   0.029 0.052 0.001 0.033 0.020 0.037 0.173 0.655 
 319 N _   0.030 0.050 0.001 0.030 0.019 0.037 0.175 0.658 
 320 A _   0.032 0.047 0.001 0.025 0.018 0.036 0.177 0.664 
 321 M _   0.034 0.042 0.001 0.019 0.016 0.035 0.180 0.672 
 322 Q _   0.035 0.037 0.001 0.015 0.015 0.035 0.183 0.680 
 323 K _   0.036 0.033 0.001 0.012 0.013 0.034 0.187 0.684 
 324 R _   0.036 0.030 0.001 0.010 0.012 0.033 0.190 0.687 
 325 I _   0.036 0.028 0.001 0.010 0.012 0.032 0.194 0.687 
 326 H _   0.037 0.028 0.001 0.011 0.012 0.031 0.198 0.683 
 327 L _   0.036 0.028 0.001 0.013 0.012 0.030 0.202 0.677 
 328 Q _   0.036 0.029 0.001 0.015 0.013 0.029 0.206 0.671 
 329 T _   0.035 0.030 0.001 0.017 0.013 0.028 0.211 0.665 
 330 L _   0.032 0.031 0.001 0.019 0.013 0.026 0.216 0.661 
 331 R _   0.030 0.030 0.001 0.020 0.013 0.024 0.222 0.660 
 332 A _   0.026 0.029 0.001 0.019 0.011 0.022 0.228 0.663 
 333 L _   0.023 0.026 0.001 0.018 0.010 0.019 0.235 0.667 
 334 S _   0.021 0.024 0.001 0.015 0.008 0.017 0.243 0.672 
 335 E _   0.018 0.020 0.001 0.013 0.007 0.015 0.250 0.677 
 336 V _   0.016 0.017 0.001 0.010 0.005 0.013 0.257 0.681 
 337 Q _   0.014 0.014 0.001 0.008 0.004 0.012 0.264 0.683 
 338 K _   0.012 0.012 0.000 0.007 0.004 0.011 0.270 0.683 
 339 M _   0.011 0.011 0.000 0.007 0.003 0.010 0.277 0.680 
 340 T _   0.010 0.011 0.000 0.007 0.003 0.010 0.283 0.676 
 341 P _   0.010 0.011 0.000 0.008 0.003 0.010 0.288 0.670 
 342 R _   0.009 0.011 0.000 0.010 0.004 0.010 0.294 0.662 
 343 E _   0.009 0.011 0.000 0.011 0.004 0.010 0.300 0.653 
 344 R _   0.009 0.012 0.001 0.013 0.004 0.010 0.307 0.645 
 345 M _   0.008 0.012 0.001 0.014 0.004 0.009 0.313 0.637 
 346 R _   0.008 0.012 0.001 0.014 0.004 0.009 0.321 0.631 
 347 L _   0.007 0.011 0.000 0.014 0.004 0.008 0.328 0.627 
 348 R _   0.007 0.010 0.000 0.012 0.003 0.007 0.335 0.624 
 349 K _   0.006 0.009 0.000 0.010 0.003 0.007 0.343 0.622 
 350 L _   0.005 0.008 0.000 0.008 0.002 0.006 0.350 0.620 
 351 Q _   0.005 0.006 0.000 0.006 0.002 0.005 0.357 0.619 
 352 A _   0.004 0.005 0.000 0.005 0.002 0.004 0.362 0.617 
 353 A _   0.004 0.005 0.000 0.004 0.001 0.004 0.367 0.615 
 354 D _   0.004 0.004 0.000 0.004 0.001 0.004 0.370 0.613 
 355 E _   0.003 0.005 0.000 0.004 0.001 0.004 0.373 0.610 
 356 K _   0.003 0.005 0.000 0.004 0.001 0.004 0.375 0.606 
 357 A _   0.003 0.006 0.000 0.005 0.002 0.005 0.377 0.602 
 358 R _   0.004 0.008 0.000 0.006 0.002 0.005 0.378 0.596 
 359 K _   0.004 0.011 0.000 0.008 0.002 0.006 0.380 0.589 
 360 L _   0.004 0.015 0.000 0.011 0.003 0.007 0.381 0.580 
 361 K _   0.004 0.018 0.000 0.014 0.003 0.007 0.382 0.571 
 362 K _   0.004 0.022 0.000 0.016 0.004 0.008 0.384 0.562 
 363 I _   0.004 0.025 0.000 0.017 0.004 0.008 0.386 0.555 
 364 V _   0.004 0.026 0.000 0.018 0.004 0.008 0.390 0.549 
 365 E _   0.004 0.027 0.000 0.017 0.004 0.008 0.394 0.546 
 366 E _   0.004 0.027 0.000 0.015 0.004 0.007 0.398 0.544 
 367 K _   0.004 0.026 0.000 0.012 0.003 0.007 0.403 0.544 
 368 Y _   0.004 0.025 0.000 0.010 0.003 0.006 0.408 0.543 
 369 E _   0.004 0.024 0.000 0.008 0.002 0.006 0.414 0.542 
 370 E _   0.004 0.023 0.000 0.007 0.002 0.006 0.419 0.539 
 371 N _   0.004 0.023 0.000 0.006 0.002 0.006 0.423 0.535 
 372 S _   0.004 0.023 0.000 0.006 0.002 0.006 0.428 0.529 
 373 K _   0.004 0.024 0.000 0.007 0.002 0.007 0.433 0.523 
 374 R _   0.004 0.026 0.000 0.007 0.003 0.007 0.437 0.515 
 375 M _   0.005 0.028 0.000 0.008 0.003 0.008 0.441 0.507 
 376 Q _   0.005 0.030 0.000 0.009 0.003 0.008 0.446 0.499 
 377 E _   0.005 0.032 0.000 0.010 0.003 0.009 0.450 0.491 
 378 L _   0.005 0.034 0.000 0.010 0.004 0.009 0.454 0.484 
 379 R _   0.005 0.036 0.000 0.010 0.004 0.010 0.459 0.476 
 380 S _   0.005 0.038 0.000 0.011 0.004 0.010 0.464 0.467 
 381 R X   0.006 0.041 0.000 0.011 0.005 0.011 0.469 0.456 
 382 N X   0.006 0.043 0.001 0.013 0.005 0.012 0.475 0.445 
 383 F X   0.007 0.046 0.001 0.015 0.006 0.013 0.482 0.430 
 384 Q X   0.008 0.049 0.001 0.018 0.007 0.014 0.489 0.414 
 385 Q X   0.008 0.052 0.001 0.021 0.008 0.015 0.498 0.398 
 386 L X   0.008 0.055 0.001 0.024 0.009 0.015 0.507 0.382 
 387 S X   0.009 0.056 0.001 0.026 0.009 0.015 0.518 0.367 
 388 V X   0.008 0.056 0.001 0.028 0.009 0.014 0.530 0.354 
 389 D X   0.008 0.054 0.001 0.028 0.009 0.014 0.544 0.342 
 390 V X   0.008 0.051 0.001 0.026 0.008 0.013 0.560 0.333 
 391 L X   0.008 0.046 0.001 0.024 0.007 0.012 0.578 0.325 
 392 H X   0.007 0.040 0.001 0.020 0.006 0.010 0.598 0.318 
 393 E X   0.007 0.032 0.001 0.016 0.005 0.009 0.619 0.312 
 394 K X   0.006 0.024 0.001 0.013 0.004 0.008 0.640 0.305 
 395 T X   0.005 0.017 0.000 0.010 0.003 0.007 0.660 0.298 
 396 H X   0.005 0.012 0.000 0.007 0.002 0.005 0.678 0.290 
 397 L X   0.004 0.008 0.000 0.006 0.002 0.005 0.694 0.282 
 398 K X   0.003 0.006 0.000 0.004 0.001 0.004 0.707 0.274 
 399 G X   0.003 0.004 0.000 0.004 0.001 0.003 0.717 0.267 
 400 M X   0.003 0.003 0.000 0.003 0.001 0.003 0.726 0.260 
 401 E X   0.002 0.003 0.000 0.003 0.001 0.003 0.734 0.254 
 402 E X   0.002 0.002 0.000 0.003 0.001 0.003 0.740 0.249 
 403 K X   0.002 0.002 0.000 0.003 0.001 0.003 0.745 0.244 
 404 E X   0.002 0.002 0.000 0.003 0.001 0.003 0.750 0.239 
 405 E X   0.002 0.002 0.000 0.004 0.001 0.003 0.755 0.234 
 406 Q X   0.002 0.002 0.000 0.004 0.001 0.003 0.759 0.228 
 407 P X   0.002 0.003 0.000 0.005 0.001 0.003 0.762 0.223 
 408 E X   0.002 0.003 0.000 0.006 0.001 0.004 0.766 0.217 
 409 G X   0.002 0.003 0.000 0.007 0.002 0.004 0.771 0.212 
 410 R X   0.002 0.003 0.000 0.007 0.002 0.003 0.775 0.207 
 411 L X   0.002 0.003 0.000 0.007 0.001 0.003 0.780 0.203 
 412 S X   0.002 0.003 0.000 0.006 0.001 0.003 0.785 0.200 
 413 C X   0.002 0.002 0.000 0.005 0.001 0.003 0.789 0.198 
 414 S X   0.002 0.002 0.000 0.004 0.001 0.002 0.793 0.196 
 415 P X   0.001 0.001 0.000 0.003 0.001 0.002 0.797 0.194 
 416 Q X   0.001 0.001 0.000 0.002 0.001 0.002 0.800 0.193 
 417 D X   0.001 0.001 0.000 0.002 0.001 0.002 0.802 0.192 
 418 E X   0.001 0.001 0.000 0.002 0.000 0.002 0.803 0.191 
 419 D X   0.001 0.001 0.000 0.002 0.000 0.002 0.804 0.190 
 420 E X   0.001 0.001 0.000 0.002 0.001 0.002 0.804 0.190 
 421 E X   0.001 0.001 0.000 0.002 0.001 0.002 0.803 0.190 
 422 R X   0.001 0.001 0.000 0.003 0.001 0.002 0.801 0.190 
 423 W X   0.001 0.001 0.000 0.003 0.001 0.002 0.799 0.192 
 424 Q X   0.001 0.001 0.000 0.004 0.001 0.002 0.797 0.193 
 425 G X   0.001 0.002 0.000 0.004 0.001 0.002 0.794 0.196 
 426 R X   0.001 0.002 0.000 0.004 0.001 0.002 0.790 0.199 
 427 E X   0.001 0.002 0.000 0.004 0.001 0.002 0.786 0.203 
 428 E X   0.001 0.002 0.000 0.004 0.001 0.002 0.781 0.208 
 429 E X   0.001 0.003 0.000 0.003 0.001 0.002 0.776 0.213 
 430 S X   0.001 0.003 0.000 0.003 0.001 0.003 0.770 0.219 
 431 D X   0.001 0.003 0.000 0.004 0.001 0.003 0.764 0.224 
 432 E X   0.001 0.004 0.000 0.004 0.001 0.003 0.756 0.230 
 433 P X   0.001 0.005 0.000 0.005 0.001 0.003 0.748 0.236 
 434 T X   0.002 0.007 0.000 0.005 0.001 0.004 0.738 0.242 
 435 L X   0.002 0.010 0.000 0.007 0.002 0.004 0.728 0.248 
 436 E X   0.002 0.012 0.000 0.008 0.002 0.005 0.718 0.253 
 437 N X   0.002 0.016 0.000 0.009 0.002 0.005 0.707 0.260 
 438 L X   0.002 0.019 0.000 0.009 0.002 0.006 0.696 0.266 
 439 P X   0.002 0.022 0.000 0.010 0.002 0.006 0.685 0.272 
 440 E X   0.002 0.026 0.000 0.009 0.002 0.006 0.674 0.279 
 441 S X   0.002 0.029 0.000 0.009 0.002 0.007 0.663 0.287 
 442 Q X   0.003 0.033 0.000 0.009 0.003 0.007 0.653 0.293 
 443 P X   0.003 0.038 0.000 0.009 0.003 0.008 0.642 0.298 
 444 I X   0.003 0.044 0.000 0.009 0.003 0.009 0.630 0.301 
 445 P X   0.004 0.052 0.001 0.010 0.004 0.010 0.618 0.302 
 446 S X   0.004 0.063 0.001 0.012 0.005 0.011 0.604 0.300 
 447 M X   0.005 0.078 0.001 0.015 0.006 0.013 0.590 0.293 
 448 D X   0.005 0.097 0.001 0.018 0.008 0.014 0.574 0.282 
 449 L X   0.005 0.119 0.001 0.022 0.010 0.015 0.559 0.269 
 450 H X   0.006 0.140 0.001 0.026 0.011 0.016 0.545 0.255 
 451 E X   0.006 0.158 0.001 0.031 0.011 0.016 0.533 0.244 
 452 L X   0.006 0.172 0.001 0.034 0.011 0.015 0.524 0.237 
 453 E X   0.006 0.180 0.001 0.036 0.011 0.015 0.517 0.234 
 454 S X   0.006 0.185 0.001 0.037 0.011 0.014 0.512 0.235 
 455 I X   0.006 0.185 0.001 0.036 0.010 0.013 0.509 0.240 
 456 V X   0.006 0.183 0.001 0.034 0.009 0.012 0.507 0.249 
 457 E X   0.006 0.176 0.001 0.030 0.008 0.012 0.507 0.260 
 458 D X   0.006 0.165 0.001 0.027 0.007 0.011 0.507 0.275 
 459 A X   0.006 0.150 0.001 0.023 0.007 0.010 0.510 0.294 
 460 T X   0.006 0.130 0.001 0.019 0.006 0.009 0.513 0.316 
 461 S X   0.006 0.109 0.001 0.016 0.005 0.008 0.517 0.338 
 462 D X   0.006 0.088 0.001 0.013 0.004 0.008 0.521 0.360 
 463 L X   0.006 0.071 0.000 0.010 0.003 0.007 0.525 0.378 
 464 G X   0.005 0.058 0.000 0.008 0.003 0.006 0.528 0.393 
 465 Y X   0.005 0.048 0.000 0.006 0.002 0.005 0.530 0.404 
 466 H X   0.004 0.041 0.000 0.005 0.002 0.005 0.531 0.413 
 467 E X   0.003 0.037 0.000 0.004 0.001 0.004 0.531 0.419 
 468 I X   0.003 0.035 0.000 0.003 0.001 0.004 0.530 0.423 
 469 P X   0.003 0.035 0.000 0.003 0.001 0.004 0.528 0.426 
 470 E X   0.003 0.035 0.000 0.004 0.001 0.005 0.525 0.427 
 471 D X   0.003 0.038 0.000 0.006 0.002 0.006 0.521 0.425 
 472 P X   0.003 0.043 0.000 0.008 0.003 0.007 0.516 0.419 
 473 L X   0.004 0.051 0.000 0.013 0.004 0.008 0.511 0.410 
 474 V X   0.004 0.062 0.001 0.019 0.005 0.009 0.504 0.396 
 475 A X   0.004 0.072 0.001 0.025 0.006 0.010 0.499 0.383 
 476 E X   0.004 0.081 0.001 0.031 0.007 0.011 0.494 0.372 
 477 E X   0.004 0.086 0.001 0.035 0.007 0.011 0.491 0.364 
 478 Y X   0.004 0.088 0.001 0.037 0.007 0.011 0.490 0.362 
 479 Y X   0.004 0.088 0.001 0.036 0.007 0.010 0.491 0.363 
 480 A X   0.004 0.085 0.001 0.033 0.006 0.010 0.492 0.368 
 481 D X   0.004 0.078 0.001 0.029 0.005 0.009 0.496 0.378 
 482 A X   0.005 0.069 0.001 0.024 0.005 0.008 0.500 0.389 
 483 F X   0.005 0.056 0.001 0.018 0.004 0.007 0.506 0.404 
 484 D X   0.004 0.043 0.000 0.013 0.003 0.006 0.511 0.419 
 485 S X   0.004 0.031 0.000 0.009 0.002 0.005 0.516 0.432 
 486 Y X   0.004 0.022 0.000 0.006 0.002 0.004 0.520 0.442 
 487 C X   0.003 0.016 0.000 0.004 0.001 0.004 0.521 0.450 
 488 E X   0.003 0.013 0.000 0.003 0.001 0.003 0.522 0.455 
 489 E X   0.003 0.011 0.000 0.003 0.001 0.003 0.522 0.458 
 490 S X   0.002 0.010 0.000 0.003 0.001 0.003 0.520 0.460 
 491 D X   0.002 0.010 0.000 0.004 0.001 0.004 0.517 0.462 
 492 E X   0.002 0.011 0.000 0.005 0.001 0.004 0.513 0.463 
 493 E X   0.003 0.013 0.000 0.007 0.002 0.005 0.508 0.463 
 494 E X   0.003 0.016 0.000 0.010 0.002 0.006 0.502 0.461 
 495 E X   0.003 0.019 0.000 0.014 0.003 0.007 0.496 0.459 
 496 E X   0.003 0.022 0.000 0.018 0.003 0.007 0.489 0.457 
 497 I X   0.003 0.024 0.000 0.020 0.004 0.008 0.484 0.456 
 498 A X   0.003 0.026 0.000 0.022 0.004 0.008 0.480 0.457 
 499 L X   0.003 0.026 0.000 0.022 0.004 0.008 0.476 0.461 
 500 E X   0.003 0.025 0.000 0.020 0.004 0.007 0.474 0.466 
 501 R X   0.003 0.024 0.000 0.017 0.003 0.007 0.473 0.472 
 502 P _   0.003 0.021 0.000 0.014 0.003 0.006 0.472 0.480 
 503 E _   0.003 0.018 0.000 0.011 0.002 0.006 0.472 0.488 
 504 K _   0.003 0.015 0.000 0.009 0.002 0.005 0.471 0.494 
 505 E _   0.003 0.013 0.000 0.007 0.002 0.005 0.471 0.499 
 506 I _   0.003 0.011 0.000 0.006 0.002 0.005 0.470 0.503 
 507 R _   0.003 0.010 0.000 0.006 0.002 0.005 0.468 0.506 
 508 N _   0.003 0.009 0.000 0.007 0.002 0.005 0.467 0.508 
 509 E _   0.003 0.009 0.000 0.007 0.002 0.005 0.464 0.509 
 510 G _   0.004 0.008 0.000 0.008 0.002 0.005 0.462 0.510 
 511 S _   0.004 0.008 0.000 0.009 0.002 0.006 0.460 0.511 
 512 Q _   0.004 0.007 0.000 0.010 0.002 0.006 0.457 0.514 
 513 P _   0.004 0.007 0.000 0.009 0.002 0.005 0.455 0.518 
 514 A _   0.003 0.006 0.000 0.009 0.002 0.005 0.452 0.523 
 515 Y _   0.003 0.005 0.000 0.007 0.002 0.005 0.449 0.529 
 516 R _   0.003 0.003 0.000 0.006 0.002 0.005 0.446 0.535 
 517 T _   0.003 0.003 0.000 0.004 0.001 0.005 0.442 0.542 
 518 N _   0.003 0.002 0.000 0.003 0.001 0.005 0.438 0.548 
 519 Q _   0.003 0.002 0.000 0.003 0.001 0.006 0.432 0.553 
 520 Q _   0.004 0.002 0.000 0.003 0.001 0.007 0.426 0.557 
 521 D _   0.005 0.002 0.000 0.003 0.002 0.010 0.418 0.559 
 522 S _   0.008 0.003 0.000 0.004 0.003 0.015 0.409 0.557 
 523 D _   0.012 0.006 0.001 0.007 0.006 0.022 0.397 0.550 
 524 I _   0.019 0.013 0.001 0.012 0.010 0.030 0.382 0.533 
 525 E _   0.027 0.026 0.001 0.019 0.018 0.040 0.364 0.506 
 526 A _   0.035 0.042 0.002 0.027 0.027 0.049 0.345 0.472 
 527 L _   0.043 0.059 0.002 0.036 0.036 0.056 0.327 0.440 
 528 A _   0.051 0.072 0.002 0.044 0.043 0.061 0.312 0.415 
 529 R _   0.057 0.081 0.002 0.049 0.048 0.064 0.300 0.400 
 530 C _   0.062 0.085 0.002 0.051 0.050 0.064 0.290 0.395 
 531 L _   0.066 0.087 0.002 0.050 0.050 0.062 0.283 0.399 
 532 E _   0.069 0.084 0.002 0.046 0.047 0.059 0.277 0.415 
 533 N _   0.070 0.078 0.002 0.040 0.042 0.055 0.273 0.440 
 534 V _   0.068 0.067 0.002 0.033 0.035 0.049 0.271 0.475 
 535 L _   0.065 0.052 0.002 0.025 0.027 0.044 0.269 0.515 
 536 G _   0.060 0.037 0.002 0.017 0.020 0.039 0.268 0.557 
 537 C _   0.054 0.023 0.001 0.012 0.014 0.034 0.266 0.595 
 538 T _   0.048 0.014 0.001 0.008 0.010 0.030 0.265 0.625 
 539 S _   0.042 0.009 0.001 0.006 0.008 0.027 0.263 0.645 
 540 L _   0.036 0.007 0.001 0.005 0.007 0.025 0.261 0.659 
 541 D _   0.032 0.007 0.001 0.006 0.006 0.023 0.259 0.666 
 542 T _   0.030 0.007 0.001 0.007 0.007 0.023 0.257 0.668 
 543 K _   0.028 0.008 0.001 0.011 0.008 0.022 0.255 0.667 
 544 T _   0.026 0.010 0.001 0.015 0.009 0.022 0.253 0.665 
 545 I _   0.023 0.012 0.001 0.019 0.010 0.021 0.252 0.663 
 546 T _   0.021 0.013 0.001 0.022 0.010 0.019 0.251 0.664 
 547 T _   0.019 0.013 0.001 0.022 0.009 0.018 0.250 0.669 
 548 M _   0.016 0.012 0.001 0.020 0.008 0.015 0.249 0.678 
 549 A _   0.014 0.010 0.001 0.016 0.006 0.013 0.249 0.690 
 550 E _   0.012 0.008 0.001 0.012 0.005 0.011 0.249 0.703 
 551 D _   0.010 0.005 0.000 0.008 0.003 0.010 0.249 0.714 
 552 M _   0.009 0.004 0.000 0.005 0.002 0.009 0.248 0.723 
 553 S _   0.008 0.003 0.000 0.003 0.002 0.008 0.247 0.729 
 554 P _   0.008 0.002 0.000 0.002 0.002 0.009 0.246 0.730 
 555 G _   0.009 0.003 0.000 0.003 0.002 0.011 0.244 0.728 
 556 P _   0.011 0.005 0.000 0.004 0.004 0.014 0.241 0.720 
 557 P _   0.014 0.012 0.001 0.007 0.006 0.018 0.238 0.703 
 558 I _   0.017 0.027 0.001 0.014 0.010 0.023 0.234 0.674 
 559 F _   0.020 0.051 0.001 0.023 0.015 0.027 0.228 0.635 
 560 N _   0.021 0.078 0.002 0.035 0.019 0.030 0.223 0.593 
 561 S _   0.021 0.098 0.002 0.045 0.022 0.031 0.220 0.563 
 562 V _   0.020 0.111 0.002 0.052 0.023 0.031 0.217 0.544 
 563 M _   0.019 0.118 0.002 0.055 0.022 0.030 0.216 0.537 
 564 A _   0.018 0.119 0.002 0.054 0.021 0.029 0.216 0.541 
 565 R _   0.017 0.115 0.001 0.049 0.019 0.026 0.217 0.555 
 566 T _   0.016 0.106 0.001 0.041 0.016 0.023 0.219 0.578 
 567 K _   0.015 0.091 0.001 0.032 0.013 0.021 0.221 0.606 
 568 M _   0.014 0.072 0.001 0.023 0.010 0.018 0.224 0.638 
 569 K _   0.012 0.052 0.001 0.016 0.007 0.016 0.228 0.667 
 570 R _   0.011 0.036 0.001 0.011 0.005 0.015 0.231 0.690 
 571 M _   0.010 0.026 0.001 0.008 0.004 0.014 0.233 0.705 
 572 R _   0.010 0.020 0.000 0.006 0.003 0.013 0.234 0.714 
 573 E _   0.010 0.017 0.000 0.005 0.003 0.013 0.236 0.716 
 574 S _   0.011 0.015 0.000 0.005 0.003 0.014 0.236 0.715 
 575 A _   0.013 0.015 0.000 0.005 0.004 0.016 0.237 0.711 
 576 M _   0.015 0.017 0.001 0.006 0.005 0.018 0.237 0.703 
 577 Q _   0.018 0.019 0.001 0.008 0.006 0.020 0.236 0.691 
 578 K _   0.021 0.024 0.001 0.010 0.009 0.024 0.236 0.675 
 579 L _   0.025 0.031 0.001 0.013 0.012 0.027 0.236 0.656 
 580 G _   0.028 0.039 0.001 0.017 0.015 0.030 0.236 0.634 
 581 T _   0.031 0.049 0.001 0.022 0.018 0.032 0.236 0.611 
 582 E _   0.034 0.058 0.001 0.027 0.020 0.033 0.237 0.589 
 583 V _   0.035 0.066 0.002 0.032 0.022 0.034 0.239 0.571 
 584 F _   0.036 0.072 0.002 0.035 0.023 0.033 0.241 0.558 
 585 E _   0.035 0.075 0.002 0.038 0.022 0.032 0.245 0.552 
 586 E _   0.033 0.075 0.001 0.039 0.020 0.030 0.250 0.552 
 587 V _   0.030 0.073 0.001 0.038 0.018 0.027 0.255 0.558 
 588 Y _   0.026 0.068 0.001 0.035 0.015 0.024 0.262 0.569 
 589 N _   0.023 0.060 0.001 0.030 0.012 0.021 0.269 0.584 
 590 Y _   0.020 0.050 0.001 0.024 0.009 0.017 0.276 0.602 
 591 L _   0.016 0.038 0.001 0.018 0.007 0.014 0.284 0.621 
 592 K _   0.013 0.027 0.001 0.013 0.005 0.012 0.291 0.639 
 593 R _   0.010 0.018 0.000 0.009 0.003 0.009 0.297 0.653 
 594 A _   0.008 0.012 0.000 0.006 0.002 0.008 0.302 0.663 
 595 R _   0.006 0.008 0.000 0.004 0.002 0.006 0.305 0.668 
 596 H _   0.005 0.006 0.000 0.003 0.001 0.006 0.307 0.671 
 597 Q _   0.005 0.006 0.000 0.003 0.001 0.006 0.308 0.671 
 598 N _   0.005 0.006 0.000 0.003 0.002 0.006 0.309 0.669 
 599 A _   0.005 0.007 0.000 0.004 0.002 0.007 0.309 0.665 
 600 S _   0.006 0.009 0.000 0.006 0.003 0.009 0.309 0.658 
 601 E _   0.007 0.014 0.000 0.009 0.004 0.011 0.308 0.647 
 602 A _   0.008 0.022 0.001 0.013 0.005 0.013 0.307 0.632 
 603 E _   0.009 0.031 0.001 0.018 0.007 0.015 0.305 0.613 
 604 I _   0.010 0.041 0.001 0.024 0.009 0.017 0.303 0.594 
 605 R _   0.010 0.050 0.001 0.030 0.011 0.019 0.303 0.576 
 606 E _   0.011 0.055 0.001 0.035 0.012 0.020 0.303 0.563 
 607 C _   0.011 0.059 0.001 0.037 0.013 0.020 0.304 0.555 
 608 L _   0.011 0.059 0.001 0.037 0.013 0.020 0.307 0.552 
 609 E _   0.011 0.058 0.001 0.034 0.012 0.019 0.310 0.554 
 610 K _   0.011 0.055 0.001 0.030 0.011 0.018 0.315 0.560 
 611 V _   0.011 0.049 0.001 0.024 0.009 0.017 0.320 0.570 
 612 V _   0.010 0.042 0.001 0.018 0.007 0.016 0.325 0.580 
 613 P _   0.010 0.035 0.001 0.013 0.006 0.015 0.331 0.589 
 614 Q _   0.010 0.029 0.001 0.010 0.005 0.014 0.336 0.595 
 615 A _   0.010 0.025 0.000 0.007 0.004 0.014 0.341 0.598 
 616 S _   0.010 0.022 0.000 0.006 0.004 0.015 0.345 0.598 
 617 D _   0.011 0.020 0.000 0.005 0.004 0.016 0.350 0.594 
 618 C _   0.012 0.020 0.000 0.005 0.004 0.017 0.354 0.587 
 619 F _   0.014 0.021 0.001 0.006 0.005 0.020 0.357 0.576 
 620 E _   0.017 0.024 0.001 0.007 0.007 0.023 0.361 0.561 
 621 V _   0.021 0.029 0.001 0.009 0.009 0.026 0.364 0.541 
 622 D _   0.025 0.036 0.001 0.011 0.011 0.030 0.367 0.518 
 623 Q _   0.029 0.045 0.001 0.013 0.014 0.034 0.371 0.492 
 624 L _   0.033 0.056 0.001 0.016 0.018 0.037 0.375 0.463 
 625 L _   0.036 0.069 0.001 0.020 0.022 0.040 0.381 0.432 
 626 Y _   0.038 0.081 0.002 0.024 0.025 0.042 0.387 0.402 
 627 F X   0.039 0.092 0.002 0.028 0.028 0.043 0.394 0.374 
 628 E X   0.040 0.101 0.002 0.033 0.029 0.042 0.404 0.349 
 629 E X   0.039 0.108 0.002 0.037 0.029 0.041 0.415 0.329 
 630 Q X   0.038 0.112 0.002 0.040 0.028 0.039 0.428 0.312 
 631 L X   0.036 0.113 0.002 0.042 0.026 0.037 0.443 0.300 
 632 L X   0.034 0.112 0.002 0.042 0.024 0.034 0.461 0.292 
 633 I X   0.031 0.108 0.002 0.041 0.020 0.030 0.481 0.288 
 634 T X   0.027 0.100 0.001 0.037 0.017 0.027 0.504 0.287 
 635 M X   0.024 0.089 0.001 0.033 0.014 0.023 0.529 0.288 
 636 G X   0.020 0.075 0.001 0.027 0.011 0.019 0.555 0.292 
 637 K X   0.015 0.060 0.001 0.022 0.008 0.015 0.581 0.297 
 638 E X   0.011 0.044 0.001 0.017 0.006 0.012 0.606 0.302 
 639 P X   0.008 0.032 0.001 0.012 0.004 0.009 0.629 0.305 
 640 T X   0.005 0.021 0.000 0.008 0.003 0.005 0.650 0.307 
 641 L X   0.002 0.013 0.000 0.005 0.001 0.003 0.667 0.310 
 642 Q X   0.001 0.006 0.000 0.002 0.000 0.001 0.677 0.312 
 643 N X   0.000 0.003 0.000 0.001 0.000 0.000 0.680 0.315 
 644 H X   0.000 0.003 0.000 0.002 0.000 0.000 0.678 0.317 
 645 L X   0.002 0.003 0.001 0.008 0.002 0.002 0.667 0.316 
