#TopoPred_TM8: 8-state transmembrane topology prediction results by no_profile mode 
#probabilities are in the order of H E C I L F X _, the 8 transmembrane topology types used in PDBTM 
   1 M X   0.011 0.001 0.002 0.047 0.008 0.008 0.787 0.136 
   2 D X   0.004 0.001 0.000 0.026 0.002 0.004 0.808 0.155 
   3 Y X   0.001 0.000 0.000 0.013 0.000 0.002 0.813 0.169 
   4 D X   0.001 0.001 0.000 0.009 0.000 0.002 0.811 0.176 
   5 F X   0.001 0.001 0.000 0.007 0.001 0.003 0.805 0.182 
   6 K X   0.002 0.002 0.000 0.007 0.001 0.004 0.796 0.188 
   7 V X   0.002 0.004 0.000 0.007 0.001 0.005 0.786 0.195 
   8 K X   0.002 0.007 0.000 0.009 0.002 0.006 0.771 0.202 
   9 L X   0.003 0.011 0.000 0.012 0.002 0.008 0.754 0.209 
  10 S X   0.003 0.018 0.000 0.016 0.003 0.009 0.733 0.218 
  11 S X   0.003 0.027 0.001 0.019 0.004 0.009 0.711 0.226 
  12 E X   0.003 0.035 0.001 0.022 0.005 0.010 0.690 0.234 
  13 R X   0.003 0.043 0.001 0.024 0.005 0.010 0.671 0.242 
  14 E X   0.003 0.049 0.001 0.025 0.006 0.010 0.655 0.251 
  15 R X   0.003 0.054 0.001 0.025 0.006 0.010 0.641 0.261 
  16 V X   0.003 0.058 0.001 0.023 0.005 0.010 0.629 0.271 
  17 E X   0.003 0.060 0.001 0.021 0.005 0.010 0.619 0.281 
  18 D X   0.004 0.062 0.001 0.019 0.005 0.009 0.610 0.291 
  19 L X   0.004 0.062 0.001 0.017 0.005 0.009 0.602 0.301 
  20 F X   0.004 0.063 0.000 0.015 0.004 0.009 0.595 0.311 
  21 E X   0.004 0.062 0.000 0.013 0.004 0.009 0.589 0.319 
  22 Y X   0.004 0.062 0.000 0.011 0.004 0.009 0.583 0.327 
  23 E X   0.004 0.062 0.000 0.010 0.004 0.009 0.578 0.333 
  24 G X   0.004 0.062 0.000 0.010 0.004 0.009 0.573 0.338 
  25 C X   0.005 0.063 0.000 0.010 0.004 0.009 0.568 0.342 
  26 K X   0.005 0.064 0.000 0.011 0.004 0.009 0.563 0.344 
  27 V X   0.005 0.065 0.000 0.013 0.004 0.010 0.558 0.344 
  28 G X   0.006 0.067 0.001 0.014 0.005 0.010 0.554 0.344 
  29 R X   0.006 0.068 0.001 0.016 0.005 0.010 0.550 0.344 
  30 G X   0.006 0.068 0.001 0.018 0.005 0.010 0.547 0.345 
  31 T X   0.006 0.067 0.001 0.019 0.005 0.010 0.545 0.347 
  32 Y X   0.006 0.065 0.001 0.020 0.005 0.009 0.544 0.350 
  33 G X   0.006 0.062 0.001 0.019 0.005 0.009 0.544 0.356 
  34 H X   0.006 0.056 0.001 0.018 0.004 0.008 0.544 0.363 
  35 V X   0.005 0.049 0.000 0.016 0.004 0.007 0.545 0.373 
  36 Y X   0.005 0.041 0.000 0.013 0.003 0.007 0.546 0.384 
  37 K X   0.005 0.032 0.000 0.011 0.003 0.006 0.548 0.396 
  38 A X   0.005 0.023 0.000 0.008 0.002 0.005 0.549 0.408 
  39 K X   0.004 0.016 0.000 0.006 0.002 0.004 0.549 0.419 
  40 R X   0.004 0.010 0.000 0.005 0.001 0.004 0.548 0.428 
  41 K X   0.003 0.007 0.000 0.004 0.001 0.003 0.546 0.436 
  42 D X   0.003 0.004 0.000 0.003 0.001 0.003 0.543 0.444 
  43 G X   0.002 0.003 0.000 0.002 0.001 0.003 0.538 0.451 
  44 K X   0.002 0.003 0.000 0.002 0.001 0.003 0.531 0.458 
  45 D X   0.002 0.002 0.000 0.002 0.001 0.003 0.523 0.466 
  46 D X   0.002 0.003 0.000 0.003 0.001 0.005 0.512 0.474 
  47 K X   0.003 0.004 0.000 0.004 0.001 0.006 0.499 0.482 
  48 D _   0.003 0.006 0.000 0.007 0.002 0.009 0.484 0.489 
  49 Y _   0.004 0.009 0.000 0.011 0.004 0.014 0.465 0.493 
  50 A _   0.006 0.015 0.001 0.016 0.006 0.019 0.444 0.495 
  51 L _   0.007 0.022 0.001 0.022 0.008 0.025 0.421 0.493 
  52 K _   0.009 0.029 0.001 0.028 0.011 0.031 0.399 0.492 
  53 Q _   0.012 0.034 0.001 0.032 0.014 0.037 0.378 0.492 
  54 I _   0.015 0.038 0.001 0.034 0.017 0.042 0.358 0.493 
  55 E _   0.020 0.041 0.001 0.033 0.020 0.047 0.341 0.497 
  56 G _   0.026 0.042 0.002 0.030 0.022 0.052 0.324 0.501 
  57 T _   0.035 0.042 0.002 0.025 0.025 0.057 0.310 0.504 
  58 G _   0.045 0.042 0.002 0.021 0.028 0.062 0.296 0.504 
  59 I _   0.056 0.041 0.002 0.018 0.032 0.066 0.284 0.500 
  60 S _   0.068 0.042 0.002 0.017 0.036 0.070 0.273 0.494 
  61 M _   0.079 0.043 0.002 0.017 0.040 0.072 0.263 0.485 
  62 S _   0.088 0.046 0.002 0.019 0.043 0.072 0.255 0.476 
  63 A _   0.094 0.049 0.002 0.023 0.044 0.071 0.248 0.469 
  64 C _   0.098 0.051 0.002 0.028 0.044 0.068 0.242 0.468 
  65 R _   0.097 0.053 0.002 0.032 0.042 0.063 0.237 0.474 
  66 E _   0.093 0.052 0.002 0.033 0.038 0.057 0.234 0.490 
  67 I _   0.087 0.049 0.002 0.032 0.032 0.051 0.231 0.515 
  68 A _   0.078 0.043 0.002 0.029 0.026 0.044 0.229 0.549 
  69 L _   0.067 0.035 0.002 0.023 0.020 0.037 0.228 0.589 
  70 L _   0.056 0.024 0.001 0.017 0.014 0.031 0.226 0.631 
  71 R _   0.045 0.014 0.001 0.011 0.010 0.025 0.225 0.669 
  72 E _   0.036 0.007 0.001 0.007 0.006 0.021 0.223 0.700 
  73 L _   0.028 0.004 0.000 0.004 0.004 0.018 0.221 0.721 
  74 K _   0.023 0.002 0.000 0.003 0.003 0.016 0.219 0.734 
  75 H _   0.019 0.002 0.000 0.003 0.003 0.015 0.216 0.741 
  76 P _   0.018 0.002 0.000 0.003 0.003 0.016 0.213 0.743 
  77 N _   0.019 0.004 0.000 0.005 0.005 0.017 0.210 0.741 
  78 V _   0.020 0.007 0.001 0.008 0.006 0.019 0.206 0.734 
  79 I _   0.021 0.012 0.001 0.013 0.009 0.022 0.201 0.722 
  80 S _   0.022 0.018 0.001 0.018 0.011 0.023 0.197 0.710 
  81 L _   0.022 0.023 0.001 0.023 0.013 0.024 0.193 0.700 
  82 Q _   0.022 0.027 0.001 0.026 0.014 0.024 0.189 0.696 
  83 K _   0.021 0.029 0.001 0.027 0.014 0.024 0.186 0.698 
  84 V _   0.020 0.030 0.001 0.025 0.013 0.023 0.183 0.705 
  85 F _   0.019 0.029 0.001 0.021 0.011 0.022 0.181 0.715 
  86 L _   0.017 0.028 0.001 0.018 0.010 0.021 0.180 0.727 
  87 S _   0.016 0.026 0.001 0.014 0.008 0.019 0.178 0.737 
  88 H _   0.015 0.024 0.001 0.012 0.007 0.019 0.177 0.746 
  89 A _   0.015 0.023 0.001 0.010 0.007 0.018 0.175 0.751 
  90 D _   0.014 0.023 0.001 0.010 0.006 0.018 0.174 0.754 
  91 R _   0.014 0.023 0.001 0.011 0.006 0.017 0.173 0.755 
  92 K _   0.014 0.024 0.001 0.012 0.007 0.018 0.172 0.753 
  93 V _   0.014 0.025 0.001 0.013 0.007 0.018 0.171 0.752 
  94 W _   0.015 0.027 0.001 0.013 0.007 0.018 0.169 0.750 
  95 L _   0.015 0.028 0.001 0.014 0.007 0.018 0.168 0.750 
  96 L _   0.014 0.028 0.001 0.013 0.007 0.018 0.167 0.752 
  97 F _   0.015 0.028 0.001 0.011 0.006 0.018 0.166 0.755 
  98 D _   0.015 0.029 0.001 0.010 0.006 0.018 0.165 0.757 
  99 Y _   0.015 0.030 0.001 0.009 0.006 0.019 0.164 0.757 
 100 A _   0.016 0.031 0.001 0.009 0.007 0.020 0.163 0.753 
 101 E _   0.018 0.035 0.001 0.010 0.008 0.022 0.161 0.745 
 102 H _   0.020 0.042 0.001 0.013 0.010 0.024 0.160 0.730 
 103 D _   0.022 0.053 0.001 0.019 0.013 0.026 0.158 0.707 
 104 L _   0.024 0.068 0.001 0.028 0.016 0.028 0.156 0.678 
 105 W _   0.025 0.082 0.001 0.038 0.018 0.028 0.155 0.651 
 106 H _   0.026 0.093 0.002 0.047 0.019 0.028 0.155 0.630 
 107 I _   0.026 0.098 0.001 0.053 0.019 0.027 0.155 0.620 
 108 I _   0.025 0.099 0.001 0.054 0.018 0.025 0.157 0.620 
 109 K _   0.023 0.096 0.001 0.051 0.016 0.022 0.160 0.632 
 110 F _   0.020 0.086 0.001 0.043 0.013 0.019 0.163 0.655 
 111 H _   0.017 0.070 0.001 0.032 0.009 0.016 0.167 0.687 
 112 R _   0.015 0.050 0.001 0.022 0.007 0.013 0.171 0.722 
 113 A _   0.012 0.030 0.001 0.014 0.004 0.010 0.174 0.755 
 114 S _   0.009 0.015 0.000 0.008 0.003 0.008 0.177 0.780 
 115 K _   0.007 0.007 0.000 0.005 0.002 0.006 0.178 0.795 
 116 A _   0.006 0.003 0.000 0.003 0.001 0.005 0.178 0.803 
 117 N _   0.005 0.002 0.000 0.002 0.001 0.005 0.178 0.807 
 118 K _   0.005 0.001 0.000 0.002 0.001 0.005 0.177 0.809 
 119 K _   0.005 0.001 0.000 0.002 0.001 0.007 0.175 0.810 
 120 P _   0.006 0.001 0.000 0.003 0.002 0.009 0.171 0.808 
 121 V _   0.008 0.002 0.000 0.004 0.002 0.013 0.167 0.804 
 122 Q _   0.011 0.003 0.000 0.006 0.004 0.018 0.162 0.796 
 123 L _   0.015 0.005 0.001 0.009 0.006 0.024 0.156 0.784 
 124 P _   0.021 0.008 0.001 0.013 0.009 0.032 0.149 0.768 
 125 R _   0.029 0.011 0.001 0.016 0.013 0.041 0.142 0.747 
 126 G _   0.040 0.015 0.001 0.019 0.019 0.051 0.134 0.721 
 127 M _   0.053 0.019 0.002 0.022 0.027 0.060 0.126 0.691 
 128 V _   0.069 0.023 0.002 0.025 0.036 0.069 0.118 0.659 
 129 K _   0.086 0.026 0.002 0.026 0.044 0.076 0.111 0.629 
 130 S _   0.103 0.028 0.002 0.026 0.050 0.081 0.105 0.604 
 131 L _   0.119 0.029 0.002 0.027 0.055 0.083 0.101 0.585 
 132 L _   0.132 0.029 0.003 0.026 0.057 0.084 0.097 0.572 
 133 Y _   0.142 0.029 0.003 0.025 0.057 0.083 0.094 0.567 
 134 Q _   0.149 0.028 0.002 0.024 0.055 0.080 0.092 0.571 
 135 I _   0.152 0.025 0.002 0.021 0.050 0.075 0.090 0.582 
 136 L _   0.151 0.023 0.002 0.019 0.045 0.071 0.089 0.601 
 137 D _   0.146 0.019 0.002 0.016 0.039 0.065 0.089 0.623 
 138 G _   0.138 0.017 0.002 0.015 0.033 0.060 0.089 0.648 
 139 I _   0.127 0.014 0.002 0.013 0.028 0.054 0.089 0.674 
 140 H _   0.114 0.012 0.001 0.012 0.023 0.049 0.089 0.700 
 141 Y _   0.100 0.011 0.001 0.012 0.019 0.044 0.089 0.724 
 142 L _   0.086 0.010 0.001 0.013 0.017 0.039 0.089 0.746 
 143 H _   0.072 0.009 0.001 0.014 0.014 0.034 0.090 0.766 
 144 A _   0.060 0.008 0.001 0.014 0.012 0.030 0.090 0.785 
 145 N _   0.048 0.008 0.001 0.014 0.010 0.026 0.091 0.803 
 146 W _   0.039 0.007 0.001 0.013 0.008 0.022 0.091 0.820 
 147 V _   0.031 0.006 0.001 0.011 0.007 0.018 0.092 0.835 
 148 L _   0.024 0.005 0.001 0.009 0.005 0.016 0.092 0.848 
 149 H _   0.019 0.005 0.001 0.008 0.004 0.013 0.091 0.859 
 150 R _   0.016 0.004 0.000 0.006 0.004 0.012 0.091 0.868 
 151 D _   0.013 0.004 0.000 0.005 0.003 0.011 0.090 0.873 
 152 L _   0.011 0.004 0.000 0.005 0.003 0.010 0.089 0.876 
 153 K _   0.010 0.005 0.000 0.006 0.003 0.010 0.088 0.876 
 154 P _   0.010 0.007 0.000 0.008 0.004 0.011 0.087 0.873 
 155 A _   0.011 0.010 0.001 0.010 0.005 0.011 0.086 0.868 
 156 N _   0.011 0.013 0.001 0.013 0.005 0.012 0.084 0.860 
 157 I _   0.011 0.017 0.001 0.017 0.006 0.012 0.083 0.853 
 158 L _   0.011 0.020 0.001 0.019 0.006 0.012 0.082 0.849 
 159 V _   0.011 0.022 0.001 0.020 0.006 0.012 0.081 0.848 
 160 M _   0.010 0.023 0.001 0.019 0.006 0.011 0.080 0.851 
 161 G _   0.009 0.023 0.001 0.017 0.005 0.011 0.079 0.856 
 162 E _   0.008 0.022 0.001 0.013 0.004 0.010 0.078 0.863 
 163 G _   0.008 0.021 0.000 0.010 0.003 0.009 0.077 0.871 
 164 P _   0.007 0.020 0.000 0.007 0.003 0.009 0.077 0.877 
 165 E _   0.007 0.020 0.000 0.006 0.003 0.009 0.075 0.880 
 166 R _   0.007 0.021 0.000 0.005 0.003 0.010 0.074 0.880 
 167 G _   0.008 0.025 0.000 0.006 0.003 0.011 0.072 0.875 
 168 R _   0.009 0.033 0.001 0.008 0.004 0.014 0.070 0.861 
 169 V _   0.011 0.050 0.001 0.013 0.007 0.017 0.067 0.835 
 170 K _   0.012 0.079 0.001 0.021 0.010 0.021 0.063 0.793 
 171 I _   0.014 0.121 0.001 0.031 0.014 0.023 0.058 0.737 
 172 A _   0.014 0.164 0.002 0.043 0.017 0.025 0.054 0.682 
 173 D _   0.014 0.198 0.002 0.054 0.019 0.026 0.051 0.638 
 174 M _   0.013 0.220 0.002 0.062 0.019 0.026 0.048 0.609 
 175 G _   0.013 0.231 0.001 0.068 0.019 0.025 0.047 0.595 
 176 F _   0.013 0.234 0.001 0.069 0.019 0.024 0.046 0.594 
 177 A _   0.012 0.230 0.001 0.065 0.017 0.022 0.045 0.606 
 178 R _   0.012 0.217 0.001 0.058 0.015 0.020 0.046 0.631 
 179 L _   0.012 0.192 0.001 0.048 0.013 0.018 0.046 0.669 
 180 F _   0.011 0.156 0.001 0.037 0.011 0.016 0.048 0.719 
 181 N _   0.011 0.113 0.001 0.027 0.009 0.014 0.049 0.776 
 182 S _   0.011 0.071 0.001 0.018 0.006 0.013 0.050 0.830 
 183 P _   0.010 0.040 0.001 0.011 0.004 0.011 0.051 0.871 
 184 L _   0.009 0.022 0.000 0.007 0.003 0.010 0.052 0.896 
 185 K _   0.009 0.013 0.000 0.005 0.002 0.010 0.052 0.909 
 186 P _   0.009 0.009 0.000 0.004 0.002 0.010 0.051 0.915 
 187 L _   0.010 0.007 0.000 0.004 0.002 0.012 0.050 0.915 
 188 A _   0.011 0.007 0.000 0.004 0.003 0.014 0.049 0.911 
 189 D _   0.014 0.008 0.000 0.006 0.004 0.017 0.048 0.903 
 190 L _   0.017 0.010 0.001 0.008 0.006 0.021 0.046 0.890 
 191 D _   0.021 0.014 0.001 0.012 0.009 0.026 0.044 0.874 
 192 P _   0.025 0.019 0.001 0.017 0.013 0.030 0.041 0.854 
 193 V _   0.029 0.024 0.001 0.022 0.016 0.034 0.039 0.835 
 194 V _   0.033 0.028 0.001 0.026 0.019 0.037 0.037 0.818 
 195 V _   0.035 0.031 0.001 0.029 0.022 0.040 0.035 0.807 
 196 T _   0.037 0.033 0.002 0.031 0.023 0.041 0.033 0.801 
 197 F _   0.039 0.033 0.002 0.030 0.023 0.041 0.031 0.802 
 198 W _   0.039 0.031 0.002 0.028 0.023 0.040 0.030 0.807 
 199 Y _   0.040 0.029 0.001 0.026 0.022 0.039 0.028 0.815 
 200 R _   0.040 0.026 0.001 0.023 0.020 0.037 0.027 0.825 
 201 A _   0.041 0.022 0.001 0.021 0.019 0.035 0.026 0.835 
 202 P _   0.042 0.018 0.001 0.019 0.016 0.032 0.025 0.846 
 203 E _   0.045 0.015 0.001 0.017 0.014 0.029 0.024 0.855 
 204 L _   0.048 0.011 0.001 0.014 0.012 0.026 0.023 0.864 
 205 L _   0.053 0.008 0.001 0.012 0.010 0.023 0.022 0.871 
 206 L _   0.060 0.005 0.001 0.009 0.008 0.020 0.021 0.875 
 207 G _   0.070 0.002 0.001 0.006 0.007 0.017 0.020 0.877 
 208 A _   0.084 0.001 0.001 0.004 0.006 0.015 0.018 0.872 
 209 R _   0.106 0.000 0.001 0.002 0.005 0.013 0.017 0.858 
 210 H _   0.136 0.000 0.001 0.001 0.004 0.011 0.015 0.831 
 211 Y _   0.180 0.000 0.001 0.001 0.004 0.010 0.013 0.791 
 212 T _   0.245 0.000 0.001 0.001 0.005 0.010 0.011 0.729 
 213 K _   0.335 0.000 0.001 0.001 0.006 0.010 0.009 0.639 
 214 A _   0.450 0.000 0.001 0.001 0.007 0.010 0.007 0.524 
 215 I H   0.585 0.000 0.001 0.001 0.009 0.009 0.005 0.390 
 216 D H   0.707 0.000 0.001 0.001 0.010 0.009 0.004 0.268 
 217 I H   0.800 0.000 0.001 0.001 0.011 0.008 0.003 0.177 
 218 W H   0.861 0.000 0.001 0.000 0.012 0.007 0.002 0.117 
 219 A H   0.894 0.000 0.001 0.000 0.012 0.006 0.002 0.084 
 220 I H   0.911 0.000 0.001 0.000 0.013 0.006 0.002 0.067 
 221 G H   0.918 0.000 0.001 0.000 0.013 0.005 0.002 0.060 
 222 C H   0.914 0.000 0.001 0.000 0.014 0.005 0.003 0.063 
 223 I H   0.900 0.000 0.001 0.000 0.014 0.006 0.003 0.076 
 224 F H   0.873 0.000 0.001 0.001 0.015 0.006 0.004 0.100 
 225 A H   0.830 0.000 0.001 0.001 0.015 0.007 0.006 0.140 
 226 E H   0.764 0.000 0.001 0.001 0.015 0.008 0.010 0.202 
 227 L H   0.676 0.000 0.001 0.001 0.013 0.009 0.015 0.284 
 228 L H   0.575 0.000 0.001 0.001 0.012 0.010 0.022 0.379 
 229 T H   0.473 0.000 0.001 0.001 0.010 0.011 0.030 0.473 
 230 S _   0.380 0.000 0.001 0.002 0.009 0.012 0.040 0.556 
 231 E _   0.298 0.000 0.001 0.003 0.008 0.013 0.050 0.627 
 232 P _   0.231 0.000 0.001 0.004 0.008 0.014 0.061 0.680 
 233 I _   0.176 0.001 0.001 0.007 0.008 0.015 0.071 0.722 
 234 F _   0.131 0.001 0.001 0.010 0.008 0.015 0.080 0.753 
 235 H _   0.097 0.002 0.001 0.013 0.008 0.015 0.090 0.775 
 236 C _   0.070 0.002 0.001 0.015 0.007 0.014 0.098 0.792 
 237 R _   0.050 0.002 0.001 0.015 0.007 0.013 0.106 0.805 
 238 Q _   0.036 0.002 0.001 0.015 0.006 0.012 0.113 0.815 
 239 E _   0.025 0.002 0.001 0.013 0.004 0.010 0.120 0.824 
 240 D _   0.018 0.002 0.000 0.010 0.003 0.009 0.126 0.831 
 241 I _   0.013 0.002 0.000 0.008 0.003 0.007 0.132 0.836 
 242 K _   0.010 0.001 0.000 0.006 0.002 0.006 0.136 0.839 
 243 T _   0.008 0.001 0.000 0.004 0.002 0.006 0.139 0.841 
 244 S _   0.006 0.001 0.000 0.003 0.001 0.005 0.141 0.841 
 245 N _   0.005 0.002 0.000 0.003 0.001 0.005 0.143 0.840 
 246 P _   0.005 0.002 0.000 0.003 0.001 0.006 0.144 0.838 
 247 Y _   0.005 0.004 0.000 0.004 0.002 0.008 0.144 0.833 
 248 H _   0.007 0.008 0.000 0.005 0.003 0.010 0.144 0.823 
 249 H _   0.008 0.019 0.001 0.009 0.004 0.014 0.143 0.802 
 250 D _   0.011 0.042 0.001 0.015 0.008 0.018 0.140 0.765 
 251 Q _   0.013 0.084 0.001 0.025 0.012 0.023 0.137 0.705 
 252 L _   0.014 0.144 0.002 0.037 0.017 0.026 0.133 0.627 
 253 D _   0.015 0.209 0.002 0.052 0.021 0.028 0.129 0.545 
 254 R _   0.014 0.261 0.002 0.065 0.022 0.029 0.127 0.480 
 255 I _   0.014 0.293 0.002 0.076 0.023 0.028 0.126 0.439 
 256 F _   0.014 0.309 0.002 0.082 0.022 0.027 0.126 0.418 
 257 N _   0.014 0.313 0.002 0.083 0.021 0.026 0.128 0.412 
 258 V _   0.014 0.310 0.002 0.079 0.020 0.024 0.132 0.420 
 259 M _   0.014 0.295 0.002 0.071 0.017 0.021 0.137 0.442 
 260 G _   0.014 0.266 0.002 0.058 0.015 0.019 0.145 0.482 
 261 F _   0.014 0.218 0.002 0.044 0.012 0.016 0.154 0.541 
 262 P _   0.013 0.159 0.001 0.030 0.009 0.014 0.164 0.609 
 263 A _   0.012 0.105 0.001 0.018 0.006 0.012 0.174 0.672 
 264 D _   0.010 0.067 0.001 0.011 0.004 0.010 0.182 0.717 
 265 K _   0.008 0.048 0.000 0.006 0.002 0.008 0.186 0.741 
 266 D _   0.006 0.039 0.000 0.004 0.002 0.007 0.189 0.752 
 267 W _   0.006 0.036 0.000 0.003 0.001 0.006 0.191 0.756 
 268 E _   0.005 0.036 0.000 0.004 0.001 0.007 0.192 0.755 
 269 D _   0.005 0.039 0.000 0.005 0.002 0.008 0.192 0.749 
 270 I _   0.006 0.046 0.000 0.007 0.003 0.009 0.191 0.738 
 271 K _   0.006 0.059 0.000 0.011 0.004 0.011 0.189 0.720 
 272 K _   0.006 0.077 0.001 0.016 0.005 0.012 0.186 0.697 
 273 M _   0.006 0.098 0.001 0.021 0.006 0.013 0.183 0.671 
 274 P _   0.006 0.119 0.001 0.026 0.007 0.014 0.181 0.647 
 275 E _   0.006 0.136 0.001 0.030 0.008 0.014 0.179 0.627 
 276 H _   0.005 0.149 0.001 0.032 0.008 0.014 0.177 0.614 
 277 S _   0.005 0.157 0.001 0.033 0.008 0.014 0.177 0.605 
 278 T _   0.005 0.162 0.001 0.033 0.008 0.014 0.177 0.601 
 279 L _   0.005 0.163 0.001 0.031 0.008 0.013 0.178 0.600 
 280 M _   0.006 0.163 0.001 0.028 0.007 0.013 0.180 0.603 
 281 K _   0.006 0.159 0.001 0.025 0.007 0.013 0.182 0.608 
 282 D _   0.006 0.154 0.001 0.021 0.006 0.012 0.184 0.615 
 283 F _   0.006 0.148 0.001 0.018 0.005 0.012 0.187 0.623 
 284 R _   0.006 0.142 0.001 0.015 0.005 0.012 0.190 0.630 
 285 R _   0.007 0.137 0.001 0.012 0.005 0.012 0.193 0.635 
 286 N _   0.007 0.133 0.001 0.011 0.004 0.012 0.196 0.636 
 287 T _   0.008 0.131 0.001 0.011 0.005 0.013 0.198 0.634 
 288 Y _   0.008 0.131 0.001 0.012 0.005 0.014 0.201 0.628 
 289 T _   0.009 0.133 0.001 0.015 0.007 0.016 0.203 0.616 
 290 N _   0.010 0.137 0.001 0.020 0.008 0.017 0.206 0.601 
 291 C _   0.012 0.141 0.001 0.026 0.010 0.018 0.209 0.585 
 292 S _   0.012 0.143 0.001 0.031 0.011 0.018 0.213 0.569 
 293 L _   0.013 0.144 0.001 0.036 0.012 0.018 0.218 0.559 
 294 I _   0.013 0.140 0.001 0.038 0.012 0.018 0.224 0.555 
 295 K _   0.012 0.133 0.001 0.037 0.011 0.017 0.231 0.557 
 296 Y _   0.012 0.120 0.001 0.033 0.010 0.015 0.241 0.568 
 297 M _   0.011 0.100 0.001 0.027 0.008 0.013 0.251 0.588 
 298 E _   0.010 0.074 0.001 0.020 0.007 0.012 0.263 0.613 
 299 K _   0.009 0.048 0.001 0.014 0.005 0.010 0.275 0.639 
 300 H _   0.008 0.027 0.001 0.008 0.003 0.009 0.285 0.659 
 301 K _   0.007 0.015 0.000 0.005 0.002 0.008 0.292 0.670 
 302 V _   0.006 0.010 0.000 0.003 0.002 0.007 0.298 0.674 
 303 K _   0.006 0.008 0.000 0.002 0.001 0.008 0.302 0.673 
 304 P _   0.007 0.008 0.000 0.002 0.002 0.009 0.305 0.667 
 305 D _   0.008 0.009 0.000 0.004 0.003 0.012 0.308 0.656 
 306 S _   0.011 0.014 0.000 0.006 0.004 0.016 0.310 0.638 
 307 K _   0.013 0.025 0.001 0.012 0.008 0.021 0.311 0.609 
 308 A _   0.016 0.044 0.001 0.021 0.012 0.025 0.312 0.570 
 309 F _   0.017 0.065 0.001 0.031 0.016 0.028 0.313 0.529 
 310 H _   0.018 0.082 0.001 0.040 0.018 0.030 0.315 0.495 
 311 L _   0.018 0.093 0.001 0.047 0.020 0.031 0.319 0.471 
 312 L _   0.018 0.099 0.001 0.050 0.021 0.031 0.323 0.457 
 313 Q _   0.018 0.100 0.001 0.049 0.021 0.030 0.330 0.451 
 314 K _   0.018 0.097 0.001 0.045 0.020 0.028 0.338 0.452 
 315 L _   0.018 0.091 0.001 0.039 0.018 0.026 0.348 0.458 
 316 L _   0.018 0.080 0.001 0.032 0.015 0.024 0.360 0.470 
 317 T _   0.018 0.067 0.001 0.025 0.013 0.022 0.373 0.482 
 318 M _   0.017 0.053 0.001 0.019 0.010 0.020 0.387 0.493 
 319 D _   0.016 0.041 0.001 0.014 0.008 0.018 0.401 0.501 
 320 P _   0.015 0.032 0.001 0.011 0.007 0.016 0.414 0.504 
 321 I _   0.014 0.026 0.001 0.010 0.005 0.014 0.427 0.503 
 322 K _   0.013 0.022 0.001 0.009 0.005 0.013 0.438 0.500 
 323 R _   0.012 0.019 0.001 0.009 0.005 0.012 0.449 0.494 
 324 I _   0.011 0.017 0.001 0.009 0.004 0.011 0.460 0.488 
 325 T _   0.010 0.015 0.001 0.009 0.004 0.011 0.470 0.481 
 326 S X   0.009 0.014 0.000 0.009 0.004 0.010 0.479 0.474 
 327 E X   0.008 0.013 0.000 0.010 0.004 0.009 0.489 0.467 
 328 Q X   0.007 0.011 0.000 0.009 0.004 0.009 0.498 0.461 
 329 A X   0.007 0.010 0.000 0.009 0.004 0.008 0.507 0.455 
 330 M X   0.006 0.009 0.000 0.009 0.003 0.007 0.517 0.448 
 331 Q X   0.006 0.008 0.000 0.008 0.003 0.007 0.526 0.442 
 332 D X   0.005 0.007 0.000 0.008 0.003 0.006 0.535 0.435 
 333 P X   0.005 0.006 0.000 0.007 0.003 0.006 0.545 0.429 
 334 Y X   0.004 0.005 0.000 0.006 0.002 0.005 0.553 0.423 
 335 F X   0.004 0.004 0.000 0.005 0.002 0.005 0.561 0.418 
 336 L X   0.004 0.004 0.000 0.004 0.002 0.004 0.569 0.413 
 337 E X   0.004 0.003 0.000 0.004 0.001 0.004 0.575 0.409 
 338 D X   0.003 0.003 0.000 0.003 0.001 0.004 0.581 0.404 
 339 P X   0.003 0.003 0.000 0.003 0.001 0.005 0.586 0.399 
 340 L X   0.004 0.004 0.000 0.003 0.002 0.005 0.590 0.393 
 341 P X   0.004 0.006 0.000 0.004 0.002 0.006 0.593 0.385 
 342 T X   0.005 0.009 0.000 0.006 0.003 0.008 0.597 0.373 
 343 S X   0.005 0.014 0.000 0.009 0.004 0.009 0.600 0.358 
 344 D X   0.006 0.021 0.001 0.013 0.006 0.011 0.603 0.339 
 345 V X   0.007 0.028 0.001 0.018 0.007 0.012 0.607 0.320 
 346 F X   0.007 0.035 0.001 0.023 0.008 0.013 0.612 0.302 
 347 A X   0.007 0.040 0.001 0.027 0.008 0.013 0.618 0.287 
 348 G X   0.006 0.042 0.001 0.028 0.009 0.013 0.625 0.276 
 349 C X   0.006 0.043 0.001 0.028 0.008 0.013 0.634 0.268 
 350 Q X   0.006 0.043 0.001 0.026 0.008 0.012 0.644 0.261 
 351 I X   0.006 0.041 0.001 0.023 0.007 0.011 0.656 0.256 
 352 P X   0.005 0.038 0.001 0.020 0.006 0.010 0.669 0.250 
 353 Y X   0.005 0.035 0.001 0.018 0.005 0.010 0.682 0.244 
 354 P X   0.005 0.031 0.001 0.016 0.005 0.009 0.697 0.237 
 355 K X   0.005 0.028 0.001 0.014 0.004 0.008 0.713 0.228 
 356 R X   0.005 0.024 0.000 0.013 0.004 0.007 0.729 0.219 
 357 E X   0.004 0.020 0.000 0.011 0.003 0.007 0.745 0.209 
 358 F X   0.004 0.017 0.000 0.010 0.003 0.006 0.760 0.199 
 359 L X   0.004 0.013 0.000 0.009 0.002 0.005 0.776 0.191 
 360 T X   0.003 0.010 0.000 0.007 0.002 0.004 0.790 0.183 
 361 E X   0.003 0.007 0.000 0.006 0.002 0.003 0.803 0.176 
 362 E X   0.002 0.005 0.000 0.004 0.001 0.003 0.814 0.170 
 363 E X   0.002 0.003 0.000 0.003 0.001 0.002 0.824 0.165 
 364 P X   0.002 0.002 0.000 0.002 0.001 0.002 0.831 0.161 
 365 D X   0.001 0.001 0.000 0.002 0.000 0.001 0.837 0.157 
 366 D X   0.001 0.001 0.000 0.001 0.000 0.001 0.841 0.154 
 367 K X   0.001 0.001 0.000 0.001 0.000 0.001 0.844 0.152 
 368 G X   0.001 0.001 0.000 0.001 0.000 0.001 0.845 0.150 
 369 D X   0.001 0.001 0.000 0.001 0.000 0.001 0.847 0.148 
 370 K X   0.001 0.001 0.000 0.002 0.000 0.002 0.847 0.147 
 371 K X   0.001 0.001 0.000 0.002 0.001 0.002 0.847 0.146 
 372 N X   0.001 0.002 0.000 0.003 0.001 0.002 0.846 0.146 
 373 Q X   0.001 0.002 0.000 0.004 0.001 0.002 0.845 0.145 
 374 Q X   0.001 0.002 0.000 0.005 0.001 0.002 0.843 0.145 
 375 Q X   0.001 0.003 0.000 0.005 0.001 0.002 0.842 0.146 
 376 Q X   0.001 0.003 0.000 0.005 0.001 0.002 0.841 0.146 
 377 Q X   0.001 0.003 0.000 0.005 0.001 0.002 0.840 0.147 
 378 G X   0.001 0.003 0.000 0.005 0.001 0.002 0.839 0.149 
 379 N X   0.001 0.003 0.000 0.005 0.001 0.002 0.838 0.150 
 380 N X   0.001 0.003 0.000 0.004 0.001 0.002 0.837 0.151 
 381 H X   0.001 0.003 0.000 0.004 0.001 0.002 0.837 0.152 
 382 T X   0.001 0.003 0.000 0.004 0.001 0.002 0.836 0.154 
 383 N X   0.001 0.003 0.000 0.003 0.001 0.002 0.835 0.155 
 384 G X   0.001 0.003 0.000 0.003 0.001 0.002 0.834 0.156 
 385 T X   0.001 0.003 0.000 0.003 0.001 0.002 0.832 0.157 
 386 G X   0.001 0.004 0.000 0.003 0.001 0.002 0.831 0.159 
 387 H X   0.001 0.004 0.000 0.003 0.001 0.002 0.828 0.160 
 388 P X   0.001 0.004 0.000 0.003 0.001 0.002 0.826 0.163 
 389 G X   0.001 0.004 0.000 0.003 0.001 0.002 0.823 0.166 
 390 N X   0.001 0.005 0.000 0.003 0.001 0.002 0.819 0.169 
 391 Q X   0.001 0.005 0.000 0.003 0.001 0.002 0.815 0.172 
 392 D X   0.001 0.006 0.000 0.003 0.001 0.002 0.811 0.176 
 393 S X   0.001 0.007 0.000 0.003 0.001 0.002 0.805 0.180 
 394 S X   0.001 0.008 0.000 0.004 0.001 0.003 0.799 0.184 
 395 H X   0.001 0.011 0.000 0.004 0.001 0.003 0.792 0.188 
 396 T X   0.001 0.014 0.000 0.005 0.001 0.004 0.783 0.192 
 397 Q X   0.001 0.019 0.000 0.006 0.002 0.004 0.773 0.195 
 398 G X   0.002 0.026 0.000 0.008 0.002 0.005 0.761 0.196 
 399 P X   0.002 0.036 0.000 0.009 0.003 0.006 0.749 0.196 
 400 P X   0.002 0.048 0.000 0.011 0.003 0.007 0.735 0.193 
 401 L X   0.002 0.063 0.001 0.013 0.004 0.007 0.722 0.188 
 402 K X   0.002 0.080 0.001 0.014 0.004 0.008 0.709 0.182 
 403 K X   0.002 0.097 0.001 0.015 0.005 0.008 0.697 0.175 
 404 V X   0.002 0.113 0.001 0.016 0.005 0.009 0.687 0.167 
 405 R X   0.003 0.128 0.001 0.016 0.005 0.009 0.678 0.160 
 406 V X   0.003 0.142 0.001 0.016 0.005 0.009 0.671 0.153 
 407 V X   0.003 0.154 0.001 0.016 0.005 0.010 0.664 0.147 
 408 P X   0.003 0.165 0.001 0.016 0.006 0.010 0.659 0.140 
 409 P X   0.003 0.175 0.001 0.016 0.006 0.010 0.655 0.133 
 410 T X   0.003 0.184 0.001 0.017 0.006 0.010 0.652 0.126 
 411 T X   0.003 0.192 0.001 0.019 0.007 0.011 0.649 0.119 
 412 T X   0.003 0.198 0.001 0.021 0.007 0.011 0.647 0.112 
 413 S X   0.003 0.204 0.001 0.024 0.008 0.010 0.646 0.105 
 414 G X   0.003 0.206 0.001 0.026 0.008 0.010 0.647 0.099 
 415 G X   0.003 0.207 0.001 0.028 0.008 0.010 0.649 0.096 
 416 L X   0.003 0.204 0.001 0.028 0.007 0.009 0.652 0.095 
 417 I X   0.003 0.198 0.001 0.028 0.007 0.008 0.658 0.097 
 418 M X   0.004 0.187 0.001 0.026 0.007 0.008 0.666 0.102 
 419 T X   0.004 0.168 0.001 0.024 0.007 0.007 0.678 0.112 
 420 S X   0.004 0.141 0.001 0.021 0.006 0.007 0.694 0.126 
 421 D X   0.004 0.108 0.001 0.017 0.006 0.007 0.714 0.144 
 422 Y X   0.004 0.076 0.001 0.013 0.004 0.006 0.735 0.161 
 423 Q X   0.004 0.050 0.001 0.010 0.003 0.005 0.755 0.173 
 424 R X   0.003 0.033 0.000 0.007 0.002 0.005 0.771 0.179 
 425 S X   0.003 0.023 0.000 0.005 0.002 0.004 0.783 0.181 
 426 N X   0.002 0.018 0.000 0.004 0.001 0.003 0.792 0.180 
 427 P X   0.002 0.014 0.000 0.003 0.001 0.003 0.799 0.177 
 428 H X   0.002 0.012 0.000 0.003 0.001 0.003 0.805 0.174 
 429 A X   0.002 0.011 0.000 0.003 0.001 0.002 0.809 0.172 
 430 A X   0.001 0.010 0.000 0.003 0.001 0.002 0.813 0.169 
 431 Y X   0.001 0.010 0.000 0.003 0.001 0.002 0.816 0.167 
 432 P X   0.001 0.009 0.000 0.003 0.001 0.002 0.818 0.166 
 433 N X   0.001 0.009 0.000 0.003 0.001 0.002 0.820 0.165 
 434 P X   0.001 0.009 0.000 0.002 0.001 0.002 0.822 0.164 
 435 G X   0.001 0.009 0.000 0.002 0.001 0.002 0.823 0.163 
 436 P X   0.001 0.009 0.000 0.002 0.001 0.002 0.823 0.162 
 437 S X   0.001 0.010 0.000 0.003 0.001 0.002 0.823 0.161 
 438 T X   0.001 0.011 0.000 0.003 0.001 0.003 0.823 0.159 
 439 S X   0.001 0.013 0.000 0.004 0.001 0.003 0.822 0.156 
 440 Q X   0.001 0.016 0.000 0.006 0.001 0.003 0.820 0.152 
 441 P X   0.001 0.019 0.000 0.008 0.002 0.004 0.819 0.147 
 442 Q X   0.001 0.023 0.000 0.011 0.002 0.004 0.817 0.141 
 443 S X   0.001 0.027 0.000 0.014 0.003 0.005 0.816 0.134 
 444 S X   0.001 0.030 0.000 0.016 0.003 0.005 0.816 0.128 
 445 M X   0.001 0.032 0.000 0.018 0.003 0.005 0.817 0.123 
 446 G X   0.002 0.033 0.000 0.019 0.003 0.005 0.819 0.119 
 447 Y X   0.002 0.032 0.000 0.019 0.003 0.005 0.823 0.116 
 448 S X   0.002 0.031 0.000 0.018 0.003 0.005 0.828 0.113 
 449 A X   0.002 0.029 0.000 0.016 0.003 0.005 0.834 0.111 
 450 T X   0.002 0.026 0.000 0.013 0.003 0.004 0.842 0.110 
 451 S X   0.002 0.022 0.000 0.010 0.002 0.004 0.851 0.108 
 452 Q X   0.002 0.018 0.000 0.008 0.002 0.004 0.861 0.106 
 453 Q X   0.002 0.014 0.000 0.006 0.002 0.003 0.870 0.104 
 454 P X   0.002 0.011 0.000 0.005 0.001 0.003 0.878 0.101 
 455 P X   0.001 0.008 0.000 0.004 0.001 0.003 0.885 0.098 
 456 Q X   0.001 0.007 0.000 0.003 0.001 0.002 0.891 0.095 
 457 Y X   0.001 0.006 0.000 0.003 0.001 0.002 0.896 0.092 
 458 S X   0.001 0.005 0.000 0.003 0.001 0.001 0.900 0.090 
 459 H X   0.001 0.004 0.000 0.002 0.001 0.001 0.904 0.088 
 460 Q X   0.000 0.003 0.000 0.002 0.000 0.001 0.907 0.087 
 461 T X   0.000 0.002 0.000 0.001 0.000 0.000 0.908 0.088 
 462 H X   0.000 0.002 0.000 0.001 0.000 0.000 0.907 0.090 
 463 R X   0.000 0.002 0.000 0.002 0.000 0.000 0.903 0.093 
 464 Y X   0.001 0.002 0.001 0.008 0.002 0.002 0.885 0.099 
