#TopoPred_TM8: 8-state transmembrane topology prediction results by no_profile mode 
#probabilities are in the order of H E C I L F X _, the 8 transmembrane topology types used in PDBTM 
   1 M X   0.011 0.001 0.002 0.041 0.009 0.010 0.771 0.156 
   2 S X   0.004 0.001 0.000 0.024 0.002 0.006 0.791 0.173 
   3 L X   0.002 0.001 0.000 0.014 0.001 0.005 0.795 0.183 
   4 C X   0.002 0.001 0.000 0.011 0.001 0.006 0.793 0.187 
   5 G X   0.003 0.002 0.000 0.010 0.001 0.008 0.786 0.189 
   6 A X   0.004 0.004 0.000 0.011 0.003 0.011 0.776 0.191 
   7 R X   0.006 0.008 0.000 0.013 0.004 0.014 0.763 0.191 
   8 A X   0.008 0.015 0.001 0.016 0.006 0.016 0.749 0.189 
   9 N X   0.009 0.025 0.001 0.020 0.007 0.018 0.734 0.187 
  10 A X   0.009 0.034 0.001 0.024 0.009 0.018 0.719 0.185 
  11 K X   0.009 0.042 0.001 0.027 0.010 0.018 0.707 0.186 
  12 M X   0.009 0.047 0.001 0.027 0.011 0.018 0.697 0.190 
  13 M X   0.009 0.050 0.001 0.026 0.010 0.017 0.690 0.196 
  14 A X   0.009 0.051 0.001 0.024 0.010 0.016 0.685 0.204 
  15 A X   0.009 0.051 0.001 0.020 0.009 0.015 0.681 0.214 
  16 Y X   0.009 0.050 0.001 0.017 0.007 0.014 0.678 0.223 
  17 N X   0.008 0.049 0.001 0.015 0.006 0.013 0.676 0.232 
  18 G X   0.008 0.047 0.001 0.013 0.006 0.012 0.674 0.239 
  19 G X   0.008 0.046 0.000 0.012 0.005 0.012 0.672 0.245 
  20 T X   0.008 0.044 0.000 0.012 0.005 0.011 0.671 0.249 
  21 S X   0.007 0.042 0.000 0.012 0.005 0.010 0.670 0.253 
  22 A X   0.007 0.040 0.000 0.012 0.004 0.010 0.670 0.256 
  23 A X   0.007 0.037 0.000 0.012 0.004 0.009 0.670 0.260 
  24 A X   0.006 0.034 0.000 0.011 0.004 0.008 0.671 0.265 
  25 A X   0.006 0.030 0.000 0.010 0.003 0.007 0.672 0.271 
  26 G X   0.005 0.025 0.000 0.009 0.003 0.006 0.674 0.277 
  27 H X   0.005 0.021 0.000 0.008 0.003 0.006 0.675 0.283 
  28 H X   0.004 0.016 0.000 0.006 0.002 0.005 0.677 0.289 
  29 H X   0.004 0.012 0.000 0.005 0.002 0.004 0.678 0.294 
  30 H X   0.004 0.009 0.000 0.004 0.001 0.004 0.679 0.298 
  31 H X   0.003 0.007 0.000 0.004 0.001 0.004 0.680 0.301 
  32 H X   0.003 0.005 0.000 0.003 0.001 0.003 0.680 0.303 
  33 H X   0.003 0.004 0.000 0.003 0.001 0.003 0.680 0.305 
  34 H X   0.003 0.003 0.000 0.003 0.001 0.003 0.680 0.306 
  35 L X   0.003 0.003 0.000 0.004 0.001 0.003 0.679 0.307 
  36 P X   0.003 0.003 0.000 0.004 0.001 0.004 0.677 0.307 
  37 H X   0.003 0.003 0.000 0.005 0.001 0.004 0.676 0.308 
  38 L X   0.003 0.003 0.000 0.005 0.002 0.004 0.674 0.309 
  39 P X   0.003 0.003 0.000 0.006 0.002 0.004 0.672 0.311 
  40 P X   0.003 0.003 0.000 0.006 0.002 0.004 0.670 0.312 
  41 P X   0.003 0.002 0.000 0.006 0.002 0.004 0.668 0.315 
  42 H X   0.003 0.002 0.000 0.006 0.002 0.004 0.666 0.317 
  43 L X   0.003 0.002 0.000 0.006 0.002 0.004 0.664 0.321 
  44 H X   0.003 0.002 0.000 0.005 0.001 0.003 0.661 0.325 
  45 H X   0.002 0.001 0.000 0.004 0.001 0.003 0.658 0.329 
  46 H X   0.002 0.001 0.000 0.004 0.001 0.003 0.655 0.334 
  47 H X   0.002 0.001 0.000 0.003 0.001 0.003 0.651 0.339 
  48 H X   0.002 0.001 0.000 0.003 0.001 0.003 0.646 0.345 
  49 P X   0.002 0.001 0.000 0.003 0.001 0.003 0.640 0.351 
  50 Q X   0.002 0.001 0.000 0.003 0.001 0.003 0.633 0.357 
  51 H X   0.002 0.001 0.000 0.003 0.001 0.004 0.625 0.364 
  52 H X   0.002 0.001 0.000 0.004 0.001 0.004 0.616 0.370 
  53 L X   0.003 0.002 0.000 0.005 0.002 0.005 0.606 0.377 
  54 H X   0.003 0.003 0.000 0.008 0.003 0.007 0.594 0.382 
  55 P X   0.004 0.005 0.000 0.011 0.004 0.008 0.582 0.387 
  56 G X   0.004 0.006 0.001 0.015 0.005 0.010 0.569 0.390 
  57 S X   0.005 0.008 0.001 0.019 0.006 0.012 0.557 0.393 
  58 A X   0.006 0.010 0.001 0.022 0.007 0.013 0.546 0.396 
  59 A X   0.006 0.010 0.001 0.024 0.008 0.014 0.536 0.401 
  60 A X   0.007 0.010 0.001 0.024 0.008 0.014 0.528 0.408 
  61 V X   0.008 0.009 0.001 0.022 0.007 0.014 0.520 0.418 
  62 H X   0.010 0.008 0.001 0.018 0.007 0.014 0.513 0.431 
  63 P X   0.012 0.006 0.001 0.013 0.006 0.013 0.506 0.443 
  64 V X   0.016 0.004 0.001 0.009 0.005 0.013 0.500 0.454 
  65 Q X   0.022 0.002 0.000 0.005 0.004 0.013 0.493 0.461 
  66 Q X   0.031 0.001 0.000 0.003 0.004 0.014 0.486 0.462 
  67 H X   0.045 0.000 0.000 0.002 0.004 0.015 0.478 0.456 
  68 T X   0.067 0.000 0.001 0.001 0.005 0.018 0.468 0.440 
  69 S X   0.099 0.000 0.001 0.001 0.007 0.021 0.458 0.413 
  70 S X   0.141 0.000 0.001 0.002 0.011 0.026 0.447 0.372 
  71 A X   0.189 0.000 0.001 0.002 0.018 0.030 0.437 0.323 
  72 A X   0.236 0.000 0.001 0.003 0.026 0.034 0.428 0.271 
  73 A X   0.275 0.001 0.002 0.004 0.033 0.037 0.423 0.226 
  74 A X   0.302 0.002 0.002 0.005 0.040 0.038 0.420 0.191 
  75 A X   0.319 0.004 0.002 0.008 0.044 0.038 0.419 0.167 
  76 A X   0.325 0.006 0.002 0.010 0.046 0.036 0.421 0.154 
  77 A X   0.322 0.007 0.002 0.012 0.046 0.035 0.424 0.152 
  78 A X   0.311 0.008 0.002 0.013 0.043 0.032 0.430 0.160 
  79 A X   0.290 0.008 0.002 0.013 0.039 0.030 0.439 0.178 
  80 A X   0.261 0.007 0.002 0.013 0.033 0.027 0.450 0.207 
  81 A X   0.225 0.006 0.002 0.012 0.026 0.023 0.463 0.242 
  82 A X   0.186 0.005 0.002 0.010 0.019 0.020 0.479 0.280 
  83 A X   0.147 0.003 0.001 0.008 0.012 0.016 0.495 0.317 
  84 M X   0.111 0.002 0.001 0.007 0.008 0.013 0.511 0.347 
  85 L X   0.080 0.001 0.001 0.006 0.005 0.011 0.526 0.371 
  86 N X   0.056 0.001 0.000 0.005 0.004 0.009 0.539 0.387 
  87 P X   0.039 0.001 0.000 0.005 0.003 0.007 0.550 0.396 
  88 G X   0.027 0.001 0.000 0.004 0.002 0.006 0.559 0.401 
  89 Q X   0.019 0.000 0.000 0.004 0.002 0.005 0.567 0.402 
  90 Q X   0.013 0.000 0.000 0.004 0.001 0.005 0.574 0.402 
  91 Q X   0.010 0.000 0.000 0.004 0.001 0.004 0.579 0.401 
  92 P X   0.007 0.000 0.000 0.003 0.001 0.004 0.584 0.400 
  93 Y X   0.006 0.000 0.000 0.003 0.001 0.003 0.587 0.400 
  94 F X   0.004 0.001 0.000 0.003 0.001 0.003 0.588 0.400 
  95 P X   0.004 0.001 0.000 0.003 0.001 0.003 0.589 0.400 
  96 S X   0.003 0.001 0.000 0.003 0.001 0.003 0.589 0.400 
  97 P X   0.003 0.001 0.000 0.003 0.001 0.003 0.588 0.402 
  98 A X   0.002 0.001 0.000 0.003 0.001 0.003 0.586 0.404 
  99 P X   0.002 0.002 0.000 0.003 0.001 0.003 0.582 0.407 
 100 G X   0.002 0.003 0.000 0.003 0.001 0.003 0.577 0.410 
 101 Q X   0.002 0.005 0.000 0.004 0.001 0.004 0.570 0.413 
 102 A X   0.002 0.008 0.000 0.005 0.001 0.005 0.562 0.416 
 103 P X   0.003 0.014 0.000 0.006 0.002 0.006 0.551 0.418 
 104 G X   0.003 0.023 0.000 0.009 0.003 0.008 0.538 0.417 
 105 P X   0.004 0.038 0.001 0.012 0.004 0.010 0.521 0.411 
 106 A X   0.005 0.060 0.001 0.015 0.005 0.013 0.502 0.399 
 107 A X   0.005 0.092 0.001 0.020 0.008 0.016 0.478 0.380 
 108 A X   0.006 0.134 0.001 0.025 0.010 0.019 0.453 0.353 
 109 A X   0.007 0.182 0.002 0.029 0.012 0.021 0.427 0.320 
 110 P X   0.007 0.235 0.002 0.033 0.014 0.022 0.402 0.284 
 111 A X   0.007 0.286 0.002 0.036 0.016 0.023 0.381 0.249 
 112 Q X   0.007 0.330 0.002 0.039 0.017 0.023 0.363 0.218 
 113 V E   0.008 0.364 0.001 0.042 0.017 0.023 0.351 0.194 
 114 Q E   0.008 0.386 0.001 0.044 0.017 0.022 0.342 0.179 
 115 A E   0.008 0.399 0.001 0.046 0.017 0.022 0.336 0.171 
 116 A E   0.009 0.404 0.001 0.047 0.016 0.021 0.332 0.169 
 117 A E   0.010 0.403 0.001 0.047 0.016 0.020 0.331 0.173 
 118 A E   0.010 0.396 0.001 0.045 0.015 0.019 0.331 0.182 
 119 A E   0.011 0.380 0.001 0.042 0.014 0.018 0.332 0.201 
 120 T E   0.012 0.351 0.001 0.038 0.014 0.017 0.336 0.231 
 121 V X   0.014 0.304 0.002 0.033 0.013 0.016 0.343 0.277 
 122 K X   0.015 0.242 0.002 0.028 0.012 0.016 0.351 0.336 
 123 A _   0.016 0.174 0.001 0.022 0.010 0.015 0.362 0.400 
 124 H _   0.015 0.114 0.001 0.017 0.008 0.014 0.372 0.460 
 125 H _   0.014 0.069 0.001 0.012 0.006 0.012 0.380 0.507 
 126 H _   0.012 0.041 0.001 0.009 0.004 0.011 0.386 0.537 
 127 Q _   0.010 0.025 0.000 0.006 0.003 0.009 0.390 0.556 
 128 H _   0.009 0.016 0.000 0.005 0.002 0.008 0.393 0.566 
 129 S _   0.008 0.012 0.000 0.005 0.002 0.007 0.395 0.571 
 130 H _   0.007 0.009 0.000 0.005 0.002 0.007 0.396 0.574 
 131 H _   0.006 0.008 0.000 0.006 0.002 0.007 0.396 0.576 
 132 P _   0.006 0.007 0.000 0.006 0.002 0.006 0.395 0.577 
 133 Q _   0.006 0.006 0.000 0.007 0.002 0.006 0.395 0.578 
 134 Q _   0.005 0.005 0.000 0.007 0.002 0.006 0.394 0.580 
 135 Q _   0.005 0.004 0.000 0.007 0.002 0.006 0.392 0.583 
 136 L _   0.005 0.003 0.000 0.006 0.002 0.005 0.390 0.588 
 137 D _   0.004 0.003 0.000 0.005 0.002 0.005 0.388 0.594 
 138 I _   0.004 0.002 0.000 0.004 0.001 0.005 0.384 0.600 
 139 E _   0.004 0.002 0.000 0.003 0.001 0.005 0.380 0.606 
 140 P _   0.004 0.002 0.000 0.002 0.001 0.005 0.375 0.611 
 141 D _   0.005 0.002 0.000 0.002 0.001 0.007 0.368 0.615 
 142 R _   0.006 0.003 0.000 0.003 0.002 0.010 0.360 0.615 
 143 P _   0.009 0.007 0.000 0.005 0.004 0.015 0.349 0.609 
 144 I _   0.014 0.020 0.001 0.011 0.009 0.023 0.334 0.588 
 145 G _   0.020 0.054 0.002 0.021 0.018 0.032 0.312 0.541 
 146 Y _   0.024 0.119 0.003 0.038 0.029 0.038 0.286 0.464 
 147 G _   0.025 0.201 0.003 0.057 0.035 0.042 0.260 0.377 
 148 A _   0.025 0.266 0.003 0.073 0.037 0.041 0.242 0.314 
 149 F E   0.023 0.302 0.002 0.085 0.035 0.040 0.229 0.283 
 150 G E   0.022 0.319 0.002 0.091 0.033 0.037 0.222 0.274 
 151 V E   0.021 0.323 0.002 0.091 0.030 0.034 0.217 0.280 
 152 V E   0.020 0.318 0.002 0.086 0.027 0.031 0.215 0.301 
 153 W _   0.019 0.300 0.002 0.075 0.023 0.027 0.214 0.340 
 154 S _   0.018 0.262 0.002 0.060 0.019 0.023 0.214 0.402 
 155 V _   0.017 0.200 0.002 0.043 0.015 0.019 0.216 0.488 
 156 T _   0.015 0.128 0.002 0.028 0.011 0.016 0.218 0.583 
 157 D _   0.013 0.068 0.001 0.016 0.007 0.013 0.220 0.662 
 158 P _   0.010 0.032 0.001 0.009 0.004 0.011 0.220 0.713 
 159 R _   0.008 0.016 0.000 0.005 0.002 0.009 0.220 0.740 
 160 D _   0.006 0.009 0.000 0.004 0.002 0.008 0.218 0.754 
 161 G _   0.005 0.007 0.000 0.003 0.002 0.007 0.215 0.761 
 162 K _   0.005 0.006 0.000 0.004 0.002 0.008 0.212 0.764 
 163 R _   0.005 0.006 0.000 0.005 0.002 0.009 0.207 0.765 
 164 V _   0.006 0.006 0.000 0.007 0.003 0.010 0.202 0.765 
 165 A _   0.006 0.008 0.000 0.009 0.003 0.012 0.196 0.765 
 166 L _   0.007 0.009 0.001 0.011 0.004 0.014 0.190 0.764 
 167 K _   0.008 0.011 0.001 0.013 0.005 0.016 0.183 0.763 
 168 K _   0.009 0.012 0.001 0.015 0.007 0.019 0.177 0.761 
 169 M _   0.011 0.013 0.001 0.016 0.008 0.022 0.170 0.759 
 170 P _   0.013 0.014 0.001 0.017 0.009 0.025 0.164 0.756 
 171 N _   0.016 0.015 0.001 0.017 0.011 0.029 0.159 0.751 
 172 V _   0.021 0.016 0.001 0.018 0.013 0.033 0.154 0.745 
 173 F _   0.027 0.016 0.001 0.018 0.015 0.037 0.149 0.738 
 174 Q _   0.033 0.016 0.001 0.018 0.016 0.040 0.145 0.731 
 175 N _   0.039 0.016 0.001 0.018 0.018 0.043 0.141 0.724 
 176 L _   0.046 0.016 0.001 0.017 0.019 0.046 0.137 0.718 
 177 V _   0.053 0.015 0.001 0.016 0.020 0.048 0.133 0.713 
 178 S _   0.060 0.014 0.001 0.014 0.021 0.050 0.130 0.709 
 179 C _   0.067 0.013 0.001 0.013 0.021 0.051 0.127 0.705 
 180 K _   0.073 0.013 0.001 0.012 0.022 0.052 0.125 0.702 
 181 R _   0.078 0.012 0.001 0.012 0.023 0.053 0.123 0.698 
 182 V _   0.081 0.013 0.001 0.012 0.024 0.053 0.121 0.695 
 183 F _   0.083 0.013 0.001 0.014 0.025 0.052 0.119 0.693 
 184 R _   0.083 0.014 0.002 0.016 0.025 0.051 0.118 0.693 
 185 E _   0.081 0.014 0.002 0.018 0.025 0.049 0.117 0.695 
 186 L _   0.077 0.015 0.002 0.019 0.024 0.046 0.116 0.701 
 187 K _   0.071 0.015 0.002 0.020 0.022 0.042 0.116 0.712 
 188 M _   0.064 0.014 0.001 0.020 0.020 0.038 0.116 0.727 
 189 L _   0.056 0.013 0.001 0.019 0.017 0.034 0.116 0.745 
 190 C _   0.048 0.011 0.001 0.016 0.014 0.029 0.116 0.765 
 191 F _   0.040 0.008 0.001 0.013 0.011 0.025 0.117 0.785 
 192 F _   0.034 0.006 0.001 0.010 0.008 0.022 0.117 0.802 
 193 K _   0.028 0.005 0.001 0.008 0.006 0.019 0.117 0.817 
 194 H _   0.024 0.003 0.001 0.007 0.005 0.017 0.117 0.827 
 195 D _   0.021 0.003 0.001 0.006 0.005 0.015 0.116 0.834 
 196 N _   0.019 0.003 0.001 0.006 0.004 0.015 0.116 0.836 
 197 V _   0.018 0.003 0.001 0.007 0.005 0.014 0.115 0.837 
 198 L _   0.018 0.003 0.001 0.009 0.005 0.014 0.115 0.835 
 199 S _   0.018 0.003 0.001 0.011 0.006 0.014 0.115 0.833 
 200 A _   0.017 0.003 0.001 0.013 0.006 0.014 0.114 0.831 
 201 L _   0.017 0.004 0.001 0.013 0.006 0.014 0.114 0.832 
 202 D _   0.016 0.003 0.001 0.013 0.006 0.013 0.113 0.835 
 203 I _   0.015 0.003 0.001 0.011 0.005 0.013 0.113 0.840 
 204 L _   0.014 0.002 0.001 0.009 0.004 0.012 0.112 0.846 
 205 Q _   0.013 0.001 0.000 0.006 0.004 0.011 0.112 0.852 
 206 P _   0.013 0.001 0.000 0.004 0.003 0.011 0.110 0.857 
 207 P _   0.014 0.000 0.000 0.003 0.003 0.012 0.109 0.859 
 208 H _   0.016 0.000 0.000 0.002 0.003 0.014 0.107 0.857 
 209 I _   0.020 0.000 0.000 0.002 0.003 0.017 0.105 0.851 
 210 D _   0.028 0.001 0.000 0.003 0.005 0.022 0.103 0.837 
 211 Y _   0.038 0.002 0.001 0.005 0.009 0.029 0.101 0.816 
 212 F _   0.050 0.006 0.001 0.008 0.015 0.037 0.098 0.785 
 213 E _   0.062 0.014 0.002 0.014 0.023 0.045 0.094 0.746 
 214 E _   0.070 0.026 0.002 0.023 0.031 0.051 0.091 0.706 
 215 I _   0.075 0.037 0.002 0.033 0.037 0.054 0.089 0.672 
 216 Y _   0.078 0.046 0.002 0.040 0.041 0.056 0.087 0.650 
 217 V _   0.078 0.052 0.002 0.045 0.041 0.055 0.085 0.642 
 218 V _   0.076 0.053 0.002 0.045 0.039 0.053 0.085 0.647 
 219 T _   0.071 0.052 0.002 0.041 0.035 0.049 0.084 0.665 
 220 E _   0.065 0.047 0.002 0.034 0.029 0.045 0.085 0.693 
 221 L _   0.057 0.040 0.002 0.026 0.023 0.040 0.085 0.727 
 222 M _   0.049 0.031 0.001 0.019 0.018 0.035 0.085 0.761 
 223 Q _   0.041 0.023 0.001 0.014 0.013 0.031 0.086 0.791 
 224 S _   0.035 0.018 0.001 0.010 0.010 0.027 0.086 0.813 
 225 D _   0.030 0.015 0.001 0.009 0.008 0.025 0.086 0.826 
 226 L _   0.026 0.013 0.001 0.010 0.007 0.023 0.086 0.834 
 227 H _   0.024 0.013 0.001 0.011 0.007 0.021 0.086 0.837 
 228 K _   0.022 0.012 0.001 0.013 0.007 0.020 0.086 0.838 
 229 I _   0.020 0.012 0.001 0.015 0.007 0.019 0.086 0.839 
 230 I _   0.018 0.011 0.001 0.016 0.007 0.017 0.086 0.842 
 231 V _   0.016 0.010 0.001 0.016 0.007 0.016 0.087 0.848 
 232 S _   0.015 0.008 0.001 0.013 0.006 0.014 0.087 0.857 
 233 P _   0.014 0.006 0.001 0.010 0.005 0.013 0.087 0.866 
 234 Q _   0.013 0.003 0.000 0.007 0.003 0.012 0.086 0.875 
 235 P _   0.013 0.002 0.000 0.004 0.003 0.011 0.086 0.881 
 236 L _   0.014 0.001 0.000 0.003 0.002 0.012 0.085 0.883 
 237 S _   0.017 0.000 0.000 0.002 0.002 0.014 0.084 0.881 
 238 S _   0.023 0.000 0.000 0.002 0.003 0.017 0.082 0.872 
 239 D _   0.034 0.000 0.000 0.002 0.005 0.023 0.081 0.855 
 240 H _   0.051 0.001 0.001 0.003 0.008 0.031 0.078 0.827 
 241 V _   0.071 0.004 0.001 0.006 0.015 0.042 0.076 0.785 
 242 K _   0.092 0.010 0.002 0.012 0.026 0.053 0.072 0.733 
 243 V _   0.111 0.022 0.002 0.019 0.037 0.062 0.069 0.677 
 244 F _   0.125 0.035 0.003 0.028 0.047 0.068 0.067 0.627 
 245 L _   0.134 0.045 0.003 0.036 0.054 0.071 0.065 0.592 
 246 Y _   0.138 0.051 0.003 0.041 0.057 0.072 0.064 0.574 
 247 Q _   0.137 0.054 0.003 0.042 0.057 0.070 0.063 0.574 
 248 I _   0.133 0.053 0.003 0.040 0.054 0.066 0.063 0.588 
 249 L _   0.126 0.049 0.003 0.034 0.047 0.062 0.064 0.615 
 250 R _   0.115 0.043 0.002 0.027 0.040 0.056 0.064 0.653 
 251 G _   0.103 0.035 0.002 0.021 0.031 0.050 0.065 0.693 
 252 L _   0.089 0.027 0.002 0.016 0.024 0.044 0.067 0.732 
 253 K _   0.075 0.021 0.001 0.013 0.018 0.039 0.068 0.766 
 254 Y _   0.063 0.017 0.001 0.011 0.014 0.034 0.069 0.791 
 255 L _   0.051 0.015 0.001 0.011 0.011 0.030 0.070 0.811 
 256 H _   0.042 0.014 0.001 0.012 0.010 0.026 0.071 0.825 
 257 S _   0.035 0.013 0.001 0.013 0.009 0.023 0.071 0.835 
 258 A _   0.029 0.012 0.001 0.014 0.008 0.020 0.072 0.844 
 259 G _   0.024 0.011 0.001 0.014 0.007 0.018 0.073 0.852 
 260 I _   0.020 0.010 0.001 0.014 0.006 0.016 0.073 0.861 
 261 L _   0.016 0.008 0.001 0.013 0.005 0.014 0.074 0.869 
 262 H _   0.014 0.006 0.001 0.011 0.004 0.012 0.074 0.878 
 263 R _   0.011 0.005 0.000 0.009 0.004 0.010 0.075 0.886 
 264 D _   0.010 0.003 0.000 0.007 0.003 0.009 0.075 0.893 
 265 I _   0.008 0.002 0.000 0.005 0.002 0.008 0.075 0.898 
 266 K _   0.008 0.001 0.000 0.004 0.002 0.008 0.075 0.902 
 267 P _   0.008 0.001 0.000 0.004 0.002 0.009 0.074 0.903 
 268 G _   0.009 0.001 0.000 0.003 0.002 0.010 0.073 0.902 
 269 N _   0.010 0.001 0.000 0.004 0.002 0.011 0.072 0.899 
 270 L _   0.013 0.001 0.000 0.004 0.003 0.014 0.071 0.894 
 271 L _   0.017 0.001 0.000 0.005 0.004 0.018 0.069 0.885 
 272 V _   0.023 0.002 0.001 0.006 0.006 0.023 0.067 0.873 
 273 N _   0.030 0.004 0.001 0.007 0.009 0.029 0.065 0.856 
 274 S _   0.040 0.007 0.001 0.009 0.012 0.036 0.062 0.833 
 275 N _   0.052 0.011 0.001 0.011 0.018 0.043 0.060 0.805 
 276 C _   0.065 0.017 0.002 0.014 0.024 0.050 0.057 0.773 
 277 V _   0.078 0.026 0.002 0.017 0.030 0.056 0.055 0.737 
 278 L _   0.089 0.035 0.002 0.021 0.037 0.060 0.052 0.704 
 279 K _   0.097 0.046 0.002 0.026 0.042 0.062 0.050 0.674 
 280 I _   0.103 0.056 0.002 0.031 0.045 0.063 0.049 0.651 
 281 C _   0.105 0.064 0.002 0.037 0.047 0.062 0.048 0.636 
 282 D _   0.104 0.069 0.002 0.041 0.046 0.059 0.047 0.632 
 283 F _   0.099 0.071 0.002 0.044 0.042 0.055 0.047 0.640 
 284 G _   0.091 0.070 0.002 0.043 0.037 0.050 0.047 0.659 
 285 L _   0.080 0.065 0.002 0.040 0.031 0.044 0.048 0.689 
 286 A _   0.068 0.057 0.002 0.035 0.024 0.038 0.049 0.728 
 287 R _   0.056 0.045 0.002 0.027 0.017 0.031 0.050 0.773 
 288 V _   0.044 0.031 0.001 0.019 0.011 0.026 0.050 0.818 
 289 E _   0.034 0.018 0.001 0.012 0.007 0.020 0.051 0.857 
 290 E _   0.025 0.010 0.001 0.007 0.005 0.016 0.050 0.886 
 291 L _   0.019 0.005 0.000 0.004 0.003 0.014 0.050 0.904 
 292 D _   0.016 0.003 0.000 0.003 0.002 0.012 0.049 0.914 
 293 E _   0.014 0.002 0.000 0.002 0.002 0.012 0.048 0.918 
 294 S _   0.014 0.002 0.000 0.003 0.003 0.014 0.046 0.917 
 295 R _   0.016 0.004 0.000 0.004 0.004 0.016 0.045 0.911 
 296 H _   0.018 0.007 0.001 0.007 0.006 0.019 0.043 0.899 
 297 M _   0.021 0.013 0.001 0.012 0.009 0.023 0.041 0.881 
 298 T _   0.023 0.023 0.001 0.018 0.012 0.027 0.038 0.858 
 299 Q _   0.025 0.033 0.001 0.025 0.015 0.029 0.036 0.835 
 300 E _   0.026 0.041 0.001 0.031 0.017 0.031 0.034 0.819 
 301 V _   0.027 0.047 0.001 0.034 0.019 0.032 0.032 0.809 
 302 V _   0.027 0.049 0.001 0.034 0.019 0.032 0.030 0.807 
 303 T _   0.027 0.050 0.001 0.033 0.018 0.031 0.028 0.811 
 304 Q _   0.027 0.049 0.001 0.030 0.018 0.031 0.027 0.818 
 305 Y _   0.026 0.046 0.001 0.027 0.017 0.030 0.026 0.828 
 306 Y _   0.025 0.043 0.001 0.024 0.015 0.028 0.025 0.839 
 307 R _   0.024 0.039 0.001 0.023 0.014 0.027 0.024 0.849 
 308 A _   0.023 0.035 0.001 0.021 0.013 0.025 0.023 0.858 
 309 P _   0.022 0.032 0.001 0.021 0.012 0.024 0.022 0.866 
 310 E _   0.023 0.028 0.001 0.020 0.011 0.022 0.022 0.874 
 311 I _   0.024 0.024 0.001 0.019 0.010 0.020 0.021 0.883 
 312 L _   0.026 0.019 0.001 0.016 0.008 0.018 0.020 0.892 
 313 M _   0.029 0.013 0.001 0.013 0.007 0.015 0.019 0.901 
 314 G _   0.035 0.008 0.001 0.009 0.006 0.013 0.018 0.909 
 315 S _   0.044 0.004 0.001 0.006 0.005 0.012 0.017 0.912 
 316 R _   0.058 0.001 0.001 0.003 0.004 0.010 0.016 0.907 
 317 H _   0.081 0.000 0.000 0.002 0.004 0.009 0.014 0.889 
 318 Y _   0.118 0.000 0.000 0.001 0.004 0.009 0.012 0.855 
 319 S _   0.176 0.000 0.001 0.001 0.004 0.009 0.011 0.798 
 320 N _   0.265 0.000 0.001 0.001 0.005 0.010 0.009 0.711 
 321 A _   0.383 0.000 0.001 0.001 0.007 0.010 0.007 0.593 
 322 I H   0.526 0.000 0.001 0.001 0.009 0.010 0.005 0.449 
 323 D H   0.664 0.000 0.001 0.001 0.010 0.010 0.003 0.311 
 324 I H   0.771 0.000 0.001 0.001 0.012 0.009 0.002 0.204 
 325 W H   0.844 0.000 0.001 0.001 0.012 0.008 0.001 0.132 
 326 S H   0.888 0.000 0.001 0.000 0.013 0.007 0.001 0.090 
 327 V H   0.911 0.000 0.001 0.000 0.013 0.006 0.001 0.068 
 328 G H   0.922 0.000 0.001 0.000 0.013 0.006 0.001 0.057 
 329 C H   0.923 0.000 0.001 0.000 0.013 0.005 0.001 0.056 
 330 I H   0.914 0.000 0.001 0.000 0.014 0.005 0.001 0.065 
 331 F H   0.896 0.000 0.001 0.000 0.014 0.006 0.001 0.082 
 332 A H   0.863 0.000 0.001 0.001 0.014 0.006 0.001 0.113 
 333 E H   0.813 0.000 0.001 0.001 0.014 0.007 0.002 0.161 
 334 L H   0.743 0.000 0.001 0.001 0.014 0.008 0.003 0.230 
 335 L H   0.654 0.000 0.001 0.001 0.013 0.009 0.005 0.317 
 336 G H   0.554 0.000 0.001 0.001 0.012 0.010 0.007 0.414 
 337 R _   0.453 0.000 0.001 0.002 0.010 0.011 0.009 0.513 
 338 R _   0.356 0.000 0.001 0.002 0.009 0.012 0.012 0.607 
 339 I _   0.272 0.000 0.001 0.003 0.008 0.013 0.015 0.688 
 340 L _   0.204 0.000 0.001 0.003 0.007 0.013 0.018 0.755 
 341 F _   0.149 0.000 0.001 0.004 0.006 0.013 0.020 0.807 
 342 Q _   0.110 0.000 0.001 0.004 0.005 0.013 0.022 0.846 
 343 A _   0.082 0.000 0.001 0.004 0.005 0.013 0.023 0.872 
 344 Q _   0.063 0.000 0.001 0.004 0.004 0.014 0.024 0.890 
 345 S _   0.051 0.000 0.000 0.004 0.004 0.015 0.025 0.900 
 346 P _   0.045 0.000 0.001 0.004 0.005 0.016 0.026 0.903 
 347 I _   0.042 0.001 0.001 0.005 0.005 0.018 0.027 0.902 
 348 Q _   0.041 0.001 0.001 0.006 0.007 0.021 0.027 0.896 
 349 Q _   0.042 0.002 0.001 0.008 0.009 0.024 0.028 0.886 
 350 L _   0.043 0.004 0.001 0.011 0.011 0.027 0.028 0.875 
 351 D _   0.045 0.005 0.001 0.014 0.013 0.029 0.029 0.863 
 352 L _   0.046 0.007 0.001 0.016 0.015 0.031 0.030 0.854 
 353 I _   0.046 0.008 0.001 0.018 0.016 0.032 0.031 0.848 
 354 T _   0.047 0.009 0.001 0.018 0.016 0.032 0.031 0.846 
 355 D _   0.046 0.009 0.001 0.017 0.016 0.032 0.032 0.847 
 356 L _   0.046 0.009 0.001 0.015 0.014 0.031 0.033 0.851 
 357 L _   0.044 0.008 0.001 0.013 0.013 0.031 0.034 0.856 
 358 G _   0.042 0.008 0.001 0.011 0.012 0.030 0.035 0.861 
 359 T _   0.040 0.007 0.001 0.010 0.011 0.030 0.036 0.865 
 360 P _   0.039 0.008 0.001 0.009 0.011 0.029 0.037 0.866 
 361 S _   0.039 0.008 0.001 0.010 0.011 0.029 0.038 0.865 
 362 L _   0.038 0.010 0.001 0.011 0.011 0.029 0.039 0.861 
 363 E _   0.038 0.011 0.001 0.013 0.012 0.029 0.040 0.856 
 364 A _   0.037 0.013 0.001 0.015 0.012 0.029 0.041 0.851 
 365 M _   0.035 0.015 0.001 0.017 0.013 0.028 0.042 0.848 
 366 R _   0.034 0.017 0.001 0.018 0.013 0.027 0.043 0.847 
 367 T _   0.032 0.019 0.001 0.019 0.012 0.026 0.044 0.847 
 368 A _   0.029 0.020 0.001 0.020 0.012 0.025 0.045 0.848 
 369 C _   0.027 0.020 0.001 0.020 0.011 0.023 0.047 0.851 
 370 E _   0.025 0.020 0.001 0.020 0.011 0.022 0.048 0.853 
 371 G _   0.024 0.020 0.001 0.020 0.010 0.020 0.050 0.855 
 372 A _   0.022 0.019 0.001 0.020 0.009 0.019 0.051 0.858 
 373 K _   0.020 0.018 0.001 0.020 0.008 0.017 0.053 0.862 
 374 A _   0.019 0.016 0.001 0.018 0.007 0.016 0.055 0.867 
 375 H _   0.017 0.014 0.001 0.016 0.006 0.014 0.057 0.874 
 376 I _   0.015 0.011 0.001 0.013 0.005 0.012 0.059 0.883 
 377 L _   0.013 0.008 0.001 0.010 0.004 0.010 0.061 0.892 
 378 R _   0.011 0.005 0.000 0.008 0.003 0.009 0.063 0.901 
 379 G _   0.010 0.003 0.000 0.005 0.002 0.008 0.064 0.907 
 380 P _   0.009 0.002 0.000 0.004 0.002 0.007 0.064 0.912 
 381 H _   0.008 0.001 0.000 0.003 0.002 0.008 0.065 0.913 
 382 K _   0.008 0.001 0.000 0.003 0.002 0.009 0.065 0.913 
 383 Q _   0.009 0.001 0.000 0.003 0.002 0.010 0.065 0.909 
 384 P _   0.010 0.002 0.000 0.005 0.003 0.013 0.064 0.901 
 385 S _   0.013 0.004 0.001 0.008 0.005 0.017 0.063 0.889 
 386 L _   0.015 0.006 0.001 0.013 0.008 0.021 0.062 0.873 
 387 P _   0.018 0.010 0.001 0.020 0.010 0.025 0.061 0.854 
 388 V _   0.021 0.013 0.001 0.027 0.013 0.029 0.060 0.836 
 389 L _   0.023 0.015 0.001 0.031 0.015 0.032 0.059 0.823 
 390 Y _   0.027 0.015 0.001 0.032 0.016 0.033 0.058 0.817 
 391 T _   0.032 0.014 0.001 0.029 0.016 0.035 0.058 0.815 
 392 L _   0.038 0.012 0.001 0.024 0.016 0.036 0.057 0.816 
 393 S _   0.048 0.008 0.001 0.018 0.014 0.036 0.057 0.817 
 394 S _   0.062 0.005 0.001 0.011 0.013 0.037 0.057 0.813 
 395 Q _   0.081 0.002 0.001 0.007 0.012 0.038 0.056 0.802 
 396 A _   0.106 0.001 0.001 0.004 0.012 0.040 0.056 0.780 
 397 T _   0.138 0.000 0.001 0.003 0.013 0.042 0.055 0.748 
 398 H _   0.175 0.000 0.001 0.003 0.016 0.045 0.055 0.705 
 399 E _   0.218 0.000 0.001 0.003 0.021 0.049 0.055 0.653 
 400 A _   0.262 0.001 0.002 0.004 0.028 0.053 0.056 0.596 
 401 V _   0.302 0.002 0.002 0.006 0.037 0.056 0.056 0.540 
 402 H _   0.334 0.004 0.002 0.008 0.045 0.058 0.058 0.491 
 403 L _   0.354 0.007 0.003 0.013 0.052 0.058 0.061 0.454 
 404 L _   0.361 0.010 0.003 0.018 0.055 0.056 0.064 0.432 
 405 C _   0.356 0.013 0.003 0.022 0.055 0.053 0.069 0.429 
 406 R _   0.336 0.014 0.003 0.026 0.052 0.049 0.075 0.445 
 407 M _   0.304 0.014 0.003 0.027 0.045 0.044 0.083 0.481 
 408 L _   0.262 0.012 0.003 0.024 0.035 0.037 0.091 0.535 
 409 V _   0.211 0.009 0.002 0.020 0.025 0.031 0.100 0.602 
 410 F _   0.161 0.006 0.001 0.014 0.016 0.024 0.109 0.669 
 411 D _   0.115 0.003 0.001 0.009 0.009 0.018 0.116 0.727 
 412 P _   0.078 0.002 0.001 0.006 0.005 0.014 0.122 0.772 
 413 S _   0.051 0.001 0.000 0.004 0.003 0.011 0.127 0.804 
 414 K _   0.033 0.001 0.000 0.003 0.002 0.008 0.130 0.823 
 415 R _   0.021 0.001 0.000 0.003 0.002 0.007 0.133 0.833 
 416 I _   0.015 0.001 0.000 0.003 0.002 0.007 0.135 0.838 
 417 S _   0.011 0.002 0.000 0.004 0.002 0.007 0.136 0.839 
 418 A _   0.009 0.003 0.000 0.005 0.002 0.007 0.137 0.836 
 419 K _   0.008 0.006 0.000 0.007 0.003 0.008 0.137 0.832 
 420 D _   0.007 0.010 0.000 0.009 0.003 0.008 0.137 0.825 
 421 A _   0.007 0.015 0.000 0.011 0.003 0.009 0.136 0.819 
 422 L _   0.006 0.020 0.000 0.012 0.004 0.009 0.136 0.813 
 423 A _   0.006 0.024 0.000 0.013 0.004 0.009 0.136 0.808 
 424 H _   0.006 0.029 0.000 0.013 0.004 0.010 0.135 0.804 
 425 P _   0.005 0.033 0.000 0.012 0.004 0.010 0.135 0.801 
 426 Y _   0.005 0.037 0.000 0.012 0.004 0.010 0.134 0.797 
 427 L _   0.006 0.041 0.000 0.011 0.004 0.011 0.134 0.793 
 428 D _   0.006 0.047 0.000 0.011 0.004 0.012 0.133 0.786 
 429 E _   0.007 0.054 0.001 0.011 0.004 0.014 0.132 0.777 
 430 G _   0.008 0.064 0.001 0.012 0.005 0.017 0.131 0.763 
 431 R _   0.010 0.078 0.001 0.013 0.007 0.019 0.130 0.743 
 432 L _   0.012 0.097 0.001 0.016 0.009 0.023 0.128 0.715 
 433 R _   0.014 0.125 0.001 0.019 0.012 0.026 0.126 0.677 
 434 Y _   0.016 0.162 0.002 0.023 0.016 0.029 0.124 0.629 
 435 H _   0.017 0.205 0.002 0.028 0.020 0.032 0.121 0.575 
 436 T _   0.019 0.249 0.002 0.032 0.023 0.033 0.120 0.523 
 437 C _   0.020 0.289 0.002 0.036 0.025 0.034 0.118 0.476 
 438 M _   0.020 0.322 0.002 0.038 0.025 0.034 0.118 0.440 
 439 C _   0.021 0.344 0.002 0.040 0.025 0.033 0.119 0.415 
 440 K _   0.022 0.359 0.002 0.041 0.025 0.032 0.120 0.399 
 441 C _   0.022 0.366 0.002 0.041 0.024 0.031 0.122 0.392 
 442 C _   0.021 0.368 0.001 0.040 0.023 0.029 0.125 0.392 
 443 F _   0.021 0.365 0.001 0.039 0.021 0.028 0.129 0.396 
 444 S _   0.020 0.357 0.001 0.037 0.019 0.026 0.133 0.406 
 445 T _   0.019 0.344 0.001 0.035 0.017 0.024 0.139 0.420 
 446 S _   0.018 0.325 0.001 0.033 0.016 0.022 0.146 0.438 
 447 T _   0.018 0.302 0.001 0.031 0.014 0.021 0.153 0.460 
 448 G _   0.017 0.274 0.001 0.029 0.013 0.019 0.162 0.485 
 449 R _   0.016 0.242 0.001 0.027 0.011 0.018 0.172 0.513 
 450 V _   0.015 0.207 0.001 0.025 0.010 0.017 0.183 0.542 
 451 Y _   0.014 0.173 0.001 0.023 0.009 0.015 0.195 0.571 
 452 T _   0.013 0.140 0.001 0.021 0.008 0.014 0.206 0.598 
 453 S _   0.011 0.110 0.001 0.018 0.007 0.013 0.218 0.621 
 454 D _   0.010 0.085 0.001 0.016 0.006 0.012 0.230 0.642 
 455 F _   0.009 0.063 0.001 0.014 0.005 0.010 0.240 0.658 
 456 E _   0.008 0.047 0.001 0.012 0.004 0.009 0.250 0.670 
 457 P _   0.007 0.034 0.000 0.010 0.003 0.008 0.258 0.679 
 458 V _   0.006 0.024 0.000 0.008 0.003 0.007 0.265 0.686 
 459 T _   0.005 0.018 0.000 0.007 0.002 0.006 0.271 0.690 
 460 N _   0.005 0.013 0.000 0.006 0.002 0.006 0.276 0.692 
 461 P _   0.004 0.010 0.000 0.006 0.002 0.006 0.280 0.692 
 462 K _   0.004 0.008 0.000 0.005 0.002 0.005 0.283 0.692 
 463 F _   0.004 0.007 0.000 0.005 0.002 0.005 0.286 0.690 
 464 D _   0.004 0.006 0.000 0.005 0.002 0.006 0.288 0.689 
 465 D _   0.004 0.006 0.000 0.006 0.002 0.006 0.290 0.687 
 466 T _   0.004 0.006 0.000 0.006 0.002 0.007 0.291 0.685 
 467 F _   0.004 0.006 0.000 0.006 0.002 0.008 0.292 0.682 
 468 E _   0.004 0.006 0.000 0.007 0.002 0.009 0.292 0.679 
 469 K _   0.005 0.007 0.000 0.007 0.003 0.010 0.293 0.675 
 470 N _   0.006 0.008 0.000 0.008 0.003 0.012 0.293 0.669 
 471 L _   0.008 0.009 0.000 0.008 0.004 0.015 0.293 0.662 
 472 S _   0.010 0.011 0.001 0.009 0.005 0.018 0.293 0.654 
 473 S _   0.013 0.013 0.001 0.009 0.007 0.022 0.294 0.642 
 474 V _   0.018 0.016 0.001 0.011 0.009 0.027 0.294 0.626 
 475 R _   0.023 0.020 0.001 0.012 0.012 0.032 0.294 0.607 
 476 Q _   0.030 0.025 0.001 0.014 0.016 0.037 0.295 0.584 
 477 V _   0.037 0.031 0.001 0.016 0.020 0.041 0.296 0.557 
 478 K _   0.043 0.038 0.002 0.020 0.025 0.045 0.297 0.530 
 479 E _   0.049 0.046 0.002 0.024 0.030 0.047 0.300 0.503 
 480 I _   0.053 0.053 0.002 0.029 0.033 0.048 0.304 0.479 
 481 I _   0.055 0.059 0.002 0.034 0.034 0.047 0.309 0.460 
 482 H _   0.055 0.062 0.002 0.037 0.033 0.045 0.315 0.450 
 483 Q _   0.054 0.063 0.002 0.038 0.031 0.042 0.324 0.447 
 484 F _   0.050 0.061 0.002 0.037 0.027 0.038 0.334 0.452 
 485 I _   0.045 0.057 0.002 0.033 0.022 0.033 0.345 0.464 
 486 L _   0.039 0.049 0.001 0.027 0.017 0.028 0.357 0.481 
 487 E _   0.032 0.040 0.001 0.021 0.013 0.023 0.369 0.501 
 488 Q _   0.025 0.029 0.001 0.015 0.009 0.019 0.381 0.521 
 489 Q _   0.020 0.020 0.001 0.010 0.006 0.015 0.392 0.536 
 490 K _   0.015 0.014 0.001 0.007 0.004 0.013 0.401 0.545 
 491 G _   0.012 0.011 0.000 0.005 0.003 0.011 0.409 0.550 
 492 N _   0.010 0.009 0.000 0.004 0.002 0.009 0.415 0.550 
 493 R _   0.008 0.008 0.000 0.004 0.002 0.009 0.421 0.548 
 494 V _   0.007 0.009 0.000 0.004 0.002 0.008 0.426 0.543 
 495 P _   0.007 0.010 0.000 0.004 0.002 0.009 0.431 0.537 
 496 L _   0.006 0.011 0.000 0.005 0.003 0.009 0.434 0.530 
 497 C _   0.007 0.014 0.000 0.006 0.003 0.010 0.438 0.522 
 498 I _   0.007 0.018 0.000 0.007 0.004 0.012 0.441 0.511 
 499 N _   0.008 0.024 0.001 0.008 0.005 0.014 0.443 0.498 
 500 P _   0.009 0.033 0.001 0.010 0.006 0.016 0.446 0.480 
 501 Q _   0.010 0.044 0.001 0.012 0.008 0.019 0.448 0.458 
 502 S X   0.012 0.059 0.001 0.015 0.010 0.022 0.451 0.430 
 503 A X   0.013 0.077 0.001 0.020 0.013 0.024 0.454 0.398 
 504 A X   0.014 0.098 0.001 0.025 0.016 0.026 0.457 0.362 
 505 F X   0.015 0.118 0.001 0.031 0.019 0.027 0.461 0.327 
 506 K X   0.016 0.134 0.001 0.038 0.021 0.028 0.467 0.295 
 507 S X   0.016 0.146 0.001 0.044 0.022 0.027 0.474 0.270 
 508 F X   0.015 0.152 0.001 0.049 0.022 0.026 0.484 0.250 
 509 I X   0.014 0.155 0.001 0.051 0.021 0.025 0.497 0.236 
 510 S X   0.013 0.152 0.001 0.051 0.019 0.023 0.512 0.228 
 511 S X   0.013 0.145 0.001 0.048 0.017 0.021 0.531 0.224 
 512 T X   0.012 0.133 0.001 0.042 0.015 0.018 0.554 0.225 
 513 V X   0.011 0.114 0.001 0.035 0.012 0.016 0.581 0.229 
 514 A X   0.010 0.089 0.001 0.028 0.010 0.014 0.611 0.236 
 515 Q X   0.009 0.064 0.001 0.020 0.008 0.012 0.643 0.243 
 516 P X   0.008 0.042 0.001 0.014 0.005 0.010 0.673 0.247 
 517 S X   0.007 0.027 0.001 0.010 0.004 0.008 0.698 0.246 
 518 E X   0.006 0.018 0.000 0.007 0.003 0.007 0.717 0.243 
 519 M X   0.004 0.013 0.000 0.005 0.002 0.005 0.732 0.237 
 520 P X   0.003 0.011 0.000 0.004 0.002 0.004 0.745 0.231 
 521 P X   0.003 0.009 0.000 0.004 0.001 0.003 0.755 0.224 
 522 S X   0.002 0.008 0.000 0.004 0.001 0.002 0.764 0.218 
 523 P X   0.001 0.007 0.000 0.004 0.001 0.001 0.772 0.214 
 524 L X   0.000 0.007 0.000 0.003 0.000 0.001 0.777 0.213 
 525 V X   0.000 0.006 0.000 0.003 0.000 0.000 0.777 0.214 
 526 W X   0.000 0.006 0.000 0.004 0.000 0.000 0.774 0.216 
 527 E X   0.002 0.006 0.001 0.012 0.003 0.002 0.757 0.216 
