#TopoPred_TM8: 8-state transmembrane topology prediction results by no_profile mode 
#probabilities are in the order of H E C I L F X _, the 8 transmembrane topology types used in PDBTM 
   1 M X   0.018 0.001 0.002 0.049 0.011 0.016 0.731 0.171 
   2 L X   0.010 0.000 0.000 0.033 0.003 0.012 0.750 0.191 
   3 L X   0.006 0.000 0.000 0.023 0.002 0.011 0.754 0.204 
   4 S X   0.006 0.001 0.000 0.018 0.002 0.012 0.750 0.212 
   5 K X   0.008 0.001 0.000 0.015 0.002 0.014 0.740 0.219 
   6 F X   0.011 0.001 0.000 0.014 0.004 0.016 0.725 0.228 
   7 G X   0.013 0.002 0.001 0.014 0.005 0.018 0.710 0.237 
   8 S X   0.016 0.003 0.001 0.016 0.006 0.019 0.692 0.247 
   9 L X   0.017 0.005 0.001 0.018 0.008 0.019 0.675 0.258 
  10 A X   0.017 0.006 0.001 0.020 0.009 0.018 0.659 0.271 
  11 H X   0.015 0.007 0.001 0.021 0.009 0.017 0.644 0.286 
  12 L X   0.014 0.007 0.001 0.020 0.009 0.016 0.631 0.303 
  13 C X   0.013 0.007 0.001 0.017 0.008 0.014 0.621 0.320 
  14 G X   0.012 0.006 0.001 0.014 0.006 0.013 0.611 0.337 
  15 P X   0.011 0.006 0.001 0.011 0.005 0.011 0.603 0.353 
  16 G X   0.010 0.005 0.000 0.009 0.004 0.010 0.595 0.368 
  17 G X   0.009 0.004 0.000 0.007 0.003 0.009 0.587 0.380 
  18 V X   0.008 0.004 0.000 0.006 0.003 0.009 0.580 0.391 
  19 D X   0.008 0.003 0.000 0.006 0.003 0.008 0.572 0.399 
  20 H X   0.007 0.003 0.000 0.007 0.003 0.008 0.564 0.407 
  21 L X   0.007 0.003 0.000 0.008 0.003 0.008 0.557 0.413 
  22 P X   0.007 0.004 0.000 0.009 0.003 0.008 0.549 0.419 
  23 V X   0.007 0.004 0.000 0.010 0.003 0.008 0.542 0.425 
  24 K X   0.007 0.004 0.000 0.011 0.004 0.008 0.535 0.432 
  25 I X   0.006 0.004 0.000 0.011 0.003 0.007 0.528 0.439 
  26 L X   0.006 0.003 0.000 0.010 0.003 0.007 0.521 0.449 
  27 Q X   0.005 0.003 0.000 0.009 0.003 0.006 0.515 0.459 
  28 P X   0.005 0.002 0.000 0.007 0.002 0.005 0.508 0.470 
  29 A X   0.004 0.001 0.000 0.005 0.002 0.005 0.500 0.482 
  30 K _   0.004 0.001 0.000 0.004 0.001 0.005 0.492 0.493 
  31 A _   0.003 0.001 0.000 0.003 0.001 0.005 0.483 0.504 
  32 D _   0.003 0.000 0.000 0.003 0.001 0.005 0.473 0.514 
  33 K _   0.004 0.000 0.000 0.003 0.001 0.006 0.461 0.524 
  34 E _   0.005 0.000 0.000 0.003 0.002 0.008 0.448 0.534 
  35 S _   0.007 0.000 0.000 0.004 0.002 0.012 0.432 0.542 
  36 F _   0.011 0.001 0.000 0.005 0.004 0.017 0.414 0.548 
  37 E _   0.016 0.001 0.001 0.008 0.006 0.024 0.394 0.550 
  38 K _   0.024 0.002 0.001 0.011 0.010 0.032 0.371 0.548 
  39 A _   0.033 0.003 0.001 0.015 0.016 0.042 0.346 0.544 
  40 Y _   0.045 0.005 0.002 0.019 0.022 0.051 0.321 0.536 
  41 Q _   0.059 0.006 0.002 0.022 0.029 0.059 0.297 0.527 
  42 V _   0.074 0.008 0.002 0.023 0.036 0.066 0.274 0.517 
  43 G _   0.090 0.008 0.002 0.023 0.042 0.071 0.253 0.510 
  44 A _   0.106 0.009 0.002 0.022 0.046 0.075 0.235 0.504 
  45 V _   0.120 0.009 0.002 0.020 0.049 0.077 0.219 0.502 
  46 L _   0.133 0.009 0.002 0.019 0.051 0.077 0.206 0.503 
  47 G _   0.142 0.009 0.002 0.017 0.051 0.076 0.195 0.509 
  48 S _   0.147 0.008 0.002 0.017 0.049 0.073 0.185 0.518 
  49 G _   0.148 0.008 0.002 0.016 0.046 0.070 0.177 0.532 
  50 G _   0.145 0.008 0.002 0.017 0.042 0.066 0.170 0.550 
  51 F _   0.138 0.007 0.002 0.017 0.038 0.061 0.165 0.572 
  52 G _   0.128 0.007 0.002 0.017 0.033 0.055 0.160 0.599 
  53 T _   0.115 0.006 0.002 0.016 0.027 0.050 0.156 0.629 
  54 V _   0.100 0.005 0.002 0.015 0.022 0.044 0.152 0.661 
  55 Y _   0.084 0.004 0.001 0.013 0.018 0.038 0.148 0.693 
  56 A _   0.069 0.003 0.001 0.011 0.014 0.033 0.145 0.724 
  57 G _   0.056 0.002 0.001 0.009 0.010 0.029 0.141 0.751 
  58 S _   0.045 0.002 0.001 0.008 0.008 0.025 0.138 0.773 
  59 R _   0.036 0.001 0.001 0.007 0.007 0.022 0.135 0.792 
  60 I _   0.030 0.001 0.001 0.006 0.006 0.020 0.132 0.805 
  61 A _   0.025 0.001 0.001 0.005 0.005 0.019 0.128 0.816 
  62 D _   0.022 0.001 0.001 0.005 0.005 0.018 0.125 0.823 
  63 G _   0.021 0.001 0.001 0.006 0.005 0.018 0.121 0.827 
  64 L _   0.020 0.001 0.001 0.007 0.006 0.018 0.118 0.830 
  65 P _   0.020 0.002 0.001 0.008 0.006 0.019 0.114 0.831 
  66 V _   0.020 0.002 0.001 0.009 0.007 0.020 0.109 0.831 
  67 A _   0.020 0.003 0.001 0.011 0.008 0.021 0.105 0.830 
  68 V _   0.021 0.003 0.001 0.012 0.009 0.023 0.101 0.829 
  69 K _   0.022 0.004 0.001 0.013 0.010 0.024 0.098 0.829 
  70 H _   0.022 0.004 0.001 0.014 0.011 0.024 0.094 0.829 
  71 V _   0.023 0.005 0.001 0.014 0.011 0.025 0.090 0.831 
  72 V _   0.024 0.005 0.001 0.014 0.011 0.025 0.087 0.833 
  73 K _   0.025 0.005 0.001 0.014 0.011 0.025 0.083 0.835 
  74 E _   0.025 0.005 0.001 0.014 0.011 0.025 0.081 0.838 
  75 R _   0.026 0.004 0.001 0.013 0.011 0.025 0.078 0.841 
  76 V _   0.027 0.004 0.001 0.012 0.011 0.025 0.075 0.845 
  77 T _   0.028 0.004 0.001 0.011 0.010 0.025 0.073 0.848 
  78 E _   0.029 0.003 0.001 0.010 0.010 0.025 0.071 0.851 
  79 W _   0.031 0.003 0.001 0.009 0.009 0.024 0.069 0.854 
  80 G _   0.032 0.002 0.001 0.008 0.009 0.024 0.067 0.856 
  81 S _   0.035 0.002 0.001 0.007 0.009 0.025 0.065 0.857 
  82 L _   0.037 0.001 0.001 0.007 0.009 0.025 0.064 0.856 
  83 G _   0.040 0.001 0.001 0.007 0.009 0.026 0.062 0.854 
  84 G _   0.043 0.001 0.001 0.007 0.010 0.027 0.060 0.850 
  85 A _   0.046 0.002 0.001 0.008 0.011 0.028 0.059 0.846 
  86 T _   0.049 0.002 0.001 0.009 0.012 0.029 0.058 0.842 
  87 V _   0.051 0.002 0.001 0.010 0.013 0.030 0.056 0.837 
  88 P _   0.051 0.002 0.001 0.011 0.013 0.031 0.055 0.835 
  89 L _   0.051 0.003 0.001 0.012 0.014 0.031 0.054 0.834 
  90 E _   0.050 0.003 0.001 0.013 0.013 0.031 0.053 0.835 
  91 V _   0.049 0.003 0.001 0.013 0.013 0.031 0.052 0.838 
  92 V _   0.048 0.003 0.001 0.012 0.012 0.030 0.051 0.843 
  93 L _   0.046 0.003 0.001 0.011 0.011 0.030 0.050 0.849 
  94 L _   0.045 0.002 0.001 0.009 0.010 0.029 0.049 0.854 
  95 R _   0.044 0.002 0.001 0.008 0.010 0.029 0.049 0.858 
  96 K _   0.044 0.002 0.001 0.007 0.009 0.029 0.048 0.860 
  97 V _   0.046 0.001 0.001 0.006 0.009 0.030 0.047 0.860 
  98 G _   0.049 0.002 0.001 0.006 0.009 0.031 0.047 0.857 
  99 A _   0.053 0.002 0.001 0.006 0.010 0.033 0.046 0.850 
 100 A _   0.058 0.003 0.001 0.007 0.012 0.036 0.045 0.838 
 101 G _   0.066 0.004 0.001 0.008 0.015 0.039 0.044 0.823 
 102 G _   0.074 0.007 0.001 0.010 0.018 0.041 0.043 0.805 
 103 A _   0.080 0.010 0.001 0.014 0.022 0.044 0.043 0.787 
 104 R _   0.083 0.014 0.002 0.018 0.025 0.045 0.042 0.770 
 105 G _   0.085 0.018 0.002 0.023 0.028 0.046 0.042 0.756 
 106 V _   0.085 0.021 0.002 0.027 0.029 0.045 0.042 0.750 
 107 I _   0.082 0.022 0.002 0.029 0.027 0.043 0.043 0.752 
 108 R _   0.077 0.023 0.002 0.028 0.025 0.040 0.044 0.763 
 109 L _   0.069 0.021 0.002 0.026 0.021 0.036 0.044 0.782 
 110 L _   0.060 0.019 0.001 0.022 0.017 0.031 0.045 0.805 
 111 D _   0.050 0.015 0.001 0.017 0.013 0.027 0.046 0.830 
 112 W _   0.042 0.011 0.001 0.012 0.009 0.023 0.047 0.855 
 113 F _   0.034 0.008 0.001 0.008 0.007 0.020 0.048 0.875 
 114 E _   0.027 0.006 0.001 0.006 0.005 0.017 0.048 0.888 
 115 R _   0.023 0.006 0.000 0.006 0.004 0.016 0.049 0.896 
 116 P _   0.020 0.006 0.000 0.006 0.004 0.015 0.049 0.899 
 117 D _   0.018 0.007 0.001 0.008 0.005 0.015 0.049 0.899 
 118 G _   0.016 0.008 0.001 0.011 0.005 0.014 0.049 0.895 
 119 F _   0.016 0.010 0.001 0.014 0.006 0.014 0.049 0.891 
 120 L _   0.015 0.011 0.001 0.017 0.007 0.014 0.049 0.886 
 121 L _   0.014 0.012 0.001 0.019 0.007 0.014 0.049 0.885 
 122 V _   0.013 0.012 0.001 0.019 0.006 0.013 0.049 0.887 
 123 L _   0.011 0.012 0.001 0.017 0.005 0.011 0.049 0.894 
 124 E _   0.009 0.010 0.001 0.014 0.004 0.010 0.049 0.902 
 125 R _   0.008 0.009 0.000 0.010 0.003 0.009 0.049 0.911 
 126 P _   0.007 0.007 0.000 0.007 0.003 0.008 0.049 0.918 
 127 E _   0.007 0.006 0.000 0.005 0.002 0.008 0.048 0.923 
 128 P _   0.007 0.006 0.000 0.005 0.002 0.008 0.048 0.925 
 129 A _   0.007 0.006 0.000 0.005 0.002 0.008 0.047 0.924 
 130 Q _   0.008 0.008 0.000 0.006 0.003 0.010 0.046 0.919 
 131 D _   0.009 0.011 0.000 0.010 0.004 0.012 0.045 0.909 
 132 L _   0.010 0.016 0.001 0.016 0.006 0.014 0.043 0.895 
 133 F _   0.010 0.022 0.001 0.023 0.008 0.016 0.041 0.879 
 134 D _   0.011 0.027 0.001 0.030 0.010 0.017 0.040 0.864 
 135 F _   0.011 0.030 0.001 0.035 0.011 0.018 0.038 0.855 
 136 I _   0.012 0.031 0.001 0.037 0.011 0.018 0.037 0.853 
 137 T _   0.012 0.030 0.001 0.035 0.010 0.018 0.037 0.857 
 138 E _   0.012 0.027 0.001 0.030 0.009 0.017 0.036 0.868 
 139 R _   0.012 0.022 0.001 0.023 0.007 0.016 0.036 0.883 
 140 G _   0.013 0.015 0.001 0.016 0.006 0.015 0.036 0.898 
 141 A _   0.016 0.009 0.001 0.010 0.004 0.014 0.035 0.911 
 142 L _   0.021 0.004 0.000 0.006 0.004 0.014 0.035 0.916 
 143 D _   0.030 0.001 0.000 0.004 0.003 0.015 0.034 0.912 
 144 E _   0.045 0.000 0.000 0.003 0.004 0.018 0.033 0.897 
 145 P _   0.071 0.000 0.001 0.002 0.005 0.021 0.032 0.869 
 146 L _   0.111 0.000 0.001 0.002 0.007 0.027 0.030 0.822 
 147 A _   0.164 0.000 0.001 0.003 0.012 0.035 0.028 0.758 
 148 R _   0.227 0.000 0.001 0.004 0.019 0.043 0.026 0.680 
 149 R _   0.292 0.000 0.002 0.005 0.029 0.051 0.024 0.598 
 150 F _   0.351 0.001 0.002 0.007 0.039 0.057 0.022 0.522 
 151 F _   0.400 0.001 0.002 0.008 0.048 0.061 0.021 0.459 
 152 A H   0.437 0.002 0.002 0.010 0.054 0.062 0.021 0.413 
 153 Q H   0.462 0.002 0.003 0.011 0.057 0.061 0.021 0.384 
 154 V H   0.476 0.002 0.003 0.011 0.057 0.059 0.021 0.372 
 155 L H   0.477 0.002 0.002 0.011 0.054 0.055 0.021 0.377 
 156 A H   0.468 0.002 0.002 0.009 0.049 0.051 0.022 0.396 
 157 A H   0.447 0.002 0.002 0.008 0.043 0.047 0.023 0.428 
 158 V _   0.415 0.001 0.002 0.007 0.036 0.043 0.025 0.471 
 159 R _   0.375 0.001 0.002 0.006 0.030 0.039 0.027 0.520 
 160 H _   0.328 0.001 0.002 0.006 0.025 0.036 0.029 0.575 
 161 C _   0.280 0.001 0.001 0.006 0.020 0.033 0.031 0.627 
 162 H _   0.234 0.001 0.001 0.008 0.017 0.030 0.034 0.675 
 163 S _   0.190 0.001 0.001 0.010 0.015 0.028 0.037 0.718 
 164 C _   0.150 0.002 0.001 0.012 0.013 0.025 0.039 0.758 
 165 G _   0.116 0.002 0.001 0.013 0.011 0.022 0.042 0.793 
 166 V _   0.087 0.002 0.001 0.013 0.009 0.019 0.044 0.825 
 167 V _   0.063 0.002 0.001 0.012 0.007 0.016 0.046 0.852 
 168 H _   0.045 0.002 0.001 0.010 0.005 0.014 0.048 0.875 
 169 R _   0.032 0.002 0.001 0.008 0.004 0.011 0.049 0.893 
 170 D _   0.022 0.002 0.000 0.006 0.003 0.010 0.050 0.907 
 171 I _   0.016 0.002 0.000 0.005 0.002 0.008 0.051 0.916 
 172 K _   0.012 0.002 0.000 0.004 0.002 0.007 0.051 0.921 
 173 D _   0.009 0.002 0.000 0.004 0.002 0.007 0.052 0.923 
 174 E _   0.008 0.003 0.000 0.004 0.002 0.007 0.052 0.923 
 175 N _   0.008 0.005 0.000 0.005 0.002 0.008 0.051 0.920 
 176 L _   0.008 0.008 0.000 0.006 0.003 0.009 0.051 0.915 
 177 L _   0.008 0.012 0.000 0.008 0.003 0.010 0.050 0.908 
 178 V _   0.008 0.019 0.000 0.010 0.004 0.011 0.049 0.899 
 179 D _   0.009 0.027 0.001 0.011 0.005 0.012 0.048 0.888 
 180 L _   0.009 0.035 0.001 0.013 0.005 0.013 0.046 0.877 
 181 R _   0.009 0.045 0.001 0.015 0.006 0.015 0.045 0.865 
 182 S _   0.010 0.054 0.001 0.016 0.007 0.016 0.044 0.853 
 183 G _   0.010 0.064 0.001 0.017 0.008 0.017 0.043 0.841 
 184 E _   0.011 0.073 0.001 0.018 0.008 0.018 0.042 0.829 
 185 L _   0.012 0.083 0.001 0.019 0.009 0.019 0.040 0.817 
 186 K _   0.012 0.092 0.001 0.020 0.009 0.020 0.039 0.806 
 187 L _   0.013 0.101 0.001 0.022 0.010 0.020 0.039 0.795 
 188 I _   0.014 0.109 0.001 0.023 0.010 0.021 0.038 0.784 
 189 D _   0.014 0.116 0.001 0.025 0.011 0.021 0.037 0.775 
 190 F _   0.015 0.122 0.001 0.027 0.012 0.022 0.036 0.766 
 191 G _   0.015 0.126 0.001 0.029 0.012 0.022 0.036 0.759 
 192 S _   0.016 0.129 0.001 0.031 0.013 0.022 0.036 0.753 
 193 G _   0.016 0.129 0.001 0.033 0.013 0.021 0.036 0.751 
 194 A _   0.016 0.127 0.001 0.033 0.012 0.021 0.036 0.753 
 195 L _   0.016 0.122 0.001 0.033 0.012 0.019 0.036 0.761 
 196 L _   0.016 0.115 0.001 0.030 0.011 0.018 0.037 0.773 
 197 K _   0.015 0.103 0.001 0.027 0.009 0.016 0.038 0.790 
 198 D _   0.014 0.088 0.001 0.023 0.008 0.015 0.039 0.812 
 199 T _   0.013 0.071 0.001 0.019 0.007 0.013 0.040 0.836 
 200 V _   0.012 0.054 0.001 0.015 0.006 0.012 0.041 0.859 
 201 Y _   0.011 0.039 0.001 0.012 0.005 0.011 0.042 0.880 
 202 T _   0.010 0.027 0.001 0.010 0.004 0.010 0.043 0.896 
 203 D _   0.010 0.018 0.000 0.008 0.003 0.009 0.043 0.909 
 204 F _   0.009 0.013 0.000 0.006 0.003 0.008 0.043 0.917 
 205 D _   0.008 0.009 0.000 0.006 0.002 0.008 0.043 0.923 
 206 G _   0.007 0.007 0.000 0.005 0.002 0.008 0.043 0.927 
 207 T _   0.007 0.006 0.000 0.005 0.002 0.008 0.042 0.929 
 208 R _   0.007 0.005 0.000 0.006 0.003 0.008 0.041 0.929 
 209 V _   0.007 0.005 0.000 0.007 0.003 0.009 0.040 0.928 
 210 Y _   0.007 0.005 0.000 0.008 0.004 0.010 0.039 0.926 
 211 S _   0.008 0.006 0.000 0.011 0.004 0.011 0.038 0.922 
 212 P _   0.008 0.007 0.001 0.013 0.005 0.012 0.036 0.917 
 213 P _   0.009 0.008 0.001 0.016 0.006 0.014 0.035 0.912 
 214 E _   0.010 0.008 0.001 0.019 0.007 0.014 0.033 0.908 
 215 W _   0.011 0.008 0.001 0.020 0.008 0.015 0.032 0.906 
 216 I _   0.013 0.008 0.001 0.019 0.008 0.015 0.030 0.906 
 217 R _   0.016 0.007 0.001 0.017 0.007 0.015 0.029 0.909 
 218 Y _   0.020 0.005 0.001 0.014 0.006 0.014 0.027 0.913 
 219 H _   0.027 0.003 0.001 0.010 0.006 0.013 0.026 0.914 
 220 R _   0.040 0.001 0.001 0.006 0.005 0.013 0.024 0.910 
 221 Y _   0.060 0.001 0.001 0.004 0.005 0.013 0.022 0.895 
 222 H _   0.091 0.000 0.001 0.003 0.005 0.013 0.020 0.867 
 223 G _   0.140 0.000 0.001 0.002 0.006 0.014 0.018 0.819 
 224 R _   0.215 0.000 0.001 0.001 0.007 0.016 0.015 0.744 
 225 S _   0.319 0.000 0.001 0.001 0.010 0.017 0.013 0.639 
 226 A _   0.435 0.000 0.001 0.001 0.013 0.019 0.010 0.520 
 227 T H   0.553 0.000 0.001 0.001 0.017 0.020 0.008 0.399 
 228 V H   0.657 0.000 0.001 0.001 0.020 0.020 0.007 0.293 
 229 W H   0.733 0.000 0.001 0.001 0.023 0.019 0.006 0.216 
 230 S H   0.785 0.000 0.001 0.001 0.025 0.018 0.005 0.165 
 231 L H   0.816 0.000 0.001 0.001 0.026 0.017 0.005 0.133 
 232 G H   0.832 0.000 0.001 0.001 0.027 0.016 0.006 0.117 
 233 V H   0.835 0.000 0.001 0.001 0.027 0.015 0.006 0.114 
 234 L H   0.825 0.000 0.001 0.002 0.027 0.014 0.008 0.122 
 235 L H   0.799 0.000 0.002 0.002 0.027 0.014 0.009 0.147 
 236 Y H   0.755 0.000 0.002 0.002 0.027 0.014 0.012 0.188 
 237 D H   0.688 0.000 0.002 0.003 0.025 0.014 0.017 0.251 
 238 M H   0.598 0.000 0.002 0.004 0.021 0.014 0.023 0.337 
 239 V H   0.493 0.000 0.002 0.004 0.017 0.014 0.032 0.438 
 240 C _   0.385 0.000 0.001 0.004 0.013 0.013 0.041 0.543 
 241 G _   0.283 0.000 0.001 0.004 0.009 0.012 0.050 0.640 
 242 D _   0.198 0.000 0.001 0.004 0.006 0.011 0.059 0.721 
 243 I _   0.132 0.000 0.001 0.003 0.005 0.009 0.066 0.784 
 244 P _   0.084 0.000 0.000 0.003 0.003 0.009 0.072 0.829 
 245 F _   0.053 0.000 0.000 0.003 0.003 0.008 0.076 0.857 
 246 E _   0.034 0.000 0.000 0.003 0.002 0.008 0.080 0.873 
 247 Q _   0.024 0.000 0.000 0.003 0.002 0.009 0.082 0.880 
 248 D _   0.019 0.001 0.000 0.003 0.002 0.010 0.085 0.880 
 249 E _   0.016 0.003 0.000 0.005 0.003 0.012 0.086 0.874 
 250 E _   0.015 0.006 0.001 0.008 0.005 0.014 0.088 0.863 
 251 I _   0.015 0.012 0.001 0.013 0.006 0.017 0.089 0.847 
 252 L _   0.016 0.019 0.001 0.019 0.009 0.020 0.091 0.826 
 253 R _   0.016 0.027 0.001 0.026 0.011 0.022 0.092 0.806 
 254 G _   0.016 0.032 0.001 0.031 0.012 0.023 0.094 0.790 
 255 R _   0.016 0.036 0.001 0.034 0.013 0.024 0.096 0.781 
 256 L _   0.015 0.036 0.001 0.033 0.013 0.024 0.099 0.778 
 257 L _   0.015 0.035 0.001 0.030 0.012 0.024 0.102 0.781 
 258 F _   0.015 0.032 0.001 0.024 0.010 0.023 0.106 0.788 
 259 R _   0.015 0.028 0.001 0.018 0.009 0.023 0.110 0.796 
 260 R _   0.016 0.024 0.001 0.012 0.007 0.023 0.114 0.803 
 261 R _   0.017 0.021 0.001 0.009 0.006 0.023 0.118 0.806 
 262 V _   0.019 0.019 0.001 0.006 0.006 0.025 0.121 0.803 
 263 S _   0.023 0.019 0.001 0.006 0.007 0.027 0.124 0.794 
 264 P _   0.027 0.021 0.001 0.007 0.008 0.030 0.128 0.778 
 265 E _   0.033 0.026 0.001 0.009 0.012 0.035 0.131 0.753 
 266 C _   0.039 0.037 0.001 0.014 0.017 0.039 0.134 0.719 
 267 Q _   0.044 0.053 0.002 0.023 0.023 0.043 0.137 0.676 
 268 Q _   0.047 0.072 0.002 0.033 0.028 0.045 0.141 0.632 
 269 L _   0.048 0.089 0.002 0.043 0.031 0.045 0.146 0.596 
 270 I _   0.047 0.100 0.002 0.052 0.032 0.043 0.152 0.571 
 271 R _   0.044 0.106 0.002 0.057 0.031 0.041 0.160 0.558 
 272 W _   0.041 0.106 0.002 0.058 0.029 0.037 0.169 0.557 
 273 C _   0.037 0.102 0.002 0.054 0.025 0.033 0.180 0.567 
 274 L _   0.032 0.093 0.002 0.046 0.020 0.028 0.193 0.587 
 275 S _   0.027 0.077 0.001 0.036 0.015 0.023 0.206 0.614 
 276 L _   0.022 0.057 0.001 0.025 0.010 0.019 0.220 0.645 
 277 R _   0.018 0.037 0.001 0.016 0.007 0.015 0.232 0.675 
 278 P _   0.014 0.022 0.001 0.009 0.004 0.011 0.243 0.697 
 279 S _   0.010 0.013 0.000 0.005 0.003 0.009 0.250 0.709 
 280 E _   0.008 0.009 0.000 0.003 0.002 0.008 0.256 0.713 
 281 R _   0.007 0.008 0.000 0.002 0.002 0.008 0.260 0.713 
 282 P _   0.007 0.008 0.000 0.002 0.002 0.008 0.263 0.709 
 283 S _   0.008 0.010 0.000 0.004 0.002 0.010 0.266 0.700 
 284 L _   0.009 0.016 0.000 0.006 0.004 0.013 0.268 0.683 
 285 D _   0.011 0.030 0.001 0.011 0.007 0.017 0.269 0.654 
 286 Q _   0.013 0.056 0.001 0.020 0.010 0.020 0.270 0.610 
 287 I _   0.013 0.093 0.001 0.030 0.014 0.022 0.270 0.556 
 288 A _   0.013 0.129 0.002 0.041 0.016 0.024 0.271 0.503 
 289 A _   0.013 0.155 0.002 0.051 0.018 0.024 0.274 0.464 
 290 H _   0.012 0.171 0.001 0.057 0.018 0.023 0.278 0.439 
 291 P _   0.012 0.179 0.001 0.059 0.018 0.023 0.283 0.425 
 292 W _   0.011 0.180 0.001 0.058 0.017 0.021 0.291 0.420 
 293 M _   0.011 0.177 0.001 0.053 0.015 0.019 0.301 0.423 
 294 L _   0.010 0.167 0.001 0.045 0.013 0.017 0.313 0.433 
 295 G _   0.009 0.152 0.001 0.036 0.011 0.015 0.328 0.448 
 296 A _   0.009 0.132 0.001 0.026 0.008 0.013 0.343 0.467 
 297 D _   0.008 0.112 0.001 0.019 0.006 0.012 0.359 0.484 
 298 G _   0.007 0.095 0.001 0.013 0.005 0.010 0.372 0.497 
 299 G _   0.006 0.084 0.000 0.009 0.003 0.009 0.384 0.503 
 300 V _   0.006 0.078 0.000 0.008 0.003 0.009 0.394 0.503 
 301 P _   0.005 0.075 0.000 0.007 0.003 0.009 0.403 0.498 
 302 E _   0.005 0.075 0.000 0.009 0.003 0.009 0.410 0.489 
 303 S _   0.005 0.076 0.000 0.012 0.003 0.009 0.417 0.477 
 304 C _   0.005 0.078 0.001 0.016 0.004 0.010 0.424 0.462 
 305 D _   0.005 0.081 0.001 0.020 0.005 0.010 0.432 0.446 
 306 L X   0.005 0.084 0.001 0.025 0.006 0.011 0.440 0.429 
 307 R X   0.005 0.085 0.001 0.028 0.006 0.011 0.450 0.415 
 308 L X   0.005 0.084 0.001 0.029 0.006 0.010 0.462 0.403 
 309 C X   0.005 0.081 0.001 0.028 0.006 0.010 0.475 0.394 
 310 T X   0.004 0.076 0.001 0.025 0.006 0.009 0.491 0.388 
 311 L X   0.004 0.069 0.001 0.021 0.005 0.008 0.508 0.384 
 312 D X   0.004 0.060 0.001 0.017 0.004 0.008 0.527 0.380 
 313 P X   0.004 0.053 0.000 0.013 0.003 0.007 0.544 0.376 
 314 D X   0.004 0.046 0.000 0.010 0.003 0.006 0.561 0.370 
 315 D X   0.004 0.042 0.000 0.008 0.002 0.006 0.576 0.362 
 316 V X   0.004 0.039 0.000 0.007 0.002 0.005 0.589 0.354 
 317 A X   0.003 0.037 0.000 0.007 0.002 0.005 0.600 0.345 
 318 S X   0.003 0.036 0.000 0.008 0.002 0.005 0.609 0.337 
 319 T X   0.003 0.036 0.000 0.009 0.002 0.005 0.617 0.329 
 320 T X   0.002 0.036 0.000 0.010 0.002 0.004 0.625 0.321 
 321 S X   0.002 0.036 0.000 0.010 0.002 0.003 0.632 0.315 
 322 S X   0.001 0.035 0.000 0.010 0.001 0.002 0.639 0.312 
 323 S X   0.001 0.033 0.000 0.008 0.000 0.001 0.644 0.312 
 324 E X   0.000 0.032 0.000 0.007 0.000 0.000 0.646 0.315 
 325 S X   0.000 0.030 0.000 0.008 0.000 0.001 0.643 0.318 
 326 L X   0.003 0.029 0.001 0.017 0.003 0.003 0.628 0.314 
