#TopoPred_TM8: 8-state transmembrane topology prediction results by no_profile mode 
#probabilities are in the order of H E C I L F X _, the 8 transmembrane topology types used in PDBTM 
   1 M X   0.007 0.001 0.002 0.042 0.007 0.006 0.857 0.078 
   2 E X   0.003 0.000 0.000 0.023 0.001 0.003 0.882 0.088 
   3 N X   0.001 0.000 0.000 0.011 0.000 0.001 0.889 0.097 
   4 K X   0.000 0.000 0.000 0.007 0.000 0.001 0.889 0.102 
   5 K X   0.001 0.000 0.000 0.005 0.000 0.001 0.886 0.106 
   6 K X   0.001 0.001 0.000 0.004 0.000 0.002 0.880 0.111 
   7 D X   0.001 0.001 0.000 0.004 0.001 0.002 0.873 0.117 
   8 K X   0.001 0.002 0.000 0.005 0.001 0.003 0.863 0.125 
   9 D X   0.001 0.004 0.000 0.006 0.001 0.004 0.849 0.135 
  10 K X   0.002 0.006 0.000 0.009 0.001 0.005 0.831 0.147 
  11 S X   0.002 0.010 0.000 0.012 0.002 0.006 0.809 0.160 
  12 D X   0.002 0.015 0.000 0.015 0.003 0.007 0.784 0.174 
  13 D X   0.002 0.021 0.000 0.019 0.003 0.008 0.758 0.189 
  14 R X   0.002 0.027 0.001 0.022 0.004 0.008 0.732 0.204 
  15 M X   0.002 0.033 0.001 0.024 0.004 0.009 0.708 0.219 
  16 A X   0.003 0.037 0.001 0.025 0.004 0.009 0.686 0.236 
  17 R X   0.003 0.041 0.001 0.024 0.004 0.009 0.666 0.253 
  18 P X   0.003 0.044 0.001 0.023 0.004 0.008 0.647 0.271 
  19 S X   0.003 0.046 0.000 0.021 0.004 0.008 0.629 0.290 
  20 G X   0.002 0.047 0.000 0.018 0.003 0.008 0.613 0.307 
  21 R X   0.002 0.049 0.000 0.016 0.003 0.007 0.597 0.325 
  22 S X   0.002 0.050 0.000 0.014 0.003 0.007 0.582 0.341 
  23 G X   0.002 0.051 0.000 0.012 0.002 0.007 0.568 0.357 
  24 H X   0.002 0.052 0.000 0.011 0.002 0.007 0.552 0.373 
  25 N X   0.003 0.054 0.000 0.010 0.002 0.007 0.535 0.388 
  26 T X   0.003 0.058 0.000 0.010 0.003 0.008 0.516 0.402 
  27 R X   0.003 0.063 0.000 0.011 0.003 0.009 0.495 0.415 
  28 G X   0.004 0.072 0.001 0.012 0.004 0.011 0.470 0.426 
  29 T X   0.004 0.087 0.001 0.016 0.006 0.014 0.440 0.433 
  30 G _   0.006 0.111 0.001 0.021 0.008 0.018 0.405 0.430 
  31 S _   0.007 0.151 0.002 0.028 0.013 0.023 0.361 0.415 
  32 S _   0.009 0.213 0.002 0.037 0.019 0.027 0.311 0.382 
  33 S _   0.010 0.294 0.003 0.047 0.024 0.029 0.259 0.334 
  34 S E   0.010 0.380 0.003 0.055 0.027 0.030 0.212 0.283 
  35 G E   0.010 0.456 0.003 0.061 0.027 0.029 0.176 0.239 
  36 V E   0.009 0.508 0.002 0.064 0.026 0.028 0.152 0.211 
  37 L E   0.009 0.537 0.002 0.066 0.024 0.026 0.136 0.200 
  38 M E   0.009 0.551 0.001 0.065 0.023 0.025 0.125 0.200 
  39 V E   0.010 0.555 0.001 0.062 0.021 0.024 0.118 0.209 
  40 G E   0.010 0.550 0.001 0.057 0.020 0.023 0.112 0.227 
  41 P E   0.011 0.534 0.002 0.049 0.018 0.021 0.108 0.257 
  42 N E   0.012 0.505 0.002 0.041 0.017 0.020 0.104 0.300 
  43 F E   0.012 0.463 0.002 0.033 0.015 0.019 0.102 0.355 
  44 R E   0.013 0.415 0.001 0.025 0.012 0.018 0.101 0.415 
  45 V _   0.012 0.371 0.001 0.019 0.010 0.017 0.099 0.470 
  46 G _   0.011 0.336 0.001 0.015 0.008 0.016 0.098 0.515 
  47 K _   0.010 0.314 0.001 0.012 0.006 0.015 0.096 0.546 
  48 K _   0.009 0.300 0.001 0.010 0.005 0.014 0.095 0.566 
  49 I _   0.008 0.294 0.001 0.010 0.005 0.013 0.092 0.577 
  50 G _   0.008 0.291 0.001 0.011 0.005 0.013 0.090 0.582 
  51 C _   0.008 0.290 0.001 0.013 0.005 0.013 0.087 0.584 
  52 G _   0.007 0.291 0.001 0.016 0.006 0.013 0.084 0.583 
  53 N _   0.007 0.292 0.001 0.018 0.006 0.012 0.082 0.582 
  54 F _   0.007 0.291 0.001 0.020 0.006 0.012 0.079 0.583 
  55 G _   0.007 0.288 0.001 0.021 0.006 0.012 0.077 0.587 
  56 E _   0.007 0.282 0.001 0.021 0.006 0.011 0.076 0.596 
  57 L _   0.007 0.273 0.001 0.020 0.006 0.011 0.074 0.610 
  58 R _   0.006 0.260 0.001 0.017 0.005 0.010 0.073 0.628 
  59 L _   0.006 0.244 0.001 0.014 0.005 0.010 0.072 0.649 
  60 G _   0.006 0.230 0.001 0.011 0.004 0.009 0.071 0.668 
  61 K _   0.006 0.218 0.000 0.009 0.003 0.009 0.070 0.684 
  62 N _   0.006 0.210 0.000 0.008 0.003 0.009 0.069 0.694 
  63 L _   0.006 0.207 0.000 0.008 0.003 0.010 0.067 0.698 
  64 Y _   0.007 0.207 0.000 0.009 0.004 0.011 0.066 0.697 
  65 T _   0.007 0.210 0.001 0.011 0.005 0.012 0.064 0.690 
  66 N _   0.008 0.217 0.001 0.015 0.006 0.013 0.062 0.678 
  67 E _   0.008 0.226 0.001 0.020 0.007 0.014 0.060 0.664 
  68 Y _   0.009 0.234 0.001 0.025 0.008 0.014 0.058 0.651 
  69 V _   0.009 0.239 0.001 0.029 0.009 0.015 0.057 0.642 
  70 A _   0.009 0.241 0.001 0.032 0.009 0.014 0.056 0.639 
  71 I _   0.009 0.238 0.001 0.032 0.009 0.014 0.055 0.643 
  72 K _   0.009 0.231 0.001 0.029 0.008 0.013 0.054 0.655 
  73 L _   0.009 0.218 0.001 0.025 0.007 0.012 0.054 0.674 
  74 E _   0.008 0.199 0.001 0.021 0.006 0.011 0.054 0.699 
  75 P _   0.008 0.178 0.001 0.016 0.005 0.011 0.055 0.726 
  76 M _   0.008 0.159 0.001 0.012 0.004 0.010 0.055 0.751 
  77 K _   0.007 0.144 0.000 0.009 0.004 0.010 0.055 0.770 
  78 S _   0.007 0.135 0.000 0.008 0.003 0.010 0.055 0.781 
  79 R _   0.007 0.131 0.000 0.008 0.003 0.010 0.054 0.786 
  80 A _   0.007 0.130 0.000 0.009 0.003 0.011 0.054 0.785 
  81 P _   0.008 0.132 0.000 0.011 0.004 0.012 0.053 0.779 
  82 Q _   0.008 0.136 0.001 0.015 0.005 0.013 0.052 0.770 
  83 L _   0.009 0.142 0.001 0.020 0.007 0.014 0.050 0.758 
  84 H _   0.009 0.146 0.001 0.025 0.008 0.015 0.049 0.746 
  85 L _   0.010 0.149 0.001 0.030 0.009 0.015 0.048 0.737 
  86 E _   0.010 0.149 0.001 0.033 0.010 0.015 0.048 0.734 
  87 Y _   0.010 0.146 0.001 0.034 0.010 0.015 0.048 0.737 
  88 R _   0.010 0.138 0.001 0.033 0.009 0.014 0.048 0.746 
  89 F _   0.009 0.126 0.001 0.030 0.009 0.013 0.048 0.764 
  90 Y _   0.009 0.107 0.001 0.025 0.008 0.012 0.049 0.788 
  91 K _   0.009 0.085 0.001 0.020 0.006 0.011 0.050 0.818 
  92 Q _   0.008 0.062 0.001 0.015 0.005 0.010 0.051 0.848 
  93 L _   0.008 0.043 0.001 0.011 0.004 0.009 0.052 0.873 
  94 G _   0.007 0.030 0.000 0.008 0.003 0.009 0.052 0.891 
  95 S _   0.007 0.022 0.000 0.006 0.003 0.009 0.052 0.902 
  96 G _   0.007 0.018 0.000 0.005 0.003 0.009 0.052 0.906 
  97 D _   0.007 0.016 0.000 0.006 0.003 0.010 0.051 0.906 
  98 G _   0.008 0.016 0.000 0.007 0.004 0.011 0.051 0.903 
  99 I _   0.009 0.016 0.001 0.010 0.004 0.013 0.050 0.898 
 100 P _   0.010 0.017 0.001 0.013 0.005 0.015 0.049 0.891 
 101 Q _   0.010 0.019 0.001 0.015 0.007 0.016 0.048 0.885 
 102 V _   0.011 0.019 0.001 0.017 0.007 0.018 0.047 0.881 
 103 Y _   0.011 0.020 0.001 0.017 0.007 0.019 0.046 0.879 
 104 Y _   0.012 0.019 0.001 0.016 0.007 0.020 0.045 0.880 
 105 F _   0.013 0.018 0.001 0.013 0.007 0.021 0.044 0.883 
 106 G _   0.014 0.017 0.001 0.011 0.007 0.023 0.043 0.885 
 107 P _   0.017 0.017 0.001 0.009 0.007 0.025 0.042 0.884 
 108 C _   0.020 0.017 0.001 0.007 0.007 0.028 0.041 0.879 
 109 G _   0.025 0.019 0.001 0.008 0.010 0.033 0.039 0.866 
 110 K _   0.032 0.024 0.001 0.009 0.014 0.038 0.038 0.844 
 111 Y _   0.040 0.035 0.001 0.014 0.020 0.044 0.036 0.810 
 112 N _   0.047 0.054 0.002 0.022 0.027 0.049 0.034 0.765 
 113 A _   0.053 0.078 0.002 0.033 0.033 0.053 0.032 0.716 
 114 M _   0.056 0.101 0.002 0.044 0.037 0.054 0.031 0.675 
 115 V _   0.058 0.116 0.002 0.053 0.038 0.053 0.030 0.650 
 116 L _   0.057 0.124 0.002 0.058 0.038 0.051 0.029 0.641 
 117 E _   0.055 0.125 0.002 0.058 0.035 0.047 0.029 0.649 
 118 L _   0.050 0.121 0.002 0.053 0.031 0.043 0.028 0.672 
 119 L _   0.046 0.110 0.002 0.045 0.026 0.038 0.029 0.706 
 120 G _   0.041 0.091 0.002 0.035 0.021 0.033 0.029 0.749 
 121 P _   0.036 0.068 0.001 0.025 0.015 0.028 0.029 0.796 
 122 S _   0.032 0.046 0.001 0.018 0.011 0.023 0.030 0.839 
 123 L _   0.029 0.028 0.001 0.012 0.008 0.020 0.030 0.873 
 124 E _   0.026 0.016 0.001 0.009 0.006 0.017 0.030 0.897 
 125 D _   0.025 0.009 0.001 0.007 0.004 0.014 0.030 0.911 
 126 L _   0.026 0.005 0.000 0.005 0.004 0.013 0.029 0.919 
 127 F _   0.029 0.002 0.000 0.004 0.003 0.011 0.028 0.922 
 128 D _   0.035 0.001 0.000 0.004 0.003 0.011 0.027 0.920 
 129 L _   0.045 0.000 0.000 0.003 0.003 0.010 0.026 0.912 
 130 C _   0.063 0.000 0.000 0.002 0.003 0.010 0.024 0.896 
 131 D _   0.093 0.000 0.000 0.002 0.003 0.011 0.022 0.869 
 132 R _   0.138 0.000 0.001 0.002 0.004 0.012 0.019 0.825 
 133 T _   0.205 0.000 0.001 0.001 0.006 0.013 0.016 0.758 
 134 F _   0.295 0.000 0.001 0.001 0.007 0.015 0.013 0.668 
 135 S _   0.405 0.000 0.001 0.001 0.010 0.016 0.010 0.557 
 136 L H   0.521 0.000 0.001 0.001 0.013 0.017 0.008 0.439 
 137 K H   0.628 0.000 0.001 0.001 0.015 0.017 0.006 0.331 
 138 T H   0.713 0.000 0.001 0.001 0.018 0.017 0.005 0.245 
 139 V H   0.776 0.000 0.001 0.001 0.019 0.016 0.004 0.183 
 140 L H   0.820 0.000 0.001 0.001 0.020 0.014 0.003 0.140 
 141 M H   0.846 0.000 0.001 0.001 0.020 0.013 0.003 0.115 
 142 I H   0.859 0.000 0.001 0.001 0.021 0.012 0.003 0.103 
 143 A H   0.860 0.000 0.001 0.001 0.021 0.012 0.004 0.102 
 144 I H   0.849 0.000 0.001 0.001 0.021 0.011 0.004 0.112 
 145 Q H   0.823 0.000 0.001 0.001 0.021 0.011 0.005 0.136 
 146 L H   0.781 0.000 0.002 0.001 0.021 0.012 0.007 0.176 
 147 I H   0.719 0.000 0.002 0.002 0.020 0.012 0.010 0.235 
 148 S H   0.639 0.000 0.002 0.002 0.018 0.013 0.014 0.312 
 149 R H   0.546 0.000 0.002 0.002 0.016 0.013 0.019 0.402 
 150 M _   0.445 0.000 0.001 0.003 0.013 0.014 0.025 0.499 
 151 E _   0.348 0.000 0.001 0.003 0.010 0.014 0.032 0.592 
 152 Y _   0.263 0.000 0.001 0.004 0.009 0.013 0.039 0.671 
 153 V _   0.193 0.000 0.001 0.004 0.007 0.013 0.045 0.736 
 154 H _   0.140 0.000 0.001 0.005 0.006 0.012 0.051 0.785 
 155 S _   0.100 0.000 0.001 0.006 0.005 0.012 0.056 0.820 
 156 K _   0.072 0.001 0.001 0.006 0.005 0.011 0.061 0.844 
 157 N _   0.051 0.001 0.001 0.007 0.004 0.011 0.065 0.860 
 158 L _   0.037 0.001 0.001 0.007 0.004 0.010 0.069 0.872 
 159 I _   0.026 0.001 0.000 0.007 0.004 0.010 0.072 0.880 
 160 Y _   0.020 0.001 0.000 0.007 0.004 0.009 0.074 0.885 
 161 R _   0.015 0.001 0.000 0.007 0.003 0.009 0.077 0.887 
 162 D _   0.012 0.001 0.000 0.007 0.003 0.008 0.079 0.889 
 163 V _   0.010 0.002 0.000 0.007 0.003 0.008 0.081 0.889 
 164 K _   0.009 0.002 0.000 0.007 0.003 0.008 0.083 0.887 
 165 P _   0.008 0.002 0.000 0.008 0.003 0.008 0.084 0.885 
 166 E _   0.008 0.003 0.000 0.009 0.003 0.009 0.086 0.882 
 167 N _   0.008 0.003 0.000 0.010 0.004 0.009 0.088 0.879 
 168 F _   0.008 0.003 0.000 0.010 0.004 0.009 0.089 0.876 
 169 L _   0.008 0.004 0.000 0.010 0.004 0.009 0.091 0.874 
 170 I _   0.007 0.004 0.000 0.010 0.004 0.009 0.092 0.874 
 171 G _   0.007 0.004 0.000 0.009 0.003 0.009 0.093 0.874 
 172 R _   0.007 0.003 0.000 0.007 0.003 0.009 0.094 0.875 
 173 P _   0.007 0.003 0.000 0.006 0.003 0.010 0.095 0.875 
 174 G _   0.008 0.003 0.000 0.005 0.003 0.011 0.096 0.874 
 175 N _   0.010 0.004 0.000 0.004 0.003 0.013 0.096 0.869 
 176 K _   0.013 0.006 0.000 0.005 0.004 0.017 0.096 0.860 
 177 T _   0.017 0.009 0.001 0.006 0.006 0.021 0.096 0.844 
 178 Q _   0.023 0.018 0.001 0.009 0.010 0.027 0.096 0.817 
 179 Q _   0.029 0.037 0.001 0.015 0.016 0.034 0.095 0.773 
 180 V _   0.035 0.072 0.002 0.024 0.023 0.040 0.094 0.710 
 181 I _   0.039 0.118 0.002 0.036 0.030 0.044 0.092 0.639 
 182 H _   0.041 0.162 0.002 0.048 0.034 0.046 0.092 0.575 
 183 I _   0.041 0.195 0.002 0.059 0.036 0.046 0.092 0.529 
 184 I _   0.041 0.216 0.002 0.067 0.036 0.044 0.093 0.500 
 185 D _   0.040 0.226 0.002 0.071 0.034 0.042 0.095 0.490 
 186 F _   0.038 0.228 0.002 0.071 0.032 0.038 0.098 0.494 
 187 G _   0.035 0.221 0.002 0.066 0.028 0.034 0.102 0.512 
 188 L _   0.031 0.206 0.002 0.057 0.023 0.030 0.108 0.544 
 189 A _   0.027 0.179 0.002 0.045 0.018 0.026 0.114 0.589 
 190 K _   0.024 0.143 0.001 0.033 0.013 0.021 0.121 0.642 
 191 E _   0.020 0.105 0.001 0.023 0.009 0.017 0.128 0.697 
 192 Y _   0.017 0.073 0.001 0.014 0.006 0.014 0.134 0.741 
 193 I _   0.013 0.053 0.001 0.009 0.004 0.011 0.138 0.771 
 194 D _   0.010 0.042 0.000 0.006 0.003 0.009 0.141 0.788 
 195 P _   0.009 0.036 0.000 0.005 0.002 0.008 0.143 0.796 
 196 E _   0.007 0.034 0.000 0.005 0.002 0.007 0.145 0.800 
 197 T _   0.007 0.034 0.000 0.005 0.002 0.007 0.145 0.800 
 198 K _   0.006 0.035 0.000 0.006 0.002 0.007 0.146 0.798 
 199 K _   0.006 0.037 0.000 0.007 0.002 0.007 0.146 0.795 
 200 H _   0.006 0.041 0.000 0.008 0.003 0.008 0.145 0.790 
 201 I _   0.005 0.047 0.000 0.009 0.003 0.008 0.144 0.784 
 202 P _   0.005 0.054 0.000 0.010 0.003 0.009 0.142 0.776 
 203 Y _   0.005 0.062 0.000 0.011 0.003 0.009 0.140 0.768 
 204 R _   0.005 0.071 0.000 0.012 0.004 0.010 0.138 0.759 
 205 E _   0.006 0.083 0.001 0.013 0.004 0.011 0.136 0.747 
 206 H _   0.006 0.097 0.001 0.015 0.005 0.012 0.134 0.731 
 207 K _   0.006 0.114 0.001 0.017 0.006 0.014 0.131 0.710 
 208 S _   0.007 0.135 0.001 0.021 0.008 0.015 0.129 0.685 
 209 L _   0.008 0.160 0.001 0.026 0.009 0.017 0.126 0.654 
 210 T _   0.009 0.185 0.001 0.031 0.011 0.018 0.124 0.622 
 211 G _   0.009 0.207 0.001 0.036 0.012 0.019 0.122 0.594 
 212 T _   0.010 0.224 0.001 0.041 0.013 0.019 0.121 0.572 
 213 A _   0.010 0.234 0.001 0.045 0.013 0.019 0.121 0.557 
 214 R _   0.010 0.239 0.001 0.047 0.013 0.019 0.121 0.549 
 215 Y _   0.010 0.240 0.001 0.047 0.013 0.018 0.122 0.548 
 216 M _   0.010 0.235 0.001 0.046 0.012 0.018 0.125 0.553 
 217 S _   0.011 0.225 0.001 0.043 0.011 0.017 0.128 0.565 
 218 I _   0.011 0.209 0.001 0.039 0.010 0.015 0.132 0.583 
 219 N _   0.011 0.185 0.001 0.034 0.009 0.014 0.137 0.608 
 220 T _   0.011 0.154 0.001 0.029 0.008 0.013 0.143 0.641 
 221 H _   0.011 0.118 0.001 0.024 0.007 0.012 0.149 0.678 
 222 L _   0.011 0.081 0.001 0.018 0.005 0.011 0.156 0.718 
 223 G _   0.010 0.049 0.001 0.013 0.004 0.009 0.161 0.753 
 224 K _   0.009 0.026 0.000 0.008 0.003 0.008 0.165 0.781 
 225 E _   0.007 0.012 0.000 0.005 0.002 0.007 0.167 0.799 
 226 Q _   0.007 0.005 0.000 0.003 0.001 0.006 0.168 0.809 
 227 S _   0.008 0.002 0.000 0.002 0.001 0.006 0.168 0.813 
 228 R _   0.010 0.000 0.000 0.002 0.001 0.008 0.167 0.812 
 229 R _   0.017 0.000 0.000 0.001 0.002 0.010 0.165 0.804 
 230 D _   0.031 0.000 0.000 0.002 0.003 0.016 0.163 0.786 
 231 D _   0.056 0.000 0.000 0.002 0.005 0.024 0.159 0.753 
 232 L _   0.097 0.001 0.001 0.004 0.010 0.036 0.153 0.699 
 233 E _   0.148 0.003 0.001 0.006 0.020 0.050 0.147 0.624 
 234 A _   0.200 0.009 0.002 0.010 0.036 0.064 0.140 0.539 
 235 L _   0.246 0.020 0.003 0.015 0.053 0.074 0.134 0.455 
 236 G _   0.282 0.033 0.003 0.021 0.067 0.081 0.129 0.384 
 237 H _   0.307 0.045 0.003 0.027 0.076 0.082 0.126 0.334 
 238 M H   0.322 0.052 0.003 0.032 0.080 0.081 0.125 0.305 
 239 F H   0.327 0.056 0.003 0.035 0.080 0.077 0.125 0.298 
 240 M H   0.324 0.057 0.003 0.034 0.076 0.072 0.126 0.308 
 241 Y _   0.312 0.053 0.003 0.031 0.069 0.065 0.129 0.337 
 242 F _   0.289 0.046 0.003 0.027 0.059 0.057 0.132 0.386 
 243 L _   0.257 0.036 0.003 0.022 0.046 0.049 0.137 0.451 
 244 R _   0.218 0.025 0.002 0.016 0.033 0.041 0.143 0.522 
 245 G _   0.177 0.016 0.002 0.012 0.022 0.034 0.148 0.590 
 246 S _   0.136 0.009 0.001 0.009 0.014 0.027 0.154 0.650 
 247 L _   0.101 0.005 0.001 0.007 0.009 0.022 0.159 0.696 
 248 P _   0.073 0.003 0.001 0.006 0.006 0.018 0.163 0.731 
 249 W _   0.052 0.002 0.001 0.006 0.004 0.015 0.166 0.755 
 250 Q _   0.036 0.002 0.000 0.006 0.004 0.012 0.168 0.772 
 251 G _   0.026 0.002 0.000 0.005 0.003 0.011 0.170 0.783 
 252 L _   0.018 0.001 0.000 0.006 0.003 0.009 0.171 0.791 
 253 K _   0.014 0.002 0.000 0.006 0.003 0.008 0.172 0.796 
 254 A _   0.011 0.002 0.000 0.006 0.003 0.008 0.172 0.798 
 255 D _   0.009 0.002 0.000 0.007 0.003 0.008 0.172 0.800 
 256 T _   0.008 0.002 0.000 0.007 0.003 0.007 0.172 0.800 
 257 L _   0.007 0.003 0.000 0.008 0.003 0.007 0.171 0.800 
 258 K _   0.007 0.003 0.000 0.008 0.003 0.007 0.171 0.800 
 259 E _   0.007 0.004 0.000 0.009 0.003 0.007 0.171 0.800 
 260 R _   0.006 0.004 0.000 0.009 0.003 0.007 0.170 0.801 
 261 Y _   0.006 0.004 0.000 0.008 0.003 0.007 0.169 0.802 
 262 Q _   0.006 0.005 0.000 0.008 0.003 0.007 0.168 0.804 
 263 K _   0.005 0.005 0.000 0.007 0.002 0.007 0.167 0.806 
 264 I _   0.005 0.005 0.000 0.006 0.002 0.007 0.166 0.807 
 265 G _   0.005 0.006 0.000 0.006 0.002 0.008 0.165 0.808 
 266 D _   0.006 0.007 0.000 0.006 0.003 0.008 0.163 0.808 
 267 T _   0.006 0.009 0.000 0.006 0.003 0.010 0.161 0.805 
 268 K _   0.007 0.012 0.000 0.007 0.003 0.011 0.158 0.800 
 269 R _   0.008 0.018 0.001 0.009 0.004 0.013 0.155 0.792 
 270 A _   0.009 0.026 0.001 0.011 0.006 0.016 0.152 0.780 
 271 T _   0.010 0.037 0.001 0.014 0.007 0.019 0.149 0.764 
 272 P _   0.012 0.051 0.001 0.017 0.009 0.021 0.145 0.745 
 273 I _   0.013 0.066 0.001 0.020 0.011 0.024 0.141 0.724 
 274 E _   0.014 0.081 0.001 0.022 0.012 0.027 0.138 0.705 
 275 V _   0.016 0.094 0.001 0.023 0.013 0.030 0.135 0.688 
 276 L _   0.018 0.104 0.001 0.023 0.015 0.032 0.132 0.674 
 277 C _   0.020 0.113 0.001 0.023 0.016 0.035 0.129 0.662 
 278 E _   0.022 0.121 0.001 0.022 0.017 0.037 0.127 0.652 
 279 N _   0.025 0.127 0.001 0.022 0.019 0.039 0.126 0.642 
 280 F _   0.028 0.134 0.001 0.021 0.020 0.041 0.124 0.632 
 281 P _   0.031 0.140 0.001 0.021 0.021 0.042 0.123 0.620 
 282 E _   0.033 0.148 0.001 0.022 0.022 0.043 0.122 0.608 
 283 M _   0.036 0.155 0.001 0.023 0.023 0.044 0.122 0.595 
 284 A _   0.037 0.163 0.002 0.026 0.025 0.044 0.122 0.582 
 285 T _   0.038 0.170 0.002 0.028 0.025 0.043 0.122 0.572 
 286 Y _   0.038 0.175 0.002 0.031 0.025 0.041 0.123 0.566 
 287 L _   0.037 0.178 0.002 0.034 0.024 0.039 0.124 0.563 
 288 R _   0.035 0.178 0.002 0.036 0.023 0.036 0.126 0.565 
 289 Y _   0.033 0.175 0.002 0.036 0.021 0.033 0.128 0.572 
 290 V _   0.030 0.169 0.001 0.036 0.019 0.030 0.131 0.584 
 291 R _   0.028 0.158 0.001 0.033 0.016 0.026 0.135 0.602 
 292 R _   0.025 0.142 0.001 0.030 0.013 0.023 0.139 0.627 
 293 L _   0.021 0.121 0.001 0.025 0.011 0.020 0.144 0.657 
 294 D _   0.018 0.097 0.001 0.020 0.009 0.017 0.149 0.690 
 295 F _   0.016 0.073 0.001 0.014 0.006 0.014 0.154 0.722 
 296 F _   0.013 0.053 0.001 0.010 0.005 0.012 0.158 0.749 
 297 E _   0.011 0.041 0.000 0.007 0.003 0.010 0.161 0.767 
 298 K _   0.009 0.034 0.000 0.005 0.003 0.010 0.163 0.778 
 299 P _   0.008 0.031 0.000 0.004 0.002 0.009 0.164 0.782 
 300 D _   0.008 0.030 0.000 0.004 0.002 0.010 0.165 0.780 
 301 Y _   0.008 0.032 0.000 0.006 0.003 0.011 0.165 0.774 
 302 D _   0.009 0.037 0.000 0.009 0.004 0.013 0.166 0.762 
 303 Y _   0.010 0.046 0.001 0.014 0.006 0.015 0.165 0.743 
 304 L _   0.011 0.058 0.001 0.020 0.008 0.016 0.165 0.721 
 305 R _   0.011 0.069 0.001 0.027 0.010 0.018 0.165 0.700 
 306 K _   0.011 0.078 0.001 0.033 0.011 0.018 0.165 0.683 
 307 L _   0.011 0.083 0.001 0.036 0.011 0.018 0.166 0.673 
 308 F _   0.011 0.086 0.001 0.036 0.011 0.018 0.168 0.670 
 309 T _   0.010 0.085 0.001 0.035 0.011 0.017 0.170 0.672 
 310 D _   0.010 0.082 0.001 0.031 0.010 0.016 0.173 0.677 
 311 L _   0.010 0.076 0.001 0.027 0.009 0.015 0.176 0.686 
 312 F _   0.010 0.069 0.001 0.022 0.007 0.014 0.180 0.697 
 313 D _   0.010 0.060 0.001 0.018 0.006 0.013 0.185 0.707 
 314 R _   0.009 0.052 0.001 0.015 0.005 0.012 0.190 0.717 
 315 K _   0.009 0.044 0.001 0.012 0.005 0.011 0.194 0.724 
 316 G _   0.009 0.038 0.001 0.010 0.004 0.010 0.198 0.731 
 317 Y _   0.008 0.033 0.000 0.009 0.004 0.009 0.202 0.734 
 318 M _   0.008 0.030 0.000 0.008 0.003 0.009 0.206 0.736 
 319 F _   0.008 0.027 0.000 0.007 0.003 0.009 0.209 0.736 
 320 D _   0.007 0.026 0.000 0.007 0.003 0.009 0.212 0.736 
 321 Y _   0.007 0.025 0.000 0.007 0.003 0.009 0.214 0.733 
 322 E _   0.007 0.026 0.000 0.008 0.003 0.009 0.216 0.730 
 323 Y _   0.007 0.026 0.000 0.009 0.004 0.010 0.219 0.726 
 324 D _   0.007 0.028 0.000 0.010 0.004 0.010 0.221 0.720 
 325 W _   0.008 0.030 0.001 0.011 0.004 0.011 0.223 0.713 
 326 I _   0.008 0.033 0.001 0.013 0.005 0.011 0.225 0.705 
 327 G _   0.008 0.035 0.001 0.015 0.005 0.011 0.227 0.697 
 328 K _   0.008 0.038 0.001 0.017 0.006 0.012 0.230 0.689 
 329 Q _   0.008 0.040 0.001 0.018 0.006 0.012 0.233 0.682 
 330 L _   0.008 0.041 0.001 0.020 0.006 0.012 0.237 0.675 
 331 P _   0.008 0.041 0.001 0.020 0.006 0.012 0.241 0.670 
 332 T _   0.008 0.041 0.001 0.021 0.006 0.012 0.245 0.666 
 333 P _   0.008 0.040 0.001 0.021 0.006 0.011 0.251 0.662 
 334 V _   0.008 0.038 0.001 0.020 0.006 0.011 0.256 0.659 
 335 G _   0.008 0.036 0.001 0.019 0.005 0.010 0.263 0.658 
 336 A _   0.008 0.032 0.001 0.018 0.005 0.010 0.270 0.657 
 337 V _   0.007 0.028 0.001 0.015 0.004 0.009 0.277 0.659 
 338 Q _   0.007 0.024 0.000 0.013 0.003 0.008 0.283 0.662 
 339 Q _   0.006 0.019 0.000 0.010 0.003 0.007 0.290 0.665 
 340 D _   0.006 0.015 0.000 0.008 0.002 0.006 0.295 0.668 
 341 P _   0.005 0.011 0.000 0.006 0.002 0.005 0.300 0.670 
 342 A _   0.005 0.009 0.000 0.005 0.002 0.005 0.304 0.670 
 343 L _   0.004 0.008 0.000 0.005 0.001 0.005 0.307 0.670 
 344 S _   0.004 0.007 0.000 0.004 0.001 0.005 0.310 0.669 
 345 S _   0.004 0.007 0.000 0.005 0.001 0.005 0.311 0.667 
 346 N _   0.004 0.007 0.000 0.005 0.002 0.005 0.312 0.664 
 347 R _   0.004 0.008 0.000 0.007 0.002 0.006 0.313 0.661 
 348 E _   0.004 0.009 0.000 0.008 0.002 0.006 0.313 0.657 
 349 A _   0.004 0.010 0.000 0.010 0.002 0.007 0.313 0.653 
 350 H _   0.004 0.012 0.000 0.012 0.003 0.007 0.313 0.649 
 351 Q _   0.004 0.013 0.000 0.013 0.003 0.007 0.313 0.646 
 352 H _   0.004 0.014 0.000 0.014 0.003 0.007 0.313 0.643 
 353 R _   0.004 0.015 0.000 0.015 0.003 0.007 0.314 0.642 
 354 D _   0.004 0.015 0.000 0.014 0.003 0.007 0.314 0.641 
 355 K _   0.004 0.015 0.000 0.013 0.003 0.007 0.315 0.643 
 356 M _   0.004 0.014 0.000 0.011 0.002 0.006 0.316 0.645 
 357 Q _   0.004 0.013 0.000 0.010 0.002 0.006 0.317 0.647 
 358 Q _   0.004 0.013 0.000 0.008 0.002 0.005 0.318 0.650 
 359 S _   0.004 0.012 0.000 0.007 0.002 0.005 0.318 0.653 
 360 K _   0.004 0.012 0.000 0.006 0.002 0.005 0.318 0.655 
 361 N _   0.004 0.012 0.000 0.005 0.001 0.005 0.317 0.656 
 362 Q _   0.004 0.013 0.000 0.005 0.002 0.005 0.316 0.656 
 363 S _   0.004 0.015 0.000 0.006 0.002 0.006 0.314 0.655 
 364 A _   0.004 0.018 0.000 0.007 0.002 0.006 0.311 0.652 
 365 D _   0.004 0.022 0.000 0.009 0.002 0.007 0.308 0.648 
 366 H _   0.004 0.028 0.000 0.011 0.003 0.007 0.304 0.642 
 367 R _   0.004 0.034 0.000 0.013 0.003 0.008 0.301 0.636 
 368 A _   0.005 0.041 0.000 0.015 0.004 0.008 0.297 0.631 
 369 A _   0.005 0.047 0.000 0.016 0.004 0.008 0.293 0.627 
 370 W _   0.004 0.051 0.000 0.016 0.004 0.008 0.290 0.626 
 371 D _   0.004 0.055 0.000 0.015 0.004 0.008 0.288 0.626 
 372 S _   0.004 0.058 0.000 0.014 0.003 0.008 0.285 0.627 
 373 Q _   0.004 0.061 0.000 0.012 0.003 0.008 0.283 0.629 
 374 Q _   0.004 0.063 0.000 0.011 0.003 0.008 0.280 0.631 
 375 A _   0.004 0.066 0.000 0.010 0.003 0.008 0.278 0.630 
 376 N _   0.004 0.071 0.000 0.010 0.003 0.008 0.275 0.628 
 377 P _   0.004 0.077 0.000 0.011 0.003 0.009 0.273 0.622 
 378 H _   0.005 0.085 0.000 0.012 0.004 0.009 0.270 0.614 
 379 H _   0.005 0.094 0.001 0.014 0.005 0.010 0.268 0.604 
 380 L _   0.005 0.104 0.001 0.016 0.005 0.011 0.265 0.593 
 381 R _   0.005 0.114 0.001 0.018 0.005 0.011 0.263 0.583 
 382 A _   0.005 0.122 0.001 0.019 0.005 0.011 0.261 0.577 
 383 H _   0.005 0.128 0.001 0.018 0.005 0.011 0.259 0.573 
 384 L _   0.005 0.132 0.001 0.017 0.005 0.011 0.258 0.571 
 385 A _   0.006 0.136 0.001 0.016 0.005 0.011 0.257 0.569 
 386 A _   0.006 0.139 0.001 0.014 0.005 0.012 0.256 0.568 
 387 D _   0.006 0.142 0.001 0.014 0.005 0.012 0.256 0.564 
 388 R _   0.007 0.147 0.001 0.014 0.006 0.013 0.255 0.557 
 389 H _   0.008 0.153 0.001 0.016 0.007 0.014 0.255 0.547 
 390 G _   0.009 0.161 0.001 0.019 0.008 0.016 0.255 0.532 
 391 G _   0.009 0.172 0.001 0.024 0.009 0.017 0.255 0.513 
 392 S _   0.010 0.182 0.001 0.030 0.011 0.017 0.255 0.494 
 393 V _   0.011 0.190 0.001 0.035 0.011 0.017 0.257 0.477 
 394 Q _   0.011 0.195 0.001 0.039 0.012 0.017 0.259 0.467 
 395 V _   0.011 0.195 0.001 0.041 0.011 0.016 0.262 0.462 
 396 V _   0.010 0.192 0.001 0.040 0.011 0.015 0.267 0.464 
 397 S _   0.009 0.183 0.001 0.038 0.010 0.014 0.273 0.472 
 398 S _   0.009 0.168 0.001 0.033 0.008 0.013 0.280 0.488 
 399 T _   0.008 0.148 0.001 0.027 0.007 0.011 0.289 0.509 
 400 N _   0.008 0.123 0.001 0.021 0.006 0.010 0.298 0.534 
 401 G _   0.007 0.099 0.001 0.016 0.004 0.009 0.308 0.557 
 402 E _   0.007 0.079 0.000 0.012 0.003 0.007 0.316 0.576 
 403 L _   0.006 0.065 0.000 0.008 0.002 0.006 0.323 0.589 
 404 N _   0.005 0.055 0.000 0.006 0.002 0.006 0.328 0.597 
 405 T _   0.005 0.050 0.000 0.005 0.001 0.005 0.332 0.602 
 406 D _   0.004 0.047 0.000 0.004 0.001 0.005 0.334 0.604 
 407 D _   0.004 0.046 0.000 0.004 0.001 0.005 0.336 0.604 
 408 P _   0.004 0.046 0.000 0.004 0.001 0.005 0.336 0.603 
 409 T _   0.003 0.048 0.000 0.005 0.001 0.005 0.335 0.601 
 410 A _   0.003 0.052 0.000 0.006 0.002 0.006 0.334 0.598 
 411 G _   0.004 0.058 0.000 0.007 0.002 0.006 0.331 0.592 
 412 R _   0.004 0.067 0.000 0.008 0.002 0.007 0.328 0.583 
 413 S _   0.004 0.081 0.000 0.010 0.003 0.009 0.323 0.569 
 414 N _   0.004 0.102 0.001 0.013 0.004 0.010 0.318 0.550 
 415 A _   0.005 0.129 0.001 0.015 0.005 0.011 0.311 0.523 
 416 P _   0.005 0.165 0.001 0.018 0.006 0.012 0.304 0.489 
 417 I _   0.005 0.206 0.001 0.021 0.007 0.013 0.297 0.450 
 418 T _   0.005 0.250 0.001 0.023 0.008 0.014 0.290 0.409 
 419 A _   0.005 0.293 0.001 0.024 0.009 0.014 0.284 0.370 
 420 P _   0.005 0.331 0.001 0.025 0.009 0.014 0.280 0.336 
 421 T E   0.005 0.363 0.001 0.025 0.009 0.014 0.277 0.307 
 422 E E   0.005 0.388 0.001 0.025 0.009 0.013 0.275 0.285 
 423 V E   0.005 0.406 0.001 0.024 0.008 0.013 0.275 0.268 
 424 E E   0.005 0.420 0.001 0.023 0.008 0.013 0.275 0.256 
 425 V E   0.005 0.429 0.001 0.022 0.008 0.013 0.276 0.247 
 426 M E   0.005 0.435 0.001 0.021 0.007 0.013 0.278 0.241 
 427 D E   0.005 0.438 0.001 0.020 0.007 0.013 0.280 0.236 
 428 E E   0.005 0.439 0.001 0.019 0.007 0.013 0.284 0.233 
 429 T E   0.005 0.438 0.001 0.019 0.007 0.013 0.287 0.230 
 430 K E   0.006 0.435 0.001 0.019 0.007 0.013 0.292 0.228 
 431 C E   0.006 0.431 0.001 0.019 0.007 0.013 0.297 0.226 
 432 C E   0.006 0.425 0.001 0.020 0.007 0.013 0.303 0.224 
 433 C E   0.006 0.417 0.001 0.021 0.008 0.013 0.311 0.223 
 434 F E   0.007 0.407 0.001 0.023 0.008 0.013 0.319 0.223 
 435 F E   0.007 0.394 0.001 0.024 0.008 0.013 0.329 0.223 
 436 K E   0.008 0.376 0.001 0.025 0.009 0.014 0.341 0.226 
 437 R X   0.008 0.354 0.001 0.026 0.009 0.014 0.356 0.232 
 438 R X   0.008 0.327 0.001 0.026 0.009 0.013 0.374 0.241 
 439 K X   0.008 0.295 0.001 0.026 0.009 0.013 0.394 0.254 
 440 R X   0.007 0.260 0.001 0.025 0.009 0.012 0.416 0.271 
 441 K X   0.006 0.224 0.001 0.023 0.008 0.010 0.440 0.287 
 442 T X   0.005 0.184 0.001 0.020 0.006 0.008 0.468 0.309 
 443 I X   0.003 0.139 0.001 0.015 0.004 0.005 0.496 0.337 
 444 Q X   0.001 0.094 0.000 0.009 0.001 0.002 0.520 0.372 
 445 R X   0.000 0.065 0.000 0.005 0.000 0.001 0.529 0.400 
 446 H X   0.000 0.054 0.000 0.005 0.000 0.001 0.529 0.411 
 447 K X   0.003 0.050 0.001 0.012 0.003 0.003 0.519 0.409 
