#TopoPred_TM8: 8-state transmembrane topology prediction results by no_profile mode 
#probabilities are in the order of H E C I L F X _, the 8 transmembrane topology types used in PDBTM 
   1 M X   0.017 0.002 0.002 0.059 0.010 0.014 0.610 0.286 
   2 A X   0.006 0.001 0.000 0.041 0.002 0.009 0.624 0.317 
   3 H X   0.002 0.001 0.000 0.031 0.001 0.007 0.624 0.333 
   4 S X   0.003 0.002 0.000 0.029 0.001 0.009 0.618 0.338 
   5 P X   0.004 0.004 0.000 0.032 0.003 0.013 0.605 0.339 
   6 V X   0.007 0.007 0.001 0.037 0.005 0.017 0.586 0.341 
   7 A X   0.009 0.012 0.001 0.044 0.007 0.020 0.567 0.341 
   8 V X   0.010 0.016 0.001 0.050 0.008 0.021 0.547 0.346 
   9 Q X   0.011 0.020 0.001 0.053 0.009 0.021 0.529 0.356 
  10 V X   0.010 0.022 0.001 0.053 0.010 0.019 0.514 0.372 
  11 P X   0.009 0.022 0.001 0.047 0.009 0.017 0.500 0.394 
  12 G X   0.008 0.021 0.001 0.038 0.008 0.015 0.489 0.421 
  13 M X   0.007 0.018 0.001 0.027 0.006 0.012 0.480 0.450 
  14 Q _   0.006 0.015 0.001 0.017 0.004 0.010 0.471 0.476 
  15 N _   0.005 0.011 0.000 0.010 0.003 0.008 0.463 0.499 
  16 N _   0.005 0.009 0.000 0.006 0.002 0.007 0.455 0.516 
  17 I _   0.004 0.008 0.000 0.004 0.002 0.007 0.446 0.529 
  18 A _   0.004 0.008 0.000 0.004 0.002 0.007 0.435 0.539 
  19 D _   0.005 0.010 0.000 0.005 0.002 0.008 0.423 0.548 
  20 P _   0.005 0.012 0.000 0.007 0.003 0.009 0.410 0.553 
  21 E _   0.006 0.018 0.001 0.010 0.004 0.011 0.394 0.556 
  22 E _   0.007 0.025 0.001 0.015 0.006 0.013 0.376 0.557 
  23 L _   0.007 0.034 0.001 0.021 0.007 0.014 0.359 0.557 
  24 F _   0.007 0.043 0.001 0.025 0.008 0.015 0.342 0.559 
  25 T _   0.007 0.049 0.001 0.028 0.009 0.016 0.326 0.563 
  26 K _   0.007 0.054 0.001 0.029 0.009 0.016 0.312 0.571 
  27 L _   0.007 0.057 0.001 0.028 0.009 0.016 0.300 0.582 
  28 E _   0.008 0.058 0.001 0.026 0.009 0.016 0.289 0.595 
  29 R _   0.008 0.058 0.001 0.023 0.008 0.016 0.279 0.608 
  30 I _   0.008 0.058 0.001 0.021 0.008 0.016 0.270 0.620 
  31 G _   0.008 0.057 0.001 0.019 0.007 0.016 0.262 0.630 
  32 K _   0.009 0.057 0.001 0.019 0.007 0.016 0.254 0.638 
  33 G _   0.009 0.056 0.001 0.019 0.008 0.016 0.247 0.644 
  34 S _   0.010 0.056 0.001 0.020 0.008 0.016 0.241 0.649 
  35 F _   0.010 0.055 0.001 0.021 0.008 0.016 0.235 0.654 
  36 G _   0.010 0.053 0.001 0.022 0.008 0.015 0.230 0.661 
  37 E _   0.010 0.050 0.001 0.021 0.008 0.015 0.225 0.670 
  38 V _   0.010 0.045 0.001 0.019 0.007 0.014 0.221 0.683 
  39 F _   0.010 0.039 0.001 0.016 0.006 0.013 0.217 0.698 
  40 K _   0.009 0.033 0.001 0.013 0.005 0.012 0.214 0.714 
  41 G _   0.009 0.027 0.001 0.009 0.004 0.011 0.210 0.729 
  42 I _   0.009 0.023 0.000 0.007 0.004 0.011 0.206 0.740 
  43 D _   0.009 0.020 0.000 0.006 0.003 0.012 0.202 0.748 
  44 N _   0.010 0.019 0.000 0.005 0.004 0.012 0.198 0.752 
  45 R _   0.011 0.020 0.000 0.006 0.004 0.014 0.193 0.751 
  46 T _   0.012 0.022 0.001 0.008 0.006 0.016 0.189 0.746 
  47 Q _   0.014 0.027 0.001 0.012 0.008 0.019 0.184 0.736 
  48 Q _   0.016 0.034 0.001 0.018 0.010 0.021 0.178 0.722 
  49 V _   0.017 0.043 0.001 0.025 0.013 0.022 0.172 0.707 
  50 V _   0.017 0.051 0.001 0.032 0.014 0.023 0.167 0.694 
  51 A _   0.017 0.058 0.001 0.037 0.015 0.024 0.163 0.685 
  52 I _   0.017 0.061 0.001 0.040 0.015 0.023 0.159 0.683 
  53 K _   0.017 0.062 0.001 0.041 0.015 0.022 0.157 0.687 
  54 I _   0.015 0.060 0.001 0.038 0.013 0.020 0.155 0.698 
  55 I _   0.014 0.055 0.001 0.033 0.011 0.018 0.154 0.714 
  56 D _   0.013 0.048 0.001 0.027 0.009 0.016 0.153 0.734 
  57 L _   0.011 0.038 0.001 0.020 0.007 0.014 0.152 0.757 
  58 E _   0.010 0.029 0.001 0.014 0.005 0.012 0.151 0.779 
  59 E _   0.009 0.021 0.000 0.009 0.003 0.010 0.150 0.796 
  60 A _   0.008 0.016 0.000 0.006 0.003 0.009 0.149 0.809 
  61 E _   0.007 0.014 0.000 0.004 0.002 0.009 0.147 0.817 
  62 D _   0.007 0.013 0.000 0.004 0.002 0.009 0.145 0.821 
  63 E _   0.008 0.013 0.000 0.004 0.002 0.010 0.142 0.821 
  64 I _   0.009 0.016 0.000 0.006 0.003 0.013 0.138 0.815 
  65 E _   0.011 0.022 0.001 0.009 0.005 0.016 0.133 0.803 
  66 D _   0.013 0.033 0.001 0.015 0.008 0.020 0.128 0.783 
  67 I _   0.015 0.050 0.001 0.023 0.012 0.023 0.122 0.753 
  68 Q _   0.016 0.070 0.001 0.034 0.015 0.026 0.116 0.722 
  69 Q _   0.017 0.086 0.001 0.044 0.018 0.028 0.111 0.695 
  70 E _   0.017 0.098 0.002 0.052 0.020 0.029 0.106 0.677 
  71 I _   0.017 0.103 0.002 0.056 0.020 0.028 0.103 0.671 
  72 T _   0.017 0.105 0.001 0.056 0.020 0.027 0.100 0.674 
  73 V _   0.016 0.102 0.001 0.052 0.018 0.026 0.099 0.687 
  74 L _   0.016 0.094 0.001 0.044 0.016 0.023 0.098 0.708 
  75 S _   0.015 0.081 0.001 0.035 0.013 0.021 0.097 0.736 
  76 Q _   0.014 0.064 0.001 0.026 0.010 0.019 0.097 0.768 
  77 C _   0.013 0.047 0.001 0.019 0.008 0.017 0.097 0.799 
  78 D _   0.012 0.032 0.001 0.013 0.006 0.015 0.096 0.824 
  79 S _   0.011 0.022 0.001 0.010 0.005 0.014 0.096 0.841 
  80 S _   0.011 0.016 0.001 0.008 0.004 0.014 0.095 0.852 
  81 Y _   0.011 0.012 0.000 0.008 0.004 0.014 0.094 0.857 
  82 V _   0.011 0.010 0.001 0.008 0.004 0.014 0.093 0.859 
  83 T _   0.011 0.008 0.001 0.009 0.005 0.014 0.092 0.860 
  84 K _   0.012 0.007 0.001 0.010 0.005 0.015 0.091 0.860 
  85 Y _   0.013 0.005 0.001 0.010 0.005 0.016 0.089 0.860 
  86 Y _   0.015 0.004 0.001 0.010 0.005 0.017 0.087 0.860 
  87 G _   0.018 0.003 0.001 0.009 0.005 0.018 0.086 0.860 
  88 S _   0.023 0.002 0.001 0.007 0.005 0.020 0.084 0.859 
  89 Y _   0.029 0.001 0.001 0.006 0.006 0.022 0.082 0.854 
  90 L _   0.039 0.001 0.001 0.004 0.006 0.025 0.080 0.844 
  91 K _   0.054 0.001 0.001 0.004 0.008 0.029 0.077 0.826 
  92 G _   0.075 0.001 0.001 0.004 0.011 0.035 0.075 0.799 
  93 S _   0.101 0.001 0.001 0.004 0.017 0.042 0.072 0.762 
  94 K _   0.131 0.002 0.001 0.006 0.025 0.049 0.070 0.716 
  95 L _   0.161 0.004 0.002 0.009 0.034 0.056 0.068 0.667 
  96 W _   0.186 0.008 0.002 0.014 0.043 0.060 0.066 0.620 
  97 I _   0.204 0.012 0.002 0.019 0.050 0.063 0.065 0.584 
  98 I _   0.215 0.016 0.003 0.024 0.053 0.063 0.065 0.562 
  99 M _   0.217 0.018 0.003 0.027 0.053 0.061 0.066 0.555 
 100 E _   0.211 0.018 0.003 0.027 0.050 0.057 0.067 0.566 
 101 Y _   0.198 0.017 0.002 0.025 0.044 0.053 0.068 0.592 
 102 L _   0.178 0.015 0.002 0.021 0.037 0.047 0.070 0.631 
 103 G _   0.153 0.011 0.002 0.017 0.028 0.042 0.072 0.675 
 104 G _   0.127 0.008 0.001 0.013 0.021 0.036 0.074 0.720 
 105 G _   0.102 0.005 0.001 0.010 0.015 0.031 0.075 0.760 
 106 S _   0.081 0.004 0.001 0.009 0.010 0.026 0.077 0.792 
 107 A _   0.063 0.003 0.001 0.008 0.008 0.023 0.079 0.816 
 108 L _   0.049 0.002 0.001 0.007 0.006 0.020 0.080 0.835 
 109 D _   0.039 0.001 0.001 0.007 0.005 0.018 0.081 0.849 
 110 L _   0.030 0.001 0.001 0.006 0.004 0.016 0.082 0.860 
 111 L _   0.025 0.001 0.000 0.005 0.004 0.015 0.082 0.868 
 112 R _   0.022 0.001 0.000 0.005 0.003 0.014 0.082 0.872 
 113 A _   0.020 0.001 0.000 0.004 0.003 0.015 0.082 0.875 
 114 G _   0.020 0.001 0.000 0.004 0.003 0.016 0.082 0.874 
 115 P _   0.022 0.001 0.000 0.004 0.004 0.018 0.081 0.870 
 116 F _   0.027 0.001 0.000 0.004 0.005 0.021 0.080 0.861 
 117 D _   0.033 0.003 0.001 0.005 0.007 0.026 0.079 0.846 
 118 E _   0.042 0.006 0.001 0.007 0.011 0.032 0.078 0.822 
 119 F _   0.051 0.014 0.001 0.011 0.017 0.038 0.077 0.791 
 120 Q _   0.061 0.027 0.002 0.017 0.024 0.044 0.075 0.751 
 121 I _   0.068 0.044 0.002 0.025 0.030 0.048 0.074 0.708 
 122 A _   0.073 0.062 0.002 0.034 0.036 0.051 0.073 0.670 
 123 T _   0.076 0.076 0.002 0.042 0.038 0.051 0.072 0.643 
 124 M _   0.076 0.084 0.002 0.048 0.039 0.050 0.073 0.629 
 125 L _   0.073 0.089 0.002 0.050 0.037 0.047 0.074 0.629 
 126 K _   0.069 0.089 0.002 0.049 0.033 0.043 0.075 0.641 
 127 E _   0.062 0.085 0.002 0.044 0.028 0.039 0.077 0.663 
 128 I _   0.054 0.077 0.002 0.038 0.023 0.034 0.079 0.693 
 129 L _   0.046 0.065 0.001 0.031 0.017 0.028 0.082 0.729 
 130 K _   0.038 0.051 0.001 0.024 0.013 0.024 0.085 0.764 
 131 G _   0.032 0.038 0.001 0.017 0.009 0.020 0.087 0.796 
 132 L _   0.026 0.026 0.001 0.013 0.006 0.016 0.090 0.823 
 133 D _   0.020 0.017 0.001 0.009 0.004 0.013 0.091 0.845 
 134 Y _   0.016 0.011 0.000 0.007 0.003 0.011 0.092 0.860 
 135 L _   0.012 0.007 0.000 0.005 0.002 0.009 0.093 0.870 
 136 H _   0.010 0.005 0.000 0.004 0.002 0.008 0.093 0.877 
 137 S _   0.008 0.004 0.000 0.004 0.002 0.007 0.093 0.882 
 138 E _   0.007 0.004 0.000 0.004 0.002 0.007 0.092 0.884 
 139 K _   0.007 0.005 0.000 0.004 0.002 0.008 0.091 0.884 
 140 K _   0.007 0.006 0.000 0.005 0.002 0.008 0.089 0.882 
 141 I _   0.008 0.008 0.000 0.006 0.003 0.010 0.087 0.878 
 142 H _   0.008 0.013 0.000 0.009 0.004 0.012 0.084 0.869 
 143 R _   0.009 0.020 0.001 0.013 0.006 0.014 0.082 0.856 
 144 D _   0.010 0.029 0.001 0.018 0.007 0.016 0.078 0.840 
 145 I _   0.011 0.040 0.001 0.023 0.009 0.018 0.075 0.822 
 146 K _   0.012 0.050 0.001 0.029 0.011 0.019 0.073 0.805 
 147 A _   0.013 0.058 0.001 0.034 0.012 0.020 0.070 0.792 
 148 A _   0.013 0.063 0.001 0.037 0.013 0.020 0.068 0.784 
 149 N _   0.014 0.065 0.001 0.038 0.013 0.020 0.067 0.782 
 150 V _   0.014 0.065 0.001 0.036 0.012 0.019 0.066 0.786 
 151 L _   0.014 0.063 0.001 0.033 0.011 0.018 0.065 0.794 
 152 L _   0.014 0.059 0.001 0.028 0.010 0.017 0.065 0.808 
 153 S _   0.013 0.052 0.001 0.022 0.008 0.015 0.065 0.825 
 154 E _   0.012 0.044 0.001 0.016 0.006 0.014 0.065 0.842 
 155 Q _   0.011 0.036 0.001 0.012 0.005 0.013 0.065 0.858 
 156 G _   0.010 0.031 0.000 0.009 0.004 0.012 0.064 0.870 
 157 D _   0.010 0.027 0.000 0.007 0.003 0.012 0.064 0.878 
 158 V _   0.010 0.026 0.000 0.006 0.003 0.012 0.063 0.880 
 159 K _   0.010 0.026 0.000 0.007 0.004 0.013 0.062 0.878 
 160 L _   0.011 0.028 0.001 0.009 0.005 0.014 0.061 0.872 
 161 A _   0.012 0.032 0.001 0.012 0.006 0.016 0.059 0.862 
 162 D _   0.013 0.037 0.001 0.017 0.008 0.018 0.058 0.848 
 163 F _   0.014 0.043 0.001 0.023 0.010 0.019 0.056 0.834 
 164 G _   0.014 0.048 0.001 0.028 0.011 0.020 0.055 0.823 
 165 V _   0.015 0.051 0.001 0.032 0.012 0.020 0.054 0.815 
 166 A _   0.014 0.052 0.001 0.033 0.012 0.020 0.053 0.814 
 167 G _   0.014 0.050 0.001 0.032 0.012 0.020 0.053 0.818 
 168 Q _   0.014 0.047 0.001 0.029 0.010 0.019 0.053 0.828 
 169 L _   0.013 0.040 0.001 0.023 0.009 0.017 0.053 0.843 
 170 T _   0.013 0.032 0.001 0.018 0.007 0.016 0.053 0.860 
 171 D _   0.012 0.024 0.001 0.013 0.006 0.015 0.054 0.875 
 172 T _   0.012 0.018 0.001 0.009 0.005 0.015 0.054 0.888 
 173 Q _   0.012 0.013 0.000 0.007 0.004 0.015 0.054 0.895 
 174 I _   0.012 0.011 0.000 0.005 0.004 0.015 0.054 0.898 
 175 K _   0.014 0.010 0.000 0.005 0.004 0.017 0.053 0.896 
 176 R _   0.016 0.011 0.001 0.006 0.005 0.019 0.053 0.891 
 177 N _   0.019 0.013 0.001 0.007 0.007 0.022 0.052 0.880 
 178 T _   0.022 0.016 0.001 0.010 0.009 0.025 0.051 0.866 
 179 F _   0.025 0.022 0.001 0.014 0.012 0.029 0.050 0.847 
 180 V _   0.029 0.029 0.001 0.019 0.016 0.032 0.049 0.826 
 181 G _   0.032 0.037 0.001 0.023 0.019 0.034 0.048 0.805 
 182 T _   0.034 0.043 0.001 0.028 0.021 0.036 0.048 0.788 
 183 P _   0.035 0.049 0.002 0.031 0.024 0.038 0.047 0.775 
 184 F _   0.036 0.052 0.002 0.034 0.024 0.038 0.047 0.768 
 185 W _   0.035 0.053 0.002 0.035 0.024 0.037 0.047 0.766 
 186 M _   0.034 0.053 0.002 0.035 0.023 0.035 0.047 0.770 
 187 A _   0.032 0.051 0.002 0.034 0.021 0.033 0.048 0.778 
 188 P _   0.030 0.048 0.001 0.032 0.019 0.031 0.048 0.791 
 189 E _   0.028 0.042 0.001 0.029 0.016 0.028 0.049 0.808 
 190 V _   0.026 0.035 0.001 0.024 0.013 0.024 0.050 0.826 
 191 I _   0.024 0.027 0.001 0.019 0.010 0.021 0.051 0.846 
 192 Q _   0.023 0.018 0.001 0.014 0.007 0.019 0.052 0.866 
 193 Q _   0.022 0.011 0.001 0.010 0.005 0.016 0.053 0.882 
 194 S _   0.023 0.005 0.001 0.006 0.004 0.015 0.053 0.893 
 195 A _   0.027 0.002 0.000 0.004 0.003 0.014 0.053 0.897 
 196 Y _   0.034 0.001 0.000 0.003 0.003 0.014 0.052 0.894 
 197 D _   0.047 0.000 0.000 0.002 0.003 0.015 0.051 0.881 
 198 S _   0.070 0.000 0.000 0.002 0.004 0.018 0.050 0.855 
 199 K _   0.108 0.000 0.001 0.002 0.006 0.023 0.049 0.812 
 200 A _   0.161 0.000 0.001 0.002 0.010 0.029 0.048 0.750 
 201 D _   0.224 0.000 0.001 0.003 0.016 0.037 0.046 0.672 
 202 I _   0.291 0.001 0.002 0.004 0.027 0.046 0.045 0.585 
 203 W _   0.350 0.003 0.002 0.006 0.039 0.053 0.044 0.503 
 204 S _   0.394 0.009 0.002 0.009 0.051 0.058 0.044 0.432 
 205 L H   0.423 0.017 0.003 0.014 0.060 0.060 0.045 0.378 
 206 G H   0.435 0.026 0.003 0.021 0.065 0.060 0.047 0.343 
 207 I H   0.432 0.034 0.003 0.028 0.066 0.058 0.050 0.329 
 208 T H   0.415 0.038 0.003 0.033 0.064 0.055 0.054 0.339 
 209 A H   0.384 0.040 0.003 0.036 0.058 0.050 0.059 0.370 
 210 I _   0.340 0.038 0.003 0.036 0.050 0.045 0.065 0.423 
 211 E _   0.285 0.033 0.003 0.033 0.038 0.038 0.072 0.497 
 212 L _   0.223 0.025 0.002 0.026 0.026 0.031 0.081 0.586 
 213 A _   0.162 0.016 0.002 0.018 0.016 0.024 0.088 0.675 
 214 K _   0.109 0.008 0.001 0.011 0.008 0.017 0.095 0.751 
 215 G _   0.068 0.003 0.001 0.006 0.004 0.012 0.099 0.806 
 216 E _   0.040 0.001 0.000 0.003 0.002 0.009 0.102 0.842 
 217 P _   0.022 0.001 0.000 0.002 0.001 0.007 0.104 0.863 
 218 P _   0.014 0.001 0.000 0.002 0.001 0.006 0.105 0.872 
 219 N _   0.010 0.001 0.000 0.002 0.001 0.006 0.105 0.875 
 220 S _   0.009 0.003 0.000 0.003 0.002 0.008 0.104 0.871 
 221 D _   0.010 0.009 0.000 0.006 0.003 0.012 0.103 0.856 
 222 M _   0.012 0.029 0.001 0.014 0.007 0.017 0.100 0.821 
 223 H _   0.014 0.073 0.001 0.028 0.011 0.021 0.095 0.757 
 224 P _   0.014 0.138 0.002 0.047 0.016 0.024 0.090 0.670 
 225 M _   0.013 0.196 0.002 0.065 0.018 0.025 0.086 0.596 
 226 R _   0.012 0.231 0.002 0.077 0.019 0.025 0.083 0.551 
 227 V _   0.012 0.249 0.001 0.083 0.018 0.024 0.081 0.531 
 228 L _   0.011 0.254 0.001 0.082 0.017 0.022 0.081 0.531 
 229 F _   0.010 0.251 0.001 0.074 0.015 0.020 0.082 0.546 
 230 L _   0.009 0.239 0.001 0.062 0.013 0.017 0.083 0.575 
 231 I _   0.009 0.214 0.001 0.045 0.010 0.015 0.086 0.619 
 232 P _   0.009 0.181 0.001 0.030 0.007 0.013 0.089 0.671 
 233 K _   0.008 0.147 0.001 0.018 0.005 0.011 0.092 0.719 
 234 N _   0.007 0.123 0.000 0.010 0.003 0.010 0.094 0.753 
 235 N _   0.006 0.110 0.000 0.006 0.002 0.009 0.095 0.771 
 236 P _   0.006 0.105 0.000 0.005 0.002 0.009 0.096 0.778 
 237 P _   0.006 0.105 0.000 0.005 0.002 0.010 0.096 0.776 
 238 T _   0.007 0.111 0.000 0.006 0.003 0.011 0.095 0.766 
 239 L _   0.008 0.125 0.001 0.010 0.004 0.014 0.093 0.746 
 240 V _   0.009 0.151 0.001 0.015 0.006 0.016 0.091 0.712 
 241 G _   0.009 0.190 0.001 0.021 0.008 0.018 0.087 0.665 
 242 D _   0.009 0.238 0.001 0.027 0.010 0.019 0.084 0.612 
 243 F _   0.009 0.285 0.001 0.033 0.012 0.019 0.080 0.561 
 244 T _   0.008 0.326 0.001 0.038 0.013 0.019 0.077 0.517 
 245 K _   0.007 0.356 0.001 0.043 0.013 0.019 0.075 0.484 
 246 S _   0.007 0.377 0.001 0.047 0.014 0.019 0.074 0.462 
 247 F _   0.007 0.389 0.001 0.050 0.014 0.018 0.073 0.448 
 248 K _   0.007 0.394 0.001 0.052 0.013 0.017 0.074 0.442 
 249 E _   0.007 0.393 0.001 0.052 0.013 0.016 0.075 0.443 
 250 F _   0.008 0.385 0.001 0.049 0.012 0.015 0.077 0.453 
 251 I _   0.008 0.367 0.001 0.045 0.011 0.014 0.080 0.473 
 252 D _   0.009 0.338 0.001 0.040 0.010 0.014 0.084 0.505 
 253 A _   0.009 0.294 0.001 0.033 0.009 0.013 0.089 0.551 
 254 C _   0.010 0.238 0.001 0.026 0.008 0.012 0.096 0.609 
 255 L _   0.010 0.182 0.001 0.019 0.007 0.011 0.102 0.668 
 256 N _   0.009 0.135 0.001 0.013 0.005 0.010 0.108 0.718 
 257 K _   0.008 0.103 0.001 0.009 0.003 0.010 0.113 0.753 
 258 D _   0.007 0.085 0.000 0.006 0.003 0.009 0.116 0.773 
 259 P _   0.007 0.077 0.000 0.005 0.002 0.009 0.119 0.782 
 260 S _   0.006 0.074 0.000 0.005 0.002 0.009 0.120 0.784 
 261 F _   0.007 0.074 0.000 0.006 0.002 0.010 0.121 0.780 
 262 R _   0.007 0.079 0.000 0.008 0.003 0.012 0.121 0.770 
 263 P _   0.008 0.087 0.001 0.011 0.004 0.014 0.120 0.755 
 264 T _   0.009 0.101 0.001 0.016 0.006 0.015 0.120 0.732 
 265 A _   0.009 0.119 0.001 0.022 0.008 0.017 0.119 0.706 
 266 K _   0.009 0.136 0.001 0.028 0.009 0.018 0.118 0.680 
 267 E _   0.009 0.150 0.001 0.034 0.011 0.018 0.118 0.659 
 268 L _   0.009 0.160 0.001 0.038 0.011 0.018 0.119 0.644 
 269 L _   0.009 0.164 0.001 0.040 0.011 0.018 0.120 0.636 
 270 K _   0.009 0.165 0.001 0.039 0.011 0.017 0.122 0.635 
 271 H _   0.009 0.162 0.001 0.036 0.010 0.016 0.125 0.640 
 272 K _   0.009 0.155 0.001 0.032 0.009 0.015 0.128 0.651 
 273 F _   0.009 0.143 0.001 0.025 0.007 0.014 0.132 0.668 
 274 I _   0.009 0.129 0.001 0.019 0.006 0.012 0.137 0.688 
 275 V _   0.008 0.114 0.001 0.014 0.005 0.011 0.141 0.707 
 276 K _   0.008 0.103 0.000 0.009 0.004 0.011 0.144 0.721 
 277 N _   0.007 0.095 0.000 0.007 0.003 0.010 0.147 0.730 
 278 S _   0.008 0.092 0.000 0.005 0.003 0.011 0.149 0.732 
 279 K _   0.008 0.092 0.000 0.005 0.003 0.012 0.151 0.728 
 280 K _   0.009 0.097 0.000 0.007 0.004 0.013 0.152 0.717 
 281 T _   0.010 0.108 0.001 0.010 0.006 0.015 0.153 0.697 
 282 S _   0.011 0.128 0.001 0.016 0.008 0.017 0.154 0.665 
 283 Y _   0.011 0.157 0.001 0.024 0.010 0.019 0.154 0.624 
 284 L _   0.011 0.187 0.001 0.031 0.012 0.020 0.155 0.583 
 285 T _   0.011 0.211 0.001 0.039 0.013 0.020 0.156 0.549 
 286 E _   0.011 0.227 0.001 0.044 0.013 0.020 0.158 0.525 
 287 L _   0.010 0.236 0.001 0.047 0.013 0.020 0.161 0.511 
 288 I _   0.010 0.239 0.001 0.048 0.013 0.019 0.165 0.505 
 289 D _   0.010 0.237 0.001 0.047 0.012 0.018 0.170 0.505 
 290 R _   0.009 0.230 0.001 0.045 0.011 0.017 0.177 0.510 
 291 F _   0.009 0.217 0.001 0.041 0.010 0.015 0.186 0.521 
 292 K _   0.009 0.199 0.001 0.036 0.009 0.014 0.196 0.536 
 293 R _   0.009 0.174 0.001 0.032 0.008 0.013 0.208 0.555 
 294 W _   0.009 0.147 0.001 0.027 0.007 0.012 0.221 0.577 
 295 K _   0.009 0.118 0.001 0.022 0.006 0.011 0.234 0.599 
 296 A _   0.008 0.092 0.001 0.018 0.004 0.010 0.247 0.620 
 297 E _   0.007 0.069 0.001 0.015 0.004 0.008 0.258 0.638 
 298 G _   0.006 0.051 0.000 0.011 0.003 0.007 0.267 0.653 
 299 H _   0.006 0.038 0.000 0.009 0.002 0.006 0.275 0.664 
 300 S _   0.005 0.029 0.000 0.007 0.002 0.005 0.280 0.672 
 301 D _   0.004 0.024 0.000 0.006 0.001 0.005 0.284 0.676 
 302 D _   0.004 0.020 0.000 0.005 0.001 0.004 0.286 0.679 
 303 E _   0.003 0.018 0.000 0.005 0.001 0.004 0.288 0.681 
 304 S _   0.003 0.018 0.000 0.005 0.001 0.004 0.288 0.681 
 305 D _   0.003 0.018 0.000 0.006 0.001 0.005 0.287 0.681 
 306 S _   0.003 0.019 0.000 0.007 0.001 0.005 0.285 0.679 
 307 E _   0.003 0.020 0.000 0.009 0.002 0.006 0.283 0.677 
 308 G _   0.003 0.023 0.000 0.011 0.002 0.006 0.280 0.674 
 309 S _   0.003 0.025 0.000 0.013 0.002 0.007 0.277 0.671 
 310 D _   0.003 0.028 0.000 0.015 0.003 0.007 0.274 0.669 
 311 S _   0.003 0.030 0.000 0.016 0.003 0.007 0.271 0.669 
 312 E _   0.003 0.032 0.000 0.016 0.003 0.007 0.268 0.670 
 313 S _   0.003 0.033 0.000 0.015 0.003 0.007 0.265 0.674 
 314 T _   0.003 0.033 0.000 0.013 0.002 0.007 0.263 0.678 
 315 S _   0.003 0.033 0.000 0.011 0.002 0.007 0.261 0.683 
 316 R _   0.003 0.034 0.000 0.009 0.002 0.007 0.258 0.687 
 317 E _   0.003 0.035 0.000 0.008 0.002 0.007 0.255 0.689 
 318 N _   0.003 0.037 0.000 0.009 0.002 0.008 0.253 0.689 
 319 N _   0.004 0.040 0.000 0.010 0.003 0.009 0.249 0.684 
 320 T _   0.005 0.046 0.000 0.014 0.004 0.010 0.246 0.675 
 321 H _   0.005 0.055 0.001 0.019 0.005 0.012 0.242 0.661 
 322 P _   0.006 0.066 0.001 0.027 0.006 0.014 0.238 0.642 
 323 E _   0.007 0.076 0.001 0.036 0.008 0.015 0.234 0.623 
 324 W _   0.007 0.084 0.001 0.043 0.009 0.015 0.231 0.610 
 325 S _   0.008 0.087 0.001 0.048 0.009 0.015 0.230 0.602 
 326 F _   0.008 0.087 0.001 0.049 0.009 0.015 0.229 0.602 
 327 T _   0.008 0.084 0.001 0.045 0.008 0.014 0.230 0.610 
 328 T _   0.007 0.076 0.001 0.039 0.007 0.012 0.232 0.626 
 329 V _   0.007 0.063 0.001 0.030 0.006 0.010 0.234 0.649 
 330 R _   0.007 0.047 0.001 0.021 0.004 0.009 0.236 0.676 
 331 K _   0.006 0.029 0.000 0.014 0.003 0.007 0.239 0.702 
 332 K _   0.005 0.016 0.000 0.008 0.002 0.006 0.240 0.723 
 333 P _   0.004 0.008 0.000 0.005 0.001 0.004 0.240 0.737 
 334 D _   0.004 0.004 0.000 0.003 0.001 0.004 0.239 0.745 
 335 P _   0.003 0.002 0.000 0.002 0.001 0.003 0.237 0.751 
 336 K _   0.003 0.001 0.000 0.002 0.001 0.004 0.234 0.755 
 337 K _   0.004 0.001 0.000 0.002 0.001 0.004 0.229 0.758 
 338 V _   0.005 0.000 0.000 0.003 0.001 0.005 0.224 0.761 
 339 Q _   0.008 0.000 0.000 0.004 0.002 0.007 0.216 0.763 
 340 N _   0.013 0.000 0.000 0.005 0.003 0.010 0.207 0.762 
 341 G _   0.022 0.000 0.000 0.007 0.004 0.013 0.196 0.758 
 342 A _   0.038 0.001 0.001 0.008 0.005 0.017 0.183 0.748 
 343 E _   0.065 0.001 0.001 0.009 0.008 0.020 0.168 0.728 
 344 Q _   0.107 0.000 0.001 0.008 0.011 0.024 0.151 0.697 
 345 D _   0.164 0.000 0.001 0.007 0.014 0.027 0.133 0.652 
 346 L _   0.240 0.000 0.002 0.005 0.017 0.029 0.115 0.592 
 347 V _   0.328 0.000 0.002 0.004 0.020 0.030 0.098 0.518 
 348 Q _   0.424 0.000 0.002 0.003 0.022 0.030 0.083 0.436 
 349 T H   0.520 0.000 0.002 0.002 0.024 0.029 0.072 0.352 
 350 L H   0.608 0.000 0.002 0.002 0.026 0.027 0.064 0.273 
 351 S H   0.681 0.000 0.002 0.001 0.027 0.024 0.058 0.207 
 352 C H   0.738 0.000 0.001 0.001 0.027 0.021 0.055 0.156 
 353 L H   0.775 0.000 0.001 0.001 0.027 0.019 0.054 0.122 
 354 S H   0.799 0.000 0.001 0.001 0.027 0.017 0.054 0.101 
 355 M H   0.809 0.000 0.001 0.001 0.027 0.015 0.055 0.092 
 356 I H   0.807 0.000 0.001 0.001 0.027 0.015 0.057 0.091 
 357 I H   0.792 0.000 0.002 0.002 0.027 0.014 0.061 0.102 
 358 T H   0.762 0.000 0.002 0.002 0.027 0.014 0.068 0.124 
 359 P H   0.712 0.000 0.002 0.003 0.027 0.015 0.079 0.162 
 360 A H   0.637 0.000 0.002 0.005 0.025 0.015 0.095 0.221 
 361 F H   0.540 0.000 0.002 0.006 0.022 0.015 0.117 0.298 
 362 A H   0.429 0.000 0.002 0.006 0.017 0.014 0.146 0.386 
 363 E _   0.317 0.000 0.002 0.006 0.012 0.013 0.176 0.474 
 364 L _   0.218 0.000 0.001 0.006 0.008 0.011 0.205 0.551 
 365 K _   0.140 0.000 0.001 0.005 0.005 0.009 0.230 0.610 
 366 Q _   0.084 0.000 0.001 0.004 0.003 0.007 0.249 0.651 
 367 Q _   0.048 0.000 0.000 0.003 0.002 0.006 0.264 0.676 
 368 D _   0.027 0.000 0.000 0.003 0.002 0.005 0.274 0.689 
 369 E _   0.015 0.000 0.000 0.002 0.001 0.004 0.282 0.694 
 370 N _   0.009 0.000 0.000 0.002 0.001 0.004 0.288 0.695 
 371 N _   0.006 0.000 0.000 0.002 0.001 0.004 0.292 0.693 
 372 A _   0.005 0.001 0.000 0.003 0.001 0.005 0.295 0.690 
 373 S _   0.005 0.002 0.000 0.003 0.001 0.006 0.297 0.685 
 374 R _   0.005 0.003 0.000 0.005 0.002 0.008 0.299 0.678 
 375 N _   0.005 0.006 0.000 0.007 0.003 0.010 0.299 0.669 
 376 Q _   0.006 0.011 0.000 0.009 0.004 0.012 0.300 0.658 
 377 A _   0.007 0.017 0.001 0.012 0.005 0.015 0.300 0.644 
 378 I _   0.008 0.023 0.001 0.015 0.006 0.018 0.300 0.629 
 379 E _   0.010 0.030 0.001 0.017 0.008 0.021 0.300 0.614 
 380 E _   0.011 0.036 0.001 0.019 0.009 0.024 0.300 0.599 
 381 L _   0.013 0.042 0.001 0.021 0.012 0.027 0.301 0.584 
 382 E _   0.016 0.047 0.001 0.022 0.014 0.030 0.302 0.567 
 383 K _   0.018 0.052 0.001 0.024 0.016 0.033 0.304 0.551 
 384 S _   0.021 0.057 0.001 0.026 0.019 0.035 0.307 0.535 
 385 I _   0.024 0.061 0.001 0.028 0.021 0.036 0.310 0.518 
 386 A _   0.027 0.065 0.001 0.031 0.022 0.037 0.315 0.503 
 387 V _   0.029 0.067 0.001 0.032 0.023 0.036 0.321 0.491 
 388 A _   0.030 0.067 0.002 0.032 0.022 0.036 0.328 0.483 
 389 E _   0.031 0.065 0.001 0.031 0.021 0.034 0.337 0.480 
 390 A _   0.030 0.062 0.001 0.027 0.018 0.031 0.347 0.483 
 391 A _   0.028 0.056 0.001 0.022 0.015 0.029 0.358 0.489 
 392 C _   0.026 0.049 0.001 0.018 0.012 0.026 0.369 0.497 
 393 P _   0.024 0.043 0.001 0.013 0.010 0.024 0.381 0.504 
 394 G _   0.022 0.037 0.001 0.010 0.008 0.023 0.392 0.508 
 395 I _   0.021 0.034 0.001 0.008 0.006 0.021 0.402 0.507 
 396 T _   0.020 0.033 0.001 0.007 0.006 0.021 0.411 0.502 
 397 D _   0.019 0.033 0.001 0.008 0.006 0.021 0.420 0.493 
 398 K _   0.018 0.035 0.001 0.010 0.007 0.021 0.429 0.479 
 399 M _   0.018 0.039 0.001 0.013 0.008 0.022 0.439 0.461 
 400 V X   0.018 0.044 0.001 0.019 0.009 0.023 0.448 0.438 
 401 K X   0.017 0.050 0.001 0.025 0.011 0.023 0.458 0.414 
 402 K X   0.016 0.056 0.001 0.032 0.012 0.023 0.470 0.390 
 403 L X   0.015 0.059 0.001 0.038 0.013 0.022 0.483 0.369 
 404 I X   0.014 0.061 0.001 0.042 0.013 0.021 0.499 0.350 
 405 E X   0.013 0.060 0.001 0.042 0.012 0.019 0.517 0.336 
 406 K X   0.012 0.057 0.001 0.039 0.010 0.017 0.538 0.326 
 407 F X   0.010 0.051 0.001 0.033 0.008 0.015 0.561 0.321 
 408 Q X   0.008 0.042 0.001 0.026 0.007 0.012 0.585 0.319 
 409 K X   0.006 0.032 0.001 0.019 0.005 0.009 0.609 0.318 
 410 C X   0.005 0.023 0.000 0.013 0.003 0.007 0.632 0.317 
 411 S X   0.003 0.014 0.000 0.008 0.002 0.004 0.653 0.315 
 412 A X   0.001 0.007 0.000 0.004 0.001 0.002 0.671 0.313 
 413 D X   0.000 0.003 0.000 0.002 0.000 0.001 0.682 0.312 
 414 E X   0.000 0.001 0.000 0.001 0.000 0.000 0.685 0.313 
 415 S X   0.000 0.001 0.000 0.001 0.000 0.000 0.683 0.314 
 416 P X   0.002 0.001 0.001 0.007 0.002 0.002 0.673 0.313 
