#TopoPred_TM8: 8-state transmembrane topology prediction results by no_profile mode 
#probabilities are in the order of H E C I L F X _, the 8 transmembrane topology types used in PDBTM 
   1 M X   0.003 0.000 0.001 0.026 0.005 0.004 0.950 0.010 
   2 S X   0.001 0.000 0.000 0.010 0.001 0.001 0.979 0.007 
   3 V X   0.000 0.000 0.000 0.004 0.000 0.000 0.989 0.006 
   4 N X   0.000 0.000 0.000 0.002 0.000 0.000 0.992 0.006 
   5 S X   0.000 0.000 0.000 0.001 0.000 0.000 0.993 0.005 
   6 E X   0.000 0.000 0.000 0.001 0.000 0.000 0.994 0.005 
   7 K X   0.000 0.000 0.000 0.001 0.000 0.000 0.994 0.005 
   8 S X   0.000 0.000 0.000 0.000 0.000 0.000 0.994 0.005 
   9 S X   0.000 0.000 0.000 0.000 0.000 0.000 0.994 0.005 
  10 S X   0.000 0.000 0.000 0.000 0.000 0.000 0.994 0.005 
  11 S X   0.000 0.000 0.000 0.000 0.000 0.000 0.994 0.005 
  12 E X   0.000 0.000 0.000 0.000 0.000 0.000 0.994 0.005 
  13 R X   0.000 0.000 0.000 0.001 0.000 0.000 0.993 0.006 
  14 P X   0.000 0.000 0.000 0.001 0.000 0.000 0.992 0.006 
  15 E X   0.000 0.000 0.000 0.001 0.000 0.001 0.992 0.006 
  16 P X   0.000 0.000 0.000 0.001 0.000 0.001 0.991 0.006 
  17 Q X   0.000 0.000 0.000 0.001 0.000 0.001 0.990 0.007 
  18 Q X   0.000 0.000 0.000 0.002 0.000 0.001 0.990 0.006 
  19 K X   0.000 0.000 0.000 0.002 0.001 0.001 0.989 0.006 
  20 A X   0.000 0.000 0.000 0.002 0.001 0.001 0.989 0.006 
  21 P X   0.000 0.000 0.000 0.002 0.001 0.001 0.990 0.006 
  22 L X   0.000 0.000 0.000 0.002 0.001 0.001 0.990 0.005 
  23 V X   0.000 0.000 0.000 0.002 0.000 0.001 0.991 0.005 
  24 P X   0.000 0.000 0.000 0.001 0.000 0.001 0.993 0.004 
  25 P X   0.000 0.000 0.000 0.001 0.000 0.001 0.994 0.004 
  26 P X   0.000 0.000 0.000 0.001 0.000 0.000 0.995 0.003 
  27 P X   0.000 0.000 0.000 0.000 0.000 0.000 0.996 0.003 
  28 P X   0.000 0.000 0.000 0.000 0.000 0.000 0.997 0.002 
  29 P X   0.000 0.000 0.000 0.000 0.000 0.000 0.997 0.002 
  30 P X   0.000 0.000 0.000 0.000 0.000 0.000 0.998 0.002 
  31 P X   0.000 0.000 0.000 0.000 0.000 0.000 0.998 0.001 
  32 P X   0.000 0.000 0.000 0.000 0.000 0.000 0.998 0.001 
  33 P X   0.000 0.000 0.000 0.000 0.000 0.000 0.998 0.001 
  34 P X   0.000 0.000 0.000 0.000 0.000 0.000 0.998 0.001 
  35 P X   0.000 0.000 0.000 0.000 0.000 0.000 0.998 0.001 
  36 P X   0.000 0.000 0.000 0.000 0.000 0.000 0.998 0.002 
  37 L X   0.000 0.000 0.000 0.000 0.000 0.000 0.998 0.002 
  38 P X   0.000 0.000 0.000 0.000 0.000 0.000 0.997 0.002 
  39 D X   0.000 0.000 0.000 0.000 0.000 0.000 0.996 0.003 
  40 P X   0.000 0.000 0.000 0.000 0.000 0.000 0.995 0.004 
  41 T X   0.000 0.000 0.000 0.000 0.000 0.000 0.994 0.006 
  42 P X   0.000 0.000 0.000 0.000 0.000 0.000 0.991 0.007 
  43 P X   0.000 0.000 0.000 0.000 0.000 0.001 0.989 0.010 
  44 E X   0.000 0.000 0.000 0.001 0.000 0.001 0.985 0.012 
  45 P X   0.000 0.000 0.000 0.001 0.000 0.001 0.981 0.015 
  46 E X   0.001 0.000 0.000 0.002 0.000 0.001 0.976 0.019 
  47 E X   0.001 0.000 0.000 0.003 0.001 0.002 0.971 0.023 
  48 E X   0.001 0.000 0.000 0.003 0.001 0.002 0.965 0.028 
  49 I X   0.001 0.001 0.000 0.004 0.001 0.002 0.958 0.034 
  50 L X   0.001 0.001 0.000 0.004 0.001 0.002 0.952 0.040 
  51 G X   0.001 0.001 0.000 0.004 0.001 0.002 0.945 0.047 
  52 S X   0.001 0.001 0.000 0.004 0.001 0.002 0.938 0.054 
  53 D X   0.001 0.001 0.000 0.003 0.001 0.002 0.930 0.063 
  54 D X   0.001 0.001 0.000 0.003 0.001 0.002 0.922 0.071 
  55 E X   0.001 0.000 0.000 0.002 0.001 0.002 0.912 0.081 
  56 E X   0.001 0.001 0.000 0.002 0.001 0.002 0.901 0.092 
  57 Q X   0.001 0.001 0.000 0.003 0.001 0.002 0.888 0.105 
  58 E X   0.001 0.001 0.000 0.003 0.001 0.003 0.871 0.120 
  59 D X   0.001 0.001 0.000 0.004 0.001 0.003 0.851 0.138 
  60 P X   0.002 0.002 0.000 0.005 0.001 0.004 0.827 0.158 
  61 A X   0.002 0.004 0.000 0.007 0.002 0.005 0.799 0.181 
  62 D X   0.002 0.006 0.000 0.010 0.003 0.007 0.766 0.205 
  63 Y X   0.003 0.010 0.001 0.014 0.004 0.009 0.729 0.231 
  64 C X   0.003 0.016 0.001 0.019 0.005 0.011 0.689 0.257 
  65 K X   0.003 0.022 0.001 0.024 0.006 0.012 0.648 0.283 
  66 G X   0.004 0.030 0.001 0.029 0.007 0.014 0.608 0.308 
  67 G X   0.004 0.037 0.001 0.033 0.008 0.015 0.569 0.333 
  68 Y X   0.004 0.043 0.001 0.037 0.009 0.017 0.532 0.358 
  69 H X   0.004 0.048 0.001 0.039 0.009 0.017 0.498 0.383 
  70 P X   0.005 0.052 0.001 0.039 0.009 0.018 0.468 0.407 
  71 V X   0.005 0.056 0.001 0.039 0.010 0.019 0.440 0.431 
  72 K _   0.005 0.057 0.001 0.038 0.010 0.020 0.414 0.454 
  73 I _   0.005 0.058 0.001 0.036 0.010 0.020 0.392 0.477 
  74 G _   0.006 0.058 0.001 0.035 0.010 0.021 0.371 0.498 
  75 D _   0.007 0.057 0.001 0.033 0.010 0.022 0.352 0.518 
  76 L _   0.007 0.056 0.001 0.031 0.010 0.023 0.335 0.536 
  77 F _   0.008 0.053 0.001 0.030 0.011 0.024 0.319 0.554 
  78 N _   0.009 0.050 0.001 0.028 0.011 0.026 0.304 0.570 
  79 G _   0.011 0.046 0.001 0.027 0.011 0.027 0.291 0.586 
  80 R _   0.012 0.041 0.001 0.025 0.012 0.028 0.278 0.602 
  81 Y _   0.015 0.036 0.001 0.023 0.012 0.030 0.266 0.617 
  82 H _   0.018 0.030 0.001 0.020 0.012 0.032 0.255 0.632 
  83 V _   0.022 0.024 0.001 0.018 0.012 0.034 0.245 0.645 
  84 I _   0.027 0.018 0.001 0.015 0.011 0.036 0.235 0.657 
  85 R _   0.034 0.013 0.001 0.012 0.012 0.038 0.224 0.666 
  86 K _   0.044 0.009 0.001 0.009 0.012 0.041 0.214 0.670 
  87 L _   0.055 0.006 0.001 0.007 0.014 0.045 0.204 0.667 
  88 G _   0.069 0.005 0.001 0.007 0.016 0.049 0.194 0.660 
  89 W _   0.085 0.004 0.001 0.007 0.020 0.054 0.184 0.646 
  90 G _   0.102 0.004 0.001 0.007 0.025 0.058 0.174 0.628 
  91 H _   0.119 0.005 0.002 0.009 0.031 0.062 0.166 0.606 
  92 F _   0.136 0.006 0.002 0.012 0.038 0.065 0.158 0.584 
  93 S _   0.149 0.008 0.002 0.016 0.042 0.067 0.151 0.565 
  94 T _   0.157 0.010 0.002 0.020 0.045 0.066 0.145 0.554 
  95 V _   0.161 0.011 0.002 0.023 0.044 0.064 0.141 0.554 
  96 W _   0.159 0.012 0.002 0.024 0.042 0.060 0.137 0.565 
  97 L _   0.152 0.011 0.002 0.022 0.037 0.055 0.134 0.587 
  98 C _   0.142 0.009 0.002 0.018 0.030 0.050 0.131 0.617 
  99 W _   0.129 0.007 0.002 0.013 0.024 0.044 0.129 0.652 
 100 D _   0.114 0.004 0.001 0.009 0.018 0.040 0.127 0.687 
 101 M _   0.099 0.003 0.001 0.006 0.013 0.036 0.125 0.717 
 102 Q _   0.085 0.002 0.001 0.005 0.010 0.033 0.123 0.742 
 103 G _   0.074 0.002 0.001 0.004 0.009 0.031 0.121 0.759 
 104 K _   0.065 0.002 0.001 0.005 0.008 0.030 0.120 0.770 
 105 R _   0.058 0.003 0.001 0.006 0.009 0.029 0.118 0.776 
 106 F _   0.052 0.006 0.001 0.009 0.010 0.029 0.116 0.778 
 107 V _   0.046 0.009 0.001 0.012 0.011 0.029 0.114 0.777 
 108 A _   0.041 0.014 0.001 0.016 0.012 0.028 0.112 0.775 
 109 M _   0.037 0.018 0.001 0.019 0.013 0.027 0.110 0.775 
 110 K _   0.032 0.021 0.001 0.020 0.012 0.025 0.109 0.778 
 111 V _   0.028 0.024 0.001 0.020 0.012 0.024 0.107 0.785 
 112 V _   0.025 0.025 0.001 0.019 0.010 0.022 0.106 0.792 
 113 K _   0.022 0.025 0.001 0.016 0.009 0.020 0.105 0.801 
 114 S _   0.019 0.025 0.001 0.014 0.008 0.019 0.104 0.810 
 115 A _   0.018 0.025 0.001 0.011 0.006 0.018 0.103 0.818 
 116 Q _   0.016 0.025 0.001 0.010 0.006 0.017 0.103 0.824 
 117 H _   0.015 0.026 0.001 0.008 0.005 0.016 0.102 0.827 
 118 Y _   0.014 0.027 0.001 0.008 0.005 0.017 0.101 0.827 
 119 T _   0.014 0.030 0.001 0.009 0.005 0.017 0.100 0.824 
 120 E _   0.015 0.035 0.001 0.010 0.006 0.018 0.099 0.817 
 121 T _   0.016 0.043 0.001 0.012 0.007 0.020 0.098 0.804 
 122 A _   0.017 0.054 0.001 0.016 0.009 0.021 0.096 0.786 
 123 L _   0.018 0.068 0.001 0.022 0.011 0.023 0.094 0.764 
 124 D _   0.018 0.084 0.001 0.028 0.013 0.024 0.092 0.739 
 125 E _   0.019 0.099 0.001 0.036 0.015 0.024 0.091 0.715 
 126 I _   0.019 0.112 0.001 0.044 0.016 0.024 0.090 0.694 
 127 K _   0.019 0.119 0.001 0.050 0.016 0.024 0.090 0.680 
 128 L _   0.019 0.123 0.001 0.053 0.016 0.023 0.090 0.675 
 129 L _   0.018 0.121 0.001 0.054 0.015 0.021 0.091 0.678 
 130 K _   0.017 0.115 0.001 0.050 0.013 0.019 0.093 0.692 
 131 C _   0.015 0.103 0.001 0.043 0.010 0.017 0.096 0.715 
 132 V _   0.014 0.084 0.001 0.034 0.008 0.014 0.099 0.747 
 133 R _   0.012 0.060 0.001 0.024 0.006 0.012 0.102 0.784 
 134 E _   0.010 0.037 0.001 0.015 0.004 0.009 0.104 0.820 
 135 S _   0.009 0.019 0.000 0.009 0.003 0.007 0.106 0.848 
 136 D _   0.007 0.009 0.000 0.005 0.002 0.005 0.106 0.867 
 137 P _   0.005 0.004 0.000 0.003 0.001 0.004 0.106 0.877 
 138 S _   0.004 0.002 0.000 0.002 0.001 0.004 0.105 0.883 
 139 D _   0.003 0.001 0.000 0.002 0.001 0.004 0.103 0.886 
 140 P _   0.004 0.001 0.000 0.002 0.001 0.005 0.100 0.886 
 141 N _   0.005 0.001 0.000 0.004 0.002 0.007 0.097 0.885 
 142 K _   0.006 0.002 0.000 0.007 0.002 0.009 0.092 0.881 
 143 D _   0.007 0.004 0.000 0.012 0.004 0.013 0.087 0.874 
 144 M _   0.009 0.007 0.001 0.019 0.006 0.016 0.080 0.863 
 145 V _   0.010 0.009 0.001 0.026 0.008 0.019 0.073 0.852 
 146 V _   0.013 0.011 0.001 0.032 0.011 0.022 0.066 0.844 
 147 Q _   0.015 0.012 0.001 0.035 0.012 0.023 0.060 0.842 
 148 L _   0.019 0.012 0.001 0.034 0.013 0.024 0.054 0.842 
 149 I _   0.027 0.011 0.001 0.030 0.013 0.024 0.049 0.845 
 150 D _   0.038 0.008 0.001 0.024 0.013 0.024 0.044 0.848 
 151 D _   0.056 0.005 0.001 0.016 0.012 0.023 0.039 0.848 
 152 F _   0.082 0.003 0.001 0.010 0.010 0.022 0.035 0.838 
 153 K _   0.117 0.001 0.001 0.005 0.009 0.020 0.030 0.816 
 154 I _   0.166 0.000 0.001 0.003 0.008 0.018 0.026 0.778 
 155 S _   0.228 0.000 0.001 0.002 0.008 0.017 0.021 0.723 
 156 G _   0.306 0.000 0.001 0.001 0.008 0.016 0.017 0.652 
 157 M _   0.405 0.000 0.001 0.001 0.008 0.014 0.013 0.558 
 158 N H   0.515 0.000 0.001 0.001 0.009 0.013 0.010 0.450 
 159 G H   0.627 0.000 0.001 0.001 0.011 0.012 0.007 0.341 
 160 I H   0.728 0.000 0.001 0.001 0.011 0.011 0.005 0.243 
 161 H H   0.805 0.000 0.001 0.001 0.012 0.010 0.003 0.169 
 162 V H   0.857 0.000 0.001 0.001 0.012 0.008 0.002 0.118 
 163 C H   0.892 0.000 0.001 0.000 0.012 0.007 0.002 0.085 
 164 M H   0.911 0.000 0.001 0.000 0.012 0.006 0.002 0.067 
 165 V H   0.920 0.000 0.001 0.000 0.012 0.006 0.001 0.059 
 166 F H   0.920 0.000 0.001 0.000 0.012 0.005 0.002 0.059 
 167 E H   0.911 0.000 0.001 0.000 0.013 0.005 0.002 0.068 
 168 V H   0.893 0.000 0.001 0.000 0.013 0.006 0.002 0.084 
 169 L H   0.863 0.000 0.001 0.001 0.014 0.006 0.003 0.112 
 170 G H   0.820 0.000 0.001 0.001 0.015 0.007 0.004 0.152 
 171 H H   0.763 0.000 0.001 0.001 0.015 0.009 0.006 0.206 
 172 H H   0.692 0.000 0.001 0.001 0.015 0.010 0.008 0.272 
 173 L H   0.611 0.000 0.001 0.002 0.015 0.011 0.012 0.348 
 174 L H   0.522 0.000 0.001 0.002 0.014 0.013 0.017 0.431 
 175 K _   0.431 0.000 0.001 0.003 0.013 0.013 0.022 0.516 
 176 W _   0.342 0.000 0.001 0.004 0.011 0.013 0.028 0.600 
 177 I _   0.263 0.000 0.001 0.004 0.009 0.013 0.034 0.675 
 178 I _   0.197 0.000 0.001 0.004 0.007 0.013 0.040 0.738 
 179 K _   0.144 0.000 0.001 0.004 0.006 0.012 0.044 0.789 
 180 S _   0.106 0.000 0.001 0.003 0.004 0.012 0.048 0.826 
 181 N _   0.079 0.000 0.000 0.003 0.004 0.012 0.051 0.850 
 182 Y _   0.062 0.000 0.000 0.003 0.003 0.013 0.054 0.865 
 183 Q _   0.052 0.000 0.000 0.002 0.003 0.014 0.057 0.871 
 184 G _   0.048 0.000 0.000 0.002 0.004 0.016 0.059 0.870 
 185 L _   0.048 0.000 0.000 0.003 0.004 0.020 0.061 0.864 
 186 P _   0.051 0.001 0.001 0.004 0.006 0.024 0.062 0.852 
 187 V _   0.057 0.002 0.001 0.005 0.009 0.030 0.064 0.833 
 188 R _   0.065 0.004 0.001 0.007 0.013 0.036 0.065 0.809 
 189 C _   0.074 0.010 0.001 0.010 0.019 0.043 0.067 0.776 
 190 V _   0.083 0.019 0.002 0.015 0.027 0.050 0.069 0.737 
 191 K _   0.089 0.032 0.002 0.021 0.035 0.055 0.071 0.695 
 192 S _   0.093 0.045 0.002 0.029 0.041 0.058 0.074 0.658 
 193 I _   0.094 0.057 0.002 0.037 0.045 0.059 0.077 0.628 
 194 I _   0.092 0.066 0.003 0.043 0.047 0.059 0.082 0.608 
 195 R _   0.088 0.072 0.003 0.048 0.045 0.056 0.087 0.601 
 196 Q _   0.081 0.073 0.002 0.049 0.041 0.052 0.094 0.607 
 197 V _   0.073 0.070 0.002 0.047 0.036 0.047 0.101 0.624 
 198 L _   0.063 0.064 0.002 0.040 0.029 0.041 0.110 0.652 
 199 Q _   0.052 0.053 0.002 0.032 0.022 0.035 0.119 0.686 
 200 G _   0.042 0.040 0.001 0.023 0.016 0.029 0.127 0.721 
 201 L _   0.034 0.027 0.001 0.016 0.011 0.024 0.136 0.752 
 202 D _   0.026 0.018 0.001 0.010 0.007 0.020 0.143 0.775 
 203 Y _   0.021 0.012 0.001 0.008 0.005 0.016 0.149 0.789 
 204 L _   0.016 0.008 0.000 0.006 0.004 0.014 0.154 0.796 
 205 H _   0.014 0.007 0.000 0.006 0.004 0.013 0.159 0.798 
 206 S _   0.012 0.006 0.000 0.006 0.004 0.012 0.164 0.796 
 207 K _   0.011 0.006 0.000 0.007 0.004 0.012 0.168 0.792 
 208 C _   0.010 0.006 0.001 0.009 0.004 0.012 0.172 0.787 
 209 K _   0.009 0.006 0.001 0.010 0.005 0.012 0.176 0.781 
 210 I _   0.009 0.007 0.001 0.011 0.005 0.012 0.180 0.776 
 211 I _   0.009 0.007 0.001 0.011 0.005 0.012 0.184 0.772 
 212 H _   0.008 0.007 0.001 0.011 0.005 0.011 0.188 0.769 
 213 T _   0.008 0.007 0.001 0.010 0.005 0.012 0.192 0.766 
 214 D _   0.008 0.007 0.001 0.010 0.005 0.012 0.196 0.763 
 215 I _   0.008 0.007 0.001 0.009 0.005 0.012 0.200 0.758 
 216 K _   0.009 0.007 0.001 0.009 0.005 0.013 0.204 0.752 
 217 P _   0.010 0.008 0.001 0.009 0.005 0.015 0.209 0.744 
 218 E _   0.012 0.009 0.001 0.010 0.006 0.016 0.214 0.733 
 219 N _   0.013 0.011 0.001 0.011 0.007 0.018 0.219 0.721 
 220 I _   0.015 0.013 0.001 0.012 0.008 0.020 0.224 0.708 
 221 L _   0.017 0.015 0.001 0.014 0.009 0.021 0.230 0.694 
 222 M _   0.018 0.017 0.001 0.014 0.010 0.023 0.235 0.682 
 223 C _   0.020 0.019 0.001 0.015 0.010 0.024 0.242 0.669 
 224 V _   0.021 0.021 0.001 0.015 0.011 0.026 0.248 0.657 
 225 D _   0.023 0.023 0.001 0.015 0.012 0.027 0.255 0.643 
 226 D _   0.025 0.026 0.001 0.016 0.013 0.028 0.263 0.628 
 227 A _   0.027 0.028 0.001 0.018 0.014 0.029 0.271 0.611 
 228 Y _   0.029 0.031 0.001 0.020 0.015 0.030 0.281 0.593 
 229 V _   0.030 0.034 0.001 0.023 0.016 0.030 0.291 0.574 
 230 R _   0.030 0.037 0.001 0.026 0.017 0.030 0.303 0.556 
 231 R _   0.029 0.039 0.001 0.029 0.017 0.029 0.316 0.541 
 232 M _   0.027 0.040 0.001 0.031 0.016 0.027 0.330 0.528 
 233 A _   0.025 0.039 0.001 0.032 0.015 0.025 0.346 0.518 
 234 A _   0.022 0.037 0.001 0.030 0.013 0.022 0.362 0.512 
 235 E _   0.019 0.034 0.001 0.028 0.011 0.019 0.379 0.508 
 236 A _   0.017 0.030 0.001 0.024 0.009 0.017 0.398 0.506 
 237 T _   0.014 0.025 0.001 0.019 0.007 0.014 0.416 0.504 
 238 E _   0.012 0.019 0.001 0.015 0.005 0.011 0.435 0.502 
 239 W _   0.010 0.014 0.001 0.012 0.004 0.009 0.452 0.499 
 240 Q _   0.008 0.010 0.000 0.009 0.003 0.007 0.467 0.496 
 241 K _   0.007 0.007 0.000 0.006 0.002 0.006 0.481 0.491 
 242 A X   0.005 0.004 0.000 0.005 0.002 0.005 0.492 0.486 
 243 G X   0.005 0.003 0.000 0.004 0.001 0.004 0.502 0.481 
 244 A X   0.004 0.002 0.000 0.003 0.001 0.004 0.509 0.476 
 245 P X   0.003 0.002 0.000 0.003 0.001 0.003 0.516 0.471 
 246 P X   0.003 0.002 0.000 0.003 0.001 0.003 0.521 0.466 
 247 P X   0.003 0.002 0.000 0.003 0.001 0.004 0.525 0.461 
 248 S X   0.003 0.003 0.000 0.004 0.001 0.004 0.529 0.455 
 249 G X   0.003 0.004 0.000 0.005 0.002 0.005 0.532 0.448 
 250 S X   0.004 0.005 0.000 0.007 0.002 0.006 0.535 0.441 
 251 A X   0.004 0.007 0.000 0.009 0.003 0.006 0.538 0.433 
 252 V X   0.004 0.009 0.000 0.012 0.003 0.007 0.541 0.424 
 253 S X   0.004 0.011 0.000 0.014 0.003 0.007 0.544 0.417 
 254 T X   0.004 0.012 0.000 0.015 0.004 0.007 0.547 0.410 
 255 A X   0.004 0.013 0.000 0.016 0.004 0.007 0.552 0.403 
 256 P X   0.004 0.013 0.000 0.016 0.004 0.007 0.557 0.398 
 257 Q X   0.004 0.013 0.000 0.015 0.003 0.007 0.563 0.394 
 258 Q X   0.004 0.013 0.000 0.014 0.003 0.007 0.569 0.390 
 259 K X   0.004 0.012 0.000 0.013 0.003 0.006 0.576 0.386 
 260 P X   0.004 0.011 0.000 0.011 0.003 0.006 0.583 0.382 
 261 I X   0.004 0.010 0.000 0.010 0.002 0.005 0.591 0.378 
 262 G X   0.004 0.008 0.000 0.008 0.002 0.005 0.598 0.374 
 263 K X   0.004 0.007 0.000 0.007 0.002 0.004 0.605 0.370 
 264 I X   0.003 0.006 0.000 0.006 0.001 0.004 0.611 0.367 
 265 S X   0.003 0.005 0.000 0.005 0.001 0.004 0.617 0.365 
 266 K X   0.003 0.004 0.000 0.004 0.001 0.003 0.621 0.363 
 267 N X   0.003 0.004 0.000 0.003 0.001 0.003 0.625 0.361 
 268 K X   0.003 0.003 0.000 0.003 0.001 0.003 0.627 0.360 
 269 K X   0.002 0.003 0.000 0.003 0.001 0.003 0.628 0.360 
 270 K X   0.002 0.003 0.000 0.003 0.001 0.003 0.629 0.360 
 271 K X   0.002 0.004 0.000 0.003 0.001 0.003 0.628 0.360 
 272 L X   0.002 0.004 0.000 0.003 0.001 0.003 0.626 0.360 
 273 K X   0.002 0.005 0.000 0.003 0.001 0.003 0.624 0.361 
 274 K X   0.002 0.007 0.000 0.004 0.001 0.003 0.620 0.362 
 275 K X   0.002 0.010 0.000 0.004 0.001 0.004 0.616 0.362 
 276 Q X   0.002 0.014 0.000 0.006 0.001 0.004 0.611 0.362 
 277 K X   0.002 0.019 0.000 0.007 0.002 0.005 0.604 0.360 
 278 R X   0.002 0.026 0.000 0.008 0.002 0.005 0.598 0.358 
 279 Q X   0.002 0.034 0.000 0.010 0.002 0.006 0.590 0.355 
 280 A X   0.002 0.042 0.000 0.012 0.003 0.006 0.583 0.351 
 281 E X   0.002 0.050 0.000 0.013 0.003 0.006 0.577 0.348 
 282 L X   0.002 0.058 0.000 0.014 0.003 0.007 0.571 0.345 
 283 L X   0.002 0.065 0.000 0.014 0.003 0.007 0.566 0.342 
 284 E X   0.002 0.070 0.000 0.014 0.003 0.007 0.562 0.341 
 285 K X   0.002 0.074 0.000 0.014 0.003 0.006 0.559 0.340 
 286 R X   0.002 0.078 0.000 0.013 0.003 0.006 0.557 0.340 
 287 L X   0.003 0.080 0.000 0.013 0.003 0.006 0.555 0.340 
 288 Q X   0.003 0.082 0.000 0.012 0.003 0.006 0.554 0.339 
 289 E X   0.003 0.084 0.000 0.011 0.003 0.006 0.553 0.339 
 290 I X   0.003 0.085 0.000 0.011 0.003 0.006 0.553 0.338 
 291 E X   0.003 0.086 0.000 0.010 0.003 0.007 0.553 0.338 
 292 E X   0.003 0.087 0.000 0.009 0.003 0.007 0.554 0.337 
 293 L X   0.003 0.088 0.000 0.009 0.003 0.007 0.554 0.335 
 294 E X   0.004 0.089 0.000 0.008 0.003 0.007 0.555 0.334 
 295 R X   0.004 0.091 0.000 0.008 0.003 0.008 0.556 0.331 
 296 E X   0.004 0.093 0.000 0.009 0.003 0.008 0.557 0.326 
 297 A X   0.005 0.096 0.000 0.010 0.004 0.009 0.558 0.319 
 298 E X   0.005 0.100 0.000 0.011 0.005 0.010 0.559 0.310 
 299 R X   0.006 0.105 0.001 0.014 0.005 0.011 0.560 0.298 
 300 K X   0.006 0.111 0.001 0.018 0.006 0.012 0.562 0.284 
 301 I X   0.006 0.117 0.001 0.022 0.007 0.012 0.565 0.270 
 302 I X   0.007 0.121 0.001 0.027 0.008 0.013 0.569 0.256 
 303 E X   0.007 0.123 0.001 0.031 0.009 0.012 0.574 0.244 
 304 E X   0.006 0.122 0.001 0.033 0.009 0.012 0.581 0.236 
 305 N X   0.006 0.119 0.001 0.033 0.008 0.011 0.591 0.230 
 306 I X   0.006 0.112 0.001 0.031 0.008 0.010 0.603 0.228 
 307 T X   0.006 0.101 0.001 0.028 0.007 0.009 0.618 0.230 
 308 S X   0.005 0.085 0.001 0.023 0.006 0.008 0.637 0.235 
 309 A X   0.005 0.065 0.001 0.018 0.005 0.007 0.657 0.242 
 310 A X   0.005 0.045 0.001 0.013 0.004 0.006 0.678 0.249 
 311 P X   0.004 0.029 0.000 0.008 0.002 0.005 0.697 0.254 
 312 S X   0.003 0.019 0.000 0.005 0.002 0.004 0.711 0.256 
 313 N X   0.003 0.013 0.000 0.003 0.001 0.003 0.722 0.255 
 314 D X   0.002 0.010 0.000 0.002 0.001 0.002 0.730 0.252 
 315 Q X   0.002 0.009 0.000 0.002 0.001 0.002 0.736 0.249 
 316 D X   0.002 0.008 0.000 0.002 0.001 0.002 0.741 0.245 
 317 G X   0.002 0.008 0.000 0.002 0.001 0.002 0.744 0.241 
 318 E X   0.002 0.009 0.000 0.002 0.001 0.003 0.746 0.238 
 319 Y X   0.002 0.011 0.000 0.003 0.001 0.003 0.748 0.233 
 320 C X   0.002 0.013 0.000 0.004 0.001 0.003 0.748 0.228 
 321 P X   0.002 0.017 0.000 0.005 0.001 0.004 0.749 0.222 
 322 E X   0.002 0.021 0.000 0.007 0.002 0.004 0.748 0.216 
 323 V X   0.002 0.026 0.000 0.008 0.002 0.005 0.748 0.209 
 324 K X   0.002 0.031 0.000 0.010 0.002 0.005 0.748 0.201 
 325 L X   0.002 0.036 0.000 0.012 0.002 0.005 0.748 0.194 
 326 K X   0.002 0.041 0.000 0.014 0.003 0.006 0.749 0.186 
 327 T X   0.002 0.045 0.000 0.015 0.003 0.006 0.751 0.178 
 328 T X   0.002 0.048 0.000 0.017 0.003 0.006 0.753 0.170 
 329 G X   0.002 0.050 0.000 0.019 0.004 0.007 0.757 0.162 
 330 L X   0.002 0.052 0.000 0.021 0.004 0.007 0.761 0.154 
 331 E X   0.002 0.052 0.000 0.022 0.004 0.007 0.767 0.146 
 332 E X   0.002 0.051 0.000 0.022 0.004 0.007 0.775 0.138 
 333 A X   0.002 0.050 0.000 0.021 0.004 0.006 0.784 0.131 
 334 A X   0.002 0.047 0.000 0.020 0.004 0.006 0.796 0.125 
 335 E X   0.002 0.042 0.000 0.018 0.004 0.006 0.809 0.119 
 336 A X   0.002 0.036 0.000 0.016 0.003 0.005 0.824 0.112 
 337 E X   0.002 0.030 0.000 0.013 0.003 0.005 0.841 0.106 
 338 T X   0.002 0.022 0.000 0.010 0.002 0.004 0.859 0.100 
 339 A X   0.002 0.016 0.000 0.008 0.002 0.004 0.876 0.093 
 340 K X   0.002 0.011 0.000 0.006 0.001 0.003 0.892 0.085 
 341 D X   0.002 0.007 0.000 0.004 0.001 0.002 0.906 0.078 
 342 N X   0.001 0.004 0.000 0.003 0.001 0.002 0.917 0.072 
 343 G X   0.001 0.003 0.000 0.002 0.001 0.002 0.926 0.066 
 344 E X   0.001 0.002 0.000 0.002 0.000 0.001 0.933 0.061 
 345 A X   0.001 0.001 0.000 0.001 0.000 0.001 0.939 0.056 
 346 E X   0.001 0.001 0.000 0.001 0.000 0.001 0.943 0.053 
 347 D X   0.001 0.001 0.000 0.001 0.000 0.001 0.946 0.050 
 348 Q X   0.001 0.000 0.000 0.001 0.000 0.001 0.949 0.048 
 349 E X   0.000 0.000 0.000 0.001 0.000 0.001 0.951 0.046 
 350 E X   0.000 0.000 0.000 0.001 0.000 0.001 0.952 0.045 
 351 K X   0.000 0.000 0.000 0.001 0.000 0.001 0.953 0.044 
 352 E X   0.000 0.000 0.000 0.001 0.000 0.001 0.954 0.043 
 353 D X   0.000 0.000 0.000 0.001 0.000 0.001 0.955 0.042 
 354 A X   0.000 0.000 0.000 0.001 0.000 0.001 0.955 0.042 
 355 E X   0.000 0.000 0.000 0.001 0.000 0.001 0.955 0.042 
 356 K X   0.000 0.000 0.000 0.001 0.000 0.001 0.955 0.042 
 357 E X   0.000 0.000 0.000 0.001 0.000 0.001 0.955 0.042 
 358 N X   0.000 0.000 0.000 0.001 0.000 0.001 0.954 0.043 
 359 I X   0.000 0.000 0.000 0.001 0.000 0.001 0.954 0.043 
 360 E X   0.000 0.000 0.000 0.001 0.000 0.001 0.953 0.044 
 361 K X   0.000 0.000 0.000 0.001 0.000 0.001 0.952 0.045 
 362 D X   0.000 0.000 0.000 0.001 0.000 0.001 0.951 0.046 
 363 E X   0.000 0.000 0.000 0.001 0.000 0.001 0.949 0.048 
 364 D X   0.000 0.001 0.000 0.001 0.000 0.001 0.947 0.049 
 365 D X   0.000 0.001 0.000 0.001 0.000 0.001 0.945 0.051 
 366 V X   0.000 0.001 0.000 0.002 0.000 0.001 0.942 0.052 
 367 D X   0.001 0.002 0.000 0.002 0.001 0.002 0.939 0.054 
 368 Q X   0.001 0.003 0.000 0.003 0.001 0.002 0.936 0.055 
 369 E X   0.001 0.004 0.000 0.004 0.001 0.002 0.932 0.055 
 370 L X   0.001 0.005 0.000 0.005 0.001 0.002 0.929 0.056 
 371 A X   0.001 0.006 0.000 0.007 0.001 0.003 0.926 0.057 
 372 N X   0.001 0.007 0.000 0.007 0.002 0.003 0.923 0.057 
 373 I X   0.001 0.007 0.000 0.008 0.002 0.003 0.922 0.058 
 374 D X   0.001 0.008 0.000 0.008 0.002 0.003 0.921 0.058 
 375 P X   0.001 0.008 0.000 0.008 0.002 0.003 0.920 0.059 
 376 T X   0.001 0.007 0.000 0.007 0.002 0.003 0.921 0.060 
 377 W X   0.001 0.007 0.000 0.006 0.001 0.002 0.922 0.061 
 378 I X   0.001 0.006 0.000 0.005 0.001 0.002 0.923 0.062 
 379 E X   0.001 0.005 0.000 0.004 0.001 0.002 0.925 0.062 
 380 S X   0.001 0.005 0.000 0.003 0.001 0.002 0.926 0.063 
 381 P X   0.001 0.004 0.000 0.002 0.001 0.001 0.927 0.064 
 382 K X   0.001 0.004 0.000 0.001 0.000 0.001 0.928 0.064 
 383 T X   0.001 0.003 0.000 0.001 0.000 0.001 0.929 0.065 
 384 N X   0.001 0.003 0.000 0.001 0.000 0.001 0.929 0.065 
 385 G X   0.001 0.003 0.000 0.001 0.000 0.001 0.929 0.064 
 386 H X   0.001 0.004 0.000 0.002 0.001 0.001 0.928 0.064 
 387 I X   0.001 0.004 0.000 0.003 0.001 0.002 0.927 0.063 
 388 E X   0.001 0.005 0.000 0.004 0.001 0.002 0.927 0.061 
 389 N X   0.001 0.005 0.000 0.005 0.001 0.002 0.926 0.059 
 390 G X   0.001 0.006 0.000 0.006 0.001 0.002 0.926 0.057 
 391 P X   0.001 0.007 0.000 0.007 0.001 0.002 0.926 0.055 
 392 F X   0.001 0.007 0.000 0.008 0.001 0.002 0.927 0.053 
 393 S X   0.001 0.006 0.000 0.008 0.001 0.002 0.929 0.052 
 394 L X   0.001 0.006 0.000 0.007 0.001 0.002 0.931 0.051 
 395 E X   0.001 0.005 0.000 0.006 0.001 0.002 0.935 0.050 
 396 Q X   0.001 0.004 0.000 0.005 0.001 0.002 0.938 0.050 
 397 Q X   0.001 0.003 0.000 0.003 0.001 0.001 0.942 0.049 
 398 L X   0.001 0.002 0.000 0.002 0.000 0.001 0.945 0.048 
 399 D X   0.001 0.001 0.000 0.002 0.000 0.001 0.948 0.048 
 400 D X   0.000 0.001 0.000 0.001 0.000 0.001 0.950 0.047 
 401 E X   0.000 0.001 0.000 0.001 0.000 0.001 0.951 0.046 
 402 D X   0.000 0.000 0.000 0.001 0.000 0.001 0.952 0.046 
 403 D X   0.000 0.000 0.000 0.001 0.000 0.001 0.952 0.046 
 404 D X   0.000 0.000 0.000 0.001 0.000 0.001 0.951 0.047 
 405 E X   0.000 0.000 0.000 0.001 0.000 0.001 0.950 0.048 
 406 E X   0.000 0.000 0.000 0.001 0.000 0.001 0.948 0.049 
 407 D X   0.000 0.000 0.000 0.001 0.000 0.001 0.946 0.051 
 408 C X   0.001 0.000 0.000 0.001 0.000 0.001 0.943 0.053 
 409 P X   0.001 0.000 0.000 0.002 0.000 0.001 0.939 0.056 
 410 N X   0.001 0.001 0.000 0.002 0.000 0.001 0.934 0.060 
 411 P X   0.001 0.001 0.000 0.003 0.001 0.002 0.929 0.065 
 412 E X   0.001 0.001 0.000 0.003 0.001 0.002 0.923 0.070 
 413 E X   0.001 0.001 0.000 0.003 0.001 0.002 0.916 0.077 
 414 Y X   0.001 0.001 0.000 0.003 0.001 0.002 0.908 0.084 
 415 N X   0.001 0.002 0.000 0.004 0.001 0.002 0.899 0.092 
 416 L X   0.001 0.002 0.000 0.004 0.001 0.002 0.889 0.101 
 417 D X   0.001 0.002 0.000 0.004 0.001 0.003 0.878 0.111 
 418 E X   0.001 0.003 0.000 0.004 0.001 0.003 0.866 0.122 
 419 P X   0.001 0.004 0.000 0.005 0.001 0.003 0.852 0.134 
 420 N X   0.001 0.005 0.000 0.005 0.001 0.004 0.836 0.147 
 421 A X   0.001 0.007 0.000 0.006 0.001 0.004 0.819 0.161 
 422 E X   0.002 0.010 0.000 0.007 0.002 0.005 0.800 0.175 
 423 S X   0.002 0.013 0.000 0.009 0.002 0.006 0.778 0.189 
 424 D X   0.002 0.019 0.000 0.011 0.003 0.006 0.754 0.204 
 425 Y X   0.002 0.025 0.000 0.014 0.003 0.007 0.728 0.219 
 426 T X   0.002 0.034 0.001 0.017 0.004 0.008 0.701 0.234 
 427 Y X   0.002 0.043 0.001 0.020 0.004 0.009 0.673 0.247 
 428 S X   0.003 0.054 0.001 0.023 0.005 0.010 0.646 0.259 
 429 S X   0.003 0.064 0.001 0.026 0.005 0.010 0.620 0.271 
 430 S X   0.003 0.073 0.001 0.028 0.005 0.010 0.597 0.283 
 431 Y X   0.003 0.082 0.001 0.029 0.005 0.010 0.576 0.295 
 432 E X   0.003 0.088 0.001 0.030 0.005 0.010 0.558 0.306 
 433 Q X   0.003 0.093 0.001 0.029 0.005 0.009 0.542 0.318 
 434 F X   0.003 0.096 0.001 0.027 0.005 0.009 0.529 0.331 
 435 N X   0.003 0.098 0.001 0.024 0.004 0.008 0.518 0.344 
 436 G X   0.003 0.098 0.000 0.020 0.004 0.007 0.508 0.359 
 437 E X   0.003 0.098 0.000 0.017 0.003 0.007 0.499 0.373 
 438 L X   0.003 0.097 0.000 0.013 0.003 0.006 0.491 0.387 
 439 P X   0.003 0.096 0.000 0.010 0.002 0.006 0.482 0.400 
 440 N X   0.003 0.095 0.000 0.009 0.002 0.006 0.473 0.412 
 441 G X   0.003 0.096 0.000 0.007 0.002 0.006 0.464 0.422 
 442 R X   0.003 0.098 0.000 0.007 0.002 0.006 0.453 0.430 
 443 H X   0.003 0.103 0.000 0.008 0.002 0.007 0.440 0.436 
 444 K _   0.003 0.112 0.000 0.010 0.003 0.008 0.425 0.438 
 445 I _   0.004 0.127 0.001 0.013 0.004 0.010 0.406 0.436 
 446 P _   0.004 0.150 0.001 0.017 0.005 0.011 0.384 0.428 
 447 E _   0.005 0.181 0.001 0.021 0.007 0.013 0.359 0.414 
 448 S _   0.005 0.221 0.001 0.025 0.008 0.013 0.332 0.395 
 449 Q _   0.004 0.262 0.001 0.028 0.009 0.014 0.306 0.375 
 450 F _   0.004 0.302 0.001 0.030 0.009 0.014 0.284 0.357 
 451 P _   0.004 0.337 0.001 0.030 0.009 0.013 0.264 0.342 
 452 E E   0.004 0.365 0.001 0.029 0.008 0.013 0.248 0.331 
 453 F E   0.004 0.388 0.001 0.028 0.008 0.013 0.235 0.324 
 454 S E   0.004 0.405 0.001 0.025 0.008 0.013 0.225 0.320 
 455 T E   0.004 0.418 0.001 0.023 0.008 0.013 0.216 0.317 
 456 S E   0.004 0.429 0.001 0.021 0.007 0.013 0.208 0.316 
 457 L E   0.005 0.438 0.001 0.020 0.007 0.014 0.202 0.314 
 458 F E   0.005 0.445 0.001 0.019 0.008 0.014 0.197 0.313 
 459 S E   0.006 0.451 0.001 0.018 0.008 0.015 0.192 0.311 
 460 G E   0.007 0.457 0.001 0.017 0.008 0.015 0.188 0.308 
 461 S E   0.008 0.461 0.001 0.017 0.009 0.016 0.184 0.305 
 462 L E   0.009 0.466 0.001 0.018 0.009 0.016 0.181 0.301 
 463 E E   0.009 0.469 0.001 0.018 0.010 0.016 0.178 0.298 
 464 P E   0.010 0.471 0.001 0.020 0.010 0.017 0.176 0.296 
 465 V E   0.011 0.472 0.001 0.021 0.011 0.017 0.175 0.294 
 466 A E   0.011 0.470 0.001 0.023 0.011 0.016 0.174 0.295 
 467 C E   0.011 0.465 0.001 0.024 0.011 0.016 0.173 0.299 
 468 G E   0.011 0.456 0.001 0.026 0.011 0.015 0.174 0.306 
 469 S E   0.012 0.443 0.001 0.027 0.010 0.015 0.175 0.318 
 470 V E   0.012 0.421 0.001 0.027 0.010 0.014 0.178 0.337 
 471 L E   0.012 0.391 0.001 0.027 0.010 0.014 0.181 0.366 
 472 S _   0.011 0.351 0.001 0.026 0.009 0.013 0.185 0.402 
 473 E _   0.011 0.304 0.001 0.025 0.009 0.013 0.190 0.446 
 474 G _   0.011 0.254 0.001 0.023 0.008 0.013 0.196 0.494 
 475 S _   0.011 0.204 0.001 0.020 0.007 0.012 0.203 0.541 
 476 P _   0.011 0.160 0.001 0.018 0.006 0.012 0.209 0.584 
 477 L _   0.010 0.124 0.001 0.015 0.005 0.011 0.214 0.620 
 478 T _   0.009 0.096 0.001 0.013 0.004 0.010 0.218 0.649 
 479 E _   0.008 0.074 0.000 0.011 0.003 0.009 0.222 0.672 
 480 Q _   0.007 0.058 0.000 0.009 0.002 0.008 0.224 0.691 
 481 E _   0.006 0.047 0.000 0.007 0.002 0.007 0.225 0.705 
 482 E _   0.005 0.040 0.000 0.006 0.002 0.006 0.225 0.716 
 483 S _   0.005 0.035 0.000 0.005 0.001 0.005 0.224 0.724 
 484 S _   0.004 0.033 0.000 0.004 0.001 0.005 0.223 0.729 
 485 P _   0.004 0.032 0.000 0.004 0.001 0.005 0.220 0.733 
 486 S _   0.004 0.033 0.000 0.005 0.002 0.006 0.216 0.734 
 487 H _   0.004 0.036 0.000 0.007 0.002 0.007 0.212 0.732 
 488 D _   0.004 0.042 0.000 0.009 0.003 0.008 0.206 0.727 
 489 R _   0.005 0.052 0.000 0.014 0.004 0.009 0.199 0.717 
 490 S _   0.005 0.065 0.001 0.019 0.005 0.010 0.192 0.704 
 491 R _   0.005 0.079 0.001 0.024 0.006 0.011 0.184 0.690 
 492 T _   0.005 0.092 0.001 0.029 0.006 0.012 0.177 0.679 
 493 V _   0.005 0.101 0.001 0.032 0.006 0.012 0.171 0.672 
 494 S _   0.005 0.108 0.001 0.033 0.006 0.011 0.166 0.671 
 495 A _   0.004 0.111 0.001 0.031 0.006 0.011 0.162 0.674 
 496 S _   0.004 0.111 0.001 0.028 0.005 0.010 0.158 0.682 
 497 S _   0.004 0.110 0.001 0.024 0.005 0.009 0.156 0.692 
 498 T _   0.004 0.107 0.001 0.019 0.004 0.009 0.153 0.703 
 499 G _   0.004 0.104 0.000 0.015 0.003 0.008 0.151 0.713 
 500 D _   0.004 0.102 0.000 0.013 0.003 0.008 0.149 0.722 
 501 L _   0.004 0.100 0.000 0.011 0.003 0.008 0.147 0.727 
 502 P _   0.004 0.100 0.000 0.010 0.003 0.008 0.145 0.729 
 503 K _   0.005 0.101 0.000 0.011 0.003 0.009 0.142 0.728 
 504 A _   0.005 0.104 0.000 0.013 0.004 0.010 0.140 0.724 
 505 K _   0.006 0.109 0.001 0.016 0.004 0.011 0.137 0.717 
 506 T _   0.006 0.115 0.001 0.021 0.005 0.011 0.134 0.708 
 507 R _   0.006 0.120 0.001 0.026 0.006 0.012 0.131 0.698 
 508 A _   0.007 0.124 0.001 0.030 0.007 0.012 0.129 0.689 
 509 A _   0.007 0.126 0.001 0.033 0.007 0.012 0.128 0.686 
 510 D _   0.007 0.125 0.001 0.033 0.007 0.012 0.128 0.687 
 511 L _   0.007 0.120 0.001 0.032 0.007 0.011 0.128 0.695 
 512 L _   0.007 0.111 0.001 0.028 0.006 0.010 0.128 0.709 
 513 V _   0.007 0.098 0.001 0.022 0.005 0.009 0.129 0.729 
 514 N _   0.007 0.082 0.001 0.017 0.004 0.008 0.130 0.752 
 515 P _   0.006 0.067 0.000 0.012 0.003 0.007 0.130 0.774 
 516 L _   0.006 0.055 0.000 0.008 0.002 0.006 0.131 0.792 
 517 D _   0.005 0.046 0.000 0.006 0.002 0.006 0.130 0.805 
 518 P _   0.005 0.042 0.000 0.004 0.001 0.005 0.129 0.813 
 519 R _   0.004 0.041 0.000 0.004 0.001 0.006 0.127 0.816 
 520 N _   0.004 0.042 0.000 0.005 0.002 0.006 0.125 0.816 
 521 A _   0.005 0.047 0.000 0.006 0.002 0.008 0.121 0.811 
 522 D _   0.005 0.057 0.000 0.009 0.003 0.010 0.116 0.799 
 523 K _   0.006 0.076 0.001 0.014 0.005 0.011 0.109 0.778 
 524 I _   0.006 0.104 0.001 0.020 0.006 0.013 0.102 0.748 
 525 R _   0.006 0.135 0.001 0.026 0.008 0.015 0.094 0.716 
 526 V _   0.006 0.166 0.001 0.031 0.009 0.016 0.086 0.686 
 527 K _   0.006 0.191 0.001 0.035 0.009 0.016 0.080 0.661 
 528 I _   0.006 0.210 0.001 0.038 0.010 0.017 0.074 0.644 
 529 A _   0.006 0.223 0.001 0.039 0.010 0.018 0.070 0.633 
 530 D _   0.007 0.231 0.001 0.039 0.011 0.018 0.067 0.627 
 531 L _   0.007 0.235 0.001 0.038 0.011 0.018 0.064 0.626 
 532 G _   0.008 0.236 0.001 0.036 0.011 0.019 0.062 0.627 
 533 N _   0.009 0.234 0.001 0.034 0.011 0.019 0.060 0.632 
 534 A _   0.009 0.230 0.001 0.032 0.011 0.019 0.059 0.639 
 535 C _   0.010 0.223 0.001 0.030 0.011 0.019 0.058 0.649 
 536 W _   0.011 0.213 0.001 0.028 0.010 0.019 0.057 0.661 
 537 V _   0.011 0.201 0.001 0.026 0.010 0.018 0.057 0.675 
 538 H _   0.012 0.186 0.001 0.025 0.010 0.018 0.056 0.692 
 539 K _   0.012 0.169 0.001 0.023 0.010 0.018 0.056 0.711 
 540 H _   0.012 0.150 0.001 0.021 0.009 0.018 0.056 0.732 
 541 F _   0.012 0.131 0.001 0.020 0.009 0.017 0.057 0.754 
 542 T _   0.012 0.110 0.001 0.018 0.008 0.017 0.057 0.777 
 543 E _   0.012 0.091 0.001 0.016 0.007 0.016 0.057 0.799 
 544 D _   0.012 0.073 0.001 0.014 0.007 0.016 0.058 0.820 
 545 I _   0.012 0.058 0.001 0.012 0.006 0.016 0.058 0.838 
 546 Q _   0.012 0.047 0.001 0.010 0.005 0.016 0.058 0.851 
 547 T _   0.012 0.039 0.001 0.008 0.005 0.017 0.058 0.860 
 548 R _   0.013 0.034 0.001 0.008 0.005 0.018 0.057 0.864 
 549 Q _   0.014 0.031 0.001 0.008 0.006 0.020 0.057 0.863 
 550 Y _   0.017 0.030 0.001 0.009 0.007 0.022 0.056 0.858 
 551 R _   0.019 0.031 0.001 0.012 0.009 0.025 0.055 0.848 
 552 S _   0.023 0.032 0.001 0.015 0.012 0.028 0.054 0.834 
 553 I _   0.027 0.035 0.001 0.021 0.015 0.031 0.053 0.816 
 554 E _   0.032 0.038 0.001 0.027 0.018 0.033 0.053 0.798 
 555 V _   0.036 0.039 0.002 0.031 0.021 0.035 0.052 0.784 
 556 L _   0.041 0.039 0.002 0.034 0.022 0.035 0.052 0.775 
 557 I _   0.045 0.037 0.002 0.034 0.022 0.035 0.052 0.774 
 558 G _   0.051 0.033 0.002 0.030 0.020 0.034 0.052 0.779 
 559 A _   0.056 0.025 0.001 0.024 0.017 0.032 0.053 0.791 
 560 G _   0.063 0.016 0.001 0.017 0.014 0.030 0.053 0.804 
 561 Y _   0.073 0.008 0.001 0.010 0.011 0.028 0.054 0.814 
 562 S _   0.085 0.003 0.001 0.005 0.008 0.027 0.054 0.816 
 563 T _   0.102 0.001 0.001 0.003 0.007 0.026 0.054 0.807 
 564 P _   0.127 0.000 0.001 0.002 0.006 0.026 0.054 0.784 
 565 A _   0.163 0.000 0.001 0.001 0.007 0.028 0.054 0.746 
 566 D _   0.213 0.000 0.001 0.001 0.010 0.031 0.054 0.689 
 567 I _   0.279 0.000 0.001 0.002 0.015 0.037 0.054 0.613 
 568 W _   0.348 0.000 0.001 0.002 0.024 0.042 0.054 0.527 
 569 S _   0.411 0.001 0.002 0.003 0.036 0.048 0.055 0.445 
 570 T H   0.460 0.002 0.002 0.005 0.047 0.052 0.057 0.375 
 571 A H   0.492 0.005 0.003 0.009 0.057 0.054 0.060 0.322 
 572 C H   0.507 0.008 0.003 0.012 0.064 0.054 0.064 0.288 
 573 M H   0.508 0.011 0.003 0.016 0.067 0.053 0.070 0.272 
 574 A H   0.494 0.013 0.003 0.020 0.067 0.050 0.078 0.275 
 575 F H   0.469 0.014 0.003 0.021 0.063 0.047 0.088 0.294 
 576 E H   0.430 0.014 0.003 0.021 0.056 0.044 0.100 0.332 
 577 L _   0.378 0.012 0.003 0.020 0.046 0.039 0.115 0.387 
 578 A _   0.314 0.010 0.003 0.018 0.035 0.034 0.131 0.455 
 579 T _   0.248 0.007 0.002 0.016 0.024 0.029 0.150 0.524 
 580 G _   0.187 0.005 0.002 0.013 0.016 0.024 0.167 0.586 
 581 D _   0.136 0.004 0.001 0.012 0.011 0.020 0.184 0.633 
 582 Y _   0.096 0.003 0.001 0.010 0.007 0.016 0.199 0.668 
 583 L _   0.066 0.002 0.001 0.009 0.005 0.013 0.212 0.693 
 584 F _   0.045 0.001 0.000 0.008 0.004 0.010 0.223 0.709 
 585 E _   0.029 0.001 0.000 0.007 0.003 0.008 0.232 0.720 
 586 P _   0.019 0.001 0.000 0.005 0.002 0.007 0.238 0.727 
 587 H _   0.013 0.000 0.000 0.004 0.002 0.005 0.243 0.732 
 588 S _   0.009 0.000 0.000 0.003 0.001 0.005 0.247 0.735 
 589 G _   0.006 0.000 0.000 0.003 0.001 0.004 0.249 0.737 
 590 E _   0.005 0.000 0.000 0.002 0.001 0.004 0.250 0.738 
 591 D _   0.004 0.000 0.000 0.002 0.001 0.004 0.251 0.738 
 592 Y _   0.004 0.000 0.000 0.002 0.001 0.005 0.250 0.738 
 593 S _   0.005 0.000 0.000 0.002 0.001 0.007 0.248 0.737 
 594 R _   0.008 0.001 0.000 0.002 0.002 0.011 0.245 0.731 
 595 D _   0.013 0.002 0.000 0.003 0.003 0.018 0.241 0.720 
 596 E _   0.023 0.005 0.001 0.006 0.006 0.027 0.235 0.697 
 597 D _   0.035 0.015 0.001 0.010 0.013 0.040 0.227 0.659 
 598 H _   0.051 0.036 0.002 0.017 0.024 0.053 0.217 0.600 
 599 I _   0.066 0.071 0.002 0.027 0.037 0.065 0.206 0.527 
 600 A _   0.077 0.108 0.003 0.037 0.048 0.074 0.196 0.458 
 601 H _   0.086 0.139 0.003 0.045 0.057 0.078 0.188 0.404 
 602 I _   0.092 0.160 0.003 0.051 0.062 0.080 0.182 0.369 
 603 I _   0.096 0.172 0.003 0.054 0.064 0.079 0.179 0.353 
 604 E _   0.098 0.176 0.003 0.054 0.063 0.076 0.177 0.352 
 605 L _   0.099 0.175 0.003 0.050 0.060 0.072 0.177 0.365 
 606 L _   0.097 0.168 0.003 0.044 0.055 0.067 0.178 0.389 
 607 G _   0.092 0.154 0.003 0.038 0.048 0.061 0.179 0.425 
 608 S _   0.085 0.136 0.002 0.031 0.040 0.055 0.182 0.469 
 609 I _   0.076 0.114 0.002 0.025 0.031 0.048 0.185 0.517 
 610 P _   0.066 0.094 0.002 0.021 0.024 0.042 0.189 0.563 
 611 R _   0.056 0.075 0.001 0.017 0.018 0.036 0.193 0.603 
 612 H _   0.046 0.061 0.001 0.015 0.013 0.031 0.196 0.636 
 613 F _   0.037 0.049 0.001 0.013 0.010 0.026 0.199 0.664 
 614 A _   0.030 0.040 0.001 0.011 0.008 0.022 0.202 0.685 
 615 L _   0.023 0.034 0.001 0.010 0.006 0.019 0.204 0.703 
 616 S _   0.019 0.029 0.001 0.009 0.005 0.016 0.206 0.716 
 617 G _   0.015 0.025 0.001 0.009 0.004 0.014 0.207 0.724 
 618 K _   0.013 0.023 0.001 0.008 0.004 0.013 0.208 0.731 
 619 Y _   0.011 0.021 0.000 0.008 0.004 0.012 0.209 0.735 
 620 S _   0.010 0.020 0.000 0.008 0.004 0.011 0.210 0.736 
 621 R _   0.009 0.019 0.000 0.009 0.004 0.011 0.211 0.737 
 622 E _   0.008 0.019 0.000 0.010 0.004 0.011 0.211 0.737 
 623 F _   0.008 0.018 0.000 0.010 0.004 0.010 0.212 0.736 
 624 F _   0.008 0.018 0.000 0.010 0.004 0.010 0.213 0.736 
 625 N _   0.008 0.018 0.001 0.011 0.004 0.010 0.214 0.735 
 626 R _   0.008 0.018 0.001 0.011 0.004 0.010 0.215 0.734 
 627 R _   0.008 0.018 0.001 0.011 0.004 0.011 0.216 0.733 
 628 G _   0.008 0.017 0.001 0.011 0.004 0.011 0.217 0.732 
 629 E _   0.008 0.017 0.001 0.010 0.004 0.011 0.218 0.731 
 630 L _   0.008 0.017 0.001 0.010 0.004 0.011 0.220 0.729 
 631 R _   0.008 0.017 0.001 0.010 0.004 0.012 0.221 0.727 
 632 H _   0.009 0.017 0.001 0.009 0.005 0.013 0.223 0.725 
 633 I _   0.009 0.017 0.001 0.009 0.005 0.013 0.224 0.722 
 634 T _   0.010 0.018 0.001 0.009 0.005 0.015 0.225 0.718 
 635 K _   0.011 0.019 0.001 0.009 0.005 0.016 0.227 0.712 
 636 L _   0.013 0.021 0.001 0.010 0.006 0.018 0.228 0.704 
 637 K _   0.015 0.023 0.001 0.011 0.008 0.020 0.230 0.694 
 638 P _   0.017 0.027 0.001 0.013 0.009 0.022 0.231 0.680 
 639 W _   0.019 0.031 0.001 0.017 0.012 0.024 0.233 0.664 
 640 S _   0.021 0.037 0.001 0.022 0.014 0.026 0.235 0.645 
 641 L _   0.023 0.043 0.001 0.028 0.017 0.027 0.237 0.625 
 642 F _   0.024 0.047 0.001 0.034 0.018 0.027 0.241 0.607 
 643 D _   0.024 0.050 0.001 0.038 0.019 0.027 0.246 0.595 
 644 V _   0.024 0.050 0.001 0.040 0.018 0.026 0.252 0.589 
 645 L _   0.023 0.049 0.001 0.038 0.016 0.024 0.259 0.591 
 646 V _   0.021 0.044 0.001 0.033 0.013 0.021 0.267 0.600 
 647 E _   0.018 0.036 0.001 0.026 0.011 0.018 0.276 0.614 
 648 K _   0.016 0.026 0.001 0.019 0.008 0.015 0.284 0.630 
 649 Y _   0.014 0.016 0.001 0.012 0.005 0.013 0.292 0.647 
 650 G _   0.011 0.008 0.000 0.007 0.004 0.011 0.299 0.659 
 651 W _   0.010 0.004 0.000 0.004 0.002 0.010 0.304 0.665 
 652 P _   0.009 0.002 0.000 0.002 0.002 0.010 0.309 0.666 
 653 H _   0.010 0.001 0.000 0.002 0.002 0.011 0.312 0.662 
 654 E _   0.013 0.001 0.000 0.002 0.002 0.013 0.315 0.654 
 655 D _   0.018 0.001 0.000 0.002 0.003 0.017 0.317 0.641 
 656 A _   0.025 0.003 0.001 0.004 0.006 0.022 0.319 0.620 
 657 A _   0.034 0.009 0.001 0.007 0.011 0.029 0.321 0.589 
 658 Q _   0.043 0.022 0.001 0.012 0.018 0.036 0.322 0.545 
 659 F _   0.051 0.046 0.002 0.019 0.027 0.043 0.324 0.488 
 660 T _   0.058 0.074 0.002 0.028 0.035 0.047 0.327 0.429 
 661 D _   0.061 0.099 0.002 0.038 0.040 0.049 0.331 0.380 
 662 F _   0.062 0.117 0.002 0.047 0.043 0.048 0.337 0.344 
 663 L X   0.061 0.128 0.002 0.053 0.043 0.047 0.345 0.321 
