#TopoPred_TM8: 8-state transmembrane topology prediction results by no_profile mode 
#probabilities are in the order of H E C I L F X _, the 8 transmembrane topology types used in PDBTM 
   1 M X   0.009 0.001 0.002 0.049 0.008 0.008 0.806 0.117 
   2 S X   0.004 0.000 0.000 0.031 0.002 0.004 0.829 0.129 
   3 S X   0.001 0.000 0.000 0.021 0.001 0.003 0.836 0.138 
   4 R X   0.001 0.000 0.000 0.016 0.001 0.003 0.836 0.143 
   5 T X   0.001 0.000 0.000 0.014 0.001 0.004 0.833 0.147 
   6 V X   0.002 0.001 0.000 0.012 0.001 0.004 0.828 0.153 
   7 L X   0.002 0.001 0.000 0.010 0.001 0.004 0.822 0.160 
   8 A X   0.002 0.001 0.000 0.009 0.001 0.004 0.814 0.168 
   9 P X   0.002 0.001 0.000 0.007 0.001 0.004 0.806 0.178 
  10 G X   0.002 0.002 0.000 0.006 0.001 0.004 0.796 0.189 
  11 N X   0.002 0.002 0.000 0.006 0.001 0.003 0.784 0.202 
  12 D X   0.002 0.003 0.000 0.005 0.001 0.003 0.772 0.214 
  13 R X   0.002 0.003 0.000 0.005 0.001 0.004 0.759 0.226 
  14 N X   0.002 0.005 0.000 0.006 0.001 0.004 0.744 0.238 
  15 S X   0.002 0.007 0.000 0.008 0.002 0.005 0.728 0.249 
  16 D X   0.002 0.010 0.000 0.010 0.002 0.006 0.710 0.259 
  17 T X   0.002 0.015 0.000 0.015 0.003 0.006 0.690 0.269 
  18 H X   0.003 0.020 0.000 0.019 0.004 0.007 0.669 0.278 
  19 G X   0.003 0.026 0.001 0.023 0.004 0.008 0.648 0.288 
  20 T X   0.003 0.031 0.001 0.025 0.004 0.008 0.629 0.299 
  21 L X   0.003 0.034 0.001 0.026 0.004 0.008 0.613 0.312 
  22 G X   0.003 0.036 0.001 0.024 0.004 0.008 0.598 0.327 
  23 S X   0.003 0.037 0.000 0.021 0.003 0.007 0.585 0.343 
  24 G X   0.003 0.037 0.000 0.018 0.003 0.007 0.574 0.359 
  25 R X   0.003 0.037 0.000 0.014 0.002 0.006 0.563 0.375 
  26 S X   0.002 0.036 0.000 0.011 0.002 0.005 0.552 0.391 
  27 S X   0.002 0.036 0.000 0.008 0.002 0.005 0.541 0.405 
  28 D X   0.002 0.037 0.000 0.007 0.002 0.005 0.528 0.418 
  29 K X   0.002 0.040 0.000 0.007 0.002 0.006 0.513 0.430 
  30 G X   0.003 0.044 0.000 0.008 0.002 0.007 0.496 0.440 
  31 P X   0.003 0.052 0.000 0.011 0.003 0.008 0.476 0.447 
  32 S X   0.003 0.065 0.001 0.016 0.004 0.010 0.451 0.450 
  33 W _   0.004 0.086 0.001 0.022 0.006 0.012 0.422 0.448 
  34 S _   0.004 0.114 0.001 0.030 0.007 0.014 0.390 0.441 
  35 S _   0.004 0.146 0.001 0.038 0.009 0.015 0.357 0.429 
  36 R _   0.004 0.178 0.001 0.046 0.010 0.016 0.326 0.417 
  37 S _   0.004 0.205 0.001 0.052 0.011 0.017 0.301 0.408 
  38 L _   0.004 0.225 0.001 0.056 0.011 0.017 0.281 0.404 
  39 G _   0.005 0.237 0.001 0.058 0.012 0.017 0.265 0.405 
  40 A _   0.005 0.244 0.001 0.058 0.011 0.016 0.253 0.412 
  41 R _   0.005 0.245 0.001 0.056 0.011 0.016 0.244 0.422 
  42 C _   0.005 0.243 0.001 0.052 0.010 0.015 0.236 0.437 
  43 R _   0.006 0.235 0.001 0.047 0.010 0.014 0.230 0.456 
  44 N _   0.006 0.223 0.001 0.041 0.009 0.014 0.226 0.479 
  45 S _   0.007 0.206 0.001 0.035 0.008 0.013 0.223 0.507 
  46 I _   0.007 0.185 0.001 0.030 0.007 0.012 0.220 0.537 
  47 A _   0.007 0.160 0.001 0.025 0.007 0.012 0.218 0.571 
  48 S _   0.007 0.133 0.001 0.020 0.006 0.011 0.216 0.606 
  49 C _   0.007 0.109 0.001 0.015 0.005 0.010 0.215 0.639 
  50 P _   0.007 0.088 0.001 0.012 0.004 0.009 0.212 0.668 
  51 E _   0.006 0.073 0.000 0.009 0.003 0.009 0.210 0.690 
  52 E _   0.006 0.063 0.000 0.007 0.003 0.008 0.206 0.706 
  53 Q _   0.006 0.057 0.000 0.006 0.002 0.009 0.203 0.718 
  54 P _   0.006 0.055 0.000 0.006 0.003 0.009 0.198 0.724 
  55 H _   0.006 0.054 0.000 0.007 0.003 0.010 0.193 0.726 
  56 V _   0.007 0.056 0.000 0.009 0.004 0.012 0.187 0.725 
  57 G _   0.008 0.061 0.001 0.013 0.005 0.013 0.181 0.718 
  58 N _   0.009 0.068 0.001 0.018 0.007 0.015 0.174 0.708 
  59 Y _   0.009 0.075 0.001 0.024 0.009 0.017 0.167 0.698 
  60 R _   0.010 0.081 0.001 0.029 0.010 0.018 0.161 0.690 
  61 L _   0.010 0.084 0.001 0.033 0.011 0.018 0.156 0.687 
  62 L _   0.010 0.085 0.001 0.034 0.011 0.018 0.151 0.690 
  63 R _   0.010 0.083 0.001 0.032 0.011 0.018 0.148 0.698 
  64 T _   0.010 0.079 0.001 0.029 0.010 0.017 0.145 0.711 
  65 I _   0.010 0.072 0.001 0.024 0.009 0.016 0.142 0.727 
  66 G _   0.009 0.064 0.001 0.019 0.007 0.015 0.140 0.745 
  67 K _   0.009 0.055 0.001 0.015 0.006 0.015 0.138 0.760 
  68 G _   0.010 0.048 0.001 0.012 0.005 0.014 0.136 0.774 
  69 N _   0.010 0.042 0.001 0.010 0.005 0.015 0.135 0.784 
  70 F _   0.010 0.038 0.001 0.008 0.005 0.015 0.133 0.791 
  71 A _   0.011 0.035 0.001 0.008 0.005 0.016 0.131 0.794 
  72 K _   0.012 0.034 0.001 0.008 0.005 0.017 0.129 0.794 
  73 V _   0.014 0.034 0.001 0.009 0.006 0.018 0.127 0.792 
  74 K _   0.016 0.035 0.001 0.010 0.007 0.020 0.124 0.787 
  75 L _   0.018 0.037 0.001 0.011 0.008 0.022 0.122 0.782 
  76 A _   0.020 0.039 0.001 0.012 0.009 0.024 0.119 0.775 
  77 R _   0.022 0.042 0.001 0.014 0.011 0.026 0.117 0.768 
  78 H _   0.025 0.044 0.001 0.015 0.012 0.028 0.115 0.760 
  79 I _   0.028 0.047 0.001 0.016 0.014 0.030 0.113 0.752 
  80 L _   0.030 0.050 0.001 0.017 0.015 0.031 0.111 0.744 
  81 T _   0.033 0.053 0.001 0.019 0.016 0.032 0.109 0.736 
  82 G _   0.035 0.056 0.001 0.021 0.018 0.033 0.108 0.728 
  83 R _   0.037 0.059 0.001 0.023 0.018 0.033 0.107 0.721 
  84 E _   0.038 0.061 0.001 0.026 0.019 0.033 0.107 0.715 
  85 V _   0.038 0.062 0.001 0.028 0.019 0.032 0.107 0.713 
  86 A _   0.037 0.062 0.001 0.030 0.018 0.030 0.107 0.715 
  87 I _   0.035 0.061 0.001 0.030 0.016 0.028 0.108 0.721 
  88 K _   0.032 0.057 0.001 0.029 0.014 0.025 0.109 0.732 
  89 I _   0.029 0.051 0.001 0.026 0.012 0.022 0.111 0.749 
  90 I _   0.025 0.043 0.001 0.022 0.010 0.019 0.112 0.768 
  91 D _   0.021 0.033 0.001 0.017 0.007 0.016 0.114 0.790 
  92 K _   0.017 0.024 0.001 0.013 0.006 0.013 0.115 0.812 
  93 T _   0.014 0.015 0.001 0.009 0.004 0.011 0.116 0.831 
  94 Q _   0.011 0.009 0.000 0.006 0.003 0.009 0.117 0.845 
  95 L _   0.009 0.006 0.000 0.004 0.002 0.008 0.117 0.855 
  96 N _   0.007 0.004 0.000 0.003 0.002 0.008 0.116 0.860 
  97 P _   0.007 0.004 0.000 0.003 0.002 0.008 0.115 0.862 
  98 S _   0.007 0.004 0.000 0.003 0.002 0.009 0.113 0.860 
  99 S _   0.009 0.006 0.000 0.005 0.003 0.011 0.111 0.855 
 100 L _   0.010 0.010 0.001 0.008 0.005 0.014 0.109 0.844 
 101 Q _   0.012 0.017 0.001 0.014 0.007 0.018 0.105 0.826 
 102 K _   0.014 0.029 0.001 0.022 0.010 0.021 0.101 0.802 
 103 L _   0.015 0.041 0.001 0.031 0.014 0.024 0.098 0.776 
 104 F _   0.016 0.053 0.001 0.040 0.016 0.026 0.094 0.754 
 105 R _   0.017 0.060 0.001 0.047 0.018 0.026 0.091 0.738 
 106 E _   0.017 0.064 0.001 0.052 0.019 0.026 0.089 0.731 
 107 V _   0.017 0.065 0.001 0.051 0.018 0.025 0.088 0.733 
 108 R _   0.017 0.062 0.001 0.047 0.016 0.024 0.087 0.744 
 109 I _   0.017 0.056 0.001 0.040 0.014 0.022 0.087 0.764 
 110 M _   0.016 0.046 0.001 0.030 0.011 0.019 0.087 0.789 
 111 K _   0.015 0.034 0.001 0.021 0.009 0.017 0.087 0.816 
 112 G _   0.014 0.021 0.001 0.014 0.006 0.015 0.088 0.842 
 113 L _   0.013 0.011 0.001 0.008 0.004 0.013 0.088 0.861 
 114 N _   0.012 0.006 0.000 0.005 0.003 0.013 0.088 0.873 
 115 H _   0.012 0.003 0.000 0.004 0.003 0.013 0.087 0.879 
 116 P _   0.012 0.002 0.000 0.003 0.003 0.013 0.086 0.880 
 117 N _   0.014 0.002 0.000 0.004 0.003 0.015 0.085 0.876 
 118 I _   0.017 0.002 0.000 0.005 0.005 0.018 0.084 0.869 
 119 V _   0.020 0.003 0.001 0.008 0.006 0.021 0.082 0.859 
 120 K _   0.024 0.004 0.001 0.011 0.009 0.025 0.081 0.847 
 121 L _   0.027 0.005 0.001 0.014 0.011 0.029 0.079 0.834 
 122 F _   0.030 0.006 0.001 0.017 0.013 0.032 0.077 0.823 
 123 E _   0.033 0.007 0.001 0.018 0.015 0.035 0.075 0.816 
 124 V _   0.035 0.007 0.001 0.018 0.016 0.037 0.074 0.812 
 125 I _   0.038 0.007 0.001 0.016 0.016 0.039 0.073 0.810 
 126 E _   0.041 0.006 0.001 0.014 0.016 0.040 0.072 0.809 
 127 T _   0.046 0.006 0.001 0.012 0.016 0.042 0.071 0.807 
 128 E _   0.050 0.005 0.001 0.011 0.017 0.043 0.070 0.803 
 129 K _   0.055 0.005 0.001 0.010 0.017 0.045 0.069 0.797 
 130 T _   0.060 0.005 0.001 0.010 0.018 0.046 0.069 0.789 
 131 L _   0.065 0.006 0.001 0.011 0.020 0.047 0.069 0.781 
 132 Y _   0.070 0.006 0.001 0.013 0.021 0.047 0.069 0.773 
 133 L _   0.074 0.007 0.001 0.014 0.021 0.047 0.069 0.767 
 134 V _   0.077 0.007 0.001 0.014 0.022 0.047 0.069 0.763 
 135 M _   0.078 0.008 0.001 0.015 0.022 0.046 0.070 0.761 
 136 E _   0.077 0.008 0.001 0.014 0.021 0.044 0.070 0.763 
 137 Y _   0.076 0.008 0.001 0.014 0.020 0.042 0.071 0.767 
 138 A _   0.074 0.008 0.001 0.013 0.019 0.041 0.072 0.772 
 139 S _   0.071 0.008 0.001 0.013 0.018 0.038 0.073 0.777 
 140 A _   0.067 0.008 0.001 0.013 0.017 0.036 0.075 0.783 
 141 G _   0.063 0.009 0.001 0.014 0.016 0.034 0.076 0.788 
 142 E _   0.058 0.009 0.001 0.015 0.014 0.031 0.078 0.793 
 143 V _   0.053 0.010 0.001 0.016 0.014 0.029 0.080 0.798 
 144 F _   0.047 0.010 0.001 0.017 0.013 0.026 0.082 0.804 
 145 D _   0.041 0.010 0.001 0.017 0.011 0.024 0.084 0.812 
 146 Y _   0.035 0.009 0.001 0.017 0.010 0.021 0.087 0.821 
 147 L _   0.029 0.008 0.001 0.016 0.008 0.018 0.089 0.831 
 148 V _   0.024 0.007 0.001 0.014 0.007 0.016 0.091 0.841 
 149 S _   0.019 0.005 0.001 0.012 0.005 0.013 0.094 0.851 
 150 H _   0.015 0.004 0.000 0.009 0.004 0.011 0.095 0.861 
 151 G _   0.012 0.003 0.000 0.007 0.003 0.010 0.096 0.868 
 152 R _   0.010 0.002 0.000 0.005 0.002 0.008 0.097 0.874 
 153 M _   0.009 0.001 0.000 0.004 0.002 0.008 0.098 0.878 
 154 K _   0.008 0.001 0.000 0.003 0.002 0.008 0.098 0.881 
 155 E _   0.007 0.001 0.000 0.003 0.002 0.008 0.097 0.882 
 156 K _   0.008 0.001 0.000 0.003 0.002 0.010 0.096 0.880 
 157 E _   0.010 0.002 0.000 0.003 0.002 0.012 0.095 0.875 
 158 A _   0.013 0.004 0.000 0.004 0.004 0.016 0.093 0.866 
 159 R _   0.018 0.008 0.001 0.007 0.006 0.022 0.091 0.848 
 160 A _   0.024 0.017 0.001 0.010 0.010 0.029 0.088 0.821 
 161 K _   0.032 0.032 0.001 0.016 0.015 0.036 0.084 0.783 
 162 F _   0.039 0.054 0.002 0.023 0.022 0.043 0.081 0.736 
 163 R _   0.046 0.079 0.002 0.031 0.029 0.049 0.077 0.687 
 164 Q _   0.052 0.101 0.002 0.039 0.035 0.052 0.074 0.644 
 165 I _   0.057 0.119 0.002 0.046 0.039 0.054 0.072 0.612 
 166 V _   0.061 0.130 0.002 0.050 0.041 0.054 0.070 0.592 
 167 S _   0.063 0.135 0.002 0.052 0.041 0.052 0.069 0.586 
 168 A _   0.064 0.136 0.002 0.050 0.038 0.049 0.069 0.591 
 169 V _   0.062 0.132 0.002 0.047 0.034 0.045 0.070 0.608 
 170 H _   0.058 0.124 0.002 0.041 0.029 0.041 0.070 0.635 
 171 Y _   0.052 0.110 0.002 0.034 0.024 0.035 0.072 0.672 
 172 C _   0.045 0.092 0.002 0.027 0.018 0.030 0.073 0.713 
 173 H _   0.038 0.074 0.001 0.020 0.013 0.026 0.075 0.753 
 174 Q _   0.031 0.058 0.001 0.015 0.009 0.022 0.076 0.788 
 175 K _   0.025 0.046 0.001 0.012 0.007 0.018 0.077 0.815 
 176 N _   0.020 0.038 0.001 0.009 0.005 0.015 0.078 0.835 
 177 I _   0.016 0.032 0.000 0.008 0.004 0.013 0.079 0.848 
 178 V _   0.013 0.029 0.000 0.007 0.003 0.011 0.079 0.857 
 179 H _   0.011 0.028 0.000 0.007 0.003 0.010 0.079 0.863 
 180 R _   0.009 0.027 0.000 0.007 0.003 0.009 0.078 0.866 
 181 D _   0.008 0.027 0.000 0.007 0.003 0.008 0.077 0.868 
 182 L _   0.007 0.028 0.000 0.008 0.003 0.008 0.077 0.869 
 183 K _   0.007 0.030 0.000 0.008 0.003 0.008 0.075 0.869 
 184 A _   0.006 0.032 0.000 0.009 0.003 0.008 0.074 0.867 
 185 E _   0.006 0.035 0.000 0.009 0.003 0.008 0.073 0.865 
 186 N _   0.006 0.038 0.000 0.010 0.003 0.008 0.071 0.862 
 187 L _   0.006 0.043 0.000 0.010 0.003 0.009 0.069 0.859 
 188 L _   0.006 0.048 0.000 0.011 0.004 0.009 0.068 0.854 
 189 L _   0.006 0.054 0.000 0.012 0.004 0.009 0.066 0.849 
 190 D _   0.006 0.060 0.001 0.012 0.004 0.010 0.064 0.843 
 191 A _   0.006 0.067 0.001 0.013 0.004 0.010 0.062 0.836 
 192 E _   0.007 0.075 0.001 0.015 0.005 0.011 0.060 0.827 
 193 A _   0.007 0.084 0.001 0.016 0.005 0.012 0.058 0.818 
 194 N _   0.007 0.094 0.001 0.018 0.006 0.013 0.056 0.806 
 195 I _   0.008 0.104 0.001 0.020 0.007 0.013 0.054 0.794 
 196 K _   0.008 0.113 0.001 0.022 0.007 0.014 0.053 0.782 
 197 I _   0.009 0.122 0.001 0.024 0.008 0.014 0.051 0.772 
 198 A _   0.009 0.128 0.001 0.025 0.008 0.015 0.050 0.764 
 199 D _   0.009 0.132 0.001 0.026 0.008 0.015 0.049 0.760 
 200 F _   0.009 0.135 0.001 0.027 0.008 0.014 0.048 0.758 
 201 G _   0.009 0.135 0.001 0.026 0.008 0.014 0.048 0.759 
 202 F _   0.009 0.134 0.001 0.026 0.008 0.014 0.048 0.762 
 203 S _   0.009 0.130 0.001 0.025 0.007 0.014 0.048 0.767 
 204 N _   0.009 0.126 0.001 0.023 0.007 0.013 0.048 0.773 
 205 E _   0.009 0.120 0.001 0.022 0.007 0.013 0.049 0.781 
 206 F _   0.009 0.112 0.001 0.021 0.006 0.012 0.049 0.790 
 207 T _   0.009 0.104 0.001 0.020 0.006 0.012 0.050 0.800 
 208 L _   0.009 0.095 0.001 0.019 0.005 0.011 0.051 0.810 
 209 G _   0.008 0.085 0.001 0.017 0.005 0.011 0.052 0.821 
 210 S _   0.008 0.075 0.001 0.016 0.005 0.010 0.053 0.833 
 211 K _   0.008 0.064 0.001 0.015 0.004 0.010 0.054 0.845 
 212 L _   0.008 0.054 0.001 0.013 0.004 0.009 0.055 0.857 
 213 D _   0.008 0.044 0.000 0.011 0.003 0.008 0.056 0.869 
 214 T _   0.007 0.036 0.000 0.010 0.003 0.008 0.056 0.880 
 215 F _   0.007 0.029 0.000 0.008 0.003 0.007 0.057 0.889 
 216 C _   0.006 0.024 0.000 0.007 0.002 0.007 0.057 0.896 
 217 G _   0.006 0.021 0.000 0.006 0.002 0.007 0.057 0.901 
 218 S _   0.005 0.019 0.000 0.006 0.002 0.007 0.056 0.904 
 219 P _   0.005 0.019 0.000 0.007 0.002 0.007 0.055 0.904 
 220 P _   0.005 0.019 0.000 0.009 0.003 0.008 0.054 0.902 
 221 Y _   0.006 0.020 0.000 0.012 0.003 0.009 0.053 0.897 
 222 A _   0.006 0.021 0.000 0.016 0.004 0.009 0.052 0.891 
 223 A _   0.006 0.023 0.001 0.021 0.005 0.010 0.050 0.884 
 224 P _   0.007 0.024 0.001 0.024 0.005 0.010 0.049 0.880 
 225 E _   0.007 0.024 0.001 0.026 0.005 0.010 0.048 0.879 
 226 L _   0.006 0.023 0.001 0.025 0.005 0.010 0.047 0.883 
 227 F _   0.006 0.020 0.001 0.022 0.005 0.009 0.046 0.892 
 228 Q _   0.006 0.016 0.001 0.017 0.004 0.008 0.045 0.904 
 229 G _   0.006 0.011 0.000 0.012 0.003 0.006 0.044 0.917 
 230 K _   0.006 0.006 0.000 0.008 0.002 0.005 0.043 0.929 
 231 K _   0.008 0.003 0.000 0.004 0.002 0.005 0.042 0.937 
 232 Y _   0.011 0.001 0.000 0.003 0.001 0.004 0.040 0.939 
 233 D _   0.020 0.000 0.000 0.002 0.001 0.005 0.038 0.934 
 234 G _   0.039 0.000 0.000 0.001 0.002 0.006 0.036 0.916 
 235 P _   0.081 0.000 0.000 0.001 0.003 0.008 0.032 0.874 
 236 E _   0.160 0.000 0.001 0.001 0.005 0.011 0.028 0.795 
 237 V _   0.279 0.000 0.001 0.001 0.007 0.014 0.022 0.676 
 238 D _   0.425 0.000 0.001 0.001 0.011 0.017 0.017 0.528 
 239 I H   0.571 0.000 0.001 0.002 0.016 0.020 0.012 0.379 
 240 W H   0.688 0.000 0.001 0.001 0.020 0.020 0.009 0.259 
 241 S H   0.771 0.000 0.001 0.001 0.024 0.020 0.007 0.175 
 242 L H   0.826 0.000 0.001 0.001 0.026 0.019 0.006 0.121 
 243 G H   0.857 0.000 0.001 0.001 0.027 0.017 0.006 0.090 
 244 V H   0.874 0.000 0.001 0.001 0.027 0.015 0.006 0.075 
 245 I H   0.879 0.000 0.001 0.001 0.027 0.014 0.006 0.071 
 246 L H   0.871 0.000 0.001 0.001 0.028 0.013 0.007 0.079 
 247 Y H   0.849 0.000 0.002 0.002 0.028 0.013 0.008 0.099 
 248 T H   0.811 0.000 0.002 0.002 0.027 0.013 0.010 0.135 
 249 L H   0.747 0.000 0.002 0.003 0.026 0.013 0.013 0.197 
 250 V H   0.656 0.000 0.002 0.003 0.022 0.013 0.018 0.284 
 251 S H   0.543 0.000 0.002 0.004 0.018 0.013 0.025 0.395 
 252 G _   0.420 0.000 0.002 0.004 0.013 0.012 0.034 0.514 
 253 S _   0.306 0.000 0.001 0.004 0.009 0.011 0.042 0.626 
 254 L _   0.208 0.000 0.001 0.004 0.006 0.010 0.050 0.721 
 255 P _   0.131 0.000 0.001 0.003 0.004 0.008 0.057 0.795 
 256 F _   0.079 0.000 0.000 0.003 0.003 0.007 0.061 0.846 
 257 D _   0.046 0.000 0.000 0.003 0.002 0.006 0.065 0.878 
 258 G _   0.027 0.000 0.000 0.002 0.002 0.006 0.067 0.895 
 259 H _   0.017 0.000 0.000 0.002 0.002 0.006 0.069 0.903 
 260 N _   0.013 0.001 0.000 0.003 0.002 0.007 0.070 0.904 
 261 L _   0.011 0.003 0.000 0.005 0.002 0.009 0.071 0.900 
 262 K _   0.010 0.006 0.000 0.007 0.003 0.010 0.071 0.892 
 263 E _   0.010 0.011 0.001 0.011 0.005 0.013 0.071 0.878 
 264 L _   0.010 0.019 0.001 0.016 0.006 0.015 0.071 0.862 
 265 R _   0.011 0.027 0.001 0.022 0.008 0.017 0.071 0.844 
 266 E _   0.011 0.034 0.001 0.027 0.009 0.018 0.071 0.829 
 267 R _   0.011 0.039 0.001 0.029 0.010 0.019 0.072 0.818 
 268 V _   0.011 0.042 0.001 0.031 0.011 0.019 0.073 0.812 
 269 L _   0.011 0.044 0.001 0.030 0.011 0.019 0.074 0.810 
 270 R _   0.011 0.043 0.001 0.028 0.010 0.019 0.075 0.812 
 271 G _   0.011 0.041 0.001 0.026 0.010 0.019 0.077 0.815 
 272 K _   0.011 0.039 0.001 0.023 0.009 0.018 0.080 0.819 
 273 Y _   0.012 0.035 0.001 0.020 0.009 0.018 0.082 0.823 
 274 R _   0.012 0.031 0.001 0.018 0.008 0.018 0.085 0.828 
 275 V _   0.012 0.027 0.001 0.015 0.007 0.017 0.088 0.832 
 276 P _   0.012 0.023 0.001 0.013 0.006 0.017 0.091 0.836 
 277 F _   0.012 0.020 0.001 0.011 0.006 0.017 0.094 0.839 
 278 Y _   0.013 0.017 0.001 0.009 0.005 0.017 0.097 0.841 
 279 M _   0.013 0.015 0.001 0.008 0.005 0.018 0.099 0.841 
 280 S _   0.015 0.013 0.001 0.007 0.005 0.019 0.101 0.839 
 281 T _   0.016 0.013 0.001 0.007 0.006 0.021 0.103 0.833 
 282 D _   0.019 0.013 0.001 0.007 0.007 0.023 0.105 0.823 
 283 C _   0.023 0.015 0.001 0.009 0.009 0.027 0.107 0.809 
 284 E _   0.027 0.019 0.001 0.012 0.013 0.030 0.109 0.789 
 285 S _   0.031 0.024 0.001 0.017 0.016 0.034 0.112 0.765 
 286 I _   0.035 0.030 0.001 0.023 0.020 0.036 0.114 0.740 
 287 L _   0.037 0.036 0.002 0.030 0.023 0.038 0.117 0.718 
 288 R _   0.038 0.040 0.002 0.035 0.024 0.038 0.121 0.702 
 289 R _   0.038 0.042 0.002 0.037 0.024 0.037 0.125 0.696 
 290 F _   0.037 0.041 0.002 0.035 0.022 0.035 0.131 0.698 
 291 L _   0.035 0.038 0.001 0.031 0.019 0.032 0.137 0.707 
 292 V _   0.032 0.034 0.001 0.025 0.016 0.029 0.143 0.721 
 293 L _   0.028 0.028 0.001 0.019 0.012 0.026 0.149 0.736 
 294 N _   0.025 0.023 0.001 0.014 0.010 0.023 0.155 0.750 
 295 P _   0.023 0.018 0.001 0.010 0.008 0.021 0.161 0.759 
 296 A _   0.021 0.016 0.001 0.008 0.006 0.019 0.166 0.763 
 297 K _   0.019 0.015 0.001 0.008 0.006 0.018 0.171 0.763 
 298 R _   0.018 0.014 0.001 0.009 0.006 0.018 0.176 0.759 
 299 C _   0.017 0.015 0.001 0.011 0.006 0.018 0.181 0.753 
 300 T _   0.016 0.016 0.001 0.013 0.007 0.017 0.186 0.745 
 301 L _   0.016 0.017 0.001 0.016 0.007 0.017 0.191 0.736 
 302 E _   0.015 0.018 0.001 0.018 0.008 0.016 0.196 0.729 
 303 Q _   0.014 0.018 0.001 0.019 0.008 0.015 0.202 0.724 
 304 I _   0.013 0.018 0.001 0.018 0.007 0.014 0.208 0.721 
 305 M _   0.012 0.017 0.001 0.017 0.007 0.013 0.214 0.719 
 306 K _   0.011 0.015 0.001 0.015 0.006 0.012 0.221 0.718 
 307 D _   0.011 0.013 0.001 0.013 0.005 0.011 0.229 0.718 
 308 K _   0.010 0.012 0.001 0.012 0.004 0.010 0.236 0.716 
 309 W _   0.009 0.010 0.000 0.010 0.004 0.009 0.243 0.713 
 310 I _   0.009 0.009 0.000 0.010 0.004 0.009 0.251 0.709 
 311 N _   0.009 0.008 0.000 0.009 0.003 0.008 0.258 0.704 
 312 I _   0.008 0.007 0.000 0.009 0.003 0.008 0.265 0.699 
 313 G _   0.008 0.007 0.000 0.009 0.003 0.008 0.271 0.693 
 314 Y _   0.008 0.006 0.000 0.010 0.003 0.007 0.277 0.689 
 315 E _   0.007 0.006 0.000 0.009 0.003 0.007 0.283 0.685 
 316 G _   0.007 0.005 0.000 0.009 0.003 0.007 0.288 0.681 
 317 E _   0.006 0.005 0.000 0.009 0.002 0.007 0.293 0.678 
 318 E _   0.006 0.004 0.000 0.008 0.002 0.006 0.297 0.676 
 319 L _   0.005 0.004 0.000 0.008 0.002 0.006 0.301 0.674 
 320 K _   0.005 0.003 0.000 0.007 0.002 0.005 0.305 0.672 
 321 P _   0.005 0.003 0.000 0.006 0.002 0.005 0.308 0.671 
 322 Y _   0.004 0.003 0.000 0.006 0.002 0.005 0.310 0.670 
 323 T _   0.004 0.003 0.000 0.005 0.001 0.004 0.312 0.670 
 324 E _   0.003 0.003 0.000 0.005 0.001 0.004 0.313 0.670 
 325 P _   0.003 0.003 0.000 0.004 0.001 0.004 0.313 0.671 
 326 E _   0.003 0.003 0.000 0.004 0.001 0.005 0.313 0.671 
 327 E _   0.003 0.004 0.000 0.003 0.001 0.005 0.312 0.672 
 328 D _   0.004 0.005 0.000 0.004 0.001 0.006 0.310 0.671 
 329 F _   0.004 0.007 0.000 0.004 0.002 0.008 0.307 0.667 
 330 G _   0.006 0.013 0.000 0.006 0.003 0.012 0.303 0.658 
 331 D _   0.008 0.025 0.001 0.009 0.005 0.016 0.297 0.638 
 332 T _   0.012 0.050 0.001 0.015 0.009 0.022 0.289 0.603 
 333 K _   0.015 0.093 0.002 0.022 0.015 0.028 0.280 0.546 
 334 R _   0.018 0.153 0.002 0.031 0.020 0.032 0.269 0.474 
 335 I _   0.019 0.220 0.002 0.040 0.025 0.035 0.259 0.400 
 336 E _   0.019 0.274 0.002 0.048 0.027 0.036 0.252 0.343 
 337 V E   0.020 0.310 0.002 0.053 0.027 0.035 0.247 0.305 
 338 M E   0.020 0.331 0.002 0.057 0.027 0.034 0.245 0.284 
 339 V E   0.020 0.341 0.002 0.058 0.027 0.033 0.244 0.276 
 340 G E   0.020 0.343 0.002 0.057 0.026 0.031 0.244 0.277 
 341 M E   0.019 0.337 0.002 0.054 0.024 0.030 0.247 0.287 
 342 G E   0.019 0.323 0.002 0.049 0.023 0.027 0.250 0.307 
 343 Y _   0.019 0.298 0.002 0.043 0.020 0.025 0.256 0.337 
 344 T _   0.018 0.261 0.002 0.037 0.018 0.023 0.263 0.378 
 345 R _   0.017 0.215 0.002 0.031 0.015 0.021 0.273 0.426 
 346 E _   0.016 0.166 0.002 0.026 0.012 0.019 0.283 0.477 
 347 E _   0.015 0.121 0.001 0.020 0.009 0.017 0.293 0.524 
 348 I _   0.013 0.085 0.001 0.015 0.007 0.015 0.301 0.562 
 349 K _   0.011 0.059 0.001 0.011 0.005 0.013 0.309 0.591 
 350 E _   0.010 0.041 0.001 0.008 0.004 0.012 0.314 0.611 
 351 S _   0.008 0.030 0.000 0.006 0.003 0.011 0.318 0.623 
 352 L _   0.008 0.024 0.000 0.004 0.002 0.010 0.321 0.630 
 353 T _   0.007 0.021 0.000 0.004 0.002 0.011 0.323 0.632 
 354 S _   0.008 0.020 0.000 0.003 0.002 0.012 0.324 0.630 
 355 Q _   0.010 0.021 0.000 0.004 0.003 0.014 0.325 0.624 
 356 K _   0.012 0.025 0.000 0.005 0.005 0.017 0.325 0.611 
 357 Y _   0.016 0.034 0.001 0.009 0.008 0.022 0.324 0.587 
 358 N _   0.020 0.054 0.001 0.015 0.013 0.027 0.322 0.547 
 359 E _   0.023 0.090 0.002 0.024 0.019 0.031 0.320 0.491 
 360 V _   0.025 0.136 0.002 0.037 0.024 0.033 0.318 0.425 
 361 T _   0.025 0.178 0.002 0.050 0.026 0.034 0.318 0.367 
 362 A _   0.025 0.205 0.002 0.061 0.027 0.033 0.319 0.329 
 363 T X   0.024 0.219 0.002 0.067 0.026 0.031 0.323 0.309 
 364 Y X   0.022 0.224 0.002 0.069 0.024 0.029 0.328 0.302 
 365 L X   0.021 0.221 0.002 0.067 0.021 0.026 0.336 0.307 
 366 L X   0.018 0.211 0.002 0.060 0.018 0.023 0.346 0.321 
 367 L X   0.016 0.191 0.002 0.050 0.015 0.019 0.360 0.347 
 368 G _   0.015 0.157 0.001 0.039 0.012 0.016 0.376 0.384 
 369 R _   0.013 0.115 0.001 0.027 0.009 0.013 0.394 0.426 
 370 K _   0.011 0.075 0.001 0.018 0.006 0.011 0.412 0.466 
 371 T _   0.009 0.046 0.001 0.010 0.004 0.008 0.426 0.497 
 372 E _   0.007 0.029 0.000 0.006 0.002 0.006 0.436 0.514 
 373 E _   0.005 0.021 0.000 0.003 0.001 0.005 0.442 0.523 
 374 G _   0.004 0.018 0.000 0.002 0.001 0.004 0.445 0.526 
 375 G _   0.003 0.017 0.000 0.002 0.001 0.004 0.447 0.526 
 376 D _   0.003 0.018 0.000 0.002 0.001 0.005 0.447 0.523 
 377 R _   0.004 0.022 0.000 0.004 0.002 0.006 0.446 0.516 
 378 G _   0.005 0.032 0.000 0.008 0.003 0.009 0.443 0.500 
 379 A _   0.006 0.054 0.001 0.015 0.005 0.011 0.438 0.471 
 380 P X   0.006 0.090 0.001 0.025 0.007 0.014 0.431 0.426 
 381 G X   0.006 0.133 0.001 0.037 0.009 0.015 0.423 0.375 
 382 L X   0.005 0.171 0.001 0.048 0.011 0.016 0.417 0.331 
 383 A X   0.005 0.195 0.001 0.057 0.011 0.016 0.413 0.303 
 384 L X   0.005 0.207 0.001 0.062 0.011 0.015 0.412 0.287 
 385 A X   0.004 0.212 0.001 0.063 0.011 0.015 0.414 0.281 
 386 R X   0.004 0.211 0.001 0.060 0.010 0.014 0.417 0.283 
 387 V X   0.004 0.204 0.001 0.055 0.009 0.012 0.423 0.291 
 388 R X   0.004 0.190 0.001 0.047 0.009 0.011 0.431 0.306 
 389 A X   0.005 0.167 0.001 0.039 0.008 0.010 0.443 0.327 
 390 P X   0.005 0.137 0.001 0.030 0.007 0.009 0.458 0.354 
 391 S X   0.005 0.105 0.001 0.022 0.005 0.009 0.474 0.380 
 392 D X   0.005 0.078 0.001 0.015 0.004 0.008 0.489 0.401 
 393 T X   0.004 0.057 0.000 0.011 0.003 0.007 0.501 0.416 
 394 T X   0.004 0.044 0.000 0.008 0.002 0.006 0.511 0.424 
 395 N X   0.004 0.036 0.000 0.007 0.002 0.006 0.519 0.427 
 396 G X   0.003 0.030 0.000 0.006 0.002 0.005 0.525 0.428 
 397 T X   0.003 0.027 0.000 0.006 0.002 0.005 0.530 0.427 
 398 S X   0.003 0.025 0.000 0.006 0.002 0.005 0.534 0.425 
 399 S X   0.003 0.023 0.000 0.007 0.002 0.005 0.537 0.423 
 400 S X   0.003 0.022 0.000 0.008 0.002 0.005 0.540 0.420 
 401 K X   0.003 0.022 0.000 0.008 0.002 0.005 0.543 0.418 
 402 G X   0.003 0.021 0.000 0.008 0.002 0.005 0.546 0.415 
 403 T X   0.003 0.020 0.000 0.009 0.002 0.005 0.548 0.414 
 404 S X   0.003 0.019 0.000 0.008 0.002 0.005 0.551 0.412 
 405 H X   0.002 0.018 0.000 0.008 0.002 0.005 0.554 0.411 
 406 S X   0.002 0.017 0.000 0.007 0.002 0.005 0.556 0.410 
 407 K X   0.002 0.016 0.000 0.007 0.002 0.005 0.559 0.409 
 408 G X   0.002 0.016 0.000 0.006 0.002 0.005 0.561 0.408 
 409 Q X   0.002 0.015 0.000 0.006 0.002 0.005 0.563 0.406 
 410 R X   0.002 0.015 0.000 0.006 0.002 0.005 0.566 0.404 
 411 S X   0.003 0.015 0.000 0.007 0.002 0.005 0.568 0.400 
 412 S X   0.003 0.016 0.000 0.008 0.002 0.005 0.570 0.397 
 413 S X   0.003 0.016 0.000 0.009 0.002 0.006 0.571 0.392 
 414 S X   0.003 0.017 0.000 0.010 0.002 0.006 0.573 0.387 
 415 T X   0.003 0.017 0.000 0.012 0.003 0.006 0.576 0.383 
 416 Y X   0.003 0.018 0.000 0.012 0.003 0.006 0.578 0.379 
 417 H X   0.003 0.018 0.000 0.013 0.003 0.006 0.581 0.375 
 418 R X   0.003 0.017 0.000 0.013 0.003 0.006 0.585 0.372 
 419 Q X   0.003 0.016 0.000 0.013 0.003 0.006 0.589 0.369 
 420 R X   0.003 0.015 0.000 0.012 0.003 0.006 0.594 0.367 
 421 R X   0.003 0.014 0.000 0.011 0.003 0.005 0.599 0.365 
 422 H X   0.003 0.012 0.000 0.010 0.002 0.005 0.604 0.363 
 423 S X   0.003 0.011 0.000 0.008 0.002 0.005 0.610 0.361 
 424 D X   0.003 0.009 0.000 0.007 0.002 0.004 0.615 0.359 
 425 F X   0.003 0.008 0.000 0.006 0.002 0.004 0.620 0.358 
 426 C X   0.003 0.006 0.000 0.006 0.001 0.004 0.624 0.356 
 427 G X   0.003 0.005 0.000 0.005 0.001 0.004 0.628 0.353 
 428 P X   0.003 0.004 0.000 0.005 0.001 0.003 0.632 0.352 
 429 S X   0.003 0.004 0.000 0.004 0.001 0.003 0.635 0.350 
 430 P X   0.003 0.003 0.000 0.004 0.001 0.003 0.637 0.348 
 431 A X   0.003 0.003 0.000 0.004 0.001 0.003 0.639 0.347 
 432 P X   0.003 0.003 0.000 0.004 0.001 0.003 0.640 0.347 
 433 L X   0.002 0.003 0.000 0.004 0.001 0.003 0.640 0.347 
 434 H X   0.002 0.003 0.000 0.004 0.001 0.003 0.640 0.348 
 435 P X   0.002 0.003 0.000 0.003 0.001 0.003 0.639 0.349 
 436 K X   0.002 0.003 0.000 0.003 0.001 0.003 0.637 0.350 
 437 R X   0.002 0.003 0.000 0.003 0.001 0.003 0.635 0.353 
 438 S X   0.002 0.004 0.000 0.004 0.001 0.003 0.632 0.355 
 439 P X   0.002 0.005 0.000 0.004 0.001 0.003 0.628 0.357 
 440 T X   0.002 0.006 0.000 0.005 0.001 0.004 0.623 0.359 
 441 S X   0.002 0.008 0.000 0.006 0.001 0.004 0.617 0.361 
 442 T X   0.002 0.010 0.000 0.007 0.002 0.004 0.611 0.363 
 443 G X   0.002 0.013 0.000 0.009 0.002 0.005 0.604 0.365 
 444 E X   0.002 0.016 0.000 0.010 0.002 0.005 0.597 0.367 
 445 A X   0.002 0.020 0.000 0.010 0.002 0.005 0.590 0.370 
 446 E X   0.002 0.023 0.000 0.011 0.002 0.005 0.583 0.373 
 447 L X   0.002 0.026 0.000 0.011 0.002 0.005 0.576 0.377 
 448 K X   0.002 0.029 0.000 0.011 0.002 0.005 0.570 0.380 
 449 E X   0.002 0.031 0.000 0.010 0.002 0.005 0.564 0.384 
 450 E X   0.002 0.034 0.000 0.010 0.002 0.005 0.558 0.388 
 451 R X   0.002 0.036 0.000 0.010 0.002 0.005 0.553 0.391 
 452 L X   0.002 0.039 0.000 0.010 0.002 0.006 0.547 0.394 
 453 P X   0.002 0.042 0.000 0.010 0.002 0.006 0.541 0.395 
 454 G X   0.003 0.046 0.000 0.011 0.003 0.006 0.535 0.395 
 455 R X   0.003 0.051 0.000 0.013 0.003 0.006 0.529 0.394 
 456 K X   0.003 0.056 0.000 0.015 0.003 0.007 0.524 0.392 
 457 A X   0.003 0.061 0.000 0.017 0.004 0.007 0.519 0.390 
 458 S X   0.003 0.065 0.000 0.019 0.004 0.007 0.514 0.388 
 459 C X   0.003 0.068 0.000 0.021 0.004 0.007 0.511 0.386 
 460 S X   0.003 0.070 0.000 0.021 0.004 0.007 0.508 0.386 
 461 T X   0.003 0.070 0.000 0.021 0.004 0.007 0.507 0.388 
 462 A X   0.003 0.070 0.000 0.020 0.004 0.007 0.506 0.391 
 463 G X   0.003 0.067 0.000 0.018 0.004 0.006 0.506 0.396 
 464 S X   0.003 0.064 0.000 0.015 0.003 0.006 0.506 0.402 
 465 G X   0.003 0.060 0.000 0.013 0.003 0.005 0.507 0.409 
 466 S X   0.003 0.056 0.000 0.010 0.002 0.005 0.509 0.415 
 467 R X   0.003 0.052 0.000 0.009 0.002 0.005 0.510 0.419 
 468 G X   0.003 0.048 0.000 0.008 0.002 0.005 0.511 0.422 
 469 L X   0.003 0.046 0.000 0.008 0.002 0.005 0.513 0.423 
 470 P X   0.003 0.045 0.000 0.009 0.002 0.005 0.514 0.421 
 471 P X   0.003 0.044 0.000 0.010 0.002 0.006 0.516 0.419 
 472 S X   0.003 0.044 0.000 0.012 0.003 0.006 0.517 0.415 
 473 S X   0.003 0.043 0.000 0.013 0.003 0.006 0.519 0.412 
 474 P X   0.003 0.042 0.000 0.015 0.003 0.006 0.521 0.409 
 475 M X   0.003 0.041 0.000 0.015 0.003 0.006 0.524 0.408 
 476 V X   0.003 0.038 0.000 0.014 0.003 0.006 0.527 0.408 
 477 S X   0.003 0.035 0.000 0.013 0.003 0.005 0.531 0.410 
 478 S X   0.003 0.031 0.000 0.011 0.002 0.005 0.535 0.413 
 479 A X   0.003 0.027 0.000 0.009 0.002 0.004 0.539 0.416 
 480 H X   0.002 0.023 0.000 0.007 0.002 0.004 0.543 0.419 
 481 N X   0.002 0.020 0.000 0.006 0.001 0.004 0.546 0.421 
 482 P X   0.002 0.018 0.000 0.005 0.001 0.004 0.548 0.421 
 483 N X   0.002 0.017 0.000 0.005 0.001 0.004 0.550 0.420 
 484 K X   0.002 0.017 0.000 0.006 0.001 0.004 0.552 0.418 
 485 A X   0.003 0.017 0.000 0.007 0.002 0.005 0.553 0.414 
 486 E X   0.003 0.017 0.000 0.009 0.002 0.005 0.554 0.411 
 487 I X   0.003 0.017 0.000 0.010 0.002 0.005 0.555 0.407 
 488 P X   0.003 0.018 0.000 0.011 0.002 0.005 0.556 0.405 
 489 E X   0.003 0.017 0.000 0.012 0.002 0.005 0.557 0.403 
 490 R X   0.003 0.017 0.000 0.011 0.002 0.005 0.558 0.403 
 491 R X   0.003 0.016 0.000 0.010 0.002 0.005 0.560 0.405 
 492 K X   0.003 0.014 0.000 0.008 0.002 0.004 0.562 0.407 
 493 D X   0.002 0.013 0.000 0.006 0.001 0.004 0.563 0.410 
 494 S X   0.002 0.011 0.000 0.005 0.001 0.003 0.564 0.413 
 495 T X   0.002 0.010 0.000 0.004 0.001 0.003 0.564 0.416 
 496 S X   0.002 0.010 0.000 0.003 0.001 0.003 0.564 0.417 
 497 T X   0.002 0.010 0.000 0.003 0.001 0.003 0.563 0.418 
 498 P X   0.002 0.011 0.000 0.003 0.001 0.004 0.561 0.418 
 499 N X   0.002 0.014 0.000 0.004 0.001 0.004 0.557 0.417 
 500 N X   0.003 0.018 0.000 0.006 0.002 0.006 0.553 0.413 
 501 L X   0.003 0.025 0.000 0.009 0.003 0.007 0.547 0.406 
 502 P X   0.003 0.036 0.000 0.013 0.004 0.008 0.541 0.395 
 503 P X   0.004 0.048 0.001 0.018 0.005 0.010 0.533 0.382 
 504 S X   0.004 0.060 0.001 0.022 0.006 0.011 0.527 0.370 
 505 M X   0.004 0.071 0.001 0.026 0.006 0.011 0.522 0.359 
 506 M X   0.004 0.078 0.001 0.029 0.007 0.012 0.518 0.352 
 507 T X   0.004 0.083 0.001 0.030 0.007 0.012 0.515 0.348 
 508 R X   0.004 0.085 0.001 0.030 0.007 0.011 0.514 0.347 
 509 R X   0.005 0.085 0.001 0.029 0.007 0.011 0.514 0.348 
 510 N X   0.005 0.084 0.001 0.027 0.007 0.010 0.515 0.352 
 511 T X   0.005 0.080 0.001 0.024 0.006 0.010 0.517 0.357 
 512 Y X   0.005 0.075 0.001 0.021 0.005 0.009 0.520 0.364 
 513 V X   0.005 0.069 0.001 0.018 0.005 0.009 0.524 0.370 
 514 C X   0.005 0.062 0.001 0.016 0.004 0.008 0.528 0.377 
 515 T X   0.005 0.055 0.000 0.013 0.004 0.007 0.532 0.384 
 516 E X   0.004 0.048 0.000 0.012 0.003 0.007 0.536 0.390 
 517 R X   0.004 0.042 0.000 0.010 0.003 0.006 0.539 0.396 
 518 P X   0.004 0.036 0.000 0.009 0.002 0.006 0.543 0.400 
 519 G X   0.004 0.031 0.000 0.008 0.002 0.005 0.545 0.404 
 520 A X   0.004 0.027 0.000 0.008 0.002 0.005 0.548 0.406 
 521 E X   0.003 0.024 0.000 0.007 0.002 0.005 0.550 0.408 
 522 R X   0.003 0.021 0.000 0.007 0.002 0.005 0.552 0.410 
 523 P X   0.003 0.019 0.000 0.007 0.002 0.004 0.553 0.411 
 524 S X   0.003 0.017 0.000 0.007 0.002 0.004 0.554 0.413 
 525 L X   0.003 0.015 0.000 0.006 0.002 0.004 0.555 0.415 
 526 L X   0.003 0.013 0.000 0.006 0.001 0.004 0.556 0.417 
 527 P X   0.003 0.012 0.000 0.006 0.001 0.004 0.555 0.420 
 528 N X   0.003 0.011 0.000 0.005 0.001 0.004 0.555 0.422 
 529 G X   0.002 0.010 0.000 0.005 0.001 0.003 0.553 0.425 
 530 K X   0.002 0.009 0.000 0.004 0.001 0.003 0.551 0.428 
 531 E X   0.002 0.009 0.000 0.005 0.001 0.003 0.549 0.431 
 532 N X   0.002 0.009 0.000 0.005 0.001 0.004 0.545 0.434 
 533 S X   0.002 0.009 0.000 0.005 0.001 0.004 0.541 0.436 
 534 S X   0.002 0.010 0.000 0.006 0.001 0.004 0.537 0.439 
 535 G X   0.002 0.011 0.000 0.007 0.002 0.005 0.532 0.442 
 536 T X   0.003 0.012 0.000 0.009 0.002 0.005 0.526 0.444 
 537 P X   0.003 0.014 0.000 0.010 0.002 0.005 0.519 0.447 
 538 R X   0.003 0.015 0.000 0.011 0.002 0.006 0.513 0.450 
 539 V X   0.003 0.017 0.000 0.011 0.002 0.006 0.506 0.455 
 540 P X   0.003 0.018 0.000 0.011 0.002 0.006 0.499 0.460 
 541 P X   0.003 0.020 0.000 0.011 0.002 0.006 0.493 0.465 
 542 A X   0.003 0.021 0.000 0.011 0.002 0.006 0.486 0.471 
 543 S X   0.003 0.023 0.000 0.010 0.002 0.006 0.479 0.477 
 544 P _   0.003 0.024 0.000 0.010 0.002 0.006 0.472 0.483 
 545 S _   0.003 0.026 0.000 0.010 0.002 0.006 0.464 0.489 
 546 S _   0.003 0.028 0.000 0.010 0.002 0.006 0.457 0.494 
 547 H _   0.003 0.030 0.000 0.010 0.002 0.006 0.449 0.500 
 548 S _   0.003 0.033 0.000 0.010 0.002 0.006 0.439 0.506 
 549 L _   0.003 0.037 0.000 0.010 0.002 0.007 0.429 0.512 
 550 A _   0.003 0.042 0.000 0.010 0.002 0.007 0.418 0.517 
 551 P _   0.003 0.047 0.000 0.010 0.003 0.007 0.406 0.523 
 552 P _   0.003 0.055 0.000 0.011 0.003 0.008 0.393 0.526 
 553 S _   0.004 0.066 0.000 0.012 0.003 0.009 0.377 0.527 
 554 G _   0.004 0.081 0.001 0.014 0.004 0.011 0.360 0.524 
 555 E _   0.005 0.102 0.001 0.017 0.005 0.013 0.342 0.515 
 556 R _   0.005 0.131 0.001 0.021 0.007 0.015 0.321 0.499 
 557 S _   0.006 0.168 0.001 0.025 0.009 0.016 0.299 0.476 
 558 R _   0.006 0.212 0.001 0.029 0.011 0.018 0.278 0.446 
 559 L _   0.006 0.257 0.001 0.033 0.012 0.018 0.258 0.415 
 560 A _   0.006 0.298 0.001 0.036 0.012 0.018 0.240 0.387 
 561 R _   0.006 0.332 0.001 0.038 0.012 0.018 0.226 0.366 
 562 G E   0.006 0.357 0.001 0.039 0.012 0.017 0.215 0.351 
 563 S E   0.006 0.374 0.001 0.040 0.012 0.017 0.207 0.344 
 564 T E   0.006 0.383 0.001 0.039 0.011 0.016 0.201 0.342 
 565 I E   0.006 0.387 0.001 0.039 0.011 0.015 0.196 0.345 
 566 R E   0.007 0.386 0.001 0.037 0.010 0.014 0.193 0.352 
 567 S E   0.007 0.380 0.001 0.034 0.010 0.014 0.191 0.364 
 568 T _   0.007 0.369 0.001 0.031 0.009 0.013 0.189 0.381 
 569 F _   0.007 0.353 0.001 0.028 0.008 0.012 0.188 0.404 
 570 H _   0.007 0.331 0.001 0.024 0.007 0.011 0.188 0.431 
 571 G _   0.007 0.306 0.001 0.021 0.006 0.010 0.188 0.461 
 572 G _   0.006 0.281 0.001 0.018 0.005 0.010 0.189 0.491 
 573 Q _   0.006 0.258 0.001 0.015 0.004 0.009 0.189 0.518 
 574 V _   0.006 0.238 0.001 0.013 0.004 0.009 0.189 0.541 
 575 R _   0.005 0.223 0.000 0.012 0.003 0.008 0.189 0.559 
 576 D _   0.005 0.211 0.000 0.012 0.003 0.008 0.188 0.572 
 577 R _   0.005 0.203 0.000 0.012 0.003 0.008 0.188 0.581 
 578 R _   0.005 0.196 0.000 0.013 0.003 0.008 0.187 0.588 
 579 A _   0.004 0.190 0.000 0.015 0.003 0.008 0.186 0.593 
 580 G _   0.004 0.185 0.000 0.016 0.003 0.008 0.185 0.598 
 581 G _   0.004 0.179 0.000 0.017 0.004 0.008 0.184 0.604 
 582 G _   0.004 0.171 0.000 0.018 0.004 0.007 0.184 0.611 
 583 G _   0.004 0.162 0.000 0.017 0.003 0.007 0.184 0.622 
 584 G _   0.004 0.151 0.000 0.016 0.003 0.007 0.184 0.635 
 585 G _   0.004 0.138 0.000 0.014 0.003 0.006 0.184 0.651 
 586 G _   0.004 0.125 0.000 0.011 0.003 0.006 0.184 0.667 
 587 V _   0.004 0.113 0.000 0.009 0.002 0.006 0.183 0.683 
 588 Q _   0.004 0.104 0.000 0.007 0.002 0.005 0.183 0.695 
 589 N _   0.003 0.099 0.000 0.006 0.001 0.005 0.181 0.704 
 590 G _   0.003 0.097 0.000 0.005 0.001 0.005 0.179 0.710 
 591 P _   0.003 0.097 0.000 0.006 0.002 0.006 0.176 0.711 
 592 P _   0.004 0.100 0.000 0.007 0.002 0.006 0.172 0.709 
 593 A _   0.004 0.107 0.000 0.009 0.002 0.008 0.167 0.703 
 594 S _   0.004 0.118 0.000 0.013 0.003 0.009 0.160 0.691 
 595 P _   0.005 0.134 0.001 0.018 0.004 0.010 0.154 0.676 
 596 T _   0.005 0.151 0.001 0.023 0.005 0.011 0.146 0.659 
 597 L _   0.005 0.168 0.001 0.027 0.006 0.011 0.140 0.643 
 598 A _   0.004 0.181 0.001 0.030 0.006 0.011 0.134 0.632 
 599 H _   0.004 0.190 0.001 0.031 0.006 0.011 0.129 0.627 
 600 E _   0.004 0.195 0.001 0.031 0.006 0.011 0.126 0.627 
 601 A _   0.004 0.197 0.001 0.028 0.005 0.010 0.123 0.632 
 602 A _   0.004 0.195 0.001 0.025 0.005 0.010 0.120 0.640 
 603 P _   0.004 0.192 0.001 0.021 0.004 0.009 0.118 0.651 
 604 L _   0.004 0.186 0.000 0.016 0.004 0.008 0.117 0.664 
 605 P _   0.004 0.180 0.000 0.013 0.003 0.008 0.115 0.675 
 606 A _   0.004 0.175 0.000 0.010 0.003 0.008 0.114 0.685 
 607 G _   0.005 0.171 0.000 0.009 0.003 0.008 0.112 0.692 
 608 R _   0.005 0.170 0.000 0.008 0.003 0.009 0.110 0.695 
 609 P _   0.005 0.172 0.000 0.008 0.003 0.010 0.108 0.694 
 610 R _   0.006 0.177 0.000 0.009 0.004 0.012 0.105 0.688 
 611 P _   0.007 0.187 0.001 0.011 0.005 0.013 0.102 0.675 
 612 T _   0.008 0.203 0.001 0.014 0.006 0.015 0.098 0.654 
 613 T _   0.009 0.226 0.001 0.019 0.008 0.017 0.093 0.627 
 614 N _   0.009 0.252 0.001 0.025 0.010 0.018 0.089 0.596 
 615 L _   0.009 0.276 0.001 0.030 0.011 0.019 0.085 0.568 
 616 F _   0.010 0.295 0.001 0.034 0.012 0.019 0.082 0.547 
 617 T _   0.009 0.308 0.001 0.038 0.012 0.019 0.079 0.533 
 618 K _   0.009 0.315 0.001 0.040 0.012 0.019 0.078 0.527 
 619 L _   0.009 0.316 0.001 0.040 0.012 0.018 0.076 0.527 
 620 T _   0.009 0.312 0.001 0.039 0.012 0.017 0.076 0.534 
 621 S _   0.009 0.303 0.001 0.037 0.011 0.016 0.076 0.547 
 622 K _   0.010 0.288 0.001 0.034 0.010 0.015 0.076 0.566 
 623 L _   0.010 0.265 0.001 0.030 0.009 0.014 0.077 0.593 
 624 T _   0.010 0.236 0.001 0.026 0.008 0.013 0.079 0.626 
 625 R _   0.010 0.203 0.001 0.022 0.007 0.012 0.080 0.664 
 626 R _   0.010 0.169 0.001 0.018 0.006 0.011 0.082 0.702 
 627 V _   0.009 0.139 0.001 0.014 0.005 0.010 0.084 0.738 
 628 A _   0.008 0.116 0.001 0.011 0.004 0.009 0.085 0.766 
 629 D _   0.007 0.101 0.000 0.008 0.003 0.009 0.086 0.786 
 630 E _   0.007 0.091 0.000 0.007 0.003 0.008 0.086 0.799 
 631 P _   0.006 0.085 0.000 0.006 0.002 0.008 0.085 0.806 
 632 E _   0.006 0.083 0.000 0.007 0.002 0.008 0.085 0.808 
 633 R _   0.006 0.083 0.000 0.008 0.003 0.009 0.084 0.806 
 634 I _   0.007 0.086 0.000 0.010 0.004 0.010 0.082 0.801 
 635 G _   0.007 0.091 0.001 0.013 0.005 0.011 0.081 0.792 
 636 G _   0.007 0.097 0.001 0.018 0.006 0.012 0.079 0.780 
 637 P _   0.008 0.104 0.001 0.022 0.006 0.013 0.077 0.769 
 638 E _   0.008 0.109 0.001 0.025 0.007 0.014 0.076 0.760 
 639 V _   0.008 0.111 0.001 0.027 0.008 0.014 0.075 0.756 
 640 T _   0.008 0.112 0.001 0.028 0.008 0.013 0.074 0.757 
 641 S _   0.008 0.110 0.001 0.026 0.007 0.013 0.074 0.762 
 642 C _   0.007 0.105 0.001 0.023 0.007 0.012 0.074 0.771 
 643 H _   0.007 0.099 0.001 0.020 0.006 0.011 0.074 0.783 
 644 L _   0.007 0.091 0.001 0.016 0.005 0.011 0.075 0.796 
 645 P _   0.007 0.083 0.001 0.012 0.004 0.010 0.075 0.808 
 646 W _   0.007 0.077 0.000 0.010 0.003 0.010 0.075 0.818 
 647 D _   0.007 0.073 0.000 0.008 0.003 0.010 0.075 0.824 
 648 Q _   0.007 0.070 0.000 0.007 0.003 0.010 0.075 0.827 
 649 T _   0.007 0.070 0.000 0.008 0.003 0.011 0.074 0.825 
 650 E _   0.008 0.073 0.000 0.009 0.004 0.013 0.073 0.819 
 651 T _   0.009 0.077 0.001 0.012 0.005 0.014 0.073 0.809 
 652 A _   0.010 0.084 0.001 0.016 0.007 0.016 0.071 0.795 
 653 P _   0.011 0.092 0.001 0.021 0.009 0.018 0.070 0.778 
 654 R _   0.012 0.100 0.001 0.027 0.010 0.019 0.069 0.762 
 655 L _   0.013 0.106 0.001 0.032 0.011 0.020 0.069 0.748 
 656 L _   0.013 0.109 0.001 0.036 0.012 0.020 0.068 0.741 
 657 R _   0.013 0.109 0.001 0.038 0.012 0.019 0.068 0.739 
 658 F _   0.012 0.106 0.001 0.037 0.012 0.019 0.069 0.744 
 659 P _   0.012 0.099 0.001 0.035 0.011 0.017 0.070 0.754 
 660 W _   0.012 0.088 0.001 0.030 0.009 0.016 0.071 0.772 
 661 S _   0.011 0.073 0.001 0.024 0.008 0.014 0.073 0.796 
 662 V _   0.011 0.055 0.001 0.018 0.006 0.013 0.075 0.822 
 663 K _   0.010 0.038 0.001 0.012 0.004 0.011 0.076 0.848 
