#TopoPred_TM8: 8-state transmembrane topology prediction results by no_profile mode 
#probabilities are in the order of H E C I L F X _, the 8 transmembrane topology types used in PDBTM 
   1 M X   0.045 0.000 0.003 0.023 0.013 0.023 0.541 0.352 
   2 E X   0.036 0.000 0.000 0.011 0.004 0.018 0.552 0.379 
   3 L X   0.038 0.000 0.000 0.007 0.003 0.017 0.551 0.385 
   4 A X   0.064 0.000 0.001 0.004 0.004 0.021 0.539 0.368 
   5 A X   0.114 0.000 0.001 0.004 0.008 0.027 0.510 0.336 
   6 L X   0.179 0.000 0.001 0.003 0.015 0.034 0.468 0.300 
   7 C X   0.240 0.000 0.002 0.003 0.020 0.039 0.431 0.265 
   8 R X   0.288 0.000 0.002 0.005 0.025 0.040 0.402 0.238 
   9 W X   0.319 0.001 0.002 0.007 0.029 0.040 0.379 0.224 
  10 G X   0.333 0.001 0.002 0.009 0.032 0.039 0.361 0.223 
  11 L X   0.335 0.002 0.002 0.010 0.034 0.037 0.345 0.234 
  12 L X   0.327 0.002 0.002 0.011 0.032 0.035 0.333 0.258 
  13 L X   0.308 0.002 0.002 0.010 0.029 0.032 0.322 0.296 
  14 A _   0.279 0.001 0.002 0.008 0.024 0.028 0.313 0.345 
  15 L _   0.244 0.001 0.001 0.006 0.018 0.024 0.306 0.400 
  16 L _   0.204 0.000 0.001 0.004 0.013 0.021 0.299 0.458 
  17 P _   0.164 0.000 0.001 0.003 0.009 0.018 0.293 0.512 
  18 P _   0.128 0.000 0.001 0.003 0.006 0.016 0.287 0.559 
  19 G _   0.099 0.000 0.001 0.003 0.005 0.015 0.282 0.595 
  20 A _   0.078 0.000 0.001 0.003 0.005 0.015 0.276 0.622 
  21 A _   0.062 0.001 0.001 0.004 0.005 0.014 0.271 0.643 
  22 S _   0.049 0.001 0.001 0.006 0.005 0.015 0.265 0.658 
  23 T _   0.040 0.002 0.001 0.008 0.006 0.015 0.259 0.669 
  24 Q _   0.032 0.003 0.001 0.010 0.006 0.015 0.253 0.679 
  25 V _   0.026 0.005 0.001 0.013 0.007 0.015 0.247 0.687 
  26 C _   0.021 0.006 0.001 0.014 0.007 0.014 0.241 0.695 
  27 T _   0.018 0.007 0.001 0.016 0.007 0.014 0.235 0.702 
  28 G _   0.016 0.008 0.001 0.016 0.007 0.013 0.230 0.710 
  29 T _   0.013 0.008 0.001 0.015 0.006 0.013 0.225 0.719 
  30 D _   0.012 0.008 0.001 0.014 0.006 0.012 0.220 0.728 
  31 M _   0.011 0.008 0.001 0.013 0.005 0.011 0.216 0.736 
  32 K _   0.009 0.007 0.001 0.011 0.004 0.010 0.212 0.745 
  33 L _   0.009 0.007 0.000 0.010 0.004 0.009 0.208 0.754 
  34 R _   0.008 0.007 0.000 0.008 0.003 0.009 0.203 0.761 
  35 L _   0.007 0.006 0.000 0.007 0.003 0.008 0.199 0.769 
  36 P _   0.007 0.006 0.000 0.007 0.003 0.008 0.194 0.774 
  37 A _   0.007 0.007 0.000 0.006 0.003 0.009 0.190 0.779 
  38 S _   0.007 0.008 0.000 0.006 0.003 0.009 0.185 0.782 
  39 P _   0.007 0.009 0.000 0.007 0.003 0.010 0.179 0.784 
  40 E _   0.008 0.011 0.000 0.008 0.004 0.012 0.173 0.784 
  41 T _   0.008 0.014 0.001 0.010 0.005 0.014 0.167 0.782 
  42 H _   0.010 0.018 0.001 0.012 0.006 0.016 0.160 0.777 
  43 L _   0.011 0.024 0.001 0.015 0.008 0.018 0.154 0.771 
  44 D _   0.012 0.029 0.001 0.018 0.009 0.020 0.147 0.764 
  45 M _   0.014 0.035 0.001 0.020 0.011 0.022 0.140 0.757 
  46 L _   0.015 0.040 0.001 0.022 0.012 0.024 0.134 0.752 
  47 R _   0.017 0.044 0.001 0.024 0.013 0.025 0.128 0.749 
  48 H _   0.018 0.047 0.001 0.024 0.014 0.026 0.123 0.747 
  49 L _   0.019 0.049 0.001 0.024 0.014 0.026 0.118 0.748 
  50 Y _   0.021 0.050 0.001 0.023 0.014 0.026 0.114 0.751 
  51 Q _   0.021 0.050 0.001 0.021 0.013 0.027 0.111 0.755 
  52 G _   0.022 0.049 0.001 0.020 0.013 0.026 0.108 0.760 
  53 C _   0.023 0.049 0.001 0.019 0.012 0.026 0.105 0.765 
  54 Q _   0.023 0.048 0.001 0.018 0.012 0.026 0.103 0.771 
  55 V _   0.023 0.047 0.001 0.017 0.011 0.025 0.100 0.775 
  56 V _   0.022 0.046 0.001 0.017 0.011 0.025 0.098 0.779 
  57 Q _   0.022 0.046 0.001 0.018 0.011 0.025 0.095 0.783 
  58 G _   0.021 0.045 0.001 0.018 0.011 0.024 0.093 0.786 
  59 N _   0.021 0.044 0.001 0.019 0.011 0.023 0.091 0.790 
  60 L _   0.020 0.042 0.001 0.020 0.011 0.023 0.090 0.794 
  61 E _   0.019 0.040 0.001 0.020 0.011 0.022 0.088 0.800 
  62 L _   0.018 0.037 0.001 0.019 0.010 0.020 0.087 0.808 
  63 T _   0.016 0.034 0.001 0.018 0.009 0.019 0.086 0.818 
  64 Y _   0.015 0.029 0.001 0.016 0.008 0.018 0.085 0.829 
  65 L _   0.013 0.024 0.001 0.014 0.007 0.017 0.084 0.840 
  66 P _   0.013 0.020 0.001 0.012 0.006 0.016 0.083 0.851 
  67 T _   0.012 0.015 0.001 0.010 0.005 0.015 0.082 0.860 
  68 N _   0.012 0.012 0.001 0.008 0.005 0.015 0.081 0.866 
  69 A _   0.013 0.010 0.001 0.007 0.005 0.015 0.080 0.870 
  70 S _   0.014 0.008 0.001 0.007 0.005 0.016 0.079 0.872 
  71 L _   0.015 0.007 0.001 0.007 0.005 0.017 0.077 0.871 
  72 S _   0.017 0.007 0.001 0.007 0.006 0.019 0.076 0.868 
  73 F _   0.020 0.007 0.001 0.008 0.007 0.021 0.075 0.863 
  74 L _   0.023 0.007 0.001 0.009 0.008 0.023 0.073 0.856 
  75 Q _   0.027 0.008 0.001 0.010 0.010 0.025 0.072 0.847 
  76 D _   0.032 0.010 0.001 0.012 0.012 0.028 0.070 0.836 
  77 I _   0.037 0.011 0.001 0.013 0.014 0.031 0.069 0.825 
  78 Q _   0.042 0.013 0.001 0.015 0.016 0.033 0.067 0.813 
  79 E _   0.046 0.015 0.001 0.016 0.018 0.034 0.066 0.803 
  80 V _   0.051 0.016 0.001 0.018 0.019 0.036 0.066 0.794 
  81 Q _   0.054 0.018 0.001 0.019 0.020 0.036 0.065 0.787 
  82 G _   0.055 0.019 0.001 0.020 0.020 0.036 0.065 0.784 
  83 Y _   0.055 0.019 0.001 0.020 0.020 0.035 0.065 0.784 
  84 V _   0.054 0.019 0.001 0.019 0.019 0.033 0.066 0.789 
  85 L _   0.051 0.018 0.001 0.018 0.017 0.031 0.066 0.797 
  86 I _   0.048 0.017 0.001 0.017 0.015 0.029 0.067 0.807 
  87 A _   0.043 0.015 0.001 0.015 0.012 0.026 0.068 0.820 
  88 H _   0.038 0.013 0.001 0.012 0.010 0.023 0.069 0.833 
  89 N _   0.033 0.011 0.001 0.010 0.008 0.021 0.070 0.845 
  90 Q _   0.029 0.010 0.001 0.009 0.007 0.019 0.071 0.855 
  91 V _   0.025 0.009 0.001 0.007 0.006 0.017 0.072 0.864 
  92 R _   0.022 0.008 0.001 0.006 0.005 0.016 0.072 0.870 
  93 Q _   0.020 0.009 0.000 0.006 0.004 0.015 0.073 0.873 
  94 V _   0.019 0.009 0.001 0.006 0.004 0.015 0.073 0.873 
  95 P _   0.018 0.011 0.001 0.006 0.005 0.016 0.073 0.871 
  96 L _   0.017 0.015 0.001 0.007 0.006 0.017 0.073 0.865 
  97 Q _   0.018 0.020 0.001 0.009 0.007 0.018 0.073 0.855 
  98 R _   0.018 0.028 0.001 0.012 0.008 0.019 0.073 0.842 
  99 L _   0.018 0.037 0.001 0.015 0.009 0.020 0.073 0.828 
 100 R _   0.018 0.046 0.001 0.018 0.010 0.020 0.073 0.814 
 101 I _   0.017 0.054 0.001 0.021 0.011 0.020 0.073 0.802 
 102 V _   0.016 0.061 0.001 0.022 0.011 0.020 0.073 0.795 
 103 R _   0.016 0.066 0.001 0.023 0.010 0.020 0.074 0.791 
 104 G _   0.015 0.069 0.001 0.022 0.010 0.019 0.075 0.790 
 105 T _   0.014 0.071 0.001 0.020 0.009 0.018 0.076 0.792 
 106 Q _   0.014 0.071 0.001 0.018 0.008 0.017 0.077 0.795 
 107 L _   0.013 0.071 0.001 0.017 0.007 0.016 0.078 0.797 
 108 F _   0.012 0.072 0.001 0.016 0.007 0.016 0.079 0.798 
 109 E _   0.012 0.072 0.001 0.017 0.007 0.016 0.080 0.795 
 110 D _   0.011 0.073 0.001 0.019 0.007 0.016 0.082 0.791 
 111 N _   0.012 0.075 0.001 0.021 0.008 0.015 0.084 0.785 
 112 Y _   0.012 0.075 0.001 0.024 0.008 0.015 0.086 0.779 
 113 A _   0.012 0.075 0.001 0.027 0.008 0.015 0.088 0.775 
 114 L _   0.011 0.073 0.001 0.028 0.008 0.014 0.091 0.775 
 115 A _   0.011 0.069 0.001 0.027 0.007 0.013 0.094 0.779 
 116 V _   0.010 0.062 0.001 0.024 0.006 0.011 0.097 0.789 
 117 L _   0.009 0.052 0.001 0.020 0.005 0.010 0.100 0.803 
 118 D _   0.008 0.041 0.001 0.015 0.004 0.008 0.104 0.820 
 119 N _   0.007 0.029 0.000 0.011 0.003 0.007 0.107 0.836 
 120 G _   0.007 0.020 0.000 0.007 0.002 0.006 0.109 0.848 
 121 D _   0.006 0.015 0.000 0.005 0.002 0.005 0.111 0.856 
 122 P _   0.005 0.011 0.000 0.004 0.001 0.005 0.112 0.860 
 123 L _   0.005 0.009 0.000 0.004 0.001 0.005 0.113 0.862 
 124 N _   0.005 0.009 0.000 0.004 0.001 0.005 0.113 0.862 
 125 N _   0.005 0.009 0.000 0.005 0.002 0.005 0.113 0.862 
 126 T _   0.005 0.010 0.000 0.005 0.002 0.006 0.112 0.860 
 127 T _   0.005 0.012 0.000 0.006 0.002 0.007 0.110 0.858 
 128 P _   0.005 0.014 0.000 0.007 0.002 0.007 0.108 0.856 
 129 V _   0.005 0.018 0.000 0.008 0.003 0.008 0.105 0.853 
 130 T _   0.005 0.023 0.000 0.010 0.003 0.009 0.102 0.849 
 131 G _   0.005 0.028 0.000 0.011 0.003 0.011 0.099 0.843 
 132 A _   0.005 0.036 0.001 0.013 0.004 0.012 0.095 0.835 
 133 S _   0.006 0.045 0.001 0.015 0.005 0.014 0.091 0.824 
 134 P _   0.006 0.055 0.001 0.017 0.006 0.017 0.088 0.810 
 135 G _   0.007 0.066 0.001 0.020 0.007 0.019 0.084 0.795 
 136 G _   0.009 0.077 0.001 0.023 0.009 0.022 0.081 0.780 
 137 L _   0.010 0.087 0.001 0.025 0.010 0.024 0.077 0.767 
 138 R _   0.011 0.095 0.001 0.026 0.011 0.026 0.074 0.756 
 139 E _   0.013 0.101 0.001 0.026 0.012 0.029 0.072 0.747 
 140 L _   0.015 0.104 0.001 0.025 0.013 0.031 0.069 0.741 
 141 Q _   0.017 0.107 0.001 0.023 0.014 0.033 0.067 0.737 
 142 L _   0.020 0.108 0.001 0.022 0.015 0.035 0.065 0.733 
 143 R _   0.024 0.109 0.001 0.020 0.017 0.037 0.064 0.728 
 144 S _   0.029 0.111 0.001 0.020 0.018 0.039 0.062 0.721 
 145 L _   0.033 0.112 0.001 0.021 0.020 0.040 0.061 0.712 
 146 T _   0.038 0.114 0.001 0.022 0.022 0.041 0.060 0.702 
 147 E _   0.042 0.116 0.001 0.025 0.023 0.041 0.059 0.693 
 148 I _   0.045 0.117 0.002 0.027 0.024 0.041 0.059 0.686 
 149 L _   0.047 0.117 0.002 0.029 0.024 0.040 0.059 0.683 
 150 K _   0.048 0.114 0.002 0.030 0.023 0.038 0.059 0.686 
 151 G _   0.047 0.109 0.002 0.030 0.021 0.035 0.060 0.696 
 152 G _   0.045 0.101 0.002 0.028 0.019 0.033 0.061 0.712 
 153 V _   0.042 0.089 0.001 0.025 0.016 0.030 0.062 0.735 
 154 L _   0.037 0.075 0.001 0.021 0.013 0.026 0.063 0.762 
 155 I _   0.033 0.059 0.001 0.016 0.011 0.023 0.064 0.793 
 156 Q _   0.027 0.044 0.001 0.012 0.008 0.021 0.066 0.821 
 157 R _   0.023 0.033 0.001 0.008 0.006 0.018 0.066 0.844 
 158 N _   0.019 0.027 0.001 0.006 0.005 0.017 0.067 0.858 
 159 P _   0.017 0.024 0.000 0.005 0.004 0.016 0.067 0.866 
 160 Q _   0.015 0.024 0.000 0.005 0.004 0.016 0.067 0.868 
 161 L _   0.015 0.025 0.001 0.006 0.005 0.017 0.067 0.865 
 162 C _   0.015 0.029 0.001 0.009 0.006 0.018 0.066 0.855 
 163 Y _   0.016 0.036 0.001 0.014 0.008 0.020 0.065 0.840 
 164 Q _   0.016 0.045 0.001 0.020 0.010 0.021 0.065 0.821 
 165 D _   0.016 0.055 0.001 0.026 0.012 0.022 0.064 0.804 
 166 T _   0.016 0.063 0.001 0.031 0.013 0.022 0.064 0.790 
 167 I _   0.016 0.067 0.001 0.034 0.013 0.022 0.064 0.783 
 168 L _   0.015 0.069 0.001 0.034 0.013 0.021 0.064 0.783 
 169 W _   0.014 0.068 0.001 0.031 0.011 0.019 0.065 0.791 
 170 K _   0.013 0.065 0.001 0.026 0.010 0.017 0.066 0.803 
 171 D _   0.012 0.059 0.001 0.020 0.008 0.016 0.067 0.817 
 172 I _   0.011 0.053 0.001 0.014 0.006 0.015 0.068 0.832 
 173 F _   0.011 0.048 0.001 0.010 0.005 0.014 0.069 0.843 
 174 H _   0.010 0.045 0.000 0.008 0.004 0.013 0.070 0.849 
 175 K _   0.010 0.044 0.000 0.008 0.004 0.013 0.070 0.850 
 176 N _   0.011 0.045 0.001 0.009 0.005 0.014 0.070 0.845 
 177 N _   0.012 0.049 0.001 0.012 0.006 0.015 0.071 0.835 
 178 Q _   0.013 0.054 0.001 0.017 0.007 0.017 0.071 0.820 
 179 L _   0.014 0.061 0.001 0.023 0.009 0.017 0.071 0.804 
 180 A _   0.014 0.067 0.001 0.029 0.010 0.018 0.071 0.789 
 181 L _   0.014 0.070 0.001 0.034 0.011 0.018 0.072 0.781 
 182 T _   0.013 0.071 0.001 0.035 0.010 0.017 0.073 0.779 
 183 L _   0.012 0.069 0.001 0.033 0.010 0.016 0.075 0.784 
 184 I _   0.011 0.065 0.001 0.029 0.008 0.014 0.076 0.795 
 185 D _   0.010 0.057 0.001 0.024 0.007 0.012 0.078 0.810 
 186 T _   0.009 0.048 0.001 0.019 0.005 0.011 0.080 0.826 
 187 N _   0.009 0.039 0.001 0.014 0.004 0.010 0.083 0.842 
 188 R _   0.008 0.030 0.000 0.011 0.003 0.008 0.084 0.855 
 189 S _   0.007 0.024 0.000 0.008 0.003 0.008 0.086 0.864 
 190 R _   0.006 0.020 0.000 0.007 0.002 0.007 0.087 0.869 
 191 A _   0.006 0.018 0.000 0.007 0.002 0.007 0.088 0.872 
 192 C _   0.006 0.017 0.000 0.007 0.002 0.007 0.089 0.873 
 193 H _   0.005 0.017 0.000 0.008 0.002 0.007 0.089 0.872 
 194 P _   0.005 0.017 0.000 0.009 0.003 0.007 0.088 0.870 
 195 C _   0.005 0.018 0.000 0.010 0.003 0.008 0.088 0.868 
 196 S _   0.005 0.019 0.000 0.012 0.003 0.008 0.087 0.865 
 197 P _   0.005 0.020 0.000 0.014 0.004 0.008 0.087 0.861 
 198 M _   0.005 0.021 0.000 0.016 0.004 0.009 0.086 0.859 
 199 C _   0.005 0.022 0.000 0.017 0.004 0.009 0.086 0.856 
 200 K _   0.006 0.023 0.000 0.018 0.004 0.009 0.086 0.855 
 201 G _   0.006 0.023 0.001 0.018 0.004 0.009 0.085 0.855 
 202 S _   0.006 0.022 0.000 0.017 0.004 0.009 0.085 0.856 
 203 R _   0.006 0.021 0.000 0.016 0.004 0.008 0.085 0.860 
 204 C _   0.005 0.020 0.000 0.013 0.003 0.008 0.085 0.865 
 205 W _   0.005 0.018 0.000 0.011 0.003 0.007 0.085 0.870 
 206 G _   0.005 0.017 0.000 0.008 0.002 0.007 0.085 0.875 
 207 E _   0.005 0.016 0.000 0.007 0.002 0.007 0.084 0.879 
 208 S _   0.005 0.015 0.000 0.005 0.002 0.008 0.083 0.882 
 209 S _   0.005 0.016 0.000 0.005 0.002 0.009 0.082 0.882 
 210 E _   0.006 0.018 0.000 0.005 0.002 0.011 0.080 0.877 
 211 D _   0.008 0.023 0.000 0.006 0.004 0.015 0.077 0.866 
 212 C _   0.012 0.037 0.001 0.010 0.007 0.020 0.074 0.840 
 213 Q _   0.017 0.068 0.001 0.016 0.012 0.027 0.069 0.791 
 214 S _   0.021 0.129 0.002 0.025 0.020 0.033 0.062 0.708 
 215 L _   0.024 0.225 0.003 0.036 0.028 0.037 0.054 0.593 
 216 T _   0.023 0.333 0.003 0.047 0.032 0.038 0.046 0.477 
 217 R E   0.022 0.422 0.003 0.055 0.033 0.037 0.041 0.387 
 218 T E   0.020 0.483 0.002 0.060 0.032 0.035 0.037 0.331 
 219 V E   0.019 0.518 0.002 0.063 0.030 0.032 0.034 0.301 
 220 C E   0.018 0.535 0.002 0.064 0.028 0.030 0.033 0.290 
 221 A E   0.018 0.541 0.002 0.063 0.026 0.028 0.032 0.290 
 222 G E   0.018 0.537 0.002 0.060 0.024 0.026 0.032 0.301 
 223 G E   0.018 0.523 0.002 0.055 0.022 0.024 0.033 0.324 
 224 C E   0.018 0.493 0.002 0.049 0.020 0.022 0.034 0.362 
 225 A E   0.018 0.446 0.002 0.043 0.018 0.021 0.035 0.417 
 226 R _   0.018 0.380 0.002 0.035 0.015 0.019 0.038 0.492 
 227 C _   0.017 0.308 0.002 0.027 0.012 0.018 0.041 0.575 
 228 K _   0.015 0.242 0.001 0.020 0.009 0.016 0.043 0.652 
 229 G _   0.013 0.194 0.001 0.014 0.006 0.014 0.045 0.712 
 230 P _   0.011 0.165 0.001 0.010 0.004 0.013 0.046 0.751 
 231 L _   0.009 0.150 0.000 0.007 0.003 0.012 0.046 0.773 
 232 P _   0.008 0.143 0.000 0.006 0.003 0.011 0.046 0.783 
 233 T _   0.007 0.142 0.000 0.006 0.003 0.011 0.046 0.785 
 234 D _   0.007 0.145 0.000 0.008 0.003 0.012 0.045 0.779 
 235 C _   0.007 0.154 0.001 0.012 0.005 0.013 0.043 0.765 
 236 C _   0.008 0.170 0.001 0.018 0.007 0.015 0.042 0.740 
 237 H _   0.008 0.193 0.001 0.026 0.009 0.016 0.040 0.708 
 238 E _   0.008 0.217 0.001 0.035 0.010 0.016 0.038 0.675 
 239 Q _   0.008 0.235 0.001 0.042 0.011 0.016 0.036 0.650 
 240 C _   0.008 0.245 0.001 0.047 0.011 0.016 0.035 0.637 
 241 A _   0.007 0.249 0.001 0.048 0.011 0.015 0.035 0.634 
 242 A _   0.007 0.246 0.001 0.045 0.010 0.014 0.035 0.641 
 243 G _   0.007 0.238 0.001 0.039 0.009 0.013 0.035 0.658 
 244 C _   0.007 0.222 0.001 0.030 0.007 0.012 0.036 0.685 
 245 T _   0.006 0.201 0.001 0.022 0.006 0.011 0.036 0.717 
 246 G _   0.006 0.179 0.001 0.014 0.004 0.011 0.037 0.748 
 247 P _   0.006 0.162 0.000 0.009 0.003 0.011 0.038 0.771 
 248 K _   0.006 0.154 0.000 0.006 0.003 0.011 0.038 0.782 
 249 H _   0.007 0.152 0.000 0.006 0.003 0.013 0.038 0.782 
 250 S _   0.009 0.157 0.000 0.007 0.004 0.016 0.037 0.771 
 251 D _   0.011 0.172 0.001 0.010 0.007 0.019 0.036 0.744 
 252 C _   0.014 0.208 0.001 0.017 0.011 0.023 0.034 0.693 
 253 L _   0.015 0.269 0.002 0.025 0.015 0.025 0.032 0.617 
 254 A _   0.015 0.336 0.002 0.031 0.017 0.026 0.030 0.543 
 255 C _   0.014 0.390 0.002 0.036 0.018 0.026 0.028 0.487 
 256 L _   0.013 0.426 0.001 0.038 0.017 0.026 0.027 0.452 
 257 H E   0.013 0.446 0.001 0.037 0.016 0.025 0.027 0.436 
 258 F E   0.012 0.456 0.001 0.034 0.016 0.025 0.026 0.430 
 259 N E   0.013 0.459 0.001 0.030 0.015 0.024 0.026 0.431 
 260 H E   0.013 0.458 0.001 0.026 0.014 0.024 0.027 0.437 
 261 S E   0.014 0.454 0.001 0.022 0.013 0.024 0.027 0.445 
 262 G _   0.015 0.449 0.001 0.018 0.012 0.025 0.028 0.452 
 263 I _   0.016 0.445 0.001 0.016 0.012 0.025 0.028 0.456 
 264 C _   0.018 0.443 0.001 0.016 0.012 0.025 0.029 0.457 
 265 E _   0.018 0.444 0.001 0.017 0.012 0.025 0.030 0.454 
 266 L _   0.018 0.446 0.001 0.019 0.013 0.025 0.030 0.448 
 267 H E   0.019 0.448 0.001 0.023 0.013 0.024 0.031 0.441 
 268 C E   0.018 0.450 0.001 0.026 0.014 0.023 0.032 0.435 
 269 P E   0.018 0.448 0.001 0.030 0.014 0.022 0.034 0.433 
 270 A E   0.017 0.443 0.001 0.033 0.014 0.021 0.035 0.437 
 271 L _   0.017 0.431 0.001 0.034 0.013 0.019 0.037 0.447 
 272 V _   0.016 0.410 0.001 0.034 0.013 0.018 0.040 0.467 
 273 T _   0.015 0.377 0.001 0.033 0.012 0.017 0.044 0.500 
 274 Y _   0.015 0.330 0.001 0.031 0.011 0.016 0.049 0.547 
 275 N _   0.014 0.271 0.001 0.028 0.010 0.015 0.054 0.606 
 276 T _   0.014 0.208 0.001 0.023 0.009 0.014 0.061 0.671 
 277 D _   0.013 0.150 0.001 0.018 0.007 0.012 0.067 0.732 
 278 T _   0.011 0.106 0.001 0.013 0.005 0.011 0.071 0.782 
 279 F _   0.009 0.076 0.001 0.009 0.003 0.009 0.075 0.817 
 280 E _   0.007 0.058 0.000 0.007 0.002 0.008 0.077 0.839 
 281 S _   0.006 0.049 0.000 0.005 0.002 0.007 0.079 0.852 
 282 M _   0.005 0.045 0.000 0.004 0.002 0.007 0.079 0.857 
 283 P _   0.005 0.044 0.000 0.004 0.002 0.008 0.079 0.858 
 284 N _   0.005 0.046 0.000 0.005 0.002 0.009 0.079 0.854 
 285 P _   0.006 0.051 0.000 0.007 0.003 0.011 0.077 0.844 
 286 E _   0.008 0.063 0.001 0.010 0.004 0.015 0.075 0.825 
 287 G _   0.009 0.087 0.001 0.015 0.007 0.019 0.072 0.791 
 288 R _   0.011 0.125 0.001 0.022 0.011 0.023 0.068 0.739 
 289 Y _   0.013 0.180 0.002 0.031 0.015 0.027 0.063 0.670 
 290 T _   0.013 0.244 0.002 0.040 0.020 0.029 0.058 0.594 
 291 F _   0.013 0.306 0.002 0.049 0.023 0.030 0.054 0.523 
 292 G _   0.012 0.356 0.002 0.058 0.024 0.030 0.050 0.467 
 293 A _   0.012 0.390 0.002 0.065 0.025 0.030 0.048 0.429 
 294 S _   0.012 0.408 0.002 0.069 0.025 0.029 0.047 0.409 
 295 C E   0.012 0.416 0.002 0.070 0.024 0.028 0.046 0.402 
 296 V E   0.012 0.415 0.002 0.069 0.023 0.027 0.046 0.406 
 297 T _   0.012 0.405 0.002 0.064 0.022 0.025 0.047 0.423 
 298 A _   0.012 0.382 0.002 0.057 0.020 0.024 0.049 0.454 
 299 C _   0.013 0.342 0.002 0.047 0.018 0.023 0.051 0.504 
 300 P _   0.014 0.285 0.002 0.037 0.016 0.022 0.054 0.570 
 301 Y _   0.014 0.221 0.002 0.026 0.013 0.022 0.057 0.644 
 302 N _   0.014 0.165 0.001 0.018 0.010 0.022 0.061 0.709 
 303 Y _   0.014 0.129 0.001 0.011 0.007 0.022 0.063 0.752 
 304 L _   0.014 0.112 0.001 0.008 0.006 0.022 0.065 0.772 
 305 S _   0.015 0.105 0.001 0.007 0.005 0.023 0.066 0.778 
 306 T _   0.016 0.105 0.001 0.007 0.006 0.025 0.067 0.773 
 307 D _   0.018 0.109 0.001 0.010 0.009 0.028 0.067 0.758 
 308 V _   0.020 0.121 0.001 0.016 0.012 0.031 0.067 0.731 
 309 G _   0.023 0.139 0.001 0.025 0.016 0.033 0.068 0.695 
 310 S _   0.024 0.158 0.002 0.035 0.020 0.034 0.068 0.660 
 311 C _   0.025 0.172 0.002 0.044 0.022 0.034 0.069 0.632 
 312 T _   0.025 0.181 0.002 0.050 0.024 0.034 0.070 0.615 
 313 L _   0.025 0.184 0.002 0.053 0.023 0.032 0.072 0.609 
 314 V _   0.024 0.181 0.002 0.052 0.022 0.030 0.075 0.614 
 315 C _   0.022 0.173 0.002 0.048 0.020 0.027 0.078 0.630 
 316 P _   0.021 0.159 0.002 0.042 0.017 0.025 0.083 0.653 
 317 L _   0.020 0.138 0.001 0.035 0.014 0.022 0.088 0.683 
 318 H _   0.018 0.112 0.001 0.027 0.011 0.019 0.093 0.718 
 319 N _   0.016 0.085 0.001 0.021 0.009 0.017 0.099 0.752 
 320 Q _   0.015 0.062 0.001 0.016 0.007 0.015 0.104 0.781 
 321 E _   0.013 0.044 0.001 0.013 0.005 0.013 0.108 0.804 
 322 V _   0.011 0.031 0.001 0.010 0.004 0.011 0.112 0.820 
 323 T _   0.010 0.022 0.000 0.009 0.003 0.010 0.115 0.831 
 324 A _   0.009 0.016 0.000 0.008 0.003 0.009 0.118 0.838 
 325 E _   0.008 0.012 0.000 0.007 0.003 0.008 0.119 0.843 
 326 D _   0.007 0.009 0.000 0.007 0.002 0.007 0.121 0.847 
 327 G _   0.006 0.007 0.000 0.006 0.002 0.007 0.122 0.849 
 328 T _   0.006 0.005 0.000 0.006 0.002 0.007 0.122 0.851 
 329 Q _   0.006 0.004 0.000 0.005 0.002 0.007 0.122 0.854 
 330 R _   0.005 0.003 0.000 0.005 0.002 0.007 0.122 0.855 
 331 C _   0.005 0.002 0.000 0.005 0.002 0.007 0.122 0.857 
 332 E _   0.005 0.002 0.000 0.004 0.002 0.008 0.121 0.858 
 333 K _   0.006 0.002 0.000 0.004 0.002 0.009 0.119 0.857 
 334 C _   0.007 0.002 0.000 0.004 0.002 0.012 0.117 0.855 
 335 S _   0.009 0.003 0.000 0.005 0.003 0.015 0.115 0.848 
 336 K _   0.013 0.005 0.001 0.007 0.005 0.020 0.112 0.837 
 337 P _   0.017 0.008 0.001 0.010 0.008 0.026 0.109 0.820 
 338 C _   0.023 0.014 0.001 0.015 0.012 0.032 0.106 0.796 
 339 A _   0.030 0.021 0.001 0.021 0.018 0.039 0.102 0.767 
 340 R _   0.036 0.029 0.002 0.028 0.024 0.045 0.099 0.738 
 341 V _   0.041 0.035 0.002 0.035 0.029 0.050 0.095 0.713 
 342 C _   0.046 0.039 0.002 0.039 0.032 0.053 0.093 0.696 
 343 Y _   0.051 0.041 0.002 0.040 0.034 0.054 0.091 0.687 
 344 G _   0.055 0.040 0.002 0.039 0.035 0.054 0.090 0.685 
 345 L _   0.058 0.038 0.002 0.035 0.033 0.054 0.089 0.692 
 346 G _   0.061 0.033 0.002 0.029 0.030 0.052 0.088 0.705 
 347 M _   0.062 0.026 0.002 0.023 0.027 0.050 0.088 0.722 
 348 E _   0.062 0.020 0.002 0.017 0.023 0.047 0.089 0.741 
 349 H _   0.061 0.014 0.001 0.013 0.019 0.044 0.089 0.759 
 350 L _   0.059 0.009 0.001 0.010 0.016 0.042 0.090 0.773 
 351 R _   0.058 0.006 0.001 0.008 0.013 0.040 0.090 0.783 
 352 E _   0.057 0.005 0.001 0.007 0.012 0.038 0.091 0.789 
 353 V _   0.056 0.004 0.001 0.007 0.011 0.036 0.092 0.793 
 354 R _   0.055 0.003 0.001 0.007 0.011 0.035 0.092 0.795 
 355 A _   0.055 0.003 0.001 0.008 0.011 0.035 0.093 0.794 
 356 V _   0.054 0.004 0.001 0.009 0.012 0.035 0.094 0.792 
 357 T _   0.054 0.004 0.001 0.010 0.012 0.035 0.094 0.790 
 358 S _   0.053 0.005 0.001 0.011 0.013 0.035 0.095 0.789 
 359 A _   0.052 0.005 0.001 0.011 0.013 0.034 0.096 0.787 
 360 N _   0.051 0.006 0.001 0.012 0.013 0.034 0.097 0.786 
 361 I _   0.050 0.007 0.001 0.011 0.012 0.034 0.098 0.786 
 362 Q _   0.049 0.007 0.001 0.011 0.012 0.034 0.100 0.787 
 363 E _   0.047 0.008 0.001 0.010 0.011 0.034 0.101 0.788 
 364 F _   0.046 0.009 0.001 0.009 0.011 0.034 0.102 0.788 
 365 A _   0.045 0.010 0.001 0.009 0.011 0.035 0.103 0.786 
 366 G _   0.045 0.012 0.001 0.009 0.011 0.036 0.104 0.782 
 367 C _   0.046 0.016 0.001 0.009 0.013 0.037 0.105 0.773 
 368 K _   0.047 0.022 0.001 0.012 0.015 0.039 0.106 0.759 
 369 K _   0.047 0.033 0.001 0.016 0.018 0.041 0.107 0.736 
 370 I _   0.047 0.050 0.002 0.023 0.022 0.042 0.108 0.705 
 371 F _   0.047 0.070 0.002 0.033 0.026 0.042 0.110 0.671 
 372 G _   0.044 0.089 0.002 0.043 0.028 0.041 0.112 0.641 
 373 S _   0.042 0.103 0.002 0.052 0.028 0.039 0.115 0.619 
 374 L _   0.039 0.111 0.002 0.059 0.027 0.037 0.119 0.608 
 375 A _   0.036 0.113 0.002 0.060 0.024 0.033 0.124 0.608 
 376 F _   0.031 0.111 0.002 0.058 0.021 0.029 0.130 0.618 
 377 L _   0.027 0.103 0.001 0.051 0.017 0.025 0.137 0.638 
 378 P _   0.023 0.090 0.001 0.041 0.013 0.021 0.146 0.665 
 379 E _   0.020 0.072 0.001 0.031 0.009 0.017 0.155 0.696 
 380 S _   0.017 0.051 0.001 0.021 0.006 0.014 0.164 0.727 
 381 F _   0.014 0.032 0.001 0.014 0.004 0.011 0.172 0.753 
 382 D _   0.011 0.019 0.000 0.009 0.003 0.008 0.178 0.772 
 383 G _   0.009 0.011 0.000 0.006 0.002 0.007 0.182 0.783 
 384 D _   0.007 0.006 0.000 0.004 0.001 0.005 0.185 0.790 
 385 P _   0.006 0.004 0.000 0.003 0.001 0.005 0.187 0.793 
 386 A _   0.005 0.003 0.000 0.003 0.001 0.005 0.188 0.795 
 387 S _   0.004 0.003 0.000 0.003 0.001 0.005 0.188 0.796 
 388 N _   0.004 0.003 0.000 0.003 0.001 0.005 0.187 0.797 
 389 T _   0.004 0.003 0.000 0.003 0.001 0.006 0.185 0.796 
 390 A _   0.004 0.005 0.000 0.004 0.002 0.008 0.182 0.795 
 391 P _   0.005 0.007 0.000 0.006 0.002 0.010 0.177 0.792 
 392 L _   0.006 0.011 0.000 0.007 0.003 0.014 0.172 0.786 
 393 Q _   0.007 0.018 0.001 0.010 0.004 0.018 0.166 0.776 
 394 P _   0.010 0.029 0.001 0.013 0.006 0.024 0.158 0.759 
 395 E _   0.013 0.045 0.001 0.016 0.009 0.030 0.150 0.736 
 396 Q _   0.017 0.065 0.001 0.020 0.013 0.038 0.141 0.705 
 397 L _   0.022 0.089 0.002 0.024 0.019 0.046 0.131 0.668 
 398 Q _   0.028 0.116 0.002 0.028 0.025 0.053 0.122 0.627 
 399 V _   0.034 0.142 0.002 0.031 0.031 0.060 0.113 0.587 
 400 F _   0.042 0.165 0.002 0.034 0.037 0.065 0.105 0.550 
 401 E _   0.049 0.186 0.002 0.035 0.042 0.069 0.098 0.519 
 402 T _   0.056 0.202 0.002 0.035 0.046 0.071 0.093 0.494 
 403 L _   0.062 0.215 0.002 0.035 0.049 0.072 0.088 0.476 
 404 E _   0.067 0.224 0.002 0.036 0.051 0.071 0.084 0.464 
 405 E _   0.071 0.231 0.002 0.036 0.051 0.069 0.081 0.459 
 406 I _   0.073 0.234 0.002 0.037 0.049 0.066 0.079 0.459 
 407 T _   0.073 0.235 0.002 0.039 0.047 0.062 0.078 0.465 
 408 G _   0.071 0.233 0.002 0.040 0.043 0.057 0.077 0.478 
 409 Y _   0.067 0.226 0.002 0.041 0.038 0.051 0.076 0.499 
 410 L _   0.062 0.214 0.002 0.040 0.032 0.045 0.077 0.528 
 411 Y _   0.055 0.195 0.002 0.038 0.027 0.040 0.077 0.567 
 412 I _   0.048 0.168 0.002 0.034 0.022 0.034 0.079 0.615 
 413 S _   0.040 0.133 0.002 0.028 0.017 0.028 0.080 0.673 
 414 A _   0.032 0.094 0.001 0.022 0.012 0.023 0.081 0.734 
 415 W _   0.026 0.058 0.001 0.015 0.008 0.019 0.082 0.790 
 416 P _   0.020 0.032 0.001 0.010 0.006 0.015 0.083 0.833 
 417 D _   0.015 0.017 0.001 0.006 0.004 0.013 0.083 0.861 
 418 S _   0.012 0.009 0.000 0.004 0.003 0.011 0.083 0.878 
 419 L _   0.010 0.005 0.000 0.003 0.002 0.010 0.082 0.887 
 420 P _   0.009 0.004 0.000 0.003 0.002 0.010 0.080 0.891 
 421 D _   0.010 0.003 0.000 0.004 0.002 0.011 0.079 0.890 
 422 L _   0.011 0.004 0.000 0.005 0.003 0.013 0.077 0.887 
 423 S _   0.012 0.005 0.000 0.006 0.004 0.016 0.074 0.881 
 424 V _   0.014 0.007 0.001 0.009 0.006 0.019 0.072 0.872 
 425 F _   0.016 0.010 0.001 0.013 0.008 0.022 0.069 0.860 
 426 Q _   0.018 0.014 0.001 0.017 0.011 0.026 0.066 0.847 
 427 N _   0.021 0.018 0.001 0.021 0.013 0.029 0.062 0.834 
 428 L _   0.023 0.022 0.001 0.025 0.016 0.032 0.059 0.822 
 429 Q _   0.025 0.024 0.001 0.027 0.018 0.034 0.057 0.814 
 430 V _   0.027 0.026 0.001 0.029 0.020 0.036 0.054 0.807 
 431 I _   0.029 0.027 0.001 0.030 0.020 0.037 0.052 0.804 
 432 R _   0.031 0.026 0.001 0.030 0.020 0.037 0.050 0.804 
 433 G _   0.033 0.025 0.001 0.028 0.019 0.037 0.049 0.809 
 434 R _   0.035 0.022 0.001 0.025 0.018 0.036 0.047 0.816 
 435 I _   0.037 0.018 0.001 0.021 0.016 0.035 0.046 0.826 
 436 L _   0.039 0.013 0.001 0.016 0.013 0.034 0.045 0.838 
 437 H _   0.042 0.009 0.001 0.012 0.011 0.033 0.044 0.848 
 438 N _   0.047 0.005 0.001 0.009 0.010 0.033 0.043 0.853 
 439 G _   0.054 0.003 0.001 0.006 0.009 0.033 0.042 0.852 
 440 A _   0.064 0.001 0.001 0.005 0.009 0.034 0.041 0.845 
 441 Y _   0.077 0.001 0.001 0.004 0.009 0.036 0.039 0.832 
 442 S _   0.095 0.001 0.001 0.004 0.011 0.040 0.038 0.811 
 443 L _   0.116 0.001 0.001 0.005 0.014 0.044 0.037 0.783 
 444 T _   0.140 0.001 0.001 0.005 0.019 0.049 0.035 0.750 
 445 L _   0.165 0.001 0.001 0.007 0.024 0.053 0.034 0.714 
 446 Q _   0.189 0.002 0.002 0.008 0.030 0.057 0.033 0.679 
 447 G _   0.210 0.003 0.002 0.010 0.035 0.060 0.032 0.648 
 448 L _   0.225 0.004 0.002 0.013 0.040 0.062 0.031 0.624 
 449 G _   0.236 0.004 0.002 0.014 0.043 0.062 0.031 0.607 
 450 I _   0.241 0.005 0.002 0.015 0.044 0.061 0.031 0.600 
 451 S _   0.240 0.005 0.002 0.015 0.043 0.059 0.031 0.605 
 452 W _   0.232 0.004 0.002 0.014 0.039 0.056 0.032 0.620 
 453 L _   0.217 0.004 0.002 0.012 0.034 0.052 0.033 0.646 
 454 G _   0.199 0.003 0.002 0.011 0.029 0.049 0.033 0.676 
 455 L _   0.177 0.002 0.002 0.009 0.023 0.045 0.034 0.709 
 456 R _   0.155 0.001 0.001 0.007 0.018 0.041 0.035 0.741 
 457 S _   0.134 0.001 0.001 0.006 0.015 0.038 0.036 0.769 
 458 L _   0.117 0.001 0.001 0.005 0.012 0.035 0.037 0.792 
 459 R _   0.102 0.001 0.001 0.005 0.011 0.033 0.038 0.809 
 460 E _   0.089 0.001 0.001 0.006 0.010 0.032 0.039 0.822 
 461 L _   0.080 0.001 0.001 0.008 0.010 0.031 0.039 0.830 
 462 G _   0.071 0.001 0.001 0.009 0.011 0.031 0.040 0.836 
 463 S _   0.065 0.002 0.001 0.011 0.011 0.030 0.041 0.840 
 464 G _   0.061 0.002 0.001 0.012 0.011 0.029 0.041 0.843 
 465 L _   0.056 0.002 0.001 0.012 0.010 0.029 0.042 0.848 
 466 A _   0.053 0.002 0.001 0.010 0.010 0.028 0.043 0.854 
 467 L _   0.050 0.002 0.001 0.008 0.008 0.027 0.043 0.860 
 468 I _   0.048 0.001 0.001 0.007 0.008 0.027 0.044 0.865 
 469 H _   0.048 0.001 0.001 0.005 0.007 0.027 0.044 0.866 
 470 H _   0.050 0.001 0.001 0.005 0.008 0.028 0.044 0.864 
 471 N _   0.053 0.002 0.001 0.005 0.009 0.031 0.044 0.856 
 472 T _   0.058 0.004 0.001 0.006 0.011 0.033 0.045 0.842 
 473 H _   0.063 0.007 0.001 0.009 0.015 0.037 0.045 0.824 
 474 L _   0.068 0.012 0.001 0.013 0.019 0.040 0.045 0.802 
 475 C _   0.070 0.020 0.002 0.019 0.023 0.042 0.046 0.779 
 476 F _   0.071 0.028 0.002 0.026 0.026 0.042 0.047 0.759 
 477 V _   0.069 0.034 0.002 0.031 0.027 0.042 0.048 0.748 
 478 H _   0.064 0.038 0.002 0.034 0.026 0.040 0.049 0.746 
 479 T _   0.059 0.039 0.002 0.034 0.024 0.037 0.051 0.753 
 480 V _   0.052 0.039 0.002 0.032 0.021 0.034 0.053 0.768 
 481 P _   0.045 0.036 0.001 0.027 0.017 0.030 0.055 0.788 
 482 W _   0.039 0.032 0.001 0.021 0.013 0.026 0.058 0.810 
 483 D _   0.032 0.027 0.001 0.016 0.010 0.023 0.060 0.832 
 484 Q _   0.027 0.022 0.001 0.012 0.007 0.020 0.062 0.849 
 485 L _   0.022 0.019 0.001 0.009 0.006 0.017 0.064 0.862 
 486 F _   0.018 0.018 0.001 0.008 0.005 0.016 0.065 0.870 
 487 R _   0.015 0.017 0.001 0.009 0.005 0.015 0.066 0.873 
 488 N _   0.014 0.017 0.001 0.010 0.005 0.014 0.067 0.872 
 489 P _   0.013 0.018 0.001 0.013 0.005 0.014 0.068 0.868 
 490 H _   0.012 0.020 0.001 0.016 0.006 0.014 0.069 0.863 
 491 Q _   0.012 0.021 0.001 0.019 0.006 0.013 0.070 0.858 
 492 A _   0.011 0.022 0.001 0.021 0.006 0.013 0.072 0.855 
 493 L _   0.011 0.021 0.001 0.021 0.006 0.012 0.073 0.855 
 494 L _   0.010 0.020 0.001 0.020 0.005 0.011 0.075 0.860 
 495 H _   0.009 0.017 0.001 0.016 0.004 0.009 0.076 0.868 
 496 T _   0.008 0.014 0.000 0.012 0.003 0.008 0.077 0.877 
 497 A _   0.007 0.011 0.000 0.008 0.002 0.007 0.078 0.886 
 498 N _   0.006 0.009 0.000 0.006 0.002 0.006 0.079 0.893 
 499 R _   0.005 0.007 0.000 0.004 0.001 0.006 0.079 0.897 
 500 P _   0.005 0.007 0.000 0.003 0.001 0.006 0.079 0.899 
 501 E _   0.006 0.008 0.000 0.003 0.002 0.008 0.078 0.896 
 502 D _   0.007 0.011 0.000 0.004 0.002 0.010 0.076 0.889 
 503 E _   0.009 0.020 0.000 0.007 0.004 0.014 0.074 0.871 
 504 C _   0.013 0.042 0.001 0.012 0.007 0.020 0.070 0.835 
 505 V _   0.016 0.090 0.001 0.021 0.013 0.025 0.065 0.769 
 506 G _   0.018 0.169 0.002 0.031 0.018 0.029 0.058 0.675 
 507 E _   0.017 0.262 0.002 0.041 0.022 0.031 0.051 0.574 
 508 G _   0.016 0.341 0.002 0.049 0.023 0.032 0.045 0.492 
 509 L _   0.015 0.397 0.002 0.055 0.023 0.031 0.041 0.436 
 510 A E   0.014 0.429 0.002 0.058 0.023 0.030 0.038 0.405 
 511 C E   0.014 0.446 0.001 0.059 0.023 0.029 0.036 0.392 
 512 H E   0.014 0.452 0.001 0.058 0.022 0.028 0.035 0.391 
 513 Q E   0.013 0.451 0.001 0.055 0.021 0.026 0.034 0.398 
 514 L E   0.014 0.442 0.001 0.051 0.020 0.024 0.034 0.414 
 515 C _   0.014 0.425 0.001 0.045 0.018 0.023 0.034 0.440 
 516 A _   0.014 0.398 0.002 0.039 0.016 0.021 0.035 0.475 
 517 R _   0.014 0.362 0.002 0.033 0.014 0.020 0.036 0.519 
 518 G _   0.014 0.319 0.001 0.028 0.012 0.019 0.038 0.569 
 519 H _   0.014 0.274 0.001 0.023 0.011 0.018 0.039 0.620 
 520 C _   0.014 0.232 0.001 0.019 0.009 0.016 0.040 0.669 
 521 W _   0.013 0.197 0.001 0.016 0.007 0.016 0.042 0.709 
 522 G _   0.012 0.171 0.001 0.013 0.006 0.015 0.043 0.741 
 523 P _   0.011 0.153 0.001 0.010 0.005 0.014 0.043 0.763 
 524 G _   0.010 0.142 0.001 0.009 0.004 0.013 0.044 0.777 
 525 P _   0.010 0.135 0.000 0.008 0.004 0.013 0.044 0.785 
 526 T _   0.010 0.133 0.000 0.008 0.004 0.014 0.044 0.788 
 527 Q _   0.010 0.132 0.001 0.009 0.004 0.014 0.044 0.786 
 528 C _   0.010 0.134 0.001 0.010 0.005 0.015 0.043 0.782 
 529 V _   0.010 0.138 0.001 0.012 0.006 0.016 0.043 0.775 
 530 N _   0.010 0.142 0.001 0.014 0.007 0.017 0.042 0.766 
 531 C _   0.011 0.148 0.001 0.016 0.008 0.017 0.042 0.758 
 532 S _   0.011 0.152 0.001 0.017 0.008 0.018 0.041 0.751 
 533 Q _   0.011 0.157 0.001 0.018 0.008 0.019 0.041 0.746 
 534 F _   0.011 0.160 0.001 0.018 0.009 0.019 0.041 0.742 
 535 L _   0.012 0.162 0.001 0.017 0.009 0.019 0.040 0.740 
 536 R _   0.012 0.163 0.001 0.017 0.009 0.020 0.040 0.739 
 537 G _   0.013 0.164 0.001 0.016 0.009 0.020 0.040 0.737 
 538 Q _   0.014 0.166 0.001 0.016 0.009 0.021 0.040 0.734 
 539 E _   0.014 0.168 0.001 0.016 0.010 0.022 0.040 0.729 
 540 C _   0.016 0.171 0.001 0.017 0.011 0.023 0.040 0.722 
 541 V _   0.017 0.175 0.001 0.019 0.012 0.024 0.040 0.713 
 542 E _   0.018 0.179 0.001 0.022 0.013 0.024 0.040 0.703 
 543 E _   0.019 0.183 0.001 0.025 0.014 0.024 0.040 0.695 
 544 C _   0.019 0.185 0.001 0.027 0.014 0.024 0.041 0.688 
 545 R _   0.019 0.185 0.001 0.029 0.014 0.024 0.041 0.686 
 546 V _   0.020 0.182 0.001 0.030 0.014 0.023 0.042 0.688 
 547 L _   0.019 0.176 0.001 0.029 0.013 0.022 0.044 0.697 
 548 Q _   0.018 0.167 0.001 0.027 0.012 0.020 0.045 0.710 
 549 G _   0.017 0.154 0.001 0.024 0.011 0.019 0.047 0.728 
 550 L _   0.016 0.138 0.001 0.020 0.009 0.018 0.049 0.749 
 551 P _   0.015 0.122 0.001 0.017 0.008 0.017 0.051 0.770 
 552 R _   0.015 0.107 0.001 0.014 0.007 0.016 0.053 0.788 
 553 E _   0.014 0.096 0.001 0.013 0.006 0.015 0.054 0.801 
 554 Y _   0.013 0.088 0.001 0.012 0.006 0.014 0.056 0.810 
 555 V _   0.012 0.081 0.001 0.013 0.005 0.014 0.057 0.816 
 556 N _   0.012 0.077 0.001 0.014 0.005 0.013 0.059 0.819 
 557 A _   0.012 0.073 0.001 0.015 0.005 0.013 0.060 0.821 
 558 R _   0.012 0.070 0.001 0.016 0.006 0.012 0.062 0.823 
 559 H _   0.011 0.065 0.001 0.016 0.005 0.012 0.063 0.826 
 560 C _   0.010 0.060 0.001 0.016 0.005 0.011 0.065 0.832 
 561 L _   0.009 0.055 0.001 0.015 0.005 0.010 0.066 0.839 
 562 P _   0.009 0.048 0.001 0.013 0.004 0.009 0.068 0.849 
 563 C _   0.008 0.042 0.000 0.011 0.003 0.008 0.069 0.859 
 564 H _   0.007 0.036 0.000 0.009 0.003 0.007 0.070 0.868 
 565 P _   0.006 0.032 0.000 0.007 0.002 0.007 0.071 0.875 
 566 E _   0.006 0.029 0.000 0.006 0.002 0.006 0.071 0.880 
 567 C _   0.005 0.028 0.000 0.005 0.002 0.006 0.071 0.883 
 568 Q _   0.005 0.028 0.000 0.005 0.002 0.007 0.070 0.883 
 569 P _   0.005 0.030 0.000 0.006 0.002 0.007 0.069 0.880 
 570 Q _   0.006 0.034 0.000 0.008 0.003 0.008 0.068 0.873 
 571 N _   0.006 0.042 0.000 0.010 0.004 0.010 0.066 0.861 
 572 G _   0.006 0.054 0.001 0.014 0.005 0.011 0.064 0.845 
 573 S _   0.007 0.069 0.001 0.019 0.006 0.012 0.062 0.825 
 574 V _   0.007 0.085 0.001 0.023 0.007 0.013 0.060 0.805 
 575 T _   0.007 0.098 0.001 0.026 0.008 0.014 0.058 0.789 
 576 C _   0.007 0.109 0.001 0.029 0.008 0.014 0.056 0.777 
 577 F _   0.007 0.117 0.001 0.030 0.008 0.014 0.055 0.769 
 578 G _   0.007 0.122 0.001 0.029 0.008 0.014 0.054 0.766 
 579 P _   0.007 0.125 0.001 0.028 0.008 0.014 0.053 0.765 
 580 E _   0.007 0.127 0.001 0.027 0.008 0.014 0.052 0.765 
 581 A _   0.007 0.127 0.001 0.026 0.007 0.013 0.052 0.766 
 582 D _   0.007 0.126 0.001 0.025 0.007 0.013 0.052 0.769 
 583 Q _   0.007 0.124 0.001 0.024 0.007 0.013 0.052 0.772 
 584 C _   0.008 0.121 0.001 0.023 0.007 0.013 0.052 0.776 
 585 V _   0.008 0.117 0.001 0.021 0.006 0.012 0.053 0.782 
 586 A _   0.008 0.111 0.001 0.020 0.006 0.012 0.053 0.790 
 587 C _   0.008 0.105 0.001 0.017 0.005 0.011 0.054 0.799 
 588 A _   0.007 0.098 0.001 0.015 0.005 0.011 0.054 0.809 
 589 H _   0.007 0.091 0.001 0.012 0.004 0.010 0.055 0.819 
 590 Y _   0.007 0.085 0.000 0.011 0.004 0.010 0.055 0.827 
 591 K _   0.007 0.081 0.000 0.010 0.004 0.010 0.056 0.832 
 592 D _   0.007 0.079 0.000 0.010 0.004 0.011 0.056 0.833 
 593 P _   0.008 0.079 0.000 0.011 0.004 0.011 0.056 0.830 
 594 P _   0.008 0.081 0.001 0.014 0.005 0.012 0.056 0.824 
 595 F _   0.009 0.083 0.001 0.017 0.006 0.013 0.056 0.816 
 596 C _   0.009 0.085 0.001 0.021 0.007 0.014 0.056 0.807 
 597 V _   0.010 0.087 0.001 0.024 0.008 0.014 0.056 0.801 
 598 A _   0.010 0.087 0.001 0.026 0.008 0.014 0.057 0.799 
 599 R _   0.009 0.084 0.001 0.026 0.008 0.013 0.058 0.802 
 600 C _   0.009 0.080 0.001 0.023 0.007 0.012 0.059 0.810 
 601 P _   0.008 0.073 0.001 0.019 0.006 0.011 0.060 0.822 
 602 S _   0.008 0.065 0.001 0.015 0.005 0.010 0.061 0.836 
 603 G _   0.007 0.057 0.001 0.011 0.004 0.009 0.062 0.849 
 604 V _   0.007 0.051 0.000 0.009 0.003 0.009 0.063 0.858 
 605 K _   0.007 0.047 0.000 0.008 0.003 0.009 0.063 0.863 
 606 P _   0.007 0.045 0.000 0.008 0.003 0.009 0.064 0.863 
 607 D _   0.008 0.045 0.000 0.009 0.003 0.010 0.064 0.860 
 608 L _   0.008 0.046 0.000 0.012 0.004 0.010 0.065 0.855 
 609 S _   0.008 0.048 0.001 0.015 0.005 0.011 0.065 0.848 
 610 Y _   0.008 0.050 0.001 0.017 0.005 0.011 0.065 0.843 
 611 M _   0.008 0.051 0.001 0.019 0.005 0.011 0.066 0.839 
 612 P _   0.008 0.051 0.001 0.019 0.005 0.010 0.066 0.839 
 613 I _   0.008 0.050 0.001 0.018 0.005 0.010 0.067 0.843 
 614 W _   0.007 0.047 0.001 0.015 0.004 0.009 0.067 0.850 
 615 K _   0.006 0.044 0.000 0.012 0.003 0.008 0.068 0.858 
 616 F _   0.005 0.041 0.000 0.009 0.003 0.007 0.068 0.866 
 617 P _   0.005 0.039 0.000 0.007 0.002 0.007 0.068 0.872 
 618 D _   0.005 0.039 0.000 0.006 0.002 0.007 0.068 0.874 
 619 E _   0.005 0.040 0.000 0.006 0.002 0.007 0.067 0.873 
 620 E _   0.005 0.043 0.000 0.007 0.002 0.008 0.066 0.869 
 621 G _   0.005 0.050 0.000 0.009 0.003 0.009 0.064 0.859 
 622 A _   0.006 0.060 0.001 0.013 0.004 0.011 0.062 0.843 
 623 C _   0.007 0.076 0.001 0.018 0.005 0.012 0.060 0.821 
 624 Q _   0.007 0.096 0.001 0.025 0.007 0.013 0.057 0.795 
 625 P _   0.007 0.115 0.001 0.032 0.008 0.014 0.055 0.769 
 626 C _   0.007 0.131 0.001 0.039 0.009 0.015 0.053 0.746 
 627 P _   0.007 0.144 0.001 0.045 0.010 0.015 0.051 0.728 
 628 I _   0.007 0.151 0.001 0.049 0.010 0.015 0.050 0.717 
 629 N _   0.007 0.153 0.001 0.051 0.010 0.015 0.049 0.713 
 630 C _   0.007 0.152 0.001 0.051 0.010 0.015 0.049 0.715 
 631 T _   0.007 0.146 0.001 0.048 0.009 0.014 0.050 0.724 
 632 H _   0.007 0.135 0.001 0.043 0.008 0.013 0.051 0.741 
 633 S _   0.007 0.118 0.001 0.036 0.007 0.012 0.052 0.767 
 634 C _   0.007 0.097 0.001 0.028 0.006 0.010 0.054 0.797 
 635 V _   0.007 0.073 0.001 0.021 0.005 0.009 0.055 0.830 
 636 D _   0.006 0.050 0.001 0.016 0.004 0.008 0.057 0.860 
 637 L _   0.006 0.032 0.000 0.011 0.003 0.007 0.058 0.884 
 638 D _   0.005 0.019 0.000 0.008 0.002 0.006 0.058 0.902 
 639 D _   0.005 0.010 0.000 0.006 0.002 0.005 0.058 0.914 
 640 K _   0.004 0.006 0.000 0.004 0.001 0.005 0.057 0.922 
 641 G _   0.005 0.003 0.000 0.004 0.001 0.004 0.056 0.927 
 642 C _   0.006 0.002 0.000 0.003 0.001 0.004 0.055 0.929 
 643 P _   0.008 0.001 0.000 0.003 0.001 0.004 0.053 0.929 
 644 A _   0.013 0.000 0.000 0.003 0.002 0.005 0.050 0.927 
 645 E _   0.023 0.000 0.000 0.003 0.002 0.005 0.047 0.920 
 646 Q _   0.040 0.000 0.000 0.002 0.002 0.006 0.043 0.906 
 647 R _   0.069 0.000 0.000 0.002 0.003 0.006 0.038 0.881 
 648 A _   0.112 0.000 0.000 0.001 0.003 0.007 0.034 0.843 
 649 S _   0.171 0.000 0.001 0.001 0.004 0.007 0.029 0.789 
 650 P _   0.247 0.000 0.001 0.001 0.004 0.007 0.024 0.716 
 651 L _   0.339 0.000 0.001 0.000 0.005 0.006 0.021 0.628 
 652 T _   0.448 0.000 0.001 0.000 0.005 0.006 0.017 0.522 
 653 S H   0.566 0.000 0.001 0.000 0.005 0.005 0.014 0.408 
 654 I H   0.676 0.000 0.001 0.000 0.005 0.005 0.011 0.302 
 655 I H   0.773 0.000 0.001 0.000 0.005 0.004 0.009 0.208 
 656 S H   0.847 0.000 0.001 0.000 0.005 0.003 0.007 0.137 
 657 A H   0.898 0.000 0.001 0.000 0.005 0.003 0.005 0.087 
 658 V H   0.932 0.000 0.001 0.000 0.005 0.003 0.004 0.055 
 659 V H   0.952 0.000 0.001 0.000 0.005 0.002 0.003 0.036 
 660 G H   0.964 0.000 0.001 0.000 0.005 0.002 0.003 0.025 
 661 I H   0.970 0.000 0.001 0.000 0.005 0.002 0.002 0.020 
 662 L H   0.972 0.000 0.001 0.000 0.006 0.002 0.002 0.018 
 663 L H   0.971 0.000 0.001 0.000 0.006 0.002 0.002 0.018 
