#TopoPred_TM8: 8-state transmembrane topology prediction results by no_profile mode 
#probabilities are in the order of H E C I L F X _, the 8 transmembrane topology types used in PDBTM 
   1 M X   0.015 0.001 0.002 0.068 0.011 0.012 0.707 0.183 
   2 T X   0.006 0.001 0.000 0.041 0.003 0.006 0.728 0.215 
   3 T X   0.002 0.000 0.000 0.020 0.001 0.004 0.732 0.241 
   4 P X   0.001 0.000 0.000 0.011 0.001 0.003 0.728 0.256 
   5 S X   0.001 0.000 0.000 0.007 0.001 0.004 0.719 0.268 
   6 H X   0.002 0.000 0.000 0.005 0.001 0.006 0.707 0.279 
   7 L X   0.003 0.001 0.000 0.004 0.001 0.008 0.693 0.290 
   8 S X   0.005 0.002 0.000 0.005 0.002 0.012 0.674 0.299 
   9 D X   0.008 0.004 0.000 0.007 0.004 0.018 0.651 0.307 
  10 R X   0.012 0.011 0.001 0.012 0.007 0.026 0.620 0.311 
  11 Y X   0.016 0.025 0.001 0.020 0.014 0.036 0.581 0.307 
  12 E X   0.022 0.049 0.002 0.029 0.022 0.045 0.535 0.295 
  13 L X   0.027 0.078 0.002 0.039 0.031 0.053 0.491 0.279 
  14 G X   0.033 0.104 0.003 0.046 0.038 0.059 0.452 0.265 
  15 E X   0.039 0.123 0.003 0.050 0.043 0.063 0.421 0.258 
  16 I X   0.045 0.136 0.003 0.052 0.047 0.064 0.395 0.258 
  17 L X   0.049 0.144 0.002 0.051 0.049 0.065 0.375 0.264 
  18 G X   0.053 0.147 0.002 0.049 0.049 0.064 0.358 0.277 
  19 F X   0.055 0.146 0.002 0.046 0.048 0.061 0.345 0.297 
  20 G X   0.056 0.141 0.002 0.041 0.044 0.058 0.334 0.324 
  21 G _   0.056 0.132 0.002 0.036 0.039 0.054 0.325 0.356 
  22 M _   0.054 0.119 0.002 0.032 0.033 0.049 0.318 0.393 
  23 S _   0.051 0.104 0.002 0.027 0.027 0.044 0.311 0.433 
  24 E _   0.046 0.086 0.002 0.023 0.022 0.039 0.306 0.476 
  25 V _   0.041 0.068 0.001 0.019 0.017 0.034 0.302 0.518 
  26 H _   0.036 0.051 0.001 0.015 0.013 0.030 0.298 0.557 
  27 L _   0.031 0.037 0.001 0.012 0.010 0.026 0.293 0.591 
  28 A _   0.026 0.026 0.001 0.009 0.007 0.022 0.289 0.619 
  29 R _   0.023 0.019 0.001 0.007 0.006 0.020 0.284 0.641 
  30 D _   0.020 0.014 0.001 0.006 0.005 0.018 0.280 0.657 
  31 L _   0.018 0.012 0.001 0.005 0.004 0.017 0.275 0.669 
  32 R _   0.017 0.011 0.000 0.005 0.004 0.017 0.269 0.677 
  33 L _   0.016 0.011 0.001 0.006 0.005 0.017 0.264 0.681 
  34 H _   0.017 0.012 0.001 0.007 0.006 0.018 0.258 0.682 
  35 R _   0.018 0.014 0.001 0.010 0.007 0.020 0.252 0.679 
  36 D _   0.019 0.018 0.001 0.014 0.009 0.021 0.246 0.674 
  37 V _   0.020 0.022 0.001 0.018 0.011 0.022 0.239 0.667 
  38 A _   0.020 0.027 0.001 0.023 0.012 0.023 0.233 0.660 
  39 V _   0.021 0.030 0.001 0.027 0.013 0.023 0.228 0.657 
  40 K _   0.021 0.032 0.001 0.029 0.014 0.023 0.223 0.657 
  41 V _   0.020 0.033 0.001 0.029 0.013 0.022 0.219 0.663 
  42 L _   0.019 0.031 0.001 0.026 0.012 0.020 0.216 0.674 
  43 R _   0.018 0.029 0.001 0.022 0.010 0.019 0.213 0.688 
  44 A _   0.017 0.025 0.001 0.018 0.008 0.017 0.211 0.704 
  45 D _   0.015 0.020 0.001 0.013 0.007 0.015 0.209 0.720 
  46 L _   0.014 0.016 0.001 0.010 0.005 0.014 0.207 0.733 
  47 A _   0.013 0.013 0.000 0.008 0.004 0.013 0.205 0.744 
  48 R _   0.012 0.012 0.000 0.007 0.004 0.012 0.203 0.750 
  49 D _   0.011 0.011 0.000 0.007 0.004 0.012 0.201 0.754 
  50 P _   0.011 0.011 0.000 0.008 0.004 0.012 0.199 0.755 
  51 S _   0.011 0.011 0.001 0.010 0.005 0.012 0.196 0.754 
  52 F _   0.012 0.012 0.001 0.012 0.005 0.013 0.194 0.752 
  53 Y _   0.011 0.013 0.001 0.014 0.006 0.013 0.191 0.751 
  54 L _   0.011 0.013 0.001 0.016 0.006 0.013 0.189 0.751 
  55 R _   0.010 0.013 0.001 0.016 0.006 0.012 0.187 0.754 
  56 F _   0.010 0.013 0.001 0.015 0.006 0.012 0.185 0.759 
  57 R _   0.009 0.012 0.001 0.014 0.005 0.011 0.184 0.765 
  58 R _   0.008 0.011 0.001 0.011 0.004 0.010 0.182 0.773 
  59 E _   0.007 0.009 0.000 0.009 0.004 0.010 0.181 0.780 
  60 A _   0.007 0.008 0.000 0.008 0.003 0.009 0.179 0.785 
  61 Q _   0.007 0.007 0.000 0.006 0.003 0.009 0.177 0.789 
  62 N _   0.008 0.007 0.000 0.006 0.003 0.010 0.175 0.791 
  63 A _   0.009 0.008 0.000 0.006 0.003 0.011 0.173 0.790 
  64 A _   0.010 0.009 0.000 0.007 0.004 0.012 0.170 0.786 
  65 A _   0.012 0.011 0.001 0.009 0.005 0.014 0.168 0.780 
  66 L _   0.014 0.014 0.001 0.013 0.007 0.016 0.165 0.771 
  67 N _   0.016 0.018 0.001 0.017 0.009 0.018 0.163 0.759 
  68 H _   0.017 0.022 0.001 0.021 0.011 0.020 0.160 0.748 
  69 P _   0.019 0.026 0.001 0.026 0.012 0.021 0.158 0.738 
  70 A _   0.020 0.028 0.001 0.030 0.013 0.021 0.156 0.730 
  71 I _   0.021 0.030 0.001 0.032 0.013 0.021 0.155 0.728 
  72 V _   0.021 0.030 0.001 0.031 0.013 0.020 0.155 0.730 
  73 A _   0.019 0.028 0.001 0.029 0.011 0.018 0.155 0.739 
  74 V _   0.018 0.025 0.001 0.025 0.009 0.016 0.155 0.751 
  75 Y _   0.016 0.020 0.001 0.020 0.007 0.014 0.155 0.766 
  76 D _   0.014 0.015 0.001 0.015 0.006 0.012 0.156 0.782 
  77 T _   0.012 0.010 0.001 0.010 0.004 0.010 0.156 0.797 
  78 G _   0.010 0.006 0.000 0.007 0.003 0.009 0.155 0.809 
  79 E _   0.008 0.004 0.000 0.005 0.002 0.008 0.155 0.818 
  80 A _   0.007 0.002 0.000 0.004 0.002 0.007 0.153 0.824 
  81 E _   0.007 0.002 0.000 0.003 0.002 0.007 0.151 0.828 
  82 T _   0.007 0.002 0.000 0.003 0.002 0.008 0.149 0.830 
  83 P _   0.007 0.002 0.000 0.003 0.002 0.009 0.146 0.830 
  84 A _   0.008 0.004 0.000 0.005 0.003 0.011 0.142 0.827 
  85 G _   0.010 0.007 0.001 0.007 0.004 0.014 0.138 0.819 
  86 P _   0.012 0.013 0.001 0.010 0.007 0.018 0.133 0.805 
  87 L _   0.015 0.023 0.001 0.016 0.010 0.022 0.128 0.787 
  88 P _   0.017 0.034 0.001 0.022 0.013 0.026 0.122 0.765 
  89 Y _   0.019 0.046 0.001 0.028 0.016 0.030 0.117 0.744 
  90 I _   0.020 0.055 0.001 0.033 0.019 0.032 0.112 0.729 
  91 V _   0.021 0.061 0.001 0.036 0.020 0.034 0.108 0.719 
  92 M _   0.021 0.064 0.001 0.037 0.021 0.034 0.105 0.716 
  93 E _   0.022 0.066 0.001 0.036 0.021 0.034 0.102 0.719 
  94 Y _   0.022 0.065 0.001 0.033 0.020 0.034 0.100 0.726 
  95 V _   0.022 0.063 0.001 0.029 0.018 0.032 0.098 0.736 
  96 D _   0.022 0.059 0.001 0.026 0.017 0.031 0.096 0.747 
  97 G _   0.022 0.055 0.001 0.023 0.015 0.030 0.095 0.758 
  98 V _   0.022 0.051 0.001 0.021 0.014 0.028 0.094 0.769 
  99 T _   0.022 0.046 0.001 0.020 0.013 0.026 0.094 0.778 
 100 L _   0.021 0.042 0.001 0.019 0.012 0.025 0.093 0.787 
 101 R _   0.020 0.037 0.001 0.018 0.011 0.023 0.093 0.796 
 102 D _   0.019 0.032 0.001 0.017 0.010 0.021 0.093 0.807 
 103 I _   0.018 0.027 0.001 0.016 0.009 0.020 0.092 0.817 
 104 V _   0.017 0.022 0.001 0.014 0.008 0.018 0.092 0.829 
 105 H _   0.015 0.016 0.001 0.012 0.006 0.017 0.092 0.841 
 106 T _   0.015 0.011 0.001 0.009 0.005 0.016 0.092 0.852 
 107 E _   0.014 0.007 0.001 0.007 0.004 0.015 0.091 0.861 
 108 G _   0.014 0.004 0.000 0.005 0.004 0.015 0.091 0.867 
 109 P _   0.016 0.002 0.000 0.004 0.003 0.016 0.090 0.869 
 110 M _   0.018 0.002 0.000 0.003 0.003 0.017 0.089 0.867 
 111 T _   0.023 0.001 0.000 0.003 0.004 0.021 0.087 0.861 
 112 P _   0.030 0.002 0.001 0.004 0.006 0.025 0.085 0.848 
 113 K _   0.040 0.003 0.001 0.005 0.008 0.031 0.083 0.829 
 114 R _   0.052 0.006 0.001 0.007 0.013 0.039 0.081 0.802 
 115 A _   0.064 0.013 0.001 0.010 0.020 0.047 0.079 0.766 
 116 I _   0.076 0.025 0.002 0.016 0.029 0.054 0.076 0.723 
 117 E _   0.085 0.041 0.002 0.023 0.037 0.060 0.073 0.679 
 118 V _   0.092 0.058 0.002 0.031 0.044 0.063 0.071 0.639 
 119 I _   0.095 0.072 0.002 0.038 0.048 0.064 0.070 0.611 
 120 A _   0.095 0.082 0.002 0.044 0.049 0.063 0.069 0.596 
 121 D _   0.092 0.087 0.002 0.047 0.048 0.060 0.069 0.595 
 122 A _   0.087 0.087 0.002 0.048 0.044 0.056 0.069 0.607 
 123 C _   0.080 0.084 0.002 0.044 0.038 0.050 0.070 0.633 
 124 Q _   0.071 0.076 0.002 0.038 0.031 0.044 0.071 0.667 
 125 A _   0.061 0.064 0.002 0.030 0.024 0.038 0.072 0.709 
 126 L _   0.051 0.049 0.001 0.023 0.018 0.032 0.074 0.752 
 127 N _   0.042 0.034 0.001 0.016 0.013 0.026 0.075 0.792 
 128 F _   0.033 0.023 0.001 0.012 0.009 0.022 0.077 0.824 
 129 S _   0.026 0.014 0.001 0.009 0.006 0.018 0.078 0.848 
 130 H _   0.021 0.010 0.001 0.007 0.005 0.015 0.078 0.863 
 131 Q _   0.017 0.007 0.000 0.007 0.004 0.014 0.079 0.873 
 132 N _   0.015 0.005 0.000 0.006 0.004 0.012 0.079 0.879 
 133 G _   0.013 0.004 0.000 0.007 0.003 0.011 0.079 0.883 
 134 I _   0.012 0.003 0.000 0.007 0.003 0.011 0.079 0.885 
 135 I _   0.011 0.002 0.000 0.007 0.003 0.010 0.079 0.887 
 136 H _   0.011 0.002 0.000 0.006 0.003 0.011 0.078 0.889 
 137 R _   0.010 0.001 0.000 0.006 0.003 0.011 0.078 0.890 
 138 D _   0.011 0.001 0.000 0.006 0.003 0.012 0.077 0.890 
 139 V _   0.012 0.001 0.000 0.005 0.003 0.013 0.076 0.889 
 140 K _   0.014 0.001 0.000 0.005 0.004 0.014 0.075 0.887 
 141 P _   0.017 0.001 0.000 0.005 0.004 0.017 0.074 0.881 
 142 A _   0.022 0.001 0.001 0.005 0.006 0.020 0.073 0.872 
 143 N _   0.029 0.001 0.001 0.006 0.007 0.024 0.072 0.860 
 144 I _   0.037 0.001 0.001 0.007 0.009 0.029 0.070 0.845 
 145 M _   0.047 0.001 0.001 0.008 0.012 0.034 0.069 0.828 
 146 I _   0.057 0.002 0.001 0.010 0.015 0.039 0.068 0.810 
 147 S _   0.068 0.002 0.001 0.010 0.018 0.043 0.066 0.791 
 148 A _   0.078 0.002 0.001 0.011 0.020 0.048 0.065 0.774 
 149 T _   0.090 0.003 0.001 0.010 0.023 0.051 0.064 0.758 
 150 N _   0.101 0.003 0.001 0.010 0.025 0.054 0.064 0.742 
 151 A _   0.111 0.003 0.001 0.010 0.027 0.056 0.063 0.728 
 152 V _   0.120 0.004 0.002 0.010 0.029 0.058 0.063 0.713 
 153 K _   0.126 0.006 0.002 0.011 0.032 0.060 0.063 0.701 
 154 V _   0.130 0.008 0.002 0.014 0.034 0.060 0.064 0.689 
 155 M _   0.131 0.010 0.002 0.017 0.037 0.059 0.065 0.679 
 156 D _   0.128 0.013 0.002 0.022 0.038 0.058 0.066 0.674 
 157 F _   0.120 0.015 0.002 0.027 0.037 0.054 0.067 0.677 
 158 G _   0.109 0.016 0.002 0.030 0.034 0.050 0.069 0.688 
 159 I _   0.096 0.016 0.002 0.031 0.030 0.045 0.072 0.707 
 160 A _   0.081 0.015 0.002 0.029 0.024 0.040 0.075 0.734 
 161 R _   0.067 0.013 0.001 0.024 0.018 0.034 0.078 0.766 
 162 A _   0.052 0.009 0.001 0.017 0.012 0.028 0.081 0.799 
 163 I _   0.040 0.006 0.001 0.011 0.008 0.023 0.083 0.829 
 164 A _   0.031 0.003 0.001 0.006 0.005 0.019 0.085 0.851 
 165 D _   0.024 0.002 0.000 0.004 0.003 0.017 0.085 0.864 
 166 S _   0.021 0.001 0.000 0.002 0.003 0.017 0.086 0.870 
 167 G _   0.021 0.001 0.000 0.002 0.003 0.018 0.086 0.869 
 168 N _   0.023 0.002 0.000 0.003 0.004 0.021 0.086 0.860 
 169 S _   0.028 0.007 0.001 0.005 0.007 0.026 0.085 0.840 
 170 V _   0.034 0.021 0.001 0.010 0.013 0.033 0.085 0.802 
 171 T _   0.040 0.053 0.002 0.020 0.022 0.040 0.083 0.740 
 172 Q _   0.043 0.105 0.003 0.032 0.030 0.044 0.082 0.661 
 173 T _   0.044 0.161 0.003 0.046 0.035 0.045 0.081 0.586 
 174 A _   0.043 0.203 0.003 0.057 0.037 0.045 0.080 0.532 
 175 A _   0.041 0.228 0.002 0.065 0.036 0.044 0.081 0.502 
 176 V _   0.040 0.240 0.002 0.069 0.035 0.041 0.083 0.490 
 177 I _   0.038 0.244 0.002 0.068 0.032 0.038 0.086 0.492 
 178 G _   0.035 0.240 0.002 0.064 0.029 0.035 0.089 0.506 
 179 T _   0.032 0.228 0.002 0.056 0.025 0.031 0.094 0.531 
 180 A _   0.029 0.207 0.002 0.047 0.020 0.028 0.100 0.566 
 181 Q _   0.025 0.176 0.002 0.039 0.016 0.024 0.107 0.611 
 182 Y _   0.022 0.139 0.001 0.030 0.012 0.021 0.115 0.659 
 183 L _   0.018 0.103 0.001 0.023 0.009 0.018 0.123 0.705 
 184 S _   0.015 0.072 0.001 0.018 0.007 0.015 0.129 0.744 
 185 P _   0.012 0.049 0.001 0.014 0.005 0.013 0.135 0.772 
 186 E _   0.010 0.033 0.001 0.011 0.004 0.011 0.140 0.792 
 187 Q _   0.008 0.022 0.000 0.008 0.003 0.009 0.143 0.805 
 188 A _   0.007 0.015 0.000 0.007 0.002 0.008 0.146 0.815 
 189 R _   0.006 0.010 0.000 0.006 0.002 0.007 0.148 0.821 
 190 G _   0.005 0.007 0.000 0.005 0.002 0.006 0.149 0.825 
 191 D _   0.005 0.005 0.000 0.004 0.002 0.006 0.150 0.828 
 192 S _   0.005 0.004 0.000 0.004 0.002 0.007 0.150 0.829 
 193 V _   0.005 0.003 0.000 0.004 0.002 0.008 0.150 0.829 
 194 D _   0.007 0.003 0.000 0.004 0.002 0.010 0.149 0.826 
 195 A _   0.010 0.003 0.000 0.004 0.003 0.014 0.147 0.819 
 196 R _   0.015 0.004 0.000 0.005 0.004 0.019 0.145 0.807 
 197 S _   0.024 0.007 0.001 0.006 0.007 0.027 0.142 0.786 
 198 D _   0.038 0.014 0.001 0.009 0.012 0.037 0.138 0.750 
 199 V _   0.056 0.027 0.002 0.013 0.022 0.049 0.134 0.699 
 200 Y _   0.075 0.050 0.002 0.018 0.035 0.061 0.129 0.630 
 201 S _   0.094 0.082 0.003 0.025 0.050 0.070 0.123 0.552 
 202 L _   0.109 0.121 0.003 0.033 0.062 0.076 0.119 0.476 
 203 G _   0.121 0.157 0.003 0.041 0.070 0.078 0.116 0.413 
 204 C _   0.129 0.185 0.003 0.048 0.073 0.077 0.115 0.370 
 205 V _   0.131 0.203 0.003 0.054 0.073 0.074 0.115 0.347 
 206 L _   0.130 0.211 0.003 0.057 0.070 0.069 0.117 0.342 
 207 Y _   0.126 0.213 0.003 0.058 0.064 0.063 0.120 0.354 
 208 E _   0.117 0.207 0.003 0.056 0.056 0.057 0.124 0.380 
 209 V _   0.104 0.194 0.003 0.052 0.047 0.050 0.130 0.421 
 210 L _   0.089 0.171 0.003 0.044 0.036 0.042 0.137 0.478 
 211 T _   0.072 0.136 0.002 0.035 0.026 0.035 0.144 0.548 
 212 G _   0.057 0.098 0.002 0.026 0.017 0.028 0.153 0.620 
 213 E _   0.042 0.062 0.001 0.018 0.011 0.022 0.160 0.684 
 214 P _   0.030 0.037 0.001 0.011 0.006 0.016 0.165 0.733 
 215 P _   0.021 0.022 0.000 0.007 0.004 0.012 0.169 0.765 
 216 F _   0.014 0.015 0.000 0.004 0.002 0.010 0.172 0.783 
 217 T _   0.010 0.012 0.000 0.003 0.002 0.008 0.173 0.791 
 218 G _   0.008 0.012 0.000 0.003 0.002 0.008 0.174 0.793 
 219 D _   0.007 0.013 0.000 0.004 0.002 0.009 0.173 0.791 
 220 S _   0.007 0.017 0.000 0.007 0.003 0.010 0.173 0.782 
 221 P _   0.008 0.025 0.001 0.013 0.004 0.012 0.172 0.766 
 222 V _   0.008 0.038 0.001 0.021 0.006 0.014 0.170 0.742 
 223 S _   0.009 0.053 0.001 0.030 0.008 0.015 0.168 0.715 
 224 V _   0.009 0.066 0.001 0.039 0.010 0.016 0.167 0.692 
 225 A _   0.009 0.074 0.001 0.045 0.010 0.016 0.167 0.678 
 226 Y _   0.009 0.078 0.001 0.047 0.010 0.015 0.167 0.672 
 227 Q _   0.008 0.078 0.001 0.045 0.009 0.014 0.169 0.675 
 228 H _   0.007 0.075 0.001 0.039 0.008 0.013 0.171 0.685 
 229 V _   0.007 0.069 0.001 0.031 0.006 0.011 0.174 0.701 
 230 R _   0.006 0.059 0.001 0.022 0.005 0.009 0.177 0.720 
 231 E _   0.006 0.049 0.000 0.015 0.003 0.008 0.181 0.738 
 232 D _   0.005 0.041 0.000 0.010 0.002 0.007 0.183 0.752 
 233 P _   0.004 0.036 0.000 0.006 0.002 0.006 0.185 0.761 
 234 I _   0.004 0.033 0.000 0.005 0.001 0.006 0.186 0.765 
 235 P _   0.004 0.032 0.000 0.004 0.001 0.006 0.186 0.765 
 236 P _   0.004 0.034 0.000 0.005 0.002 0.006 0.186 0.764 
 237 S _   0.004 0.037 0.000 0.006 0.002 0.007 0.185 0.758 
 238 A _   0.005 0.044 0.000 0.008 0.003 0.009 0.183 0.750 
 239 R _   0.005 0.054 0.000 0.010 0.003 0.010 0.180 0.737 
 240 H _   0.006 0.069 0.001 0.013 0.004 0.012 0.176 0.720 
 241 E _   0.006 0.089 0.001 0.016 0.005 0.014 0.172 0.697 
 242 G _   0.007 0.115 0.001 0.019 0.007 0.016 0.167 0.668 
 243 L _   0.008 0.144 0.001 0.023 0.009 0.018 0.162 0.635 
 244 S _   0.009 0.176 0.001 0.028 0.011 0.020 0.157 0.598 
 245 A _   0.010 0.209 0.001 0.034 0.013 0.022 0.153 0.559 
 246 D _   0.010 0.240 0.001 0.040 0.015 0.023 0.149 0.521 
 247 L _   0.011 0.266 0.001 0.047 0.017 0.024 0.146 0.488 
 248 D _   0.012 0.283 0.001 0.054 0.017 0.024 0.144 0.463 
 249 A _   0.013 0.293 0.001 0.059 0.018 0.024 0.144 0.448 
 250 V _   0.014 0.296 0.001 0.061 0.017 0.023 0.145 0.444 
 251 V _   0.014 0.292 0.001 0.059 0.016 0.022 0.147 0.449 
 252 L _   0.014 0.280 0.001 0.055 0.015 0.020 0.150 0.465 
 253 K _   0.014 0.255 0.001 0.047 0.013 0.018 0.154 0.496 
 254 A _   0.014 0.216 0.001 0.038 0.011 0.016 0.160 0.543 
 255 L _   0.014 0.165 0.001 0.027 0.009 0.015 0.167 0.603 
 256 A _   0.013 0.114 0.001 0.018 0.007 0.013 0.173 0.662 
 257 K _   0.011 0.075 0.001 0.011 0.004 0.011 0.178 0.709 
 258 N _   0.009 0.053 0.000 0.007 0.003 0.009 0.181 0.737 
 259 P _   0.007 0.044 0.000 0.004 0.002 0.008 0.183 0.751 
 260 E _   0.007 0.040 0.000 0.003 0.002 0.008 0.184 0.756 
 261 N _   0.006 0.040 0.000 0.004 0.002 0.009 0.184 0.755 
 262 R _   0.007 0.042 0.000 0.006 0.002 0.010 0.184 0.748 
 263 Y _   0.008 0.050 0.000 0.009 0.004 0.012 0.183 0.735 
 264 Q _   0.008 0.063 0.001 0.014 0.005 0.014 0.181 0.713 
 265 T _   0.009 0.082 0.001 0.022 0.007 0.016 0.178 0.685 
 266 A _   0.009 0.103 0.001 0.030 0.009 0.018 0.176 0.655 
 267 A _   0.009 0.120 0.001 0.037 0.011 0.018 0.174 0.629 
 268 E _   0.010 0.132 0.001 0.043 0.011 0.018 0.173 0.612 
 269 M _   0.010 0.139 0.001 0.046 0.012 0.018 0.173 0.602 
 270 R _   0.010 0.141 0.001 0.047 0.011 0.017 0.174 0.599 
 271 A _   0.010 0.140 0.001 0.045 0.011 0.016 0.176 0.602 
 272 D _   0.010 0.135 0.001 0.041 0.010 0.015 0.179 0.610 
 273 L _   0.010 0.125 0.001 0.035 0.008 0.014 0.182 0.625 
 274 V _   0.010 0.110 0.001 0.028 0.007 0.012 0.187 0.645 
 275 R _   0.010 0.093 0.001 0.022 0.005 0.011 0.192 0.668 
 276 V _   0.009 0.074 0.001 0.015 0.004 0.009 0.196 0.691 
 277 H _   0.009 0.059 0.000 0.011 0.003 0.008 0.200 0.711 
 278 N _   0.008 0.048 0.000 0.007 0.002 0.007 0.202 0.726 
 279 G _   0.006 0.042 0.000 0.005 0.002 0.006 0.203 0.736 
 280 E _   0.006 0.039 0.000 0.004 0.001 0.006 0.203 0.742 
 281 P _   0.005 0.038 0.000 0.003 0.001 0.006 0.202 0.744 
 282 P _   0.005 0.040 0.000 0.004 0.001 0.007 0.200 0.743 
 283 E _   0.005 0.045 0.000 0.005 0.002 0.008 0.197 0.737 
 284 A _   0.006 0.057 0.000 0.008 0.003 0.010 0.192 0.723 
 285 P _   0.007 0.081 0.001 0.012 0.004 0.013 0.184 0.698 
 286 K _   0.008 0.121 0.001 0.018 0.006 0.015 0.175 0.657 
 287 V _   0.008 0.179 0.001 0.024 0.009 0.017 0.163 0.600 
 288 L _   0.008 0.248 0.001 0.028 0.010 0.018 0.150 0.536 
 289 T _   0.007 0.322 0.001 0.031 0.011 0.018 0.137 0.472 
 290 D _   0.007 0.388 0.001 0.033 0.011 0.018 0.127 0.416 
 291 A E   0.006 0.445 0.001 0.033 0.011 0.017 0.118 0.369 
 292 E E   0.005 0.492 0.001 0.033 0.011 0.016 0.111 0.330 
 293 R E   0.005 0.529 0.001 0.032 0.011 0.016 0.106 0.300 
 294 T E   0.005 0.557 0.001 0.033 0.011 0.015 0.102 0.276 
 295 S E   0.005 0.578 0.001 0.033 0.011 0.014 0.099 0.259 
 296 L E   0.005 0.592 0.001 0.035 0.010 0.014 0.097 0.246 
 297 L E   0.005 0.600 0.001 0.036 0.010 0.013 0.096 0.239 
 298 S E   0.006 0.601 0.001 0.037 0.010 0.013 0.096 0.236 
 299 S E   0.006 0.597 0.001 0.038 0.010 0.012 0.097 0.239 
 300 A E   0.007 0.586 0.001 0.038 0.010 0.012 0.099 0.248 
 301 A E   0.007 0.563 0.001 0.038 0.010 0.012 0.101 0.268 
 302 G E   0.009 0.523 0.001 0.036 0.010 0.012 0.106 0.303 
 303 N E   0.010 0.462 0.002 0.035 0.011 0.012 0.113 0.356 
 304 L _   0.012 0.380 0.002 0.032 0.010 0.013 0.122 0.429 
 305 S _   0.013 0.286 0.002 0.027 0.009 0.013 0.134 0.515 
 306 G _   0.014 0.197 0.001 0.022 0.008 0.013 0.145 0.599 
 307 P _   0.013 0.129 0.001 0.018 0.006 0.013 0.156 0.665 
 308 R _   0.012 0.084 0.001 0.014 0.004 0.011 0.164 0.710 
 309 T _   0.010 0.055 0.000 0.011 0.003 0.010 0.170 0.740 
 310 D _   0.009 0.037 0.000 0.009 0.003 0.009 0.174 0.758 
 311 P _   0.008 0.026 0.000 0.008 0.002 0.008 0.177 0.770 
 312 L _   0.007 0.019 0.000 0.008 0.002 0.008 0.178 0.778 
 313 P _   0.006 0.013 0.000 0.007 0.002 0.007 0.179 0.785 
 314 R _   0.006 0.010 0.000 0.007 0.002 0.006 0.179 0.791 
 315 Q _   0.005 0.007 0.000 0.006 0.002 0.006 0.177 0.797 
 316 D _   0.005 0.004 0.000 0.006 0.001 0.005 0.175 0.803 
 317 L _   0.004 0.003 0.000 0.005 0.001 0.004 0.173 0.810 
 318 D _   0.004 0.002 0.000 0.004 0.001 0.004 0.169 0.817 
 319 D _   0.004 0.001 0.000 0.003 0.001 0.004 0.164 0.823 
 320 T _   0.005 0.000 0.000 0.003 0.001 0.004 0.158 0.829 
 321 D _   0.008 0.000 0.000 0.003 0.001 0.004 0.150 0.833 
 322 R _   0.015 0.000 0.000 0.003 0.002 0.005 0.142 0.834 
 323 D _   0.029 0.000 0.000 0.003 0.002 0.006 0.131 0.828 
 324 R _   0.057 0.000 0.000 0.003 0.003 0.008 0.118 0.811 
 325 S _   0.105 0.000 0.001 0.002 0.004 0.010 0.102 0.775 
 326 I _   0.177 0.000 0.001 0.002 0.006 0.011 0.084 0.718 
 327 G _   0.269 0.000 0.001 0.002 0.007 0.012 0.066 0.644 
 328 S _   0.371 0.000 0.001 0.001 0.008 0.012 0.050 0.558 
 329 V H   0.475 0.000 0.001 0.001 0.008 0.011 0.037 0.467 
 330 G H   0.578 0.000 0.001 0.001 0.008 0.009 0.028 0.376 
 331 R H   0.668 0.000 0.001 0.000 0.007 0.008 0.021 0.295 
 332 W H   0.746 0.000 0.001 0.000 0.007 0.006 0.016 0.224 
 333 V H   0.812 0.000 0.001 0.000 0.006 0.005 0.012 0.164 
 334 A H   0.863 0.000 0.001 0.000 0.006 0.004 0.009 0.118 
 335 V H   0.901 0.000 0.001 0.000 0.005 0.003 0.007 0.083 
 336 V H   0.928 0.000 0.001 0.000 0.005 0.003 0.006 0.058 
 337 A H   0.947 0.000 0.001 0.000 0.005 0.002 0.004 0.041 
 338 V H   0.959 0.000 0.001 0.000 0.005 0.002 0.004 0.030 
 339 L H   0.965 0.000 0.001 0.000 0.005 0.002 0.003 0.024 
 340 A H   0.968 0.000 0.001 0.000 0.005 0.002 0.002 0.022 
 341 V H   0.968 0.000 0.001 0.000 0.006 0.002 0.002 0.022 
 342 L H   0.965 0.000 0.001 0.000 0.006 0.002 0.002 0.025 
 343 T H   0.959 0.000 0.001 0.000 0.007 0.002 0.002 0.030 
 344 V H   0.949 0.000 0.001 0.000 0.007 0.002 0.002 0.039 
 345 V H   0.934 0.000 0.001 0.000 0.008 0.003 0.002 0.053 
 346 V H   0.913 0.000 0.001 0.000 0.008 0.003 0.002 0.072 
 347 T H   0.885 0.000 0.001 0.000 0.009 0.004 0.002 0.099 
 348 I H   0.848 0.000 0.001 0.000 0.010 0.004 0.002 0.134 
 349 A H   0.803 0.000 0.001 0.000 0.011 0.005 0.003 0.177 
 350 I H   0.746 0.000 0.001 0.001 0.011 0.006 0.004 0.230 
 351 N H   0.677 0.000 0.001 0.001 0.012 0.008 0.006 0.296 
 352 T H   0.594 0.000 0.001 0.001 0.012 0.009 0.008 0.374 
 353 F H   0.505 0.000 0.001 0.002 0.012 0.010 0.011 0.459 
 354 G _   0.414 0.000 0.001 0.003 0.012 0.011 0.015 0.544 
 355 G _   0.326 0.000 0.001 0.004 0.011 0.012 0.019 0.627 
 356 I _   0.244 0.000 0.001 0.005 0.010 0.013 0.023 0.704 
 357 T _   0.174 0.001 0.001 0.007 0.009 0.012 0.027 0.770 
 358 R _   0.118 0.001 0.001 0.007 0.007 0.012 0.031 0.823 
 359 D _   0.078 0.001 0.001 0.007 0.006 0.011 0.035 0.862 
 360 V _   0.050 0.001 0.001 0.007 0.004 0.010 0.037 0.889 
 361 Q _   0.032 0.001 0.000 0.006 0.003 0.009 0.040 0.908 
 362 V _   0.021 0.002 0.000 0.005 0.003 0.008 0.041 0.919 
 363 P _   0.014 0.003 0.000 0.005 0.002 0.008 0.043 0.925 
 364 D _   0.011 0.004 0.000 0.005 0.002 0.008 0.043 0.927 
 365 V _   0.009 0.006 0.000 0.005 0.002 0.008 0.044 0.925 
 366 R _   0.008 0.011 0.000 0.006 0.003 0.009 0.044 0.918 
 367 G _   0.008 0.019 0.000 0.008 0.004 0.011 0.045 0.905 
 368 Q _   0.009 0.033 0.001 0.011 0.005 0.013 0.044 0.883 
 369 S _   0.010 0.055 0.001 0.015 0.007 0.016 0.044 0.852 
 370 S _   0.010 0.086 0.001 0.020 0.009 0.018 0.043 0.812 
 371 A _   0.011 0.121 0.001 0.026 0.011 0.019 0.043 0.767 
 372 D _   0.011 0.156 0.001 0.030 0.012 0.021 0.042 0.726 
 373 A _   0.012 0.184 0.001 0.034 0.013 0.021 0.042 0.694 
 374 I _   0.012 0.204 0.001 0.035 0.013 0.022 0.042 0.670 
 375 A _   0.013 0.217 0.001 0.036 0.013 0.022 0.043 0.656 
 376 T _   0.013 0.225 0.001 0.035 0.013 0.022 0.044 0.648 
 377 L _   0.013 0.229 0.001 0.033 0.013 0.021 0.045 0.645 
 378 Q _   0.013 0.229 0.001 0.032 0.012 0.021 0.046 0.645 
 379 N _   0.014 0.228 0.001 0.030 0.012 0.021 0.048 0.646 
 380 R _   0.014 0.225 0.001 0.030 0.011 0.020 0.050 0.648 
 381 G _   0.014 0.221 0.001 0.030 0.011 0.020 0.053 0.650 
 382 F _   0.015 0.215 0.001 0.030 0.011 0.019 0.055 0.653 
 383 K _   0.015 0.207 0.001 0.031 0.010 0.018 0.059 0.659 
 384 I _   0.014 0.196 0.001 0.031 0.010 0.017 0.062 0.668 
 385 R _   0.014 0.181 0.001 0.030 0.009 0.016 0.066 0.682 
 386 T _   0.013 0.162 0.001 0.028 0.008 0.015 0.071 0.703 
 387 L _   0.012 0.137 0.001 0.024 0.007 0.013 0.075 0.729 
 388 Q _   0.011 0.109 0.001 0.020 0.006 0.012 0.080 0.760 
 389 K _   0.011 0.081 0.001 0.016 0.005 0.010 0.085 0.791 
 390 P _   0.010 0.057 0.001 0.012 0.004 0.009 0.090 0.818 
 391 D _   0.009 0.039 0.000 0.009 0.003 0.008 0.093 0.839 
 392 S _   0.007 0.028 0.000 0.006 0.002 0.007 0.096 0.853 
 393 T _   0.006 0.021 0.000 0.005 0.002 0.006 0.098 0.861 
 394 I _   0.006 0.018 0.000 0.005 0.002 0.006 0.099 0.865 
 395 P _   0.005 0.017 0.000 0.005 0.002 0.006 0.100 0.866 
 396 P _   0.005 0.017 0.000 0.005 0.002 0.006 0.100 0.865 
 397 D _   0.005 0.017 0.000 0.006 0.002 0.006 0.099 0.863 
 398 H _   0.005 0.019 0.000 0.008 0.002 0.007 0.098 0.860 
 399 V _   0.005 0.022 0.000 0.010 0.003 0.007 0.097 0.856 
 400 I _   0.005 0.025 0.000 0.011 0.003 0.008 0.095 0.853 
 401 G _   0.005 0.029 0.000 0.013 0.003 0.008 0.093 0.849 
 402 T _   0.004 0.033 0.000 0.013 0.003 0.008 0.091 0.847 
 403 D _   0.004 0.036 0.000 0.013 0.003 0.008 0.089 0.845 
 404 P _   0.004 0.040 0.000 0.013 0.003 0.009 0.087 0.843 
 405 A _   0.004 0.045 0.000 0.013 0.003 0.009 0.084 0.841 
 406 A _   0.004 0.049 0.000 0.013 0.004 0.009 0.082 0.839 
 407 N _   0.005 0.055 0.000 0.013 0.004 0.010 0.080 0.834 
 408 T _   0.005 0.061 0.001 0.014 0.004 0.011 0.077 0.827 
 409 S _   0.006 0.070 0.001 0.015 0.005 0.012 0.074 0.817 
 410 V _   0.006 0.080 0.001 0.018 0.006 0.013 0.072 0.803 
 411 S _   0.007 0.092 0.001 0.022 0.007 0.015 0.070 0.787 
 412 A _   0.008 0.104 0.001 0.025 0.009 0.016 0.067 0.770 
 413 G _   0.009 0.115 0.001 0.029 0.010 0.017 0.065 0.754 
 414 D _   0.010 0.123 0.001 0.032 0.011 0.018 0.064 0.742 
 415 E _   0.010 0.129 0.001 0.034 0.011 0.019 0.062 0.733 
 416 I _   0.011 0.133 0.001 0.035 0.011 0.019 0.062 0.729 
 417 T _   0.011 0.133 0.001 0.035 0.011 0.018 0.061 0.730 
 418 V _   0.011 0.131 0.001 0.033 0.010 0.017 0.061 0.736 
 419 N _   0.011 0.126 0.001 0.030 0.009 0.016 0.061 0.745 
 420 V _   0.011 0.118 0.001 0.026 0.008 0.015 0.062 0.759 
 421 S _   0.011 0.108 0.001 0.021 0.007 0.014 0.062 0.776 
 422 T _   0.010 0.098 0.001 0.017 0.006 0.013 0.063 0.793 
 423 G _   0.009 0.088 0.001 0.013 0.005 0.012 0.064 0.809 
 424 P _   0.009 0.079 0.000 0.010 0.004 0.011 0.064 0.823 
 425 E _   0.008 0.074 0.000 0.008 0.003 0.010 0.064 0.833 
 426 Q _   0.007 0.071 0.000 0.006 0.003 0.010 0.064 0.839 
 427 R _   0.007 0.070 0.000 0.006 0.003 0.011 0.063 0.840 
 428 E _   0.007 0.073 0.000 0.006 0.003 0.012 0.062 0.837 
 429 I _   0.008 0.079 0.000 0.007 0.004 0.013 0.060 0.828 
 430 P _   0.010 0.092 0.001 0.010 0.005 0.015 0.058 0.809 
 431 D _   0.011 0.114 0.001 0.013 0.008 0.018 0.056 0.779 
 432 V _   0.012 0.148 0.001 0.018 0.010 0.020 0.053 0.737 
 433 S _   0.013 0.189 0.001 0.023 0.012 0.022 0.050 0.689 
 434 T _   0.013 0.232 0.001 0.027 0.014 0.024 0.047 0.641 
 435 L _   0.013 0.269 0.001 0.030 0.015 0.024 0.045 0.602 
 436 T _   0.013 0.297 0.001 0.031 0.015 0.024 0.043 0.575 
 437 Y _   0.013 0.318 0.001 0.031 0.014 0.024 0.042 0.557 
 438 A _   0.013 0.333 0.001 0.030 0.014 0.024 0.041 0.545 
 439 E _   0.013 0.343 0.001 0.028 0.013 0.023 0.040 0.539 
 440 A _   0.013 0.350 0.001 0.025 0.012 0.023 0.039 0.536 
 441 V _   0.013 0.355 0.001 0.024 0.012 0.022 0.039 0.534 
 442 K _   0.014 0.359 0.001 0.023 0.012 0.022 0.039 0.531 
 443 K _   0.014 0.363 0.001 0.024 0.012 0.022 0.038 0.526 
 444 L _   0.014 0.365 0.001 0.026 0.012 0.021 0.038 0.521 
 445 T _   0.015 0.367 0.001 0.029 0.012 0.021 0.038 0.517 
 446 A _   0.015 0.366 0.001 0.033 0.012 0.020 0.039 0.514 
 447 A _   0.015 0.362 0.001 0.036 0.012 0.019 0.040 0.516 
 448 G _   0.015 0.352 0.001 0.038 0.012 0.018 0.041 0.524 
 449 F _   0.014 0.333 0.001 0.038 0.012 0.017 0.042 0.543 
 450 G _   0.014 0.303 0.001 0.036 0.011 0.016 0.045 0.574 
 451 R _   0.014 0.256 0.001 0.032 0.010 0.014 0.048 0.624 
 452 F _   0.014 0.192 0.001 0.026 0.009 0.013 0.052 0.693 
 453 K _   0.013 0.124 0.001 0.019 0.007 0.012 0.056 0.769 
 454 Q _   0.011 0.069 0.001 0.012 0.005 0.010 0.059 0.833 
 455 A _   0.009 0.035 0.000 0.007 0.003 0.008 0.061 0.876 
 456 N _   0.007 0.019 0.000 0.004 0.002 0.007 0.062 0.898 
 457 S _   0.006 0.013 0.000 0.003 0.001 0.007 0.062 0.907 
 458 P _   0.006 0.012 0.000 0.003 0.001 0.007 0.062 0.909 
 459 S _   0.007 0.012 0.000 0.004 0.002 0.009 0.061 0.904 
 460 T _   0.008 0.015 0.000 0.008 0.003 0.012 0.060 0.893 
 461 P _   0.010 0.022 0.001 0.015 0.005 0.015 0.058 0.874 
 462 E _   0.011 0.034 0.001 0.026 0.008 0.018 0.056 0.846 
 463 L _   0.011 0.046 0.001 0.039 0.011 0.020 0.054 0.819 
 464 V _   0.011 0.055 0.001 0.049 0.013 0.021 0.052 0.799 
 465 G _   0.011 0.059 0.001 0.055 0.013 0.021 0.050 0.789 
 466 K _   0.011 0.060 0.001 0.056 0.013 0.020 0.050 0.790 
 467 V _   0.010 0.058 0.001 0.051 0.012 0.018 0.049 0.801 
 468 I _   0.010 0.051 0.001 0.042 0.010 0.016 0.049 0.821 
 469 G _   0.009 0.040 0.001 0.031 0.008 0.014 0.049 0.848 
 470 T _   0.010 0.027 0.001 0.020 0.006 0.012 0.049 0.876 
 471 N _   0.010 0.014 0.001 0.012 0.004 0.010 0.049 0.900 
 472 P _   0.012 0.006 0.000 0.006 0.003 0.009 0.049 0.915 
 473 P _   0.016 0.002 0.000 0.003 0.002 0.009 0.048 0.919 
 474 A _   0.026 0.000 0.000 0.002 0.002 0.010 0.047 0.913 
 475 N _   0.045 0.000 0.000 0.002 0.003 0.012 0.045 0.893 
 476 Q _   0.084 0.000 0.000 0.002 0.004 0.016 0.043 0.851 
 477 T _   0.146 0.000 0.001 0.002 0.007 0.023 0.040 0.782 
 478 S _   0.232 0.000 0.001 0.002 0.013 0.031 0.037 0.685 
 479 A _   0.328 0.000 0.001 0.003 0.022 0.040 0.033 0.573 
 480 I _   0.418 0.000 0.002 0.004 0.035 0.048 0.030 0.463 
 481 T H   0.494 0.001 0.002 0.005 0.047 0.053 0.028 0.368 
 482 N H   0.547 0.002 0.002 0.007 0.058 0.056 0.027 0.300 
 483 V H   0.581 0.004 0.003 0.009 0.065 0.056 0.027 0.256 
 484 V H   0.597 0.006 0.003 0.011 0.068 0.054 0.028 0.233 
 485 I H   0.596 0.007 0.003 0.014 0.069 0.051 0.029 0.232 
 486 I H   0.579 0.008 0.003 0.016 0.066 0.048 0.031 0.250 
 487 I H   0.544 0.008 0.003 0.016 0.060 0.043 0.034 0.290 
 488 V H   0.489 0.007 0.003 0.016 0.051 0.038 0.038 0.357 
 489 G _   0.415 0.005 0.003 0.014 0.039 0.033 0.043 0.448 
 490 S _   0.328 0.003 0.002 0.011 0.027 0.027 0.048 0.554 
 491 G _   0.239 0.001 0.001 0.008 0.016 0.021 0.053 0.660 
 492 P _   0.164 0.001 0.001 0.005 0.009 0.016 0.058 0.748 
 493 A _   0.104 0.000 0.001 0.003 0.005 0.012 0.061 0.814 
 494 T _   0.062 0.000 0.000 0.002 0.003 0.010 0.063 0.859 
 495 K _   0.037 0.000 0.000 0.002 0.002 0.008 0.065 0.885 
 496 D _   0.024 0.001 0.000 0.002 0.002 0.008 0.065 0.898 
 497 I _   0.017 0.002 0.000 0.003 0.002 0.008 0.066 0.902 
 498 P _   0.013 0.005 0.000 0.005 0.003 0.009 0.066 0.898 
 499 D _   0.012 0.012 0.000 0.008 0.004 0.011 0.066 0.887 
 500 V _   0.011 0.025 0.001 0.012 0.005 0.013 0.065 0.868 
 501 A _   0.011 0.042 0.001 0.018 0.007 0.014 0.064 0.844 
 502 G _   0.010 0.058 0.001 0.023 0.008 0.015 0.064 0.821 
 503 Q _   0.010 0.072 0.001 0.026 0.008 0.015 0.063 0.805 
 504 T _   0.009 0.081 0.001 0.027 0.009 0.015 0.063 0.795 
 505 V _   0.009 0.087 0.001 0.026 0.008 0.015 0.063 0.791 
 506 D _   0.008 0.091 0.001 0.023 0.008 0.015 0.064 0.791 
 507 V _   0.008 0.093 0.001 0.020 0.007 0.014 0.064 0.793 
 508 A _   0.008 0.093 0.001 0.017 0.006 0.014 0.065 0.796 
 509 Q _   0.008 0.094 0.001 0.015 0.005 0.014 0.066 0.797 
 510 K _   0.009 0.096 0.001 0.014 0.005 0.014 0.067 0.794 
 511 N _   0.009 0.099 0.001 0.014 0.006 0.015 0.068 0.788 
 512 L _   0.010 0.103 0.001 0.016 0.007 0.016 0.069 0.778 
 513 N _   0.011 0.110 0.001 0.020 0.008 0.017 0.070 0.764 
 514 V _   0.012 0.117 0.001 0.026 0.009 0.018 0.070 0.748 
 515 Y _   0.012 0.123 0.001 0.031 0.010 0.018 0.072 0.733 
 516 G _   0.013 0.127 0.001 0.036 0.011 0.018 0.073 0.720 
 517 F _   0.013 0.127 0.001 0.039 0.011 0.018 0.075 0.715 
 518 T _   0.012 0.124 0.001 0.040 0.011 0.017 0.078 0.717 
 519 K _   0.012 0.116 0.001 0.037 0.010 0.015 0.081 0.728 
 520 F _   0.011 0.103 0.001 0.032 0.008 0.013 0.085 0.746 
 521 S _   0.010 0.086 0.001 0.025 0.007 0.012 0.089 0.771 
 522 Q _   0.009 0.065 0.001 0.018 0.005 0.010 0.093 0.799 
 523 A _   0.008 0.046 0.001 0.012 0.004 0.008 0.097 0.824 
 524 S _   0.007 0.032 0.000 0.008 0.003 0.007 0.100 0.843 
 525 V _   0.006 0.024 0.000 0.006 0.002 0.006 0.102 0.854 
 526 D _   0.005 0.020 0.000 0.004 0.002 0.005 0.103 0.860 
 527 S _   0.005 0.018 0.000 0.004 0.001 0.005 0.104 0.862 
 528 P _   0.005 0.018 0.000 0.005 0.002 0.006 0.104 0.861 
 529 R _   0.005 0.019 0.000 0.006 0.002 0.006 0.104 0.858 
 530 P _   0.005 0.021 0.000 0.008 0.002 0.007 0.103 0.853 
 531 A _   0.005 0.025 0.000 0.010 0.003 0.008 0.102 0.847 
 532 G _   0.005 0.029 0.000 0.013 0.003 0.008 0.100 0.841 
 533 E _   0.005 0.033 0.000 0.014 0.004 0.009 0.098 0.836 
 534 V _   0.005 0.038 0.000 0.015 0.004 0.009 0.097 0.833 
 535 T _   0.005 0.041 0.000 0.015 0.004 0.009 0.095 0.831 
 536 G _   0.005 0.044 0.000 0.014 0.004 0.009 0.093 0.831 
 537 T _   0.005 0.047 0.000 0.013 0.004 0.009 0.092 0.830 
 538 N _   0.005 0.051 0.000 0.012 0.003 0.009 0.090 0.829 
 539 P _   0.005 0.054 0.000 0.011 0.003 0.010 0.089 0.827 
 540 P _   0.005 0.059 0.000 0.011 0.004 0.010 0.087 0.823 
 541 A _   0.006 0.066 0.000 0.011 0.004 0.011 0.085 0.816 
 542 G _   0.007 0.075 0.001 0.012 0.005 0.013 0.083 0.805 
 543 T _   0.007 0.088 0.001 0.014 0.006 0.014 0.081 0.790 
 544 T _   0.008 0.103 0.001 0.017 0.007 0.016 0.078 0.770 
 545 V _   0.009 0.124 0.001 0.020 0.009 0.018 0.076 0.745 
 546 P _   0.010 0.147 0.001 0.024 0.010 0.020 0.073 0.715 
 547 V _   0.010 0.172 0.001 0.029 0.012 0.021 0.071 0.684 
 548 D _   0.011 0.196 0.001 0.034 0.014 0.022 0.068 0.655 
 549 S _   0.011 0.214 0.001 0.038 0.015 0.022 0.067 0.632 
 550 V _   0.011 0.228 0.001 0.042 0.015 0.022 0.066 0.616 
 551 I _   0.011 0.235 0.001 0.043 0.015 0.022 0.065 0.607 
 552 E _   0.011 0.237 0.001 0.043 0.014 0.021 0.065 0.608 
 553 L _   0.011 0.234 0.001 0.040 0.013 0.019 0.066 0.615 
 554 Q _   0.011 0.226 0.001 0.035 0.012 0.018 0.067 0.631 
 555 V _   0.010 0.213 0.001 0.029 0.010 0.017 0.068 0.653 
 556 S _   0.010 0.195 0.001 0.023 0.008 0.015 0.070 0.678 
 557 K _   0.010 0.176 0.001 0.018 0.007 0.014 0.071 0.704 
 558 G _   0.009 0.158 0.001 0.013 0.006 0.013 0.073 0.727 
 559 N _   0.009 0.145 0.001 0.010 0.005 0.013 0.075 0.743 
 560 Q _   0.009 0.136 0.001 0.008 0.004 0.012 0.076 0.753 
 561 F _   0.009 0.131 0.000 0.007 0.004 0.012 0.077 0.759 
 562 V _   0.009 0.129 0.000 0.007 0.004 0.013 0.078 0.759 
 563 M _   0.010 0.130 0.000 0.008 0.004 0.014 0.079 0.755 
 564 P _   0.010 0.134 0.001 0.009 0.005 0.015 0.079 0.747 
 565 D _   0.011 0.141 0.001 0.011 0.006 0.016 0.080 0.735 
 566 L _   0.012 0.150 0.001 0.013 0.007 0.017 0.080 0.720 
 567 S _   0.012 0.159 0.001 0.016 0.008 0.018 0.081 0.705 
 568 G _   0.013 0.169 0.001 0.018 0.009 0.018 0.082 0.691 
 569 M _   0.013 0.177 0.001 0.019 0.009 0.019 0.083 0.679 
 570 F _   0.013 0.183 0.001 0.020 0.009 0.019 0.084 0.672 
 571 W _   0.013 0.186 0.001 0.019 0.009 0.019 0.085 0.668 
 572 V _   0.013 0.189 0.001 0.017 0.008 0.019 0.087 0.666 
 573 D _   0.013 0.190 0.001 0.015 0.008 0.019 0.088 0.665 
 574 A _   0.014 0.192 0.001 0.014 0.008 0.019 0.090 0.662 
 575 E _   0.014 0.195 0.001 0.013 0.008 0.020 0.092 0.657 
 576 P _   0.015 0.199 0.001 0.014 0.009 0.021 0.093 0.649 
 577 R _   0.016 0.207 0.001 0.016 0.010 0.022 0.095 0.634 
 578 L _   0.016 0.216 0.001 0.020 0.011 0.022 0.097 0.615 
 579 R _   0.016 0.228 0.001 0.026 0.013 0.023 0.099 0.594 
 580 A _   0.016 0.237 0.001 0.032 0.014 0.022 0.102 0.575 
 581 L _   0.015 0.244 0.001 0.038 0.014 0.022 0.106 0.560 
 582 G _   0.015 0.247 0.001 0.041 0.014 0.021 0.110 0.551 
 583 W _   0.014 0.245 0.001 0.042 0.013 0.019 0.115 0.551 
 584 T _   0.013 0.237 0.001 0.040 0.012 0.017 0.121 0.558 
 585 G _   0.012 0.222 0.001 0.037 0.010 0.015 0.129 0.573 
 586 M _   0.011 0.200 0.001 0.031 0.009 0.014 0.138 0.596 
 587 L _   0.010 0.170 0.001 0.025 0.007 0.012 0.149 0.626 
 588 D _   0.009 0.139 0.001 0.019 0.006 0.010 0.160 0.656 
 589 K _   0.008 0.111 0.001 0.014 0.004 0.009 0.170 0.682 
 590 G _   0.007 0.091 0.000 0.010 0.003 0.008 0.179 0.701 
 591 A _   0.006 0.078 0.000 0.007 0.002 0.007 0.186 0.712 
 592 D _   0.006 0.071 0.000 0.006 0.002 0.006 0.192 0.718 
 593 V _   0.005 0.067 0.000 0.005 0.002 0.006 0.196 0.719 
 594 D _   0.005 0.067 0.000 0.005 0.002 0.006 0.199 0.716 
 595 A _   0.005 0.068 0.000 0.006 0.002 0.006 0.201 0.711 
 596 G _   0.005 0.072 0.000 0.007 0.002 0.007 0.203 0.704 
 597 G _   0.005 0.079 0.000 0.009 0.003 0.008 0.204 0.693 
 598 S _   0.005 0.088 0.000 0.012 0.003 0.009 0.205 0.678 
 599 Q _   0.005 0.101 0.001 0.014 0.004 0.009 0.205 0.661 
 600 H _   0.005 0.115 0.001 0.017 0.005 0.010 0.206 0.642 
 601 N _   0.005 0.129 0.001 0.020 0.005 0.010 0.207 0.623 
 602 R _   0.005 0.142 0.001 0.022 0.005 0.010 0.208 0.607 
 603 V _   0.005 0.153 0.001 0.023 0.006 0.010 0.210 0.593 
 604 V _   0.005 0.161 0.001 0.023 0.005 0.010 0.212 0.582 
 605 Y _   0.005 0.167 0.001 0.022 0.005 0.010 0.215 0.575 
 606 Q _   0.004 0.171 0.001 0.020 0.005 0.010 0.219 0.571 
 607 N _   0.004 0.173 0.001 0.017 0.004 0.010 0.223 0.568 
 608 P _   0.004 0.175 0.000 0.014 0.004 0.009 0.227 0.566 
 609 P _   0.004 0.176 0.000 0.012 0.003 0.009 0.230 0.564 
 610 A _   0.005 0.179 0.000 0.010 0.003 0.010 0.234 0.558 
 611 G _   0.005 0.184 0.000 0.010 0.003 0.011 0.237 0.550 
 612 T _   0.006 0.191 0.000 0.010 0.004 0.012 0.240 0.536 
 613 G _   0.007 0.205 0.001 0.012 0.005 0.014 0.242 0.514 
 614 V _   0.008 0.228 0.001 0.015 0.007 0.016 0.244 0.481 
 615 N _   0.010 0.264 0.001 0.019 0.009 0.018 0.245 0.435 
 616 R _   0.010 0.311 0.001 0.024 0.011 0.019 0.247 0.377 
 617 D E   0.009 0.361 0.001 0.030 0.012 0.018 0.248 0.319 
 618 G E   0.008 0.404 0.001 0.035 0.012 0.017 0.250 0.272 
 619 I E   0.007 0.434 0.001 0.037 0.011 0.015 0.254 0.241 
 620 I E   0.005 0.452 0.001 0.039 0.010 0.012 0.259 0.222 
 621 T E   0.004 0.460 0.001 0.038 0.007 0.009 0.265 0.215 
 622 L E   0.003 0.459 0.001 0.035 0.005 0.006 0.274 0.218 
 623 R E   0.002 0.448 0.000 0.029 0.002 0.003 0.283 0.233 
 624 F E   0.001 0.425 0.000 0.022 0.001 0.002 0.289 0.261 
 625 G E   0.001 0.397 0.000 0.021 0.001 0.002 0.290 0.289 
 626 Q E   0.004 0.371 0.002 0.030 0.005 0.005 0.284 0.299 
