#TopoPred_TM8: 8-state transmembrane topology prediction results by no_profile mode 
#probabilities are in the order of H E C I L F X _, the 8 transmembrane topology types used in PDBTM 
   1 M X   0.007 0.000 0.002 0.029 0.007 0.006 0.887 0.062 
   2 A X   0.003 0.000 0.000 0.015 0.001 0.003 0.911 0.066 
   3 S X   0.001 0.000 0.000 0.009 0.000 0.002 0.918 0.069 
   4 T X   0.001 0.000 0.000 0.007 0.000 0.002 0.918 0.071 
   5 R X   0.001 0.000 0.000 0.007 0.001 0.003 0.916 0.072 
   6 S X   0.002 0.001 0.000 0.007 0.001 0.004 0.913 0.074 
   7 I X   0.002 0.001 0.000 0.007 0.001 0.004 0.909 0.075 
   8 E X   0.002 0.001 0.000 0.008 0.001 0.004 0.905 0.077 
   9 L X   0.002 0.002 0.000 0.009 0.001 0.004 0.901 0.080 
  10 E X   0.002 0.002 0.000 0.009 0.002 0.004 0.898 0.084 
  11 H X   0.002 0.002 0.000 0.008 0.002 0.004 0.894 0.088 
  12 F X   0.002 0.002 0.000 0.007 0.001 0.003 0.892 0.093 
  13 E X   0.002 0.002 0.000 0.005 0.001 0.003 0.889 0.098 
  14 E X   0.001 0.001 0.000 0.004 0.001 0.002 0.887 0.103 
  15 R X   0.001 0.001 0.000 0.003 0.001 0.002 0.884 0.108 
  16 D X   0.001 0.001 0.000 0.002 0.001 0.002 0.881 0.112 
  17 K X   0.001 0.001 0.000 0.002 0.000 0.002 0.878 0.116 
  18 R X   0.001 0.001 0.000 0.002 0.000 0.001 0.873 0.121 
  19 P X   0.001 0.001 0.000 0.002 0.001 0.002 0.868 0.126 
  20 R X   0.001 0.002 0.000 0.002 0.001 0.002 0.861 0.132 
  21 P X   0.001 0.002 0.000 0.003 0.001 0.002 0.852 0.138 
  22 G X   0.001 0.003 0.000 0.004 0.001 0.003 0.842 0.146 
  23 S X   0.001 0.005 0.000 0.005 0.001 0.003 0.829 0.155 
  24 R X   0.002 0.007 0.000 0.007 0.002 0.004 0.815 0.164 
  25 R X   0.002 0.010 0.000 0.009 0.002 0.004 0.800 0.173 
  26 G X   0.002 0.013 0.000 0.010 0.002 0.005 0.784 0.184 
  27 A X   0.002 0.017 0.000 0.012 0.002 0.005 0.768 0.195 
  28 P X   0.002 0.020 0.000 0.013 0.002 0.005 0.751 0.206 
  29 S X   0.002 0.024 0.000 0.014 0.002 0.005 0.734 0.218 
  30 S X   0.002 0.028 0.000 0.014 0.002 0.006 0.718 0.230 
  31 S X   0.002 0.032 0.000 0.014 0.002 0.006 0.701 0.243 
  32 G X   0.002 0.035 0.000 0.014 0.002 0.006 0.685 0.255 
  33 G X   0.002 0.039 0.000 0.013 0.002 0.006 0.669 0.268 
  34 S X   0.002 0.042 0.000 0.013 0.002 0.006 0.653 0.282 
  35 S X   0.002 0.046 0.000 0.012 0.002 0.006 0.636 0.295 
  36 S X   0.002 0.051 0.000 0.012 0.002 0.006 0.618 0.309 
  37 S X   0.002 0.056 0.000 0.012 0.002 0.006 0.598 0.322 
  38 G X   0.002 0.064 0.000 0.013 0.003 0.007 0.576 0.334 
  39 P X   0.002 0.075 0.000 0.015 0.003 0.008 0.553 0.344 
  40 K X   0.002 0.089 0.001 0.017 0.004 0.008 0.527 0.352 
  41 G X   0.003 0.107 0.001 0.020 0.004 0.009 0.500 0.356 
  42 N X   0.003 0.130 0.001 0.023 0.005 0.010 0.470 0.357 
  43 G X   0.003 0.157 0.001 0.026 0.006 0.011 0.441 0.356 
  44 L X   0.003 0.186 0.001 0.028 0.006 0.012 0.412 0.352 
  45 I X   0.003 0.216 0.001 0.029 0.007 0.012 0.385 0.347 
  46 P X   0.003 0.245 0.001 0.029 0.007 0.013 0.361 0.342 
  47 S X   0.003 0.273 0.001 0.028 0.007 0.013 0.339 0.337 
  48 P _   0.003 0.300 0.001 0.028 0.007 0.013 0.318 0.330 
  49 A E   0.004 0.326 0.001 0.027 0.008 0.014 0.300 0.322 
  50 H E   0.004 0.351 0.001 0.026 0.008 0.015 0.282 0.312 
  51 S E   0.004 0.377 0.001 0.027 0.009 0.016 0.267 0.300 
  52 A E   0.005 0.403 0.001 0.028 0.010 0.017 0.252 0.285 
  53 H E   0.005 0.427 0.001 0.030 0.011 0.017 0.239 0.270 
  54 C E   0.006 0.449 0.001 0.033 0.012 0.017 0.227 0.255 
  55 S E   0.006 0.466 0.001 0.035 0.013 0.018 0.218 0.243 
  56 F E   0.007 0.478 0.001 0.038 0.013 0.017 0.210 0.236 
  57 Y E   0.007 0.483 0.001 0.041 0.013 0.017 0.205 0.234 
  58 R E   0.007 0.483 0.001 0.042 0.013 0.016 0.201 0.237 
  59 T E   0.008 0.476 0.001 0.042 0.013 0.016 0.199 0.246 
  60 R E   0.008 0.461 0.001 0.041 0.012 0.015 0.198 0.265 
  61 T E   0.009 0.431 0.001 0.038 0.012 0.014 0.198 0.296 
  62 L E   0.010 0.384 0.002 0.035 0.011 0.014 0.199 0.345 
  63 Q _   0.011 0.318 0.002 0.030 0.011 0.014 0.203 0.413 
  64 A _   0.011 0.242 0.001 0.025 0.009 0.013 0.207 0.491 
  65 L _   0.011 0.171 0.001 0.020 0.008 0.013 0.211 0.566 
  66 S _   0.010 0.116 0.001 0.015 0.006 0.012 0.214 0.627 
  67 S _   0.009 0.079 0.001 0.011 0.004 0.011 0.216 0.669 
  68 E _   0.008 0.057 0.000 0.009 0.003 0.010 0.217 0.696 
  69 K _   0.007 0.044 0.000 0.008 0.003 0.009 0.217 0.712 
  70 K _   0.006 0.037 0.000 0.008 0.002 0.008 0.216 0.722 
  71 A _   0.006 0.032 0.000 0.008 0.002 0.008 0.215 0.728 
  72 K _   0.006 0.029 0.000 0.008 0.003 0.008 0.214 0.732 
  73 K _   0.006 0.026 0.000 0.009 0.003 0.008 0.212 0.736 
  74 A _   0.006 0.024 0.000 0.009 0.003 0.008 0.209 0.740 
  75 R _   0.006 0.022 0.000 0.009 0.003 0.008 0.207 0.745 
  76 F _   0.005 0.020 0.000 0.008 0.003 0.008 0.204 0.751 
  77 Y _   0.005 0.019 0.000 0.007 0.002 0.009 0.201 0.757 
  78 R _   0.005 0.018 0.000 0.006 0.002 0.009 0.197 0.761 
  79 N _   0.006 0.017 0.000 0.005 0.003 0.011 0.193 0.764 
  80 G _   0.007 0.018 0.000 0.006 0.003 0.013 0.189 0.763 
  81 D _   0.010 0.021 0.000 0.007 0.005 0.017 0.183 0.757 
  82 R _   0.013 0.028 0.001 0.011 0.007 0.022 0.177 0.742 
  83 Y _   0.017 0.040 0.001 0.017 0.012 0.028 0.170 0.715 
  84 F _   0.020 0.061 0.002 0.028 0.018 0.033 0.161 0.677 
  85 K _   0.023 0.084 0.002 0.041 0.023 0.038 0.153 0.637 
  86 G _   0.025 0.102 0.002 0.054 0.027 0.040 0.146 0.604 
  87 L _   0.026 0.113 0.002 0.063 0.029 0.041 0.140 0.586 
  88 V _   0.026 0.117 0.002 0.066 0.029 0.041 0.136 0.583 
  89 F _   0.026 0.116 0.002 0.064 0.027 0.040 0.133 0.593 
  90 A _   0.026 0.108 0.002 0.055 0.024 0.038 0.131 0.617 
  91 I _   0.026 0.092 0.002 0.043 0.020 0.035 0.130 0.653 
  92 S _   0.026 0.067 0.002 0.030 0.016 0.033 0.129 0.698 
  93 S _   0.027 0.040 0.001 0.018 0.012 0.032 0.128 0.742 
  94 D _   0.029 0.020 0.001 0.010 0.009 0.031 0.127 0.774 
  95 R _   0.032 0.010 0.001 0.005 0.007 0.031 0.125 0.790 
  96 F _   0.036 0.006 0.001 0.003 0.006 0.032 0.124 0.791 
  97 R _   0.044 0.005 0.001 0.003 0.007 0.035 0.122 0.782 
  98 S _   0.053 0.006 0.001 0.005 0.011 0.040 0.120 0.765 
  99 F _   0.065 0.010 0.001 0.008 0.017 0.045 0.118 0.737 
 100 D _   0.076 0.019 0.002 0.015 0.024 0.049 0.115 0.699 
 101 A _   0.084 0.033 0.002 0.026 0.032 0.052 0.113 0.658 
 102 L _   0.089 0.045 0.002 0.037 0.036 0.053 0.111 0.626 
 103 L _   0.090 0.054 0.002 0.046 0.038 0.051 0.111 0.609 
 104 I _   0.087 0.058 0.002 0.050 0.037 0.048 0.111 0.607 
 105 E _   0.081 0.057 0.002 0.049 0.034 0.044 0.112 0.621 
 106 L _   0.072 0.053 0.002 0.044 0.029 0.038 0.114 0.648 
 107 T _   0.061 0.044 0.002 0.035 0.022 0.032 0.116 0.688 
 108 R _   0.050 0.032 0.001 0.024 0.015 0.026 0.118 0.734 
 109 S _   0.038 0.018 0.001 0.014 0.009 0.020 0.120 0.778 
 110 L _   0.028 0.009 0.001 0.008 0.005 0.016 0.122 0.812 
 111 S _   0.020 0.004 0.000 0.004 0.003 0.012 0.122 0.834 
 112 D _   0.015 0.002 0.000 0.003 0.002 0.011 0.122 0.845 
 113 N _   0.012 0.001 0.000 0.002 0.002 0.010 0.122 0.850 
 114 V _   0.012 0.002 0.000 0.002 0.002 0.010 0.121 0.851 
 115 N _   0.012 0.003 0.000 0.004 0.003 0.012 0.119 0.847 
 116 L _   0.014 0.005 0.000 0.006 0.004 0.015 0.118 0.838 
 117 P _   0.016 0.011 0.001 0.011 0.007 0.018 0.116 0.821 
 118 Q _   0.017 0.021 0.001 0.018 0.010 0.020 0.113 0.799 
 119 G _   0.019 0.032 0.001 0.026 0.013 0.023 0.111 0.776 
 120 V _   0.019 0.042 0.001 0.033 0.015 0.024 0.109 0.756 
 121 R _   0.019 0.049 0.001 0.039 0.016 0.024 0.107 0.744 
 122 T _   0.018 0.053 0.001 0.041 0.016 0.024 0.106 0.740 
 123 I _   0.017 0.055 0.001 0.040 0.015 0.023 0.106 0.742 
 124 Y _   0.016 0.054 0.001 0.037 0.014 0.021 0.106 0.752 
 125 T _   0.014 0.051 0.001 0.031 0.011 0.019 0.107 0.766 
 126 I _   0.013 0.046 0.001 0.025 0.009 0.016 0.108 0.783 
 127 D _   0.011 0.040 0.001 0.019 0.007 0.014 0.108 0.800 
 128 G _   0.010 0.034 0.001 0.014 0.005 0.012 0.109 0.815 
 129 S _   0.009 0.029 0.000 0.010 0.004 0.011 0.110 0.827 
 130 R _   0.008 0.026 0.000 0.008 0.003 0.010 0.110 0.835 
 131 K _   0.007 0.024 0.000 0.007 0.003 0.009 0.110 0.840 
 132 V _   0.007 0.024 0.000 0.006 0.003 0.009 0.109 0.841 
 133 T _   0.007 0.025 0.000 0.007 0.003 0.010 0.108 0.840 
 134 S _   0.007 0.027 0.000 0.009 0.004 0.010 0.107 0.836 
 135 L _   0.007 0.031 0.001 0.011 0.004 0.011 0.106 0.829 
 136 D _   0.008 0.035 0.001 0.014 0.005 0.012 0.105 0.820 
 137 E _   0.008 0.041 0.001 0.017 0.006 0.013 0.104 0.810 
 138 L _   0.009 0.046 0.001 0.020 0.007 0.014 0.103 0.801 
 139 L _   0.009 0.051 0.001 0.023 0.008 0.014 0.102 0.793 
 140 E _   0.009 0.054 0.001 0.025 0.008 0.014 0.101 0.789 
 141 G _   0.009 0.055 0.001 0.025 0.008 0.014 0.101 0.787 
 142 E _   0.009 0.056 0.001 0.025 0.008 0.014 0.101 0.787 
 143 S _   0.009 0.055 0.001 0.023 0.007 0.013 0.102 0.790 
 144 Y _   0.009 0.053 0.001 0.021 0.007 0.013 0.102 0.795 
 145 V _   0.009 0.050 0.001 0.019 0.006 0.012 0.103 0.800 
 146 C _   0.009 0.046 0.001 0.017 0.006 0.012 0.104 0.806 
 147 A _   0.009 0.043 0.001 0.015 0.005 0.011 0.105 0.811 
 148 S _   0.009 0.040 0.001 0.014 0.005 0.011 0.106 0.815 
 149 N _   0.008 0.037 0.001 0.013 0.005 0.011 0.107 0.819 
 150 E _   0.008 0.034 0.001 0.013 0.004 0.010 0.108 0.821 
 151 P _   0.008 0.032 0.001 0.013 0.004 0.010 0.109 0.823 
 152 F _   0.008 0.030 0.001 0.013 0.004 0.010 0.110 0.824 
 153 R _   0.008 0.027 0.001 0.013 0.004 0.009 0.111 0.826 
 154 K _   0.008 0.025 0.001 0.013 0.004 0.009 0.112 0.829 
 155 V _   0.007 0.023 0.000 0.012 0.004 0.009 0.113 0.832 
 156 D _   0.007 0.020 0.000 0.011 0.004 0.008 0.114 0.835 
 157 Y _   0.007 0.018 0.000 0.010 0.003 0.008 0.115 0.839 
 158 T _   0.006 0.016 0.000 0.008 0.003 0.007 0.116 0.844 
 159 K _   0.006 0.014 0.000 0.007 0.002 0.007 0.117 0.847 
 160 N _   0.005 0.013 0.000 0.006 0.002 0.006 0.117 0.850 
 161 I _   0.005 0.012 0.000 0.005 0.002 0.006 0.117 0.851 
 162 N _   0.005 0.013 0.000 0.005 0.002 0.007 0.116 0.852 
 163 P _   0.005 0.014 0.000 0.005 0.002 0.007 0.116 0.850 
 164 N _   0.006 0.016 0.000 0.006 0.002 0.008 0.115 0.847 
 165 W _   0.006 0.020 0.000 0.007 0.003 0.010 0.113 0.841 
 166 S _   0.007 0.026 0.000 0.008 0.004 0.012 0.111 0.832 
 167 V _   0.008 0.036 0.001 0.011 0.005 0.014 0.109 0.818 
 168 N _   0.009 0.050 0.001 0.013 0.006 0.017 0.106 0.799 
 169 I _   0.010 0.068 0.001 0.016 0.008 0.020 0.102 0.774 
 170 K _   0.012 0.092 0.001 0.020 0.010 0.023 0.099 0.743 
 171 G _   0.014 0.119 0.001 0.024 0.013 0.026 0.095 0.707 
 172 G _   0.015 0.148 0.001 0.029 0.016 0.028 0.091 0.671 
 173 T _   0.017 0.174 0.001 0.034 0.018 0.030 0.088 0.637 
 174 S _   0.018 0.196 0.002 0.039 0.020 0.031 0.086 0.609 
 175 R _   0.019 0.212 0.002 0.044 0.021 0.031 0.084 0.587 
 176 A _   0.019 0.223 0.001 0.047 0.021 0.031 0.083 0.574 
 177 L _   0.019 0.227 0.001 0.049 0.021 0.030 0.083 0.570 
 178 A _   0.019 0.227 0.001 0.049 0.019 0.028 0.083 0.574 
 179 A _   0.019 0.221 0.001 0.046 0.017 0.025 0.084 0.585 
 180 A _   0.018 0.209 0.001 0.042 0.015 0.023 0.085 0.605 
 181 S _   0.017 0.190 0.001 0.037 0.013 0.021 0.087 0.634 
 182 S _   0.017 0.162 0.001 0.031 0.011 0.018 0.089 0.670 
 183 V _   0.016 0.129 0.001 0.025 0.009 0.016 0.092 0.712 
 184 K _   0.015 0.094 0.001 0.019 0.007 0.014 0.095 0.755 
 185 S _   0.014 0.062 0.001 0.014 0.006 0.012 0.097 0.794 
 186 E _   0.012 0.039 0.001 0.010 0.004 0.011 0.099 0.824 
 187 V _   0.011 0.023 0.000 0.007 0.003 0.009 0.101 0.846 
 188 K _   0.009 0.014 0.000 0.005 0.002 0.008 0.101 0.860 
 189 E _   0.008 0.009 0.000 0.004 0.002 0.008 0.101 0.868 
 190 S _   0.008 0.006 0.000 0.003 0.002 0.008 0.101 0.872 
 191 K _   0.008 0.006 0.000 0.003 0.002 0.008 0.100 0.873 
 192 D _   0.008 0.006 0.000 0.004 0.002 0.010 0.098 0.872 
 193 F _   0.009 0.007 0.000 0.005 0.003 0.011 0.097 0.868 
 194 I _   0.011 0.009 0.000 0.007 0.004 0.014 0.095 0.859 
 195 K _   0.013 0.014 0.001 0.011 0.006 0.017 0.092 0.847 
 196 P _   0.015 0.020 0.001 0.016 0.008 0.019 0.090 0.832 
 197 K _   0.016 0.027 0.001 0.021 0.011 0.021 0.087 0.816 
 198 L _   0.017 0.033 0.001 0.026 0.013 0.023 0.085 0.802 
 199 V _   0.018 0.038 0.001 0.030 0.014 0.024 0.083 0.792 
 200 T _   0.018 0.041 0.001 0.032 0.014 0.024 0.082 0.789 
 201 V _   0.018 0.041 0.001 0.031 0.014 0.023 0.081 0.791 
 202 I _   0.018 0.040 0.001 0.029 0.013 0.022 0.080 0.797 
 203 R _   0.017 0.038 0.001 0.025 0.011 0.021 0.080 0.808 
 204 S _   0.016 0.034 0.001 0.020 0.010 0.019 0.079 0.820 
 205 G _   0.015 0.030 0.001 0.016 0.008 0.018 0.079 0.833 
 206 V _   0.014 0.026 0.001 0.013 0.007 0.017 0.079 0.844 
 207 K _   0.013 0.023 0.001 0.011 0.006 0.016 0.079 0.852 
 208 P _   0.013 0.020 0.001 0.011 0.005 0.015 0.079 0.857 
 209 R _   0.012 0.019 0.001 0.011 0.005 0.015 0.078 0.859 
 210 K _   0.012 0.018 0.001 0.012 0.005 0.014 0.078 0.860 
 211 A _   0.012 0.017 0.001 0.013 0.006 0.014 0.078 0.860 
 212 V _   0.011 0.016 0.001 0.014 0.006 0.014 0.078 0.861 
 213 R _   0.011 0.015 0.001 0.014 0.006 0.014 0.077 0.863 
 214 I _   0.010 0.013 0.001 0.014 0.005 0.013 0.077 0.866 
 215 L _   0.010 0.011 0.001 0.012 0.005 0.013 0.077 0.872 
 216 L _   0.010 0.009 0.001 0.010 0.004 0.012 0.077 0.878 
 217 N _   0.010 0.007 0.000 0.008 0.004 0.012 0.076 0.883 
 218 K _   0.011 0.005 0.000 0.006 0.004 0.013 0.076 0.886 
 219 K _   0.012 0.003 0.000 0.005 0.003 0.014 0.075 0.886 
 220 T _   0.015 0.003 0.000 0.004 0.004 0.017 0.074 0.882 
 221 A _   0.020 0.003 0.001 0.005 0.005 0.020 0.073 0.873 
 222 H _   0.026 0.004 0.001 0.006 0.007 0.024 0.072 0.860 
 223 S _   0.034 0.005 0.001 0.008 0.010 0.030 0.071 0.840 
 224 F _   0.044 0.008 0.001 0.011 0.015 0.035 0.070 0.816 
 225 E _   0.053 0.012 0.001 0.016 0.020 0.040 0.069 0.789 
 226 Q _   0.061 0.017 0.002 0.020 0.025 0.044 0.068 0.763 
 227 V _   0.069 0.021 0.002 0.025 0.028 0.047 0.067 0.741 
 228 L _   0.074 0.024 0.002 0.028 0.031 0.048 0.067 0.726 
 229 T _   0.077 0.026 0.002 0.029 0.032 0.048 0.067 0.719 
 230 D _   0.077 0.026 0.002 0.029 0.031 0.046 0.068 0.721 
 231 I _   0.076 0.025 0.002 0.027 0.028 0.044 0.069 0.729 
 232 T _   0.074 0.022 0.002 0.023 0.024 0.041 0.071 0.743 
 233 E _   0.069 0.019 0.001 0.019 0.020 0.038 0.072 0.762 
 234 A _   0.063 0.015 0.001 0.014 0.016 0.034 0.074 0.782 
 235 I _   0.057 0.011 0.001 0.011 0.012 0.031 0.076 0.801 
 236 K _   0.050 0.009 0.001 0.008 0.010 0.028 0.077 0.817 
 237 L _   0.044 0.008 0.001 0.007 0.008 0.026 0.079 0.828 
 238 D _   0.039 0.007 0.001 0.007 0.007 0.024 0.080 0.836 
 239 S _   0.035 0.007 0.001 0.007 0.007 0.023 0.081 0.839 
 240 G _   0.032 0.008 0.001 0.008 0.007 0.023 0.082 0.839 
 241 V _   0.030 0.010 0.001 0.010 0.008 0.022 0.083 0.836 
 242 V _   0.028 0.011 0.001 0.012 0.008 0.022 0.084 0.834 
 243 K _   0.026 0.013 0.001 0.013 0.009 0.021 0.085 0.832 
 244 R _   0.024 0.015 0.001 0.014 0.009 0.021 0.086 0.831 
 245 L _   0.022 0.016 0.001 0.014 0.008 0.020 0.088 0.832 
 246 C _   0.020 0.017 0.001 0.013 0.008 0.019 0.089 0.835 
 247 T _   0.018 0.018 0.001 0.012 0.007 0.018 0.090 0.837 
 248 L _   0.016 0.019 0.001 0.011 0.007 0.018 0.091 0.838 
 249 D _   0.016 0.020 0.001 0.011 0.007 0.017 0.092 0.836 
 250 G _   0.015 0.022 0.001 0.012 0.007 0.017 0.093 0.833 
 251 K _   0.015 0.025 0.001 0.014 0.007 0.017 0.094 0.827 
 252 Q _   0.015 0.028 0.001 0.016 0.008 0.017 0.095 0.820 
 253 V _   0.014 0.031 0.001 0.018 0.008 0.017 0.097 0.814 
 254 T _   0.014 0.033 0.001 0.020 0.009 0.016 0.098 0.809 
 255 C _   0.013 0.035 0.001 0.021 0.008 0.015 0.100 0.807 
 256 L _   0.012 0.035 0.001 0.020 0.008 0.014 0.102 0.808 
 257 Q _   0.011 0.034 0.001 0.018 0.007 0.013 0.104 0.812 
 258 D _   0.010 0.033 0.001 0.015 0.006 0.012 0.107 0.818 
 259 F _   0.009 0.031 0.001 0.012 0.005 0.011 0.109 0.823 
 260 F _   0.008 0.029 0.000 0.009 0.004 0.010 0.111 0.828 
 261 G _   0.008 0.028 0.000 0.008 0.003 0.009 0.113 0.830 
 262 D _   0.007 0.028 0.000 0.007 0.003 0.009 0.115 0.829 
 263 D _   0.007 0.030 0.000 0.008 0.003 0.010 0.116 0.825 
 264 D _   0.008 0.033 0.000 0.009 0.004 0.011 0.118 0.818 
 265 V _   0.008 0.038 0.001 0.012 0.005 0.012 0.119 0.807 
 266 F _   0.009 0.044 0.001 0.015 0.006 0.013 0.120 0.793 
 267 I _   0.009 0.052 0.001 0.020 0.007 0.014 0.121 0.777 
 268 A _   0.009 0.059 0.001 0.024 0.008 0.014 0.123 0.762 
 269 C _   0.009 0.065 0.001 0.027 0.008 0.015 0.124 0.751 
 270 G _   0.009 0.068 0.001 0.029 0.009 0.015 0.127 0.742 
 271 P _   0.009 0.070 0.001 0.030 0.009 0.014 0.129 0.738 
 272 E _   0.009 0.070 0.001 0.028 0.008 0.014 0.133 0.738 
 273 K _   0.009 0.068 0.001 0.025 0.007 0.013 0.137 0.740 
 274 F _   0.008 0.064 0.001 0.022 0.006 0.012 0.142 0.745 
 275 R _   0.008 0.059 0.001 0.018 0.005 0.011 0.147 0.752 
 276 Y _   0.007 0.054 0.001 0.014 0.005 0.010 0.152 0.758 
 277 A _   0.007 0.050 0.000 0.011 0.004 0.009 0.157 0.762 
 278 Q _   0.006 0.046 0.000 0.009 0.003 0.008 0.161 0.765 
 279 D _   0.006 0.044 0.000 0.008 0.003 0.008 0.166 0.765 
 280 D _   0.006 0.043 0.000 0.008 0.003 0.008 0.169 0.763 
 281 F _   0.006 0.042 0.000 0.008 0.003 0.008 0.173 0.760 
 282 V _   0.006 0.044 0.000 0.009 0.003 0.009 0.176 0.754 
 283 L _   0.006 0.046 0.000 0.010 0.004 0.010 0.179 0.745 
 284 D _   0.006 0.049 0.001 0.013 0.004 0.010 0.182 0.735 
 285 H _   0.007 0.053 0.001 0.016 0.005 0.011 0.185 0.724 
 286 S _   0.007 0.057 0.001 0.019 0.006 0.012 0.188 0.712 
 287 E _   0.007 0.060 0.001 0.021 0.006 0.012 0.191 0.700 
 288 C _   0.007 0.063 0.001 0.024 0.007 0.013 0.196 0.691 
 289 R _   0.007 0.064 0.001 0.024 0.007 0.013 0.200 0.684 
 290 V _   0.007 0.064 0.001 0.024 0.007 0.012 0.205 0.680 
 291 L _   0.007 0.062 0.001 0.023 0.006 0.012 0.211 0.678 
 292 K _   0.007 0.059 0.001 0.021 0.006 0.011 0.218 0.678 
 293 S _   0.007 0.056 0.001 0.018 0.005 0.011 0.224 0.678 
 294 S _   0.006 0.052 0.001 0.016 0.005 0.010 0.231 0.679 
 295 Y _   0.006 0.048 0.001 0.015 0.004 0.010 0.238 0.678 
 296 S _   0.006 0.045 0.000 0.014 0.004 0.009 0.246 0.676 
 297 R _   0.006 0.042 0.000 0.014 0.004 0.009 0.253 0.672 
 298 S _   0.006 0.040 0.000 0.014 0.004 0.009 0.260 0.666 
 299 S _   0.007 0.037 0.000 0.015 0.004 0.009 0.267 0.661 
 300 A _   0.007 0.035 0.000 0.015 0.004 0.009 0.275 0.655 
 301 V _   0.007 0.032 0.000 0.016 0.004 0.009 0.282 0.650 
 302 K _   0.006 0.029 0.000 0.015 0.004 0.008 0.289 0.647 
 303 Y _   0.006 0.026 0.000 0.014 0.003 0.008 0.297 0.645 
 304 S _   0.006 0.022 0.000 0.013 0.003 0.007 0.304 0.644 
 305 G _   0.006 0.018 0.000 0.011 0.003 0.006 0.312 0.644 
 306 S _   0.005 0.014 0.000 0.009 0.002 0.006 0.318 0.645 
 307 K _   0.005 0.011 0.000 0.007 0.002 0.005 0.324 0.646 
 308 S _   0.004 0.008 0.000 0.006 0.002 0.005 0.329 0.646 
 309 P _   0.004 0.007 0.000 0.005 0.001 0.004 0.333 0.646 
 310 G _   0.004 0.006 0.000 0.004 0.001 0.004 0.335 0.646 
 311 P _   0.003 0.005 0.000 0.004 0.001 0.004 0.337 0.645 
 312 S _   0.003 0.005 0.000 0.004 0.001 0.004 0.337 0.645 
 313 R _   0.003 0.006 0.000 0.005 0.001 0.004 0.337 0.644 
 314 R _   0.003 0.006 0.000 0.005 0.001 0.005 0.336 0.643 
 315 S _   0.003 0.008 0.000 0.006 0.002 0.005 0.334 0.641 
 316 K _   0.003 0.010 0.000 0.008 0.002 0.006 0.332 0.639 
 317 S _   0.003 0.012 0.000 0.010 0.002 0.006 0.330 0.637 
 318 P _   0.003 0.016 0.000 0.012 0.002 0.007 0.326 0.634 
 319 A _   0.003 0.019 0.000 0.014 0.003 0.007 0.323 0.630 
 320 S _   0.003 0.023 0.000 0.015 0.003 0.007 0.320 0.628 
 321 V _   0.004 0.026 0.000 0.017 0.003 0.008 0.317 0.626 
 322 N _   0.004 0.029 0.000 0.018 0.003 0.008 0.314 0.625 
 323 G _   0.004 0.031 0.000 0.018 0.003 0.008 0.311 0.624 
 324 T _   0.004 0.032 0.000 0.019 0.004 0.008 0.309 0.624 
 325 P _   0.004 0.034 0.000 0.019 0.004 0.008 0.307 0.625 
 326 S _   0.004 0.034 0.000 0.018 0.004 0.008 0.306 0.626 
 327 S _   0.004 0.034 0.000 0.018 0.003 0.008 0.305 0.628 
 328 Q _   0.004 0.034 0.000 0.017 0.003 0.008 0.304 0.630 
 329 L _   0.004 0.033 0.000 0.015 0.003 0.007 0.304 0.633 
 330 S _   0.004 0.032 0.000 0.014 0.003 0.007 0.303 0.637 
 331 T _   0.004 0.031 0.000 0.012 0.002 0.007 0.302 0.641 
 332 P _   0.004 0.029 0.000 0.011 0.002 0.006 0.302 0.645 
 333 K _   0.004 0.028 0.000 0.009 0.002 0.006 0.300 0.650 
 334 S _   0.004 0.028 0.000 0.008 0.002 0.005 0.299 0.655 
 335 T _   0.004 0.027 0.000 0.007 0.002 0.005 0.296 0.659 
 336 K _   0.003 0.028 0.000 0.006 0.001 0.005 0.293 0.663 
 337 S _   0.003 0.029 0.000 0.006 0.001 0.005 0.290 0.665 
 338 S _   0.003 0.031 0.000 0.006 0.002 0.006 0.285 0.667 
 339 S _   0.003 0.035 0.000 0.007 0.002 0.006 0.279 0.667 
 340 S _   0.003 0.042 0.000 0.009 0.002 0.007 0.271 0.665 
 341 S _   0.004 0.053 0.000 0.011 0.003 0.008 0.261 0.659 
 342 P _   0.004 0.071 0.001 0.014 0.004 0.010 0.250 0.647 
 343 T _   0.005 0.096 0.001 0.019 0.005 0.012 0.236 0.628 
 344 S _   0.005 0.130 0.001 0.024 0.007 0.013 0.220 0.600 
 345 P _   0.005 0.173 0.001 0.030 0.008 0.015 0.204 0.564 
 346 G _   0.005 0.221 0.001 0.036 0.010 0.016 0.187 0.524 
 347 S _   0.005 0.268 0.001 0.041 0.011 0.016 0.172 0.486 
 348 F _   0.005 0.307 0.001 0.046 0.011 0.016 0.160 0.453 
 349 R _   0.005 0.338 0.001 0.050 0.011 0.016 0.151 0.428 
 350 G _   0.005 0.358 0.001 0.053 0.011 0.015 0.144 0.413 
 351 L _   0.005 0.369 0.001 0.054 0.011 0.015 0.139 0.406 
 352 K _   0.005 0.374 0.001 0.054 0.010 0.014 0.136 0.406 
 353 Q _   0.005 0.372 0.001 0.052 0.010 0.014 0.134 0.412 
 354 I _   0.005 0.365 0.001 0.048 0.009 0.013 0.133 0.425 
 355 S _   0.006 0.351 0.001 0.044 0.008 0.012 0.133 0.446 
 356 A _   0.006 0.327 0.001 0.038 0.008 0.011 0.134 0.475 
 357 H _   0.006 0.294 0.001 0.032 0.007 0.010 0.135 0.514 
 358 G _   0.007 0.254 0.001 0.026 0.006 0.010 0.138 0.559 
 359 R _   0.007 0.213 0.001 0.020 0.005 0.009 0.140 0.605 
 360 S _   0.006 0.176 0.001 0.016 0.004 0.008 0.141 0.647 
 361 S _   0.006 0.147 0.000 0.012 0.003 0.008 0.142 0.682 
 362 S _   0.005 0.127 0.000 0.009 0.002 0.007 0.143 0.706 
 363 N _   0.005 0.115 0.000 0.007 0.002 0.006 0.142 0.722 
 364 V _   0.004 0.108 0.000 0.007 0.002 0.006 0.141 0.732 
 365 N _   0.004 0.105 0.000 0.007 0.002 0.006 0.139 0.738 
 366 G _   0.004 0.104 0.000 0.007 0.002 0.006 0.136 0.740 
 367 G _   0.004 0.106 0.000 0.009 0.002 0.007 0.132 0.741 
 368 P _   0.004 0.109 0.000 0.011 0.002 0.007 0.128 0.739 
 369 E _   0.004 0.114 0.000 0.013 0.003 0.008 0.123 0.735 
 370 L _   0.004 0.121 0.000 0.016 0.003 0.008 0.118 0.730 
 371 D _   0.004 0.127 0.000 0.018 0.004 0.008 0.113 0.725 
 372 R _   0.004 0.134 0.001 0.020 0.004 0.009 0.108 0.721 
 373 C _   0.004 0.140 0.001 0.021 0.004 0.009 0.103 0.719 
 374 I _   0.004 0.145 0.001 0.022 0.004 0.009 0.099 0.717 
 375 S _   0.004 0.148 0.001 0.021 0.004 0.009 0.096 0.718 
 376 P _   0.004 0.150 0.001 0.020 0.004 0.008 0.093 0.720 
 377 E _   0.004 0.151 0.000 0.019 0.004 0.008 0.090 0.724 
 378 G _   0.004 0.151 0.000 0.017 0.004 0.008 0.087 0.729 
 379 V _   0.004 0.151 0.000 0.015 0.003 0.008 0.085 0.734 
 380 N _   0.004 0.151 0.000 0.013 0.003 0.008 0.082 0.739 
 381 G _   0.004 0.152 0.000 0.012 0.003 0.008 0.080 0.742 
 382 N _   0.004 0.153 0.000 0.011 0.003 0.008 0.077 0.743 
 383 R _   0.004 0.157 0.000 0.012 0.003 0.009 0.074 0.741 
 384 C _   0.004 0.162 0.000 0.013 0.004 0.009 0.071 0.737 
 385 S _   0.005 0.169 0.001 0.015 0.004 0.010 0.067 0.729 
 386 E _   0.005 0.178 0.001 0.018 0.005 0.011 0.064 0.718 
 387 S _   0.005 0.189 0.001 0.021 0.006 0.012 0.060 0.705 
 388 S _   0.006 0.200 0.001 0.025 0.007 0.013 0.056 0.692 
 389 T _   0.006 0.210 0.001 0.029 0.008 0.014 0.053 0.679 
 390 L _   0.007 0.216 0.001 0.032 0.009 0.015 0.051 0.670 
 391 L _   0.007 0.220 0.001 0.034 0.009 0.015 0.048 0.666 
 392 E _   0.007 0.220 0.001 0.034 0.010 0.015 0.047 0.667 
 393 K _   0.007 0.216 0.001 0.033 0.010 0.015 0.046 0.673 
 394 Y _   0.008 0.208 0.001 0.031 0.009 0.014 0.045 0.684 
 395 K _   0.008 0.197 0.001 0.027 0.009 0.014 0.044 0.700 
 396 I _   0.008 0.182 0.001 0.023 0.008 0.013 0.044 0.721 
 397 G _   0.009 0.166 0.001 0.019 0.007 0.013 0.044 0.742 
 398 K _   0.009 0.150 0.001 0.015 0.006 0.013 0.044 0.763 
 399 V _   0.009 0.136 0.001 0.012 0.005 0.012 0.044 0.780 
 400 I _   0.009 0.127 0.001 0.011 0.005 0.012 0.044 0.792 
 401 G _   0.009 0.120 0.001 0.010 0.005 0.013 0.044 0.799 
 402 D _   0.009 0.117 0.001 0.011 0.005 0.013 0.043 0.801 
 403 G _   0.010 0.116 0.001 0.013 0.006 0.014 0.043 0.798 
 404 N _   0.010 0.116 0.001 0.016 0.007 0.015 0.042 0.794 
 405 F _   0.011 0.117 0.001 0.019 0.008 0.015 0.042 0.788 
 406 A _   0.011 0.117 0.001 0.022 0.008 0.015 0.041 0.784 
 407 V _   0.011 0.116 0.001 0.024 0.008 0.015 0.041 0.784 
 408 V _   0.010 0.113 0.001 0.024 0.008 0.015 0.041 0.788 
 409 K _   0.010 0.108 0.001 0.023 0.007 0.014 0.041 0.797 
 410 E _   0.009 0.100 0.001 0.020 0.007 0.013 0.041 0.810 
 411 C _   0.009 0.090 0.001 0.016 0.005 0.012 0.041 0.827 
 412 I _   0.008 0.080 0.001 0.012 0.005 0.011 0.041 0.842 
 413 D _   0.008 0.072 0.001 0.010 0.004 0.011 0.041 0.854 
 414 R _   0.007 0.067 0.000 0.008 0.004 0.011 0.041 0.862 
 415 S _   0.008 0.064 0.000 0.007 0.004 0.011 0.041 0.865 
 416 T _   0.008 0.063 0.000 0.008 0.004 0.013 0.040 0.863 
 417 G _   0.009 0.066 0.001 0.011 0.005 0.014 0.040 0.855 
 418 K _   0.010 0.070 0.001 0.015 0.006 0.016 0.039 0.843 
 419 E _   0.011 0.076 0.001 0.020 0.008 0.017 0.038 0.829 
 420 F _   0.012 0.082 0.001 0.026 0.010 0.018 0.037 0.814 
 421 A _   0.012 0.086 0.001 0.031 0.011 0.019 0.037 0.804 
 422 L _   0.012 0.087 0.001 0.034 0.011 0.019 0.036 0.800 
 423 K _   0.012 0.087 0.001 0.034 0.011 0.018 0.036 0.802 
 424 I _   0.011 0.083 0.001 0.032 0.010 0.017 0.036 0.810 
 425 I _   0.011 0.076 0.001 0.028 0.009 0.016 0.036 0.823 
 426 D _   0.011 0.066 0.001 0.022 0.008 0.015 0.037 0.841 
 427 K _   0.010 0.055 0.001 0.017 0.006 0.014 0.037 0.860 
 428 A _   0.010 0.043 0.001 0.012 0.005 0.013 0.038 0.878 
 429 K _   0.010 0.034 0.001 0.009 0.004 0.012 0.038 0.892 
 430 C _   0.009 0.028 0.000 0.007 0.004 0.012 0.038 0.901 
 431 C _   0.010 0.025 0.000 0.006 0.003 0.013 0.038 0.904 
 432 G _   0.010 0.024 0.000 0.006 0.004 0.014 0.038 0.903 
 433 K _   0.012 0.025 0.000 0.007 0.005 0.016 0.037 0.898 
 434 E _   0.014 0.027 0.001 0.010 0.006 0.018 0.037 0.889 
 435 H _   0.016 0.031 0.001 0.013 0.008 0.020 0.036 0.876 
 436 L _   0.017 0.035 0.001 0.017 0.010 0.023 0.035 0.861 
 437 I _   0.019 0.040 0.001 0.022 0.012 0.025 0.034 0.847 
 438 E _   0.020 0.044 0.001 0.027 0.015 0.027 0.034 0.833 
 439 N _   0.022 0.047 0.001 0.031 0.016 0.027 0.033 0.822 
 440 E _   0.023 0.048 0.001 0.034 0.017 0.028 0.033 0.817 
 441 V _   0.023 0.048 0.001 0.034 0.017 0.027 0.033 0.817 
 442 S _   0.024 0.045 0.001 0.032 0.016 0.026 0.033 0.823 
 443 I _   0.024 0.040 0.001 0.029 0.014 0.025 0.033 0.834 
 444 L _   0.023 0.033 0.001 0.024 0.012 0.023 0.034 0.849 
 445 R _   0.023 0.024 0.001 0.018 0.010 0.021 0.034 0.867 
 446 R _   0.022 0.016 0.001 0.013 0.008 0.020 0.035 0.886 
 447 V _   0.021 0.009 0.001 0.009 0.006 0.018 0.035 0.900 
 448 K _   0.022 0.005 0.001 0.006 0.005 0.018 0.036 0.909 
 449 H _   0.023 0.002 0.000 0.005 0.004 0.018 0.036 0.912 
 450 P _   0.026 0.001 0.000 0.004 0.004 0.018 0.036 0.910 
 451 N _   0.032 0.001 0.001 0.004 0.005 0.020 0.035 0.903 
 452 I _   0.040 0.001 0.001 0.005 0.006 0.022 0.035 0.891 
 453 I _   0.051 0.001 0.001 0.006 0.007 0.025 0.035 0.875 
 454 M _   0.064 0.001 0.001 0.007 0.009 0.028 0.034 0.855 
 455 L _   0.081 0.001 0.001 0.008 0.011 0.032 0.034 0.833 
 456 V _   0.100 0.001 0.001 0.007 0.013 0.035 0.033 0.810 
 457 E _   0.122 0.001 0.001 0.007 0.014 0.038 0.032 0.786 
 458 E _   0.146 0.000 0.001 0.005 0.015 0.040 0.032 0.760 
 459 M _   0.174 0.000 0.001 0.004 0.017 0.042 0.031 0.731 
 460 E _   0.204 0.000 0.001 0.003 0.019 0.045 0.030 0.697 
 461 T _   0.236 0.000 0.001 0.003 0.022 0.048 0.030 0.659 
 462 A _   0.266 0.000 0.001 0.003 0.027 0.051 0.030 0.621 
 463 T _   0.294 0.001 0.002 0.004 0.032 0.053 0.031 0.584 
 464 E _   0.317 0.001 0.002 0.006 0.038 0.054 0.031 0.551 
 465 L _   0.330 0.002 0.002 0.009 0.042 0.055 0.033 0.527 
 466 F _   0.335 0.004 0.002 0.013 0.045 0.054 0.035 0.514 
 467 L _   0.330 0.005 0.002 0.016 0.045 0.051 0.037 0.513 
 468 V _   0.316 0.006 0.002 0.017 0.042 0.048 0.040 0.528 
 469 M _   0.294 0.006 0.002 0.017 0.037 0.044 0.043 0.556 
 470 E _   0.262 0.005 0.002 0.016 0.031 0.039 0.047 0.597 
 471 L _   0.224 0.004 0.002 0.013 0.024 0.034 0.051 0.647 
 472 V _   0.184 0.003 0.001 0.010 0.017 0.030 0.055 0.699 
 473 K _   0.146 0.002 0.001 0.008 0.012 0.026 0.059 0.746 
 474 G _   0.112 0.001 0.001 0.007 0.009 0.022 0.062 0.785 
 475 G _   0.085 0.001 0.001 0.007 0.007 0.019 0.065 0.815 
 476 D _   0.064 0.001 0.001 0.007 0.006 0.017 0.068 0.835 
 477 L _   0.049 0.001 0.001 0.008 0.005 0.016 0.071 0.849 
 478 F _   0.037 0.002 0.001 0.009 0.005 0.014 0.073 0.859 
 479 D _   0.028 0.002 0.001 0.010 0.005 0.013 0.075 0.867 
 480 A _   0.021 0.002 0.001 0.011 0.004 0.012 0.077 0.873 
 481 I _   0.016 0.002 0.000 0.011 0.004 0.010 0.079 0.879 
 482 T _   0.012 0.002 0.000 0.009 0.003 0.009 0.080 0.884 
 483 S _   0.010 0.002 0.000 0.008 0.003 0.008 0.081 0.890 
 484 S _   0.008 0.001 0.000 0.006 0.002 0.007 0.082 0.894 
 485 T _   0.006 0.001 0.000 0.004 0.002 0.006 0.082 0.898 
 486 K _   0.006 0.001 0.000 0.003 0.002 0.006 0.082 0.900 
 487 Y _   0.005 0.001 0.000 0.003 0.001 0.007 0.081 0.901 
 488 T _   0.006 0.001 0.000 0.003 0.002 0.008 0.080 0.900 
 489 E _   0.007 0.003 0.000 0.004 0.002 0.011 0.079 0.894 
 490 R _   0.009 0.006 0.000 0.006 0.004 0.015 0.077 0.884 
 491 D _   0.013 0.013 0.001 0.009 0.006 0.021 0.075 0.864 
 492 G _   0.017 0.026 0.001 0.014 0.010 0.027 0.072 0.833 
 493 S _   0.022 0.047 0.001 0.021 0.015 0.034 0.068 0.791 
 494 A _   0.027 0.070 0.002 0.030 0.020 0.040 0.065 0.746 
 495 M _   0.031 0.091 0.002 0.037 0.025 0.046 0.061 0.706 
 496 V _   0.036 0.107 0.002 0.042 0.029 0.049 0.059 0.676 
 497 Y _   0.040 0.117 0.002 0.044 0.032 0.052 0.056 0.657 
 498 N _   0.044 0.121 0.002 0.043 0.034 0.053 0.055 0.648 
 499 L _   0.048 0.122 0.002 0.040 0.034 0.053 0.054 0.646 
 500 A _   0.052 0.120 0.002 0.036 0.034 0.053 0.053 0.651 
 501 N _   0.055 0.116 0.002 0.031 0.032 0.052 0.052 0.660 
 502 A _   0.058 0.109 0.002 0.026 0.030 0.050 0.052 0.673 
 503 L _   0.059 0.102 0.002 0.023 0.027 0.048 0.052 0.688 
 504 R _   0.058 0.095 0.002 0.021 0.024 0.045 0.053 0.704 
 505 Y _   0.055 0.088 0.001 0.020 0.022 0.041 0.053 0.719 
 506 L _   0.051 0.082 0.001 0.021 0.019 0.038 0.054 0.733 
 507 H _   0.047 0.077 0.001 0.021 0.017 0.034 0.055 0.748 
 508 G _   0.042 0.070 0.001 0.022 0.015 0.031 0.056 0.764 
 509 L _   0.037 0.063 0.001 0.021 0.013 0.027 0.057 0.782 
 510 S _   0.032 0.054 0.001 0.019 0.011 0.024 0.058 0.801 
 511 I _   0.027 0.044 0.001 0.017 0.009 0.020 0.059 0.823 
 512 V _   0.023 0.034 0.001 0.014 0.007 0.017 0.060 0.844 
 513 H _   0.019 0.025 0.001 0.010 0.005 0.015 0.061 0.863 
 514 R _   0.016 0.019 0.001 0.008 0.004 0.013 0.062 0.879 
 515 D _   0.013 0.014 0.000 0.006 0.003 0.011 0.062 0.889 
 516 I _   0.012 0.012 0.000 0.006 0.003 0.011 0.062 0.894 
 517 K _   0.011 0.011 0.000 0.006 0.003 0.011 0.062 0.896 
 518 P _   0.011 0.011 0.000 0.007 0.004 0.011 0.062 0.893 
 519 E _   0.011 0.012 0.001 0.010 0.004 0.012 0.062 0.888 
 520 N _   0.012 0.014 0.001 0.014 0.005 0.013 0.061 0.880 
 521 L _   0.012 0.016 0.001 0.018 0.006 0.013 0.061 0.873 
 522 L _   0.012 0.017 0.001 0.022 0.007 0.013 0.061 0.868 
 523 V _   0.011 0.017 0.001 0.023 0.007 0.013 0.061 0.867 
 524 C _   0.010 0.016 0.001 0.022 0.006 0.012 0.061 0.872 
 525 E _   0.009 0.014 0.001 0.018 0.005 0.011 0.061 0.880 
 526 Y _   0.008 0.011 0.001 0.014 0.004 0.009 0.062 0.891 
 527 P _   0.007 0.008 0.000 0.010 0.003 0.008 0.062 0.902 
 528 D _   0.006 0.006 0.000 0.006 0.002 0.007 0.061 0.911 
 529 G _   0.006 0.004 0.000 0.004 0.002 0.007 0.061 0.916 
 530 T _   0.006 0.003 0.000 0.003 0.002 0.007 0.060 0.919 
 531 K _   0.006 0.003 0.000 0.003 0.002 0.008 0.059 0.919 
 532 S _   0.007 0.003 0.000 0.004 0.002 0.010 0.058 0.916 
 533 L _   0.009 0.005 0.000 0.005 0.003 0.013 0.056 0.908 
 534 K _   0.011 0.008 0.001 0.008 0.005 0.017 0.054 0.896 
 535 L _   0.014 0.014 0.001 0.013 0.007 0.022 0.051 0.877 
 536 G _   0.017 0.023 0.001 0.019 0.011 0.028 0.048 0.854 
 537 D _   0.020 0.032 0.001 0.025 0.015 0.033 0.045 0.829 
 538 F _   0.023 0.040 0.001 0.031 0.019 0.038 0.041 0.806 
 539 G _   0.027 0.045 0.002 0.036 0.023 0.042 0.039 0.787 
 540 L _   0.030 0.049 0.002 0.039 0.026 0.045 0.036 0.773 
 541 A _   0.034 0.050 0.002 0.039 0.029 0.048 0.034 0.765 
 542 T _   0.038 0.050 0.002 0.037 0.030 0.049 0.032 0.763 
 543 V _   0.041 0.047 0.002 0.034 0.030 0.049 0.031 0.765 
 544 V _   0.045 0.044 0.002 0.030 0.029 0.049 0.030 0.771 
 545 E _   0.047 0.040 0.002 0.027 0.028 0.048 0.029 0.781 
 546 G _   0.049 0.035 0.002 0.023 0.025 0.046 0.028 0.792 
 547 P _   0.050 0.029 0.002 0.020 0.023 0.045 0.027 0.804 
 548 L _   0.049 0.024 0.001 0.018 0.021 0.042 0.027 0.818 
 549 Y _   0.048 0.019 0.001 0.015 0.018 0.040 0.026 0.832 
 550 T _   0.046 0.014 0.001 0.013 0.016 0.037 0.026 0.847 
 551 V _   0.043 0.010 0.001 0.012 0.014 0.035 0.025 0.860 
 552 C _   0.040 0.008 0.001 0.010 0.012 0.033 0.025 0.871 
 553 G _   0.037 0.006 0.001 0.009 0.011 0.031 0.024 0.881 
 554 T _   0.035 0.004 0.001 0.008 0.010 0.029 0.024 0.889 
 555 P _   0.034 0.003 0.001 0.008 0.009 0.028 0.023 0.894 
 556 T _   0.033 0.003 0.001 0.008 0.009 0.028 0.022 0.896 
 557 Y _   0.033 0.003 0.001 0.008 0.010 0.028 0.021 0.896 
 558 V _   0.035 0.003 0.001 0.009 0.010 0.028 0.020 0.894 
 559 A _   0.036 0.003 0.001 0.011 0.012 0.029 0.020 0.889 
 560 P _   0.040 0.003 0.001 0.013 0.013 0.029 0.019 0.884 
 561 E _   0.044 0.003 0.001 0.014 0.014 0.029 0.018 0.877 
 562 I _   0.049 0.003 0.001 0.015 0.014 0.028 0.017 0.872 
 563 I _   0.056 0.003 0.001 0.015 0.014 0.028 0.016 0.867 
 564 A _   0.065 0.003 0.001 0.014 0.014 0.026 0.015 0.863 
 565 E _   0.075 0.002 0.001 0.011 0.012 0.024 0.014 0.860 
 566 T _   0.089 0.001 0.001 0.008 0.010 0.022 0.013 0.855 
 567 G _   0.108 0.001 0.001 0.006 0.009 0.020 0.012 0.844 
 568 Y _   0.132 0.000 0.001 0.003 0.008 0.018 0.011 0.826 
 569 G _   0.167 0.000 0.001 0.002 0.007 0.017 0.010 0.797 
 570 L _   0.214 0.000 0.001 0.001 0.006 0.016 0.008 0.753 
 571 K _   0.276 0.000 0.001 0.001 0.007 0.015 0.007 0.693 
 572 V _   0.356 0.000 0.001 0.001 0.008 0.014 0.006 0.614 
 573 D _   0.449 0.000 0.001 0.001 0.009 0.014 0.005 0.521 
 574 I H   0.552 0.000 0.001 0.001 0.010 0.013 0.004 0.418 
 575 W H   0.653 0.000 0.001 0.001 0.012 0.013 0.003 0.318 
 576 A H   0.736 0.000 0.001 0.001 0.014 0.012 0.003 0.234 
 577 A H   0.800 0.000 0.001 0.001 0.015 0.011 0.002 0.170 
 578 G H   0.844 0.000 0.001 0.001 0.016 0.010 0.002 0.126 
 579 V H   0.871 0.000 0.001 0.001 0.017 0.009 0.002 0.098 
 580 I H   0.886 0.000 0.001 0.001 0.018 0.009 0.002 0.084 
 581 T H   0.889 0.000 0.001 0.001 0.019 0.008 0.003 0.079 
 582 Y H   0.882 0.000 0.001 0.001 0.020 0.008 0.003 0.084 
 583 I H   0.863 0.000 0.001 0.001 0.022 0.009 0.005 0.100 
 584 L H   0.827 0.000 0.002 0.002 0.023 0.010 0.007 0.131 
 585 L H   0.769 0.000 0.002 0.002 0.023 0.011 0.010 0.182 
 586 C H   0.688 0.000 0.002 0.003 0.022 0.012 0.016 0.257 
 587 G H   0.584 0.000 0.002 0.005 0.020 0.012 0.024 0.354 
 588 F H   0.466 0.000 0.002 0.005 0.015 0.012 0.034 0.466 
 589 P _   0.346 0.000 0.001 0.005 0.011 0.011 0.045 0.580 
 590 P _   0.238 0.000 0.001 0.005 0.007 0.010 0.055 0.683 
 591 F _   0.152 0.000 0.001 0.004 0.005 0.009 0.064 0.765 
 592 R _   0.091 0.000 0.001 0.004 0.003 0.007 0.071 0.824 
 593 S _   0.051 0.000 0.000 0.003 0.002 0.006 0.076 0.861 
 594 E _   0.029 0.000 0.000 0.003 0.002 0.006 0.079 0.881 
 595 N _   0.017 0.001 0.000 0.002 0.001 0.006 0.082 0.891 
 596 N _   0.011 0.002 0.000 0.003 0.002 0.006 0.084 0.892 
 597 L _   0.009 0.005 0.000 0.004 0.002 0.007 0.085 0.888 
 598 Q _   0.008 0.011 0.000 0.006 0.003 0.009 0.085 0.877 
 599 E _   0.009 0.023 0.001 0.010 0.004 0.012 0.085 0.856 
 600 D _   0.009 0.045 0.001 0.016 0.006 0.014 0.085 0.824 
 601 L _   0.009 0.075 0.001 0.023 0.008 0.017 0.084 0.783 
 602 F _   0.009 0.109 0.001 0.031 0.010 0.019 0.083 0.739 
 603 D _   0.009 0.139 0.001 0.038 0.011 0.020 0.082 0.699 
 604 Q _   0.009 0.164 0.001 0.044 0.013 0.021 0.082 0.666 
 605 I _   0.010 0.181 0.001 0.049 0.014 0.021 0.082 0.641 
 606 L _   0.010 0.192 0.001 0.053 0.014 0.022 0.083 0.625 
 607 A _   0.010 0.196 0.001 0.054 0.015 0.022 0.085 0.617 
 608 G _   0.010 0.196 0.001 0.053 0.014 0.021 0.087 0.616 
 609 K _   0.011 0.192 0.001 0.050 0.014 0.020 0.091 0.621 
 610 L _   0.011 0.182 0.001 0.046 0.013 0.019 0.095 0.633 
 611 E _   0.011 0.166 0.001 0.040 0.012 0.018 0.100 0.651 
 612 F _   0.011 0.145 0.001 0.034 0.010 0.016 0.107 0.675 
 613 P _   0.011 0.118 0.001 0.028 0.009 0.015 0.114 0.705 
 614 A _   0.010 0.090 0.001 0.022 0.007 0.014 0.121 0.735 
 615 P _   0.010 0.064 0.001 0.017 0.006 0.012 0.128 0.764 
 616 Y _   0.009 0.042 0.001 0.012 0.004 0.011 0.134 0.787 
 617 W _   0.008 0.027 0.000 0.009 0.003 0.010 0.139 0.804 
 618 D _   0.007 0.018 0.000 0.006 0.003 0.009 0.143 0.814 
 619 N _   0.007 0.012 0.000 0.005 0.002 0.009 0.146 0.819 
 620 I _   0.007 0.010 0.000 0.004 0.002 0.010 0.148 0.820 
 621 T _   0.007 0.008 0.000 0.004 0.002 0.011 0.150 0.817 
 622 D _   0.009 0.008 0.000 0.004 0.003 0.013 0.151 0.811 
 623 S _   0.011 0.009 0.000 0.006 0.004 0.017 0.152 0.801 
 624 A _   0.014 0.012 0.001 0.008 0.006 0.021 0.153 0.786 
 625 K _   0.019 0.016 0.001 0.010 0.008 0.026 0.154 0.766 
 626 E _   0.023 0.023 0.001 0.014 0.012 0.032 0.154 0.741 
 627 L _   0.028 0.030 0.001 0.018 0.016 0.037 0.155 0.715 
 628 I _   0.033 0.038 0.001 0.023 0.019 0.042 0.156 0.688 
 629 S _   0.038 0.045 0.002 0.025 0.023 0.046 0.157 0.665 
 630 Q _   0.042 0.050 0.002 0.027 0.025 0.048 0.159 0.647 
 631 M _   0.045 0.054 0.002 0.027 0.026 0.050 0.162 0.635 
 632 L _   0.048 0.056 0.002 0.025 0.026 0.050 0.166 0.628 
 633 Q _   0.050 0.056 0.002 0.023 0.025 0.050 0.170 0.624 
 634 V _   0.051 0.056 0.002 0.020 0.024 0.050 0.174 0.623 
 635 N _   0.052 0.056 0.001 0.018 0.022 0.049 0.179 0.623 
 636 V _   0.053 0.056 0.001 0.016 0.021 0.048 0.184 0.621 
 637 E _   0.054 0.057 0.001 0.015 0.020 0.047 0.190 0.617 
 638 A _   0.053 0.059 0.001 0.016 0.019 0.046 0.195 0.610 
 639 R _   0.051 0.062 0.001 0.018 0.019 0.044 0.201 0.603 
 640 C _   0.048 0.065 0.001 0.020 0.019 0.042 0.208 0.595 
 641 T _   0.045 0.069 0.001 0.024 0.019 0.040 0.215 0.586 
 642 A _   0.041 0.072 0.001 0.028 0.019 0.037 0.223 0.578 
 643 G _   0.037 0.075 0.001 0.032 0.018 0.034 0.231 0.571 
 644 Q _   0.032 0.075 0.001 0.034 0.017 0.031 0.241 0.568 
 645 I _   0.028 0.074 0.001 0.035 0.016 0.027 0.252 0.566 
 646 L _   0.024 0.070 0.001 0.034 0.014 0.024 0.264 0.568 
 647 S _   0.020 0.064 0.001 0.031 0.011 0.020 0.278 0.574 
 648 H _   0.017 0.056 0.001 0.027 0.009 0.017 0.293 0.581 
 649 P _   0.014 0.045 0.001 0.022 0.007 0.014 0.308 0.590 
 650 W _   0.011 0.034 0.001 0.016 0.005 0.011 0.323 0.599 
 651 V _   0.009 0.024 0.001 0.011 0.003 0.008 0.336 0.607 
 652 S _   0.007 0.016 0.000 0.007 0.002 0.007 0.347 0.613 
 653 D _   0.006 0.011 0.000 0.005 0.002 0.005 0.356 0.615 
 654 D _   0.005 0.008 0.000 0.003 0.001 0.004 0.362 0.616 
 655 A _   0.004 0.007 0.000 0.003 0.001 0.004 0.367 0.614 
 656 S _   0.003 0.007 0.000 0.003 0.001 0.004 0.370 0.612 
 657 Q _   0.003 0.008 0.000 0.003 0.001 0.004 0.373 0.608 
 658 E _   0.003 0.010 0.000 0.004 0.001 0.005 0.374 0.602 
 659 N _   0.004 0.014 0.000 0.007 0.002 0.006 0.375 0.593 
 660 N _   0.004 0.021 0.000 0.011 0.003 0.008 0.374 0.579 
 661 M _   0.005 0.032 0.000 0.016 0.004 0.009 0.374 0.560 
 662 Q _   0.005 0.044 0.001 0.023 0.005 0.011 0.372 0.539 
 663 A _   0.005 0.054 0.001 0.030 0.006 0.012 0.372 0.521 
