#TopoPred_TM8: 8-state transmembrane topology prediction results by no_profile mode 
#probabilities are in the order of H E C I L F X _, the 8 transmembrane topology types used in PDBTM 
   1 M _   0.029 0.000 0.003 0.025 0.013 0.014 0.316 0.600 
   2 V _   0.014 0.000 0.000 0.009 0.003 0.007 0.320 0.648 
   3 S _   0.013 0.000 0.000 0.003 0.001 0.005 0.316 0.662 
   4 Y _   0.033 0.000 0.000 0.002 0.002 0.006 0.301 0.656 
   5 W _   0.095 0.000 0.001 0.001 0.005 0.009 0.269 0.620 
   6 D _   0.222 0.000 0.001 0.001 0.009 0.012 0.216 0.538 
   7 T _   0.399 0.000 0.002 0.001 0.012 0.014 0.159 0.414 
   8 G H   0.581 0.000 0.002 0.001 0.013 0.013 0.105 0.284 
   9 V H   0.724 0.000 0.002 0.001 0.014 0.012 0.066 0.181 
  10 L H   0.814 0.000 0.001 0.001 0.015 0.010 0.043 0.116 
  11 L H   0.866 0.000 0.001 0.001 0.015 0.008 0.030 0.079 
  12 C H   0.894 0.000 0.001 0.000 0.014 0.007 0.023 0.060 
  13 A H   0.909 0.000 0.001 0.000 0.014 0.006 0.019 0.051 
  14 L H   0.913 0.000 0.001 0.000 0.014 0.005 0.017 0.049 
  15 L H   0.910 0.000 0.001 0.000 0.014 0.005 0.015 0.055 
  16 S H   0.898 0.000 0.001 0.000 0.015 0.005 0.014 0.067 
  17 C H   0.875 0.000 0.001 0.000 0.015 0.005 0.014 0.089 
  18 L H   0.839 0.000 0.001 0.001 0.015 0.006 0.014 0.124 
  19 L H   0.782 0.000 0.001 0.001 0.015 0.007 0.016 0.178 
  20 L H   0.704 0.000 0.001 0.001 0.015 0.008 0.018 0.253 
  21 T H   0.605 0.000 0.001 0.002 0.013 0.008 0.021 0.349 
  22 G H   0.491 0.000 0.001 0.002 0.011 0.009 0.026 0.460 
  23 S _   0.373 0.000 0.001 0.003 0.008 0.008 0.031 0.576 
  24 S _   0.266 0.000 0.001 0.003 0.006 0.008 0.036 0.680 
  25 S _   0.178 0.000 0.001 0.003 0.004 0.007 0.041 0.767 
  26 G _   0.112 0.000 0.000 0.003 0.003 0.006 0.044 0.831 
  27 S _   0.067 0.000 0.000 0.003 0.002 0.006 0.047 0.874 
  28 K _   0.040 0.000 0.000 0.003 0.002 0.006 0.048 0.901 
  29 L _   0.024 0.001 0.000 0.003 0.002 0.006 0.049 0.916 
  30 K _   0.016 0.002 0.000 0.003 0.001 0.006 0.050 0.922 
  31 D _   0.011 0.004 0.000 0.004 0.002 0.007 0.050 0.923 
  32 P _   0.010 0.008 0.000 0.005 0.002 0.009 0.049 0.918 
  33 E _   0.009 0.017 0.000 0.007 0.003 0.011 0.048 0.904 
  34 L _   0.010 0.036 0.001 0.010 0.005 0.014 0.046 0.878 
  35 S _   0.011 0.070 0.001 0.015 0.007 0.017 0.043 0.835 
  36 L _   0.012 0.124 0.001 0.021 0.010 0.020 0.040 0.772 
  37 K _   0.012 0.193 0.002 0.028 0.013 0.022 0.036 0.694 
  38 G _   0.012 0.267 0.002 0.033 0.015 0.023 0.032 0.617 
  39 T _   0.011 0.336 0.002 0.037 0.016 0.023 0.028 0.546 
  40 Q _   0.011 0.390 0.002 0.040 0.016 0.023 0.026 0.492 
  41 H _   0.011 0.427 0.001 0.042 0.016 0.022 0.024 0.456 
  42 I E   0.010 0.451 0.001 0.042 0.015 0.021 0.023 0.436 
  43 M E   0.010 0.463 0.001 0.042 0.015 0.020 0.022 0.427 
  44 Q E   0.010 0.467 0.001 0.040 0.014 0.019 0.022 0.427 
  45 A E   0.010 0.466 0.001 0.037 0.013 0.018 0.022 0.434 
  46 G E   0.010 0.459 0.001 0.033 0.012 0.017 0.022 0.446 
  47 Q _   0.010 0.446 0.001 0.030 0.011 0.016 0.022 0.464 
  48 T _   0.010 0.427 0.001 0.027 0.010 0.015 0.023 0.487 
  49 L _   0.010 0.404 0.001 0.024 0.009 0.015 0.024 0.513 
  50 H _   0.011 0.378 0.001 0.022 0.008 0.014 0.025 0.541 
  51 L _   0.011 0.350 0.001 0.020 0.008 0.014 0.026 0.571 
  52 Q _   0.010 0.323 0.001 0.018 0.007 0.013 0.027 0.601 
  53 C _   0.010 0.297 0.001 0.016 0.006 0.012 0.028 0.629 
  54 R _   0.009 0.273 0.001 0.015 0.005 0.012 0.029 0.656 
  55 G _   0.009 0.253 0.001 0.013 0.005 0.011 0.030 0.678 
  56 E _   0.008 0.237 0.001 0.012 0.004 0.011 0.031 0.697 
  57 A _   0.008 0.224 0.001 0.011 0.004 0.010 0.032 0.711 
  58 A _   0.008 0.214 0.000 0.010 0.004 0.010 0.032 0.722 
  59 H _   0.007 0.207 0.000 0.010 0.004 0.010 0.032 0.729 
  60 K _   0.007 0.202 0.000 0.010 0.004 0.010 0.033 0.734 
  61 W _   0.007 0.199 0.000 0.011 0.004 0.010 0.033 0.737 
  62 S _   0.007 0.196 0.000 0.011 0.004 0.010 0.033 0.738 
  63 L _   0.007 0.195 0.000 0.012 0.004 0.010 0.033 0.739 
  64 P _   0.007 0.194 0.001 0.012 0.004 0.010 0.033 0.740 
  65 E _   0.007 0.192 0.001 0.012 0.004 0.010 0.033 0.741 
  66 M _   0.007 0.191 0.000 0.012 0.004 0.010 0.033 0.743 
  67 V _   0.007 0.190 0.000 0.011 0.004 0.010 0.033 0.745 
  68 S _   0.007 0.189 0.000 0.011 0.004 0.010 0.033 0.746 
  69 K _   0.007 0.189 0.000 0.011 0.004 0.010 0.032 0.745 
  70 E _   0.007 0.190 0.001 0.012 0.004 0.011 0.032 0.743 
  71 S _   0.007 0.193 0.001 0.013 0.005 0.011 0.032 0.738 
  72 E _   0.008 0.197 0.001 0.015 0.005 0.011 0.032 0.732 
  73 R _   0.008 0.202 0.001 0.017 0.006 0.012 0.031 0.724 
  74 L _   0.008 0.206 0.001 0.019 0.006 0.012 0.031 0.718 
  75 S _   0.008 0.209 0.001 0.020 0.006 0.012 0.031 0.714 
  76 I _   0.008 0.209 0.001 0.021 0.006 0.011 0.031 0.713 
  77 T _   0.007 0.208 0.001 0.020 0.006 0.011 0.031 0.715 
  78 K _   0.007 0.204 0.001 0.019 0.005 0.011 0.032 0.722 
  79 S _   0.007 0.198 0.001 0.016 0.005 0.010 0.032 0.732 
  80 A _   0.006 0.190 0.001 0.013 0.004 0.010 0.032 0.744 
  81 C _   0.006 0.183 0.000 0.010 0.004 0.010 0.032 0.754 
  82 G _   0.006 0.178 0.000 0.009 0.003 0.010 0.032 0.761 
  83 R _   0.006 0.176 0.000 0.008 0.003 0.010 0.032 0.764 
  84 N _   0.007 0.178 0.000 0.008 0.004 0.012 0.032 0.760 
  85 G _   0.008 0.184 0.001 0.010 0.004 0.013 0.031 0.750 
  86 K _   0.009 0.195 0.001 0.013 0.006 0.015 0.031 0.731 
  87 Q _   0.009 0.214 0.001 0.018 0.008 0.017 0.030 0.704 
  88 F _   0.010 0.236 0.001 0.025 0.010 0.018 0.028 0.672 
  89 C _   0.010 0.259 0.001 0.032 0.012 0.019 0.027 0.640 
  90 S _   0.010 0.276 0.001 0.038 0.013 0.020 0.027 0.615 
  91 T _   0.010 0.287 0.001 0.044 0.014 0.020 0.026 0.598 
  92 L _   0.010 0.291 0.001 0.046 0.014 0.019 0.026 0.591 
  93 T _   0.010 0.289 0.001 0.046 0.014 0.019 0.026 0.594 
  94 L _   0.011 0.281 0.001 0.044 0.013 0.018 0.027 0.605 
  95 N _   0.011 0.264 0.001 0.040 0.012 0.017 0.028 0.627 
  96 T _   0.011 0.237 0.001 0.034 0.011 0.016 0.029 0.660 
  97 A _   0.011 0.200 0.001 0.027 0.010 0.015 0.031 0.704 
  98 Q _   0.011 0.160 0.001 0.020 0.008 0.014 0.033 0.752 
  99 A _   0.011 0.125 0.001 0.015 0.006 0.013 0.035 0.794 
 100 N _   0.011 0.100 0.001 0.011 0.005 0.013 0.037 0.824 
 101 H _   0.010 0.085 0.000 0.008 0.004 0.012 0.038 0.842 
 102 T _   0.010 0.078 0.000 0.008 0.004 0.012 0.039 0.850 
 103 G _   0.010 0.075 0.000 0.009 0.004 0.013 0.039 0.850 
 104 F _   0.011 0.075 0.001 0.012 0.005 0.014 0.039 0.844 
 105 Y _   0.011 0.077 0.001 0.016 0.006 0.015 0.039 0.835 
 106 S _   0.011 0.079 0.001 0.022 0.007 0.016 0.039 0.824 
 107 C _   0.012 0.081 0.001 0.028 0.009 0.016 0.040 0.815 
 108 K _   0.011 0.081 0.001 0.032 0.009 0.016 0.040 0.810 
 109 Y _   0.011 0.078 0.001 0.033 0.009 0.015 0.041 0.812 
 110 L _   0.010 0.073 0.001 0.031 0.008 0.014 0.042 0.821 
 111 A _   0.010 0.063 0.001 0.026 0.007 0.012 0.043 0.837 
 112 V _   0.009 0.050 0.001 0.020 0.006 0.011 0.044 0.860 
 113 P _   0.008 0.034 0.001 0.014 0.004 0.009 0.046 0.884 
 114 T _   0.007 0.021 0.000 0.009 0.003 0.008 0.046 0.905 
 115 S _   0.006 0.013 0.000 0.005 0.002 0.008 0.047 0.919 
 116 K _   0.006 0.009 0.000 0.003 0.002 0.008 0.047 0.926 
 117 K _   0.006 0.007 0.000 0.003 0.002 0.009 0.047 0.926 
 118 K _   0.008 0.007 0.000 0.003 0.002 0.012 0.046 0.921 
 119 E _   0.011 0.010 0.000 0.005 0.004 0.016 0.045 0.909 
 120 T _   0.015 0.017 0.001 0.010 0.007 0.021 0.044 0.885 
 121 E _   0.020 0.033 0.001 0.019 0.013 0.028 0.042 0.845 
 122 S _   0.024 0.055 0.002 0.032 0.018 0.033 0.039 0.796 
 123 A _   0.027 0.077 0.002 0.046 0.023 0.037 0.037 0.751 
 124 I _   0.028 0.092 0.002 0.057 0.026 0.039 0.036 0.720 
 125 Y _   0.028 0.100 0.002 0.063 0.028 0.040 0.034 0.706 
 126 I _   0.028 0.102 0.002 0.063 0.028 0.039 0.034 0.706 
 127 F _   0.027 0.098 0.002 0.057 0.026 0.037 0.033 0.719 
 128 I _   0.026 0.090 0.002 0.047 0.023 0.035 0.033 0.744 
 129 S _   0.025 0.076 0.002 0.036 0.019 0.032 0.033 0.777 
 130 D _   0.024 0.059 0.001 0.026 0.015 0.030 0.034 0.812 
 131 T _   0.022 0.042 0.001 0.018 0.012 0.027 0.034 0.844 
 132 G _   0.021 0.030 0.001 0.012 0.009 0.026 0.034 0.867 
 133 R _   0.020 0.022 0.001 0.009 0.008 0.024 0.034 0.881 
 134 P _   0.020 0.018 0.001 0.008 0.007 0.024 0.034 0.888 
 135 F _   0.020 0.016 0.001 0.008 0.007 0.023 0.034 0.891 
 136 V _   0.021 0.015 0.001 0.009 0.007 0.024 0.034 0.890 
 137 E _   0.021 0.015 0.001 0.010 0.008 0.024 0.033 0.888 
 138 M _   0.021 0.015 0.001 0.012 0.009 0.024 0.033 0.885 
 139 Y _   0.022 0.015 0.001 0.013 0.010 0.025 0.033 0.882 
 140 S _   0.022 0.016 0.001 0.014 0.010 0.025 0.032 0.880 
 141 E _   0.022 0.016 0.001 0.014 0.010 0.025 0.032 0.879 
 142 I _   0.022 0.016 0.001 0.014 0.010 0.025 0.032 0.880 
 143 P _   0.023 0.016 0.001 0.013 0.010 0.026 0.031 0.880 
 144 E _   0.024 0.016 0.001 0.013 0.010 0.026 0.031 0.880 
 145 I _   0.025 0.016 0.001 0.012 0.010 0.026 0.031 0.879 
 146 I _   0.026 0.016 0.001 0.012 0.010 0.027 0.031 0.878 
 147 H _   0.027 0.016 0.001 0.012 0.010 0.028 0.031 0.875 
 148 M _   0.028 0.017 0.001 0.012 0.011 0.029 0.030 0.872 
 149 T _   0.029 0.018 0.001 0.012 0.012 0.030 0.030 0.868 
 150 E _   0.030 0.020 0.001 0.013 0.013 0.031 0.030 0.863 
 151 G _   0.030 0.022 0.001 0.014 0.014 0.031 0.030 0.858 
 152 R _   0.030 0.024 0.001 0.016 0.014 0.032 0.030 0.852 
 153 E _   0.030 0.027 0.001 0.018 0.015 0.032 0.029 0.847 
 154 L _   0.031 0.029 0.001 0.019 0.015 0.032 0.029 0.844 
 155 V _   0.030 0.031 0.001 0.020 0.016 0.032 0.029 0.842 
 156 I _   0.030 0.032 0.001 0.020 0.015 0.031 0.030 0.842 
 157 P _   0.029 0.032 0.001 0.019 0.014 0.030 0.030 0.846 
 158 C _   0.028 0.032 0.001 0.017 0.013 0.028 0.030 0.850 
 159 R _   0.027 0.031 0.001 0.016 0.012 0.027 0.030 0.855 
 160 V _   0.026 0.030 0.001 0.015 0.012 0.027 0.031 0.859 
 161 T _   0.026 0.029 0.001 0.014 0.011 0.026 0.031 0.862 
 162 S _   0.025 0.029 0.001 0.013 0.011 0.025 0.032 0.864 
 163 P _   0.024 0.029 0.001 0.014 0.011 0.025 0.032 0.864 
 164 N _   0.024 0.029 0.001 0.015 0.011 0.025 0.033 0.862 
 165 I _   0.024 0.030 0.001 0.017 0.011 0.024 0.033 0.859 
 166 T _   0.024 0.031 0.001 0.019 0.011 0.023 0.034 0.857 
 167 V _   0.022 0.031 0.001 0.021 0.011 0.022 0.035 0.857 
 168 T _   0.021 0.031 0.001 0.021 0.010 0.021 0.035 0.860 
 169 L _   0.019 0.029 0.001 0.020 0.010 0.019 0.036 0.866 
 170 K _   0.017 0.027 0.001 0.019 0.009 0.017 0.037 0.873 
 171 K _   0.015 0.024 0.001 0.017 0.007 0.015 0.038 0.883 
 172 F _   0.013 0.021 0.001 0.014 0.006 0.013 0.039 0.893 
 173 P _   0.011 0.018 0.001 0.012 0.005 0.012 0.040 0.902 
 174 L _   0.010 0.015 0.001 0.010 0.004 0.011 0.040 0.909 
 175 D _   0.009 0.012 0.000 0.009 0.004 0.010 0.041 0.915 
 176 T _   0.009 0.011 0.000 0.008 0.003 0.009 0.042 0.919 
 177 L _   0.008 0.009 0.000 0.007 0.003 0.009 0.042 0.921 
 178 I _   0.008 0.009 0.000 0.007 0.003 0.008 0.042 0.923 
 179 P _   0.007 0.008 0.000 0.007 0.003 0.008 0.042 0.923 
 180 D _   0.007 0.008 0.000 0.007 0.003 0.009 0.042 0.923 
 181 G _   0.008 0.009 0.000 0.008 0.003 0.009 0.042 0.921 
 182 K _   0.008 0.009 0.000 0.008 0.004 0.010 0.042 0.919 
 183 R _   0.008 0.010 0.000 0.009 0.004 0.011 0.041 0.916 
 184 I _   0.009 0.012 0.001 0.010 0.005 0.012 0.041 0.912 
 185 I _   0.009 0.013 0.001 0.011 0.005 0.014 0.040 0.907 
 186 W _   0.010 0.015 0.001 0.012 0.006 0.015 0.040 0.901 
 187 D _   0.010 0.018 0.001 0.014 0.007 0.017 0.039 0.895 
 188 S _   0.011 0.020 0.001 0.015 0.008 0.018 0.038 0.888 
 189 R _   0.012 0.023 0.001 0.017 0.009 0.019 0.038 0.881 
 190 K _   0.013 0.025 0.001 0.018 0.009 0.021 0.038 0.875 
 191 G _   0.014 0.026 0.001 0.019 0.010 0.022 0.037 0.871 
 192 F _   0.015 0.027 0.001 0.019 0.010 0.023 0.037 0.868 
 193 I _   0.016 0.028 0.001 0.018 0.010 0.024 0.037 0.866 
 194 I _   0.017 0.028 0.001 0.016 0.010 0.025 0.037 0.866 
 195 S _   0.018 0.028 0.001 0.015 0.009 0.026 0.037 0.866 
 196 N _   0.020 0.028 0.001 0.013 0.009 0.028 0.037 0.864 
 197 A _   0.022 0.028 0.001 0.011 0.010 0.029 0.036 0.862 
 198 T _   0.025 0.029 0.001 0.010 0.010 0.031 0.036 0.856 
 199 Y _   0.028 0.032 0.001 0.011 0.012 0.034 0.036 0.847 
 200 K _   0.031 0.036 0.001 0.012 0.014 0.037 0.036 0.833 
 201 E _   0.035 0.043 0.001 0.014 0.017 0.040 0.035 0.814 
 202 I _   0.039 0.054 0.001 0.019 0.020 0.042 0.035 0.791 
 203 G _   0.041 0.067 0.002 0.024 0.024 0.043 0.035 0.765 
 204 L _   0.042 0.080 0.002 0.031 0.027 0.044 0.034 0.740 
 205 L _   0.043 0.092 0.002 0.037 0.028 0.043 0.034 0.721 
 206 T _   0.042 0.099 0.002 0.041 0.029 0.042 0.035 0.711 
 207 C _   0.040 0.103 0.002 0.044 0.028 0.039 0.035 0.710 
 208 E _   0.037 0.103 0.002 0.043 0.026 0.037 0.036 0.717 
 209 A _   0.033 0.100 0.002 0.041 0.022 0.033 0.037 0.732 
 210 T _   0.030 0.094 0.001 0.036 0.018 0.029 0.038 0.752 
 211 V _   0.026 0.085 0.001 0.030 0.015 0.026 0.040 0.776 
 212 N _   0.023 0.074 0.001 0.025 0.012 0.022 0.041 0.801 
 213 G _   0.020 0.062 0.001 0.020 0.009 0.019 0.043 0.826 
 214 H _   0.018 0.050 0.001 0.016 0.007 0.017 0.044 0.848 
 215 L _   0.015 0.040 0.001 0.013 0.006 0.015 0.046 0.866 
 216 Y _   0.013 0.031 0.001 0.010 0.005 0.013 0.047 0.880 
 217 K _   0.011 0.025 0.001 0.009 0.004 0.012 0.048 0.891 
 218 T _   0.010 0.021 0.000 0.008 0.003 0.011 0.048 0.899 
 219 N _   0.009 0.018 0.000 0.007 0.003 0.010 0.049 0.904 
 220 Y _   0.008 0.017 0.000 0.007 0.003 0.010 0.049 0.907 
 221 L _   0.008 0.016 0.000 0.007 0.003 0.010 0.049 0.907 
 222 T _   0.008 0.016 0.000 0.007 0.003 0.010 0.049 0.907 
 223 H _   0.008 0.016 0.000 0.008 0.004 0.011 0.048 0.905 
 224 R _   0.008 0.017 0.000 0.009 0.004 0.011 0.048 0.901 
 225 Q _   0.008 0.019 0.001 0.011 0.005 0.012 0.048 0.896 
 226 T _   0.009 0.021 0.001 0.013 0.006 0.014 0.047 0.890 
 227 N _   0.010 0.023 0.001 0.016 0.007 0.015 0.047 0.882 
 228 T _   0.011 0.026 0.001 0.018 0.008 0.016 0.047 0.874 
 229 I _   0.012 0.028 0.001 0.021 0.009 0.017 0.046 0.866 
 230 I _   0.013 0.030 0.001 0.022 0.009 0.017 0.047 0.861 
 231 D _   0.013 0.030 0.001 0.022 0.009 0.018 0.047 0.859 
 232 V _   0.014 0.030 0.001 0.021 0.009 0.018 0.047 0.861 
 233 Q _   0.014 0.028 0.001 0.018 0.008 0.018 0.048 0.865 
 234 I _   0.013 0.026 0.001 0.015 0.007 0.018 0.048 0.872 
 235 S _   0.013 0.024 0.001 0.012 0.006 0.018 0.049 0.879 
 236 T _   0.013 0.022 0.001 0.009 0.005 0.018 0.049 0.884 
 237 P _   0.013 0.021 0.001 0.007 0.005 0.019 0.049 0.886 
 238 R _   0.015 0.021 0.001 0.006 0.005 0.021 0.049 0.883 
 239 P _   0.017 0.023 0.001 0.006 0.006 0.024 0.049 0.875 
 240 V _   0.020 0.029 0.001 0.008 0.008 0.027 0.048 0.859 
 241 K _   0.024 0.040 0.001 0.011 0.012 0.032 0.048 0.833 
 242 L _   0.028 0.060 0.001 0.016 0.016 0.037 0.047 0.796 
 243 L _   0.031 0.088 0.002 0.022 0.021 0.040 0.045 0.750 
 244 R _   0.033 0.123 0.002 0.029 0.026 0.043 0.044 0.700 
 245 G _   0.034 0.154 0.002 0.036 0.029 0.044 0.043 0.657 
 246 H _   0.035 0.177 0.002 0.041 0.031 0.045 0.043 0.626 
 247 T _   0.036 0.192 0.002 0.044 0.031 0.044 0.043 0.608 
 248 L _   0.036 0.201 0.002 0.045 0.031 0.043 0.044 0.600 
 249 V _   0.036 0.203 0.002 0.043 0.029 0.041 0.044 0.601 
 250 L _   0.035 0.201 0.002 0.040 0.026 0.039 0.046 0.611 
 251 N _   0.034 0.194 0.002 0.034 0.023 0.036 0.047 0.630 
 252 C _   0.033 0.183 0.001 0.028 0.019 0.033 0.049 0.653 
 253 T _   0.031 0.170 0.001 0.022 0.016 0.031 0.052 0.677 
 254 A _   0.030 0.157 0.001 0.018 0.013 0.029 0.054 0.699 
 255 T _   0.028 0.146 0.001 0.015 0.011 0.027 0.056 0.717 
 256 T _   0.027 0.138 0.001 0.013 0.010 0.026 0.058 0.728 
 257 P _   0.025 0.134 0.001 0.014 0.009 0.025 0.059 0.733 
 258 L _   0.024 0.132 0.001 0.016 0.009 0.024 0.061 0.732 
 259 N _   0.023 0.131 0.001 0.020 0.010 0.023 0.063 0.729 
 260 T _   0.022 0.131 0.001 0.024 0.010 0.022 0.065 0.726 
 261 R _   0.021 0.128 0.001 0.028 0.010 0.020 0.067 0.724 
 262 V _   0.019 0.124 0.001 0.030 0.010 0.019 0.070 0.728 
 263 Q _   0.017 0.115 0.001 0.029 0.009 0.017 0.073 0.739 
 264 M _   0.015 0.102 0.001 0.027 0.008 0.015 0.076 0.757 
 265 T _   0.013 0.084 0.001 0.022 0.006 0.013 0.080 0.781 
 266 W _   0.011 0.063 0.001 0.017 0.005 0.010 0.084 0.810 
 267 S _   0.009 0.044 0.001 0.012 0.004 0.008 0.087 0.837 
 268 Y _   0.007 0.029 0.000 0.008 0.002 0.007 0.089 0.858 
 269 P _   0.006 0.020 0.000 0.005 0.002 0.006 0.090 0.871 
 270 D _   0.005 0.016 0.000 0.004 0.001 0.005 0.091 0.878 
 271 E _   0.004 0.015 0.000 0.004 0.001 0.005 0.091 0.880 
 272 K _   0.004 0.015 0.000 0.004 0.001 0.005 0.090 0.879 
 273 N _   0.004 0.017 0.000 0.006 0.002 0.006 0.089 0.875 
 274 K _   0.005 0.020 0.000 0.010 0.003 0.008 0.088 0.866 
 275 R _   0.005 0.026 0.000 0.016 0.004 0.009 0.086 0.853 
 276 A _   0.005 0.033 0.001 0.023 0.005 0.010 0.083 0.840 
 277 S _   0.006 0.038 0.001 0.028 0.006 0.011 0.081 0.829 
 278 V _   0.006 0.042 0.001 0.031 0.006 0.012 0.080 0.823 
 279 R _   0.005 0.043 0.001 0.031 0.006 0.011 0.078 0.823 
 280 R _   0.005 0.043 0.001 0.028 0.006 0.011 0.078 0.830 
 281 R _   0.005 0.040 0.001 0.022 0.005 0.010 0.077 0.841 
 282 I _   0.005 0.036 0.000 0.016 0.004 0.010 0.077 0.853 
 283 D _   0.005 0.032 0.000 0.010 0.003 0.010 0.076 0.863 
 284 Q _   0.005 0.030 0.000 0.007 0.002 0.010 0.076 0.870 
 285 S _   0.006 0.029 0.000 0.005 0.002 0.012 0.075 0.871 
 286 N _   0.009 0.030 0.000 0.005 0.003 0.015 0.073 0.864 
 287 S _   0.013 0.036 0.001 0.007 0.006 0.020 0.072 0.846 
 288 H _   0.020 0.054 0.001 0.013 0.011 0.027 0.069 0.806 
 289 A _   0.026 0.095 0.002 0.023 0.019 0.034 0.065 0.736 
 290 N _   0.030 0.164 0.003 0.040 0.027 0.039 0.060 0.636 
 291 I _   0.032 0.240 0.003 0.058 0.032 0.041 0.056 0.537 
 292 F _   0.031 0.293 0.002 0.074 0.033 0.041 0.053 0.471 
 293 Y _   0.030 0.321 0.002 0.085 0.033 0.039 0.051 0.439 
 294 S _   0.029 0.331 0.002 0.089 0.031 0.037 0.051 0.431 
 295 V _   0.027 0.331 0.002 0.087 0.028 0.034 0.051 0.440 
 296 L _   0.025 0.319 0.002 0.079 0.025 0.030 0.052 0.467 
 297 T _   0.023 0.291 0.002 0.066 0.021 0.026 0.054 0.517 
 298 I _   0.021 0.242 0.002 0.050 0.016 0.022 0.057 0.591 
 299 D _   0.019 0.176 0.002 0.033 0.012 0.019 0.060 0.679 
 300 K _   0.016 0.114 0.001 0.020 0.008 0.015 0.062 0.763 
 301 M _   0.013 0.070 0.001 0.011 0.005 0.012 0.064 0.824 
 302 Q _   0.010 0.048 0.000 0.006 0.003 0.010 0.065 0.857 
 303 N _   0.008 0.040 0.000 0.004 0.002 0.009 0.065 0.872 
 304 K _   0.007 0.038 0.000 0.003 0.002 0.009 0.064 0.877 
 305 D _   0.007 0.039 0.000 0.004 0.002 0.010 0.063 0.875 
 306 K _   0.007 0.045 0.000 0.007 0.003 0.011 0.061 0.864 
 307 G _   0.008 0.059 0.001 0.012 0.005 0.013 0.059 0.843 
 308 L _   0.009 0.081 0.001 0.020 0.007 0.015 0.056 0.812 
 309 Y _   0.009 0.108 0.001 0.028 0.009 0.016 0.052 0.776 
 310 T _   0.008 0.132 0.001 0.035 0.010 0.017 0.049 0.747 
 311 C _   0.008 0.150 0.001 0.041 0.011 0.017 0.046 0.727 
 312 R _   0.007 0.160 0.001 0.043 0.011 0.016 0.044 0.718 
 313 V _   0.007 0.166 0.001 0.042 0.010 0.016 0.042 0.717 
 314 R _   0.007 0.167 0.001 0.038 0.009 0.015 0.041 0.722 
 315 S _   0.006 0.164 0.001 0.033 0.008 0.014 0.040 0.733 
 316 G _   0.006 0.159 0.001 0.028 0.007 0.013 0.040 0.747 
 317 P _   0.006 0.152 0.001 0.022 0.006 0.012 0.039 0.762 
 318 S _   0.007 0.144 0.001 0.017 0.005 0.012 0.039 0.776 
 319 F _   0.007 0.137 0.001 0.014 0.005 0.011 0.039 0.787 
 320 K _   0.007 0.132 0.001 0.011 0.004 0.011 0.039 0.796 
 321 S _   0.007 0.129 0.000 0.010 0.004 0.011 0.038 0.800 
 322 V _   0.007 0.128 0.000 0.010 0.004 0.012 0.038 0.801 
 323 N _   0.008 0.129 0.001 0.010 0.005 0.013 0.037 0.798 
 324 T _   0.009 0.133 0.001 0.011 0.005 0.014 0.036 0.792 
 325 S _   0.010 0.138 0.001 0.013 0.006 0.015 0.035 0.783 
 326 V _   0.010 0.145 0.001 0.015 0.007 0.016 0.034 0.771 
 327 H _   0.011 0.154 0.001 0.017 0.008 0.018 0.033 0.758 
 328 I _   0.012 0.162 0.001 0.020 0.010 0.019 0.032 0.744 
 329 Y _   0.012 0.170 0.001 0.022 0.011 0.019 0.032 0.733 
 330 D _   0.013 0.177 0.001 0.024 0.011 0.020 0.031 0.723 
 331 K _   0.013 0.181 0.001 0.026 0.011 0.020 0.031 0.717 
 332 A _   0.014 0.183 0.001 0.026 0.011 0.019 0.030 0.716 
 333 F _   0.014 0.182 0.001 0.024 0.010 0.019 0.030 0.720 
 334 I _   0.013 0.180 0.001 0.022 0.010 0.018 0.030 0.727 
 335 T _   0.013 0.175 0.001 0.019 0.009 0.017 0.030 0.736 
 336 V _   0.012 0.170 0.001 0.016 0.008 0.016 0.030 0.746 
 337 K _   0.012 0.164 0.001 0.014 0.007 0.016 0.030 0.756 
 338 H _   0.012 0.160 0.001 0.012 0.006 0.015 0.031 0.764 
 339 R _   0.012 0.157 0.001 0.011 0.006 0.015 0.031 0.768 
 340 K _   0.011 0.155 0.001 0.012 0.006 0.015 0.031 0.769 
 341 Q _   0.011 0.156 0.001 0.013 0.006 0.015 0.031 0.767 
 342 Q _   0.011 0.157 0.001 0.015 0.007 0.015 0.031 0.763 
 343 V _   0.011 0.159 0.001 0.017 0.007 0.015 0.031 0.758 
 344 L _   0.011 0.161 0.001 0.019 0.008 0.015 0.031 0.755 
 345 E _   0.011 0.161 0.001 0.021 0.008 0.015 0.031 0.753 
 346 T _   0.011 0.159 0.001 0.021 0.008 0.014 0.031 0.755 
 347 V _   0.010 0.155 0.001 0.020 0.007 0.013 0.032 0.761 
 348 A _   0.010 0.149 0.001 0.019 0.007 0.013 0.032 0.770 
 349 G _   0.010 0.140 0.001 0.017 0.006 0.012 0.033 0.781 
 350 K _   0.009 0.131 0.001 0.015 0.006 0.012 0.034 0.793 
 351 R _   0.009 0.121 0.001 0.013 0.005 0.011 0.034 0.805 
 352 S _   0.009 0.112 0.001 0.012 0.005 0.011 0.035 0.815 
 353 Y _   0.009 0.105 0.001 0.011 0.005 0.011 0.036 0.823 
 354 R _   0.009 0.100 0.001 0.011 0.004 0.011 0.037 0.828 
 355 L _   0.009 0.096 0.001 0.011 0.004 0.011 0.038 0.831 
 356 S _   0.009 0.094 0.001 0.011 0.005 0.011 0.038 0.832 
 357 M _   0.009 0.092 0.001 0.012 0.005 0.011 0.039 0.831 
 358 K _   0.009 0.091 0.001 0.013 0.005 0.012 0.039 0.831 
 359 V _   0.009 0.090 0.001 0.013 0.005 0.012 0.040 0.831 
 360 K _   0.009 0.089 0.001 0.014 0.005 0.012 0.040 0.830 
 361 A _   0.009 0.087 0.001 0.014 0.006 0.012 0.041 0.830 
 362 F _   0.009 0.086 0.001 0.015 0.006 0.012 0.042 0.830 
 363 P _   0.009 0.085 0.001 0.016 0.006 0.012 0.043 0.829 
 364 S _   0.009 0.083 0.001 0.016 0.006 0.012 0.043 0.829 
 365 P _   0.010 0.082 0.001 0.017 0.006 0.012 0.044 0.828 
 366 E _   0.010 0.080 0.001 0.018 0.006 0.012 0.046 0.828 
 367 V _   0.010 0.077 0.001 0.019 0.006 0.012 0.047 0.828 
 368 V _   0.010 0.074 0.001 0.019 0.006 0.011 0.048 0.831 
 369 W _   0.010 0.069 0.001 0.018 0.005 0.011 0.050 0.837 
 370 L _   0.009 0.063 0.001 0.016 0.005 0.010 0.051 0.845 
 371 K _   0.009 0.056 0.001 0.014 0.004 0.009 0.053 0.855 
 372 D _   0.008 0.049 0.000 0.011 0.004 0.009 0.054 0.865 
 373 G _   0.007 0.044 0.000 0.009 0.003 0.008 0.055 0.874 
 374 L _   0.007 0.039 0.000 0.007 0.003 0.007 0.056 0.881 
 375 P _   0.006 0.036 0.000 0.006 0.002 0.007 0.056 0.886 
 376 A _   0.006 0.035 0.000 0.005 0.002 0.008 0.056 0.888 
 377 T _   0.006 0.035 0.000 0.005 0.002 0.008 0.056 0.887 
 378 E _   0.006 0.038 0.000 0.006 0.003 0.010 0.055 0.882 
 379 K _   0.007 0.043 0.000 0.008 0.003 0.011 0.054 0.873 
 380 S _   0.008 0.053 0.001 0.010 0.005 0.014 0.053 0.857 
 381 A _   0.009 0.068 0.001 0.015 0.007 0.016 0.051 0.832 
 382 R _   0.011 0.090 0.001 0.021 0.009 0.019 0.049 0.800 
 383 Y _   0.012 0.115 0.001 0.027 0.012 0.021 0.047 0.764 
 384 L _   0.013 0.139 0.001 0.035 0.014 0.023 0.045 0.730 
 385 T _   0.013 0.158 0.001 0.041 0.016 0.024 0.044 0.703 
 386 R _   0.014 0.171 0.001 0.047 0.017 0.025 0.043 0.682 
 387 G _   0.014 0.179 0.001 0.051 0.018 0.024 0.042 0.671 
 388 Y _   0.014 0.182 0.001 0.053 0.017 0.024 0.042 0.667 
 389 S _   0.014 0.179 0.001 0.052 0.017 0.023 0.042 0.671 
 390 L _   0.014 0.172 0.001 0.049 0.015 0.021 0.043 0.684 
 391 I _   0.014 0.159 0.001 0.043 0.014 0.019 0.044 0.705 
 392 I _   0.014 0.139 0.001 0.036 0.011 0.017 0.046 0.736 
 393 K _   0.013 0.112 0.001 0.028 0.009 0.016 0.048 0.773 
 394 D _   0.012 0.083 0.001 0.021 0.007 0.014 0.049 0.813 
 395 V _   0.011 0.057 0.001 0.014 0.005 0.012 0.051 0.849 
 396 T _   0.010 0.037 0.001 0.009 0.004 0.010 0.052 0.877 
 397 E _   0.009 0.026 0.000 0.006 0.003 0.009 0.053 0.894 
 398 E _   0.008 0.020 0.000 0.004 0.002 0.009 0.053 0.904 
 399 D _   0.007 0.018 0.000 0.004 0.002 0.009 0.052 0.907 
 400 A _   0.008 0.018 0.000 0.005 0.003 0.010 0.052 0.904 
 401 G _   0.009 0.020 0.000 0.007 0.004 0.012 0.051 0.897 
 402 N _   0.010 0.024 0.001 0.011 0.005 0.014 0.050 0.884 
 403 Y _   0.011 0.031 0.001 0.017 0.007 0.017 0.048 0.868 
 404 T _   0.012 0.039 0.001 0.025 0.009 0.019 0.047 0.850 
 405 I _   0.012 0.045 0.001 0.031 0.011 0.020 0.046 0.836 
 406 L _   0.012 0.048 0.001 0.035 0.011 0.020 0.045 0.828 
 407 L _   0.011 0.049 0.001 0.035 0.011 0.020 0.044 0.828 
 408 S _   0.010 0.048 0.001 0.032 0.010 0.019 0.043 0.836 
 409 I _   0.010 0.044 0.001 0.026 0.009 0.018 0.043 0.848 
 410 K _   0.010 0.039 0.001 0.020 0.007 0.018 0.043 0.863 
 411 Q _   0.010 0.033 0.001 0.014 0.006 0.017 0.043 0.876 
 412 S _   0.011 0.028 0.001 0.010 0.005 0.018 0.042 0.886 
 413 N _   0.012 0.025 0.001 0.008 0.005 0.019 0.042 0.889 
 414 V _   0.015 0.023 0.001 0.007 0.005 0.021 0.042 0.887 
 415 F _   0.019 0.024 0.001 0.007 0.007 0.024 0.041 0.878 
 416 K _   0.024 0.027 0.001 0.009 0.009 0.027 0.040 0.861 
 417 N _   0.031 0.032 0.001 0.013 0.013 0.032 0.040 0.838 
 418 L _   0.037 0.040 0.001 0.019 0.018 0.036 0.039 0.810 
 419 T _   0.042 0.049 0.002 0.025 0.022 0.039 0.039 0.784 
 420 A _   0.046 0.056 0.002 0.030 0.024 0.041 0.038 0.763 
 421 T _   0.049 0.061 0.002 0.033 0.026 0.041 0.038 0.751 
 422 L _   0.050 0.063 0.002 0.033 0.026 0.041 0.038 0.748 
 423 I _   0.050 0.063 0.002 0.032 0.024 0.039 0.039 0.751 
 424 V _   0.048 0.061 0.002 0.029 0.022 0.037 0.040 0.761 
 425 N _   0.046 0.058 0.001 0.025 0.020 0.035 0.040 0.774 
 426 V _   0.044 0.054 0.001 0.022 0.017 0.033 0.041 0.788 
 427 K _   0.040 0.050 0.001 0.020 0.015 0.030 0.042 0.802 
 428 P _   0.037 0.046 0.001 0.018 0.013 0.028 0.044 0.814 
 429 Q _   0.032 0.042 0.001 0.018 0.011 0.025 0.045 0.826 
 430 I _   0.028 0.038 0.001 0.017 0.010 0.023 0.046 0.836 
 431 Y _   0.025 0.035 0.001 0.017 0.009 0.020 0.047 0.847 
 432 E _   0.021 0.031 0.001 0.016 0.008 0.018 0.048 0.857 
 433 K _   0.018 0.027 0.001 0.015 0.006 0.016 0.050 0.868 
 434 A _   0.015 0.023 0.001 0.013 0.005 0.014 0.051 0.878 
 435 V _   0.013 0.019 0.001 0.011 0.004 0.012 0.051 0.889 
 436 S _   0.011 0.016 0.000 0.008 0.004 0.010 0.052 0.898 
 437 S _   0.009 0.013 0.000 0.007 0.003 0.009 0.053 0.905 
 438 F _   0.008 0.011 0.000 0.006 0.003 0.009 0.053 0.910 
 439 P _   0.008 0.010 0.000 0.005 0.002 0.009 0.053 0.912 
 440 D _   0.008 0.010 0.000 0.005 0.002 0.010 0.053 0.912 
 441 P _   0.009 0.011 0.000 0.005 0.003 0.011 0.053 0.910 
 442 A _   0.010 0.012 0.000 0.005 0.003 0.013 0.052 0.904 
 443 L _   0.012 0.016 0.000 0.006 0.004 0.016 0.051 0.895 
 444 Y _   0.014 0.022 0.001 0.008 0.005 0.019 0.050 0.882 
 445 P _   0.016 0.033 0.001 0.010 0.008 0.024 0.048 0.861 
 446 L _   0.019 0.050 0.001 0.014 0.011 0.028 0.046 0.831 
 447 G _   0.022 0.074 0.001 0.017 0.015 0.033 0.043 0.793 
 448 S _   0.025 0.107 0.002 0.021 0.019 0.038 0.041 0.747 
 449 R _   0.028 0.146 0.002 0.025 0.024 0.041 0.038 0.696 
 450 Q _   0.030 0.185 0.002 0.029 0.027 0.043 0.036 0.648 
 451 I _   0.032 0.222 0.002 0.032 0.028 0.044 0.034 0.607 
 452 L _   0.032 0.250 0.002 0.034 0.029 0.043 0.033 0.576 
 453 T _   0.031 0.271 0.002 0.035 0.028 0.043 0.032 0.557 
 454 C _   0.031 0.285 0.002 0.035 0.027 0.041 0.031 0.548 
 455 T _   0.031 0.293 0.002 0.033 0.026 0.040 0.031 0.545 
 456 A _   0.030 0.298 0.001 0.031 0.024 0.038 0.031 0.548 
 457 Y _   0.029 0.299 0.001 0.028 0.022 0.036 0.031 0.554 
 458 G _   0.028 0.297 0.001 0.026 0.020 0.034 0.031 0.563 
 459 I _   0.027 0.295 0.001 0.024 0.018 0.032 0.031 0.571 
 460 P _   0.026 0.292 0.001 0.024 0.016 0.031 0.032 0.579 
 461 Q _   0.024 0.288 0.001 0.024 0.015 0.029 0.032 0.586 
 462 P _   0.023 0.284 0.001 0.026 0.014 0.027 0.033 0.592 
 463 T _   0.021 0.278 0.001 0.028 0.014 0.025 0.034 0.599 
 464 I _   0.020 0.271 0.001 0.029 0.013 0.023 0.035 0.609 
 465 K _   0.018 0.259 0.001 0.030 0.012 0.021 0.036 0.623 
 466 W _   0.016 0.242 0.001 0.030 0.011 0.018 0.038 0.645 
 467 F _   0.014 0.219 0.001 0.027 0.009 0.016 0.040 0.673 
 468 W _   0.012 0.191 0.001 0.024 0.008 0.014 0.042 0.708 
 469 H _   0.011 0.159 0.001 0.020 0.006 0.012 0.044 0.747 
 470 P _   0.009 0.128 0.001 0.015 0.005 0.011 0.046 0.785 
 471 C _   0.008 0.104 0.001 0.011 0.004 0.009 0.047 0.817 
 472 N _   0.007 0.087 0.000 0.009 0.003 0.008 0.048 0.838 
 473 H _   0.006 0.077 0.000 0.007 0.002 0.007 0.049 0.851 
 474 N _   0.005 0.072 0.000 0.007 0.002 0.007 0.049 0.858 
 475 H _   0.005 0.069 0.000 0.007 0.002 0.007 0.049 0.861 
 476 S _   0.005 0.068 0.000 0.008 0.002 0.007 0.048 0.861 
 477 E _   0.005 0.069 0.000 0.010 0.003 0.007 0.048 0.858 
 478 A _   0.005 0.071 0.000 0.012 0.003 0.007 0.047 0.856 
 479 R _   0.004 0.072 0.000 0.013 0.003 0.007 0.046 0.853 
 480 C _   0.004 0.074 0.000 0.014 0.003 0.007 0.044 0.852 
 481 D _   0.004 0.076 0.000 0.015 0.003 0.007 0.043 0.852 
 482 F _   0.004 0.077 0.000 0.015 0.003 0.007 0.042 0.852 
 483 C _   0.004 0.078 0.000 0.015 0.003 0.007 0.041 0.852 
 484 S _   0.004 0.079 0.000 0.015 0.003 0.008 0.039 0.851 
 485 N _   0.004 0.081 0.000 0.017 0.004 0.008 0.038 0.849 
 486 N _   0.004 0.082 0.000 0.018 0.004 0.008 0.037 0.845 
 487 E _   0.004 0.084 0.001 0.021 0.004 0.009 0.037 0.841 
 488 E _   0.005 0.085 0.001 0.023 0.005 0.009 0.036 0.836 
 489 S _   0.005 0.086 0.001 0.025 0.005 0.010 0.035 0.834 
 490 F _   0.005 0.085 0.001 0.026 0.005 0.010 0.035 0.834 
 491 I _   0.005 0.082 0.001 0.025 0.005 0.010 0.035 0.838 
 492 L _   0.005 0.077 0.001 0.023 0.005 0.009 0.035 0.846 
 493 D _   0.005 0.070 0.001 0.019 0.004 0.009 0.035 0.857 
 494 A _   0.005 0.061 0.001 0.016 0.004 0.008 0.035 0.870 
 495 D _   0.005 0.052 0.000 0.012 0.003 0.008 0.035 0.884 
 496 S _   0.005 0.045 0.000 0.008 0.003 0.008 0.036 0.895 
 497 N _   0.005 0.040 0.000 0.007 0.002 0.008 0.035 0.902 
 498 M _   0.006 0.037 0.000 0.006 0.002 0.009 0.035 0.905 
 499 G _   0.007 0.037 0.000 0.006 0.003 0.011 0.035 0.903 
 500 N _   0.008 0.038 0.000 0.007 0.003 0.013 0.034 0.896 
 501 R _   0.010 0.043 0.001 0.010 0.005 0.016 0.033 0.882 
 502 I _   0.013 0.051 0.001 0.014 0.007 0.020 0.032 0.862 
 503 E _   0.015 0.063 0.001 0.021 0.010 0.023 0.031 0.836 
 504 S _   0.017 0.076 0.001 0.029 0.014 0.026 0.029 0.808 
 505 I _   0.018 0.088 0.001 0.037 0.017 0.029 0.028 0.782 
 506 T _   0.019 0.096 0.001 0.044 0.019 0.030 0.027 0.764 
 507 Q _   0.019 0.100 0.001 0.048 0.019 0.030 0.026 0.756 
 508 R _   0.019 0.101 0.001 0.049 0.019 0.030 0.026 0.756 
 509 M _   0.018 0.097 0.001 0.046 0.018 0.028 0.026 0.765 
 510 A _   0.017 0.089 0.001 0.041 0.016 0.026 0.026 0.783 
 511 I _   0.016 0.077 0.001 0.033 0.013 0.024 0.026 0.809 
 512 I _   0.016 0.060 0.001 0.025 0.011 0.023 0.026 0.839 
 513 E _   0.015 0.043 0.001 0.017 0.009 0.021 0.026 0.867 
 514 G _   0.015 0.029 0.001 0.012 0.007 0.020 0.027 0.889 
 515 K _   0.015 0.019 0.001 0.009 0.006 0.020 0.026 0.904 
 516 N _   0.016 0.014 0.001 0.007 0.006 0.020 0.026 0.910 
 517 K _   0.017 0.011 0.001 0.007 0.006 0.021 0.026 0.911 
 518 M _   0.020 0.009 0.001 0.008 0.007 0.023 0.026 0.907 
 519 A _   0.023 0.008 0.001 0.010 0.008 0.025 0.026 0.899 
 520 S _   0.027 0.008 0.001 0.012 0.010 0.027 0.025 0.890 
 521 T _   0.032 0.007 0.001 0.014 0.011 0.029 0.025 0.881 
 522 L _   0.037 0.006 0.001 0.014 0.012 0.031 0.025 0.875 
 523 V _   0.043 0.005 0.001 0.013 0.012 0.032 0.024 0.869 
 524 V _   0.050 0.004 0.001 0.011 0.012 0.034 0.024 0.864 
 525 A _   0.059 0.003 0.001 0.009 0.012 0.036 0.023 0.857 
 526 D _   0.069 0.002 0.001 0.007 0.013 0.038 0.023 0.847 
 527 S _   0.082 0.001 0.001 0.005 0.014 0.041 0.023 0.833 
 528 R _   0.096 0.001 0.001 0.005 0.016 0.044 0.023 0.814 
 529 I _   0.110 0.001 0.001 0.006 0.020 0.048 0.022 0.792 
 530 S _   0.125 0.001 0.001 0.007 0.024 0.051 0.023 0.768 
 531 G _   0.136 0.002 0.002 0.010 0.028 0.054 0.023 0.746 
 532 I _   0.144 0.003 0.002 0.013 0.032 0.055 0.023 0.728 
 533 Y _   0.147 0.004 0.002 0.016 0.034 0.056 0.024 0.717 
 534 I _   0.145 0.005 0.002 0.018 0.034 0.055 0.025 0.717 
 535 C _   0.138 0.005 0.002 0.018 0.033 0.052 0.026 0.726 
 536 I _   0.127 0.005 0.002 0.017 0.029 0.050 0.027 0.743 
 537 A _   0.113 0.004 0.002 0.015 0.025 0.046 0.028 0.767 
 538 S _   0.100 0.004 0.001 0.012 0.021 0.043 0.029 0.791 
 539 N _   0.087 0.003 0.001 0.009 0.017 0.040 0.030 0.813 
 540 K _   0.076 0.003 0.001 0.008 0.014 0.037 0.031 0.831 
 541 V _   0.067 0.003 0.001 0.007 0.012 0.035 0.032 0.844 
 542 G _   0.059 0.003 0.001 0.007 0.011 0.034 0.033 0.852 
 543 T _   0.053 0.004 0.001 0.008 0.011 0.033 0.034 0.856 
 544 V _   0.048 0.006 0.001 0.010 0.012 0.033 0.034 0.856 
 545 G _   0.045 0.008 0.001 0.013 0.013 0.032 0.035 0.853 
 546 R _   0.041 0.011 0.001 0.016 0.014 0.032 0.036 0.848 
 547 N _   0.038 0.014 0.001 0.020 0.015 0.031 0.037 0.844 
 548 I _   0.035 0.016 0.001 0.023 0.016 0.030 0.038 0.842 
 549 S _   0.031 0.018 0.001 0.024 0.015 0.028 0.040 0.843 
 550 F _   0.028 0.018 0.001 0.024 0.014 0.026 0.041 0.847 
 551 Y _   0.025 0.018 0.001 0.023 0.013 0.023 0.043 0.854 
 552 I _   0.022 0.017 0.001 0.021 0.011 0.021 0.045 0.863 
 553 T _   0.019 0.016 0.001 0.018 0.009 0.018 0.047 0.873 
 554 D _   0.017 0.014 0.001 0.015 0.007 0.016 0.049 0.882 
 555 V _   0.015 0.012 0.001 0.013 0.006 0.014 0.051 0.890 
 556 P _   0.013 0.011 0.001 0.011 0.005 0.013 0.052 0.895 
 557 N _   0.012 0.009 0.001 0.010 0.004 0.012 0.054 0.898 
 558 G _   0.011 0.009 0.001 0.010 0.004 0.011 0.056 0.899 
 559 F _   0.011 0.008 0.000 0.010 0.004 0.010 0.057 0.899 
 560 H _   0.010 0.008 0.000 0.011 0.004 0.010 0.058 0.899 
 561 V _   0.009 0.007 0.000 0.011 0.004 0.009 0.060 0.899 
 562 N _   0.009 0.007 0.000 0.011 0.004 0.009 0.061 0.900 
 563 L _   0.008 0.006 0.000 0.010 0.003 0.008 0.062 0.902 
 564 E _   0.007 0.006 0.000 0.009 0.003 0.008 0.063 0.904 
 565 K _   0.007 0.005 0.000 0.008 0.003 0.007 0.063 0.907 
 566 M _   0.006 0.004 0.000 0.007 0.002 0.007 0.064 0.910 
 567 P _   0.006 0.004 0.000 0.006 0.002 0.006 0.064 0.912 
 568 T _   0.005 0.004 0.000 0.005 0.002 0.006 0.064 0.914 
 569 E _   0.005 0.004 0.000 0.005 0.002 0.007 0.063 0.914 
 570 G _   0.005 0.005 0.000 0.005 0.002 0.008 0.063 0.912 
 571 E _   0.006 0.006 0.000 0.006 0.002 0.009 0.062 0.909 
 572 D _   0.006 0.008 0.000 0.007 0.003 0.011 0.061 0.904 
 573 L _   0.007 0.011 0.000 0.009 0.004 0.013 0.059 0.896 
 574 K _   0.008 0.014 0.001 0.012 0.005 0.015 0.058 0.887 
 575 L _   0.009 0.018 0.001 0.014 0.006 0.018 0.056 0.878 
 576 S _   0.010 0.022 0.001 0.016 0.007 0.021 0.055 0.868 
 577 C _   0.012 0.025 0.001 0.018 0.008 0.024 0.053 0.859 
 578 T _   0.014 0.028 0.001 0.018 0.009 0.027 0.052 0.851 
 579 V _   0.017 0.031 0.001 0.018 0.011 0.030 0.050 0.843 
 580 N _   0.021 0.033 0.001 0.017 0.012 0.034 0.049 0.834 
 581 K _   0.026 0.034 0.001 0.016 0.014 0.038 0.048 0.824 
 582 F _   0.032 0.036 0.001 0.015 0.016 0.042 0.047 0.811 
 583 L _   0.039 0.039 0.001 0.015 0.019 0.046 0.045 0.796 
 584 Y _   0.046 0.043 0.001 0.016 0.023 0.049 0.044 0.778 
 585 R _   0.053 0.048 0.002 0.018 0.027 0.053 0.043 0.756 
 586 D _   0.060 0.055 0.002 0.022 0.030 0.055 0.043 0.734 
 587 V _   0.065 0.062 0.002 0.027 0.033 0.056 0.042 0.713 
 588 T _   0.069 0.069 0.002 0.031 0.035 0.055 0.042 0.696 
 589 W _   0.070 0.074 0.002 0.035 0.036 0.054 0.042 0.687 
 590 I _   0.069 0.076 0.002 0.037 0.035 0.051 0.042 0.688 
 591 L _   0.066 0.075 0.002 0.037 0.032 0.047 0.043 0.697 
 592 L _   0.060 0.072 0.002 0.035 0.028 0.043 0.044 0.716 
 593 R _   0.053 0.065 0.002 0.031 0.024 0.038 0.045 0.743 
 594 T _   0.046 0.056 0.001 0.026 0.019 0.033 0.046 0.774 
 595 V _   0.038 0.045 0.001 0.021 0.014 0.028 0.047 0.806 
 596 N _   0.032 0.035 0.001 0.016 0.011 0.024 0.048 0.835 
 597 N _   0.026 0.026 0.001 0.012 0.008 0.020 0.049 0.858 
 598 R _   0.021 0.020 0.001 0.009 0.006 0.017 0.050 0.876 
 599 T _   0.017 0.016 0.001 0.008 0.005 0.015 0.050 0.889 
 600 M _   0.014 0.013 0.000 0.007 0.004 0.014 0.050 0.898 
 601 H _   0.012 0.012 0.000 0.006 0.004 0.013 0.050 0.903 
 602 Y _   0.011 0.011 0.000 0.007 0.004 0.012 0.050 0.905 
 603 S _   0.010 0.012 0.000 0.007 0.004 0.012 0.049 0.905 
 604 I _   0.010 0.013 0.001 0.009 0.004 0.013 0.049 0.902 
 605 S _   0.010 0.014 0.001 0.010 0.005 0.013 0.048 0.898 
 606 K _   0.010 0.016 0.001 0.012 0.006 0.014 0.048 0.894 
 607 Q _   0.011 0.017 0.001 0.014 0.006 0.015 0.047 0.889 
 608 K _   0.011 0.019 0.001 0.015 0.006 0.016 0.046 0.886 
 609 M _   0.011 0.020 0.001 0.015 0.007 0.017 0.046 0.885 
 610 A _   0.012 0.020 0.001 0.013 0.007 0.018 0.045 0.884 
 611 I _   0.013 0.021 0.001 0.012 0.006 0.019 0.045 0.885 
 612 T _   0.014 0.021 0.001 0.010 0.006 0.020 0.044 0.884 
 613 K _   0.016 0.022 0.001 0.009 0.007 0.022 0.043 0.881 
 614 E _   0.019 0.024 0.001 0.009 0.008 0.025 0.043 0.873 
 615 H _   0.023 0.027 0.001 0.009 0.010 0.028 0.042 0.860 
 616 S _   0.028 0.035 0.001 0.012 0.013 0.032 0.041 0.838 
 617 I _   0.034 0.047 0.001 0.017 0.018 0.037 0.040 0.807 
 618 T _   0.039 0.064 0.002 0.024 0.023 0.040 0.039 0.770 
 619 L _   0.042 0.084 0.002 0.033 0.028 0.043 0.038 0.731 
 620 N _   0.045 0.102 0.002 0.042 0.031 0.043 0.037 0.698 
 621 L _   0.045 0.115 0.002 0.049 0.032 0.043 0.037 0.678 
 622 T _   0.044 0.121 0.002 0.053 0.031 0.041 0.037 0.673 
 623 I _   0.041 0.122 0.002 0.053 0.028 0.038 0.037 0.679 
 624 M _   0.037 0.118 0.002 0.049 0.025 0.034 0.038 0.697 
 625 N _   0.033 0.110 0.002 0.041 0.021 0.030 0.039 0.724 
 626 V _   0.029 0.096 0.001 0.033 0.016 0.026 0.040 0.759 
 627 S _   0.025 0.079 0.001 0.024 0.012 0.022 0.041 0.796 
 628 L _   0.020 0.062 0.001 0.017 0.008 0.018 0.043 0.831 
 629 Q _   0.017 0.048 0.001 0.011 0.006 0.015 0.043 0.859 
 630 D _   0.013 0.039 0.001 0.008 0.004 0.013 0.044 0.878 
 631 S _   0.011 0.034 0.000 0.006 0.003 0.012 0.044 0.888 
 632 G _   0.010 0.032 0.000 0.006 0.003 0.011 0.044 0.893 
 633 T _   0.009 0.033 0.000 0.006 0.003 0.011 0.043 0.894 
 634 Y _   0.010 0.035 0.000 0.007 0.004 0.012 0.043 0.891 
 635 A _   0.010 0.039 0.001 0.009 0.004 0.013 0.042 0.883 
 636 C _   0.010 0.046 0.001 0.011 0.005 0.014 0.041 0.872 
 637 R _   0.011 0.055 0.001 0.014 0.006 0.015 0.040 0.859 
 638 A _   0.011 0.065 0.001 0.017 0.007 0.015 0.039 0.844 
 639 R _   0.011 0.076 0.001 0.019 0.008 0.016 0.037 0.831 
 640 N _   0.012 0.086 0.001 0.021 0.009 0.016 0.037 0.819 
 641 V _   0.012 0.094 0.001 0.023 0.009 0.017 0.036 0.809 
 642 Y _   0.012 0.100 0.001 0.024 0.009 0.017 0.035 0.803 
 643 T _   0.012 0.104 0.001 0.024 0.009 0.016 0.035 0.799 
 644 G _   0.012 0.107 0.001 0.023 0.009 0.016 0.035 0.797 
 645 E _   0.012 0.109 0.001 0.022 0.008 0.015 0.034 0.798 
 646 E _   0.012 0.110 0.001 0.021 0.008 0.015 0.034 0.800 
 647 I _   0.012 0.109 0.001 0.019 0.007 0.014 0.035 0.804 
 648 L _   0.011 0.107 0.001 0.017 0.006 0.013 0.035 0.810 
 649 Q _   0.011 0.105 0.001 0.015 0.006 0.012 0.035 0.816 
 650 K _   0.010 0.103 0.001 0.013 0.005 0.011 0.035 0.822 
 651 K _   0.010 0.101 0.001 0.011 0.004 0.011 0.035 0.828 
 652 E _   0.009 0.099 0.000 0.010 0.004 0.010 0.035 0.832 
 653 I _   0.008 0.099 0.000 0.009 0.004 0.010 0.035 0.834 
 654 T _   0.008 0.100 0.000 0.009 0.004 0.010 0.035 0.835 
 655 I _   0.008 0.102 0.000 0.009 0.004 0.010 0.035 0.832 
 656 R _   0.008 0.106 0.000 0.010 0.004 0.010 0.034 0.828 
 657 D _   0.008 0.112 0.001 0.011 0.004 0.010 0.034 0.821 
 658 Q _   0.008 0.119 0.001 0.012 0.005 0.011 0.033 0.813 
 659 E _   0.007 0.127 0.001 0.014 0.005 0.011 0.033 0.803 
 660 A _   0.007 0.135 0.001 0.015 0.005 0.011 0.032 0.793 
 661 P _   0.007 0.143 0.001 0.016 0.005 0.011 0.032 0.785 
 662 Y _   0.007 0.150 0.001 0.016 0.005 0.011 0.031 0.779 
 663 L _   0.007 0.156 0.001 0.015 0.005 0.011 0.031 0.774 
