#TopoPred_TM8: 8-state transmembrane topology prediction results by no_profile mode 
#probabilities are in the order of H E C I L F X _, the 8 transmembrane topology types used in PDBTM 
   1 M _   0.034 0.000 0.003 0.028 0.013 0.017 0.350 0.555 
   2 P _   0.020 0.000 0.000 0.012 0.003 0.010 0.355 0.600 
   3 Q _   0.020 0.000 0.000 0.006 0.002 0.008 0.351 0.613 
   4 L _   0.048 0.000 0.001 0.004 0.003 0.010 0.335 0.600 
   5 Y _   0.126 0.000 0.001 0.003 0.007 0.015 0.296 0.551 
   6 I _   0.266 0.000 0.002 0.002 0.013 0.021 0.232 0.463 
   7 Y H   0.426 0.000 0.002 0.002 0.017 0.024 0.172 0.357 
   8 I H   0.569 0.000 0.002 0.002 0.020 0.024 0.123 0.259 
   9 R H   0.678 0.000 0.002 0.001 0.022 0.023 0.089 0.184 
  10 L H   0.747 0.000 0.002 0.001 0.025 0.020 0.068 0.136 
  11 L H   0.790 0.000 0.002 0.001 0.026 0.018 0.056 0.107 
  12 G H   0.814 0.000 0.001 0.001 0.027 0.016 0.049 0.092 
  13 A H   0.824 0.000 0.001 0.001 0.027 0.015 0.045 0.087 
  14 Y H   0.822 0.000 0.001 0.001 0.027 0.014 0.042 0.092 
  15 L H   0.808 0.000 0.001 0.001 0.027 0.013 0.041 0.108 
  16 F H   0.780 0.000 0.002 0.001 0.027 0.013 0.041 0.137 
  17 I H   0.735 0.000 0.002 0.002 0.025 0.013 0.041 0.181 
  18 I H   0.671 0.000 0.002 0.002 0.023 0.014 0.043 0.245 
  19 S H   0.585 0.000 0.002 0.003 0.020 0.014 0.046 0.330 
  20 R H   0.487 0.000 0.002 0.003 0.016 0.014 0.049 0.429 
  21 V _   0.384 0.000 0.001 0.003 0.012 0.013 0.054 0.532 
  22 Q _   0.287 0.000 0.001 0.003 0.009 0.013 0.058 0.628 
  23 G _   0.205 0.000 0.001 0.003 0.007 0.012 0.062 0.710 
  24 Q _   0.140 0.000 0.001 0.003 0.005 0.012 0.066 0.772 
  25 N _   0.097 0.001 0.001 0.004 0.005 0.012 0.069 0.812 
  26 L _   0.069 0.001 0.001 0.006 0.005 0.013 0.071 0.835 
  27 D _   0.049 0.003 0.001 0.009 0.005 0.013 0.073 0.847 
  28 S _   0.037 0.005 0.001 0.012 0.006 0.014 0.075 0.850 
  29 M _   0.028 0.008 0.001 0.017 0.006 0.014 0.077 0.848 
  30 L _   0.022 0.011 0.001 0.021 0.007 0.014 0.079 0.845 
  31 H _   0.018 0.014 0.001 0.024 0.007 0.013 0.081 0.843 
  32 G _   0.015 0.015 0.001 0.024 0.006 0.012 0.083 0.845 
  33 T _   0.012 0.015 0.001 0.022 0.005 0.011 0.086 0.849 
  34 G _   0.010 0.014 0.001 0.018 0.004 0.009 0.088 0.856 
  35 M _   0.009 0.012 0.000 0.013 0.003 0.008 0.091 0.863 
  36 K _   0.007 0.011 0.000 0.009 0.002 0.007 0.093 0.870 
  37 S _   0.006 0.009 0.000 0.006 0.002 0.006 0.095 0.876 
  38 D _   0.005 0.009 0.000 0.005 0.001 0.005 0.096 0.879 
  39 S _   0.005 0.009 0.000 0.004 0.001 0.005 0.096 0.880 
  40 D _   0.004 0.010 0.000 0.004 0.001 0.005 0.096 0.879 
  41 Q _   0.005 0.013 0.000 0.004 0.001 0.006 0.095 0.876 
  42 K _   0.005 0.019 0.000 0.006 0.002 0.007 0.094 0.867 
  43 K _   0.006 0.032 0.000 0.009 0.003 0.009 0.091 0.851 
  44 S _   0.006 0.054 0.001 0.013 0.004 0.011 0.087 0.825 
  45 E _   0.006 0.088 0.001 0.018 0.005 0.012 0.082 0.787 
  46 N _   0.006 0.133 0.001 0.022 0.006 0.013 0.077 0.741 
  47 G _   0.006 0.182 0.001 0.026 0.007 0.014 0.071 0.693 
  48 V _   0.006 0.229 0.001 0.028 0.008 0.014 0.066 0.649 
  49 T _   0.006 0.269 0.001 0.029 0.008 0.014 0.061 0.612 
  50 L _   0.006 0.303 0.001 0.029 0.008 0.015 0.057 0.582 
  51 A _   0.006 0.331 0.001 0.029 0.008 0.015 0.054 0.557 
  52 P _   0.006 0.354 0.001 0.028 0.008 0.015 0.051 0.536 
  53 E _   0.006 0.374 0.001 0.029 0.009 0.015 0.049 0.518 
  54 D _   0.006 0.392 0.001 0.030 0.009 0.015 0.047 0.500 
  55 T _   0.006 0.408 0.001 0.031 0.009 0.015 0.046 0.484 
  56 L _   0.007 0.421 0.001 0.034 0.010 0.015 0.044 0.469 
  57 P _   0.007 0.431 0.001 0.036 0.010 0.015 0.043 0.457 
  58 F _   0.007 0.436 0.001 0.039 0.010 0.014 0.043 0.451 
  59 L _   0.007 0.436 0.001 0.040 0.010 0.014 0.043 0.450 
  60 K _   0.006 0.430 0.001 0.041 0.009 0.013 0.043 0.457 
  61 C _   0.006 0.417 0.001 0.039 0.009 0.012 0.044 0.471 
  62 Y _   0.006 0.394 0.001 0.037 0.009 0.011 0.045 0.497 
  63 C _   0.007 0.359 0.001 0.033 0.008 0.011 0.047 0.535 
  64 S _   0.007 0.313 0.001 0.027 0.007 0.010 0.049 0.585 
  65 G _   0.007 0.263 0.001 0.021 0.006 0.010 0.051 0.641 
  66 H _   0.006 0.217 0.001 0.016 0.005 0.009 0.054 0.693 
  67 C _   0.006 0.182 0.001 0.011 0.003 0.008 0.055 0.734 
  68 P _   0.005 0.161 0.000 0.008 0.002 0.008 0.056 0.759 
  69 D _   0.004 0.151 0.000 0.006 0.002 0.007 0.057 0.773 
  70 D _   0.004 0.147 0.000 0.005 0.002 0.008 0.056 0.777 
  71 A _   0.005 0.148 0.000 0.006 0.002 0.009 0.056 0.774 
  72 I _   0.006 0.155 0.000 0.008 0.003 0.011 0.054 0.763 
  73 N _   0.007 0.171 0.001 0.012 0.005 0.014 0.052 0.739 
  74 N _   0.009 0.202 0.001 0.017 0.008 0.018 0.049 0.695 
  75 T _   0.011 0.255 0.001 0.025 0.012 0.021 0.045 0.630 
  76 C _   0.012 0.326 0.002 0.034 0.016 0.023 0.041 0.547 
  77 I _   0.011 0.401 0.002 0.043 0.018 0.023 0.037 0.464 
  78 T E   0.010 0.463 0.002 0.052 0.019 0.023 0.034 0.397 
  79 N E   0.010 0.504 0.002 0.058 0.019 0.022 0.032 0.354 
  80 G E   0.010 0.527 0.001 0.062 0.018 0.021 0.030 0.330 
  81 H E   0.010 0.538 0.001 0.064 0.017 0.020 0.030 0.321 
  82 C E   0.010 0.538 0.001 0.063 0.015 0.019 0.030 0.325 
  83 F E   0.009 0.527 0.001 0.059 0.014 0.017 0.031 0.341 
  84 A E   0.009 0.503 0.001 0.051 0.013 0.016 0.033 0.374 
  85 I E   0.009 0.458 0.001 0.042 0.011 0.014 0.035 0.429 
  86 I _   0.010 0.394 0.001 0.031 0.009 0.013 0.037 0.505 
  87 E _   0.009 0.324 0.001 0.021 0.007 0.012 0.040 0.585 
  88 E _   0.008 0.268 0.001 0.013 0.005 0.010 0.043 0.652 
  89 D _   0.007 0.235 0.000 0.008 0.003 0.009 0.044 0.693 
  90 D _   0.006 0.220 0.000 0.006 0.002 0.009 0.045 0.712 
  91 Q _   0.005 0.215 0.000 0.006 0.002 0.009 0.045 0.718 
  92 G _   0.005 0.217 0.000 0.007 0.002 0.010 0.045 0.714 
  93 E _   0.006 0.226 0.000 0.011 0.003 0.011 0.044 0.698 
  94 T _   0.006 0.246 0.001 0.017 0.005 0.013 0.042 0.670 
  95 T _   0.007 0.274 0.001 0.025 0.007 0.014 0.041 0.632 
  96 L _   0.006 0.304 0.001 0.034 0.008 0.014 0.039 0.594 
  97 A _   0.006 0.326 0.001 0.042 0.009 0.015 0.038 0.564 
  98 S _   0.006 0.341 0.001 0.047 0.009 0.015 0.037 0.545 
  99 G _   0.006 0.347 0.001 0.050 0.010 0.014 0.037 0.536 
 100 C _   0.006 0.346 0.001 0.050 0.010 0.014 0.037 0.536 
 101 M _   0.006 0.338 0.001 0.048 0.009 0.013 0.038 0.545 
 102 K _   0.007 0.322 0.001 0.044 0.009 0.013 0.040 0.565 
 103 Y _   0.007 0.294 0.001 0.039 0.008 0.012 0.042 0.596 
 104 E _   0.008 0.253 0.001 0.033 0.008 0.012 0.046 0.639 
 105 G _   0.008 0.204 0.001 0.027 0.007 0.011 0.050 0.692 
 106 S _   0.008 0.154 0.001 0.021 0.006 0.011 0.054 0.746 
 107 D _   0.008 0.111 0.001 0.015 0.004 0.010 0.057 0.794 
 108 F _   0.007 0.080 0.000 0.011 0.003 0.009 0.060 0.830 
 109 Q _   0.006 0.060 0.000 0.007 0.002 0.008 0.062 0.854 
 110 C _   0.006 0.049 0.000 0.005 0.002 0.008 0.062 0.868 
 111 K _   0.005 0.044 0.000 0.004 0.001 0.008 0.062 0.875 
 112 D _   0.005 0.043 0.000 0.004 0.002 0.009 0.062 0.876 
 113 S _   0.005 0.044 0.000 0.005 0.002 0.010 0.061 0.872 
 114 P _   0.007 0.050 0.000 0.007 0.003 0.014 0.059 0.860 
 115 K _   0.009 0.064 0.001 0.012 0.005 0.018 0.056 0.836 
 116 A _   0.012 0.092 0.001 0.019 0.009 0.023 0.052 0.793 
 117 Q _   0.014 0.135 0.001 0.029 0.014 0.028 0.047 0.731 
 118 L _   0.015 0.187 0.002 0.041 0.018 0.032 0.043 0.663 
 119 R _   0.016 0.235 0.002 0.053 0.022 0.034 0.038 0.601 
 120 R _   0.017 0.267 0.002 0.061 0.024 0.035 0.035 0.559 
 121 T _   0.017 0.286 0.002 0.067 0.025 0.035 0.033 0.536 
 122 I _   0.018 0.295 0.002 0.069 0.025 0.034 0.031 0.527 
 123 E _   0.018 0.296 0.002 0.067 0.025 0.032 0.030 0.531 
 124 C _   0.018 0.288 0.002 0.062 0.023 0.030 0.029 0.547 
 125 C _   0.018 0.272 0.002 0.055 0.021 0.028 0.029 0.574 
 126 R _   0.019 0.246 0.002 0.046 0.019 0.026 0.029 0.613 
 127 T _   0.019 0.208 0.002 0.037 0.017 0.024 0.030 0.664 
 128 N _   0.019 0.164 0.002 0.029 0.014 0.022 0.031 0.720 
 129 L _   0.018 0.120 0.001 0.023 0.011 0.020 0.031 0.774 
 130 C _   0.018 0.084 0.001 0.018 0.009 0.019 0.032 0.820 
 131 N _   0.017 0.057 0.001 0.014 0.007 0.017 0.032 0.855 
 132 Q _   0.015 0.038 0.001 0.011 0.006 0.015 0.033 0.881 
 133 Y _   0.015 0.026 0.001 0.009 0.005 0.014 0.032 0.898 
 134 L _   0.014 0.018 0.001 0.008 0.005 0.013 0.032 0.910 
 135 Q _   0.013 0.012 0.001 0.007 0.004 0.012 0.032 0.918 
 136 P _   0.013 0.009 0.001 0.007 0.004 0.012 0.031 0.923 
 137 T _   0.013 0.007 0.001 0.007 0.004 0.012 0.031 0.926 
 138 L _   0.014 0.005 0.001 0.007 0.005 0.012 0.030 0.928 
 139 P _   0.015 0.004 0.001 0.008 0.005 0.012 0.029 0.927 
 140 P _   0.018 0.003 0.001 0.008 0.005 0.011 0.028 0.926 
 141 V _   0.021 0.002 0.001 0.007 0.005 0.011 0.027 0.925 
 142 V _   0.026 0.001 0.001 0.006 0.005 0.011 0.026 0.923 
 143 I _   0.033 0.001 0.001 0.005 0.005 0.010 0.025 0.921 
 144 G _   0.043 0.000 0.001 0.003 0.004 0.009 0.024 0.915 
 145 P _   0.057 0.000 0.000 0.002 0.004 0.008 0.022 0.906 
 146 F _   0.075 0.000 0.000 0.001 0.003 0.007 0.021 0.892 
 147 F _   0.101 0.000 0.000 0.001 0.003 0.006 0.020 0.868 
 148 D _   0.137 0.000 0.000 0.000 0.003 0.006 0.018 0.835 
 149 G _   0.185 0.000 0.000 0.000 0.004 0.006 0.017 0.788 
 150 S _   0.254 0.000 0.001 0.000 0.004 0.006 0.016 0.720 
 151 I _   0.345 0.000 0.001 0.000 0.005 0.005 0.015 0.630 
 152 R _   0.450 0.000 0.001 0.000 0.005 0.005 0.013 0.526 
 153 W H   0.563 0.000 0.001 0.000 0.005 0.005 0.012 0.414 
 154 L H   0.664 0.000 0.001 0.000 0.005 0.004 0.010 0.315 
 155 V H   0.748 0.000 0.001 0.000 0.005 0.004 0.009 0.233 
 156 L H   0.814 0.000 0.001 0.000 0.005 0.003 0.008 0.168 
 157 L H   0.865 0.000 0.001 0.000 0.005 0.003 0.007 0.119 
 158 I H   0.903 0.000 0.001 0.000 0.005 0.002 0.006 0.083 
 159 S H   0.929 0.000 0.001 0.000 0.005 0.002 0.005 0.058 
 160 M H   0.947 0.000 0.001 0.000 0.005 0.002 0.005 0.042 
 161 A H   0.958 0.000 0.001 0.000 0.005 0.002 0.004 0.031 
 162 V H   0.964 0.000 0.001 0.000 0.005 0.002 0.003 0.025 
 163 C H   0.966 0.000 0.001 0.000 0.006 0.002 0.003 0.022 
 164 I H   0.965 0.000 0.001 0.000 0.006 0.002 0.003 0.023 
 165 I H   0.962 0.000 0.001 0.000 0.007 0.002 0.002 0.026 
 166 A H   0.953 0.000 0.001 0.000 0.008 0.002 0.002 0.034 
 167 M H   0.940 0.000 0.001 0.000 0.008 0.003 0.002 0.046 
 168 I H   0.920 0.000 0.001 0.000 0.009 0.003 0.002 0.065 
 169 I H   0.891 0.000 0.001 0.000 0.010 0.003 0.003 0.092 
 170 F H   0.851 0.000 0.001 0.000 0.011 0.004 0.003 0.129 
 171 S H   0.801 0.000 0.001 0.000 0.011 0.005 0.004 0.177 
 172 S H   0.738 0.000 0.001 0.001 0.011 0.006 0.006 0.237 
 173 C H   0.664 0.000 0.001 0.001 0.011 0.007 0.008 0.308 
 174 F H   0.577 0.000 0.001 0.001 0.011 0.008 0.011 0.391 
 175 C H   0.482 0.000 0.001 0.001 0.010 0.009 0.016 0.481 
 176 Y _   0.387 0.000 0.001 0.002 0.009 0.009 0.021 0.570 
 177 K _   0.298 0.000 0.001 0.002 0.008 0.010 0.028 0.653 
 178 H _   0.222 0.000 0.001 0.003 0.007 0.010 0.034 0.723 
 179 Y _   0.160 0.000 0.001 0.004 0.006 0.010 0.040 0.779 
 180 C _   0.112 0.000 0.001 0.006 0.005 0.010 0.045 0.821 
 181 K _   0.077 0.001 0.001 0.007 0.005 0.010 0.049 0.851 
 182 S _   0.053 0.001 0.001 0.008 0.004 0.010 0.053 0.871 
 183 I _   0.037 0.001 0.000 0.008 0.004 0.009 0.057 0.883 
 184 S _   0.027 0.001 0.000 0.008 0.003 0.009 0.060 0.892 
 185 S _   0.019 0.001 0.000 0.008 0.003 0.008 0.063 0.898 
 186 R _   0.014 0.002 0.000 0.008 0.003 0.007 0.065 0.902 
 187 R _   0.011 0.002 0.000 0.007 0.002 0.007 0.067 0.905 
 188 R _   0.008 0.002 0.000 0.006 0.002 0.006 0.068 0.908 
 189 Y _   0.007 0.002 0.000 0.005 0.002 0.006 0.069 0.910 
 190 N _   0.006 0.002 0.000 0.004 0.002 0.005 0.069 0.911 
 191 R _   0.005 0.003 0.000 0.004 0.002 0.006 0.070 0.911 
 192 D _   0.005 0.004 0.000 0.004 0.002 0.006 0.069 0.909 
 193 L _   0.005 0.007 0.000 0.005 0.002 0.007 0.069 0.904 
 194 E _   0.006 0.012 0.000 0.007 0.003 0.009 0.068 0.896 
 195 Q _   0.007 0.022 0.000 0.010 0.004 0.010 0.066 0.882 
 196 D _   0.007 0.036 0.001 0.014 0.005 0.012 0.064 0.860 
 197 E _   0.008 0.057 0.001 0.020 0.007 0.015 0.062 0.831 
 198 A _   0.009 0.082 0.001 0.026 0.008 0.016 0.059 0.798 
 199 F _   0.009 0.105 0.001 0.033 0.010 0.017 0.057 0.767 
 200 I _   0.009 0.124 0.001 0.039 0.011 0.018 0.055 0.742 
 201 P _   0.009 0.138 0.001 0.044 0.012 0.019 0.053 0.725 
 202 V _   0.009 0.146 0.001 0.047 0.012 0.019 0.053 0.714 
 203 G _   0.010 0.149 0.001 0.048 0.012 0.019 0.052 0.710 
 204 E _   0.010 0.148 0.001 0.047 0.012 0.018 0.052 0.712 
 205 S _   0.010 0.143 0.001 0.043 0.011 0.017 0.053 0.722 
 206 L _   0.010 0.134 0.001 0.039 0.010 0.016 0.054 0.738 
 207 K _   0.009 0.119 0.001 0.033 0.009 0.014 0.055 0.759 
 208 D _   0.009 0.100 0.001 0.027 0.007 0.013 0.057 0.785 
 209 L _   0.009 0.079 0.001 0.021 0.006 0.012 0.059 0.814 
 210 I _   0.008 0.058 0.001 0.016 0.005 0.010 0.060 0.842 
 211 D _   0.007 0.040 0.001 0.012 0.004 0.009 0.062 0.866 
 212 Q _   0.007 0.026 0.000 0.008 0.003 0.008 0.062 0.885 
 213 S _   0.006 0.017 0.000 0.006 0.002 0.008 0.063 0.898 
 214 Q _   0.005 0.011 0.000 0.005 0.002 0.007 0.063 0.907 
 215 S _   0.005 0.008 0.000 0.004 0.002 0.008 0.062 0.910 
 216 S _   0.006 0.007 0.000 0.004 0.002 0.009 0.061 0.911 
 217 G _   0.007 0.007 0.000 0.004 0.002 0.012 0.060 0.907 
 218 S _   0.010 0.007 0.000 0.006 0.003 0.015 0.059 0.900 
 219 G _   0.014 0.009 0.001 0.008 0.005 0.020 0.057 0.886 
 220 S _   0.019 0.013 0.001 0.012 0.008 0.026 0.055 0.867 
 221 G _   0.025 0.019 0.001 0.017 0.012 0.032 0.052 0.842 
 222 L _   0.032 0.025 0.001 0.022 0.017 0.038 0.050 0.814 
 223 P _   0.039 0.031 0.001 0.027 0.022 0.044 0.048 0.789 
 224 L _   0.045 0.035 0.002 0.031 0.025 0.047 0.046 0.769 
 225 L _   0.051 0.037 0.002 0.032 0.028 0.050 0.045 0.756 
 226 V _   0.056 0.038 0.002 0.031 0.029 0.051 0.043 0.751 
 227 Q _   0.060 0.037 0.002 0.028 0.029 0.050 0.042 0.752 
 228 R _   0.061 0.035 0.002 0.025 0.028 0.049 0.042 0.759 
 229 T _   0.062 0.032 0.002 0.022 0.025 0.046 0.042 0.770 
 230 I _   0.061 0.029 0.001 0.019 0.022 0.044 0.042 0.783 
 231 A _   0.059 0.025 0.001 0.017 0.019 0.040 0.042 0.797 
 232 K _   0.056 0.022 0.001 0.015 0.017 0.037 0.042 0.810 
 233 Q _   0.051 0.020 0.001 0.014 0.014 0.033 0.042 0.824 
 234 I _   0.047 0.018 0.001 0.013 0.013 0.030 0.042 0.837 
 235 Q _   0.042 0.016 0.001 0.013 0.011 0.027 0.042 0.849 
 236 M _   0.037 0.014 0.001 0.012 0.009 0.024 0.042 0.861 
 237 V _   0.033 0.012 0.001 0.011 0.008 0.022 0.042 0.872 
 238 R _   0.028 0.010 0.001 0.010 0.007 0.019 0.042 0.882 
 239 Q _   0.024 0.009 0.001 0.009 0.006 0.017 0.042 0.892 
 240 V _   0.021 0.008 0.001 0.008 0.005 0.016 0.042 0.900 
 241 G _   0.018 0.007 0.001 0.007 0.005 0.015 0.041 0.906 
 242 K _   0.016 0.007 0.001 0.007 0.005 0.014 0.041 0.910 
 243 G _   0.015 0.007 0.001 0.008 0.005 0.014 0.041 0.912 
 244 R _   0.013 0.007 0.001 0.008 0.005 0.013 0.040 0.913 
 245 Y _   0.013 0.008 0.001 0.009 0.005 0.014 0.040 0.912 
 246 G _   0.012 0.008 0.001 0.011 0.005 0.014 0.039 0.910 
 247 E _   0.012 0.009 0.001 0.012 0.006 0.014 0.038 0.908 
 248 V _   0.012 0.010 0.001 0.013 0.006 0.014 0.038 0.907 
 249 W _   0.012 0.011 0.001 0.013 0.006 0.015 0.037 0.906 
 250 M _   0.012 0.011 0.001 0.012 0.006 0.015 0.036 0.906 
 251 G _   0.012 0.012 0.001 0.011 0.006 0.016 0.036 0.907 
 252 K _   0.013 0.012 0.001 0.010 0.006 0.017 0.035 0.907 
 253 W _   0.014 0.012 0.001 0.009 0.006 0.018 0.035 0.906 
 254 R _   0.015 0.012 0.001 0.009 0.006 0.020 0.034 0.903 
 255 G _   0.018 0.013 0.001 0.009 0.007 0.022 0.033 0.897 
 256 E _   0.021 0.015 0.001 0.010 0.009 0.026 0.032 0.886 
 257 K _   0.025 0.019 0.001 0.012 0.011 0.029 0.032 0.871 
 258 V _   0.029 0.025 0.001 0.016 0.015 0.033 0.031 0.851 
 259 A _   0.033 0.031 0.001 0.022 0.018 0.036 0.030 0.829 
 260 V _   0.036 0.038 0.002 0.028 0.022 0.038 0.029 0.808 
 261 K _   0.037 0.043 0.002 0.034 0.024 0.040 0.028 0.792 
 262 V _   0.037 0.046 0.002 0.038 0.025 0.040 0.028 0.785 
 263 F _   0.036 0.047 0.002 0.039 0.024 0.038 0.028 0.786 
 264 F _   0.035 0.045 0.002 0.037 0.022 0.036 0.028 0.796 
 265 T _   0.033 0.039 0.002 0.032 0.019 0.034 0.028 0.814 
 266 T _   0.031 0.032 0.001 0.025 0.016 0.031 0.028 0.837 
 267 E _   0.029 0.022 0.001 0.018 0.012 0.028 0.028 0.860 
 268 E _   0.028 0.014 0.001 0.012 0.010 0.026 0.028 0.881 
 269 A _   0.028 0.008 0.001 0.008 0.007 0.025 0.028 0.895 
 270 S _   0.030 0.004 0.001 0.006 0.006 0.024 0.028 0.902 
 271 W _   0.033 0.002 0.001 0.004 0.006 0.024 0.027 0.903 
 272 F _   0.038 0.001 0.001 0.004 0.006 0.025 0.027 0.898 
 273 R _   0.045 0.001 0.001 0.005 0.007 0.027 0.027 0.887 
 274 E _   0.054 0.001 0.001 0.005 0.009 0.030 0.026 0.874 
 275 T _   0.064 0.001 0.001 0.006 0.011 0.033 0.026 0.858 
 276 E _   0.075 0.001 0.001 0.008 0.013 0.037 0.025 0.840 
 277 I _   0.086 0.001 0.001 0.009 0.016 0.039 0.025 0.823 
 278 Y _   0.098 0.001 0.001 0.009 0.017 0.042 0.024 0.807 
 279 Q _   0.110 0.001 0.001 0.009 0.019 0.043 0.024 0.793 
 280 T _   0.120 0.001 0.001 0.008 0.019 0.044 0.023 0.782 
 281 V _   0.129 0.001 0.001 0.007 0.019 0.045 0.023 0.774 
 282 L _   0.137 0.001 0.001 0.006 0.019 0.046 0.023 0.768 
 283 M _   0.143 0.001 0.001 0.005 0.019 0.046 0.023 0.762 
 284 R _   0.149 0.000 0.001 0.005 0.019 0.046 0.023 0.756 
 285 H _   0.155 0.001 0.001 0.005 0.020 0.047 0.023 0.748 
 286 E _   0.159 0.001 0.001 0.006 0.022 0.048 0.023 0.740 
 287 N _   0.162 0.001 0.001 0.007 0.024 0.048 0.023 0.732 
 288 I _   0.163 0.002 0.002 0.010 0.025 0.048 0.024 0.727 
 289 L _   0.159 0.003 0.002 0.013 0.027 0.047 0.025 0.724 
 290 G _   0.152 0.005 0.002 0.017 0.027 0.046 0.026 0.726 
 291 F _   0.142 0.005 0.002 0.019 0.026 0.043 0.027 0.737 
 292 I _   0.128 0.006 0.002 0.019 0.023 0.040 0.028 0.755 
 293 A _   0.111 0.005 0.002 0.018 0.020 0.036 0.029 0.780 
 294 A _   0.093 0.004 0.001 0.014 0.015 0.032 0.030 0.810 
 295 D _   0.077 0.003 0.001 0.010 0.011 0.028 0.031 0.839 
 296 I _   0.062 0.002 0.001 0.007 0.008 0.025 0.031 0.863 
 297 K _   0.051 0.002 0.001 0.005 0.006 0.023 0.032 0.880 
 298 G _   0.043 0.002 0.001 0.004 0.006 0.022 0.032 0.891 
 299 T _   0.037 0.003 0.001 0.005 0.006 0.023 0.032 0.894 
 300 G _   0.034 0.005 0.001 0.007 0.007 0.024 0.032 0.890 
 301 S _   0.032 0.009 0.001 0.012 0.009 0.025 0.032 0.880 
 302 W _   0.030 0.016 0.001 0.019 0.012 0.026 0.032 0.864 
 303 T _   0.028 0.023 0.001 0.028 0.015 0.027 0.032 0.847 
 304 Q _   0.026 0.030 0.001 0.036 0.016 0.026 0.032 0.833 
 305 L _   0.024 0.034 0.001 0.041 0.016 0.025 0.032 0.827 
 306 Y _   0.021 0.035 0.001 0.041 0.015 0.023 0.033 0.831 
 307 L _   0.019 0.034 0.001 0.038 0.013 0.020 0.033 0.842 
 308 I _   0.016 0.030 0.001 0.032 0.011 0.018 0.034 0.859 
 309 T _   0.013 0.025 0.001 0.024 0.008 0.015 0.035 0.880 
 310 D _   0.011 0.018 0.001 0.016 0.006 0.012 0.036 0.900 
 311 Y _   0.009 0.011 0.000 0.010 0.004 0.010 0.037 0.918 
 312 H _   0.008 0.006 0.000 0.006 0.003 0.009 0.037 0.930 
 313 E _   0.007 0.004 0.000 0.004 0.002 0.009 0.037 0.936 
 314 N _   0.007 0.003 0.000 0.004 0.002 0.009 0.037 0.939 
 315 G _   0.007 0.002 0.000 0.004 0.002 0.010 0.037 0.937 
 316 S _   0.009 0.003 0.000 0.005 0.003 0.012 0.036 0.933 
 317 L _   0.010 0.003 0.000 0.007 0.004 0.015 0.036 0.924 
 318 Y _   0.013 0.005 0.001 0.011 0.006 0.018 0.035 0.913 
 319 D _   0.015 0.007 0.001 0.015 0.008 0.022 0.033 0.900 
 320 F _   0.018 0.008 0.001 0.019 0.010 0.025 0.032 0.886 
 321 L _   0.022 0.009 0.001 0.022 0.012 0.028 0.031 0.874 
 322 K _   0.027 0.010 0.001 0.023 0.014 0.031 0.030 0.864 
 323 C _   0.033 0.009 0.001 0.022 0.015 0.034 0.029 0.856 
 324 A _   0.041 0.008 0.001 0.020 0.016 0.036 0.028 0.850 
 325 T _   0.051 0.007 0.001 0.017 0.016 0.037 0.028 0.844 
 326 L _   0.064 0.005 0.001 0.013 0.015 0.039 0.027 0.836 
 327 D _   0.080 0.003 0.001 0.010 0.015 0.040 0.026 0.824 
 328 T _   0.099 0.002 0.001 0.008 0.015 0.041 0.026 0.808 
 329 R _   0.122 0.001 0.001 0.006 0.016 0.042 0.025 0.786 
 330 A _   0.147 0.001 0.001 0.005 0.017 0.044 0.025 0.760 
 331 L _   0.174 0.000 0.001 0.005 0.018 0.045 0.024 0.732 
 332 L _   0.202 0.000 0.001 0.005 0.021 0.047 0.024 0.701 
 333 K _   0.229 0.000 0.001 0.005 0.023 0.048 0.023 0.670 
 334 L _   0.253 0.001 0.002 0.005 0.026 0.049 0.023 0.642 
 335 A _   0.273 0.001 0.002 0.006 0.029 0.049 0.023 0.617 
 336 Y _   0.288 0.001 0.002 0.007 0.032 0.049 0.024 0.598 
 337 S _   0.297 0.001 0.002 0.008 0.033 0.048 0.024 0.587 
 338 A _   0.298 0.002 0.002 0.009 0.033 0.047 0.025 0.585 
 339 A _   0.293 0.002 0.002 0.009 0.032 0.044 0.027 0.591 
 340 C _   0.281 0.002 0.002 0.009 0.030 0.042 0.028 0.606 
 341 G _   0.263 0.002 0.002 0.010 0.028 0.039 0.030 0.627 
 342 L _   0.239 0.002 0.002 0.010 0.025 0.036 0.032 0.654 
 343 C _   0.210 0.002 0.002 0.010 0.021 0.033 0.034 0.687 
 344 H _   0.181 0.002 0.001 0.011 0.018 0.030 0.037 0.720 
 345 L _   0.150 0.002 0.001 0.011 0.015 0.027 0.039 0.753 
 346 H _   0.122 0.002 0.001 0.011 0.012 0.024 0.042 0.785 
 347 T _   0.097 0.002 0.001 0.011 0.010 0.021 0.045 0.814 
 348 E _   0.074 0.002 0.001 0.010 0.008 0.019 0.047 0.839 
 349 I _   0.056 0.002 0.001 0.009 0.006 0.016 0.049 0.860 
 350 Y _   0.042 0.002 0.001 0.009 0.005 0.014 0.051 0.876 
 351 G _   0.030 0.002 0.001 0.008 0.004 0.012 0.053 0.889 
 352 T _   0.022 0.002 0.000 0.008 0.004 0.011 0.055 0.898 
 353 Q _   0.017 0.003 0.000 0.007 0.003 0.010 0.056 0.903 
 354 G _   0.013 0.003 0.000 0.008 0.003 0.009 0.057 0.907 
 355 K _   0.011 0.004 0.000 0.008 0.003 0.009 0.058 0.908 
 356 P _   0.009 0.004 0.000 0.008 0.003 0.008 0.058 0.908 
 357 A _   0.008 0.005 0.000 0.008 0.003 0.008 0.059 0.908 
 358 I _   0.007 0.007 0.000 0.009 0.003 0.008 0.059 0.907 
 359 A _   0.007 0.008 0.000 0.009 0.003 0.008 0.059 0.906 
 360 H _   0.006 0.010 0.000 0.009 0.003 0.007 0.059 0.905 
 361 R _   0.006 0.011 0.000 0.009 0.003 0.007 0.059 0.904 
 362 D _   0.005 0.014 0.000 0.009 0.003 0.007 0.059 0.903 
 363 L _   0.005 0.016 0.000 0.009 0.003 0.008 0.058 0.900 
 364 K _   0.005 0.019 0.000 0.010 0.003 0.008 0.058 0.897 
 365 S _   0.005 0.023 0.000 0.010 0.003 0.008 0.057 0.892 
 366 K _   0.005 0.028 0.000 0.011 0.003 0.009 0.057 0.886 
 367 N _   0.006 0.033 0.000 0.012 0.004 0.010 0.056 0.879 
 368 I _   0.006 0.040 0.001 0.012 0.004 0.011 0.055 0.872 
 369 L _   0.006 0.047 0.001 0.013 0.004 0.012 0.054 0.863 
 370 I _   0.007 0.055 0.001 0.013 0.005 0.013 0.053 0.854 
 371 K _   0.007 0.064 0.001 0.014 0.005 0.014 0.052 0.844 
 372 K _   0.008 0.074 0.001 0.014 0.006 0.016 0.051 0.831 
 373 N _   0.009 0.087 0.001 0.016 0.007 0.018 0.049 0.813 
 374 G _   0.011 0.104 0.001 0.018 0.009 0.021 0.048 0.788 
 375 S _   0.013 0.125 0.001 0.022 0.012 0.024 0.046 0.756 
 376 C _   0.015 0.152 0.001 0.028 0.015 0.027 0.044 0.717 
 377 C _   0.017 0.184 0.002 0.036 0.018 0.029 0.043 0.672 
 378 I _   0.018 0.214 0.002 0.045 0.020 0.030 0.041 0.629 
 379 A _   0.019 0.238 0.002 0.054 0.022 0.030 0.040 0.595 
 380 D _   0.019 0.252 0.002 0.061 0.022 0.029 0.040 0.575 
 381 L _   0.019 0.259 0.002 0.065 0.022 0.028 0.040 0.566 
 382 G _   0.019 0.258 0.001 0.065 0.020 0.026 0.041 0.570 
 383 L _   0.018 0.250 0.002 0.061 0.018 0.024 0.042 0.586 
 384 A _   0.017 0.230 0.002 0.053 0.016 0.021 0.043 0.618 
 385 V _   0.016 0.198 0.002 0.043 0.013 0.019 0.046 0.664 
 386 K _   0.015 0.154 0.001 0.031 0.010 0.016 0.048 0.723 
 387 F _   0.014 0.108 0.001 0.021 0.007 0.013 0.051 0.784 
 388 N _   0.012 0.070 0.001 0.013 0.005 0.011 0.053 0.835 
 389 S _   0.010 0.046 0.000 0.008 0.003 0.009 0.055 0.868 
 390 D _   0.008 0.033 0.000 0.005 0.002 0.008 0.055 0.887 
 391 T _   0.007 0.028 0.000 0.004 0.002 0.007 0.056 0.896 
 392 N _   0.006 0.026 0.000 0.004 0.002 0.007 0.055 0.899 
 393 E _   0.006 0.027 0.000 0.004 0.002 0.008 0.055 0.898 
 394 V _   0.007 0.030 0.000 0.006 0.003 0.009 0.054 0.892 
 395 D _   0.007 0.036 0.000 0.008 0.003 0.011 0.052 0.882 
 396 V _   0.008 0.045 0.001 0.012 0.005 0.012 0.050 0.868 
 397 P _   0.008 0.058 0.001 0.016 0.006 0.014 0.048 0.850 
 398 L _   0.009 0.071 0.001 0.019 0.007 0.016 0.046 0.832 
 399 N _   0.009 0.085 0.001 0.022 0.008 0.017 0.043 0.815 
 400 T _   0.009 0.096 0.001 0.025 0.009 0.018 0.041 0.800 
 401 R _   0.010 0.106 0.001 0.027 0.010 0.019 0.039 0.788 
 402 V _   0.010 0.115 0.001 0.028 0.010 0.020 0.038 0.779 
 403 G _   0.010 0.121 0.001 0.029 0.011 0.020 0.036 0.771 
 404 T _   0.011 0.126 0.001 0.031 0.012 0.021 0.035 0.764 
 405 K _   0.011 0.130 0.001 0.033 0.012 0.021 0.034 0.759 
 406 R _   0.011 0.131 0.001 0.035 0.012 0.020 0.033 0.756 
 407 Y _   0.011 0.131 0.001 0.036 0.012 0.020 0.032 0.757 
 408 M _   0.011 0.128 0.001 0.036 0.012 0.019 0.032 0.761 
 409 A _   0.011 0.123 0.001 0.035 0.011 0.017 0.032 0.770 
 410 P _   0.011 0.114 0.001 0.033 0.010 0.016 0.032 0.784 
 411 E _   0.011 0.100 0.001 0.028 0.008 0.014 0.032 0.804 
 412 V _   0.010 0.083 0.001 0.024 0.007 0.013 0.033 0.830 
 413 L _   0.010 0.063 0.001 0.019 0.006 0.011 0.033 0.858 
 414 D _   0.009 0.043 0.001 0.014 0.005 0.010 0.033 0.885 
 415 E _   0.009 0.026 0.001 0.010 0.004 0.009 0.033 0.909 
 416 S _   0.009 0.014 0.000 0.007 0.003 0.008 0.033 0.926 
 417 L _   0.010 0.007 0.000 0.005 0.002 0.008 0.032 0.936 
 418 N _   0.012 0.003 0.000 0.004 0.002 0.008 0.032 0.939 
 419 K _   0.017 0.001 0.000 0.003 0.002 0.008 0.030 0.937 
 420 N _   0.027 0.001 0.000 0.003 0.003 0.010 0.029 0.928 
 421 H _   0.045 0.000 0.000 0.003 0.003 0.012 0.027 0.909 
 422 F _   0.073 0.000 0.001 0.003 0.005 0.014 0.024 0.879 
 423 Q _   0.117 0.000 0.001 0.004 0.007 0.017 0.022 0.833 
 424 P _   0.177 0.000 0.001 0.004 0.009 0.020 0.018 0.770 
 425 Y _   0.257 0.000 0.001 0.003 0.012 0.023 0.015 0.688 
 426 I _   0.347 0.000 0.001 0.003 0.015 0.025 0.012 0.598 
 427 M _   0.440 0.000 0.001 0.002 0.018 0.025 0.009 0.504 
 428 A H   0.531 0.000 0.001 0.002 0.020 0.025 0.007 0.414 
 429 D H   0.614 0.000 0.001 0.002 0.021 0.024 0.005 0.332 
 430 I H   0.685 0.000 0.001 0.001 0.022 0.022 0.004 0.264 
 431 Y H   0.742 0.000 0.001 0.001 0.022 0.020 0.003 0.210 
 432 S H   0.784 0.000 0.001 0.001 0.022 0.018 0.002 0.171 
 433 F H   0.815 0.000 0.001 0.001 0.021 0.016 0.002 0.144 
 434 G H   0.835 0.000 0.001 0.001 0.021 0.014 0.002 0.126 
 435 L H   0.845 0.000 0.001 0.001 0.020 0.013 0.002 0.118 
 436 I H   0.845 0.000 0.001 0.001 0.019 0.012 0.002 0.119 
 437 I H   0.836 0.000 0.001 0.001 0.019 0.012 0.002 0.128 
 438 W H   0.818 0.000 0.001 0.001 0.019 0.012 0.003 0.146 
 439 E H   0.791 0.000 0.001 0.001 0.019 0.013 0.004 0.172 
 440 M H   0.753 0.000 0.001 0.001 0.018 0.013 0.005 0.208 
 441 A H   0.705 0.000 0.001 0.001 0.018 0.015 0.006 0.253 
 442 R H   0.650 0.000 0.001 0.001 0.017 0.016 0.008 0.305 
 443 R H   0.588 0.000 0.001 0.002 0.017 0.018 0.011 0.363 
 444 C H   0.525 0.000 0.001 0.002 0.017 0.020 0.015 0.420 
 445 I _   0.464 0.000 0.001 0.003 0.017 0.022 0.018 0.473 
 446 T _   0.405 0.000 0.001 0.005 0.018 0.024 0.023 0.523 
 447 G _   0.349 0.001 0.002 0.007 0.019 0.027 0.027 0.568 
 448 G _   0.296 0.002 0.002 0.010 0.020 0.029 0.033 0.608 
 449 I _   0.247 0.004 0.002 0.014 0.021 0.030 0.038 0.644 
 450 V _   0.203 0.006 0.002 0.019 0.021 0.030 0.044 0.675 
 451 E _   0.163 0.008 0.002 0.023 0.021 0.030 0.050 0.704 
 452 E _   0.128 0.010 0.002 0.026 0.019 0.029 0.056 0.731 
 453 Y _   0.098 0.011 0.001 0.027 0.017 0.027 0.063 0.755 
 454 Q _   0.073 0.011 0.001 0.027 0.015 0.024 0.069 0.778 
 455 L _   0.054 0.011 0.001 0.026 0.012 0.021 0.077 0.797 
 456 P _   0.039 0.010 0.001 0.024 0.010 0.018 0.084 0.813 
 457 Y _   0.028 0.009 0.001 0.020 0.008 0.015 0.091 0.827 
 458 Y _   0.020 0.008 0.001 0.017 0.006 0.013 0.098 0.838 
 459 N _   0.015 0.006 0.001 0.013 0.004 0.010 0.104 0.848 
 460 M _   0.011 0.004 0.000 0.009 0.003 0.008 0.109 0.855 
 461 V _   0.008 0.003 0.000 0.006 0.002 0.007 0.113 0.860 
 462 P _   0.007 0.002 0.000 0.004 0.002 0.006 0.117 0.862 
 463 S _   0.005 0.002 0.000 0.003 0.001 0.005 0.119 0.863 
 464 D _   0.005 0.002 0.000 0.003 0.001 0.006 0.121 0.862 
 465 P _   0.005 0.003 0.000 0.003 0.001 0.007 0.122 0.859 
 466 S _   0.006 0.005 0.000 0.004 0.002 0.009 0.123 0.852 
 467 Y _   0.008 0.010 0.000 0.006 0.003 0.013 0.123 0.837 
 468 E _   0.010 0.023 0.001 0.010 0.006 0.017 0.122 0.811 
 469 D _   0.013 0.049 0.001 0.017 0.010 0.023 0.120 0.767 
 470 M _   0.016 0.090 0.001 0.026 0.014 0.028 0.118 0.705 
 471 R _   0.018 0.140 0.002 0.037 0.019 0.032 0.116 0.638 
 472 E _   0.018 0.185 0.002 0.046 0.022 0.034 0.114 0.578 
 473 V _   0.019 0.220 0.002 0.054 0.025 0.035 0.112 0.533 
 474 V _   0.019 0.242 0.002 0.060 0.026 0.036 0.112 0.504 
 475 C _   0.019 0.254 0.002 0.063 0.027 0.035 0.113 0.486 
 476 V _   0.019 0.259 0.002 0.065 0.027 0.034 0.115 0.479 
 477 K _   0.019 0.258 0.002 0.063 0.026 0.033 0.117 0.481 
 478 R _   0.019 0.250 0.002 0.060 0.025 0.030 0.122 0.492 
 479 L _   0.018 0.234 0.002 0.055 0.022 0.028 0.127 0.514 
 480 R _   0.017 0.208 0.002 0.048 0.019 0.025 0.134 0.546 
 481 P _   0.016 0.172 0.002 0.039 0.016 0.023 0.143 0.590 
 482 I _   0.015 0.129 0.002 0.030 0.012 0.020 0.152 0.640 
 483 V _   0.014 0.086 0.001 0.021 0.009 0.018 0.160 0.690 
 484 S _   0.013 0.050 0.001 0.014 0.006 0.015 0.168 0.733 
 485 N _   0.011 0.026 0.001 0.008 0.004 0.014 0.174 0.762 
 486 R _   0.010 0.013 0.000 0.005 0.003 0.013 0.178 0.778 
 487 W _   0.011 0.007 0.000 0.003 0.002 0.013 0.180 0.783 
 488 N _   0.012 0.005 0.000 0.003 0.002 0.015 0.183 0.780 
 489 S _   0.016 0.005 0.000 0.003 0.003 0.019 0.184 0.770 
 490 D _   0.022 0.006 0.001 0.004 0.006 0.024 0.186 0.752 
 491 E _   0.031 0.010 0.001 0.007 0.010 0.031 0.186 0.723 
 492 C _   0.042 0.020 0.001 0.013 0.017 0.039 0.187 0.682 
 493 L _   0.051 0.036 0.002 0.022 0.025 0.046 0.188 0.631 
 494 R _   0.057 0.055 0.002 0.032 0.032 0.051 0.190 0.582 
 495 A _   0.061 0.069 0.002 0.041 0.038 0.054 0.192 0.543 
 496 V _   0.063 0.079 0.002 0.048 0.041 0.054 0.195 0.518 
 497 L _   0.063 0.083 0.002 0.051 0.041 0.053 0.200 0.507 
 498 K _   0.061 0.083 0.002 0.050 0.039 0.050 0.206 0.508 
 499 L _   0.058 0.079 0.002 0.046 0.035 0.046 0.214 0.520 
 500 M _   0.053 0.071 0.002 0.039 0.030 0.042 0.223 0.541 
 501 S _   0.048 0.058 0.002 0.030 0.024 0.037 0.233 0.568 
 502 E _   0.043 0.042 0.002 0.022 0.018 0.032 0.244 0.598 
 503 C _   0.037 0.027 0.001 0.015 0.012 0.027 0.255 0.626 
 504 W _   0.032 0.016 0.001 0.009 0.008 0.024 0.264 0.646 
 505 A _   0.027 0.009 0.001 0.006 0.006 0.021 0.272 0.658 
 506 H _   0.024 0.006 0.000 0.004 0.004 0.019 0.278 0.664 
 507 N _   0.022 0.005 0.000 0.003 0.004 0.018 0.284 0.663 
 508 P _   0.022 0.004 0.000 0.003 0.004 0.019 0.289 0.658 
 509 A _   0.023 0.005 0.001 0.004 0.005 0.020 0.294 0.648 
 510 S _   0.025 0.007 0.001 0.006 0.006 0.023 0.299 0.634 
 511 R _   0.027 0.011 0.001 0.008 0.008 0.025 0.304 0.616 
 512 L _   0.030 0.017 0.001 0.011 0.010 0.028 0.309 0.594 
 513 T _   0.031 0.025 0.001 0.014 0.013 0.031 0.315 0.571 
 514 A _   0.032 0.035 0.001 0.018 0.015 0.033 0.320 0.547 
 515 L _   0.033 0.044 0.001 0.020 0.016 0.034 0.327 0.525 
 516 R _   0.033 0.053 0.001 0.023 0.017 0.035 0.334 0.504 
 517 I _   0.033 0.061 0.001 0.025 0.018 0.035 0.342 0.484 
 518 K _   0.032 0.069 0.001 0.028 0.019 0.035 0.350 0.465 
 519 K _   0.031 0.075 0.001 0.030 0.020 0.035 0.360 0.448 
 520 T _   0.030 0.080 0.001 0.033 0.020 0.034 0.371 0.431 
 521 L _   0.029 0.083 0.001 0.036 0.019 0.032 0.383 0.415 
 522 A _   0.027 0.085 0.001 0.039 0.018 0.030 0.398 0.401 
 523 K X   0.024 0.085 0.001 0.039 0.016 0.027 0.414 0.393 
 524 M X   0.021 0.083 0.001 0.037 0.014 0.023 0.432 0.389 
 525 V X   0.016 0.078 0.001 0.034 0.012 0.019 0.450 0.390 
 526 E X   0.012 0.071 0.001 0.029 0.009 0.015 0.470 0.393 
 527 S X   0.008 0.060 0.001 0.022 0.006 0.010 0.491 0.401 
 528 Q X   0.004 0.045 0.001 0.015 0.003 0.006 0.513 0.413 
 529 D X   0.002 0.028 0.000 0.007 0.001 0.002 0.531 0.430 
 530 V X   0.000 0.016 0.000 0.003 0.000 0.001 0.536 0.443 
 531 K X   0.000 0.012 0.000 0.003 0.000 0.001 0.536 0.448 
 532 I X   0.002 0.011 0.001 0.008 0.002 0.002 0.527 0.445 
