#TopoPred_TM8: 8-state transmembrane topology prediction results by no_profile mode 
#probabilities are in the order of H E C I L F X _, the 8 transmembrane topology types used in PDBTM 
   1 M _   0.043 0.000 0.002 0.012 0.013 0.018 0.313 0.598 
   2 D _   0.034 0.000 0.000 0.004 0.003 0.012 0.316 0.630 
   3 C _   0.042 0.000 0.000 0.002 0.002 0.011 0.313 0.629 
   4 Q _   0.107 0.000 0.001 0.002 0.006 0.015 0.296 0.574 
   5 L _   0.245 0.000 0.001 0.002 0.012 0.021 0.255 0.464 
   6 S H   0.414 0.000 0.002 0.002 0.021 0.026 0.199 0.335 
   7 I H   0.557 0.000 0.002 0.002 0.027 0.027 0.157 0.228 
   8 L H   0.652 0.000 0.002 0.002 0.029 0.025 0.130 0.160 
   9 L H   0.707 0.000 0.002 0.002 0.029 0.022 0.115 0.124 
  10 L H   0.734 0.000 0.002 0.002 0.028 0.020 0.106 0.108 
  11 L H   0.743 0.000 0.002 0.002 0.028 0.018 0.100 0.107 
  12 S H   0.738 0.000 0.002 0.002 0.027 0.017 0.097 0.118 
  13 C H   0.718 0.000 0.002 0.002 0.026 0.016 0.094 0.143 
  14 S H   0.683 0.000 0.001 0.001 0.023 0.015 0.093 0.182 
  15 V H   0.632 0.000 0.001 0.002 0.020 0.015 0.094 0.236 
  16 L H   0.566 0.000 0.001 0.002 0.018 0.015 0.095 0.302 
  17 D H   0.491 0.000 0.001 0.003 0.015 0.015 0.098 0.376 
  18 S _   0.410 0.000 0.001 0.004 0.013 0.015 0.102 0.453 
  19 F _   0.331 0.000 0.001 0.005 0.012 0.015 0.107 0.528 
  20 G _   0.258 0.000 0.001 0.007 0.010 0.015 0.112 0.597 
  21 E _   0.191 0.001 0.001 0.009 0.008 0.014 0.117 0.660 
  22 L _   0.136 0.001 0.001 0.009 0.007 0.013 0.121 0.714 
  23 I _   0.092 0.001 0.001 0.008 0.005 0.011 0.124 0.758 
  24 P _   0.061 0.001 0.001 0.007 0.004 0.010 0.126 0.791 
  25 Q _   0.039 0.001 0.000 0.006 0.003 0.008 0.128 0.815 
  26 P _   0.025 0.001 0.000 0.005 0.002 0.007 0.129 0.831 
  27 S _   0.017 0.001 0.000 0.004 0.002 0.006 0.129 0.841 
  28 N _   0.011 0.001 0.000 0.004 0.002 0.006 0.129 0.847 
  29 E _   0.009 0.002 0.000 0.004 0.002 0.006 0.128 0.851 
  30 V _   0.007 0.003 0.000 0.004 0.002 0.006 0.126 0.852 
  31 N _   0.006 0.005 0.000 0.005 0.002 0.007 0.124 0.851 
  32 L _   0.007 0.009 0.000 0.006 0.003 0.009 0.121 0.846 
  33 L _   0.007 0.017 0.000 0.009 0.003 0.011 0.117 0.836 
  34 D _   0.008 0.031 0.001 0.012 0.005 0.013 0.112 0.820 
  35 S _   0.008 0.052 0.001 0.018 0.007 0.015 0.106 0.794 
  36 K _   0.009 0.081 0.001 0.024 0.009 0.018 0.099 0.758 
  37 T _   0.009 0.115 0.001 0.032 0.011 0.019 0.092 0.720 
  38 I _   0.010 0.149 0.001 0.039 0.013 0.020 0.086 0.682 
  39 Q _   0.010 0.176 0.001 0.046 0.014 0.021 0.081 0.652 
  40 G _   0.010 0.194 0.001 0.051 0.015 0.021 0.077 0.632 
  41 E _   0.010 0.205 0.001 0.052 0.015 0.020 0.074 0.623 
  42 L _   0.010 0.208 0.001 0.051 0.014 0.019 0.072 0.624 
  43 G _   0.010 0.207 0.001 0.047 0.013 0.018 0.071 0.633 
  44 W _   0.010 0.201 0.001 0.041 0.011 0.017 0.070 0.649 
  45 I _   0.009 0.190 0.001 0.033 0.010 0.015 0.070 0.672 
  46 S _   0.009 0.176 0.001 0.026 0.008 0.014 0.069 0.697 
  47 Y _   0.009 0.159 0.001 0.020 0.006 0.012 0.069 0.723 
  48 P _   0.008 0.145 0.001 0.016 0.005 0.011 0.070 0.744 
  49 S _   0.008 0.134 0.001 0.013 0.004 0.011 0.070 0.761 
  50 H _   0.007 0.125 0.000 0.011 0.004 0.010 0.069 0.772 
  51 G _   0.007 0.120 0.000 0.011 0.004 0.010 0.069 0.780 
  52 W _   0.007 0.116 0.000 0.010 0.004 0.010 0.069 0.785 
  53 E _   0.006 0.114 0.000 0.011 0.004 0.009 0.068 0.788 
  54 E _   0.006 0.113 0.000 0.011 0.004 0.009 0.067 0.790 
  55 I _   0.006 0.112 0.000 0.011 0.004 0.009 0.066 0.792 
  56 S _   0.006 0.112 0.000 0.011 0.004 0.010 0.065 0.793 
  57 G _   0.006 0.113 0.000 0.010 0.004 0.010 0.064 0.793 
  58 V _   0.006 0.114 0.000 0.010 0.004 0.011 0.062 0.793 
  59 D _   0.007 0.116 0.000 0.010 0.004 0.011 0.061 0.790 
  60 E _   0.007 0.120 0.001 0.011 0.005 0.013 0.060 0.784 
  61 H _   0.008 0.127 0.001 0.012 0.005 0.014 0.058 0.775 
  62 Y _   0.009 0.136 0.001 0.014 0.007 0.016 0.056 0.761 
  63 T _   0.010 0.149 0.001 0.018 0.008 0.018 0.055 0.743 
  64 P _   0.010 0.165 0.001 0.022 0.010 0.019 0.053 0.719 
  65 I _   0.011 0.183 0.001 0.028 0.012 0.021 0.051 0.694 
  66 R _   0.012 0.199 0.001 0.033 0.013 0.021 0.050 0.671 
  67 T _   0.011 0.211 0.001 0.038 0.014 0.021 0.049 0.655 
  68 Y _   0.011 0.218 0.001 0.041 0.014 0.021 0.048 0.646 
  69 Q _   0.011 0.220 0.001 0.042 0.014 0.020 0.048 0.644 
  70 V _   0.011 0.218 0.001 0.041 0.013 0.019 0.048 0.650 
  71 C _   0.010 0.211 0.001 0.037 0.011 0.017 0.049 0.663 
  72 N _   0.010 0.199 0.001 0.032 0.010 0.016 0.049 0.683 
  73 V _   0.009 0.183 0.001 0.027 0.008 0.014 0.051 0.707 
  74 M _   0.009 0.163 0.001 0.021 0.007 0.013 0.052 0.735 
  75 D _   0.009 0.143 0.001 0.017 0.006 0.012 0.053 0.761 
  76 H _   0.008 0.125 0.001 0.013 0.005 0.011 0.054 0.783 
  77 S _   0.008 0.112 0.001 0.011 0.004 0.010 0.055 0.799 
  78 Q _   0.007 0.103 0.000 0.010 0.004 0.010 0.055 0.810 
  79 N _   0.007 0.097 0.000 0.010 0.004 0.010 0.056 0.815 
  80 N _   0.007 0.093 0.000 0.011 0.004 0.010 0.056 0.818 
  81 W _   0.007 0.091 0.000 0.012 0.004 0.010 0.056 0.820 
  82 L _   0.007 0.088 0.001 0.013 0.004 0.010 0.057 0.820 
  83 R _   0.007 0.086 0.001 0.014 0.004 0.010 0.057 0.822 
  84 T _   0.007 0.083 0.001 0.013 0.004 0.009 0.057 0.826 
  85 N _   0.007 0.079 0.001 0.012 0.004 0.009 0.057 0.831 
  86 W _   0.006 0.076 0.000 0.011 0.003 0.009 0.057 0.838 
  87 V _   0.006 0.072 0.000 0.009 0.003 0.009 0.057 0.844 
  88 P _   0.006 0.070 0.000 0.007 0.003 0.009 0.057 0.849 
  89 R _   0.006 0.069 0.000 0.006 0.003 0.009 0.056 0.851 
  90 N _   0.007 0.070 0.000 0.006 0.003 0.010 0.055 0.848 
  91 S _   0.008 0.074 0.000 0.007 0.004 0.012 0.054 0.841 
  92 A _   0.009 0.083 0.001 0.010 0.005 0.014 0.053 0.826 
  93 Q _   0.010 0.100 0.001 0.014 0.007 0.017 0.051 0.801 
  94 K _   0.011 0.126 0.001 0.020 0.010 0.019 0.049 0.764 
  95 I _   0.012 0.158 0.001 0.027 0.012 0.021 0.046 0.723 
  96 Y _   0.012 0.188 0.001 0.034 0.013 0.022 0.044 0.686 
  97 V _   0.012 0.210 0.001 0.039 0.014 0.022 0.042 0.659 
  98 E _   0.012 0.223 0.001 0.041 0.014 0.021 0.041 0.646 
  99 L _   0.012 0.230 0.001 0.040 0.013 0.021 0.041 0.643 
 100 K _   0.011 0.230 0.001 0.036 0.012 0.020 0.040 0.649 
 101 F _   0.011 0.225 0.001 0.030 0.010 0.018 0.040 0.664 
 102 T _   0.010 0.217 0.001 0.023 0.008 0.017 0.040 0.683 
 103 L _   0.010 0.207 0.001 0.016 0.007 0.017 0.041 0.703 
 104 R _   0.010 0.198 0.001 0.011 0.005 0.016 0.041 0.718 
 105 D _   0.010 0.193 0.001 0.009 0.005 0.017 0.040 0.725 
 106 C _   0.011 0.193 0.000 0.008 0.005 0.018 0.040 0.724 
 107 N _   0.013 0.199 0.001 0.009 0.006 0.020 0.040 0.713 
 108 S _   0.015 0.213 0.001 0.012 0.008 0.022 0.039 0.690 
 109 I _   0.017 0.240 0.001 0.017 0.012 0.024 0.037 0.652 
 110 P _   0.018 0.277 0.001 0.024 0.014 0.026 0.036 0.603 
 111 L _   0.018 0.316 0.002 0.030 0.016 0.026 0.035 0.557 
 112 V _   0.018 0.347 0.001 0.035 0.017 0.026 0.034 0.521 
 113 L _   0.018 0.367 0.001 0.039 0.018 0.026 0.033 0.498 
 114 G _   0.017 0.379 0.001 0.041 0.017 0.025 0.033 0.487 
 115 T _   0.016 0.384 0.001 0.040 0.017 0.024 0.033 0.485 
 116 C _   0.016 0.383 0.001 0.039 0.016 0.022 0.034 0.490 
 117 K _   0.015 0.377 0.001 0.038 0.015 0.021 0.035 0.499 
 118 E _   0.015 0.365 0.001 0.036 0.013 0.020 0.036 0.514 
 119 T _   0.014 0.348 0.001 0.034 0.012 0.018 0.038 0.534 
 120 F _   0.014 0.325 0.001 0.033 0.011 0.017 0.040 0.559 
 121 N _   0.013 0.295 0.001 0.031 0.010 0.016 0.042 0.591 
 122 L _   0.013 0.258 0.001 0.028 0.009 0.015 0.046 0.631 
 123 Y _   0.012 0.214 0.001 0.024 0.008 0.013 0.049 0.679 
 124 Y _   0.012 0.170 0.001 0.019 0.006 0.012 0.052 0.728 
 125 M _   0.010 0.129 0.001 0.015 0.005 0.010 0.055 0.775 
 126 E _   0.009 0.096 0.001 0.010 0.004 0.009 0.057 0.815 
 127 S _   0.007 0.075 0.000 0.007 0.002 0.008 0.059 0.842 
 128 D _   0.006 0.064 0.000 0.005 0.002 0.007 0.059 0.857 
 129 D _   0.005 0.059 0.000 0.004 0.002 0.007 0.059 0.864 
 130 D _   0.005 0.059 0.000 0.004 0.002 0.007 0.059 0.864 
 131 H _   0.006 0.061 0.000 0.006 0.002 0.009 0.058 0.859 
 132 G _   0.007 0.069 0.000 0.009 0.003 0.011 0.056 0.845 
 133 V _   0.008 0.084 0.001 0.014 0.005 0.013 0.054 0.822 
 134 K _   0.008 0.106 0.001 0.020 0.007 0.014 0.051 0.793 
 135 F _   0.008 0.129 0.001 0.026 0.008 0.016 0.049 0.763 
 136 R _   0.008 0.150 0.001 0.031 0.009 0.016 0.046 0.739 
 137 E _   0.008 0.164 0.001 0.034 0.009 0.016 0.044 0.724 
 138 H _   0.007 0.173 0.001 0.034 0.009 0.016 0.043 0.716 
 139 Q _   0.007 0.178 0.001 0.033 0.009 0.016 0.042 0.715 
 140 F _   0.007 0.179 0.001 0.030 0.009 0.015 0.041 0.718 
 141 T _   0.007 0.178 0.001 0.027 0.008 0.014 0.041 0.724 
 142 K _   0.007 0.175 0.001 0.024 0.007 0.014 0.040 0.731 
 143 I _   0.007 0.171 0.001 0.022 0.007 0.013 0.040 0.738 
 144 D _   0.007 0.167 0.001 0.020 0.006 0.013 0.040 0.746 
 145 T _   0.008 0.161 0.001 0.019 0.006 0.013 0.040 0.752 
 146 I _   0.008 0.156 0.001 0.018 0.006 0.012 0.041 0.759 
 147 A _   0.008 0.150 0.001 0.018 0.006 0.012 0.041 0.765 
 148 A _   0.008 0.144 0.001 0.017 0.006 0.012 0.041 0.772 
 149 D _   0.008 0.136 0.001 0.016 0.006 0.012 0.042 0.780 
 150 E _   0.008 0.128 0.001 0.016 0.005 0.011 0.042 0.789 
 151 S _   0.008 0.119 0.001 0.015 0.005 0.011 0.042 0.799 
 152 F _   0.008 0.111 0.001 0.013 0.005 0.011 0.043 0.809 
 153 T _   0.008 0.102 0.001 0.012 0.005 0.010 0.043 0.819 
 154 Q _   0.007 0.094 0.001 0.012 0.004 0.010 0.044 0.828 
 155 M _   0.007 0.088 0.001 0.011 0.004 0.010 0.044 0.835 
 156 D _   0.007 0.083 0.000 0.010 0.004 0.010 0.045 0.841 
 157 L _   0.007 0.079 0.000 0.010 0.004 0.010 0.045 0.844 
 158 G _   0.008 0.077 0.000 0.011 0.004 0.011 0.045 0.845 
 159 D _   0.008 0.075 0.001 0.012 0.005 0.011 0.045 0.844 
 160 R _   0.009 0.074 0.001 0.014 0.005 0.012 0.045 0.841 
 161 I _   0.009 0.074 0.001 0.016 0.006 0.013 0.045 0.838 
 162 L _   0.010 0.073 0.001 0.018 0.006 0.013 0.045 0.834 
 163 K _   0.010 0.072 0.001 0.020 0.007 0.014 0.045 0.831 
 164 L _   0.011 0.070 0.001 0.022 0.008 0.014 0.046 0.828 
 165 N _   0.011 0.067 0.001 0.024 0.008 0.014 0.046 0.829 
 166 T _   0.011 0.062 0.001 0.023 0.008 0.014 0.047 0.834 
 167 E _   0.011 0.055 0.001 0.022 0.007 0.013 0.049 0.842 
 168 I _   0.011 0.046 0.001 0.019 0.007 0.012 0.050 0.854 
 169 R _   0.011 0.036 0.001 0.016 0.006 0.011 0.051 0.869 
 170 E _   0.010 0.025 0.001 0.012 0.004 0.010 0.053 0.885 
 171 V _   0.009 0.016 0.000 0.009 0.003 0.010 0.054 0.899 
 172 G _   0.008 0.009 0.000 0.006 0.003 0.009 0.054 0.910 
 173 P _   0.008 0.005 0.000 0.005 0.002 0.009 0.055 0.916 
 174 V _   0.008 0.003 0.000 0.004 0.002 0.010 0.055 0.918 
 175 N _   0.010 0.001 0.000 0.003 0.002 0.012 0.054 0.917 
 176 K _   0.012 0.001 0.000 0.004 0.003 0.014 0.054 0.912 
 177 K _   0.017 0.001 0.000 0.004 0.004 0.018 0.053 0.903 
 178 G _   0.023 0.001 0.001 0.006 0.005 0.023 0.052 0.890 
 179 F _   0.031 0.001 0.001 0.008 0.008 0.029 0.051 0.873 
 180 Y _   0.042 0.001 0.001 0.009 0.011 0.035 0.049 0.852 
 181 L _   0.057 0.001 0.001 0.011 0.014 0.041 0.047 0.827 
 182 A _   0.074 0.002 0.001 0.012 0.018 0.048 0.046 0.800 
 183 F _   0.095 0.002 0.001 0.012 0.022 0.054 0.044 0.770 
 184 Q _   0.119 0.002 0.002 0.011 0.026 0.059 0.043 0.739 
 185 D _   0.144 0.002 0.002 0.010 0.031 0.064 0.041 0.707 
 186 V _   0.171 0.002 0.002 0.009 0.035 0.067 0.040 0.674 
 187 G _   0.197 0.002 0.002 0.009 0.040 0.070 0.040 0.641 
 188 A _   0.219 0.002 0.002 0.009 0.044 0.072 0.039 0.612 
 189 C _   0.238 0.002 0.002 0.010 0.047 0.072 0.040 0.590 
 190 V _   0.251 0.003 0.002 0.011 0.048 0.071 0.040 0.574 
 191 A _   0.256 0.004 0.002 0.013 0.049 0.069 0.041 0.566 
 192 L _   0.255 0.004 0.002 0.015 0.048 0.066 0.043 0.568 
 193 V _   0.246 0.005 0.002 0.016 0.044 0.062 0.045 0.581 
 194 S _   0.230 0.005 0.002 0.016 0.040 0.057 0.047 0.604 
 195 V _   0.208 0.004 0.002 0.015 0.034 0.051 0.049 0.636 
 196 R _   0.182 0.004 0.002 0.014 0.027 0.046 0.052 0.674 
 197 V _   0.153 0.003 0.002 0.012 0.021 0.040 0.055 0.714 
 198 Y _   0.124 0.002 0.001 0.010 0.016 0.035 0.057 0.754 
 199 F _   0.099 0.002 0.001 0.008 0.012 0.031 0.060 0.789 
 200 K _   0.077 0.001 0.001 0.006 0.009 0.027 0.062 0.817 
 201 K _   0.059 0.001 0.001 0.006 0.007 0.024 0.064 0.838 
 202 C _   0.046 0.002 0.001 0.006 0.006 0.022 0.066 0.852 
 203 P _   0.037 0.002 0.001 0.006 0.006 0.021 0.067 0.860 
 204 F _   0.031 0.003 0.001 0.008 0.007 0.021 0.068 0.862 
 205 T _   0.027 0.005 0.001 0.011 0.007 0.020 0.069 0.859 
 206 V _   0.025 0.008 0.001 0.015 0.009 0.020 0.071 0.852 
 207 K _   0.023 0.011 0.001 0.019 0.010 0.020 0.072 0.844 
 208 N _   0.021 0.013 0.001 0.022 0.010 0.020 0.073 0.838 
 209 L _   0.020 0.015 0.001 0.024 0.010 0.019 0.075 0.836 
 210 A _   0.018 0.015 0.001 0.024 0.009 0.017 0.077 0.838 
 211 M _   0.016 0.015 0.001 0.022 0.008 0.016 0.080 0.843 
 212 F _   0.014 0.013 0.001 0.018 0.007 0.014 0.082 0.852 
 213 P _   0.013 0.011 0.001 0.013 0.005 0.012 0.085 0.861 
 214 D _   0.011 0.009 0.000 0.009 0.004 0.010 0.087 0.870 
 215 T _   0.010 0.007 0.000 0.006 0.003 0.009 0.088 0.876 
 216 V _   0.009 0.006 0.000 0.004 0.002 0.009 0.089 0.880 
 217 P _   0.009 0.006 0.000 0.004 0.002 0.010 0.090 0.880 
 218 M _   0.009 0.007 0.000 0.004 0.003 0.011 0.090 0.876 
 219 D _   0.011 0.011 0.000 0.006 0.004 0.013 0.090 0.865 
 220 S _   0.012 0.020 0.001 0.010 0.006 0.017 0.089 0.845 
 221 Q _   0.014 0.040 0.001 0.018 0.010 0.020 0.088 0.809 
 222 S _   0.015 0.073 0.001 0.029 0.013 0.023 0.086 0.758 
 223 L _   0.016 0.112 0.002 0.043 0.017 0.025 0.085 0.701 
 224 V _   0.016 0.144 0.002 0.056 0.018 0.026 0.084 0.654 
 225 E _   0.015 0.164 0.002 0.066 0.019 0.025 0.084 0.625 
 226 V _   0.015 0.174 0.001 0.071 0.018 0.024 0.084 0.613 
 227 R _   0.014 0.176 0.001 0.070 0.017 0.022 0.086 0.614 
 228 G _   0.013 0.172 0.001 0.064 0.015 0.020 0.089 0.627 
 229 S _   0.012 0.160 0.001 0.054 0.012 0.017 0.092 0.651 
 230 C _   0.011 0.139 0.001 0.041 0.010 0.015 0.096 0.687 
 231 V _   0.010 0.112 0.001 0.029 0.007 0.012 0.101 0.727 
 232 N _   0.009 0.084 0.001 0.019 0.005 0.010 0.105 0.766 
 233 N _   0.008 0.062 0.000 0.012 0.003 0.009 0.109 0.796 
 234 S _   0.007 0.048 0.000 0.007 0.002 0.007 0.111 0.817 
 235 K _   0.006 0.040 0.000 0.005 0.002 0.006 0.113 0.828 
 236 E _   0.005 0.037 0.000 0.004 0.001 0.006 0.113 0.833 
 237 E _   0.005 0.036 0.000 0.004 0.001 0.006 0.113 0.834 
 238 D _   0.005 0.039 0.000 0.004 0.002 0.007 0.112 0.831 
 239 P _   0.005 0.045 0.000 0.006 0.002 0.009 0.109 0.822 
 240 P _   0.006 0.059 0.000 0.010 0.004 0.012 0.106 0.803 
 241 R _   0.008 0.086 0.001 0.015 0.005 0.014 0.101 0.771 
 242 M _   0.008 0.126 0.001 0.021 0.008 0.017 0.095 0.724 
 243 Y _   0.009 0.179 0.001 0.028 0.010 0.019 0.088 0.667 
 244 C _   0.008 0.238 0.001 0.034 0.012 0.020 0.081 0.605 
 245 S _   0.008 0.296 0.002 0.038 0.014 0.020 0.074 0.548 
 246 T _   0.007 0.348 0.002 0.042 0.015 0.020 0.069 0.498 
 247 E _   0.007 0.388 0.001 0.044 0.015 0.019 0.065 0.460 
 248 G _   0.007 0.417 0.001 0.045 0.014 0.019 0.063 0.434 
 249 E E   0.007 0.435 0.001 0.045 0.014 0.018 0.061 0.419 
 250 W E   0.007 0.444 0.001 0.044 0.013 0.017 0.060 0.413 
 251 L E   0.007 0.447 0.001 0.042 0.012 0.016 0.060 0.415 
 252 V E   0.007 0.445 0.001 0.038 0.011 0.015 0.060 0.423 
 253 P _   0.007 0.437 0.001 0.034 0.010 0.014 0.061 0.437 
 254 I _   0.008 0.423 0.001 0.028 0.008 0.013 0.062 0.458 
 255 G _   0.007 0.404 0.001 0.023 0.007 0.012 0.063 0.483 
 256 K _   0.007 0.381 0.001 0.017 0.006 0.011 0.065 0.512 
 257 C _   0.007 0.362 0.001 0.013 0.005 0.011 0.066 0.537 
 258 S _   0.006 0.347 0.000 0.009 0.004 0.010 0.067 0.556 
 259 C _   0.006 0.338 0.000 0.008 0.003 0.010 0.067 0.567 
 260 N _   0.006 0.336 0.000 0.007 0.003 0.011 0.067 0.570 
 261 A _   0.006 0.339 0.000 0.008 0.003 0.012 0.067 0.565 
 262 G _   0.007 0.348 0.001 0.009 0.004 0.013 0.066 0.552 
 263 Y _   0.008 0.367 0.001 0.012 0.006 0.014 0.065 0.528 
 264 E _   0.008 0.394 0.001 0.017 0.008 0.015 0.064 0.494 
 265 E _   0.008 0.427 0.001 0.021 0.009 0.016 0.062 0.456 
 266 R E   0.008 0.459 0.001 0.025 0.010 0.016 0.061 0.421 
 267 G E   0.007 0.485 0.001 0.029 0.010 0.015 0.060 0.392 
 268 F E   0.007 0.503 0.001 0.031 0.010 0.015 0.060 0.374 
 269 M E   0.007 0.513 0.001 0.032 0.010 0.014 0.060 0.363 
 270 C E   0.006 0.517 0.001 0.033 0.010 0.014 0.061 0.359 
 271 Q E   0.006 0.516 0.001 0.032 0.010 0.014 0.062 0.359 
 272 A E   0.007 0.509 0.001 0.032 0.010 0.013 0.064 0.365 
 273 C E   0.007 0.497 0.001 0.031 0.009 0.013 0.066 0.376 
 274 R E   0.007 0.480 0.001 0.029 0.009 0.012 0.070 0.392 
 275 P E   0.007 0.456 0.001 0.028 0.009 0.012 0.074 0.413 
 276 G _   0.007 0.426 0.001 0.027 0.008 0.012 0.079 0.439 
 277 F _   0.008 0.391 0.001 0.026 0.008 0.012 0.085 0.470 
 278 Y _   0.008 0.351 0.001 0.024 0.008 0.012 0.092 0.504 
 279 K _   0.008 0.311 0.001 0.023 0.007 0.011 0.099 0.540 
 280 A _   0.008 0.272 0.001 0.021 0.006 0.011 0.106 0.574 
 281 L _   0.007 0.237 0.001 0.019 0.006 0.011 0.114 0.606 
 282 D _   0.007 0.206 0.001 0.018 0.005 0.011 0.120 0.632 
 283 G _   0.007 0.181 0.001 0.017 0.004 0.010 0.126 0.654 
 284 N _   0.007 0.160 0.001 0.016 0.004 0.010 0.132 0.671 
 285 M _   0.007 0.143 0.001 0.015 0.004 0.010 0.137 0.684 
 286 K _   0.006 0.128 0.001 0.015 0.004 0.009 0.142 0.695 
 287 C _   0.006 0.114 0.000 0.015 0.004 0.009 0.147 0.705 
 288 A _   0.006 0.102 0.000 0.015 0.003 0.009 0.151 0.713 
 289 K _   0.006 0.091 0.000 0.014 0.003 0.008 0.155 0.722 
 290 C _   0.005 0.080 0.000 0.013 0.003 0.008 0.159 0.732 
 291 P _   0.005 0.070 0.000 0.012 0.003 0.007 0.162 0.740 
 292 P _   0.005 0.062 0.000 0.011 0.002 0.007 0.165 0.748 
 293 H _   0.004 0.054 0.000 0.010 0.002 0.007 0.168 0.754 
 294 S _   0.004 0.048 0.000 0.009 0.002 0.006 0.170 0.760 
 295 S _   0.004 0.044 0.000 0.009 0.002 0.006 0.171 0.764 
 296 T _   0.004 0.041 0.000 0.008 0.002 0.006 0.172 0.767 
 297 Q _   0.003 0.039 0.000 0.008 0.002 0.006 0.172 0.769 
 298 E _   0.003 0.038 0.000 0.009 0.002 0.006 0.172 0.770 
 299 D _   0.003 0.037 0.000 0.010 0.002 0.006 0.172 0.770 
 300 G _   0.003 0.038 0.000 0.011 0.002 0.007 0.171 0.768 
 301 S _   0.004 0.038 0.000 0.012 0.002 0.007 0.170 0.766 
 302 M _   0.004 0.040 0.000 0.014 0.003 0.007 0.169 0.763 
 303 N _   0.004 0.041 0.000 0.016 0.003 0.008 0.168 0.760 
 304 C _   0.004 0.042 0.000 0.018 0.003 0.008 0.167 0.757 
 305 R _   0.004 0.043 0.000 0.019 0.004 0.008 0.166 0.755 
 306 C _   0.004 0.042 0.000 0.020 0.004 0.008 0.166 0.755 
 307 E _   0.004 0.042 0.000 0.019 0.004 0.008 0.165 0.757 
 308 N _   0.005 0.040 0.000 0.018 0.003 0.008 0.166 0.760 
 309 N _   0.005 0.038 0.000 0.016 0.003 0.007 0.166 0.766 
 310 Y _   0.004 0.035 0.000 0.013 0.003 0.007 0.166 0.772 
 311 F _   0.004 0.032 0.000 0.011 0.002 0.006 0.166 0.779 
 312 R _   0.004 0.030 0.000 0.009 0.002 0.006 0.165 0.784 
 313 A _   0.004 0.028 0.000 0.007 0.002 0.006 0.164 0.789 
 314 D _   0.004 0.027 0.000 0.007 0.002 0.006 0.163 0.791 
 315 K _   0.004 0.028 0.000 0.007 0.002 0.006 0.161 0.792 
 316 D _   0.004 0.029 0.000 0.008 0.002 0.007 0.159 0.791 
 317 P _   0.004 0.032 0.000 0.010 0.002 0.007 0.156 0.787 
 318 P _   0.004 0.037 0.000 0.013 0.003 0.008 0.153 0.782 
 319 S _   0.005 0.041 0.000 0.015 0.004 0.009 0.149 0.776 
 320 M _   0.005 0.046 0.000 0.018 0.004 0.009 0.146 0.771 
 321 A _   0.005 0.050 0.001 0.019 0.004 0.009 0.143 0.769 
 322 C _   0.005 0.053 0.001 0.019 0.004 0.009 0.140 0.769 
 323 T _   0.004 0.055 0.001 0.018 0.004 0.009 0.137 0.772 
 324 R _   0.004 0.057 0.000 0.016 0.004 0.008 0.134 0.777 
 325 P _   0.004 0.057 0.000 0.014 0.003 0.008 0.131 0.782 
 326 P _   0.004 0.058 0.000 0.012 0.003 0.008 0.129 0.786 
 327 S _   0.004 0.060 0.000 0.010 0.003 0.008 0.126 0.788 
 328 S _   0.004 0.063 0.000 0.010 0.003 0.009 0.123 0.788 
 329 P _   0.005 0.068 0.000 0.010 0.003 0.010 0.120 0.784 
 330 R _   0.005 0.077 0.001 0.011 0.004 0.011 0.116 0.775 
 331 N _   0.006 0.089 0.001 0.014 0.005 0.013 0.112 0.761 
 332 V _   0.007 0.106 0.001 0.017 0.006 0.015 0.107 0.741 
 333 I _   0.008 0.128 0.001 0.020 0.008 0.017 0.102 0.717 
 334 S _   0.009 0.153 0.001 0.024 0.010 0.019 0.096 0.689 
 335 N _   0.010 0.178 0.001 0.027 0.012 0.021 0.091 0.660 
 336 I _   0.011 0.204 0.001 0.031 0.013 0.023 0.086 0.631 
 337 N _   0.012 0.228 0.001 0.034 0.015 0.024 0.082 0.604 
 338 E _   0.012 0.248 0.001 0.038 0.016 0.025 0.079 0.580 
 339 T _   0.013 0.263 0.001 0.042 0.018 0.026 0.076 0.562 
 340 S _   0.014 0.274 0.001 0.045 0.018 0.026 0.074 0.548 
 341 V _   0.014 0.280 0.001 0.048 0.018 0.025 0.072 0.542 
 342 I _   0.015 0.281 0.001 0.048 0.017 0.024 0.071 0.542 
 343 L _   0.015 0.277 0.001 0.048 0.016 0.022 0.071 0.550 
 344 D _   0.014 0.267 0.001 0.045 0.015 0.021 0.071 0.566 
 345 W _   0.014 0.249 0.001 0.040 0.013 0.019 0.072 0.592 
 346 S _   0.013 0.221 0.001 0.034 0.011 0.017 0.074 0.629 
 347 W _   0.012 0.186 0.001 0.026 0.009 0.015 0.075 0.676 
 348 P _   0.011 0.148 0.001 0.020 0.007 0.013 0.077 0.724 
 349 L _   0.010 0.116 0.001 0.014 0.005 0.012 0.078 0.766 
 350 D _   0.008 0.093 0.001 0.009 0.004 0.010 0.079 0.796 
 351 T _   0.007 0.080 0.000 0.006 0.003 0.009 0.079 0.815 
 352 G _   0.006 0.075 0.000 0.005 0.002 0.009 0.078 0.824 
 353 G _   0.006 0.073 0.000 0.005 0.002 0.009 0.077 0.826 
 354 R _   0.007 0.075 0.000 0.006 0.003 0.011 0.076 0.822 
 355 K _   0.007 0.082 0.000 0.009 0.004 0.012 0.074 0.811 
 356 D _   0.008 0.095 0.001 0.013 0.006 0.015 0.072 0.791 
 357 V _   0.009 0.115 0.001 0.019 0.008 0.017 0.069 0.762 
 358 T _   0.010 0.139 0.001 0.026 0.010 0.019 0.065 0.729 
 359 F _   0.010 0.163 0.001 0.034 0.012 0.020 0.062 0.697 
 360 N _   0.010 0.182 0.001 0.039 0.013 0.021 0.060 0.673 
 361 I _   0.011 0.195 0.001 0.044 0.014 0.022 0.058 0.656 
 362 I _   0.011 0.203 0.001 0.046 0.015 0.022 0.056 0.646 
 363 C _   0.011 0.205 0.001 0.046 0.015 0.021 0.056 0.645 
 364 K _   0.011 0.204 0.001 0.044 0.015 0.021 0.055 0.649 
 365 K _   0.011 0.199 0.001 0.041 0.014 0.020 0.055 0.658 
 366 C _   0.011 0.190 0.001 0.038 0.013 0.019 0.056 0.672 
 367 G _   0.012 0.177 0.001 0.034 0.012 0.018 0.057 0.689 
 368 W _   0.012 0.161 0.001 0.030 0.010 0.017 0.058 0.710 
 369 N _   0.012 0.142 0.001 0.027 0.009 0.016 0.059 0.735 
 370 I _   0.011 0.122 0.001 0.022 0.008 0.015 0.061 0.760 
 371 K _   0.011 0.101 0.001 0.018 0.007 0.014 0.062 0.786 
 372 Q _   0.011 0.081 0.001 0.015 0.006 0.012 0.063 0.812 
 373 C _   0.010 0.064 0.001 0.011 0.004 0.011 0.064 0.835 
 374 E _   0.009 0.051 0.000 0.008 0.004 0.011 0.065 0.853 
 375 P _   0.008 0.043 0.000 0.006 0.003 0.010 0.065 0.864 
 376 C _   0.008 0.038 0.000 0.005 0.003 0.011 0.065 0.870 
 377 S _   0.008 0.036 0.000 0.005 0.003 0.012 0.065 0.871 
 378 P _   0.009 0.036 0.000 0.006 0.003 0.013 0.064 0.868 
 379 N _   0.010 0.039 0.000 0.008 0.004 0.016 0.063 0.859 
 380 V _   0.011 0.044 0.001 0.011 0.006 0.019 0.062 0.846 
 381 R _   0.013 0.051 0.001 0.014 0.008 0.022 0.061 0.830 
 382 F _   0.015 0.060 0.001 0.018 0.010 0.025 0.060 0.812 
 383 L _   0.016 0.068 0.001 0.021 0.012 0.028 0.058 0.796 
 384 P _   0.018 0.075 0.001 0.022 0.013 0.030 0.057 0.783 
 385 R _   0.019 0.080 0.001 0.022 0.014 0.032 0.056 0.774 
 386 Q _   0.021 0.084 0.001 0.021 0.015 0.035 0.055 0.769 
 387 F _   0.023 0.086 0.001 0.019 0.016 0.037 0.055 0.764 
 388 G _   0.026 0.088 0.001 0.018 0.017 0.039 0.054 0.757 
 389 L _   0.029 0.091 0.001 0.017 0.018 0.041 0.054 0.748 
 390 T _   0.033 0.095 0.001 0.017 0.021 0.044 0.053 0.736 
 391 N _   0.037 0.101 0.001 0.019 0.023 0.046 0.053 0.720 
 392 T _   0.041 0.107 0.002 0.023 0.026 0.047 0.053 0.702 
 393 T _   0.044 0.114 0.002 0.027 0.028 0.048 0.053 0.684 
 394 V _   0.046 0.120 0.002 0.032 0.030 0.047 0.053 0.670 
 395 T _   0.047 0.123 0.002 0.036 0.030 0.046 0.054 0.662 
 396 V _   0.046 0.124 0.002 0.037 0.029 0.044 0.055 0.663 
 397 T _   0.045 0.121 0.002 0.036 0.027 0.041 0.057 0.673 
 398 D _   0.042 0.114 0.002 0.033 0.023 0.037 0.059 0.691 
 399 L _   0.038 0.103 0.002 0.028 0.020 0.033 0.061 0.715 
 400 L _   0.034 0.089 0.001 0.023 0.016 0.030 0.063 0.743 
 401 A _   0.030 0.075 0.001 0.018 0.013 0.026 0.065 0.771 
 402 H _   0.026 0.062 0.001 0.014 0.010 0.023 0.068 0.796 
 403 T _   0.022 0.052 0.001 0.012 0.008 0.021 0.070 0.815 
 404 N _   0.019 0.046 0.001 0.011 0.007 0.019 0.072 0.827 
 405 Y _   0.017 0.042 0.001 0.011 0.006 0.017 0.073 0.833 
 406 T _   0.015 0.040 0.001 0.011 0.006 0.016 0.075 0.836 
 407 F _   0.014 0.038 0.001 0.013 0.006 0.015 0.076 0.837 
 408 E _   0.013 0.037 0.001 0.014 0.006 0.015 0.078 0.837 
 409 I _   0.012 0.036 0.001 0.015 0.006 0.014 0.079 0.837 
 410 D _   0.011 0.035 0.001 0.016 0.006 0.013 0.081 0.837 
 411 A _   0.011 0.033 0.001 0.017 0.006 0.012 0.082 0.838 
 412 V _   0.010 0.031 0.001 0.016 0.005 0.011 0.084 0.841 
 413 N _   0.009 0.028 0.001 0.015 0.005 0.011 0.086 0.846 
 414 G _   0.009 0.024 0.001 0.013 0.004 0.010 0.088 0.851 
 415 V _   0.008 0.021 0.000 0.010 0.004 0.009 0.090 0.858 
 416 S _   0.007 0.018 0.000 0.008 0.003 0.008 0.091 0.864 
 417 E _   0.007 0.015 0.000 0.006 0.002 0.008 0.092 0.869 
 418 L _   0.007 0.014 0.000 0.005 0.002 0.008 0.093 0.871 
 419 S _   0.007 0.013 0.000 0.004 0.002 0.009 0.093 0.871 
 420 S _   0.007 0.014 0.000 0.005 0.003 0.011 0.093 0.867 
 421 P _   0.009 0.017 0.000 0.006 0.004 0.013 0.093 0.857 
 422 P _   0.011 0.025 0.001 0.010 0.006 0.017 0.092 0.839 
 423 R _   0.014 0.040 0.001 0.016 0.009 0.021 0.091 0.808 
 424 Q _   0.016 0.062 0.001 0.025 0.013 0.024 0.090 0.769 
 425 F _   0.017 0.087 0.001 0.036 0.016 0.027 0.089 0.727 
 426 A _   0.018 0.106 0.002 0.045 0.019 0.028 0.088 0.694 
 427 A _   0.018 0.118 0.002 0.051 0.020 0.028 0.088 0.675 
 428 V _   0.018 0.124 0.001 0.053 0.020 0.028 0.089 0.667 
 429 S _   0.018 0.124 0.001 0.050 0.019 0.027 0.091 0.670 
 430 I _   0.017 0.120 0.001 0.045 0.017 0.025 0.093 0.682 
 431 T _   0.017 0.112 0.001 0.037 0.014 0.023 0.095 0.701 
 432 T _   0.016 0.100 0.001 0.029 0.012 0.021 0.098 0.723 
 433 N _   0.015 0.086 0.001 0.022 0.010 0.019 0.102 0.746 
 434 Q _   0.015 0.073 0.001 0.017 0.008 0.017 0.105 0.765 
 435 A _   0.014 0.062 0.001 0.014 0.007 0.016 0.108 0.778 
 436 A _   0.014 0.055 0.001 0.013 0.006 0.015 0.111 0.786 
 437 P _   0.013 0.050 0.001 0.012 0.005 0.015 0.114 0.790 
 438 S _   0.013 0.046 0.001 0.013 0.005 0.014 0.116 0.791 
 439 P _   0.013 0.043 0.001 0.015 0.005 0.014 0.119 0.791 
 440 V _   0.012 0.040 0.001 0.016 0.005 0.013 0.122 0.791 
 441 L _   0.012 0.037 0.001 0.016 0.005 0.012 0.124 0.794 
 442 T _   0.011 0.033 0.001 0.015 0.005 0.011 0.127 0.799 
 443 I _   0.010 0.028 0.001 0.013 0.004 0.010 0.129 0.806 
 444 K _   0.009 0.022 0.000 0.011 0.004 0.009 0.131 0.814 
 445 K _   0.008 0.017 0.000 0.008 0.003 0.008 0.133 0.823 
 446 D _   0.007 0.013 0.000 0.007 0.002 0.007 0.135 0.829 
 447 R _   0.006 0.010 0.000 0.005 0.002 0.006 0.136 0.833 
 448 T _   0.006 0.009 0.000 0.005 0.002 0.006 0.137 0.835 
 449 S _   0.006 0.008 0.000 0.005 0.002 0.006 0.138 0.835 
 450 R _   0.006 0.008 0.000 0.006 0.002 0.007 0.138 0.832 
 451 N _   0.006 0.009 0.000 0.008 0.003 0.008 0.138 0.828 
 452 S _   0.006 0.010 0.000 0.011 0.003 0.008 0.137 0.823 
 453 I _   0.007 0.012 0.000 0.014 0.004 0.009 0.137 0.817 
 454 S _   0.007 0.013 0.001 0.016 0.004 0.009 0.137 0.813 
 455 L _   0.007 0.013 0.001 0.017 0.004 0.009 0.137 0.812 
 456 S _   0.007 0.013 0.001 0.017 0.004 0.009 0.137 0.814 
 457 W _   0.006 0.012 0.000 0.015 0.004 0.008 0.137 0.818 
 458 Q _   0.006 0.011 0.000 0.012 0.003 0.008 0.137 0.823 
 459 E _   0.005 0.009 0.000 0.009 0.003 0.007 0.137 0.829 
 460 P _   0.005 0.008 0.000 0.007 0.002 0.006 0.137 0.834 
 461 E _   0.005 0.007 0.000 0.006 0.002 0.006 0.137 0.837 
 462 H _   0.005 0.007 0.000 0.005 0.002 0.006 0.136 0.838 
 463 P _   0.006 0.007 0.000 0.005 0.002 0.007 0.135 0.837 
 464 N _   0.006 0.009 0.000 0.007 0.003 0.008 0.134 0.833 
 465 G _   0.007 0.012 0.000 0.010 0.004 0.009 0.132 0.825 
 466 I _   0.008 0.015 0.001 0.014 0.005 0.011 0.131 0.815 
 467 I _   0.009 0.020 0.001 0.019 0.006 0.012 0.129 0.805 
 468 L _   0.009 0.023 0.001 0.023 0.006 0.013 0.127 0.797 
 469 D _   0.009 0.025 0.001 0.025 0.007 0.013 0.126 0.794 
 470 Y _   0.009 0.026 0.001 0.025 0.006 0.013 0.125 0.795 
 471 E _   0.008 0.026 0.001 0.023 0.006 0.012 0.124 0.801 
 472 V _   0.008 0.024 0.001 0.019 0.005 0.011 0.123 0.810 
 473 K _   0.007 0.022 0.000 0.015 0.004 0.010 0.123 0.820 
 474 Y _   0.006 0.020 0.000 0.011 0.003 0.009 0.122 0.829 
 475 Y _   0.006 0.018 0.000 0.008 0.002 0.008 0.121 0.837 
 476 E _   0.006 0.016 0.000 0.006 0.002 0.008 0.120 0.842 
 477 K _   0.005 0.016 0.000 0.005 0.002 0.008 0.118 0.845 
 478 Q _   0.006 0.017 0.000 0.005 0.002 0.009 0.116 0.845 
 479 E _   0.006 0.020 0.000 0.006 0.003 0.010 0.113 0.841 
 480 Q _   0.007 0.027 0.000 0.008 0.004 0.013 0.109 0.832 
 481 E _   0.009 0.040 0.001 0.012 0.006 0.016 0.104 0.813 
 482 T _   0.010 0.062 0.001 0.017 0.008 0.019 0.099 0.783 
 483 S _   0.012 0.092 0.001 0.025 0.012 0.022 0.092 0.744 
 484 Y _   0.013 0.128 0.002 0.033 0.015 0.025 0.085 0.700 
 485 T _   0.013 0.160 0.002 0.041 0.017 0.027 0.079 0.661 
 486 I _   0.014 0.186 0.002 0.048 0.019 0.028 0.074 0.631 
 487 L _   0.014 0.202 0.002 0.052 0.020 0.028 0.070 0.613 
 488 R _   0.014 0.210 0.001 0.054 0.020 0.028 0.067 0.606 
 489 A _   0.014 0.213 0.001 0.053 0.020 0.027 0.065 0.607 
 490 R _   0.014 0.211 0.001 0.050 0.019 0.026 0.063 0.617 
 491 G _   0.014 0.204 0.001 0.044 0.017 0.024 0.062 0.633 
 492 T _   0.014 0.193 0.001 0.038 0.015 0.023 0.061 0.654 
 493 N _   0.015 0.176 0.001 0.032 0.013 0.022 0.061 0.680 
 494 V _   0.015 0.157 0.001 0.026 0.011 0.021 0.061 0.709 
 495 T _   0.015 0.136 0.001 0.021 0.009 0.020 0.061 0.738 
 496 I _   0.014 0.118 0.001 0.016 0.008 0.019 0.061 0.764 
 497 S _   0.014 0.102 0.001 0.012 0.007 0.018 0.061 0.786 
 498 S _   0.013 0.091 0.001 0.009 0.005 0.017 0.060 0.803 
 499 L _   0.013 0.084 0.001 0.008 0.005 0.018 0.060 0.813 
 500 K _   0.013 0.081 0.001 0.007 0.005 0.018 0.059 0.817 
 501 P _   0.014 0.081 0.001 0.007 0.005 0.020 0.058 0.815 
 502 D _   0.016 0.084 0.001 0.008 0.006 0.022 0.057 0.807 
 503 T _   0.018 0.092 0.001 0.010 0.008 0.024 0.055 0.792 
 504 I _   0.020 0.106 0.001 0.014 0.011 0.027 0.053 0.768 
 505 Y _   0.022 0.128 0.001 0.020 0.014 0.029 0.051 0.735 
 506 V _   0.023 0.156 0.002 0.026 0.018 0.031 0.048 0.697 
 507 F _   0.023 0.183 0.002 0.033 0.020 0.032 0.046 0.661 
 508 Q _   0.023 0.206 0.002 0.039 0.022 0.032 0.044 0.632 
 509 I _   0.022 0.222 0.002 0.044 0.022 0.031 0.043 0.613 
 510 R _   0.021 0.232 0.002 0.048 0.022 0.030 0.042 0.604 
 511 A _   0.020 0.236 0.001 0.049 0.021 0.028 0.041 0.603 
 512 R _   0.019 0.234 0.001 0.047 0.019 0.026 0.041 0.612 
 513 T _   0.017 0.227 0.001 0.044 0.017 0.024 0.042 0.629 
 514 A _   0.016 0.214 0.001 0.039 0.014 0.021 0.043 0.652 
 515 A _   0.014 0.195 0.001 0.033 0.012 0.019 0.044 0.683 
 516 G _   0.013 0.171 0.001 0.027 0.009 0.017 0.045 0.718 
 517 Y _   0.012 0.145 0.001 0.022 0.008 0.015 0.046 0.753 
 518 G _   0.011 0.120 0.001 0.018 0.006 0.013 0.047 0.784 
 519 T _   0.010 0.098 0.001 0.015 0.005 0.012 0.048 0.810 
 520 N _   0.009 0.081 0.001 0.014 0.005 0.011 0.049 0.830 
 521 S _   0.009 0.068 0.001 0.013 0.004 0.011 0.050 0.845 
 522 R _   0.008 0.057 0.001 0.013 0.004 0.010 0.050 0.857 
 523 K _   0.008 0.048 0.001 0.013 0.004 0.010 0.051 0.866 
 524 F _   0.008 0.040 0.000 0.013 0.004 0.009 0.051 0.875 
 525 E _   0.007 0.033 0.000 0.012 0.004 0.009 0.051 0.883 
 526 F _   0.007 0.026 0.000 0.012 0.003 0.008 0.051 0.892 
 527 E _   0.006 0.020 0.000 0.011 0.003 0.007 0.051 0.902 
 528 T _   0.006 0.014 0.000 0.009 0.003 0.007 0.051 0.911 
 529 S _   0.005 0.010 0.000 0.007 0.002 0.006 0.050 0.919 
 530 P _   0.005 0.006 0.000 0.006 0.002 0.005 0.049 0.926 
 531 D _   0.005 0.004 0.000 0.005 0.002 0.005 0.048 0.931 
 532 S _   0.006 0.002 0.000 0.004 0.002 0.005 0.047 0.934 
 533 F _   0.009 0.001 0.000 0.003 0.002 0.005 0.045 0.936 
 534 S _   0.014 0.000 0.000 0.003 0.002 0.005 0.043 0.933 
 535 I _   0.023 0.000 0.000 0.002 0.002 0.005 0.040 0.927 
 536 S _   0.040 0.000 0.000 0.002 0.002 0.006 0.037 0.913 
 537 G _   0.068 0.000 0.000 0.002 0.003 0.006 0.034 0.887 
 538 E _   0.111 0.000 0.000 0.001 0.004 0.007 0.030 0.847 
 539 S _   0.172 0.000 0.001 0.001 0.004 0.007 0.026 0.789 
 540 S _   0.247 0.000 0.001 0.001 0.005 0.007 0.022 0.718 
 541 Q _   0.332 0.000 0.001 0.001 0.005 0.007 0.019 0.635 
 542 V _   0.431 0.000 0.001 0.000 0.005 0.007 0.016 0.540 
 543 V H   0.532 0.000 0.001 0.000 0.005 0.006 0.014 0.441 
 544 M H   0.628 0.000 0.001 0.000 0.005 0.005 0.012 0.349 
 545 I H   0.717 0.000 0.001 0.000 0.005 0.004 0.010 0.262 
 546 A H   0.793 0.000 0.001 0.000 0.005 0.004 0.009 0.189 
 547 I H   0.851 0.000 0.001 0.000 0.005 0.003 0.007 0.133 
 548 S H   0.893 0.000 0.001 0.000 0.005 0.003 0.006 0.092 
 549 A H   0.923 0.000 0.001 0.000 0.005 0.002 0.005 0.063 
 550 A H   0.944 0.000 0.001 0.000 0.005 0.002 0.005 0.044 
 551 V H   0.957 0.000 0.001 0.000 0.005 0.002 0.004 0.032 
 552 A H   0.965 0.000 0.001 0.000 0.005 0.002 0.003 0.024 
 553 I H   0.969 0.000 0.001 0.000 0.005 0.002 0.003 0.020 
 554 I H   0.971 0.000 0.001 0.000 0.005 0.002 0.003 0.019 
 555 L H   0.970 0.000 0.001 0.000 0.006 0.002 0.002 0.020 
 556 L H   0.966 0.000 0.001 0.000 0.006 0.002 0.002 0.023 
 557 T H   0.960 0.000 0.001 0.000 0.007 0.002 0.002 0.029 
 558 V H   0.949 0.000 0.001 0.000 0.007 0.002 0.002 0.038 
 559 V H   0.934 0.000 0.001 0.000 0.008 0.003 0.002 0.052 
 560 I H   0.913 0.000 0.001 0.000 0.009 0.003 0.003 0.071 
 561 Y H   0.886 0.000 0.001 0.000 0.010 0.004 0.003 0.096 
 562 V H   0.850 0.000 0.001 0.000 0.011 0.005 0.004 0.129 
 563 L H   0.804 0.000 0.001 0.001 0.012 0.006 0.006 0.170 
 564 I H   0.743 0.000 0.001 0.001 0.013 0.007 0.009 0.226 
 565 G H   0.661 0.000 0.001 0.001 0.014 0.008 0.013 0.301 
 566 R H   0.561 0.000 0.002 0.002 0.013 0.009 0.020 0.393 
 567 F _   0.449 0.000 0.001 0.003 0.012 0.009 0.029 0.496 
 568 C _   0.338 0.000 0.001 0.004 0.009 0.009 0.039 0.599 
 569 G _   0.237 0.000 0.001 0.004 0.007 0.009 0.049 0.693 
 570 Y _   0.155 0.000 0.001 0.004 0.005 0.008 0.057 0.770 
 571 K _   0.096 0.000 0.001 0.004 0.003 0.007 0.064 0.826 
 572 S _   0.057 0.000 0.000 0.003 0.002 0.006 0.068 0.863 
 573 K _   0.033 0.000 0.000 0.003 0.002 0.005 0.072 0.885 
 574 H _   0.019 0.001 0.000 0.003 0.001 0.005 0.075 0.897 
 575 G _   0.012 0.001 0.000 0.003 0.001 0.005 0.076 0.902 
 576 A _   0.008 0.002 0.000 0.004 0.001 0.005 0.077 0.902 
 577 D _   0.007 0.004 0.000 0.005 0.002 0.006 0.078 0.899 
 578 E _   0.006 0.008 0.000 0.006 0.002 0.007 0.078 0.894 
 579 K _   0.006 0.013 0.000 0.008 0.002 0.008 0.077 0.885 
 580 R _   0.006 0.021 0.000 0.011 0.003 0.009 0.076 0.874 
 581 L _   0.005 0.031 0.000 0.013 0.004 0.010 0.075 0.862 
 582 H _   0.005 0.042 0.001 0.016 0.004 0.011 0.073 0.848 
 583 F _   0.005 0.053 0.001 0.018 0.005 0.012 0.071 0.835 
 584 G _   0.006 0.065 0.001 0.021 0.005 0.013 0.070 0.820 
 585 N _   0.006 0.077 0.001 0.023 0.006 0.014 0.069 0.805 
 586 G _   0.007 0.087 0.001 0.026 0.007 0.015 0.067 0.791 
 587 H _   0.007 0.097 0.001 0.028 0.008 0.015 0.067 0.776 
 588 L _   0.008 0.106 0.001 0.032 0.009 0.016 0.066 0.763 
 589 K _   0.009 0.112 0.001 0.035 0.009 0.017 0.066 0.751 
 590 L _   0.009 0.117 0.001 0.038 0.010 0.017 0.066 0.743 
 591 P _   0.010 0.118 0.001 0.039 0.010 0.017 0.066 0.738 
 592 G _   0.010 0.117 0.001 0.039 0.010 0.016 0.067 0.739 
 593 L _   0.011 0.112 0.001 0.037 0.010 0.015 0.069 0.745 
 594 R _   0.011 0.104 0.001 0.034 0.009 0.014 0.070 0.757 
 595 T _   0.011 0.092 0.001 0.028 0.008 0.013 0.073 0.775 
 596 Y _   0.010 0.075 0.001 0.022 0.006 0.012 0.075 0.799 
 597 V _   0.009 0.057 0.001 0.016 0.005 0.010 0.077 0.825 
 598 D _   0.008 0.041 0.001 0.011 0.004 0.009 0.079 0.848 
 599 P _   0.007 0.029 0.000 0.007 0.003 0.008 0.080 0.866 
 600 H _   0.007 0.022 0.000 0.005 0.002 0.007 0.081 0.877 
 601 T _   0.006 0.019 0.000 0.003 0.002 0.007 0.081 0.882 
 602 Y _   0.006 0.018 0.000 0.003 0.002 0.008 0.080 0.883 
 603 E _   0.006 0.020 0.000 0.004 0.002 0.009 0.079 0.879 
 604 D _   0.007 0.024 0.000 0.006 0.003 0.011 0.078 0.870 
 605 P _   0.009 0.035 0.001 0.011 0.005 0.014 0.075 0.850 
 606 T _   0.010 0.055 0.001 0.018 0.007 0.017 0.072 0.820 
 607 Q _   0.010 0.083 0.001 0.027 0.010 0.020 0.068 0.781 
 608 T _   0.010 0.112 0.001 0.037 0.013 0.021 0.064 0.741 
 609 V _   0.010 0.135 0.001 0.045 0.014 0.022 0.061 0.711 
 610 H _   0.010 0.150 0.001 0.051 0.015 0.022 0.059 0.692 
 611 E _   0.010 0.158 0.001 0.053 0.015 0.022 0.057 0.684 
 612 F _   0.009 0.160 0.001 0.052 0.014 0.020 0.056 0.687 
 613 A _   0.009 0.158 0.001 0.047 0.013 0.019 0.055 0.697 
 614 K _   0.009 0.152 0.001 0.040 0.011 0.018 0.055 0.713 
 615 E _   0.009 0.140 0.001 0.033 0.010 0.016 0.056 0.736 
 616 L _   0.009 0.125 0.001 0.025 0.008 0.014 0.056 0.761 
 617 D _   0.009 0.109 0.001 0.019 0.006 0.013 0.057 0.786 
 618 A _   0.009 0.095 0.001 0.014 0.005 0.012 0.057 0.808 
 619 T _   0.009 0.084 0.001 0.010 0.004 0.012 0.057 0.824 
 620 N _   0.008 0.077 0.000 0.008 0.003 0.011 0.057 0.834 
 621 I _   0.008 0.074 0.000 0.007 0.003 0.012 0.057 0.839 
 622 S _   0.009 0.073 0.000 0.007 0.003 0.012 0.057 0.839 
 623 I _   0.010 0.075 0.000 0.007 0.004 0.014 0.056 0.834 
 624 D _   0.011 0.080 0.001 0.009 0.005 0.015 0.054 0.824 
 625 K _   0.012 0.089 0.001 0.013 0.007 0.018 0.053 0.808 
 626 V _   0.013 0.102 0.001 0.017 0.009 0.020 0.051 0.786 
 627 V _   0.014 0.119 0.001 0.023 0.011 0.021 0.050 0.761 
 628 G _   0.015 0.136 0.001 0.029 0.013 0.023 0.048 0.736 
 629 A _   0.015 0.150 0.001 0.034 0.014 0.024 0.047 0.715 
 630 G _   0.015 0.160 0.001 0.039 0.015 0.024 0.045 0.699 
 631 E _   0.015 0.166 0.001 0.042 0.015 0.023 0.045 0.692 
 632 F _   0.015 0.168 0.001 0.042 0.015 0.022 0.045 0.692 
 633 G _   0.014 0.165 0.001 0.041 0.014 0.021 0.045 0.699 
 634 E _   0.013 0.158 0.001 0.038 0.012 0.019 0.045 0.712 
 635 V _   0.013 0.147 0.001 0.033 0.011 0.018 0.046 0.732 
 636 C _   0.012 0.131 0.001 0.028 0.009 0.016 0.047 0.756 
 637 S _   0.011 0.112 0.001 0.023 0.007 0.014 0.049 0.784 
 638 G _   0.010 0.091 0.001 0.017 0.006 0.013 0.050 0.812 
 639 R _   0.009 0.073 0.001 0.013 0.005 0.011 0.051 0.837 
 640 L _   0.008 0.059 0.000 0.009 0.003 0.010 0.052 0.858 
 641 K _   0.008 0.049 0.000 0.007 0.003 0.010 0.052 0.871 
 642 L _   0.007 0.044 0.000 0.005 0.002 0.010 0.052 0.879 
 643 P _   0.007 0.042 0.000 0.005 0.002 0.010 0.052 0.881 
 644 S _   0.008 0.043 0.000 0.005 0.003 0.012 0.051 0.878 
 645 K _   0.010 0.047 0.000 0.007 0.004 0.014 0.050 0.869 
 646 K _   0.012 0.056 0.001 0.010 0.006 0.017 0.048 0.850 
 647 E _   0.014 0.075 0.001 0.015 0.009 0.021 0.046 0.820 
 648 I _   0.016 0.102 0.001 0.022 0.012 0.024 0.044 0.778 
 649 S _   0.018 0.134 0.001 0.030 0.015 0.026 0.042 0.733 
 650 V _   0.019 0.166 0.002 0.039 0.018 0.028 0.039 0.691 
 651 A _   0.019 0.189 0.002 0.046 0.019 0.028 0.038 0.659 
 652 I _   0.020 0.205 0.002 0.051 0.020 0.028 0.037 0.638 
 653 K _   0.020 0.213 0.001 0.054 0.020 0.028 0.036 0.628 
 654 T _   0.019 0.214 0.001 0.053 0.019 0.026 0.036 0.630 
 655 L _   0.019 0.210 0.001 0.050 0.018 0.024 0.036 0.642 
 656 K _   0.018 0.199 0.001 0.045 0.015 0.022 0.037 0.662 
 657 V _   0.017 0.181 0.001 0.037 0.013 0.020 0.038 0.693 
 658 G _   0.015 0.156 0.001 0.030 0.010 0.018 0.039 0.730 
 659 Y _   0.014 0.127 0.001 0.022 0.008 0.016 0.040 0.772 
 660 T _   0.013 0.100 0.001 0.015 0.006 0.014 0.041 0.811 
 661 E _   0.011 0.079 0.001 0.010 0.004 0.012 0.042 0.841 
 662 K _   0.010 0.067 0.000 0.007 0.003 0.011 0.042 0.860 
 663 Q _   0.009 0.060 0.000 0.005 0.003 0.011 0.042 0.870 
