#TopoPred_TM8: 8-state transmembrane topology prediction results by no_profile mode 
#probabilities are in the order of H E C I L F X _, the 8 transmembrane topology types used in PDBTM 
   1 M X   0.014 0.002 0.002 0.057 0.009 0.010 0.696 0.210 
   2 S X   0.005 0.001 0.000 0.034 0.002 0.005 0.715 0.238 
   3 G X   0.001 0.001 0.000 0.019 0.001 0.003 0.718 0.257 
   4 R X   0.001 0.001 0.000 0.014 0.001 0.004 0.714 0.266 
   5 P X   0.001 0.002 0.000 0.013 0.001 0.005 0.705 0.272 
   6 R X   0.002 0.004 0.000 0.013 0.002 0.007 0.693 0.279 
   7 T X   0.003 0.007 0.000 0.015 0.002 0.009 0.678 0.285 
   8 T X   0.004 0.012 0.000 0.018 0.003 0.010 0.661 0.292 
   9 S X   0.004 0.019 0.001 0.021 0.004 0.012 0.641 0.299 
  10 F X   0.004 0.026 0.001 0.023 0.005 0.012 0.620 0.309 
  11 A X   0.004 0.033 0.001 0.025 0.005 0.012 0.600 0.320 
  12 E X   0.004 0.038 0.001 0.024 0.006 0.012 0.581 0.334 
  13 S X   0.004 0.043 0.001 0.022 0.005 0.012 0.564 0.349 
  14 C X   0.004 0.046 0.001 0.020 0.005 0.012 0.549 0.363 
  15 K X   0.004 0.050 0.001 0.019 0.005 0.012 0.535 0.375 
  16 P X   0.004 0.053 0.001 0.018 0.005 0.012 0.521 0.385 
  17 V X   0.005 0.057 0.001 0.018 0.005 0.013 0.508 0.393 
  18 Q X   0.005 0.062 0.001 0.020 0.006 0.013 0.495 0.398 
  19 Q X   0.005 0.067 0.001 0.023 0.007 0.014 0.482 0.401 
  20 P X   0.006 0.072 0.001 0.027 0.008 0.014 0.470 0.403 
  21 S X   0.006 0.076 0.001 0.030 0.008 0.014 0.459 0.406 
  22 A X   0.006 0.078 0.001 0.033 0.008 0.014 0.450 0.410 
  23 F X   0.006 0.078 0.001 0.034 0.008 0.013 0.442 0.417 
  24 G X   0.006 0.076 0.001 0.032 0.008 0.012 0.436 0.429 
  25 S _   0.006 0.072 0.001 0.028 0.007 0.011 0.431 0.445 
  26 M _   0.006 0.064 0.001 0.023 0.005 0.010 0.427 0.464 
  27 K _   0.005 0.055 0.001 0.016 0.004 0.009 0.423 0.487 
  28 V _   0.005 0.044 0.000 0.011 0.003 0.008 0.420 0.509 
  29 S _   0.005 0.036 0.000 0.007 0.002 0.007 0.416 0.528 
  30 R _   0.004 0.030 0.000 0.005 0.002 0.007 0.411 0.541 
  31 D _   0.004 0.028 0.000 0.004 0.002 0.007 0.406 0.549 
  32 K _   0.005 0.028 0.000 0.004 0.002 0.008 0.400 0.553 
  33 D _   0.006 0.031 0.000 0.006 0.003 0.011 0.393 0.551 
  34 G _   0.008 0.039 0.001 0.010 0.005 0.014 0.383 0.541 
  35 S _   0.010 0.056 0.001 0.018 0.008 0.017 0.370 0.518 
  36 K _   0.011 0.084 0.001 0.031 0.012 0.020 0.356 0.485 
  37 V _   0.012 0.112 0.001 0.045 0.015 0.021 0.343 0.451 
  38 T _   0.012 0.133 0.001 0.056 0.016 0.022 0.332 0.427 
  39 T _   0.012 0.145 0.001 0.064 0.016 0.021 0.325 0.416 
  40 V _   0.012 0.149 0.001 0.066 0.015 0.020 0.320 0.416 
  41 V _   0.011 0.148 0.001 0.064 0.014 0.019 0.318 0.426 
  42 A _   0.011 0.140 0.001 0.056 0.012 0.017 0.317 0.447 
  43 T _   0.010 0.124 0.001 0.045 0.010 0.014 0.317 0.480 
  44 P _   0.009 0.099 0.001 0.032 0.007 0.012 0.318 0.523 
  45 G _   0.008 0.069 0.001 0.020 0.005 0.010 0.319 0.568 
  46 Q _   0.007 0.044 0.000 0.011 0.003 0.008 0.320 0.607 
  47 G _   0.006 0.028 0.000 0.006 0.002 0.006 0.319 0.632 
  48 P _   0.005 0.020 0.000 0.004 0.001 0.005 0.317 0.647 
  49 D _   0.004 0.018 0.000 0.003 0.001 0.005 0.315 0.655 
  50 R _   0.004 0.017 0.000 0.003 0.001 0.005 0.311 0.660 
  51 P _   0.004 0.018 0.000 0.004 0.001 0.006 0.305 0.662 
  52 Q _   0.004 0.021 0.000 0.006 0.002 0.007 0.298 0.662 
  53 E _   0.004 0.027 0.000 0.009 0.003 0.009 0.290 0.659 
  54 V _   0.005 0.036 0.001 0.012 0.004 0.010 0.279 0.653 
  55 S _   0.005 0.047 0.001 0.016 0.005 0.012 0.268 0.646 
  56 Y _   0.005 0.060 0.001 0.019 0.006 0.013 0.256 0.640 
  57 T _   0.005 0.072 0.001 0.021 0.006 0.014 0.245 0.635 
  58 D _   0.005 0.084 0.001 0.022 0.007 0.016 0.235 0.630 
  59 T _   0.006 0.095 0.001 0.022 0.008 0.017 0.225 0.626 
  60 K _   0.007 0.105 0.001 0.023 0.008 0.019 0.216 0.621 
  61 V _   0.008 0.115 0.001 0.023 0.010 0.021 0.207 0.615 
  62 I _   0.009 0.126 0.001 0.025 0.011 0.023 0.199 0.605 
  63 G _   0.011 0.139 0.001 0.028 0.013 0.026 0.190 0.593 
  64 N _   0.012 0.151 0.001 0.032 0.016 0.028 0.183 0.577 
  65 G _   0.014 0.163 0.001 0.037 0.018 0.030 0.176 0.561 
  66 S _   0.016 0.173 0.001 0.042 0.020 0.031 0.169 0.548 
  67 F _   0.016 0.178 0.002 0.047 0.021 0.031 0.165 0.540 
  68 G _   0.017 0.180 0.001 0.049 0.021 0.030 0.161 0.540 
  69 V _   0.017 0.178 0.001 0.049 0.020 0.029 0.158 0.547 
  70 V _   0.017 0.170 0.002 0.046 0.019 0.027 0.156 0.564 
  71 Y _   0.017 0.156 0.001 0.039 0.016 0.025 0.155 0.591 
  72 Q _   0.016 0.134 0.001 0.031 0.013 0.022 0.154 0.628 
  73 A _   0.015 0.108 0.001 0.022 0.010 0.020 0.154 0.670 
  74 K _   0.014 0.082 0.001 0.015 0.008 0.018 0.154 0.709 
  75 L _   0.013 0.062 0.001 0.010 0.006 0.017 0.153 0.740 
  76 C _   0.012 0.051 0.001 0.007 0.004 0.016 0.152 0.758 
  77 D _   0.012 0.046 0.000 0.006 0.004 0.016 0.150 0.767 
  78 S _   0.012 0.044 0.000 0.006 0.004 0.016 0.149 0.767 
  79 G _   0.014 0.046 0.001 0.009 0.006 0.017 0.147 0.761 
  80 E _   0.016 0.051 0.001 0.014 0.007 0.019 0.144 0.749 
  81 L _   0.017 0.057 0.001 0.020 0.009 0.020 0.142 0.733 
  82 V _   0.018 0.063 0.001 0.027 0.011 0.021 0.139 0.719 
  83 A _   0.018 0.067 0.001 0.033 0.012 0.021 0.138 0.710 
  84 I _   0.018 0.068 0.001 0.035 0.012 0.020 0.137 0.708 
  85 K _   0.017 0.067 0.001 0.034 0.011 0.019 0.136 0.714 
  86 K _   0.016 0.062 0.001 0.030 0.010 0.017 0.136 0.728 
  87 V _   0.014 0.055 0.001 0.024 0.008 0.015 0.136 0.748 
  88 L _   0.013 0.045 0.001 0.017 0.006 0.013 0.137 0.769 
  89 Q _   0.011 0.035 0.001 0.011 0.004 0.011 0.137 0.790 
  90 D _   0.009 0.027 0.000 0.007 0.003 0.010 0.137 0.806 
  91 K _   0.008 0.023 0.000 0.005 0.002 0.009 0.136 0.817 
  92 R _   0.007 0.021 0.000 0.004 0.002 0.008 0.135 0.822 
  93 F _   0.007 0.021 0.000 0.004 0.002 0.009 0.133 0.823 
  94 K _   0.007 0.023 0.000 0.005 0.003 0.009 0.131 0.821 
  95 N _   0.008 0.027 0.000 0.008 0.003 0.011 0.129 0.814 
  96 R _   0.008 0.035 0.001 0.011 0.005 0.012 0.126 0.803 
  97 E _   0.009 0.044 0.001 0.015 0.006 0.014 0.123 0.789 
  98 L _   0.009 0.054 0.001 0.018 0.007 0.015 0.120 0.777 
  99 Q _   0.010 0.063 0.001 0.020 0.007 0.016 0.117 0.767 
 100 I _   0.010 0.069 0.001 0.021 0.007 0.017 0.114 0.762 
 101 M _   0.010 0.074 0.001 0.019 0.007 0.017 0.112 0.760 
 102 R _   0.011 0.077 0.001 0.017 0.007 0.018 0.110 0.760 
 103 K _   0.011 0.079 0.001 0.015 0.007 0.019 0.108 0.760 
 104 L _   0.013 0.081 0.001 0.013 0.007 0.020 0.106 0.759 
 105 D _   0.014 0.085 0.001 0.013 0.008 0.022 0.104 0.752 
 106 H _   0.017 0.092 0.001 0.014 0.010 0.025 0.102 0.740 
 107 C _   0.019 0.102 0.001 0.018 0.012 0.027 0.100 0.720 
 108 N _   0.021 0.118 0.001 0.026 0.016 0.029 0.098 0.691 
 109 I _   0.023 0.137 0.002 0.035 0.018 0.030 0.096 0.658 
 110 V _   0.025 0.153 0.002 0.045 0.020 0.030 0.094 0.631 
 111 R _   0.024 0.163 0.002 0.054 0.021 0.030 0.093 0.613 
 112 L _   0.023 0.167 0.002 0.058 0.020 0.028 0.093 0.609 
 113 R _   0.022 0.165 0.001 0.058 0.018 0.025 0.093 0.617 
 114 Y _   0.019 0.155 0.001 0.053 0.016 0.022 0.094 0.639 
 115 F _   0.017 0.136 0.001 0.044 0.013 0.019 0.096 0.674 
 116 F _   0.014 0.107 0.001 0.033 0.010 0.016 0.098 0.721 
 117 Y _   0.012 0.074 0.001 0.022 0.007 0.013 0.100 0.772 
 118 S _   0.010 0.044 0.001 0.013 0.004 0.010 0.102 0.816 
 119 S _   0.008 0.025 0.000 0.008 0.003 0.008 0.103 0.846 
 120 G _   0.006 0.014 0.000 0.004 0.002 0.007 0.103 0.863 
 121 E _   0.005 0.010 0.000 0.003 0.001 0.006 0.103 0.871 
 122 K _   0.005 0.009 0.000 0.003 0.001 0.007 0.102 0.874 
 123 K _   0.005 0.009 0.000 0.003 0.002 0.008 0.100 0.873 
 124 D _   0.006 0.011 0.000 0.005 0.002 0.010 0.098 0.867 
 125 E _   0.008 0.016 0.000 0.008 0.004 0.014 0.095 0.856 
 126 V _   0.010 0.024 0.001 0.013 0.006 0.018 0.091 0.838 
 127 Y _   0.012 0.037 0.001 0.019 0.008 0.022 0.086 0.815 
 128 L _   0.014 0.051 0.001 0.025 0.011 0.026 0.082 0.790 
 129 N _   0.016 0.063 0.001 0.029 0.014 0.030 0.077 0.770 
 130 L _   0.018 0.072 0.001 0.032 0.016 0.033 0.073 0.755 
 131 V _   0.021 0.078 0.001 0.033 0.018 0.035 0.070 0.744 
 132 L _   0.023 0.081 0.001 0.032 0.019 0.038 0.067 0.738 
 133 D _   0.026 0.083 0.001 0.031 0.021 0.039 0.064 0.735 
 134 Y _   0.029 0.083 0.001 0.029 0.022 0.041 0.062 0.733 
 135 V _   0.032 0.083 0.001 0.027 0.023 0.042 0.060 0.732 
 136 P _   0.035 0.082 0.001 0.027 0.023 0.042 0.058 0.731 
 137 E _   0.038 0.080 0.001 0.027 0.023 0.041 0.057 0.732 
 138 T _   0.039 0.078 0.001 0.028 0.022 0.040 0.056 0.735 
 139 V _   0.039 0.075 0.001 0.028 0.021 0.038 0.056 0.741 
 140 Y _   0.039 0.070 0.001 0.028 0.020 0.036 0.055 0.751 
 141 R _   0.037 0.063 0.001 0.026 0.018 0.033 0.055 0.766 
 142 V _   0.034 0.054 0.001 0.023 0.015 0.030 0.055 0.787 
 143 A _   0.031 0.043 0.001 0.020 0.012 0.027 0.055 0.812 
 144 R _   0.028 0.031 0.001 0.015 0.010 0.024 0.055 0.837 
 145 H _   0.025 0.020 0.001 0.011 0.008 0.021 0.055 0.860 
 146 Y _   0.022 0.011 0.001 0.008 0.006 0.019 0.054 0.879 
 147 S _   0.022 0.006 0.001 0.006 0.005 0.018 0.054 0.890 
 148 R _   0.022 0.003 0.000 0.004 0.004 0.018 0.053 0.896 
 149 A _   0.025 0.001 0.000 0.004 0.004 0.018 0.052 0.896 
 150 K _   0.029 0.001 0.000 0.004 0.004 0.019 0.051 0.891 
 151 Q _   0.036 0.001 0.001 0.004 0.005 0.022 0.050 0.882 
 152 T _   0.047 0.000 0.001 0.004 0.006 0.025 0.048 0.868 
 153 L _   0.061 0.000 0.001 0.005 0.008 0.029 0.047 0.849 
 154 P _   0.078 0.001 0.001 0.006 0.011 0.034 0.045 0.825 
 155 V _   0.098 0.001 0.001 0.007 0.015 0.040 0.043 0.796 
 156 I _   0.120 0.001 0.001 0.008 0.019 0.045 0.041 0.765 
 157 Y _   0.144 0.001 0.001 0.009 0.023 0.050 0.039 0.733 
 158 V _   0.168 0.001 0.002 0.010 0.026 0.054 0.038 0.702 
 159 K _   0.191 0.001 0.002 0.010 0.029 0.057 0.036 0.675 
 160 L _   0.211 0.001 0.002 0.009 0.030 0.058 0.035 0.653 
 161 Y _   0.228 0.001 0.002 0.008 0.030 0.059 0.034 0.637 
 162 M _   0.242 0.001 0.002 0.007 0.029 0.059 0.034 0.627 
 163 Y _   0.254 0.000 0.002 0.006 0.028 0.058 0.033 0.619 
 164 Q _   0.266 0.000 0.001 0.005 0.027 0.057 0.033 0.611 
 165 L _   0.275 0.000 0.001 0.004 0.027 0.057 0.033 0.603 
 166 F _   0.285 0.000 0.001 0.004 0.028 0.056 0.032 0.593 
 167 R _   0.293 0.001 0.002 0.004 0.030 0.057 0.033 0.581 
 168 S _   0.300 0.001 0.002 0.005 0.034 0.057 0.033 0.569 
 169 L _   0.302 0.002 0.002 0.007 0.038 0.057 0.034 0.558 
 170 A _   0.299 0.005 0.002 0.010 0.042 0.056 0.035 0.551 
 171 Y _   0.290 0.008 0.002 0.015 0.044 0.054 0.037 0.548 
 172 I _   0.274 0.012 0.003 0.021 0.045 0.052 0.039 0.555 
 173 H _   0.252 0.015 0.003 0.026 0.043 0.049 0.042 0.571 
 174 S _   0.224 0.016 0.002 0.029 0.039 0.044 0.045 0.600 
 175 F _   0.192 0.016 0.002 0.030 0.033 0.039 0.049 0.640 
 176 G _   0.157 0.015 0.002 0.027 0.025 0.034 0.053 0.687 
 177 I _   0.122 0.012 0.002 0.022 0.018 0.028 0.057 0.739 
 178 C _   0.090 0.009 0.001 0.017 0.012 0.022 0.061 0.788 
 179 H _   0.063 0.006 0.001 0.012 0.008 0.017 0.064 0.829 
 180 R _   0.043 0.004 0.001 0.008 0.005 0.014 0.067 0.859 
 181 D _   0.029 0.002 0.000 0.006 0.003 0.011 0.069 0.879 
 182 I _   0.020 0.002 0.000 0.005 0.002 0.009 0.070 0.893 
 183 K _   0.014 0.001 0.000 0.004 0.002 0.007 0.071 0.901 
 184 P _   0.010 0.001 0.000 0.004 0.002 0.006 0.072 0.905 
 185 Q _   0.008 0.002 0.000 0.004 0.002 0.006 0.071 0.907 
 186 N _   0.007 0.002 0.000 0.004 0.002 0.006 0.071 0.908 
 187 L _   0.006 0.003 0.000 0.005 0.002 0.006 0.070 0.907 
 188 L _   0.006 0.005 0.000 0.006 0.002 0.007 0.069 0.904 
 189 L _   0.006 0.008 0.000 0.007 0.003 0.008 0.067 0.901 
 190 D _   0.006 0.012 0.000 0.008 0.003 0.009 0.066 0.895 
 191 P _   0.007 0.018 0.000 0.010 0.004 0.011 0.064 0.887 
 192 D _   0.008 0.026 0.001 0.012 0.005 0.012 0.061 0.876 
 193 T _   0.008 0.035 0.001 0.015 0.006 0.014 0.059 0.862 
 194 A _   0.009 0.046 0.001 0.018 0.007 0.015 0.057 0.848 
 195 V _   0.010 0.056 0.001 0.021 0.008 0.016 0.054 0.834 
 196 L _   0.010 0.065 0.001 0.024 0.008 0.017 0.052 0.822 
 197 K _   0.010 0.072 0.001 0.026 0.009 0.017 0.050 0.815 
 198 L _   0.010 0.077 0.001 0.026 0.009 0.017 0.049 0.811 
 199 C _   0.010 0.080 0.001 0.026 0.009 0.017 0.047 0.810 
 200 D _   0.010 0.081 0.001 0.025 0.009 0.016 0.046 0.813 
 201 F _   0.010 0.081 0.001 0.023 0.008 0.016 0.045 0.816 
 202 G _   0.010 0.080 0.001 0.022 0.008 0.015 0.044 0.821 
 203 S _   0.010 0.079 0.001 0.020 0.007 0.015 0.043 0.826 
 204 A _   0.010 0.076 0.001 0.019 0.007 0.014 0.042 0.831 
 205 K _   0.010 0.073 0.001 0.018 0.006 0.014 0.042 0.837 
 206 Q _   0.010 0.070 0.001 0.016 0.006 0.013 0.041 0.843 
 207 L _   0.010 0.067 0.001 0.015 0.006 0.013 0.040 0.850 
 208 V _   0.009 0.063 0.001 0.013 0.005 0.012 0.040 0.856 
 209 R _   0.009 0.060 0.001 0.012 0.005 0.012 0.039 0.862 
 210 G _   0.009 0.058 0.001 0.011 0.005 0.012 0.039 0.867 
 211 E _   0.009 0.056 0.001 0.010 0.004 0.012 0.038 0.870 
 212 P _   0.009 0.056 0.001 0.009 0.004 0.013 0.037 0.871 
 213 N _   0.009 0.056 0.001 0.010 0.005 0.013 0.036 0.870 
 214 V _   0.010 0.058 0.001 0.010 0.005 0.015 0.035 0.866 
 215 S _   0.011 0.061 0.001 0.011 0.006 0.016 0.034 0.861 
 216 Y _   0.012 0.065 0.001 0.013 0.007 0.017 0.033 0.852 
 217 I _   0.012 0.070 0.001 0.016 0.008 0.019 0.032 0.842 
 218 C _   0.013 0.076 0.001 0.018 0.009 0.021 0.030 0.832 
 219 S _   0.014 0.082 0.001 0.020 0.010 0.022 0.029 0.822 
 220 R _   0.014 0.087 0.001 0.022 0.011 0.023 0.028 0.812 
 221 Y _   0.015 0.093 0.001 0.025 0.013 0.024 0.027 0.803 
 222 Y _   0.015 0.097 0.001 0.028 0.014 0.025 0.025 0.794 
 223 R _   0.015 0.101 0.001 0.031 0.015 0.026 0.024 0.786 
 224 A _   0.016 0.103 0.001 0.034 0.016 0.026 0.023 0.780 
 225 P _   0.016 0.104 0.001 0.037 0.016 0.026 0.023 0.777 
 226 E _   0.017 0.103 0.001 0.038 0.016 0.025 0.022 0.778 
 227 L _   0.017 0.098 0.001 0.038 0.015 0.024 0.022 0.785 
 228 I _   0.017 0.090 0.001 0.036 0.014 0.022 0.021 0.798 
 229 F _   0.018 0.077 0.001 0.031 0.012 0.020 0.021 0.819 
 230 G _   0.020 0.059 0.001 0.024 0.010 0.019 0.021 0.844 
 231 A _   0.024 0.039 0.001 0.017 0.008 0.017 0.021 0.873 
 232 T _   0.030 0.020 0.001 0.011 0.006 0.016 0.021 0.896 
 233 D _   0.039 0.008 0.001 0.006 0.005 0.015 0.020 0.907 
 234 Y _   0.053 0.002 0.001 0.003 0.004 0.014 0.020 0.903 
 235 T _   0.077 0.001 0.000 0.002 0.004 0.014 0.019 0.883 
 236 S _   0.118 0.000 0.001 0.002 0.005 0.016 0.017 0.843 
 237 S _   0.181 0.000 0.001 0.001 0.006 0.018 0.016 0.776 
 238 I _   0.271 0.000 0.001 0.002 0.010 0.022 0.014 0.681 
 239 D _   0.376 0.000 0.001 0.002 0.014 0.025 0.013 0.568 
 240 V H   0.480 0.000 0.001 0.002 0.021 0.029 0.011 0.455 
 241 W H   0.570 0.000 0.002 0.002 0.027 0.031 0.011 0.357 
 242 S H   0.638 0.000 0.002 0.002 0.033 0.032 0.010 0.282 
 243 A H   0.683 0.000 0.002 0.003 0.038 0.032 0.010 0.232 
 244 G H   0.710 0.000 0.002 0.003 0.041 0.031 0.011 0.201 
 245 C H   0.722 0.000 0.002 0.004 0.043 0.030 0.012 0.187 
 246 V H   0.720 0.001 0.002 0.004 0.043 0.029 0.013 0.187 
 247 L H   0.702 0.001 0.002 0.005 0.043 0.028 0.015 0.204 
 248 A H   0.668 0.001 0.002 0.005 0.041 0.026 0.018 0.238 
 249 E H   0.616 0.001 0.002 0.006 0.037 0.025 0.023 0.290 
 250 L H   0.545 0.001 0.002 0.007 0.032 0.024 0.028 0.362 
 251 L H   0.456 0.001 0.002 0.007 0.025 0.022 0.035 0.452 
 252 L _   0.359 0.001 0.002 0.007 0.018 0.019 0.042 0.551 
 253 G _   0.268 0.000 0.001 0.007 0.013 0.017 0.050 0.643 
 254 Q _   0.187 0.000 0.001 0.006 0.009 0.014 0.058 0.724 
 255 P _   0.124 0.000 0.001 0.005 0.006 0.012 0.064 0.788 
 256 I _   0.078 0.000 0.001 0.004 0.004 0.010 0.068 0.836 
 257 F _   0.046 0.000 0.000 0.003 0.003 0.008 0.071 0.868 
 258 P _   0.028 0.000 0.000 0.002 0.002 0.007 0.074 0.886 
 259 G _   0.019 0.000 0.000 0.002 0.002 0.007 0.075 0.895 
 260 D _   0.014 0.000 0.000 0.002 0.002 0.008 0.076 0.898 
 261 S _   0.013 0.001 0.000 0.002 0.002 0.010 0.077 0.895 
 262 G _   0.014 0.002 0.000 0.003 0.003 0.014 0.077 0.887 
 263 V _   0.018 0.005 0.001 0.005 0.005 0.019 0.077 0.871 
 264 D _   0.024 0.013 0.001 0.009 0.009 0.026 0.076 0.843 
 265 Q _   0.029 0.030 0.001 0.016 0.014 0.033 0.075 0.802 
 266 L _   0.035 0.057 0.002 0.024 0.021 0.040 0.074 0.749 
 267 V _   0.039 0.088 0.002 0.034 0.027 0.045 0.072 0.693 
 268 E _   0.042 0.115 0.002 0.042 0.032 0.048 0.072 0.648 
 269 I _   0.044 0.134 0.002 0.048 0.035 0.050 0.071 0.616 
 270 I _   0.045 0.146 0.002 0.051 0.036 0.050 0.072 0.598 
 271 K _   0.045 0.152 0.002 0.051 0.036 0.049 0.073 0.592 
 272 V _   0.045 0.153 0.002 0.049 0.034 0.047 0.074 0.596 
 273 L _   0.043 0.150 0.002 0.045 0.031 0.044 0.077 0.608 
 274 G _   0.041 0.143 0.002 0.040 0.027 0.041 0.079 0.627 
 275 T _   0.038 0.133 0.002 0.035 0.023 0.037 0.083 0.649 
 276 P _   0.034 0.121 0.002 0.030 0.019 0.034 0.086 0.674 
 277 T _   0.031 0.108 0.001 0.026 0.016 0.030 0.090 0.698 
 278 R _   0.027 0.094 0.001 0.023 0.013 0.026 0.094 0.721 
 279 E _   0.024 0.081 0.001 0.020 0.010 0.023 0.098 0.742 
 280 Q _   0.021 0.069 0.001 0.018 0.009 0.020 0.102 0.761 
 281 I _   0.018 0.057 0.001 0.016 0.007 0.017 0.105 0.779 
 282 R _   0.015 0.047 0.001 0.014 0.006 0.015 0.109 0.794 
 283 E _   0.013 0.037 0.001 0.012 0.005 0.013 0.112 0.808 
 284 M _   0.012 0.030 0.001 0.010 0.004 0.011 0.115 0.819 
 285 N _   0.010 0.023 0.000 0.008 0.003 0.010 0.117 0.828 
 286 P _   0.009 0.019 0.000 0.007 0.003 0.009 0.119 0.834 
 287 N _   0.008 0.016 0.000 0.006 0.003 0.008 0.121 0.838 
 288 Y _   0.008 0.014 0.000 0.006 0.003 0.008 0.122 0.840 
 289 T _   0.008 0.013 0.000 0.006 0.003 0.008 0.123 0.840 
 290 E _   0.007 0.012 0.000 0.006 0.003 0.009 0.124 0.838 
 291 F _   0.008 0.013 0.000 0.007 0.003 0.009 0.125 0.836 
 292 K _   0.008 0.013 0.000 0.008 0.003 0.010 0.125 0.832 
 293 F _   0.008 0.015 0.000 0.010 0.004 0.011 0.125 0.828 
 294 P _   0.008 0.017 0.001 0.012 0.005 0.011 0.125 0.822 
 295 Q _   0.008 0.019 0.001 0.014 0.005 0.012 0.125 0.815 
 296 I _   0.008 0.021 0.001 0.017 0.006 0.013 0.125 0.809 
 297 K _   0.009 0.023 0.001 0.019 0.007 0.014 0.126 0.802 
 298 A _   0.009 0.025 0.001 0.021 0.008 0.014 0.126 0.796 
 299 H _   0.009 0.025 0.001 0.023 0.008 0.014 0.127 0.793 
 300 P _   0.009 0.025 0.001 0.023 0.008 0.014 0.129 0.791 
 301 W _   0.009 0.024 0.001 0.022 0.008 0.014 0.131 0.792 
 302 T _   0.009 0.021 0.001 0.020 0.007 0.013 0.133 0.795 
 303 K _   0.009 0.018 0.001 0.017 0.006 0.013 0.135 0.801 
 304 V _   0.009 0.014 0.001 0.014 0.005 0.012 0.138 0.808 
 305 F _   0.009 0.010 0.001 0.010 0.004 0.012 0.140 0.815 
 306 R _   0.009 0.007 0.000 0.007 0.003 0.011 0.142 0.820 
 307 P _   0.009 0.004 0.000 0.005 0.003 0.012 0.144 0.822 
 308 R _   0.011 0.003 0.000 0.004 0.003 0.013 0.145 0.821 
 309 T _   0.014 0.002 0.000 0.003 0.003 0.016 0.146 0.815 
 310 P _   0.018 0.002 0.000 0.003 0.004 0.020 0.147 0.804 
 311 P _   0.025 0.004 0.001 0.005 0.007 0.026 0.147 0.786 
 312 E _   0.035 0.007 0.001 0.007 0.011 0.034 0.147 0.758 
 313 A _   0.045 0.014 0.001 0.012 0.018 0.042 0.147 0.721 
 314 I _   0.055 0.025 0.002 0.019 0.026 0.050 0.147 0.677 
 315 A _   0.063 0.039 0.002 0.027 0.033 0.056 0.147 0.633 
 316 L _   0.068 0.050 0.002 0.036 0.039 0.059 0.148 0.597 
 317 C _   0.071 0.059 0.002 0.042 0.043 0.061 0.150 0.573 
 318 S _   0.073 0.063 0.002 0.045 0.043 0.060 0.152 0.561 
 319 R _   0.072 0.064 0.002 0.044 0.041 0.058 0.156 0.562 
 320 L _   0.070 0.061 0.002 0.040 0.037 0.055 0.161 0.574 
 321 L _   0.067 0.055 0.002 0.033 0.031 0.051 0.166 0.595 
 322 E _   0.062 0.047 0.002 0.024 0.025 0.047 0.172 0.621 
 323 Y _   0.057 0.037 0.001 0.017 0.019 0.043 0.178 0.647 
 324 T _   0.052 0.029 0.001 0.011 0.014 0.040 0.184 0.669 
 325 P _   0.047 0.025 0.001 0.008 0.011 0.038 0.189 0.683 
 326 T _   0.044 0.023 0.001 0.006 0.009 0.036 0.193 0.688 
 327 A _   0.042 0.023 0.001 0.006 0.009 0.036 0.197 0.687 
 328 R _   0.040 0.025 0.001 0.007 0.009 0.036 0.201 0.681 
 329 L _   0.038 0.030 0.001 0.010 0.011 0.036 0.205 0.668 
 330 T _   0.037 0.039 0.001 0.014 0.014 0.037 0.209 0.649 
 331 P _   0.036 0.053 0.001 0.020 0.016 0.037 0.212 0.624 
 332 L _   0.034 0.069 0.002 0.027 0.019 0.036 0.217 0.597 
 333 E _   0.031 0.084 0.002 0.035 0.020 0.035 0.221 0.572 
 334 A _   0.029 0.094 0.002 0.041 0.021 0.033 0.227 0.553 
 335 C _   0.026 0.101 0.002 0.046 0.020 0.031 0.235 0.539 
 336 A _   0.024 0.103 0.002 0.048 0.019 0.029 0.243 0.532 
 337 H _   0.022 0.103 0.001 0.048 0.017 0.026 0.254 0.530 
 338 S _   0.020 0.098 0.001 0.045 0.015 0.023 0.266 0.532 
 339 F _   0.018 0.091 0.001 0.040 0.012 0.020 0.280 0.539 
 340 F _   0.016 0.079 0.001 0.033 0.010 0.017 0.295 0.549 
 341 D _   0.014 0.064 0.001 0.026 0.008 0.014 0.312 0.561 
 342 E _   0.012 0.047 0.001 0.019 0.006 0.012 0.329 0.574 
 343 L _   0.011 0.033 0.001 0.014 0.004 0.009 0.344 0.585 
 344 R _   0.009 0.021 0.000 0.009 0.003 0.007 0.358 0.592 
 345 D _   0.007 0.013 0.000 0.006 0.002 0.006 0.368 0.596 
 346 P _   0.006 0.009 0.000 0.004 0.001 0.005 0.376 0.598 
 347 N _   0.005 0.006 0.000 0.003 0.001 0.004 0.382 0.598 
 348 V _   0.004 0.005 0.000 0.003 0.001 0.004 0.386 0.597 
 349 K _   0.004 0.005 0.000 0.002 0.001 0.004 0.389 0.596 
 350 L _   0.003 0.005 0.000 0.002 0.001 0.004 0.390 0.595 
 351 P _   0.003 0.006 0.000 0.003 0.001 0.004 0.389 0.593 
 352 N _   0.004 0.008 0.000 0.004 0.001 0.006 0.388 0.590 
 353 G _   0.004 0.013 0.000 0.005 0.002 0.008 0.385 0.582 
 354 R _   0.005 0.024 0.000 0.009 0.003 0.011 0.381 0.567 
 355 D _   0.006 0.045 0.001 0.016 0.006 0.014 0.374 0.538 
 356 T _   0.007 0.079 0.001 0.025 0.009 0.017 0.366 0.496 
 357 P _   0.008 0.122 0.001 0.037 0.012 0.019 0.357 0.444 
 358 A _   0.008 0.161 0.001 0.049 0.014 0.020 0.349 0.398 
 359 L _   0.007 0.185 0.001 0.059 0.015 0.020 0.344 0.368 
 360 F _   0.007 0.198 0.001 0.065 0.015 0.020 0.342 0.353 
 361 N _   0.007 0.202 0.001 0.067 0.014 0.019 0.341 0.349 
 362 F _   0.007 0.200 0.001 0.064 0.013 0.018 0.343 0.355 
 363 T _   0.006 0.191 0.001 0.056 0.012 0.016 0.346 0.371 
 364 T _   0.006 0.173 0.001 0.045 0.011 0.014 0.351 0.399 
 365 Q _   0.007 0.143 0.001 0.033 0.009 0.013 0.357 0.437 
 366 E _   0.007 0.107 0.001 0.021 0.007 0.012 0.365 0.480 
 367 L _   0.007 0.075 0.001 0.013 0.005 0.011 0.372 0.517 
 368 S _   0.006 0.055 0.000 0.007 0.003 0.010 0.378 0.539 
 369 S _   0.006 0.046 0.000 0.005 0.003 0.010 0.382 0.549 
 370 N _   0.007 0.042 0.000 0.004 0.002 0.011 0.385 0.549 
 371 P _   0.007 0.043 0.000 0.004 0.003 0.012 0.387 0.544 
 372 P _   0.009 0.046 0.000 0.006 0.004 0.014 0.388 0.533 
 373 L _   0.011 0.053 0.001 0.009 0.006 0.016 0.389 0.516 
 374 A _   0.012 0.064 0.001 0.013 0.007 0.018 0.390 0.495 
 375 T _   0.013 0.078 0.001 0.017 0.009 0.020 0.391 0.473 
 376 I _   0.013 0.091 0.001 0.020 0.010 0.021 0.392 0.452 
 377 L _   0.013 0.102 0.001 0.022 0.011 0.021 0.394 0.436 
 378 I _   0.013 0.110 0.001 0.024 0.012 0.022 0.396 0.422 
 379 P _   0.013 0.117 0.001 0.025 0.012 0.022 0.399 0.411 
 380 P X   0.012 0.122 0.001 0.025 0.013 0.021 0.403 0.402 
 381 H X   0.012 0.126 0.001 0.026 0.013 0.021 0.408 0.393 
 382 A X   0.012 0.128 0.001 0.027 0.012 0.020 0.414 0.386 
 383 R X   0.011 0.128 0.001 0.028 0.012 0.019 0.421 0.379 
 384 I X   0.011 0.128 0.001 0.028 0.011 0.018 0.429 0.374 
 385 Q X   0.010 0.125 0.001 0.027 0.010 0.016 0.438 0.372 
 386 A X   0.009 0.120 0.001 0.026 0.009 0.015 0.449 0.371 
 387 A X   0.008 0.114 0.001 0.024 0.008 0.013 0.460 0.373 
 388 A X   0.007 0.105 0.001 0.021 0.007 0.012 0.472 0.375 
 389 S X   0.007 0.095 0.001 0.018 0.006 0.010 0.484 0.379 
 390 T X   0.006 0.085 0.001 0.015 0.005 0.009 0.497 0.382 
 391 P X   0.005 0.075 0.001 0.013 0.004 0.008 0.510 0.383 
 392 T X   0.005 0.066 0.000 0.011 0.004 0.007 0.523 0.383 
 393 N X   0.004 0.059 0.000 0.010 0.003 0.007 0.535 0.381 
 394 A X   0.004 0.054 0.000 0.009 0.003 0.006 0.546 0.377 
 395 T X   0.004 0.049 0.000 0.009 0.002 0.006 0.557 0.373 
 396 A X   0.004 0.046 0.000 0.008 0.002 0.005 0.567 0.367 
 397 A X   0.003 0.043 0.000 0.008 0.002 0.005 0.576 0.362 
 398 S X   0.003 0.041 0.000 0.008 0.002 0.005 0.585 0.356 
 399 D X   0.003 0.039 0.000 0.007 0.002 0.005 0.593 0.350 
 400 A X   0.003 0.038 0.000 0.007 0.002 0.004 0.601 0.345 
 401 N X   0.002 0.037 0.000 0.007 0.002 0.004 0.608 0.340 
 402 T X   0.002 0.036 0.000 0.006 0.001 0.004 0.614 0.336 
 403 G X   0.002 0.036 0.000 0.006 0.001 0.004 0.620 0.331 
 404 D X   0.002 0.036 0.000 0.006 0.001 0.004 0.625 0.327 
 405 R X   0.002 0.037 0.000 0.006 0.001 0.004 0.629 0.322 
 406 G X   0.002 0.038 0.000 0.006 0.001 0.004 0.633 0.317 
 407 Q X   0.002 0.040 0.000 0.006 0.001 0.004 0.636 0.311 
 408 T X   0.002 0.042 0.000 0.007 0.001 0.004 0.638 0.304 
 409 N X   0.002 0.046 0.000 0.009 0.002 0.005 0.641 0.295 
 410 N X   0.002 0.051 0.000 0.011 0.002 0.005 0.643 0.286 
 411 A X   0.002 0.057 0.000 0.013 0.002 0.006 0.645 0.276 
 412 A X   0.002 0.062 0.000 0.015 0.003 0.005 0.646 0.266 
 413 S X   0.002 0.067 0.000 0.017 0.003 0.005 0.648 0.258 
 414 A X   0.002 0.070 0.000 0.018 0.003 0.005 0.651 0.251 
 415 S X   0.001 0.072 0.000 0.018 0.002 0.003 0.655 0.248 
 416 A X   0.001 0.072 0.000 0.016 0.001 0.002 0.659 0.248 
 417 S X   0.000 0.070 0.000 0.013 0.001 0.001 0.664 0.251 
 418 N X   0.000 0.066 0.000 0.010 0.000 0.000 0.665 0.258 
 419 S X   0.000 0.062 0.000 0.010 0.000 0.001 0.661 0.265 
 420 T X   0.003 0.060 0.001 0.018 0.003 0.003 0.646 0.266 
