#TopoPred_TM8: 8-state transmembrane topology prediction results by no_profile mode 
#probabilities are in the order of H E C I L F X _, the 8 transmembrane topology types used in PDBTM 
   1 M X   0.014 0.001 0.002 0.035 0.009 0.012 0.735 0.192 
   2 L X   0.006 0.000 0.000 0.019 0.002 0.008 0.752 0.213 
   3 P X   0.003 0.000 0.000 0.011 0.001 0.007 0.755 0.224 
   4 E X   0.004 0.000 0.000 0.008 0.001 0.008 0.751 0.228 
   5 A X   0.007 0.000 0.000 0.007 0.002 0.012 0.742 0.230 
   6 G X   0.013 0.000 0.000 0.007 0.003 0.017 0.727 0.232 
   7 S X   0.020 0.001 0.000 0.008 0.005 0.022 0.712 0.232 
   8 L X   0.027 0.001 0.001 0.011 0.007 0.026 0.695 0.233 
   9 W X   0.033 0.002 0.001 0.013 0.009 0.028 0.676 0.238 
  10 L X   0.037 0.002 0.001 0.015 0.012 0.030 0.658 0.245 
  11 L X   0.040 0.002 0.001 0.015 0.013 0.031 0.642 0.256 
  12 K X   0.043 0.002 0.001 0.013 0.014 0.031 0.626 0.269 
  13 L X   0.046 0.002 0.001 0.011 0.013 0.031 0.613 0.284 
  14 L X   0.050 0.001 0.001 0.008 0.012 0.030 0.601 0.297 
  15 R X   0.053 0.001 0.001 0.005 0.011 0.029 0.591 0.309 
  16 D X   0.056 0.000 0.001 0.004 0.010 0.029 0.581 0.318 
  17 I X   0.060 0.000 0.001 0.004 0.010 0.029 0.573 0.324 
  18 Q X   0.063 0.000 0.001 0.004 0.010 0.029 0.565 0.328 
  19 L X   0.066 0.001 0.001 0.004 0.011 0.029 0.558 0.331 
  20 A X   0.068 0.001 0.001 0.005 0.012 0.029 0.551 0.333 
  21 Q X   0.069 0.001 0.001 0.006 0.013 0.028 0.545 0.336 
  22 F X   0.068 0.002 0.001 0.008 0.014 0.028 0.540 0.341 
  23 Y X   0.064 0.002 0.001 0.009 0.014 0.027 0.535 0.347 
  24 W X   0.060 0.003 0.001 0.010 0.013 0.025 0.531 0.356 
  25 P X   0.055 0.004 0.001 0.011 0.012 0.024 0.528 0.366 
  26 I X   0.049 0.004 0.001 0.011 0.011 0.022 0.525 0.376 
  27 L X   0.043 0.004 0.001 0.011 0.010 0.020 0.523 0.388 
  28 E X   0.037 0.004 0.001 0.010 0.009 0.018 0.521 0.400 
  29 E X   0.031 0.004 0.001 0.010 0.008 0.016 0.520 0.411 
  30 L X   0.026 0.004 0.001 0.009 0.006 0.014 0.518 0.421 
  31 N X   0.021 0.004 0.001 0.009 0.005 0.013 0.517 0.430 
  32 V X   0.017 0.004 0.000 0.008 0.005 0.011 0.516 0.438 
  33 T X   0.014 0.004 0.000 0.008 0.004 0.010 0.515 0.445 
  34 R X   0.012 0.003 0.000 0.007 0.003 0.009 0.514 0.451 
  35 P X   0.010 0.003 0.000 0.007 0.003 0.008 0.513 0.456 
  36 E X   0.008 0.003 0.000 0.007 0.003 0.007 0.512 0.460 
  37 H X   0.007 0.003 0.000 0.006 0.002 0.006 0.511 0.464 
  38 F X   0.006 0.003 0.000 0.006 0.002 0.005 0.510 0.468 
  39 D X   0.005 0.003 0.000 0.005 0.002 0.005 0.508 0.472 
  40 F X   0.005 0.002 0.000 0.004 0.002 0.004 0.506 0.476 
  41 V X   0.004 0.003 0.000 0.004 0.001 0.004 0.504 0.480 
  42 K X   0.004 0.003 0.000 0.003 0.001 0.004 0.501 0.484 
  43 P X   0.003 0.003 0.000 0.003 0.001 0.004 0.497 0.489 
  44 E _   0.003 0.004 0.000 0.003 0.001 0.004 0.492 0.492 
  45 D _   0.003 0.006 0.000 0.004 0.001 0.004 0.486 0.495 
  46 L _   0.004 0.008 0.000 0.005 0.002 0.005 0.480 0.497 
  47 D _   0.004 0.013 0.000 0.006 0.002 0.006 0.472 0.497 
  48 G _   0.004 0.021 0.000 0.008 0.003 0.007 0.463 0.493 
  49 I _   0.005 0.032 0.001 0.011 0.004 0.008 0.453 0.487 
  50 G _   0.005 0.045 0.001 0.015 0.004 0.009 0.443 0.479 
  51 M _   0.005 0.058 0.001 0.017 0.005 0.010 0.433 0.472 
  52 G _   0.005 0.069 0.001 0.019 0.005 0.010 0.424 0.467 
  53 R _   0.005 0.079 0.001 0.020 0.005 0.010 0.416 0.464 
  54 P _   0.004 0.086 0.001 0.021 0.005 0.010 0.409 0.463 
  55 A _   0.004 0.092 0.001 0.021 0.005 0.010 0.403 0.464 
  56 Q _   0.004 0.096 0.001 0.020 0.005 0.010 0.398 0.467 
  57 R _   0.004 0.099 0.001 0.020 0.005 0.010 0.394 0.468 
  58 R _   0.004 0.101 0.001 0.020 0.005 0.010 0.390 0.470 
  59 L _   0.004 0.102 0.001 0.021 0.005 0.009 0.387 0.471 
  60 S _   0.004 0.103 0.001 0.021 0.005 0.009 0.385 0.472 
  61 E _   0.004 0.102 0.001 0.022 0.005 0.009 0.383 0.474 
  62 A _   0.005 0.101 0.001 0.022 0.005 0.009 0.382 0.476 
  63 L _   0.005 0.098 0.001 0.021 0.005 0.008 0.382 0.481 
  64 K _   0.005 0.092 0.001 0.019 0.004 0.008 0.382 0.489 
  65 R _   0.005 0.084 0.000 0.016 0.004 0.007 0.383 0.500 
  66 L _   0.005 0.075 0.000 0.013 0.003 0.007 0.384 0.513 
  67 R _   0.004 0.065 0.000 0.009 0.003 0.006 0.385 0.527 
  68 S _   0.004 0.057 0.000 0.007 0.002 0.006 0.386 0.539 
  69 G _   0.004 0.051 0.000 0.005 0.002 0.005 0.386 0.547 
  70 P _   0.004 0.049 0.000 0.004 0.001 0.006 0.385 0.552 
  71 K _   0.004 0.048 0.000 0.004 0.002 0.006 0.384 0.552 
  72 S _   0.005 0.051 0.000 0.005 0.002 0.008 0.382 0.548 
  73 K _   0.006 0.057 0.000 0.008 0.003 0.010 0.378 0.538 
  74 N _   0.007 0.071 0.001 0.013 0.005 0.012 0.374 0.518 
  75 W _   0.008 0.094 0.001 0.020 0.008 0.014 0.368 0.487 
  76 V _   0.008 0.125 0.001 0.030 0.010 0.016 0.362 0.449 
  77 Y _   0.008 0.153 0.001 0.039 0.011 0.017 0.356 0.414 
  78 K _   0.008 0.174 0.001 0.047 0.012 0.017 0.353 0.389 
  79 I _   0.008 0.186 0.001 0.051 0.012 0.017 0.351 0.373 
  80 L _   0.008 0.191 0.001 0.053 0.012 0.017 0.351 0.367 
  81 G _   0.007 0.191 0.001 0.052 0.012 0.016 0.352 0.369 
  82 G _   0.007 0.187 0.001 0.048 0.011 0.015 0.355 0.376 
  83 F _   0.007 0.176 0.001 0.042 0.010 0.014 0.360 0.390 
  84 A _   0.008 0.159 0.001 0.035 0.008 0.013 0.367 0.409 
  85 P _   0.008 0.136 0.001 0.029 0.007 0.012 0.375 0.432 
  86 E _   0.008 0.110 0.001 0.023 0.006 0.011 0.385 0.457 
  87 H _   0.008 0.084 0.001 0.018 0.005 0.010 0.394 0.480 
  88 K _   0.008 0.063 0.001 0.014 0.004 0.009 0.403 0.498 
  89 E _   0.008 0.046 0.000 0.011 0.003 0.008 0.411 0.512 
  90 P _   0.007 0.033 0.000 0.009 0.003 0.007 0.418 0.523 
  91 T _   0.007 0.023 0.000 0.008 0.002 0.006 0.423 0.531 
  92 L _   0.006 0.016 0.000 0.006 0.002 0.006 0.427 0.537 
  93 P _   0.006 0.011 0.000 0.005 0.001 0.005 0.429 0.542 
  94 S _   0.005 0.007 0.000 0.005 0.001 0.005 0.430 0.547 
  95 D _   0.005 0.005 0.000 0.004 0.001 0.004 0.431 0.551 
  96 S _   0.004 0.003 0.000 0.003 0.001 0.004 0.430 0.555 
  97 P _   0.004 0.002 0.000 0.003 0.001 0.004 0.427 0.559 
  98 R _   0.003 0.002 0.000 0.003 0.001 0.003 0.424 0.564 
  99 H _   0.003 0.001 0.000 0.003 0.001 0.004 0.419 0.569 
 100 L _   0.003 0.001 0.000 0.003 0.001 0.004 0.412 0.576 
 101 P _   0.003 0.002 0.000 0.004 0.001 0.005 0.403 0.583 
 102 E _   0.003 0.002 0.000 0.005 0.002 0.006 0.391 0.591 
 103 P _   0.003 0.003 0.000 0.006 0.002 0.008 0.378 0.599 
 104 E _   0.004 0.005 0.000 0.009 0.003 0.010 0.362 0.606 
 105 G _   0.004 0.009 0.001 0.012 0.004 0.013 0.344 0.612 
 106 G _   0.006 0.013 0.001 0.017 0.006 0.017 0.325 0.616 
 107 L _   0.007 0.018 0.001 0.023 0.008 0.021 0.305 0.617 
 108 K _   0.008 0.024 0.001 0.030 0.010 0.026 0.284 0.617 
 109 C _   0.010 0.029 0.001 0.036 0.013 0.030 0.265 0.617 
 110 L _   0.011 0.032 0.001 0.040 0.016 0.035 0.247 0.618 
 111 I _   0.013 0.034 0.001 0.042 0.018 0.039 0.230 0.622 
 112 P _   0.016 0.035 0.001 0.043 0.019 0.042 0.216 0.627 
 113 E _   0.019 0.034 0.002 0.041 0.021 0.046 0.203 0.635 
 114 G _   0.024 0.031 0.002 0.037 0.022 0.049 0.191 0.644 
 115 A _   0.030 0.027 0.002 0.032 0.022 0.052 0.180 0.655 
 116 V _   0.038 0.022 0.002 0.026 0.022 0.055 0.170 0.666 
 117 C _   0.047 0.017 0.001 0.020 0.021 0.058 0.161 0.675 
 118 R _   0.058 0.012 0.001 0.015 0.021 0.060 0.152 0.680 
 119 G _   0.071 0.009 0.001 0.012 0.021 0.063 0.144 0.680 
 120 E _   0.086 0.007 0.001 0.009 0.022 0.065 0.136 0.674 
 121 L _   0.103 0.005 0.001 0.008 0.023 0.067 0.128 0.663 
 122 L _   0.120 0.005 0.001 0.008 0.027 0.070 0.121 0.648 
 123 G _   0.138 0.005 0.002 0.008 0.031 0.073 0.114 0.629 
 124 S _   0.155 0.007 0.002 0.009 0.037 0.075 0.108 0.607 
 125 G _   0.170 0.009 0.002 0.011 0.043 0.077 0.103 0.585 
 126 C _   0.182 0.012 0.002 0.015 0.048 0.077 0.098 0.566 
 127 F _   0.188 0.016 0.002 0.019 0.052 0.076 0.094 0.553 
 128 G _   0.191 0.019 0.003 0.023 0.054 0.073 0.091 0.546 
 129 V _   0.188 0.023 0.003 0.027 0.054 0.069 0.089 0.548 
 130 V _   0.181 0.025 0.003 0.030 0.051 0.064 0.087 0.560 
 131 H _   0.167 0.025 0.003 0.031 0.045 0.058 0.086 0.584 
 132 R _   0.149 0.024 0.002 0.030 0.039 0.051 0.086 0.619 
 133 G _   0.127 0.022 0.002 0.027 0.030 0.044 0.086 0.661 
 134 L _   0.105 0.018 0.002 0.022 0.022 0.036 0.087 0.709 
 135 W _   0.080 0.013 0.001 0.017 0.015 0.029 0.087 0.757 
 136 T _   0.059 0.008 0.001 0.012 0.010 0.023 0.087 0.799 
 137 L _   0.043 0.005 0.001 0.008 0.006 0.019 0.087 0.832 
 138 P _   0.030 0.003 0.001 0.005 0.004 0.015 0.086 0.856 
 139 S _   0.022 0.002 0.000 0.004 0.003 0.013 0.085 0.871 
 140 G _   0.017 0.002 0.000 0.004 0.003 0.011 0.084 0.879 
 141 K _   0.014 0.002 0.000 0.004 0.003 0.011 0.083 0.883 
 142 S _   0.013 0.002 0.000 0.005 0.003 0.011 0.081 0.883 
 143 V _   0.012 0.004 0.001 0.008 0.004 0.012 0.079 0.880 
 144 P _   0.012 0.006 0.001 0.011 0.005 0.013 0.077 0.874 
 145 V _   0.013 0.009 0.001 0.015 0.007 0.014 0.075 0.867 
 146 A _   0.012 0.011 0.001 0.019 0.008 0.015 0.073 0.861 
 147 V _   0.012 0.013 0.001 0.022 0.008 0.015 0.071 0.857 
 148 K _   0.011 0.014 0.001 0.024 0.008 0.014 0.070 0.857 
 149 S _   0.011 0.014 0.001 0.023 0.008 0.014 0.068 0.861 
 150 L _   0.010 0.013 0.001 0.021 0.007 0.013 0.067 0.868 
 151 R _   0.009 0.012 0.001 0.017 0.006 0.012 0.066 0.877 
 152 V _   0.008 0.009 0.001 0.014 0.005 0.011 0.066 0.887 
 153 G _   0.008 0.007 0.000 0.010 0.004 0.010 0.065 0.895 
 154 P _   0.007 0.005 0.000 0.008 0.003 0.010 0.064 0.901 
 155 E _   0.008 0.004 0.000 0.006 0.003 0.010 0.063 0.905 
 156 G _   0.008 0.003 0.000 0.005 0.003 0.011 0.062 0.907 
 157 P _   0.009 0.003 0.000 0.005 0.003 0.012 0.061 0.907 
 158 M _   0.011 0.003 0.000 0.005 0.003 0.015 0.059 0.904 
 159 G _   0.014 0.003 0.000 0.006 0.004 0.018 0.057 0.898 
 160 T _   0.018 0.004 0.001 0.007 0.006 0.021 0.055 0.889 
 161 E _   0.023 0.005 0.001 0.008 0.008 0.026 0.053 0.876 
 162 L _   0.030 0.007 0.001 0.011 0.011 0.032 0.051 0.858 
 163 G _   0.038 0.010 0.001 0.014 0.016 0.038 0.048 0.835 
 164 D _   0.046 0.013 0.001 0.017 0.021 0.044 0.046 0.812 
 165 F _   0.055 0.017 0.002 0.021 0.026 0.048 0.043 0.787 
 166 L _   0.064 0.021 0.002 0.026 0.030 0.051 0.041 0.765 
 167 R _   0.071 0.023 0.002 0.029 0.033 0.053 0.039 0.749 
 168 E _   0.077 0.024 0.002 0.031 0.034 0.053 0.038 0.741 
 169 V _   0.081 0.024 0.002 0.032 0.033 0.051 0.037 0.741 
 170 S _   0.083 0.022 0.002 0.029 0.030 0.048 0.036 0.749 
 171 V _   0.084 0.019 0.002 0.025 0.026 0.045 0.035 0.764 
 172 M _   0.084 0.014 0.002 0.019 0.021 0.041 0.035 0.783 
 173 M _   0.084 0.009 0.001 0.013 0.016 0.037 0.034 0.805 
 174 N _   0.082 0.005 0.001 0.008 0.012 0.033 0.034 0.825 
 175 L _   0.080 0.002 0.001 0.005 0.009 0.030 0.033 0.840 
 176 E _   0.078 0.001 0.001 0.003 0.007 0.028 0.033 0.850 
 177 H _   0.079 0.000 0.001 0.002 0.006 0.028 0.032 0.853 
 178 P _   0.084 0.000 0.001 0.002 0.006 0.028 0.031 0.849 
 179 H _   0.093 0.000 0.001 0.002 0.007 0.030 0.030 0.838 
 180 V _   0.104 0.000 0.001 0.003 0.009 0.032 0.029 0.822 
 181 L _   0.117 0.000 0.001 0.004 0.011 0.036 0.028 0.803 
 182 R _   0.130 0.001 0.001 0.006 0.015 0.039 0.027 0.781 
 183 L _   0.141 0.001 0.001 0.009 0.019 0.042 0.026 0.761 
 184 H _   0.150 0.002 0.002 0.011 0.021 0.044 0.025 0.746 
 185 G _   0.156 0.002 0.002 0.012 0.023 0.045 0.025 0.736 
 186 L _   0.161 0.002 0.002 0.011 0.022 0.045 0.024 0.733 
 187 V _   0.163 0.002 0.001 0.010 0.021 0.045 0.024 0.735 
 188 L _   0.163 0.001 0.001 0.008 0.020 0.044 0.023 0.738 
 189 G _   0.163 0.001 0.001 0.007 0.019 0.044 0.023 0.742 
 190 Q _   0.161 0.001 0.001 0.006 0.018 0.044 0.022 0.746 
 191 P _   0.160 0.001 0.001 0.006 0.018 0.044 0.022 0.748 
 192 L _   0.157 0.001 0.001 0.007 0.019 0.044 0.022 0.749 
 193 Q _   0.152 0.002 0.001 0.008 0.020 0.044 0.022 0.750 
 194 M _   0.146 0.003 0.001 0.011 0.021 0.044 0.022 0.752 
 195 V _   0.137 0.005 0.002 0.014 0.022 0.043 0.022 0.756 
 196 M _   0.126 0.006 0.002 0.017 0.022 0.041 0.023 0.765 
 197 E _   0.113 0.007 0.002 0.019 0.020 0.038 0.023 0.779 
 198 L _   0.100 0.007 0.001 0.019 0.018 0.035 0.023 0.796 
 199 A _   0.086 0.007 0.001 0.018 0.016 0.031 0.024 0.817 
 200 P _   0.073 0.006 0.001 0.016 0.013 0.028 0.024 0.838 
 201 L _   0.062 0.006 0.001 0.014 0.011 0.024 0.024 0.859 
 202 G _   0.052 0.005 0.001 0.012 0.009 0.021 0.024 0.876 
 203 S _   0.045 0.004 0.001 0.011 0.007 0.018 0.024 0.890 
 204 L _   0.039 0.003 0.001 0.010 0.006 0.016 0.024 0.901 
 205 H _   0.035 0.002 0.001 0.008 0.005 0.014 0.024 0.910 
 206 A _   0.033 0.002 0.001 0.007 0.004 0.012 0.024 0.918 
 207 R _   0.031 0.001 0.000 0.006 0.003 0.010 0.024 0.925 
 208 L _   0.032 0.001 0.000 0.004 0.003 0.008 0.023 0.929 
 209 T _   0.036 0.000 0.000 0.003 0.002 0.007 0.022 0.929 
 210 A _   0.044 0.000 0.000 0.002 0.002 0.007 0.021 0.924 
 211 P _   0.060 0.000 0.000 0.001 0.002 0.006 0.019 0.910 
 212 A _   0.090 0.000 0.000 0.001 0.002 0.007 0.017 0.883 
 213 P _   0.140 0.000 0.000 0.001 0.003 0.008 0.015 0.833 
 214 T _   0.221 0.000 0.001 0.001 0.004 0.009 0.012 0.752 
 215 P _   0.331 0.000 0.001 0.001 0.006 0.010 0.010 0.641 
 216 P _   0.468 0.000 0.001 0.001 0.008 0.012 0.007 0.503 
 217 L H   0.604 0.000 0.001 0.001 0.011 0.012 0.005 0.366 
 218 L H   0.720 0.000 0.001 0.001 0.013 0.012 0.003 0.250 
 219 V H   0.805 0.000 0.001 0.001 0.014 0.011 0.002 0.167 
 220 A H   0.862 0.000 0.001 0.001 0.014 0.009 0.001 0.112 
 221 L H   0.895 0.000 0.001 0.001 0.014 0.008 0.001 0.080 
 222 L H   0.914 0.000 0.001 0.000 0.013 0.007 0.001 0.063 
 223 C H   0.923 0.000 0.001 0.000 0.013 0.006 0.001 0.056 
 224 L H   0.924 0.000 0.001 0.000 0.012 0.005 0.001 0.057 
 225 F H   0.917 0.000 0.001 0.000 0.012 0.005 0.001 0.064 
 226 L H   0.903 0.000 0.001 0.000 0.011 0.005 0.001 0.079 
 227 R H   0.880 0.000 0.001 0.000 0.011 0.005 0.001 0.101 
 228 Q H   0.851 0.000 0.001 0.000 0.010 0.006 0.001 0.131 
 229 L H   0.813 0.000 0.001 0.000 0.010 0.007 0.001 0.168 
 230 A H   0.771 0.000 0.001 0.001 0.009 0.008 0.002 0.209 
 231 G H   0.725 0.000 0.001 0.001 0.010 0.009 0.002 0.253 
 232 A H   0.678 0.000 0.001 0.001 0.010 0.010 0.003 0.297 
 233 M H   0.628 0.000 0.001 0.001 0.012 0.012 0.004 0.342 
 234 A H   0.574 0.000 0.001 0.002 0.013 0.014 0.005 0.390 
 235 Y H   0.518 0.000 0.001 0.003 0.015 0.016 0.006 0.440 
 236 L _   0.458 0.000 0.001 0.005 0.016 0.018 0.007 0.494 
 237 G _   0.396 0.000 0.002 0.007 0.016 0.019 0.009 0.551 
 238 A _   0.332 0.001 0.001 0.008 0.015 0.020 0.011 0.612 
 239 R _   0.268 0.001 0.001 0.009 0.014 0.020 0.012 0.675 
 240 G _   0.212 0.001 0.001 0.008 0.011 0.019 0.014 0.734 
 241 L _   0.162 0.001 0.001 0.008 0.009 0.018 0.015 0.787 
 242 V _   0.120 0.001 0.001 0.007 0.007 0.017 0.017 0.831 
 243 H _   0.088 0.001 0.001 0.006 0.006 0.016 0.018 0.866 
 244 R _   0.064 0.001 0.001 0.005 0.005 0.015 0.019 0.892 
 245 D _   0.048 0.001 0.001 0.005 0.004 0.014 0.019 0.908 
 246 L _   0.037 0.001 0.001 0.005 0.004 0.014 0.019 0.918 
 247 A _   0.030 0.001 0.001 0.006 0.005 0.015 0.020 0.923 
 248 T _   0.026 0.002 0.001 0.007 0.005 0.015 0.020 0.924 
 249 R _   0.023 0.003 0.001 0.009 0.006 0.016 0.020 0.923 
 250 N _   0.021 0.005 0.001 0.010 0.006 0.016 0.020 0.920 
 251 L _   0.021 0.006 0.001 0.012 0.007 0.017 0.020 0.917 
 252 L _   0.020 0.008 0.001 0.013 0.008 0.017 0.020 0.914 
 253 L _   0.020 0.009 0.001 0.013 0.008 0.017 0.020 0.913 
 254 A _   0.019 0.010 0.001 0.013 0.008 0.018 0.020 0.912 
 255 S _   0.019 0.011 0.001 0.012 0.008 0.018 0.020 0.913 
 256 P _   0.019 0.011 0.001 0.011 0.007 0.018 0.020 0.914 
 257 R _   0.019 0.012 0.001 0.010 0.007 0.018 0.019 0.913 
 258 T _   0.020 0.013 0.001 0.010 0.007 0.018 0.019 0.912 
 259 I _   0.020 0.015 0.001 0.010 0.007 0.019 0.019 0.909 
 260 K _   0.021 0.017 0.001 0.011 0.008 0.019 0.019 0.905 
 261 V _   0.021 0.020 0.001 0.011 0.008 0.020 0.019 0.900 
 262 A _   0.021 0.024 0.001 0.013 0.009 0.020 0.019 0.894 
 263 D _   0.021 0.029 0.001 0.014 0.009 0.020 0.018 0.888 
 264 F _   0.021 0.033 0.001 0.015 0.009 0.020 0.018 0.882 
 265 G _   0.021 0.038 0.001 0.016 0.010 0.020 0.018 0.876 
 266 L _   0.020 0.042 0.001 0.017 0.010 0.020 0.018 0.872 
 267 V _   0.019 0.046 0.001 0.018 0.010 0.020 0.017 0.870 
 268 R _   0.018 0.049 0.001 0.018 0.009 0.020 0.017 0.868 
 269 P _   0.017 0.052 0.001 0.019 0.009 0.019 0.017 0.866 
 270 L _   0.016 0.054 0.001 0.020 0.009 0.019 0.017 0.864 
 271 G _   0.015 0.056 0.001 0.021 0.009 0.018 0.017 0.863 
 272 G _   0.015 0.058 0.001 0.022 0.009 0.018 0.017 0.861 
 273 A _   0.014 0.058 0.001 0.023 0.009 0.017 0.017 0.861 
 274 R _   0.014 0.058 0.001 0.023 0.009 0.016 0.017 0.862 
 275 G _   0.013 0.057 0.001 0.023 0.008 0.015 0.017 0.866 
 276 R _   0.012 0.054 0.001 0.021 0.008 0.014 0.017 0.873 
 277 Y _   0.011 0.049 0.001 0.019 0.007 0.013 0.018 0.883 
 278 V _   0.010 0.044 0.001 0.016 0.006 0.011 0.018 0.895 
 279 M _   0.009 0.038 0.001 0.013 0.005 0.010 0.018 0.907 
 280 G _   0.008 0.032 0.000 0.010 0.004 0.009 0.018 0.918 
 281 G _   0.007 0.028 0.000 0.008 0.003 0.009 0.018 0.926 
 282 P _   0.007 0.025 0.000 0.007 0.003 0.009 0.018 0.930 
 283 R _   0.007 0.024 0.000 0.007 0.003 0.010 0.018 0.931 
 284 P _   0.008 0.024 0.000 0.008 0.004 0.011 0.018 0.928 
 285 I _   0.008 0.025 0.000 0.010 0.004 0.012 0.017 0.922 
 286 P _   0.009 0.028 0.001 0.013 0.005 0.013 0.017 0.914 
 287 Y _   0.009 0.030 0.001 0.017 0.007 0.015 0.017 0.905 
 288 A _   0.010 0.033 0.001 0.021 0.008 0.016 0.016 0.896 
 289 W _   0.010 0.035 0.001 0.024 0.009 0.017 0.015 0.890 
 290 C _   0.010 0.036 0.001 0.026 0.009 0.017 0.015 0.886 
 291 A _   0.010 0.035 0.001 0.026 0.009 0.018 0.015 0.886 
 292 P _   0.011 0.034 0.001 0.025 0.009 0.018 0.014 0.888 
 293 E _   0.012 0.031 0.001 0.023 0.009 0.018 0.014 0.891 
 294 S _   0.015 0.026 0.001 0.021 0.009 0.018 0.014 0.897 
 295 L _   0.019 0.021 0.001 0.018 0.009 0.018 0.013 0.901 
 296 R _   0.025 0.016 0.001 0.015 0.008 0.018 0.013 0.905 
 297 H _   0.034 0.010 0.001 0.011 0.008 0.018 0.013 0.905 
 298 G _   0.049 0.006 0.001 0.008 0.007 0.018 0.012 0.898 
 299 A _   0.070 0.003 0.001 0.006 0.007 0.019 0.012 0.882 
 300 F _   0.102 0.001 0.001 0.004 0.007 0.019 0.011 0.854 
 301 S _   0.148 0.000 0.001 0.003 0.008 0.020 0.010 0.810 
 302 S _   0.208 0.000 0.001 0.002 0.009 0.021 0.009 0.750 
 303 A _   0.285 0.000 0.001 0.002 0.011 0.022 0.008 0.671 
 304 S _   0.374 0.000 0.001 0.002 0.014 0.024 0.007 0.578 
 305 D _   0.468 0.000 0.001 0.002 0.018 0.026 0.007 0.478 
 306 V H   0.557 0.000 0.001 0.002 0.023 0.027 0.006 0.384 
 307 W H   0.630 0.000 0.002 0.002 0.027 0.027 0.006 0.307 
 308 M H   0.678 0.000 0.002 0.002 0.031 0.027 0.006 0.254 
 309 F H   0.709 0.000 0.002 0.002 0.034 0.026 0.006 0.220 
 310 G H   0.722 0.000 0.002 0.003 0.036 0.025 0.007 0.205 
 311 V H   0.718 0.001 0.002 0.004 0.037 0.025 0.008 0.205 
 312 T H   0.698 0.001 0.002 0.005 0.038 0.024 0.010 0.223 
 313 L H   0.656 0.001 0.002 0.006 0.036 0.023 0.013 0.262 
 314 W H   0.594 0.001 0.002 0.007 0.033 0.022 0.016 0.326 
 315 E H   0.510 0.001 0.002 0.007 0.027 0.020 0.020 0.413 
 316 M _   0.407 0.001 0.002 0.007 0.020 0.018 0.025 0.522 
 317 F _   0.300 0.000 0.001 0.006 0.013 0.015 0.030 0.635 
 318 S _   0.207 0.000 0.001 0.004 0.008 0.013 0.034 0.733 
 319 G _   0.134 0.000 0.001 0.003 0.005 0.010 0.038 0.808 
 320 G _   0.084 0.000 0.000 0.002 0.003 0.009 0.041 0.860 
 321 E _   0.053 0.000 0.000 0.002 0.002 0.008 0.043 0.891 
 322 E _   0.034 0.000 0.000 0.002 0.002 0.008 0.044 0.908 
 323 P _   0.025 0.001 0.000 0.002 0.002 0.009 0.045 0.915 
 324 W _   0.021 0.002 0.000 0.004 0.003 0.011 0.046 0.913 
 325 A _   0.020 0.006 0.000 0.006 0.004 0.014 0.047 0.903 
 326 G _   0.020 0.015 0.001 0.012 0.007 0.017 0.047 0.882 
 327 V _   0.020 0.031 0.001 0.020 0.010 0.021 0.047 0.849 
 328 P _   0.021 0.052 0.001 0.031 0.013 0.023 0.047 0.811 
 329 P _   0.021 0.070 0.001 0.042 0.016 0.025 0.048 0.778 
 330 Y _   0.020 0.083 0.001 0.050 0.017 0.026 0.049 0.754 
 331 L _   0.019 0.089 0.001 0.055 0.017 0.025 0.050 0.743 
 332 I _   0.018 0.091 0.001 0.056 0.016 0.024 0.052 0.742 
 333 L _   0.016 0.088 0.001 0.051 0.014 0.022 0.054 0.753 
 334 Q _   0.015 0.080 0.001 0.043 0.012 0.019 0.057 0.773 
 335 R _   0.013 0.068 0.001 0.033 0.009 0.017 0.060 0.799 
 336 L _   0.012 0.052 0.001 0.024 0.007 0.014 0.063 0.828 
 337 E _   0.010 0.036 0.001 0.015 0.005 0.012 0.066 0.855 
 338 D _   0.009 0.023 0.000 0.010 0.003 0.010 0.068 0.876 
 339 R _   0.008 0.015 0.000 0.006 0.002 0.009 0.070 0.889 
 340 A _   0.007 0.011 0.000 0.004 0.002 0.009 0.071 0.896 
 341 R _   0.007 0.009 0.000 0.003 0.002 0.009 0.071 0.898 
 342 L _   0.008 0.009 0.000 0.003 0.002 0.011 0.071 0.895 
 343 P _   0.010 0.010 0.000 0.004 0.002 0.014 0.071 0.889 
 344 R _   0.013 0.014 0.000 0.005 0.004 0.019 0.070 0.875 
 345 P _   0.019 0.024 0.001 0.008 0.007 0.026 0.068 0.848 
 346 P _   0.026 0.047 0.001 0.013 0.013 0.034 0.065 0.801 
 347 L _   0.033 0.090 0.002 0.020 0.022 0.043 0.062 0.729 
 348 C _   0.040 0.152 0.003 0.028 0.032 0.050 0.057 0.638 
 349 S _   0.045 0.225 0.003 0.035 0.041 0.055 0.053 0.543 
 350 R _   0.047 0.296 0.003 0.043 0.045 0.056 0.050 0.459 
 351 A _   0.048 0.351 0.003 0.050 0.048 0.055 0.047 0.398 
 352 L E   0.049 0.388 0.003 0.055 0.047 0.053 0.046 0.360 
 353 Y E   0.050 0.409 0.002 0.058 0.046 0.050 0.045 0.340 
 354 S E   0.050 0.418 0.002 0.060 0.043 0.046 0.045 0.335 
 355 L E   0.050 0.418 0.002 0.059 0.040 0.043 0.046 0.342 
 356 A E   0.049 0.409 0.002 0.057 0.036 0.039 0.047 0.360 
 357 L _   0.048 0.387 0.002 0.052 0.032 0.035 0.049 0.393 
 358 R _   0.046 0.349 0.002 0.046 0.027 0.031 0.052 0.445 
 359 C _   0.043 0.290 0.002 0.039 0.022 0.028 0.056 0.520 
 360 W _   0.039 0.215 0.002 0.031 0.017 0.024 0.061 0.610 
 361 A _   0.033 0.140 0.002 0.023 0.013 0.021 0.066 0.703 
 362 P _   0.027 0.081 0.001 0.016 0.008 0.017 0.070 0.780 
 363 H _   0.021 0.044 0.001 0.009 0.005 0.013 0.072 0.834 
 364 P _   0.015 0.025 0.000 0.006 0.003 0.011 0.074 0.866 
 365 A _   0.011 0.017 0.000 0.003 0.002 0.009 0.074 0.883 
 366 D _   0.009 0.014 0.000 0.003 0.002 0.008 0.074 0.890 
 367 R _   0.008 0.014 0.000 0.003 0.002 0.009 0.073 0.892 
 368 P _   0.008 0.016 0.000 0.004 0.002 0.010 0.072 0.888 
 369 S _   0.009 0.022 0.000 0.007 0.004 0.012 0.070 0.876 
 370 F _   0.010 0.037 0.001 0.013 0.006 0.015 0.067 0.852 
 371 S _   0.010 0.062 0.001 0.021 0.008 0.017 0.064 0.816 
 372 H _   0.011 0.095 0.001 0.032 0.011 0.019 0.060 0.772 
 373 L _   0.010 0.126 0.001 0.041 0.012 0.020 0.056 0.733 
 374 E _   0.010 0.147 0.001 0.048 0.013 0.020 0.054 0.708 
 375 G _   0.010 0.158 0.001 0.050 0.013 0.019 0.052 0.697 
 376 L _   0.009 0.163 0.001 0.049 0.012 0.018 0.050 0.697 
 377 L _   0.009 0.163 0.001 0.043 0.011 0.017 0.049 0.706 
 378 Q _   0.009 0.159 0.001 0.036 0.009 0.015 0.049 0.723 
 379 E _   0.008 0.150 0.001 0.028 0.008 0.014 0.049 0.743 
 380 A _   0.008 0.141 0.001 0.021 0.006 0.013 0.049 0.763 
 381 G _   0.008 0.131 0.001 0.015 0.005 0.012 0.049 0.779 
 382 P _   0.008 0.124 0.001 0.012 0.004 0.011 0.049 0.792 
 383 S _   0.008 0.120 0.000 0.010 0.004 0.011 0.049 0.799 
 384 E _   0.008 0.118 0.000 0.009 0.004 0.011 0.049 0.800 
 385 A _   0.009 0.118 0.000 0.010 0.004 0.012 0.048 0.799 
 386 C _   0.009 0.120 0.001 0.011 0.005 0.012 0.048 0.795 
 387 C _   0.009 0.124 0.001 0.012 0.005 0.012 0.047 0.789 
 388 V _   0.009 0.128 0.001 0.014 0.006 0.013 0.047 0.783 
 389 R _   0.009 0.133 0.001 0.015 0.006 0.013 0.046 0.776 
 390 D _   0.009 0.138 0.001 0.016 0.006 0.013 0.046 0.770 
 391 V _   0.009 0.142 0.001 0.017 0.007 0.013 0.046 0.765 
 392 T _   0.009 0.146 0.001 0.018 0.007 0.014 0.046 0.761 
 393 E _   0.009 0.149 0.001 0.018 0.007 0.014 0.045 0.757 
 394 P _   0.009 0.151 0.001 0.018 0.007 0.014 0.045 0.754 
 395 G _   0.009 0.153 0.001 0.018 0.007 0.013 0.046 0.752 
 396 A _   0.009 0.154 0.001 0.018 0.007 0.013 0.046 0.752 
 397 L _   0.009 0.154 0.001 0.017 0.006 0.013 0.046 0.754 
 398 R _   0.009 0.153 0.001 0.016 0.006 0.012 0.047 0.757 
 399 M _   0.008 0.152 0.001 0.015 0.005 0.012 0.047 0.760 
 400 E _   0.008 0.150 0.001 0.014 0.005 0.012 0.048 0.763 
 401 T _   0.008 0.150 0.001 0.013 0.005 0.011 0.048 0.764 
 402 G _   0.008 0.150 0.001 0.013 0.005 0.012 0.049 0.764 
 403 D _   0.008 0.152 0.001 0.014 0.005 0.012 0.049 0.760 
 404 P _   0.008 0.155 0.001 0.016 0.006 0.012 0.050 0.753 
 405 I _   0.008 0.158 0.001 0.019 0.006 0.013 0.050 0.745 
 406 T _   0.009 0.162 0.001 0.022 0.007 0.013 0.051 0.737 
 407 V _   0.009 0.164 0.001 0.024 0.007 0.013 0.052 0.731 
 408 I _   0.009 0.164 0.001 0.026 0.007 0.013 0.053 0.729 
 409 E _   0.008 0.161 0.001 0.026 0.007 0.012 0.054 0.731 
 410 G _   0.008 0.157 0.001 0.024 0.006 0.011 0.055 0.738 
 411 S _   0.007 0.149 0.001 0.021 0.005 0.010 0.057 0.750 
 412 S _   0.007 0.140 0.001 0.017 0.005 0.009 0.059 0.763 
 413 S _   0.006 0.130 0.001 0.014 0.004 0.008 0.060 0.777 
 414 F _   0.006 0.121 0.000 0.011 0.003 0.008 0.062 0.790 
 415 H _   0.005 0.114 0.000 0.009 0.003 0.007 0.063 0.799 
 416 S _   0.005 0.110 0.000 0.008 0.002 0.007 0.064 0.804 
 417 P _   0.005 0.108 0.000 0.007 0.002 0.007 0.065 0.806 
 418 D _   0.005 0.108 0.000 0.008 0.002 0.007 0.066 0.804 
 419 S _   0.005 0.110 0.000 0.008 0.003 0.007 0.066 0.801 
 420 T _   0.005 0.114 0.000 0.009 0.003 0.008 0.066 0.795 
 421 I _   0.005 0.120 0.000 0.010 0.003 0.008 0.066 0.787 
 422 W _   0.005 0.127 0.000 0.012 0.004 0.009 0.066 0.777 
 423 K _   0.005 0.136 0.001 0.013 0.004 0.010 0.065 0.767 
 424 G _   0.005 0.145 0.001 0.015 0.004 0.010 0.065 0.755 
 425 Q _   0.005 0.155 0.001 0.015 0.005 0.011 0.065 0.744 
 426 N _   0.005 0.164 0.001 0.016 0.005 0.012 0.064 0.732 
 427 G _   0.006 0.174 0.001 0.016 0.005 0.013 0.064 0.720 
 428 R _   0.006 0.184 0.001 0.017 0.006 0.014 0.064 0.709 
 429 T _   0.007 0.193 0.001 0.017 0.006 0.015 0.064 0.698 
 430 F _   0.007 0.203 0.001 0.017 0.007 0.016 0.065 0.686 
 431 K _   0.008 0.213 0.001 0.017 0.007 0.017 0.065 0.672 
 432 V _   0.009 0.224 0.001 0.017 0.008 0.019 0.065 0.657 
 433 G _   0.010 0.237 0.001 0.019 0.010 0.020 0.065 0.638 
 434 S _   0.011 0.251 0.001 0.021 0.012 0.022 0.066 0.616 
 435 F _   0.013 0.267 0.001 0.024 0.014 0.024 0.066 0.591 
 436 P _   0.015 0.283 0.001 0.027 0.016 0.026 0.067 0.565 
 437 A _   0.016 0.297 0.001 0.032 0.018 0.027 0.068 0.541 
 438 S _   0.017 0.308 0.001 0.036 0.019 0.027 0.070 0.521 
 439 A _   0.018 0.315 0.001 0.040 0.019 0.027 0.072 0.507 
 440 V _   0.018 0.318 0.001 0.042 0.019 0.026 0.075 0.501 
 441 T _   0.018 0.315 0.001 0.042 0.018 0.025 0.079 0.502 
 442 L _   0.017 0.306 0.001 0.040 0.017 0.023 0.083 0.512 
 443 A _   0.017 0.291 0.001 0.036 0.015 0.021 0.089 0.529 
 444 D _   0.016 0.269 0.001 0.032 0.013 0.020 0.095 0.553 
 445 A _   0.016 0.242 0.001 0.027 0.012 0.018 0.103 0.582 
 446 G _   0.015 0.211 0.001 0.023 0.010 0.017 0.110 0.613 
 447 G _   0.014 0.182 0.001 0.019 0.008 0.016 0.119 0.641 
 448 L _   0.013 0.157 0.001 0.016 0.007 0.015 0.127 0.665 
 449 P _   0.012 0.137 0.001 0.014 0.006 0.014 0.134 0.682 
 450 A _   0.011 0.122 0.001 0.013 0.005 0.013 0.141 0.695 
 451 T _   0.010 0.111 0.001 0.012 0.005 0.012 0.147 0.703 
 452 R _   0.009 0.103 0.001 0.012 0.004 0.011 0.153 0.707 
 453 P _   0.008 0.097 0.001 0.012 0.004 0.011 0.159 0.709 
 454 V _   0.008 0.092 0.001 0.013 0.004 0.010 0.164 0.708 
 455 H _   0.007 0.088 0.001 0.014 0.004 0.010 0.169 0.707 
 456 R _   0.007 0.084 0.001 0.015 0.004 0.010 0.175 0.706 
 457 G _   0.007 0.080 0.001 0.015 0.004 0.010 0.180 0.704 
 458 T _   0.007 0.076 0.001 0.016 0.004 0.009 0.185 0.703 
 459 P _   0.006 0.071 0.001 0.016 0.004 0.009 0.191 0.702 
 460 A _   0.006 0.066 0.000 0.015 0.004 0.008 0.197 0.703 
 461 R _   0.006 0.061 0.000 0.014 0.003 0.008 0.203 0.704 
 462 G _   0.005 0.056 0.000 0.013 0.003 0.007 0.209 0.705 
 463 D _   0.005 0.051 0.000 0.012 0.003 0.007 0.215 0.707 
 464 Q _   0.005 0.046 0.000 0.011 0.003 0.007 0.220 0.709 
 465 H _   0.005 0.042 0.000 0.010 0.002 0.006 0.225 0.710 
 466 P _   0.005 0.039 0.000 0.009 0.002 0.006 0.229 0.711 
 467 G _   0.004 0.036 0.000 0.008 0.002 0.006 0.233 0.711 
 468 S _   0.004 0.034 0.000 0.007 0.002 0.005 0.236 0.711 
 469 I _   0.004 0.033 0.000 0.007 0.002 0.005 0.238 0.710 
 470 D _   0.004 0.033 0.000 0.007 0.002 0.005 0.240 0.709 
 471 G _   0.004 0.033 0.000 0.007 0.002 0.005 0.241 0.708 
 472 D _   0.004 0.034 0.000 0.007 0.002 0.006 0.241 0.706 
 473 R _   0.004 0.036 0.000 0.007 0.002 0.006 0.241 0.704 
 474 K _   0.004 0.039 0.000 0.008 0.002 0.006 0.241 0.701 
 475 K _   0.004 0.042 0.000 0.009 0.002 0.006 0.240 0.697 
 476 A _   0.004 0.047 0.000 0.010 0.002 0.007 0.238 0.693 
 477 N _   0.004 0.052 0.000 0.011 0.002 0.007 0.237 0.687 
 478 L _   0.004 0.058 0.000 0.011 0.003 0.007 0.235 0.682 
 479 W _   0.004 0.064 0.000 0.012 0.003 0.007 0.233 0.676 
 480 D _   0.004 0.070 0.000 0.012 0.003 0.007 0.231 0.672 
 481 A _   0.004 0.077 0.000 0.012 0.003 0.007 0.229 0.668 
 482 P _   0.004 0.083 0.000 0.012 0.003 0.007 0.227 0.664 
 483 P _   0.004 0.089 0.000 0.011 0.003 0.008 0.224 0.661 
 484 A _   0.004 0.096 0.000 0.011 0.003 0.008 0.222 0.657 
 485 R _   0.004 0.104 0.000 0.010 0.003 0.008 0.219 0.652 
 486 G _   0.004 0.114 0.000 0.010 0.003 0.009 0.215 0.644 
 487 Q _   0.004 0.127 0.000 0.011 0.003 0.010 0.211 0.633 
 488 R _   0.005 0.144 0.001 0.013 0.004 0.011 0.207 0.616 
 489 R _   0.005 0.169 0.001 0.015 0.005 0.012 0.201 0.592 
 490 N _   0.005 0.203 0.001 0.018 0.006 0.013 0.194 0.559 
 491 M _   0.006 0.247 0.001 0.020 0.007 0.014 0.187 0.517 
 492 P _   0.006 0.298 0.001 0.023 0.009 0.015 0.179 0.469 
 493 L _   0.006 0.353 0.001 0.024 0.009 0.016 0.172 0.418 
 494 E E   0.006 0.405 0.001 0.025 0.010 0.016 0.166 0.371 
 495 R E   0.006 0.451 0.001 0.025 0.010 0.016 0.161 0.330 
 496 M E   0.006 0.491 0.001 0.025 0.010 0.016 0.157 0.295 
 497 K E   0.006 0.524 0.001 0.024 0.010 0.016 0.154 0.265 
 498 G E   0.006 0.551 0.001 0.024 0.011 0.016 0.151 0.240 
 499 I E   0.006 0.574 0.001 0.024 0.011 0.016 0.150 0.219 
 500 S E   0.006 0.592 0.001 0.024 0.011 0.015 0.149 0.201 
 501 R E   0.007 0.606 0.001 0.025 0.012 0.015 0.149 0.185 
 502 S E   0.007 0.616 0.001 0.026 0.012 0.015 0.150 0.173 
 503 L E   0.007 0.622 0.001 0.028 0.012 0.014 0.152 0.164 
 504 E E   0.007 0.624 0.001 0.030 0.011 0.014 0.154 0.159 
 505 S E   0.007 0.620 0.001 0.032 0.011 0.013 0.158 0.158 
 506 V E   0.007 0.610 0.001 0.034 0.011 0.013 0.163 0.161 
 507 L E   0.008 0.591 0.001 0.035 0.011 0.012 0.170 0.171 
 508 S E   0.008 0.559 0.001 0.036 0.012 0.012 0.181 0.190 
 509 L E   0.009 0.509 0.002 0.036 0.013 0.013 0.198 0.221 
 510 G E   0.010 0.435 0.002 0.035 0.013 0.013 0.223 0.268 
 511 P E   0.011 0.344 0.002 0.032 0.012 0.013 0.255 0.330 
 512 R _   0.011 0.251 0.002 0.026 0.010 0.013 0.292 0.395 
 513 P _   0.010 0.176 0.001 0.019 0.007 0.011 0.325 0.451 
 514 T _   0.008 0.125 0.001 0.012 0.005 0.009 0.350 0.490 
 515 G _   0.006 0.097 0.000 0.008 0.003 0.008 0.368 0.510 
 516 G _   0.005 0.084 0.000 0.005 0.002 0.006 0.380 0.517 
 517 G _   0.004 0.079 0.000 0.004 0.001 0.006 0.388 0.517 
 518 S _   0.004 0.078 0.000 0.005 0.001 0.006 0.394 0.512 
 519 S _   0.004 0.080 0.000 0.007 0.002 0.007 0.399 0.502 
 520 P _   0.004 0.085 0.000 0.011 0.003 0.008 0.402 0.487 
 521 P _   0.004 0.095 0.000 0.018 0.004 0.010 0.405 0.464 
 522 E _   0.004 0.108 0.001 0.027 0.005 0.012 0.408 0.435 
 523 I X   0.004 0.121 0.001 0.038 0.007 0.013 0.411 0.405 
 524 R X   0.004 0.131 0.001 0.048 0.008 0.013 0.416 0.379 
 525 Q X   0.004 0.136 0.001 0.055 0.009 0.014 0.423 0.359 
 526 A X   0.004 0.136 0.001 0.058 0.009 0.013 0.433 0.345 
 527 R X   0.004 0.133 0.001 0.057 0.009 0.013 0.446 0.336 
 528 A X   0.004 0.124 0.001 0.052 0.009 0.012 0.464 0.334 
 529 V X   0.004 0.109 0.001 0.043 0.008 0.011 0.487 0.336 
 530 P X   0.005 0.087 0.001 0.033 0.006 0.010 0.515 0.343 
 531 Q X   0.005 0.061 0.001 0.023 0.005 0.008 0.545 0.352 
 532 G X   0.005 0.039 0.001 0.015 0.004 0.007 0.574 0.357 
 533 P X   0.004 0.022 0.000 0.009 0.002 0.006 0.597 0.359 
 534 P X   0.004 0.013 0.000 0.006 0.002 0.005 0.616 0.356 
 535 G X   0.003 0.008 0.000 0.004 0.001 0.004 0.629 0.350 
 536 L X   0.003 0.005 0.000 0.003 0.001 0.004 0.639 0.344 
 537 P X   0.003 0.004 0.000 0.003 0.001 0.004 0.647 0.338 
 538 P X   0.003 0.003 0.000 0.003 0.001 0.004 0.653 0.333 
 539 R X   0.003 0.003 0.000 0.004 0.001 0.004 0.657 0.328 
 540 P X   0.003 0.003 0.000 0.004 0.001 0.004 0.661 0.324 
 541 P X   0.003 0.003 0.000 0.005 0.001 0.004 0.663 0.320 
 542 L X   0.003 0.003 0.000 0.005 0.001 0.004 0.665 0.318 
 543 S X   0.003 0.003 0.000 0.006 0.001 0.004 0.667 0.317 
 544 S X   0.002 0.002 0.000 0.005 0.001 0.004 0.668 0.317 
 545 S X   0.002 0.002 0.000 0.005 0.001 0.003 0.668 0.318 
 546 S X   0.002 0.002 0.000 0.004 0.001 0.003 0.668 0.319 
 547 P X   0.002 0.002 0.000 0.004 0.001 0.003 0.667 0.321 
 548 Q X   0.002 0.002 0.000 0.003 0.001 0.003 0.666 0.323 
 549 P X   0.002 0.002 0.000 0.003 0.001 0.003 0.664 0.325 
 550 S X   0.002 0.002 0.000 0.003 0.001 0.003 0.662 0.327 
 551 Q X   0.002 0.002 0.000 0.004 0.001 0.003 0.659 0.329 
 552 P X   0.002 0.003 0.000 0.005 0.001 0.004 0.655 0.330 
 553 S X   0.002 0.004 0.000 0.006 0.001 0.004 0.651 0.332 
 554 R X   0.002 0.005 0.000 0.008 0.002 0.005 0.646 0.333 
 555 E X   0.003 0.006 0.000 0.009 0.002 0.005 0.641 0.335 
 556 R X   0.003 0.006 0.000 0.010 0.002 0.005 0.636 0.337 
 557 L X   0.003 0.007 0.000 0.011 0.002 0.005 0.631 0.341 
 558 P X   0.003 0.007 0.000 0.010 0.002 0.005 0.627 0.345 
 559 W X   0.003 0.007 0.000 0.009 0.002 0.005 0.623 0.351 
 560 P X   0.003 0.007 0.000 0.008 0.002 0.004 0.618 0.358 
 561 K X   0.002 0.007 0.000 0.006 0.001 0.004 0.614 0.365 
 562 R X   0.002 0.007 0.000 0.005 0.001 0.003 0.609 0.372 
 563 K X   0.002 0.007 0.000 0.004 0.001 0.003 0.603 0.379 
 564 P X   0.002 0.007 0.000 0.004 0.001 0.003 0.596 0.387 
 565 P X   0.002 0.008 0.000 0.004 0.001 0.004 0.588 0.394 
 566 H X   0.002 0.009 0.000 0.004 0.001 0.004 0.577 0.402 
 567 N X   0.003 0.013 0.000 0.005 0.002 0.005 0.564 0.409 
 568 H X   0.003 0.018 0.000 0.007 0.002 0.006 0.548 0.415 
 569 P X   0.004 0.029 0.000 0.010 0.003 0.008 0.527 0.417 
 570 M X   0.004 0.048 0.001 0.015 0.005 0.011 0.501 0.415 
 571 G X   0.005 0.077 0.001 0.021 0.007 0.013 0.469 0.406 
 572 M X   0.005 0.117 0.001 0.029 0.009 0.016 0.433 0.390 
 573 P X   0.005 0.164 0.002 0.036 0.011 0.017 0.395 0.369 
 574 G X   0.005 0.211 0.002 0.043 0.012 0.018 0.361 0.348 
 575 A X   0.005 0.252 0.002 0.048 0.013 0.018 0.333 0.329 
 576 R _   0.005 0.283 0.001 0.053 0.013 0.018 0.310 0.316 
 577 K _   0.005 0.304 0.001 0.057 0.013 0.018 0.294 0.309 
 578 A E   0.005 0.315 0.001 0.058 0.013 0.017 0.281 0.309 
 579 A E   0.005 0.320 0.001 0.058 0.012 0.017 0.272 0.313 
 580 A _   0.005 0.319 0.001 0.057 0.012 0.016 0.266 0.324 
 581 L _   0.006 0.312 0.001 0.053 0.011 0.015 0.262 0.341 
 582 S _   0.006 0.297 0.001 0.047 0.010 0.014 0.259 0.367 
 583 G _   0.006 0.269 0.001 0.040 0.009 0.013 0.257 0.403 
 584 G _   0.007 0.229 0.001 0.033 0.009 0.012 0.257 0.452 
 585 L _   0.008 0.178 0.001 0.026 0.008 0.012 0.258 0.510 
 586 L _   0.008 0.125 0.001 0.019 0.006 0.011 0.259 0.572 
 587 S _   0.008 0.080 0.001 0.013 0.005 0.011 0.259 0.624 
 588 D _   0.007 0.050 0.001 0.009 0.004 0.010 0.259 0.661 
 589 P _   0.007 0.033 0.000 0.006 0.003 0.010 0.258 0.682 
 590 E _   0.007 0.026 0.000 0.005 0.002 0.011 0.257 0.693 
 591 L _   0.007 0.022 0.000 0.005 0.003 0.012 0.255 0.697 
 592 Q _   0.008 0.021 0.000 0.006 0.003 0.014 0.252 0.696 
 593 R _   0.010 0.022 0.000 0.008 0.004 0.016 0.248 0.691 
 594 K _   0.012 0.023 0.001 0.011 0.006 0.019 0.245 0.684 
 595 I _   0.014 0.025 0.001 0.015 0.008 0.022 0.240 0.675 
 596 M _   0.015 0.028 0.001 0.019 0.011 0.024 0.236 0.666 
 597 E _   0.017 0.029 0.001 0.022 0.013 0.027 0.233 0.658 
 598 V _   0.019 0.030 0.001 0.024 0.014 0.028 0.230 0.653 
 599 E _   0.020 0.030 0.001 0.025 0.015 0.029 0.228 0.652 
 600 L _   0.021 0.029 0.001 0.024 0.015 0.030 0.226 0.654 
 601 S _   0.022 0.027 0.001 0.022 0.015 0.030 0.225 0.658 
 602 V _   0.023 0.024 0.001 0.020 0.014 0.030 0.224 0.665 
 603 H _   0.023 0.020 0.001 0.017 0.013 0.029 0.224 0.674 
 604 G _   0.024 0.016 0.001 0.014 0.011 0.029 0.224 0.682 
 605 V _   0.025 0.012 0.001 0.011 0.010 0.028 0.224 0.688 
 606 T _   0.026 0.009 0.001 0.009 0.009 0.029 0.224 0.693 
 607 H _   0.027 0.007 0.001 0.008 0.009 0.029 0.224 0.695 
 608 Q _   0.029 0.005 0.001 0.007 0.009 0.030 0.224 0.694 
 609 E _   0.032 0.004 0.001 0.007 0.010 0.031 0.225 0.691 
 610 C _   0.035 0.004 0.001 0.007 0.010 0.032 0.225 0.686 
 611 Q _   0.038 0.004 0.001 0.008 0.011 0.033 0.226 0.678 
 612 T _   0.042 0.004 0.001 0.009 0.013 0.035 0.226 0.670 
 613 A _   0.046 0.005 0.001 0.010 0.014 0.037 0.228 0.660 
 614 L _   0.050 0.005 0.001 0.011 0.015 0.038 0.229 0.651 
 615 G _   0.053 0.006 0.001 0.011 0.017 0.039 0.231 0.641 
 616 A _   0.056 0.007 0.001 0.012 0.018 0.040 0.233 0.633 
 617 T _   0.060 0.007 0.001 0.012 0.019 0.041 0.236 0.625 
 618 G _   0.062 0.008 0.001 0.012 0.020 0.041 0.239 0.617 
 619 G _   0.064 0.009 0.001 0.013 0.020 0.042 0.243 0.608 
 620 D _   0.066 0.010 0.001 0.014 0.021 0.042 0.247 0.599 
 621 V _   0.066 0.011 0.001 0.015 0.021 0.041 0.252 0.592 
 622 V _   0.065 0.012 0.001 0.016 0.021 0.040 0.258 0.585 
 623 S _   0.063 0.013 0.001 0.018 0.021 0.039 0.265 0.581 
 624 A _   0.059 0.014 0.001 0.019 0.020 0.037 0.272 0.579 
 625 I _   0.053 0.014 0.001 0.019 0.018 0.034 0.280 0.579 
 626 R _   0.048 0.014 0.001 0.019 0.016 0.032 0.289 0.581 
 627 N _   0.041 0.013 0.001 0.019 0.014 0.029 0.298 0.585 
 628 L _   0.035 0.012 0.001 0.018 0.012 0.025 0.307 0.590 
 629 K _   0.029 0.011 0.001 0.016 0.010 0.022 0.317 0.594 
 630 V _   0.024 0.009 0.001 0.014 0.009 0.019 0.327 0.597 
 631 D _   0.019 0.008 0.001 0.013 0.007 0.016 0.337 0.600 
 632 Q _   0.016 0.006 0.001 0.011 0.005 0.014 0.346 0.602 
 633 L _   0.013 0.004 0.001 0.008 0.004 0.012 0.355 0.603 
 634 F _   0.011 0.003 0.000 0.007 0.003 0.010 0.362 0.603 
 635 H _   0.009 0.002 0.000 0.005 0.003 0.009 0.369 0.603 
 636 L _   0.008 0.002 0.000 0.004 0.002 0.008 0.375 0.601 
 637 S _   0.007 0.001 0.000 0.003 0.002 0.008 0.380 0.598 
 638 S _   0.007 0.001 0.000 0.003 0.002 0.009 0.384 0.594 
 639 R _   0.008 0.002 0.000 0.003 0.002 0.010 0.388 0.587 
 640 S _   0.010 0.003 0.000 0.003 0.003 0.013 0.391 0.576 
 641 R _   0.013 0.006 0.000 0.005 0.005 0.016 0.394 0.561 
 642 A _   0.016 0.012 0.001 0.009 0.008 0.020 0.397 0.537 
 643 D _   0.019 0.023 0.001 0.015 0.012 0.024 0.400 0.505 
 644 C _   0.022 0.036 0.001 0.023 0.016 0.028 0.403 0.470 
 645 W _   0.024 0.049 0.001 0.031 0.020 0.030 0.408 0.437 
 646 R X   0.024 0.058 0.002 0.037 0.021 0.031 0.414 0.413 
 647 I X   0.024 0.063 0.002 0.040 0.022 0.031 0.421 0.398 
 648 L X   0.024 0.065 0.001 0.039 0.021 0.030 0.430 0.391 
 649 E X   0.022 0.064 0.001 0.035 0.019 0.028 0.441 0.390 
 650 H X   0.021 0.060 0.001 0.029 0.016 0.026 0.453 0.394 
 651 Y X   0.020 0.054 0.001 0.021 0.013 0.024 0.466 0.401 
 652 Q X   0.019 0.047 0.001 0.015 0.010 0.022 0.479 0.407 
 653 W X   0.018 0.042 0.001 0.011 0.008 0.020 0.491 0.410 
 654 D X   0.017 0.038 0.001 0.008 0.006 0.019 0.502 0.408 
 655 L X   0.017 0.037 0.001 0.007 0.006 0.019 0.513 0.401 
 656 S X   0.017 0.037 0.001 0.008 0.006 0.018 0.522 0.391 
 657 A X   0.017 0.039 0.001 0.010 0.006 0.018 0.532 0.378 
 658 A X   0.016 0.042 0.001 0.013 0.007 0.017 0.541 0.363 
 659 S X   0.014 0.045 0.001 0.016 0.008 0.015 0.551 0.350 
 660 R X   0.012 0.048 0.001 0.019 0.008 0.013 0.562 0.338 
 661 Y X   0.009 0.049 0.001 0.019 0.006 0.010 0.574 0.332 
 662 V X   0.005 0.048 0.001 0.017 0.004 0.006 0.587 0.332 
 663 L X   0.003 0.045 0.000 0.012 0.001 0.003 0.598 0.338 
