#TopoPred_TM8: 8-state transmembrane topology prediction results by no_profile mode 
#probabilities are in the order of H E C I L F X _, the 8 transmembrane topology types used in PDBTM 
   1 M X   0.015 0.001 0.002 0.057 0.010 0.012 0.696 0.206 
   2 Q X   0.007 0.001 0.000 0.037 0.002 0.007 0.715 0.231 
   3 S X   0.003 0.000 0.000 0.024 0.001 0.005 0.719 0.248 
   4 T X   0.002 0.001 0.000 0.018 0.001 0.005 0.715 0.258 
   5 A X   0.003 0.001 0.000 0.015 0.001 0.007 0.707 0.267 
   6 N X   0.003 0.001 0.000 0.014 0.002 0.008 0.695 0.277 
   7 Y X   0.004 0.002 0.000 0.013 0.002 0.009 0.682 0.288 
   8 L X   0.005 0.003 0.000 0.012 0.003 0.009 0.667 0.301 
   9 W X   0.005 0.004 0.000 0.012 0.003 0.010 0.650 0.316 
  10 H X   0.005 0.006 0.000 0.013 0.003 0.010 0.632 0.332 
  11 T X   0.004 0.007 0.001 0.013 0.004 0.010 0.613 0.348 
  12 D X   0.004 0.009 0.001 0.013 0.004 0.010 0.594 0.364 
  13 D X   0.004 0.011 0.001 0.014 0.004 0.011 0.576 0.379 
  14 L X   0.005 0.014 0.001 0.015 0.005 0.011 0.559 0.391 
  15 L X   0.005 0.017 0.001 0.017 0.005 0.012 0.542 0.401 
  16 G X   0.006 0.020 0.001 0.020 0.006 0.013 0.525 0.409 
  17 Q X   0.006 0.024 0.001 0.024 0.007 0.014 0.508 0.416 
  18 G X   0.007 0.027 0.001 0.028 0.008 0.014 0.493 0.422 
  19 A X   0.007 0.029 0.001 0.031 0.009 0.014 0.480 0.430 
  20 T X   0.007 0.029 0.001 0.032 0.008 0.014 0.468 0.440 
  21 A X   0.007 0.029 0.001 0.031 0.008 0.013 0.458 0.453 
  22 S _   0.007 0.027 0.001 0.027 0.007 0.012 0.450 0.470 
  23 V _   0.006 0.023 0.001 0.022 0.005 0.010 0.442 0.490 
  24 Y _   0.006 0.019 0.001 0.016 0.004 0.009 0.434 0.512 
  25 K _   0.005 0.014 0.000 0.011 0.003 0.008 0.427 0.532 
  26 A _   0.005 0.010 0.000 0.007 0.002 0.007 0.419 0.549 
  27 R _   0.005 0.008 0.000 0.004 0.002 0.007 0.411 0.563 
  28 N _   0.005 0.007 0.000 0.003 0.002 0.007 0.402 0.574 
  29 K _   0.005 0.007 0.000 0.003 0.002 0.009 0.392 0.582 
  30 K _   0.007 0.008 0.000 0.004 0.003 0.012 0.379 0.587 
  31 S _   0.009 0.012 0.001 0.007 0.005 0.016 0.364 0.585 
  32 G _   0.013 0.024 0.001 0.013 0.009 0.022 0.346 0.573 
  33 E _   0.016 0.046 0.001 0.023 0.014 0.027 0.323 0.549 
  34 L _   0.019 0.076 0.002 0.036 0.020 0.032 0.298 0.517 
  35 V _   0.020 0.106 0.002 0.050 0.024 0.035 0.276 0.487 
  36 A _   0.021 0.126 0.002 0.060 0.027 0.036 0.258 0.469 
  37 V _   0.023 0.138 0.002 0.067 0.028 0.036 0.244 0.462 
  38 K _   0.023 0.143 0.002 0.068 0.028 0.036 0.233 0.468 
  39 V _   0.023 0.143 0.002 0.064 0.026 0.034 0.224 0.484 
  40 F _   0.023 0.136 0.002 0.057 0.023 0.031 0.218 0.511 
  41 N _   0.022 0.122 0.002 0.047 0.020 0.028 0.212 0.547 
  42 T _   0.021 0.102 0.002 0.035 0.016 0.025 0.208 0.592 
  43 T _   0.019 0.077 0.001 0.025 0.012 0.023 0.204 0.639 
  44 S _   0.017 0.053 0.001 0.016 0.009 0.020 0.201 0.683 
  45 Y _   0.015 0.036 0.001 0.011 0.006 0.018 0.198 0.715 
  46 L _   0.013 0.026 0.001 0.007 0.005 0.016 0.194 0.738 
  47 R _   0.012 0.022 0.000 0.006 0.004 0.015 0.190 0.752 
  48 P _   0.012 0.020 0.000 0.005 0.004 0.015 0.185 0.760 
  49 R _   0.012 0.020 0.000 0.006 0.004 0.016 0.180 0.762 
  50 E _   0.013 0.021 0.001 0.008 0.005 0.017 0.174 0.761 
  51 V _   0.014 0.025 0.001 0.011 0.007 0.019 0.168 0.755 
  52 Q _   0.015 0.030 0.001 0.016 0.009 0.022 0.161 0.745 
  53 V _   0.017 0.037 0.001 0.022 0.012 0.023 0.155 0.734 
  54 R _   0.018 0.042 0.001 0.028 0.014 0.024 0.149 0.724 
  55 E _   0.018 0.047 0.001 0.032 0.015 0.025 0.143 0.718 
  56 F _   0.018 0.049 0.001 0.034 0.015 0.025 0.139 0.719 
  57 E _   0.018 0.048 0.001 0.033 0.014 0.024 0.135 0.726 
  58 V _   0.018 0.046 0.001 0.030 0.013 0.022 0.132 0.739 
  59 L _   0.017 0.041 0.001 0.024 0.011 0.020 0.129 0.757 
  60 R _   0.016 0.035 0.001 0.018 0.009 0.019 0.127 0.777 
  61 K _   0.015 0.028 0.001 0.013 0.007 0.017 0.124 0.795 
  62 L _   0.015 0.023 0.001 0.009 0.005 0.016 0.122 0.810 
  63 N _   0.014 0.019 0.001 0.007 0.005 0.016 0.120 0.819 
  64 H _   0.015 0.018 0.000 0.006 0.004 0.016 0.117 0.824 
  65 Q _   0.016 0.018 0.001 0.006 0.005 0.017 0.115 0.824 
  66 N _   0.017 0.019 0.001 0.008 0.006 0.018 0.112 0.819 
  67 I _   0.019 0.022 0.001 0.011 0.008 0.020 0.109 0.811 
  68 V _   0.020 0.027 0.001 0.016 0.010 0.021 0.106 0.799 
  69 K _   0.021 0.033 0.001 0.022 0.011 0.022 0.103 0.787 
  70 L _   0.021 0.037 0.001 0.026 0.013 0.023 0.100 0.779 
  71 F _   0.021 0.040 0.001 0.029 0.013 0.022 0.098 0.777 
  72 A _   0.020 0.040 0.001 0.029 0.012 0.021 0.096 0.781 
  73 V _   0.018 0.039 0.001 0.026 0.011 0.020 0.094 0.791 
  74 E _   0.017 0.036 0.001 0.021 0.009 0.018 0.093 0.806 
  75 E _   0.015 0.032 0.001 0.015 0.007 0.016 0.092 0.822 
  76 T _   0.014 0.029 0.001 0.010 0.005 0.015 0.090 0.836 
  77 G _   0.012 0.026 0.000 0.007 0.004 0.015 0.089 0.847 
  78 G _   0.012 0.025 0.000 0.006 0.004 0.015 0.087 0.852 
  79 S _   0.012 0.025 0.000 0.005 0.004 0.016 0.085 0.852 
  80 R _   0.014 0.028 0.001 0.006 0.005 0.018 0.083 0.846 
  81 Q _   0.015 0.036 0.001 0.009 0.007 0.021 0.080 0.831 
  82 K _   0.018 0.051 0.001 0.013 0.009 0.024 0.077 0.807 
  83 V _   0.019 0.075 0.001 0.018 0.012 0.027 0.073 0.774 
  84 L _   0.021 0.101 0.001 0.023 0.015 0.029 0.070 0.740 
  85 V _   0.021 0.127 0.001 0.028 0.017 0.030 0.066 0.709 
  86 M _   0.021 0.148 0.001 0.031 0.018 0.031 0.063 0.686 
  87 E _   0.021 0.163 0.001 0.032 0.019 0.031 0.061 0.672 
  88 Y _   0.021 0.173 0.001 0.033 0.019 0.031 0.058 0.663 
  89 C _   0.021 0.179 0.001 0.033 0.019 0.031 0.057 0.659 
  90 S _   0.021 0.184 0.001 0.033 0.019 0.030 0.055 0.656 
  91 S _   0.021 0.186 0.001 0.034 0.019 0.029 0.054 0.655 
  92 G _   0.021 0.187 0.001 0.036 0.018 0.028 0.053 0.656 
  93 S _   0.021 0.185 0.001 0.037 0.017 0.027 0.053 0.658 
  94 L _   0.021 0.181 0.001 0.038 0.016 0.025 0.053 0.664 
  95 L _   0.021 0.172 0.001 0.038 0.015 0.023 0.054 0.677 
  96 S _   0.020 0.158 0.001 0.035 0.013 0.020 0.055 0.698 
  97 V _   0.018 0.137 0.001 0.031 0.011 0.018 0.056 0.728 
  98 L _   0.016 0.109 0.001 0.026 0.009 0.016 0.057 0.766 
  99 E _   0.014 0.077 0.001 0.020 0.007 0.013 0.058 0.810 
 100 S _   0.013 0.048 0.001 0.014 0.005 0.011 0.059 0.850 
 101 P _   0.011 0.025 0.001 0.009 0.004 0.009 0.060 0.882 
 102 E _   0.010 0.012 0.000 0.006 0.002 0.008 0.060 0.902 
 103 N _   0.010 0.005 0.000 0.004 0.002 0.007 0.059 0.913 
 104 A _   0.012 0.002 0.000 0.003 0.002 0.007 0.058 0.917 
 105 F _   0.016 0.001 0.000 0.002 0.002 0.008 0.057 0.915 
 106 G _   0.026 0.000 0.000 0.002 0.002 0.009 0.055 0.905 
 107 L _   0.044 0.000 0.000 0.002 0.003 0.012 0.052 0.886 
 108 P _   0.076 0.000 0.001 0.003 0.004 0.016 0.049 0.852 
 109 E _   0.125 0.000 0.001 0.003 0.007 0.022 0.044 0.798 
 110 D _   0.193 0.000 0.001 0.003 0.011 0.028 0.040 0.725 
 111 E _   0.274 0.000 0.001 0.003 0.016 0.034 0.034 0.636 
 112 F _   0.360 0.000 0.002 0.004 0.024 0.040 0.030 0.542 
 113 L _   0.440 0.000 0.002 0.004 0.032 0.045 0.026 0.451 
 114 V H   0.508 0.000 0.002 0.004 0.041 0.048 0.023 0.373 
 115 V H   0.562 0.001 0.002 0.004 0.047 0.049 0.021 0.314 
 116 L H   0.596 0.001 0.002 0.005 0.051 0.049 0.020 0.276 
 117 R H   0.615 0.001 0.002 0.006 0.053 0.047 0.020 0.255 
 118 C H   0.620 0.002 0.002 0.007 0.053 0.044 0.020 0.252 
 119 V H   0.611 0.002 0.002 0.008 0.051 0.041 0.020 0.264 
 120 V H   0.586 0.002 0.002 0.008 0.046 0.038 0.021 0.296 
 121 A H   0.544 0.001 0.002 0.008 0.041 0.035 0.023 0.346 
 122 G H   0.487 0.001 0.002 0.007 0.033 0.031 0.025 0.413 
 123 M _   0.418 0.001 0.002 0.006 0.025 0.028 0.027 0.493 
 124 N _   0.342 0.000 0.002 0.006 0.019 0.024 0.029 0.578 
 125 H _   0.269 0.000 0.001 0.005 0.013 0.021 0.032 0.658 
 126 L _   0.202 0.000 0.001 0.005 0.010 0.019 0.034 0.729 
 127 R _   0.148 0.000 0.001 0.005 0.007 0.017 0.037 0.785 
 128 E _   0.106 0.000 0.001 0.005 0.006 0.015 0.038 0.828 
 129 N _   0.075 0.001 0.001 0.006 0.005 0.013 0.040 0.860 
 130 G _   0.053 0.001 0.001 0.006 0.004 0.012 0.041 0.882 
 131 I _   0.038 0.001 0.001 0.007 0.004 0.011 0.042 0.896 
 132 V _   0.027 0.002 0.000 0.007 0.004 0.010 0.043 0.907 
 133 H _   0.020 0.003 0.000 0.007 0.003 0.010 0.043 0.914 
 134 R _   0.016 0.004 0.000 0.006 0.003 0.009 0.043 0.918 
 135 D _   0.012 0.005 0.000 0.006 0.003 0.009 0.043 0.921 
 136 I _   0.010 0.007 0.000 0.006 0.003 0.009 0.043 0.921 
 137 K _   0.009 0.009 0.000 0.006 0.003 0.010 0.043 0.919 
 138 P _   0.009 0.014 0.000 0.008 0.004 0.010 0.042 0.913 
 139 G _   0.009 0.021 0.001 0.009 0.004 0.012 0.041 0.902 
 140 N _   0.010 0.032 0.001 0.012 0.006 0.013 0.040 0.886 
 141 I _   0.010 0.047 0.001 0.016 0.007 0.014 0.039 0.866 
 142 M _   0.011 0.063 0.001 0.019 0.008 0.015 0.038 0.844 
 143 R _   0.011 0.079 0.001 0.023 0.009 0.016 0.037 0.824 
 144 L _   0.011 0.092 0.001 0.026 0.009 0.016 0.036 0.808 
 145 V _   0.010 0.101 0.001 0.028 0.010 0.016 0.036 0.798 
 146 G _   0.010 0.107 0.001 0.028 0.009 0.016 0.035 0.793 
 147 E _   0.010 0.111 0.001 0.027 0.009 0.016 0.035 0.793 
 148 E _   0.009 0.112 0.001 0.025 0.008 0.015 0.035 0.795 
 149 G _   0.009 0.112 0.001 0.023 0.007 0.014 0.035 0.798 
 150 Q _   0.009 0.111 0.001 0.021 0.007 0.014 0.036 0.803 
 151 S _   0.009 0.109 0.001 0.019 0.006 0.013 0.036 0.807 
 152 I _   0.008 0.107 0.001 0.019 0.006 0.013 0.036 0.811 
 153 Y _   0.008 0.104 0.001 0.019 0.006 0.012 0.037 0.814 
 154 K _   0.008 0.101 0.001 0.019 0.006 0.012 0.037 0.815 
 155 L _   0.008 0.098 0.001 0.020 0.006 0.012 0.038 0.817 
 156 T _   0.008 0.094 0.001 0.021 0.006 0.011 0.039 0.820 
 157 D _   0.008 0.089 0.001 0.021 0.006 0.011 0.040 0.824 
 158 F _   0.008 0.082 0.001 0.021 0.005 0.011 0.041 0.832 
 159 G _   0.008 0.073 0.001 0.019 0.005 0.010 0.042 0.842 
 160 A _   0.008 0.063 0.001 0.016 0.004 0.009 0.043 0.856 
 161 A _   0.007 0.051 0.001 0.013 0.004 0.008 0.044 0.872 
 162 R _   0.007 0.041 0.000 0.010 0.003 0.007 0.045 0.887 
 163 E _   0.006 0.032 0.000 0.007 0.002 0.007 0.046 0.900 
 164 L _   0.005 0.026 0.000 0.005 0.002 0.006 0.046 0.909 
 165 D _   0.005 0.023 0.000 0.004 0.002 0.006 0.046 0.913 
 166 D _   0.005 0.022 0.000 0.004 0.002 0.007 0.046 0.914 
 167 D _   0.006 0.023 0.000 0.005 0.002 0.008 0.045 0.911 
 168 E _   0.007 0.026 0.000 0.008 0.003 0.010 0.044 0.903 
 169 K _   0.008 0.032 0.000 0.012 0.004 0.012 0.043 0.889 
 170 F _   0.009 0.041 0.001 0.019 0.006 0.014 0.041 0.870 
 171 V _   0.010 0.052 0.001 0.027 0.008 0.016 0.039 0.848 
 172 S _   0.010 0.061 0.001 0.035 0.010 0.017 0.038 0.829 
 173 V _   0.010 0.067 0.001 0.040 0.011 0.018 0.036 0.818 
 174 Y _   0.010 0.069 0.001 0.042 0.011 0.018 0.035 0.813 
 175 G _   0.010 0.069 0.001 0.041 0.011 0.017 0.035 0.817 
 176 T _   0.010 0.065 0.001 0.036 0.010 0.016 0.034 0.829 
 177 E _   0.009 0.058 0.001 0.029 0.008 0.015 0.034 0.845 
 178 E _   0.009 0.049 0.001 0.022 0.007 0.013 0.035 0.865 
 179 Y _   0.009 0.039 0.001 0.016 0.005 0.012 0.035 0.885 
 180 L _   0.008 0.030 0.001 0.012 0.004 0.011 0.035 0.900 
 181 H _   0.008 0.024 0.000 0.009 0.004 0.010 0.035 0.910 
 182 P _   0.008 0.020 0.000 0.008 0.003 0.010 0.034 0.916 
 183 D _   0.008 0.018 0.000 0.009 0.003 0.010 0.034 0.917 
 184 M _   0.009 0.017 0.000 0.010 0.004 0.011 0.033 0.916 
 185 Y _   0.009 0.016 0.000 0.012 0.004 0.011 0.033 0.915 
 186 E _   0.009 0.015 0.001 0.014 0.005 0.011 0.032 0.913 
 187 R _   0.009 0.015 0.001 0.015 0.005 0.011 0.032 0.913 
 188 A _   0.009 0.013 0.001 0.015 0.005 0.011 0.031 0.915 
 189 V _   0.009 0.011 0.001 0.014 0.005 0.011 0.030 0.920 
 190 L _   0.010 0.009 0.001 0.012 0.004 0.011 0.029 0.926 
 191 R _   0.011 0.006 0.000 0.009 0.004 0.010 0.028 0.931 
 192 K _   0.014 0.004 0.000 0.007 0.003 0.010 0.027 0.934 
 193 P _   0.020 0.002 0.000 0.005 0.003 0.011 0.026 0.932 
 194 Q _   0.031 0.001 0.000 0.004 0.003 0.012 0.024 0.923 
 195 Q _   0.050 0.000 0.000 0.004 0.004 0.014 0.023 0.905 
 196 K _   0.079 0.000 0.001 0.003 0.005 0.016 0.021 0.874 
 197 A _   0.122 0.000 0.001 0.003 0.007 0.019 0.019 0.829 
 198 F _   0.182 0.000 0.001 0.003 0.009 0.022 0.016 0.766 
 199 G _   0.257 0.000 0.001 0.003 0.012 0.026 0.014 0.687 
 200 V _   0.339 0.000 0.001 0.003 0.016 0.029 0.012 0.600 
 201 T _   0.427 0.000 0.001 0.003 0.020 0.031 0.009 0.509 
 202 V H   0.510 0.000 0.002 0.003 0.024 0.032 0.008 0.422 
 203 D H   0.584 0.000 0.002 0.002 0.028 0.033 0.006 0.345 
 204 L H   0.644 0.000 0.002 0.002 0.032 0.032 0.005 0.282 
 205 W H   0.688 0.000 0.002 0.002 0.034 0.031 0.005 0.238 
 206 S H   0.715 0.000 0.002 0.002 0.036 0.030 0.004 0.211 
 207 I H   0.729 0.000 0.002 0.002 0.036 0.029 0.004 0.197 
 208 G H   0.731 0.000 0.002 0.003 0.036 0.027 0.005 0.196 
 209 V H   0.718 0.000 0.002 0.003 0.036 0.027 0.005 0.209 
 210 T H   0.692 0.000 0.002 0.003 0.035 0.026 0.006 0.236 
 211 L H   0.652 0.000 0.002 0.004 0.033 0.025 0.007 0.277 
 212 Y H   0.598 0.000 0.002 0.004 0.029 0.025 0.008 0.334 
 213 H H   0.531 0.000 0.002 0.004 0.025 0.024 0.009 0.404 
 214 A _   0.454 0.000 0.002 0.004 0.022 0.024 0.011 0.483 
 215 A _   0.377 0.000 0.002 0.005 0.019 0.024 0.013 0.561 
 216 T _   0.308 0.000 0.001 0.006 0.016 0.024 0.015 0.630 
 217 G _   0.245 0.001 0.001 0.008 0.015 0.023 0.017 0.690 
 218 S _   0.192 0.001 0.001 0.011 0.014 0.023 0.019 0.739 
 219 L _   0.148 0.002 0.001 0.014 0.013 0.022 0.022 0.779 
 220 P _   0.111 0.003 0.001 0.017 0.012 0.021 0.024 0.812 
 221 F _   0.081 0.004 0.001 0.018 0.010 0.019 0.026 0.841 
 222 I _   0.058 0.004 0.001 0.017 0.009 0.016 0.028 0.868 
 223 P _   0.040 0.003 0.001 0.015 0.007 0.014 0.029 0.892 
 224 F _   0.028 0.003 0.001 0.011 0.005 0.012 0.031 0.911 
 225 G _   0.019 0.002 0.000 0.008 0.004 0.010 0.032 0.925 
 226 G _   0.014 0.002 0.000 0.006 0.003 0.008 0.032 0.935 
 227 P _   0.010 0.002 0.000 0.004 0.002 0.008 0.033 0.941 
 228 R _   0.009 0.002 0.000 0.004 0.002 0.008 0.033 0.943 
 229 R _   0.008 0.003 0.000 0.004 0.002 0.008 0.033 0.941 
 230 N _   0.008 0.005 0.000 0.006 0.003 0.009 0.033 0.936 
 231 K _   0.009 0.009 0.000 0.009 0.004 0.011 0.033 0.926 
 232 E _   0.010 0.015 0.001 0.013 0.005 0.012 0.032 0.913 
 233 I _   0.010 0.022 0.001 0.018 0.007 0.013 0.032 0.897 
 234 M _   0.011 0.029 0.001 0.022 0.007 0.014 0.031 0.884 
 235 Y _   0.010 0.035 0.001 0.025 0.008 0.014 0.031 0.876 
 236 R _   0.010 0.038 0.001 0.026 0.008 0.014 0.031 0.873 
 237 I _   0.009 0.040 0.001 0.024 0.007 0.013 0.031 0.875 
 238 T _   0.009 0.040 0.001 0.022 0.007 0.013 0.031 0.880 
 239 T _   0.008 0.039 0.001 0.019 0.006 0.012 0.031 0.886 
 240 E _   0.007 0.038 0.001 0.016 0.005 0.011 0.031 0.891 
 241 K _   0.007 0.037 0.001 0.014 0.005 0.011 0.031 0.895 
 242 P _   0.007 0.036 0.000 0.014 0.004 0.011 0.031 0.895 
 243 A _   0.008 0.036 0.001 0.015 0.005 0.011 0.032 0.894 
 244 G _   0.008 0.036 0.001 0.017 0.005 0.011 0.032 0.891 
 245 A _   0.008 0.036 0.001 0.019 0.005 0.011 0.032 0.888 
 246 I _   0.008 0.036 0.001 0.020 0.005 0.011 0.032 0.887 
 247 A _   0.008 0.035 0.001 0.020 0.005 0.011 0.032 0.888 
 248 G _   0.008 0.032 0.001 0.019 0.005 0.010 0.033 0.893 
 249 A _   0.007 0.028 0.001 0.016 0.004 0.009 0.033 0.902 
 250 Q _   0.006 0.023 0.000 0.013 0.004 0.009 0.033 0.912 
 251 R _   0.006 0.017 0.000 0.010 0.003 0.008 0.033 0.923 
 252 R _   0.005 0.012 0.000 0.007 0.002 0.008 0.034 0.931 
 253 E _   0.005 0.009 0.000 0.005 0.002 0.008 0.033 0.936 
 254 N _   0.006 0.008 0.000 0.005 0.002 0.009 0.033 0.938 
 255 G _   0.007 0.007 0.000 0.005 0.002 0.010 0.033 0.936 
 256 P _   0.008 0.007 0.000 0.005 0.003 0.013 0.032 0.931 
 257 L _   0.011 0.009 0.000 0.007 0.004 0.016 0.031 0.922 
 258 E _   0.013 0.011 0.001 0.010 0.006 0.020 0.030 0.908 
 259 W _   0.016 0.014 0.001 0.015 0.009 0.025 0.029 0.891 
 260 S _   0.019 0.018 0.001 0.019 0.012 0.030 0.027 0.872 
 261 Y _   0.023 0.022 0.001 0.024 0.016 0.034 0.026 0.854 
 262 T _   0.027 0.025 0.001 0.028 0.019 0.038 0.025 0.838 
 263 L _   0.031 0.027 0.001 0.031 0.021 0.041 0.024 0.824 
 264 P _   0.036 0.027 0.002 0.032 0.023 0.043 0.023 0.815 
 265 I _   0.042 0.026 0.002 0.031 0.023 0.044 0.022 0.810 
 266 T _   0.047 0.024 0.002 0.028 0.023 0.045 0.021 0.811 
 267 C _   0.053 0.020 0.002 0.023 0.022 0.044 0.021 0.815 
 268 Q _   0.060 0.015 0.001 0.019 0.020 0.044 0.020 0.821 
 269 L _   0.068 0.011 0.001 0.014 0.018 0.043 0.019 0.826 
 270 S _   0.077 0.006 0.001 0.010 0.015 0.042 0.019 0.829 
 271 L _   0.086 0.003 0.001 0.007 0.014 0.041 0.018 0.829 
 272 G _   0.098 0.002 0.001 0.005 0.013 0.040 0.018 0.823 
 273 L _   0.113 0.001 0.001 0.004 0.012 0.041 0.017 0.811 
 274 Q _   0.130 0.000 0.001 0.004 0.013 0.041 0.017 0.794 
 275 S _   0.149 0.000 0.001 0.004 0.014 0.042 0.016 0.774 
 276 Q _   0.169 0.000 0.001 0.004 0.015 0.043 0.016 0.752 
 277 L _   0.188 0.000 0.001 0.004 0.017 0.044 0.015 0.729 
 278 V _   0.206 0.000 0.001 0.005 0.020 0.045 0.015 0.707 
 279 P _   0.222 0.001 0.001 0.006 0.022 0.046 0.015 0.688 
 280 I _   0.233 0.001 0.002 0.007 0.024 0.046 0.014 0.673 
 281 L _   0.239 0.001 0.002 0.008 0.026 0.046 0.014 0.664 
 282 A _   0.239 0.001 0.002 0.009 0.026 0.045 0.015 0.663 
 283 N _   0.232 0.002 0.002 0.010 0.025 0.043 0.015 0.672 
 284 I _   0.219 0.002 0.002 0.010 0.024 0.041 0.015 0.687 
 285 L _   0.201 0.002 0.001 0.010 0.021 0.038 0.016 0.711 
 286 E _   0.179 0.001 0.001 0.009 0.018 0.035 0.016 0.739 
 287 V _   0.157 0.001 0.001 0.008 0.015 0.032 0.016 0.769 
 288 E _   0.135 0.001 0.001 0.007 0.012 0.029 0.016 0.798 
 289 Q _   0.115 0.001 0.001 0.006 0.010 0.027 0.016 0.825 
 290 A _   0.098 0.001 0.001 0.005 0.008 0.024 0.016 0.847 
 291 K _   0.084 0.000 0.001 0.005 0.007 0.023 0.016 0.863 
 292 C _   0.074 0.000 0.001 0.005 0.007 0.022 0.016 0.875 
 293 W _   0.068 0.001 0.001 0.006 0.007 0.021 0.015 0.882 
 294 G _   0.065 0.001 0.001 0.007 0.007 0.021 0.015 0.884 
 295 F _   0.065 0.001 0.001 0.008 0.008 0.021 0.014 0.883 
 296 D _   0.069 0.001 0.001 0.008 0.008 0.021 0.014 0.879 
 297 Q _   0.076 0.001 0.001 0.009 0.008 0.020 0.013 0.872 
 298 F _   0.087 0.001 0.001 0.008 0.008 0.020 0.012 0.864 
 299 F _   0.102 0.000 0.001 0.006 0.008 0.019 0.011 0.852 
 300 A _   0.125 0.000 0.001 0.005 0.007 0.018 0.010 0.834 
 301 E _   0.155 0.000 0.001 0.003 0.007 0.018 0.009 0.806 
 302 T _   0.196 0.000 0.001 0.002 0.007 0.017 0.008 0.768 
 303 S _   0.251 0.000 0.001 0.002 0.008 0.017 0.007 0.715 
 304 D _   0.318 0.000 0.001 0.002 0.009 0.017 0.006 0.648 
 305 I _   0.400 0.000 0.001 0.001 0.010 0.017 0.005 0.566 
 306 L H   0.489 0.000 0.001 0.001 0.012 0.017 0.004 0.477 
 307 Q H   0.572 0.000 0.001 0.001 0.013 0.016 0.003 0.393 
 308 R H   0.647 0.000 0.001 0.001 0.015 0.015 0.002 0.319 
 309 V H   0.710 0.000 0.001 0.001 0.015 0.014 0.002 0.257 
 310 V H   0.759 0.000 0.001 0.001 0.015 0.013 0.001 0.211 
 311 V H   0.795 0.000 0.001 0.001 0.014 0.011 0.001 0.176 
 312 H H   0.821 0.000 0.001 0.001 0.014 0.010 0.001 0.153 
 313 V H   0.838 0.000 0.001 0.001 0.013 0.009 0.001 0.138 
 314 F H   0.848 0.000 0.001 0.001 0.012 0.008 0.001 0.129 
 315 S H   0.852 0.000 0.001 0.000 0.012 0.008 0.001 0.127 
 316 L H   0.849 0.000 0.001 0.000 0.011 0.007 0.001 0.130 
 317 S H   0.841 0.000 0.001 0.000 0.011 0.008 0.001 0.138 
 318 Q H   0.829 0.000 0.001 0.001 0.011 0.008 0.001 0.149 
 319 A H   0.813 0.000 0.001 0.001 0.011 0.008 0.001 0.165 
 320 V H   0.794 0.000 0.001 0.001 0.011 0.009 0.001 0.184 
 321 L H   0.770 0.000 0.001 0.001 0.011 0.010 0.001 0.206 
 322 H H   0.744 0.000 0.001 0.001 0.011 0.010 0.002 0.231 
 323 H H   0.716 0.000 0.001 0.001 0.011 0.012 0.002 0.257 
 324 I H   0.687 0.000 0.001 0.001 0.012 0.013 0.003 0.284 
 325 Y H   0.656 0.000 0.001 0.001 0.012 0.014 0.003 0.313 
 326 I H   0.624 0.000 0.001 0.001 0.013 0.016 0.004 0.340 
 327 H H   0.593 0.000 0.001 0.001 0.014 0.018 0.005 0.367 
 328 A H   0.563 0.000 0.001 0.002 0.016 0.021 0.006 0.391 
 329 H H   0.534 0.000 0.001 0.002 0.018 0.024 0.007 0.414 
 330 N H   0.501 0.000 0.001 0.004 0.021 0.026 0.008 0.439 
 331 T _   0.465 0.001 0.002 0.006 0.023 0.029 0.010 0.465 
 332 I _   0.425 0.002 0.002 0.009 0.026 0.031 0.011 0.495 
 333 A _   0.381 0.003 0.002 0.013 0.028 0.032 0.014 0.529 
 334 I _   0.334 0.004 0.002 0.016 0.028 0.032 0.016 0.569 
 335 F _   0.284 0.004 0.002 0.019 0.026 0.031 0.019 0.615 
 336 Q _   0.233 0.005 0.002 0.020 0.023 0.030 0.022 0.666 
 337 E _   0.184 0.005 0.002 0.019 0.019 0.027 0.024 0.720 
 338 A _   0.141 0.004 0.001 0.017 0.015 0.024 0.027 0.771 
 339 V _   0.104 0.003 0.001 0.014 0.011 0.021 0.030 0.817 
 340 H _   0.074 0.002 0.001 0.011 0.008 0.017 0.032 0.855 
 341 K _   0.053 0.002 0.001 0.008 0.006 0.015 0.034 0.882 
 342 Q _   0.037 0.001 0.000 0.006 0.004 0.013 0.036 0.903 
 343 T _   0.027 0.001 0.000 0.005 0.003 0.011 0.037 0.916 
 344 S _   0.020 0.001 0.000 0.004 0.003 0.010 0.038 0.924 
 345 V _   0.016 0.001 0.000 0.004 0.002 0.010 0.038 0.929 
 346 A _   0.013 0.001 0.000 0.004 0.002 0.010 0.039 0.931 
 347 P _   0.013 0.001 0.000 0.004 0.003 0.011 0.039 0.930 
 348 R _   0.013 0.001 0.000 0.004 0.003 0.013 0.038 0.927 
 349 H _   0.014 0.002 0.000 0.005 0.004 0.015 0.038 0.921 
 350 Q _   0.016 0.004 0.001 0.007 0.005 0.018 0.037 0.912 
 351 E _   0.019 0.007 0.001 0.009 0.007 0.022 0.037 0.899 
 352 Y _   0.022 0.011 0.001 0.012 0.010 0.026 0.036 0.882 
 353 L _   0.025 0.017 0.001 0.016 0.013 0.031 0.035 0.862 
 354 F _   0.029 0.023 0.001 0.021 0.017 0.034 0.034 0.841 
 355 E _   0.032 0.030 0.001 0.026 0.020 0.038 0.033 0.821 
 356 G _   0.034 0.035 0.002 0.030 0.022 0.040 0.033 0.805 
 357 H _   0.037 0.039 0.002 0.033 0.024 0.041 0.032 0.794 
 358 L _   0.038 0.040 0.002 0.033 0.024 0.041 0.032 0.791 
 359 C _   0.038 0.040 0.002 0.031 0.023 0.040 0.032 0.795 
 360 V _   0.038 0.038 0.002 0.027 0.021 0.039 0.032 0.805 
 361 L _   0.038 0.034 0.001 0.022 0.018 0.037 0.032 0.818 
 362 E _   0.037 0.030 0.001 0.017 0.016 0.035 0.032 0.831 
 363 P _   0.036 0.026 0.001 0.014 0.013 0.034 0.032 0.843 
 364 S _   0.036 0.023 0.001 0.011 0.012 0.033 0.032 0.852 
 365 V _   0.035 0.021 0.001 0.010 0.011 0.033 0.032 0.856 
 366 S _   0.036 0.021 0.001 0.010 0.011 0.033 0.032 0.856 
 367 A _   0.036 0.021 0.001 0.012 0.012 0.033 0.032 0.854 
 368 Q _   0.036 0.022 0.001 0.013 0.012 0.032 0.032 0.851 
 369 H _   0.035 0.022 0.001 0.015 0.013 0.032 0.032 0.849 
 370 I _   0.034 0.023 0.001 0.016 0.013 0.031 0.032 0.849 
 371 A _   0.032 0.023 0.001 0.016 0.013 0.031 0.032 0.851 
 372 H _   0.031 0.023 0.001 0.015 0.012 0.030 0.033 0.856 
 373 T _   0.030 0.022 0.001 0.013 0.011 0.029 0.033 0.861 
 374 T _   0.029 0.022 0.001 0.012 0.010 0.028 0.033 0.866 
 375 A _   0.029 0.021 0.001 0.010 0.010 0.028 0.033 0.868 
 376 S _   0.030 0.021 0.001 0.009 0.010 0.028 0.033 0.868 
 377 S _   0.031 0.022 0.001 0.010 0.010 0.028 0.033 0.865 
 378 P _   0.033 0.024 0.001 0.011 0.012 0.029 0.033 0.857 
 379 L _   0.034 0.028 0.001 0.014 0.013 0.030 0.033 0.847 
 380 T _   0.036 0.032 0.001 0.017 0.015 0.031 0.033 0.835 
 381 L _   0.037 0.036 0.001 0.021 0.017 0.031 0.034 0.823 
 382 F _   0.036 0.040 0.001 0.025 0.018 0.031 0.034 0.815 
 383 S _   0.035 0.043 0.001 0.028 0.018 0.030 0.035 0.811 
 384 T _   0.033 0.044 0.001 0.029 0.017 0.028 0.036 0.812 
 385 A _   0.030 0.043 0.001 0.029 0.016 0.026 0.037 0.818 
 386 I _   0.028 0.041 0.001 0.027 0.014 0.024 0.038 0.827 
 387 P _   0.025 0.038 0.001 0.024 0.012 0.022 0.040 0.839 
 388 K _   0.022 0.034 0.001 0.020 0.010 0.019 0.041 0.853 
 389 G _   0.020 0.029 0.001 0.016 0.008 0.017 0.043 0.867 
 390 L _   0.018 0.023 0.001 0.013 0.006 0.015 0.044 0.880 
 391 A _   0.015 0.019 0.001 0.011 0.005 0.013 0.046 0.891 
 392 F _   0.013 0.015 0.001 0.009 0.004 0.012 0.047 0.899 
 393 R _   0.012 0.013 0.000 0.008 0.004 0.011 0.048 0.905 
 394 D _   0.011 0.011 0.000 0.007 0.003 0.010 0.049 0.909 
 395 P _   0.010 0.010 0.000 0.007 0.003 0.010 0.050 0.910 
 396 A _   0.010 0.010 0.000 0.008 0.003 0.010 0.050 0.909 
 397 L _   0.010 0.010 0.000 0.009 0.004 0.010 0.051 0.906 
 398 D _   0.010 0.010 0.000 0.010 0.004 0.010 0.051 0.903 
 399 V _   0.010 0.011 0.001 0.012 0.005 0.011 0.052 0.899 
 400 P _   0.010 0.012 0.001 0.014 0.005 0.011 0.052 0.896 
 401 K _   0.010 0.012 0.001 0.016 0.005 0.011 0.053 0.893 
 402 F _   0.009 0.012 0.001 0.016 0.005 0.010 0.054 0.893 
 403 V _   0.009 0.011 0.001 0.016 0.005 0.010 0.054 0.894 
 404 P _   0.009 0.010 0.001 0.015 0.004 0.009 0.055 0.897 
 405 K _   0.008 0.009 0.000 0.012 0.004 0.009 0.056 0.902 
 406 V _   0.007 0.007 0.000 0.010 0.003 0.008 0.056 0.908 
 407 D _   0.007 0.005 0.000 0.008 0.003 0.007 0.057 0.913 
 408 L _   0.006 0.004 0.000 0.006 0.002 0.007 0.057 0.918 
 409 Q _   0.006 0.003 0.000 0.004 0.002 0.007 0.056 0.921 
 410 A _   0.006 0.003 0.000 0.004 0.002 0.007 0.056 0.923 
 411 D _   0.006 0.003 0.000 0.003 0.002 0.008 0.055 0.922 
 412 Y _   0.007 0.004 0.000 0.004 0.002 0.011 0.054 0.918 
 413 N _   0.010 0.006 0.000 0.005 0.003 0.014 0.052 0.910 
 414 T _   0.013 0.010 0.001 0.007 0.005 0.018 0.050 0.896 
 415 A _   0.018 0.020 0.001 0.010 0.008 0.024 0.048 0.871 
 416 K _   0.023 0.035 0.001 0.016 0.012 0.031 0.045 0.837 
 417 G _   0.029 0.056 0.001 0.022 0.017 0.038 0.041 0.795 
 418 V _   0.035 0.078 0.002 0.028 0.022 0.043 0.038 0.754 
 419 L _   0.040 0.098 0.002 0.034 0.027 0.048 0.035 0.717 
 420 G _   0.045 0.113 0.002 0.039 0.031 0.051 0.032 0.687 
 421 A _   0.050 0.123 0.002 0.042 0.034 0.053 0.030 0.666 
 422 G _   0.053 0.129 0.002 0.043 0.036 0.054 0.029 0.654 
 423 Y _   0.056 0.131 0.002 0.043 0.036 0.053 0.027 0.651 
 424 Q _   0.057 0.130 0.002 0.042 0.035 0.051 0.026 0.657 
 425 A _   0.057 0.125 0.002 0.040 0.032 0.049 0.025 0.670 
 426 L _   0.057 0.116 0.002 0.037 0.029 0.045 0.025 0.689 
 427 R _   0.055 0.104 0.002 0.033 0.024 0.041 0.025 0.716 
 428 L _   0.054 0.087 0.002 0.029 0.020 0.037 0.024 0.748 
 429 A _   0.052 0.066 0.001 0.023 0.016 0.033 0.024 0.785 
 430 R _   0.052 0.045 0.001 0.017 0.012 0.028 0.024 0.820 
 431 A _   0.052 0.027 0.001 0.012 0.009 0.025 0.023 0.850 
 432 L _   0.055 0.014 0.001 0.008 0.007 0.022 0.022 0.872 
 433 L _   0.060 0.006 0.001 0.005 0.005 0.020 0.022 0.881 
 434 D _   0.071 0.002 0.001 0.004 0.005 0.018 0.020 0.880 
 435 G _   0.089 0.001 0.001 0.003 0.004 0.018 0.019 0.866 
 436 Q _   0.117 0.000 0.001 0.002 0.005 0.018 0.017 0.839 
 437 E _   0.158 0.000 0.001 0.002 0.006 0.019 0.016 0.798 
 438 L _   0.213 0.000 0.001 0.002 0.007 0.021 0.014 0.741 
 439 M _   0.280 0.000 0.001 0.002 0.010 0.024 0.012 0.671 
 440 F _   0.355 0.000 0.001 0.002 0.013 0.026 0.010 0.593 
 441 R _   0.434 0.000 0.001 0.002 0.017 0.028 0.008 0.510 
 442 G H   0.509 0.000 0.001 0.002 0.021 0.029 0.007 0.430 
 443 L H   0.572 0.000 0.002 0.003 0.025 0.029 0.006 0.364 
 444 H H   0.624 0.000 0.002 0.003 0.027 0.029 0.005 0.311 
 445 W H   0.659 0.000 0.002 0.003 0.028 0.028 0.005 0.277 
 446 V H   0.681 0.000 0.002 0.003 0.027 0.026 0.004 0.257 
 447 M H   0.690 0.000 0.002 0.003 0.026 0.025 0.004 0.250 
 448 E H   0.688 0.000 0.002 0.003 0.024 0.023 0.004 0.256 
 449 V H   0.676 0.000 0.001 0.003 0.021 0.021 0.004 0.273 
 450 L H   0.654 0.000 0.001 0.002 0.017 0.020 0.005 0.300 
 451 Q H   0.625 0.000 0.001 0.002 0.014 0.019 0.005 0.334 
 452 A H   0.593 0.000 0.001 0.001 0.012 0.019 0.005 0.369 
 453 T H   0.560 0.000 0.001 0.001 0.010 0.019 0.006 0.403 
 454 C H   0.531 0.000 0.001 0.001 0.009 0.020 0.006 0.431 
 455 R H   0.508 0.000 0.001 0.001 0.010 0.022 0.007 0.453 
 456 R H   0.488 0.000 0.001 0.001 0.011 0.024 0.007 0.468 
 457 T _   0.472 0.000 0.001 0.002 0.013 0.026 0.008 0.478 
 458 L _   0.459 0.000 0.001 0.003 0.016 0.029 0.008 0.484 
 459 E _   0.445 0.000 0.001 0.004 0.019 0.031 0.009 0.490 
 460 V _   0.430 0.001 0.002 0.006 0.022 0.034 0.010 0.496 
 461 A _   0.411 0.001 0.002 0.007 0.026 0.035 0.011 0.507 
 462 R _   0.389 0.001 0.002 0.009 0.028 0.037 0.012 0.523 
 463 T _   0.363 0.002 0.002 0.010 0.029 0.037 0.013 0.545 
 464 S _   0.333 0.002 0.002 0.011 0.028 0.036 0.014 0.574 
 465 L _   0.297 0.002 0.002 0.011 0.026 0.035 0.016 0.610 
 466 L _   0.259 0.002 0.002 0.011 0.023 0.033 0.017 0.652 
 467 Y _   0.219 0.002 0.002 0.011 0.020 0.031 0.019 0.696 
 468 L _   0.181 0.002 0.001 0.011 0.017 0.028 0.021 0.739 
 469 S _   0.147 0.002 0.001 0.010 0.014 0.026 0.023 0.779 
 470 S _   0.117 0.002 0.001 0.009 0.011 0.023 0.024 0.814 
 471 S _   0.092 0.001 0.001 0.008 0.009 0.020 0.026 0.844 
 472 L _   0.071 0.001 0.001 0.007 0.007 0.018 0.027 0.867 
 473 G _   0.054 0.001 0.001 0.007 0.006 0.016 0.028 0.886 
 474 T _   0.042 0.001 0.001 0.007 0.005 0.015 0.029 0.901 
 475 E _   0.033 0.001 0.001 0.006 0.005 0.014 0.030 0.911 
 476 R _   0.026 0.002 0.001 0.006 0.004 0.013 0.030 0.918 
 477 F _   0.022 0.002 0.000 0.006 0.004 0.012 0.031 0.923 
 478 S _   0.019 0.002 0.000 0.007 0.004 0.012 0.031 0.925 
 479 S _   0.016 0.003 0.001 0.007 0.004 0.012 0.031 0.925 
 480 V _   0.015 0.004 0.001 0.008 0.004 0.012 0.031 0.925 
 481 A _   0.014 0.005 0.001 0.009 0.005 0.013 0.032 0.922 
 482 G _   0.013 0.007 0.001 0.010 0.005 0.013 0.032 0.919 
 483 T _   0.013 0.008 0.001 0.012 0.006 0.014 0.032 0.915 
 484 P _   0.013 0.010 0.001 0.013 0.006 0.014 0.032 0.910 
 485 E _   0.013 0.012 0.001 0.014 0.007 0.015 0.032 0.907 
 486 I _   0.013 0.013 0.001 0.015 0.007 0.015 0.032 0.904 
 487 Q _   0.013 0.014 0.001 0.015 0.007 0.016 0.032 0.902 
 488 E _   0.013 0.014 0.001 0.015 0.007 0.016 0.033 0.902 
 489 L _   0.013 0.015 0.001 0.014 0.007 0.016 0.033 0.902 
 490 K _   0.013 0.014 0.001 0.013 0.006 0.016 0.033 0.904 
 491 A _   0.013 0.014 0.001 0.011 0.006 0.017 0.034 0.905 
 492 A _   0.013 0.014 0.001 0.010 0.006 0.017 0.034 0.905 
 493 A _   0.014 0.014 0.001 0.009 0.005 0.018 0.034 0.904 
 494 E _   0.016 0.014 0.001 0.008 0.006 0.019 0.034 0.902 
 495 L _   0.018 0.015 0.001 0.008 0.006 0.021 0.034 0.896 
 496 R _   0.021 0.017 0.001 0.009 0.008 0.024 0.034 0.886 
 497 S _   0.025 0.020 0.001 0.011 0.010 0.027 0.034 0.872 
 498 R _   0.029 0.025 0.001 0.014 0.013 0.030 0.034 0.854 
 499 L _   0.034 0.031 0.001 0.018 0.016 0.032 0.034 0.833 
 500 R _   0.037 0.037 0.001 0.024 0.019 0.034 0.035 0.813 
 501 T _   0.040 0.042 0.002 0.028 0.021 0.035 0.035 0.797 
 502 L _   0.041 0.046 0.002 0.032 0.022 0.034 0.036 0.787 
 503 A _   0.041 0.048 0.002 0.033 0.021 0.033 0.037 0.786 
 504 E _   0.040 0.047 0.001 0.031 0.019 0.031 0.038 0.793 
 505 V _   0.038 0.044 0.001 0.027 0.017 0.028 0.039 0.806 
 506 L _   0.035 0.040 0.001 0.022 0.014 0.025 0.041 0.822 
 507 S _   0.031 0.034 0.001 0.017 0.011 0.022 0.042 0.840 
 508 R _   0.028 0.029 0.001 0.013 0.009 0.020 0.044 0.856 
 509 C _   0.025 0.024 0.001 0.011 0.007 0.018 0.045 0.868 
 510 S _   0.022 0.021 0.001 0.010 0.006 0.016 0.047 0.877 
 511 Q _   0.020 0.019 0.001 0.009 0.005 0.015 0.048 0.883 
 512 N _   0.018 0.018 0.001 0.009 0.005 0.014 0.049 0.886 
 513 I _   0.016 0.017 0.001 0.009 0.005 0.013 0.051 0.889 
 514 T _   0.015 0.016 0.001 0.009 0.005 0.013 0.052 0.890 
 515 E _   0.013 0.016 0.001 0.009 0.004 0.012 0.053 0.892 
 516 T _   0.012 0.016 0.001 0.009 0.004 0.011 0.053 0.894 
 517 Q _   0.011 0.016 0.000 0.009 0.004 0.011 0.054 0.896 
 518 E _   0.010 0.016 0.000 0.009 0.004 0.010 0.055 0.896 
 519 S _   0.009 0.017 0.000 0.009 0.004 0.011 0.055 0.895 
 520 L _   0.009 0.018 0.000 0.010 0.004 0.011 0.055 0.892 
 521 S _   0.009 0.020 0.001 0.012 0.005 0.011 0.056 0.887 
 522 S _   0.010 0.022 0.001 0.014 0.005 0.012 0.057 0.880 
 523 L _   0.010 0.023 0.001 0.017 0.006 0.012 0.057 0.873 
 524 N _   0.010 0.025 0.001 0.020 0.006 0.013 0.058 0.867 
 525 R _   0.011 0.026 0.001 0.022 0.007 0.012 0.059 0.863 
 526 E _   0.010 0.025 0.001 0.022 0.006 0.012 0.061 0.863 
 527 L _   0.010 0.023 0.001 0.020 0.006 0.011 0.062 0.866 
 528 V _   0.009 0.021 0.001 0.017 0.005 0.010 0.064 0.874 
 529 K _   0.009 0.017 0.001 0.013 0.004 0.009 0.066 0.882 
 530 S _   0.008 0.013 0.000 0.009 0.003 0.008 0.067 0.891 
 531 R _   0.007 0.010 0.000 0.006 0.002 0.007 0.068 0.898 
 532 D _   0.007 0.007 0.000 0.004 0.002 0.007 0.069 0.902 
 533 Q _   0.007 0.007 0.000 0.003 0.002 0.007 0.070 0.904 
 534 V _   0.007 0.007 0.000 0.003 0.002 0.008 0.070 0.903 
 535 H _   0.008 0.008 0.000 0.004 0.002 0.010 0.070 0.898 
 536 E _   0.010 0.011 0.000 0.005 0.003 0.013 0.070 0.887 
 537 D _   0.012 0.020 0.001 0.008 0.005 0.017 0.069 0.868 
 538 R _   0.015 0.036 0.001 0.013 0.008 0.021 0.067 0.838 
 539 S _   0.017 0.062 0.001 0.020 0.012 0.025 0.066 0.798 
 540 I _   0.019 0.092 0.001 0.027 0.015 0.028 0.064 0.754 
 541 Q _   0.020 0.119 0.001 0.034 0.017 0.030 0.062 0.717 
 542 Q _   0.020 0.139 0.001 0.038 0.019 0.030 0.062 0.691 
 543 I _   0.021 0.151 0.001 0.040 0.019 0.031 0.061 0.676 
 544 Q _   0.021 0.158 0.001 0.040 0.019 0.030 0.061 0.671 
 545 C _   0.021 0.160 0.001 0.037 0.018 0.029 0.061 0.673 
 546 C _   0.021 0.159 0.001 0.034 0.017 0.028 0.062 0.679 
 547 L _   0.020 0.155 0.001 0.030 0.015 0.026 0.063 0.689 
 548 D _   0.020 0.149 0.001 0.027 0.014 0.025 0.064 0.700 
 549 K _   0.021 0.142 0.001 0.025 0.013 0.023 0.066 0.709 
 550 M _   0.020 0.134 0.001 0.023 0.011 0.022 0.068 0.720 
 551 N _   0.020 0.125 0.001 0.022 0.010 0.020 0.070 0.731 
 552 F _   0.019 0.115 0.001 0.021 0.009 0.019 0.073 0.743 
 553 I _   0.018 0.103 0.001 0.020 0.008 0.017 0.075 0.757 
 554 Y _   0.016 0.090 0.001 0.018 0.007 0.015 0.078 0.774 
 555 K _   0.015 0.075 0.001 0.016 0.006 0.014 0.081 0.793 
 556 Q _   0.013 0.060 0.001 0.013 0.005 0.012 0.083 0.812 
 557 F _   0.011 0.047 0.001 0.011 0.004 0.011 0.085 0.829 
 558 K _   0.010 0.037 0.000 0.009 0.004 0.009 0.087 0.843 
 559 K _   0.009 0.029 0.000 0.008 0.003 0.009 0.089 0.854 
 560 S _   0.008 0.024 0.000 0.007 0.003 0.008 0.090 0.860 
 561 R _   0.007 0.021 0.000 0.007 0.003 0.008 0.091 0.864 
 562 M _   0.007 0.019 0.000 0.007 0.003 0.007 0.092 0.865 
 563 R _   0.007 0.017 0.000 0.007 0.003 0.007 0.093 0.866 
 564 P _   0.006 0.017 0.000 0.008 0.003 0.007 0.093 0.865 
 565 G _   0.006 0.016 0.000 0.009 0.003 0.007 0.093 0.864 
 566 L _   0.006 0.016 0.000 0.010 0.003 0.008 0.093 0.863 
 567 G _   0.006 0.016 0.000 0.011 0.003 0.008 0.093 0.863 
 568 Y _   0.006 0.016 0.000 0.011 0.003 0.008 0.093 0.863 
 569 N _   0.006 0.015 0.000 0.011 0.003 0.008 0.093 0.862 
 570 E _   0.006 0.015 0.000 0.011 0.004 0.008 0.093 0.862 
 571 E _   0.006 0.015 0.000 0.011 0.004 0.009 0.093 0.862 
 572 Q _   0.006 0.014 0.000 0.011 0.004 0.009 0.094 0.862 
 573 I _   0.006 0.014 0.000 0.011 0.004 0.009 0.094 0.862 
 574 H _   0.006 0.013 0.000 0.010 0.004 0.009 0.094 0.863 
 575 K _   0.006 0.013 0.000 0.010 0.004 0.010 0.094 0.863 
 576 L _   0.006 0.012 0.000 0.009 0.004 0.010 0.094 0.863 
 577 D _   0.007 0.012 0.000 0.009 0.004 0.011 0.094 0.863 
 578 K _   0.007 0.012 0.000 0.009 0.004 0.012 0.094 0.862 
 579 V _   0.008 0.012 0.000 0.009 0.004 0.013 0.094 0.859 
 580 N _   0.010 0.012 0.001 0.009 0.005 0.015 0.094 0.855 
 581 F _   0.011 0.013 0.001 0.009 0.006 0.018 0.094 0.849 
 582 S _   0.014 0.015 0.001 0.011 0.007 0.020 0.094 0.840 
 583 H _   0.016 0.016 0.001 0.012 0.008 0.023 0.093 0.829 
 584 L _   0.020 0.019 0.001 0.015 0.010 0.026 0.093 0.816 
 585 A _   0.023 0.022 0.001 0.017 0.013 0.029 0.093 0.803 
 586 K _   0.025 0.024 0.001 0.020 0.015 0.031 0.093 0.790 
 587 R _   0.028 0.026 0.001 0.023 0.017 0.033 0.094 0.779 
 588 L _   0.030 0.028 0.001 0.025 0.018 0.034 0.094 0.770 
 589 L _   0.032 0.028 0.001 0.026 0.018 0.034 0.095 0.766 
 590 Q _   0.033 0.028 0.001 0.025 0.018 0.033 0.097 0.766 
 591 V _   0.033 0.026 0.001 0.023 0.016 0.032 0.099 0.770 
 592 F _   0.033 0.023 0.001 0.020 0.015 0.031 0.101 0.776 
 593 Q _   0.032 0.020 0.001 0.017 0.013 0.029 0.103 0.785 
 594 E _   0.031 0.017 0.001 0.014 0.011 0.027 0.105 0.793 
 595 E _   0.030 0.013 0.001 0.012 0.010 0.026 0.107 0.801 
 596 C _   0.029 0.011 0.001 0.010 0.009 0.025 0.109 0.807 
 597 V _   0.028 0.009 0.001 0.009 0.008 0.024 0.111 0.810 
 598 Q _   0.027 0.008 0.001 0.008 0.008 0.023 0.113 0.812 
 599 K _   0.027 0.007 0.001 0.009 0.008 0.023 0.115 0.811 
 600 Y _   0.027 0.007 0.001 0.009 0.008 0.023 0.117 0.809 
 601 Q _   0.026 0.007 0.001 0.010 0.008 0.022 0.119 0.806 
 602 A _   0.025 0.008 0.001 0.011 0.009 0.022 0.121 0.803 
 603 S _   0.024 0.008 0.001 0.012 0.009 0.022 0.123 0.801 
 604 L _   0.024 0.008 0.001 0.013 0.009 0.022 0.125 0.798 
 605 V _   0.023 0.008 0.001 0.013 0.010 0.022 0.128 0.796 
 606 T _   0.023 0.008 0.001 0.014 0.010 0.021 0.130 0.793 
 607 H _   0.022 0.008 0.001 0.015 0.010 0.021 0.133 0.791 
 608 G _   0.022 0.008 0.001 0.015 0.010 0.020 0.136 0.788 
 609 K _   0.021 0.007 0.001 0.015 0.009 0.020 0.140 0.787 
 610 R _   0.021 0.006 0.001 0.014 0.009 0.019 0.143 0.787 
 611 M _   0.020 0.005 0.001 0.013 0.008 0.018 0.147 0.788 
 612 R _   0.020 0.004 0.001 0.011 0.007 0.017 0.151 0.790 
 613 V _   0.019 0.003 0.001 0.009 0.006 0.016 0.155 0.792 
 614 V _   0.019 0.002 0.001 0.007 0.005 0.016 0.158 0.793 
 615 H _   0.021 0.001 0.000 0.005 0.004 0.016 0.161 0.792 
 616 E _   0.023 0.000 0.000 0.004 0.004 0.017 0.164 0.788 
 617 T _   0.029 0.000 0.000 0.003 0.004 0.018 0.166 0.780 
 618 R _   0.037 0.000 0.001 0.003 0.005 0.022 0.168 0.765 
 619 N _   0.049 0.000 0.001 0.003 0.007 0.026 0.170 0.744 
 620 H _   0.065 0.000 0.001 0.004 0.010 0.032 0.172 0.716 
 621 L _   0.083 0.001 0.001 0.005 0.016 0.039 0.175 0.680 
 622 R _   0.103 0.002 0.001 0.008 0.023 0.046 0.178 0.640 
 623 L _   0.121 0.005 0.002 0.012 0.031 0.051 0.181 0.597 
 624 V _   0.135 0.009 0.002 0.017 0.038 0.055 0.186 0.558 
 625 G _   0.145 0.013 0.002 0.022 0.043 0.057 0.192 0.526 
 626 C _   0.149 0.015 0.002 0.026 0.045 0.057 0.199 0.506 
 627 S _   0.147 0.017 0.002 0.028 0.045 0.055 0.208 0.499 
 628 V _   0.141 0.017 0.002 0.027 0.041 0.051 0.218 0.502 
 629 A _   0.130 0.016 0.002 0.025 0.036 0.047 0.229 0.515 
 630 A _   0.116 0.014 0.002 0.021 0.030 0.042 0.241 0.534 
 631 C _   0.099 0.011 0.002 0.017 0.023 0.036 0.255 0.557 
 632 N _   0.082 0.008 0.001 0.014 0.017 0.031 0.268 0.578 
 633 T _   0.066 0.006 0.001 0.011 0.012 0.026 0.281 0.597 
 634 E _   0.051 0.004 0.001 0.009 0.009 0.022 0.293 0.611 
 635 A _   0.039 0.003 0.001 0.007 0.006 0.019 0.304 0.621 
 636 Q _   0.030 0.003 0.001 0.006 0.005 0.016 0.313 0.627 
 637 G _   0.023 0.003 0.000 0.005 0.004 0.014 0.322 0.629 
 638 V _   0.018 0.003 0.000 0.005 0.003 0.013 0.329 0.629 
 639 Q _   0.015 0.003 0.000 0.005 0.003 0.012 0.335 0.625 
 640 E _   0.013 0.004 0.000 0.006 0.004 0.013 0.341 0.619 
 641 S _   0.012 0.005 0.000 0.007 0.004 0.013 0.347 0.611 
 642 L _   0.012 0.008 0.001 0.008 0.005 0.014 0.353 0.600 
 643 S _   0.012 0.011 0.001 0.011 0.006 0.015 0.359 0.586 
 644 K _   0.012 0.014 0.001 0.014 0.007 0.016 0.366 0.570 
 645 L _   0.012 0.018 0.001 0.018 0.008 0.016 0.373 0.553 
 646 L _   0.013 0.022 0.001 0.021 0.009 0.017 0.381 0.537 
 647 E _   0.012 0.024 0.001 0.024 0.009 0.017 0.391 0.521 
 648 E _   0.012 0.025 0.001 0.026 0.009 0.016 0.402 0.509 
 649 L _   0.011 0.026 0.001 0.026 0.009 0.015 0.414 0.498 
 650 S _   0.011 0.025 0.001 0.025 0.008 0.014 0.427 0.489 
 651 H _   0.010 0.023 0.001 0.022 0.007 0.013 0.442 0.482 
 652 Q _   0.009 0.020 0.001 0.019 0.006 0.012 0.457 0.475 
 653 L X   0.009 0.017 0.001 0.016 0.005 0.010 0.473 0.469 
 654 L X   0.008 0.014 0.001 0.013 0.004 0.009 0.489 0.462 
 655 Q X   0.007 0.011 0.000 0.011 0.003 0.008 0.505 0.455 
 656 D X   0.007 0.008 0.000 0.009 0.003 0.007 0.520 0.447 
 657 R X   0.006 0.006 0.000 0.007 0.002 0.006 0.533 0.440 
 658 A X   0.005 0.004 0.000 0.006 0.002 0.005 0.545 0.432 
 659 K X   0.005 0.003 0.000 0.005 0.002 0.005 0.555 0.425 
 660 G X   0.005 0.002 0.000 0.004 0.001 0.004 0.565 0.418 
 661 A X   0.004 0.002 0.000 0.004 0.001 0.004 0.573 0.412 
 662 Q X   0.004 0.001 0.000 0.004 0.001 0.004 0.580 0.406 
 663 A X   0.004 0.001 0.000 0.004 0.001 0.003 0.586 0.401 
