#TopoPred_TM8: 8-state transmembrane topology prediction results by no_profile mode 
#probabilities are in the order of H E C I L F X _, the 8 transmembrane topology types used in PDBTM 
   1 M X   0.013 0.001 0.002 0.055 0.009 0.010 0.749 0.159 
   2 A X   0.005 0.001 0.000 0.033 0.002 0.006 0.771 0.182 
   3 S X   0.002 0.000 0.000 0.018 0.001 0.004 0.775 0.201 
   4 D X   0.001 0.000 0.000 0.011 0.001 0.004 0.772 0.212 
   5 A X   0.001 0.001 0.000 0.008 0.001 0.004 0.764 0.220 
   6 V X   0.002 0.001 0.000 0.006 0.001 0.006 0.753 0.231 
   7 Q X   0.003 0.001 0.000 0.006 0.001 0.008 0.739 0.241 
   8 S X   0.004 0.003 0.000 0.006 0.002 0.011 0.721 0.253 
   9 E X   0.006 0.006 0.000 0.008 0.003 0.014 0.698 0.265 
  10 P X   0.007 0.012 0.001 0.011 0.005 0.019 0.670 0.275 
  11 R X   0.009 0.023 0.001 0.017 0.009 0.024 0.635 0.281 
  12 S X   0.012 0.043 0.002 0.025 0.015 0.030 0.595 0.280 
  13 W X   0.014 0.071 0.002 0.034 0.021 0.035 0.552 0.272 
  14 S X   0.016 0.102 0.002 0.045 0.026 0.038 0.511 0.261 
  15 L X   0.018 0.130 0.002 0.055 0.029 0.039 0.477 0.250 
  16 L X   0.019 0.151 0.002 0.063 0.030 0.039 0.450 0.246 
  17 E X   0.020 0.164 0.002 0.068 0.030 0.038 0.429 0.250 
  18 Q X   0.021 0.169 0.002 0.068 0.028 0.036 0.413 0.263 
  19 L X   0.022 0.169 0.002 0.064 0.026 0.033 0.400 0.285 
  20 G X   0.022 0.162 0.002 0.056 0.022 0.030 0.389 0.318 
  21 L X   0.021 0.148 0.002 0.045 0.018 0.026 0.380 0.360 
  22 A _   0.020 0.127 0.001 0.034 0.015 0.023 0.373 0.408 
  23 G _   0.019 0.101 0.001 0.024 0.011 0.019 0.367 0.458 
  24 A _   0.017 0.076 0.001 0.016 0.008 0.017 0.362 0.504 
  25 D _   0.015 0.057 0.001 0.011 0.006 0.014 0.358 0.539 
  26 L _   0.013 0.044 0.001 0.008 0.004 0.013 0.353 0.565 
  27 A _   0.012 0.037 0.000 0.006 0.003 0.011 0.347 0.582 
  28 A _   0.011 0.034 0.000 0.006 0.003 0.010 0.342 0.594 
  29 P _   0.010 0.032 0.000 0.006 0.003 0.010 0.336 0.604 
  30 G _   0.009 0.031 0.000 0.007 0.003 0.010 0.329 0.611 
  31 V _   0.009 0.031 0.000 0.008 0.003 0.010 0.322 0.617 
  32 Q _   0.008 0.032 0.000 0.009 0.004 0.010 0.315 0.622 
  33 Q _   0.008 0.033 0.000 0.010 0.004 0.010 0.307 0.627 
  34 Q _   0.008 0.034 0.001 0.011 0.004 0.010 0.300 0.632 
  35 L _   0.008 0.035 0.001 0.012 0.004 0.010 0.293 0.638 
  36 E _   0.007 0.036 0.001 0.012 0.004 0.010 0.286 0.644 
  37 L _   0.007 0.037 0.001 0.012 0.004 0.010 0.280 0.650 
  38 E _   0.007 0.037 0.001 0.012 0.004 0.009 0.274 0.656 
  39 R _   0.007 0.038 0.000 0.012 0.004 0.009 0.268 0.662 
  40 E _   0.007 0.038 0.000 0.012 0.004 0.009 0.262 0.667 
  41 R _   0.007 0.039 0.000 0.011 0.004 0.009 0.257 0.673 
  42 L _   0.007 0.039 0.000 0.011 0.004 0.008 0.252 0.678 
  43 R _   0.006 0.039 0.000 0.011 0.004 0.008 0.247 0.683 
  44 R _   0.006 0.040 0.000 0.011 0.004 0.008 0.243 0.688 
  45 E _   0.006 0.040 0.000 0.011 0.003 0.008 0.239 0.692 
  46 I _   0.006 0.041 0.000 0.010 0.003 0.008 0.235 0.697 
  47 R _   0.006 0.041 0.000 0.010 0.003 0.008 0.230 0.701 
  48 K _   0.006 0.042 0.000 0.010 0.003 0.008 0.226 0.705 
  49 E _   0.006 0.042 0.000 0.009 0.003 0.007 0.222 0.709 
  50 L _   0.005 0.043 0.000 0.009 0.003 0.007 0.218 0.714 
  51 K _   0.005 0.045 0.000 0.009 0.003 0.007 0.214 0.717 
  52 L _   0.005 0.047 0.000 0.009 0.003 0.007 0.209 0.720 
  53 K _   0.005 0.050 0.000 0.009 0.003 0.008 0.204 0.722 
  54 E _   0.005 0.053 0.000 0.010 0.003 0.008 0.199 0.722 
  55 G _   0.005 0.059 0.000 0.011 0.004 0.009 0.193 0.720 
  56 A _   0.005 0.065 0.001 0.013 0.004 0.009 0.188 0.715 
  57 E _   0.006 0.073 0.001 0.015 0.005 0.010 0.182 0.710 
  58 N _   0.006 0.080 0.001 0.017 0.005 0.011 0.177 0.704 
  59 L _   0.006 0.087 0.001 0.019 0.006 0.011 0.172 0.698 
  60 R _   0.006 0.092 0.001 0.020 0.006 0.011 0.168 0.695 
  61 R _   0.006 0.096 0.001 0.019 0.006 0.012 0.165 0.695 
  62 A _   0.006 0.098 0.001 0.018 0.006 0.012 0.162 0.697 
  63 T _   0.007 0.099 0.001 0.016 0.005 0.011 0.160 0.701 
  64 T _   0.007 0.099 0.001 0.014 0.005 0.011 0.158 0.706 
  65 D _   0.007 0.099 0.001 0.012 0.005 0.012 0.156 0.710 
  66 L _   0.008 0.099 0.001 0.010 0.005 0.012 0.154 0.711 
  67 G _   0.009 0.100 0.001 0.010 0.005 0.013 0.153 0.710 
  68 R _   0.010 0.103 0.001 0.010 0.005 0.015 0.151 0.705 
  69 S _   0.011 0.109 0.001 0.012 0.007 0.016 0.150 0.695 
  70 L _   0.012 0.116 0.001 0.015 0.008 0.018 0.148 0.682 
  71 G _   0.013 0.125 0.001 0.018 0.010 0.019 0.147 0.666 
  72 P _   0.014 0.135 0.001 0.022 0.011 0.021 0.145 0.651 
  73 V _   0.015 0.143 0.001 0.026 0.012 0.021 0.145 0.638 
  74 E _   0.015 0.148 0.001 0.028 0.012 0.021 0.144 0.630 
  75 L _   0.015 0.150 0.001 0.028 0.012 0.021 0.145 0.628 
  76 L _   0.015 0.148 0.001 0.027 0.011 0.020 0.145 0.632 
  77 L _   0.014 0.144 0.001 0.024 0.011 0.019 0.146 0.641 
  78 R _   0.014 0.136 0.001 0.021 0.010 0.018 0.148 0.652 
  79 G _   0.013 0.127 0.001 0.017 0.009 0.018 0.150 0.666 
  80 S _   0.012 0.118 0.001 0.014 0.007 0.017 0.152 0.678 
  81 S _   0.012 0.109 0.001 0.012 0.007 0.016 0.154 0.689 
  82 R _   0.012 0.102 0.001 0.011 0.006 0.016 0.156 0.695 
  83 R _   0.012 0.097 0.001 0.011 0.006 0.016 0.158 0.699 
  84 L _   0.012 0.094 0.001 0.011 0.006 0.016 0.161 0.700 
  85 D _   0.013 0.091 0.001 0.011 0.006 0.016 0.163 0.699 
  86 L _   0.013 0.090 0.001 0.012 0.006 0.016 0.165 0.698 
  87 L _   0.013 0.088 0.001 0.012 0.006 0.016 0.167 0.697 
  88 H _   0.013 0.086 0.001 0.013 0.007 0.016 0.169 0.695 
  89 Q _   0.013 0.085 0.001 0.013 0.007 0.016 0.171 0.694 
  90 Q _   0.014 0.083 0.001 0.014 0.007 0.017 0.173 0.691 
  91 L _   0.014 0.082 0.001 0.014 0.007 0.017 0.176 0.689 
  92 Q _   0.014 0.081 0.001 0.015 0.008 0.017 0.179 0.685 
  93 E _   0.015 0.080 0.001 0.017 0.008 0.017 0.182 0.680 
  94 L _   0.015 0.080 0.001 0.019 0.009 0.017 0.185 0.674 
  95 H _   0.016 0.079 0.001 0.021 0.009 0.017 0.189 0.669 
  96 A _   0.016 0.077 0.001 0.022 0.009 0.016 0.194 0.664 
  97 H _   0.016 0.074 0.001 0.023 0.008 0.016 0.199 0.662 
  98 V _   0.016 0.070 0.001 0.023 0.008 0.015 0.205 0.663 
  99 V _   0.015 0.064 0.001 0.022 0.007 0.013 0.212 0.667 
 100 L _   0.014 0.056 0.001 0.020 0.006 0.012 0.218 0.672 
 101 P _   0.013 0.047 0.001 0.017 0.005 0.011 0.225 0.681 
 102 D _   0.012 0.037 0.001 0.014 0.004 0.010 0.232 0.690 
 103 P _   0.011 0.028 0.000 0.011 0.003 0.008 0.238 0.699 
 104 A _   0.010 0.020 0.000 0.009 0.003 0.007 0.244 0.708 
 105 A _   0.008 0.014 0.000 0.006 0.002 0.006 0.248 0.715 
 106 T _   0.007 0.010 0.000 0.005 0.002 0.005 0.251 0.720 
 107 H _   0.006 0.008 0.000 0.004 0.001 0.004 0.252 0.724 
 108 D _   0.005 0.007 0.000 0.003 0.001 0.004 0.253 0.726 
 109 G _   0.004 0.007 0.000 0.003 0.001 0.004 0.252 0.728 
 110 P _   0.004 0.007 0.000 0.003 0.001 0.004 0.251 0.729 
 111 Q _   0.004 0.009 0.000 0.004 0.001 0.005 0.248 0.729 
 112 S _   0.004 0.011 0.000 0.005 0.002 0.005 0.244 0.728 
 113 P _   0.004 0.016 0.000 0.006 0.002 0.006 0.239 0.726 
 114 G _   0.004 0.023 0.000 0.009 0.002 0.007 0.233 0.721 
 115 A _   0.004 0.035 0.000 0.011 0.003 0.009 0.225 0.713 
 116 G _   0.004 0.050 0.001 0.014 0.004 0.010 0.216 0.701 
 117 G _   0.005 0.069 0.001 0.017 0.005 0.012 0.205 0.687 
 118 P _   0.005 0.092 0.001 0.019 0.006 0.014 0.195 0.669 
 119 T _   0.005 0.117 0.001 0.022 0.007 0.015 0.184 0.648 
 120 C _   0.006 0.145 0.001 0.025 0.009 0.017 0.173 0.625 
 121 S _   0.007 0.173 0.001 0.028 0.010 0.019 0.163 0.599 
 122 A _   0.007 0.202 0.001 0.031 0.012 0.021 0.154 0.572 
 123 T _   0.008 0.229 0.001 0.034 0.013 0.022 0.146 0.546 
 124 N _   0.009 0.252 0.001 0.038 0.014 0.023 0.140 0.524 
 125 L _   0.009 0.269 0.001 0.040 0.015 0.023 0.134 0.508 
 126 S _   0.010 0.280 0.001 0.042 0.015 0.023 0.130 0.499 
 127 R _   0.011 0.286 0.001 0.042 0.015 0.023 0.127 0.496 
 128 V _   0.011 0.287 0.001 0.040 0.014 0.022 0.124 0.499 
 129 A _   0.012 0.284 0.001 0.038 0.014 0.022 0.122 0.508 
 130 G _   0.012 0.276 0.001 0.034 0.013 0.021 0.121 0.522 
 131 L _   0.013 0.263 0.001 0.030 0.012 0.020 0.121 0.540 
 132 E _   0.013 0.247 0.001 0.026 0.011 0.019 0.121 0.563 
 133 K _   0.013 0.227 0.001 0.022 0.010 0.018 0.121 0.588 
 134 Q _   0.013 0.207 0.001 0.019 0.009 0.017 0.122 0.613 
 135 L _   0.013 0.189 0.001 0.016 0.007 0.016 0.123 0.634 
 136 A _   0.012 0.174 0.001 0.014 0.007 0.015 0.124 0.654 
 137 I _   0.012 0.161 0.001 0.012 0.006 0.014 0.125 0.670 
 138 E _   0.011 0.150 0.001 0.011 0.005 0.014 0.125 0.683 
 139 L _   0.011 0.143 0.001 0.010 0.005 0.013 0.125 0.693 
 140 K _   0.011 0.137 0.001 0.010 0.004 0.013 0.125 0.700 
 141 V _   0.010 0.133 0.001 0.010 0.004 0.013 0.125 0.704 
 142 K _   0.010 0.131 0.001 0.011 0.005 0.013 0.125 0.704 
 143 Q _   0.010 0.130 0.001 0.013 0.005 0.014 0.125 0.702 
 144 G _   0.010 0.131 0.001 0.016 0.006 0.014 0.125 0.698 
 145 A _   0.011 0.132 0.001 0.020 0.007 0.015 0.125 0.691 
 146 E _   0.011 0.132 0.001 0.024 0.008 0.015 0.125 0.684 
 147 N _   0.011 0.131 0.001 0.027 0.008 0.015 0.126 0.681 
 148 M _   0.011 0.127 0.001 0.028 0.008 0.014 0.127 0.683 
 149 I _   0.011 0.119 0.001 0.027 0.008 0.013 0.129 0.692 
 150 Q _   0.010 0.107 0.001 0.024 0.007 0.012 0.132 0.707 
 151 T _   0.009 0.090 0.001 0.020 0.006 0.011 0.134 0.729 
 152 Y _   0.008 0.070 0.001 0.015 0.005 0.010 0.137 0.755 
 153 S _   0.007 0.050 0.001 0.010 0.004 0.009 0.140 0.780 
 154 N _   0.007 0.036 0.000 0.007 0.003 0.008 0.141 0.798 
 155 G _   0.006 0.029 0.000 0.004 0.002 0.008 0.143 0.808 
 156 S _   0.006 0.025 0.000 0.003 0.002 0.008 0.143 0.812 
 157 T _   0.007 0.025 0.000 0.003 0.002 0.010 0.143 0.810 
 158 K _   0.008 0.027 0.000 0.005 0.003 0.013 0.142 0.801 
 159 D _   0.011 0.034 0.001 0.008 0.005 0.017 0.141 0.783 
 160 R _   0.014 0.052 0.001 0.015 0.009 0.021 0.139 0.749 
 161 K _   0.016 0.081 0.001 0.026 0.013 0.025 0.136 0.701 
 162 L _   0.017 0.116 0.002 0.039 0.017 0.028 0.133 0.648 
 163 L _   0.018 0.143 0.002 0.051 0.020 0.030 0.131 0.606 
 164 L _   0.018 0.160 0.002 0.060 0.021 0.030 0.130 0.580 
 165 T _   0.018 0.167 0.001 0.064 0.021 0.029 0.131 0.569 
 166 A _   0.017 0.168 0.001 0.063 0.020 0.028 0.132 0.571 
 167 Q _   0.016 0.163 0.001 0.056 0.018 0.025 0.134 0.586 
 168 Q _   0.016 0.149 0.001 0.046 0.015 0.022 0.137 0.613 
 169 M _   0.015 0.127 0.001 0.034 0.012 0.020 0.141 0.651 
 170 L _   0.014 0.099 0.001 0.022 0.009 0.017 0.146 0.692 
 171 Q _   0.013 0.073 0.001 0.013 0.006 0.016 0.150 0.728 
 172 D _   0.012 0.056 0.001 0.008 0.004 0.014 0.153 0.753 
 173 S _   0.012 0.047 0.000 0.005 0.003 0.014 0.155 0.764 
 174 K _   0.012 0.044 0.000 0.004 0.003 0.014 0.157 0.766 
 175 T _   0.013 0.046 0.000 0.004 0.003 0.016 0.158 0.760 
 176 K _   0.015 0.051 0.001 0.007 0.005 0.018 0.158 0.745 
 177 I _   0.017 0.067 0.001 0.011 0.008 0.021 0.158 0.717 
 178 D _   0.019 0.095 0.001 0.019 0.011 0.024 0.158 0.674 
 179 I _   0.019 0.132 0.001 0.028 0.014 0.025 0.157 0.623 
 180 I _   0.019 0.168 0.002 0.036 0.016 0.026 0.157 0.577 
 181 R _   0.018 0.194 0.001 0.043 0.017 0.026 0.157 0.543 
 182 M _   0.017 0.210 0.001 0.048 0.017 0.025 0.159 0.523 
 183 Q _   0.015 0.218 0.001 0.050 0.016 0.024 0.161 0.514 
 184 L _   0.014 0.221 0.001 0.049 0.015 0.022 0.165 0.513 
 185 R _   0.013 0.218 0.001 0.046 0.013 0.020 0.169 0.519 
 186 R _   0.012 0.210 0.001 0.042 0.012 0.018 0.175 0.530 
 187 A _   0.011 0.198 0.001 0.037 0.010 0.016 0.181 0.544 
 188 L _   0.011 0.182 0.001 0.033 0.009 0.015 0.189 0.562 
 189 Q _   0.010 0.162 0.001 0.028 0.007 0.013 0.198 0.581 
 190 A _   0.010 0.140 0.001 0.024 0.006 0.012 0.207 0.601 
 191 G _   0.009 0.117 0.001 0.020 0.005 0.011 0.216 0.621 
 192 Q _   0.009 0.094 0.001 0.017 0.004 0.010 0.225 0.640 
 193 L _   0.008 0.074 0.001 0.015 0.004 0.009 0.233 0.657 
 194 E _   0.008 0.056 0.000 0.012 0.003 0.008 0.240 0.673 
 195 N _   0.007 0.041 0.000 0.010 0.002 0.007 0.247 0.686 
 196 Q _   0.006 0.030 0.000 0.008 0.002 0.006 0.252 0.696 
 197 A _   0.006 0.022 0.000 0.006 0.002 0.005 0.255 0.703 
 198 A _   0.005 0.017 0.000 0.005 0.001 0.005 0.258 0.709 
 199 P _   0.004 0.014 0.000 0.004 0.001 0.004 0.259 0.713 
 200 D _   0.004 0.012 0.000 0.003 0.001 0.004 0.258 0.717 
 201 D _   0.004 0.012 0.000 0.003 0.001 0.004 0.257 0.719 
 202 T _   0.003 0.012 0.000 0.003 0.001 0.005 0.254 0.721 
 203 Q _   0.003 0.014 0.000 0.004 0.001 0.006 0.251 0.721 
 204 G _   0.004 0.018 0.000 0.005 0.002 0.007 0.245 0.719 
 205 S _   0.005 0.026 0.000 0.008 0.003 0.010 0.238 0.712 
 206 P _   0.006 0.041 0.001 0.012 0.004 0.013 0.228 0.695 
 207 D _   0.007 0.069 0.001 0.018 0.007 0.016 0.216 0.666 
 208 L _   0.008 0.111 0.001 0.027 0.010 0.020 0.200 0.623 
 209 G _   0.008 0.160 0.001 0.036 0.012 0.023 0.185 0.574 
 210 A _   0.008 0.205 0.002 0.044 0.014 0.025 0.171 0.531 
 211 V _   0.009 0.237 0.001 0.050 0.016 0.027 0.160 0.501 
 212 E _   0.009 0.258 0.001 0.053 0.016 0.028 0.151 0.484 
 213 L _   0.009 0.269 0.001 0.054 0.017 0.028 0.144 0.478 
 214 R _   0.010 0.273 0.001 0.051 0.017 0.028 0.139 0.482 
 215 I _   0.011 0.271 0.001 0.045 0.016 0.028 0.135 0.492 
 216 E _   0.011 0.264 0.001 0.039 0.015 0.028 0.132 0.509 
 217 E _   0.012 0.251 0.001 0.031 0.014 0.028 0.130 0.531 
 218 L _   0.014 0.236 0.001 0.025 0.013 0.028 0.128 0.555 
 219 R _   0.015 0.220 0.001 0.019 0.013 0.029 0.127 0.576 
 220 H _   0.017 0.207 0.001 0.016 0.012 0.029 0.126 0.592 
 221 H _   0.019 0.197 0.001 0.014 0.011 0.029 0.125 0.604 
 222 F _   0.021 0.190 0.001 0.013 0.011 0.030 0.124 0.610 
 223 R _   0.023 0.186 0.001 0.013 0.012 0.030 0.123 0.611 
 224 V _   0.025 0.184 0.001 0.014 0.012 0.030 0.122 0.610 
 225 E _   0.028 0.182 0.001 0.015 0.013 0.031 0.122 0.609 
 226 H _   0.030 0.180 0.001 0.016 0.013 0.030 0.121 0.609 
 227 A _   0.031 0.177 0.001 0.016 0.013 0.030 0.121 0.610 
 228 V _   0.032 0.174 0.001 0.016 0.014 0.030 0.122 0.612 
 229 A _   0.032 0.171 0.001 0.016 0.014 0.029 0.122 0.615 
 230 E _   0.032 0.168 0.001 0.016 0.014 0.029 0.123 0.618 
 231 G _   0.032 0.165 0.001 0.016 0.013 0.028 0.123 0.621 
 232 A _   0.032 0.163 0.001 0.017 0.013 0.027 0.124 0.622 
 233 K _   0.030 0.161 0.001 0.020 0.013 0.026 0.126 0.623 
 234 N _   0.029 0.158 0.001 0.022 0.013 0.025 0.128 0.623 
 235 V _   0.027 0.155 0.001 0.025 0.013 0.024 0.130 0.626 
 236 L _   0.025 0.149 0.001 0.027 0.012 0.022 0.133 0.632 
 237 R _   0.023 0.140 0.001 0.027 0.011 0.020 0.136 0.642 
 238 L _   0.020 0.127 0.001 0.026 0.010 0.018 0.140 0.658 
 239 L _   0.018 0.109 0.001 0.023 0.008 0.015 0.144 0.681 
 240 S _   0.015 0.087 0.001 0.019 0.007 0.013 0.149 0.709 
 241 A _   0.013 0.064 0.001 0.014 0.005 0.011 0.153 0.738 
 242 A _   0.011 0.045 0.001 0.010 0.004 0.009 0.157 0.764 
 243 K _   0.009 0.031 0.000 0.007 0.003 0.007 0.160 0.783 
 244 A _   0.007 0.022 0.000 0.005 0.002 0.006 0.162 0.795 
 245 P _   0.006 0.018 0.000 0.004 0.002 0.006 0.163 0.801 
 246 D _   0.006 0.017 0.000 0.003 0.001 0.006 0.164 0.804 
 247 R _   0.005 0.017 0.000 0.004 0.002 0.006 0.164 0.803 
 248 K _   0.005 0.018 0.000 0.006 0.002 0.007 0.163 0.799 
 249 A _   0.006 0.021 0.000 0.008 0.003 0.008 0.162 0.793 
 250 V _   0.006 0.025 0.000 0.011 0.003 0.008 0.160 0.785 
 251 S _   0.006 0.031 0.000 0.014 0.004 0.009 0.159 0.777 
 252 E _   0.006 0.036 0.001 0.017 0.004 0.010 0.157 0.770 
 253 A _   0.006 0.039 0.001 0.018 0.005 0.010 0.156 0.766 
 254 Q _   0.006 0.042 0.001 0.018 0.004 0.010 0.155 0.765 
 255 E _   0.006 0.043 0.000 0.016 0.004 0.009 0.155 0.767 
 256 K _   0.005 0.043 0.000 0.014 0.004 0.009 0.154 0.770 
 257 L _   0.005 0.043 0.000 0.011 0.003 0.008 0.154 0.774 
 258 T _   0.005 0.043 0.000 0.009 0.003 0.008 0.154 0.777 
 259 E _   0.005 0.044 0.000 0.008 0.003 0.008 0.153 0.778 
 260 S _   0.005 0.046 0.000 0.008 0.003 0.009 0.153 0.777 
 261 N _   0.006 0.049 0.000 0.008 0.003 0.010 0.152 0.771 
 262 Q _   0.007 0.055 0.000 0.010 0.004 0.011 0.151 0.761 
 263 K _   0.008 0.065 0.001 0.014 0.005 0.012 0.150 0.746 
 264 L _   0.008 0.078 0.001 0.018 0.006 0.014 0.148 0.727 
 265 G _   0.009 0.092 0.001 0.024 0.008 0.015 0.147 0.705 
 266 L _   0.009 0.105 0.001 0.030 0.009 0.016 0.145 0.686 
 267 L _   0.009 0.115 0.001 0.035 0.009 0.016 0.145 0.670 
 268 R _   0.009 0.121 0.001 0.038 0.010 0.016 0.145 0.660 
 269 E _   0.010 0.124 0.001 0.039 0.010 0.016 0.146 0.655 
 270 A _   0.010 0.124 0.001 0.039 0.010 0.015 0.147 0.654 
 271 L _   0.010 0.120 0.001 0.037 0.009 0.015 0.150 0.659 
 272 E _   0.010 0.113 0.001 0.033 0.008 0.014 0.153 0.668 
 273 R _   0.010 0.102 0.001 0.029 0.007 0.012 0.157 0.682 
 274 R _   0.010 0.087 0.001 0.024 0.006 0.011 0.162 0.699 
 275 L _   0.010 0.070 0.001 0.019 0.005 0.010 0.167 0.718 
 276 G _   0.009 0.053 0.001 0.014 0.004 0.009 0.172 0.739 
 277 E _   0.009 0.037 0.000 0.010 0.003 0.008 0.176 0.757 
 278 L _   0.007 0.026 0.000 0.007 0.002 0.006 0.179 0.772 
 279 P _   0.006 0.018 0.000 0.005 0.002 0.006 0.181 0.782 
 280 A _   0.005 0.014 0.000 0.003 0.001 0.005 0.182 0.789 
 281 D _   0.005 0.012 0.000 0.003 0.001 0.005 0.181 0.793 
 282 H _   0.004 0.012 0.000 0.003 0.001 0.006 0.180 0.794 
 283 P _   0.005 0.013 0.000 0.003 0.001 0.007 0.178 0.792 
 284 K _   0.006 0.018 0.000 0.005 0.002 0.010 0.175 0.785 
 285 G _   0.007 0.028 0.000 0.007 0.004 0.014 0.170 0.770 
 286 R _   0.010 0.050 0.001 0.012 0.006 0.019 0.163 0.740 
 287 L _   0.012 0.090 0.001 0.019 0.010 0.025 0.153 0.691 
 288 L _   0.014 0.146 0.002 0.026 0.014 0.029 0.142 0.628 
 289 R _   0.015 0.210 0.002 0.031 0.017 0.033 0.131 0.561 
 290 E _   0.016 0.270 0.002 0.035 0.020 0.036 0.120 0.501 
 291 E _   0.017 0.318 0.002 0.037 0.023 0.038 0.112 0.453 
 292 L _   0.019 0.354 0.002 0.038 0.025 0.040 0.105 0.418 
 293 A _   0.021 0.381 0.002 0.038 0.026 0.040 0.099 0.393 
 294 A E   0.023 0.399 0.002 0.038 0.028 0.041 0.095 0.374 
 295 A E   0.025 0.410 0.002 0.038 0.029 0.041 0.092 0.363 
 296 S E   0.028 0.415 0.002 0.038 0.029 0.040 0.090 0.358 
 297 S E   0.031 0.416 0.002 0.037 0.029 0.039 0.088 0.359 
 298 A E   0.032 0.411 0.002 0.036 0.028 0.037 0.088 0.366 
 299 A E   0.034 0.401 0.002 0.035 0.026 0.035 0.087 0.380 
 300 F _   0.035 0.384 0.002 0.033 0.024 0.033 0.088 0.401 
 301 S _   0.035 0.359 0.002 0.031 0.022 0.031 0.089 0.430 
 302 T _   0.035 0.327 0.002 0.028 0.020 0.029 0.091 0.468 
 303 R _   0.034 0.288 0.002 0.026 0.018 0.027 0.093 0.512 
 304 L _   0.033 0.247 0.002 0.024 0.016 0.026 0.095 0.558 
 305 A _   0.030 0.207 0.001 0.022 0.014 0.024 0.099 0.603 
 306 G _   0.028 0.171 0.001 0.020 0.012 0.022 0.102 0.645 
 307 P _   0.025 0.138 0.001 0.018 0.010 0.020 0.105 0.683 
 308 F _   0.022 0.111 0.001 0.016 0.008 0.018 0.108 0.717 
 309 P _   0.019 0.087 0.001 0.015 0.007 0.016 0.110 0.746 
 310 A _   0.016 0.067 0.001 0.012 0.006 0.014 0.113 0.771 
 311 T _   0.014 0.051 0.001 0.010 0.004 0.013 0.115 0.793 
 312 H _   0.011 0.039 0.000 0.008 0.004 0.011 0.116 0.810 
 313 Y _   0.009 0.031 0.000 0.007 0.003 0.010 0.117 0.822 
 314 S _   0.008 0.026 0.000 0.005 0.003 0.010 0.117 0.830 
 315 T _   0.007 0.023 0.000 0.005 0.002 0.010 0.117 0.834 
 316 L _   0.007 0.023 0.000 0.005 0.002 0.011 0.117 0.835 
 317 C _   0.008 0.024 0.000 0.005 0.003 0.013 0.116 0.832 
 318 K _   0.010 0.027 0.000 0.006 0.004 0.015 0.115 0.824 
 319 P _   0.012 0.033 0.001 0.008 0.005 0.019 0.113 0.810 
 320 A _   0.014 0.046 0.001 0.012 0.008 0.023 0.110 0.786 
 321 P _   0.018 0.067 0.001 0.016 0.012 0.028 0.107 0.751 
 322 L _   0.021 0.095 0.001 0.022 0.017 0.032 0.104 0.708 
 323 T _   0.024 0.127 0.002 0.028 0.022 0.036 0.101 0.661 
 324 G _   0.025 0.160 0.002 0.035 0.026 0.039 0.098 0.615 
 325 T _   0.027 0.189 0.002 0.040 0.029 0.041 0.096 0.577 
 326 L _   0.029 0.211 0.002 0.045 0.030 0.041 0.095 0.547 
 327 E _   0.029 0.226 0.002 0.048 0.030 0.041 0.094 0.530 
 328 V _   0.030 0.234 0.002 0.049 0.030 0.040 0.094 0.522 
 329 R _   0.030 0.237 0.002 0.048 0.028 0.037 0.095 0.524 
 330 V _   0.029 0.234 0.002 0.045 0.025 0.035 0.097 0.533 
 331 V _   0.028 0.228 0.002 0.041 0.022 0.032 0.099 0.549 
 332 G _   0.026 0.216 0.002 0.037 0.019 0.029 0.101 0.571 
 333 C _   0.024 0.200 0.001 0.032 0.016 0.026 0.104 0.597 
 334 R _   0.022 0.180 0.001 0.027 0.013 0.023 0.108 0.625 
 335 D _   0.020 0.159 0.001 0.023 0.011 0.021 0.112 0.653 
 336 L _   0.018 0.138 0.001 0.020 0.009 0.018 0.115 0.680 
 337 P _   0.016 0.120 0.001 0.017 0.007 0.016 0.119 0.704 
 338 E _   0.014 0.104 0.001 0.015 0.006 0.014 0.123 0.724 
 339 T _   0.012 0.091 0.001 0.013 0.005 0.013 0.126 0.740 
 340 I _   0.011 0.081 0.001 0.012 0.004 0.011 0.128 0.753 
 341 P _   0.009 0.073 0.000 0.011 0.004 0.010 0.130 0.763 
 342 W _   0.008 0.066 0.000 0.011 0.003 0.009 0.132 0.770 
 343 N _   0.008 0.061 0.000 0.010 0.003 0.009 0.134 0.775 
 344 P _   0.007 0.057 0.000 0.010 0.003 0.008 0.135 0.779 
 345 T _   0.007 0.054 0.000 0.010 0.003 0.008 0.136 0.782 
 346 P _   0.006 0.052 0.000 0.010 0.003 0.007 0.137 0.784 
 347 S _   0.006 0.049 0.000 0.010 0.003 0.007 0.138 0.787 
 348 M _   0.006 0.047 0.000 0.010 0.002 0.007 0.138 0.790 
 349 G _   0.005 0.045 0.000 0.009 0.002 0.006 0.138 0.793 
 350 G _   0.005 0.044 0.000 0.008 0.002 0.006 0.138 0.796 
 351 P _   0.005 0.043 0.000 0.007 0.002 0.006 0.137 0.799 
 352 G _   0.004 0.043 0.000 0.007 0.002 0.006 0.136 0.802 
 353 T _   0.004 0.044 0.000 0.006 0.002 0.006 0.134 0.804 
 354 P _   0.004 0.047 0.000 0.006 0.002 0.006 0.132 0.803 
 355 D _   0.004 0.052 0.000 0.007 0.002 0.007 0.128 0.800 
 356 S _   0.004 0.061 0.000 0.009 0.003 0.008 0.124 0.791 
 357 R _   0.005 0.077 0.000 0.012 0.004 0.010 0.119 0.774 
 358 P _   0.006 0.105 0.001 0.016 0.005 0.012 0.112 0.744 
 359 P _   0.006 0.147 0.001 0.022 0.007 0.014 0.103 0.700 
 360 F _   0.006 0.201 0.001 0.029 0.009 0.015 0.093 0.646 
 361 L _   0.006 0.258 0.001 0.034 0.010 0.015 0.085 0.591 
 362 S _   0.005 0.308 0.001 0.038 0.010 0.015 0.077 0.546 
 363 R _   0.005 0.345 0.001 0.040 0.010 0.014 0.071 0.513 
 364 P _   0.005 0.371 0.001 0.041 0.009 0.014 0.067 0.493 
 365 A _   0.005 0.386 0.001 0.041 0.009 0.013 0.064 0.482 
 366 R _   0.004 0.394 0.001 0.039 0.008 0.012 0.061 0.479 
 367 G _   0.004 0.397 0.001 0.036 0.008 0.012 0.060 0.482 
 368 L _   0.005 0.395 0.001 0.034 0.007 0.011 0.059 0.489 
 369 Y _   0.005 0.389 0.001 0.030 0.007 0.011 0.058 0.500 
 370 S _   0.005 0.378 0.001 0.027 0.006 0.010 0.058 0.514 
 371 R _   0.005 0.364 0.001 0.025 0.006 0.010 0.059 0.532 
 372 S _   0.005 0.347 0.001 0.022 0.005 0.009 0.059 0.552 
 373 G _   0.005 0.328 0.001 0.020 0.005 0.009 0.060 0.573 
 374 S _   0.005 0.309 0.001 0.018 0.005 0.009 0.060 0.594 
 375 L _   0.005 0.290 0.001 0.016 0.004 0.009 0.061 0.614 
 376 S _   0.005 0.273 0.001 0.015 0.004 0.008 0.062 0.633 
 377 G _   0.005 0.257 0.001 0.014 0.004 0.008 0.062 0.650 
 378 R _   0.005 0.243 0.000 0.013 0.003 0.008 0.062 0.665 
 379 S _   0.005 0.230 0.000 0.012 0.003 0.008 0.063 0.679 
 380 S _   0.005 0.220 0.000 0.011 0.003 0.008 0.063 0.690 
 381 L _   0.005 0.211 0.000 0.010 0.003 0.008 0.063 0.700 
 382 K _   0.005 0.204 0.000 0.010 0.003 0.008 0.063 0.708 
 383 A _   0.005 0.199 0.000 0.009 0.003 0.008 0.063 0.714 
 384 E _   0.005 0.195 0.000 0.009 0.003 0.008 0.062 0.718 
 385 A _   0.005 0.193 0.000 0.009 0.003 0.008 0.062 0.720 
 386 E _   0.005 0.194 0.000 0.009 0.003 0.009 0.061 0.719 
 387 N _   0.005 0.196 0.000 0.010 0.003 0.010 0.061 0.715 
 388 T _   0.006 0.199 0.000 0.011 0.004 0.011 0.060 0.708 
 389 S _   0.007 0.205 0.001 0.013 0.005 0.013 0.059 0.698 
 390 E _   0.008 0.212 0.001 0.015 0.006 0.014 0.058 0.687 
 391 V _   0.009 0.220 0.001 0.017 0.007 0.016 0.057 0.674 
 392 S _   0.010 0.227 0.001 0.019 0.008 0.017 0.057 0.661 
 393 T _   0.011 0.233 0.001 0.021 0.009 0.018 0.056 0.650 
 394 V _   0.012 0.238 0.001 0.023 0.010 0.019 0.056 0.642 
 395 L _   0.013 0.241 0.001 0.024 0.010 0.019 0.056 0.637 
 396 K _   0.013 0.242 0.001 0.024 0.011 0.020 0.056 0.634 
 397 L _   0.014 0.240 0.001 0.024 0.011 0.020 0.057 0.634 
 398 D _   0.014 0.238 0.001 0.025 0.011 0.020 0.057 0.635 
 399 N _   0.014 0.234 0.001 0.025 0.011 0.019 0.058 0.637 
 400 T _   0.014 0.228 0.001 0.026 0.011 0.019 0.059 0.642 
 401 V _   0.014 0.221 0.001 0.026 0.010 0.018 0.061 0.648 
 402 V _   0.014 0.211 0.001 0.026 0.010 0.017 0.063 0.658 
 403 G _   0.014 0.199 0.001 0.026 0.009 0.016 0.065 0.671 
 404 Q _   0.013 0.183 0.001 0.025 0.009 0.015 0.067 0.687 
 405 T _   0.012 0.163 0.001 0.023 0.008 0.014 0.069 0.710 
 406 S _   0.011 0.139 0.001 0.020 0.007 0.013 0.072 0.737 
 407 W _   0.010 0.115 0.001 0.017 0.006 0.011 0.075 0.766 
 408 K _   0.009 0.092 0.001 0.013 0.005 0.010 0.077 0.793 
 409 P _   0.008 0.073 0.001 0.010 0.004 0.009 0.079 0.817 
 410 C _   0.007 0.060 0.000 0.007 0.003 0.008 0.080 0.834 
 411 G _   0.006 0.052 0.000 0.006 0.002 0.007 0.081 0.845 
 412 P _   0.006 0.048 0.000 0.005 0.002 0.007 0.082 0.850 
 413 N _   0.005 0.047 0.000 0.005 0.002 0.007 0.082 0.852 
 414 A _   0.006 0.048 0.000 0.005 0.002 0.008 0.081 0.850 
 415 W _   0.006 0.051 0.000 0.007 0.003 0.009 0.081 0.844 
 416 D _   0.006 0.057 0.000 0.009 0.003 0.010 0.079 0.834 
 417 Q _   0.007 0.067 0.001 0.012 0.004 0.012 0.078 0.820 
 418 S _   0.007 0.079 0.001 0.015 0.005 0.013 0.076 0.803 
 419 F _   0.008 0.092 0.001 0.018 0.006 0.014 0.075 0.786 
 420 T _   0.008 0.104 0.001 0.021 0.007 0.015 0.073 0.772 
 421 L _   0.008 0.114 0.001 0.022 0.007 0.016 0.072 0.760 
 422 E _   0.008 0.121 0.001 0.022 0.008 0.016 0.071 0.752 
 423 L _   0.009 0.127 0.001 0.022 0.008 0.017 0.070 0.747 
 424 E _   0.009 0.131 0.001 0.021 0.008 0.017 0.069 0.744 
 425 R _   0.010 0.134 0.001 0.020 0.008 0.018 0.069 0.741 
 426 A _   0.010 0.137 0.001 0.020 0.009 0.018 0.068 0.737 
 427 R _   0.012 0.139 0.001 0.020 0.009 0.019 0.068 0.733 
 428 E _   0.013 0.140 0.001 0.020 0.010 0.019 0.069 0.729 
 429 L _   0.014 0.141 0.001 0.021 0.010 0.020 0.069 0.725 
 430 E _   0.015 0.141 0.001 0.021 0.010 0.019 0.070 0.723 
 431 L _   0.015 0.140 0.001 0.021 0.010 0.019 0.071 0.723 
 432 A _   0.016 0.136 0.001 0.020 0.009 0.019 0.072 0.727 
 433 V _   0.015 0.132 0.001 0.018 0.009 0.018 0.074 0.734 
 434 F _   0.015 0.125 0.001 0.015 0.008 0.017 0.075 0.744 
 435 W _   0.015 0.118 0.001 0.013 0.007 0.016 0.077 0.753 
 436 R _   0.015 0.112 0.001 0.011 0.006 0.016 0.078 0.762 
 437 D _   0.015 0.107 0.001 0.009 0.006 0.016 0.080 0.767 
 438 Q _   0.014 0.105 0.001 0.009 0.006 0.016 0.081 0.768 
 439 R _   0.015 0.105 0.001 0.010 0.006 0.017 0.082 0.765 
 440 G _   0.015 0.107 0.001 0.012 0.007 0.017 0.083 0.757 
 441 L _   0.015 0.112 0.001 0.016 0.008 0.018 0.084 0.746 
 442 C _   0.016 0.117 0.001 0.021 0.009 0.018 0.086 0.733 
 443 A _   0.015 0.122 0.001 0.026 0.010 0.019 0.087 0.720 
 444 L _   0.015 0.125 0.001 0.030 0.010 0.018 0.089 0.712 
 445 K _   0.014 0.125 0.001 0.033 0.010 0.017 0.091 0.709 
 446 F _   0.013 0.121 0.001 0.033 0.010 0.016 0.094 0.712 
 447 L _   0.012 0.114 0.001 0.031 0.009 0.015 0.097 0.721 
 448 K _   0.011 0.102 0.001 0.027 0.008 0.013 0.101 0.737 
 449 L _   0.010 0.086 0.001 0.022 0.006 0.011 0.106 0.758 
 450 E _   0.010 0.067 0.001 0.017 0.005 0.010 0.110 0.781 
 451 D _   0.009 0.048 0.001 0.013 0.004 0.009 0.115 0.802 
 452 F _   0.008 0.034 0.000 0.009 0.003 0.007 0.119 0.819 
 453 L _   0.007 0.024 0.000 0.007 0.002 0.007 0.122 0.831 
 454 D _   0.006 0.017 0.000 0.006 0.002 0.006 0.124 0.838 
 455 N _   0.006 0.014 0.000 0.005 0.002 0.006 0.126 0.842 
 456 E _   0.005 0.012 0.000 0.005 0.002 0.006 0.127 0.843 
 457 R _   0.005 0.010 0.000 0.005 0.002 0.006 0.128 0.844 
 458 H _   0.005 0.010 0.000 0.005 0.002 0.006 0.128 0.844 
 459 E _   0.005 0.010 0.000 0.006 0.002 0.006 0.127 0.843 
 460 V _   0.005 0.011 0.000 0.006 0.002 0.007 0.126 0.843 
 461 Q _   0.005 0.013 0.000 0.006 0.002 0.008 0.125 0.841 
 462 L _   0.005 0.015 0.000 0.007 0.002 0.009 0.122 0.839 
 463 D _   0.006 0.018 0.000 0.007 0.003 0.011 0.120 0.835 
 464 M _   0.007 0.023 0.000 0.009 0.004 0.013 0.117 0.827 
 465 E _   0.008 0.031 0.001 0.010 0.005 0.016 0.114 0.815 
 466 P _   0.011 0.042 0.001 0.013 0.007 0.020 0.110 0.795 
 467 Q _   0.013 0.059 0.001 0.018 0.011 0.025 0.106 0.767 
 468 G _   0.016 0.081 0.001 0.024 0.015 0.030 0.102 0.731 
 469 C _   0.020 0.107 0.002 0.031 0.019 0.033 0.097 0.691 
 470 L _   0.022 0.131 0.002 0.038 0.022 0.036 0.094 0.655 
 471 V _   0.025 0.148 0.002 0.044 0.025 0.038 0.091 0.628 
 472 A _   0.027 0.159 0.002 0.047 0.026 0.038 0.089 0.613 
 473 E _   0.028 0.165 0.002 0.047 0.026 0.038 0.088 0.608 
 474 V _   0.028 0.165 0.002 0.044 0.025 0.036 0.087 0.613 
 475 T _   0.028 0.160 0.002 0.039 0.023 0.035 0.087 0.627 
 476 F _   0.028 0.151 0.002 0.033 0.020 0.032 0.087 0.647 
 477 R _   0.027 0.139 0.001 0.027 0.018 0.030 0.088 0.670 
 478 N _   0.026 0.126 0.001 0.022 0.015 0.028 0.089 0.693 
 479 P _   0.024 0.113 0.001 0.019 0.013 0.026 0.090 0.714 
 480 V _   0.023 0.102 0.001 0.016 0.011 0.024 0.092 0.731 
 481 I _   0.022 0.093 0.001 0.015 0.009 0.023 0.093 0.744 
 482 E _   0.021 0.085 0.001 0.015 0.009 0.021 0.094 0.754 
 483 R _   0.020 0.079 0.001 0.015 0.008 0.020 0.096 0.762 
 484 I _   0.018 0.073 0.001 0.015 0.008 0.018 0.097 0.770 
 485 P _   0.017 0.067 0.001 0.015 0.007 0.017 0.098 0.778 
 486 R _   0.015 0.061 0.001 0.015 0.007 0.015 0.100 0.787 
 487 L _   0.013 0.054 0.001 0.015 0.006 0.014 0.101 0.796 
 488 R _   0.012 0.047 0.001 0.014 0.006 0.013 0.102 0.805 
 489 R _   0.011 0.040 0.001 0.012 0.005 0.012 0.104 0.815 
 490 Q _   0.010 0.033 0.001 0.011 0.004 0.011 0.106 0.825 
 491 K _   0.009 0.027 0.000 0.009 0.004 0.010 0.107 0.833 
 492 K _   0.008 0.022 0.000 0.008 0.003 0.009 0.108 0.840 
 493 I _   0.007 0.019 0.000 0.008 0.003 0.009 0.109 0.845 
 494 F _   0.007 0.016 0.000 0.007 0.003 0.008 0.110 0.848 
 495 S _   0.007 0.014 0.000 0.007 0.003 0.009 0.110 0.850 
 496 K _   0.007 0.013 0.000 0.008 0.003 0.009 0.111 0.850 
 497 Q _   0.007 0.012 0.000 0.009 0.003 0.010 0.111 0.848 
 498 Q _   0.007 0.011 0.000 0.010 0.004 0.010 0.112 0.846 
 499 G _   0.007 0.011 0.000 0.011 0.004 0.011 0.112 0.843 
 500 K _   0.008 0.010 0.001 0.012 0.005 0.012 0.112 0.840 
 501 A _   0.008 0.010 0.001 0.013 0.005 0.013 0.112 0.838 
 502 F _   0.009 0.009 0.001 0.012 0.005 0.014 0.113 0.836 
 503 Q _   0.011 0.008 0.001 0.012 0.005 0.015 0.113 0.835 
 504 R _   0.013 0.006 0.001 0.010 0.005 0.017 0.114 0.834 
 505 A _   0.016 0.005 0.001 0.009 0.006 0.019 0.115 0.831 
 506 R _   0.020 0.004 0.001 0.007 0.006 0.021 0.115 0.826 
 507 Q _   0.027 0.003 0.001 0.006 0.007 0.024 0.116 0.816 
 508 M _   0.036 0.003 0.001 0.006 0.008 0.028 0.117 0.801 
 509 N _   0.049 0.003 0.001 0.006 0.011 0.033 0.118 0.780 
 510 I _   0.064 0.004 0.001 0.007 0.014 0.039 0.119 0.752 
 511 D _   0.080 0.005 0.001 0.009 0.020 0.045 0.120 0.720 
 512 V _   0.096 0.008 0.002 0.012 0.026 0.051 0.121 0.684 
 513 A _   0.110 0.012 0.002 0.016 0.032 0.055 0.124 0.649 
 514 T _   0.120 0.016 0.002 0.020 0.037 0.057 0.126 0.621 
 515 W _   0.125 0.020 0.002 0.024 0.039 0.058 0.130 0.602 
 516 V _   0.125 0.023 0.002 0.027 0.040 0.056 0.134 0.593 
 517 R _   0.121 0.024 0.002 0.028 0.038 0.054 0.139 0.595 
 518 L _   0.112 0.024 0.002 0.027 0.034 0.050 0.145 0.606 
 519 L _   0.102 0.023 0.002 0.024 0.029 0.045 0.152 0.624 
 520 R _   0.089 0.021 0.002 0.020 0.024 0.040 0.159 0.645 
 521 R _   0.075 0.019 0.001 0.017 0.019 0.035 0.166 0.668 
 522 L _   0.061 0.017 0.001 0.015 0.014 0.030 0.173 0.688 
 523 I _   0.049 0.015 0.001 0.013 0.011 0.026 0.180 0.705 
 524 P _   0.040 0.014 0.001 0.012 0.009 0.022 0.187 0.716 
 525 N _   0.032 0.014 0.001 0.012 0.007 0.019 0.193 0.722 
 526 A _   0.025 0.014 0.001 0.013 0.006 0.017 0.198 0.726 
 527 T _   0.020 0.014 0.001 0.013 0.006 0.015 0.204 0.728 
 528 G _   0.017 0.014 0.001 0.013 0.005 0.013 0.209 0.729 
 529 T _   0.013 0.014 0.001 0.012 0.004 0.011 0.214 0.730 
 530 G _   0.011 0.013 0.001 0.012 0.004 0.010 0.219 0.731 
 531 T _   0.009 0.013 0.000 0.010 0.003 0.008 0.223 0.733 
 532 F _   0.007 0.013 0.000 0.008 0.003 0.007 0.227 0.735 
 533 S _   0.006 0.013 0.000 0.007 0.002 0.006 0.230 0.736 
 534 P _   0.005 0.013 0.000 0.006 0.002 0.006 0.232 0.736 
 535 G _   0.004 0.014 0.000 0.005 0.002 0.005 0.234 0.736 
 536 A _   0.004 0.016 0.000 0.005 0.002 0.005 0.235 0.733 
 537 S _   0.004 0.019 0.000 0.006 0.002 0.006 0.235 0.728 
 538 P _   0.004 0.025 0.000 0.007 0.002 0.006 0.235 0.720 
 539 G _   0.004 0.034 0.000 0.010 0.003 0.007 0.235 0.707 
 540 S _   0.004 0.048 0.000 0.013 0.004 0.008 0.234 0.690 
 541 E _   0.004 0.065 0.001 0.016 0.004 0.010 0.232 0.668 
 542 A _   0.005 0.086 0.001 0.019 0.005 0.011 0.231 0.643 
 543 R _   0.005 0.107 0.001 0.023 0.006 0.011 0.230 0.618 
 544 T _   0.005 0.127 0.001 0.026 0.006 0.012 0.229 0.594 
 545 T _   0.005 0.146 0.001 0.029 0.007 0.013 0.228 0.572 
 546 G _   0.005 0.162 0.001 0.032 0.008 0.013 0.229 0.550 
 547 D _   0.005 0.177 0.001 0.036 0.008 0.014 0.229 0.530 
 548 I _   0.005 0.188 0.001 0.039 0.009 0.015 0.231 0.511 
 549 S _   0.006 0.197 0.001 0.042 0.009 0.015 0.234 0.496 
 550 V _   0.006 0.201 0.001 0.044 0.010 0.015 0.238 0.484 
 551 E _   0.007 0.203 0.001 0.045 0.010 0.015 0.244 0.476 
 552 K _   0.007 0.201 0.001 0.045 0.010 0.015 0.251 0.472 
 553 L _   0.007 0.194 0.001 0.043 0.009 0.014 0.259 0.473 
 554 N _   0.007 0.184 0.001 0.039 0.008 0.013 0.269 0.479 
 555 L _   0.007 0.167 0.001 0.035 0.008 0.012 0.281 0.489 
 556 G _   0.007 0.146 0.001 0.030 0.007 0.011 0.295 0.502 
 557 T _   0.007 0.122 0.001 0.025 0.006 0.011 0.311 0.518 
 558 D _   0.007 0.096 0.001 0.020 0.005 0.010 0.327 0.534 
 559 S _   0.007 0.072 0.001 0.016 0.004 0.009 0.343 0.548 
 560 D _   0.006 0.053 0.000 0.013 0.003 0.008 0.357 0.559 
 561 S _   0.006 0.038 0.000 0.010 0.003 0.007 0.368 0.567 
 562 S _   0.005 0.028 0.000 0.009 0.002 0.007 0.378 0.571 
 563 P _   0.005 0.021 0.000 0.007 0.002 0.006 0.386 0.573 
 564 Q _   0.005 0.016 0.000 0.007 0.002 0.006 0.392 0.574 
 565 K _   0.004 0.012 0.000 0.006 0.001 0.005 0.396 0.574 
 566 S _   0.004 0.010 0.000 0.006 0.001 0.005 0.400 0.574 
 567 S _   0.004 0.008 0.000 0.006 0.001 0.005 0.403 0.574 
 568 R _   0.003 0.006 0.000 0.005 0.001 0.004 0.404 0.575 
 569 D _   0.003 0.006 0.000 0.005 0.001 0.004 0.405 0.576 
 570 P _   0.003 0.005 0.000 0.005 0.001 0.004 0.405 0.577 
 571 P _   0.003 0.005 0.000 0.005 0.001 0.004 0.404 0.579 
 572 S _   0.003 0.005 0.000 0.005 0.001 0.004 0.402 0.580 
 573 S _   0.003 0.005 0.000 0.005 0.001 0.004 0.399 0.582 
 574 P _   0.003 0.005 0.000 0.006 0.001 0.005 0.396 0.584 
 575 S _   0.003 0.006 0.000 0.007 0.002 0.005 0.392 0.585 
 576 S _   0.003 0.007 0.000 0.009 0.002 0.006 0.387 0.585 
 577 L _   0.003 0.009 0.000 0.011 0.002 0.007 0.383 0.584 
 578 S _   0.003 0.011 0.000 0.014 0.003 0.008 0.377 0.584 
 579 S _   0.004 0.013 0.000 0.017 0.003 0.008 0.372 0.583 
 580 P _   0.004 0.014 0.000 0.019 0.004 0.009 0.367 0.582 
 581 I _   0.004 0.016 0.000 0.021 0.004 0.009 0.363 0.584 
 582 Q _   0.004 0.016 0.000 0.021 0.004 0.009 0.359 0.586 
 583 E _   0.004 0.016 0.000 0.020 0.004 0.008 0.356 0.591 
 584 S _   0.004 0.015 0.000 0.018 0.004 0.008 0.354 0.596 
 585 T _   0.004 0.014 0.000 0.016 0.003 0.007 0.352 0.603 
 586 A _   0.004 0.012 0.000 0.013 0.003 0.007 0.350 0.611 
 587 P _   0.004 0.010 0.000 0.011 0.002 0.006 0.348 0.618 
 588 E _   0.004 0.008 0.000 0.008 0.002 0.006 0.346 0.625 
 589 L _   0.004 0.007 0.000 0.007 0.002 0.005 0.343 0.632 
 590 P _   0.004 0.006 0.000 0.006 0.002 0.005 0.340 0.637 
 591 S _   0.004 0.005 0.000 0.005 0.002 0.005 0.336 0.643 
 592 E _   0.004 0.005 0.000 0.005 0.002 0.005 0.332 0.647 
 593 T _   0.004 0.005 0.000 0.005 0.002 0.005 0.326 0.652 
 594 Q _   0.004 0.005 0.000 0.006 0.002 0.006 0.320 0.656 
 595 E _   0.004 0.006 0.000 0.007 0.002 0.006 0.314 0.661 
 596 T _   0.004 0.007 0.000 0.009 0.002 0.007 0.306 0.665 
 597 P _   0.004 0.009 0.000 0.010 0.003 0.007 0.298 0.669 
 598 G _   0.004 0.010 0.000 0.012 0.003 0.008 0.290 0.673 
 599 P _   0.004 0.011 0.000 0.013 0.003 0.008 0.281 0.677 
 600 A _   0.004 0.013 0.000 0.015 0.004 0.009 0.273 0.682 
 601 L _   0.005 0.014 0.000 0.015 0.004 0.009 0.265 0.688 
 602 C _   0.004 0.015 0.000 0.016 0.004 0.009 0.257 0.694 
 603 S _   0.004 0.015 0.000 0.015 0.004 0.009 0.250 0.702 
 604 P _   0.004 0.015 0.000 0.014 0.004 0.009 0.243 0.709 
 605 L _   0.004 0.015 0.000 0.013 0.004 0.009 0.237 0.717 
 606 R _   0.005 0.015 0.000 0.012 0.004 0.010 0.230 0.725 
 607 K _   0.005 0.015 0.000 0.010 0.003 0.010 0.224 0.732 
 608 S _   0.005 0.015 0.000 0.009 0.003 0.011 0.218 0.738 
 609 P _   0.006 0.015 0.000 0.009 0.003 0.012 0.211 0.743 
 610 L _   0.007 0.016 0.000 0.008 0.004 0.014 0.204 0.747 
 611 T _   0.008 0.017 0.001 0.009 0.005 0.016 0.197 0.748 
 612 L _   0.011 0.020 0.001 0.010 0.006 0.020 0.189 0.745 
 613 E _   0.014 0.024 0.001 0.012 0.008 0.024 0.180 0.738 
 614 D _   0.018 0.029 0.001 0.014 0.011 0.028 0.172 0.727 
 615 F _   0.022 0.036 0.001 0.018 0.015 0.033 0.163 0.711 
 616 K _   0.027 0.044 0.001 0.022 0.019 0.038 0.155 0.694 
 617 F _   0.033 0.052 0.002 0.027 0.023 0.041 0.147 0.677 
 618 L _   0.038 0.059 0.002 0.030 0.026 0.043 0.140 0.663 
 619 A _   0.042 0.064 0.002 0.033 0.027 0.045 0.134 0.654 
 620 V _   0.045 0.066 0.002 0.034 0.028 0.045 0.129 0.652 
 621 L _   0.047 0.067 0.002 0.033 0.027 0.044 0.125 0.656 
 622 G _   0.048 0.066 0.002 0.031 0.026 0.042 0.121 0.666 
 623 R _   0.048 0.062 0.002 0.028 0.023 0.039 0.118 0.680 
 624 G _   0.047 0.057 0.001 0.025 0.021 0.037 0.115 0.697 
 625 H _   0.044 0.051 0.001 0.022 0.018 0.034 0.113 0.717 
 626 F _   0.040 0.044 0.001 0.019 0.015 0.031 0.112 0.738 
 627 G _   0.036 0.036 0.001 0.017 0.013 0.027 0.110 0.759 
 628 K _   0.032 0.030 0.001 0.014 0.010 0.025 0.109 0.779 
 629 V _   0.028 0.024 0.001 0.012 0.008 0.022 0.107 0.797 
 630 L _   0.025 0.019 0.001 0.010 0.007 0.019 0.106 0.813 
 631 L _   0.021 0.015 0.001 0.008 0.006 0.017 0.104 0.828 
 632 S _   0.019 0.012 0.001 0.007 0.005 0.015 0.102 0.839 
 633 E _   0.016 0.010 0.001 0.006 0.004 0.014 0.100 0.848 
 634 F _   0.015 0.009 0.000 0.006 0.004 0.014 0.098 0.854 
 635 R _   0.014 0.009 0.001 0.007 0.004 0.014 0.095 0.856 
 636 P _   0.013 0.010 0.001 0.008 0.005 0.014 0.093 0.856 
 637 S _   0.013 0.011 0.001 0.010 0.006 0.015 0.090 0.853 
 638 G _   0.014 0.013 0.001 0.014 0.007 0.016 0.088 0.848 
 639 E _   0.014 0.015 0.001 0.018 0.008 0.016 0.085 0.843 
 640 L _   0.014 0.017 0.001 0.021 0.009 0.017 0.082 0.839 
 641 F _   0.014 0.018 0.001 0.023 0.009 0.016 0.080 0.838 
 642 A _   0.014 0.018 0.001 0.024 0.009 0.016 0.078 0.841 
 643 I _   0.013 0.017 0.001 0.022 0.008 0.015 0.077 0.848 
 644 K _   0.012 0.015 0.001 0.019 0.007 0.013 0.075 0.858 
 645 A _   0.011 0.012 0.001 0.015 0.006 0.012 0.074 0.870 
 646 L _   0.010 0.009 0.001 0.011 0.005 0.011 0.072 0.882 
 647 K _   0.010 0.006 0.000 0.008 0.004 0.010 0.071 0.891 
 648 K _   0.009 0.004 0.000 0.006 0.003 0.010 0.070 0.898 
 649 G _   0.009 0.002 0.000 0.005 0.003 0.010 0.068 0.902 
 650 D _   0.009 0.002 0.000 0.005 0.003 0.010 0.067 0.904 
 651 I _   0.010 0.001 0.000 0.005 0.003 0.011 0.065 0.904 
 652 V _   0.012 0.001 0.000 0.005 0.003 0.013 0.063 0.902 
 653 A _   0.015 0.001 0.000 0.006 0.004 0.015 0.061 0.898 
 654 R _   0.018 0.001 0.001 0.007 0.005 0.017 0.058 0.892 
 655 D _   0.023 0.001 0.001 0.008 0.006 0.020 0.055 0.886 
 656 E _   0.030 0.001 0.001 0.008 0.007 0.024 0.053 0.877 
 657 V _   0.040 0.001 0.001 0.008 0.008 0.027 0.050 0.866 
 658 E _   0.052 0.001 0.001 0.008 0.010 0.031 0.047 0.851 
 659 S _   0.069 0.001 0.001 0.007 0.012 0.036 0.043 0.832 
 660 L _   0.090 0.001 0.001 0.007 0.014 0.040 0.040 0.807 
 661 M _   0.113 0.000 0.001 0.006 0.017 0.045 0.037 0.779 
 662 C _   0.140 0.000 0.001 0.006 0.021 0.049 0.034 0.748 
 663 E _   0.168 0.001 0.002 0.007 0.026 0.053 0.032 0.713 
