#TopoPred_TM8: 8-state transmembrane topology prediction results by no_profile mode 
#probabilities are in the order of H E C I L F X _, the 8 transmembrane topology types used in PDBTM 
   1 M X   0.015 0.001 0.002 0.045 0.009 0.013 0.620 0.294 
   2 D X   0.005 0.001 0.000 0.028 0.002 0.008 0.634 0.322 
   3 D X   0.002 0.001 0.000 0.019 0.001 0.007 0.634 0.334 
   4 Y X   0.003 0.002 0.000 0.017 0.001 0.010 0.628 0.338 
   5 M X   0.006 0.005 0.000 0.019 0.003 0.015 0.615 0.336 
   6 V X   0.010 0.011 0.001 0.023 0.006 0.022 0.595 0.332 
   7 L X   0.013 0.021 0.001 0.028 0.008 0.028 0.573 0.327 
   8 R X   0.016 0.034 0.001 0.033 0.011 0.031 0.548 0.325 
   9 M X   0.018 0.047 0.001 0.037 0.013 0.033 0.524 0.328 
  10 I X   0.018 0.057 0.001 0.038 0.015 0.033 0.501 0.335 
  11 G X   0.018 0.065 0.001 0.037 0.016 0.033 0.481 0.348 
  12 E X   0.018 0.070 0.001 0.035 0.017 0.033 0.464 0.361 
  13 G X   0.019 0.074 0.001 0.032 0.017 0.032 0.449 0.375 
  14 S X   0.019 0.076 0.001 0.030 0.017 0.032 0.437 0.388 
  15 F X   0.020 0.077 0.001 0.029 0.017 0.030 0.426 0.399 
  16 G X   0.020 0.078 0.001 0.029 0.016 0.029 0.417 0.411 
  17 R _   0.019 0.077 0.001 0.028 0.014 0.027 0.409 0.425 
  18 A _   0.018 0.075 0.001 0.027 0.012 0.024 0.403 0.440 
  19 L _   0.017 0.071 0.001 0.024 0.011 0.022 0.396 0.458 
  20 L _   0.015 0.065 0.001 0.020 0.009 0.019 0.391 0.480 
  21 V _   0.013 0.058 0.001 0.015 0.007 0.016 0.385 0.504 
  22 Q _   0.011 0.051 0.001 0.011 0.005 0.014 0.380 0.526 
  23 H _   0.010 0.045 0.001 0.008 0.004 0.013 0.374 0.545 
  24 E _   0.009 0.041 0.000 0.006 0.003 0.012 0.369 0.559 
  25 S _   0.008 0.039 0.000 0.006 0.003 0.012 0.363 0.568 
  26 S _   0.008 0.040 0.000 0.006 0.003 0.012 0.356 0.573 
  27 N _   0.009 0.042 0.000 0.008 0.004 0.013 0.349 0.574 
  28 Q _   0.010 0.047 0.001 0.012 0.006 0.015 0.341 0.570 
  29 M _   0.011 0.055 0.001 0.017 0.007 0.016 0.332 0.561 
  30 F _   0.012 0.064 0.001 0.024 0.009 0.017 0.323 0.550 
  31 A _   0.012 0.073 0.001 0.030 0.011 0.018 0.315 0.540 
  32 M _   0.012 0.079 0.001 0.036 0.012 0.018 0.308 0.535 
  33 K _   0.012 0.082 0.001 0.039 0.012 0.018 0.302 0.535 
  34 E _   0.012 0.082 0.001 0.039 0.011 0.017 0.298 0.540 
  35 I _   0.011 0.080 0.001 0.037 0.010 0.016 0.295 0.551 
  36 R _   0.011 0.074 0.001 0.032 0.009 0.014 0.293 0.566 
  37 L _   0.010 0.065 0.001 0.026 0.007 0.012 0.292 0.587 
  38 P _   0.010 0.052 0.001 0.020 0.006 0.011 0.291 0.610 
  39 K _   0.009 0.039 0.001 0.015 0.004 0.009 0.290 0.634 
  40 S _   0.007 0.027 0.000 0.010 0.003 0.008 0.289 0.655 
  41 F _   0.006 0.018 0.000 0.007 0.002 0.006 0.288 0.673 
  42 S _   0.005 0.012 0.000 0.004 0.002 0.005 0.285 0.686 
  43 N _   0.005 0.010 0.000 0.003 0.001 0.005 0.281 0.695 
  44 T _   0.004 0.009 0.000 0.003 0.001 0.005 0.277 0.701 
  45 Q _   0.004 0.009 0.000 0.003 0.001 0.006 0.271 0.705 
  46 N _   0.005 0.010 0.000 0.004 0.002 0.007 0.264 0.707 
  47 S _   0.005 0.014 0.000 0.007 0.003 0.009 0.256 0.705 
  48 R _   0.006 0.022 0.001 0.012 0.005 0.012 0.246 0.696 
  49 K _   0.008 0.036 0.001 0.020 0.007 0.015 0.233 0.682 
  50 E _   0.008 0.052 0.001 0.029 0.009 0.017 0.220 0.664 
  51 A _   0.009 0.066 0.001 0.037 0.011 0.018 0.208 0.650 
  52 V _   0.009 0.076 0.001 0.043 0.012 0.019 0.197 0.642 
  53 L _   0.009 0.082 0.001 0.045 0.012 0.019 0.189 0.641 
  54 L _   0.010 0.085 0.001 0.044 0.012 0.019 0.182 0.648 
  55 A _   0.010 0.084 0.001 0.040 0.012 0.018 0.176 0.660 
  56 K _   0.010 0.080 0.001 0.034 0.010 0.017 0.171 0.677 
  57 M _   0.009 0.073 0.001 0.027 0.009 0.016 0.168 0.696 
  58 K _   0.009 0.065 0.001 0.021 0.008 0.015 0.165 0.715 
  59 H _   0.009 0.058 0.001 0.017 0.006 0.015 0.162 0.733 
  60 P _   0.009 0.051 0.001 0.014 0.006 0.014 0.160 0.746 
  61 N _   0.010 0.047 0.001 0.012 0.005 0.014 0.157 0.755 
  62 I _   0.010 0.043 0.001 0.011 0.005 0.014 0.155 0.762 
  63 V _   0.010 0.041 0.001 0.011 0.005 0.014 0.152 0.767 
  64 A _   0.010 0.039 0.001 0.011 0.005 0.014 0.149 0.771 
  65 F _   0.010 0.037 0.001 0.011 0.005 0.014 0.146 0.775 
  66 K _   0.011 0.036 0.001 0.011 0.005 0.015 0.143 0.779 
  67 E _   0.011 0.035 0.001 0.010 0.005 0.016 0.140 0.784 
  68 S _   0.011 0.034 0.001 0.009 0.005 0.017 0.136 0.787 
  69 F _   0.013 0.034 0.001 0.009 0.006 0.018 0.133 0.788 
  70 E _   0.015 0.035 0.001 0.009 0.007 0.020 0.129 0.785 
  71 A _   0.017 0.038 0.001 0.010 0.008 0.022 0.126 0.778 
  72 E _   0.020 0.042 0.001 0.013 0.010 0.025 0.122 0.766 
  73 G _   0.023 0.049 0.001 0.017 0.013 0.028 0.118 0.751 
  74 H _   0.026 0.058 0.001 0.022 0.016 0.030 0.115 0.732 
  75 L _   0.028 0.066 0.001 0.029 0.019 0.031 0.111 0.714 
  76 Y _   0.030 0.073 0.002 0.034 0.020 0.031 0.109 0.702 
  77 I _   0.031 0.076 0.002 0.037 0.021 0.031 0.107 0.696 
  78 V _   0.030 0.077 0.001 0.038 0.020 0.029 0.105 0.699 
  79 M _   0.029 0.074 0.001 0.036 0.018 0.027 0.104 0.711 
  80 E _   0.026 0.069 0.001 0.031 0.015 0.024 0.104 0.730 
  81 Y _   0.023 0.060 0.001 0.025 0.012 0.021 0.104 0.754 
  82 C _   0.020 0.049 0.001 0.020 0.009 0.018 0.104 0.779 
  83 D _   0.017 0.038 0.001 0.016 0.007 0.016 0.104 0.801 
  84 G _   0.015 0.029 0.001 0.012 0.006 0.014 0.104 0.820 
  85 G _   0.013 0.022 0.001 0.010 0.004 0.012 0.103 0.834 
  86 D _   0.012 0.017 0.000 0.009 0.004 0.011 0.103 0.843 
  87 L _   0.011 0.014 0.000 0.009 0.003 0.010 0.102 0.850 
  88 M _   0.010 0.011 0.000 0.008 0.003 0.009 0.102 0.856 
  89 Q _   0.009 0.008 0.000 0.008 0.003 0.009 0.100 0.862 
  90 K _   0.008 0.006 0.000 0.008 0.003 0.008 0.099 0.867 
  91 I _   0.008 0.005 0.000 0.007 0.003 0.008 0.097 0.872 
  92 K _   0.008 0.003 0.000 0.006 0.002 0.008 0.095 0.877 
  93 Q _   0.008 0.002 0.000 0.005 0.002 0.008 0.093 0.882 
  94 Q _   0.009 0.001 0.000 0.005 0.002 0.008 0.090 0.884 
  95 K _   0.012 0.001 0.000 0.004 0.002 0.009 0.087 0.884 
  96 G _   0.018 0.000 0.000 0.004 0.003 0.010 0.084 0.881 
  97 K _   0.028 0.000 0.000 0.004 0.003 0.013 0.080 0.872 
  98 L _   0.045 0.000 0.001 0.004 0.004 0.016 0.075 0.855 
  99 F _   0.074 0.000 0.001 0.004 0.006 0.020 0.070 0.826 
 100 P _   0.116 0.000 0.001 0.004 0.009 0.025 0.064 0.781 
 101 E _   0.174 0.000 0.001 0.004 0.013 0.031 0.058 0.720 
 102 D _   0.243 0.000 0.001 0.004 0.018 0.036 0.051 0.647 
 103 M _   0.319 0.000 0.002 0.004 0.024 0.041 0.045 0.566 
 104 I _   0.394 0.000 0.002 0.004 0.031 0.045 0.039 0.485 
 105 L H   0.460 0.000 0.002 0.004 0.038 0.047 0.035 0.413 
 106 N H   0.513 0.000 0.002 0.004 0.043 0.048 0.032 0.357 
 107 W H   0.552 0.000 0.002 0.005 0.047 0.047 0.030 0.316 
 108 F H   0.575 0.001 0.002 0.005 0.049 0.046 0.029 0.293 
 109 T H   0.585 0.001 0.002 0.006 0.048 0.043 0.029 0.286 
 110 Q H   0.581 0.001 0.002 0.006 0.046 0.041 0.029 0.293 
 111 M H   0.564 0.001 0.002 0.007 0.043 0.038 0.030 0.316 
 112 C H   0.532 0.001 0.002 0.007 0.038 0.035 0.031 0.355 
 113 L H   0.484 0.001 0.002 0.006 0.032 0.032 0.033 0.410 
 114 G _   0.425 0.001 0.002 0.006 0.025 0.029 0.035 0.477 
 115 V _   0.360 0.000 0.002 0.005 0.019 0.026 0.038 0.550 
 116 N _   0.293 0.000 0.001 0.005 0.015 0.024 0.040 0.622 
 117 H _   0.229 0.000 0.001 0.006 0.012 0.021 0.043 0.688 
 118 I _   0.174 0.000 0.001 0.006 0.009 0.019 0.045 0.745 
 119 H _   0.129 0.000 0.001 0.007 0.008 0.018 0.047 0.791 
 120 K _   0.094 0.001 0.001 0.007 0.007 0.016 0.049 0.826 
 121 K _   0.066 0.001 0.001 0.008 0.006 0.014 0.050 0.855 
 122 R _   0.046 0.001 0.001 0.008 0.005 0.013 0.051 0.876 
 123 V _   0.032 0.001 0.001 0.007 0.004 0.012 0.052 0.891 
 124 L _   0.023 0.001 0.000 0.007 0.004 0.010 0.053 0.902 
 125 H _   0.017 0.001 0.000 0.007 0.003 0.010 0.053 0.909 
 126 R _   0.013 0.002 0.000 0.006 0.003 0.009 0.053 0.914 
 127 D _   0.011 0.002 0.000 0.006 0.003 0.009 0.053 0.916 
 128 I _   0.010 0.003 0.000 0.007 0.003 0.009 0.052 0.916 
 129 K _   0.009 0.004 0.000 0.008 0.003 0.009 0.052 0.914 
 130 S _   0.009 0.005 0.000 0.009 0.004 0.010 0.052 0.911 
 131 K _   0.009 0.007 0.001 0.011 0.004 0.010 0.051 0.906 
 132 N _   0.009 0.008 0.001 0.014 0.005 0.011 0.051 0.901 
 133 I _   0.009 0.010 0.001 0.016 0.006 0.011 0.051 0.897 
 134 F _   0.010 0.011 0.001 0.017 0.006 0.011 0.050 0.894 
 135 L _   0.009 0.012 0.001 0.017 0.006 0.011 0.050 0.894 
 136 T _   0.009 0.012 0.001 0.016 0.005 0.011 0.050 0.896 
 137 Q _   0.008 0.012 0.001 0.015 0.005 0.010 0.050 0.900 
 138 N _   0.008 0.011 0.001 0.013 0.004 0.010 0.050 0.904 
 139 G _   0.007 0.011 0.000 0.011 0.004 0.009 0.050 0.908 
 140 K _   0.007 0.010 0.000 0.009 0.003 0.009 0.050 0.911 
 141 V _   0.007 0.010 0.000 0.008 0.003 0.009 0.049 0.913 
 142 K _   0.007 0.010 0.000 0.008 0.003 0.010 0.049 0.913 
 143 L _   0.007 0.010 0.000 0.009 0.003 0.010 0.049 0.911 
 144 G _   0.007 0.011 0.000 0.010 0.004 0.011 0.048 0.909 
 145 D _   0.007 0.012 0.000 0.011 0.004 0.012 0.048 0.906 
 146 F _   0.008 0.012 0.001 0.012 0.005 0.013 0.047 0.903 
 147 G _   0.008 0.013 0.001 0.012 0.005 0.015 0.046 0.900 
 148 S _   0.009 0.014 0.001 0.012 0.005 0.016 0.046 0.897 
 149 A _   0.011 0.014 0.001 0.012 0.006 0.018 0.045 0.894 
 150 R _   0.013 0.015 0.001 0.011 0.006 0.021 0.044 0.890 
 151 L _   0.016 0.016 0.001 0.011 0.007 0.024 0.043 0.883 
 152 L _   0.020 0.017 0.001 0.011 0.009 0.027 0.042 0.873 
 153 S _   0.026 0.020 0.001 0.012 0.012 0.032 0.041 0.857 
 154 N _   0.033 0.024 0.001 0.014 0.016 0.037 0.040 0.835 
 155 P _   0.042 0.030 0.001 0.018 0.021 0.042 0.039 0.807 
 156 M _   0.051 0.037 0.002 0.024 0.027 0.046 0.038 0.776 
 157 A _   0.058 0.044 0.002 0.030 0.032 0.048 0.037 0.749 
 158 F _   0.064 0.050 0.002 0.036 0.035 0.049 0.037 0.728 
 159 A _   0.067 0.053 0.002 0.039 0.035 0.049 0.037 0.718 
 160 C _   0.067 0.054 0.002 0.040 0.034 0.046 0.037 0.720 
 161 T _   0.064 0.052 0.002 0.037 0.031 0.043 0.038 0.733 
 162 Y _   0.060 0.048 0.002 0.032 0.026 0.039 0.039 0.754 
 163 V _   0.054 0.041 0.002 0.026 0.021 0.035 0.040 0.782 
 164 G _   0.047 0.033 0.001 0.020 0.016 0.031 0.040 0.811 
 165 T _   0.040 0.025 0.001 0.015 0.012 0.027 0.041 0.838 
 166 P _   0.034 0.019 0.001 0.012 0.009 0.024 0.042 0.859 
 167 Y _   0.028 0.015 0.001 0.010 0.008 0.021 0.042 0.875 
 168 Y _   0.023 0.013 0.001 0.010 0.007 0.019 0.043 0.885 
 169 V _   0.019 0.012 0.001 0.011 0.006 0.017 0.043 0.891 
 170 P _   0.016 0.012 0.001 0.013 0.006 0.016 0.043 0.893 
 171 P _   0.014 0.011 0.001 0.015 0.006 0.015 0.043 0.894 
 172 E _   0.013 0.011 0.001 0.017 0.006 0.014 0.043 0.896 
 173 I _   0.011 0.010 0.001 0.017 0.006 0.013 0.043 0.899 
 174 W _   0.010 0.009 0.001 0.016 0.005 0.011 0.043 0.905 
 175 E _   0.010 0.007 0.001 0.013 0.004 0.009 0.043 0.913 
 176 N _   0.009 0.005 0.000 0.010 0.003 0.008 0.043 0.922 
 177 L _   0.010 0.003 0.000 0.006 0.002 0.007 0.042 0.930 
 178 P _   0.011 0.001 0.000 0.004 0.002 0.006 0.041 0.935 
 179 Y _   0.016 0.000 0.000 0.002 0.002 0.006 0.040 0.934 
 180 N _   0.027 0.000 0.000 0.001 0.002 0.006 0.039 0.925 
 181 N _   0.051 0.000 0.000 0.001 0.002 0.009 0.037 0.900 
 182 K _   0.101 0.000 0.000 0.001 0.004 0.012 0.034 0.847 
 183 S _   0.187 0.000 0.001 0.001 0.007 0.018 0.031 0.755 
 184 D _   0.305 0.000 0.001 0.002 0.013 0.026 0.027 0.627 
 185 I _   0.433 0.000 0.002 0.002 0.022 0.033 0.023 0.485 
 186 W H   0.539 0.000 0.002 0.003 0.033 0.039 0.021 0.364 
 187 S H   0.615 0.001 0.002 0.004 0.042 0.042 0.019 0.277 
 188 L H   0.664 0.001 0.002 0.005 0.048 0.042 0.018 0.219 
 189 G H   0.692 0.002 0.002 0.006 0.053 0.041 0.018 0.185 
 190 C H   0.704 0.002 0.002 0.007 0.055 0.040 0.019 0.171 
 191 I H   0.701 0.002 0.002 0.008 0.055 0.038 0.020 0.174 
 192 L H   0.682 0.002 0.003 0.008 0.054 0.035 0.021 0.194 
 193 Y H   0.645 0.002 0.003 0.008 0.051 0.033 0.024 0.235 
 194 E H   0.587 0.002 0.003 0.008 0.045 0.031 0.027 0.298 
 195 L H   0.510 0.001 0.003 0.008 0.037 0.028 0.031 0.382 
 196 C _   0.419 0.001 0.002 0.007 0.027 0.025 0.037 0.483 
 197 T _   0.321 0.001 0.002 0.006 0.018 0.021 0.043 0.588 
 198 L _   0.230 0.000 0.001 0.006 0.012 0.018 0.048 0.684 
 199 K _   0.156 0.000 0.001 0.005 0.008 0.015 0.053 0.762 
 200 H _   0.102 0.000 0.001 0.004 0.005 0.013 0.057 0.818 
 201 P _   0.066 0.000 0.000 0.003 0.003 0.011 0.060 0.856 
 202 F _   0.043 0.000 0.000 0.003 0.002 0.010 0.062 0.879 
 203 Q _   0.031 0.000 0.000 0.002 0.002 0.010 0.063 0.891 
 204 A _   0.025 0.000 0.000 0.002 0.002 0.011 0.064 0.895 
 205 N _   0.024 0.000 0.000 0.002 0.003 0.014 0.065 0.892 
 206 S _   0.027 0.001 0.000 0.003 0.004 0.018 0.065 0.882 
 207 W _   0.033 0.003 0.001 0.005 0.006 0.023 0.065 0.865 
 208 K _   0.041 0.007 0.001 0.008 0.011 0.030 0.065 0.837 
 209 N _   0.051 0.017 0.001 0.014 0.018 0.038 0.064 0.797 
 210 L _   0.061 0.032 0.002 0.022 0.026 0.045 0.064 0.747 
 211 I _   0.070 0.051 0.002 0.032 0.034 0.050 0.064 0.698 
 212 L _   0.076 0.067 0.002 0.042 0.039 0.052 0.064 0.658 
 213 K _   0.079 0.078 0.002 0.049 0.042 0.053 0.065 0.631 
 214 V _   0.080 0.084 0.002 0.054 0.043 0.052 0.066 0.619 
 215 C _   0.079 0.085 0.002 0.054 0.041 0.049 0.069 0.621 
 216 Q _   0.074 0.082 0.002 0.051 0.036 0.045 0.072 0.638 
 217 G _   0.066 0.074 0.002 0.044 0.030 0.041 0.075 0.667 
 218 C _   0.058 0.061 0.002 0.035 0.023 0.035 0.080 0.706 
 219 I _   0.050 0.043 0.002 0.025 0.017 0.030 0.084 0.750 
 220 S _   0.042 0.026 0.001 0.015 0.011 0.025 0.088 0.792 
 221 P _   0.034 0.014 0.001 0.009 0.007 0.021 0.091 0.824 
 222 L _   0.027 0.007 0.000 0.005 0.004 0.019 0.093 0.846 
 223 P _   0.022 0.004 0.000 0.003 0.003 0.017 0.094 0.856 
 224 S _   0.020 0.003 0.000 0.002 0.003 0.017 0.095 0.859 
 225 H _   0.020 0.004 0.000 0.003 0.003 0.019 0.095 0.856 
 226 Y _   0.022 0.006 0.001 0.004 0.005 0.022 0.095 0.845 
 227 S _   0.024 0.015 0.001 0.009 0.009 0.026 0.095 0.821 
 228 Y _   0.027 0.035 0.001 0.017 0.014 0.031 0.094 0.779 
 229 E _   0.029 0.070 0.002 0.031 0.020 0.034 0.093 0.722 
 230 L _   0.028 0.107 0.002 0.045 0.024 0.035 0.093 0.666 
 231 Q _   0.028 0.134 0.002 0.058 0.026 0.035 0.093 0.625 
 232 F _   0.026 0.149 0.002 0.067 0.026 0.034 0.094 0.602 
 233 L _   0.025 0.156 0.002 0.071 0.025 0.032 0.095 0.594 
 234 V _   0.023 0.156 0.002 0.069 0.023 0.029 0.098 0.600 
 235 K _   0.022 0.149 0.002 0.063 0.020 0.026 0.102 0.618 
 236 Q _   0.019 0.133 0.002 0.052 0.017 0.022 0.107 0.648 
 237 M _   0.018 0.108 0.001 0.040 0.013 0.019 0.113 0.689 
 238 F _   0.016 0.075 0.001 0.027 0.009 0.015 0.119 0.737 
 239 K _   0.014 0.043 0.001 0.016 0.006 0.013 0.125 0.782 
 240 R _   0.011 0.020 0.001 0.009 0.004 0.010 0.130 0.816 
 241 N _   0.009 0.008 0.000 0.005 0.002 0.008 0.132 0.835 
 242 P _   0.008 0.002 0.000 0.003 0.002 0.007 0.134 0.843 
 243 S _   0.009 0.001 0.000 0.002 0.001 0.008 0.135 0.845 
 244 H _   0.011 0.000 0.000 0.001 0.001 0.009 0.135 0.841 
 245 R _   0.018 0.000 0.000 0.002 0.002 0.012 0.134 0.832 
 246 P _   0.029 0.000 0.000 0.002 0.003 0.018 0.133 0.814 
 247 S _   0.048 0.000 0.001 0.003 0.006 0.026 0.131 0.786 
 248 A _   0.075 0.001 0.001 0.005 0.011 0.036 0.129 0.744 
 249 T _   0.106 0.002 0.001 0.007 0.019 0.048 0.126 0.691 
 250 T _   0.139 0.004 0.002 0.011 0.030 0.059 0.123 0.632 
 251 L _   0.170 0.007 0.002 0.015 0.042 0.069 0.121 0.574 
 252 L _   0.196 0.010 0.002 0.019 0.053 0.075 0.120 0.524 
 253 S _   0.218 0.013 0.003 0.022 0.061 0.078 0.119 0.486 
 254 R _   0.231 0.015 0.003 0.025 0.065 0.079 0.120 0.463 
 255 G _   0.238 0.016 0.003 0.026 0.066 0.076 0.121 0.453 
 256 I _   0.240 0.016 0.003 0.026 0.063 0.072 0.124 0.457 
 257 V _   0.233 0.015 0.003 0.024 0.057 0.067 0.128 0.475 
 258 A _   0.219 0.012 0.003 0.021 0.048 0.061 0.133 0.504 
 259 R _   0.200 0.009 0.002 0.017 0.039 0.054 0.138 0.541 
 260 L _   0.175 0.006 0.002 0.013 0.029 0.046 0.144 0.585 
 261 V _   0.148 0.004 0.001 0.009 0.021 0.040 0.149 0.628 
 262 Q _   0.122 0.002 0.001 0.007 0.014 0.034 0.155 0.666 
 263 K _   0.097 0.001 0.001 0.005 0.010 0.029 0.159 0.697 
 264 C _   0.078 0.001 0.001 0.004 0.007 0.026 0.164 0.720 
 265 L _   0.062 0.001 0.001 0.004 0.006 0.023 0.168 0.736 
 266 P _   0.052 0.001 0.001 0.004 0.005 0.022 0.171 0.744 
 267 P _   0.045 0.002 0.001 0.005 0.006 0.022 0.174 0.747 
 268 E _   0.040 0.003 0.001 0.006 0.006 0.022 0.177 0.744 
 269 I _   0.037 0.006 0.001 0.009 0.008 0.023 0.179 0.737 
 270 I _   0.034 0.011 0.001 0.012 0.009 0.024 0.182 0.727 
 271 M _   0.032 0.016 0.001 0.017 0.011 0.024 0.185 0.714 
 272 E _   0.029 0.023 0.001 0.022 0.012 0.025 0.188 0.700 
 273 Y _   0.027 0.028 0.001 0.026 0.013 0.025 0.192 0.688 
 274 G _   0.025 0.033 0.001 0.030 0.014 0.024 0.196 0.677 
 275 E _   0.023 0.035 0.001 0.033 0.014 0.023 0.201 0.670 
 276 E _   0.021 0.037 0.001 0.034 0.013 0.021 0.206 0.667 
 277 V _   0.018 0.037 0.001 0.033 0.011 0.019 0.213 0.668 
 278 L _   0.017 0.035 0.001 0.030 0.009 0.017 0.220 0.672 
 279 E _   0.015 0.031 0.001 0.025 0.008 0.015 0.227 0.679 
 280 E _   0.013 0.027 0.001 0.020 0.006 0.013 0.234 0.686 
 281 I _   0.011 0.022 0.001 0.016 0.005 0.011 0.242 0.693 
 282 K _   0.010 0.017 0.000 0.013 0.004 0.009 0.249 0.698 
 283 N _   0.009 0.013 0.000 0.009 0.003 0.008 0.255 0.703 
 284 S _   0.008 0.009 0.000 0.007 0.002 0.007 0.261 0.706 
 285 K _   0.007 0.007 0.000 0.006 0.002 0.006 0.265 0.708 
 286 H _   0.006 0.006 0.000 0.005 0.001 0.005 0.269 0.709 
 287 N _   0.005 0.005 0.000 0.004 0.001 0.005 0.271 0.709 
 288 T _   0.005 0.004 0.000 0.003 0.001 0.004 0.272 0.709 
 289 P _   0.004 0.005 0.000 0.003 0.001 0.004 0.273 0.709 
 290 R _   0.004 0.005 0.000 0.003 0.001 0.005 0.272 0.709 
 291 K _   0.004 0.007 0.000 0.004 0.001 0.005 0.271 0.708 
 292 K _   0.004 0.010 0.000 0.005 0.002 0.006 0.268 0.705 
 293 T _   0.004 0.016 0.000 0.006 0.002 0.008 0.265 0.698 
 294 N _   0.005 0.027 0.000 0.009 0.003 0.010 0.260 0.685 
 295 P _   0.006 0.046 0.001 0.014 0.005 0.012 0.254 0.662 
 296 S _   0.007 0.077 0.001 0.020 0.007 0.014 0.246 0.628 
 297 R _   0.008 0.115 0.001 0.027 0.009 0.016 0.238 0.586 
 298 I _   0.008 0.154 0.001 0.033 0.010 0.017 0.231 0.546 
 299 R _   0.007 0.187 0.001 0.039 0.011 0.017 0.225 0.512 
 300 I _   0.007 0.211 0.001 0.043 0.011 0.017 0.220 0.489 
 301 A _   0.007 0.226 0.001 0.046 0.011 0.017 0.217 0.474 
 302 L _   0.007 0.235 0.001 0.047 0.011 0.017 0.216 0.468 
 303 G _   0.007 0.238 0.001 0.045 0.011 0.016 0.215 0.468 
 304 N _   0.007 0.237 0.001 0.043 0.010 0.015 0.215 0.472 
 305 E _   0.007 0.231 0.001 0.039 0.009 0.014 0.217 0.481 
 306 A _   0.007 0.222 0.001 0.035 0.008 0.013 0.219 0.494 
 307 S _   0.008 0.208 0.001 0.031 0.007 0.012 0.223 0.510 
 308 T _   0.008 0.189 0.001 0.027 0.006 0.012 0.227 0.530 
 309 V _   0.008 0.167 0.001 0.023 0.006 0.011 0.232 0.554 
 310 Q _   0.007 0.144 0.001 0.019 0.005 0.010 0.237 0.578 
 311 E _   0.007 0.121 0.001 0.016 0.004 0.009 0.241 0.602 
 312 E _   0.007 0.101 0.000 0.012 0.003 0.008 0.245 0.624 
 313 E _   0.006 0.085 0.000 0.010 0.003 0.007 0.248 0.641 
 314 Q _   0.005 0.073 0.000 0.007 0.002 0.006 0.250 0.655 
 315 D _   0.005 0.066 0.000 0.006 0.002 0.006 0.251 0.665 
 316 R _   0.004 0.062 0.000 0.005 0.001 0.005 0.251 0.671 
 317 K _   0.004 0.060 0.000 0.005 0.001 0.005 0.251 0.674 
 318 G _   0.004 0.060 0.000 0.005 0.002 0.006 0.250 0.674 
 319 S _   0.004 0.063 0.000 0.006 0.002 0.006 0.248 0.672 
 320 H _   0.004 0.068 0.000 0.007 0.002 0.007 0.245 0.667 
 321 T _   0.004 0.075 0.000 0.009 0.003 0.008 0.241 0.659 
 322 D _   0.004 0.087 0.000 0.012 0.003 0.009 0.237 0.647 
 323 L _   0.005 0.101 0.001 0.015 0.004 0.010 0.233 0.632 
 324 E _   0.005 0.117 0.001 0.017 0.005 0.011 0.228 0.616 
 325 S _   0.005 0.133 0.001 0.020 0.006 0.013 0.224 0.599 
 326 I _   0.005 0.150 0.001 0.023 0.007 0.014 0.220 0.581 
 327 N _   0.006 0.166 0.001 0.026 0.008 0.015 0.216 0.563 
 328 E _   0.006 0.179 0.001 0.029 0.009 0.015 0.213 0.547 
 329 N _   0.007 0.190 0.001 0.032 0.009 0.016 0.211 0.534 
 330 L _   0.008 0.198 0.001 0.035 0.010 0.017 0.210 0.522 
 331 V _   0.008 0.202 0.001 0.038 0.011 0.017 0.209 0.514 
 332 E _   0.009 0.204 0.001 0.039 0.011 0.017 0.210 0.509 
 333 S _   0.009 0.202 0.001 0.040 0.011 0.017 0.211 0.509 
 334 A _   0.010 0.197 0.001 0.039 0.011 0.016 0.214 0.513 
 335 L _   0.010 0.187 0.001 0.037 0.010 0.015 0.217 0.522 
 336 R _   0.010 0.171 0.001 0.033 0.009 0.014 0.222 0.538 
 337 R _   0.010 0.150 0.001 0.029 0.008 0.013 0.228 0.561 
 338 V _   0.010 0.123 0.001 0.024 0.007 0.012 0.234 0.589 
 339 N _   0.009 0.095 0.001 0.019 0.006 0.011 0.240 0.620 
 340 R _   0.009 0.068 0.001 0.014 0.004 0.009 0.246 0.648 
 341 E _   0.008 0.048 0.000 0.010 0.003 0.008 0.251 0.671 
 342 E _   0.007 0.033 0.000 0.007 0.002 0.007 0.255 0.688 
 343 K _   0.006 0.025 0.000 0.006 0.002 0.006 0.258 0.697 
 344 G _   0.005 0.020 0.000 0.005 0.002 0.006 0.259 0.702 
 345 N _   0.005 0.017 0.000 0.005 0.002 0.006 0.260 0.704 
 346 K _   0.005 0.016 0.000 0.006 0.002 0.006 0.261 0.704 
 347 S _   0.005 0.016 0.000 0.007 0.002 0.007 0.261 0.703 
 348 V _   0.005 0.016 0.000 0.008 0.002 0.007 0.260 0.700 
 349 H _   0.005 0.016 0.000 0.010 0.003 0.007 0.260 0.698 
 350 L _   0.005 0.017 0.000 0.011 0.003 0.007 0.259 0.697 
 351 R _   0.005 0.017 0.000 0.012 0.003 0.007 0.258 0.697 
 352 K _   0.005 0.017 0.000 0.012 0.003 0.007 0.258 0.699 
 353 A _   0.005 0.016 0.000 0.011 0.003 0.007 0.257 0.701 
 354 S _   0.004 0.016 0.000 0.010 0.003 0.007 0.256 0.704 
 355 S _   0.004 0.015 0.000 0.009 0.003 0.007 0.256 0.706 
 356 P _   0.004 0.015 0.000 0.009 0.003 0.007 0.255 0.708 
 357 N _   0.004 0.014 0.000 0.008 0.003 0.007 0.255 0.709 
 358 L _   0.005 0.014 0.000 0.008 0.003 0.007 0.254 0.709 
 359 H _   0.005 0.015 0.000 0.008 0.003 0.007 0.253 0.709 
 360 R _   0.005 0.015 0.000 0.009 0.003 0.008 0.252 0.709 
 361 R _   0.005 0.016 0.000 0.009 0.003 0.008 0.251 0.709 
 362 Q _   0.005 0.016 0.000 0.008 0.003 0.008 0.249 0.709 
 363 W _   0.005 0.017 0.000 0.008 0.003 0.009 0.248 0.710 
 364 E _   0.005 0.019 0.000 0.007 0.003 0.010 0.246 0.710 
 365 K _   0.006 0.021 0.000 0.007 0.003 0.011 0.244 0.709 
 366 N _   0.007 0.024 0.000 0.007 0.004 0.013 0.242 0.704 
 367 V _   0.009 0.029 0.001 0.008 0.005 0.015 0.239 0.695 
 368 P _   0.011 0.039 0.001 0.010 0.007 0.019 0.235 0.678 
 369 N _   0.014 0.054 0.001 0.013 0.009 0.023 0.232 0.654 
 370 T _   0.018 0.076 0.001 0.017 0.013 0.027 0.227 0.620 
 371 A _   0.020 0.104 0.001 0.023 0.017 0.031 0.223 0.580 
 372 L _   0.022 0.133 0.002 0.028 0.020 0.033 0.220 0.542 
 373 T _   0.023 0.158 0.002 0.033 0.022 0.034 0.217 0.511 
 374 A _   0.024 0.178 0.002 0.037 0.022 0.034 0.215 0.488 
 375 L _   0.024 0.191 0.002 0.040 0.023 0.034 0.214 0.474 
 376 E _   0.023 0.199 0.001 0.042 0.022 0.032 0.213 0.467 
 377 N _   0.023 0.202 0.001 0.042 0.021 0.031 0.214 0.466 
 378 A _   0.022 0.201 0.001 0.042 0.020 0.028 0.215 0.471 
 379 S _   0.021 0.196 0.001 0.040 0.018 0.026 0.218 0.480 
 380 I _   0.020 0.187 0.001 0.038 0.015 0.023 0.221 0.494 
 381 L _   0.018 0.172 0.001 0.035 0.013 0.021 0.226 0.514 
 382 T _   0.017 0.151 0.001 0.030 0.011 0.018 0.231 0.540 
 383 S _   0.015 0.124 0.001 0.025 0.009 0.016 0.238 0.572 
 384 S _   0.014 0.095 0.001 0.020 0.007 0.013 0.244 0.606 
 385 L _   0.012 0.067 0.001 0.014 0.005 0.011 0.250 0.640 
 386 T _   0.010 0.044 0.001 0.010 0.004 0.009 0.255 0.668 
 387 A _   0.008 0.029 0.000 0.007 0.003 0.008 0.258 0.687 
 388 E _   0.007 0.021 0.000 0.005 0.002 0.006 0.261 0.699 
 389 D _   0.006 0.016 0.000 0.004 0.002 0.006 0.262 0.704 
 390 D _   0.005 0.015 0.000 0.004 0.002 0.006 0.263 0.706 
 391 R _   0.005 0.014 0.000 0.004 0.002 0.006 0.263 0.705 
 392 G _   0.005 0.015 0.000 0.006 0.002 0.007 0.263 0.702 
 393 G _   0.006 0.017 0.000 0.008 0.003 0.007 0.263 0.697 
 394 S _   0.006 0.020 0.000 0.010 0.003 0.008 0.262 0.691 
 395 V _   0.006 0.023 0.000 0.013 0.004 0.009 0.261 0.685 
 396 I _   0.006 0.025 0.000 0.014 0.004 0.009 0.260 0.681 
 397 K _   0.006 0.027 0.000 0.014 0.004 0.009 0.259 0.680 
 398 Y _   0.005 0.028 0.000 0.013 0.004 0.009 0.259 0.681 
 399 S _   0.005 0.029 0.000 0.012 0.004 0.009 0.259 0.683 
 400 K _   0.005 0.029 0.000 0.011 0.003 0.009 0.258 0.685 
 401 N _   0.005 0.030 0.000 0.009 0.003 0.009 0.258 0.685 
 402 T _   0.005 0.031 0.000 0.009 0.003 0.009 0.258 0.685 
 403 T _   0.005 0.033 0.000 0.009 0.003 0.009 0.258 0.682 
 404 R _   0.006 0.035 0.000 0.010 0.004 0.010 0.258 0.677 
 405 K _   0.006 0.039 0.000 0.011 0.004 0.011 0.258 0.671 
 406 Q _   0.006 0.043 0.001 0.013 0.005 0.011 0.258 0.664 
 407 W _   0.006 0.048 0.001 0.014 0.005 0.012 0.258 0.657 
 408 L _   0.007 0.052 0.001 0.015 0.006 0.012 0.258 0.650 
 409 K _   0.007 0.055 0.001 0.015 0.006 0.012 0.259 0.645 
 410 E _   0.007 0.058 0.001 0.016 0.006 0.013 0.259 0.640 
 411 T _   0.007 0.061 0.001 0.016 0.006 0.013 0.261 0.635 
 412 P _   0.008 0.063 0.001 0.016 0.007 0.014 0.263 0.629 
 413 D _   0.008 0.065 0.001 0.017 0.007 0.014 0.265 0.623 
 414 T _   0.009 0.067 0.001 0.017 0.007 0.015 0.268 0.617 
 415 L _   0.009 0.068 0.001 0.018 0.007 0.015 0.271 0.611 
 416 L _   0.010 0.068 0.001 0.018 0.007 0.015 0.275 0.606 
 417 N _   0.010 0.068 0.001 0.017 0.007 0.015 0.279 0.603 
 418 I _   0.010 0.067 0.001 0.016 0.007 0.015 0.284 0.601 
 419 L _   0.010 0.065 0.001 0.014 0.006 0.015 0.288 0.600 
 420 K _   0.011 0.063 0.001 0.013 0.006 0.015 0.293 0.599 
 421 N _   0.011 0.061 0.001 0.011 0.006 0.015 0.298 0.598 
 422 A _   0.011 0.060 0.001 0.011 0.006 0.015 0.302 0.594 
 423 D _   0.012 0.060 0.001 0.011 0.006 0.016 0.307 0.588 
 424 L _   0.013 0.061 0.001 0.012 0.007 0.017 0.312 0.579 
 425 S _   0.013 0.063 0.001 0.015 0.008 0.017 0.317 0.567 
 426 L _   0.014 0.065 0.001 0.018 0.009 0.018 0.322 0.552 
 427 A _   0.014 0.067 0.001 0.022 0.010 0.018 0.329 0.538 
 428 F _   0.014 0.068 0.001 0.026 0.011 0.018 0.337 0.526 
 429 Q _   0.013 0.068 0.001 0.027 0.011 0.017 0.345 0.517 
 430 T _   0.012 0.065 0.001 0.027 0.010 0.016 0.355 0.513 
 431 Y _   0.011 0.061 0.001 0.025 0.009 0.014 0.367 0.512 
 432 T _   0.010 0.055 0.001 0.022 0.008 0.013 0.379 0.513 
 433 I _   0.009 0.047 0.001 0.018 0.006 0.011 0.392 0.516 
 434 Y _   0.008 0.039 0.001 0.014 0.005 0.010 0.405 0.518 
 435 R _   0.007 0.032 0.001 0.011 0.004 0.009 0.418 0.518 
 436 P _   0.006 0.026 0.000 0.009 0.003 0.008 0.431 0.516 
 437 G _   0.006 0.022 0.000 0.008 0.003 0.007 0.443 0.511 
 438 S _   0.005 0.019 0.000 0.008 0.003 0.007 0.453 0.505 
 439 E _   0.005 0.017 0.000 0.008 0.002 0.006 0.463 0.498 
 440 G _   0.004 0.016 0.000 0.008 0.002 0.006 0.472 0.491 
 441 F _   0.004 0.015 0.000 0.008 0.002 0.006 0.481 0.484 
 442 L X   0.004 0.014 0.000 0.009 0.002 0.006 0.488 0.476 
 443 K X   0.003 0.014 0.000 0.009 0.002 0.006 0.496 0.470 
 444 G X   0.003 0.013 0.000 0.010 0.002 0.005 0.503 0.463 
 445 P X   0.003 0.013 0.000 0.010 0.002 0.005 0.510 0.457 
 446 L X   0.003 0.012 0.000 0.010 0.002 0.005 0.517 0.450 
 447 S X   0.003 0.011 0.000 0.010 0.002 0.005 0.524 0.444 
 448 E X   0.003 0.011 0.000 0.010 0.002 0.005 0.532 0.438 
 449 E X   0.003 0.010 0.000 0.009 0.002 0.005 0.539 0.432 
 450 T X   0.003 0.009 0.000 0.009 0.002 0.004 0.547 0.427 
 451 E X   0.002 0.009 0.000 0.008 0.002 0.004 0.554 0.421 
 452 A X   0.002 0.008 0.000 0.007 0.002 0.004 0.561 0.416 
 453 S X   0.002 0.007 0.000 0.006 0.001 0.004 0.567 0.412 
 454 D X   0.002 0.007 0.000 0.005 0.001 0.003 0.573 0.407 
 455 S X   0.002 0.007 0.000 0.005 0.001 0.003 0.579 0.403 
 456 V X   0.002 0.006 0.000 0.004 0.001 0.003 0.584 0.398 
 457 D X   0.002 0.007 0.000 0.005 0.001 0.004 0.588 0.394 
 458 G X   0.002 0.007 0.000 0.005 0.001 0.004 0.592 0.388 
 459 G X   0.002 0.008 0.000 0.006 0.002 0.004 0.596 0.381 
 460 H X   0.003 0.009 0.000 0.007 0.002 0.005 0.600 0.374 
 461 D X   0.003 0.011 0.000 0.009 0.002 0.006 0.604 0.366 
 462 S X   0.003 0.013 0.000 0.011 0.003 0.006 0.608 0.357 
 463 V X   0.003 0.014 0.000 0.013 0.003 0.007 0.612 0.348 
 464 I X   0.003 0.016 0.000 0.015 0.003 0.007 0.617 0.339 
 465 L X   0.003 0.017 0.000 0.016 0.004 0.007 0.622 0.330 
 466 D X   0.003 0.017 0.000 0.017 0.004 0.007 0.629 0.322 
 467 P X   0.003 0.017 0.000 0.017 0.004 0.007 0.636 0.315 
 468 E X   0.003 0.017 0.000 0.016 0.003 0.007 0.645 0.308 
 469 R X   0.003 0.016 0.000 0.014 0.003 0.006 0.655 0.302 
 470 L X   0.003 0.014 0.000 0.012 0.003 0.006 0.665 0.297 
 471 E X   0.003 0.012 0.000 0.010 0.002 0.005 0.675 0.292 
 472 P X   0.003 0.011 0.000 0.009 0.002 0.005 0.684 0.287 
 473 G X   0.003 0.009 0.000 0.007 0.002 0.004 0.693 0.282 
 474 L X   0.003 0.007 0.000 0.006 0.001 0.004 0.701 0.278 
 475 D X   0.002 0.006 0.000 0.005 0.001 0.003 0.708 0.274 
 476 E X   0.002 0.005 0.000 0.004 0.001 0.003 0.714 0.270 
 477 E X   0.002 0.005 0.000 0.003 0.001 0.003 0.719 0.267 
 478 D X   0.002 0.004 0.000 0.003 0.001 0.003 0.723 0.264 
 479 T X   0.002 0.004 0.000 0.003 0.001 0.002 0.725 0.263 
 480 D X   0.002 0.004 0.000 0.003 0.001 0.002 0.727 0.261 
 481 F X   0.002 0.004 0.000 0.002 0.001 0.002 0.728 0.261 
 482 E X   0.002 0.004 0.000 0.002 0.001 0.002 0.728 0.261 
 483 E X   0.002 0.005 0.000 0.002 0.001 0.002 0.727 0.261 
 484 E X   0.001 0.006 0.000 0.002 0.001 0.003 0.725 0.262 
 485 D X   0.002 0.008 0.000 0.003 0.001 0.003 0.722 0.262 
 486 D X   0.002 0.011 0.000 0.004 0.001 0.004 0.717 0.261 
 487 N X   0.002 0.017 0.000 0.005 0.001 0.005 0.711 0.258 
 488 P X   0.002 0.028 0.000 0.008 0.002 0.006 0.702 0.251 
 489 D X   0.003 0.046 0.000 0.011 0.003 0.008 0.691 0.237 
 490 W X   0.003 0.072 0.001 0.015 0.005 0.009 0.677 0.218 
 491 V X   0.003 0.104 0.001 0.020 0.006 0.010 0.663 0.193 
 492 S X   0.003 0.137 0.001 0.024 0.006 0.010 0.650 0.169 
 493 E X   0.003 0.165 0.001 0.027 0.006 0.010 0.639 0.148 
 494 L X   0.003 0.187 0.001 0.030 0.006 0.010 0.632 0.132 
 495 K X   0.003 0.200 0.001 0.031 0.006 0.009 0.628 0.122 
 496 K X   0.002 0.208 0.001 0.032 0.006 0.009 0.626 0.117 
 497 R X   0.002 0.212 0.000 0.032 0.006 0.008 0.625 0.114 
 498 A X   0.002 0.212 0.000 0.031 0.005 0.008 0.626 0.115 
 499 G X   0.002 0.210 0.000 0.029 0.005 0.007 0.629 0.118 
 500 W X   0.002 0.204 0.000 0.026 0.004 0.006 0.633 0.124 
 501 Q X   0.002 0.194 0.000 0.022 0.004 0.004 0.640 0.134 
 502 G X   0.001 0.175 0.000 0.017 0.002 0.003 0.649 0.151 
 503 L X   0.001 0.145 0.000 0.011 0.001 0.001 0.661 0.180 
 504 C X   0.000 0.114 0.000 0.007 0.000 0.001 0.665 0.213 
 505 D X   0.000 0.097 0.000 0.007 0.000 0.001 0.663 0.232 
 506 R X   0.002 0.089 0.001 0.013 0.003 0.003 0.651 0.239 
