#TopoPred_TM8: 8-state transmembrane topology prediction results by no_profile mode 
#probabilities are in the order of H E C I L F X _, the 8 transmembrane topology types used in PDBTM 
   1 P X   0.017 0.002 0.002 0.058 0.011 0.014 0.673 0.223 
   2 F X   0.007 0.001 0.000 0.037 0.003 0.009 0.690 0.252 
   3 W X   0.003 0.001 0.000 0.023 0.001 0.007 0.693 0.272 
   4 K X   0.003 0.002 0.000 0.017 0.001 0.009 0.688 0.281 
   5 I X   0.004 0.003 0.000 0.015 0.002 0.012 0.677 0.288 
   6 L X   0.006 0.005 0.000 0.014 0.003 0.016 0.661 0.295 
   7 N X   0.009 0.010 0.001 0.016 0.005 0.019 0.642 0.298 
   8 P X   0.011 0.019 0.001 0.019 0.007 0.022 0.620 0.300 
   9 L X   0.013 0.034 0.001 0.024 0.009 0.024 0.595 0.300 
  10 L X   0.013 0.051 0.001 0.029 0.012 0.025 0.570 0.299 
  11 E X   0.013 0.067 0.001 0.034 0.013 0.025 0.547 0.299 
  12 R X   0.013 0.080 0.001 0.037 0.015 0.025 0.527 0.303 
  13 G X   0.012 0.089 0.001 0.039 0.015 0.024 0.511 0.310 
  14 T X   0.012 0.094 0.001 0.038 0.014 0.023 0.498 0.319 
  15 Y X   0.012 0.097 0.001 0.037 0.013 0.021 0.488 0.330 
  16 Y X   0.012 0.098 0.001 0.035 0.012 0.019 0.480 0.344 
  17 Y X   0.011 0.096 0.001 0.031 0.011 0.017 0.473 0.359 
  18 F X   0.011 0.093 0.001 0.027 0.009 0.016 0.468 0.376 
  19 M X   0.010 0.087 0.001 0.023 0.007 0.014 0.463 0.394 
  20 G X   0.009 0.080 0.001 0.019 0.006 0.012 0.460 0.413 
  21 Q X   0.008 0.072 0.001 0.016 0.005 0.010 0.456 0.432 
  22 Q X   0.007 0.064 0.000 0.013 0.004 0.009 0.452 0.451 
  23 P _   0.006 0.057 0.000 0.010 0.003 0.008 0.449 0.467 
  24 G _   0.006 0.050 0.000 0.008 0.002 0.007 0.445 0.481 
  25 K _   0.005 0.046 0.000 0.006 0.002 0.006 0.441 0.493 
  26 V _   0.005 0.043 0.000 0.005 0.002 0.006 0.436 0.503 
  27 L _   0.004 0.041 0.000 0.005 0.002 0.006 0.430 0.512 
  28 G _   0.004 0.041 0.000 0.005 0.002 0.006 0.423 0.519 
  29 D _   0.004 0.042 0.000 0.005 0.002 0.006 0.415 0.526 
  30 Q _   0.004 0.045 0.000 0.006 0.002 0.008 0.405 0.530 
  31 R _   0.005 0.051 0.000 0.007 0.003 0.009 0.393 0.531 
  32 R _   0.006 0.064 0.001 0.011 0.005 0.012 0.379 0.525 
  33 P _   0.007 0.086 0.001 0.017 0.007 0.014 0.360 0.509 
  34 S _   0.007 0.123 0.001 0.025 0.010 0.017 0.338 0.479 
  35 L _   0.008 0.172 0.002 0.035 0.013 0.018 0.314 0.439 
  36 P _   0.008 0.223 0.002 0.045 0.014 0.019 0.291 0.399 
  37 A _   0.007 0.264 0.002 0.054 0.015 0.018 0.274 0.366 
  38 L _   0.007 0.290 0.001 0.060 0.014 0.018 0.262 0.348 
  39 H _   0.007 0.303 0.001 0.063 0.013 0.017 0.253 0.343 
  40 F _   0.007 0.308 0.001 0.062 0.012 0.016 0.248 0.347 
  41 I _   0.006 0.306 0.001 0.058 0.011 0.015 0.244 0.359 
  42 K _   0.006 0.296 0.001 0.051 0.010 0.013 0.241 0.381 
  43 G _   0.006 0.278 0.001 0.042 0.008 0.012 0.240 0.412 
  44 A _   0.006 0.251 0.001 0.032 0.007 0.011 0.240 0.452 
  45 G _   0.006 0.218 0.001 0.023 0.005 0.009 0.240 0.497 
  46 K _   0.006 0.187 0.001 0.016 0.004 0.008 0.240 0.539 
  47 K _   0.006 0.163 0.000 0.010 0.003 0.007 0.239 0.571 
  48 E _   0.005 0.147 0.000 0.007 0.002 0.007 0.238 0.593 
  49 S _   0.004 0.139 0.000 0.006 0.002 0.006 0.236 0.607 
  50 S _   0.004 0.136 0.000 0.005 0.002 0.006 0.233 0.614 
  51 R _   0.004 0.137 0.000 0.005 0.002 0.007 0.229 0.616 
  52 H _   0.004 0.142 0.000 0.007 0.002 0.008 0.223 0.614 
  53 G _   0.005 0.152 0.000 0.009 0.003 0.010 0.216 0.604 
  54 G _   0.006 0.172 0.001 0.013 0.005 0.012 0.206 0.586 
  55 P _   0.006 0.202 0.001 0.018 0.007 0.014 0.195 0.557 
  56 H _   0.007 0.244 0.001 0.025 0.009 0.016 0.182 0.517 
  57 C _   0.007 0.292 0.001 0.032 0.011 0.017 0.169 0.471 
  58 N _   0.007 0.339 0.001 0.038 0.013 0.018 0.157 0.426 
  59 V _   0.007 0.378 0.001 0.044 0.013 0.018 0.148 0.390 
  60 F E   0.007 0.405 0.001 0.049 0.013 0.018 0.141 0.365 
  61 V E   0.007 0.421 0.001 0.052 0.013 0.018 0.137 0.351 
  62 E E   0.007 0.429 0.001 0.053 0.013 0.017 0.134 0.346 
  63 H E   0.007 0.429 0.001 0.052 0.013 0.016 0.132 0.350 
  64 E E   0.007 0.422 0.001 0.049 0.012 0.015 0.131 0.362 
  65 A E   0.008 0.405 0.001 0.044 0.011 0.014 0.132 0.384 
  66 L _   0.008 0.377 0.001 0.038 0.010 0.013 0.133 0.419 
  67 Q _   0.008 0.336 0.001 0.032 0.009 0.013 0.135 0.466 
  68 R _   0.009 0.286 0.001 0.026 0.008 0.012 0.138 0.521 
  69 P _   0.008 0.234 0.001 0.020 0.007 0.011 0.142 0.576 
  70 V _   0.008 0.191 0.001 0.016 0.005 0.011 0.145 0.624 
  71 A _   0.008 0.159 0.001 0.012 0.004 0.010 0.147 0.660 
  72 S _   0.007 0.138 0.000 0.010 0.003 0.009 0.149 0.685 
  73 D _   0.006 0.125 0.000 0.008 0.003 0.009 0.149 0.699 
  74 F _   0.006 0.117 0.000 0.008 0.003 0.008 0.150 0.708 
  75 E _   0.006 0.112 0.000 0.009 0.003 0.008 0.149 0.713 
  76 P _   0.005 0.110 0.000 0.010 0.003 0.009 0.149 0.714 
  77 Q _   0.005 0.108 0.000 0.012 0.003 0.009 0.148 0.714 
  78 G _   0.005 0.108 0.000 0.015 0.004 0.009 0.147 0.712 
  79 L _   0.005 0.107 0.000 0.016 0.004 0.009 0.146 0.711 
  80 S _   0.005 0.105 0.001 0.018 0.004 0.009 0.146 0.712 
  81 E _   0.005 0.103 0.001 0.018 0.004 0.009 0.145 0.714 
  82 A _   0.005 0.099 0.001 0.018 0.004 0.009 0.145 0.719 
  83 A _   0.005 0.094 0.001 0.018 0.004 0.009 0.145 0.725 
  84 R _   0.005 0.088 0.000 0.017 0.004 0.008 0.145 0.732 
  85 W _   0.005 0.082 0.000 0.016 0.004 0.008 0.145 0.739 
  86 N _   0.005 0.076 0.000 0.015 0.004 0.008 0.146 0.746 
  87 S _   0.005 0.070 0.000 0.015 0.003 0.008 0.146 0.751 
  88 K _   0.005 0.064 0.000 0.015 0.003 0.008 0.147 0.756 
  89 E _   0.005 0.059 0.000 0.015 0.003 0.008 0.148 0.761 
  90 N _   0.006 0.053 0.000 0.015 0.003 0.008 0.149 0.767 
  91 L _   0.006 0.046 0.000 0.014 0.003 0.008 0.150 0.774 
  92 L _   0.005 0.040 0.000 0.012 0.003 0.007 0.150 0.782 
  93 A _   0.005 0.033 0.000 0.010 0.002 0.007 0.150 0.792 
  94 G _   0.005 0.027 0.000 0.007 0.002 0.006 0.150 0.803 
  95 P _   0.004 0.022 0.000 0.005 0.002 0.006 0.149 0.811 
  96 S _   0.004 0.019 0.000 0.004 0.001 0.007 0.148 0.817 
  97 E _   0.005 0.018 0.000 0.003 0.001 0.008 0.146 0.819 
  98 N _   0.006 0.019 0.000 0.004 0.002 0.010 0.143 0.816 
  99 D _   0.008 0.023 0.000 0.005 0.003 0.014 0.139 0.805 
 100 P _   0.013 0.037 0.001 0.010 0.007 0.021 0.133 0.779 
 101 N _   0.018 0.072 0.001 0.020 0.014 0.029 0.125 0.721 
 102 L _   0.022 0.143 0.002 0.035 0.023 0.035 0.114 0.626 
 103 F _   0.022 0.232 0.003 0.054 0.029 0.039 0.102 0.519 
 104 V _   0.021 0.310 0.003 0.070 0.031 0.039 0.093 0.434 
 105 A _   0.020 0.355 0.002 0.082 0.031 0.037 0.086 0.387 
 106 L E   0.018 0.376 0.002 0.087 0.030 0.035 0.083 0.369 
 107 Y E   0.018 0.383 0.002 0.087 0.028 0.033 0.080 0.369 
 108 D _   0.017 0.380 0.002 0.081 0.026 0.030 0.079 0.384 
 109 F _   0.016 0.366 0.002 0.071 0.023 0.027 0.079 0.416 
 110 V _   0.016 0.336 0.002 0.058 0.019 0.024 0.080 0.465 
 111 A _   0.015 0.289 0.002 0.044 0.016 0.021 0.081 0.532 
 112 S _   0.014 0.231 0.002 0.031 0.012 0.019 0.083 0.608 
 113 G _   0.013 0.180 0.001 0.021 0.009 0.017 0.085 0.675 
 114 D _   0.012 0.143 0.001 0.014 0.006 0.015 0.086 0.724 
 115 N _   0.010 0.122 0.001 0.010 0.004 0.013 0.086 0.754 
 116 T _   0.009 0.111 0.000 0.008 0.003 0.012 0.086 0.770 
 117 L _   0.008 0.106 0.000 0.007 0.003 0.012 0.086 0.778 
 118 S _   0.008 0.106 0.000 0.008 0.003 0.012 0.085 0.779 
 119 I _   0.008 0.108 0.000 0.010 0.004 0.012 0.083 0.775 
 120 T _   0.008 0.112 0.001 0.013 0.005 0.013 0.081 0.768 
 121 K _   0.008 0.120 0.001 0.017 0.006 0.013 0.079 0.756 
 122 G _   0.008 0.128 0.001 0.022 0.007 0.014 0.078 0.744 
 123 E _   0.008 0.135 0.001 0.026 0.008 0.014 0.076 0.733 
 124 K _   0.008 0.140 0.001 0.029 0.008 0.014 0.074 0.726 
 125 L _   0.008 0.142 0.001 0.030 0.008 0.014 0.074 0.724 
 126 R _   0.008 0.142 0.001 0.030 0.008 0.013 0.073 0.726 
 127 V _   0.008 0.138 0.001 0.028 0.007 0.012 0.073 0.733 
 128 L _   0.007 0.132 0.001 0.024 0.006 0.011 0.073 0.745 
 129 G _   0.007 0.124 0.001 0.020 0.005 0.010 0.074 0.759 
 130 Y _   0.007 0.114 0.001 0.017 0.005 0.009 0.074 0.773 
 131 N _   0.006 0.105 0.001 0.014 0.004 0.009 0.075 0.787 
 132 H _   0.006 0.097 0.000 0.012 0.003 0.008 0.075 0.797 
 133 N _   0.006 0.091 0.000 0.010 0.003 0.008 0.076 0.805 
 134 G _   0.006 0.087 0.000 0.010 0.003 0.008 0.076 0.810 
 135 E _   0.006 0.084 0.000 0.010 0.003 0.008 0.076 0.813 
 136 W _   0.006 0.083 0.000 0.010 0.003 0.008 0.076 0.815 
 137 C _   0.006 0.082 0.000 0.011 0.003 0.008 0.075 0.816 
 138 E _   0.005 0.081 0.000 0.011 0.003 0.008 0.075 0.817 
 139 A _   0.005 0.081 0.000 0.011 0.003 0.008 0.074 0.818 
 140 Q _   0.005 0.081 0.000 0.011 0.003 0.008 0.073 0.819 
 141 T _   0.005 0.082 0.000 0.011 0.003 0.008 0.072 0.820 
 142 K _   0.004 0.083 0.000 0.011 0.003 0.008 0.070 0.819 
 143 N _   0.005 0.085 0.000 0.012 0.003 0.008 0.069 0.818 
 144 G _   0.005 0.087 0.000 0.013 0.004 0.008 0.068 0.815 
 145 Q _   0.005 0.091 0.000 0.014 0.004 0.009 0.067 0.810 
 146 G _   0.005 0.094 0.001 0.016 0.004 0.010 0.066 0.804 
 147 W _   0.005 0.098 0.001 0.018 0.005 0.010 0.065 0.798 
 148 V _   0.006 0.101 0.001 0.020 0.005 0.011 0.064 0.793 
 149 P _   0.006 0.104 0.001 0.022 0.006 0.011 0.063 0.789 
 150 S _   0.006 0.105 0.001 0.022 0.006 0.011 0.062 0.787 
 151 N _   0.006 0.105 0.001 0.023 0.006 0.011 0.062 0.786 
 152 Y _   0.006 0.103 0.001 0.022 0.006 0.011 0.062 0.788 
 153 I _   0.006 0.101 0.001 0.021 0.006 0.011 0.062 0.792 
 154 T _   0.006 0.097 0.001 0.020 0.005 0.011 0.063 0.797 
 155 P _   0.006 0.093 0.001 0.018 0.005 0.011 0.063 0.803 
 156 V _   0.006 0.089 0.001 0.017 0.005 0.010 0.064 0.809 
 157 N _   0.006 0.084 0.001 0.015 0.005 0.010 0.064 0.816 
 158 S _   0.006 0.079 0.001 0.014 0.004 0.010 0.064 0.822 
 159 L _   0.006 0.074 0.000 0.013 0.004 0.009 0.065 0.828 
 160 E _   0.006 0.070 0.000 0.011 0.004 0.009 0.065 0.834 
 161 K _   0.006 0.067 0.000 0.010 0.003 0.009 0.065 0.839 
 162 H _   0.005 0.064 0.000 0.009 0.003 0.009 0.065 0.844 
 163 S _   0.005 0.062 0.000 0.008 0.003 0.009 0.065 0.846 
 164 W _   0.005 0.061 0.000 0.008 0.003 0.010 0.065 0.848 
 165 Y _   0.006 0.062 0.000 0.008 0.003 0.011 0.064 0.847 
 166 H _   0.006 0.064 0.000 0.008 0.003 0.012 0.064 0.843 
 167 G _   0.008 0.067 0.000 0.008 0.004 0.014 0.063 0.836 
 168 P _   0.009 0.074 0.001 0.009 0.005 0.018 0.061 0.823 
 169 V _   0.012 0.085 0.001 0.012 0.007 0.022 0.060 0.802 
 170 S _   0.016 0.102 0.001 0.015 0.011 0.026 0.058 0.772 
 171 R _   0.020 0.126 0.001 0.019 0.015 0.032 0.056 0.733 
 172 N _   0.024 0.157 0.002 0.024 0.020 0.036 0.054 0.685 
 173 A _   0.028 0.192 0.002 0.029 0.024 0.040 0.052 0.634 
 174 A _   0.031 0.223 0.002 0.034 0.027 0.042 0.050 0.591 
 175 E _   0.034 0.248 0.002 0.037 0.029 0.043 0.049 0.559 
 176 Y _   0.035 0.264 0.002 0.038 0.029 0.043 0.048 0.539 
 177 L _   0.037 0.274 0.002 0.038 0.029 0.042 0.048 0.529 
 178 L _   0.037 0.279 0.002 0.037 0.028 0.041 0.048 0.528 
 179 S _   0.037 0.279 0.002 0.035 0.026 0.039 0.049 0.533 
 180 S _   0.036 0.276 0.002 0.033 0.024 0.037 0.050 0.542 
 181 G _   0.036 0.270 0.001 0.031 0.022 0.035 0.051 0.554 
 182 I _   0.034 0.262 0.001 0.031 0.020 0.032 0.052 0.567 
 183 N _   0.033 0.251 0.001 0.030 0.018 0.030 0.054 0.582 
 184 G _   0.032 0.237 0.001 0.030 0.016 0.027 0.056 0.600 
 185 S _   0.030 0.219 0.001 0.029 0.014 0.025 0.059 0.623 
 186 F _   0.028 0.196 0.001 0.028 0.012 0.022 0.061 0.652 
 187 L _   0.025 0.168 0.001 0.025 0.010 0.020 0.065 0.688 
 188 V _   0.021 0.136 0.001 0.021 0.008 0.017 0.068 0.727 
 189 R _   0.018 0.105 0.001 0.017 0.007 0.015 0.070 0.768 
 190 E _   0.015 0.078 0.001 0.012 0.005 0.012 0.073 0.804 
 191 S _   0.012 0.058 0.001 0.009 0.003 0.010 0.075 0.832 
 192 E _   0.010 0.046 0.000 0.006 0.003 0.009 0.076 0.851 
 193 S _   0.008 0.039 0.000 0.004 0.002 0.008 0.076 0.862 
 194 S _   0.007 0.037 0.000 0.004 0.002 0.008 0.076 0.867 
 195 P _   0.006 0.037 0.000 0.004 0.002 0.008 0.075 0.867 
 196 G _   0.006 0.040 0.000 0.005 0.002 0.009 0.074 0.862 
 197 Q _   0.007 0.048 0.000 0.007 0.003 0.011 0.072 0.850 
 198 R _   0.009 0.064 0.001 0.011 0.005 0.014 0.070 0.828 
 199 S _   0.010 0.089 0.001 0.016 0.007 0.017 0.066 0.794 
 200 I _   0.010 0.125 0.001 0.022 0.010 0.019 0.062 0.750 
 201 S _   0.011 0.166 0.001 0.028 0.012 0.021 0.058 0.703 
 202 L _   0.011 0.206 0.001 0.034 0.014 0.022 0.055 0.658 
 203 R _   0.011 0.241 0.001 0.039 0.015 0.022 0.052 0.619 
 204 Y _   0.011 0.268 0.001 0.042 0.016 0.023 0.049 0.591 
 205 E _   0.011 0.286 0.001 0.045 0.016 0.022 0.047 0.572 
 206 G _   0.011 0.296 0.001 0.046 0.016 0.022 0.046 0.563 
 207 R _   0.011 0.301 0.001 0.045 0.015 0.021 0.046 0.560 
 208 V _   0.011 0.300 0.001 0.044 0.014 0.020 0.045 0.564 
 209 Y _   0.011 0.295 0.001 0.040 0.013 0.019 0.046 0.575 
 210 H _   0.011 0.284 0.001 0.036 0.012 0.017 0.046 0.593 
 211 Y _   0.010 0.268 0.001 0.031 0.010 0.016 0.047 0.617 
 212 R _   0.010 0.247 0.001 0.025 0.009 0.014 0.048 0.645 
 213 I _   0.009 0.225 0.001 0.020 0.007 0.013 0.049 0.674 
 214 N _   0.009 0.204 0.001 0.016 0.006 0.012 0.051 0.702 
 215 T _   0.008 0.187 0.001 0.013 0.005 0.011 0.052 0.724 
 216 A _   0.007 0.174 0.001 0.011 0.004 0.010 0.052 0.740 
 217 S _   0.007 0.165 0.000 0.010 0.004 0.010 0.053 0.752 
 218 D _   0.006 0.158 0.000 0.009 0.003 0.009 0.053 0.760 
 219 G _   0.006 0.155 0.000 0.009 0.003 0.009 0.053 0.764 
 220 K _   0.006 0.152 0.000 0.009 0.003 0.009 0.053 0.766 
 221 L _   0.006 0.151 0.000 0.009 0.003 0.010 0.053 0.767 
 222 Y _   0.006 0.152 0.000 0.009 0.003 0.010 0.052 0.767 
 223 V _   0.006 0.153 0.000 0.010 0.004 0.011 0.051 0.765 
 224 S _   0.006 0.155 0.000 0.010 0.004 0.012 0.051 0.762 
 225 S _   0.007 0.159 0.001 0.010 0.004 0.013 0.050 0.755 
 226 E _   0.008 0.166 0.001 0.012 0.005 0.015 0.048 0.745 
 227 S _   0.009 0.174 0.001 0.013 0.007 0.018 0.047 0.731 
 228 R _   0.011 0.186 0.001 0.016 0.009 0.020 0.046 0.710 
 229 F _   0.012 0.201 0.001 0.020 0.011 0.023 0.045 0.686 
 230 N _   0.014 0.216 0.001 0.024 0.013 0.025 0.044 0.663 
 231 T _   0.015 0.230 0.001 0.028 0.015 0.026 0.043 0.642 
 232 L _   0.016 0.240 0.001 0.031 0.015 0.027 0.043 0.627 
 233 A _   0.017 0.246 0.001 0.032 0.016 0.028 0.042 0.619 
 234 E _   0.018 0.247 0.001 0.031 0.015 0.027 0.042 0.618 
 235 L _   0.018 0.244 0.001 0.028 0.014 0.027 0.042 0.625 
 236 V _   0.019 0.238 0.001 0.024 0.013 0.027 0.043 0.635 
 237 H _   0.019 0.230 0.001 0.019 0.012 0.026 0.043 0.648 
 238 H _   0.020 0.221 0.001 0.016 0.011 0.026 0.044 0.660 
 239 H _   0.021 0.214 0.001 0.014 0.011 0.026 0.045 0.669 
 240 S _   0.022 0.210 0.001 0.013 0.011 0.027 0.045 0.672 
 241 T _   0.023 0.208 0.001 0.014 0.011 0.027 0.046 0.669 
 242 V _   0.024 0.210 0.001 0.017 0.013 0.027 0.047 0.661 
 243 A _   0.025 0.213 0.001 0.022 0.014 0.027 0.047 0.651 
 244 D _   0.026 0.216 0.001 0.027 0.015 0.027 0.048 0.639 
 245 G _   0.027 0.217 0.001 0.032 0.016 0.026 0.050 0.631 
 246 L _   0.026 0.215 0.001 0.036 0.016 0.025 0.052 0.629 
 247 I _   0.025 0.208 0.001 0.038 0.015 0.023 0.054 0.635 
 248 T _   0.023 0.195 0.001 0.037 0.014 0.021 0.057 0.652 
 249 T _   0.021 0.174 0.001 0.034 0.012 0.019 0.060 0.679 
 250 L _   0.019 0.144 0.001 0.029 0.010 0.017 0.064 0.717 
 251 H _   0.016 0.107 0.001 0.022 0.008 0.014 0.068 0.763 
 252 Y _   0.014 0.071 0.001 0.016 0.006 0.012 0.072 0.809 
 253 P _   0.011 0.045 0.001 0.010 0.004 0.010 0.076 0.844 
 254 A _   0.009 0.029 0.000 0.007 0.003 0.008 0.078 0.866 
 255 P _   0.007 0.021 0.000 0.005 0.002 0.007 0.079 0.879 
 256 K _   0.006 0.017 0.000 0.004 0.002 0.007 0.080 0.884 
 257 R _   0.006 0.015 0.000 0.005 0.002 0.006 0.080 0.885 
 258 N _   0.006 0.015 0.000 0.006 0.002 0.007 0.080 0.884 
 259 K _   0.006 0.017 0.000 0.008 0.002 0.007 0.080 0.880 
 260 P _   0.006 0.019 0.000 0.010 0.003 0.008 0.079 0.874 
 261 T _   0.006 0.021 0.000 0.013 0.004 0.009 0.078 0.869 
 262 V _   0.006 0.024 0.000 0.015 0.004 0.009 0.078 0.864 
 263 Y _   0.006 0.025 0.000 0.015 0.004 0.009 0.077 0.863 
 264 G _   0.006 0.026 0.000 0.015 0.004 0.008 0.076 0.865 
 265 V _   0.005 0.027 0.000 0.013 0.003 0.008 0.075 0.868 
 266 S _   0.005 0.027 0.000 0.011 0.003 0.008 0.074 0.872 
 267 P _   0.005 0.028 0.000 0.009 0.003 0.007 0.073 0.875 
 268 N _   0.005 0.029 0.000 0.008 0.002 0.007 0.071 0.877 
 269 Y _   0.005 0.031 0.000 0.008 0.002 0.008 0.070 0.877 
 270 D _   0.005 0.034 0.000 0.008 0.003 0.009 0.068 0.872 
 271 K _   0.006 0.041 0.000 0.010 0.004 0.010 0.066 0.864 
 272 W _   0.007 0.050 0.001 0.013 0.004 0.011 0.064 0.850 
 273 E _   0.007 0.063 0.001 0.018 0.006 0.012 0.061 0.833 
 274 M _   0.007 0.076 0.001 0.022 0.007 0.013 0.058 0.815 
 275 E _   0.008 0.089 0.001 0.027 0.007 0.013 0.056 0.800 
 276 R _   0.007 0.098 0.001 0.029 0.008 0.013 0.054 0.790 
 277 T _   0.007 0.103 0.001 0.030 0.008 0.013 0.053 0.786 
 278 D _   0.007 0.106 0.001 0.029 0.007 0.012 0.051 0.787 
 279 I _   0.007 0.106 0.001 0.026 0.007 0.012 0.050 0.792 
 280 T _   0.006 0.103 0.001 0.023 0.006 0.011 0.050 0.801 
 281 M _   0.006 0.100 0.001 0.019 0.005 0.010 0.049 0.811 
 282 K _   0.006 0.095 0.001 0.015 0.004 0.009 0.049 0.821 
 283 H _   0.006 0.091 0.000 0.012 0.004 0.009 0.049 0.830 
 284 K _   0.006 0.088 0.000 0.010 0.003 0.008 0.048 0.837 
 285 L _   0.005 0.086 0.000 0.008 0.003 0.008 0.047 0.841 
 286 G _   0.006 0.086 0.000 0.008 0.003 0.009 0.047 0.842 
 287 G _   0.006 0.088 0.000 0.008 0.003 0.009 0.045 0.840 
 288 G _   0.006 0.092 0.000 0.009 0.004 0.010 0.044 0.834 
 289 Q _   0.007 0.099 0.001 0.011 0.004 0.012 0.043 0.825 
 290 Y _   0.008 0.107 0.001 0.013 0.005 0.013 0.041 0.812 
 291 G _   0.008 0.117 0.001 0.016 0.006 0.015 0.039 0.798 
 292 E _   0.009 0.128 0.001 0.018 0.007 0.016 0.038 0.783 
 293 V _   0.009 0.139 0.001 0.020 0.008 0.018 0.036 0.769 
 294 Y _   0.010 0.148 0.001 0.022 0.009 0.019 0.035 0.757 
 295 E _   0.010 0.156 0.001 0.023 0.010 0.020 0.033 0.747 
 296 G _   0.011 0.163 0.001 0.023 0.010 0.021 0.032 0.738 
 297 V _   0.012 0.168 0.001 0.023 0.011 0.022 0.031 0.732 
 298 W _   0.013 0.172 0.001 0.023 0.012 0.023 0.030 0.727 
 299 K _   0.013 0.174 0.001 0.024 0.012 0.023 0.029 0.722 
 300 K _   0.014 0.176 0.001 0.025 0.013 0.024 0.029 0.719 
 301 Y _   0.014 0.177 0.001 0.026 0.013 0.024 0.028 0.716 
 302 S _   0.015 0.177 0.001 0.028 0.014 0.024 0.028 0.714 
 303 L _   0.015 0.175 0.001 0.030 0.014 0.023 0.028 0.715 
 304 T _   0.015 0.170 0.001 0.030 0.013 0.022 0.028 0.720 
 305 V _   0.015 0.163 0.001 0.029 0.013 0.021 0.028 0.730 
 306 A _   0.015 0.152 0.001 0.027 0.012 0.020 0.028 0.744 
 307 V _   0.015 0.137 0.001 0.024 0.011 0.019 0.028 0.764 
 308 K _   0.015 0.119 0.001 0.020 0.009 0.018 0.029 0.789 
 309 T _   0.014 0.098 0.001 0.016 0.008 0.017 0.029 0.816 
 310 L _   0.014 0.080 0.001 0.012 0.007 0.016 0.030 0.841 
 311 K _   0.014 0.065 0.001 0.010 0.006 0.016 0.030 0.859 
 312 E _   0.013 0.056 0.001 0.008 0.005 0.016 0.030 0.871 
 313 D _   0.013 0.051 0.001 0.007 0.005 0.016 0.030 0.877 
 314 T _   0.014 0.048 0.001 0.008 0.005 0.017 0.030 0.877 
 315 M _   0.015 0.048 0.001 0.009 0.006 0.018 0.030 0.872 
 316 E _   0.017 0.050 0.001 0.012 0.007 0.020 0.030 0.865 
 317 V _   0.018 0.053 0.001 0.015 0.009 0.021 0.029 0.855 
 318 E _   0.019 0.056 0.001 0.019 0.010 0.022 0.029 0.844 
 319 E _   0.019 0.058 0.001 0.023 0.012 0.023 0.029 0.836 
 320 F _   0.019 0.059 0.001 0.026 0.012 0.023 0.028 0.831 
 321 L _   0.019 0.059 0.001 0.028 0.013 0.022 0.028 0.830 
 322 K _   0.019 0.057 0.001 0.028 0.012 0.022 0.028 0.832 
 323 E _   0.018 0.053 0.001 0.027 0.012 0.021 0.029 0.839 
 324 A _   0.018 0.047 0.001 0.025 0.010 0.019 0.029 0.851 
 325 A _   0.017 0.039 0.001 0.021 0.009 0.018 0.030 0.866 
 326 V _   0.017 0.030 0.001 0.016 0.007 0.016 0.030 0.883 
 327 M _   0.016 0.020 0.001 0.012 0.006 0.015 0.031 0.900 
 328 K _   0.015 0.013 0.001 0.008 0.004 0.014 0.031 0.914 
 329 E _   0.015 0.007 0.000 0.006 0.004 0.013 0.031 0.924 
 330 I _   0.014 0.004 0.000 0.004 0.003 0.014 0.031 0.930 
 331 K _   0.015 0.002 0.000 0.003 0.003 0.015 0.031 0.930 
 332 H _   0.018 0.002 0.000 0.003 0.004 0.017 0.030 0.926 
 333 P _   0.021 0.002 0.000 0.004 0.005 0.021 0.030 0.917 
 334 N _   0.026 0.003 0.001 0.007 0.007 0.025 0.029 0.902 
 335 L _   0.032 0.005 0.001 0.011 0.011 0.030 0.028 0.882 
 336 V _   0.038 0.008 0.001 0.017 0.015 0.035 0.027 0.859 
 337 Q _   0.043 0.011 0.001 0.023 0.019 0.039 0.026 0.837 
 338 L _   0.046 0.014 0.002 0.028 0.022 0.042 0.025 0.820 
 339 L _   0.049 0.015 0.002 0.031 0.024 0.044 0.024 0.811 
 340 G _   0.051 0.015 0.002 0.031 0.024 0.045 0.024 0.809 
 341 V _   0.054 0.013 0.002 0.026 0.022 0.044 0.023 0.815 
 342 C _   0.056 0.010 0.001 0.020 0.019 0.044 0.023 0.826 
 343 T _   0.059 0.007 0.001 0.014 0.016 0.043 0.023 0.837 
 344 R _   0.062 0.004 0.001 0.009 0.014 0.043 0.022 0.845 
 345 E _   0.066 0.002 0.001 0.006 0.012 0.044 0.022 0.847 
 346 P _   0.072 0.002 0.001 0.004 0.012 0.045 0.021 0.843 
 347 P _   0.079 0.002 0.001 0.004 0.014 0.048 0.021 0.832 
 348 F _   0.087 0.002 0.001 0.005 0.017 0.051 0.020 0.816 
 349 Y _   0.096 0.005 0.001 0.008 0.022 0.054 0.020 0.793 
 350 I _   0.104 0.009 0.002 0.013 0.029 0.058 0.019 0.766 
 351 I _   0.109 0.016 0.002 0.019 0.035 0.060 0.019 0.739 
 352 T _   0.111 0.023 0.002 0.026 0.039 0.060 0.019 0.720 
 353 E _   0.107 0.028 0.002 0.032 0.041 0.058 0.019 0.713 
 354 F _   0.100 0.030 0.002 0.035 0.040 0.055 0.019 0.719 
 355 M _   0.090 0.031 0.002 0.035 0.037 0.051 0.019 0.734 
 356 T _   0.080 0.030 0.002 0.033 0.033 0.046 0.019 0.757 
 357 Y _   0.069 0.027 0.002 0.029 0.027 0.040 0.020 0.787 
 358 G _   0.058 0.022 0.002 0.024 0.021 0.035 0.020 0.819 
 359 N _   0.049 0.017 0.001 0.019 0.015 0.030 0.021 0.848 
 360 L _   0.041 0.013 0.001 0.015 0.011 0.025 0.021 0.873 
 361 L _   0.036 0.009 0.001 0.012 0.008 0.021 0.021 0.892 
 362 D _   0.032 0.006 0.001 0.009 0.006 0.018 0.021 0.907 
 363 Y _   0.030 0.003 0.001 0.007 0.005 0.015 0.021 0.918 
 364 L _   0.031 0.002 0.000 0.006 0.004 0.014 0.021 0.923 
 365 R _   0.034 0.001 0.000 0.004 0.003 0.012 0.020 0.924 
 366 E _   0.042 0.000 0.000 0.003 0.003 0.012 0.020 0.919 
 367 C _   0.057 0.000 0.000 0.003 0.003 0.012 0.019 0.906 
 368 N _   0.081 0.000 0.000 0.002 0.004 0.012 0.017 0.883 
 369 R _   0.119 0.000 0.001 0.002 0.004 0.014 0.016 0.845 
 370 Q _   0.177 0.000 0.001 0.002 0.006 0.016 0.014 0.785 
 371 E _   0.258 0.000 0.001 0.002 0.008 0.019 0.012 0.701 
 372 V _   0.353 0.000 0.001 0.002 0.012 0.022 0.010 0.601 
 373 N _   0.458 0.000 0.001 0.002 0.017 0.025 0.008 0.490 
 374 A H   0.553 0.000 0.001 0.002 0.022 0.027 0.007 0.388 
 375 V H   0.631 0.000 0.002 0.002 0.027 0.028 0.006 0.304 
 376 V H   0.690 0.000 0.002 0.002 0.031 0.028 0.006 0.242 
 377 L H   0.729 0.000 0.002 0.003 0.033 0.027 0.006 0.201 
 378 L H   0.748 0.000 0.002 0.003 0.035 0.026 0.006 0.180 
 379 Y H   0.754 0.000 0.002 0.003 0.035 0.025 0.006 0.175 
 380 M H   0.745 0.000 0.002 0.003 0.035 0.024 0.007 0.184 
 381 A H   0.722 0.000 0.002 0.003 0.033 0.023 0.008 0.209 
 382 T H   0.683 0.000 0.002 0.003 0.031 0.022 0.009 0.250 
 383 Q H   0.627 0.000 0.002 0.003 0.027 0.022 0.011 0.308 
 384 I H   0.559 0.000 0.002 0.004 0.024 0.021 0.013 0.377 
 385 S H   0.484 0.000 0.002 0.004 0.020 0.021 0.016 0.453 
 386 S _   0.406 0.000 0.001 0.005 0.016 0.020 0.020 0.531 
 387 A _   0.329 0.000 0.001 0.006 0.014 0.019 0.023 0.607 
 388 M _   0.257 0.001 0.001 0.008 0.011 0.018 0.027 0.678 
 389 E _   0.192 0.001 0.001 0.008 0.009 0.017 0.030 0.742 
 390 Y _   0.139 0.001 0.001 0.008 0.007 0.015 0.033 0.796 
 391 L _   0.097 0.001 0.001 0.007 0.006 0.013 0.036 0.840 
 392 E _   0.066 0.000 0.001 0.006 0.004 0.011 0.037 0.874 
 393 K _   0.044 0.000 0.000 0.005 0.003 0.010 0.039 0.898 
 394 K _   0.030 0.000 0.000 0.004 0.003 0.009 0.040 0.914 
 395 N _   0.021 0.000 0.000 0.004 0.002 0.008 0.040 0.923 
 396 F _   0.016 0.001 0.000 0.004 0.002 0.008 0.041 0.929 
 397 I _   0.013 0.001 0.000 0.004 0.002 0.009 0.041 0.930 
 398 H _   0.011 0.002 0.000 0.005 0.003 0.010 0.040 0.928 
 399 R _   0.011 0.003 0.000 0.007 0.003 0.011 0.040 0.925 
 400 D _   0.011 0.005 0.000 0.008 0.004 0.012 0.039 0.919 
 401 L _   0.011 0.008 0.001 0.010 0.005 0.014 0.039 0.912 
 402 A _   0.012 0.011 0.001 0.012 0.006 0.015 0.038 0.905 
 403 A _   0.013 0.014 0.001 0.014 0.007 0.016 0.037 0.898 
 404 R _   0.013 0.017 0.001 0.015 0.007 0.018 0.036 0.892 
 405 N _   0.014 0.019 0.001 0.015 0.008 0.019 0.036 0.888 
 406 C _   0.016 0.022 0.001 0.014 0.008 0.020 0.035 0.884 
 407 L _   0.017 0.024 0.001 0.014 0.009 0.022 0.034 0.880 
 408 V _   0.019 0.026 0.001 0.013 0.009 0.023 0.034 0.875 
 409 G _   0.021 0.029 0.001 0.013 0.010 0.025 0.033 0.868 
 410 E _   0.023 0.032 0.001 0.014 0.011 0.027 0.033 0.860 
 411 N _   0.026 0.036 0.001 0.015 0.012 0.028 0.032 0.850 
 412 H _   0.029 0.040 0.001 0.016 0.013 0.030 0.032 0.838 
 413 L _   0.031 0.045 0.001 0.018 0.015 0.032 0.031 0.827 
 414 V _   0.033 0.051 0.001 0.020 0.016 0.032 0.031 0.817 
 415 K _   0.033 0.056 0.001 0.022 0.016 0.033 0.031 0.808 
 416 V _   0.033 0.060 0.001 0.024 0.017 0.032 0.031 0.802 
 417 A _   0.033 0.063 0.001 0.025 0.017 0.032 0.030 0.798 
 418 D _   0.032 0.066 0.001 0.026 0.017 0.031 0.030 0.797 
 419 F _   0.030 0.067 0.001 0.027 0.016 0.029 0.030 0.799 
 420 G _   0.029 0.066 0.001 0.027 0.016 0.028 0.031 0.802 
 421 L _   0.027 0.064 0.001 0.027 0.014 0.026 0.031 0.809 
 422 S _   0.024 0.061 0.001 0.026 0.013 0.023 0.032 0.820 
 423 R _   0.022 0.056 0.001 0.024 0.011 0.021 0.033 0.832 
 424 L _   0.019 0.050 0.001 0.022 0.009 0.018 0.033 0.847 
 425 M _   0.016 0.043 0.001 0.018 0.008 0.016 0.034 0.864 
 426 T _   0.014 0.035 0.001 0.015 0.006 0.014 0.035 0.881 
 427 G _   0.012 0.027 0.001 0.012 0.005 0.012 0.035 0.896 
 428 D _   0.011 0.021 0.000 0.009 0.004 0.010 0.036 0.909 
 429 T _   0.009 0.017 0.000 0.007 0.003 0.009 0.036 0.918 
 430 Y _   0.008 0.014 0.000 0.006 0.003 0.009 0.036 0.924 
 431 T _   0.008 0.013 0.000 0.005 0.003 0.008 0.036 0.927 
 432 A _   0.008 0.013 0.000 0.006 0.003 0.009 0.035 0.927 
 433 H _   0.008 0.013 0.000 0.007 0.003 0.009 0.035 0.925 
 434 A _   0.008 0.015 0.000 0.008 0.004 0.010 0.034 0.921 
 435 G _   0.008 0.018 0.001 0.011 0.005 0.012 0.033 0.913 
 436 A _   0.009 0.022 0.001 0.014 0.006 0.013 0.032 0.904 
 437 K _   0.010 0.026 0.001 0.018 0.007 0.014 0.031 0.894 
 438 F _   0.010 0.030 0.001 0.021 0.008 0.015 0.030 0.886 
 439 P _   0.010 0.032 0.001 0.024 0.009 0.016 0.029 0.880 
 440 I _   0.010 0.034 0.001 0.026 0.009 0.016 0.028 0.876 
 441 K _   0.010 0.035 0.001 0.026 0.009 0.016 0.027 0.876 
 442 W _   0.010 0.034 0.001 0.026 0.009 0.016 0.026 0.878 
 443 T _   0.010 0.032 0.001 0.024 0.009 0.015 0.026 0.883 
 444 A _   0.010 0.030 0.001 0.022 0.008 0.015 0.026 0.889 
 445 P _   0.011 0.026 0.001 0.020 0.007 0.014 0.025 0.896 
 446 E _   0.011 0.022 0.001 0.017 0.007 0.014 0.025 0.904 
 447 S _   0.012 0.017 0.001 0.014 0.006 0.013 0.025 0.912 
 448 L _   0.014 0.013 0.001 0.012 0.005 0.012 0.025 0.919 
 449 A _   0.016 0.009 0.001 0.010 0.005 0.012 0.024 0.924 
 450 Y _   0.021 0.005 0.001 0.007 0.004 0.012 0.024 0.927 
 451 N _   0.028 0.003 0.000 0.006 0.004 0.012 0.023 0.925 
 452 K _   0.040 0.001 0.000 0.004 0.004 0.012 0.022 0.916 
 453 F _   0.059 0.001 0.001 0.003 0.004 0.013 0.021 0.899 
 454 S _   0.092 0.000 0.001 0.003 0.005 0.014 0.019 0.867 
 455 I _   0.140 0.000 0.001 0.002 0.006 0.016 0.018 0.817 
 456 K _   0.209 0.000 0.001 0.002 0.008 0.019 0.016 0.746 
 457 S _   0.294 0.000 0.001 0.002 0.011 0.021 0.014 0.657 
 458 D _   0.392 0.000 0.001 0.002 0.014 0.024 0.012 0.555 
 459 V H   0.491 0.000 0.001 0.002 0.019 0.026 0.010 0.451 
 460 W H   0.581 0.000 0.002 0.002 0.024 0.027 0.009 0.356 
 461 A H   0.651 0.000 0.002 0.002 0.028 0.027 0.009 0.282 
 462 F H   0.702 0.000 0.002 0.002 0.031 0.026 0.008 0.229 
 463 G H   0.735 0.000 0.002 0.002 0.034 0.025 0.009 0.194 
 464 V H   0.754 0.000 0.002 0.002 0.036 0.024 0.009 0.173 
 465 L H   0.757 0.000 0.002 0.002 0.037 0.023 0.010 0.169 
 466 L H   0.747 0.000 0.002 0.003 0.037 0.022 0.012 0.177 
 467 W H   0.721 0.000 0.002 0.003 0.036 0.021 0.015 0.201 
 468 E H   0.676 0.000 0.002 0.004 0.034 0.021 0.018 0.244 
 469 I H   0.610 0.000 0.002 0.005 0.031 0.020 0.024 0.308 
 470 A H   0.522 0.000 0.002 0.006 0.025 0.019 0.031 0.395 
 471 T _   0.421 0.000 0.002 0.006 0.019 0.017 0.038 0.496 
 472 Y _   0.322 0.000 0.001 0.005 0.013 0.015 0.047 0.597 
 473 G _   0.228 0.000 0.001 0.004 0.009 0.013 0.055 0.690 
 474 M _   0.152 0.000 0.001 0.003 0.006 0.011 0.062 0.765 
 475 S _   0.097 0.000 0.001 0.003 0.004 0.010 0.067 0.819 
 476 P _   0.061 0.000 0.000 0.002 0.003 0.009 0.072 0.853 
 477 Y _   0.040 0.000 0.000 0.002 0.002 0.009 0.075 0.872 
 478 P _   0.028 0.001 0.000 0.002 0.002 0.010 0.077 0.879 
 479 G _   0.023 0.002 0.000 0.004 0.003 0.012 0.080 0.877 
 480 I _   0.021 0.006 0.001 0.007 0.005 0.014 0.081 0.865 
 481 D _   0.020 0.017 0.001 0.013 0.007 0.018 0.083 0.842 
 482 L _   0.019 0.035 0.001 0.023 0.010 0.021 0.084 0.807 
 483 S _   0.019 0.055 0.001 0.034 0.013 0.022 0.085 0.769 
 484 Q _   0.018 0.073 0.001 0.046 0.015 0.023 0.087 0.736 
 485 V _   0.016 0.084 0.001 0.054 0.016 0.023 0.090 0.714 
 486 Y _   0.015 0.090 0.001 0.058 0.016 0.022 0.093 0.705 
 487 E _   0.014 0.091 0.001 0.056 0.014 0.021 0.097 0.705 
 488 L _   0.013 0.087 0.001 0.050 0.012 0.019 0.102 0.715 
 489 L _   0.012 0.080 0.001 0.041 0.010 0.016 0.108 0.732 
 490 E _   0.011 0.068 0.001 0.031 0.008 0.014 0.115 0.753 
 491 K _   0.010 0.054 0.001 0.022 0.006 0.012 0.121 0.775 
 492 D _   0.009 0.040 0.001 0.014 0.004 0.010 0.127 0.795 
 493 Y _   0.008 0.029 0.000 0.010 0.003 0.008 0.132 0.810 
 494 R _   0.007 0.022 0.000 0.006 0.002 0.007 0.137 0.818 
 495 M _   0.006 0.019 0.000 0.005 0.002 0.006 0.139 0.823 
 496 E _   0.006 0.017 0.000 0.004 0.001 0.006 0.141 0.824 
 497 R _   0.005 0.017 0.000 0.003 0.001 0.007 0.143 0.823 
 498 P _   0.006 0.018 0.000 0.004 0.002 0.008 0.143 0.820 
 499 E _   0.006 0.022 0.000 0.005 0.002 0.010 0.142 0.813 
 500 G _   0.008 0.030 0.000 0.007 0.003 0.012 0.141 0.798 
 501 C _   0.010 0.047 0.001 0.010 0.005 0.016 0.139 0.772 
 502 P _   0.012 0.080 0.001 0.017 0.009 0.021 0.135 0.724 
 503 E _   0.014 0.138 0.002 0.026 0.014 0.026 0.130 0.651 
 504 K _   0.015 0.219 0.002 0.037 0.020 0.029 0.123 0.554 
 505 V _   0.015 0.308 0.002 0.049 0.023 0.030 0.118 0.454 
 506 Y E   0.014 0.381 0.002 0.060 0.025 0.030 0.114 0.375 
 507 E E   0.013 0.427 0.002 0.069 0.024 0.028 0.112 0.325 
 508 L E   0.012 0.451 0.002 0.075 0.023 0.027 0.111 0.300 
 509 M E   0.011 0.460 0.001 0.077 0.022 0.025 0.112 0.290 
 510 R E   0.011 0.459 0.001 0.076 0.021 0.023 0.114 0.294 
 511 A E   0.011 0.446 0.002 0.071 0.019 0.021 0.118 0.311 
 512 C E   0.011 0.416 0.002 0.063 0.018 0.019 0.125 0.346 
 513 W _   0.012 0.360 0.002 0.053 0.016 0.018 0.134 0.406 
 514 Q _   0.012 0.274 0.002 0.041 0.014 0.017 0.146 0.495 
 515 W _   0.012 0.176 0.002 0.028 0.011 0.015 0.160 0.596 
 516 N _   0.012 0.095 0.001 0.017 0.007 0.014 0.172 0.682 
 517 P _   0.010 0.047 0.001 0.009 0.004 0.012 0.181 0.735 
 518 S _   0.009 0.026 0.000 0.005 0.003 0.011 0.187 0.759 
 519 D _   0.008 0.019 0.000 0.003 0.002 0.012 0.190 0.766 
 520 R _   0.009 0.017 0.000 0.003 0.002 0.013 0.193 0.763 
 521 P _   0.011 0.018 0.000 0.003 0.003 0.017 0.194 0.753 
 522 S _   0.016 0.023 0.001 0.006 0.005 0.022 0.195 0.732 
 523 F _   0.022 0.039 0.001 0.011 0.010 0.029 0.195 0.694 
 524 A _   0.027 0.074 0.002 0.020 0.017 0.036 0.195 0.629 
 525 E _   0.031 0.130 0.002 0.032 0.025 0.041 0.193 0.545 
 526 I _   0.032 0.191 0.003 0.044 0.031 0.044 0.192 0.463 
 527 H _   0.033 0.238 0.002 0.056 0.035 0.044 0.193 0.400 
 528 Q _   0.032 0.266 0.002 0.064 0.036 0.043 0.195 0.361 
 529 A _   0.032 0.280 0.002 0.070 0.036 0.042 0.198 0.340 
 530 F _   0.031 0.285 0.002 0.072 0.035 0.039 0.204 0.332 
 531 E _   0.029 0.282 0.002 0.070 0.032 0.036 0.212 0.337 
 532 T _   0.027 0.270 0.002 0.064 0.028 0.032 0.223 0.354 
 533 M _   0.025 0.245 0.002 0.055 0.024 0.028 0.236 0.386 
 534 F _   0.022 0.207 0.002 0.043 0.019 0.023 0.253 0.431 
 535 Q _   0.020 0.157 0.002 0.032 0.014 0.020 0.272 0.484 
 536 E _   0.017 0.107 0.001 0.022 0.010 0.016 0.290 0.537 
 537 S _   0.014 0.067 0.001 0.014 0.006 0.013 0.306 0.579 
 538 S _   0.011 0.042 0.001 0.009 0.004 0.010 0.318 0.606 
 539 I _   0.008 0.030 0.000 0.006 0.003 0.008 0.327 0.619 
 540 S _   0.006 0.024 0.000 0.004 0.002 0.007 0.333 0.623 
 541 D _   0.005 0.021 0.000 0.004 0.002 0.007 0.338 0.623 
 542 E _   0.005 0.021 0.000 0.004 0.002 0.007 0.341 0.621 
 543 V _   0.005 0.021 0.000 0.004 0.002 0.008 0.344 0.616 
 544 E _   0.005 0.023 0.000 0.005 0.002 0.009 0.346 0.609 
 545 K _   0.006 0.028 0.000 0.006 0.003 0.010 0.348 0.599 
 546 E _   0.007 0.035 0.000 0.008 0.004 0.013 0.348 0.585 
 547 L _   0.008 0.045 0.001 0.010 0.005 0.015 0.349 0.567 
 548 G _   0.010 0.059 0.001 0.013 0.007 0.018 0.349 0.544 
 549 K _   0.012 0.078 0.001 0.016 0.009 0.022 0.350 0.513 
 550 Q _   0.014 0.101 0.001 0.020 0.012 0.025 0.350 0.478 
 551 G _   0.015 0.127 0.001 0.024 0.015 0.028 0.351 0.438 
 552 V _   0.017 0.155 0.001 0.029 0.018 0.030 0.353 0.396 
 553 R _   0.018 0.180 0.002 0.035 0.021 0.032 0.355 0.357 
 554 G X   0.019 0.200 0.002 0.041 0.023 0.032 0.359 0.324 
 555 A X   0.019 0.215 0.002 0.046 0.024 0.032 0.365 0.297 
 556 V X   0.019 0.223 0.002 0.050 0.025 0.031 0.372 0.278 
 557 S X   0.019 0.226 0.002 0.052 0.024 0.030 0.381 0.267 
 558 T X   0.019 0.223 0.002 0.052 0.023 0.028 0.393 0.261 
 559 L X   0.017 0.215 0.002 0.050 0.021 0.025 0.409 0.262 
 560 L X   0.016 0.199 0.002 0.045 0.018 0.023 0.428 0.269 
 561 Q X   0.015 0.175 0.002 0.039 0.016 0.020 0.452 0.282 
 562 A X   0.013 0.143 0.002 0.031 0.013 0.018 0.480 0.300 
 563 P X   0.012 0.107 0.001 0.024 0.010 0.015 0.510 0.320 
 564 E X   0.011 0.073 0.001 0.017 0.007 0.013 0.540 0.337 
 565 L X   0.009 0.049 0.001 0.012 0.005 0.011 0.566 0.348 
 566 P X   0.007 0.033 0.001 0.008 0.004 0.009 0.587 0.351 
 567 T X   0.006 0.024 0.000 0.006 0.003 0.008 0.604 0.348 
 568 K X   0.005 0.019 0.000 0.005 0.002 0.007 0.618 0.342 
 569 T X   0.005 0.017 0.000 0.005 0.002 0.007 0.631 0.333 
 570 R X   0.004 0.015 0.000 0.006 0.002 0.007 0.642 0.323 
 571 T X   0.004 0.015 0.000 0.008 0.002 0.007 0.653 0.311 
 572 S X   0.004 0.014 0.000 0.009 0.003 0.007 0.663 0.299 
 573 R X   0.004 0.014 0.000 0.011 0.003 0.007 0.674 0.287 
 574 R X   0.004 0.014 0.000 0.012 0.003 0.007 0.685 0.275 
 575 A X   0.004 0.013 0.000 0.012 0.003 0.006 0.697 0.264 
 576 A X   0.003 0.012 0.000 0.012 0.003 0.006 0.709 0.254 
 577 E X   0.003 0.011 0.000 0.011 0.003 0.006 0.722 0.244 
 578 H X   0.003 0.009 0.000 0.009 0.003 0.005 0.736 0.235 
 579 R X   0.003 0.007 0.000 0.008 0.002 0.005 0.749 0.226 
 580 D X   0.003 0.006 0.000 0.006 0.002 0.004 0.763 0.216 
 581 T X   0.002 0.005 0.000 0.005 0.002 0.004 0.775 0.207 
 582 T X   0.002 0.004 0.000 0.005 0.001 0.003 0.787 0.197 
 583 D X   0.002 0.003 0.000 0.004 0.001 0.003 0.798 0.188 
 584 V X   0.002 0.003 0.000 0.004 0.001 0.003 0.808 0.178 
 585 P X   0.002 0.003 0.000 0.005 0.001 0.003 0.817 0.169 
 586 E X   0.002 0.002 0.000 0.005 0.001 0.003 0.826 0.160 
 587 M X   0.002 0.002 0.000 0.005 0.001 0.003 0.834 0.152 
 588 P X   0.002 0.002 0.000 0.005 0.001 0.003 0.842 0.144 
 589 H X   0.002 0.002 0.000 0.005 0.001 0.003 0.850 0.137 
 590 S X   0.002 0.002 0.000 0.005 0.001 0.002 0.858 0.131 
 591 K X   0.001 0.001 0.000 0.004 0.001 0.002 0.865 0.125 
 592 G X   0.001 0.001 0.000 0.003 0.001 0.002 0.871 0.121 
 593 Q X   0.001 0.001 0.000 0.003 0.001 0.002 0.877 0.116 
 594 G X   0.001 0.001 0.000 0.002 0.001 0.001 0.882 0.113 
 595 E X   0.001 0.000 0.000 0.002 0.000 0.001 0.885 0.110 
 596 S X   0.001 0.000 0.000 0.001 0.000 0.001 0.889 0.108 
 597 D X   0.001 0.000 0.000 0.001 0.000 0.001 0.891 0.106 
 598 P X   0.001 0.000 0.000 0.001 0.000 0.001 0.893 0.104 
 599 L X   0.001 0.000 0.000 0.001 0.000 0.001 0.894 0.103 
 600 D X   0.001 0.001 0.000 0.001 0.000 0.001 0.895 0.101 
 601 H X   0.001 0.001 0.000 0.002 0.000 0.001 0.895 0.100 
 602 E X   0.001 0.001 0.000 0.002 0.001 0.002 0.895 0.098 
 603 P X   0.001 0.002 0.000 0.003 0.001 0.002 0.895 0.097 
 604 A X   0.001 0.002 0.000 0.004 0.001 0.002 0.894 0.095 
 605 V X   0.001 0.003 0.000 0.005 0.001 0.002 0.894 0.093 
 606 S X   0.001 0.003 0.000 0.006 0.001 0.002 0.895 0.092 
 607 P X   0.001 0.003 0.000 0.006 0.001 0.003 0.895 0.090 
 608 L X   0.001 0.003 0.000 0.007 0.001 0.002 0.897 0.089 
 609 L X   0.001 0.003 0.000 0.006 0.001 0.002 0.898 0.088 
 610 P X   0.001 0.003 0.000 0.005 0.001 0.002 0.901 0.087 
 611 R X   0.001 0.003 0.000 0.004 0.001 0.002 0.903 0.086 
 612 K X   0.001 0.002 0.000 0.003 0.001 0.002 0.906 0.085 
 613 E X   0.001 0.002 0.000 0.003 0.001 0.001 0.908 0.085 
 614 R X   0.001 0.001 0.000 0.002 0.000 0.001 0.910 0.084 
 615 G X   0.001 0.001 0.000 0.002 0.000 0.001 0.912 0.083 
 616 P X   0.001 0.001 0.000 0.001 0.000 0.001 0.913 0.083 
 617 P X   0.001 0.001 0.000 0.001 0.000 0.001 0.913 0.083 
 618 E X   0.001 0.001 0.000 0.001 0.000 0.001 0.913 0.083 
 619 G X   0.001 0.001 0.000 0.001 0.000 0.001 0.913 0.083 
 620 G X   0.001 0.001 0.000 0.001 0.000 0.001 0.913 0.083 
 621 L X   0.001 0.001 0.000 0.002 0.000 0.001 0.912 0.084 
 622 N X   0.001 0.001 0.000 0.002 0.000 0.001 0.911 0.085 
 623 E X   0.001 0.001 0.000 0.002 0.000 0.001 0.909 0.086 
 624 D X   0.001 0.001 0.000 0.002 0.000 0.001 0.907 0.088 
 625 E X   0.001 0.001 0.000 0.002 0.000 0.001 0.904 0.090 
 626 R X   0.001 0.001 0.000 0.002 0.000 0.001 0.902 0.093 
 627 L X   0.001 0.001 0.000 0.002 0.000 0.001 0.898 0.096 
 628 L X   0.001 0.002 0.000 0.002 0.000 0.002 0.894 0.100 
 629 P X   0.001 0.002 0.000 0.002 0.001 0.002 0.889 0.103 
 630 K X   0.001 0.003 0.000 0.003 0.001 0.002 0.883 0.107 
 631 D X   0.001 0.005 0.000 0.004 0.001 0.003 0.877 0.109 
 632 K X   0.001 0.008 0.000 0.006 0.002 0.004 0.869 0.111 
 633 K X   0.001 0.013 0.000 0.008 0.002 0.005 0.860 0.110 
 634 T X   0.002 0.018 0.000 0.012 0.003 0.005 0.851 0.109 
 635 N X   0.002 0.023 0.000 0.016 0.003 0.006 0.842 0.107 
 636 L X   0.002 0.027 0.000 0.019 0.004 0.006 0.836 0.106 
 637 F X   0.002 0.030 0.000 0.021 0.004 0.006 0.831 0.106 
 638 S X   0.002 0.031 0.000 0.022 0.004 0.006 0.828 0.108 
 639 A X   0.002 0.030 0.000 0.021 0.004 0.006 0.826 0.111 
 640 L X   0.002 0.029 0.000 0.018 0.003 0.005 0.826 0.116 
 641 I X   0.002 0.026 0.000 0.015 0.003 0.005 0.827 0.122 
 642 K X   0.002 0.022 0.000 0.011 0.002 0.004 0.829 0.129 
 643 K X   0.002 0.017 0.000 0.008 0.002 0.003 0.831 0.136 
 644 K X   0.002 0.013 0.000 0.005 0.001 0.003 0.834 0.142 
 645 K X   0.002 0.009 0.000 0.004 0.001 0.003 0.836 0.146 
 646 K X   0.002 0.007 0.000 0.003 0.001 0.002 0.837 0.149 
 647 T X   0.002 0.005 0.000 0.002 0.001 0.002 0.838 0.151 
 648 A X   0.001 0.004 0.000 0.002 0.001 0.002 0.838 0.152 
 649 P X   0.001 0.004 0.000 0.002 0.001 0.002 0.838 0.153 
 650 T X   0.001 0.003 0.000 0.002 0.001 0.002 0.837 0.153 
 651 P X   0.001 0.003 0.000 0.002 0.001 0.002 0.836 0.155 
 652 P X   0.001 0.003 0.000 0.003 0.001 0.002 0.834 0.156 
 653 K X   0.001 0.003 0.000 0.003 0.001 0.002 0.832 0.157 
 654 R X   0.001 0.004 0.000 0.004 0.001 0.002 0.830 0.158 
 655 S X   0.001 0.004 0.000 0.004 0.001 0.003 0.827 0.160 
 656 S X   0.001 0.004 0.000 0.005 0.001 0.003 0.825 0.161 
 657 S X   0.001 0.004 0.000 0.005 0.001 0.003 0.823 0.163 
 658 F X   0.001 0.004 0.000 0.005 0.001 0.003 0.820 0.165 
 659 R X   0.001 0.004 0.000 0.005 0.001 0.003 0.818 0.167 
 660 E X   0.001 0.004 0.000 0.005 0.001 0.002 0.816 0.170 
 661 M X   0.001 0.004 0.000 0.004 0.001 0.002 0.814 0.173 
 662 D X   0.001 0.004 0.000 0.004 0.001 0.002 0.812 0.176 
 663 G X   0.001 0.004 0.000 0.003 0.001 0.002 0.809 0.180 
