#TopoPred_TM8: 8-state transmembrane topology prediction results by no_profile mode 
#probabilities are in the order of H E C I L F X _, the 8 transmembrane topology types used in PDBTM 
   1 M X   0.006 0.001 0.002 0.033 0.006 0.005 0.897 0.051 
   2 Q X   0.002 0.000 0.000 0.016 0.001 0.002 0.924 0.055 
   3 G X   0.001 0.000 0.000 0.008 0.000 0.001 0.931 0.059 
   4 G X   0.000 0.000 0.000 0.005 0.000 0.001 0.932 0.061 
   5 N X   0.000 0.000 0.000 0.004 0.000 0.001 0.931 0.062 
   6 S X   0.001 0.000 0.000 0.004 0.000 0.001 0.929 0.065 
   7 G X   0.001 0.000 0.000 0.003 0.000 0.002 0.926 0.067 
   8 V X   0.001 0.001 0.000 0.004 0.001 0.002 0.922 0.071 
   9 R X   0.001 0.001 0.000 0.004 0.001 0.002 0.916 0.075 
  10 K X   0.001 0.002 0.000 0.004 0.001 0.002 0.910 0.081 
  11 R X   0.001 0.002 0.000 0.004 0.001 0.002 0.902 0.087 
  12 E X   0.001 0.003 0.000 0.004 0.001 0.003 0.893 0.095 
  13 E X   0.001 0.004 0.000 0.004 0.001 0.003 0.884 0.103 
  14 E X   0.001 0.005 0.000 0.004 0.001 0.003 0.873 0.112 
  15 G X   0.001 0.007 0.000 0.005 0.001 0.003 0.862 0.120 
  16 D X   0.001 0.009 0.000 0.006 0.001 0.004 0.851 0.127 
  17 G X   0.001 0.013 0.000 0.008 0.002 0.005 0.837 0.134 
  18 A X   0.002 0.018 0.000 0.010 0.002 0.005 0.823 0.139 
  19 G X   0.002 0.024 0.000 0.013 0.003 0.006 0.809 0.142 
  20 A X   0.002 0.030 0.000 0.017 0.004 0.007 0.795 0.145 
  21 V X   0.002 0.036 0.000 0.020 0.004 0.007 0.782 0.147 
  22 A X   0.002 0.040 0.000 0.023 0.004 0.007 0.772 0.150 
  23 A X   0.002 0.042 0.000 0.025 0.004 0.007 0.764 0.154 
  24 P X   0.002 0.044 0.000 0.025 0.004 0.007 0.758 0.159 
  25 P X   0.003 0.043 0.000 0.024 0.004 0.007 0.754 0.165 
  26 A X   0.003 0.042 0.000 0.021 0.004 0.006 0.751 0.173 
  27 I X   0.003 0.039 0.000 0.018 0.003 0.006 0.749 0.182 
  28 D X   0.003 0.034 0.000 0.015 0.003 0.005 0.748 0.191 
  29 F X   0.003 0.028 0.000 0.012 0.002 0.005 0.748 0.202 
  30 P X   0.003 0.022 0.000 0.009 0.002 0.004 0.748 0.213 
  31 A X   0.003 0.015 0.000 0.007 0.001 0.004 0.747 0.223 
  32 E X   0.003 0.010 0.000 0.005 0.001 0.003 0.745 0.233 
  33 G X   0.002 0.007 0.000 0.003 0.001 0.003 0.742 0.242 
  34 P X   0.002 0.004 0.000 0.002 0.001 0.002 0.738 0.250 
  35 D X   0.002 0.003 0.000 0.002 0.001 0.002 0.732 0.258 
  36 P X   0.002 0.002 0.000 0.002 0.001 0.002 0.724 0.267 
  37 E X   0.002 0.002 0.000 0.002 0.001 0.002 0.714 0.278 
  38 Y X   0.002 0.002 0.000 0.002 0.001 0.003 0.700 0.290 
  39 D X   0.002 0.003 0.000 0.003 0.001 0.004 0.682 0.304 
  40 E X   0.002 0.004 0.000 0.006 0.002 0.006 0.660 0.320 
  41 S X   0.003 0.008 0.000 0.010 0.003 0.008 0.633 0.336 
  42 D X   0.003 0.014 0.001 0.017 0.004 0.011 0.599 0.351 
  43 V X   0.004 0.022 0.001 0.027 0.006 0.014 0.562 0.364 
  44 P X   0.005 0.031 0.001 0.038 0.008 0.016 0.523 0.378 
  45 A X   0.005 0.040 0.001 0.047 0.010 0.018 0.487 0.392 
  46 E X   0.005 0.045 0.001 0.054 0.011 0.020 0.455 0.408 
  47 I X   0.005 0.049 0.001 0.058 0.012 0.020 0.428 0.427 
  48 Q _   0.006 0.049 0.001 0.056 0.011 0.020 0.406 0.450 
  49 V _   0.006 0.047 0.001 0.051 0.011 0.020 0.387 0.477 
  50 L _   0.006 0.043 0.001 0.043 0.010 0.019 0.371 0.507 
  51 K _   0.007 0.037 0.001 0.034 0.009 0.018 0.358 0.537 
  52 E _   0.007 0.028 0.001 0.025 0.007 0.018 0.345 0.568 
  53 P _   0.009 0.020 0.001 0.018 0.006 0.018 0.334 0.595 
  54 L _   0.011 0.012 0.001 0.012 0.005 0.018 0.323 0.617 
  55 Q _   0.015 0.007 0.001 0.009 0.005 0.020 0.312 0.632 
  56 Q _   0.021 0.004 0.001 0.007 0.005 0.022 0.301 0.641 
  57 P _   0.032 0.002 0.001 0.006 0.006 0.025 0.288 0.642 
  58 T _   0.048 0.001 0.001 0.005 0.007 0.029 0.274 0.635 
  59 F _   0.072 0.001 0.001 0.005 0.010 0.035 0.258 0.618 
  60 P _   0.104 0.001 0.001 0.006 0.014 0.042 0.242 0.591 
  61 F _   0.144 0.001 0.001 0.006 0.019 0.049 0.225 0.555 
  62 A _   0.188 0.001 0.002 0.007 0.027 0.056 0.208 0.513 
  63 V _   0.234 0.001 0.002 0.007 0.035 0.062 0.192 0.467 
  64 A _   0.278 0.002 0.002 0.007 0.044 0.066 0.178 0.423 
  65 N _   0.316 0.003 0.002 0.008 0.052 0.068 0.167 0.384 
  66 Q _   0.348 0.004 0.002 0.009 0.058 0.069 0.157 0.352 
  67 L H   0.369 0.006 0.003 0.011 0.062 0.068 0.151 0.332 
  68 L H   0.380 0.008 0.003 0.013 0.063 0.065 0.146 0.323 
  69 L H   0.379 0.010 0.003 0.016 0.062 0.061 0.143 0.327 
  70 V H   0.368 0.011 0.003 0.018 0.058 0.057 0.140 0.344 
  71 S _   0.346 0.012 0.003 0.020 0.052 0.051 0.140 0.376 
  72 L _   0.314 0.012 0.003 0.021 0.044 0.045 0.139 0.421 
  73 L _   0.274 0.010 0.002 0.020 0.035 0.039 0.140 0.480 
  74 E _   0.228 0.008 0.002 0.017 0.025 0.032 0.141 0.546 
  75 H _   0.181 0.006 0.001 0.014 0.016 0.026 0.142 0.614 
  76 L _   0.136 0.004 0.001 0.010 0.010 0.020 0.142 0.677 
  77 S _   0.098 0.002 0.001 0.007 0.006 0.015 0.142 0.729 
  78 H _   0.068 0.001 0.000 0.005 0.004 0.011 0.142 0.769 
  79 V _   0.046 0.000 0.000 0.003 0.002 0.009 0.141 0.798 
  80 H _   0.033 0.000 0.000 0.002 0.002 0.007 0.139 0.817 
  81 E _   0.025 0.000 0.000 0.002 0.001 0.006 0.136 0.830 
  82 P _   0.022 0.000 0.000 0.002 0.001 0.006 0.132 0.837 
  83 N _   0.024 0.000 0.000 0.002 0.001 0.006 0.128 0.839 
  84 P _   0.031 0.000 0.000 0.002 0.002 0.008 0.122 0.835 
  85 L _   0.046 0.000 0.000 0.002 0.003 0.011 0.115 0.823 
  86 R _   0.074 0.000 0.000 0.002 0.004 0.015 0.106 0.798 
  87 S _   0.116 0.000 0.001 0.003 0.006 0.020 0.096 0.757 
  88 R _   0.176 0.000 0.001 0.004 0.010 0.025 0.084 0.700 
  89 Q _   0.249 0.000 0.001 0.004 0.015 0.031 0.071 0.629 
  90 V _   0.329 0.000 0.002 0.004 0.020 0.035 0.059 0.551 
  91 F _   0.410 0.000 0.002 0.004 0.025 0.038 0.048 0.472 
  92 K H   0.487 0.000 0.002 0.004 0.031 0.040 0.039 0.398 
  93 L H   0.557 0.000 0.002 0.003 0.035 0.040 0.032 0.332 
  94 L H   0.618 0.000 0.002 0.003 0.037 0.039 0.026 0.275 
  95 C H   0.667 0.000 0.002 0.003 0.039 0.037 0.022 0.231 
  96 Q H   0.703 0.000 0.002 0.002 0.040 0.034 0.020 0.199 
  97 T H   0.728 0.000 0.002 0.002 0.039 0.032 0.018 0.179 
  98 F H   0.741 0.000 0.002 0.002 0.038 0.029 0.017 0.171 
  99 I H   0.742 0.000 0.002 0.002 0.036 0.027 0.017 0.173 
 100 K H   0.732 0.000 0.002 0.002 0.034 0.026 0.017 0.187 
 101 M H   0.709 0.000 0.002 0.003 0.033 0.025 0.018 0.211 
 102 G H   0.674 0.000 0.002 0.003 0.030 0.024 0.019 0.247 
 103 L H   0.626 0.000 0.002 0.003 0.028 0.024 0.020 0.296 
 104 L H   0.563 0.000 0.002 0.004 0.025 0.023 0.023 0.360 
 105 S H   0.489 0.000 0.002 0.005 0.022 0.023 0.026 0.434 
 106 S _   0.408 0.000 0.002 0.006 0.019 0.022 0.029 0.515 
 107 F _   0.326 0.000 0.001 0.006 0.015 0.021 0.033 0.596 
 108 T _   0.251 0.000 0.001 0.007 0.012 0.020 0.037 0.672 
 109 C _   0.186 0.000 0.001 0.007 0.009 0.018 0.040 0.737 
 110 S _   0.135 0.000 0.001 0.006 0.007 0.017 0.043 0.790 
 111 D _   0.097 0.000 0.001 0.006 0.006 0.016 0.046 0.829 
 112 E _   0.069 0.000 0.001 0.005 0.005 0.015 0.048 0.858 
 113 F _   0.051 0.000 0.000 0.004 0.004 0.014 0.049 0.877 
 114 S _   0.039 0.001 0.000 0.004 0.003 0.014 0.050 0.889 
 115 S _   0.032 0.001 0.000 0.004 0.003 0.015 0.051 0.894 
 116 L _   0.029 0.001 0.000 0.004 0.004 0.016 0.051 0.894 
 117 R _   0.028 0.002 0.000 0.005 0.005 0.019 0.052 0.889 
 118 L _   0.030 0.004 0.001 0.006 0.006 0.022 0.052 0.879 
 119 H _   0.033 0.008 0.001 0.008 0.009 0.026 0.052 0.863 
 120 H _   0.037 0.014 0.001 0.012 0.012 0.030 0.052 0.842 
 121 N _   0.041 0.023 0.001 0.016 0.016 0.034 0.052 0.816 
 122 R _   0.046 0.034 0.001 0.022 0.020 0.037 0.053 0.787 
 123 A _   0.049 0.046 0.002 0.028 0.024 0.039 0.053 0.759 
 124 I _   0.052 0.056 0.002 0.035 0.027 0.040 0.054 0.736 
 125 T _   0.052 0.062 0.002 0.039 0.028 0.040 0.055 0.722 
 126 H _   0.051 0.066 0.002 0.043 0.027 0.038 0.056 0.717 
 127 L _   0.049 0.067 0.002 0.044 0.025 0.036 0.058 0.720 
 128 M _   0.045 0.065 0.002 0.042 0.022 0.032 0.061 0.731 
 129 R _   0.040 0.061 0.002 0.037 0.018 0.028 0.064 0.750 
 130 S _   0.035 0.053 0.001 0.031 0.014 0.024 0.067 0.775 
 131 A _   0.029 0.042 0.001 0.024 0.011 0.020 0.070 0.803 
 132 K _   0.024 0.031 0.001 0.018 0.008 0.017 0.073 0.830 
 133 E _   0.019 0.021 0.001 0.012 0.005 0.013 0.075 0.853 
 134 R _   0.015 0.013 0.000 0.008 0.004 0.011 0.077 0.872 
 135 V _   0.012 0.008 0.000 0.006 0.003 0.009 0.078 0.884 
 136 R _   0.010 0.005 0.000 0.004 0.002 0.007 0.079 0.892 
 137 Q _   0.008 0.004 0.000 0.003 0.002 0.007 0.079 0.897 
 138 D _   0.007 0.003 0.000 0.003 0.002 0.007 0.079 0.899 
 139 P _   0.007 0.004 0.000 0.003 0.002 0.007 0.079 0.899 
 140 C _   0.007 0.004 0.000 0.004 0.002 0.008 0.078 0.896 
 141 E _   0.008 0.006 0.000 0.005 0.003 0.010 0.077 0.891 
 142 D _   0.009 0.010 0.000 0.007 0.004 0.012 0.075 0.884 
 143 I _   0.010 0.015 0.001 0.009 0.005 0.014 0.073 0.872 
 144 S _   0.011 0.023 0.001 0.012 0.006 0.017 0.071 0.858 
 145 R _   0.012 0.033 0.001 0.016 0.008 0.019 0.069 0.842 
 146 I _   0.014 0.043 0.001 0.018 0.009 0.021 0.067 0.826 
 147 Q _   0.015 0.053 0.001 0.021 0.011 0.024 0.064 0.811 
 148 K _   0.016 0.062 0.001 0.024 0.013 0.026 0.062 0.797 
 149 I _   0.017 0.070 0.001 0.026 0.014 0.027 0.060 0.784 
 150 R _   0.018 0.077 0.001 0.028 0.015 0.029 0.059 0.773 
 151 S _   0.019 0.082 0.001 0.030 0.017 0.029 0.057 0.764 
 152 R _   0.021 0.086 0.001 0.032 0.017 0.030 0.056 0.757 
 153 E _   0.021 0.088 0.001 0.034 0.017 0.029 0.056 0.754 
 154 V _   0.021 0.088 0.001 0.034 0.017 0.028 0.055 0.755 
 155 A _   0.021 0.085 0.001 0.034 0.016 0.027 0.055 0.761 
 156 L _   0.020 0.080 0.001 0.031 0.014 0.025 0.055 0.773 
 157 E _   0.019 0.073 0.001 0.026 0.012 0.022 0.056 0.791 
 158 A _   0.018 0.062 0.001 0.021 0.010 0.020 0.056 0.812 
 159 Q _   0.016 0.050 0.001 0.016 0.008 0.018 0.057 0.834 
 160 T _   0.015 0.038 0.001 0.011 0.006 0.017 0.057 0.855 
 161 S _   0.014 0.030 0.001 0.008 0.005 0.016 0.057 0.870 
 162 R _   0.013 0.025 0.000 0.006 0.004 0.015 0.057 0.879 
 163 Y _   0.014 0.022 0.000 0.005 0.004 0.015 0.057 0.882 
 164 L _   0.015 0.022 0.000 0.006 0.004 0.016 0.056 0.880 
 165 N _   0.016 0.024 0.001 0.007 0.005 0.018 0.056 0.873 
 166 E _   0.018 0.028 0.001 0.010 0.007 0.020 0.055 0.861 
 167 F _   0.020 0.034 0.001 0.014 0.009 0.022 0.054 0.845 
 168 E _   0.022 0.042 0.001 0.019 0.012 0.024 0.053 0.827 
 169 E _   0.023 0.050 0.001 0.024 0.014 0.026 0.052 0.810 
 170 L _   0.024 0.057 0.001 0.028 0.015 0.026 0.052 0.797 
 171 A _   0.024 0.062 0.001 0.031 0.016 0.026 0.051 0.789 
 172 I _   0.024 0.064 0.001 0.031 0.015 0.025 0.051 0.788 
 173 L _   0.024 0.064 0.001 0.030 0.015 0.024 0.051 0.791 
 174 G _   0.023 0.063 0.001 0.028 0.014 0.023 0.052 0.797 
 175 K _   0.022 0.060 0.001 0.026 0.013 0.022 0.052 0.805 
 176 G _   0.021 0.055 0.001 0.024 0.011 0.020 0.053 0.814 
 177 G _   0.019 0.050 0.001 0.022 0.010 0.019 0.054 0.825 
 178 Y _   0.017 0.044 0.001 0.020 0.009 0.017 0.055 0.837 
 179 G _   0.016 0.038 0.001 0.018 0.007 0.016 0.057 0.848 
 180 R _   0.014 0.031 0.001 0.016 0.006 0.014 0.058 0.859 
 181 V _   0.013 0.025 0.001 0.014 0.005 0.012 0.059 0.870 
 182 Y _   0.011 0.019 0.001 0.012 0.005 0.011 0.060 0.881 
 183 K _   0.010 0.014 0.000 0.010 0.004 0.010 0.061 0.892 
 184 V _   0.008 0.010 0.000 0.008 0.003 0.009 0.062 0.901 
 185 R _   0.007 0.006 0.000 0.006 0.003 0.008 0.062 0.907 
 186 N _   0.007 0.004 0.000 0.005 0.002 0.007 0.062 0.912 
 187 K _   0.006 0.003 0.000 0.004 0.002 0.008 0.062 0.914 
 188 L _   0.007 0.002 0.000 0.004 0.002 0.008 0.062 0.915 
 189 D _   0.007 0.002 0.000 0.004 0.002 0.009 0.061 0.914 
 190 G _   0.008 0.002 0.000 0.005 0.003 0.011 0.060 0.911 
 191 Q _   0.010 0.002 0.000 0.006 0.004 0.014 0.059 0.905 
 192 Y _   0.013 0.002 0.001 0.008 0.005 0.017 0.058 0.897 
 193 Y _   0.017 0.003 0.001 0.010 0.007 0.021 0.056 0.886 
 194 A _   0.021 0.003 0.001 0.012 0.009 0.026 0.055 0.872 
 195 I _   0.028 0.004 0.001 0.015 0.011 0.031 0.053 0.857 
 196 K _   0.035 0.005 0.001 0.017 0.014 0.036 0.052 0.840 
 197 K _   0.045 0.005 0.001 0.018 0.017 0.040 0.050 0.824 
 198 I _   0.055 0.005 0.001 0.018 0.019 0.044 0.049 0.808 
 199 L _   0.067 0.005 0.001 0.017 0.020 0.047 0.048 0.795 
 200 I _   0.079 0.004 0.001 0.015 0.021 0.050 0.047 0.782 
 201 K _   0.092 0.003 0.001 0.013 0.022 0.052 0.047 0.770 
 202 G _   0.107 0.002 0.001 0.010 0.022 0.053 0.046 0.758 
 203 A _   0.122 0.002 0.001 0.008 0.022 0.055 0.046 0.745 
 204 T _   0.137 0.001 0.001 0.007 0.022 0.056 0.045 0.730 
 205 K _   0.152 0.001 0.001 0.006 0.023 0.056 0.045 0.715 
 206 T _   0.166 0.001 0.001 0.006 0.024 0.057 0.046 0.699 
 207 V _   0.178 0.001 0.001 0.006 0.025 0.058 0.046 0.685 
 208 C _   0.189 0.001 0.002 0.007 0.026 0.057 0.047 0.672 
 209 M _   0.196 0.001 0.002 0.008 0.028 0.057 0.048 0.662 
 210 K _   0.199 0.001 0.002 0.009 0.028 0.056 0.050 0.656 
 211 V _   0.198 0.002 0.002 0.010 0.029 0.054 0.051 0.655 
 212 L _   0.194 0.002 0.002 0.011 0.029 0.052 0.053 0.658 
 213 R _   0.185 0.002 0.002 0.012 0.028 0.049 0.056 0.666 
 214 E _   0.173 0.002 0.002 0.012 0.026 0.046 0.058 0.680 
 215 V _   0.159 0.002 0.002 0.012 0.024 0.043 0.061 0.697 
 216 K _   0.143 0.002 0.002 0.012 0.021 0.039 0.064 0.716 
 217 V _   0.126 0.002 0.001 0.012 0.018 0.036 0.068 0.738 
 218 L _   0.108 0.002 0.001 0.011 0.015 0.032 0.071 0.761 
 219 A _   0.090 0.001 0.001 0.009 0.012 0.028 0.074 0.783 
 220 G _   0.074 0.001 0.001 0.008 0.009 0.025 0.078 0.804 
 221 L _   0.061 0.001 0.001 0.006 0.007 0.022 0.081 0.821 
 222 Q _   0.050 0.000 0.001 0.005 0.006 0.020 0.083 0.835 
 223 H _   0.042 0.000 0.001 0.004 0.005 0.019 0.085 0.844 
 224 P _   0.037 0.000 0.000 0.003 0.004 0.019 0.087 0.848 
 225 N _   0.036 0.000 0.000 0.003 0.004 0.019 0.089 0.848 
 226 I _   0.036 0.000 0.001 0.003 0.005 0.021 0.091 0.843 
 227 V _   0.038 0.001 0.001 0.004 0.006 0.024 0.092 0.834 
 228 G _   0.042 0.002 0.001 0.006 0.008 0.027 0.094 0.821 
 229 Y _   0.046 0.004 0.001 0.008 0.012 0.031 0.095 0.803 
 230 H _   0.050 0.008 0.001 0.011 0.016 0.034 0.097 0.783 
 231 T _   0.053 0.012 0.001 0.016 0.020 0.037 0.099 0.762 
 232 A _   0.054 0.018 0.002 0.021 0.023 0.039 0.101 0.742 
 233 W _   0.054 0.023 0.002 0.026 0.025 0.040 0.103 0.727 
 234 I _   0.052 0.027 0.002 0.029 0.026 0.039 0.107 0.717 
 235 E _   0.049 0.029 0.002 0.032 0.025 0.038 0.111 0.714 
 236 H _   0.045 0.030 0.002 0.032 0.023 0.035 0.115 0.718 
 237 V _   0.041 0.030 0.002 0.030 0.020 0.032 0.120 0.727 
 238 H _   0.035 0.028 0.001 0.026 0.016 0.028 0.126 0.740 
 239 V _   0.030 0.025 0.001 0.021 0.013 0.024 0.131 0.755 
 240 I _   0.025 0.021 0.001 0.016 0.009 0.021 0.137 0.770 
 241 Q _   0.021 0.017 0.001 0.012 0.007 0.018 0.142 0.783 
 242 P _   0.017 0.015 0.001 0.009 0.005 0.016 0.146 0.792 
 243 R _   0.015 0.013 0.000 0.007 0.004 0.015 0.150 0.796 
 244 A _   0.013 0.012 0.000 0.006 0.004 0.014 0.153 0.797 
 245 D _   0.012 0.013 0.000 0.006 0.004 0.014 0.156 0.794 
 246 R _   0.012 0.015 0.001 0.008 0.005 0.014 0.159 0.787 
 247 A _   0.012 0.018 0.001 0.011 0.006 0.015 0.162 0.776 
 248 A _   0.013 0.023 0.001 0.015 0.007 0.015 0.165 0.762 
 249 I _   0.013 0.028 0.001 0.020 0.008 0.016 0.168 0.746 
 250 E _   0.013 0.032 0.001 0.025 0.009 0.016 0.172 0.732 
 251 L _   0.013 0.035 0.001 0.029 0.009 0.016 0.176 0.721 
 252 P _   0.012 0.037 0.001 0.031 0.009 0.015 0.181 0.714 
 253 S _   0.012 0.036 0.001 0.030 0.008 0.014 0.187 0.712 
 254 L _   0.011 0.034 0.001 0.027 0.007 0.013 0.194 0.713 
 255 E _   0.010 0.030 0.001 0.023 0.006 0.011 0.201 0.718 
 256 V _   0.009 0.025 0.001 0.018 0.005 0.010 0.209 0.724 
 257 L _   0.008 0.020 0.000 0.013 0.004 0.009 0.215 0.730 
 258 S _   0.007 0.015 0.000 0.010 0.003 0.007 0.222 0.735 
 259 D _   0.006 0.012 0.000 0.007 0.002 0.006 0.227 0.739 
 260 Q _   0.006 0.010 0.000 0.006 0.002 0.006 0.231 0.740 
 261 E _   0.005 0.008 0.000 0.006 0.002 0.005 0.234 0.739 
 262 E _   0.005 0.008 0.000 0.006 0.002 0.005 0.237 0.738 
 263 D _   0.005 0.007 0.000 0.006 0.002 0.005 0.239 0.736 
 264 R _   0.005 0.008 0.000 0.006 0.002 0.005 0.240 0.734 
 265 E _   0.004 0.008 0.000 0.007 0.002 0.005 0.241 0.732 
 266 Q _   0.004 0.009 0.000 0.007 0.002 0.005 0.241 0.731 
 267 C _   0.004 0.010 0.000 0.007 0.002 0.005 0.241 0.731 
 268 G _   0.004 0.011 0.000 0.007 0.002 0.005 0.240 0.731 
 269 V _   0.004 0.013 0.000 0.006 0.002 0.005 0.238 0.732 
 270 K _   0.003 0.015 0.000 0.006 0.002 0.006 0.236 0.732 
 271 N _   0.004 0.018 0.000 0.006 0.002 0.007 0.234 0.730 
 272 D _   0.004 0.024 0.000 0.007 0.002 0.008 0.230 0.724 
 273 E _   0.005 0.035 0.000 0.010 0.003 0.010 0.225 0.710 
 274 S _   0.007 0.056 0.001 0.016 0.006 0.013 0.219 0.683 
 275 S _   0.008 0.092 0.001 0.026 0.009 0.016 0.212 0.637 
 276 S _   0.008 0.142 0.001 0.039 0.012 0.019 0.203 0.576 
 277 S _   0.008 0.191 0.001 0.052 0.013 0.020 0.196 0.518 
 278 S _   0.008 0.226 0.001 0.064 0.014 0.020 0.190 0.477 
 279 I _   0.008 0.245 0.001 0.070 0.014 0.020 0.188 0.454 
 280 I _   0.008 0.253 0.001 0.072 0.013 0.019 0.187 0.448 
 281 F _   0.008 0.253 0.001 0.069 0.012 0.018 0.187 0.453 
 282 A _   0.007 0.245 0.001 0.061 0.011 0.016 0.188 0.470 
 283 E _   0.007 0.228 0.001 0.051 0.010 0.014 0.191 0.498 
 284 P _   0.007 0.201 0.001 0.039 0.008 0.013 0.195 0.536 
 285 T _   0.007 0.167 0.001 0.029 0.006 0.011 0.200 0.579 
 286 P _   0.007 0.133 0.001 0.021 0.005 0.010 0.205 0.618 
 287 E _   0.006 0.107 0.001 0.015 0.004 0.009 0.210 0.648 
 288 K _   0.006 0.089 0.000 0.012 0.003 0.009 0.213 0.668 
 289 E _   0.006 0.077 0.000 0.011 0.002 0.008 0.216 0.680 
 290 K _   0.006 0.069 0.000 0.010 0.002 0.008 0.217 0.688 
 291 R _   0.005 0.063 0.000 0.010 0.002 0.007 0.218 0.693 
 292 F _   0.005 0.059 0.000 0.010 0.002 0.007 0.219 0.698 
 293 G _   0.005 0.055 0.000 0.010 0.002 0.007 0.219 0.702 
 294 E _   0.004 0.051 0.000 0.010 0.002 0.006 0.218 0.708 
 295 S _   0.004 0.047 0.000 0.009 0.002 0.006 0.217 0.715 
 296 D _   0.004 0.044 0.000 0.008 0.002 0.005 0.215 0.722 
 297 T _   0.003 0.042 0.000 0.006 0.001 0.005 0.213 0.729 
 298 E _   0.003 0.041 0.000 0.006 0.001 0.005 0.209 0.735 
 299 N _   0.003 0.041 0.000 0.005 0.001 0.005 0.206 0.739 
 300 Q _   0.003 0.043 0.000 0.005 0.001 0.006 0.201 0.741 
 301 N _   0.003 0.047 0.000 0.007 0.002 0.007 0.195 0.739 
 302 N _   0.004 0.056 0.000 0.009 0.003 0.009 0.187 0.732 
 303 K _   0.005 0.073 0.001 0.013 0.004 0.011 0.177 0.718 
 304 S _   0.006 0.098 0.001 0.018 0.006 0.013 0.165 0.693 
 305 V _   0.006 0.134 0.001 0.025 0.008 0.016 0.152 0.659 
 306 K _   0.007 0.173 0.001 0.031 0.009 0.017 0.139 0.623 
 307 Y _   0.007 0.210 0.001 0.036 0.011 0.018 0.127 0.591 
 308 T _   0.007 0.240 0.001 0.039 0.011 0.019 0.117 0.565 
 309 T _   0.007 0.262 0.001 0.041 0.012 0.019 0.110 0.548 
 310 N _   0.007 0.277 0.001 0.042 0.012 0.019 0.104 0.538 
 311 L _   0.008 0.285 0.001 0.041 0.011 0.019 0.099 0.536 
 312 V _   0.008 0.289 0.001 0.037 0.011 0.018 0.095 0.541 
 313 I _   0.008 0.288 0.001 0.033 0.010 0.017 0.093 0.550 
 314 R _   0.008 0.284 0.001 0.029 0.009 0.016 0.090 0.562 
 315 E _   0.009 0.276 0.001 0.025 0.008 0.016 0.088 0.577 
 316 S _   0.009 0.267 0.001 0.021 0.007 0.015 0.087 0.594 
 317 G _   0.009 0.257 0.001 0.018 0.007 0.014 0.085 0.610 
 318 E _   0.008 0.248 0.001 0.016 0.006 0.013 0.084 0.624 
 319 L _   0.008 0.240 0.001 0.014 0.005 0.013 0.083 0.636 
 320 E _   0.008 0.232 0.001 0.013 0.005 0.012 0.082 0.647 
 321 S _   0.008 0.226 0.001 0.012 0.005 0.012 0.080 0.657 
 322 T _   0.008 0.220 0.001 0.012 0.004 0.012 0.079 0.665 
 323 L _   0.007 0.215 0.001 0.011 0.004 0.011 0.078 0.673 
 324 E _   0.007 0.211 0.001 0.010 0.004 0.011 0.076 0.679 
 325 L _   0.007 0.208 0.000 0.010 0.004 0.012 0.074 0.684 
 326 Q _   0.007 0.206 0.000 0.010 0.004 0.012 0.073 0.688 
 327 E _   0.008 0.206 0.000 0.009 0.004 0.013 0.071 0.689 
 328 N _   0.008 0.207 0.001 0.010 0.005 0.014 0.069 0.687 
 329 G _   0.010 0.210 0.001 0.010 0.005 0.015 0.067 0.682 
 330 L _   0.011 0.217 0.001 0.012 0.006 0.017 0.065 0.672 
 331 A _   0.013 0.226 0.001 0.014 0.008 0.018 0.062 0.658 
 332 G _   0.014 0.236 0.001 0.017 0.009 0.020 0.060 0.642 
 333 L _   0.016 0.248 0.001 0.021 0.011 0.021 0.058 0.624 
 334 S _   0.017 0.260 0.001 0.025 0.013 0.023 0.056 0.606 
 335 A _   0.018 0.270 0.001 0.030 0.014 0.023 0.054 0.590 
 336 S _   0.018 0.277 0.001 0.034 0.015 0.023 0.053 0.578 
 337 S _   0.018 0.280 0.001 0.037 0.015 0.023 0.052 0.573 
 338 I _   0.019 0.279 0.001 0.039 0.015 0.022 0.051 0.573 
 339 V _   0.019 0.272 0.001 0.039 0.014 0.021 0.051 0.581 
 340 E _   0.018 0.259 0.001 0.038 0.013 0.020 0.052 0.600 
 341 Q _   0.017 0.236 0.001 0.034 0.012 0.018 0.053 0.628 
 342 Q _   0.016 0.204 0.001 0.029 0.010 0.017 0.054 0.668 
 343 L _   0.015 0.165 0.001 0.023 0.009 0.015 0.056 0.716 
 344 P _   0.014 0.125 0.001 0.017 0.007 0.013 0.057 0.766 
 345 L _   0.012 0.092 0.001 0.013 0.005 0.012 0.058 0.807 
 346 R _   0.011 0.070 0.001 0.009 0.004 0.011 0.059 0.835 
 347 R _   0.009 0.057 0.000 0.008 0.003 0.010 0.060 0.852 
 348 N _   0.008 0.050 0.000 0.008 0.003 0.010 0.060 0.861 
 349 S _   0.008 0.046 0.000 0.008 0.003 0.010 0.059 0.865 
 350 H _   0.007 0.044 0.000 0.010 0.003 0.010 0.059 0.866 
 351 L _   0.007 0.043 0.000 0.013 0.004 0.010 0.058 0.864 
 352 E _   0.007 0.042 0.001 0.016 0.004 0.010 0.058 0.863 
 353 E _   0.007 0.041 0.001 0.018 0.005 0.010 0.057 0.863 
 354 S _   0.007 0.038 0.001 0.019 0.005 0.010 0.056 0.866 
 355 F _   0.006 0.035 0.001 0.018 0.004 0.009 0.055 0.872 
 356 T _   0.006 0.030 0.001 0.016 0.004 0.008 0.055 0.880 
 357 S _   0.005 0.025 0.000 0.013 0.003 0.008 0.054 0.890 
 358 T _   0.005 0.019 0.000 0.011 0.003 0.007 0.054 0.901 
 359 E _   0.005 0.014 0.000 0.009 0.002 0.007 0.053 0.910 
 360 E _   0.005 0.010 0.000 0.007 0.002 0.006 0.052 0.917 
 361 S _   0.005 0.007 0.000 0.006 0.002 0.007 0.051 0.922 
 362 S _   0.005 0.006 0.000 0.006 0.002 0.007 0.050 0.924 
 363 E _   0.005 0.005 0.000 0.006 0.002 0.009 0.049 0.923 
 364 E _   0.007 0.005 0.000 0.007 0.003 0.010 0.047 0.920 
 365 N _   0.008 0.005 0.000 0.009 0.004 0.013 0.045 0.915 
 366 V _   0.011 0.005 0.001 0.012 0.005 0.015 0.043 0.907 
 367 N _   0.015 0.006 0.001 0.014 0.006 0.018 0.041 0.898 
 368 F _   0.021 0.006 0.001 0.016 0.008 0.021 0.039 0.889 
 369 L _   0.028 0.005 0.001 0.017 0.009 0.024 0.037 0.878 
 370 G _   0.040 0.005 0.001 0.016 0.010 0.027 0.035 0.867 
 371 Q _   0.057 0.003 0.001 0.013 0.011 0.030 0.032 0.853 
 372 T _   0.080 0.002 0.001 0.010 0.012 0.032 0.030 0.833 
 373 E _   0.112 0.001 0.001 0.007 0.012 0.034 0.028 0.804 
 374 A _   0.154 0.001 0.001 0.005 0.014 0.037 0.025 0.763 
 375 Q _   0.208 0.000 0.001 0.004 0.017 0.040 0.023 0.707 
 376 Y _   0.271 0.000 0.001 0.003 0.020 0.043 0.020 0.641 
 377 H _   0.337 0.000 0.001 0.003 0.024 0.045 0.018 0.572 
 378 L _   0.402 0.000 0.002 0.003 0.029 0.046 0.016 0.502 
 379 M H   0.462 0.000 0.002 0.004 0.033 0.046 0.015 0.437 
 380 L H   0.511 0.000 0.002 0.005 0.037 0.046 0.014 0.385 
 381 H H   0.550 0.000 0.002 0.005 0.039 0.044 0.014 0.347 
 382 I H   0.577 0.000 0.002 0.005 0.038 0.042 0.013 0.323 
 383 Q H   0.591 0.000 0.002 0.004 0.037 0.039 0.013 0.314 
 384 M H   0.594 0.000 0.002 0.004 0.034 0.036 0.014 0.317 
 385 Q H   0.587 0.000 0.002 0.003 0.030 0.034 0.014 0.330 
 386 L H   0.570 0.000 0.001 0.003 0.027 0.032 0.015 0.351 
 387 C H   0.545 0.000 0.001 0.002 0.024 0.031 0.016 0.380 
 388 E H   0.513 0.000 0.001 0.002 0.022 0.030 0.018 0.414 
 389 L H   0.475 0.000 0.001 0.003 0.021 0.030 0.020 0.451 
 390 S _   0.434 0.000 0.001 0.004 0.020 0.030 0.022 0.487 
 391 L _   0.390 0.001 0.002 0.007 0.021 0.030 0.025 0.524 
 392 W _   0.341 0.002 0.002 0.011 0.021 0.030 0.029 0.564 
 393 D _   0.291 0.003 0.002 0.016 0.021 0.029 0.033 0.607 
 394 W _   0.240 0.004 0.002 0.019 0.019 0.027 0.037 0.652 
 395 I _   0.191 0.004 0.002 0.021 0.017 0.025 0.041 0.699 
 396 V _   0.147 0.004 0.001 0.020 0.013 0.022 0.045 0.748 
 397 E _   0.108 0.003 0.001 0.017 0.010 0.018 0.049 0.794 
 398 R _   0.076 0.002 0.001 0.013 0.007 0.015 0.053 0.833 
 399 N _   0.052 0.002 0.001 0.009 0.005 0.012 0.055 0.865 
 400 K _   0.034 0.001 0.000 0.006 0.003 0.009 0.057 0.888 
 401 R _   0.022 0.001 0.000 0.004 0.002 0.008 0.059 0.904 
 402 G _   0.015 0.000 0.000 0.003 0.002 0.006 0.060 0.914 
 403 R _   0.011 0.000 0.000 0.003 0.001 0.006 0.060 0.919 
 404 E _   0.009 0.000 0.000 0.002 0.001 0.006 0.060 0.922 
 405 Y _   0.008 0.000 0.000 0.002 0.001 0.007 0.059 0.922 
 406 V _   0.010 0.000 0.000 0.002 0.002 0.009 0.058 0.919 
 407 D _   0.013 0.000 0.000 0.003 0.002 0.011 0.057 0.913 
 408 E _   0.021 0.000 0.000 0.004 0.003 0.016 0.055 0.901 
 409 S _   0.033 0.000 0.001 0.005 0.005 0.023 0.052 0.881 
 410 A _   0.052 0.001 0.001 0.007 0.009 0.031 0.049 0.851 
 411 C _   0.078 0.001 0.001 0.009 0.014 0.041 0.046 0.810 
 412 P _   0.111 0.001 0.001 0.012 0.021 0.050 0.042 0.760 
 413 Y _   0.149 0.002 0.002 0.014 0.029 0.059 0.038 0.707 
 414 V _   0.188 0.002 0.002 0.015 0.037 0.066 0.035 0.655 
 415 M _   0.228 0.002 0.002 0.016 0.042 0.071 0.032 0.607 
 416 A _   0.264 0.002 0.002 0.015 0.046 0.073 0.030 0.567 
 417 N _   0.299 0.002 0.002 0.013 0.047 0.073 0.028 0.536 
 418 V _   0.330 0.001 0.002 0.010 0.047 0.072 0.026 0.512 
 419 A _   0.356 0.001 0.002 0.008 0.044 0.069 0.025 0.495 
 420 T _   0.377 0.001 0.002 0.006 0.041 0.066 0.024 0.483 
 421 K _   0.393 0.000 0.002 0.005 0.037 0.063 0.024 0.477 
 422 I _   0.404 0.000 0.002 0.004 0.034 0.059 0.023 0.474 
 423 F _   0.410 0.000 0.002 0.004 0.031 0.056 0.024 0.474 
 424 Q _   0.409 0.000 0.002 0.004 0.028 0.053 0.024 0.480 
 425 E _   0.405 0.000 0.001 0.004 0.026 0.050 0.025 0.488 
 426 L _   0.398 0.000 0.001 0.004 0.025 0.048 0.026 0.497 
 427 V _   0.387 0.000 0.001 0.004 0.024 0.046 0.027 0.510 
 428 E _   0.371 0.000 0.001 0.004 0.024 0.045 0.028 0.526 
 429 G _   0.353 0.000 0.002 0.005 0.024 0.044 0.030 0.543 
 430 V _   0.330 0.001 0.002 0.006 0.024 0.042 0.032 0.564 
 431 F _   0.305 0.001 0.002 0.007 0.024 0.041 0.034 0.586 
 432 Y _   0.276 0.001 0.002 0.009 0.024 0.040 0.037 0.611 
 433 I _   0.244 0.002 0.002 0.011 0.023 0.038 0.040 0.639 
 434 H _   0.211 0.003 0.002 0.014 0.022 0.037 0.044 0.668 
 435 N _   0.178 0.003 0.002 0.015 0.020 0.034 0.047 0.700 
 436 M _   0.145 0.003 0.002 0.016 0.018 0.031 0.051 0.733 
 437 G _   0.116 0.003 0.001 0.015 0.015 0.027 0.055 0.766 
 438 I _   0.091 0.003 0.001 0.014 0.012 0.024 0.059 0.797 
 439 V _   0.069 0.003 0.001 0.012 0.009 0.021 0.062 0.824 
 440 H _   0.051 0.002 0.001 0.010 0.007 0.018 0.065 0.847 
 441 R _   0.038 0.002 0.001 0.008 0.005 0.015 0.068 0.864 
 442 D _   0.028 0.002 0.001 0.007 0.004 0.013 0.070 0.875 
 443 L _   0.022 0.002 0.000 0.006 0.004 0.012 0.072 0.882 
 444 K _   0.017 0.002 0.000 0.007 0.004 0.011 0.074 0.885 
 445 P _   0.015 0.003 0.000 0.007 0.004 0.011 0.075 0.885 
 446 R _   0.013 0.003 0.000 0.008 0.004 0.011 0.077 0.884 
 447 N _   0.012 0.004 0.000 0.010 0.004 0.010 0.078 0.881 
 448 I _   0.011 0.005 0.001 0.011 0.004 0.010 0.080 0.879 
 449 F _   0.010 0.006 0.000 0.011 0.004 0.010 0.081 0.879 
 450 L _   0.009 0.006 0.000 0.010 0.004 0.009 0.082 0.880 
 451 H _   0.008 0.007 0.000 0.009 0.003 0.009 0.083 0.882 
 452 G _   0.007 0.007 0.000 0.007 0.003 0.009 0.083 0.883 
 453 P _   0.007 0.008 0.000 0.006 0.002 0.009 0.083 0.884 
 454 D _   0.007 0.009 0.000 0.005 0.002 0.010 0.083 0.882 
 455 Q _   0.008 0.011 0.000 0.005 0.003 0.012 0.083 0.877 
 456 Q _   0.011 0.016 0.000 0.006 0.004 0.016 0.082 0.864 
 457 V _   0.014 0.029 0.001 0.009 0.007 0.020 0.081 0.839 
 458 K _   0.018 0.058 0.001 0.014 0.012 0.026 0.079 0.792 
 459 I _   0.022 0.117 0.002 0.023 0.019 0.032 0.075 0.710 
 460 G _   0.024 0.215 0.003 0.033 0.026 0.035 0.071 0.593 
 461 D _   0.023 0.328 0.003 0.043 0.030 0.036 0.067 0.471 
 462 F E   0.021 0.423 0.003 0.051 0.030 0.034 0.064 0.374 
 463 G E   0.019 0.486 0.002 0.057 0.029 0.032 0.063 0.313 
 464 L E   0.017 0.521 0.002 0.061 0.027 0.030 0.062 0.281 
 465 A E   0.016 0.537 0.002 0.063 0.025 0.027 0.063 0.267 
 466 C E   0.015 0.542 0.001 0.063 0.023 0.025 0.065 0.265 
 467 T E   0.015 0.537 0.001 0.061 0.021 0.023 0.067 0.273 
 468 D E   0.015 0.521 0.002 0.057 0.019 0.021 0.071 0.293 
 469 I E   0.015 0.489 0.002 0.052 0.017 0.019 0.077 0.328 
 470 L E   0.015 0.435 0.002 0.046 0.015 0.018 0.085 0.383 
 471 Q _   0.016 0.357 0.002 0.038 0.014 0.017 0.096 0.461 
 472 K _   0.017 0.266 0.002 0.031 0.011 0.016 0.108 0.550 
 473 N _   0.016 0.181 0.001 0.023 0.009 0.014 0.121 0.635 
 474 T _   0.014 0.118 0.001 0.017 0.006 0.013 0.131 0.701 
 475 D _   0.012 0.076 0.001 0.012 0.004 0.011 0.138 0.747 
 476 W _   0.010 0.053 0.000 0.008 0.003 0.009 0.144 0.774 
 477 T _   0.008 0.040 0.000 0.006 0.002 0.008 0.147 0.789 
 478 N _   0.007 0.034 0.000 0.005 0.002 0.007 0.149 0.797 
 479 R _   0.006 0.030 0.000 0.004 0.001 0.006 0.150 0.801 
 480 N _   0.005 0.029 0.000 0.004 0.001 0.006 0.150 0.803 
 481 G _   0.005 0.030 0.000 0.005 0.002 0.007 0.150 0.802 
 482 K _   0.005 0.032 0.000 0.006 0.002 0.007 0.148 0.800 
 483 R _   0.005 0.036 0.000 0.007 0.002 0.009 0.146 0.795 
 484 T _   0.005 0.043 0.000 0.009 0.003 0.010 0.143 0.787 
 485 P _   0.006 0.055 0.000 0.011 0.004 0.012 0.139 0.773 
 486 T _   0.006 0.073 0.001 0.015 0.005 0.014 0.135 0.751 
 487 H _   0.007 0.100 0.001 0.020 0.007 0.016 0.129 0.719 
 488 T _   0.008 0.134 0.001 0.027 0.009 0.018 0.123 0.679 
 489 S _   0.008 0.173 0.001 0.034 0.012 0.020 0.117 0.635 
 490 R _   0.008 0.213 0.001 0.042 0.013 0.021 0.112 0.589 
 491 V _   0.008 0.247 0.001 0.050 0.014 0.021 0.107 0.551 
 492 G _   0.008 0.269 0.001 0.056 0.015 0.021 0.104 0.526 
 493 T _   0.008 0.282 0.001 0.060 0.015 0.020 0.102 0.512 
 494 C _   0.008 0.288 0.001 0.061 0.014 0.019 0.101 0.507 
 495 L _   0.008 0.287 0.001 0.060 0.013 0.018 0.101 0.512 
 496 Y _   0.008 0.280 0.001 0.056 0.012 0.017 0.101 0.524 
 497 A _   0.008 0.266 0.001 0.050 0.011 0.016 0.103 0.545 
 498 S _   0.008 0.243 0.001 0.044 0.010 0.015 0.105 0.575 
 499 P _   0.008 0.211 0.001 0.037 0.009 0.014 0.108 0.613 
 500 E _   0.008 0.172 0.001 0.030 0.008 0.013 0.112 0.657 
 501 Q _   0.008 0.130 0.001 0.024 0.006 0.012 0.116 0.703 
 502 L _   0.008 0.090 0.001 0.018 0.005 0.011 0.120 0.747 
 503 E _   0.008 0.058 0.001 0.014 0.004 0.010 0.123 0.784 
 504 G _   0.007 0.034 0.000 0.010 0.003 0.009 0.125 0.812 
 505 S _   0.006 0.018 0.000 0.007 0.002 0.008 0.126 0.832 
 506 E _   0.006 0.009 0.000 0.005 0.002 0.008 0.126 0.844 
 507 Y _   0.007 0.004 0.000 0.004 0.002 0.008 0.125 0.849 
 508 D _   0.010 0.002 0.000 0.003 0.002 0.010 0.124 0.850 
 509 A _   0.015 0.001 0.000 0.003 0.002 0.012 0.123 0.844 
 510 K _   0.025 0.001 0.000 0.003 0.003 0.017 0.120 0.831 
 511 S _   0.044 0.000 0.000 0.003 0.005 0.024 0.117 0.806 
 512 D _   0.072 0.001 0.001 0.005 0.009 0.034 0.113 0.765 
 513 M _   0.111 0.001 0.001 0.007 0.017 0.046 0.108 0.709 
 514 Y _   0.154 0.003 0.002 0.009 0.028 0.057 0.103 0.643 
 515 S _   0.198 0.005 0.002 0.013 0.040 0.068 0.099 0.575 
 516 L _   0.235 0.008 0.003 0.017 0.052 0.075 0.095 0.515 
 517 G _   0.267 0.010 0.003 0.021 0.061 0.079 0.093 0.467 
 518 V _   0.291 0.012 0.003 0.023 0.065 0.079 0.091 0.435 
 519 V _   0.305 0.013 0.003 0.024 0.066 0.077 0.090 0.421 
 520 L _   0.310 0.013 0.003 0.023 0.063 0.073 0.091 0.424 
 521 L _   0.307 0.011 0.003 0.020 0.057 0.068 0.092 0.442 
 522 E _   0.295 0.009 0.003 0.016 0.049 0.062 0.094 0.473 
 523 L _   0.273 0.006 0.002 0.012 0.039 0.056 0.096 0.517 
 524 F _   0.246 0.003 0.002 0.008 0.028 0.049 0.099 0.566 
 525 Q _   0.214 0.001 0.001 0.006 0.020 0.043 0.101 0.613 
 526 P _   0.184 0.001 0.001 0.004 0.014 0.038 0.104 0.654 
 527 F _   0.158 0.000 0.001 0.003 0.010 0.035 0.106 0.685 
 528 G _   0.137 0.000 0.001 0.003 0.009 0.034 0.108 0.708 
 529 T _   0.120 0.001 0.001 0.003 0.008 0.033 0.110 0.723 
 530 E _   0.107 0.001 0.001 0.005 0.009 0.034 0.112 0.731 
 531 M _   0.097 0.003 0.001 0.007 0.011 0.035 0.114 0.732 
 532 E _   0.088 0.007 0.001 0.010 0.014 0.036 0.116 0.728 
 533 R _   0.080 0.012 0.001 0.015 0.016 0.036 0.118 0.722 
 534 A _   0.072 0.018 0.001 0.020 0.018 0.036 0.120 0.713 
 535 E _   0.065 0.025 0.002 0.026 0.019 0.035 0.123 0.706 
 536 V _   0.058 0.030 0.002 0.030 0.020 0.033 0.126 0.702 
 537 L _   0.051 0.033 0.001 0.033 0.019 0.031 0.130 0.702 
 538 T _   0.045 0.034 0.001 0.033 0.017 0.029 0.134 0.707 
 539 G _   0.038 0.034 0.001 0.031 0.015 0.026 0.138 0.716 
 540 L _   0.032 0.032 0.001 0.027 0.013 0.022 0.144 0.729 
 541 R _   0.026 0.028 0.001 0.023 0.010 0.019 0.149 0.743 
 542 T _   0.021 0.024 0.001 0.018 0.007 0.016 0.155 0.758 
 543 G _   0.017 0.019 0.001 0.013 0.005 0.014 0.160 0.772 
 544 Q _   0.014 0.015 0.000 0.009 0.004 0.011 0.165 0.783 
 545 L _   0.011 0.012 0.000 0.006 0.003 0.010 0.168 0.790 
 546 P _   0.009 0.011 0.000 0.005 0.002 0.009 0.171 0.793 
 547 E _   0.008 0.010 0.000 0.004 0.002 0.008 0.174 0.793 
 548 S _   0.008 0.011 0.000 0.004 0.002 0.009 0.175 0.791 
 549 L _   0.008 0.013 0.000 0.005 0.002 0.009 0.177 0.786 
 550 R _   0.008 0.017 0.000 0.006 0.003 0.011 0.178 0.777 
 551 K _   0.009 0.024 0.001 0.009 0.004 0.013 0.178 0.762 
 552 R _   0.010 0.037 0.001 0.013 0.006 0.015 0.178 0.741 
 553 C _   0.011 0.054 0.001 0.018 0.008 0.017 0.178 0.713 
 554 P _   0.011 0.074 0.001 0.024 0.010 0.019 0.178 0.682 
 555 V _   0.012 0.095 0.001 0.032 0.012 0.020 0.179 0.650 
 556 Q _   0.012 0.111 0.001 0.039 0.014 0.021 0.180 0.622 
 557 A _   0.013 0.123 0.001 0.045 0.015 0.021 0.182 0.601 
 558 K _   0.013 0.129 0.001 0.049 0.015 0.021 0.185 0.587 
 559 Y _   0.012 0.130 0.001 0.049 0.015 0.020 0.190 0.582 
 560 I _   0.012 0.128 0.001 0.047 0.014 0.019 0.195 0.584 
 561 Q _   0.011 0.121 0.001 0.042 0.012 0.017 0.203 0.593 
 562 H _   0.011 0.108 0.001 0.034 0.010 0.015 0.211 0.609 
 563 L _   0.010 0.090 0.001 0.026 0.008 0.013 0.220 0.631 
 564 T _   0.009 0.070 0.001 0.018 0.006 0.012 0.230 0.656 
 565 R _   0.008 0.051 0.001 0.011 0.004 0.010 0.238 0.677 
 566 R _   0.007 0.038 0.000 0.007 0.003 0.009 0.245 0.691 
 567 N _   0.006 0.031 0.000 0.004 0.002 0.009 0.250 0.696 
 568 S _   0.006 0.029 0.000 0.004 0.002 0.009 0.254 0.695 
 569 S _   0.007 0.029 0.000 0.004 0.002 0.011 0.258 0.689 
 570 Q _   0.008 0.032 0.000 0.006 0.004 0.013 0.261 0.676 
 571 R _   0.010 0.040 0.001 0.010 0.006 0.016 0.263 0.653 
 572 P _   0.012 0.056 0.001 0.018 0.009 0.020 0.265 0.618 
 573 S _   0.014 0.079 0.001 0.029 0.013 0.023 0.267 0.574 
 574 A _   0.014 0.100 0.001 0.041 0.016 0.025 0.269 0.532 
 575 I _   0.015 0.115 0.001 0.052 0.018 0.026 0.273 0.499 
 576 Q _   0.014 0.124 0.001 0.059 0.019 0.026 0.278 0.479 
 577 L _   0.014 0.126 0.001 0.061 0.019 0.025 0.284 0.469 
 578 L _   0.013 0.123 0.001 0.058 0.018 0.024 0.293 0.469 
 579 Q _   0.012 0.115 0.001 0.051 0.016 0.021 0.303 0.479 
 580 S _   0.012 0.099 0.001 0.041 0.014 0.019 0.317 0.498 
 581 E _   0.011 0.076 0.001 0.030 0.011 0.017 0.332 0.522 
 582 L _   0.010 0.052 0.001 0.019 0.008 0.014 0.348 0.548 
 583 F _   0.009 0.031 0.001 0.012 0.006 0.013 0.362 0.567 
 584 Q _   0.009 0.018 0.000 0.007 0.004 0.011 0.374 0.577 
 585 N _   0.008 0.012 0.000 0.004 0.003 0.011 0.384 0.578 
 586 S _   0.008 0.010 0.000 0.003 0.003 0.011 0.391 0.574 
 587 G _   0.009 0.009 0.000 0.004 0.003 0.011 0.398 0.565 
 588 N _   0.011 0.010 0.000 0.005 0.004 0.013 0.405 0.553 
 589 V _   0.013 0.012 0.001 0.007 0.005 0.015 0.412 0.536 
 590 N _   0.015 0.015 0.001 0.011 0.007 0.017 0.418 0.516 
 591 L _   0.016 0.020 0.001 0.015 0.009 0.019 0.426 0.494 
 592 T _   0.017 0.025 0.001 0.019 0.011 0.020 0.434 0.473 
 593 L _   0.017 0.029 0.001 0.022 0.012 0.021 0.443 0.455 
 594 Q X   0.017 0.032 0.001 0.024 0.012 0.021 0.453 0.441 
 595 M X   0.016 0.033 0.001 0.024 0.012 0.020 0.464 0.430 
 596 K X   0.015 0.033 0.001 0.022 0.011 0.019 0.477 0.423 
 597 I X   0.014 0.033 0.001 0.019 0.009 0.018 0.490 0.416 
 598 I X   0.012 0.032 0.001 0.017 0.008 0.016 0.504 0.410 
 599 E X   0.011 0.030 0.001 0.014 0.007 0.015 0.518 0.403 
 600 Q X   0.010 0.029 0.001 0.012 0.006 0.014 0.533 0.395 
 601 E X   0.009 0.028 0.001 0.011 0.005 0.013 0.547 0.384 
 602 K X   0.009 0.028 0.001 0.011 0.005 0.013 0.562 0.373 
 603 E X   0.008 0.027 0.001 0.011 0.005 0.012 0.576 0.360 
 604 I X   0.008 0.027 0.001 0.012 0.005 0.012 0.590 0.345 
 605 A X   0.007 0.028 0.001 0.013 0.005 0.012 0.605 0.330 
 606 E X   0.007 0.028 0.001 0.015 0.005 0.011 0.620 0.313 
 607 L X   0.007 0.028 0.001 0.016 0.005 0.011 0.636 0.296 
 608 K X   0.007 0.027 0.001 0.017 0.005 0.011 0.654 0.278 
 609 K X   0.006 0.026 0.001 0.018 0.005 0.011 0.672 0.260 
 610 Q X   0.006 0.025 0.001 0.018 0.005 0.010 0.692 0.242 
 611 L X   0.005 0.023 0.001 0.018 0.005 0.009 0.714 0.224 
 612 N X   0.005 0.021 0.001 0.018 0.005 0.009 0.738 0.204 
 613 L X   0.005 0.018 0.001 0.016 0.004 0.008 0.763 0.186 
 614 L X   0.004 0.015 0.001 0.014 0.004 0.007 0.789 0.167 
 615 S X   0.004 0.012 0.000 0.012 0.003 0.006 0.815 0.148 
 616 Q X   0.003 0.009 0.000 0.010 0.002 0.005 0.840 0.130 
 617 D X   0.003 0.006 0.000 0.008 0.002 0.004 0.863 0.114 
 618 K X   0.002 0.004 0.000 0.006 0.001 0.003 0.883 0.100 
 619 G X   0.002 0.002 0.000 0.004 0.001 0.003 0.900 0.088 
 620 V X   0.001 0.001 0.000 0.003 0.001 0.002 0.913 0.078 
 621 R X   0.001 0.001 0.000 0.002 0.001 0.001 0.923 0.071 
 622 D X   0.001 0.001 0.000 0.001 0.000 0.001 0.931 0.065 
 623 D X   0.001 0.000 0.000 0.001 0.000 0.001 0.937 0.060 
 624 G X   0.001 0.000 0.000 0.001 0.000 0.001 0.941 0.056 
 625 K X   0.000 0.000 0.000 0.001 0.000 0.000 0.944 0.054 
 626 D X   0.000 0.000 0.000 0.001 0.000 0.000 0.946 0.052 
 627 G X   0.000 0.000 0.000 0.000 0.000 0.000 0.948 0.052 
 628 G X   0.000 0.000 0.000 0.001 0.000 0.000 0.947 0.053 
 629 V X   0.000 0.000 0.000 0.002 0.000 0.000 0.942 0.055 
 630 G X   0.001 0.001 0.001 0.009 0.002 0.002 0.923 0.061 
