#TopoPred_TM8: 8-state transmembrane topology prediction results by no_profile mode 
#probabilities are in the order of H E C I L F X _, the 8 transmembrane topology types used in PDBTM 
   1 M X   0.010 0.001 0.002 0.040 0.007 0.007 0.799 0.134 
   2 K X   0.003 0.001 0.000 0.020 0.001 0.003 0.819 0.152 
   3 R X   0.001 0.001 0.000 0.010 0.000 0.002 0.824 0.163 
   4 S X   0.001 0.001 0.000 0.007 0.000 0.002 0.821 0.168 
   5 E X   0.001 0.003 0.000 0.007 0.001 0.003 0.815 0.172 
   6 K X   0.001 0.005 0.000 0.008 0.001 0.004 0.804 0.176 
   7 P X   0.002 0.011 0.000 0.010 0.002 0.006 0.790 0.179 
   8 E X   0.003 0.021 0.000 0.015 0.003 0.008 0.768 0.183 
   9 G X   0.003 0.036 0.001 0.020 0.004 0.009 0.741 0.186 
  10 Y X   0.003 0.056 0.001 0.025 0.005 0.010 0.710 0.190 
  11 R X   0.003 0.076 0.001 0.030 0.006 0.011 0.680 0.194 
  12 Q X   0.003 0.094 0.001 0.032 0.006 0.011 0.654 0.200 
  13 M X   0.002 0.107 0.001 0.032 0.006 0.010 0.634 0.208 
  14 R X   0.002 0.116 0.001 0.030 0.006 0.010 0.618 0.218 
  15 P X   0.002 0.122 0.001 0.027 0.005 0.009 0.606 0.228 
  16 K X   0.002 0.126 0.001 0.024 0.005 0.009 0.596 0.238 
  17 T X   0.003 0.128 0.000 0.020 0.004 0.009 0.587 0.248 
  18 F X   0.003 0.129 0.000 0.017 0.004 0.008 0.580 0.259 
  19 P X   0.003 0.130 0.000 0.014 0.003 0.008 0.574 0.268 
  20 A X   0.003 0.130 0.000 0.011 0.003 0.008 0.567 0.277 
  21 S X   0.003 0.131 0.000 0.010 0.003 0.008 0.561 0.284 
  22 N X   0.003 0.133 0.000 0.009 0.003 0.009 0.554 0.289 
  23 Y X   0.004 0.136 0.000 0.009 0.003 0.010 0.547 0.291 
  24 T X   0.004 0.141 0.000 0.010 0.004 0.011 0.539 0.290 
  25 V X   0.005 0.150 0.001 0.012 0.005 0.012 0.530 0.285 
  26 S X   0.005 0.162 0.001 0.015 0.007 0.013 0.521 0.276 
  27 S X   0.006 0.176 0.001 0.019 0.008 0.014 0.511 0.264 
  28 R X   0.006 0.191 0.001 0.024 0.009 0.015 0.503 0.251 
  29 Q X   0.006 0.203 0.001 0.029 0.010 0.015 0.495 0.241 
  30 M X   0.007 0.211 0.001 0.032 0.010 0.015 0.490 0.235 
  31 L X   0.007 0.215 0.001 0.035 0.010 0.014 0.486 0.233 
  32 Q X   0.007 0.215 0.001 0.036 0.010 0.014 0.484 0.235 
  33 E X   0.007 0.211 0.001 0.035 0.009 0.013 0.483 0.242 
  34 I X   0.007 0.202 0.001 0.032 0.009 0.012 0.484 0.254 
  35 R X   0.007 0.186 0.001 0.029 0.008 0.011 0.487 0.272 
  36 E X   0.007 0.163 0.001 0.025 0.007 0.010 0.491 0.297 
  37 S X   0.007 0.134 0.001 0.020 0.006 0.009 0.497 0.327 
  38 L X   0.007 0.102 0.001 0.016 0.005 0.008 0.503 0.359 
  39 R X   0.006 0.073 0.001 0.012 0.004 0.007 0.509 0.388 
  40 N X   0.006 0.051 0.000 0.009 0.003 0.006 0.514 0.412 
  41 L X   0.005 0.036 0.000 0.006 0.002 0.005 0.517 0.428 
  42 S X   0.004 0.026 0.000 0.005 0.001 0.005 0.519 0.440 
  43 K X   0.004 0.021 0.000 0.004 0.001 0.004 0.520 0.447 
  44 P X   0.003 0.018 0.000 0.003 0.001 0.004 0.519 0.451 
  45 S X   0.003 0.017 0.000 0.004 0.001 0.004 0.517 0.454 
  46 D X   0.003 0.017 0.000 0.004 0.001 0.004 0.515 0.455 
  47 A X   0.003 0.017 0.000 0.006 0.001 0.005 0.512 0.456 
  48 A X   0.003 0.018 0.000 0.007 0.002 0.005 0.508 0.456 
  49 K X   0.003 0.019 0.000 0.009 0.002 0.006 0.503 0.456 
  50 A X   0.003 0.021 0.000 0.012 0.003 0.006 0.499 0.456 
  51 E X   0.003 0.022 0.000 0.013 0.003 0.007 0.495 0.456 
  52 H X   0.004 0.023 0.000 0.015 0.003 0.007 0.491 0.458 
  53 N X   0.004 0.023 0.000 0.015 0.003 0.007 0.487 0.460 
  54 M X   0.004 0.023 0.000 0.015 0.003 0.007 0.485 0.463 
  55 S X   0.004 0.022 0.000 0.014 0.003 0.007 0.483 0.467 
  56 K X   0.004 0.021 0.000 0.013 0.003 0.006 0.481 0.472 
  57 M X   0.004 0.019 0.000 0.011 0.003 0.006 0.480 0.477 
  58 S _   0.004 0.017 0.000 0.009 0.002 0.006 0.479 0.482 
  59 T _   0.004 0.015 0.000 0.008 0.002 0.005 0.478 0.487 
  60 E _   0.004 0.013 0.000 0.007 0.002 0.005 0.477 0.492 
  61 D _   0.004 0.012 0.000 0.006 0.002 0.005 0.476 0.497 
  62 P _   0.004 0.011 0.000 0.005 0.001 0.005 0.473 0.501 
  63 R _   0.004 0.010 0.000 0.004 0.001 0.004 0.470 0.505 
  64 Q _   0.004 0.010 0.000 0.004 0.001 0.004 0.467 0.509 
  65 V _   0.004 0.011 0.000 0.004 0.001 0.005 0.462 0.514 
  66 R _   0.004 0.011 0.000 0.004 0.001 0.005 0.456 0.518 
  67 N _   0.004 0.014 0.000 0.005 0.002 0.006 0.448 0.523 
  68 P _   0.004 0.017 0.000 0.006 0.002 0.007 0.439 0.526 
  69 P _   0.004 0.024 0.000 0.007 0.003 0.008 0.427 0.526 
  70 K _   0.005 0.036 0.001 0.010 0.004 0.011 0.413 0.522 
  71 F _   0.006 0.055 0.001 0.014 0.005 0.013 0.395 0.511 
  72 G _   0.006 0.085 0.001 0.019 0.007 0.015 0.374 0.492 
  73 T _   0.007 0.127 0.001 0.025 0.010 0.017 0.350 0.464 
  74 H _   0.007 0.176 0.002 0.030 0.012 0.019 0.325 0.430 
  75 H _   0.007 0.228 0.002 0.035 0.013 0.019 0.301 0.396 
  76 K _   0.006 0.277 0.002 0.038 0.013 0.019 0.281 0.365 
  77 A _   0.006 0.316 0.001 0.039 0.013 0.018 0.264 0.342 
  78 L E   0.006 0.345 0.001 0.040 0.012 0.018 0.251 0.327 
  79 Q E   0.006 0.366 0.001 0.040 0.012 0.017 0.241 0.318 
  80 E E   0.006 0.379 0.001 0.040 0.012 0.016 0.233 0.313 
  81 I E   0.006 0.387 0.001 0.041 0.011 0.016 0.227 0.311 
  82 R E   0.006 0.391 0.001 0.041 0.011 0.016 0.222 0.313 
  83 N E   0.007 0.390 0.001 0.040 0.011 0.015 0.219 0.318 
  84 S E   0.007 0.385 0.001 0.040 0.011 0.015 0.217 0.326 
  85 L E   0.008 0.374 0.001 0.038 0.010 0.014 0.216 0.339 
  86 L _   0.008 0.356 0.001 0.036 0.010 0.013 0.216 0.359 
  87 P _   0.009 0.328 0.001 0.034 0.009 0.013 0.217 0.389 
  88 F _   0.009 0.289 0.001 0.030 0.009 0.012 0.219 0.431 
  89 A _   0.010 0.239 0.001 0.026 0.008 0.012 0.222 0.483 
  90 N _   0.010 0.186 0.001 0.020 0.006 0.011 0.225 0.540 
  91 E _   0.009 0.138 0.001 0.015 0.005 0.010 0.228 0.593 
  92 T _   0.009 0.102 0.001 0.011 0.004 0.009 0.230 0.636 
  93 N _   0.007 0.079 0.000 0.007 0.003 0.008 0.231 0.665 
  94 S _   0.006 0.066 0.000 0.005 0.002 0.007 0.231 0.683 
  95 S _   0.005 0.059 0.000 0.004 0.002 0.006 0.230 0.693 
  96 R _   0.005 0.057 0.000 0.004 0.002 0.007 0.228 0.698 
  97 S _   0.005 0.057 0.000 0.005 0.002 0.007 0.225 0.700 
  98 T _   0.005 0.060 0.000 0.007 0.002 0.008 0.221 0.698 
  99 S _   0.005 0.065 0.000 0.009 0.003 0.009 0.216 0.693 
 100 E _   0.005 0.073 0.000 0.013 0.004 0.010 0.211 0.684 
 101 V _   0.005 0.083 0.001 0.016 0.005 0.011 0.205 0.674 
 102 N _   0.005 0.094 0.001 0.020 0.006 0.012 0.199 0.663 
 103 P _   0.005 0.104 0.001 0.023 0.006 0.013 0.193 0.655 
 104 Q _   0.005 0.111 0.001 0.026 0.007 0.013 0.189 0.649 
 105 M _   0.005 0.116 0.001 0.027 0.007 0.013 0.185 0.646 
 106 L _   0.006 0.119 0.001 0.027 0.007 0.014 0.182 0.645 
 107 Q _   0.006 0.120 0.001 0.025 0.007 0.014 0.180 0.648 
 108 D _   0.006 0.119 0.001 0.023 0.007 0.014 0.178 0.653 
 109 L _   0.006 0.116 0.001 0.020 0.006 0.014 0.177 0.659 
 110 Q _   0.007 0.113 0.001 0.018 0.006 0.014 0.176 0.666 
 111 A _   0.007 0.109 0.001 0.015 0.006 0.014 0.175 0.672 
 112 A _   0.008 0.106 0.001 0.014 0.006 0.015 0.174 0.677 
 113 G _   0.009 0.103 0.001 0.014 0.006 0.015 0.174 0.679 
 114 F _   0.010 0.102 0.001 0.014 0.007 0.016 0.173 0.677 
 115 D _   0.012 0.101 0.001 0.017 0.008 0.018 0.173 0.672 
 116 E _   0.013 0.102 0.001 0.020 0.009 0.019 0.172 0.664 
 117 D _   0.014 0.102 0.001 0.025 0.011 0.020 0.172 0.656 
 118 M _   0.015 0.100 0.001 0.029 0.012 0.020 0.173 0.650 
 119 V _   0.016 0.097 0.001 0.031 0.012 0.020 0.175 0.649 
 120 I _   0.016 0.091 0.001 0.031 0.011 0.019 0.177 0.654 
 121 Q _   0.016 0.080 0.001 0.028 0.010 0.018 0.179 0.668 
 122 A _   0.015 0.064 0.001 0.023 0.009 0.016 0.183 0.690 
 123 L _   0.014 0.044 0.001 0.016 0.007 0.015 0.186 0.718 
 124 Q _   0.013 0.025 0.001 0.010 0.005 0.014 0.188 0.744 
 125 K _   0.012 0.012 0.000 0.006 0.003 0.013 0.190 0.763 
 126 T _   0.012 0.006 0.000 0.003 0.002 0.013 0.191 0.772 
 127 N _   0.014 0.004 0.000 0.002 0.002 0.015 0.191 0.772 
 128 N _   0.018 0.003 0.000 0.002 0.003 0.018 0.191 0.763 
 129 R _   0.026 0.005 0.000 0.003 0.006 0.023 0.191 0.746 
 130 S _   0.036 0.011 0.001 0.007 0.011 0.031 0.190 0.714 
 131 I _   0.046 0.029 0.002 0.015 0.019 0.039 0.189 0.662 
 132 E _   0.053 0.065 0.002 0.028 0.028 0.045 0.187 0.591 
 133 A _   0.057 0.105 0.003 0.045 0.035 0.048 0.186 0.523 
 134 A _   0.057 0.134 0.002 0.059 0.037 0.048 0.186 0.476 
 135 I _   0.057 0.151 0.002 0.068 0.038 0.046 0.188 0.451 
 136 E _   0.054 0.157 0.002 0.072 0.036 0.043 0.191 0.445 
 137 F _   0.050 0.156 0.002 0.069 0.032 0.039 0.196 0.455 
 138 I _   0.045 0.147 0.002 0.061 0.027 0.034 0.203 0.481 
 139 S _   0.038 0.128 0.002 0.049 0.021 0.029 0.211 0.522 
 140 K _   0.032 0.098 0.002 0.035 0.015 0.023 0.221 0.574 
 141 M _   0.026 0.063 0.001 0.022 0.010 0.018 0.230 0.630 
 142 S _   0.020 0.034 0.001 0.012 0.006 0.014 0.238 0.676 
 143 Y _   0.014 0.018 0.000 0.006 0.003 0.011 0.243 0.704 
 144 Q _   0.010 0.011 0.000 0.003 0.002 0.008 0.247 0.718 
 145 D _   0.008 0.008 0.000 0.002 0.001 0.007 0.249 0.723 
 146 P _   0.007 0.008 0.000 0.002 0.001 0.007 0.250 0.724 
 147 R _   0.007 0.009 0.000 0.003 0.002 0.008 0.251 0.720 
 148 R _   0.007 0.013 0.000 0.006 0.003 0.010 0.251 0.711 
 149 E _   0.008 0.022 0.001 0.010 0.004 0.012 0.249 0.694 
 150 Q _   0.008 0.037 0.001 0.017 0.006 0.014 0.248 0.670 
 151 M _   0.008 0.057 0.001 0.025 0.008 0.015 0.245 0.641 
 152 A _   0.008 0.075 0.001 0.032 0.009 0.016 0.244 0.615 
 153 A _   0.008 0.089 0.001 0.037 0.010 0.016 0.242 0.597 
 154 A _   0.008 0.097 0.001 0.040 0.010 0.016 0.243 0.587 
 155 A _   0.007 0.100 0.001 0.040 0.010 0.015 0.244 0.583 
 156 A _   0.007 0.101 0.001 0.037 0.010 0.014 0.246 0.584 
 157 R _   0.007 0.099 0.001 0.033 0.009 0.013 0.249 0.590 
 158 P _   0.007 0.094 0.001 0.028 0.008 0.012 0.253 0.597 
 159 I _   0.007 0.087 0.001 0.024 0.007 0.012 0.258 0.605 
 160 N _   0.007 0.080 0.001 0.020 0.006 0.011 0.264 0.612 
 161 A _   0.007 0.072 0.001 0.017 0.005 0.010 0.270 0.618 
 162 S _   0.007 0.064 0.001 0.015 0.005 0.010 0.276 0.623 
 163 M _   0.007 0.057 0.001 0.013 0.004 0.009 0.282 0.626 
 164 K _   0.007 0.051 0.000 0.012 0.004 0.009 0.289 0.628 
 165 P _   0.007 0.046 0.000 0.011 0.004 0.009 0.295 0.629 
 166 G _   0.006 0.042 0.000 0.010 0.003 0.008 0.300 0.629 
 167 N _   0.006 0.039 0.000 0.010 0.003 0.008 0.306 0.627 
 168 V _   0.006 0.036 0.000 0.010 0.003 0.008 0.311 0.624 
 169 Q _   0.006 0.033 0.000 0.011 0.003 0.008 0.317 0.621 
 170 Q _   0.006 0.031 0.000 0.011 0.003 0.008 0.323 0.618 
 171 S _   0.006 0.029 0.000 0.011 0.003 0.008 0.328 0.615 
 172 V _   0.005 0.027 0.000 0.011 0.003 0.008 0.334 0.612 
 173 N _   0.005 0.025 0.000 0.011 0.003 0.007 0.339 0.609 
 174 R _   0.005 0.023 0.000 0.010 0.003 0.007 0.345 0.607 
 175 K _   0.005 0.021 0.000 0.010 0.003 0.007 0.350 0.604 
 176 Q _   0.005 0.019 0.000 0.009 0.003 0.007 0.356 0.602 
 177 S _   0.005 0.017 0.000 0.008 0.003 0.006 0.361 0.599 
 178 W _   0.005 0.016 0.000 0.008 0.002 0.006 0.366 0.596 
 179 K _   0.004 0.015 0.000 0.008 0.002 0.006 0.371 0.593 
 180 G _   0.004 0.014 0.000 0.008 0.002 0.006 0.376 0.589 
 181 S _   0.004 0.014 0.000 0.008 0.002 0.006 0.380 0.585 
 182 K _   0.005 0.014 0.000 0.008 0.002 0.006 0.385 0.580 
 183 E _   0.005 0.014 0.000 0.008 0.002 0.006 0.389 0.576 
 184 S _   0.005 0.014 0.000 0.008 0.002 0.006 0.394 0.572 
 185 L _   0.004 0.014 0.000 0.008 0.002 0.006 0.398 0.568 
 186 V _   0.004 0.014 0.000 0.007 0.002 0.006 0.402 0.564 
 187 P _   0.004 0.014 0.000 0.007 0.002 0.006 0.405 0.561 
 188 Q _   0.004 0.015 0.000 0.007 0.002 0.006 0.409 0.557 
 189 R _   0.004 0.015 0.000 0.006 0.002 0.006 0.412 0.554 
 190 H _   0.004 0.017 0.000 0.007 0.002 0.006 0.414 0.549 
 191 G _   0.004 0.018 0.000 0.007 0.002 0.007 0.417 0.544 
 192 P _   0.004 0.021 0.000 0.009 0.003 0.007 0.419 0.536 
 193 P _   0.005 0.024 0.000 0.011 0.003 0.008 0.422 0.526 
 194 L _   0.005 0.028 0.000 0.014 0.004 0.009 0.424 0.515 
 195 G _   0.005 0.032 0.001 0.018 0.005 0.009 0.426 0.504 
 196 E _   0.005 0.036 0.001 0.021 0.005 0.010 0.429 0.493 
 197 S _   0.005 0.038 0.001 0.023 0.005 0.010 0.433 0.485 
 198 V _   0.005 0.039 0.001 0.024 0.005 0.009 0.438 0.479 
 199 A _   0.005 0.039 0.001 0.023 0.005 0.009 0.444 0.475 
 200 Y _   0.005 0.038 0.001 0.020 0.004 0.008 0.450 0.475 
 201 H _   0.004 0.035 0.000 0.016 0.004 0.007 0.457 0.477 
 202 S _   0.004 0.032 0.000 0.013 0.003 0.006 0.463 0.479 
 203 E _   0.003 0.029 0.000 0.009 0.002 0.005 0.470 0.481 
 204 S _   0.003 0.026 0.000 0.006 0.002 0.005 0.476 0.482 
 205 P _   0.003 0.024 0.000 0.005 0.001 0.004 0.481 0.482 
 206 N X   0.003 0.023 0.000 0.004 0.001 0.004 0.484 0.480 
 207 S X   0.003 0.024 0.000 0.004 0.001 0.004 0.487 0.477 
 208 Q X   0.003 0.025 0.000 0.004 0.001 0.005 0.489 0.473 
 209 T X   0.003 0.028 0.000 0.005 0.001 0.005 0.490 0.467 
 210 D X   0.003 0.034 0.000 0.006 0.002 0.006 0.491 0.458 
 211 V X   0.003 0.042 0.000 0.008 0.002 0.008 0.490 0.446 
 212 G X   0.004 0.056 0.000 0.010 0.003 0.009 0.489 0.428 
 213 R X   0.005 0.075 0.001 0.013 0.005 0.011 0.486 0.405 
 214 P X   0.005 0.101 0.001 0.016 0.006 0.014 0.484 0.373 
 215 L X   0.006 0.134 0.001 0.021 0.008 0.016 0.480 0.334 
 216 S X   0.007 0.172 0.001 0.026 0.011 0.017 0.477 0.289 
 217 G X   0.007 0.213 0.001 0.033 0.013 0.019 0.475 0.240 
 218 S X   0.007 0.252 0.001 0.040 0.015 0.019 0.474 0.192 
 219 G X   0.007 0.283 0.001 0.047 0.016 0.019 0.474 0.152 
 220 I X   0.007 0.304 0.001 0.053 0.016 0.019 0.477 0.123 
 221 S X   0.006 0.315 0.001 0.058 0.016 0.018 0.482 0.104 
 222 A X   0.006 0.318 0.001 0.061 0.015 0.017 0.490 0.092 
 223 F X   0.006 0.315 0.001 0.060 0.014 0.016 0.502 0.085 
 224 V X   0.006 0.306 0.001 0.058 0.014 0.015 0.518 0.082 
 225 Q X   0.006 0.287 0.001 0.053 0.013 0.014 0.542 0.084 
 226 A X   0.006 0.254 0.002 0.048 0.013 0.014 0.575 0.088 
 227 H X   0.007 0.208 0.002 0.042 0.013 0.013 0.621 0.096 
 228 P X   0.007 0.151 0.002 0.034 0.011 0.012 0.680 0.102 
 229 S X   0.007 0.099 0.002 0.026 0.009 0.011 0.744 0.103 
 230 N X   0.006 0.058 0.001 0.018 0.006 0.009 0.803 0.099 
 231 G X   0.005 0.031 0.001 0.012 0.004 0.007 0.850 0.091 
 232 Q X   0.004 0.016 0.000 0.007 0.002 0.005 0.885 0.081 
 233 R X   0.003 0.008 0.000 0.004 0.001 0.003 0.909 0.071 
 234 V X   0.002 0.004 0.000 0.003 0.001 0.002 0.926 0.062 
 235 N X   0.001 0.002 0.000 0.002 0.001 0.002 0.938 0.055 
 236 P X   0.001 0.001 0.000 0.001 0.000 0.001 0.946 0.049 
 237 P X   0.001 0.001 0.000 0.001 0.000 0.001 0.952 0.044 
 238 P X   0.001 0.001 0.000 0.001 0.000 0.001 0.956 0.040 
 239 P X   0.001 0.000 0.000 0.001 0.000 0.001 0.960 0.037 
 240 P X   0.001 0.000 0.000 0.001 0.000 0.001 0.963 0.034 
 241 Q X   0.000 0.000 0.000 0.001 0.000 0.001 0.965 0.032 
 242 V X   0.000 0.000 0.000 0.002 0.000 0.001 0.967 0.030 
 243 R X   0.000 0.000 0.000 0.002 0.000 0.001 0.968 0.028 
 244 S X   0.000 0.000 0.000 0.002 0.000 0.001 0.970 0.026 
 245 V X   0.000 0.000 0.000 0.002 0.000 0.001 0.971 0.025 
 246 T X   0.000 0.000 0.000 0.001 0.000 0.001 0.973 0.024 
 247 P X   0.000 0.000 0.000 0.001 0.000 0.001 0.974 0.024 
 248 P X   0.000 0.000 0.000 0.001 0.000 0.001 0.975 0.023 
 249 P X   0.000 0.000 0.000 0.001 0.000 0.000 0.975 0.023 
 250 P X   0.000 0.000 0.000 0.001 0.000 0.000 0.975 0.023 
 251 P X   0.000 0.000 0.000 0.001 0.000 0.000 0.975 0.023 
 252 R X   0.000 0.000 0.000 0.001 0.000 0.000 0.975 0.024 
 253 G X   0.000 0.000 0.000 0.001 0.000 0.000 0.974 0.024 
 254 Q X   0.000 0.000 0.000 0.001 0.000 0.000 0.973 0.025 
 255 T X   0.000 0.000 0.000 0.001 0.000 0.001 0.972 0.026 
 256 P X   0.000 0.000 0.000 0.001 0.000 0.001 0.970 0.028 
 257 P X   0.000 0.000 0.000 0.001 0.000 0.001 0.967 0.030 
 258 P X   0.000 0.000 0.000 0.001 0.000 0.001 0.964 0.033 
 259 R X   0.000 0.000 0.000 0.002 0.000 0.001 0.960 0.036 
 260 G X   0.000 0.001 0.000 0.002 0.000 0.001 0.956 0.040 
 261 T X   0.000 0.001 0.000 0.002 0.000 0.001 0.951 0.044 
 262 T X   0.001 0.001 0.000 0.002 0.000 0.001 0.946 0.049 
 263 P X   0.001 0.001 0.000 0.003 0.001 0.001 0.940 0.054 
 264 P X   0.001 0.002 0.000 0.003 0.001 0.002 0.933 0.060 
 265 P X   0.001 0.002 0.000 0.003 0.001 0.002 0.925 0.066 
 266 P X   0.001 0.003 0.000 0.004 0.001 0.002 0.917 0.073 
 267 S X   0.001 0.004 0.000 0.004 0.001 0.002 0.908 0.080 
 268 W X   0.001 0.005 0.000 0.005 0.001 0.003 0.897 0.088 
 269 E X   0.001 0.007 0.000 0.005 0.001 0.003 0.885 0.097 
 270 P X   0.001 0.009 0.000 0.006 0.001 0.004 0.872 0.106 
 271 N X   0.001 0.012 0.000 0.007 0.002 0.004 0.858 0.116 
 272 S X   0.001 0.016 0.000 0.008 0.002 0.005 0.842 0.126 
 273 Q X   0.001 0.022 0.000 0.009 0.002 0.006 0.824 0.135 
 274 T X   0.002 0.029 0.000 0.011 0.003 0.007 0.805 0.143 
 275 K X   0.002 0.039 0.001 0.013 0.004 0.008 0.784 0.150 
 276 R X   0.002 0.052 0.001 0.016 0.005 0.009 0.762 0.153 
 277 Y X   0.003 0.069 0.001 0.020 0.006 0.011 0.738 0.152 
 278 S X   0.003 0.090 0.001 0.024 0.008 0.012 0.714 0.148 
 279 G X   0.003 0.112 0.001 0.029 0.009 0.013 0.693 0.140 
 280 N X   0.003 0.131 0.001 0.033 0.010 0.013 0.675 0.133 
 281 M X   0.004 0.145 0.001 0.037 0.010 0.013 0.662 0.128 
 282 E X   0.004 0.154 0.001 0.039 0.010 0.013 0.652 0.126 
 283 Y X   0.004 0.159 0.001 0.039 0.010 0.013 0.646 0.128 
 284 V X   0.004 0.159 0.001 0.038 0.010 0.012 0.642 0.133 
 285 I X   0.005 0.157 0.001 0.035 0.009 0.011 0.641 0.142 
 286 S X   0.005 0.150 0.001 0.030 0.008 0.010 0.640 0.156 
 287 R X   0.005 0.138 0.001 0.025 0.007 0.009 0.641 0.174 
 288 I X   0.005 0.122 0.001 0.020 0.006 0.009 0.644 0.194 
 289 S X   0.005 0.104 0.001 0.015 0.005 0.008 0.647 0.215 
 290 P X   0.005 0.086 0.001 0.012 0.004 0.007 0.651 0.234 
 291 V X   0.005 0.071 0.000 0.010 0.003 0.007 0.654 0.249 
 292 P X   0.005 0.061 0.000 0.009 0.003 0.007 0.657 0.260 
 293 P X   0.004 0.053 0.000 0.008 0.002 0.006 0.659 0.267 
 294 G X   0.004 0.046 0.000 0.008 0.002 0.006 0.661 0.273 
 295 A X   0.004 0.041 0.000 0.008 0.002 0.005 0.662 0.277 
 296 W X   0.004 0.036 0.000 0.007 0.002 0.005 0.663 0.282 
 297 Q X   0.004 0.032 0.000 0.007 0.002 0.005 0.664 0.287 
 298 E X   0.003 0.027 0.000 0.006 0.002 0.004 0.665 0.292 
 299 G X   0.003 0.023 0.000 0.006 0.001 0.004 0.665 0.298 
 300 Y X   0.003 0.020 0.000 0.005 0.001 0.004 0.664 0.303 
 301 P X   0.003 0.017 0.000 0.004 0.001 0.003 0.663 0.308 
 302 P X   0.002 0.015 0.000 0.004 0.001 0.003 0.662 0.313 
 303 P X   0.002 0.013 0.000 0.004 0.001 0.003 0.660 0.316 
 304 P X   0.002 0.013 0.000 0.004 0.001 0.003 0.657 0.320 
 305 L X   0.002 0.012 0.000 0.004 0.001 0.003 0.653 0.324 
 306 N X   0.002 0.012 0.000 0.004 0.001 0.003 0.649 0.328 
 307 T X   0.002 0.012 0.000 0.004 0.001 0.003 0.643 0.334 
 308 S X   0.002 0.013 0.000 0.004 0.001 0.004 0.635 0.341 
 309 P X   0.002 0.014 0.000 0.005 0.001 0.004 0.625 0.348 
 310 M X   0.002 0.016 0.000 0.005 0.001 0.004 0.613 0.358 
 311 N X   0.002 0.018 0.000 0.006 0.002 0.005 0.599 0.367 
 312 P X   0.003 0.023 0.000 0.007 0.002 0.006 0.582 0.378 
 313 P X   0.003 0.031 0.000 0.009 0.002 0.007 0.561 0.387 
 314 N X   0.003 0.043 0.001 0.012 0.003 0.009 0.535 0.394 
 315 Q X   0.004 0.064 0.001 0.017 0.005 0.011 0.503 0.396 
 316 G X   0.004 0.095 0.001 0.022 0.007 0.013 0.466 0.391 
 317 Q X   0.005 0.138 0.001 0.028 0.009 0.015 0.425 0.379 
 318 R X   0.005 0.190 0.001 0.034 0.010 0.016 0.382 0.362 
 319 G _   0.005 0.244 0.002 0.037 0.011 0.017 0.342 0.342 
 320 I _   0.005 0.297 0.002 0.038 0.011 0.017 0.307 0.324 
 321 S E   0.004 0.343 0.001 0.038 0.011 0.016 0.278 0.308 
 322 S E   0.004 0.381 0.001 0.036 0.011 0.016 0.254 0.297 
 323 V E   0.004 0.414 0.001 0.034 0.010 0.015 0.235 0.286 
 324 P E   0.004 0.440 0.001 0.033 0.010 0.015 0.219 0.278 
 325 V E   0.004 0.460 0.001 0.032 0.009 0.014 0.207 0.272 
 326 G E   0.004 0.476 0.001 0.031 0.009 0.014 0.197 0.267 
 327 R E   0.005 0.488 0.001 0.030 0.009 0.014 0.189 0.265 
 328 Q E   0.005 0.495 0.001 0.030 0.009 0.013 0.183 0.265 
 329 P E   0.005 0.498 0.001 0.029 0.008 0.012 0.178 0.268 
 330 I E   0.005 0.497 0.001 0.028 0.008 0.012 0.175 0.274 
 331 I E   0.005 0.492 0.001 0.027 0.007 0.011 0.172 0.285 
 332 M E   0.005 0.482 0.001 0.024 0.007 0.010 0.170 0.301 
 333 Q E   0.006 0.467 0.001 0.022 0.006 0.010 0.168 0.322 
 334 S E   0.006 0.446 0.001 0.019 0.005 0.009 0.167 0.347 
 335 S E   0.006 0.421 0.001 0.016 0.005 0.009 0.167 0.376 
 336 S _   0.005 0.396 0.001 0.014 0.004 0.008 0.166 0.405 
 337 K _   0.005 0.374 0.001 0.012 0.004 0.008 0.166 0.432 
 338 F _   0.005 0.355 0.000 0.010 0.003 0.007 0.165 0.454 
 339 N _   0.005 0.342 0.000 0.009 0.003 0.007 0.164 0.470 
 340 F _   0.004 0.332 0.000 0.008 0.002 0.007 0.163 0.483 
 341 P _   0.004 0.326 0.000 0.008 0.002 0.006 0.161 0.492 
 342 S _   0.004 0.322 0.000 0.008 0.002 0.006 0.159 0.498 
 343 G _   0.004 0.320 0.000 0.008 0.002 0.006 0.157 0.503 
 344 R _   0.004 0.320 0.000 0.008 0.002 0.006 0.154 0.506 
 345 P _   0.003 0.322 0.000 0.008 0.002 0.006 0.150 0.507 
 346 G _   0.003 0.326 0.000 0.008 0.002 0.007 0.146 0.507 
 347 M _   0.003 0.332 0.000 0.009 0.003 0.007 0.142 0.504 
 348 Q _   0.004 0.341 0.000 0.010 0.003 0.008 0.137 0.498 
 349 N _   0.004 0.354 0.000 0.011 0.003 0.009 0.132 0.487 
 350 G _   0.004 0.373 0.001 0.013 0.004 0.010 0.125 0.470 
 351 T _   0.004 0.397 0.001 0.015 0.005 0.011 0.119 0.448 
 352 G E   0.005 0.429 0.001 0.018 0.006 0.011 0.111 0.419 
 353 Q E   0.005 0.464 0.001 0.020 0.007 0.012 0.104 0.386 
 354 T E   0.005 0.501 0.001 0.023 0.008 0.012 0.098 0.353 
 355 D E   0.005 0.534 0.001 0.025 0.008 0.012 0.092 0.323 
 356 F E   0.004 0.562 0.001 0.026 0.008 0.012 0.087 0.299 
 357 M E   0.004 0.584 0.001 0.028 0.008 0.011 0.084 0.279 
 358 I E   0.004 0.600 0.001 0.029 0.008 0.011 0.081 0.265 
 359 H E   0.004 0.610 0.001 0.030 0.008 0.011 0.080 0.257 
 360 Q E   0.004 0.614 0.001 0.031 0.008 0.010 0.079 0.252 
 361 N E   0.005 0.614 0.001 0.032 0.008 0.010 0.078 0.252 
 362 V E   0.005 0.608 0.001 0.033 0.008 0.010 0.079 0.257 
 363 V E   0.006 0.595 0.001 0.033 0.008 0.010 0.080 0.268 
 364 P E   0.006 0.572 0.001 0.033 0.008 0.010 0.082 0.288 
 365 A E   0.007 0.534 0.001 0.032 0.009 0.010 0.086 0.321 
 366 G E   0.008 0.479 0.001 0.030 0.009 0.011 0.091 0.370 
 367 T _   0.010 0.408 0.001 0.027 0.008 0.011 0.098 0.437 
 368 V _   0.010 0.329 0.001 0.023 0.007 0.011 0.105 0.513 
 369 N _   0.010 0.258 0.001 0.018 0.006 0.010 0.112 0.585 
 370 R _   0.009 0.204 0.001 0.012 0.004 0.009 0.117 0.642 
 371 Q _   0.008 0.172 0.000 0.008 0.003 0.008 0.121 0.680 
 372 P _   0.007 0.155 0.000 0.006 0.002 0.007 0.123 0.700 
 373 P _   0.006 0.147 0.000 0.005 0.002 0.007 0.124 0.710 
 374 P _   0.005 0.144 0.000 0.005 0.001 0.007 0.124 0.714 
 375 P _   0.005 0.145 0.000 0.006 0.002 0.007 0.123 0.713 
 376 Y _   0.005 0.150 0.000 0.007 0.002 0.007 0.121 0.707 
 377 P _   0.005 0.158 0.000 0.010 0.002 0.008 0.119 0.699 
 378 L _   0.005 0.169 0.000 0.012 0.003 0.008 0.115 0.687 
 379 T _   0.004 0.182 0.000 0.014 0.003 0.009 0.112 0.675 
 380 A _   0.004 0.197 0.000 0.015 0.003 0.009 0.108 0.664 
 381 A _   0.004 0.211 0.000 0.016 0.004 0.009 0.103 0.652 
 382 N _   0.004 0.226 0.000 0.017 0.004 0.009 0.099 0.642 
 383 G _   0.004 0.241 0.001 0.017 0.004 0.009 0.095 0.630 
 384 Q _   0.004 0.258 0.001 0.018 0.004 0.009 0.091 0.616 
 385 S _   0.004 0.277 0.001 0.020 0.005 0.010 0.086 0.599 
 386 P _   0.004 0.298 0.001 0.022 0.005 0.010 0.082 0.578 
 387 S _   0.004 0.320 0.001 0.025 0.006 0.010 0.078 0.556 
 388 A _   0.004 0.341 0.001 0.029 0.006 0.011 0.075 0.533 
 389 L _   0.004 0.358 0.001 0.032 0.007 0.011 0.072 0.516 
 390 Q _   0.004 0.370 0.001 0.035 0.007 0.010 0.070 0.503 
 391 T _   0.004 0.376 0.001 0.036 0.007 0.010 0.069 0.498 
 392 G _   0.004 0.377 0.001 0.036 0.007 0.010 0.068 0.498 
 393 G _   0.004 0.373 0.001 0.033 0.006 0.009 0.067 0.505 
 394 S _   0.004 0.364 0.001 0.029 0.006 0.009 0.068 0.519 
 395 A _   0.004 0.349 0.001 0.024 0.005 0.008 0.068 0.540 
 396 A _   0.004 0.329 0.001 0.019 0.005 0.008 0.069 0.564 
 397 P _   0.005 0.308 0.001 0.015 0.004 0.008 0.071 0.590 
 398 S _   0.004 0.290 0.000 0.011 0.003 0.008 0.072 0.611 
 399 S _   0.004 0.277 0.000 0.009 0.003 0.008 0.073 0.626 
 400 Y _   0.004 0.271 0.000 0.008 0.003 0.008 0.073 0.633 
 401 T _   0.004 0.269 0.000 0.009 0.003 0.008 0.073 0.634 
 402 N _   0.005 0.271 0.000 0.011 0.003 0.009 0.073 0.628 
 403 G _   0.005 0.278 0.000 0.014 0.004 0.010 0.072 0.616 
 404 S _   0.005 0.287 0.001 0.019 0.005 0.011 0.071 0.601 
 405 I _   0.006 0.296 0.001 0.024 0.006 0.012 0.071 0.584 
 406 P _   0.006 0.304 0.001 0.029 0.007 0.012 0.070 0.571 
 407 Q _   0.006 0.307 0.001 0.033 0.008 0.012 0.071 0.563 
 408 S _   0.006 0.306 0.001 0.034 0.008 0.012 0.071 0.562 
 409 M _   0.005 0.300 0.001 0.033 0.007 0.011 0.073 0.569 
 410 M _   0.005 0.289 0.001 0.029 0.007 0.010 0.075 0.584 
 411 V _   0.005 0.270 0.001 0.024 0.006 0.010 0.077 0.607 
 412 P _   0.005 0.247 0.001 0.018 0.005 0.009 0.080 0.634 
 413 N _   0.005 0.224 0.001 0.013 0.004 0.009 0.082 0.662 
 414 R _   0.005 0.205 0.000 0.010 0.003 0.008 0.085 0.683 
 415 N _   0.005 0.194 0.000 0.007 0.003 0.008 0.087 0.696 
 416 S _   0.005 0.188 0.000 0.006 0.003 0.009 0.088 0.700 
 417 H _   0.006 0.187 0.000 0.007 0.003 0.010 0.089 0.698 
 418 N _   0.007 0.192 0.000 0.008 0.003 0.011 0.090 0.688 
 419 M _   0.007 0.201 0.001 0.011 0.005 0.013 0.090 0.671 
 420 E _   0.008 0.218 0.001 0.016 0.006 0.015 0.090 0.646 
 421 L _   0.009 0.238 0.001 0.021 0.008 0.016 0.090 0.617 
 422 Y _   0.009 0.258 0.001 0.026 0.009 0.017 0.090 0.589 
 423 N _   0.010 0.275 0.001 0.032 0.010 0.018 0.091 0.564 
 424 I _   0.010 0.286 0.001 0.036 0.011 0.018 0.092 0.546 
 425 S _   0.010 0.293 0.001 0.039 0.012 0.018 0.093 0.535 
 426 V _   0.010 0.295 0.001 0.041 0.012 0.018 0.095 0.529 
 427 P _   0.010 0.292 0.001 0.041 0.011 0.017 0.098 0.530 
 428 G _   0.010 0.283 0.001 0.039 0.011 0.016 0.102 0.537 
 429 L _   0.010 0.268 0.001 0.036 0.010 0.016 0.107 0.551 
 430 Q _   0.010 0.245 0.001 0.033 0.009 0.015 0.113 0.574 
 431 T _   0.010 0.216 0.001 0.028 0.008 0.014 0.120 0.602 
 432 N _   0.010 0.183 0.001 0.024 0.007 0.013 0.127 0.634 
 433 W _   0.010 0.151 0.001 0.020 0.006 0.012 0.135 0.667 
 434 P _   0.009 0.122 0.001 0.016 0.005 0.011 0.141 0.696 
 435 Q _   0.008 0.100 0.001 0.012 0.004 0.010 0.147 0.719 
 436 S _   0.007 0.083 0.000 0.010 0.003 0.009 0.151 0.736 
 437 S _   0.007 0.072 0.000 0.008 0.002 0.008 0.155 0.748 
 438 S _   0.006 0.064 0.000 0.007 0.002 0.007 0.157 0.756 
 439 A _   0.005 0.060 0.000 0.006 0.002 0.006 0.159 0.761 
 440 P _   0.005 0.057 0.000 0.006 0.002 0.006 0.160 0.764 
 441 A _   0.004 0.057 0.000 0.006 0.002 0.006 0.160 0.765 
 442 Q _   0.004 0.057 0.000 0.006 0.002 0.006 0.159 0.765 
 443 S _   0.004 0.060 0.000 0.006 0.002 0.007 0.158 0.763 
 444 S _   0.004 0.065 0.000 0.007 0.002 0.007 0.156 0.758 
 445 P _   0.004 0.073 0.000 0.009 0.003 0.008 0.154 0.748 
 446 S _   0.005 0.085 0.000 0.012 0.004 0.010 0.151 0.734 
 447 S _   0.005 0.102 0.001 0.016 0.005 0.011 0.147 0.713 
 448 G _   0.006 0.125 0.001 0.021 0.006 0.013 0.143 0.686 
 449 H _   0.006 0.152 0.001 0.026 0.007 0.014 0.139 0.655 
 450 E _   0.006 0.178 0.001 0.032 0.008 0.015 0.135 0.625 
 451 I _   0.006 0.201 0.001 0.037 0.009 0.015 0.132 0.598 
 452 P _   0.006 0.217 0.001 0.041 0.010 0.015 0.130 0.579 
 453 T _   0.006 0.227 0.001 0.043 0.010 0.015 0.129 0.568 
 454 W _   0.006 0.232 0.001 0.044 0.010 0.015 0.129 0.563 
 455 Q _   0.006 0.234 0.001 0.044 0.009 0.014 0.130 0.563 
 456 P _   0.006 0.231 0.001 0.042 0.009 0.013 0.131 0.568 
 457 N _   0.006 0.224 0.001 0.039 0.008 0.012 0.133 0.577 
 458 I _   0.006 0.213 0.001 0.035 0.007 0.011 0.136 0.591 
 459 P _   0.006 0.198 0.001 0.030 0.006 0.011 0.140 0.609 
 460 V _   0.006 0.179 0.001 0.025 0.006 0.010 0.144 0.630 
 461 R _   0.006 0.158 0.001 0.021 0.005 0.009 0.148 0.653 
 462 S _   0.006 0.137 0.001 0.017 0.004 0.008 0.152 0.675 
 463 N _   0.005 0.119 0.000 0.014 0.003 0.007 0.156 0.695 
 464 S _   0.005 0.104 0.000 0.011 0.003 0.007 0.159 0.711 
 465 F _   0.004 0.094 0.000 0.010 0.002 0.006 0.161 0.722 
 466 N _   0.004 0.087 0.000 0.009 0.002 0.006 0.163 0.729 
 467 N _   0.004 0.082 0.000 0.009 0.002 0.006 0.164 0.734 
 468 P _   0.004 0.080 0.000 0.009 0.002 0.006 0.164 0.736 
 469 L _   0.003 0.078 0.000 0.009 0.002 0.006 0.164 0.737 
 470 G _   0.003 0.078 0.000 0.010 0.002 0.006 0.164 0.737 
 471 N _   0.003 0.078 0.000 0.011 0.002 0.006 0.164 0.736 
 472 R _   0.003 0.078 0.000 0.011 0.002 0.006 0.163 0.736 
 473 A _   0.003 0.079 0.000 0.011 0.002 0.006 0.162 0.736 
 474 S _   0.003 0.080 0.000 0.010 0.002 0.006 0.160 0.738 
 475 H _   0.003 0.081 0.000 0.010 0.002 0.006 0.159 0.739 
 476 S _   0.003 0.083 0.000 0.009 0.002 0.007 0.157 0.739 
 477 A _   0.003 0.086 0.000 0.009 0.002 0.008 0.155 0.737 
 478 N _   0.004 0.091 0.000 0.009 0.003 0.009 0.153 0.731 
 479 S _   0.004 0.100 0.000 0.011 0.003 0.011 0.150 0.720 
 480 Q _   0.006 0.115 0.001 0.013 0.005 0.013 0.146 0.701 
 481 P _   0.007 0.137 0.001 0.018 0.007 0.016 0.142 0.672 
 482 S _   0.008 0.169 0.001 0.024 0.010 0.019 0.138 0.631 
 483 A _   0.010 0.207 0.001 0.031 0.013 0.022 0.133 0.584 
 484 T _   0.010 0.243 0.001 0.038 0.015 0.024 0.129 0.539 
 485 T _   0.011 0.273 0.001 0.044 0.017 0.025 0.127 0.503 
 486 V _   0.012 0.293 0.001 0.048 0.018 0.025 0.125 0.479 
 487 T _   0.012 0.304 0.001 0.049 0.018 0.025 0.124 0.466 
 488 A _   0.012 0.309 0.001 0.049 0.018 0.025 0.124 0.462 
 489 I _   0.012 0.308 0.001 0.046 0.017 0.024 0.125 0.466 
 490 T _   0.012 0.301 0.001 0.042 0.016 0.023 0.127 0.478 
 491 P _   0.012 0.288 0.001 0.037 0.014 0.021 0.130 0.496 
 492 A _   0.012 0.270 0.001 0.031 0.013 0.020 0.133 0.519 
 493 P _   0.012 0.247 0.001 0.026 0.011 0.019 0.137 0.546 
 494 I _   0.012 0.223 0.001 0.021 0.010 0.018 0.142 0.574 
 495 Q _   0.012 0.200 0.001 0.017 0.008 0.017 0.147 0.599 
 496 Q _   0.011 0.181 0.001 0.014 0.007 0.016 0.151 0.620 
 497 P _   0.010 0.166 0.001 0.011 0.006 0.015 0.155 0.635 
 498 V _   0.010 0.157 0.001 0.010 0.005 0.015 0.158 0.644 
 499 K _   0.010 0.151 0.001 0.010 0.005 0.014 0.162 0.648 
 500 S _   0.009 0.147 0.001 0.010 0.005 0.014 0.165 0.649 
 501 M _   0.009 0.145 0.001 0.011 0.005 0.015 0.167 0.647 
 502 R _   0.010 0.145 0.001 0.012 0.006 0.015 0.170 0.642 
 503 V _   0.010 0.146 0.001 0.014 0.007 0.015 0.173 0.634 
 504 L _   0.010 0.147 0.001 0.017 0.007 0.016 0.177 0.625 
 505 K _   0.010 0.148 0.001 0.019 0.008 0.016 0.180 0.617 
 506 P _   0.010 0.148 0.001 0.022 0.009 0.016 0.184 0.610 
 507 E _   0.011 0.147 0.001 0.023 0.009 0.016 0.188 0.605 
 508 L _   0.011 0.144 0.001 0.024 0.009 0.016 0.194 0.602 
 509 Q _   0.010 0.138 0.001 0.024 0.009 0.015 0.200 0.604 
 510 T _   0.010 0.130 0.001 0.022 0.008 0.014 0.207 0.607 
 511 A _   0.010 0.119 0.001 0.020 0.008 0.014 0.215 0.614 
 512 L _   0.010 0.106 0.001 0.017 0.007 0.013 0.223 0.623 
 513 A _   0.010 0.093 0.001 0.015 0.006 0.012 0.232 0.632 
 514 P _   0.009 0.080 0.001 0.012 0.005 0.012 0.241 0.639 
 515 T _   0.009 0.070 0.001 0.010 0.005 0.011 0.250 0.643 
 516 H _   0.010 0.063 0.001 0.009 0.004 0.011 0.258 0.644 
 517 P _   0.010 0.058 0.001 0.009 0.004 0.011 0.267 0.641 
 518 S _   0.010 0.055 0.001 0.010 0.005 0.012 0.275 0.635 
 519 W _   0.010 0.053 0.001 0.011 0.005 0.012 0.283 0.625 
 520 I _   0.010 0.052 0.001 0.013 0.006 0.012 0.291 0.615 
 521 P _   0.010 0.051 0.001 0.015 0.006 0.012 0.300 0.605 
 522 Q _   0.010 0.049 0.001 0.017 0.006 0.012 0.310 0.596 
 523 P _   0.009 0.048 0.001 0.017 0.006 0.011 0.319 0.588 
 524 I _   0.008 0.045 0.001 0.016 0.006 0.011 0.330 0.583 
 525 Q _   0.008 0.042 0.001 0.014 0.005 0.010 0.340 0.581 
 526 T _   0.007 0.038 0.001 0.012 0.004 0.008 0.350 0.580 
 527 V _   0.006 0.035 0.000 0.009 0.003 0.008 0.359 0.580 
 528 Q _   0.005 0.032 0.000 0.007 0.003 0.007 0.368 0.578 
 529 P _   0.004 0.030 0.000 0.006 0.002 0.006 0.375 0.576 
 530 S _   0.004 0.030 0.000 0.005 0.002 0.006 0.382 0.571 
 531 P _   0.004 0.031 0.000 0.005 0.002 0.007 0.387 0.565 
 532 F _   0.004 0.033 0.000 0.005 0.002 0.007 0.392 0.555 
 533 P _   0.005 0.038 0.000 0.007 0.003 0.009 0.397 0.541 
 534 E _   0.005 0.048 0.000 0.010 0.004 0.010 0.401 0.521 
 535 G _   0.006 0.063 0.001 0.015 0.005 0.012 0.404 0.494 
 536 T _   0.007 0.083 0.001 0.021 0.007 0.014 0.408 0.460 
 537 A _   0.007 0.105 0.001 0.027 0.009 0.015 0.412 0.424 
 538 S X   0.007 0.126 0.001 0.035 0.010 0.016 0.417 0.388 
 539 N X   0.007 0.143 0.001 0.042 0.011 0.017 0.423 0.356 
 540 V X   0.007 0.156 0.001 0.048 0.012 0.017 0.430 0.328 
 541 T X   0.007 0.164 0.001 0.053 0.013 0.017 0.440 0.305 
 542 V X   0.007 0.167 0.001 0.057 0.013 0.017 0.452 0.286 
 543 M X   0.007 0.167 0.001 0.058 0.013 0.017 0.467 0.271 
 544 P X   0.007 0.164 0.001 0.057 0.012 0.016 0.486 0.257 
 545 P X   0.007 0.156 0.001 0.054 0.012 0.015 0.509 0.247 
 546 V X   0.007 0.143 0.001 0.049 0.011 0.014 0.538 0.238 
 547 A X   0.006 0.124 0.001 0.042 0.010 0.013 0.572 0.232 
 548 E X   0.006 0.100 0.001 0.034 0.008 0.011 0.612 0.227 
 549 A X   0.006 0.073 0.001 0.026 0.007 0.010 0.654 0.224 
 550 P X   0.005 0.048 0.001 0.018 0.005 0.008 0.695 0.220 
 551 N X   0.005 0.028 0.001 0.012 0.003 0.006 0.731 0.215 
 552 Y X   0.004 0.015 0.000 0.007 0.002 0.004 0.759 0.209 
 553 Q X   0.003 0.008 0.000 0.004 0.001 0.003 0.779 0.201 
 554 G X   0.002 0.004 0.000 0.002 0.001 0.002 0.794 0.194 
 555 P X   0.002 0.003 0.000 0.002 0.001 0.002 0.804 0.188 
 556 P X   0.001 0.002 0.000 0.001 0.000 0.002 0.811 0.182 
 557 P X   0.001 0.002 0.000 0.001 0.000 0.002 0.817 0.177 
 558 P X   0.001 0.002 0.000 0.001 0.000 0.002 0.821 0.173 
 559 Y X   0.001 0.002 0.000 0.002 0.001 0.002 0.824 0.169 
 560 P X   0.001 0.002 0.000 0.003 0.001 0.002 0.826 0.165 
 561 K X   0.001 0.003 0.000 0.004 0.001 0.003 0.828 0.160 
 562 H X   0.001 0.004 0.000 0.005 0.001 0.003 0.829 0.156 
 563 L X   0.001 0.004 0.000 0.007 0.001 0.003 0.831 0.152 
 564 L X   0.001 0.005 0.000 0.008 0.002 0.004 0.833 0.147 
 565 H X   0.001 0.006 0.000 0.009 0.002 0.004 0.835 0.144 
 566 Q X   0.001 0.006 0.000 0.009 0.002 0.004 0.838 0.140 
 567 N X   0.001 0.006 0.000 0.009 0.002 0.003 0.842 0.137 
 568 P X   0.001 0.006 0.000 0.008 0.002 0.003 0.846 0.133 
 569 S X   0.001 0.006 0.000 0.008 0.002 0.003 0.851 0.129 
 570 V X   0.001 0.005 0.000 0.007 0.002 0.003 0.856 0.125 
 571 P X   0.001 0.005 0.000 0.006 0.001 0.003 0.862 0.121 
 572 P X   0.001 0.004 0.000 0.006 0.001 0.003 0.868 0.117 
 573 Y X   0.001 0.003 0.000 0.005 0.001 0.002 0.874 0.113 
 574 E X   0.001 0.003 0.000 0.004 0.001 0.002 0.880 0.109 
 575 S X   0.001 0.002 0.000 0.004 0.001 0.002 0.885 0.105 
 576 I X   0.001 0.002 0.000 0.003 0.001 0.002 0.889 0.102 
 577 S X   0.001 0.001 0.000 0.002 0.001 0.002 0.893 0.099 
 578 K X   0.001 0.001 0.000 0.002 0.001 0.001 0.897 0.097 
 579 P X   0.001 0.001 0.000 0.002 0.000 0.001 0.900 0.095 
 580 S X   0.001 0.001 0.000 0.002 0.000 0.001 0.902 0.093 
 581 K X   0.001 0.000 0.000 0.001 0.000 0.001 0.904 0.092 
 582 E X   0.001 0.000 0.000 0.001 0.000 0.001 0.905 0.091 
 583 D X   0.001 0.000 0.000 0.001 0.000 0.001 0.906 0.090 
 584 Q X   0.001 0.000 0.000 0.001 0.000 0.001 0.906 0.090 
 585 P X   0.001 0.000 0.000 0.001 0.000 0.001 0.906 0.090 
 586 S X   0.001 0.000 0.000 0.001 0.000 0.001 0.905 0.091 
 587 L X   0.001 0.000 0.000 0.001 0.000 0.001 0.904 0.092 
 588 P X   0.001 0.000 0.000 0.002 0.000 0.001 0.902 0.093 
 589 K X   0.001 0.000 0.000 0.002 0.000 0.001 0.900 0.095 
 590 E X   0.001 0.000 0.000 0.002 0.000 0.001 0.898 0.097 
 591 D X   0.001 0.000 0.000 0.002 0.000 0.001 0.895 0.100 
 592 E X   0.001 0.001 0.000 0.002 0.001 0.002 0.892 0.102 
 593 S X   0.001 0.001 0.000 0.003 0.001 0.002 0.888 0.105 
 594 E X   0.001 0.001 0.000 0.003 0.001 0.002 0.884 0.109 
 595 K X   0.001 0.001 0.000 0.003 0.001 0.002 0.880 0.113 
 596 S X   0.001 0.001 0.000 0.003 0.001 0.002 0.875 0.117 
 597 Y X   0.001 0.001 0.000 0.003 0.001 0.002 0.870 0.122 
 598 E X   0.001 0.001 0.000 0.003 0.001 0.002 0.865 0.127 
 599 N X   0.001 0.001 0.000 0.003 0.001 0.002 0.859 0.133 
 600 V X   0.001 0.001 0.000 0.003 0.001 0.002 0.852 0.140 
 601 D X   0.001 0.001 0.000 0.003 0.001 0.002 0.845 0.148 
 602 S X   0.001 0.001 0.000 0.003 0.001 0.002 0.836 0.156 
 603 G X   0.001 0.002 0.000 0.003 0.001 0.003 0.826 0.165 
 604 D X   0.001 0.002 0.000 0.003 0.001 0.003 0.814 0.175 
 605 K X   0.002 0.003 0.000 0.004 0.001 0.004 0.801 0.184 
 606 E X   0.002 0.006 0.000 0.006 0.002 0.005 0.786 0.192 
 607 K X   0.002 0.009 0.000 0.010 0.003 0.007 0.769 0.200 
 608 K X   0.003 0.014 0.000 0.014 0.004 0.008 0.751 0.206 
 609 Q X   0.003 0.020 0.001 0.019 0.005 0.009 0.733 0.211 
 610 I X   0.003 0.025 0.001 0.025 0.006 0.010 0.716 0.215 
 611 T X   0.003 0.029 0.001 0.029 0.006 0.010 0.702 0.220 
 612 T X   0.004 0.031 0.001 0.031 0.006 0.010 0.691 0.226 
 613 S X   0.004 0.032 0.001 0.031 0.006 0.010 0.682 0.234 
 614 P X   0.004 0.032 0.001 0.029 0.006 0.009 0.675 0.245 
 615 I X   0.004 0.030 0.001 0.025 0.005 0.008 0.670 0.258 
 616 T X   0.004 0.027 0.000 0.020 0.004 0.007 0.666 0.273 
 617 V X   0.004 0.022 0.000 0.014 0.003 0.006 0.662 0.289 
 618 R X   0.003 0.017 0.000 0.010 0.002 0.005 0.658 0.305 
 619 K X   0.003 0.012 0.000 0.006 0.002 0.004 0.654 0.319 
 620 N X   0.003 0.009 0.000 0.004 0.001 0.004 0.649 0.331 
 621 K X   0.002 0.007 0.000 0.003 0.001 0.003 0.642 0.340 
 622 K X   0.002 0.007 0.000 0.003 0.001 0.003 0.635 0.349 
 623 D X   0.002 0.007 0.000 0.003 0.001 0.004 0.627 0.357 
 624 E X   0.002 0.007 0.000 0.004 0.001 0.004 0.617 0.365 
 625 E X   0.003 0.008 0.000 0.005 0.002 0.005 0.605 0.372 
 626 R X   0.003 0.011 0.000 0.007 0.002 0.006 0.591 0.380 
 627 R X   0.003 0.014 0.000 0.009 0.003 0.008 0.576 0.387 
 628 E X   0.004 0.017 0.000 0.011 0.003 0.009 0.560 0.395 
 629 S X   0.004 0.021 0.001 0.013 0.004 0.011 0.544 0.403 
 630 R X   0.004 0.025 0.001 0.014 0.004 0.012 0.528 0.412 
 631 I X   0.005 0.029 0.001 0.014 0.005 0.014 0.512 0.420 
 632 Q X   0.006 0.033 0.001 0.014 0.006 0.017 0.497 0.429 
 633 S X   0.007 0.036 0.001 0.013 0.006 0.019 0.482 0.435 
 634 Y X   0.009 0.041 0.001 0.013 0.008 0.022 0.468 0.439 
 635 S X   0.011 0.047 0.001 0.014 0.010 0.026 0.453 0.439 
 636 P X   0.014 0.055 0.001 0.016 0.013 0.030 0.437 0.435 
 637 Q _   0.017 0.066 0.001 0.018 0.016 0.034 0.421 0.426 
 638 A _   0.021 0.079 0.001 0.022 0.020 0.037 0.406 0.414 
 639 F _   0.025 0.092 0.002 0.026 0.023 0.039 0.392 0.402 
 640 K _   0.028 0.104 0.002 0.029 0.025 0.041 0.379 0.393 
 641 F _   0.030 0.113 0.002 0.031 0.026 0.041 0.369 0.389 
 642 F _   0.031 0.119 0.002 0.032 0.026 0.040 0.360 0.390 
 643 M _   0.032 0.122 0.002 0.032 0.025 0.038 0.353 0.396 
 644 E _   0.032 0.122 0.002 0.031 0.023 0.036 0.347 0.407 
 645 Q _   0.031 0.120 0.001 0.029 0.021 0.034 0.342 0.422 
 646 H _   0.030 0.115 0.001 0.026 0.018 0.031 0.338 0.440 
 647 V _   0.029 0.109 0.001 0.024 0.016 0.028 0.335 0.458 
 648 E _   0.027 0.101 0.001 0.022 0.013 0.025 0.333 0.478 
 649 N _   0.025 0.091 0.001 0.020 0.011 0.022 0.331 0.499 
 650 V _   0.023 0.080 0.001 0.018 0.009 0.020 0.330 0.520 
 651 L _   0.020 0.069 0.001 0.016 0.008 0.017 0.329 0.541 
 652 K _   0.018 0.058 0.001 0.014 0.006 0.015 0.328 0.561 
 653 S _   0.015 0.046 0.001 0.012 0.005 0.013 0.327 0.581 
 654 H _   0.013 0.036 0.001 0.010 0.004 0.011 0.325 0.600 
 655 Q _   0.011 0.027 0.000 0.008 0.003 0.009 0.324 0.617 
 656 Q _   0.009 0.020 0.000 0.007 0.003 0.008 0.322 0.631 
 657 R _   0.008 0.016 0.000 0.005 0.002 0.007 0.319 0.643 
 658 L _   0.007 0.013 0.000 0.004 0.002 0.006 0.315 0.652 
 659 H _   0.006 0.011 0.000 0.004 0.002 0.006 0.311 0.661 
 660 R _   0.006 0.010 0.000 0.004 0.002 0.006 0.306 0.667 
 661 K _   0.005 0.010 0.000 0.004 0.002 0.007 0.300 0.672 
 662 K _   0.005 0.012 0.000 0.005 0.002 0.008 0.293 0.675 
 663 Q _   0.006 0.015 0.000 0.007 0.003 0.009 0.285 0.675 
