#TopoPred_TM8: 8-state transmembrane topology prediction results by no_profile mode 
#probabilities are in the order of H E C I L F X _, the 8 transmembrane topology types used in PDBTM 
   1 M X   0.019 0.002 0.003 0.074 0.012 0.014 0.592 0.284 
   2 E X   0.008 0.001 0.000 0.049 0.003 0.009 0.608 0.322 
   3 L X   0.003 0.001 0.000 0.030 0.001 0.006 0.610 0.349 
   4 R X   0.002 0.001 0.000 0.022 0.001 0.006 0.603 0.364 
   5 V X   0.003 0.001 0.000 0.018 0.001 0.008 0.592 0.376 
   6 G X   0.004 0.002 0.000 0.017 0.002 0.010 0.575 0.390 
   7 N X   0.005 0.004 0.000 0.017 0.003 0.011 0.557 0.403 
   8 R X   0.006 0.006 0.000 0.018 0.004 0.013 0.537 0.417 
   9 Y X   0.006 0.009 0.001 0.020 0.004 0.013 0.514 0.432 
  10 R X   0.006 0.013 0.001 0.022 0.005 0.014 0.491 0.448 
  11 L X   0.006 0.017 0.001 0.024 0.006 0.014 0.467 0.466 
  12 G _   0.005 0.020 0.001 0.024 0.006 0.014 0.445 0.485 
  13 R _   0.005 0.022 0.001 0.023 0.006 0.013 0.425 0.504 
  14 K _   0.005 0.024 0.001 0.021 0.006 0.013 0.407 0.522 
  15 I _   0.005 0.026 0.001 0.019 0.006 0.013 0.390 0.539 
  16 G _   0.006 0.028 0.001 0.018 0.006 0.013 0.374 0.555 
  17 S _   0.006 0.030 0.001 0.017 0.006 0.013 0.359 0.569 
  18 G _   0.006 0.032 0.001 0.017 0.006 0.014 0.344 0.581 
  19 S _   0.007 0.034 0.001 0.017 0.006 0.014 0.330 0.591 
  20 F _   0.007 0.036 0.001 0.018 0.007 0.015 0.317 0.600 
  21 G _   0.008 0.039 0.001 0.018 0.007 0.015 0.304 0.608 
  22 D _   0.008 0.041 0.001 0.019 0.008 0.016 0.292 0.615 
  23 I _   0.009 0.043 0.001 0.019 0.008 0.016 0.280 0.623 
  24 Y _   0.009 0.045 0.001 0.019 0.008 0.017 0.270 0.631 
  25 L _   0.009 0.047 0.001 0.019 0.008 0.017 0.260 0.640 
  26 G _   0.010 0.048 0.001 0.018 0.008 0.017 0.250 0.649 
  27 T _   0.010 0.049 0.001 0.016 0.008 0.017 0.241 0.658 
  28 D _   0.010 0.050 0.001 0.015 0.007 0.017 0.232 0.666 
  29 I _   0.011 0.051 0.001 0.015 0.007 0.018 0.224 0.674 
  30 A _   0.011 0.053 0.001 0.015 0.008 0.018 0.215 0.679 
  31 A _   0.011 0.055 0.001 0.016 0.008 0.019 0.207 0.682 
  32 G _   0.012 0.059 0.001 0.018 0.009 0.020 0.199 0.683 
  33 E _   0.013 0.063 0.001 0.021 0.010 0.021 0.191 0.681 
  34 E _   0.013 0.067 0.001 0.025 0.011 0.021 0.183 0.679 
  35 V _   0.013 0.070 0.001 0.029 0.012 0.021 0.175 0.677 
  36 A _   0.014 0.072 0.001 0.032 0.012 0.021 0.169 0.678 
  37 I _   0.014 0.072 0.001 0.034 0.012 0.020 0.164 0.682 
  38 K _   0.014 0.070 0.001 0.033 0.012 0.019 0.159 0.692 
  39 L _   0.013 0.065 0.001 0.031 0.011 0.018 0.155 0.707 
  40 E _   0.012 0.057 0.001 0.026 0.009 0.016 0.152 0.726 
  41 C _   0.011 0.047 0.001 0.021 0.008 0.015 0.149 0.749 
  42 V _   0.010 0.036 0.001 0.015 0.006 0.013 0.146 0.772 
  43 K _   0.010 0.025 0.001 0.011 0.005 0.012 0.144 0.794 
  44 T _   0.009 0.017 0.000 0.008 0.004 0.011 0.141 0.810 
  45 K _   0.008 0.012 0.000 0.006 0.003 0.011 0.138 0.821 
  46 H _   0.008 0.010 0.000 0.005 0.003 0.011 0.135 0.828 
  47 P _   0.009 0.008 0.000 0.005 0.003 0.012 0.132 0.831 
  48 Q _   0.010 0.008 0.000 0.005 0.003 0.013 0.128 0.831 
  49 L _   0.011 0.009 0.000 0.006 0.004 0.015 0.124 0.829 
  50 H _   0.013 0.011 0.001 0.008 0.006 0.018 0.120 0.823 
  51 I _   0.016 0.013 0.001 0.010 0.008 0.022 0.115 0.816 
  52 E _   0.019 0.017 0.001 0.013 0.010 0.025 0.110 0.806 
  53 S _   0.022 0.021 0.001 0.016 0.012 0.029 0.104 0.795 
  54 K _   0.026 0.025 0.001 0.019 0.015 0.032 0.099 0.782 
  55 I _   0.029 0.030 0.001 0.021 0.018 0.035 0.094 0.770 
  56 Y _   0.033 0.033 0.001 0.023 0.020 0.038 0.090 0.761 
  57 K _   0.037 0.036 0.001 0.024 0.022 0.040 0.086 0.754 
  58 M _   0.040 0.037 0.002 0.024 0.023 0.041 0.083 0.750 
  59 M _   0.042 0.038 0.002 0.024 0.023 0.042 0.080 0.750 
  60 Q _   0.044 0.038 0.001 0.022 0.023 0.042 0.078 0.752 
  61 G _   0.045 0.037 0.001 0.021 0.022 0.041 0.076 0.757 
  62 G _   0.046 0.036 0.001 0.019 0.021 0.040 0.074 0.762 
  63 V _   0.046 0.034 0.001 0.019 0.020 0.039 0.073 0.769 
  64 G _   0.045 0.033 0.001 0.018 0.019 0.038 0.071 0.774 
  65 I _   0.044 0.032 0.001 0.019 0.018 0.037 0.070 0.778 
  66 P _   0.043 0.031 0.001 0.019 0.017 0.035 0.069 0.784 
  67 T _   0.041 0.029 0.001 0.019 0.016 0.034 0.069 0.791 
  68 I _   0.038 0.027 0.001 0.019 0.015 0.031 0.068 0.800 
  69 R _   0.034 0.023 0.001 0.018 0.014 0.029 0.068 0.812 
  70 W _   0.030 0.020 0.001 0.016 0.011 0.027 0.068 0.826 
  71 C _   0.027 0.016 0.001 0.013 0.009 0.024 0.068 0.842 
  72 G _   0.024 0.012 0.001 0.010 0.007 0.022 0.068 0.856 
  73 A _   0.022 0.009 0.001 0.007 0.006 0.021 0.067 0.867 
  74 E _   0.020 0.008 0.001 0.005 0.005 0.021 0.067 0.874 
  75 G _   0.020 0.007 0.001 0.005 0.005 0.021 0.066 0.875 
  76 D _   0.022 0.008 0.001 0.005 0.006 0.023 0.065 0.870 
  77 Y _   0.025 0.010 0.001 0.007 0.008 0.026 0.064 0.860 
  78 N _   0.028 0.015 0.001 0.011 0.011 0.029 0.063 0.843 
  79 V _   0.032 0.023 0.001 0.017 0.015 0.032 0.062 0.819 
  80 M _   0.035 0.033 0.001 0.025 0.019 0.035 0.060 0.792 
  81 V _   0.037 0.041 0.002 0.033 0.022 0.037 0.059 0.769 
  82 M _   0.038 0.048 0.002 0.039 0.024 0.037 0.059 0.754 
  83 E _   0.038 0.050 0.002 0.042 0.024 0.036 0.058 0.750 
  84 L _   0.036 0.050 0.002 0.040 0.022 0.035 0.058 0.757 
  85 L _   0.034 0.047 0.002 0.036 0.020 0.032 0.059 0.771 
  86 G _   0.031 0.041 0.001 0.029 0.017 0.029 0.059 0.791 
  87 P _   0.029 0.033 0.001 0.023 0.013 0.026 0.060 0.814 
  88 S _   0.026 0.025 0.001 0.017 0.011 0.024 0.061 0.836 
  89 L _   0.025 0.017 0.001 0.012 0.008 0.021 0.062 0.854 
  90 E _   0.023 0.011 0.001 0.009 0.006 0.019 0.062 0.867 
  91 D _   0.023 0.007 0.001 0.007 0.005 0.018 0.063 0.876 
  92 L _   0.023 0.004 0.001 0.006 0.005 0.017 0.063 0.881 
  93 F _   0.024 0.003 0.000 0.005 0.004 0.017 0.063 0.884 
  94 N _   0.026 0.002 0.000 0.005 0.004 0.017 0.063 0.883 
  95 F _   0.030 0.001 0.000 0.004 0.004 0.018 0.063 0.880 
  96 C _   0.037 0.000 0.000 0.004 0.004 0.019 0.062 0.873 
  97 S _   0.047 0.000 0.001 0.003 0.005 0.021 0.061 0.862 
  98 R _   0.061 0.000 0.001 0.003 0.006 0.025 0.060 0.844 
  99 K _   0.081 0.000 0.001 0.003 0.008 0.030 0.059 0.819 
 100 F _   0.106 0.000 0.001 0.004 0.012 0.035 0.057 0.785 
 101 S _   0.136 0.000 0.001 0.005 0.017 0.041 0.056 0.744 
 102 L _   0.167 0.001 0.001 0.007 0.023 0.047 0.055 0.700 
 103 K _   0.195 0.001 0.002 0.009 0.029 0.051 0.054 0.658 
 104 T _   0.220 0.002 0.002 0.011 0.035 0.054 0.054 0.622 
 105 V _   0.239 0.002 0.002 0.013 0.038 0.055 0.054 0.596 
 106 L _   0.252 0.003 0.002 0.013 0.039 0.055 0.055 0.581 
 107 L _   0.258 0.003 0.002 0.013 0.039 0.053 0.056 0.576 
 108 L _   0.258 0.002 0.002 0.011 0.036 0.051 0.057 0.582 
 109 A _   0.253 0.002 0.002 0.009 0.033 0.048 0.059 0.594 
 110 D _   0.242 0.001 0.002 0.008 0.028 0.045 0.061 0.613 
 111 Q _   0.226 0.001 0.001 0.007 0.024 0.042 0.064 0.635 
 112 M _   0.207 0.001 0.001 0.007 0.021 0.039 0.067 0.658 
 113 I _   0.186 0.001 0.001 0.007 0.018 0.036 0.070 0.681 
 114 S _   0.163 0.001 0.001 0.008 0.016 0.033 0.073 0.704 
 115 R _   0.141 0.001 0.001 0.009 0.014 0.030 0.077 0.726 
 116 I _   0.118 0.002 0.001 0.010 0.013 0.028 0.081 0.747 
 117 E _   0.097 0.002 0.001 0.011 0.011 0.025 0.084 0.768 
 118 Y _   0.078 0.002 0.001 0.012 0.010 0.023 0.088 0.786 
 119 I _   0.062 0.002 0.001 0.012 0.009 0.020 0.091 0.803 
 120 H _   0.048 0.002 0.001 0.012 0.008 0.018 0.094 0.817 
 121 S _   0.038 0.002 0.001 0.011 0.006 0.015 0.097 0.829 
 122 K _   0.029 0.002 0.001 0.010 0.005 0.013 0.100 0.839 
 123 N _   0.022 0.002 0.001 0.009 0.004 0.011 0.103 0.847 
 124 F _   0.017 0.002 0.000 0.008 0.004 0.010 0.106 0.853 
 125 I _   0.013 0.001 0.000 0.007 0.003 0.008 0.108 0.859 
 126 H _   0.010 0.001 0.000 0.006 0.003 0.007 0.110 0.863 
 127 R _   0.008 0.001 0.000 0.005 0.002 0.007 0.111 0.866 
 128 D _   0.007 0.001 0.000 0.004 0.002 0.006 0.112 0.867 
 129 V _   0.006 0.001 0.000 0.004 0.002 0.006 0.112 0.868 
 130 K _   0.006 0.002 0.000 0.004 0.002 0.007 0.112 0.867 
 131 P _   0.006 0.002 0.000 0.005 0.002 0.007 0.112 0.865 
 132 D _   0.006 0.003 0.000 0.006 0.003 0.008 0.112 0.861 
 133 N _   0.007 0.005 0.000 0.008 0.003 0.010 0.111 0.856 
 134 F _   0.008 0.007 0.000 0.009 0.004 0.012 0.110 0.850 
 135 L _   0.008 0.009 0.001 0.011 0.004 0.013 0.110 0.844 
 136 M _   0.009 0.012 0.001 0.012 0.005 0.015 0.109 0.838 
 137 G _   0.010 0.014 0.001 0.012 0.006 0.018 0.108 0.832 
 138 L _   0.012 0.017 0.001 0.011 0.006 0.020 0.107 0.826 
 139 G _   0.015 0.019 0.001 0.011 0.007 0.023 0.106 0.818 
 140 K _   0.020 0.023 0.001 0.011 0.009 0.027 0.105 0.805 
 141 K _   0.025 0.028 0.001 0.011 0.012 0.032 0.103 0.786 
 142 G _   0.032 0.037 0.001 0.014 0.016 0.037 0.102 0.760 
 143 N _   0.040 0.051 0.002 0.018 0.022 0.042 0.101 0.724 
 144 L _   0.046 0.071 0.002 0.026 0.028 0.046 0.100 0.680 
 145 V _   0.051 0.093 0.002 0.035 0.033 0.049 0.100 0.637 
 146 Y _   0.054 0.114 0.002 0.045 0.036 0.049 0.100 0.600 
 147 I _   0.054 0.128 0.002 0.054 0.036 0.048 0.101 0.577 
 148 I _   0.053 0.135 0.002 0.060 0.034 0.045 0.103 0.569 
 149 D _   0.049 0.136 0.002 0.060 0.031 0.041 0.106 0.575 
 150 F _   0.045 0.131 0.002 0.056 0.027 0.037 0.110 0.593 
 151 G _   0.040 0.119 0.002 0.047 0.022 0.032 0.114 0.625 
 152 L _   0.035 0.099 0.002 0.036 0.016 0.027 0.119 0.666 
 153 A _   0.029 0.073 0.001 0.025 0.012 0.022 0.124 0.713 
 154 K _   0.024 0.048 0.001 0.016 0.008 0.018 0.129 0.756 
 155 K _   0.019 0.030 0.001 0.010 0.005 0.015 0.132 0.788 
 156 Y _   0.015 0.019 0.000 0.007 0.004 0.012 0.135 0.807 
 157 R _   0.013 0.014 0.000 0.005 0.003 0.010 0.137 0.817 
 158 D _   0.011 0.012 0.000 0.005 0.002 0.009 0.138 0.821 
 159 A _   0.010 0.011 0.000 0.006 0.002 0.009 0.139 0.822 
 160 R _   0.009 0.011 0.000 0.007 0.003 0.009 0.140 0.820 
 161 T _   0.009 0.011 0.000 0.009 0.003 0.009 0.141 0.818 
 162 H _   0.008 0.012 0.000 0.010 0.003 0.009 0.141 0.816 
 163 Q _   0.008 0.012 0.000 0.011 0.003 0.008 0.141 0.816 
 164 H _   0.007 0.012 0.000 0.011 0.003 0.008 0.141 0.817 
 165 I _   0.006 0.012 0.000 0.010 0.003 0.007 0.141 0.820 
 166 P _   0.005 0.012 0.000 0.009 0.003 0.006 0.140 0.824 
 167 Y _   0.005 0.012 0.000 0.007 0.002 0.006 0.139 0.828 
 168 R _   0.004 0.012 0.000 0.006 0.002 0.006 0.138 0.831 
 169 E _   0.004 0.013 0.000 0.005 0.002 0.006 0.137 0.833 
 170 N _   0.004 0.014 0.000 0.005 0.002 0.006 0.135 0.833 
 171 K _   0.005 0.018 0.000 0.006 0.002 0.007 0.133 0.829 
 172 N _   0.005 0.024 0.000 0.008 0.003 0.009 0.130 0.822 
 173 L _   0.006 0.035 0.001 0.011 0.004 0.011 0.126 0.808 
 174 T _   0.007 0.051 0.001 0.015 0.005 0.013 0.121 0.787 
 175 G _   0.007 0.071 0.001 0.021 0.007 0.015 0.116 0.762 
 176 T _   0.008 0.093 0.001 0.026 0.008 0.016 0.111 0.736 
 177 A _   0.008 0.113 0.001 0.031 0.010 0.018 0.107 0.712 
 178 R _   0.008 0.130 0.001 0.035 0.011 0.019 0.103 0.694 
 179 Y _   0.009 0.143 0.001 0.038 0.012 0.019 0.100 0.679 
 180 A _   0.009 0.151 0.001 0.040 0.012 0.020 0.097 0.669 
 181 S _   0.010 0.157 0.001 0.042 0.013 0.020 0.095 0.663 
 182 I _   0.010 0.159 0.001 0.043 0.013 0.020 0.093 0.660 
 183 N _   0.011 0.158 0.001 0.044 0.013 0.020 0.093 0.661 
 184 T _   0.011 0.154 0.001 0.043 0.013 0.019 0.093 0.666 
 185 H _   0.012 0.146 0.001 0.041 0.012 0.018 0.093 0.677 
 186 L _   0.012 0.132 0.001 0.037 0.011 0.017 0.094 0.696 
 187 G _   0.012 0.111 0.001 0.031 0.009 0.016 0.096 0.724 
 188 I _   0.012 0.084 0.001 0.025 0.008 0.014 0.097 0.759 
 189 E _   0.012 0.055 0.001 0.017 0.006 0.013 0.099 0.797 
 190 Q _   0.012 0.029 0.001 0.011 0.004 0.012 0.100 0.832 
 191 S _   0.012 0.012 0.000 0.006 0.003 0.011 0.100 0.856 
 192 R _   0.014 0.004 0.000 0.003 0.002 0.011 0.100 0.867 
 193 R _   0.017 0.001 0.000 0.002 0.002 0.012 0.099 0.868 
 194 D _   0.025 0.000 0.000 0.001 0.002 0.014 0.097 0.859 
 195 D _   0.041 0.000 0.000 0.001 0.003 0.020 0.095 0.839 
 196 L _   0.069 0.000 0.001 0.002 0.006 0.028 0.092 0.801 
 197 E _   0.107 0.001 0.001 0.004 0.013 0.040 0.089 0.746 
 198 S _   0.150 0.004 0.001 0.007 0.024 0.053 0.085 0.676 
 199 L _   0.190 0.011 0.002 0.013 0.038 0.065 0.082 0.599 
 200 G _   0.220 0.021 0.003 0.021 0.052 0.073 0.079 0.532 
 201 Y _   0.240 0.031 0.003 0.030 0.061 0.077 0.077 0.482 
 202 V _   0.251 0.037 0.003 0.036 0.065 0.077 0.076 0.455 
 203 L _   0.251 0.041 0.003 0.039 0.065 0.074 0.076 0.450 
 204 M _   0.245 0.040 0.003 0.038 0.062 0.070 0.077 0.466 
 205 Y _   0.230 0.037 0.003 0.033 0.054 0.063 0.078 0.502 
 206 F _   0.208 0.030 0.003 0.026 0.045 0.056 0.080 0.553 
 207 N _   0.182 0.022 0.002 0.019 0.034 0.049 0.082 0.611 
 208 L _   0.153 0.015 0.002 0.013 0.024 0.042 0.084 0.668 
 209 G _   0.125 0.009 0.001 0.009 0.016 0.035 0.086 0.717 
 210 S _   0.100 0.007 0.001 0.007 0.011 0.030 0.088 0.756 
 211 L _   0.078 0.005 0.001 0.007 0.008 0.026 0.090 0.784 
 212 P _   0.062 0.005 0.001 0.007 0.007 0.023 0.091 0.804 
 213 W _   0.048 0.005 0.001 0.009 0.006 0.021 0.092 0.818 
 214 Q _   0.038 0.005 0.001 0.010 0.006 0.019 0.093 0.828 
 215 G _   0.030 0.006 0.001 0.011 0.006 0.017 0.094 0.836 
 216 L _   0.023 0.007 0.001 0.012 0.005 0.015 0.094 0.842 
 217 K _   0.019 0.007 0.001 0.012 0.005 0.014 0.095 0.848 
 218 A _   0.015 0.007 0.001 0.012 0.005 0.012 0.095 0.853 
 219 A _   0.013 0.008 0.001 0.011 0.004 0.011 0.095 0.858 
 220 T _   0.011 0.008 0.000 0.010 0.004 0.010 0.095 0.863 
 221 K _   0.009 0.008 0.000 0.009 0.003 0.009 0.095 0.866 
 222 R _   0.008 0.008 0.000 0.008 0.003 0.008 0.095 0.869 
 223 Q _   0.008 0.008 0.000 0.008 0.003 0.008 0.095 0.871 
 224 K _   0.007 0.009 0.000 0.007 0.003 0.008 0.094 0.872 
 225 Y _   0.007 0.009 0.000 0.007 0.003 0.007 0.094 0.873 
 226 E _   0.007 0.011 0.000 0.007 0.003 0.008 0.093 0.873 
 227 R _   0.006 0.012 0.000 0.007 0.003 0.008 0.092 0.872 
 228 I _   0.006 0.015 0.000 0.007 0.003 0.008 0.091 0.870 
 229 S _   0.007 0.018 0.000 0.008 0.003 0.009 0.089 0.867 
 230 E _   0.007 0.023 0.000 0.008 0.003 0.010 0.087 0.861 
 231 K _   0.007 0.030 0.000 0.010 0.004 0.011 0.085 0.853 
 232 K _   0.008 0.040 0.001 0.011 0.005 0.012 0.082 0.840 
 233 M _   0.008 0.054 0.001 0.014 0.006 0.014 0.080 0.823 
 234 S _   0.009 0.071 0.001 0.017 0.007 0.016 0.077 0.802 
 235 T _   0.010 0.091 0.001 0.020 0.009 0.017 0.074 0.779 
 236 P _   0.010 0.111 0.001 0.023 0.009 0.018 0.071 0.756 
 237 I _   0.010 0.130 0.001 0.025 0.010 0.020 0.069 0.735 
 238 E _   0.011 0.145 0.001 0.026 0.010 0.021 0.067 0.720 
 239 V _   0.011 0.156 0.001 0.025 0.010 0.022 0.066 0.710 
 240 L _   0.012 0.164 0.001 0.023 0.010 0.022 0.064 0.704 
 241 C _   0.013 0.170 0.001 0.020 0.009 0.024 0.063 0.701 
 242 K _   0.014 0.175 0.001 0.017 0.009 0.025 0.061 0.698 
 243 G _   0.015 0.181 0.001 0.015 0.010 0.027 0.060 0.691 
 244 Y _   0.017 0.188 0.001 0.014 0.011 0.029 0.059 0.680 
 245 P _   0.020 0.201 0.001 0.015 0.014 0.032 0.057 0.660 
 246 S _   0.023 0.221 0.001 0.018 0.017 0.035 0.055 0.629 
 247 E _   0.026 0.251 0.002 0.023 0.021 0.037 0.053 0.587 
 248 F _   0.028 0.290 0.002 0.030 0.025 0.038 0.052 0.536 
 249 A _   0.029 0.329 0.002 0.038 0.027 0.038 0.050 0.488 
 250 T _   0.028 0.359 0.002 0.046 0.028 0.036 0.049 0.452 
 251 Y _   0.028 0.378 0.002 0.053 0.027 0.034 0.049 0.430 
 252 L _   0.027 0.386 0.002 0.057 0.026 0.032 0.049 0.422 
 253 N _   0.026 0.386 0.002 0.058 0.024 0.029 0.050 0.425 
 254 F _   0.025 0.375 0.002 0.056 0.021 0.026 0.052 0.442 
 255 C _   0.024 0.351 0.002 0.051 0.019 0.023 0.055 0.475 
 256 R _   0.023 0.307 0.002 0.043 0.016 0.021 0.059 0.529 
 257 S _   0.022 0.239 0.002 0.034 0.013 0.018 0.064 0.608 
 258 L _   0.020 0.160 0.002 0.024 0.010 0.016 0.070 0.699 
 259 R _   0.017 0.091 0.001 0.015 0.007 0.013 0.074 0.781 
 260 F _   0.014 0.049 0.001 0.008 0.004 0.011 0.078 0.835 
 261 D _   0.011 0.028 0.000 0.004 0.002 0.009 0.080 0.865 
 262 D _   0.009 0.021 0.000 0.003 0.002 0.009 0.080 0.876 
 263 K _   0.008 0.019 0.000 0.002 0.001 0.010 0.080 0.879 
 264 P _   0.009 0.020 0.000 0.003 0.002 0.012 0.080 0.874 
 265 D _   0.012 0.027 0.000 0.005 0.004 0.016 0.079 0.858 
 266 Y _   0.015 0.047 0.001 0.011 0.008 0.021 0.076 0.821 
 267 S _   0.018 0.098 0.002 0.020 0.013 0.027 0.072 0.750 
 268 Y _   0.019 0.185 0.002 0.032 0.019 0.030 0.067 0.646 
 269 L _   0.017 0.283 0.002 0.043 0.021 0.031 0.062 0.540 
 270 R _   0.015 0.359 0.002 0.051 0.021 0.029 0.058 0.464 
 271 Q _   0.013 0.407 0.002 0.054 0.020 0.028 0.056 0.421 
 272 L E   0.012 0.432 0.001 0.055 0.019 0.026 0.054 0.400 
 273 F E   0.011 0.444 0.001 0.053 0.018 0.025 0.054 0.394 
 274 R E   0.011 0.447 0.001 0.049 0.017 0.023 0.054 0.398 
 275 N E   0.011 0.443 0.001 0.044 0.016 0.022 0.054 0.410 
 276 L E   0.011 0.430 0.001 0.038 0.014 0.020 0.055 0.429 
 277 F _   0.011 0.411 0.001 0.032 0.013 0.019 0.057 0.457 
 278 H _   0.011 0.385 0.001 0.026 0.011 0.018 0.059 0.489 
 279 R _   0.011 0.356 0.001 0.021 0.009 0.018 0.061 0.523 
 280 Q _   0.011 0.328 0.001 0.016 0.008 0.017 0.063 0.555 
 281 G _   0.011 0.305 0.001 0.013 0.007 0.017 0.065 0.582 
 282 F _   0.011 0.289 0.001 0.010 0.006 0.017 0.067 0.600 
 283 S _   0.011 0.280 0.001 0.009 0.005 0.017 0.068 0.610 
 284 Y _   0.011 0.276 0.001 0.008 0.005 0.017 0.069 0.612 
 285 D _   0.012 0.277 0.001 0.009 0.006 0.018 0.070 0.607 
 286 Y _   0.013 0.282 0.001 0.012 0.007 0.019 0.070 0.596 
 287 V _   0.014 0.292 0.001 0.016 0.009 0.021 0.071 0.577 
 288 F _   0.014 0.306 0.001 0.021 0.011 0.022 0.071 0.554 
 289 D _   0.015 0.319 0.001 0.027 0.013 0.022 0.071 0.531 
 290 W _   0.015 0.330 0.001 0.033 0.014 0.022 0.072 0.512 
 291 N _   0.015 0.337 0.001 0.038 0.014 0.022 0.074 0.499 
 292 M _   0.015 0.338 0.001 0.041 0.014 0.021 0.076 0.494 
 293 L _   0.015 0.333 0.001 0.042 0.014 0.020 0.079 0.497 
 294 K _   0.014 0.320 0.001 0.041 0.013 0.018 0.083 0.510 
 295 F _   0.014 0.299 0.001 0.038 0.012 0.017 0.088 0.532 
 296 G _   0.014 0.266 0.001 0.033 0.011 0.015 0.094 0.566 
 297 A _   0.014 0.223 0.001 0.028 0.009 0.014 0.101 0.608 
 298 S _   0.013 0.175 0.001 0.023 0.008 0.013 0.110 0.657 
 299 R _   0.013 0.130 0.001 0.018 0.006 0.012 0.118 0.702 
 300 A _   0.012 0.094 0.001 0.014 0.005 0.010 0.125 0.740 
 301 A _   0.010 0.068 0.000 0.010 0.003 0.009 0.131 0.768 
 302 D _   0.009 0.051 0.000 0.008 0.002 0.008 0.135 0.787 
 303 D _   0.007 0.040 0.000 0.006 0.002 0.007 0.138 0.799 
 304 A _   0.007 0.034 0.000 0.005 0.002 0.006 0.140 0.806 
 305 E _   0.006 0.031 0.000 0.005 0.002 0.006 0.140 0.810 
 306 R _   0.005 0.030 0.000 0.005 0.002 0.006 0.141 0.811 
 307 E _   0.005 0.030 0.000 0.006 0.002 0.007 0.140 0.811 
 308 R _   0.005 0.031 0.000 0.007 0.002 0.007 0.139 0.808 
 309 R _   0.005 0.033 0.000 0.009 0.002 0.008 0.138 0.804 
 310 D _   0.005 0.037 0.000 0.012 0.003 0.008 0.136 0.799 
 311 R _   0.005 0.041 0.000 0.015 0.003 0.009 0.134 0.793 
 312 E _   0.005 0.044 0.000 0.017 0.004 0.009 0.132 0.788 
 313 E _   0.006 0.048 0.000 0.018 0.004 0.009 0.130 0.785 
 314 R _   0.005 0.050 0.000 0.018 0.004 0.009 0.128 0.785 
 315 L _   0.005 0.050 0.000 0.017 0.004 0.009 0.127 0.787 
 316 R _   0.005 0.051 0.000 0.015 0.004 0.008 0.126 0.791 
 317 H _   0.005 0.050 0.000 0.013 0.003 0.008 0.125 0.796 
 318 S _   0.005 0.050 0.000 0.011 0.003 0.007 0.124 0.800 
 319 R _   0.004 0.050 0.000 0.010 0.003 0.007 0.123 0.803 
 320 N _   0.005 0.050 0.000 0.009 0.003 0.007 0.121 0.805 
 321 P _   0.005 0.052 0.000 0.008 0.003 0.008 0.120 0.804 
 322 A _   0.005 0.055 0.000 0.009 0.003 0.008 0.118 0.801 
 323 T _   0.006 0.060 0.000 0.010 0.003 0.009 0.117 0.795 
 324 R _   0.006 0.067 0.000 0.011 0.004 0.010 0.114 0.787 
 325 G _   0.006 0.075 0.001 0.013 0.004 0.010 0.112 0.778 
 326 L _   0.006 0.085 0.001 0.015 0.005 0.011 0.110 0.767 
 327 P _   0.006 0.095 0.001 0.017 0.005 0.012 0.107 0.757 
 328 S _   0.006 0.104 0.001 0.019 0.006 0.012 0.105 0.747 
 329 T _   0.006 0.113 0.001 0.021 0.006 0.012 0.103 0.738 
 330 A _   0.007 0.122 0.001 0.022 0.007 0.013 0.101 0.729 
 331 S _   0.007 0.129 0.001 0.023 0.007 0.013 0.099 0.722 
 332 G _   0.007 0.135 0.001 0.023 0.007 0.013 0.098 0.716 
 333 R _   0.007 0.140 0.001 0.024 0.007 0.013 0.097 0.712 
 334 L _   0.007 0.143 0.001 0.024 0.007 0.012 0.096 0.709 
 335 R _   0.007 0.144 0.001 0.024 0.007 0.012 0.095 0.709 
 336 G _   0.007 0.144 0.001 0.023 0.006 0.012 0.095 0.711 
 337 T _   0.007 0.142 0.001 0.022 0.006 0.011 0.096 0.715 
 338 Q _   0.007 0.139 0.001 0.020 0.006 0.011 0.096 0.721 
 339 E _   0.007 0.134 0.001 0.019 0.005 0.010 0.097 0.727 
 340 V _   0.007 0.129 0.001 0.017 0.005 0.010 0.098 0.734 
 341 A _   0.007 0.124 0.001 0.016 0.005 0.010 0.098 0.740 
 342 P _   0.007 0.119 0.001 0.014 0.004 0.009 0.099 0.746 
 343 P _   0.007 0.115 0.000 0.014 0.004 0.009 0.100 0.751 
 344 T _   0.007 0.111 0.000 0.013 0.004 0.009 0.101 0.755 
 345 P _   0.007 0.107 0.000 0.013 0.004 0.009 0.102 0.758 
 346 L _   0.007 0.104 0.000 0.013 0.004 0.008 0.103 0.761 
 347 T _   0.006 0.100 0.000 0.012 0.003 0.008 0.104 0.765 
 348 P _   0.006 0.097 0.000 0.012 0.003 0.008 0.105 0.768 
 349 T _   0.006 0.094 0.000 0.011 0.003 0.008 0.106 0.772 
 350 S _   0.006 0.091 0.000 0.010 0.003 0.007 0.106 0.776 
 351 H _   0.005 0.089 0.000 0.009 0.003 0.007 0.106 0.780 
 352 T _   0.005 0.088 0.000 0.008 0.002 0.007 0.106 0.784 
 353 A _   0.005 0.088 0.000 0.007 0.002 0.006 0.106 0.785 
 354 N _   0.005 0.090 0.000 0.007 0.002 0.007 0.105 0.785 
 355 T _   0.004 0.093 0.000 0.007 0.002 0.007 0.104 0.782 
 356 S _   0.005 0.100 0.000 0.008 0.003 0.008 0.102 0.775 
 357 P _   0.005 0.111 0.000 0.010 0.003 0.008 0.100 0.763 
 358 R _   0.005 0.128 0.001 0.013 0.004 0.009 0.097 0.744 
 359 P _   0.005 0.151 0.001 0.016 0.005 0.010 0.093 0.719 
 360 V _   0.005 0.181 0.001 0.019 0.006 0.011 0.089 0.687 
 361 S _   0.005 0.215 0.001 0.022 0.007 0.012 0.086 0.653 
 362 G _   0.005 0.248 0.001 0.024 0.007 0.012 0.082 0.621 
 363 M _   0.005 0.278 0.001 0.025 0.007 0.012 0.079 0.593 
 364 E _   0.005 0.302 0.001 0.025 0.007 0.012 0.077 0.572 
 365 R _   0.005 0.321 0.001 0.024 0.007 0.012 0.075 0.557 
 366 E _   0.005 0.335 0.001 0.023 0.006 0.011 0.074 0.545 
 367 R _   0.005 0.347 0.001 0.022 0.006 0.011 0.073 0.536 
 368 K _   0.005 0.356 0.001 0.021 0.006 0.011 0.072 0.528 
 369 V _   0.005 0.365 0.001 0.020 0.006 0.011 0.071 0.520 
 370 S _   0.005 0.373 0.001 0.020 0.006 0.011 0.071 0.512 
 371 M _   0.006 0.379 0.001 0.021 0.006 0.011 0.071 0.505 
 372 R _   0.006 0.384 0.001 0.022 0.007 0.011 0.071 0.498 
 373 L _   0.007 0.387 0.001 0.023 0.007 0.011 0.072 0.492 
 374 H _   0.007 0.387 0.001 0.024 0.007 0.011 0.073 0.490 
 375 R _   0.007 0.384 0.001 0.024 0.007 0.011 0.075 0.491 
 376 G _   0.007 0.378 0.001 0.023 0.007 0.011 0.077 0.497 
 377 A _   0.007 0.368 0.001 0.021 0.006 0.010 0.079 0.508 
 378 P _   0.007 0.354 0.001 0.019 0.005 0.009 0.082 0.523 
 379 V _   0.007 0.338 0.001 0.016 0.005 0.009 0.085 0.540 
 380 N _   0.007 0.321 0.001 0.014 0.004 0.009 0.088 0.557 
 381 I _   0.006 0.306 0.001 0.011 0.004 0.008 0.091 0.573 
 382 S _   0.006 0.294 0.000 0.010 0.003 0.008 0.094 0.586 
 383 S _   0.006 0.285 0.000 0.009 0.003 0.007 0.096 0.594 
 384 S _   0.005 0.280 0.000 0.008 0.002 0.007 0.098 0.599 
 385 D _   0.005 0.277 0.000 0.008 0.002 0.007 0.099 0.601 
 386 L _   0.005 0.278 0.000 0.008 0.002 0.007 0.100 0.600 
 387 T _   0.005 0.280 0.000 0.008 0.002 0.007 0.101 0.596 
 388 G _   0.005 0.285 0.000 0.009 0.003 0.008 0.101 0.590 
 389 R _   0.004 0.291 0.000 0.010 0.003 0.008 0.101 0.583 
 390 Q _   0.004 0.300 0.000 0.010 0.003 0.008 0.101 0.574 
 391 D _   0.004 0.310 0.000 0.011 0.003 0.008 0.101 0.563 
 392 T _   0.004 0.322 0.000 0.011 0.003 0.009 0.100 0.550 
 393 S _   0.004 0.336 0.000 0.012 0.004 0.009 0.100 0.535 
 394 R _   0.004 0.353 0.001 0.013 0.004 0.010 0.099 0.517 
 395 M _   0.005 0.373 0.001 0.014 0.004 0.010 0.098 0.495 
 396 S _   0.005 0.398 0.001 0.015 0.005 0.011 0.097 0.468 
 397 T _   0.005 0.427 0.001 0.017 0.006 0.012 0.096 0.437 
 398 S E   0.005 0.461 0.001 0.018 0.006 0.012 0.095 0.402 
 399 Q E   0.005 0.498 0.001 0.019 0.007 0.012 0.094 0.364 
 400 I E   0.005 0.537 0.001 0.020 0.007 0.012 0.093 0.324 
 401 P E   0.005 0.576 0.001 0.020 0.008 0.012 0.093 0.285 
 402 G E   0.005 0.613 0.001 0.020 0.008 0.012 0.092 0.250 
 403 R E   0.005 0.647 0.001 0.020 0.008 0.012 0.092 0.216 
 404 V E   0.005 0.677 0.001 0.019 0.008 0.011 0.093 0.186 
 405 A E   0.005 0.702 0.001 0.019 0.008 0.011 0.093 0.161 
 406 S E   0.004 0.721 0.001 0.019 0.007 0.010 0.095 0.142 
 407 S E   0.004 0.735 0.001 0.020 0.007 0.009 0.097 0.128 
 408 G E   0.003 0.744 0.001 0.020 0.006 0.008 0.099 0.120 
 409 L E   0.003 0.748 0.000 0.020 0.005 0.006 0.102 0.115 
 410 Q E   0.002 0.747 0.000 0.019 0.004 0.005 0.107 0.115 
 411 S E   0.002 0.738 0.000 0.018 0.003 0.003 0.113 0.122 
 412 V E   0.001 0.717 0.000 0.016 0.001 0.002 0.120 0.142 
 413 V E   0.001 0.679 0.000 0.014 0.001 0.001 0.126 0.178 
 414 H E   0.001 0.634 0.000 0.017 0.001 0.002 0.128 0.217 
 415 R E   0.004 0.594 0.002 0.028 0.006 0.005 0.126 0.235 
