#TopoPred_TM8: 8-state transmembrane topology prediction results by no_profile mode 
#probabilities are in the order of H E C I L F X _, the 8 transmembrane topology types used in PDBTM 
   1 M X   0.011 0.002 0.002 0.039 0.008 0.010 0.749 0.180 
   2 D X   0.004 0.001 0.000 0.026 0.001 0.006 0.766 0.196 
   3 S X   0.001 0.002 0.000 0.020 0.001 0.005 0.768 0.202 
   4 R X   0.002 0.003 0.000 0.020 0.001 0.007 0.765 0.202 
   5 A X   0.003 0.008 0.000 0.024 0.002 0.010 0.755 0.197 
   6 Q X   0.005 0.014 0.001 0.030 0.004 0.014 0.740 0.191 
   7 L X   0.006 0.024 0.001 0.038 0.006 0.017 0.724 0.185 
   8 W X   0.007 0.034 0.001 0.044 0.008 0.017 0.708 0.182 
   9 G X   0.007 0.040 0.001 0.047 0.008 0.017 0.695 0.184 
  10 L X   0.007 0.044 0.001 0.048 0.009 0.016 0.684 0.191 
  11 A X   0.007 0.046 0.001 0.045 0.009 0.015 0.676 0.202 
  12 L X   0.006 0.045 0.001 0.039 0.008 0.013 0.671 0.217 
  13 N X   0.006 0.042 0.001 0.031 0.007 0.012 0.667 0.234 
  14 K X   0.006 0.037 0.001 0.024 0.005 0.010 0.665 0.251 
  15 R X   0.006 0.031 0.000 0.018 0.004 0.009 0.664 0.267 
  16 R X   0.006 0.026 0.000 0.013 0.003 0.008 0.664 0.281 
  17 A X   0.006 0.020 0.000 0.010 0.003 0.007 0.663 0.292 
  18 T X   0.005 0.016 0.000 0.008 0.002 0.006 0.662 0.301 
  19 L X   0.005 0.013 0.000 0.006 0.002 0.005 0.660 0.310 
  20 P X   0.004 0.010 0.000 0.005 0.001 0.004 0.658 0.317 
  21 H X   0.004 0.008 0.000 0.004 0.001 0.004 0.654 0.324 
  22 P X   0.004 0.006 0.000 0.004 0.001 0.004 0.650 0.331 
  23 G X   0.003 0.005 0.000 0.004 0.001 0.003 0.646 0.338 
  24 G X   0.003 0.004 0.000 0.003 0.001 0.003 0.640 0.346 
  25 S X   0.003 0.004 0.000 0.003 0.001 0.003 0.632 0.354 
  26 T X   0.002 0.004 0.000 0.003 0.001 0.003 0.623 0.363 
  27 N X   0.002 0.004 0.000 0.003 0.001 0.003 0.612 0.373 
  28 L X   0.002 0.005 0.000 0.004 0.001 0.004 0.600 0.384 
  29 K X   0.002 0.006 0.000 0.005 0.002 0.005 0.584 0.395 
  30 A X   0.003 0.009 0.000 0.007 0.002 0.006 0.566 0.407 
  31 D X   0.003 0.013 0.000 0.010 0.003 0.007 0.545 0.418 
  32 P X   0.004 0.020 0.001 0.014 0.004 0.009 0.521 0.428 
  33 E X   0.004 0.029 0.001 0.018 0.005 0.011 0.496 0.436 
  34 E X   0.004 0.040 0.001 0.023 0.006 0.012 0.470 0.444 
  35 L _   0.004 0.049 0.001 0.028 0.007 0.013 0.446 0.451 
  36 F _   0.005 0.057 0.001 0.031 0.008 0.014 0.425 0.460 
  37 T _   0.005 0.063 0.001 0.032 0.008 0.014 0.407 0.471 
  38 K _   0.005 0.066 0.001 0.031 0.008 0.014 0.391 0.484 
  39 L _   0.005 0.068 0.001 0.028 0.007 0.014 0.377 0.499 
  40 E _   0.005 0.069 0.001 0.025 0.007 0.014 0.364 0.514 
  41 K _   0.006 0.070 0.001 0.022 0.007 0.014 0.353 0.529 
  42 I _   0.006 0.069 0.001 0.020 0.006 0.014 0.342 0.542 
  43 G _   0.006 0.069 0.001 0.019 0.006 0.014 0.332 0.553 
  44 K _   0.007 0.069 0.001 0.019 0.007 0.014 0.323 0.561 
  45 G _   0.008 0.069 0.001 0.020 0.007 0.015 0.314 0.567 
  46 S _   0.008 0.069 0.001 0.021 0.008 0.015 0.306 0.571 
  47 F _   0.009 0.069 0.001 0.023 0.008 0.015 0.299 0.576 
  48 G _   0.009 0.067 0.001 0.024 0.008 0.015 0.293 0.583 
  49 E _   0.009 0.064 0.001 0.024 0.008 0.014 0.287 0.593 
  50 V _   0.009 0.059 0.001 0.022 0.007 0.013 0.282 0.606 
  51 F _   0.009 0.052 0.001 0.018 0.006 0.013 0.278 0.623 
  52 K _   0.008 0.044 0.001 0.015 0.005 0.012 0.274 0.642 
  53 G _   0.008 0.036 0.001 0.011 0.004 0.011 0.269 0.661 
  54 I _   0.008 0.029 0.000 0.008 0.004 0.010 0.265 0.676 
  55 D _   0.008 0.025 0.000 0.006 0.003 0.010 0.261 0.687 
  56 N _   0.008 0.023 0.000 0.005 0.003 0.011 0.257 0.693 
  57 R _   0.009 0.022 0.000 0.005 0.004 0.012 0.252 0.695 
  58 T _   0.010 0.024 0.001 0.007 0.005 0.014 0.247 0.693 
  59 Q _   0.012 0.028 0.001 0.010 0.006 0.016 0.241 0.686 
  60 K _   0.013 0.035 0.001 0.016 0.009 0.019 0.235 0.673 
  61 V _   0.014 0.044 0.001 0.023 0.011 0.020 0.228 0.659 
  62 V _   0.015 0.052 0.001 0.030 0.013 0.022 0.222 0.645 
  63 A _   0.015 0.059 0.001 0.036 0.014 0.022 0.216 0.636 
  64 I _   0.015 0.064 0.001 0.040 0.015 0.022 0.212 0.632 
  65 K _   0.015 0.065 0.001 0.041 0.014 0.021 0.209 0.634 
  66 I _   0.014 0.063 0.001 0.039 0.013 0.019 0.206 0.644 
  67 I _   0.013 0.059 0.001 0.034 0.011 0.018 0.205 0.659 
  68 D _   0.012 0.052 0.001 0.028 0.009 0.016 0.204 0.679 
  69 L _   0.011 0.043 0.001 0.021 0.007 0.013 0.203 0.701 
  70 E _   0.009 0.033 0.001 0.014 0.005 0.012 0.203 0.723 
  71 E _   0.008 0.025 0.000 0.009 0.004 0.010 0.202 0.741 
  72 A _   0.007 0.019 0.000 0.006 0.003 0.009 0.201 0.754 
  73 E _   0.007 0.016 0.000 0.004 0.002 0.009 0.199 0.763 
  74 D _   0.007 0.015 0.000 0.004 0.002 0.009 0.196 0.766 
  75 E _   0.007 0.016 0.000 0.004 0.002 0.011 0.193 0.766 
  76 I _   0.009 0.019 0.000 0.006 0.003 0.013 0.189 0.760 
  77 E _   0.011 0.025 0.001 0.009 0.005 0.016 0.185 0.748 
  78 D _   0.013 0.037 0.001 0.016 0.008 0.020 0.179 0.727 
  79 I _   0.014 0.054 0.001 0.024 0.012 0.023 0.173 0.698 
  80 Q _   0.016 0.072 0.001 0.035 0.015 0.026 0.167 0.668 
  81 Q _   0.016 0.087 0.001 0.044 0.018 0.027 0.162 0.644 
  82 E _   0.017 0.097 0.001 0.051 0.019 0.027 0.158 0.630 
  83 I _   0.016 0.101 0.001 0.054 0.019 0.027 0.156 0.626 
  84 T _   0.016 0.101 0.001 0.053 0.018 0.025 0.154 0.632 
  85 V _   0.016 0.096 0.001 0.048 0.016 0.023 0.153 0.646 
  86 L _   0.015 0.087 0.001 0.040 0.014 0.021 0.153 0.668 
  87 S _   0.014 0.073 0.001 0.031 0.011 0.019 0.154 0.697 
  88 Q _   0.013 0.055 0.001 0.022 0.009 0.017 0.155 0.728 
  89 C _   0.012 0.039 0.001 0.016 0.007 0.015 0.155 0.756 
  90 D _   0.011 0.026 0.001 0.011 0.005 0.013 0.156 0.777 
  91 S _   0.010 0.017 0.000 0.008 0.004 0.012 0.156 0.791 
  92 P _   0.009 0.013 0.000 0.007 0.004 0.012 0.156 0.798 
  93 Y _   0.009 0.010 0.000 0.007 0.004 0.012 0.156 0.802 
  94 V _   0.010 0.008 0.000 0.008 0.004 0.012 0.155 0.803 
  95 T _   0.010 0.007 0.000 0.009 0.004 0.012 0.155 0.803 
  96 K _   0.010 0.006 0.001 0.010 0.004 0.013 0.154 0.803 
  97 Y _   0.010 0.005 0.001 0.010 0.004 0.013 0.153 0.804 
  98 Y _   0.010 0.004 0.001 0.010 0.004 0.013 0.152 0.806 
  99 G _   0.011 0.003 0.001 0.008 0.004 0.014 0.150 0.808 
 100 S _   0.013 0.002 0.000 0.006 0.004 0.015 0.149 0.810 
 101 Y _   0.016 0.002 0.000 0.005 0.004 0.017 0.147 0.809 
 102 L _   0.022 0.001 0.000 0.004 0.004 0.020 0.145 0.804 
 103 K _   0.031 0.001 0.001 0.003 0.006 0.024 0.142 0.792 
 104 D _   0.045 0.002 0.001 0.004 0.009 0.030 0.139 0.770 
 105 T _   0.065 0.003 0.001 0.005 0.015 0.039 0.136 0.736 
 106 K _   0.088 0.008 0.001 0.008 0.024 0.048 0.133 0.688 
 107 L _   0.111 0.020 0.002 0.014 0.037 0.056 0.130 0.630 
 108 W _   0.130 0.039 0.003 0.023 0.047 0.062 0.127 0.569 
 109 I _   0.142 0.058 0.003 0.034 0.054 0.064 0.126 0.520 
 110 I _   0.147 0.073 0.003 0.043 0.057 0.063 0.125 0.489 
 111 M _   0.147 0.081 0.003 0.049 0.056 0.061 0.126 0.478 
 112 E _   0.140 0.083 0.003 0.050 0.052 0.056 0.128 0.487 
 113 Y _   0.129 0.081 0.003 0.047 0.045 0.051 0.131 0.513 
 114 L _   0.113 0.074 0.002 0.041 0.037 0.044 0.134 0.554 
 115 G _   0.095 0.062 0.002 0.032 0.028 0.037 0.139 0.605 
 116 G _   0.076 0.047 0.002 0.024 0.020 0.031 0.143 0.659 
 117 G _   0.058 0.032 0.001 0.017 0.013 0.025 0.147 0.708 
 118 S _   0.044 0.020 0.001 0.012 0.008 0.020 0.151 0.746 
 119 A _   0.032 0.012 0.001 0.009 0.005 0.015 0.153 0.773 
 120 L _   0.023 0.007 0.000 0.006 0.004 0.012 0.156 0.791 
 121 D _   0.017 0.004 0.000 0.005 0.003 0.010 0.157 0.804 
 122 L _   0.013 0.002 0.000 0.004 0.002 0.009 0.158 0.813 
 123 L _   0.010 0.001 0.000 0.003 0.002 0.008 0.158 0.818 
 124 E _   0.008 0.001 0.000 0.003 0.002 0.008 0.157 0.822 
 125 P _   0.008 0.001 0.000 0.003 0.002 0.008 0.156 0.823 
 126 G _   0.008 0.001 0.000 0.003 0.002 0.009 0.154 0.823 
 127 P _   0.010 0.001 0.000 0.003 0.002 0.012 0.152 0.819 
 128 L _   0.014 0.002 0.000 0.004 0.003 0.016 0.149 0.812 
 129 D _   0.020 0.005 0.001 0.005 0.005 0.022 0.145 0.798 
 130 E _   0.028 0.010 0.001 0.008 0.009 0.030 0.141 0.773 
 131 T _   0.037 0.023 0.001 0.012 0.016 0.039 0.135 0.737 
 132 Q _   0.047 0.047 0.002 0.019 0.024 0.047 0.129 0.685 
 133 I _   0.054 0.081 0.002 0.028 0.033 0.054 0.123 0.624 
 134 A _   0.060 0.118 0.003 0.038 0.041 0.058 0.117 0.566 
 135 T _   0.064 0.150 0.003 0.047 0.045 0.059 0.112 0.520 
 136 I _   0.065 0.172 0.003 0.055 0.046 0.058 0.109 0.491 
 137 L _   0.065 0.185 0.002 0.060 0.046 0.056 0.107 0.480 
 138 R _   0.063 0.190 0.002 0.062 0.043 0.053 0.106 0.481 
 139 E _   0.059 0.189 0.002 0.060 0.039 0.048 0.106 0.497 
 140 I _   0.054 0.181 0.002 0.055 0.034 0.043 0.107 0.524 
 141 L _   0.048 0.165 0.002 0.048 0.027 0.037 0.108 0.564 
 142 K _   0.042 0.142 0.002 0.039 0.021 0.032 0.110 0.612 
 143 G _   0.036 0.112 0.002 0.030 0.016 0.027 0.112 0.666 
 144 L _   0.030 0.080 0.001 0.021 0.011 0.022 0.114 0.719 
 145 D _   0.025 0.053 0.001 0.015 0.008 0.018 0.116 0.765 
 146 Y _   0.019 0.033 0.001 0.010 0.005 0.014 0.117 0.800 
 147 L _   0.015 0.021 0.000 0.007 0.004 0.012 0.118 0.824 
 148 H _   0.011 0.014 0.000 0.005 0.003 0.010 0.118 0.840 
 149 S _   0.009 0.010 0.000 0.004 0.002 0.009 0.117 0.849 
 150 E _   0.008 0.009 0.000 0.004 0.002 0.008 0.115 0.854 
 151 K _   0.007 0.009 0.000 0.004 0.002 0.008 0.114 0.856 
 152 K _   0.007 0.010 0.000 0.004 0.002 0.009 0.111 0.856 
 153 I _   0.008 0.012 0.000 0.006 0.003 0.010 0.108 0.853 
 154 H _   0.009 0.016 0.000 0.008 0.004 0.012 0.105 0.845 
 155 R _   0.010 0.023 0.001 0.012 0.006 0.015 0.101 0.833 
 156 D _   0.011 0.033 0.001 0.016 0.008 0.017 0.097 0.818 
 157 I _   0.012 0.044 0.001 0.021 0.010 0.019 0.093 0.801 
 158 K _   0.013 0.054 0.001 0.026 0.011 0.021 0.089 0.785 
 159 A _   0.014 0.063 0.001 0.030 0.013 0.022 0.085 0.773 
 160 A _   0.014 0.069 0.001 0.032 0.013 0.023 0.082 0.765 
 161 N _   0.015 0.073 0.001 0.033 0.014 0.023 0.080 0.762 
 162 V _   0.015 0.075 0.001 0.032 0.013 0.022 0.078 0.764 
 163 L _   0.015 0.074 0.001 0.030 0.012 0.022 0.076 0.769 
 164 L _   0.015 0.072 0.001 0.026 0.011 0.021 0.075 0.778 
 165 S _   0.015 0.068 0.001 0.022 0.010 0.020 0.074 0.789 
 166 E _   0.015 0.063 0.001 0.019 0.009 0.019 0.073 0.802 
 167 H _   0.014 0.058 0.001 0.015 0.007 0.018 0.073 0.814 
 168 G _   0.014 0.054 0.001 0.013 0.006 0.017 0.072 0.823 
 169 E _   0.014 0.051 0.001 0.011 0.006 0.017 0.071 0.830 
 170 V _   0.014 0.049 0.001 0.010 0.006 0.017 0.070 0.834 
 171 K _   0.014 0.048 0.001 0.011 0.006 0.017 0.070 0.834 
 172 L _   0.015 0.048 0.001 0.012 0.007 0.018 0.069 0.831 
 173 A _   0.016 0.049 0.001 0.014 0.008 0.019 0.068 0.826 
 174 D _   0.016 0.051 0.001 0.017 0.009 0.019 0.067 0.820 
 175 F _   0.017 0.053 0.001 0.020 0.010 0.020 0.066 0.814 
 176 G _   0.017 0.054 0.001 0.023 0.010 0.020 0.066 0.809 
 177 V _   0.017 0.054 0.001 0.025 0.011 0.020 0.066 0.807 
 178 A _   0.016 0.052 0.001 0.026 0.011 0.019 0.066 0.809 
 179 G _   0.016 0.049 0.001 0.025 0.010 0.018 0.066 0.815 
 180 Q _   0.015 0.044 0.001 0.022 0.009 0.017 0.067 0.825 
 181 L _   0.014 0.036 0.001 0.018 0.008 0.016 0.067 0.839 
 182 T _   0.013 0.028 0.001 0.014 0.006 0.015 0.068 0.854 
 183 D _   0.013 0.021 0.001 0.010 0.005 0.014 0.069 0.868 
 184 T _   0.012 0.015 0.001 0.008 0.004 0.014 0.069 0.878 
 185 Q _   0.012 0.011 0.000 0.006 0.004 0.014 0.069 0.884 
 186 I _   0.013 0.009 0.000 0.005 0.004 0.014 0.070 0.885 
 187 K _   0.014 0.009 0.000 0.005 0.004 0.016 0.070 0.883 
 188 R _   0.016 0.010 0.001 0.006 0.005 0.018 0.069 0.876 
 189 N _   0.019 0.012 0.001 0.008 0.007 0.021 0.069 0.865 
 190 T _   0.022 0.015 0.001 0.011 0.009 0.024 0.069 0.849 
 191 F _   0.025 0.021 0.001 0.015 0.013 0.027 0.068 0.830 
 192 V _   0.028 0.029 0.001 0.021 0.016 0.030 0.067 0.808 
 193 G _   0.030 0.036 0.001 0.026 0.019 0.033 0.067 0.788 
 194 T _   0.032 0.042 0.001 0.031 0.021 0.034 0.067 0.772 
 195 P _   0.033 0.046 0.002 0.035 0.023 0.034 0.067 0.761 
 196 F _   0.032 0.048 0.002 0.037 0.023 0.034 0.068 0.757 
 197 W _   0.031 0.048 0.002 0.037 0.022 0.032 0.068 0.760 
 198 M _   0.029 0.046 0.001 0.035 0.020 0.030 0.070 0.768 
 199 A _   0.027 0.043 0.001 0.032 0.017 0.028 0.071 0.781 
 200 P _   0.024 0.037 0.001 0.028 0.014 0.025 0.073 0.797 
 201 E _   0.022 0.030 0.001 0.023 0.011 0.022 0.075 0.816 
 202 V _   0.020 0.023 0.001 0.018 0.009 0.019 0.077 0.834 
 203 I _   0.019 0.016 0.001 0.013 0.007 0.016 0.078 0.851 
 204 K _   0.018 0.009 0.001 0.009 0.005 0.014 0.080 0.864 
 205 Q _   0.018 0.005 0.000 0.006 0.004 0.013 0.080 0.874 
 206 S _   0.020 0.002 0.000 0.004 0.003 0.012 0.081 0.878 
 207 A _   0.024 0.001 0.000 0.003 0.003 0.012 0.081 0.877 
 208 Y _   0.033 0.000 0.000 0.002 0.003 0.013 0.080 0.869 
 209 D _   0.050 0.000 0.000 0.002 0.003 0.015 0.079 0.851 
 210 S _   0.077 0.000 0.001 0.002 0.004 0.018 0.078 0.820 
 211 K _   0.120 0.000 0.001 0.002 0.007 0.023 0.077 0.771 
 212 A _   0.178 0.000 0.001 0.002 0.011 0.030 0.075 0.703 
 213 D _   0.244 0.000 0.001 0.003 0.018 0.037 0.074 0.623 
 214 I _   0.314 0.001 0.002 0.004 0.027 0.045 0.073 0.535 
 215 W _   0.374 0.002 0.002 0.005 0.039 0.051 0.073 0.454 
 216 S H   0.419 0.005 0.002 0.008 0.049 0.055 0.074 0.387 
 217 L H   0.449 0.010 0.003 0.012 0.057 0.057 0.076 0.336 
 218 G H   0.462 0.015 0.003 0.017 0.062 0.057 0.080 0.304 
 219 I H   0.460 0.020 0.003 0.023 0.064 0.055 0.085 0.291 
 220 T H   0.443 0.023 0.003 0.027 0.061 0.052 0.092 0.299 
 221 A H   0.410 0.024 0.003 0.030 0.056 0.048 0.101 0.328 
 222 I _   0.365 0.023 0.003 0.030 0.047 0.042 0.112 0.378 
 223 E _   0.306 0.019 0.003 0.027 0.036 0.036 0.125 0.448 
 224 L _   0.240 0.014 0.002 0.021 0.025 0.029 0.139 0.530 
 225 A _   0.174 0.008 0.001 0.014 0.015 0.022 0.153 0.613 
 226 R _   0.117 0.004 0.001 0.008 0.008 0.016 0.164 0.682 
 227 G _   0.073 0.001 0.001 0.005 0.004 0.012 0.172 0.732 
 228 E _   0.043 0.001 0.000 0.003 0.002 0.009 0.178 0.765 
 229 P _   0.025 0.000 0.000 0.002 0.002 0.007 0.182 0.782 
 230 P _   0.016 0.001 0.000 0.002 0.001 0.007 0.184 0.789 
 231 H _   0.012 0.001 0.000 0.002 0.001 0.008 0.186 0.789 
 232 S _   0.011 0.004 0.000 0.004 0.002 0.010 0.187 0.782 
 233 E _   0.012 0.012 0.000 0.008 0.004 0.013 0.187 0.763 
 234 L _   0.013 0.034 0.001 0.017 0.007 0.017 0.186 0.725 
 235 H _   0.013 0.073 0.001 0.031 0.011 0.021 0.184 0.665 
 236 P _   0.013 0.122 0.002 0.048 0.015 0.023 0.182 0.595 
 237 M _   0.012 0.161 0.002 0.065 0.017 0.023 0.181 0.540 
 238 K _   0.012 0.184 0.001 0.076 0.017 0.023 0.182 0.505 
 239 V _   0.011 0.194 0.001 0.081 0.017 0.022 0.184 0.489 
 240 L _   0.011 0.196 0.001 0.080 0.016 0.021 0.188 0.487 
 241 F _   0.010 0.191 0.001 0.073 0.014 0.019 0.193 0.499 
 242 L _   0.009 0.177 0.001 0.061 0.012 0.016 0.201 0.522 
 243 I _   0.009 0.152 0.001 0.047 0.010 0.014 0.210 0.557 
 244 P _   0.009 0.119 0.001 0.032 0.007 0.012 0.221 0.599 
 245 K _   0.008 0.085 0.001 0.021 0.005 0.010 0.232 0.638 
 246 N _   0.008 0.059 0.001 0.013 0.003 0.008 0.242 0.667 
 247 N _   0.006 0.042 0.000 0.008 0.002 0.007 0.248 0.686 
 248 P _   0.005 0.033 0.000 0.005 0.002 0.006 0.253 0.696 
 249 P _   0.005 0.029 0.000 0.004 0.001 0.005 0.256 0.700 
 250 T _   0.004 0.027 0.000 0.004 0.001 0.005 0.257 0.702 
 251 L _   0.004 0.027 0.000 0.004 0.001 0.005 0.257 0.702 
 252 E _   0.004 0.029 0.000 0.005 0.001 0.005 0.256 0.700 
 253 G _   0.004 0.032 0.000 0.006 0.002 0.006 0.253 0.697 
 254 N _   0.004 0.038 0.000 0.008 0.002 0.007 0.250 0.691 
 255 Y _   0.004 0.049 0.000 0.011 0.003 0.009 0.245 0.680 
 256 S _   0.004 0.065 0.001 0.015 0.004 0.010 0.239 0.662 
 257 K _   0.005 0.087 0.001 0.020 0.005 0.012 0.232 0.638 
 258 P _   0.005 0.115 0.001 0.027 0.007 0.013 0.224 0.608 
 259 L _   0.005 0.143 0.001 0.034 0.008 0.014 0.218 0.578 
 260 K _   0.005 0.167 0.001 0.040 0.009 0.015 0.212 0.552 
 261 E _   0.005 0.184 0.001 0.045 0.009 0.015 0.208 0.534 
 262 F _   0.005 0.194 0.001 0.047 0.010 0.015 0.205 0.523 
 263 V _   0.005 0.199 0.001 0.047 0.010 0.014 0.204 0.520 
 264 E _   0.006 0.199 0.001 0.045 0.009 0.014 0.204 0.523 
 265 A _   0.006 0.195 0.001 0.041 0.009 0.013 0.205 0.532 
 266 C _   0.006 0.185 0.001 0.034 0.008 0.012 0.207 0.547 
 267 L _   0.006 0.170 0.001 0.027 0.007 0.011 0.210 0.568 
 268 N _   0.006 0.152 0.001 0.020 0.006 0.010 0.214 0.591 
 269 K _   0.006 0.134 0.001 0.015 0.005 0.010 0.217 0.612 
 270 E _   0.006 0.118 0.000 0.011 0.004 0.009 0.221 0.630 
 271 P _   0.006 0.108 0.000 0.008 0.003 0.009 0.224 0.642 
 272 S _   0.006 0.102 0.000 0.006 0.003 0.009 0.226 0.647 
 273 F _   0.006 0.099 0.000 0.006 0.003 0.010 0.228 0.648 
 274 R _   0.006 0.100 0.000 0.007 0.003 0.010 0.229 0.645 
 275 P _   0.007 0.103 0.000 0.008 0.004 0.011 0.229 0.638 
 276 T _   0.007 0.108 0.001 0.010 0.004 0.012 0.230 0.627 
 277 A _   0.008 0.117 0.001 0.014 0.006 0.014 0.230 0.612 
 278 K _   0.008 0.126 0.001 0.017 0.007 0.015 0.230 0.596 
 279 E _   0.009 0.135 0.001 0.021 0.008 0.015 0.231 0.581 
 280 L _   0.009 0.143 0.001 0.024 0.009 0.016 0.232 0.568 
 281 L _   0.009 0.149 0.001 0.026 0.009 0.016 0.233 0.558 
 282 K _   0.009 0.152 0.001 0.027 0.009 0.016 0.236 0.552 
 283 H _   0.009 0.152 0.001 0.026 0.009 0.015 0.239 0.549 
 284 K _   0.009 0.150 0.001 0.025 0.009 0.014 0.243 0.550 
 285 F _   0.009 0.145 0.001 0.022 0.008 0.014 0.248 0.554 
 286 I _   0.008 0.139 0.001 0.019 0.007 0.013 0.253 0.560 
 287 L _   0.008 0.131 0.001 0.016 0.006 0.012 0.259 0.567 
 288 R _   0.008 0.123 0.001 0.013 0.005 0.011 0.265 0.575 
 289 N _   0.008 0.116 0.001 0.010 0.004 0.011 0.270 0.581 
 290 A _   0.008 0.111 0.000 0.008 0.004 0.011 0.275 0.583 
 291 K _   0.008 0.108 0.000 0.007 0.003 0.011 0.280 0.583 
 292 K _   0.008 0.108 0.000 0.007 0.004 0.011 0.284 0.578 
 293 T _   0.008 0.110 0.000 0.009 0.004 0.012 0.288 0.568 
 294 S _   0.009 0.115 0.001 0.012 0.005 0.013 0.291 0.555 
 295 Y _   0.009 0.122 0.001 0.016 0.006 0.014 0.295 0.537 
 296 L _   0.009 0.130 0.001 0.021 0.008 0.015 0.300 0.517 
 297 T _   0.009 0.138 0.001 0.026 0.009 0.015 0.304 0.498 
 298 E _   0.009 0.143 0.001 0.030 0.009 0.016 0.310 0.482 
 299 L _   0.009 0.145 0.001 0.033 0.009 0.015 0.317 0.470 
 300 I _   0.009 0.145 0.001 0.034 0.009 0.015 0.325 0.461 
 301 D _   0.009 0.142 0.001 0.034 0.009 0.014 0.335 0.456 
 302 R _   0.008 0.135 0.001 0.033 0.009 0.014 0.346 0.454 
 303 Y _   0.008 0.125 0.001 0.030 0.008 0.013 0.360 0.455 
 304 K _   0.008 0.111 0.001 0.027 0.007 0.012 0.376 0.458 
 305 R _   0.008 0.095 0.001 0.023 0.006 0.011 0.394 0.462 
 306 W _   0.007 0.078 0.001 0.020 0.005 0.010 0.413 0.467 
 307 K _   0.007 0.061 0.001 0.016 0.004 0.009 0.431 0.471 
 308 A _   0.006 0.046 0.000 0.013 0.003 0.007 0.448 0.475 
 309 E _   0.006 0.035 0.000 0.010 0.003 0.006 0.463 0.477 
 310 Q _   0.005 0.026 0.000 0.008 0.002 0.005 0.476 0.478 
 311 S X   0.004 0.020 0.000 0.006 0.001 0.005 0.486 0.478 
 312 H X   0.004 0.016 0.000 0.005 0.001 0.004 0.494 0.478 
 313 D X   0.003 0.013 0.000 0.004 0.001 0.003 0.499 0.476 
 314 D X   0.003 0.012 0.000 0.003 0.001 0.003 0.503 0.475 
 315 S X   0.003 0.011 0.000 0.003 0.001 0.003 0.506 0.473 
 316 S X   0.002 0.011 0.000 0.004 0.001 0.003 0.507 0.471 
 317 S X   0.002 0.012 0.000 0.004 0.001 0.004 0.508 0.469 
 318 E X   0.002 0.013 0.000 0.005 0.001 0.004 0.507 0.467 
 319 D X   0.002 0.015 0.000 0.007 0.001 0.004 0.506 0.465 
 320 S X   0.002 0.017 0.000 0.008 0.001 0.005 0.504 0.463 
 321 D X   0.002 0.020 0.000 0.009 0.002 0.005 0.501 0.461 
 322 A X   0.002 0.023 0.000 0.011 0.002 0.005 0.498 0.459 
 323 E X   0.002 0.026 0.000 0.011 0.002 0.005 0.495 0.458 
 324 T X   0.002 0.029 0.000 0.011 0.002 0.005 0.492 0.459 
 325 D X   0.002 0.031 0.000 0.011 0.002 0.005 0.489 0.459 
 326 G X   0.002 0.033 0.000 0.010 0.002 0.005 0.486 0.461 
 327 Q X   0.002 0.035 0.000 0.009 0.002 0.005 0.484 0.463 
 328 A X   0.002 0.037 0.000 0.008 0.002 0.005 0.481 0.464 
 329 S X   0.002 0.040 0.000 0.008 0.002 0.005 0.479 0.465 
 330 G X   0.002 0.043 0.000 0.008 0.002 0.006 0.476 0.464 
 331 G X   0.002 0.048 0.000 0.009 0.002 0.007 0.472 0.459 
 332 S X   0.003 0.056 0.000 0.011 0.003 0.008 0.468 0.450 
 333 D X   0.004 0.068 0.001 0.016 0.004 0.010 0.463 0.435 
 334 S X   0.004 0.085 0.001 0.023 0.006 0.012 0.458 0.412 
 335 G X   0.005 0.103 0.001 0.032 0.008 0.013 0.453 0.385 
 336 D X   0.005 0.119 0.001 0.042 0.009 0.014 0.449 0.361 
 337 W X   0.006 0.130 0.001 0.050 0.010 0.015 0.447 0.342 
 338 I X   0.006 0.135 0.001 0.055 0.010 0.015 0.447 0.332 
 339 F X   0.006 0.135 0.001 0.055 0.010 0.014 0.449 0.330 
 340 T X   0.006 0.131 0.001 0.051 0.009 0.013 0.453 0.336 
 341 I X   0.005 0.120 0.001 0.043 0.008 0.011 0.460 0.351 
 342 R X   0.005 0.102 0.001 0.033 0.006 0.010 0.468 0.375 
 343 E X   0.005 0.077 0.001 0.023 0.005 0.008 0.477 0.404 
 344 K X   0.005 0.052 0.001 0.014 0.003 0.007 0.486 0.432 
 345 D X   0.004 0.032 0.000 0.008 0.002 0.006 0.494 0.453 
 346 P X   0.004 0.021 0.000 0.005 0.002 0.005 0.499 0.464 
 347 K X   0.003 0.016 0.000 0.004 0.001 0.004 0.503 0.469 
 348 N X   0.003 0.013 0.000 0.004 0.001 0.004 0.505 0.470 
 349 L X   0.003 0.012 0.000 0.004 0.001 0.005 0.506 0.468 
 350 E X   0.003 0.012 0.000 0.006 0.001 0.005 0.506 0.466 
 351 N X   0.003 0.012 0.000 0.008 0.002 0.005 0.506 0.464 
 352 G X   0.003 0.012 0.000 0.010 0.002 0.006 0.505 0.461 
 353 A X   0.003 0.012 0.000 0.012 0.002 0.006 0.504 0.460 
 354 L X   0.003 0.012 0.000 0.013 0.002 0.006 0.504 0.460 
 355 Q X   0.003 0.011 0.000 0.013 0.002 0.006 0.503 0.461 
 356 P X   0.003 0.010 0.000 0.011 0.002 0.005 0.503 0.465 
 357 S X   0.003 0.008 0.000 0.010 0.002 0.005 0.503 0.469 
 358 D X   0.003 0.007 0.000 0.008 0.002 0.004 0.503 0.473 
 359 L X   0.003 0.005 0.000 0.006 0.001 0.004 0.503 0.478 
 360 D X   0.003 0.003 0.000 0.005 0.001 0.004 0.502 0.481 
 361 R X   0.003 0.002 0.000 0.004 0.001 0.004 0.501 0.485 
 362 N X   0.002 0.002 0.000 0.004 0.001 0.004 0.499 0.488 
 363 K X   0.003 0.001 0.000 0.003 0.001 0.004 0.497 0.492 
 364 M _   0.003 0.001 0.000 0.003 0.001 0.004 0.493 0.495 
 365 K _   0.003 0.000 0.000 0.003 0.001 0.005 0.489 0.499 
 366 D _   0.004 0.000 0.000 0.003 0.001 0.006 0.483 0.503 
 367 I _   0.005 0.000 0.000 0.003 0.001 0.007 0.476 0.506 
 368 P _   0.008 0.000 0.000 0.003 0.002 0.010 0.468 0.509 
 369 K _   0.014 0.000 0.000 0.003 0.003 0.014 0.458 0.508 
 370 R _   0.025 0.000 0.000 0.004 0.004 0.019 0.446 0.501 
 371 P _   0.042 0.000 0.001 0.004 0.007 0.027 0.432 0.486 
 372 F _   0.067 0.001 0.001 0.005 0.012 0.036 0.417 0.461 
 373 S _   0.100 0.002 0.001 0.006 0.020 0.046 0.400 0.426 
 374 Q X   0.135 0.003 0.002 0.007 0.031 0.055 0.384 0.382 
 375 C X   0.171 0.007 0.002 0.009 0.044 0.063 0.369 0.336 
 376 L X   0.201 0.012 0.002 0.012 0.054 0.068 0.357 0.294 
 377 S X   0.224 0.019 0.003 0.015 0.062 0.070 0.347 0.261 
 378 T X   0.238 0.025 0.003 0.019 0.066 0.069 0.341 0.240 
 379 I X   0.245 0.030 0.003 0.023 0.066 0.065 0.337 0.231 
 380 I X   0.244 0.034 0.003 0.026 0.063 0.061 0.335 0.235 
 381 S X   0.235 0.035 0.003 0.028 0.058 0.056 0.335 0.252 
 382 P X   0.217 0.033 0.003 0.027 0.051 0.049 0.336 0.283 
 383 L X   0.192 0.029 0.003 0.025 0.041 0.042 0.339 0.329 
 384 F _   0.160 0.023 0.002 0.020 0.030 0.035 0.342 0.388 
 385 A _   0.124 0.015 0.002 0.014 0.020 0.028 0.346 0.451 
 386 E _   0.090 0.008 0.001 0.009 0.012 0.021 0.350 0.509 
 387 L _   0.061 0.004 0.001 0.006 0.007 0.016 0.352 0.554 
 388 K _   0.039 0.002 0.000 0.004 0.004 0.012 0.353 0.586 
 389 E _   0.025 0.001 0.000 0.003 0.002 0.009 0.353 0.606 
 390 K _   0.016 0.001 0.000 0.002 0.002 0.008 0.353 0.618 
 391 S _   0.011 0.000 0.000 0.002 0.002 0.007 0.352 0.625 
 392 Q _   0.009 0.001 0.000 0.003 0.002 0.007 0.351 0.628 
 393 A _   0.008 0.001 0.000 0.004 0.002 0.007 0.349 0.630 
 394 C _   0.007 0.002 0.000 0.005 0.002 0.008 0.347 0.629 
 395 G _   0.007 0.003 0.000 0.006 0.003 0.009 0.344 0.628 
 396 G _   0.008 0.004 0.000 0.007 0.004 0.010 0.341 0.625 
 397 N _   0.008 0.006 0.001 0.009 0.004 0.012 0.338 0.622 
 398 L _   0.009 0.008 0.001 0.010 0.005 0.014 0.335 0.618 
 399 G _   0.010 0.011 0.001 0.011 0.006 0.016 0.332 0.614 
 400 S _   0.012 0.013 0.001 0.012 0.007 0.018 0.329 0.609 
 401 I _   0.014 0.016 0.001 0.014 0.008 0.020 0.326 0.602 
 402 E _   0.015 0.019 0.001 0.015 0.010 0.022 0.324 0.594 
 403 E _   0.017 0.022 0.001 0.017 0.012 0.024 0.322 0.585 
 404 L _   0.019 0.025 0.001 0.020 0.013 0.026 0.321 0.575 
 405 R _   0.020 0.028 0.001 0.023 0.015 0.027 0.320 0.565 
 406 G _   0.021 0.030 0.001 0.026 0.016 0.028 0.320 0.558 
 407 A _   0.021 0.032 0.001 0.028 0.016 0.027 0.321 0.554 
 408 I _   0.021 0.032 0.001 0.028 0.015 0.027 0.322 0.553 
 409 Y _   0.020 0.031 0.001 0.027 0.014 0.026 0.324 0.557 
 410 L _   0.020 0.028 0.001 0.024 0.013 0.024 0.327 0.563 
 411 A _   0.019 0.024 0.001 0.019 0.010 0.022 0.331 0.573 
 412 E _   0.018 0.019 0.001 0.014 0.008 0.021 0.334 0.585 
 413 E _   0.017 0.015 0.001 0.010 0.006 0.020 0.338 0.594 
 414 A _   0.017 0.011 0.001 0.006 0.005 0.019 0.341 0.601 
 415 C _   0.018 0.009 0.000 0.004 0.004 0.019 0.343 0.602 
 416 P _   0.020 0.008 0.000 0.003 0.004 0.020 0.345 0.599 
 417 G _   0.023 0.009 0.000 0.003 0.005 0.023 0.347 0.589 
 418 I _   0.028 0.012 0.001 0.005 0.008 0.027 0.348 0.571 
 419 S _   0.034 0.020 0.001 0.007 0.012 0.032 0.350 0.543 
 420 D _   0.040 0.038 0.001 0.013 0.018 0.037 0.351 0.502 
 421 T _   0.043 0.067 0.002 0.020 0.024 0.041 0.353 0.450 
 422 M _   0.044 0.102 0.002 0.028 0.029 0.043 0.356 0.396 
 423 V X   0.043 0.131 0.002 0.036 0.031 0.043 0.360 0.354 
 424 A X   0.041 0.152 0.002 0.041 0.031 0.042 0.366 0.326 
 425 Q X   0.038 0.164 0.002 0.044 0.029 0.040 0.373 0.311 
 426 L X   0.035 0.169 0.002 0.044 0.027 0.037 0.382 0.304 
 427 V X   0.031 0.171 0.002 0.043 0.024 0.034 0.392 0.303 
 428 Q X   0.027 0.168 0.001 0.039 0.021 0.031 0.404 0.307 
 429 R X   0.024 0.162 0.001 0.036 0.018 0.028 0.418 0.313 
 430 L X   0.021 0.154 0.001 0.032 0.015 0.025 0.433 0.319 
 431 Q X   0.018 0.144 0.001 0.030 0.013 0.023 0.449 0.323 
 432 R X   0.016 0.132 0.001 0.027 0.011 0.020 0.467 0.326 
 433 Y X   0.013 0.121 0.001 0.025 0.009 0.017 0.486 0.329 
 434 S X   0.011 0.108 0.001 0.023 0.007 0.015 0.504 0.331 
 435 L X   0.009 0.096 0.001 0.021 0.006 0.012 0.522 0.334 
 436 S X   0.007 0.083 0.001 0.018 0.005 0.010 0.539 0.338 
 437 G X   0.005 0.070 0.001 0.015 0.004 0.008 0.555 0.342 
 438 G X   0.003 0.055 0.000 0.012 0.003 0.005 0.572 0.349 
 439 G X   0.002 0.040 0.000 0.008 0.002 0.003 0.587 0.358 
 440 T X   0.001 0.026 0.000 0.005 0.000 0.001 0.599 0.369 
 441 S X   0.000 0.017 0.000 0.002 0.000 0.000 0.602 0.378 
 442 S X   0.000 0.014 0.000 0.003 0.000 0.000 0.601 0.382 
 443 H X   0.002 0.013 0.001 0.009 0.003 0.002 0.590 0.379 
