#TopoPred_TM8: 8-state transmembrane topology prediction results by no_profile mode 
#probabilities are in the order of H E C I L F X _, the 8 transmembrane topology types used in PDBTM 
   1 M _   0.024 0.002 0.003 0.064 0.013 0.014 0.372 0.508 
   2 A _   0.007 0.000 0.000 0.031 0.002 0.006 0.379 0.574 
   3 T _   0.002 0.000 0.000 0.012 0.001 0.003 0.375 0.608 
   4 G _   0.004 0.000 0.000 0.006 0.001 0.003 0.364 0.623 
   5 G _   0.014 0.000 0.000 0.005 0.002 0.005 0.344 0.631 
   6 R _   0.048 0.000 0.001 0.004 0.004 0.009 0.312 0.624 
   7 R _   0.117 0.000 0.001 0.003 0.006 0.012 0.270 0.591 
   8 G _   0.227 0.000 0.001 0.003 0.008 0.015 0.216 0.530 
   9 A _   0.363 0.000 0.001 0.002 0.009 0.017 0.160 0.448 
  10 A H   0.499 0.000 0.001 0.002 0.011 0.017 0.111 0.359 
  11 A H   0.624 0.000 0.001 0.001 0.013 0.016 0.071 0.273 
  12 A H   0.728 0.000 0.001 0.001 0.014 0.015 0.044 0.196 
  13 P H   0.810 0.000 0.001 0.001 0.015 0.012 0.027 0.134 
  14 L H   0.866 0.000 0.001 0.001 0.014 0.010 0.017 0.090 
  15 L H   0.901 0.000 0.001 0.000 0.014 0.009 0.012 0.063 
  16 V H   0.921 0.000 0.001 0.000 0.014 0.007 0.009 0.048 
  17 A H   0.930 0.000 0.001 0.000 0.014 0.006 0.007 0.042 
  18 V H   0.931 0.000 0.001 0.000 0.014 0.006 0.006 0.043 
  19 A H   0.924 0.000 0.001 0.000 0.014 0.005 0.005 0.050 
  20 A H   0.908 0.000 0.001 0.000 0.014 0.005 0.005 0.065 
  21 L H   0.881 0.000 0.001 0.001 0.014 0.006 0.005 0.092 
  22 L H   0.835 0.000 0.001 0.001 0.014 0.006 0.006 0.137 
  23 L H   0.768 0.000 0.001 0.001 0.014 0.007 0.007 0.202 
  24 G H   0.679 0.000 0.001 0.001 0.012 0.008 0.008 0.290 
  25 A H   0.575 0.000 0.001 0.001 0.010 0.008 0.011 0.393 
  26 A _   0.465 0.000 0.001 0.001 0.009 0.009 0.014 0.502 
  27 G _   0.361 0.000 0.001 0.002 0.007 0.009 0.017 0.604 
  28 H _   0.270 0.000 0.001 0.002 0.006 0.009 0.020 0.692 
  29 L _   0.199 0.000 0.001 0.002 0.005 0.009 0.023 0.760 
  30 Y _   0.143 0.000 0.001 0.003 0.005 0.010 0.026 0.813 
  31 P _   0.103 0.000 0.001 0.004 0.004 0.010 0.028 0.850 
  32 G _   0.074 0.000 0.001 0.005 0.004 0.010 0.030 0.876 
  33 E _   0.053 0.001 0.001 0.006 0.004 0.010 0.032 0.894 
  34 V _   0.038 0.001 0.001 0.007 0.004 0.010 0.034 0.905 
  35 C _   0.028 0.001 0.001 0.008 0.004 0.010 0.035 0.913 
  36 P _   0.021 0.001 0.001 0.009 0.004 0.010 0.036 0.919 
  37 G _   0.016 0.002 0.000 0.009 0.004 0.009 0.037 0.922 
  38 M _   0.013 0.002 0.000 0.009 0.004 0.009 0.038 0.925 
  39 D _   0.010 0.002 0.000 0.009 0.003 0.009 0.038 0.928 
  40 I _   0.009 0.002 0.000 0.008 0.003 0.008 0.039 0.930 
  41 R _   0.008 0.002 0.000 0.008 0.003 0.008 0.039 0.931 
  42 N _   0.007 0.002 0.000 0.008 0.003 0.008 0.039 0.932 
  43 N _   0.007 0.003 0.000 0.008 0.003 0.009 0.040 0.931 
  44 L _   0.007 0.003 0.000 0.008 0.003 0.009 0.040 0.930 
  45 T _   0.007 0.003 0.000 0.008 0.003 0.010 0.040 0.928 
  46 R _   0.007 0.004 0.000 0.008 0.004 0.011 0.039 0.927 
  47 L _   0.008 0.004 0.000 0.009 0.004 0.012 0.039 0.924 
  48 H _   0.009 0.005 0.000 0.009 0.004 0.013 0.039 0.922 
  49 E _   0.010 0.005 0.000 0.008 0.004 0.015 0.039 0.918 
  50 L _   0.012 0.006 0.001 0.008 0.005 0.017 0.038 0.914 
  51 E _   0.015 0.007 0.001 0.008 0.005 0.020 0.037 0.907 
  52 N _   0.019 0.009 0.001 0.008 0.007 0.024 0.037 0.897 
  53 C _   0.026 0.011 0.001 0.008 0.008 0.028 0.036 0.881 
  54 S _   0.034 0.016 0.001 0.009 0.012 0.034 0.035 0.859 
  55 V _   0.044 0.024 0.001 0.012 0.017 0.041 0.034 0.828 
  56 I _   0.054 0.037 0.002 0.016 0.023 0.047 0.033 0.788 
  57 E _   0.064 0.056 0.002 0.022 0.031 0.053 0.032 0.740 
  58 G _   0.072 0.080 0.002 0.030 0.037 0.057 0.030 0.692 
  59 H _   0.078 0.103 0.002 0.038 0.042 0.058 0.030 0.648 
  60 L _   0.080 0.122 0.002 0.047 0.044 0.057 0.029 0.618 
  61 Q _   0.079 0.134 0.002 0.054 0.043 0.055 0.029 0.603 
  62 I _   0.076 0.140 0.002 0.058 0.041 0.051 0.030 0.602 
  63 L _   0.071 0.140 0.002 0.059 0.036 0.046 0.030 0.616 
  64 L _   0.063 0.133 0.002 0.055 0.030 0.041 0.031 0.644 
  65 M _   0.054 0.120 0.002 0.047 0.024 0.034 0.033 0.686 
  66 F _   0.046 0.098 0.002 0.037 0.018 0.028 0.034 0.738 
  67 K _   0.038 0.069 0.001 0.026 0.012 0.022 0.036 0.795 
  68 T _   0.030 0.041 0.001 0.017 0.008 0.017 0.037 0.849 
  69 R _   0.024 0.020 0.001 0.010 0.005 0.013 0.037 0.891 
  70 P _   0.019 0.008 0.000 0.005 0.003 0.010 0.037 0.918 
  71 E _   0.016 0.003 0.000 0.003 0.002 0.008 0.037 0.931 
  72 D _   0.017 0.001 0.000 0.002 0.001 0.007 0.036 0.936 
  73 F _   0.021 0.000 0.000 0.001 0.001 0.006 0.035 0.934 
  74 R _   0.031 0.000 0.000 0.001 0.002 0.007 0.033 0.925 
  75 D _   0.051 0.000 0.000 0.002 0.002 0.009 0.031 0.905 
  76 L _   0.086 0.000 0.000 0.002 0.004 0.011 0.028 0.868 
  77 S _   0.140 0.000 0.001 0.002 0.005 0.014 0.025 0.812 
  78 F _   0.215 0.000 0.001 0.003 0.008 0.017 0.021 0.736 
  79 P _   0.305 0.000 0.001 0.003 0.011 0.020 0.017 0.644 
  80 K _   0.402 0.000 0.001 0.002 0.014 0.022 0.013 0.545 
  81 L H   0.495 0.000 0.001 0.002 0.016 0.023 0.010 0.453 
  82 I H   0.585 0.000 0.001 0.002 0.018 0.022 0.007 0.365 
  83 M H   0.659 0.000 0.001 0.001 0.020 0.021 0.005 0.292 
  84 I H   0.721 0.000 0.001 0.001 0.021 0.020 0.004 0.232 
  85 T H   0.769 0.000 0.001 0.001 0.021 0.018 0.003 0.186 
  86 D H   0.804 0.000 0.001 0.001 0.022 0.016 0.002 0.154 
  87 Y H   0.825 0.000 0.001 0.001 0.022 0.015 0.002 0.134 
  88 L H   0.835 0.000 0.001 0.001 0.023 0.014 0.002 0.125 
  89 L H   0.835 0.000 0.001 0.001 0.023 0.013 0.002 0.125 
  90 L H   0.824 0.000 0.001 0.001 0.023 0.013 0.002 0.135 
  91 F H   0.802 0.000 0.001 0.002 0.023 0.013 0.002 0.157 
  92 R H   0.763 0.000 0.002 0.002 0.023 0.013 0.003 0.195 
  93 V H   0.704 0.000 0.002 0.002 0.022 0.014 0.003 0.253 
  94 Y H   0.625 0.000 0.002 0.003 0.019 0.014 0.004 0.333 
  95 G H   0.532 0.000 0.002 0.003 0.016 0.014 0.005 0.427 
  96 L _   0.432 0.000 0.001 0.003 0.013 0.014 0.007 0.531 
  97 E _   0.334 0.000 0.001 0.003 0.009 0.013 0.008 0.632 
  98 S _   0.252 0.000 0.001 0.003 0.007 0.012 0.009 0.717 
  99 L _   0.185 0.000 0.001 0.002 0.005 0.012 0.010 0.785 
 100 K _   0.139 0.000 0.001 0.002 0.004 0.011 0.010 0.832 
 101 D _   0.109 0.000 0.000 0.002 0.004 0.011 0.011 0.863 
 102 L _   0.091 0.000 0.000 0.002 0.003 0.012 0.011 0.880 
 103 F _   0.082 0.000 0.000 0.003 0.004 0.013 0.011 0.887 
 104 P _   0.080 0.000 0.001 0.004 0.004 0.015 0.011 0.885 
 105 N _   0.084 0.000 0.001 0.005 0.006 0.017 0.011 0.877 
 106 L _   0.093 0.000 0.001 0.006 0.007 0.019 0.011 0.863 
 107 T _   0.107 0.000 0.001 0.007 0.008 0.021 0.010 0.846 
 108 V _   0.126 0.000 0.001 0.007 0.009 0.022 0.010 0.824 
 109 I _   0.150 0.000 0.001 0.006 0.010 0.023 0.009 0.799 
 110 R _   0.182 0.000 0.001 0.005 0.011 0.024 0.008 0.768 
 111 G _   0.221 0.000 0.001 0.004 0.011 0.025 0.008 0.730 
 112 S _   0.269 0.000 0.001 0.003 0.012 0.025 0.007 0.684 
 113 R _   0.325 0.000 0.001 0.002 0.012 0.025 0.006 0.628 
 114 L _   0.388 0.000 0.001 0.002 0.014 0.025 0.005 0.564 
 115 F _   0.456 0.000 0.001 0.002 0.016 0.026 0.004 0.495 
 116 F H   0.522 0.000 0.001 0.002 0.019 0.026 0.004 0.426 
 117 N H   0.582 0.000 0.001 0.002 0.021 0.026 0.003 0.365 
 118 Y H   0.632 0.000 0.001 0.002 0.023 0.025 0.003 0.313 
 119 A H   0.669 0.000 0.001 0.002 0.025 0.024 0.003 0.276 
 120 L H   0.694 0.000 0.002 0.002 0.026 0.023 0.003 0.249 
 121 V H   0.710 0.000 0.002 0.002 0.027 0.022 0.003 0.234 
 122 I H   0.713 0.000 0.001 0.002 0.026 0.021 0.004 0.232 
 123 F H   0.703 0.000 0.001 0.002 0.025 0.020 0.004 0.244 
 124 E H   0.680 0.000 0.002 0.002 0.024 0.020 0.005 0.268 
 125 M H   0.644 0.000 0.001 0.002 0.022 0.020 0.006 0.305 
 126 V H   0.597 0.000 0.001 0.002 0.019 0.020 0.007 0.354 
 127 H H   0.538 0.000 0.001 0.002 0.017 0.020 0.009 0.413 
 128 L _   0.474 0.000 0.001 0.002 0.015 0.020 0.011 0.477 
 129 K _   0.412 0.000 0.001 0.002 0.013 0.020 0.013 0.538 
 130 E _   0.352 0.000 0.001 0.003 0.012 0.021 0.015 0.596 
 131 L _   0.300 0.000 0.001 0.003 0.011 0.022 0.018 0.645 
 132 G _   0.254 0.000 0.001 0.004 0.011 0.023 0.020 0.687 
 133 L _   0.213 0.001 0.001 0.005 0.011 0.024 0.022 0.723 
 134 Y _   0.180 0.001 0.001 0.007 0.012 0.024 0.025 0.750 
 135 N _   0.151 0.002 0.001 0.010 0.013 0.025 0.027 0.771 
 136 L _   0.127 0.003 0.001 0.013 0.013 0.025 0.029 0.788 
 137 M _   0.106 0.005 0.001 0.016 0.014 0.025 0.032 0.801 
 138 N _   0.087 0.006 0.001 0.019 0.014 0.025 0.034 0.814 
 139 I _   0.071 0.007 0.001 0.021 0.013 0.023 0.037 0.827 
 140 T _   0.057 0.008 0.001 0.021 0.012 0.021 0.039 0.840 
 141 R _   0.046 0.008 0.001 0.020 0.010 0.019 0.042 0.854 
 142 G _   0.036 0.007 0.001 0.018 0.008 0.017 0.045 0.869 
 143 S _   0.028 0.006 0.001 0.014 0.007 0.015 0.048 0.882 
 144 V _   0.021 0.005 0.001 0.011 0.005 0.013 0.050 0.895 
 145 R _   0.016 0.004 0.000 0.008 0.004 0.011 0.052 0.905 
 146 I _   0.013 0.003 0.000 0.005 0.003 0.010 0.053 0.913 
 147 E _   0.010 0.003 0.000 0.004 0.002 0.009 0.054 0.917 
 148 K _   0.009 0.003 0.000 0.003 0.002 0.009 0.055 0.917 
 149 N _   0.010 0.005 0.000 0.004 0.002 0.011 0.055 0.914 
 150 N _   0.011 0.008 0.000 0.005 0.003 0.013 0.056 0.905 
 151 E _   0.012 0.015 0.001 0.008 0.005 0.016 0.055 0.887 
 152 L _   0.015 0.031 0.001 0.012 0.008 0.020 0.055 0.858 
 153 C _   0.017 0.057 0.001 0.019 0.012 0.023 0.054 0.817 
 154 Y _   0.018 0.090 0.001 0.027 0.015 0.026 0.054 0.770 
 155 L _   0.018 0.121 0.002 0.035 0.017 0.027 0.053 0.726 
 156 A _   0.018 0.145 0.002 0.041 0.019 0.028 0.053 0.694 
 157 T _   0.018 0.161 0.001 0.044 0.019 0.028 0.053 0.675 
 158 I _   0.018 0.169 0.001 0.046 0.019 0.028 0.054 0.665 
 159 D _   0.018 0.173 0.001 0.045 0.019 0.027 0.055 0.662 
 160 W _   0.018 0.172 0.001 0.042 0.017 0.025 0.057 0.668 
 161 S _   0.017 0.167 0.001 0.037 0.015 0.024 0.059 0.679 
 162 R _   0.017 0.159 0.001 0.033 0.014 0.022 0.061 0.693 
 163 I _   0.016 0.148 0.001 0.028 0.012 0.020 0.064 0.710 
 164 L _   0.015 0.136 0.001 0.025 0.010 0.019 0.067 0.727 
 165 D _   0.014 0.123 0.001 0.022 0.009 0.017 0.070 0.744 
 166 S _   0.013 0.112 0.001 0.020 0.007 0.016 0.073 0.757 
 167 V _   0.013 0.102 0.001 0.019 0.007 0.015 0.077 0.768 
 168 E _   0.012 0.092 0.001 0.019 0.006 0.014 0.080 0.777 
 169 D _   0.011 0.082 0.001 0.019 0.006 0.013 0.083 0.785 
 170 N _   0.011 0.073 0.001 0.018 0.005 0.012 0.087 0.794 
 171 Y _   0.010 0.063 0.001 0.017 0.005 0.011 0.090 0.805 
 172 I _   0.009 0.053 0.001 0.015 0.004 0.009 0.093 0.816 
 173 V _   0.008 0.043 0.000 0.012 0.003 0.008 0.095 0.829 
 174 L _   0.007 0.034 0.000 0.009 0.003 0.007 0.097 0.842 
 175 N _   0.006 0.027 0.000 0.007 0.002 0.006 0.099 0.852 
 176 K _   0.005 0.023 0.000 0.005 0.002 0.005 0.100 0.860 
 177 D _   0.005 0.020 0.000 0.004 0.001 0.005 0.100 0.865 
 178 D _   0.004 0.019 0.000 0.004 0.001 0.005 0.099 0.867 
 179 N _   0.004 0.020 0.000 0.004 0.001 0.005 0.098 0.866 
 180 E _   0.004 0.023 0.000 0.006 0.002 0.006 0.097 0.862 
 181 E _   0.005 0.029 0.000 0.008 0.002 0.007 0.095 0.854 
 182 C _   0.005 0.038 0.000 0.012 0.003 0.009 0.092 0.841 
 183 G _   0.006 0.052 0.001 0.016 0.004 0.010 0.088 0.824 
 184 D _   0.006 0.067 0.001 0.020 0.005 0.011 0.085 0.806 
 185 I _   0.006 0.081 0.001 0.023 0.005 0.011 0.081 0.792 
 186 C _   0.005 0.092 0.001 0.024 0.005 0.011 0.078 0.783 
 187 P _   0.005 0.100 0.001 0.023 0.005 0.011 0.075 0.780 
 188 G _   0.005 0.105 0.001 0.021 0.005 0.011 0.073 0.780 
 189 T _   0.005 0.109 0.001 0.018 0.004 0.011 0.071 0.782 
 190 A _   0.005 0.112 0.000 0.015 0.004 0.011 0.069 0.785 
 191 K _   0.005 0.116 0.000 0.012 0.003 0.011 0.066 0.786 
 192 G _   0.005 0.122 0.000 0.011 0.003 0.012 0.064 0.782 
 193 K _   0.006 0.131 0.000 0.011 0.004 0.013 0.061 0.773 
 194 T _   0.007 0.146 0.001 0.013 0.005 0.015 0.058 0.755 
 195 N _   0.009 0.173 0.001 0.016 0.008 0.018 0.053 0.722 
 196 C _   0.010 0.218 0.001 0.020 0.011 0.021 0.048 0.671 
 197 P _   0.012 0.283 0.002 0.026 0.014 0.023 0.042 0.598 
 198 A _   0.012 0.365 0.002 0.031 0.017 0.024 0.036 0.513 
 199 T E   0.011 0.446 0.002 0.035 0.019 0.024 0.030 0.433 
 200 V E   0.010 0.517 0.002 0.037 0.019 0.023 0.026 0.367 
 201 I E   0.009 0.570 0.002 0.038 0.018 0.021 0.023 0.319 
 202 N E   0.009 0.605 0.001 0.038 0.016 0.020 0.020 0.291 
 203 G E   0.009 0.624 0.001 0.037 0.015 0.019 0.019 0.276 
 204 Q E   0.008 0.634 0.001 0.036 0.014 0.018 0.018 0.271 
 205 F E   0.008 0.635 0.001 0.033 0.013 0.016 0.018 0.275 
 206 V E   0.008 0.630 0.001 0.030 0.011 0.015 0.018 0.286 
 207 E E   0.008 0.618 0.001 0.026 0.010 0.014 0.018 0.305 
 208 R E   0.008 0.598 0.001 0.021 0.009 0.014 0.018 0.331 
 209 C E   0.008 0.575 0.001 0.017 0.007 0.013 0.018 0.361 
 210 W E   0.008 0.552 0.001 0.013 0.006 0.012 0.018 0.389 
 211 T E   0.007 0.533 0.001 0.010 0.005 0.012 0.018 0.413 
 212 H E   0.007 0.522 0.000 0.008 0.004 0.012 0.019 0.428 
 213 S E   0.007 0.516 0.000 0.008 0.004 0.012 0.018 0.435 
 214 H E   0.007 0.515 0.000 0.008 0.004 0.012 0.018 0.436 
 215 C E   0.007 0.519 0.000 0.009 0.005 0.012 0.018 0.431 
 216 Q E   0.007 0.527 0.001 0.010 0.005 0.012 0.017 0.421 
 217 K E   0.007 0.538 0.001 0.012 0.006 0.012 0.017 0.409 
 218 V E   0.006 0.550 0.001 0.013 0.006 0.011 0.016 0.397 
 219 C E   0.006 0.560 0.001 0.014 0.006 0.011 0.016 0.386 
 220 P E   0.006 0.568 0.001 0.014 0.006 0.011 0.015 0.379 
 221 T E   0.006 0.574 0.001 0.013 0.005 0.011 0.015 0.375 
 222 I E   0.006 0.578 0.001 0.012 0.005 0.011 0.015 0.372 
 223 C E   0.006 0.581 0.001 0.011 0.005 0.011 0.014 0.371 
 224 K E   0.006 0.585 0.001 0.011 0.005 0.011 0.014 0.369 
 225 S E   0.006 0.589 0.001 0.010 0.005 0.011 0.014 0.365 
 226 H E   0.006 0.595 0.001 0.010 0.005 0.012 0.014 0.357 
 227 G E   0.007 0.605 0.001 0.011 0.006 0.012 0.013 0.345 
 228 C E   0.007 0.619 0.001 0.013 0.007 0.013 0.013 0.328 
 229 T E   0.007 0.638 0.001 0.015 0.008 0.013 0.012 0.307 
 230 A E   0.007 0.658 0.001 0.017 0.008 0.013 0.012 0.285 
 231 E E   0.007 0.676 0.001 0.019 0.008 0.012 0.011 0.266 
 232 G E   0.006 0.690 0.001 0.021 0.008 0.011 0.011 0.251 
 233 L E   0.006 0.699 0.001 0.024 0.008 0.011 0.011 0.241 
 234 C E   0.006 0.702 0.001 0.026 0.008 0.010 0.011 0.236 
 235 C E   0.006 0.700 0.001 0.027 0.008 0.010 0.011 0.237 
 236 H E   0.006 0.691 0.001 0.029 0.008 0.010 0.012 0.244 
 237 S E   0.006 0.674 0.001 0.030 0.009 0.010 0.012 0.259 
 238 E E   0.007 0.644 0.001 0.030 0.009 0.010 0.014 0.285 
 239 C E   0.007 0.595 0.001 0.031 0.009 0.010 0.016 0.330 
 240 L E   0.009 0.524 0.001 0.030 0.009 0.011 0.019 0.397 
 241 G _   0.010 0.435 0.002 0.027 0.009 0.011 0.023 0.484 
 242 N _   0.010 0.340 0.001 0.022 0.008 0.011 0.027 0.579 
 243 C _   0.010 0.257 0.001 0.016 0.006 0.011 0.031 0.668 
 244 S _   0.009 0.199 0.001 0.011 0.004 0.010 0.034 0.733 
 245 Q _   0.007 0.167 0.000 0.007 0.003 0.009 0.036 0.771 
 246 P _   0.006 0.152 0.000 0.005 0.002 0.008 0.037 0.790 
 247 D _   0.005 0.147 0.000 0.005 0.002 0.009 0.037 0.796 
 248 D _   0.005 0.148 0.000 0.005 0.002 0.010 0.037 0.792 
 249 P _   0.006 0.157 0.000 0.008 0.003 0.012 0.036 0.776 
 250 T _   0.008 0.180 0.001 0.014 0.006 0.015 0.035 0.742 
 251 K _   0.009 0.223 0.001 0.023 0.009 0.018 0.032 0.686 
 252 C _   0.009 0.281 0.001 0.033 0.011 0.019 0.030 0.616 
 253 V _   0.008 0.339 0.001 0.042 0.013 0.019 0.028 0.550 
 254 A _   0.007 0.380 0.001 0.048 0.013 0.019 0.026 0.506 
 255 C _   0.007 0.404 0.001 0.050 0.013 0.018 0.025 0.482 
 256 R _   0.007 0.416 0.001 0.050 0.012 0.017 0.024 0.471 
 257 N _   0.007 0.421 0.001 0.048 0.012 0.017 0.024 0.471 
 258 F _   0.007 0.418 0.001 0.044 0.011 0.016 0.025 0.479 
 259 Y _   0.007 0.408 0.001 0.039 0.011 0.015 0.025 0.494 
 260 L _   0.007 0.393 0.001 0.033 0.010 0.014 0.026 0.516 
 261 D _   0.008 0.372 0.001 0.028 0.009 0.014 0.027 0.542 
 262 G _   0.008 0.349 0.001 0.023 0.008 0.013 0.029 0.570 
 263 R _   0.008 0.325 0.001 0.019 0.007 0.013 0.030 0.597 
 264 C _   0.008 0.304 0.001 0.016 0.006 0.012 0.032 0.622 
 265 V _   0.008 0.286 0.001 0.014 0.005 0.012 0.033 0.642 
 266 E _   0.008 0.272 0.001 0.012 0.005 0.012 0.034 0.657 
 267 T _   0.007 0.261 0.001 0.011 0.004 0.011 0.035 0.669 
 268 C _   0.007 0.254 0.000 0.010 0.004 0.011 0.036 0.678 
 269 P _   0.007 0.249 0.000 0.009 0.004 0.011 0.037 0.683 
 270 P _   0.007 0.247 0.000 0.009 0.004 0.012 0.037 0.684 
 271 P _   0.007 0.247 0.000 0.009 0.004 0.012 0.037 0.683 
 272 Y _   0.007 0.250 0.000 0.009 0.004 0.013 0.037 0.679 
 273 Y _   0.008 0.256 0.001 0.010 0.005 0.015 0.037 0.670 
 274 H _   0.008 0.266 0.001 0.012 0.006 0.016 0.036 0.655 
 275 F _   0.009 0.281 0.001 0.014 0.007 0.018 0.035 0.635 
 276 Q _   0.010 0.302 0.001 0.017 0.009 0.019 0.035 0.607 
 277 D _   0.010 0.327 0.001 0.021 0.011 0.021 0.034 0.574 
 278 W _   0.011 0.356 0.001 0.026 0.013 0.021 0.033 0.539 
 279 R _   0.011 0.384 0.001 0.031 0.014 0.021 0.032 0.505 
 280 C _   0.011 0.406 0.001 0.036 0.015 0.021 0.032 0.478 
 281 V _   0.011 0.421 0.001 0.040 0.015 0.021 0.031 0.459 
 282 N _   0.011 0.430 0.001 0.044 0.015 0.020 0.032 0.447 
 283 F _   0.011 0.431 0.001 0.046 0.015 0.019 0.032 0.445 
 284 S _   0.011 0.425 0.001 0.046 0.014 0.018 0.033 0.451 
 285 F _   0.011 0.411 0.001 0.044 0.013 0.017 0.035 0.468 
 286 C _   0.011 0.383 0.001 0.041 0.012 0.016 0.037 0.497 
 287 Q _   0.012 0.340 0.001 0.037 0.012 0.015 0.041 0.543 
 288 D _   0.012 0.280 0.001 0.032 0.010 0.014 0.045 0.606 
 289 L _   0.012 0.211 0.001 0.025 0.009 0.013 0.049 0.679 
 290 H _   0.011 0.148 0.001 0.019 0.007 0.012 0.054 0.749 
 291 H _   0.010 0.099 0.001 0.013 0.005 0.011 0.057 0.804 
 292 K _   0.009 0.069 0.000 0.009 0.003 0.009 0.059 0.842 
 293 C _   0.007 0.052 0.000 0.006 0.002 0.008 0.061 0.863 
 294 K _   0.006 0.044 0.000 0.005 0.002 0.008 0.061 0.874 
 295 N _   0.006 0.041 0.000 0.005 0.002 0.008 0.061 0.877 
 296 S _   0.006 0.041 0.000 0.006 0.002 0.009 0.061 0.875 
 297 R _   0.007 0.043 0.000 0.008 0.003 0.010 0.060 0.868 
 298 R _   0.007 0.048 0.000 0.013 0.004 0.012 0.059 0.856 
 299 Q _   0.008 0.056 0.001 0.019 0.006 0.014 0.058 0.839 
 300 G _   0.008 0.064 0.001 0.027 0.008 0.015 0.057 0.821 
 301 C _   0.009 0.072 0.001 0.033 0.009 0.016 0.055 0.806 
 302 H _   0.009 0.076 0.001 0.037 0.010 0.016 0.055 0.797 
 303 Q _   0.009 0.077 0.001 0.039 0.010 0.015 0.054 0.795 
 304 Y _   0.009 0.076 0.001 0.036 0.009 0.015 0.054 0.800 
 305 V _   0.008 0.072 0.001 0.032 0.008 0.013 0.055 0.811 
 306 I _   0.008 0.065 0.001 0.026 0.007 0.012 0.055 0.826 
 307 H _   0.007 0.057 0.001 0.020 0.006 0.011 0.056 0.843 
 308 N _   0.007 0.048 0.001 0.015 0.004 0.010 0.057 0.859 
 309 N _   0.007 0.041 0.000 0.011 0.004 0.009 0.057 0.871 
 310 K _   0.006 0.036 0.000 0.009 0.003 0.008 0.058 0.880 
 311 C _   0.006 0.033 0.000 0.008 0.003 0.008 0.058 0.884 
 312 I _   0.006 0.031 0.000 0.008 0.003 0.008 0.058 0.886 
 313 P _   0.006 0.031 0.000 0.009 0.003 0.008 0.057 0.885 
 314 E _   0.006 0.031 0.000 0.010 0.003 0.008 0.057 0.883 
 315 C _   0.006 0.032 0.000 0.011 0.004 0.009 0.056 0.881 
 316 P _   0.006 0.033 0.000 0.012 0.004 0.009 0.055 0.880 
 317 S _   0.006 0.034 0.000 0.013 0.004 0.009 0.055 0.879 
 318 G _   0.006 0.035 0.001 0.013 0.004 0.009 0.054 0.879 
 319 Y _   0.005 0.036 0.000 0.012 0.004 0.009 0.053 0.880 
 320 T _   0.005 0.037 0.000 0.011 0.004 0.010 0.052 0.880 
 321 M _   0.006 0.038 0.000 0.011 0.004 0.010 0.051 0.880 
 322 N _   0.006 0.040 0.000 0.011 0.004 0.011 0.050 0.877 
 323 S _   0.006 0.043 0.001 0.012 0.005 0.012 0.049 0.872 
 324 S _   0.007 0.047 0.001 0.014 0.006 0.014 0.048 0.864 
 325 N _   0.008 0.052 0.001 0.018 0.007 0.015 0.046 0.852 
 326 L _   0.009 0.058 0.001 0.021 0.008 0.017 0.045 0.840 
 327 L _   0.010 0.063 0.001 0.025 0.010 0.018 0.044 0.829 
 328 C _   0.011 0.066 0.001 0.027 0.010 0.019 0.043 0.822 
 329 T _   0.012 0.068 0.001 0.028 0.011 0.020 0.043 0.819 
 330 P _   0.012 0.068 0.001 0.026 0.010 0.020 0.042 0.820 
 331 C _   0.012 0.066 0.001 0.024 0.010 0.020 0.042 0.825 
 332 L _   0.013 0.063 0.001 0.020 0.009 0.020 0.042 0.832 
 333 G _   0.013 0.059 0.001 0.017 0.008 0.020 0.042 0.839 
 334 P _   0.013 0.056 0.001 0.015 0.008 0.020 0.042 0.845 
 335 C _   0.014 0.054 0.001 0.013 0.008 0.020 0.042 0.848 
 336 P _   0.015 0.053 0.001 0.014 0.008 0.021 0.042 0.847 
 337 K _   0.016 0.053 0.001 0.016 0.009 0.021 0.043 0.842 
 338 V _   0.017 0.053 0.001 0.019 0.010 0.022 0.043 0.836 
 339 C _   0.017 0.054 0.001 0.022 0.011 0.022 0.043 0.830 
 340 H _   0.017 0.055 0.001 0.025 0.011 0.021 0.043 0.826 
 341 L _   0.017 0.054 0.001 0.027 0.011 0.021 0.043 0.826 
 342 L _   0.016 0.051 0.001 0.027 0.011 0.019 0.044 0.831 
 343 E _   0.015 0.046 0.001 0.025 0.010 0.018 0.045 0.841 
 344 G _   0.013 0.038 0.001 0.021 0.008 0.016 0.046 0.856 
 345 E _   0.012 0.029 0.001 0.017 0.007 0.014 0.046 0.874 
 346 K _   0.011 0.020 0.001 0.012 0.005 0.013 0.047 0.892 
 347 T _   0.010 0.012 0.001 0.008 0.004 0.012 0.048 0.906 
 348 I _   0.010 0.007 0.000 0.006 0.003 0.011 0.048 0.915 
 349 D _   0.010 0.004 0.000 0.004 0.003 0.012 0.048 0.919 
 350 S _   0.011 0.002 0.000 0.004 0.003 0.012 0.048 0.920 
 351 V _   0.012 0.002 0.000 0.004 0.003 0.014 0.048 0.916 
 352 T _   0.016 0.001 0.000 0.004 0.004 0.017 0.047 0.910 
 353 S _   0.020 0.002 0.001 0.006 0.005 0.021 0.047 0.899 
 354 A _   0.026 0.002 0.001 0.007 0.008 0.026 0.046 0.885 
 355 Q _   0.034 0.003 0.001 0.009 0.010 0.031 0.045 0.868 
 356 E _   0.042 0.004 0.001 0.011 0.014 0.036 0.044 0.849 
 357 L _   0.051 0.005 0.001 0.013 0.018 0.041 0.043 0.829 
 358 R _   0.061 0.006 0.001 0.014 0.022 0.045 0.042 0.808 
 359 G _   0.070 0.008 0.002 0.015 0.027 0.049 0.041 0.789 
 360 C _   0.080 0.009 0.002 0.016 0.030 0.051 0.040 0.772 
 361 T _   0.087 0.010 0.002 0.017 0.033 0.052 0.040 0.758 
 362 V _   0.093 0.012 0.002 0.019 0.034 0.053 0.040 0.748 
 363 I _   0.096 0.013 0.002 0.020 0.035 0.052 0.040 0.742 
 364 N _   0.097 0.014 0.002 0.022 0.034 0.050 0.041 0.741 
 365 G _   0.094 0.014 0.002 0.023 0.032 0.047 0.042 0.746 
 366 S _   0.089 0.014 0.002 0.024 0.028 0.043 0.043 0.758 
 367 L _   0.081 0.012 0.002 0.022 0.024 0.038 0.044 0.777 
 368 I _   0.071 0.010 0.001 0.019 0.019 0.033 0.046 0.801 
 369 I _   0.059 0.008 0.001 0.016 0.014 0.028 0.047 0.827 
 370 N _   0.048 0.005 0.001 0.012 0.010 0.023 0.048 0.853 
 371 I _   0.037 0.003 0.001 0.008 0.007 0.019 0.049 0.876 
 372 R _   0.028 0.002 0.001 0.006 0.005 0.016 0.050 0.893 
 373 G _   0.022 0.001 0.000 0.004 0.003 0.013 0.050 0.905 
 374 G _   0.018 0.001 0.000 0.003 0.003 0.012 0.050 0.912 
 375 N _   0.015 0.000 0.000 0.003 0.003 0.012 0.050 0.916 
 376 N _   0.014 0.001 0.000 0.003 0.003 0.012 0.050 0.916 
 377 L _   0.014 0.001 0.000 0.004 0.003 0.013 0.049 0.914 
 378 A _   0.015 0.001 0.000 0.005 0.004 0.015 0.049 0.910 
 379 A _   0.017 0.002 0.001 0.007 0.005 0.017 0.048 0.903 
 380 E _   0.019 0.004 0.001 0.009 0.006 0.020 0.047 0.895 
 381 L _   0.021 0.006 0.001 0.011 0.008 0.022 0.046 0.885 
 382 E _   0.023 0.008 0.001 0.013 0.010 0.025 0.044 0.875 
 383 A _   0.027 0.010 0.001 0.016 0.012 0.028 0.043 0.862 
 384 N _   0.030 0.013 0.001 0.019 0.015 0.030 0.042 0.850 
 385 L _   0.033 0.015 0.001 0.021 0.017 0.032 0.041 0.839 
 386 G _   0.036 0.016 0.001 0.024 0.018 0.033 0.041 0.830 
 387 L _   0.039 0.017 0.001 0.025 0.019 0.034 0.040 0.825 
 388 I _   0.042 0.017 0.001 0.025 0.018 0.034 0.040 0.824 
 389 E _   0.043 0.015 0.001 0.023 0.017 0.033 0.040 0.826 
 390 E _   0.044 0.013 0.001 0.021 0.015 0.032 0.040 0.833 
 391 I _   0.044 0.011 0.001 0.017 0.013 0.031 0.041 0.843 
 392 S _   0.045 0.007 0.001 0.013 0.011 0.029 0.041 0.853 
 393 G _   0.046 0.005 0.001 0.009 0.009 0.028 0.041 0.861 
 394 Y _   0.049 0.003 0.001 0.007 0.007 0.027 0.041 0.866 
 395 L _   0.053 0.001 0.001 0.005 0.007 0.027 0.041 0.866 
 396 K _   0.058 0.001 0.001 0.004 0.006 0.028 0.041 0.862 
 397 I _   0.065 0.000 0.001 0.003 0.007 0.030 0.041 0.853 
 398 R _   0.075 0.000 0.001 0.003 0.008 0.033 0.041 0.839 
 399 R _   0.087 0.000 0.001 0.004 0.011 0.036 0.040 0.821 
 400 S _   0.100 0.001 0.001 0.005 0.014 0.040 0.040 0.799 
 401 Y _   0.114 0.001 0.001 0.007 0.019 0.044 0.040 0.774 
 402 A _   0.127 0.002 0.001 0.009 0.023 0.047 0.041 0.749 
 403 L _   0.136 0.004 0.002 0.012 0.027 0.050 0.041 0.729 
 404 V _   0.144 0.005 0.002 0.015 0.030 0.051 0.041 0.713 
 405 S _   0.147 0.006 0.002 0.016 0.031 0.051 0.042 0.705 
 406 L _   0.146 0.006 0.002 0.017 0.030 0.049 0.043 0.705 
 407 S _   0.141 0.006 0.002 0.016 0.028 0.047 0.045 0.714 
 408 F _   0.133 0.006 0.002 0.014 0.025 0.044 0.046 0.730 
 409 F _   0.122 0.005 0.001 0.012 0.021 0.041 0.048 0.750 
 410 R _   0.110 0.004 0.001 0.010 0.017 0.038 0.049 0.771 
 411 K _   0.097 0.003 0.001 0.008 0.014 0.035 0.051 0.790 
 412 L _   0.086 0.003 0.001 0.007 0.012 0.033 0.053 0.806 
 413 R _   0.075 0.003 0.001 0.006 0.010 0.031 0.054 0.818 
 414 L _   0.067 0.004 0.001 0.007 0.010 0.030 0.056 0.825 
 415 I _   0.060 0.006 0.001 0.009 0.010 0.029 0.057 0.828 
 416 R _   0.053 0.009 0.001 0.011 0.011 0.029 0.058 0.828 
 417 G _   0.048 0.013 0.001 0.015 0.012 0.028 0.059 0.824 
 418 E _   0.042 0.017 0.001 0.019 0.013 0.028 0.061 0.819 
 419 T _   0.037 0.022 0.001 0.023 0.013 0.026 0.062 0.814 
 420 L _   0.033 0.025 0.001 0.027 0.013 0.025 0.064 0.812 
 421 E _   0.028 0.027 0.001 0.029 0.013 0.023 0.066 0.813 
 422 I _   0.024 0.027 0.001 0.028 0.012 0.021 0.068 0.818 
 423 G _   0.021 0.027 0.001 0.027 0.010 0.019 0.071 0.825 
 424 N _   0.018 0.025 0.001 0.024 0.008 0.016 0.074 0.834 
 425 Y _   0.015 0.022 0.001 0.020 0.007 0.014 0.077 0.845 
 426 S _   0.013 0.018 0.001 0.015 0.005 0.012 0.080 0.856 
 427 F _   0.011 0.014 0.000 0.011 0.004 0.010 0.083 0.867 
 428 Y _   0.009 0.011 0.000 0.008 0.003 0.008 0.085 0.875 
 429 A _   0.008 0.008 0.000 0.006 0.002 0.007 0.087 0.881 
 430 L _   0.007 0.007 0.000 0.005 0.002 0.006 0.089 0.884 
 431 D _   0.006 0.006 0.000 0.005 0.002 0.006 0.090 0.885 
 432 N _   0.006 0.006 0.000 0.005 0.002 0.006 0.091 0.884 
 433 Q _   0.006 0.007 0.000 0.006 0.002 0.007 0.091 0.881 
 434 N _   0.006 0.008 0.000 0.007 0.002 0.007 0.092 0.877 
 435 L _   0.006 0.010 0.000 0.009 0.003 0.008 0.092 0.872 
 436 R _   0.006 0.012 0.000 0.011 0.003 0.009 0.092 0.867 
 437 Q _   0.007 0.014 0.000 0.012 0.004 0.009 0.092 0.863 
 438 L _   0.007 0.015 0.000 0.013 0.004 0.009 0.091 0.860 
 439 W _   0.006 0.017 0.000 0.012 0.004 0.009 0.091 0.860 
 440 D _   0.006 0.018 0.000 0.011 0.004 0.010 0.091 0.860 
 441 W _   0.006 0.019 0.000 0.010 0.003 0.010 0.091 0.861 
 442 S _   0.007 0.020 0.000 0.008 0.003 0.010 0.091 0.860 
 443 K _   0.007 0.022 0.000 0.008 0.004 0.011 0.091 0.857 
 444 H _   0.008 0.025 0.000 0.009 0.004 0.013 0.090 0.851 
 445 N _   0.009 0.031 0.001 0.011 0.005 0.015 0.089 0.840 
 446 L _   0.011 0.039 0.001 0.014 0.007 0.017 0.089 0.823 
 447 T _   0.012 0.050 0.001 0.019 0.009 0.019 0.088 0.802 
 448 I _   0.014 0.064 0.001 0.025 0.011 0.021 0.087 0.778 
 449 T _   0.015 0.075 0.001 0.031 0.013 0.022 0.087 0.757 
 450 Q _   0.015 0.084 0.001 0.035 0.013 0.022 0.086 0.742 
 451 G _   0.015 0.089 0.001 0.037 0.014 0.022 0.087 0.736 
 452 K _   0.015 0.091 0.001 0.036 0.013 0.021 0.087 0.737 
 453 L _   0.014 0.089 0.001 0.032 0.012 0.019 0.089 0.744 
 454 F _   0.013 0.085 0.001 0.027 0.010 0.018 0.090 0.757 
 455 F _   0.012 0.078 0.001 0.021 0.008 0.016 0.092 0.773 
 456 H _   0.011 0.071 0.001 0.016 0.006 0.014 0.094 0.788 
 457 Y _   0.010 0.064 0.001 0.012 0.005 0.013 0.095 0.800 
 458 N _   0.009 0.060 0.000 0.009 0.004 0.013 0.097 0.808 
 459 P _   0.009 0.058 0.000 0.008 0.004 0.012 0.098 0.811 
 460 K _   0.009 0.058 0.000 0.008 0.004 0.013 0.099 0.809 
 461 L _   0.010 0.060 0.001 0.009 0.005 0.013 0.100 0.803 
 462 C _   0.010 0.064 0.001 0.012 0.006 0.014 0.100 0.794 
 463 L _   0.011 0.069 0.001 0.016 0.007 0.015 0.101 0.781 
 464 S _   0.011 0.076 0.001 0.021 0.008 0.016 0.101 0.766 
 465 E _   0.012 0.081 0.001 0.026 0.009 0.016 0.102 0.753 
 466 I _   0.012 0.086 0.001 0.030 0.010 0.016 0.103 0.742 
 467 H _   0.012 0.087 0.001 0.032 0.010 0.016 0.105 0.737 
 468 K _   0.012 0.087 0.001 0.032 0.010 0.015 0.108 0.735 
 469 M _   0.012 0.084 0.001 0.030 0.009 0.015 0.111 0.739 
 470 E _   0.011 0.077 0.001 0.027 0.008 0.013 0.114 0.748 
 471 E _   0.011 0.068 0.001 0.023 0.007 0.012 0.118 0.760 
 472 V _   0.010 0.058 0.001 0.019 0.005 0.011 0.122 0.775 
 473 S _   0.009 0.046 0.001 0.014 0.004 0.009 0.127 0.789 
 474 G _   0.008 0.036 0.000 0.011 0.003 0.008 0.130 0.802 
 475 T _   0.008 0.028 0.000 0.008 0.003 0.007 0.133 0.812 
 476 K _   0.007 0.023 0.000 0.006 0.002 0.007 0.136 0.818 
 477 G _   0.006 0.020 0.000 0.006 0.002 0.006 0.138 0.822 
 478 R _   0.006 0.018 0.000 0.005 0.002 0.006 0.139 0.823 
 479 Q _   0.005 0.018 0.000 0.006 0.002 0.006 0.140 0.822 
 480 E _   0.005 0.018 0.000 0.007 0.002 0.006 0.141 0.821 
 481 R _   0.005 0.018 0.000 0.008 0.002 0.007 0.141 0.818 
 482 N _   0.005 0.020 0.000 0.010 0.003 0.007 0.141 0.814 
 483 D _   0.005 0.022 0.000 0.011 0.003 0.007 0.141 0.811 
 484 I _   0.005 0.023 0.000 0.012 0.003 0.007 0.140 0.808 
 485 A _   0.005 0.025 0.000 0.013 0.003 0.007 0.140 0.806 
 486 L _   0.005 0.026 0.000 0.013 0.003 0.007 0.140 0.806 
 487 K _   0.005 0.026 0.000 0.012 0.003 0.007 0.140 0.807 
 488 T _   0.004 0.026 0.000 0.011 0.003 0.007 0.139 0.810 
 489 N _   0.004 0.027 0.000 0.009 0.002 0.006 0.139 0.812 
 490 G _   0.004 0.027 0.000 0.008 0.002 0.007 0.138 0.814 
 491 D _   0.004 0.029 0.000 0.007 0.002 0.007 0.137 0.814 
 492 Q _   0.004 0.031 0.000 0.007 0.002 0.008 0.136 0.812 
 493 A _   0.005 0.035 0.000 0.008 0.003 0.009 0.134 0.808 
 494 S _   0.005 0.041 0.000 0.009 0.003 0.010 0.132 0.799 
 495 C _   0.006 0.052 0.001 0.012 0.004 0.012 0.129 0.785 
 496 E _   0.007 0.067 0.001 0.016 0.006 0.015 0.126 0.764 
 497 N _   0.008 0.085 0.001 0.021 0.008 0.017 0.122 0.739 
 498 E _   0.009 0.105 0.001 0.026 0.009 0.019 0.119 0.713 
 499 L _   0.009 0.122 0.001 0.030 0.011 0.020 0.116 0.690 
 500 L _   0.010 0.135 0.001 0.033 0.012 0.021 0.114 0.674 
 501 K _   0.011 0.143 0.001 0.035 0.012 0.022 0.112 0.664 
 502 F _   0.011 0.147 0.001 0.034 0.012 0.022 0.111 0.661 
 503 S _   0.011 0.148 0.001 0.031 0.012 0.022 0.111 0.663 
 504 Y _   0.012 0.147 0.001 0.028 0.011 0.022 0.111 0.668 
 505 I _   0.012 0.143 0.001 0.024 0.011 0.022 0.112 0.675 
 506 R _   0.013 0.139 0.001 0.021 0.010 0.022 0.112 0.682 
 507 T _   0.013 0.135 0.001 0.019 0.009 0.022 0.113 0.688 
 508 S _   0.014 0.131 0.001 0.018 0.009 0.022 0.114 0.691 
 509 F _   0.015 0.128 0.001 0.018 0.010 0.022 0.115 0.691 
 510 D _   0.016 0.126 0.001 0.020 0.010 0.022 0.116 0.689 
 511 K _   0.016 0.125 0.001 0.023 0.011 0.022 0.118 0.685 
 512 I _   0.017 0.122 0.001 0.026 0.011 0.021 0.120 0.683 
 513 L _   0.017 0.118 0.001 0.028 0.011 0.021 0.122 0.683 
 514 L _   0.016 0.111 0.001 0.028 0.011 0.019 0.125 0.688 
 515 R _   0.015 0.101 0.001 0.026 0.010 0.018 0.128 0.701 
 516 W _   0.014 0.086 0.001 0.022 0.009 0.017 0.132 0.719 
 517 E _   0.013 0.068 0.001 0.018 0.007 0.015 0.136 0.743 
 518 P _   0.012 0.049 0.001 0.012 0.006 0.014 0.139 0.767 
 519 Y _   0.011 0.034 0.001 0.008 0.004 0.013 0.143 0.786 
 520 W _   0.011 0.025 0.000 0.005 0.003 0.013 0.145 0.798 
 521 P _   0.011 0.021 0.000 0.004 0.003 0.014 0.147 0.801 
 522 P _   0.013 0.020 0.000 0.003 0.003 0.016 0.148 0.796 
 523 D _   0.017 0.022 0.000 0.004 0.005 0.020 0.149 0.783 
 524 F _   0.022 0.029 0.001 0.008 0.008 0.025 0.149 0.758 
 525 R _   0.027 0.049 0.001 0.014 0.014 0.032 0.149 0.713 
 526 D _   0.031 0.089 0.002 0.026 0.022 0.037 0.148 0.645 
 527 L _   0.032 0.141 0.002 0.040 0.028 0.040 0.148 0.568 
 528 L _   0.032 0.187 0.002 0.054 0.031 0.041 0.148 0.504 
 529 G _   0.031 0.217 0.002 0.065 0.031 0.039 0.149 0.465 
 530 F _   0.029 0.231 0.002 0.071 0.030 0.037 0.152 0.448 
 531 M _   0.027 0.236 0.002 0.071 0.028 0.035 0.156 0.446 
 532 L _   0.025 0.233 0.002 0.067 0.025 0.031 0.161 0.456 
 533 F _   0.023 0.221 0.002 0.058 0.021 0.028 0.167 0.480 
 534 Y _   0.020 0.199 0.002 0.047 0.018 0.024 0.175 0.515 
 535 K _   0.018 0.168 0.002 0.036 0.014 0.021 0.184 0.558 
 536 E _   0.016 0.132 0.001 0.026 0.011 0.018 0.194 0.602 
 537 A _   0.014 0.101 0.001 0.019 0.008 0.015 0.203 0.639 
 538 P _   0.012 0.079 0.001 0.014 0.005 0.013 0.211 0.664 
 539 Y _   0.010 0.064 0.001 0.011 0.004 0.011 0.218 0.680 
 540 Q _   0.009 0.055 0.000 0.010 0.003 0.010 0.223 0.689 
 541 N _   0.008 0.049 0.000 0.009 0.003 0.009 0.228 0.694 
 542 V _   0.007 0.045 0.000 0.009 0.003 0.008 0.232 0.697 
 543 T _   0.006 0.042 0.000 0.009 0.002 0.007 0.235 0.699 
 544 E _   0.006 0.039 0.000 0.008 0.002 0.007 0.237 0.701 
 545 F _   0.005 0.037 0.000 0.007 0.002 0.006 0.239 0.703 
 546 D _   0.004 0.036 0.000 0.006 0.002 0.006 0.240 0.705 
 547 G _   0.004 0.036 0.000 0.006 0.002 0.005 0.241 0.706 
 548 Q _   0.004 0.037 0.000 0.006 0.002 0.006 0.241 0.706 
 549 D _   0.004 0.039 0.000 0.006 0.002 0.006 0.240 0.703 
 550 A _   0.004 0.043 0.000 0.008 0.002 0.007 0.239 0.697 
 551 C _   0.004 0.050 0.000 0.010 0.003 0.008 0.237 0.686 
 552 G _   0.005 0.062 0.001 0.015 0.004 0.010 0.235 0.669 
 553 S _   0.005 0.077 0.001 0.022 0.005 0.011 0.233 0.646 
 554 N _   0.006 0.095 0.001 0.030 0.007 0.013 0.230 0.620 
 555 S _   0.006 0.111 0.001 0.038 0.008 0.014 0.228 0.595 
 556 W _   0.006 0.123 0.001 0.045 0.009 0.014 0.227 0.575 
 557 T _   0.006 0.129 0.001 0.050 0.009 0.014 0.227 0.562 
 558 V _   0.006 0.132 0.001 0.052 0.009 0.014 0.229 0.557 
 559 V _   0.006 0.130 0.001 0.051 0.009 0.013 0.232 0.558 
 560 D _   0.006 0.124 0.001 0.046 0.008 0.012 0.236 0.565 
 561 I _   0.006 0.114 0.001 0.040 0.007 0.011 0.242 0.578 
 562 D _   0.007 0.098 0.001 0.032 0.006 0.010 0.249 0.597 
 563 P _   0.007 0.078 0.001 0.025 0.005 0.009 0.257 0.619 
 564 P _   0.007 0.056 0.001 0.018 0.004 0.008 0.265 0.642 
 565 L _   0.006 0.038 0.000 0.012 0.003 0.007 0.272 0.662 
 566 R _   0.005 0.024 0.000 0.008 0.002 0.006 0.277 0.677 
 567 S _   0.005 0.015 0.000 0.005 0.002 0.005 0.280 0.687 
 568 N _   0.004 0.011 0.000 0.004 0.001 0.004 0.282 0.694 
 569 D _   0.003 0.008 0.000 0.003 0.001 0.004 0.283 0.697 
 570 P _   0.003 0.008 0.000 0.003 0.001 0.004 0.282 0.700 
 571 K _   0.003 0.008 0.000 0.003 0.001 0.005 0.280 0.700 
 572 S _   0.003 0.009 0.000 0.004 0.001 0.006 0.277 0.700 
 573 Q _   0.004 0.011 0.000 0.006 0.002 0.008 0.273 0.696 
 574 N _   0.005 0.016 0.000 0.009 0.003 0.010 0.268 0.689 
 575 H _   0.005 0.025 0.001 0.013 0.004 0.014 0.261 0.677 
 576 P _   0.006 0.036 0.001 0.019 0.006 0.017 0.254 0.661 
 577 G _   0.007 0.048 0.001 0.024 0.008 0.021 0.247 0.645 
 578 W _   0.008 0.058 0.001 0.029 0.009 0.024 0.240 0.631 
 579 L _   0.009 0.065 0.001 0.031 0.011 0.027 0.234 0.622 
 580 M _   0.010 0.070 0.001 0.032 0.011 0.029 0.229 0.618 
 581 R _   0.011 0.072 0.001 0.029 0.012 0.032 0.225 0.618 
 582 G _   0.013 0.072 0.001 0.025 0.012 0.035 0.221 0.620 
 583 L _   0.016 0.071 0.001 0.021 0.013 0.038 0.218 0.623 
 584 K _   0.021 0.070 0.001 0.016 0.013 0.041 0.215 0.622 
 585 P _   0.027 0.070 0.001 0.013 0.015 0.045 0.212 0.617 
 586 W _   0.034 0.071 0.001 0.012 0.018 0.050 0.209 0.605 
 587 T _   0.044 0.076 0.001 0.012 0.023 0.055 0.206 0.584 
 588 Q _   0.053 0.084 0.002 0.014 0.029 0.059 0.203 0.556 
 589 Y _   0.062 0.098 0.002 0.019 0.036 0.062 0.200 0.521 
 590 A _   0.069 0.116 0.002 0.026 0.042 0.063 0.198 0.483 
 591 I _   0.073 0.134 0.002 0.034 0.046 0.063 0.197 0.451 
 592 F _   0.075 0.148 0.002 0.041 0.047 0.060 0.197 0.429 
 593 V _   0.074 0.156 0.002 0.047 0.046 0.056 0.199 0.420 
 594 K _   0.071 0.159 0.002 0.050 0.043 0.052 0.201 0.422 
 595 T _   0.066 0.156 0.002 0.049 0.038 0.046 0.205 0.437 
 596 L _   0.058 0.147 0.002 0.046 0.032 0.040 0.211 0.465 
 597 V _   0.049 0.130 0.002 0.039 0.025 0.034 0.217 0.504 
 598 T _   0.041 0.106 0.002 0.031 0.019 0.028 0.224 0.550 
 599 F _   0.033 0.078 0.001 0.023 0.013 0.023 0.232 0.598 
 600 S _   0.026 0.052 0.001 0.016 0.009 0.018 0.238 0.640 
 601 D _   0.020 0.032 0.001 0.011 0.006 0.014 0.244 0.673 
 602 E _   0.015 0.019 0.000 0.007 0.004 0.011 0.248 0.695 
 603 R _   0.012 0.012 0.000 0.005 0.003 0.009 0.251 0.708 
 604 R _   0.009 0.009 0.000 0.004 0.002 0.008 0.253 0.715 
 605 T _   0.008 0.008 0.000 0.003 0.002 0.007 0.254 0.718 
 606 Y _   0.007 0.007 0.000 0.003 0.002 0.008 0.255 0.718 
 607 G _   0.007 0.008 0.000 0.005 0.002 0.008 0.255 0.714 
 608 A _   0.007 0.010 0.000 0.007 0.003 0.009 0.255 0.708 
 609 K _   0.008 0.014 0.000 0.010 0.004 0.011 0.254 0.698 
 610 S _   0.009 0.020 0.001 0.015 0.006 0.012 0.253 0.686 
 611 D _   0.009 0.025 0.001 0.020 0.007 0.013 0.252 0.672 
 612 I _   0.009 0.030 0.001 0.025 0.008 0.014 0.252 0.661 
 613 I _   0.009 0.033 0.001 0.029 0.008 0.014 0.252 0.654 
 614 Y _   0.009 0.035 0.001 0.030 0.008 0.014 0.253 0.651 
 615 V _   0.008 0.035 0.001 0.029 0.008 0.013 0.254 0.652 
 616 Q _   0.008 0.033 0.001 0.025 0.007 0.012 0.257 0.658 
 617 T _   0.007 0.029 0.001 0.021 0.006 0.010 0.259 0.667 
 618 D _   0.007 0.025 0.001 0.016 0.005 0.009 0.262 0.676 
 619 A _   0.006 0.021 0.000 0.012 0.004 0.008 0.264 0.684 
 620 T _   0.006 0.018 0.000 0.009 0.003 0.007 0.267 0.691 
 621 N _   0.005 0.015 0.000 0.007 0.002 0.007 0.269 0.694 
 622 P _   0.005 0.014 0.000 0.006 0.002 0.006 0.270 0.696 
 623 S _   0.005 0.013 0.000 0.006 0.002 0.006 0.271 0.696 
 624 V _   0.005 0.013 0.000 0.007 0.002 0.006 0.272 0.694 
 625 P _   0.005 0.013 0.000 0.008 0.002 0.006 0.273 0.692 
 626 L _   0.005 0.014 0.000 0.008 0.002 0.006 0.273 0.691 
 627 D _   0.005 0.014 0.000 0.008 0.002 0.006 0.273 0.690 
 628 P _   0.005 0.015 0.000 0.008 0.002 0.007 0.272 0.690 
 629 I _   0.004 0.016 0.000 0.008 0.002 0.007 0.271 0.691 
 630 S _   0.004 0.018 0.000 0.008 0.002 0.007 0.270 0.690 
 631 V _   0.004 0.020 0.000 0.008 0.002 0.007 0.268 0.689 
 632 S _   0.004 0.024 0.000 0.010 0.003 0.008 0.266 0.684 
 633 N _   0.005 0.029 0.000 0.013 0.004 0.010 0.263 0.676 
 634 S _   0.005 0.037 0.001 0.018 0.005 0.011 0.260 0.662 
 635 S _   0.006 0.047 0.001 0.026 0.007 0.013 0.257 0.644 
 636 S _   0.006 0.057 0.001 0.035 0.008 0.014 0.254 0.624 
 637 Q _   0.007 0.065 0.001 0.043 0.009 0.015 0.252 0.608 
 638 I _   0.007 0.070 0.001 0.049 0.010 0.015 0.252 0.597 
 639 I _   0.007 0.071 0.001 0.050 0.010 0.014 0.252 0.594 
 640 L _   0.007 0.069 0.001 0.047 0.009 0.013 0.254 0.600 
 641 K _   0.007 0.063 0.001 0.040 0.008 0.012 0.257 0.614 
 642 W _   0.006 0.052 0.001 0.029 0.006 0.010 0.260 0.635 
 643 K _   0.006 0.038 0.001 0.019 0.004 0.008 0.264 0.661 
 644 P _   0.005 0.024 0.000 0.011 0.003 0.007 0.268 0.683 
 645 P _   0.004 0.015 0.000 0.006 0.002 0.006 0.270 0.698 
 646 S _   0.004 0.011 0.000 0.003 0.001 0.005 0.271 0.705 
 647 D _   0.004 0.009 0.000 0.002 0.001 0.006 0.271 0.706 
 648 P _   0.005 0.010 0.000 0.002 0.001 0.008 0.271 0.703 
 649 N _   0.008 0.013 0.000 0.004 0.003 0.012 0.269 0.691 
 650 G _   0.011 0.026 0.001 0.009 0.006 0.017 0.266 0.664 
 651 N _   0.015 0.060 0.001 0.019 0.012 0.024 0.260 0.609 
 652 I _   0.017 0.126 0.002 0.034 0.018 0.029 0.252 0.523 
 653 T _   0.017 0.200 0.002 0.049 0.022 0.031 0.245 0.435 
 654 H _   0.015 0.255 0.002 0.063 0.023 0.031 0.239 0.372 
 655 Y _   0.014 0.285 0.002 0.072 0.023 0.030 0.237 0.338 
 656 L _   0.013 0.299 0.001 0.075 0.022 0.028 0.237 0.325 
 657 V _   0.012 0.302 0.001 0.073 0.021 0.026 0.238 0.326 
 658 F _   0.012 0.297 0.001 0.067 0.019 0.024 0.241 0.339 
 659 W _   0.011 0.282 0.002 0.057 0.017 0.022 0.246 0.364 
 660 E _   0.011 0.254 0.002 0.044 0.014 0.019 0.253 0.404 
 661 R _   0.010 0.213 0.001 0.031 0.011 0.017 0.261 0.455 
 662 Q _   0.010 0.169 0.001 0.021 0.008 0.015 0.270 0.505 
 663 A _   0.009 0.135 0.001 0.013 0.006 0.014 0.278 0.544 
