#TopoPred_TM8: 8-state transmembrane topology prediction results by no_profile mode 
#probabilities are in the order of H E C I L F X _, the 8 transmembrane topology types used in PDBTM 
   1 M _   0.027 0.001 0.003 0.053 0.014 0.015 0.384 0.503 
   2 I _   0.010 0.000 0.000 0.024 0.003 0.006 0.391 0.566 
   3 L _   0.004 0.000 0.000 0.008 0.001 0.003 0.387 0.596 
   4 S _   0.008 0.000 0.000 0.003 0.001 0.003 0.374 0.610 
   5 S _   0.027 0.000 0.000 0.002 0.002 0.005 0.348 0.615 
   6 Y _   0.089 0.000 0.001 0.001 0.005 0.009 0.305 0.590 
   7 N _   0.205 0.000 0.001 0.001 0.007 0.012 0.255 0.519 
   8 T _   0.382 0.000 0.001 0.001 0.010 0.014 0.195 0.397 
   9 I H   0.562 0.000 0.001 0.001 0.012 0.015 0.143 0.266 
  10 Q H   0.693 0.000 0.002 0.001 0.015 0.014 0.109 0.166 
  11 S H   0.775 0.000 0.001 0.001 0.018 0.013 0.089 0.103 
  12 V H   0.822 0.000 0.001 0.001 0.018 0.012 0.080 0.067 
  13 F H   0.847 0.000 0.001 0.001 0.018 0.010 0.074 0.048 
  14 C H   0.857 0.000 0.001 0.001 0.019 0.009 0.072 0.041 
  15 C H   0.858 0.000 0.001 0.001 0.019 0.008 0.071 0.042 
  16 C H   0.849 0.000 0.001 0.001 0.020 0.008 0.072 0.049 
  17 C H   0.831 0.000 0.001 0.001 0.020 0.008 0.074 0.064 
  18 C H   0.798 0.000 0.001 0.001 0.020 0.009 0.078 0.092 
  19 C H   0.749 0.000 0.002 0.001 0.020 0.010 0.084 0.134 
  20 S H   0.681 0.000 0.002 0.001 0.019 0.011 0.095 0.190 
  21 V H   0.599 0.000 0.002 0.002 0.017 0.013 0.111 0.257 
  22 Q H   0.506 0.000 0.002 0.002 0.015 0.014 0.133 0.327 
  23 K H   0.411 0.000 0.002 0.003 0.014 0.015 0.159 0.396 
  24 R _   0.320 0.000 0.001 0.005 0.012 0.016 0.189 0.456 
  25 Q _   0.241 0.000 0.001 0.007 0.011 0.016 0.220 0.503 
  26 M _   0.175 0.000 0.001 0.009 0.010 0.016 0.250 0.539 
  27 R _   0.123 0.001 0.001 0.011 0.008 0.015 0.278 0.563 
  28 T _   0.085 0.001 0.001 0.012 0.007 0.013 0.304 0.577 
  29 Q _   0.058 0.001 0.001 0.012 0.006 0.012 0.326 0.585 
  30 I _   0.039 0.001 0.001 0.010 0.005 0.010 0.346 0.589 
  31 S _   0.026 0.001 0.000 0.009 0.004 0.008 0.363 0.589 
  32 L _   0.018 0.001 0.000 0.007 0.003 0.007 0.378 0.586 
  33 S _   0.012 0.001 0.000 0.006 0.002 0.006 0.390 0.583 
  34 T _   0.009 0.001 0.000 0.004 0.002 0.005 0.401 0.578 
  35 D _   0.007 0.001 0.000 0.004 0.001 0.004 0.409 0.574 
  36 E _   0.005 0.001 0.000 0.003 0.001 0.004 0.417 0.569 
  37 E _   0.005 0.001 0.000 0.003 0.001 0.004 0.422 0.564 
  38 L _   0.004 0.001 0.000 0.003 0.001 0.004 0.427 0.560 
  39 P _   0.004 0.001 0.000 0.004 0.001 0.004 0.430 0.555 
  40 E _   0.004 0.002 0.000 0.004 0.001 0.005 0.433 0.550 
  41 K _   0.004 0.004 0.000 0.006 0.002 0.006 0.435 0.544 
  42 Y _   0.004 0.006 0.000 0.008 0.002 0.007 0.437 0.536 
  43 T _   0.004 0.008 0.000 0.010 0.003 0.007 0.439 0.528 
  44 Q _   0.004 0.011 0.000 0.013 0.003 0.008 0.440 0.519 
  45 R _   0.005 0.014 0.000 0.016 0.004 0.009 0.443 0.510 
  46 R _   0.005 0.016 0.000 0.019 0.004 0.009 0.446 0.501 
  47 R _   0.005 0.017 0.001 0.021 0.005 0.009 0.449 0.494 
  48 P _   0.005 0.018 0.001 0.021 0.005 0.009 0.454 0.488 
  49 W _   0.005 0.018 0.001 0.020 0.004 0.008 0.460 0.484 
  50 L _   0.005 0.017 0.000 0.018 0.004 0.008 0.466 0.482 
  51 S _   0.005 0.015 0.000 0.015 0.003 0.007 0.473 0.481 
  52 Q _   0.004 0.013 0.000 0.012 0.003 0.006 0.480 0.481 
  53 L X   0.004 0.010 0.000 0.009 0.002 0.006 0.487 0.481 
  54 S X   0.004 0.008 0.000 0.007 0.002 0.005 0.493 0.480 
  55 N X   0.004 0.006 0.000 0.006 0.002 0.005 0.499 0.479 
  56 K X   0.004 0.005 0.000 0.005 0.001 0.004 0.504 0.477 
  57 K X   0.004 0.005 0.000 0.005 0.001 0.004 0.508 0.474 
  58 Q X   0.004 0.004 0.000 0.005 0.001 0.004 0.511 0.470 
  59 S X   0.004 0.004 0.000 0.005 0.001 0.005 0.514 0.467 
  60 N X   0.004 0.004 0.000 0.006 0.002 0.005 0.516 0.463 
  61 T X   0.004 0.004 0.000 0.007 0.002 0.005 0.518 0.460 
  62 G X   0.004 0.004 0.000 0.007 0.002 0.005 0.520 0.458 
  63 R X   0.004 0.004 0.000 0.007 0.002 0.005 0.521 0.457 
  64 V X   0.004 0.004 0.000 0.007 0.002 0.005 0.522 0.457 
  65 Q X   0.003 0.004 0.000 0.007 0.002 0.004 0.522 0.458 
  66 P X   0.003 0.003 0.000 0.006 0.001 0.004 0.522 0.460 
  67 S X   0.003 0.003 0.000 0.005 0.001 0.004 0.522 0.462 
  68 K X   0.003 0.003 0.000 0.005 0.001 0.004 0.521 0.464 
  69 R X   0.003 0.003 0.000 0.004 0.001 0.003 0.519 0.467 
  70 K X   0.003 0.003 0.000 0.004 0.001 0.003 0.517 0.469 
  71 P X   0.003 0.003 0.000 0.004 0.001 0.003 0.513 0.473 
  72 L X   0.003 0.004 0.000 0.004 0.001 0.004 0.508 0.477 
  73 P X   0.003 0.005 0.000 0.004 0.001 0.004 0.502 0.482 
  74 P X   0.003 0.006 0.000 0.004 0.001 0.004 0.494 0.487 
  75 L _   0.003 0.009 0.000 0.005 0.002 0.005 0.484 0.493 
  76 P _   0.003 0.014 0.000 0.006 0.002 0.007 0.471 0.496 
  77 P _   0.004 0.022 0.000 0.009 0.003 0.009 0.456 0.497 
  78 S _   0.004 0.037 0.001 0.012 0.004 0.011 0.437 0.493 
  79 E _   0.005 0.060 0.001 0.018 0.006 0.015 0.415 0.480 
  80 V _   0.007 0.096 0.001 0.024 0.009 0.018 0.389 0.456 
  81 A _   0.007 0.139 0.001 0.032 0.012 0.021 0.361 0.426 
  82 E _   0.008 0.184 0.002 0.039 0.014 0.023 0.335 0.395 
  83 E _   0.008 0.224 0.002 0.046 0.016 0.024 0.313 0.368 
  84 K _   0.008 0.254 0.001 0.051 0.016 0.024 0.296 0.349 
  85 I _   0.008 0.274 0.001 0.055 0.017 0.024 0.283 0.338 
  86 Q _   0.009 0.284 0.001 0.056 0.017 0.024 0.273 0.336 
  87 V _   0.009 0.288 0.001 0.056 0.016 0.023 0.266 0.341 
  88 K _   0.010 0.286 0.001 0.054 0.016 0.022 0.261 0.352 
  89 A _   0.010 0.277 0.001 0.050 0.015 0.020 0.257 0.370 
  90 L _   0.011 0.260 0.001 0.043 0.013 0.019 0.255 0.397 
  91 Y _   0.011 0.233 0.001 0.036 0.012 0.017 0.254 0.435 
  92 D _   0.011 0.196 0.001 0.029 0.010 0.016 0.254 0.482 
  93 F _   0.011 0.155 0.001 0.022 0.009 0.015 0.254 0.533 
  94 L _   0.011 0.116 0.001 0.016 0.007 0.013 0.255 0.582 
  95 P _   0.010 0.085 0.001 0.011 0.005 0.012 0.255 0.621 
  96 R _   0.009 0.066 0.000 0.008 0.004 0.011 0.254 0.648 
  97 E _   0.009 0.055 0.000 0.006 0.003 0.011 0.252 0.664 
  98 P _   0.008 0.050 0.000 0.005 0.003 0.010 0.250 0.674 
  99 C _   0.008 0.048 0.000 0.005 0.003 0.011 0.247 0.678 
 100 N _   0.008 0.049 0.000 0.006 0.003 0.012 0.243 0.679 
 101 L _   0.009 0.052 0.000 0.008 0.004 0.013 0.239 0.675 
 102 A _   0.010 0.058 0.001 0.010 0.005 0.015 0.233 0.667 
 103 L _   0.011 0.067 0.001 0.014 0.007 0.016 0.228 0.656 
 104 R _   0.012 0.078 0.001 0.019 0.009 0.018 0.221 0.643 
 105 R _   0.012 0.089 0.001 0.024 0.010 0.019 0.215 0.629 
 106 A _   0.012 0.098 0.001 0.029 0.012 0.020 0.210 0.618 
 107 E _   0.013 0.105 0.001 0.033 0.013 0.020 0.205 0.610 
 108 E _   0.013 0.109 0.001 0.036 0.013 0.020 0.202 0.607 
 109 Y _   0.013 0.110 0.001 0.036 0.012 0.019 0.199 0.609 
 110 L _   0.013 0.108 0.001 0.035 0.011 0.018 0.198 0.616 
 111 I _   0.012 0.103 0.001 0.031 0.010 0.017 0.196 0.629 
 112 L _   0.012 0.095 0.001 0.027 0.009 0.015 0.196 0.646 
 113 E _   0.011 0.084 0.001 0.023 0.007 0.014 0.196 0.664 
 114 K _   0.010 0.072 0.001 0.018 0.006 0.012 0.196 0.685 
 115 Y _   0.010 0.059 0.001 0.015 0.005 0.011 0.196 0.705 
 116 N _   0.009 0.048 0.001 0.012 0.004 0.010 0.196 0.721 
 117 P _   0.008 0.039 0.000 0.010 0.004 0.009 0.196 0.734 
 118 H _   0.008 0.032 0.000 0.009 0.003 0.008 0.196 0.744 
 119 W _   0.007 0.027 0.000 0.008 0.003 0.008 0.195 0.752 
 120 W _   0.007 0.023 0.000 0.007 0.003 0.007 0.194 0.758 
 121 K _   0.006 0.021 0.000 0.007 0.002 0.007 0.193 0.764 
 122 A _   0.006 0.019 0.000 0.007 0.002 0.007 0.191 0.768 
 123 R _   0.006 0.018 0.000 0.007 0.002 0.006 0.188 0.773 
 124 D _   0.005 0.017 0.000 0.007 0.002 0.007 0.186 0.776 
 125 R _   0.005 0.017 0.000 0.007 0.002 0.007 0.183 0.778 
 126 L _   0.005 0.018 0.000 0.008 0.003 0.007 0.180 0.780 
 127 G _   0.005 0.019 0.000 0.009 0.003 0.008 0.176 0.780 
 128 N _   0.005 0.020 0.000 0.010 0.003 0.008 0.173 0.780 
 129 E _   0.006 0.022 0.000 0.011 0.004 0.009 0.169 0.779 
 130 G _   0.006 0.025 0.001 0.013 0.004 0.009 0.165 0.778 
 131 L _   0.006 0.027 0.001 0.014 0.004 0.010 0.161 0.777 
 132 I _   0.006 0.029 0.001 0.015 0.005 0.010 0.157 0.778 
 133 P _   0.006 0.031 0.001 0.015 0.005 0.010 0.154 0.780 
 134 S _   0.006 0.032 0.001 0.014 0.004 0.011 0.150 0.782 
 135 N _   0.006 0.033 0.001 0.013 0.004 0.011 0.147 0.785 
 136 Y _   0.006 0.035 0.001 0.012 0.004 0.011 0.143 0.788 
 137 V _   0.006 0.037 0.001 0.011 0.004 0.012 0.140 0.789 
 138 T _   0.007 0.039 0.001 0.010 0.004 0.013 0.136 0.789 
 139 E _   0.008 0.043 0.001 0.011 0.005 0.015 0.132 0.785 
 140 N _   0.009 0.049 0.001 0.012 0.006 0.017 0.128 0.777 
 141 K _   0.010 0.058 0.001 0.015 0.008 0.020 0.124 0.764 
 142 I _   0.012 0.071 0.001 0.019 0.010 0.022 0.119 0.746 
 143 T _   0.013 0.086 0.001 0.024 0.013 0.025 0.114 0.723 
 144 N _   0.015 0.102 0.001 0.031 0.015 0.027 0.109 0.700 
 145 L _   0.016 0.117 0.001 0.036 0.017 0.028 0.105 0.679 
 146 E _   0.017 0.127 0.001 0.041 0.018 0.028 0.102 0.666 
 147 I _   0.017 0.133 0.001 0.043 0.019 0.028 0.099 0.660 
 148 Y _   0.017 0.135 0.001 0.043 0.018 0.027 0.097 0.661 
 149 E _   0.016 0.134 0.001 0.041 0.017 0.025 0.096 0.670 
 150 W _   0.016 0.129 0.001 0.037 0.015 0.023 0.095 0.684 
 151 Y _   0.015 0.120 0.001 0.031 0.013 0.021 0.095 0.703 
 152 H _   0.014 0.109 0.001 0.026 0.011 0.019 0.095 0.724 
 153 R _   0.014 0.097 0.001 0.021 0.009 0.018 0.095 0.746 
 154 N _   0.013 0.084 0.001 0.018 0.008 0.016 0.095 0.766 
 155 I _   0.012 0.074 0.001 0.015 0.006 0.015 0.095 0.782 
 156 T _   0.012 0.065 0.001 0.013 0.006 0.014 0.096 0.795 
 157 R _   0.011 0.057 0.001 0.013 0.005 0.013 0.096 0.805 
 158 N _   0.010 0.051 0.001 0.012 0.005 0.012 0.096 0.813 
 159 Q _   0.010 0.046 0.001 0.012 0.005 0.012 0.096 0.820 
 160 A _   0.009 0.041 0.001 0.012 0.004 0.011 0.096 0.826 
 161 E _   0.009 0.037 0.001 0.012 0.004 0.011 0.095 0.832 
 162 H _   0.008 0.033 0.001 0.011 0.004 0.010 0.095 0.837 
 163 L _   0.008 0.030 0.000 0.010 0.004 0.010 0.094 0.843 
 164 L _   0.008 0.026 0.000 0.010 0.004 0.010 0.094 0.849 
 165 R _   0.007 0.023 0.000 0.009 0.004 0.010 0.093 0.853 
 166 Q _   0.007 0.021 0.000 0.009 0.004 0.010 0.092 0.856 
 167 E _   0.007 0.019 0.000 0.010 0.004 0.010 0.092 0.858 
 168 S _   0.007 0.018 0.000 0.010 0.004 0.010 0.091 0.859 
 169 K _   0.008 0.017 0.001 0.012 0.004 0.011 0.090 0.858 
 170 E _   0.008 0.016 0.001 0.013 0.005 0.011 0.089 0.857 
 171 G _   0.008 0.015 0.001 0.014 0.005 0.012 0.088 0.856 
 172 A _   0.009 0.014 0.001 0.015 0.005 0.012 0.088 0.856 
 173 F _   0.009 0.012 0.001 0.014 0.005 0.013 0.087 0.859 
 174 I _   0.009 0.010 0.001 0.013 0.005 0.013 0.086 0.863 
 175 V _   0.010 0.008 0.001 0.010 0.004 0.013 0.086 0.868 
 176 R _   0.011 0.006 0.000 0.008 0.004 0.014 0.085 0.873 
 177 D _   0.012 0.004 0.000 0.006 0.004 0.015 0.084 0.875 
 178 S _   0.016 0.003 0.000 0.004 0.004 0.017 0.083 0.873 
 179 R _   0.020 0.003 0.000 0.004 0.004 0.020 0.081 0.867 
 180 H _   0.028 0.003 0.001 0.004 0.006 0.025 0.080 0.854 
 181 L _   0.039 0.005 0.001 0.005 0.009 0.032 0.078 0.832 
 182 G _   0.052 0.009 0.001 0.008 0.016 0.040 0.076 0.799 
 183 S _   0.066 0.020 0.002 0.013 0.024 0.048 0.073 0.754 
 184 Y _   0.079 0.039 0.002 0.021 0.034 0.055 0.071 0.700 
 185 T _   0.089 0.061 0.003 0.030 0.041 0.059 0.068 0.649 
 186 I _   0.094 0.080 0.003 0.039 0.046 0.061 0.067 0.610 
 187 S _   0.097 0.093 0.003 0.046 0.048 0.061 0.066 0.587 
 188 V _   0.096 0.099 0.003 0.048 0.047 0.059 0.066 0.582 
 189 F _   0.092 0.101 0.002 0.046 0.043 0.056 0.066 0.593 
 190 M _   0.086 0.098 0.002 0.040 0.038 0.052 0.067 0.618 
 191 G _   0.078 0.091 0.002 0.032 0.031 0.047 0.068 0.650 
 192 A _   0.069 0.082 0.002 0.025 0.025 0.042 0.069 0.686 
 193 R _   0.059 0.072 0.001 0.019 0.019 0.038 0.070 0.721 
 194 R _   0.049 0.065 0.001 0.016 0.015 0.034 0.071 0.749 
 195 S _   0.041 0.060 0.001 0.014 0.012 0.031 0.072 0.768 
 196 T _   0.035 0.058 0.001 0.015 0.010 0.028 0.073 0.780 
 197 E _   0.030 0.057 0.001 0.018 0.009 0.025 0.074 0.786 
 198 A _   0.026 0.056 0.001 0.020 0.009 0.023 0.075 0.790 
 199 A _   0.023 0.055 0.001 0.023 0.009 0.021 0.076 0.794 
 200 I _   0.020 0.052 0.001 0.024 0.008 0.018 0.077 0.800 
 201 K _   0.017 0.048 0.001 0.023 0.007 0.016 0.078 0.810 
 202 H _   0.014 0.041 0.001 0.020 0.006 0.013 0.080 0.824 
 203 Y _   0.012 0.033 0.001 0.016 0.005 0.011 0.081 0.841 
 204 Q _   0.010 0.024 0.000 0.011 0.004 0.009 0.082 0.859 
 205 I _   0.008 0.016 0.000 0.007 0.002 0.007 0.083 0.875 
 206 K _   0.007 0.011 0.000 0.005 0.002 0.006 0.083 0.886 
 207 K _   0.006 0.009 0.000 0.003 0.001 0.006 0.083 0.892 
 208 N _   0.005 0.008 0.000 0.003 0.001 0.006 0.082 0.894 
 209 D _   0.005 0.009 0.000 0.003 0.002 0.007 0.081 0.893 
 210 S _   0.006 0.012 0.000 0.004 0.002 0.010 0.079 0.886 
 211 G _   0.008 0.019 0.000 0.008 0.004 0.013 0.076 0.871 
 212 Q _   0.010 0.036 0.001 0.014 0.006 0.017 0.073 0.844 
 213 W _   0.011 0.063 0.001 0.021 0.009 0.021 0.068 0.805 
 214 Y _   0.012 0.095 0.001 0.030 0.012 0.024 0.063 0.763 
 215 V _   0.012 0.124 0.001 0.036 0.014 0.027 0.058 0.727 
 216 A _   0.013 0.145 0.001 0.041 0.015 0.028 0.054 0.702 
 217 E _   0.013 0.158 0.001 0.043 0.016 0.030 0.051 0.688 
 218 R _   0.013 0.166 0.001 0.042 0.017 0.031 0.048 0.682 
 219 H _   0.014 0.169 0.001 0.040 0.018 0.031 0.046 0.681 
 220 A _   0.015 0.170 0.001 0.037 0.018 0.032 0.044 0.682 
 221 F _   0.017 0.168 0.001 0.035 0.018 0.032 0.042 0.686 
 222 Q _   0.018 0.164 0.001 0.033 0.018 0.033 0.041 0.691 
 223 S _   0.020 0.158 0.001 0.032 0.018 0.033 0.040 0.697 
 224 I _   0.022 0.151 0.001 0.031 0.018 0.032 0.040 0.705 
 225 P _   0.024 0.142 0.001 0.030 0.017 0.032 0.039 0.715 
 226 E _   0.025 0.130 0.001 0.028 0.016 0.031 0.039 0.730 
 227 L _   0.026 0.114 0.001 0.025 0.015 0.030 0.039 0.750 
 228 I _   0.026 0.095 0.001 0.021 0.014 0.029 0.039 0.774 
 229 W _   0.027 0.074 0.001 0.017 0.012 0.029 0.039 0.801 
 230 Y _   0.027 0.055 0.001 0.013 0.011 0.028 0.039 0.826 
 231 H _   0.026 0.040 0.001 0.010 0.009 0.028 0.039 0.846 
 232 Q _   0.027 0.031 0.001 0.008 0.009 0.028 0.039 0.858 
 233 H _   0.028 0.026 0.001 0.008 0.008 0.029 0.038 0.862 
 234 N _   0.030 0.023 0.001 0.008 0.009 0.030 0.038 0.861 
 235 A _   0.033 0.022 0.001 0.009 0.010 0.031 0.038 0.857 
 236 A _   0.035 0.022 0.001 0.011 0.011 0.032 0.037 0.850 
 237 G _   0.038 0.023 0.001 0.014 0.013 0.034 0.037 0.842 
 238 L _   0.040 0.023 0.001 0.015 0.014 0.035 0.036 0.835 
 239 M _   0.042 0.023 0.001 0.016 0.015 0.036 0.036 0.831 
 240 T _   0.043 0.022 0.001 0.016 0.015 0.036 0.035 0.831 
 241 R _   0.044 0.021 0.001 0.014 0.015 0.036 0.035 0.834 
 242 L _   0.045 0.020 0.001 0.012 0.014 0.037 0.035 0.836 
 243 R _   0.045 0.019 0.001 0.010 0.014 0.037 0.035 0.839 
 244 Y _   0.046 0.019 0.001 0.009 0.013 0.038 0.034 0.839 
 245 P _   0.048 0.020 0.001 0.009 0.014 0.038 0.034 0.836 
 246 V _   0.049 0.022 0.001 0.010 0.015 0.039 0.034 0.829 
 247 G _   0.051 0.026 0.001 0.012 0.016 0.040 0.034 0.818 
 248 L _   0.053 0.032 0.001 0.015 0.018 0.041 0.034 0.805 
 249 M _   0.053 0.039 0.001 0.020 0.021 0.042 0.034 0.790 
 250 G _   0.052 0.046 0.002 0.024 0.022 0.041 0.034 0.779 
 251 S _   0.049 0.051 0.002 0.028 0.023 0.040 0.034 0.772 
 252 C _   0.046 0.055 0.002 0.031 0.023 0.038 0.034 0.771 
 253 L _   0.042 0.058 0.002 0.032 0.022 0.036 0.035 0.773 
 254 P _   0.039 0.058 0.001 0.032 0.021 0.033 0.035 0.780 
 255 A _   0.036 0.057 0.001 0.031 0.018 0.030 0.036 0.790 
 256 T _   0.032 0.053 0.001 0.029 0.016 0.027 0.037 0.804 
 257 A _   0.028 0.048 0.001 0.026 0.013 0.024 0.038 0.821 
 258 G _   0.025 0.042 0.001 0.022 0.011 0.021 0.040 0.838 
 259 F _   0.021 0.035 0.001 0.019 0.009 0.018 0.041 0.856 
 260 S _   0.018 0.027 0.001 0.016 0.007 0.016 0.042 0.874 
 261 Y _   0.015 0.019 0.001 0.012 0.005 0.013 0.043 0.891 
 262 E _   0.012 0.013 0.001 0.009 0.004 0.011 0.044 0.905 
 263 K _   0.010 0.008 0.000 0.007 0.003 0.010 0.045 0.916 
 264 W _   0.009 0.005 0.000 0.005 0.003 0.009 0.045 0.923 
 265 E _   0.008 0.003 0.000 0.004 0.002 0.008 0.046 0.928 
 266 I _   0.008 0.002 0.000 0.004 0.002 0.009 0.045 0.930 
 267 D _   0.008 0.002 0.000 0.004 0.002 0.009 0.045 0.929 
 268 P _   0.009 0.002 0.000 0.005 0.003 0.011 0.045 0.926 
 269 S _   0.010 0.002 0.000 0.006 0.004 0.013 0.044 0.921 
 270 E _   0.012 0.003 0.001 0.008 0.005 0.016 0.043 0.912 
 271 L _   0.014 0.005 0.001 0.011 0.007 0.019 0.042 0.903 
 272 A _   0.016 0.006 0.001 0.014 0.008 0.022 0.041 0.893 
 273 F _   0.018 0.007 0.001 0.016 0.010 0.024 0.040 0.884 
 274 I _   0.021 0.008 0.001 0.017 0.011 0.027 0.039 0.877 
 275 K _   0.024 0.008 0.001 0.017 0.012 0.029 0.038 0.872 
 276 E _   0.026 0.008 0.001 0.016 0.012 0.031 0.037 0.868 
 277 I _   0.030 0.008 0.001 0.014 0.013 0.034 0.036 0.864 
 278 G _   0.035 0.007 0.001 0.013 0.014 0.036 0.035 0.859 
 279 S _   0.040 0.007 0.001 0.012 0.015 0.039 0.034 0.852 
 280 G _   0.047 0.007 0.001 0.011 0.017 0.042 0.034 0.842 
 281 Q _   0.054 0.007 0.001 0.012 0.018 0.045 0.033 0.830 
 282 F _   0.060 0.008 0.001 0.013 0.021 0.047 0.033 0.818 
 283 G _   0.066 0.008 0.001 0.015 0.022 0.049 0.033 0.807 
 284 V _   0.070 0.009 0.001 0.016 0.023 0.050 0.033 0.799 
 285 V _   0.073 0.009 0.002 0.016 0.023 0.050 0.032 0.794 
 286 H _   0.075 0.009 0.001 0.016 0.023 0.049 0.033 0.794 
 287 L _   0.076 0.009 0.001 0.015 0.022 0.048 0.033 0.796 
 288 G _   0.075 0.008 0.001 0.013 0.021 0.047 0.033 0.801 
 289 E _   0.074 0.008 0.001 0.011 0.020 0.046 0.033 0.807 
 290 W _   0.072 0.008 0.001 0.010 0.019 0.045 0.033 0.812 
 291 R _   0.069 0.009 0.001 0.010 0.019 0.044 0.034 0.814 
 292 S _   0.067 0.010 0.001 0.012 0.019 0.043 0.034 0.815 
 293 H _   0.065 0.012 0.001 0.015 0.019 0.041 0.034 0.813 
 294 I _   0.061 0.014 0.001 0.019 0.020 0.040 0.035 0.809 
 295 Q _   0.058 0.017 0.001 0.024 0.020 0.038 0.036 0.807 
 296 V _   0.053 0.019 0.002 0.027 0.020 0.035 0.037 0.807 
 297 A _   0.048 0.020 0.001 0.029 0.019 0.032 0.038 0.813 
 298 I _   0.042 0.019 0.001 0.029 0.016 0.029 0.039 0.824 
 299 K _   0.036 0.018 0.001 0.026 0.014 0.025 0.040 0.840 
 300 A _   0.029 0.015 0.001 0.021 0.010 0.021 0.042 0.861 
 301 I _   0.024 0.011 0.001 0.016 0.007 0.017 0.043 0.881 
 302 N _   0.019 0.007 0.001 0.011 0.005 0.014 0.044 0.900 
 303 E _   0.015 0.004 0.000 0.007 0.004 0.012 0.045 0.914 
 304 G _   0.012 0.002 0.000 0.005 0.003 0.010 0.045 0.924 
 305 S _   0.010 0.002 0.000 0.003 0.002 0.009 0.045 0.929 
 306 M _   0.009 0.001 0.000 0.003 0.002 0.009 0.045 0.930 
 307 S _   0.010 0.001 0.000 0.003 0.002 0.011 0.044 0.928 
 308 E _   0.011 0.002 0.000 0.004 0.003 0.013 0.044 0.923 
 309 E _   0.013 0.004 0.000 0.007 0.004 0.016 0.043 0.913 
 310 D _   0.015 0.007 0.001 0.011 0.007 0.019 0.042 0.899 
 311 F _   0.018 0.011 0.001 0.017 0.009 0.023 0.041 0.881 
 312 I _   0.020 0.016 0.001 0.024 0.012 0.026 0.039 0.861 
 313 E _   0.022 0.020 0.001 0.030 0.015 0.029 0.038 0.845 
 314 E _   0.024 0.022 0.001 0.034 0.016 0.030 0.037 0.834 
 315 A _   0.026 0.022 0.001 0.035 0.017 0.031 0.037 0.830 
 316 K _   0.028 0.021 0.001 0.033 0.016 0.031 0.036 0.833 
 317 V _   0.030 0.018 0.001 0.027 0.015 0.030 0.036 0.842 
 318 M _   0.033 0.014 0.001 0.020 0.012 0.030 0.036 0.854 
 319 M _   0.037 0.009 0.001 0.014 0.010 0.029 0.036 0.865 
 320 K _   0.041 0.005 0.001 0.008 0.008 0.028 0.035 0.873 
 321 L _   0.048 0.002 0.001 0.005 0.007 0.028 0.035 0.874 
 322 S _   0.057 0.001 0.001 0.003 0.007 0.029 0.035 0.868 
 323 H _   0.069 0.000 0.001 0.003 0.007 0.032 0.034 0.854 
 324 S _   0.086 0.000 0.001 0.003 0.009 0.035 0.034 0.832 
 325 K _   0.107 0.000 0.001 0.004 0.013 0.039 0.033 0.803 
 326 L _   0.129 0.001 0.001 0.006 0.017 0.044 0.033 0.770 
 327 V _   0.150 0.001 0.001 0.008 0.023 0.048 0.033 0.735 
 328 Q _   0.168 0.002 0.002 0.012 0.027 0.051 0.033 0.706 
 329 L _   0.179 0.003 0.002 0.015 0.031 0.052 0.033 0.685 
 330 Y _   0.185 0.004 0.002 0.017 0.032 0.052 0.034 0.675 
 331 G _   0.185 0.004 0.002 0.017 0.031 0.051 0.034 0.677 
 332 V _   0.181 0.003 0.002 0.015 0.028 0.048 0.035 0.688 
 333 C _   0.172 0.003 0.002 0.012 0.024 0.046 0.036 0.707 
 334 I _   0.161 0.002 0.001 0.009 0.019 0.043 0.037 0.729 
 335 Q _   0.147 0.001 0.001 0.006 0.015 0.040 0.038 0.751 
 336 R _   0.134 0.001 0.001 0.004 0.012 0.038 0.039 0.770 
 337 K _   0.122 0.001 0.001 0.004 0.011 0.038 0.040 0.784 
 338 P _   0.112 0.001 0.001 0.004 0.010 0.038 0.041 0.793 
 339 L _   0.104 0.002 0.001 0.004 0.011 0.039 0.042 0.797 
 340 Y _   0.098 0.003 0.001 0.006 0.013 0.040 0.043 0.794 
 341 I _   0.093 0.007 0.001 0.009 0.016 0.042 0.044 0.787 
 342 V _   0.089 0.014 0.001 0.014 0.020 0.043 0.045 0.774 
 343 T _   0.084 0.022 0.002 0.019 0.023 0.044 0.046 0.760 
 344 E _   0.078 0.031 0.002 0.024 0.025 0.044 0.048 0.748 
 345 F _   0.071 0.038 0.002 0.029 0.026 0.042 0.049 0.742 
 346 M _   0.064 0.044 0.002 0.033 0.026 0.040 0.051 0.741 
 347 E _   0.057 0.047 0.002 0.035 0.024 0.038 0.053 0.744 
 348 N _   0.050 0.048 0.002 0.036 0.022 0.034 0.056 0.751 
 349 G _   0.044 0.048 0.001 0.036 0.019 0.031 0.059 0.762 
 350 C _   0.038 0.046 0.001 0.034 0.016 0.027 0.062 0.776 
 351 L _   0.033 0.042 0.001 0.030 0.013 0.024 0.066 0.792 
 352 L _   0.027 0.035 0.001 0.026 0.010 0.020 0.070 0.811 
 353 N _   0.022 0.028 0.001 0.020 0.007 0.016 0.074 0.832 
 354 Y _   0.018 0.019 0.001 0.015 0.005 0.013 0.077 0.852 
 355 L _   0.014 0.012 0.000 0.010 0.004 0.011 0.080 0.870 
 356 R _   0.011 0.006 0.000 0.006 0.003 0.009 0.081 0.883 
 357 E _   0.009 0.003 0.000 0.004 0.002 0.007 0.083 0.892 
 358 N _   0.007 0.001 0.000 0.003 0.001 0.007 0.083 0.897 
 359 K _   0.007 0.001 0.000 0.002 0.001 0.007 0.083 0.899 
 360 G _   0.007 0.000 0.000 0.002 0.001 0.008 0.083 0.898 
 361 K _   0.010 0.000 0.000 0.002 0.002 0.011 0.082 0.893 
 362 L _   0.014 0.001 0.000 0.003 0.003 0.015 0.081 0.884 
 363 R _   0.021 0.001 0.000 0.004 0.004 0.021 0.079 0.868 
 364 K _   0.031 0.004 0.001 0.007 0.008 0.029 0.077 0.845 
 365 E _   0.043 0.008 0.001 0.010 0.013 0.038 0.074 0.814 
 366 M _   0.057 0.014 0.001 0.015 0.020 0.046 0.071 0.777 
 367 L _   0.071 0.021 0.002 0.019 0.027 0.054 0.068 0.738 
 368 L _   0.085 0.029 0.002 0.023 0.035 0.060 0.065 0.701 
 369 S _   0.097 0.036 0.002 0.026 0.041 0.065 0.063 0.670 
 370 V _   0.108 0.041 0.002 0.028 0.046 0.067 0.061 0.647 
 371 C _   0.116 0.045 0.002 0.030 0.048 0.067 0.060 0.632 
 372 Q _   0.122 0.048 0.002 0.031 0.049 0.066 0.059 0.624 
 373 D _   0.125 0.049 0.002 0.031 0.047 0.063 0.059 0.624 
 374 I _   0.125 0.048 0.002 0.031 0.044 0.059 0.059 0.631 
 375 C _   0.121 0.047 0.002 0.030 0.039 0.054 0.060 0.647 
 376 E _   0.113 0.043 0.002 0.028 0.033 0.049 0.061 0.670 
 377 G _   0.102 0.038 0.002 0.025 0.027 0.043 0.063 0.700 
 378 M _   0.090 0.032 0.002 0.022 0.021 0.037 0.064 0.733 
 379 E _   0.075 0.024 0.001 0.018 0.016 0.032 0.066 0.768 
 380 Y _   0.060 0.017 0.001 0.015 0.011 0.026 0.067 0.802 
 381 L _   0.046 0.011 0.001 0.011 0.008 0.022 0.069 0.833 
 382 E _   0.034 0.007 0.001 0.008 0.006 0.018 0.070 0.857 
 383 R _   0.025 0.004 0.001 0.006 0.004 0.015 0.070 0.875 
 384 N _   0.019 0.002 0.000 0.005 0.003 0.013 0.070 0.887 
 385 G _   0.015 0.001 0.000 0.004 0.003 0.012 0.070 0.895 
 386 Y _   0.012 0.001 0.000 0.004 0.002 0.011 0.070 0.899 
 387 I _   0.011 0.001 0.000 0.004 0.002 0.011 0.069 0.901 
 388 H _   0.012 0.001 0.000 0.004 0.003 0.013 0.068 0.900 
 389 R _   0.013 0.001 0.000 0.005 0.003 0.015 0.067 0.897 
 390 D _   0.016 0.001 0.000 0.005 0.004 0.017 0.065 0.891 
 391 L _   0.021 0.001 0.001 0.006 0.005 0.021 0.064 0.882 
 392 A _   0.027 0.001 0.001 0.007 0.007 0.025 0.062 0.870 
 393 A _   0.036 0.002 0.001 0.008 0.010 0.031 0.059 0.854 
 394 R _   0.047 0.002 0.001 0.009 0.013 0.036 0.057 0.834 
 395 N _   0.061 0.003 0.001 0.010 0.017 0.042 0.055 0.811 
 396 C _   0.076 0.004 0.001 0.011 0.021 0.048 0.053 0.785 
 397 L _   0.091 0.006 0.002 0.012 0.026 0.053 0.051 0.759 
 398 V _   0.106 0.007 0.002 0.013 0.031 0.058 0.049 0.734 
 399 S _   0.120 0.009 0.002 0.014 0.035 0.061 0.048 0.711 
 400 S _   0.131 0.011 0.002 0.015 0.038 0.063 0.047 0.693 
 401 T _   0.139 0.012 0.002 0.016 0.039 0.064 0.046 0.681 
 402 C _   0.144 0.014 0.002 0.016 0.040 0.064 0.046 0.675 
 403 I _   0.145 0.015 0.002 0.017 0.039 0.062 0.045 0.674 
 404 V _   0.142 0.017 0.002 0.017 0.037 0.060 0.046 0.679 
 405 K _   0.135 0.018 0.002 0.018 0.035 0.057 0.046 0.689 
 406 I _   0.126 0.019 0.002 0.019 0.032 0.054 0.046 0.701 
 407 S _   0.116 0.020 0.002 0.021 0.029 0.050 0.047 0.715 
 408 D _   0.103 0.021 0.002 0.023 0.027 0.046 0.048 0.731 
 409 F _   0.089 0.021 0.002 0.024 0.023 0.041 0.049 0.750 
 410 G _   0.075 0.021 0.001 0.025 0.020 0.036 0.051 0.772 
 411 M _   0.060 0.019 0.001 0.024 0.016 0.031 0.052 0.796 
 412 T _   0.048 0.017 0.001 0.021 0.013 0.026 0.054 0.821 
 413 R _   0.036 0.014 0.001 0.017 0.009 0.021 0.055 0.846 
 414 Y _   0.027 0.010 0.001 0.013 0.007 0.017 0.056 0.869 
 415 V _   0.020 0.008 0.001 0.009 0.005 0.014 0.057 0.887 
 416 L _   0.015 0.006 0.000 0.007 0.003 0.011 0.058 0.901 
 417 D _   0.011 0.004 0.000 0.005 0.003 0.009 0.058 0.909 
 418 D _   0.009 0.004 0.000 0.004 0.002 0.008 0.058 0.914 
 419 E _   0.008 0.004 0.000 0.004 0.002 0.008 0.058 0.916 
 420 Y _   0.008 0.005 0.000 0.005 0.002 0.009 0.057 0.914 
 421 V _   0.008 0.007 0.000 0.006 0.003 0.010 0.056 0.910 
 422 S _   0.009 0.010 0.000 0.009 0.004 0.011 0.055 0.902 
 423 S _   0.009 0.015 0.001 0.013 0.005 0.012 0.054 0.892 
 424 F _   0.010 0.020 0.001 0.016 0.006 0.013 0.052 0.881 
 425 G _   0.010 0.026 0.001 0.020 0.007 0.014 0.051 0.871 
 426 A _   0.010 0.030 0.001 0.022 0.008 0.015 0.050 0.864 
 427 K _   0.010 0.033 0.001 0.022 0.008 0.015 0.049 0.861 
 428 F _   0.010 0.035 0.001 0.021 0.008 0.015 0.048 0.862 
 429 P _   0.010 0.036 0.001 0.019 0.007 0.015 0.048 0.864 
 430 I _   0.010 0.036 0.001 0.017 0.007 0.015 0.047 0.867 
 431 K _   0.010 0.036 0.001 0.016 0.007 0.016 0.046 0.868 
 432 W _   0.010 0.037 0.001 0.016 0.007 0.016 0.046 0.867 
 433 S _   0.011 0.038 0.001 0.017 0.007 0.017 0.046 0.864 
 434 P _   0.012 0.039 0.001 0.020 0.008 0.017 0.045 0.858 
 435 P _   0.012 0.040 0.001 0.023 0.009 0.018 0.045 0.851 
 436 E _   0.013 0.041 0.001 0.027 0.010 0.018 0.045 0.846 
 437 V _   0.013 0.040 0.001 0.029 0.010 0.018 0.045 0.844 
 438 F _   0.013 0.038 0.001 0.029 0.010 0.017 0.045 0.847 
 439 L _   0.013 0.034 0.001 0.026 0.009 0.016 0.046 0.856 
 440 F _   0.013 0.027 0.001 0.021 0.007 0.015 0.046 0.870 
 441 N _   0.014 0.019 0.001 0.015 0.006 0.013 0.046 0.886 
 442 K _   0.017 0.011 0.001 0.010 0.004 0.012 0.047 0.899 
 443 Y _   0.021 0.005 0.000 0.006 0.003 0.011 0.047 0.906 
 444 S _   0.030 0.002 0.000 0.003 0.003 0.011 0.046 0.904 
 445 S _   0.047 0.000 0.000 0.002 0.003 0.012 0.046 0.890 
 446 K _   0.076 0.000 0.000 0.002 0.004 0.015 0.045 0.859 
 447 S _   0.126 0.000 0.001 0.002 0.006 0.019 0.043 0.804 
 448 D _   0.200 0.000 0.001 0.002 0.009 0.025 0.042 0.721 
 449 V _   0.293 0.000 0.001 0.002 0.016 0.032 0.040 0.616 
 450 W _   0.388 0.000 0.002 0.003 0.025 0.038 0.039 0.505 
 451 S H   0.469 0.000 0.002 0.004 0.035 0.043 0.038 0.408 
 452 F H   0.533 0.001 0.002 0.005 0.044 0.046 0.038 0.330 
 453 G H   0.576 0.002 0.002 0.006 0.051 0.048 0.040 0.276 
 454 V H   0.601 0.003 0.002 0.008 0.056 0.047 0.042 0.241 
 455 L H   0.610 0.004 0.002 0.009 0.058 0.046 0.045 0.226 
 456 M H   0.603 0.004 0.003 0.011 0.058 0.043 0.049 0.229 
 457 W H   0.581 0.004 0.003 0.012 0.056 0.041 0.055 0.249 
 458 E H   0.542 0.004 0.003 0.013 0.051 0.038 0.063 0.287 
 459 V H   0.482 0.004 0.003 0.013 0.043 0.034 0.073 0.347 
 460 F _   0.406 0.003 0.003 0.013 0.034 0.030 0.086 0.426 
 461 T _   0.321 0.002 0.002 0.012 0.024 0.025 0.099 0.514 
 462 E _   0.237 0.001 0.002 0.009 0.016 0.021 0.113 0.601 
 463 G _   0.164 0.001 0.001 0.007 0.009 0.016 0.126 0.675 
 464 K _   0.106 0.000 0.001 0.005 0.006 0.013 0.136 0.732 
 465 M _   0.065 0.000 0.000 0.004 0.004 0.010 0.144 0.773 
 466 P _   0.039 0.000 0.000 0.003 0.002 0.008 0.150 0.798 
 467 F _   0.024 0.000 0.000 0.002 0.002 0.007 0.154 0.812 
 468 E _   0.015 0.000 0.000 0.002 0.002 0.007 0.157 0.817 
 469 N _   0.012 0.001 0.000 0.002 0.002 0.008 0.159 0.817 
 470 K _   0.011 0.002 0.000 0.003 0.002 0.009 0.161 0.812 
 471 S _   0.011 0.004 0.000 0.005 0.003 0.012 0.162 0.802 
 472 N _   0.013 0.011 0.001 0.008 0.005 0.016 0.163 0.783 
 473 L _   0.015 0.023 0.001 0.014 0.008 0.021 0.163 0.755 
 474 Q _   0.018 0.041 0.001 0.022 0.012 0.025 0.163 0.718 
 475 V _   0.019 0.061 0.001 0.032 0.016 0.029 0.163 0.678 
 476 V _   0.021 0.078 0.002 0.041 0.020 0.032 0.164 0.643 
 477 E _   0.021 0.090 0.002 0.048 0.022 0.034 0.166 0.617 
 478 A _   0.022 0.096 0.002 0.053 0.024 0.035 0.168 0.600 
 479 I _   0.023 0.099 0.002 0.054 0.024 0.035 0.172 0.593 
 480 S _   0.023 0.097 0.002 0.051 0.023 0.034 0.177 0.593 
 481 E _   0.023 0.091 0.002 0.046 0.021 0.033 0.183 0.601 
 482 G _   0.023 0.081 0.002 0.038 0.019 0.031 0.191 0.616 
 483 F _   0.023 0.066 0.001 0.030 0.015 0.029 0.199 0.637 
 484 R _   0.022 0.049 0.001 0.021 0.012 0.028 0.208 0.659 
 485 L _   0.022 0.033 0.001 0.014 0.009 0.026 0.216 0.679 
 486 Y _   0.021 0.020 0.001 0.009 0.007 0.025 0.224 0.693 
 487 R _   0.022 0.014 0.001 0.006 0.006 0.025 0.230 0.697 
 488 P _   0.023 0.011 0.001 0.004 0.005 0.027 0.235 0.694 
 489 H _   0.027 0.011 0.001 0.004 0.006 0.029 0.240 0.683 
 490 L _   0.033 0.012 0.001 0.005 0.009 0.033 0.245 0.663 
 491 A _   0.039 0.017 0.001 0.008 0.013 0.038 0.250 0.633 
 492 P _   0.046 0.029 0.002 0.015 0.021 0.043 0.255 0.590 
 493 M _   0.051 0.049 0.002 0.025 0.028 0.047 0.261 0.536 
 494 S _   0.053 0.072 0.002 0.038 0.034 0.048 0.268 0.484 
 495 I _   0.052 0.092 0.002 0.052 0.038 0.048 0.276 0.440 
 496 Y _   0.051 0.104 0.002 0.062 0.038 0.046 0.287 0.410 
 497 E _   0.047 0.109 0.002 0.067 0.036 0.042 0.301 0.395 
 498 V _   0.042 0.109 0.002 0.067 0.033 0.038 0.318 0.392 
 499 M _   0.037 0.103 0.002 0.060 0.027 0.033 0.338 0.399 
 500 Y _   0.031 0.090 0.002 0.050 0.021 0.027 0.362 0.417 
 501 S _   0.025 0.070 0.002 0.037 0.015 0.021 0.388 0.443 
 502 C _   0.019 0.045 0.001 0.024 0.010 0.016 0.414 0.471 
 503 W _   0.014 0.024 0.001 0.014 0.006 0.012 0.436 0.494 
 504 H _   0.010 0.010 0.000 0.007 0.003 0.008 0.453 0.508 
 505 E _   0.007 0.004 0.000 0.003 0.002 0.006 0.465 0.513 
 506 K _   0.005 0.001 0.000 0.002 0.001 0.005 0.473 0.513 
 507 P _   0.004 0.000 0.000 0.001 0.001 0.005 0.479 0.510 
 508 E _   0.004 0.000 0.000 0.001 0.001 0.005 0.483 0.505 
 509 G _   0.006 0.000 0.000 0.001 0.001 0.007 0.487 0.497 
 510 R X   0.009 0.000 0.000 0.002 0.002 0.011 0.490 0.486 
 511 P X   0.015 0.001 0.000 0.003 0.003 0.016 0.492 0.470 
 512 T X   0.023 0.003 0.001 0.005 0.006 0.023 0.494 0.447 
 513 F X   0.034 0.007 0.001 0.007 0.010 0.031 0.495 0.415 
 514 A X   0.045 0.014 0.001 0.011 0.017 0.039 0.496 0.378 
 515 E X   0.056 0.022 0.001 0.013 0.025 0.046 0.497 0.339 
 516 L X   0.067 0.031 0.002 0.016 0.032 0.051 0.500 0.302 
 517 L X   0.074 0.040 0.002 0.018 0.038 0.054 0.504 0.271 
 518 R X   0.079 0.048 0.002 0.019 0.043 0.054 0.510 0.245 
 519 A X   0.079 0.055 0.002 0.021 0.045 0.052 0.518 0.228 
 520 V X   0.075 0.060 0.002 0.023 0.043 0.048 0.530 0.219 
 521 T X   0.068 0.063 0.002 0.024 0.038 0.041 0.547 0.218 
 522 E X   0.055 0.064 0.002 0.024 0.029 0.032 0.568 0.226 
 523 I X   0.038 0.061 0.002 0.021 0.016 0.021 0.595 0.246 
 524 A X   0.021 0.053 0.001 0.013 0.005 0.011 0.618 0.277 
 525 E X   0.008 0.041 0.000 0.007 0.001 0.005 0.628 0.310 
 526 T X   0.004 0.031 0.000 0.005 0.001 0.004 0.627 0.328 
 527 W X   0.006 0.027 0.001 0.009 0.004 0.006 0.615 0.331 
