#TopoPred_TM8: 8-state transmembrane topology prediction results by no_profile mode 
#probabilities are in the order of H E C I L F X _, the 8 transmembrane topology types used in PDBTM 
   1 M X   0.019 0.003 0.003 0.090 0.013 0.016 0.535 0.321 
   2 S X   0.007 0.003 0.000 0.064 0.003 0.010 0.549 0.363 
   3 T X   0.003 0.003 0.000 0.045 0.001 0.007 0.550 0.391 
   4 A X   0.002 0.004 0.000 0.036 0.001 0.008 0.543 0.406 
   5 S X   0.003 0.006 0.000 0.032 0.002 0.010 0.529 0.417 
   6 A X   0.004 0.010 0.000 0.030 0.003 0.013 0.511 0.429 
   7 A X   0.005 0.016 0.001 0.029 0.004 0.015 0.491 0.440 
   8 S X   0.006 0.023 0.001 0.029 0.005 0.016 0.467 0.453 
   9 S _   0.006 0.032 0.001 0.030 0.006 0.017 0.443 0.466 
  10 S _   0.006 0.042 0.001 0.032 0.007 0.017 0.417 0.478 
  11 S _   0.006 0.052 0.001 0.034 0.008 0.018 0.392 0.488 
  12 S _   0.006 0.062 0.001 0.036 0.009 0.019 0.370 0.498 
  13 S _   0.006 0.069 0.001 0.038 0.010 0.020 0.351 0.505 
  14 S _   0.007 0.076 0.001 0.039 0.011 0.020 0.334 0.512 
  15 A _   0.008 0.080 0.001 0.041 0.012 0.021 0.320 0.518 
  16 G _   0.009 0.083 0.001 0.041 0.012 0.021 0.308 0.525 
  17 E _   0.010 0.084 0.001 0.040 0.012 0.021 0.298 0.534 
  18 M _   0.010 0.083 0.001 0.038 0.012 0.020 0.290 0.546 
  19 I _   0.011 0.080 0.001 0.034 0.011 0.019 0.283 0.561 
  20 E _   0.011 0.075 0.001 0.030 0.010 0.018 0.277 0.578 
  21 A _   0.011 0.068 0.001 0.026 0.009 0.017 0.271 0.597 
  22 P _   0.011 0.060 0.001 0.021 0.008 0.016 0.267 0.616 
  23 S _   0.011 0.052 0.001 0.018 0.007 0.015 0.263 0.633 
  24 Q _   0.010 0.044 0.001 0.016 0.006 0.014 0.260 0.649 
  25 V _   0.010 0.037 0.001 0.014 0.006 0.013 0.257 0.663 
  26 L _   0.010 0.031 0.001 0.013 0.005 0.012 0.254 0.675 
  27 N _   0.009 0.025 0.001 0.012 0.005 0.011 0.251 0.687 
  28 F _   0.009 0.020 0.001 0.010 0.004 0.010 0.248 0.697 
  29 E _   0.008 0.016 0.001 0.009 0.004 0.010 0.244 0.708 
  30 E _   0.008 0.013 0.000 0.008 0.003 0.009 0.241 0.717 
  31 I _   0.008 0.010 0.000 0.007 0.003 0.009 0.237 0.726 
  32 D _   0.007 0.007 0.000 0.006 0.003 0.009 0.233 0.734 
  33 Y _   0.008 0.006 0.000 0.005 0.003 0.009 0.229 0.740 
  34 K _   0.008 0.005 0.000 0.005 0.003 0.010 0.224 0.745 
  35 E _   0.009 0.005 0.000 0.005 0.003 0.011 0.219 0.747 
  36 I _   0.011 0.005 0.000 0.005 0.004 0.013 0.214 0.748 
  37 E _   0.013 0.006 0.001 0.006 0.004 0.016 0.208 0.746 
  38 V _   0.015 0.008 0.001 0.007 0.006 0.019 0.202 0.742 
  39 E _   0.019 0.011 0.001 0.009 0.008 0.023 0.195 0.734 
  40 E _   0.024 0.016 0.001 0.011 0.010 0.028 0.188 0.723 
  41 V _   0.028 0.023 0.001 0.013 0.014 0.032 0.180 0.708 
  42 V _   0.033 0.032 0.001 0.017 0.018 0.037 0.172 0.689 
  43 G _   0.038 0.043 0.002 0.021 0.022 0.041 0.165 0.669 
  44 R _   0.041 0.054 0.002 0.026 0.027 0.044 0.158 0.649 
  45 G _   0.044 0.064 0.002 0.031 0.030 0.046 0.152 0.631 
  46 A _   0.045 0.073 0.002 0.036 0.031 0.046 0.147 0.620 
  47 F _   0.045 0.078 0.002 0.040 0.031 0.045 0.143 0.617 
  48 G _   0.043 0.080 0.002 0.041 0.029 0.042 0.140 0.622 
  49 V _   0.040 0.080 0.002 0.040 0.026 0.039 0.138 0.635 
  50 V _   0.037 0.077 0.002 0.036 0.022 0.035 0.136 0.655 
  51 C _   0.033 0.071 0.001 0.031 0.018 0.031 0.135 0.679 
  52 K _   0.029 0.063 0.001 0.025 0.014 0.027 0.134 0.707 
  53 A _   0.025 0.053 0.001 0.020 0.011 0.023 0.133 0.733 
  54 K _   0.021 0.044 0.001 0.016 0.009 0.020 0.133 0.757 
  55 W _   0.018 0.036 0.001 0.013 0.007 0.018 0.132 0.776 
  56 R _   0.015 0.029 0.001 0.011 0.006 0.015 0.132 0.791 
  57 A _   0.014 0.025 0.001 0.010 0.005 0.014 0.131 0.801 
  58 K _   0.012 0.022 0.001 0.010 0.005 0.013 0.130 0.808 
  59 D _   0.011 0.019 0.001 0.010 0.004 0.012 0.129 0.813 
  60 V _   0.010 0.017 0.001 0.010 0.004 0.011 0.128 0.818 
  61 A _   0.010 0.015 0.000 0.010 0.004 0.011 0.128 0.822 
  62 I _   0.009 0.013 0.000 0.009 0.004 0.010 0.127 0.827 
  63 K _   0.009 0.011 0.000 0.009 0.003 0.010 0.126 0.832 
  64 Q _   0.008 0.010 0.000 0.007 0.003 0.010 0.124 0.838 
  65 I _   0.008 0.008 0.000 0.006 0.003 0.010 0.123 0.842 
  66 E _   0.008 0.007 0.000 0.005 0.003 0.010 0.121 0.845 
  67 S _   0.009 0.007 0.000 0.005 0.003 0.012 0.119 0.845 
  68 E _   0.011 0.008 0.000 0.005 0.003 0.014 0.116 0.842 
  69 S _   0.013 0.010 0.000 0.006 0.005 0.017 0.113 0.835 
  70 E _   0.017 0.015 0.001 0.009 0.007 0.022 0.110 0.820 
  71 R _   0.021 0.024 0.001 0.014 0.011 0.027 0.106 0.796 
  72 K _   0.025 0.040 0.001 0.023 0.016 0.031 0.102 0.762 
  73 A _   0.028 0.058 0.002 0.034 0.021 0.035 0.098 0.726 
  74 F _   0.029 0.075 0.002 0.045 0.024 0.036 0.094 0.695 
  75 I _   0.030 0.086 0.002 0.054 0.026 0.037 0.091 0.674 
  76 V _   0.030 0.092 0.002 0.060 0.027 0.036 0.089 0.665 
  77 E _   0.030 0.093 0.002 0.060 0.026 0.034 0.087 0.669 
  78 L _   0.028 0.089 0.002 0.055 0.023 0.031 0.087 0.685 
  79 R _   0.026 0.080 0.002 0.046 0.019 0.028 0.087 0.713 
  80 Q _   0.024 0.065 0.001 0.035 0.015 0.024 0.087 0.749 
  81 L _   0.021 0.045 0.001 0.023 0.011 0.020 0.088 0.791 
  82 S _   0.018 0.025 0.001 0.014 0.007 0.017 0.088 0.829 
  83 R _   0.015 0.012 0.001 0.008 0.005 0.015 0.088 0.857 
  84 V _   0.013 0.005 0.000 0.005 0.003 0.013 0.087 0.873 
  85 N _   0.012 0.002 0.000 0.003 0.003 0.013 0.086 0.880 
  86 H _   0.013 0.001 0.000 0.003 0.002 0.013 0.085 0.882 
  87 P _   0.015 0.001 0.000 0.003 0.003 0.015 0.084 0.879 
  88 N _   0.018 0.001 0.000 0.004 0.004 0.018 0.082 0.873 
  89 I _   0.022 0.002 0.001 0.006 0.006 0.022 0.080 0.862 
  90 V _   0.028 0.003 0.001 0.008 0.008 0.027 0.077 0.848 
  91 K _   0.033 0.004 0.001 0.011 0.011 0.032 0.075 0.832 
  92 L _   0.038 0.006 0.001 0.013 0.015 0.037 0.072 0.817 
  93 Y _   0.044 0.008 0.001 0.015 0.018 0.041 0.070 0.803 
  94 G _   0.049 0.010 0.001 0.016 0.021 0.045 0.067 0.790 
  95 A _   0.055 0.012 0.001 0.016 0.023 0.048 0.065 0.779 
  96 C _   0.060 0.013 0.001 0.016 0.025 0.050 0.064 0.770 
  97 L _   0.064 0.015 0.002 0.016 0.027 0.052 0.062 0.763 
  98 N _   0.068 0.017 0.002 0.017 0.028 0.053 0.061 0.755 
  99 P _   0.071 0.019 0.002 0.019 0.030 0.053 0.060 0.747 
 100 V _   0.072 0.021 0.002 0.022 0.031 0.052 0.059 0.741 
 101 C _   0.073 0.023 0.002 0.025 0.031 0.051 0.058 0.738 
 102 L _   0.071 0.025 0.002 0.027 0.030 0.048 0.058 0.740 
 103 V _   0.067 0.025 0.002 0.028 0.028 0.045 0.058 0.747 
 104 M _   0.062 0.024 0.002 0.027 0.025 0.041 0.058 0.761 
 105 E _   0.055 0.022 0.002 0.025 0.021 0.037 0.059 0.780 
 106 Y _   0.048 0.019 0.001 0.021 0.017 0.032 0.059 0.803 
 107 A _   0.040 0.015 0.001 0.017 0.013 0.028 0.060 0.826 
 108 E _   0.033 0.012 0.001 0.013 0.010 0.024 0.061 0.846 
 109 G _   0.027 0.009 0.001 0.011 0.008 0.021 0.061 0.863 
 110 G _   0.023 0.007 0.001 0.009 0.006 0.018 0.062 0.875 
 111 S _   0.020 0.005 0.001 0.008 0.005 0.016 0.062 0.884 
 112 L _   0.017 0.004 0.001 0.008 0.005 0.015 0.062 0.889 
 113 Y _   0.015 0.003 0.001 0.008 0.005 0.014 0.062 0.893 
 114 N _   0.014 0.003 0.001 0.008 0.004 0.013 0.062 0.895 
 115 V _   0.013 0.002 0.001 0.008 0.004 0.013 0.062 0.897 
 116 L _   0.012 0.002 0.001 0.008 0.004 0.013 0.062 0.899 
 117 H _   0.012 0.002 0.000 0.008 0.004 0.013 0.061 0.900 
 118 G _   0.013 0.001 0.000 0.007 0.004 0.013 0.061 0.900 
 119 A _   0.014 0.001 0.000 0.006 0.004 0.014 0.060 0.900 
 120 E _   0.017 0.001 0.000 0.006 0.004 0.016 0.059 0.898 
 121 P _   0.022 0.001 0.000 0.005 0.004 0.018 0.058 0.893 
 122 L _   0.029 0.000 0.001 0.005 0.005 0.021 0.057 0.883 
 123 P _   0.040 0.000 0.001 0.005 0.006 0.025 0.055 0.868 
 124 Y _   0.056 0.000 0.001 0.005 0.009 0.030 0.053 0.846 
 125 Y _   0.077 0.000 0.001 0.005 0.012 0.036 0.051 0.816 
 126 T _   0.104 0.001 0.001 0.006 0.017 0.043 0.050 0.778 
 127 A _   0.135 0.001 0.001 0.007 0.024 0.050 0.048 0.734 
 128 A _   0.167 0.002 0.002 0.008 0.031 0.056 0.046 0.688 
 129 H _   0.199 0.003 0.002 0.010 0.039 0.061 0.044 0.642 
 130 A _   0.229 0.004 0.002 0.012 0.046 0.064 0.043 0.600 
 131 M _   0.255 0.005 0.002 0.013 0.051 0.065 0.043 0.566 
 132 S _   0.276 0.006 0.002 0.013 0.054 0.065 0.042 0.541 
 133 W _   0.289 0.006 0.002 0.014 0.054 0.064 0.042 0.528 
 134 C _   0.295 0.007 0.002 0.014 0.053 0.061 0.043 0.525 
 135 L _   0.293 0.007 0.002 0.014 0.050 0.057 0.044 0.533 
 136 Q _   0.283 0.006 0.002 0.014 0.045 0.053 0.046 0.551 
 137 C _   0.267 0.005 0.002 0.013 0.038 0.049 0.048 0.578 
 138 S _   0.245 0.005 0.002 0.012 0.032 0.044 0.050 0.610 
 139 Q _   0.217 0.004 0.002 0.011 0.025 0.039 0.053 0.649 
 140 G _   0.188 0.003 0.001 0.010 0.020 0.035 0.056 0.687 
 141 V _   0.159 0.002 0.001 0.009 0.015 0.031 0.059 0.723 
 142 A _   0.131 0.002 0.001 0.008 0.012 0.028 0.061 0.756 
 143 Y _   0.105 0.002 0.001 0.008 0.010 0.024 0.064 0.786 
 144 L _   0.083 0.002 0.001 0.008 0.008 0.022 0.067 0.810 
 145 H _   0.064 0.002 0.001 0.009 0.007 0.019 0.069 0.829 
 146 S _   0.050 0.002 0.001 0.009 0.006 0.017 0.071 0.844 
 147 M _   0.038 0.002 0.001 0.010 0.006 0.016 0.073 0.855 
 148 Q _   0.030 0.002 0.001 0.010 0.005 0.014 0.075 0.864 
 149 P _   0.023 0.002 0.001 0.010 0.005 0.013 0.077 0.870 
 150 K _   0.019 0.002 0.001 0.010 0.004 0.011 0.078 0.876 
 151 A _   0.015 0.002 0.000 0.009 0.004 0.010 0.079 0.881 
 152 L _   0.013 0.001 0.000 0.008 0.003 0.009 0.081 0.886 
 153 I _   0.011 0.001 0.000 0.006 0.002 0.008 0.081 0.890 
 154 H _   0.009 0.001 0.000 0.005 0.002 0.007 0.082 0.894 
 155 R _   0.009 0.000 0.000 0.003 0.002 0.007 0.081 0.897 
 156 D _   0.009 0.000 0.000 0.002 0.002 0.008 0.081 0.898 
 157 L _   0.011 0.000 0.000 0.002 0.002 0.009 0.080 0.895 
 158 K _   0.016 0.000 0.000 0.002 0.002 0.012 0.078 0.889 
 159 P _   0.024 0.000 0.000 0.002 0.003 0.017 0.077 0.876 
 160 P _   0.038 0.000 0.000 0.003 0.005 0.025 0.074 0.854 
 161 N _   0.058 0.001 0.001 0.005 0.009 0.035 0.071 0.820 
 162 L _   0.083 0.003 0.001 0.008 0.017 0.047 0.068 0.774 
 163 L _   0.110 0.006 0.002 0.013 0.027 0.059 0.064 0.719 
 164 L _   0.133 0.011 0.002 0.019 0.038 0.070 0.061 0.666 
 165 V _   0.152 0.017 0.002 0.025 0.048 0.077 0.057 0.621 
 166 A _   0.167 0.021 0.003 0.030 0.056 0.082 0.055 0.588 
 167 G _   0.176 0.024 0.003 0.032 0.060 0.083 0.053 0.569 
 168 G _   0.182 0.025 0.003 0.032 0.061 0.083 0.052 0.563 
 169 T _   0.185 0.024 0.003 0.029 0.058 0.080 0.051 0.570 
 170 V _   0.183 0.022 0.003 0.025 0.053 0.076 0.051 0.588 
 171 L _   0.176 0.019 0.002 0.020 0.046 0.071 0.051 0.614 
 172 K _   0.164 0.016 0.002 0.016 0.038 0.066 0.051 0.646 
 173 I _   0.150 0.014 0.002 0.013 0.032 0.061 0.052 0.678 
 174 C _   0.134 0.012 0.001 0.011 0.026 0.056 0.052 0.708 
 175 D _   0.118 0.011 0.001 0.011 0.022 0.051 0.053 0.733 
 176 F _   0.102 0.011 0.001 0.012 0.019 0.046 0.053 0.755 
 177 G _   0.088 0.012 0.001 0.014 0.017 0.042 0.054 0.772 
 178 T _   0.074 0.013 0.001 0.017 0.016 0.038 0.054 0.785 
 179 A _   0.061 0.015 0.001 0.020 0.015 0.034 0.055 0.798 
 180 C _   0.050 0.015 0.001 0.022 0.014 0.030 0.056 0.812 
 181 D _   0.040 0.015 0.001 0.023 0.012 0.026 0.056 0.826 
 182 I _   0.031 0.015 0.001 0.021 0.010 0.022 0.057 0.842 
 183 Q _   0.024 0.013 0.001 0.019 0.008 0.018 0.058 0.858 
 184 T _   0.019 0.011 0.001 0.015 0.006 0.015 0.059 0.875 
 185 H _   0.014 0.009 0.001 0.011 0.004 0.012 0.059 0.890 
 186 M _   0.011 0.007 0.000 0.008 0.003 0.010 0.059 0.902 
 187 T _   0.009 0.006 0.000 0.005 0.002 0.009 0.059 0.910 
 188 N _   0.007 0.006 0.000 0.004 0.002 0.008 0.059 0.914 
 189 N _   0.006 0.006 0.000 0.004 0.002 0.008 0.058 0.915 
 190 K _   0.007 0.008 0.000 0.005 0.003 0.010 0.056 0.911 
 191 G _   0.008 0.012 0.000 0.008 0.004 0.012 0.055 0.902 
 192 S _   0.009 0.022 0.001 0.014 0.006 0.014 0.053 0.881 
 193 A _   0.011 0.039 0.001 0.024 0.009 0.017 0.050 0.849 
 194 A _   0.011 0.059 0.001 0.038 0.012 0.020 0.047 0.811 
 195 W _   0.012 0.078 0.001 0.052 0.015 0.021 0.044 0.777 
 196 M _   0.012 0.091 0.001 0.063 0.016 0.022 0.042 0.753 
 197 A _   0.012 0.097 0.001 0.069 0.017 0.022 0.040 0.742 
 198 P _   0.012 0.098 0.001 0.069 0.016 0.021 0.040 0.743 
 199 E _   0.012 0.094 0.001 0.063 0.014 0.019 0.039 0.757 
 200 V _   0.011 0.083 0.001 0.052 0.012 0.017 0.039 0.784 
 201 F _   0.011 0.066 0.001 0.037 0.009 0.014 0.040 0.822 
 202 E _   0.011 0.043 0.001 0.024 0.006 0.011 0.040 0.863 
 203 G _   0.011 0.022 0.001 0.013 0.004 0.009 0.040 0.900 
 204 S _   0.012 0.008 0.000 0.006 0.003 0.008 0.040 0.923 
 205 N _   0.015 0.002 0.000 0.003 0.002 0.007 0.039 0.932 
 206 Y _   0.021 0.001 0.000 0.002 0.002 0.007 0.038 0.930 
 207 S _   0.037 0.000 0.000 0.001 0.002 0.008 0.037 0.915 
 208 E _   0.068 0.000 0.000 0.001 0.003 0.010 0.034 0.882 
 209 K _   0.128 0.000 0.001 0.001 0.005 0.014 0.032 0.819 
 210 C _   0.220 0.000 0.001 0.002 0.008 0.020 0.028 0.722 
 211 D _   0.332 0.000 0.001 0.002 0.014 0.026 0.025 0.600 
 212 V _   0.449 0.000 0.002 0.003 0.022 0.032 0.021 0.471 
 213 F H   0.547 0.000 0.002 0.003 0.031 0.037 0.019 0.361 
 214 S H   0.621 0.000 0.002 0.003 0.039 0.039 0.017 0.279 
 215 W H   0.671 0.001 0.002 0.004 0.045 0.039 0.016 0.222 
 216 G H   0.702 0.001 0.002 0.005 0.049 0.038 0.016 0.187 
 217 I H   0.718 0.001 0.002 0.005 0.051 0.036 0.017 0.170 
 218 I H   0.718 0.002 0.002 0.006 0.051 0.034 0.018 0.168 
 219 L H   0.702 0.002 0.002 0.007 0.050 0.032 0.020 0.184 
 220 W H   0.669 0.002 0.003 0.008 0.047 0.030 0.023 0.219 
 221 E H   0.614 0.002 0.003 0.009 0.042 0.028 0.026 0.276 
 222 V H   0.535 0.001 0.003 0.009 0.034 0.026 0.032 0.360 
 223 I _   0.439 0.001 0.002 0.008 0.025 0.022 0.038 0.464 
 224 T _   0.334 0.001 0.002 0.007 0.017 0.019 0.044 0.577 
 225 R _   0.235 0.000 0.001 0.005 0.010 0.015 0.050 0.682 
 226 R _   0.154 0.000 0.001 0.004 0.006 0.012 0.056 0.767 
 227 K _   0.095 0.000 0.001 0.003 0.004 0.010 0.060 0.828 
 228 P _   0.056 0.000 0.000 0.002 0.002 0.009 0.062 0.867 
 229 F _   0.035 0.000 0.000 0.002 0.002 0.009 0.064 0.888 
 230 D _   0.026 0.000 0.000 0.002 0.002 0.010 0.065 0.895 
 231 E _   0.023 0.001 0.000 0.002 0.002 0.013 0.066 0.893 
 232 I _   0.024 0.003 0.000 0.004 0.004 0.017 0.066 0.880 
 233 G _   0.029 0.013 0.001 0.007 0.008 0.024 0.066 0.851 
 234 G _   0.035 0.039 0.001 0.015 0.016 0.033 0.065 0.795 
 235 P _   0.040 0.096 0.002 0.028 0.026 0.040 0.064 0.705 
 236 A _   0.041 0.173 0.003 0.044 0.034 0.044 0.062 0.599 
 237 F _   0.040 0.239 0.003 0.059 0.038 0.045 0.061 0.514 
 238 R _   0.039 0.282 0.003 0.070 0.039 0.045 0.061 0.461 
 239 I _   0.037 0.304 0.002 0.077 0.039 0.043 0.062 0.436 
 240 M _   0.035 0.312 0.002 0.079 0.037 0.040 0.065 0.430 
 241 W _   0.033 0.311 0.002 0.076 0.033 0.037 0.068 0.439 
 242 A _   0.031 0.301 0.002 0.069 0.029 0.033 0.072 0.462 
 243 V _   0.028 0.279 0.002 0.059 0.025 0.029 0.077 0.501 
 244 H _   0.026 0.242 0.002 0.047 0.020 0.026 0.084 0.553 
 245 N _   0.024 0.193 0.002 0.036 0.015 0.022 0.091 0.616 
 246 G _   0.021 0.142 0.001 0.027 0.011 0.019 0.099 0.679 
 247 T _   0.019 0.097 0.001 0.019 0.008 0.016 0.106 0.734 
 248 R _   0.016 0.065 0.001 0.013 0.006 0.014 0.113 0.774 
 249 P _   0.013 0.044 0.001 0.009 0.004 0.011 0.117 0.801 
 250 P _   0.010 0.033 0.000 0.006 0.003 0.010 0.120 0.818 
 251 L _   0.009 0.026 0.000 0.005 0.002 0.009 0.123 0.827 
 252 I _   0.007 0.024 0.000 0.004 0.002 0.008 0.124 0.831 
 253 K _   0.007 0.023 0.000 0.004 0.002 0.009 0.124 0.831 
 254 N _   0.007 0.025 0.000 0.004 0.002 0.010 0.124 0.828 
 255 L _   0.008 0.029 0.000 0.006 0.003 0.012 0.123 0.818 
 256 P _   0.010 0.040 0.001 0.010 0.005 0.015 0.121 0.798 
 257 K _   0.011 0.063 0.001 0.017 0.008 0.019 0.119 0.762 
 258 P _   0.012 0.099 0.001 0.029 0.012 0.023 0.116 0.707 
 259 I _   0.013 0.145 0.002 0.044 0.016 0.025 0.112 0.644 
 260 E _   0.013 0.183 0.002 0.059 0.019 0.026 0.110 0.589 
 261 S _   0.013 0.207 0.002 0.071 0.019 0.026 0.108 0.554 
 262 L _   0.012 0.219 0.001 0.079 0.019 0.026 0.108 0.535 
 263 M _   0.012 0.222 0.001 0.080 0.018 0.024 0.109 0.533 
 264 T _   0.011 0.217 0.001 0.076 0.017 0.022 0.111 0.545 
 265 R _   0.010 0.202 0.001 0.066 0.015 0.019 0.115 0.571 
 266 C _   0.010 0.173 0.001 0.052 0.012 0.017 0.119 0.615 
 267 W _   0.010 0.129 0.001 0.037 0.010 0.015 0.125 0.674 
 268 S _   0.009 0.079 0.001 0.023 0.007 0.012 0.131 0.737 
 269 K _   0.008 0.039 0.001 0.013 0.004 0.011 0.136 0.788 
 270 D _   0.007 0.015 0.000 0.007 0.003 0.009 0.139 0.819 
 271 P _   0.007 0.005 0.000 0.003 0.002 0.009 0.141 0.832 
 272 S _   0.009 0.002 0.000 0.002 0.001 0.010 0.142 0.834 
 273 Q _   0.013 0.001 0.000 0.002 0.002 0.012 0.142 0.829 
 274 R _   0.021 0.001 0.000 0.002 0.003 0.017 0.141 0.815 
 275 P _   0.037 0.001 0.000 0.003 0.005 0.025 0.140 0.790 
 276 S _   0.059 0.002 0.001 0.004 0.009 0.035 0.138 0.752 
 277 M _   0.089 0.005 0.001 0.007 0.017 0.047 0.136 0.698 
 278 E _   0.122 0.012 0.002 0.011 0.029 0.060 0.133 0.630 
 279 E _   0.154 0.024 0.002 0.016 0.044 0.072 0.130 0.558 
 280 I _   0.181 0.040 0.003 0.020 0.058 0.080 0.128 0.490 
 281 V _   0.202 0.056 0.003 0.025 0.070 0.084 0.127 0.432 
 282 K _   0.216 0.071 0.003 0.031 0.077 0.084 0.128 0.390 
 283 I _   0.222 0.083 0.003 0.036 0.079 0.082 0.130 0.365 
 284 M _   0.221 0.091 0.003 0.041 0.078 0.078 0.133 0.355 
 285 T _   0.213 0.094 0.003 0.045 0.072 0.071 0.138 0.363 
 286 H _   0.198 0.092 0.003 0.046 0.064 0.064 0.145 0.388 
 287 L _   0.175 0.086 0.003 0.043 0.052 0.055 0.154 0.431 
 288 M _   0.148 0.074 0.003 0.037 0.040 0.046 0.164 0.489 
 289 R _   0.119 0.057 0.002 0.028 0.027 0.037 0.174 0.554 
 290 Y _   0.091 0.039 0.002 0.020 0.017 0.029 0.183 0.619 
 291 F _   0.066 0.024 0.001 0.013 0.010 0.022 0.192 0.673 
 292 P _   0.046 0.014 0.001 0.008 0.006 0.017 0.198 0.710 
 293 G _   0.032 0.009 0.000 0.006 0.004 0.013 0.203 0.734 
 294 A _   0.022 0.007 0.000 0.005 0.003 0.011 0.206 0.746 
 295 D _   0.016 0.006 0.000 0.005 0.002 0.009 0.209 0.753 
 296 E _   0.012 0.005 0.000 0.005 0.002 0.008 0.211 0.755 
 297 P _   0.010 0.005 0.000 0.006 0.002 0.008 0.213 0.756 
 298 L _   0.009 0.006 0.000 0.007 0.002 0.007 0.214 0.754 
 299 Q _   0.008 0.007 0.000 0.008 0.002 0.007 0.214 0.753 
 300 Y _   0.007 0.008 0.000 0.009 0.002 0.007 0.214 0.752 
 301 P _   0.006 0.009 0.000 0.009 0.002 0.007 0.214 0.753 
 302 C _   0.005 0.010 0.000 0.009 0.002 0.006 0.213 0.754 
 303 Q _   0.005 0.010 0.000 0.008 0.002 0.006 0.212 0.756 
 304 Y _   0.004 0.011 0.000 0.007 0.002 0.006 0.211 0.759 
 305 S _   0.004 0.013 0.000 0.006 0.002 0.005 0.209 0.761 
 306 D _   0.004 0.015 0.000 0.006 0.002 0.006 0.206 0.762 
 307 E _   0.004 0.019 0.000 0.006 0.002 0.006 0.202 0.761 
 308 G _   0.004 0.027 0.000 0.008 0.002 0.008 0.197 0.755 
 309 Q _   0.005 0.041 0.000 0.011 0.003 0.010 0.190 0.740 
 310 S _   0.005 0.067 0.001 0.016 0.005 0.012 0.180 0.713 
 311 N _   0.007 0.113 0.001 0.023 0.008 0.015 0.168 0.666 
 312 S _   0.007 0.180 0.001 0.032 0.011 0.017 0.153 0.599 
 313 A _   0.007 0.263 0.002 0.042 0.013 0.018 0.137 0.518 
 314 T _   0.007 0.346 0.002 0.050 0.014 0.018 0.122 0.441 
 315 S E   0.006 0.413 0.002 0.056 0.014 0.018 0.111 0.380 
 316 T E   0.005 0.458 0.001 0.061 0.014 0.017 0.103 0.340 
 317 G E   0.005 0.486 0.001 0.065 0.014 0.016 0.098 0.315 
 318 S E   0.005 0.500 0.001 0.067 0.013 0.016 0.095 0.303 
 319 F E   0.005 0.505 0.001 0.067 0.013 0.015 0.093 0.301 
 320 M E   0.006 0.502 0.001 0.065 0.012 0.014 0.093 0.307 
 321 D E   0.006 0.489 0.001 0.061 0.012 0.014 0.094 0.324 
 322 I E   0.007 0.463 0.001 0.055 0.011 0.013 0.096 0.354 
 323 A E   0.008 0.418 0.001 0.048 0.011 0.013 0.099 0.403 
 324 S _   0.009 0.351 0.001 0.039 0.010 0.012 0.104 0.474 
 325 T _   0.009 0.271 0.001 0.030 0.008 0.012 0.110 0.559 
 326 N _   0.009 0.195 0.001 0.021 0.006 0.011 0.116 0.640 
 327 T _   0.008 0.139 0.001 0.015 0.004 0.009 0.120 0.704 
 328 S _   0.007 0.103 0.000 0.009 0.003 0.008 0.123 0.746 
 329 N _   0.006 0.084 0.000 0.006 0.002 0.007 0.125 0.770 
 330 K _   0.005 0.075 0.000 0.005 0.002 0.006 0.125 0.782 
 331 S _   0.004 0.072 0.000 0.005 0.002 0.006 0.125 0.786 
 332 D _   0.004 0.071 0.000 0.006 0.002 0.007 0.124 0.786 
 333 T _   0.005 0.074 0.000 0.008 0.002 0.007 0.122 0.782 
 334 N _   0.005 0.078 0.000 0.010 0.003 0.008 0.120 0.775 
 335 M _   0.005 0.085 0.000 0.013 0.003 0.009 0.118 0.766 
 336 E _   0.005 0.092 0.000 0.016 0.004 0.010 0.115 0.758 
 337 Q _   0.005 0.098 0.001 0.018 0.004 0.010 0.113 0.751 
 338 V _   0.005 0.102 0.001 0.019 0.004 0.010 0.111 0.748 
 339 P _   0.005 0.105 0.001 0.019 0.004 0.010 0.109 0.747 
 340 A _   0.005 0.107 0.001 0.018 0.004 0.010 0.108 0.748 
 341 T _   0.005 0.108 0.000 0.017 0.004 0.009 0.107 0.750 
 342 N _   0.005 0.108 0.000 0.016 0.004 0.009 0.106 0.751 
 343 D _   0.005 0.108 0.000 0.016 0.004 0.010 0.105 0.751 
 344 T _   0.006 0.109 0.000 0.016 0.004 0.010 0.105 0.751 
 345 I _   0.006 0.109 0.001 0.016 0.004 0.010 0.105 0.750 
 346 K _   0.006 0.109 0.001 0.017 0.005 0.010 0.104 0.748 
 347 R _   0.006 0.108 0.001 0.018 0.005 0.010 0.104 0.748 
 348 L _   0.006 0.107 0.001 0.018 0.005 0.010 0.105 0.749 
 349 E _   0.006 0.105 0.001 0.018 0.005 0.010 0.105 0.752 
 350 S _   0.006 0.101 0.001 0.017 0.004 0.009 0.105 0.756 
 351 K _   0.006 0.097 0.000 0.016 0.004 0.009 0.106 0.762 
 352 L _   0.006 0.092 0.000 0.014 0.004 0.008 0.107 0.769 
 353 L _   0.006 0.087 0.000 0.012 0.003 0.008 0.107 0.777 
 354 K _   0.006 0.082 0.000 0.010 0.003 0.008 0.108 0.784 
 355 N _   0.005 0.078 0.000 0.009 0.003 0.007 0.108 0.790 
 356 Q _   0.005 0.075 0.000 0.008 0.002 0.007 0.108 0.795 
 357 A _   0.005 0.073 0.000 0.007 0.002 0.007 0.108 0.797 
 358 K _   0.005 0.072 0.000 0.007 0.002 0.007 0.107 0.799 
 359 Q _   0.005 0.073 0.000 0.007 0.002 0.007 0.107 0.798 
 360 Q _   0.005 0.076 0.000 0.008 0.003 0.008 0.105 0.794 
 361 S _   0.005 0.081 0.000 0.009 0.003 0.009 0.104 0.788 
 362 E _   0.006 0.089 0.000 0.012 0.004 0.010 0.102 0.777 
 363 S _   0.006 0.100 0.001 0.015 0.005 0.011 0.100 0.764 
 364 G _   0.006 0.112 0.001 0.018 0.006 0.012 0.098 0.747 
 365 R _   0.007 0.125 0.001 0.022 0.006 0.013 0.096 0.730 
 366 L _   0.007 0.137 0.001 0.026 0.007 0.013 0.094 0.716 
 367 S _   0.007 0.145 0.001 0.029 0.008 0.013 0.092 0.704 
 368 L _   0.007 0.151 0.001 0.032 0.008 0.013 0.092 0.697 
 369 G _   0.007 0.154 0.001 0.032 0.008 0.013 0.091 0.694 
 370 A _   0.007 0.154 0.001 0.031 0.008 0.013 0.091 0.696 
 371 S _   0.007 0.151 0.001 0.029 0.007 0.012 0.092 0.701 
 372 R _   0.007 0.145 0.001 0.027 0.007 0.012 0.093 0.710 
 373 G _   0.007 0.137 0.001 0.024 0.006 0.011 0.094 0.721 
 374 S _   0.007 0.127 0.001 0.020 0.005 0.010 0.096 0.734 
 375 S _   0.007 0.116 0.001 0.018 0.005 0.010 0.098 0.747 
 376 V _   0.007 0.105 0.001 0.016 0.004 0.009 0.100 0.759 
 377 E _   0.007 0.095 0.000 0.014 0.004 0.009 0.102 0.770 
 378 S _   0.006 0.087 0.000 0.012 0.003 0.008 0.103 0.780 
 379 L _   0.006 0.079 0.000 0.011 0.003 0.008 0.105 0.788 
 380 P _   0.006 0.073 0.000 0.009 0.003 0.007 0.106 0.796 
 381 P _   0.005 0.069 0.000 0.008 0.002 0.007 0.106 0.801 
 382 T _   0.005 0.066 0.000 0.008 0.002 0.007 0.107 0.806 
 383 S _   0.004 0.064 0.000 0.007 0.002 0.007 0.107 0.809 
 384 E _   0.004 0.064 0.000 0.007 0.002 0.007 0.106 0.810 
 385 G _   0.004 0.065 0.000 0.007 0.002 0.008 0.105 0.809 
 386 K _   0.004 0.068 0.000 0.007 0.002 0.009 0.104 0.806 
 387 R _   0.005 0.073 0.000 0.008 0.003 0.010 0.102 0.798 
 388 M _   0.006 0.083 0.000 0.010 0.004 0.013 0.100 0.785 
 389 S _   0.008 0.100 0.001 0.012 0.005 0.016 0.096 0.762 
 390 A _   0.010 0.127 0.001 0.017 0.008 0.020 0.092 0.725 
 391 D _   0.012 0.170 0.001 0.022 0.012 0.024 0.087 0.671 
 392 M _   0.015 0.229 0.002 0.029 0.017 0.028 0.082 0.598 
 393 S _   0.017 0.302 0.002 0.037 0.022 0.031 0.075 0.514 
 394 E _   0.018 0.380 0.002 0.045 0.026 0.033 0.070 0.427 
 395 I E   0.018 0.446 0.002 0.052 0.027 0.032 0.066 0.356 
 396 E E   0.018 0.492 0.002 0.059 0.027 0.031 0.063 0.308 
 397 A E   0.018 0.518 0.002 0.064 0.026 0.030 0.062 0.281 
 398 R E   0.018 0.530 0.001 0.066 0.025 0.028 0.062 0.270 
 399 I E   0.018 0.531 0.001 0.066 0.023 0.026 0.063 0.272 
 400 A E   0.018 0.522 0.002 0.063 0.021 0.024 0.064 0.286 
 401 A E   0.018 0.499 0.002 0.058 0.019 0.022 0.067 0.316 
 402 T E   0.017 0.453 0.002 0.051 0.017 0.020 0.071 0.368 
 403 T _   0.018 0.381 0.002 0.042 0.015 0.018 0.077 0.447 
 404 A _   0.017 0.288 0.002 0.033 0.013 0.017 0.084 0.546 
 405 Y _   0.016 0.196 0.001 0.023 0.009 0.015 0.091 0.647 
 406 S _   0.014 0.129 0.001 0.015 0.006 0.013 0.097 0.724 
 407 K _   0.011 0.089 0.001 0.010 0.004 0.011 0.101 0.774 
 408 P _   0.009 0.069 0.000 0.006 0.002 0.009 0.104 0.801 
 409 K _   0.007 0.061 0.000 0.004 0.002 0.008 0.105 0.813 
 410 R _   0.006 0.058 0.000 0.004 0.002 0.008 0.105 0.818 
 411 G _   0.005 0.058 0.000 0.004 0.002 0.008 0.105 0.817 
 412 H _   0.006 0.062 0.000 0.006 0.002 0.009 0.104 0.811 
 413 R _   0.006 0.071 0.000 0.009 0.003 0.011 0.102 0.798 
 414 K _   0.007 0.086 0.001 0.012 0.004 0.012 0.100 0.778 
 415 T _   0.007 0.108 0.001 0.016 0.006 0.014 0.096 0.751 
 416 A _   0.008 0.135 0.001 0.021 0.008 0.016 0.093 0.719 
 417 S _   0.008 0.163 0.001 0.025 0.009 0.017 0.090 0.687 
 418 F _   0.008 0.189 0.001 0.028 0.010 0.018 0.087 0.658 
 419 G _   0.009 0.212 0.001 0.031 0.011 0.019 0.085 0.633 
 420 N _   0.010 0.230 0.001 0.032 0.012 0.020 0.083 0.612 
 421 I _   0.010 0.243 0.001 0.034 0.013 0.020 0.082 0.597 
 422 L _   0.011 0.253 0.001 0.035 0.013 0.020 0.081 0.586 
 423 D _   0.011 0.258 0.001 0.036 0.013 0.020 0.081 0.579 
 424 V _   0.012 0.261 0.001 0.036 0.013 0.020 0.082 0.575 
 425 P _   0.012 0.260 0.001 0.035 0.013 0.020 0.083 0.576 
 426 E _   0.013 0.255 0.001 0.034 0.012 0.019 0.084 0.581 
 427 I _   0.013 0.247 0.001 0.032 0.012 0.018 0.086 0.591 
 428 V _   0.013 0.234 0.001 0.030 0.010 0.017 0.089 0.607 
 429 I _   0.012 0.216 0.001 0.026 0.009 0.016 0.092 0.628 
 430 S _   0.012 0.194 0.001 0.022 0.008 0.014 0.095 0.654 
 431 G _   0.011 0.171 0.001 0.018 0.007 0.013 0.098 0.681 
 432 N _   0.010 0.149 0.001 0.015 0.006 0.012 0.102 0.707 
 433 G _   0.009 0.130 0.001 0.011 0.005 0.011 0.105 0.729 
 434 Q _   0.008 0.116 0.000 0.009 0.004 0.010 0.107 0.746 
 435 P _   0.008 0.107 0.000 0.007 0.003 0.010 0.109 0.756 
 436 R _   0.007 0.103 0.000 0.006 0.003 0.010 0.110 0.761 
 437 R _   0.007 0.101 0.000 0.006 0.003 0.010 0.111 0.761 
 438 R _   0.007 0.103 0.000 0.007 0.003 0.011 0.112 0.756 
 439 S _   0.008 0.108 0.000 0.009 0.004 0.012 0.112 0.746 
 440 I _   0.008 0.117 0.001 0.013 0.005 0.013 0.113 0.730 
 441 Q _   0.008 0.129 0.001 0.017 0.007 0.015 0.113 0.710 
 442 D _   0.009 0.143 0.001 0.023 0.008 0.016 0.113 0.687 
 443 L _   0.009 0.156 0.001 0.029 0.009 0.016 0.114 0.665 
 444 T _   0.009 0.166 0.001 0.034 0.010 0.017 0.115 0.647 
 445 V _   0.009 0.173 0.001 0.038 0.011 0.017 0.116 0.635 
 446 T _   0.009 0.175 0.001 0.040 0.011 0.017 0.119 0.628 
 447 G _   0.009 0.173 0.001 0.040 0.011 0.016 0.122 0.628 
 448 T _   0.009 0.167 0.001 0.037 0.010 0.015 0.126 0.635 
 449 E _   0.008 0.157 0.001 0.033 0.009 0.014 0.131 0.647 
 450 P _   0.008 0.141 0.001 0.027 0.007 0.012 0.137 0.666 
 451 G _   0.008 0.123 0.001 0.020 0.006 0.011 0.143 0.689 
 452 Q _   0.007 0.104 0.001 0.014 0.004 0.010 0.148 0.711 
 453 V _   0.006 0.090 0.000 0.010 0.003 0.009 0.153 0.728 
 454 S _   0.006 0.080 0.000 0.007 0.003 0.009 0.157 0.739 
 455 S _   0.006 0.076 0.000 0.005 0.002 0.009 0.159 0.742 
 456 R _   0.006 0.075 0.000 0.005 0.002 0.010 0.161 0.739 
 457 S _   0.007 0.078 0.000 0.007 0.003 0.012 0.163 0.729 
 458 S _   0.008 0.088 0.001 0.011 0.005 0.015 0.163 0.708 
 459 S _   0.010 0.108 0.001 0.018 0.008 0.019 0.163 0.672 
 460 P _   0.011 0.142 0.001 0.029 0.012 0.022 0.163 0.620 
 461 S _   0.012 0.179 0.002 0.042 0.015 0.023 0.163 0.562 
 462 V _   0.012 0.211 0.002 0.055 0.018 0.024 0.164 0.514 
 463 R _   0.012 0.230 0.001 0.065 0.019 0.024 0.166 0.483 
 464 M _   0.011 0.239 0.001 0.070 0.019 0.024 0.170 0.466 
 465 I _   0.011 0.241 0.001 0.070 0.018 0.023 0.175 0.461 
 466 T _   0.011 0.236 0.001 0.065 0.017 0.021 0.182 0.466 
 467 T _   0.011 0.223 0.001 0.057 0.015 0.019 0.191 0.483 
 468 S _   0.010 0.199 0.001 0.047 0.013 0.017 0.203 0.509 
 469 G _   0.010 0.167 0.001 0.036 0.011 0.016 0.216 0.543 
 470 P _   0.010 0.132 0.001 0.027 0.008 0.014 0.231 0.577 
 471 T _   0.010 0.101 0.001 0.019 0.006 0.013 0.244 0.606 
 472 S _   0.009 0.077 0.001 0.015 0.005 0.011 0.256 0.626 
 473 E _   0.008 0.061 0.001 0.012 0.004 0.010 0.267 0.638 
 474 K _   0.008 0.051 0.000 0.010 0.003 0.009 0.275 0.644 
 475 P _   0.007 0.044 0.000 0.010 0.003 0.009 0.282 0.645 
 476 T _   0.006 0.040 0.000 0.010 0.003 0.008 0.288 0.645 
 477 R _   0.006 0.036 0.000 0.011 0.003 0.008 0.293 0.643 
 478 S _   0.005 0.033 0.000 0.011 0.003 0.007 0.298 0.642 
 479 H _   0.005 0.031 0.000 0.011 0.003 0.007 0.302 0.641 
 480 P _   0.005 0.028 0.000 0.011 0.002 0.007 0.306 0.640 
 481 W _   0.004 0.026 0.000 0.010 0.002 0.006 0.310 0.641 
 482 T _   0.004 0.023 0.000 0.009 0.002 0.006 0.313 0.643 
 483 P _   0.004 0.021 0.000 0.008 0.002 0.005 0.315 0.645 
 484 D _   0.003 0.020 0.000 0.007 0.001 0.005 0.317 0.647 
 485 D _   0.003 0.019 0.000 0.006 0.001 0.004 0.318 0.649 
 486 S _   0.003 0.018 0.000 0.005 0.001 0.004 0.318 0.651 
 487 T _   0.003 0.019 0.000 0.004 0.001 0.004 0.317 0.652 
 488 D _   0.003 0.020 0.000 0.004 0.001 0.004 0.314 0.653 
 489 T _   0.003 0.023 0.000 0.005 0.001 0.005 0.311 0.652 
 490 N _   0.003 0.029 0.000 0.006 0.002 0.006 0.306 0.647 
 491 G _   0.004 0.040 0.000 0.009 0.003 0.008 0.300 0.636 
 492 S _   0.005 0.062 0.001 0.014 0.004 0.011 0.291 0.614 
 493 D _   0.006 0.100 0.001 0.021 0.007 0.014 0.279 0.574 
 494 N _   0.006 0.157 0.001 0.030 0.010 0.017 0.264 0.515 
 495 S _   0.007 0.226 0.002 0.039 0.012 0.019 0.249 0.447 
 496 I _   0.006 0.290 0.002 0.048 0.013 0.020 0.237 0.384 
 497 P _   0.006 0.336 0.001 0.056 0.014 0.020 0.228 0.339 
 498 M E   0.006 0.365 0.001 0.060 0.014 0.019 0.222 0.313 
 499 A E   0.006 0.379 0.001 0.062 0.013 0.019 0.219 0.301 
 500 Y E   0.006 0.384 0.001 0.061 0.013 0.018 0.218 0.299 
 501 L E   0.006 0.382 0.001 0.059 0.013 0.017 0.217 0.305 
 502 T E   0.006 0.372 0.001 0.054 0.012 0.016 0.219 0.319 
 503 L E   0.007 0.354 0.001 0.049 0.012 0.016 0.222 0.341 
 504 D _   0.007 0.323 0.001 0.043 0.011 0.015 0.226 0.373 
 505 H _   0.008 0.282 0.001 0.037 0.011 0.014 0.233 0.414 
 506 Q _   0.009 0.233 0.001 0.032 0.010 0.014 0.241 0.461 
 507 L _   0.009 0.181 0.001 0.027 0.008 0.013 0.250 0.511 
 508 Q _   0.009 0.131 0.001 0.021 0.007 0.012 0.259 0.559 
 509 P _   0.009 0.090 0.001 0.016 0.005 0.011 0.267 0.601 
 510 L _   0.008 0.058 0.001 0.012 0.004 0.010 0.273 0.635 
 511 A _   0.007 0.037 0.000 0.008 0.003 0.009 0.277 0.659 
 512 P _   0.006 0.024 0.000 0.005 0.002 0.008 0.279 0.675 
 513 C _   0.005 0.017 0.000 0.004 0.002 0.008 0.280 0.684 
 514 P _   0.006 0.014 0.000 0.003 0.002 0.008 0.281 0.686 
 515 N _   0.006 0.013 0.000 0.003 0.002 0.010 0.280 0.685 
 516 S _   0.008 0.014 0.000 0.005 0.003 0.013 0.279 0.679 
 517 K _   0.010 0.017 0.000 0.007 0.005 0.016 0.278 0.667 
 518 E _   0.012 0.022 0.001 0.012 0.007 0.020 0.275 0.650 
 519 S _   0.014 0.030 0.001 0.020 0.011 0.024 0.273 0.627 
 520 M _   0.016 0.039 0.001 0.028 0.014 0.028 0.270 0.603 
 521 A _   0.017 0.046 0.001 0.035 0.017 0.030 0.268 0.585 
 522 V _   0.018 0.050 0.001 0.039 0.018 0.032 0.267 0.574 
 523 F _   0.019 0.051 0.001 0.040 0.018 0.032 0.267 0.572 
 524 E _   0.019 0.049 0.001 0.038 0.018 0.031 0.267 0.577 
 525 Q _   0.020 0.044 0.001 0.032 0.017 0.031 0.268 0.588 
 526 H _   0.021 0.036 0.001 0.025 0.015 0.030 0.270 0.602 
 527 C _   0.022 0.027 0.001 0.018 0.013 0.029 0.273 0.617 
 528 K _   0.024 0.019 0.001 0.013 0.011 0.028 0.275 0.629 
 529 M _   0.027 0.012 0.001 0.009 0.009 0.028 0.278 0.636 
 530 A _   0.030 0.009 0.001 0.006 0.008 0.028 0.280 0.637 
 531 Q _   0.035 0.007 0.001 0.005 0.008 0.029 0.283 0.632 
 532 E _   0.040 0.006 0.001 0.005 0.009 0.030 0.286 0.623 
 533 Y _   0.046 0.006 0.001 0.006 0.010 0.032 0.288 0.611 
 534 M _   0.052 0.007 0.001 0.007 0.012 0.033 0.291 0.596 
 535 K _   0.057 0.009 0.001 0.009 0.015 0.035 0.295 0.579 
 536 V _   0.061 0.011 0.001 0.012 0.017 0.036 0.299 0.563 
 537 Q _   0.063 0.013 0.001 0.015 0.019 0.036 0.304 0.548 
 538 T _   0.063 0.016 0.001 0.018 0.020 0.035 0.310 0.537 
 539 E _   0.060 0.017 0.001 0.020 0.020 0.034 0.317 0.530 
 540 I _   0.057 0.018 0.001 0.021 0.018 0.032 0.325 0.528 
 541 A _   0.052 0.018 0.001 0.020 0.016 0.029 0.333 0.530 
 542 L _   0.046 0.018 0.001 0.019 0.014 0.026 0.342 0.535 
 543 L _   0.040 0.016 0.001 0.017 0.011 0.023 0.352 0.541 
 544 L _   0.033 0.015 0.001 0.015 0.009 0.020 0.361 0.546 
 545 Q _   0.028 0.013 0.001 0.013 0.008 0.018 0.370 0.549 
 546 R _   0.023 0.012 0.001 0.012 0.006 0.015 0.380 0.551 
 547 K _   0.019 0.011 0.001 0.012 0.005 0.014 0.389 0.550 
 548 Q _   0.016 0.010 0.001 0.011 0.005 0.012 0.398 0.548 
 549 E _   0.013 0.009 0.000 0.011 0.004 0.010 0.407 0.545 
 550 L _   0.012 0.008 0.000 0.010 0.003 0.009 0.415 0.542 
 551 V _   0.010 0.007 0.000 0.009 0.003 0.008 0.424 0.540 
 552 A _   0.008 0.005 0.000 0.008 0.002 0.006 0.431 0.538 
 553 E _   0.007 0.004 0.000 0.006 0.002 0.005 0.438 0.537 
 554 L _   0.006 0.003 0.000 0.005 0.002 0.004 0.443 0.536 
 555 D _   0.005 0.003 0.000 0.004 0.001 0.004 0.448 0.536 
 556 Q _   0.004 0.002 0.000 0.003 0.001 0.003 0.451 0.536 
 557 D _   0.003 0.002 0.000 0.002 0.001 0.003 0.453 0.535 
 558 E _   0.003 0.002 0.000 0.002 0.001 0.003 0.454 0.535 
 559 K _   0.003 0.003 0.000 0.002 0.001 0.003 0.454 0.534 
 560 D _   0.003 0.004 0.000 0.003 0.001 0.004 0.453 0.531 
 561 Q _   0.003 0.008 0.000 0.004 0.001 0.005 0.451 0.527 
 562 Q _   0.004 0.015 0.000 0.007 0.002 0.007 0.447 0.517 
 563 N _   0.004 0.029 0.000 0.012 0.003 0.008 0.442 0.501 
 564 T _   0.005 0.048 0.001 0.018 0.005 0.010 0.436 0.478 
 565 S _   0.005 0.070 0.001 0.025 0.006 0.011 0.430 0.452 
 566 R _   0.005 0.089 0.001 0.031 0.007 0.012 0.425 0.431 
 567 L X   0.004 0.103 0.001 0.035 0.007 0.012 0.421 0.416 
 568 V X   0.004 0.111 0.001 0.037 0.007 0.011 0.420 0.409 
 569 Q X   0.004 0.115 0.001 0.037 0.007 0.011 0.419 0.407 
 570 E X   0.004 0.115 0.001 0.034 0.006 0.010 0.421 0.409 
 571 H X   0.004 0.113 0.001 0.028 0.006 0.009 0.423 0.416 
 572 K X   0.004 0.108 0.001 0.023 0.005 0.008 0.427 0.425 
 573 K _   0.004 0.101 0.000 0.017 0.004 0.007 0.431 0.435 
 574 L _   0.004 0.094 0.000 0.013 0.003 0.007 0.436 0.444 
 575 L _   0.004 0.088 0.000 0.009 0.002 0.006 0.440 0.450 
 576 D _   0.004 0.083 0.000 0.007 0.002 0.006 0.444 0.453 
 577 E _   0.004 0.081 0.000 0.006 0.002 0.006 0.448 0.454 
 578 N _   0.004 0.079 0.000 0.006 0.002 0.006 0.451 0.453 
 579 K X   0.004 0.080 0.000 0.006 0.002 0.006 0.453 0.450 
 580 S X   0.004 0.081 0.000 0.006 0.002 0.006 0.455 0.445 
 581 L X   0.004 0.084 0.000 0.007 0.002 0.007 0.457 0.438 
 582 S X   0.004 0.088 0.000 0.008 0.003 0.007 0.458 0.431 
 583 T X   0.004 0.093 0.000 0.008 0.003 0.008 0.459 0.424 
 584 Y X   0.005 0.099 0.000 0.009 0.003 0.009 0.460 0.415 
 585 Y X   0.005 0.105 0.000 0.010 0.004 0.009 0.461 0.405 
 586 Q X   0.005 0.113 0.000 0.011 0.004 0.010 0.462 0.394 
 587 Q X   0.005 0.121 0.001 0.013 0.005 0.011 0.464 0.381 
 588 C X   0.005 0.131 0.001 0.015 0.005 0.011 0.465 0.367 
 589 K X   0.006 0.140 0.001 0.017 0.006 0.012 0.468 0.351 
 590 K X   0.006 0.150 0.001 0.020 0.007 0.013 0.470 0.334 
 591 Q X   0.006 0.159 0.001 0.024 0.007 0.013 0.473 0.316 
 592 L X   0.006 0.166 0.001 0.028 0.008 0.014 0.478 0.300 
 593 E X   0.006 0.170 0.001 0.032 0.008 0.014 0.483 0.285 
 594 V X   0.007 0.172 0.001 0.035 0.009 0.014 0.490 0.273 
 595 I X   0.007 0.171 0.001 0.036 0.009 0.013 0.499 0.265 
 596 R X   0.007 0.166 0.001 0.036 0.008 0.013 0.510 0.260 
 597 S X   0.007 0.157 0.001 0.033 0.008 0.012 0.523 0.259 
 598 Q X   0.006 0.143 0.001 0.030 0.007 0.011 0.539 0.263 
 599 Q X   0.005 0.124 0.001 0.026 0.006 0.009 0.557 0.272 
 600 Q X   0.005 0.101 0.001 0.020 0.005 0.008 0.577 0.283 
 601 K X   0.003 0.075 0.001 0.015 0.004 0.005 0.600 0.297 
 602 R X   0.002 0.048 0.000 0.010 0.002 0.003 0.621 0.313 
 603 Q X   0.001 0.026 0.000 0.004 0.001 0.001 0.637 0.330 
 604 G X   0.000 0.015 0.000 0.002 0.000 0.000 0.642 0.341 
 605 T X   0.000 0.011 0.000 0.002 0.000 0.000 0.640 0.345 
 606 S X   0.002 0.011 0.001 0.008 0.002 0.002 0.629 0.344 
