#TopoPred_TM8: 8-state transmembrane topology prediction results by no_profile mode 
#probabilities are in the order of H E C I L F X _, the 8 transmembrane topology types used in PDBTM 
   1 M X   0.016 0.001 0.002 0.047 0.010 0.015 0.669 0.240 
   2 P X   0.006 0.001 0.000 0.031 0.002 0.010 0.684 0.265 
   3 L X   0.003 0.001 0.000 0.022 0.001 0.010 0.686 0.277 
   4 A X   0.004 0.002 0.000 0.020 0.002 0.012 0.681 0.280 
   5 A X   0.007 0.004 0.000 0.021 0.003 0.017 0.668 0.280 
   6 Y X   0.010 0.008 0.001 0.024 0.006 0.023 0.650 0.279 
   7 C X   0.014 0.014 0.001 0.028 0.009 0.027 0.630 0.277 
   8 Y X   0.017 0.022 0.001 0.033 0.011 0.029 0.608 0.278 
   9 L X   0.018 0.031 0.001 0.037 0.013 0.029 0.587 0.283 
  10 R X   0.018 0.037 0.001 0.038 0.015 0.029 0.569 0.293 
  11 V X   0.018 0.041 0.001 0.037 0.015 0.028 0.552 0.308 
  12 V X   0.017 0.043 0.001 0.033 0.014 0.026 0.538 0.327 
  13 G X   0.016 0.044 0.001 0.028 0.013 0.025 0.527 0.347 
  14 K X   0.016 0.043 0.001 0.023 0.012 0.023 0.517 0.364 
  15 G X   0.016 0.042 0.001 0.020 0.011 0.022 0.509 0.379 
  16 S X   0.015 0.041 0.001 0.018 0.010 0.021 0.502 0.392 
  17 Y X   0.015 0.041 0.001 0.017 0.009 0.019 0.496 0.403 
  18 G X   0.014 0.040 0.001 0.017 0.008 0.018 0.490 0.412 
  19 E X   0.013 0.039 0.001 0.018 0.008 0.017 0.484 0.420 
  20 V X   0.013 0.038 0.001 0.018 0.007 0.015 0.480 0.428 
  21 T X   0.012 0.036 0.001 0.018 0.007 0.014 0.475 0.438 
  22 L X   0.010 0.033 0.001 0.016 0.006 0.012 0.471 0.451 
  23 V X   0.009 0.029 0.001 0.013 0.005 0.010 0.468 0.466 
  24 K _   0.008 0.025 0.000 0.010 0.004 0.009 0.464 0.480 
  25 H _   0.006 0.021 0.000 0.008 0.003 0.007 0.460 0.494 
  26 R _   0.005 0.018 0.000 0.006 0.002 0.006 0.456 0.506 
  27 R _   0.005 0.016 0.000 0.005 0.002 0.006 0.452 0.515 
  28 D _   0.004 0.015 0.000 0.004 0.002 0.006 0.447 0.522 
  29 G _   0.004 0.015 0.000 0.005 0.002 0.006 0.442 0.527 
  30 K _   0.004 0.016 0.000 0.006 0.002 0.006 0.436 0.529 
  31 Q _   0.004 0.017 0.000 0.009 0.003 0.007 0.430 0.530 
  32 Y _   0.005 0.020 0.000 0.012 0.003 0.008 0.423 0.529 
  33 V _   0.005 0.023 0.000 0.015 0.004 0.008 0.416 0.528 
  34 I _   0.005 0.026 0.001 0.018 0.004 0.008 0.410 0.528 
  35 K _   0.005 0.027 0.001 0.019 0.005 0.008 0.405 0.530 
  36 K _   0.005 0.028 0.001 0.019 0.004 0.008 0.400 0.535 
  37 L _   0.005 0.027 0.000 0.018 0.004 0.008 0.397 0.542 
  38 N _   0.005 0.025 0.000 0.015 0.003 0.007 0.394 0.551 
  39 L _   0.004 0.023 0.000 0.012 0.003 0.006 0.391 0.560 
  40 R _   0.004 0.021 0.000 0.009 0.002 0.006 0.388 0.569 
  41 N _   0.004 0.019 0.000 0.007 0.002 0.005 0.386 0.577 
  42 A _   0.004 0.017 0.000 0.006 0.002 0.005 0.383 0.584 
  43 S _   0.004 0.017 0.000 0.005 0.002 0.005 0.379 0.589 
  44 S _   0.004 0.017 0.000 0.005 0.002 0.005 0.375 0.593 
  45 R _   0.004 0.018 0.000 0.005 0.002 0.006 0.370 0.595 
  46 E _   0.004 0.020 0.000 0.007 0.002 0.007 0.364 0.595 
  47 R _   0.004 0.024 0.000 0.009 0.003 0.008 0.357 0.594 
  48 R _   0.005 0.029 0.000 0.013 0.004 0.009 0.350 0.590 
  49 A _   0.005 0.035 0.001 0.017 0.005 0.011 0.342 0.585 
  50 A _   0.005 0.041 0.001 0.021 0.006 0.012 0.335 0.579 
  51 E _   0.006 0.047 0.001 0.026 0.007 0.013 0.328 0.574 
  52 Q _   0.006 0.051 0.001 0.029 0.007 0.013 0.322 0.571 
  53 E _   0.006 0.053 0.001 0.030 0.008 0.013 0.318 0.572 
  54 A _   0.007 0.053 0.001 0.030 0.008 0.013 0.314 0.576 
  55 Q _   0.007 0.051 0.001 0.028 0.007 0.013 0.311 0.582 
  56 L _   0.007 0.048 0.001 0.025 0.007 0.012 0.310 0.591 
  57 L _   0.007 0.043 0.001 0.021 0.006 0.011 0.308 0.602 
  58 S _   0.007 0.037 0.001 0.017 0.005 0.011 0.308 0.614 
  59 Q _   0.008 0.030 0.001 0.014 0.005 0.010 0.308 0.625 
  60 L _   0.008 0.024 0.001 0.012 0.004 0.009 0.308 0.635 
  61 K _   0.008 0.019 0.000 0.010 0.004 0.009 0.308 0.643 
  62 H _   0.008 0.015 0.000 0.009 0.003 0.009 0.307 0.649 
  63 P _   0.008 0.011 0.000 0.008 0.003 0.008 0.307 0.654 
  64 N _   0.007 0.009 0.000 0.008 0.003 0.008 0.306 0.658 
  65 I _   0.007 0.007 0.000 0.008 0.003 0.008 0.305 0.661 
  66 V _   0.007 0.006 0.000 0.007 0.003 0.008 0.304 0.665 
  67 T _   0.007 0.004 0.000 0.007 0.003 0.008 0.303 0.668 
  68 Y _   0.007 0.003 0.000 0.006 0.003 0.008 0.301 0.673 
  69 K _   0.007 0.002 0.000 0.005 0.002 0.008 0.298 0.677 
  70 E _   0.007 0.002 0.000 0.004 0.002 0.009 0.295 0.681 
  71 S _   0.008 0.001 0.000 0.003 0.002 0.010 0.292 0.683 
  72 W _   0.010 0.001 0.000 0.003 0.002 0.012 0.288 0.683 
  73 E _   0.014 0.001 0.000 0.003 0.003 0.015 0.283 0.680 
  74 G _   0.022 0.002 0.000 0.003 0.005 0.021 0.277 0.670 
  75 G _   0.033 0.003 0.001 0.005 0.008 0.028 0.270 0.652 
  76 D _   0.049 0.008 0.001 0.007 0.014 0.037 0.262 0.622 
  77 G _   0.067 0.020 0.002 0.011 0.024 0.047 0.252 0.578 
  78 L _   0.084 0.042 0.002 0.017 0.037 0.056 0.242 0.519 
  79 L _   0.097 0.074 0.003 0.026 0.049 0.063 0.232 0.457 
  80 Y _   0.107 0.107 0.003 0.035 0.056 0.066 0.224 0.403 
  81 I _   0.112 0.134 0.003 0.043 0.059 0.065 0.218 0.365 
  82 V _   0.113 0.151 0.003 0.050 0.058 0.063 0.215 0.347 
  83 M _   0.110 0.160 0.003 0.055 0.055 0.059 0.213 0.346 
  84 G _   0.104 0.162 0.003 0.056 0.050 0.054 0.214 0.359 
  85 F _   0.096 0.157 0.002 0.052 0.042 0.048 0.215 0.387 
  86 C _   0.085 0.145 0.002 0.046 0.034 0.041 0.218 0.430 
  87 E _   0.071 0.123 0.002 0.038 0.026 0.035 0.221 0.485 
  88 G _   0.057 0.094 0.002 0.028 0.018 0.028 0.225 0.547 
  89 G _   0.045 0.065 0.001 0.020 0.012 0.023 0.229 0.605 
  90 D _   0.034 0.041 0.001 0.014 0.008 0.018 0.232 0.652 
  91 L _   0.026 0.024 0.001 0.010 0.005 0.014 0.234 0.687 
  92 Y _   0.019 0.014 0.000 0.007 0.003 0.011 0.235 0.710 
  93 R _   0.014 0.008 0.000 0.005 0.002 0.009 0.236 0.726 
  94 K _   0.011 0.005 0.000 0.005 0.002 0.007 0.235 0.735 
  95 L _   0.008 0.003 0.000 0.004 0.002 0.006 0.234 0.743 
  96 K _   0.007 0.002 0.000 0.004 0.002 0.006 0.232 0.748 
  97 E _   0.006 0.001 0.000 0.004 0.002 0.006 0.229 0.753 
  98 Q _   0.006 0.001 0.000 0.004 0.002 0.006 0.225 0.757 
  99 K _   0.006 0.001 0.000 0.004 0.002 0.006 0.220 0.762 
 100 G _   0.007 0.000 0.000 0.004 0.002 0.006 0.214 0.766 
 101 Q _   0.010 0.000 0.000 0.004 0.002 0.007 0.207 0.769 
 102 L _   0.016 0.000 0.000 0.004 0.002 0.009 0.199 0.770 
 103 L _   0.027 0.000 0.000 0.004 0.003 0.012 0.189 0.765 
 104 P _   0.048 0.000 0.001 0.004 0.004 0.016 0.178 0.749 
 105 E _   0.085 0.000 0.001 0.004 0.006 0.022 0.164 0.719 
 106 N _   0.141 0.000 0.001 0.004 0.010 0.029 0.148 0.668 
 107 Q _   0.215 0.000 0.001 0.004 0.016 0.037 0.130 0.597 
 108 V _   0.301 0.000 0.002 0.004 0.024 0.045 0.113 0.512 
 109 V _   0.387 0.000 0.002 0.004 0.033 0.051 0.098 0.424 
 110 E H   0.461 0.000 0.002 0.005 0.042 0.055 0.087 0.347 
 111 W H   0.517 0.001 0.002 0.005 0.050 0.057 0.078 0.290 
 112 F H   0.557 0.001 0.002 0.006 0.055 0.057 0.072 0.249 
 113 V H   0.581 0.002 0.002 0.008 0.057 0.055 0.069 0.226 
 114 Q H   0.592 0.002 0.002 0.009 0.058 0.052 0.067 0.218 
 115 I H   0.590 0.003 0.002 0.009 0.056 0.049 0.065 0.226 
 116 A H   0.573 0.003 0.002 0.010 0.053 0.045 0.065 0.250 
 117 M H   0.542 0.002 0.003 0.009 0.047 0.041 0.065 0.290 
 118 A H   0.499 0.002 0.002 0.009 0.039 0.037 0.066 0.346 
 119 L H   0.437 0.001 0.002 0.008 0.031 0.033 0.068 0.420 
 120 Q _   0.365 0.001 0.002 0.007 0.023 0.028 0.070 0.503 
 121 Y _   0.291 0.001 0.001 0.006 0.016 0.025 0.072 0.588 
 122 L _   0.221 0.000 0.001 0.006 0.012 0.021 0.074 0.665 
 123 H _   0.161 0.000 0.001 0.005 0.008 0.018 0.076 0.729 
 124 E _   0.115 0.000 0.001 0.005 0.006 0.015 0.078 0.779 
 125 K _   0.080 0.000 0.001 0.005 0.005 0.013 0.079 0.817 
 126 H _   0.055 0.000 0.001 0.005 0.004 0.012 0.080 0.844 
 127 I _   0.038 0.000 0.000 0.005 0.003 0.010 0.080 0.862 
 128 L _   0.027 0.000 0.000 0.004 0.003 0.010 0.080 0.875 
 129 H _   0.021 0.000 0.000 0.004 0.003 0.009 0.079 0.884 
 130 R _   0.016 0.000 0.000 0.004 0.003 0.009 0.078 0.889 
 131 D _   0.014 0.000 0.000 0.004 0.003 0.010 0.077 0.892 
 132 L _   0.013 0.000 0.000 0.004 0.003 0.011 0.076 0.893 
 133 K _   0.013 0.000 0.000 0.004 0.003 0.012 0.074 0.892 
 134 T _   0.015 0.001 0.000 0.005 0.004 0.014 0.072 0.889 
 135 Q _   0.017 0.001 0.001 0.006 0.005 0.016 0.070 0.883 
 136 N _   0.020 0.001 0.001 0.008 0.007 0.019 0.068 0.876 
 137 V _   0.024 0.002 0.001 0.010 0.008 0.023 0.066 0.867 
 138 F _   0.028 0.002 0.001 0.011 0.010 0.026 0.064 0.858 
 139 L _   0.033 0.002 0.001 0.012 0.011 0.029 0.062 0.850 
 140 T _   0.039 0.002 0.001 0.012 0.013 0.031 0.059 0.842 
 141 R _   0.045 0.002 0.001 0.012 0.013 0.034 0.057 0.836 
 142 T _   0.051 0.002 0.001 0.010 0.014 0.036 0.055 0.829 
 143 N _   0.059 0.002 0.001 0.009 0.015 0.039 0.054 0.821 
 144 I _   0.069 0.002 0.001 0.008 0.016 0.042 0.052 0.812 
 145 I _   0.079 0.002 0.001 0.007 0.017 0.045 0.050 0.798 
 146 K _   0.090 0.002 0.001 0.008 0.020 0.048 0.049 0.783 
 147 V _   0.100 0.003 0.001 0.009 0.023 0.051 0.048 0.765 
 148 G _   0.109 0.004 0.002 0.011 0.027 0.054 0.046 0.747 
 149 D _   0.114 0.006 0.002 0.015 0.031 0.056 0.046 0.731 
 150 L _   0.115 0.008 0.002 0.020 0.033 0.056 0.045 0.721 
 151 G _   0.113 0.010 0.002 0.023 0.033 0.055 0.045 0.719 
 152 I _   0.109 0.011 0.002 0.025 0.032 0.053 0.045 0.725 
 153 A _   0.101 0.011 0.002 0.024 0.029 0.049 0.045 0.740 
 154 R _   0.091 0.010 0.002 0.021 0.024 0.045 0.045 0.763 
 155 V _   0.079 0.008 0.001 0.017 0.018 0.040 0.045 0.791 
 156 L _   0.067 0.006 0.001 0.012 0.013 0.036 0.045 0.820 
 157 E _   0.056 0.005 0.001 0.008 0.010 0.032 0.045 0.843 
 158 N _   0.047 0.004 0.001 0.006 0.008 0.030 0.045 0.860 
 159 H _   0.042 0.004 0.001 0.004 0.007 0.029 0.045 0.869 
 160 C _   0.040 0.004 0.001 0.005 0.007 0.029 0.044 0.870 
 161 D _   0.039 0.007 0.001 0.006 0.009 0.031 0.044 0.864 
 162 M _   0.040 0.013 0.001 0.010 0.011 0.033 0.043 0.849 
 163 A _   0.041 0.023 0.001 0.016 0.015 0.035 0.042 0.827 
 164 S _   0.042 0.038 0.002 0.023 0.018 0.036 0.041 0.801 
 165 T _   0.041 0.052 0.002 0.031 0.021 0.036 0.041 0.777 
 166 L _   0.040 0.064 0.002 0.038 0.022 0.035 0.040 0.759 
 167 I _   0.037 0.071 0.002 0.043 0.023 0.034 0.040 0.751 
 168 G _   0.034 0.074 0.002 0.044 0.022 0.032 0.040 0.752 
 169 T _   0.032 0.074 0.001 0.043 0.020 0.029 0.041 0.759 
 170 P _   0.029 0.072 0.001 0.040 0.017 0.027 0.041 0.773 
 171 Y _   0.025 0.067 0.001 0.035 0.014 0.024 0.043 0.791 
 172 Y _   0.022 0.059 0.001 0.030 0.012 0.021 0.044 0.811 
 173 M _   0.019 0.050 0.001 0.026 0.009 0.018 0.045 0.832 
 174 S _   0.017 0.040 0.001 0.021 0.007 0.015 0.047 0.853 
 175 P _   0.014 0.030 0.001 0.017 0.005 0.013 0.048 0.872 
 176 E _   0.012 0.022 0.001 0.013 0.004 0.011 0.049 0.888 
 177 L _   0.011 0.014 0.000 0.010 0.003 0.009 0.050 0.903 
 178 F _   0.009 0.009 0.000 0.008 0.003 0.007 0.050 0.915 
 179 S _   0.008 0.005 0.000 0.005 0.002 0.006 0.050 0.924 
 180 N _   0.008 0.002 0.000 0.004 0.001 0.004 0.049 0.931 
 181 K _   0.009 0.001 0.000 0.002 0.001 0.004 0.048 0.935 
 182 P _   0.012 0.000 0.000 0.002 0.001 0.003 0.046 0.936 
 183 Y _   0.020 0.000 0.000 0.001 0.001 0.004 0.043 0.931 
 184 N _   0.038 0.000 0.000 0.001 0.002 0.005 0.040 0.914 
 185 Y _   0.080 0.000 0.000 0.001 0.003 0.007 0.035 0.874 
 186 K _   0.157 0.000 0.001 0.001 0.004 0.009 0.030 0.799 
 187 S _   0.277 0.000 0.001 0.001 0.006 0.012 0.023 0.680 
 188 D _   0.428 0.000 0.001 0.001 0.010 0.015 0.017 0.529 
 189 V H   0.579 0.000 0.001 0.001 0.014 0.016 0.011 0.377 
 190 W H   0.704 0.000 0.001 0.001 0.017 0.017 0.008 0.252 
 191 A H   0.789 0.000 0.001 0.001 0.020 0.016 0.005 0.168 
 192 L H   0.843 0.000 0.001 0.001 0.022 0.015 0.004 0.114 
 193 G H   0.874 0.000 0.001 0.001 0.022 0.013 0.003 0.084 
 194 C H   0.890 0.000 0.001 0.001 0.023 0.012 0.003 0.069 
 195 C H   0.894 0.000 0.001 0.001 0.024 0.011 0.003 0.066 
 196 V H   0.888 0.000 0.001 0.001 0.024 0.011 0.003 0.072 
 197 Y H   0.869 0.000 0.001 0.001 0.024 0.010 0.004 0.090 
 198 E H   0.833 0.000 0.002 0.001 0.025 0.011 0.005 0.124 
 199 M H   0.775 0.000 0.002 0.002 0.024 0.011 0.007 0.179 
 200 A H   0.693 0.000 0.002 0.002 0.022 0.012 0.009 0.260 
 201 T H   0.589 0.000 0.002 0.002 0.019 0.012 0.013 0.363 
 202 L _   0.471 0.000 0.002 0.003 0.015 0.012 0.018 0.479 
 203 K _   0.351 0.000 0.001 0.003 0.011 0.012 0.024 0.598 
 204 H _   0.248 0.000 0.001 0.003 0.008 0.011 0.030 0.700 
 205 A _   0.165 0.000 0.001 0.003 0.006 0.011 0.035 0.780 
 206 F _   0.108 0.000 0.001 0.003 0.004 0.010 0.039 0.836 
 207 N _   0.071 0.000 0.000 0.002 0.003 0.010 0.042 0.871 
 208 A _   0.050 0.000 0.000 0.003 0.003 0.010 0.044 0.890 
 209 K _   0.037 0.001 0.000 0.003 0.003 0.011 0.046 0.898 
 210 D _   0.031 0.003 0.000 0.004 0.004 0.013 0.048 0.896 
 211 M _   0.029 0.007 0.001 0.007 0.006 0.016 0.049 0.885 
 212 N _   0.028 0.015 0.001 0.013 0.008 0.020 0.051 0.864 
 213 S _   0.028 0.031 0.001 0.022 0.012 0.023 0.052 0.832 
 214 L _   0.028 0.050 0.001 0.033 0.016 0.026 0.053 0.793 
 215 V _   0.027 0.067 0.002 0.045 0.018 0.027 0.055 0.758 
 216 Y _   0.027 0.079 0.002 0.055 0.020 0.027 0.058 0.733 
 217 R _   0.025 0.086 0.002 0.060 0.020 0.027 0.061 0.721 
 218 I _   0.023 0.087 0.001 0.060 0.018 0.025 0.065 0.720 
 219 I _   0.021 0.085 0.001 0.056 0.016 0.023 0.070 0.729 
 220 E _   0.018 0.078 0.001 0.048 0.013 0.020 0.075 0.747 
 221 G _   0.016 0.065 0.001 0.037 0.010 0.017 0.082 0.772 
 222 K _   0.014 0.049 0.001 0.026 0.007 0.014 0.088 0.801 
 223 L _   0.012 0.032 0.001 0.017 0.005 0.011 0.095 0.829 
 224 P _   0.009 0.018 0.000 0.010 0.003 0.008 0.100 0.851 
 225 P _   0.007 0.010 0.000 0.005 0.002 0.007 0.103 0.865 
 226 M _   0.006 0.006 0.000 0.003 0.001 0.006 0.105 0.872 
 227 P _   0.005 0.005 0.000 0.002 0.001 0.006 0.107 0.874 
 228 R _   0.006 0.005 0.000 0.002 0.001 0.007 0.107 0.872 
 229 D _   0.007 0.006 0.000 0.003 0.002 0.009 0.107 0.866 
 230 Y _   0.010 0.011 0.000 0.005 0.003 0.013 0.107 0.850 
 231 S _   0.014 0.028 0.001 0.011 0.007 0.020 0.105 0.815 
 232 P _   0.017 0.070 0.001 0.022 0.013 0.026 0.102 0.747 
 233 E _   0.020 0.144 0.002 0.039 0.020 0.032 0.098 0.645 
 234 L _   0.020 0.225 0.002 0.058 0.024 0.034 0.094 0.544 
 235 A _   0.019 0.283 0.002 0.074 0.026 0.034 0.091 0.471 
 236 E _   0.018 0.314 0.002 0.084 0.025 0.033 0.090 0.433 
 237 L _   0.017 0.327 0.002 0.089 0.024 0.032 0.090 0.419 
 238 I _   0.016 0.329 0.002 0.087 0.023 0.029 0.092 0.422 
 239 R _   0.016 0.320 0.002 0.081 0.021 0.027 0.094 0.440 
 240 T _   0.015 0.298 0.002 0.069 0.019 0.024 0.098 0.476 
 241 M _   0.015 0.255 0.002 0.055 0.016 0.021 0.103 0.532 
 242 L _   0.015 0.191 0.002 0.039 0.013 0.019 0.110 0.611 
 243 S _   0.015 0.120 0.001 0.026 0.010 0.016 0.117 0.695 
 244 K _   0.013 0.063 0.001 0.015 0.007 0.014 0.124 0.763 
 245 R _   0.011 0.030 0.001 0.009 0.004 0.012 0.128 0.805 
 246 P _   0.009 0.015 0.000 0.005 0.003 0.010 0.131 0.826 
 247 E _   0.008 0.010 0.000 0.004 0.002 0.010 0.133 0.834 
 248 E _   0.008 0.008 0.000 0.003 0.002 0.010 0.133 0.836 
 249 R _   0.008 0.007 0.000 0.004 0.002 0.011 0.134 0.834 
 250 P _   0.009 0.008 0.000 0.006 0.003 0.012 0.134 0.828 
 251 S _   0.010 0.009 0.000 0.008 0.004 0.014 0.133 0.820 
 252 V _   0.011 0.011 0.001 0.012 0.005 0.017 0.133 0.810 
 253 R _   0.012 0.014 0.001 0.015 0.007 0.019 0.132 0.800 
 254 S _   0.013 0.016 0.001 0.018 0.008 0.021 0.131 0.792 
 255 I _   0.014 0.017 0.001 0.019 0.009 0.023 0.131 0.786 
 256 L _   0.015 0.018 0.001 0.018 0.009 0.025 0.131 0.784 
 257 R _   0.017 0.018 0.001 0.015 0.009 0.027 0.131 0.782 
 258 Q _   0.019 0.017 0.001 0.013 0.009 0.029 0.131 0.781 
 259 P _   0.023 0.017 0.001 0.010 0.009 0.032 0.131 0.776 
 260 Y _   0.029 0.017 0.001 0.008 0.011 0.036 0.131 0.767 
 261 I _   0.037 0.019 0.001 0.008 0.013 0.041 0.131 0.751 
 262 K _   0.046 0.023 0.001 0.009 0.017 0.046 0.131 0.727 
 263 R _   0.056 0.032 0.001 0.012 0.024 0.051 0.131 0.692 
 264 Q _   0.066 0.048 0.002 0.018 0.031 0.056 0.131 0.647 
 265 I _   0.072 0.074 0.003 0.027 0.039 0.059 0.132 0.595 
 266 S _   0.076 0.101 0.003 0.037 0.044 0.059 0.133 0.547 
 267 F _   0.076 0.124 0.003 0.048 0.046 0.057 0.135 0.511 
 268 F _   0.074 0.139 0.003 0.056 0.045 0.054 0.138 0.491 
 269 L _   0.070 0.146 0.002 0.061 0.042 0.050 0.143 0.486 
 270 E _   0.065 0.147 0.002 0.061 0.038 0.045 0.148 0.493 
 271 A _   0.058 0.143 0.002 0.058 0.032 0.040 0.155 0.513 
 272 T _   0.050 0.131 0.002 0.050 0.025 0.034 0.163 0.545 
 273 K _   0.042 0.114 0.002 0.041 0.019 0.028 0.172 0.584 
 274 I _   0.035 0.091 0.001 0.031 0.013 0.023 0.181 0.624 
 275 K _   0.028 0.067 0.001 0.023 0.009 0.018 0.191 0.663 
 276 T _   0.022 0.045 0.001 0.016 0.006 0.014 0.200 0.697 
 277 S _   0.017 0.029 0.001 0.011 0.004 0.011 0.206 0.722 
 278 K _   0.012 0.018 0.000 0.007 0.003 0.008 0.211 0.739 
 279 N _   0.009 0.012 0.000 0.005 0.002 0.007 0.214 0.750 
 280 N _   0.007 0.009 0.000 0.004 0.001 0.005 0.216 0.757 
 281 I _   0.005 0.008 0.000 0.003 0.001 0.005 0.217 0.762 
 282 K _   0.004 0.007 0.000 0.003 0.001 0.004 0.216 0.764 
 283 N _   0.004 0.008 0.000 0.003 0.001 0.005 0.214 0.765 
 284 G _   0.004 0.010 0.000 0.004 0.001 0.006 0.212 0.764 
 285 D _   0.005 0.014 0.000 0.005 0.002 0.008 0.207 0.759 
 286 S _   0.006 0.025 0.000 0.009 0.003 0.010 0.201 0.745 
 287 Q _   0.007 0.048 0.001 0.016 0.006 0.014 0.193 0.717 
 288 S _   0.008 0.088 0.001 0.026 0.009 0.017 0.181 0.670 
 289 K _   0.008 0.145 0.002 0.039 0.012 0.019 0.168 0.608 
 290 P _   0.008 0.202 0.002 0.051 0.014 0.021 0.156 0.547 
 291 F _   0.007 0.247 0.002 0.062 0.015 0.021 0.146 0.499 
 292 A _   0.007 0.275 0.001 0.070 0.016 0.021 0.140 0.471 
 293 T _   0.007 0.289 0.001 0.073 0.015 0.020 0.135 0.459 
 294 V _   0.007 0.294 0.001 0.072 0.015 0.019 0.133 0.459 
 295 V _   0.007 0.292 0.001 0.067 0.014 0.018 0.131 0.469 
 296 S _   0.007 0.282 0.001 0.059 0.013 0.016 0.131 0.490 
 297 G _   0.008 0.264 0.001 0.048 0.011 0.015 0.132 0.520 
 298 E _   0.008 0.236 0.001 0.038 0.010 0.014 0.134 0.560 
 299 A _   0.008 0.202 0.001 0.028 0.008 0.013 0.136 0.603 
 300 E _   0.008 0.168 0.001 0.021 0.007 0.012 0.139 0.644 
 301 S _   0.008 0.140 0.001 0.016 0.005 0.012 0.142 0.676 
 302 N _   0.008 0.121 0.001 0.013 0.004 0.011 0.144 0.698 
 303 H _   0.007 0.108 0.000 0.012 0.004 0.010 0.145 0.713 
 304 E _   0.007 0.099 0.000 0.011 0.004 0.010 0.147 0.722 
 305 V _   0.007 0.093 0.000 0.011 0.003 0.010 0.148 0.727 
 306 I _   0.007 0.088 0.000 0.012 0.003 0.009 0.148 0.732 
 307 H _   0.007 0.084 0.000 0.012 0.003 0.009 0.149 0.736 
 308 P _   0.006 0.080 0.000 0.011 0.003 0.009 0.149 0.741 
 309 Q _   0.006 0.075 0.000 0.010 0.003 0.008 0.149 0.748 
 310 P _   0.006 0.072 0.000 0.009 0.003 0.008 0.149 0.753 
 311 L _   0.005 0.069 0.000 0.008 0.003 0.008 0.149 0.758 
 312 S _   0.005 0.067 0.000 0.007 0.003 0.008 0.148 0.761 
 313 S _   0.005 0.068 0.000 0.007 0.003 0.009 0.147 0.761 
 314 E _   0.006 0.070 0.000 0.009 0.003 0.010 0.146 0.756 
 315 G _   0.007 0.076 0.000 0.012 0.004 0.011 0.144 0.746 
 316 S _   0.007 0.084 0.001 0.016 0.006 0.013 0.142 0.731 
 317 Q _   0.008 0.095 0.001 0.023 0.007 0.014 0.140 0.711 
 318 T _   0.008 0.106 0.001 0.030 0.008 0.015 0.139 0.693 
 319 Y _   0.009 0.114 0.001 0.036 0.009 0.015 0.138 0.678 
 320 I _   0.009 0.119 0.001 0.040 0.010 0.015 0.137 0.669 
 321 M _   0.008 0.120 0.001 0.041 0.010 0.015 0.138 0.667 
 322 G _   0.008 0.118 0.001 0.039 0.009 0.014 0.139 0.672 
 323 E _   0.008 0.111 0.001 0.034 0.008 0.013 0.141 0.684 
 324 G _   0.008 0.100 0.001 0.028 0.007 0.012 0.143 0.701 
 325 K _   0.008 0.086 0.001 0.022 0.005 0.010 0.146 0.722 
 326 C _   0.007 0.070 0.001 0.016 0.004 0.009 0.149 0.744 
 327 L _   0.007 0.055 0.000 0.011 0.003 0.008 0.152 0.762 
 328 S _   0.006 0.045 0.000 0.008 0.003 0.007 0.155 0.776 
 329 Q _   0.005 0.038 0.000 0.007 0.002 0.007 0.156 0.785 
 330 E _   0.005 0.034 0.000 0.006 0.002 0.006 0.157 0.790 
 331 K _   0.005 0.032 0.000 0.005 0.002 0.006 0.158 0.791 
 332 P _   0.005 0.032 0.000 0.006 0.002 0.006 0.158 0.791 
 333 R _   0.005 0.033 0.000 0.007 0.002 0.007 0.157 0.789 
 334 A _   0.005 0.035 0.000 0.009 0.003 0.008 0.156 0.785 
 335 S _   0.005 0.038 0.000 0.011 0.003 0.008 0.155 0.780 
 336 G _   0.005 0.041 0.000 0.013 0.003 0.009 0.153 0.775 
 337 L _   0.005 0.045 0.000 0.015 0.004 0.010 0.152 0.769 
 338 L _   0.005 0.049 0.001 0.017 0.004 0.010 0.151 0.763 
 339 K _   0.005 0.052 0.001 0.019 0.005 0.011 0.150 0.759 
 340 S _   0.005 0.054 0.001 0.021 0.005 0.011 0.149 0.755 
 341 P _   0.006 0.056 0.001 0.022 0.006 0.011 0.148 0.751 
 342 A _   0.006 0.056 0.001 0.024 0.006 0.011 0.148 0.748 
 343 S _   0.006 0.056 0.001 0.024 0.006 0.012 0.148 0.747 
 344 L _   0.007 0.055 0.001 0.024 0.006 0.011 0.149 0.747 
 345 K _   0.007 0.052 0.001 0.023 0.006 0.011 0.150 0.750 
 346 A _   0.007 0.047 0.001 0.021 0.005 0.011 0.152 0.756 
 347 H _   0.007 0.041 0.001 0.018 0.005 0.010 0.154 0.765 
 348 T _   0.007 0.034 0.001 0.014 0.004 0.009 0.156 0.776 
 349 C _   0.006 0.028 0.000 0.010 0.003 0.008 0.158 0.786 
 350 K _   0.006 0.022 0.000 0.007 0.003 0.008 0.159 0.795 
 351 Q _   0.006 0.018 0.000 0.005 0.002 0.008 0.160 0.801 
 352 D _   0.006 0.016 0.000 0.004 0.002 0.009 0.160 0.803 
 353 L _   0.006 0.016 0.000 0.004 0.002 0.010 0.160 0.802 
 354 S _   0.008 0.017 0.000 0.004 0.003 0.013 0.159 0.796 
 355 N _   0.011 0.022 0.000 0.006 0.005 0.016 0.157 0.782 
 356 T _   0.014 0.033 0.001 0.010 0.008 0.021 0.155 0.758 
 357 T _   0.017 0.054 0.001 0.017 0.012 0.026 0.153 0.721 
 358 E _   0.020 0.084 0.001 0.025 0.016 0.030 0.150 0.673 
 359 L _   0.022 0.115 0.002 0.033 0.020 0.033 0.147 0.627 
 360 A _   0.024 0.141 0.002 0.041 0.023 0.035 0.145 0.590 
 361 T _   0.025 0.159 0.002 0.045 0.025 0.035 0.144 0.564 
 362 I _   0.025 0.170 0.002 0.048 0.025 0.035 0.144 0.550 
 363 S _   0.026 0.176 0.002 0.048 0.025 0.034 0.145 0.544 
 364 S _   0.026 0.177 0.002 0.047 0.024 0.033 0.147 0.545 
 365 V _   0.026 0.175 0.002 0.045 0.022 0.031 0.150 0.551 
 366 N _   0.026 0.168 0.001 0.042 0.020 0.028 0.153 0.562 
 367 I _   0.025 0.157 0.001 0.038 0.017 0.026 0.158 0.578 
 368 D _   0.023 0.142 0.001 0.033 0.015 0.023 0.163 0.598 
 369 I _   0.022 0.123 0.001 0.028 0.012 0.021 0.169 0.623 
 370 L _   0.020 0.101 0.001 0.023 0.010 0.018 0.176 0.651 
 371 P _   0.018 0.078 0.001 0.018 0.008 0.016 0.182 0.680 
 372 A _   0.015 0.056 0.001 0.014 0.006 0.013 0.188 0.707 
 373 K _   0.013 0.040 0.001 0.010 0.004 0.011 0.193 0.729 
 374 G _   0.010 0.029 0.000 0.007 0.003 0.010 0.197 0.744 
 375 R _   0.009 0.022 0.000 0.006 0.002 0.008 0.199 0.753 
 376 D _   0.007 0.019 0.000 0.005 0.002 0.008 0.201 0.757 
 377 S _   0.006 0.017 0.000 0.006 0.002 0.007 0.203 0.758 
 378 V _   0.006 0.017 0.000 0.007 0.002 0.008 0.204 0.756 
 379 S _   0.006 0.017 0.000 0.009 0.003 0.008 0.205 0.752 
 380 D _   0.006 0.018 0.000 0.012 0.003 0.008 0.205 0.747 
 381 G _   0.006 0.019 0.000 0.014 0.004 0.009 0.206 0.741 
 382 F _   0.006 0.020 0.000 0.017 0.004 0.009 0.207 0.737 
 383 V _   0.006 0.020 0.001 0.018 0.004 0.009 0.208 0.735 
 384 Q _   0.005 0.019 0.001 0.017 0.004 0.008 0.209 0.736 
 385 E _   0.005 0.018 0.000 0.016 0.004 0.008 0.211 0.739 
 386 N _   0.005 0.016 0.000 0.013 0.003 0.007 0.213 0.743 
 387 Q _   0.004 0.013 0.000 0.010 0.003 0.006 0.214 0.749 
 388 P _   0.004 0.011 0.000 0.007 0.002 0.006 0.216 0.754 
 389 R _   0.004 0.010 0.000 0.005 0.002 0.006 0.216 0.757 
 390 Y _   0.004 0.009 0.000 0.004 0.001 0.006 0.217 0.758 
 391 L _   0.004 0.010 0.000 0.004 0.002 0.007 0.217 0.757 
 392 D _   0.005 0.011 0.000 0.004 0.002 0.010 0.216 0.751 
 393 A _   0.008 0.015 0.000 0.005 0.003 0.013 0.215 0.741 
 394 S _   0.011 0.024 0.001 0.008 0.005 0.018 0.213 0.721 
 395 N _   0.015 0.044 0.001 0.012 0.009 0.023 0.210 0.687 
 396 E _   0.019 0.078 0.001 0.018 0.014 0.029 0.206 0.635 
 397 L _   0.023 0.123 0.002 0.025 0.019 0.034 0.201 0.573 
 398 G _   0.026 0.172 0.002 0.031 0.023 0.038 0.197 0.510 
 399 G _   0.028 0.217 0.002 0.037 0.026 0.040 0.194 0.455 
 400 I _   0.029 0.252 0.002 0.041 0.029 0.042 0.192 0.413 
 401 C _   0.030 0.277 0.002 0.045 0.030 0.042 0.191 0.383 
 402 S _   0.031 0.293 0.002 0.047 0.031 0.041 0.192 0.364 
 403 I _   0.032 0.302 0.002 0.049 0.031 0.040 0.193 0.352 
 404 S _   0.032 0.306 0.002 0.050 0.029 0.038 0.196 0.348 
 405 Q _   0.031 0.304 0.002 0.050 0.027 0.035 0.200 0.351 
 406 V _   0.030 0.296 0.002 0.049 0.024 0.032 0.206 0.361 
 407 E _   0.028 0.281 0.002 0.046 0.021 0.029 0.214 0.380 
 408 E _   0.025 0.256 0.002 0.042 0.018 0.025 0.223 0.409 
 409 E _   0.023 0.220 0.002 0.036 0.014 0.022 0.234 0.448 
 410 M _   0.021 0.173 0.001 0.029 0.011 0.019 0.247 0.499 
 411 L _   0.018 0.123 0.001 0.022 0.008 0.015 0.259 0.552 
 412 Q _   0.015 0.080 0.001 0.015 0.006 0.013 0.270 0.600 
 413 D _   0.012 0.050 0.001 0.010 0.004 0.010 0.279 0.635 
 414 N _   0.009 0.031 0.000 0.006 0.002 0.008 0.285 0.658 
 415 T _   0.007 0.021 0.000 0.004 0.002 0.006 0.289 0.671 
 416 K _   0.005 0.017 0.000 0.003 0.001 0.006 0.291 0.677 
 417 S _   0.004 0.015 0.000 0.003 0.001 0.005 0.292 0.679 
 418 S _   0.004 0.015 0.000 0.003 0.001 0.006 0.292 0.678 
 419 A _   0.004 0.017 0.000 0.004 0.002 0.007 0.291 0.674 
 420 Q _   0.005 0.022 0.000 0.007 0.002 0.008 0.289 0.666 
 421 P _   0.006 0.030 0.000 0.011 0.004 0.010 0.287 0.652 
 422 E _   0.006 0.043 0.001 0.017 0.005 0.012 0.283 0.632 
 423 N _   0.007 0.059 0.001 0.024 0.007 0.014 0.279 0.608 
 424 L _   0.007 0.074 0.001 0.031 0.008 0.015 0.276 0.587 
 425 I _   0.007 0.084 0.001 0.037 0.009 0.016 0.274 0.571 
 426 P _   0.007 0.091 0.001 0.041 0.010 0.016 0.273 0.561 
 427 M _   0.007 0.093 0.001 0.043 0.010 0.015 0.273 0.556 
 428 W _   0.007 0.093 0.001 0.042 0.010 0.015 0.275 0.557 
 429 S _   0.007 0.090 0.001 0.039 0.009 0.014 0.278 0.563 
 430 S _   0.007 0.084 0.001 0.034 0.008 0.013 0.281 0.572 
 431 D _   0.007 0.074 0.001 0.028 0.007 0.011 0.286 0.585 
 432 I _   0.007 0.063 0.001 0.022 0.005 0.010 0.291 0.600 
 433 V _   0.007 0.050 0.001 0.017 0.004 0.009 0.297 0.616 
 434 T _   0.007 0.038 0.000 0.012 0.003 0.008 0.302 0.631 
 435 G _   0.006 0.028 0.000 0.008 0.002 0.007 0.306 0.642 
 436 E _   0.006 0.021 0.000 0.006 0.002 0.006 0.309 0.651 
 437 K _   0.005 0.016 0.000 0.005 0.002 0.005 0.310 0.657 
 438 N _   0.005 0.014 0.000 0.004 0.001 0.005 0.311 0.660 
 439 E _   0.004 0.013 0.000 0.004 0.001 0.005 0.311 0.661 
 440 P _   0.004 0.013 0.000 0.004 0.001 0.005 0.310 0.661 
 441 V _   0.004 0.015 0.000 0.005 0.002 0.006 0.309 0.659 
 442 K _   0.005 0.017 0.000 0.007 0.002 0.007 0.307 0.655 
 443 P _   0.005 0.021 0.000 0.010 0.003 0.007 0.304 0.649 
 444 L _   0.005 0.025 0.000 0.014 0.003 0.008 0.302 0.643 
 445 Q _   0.005 0.029 0.000 0.017 0.004 0.009 0.299 0.637 
 446 P _   0.005 0.031 0.000 0.019 0.004 0.009 0.297 0.634 
 447 L _   0.005 0.033 0.000 0.020 0.004 0.009 0.295 0.634 
 448 I _   0.005 0.033 0.000 0.018 0.004 0.008 0.294 0.637 
 449 K _   0.005 0.033 0.000 0.016 0.003 0.007 0.293 0.643 
 450 E _   0.004 0.032 0.000 0.013 0.003 0.007 0.292 0.650 
 451 Q _   0.004 0.030 0.000 0.010 0.002 0.006 0.291 0.657 
 452 K _   0.004 0.029 0.000 0.007 0.002 0.005 0.290 0.663 
 453 P _   0.003 0.028 0.000 0.006 0.001 0.005 0.289 0.668 
 454 K _   0.003 0.028 0.000 0.005 0.001 0.005 0.286 0.670 
 455 D _   0.003 0.030 0.000 0.005 0.002 0.006 0.284 0.670 
 456 Q _   0.004 0.034 0.000 0.006 0.002 0.007 0.280 0.668 
 457 S _   0.004 0.041 0.000 0.007 0.002 0.009 0.274 0.661 
 458 L _   0.005 0.054 0.000 0.010 0.003 0.011 0.268 0.649 
 459 A _   0.006 0.073 0.001 0.013 0.005 0.013 0.260 0.630 
 460 L _   0.006 0.099 0.001 0.017 0.006 0.015 0.250 0.605 
 461 S _   0.007 0.131 0.001 0.020 0.008 0.018 0.240 0.574 
 462 P _   0.008 0.168 0.001 0.024 0.010 0.020 0.230 0.539 
 463 K _   0.009 0.206 0.001 0.027 0.012 0.022 0.221 0.503 
 464 L _   0.009 0.242 0.001 0.030 0.014 0.023 0.212 0.468 
 465 E _   0.010 0.272 0.001 0.033 0.015 0.025 0.205 0.438 
 466 C _   0.011 0.297 0.001 0.035 0.016 0.026 0.200 0.414 
 467 S _   0.012 0.316 0.001 0.037 0.017 0.026 0.196 0.395 
 468 G _   0.013 0.328 0.001 0.039 0.017 0.026 0.193 0.383 
 469 T _   0.014 0.335 0.001 0.039 0.017 0.025 0.191 0.377 
 470 I _   0.014 0.338 0.001 0.039 0.017 0.025 0.190 0.377 
 471 L _   0.015 0.336 0.001 0.039 0.016 0.024 0.190 0.380 
 472 A _   0.015 0.328 0.001 0.038 0.015 0.022 0.190 0.390 
 473 H _   0.014 0.315 0.001 0.036 0.014 0.021 0.192 0.406 
 474 S _   0.014 0.294 0.001 0.034 0.014 0.019 0.195 0.428 
 475 N _   0.014 0.266 0.001 0.032 0.012 0.018 0.199 0.458 
 476 L _   0.014 0.228 0.001 0.029 0.011 0.017 0.204 0.496 
 477 R _   0.013 0.182 0.001 0.026 0.010 0.015 0.210 0.542 
 478 L _   0.013 0.133 0.001 0.021 0.008 0.014 0.217 0.593 
 479 L _   0.012 0.086 0.001 0.016 0.006 0.013 0.223 0.643 
 480 G _   0.011 0.049 0.001 0.011 0.004 0.011 0.228 0.685 
 481 S _   0.009 0.024 0.000 0.007 0.003 0.010 0.231 0.715 
 482 S _   0.008 0.010 0.000 0.004 0.002 0.009 0.233 0.733 
 483 D _   0.008 0.004 0.000 0.003 0.002 0.010 0.234 0.740 
 484 S _   0.010 0.002 0.000 0.002 0.002 0.011 0.233 0.740 
 485 P _   0.014 0.001 0.000 0.002 0.002 0.014 0.233 0.733 
 486 A _   0.022 0.002 0.000 0.003 0.004 0.020 0.231 0.718 
 487 S _   0.035 0.003 0.001 0.004 0.008 0.029 0.229 0.691 
 488 A _   0.051 0.008 0.001 0.009 0.016 0.041 0.226 0.649 
 489 S _   0.068 0.021 0.002 0.016 0.027 0.052 0.222 0.592 
 490 R _   0.082 0.042 0.002 0.028 0.038 0.060 0.219 0.529 
 491 V _   0.091 0.063 0.003 0.040 0.047 0.065 0.217 0.475 
 492 A _   0.095 0.077 0.003 0.050 0.052 0.066 0.216 0.440 
 493 G _   0.096 0.085 0.003 0.056 0.054 0.065 0.217 0.423 
 494 I _   0.095 0.088 0.003 0.057 0.052 0.062 0.219 0.424 
 495 T _   0.090 0.085 0.003 0.053 0.048 0.058 0.223 0.440 
 496 G _   0.083 0.078 0.003 0.045 0.041 0.052 0.229 0.470 
 497 V _   0.074 0.065 0.002 0.034 0.033 0.046 0.235 0.511 
 498 C _   0.063 0.049 0.002 0.024 0.024 0.039 0.243 0.556 
 499 H _   0.052 0.033 0.001 0.016 0.016 0.033 0.250 0.599 
 500 H _   0.042 0.022 0.001 0.010 0.010 0.028 0.256 0.631 
 501 A _   0.033 0.016 0.001 0.007 0.007 0.024 0.261 0.652 
 502 Q _   0.026 0.013 0.001 0.005 0.005 0.021 0.265 0.664 
 503 D _   0.022 0.012 0.000 0.005 0.004 0.019 0.269 0.668 
 504 Q _   0.019 0.013 0.000 0.005 0.004 0.019 0.272 0.667 
 505 V _   0.018 0.016 0.001 0.007 0.005 0.019 0.274 0.662 
 506 A _   0.017 0.020 0.001 0.011 0.006 0.019 0.276 0.650 
 507 G _   0.016 0.027 0.001 0.016 0.008 0.019 0.278 0.635 
 508 E _   0.016 0.035 0.001 0.021 0.009 0.020 0.280 0.618 
 509 C _   0.015 0.041 0.001 0.027 0.011 0.020 0.283 0.602 
 510 I _   0.014 0.046 0.001 0.031 0.011 0.019 0.287 0.590 
 511 I _   0.014 0.049 0.001 0.033 0.011 0.019 0.292 0.582 
 512 E _   0.013 0.049 0.001 0.033 0.011 0.017 0.298 0.578 
 513 K _   0.012 0.048 0.001 0.031 0.010 0.016 0.305 0.577 
 514 Q _   0.011 0.045 0.001 0.028 0.008 0.015 0.313 0.578 
 515 G _   0.010 0.041 0.001 0.024 0.007 0.013 0.322 0.582 
 516 R _   0.010 0.035 0.001 0.020 0.006 0.011 0.332 0.585 
 517 I _   0.009 0.028 0.001 0.017 0.005 0.010 0.342 0.589 
 518 H _   0.008 0.022 0.000 0.013 0.004 0.008 0.352 0.592 
 519 P _   0.007 0.016 0.000 0.010 0.003 0.007 0.361 0.595 
 520 D _   0.007 0.012 0.000 0.008 0.002 0.006 0.369 0.596 
 521 L _   0.006 0.008 0.000 0.006 0.002 0.005 0.376 0.596 
 522 Q _   0.005 0.006 0.000 0.005 0.001 0.005 0.381 0.597 
 523 P _   0.005 0.004 0.000 0.004 0.001 0.004 0.385 0.597 
 524 H _   0.004 0.003 0.000 0.003 0.001 0.004 0.388 0.596 
 525 N _   0.004 0.003 0.000 0.003 0.001 0.004 0.390 0.596 
 526 S _   0.003 0.003 0.000 0.003 0.001 0.004 0.391 0.595 
 527 G _   0.003 0.003 0.000 0.003 0.001 0.004 0.391 0.594 
 528 S _   0.003 0.004 0.000 0.004 0.001 0.004 0.390 0.593 
 529 E _   0.004 0.005 0.000 0.006 0.002 0.005 0.388 0.591 
 530 P _   0.004 0.006 0.000 0.007 0.002 0.006 0.386 0.589 
 531 S _   0.004 0.008 0.000 0.010 0.002 0.007 0.383 0.586 
 532 L _   0.004 0.011 0.000 0.012 0.003 0.007 0.380 0.583 
 533 S _   0.004 0.013 0.000 0.014 0.003 0.008 0.377 0.581 
 534 R _   0.004 0.015 0.000 0.016 0.003 0.008 0.374 0.579 
 535 Q _   0.004 0.016 0.000 0.017 0.003 0.008 0.371 0.579 
 536 R _   0.004 0.017 0.000 0.017 0.003 0.008 0.369 0.581 
 537 R _   0.004 0.017 0.000 0.015 0.003 0.007 0.368 0.584 
 538 Q _   0.004 0.017 0.000 0.013 0.003 0.007 0.367 0.589 
 539 K _   0.004 0.016 0.000 0.011 0.002 0.006 0.366 0.594 
 540 R _   0.004 0.015 0.000 0.009 0.002 0.006 0.365 0.598 
 541 R _   0.004 0.015 0.000 0.008 0.002 0.005 0.364 0.603 
 542 E _   0.004 0.014 0.000 0.006 0.002 0.005 0.362 0.607 
 543 Q _   0.003 0.014 0.000 0.006 0.002 0.005 0.360 0.611 
 544 T _   0.003 0.014 0.000 0.005 0.001 0.005 0.357 0.613 
 545 E _   0.003 0.015 0.000 0.005 0.002 0.005 0.354 0.615 
 546 H _   0.003 0.017 0.000 0.006 0.002 0.006 0.350 0.617 
 547 R _   0.004 0.019 0.000 0.006 0.002 0.006 0.345 0.617 
 548 G _   0.004 0.023 0.000 0.008 0.002 0.007 0.340 0.616 
 549 E _   0.004 0.029 0.000 0.010 0.003 0.008 0.334 0.613 
 550 K _   0.004 0.036 0.000 0.012 0.004 0.009 0.327 0.607 
 551 R _   0.005 0.045 0.001 0.015 0.004 0.010 0.320 0.599 
 552 Q _   0.005 0.056 0.001 0.019 0.006 0.012 0.313 0.589 
 553 V _   0.006 0.066 0.001 0.024 0.007 0.013 0.306 0.579 
 554 R _   0.006 0.075 0.001 0.028 0.008 0.014 0.300 0.569 
 555 R _   0.006 0.082 0.001 0.031 0.008 0.014 0.295 0.561 
 556 D _   0.007 0.087 0.001 0.034 0.009 0.014 0.292 0.557 
 557 L _   0.007 0.088 0.001 0.035 0.009 0.014 0.289 0.557 
 558 F _   0.007 0.088 0.001 0.034 0.009 0.014 0.287 0.561 
 559 A _   0.007 0.084 0.001 0.031 0.008 0.013 0.287 0.570 
 560 F _   0.007 0.078 0.001 0.026 0.007 0.012 0.287 0.583 
 561 Q _   0.007 0.069 0.001 0.021 0.006 0.011 0.287 0.599 
 562 E _   0.007 0.058 0.001 0.016 0.005 0.010 0.288 0.616 
 563 S _   0.006 0.048 0.001 0.012 0.004 0.009 0.289 0.632 
 564 P _   0.006 0.039 0.000 0.008 0.003 0.008 0.289 0.645 
 565 P _   0.006 0.034 0.000 0.006 0.003 0.008 0.290 0.654 
 566 R _   0.006 0.030 0.000 0.005 0.002 0.008 0.290 0.658 
 567 F _   0.006 0.029 0.000 0.005 0.002 0.008 0.289 0.660 
 568 L _   0.007 0.029 0.000 0.006 0.003 0.009 0.288 0.658 
 569 P _   0.007 0.030 0.000 0.007 0.003 0.010 0.287 0.655 
 570 S _   0.008 0.033 0.000 0.009 0.004 0.011 0.285 0.649 
 571 H _   0.009 0.038 0.001 0.012 0.005 0.012 0.284 0.641 
 572 P _   0.009 0.043 0.001 0.015 0.006 0.013 0.282 0.631 
 573 I _   0.010 0.048 0.001 0.019 0.007 0.014 0.281 0.621 
 574 V _   0.010 0.053 0.001 0.023 0.008 0.014 0.280 0.612 
 575 G _   0.010 0.056 0.001 0.025 0.008 0.014 0.280 0.606 
 576 K _   0.010 0.057 0.001 0.026 0.008 0.014 0.280 0.604 
 577 V _   0.010 0.057 0.001 0.025 0.008 0.013 0.281 0.606 
 578 D _   0.009 0.055 0.001 0.022 0.007 0.012 0.283 0.611 
 579 V _   0.008 0.051 0.001 0.019 0.006 0.011 0.285 0.620 
 580 T _   0.007 0.047 0.001 0.015 0.005 0.010 0.287 0.630 
 581 S _   0.007 0.042 0.000 0.011 0.003 0.008 0.288 0.641 
 582 T _   0.006 0.037 0.000 0.008 0.003 0.007 0.289 0.650 
 583 Q _   0.005 0.035 0.000 0.006 0.002 0.007 0.290 0.656 
 584 K _   0.005 0.034 0.000 0.005 0.002 0.007 0.290 0.659 
 585 E _   0.004 0.034 0.000 0.005 0.002 0.007 0.289 0.659 
 586 A _   0.005 0.037 0.000 0.006 0.002 0.008 0.288 0.654 
 587 E _   0.005 0.044 0.000 0.008 0.003 0.009 0.286 0.644 
 588 N _   0.006 0.057 0.001 0.012 0.005 0.011 0.283 0.625 
 589 Q _   0.007 0.077 0.001 0.018 0.006 0.013 0.279 0.599 
 590 R _   0.007 0.100 0.001 0.026 0.008 0.014 0.276 0.568 
 591 R _   0.007 0.120 0.001 0.033 0.009 0.015 0.273 0.541 
 592 V _   0.007 0.135 0.001 0.039 0.010 0.015 0.272 0.521 
 593 V _   0.007 0.144 0.001 0.042 0.010 0.015 0.271 0.510 
 594 T _   0.007 0.148 0.001 0.042 0.010 0.015 0.272 0.505 
 595 G _   0.007 0.148 0.001 0.041 0.010 0.014 0.274 0.506 
 596 S _   0.007 0.145 0.001 0.038 0.009 0.013 0.277 0.511 
 597 V _   0.007 0.138 0.001 0.033 0.008 0.012 0.281 0.520 
 598 S _   0.007 0.127 0.001 0.028 0.007 0.011 0.287 0.533 
 599 S _   0.007 0.113 0.001 0.023 0.006 0.010 0.293 0.547 
 600 S _   0.006 0.098 0.001 0.019 0.005 0.010 0.300 0.562 
 601 R _   0.006 0.083 0.001 0.016 0.004 0.009 0.307 0.575 
 602 S _   0.006 0.069 0.000 0.013 0.004 0.008 0.313 0.587 
 603 S _   0.006 0.058 0.000 0.011 0.003 0.007 0.319 0.596 
 604 E _   0.005 0.048 0.000 0.009 0.002 0.006 0.325 0.603 
 605 M _   0.005 0.041 0.000 0.007 0.002 0.006 0.329 0.609 
 606 S _   0.004 0.036 0.000 0.006 0.002 0.005 0.333 0.612 
 607 S _   0.004 0.033 0.000 0.006 0.002 0.005 0.336 0.615 
 608 S _   0.004 0.030 0.000 0.005 0.002 0.005 0.339 0.615 
 609 K _   0.003 0.029 0.000 0.005 0.002 0.005 0.341 0.615 
 610 D _   0.003 0.028 0.000 0.006 0.002 0.005 0.342 0.613 
 611 R _   0.003 0.029 0.000 0.007 0.002 0.006 0.344 0.610 
 612 P _   0.004 0.030 0.000 0.008 0.002 0.006 0.345 0.605 
 613 L _   0.004 0.031 0.000 0.010 0.003 0.007 0.346 0.600 
 614 S _   0.004 0.033 0.000 0.012 0.003 0.007 0.347 0.594 
 615 A _   0.004 0.035 0.000 0.013 0.003 0.008 0.349 0.588 
 616 R _   0.004 0.036 0.000 0.015 0.003 0.008 0.350 0.583 
 617 E _   0.004 0.037 0.000 0.016 0.004 0.008 0.352 0.579 
 618 R _   0.004 0.037 0.000 0.016 0.004 0.008 0.354 0.576 
 619 R _   0.004 0.037 0.000 0.015 0.004 0.008 0.357 0.574 
 620 R _   0.004 0.036 0.000 0.015 0.004 0.008 0.360 0.573 
 621 L _   0.004 0.035 0.000 0.014 0.003 0.008 0.364 0.571 
 622 K _   0.004 0.033 0.000 0.013 0.003 0.007 0.368 0.570 
 623 Q _   0.004 0.031 0.000 0.012 0.003 0.007 0.373 0.569 
 624 S _   0.004 0.029 0.000 0.011 0.003 0.007 0.378 0.568 
 625 Q _   0.004 0.026 0.000 0.010 0.003 0.006 0.383 0.567 
 626 E _   0.004 0.024 0.000 0.009 0.003 0.006 0.388 0.566 
 627 E _   0.004 0.022 0.000 0.008 0.002 0.006 0.392 0.565 
 628 M _   0.004 0.020 0.000 0.007 0.002 0.005 0.397 0.564 
 629 S _   0.004 0.019 0.000 0.006 0.002 0.005 0.401 0.563 
 630 S _   0.004 0.018 0.000 0.006 0.002 0.005 0.404 0.561 
 631 S _   0.003 0.017 0.000 0.006 0.002 0.005 0.408 0.559 
 632 G _   0.004 0.018 0.000 0.006 0.002 0.006 0.410 0.555 
 633 P _   0.004 0.018 0.000 0.007 0.002 0.006 0.413 0.550 
 634 S _   0.004 0.020 0.000 0.008 0.002 0.007 0.415 0.543 
 635 V _   0.005 0.022 0.000 0.011 0.003 0.008 0.417 0.534 
 636 R _   0.005 0.024 0.000 0.014 0.004 0.009 0.420 0.524 
 637 K _   0.006 0.027 0.001 0.018 0.005 0.009 0.423 0.513 
 638 A _   0.006 0.029 0.001 0.021 0.005 0.010 0.427 0.503 
 639 S _   0.006 0.030 0.001 0.023 0.005 0.010 0.432 0.494 
 640 L _   0.006 0.029 0.001 0.024 0.005 0.009 0.437 0.488 
 641 S _   0.006 0.028 0.001 0.022 0.005 0.009 0.444 0.485 
 642 V _   0.006 0.026 0.001 0.019 0.004 0.008 0.452 0.484 
 643 A _   0.006 0.022 0.000 0.016 0.003 0.007 0.460 0.485 
 644 G _   0.005 0.018 0.000 0.012 0.003 0.006 0.469 0.487 
 645 P _   0.005 0.014 0.000 0.008 0.002 0.005 0.476 0.490 
 646 G _   0.004 0.010 0.000 0.006 0.001 0.004 0.482 0.492 
 647 K _   0.004 0.008 0.000 0.004 0.001 0.004 0.486 0.493 
 648 P _   0.003 0.006 0.000 0.003 0.001 0.003 0.490 0.494 
 649 Q _   0.003 0.006 0.000 0.002 0.001 0.003 0.492 0.494 
 650 E _   0.003 0.006 0.000 0.002 0.001 0.003 0.492 0.494 
 651 E _   0.003 0.006 0.000 0.002 0.001 0.003 0.492 0.493 
 652 D _   0.003 0.008 0.000 0.003 0.001 0.004 0.490 0.491 
 653 Q _   0.003 0.011 0.000 0.004 0.001 0.005 0.487 0.488 
 654 P X   0.003 0.017 0.000 0.006 0.002 0.006 0.483 0.483 
 655 L X   0.003 0.027 0.000 0.009 0.002 0.007 0.478 0.474 
 656 P X   0.003 0.039 0.000 0.012 0.003 0.007 0.472 0.463 
 657 A X   0.003 0.052 0.000 0.015 0.004 0.008 0.465 0.452 
 658 R X   0.003 0.065 0.001 0.017 0.004 0.008 0.460 0.442 
 659 R X   0.003 0.076 0.001 0.019 0.004 0.009 0.455 0.434 
 660 L X   0.003 0.084 0.001 0.020 0.005 0.009 0.451 0.428 
 661 S X   0.003 0.090 0.001 0.020 0.005 0.009 0.448 0.425 
 662 S X   0.003 0.095 0.001 0.020 0.005 0.009 0.446 0.422 
 663 D X   0.003 0.098 0.001 0.019 0.005 0.009 0.444 0.421 
