#TopoPred_TM8: 8-state transmembrane topology prediction results by no_profile mode 
#probabilities are in the order of H E C I L F X _, the 8 transmembrane topology types used in PDBTM 
   1 M X   0.014 0.002 0.002 0.063 0.010 0.010 0.693 0.206 
   2 S X   0.005 0.001 0.000 0.036 0.002 0.005 0.712 0.239 
   3 R X   0.001 0.001 0.000 0.018 0.001 0.003 0.715 0.262 
   4 S X   0.001 0.001 0.000 0.011 0.000 0.002 0.710 0.274 
   5 K X   0.001 0.002 0.000 0.009 0.001 0.003 0.701 0.283 
   6 R X   0.002 0.004 0.000 0.009 0.001 0.005 0.688 0.291 
   7 D X   0.002 0.008 0.000 0.010 0.002 0.008 0.671 0.299 
   8 N X   0.004 0.016 0.000 0.014 0.003 0.011 0.647 0.306 
   9 N X   0.005 0.030 0.001 0.020 0.005 0.014 0.616 0.311 
  10 F X   0.005 0.052 0.001 0.028 0.007 0.018 0.577 0.312 
  11 Y X   0.006 0.082 0.001 0.036 0.010 0.020 0.535 0.310 
  12 S X   0.006 0.114 0.002 0.044 0.012 0.023 0.493 0.306 
  13 V X   0.006 0.143 0.002 0.051 0.014 0.025 0.457 0.302 
  14 E X   0.007 0.167 0.002 0.056 0.016 0.026 0.426 0.300 
  15 I X   0.008 0.184 0.002 0.059 0.017 0.027 0.402 0.302 
  16 G X   0.008 0.196 0.001 0.061 0.018 0.027 0.382 0.306 
  17 D X   0.009 0.203 0.001 0.062 0.018 0.027 0.366 0.313 
  18 S X   0.010 0.205 0.001 0.061 0.018 0.027 0.353 0.324 
  19 T X   0.011 0.204 0.001 0.059 0.018 0.026 0.343 0.339 
  20 F _   0.011 0.198 0.001 0.056 0.017 0.024 0.334 0.359 
  21 T _   0.011 0.186 0.001 0.050 0.015 0.023 0.327 0.386 
  22 V _   0.011 0.167 0.001 0.043 0.013 0.021 0.322 0.421 
  23 L _   0.011 0.141 0.001 0.035 0.011 0.019 0.318 0.463 
  24 K _   0.011 0.108 0.001 0.027 0.009 0.017 0.314 0.513 
  25 R _   0.010 0.074 0.001 0.020 0.007 0.015 0.310 0.563 
  26 Y _   0.010 0.044 0.001 0.013 0.006 0.013 0.306 0.607 
  27 Q _   0.009 0.023 0.001 0.009 0.004 0.012 0.302 0.641 
  28 N _   0.009 0.010 0.000 0.006 0.003 0.012 0.296 0.664 
  29 L _   0.011 0.004 0.000 0.004 0.002 0.012 0.290 0.677 
  30 K _   0.014 0.002 0.000 0.003 0.002 0.013 0.283 0.683 
  31 P _   0.020 0.001 0.000 0.003 0.003 0.015 0.275 0.684 
  32 I _   0.031 0.000 0.000 0.003 0.004 0.020 0.265 0.677 
  33 G _   0.049 0.000 0.001 0.003 0.006 0.026 0.254 0.660 
  34 S _   0.075 0.000 0.001 0.004 0.011 0.034 0.241 0.633 
  35 G _   0.108 0.001 0.001 0.006 0.017 0.044 0.227 0.595 
  36 A _   0.146 0.001 0.002 0.008 0.026 0.054 0.214 0.550 
  37 Q _   0.182 0.002 0.002 0.010 0.036 0.062 0.201 0.506 
  38 G _   0.214 0.003 0.002 0.012 0.045 0.068 0.191 0.467 
  39 I _   0.241 0.004 0.002 0.013 0.051 0.072 0.182 0.435 
  40 V _   0.260 0.004 0.002 0.014 0.056 0.073 0.175 0.414 
  41 C _   0.273 0.005 0.002 0.015 0.057 0.072 0.170 0.405 
  42 A _   0.279 0.005 0.002 0.015 0.056 0.070 0.167 0.405 
  43 A _   0.277 0.006 0.002 0.014 0.053 0.067 0.164 0.417 
  44 Y _   0.270 0.005 0.002 0.013 0.048 0.062 0.162 0.436 
  45 D _   0.254 0.005 0.002 0.013 0.042 0.058 0.162 0.464 
  46 A _   0.233 0.004 0.002 0.012 0.036 0.053 0.162 0.498 
  47 I _   0.210 0.004 0.002 0.011 0.029 0.048 0.162 0.533 
  48 L _   0.184 0.004 0.002 0.011 0.024 0.043 0.163 0.569 
  49 E _   0.157 0.003 0.001 0.011 0.019 0.038 0.164 0.604 
  50 R _   0.131 0.003 0.001 0.012 0.016 0.034 0.166 0.637 
  51 N _   0.106 0.003 0.001 0.012 0.013 0.030 0.167 0.667 
  52 V _   0.085 0.003 0.001 0.013 0.011 0.026 0.168 0.693 
  53 A _   0.067 0.003 0.001 0.013 0.009 0.023 0.169 0.715 
  54 I _   0.052 0.003 0.001 0.012 0.007 0.020 0.170 0.735 
  55 K _   0.040 0.003 0.001 0.011 0.006 0.017 0.171 0.751 
  56 K _   0.030 0.002 0.001 0.010 0.005 0.014 0.172 0.766 
  57 L _   0.023 0.002 0.000 0.009 0.004 0.012 0.172 0.778 
  58 S _   0.017 0.002 0.000 0.007 0.003 0.010 0.172 0.788 
  59 R _   0.013 0.001 0.000 0.006 0.003 0.008 0.172 0.797 
  60 P _   0.010 0.001 0.000 0.005 0.002 0.007 0.171 0.803 
  61 F _   0.008 0.001 0.000 0.004 0.002 0.007 0.170 0.808 
  62 Q _   0.007 0.001 0.000 0.003 0.002 0.006 0.169 0.812 
  63 N _   0.006 0.000 0.000 0.003 0.002 0.007 0.167 0.815 
  64 Q _   0.006 0.001 0.000 0.003 0.002 0.007 0.164 0.817 
  65 T _   0.007 0.001 0.000 0.003 0.002 0.008 0.161 0.818 
  66 H _   0.008 0.001 0.000 0.004 0.002 0.010 0.157 0.816 
  67 A _   0.010 0.002 0.000 0.005 0.003 0.013 0.153 0.812 
  68 K _   0.012 0.004 0.001 0.008 0.005 0.017 0.148 0.805 
  69 R _   0.015 0.008 0.001 0.012 0.008 0.022 0.142 0.792 
  70 A _   0.019 0.013 0.001 0.017 0.012 0.027 0.136 0.776 
  71 Y _   0.022 0.018 0.001 0.024 0.016 0.031 0.130 0.757 
  72 R _   0.026 0.024 0.001 0.031 0.019 0.035 0.124 0.740 
  73 E _   0.029 0.028 0.002 0.036 0.022 0.037 0.119 0.728 
  74 L _   0.031 0.030 0.002 0.039 0.023 0.038 0.114 0.723 
  75 V _   0.033 0.030 0.002 0.038 0.023 0.038 0.111 0.726 
  76 L _   0.034 0.028 0.002 0.034 0.021 0.037 0.108 0.737 
  77 M _   0.035 0.024 0.001 0.027 0.018 0.035 0.105 0.754 
  78 K _   0.036 0.019 0.001 0.020 0.015 0.034 0.103 0.773 
  79 C _   0.037 0.013 0.001 0.014 0.013 0.032 0.101 0.790 
  80 V _   0.038 0.009 0.001 0.009 0.010 0.031 0.099 0.803 
  81 N _   0.039 0.007 0.001 0.007 0.009 0.031 0.097 0.810 
  82 H _   0.042 0.006 0.001 0.006 0.009 0.031 0.095 0.811 
  83 K _   0.046 0.006 0.001 0.007 0.010 0.032 0.093 0.807 
  84 N _   0.050 0.007 0.001 0.009 0.012 0.033 0.091 0.797 
  85 I _   0.053 0.009 0.001 0.013 0.014 0.034 0.090 0.785 
  86 I _   0.055 0.012 0.001 0.018 0.017 0.035 0.088 0.773 
  87 G _   0.055 0.015 0.001 0.024 0.019 0.035 0.087 0.764 
  88 L _   0.054 0.016 0.001 0.027 0.019 0.033 0.086 0.762 
  89 L _   0.050 0.017 0.001 0.029 0.019 0.031 0.086 0.768 
  90 N _   0.045 0.016 0.001 0.027 0.016 0.028 0.085 0.781 
  91 V _   0.039 0.013 0.001 0.023 0.013 0.025 0.085 0.800 
  92 F _   0.033 0.010 0.001 0.017 0.010 0.021 0.085 0.822 
  93 T _   0.028 0.006 0.001 0.011 0.007 0.018 0.085 0.845 
  94 P _   0.023 0.003 0.001 0.007 0.005 0.015 0.084 0.862 
  95 Q _   0.019 0.001 0.000 0.004 0.003 0.014 0.084 0.874 
  96 K _   0.017 0.001 0.000 0.003 0.003 0.013 0.083 0.881 
  97 S _   0.017 0.000 0.000 0.002 0.002 0.013 0.081 0.884 
  98 L _   0.018 0.000 0.000 0.002 0.003 0.014 0.080 0.883 
  99 E _   0.021 0.000 0.000 0.003 0.004 0.017 0.078 0.877 
 100 E _   0.026 0.001 0.001 0.004 0.005 0.020 0.076 0.867 
 101 F _   0.033 0.001 0.001 0.006 0.008 0.025 0.073 0.853 
 102 Q _   0.040 0.002 0.001 0.009 0.011 0.030 0.071 0.834 
 103 D _   0.048 0.004 0.001 0.014 0.016 0.035 0.068 0.814 
 104 V _   0.055 0.006 0.001 0.018 0.019 0.039 0.065 0.796 
 105 Y _   0.061 0.007 0.002 0.021 0.022 0.042 0.063 0.782 
 106 I _   0.066 0.008 0.002 0.022 0.023 0.043 0.061 0.775 
 107 V _   0.071 0.007 0.002 0.021 0.023 0.044 0.059 0.774 
 108 M _   0.074 0.006 0.001 0.018 0.021 0.043 0.058 0.778 
 109 E _   0.076 0.005 0.001 0.014 0.019 0.042 0.056 0.786 
 110 L _   0.078 0.004 0.001 0.010 0.017 0.041 0.055 0.795 
 111 M _   0.079 0.003 0.001 0.007 0.015 0.041 0.054 0.801 
 112 D _   0.080 0.002 0.001 0.006 0.014 0.040 0.052 0.804 
 113 A _   0.082 0.002 0.001 0.006 0.014 0.040 0.051 0.803 
 114 N _   0.085 0.002 0.001 0.008 0.015 0.041 0.050 0.797 
 115 L _   0.087 0.003 0.001 0.010 0.017 0.041 0.050 0.791 
 116 C _   0.087 0.004 0.001 0.014 0.018 0.040 0.049 0.785 
 117 Q _   0.085 0.006 0.001 0.018 0.019 0.039 0.048 0.783 
 118 V _   0.082 0.006 0.001 0.020 0.019 0.037 0.048 0.786 
 119 I _   0.078 0.006 0.001 0.020 0.017 0.035 0.048 0.795 
 120 Q _   0.072 0.005 0.001 0.017 0.014 0.032 0.047 0.811 
 121 M _   0.065 0.004 0.001 0.013 0.011 0.028 0.047 0.829 
 122 E _   0.060 0.003 0.001 0.009 0.008 0.026 0.047 0.847 
 123 L _   0.056 0.001 0.001 0.006 0.006 0.023 0.046 0.861 
 124 D _   0.055 0.000 0.001 0.003 0.005 0.022 0.045 0.869 
 125 H _   0.058 0.000 0.000 0.002 0.004 0.022 0.044 0.869 
 126 E _   0.065 0.000 0.000 0.002 0.004 0.024 0.043 0.862 
 127 R _   0.078 0.000 0.001 0.002 0.006 0.027 0.041 0.845 
 128 M _   0.097 0.000 0.001 0.002 0.008 0.033 0.040 0.819 
 129 S _   0.119 0.001 0.001 0.004 0.013 0.039 0.039 0.785 
 130 Y _   0.143 0.002 0.001 0.006 0.020 0.046 0.037 0.744 
 131 L _   0.165 0.004 0.002 0.011 0.029 0.052 0.036 0.702 
 132 L _   0.183 0.007 0.002 0.016 0.037 0.056 0.035 0.665 
 133 Y _   0.196 0.010 0.002 0.020 0.042 0.058 0.034 0.638 
 134 Q _   0.201 0.011 0.002 0.023 0.044 0.059 0.033 0.625 
 135 M _   0.200 0.012 0.002 0.024 0.044 0.057 0.033 0.628 
 136 L _   0.193 0.012 0.002 0.022 0.040 0.054 0.033 0.644 
 137 C _   0.180 0.010 0.002 0.019 0.035 0.050 0.034 0.670 
 138 G _   0.164 0.009 0.002 0.015 0.029 0.046 0.034 0.702 
 139 I _   0.146 0.007 0.002 0.011 0.023 0.041 0.034 0.736 
 140 K _   0.125 0.005 0.001 0.009 0.018 0.038 0.035 0.769 
 141 H _   0.106 0.005 0.001 0.008 0.015 0.034 0.035 0.795 
 142 L _   0.089 0.004 0.001 0.009 0.013 0.032 0.036 0.816 
 143 H _   0.075 0.005 0.001 0.010 0.012 0.029 0.037 0.832 
 144 S _   0.062 0.005 0.001 0.012 0.011 0.027 0.037 0.844 
 145 A _   0.051 0.006 0.001 0.015 0.011 0.025 0.038 0.854 
 146 G _   0.042 0.007 0.001 0.017 0.010 0.023 0.038 0.863 
 147 I _   0.034 0.007 0.001 0.017 0.009 0.020 0.039 0.873 
 148 I _   0.028 0.007 0.001 0.017 0.008 0.018 0.039 0.883 
 149 H _   0.023 0.006 0.001 0.015 0.007 0.015 0.040 0.894 
 150 R _   0.018 0.005 0.001 0.012 0.006 0.013 0.040 0.905 
 151 D _   0.015 0.004 0.001 0.010 0.005 0.012 0.041 0.914 
 152 L _   0.012 0.003 0.000 0.008 0.004 0.010 0.041 0.922 
 153 K _   0.010 0.002 0.000 0.006 0.003 0.009 0.041 0.928 
 154 P _   0.009 0.002 0.000 0.005 0.003 0.009 0.041 0.931 
 155 S _   0.008 0.001 0.000 0.005 0.002 0.009 0.041 0.933 
 156 N _   0.008 0.001 0.000 0.005 0.003 0.009 0.041 0.933 
 157 I _   0.008 0.002 0.000 0.005 0.003 0.010 0.040 0.931 
 158 V _   0.009 0.002 0.000 0.006 0.003 0.011 0.040 0.929 
 159 V _   0.010 0.003 0.000 0.007 0.004 0.012 0.039 0.925 
 160 K _   0.011 0.004 0.001 0.008 0.004 0.015 0.038 0.920 
 161 S _   0.012 0.005 0.001 0.009 0.006 0.017 0.037 0.914 
 162 D _   0.014 0.007 0.001 0.011 0.007 0.020 0.035 0.906 
 163 C _   0.016 0.009 0.001 0.013 0.009 0.023 0.034 0.896 
 164 T _   0.018 0.012 0.001 0.015 0.011 0.027 0.033 0.884 
 165 L _   0.021 0.015 0.001 0.018 0.013 0.030 0.031 0.871 
 166 K _   0.025 0.018 0.001 0.021 0.015 0.033 0.030 0.857 
 167 I _   0.028 0.021 0.001 0.025 0.018 0.036 0.029 0.843 
 168 L _   0.031 0.022 0.001 0.027 0.019 0.038 0.027 0.833 
 169 D _   0.034 0.023 0.001 0.028 0.020 0.040 0.026 0.827 
 170 F _   0.037 0.023 0.001 0.027 0.020 0.040 0.026 0.825 
 171 G _   0.040 0.021 0.001 0.025 0.020 0.041 0.025 0.827 
 172 L _   0.043 0.018 0.001 0.021 0.019 0.041 0.024 0.833 
 173 A _   0.046 0.015 0.001 0.016 0.017 0.040 0.024 0.841 
 174 R _   0.049 0.011 0.001 0.013 0.015 0.040 0.023 0.848 
 175 T _   0.052 0.008 0.001 0.009 0.014 0.040 0.023 0.852 
 176 A _   0.056 0.007 0.001 0.008 0.013 0.041 0.022 0.852 
 177 G _   0.062 0.006 0.001 0.007 0.014 0.042 0.022 0.846 
 178 T _   0.069 0.006 0.001 0.008 0.015 0.043 0.021 0.837 
 179 S _   0.075 0.006 0.001 0.009 0.018 0.045 0.021 0.825 
 180 F _   0.081 0.007 0.001 0.011 0.021 0.046 0.020 0.812 
 181 M _   0.085 0.009 0.001 0.014 0.023 0.047 0.020 0.800 
 182 M _   0.088 0.011 0.002 0.017 0.026 0.047 0.019 0.791 
 183 T _   0.088 0.012 0.002 0.020 0.027 0.046 0.019 0.787 
 184 P _   0.086 0.013 0.002 0.021 0.026 0.045 0.019 0.788 
 185 Y _   0.082 0.013 0.002 0.021 0.025 0.042 0.019 0.796 
 186 V _   0.077 0.012 0.002 0.020 0.023 0.039 0.019 0.808 
 187 V _   0.070 0.011 0.001 0.017 0.020 0.036 0.019 0.825 
 188 T _   0.063 0.010 0.001 0.015 0.016 0.033 0.020 0.842 
 189 R _   0.054 0.008 0.001 0.012 0.014 0.030 0.020 0.861 
 190 Y _   0.046 0.007 0.001 0.010 0.011 0.027 0.020 0.877 
 191 Y _   0.039 0.006 0.001 0.009 0.010 0.025 0.020 0.890 
 192 R _   0.033 0.006 0.001 0.010 0.009 0.023 0.020 0.900 
 193 A _   0.028 0.005 0.001 0.010 0.008 0.022 0.020 0.906 
 194 P _   0.024 0.006 0.001 0.012 0.008 0.020 0.020 0.910 
 195 E _   0.022 0.006 0.001 0.014 0.008 0.019 0.019 0.911 
 196 V _   0.020 0.007 0.001 0.015 0.008 0.018 0.019 0.911 
 197 I _   0.019 0.007 0.001 0.016 0.008 0.017 0.019 0.912 
 198 L _   0.019 0.006 0.001 0.016 0.008 0.016 0.019 0.915 
 199 G _   0.019 0.006 0.001 0.015 0.007 0.015 0.019 0.919 
 200 M _   0.020 0.004 0.001 0.013 0.006 0.014 0.018 0.924 
 201 G _   0.023 0.003 0.001 0.009 0.005 0.013 0.018 0.928 
 202 Y _   0.029 0.001 0.001 0.006 0.004 0.012 0.017 0.929 
 203 K _   0.039 0.001 0.000 0.004 0.003 0.012 0.017 0.924 
 204 E _   0.057 0.000 0.000 0.003 0.004 0.013 0.016 0.908 
 205 N _   0.089 0.000 0.001 0.002 0.004 0.014 0.015 0.875 
 206 V _   0.141 0.000 0.001 0.002 0.006 0.017 0.013 0.820 
 207 D _   0.220 0.000 0.001 0.002 0.008 0.021 0.012 0.736 
 208 L _   0.321 0.000 0.001 0.002 0.013 0.026 0.010 0.626 
 209 W _   0.425 0.000 0.001 0.002 0.020 0.031 0.009 0.511 
 210 S H   0.520 0.000 0.002 0.003 0.028 0.034 0.008 0.405 
 211 V H   0.595 0.000 0.002 0.003 0.034 0.036 0.007 0.321 
 212 G H   0.651 0.000 0.002 0.004 0.039 0.037 0.007 0.260 
 213 C H   0.689 0.000 0.002 0.004 0.042 0.036 0.007 0.220 
 214 I H   0.711 0.000 0.002 0.004 0.043 0.034 0.007 0.198 
 215 M H   0.719 0.001 0.002 0.004 0.043 0.033 0.008 0.191 
 216 G H   0.714 0.000 0.002 0.004 0.041 0.031 0.008 0.199 
 217 E H   0.693 0.000 0.002 0.004 0.039 0.030 0.010 0.222 
 218 M H   0.655 0.000 0.002 0.004 0.037 0.029 0.012 0.261 
 219 V H   0.602 0.000 0.002 0.004 0.033 0.027 0.014 0.317 
 220 C H   0.534 0.000 0.002 0.005 0.028 0.026 0.017 0.387 
 221 H _   0.456 0.000 0.002 0.006 0.024 0.025 0.021 0.466 
 222 K _   0.375 0.000 0.002 0.007 0.019 0.023 0.026 0.547 
 223 I _   0.297 0.001 0.002 0.008 0.015 0.022 0.031 0.625 
 224 L _   0.224 0.001 0.001 0.008 0.012 0.020 0.036 0.698 
 225 F _   0.161 0.001 0.001 0.008 0.009 0.017 0.041 0.762 
 226 P _   0.112 0.001 0.001 0.007 0.007 0.015 0.045 0.813 
 227 G _   0.075 0.001 0.001 0.006 0.005 0.013 0.048 0.852 
 228 R _   0.051 0.001 0.000 0.005 0.004 0.012 0.050 0.878 
 229 D _   0.035 0.001 0.000 0.004 0.003 0.011 0.052 0.895 
 230 Y _   0.025 0.001 0.000 0.003 0.003 0.010 0.053 0.904 
 231 I _   0.020 0.002 0.000 0.004 0.003 0.011 0.054 0.907 
 232 D _   0.017 0.004 0.000 0.004 0.003 0.012 0.054 0.904 
 233 Q _   0.017 0.008 0.000 0.006 0.004 0.014 0.055 0.895 
 234 W _   0.017 0.018 0.001 0.009 0.006 0.017 0.055 0.877 
 235 N _   0.018 0.034 0.001 0.014 0.009 0.020 0.055 0.850 
 236 K _   0.018 0.057 0.001 0.020 0.011 0.022 0.054 0.817 
 237 V _   0.018 0.081 0.001 0.026 0.013 0.023 0.054 0.783 
 238 I _   0.018 0.103 0.001 0.030 0.014 0.024 0.054 0.755 
 239 E _   0.018 0.118 0.001 0.034 0.015 0.024 0.054 0.735 
 240 Q _   0.017 0.129 0.001 0.034 0.015 0.024 0.055 0.725 
 241 L _   0.017 0.135 0.001 0.034 0.014 0.023 0.056 0.720 
 242 G _   0.016 0.137 0.001 0.031 0.013 0.022 0.057 0.723 
 243 T _   0.015 0.137 0.001 0.027 0.012 0.021 0.059 0.729 
 244 P _   0.014 0.134 0.001 0.024 0.010 0.019 0.061 0.737 
 245 C _   0.013 0.131 0.001 0.020 0.009 0.018 0.063 0.746 
 246 P _   0.013 0.128 0.001 0.017 0.008 0.017 0.065 0.753 
 247 E _   0.012 0.125 0.001 0.015 0.007 0.016 0.067 0.758 
 248 F _   0.012 0.122 0.001 0.013 0.006 0.016 0.069 0.761 
 249 M _   0.012 0.121 0.001 0.013 0.006 0.015 0.070 0.762 
 250 K _   0.011 0.121 0.001 0.013 0.006 0.015 0.072 0.761 
 251 K _   0.011 0.122 0.001 0.014 0.006 0.014 0.074 0.758 
 252 L _   0.011 0.123 0.001 0.015 0.007 0.014 0.075 0.754 
 253 Q _   0.011 0.124 0.001 0.017 0.007 0.014 0.077 0.749 
 254 P _   0.011 0.125 0.001 0.018 0.007 0.014 0.079 0.744 
 255 T _   0.010 0.126 0.001 0.020 0.007 0.013 0.082 0.741 
 256 V _   0.010 0.125 0.001 0.021 0.007 0.013 0.085 0.739 
 257 R _   0.010 0.122 0.001 0.020 0.007 0.012 0.088 0.740 
 258 T _   0.009 0.118 0.001 0.019 0.006 0.012 0.091 0.744 
 259 Y _   0.008 0.112 0.001 0.017 0.006 0.011 0.095 0.750 
 260 V _   0.008 0.106 0.001 0.014 0.005 0.010 0.099 0.758 
 261 E _   0.007 0.100 0.001 0.012 0.004 0.009 0.102 0.765 
 262 N _   0.007 0.095 0.000 0.009 0.003 0.009 0.105 0.771 
 263 R _   0.006 0.091 0.000 0.008 0.003 0.009 0.108 0.774 
 264 P _   0.006 0.090 0.000 0.007 0.003 0.009 0.111 0.774 
 265 K _   0.006 0.091 0.000 0.007 0.003 0.010 0.113 0.770 
 266 Y _   0.007 0.094 0.000 0.008 0.003 0.011 0.114 0.762 
 267 A _   0.007 0.102 0.001 0.010 0.004 0.012 0.116 0.748 
 268 G _   0.008 0.114 0.001 0.014 0.006 0.014 0.117 0.727 
 269 Y _   0.008 0.131 0.001 0.019 0.007 0.016 0.118 0.700 
 270 S _   0.009 0.151 0.001 0.026 0.009 0.017 0.119 0.668 
 271 F _   0.009 0.171 0.001 0.033 0.011 0.018 0.120 0.636 
 272 E _   0.009 0.188 0.001 0.040 0.012 0.019 0.122 0.608 
 273 K _   0.010 0.199 0.001 0.046 0.013 0.019 0.125 0.586 
 274 L _   0.010 0.206 0.001 0.050 0.013 0.019 0.129 0.572 
 275 F _   0.010 0.207 0.001 0.052 0.013 0.018 0.134 0.565 
 276 P _   0.010 0.204 0.001 0.051 0.013 0.017 0.140 0.563 
 277 D _   0.010 0.195 0.001 0.048 0.012 0.016 0.149 0.570 
 278 V _   0.010 0.178 0.001 0.043 0.011 0.015 0.159 0.583 
 279 L _   0.010 0.154 0.001 0.036 0.009 0.014 0.171 0.605 
 280 F _   0.010 0.122 0.001 0.028 0.008 0.012 0.185 0.635 
 281 P _   0.009 0.088 0.001 0.020 0.006 0.011 0.199 0.666 
 282 A _   0.009 0.058 0.001 0.014 0.004 0.009 0.212 0.693 
 283 D _   0.007 0.037 0.000 0.009 0.003 0.008 0.222 0.713 
 284 S _   0.006 0.024 0.000 0.006 0.002 0.006 0.230 0.725 
 285 E _   0.005 0.017 0.000 0.004 0.002 0.006 0.236 0.730 
 286 H _   0.004 0.014 0.000 0.004 0.001 0.005 0.240 0.732 
 287 N _   0.004 0.012 0.000 0.003 0.001 0.006 0.243 0.730 
 288 K _   0.004 0.012 0.000 0.004 0.001 0.006 0.245 0.727 
 289 L _   0.004 0.013 0.000 0.005 0.002 0.007 0.246 0.723 
 290 K _   0.005 0.015 0.000 0.006 0.002 0.008 0.247 0.716 
 291 A _   0.005 0.018 0.000 0.008 0.003 0.010 0.247 0.708 
 292 S _   0.006 0.022 0.000 0.010 0.004 0.012 0.247 0.698 
 293 Q _   0.006 0.028 0.001 0.013 0.005 0.014 0.247 0.687 
 294 A _   0.007 0.033 0.001 0.015 0.006 0.016 0.247 0.674 
 295 R _   0.008 0.039 0.001 0.018 0.007 0.019 0.247 0.661 
 296 D _   0.010 0.045 0.001 0.020 0.009 0.021 0.248 0.646 
 297 L _   0.012 0.050 0.001 0.023 0.011 0.024 0.249 0.631 
 298 L _   0.014 0.054 0.001 0.025 0.013 0.026 0.250 0.616 
 299 S _   0.016 0.058 0.001 0.028 0.015 0.027 0.253 0.602 
 300 K _   0.018 0.060 0.001 0.030 0.016 0.028 0.256 0.590 
 301 M _   0.020 0.061 0.001 0.031 0.017 0.028 0.261 0.582 
 302 L _   0.021 0.060 0.001 0.030 0.016 0.028 0.266 0.578 
 303 V _   0.022 0.057 0.001 0.028 0.015 0.027 0.272 0.577 
 304 I _   0.022 0.053 0.001 0.025 0.014 0.025 0.280 0.580 
 305 D _   0.022 0.047 0.001 0.021 0.012 0.024 0.287 0.586 
 306 A _   0.021 0.041 0.001 0.017 0.010 0.022 0.296 0.592 
 307 S _   0.020 0.034 0.001 0.013 0.009 0.021 0.304 0.598 
 308 K _   0.019 0.029 0.001 0.010 0.007 0.020 0.313 0.601 
 309 R _   0.018 0.025 0.001 0.009 0.006 0.019 0.321 0.602 
 310 I _   0.017 0.023 0.001 0.008 0.006 0.018 0.328 0.600 
 311 S _   0.016 0.022 0.001 0.008 0.006 0.018 0.335 0.594 
 312 V _   0.016 0.022 0.001 0.009 0.006 0.018 0.342 0.586 
 313 D _   0.016 0.023 0.001 0.011 0.007 0.018 0.350 0.575 
 314 E _   0.017 0.024 0.001 0.014 0.008 0.018 0.357 0.563 
 315 A _   0.016 0.025 0.001 0.016 0.008 0.018 0.365 0.551 
 316 L _   0.015 0.026 0.001 0.019 0.009 0.017 0.374 0.539 
 317 Q _   0.015 0.026 0.001 0.021 0.009 0.017 0.384 0.529 
 318 H _   0.014 0.026 0.001 0.021 0.009 0.016 0.394 0.520 
 319 P _   0.013 0.025 0.001 0.021 0.008 0.014 0.406 0.512 
 320 Y _   0.012 0.023 0.001 0.020 0.007 0.013 0.419 0.505 
 321 I _   0.011 0.021 0.001 0.019 0.006 0.012 0.432 0.498 
 322 N _   0.010 0.018 0.001 0.016 0.005 0.011 0.446 0.493 
 323 V _   0.009 0.015 0.001 0.014 0.004 0.009 0.460 0.488 
 324 W _   0.008 0.012 0.000 0.011 0.003 0.008 0.473 0.484 
 325 Y X   0.008 0.009 0.000 0.009 0.003 0.007 0.485 0.480 
 326 D X   0.007 0.007 0.000 0.007 0.002 0.006 0.496 0.475 
 327 P X   0.006 0.005 0.000 0.006 0.002 0.005 0.505 0.470 
 328 S X   0.006 0.004 0.000 0.005 0.002 0.005 0.513 0.466 
 329 E X   0.005 0.003 0.000 0.004 0.001 0.004 0.519 0.463 
 330 A X   0.005 0.002 0.000 0.004 0.001 0.004 0.525 0.460 
 331 E X   0.004 0.002 0.000 0.004 0.001 0.004 0.528 0.457 
 332 A X   0.004 0.001 0.000 0.003 0.001 0.003 0.531 0.456 
 333 P X   0.004 0.001 0.000 0.003 0.001 0.003 0.532 0.456 
 334 P X   0.003 0.001 0.000 0.003 0.001 0.003 0.532 0.457 
 335 P X   0.003 0.001 0.000 0.003 0.001 0.003 0.530 0.459 
 336 K X   0.003 0.002 0.000 0.003 0.001 0.003 0.528 0.461 
 337 I X   0.003 0.002 0.000 0.003 0.001 0.003 0.524 0.464 
 338 P X   0.003 0.003 0.000 0.003 0.001 0.004 0.518 0.469 
 339 D X   0.003 0.004 0.000 0.004 0.001 0.004 0.511 0.473 
 340 K X   0.003 0.006 0.000 0.004 0.001 0.005 0.501 0.479 
 341 Q X   0.003 0.010 0.000 0.006 0.002 0.006 0.488 0.484 
 342 L _   0.004 0.018 0.000 0.008 0.002 0.008 0.472 0.488 
 343 D _   0.004 0.029 0.000 0.011 0.003 0.010 0.453 0.489 
 344 E _   0.005 0.048 0.001 0.015 0.005 0.013 0.429 0.485 
 345 R _   0.005 0.075 0.001 0.020 0.007 0.016 0.400 0.476 
 346 E _   0.006 0.110 0.001 0.025 0.009 0.018 0.370 0.461 
 347 H _   0.007 0.153 0.001 0.030 0.011 0.020 0.338 0.440 
 348 T _   0.007 0.199 0.002 0.034 0.012 0.022 0.308 0.417 
 349 I _   0.007 0.243 0.002 0.037 0.014 0.023 0.282 0.393 
 350 E _   0.007 0.282 0.002 0.039 0.015 0.023 0.259 0.373 
 351 E _   0.008 0.313 0.001 0.040 0.015 0.023 0.241 0.359 
 352 W _   0.008 0.337 0.001 0.040 0.015 0.023 0.226 0.350 
 353 K E   0.009 0.353 0.001 0.040 0.015 0.023 0.215 0.345 
 354 E E   0.009 0.364 0.001 0.039 0.015 0.022 0.205 0.345 
 355 L E   0.010 0.370 0.001 0.038 0.014 0.021 0.198 0.349 
 356 I E   0.010 0.372 0.001 0.036 0.013 0.020 0.192 0.355 
 357 Y E   0.010 0.370 0.001 0.034 0.012 0.019 0.187 0.366 
 358 K _   0.011 0.365 0.001 0.031 0.011 0.018 0.183 0.380 
 359 E _   0.011 0.356 0.001 0.029 0.010 0.016 0.180 0.397 
 360 V _   0.011 0.343 0.001 0.026 0.009 0.015 0.177 0.418 
 361 M _   0.011 0.326 0.001 0.022 0.008 0.014 0.175 0.443 
 362 D _   0.010 0.307 0.001 0.019 0.007 0.013 0.173 0.471 
 363 L _   0.010 0.286 0.001 0.015 0.006 0.011 0.171 0.499 
 364 E _   0.009 0.267 0.001 0.013 0.005 0.011 0.170 0.526 
 365 E _   0.008 0.250 0.001 0.010 0.004 0.010 0.168 0.549 
 366 R _   0.008 0.239 0.000 0.009 0.003 0.009 0.166 0.566 
 367 T _   0.007 0.231 0.000 0.008 0.003 0.009 0.164 0.579 
 368 K _   0.006 0.227 0.000 0.007 0.003 0.008 0.161 0.587 
 369 N _   0.006 0.226 0.000 0.008 0.003 0.008 0.158 0.591 
 370 G _   0.006 0.228 0.000 0.008 0.003 0.008 0.155 0.592 
 371 V _   0.006 0.232 0.000 0.009 0.003 0.008 0.151 0.591 
 372 I _   0.006 0.239 0.000 0.009 0.003 0.009 0.146 0.587 
 373 R _   0.006 0.248 0.000 0.011 0.004 0.009 0.142 0.581 
 374 G _   0.005 0.260 0.001 0.012 0.004 0.010 0.136 0.572 
 375 Q _   0.005 0.276 0.001 0.014 0.005 0.010 0.131 0.558 
 376 P _   0.005 0.296 0.001 0.016 0.006 0.011 0.125 0.540 
 377 S _   0.005 0.321 0.001 0.019 0.007 0.011 0.119 0.518 
 378 P _   0.005 0.349 0.001 0.022 0.007 0.011 0.113 0.492 
 379 L _   0.005 0.379 0.001 0.025 0.008 0.011 0.107 0.465 
 380 G _   0.005 0.405 0.001 0.027 0.008 0.011 0.102 0.441 
 381 A E   0.005 0.427 0.001 0.028 0.007 0.010 0.099 0.423 
 382 A E   0.004 0.440 0.001 0.028 0.007 0.010 0.096 0.413 
 383 V E   0.004 0.448 0.001 0.027 0.006 0.009 0.095 0.411 
 384 I E   0.004 0.451 0.001 0.025 0.005 0.008 0.093 0.413 
 385 N E   0.004 0.450 0.001 0.021 0.004 0.007 0.093 0.420 
 386 G E   0.003 0.447 0.000 0.017 0.004 0.007 0.092 0.430 
 387 S E   0.003 0.442 0.000 0.013 0.003 0.006 0.092 0.440 
 388 Q _   0.003 0.437 0.000 0.010 0.002 0.006 0.091 0.450 
 389 H _   0.003 0.434 0.000 0.009 0.002 0.006 0.091 0.456 
 390 P _   0.003 0.434 0.000 0.008 0.002 0.006 0.090 0.457 
 391 S _   0.003 0.438 0.000 0.008 0.002 0.006 0.089 0.452 
 392 S E   0.003 0.448 0.000 0.010 0.003 0.007 0.088 0.442 
 393 S E   0.003 0.464 0.000 0.012 0.003 0.007 0.086 0.424 
 394 S E   0.003 0.485 0.001 0.015 0.004 0.007 0.084 0.401 
 395 S E   0.003 0.509 0.001 0.018 0.004 0.007 0.082 0.376 
 396 V E   0.003 0.531 0.001 0.020 0.005 0.007 0.080 0.353 
 397 N E   0.003 0.548 0.001 0.022 0.005 0.007 0.079 0.336 
 398 D E   0.003 0.559 0.001 0.023 0.005 0.007 0.079 0.325 
 399 V E   0.002 0.565 0.001 0.023 0.004 0.007 0.079 0.319 
 400 S E   0.003 0.566 0.000 0.022 0.004 0.007 0.080 0.318 
 401 S E   0.003 0.563 0.000 0.021 0.004 0.006 0.081 0.320 
 402 M E   0.003 0.557 0.001 0.020 0.004 0.006 0.083 0.326 
 403 S E   0.003 0.546 0.001 0.019 0.004 0.006 0.086 0.336 
 404 T E   0.003 0.532 0.001 0.017 0.004 0.006 0.089 0.348 
 405 D E   0.003 0.516 0.000 0.015 0.003 0.006 0.094 0.362 
 406 P E   0.003 0.499 0.000 0.013 0.003 0.006 0.098 0.377 
 407 T E   0.003 0.484 0.000 0.010 0.003 0.006 0.102 0.391 
 408 L E   0.003 0.472 0.000 0.009 0.002 0.006 0.105 0.402 
 409 A E   0.003 0.464 0.000 0.007 0.002 0.006 0.108 0.410 
 410 S E   0.003 0.460 0.000 0.006 0.002 0.006 0.110 0.412 
 411 D E   0.003 0.460 0.000 0.006 0.002 0.007 0.112 0.410 
 412 T E   0.003 0.465 0.000 0.007 0.002 0.008 0.113 0.402 
 413 D E   0.004 0.477 0.000 0.009 0.003 0.009 0.113 0.384 
 414 S E   0.005 0.500 0.001 0.013 0.005 0.011 0.113 0.354 
 415 S E   0.005 0.537 0.001 0.018 0.006 0.012 0.112 0.309 
 416 L E   0.005 0.586 0.001 0.023 0.008 0.012 0.111 0.253 
 417 E E   0.005 0.634 0.001 0.027 0.009 0.012 0.111 0.201 
 418 A E   0.004 0.672 0.001 0.030 0.008 0.011 0.111 0.162 
 419 A E   0.004 0.695 0.001 0.032 0.008 0.010 0.113 0.139 
 420 A E   0.003 0.707 0.001 0.033 0.007 0.008 0.115 0.127 
 421 G E   0.003 0.711 0.001 0.032 0.006 0.007 0.118 0.123 
 422 P E   0.002 0.708 0.001 0.030 0.005 0.005 0.123 0.126 
 423 L E   0.002 0.694 0.001 0.028 0.004 0.004 0.131 0.138 
 424 G E   0.001 0.659 0.000 0.023 0.002 0.002 0.142 0.171 
 425 C E   0.001 0.597 0.000 0.018 0.001 0.001 0.151 0.231 
 426 C E   0.001 0.533 0.000 0.019 0.001 0.002 0.155 0.290 
 427 R E   0.004 0.492 0.002 0.029 0.006 0.005 0.153 0.310 
