#TopoPred_TM8: 8-state transmembrane topology prediction results by no_profile mode 
#probabilities are in the order of H E C I L F X _, the 8 transmembrane topology types used in PDBTM 
   1 M X   0.007 0.001 0.002 0.038 0.007 0.006 0.866 0.074 
   2 E X   0.002 0.000 0.000 0.022 0.001 0.003 0.891 0.080 
   3 G X   0.001 0.000 0.000 0.013 0.000 0.002 0.899 0.085 
   4 A X   0.001 0.000 0.000 0.009 0.000 0.002 0.900 0.087 
   5 A X   0.001 0.000 0.000 0.008 0.000 0.002 0.899 0.089 
   6 A X   0.001 0.000 0.000 0.007 0.001 0.003 0.896 0.092 
   7 P X   0.001 0.000 0.000 0.006 0.001 0.003 0.893 0.096 
   8 V X   0.002 0.001 0.000 0.006 0.001 0.003 0.889 0.100 
   9 A X   0.002 0.001 0.000 0.005 0.001 0.003 0.884 0.105 
  10 G X   0.001 0.001 0.000 0.004 0.001 0.003 0.879 0.111 
  11 D X   0.001 0.001 0.000 0.004 0.001 0.003 0.872 0.118 
  12 R X   0.001 0.001 0.000 0.004 0.001 0.002 0.866 0.125 
  13 P X   0.001 0.001 0.000 0.003 0.001 0.002 0.859 0.132 
  14 D X   0.001 0.001 0.000 0.003 0.001 0.002 0.852 0.139 
  15 L X   0.001 0.002 0.000 0.003 0.001 0.003 0.843 0.148 
  16 G X   0.001 0.002 0.000 0.003 0.001 0.003 0.832 0.157 
  17 L X   0.002 0.003 0.000 0.004 0.001 0.003 0.820 0.167 
  18 G X   0.002 0.005 0.000 0.004 0.001 0.004 0.804 0.179 
  19 A X   0.002 0.008 0.000 0.006 0.002 0.005 0.786 0.192 
  20 P X   0.002 0.013 0.000 0.008 0.002 0.006 0.764 0.204 
  21 G X   0.003 0.021 0.001 0.011 0.003 0.008 0.738 0.215 
  22 S X   0.003 0.035 0.001 0.015 0.005 0.011 0.707 0.223 
  23 P X   0.004 0.056 0.001 0.021 0.007 0.013 0.672 0.225 
  24 R X   0.004 0.087 0.001 0.030 0.010 0.015 0.631 0.221 
  25 E X   0.005 0.123 0.002 0.039 0.012 0.017 0.591 0.211 
  26 A X   0.005 0.159 0.002 0.049 0.013 0.018 0.555 0.200 
  27 V X   0.005 0.186 0.001 0.057 0.014 0.018 0.527 0.192 
  28 A X   0.005 0.204 0.001 0.062 0.014 0.018 0.507 0.190 
  29 G X   0.005 0.213 0.001 0.065 0.013 0.017 0.493 0.194 
  30 A X   0.005 0.216 0.001 0.063 0.012 0.016 0.483 0.203 
  31 T X   0.006 0.213 0.001 0.059 0.011 0.015 0.476 0.219 
  32 A X   0.006 0.205 0.001 0.051 0.010 0.014 0.471 0.242 
  33 A X   0.006 0.188 0.001 0.042 0.009 0.012 0.468 0.274 
  34 L X   0.006 0.162 0.001 0.032 0.007 0.011 0.466 0.313 
  35 E X   0.007 0.129 0.001 0.024 0.006 0.010 0.466 0.357 
  36 P X   0.007 0.098 0.001 0.017 0.005 0.009 0.466 0.398 
  37 R X   0.006 0.072 0.000 0.012 0.003 0.008 0.466 0.432 
  38 K X   0.006 0.055 0.000 0.009 0.003 0.007 0.465 0.455 
  39 P _   0.005 0.044 0.000 0.007 0.002 0.007 0.463 0.471 
  40 H _   0.005 0.037 0.000 0.006 0.002 0.006 0.461 0.482 
  41 G _   0.005 0.033 0.000 0.006 0.002 0.006 0.457 0.491 
  42 V _   0.005 0.031 0.000 0.006 0.002 0.006 0.453 0.498 
  43 K _   0.004 0.029 0.000 0.007 0.002 0.006 0.448 0.504 
  44 R _   0.004 0.028 0.000 0.007 0.002 0.006 0.442 0.511 
  45 H _   0.004 0.027 0.000 0.007 0.002 0.006 0.436 0.519 
  46 H _   0.004 0.026 0.000 0.007 0.002 0.006 0.429 0.527 
  47 H _   0.003 0.026 0.000 0.007 0.002 0.006 0.421 0.535 
  48 K _   0.003 0.027 0.000 0.007 0.002 0.006 0.412 0.543 
  49 H _   0.003 0.028 0.000 0.007 0.002 0.006 0.403 0.550 
  50 N _   0.004 0.030 0.000 0.008 0.002 0.007 0.393 0.557 
  51 L _   0.004 0.033 0.000 0.009 0.003 0.007 0.382 0.562 
  52 K _   0.004 0.037 0.000 0.011 0.003 0.008 0.370 0.566 
  53 H _   0.004 0.043 0.001 0.014 0.004 0.009 0.358 0.568 
  54 R _   0.005 0.050 0.001 0.017 0.005 0.010 0.346 0.568 
  55 Y _   0.005 0.057 0.001 0.020 0.005 0.010 0.334 0.568 
  56 E _   0.005 0.063 0.001 0.022 0.006 0.011 0.323 0.569 
  57 L _   0.005 0.069 0.001 0.023 0.006 0.011 0.313 0.572 
  58 Q _   0.005 0.073 0.001 0.024 0.006 0.011 0.305 0.576 
  59 E _   0.005 0.075 0.001 0.023 0.006 0.011 0.297 0.583 
  60 T _   0.005 0.076 0.001 0.020 0.005 0.010 0.290 0.592 
  61 L _   0.005 0.076 0.001 0.018 0.005 0.010 0.284 0.602 
  62 G _   0.005 0.075 0.001 0.015 0.004 0.009 0.279 0.612 
  63 K _   0.005 0.074 0.000 0.013 0.004 0.009 0.273 0.621 
  64 G _   0.005 0.073 0.000 0.011 0.003 0.009 0.268 0.630 
  65 T _   0.005 0.073 0.000 0.010 0.003 0.009 0.263 0.637 
  66 Y _   0.005 0.073 0.000 0.009 0.003 0.009 0.258 0.643 
  67 G _   0.005 0.074 0.000 0.009 0.003 0.009 0.253 0.646 
  68 K _   0.006 0.077 0.000 0.009 0.003 0.010 0.247 0.647 
  69 V _   0.006 0.082 0.000 0.010 0.004 0.011 0.241 0.646 
  70 K _   0.007 0.088 0.001 0.011 0.004 0.012 0.234 0.644 
  71 R _   0.007 0.096 0.001 0.012 0.005 0.013 0.227 0.639 
  72 A _   0.008 0.106 0.001 0.014 0.006 0.014 0.220 0.631 
  73 T _   0.008 0.117 0.001 0.016 0.007 0.016 0.213 0.622 
  74 E _   0.009 0.130 0.001 0.019 0.008 0.017 0.206 0.611 
  75 R _   0.009 0.142 0.001 0.022 0.009 0.018 0.199 0.599 
  76 F _   0.010 0.155 0.001 0.026 0.011 0.019 0.193 0.586 
  77 S _   0.011 0.166 0.001 0.029 0.012 0.020 0.187 0.574 
  78 G _   0.011 0.176 0.001 0.034 0.013 0.020 0.182 0.562 
  79 R _   0.012 0.183 0.001 0.038 0.013 0.020 0.179 0.554 
  80 V _   0.012 0.187 0.001 0.041 0.013 0.020 0.176 0.550 
  81 V _   0.012 0.186 0.001 0.042 0.013 0.019 0.174 0.552 
  82 A _   0.012 0.182 0.001 0.042 0.012 0.018 0.173 0.560 
  83 I _   0.012 0.173 0.001 0.039 0.011 0.017 0.173 0.574 
  84 K _   0.012 0.157 0.001 0.034 0.010 0.015 0.173 0.597 
  85 S _   0.011 0.133 0.001 0.028 0.008 0.014 0.175 0.629 
  86 I _   0.011 0.104 0.001 0.022 0.007 0.012 0.176 0.667 
  87 R _   0.010 0.075 0.001 0.016 0.005 0.010 0.178 0.706 
  88 K _   0.009 0.050 0.001 0.011 0.004 0.009 0.179 0.739 
  89 D _   0.007 0.033 0.000 0.007 0.003 0.008 0.179 0.764 
  90 K _   0.006 0.023 0.000 0.005 0.002 0.007 0.178 0.779 
  91 I _   0.005 0.018 0.000 0.003 0.001 0.006 0.176 0.788 
  92 K _   0.005 0.017 0.000 0.003 0.001 0.007 0.174 0.793 
  93 D _   0.005 0.017 0.000 0.003 0.002 0.008 0.171 0.794 
  94 E _   0.006 0.019 0.000 0.005 0.002 0.010 0.167 0.791 
  95 Q _   0.008 0.024 0.000 0.007 0.004 0.013 0.162 0.781 
  96 D _   0.010 0.036 0.001 0.012 0.006 0.017 0.155 0.764 
  97 M _   0.012 0.056 0.001 0.019 0.009 0.022 0.146 0.734 
  98 V _   0.014 0.083 0.001 0.029 0.013 0.026 0.137 0.697 
  99 H _   0.015 0.111 0.002 0.039 0.017 0.030 0.128 0.659 
 100 I _   0.016 0.134 0.002 0.049 0.021 0.032 0.120 0.627 
 101 R _   0.017 0.149 0.002 0.057 0.023 0.034 0.113 0.605 
 102 R _   0.018 0.157 0.002 0.062 0.024 0.034 0.108 0.594 
 103 E _   0.019 0.160 0.002 0.063 0.024 0.033 0.104 0.595 
 104 I _   0.019 0.157 0.002 0.059 0.023 0.032 0.101 0.607 
 105 E _   0.020 0.147 0.002 0.051 0.021 0.030 0.099 0.630 
 106 I _   0.020 0.131 0.002 0.042 0.018 0.027 0.098 0.663 
 107 M _   0.019 0.108 0.001 0.031 0.015 0.025 0.097 0.703 
 108 S _   0.019 0.082 0.001 0.021 0.011 0.023 0.096 0.746 
 109 S _   0.018 0.059 0.001 0.014 0.009 0.021 0.096 0.783 
 110 L _   0.017 0.043 0.001 0.010 0.007 0.019 0.095 0.809 
 111 N _   0.016 0.035 0.001 0.007 0.006 0.018 0.093 0.824 
 112 H _   0.015 0.031 0.001 0.007 0.005 0.018 0.092 0.832 
 113 P _   0.015 0.030 0.001 0.007 0.005 0.018 0.090 0.833 
 114 H _   0.016 0.030 0.001 0.010 0.006 0.019 0.089 0.830 
 115 I _   0.017 0.032 0.001 0.013 0.008 0.019 0.087 0.824 
 116 I _   0.017 0.035 0.001 0.017 0.009 0.020 0.085 0.817 
 117 S _   0.017 0.037 0.001 0.020 0.010 0.020 0.083 0.812 
 118 I _   0.017 0.038 0.001 0.022 0.010 0.020 0.081 0.811 
 119 Y _   0.016 0.038 0.001 0.022 0.010 0.019 0.079 0.815 
 120 E _   0.015 0.037 0.001 0.020 0.009 0.018 0.078 0.823 
 121 V _   0.014 0.034 0.001 0.017 0.008 0.017 0.077 0.833 
 122 F _   0.012 0.031 0.001 0.013 0.006 0.016 0.076 0.845 
 123 E _   0.012 0.028 0.001 0.010 0.005 0.015 0.075 0.854 
 124 N _   0.011 0.027 0.001 0.008 0.005 0.015 0.074 0.860 
 125 K _   0.012 0.026 0.001 0.007 0.005 0.015 0.072 0.862 
 126 D _   0.012 0.028 0.001 0.008 0.005 0.016 0.071 0.859 
 127 K _   0.014 0.031 0.001 0.011 0.007 0.017 0.069 0.850 
 128 I _   0.015 0.037 0.001 0.015 0.008 0.019 0.068 0.837 
 129 V _   0.016 0.045 0.001 0.021 0.010 0.020 0.066 0.821 
 130 I _   0.017 0.052 0.001 0.027 0.012 0.021 0.065 0.805 
 131 I _   0.018 0.058 0.001 0.031 0.013 0.022 0.063 0.794 
 132 M _   0.017 0.061 0.001 0.034 0.013 0.021 0.062 0.791 
 133 E _   0.016 0.061 0.001 0.033 0.012 0.020 0.062 0.794 
 134 Y _   0.015 0.059 0.001 0.030 0.011 0.019 0.061 0.804 
 135 A _   0.014 0.055 0.001 0.025 0.010 0.017 0.061 0.817 
 136 S _   0.013 0.049 0.001 0.020 0.008 0.016 0.061 0.833 
 137 K _   0.012 0.042 0.001 0.016 0.007 0.014 0.061 0.847 
 138 G _   0.011 0.036 0.001 0.013 0.005 0.013 0.062 0.859 
 139 E _   0.010 0.032 0.001 0.011 0.005 0.012 0.062 0.867 
 140 L _   0.010 0.028 0.001 0.011 0.004 0.012 0.062 0.873 
 141 Y _   0.009 0.026 0.001 0.011 0.004 0.011 0.062 0.876 
 142 D _   0.009 0.024 0.001 0.011 0.004 0.011 0.062 0.878 
 143 Y _   0.009 0.022 0.001 0.012 0.005 0.011 0.062 0.879 
 144 I _   0.009 0.021 0.001 0.013 0.005 0.012 0.062 0.879 
 145 S _   0.009 0.019 0.001 0.013 0.005 0.012 0.062 0.881 
 146 E _   0.009 0.016 0.001 0.013 0.005 0.012 0.062 0.884 
 147 R _   0.009 0.014 0.001 0.012 0.004 0.012 0.062 0.887 
 148 R _   0.009 0.011 0.001 0.010 0.004 0.012 0.061 0.891 
 149 R _   0.009 0.008 0.000 0.009 0.004 0.013 0.061 0.895 
 150 L _   0.010 0.006 0.000 0.007 0.004 0.013 0.061 0.898 
 151 S _   0.011 0.004 0.000 0.006 0.004 0.015 0.061 0.899 
 152 E _   0.013 0.003 0.000 0.005 0.004 0.017 0.060 0.897 
 153 R _   0.018 0.003 0.000 0.005 0.004 0.020 0.059 0.891 
 154 E _   0.024 0.003 0.001 0.005 0.006 0.024 0.058 0.880 
 155 T _   0.033 0.003 0.001 0.006 0.008 0.030 0.057 0.862 
 156 R _   0.044 0.004 0.001 0.007 0.013 0.036 0.056 0.839 
 157 H _   0.057 0.007 0.001 0.010 0.019 0.044 0.054 0.808 
 158 F _   0.070 0.011 0.002 0.014 0.026 0.050 0.053 0.774 
 159 F _   0.083 0.016 0.002 0.019 0.034 0.056 0.051 0.738 
 160 R _   0.095 0.022 0.002 0.025 0.040 0.060 0.050 0.706 
 161 Q _   0.104 0.027 0.002 0.030 0.045 0.061 0.050 0.682 
 162 I _   0.109 0.031 0.002 0.033 0.047 0.061 0.050 0.668 
 163 V _   0.110 0.032 0.002 0.034 0.046 0.058 0.050 0.666 
 164 S _   0.109 0.032 0.002 0.033 0.042 0.055 0.051 0.676 
 165 A _   0.103 0.030 0.002 0.030 0.036 0.050 0.052 0.696 
 166 V _   0.094 0.026 0.002 0.025 0.030 0.045 0.053 0.725 
 167 H _   0.082 0.021 0.002 0.020 0.023 0.039 0.055 0.758 
 168 Y _   0.069 0.016 0.001 0.015 0.017 0.034 0.056 0.792 
 169 C _   0.056 0.012 0.001 0.011 0.012 0.029 0.057 0.821 
 170 H _   0.046 0.009 0.001 0.008 0.009 0.025 0.058 0.844 
 171 K _   0.037 0.007 0.001 0.007 0.007 0.022 0.059 0.861 
 172 N _   0.030 0.007 0.001 0.007 0.006 0.019 0.060 0.872 
 173 G _   0.025 0.007 0.001 0.007 0.005 0.018 0.060 0.878 
 174 V _   0.021 0.007 0.001 0.008 0.005 0.017 0.061 0.880 
 175 V _   0.019 0.009 0.001 0.010 0.006 0.016 0.061 0.879 
 176 H _   0.017 0.011 0.001 0.013 0.006 0.016 0.061 0.876 
 177 R _   0.015 0.013 0.001 0.016 0.007 0.016 0.061 0.872 
 178 D _   0.014 0.015 0.001 0.019 0.007 0.015 0.061 0.869 
 179 L _   0.013 0.016 0.001 0.020 0.007 0.014 0.061 0.867 
 180 K _   0.011 0.016 0.001 0.021 0.007 0.013 0.062 0.869 
 181 L _   0.010 0.016 0.001 0.019 0.006 0.012 0.063 0.873 
 182 E _   0.009 0.015 0.001 0.017 0.005 0.010 0.063 0.880 
 183 N _   0.008 0.014 0.001 0.013 0.004 0.009 0.064 0.887 
 184 I _   0.007 0.012 0.000 0.010 0.003 0.008 0.064 0.895 
 185 L _   0.007 0.010 0.000 0.007 0.002 0.007 0.065 0.901 
 186 L _   0.006 0.010 0.000 0.005 0.002 0.006 0.065 0.906 
 187 D _   0.006 0.009 0.000 0.004 0.002 0.006 0.064 0.908 
 188 D _   0.006 0.010 0.000 0.004 0.002 0.007 0.064 0.907 
 189 N _   0.006 0.012 0.000 0.005 0.002 0.008 0.063 0.902 
 190 C _   0.007 0.018 0.000 0.008 0.003 0.010 0.061 0.892 
 191 N _   0.008 0.028 0.001 0.013 0.005 0.013 0.060 0.874 
 192 I _   0.010 0.043 0.001 0.020 0.007 0.015 0.058 0.846 
 193 K _   0.011 0.062 0.001 0.029 0.009 0.017 0.055 0.817 
 194 I _   0.011 0.077 0.001 0.037 0.011 0.018 0.053 0.791 
 195 A _   0.011 0.087 0.001 0.043 0.012 0.019 0.052 0.775 
 196 D _   0.011 0.092 0.001 0.045 0.012 0.018 0.051 0.770 
 197 F _   0.010 0.093 0.001 0.043 0.011 0.017 0.051 0.773 
 198 G _   0.010 0.090 0.001 0.038 0.010 0.016 0.051 0.785 
 199 L _   0.009 0.083 0.001 0.030 0.008 0.015 0.051 0.803 
 200 S _   0.009 0.073 0.001 0.022 0.006 0.013 0.052 0.824 
 201 N _   0.008 0.062 0.001 0.015 0.005 0.012 0.052 0.845 
 202 L _   0.008 0.053 0.000 0.010 0.004 0.011 0.052 0.862 
 203 Y _   0.008 0.047 0.000 0.007 0.003 0.011 0.052 0.872 
 204 Q _   0.008 0.045 0.000 0.006 0.003 0.011 0.052 0.876 
 205 K _   0.008 0.045 0.000 0.006 0.003 0.012 0.052 0.874 
 206 D _   0.009 0.049 0.000 0.008 0.004 0.014 0.051 0.865 
 207 K _   0.011 0.057 0.001 0.012 0.006 0.016 0.050 0.849 
 208 F _   0.012 0.069 0.001 0.018 0.008 0.018 0.048 0.826 
 209 L _   0.013 0.085 0.001 0.025 0.010 0.020 0.047 0.798 
 210 Q _   0.013 0.100 0.001 0.033 0.012 0.021 0.045 0.774 
 211 T _   0.013 0.110 0.001 0.039 0.014 0.022 0.044 0.757 
 212 F _   0.013 0.116 0.001 0.042 0.014 0.022 0.043 0.748 
 213 C _   0.013 0.118 0.001 0.043 0.014 0.021 0.043 0.747 
 214 G _   0.013 0.117 0.001 0.041 0.013 0.020 0.043 0.752 
 215 S _   0.013 0.112 0.001 0.037 0.012 0.019 0.043 0.762 
 216 P _   0.013 0.105 0.001 0.033 0.011 0.017 0.043 0.777 
 217 L _   0.013 0.094 0.001 0.028 0.010 0.016 0.044 0.794 
 218 Y _   0.013 0.081 0.001 0.024 0.008 0.015 0.045 0.813 
 219 A _   0.012 0.068 0.001 0.020 0.007 0.014 0.046 0.832 
 220 S _   0.012 0.056 0.001 0.017 0.006 0.013 0.048 0.848 
 221 P _   0.011 0.045 0.001 0.015 0.005 0.012 0.048 0.862 
 222 E _   0.011 0.036 0.001 0.014 0.005 0.011 0.049 0.875 
 223 I _   0.010 0.027 0.001 0.012 0.004 0.010 0.050 0.886 
 224 V _   0.009 0.021 0.000 0.011 0.004 0.009 0.050 0.896 
 225 N _   0.009 0.015 0.000 0.009 0.003 0.008 0.051 0.905 
 226 G _   0.009 0.010 0.000 0.008 0.003 0.007 0.050 0.913 
 227 R _   0.009 0.006 0.000 0.006 0.002 0.007 0.050 0.919 
 228 P _   0.010 0.003 0.000 0.005 0.002 0.006 0.049 0.925 
 229 Y _   0.012 0.002 0.000 0.004 0.002 0.006 0.048 0.926 
 230 R _   0.017 0.001 0.000 0.003 0.002 0.007 0.047 0.924 
 231 G _   0.028 0.000 0.000 0.002 0.002 0.008 0.045 0.915 
 232 P _   0.050 0.000 0.000 0.002 0.003 0.009 0.042 0.893 
 233 E _   0.092 0.000 0.000 0.002 0.004 0.012 0.038 0.851 
 234 V _   0.160 0.000 0.001 0.002 0.006 0.016 0.034 0.781 
 235 D _   0.257 0.000 0.001 0.002 0.010 0.021 0.029 0.679 
 236 S _   0.375 0.000 0.001 0.002 0.015 0.026 0.024 0.556 
 237 W H   0.492 0.000 0.002 0.002 0.021 0.030 0.020 0.433 
 238 A H   0.593 0.000 0.002 0.002 0.029 0.032 0.017 0.326 
 239 L H   0.672 0.000 0.002 0.002 0.034 0.033 0.014 0.242 
 240 G H   0.728 0.000 0.002 0.002 0.038 0.032 0.013 0.185 
 241 V H   0.766 0.000 0.002 0.002 0.040 0.030 0.013 0.147 
 242 L H   0.789 0.000 0.002 0.003 0.041 0.027 0.013 0.126 
 243 L H   0.797 0.000 0.002 0.003 0.041 0.025 0.014 0.119 
 244 Y H   0.792 0.000 0.002 0.003 0.041 0.024 0.015 0.124 
 245 T H   0.773 0.000 0.002 0.003 0.040 0.023 0.017 0.142 
 246 L H   0.735 0.000 0.002 0.004 0.038 0.022 0.020 0.178 
 247 V H   0.675 0.000 0.002 0.005 0.035 0.021 0.025 0.236 
 248 Y H   0.592 0.001 0.002 0.006 0.030 0.020 0.031 0.318 
 249 G H   0.491 0.000 0.002 0.007 0.024 0.019 0.039 0.417 
 250 T _   0.383 0.000 0.002 0.007 0.017 0.017 0.049 0.524 
 251 M _   0.280 0.000 0.001 0.006 0.011 0.015 0.058 0.627 
 252 P _   0.191 0.000 0.001 0.005 0.007 0.012 0.066 0.717 
 253 F _   0.121 0.000 0.001 0.004 0.005 0.010 0.073 0.786 
 254 D _   0.072 0.000 0.000 0.003 0.003 0.009 0.078 0.834 
 255 G _   0.042 0.000 0.000 0.003 0.002 0.008 0.081 0.862 
 256 F _   0.026 0.001 0.000 0.003 0.002 0.008 0.084 0.876 
 257 D _   0.018 0.002 0.000 0.004 0.002 0.009 0.086 0.880 
 258 H _   0.014 0.004 0.000 0.006 0.003 0.010 0.087 0.876 
 259 K _   0.013 0.010 0.000 0.010 0.004 0.012 0.088 0.863 
 260 N _   0.012 0.020 0.001 0.016 0.006 0.014 0.089 0.842 
 261 L _   0.012 0.033 0.001 0.025 0.008 0.016 0.090 0.815 
 262 I _   0.012 0.046 0.001 0.035 0.010 0.017 0.091 0.788 
 263 R _   0.011 0.057 0.001 0.043 0.012 0.018 0.092 0.766 
 264 Q _   0.011 0.062 0.001 0.048 0.012 0.018 0.094 0.752 
 265 I _   0.011 0.064 0.001 0.050 0.012 0.018 0.097 0.747 
 266 S _   0.010 0.063 0.001 0.048 0.011 0.017 0.101 0.749 
 267 S _   0.010 0.059 0.001 0.042 0.010 0.015 0.105 0.758 
 268 G _   0.009 0.052 0.001 0.035 0.008 0.013 0.110 0.771 
 269 E _   0.009 0.041 0.001 0.026 0.006 0.012 0.116 0.789 
 270 Y _   0.008 0.029 0.001 0.018 0.005 0.010 0.122 0.808 
 271 R _   0.007 0.018 0.000 0.011 0.003 0.008 0.126 0.825 
 272 E _   0.006 0.010 0.000 0.007 0.002 0.007 0.130 0.838 
 273 P _   0.005 0.006 0.000 0.004 0.002 0.006 0.132 0.845 
 274 T _   0.005 0.004 0.000 0.002 0.001 0.006 0.134 0.847 
 275 Q _   0.005 0.003 0.000 0.002 0.001 0.007 0.134 0.846 
 276 P _   0.007 0.003 0.000 0.002 0.002 0.010 0.134 0.841 
 277 S _   0.010 0.005 0.000 0.004 0.003 0.014 0.134 0.829 
 278 D _   0.016 0.013 0.001 0.007 0.006 0.021 0.132 0.804 
 279 A _   0.022 0.035 0.001 0.015 0.013 0.030 0.129 0.754 
 280 R _   0.028 0.082 0.002 0.029 0.022 0.039 0.125 0.673 
 281 G _   0.031 0.146 0.003 0.047 0.031 0.044 0.121 0.578 
 282 L _   0.032 0.203 0.003 0.065 0.035 0.047 0.117 0.498 
 283 I _   0.032 0.238 0.002 0.079 0.037 0.046 0.116 0.451 
 284 R _   0.031 0.254 0.002 0.086 0.036 0.045 0.115 0.430 
 285 W _   0.030 0.258 0.002 0.087 0.035 0.042 0.117 0.429 
 286 M _   0.029 0.254 0.002 0.081 0.032 0.039 0.119 0.444 
 287 L _   0.027 0.237 0.002 0.069 0.028 0.035 0.122 0.479 
 288 M _   0.025 0.205 0.002 0.053 0.023 0.031 0.127 0.533 
 289 V _   0.023 0.158 0.002 0.037 0.018 0.027 0.133 0.601 
 290 N _   0.021 0.107 0.002 0.024 0.013 0.024 0.139 0.671 
 291 P _   0.019 0.068 0.001 0.014 0.009 0.021 0.144 0.724 
 292 D _   0.016 0.047 0.001 0.008 0.006 0.018 0.148 0.756 
 293 R _   0.014 0.037 0.000 0.006 0.004 0.017 0.151 0.771 
 294 R _   0.013 0.034 0.000 0.005 0.003 0.016 0.153 0.776 
 295 A _   0.013 0.033 0.000 0.005 0.004 0.016 0.154 0.775 
 296 T _   0.013 0.035 0.000 0.006 0.004 0.017 0.155 0.769 
 297 I _   0.013 0.040 0.001 0.009 0.006 0.018 0.156 0.758 
 298 E _   0.014 0.049 0.001 0.012 0.007 0.020 0.156 0.741 
 299 D _   0.014 0.061 0.001 0.016 0.009 0.021 0.156 0.722 
 300 I _   0.015 0.074 0.001 0.021 0.011 0.022 0.156 0.700 
 301 A _   0.015 0.087 0.001 0.026 0.013 0.023 0.156 0.678 
 302 N _   0.015 0.098 0.001 0.031 0.014 0.024 0.157 0.660 
 303 H _   0.015 0.106 0.001 0.035 0.015 0.024 0.159 0.646 
 304 W _   0.015 0.112 0.001 0.038 0.015 0.023 0.161 0.635 
 305 W _   0.014 0.114 0.001 0.040 0.015 0.022 0.164 0.629 
 306 V _   0.014 0.114 0.001 0.040 0.014 0.021 0.168 0.628 
 307 N _   0.013 0.112 0.001 0.038 0.013 0.020 0.172 0.632 
 308 W _   0.013 0.106 0.001 0.035 0.011 0.018 0.177 0.639 
 309 G _   0.012 0.098 0.001 0.030 0.009 0.016 0.183 0.650 
 310 Y _   0.011 0.088 0.001 0.026 0.008 0.014 0.189 0.663 
 311 K _   0.010 0.076 0.001 0.021 0.006 0.013 0.196 0.678 
 312 S _   0.009 0.063 0.001 0.017 0.005 0.011 0.202 0.692 
 313 S _   0.008 0.052 0.001 0.014 0.004 0.009 0.208 0.704 
 314 V _   0.007 0.043 0.000 0.011 0.003 0.008 0.214 0.714 
 315 C _   0.006 0.036 0.000 0.009 0.003 0.007 0.218 0.722 
 316 D _   0.005 0.031 0.000 0.007 0.002 0.006 0.221 0.727 
 317 C _   0.005 0.028 0.000 0.006 0.002 0.006 0.224 0.730 
 318 D _   0.004 0.026 0.000 0.005 0.002 0.006 0.226 0.732 
 319 A _   0.004 0.025 0.000 0.004 0.001 0.006 0.227 0.732 
 320 L _   0.004 0.026 0.000 0.004 0.002 0.006 0.227 0.731 
 321 H _   0.004 0.029 0.000 0.005 0.002 0.008 0.226 0.726 
 322 D _   0.005 0.034 0.000 0.007 0.003 0.010 0.225 0.716 
 323 S _   0.007 0.046 0.001 0.010 0.004 0.013 0.223 0.696 
 324 E _   0.008 0.069 0.001 0.016 0.007 0.017 0.219 0.662 
 325 S _   0.010 0.105 0.001 0.023 0.011 0.021 0.215 0.613 
 326 P _   0.012 0.152 0.001 0.033 0.014 0.024 0.211 0.552 
 327 L _   0.013 0.199 0.002 0.043 0.017 0.026 0.208 0.492 
 328 L _   0.013 0.234 0.002 0.052 0.019 0.027 0.206 0.448 
 329 A _   0.013 0.255 0.001 0.057 0.020 0.027 0.206 0.420 
 330 R _   0.014 0.266 0.001 0.059 0.020 0.026 0.207 0.406 
 331 I _   0.014 0.270 0.001 0.058 0.019 0.025 0.210 0.403 
 332 I _   0.014 0.267 0.001 0.055 0.018 0.024 0.214 0.408 
 333 D _   0.014 0.258 0.001 0.048 0.016 0.022 0.219 0.422 
 334 W _   0.014 0.241 0.001 0.041 0.014 0.020 0.226 0.444 
 335 H _   0.013 0.216 0.001 0.033 0.012 0.018 0.235 0.471 
 336 H _   0.013 0.188 0.001 0.026 0.010 0.016 0.245 0.501 
 337 R _   0.012 0.159 0.001 0.021 0.008 0.014 0.255 0.530 
 338 S _   0.010 0.134 0.001 0.017 0.006 0.013 0.265 0.554 
 339 T _   0.009 0.114 0.001 0.014 0.005 0.011 0.273 0.573 
 340 G _   0.008 0.100 0.001 0.011 0.004 0.010 0.280 0.586 
 341 L _   0.007 0.090 0.000 0.010 0.003 0.009 0.287 0.594 
 342 Q _   0.006 0.082 0.000 0.009 0.003 0.008 0.292 0.599 
 343 A _   0.006 0.076 0.000 0.009 0.003 0.007 0.297 0.602 
 344 D _   0.005 0.072 0.000 0.008 0.002 0.007 0.301 0.603 
 345 T _   0.005 0.069 0.000 0.008 0.002 0.007 0.305 0.604 
 346 E _   0.004 0.067 0.000 0.008 0.002 0.006 0.309 0.603 
 347 A _   0.004 0.066 0.000 0.008 0.002 0.006 0.312 0.602 
 348 K _   0.004 0.065 0.000 0.007 0.002 0.006 0.314 0.601 
 349 M _   0.004 0.065 0.000 0.007 0.002 0.006 0.317 0.599 
 350 K _   0.004 0.066 0.000 0.007 0.002 0.007 0.319 0.596 
 351 G _   0.004 0.067 0.000 0.007 0.002 0.007 0.320 0.592 
 352 L _   0.004 0.071 0.000 0.007 0.002 0.008 0.321 0.586 
 353 A _   0.005 0.076 0.000 0.008 0.003 0.009 0.322 0.577 
 354 K _   0.005 0.083 0.000 0.011 0.004 0.011 0.323 0.564 
 355 P _   0.006 0.095 0.001 0.014 0.005 0.012 0.323 0.544 
 356 T _   0.007 0.111 0.001 0.020 0.007 0.014 0.323 0.517 
 357 T _   0.008 0.131 0.001 0.027 0.009 0.016 0.324 0.484 
 358 S _   0.008 0.151 0.001 0.036 0.011 0.018 0.324 0.451 
 359 E _   0.009 0.166 0.001 0.045 0.012 0.018 0.327 0.421 
 360 V _   0.009 0.176 0.001 0.052 0.013 0.019 0.330 0.400 
 361 M _   0.009 0.179 0.001 0.056 0.013 0.018 0.336 0.387 
 362 L _   0.009 0.178 0.001 0.056 0.012 0.017 0.344 0.383 
 363 E _   0.009 0.170 0.001 0.051 0.011 0.016 0.354 0.387 
 364 R _   0.009 0.154 0.001 0.044 0.010 0.014 0.368 0.400 
 365 Q _   0.008 0.129 0.001 0.035 0.008 0.013 0.384 0.421 
 366 R _   0.008 0.098 0.001 0.026 0.007 0.011 0.402 0.447 
 367 S _   0.008 0.066 0.001 0.018 0.005 0.009 0.421 0.473 
 368 L _   0.007 0.041 0.001 0.012 0.003 0.008 0.437 0.492 
 369 K _   0.006 0.025 0.000 0.008 0.002 0.006 0.450 0.502 
 370 K _   0.005 0.016 0.000 0.005 0.002 0.005 0.459 0.507 
 371 S _   0.004 0.011 0.000 0.004 0.001 0.005 0.466 0.508 
 372 K _   0.004 0.008 0.000 0.004 0.001 0.004 0.471 0.507 
 373 K _   0.003 0.007 0.000 0.004 0.001 0.004 0.475 0.506 
 374 E _   0.003 0.006 0.000 0.004 0.001 0.004 0.477 0.504 
 375 N _   0.003 0.006 0.000 0.005 0.001 0.004 0.478 0.502 
 376 D _   0.003 0.006 0.000 0.006 0.001 0.005 0.478 0.500 
 377 F _   0.003 0.006 0.000 0.007 0.001 0.005 0.478 0.499 
 378 A _   0.003 0.007 0.000 0.008 0.002 0.005 0.478 0.498 
 379 Q _   0.003 0.007 0.000 0.008 0.002 0.005 0.477 0.497 
 380 S _   0.003 0.007 0.000 0.009 0.002 0.005 0.476 0.497 
 381 G _   0.003 0.008 0.000 0.009 0.002 0.005 0.475 0.497 
 382 Q _   0.003 0.008 0.000 0.010 0.002 0.005 0.474 0.497 
 383 D _   0.003 0.008 0.000 0.010 0.002 0.005 0.473 0.499 
 384 A _   0.003 0.008 0.000 0.009 0.002 0.005 0.472 0.500 
 385 V _   0.003 0.007 0.000 0.009 0.002 0.005 0.471 0.502 
 386 P _   0.003 0.007 0.000 0.008 0.002 0.005 0.470 0.505 
 387 E _   0.003 0.007 0.000 0.008 0.002 0.005 0.468 0.508 
 388 S _   0.003 0.007 0.000 0.007 0.002 0.005 0.466 0.511 
 389 P _   0.003 0.006 0.000 0.006 0.001 0.004 0.463 0.515 
 390 S _   0.003 0.006 0.000 0.006 0.001 0.004 0.460 0.519 
 391 K _   0.003 0.007 0.000 0.005 0.001 0.004 0.456 0.523 
 392 L _   0.003 0.007 0.000 0.005 0.001 0.004 0.451 0.527 
 393 S _   0.003 0.008 0.000 0.006 0.001 0.005 0.446 0.531 
 394 S _   0.003 0.009 0.000 0.007 0.002 0.005 0.440 0.534 
 395 K _   0.003 0.011 0.000 0.008 0.002 0.006 0.434 0.536 
 396 R _   0.003 0.014 0.000 0.010 0.002 0.006 0.426 0.538 
 397 P _   0.003 0.017 0.000 0.013 0.003 0.007 0.419 0.539 
 398 K _   0.003 0.020 0.000 0.015 0.003 0.007 0.411 0.539 
 399 G _   0.004 0.023 0.000 0.017 0.003 0.008 0.404 0.541 
 400 I _   0.004 0.025 0.000 0.018 0.004 0.008 0.398 0.544 
 401 L _   0.004 0.026 0.000 0.017 0.003 0.008 0.393 0.549 
 402 K _   0.004 0.027 0.000 0.016 0.003 0.007 0.388 0.555 
 403 K _   0.004 0.027 0.000 0.013 0.003 0.007 0.383 0.563 
 404 R _   0.003 0.026 0.000 0.011 0.002 0.006 0.378 0.572 
 405 S _   0.003 0.026 0.000 0.008 0.002 0.006 0.374 0.581 
 406 N _   0.003 0.026 0.000 0.006 0.002 0.006 0.368 0.588 
 407 S _   0.003 0.027 0.000 0.005 0.002 0.007 0.362 0.594 
 408 E _   0.004 0.029 0.000 0.005 0.002 0.008 0.355 0.596 
 409 H _   0.005 0.034 0.000 0.007 0.003 0.010 0.347 0.594 
 410 R _   0.006 0.046 0.001 0.010 0.005 0.013 0.336 0.584 
 411 S _   0.008 0.070 0.001 0.015 0.008 0.018 0.321 0.560 
 412 H _   0.010 0.113 0.002 0.023 0.013 0.022 0.303 0.516 
 413 S _   0.011 0.173 0.002 0.032 0.017 0.025 0.282 0.457 
 414 T _   0.012 0.240 0.002 0.041 0.020 0.027 0.263 0.395 
 415 G _   0.012 0.297 0.002 0.048 0.022 0.027 0.248 0.344 
 416 F E   0.012 0.336 0.002 0.052 0.022 0.027 0.237 0.312 
 417 I E   0.012 0.359 0.002 0.054 0.022 0.027 0.230 0.295 
 418 E E   0.012 0.371 0.001 0.054 0.021 0.027 0.225 0.289 
 419 G E   0.012 0.375 0.001 0.051 0.021 0.026 0.222 0.292 
 420 V E   0.013 0.373 0.001 0.047 0.020 0.025 0.220 0.301 
 421 V E   0.013 0.365 0.001 0.042 0.018 0.024 0.219 0.316 
 422 G E   0.014 0.350 0.001 0.037 0.017 0.023 0.220 0.339 
 423 P _   0.014 0.329 0.001 0.031 0.015 0.022 0.221 0.366 
 424 A _   0.014 0.302 0.001 0.027 0.013 0.021 0.224 0.398 
 425 L _   0.014 0.274 0.001 0.023 0.011 0.020 0.227 0.430 
 426 P _   0.014 0.245 0.001 0.019 0.010 0.019 0.230 0.462 
 427 S _   0.013 0.219 0.001 0.016 0.008 0.018 0.233 0.492 
 428 T _   0.012 0.197 0.001 0.013 0.007 0.017 0.236 0.517 
 429 F _   0.011 0.181 0.001 0.011 0.006 0.016 0.239 0.535 
 430 K _   0.010 0.170 0.001 0.010 0.005 0.016 0.241 0.548 
 431 M _   0.010 0.163 0.001 0.009 0.005 0.015 0.242 0.555 
 432 E _   0.010 0.159 0.001 0.010 0.005 0.016 0.243 0.557 
 433 Q _   0.010 0.157 0.001 0.011 0.006 0.016 0.245 0.555 
 434 D _   0.011 0.157 0.001 0.014 0.007 0.016 0.246 0.549 
 435 L _   0.011 0.158 0.001 0.018 0.008 0.017 0.247 0.541 
 436 C _   0.012 0.158 0.001 0.022 0.009 0.017 0.249 0.533 
 437 R _   0.012 0.157 0.001 0.026 0.009 0.016 0.252 0.526 
 438 T _   0.012 0.154 0.001 0.029 0.010 0.016 0.255 0.524 
 439 G _   0.012 0.147 0.001 0.029 0.009 0.015 0.260 0.527 
 440 V _   0.011 0.136 0.001 0.027 0.009 0.014 0.265 0.537 
 441 L _   0.011 0.120 0.001 0.024 0.007 0.012 0.271 0.553 
 442 L _   0.010 0.098 0.001 0.020 0.006 0.011 0.279 0.575 
 443 P _   0.009 0.075 0.001 0.016 0.005 0.010 0.286 0.598 
 444 S _   0.009 0.054 0.001 0.012 0.004 0.009 0.293 0.620 
 445 S _   0.008 0.038 0.000 0.009 0.003 0.008 0.298 0.635 
 446 P _   0.007 0.028 0.000 0.007 0.002 0.007 0.303 0.645 
 447 E _   0.007 0.021 0.000 0.006 0.002 0.006 0.307 0.650 
 448 A _   0.006 0.018 0.000 0.006 0.002 0.006 0.310 0.653 
 449 E _   0.006 0.015 0.000 0.006 0.002 0.006 0.312 0.654 
 450 V _   0.006 0.014 0.000 0.006 0.002 0.006 0.312 0.655 
 451 P _   0.005 0.013 0.000 0.006 0.002 0.005 0.313 0.656 
 452 G _   0.005 0.013 0.000 0.006 0.002 0.005 0.312 0.658 
 453 K _   0.005 0.012 0.000 0.006 0.002 0.005 0.311 0.659 
 454 L _   0.004 0.013 0.000 0.006 0.002 0.005 0.310 0.661 
 455 S _   0.004 0.013 0.000 0.005 0.002 0.005 0.307 0.663 
 456 P _   0.004 0.014 0.000 0.006 0.002 0.005 0.305 0.664 
 457 K _   0.004 0.016 0.000 0.006 0.002 0.006 0.301 0.665 
 458 Q _   0.004 0.018 0.000 0.007 0.002 0.006 0.298 0.665 
 459 S _   0.004 0.022 0.000 0.008 0.002 0.007 0.294 0.663 
 460 A _   0.004 0.027 0.000 0.009 0.003 0.008 0.289 0.659 
 461 T _   0.005 0.034 0.000 0.011 0.003 0.008 0.284 0.655 
 462 M _   0.005 0.041 0.000 0.013 0.004 0.009 0.279 0.649 
 463 P _   0.005 0.050 0.001 0.016 0.004 0.010 0.274 0.642 
 464 K _   0.005 0.058 0.001 0.018 0.005 0.010 0.269 0.634 
 465 K _   0.005 0.066 0.001 0.020 0.005 0.011 0.265 0.627 
 466 G _   0.005 0.072 0.001 0.022 0.005 0.011 0.261 0.623 
 467 I _   0.006 0.077 0.001 0.023 0.006 0.011 0.258 0.619 
 468 L _   0.006 0.080 0.001 0.024 0.006 0.011 0.255 0.617 
 469 K _   0.006 0.082 0.001 0.025 0.006 0.011 0.254 0.616 
 470 K _   0.006 0.083 0.001 0.025 0.006 0.011 0.253 0.616 
 471 T _   0.006 0.081 0.001 0.024 0.006 0.011 0.252 0.619 
 472 Q _   0.006 0.079 0.001 0.022 0.005 0.010 0.253 0.624 
 473 Q _   0.007 0.075 0.001 0.020 0.005 0.009 0.254 0.630 
 474 R _   0.007 0.069 0.001 0.018 0.004 0.009 0.255 0.638 
 475 E _   0.006 0.062 0.000 0.015 0.004 0.008 0.256 0.648 
 476 S _   0.006 0.055 0.000 0.013 0.003 0.007 0.258 0.658 
 477 G _   0.006 0.048 0.000 0.010 0.003 0.007 0.259 0.668 
 478 Y _   0.005 0.041 0.000 0.008 0.002 0.006 0.259 0.677 
 479 Y _   0.005 0.037 0.000 0.007 0.002 0.005 0.259 0.685 
 480 S _   0.004 0.033 0.000 0.005 0.002 0.005 0.259 0.691 
 481 S _   0.004 0.031 0.000 0.005 0.001 0.005 0.257 0.696 
 482 P _   0.004 0.031 0.000 0.005 0.001 0.005 0.255 0.699 
 483 E _   0.004 0.032 0.000 0.005 0.001 0.005 0.252 0.700 
 484 R _   0.004 0.034 0.000 0.006 0.002 0.006 0.248 0.701 
 485 S _   0.004 0.038 0.000 0.007 0.002 0.006 0.243 0.699 
 486 E _   0.004 0.044 0.000 0.009 0.002 0.007 0.237 0.696 
 487 S _   0.004 0.054 0.000 0.012 0.003 0.008 0.230 0.690 
 488 S _   0.004 0.066 0.000 0.015 0.004 0.009 0.221 0.681 
 489 E _   0.004 0.080 0.001 0.019 0.004 0.009 0.213 0.670 
 490 L _   0.004 0.095 0.001 0.023 0.005 0.010 0.204 0.658 
 491 L _   0.004 0.110 0.001 0.027 0.005 0.010 0.196 0.647 
 492 D _   0.004 0.123 0.001 0.030 0.006 0.011 0.189 0.636 
 493 S _   0.004 0.133 0.001 0.034 0.006 0.011 0.183 0.628 
 494 N _   0.004 0.141 0.001 0.037 0.007 0.011 0.178 0.621 
 495 D _   0.005 0.146 0.001 0.039 0.007 0.011 0.174 0.617 
 496 V _   0.005 0.148 0.001 0.039 0.007 0.011 0.172 0.617 
 497 M _   0.006 0.147 0.001 0.038 0.007 0.011 0.170 0.620 
 498 G _   0.006 0.143 0.001 0.035 0.006 0.010 0.170 0.629 
 499 S _   0.006 0.135 0.001 0.030 0.005 0.010 0.170 0.644 
 500 S _   0.006 0.122 0.001 0.024 0.004 0.009 0.170 0.665 
 501 I _   0.006 0.107 0.000 0.018 0.004 0.008 0.170 0.687 
 502 P _   0.005 0.093 0.000 0.012 0.003 0.007 0.170 0.709 
 503 S _   0.005 0.082 0.000 0.008 0.002 0.006 0.170 0.727 
 504 P _   0.004 0.076 0.000 0.006 0.001 0.005 0.169 0.739 
 505 S _   0.004 0.073 0.000 0.004 0.001 0.005 0.166 0.746 
 506 P _   0.004 0.073 0.000 0.004 0.001 0.006 0.163 0.748 
 507 P _   0.004 0.077 0.000 0.006 0.002 0.007 0.159 0.745 
 508 D _   0.004 0.087 0.000 0.008 0.003 0.009 0.153 0.735 
 509 P _   0.005 0.108 0.001 0.013 0.004 0.011 0.145 0.714 
 510 A _   0.006 0.143 0.001 0.019 0.006 0.013 0.134 0.678 
 511 R _   0.006 0.193 0.001 0.026 0.008 0.014 0.120 0.631 
 512 V _   0.006 0.249 0.001 0.032 0.009 0.015 0.106 0.581 
 513 T _   0.005 0.303 0.001 0.036 0.009 0.015 0.094 0.538 
 514 S _   0.005 0.347 0.001 0.037 0.009 0.014 0.083 0.504 
 515 H _   0.004 0.381 0.001 0.037 0.009 0.013 0.075 0.479 
 516 S _   0.004 0.407 0.001 0.037 0.008 0.013 0.069 0.461 
 517 L _   0.004 0.426 0.001 0.036 0.008 0.012 0.064 0.449 
 518 S _   0.004 0.439 0.001 0.035 0.008 0.012 0.060 0.443 
 519 C E   0.004 0.446 0.001 0.033 0.007 0.011 0.057 0.440 
 520 R E   0.004 0.450 0.001 0.032 0.007 0.011 0.055 0.441 
 521 R E   0.004 0.449 0.001 0.030 0.006 0.010 0.053 0.446 
 522 K _   0.004 0.445 0.001 0.027 0.006 0.010 0.052 0.455 
 523 G _   0.005 0.437 0.001 0.025 0.006 0.009 0.051 0.467 
 524 I _   0.005 0.426 0.001 0.021 0.005 0.009 0.051 0.483 
 525 L _   0.005 0.411 0.001 0.018 0.005 0.008 0.050 0.503 
 526 K _   0.005 0.394 0.001 0.015 0.004 0.008 0.050 0.524 
 527 H _   0.005 0.376 0.001 0.013 0.004 0.007 0.050 0.544 
 528 S _   0.005 0.361 0.000 0.011 0.003 0.007 0.050 0.563 
 529 S _   0.005 0.349 0.000 0.009 0.003 0.007 0.049 0.577 
 530 K _   0.004 0.341 0.000 0.008 0.003 0.007 0.049 0.587 
 531 Y _   0.004 0.336 0.000 0.008 0.003 0.007 0.048 0.594 
 532 S _   0.004 0.334 0.000 0.008 0.003 0.007 0.048 0.596 
 533 A _   0.005 0.334 0.000 0.009 0.003 0.007 0.047 0.595 
 534 G _   0.005 0.337 0.000 0.009 0.003 0.008 0.046 0.592 
 535 T _   0.005 0.341 0.000 0.010 0.003 0.008 0.045 0.587 
 536 M _   0.005 0.346 0.000 0.012 0.004 0.009 0.044 0.581 
 537 D _   0.005 0.352 0.000 0.013 0.004 0.009 0.042 0.574 
 538 P _   0.005 0.358 0.001 0.014 0.004 0.009 0.041 0.567 
 539 A _   0.006 0.363 0.001 0.015 0.005 0.010 0.041 0.560 
 540 L _   0.006 0.368 0.001 0.017 0.005 0.010 0.040 0.554 
 541 V _   0.006 0.372 0.001 0.018 0.005 0.010 0.039 0.549 
 542 S _   0.006 0.373 0.001 0.018 0.005 0.010 0.039 0.547 
 543 P _   0.006 0.373 0.001 0.019 0.005 0.010 0.039 0.547 
 544 E _   0.007 0.370 0.001 0.018 0.005 0.009 0.039 0.551 
 545 M _   0.007 0.365 0.001 0.017 0.005 0.009 0.039 0.558 
 546 P _   0.006 0.358 0.001 0.016 0.004 0.009 0.039 0.568 
 547 T _   0.006 0.348 0.001 0.014 0.004 0.008 0.039 0.580 
 548 L _   0.006 0.338 0.000 0.011 0.003 0.008 0.040 0.594 
 549 E _   0.006 0.328 0.000 0.010 0.003 0.007 0.040 0.607 
 550 S _   0.005 0.321 0.000 0.008 0.002 0.007 0.040 0.616 
 551 L _   0.005 0.317 0.000 0.007 0.002 0.007 0.040 0.622 
 552 S _   0.005 0.317 0.000 0.007 0.002 0.007 0.039 0.623 
 553 E _   0.004 0.321 0.000 0.008 0.002 0.007 0.038 0.619 
 554 P _   0.004 0.329 0.000 0.009 0.003 0.008 0.037 0.609 
 555 G _   0.005 0.344 0.000 0.011 0.003 0.008 0.035 0.593 
 556 V _   0.005 0.363 0.001 0.014 0.004 0.008 0.034 0.572 
 557 P _   0.004 0.385 0.001 0.016 0.004 0.008 0.032 0.550 
 558 A _   0.004 0.406 0.001 0.018 0.005 0.008 0.030 0.529 
 559 E _   0.004 0.424 0.001 0.018 0.005 0.008 0.028 0.513 
 560 G _   0.003 0.438 0.001 0.019 0.004 0.008 0.026 0.501 
 561 L _   0.003 0.448 0.000 0.018 0.004 0.007 0.025 0.494 
 562 S _   0.003 0.456 0.000 0.017 0.004 0.007 0.024 0.489 
 563 R _   0.003 0.461 0.000 0.016 0.004 0.007 0.023 0.487 
 564 S _   0.003 0.466 0.000 0.015 0.003 0.006 0.023 0.484 
 565 Y _   0.003 0.470 0.000 0.014 0.003 0.006 0.022 0.481 
 566 S _   0.003 0.474 0.000 0.014 0.003 0.006 0.021 0.478 
 567 R E   0.003 0.479 0.000 0.014 0.003 0.006 0.021 0.474 
 568 P E   0.003 0.484 0.000 0.014 0.003 0.006 0.021 0.469 
 569 S E   0.003 0.488 0.000 0.014 0.003 0.006 0.020 0.464 
 570 S E   0.003 0.492 0.000 0.015 0.003 0.006 0.020 0.460 
 571 V E   0.003 0.495 0.000 0.015 0.003 0.006 0.020 0.457 
 572 I E   0.003 0.497 0.000 0.015 0.003 0.006 0.019 0.455 
 573 S E   0.003 0.498 0.000 0.015 0.003 0.006 0.019 0.455 
 574 D E   0.003 0.496 0.000 0.015 0.003 0.006 0.019 0.456 
 575 D E   0.003 0.494 0.000 0.015 0.003 0.006 0.020 0.458 
 576 S E   0.003 0.490 0.000 0.015 0.003 0.006 0.020 0.462 
 577 V E   0.003 0.485 0.000 0.015 0.004 0.006 0.020 0.466 
 578 L E   0.004 0.478 0.000 0.015 0.004 0.007 0.021 0.471 
 579 S _   0.004 0.470 0.000 0.015 0.004 0.007 0.022 0.478 
 580 S _   0.004 0.460 0.000 0.016 0.004 0.007 0.023 0.486 
 581 D _   0.004 0.449 0.000 0.016 0.004 0.007 0.024 0.496 
 582 S _   0.004 0.435 0.001 0.016 0.004 0.007 0.025 0.508 
 583 F _   0.005 0.419 0.001 0.015 0.004 0.007 0.027 0.523 
 584 D _   0.005 0.401 0.001 0.014 0.004 0.007 0.028 0.540 
 585 L _   0.005 0.381 0.001 0.013 0.003 0.007 0.030 0.560 
 586 L _   0.005 0.361 0.000 0.011 0.003 0.007 0.032 0.580 
 587 D _   0.005 0.343 0.000 0.010 0.003 0.007 0.033 0.599 
 588 L _   0.005 0.329 0.000 0.008 0.002 0.007 0.035 0.613 
 589 Q _   0.004 0.320 0.000 0.007 0.002 0.007 0.036 0.623 
 590 E _   0.004 0.315 0.000 0.006 0.002 0.008 0.036 0.628 
 591 N _   0.004 0.315 0.000 0.006 0.002 0.008 0.037 0.627 
 592 R _   0.005 0.319 0.000 0.007 0.003 0.010 0.037 0.620 
 593 P _   0.006 0.329 0.000 0.009 0.003 0.011 0.036 0.606 
 594 A _   0.006 0.347 0.001 0.011 0.005 0.013 0.036 0.583 
 595 R _   0.007 0.374 0.001 0.014 0.006 0.014 0.035 0.549 
 596 Q _   0.008 0.410 0.001 0.017 0.008 0.015 0.034 0.507 
 597 R _   0.008 0.452 0.001 0.020 0.009 0.016 0.033 0.462 
 598 I E   0.008 0.493 0.001 0.022 0.010 0.016 0.031 0.418 
 599 R E   0.007 0.530 0.001 0.024 0.010 0.016 0.031 0.380 
 600 S E   0.007 0.560 0.001 0.025 0.011 0.016 0.030 0.350 
 601 C E   0.007 0.584 0.001 0.026 0.011 0.016 0.030 0.325 
 602 V E   0.008 0.601 0.001 0.026 0.011 0.016 0.030 0.307 
 603 S E   0.008 0.612 0.001 0.027 0.011 0.015 0.031 0.295 
 604 A E   0.009 0.617 0.001 0.028 0.011 0.015 0.031 0.287 
 605 E E   0.009 0.618 0.001 0.029 0.011 0.015 0.033 0.284 
 606 N E   0.010 0.614 0.001 0.030 0.011 0.014 0.034 0.286 
 607 F E   0.010 0.603 0.001 0.030 0.011 0.014 0.037 0.294 
 608 L E   0.011 0.584 0.001 0.031 0.011 0.014 0.040 0.309 
 609 Q E   0.012 0.553 0.001 0.030 0.011 0.014 0.044 0.335 
 610 I E   0.012 0.507 0.001 0.030 0.011 0.014 0.050 0.374 
 611 Q E   0.013 0.447 0.002 0.029 0.011 0.014 0.058 0.428 
 612 D _   0.013 0.376 0.001 0.026 0.010 0.013 0.067 0.493 
 613 F _   0.013 0.304 0.001 0.022 0.008 0.013 0.076 0.562 
 614 E _   0.012 0.241 0.001 0.017 0.006 0.012 0.085 0.625 
 615 G _   0.011 0.195 0.001 0.012 0.005 0.011 0.092 0.674 
 616 L _   0.009 0.165 0.000 0.009 0.003 0.009 0.098 0.707 
 617 Q _   0.008 0.148 0.000 0.006 0.002 0.008 0.101 0.726 
 618 N _   0.006 0.140 0.000 0.005 0.002 0.008 0.103 0.736 
 619 R _   0.005 0.137 0.000 0.005 0.002 0.007 0.105 0.739 
 620 P _   0.005 0.138 0.000 0.006 0.002 0.008 0.106 0.735 
 621 R _   0.005 0.144 0.000 0.007 0.002 0.009 0.106 0.726 
 622 P _   0.005 0.156 0.000 0.010 0.003 0.010 0.105 0.710 
 623 Q _   0.006 0.174 0.001 0.013 0.004 0.011 0.104 0.687 
 624 Y _   0.006 0.197 0.001 0.017 0.005 0.012 0.103 0.660 
 625 L _   0.006 0.221 0.001 0.020 0.006 0.012 0.102 0.633 
 626 K _   0.005 0.242 0.001 0.022 0.006 0.012 0.101 0.609 
 627 R _   0.005 0.259 0.001 0.024 0.007 0.012 0.101 0.591 
 628 Y _   0.005 0.271 0.001 0.024 0.007 0.013 0.101 0.578 
 629 R _   0.005 0.280 0.001 0.024 0.007 0.013 0.101 0.569 
 630 N _   0.005 0.286 0.001 0.023 0.007 0.013 0.102 0.563 
 631 R _   0.005 0.290 0.001 0.022 0.007 0.013 0.103 0.559 
 632 L _   0.006 0.292 0.001 0.021 0.007 0.013 0.105 0.556 
 633 A _   0.006 0.292 0.001 0.021 0.007 0.013 0.107 0.553 
 634 D _   0.007 0.290 0.001 0.021 0.007 0.014 0.109 0.552 
 635 S _   0.007 0.288 0.001 0.021 0.007 0.014 0.112 0.550 
 636 S _   0.008 0.283 0.001 0.021 0.008 0.014 0.115 0.550 
 637 F _   0.008 0.276 0.001 0.020 0.008 0.015 0.119 0.553 
 638 S _   0.009 0.266 0.001 0.020 0.008 0.015 0.124 0.557 
 639 L _   0.010 0.254 0.001 0.018 0.008 0.016 0.129 0.564 
 640 L _   0.010 0.239 0.001 0.016 0.007 0.017 0.135 0.574 
 641 T _   0.011 0.223 0.001 0.014 0.007 0.018 0.141 0.585 
 642 D _   0.012 0.209 0.001 0.012 0.006 0.019 0.148 0.594 
 643 M _   0.014 0.197 0.001 0.010 0.006 0.021 0.154 0.598 
 644 D _   0.017 0.190 0.001 0.008 0.006 0.023 0.160 0.596 
 645 D _   0.020 0.187 0.001 0.008 0.007 0.026 0.165 0.586 
 646 V _   0.024 0.189 0.001 0.009 0.009 0.030 0.170 0.568 
 647 T _   0.030 0.198 0.001 0.011 0.012 0.035 0.174 0.539 
 648 Q _   0.034 0.216 0.001 0.016 0.017 0.039 0.179 0.496 
 649 V _   0.038 0.246 0.002 0.024 0.023 0.043 0.184 0.439 
 650 Y _   0.040 0.284 0.002 0.034 0.028 0.044 0.191 0.378 
 651 K _   0.039 0.317 0.002 0.044 0.030 0.043 0.199 0.326 
 652 Q E   0.037 0.339 0.002 0.052 0.030 0.041 0.208 0.292 
 653 A E   0.032 0.350 0.002 0.056 0.028 0.037 0.219 0.275 
 654 L E   0.026 0.353 0.002 0.057 0.025 0.032 0.233 0.272 
 655 E E   0.021 0.349 0.002 0.054 0.021 0.026 0.250 0.278 
 656 I E   0.015 0.333 0.002 0.047 0.016 0.019 0.271 0.298 
 657 C _   0.009 0.299 0.001 0.036 0.009 0.012 0.298 0.335 
 658 S _   0.004 0.235 0.001 0.021 0.003 0.005 0.328 0.403 
 659 K _   0.001 0.168 0.000 0.011 0.001 0.002 0.342 0.475 
 660 L _   0.001 0.130 0.000 0.009 0.001 0.002 0.345 0.513 
 661 N _   0.004 0.116 0.001 0.015 0.004 0.004 0.340 0.516 
