#TopoPred_TM8: 8-state transmembrane topology prediction results by no_profile mode 
#probabilities are in the order of H E C I L F X _, the 8 transmembrane topology types used in PDBTM 
   1 M X   0.004 0.000 0.001 0.023 0.005 0.004 0.933 0.029 
   2 E X   0.001 0.000 0.000 0.010 0.001 0.002 0.958 0.028 
   3 R X   0.000 0.000 0.000 0.005 0.000 0.001 0.965 0.028 
   4 K X   0.000 0.000 0.000 0.004 0.000 0.001 0.967 0.027 
   5 V X   0.000 0.000 0.000 0.004 0.000 0.001 0.968 0.027 
   6 L X   0.001 0.000 0.000 0.004 0.000 0.002 0.967 0.027 
   7 A X   0.001 0.000 0.000 0.004 0.000 0.002 0.967 0.026 
   8 L X   0.001 0.000 0.000 0.004 0.001 0.002 0.966 0.026 
   9 Q X   0.001 0.000 0.000 0.004 0.001 0.002 0.965 0.027 
  10 A X   0.001 0.000 0.000 0.004 0.001 0.002 0.965 0.027 
  11 R X   0.001 0.000 0.000 0.003 0.001 0.001 0.965 0.028 
  12 K X   0.001 0.000 0.000 0.003 0.001 0.001 0.965 0.029 
  13 K X   0.001 0.000 0.000 0.002 0.000 0.001 0.966 0.030 
  14 R X   0.000 0.000 0.000 0.001 0.000 0.001 0.966 0.031 
  15 T X   0.000 0.000 0.000 0.001 0.000 0.001 0.966 0.031 
  16 K X   0.000 0.000 0.000 0.001 0.000 0.001 0.966 0.032 
  17 A X   0.000 0.000 0.000 0.001 0.000 0.001 0.966 0.032 
  18 K X   0.000 0.000 0.000 0.001 0.000 0.001 0.965 0.033 
  19 K X   0.000 0.000 0.000 0.001 0.000 0.001 0.964 0.034 
  20 D X   0.000 0.000 0.000 0.001 0.000 0.001 0.962 0.036 
  21 K X   0.000 0.000 0.000 0.001 0.000 0.001 0.960 0.037 
  22 A X   0.000 0.000 0.000 0.001 0.000 0.001 0.958 0.039 
  23 Q X   0.000 0.000 0.000 0.002 0.000 0.001 0.955 0.041 
  24 R X   0.001 0.001 0.000 0.002 0.001 0.001 0.952 0.042 
  25 K X   0.001 0.001 0.000 0.003 0.001 0.002 0.949 0.044 
  26 S X   0.001 0.001 0.000 0.004 0.001 0.002 0.947 0.046 
  27 E X   0.001 0.001 0.000 0.004 0.001 0.002 0.944 0.047 
  28 T X   0.001 0.001 0.000 0.004 0.001 0.002 0.942 0.049 
  29 Q X   0.001 0.001 0.000 0.004 0.001 0.002 0.940 0.051 
  30 H X   0.001 0.001 0.000 0.004 0.001 0.002 0.939 0.053 
  31 R X   0.001 0.001 0.000 0.003 0.001 0.001 0.938 0.055 
  32 G X   0.001 0.001 0.000 0.003 0.001 0.001 0.937 0.057 
  33 S X   0.001 0.001 0.000 0.002 0.000 0.001 0.936 0.059 
  34 A X   0.001 0.001 0.000 0.002 0.000 0.001 0.935 0.061 
  35 P X   0.001 0.001 0.000 0.001 0.000 0.001 0.933 0.063 
  36 H X   0.001 0.000 0.000 0.001 0.000 0.001 0.931 0.066 
  37 S X   0.001 0.000 0.000 0.001 0.000 0.001 0.928 0.069 
  38 E X   0.001 0.000 0.000 0.001 0.000 0.001 0.925 0.072 
  39 S X   0.001 0.001 0.000 0.001 0.000 0.001 0.920 0.076 
  40 D X   0.001 0.001 0.000 0.002 0.000 0.001 0.915 0.080 
  41 L X   0.001 0.001 0.000 0.003 0.001 0.002 0.908 0.084 
  42 P X   0.001 0.002 0.000 0.005 0.001 0.002 0.901 0.088 
  43 E X   0.001 0.003 0.000 0.007 0.001 0.003 0.892 0.093 
  44 Q X   0.001 0.004 0.000 0.009 0.002 0.003 0.884 0.097 
  45 E X   0.001 0.005 0.000 0.011 0.002 0.004 0.876 0.101 
  46 E X   0.001 0.006 0.000 0.012 0.002 0.004 0.869 0.106 
  47 E X   0.001 0.006 0.000 0.012 0.002 0.004 0.863 0.112 
  48 I X   0.001 0.006 0.000 0.011 0.002 0.004 0.858 0.118 
  49 L X   0.001 0.006 0.000 0.010 0.002 0.003 0.854 0.124 
  50 G X   0.001 0.005 0.000 0.008 0.001 0.003 0.850 0.131 
  51 S X   0.001 0.004 0.000 0.006 0.001 0.003 0.847 0.138 
  52 D X   0.001 0.003 0.000 0.004 0.001 0.002 0.843 0.145 
  53 D X   0.001 0.003 0.000 0.003 0.001 0.002 0.839 0.151 
  54 D X   0.001 0.002 0.000 0.002 0.001 0.002 0.834 0.158 
  55 E X   0.001 0.002 0.000 0.002 0.001 0.002 0.827 0.166 
  56 Q X   0.001 0.002 0.000 0.002 0.001 0.002 0.818 0.175 
  57 E X   0.001 0.002 0.000 0.002 0.001 0.002 0.806 0.185 
  58 D X   0.001 0.003 0.000 0.003 0.001 0.003 0.791 0.199 
  59 P X   0.002 0.005 0.000 0.004 0.001 0.004 0.769 0.215 
  60 N X   0.002 0.009 0.000 0.007 0.002 0.007 0.741 0.232 
  61 D X   0.003 0.019 0.001 0.012 0.004 0.010 0.702 0.249 
  62 Y X   0.004 0.040 0.001 0.020 0.007 0.015 0.650 0.262 
  63 C X   0.006 0.080 0.002 0.032 0.012 0.021 0.583 0.266 
  64 K X   0.007 0.140 0.002 0.046 0.016 0.025 0.504 0.259 
  65 G X   0.007 0.214 0.003 0.059 0.020 0.028 0.426 0.244 
  66 G X   0.006 0.284 0.003 0.069 0.021 0.028 0.359 0.229 
  67 Y E   0.006 0.338 0.002 0.075 0.021 0.028 0.308 0.222 
  68 H E   0.006 0.375 0.002 0.077 0.021 0.027 0.271 0.221 
  69 L E   0.006 0.397 0.002 0.076 0.020 0.027 0.245 0.229 
  70 V E   0.006 0.408 0.002 0.072 0.019 0.026 0.225 0.242 
  71 K E   0.006 0.412 0.001 0.066 0.018 0.025 0.210 0.262 
  72 I E   0.007 0.409 0.001 0.058 0.017 0.024 0.198 0.286 
  73 G E   0.008 0.401 0.001 0.049 0.015 0.024 0.188 0.315 
  74 D E   0.008 0.387 0.001 0.041 0.014 0.024 0.179 0.346 
  75 L _   0.009 0.368 0.001 0.033 0.013 0.024 0.173 0.379 
  76 F _   0.010 0.347 0.001 0.027 0.012 0.024 0.167 0.412 
  77 N _   0.011 0.326 0.001 0.022 0.011 0.024 0.161 0.443 
  78 G _   0.012 0.307 0.001 0.019 0.010 0.025 0.156 0.470 
  79 R _   0.013 0.291 0.001 0.017 0.010 0.025 0.151 0.492 
  80 Y _   0.013 0.278 0.001 0.016 0.009 0.026 0.146 0.510 
  81 H _   0.014 0.268 0.001 0.015 0.009 0.026 0.141 0.525 
  82 V _   0.015 0.259 0.001 0.014 0.009 0.027 0.137 0.537 
  83 I _   0.017 0.252 0.001 0.013 0.010 0.028 0.132 0.547 
  84 R _   0.018 0.246 0.001 0.013 0.010 0.029 0.127 0.556 
  85 K _   0.020 0.242 0.001 0.013 0.011 0.031 0.122 0.561 
  86 L _   0.022 0.239 0.001 0.013 0.012 0.032 0.118 0.564 
  87 G _   0.024 0.237 0.001 0.014 0.014 0.033 0.113 0.564 
  88 W _   0.025 0.237 0.001 0.015 0.016 0.034 0.109 0.562 
  89 G _   0.027 0.238 0.001 0.018 0.018 0.035 0.104 0.559 
  90 H _   0.028 0.240 0.001 0.021 0.019 0.035 0.101 0.554 
  91 F _   0.029 0.241 0.001 0.024 0.020 0.035 0.097 0.552 
  92 S _   0.030 0.240 0.001 0.027 0.021 0.034 0.095 0.553 
  93 T _   0.029 0.237 0.001 0.028 0.020 0.032 0.092 0.559 
  94 V _   0.028 0.229 0.001 0.029 0.019 0.030 0.091 0.573 
  95 W _   0.027 0.217 0.001 0.027 0.017 0.028 0.089 0.594 
  96 L _   0.025 0.198 0.001 0.024 0.015 0.026 0.088 0.622 
  97 S _   0.024 0.176 0.001 0.020 0.012 0.024 0.087 0.656 
  98 W _   0.022 0.152 0.001 0.015 0.010 0.022 0.087 0.691 
  99 D _   0.020 0.132 0.001 0.012 0.008 0.021 0.086 0.720 
 100 I _   0.019 0.118 0.001 0.009 0.007 0.020 0.085 0.742 
 101 Q _   0.017 0.111 0.001 0.007 0.006 0.019 0.084 0.755 
 102 G _   0.017 0.108 0.001 0.007 0.006 0.019 0.083 0.759 
 103 K _   0.017 0.109 0.001 0.008 0.006 0.020 0.081 0.758 
 104 K _   0.017 0.114 0.001 0.011 0.007 0.020 0.080 0.751 
 105 F _   0.017 0.122 0.001 0.014 0.009 0.021 0.078 0.739 
 106 V _   0.016 0.132 0.001 0.018 0.010 0.021 0.076 0.726 
 107 A _   0.016 0.141 0.001 0.022 0.011 0.021 0.075 0.714 
 108 M _   0.015 0.148 0.001 0.024 0.011 0.020 0.073 0.708 
 109 K _   0.014 0.152 0.001 0.025 0.011 0.019 0.072 0.706 
 110 V _   0.013 0.153 0.001 0.023 0.010 0.019 0.072 0.710 
 111 V _   0.013 0.152 0.001 0.021 0.009 0.018 0.071 0.716 
 112 K _   0.012 0.149 0.001 0.018 0.008 0.017 0.071 0.725 
 113 S _   0.012 0.145 0.001 0.014 0.007 0.016 0.071 0.734 
 114 A _   0.012 0.141 0.001 0.012 0.006 0.016 0.071 0.742 
 115 E _   0.012 0.138 0.001 0.010 0.005 0.016 0.071 0.747 
 116 H _   0.012 0.137 0.001 0.009 0.005 0.017 0.071 0.748 
 117 Y _   0.013 0.138 0.001 0.009 0.006 0.018 0.071 0.745 
 118 T _   0.014 0.143 0.001 0.010 0.007 0.020 0.070 0.735 
 119 E _   0.016 0.153 0.001 0.013 0.008 0.022 0.070 0.717 
 120 T _   0.018 0.169 0.001 0.018 0.011 0.024 0.069 0.692 
 121 A _   0.019 0.189 0.001 0.024 0.013 0.025 0.068 0.660 
 122 L _   0.020 0.212 0.001 0.032 0.016 0.026 0.067 0.625 
 123 D _   0.020 0.233 0.001 0.041 0.018 0.027 0.067 0.593 
 124 E _   0.020 0.248 0.001 0.049 0.018 0.026 0.067 0.569 
 125 I _   0.020 0.256 0.001 0.055 0.018 0.025 0.068 0.556 
 126 R _   0.020 0.257 0.001 0.058 0.018 0.024 0.069 0.553 
 127 L _   0.019 0.251 0.001 0.057 0.016 0.022 0.071 0.562 
 128 L _   0.018 0.237 0.001 0.053 0.014 0.020 0.075 0.582 
 129 K _   0.016 0.209 0.001 0.046 0.012 0.017 0.079 0.618 
 130 S _   0.015 0.167 0.001 0.036 0.010 0.015 0.084 0.671 
 131 V _   0.014 0.115 0.001 0.026 0.007 0.013 0.089 0.734 
 132 R _   0.012 0.067 0.001 0.017 0.005 0.010 0.094 0.794 
 133 N _   0.010 0.033 0.000 0.010 0.003 0.008 0.098 0.839 
 134 S _   0.008 0.014 0.000 0.005 0.002 0.006 0.100 0.866 
 135 D _   0.006 0.006 0.000 0.003 0.001 0.004 0.100 0.880 
 136 P _   0.004 0.003 0.000 0.002 0.001 0.004 0.100 0.886 
 137 N _   0.004 0.002 0.000 0.002 0.001 0.005 0.099 0.888 
 138 D _   0.005 0.002 0.000 0.002 0.001 0.006 0.097 0.886 
 139 P _   0.006 0.004 0.000 0.004 0.002 0.009 0.094 0.881 
 140 N _   0.008 0.008 0.000 0.009 0.004 0.014 0.089 0.868 
 141 R _   0.010 0.018 0.001 0.017 0.006 0.019 0.084 0.845 
 142 E _   0.012 0.033 0.001 0.030 0.010 0.024 0.076 0.813 
 143 M _   0.013 0.049 0.001 0.045 0.014 0.027 0.069 0.782 
 144 V _   0.013 0.061 0.001 0.056 0.017 0.030 0.062 0.760 
 145 V _   0.014 0.067 0.001 0.063 0.018 0.030 0.056 0.751 
 146 Q _   0.014 0.069 0.001 0.064 0.019 0.030 0.051 0.752 
 147 L _   0.015 0.067 0.001 0.060 0.018 0.029 0.047 0.763 
 148 L _   0.017 0.061 0.001 0.052 0.017 0.027 0.043 0.781 
 149 D _   0.021 0.050 0.001 0.041 0.016 0.026 0.041 0.805 
 150 D _   0.027 0.036 0.001 0.029 0.013 0.024 0.038 0.832 
 151 F _   0.037 0.021 0.001 0.019 0.010 0.021 0.036 0.855 
 152 K _   0.050 0.009 0.001 0.011 0.008 0.019 0.033 0.868 
 153 I _   0.070 0.003 0.001 0.006 0.006 0.018 0.031 0.866 
 154 S _   0.098 0.001 0.001 0.003 0.005 0.016 0.028 0.848 
 155 G _   0.139 0.000 0.001 0.002 0.005 0.016 0.025 0.813 
 156 V _   0.202 0.000 0.001 0.001 0.006 0.016 0.021 0.754 
 157 N _   0.288 0.000 0.001 0.001 0.007 0.016 0.017 0.669 
 158 G _   0.396 0.000 0.001 0.001 0.010 0.018 0.014 0.561 
 159 T H   0.516 0.000 0.001 0.001 0.012 0.018 0.010 0.441 
 160 H H   0.626 0.000 0.001 0.001 0.015 0.019 0.008 0.330 
 161 I H   0.714 0.000 0.001 0.001 0.018 0.018 0.006 0.241 
 162 C H   0.780 0.000 0.001 0.001 0.020 0.017 0.005 0.176 
 163 M H   0.824 0.000 0.001 0.001 0.021 0.016 0.004 0.133 
 164 V H   0.851 0.000 0.001 0.001 0.021 0.014 0.004 0.107 
 165 F H   0.865 0.000 0.001 0.001 0.021 0.013 0.004 0.095 
 166 E H   0.867 0.000 0.001 0.001 0.021 0.012 0.004 0.093 
 167 V H   0.859 0.000 0.001 0.001 0.022 0.012 0.004 0.101 
 168 L H   0.840 0.000 0.001 0.001 0.022 0.012 0.005 0.118 
 169 G H   0.808 0.000 0.001 0.001 0.022 0.012 0.007 0.148 
 170 H H   0.761 0.000 0.001 0.001 0.022 0.013 0.009 0.192 
 171 H H   0.698 0.000 0.002 0.002 0.021 0.014 0.012 0.251 
 172 L H   0.621 0.000 0.002 0.002 0.020 0.015 0.017 0.324 
 173 L H   0.534 0.000 0.002 0.003 0.018 0.016 0.023 0.405 
 174 K _   0.441 0.000 0.002 0.004 0.015 0.016 0.030 0.492 
 175 W _   0.349 0.000 0.001 0.005 0.013 0.015 0.038 0.580 
 176 I _   0.267 0.000 0.001 0.005 0.010 0.015 0.045 0.657 
 177 I _   0.197 0.000 0.001 0.005 0.008 0.014 0.052 0.723 
 178 K _   0.141 0.000 0.001 0.005 0.006 0.012 0.058 0.777 
 179 S _   0.100 0.000 0.001 0.004 0.005 0.012 0.063 0.816 
 180 N _   0.069 0.000 0.001 0.004 0.004 0.011 0.067 0.844 
 181 Y _   0.050 0.000 0.000 0.003 0.003 0.011 0.071 0.862 
 182 Q _   0.037 0.000 0.000 0.003 0.003 0.011 0.074 0.872 
 183 G _   0.029 0.000 0.000 0.003 0.003 0.012 0.076 0.876 
 184 L _   0.026 0.001 0.000 0.003 0.003 0.013 0.078 0.876 
 185 P _   0.024 0.002 0.000 0.004 0.004 0.015 0.080 0.871 
 186 L _   0.025 0.004 0.001 0.005 0.005 0.019 0.081 0.861 
 187 P _   0.027 0.007 0.001 0.007 0.007 0.023 0.083 0.846 
 188 C _   0.030 0.015 0.001 0.010 0.010 0.027 0.084 0.823 
 189 V _   0.032 0.026 0.001 0.015 0.015 0.032 0.085 0.793 
 190 K _   0.035 0.041 0.001 0.021 0.019 0.035 0.087 0.759 
 191 K _   0.037 0.058 0.002 0.028 0.023 0.038 0.088 0.725 
 192 I _   0.038 0.073 0.002 0.035 0.026 0.040 0.091 0.695 
 193 I _   0.037 0.085 0.002 0.041 0.028 0.040 0.094 0.673 
 194 Q _   0.036 0.091 0.002 0.045 0.027 0.040 0.097 0.662 
 195 Q _   0.034 0.094 0.002 0.045 0.026 0.038 0.102 0.660 
 196 V _   0.032 0.092 0.002 0.042 0.023 0.035 0.107 0.667 
 197 L _   0.029 0.087 0.002 0.036 0.020 0.032 0.113 0.681 
 198 Q _   0.026 0.079 0.001 0.029 0.016 0.029 0.119 0.700 
 199 G _   0.024 0.068 0.001 0.022 0.013 0.026 0.126 0.720 
 200 L _   0.021 0.058 0.001 0.016 0.010 0.024 0.132 0.738 
 201 D _   0.019 0.050 0.001 0.012 0.008 0.022 0.138 0.751 
 202 Y _   0.017 0.045 0.001 0.010 0.007 0.020 0.144 0.756 
 203 L _   0.016 0.042 0.001 0.009 0.006 0.019 0.149 0.757 
 204 H _   0.015 0.041 0.001 0.010 0.007 0.019 0.154 0.753 
 205 T _   0.015 0.041 0.001 0.013 0.007 0.019 0.160 0.744 
 206 K _   0.014 0.042 0.001 0.016 0.008 0.019 0.166 0.734 
 207 C _   0.014 0.043 0.001 0.019 0.009 0.018 0.172 0.725 
 208 R _   0.013 0.044 0.001 0.021 0.009 0.017 0.178 0.716 
 209 I _   0.012 0.043 0.001 0.022 0.009 0.016 0.186 0.710 
 210 I _   0.011 0.042 0.001 0.021 0.008 0.015 0.193 0.707 
 211 H _   0.010 0.040 0.001 0.019 0.007 0.014 0.202 0.707 
 212 T _   0.009 0.036 0.001 0.016 0.006 0.013 0.210 0.708 
 213 D _   0.009 0.032 0.001 0.013 0.005 0.012 0.219 0.709 
 214 I _   0.008 0.029 0.001 0.010 0.005 0.011 0.227 0.709 
 215 K _   0.008 0.027 0.000 0.008 0.004 0.011 0.235 0.707 
 216 P _   0.008 0.025 0.000 0.007 0.004 0.011 0.243 0.702 
 217 E _   0.008 0.025 0.000 0.007 0.004 0.011 0.250 0.695 
 218 N _   0.008 0.026 0.000 0.007 0.004 0.012 0.257 0.685 
 219 I _   0.009 0.029 0.001 0.008 0.004 0.013 0.264 0.672 
 220 L _   0.010 0.033 0.001 0.009 0.005 0.015 0.271 0.656 
 221 L _   0.011 0.039 0.001 0.011 0.006 0.017 0.278 0.638 
 222 S _   0.012 0.046 0.001 0.014 0.007 0.019 0.284 0.618 
 223 V _   0.013 0.055 0.001 0.016 0.009 0.021 0.291 0.595 
 224 N _   0.014 0.064 0.001 0.019 0.010 0.023 0.299 0.570 
 225 E _   0.015 0.075 0.001 0.022 0.012 0.025 0.307 0.543 
 226 Q _   0.016 0.085 0.001 0.026 0.014 0.027 0.316 0.515 
 227 Y _   0.017 0.094 0.001 0.030 0.016 0.028 0.326 0.488 
 228 I _   0.017 0.103 0.001 0.035 0.017 0.029 0.337 0.460 
 229 R _   0.017 0.109 0.001 0.040 0.018 0.029 0.350 0.435 
 230 R _   0.017 0.113 0.001 0.044 0.019 0.029 0.365 0.412 
 231 L _   0.017 0.114 0.001 0.046 0.019 0.027 0.383 0.392 
 232 A X   0.016 0.113 0.001 0.047 0.018 0.026 0.403 0.375 
 233 A X   0.015 0.110 0.001 0.046 0.016 0.024 0.425 0.362 
 234 E X   0.014 0.103 0.001 0.043 0.014 0.021 0.452 0.351 
 235 A X   0.013 0.092 0.001 0.038 0.013 0.019 0.481 0.343 
 236 T X   0.011 0.078 0.001 0.032 0.010 0.016 0.513 0.337 
 237 E X   0.010 0.062 0.001 0.026 0.008 0.013 0.548 0.332 
 238 W X   0.009 0.045 0.001 0.019 0.006 0.011 0.582 0.327 
 239 Q X   0.007 0.029 0.001 0.014 0.005 0.009 0.614 0.322 
 240 R X   0.006 0.018 0.001 0.009 0.003 0.007 0.642 0.315 
 241 S X   0.005 0.010 0.000 0.006 0.002 0.005 0.665 0.306 
 242 G X   0.004 0.006 0.000 0.004 0.002 0.004 0.683 0.297 
 243 A X   0.003 0.004 0.000 0.003 0.001 0.004 0.698 0.287 
 244 P X   0.003 0.003 0.000 0.002 0.001 0.003 0.709 0.278 
 245 P X   0.002 0.003 0.000 0.003 0.001 0.003 0.719 0.269 
 246 P X   0.002 0.003 0.000 0.003 0.001 0.003 0.728 0.259 
 247 S X   0.003 0.003 0.000 0.004 0.001 0.004 0.736 0.249 
 248 G X   0.003 0.004 0.000 0.006 0.002 0.005 0.743 0.239 
 249 S X   0.003 0.004 0.000 0.008 0.002 0.005 0.750 0.227 
 250 A X   0.003 0.005 0.000 0.011 0.003 0.006 0.757 0.216 
 251 V X   0.003 0.006 0.000 0.013 0.003 0.006 0.766 0.204 
 252 S X   0.003 0.006 0.000 0.014 0.003 0.006 0.774 0.194 
 253 T X   0.003 0.006 0.000 0.013 0.003 0.005 0.784 0.185 
 254 A X   0.002 0.005 0.000 0.012 0.003 0.005 0.795 0.177 
 255 P X   0.002 0.005 0.000 0.010 0.002 0.004 0.806 0.170 
 256 Q X   0.002 0.004 0.000 0.008 0.002 0.004 0.818 0.163 
 257 P X   0.002 0.003 0.000 0.006 0.001 0.003 0.828 0.156 
 258 K X   0.002 0.002 0.000 0.004 0.001 0.003 0.838 0.150 
 259 P X   0.002 0.002 0.000 0.003 0.001 0.002 0.847 0.144 
 260 A X   0.001 0.001 0.000 0.003 0.001 0.002 0.854 0.138 
 261 D X   0.001 0.001 0.000 0.002 0.001 0.002 0.860 0.133 
 262 K X   0.001 0.001 0.000 0.002 0.001 0.002 0.865 0.129 
 263 M X   0.001 0.001 0.000 0.002 0.000 0.002 0.869 0.125 
 264 S X   0.001 0.001 0.000 0.002 0.000 0.001 0.872 0.122 
 265 K X   0.001 0.001 0.000 0.002 0.000 0.001 0.875 0.120 
 266 N X   0.001 0.001 0.000 0.002 0.000 0.001 0.877 0.118 
 267 K X   0.001 0.001 0.000 0.002 0.000 0.001 0.878 0.117 
 268 K X   0.001 0.001 0.000 0.002 0.000 0.001 0.878 0.117 
 269 K X   0.001 0.001 0.000 0.002 0.000 0.001 0.878 0.117 
 270 K X   0.001 0.001 0.000 0.002 0.000 0.001 0.878 0.117 
 271 L X   0.001 0.002 0.000 0.002 0.000 0.001 0.877 0.117 
 272 K X   0.001 0.002 0.000 0.002 0.000 0.002 0.875 0.118 
 273 K X   0.001 0.003 0.000 0.002 0.001 0.002 0.873 0.119 
 274 K X   0.001 0.004 0.000 0.002 0.001 0.002 0.871 0.120 
 275 Q X   0.001 0.005 0.000 0.003 0.001 0.002 0.868 0.120 
 276 K X   0.001 0.007 0.000 0.003 0.001 0.002 0.864 0.121 
 277 R X   0.001 0.010 0.000 0.004 0.001 0.003 0.861 0.121 
 278 Q X   0.001 0.013 0.000 0.005 0.001 0.003 0.857 0.120 
 279 A X   0.001 0.016 0.000 0.007 0.001 0.003 0.852 0.119 
 280 E X   0.001 0.020 0.000 0.008 0.002 0.003 0.849 0.118 
 281 L X   0.001 0.023 0.000 0.009 0.002 0.004 0.845 0.116 
 282 L X   0.001 0.026 0.000 0.010 0.002 0.004 0.843 0.115 
 283 E X   0.001 0.028 0.000 0.011 0.002 0.004 0.841 0.113 
 284 K X   0.001 0.029 0.000 0.012 0.002 0.004 0.840 0.112 
 285 R X   0.001 0.030 0.000 0.012 0.002 0.004 0.839 0.110 
 286 M X   0.001 0.031 0.000 0.013 0.002 0.004 0.840 0.109 
 287 Q X   0.001 0.031 0.000 0.013 0.002 0.004 0.842 0.107 
 288 E X   0.002 0.030 0.000 0.013 0.002 0.004 0.844 0.105 
 289 I X   0.002 0.029 0.000 0.012 0.002 0.004 0.848 0.103 
 290 E X   0.002 0.027 0.000 0.011 0.002 0.004 0.853 0.101 
 291 E X   0.002 0.024 0.000 0.010 0.002 0.003 0.858 0.099 
 292 M X   0.002 0.021 0.000 0.008 0.002 0.003 0.865 0.098 
 293 E X   0.002 0.017 0.000 0.007 0.002 0.003 0.872 0.098 
 294 K X   0.002 0.013 0.000 0.005 0.001 0.002 0.880 0.097 
 295 E X   0.002 0.009 0.000 0.004 0.001 0.002 0.887 0.096 
 296 S X   0.001 0.006 0.000 0.003 0.001 0.002 0.892 0.095 
 297 G X   0.001 0.004 0.000 0.002 0.001 0.001 0.897 0.094 
 298 P X   0.001 0.002 0.000 0.001 0.000 0.001 0.901 0.093 
 299 G X   0.001 0.001 0.000 0.001 0.000 0.001 0.903 0.092 
 300 Q X   0.001 0.001 0.000 0.001 0.000 0.001 0.905 0.091 
 301 K X   0.001 0.001 0.000 0.001 0.000 0.001 0.905 0.091 
 302 R X   0.001 0.001 0.000 0.001 0.000 0.001 0.905 0.091 
 303 P X   0.001 0.000 0.000 0.001 0.000 0.001 0.905 0.092 
 304 N X   0.001 0.000 0.000 0.001 0.000 0.001 0.904 0.093 
 305 K X   0.001 0.000 0.000 0.001 0.000 0.001 0.902 0.095 
 306 Q X   0.001 0.000 0.000 0.001 0.000 0.001 0.899 0.097 
 307 E X   0.001 0.001 0.000 0.002 0.000 0.001 0.896 0.099 
 308 E X   0.001 0.001 0.000 0.002 0.001 0.002 0.892 0.102 
 309 S X   0.001 0.001 0.000 0.003 0.001 0.002 0.887 0.105 
 310 E X   0.001 0.001 0.000 0.003 0.001 0.002 0.883 0.109 
 311 S X   0.001 0.001 0.000 0.004 0.001 0.002 0.878 0.113 
 312 P X   0.001 0.002 0.000 0.004 0.001 0.002 0.872 0.117 
 313 V X   0.001 0.002 0.000 0.005 0.001 0.002 0.867 0.122 
 314 E X   0.001 0.002 0.000 0.005 0.001 0.002 0.862 0.127 
 315 R X   0.001 0.002 0.000 0.004 0.001 0.002 0.857 0.132 
 316 P X   0.001 0.002 0.000 0.004 0.001 0.002 0.852 0.138 
 317 L X   0.001 0.002 0.000 0.004 0.001 0.002 0.846 0.144 
 318 K X   0.001 0.002 0.000 0.003 0.001 0.002 0.840 0.151 
 319 E X   0.001 0.002 0.000 0.003 0.001 0.002 0.833 0.158 
 320 N X   0.001 0.002 0.000 0.003 0.001 0.002 0.825 0.166 
 321 P X   0.001 0.003 0.000 0.003 0.001 0.002 0.815 0.175 
 322 P X   0.001 0.003 0.000 0.003 0.001 0.003 0.804 0.185 
 323 N X   0.002 0.005 0.000 0.004 0.001 0.003 0.790 0.195 
 324 K X   0.002 0.007 0.000 0.005 0.002 0.004 0.775 0.205 
 325 M X   0.002 0.011 0.000 0.007 0.002 0.005 0.757 0.215 
 326 T X   0.002 0.017 0.000 0.010 0.003 0.006 0.736 0.225 
 327 Q X   0.003 0.025 0.000 0.013 0.003 0.007 0.714 0.234 
 328 E X   0.003 0.033 0.001 0.017 0.004 0.008 0.692 0.242 
 329 K X   0.003 0.042 0.001 0.020 0.005 0.009 0.671 0.251 
 330 L X   0.003 0.049 0.001 0.021 0.005 0.009 0.652 0.260 
 331 E X   0.003 0.055 0.001 0.022 0.005 0.009 0.636 0.270 
 332 E X   0.003 0.059 0.001 0.022 0.005 0.009 0.621 0.280 
 333 S X   0.003 0.062 0.001 0.022 0.005 0.009 0.608 0.291 
 334 S X   0.003 0.064 0.001 0.021 0.005 0.009 0.597 0.301 
 335 T X   0.003 0.065 0.001 0.021 0.004 0.009 0.587 0.310 
 336 I X   0.003 0.066 0.001 0.020 0.004 0.008 0.578 0.319 
 337 G X   0.003 0.066 0.000 0.020 0.004 0.008 0.571 0.327 
 338 Q X   0.004 0.065 0.000 0.019 0.004 0.008 0.565 0.335 
 339 D X   0.004 0.063 0.000 0.018 0.004 0.008 0.560 0.344 
 340 Q X   0.004 0.060 0.000 0.016 0.004 0.007 0.555 0.355 
 341 T X   0.004 0.056 0.000 0.013 0.003 0.006 0.551 0.366 
 342 L X   0.003 0.052 0.000 0.011 0.003 0.006 0.546 0.379 
 343 M X   0.003 0.047 0.000 0.009 0.002 0.005 0.542 0.391 
 344 E X   0.003 0.044 0.000 0.007 0.002 0.005 0.537 0.402 
 345 R X   0.003 0.041 0.000 0.005 0.002 0.005 0.532 0.412 
 346 D X   0.003 0.040 0.000 0.005 0.001 0.005 0.526 0.420 
 347 T X   0.003 0.040 0.000 0.004 0.002 0.005 0.520 0.426 
 348 E X   0.003 0.042 0.000 0.005 0.002 0.006 0.512 0.430 
 349 G X   0.003 0.046 0.000 0.006 0.002 0.008 0.502 0.431 
 350 G X   0.004 0.054 0.000 0.009 0.004 0.010 0.491 0.429 
 351 A X   0.005 0.067 0.001 0.012 0.005 0.012 0.477 0.421 
 352 A X   0.006 0.087 0.001 0.016 0.007 0.015 0.461 0.407 
 353 E X   0.007 0.113 0.001 0.021 0.010 0.018 0.443 0.388 
 354 I X   0.008 0.144 0.001 0.026 0.012 0.020 0.425 0.363 
 355 N X   0.009 0.177 0.002 0.031 0.015 0.022 0.408 0.336 
 356 C X   0.010 0.210 0.002 0.037 0.017 0.023 0.393 0.310 
 357 N X   0.010 0.238 0.002 0.042 0.019 0.024 0.380 0.286 
 358 G X   0.010 0.261 0.002 0.047 0.020 0.024 0.370 0.267 
 359 V X   0.011 0.276 0.001 0.051 0.019 0.023 0.363 0.255 
 360 I X   0.011 0.284 0.001 0.054 0.019 0.022 0.359 0.250 
 361 E X   0.011 0.285 0.001 0.054 0.017 0.021 0.356 0.253 
 362 V X   0.011 0.281 0.001 0.052 0.016 0.019 0.356 0.264 
 363 I X   0.011 0.270 0.001 0.048 0.014 0.018 0.356 0.282 
 364 N X   0.010 0.249 0.001 0.041 0.012 0.016 0.359 0.312 
 365 Y X   0.010 0.217 0.001 0.033 0.010 0.014 0.363 0.352 
 366 T _   0.009 0.175 0.001 0.025 0.008 0.012 0.368 0.401 
 367 Q _   0.009 0.134 0.001 0.019 0.006 0.011 0.373 0.448 
 368 N _   0.007 0.101 0.001 0.013 0.004 0.010 0.377 0.486 
 369 S _   0.006 0.079 0.000 0.010 0.003 0.008 0.380 0.513 
 370 N _   0.006 0.065 0.000 0.008 0.002 0.007 0.382 0.530 
 371 N _   0.005 0.058 0.000 0.007 0.002 0.007 0.382 0.539 
 372 E _   0.005 0.053 0.000 0.007 0.002 0.006 0.382 0.545 
 373 T _   0.004 0.050 0.000 0.007 0.002 0.006 0.381 0.549 
 374 L _   0.004 0.048 0.000 0.008 0.002 0.006 0.380 0.552 
 375 R _   0.004 0.047 0.000 0.008 0.002 0.006 0.378 0.554 
 376 H _   0.004 0.047 0.000 0.009 0.002 0.006 0.375 0.557 
 377 K _   0.004 0.046 0.000 0.009 0.002 0.006 0.372 0.561 
 378 E _   0.004 0.046 0.000 0.009 0.002 0.006 0.369 0.564 
 379 D _   0.003 0.046 0.000 0.009 0.002 0.005 0.366 0.568 
 380 L _   0.003 0.046 0.000 0.008 0.002 0.005 0.362 0.572 
 381 H _   0.003 0.047 0.000 0.008 0.002 0.005 0.358 0.576 
 382 N _   0.003 0.048 0.000 0.008 0.002 0.005 0.354 0.580 
 383 A _   0.003 0.049 0.000 0.008 0.002 0.005 0.349 0.584 
 384 N _   0.003 0.052 0.000 0.008 0.002 0.006 0.342 0.587 
 385 D _   0.003 0.056 0.000 0.008 0.002 0.006 0.335 0.589 
 386 C _   0.003 0.062 0.000 0.009 0.002 0.006 0.327 0.590 
 387 D _   0.003 0.070 0.000 0.011 0.002 0.007 0.317 0.589 
 388 V _   0.003 0.081 0.000 0.013 0.003 0.008 0.306 0.585 
 389 Q _   0.004 0.096 0.001 0.016 0.004 0.009 0.294 0.577 
 390 N _   0.004 0.114 0.001 0.020 0.005 0.010 0.281 0.565 
 391 L _   0.004 0.135 0.001 0.025 0.005 0.011 0.268 0.551 
 392 N _   0.004 0.156 0.001 0.030 0.006 0.011 0.256 0.537 
 393 Q _   0.004 0.175 0.001 0.034 0.006 0.011 0.245 0.524 
 394 E _   0.004 0.188 0.001 0.037 0.007 0.011 0.236 0.516 
 395 S _   0.004 0.197 0.001 0.039 0.006 0.011 0.230 0.512 
 396 S _   0.004 0.201 0.001 0.038 0.006 0.010 0.225 0.514 
 397 F _   0.004 0.202 0.001 0.036 0.006 0.010 0.222 0.520 
 398 L _   0.004 0.199 0.001 0.032 0.005 0.009 0.220 0.530 
 399 S _   0.004 0.192 0.001 0.027 0.004 0.008 0.218 0.544 
 400 S _   0.004 0.183 0.001 0.022 0.004 0.008 0.217 0.562 
 401 Q _   0.004 0.172 0.000 0.017 0.003 0.007 0.217 0.580 
 402 N _   0.004 0.161 0.000 0.013 0.002 0.006 0.217 0.597 
 403 G _   0.004 0.152 0.000 0.010 0.002 0.006 0.216 0.611 
 404 D _   0.004 0.146 0.000 0.008 0.002 0.006 0.215 0.621 
 405 S _   0.004 0.142 0.000 0.006 0.002 0.005 0.212 0.628 
 406 S _   0.003 0.141 0.000 0.006 0.001 0.006 0.210 0.632 
 407 T _   0.003 0.143 0.000 0.006 0.002 0.006 0.206 0.633 
 408 S _   0.004 0.149 0.000 0.008 0.002 0.007 0.201 0.630 
 409 Q _   0.004 0.159 0.000 0.010 0.003 0.008 0.194 0.622 
 410 E _   0.004 0.176 0.000 0.013 0.003 0.009 0.185 0.609 
 411 T _   0.004 0.200 0.001 0.016 0.004 0.011 0.175 0.588 
 412 D _   0.004 0.233 0.001 0.020 0.006 0.012 0.164 0.560 
 413 S _   0.005 0.275 0.001 0.023 0.007 0.013 0.151 0.525 
 414 C _   0.005 0.321 0.001 0.026 0.008 0.013 0.139 0.487 
 415 T _   0.004 0.369 0.001 0.028 0.008 0.013 0.127 0.449 
 416 P E   0.004 0.416 0.001 0.028 0.009 0.013 0.117 0.411 
 417 I E   0.004 0.459 0.001 0.028 0.009 0.013 0.109 0.377 
 418 T E   0.004 0.497 0.001 0.027 0.008 0.012 0.102 0.349 
 419 S E   0.004 0.528 0.001 0.025 0.008 0.012 0.096 0.326 
 420 E E   0.004 0.553 0.001 0.024 0.008 0.011 0.092 0.306 
 421 V E   0.004 0.574 0.001 0.023 0.008 0.011 0.089 0.291 
 422 S E   0.004 0.590 0.001 0.021 0.007 0.011 0.086 0.280 
 423 D E   0.004 0.601 0.001 0.020 0.007 0.010 0.085 0.272 
 424 T E   0.004 0.609 0.001 0.019 0.007 0.010 0.083 0.267 
 425 M E   0.004 0.614 0.001 0.018 0.006 0.010 0.082 0.264 
 426 V E   0.004 0.616 0.001 0.017 0.006 0.009 0.082 0.264 
 427 C E   0.004 0.615 0.001 0.016 0.006 0.009 0.082 0.267 
 428 Q E   0.004 0.610 0.001 0.015 0.006 0.009 0.082 0.273 
 429 S E   0.005 0.604 0.001 0.014 0.005 0.009 0.083 0.280 
 430 S E   0.005 0.595 0.001 0.013 0.005 0.009 0.084 0.290 
 431 S E   0.005 0.584 0.001 0.012 0.005 0.009 0.085 0.301 
 432 T E   0.005 0.573 0.001 0.011 0.004 0.009 0.086 0.312 
 433 V E   0.005 0.562 0.001 0.010 0.004 0.009 0.087 0.322 
 434 G E   0.005 0.553 0.000 0.010 0.004 0.009 0.089 0.331 
 435 Q E   0.005 0.544 0.000 0.009 0.004 0.009 0.090 0.337 
 436 S E   0.005 0.537 0.000 0.009 0.004 0.010 0.092 0.343 
 437 F E   0.005 0.531 0.000 0.010 0.004 0.010 0.093 0.346 
 438 S E   0.006 0.526 0.000 0.010 0.004 0.010 0.095 0.349 
 439 E E   0.006 0.522 0.001 0.010 0.005 0.011 0.097 0.350 
 440 Q E   0.006 0.519 0.001 0.011 0.005 0.011 0.098 0.350 
 441 H E   0.006 0.517 0.001 0.012 0.005 0.012 0.100 0.347 
 442 I E   0.006 0.515 0.001 0.014 0.006 0.012 0.102 0.344 
 443 S E   0.007 0.514 0.001 0.016 0.006 0.012 0.104 0.340 
 444 Q E   0.007 0.512 0.001 0.018 0.007 0.013 0.107 0.335 
 445 L E   0.008 0.508 0.001 0.021 0.008 0.013 0.110 0.331 
 446 Q E   0.008 0.501 0.001 0.025 0.009 0.013 0.114 0.328 
 447 E E   0.009 0.490 0.001 0.028 0.009 0.013 0.120 0.330 
 448 S E   0.009 0.473 0.001 0.030 0.010 0.013 0.127 0.337 
 449 I E   0.010 0.447 0.001 0.032 0.010 0.013 0.136 0.350 
 450 R E   0.010 0.411 0.001 0.032 0.010 0.013 0.148 0.373 
 451 A _   0.011 0.361 0.001 0.032 0.010 0.014 0.163 0.407 
 452 E _   0.012 0.301 0.002 0.030 0.010 0.014 0.182 0.452 
 453 I _   0.012 0.235 0.001 0.026 0.009 0.013 0.202 0.501 
 454 P _   0.012 0.175 0.001 0.022 0.007 0.013 0.222 0.549 
 455 C _   0.011 0.125 0.001 0.017 0.005 0.012 0.239 0.589 
 456 E _   0.010 0.089 0.001 0.014 0.004 0.010 0.253 0.619 
 457 D _   0.009 0.064 0.000 0.011 0.003 0.009 0.265 0.638 
 458 E _   0.008 0.048 0.000 0.009 0.002 0.008 0.273 0.651 
 459 Q _   0.007 0.038 0.000 0.008 0.002 0.007 0.279 0.659 
 460 E _   0.006 0.031 0.000 0.007 0.002 0.007 0.284 0.664 
 461 Q _   0.006 0.027 0.000 0.006 0.002 0.006 0.286 0.668 
 462 E _   0.005 0.024 0.000 0.006 0.001 0.006 0.288 0.671 
 463 H _   0.004 0.022 0.000 0.006 0.001 0.005 0.288 0.673 
 464 N _   0.004 0.021 0.000 0.005 0.001 0.005 0.287 0.676 
 465 G _   0.003 0.020 0.000 0.005 0.001 0.005 0.285 0.679 
 466 P _   0.003 0.021 0.000 0.005 0.001 0.005 0.282 0.682 
 467 L _   0.003 0.022 0.000 0.005 0.001 0.005 0.278 0.685 
 468 D _   0.003 0.024 0.000 0.006 0.001 0.006 0.273 0.686 
 469 N _   0.003 0.029 0.000 0.007 0.002 0.007 0.267 0.685 
 470 K _   0.004 0.036 0.000 0.010 0.003 0.008 0.259 0.680 
 471 G _   0.004 0.049 0.000 0.014 0.004 0.010 0.249 0.670 
 472 K _   0.005 0.066 0.001 0.020 0.005 0.012 0.239 0.653 
 473 S _   0.005 0.087 0.001 0.028 0.006 0.013 0.228 0.632 
 474 T _   0.005 0.108 0.001 0.036 0.008 0.014 0.217 0.610 
 475 A _   0.006 0.125 0.001 0.043 0.008 0.015 0.209 0.593 
 476 G _   0.006 0.136 0.001 0.048 0.009 0.015 0.202 0.583 
 477 N _   0.006 0.142 0.001 0.049 0.009 0.015 0.197 0.581 
 478 F _   0.006 0.144 0.001 0.048 0.008 0.014 0.193 0.586 
 479 L _   0.006 0.141 0.001 0.043 0.007 0.013 0.191 0.598 
 480 V _   0.006 0.134 0.001 0.035 0.006 0.011 0.189 0.616 
 481 N _   0.006 0.124 0.001 0.027 0.005 0.010 0.188 0.639 
 482 P _   0.006 0.110 0.001 0.020 0.004 0.009 0.187 0.663 
 483 L _   0.005 0.097 0.000 0.014 0.003 0.008 0.186 0.686 
 484 E _   0.005 0.087 0.000 0.009 0.002 0.007 0.185 0.705 
 485 P _   0.005 0.081 0.000 0.006 0.002 0.006 0.183 0.718 
 486 K _   0.004 0.078 0.000 0.005 0.002 0.006 0.180 0.725 
 487 N _   0.004 0.078 0.000 0.005 0.002 0.006 0.176 0.729 
 488 A _   0.004 0.081 0.000 0.006 0.002 0.007 0.170 0.728 
 489 E _   0.004 0.089 0.000 0.009 0.003 0.008 0.164 0.722 
 490 K _   0.005 0.104 0.001 0.012 0.004 0.010 0.156 0.710 
 491 L _   0.005 0.125 0.001 0.016 0.005 0.011 0.146 0.691 
 492 K _   0.005 0.150 0.001 0.021 0.006 0.012 0.135 0.669 
 493 V _   0.005 0.177 0.001 0.025 0.007 0.013 0.125 0.647 
 494 K _   0.005 0.202 0.001 0.028 0.007 0.014 0.116 0.627 
 495 I _   0.005 0.223 0.001 0.030 0.008 0.014 0.108 0.611 
 496 A _   0.005 0.239 0.001 0.031 0.008 0.015 0.101 0.600 
 497 D _   0.006 0.251 0.001 0.032 0.009 0.015 0.095 0.591 
 498 L _   0.006 0.260 0.001 0.032 0.009 0.016 0.091 0.586 
 499 G _   0.007 0.265 0.001 0.031 0.009 0.016 0.087 0.584 
 500 N _   0.007 0.267 0.001 0.031 0.010 0.017 0.084 0.584 
 501 A _   0.008 0.267 0.001 0.030 0.010 0.017 0.082 0.586 
 502 C _   0.009 0.265 0.001 0.029 0.010 0.017 0.079 0.591 
 503 W _   0.009 0.260 0.001 0.028 0.010 0.017 0.078 0.597 
 504 V _   0.010 0.253 0.001 0.026 0.010 0.017 0.076 0.606 
 505 H _   0.011 0.244 0.001 0.025 0.010 0.017 0.075 0.618 
 506 K _   0.011 0.231 0.001 0.024 0.009 0.017 0.075 0.633 
 507 H _   0.011 0.216 0.001 0.022 0.009 0.017 0.074 0.651 
 508 F _   0.011 0.199 0.001 0.021 0.009 0.016 0.074 0.670 
 509 T _   0.011 0.180 0.001 0.019 0.008 0.016 0.074 0.691 
 510 E _   0.011 0.161 0.001 0.017 0.007 0.016 0.074 0.713 
 511 D _   0.011 0.143 0.001 0.015 0.007 0.016 0.074 0.735 
 512 I _   0.011 0.127 0.001 0.012 0.006 0.016 0.074 0.753 
 513 Q _   0.011 0.115 0.001 0.011 0.005 0.016 0.073 0.768 
 514 T _   0.011 0.107 0.001 0.010 0.005 0.016 0.073 0.777 
 515 R _   0.011 0.102 0.001 0.010 0.006 0.017 0.072 0.781 
 516 Q _   0.012 0.100 0.001 0.011 0.007 0.019 0.071 0.779 
 517 Y _   0.013 0.101 0.001 0.014 0.008 0.021 0.070 0.773 
 518 R _   0.014 0.103 0.001 0.018 0.010 0.023 0.069 0.762 
 519 S _   0.015 0.106 0.001 0.025 0.013 0.024 0.068 0.748 
 520 L _   0.017 0.109 0.001 0.031 0.015 0.025 0.067 0.734 
 521 E _   0.018 0.110 0.001 0.037 0.016 0.025 0.066 0.726 
 522 V _   0.018 0.109 0.001 0.040 0.017 0.025 0.066 0.724 
 523 L _   0.019 0.103 0.001 0.039 0.016 0.024 0.067 0.730 
 524 I _   0.020 0.092 0.001 0.035 0.015 0.023 0.067 0.746 
 525 G _   0.022 0.075 0.001 0.029 0.013 0.021 0.068 0.770 
 526 S _   0.025 0.052 0.001 0.021 0.011 0.020 0.069 0.800 
 527 G _   0.029 0.029 0.001 0.014 0.008 0.019 0.070 0.829 
 528 Y _   0.036 0.012 0.001 0.008 0.006 0.018 0.071 0.848 
 529 N _   0.046 0.004 0.001 0.004 0.005 0.018 0.072 0.852 
 530 T _   0.062 0.001 0.000 0.002 0.004 0.018 0.072 0.841 
 531 P _   0.088 0.000 0.000 0.002 0.004 0.020 0.071 0.813 
 532 A _   0.131 0.000 0.001 0.001 0.006 0.024 0.071 0.766 
 533 D _   0.190 0.000 0.001 0.002 0.010 0.030 0.070 0.697 
 534 I _   0.265 0.000 0.001 0.002 0.017 0.038 0.069 0.606 
 535 W _   0.341 0.000 0.002 0.003 0.029 0.046 0.069 0.510 
 536 S _   0.406 0.001 0.002 0.004 0.043 0.053 0.070 0.421 
 537 T H   0.454 0.004 0.002 0.007 0.056 0.057 0.071 0.349 
 538 A H   0.483 0.008 0.003 0.011 0.066 0.059 0.074 0.297 
 539 C H   0.496 0.012 0.003 0.015 0.072 0.058 0.079 0.265 
 540 M H   0.495 0.016 0.003 0.019 0.074 0.057 0.085 0.251 
 541 A H   0.481 0.018 0.003 0.023 0.073 0.054 0.093 0.256 
 542 F H   0.456 0.018 0.003 0.024 0.068 0.050 0.104 0.278 
 543 E H   0.416 0.017 0.003 0.023 0.059 0.045 0.117 0.319 
 544 L _   0.363 0.015 0.003 0.021 0.048 0.040 0.133 0.378 
 545 A _   0.299 0.011 0.003 0.018 0.035 0.034 0.151 0.450 
 546 T _   0.234 0.007 0.002 0.014 0.023 0.028 0.170 0.522 
 547 G _   0.173 0.004 0.001 0.011 0.014 0.022 0.189 0.585 
 548 D _   0.124 0.003 0.001 0.009 0.009 0.018 0.205 0.632 
 549 Y _   0.086 0.002 0.001 0.007 0.006 0.014 0.218 0.666 
 550 L _   0.058 0.001 0.001 0.006 0.004 0.011 0.230 0.688 
 551 F _   0.039 0.001 0.000 0.006 0.003 0.009 0.240 0.702 
 552 E _   0.026 0.001 0.000 0.005 0.002 0.008 0.248 0.711 
 553 P _   0.017 0.000 0.000 0.005 0.002 0.006 0.254 0.716 
 554 H _   0.012 0.000 0.000 0.004 0.002 0.005 0.258 0.719 
 555 S _   0.008 0.000 0.000 0.003 0.001 0.005 0.261 0.721 
 556 G _   0.006 0.000 0.000 0.003 0.001 0.004 0.263 0.722 
 557 E _   0.005 0.000 0.000 0.002 0.001 0.004 0.264 0.722 
 558 E _   0.004 0.000 0.000 0.002 0.001 0.005 0.265 0.723 
 559 Y _   0.005 0.000 0.000 0.002 0.001 0.006 0.264 0.723 
 560 T _   0.005 0.000 0.000 0.002 0.001 0.007 0.262 0.721 
 561 R _   0.007 0.001 0.000 0.003 0.002 0.011 0.260 0.716 
 562 D _   0.011 0.003 0.000 0.004 0.003 0.016 0.257 0.706 
 563 E _   0.017 0.007 0.001 0.007 0.006 0.023 0.252 0.686 
 564 D _   0.024 0.019 0.001 0.012 0.012 0.032 0.246 0.653 
 565 H _   0.032 0.040 0.002 0.021 0.020 0.041 0.239 0.605 
 566 I _   0.039 0.070 0.002 0.033 0.028 0.048 0.232 0.549 
 567 A _   0.043 0.098 0.002 0.045 0.034 0.052 0.225 0.500 
 568 L _   0.046 0.118 0.002 0.055 0.038 0.054 0.221 0.467 
 569 I _   0.047 0.129 0.002 0.061 0.039 0.054 0.218 0.450 
 570 I _   0.048 0.133 0.002 0.062 0.039 0.052 0.216 0.448 
 571 E _   0.048 0.132 0.002 0.058 0.036 0.049 0.216 0.460 
 572 L _   0.046 0.124 0.002 0.049 0.032 0.045 0.217 0.484 
 573 L _   0.044 0.111 0.002 0.039 0.027 0.041 0.219 0.518 
 574 G _   0.041 0.092 0.002 0.029 0.022 0.036 0.221 0.557 
 575 K _   0.037 0.073 0.001 0.020 0.017 0.032 0.224 0.595 
 576 V _   0.033 0.056 0.001 0.014 0.012 0.029 0.227 0.628 
 577 P _   0.029 0.045 0.001 0.011 0.009 0.025 0.230 0.651 
 578 R _   0.025 0.038 0.001 0.009 0.007 0.023 0.232 0.665 
 579 K _   0.022 0.035 0.001 0.009 0.006 0.020 0.234 0.673 
 580 L _   0.019 0.033 0.001 0.010 0.006 0.019 0.235 0.677 
 581 I _   0.017 0.032 0.001 0.011 0.006 0.017 0.236 0.680 
 582 V _   0.015 0.031 0.001 0.013 0.006 0.016 0.238 0.681 
 583 A _   0.013 0.030 0.001 0.014 0.006 0.015 0.239 0.682 
 584 G _   0.012 0.030 0.001 0.015 0.006 0.014 0.240 0.683 
 585 K _   0.011 0.028 0.001 0.015 0.006 0.013 0.241 0.685 
 586 Y _   0.010 0.026 0.001 0.015 0.005 0.012 0.243 0.688 
 587 S _   0.009 0.024 0.001 0.014 0.005 0.011 0.245 0.691 
 588 K _   0.008 0.021 0.001 0.013 0.005 0.010 0.248 0.695 
 589 E _   0.008 0.018 0.001 0.012 0.004 0.009 0.250 0.699 
 590 F _   0.007 0.015 0.000 0.011 0.004 0.008 0.252 0.703 
 591 F _   0.007 0.012 0.000 0.009 0.003 0.008 0.255 0.706 
 592 T _   0.006 0.009 0.000 0.008 0.003 0.007 0.257 0.710 
 593 K _   0.006 0.007 0.000 0.006 0.002 0.006 0.259 0.713 
 594 K _   0.005 0.005 0.000 0.005 0.002 0.006 0.261 0.715 
 595 G _   0.005 0.004 0.000 0.004 0.002 0.006 0.262 0.717 
 596 D _   0.005 0.004 0.000 0.004 0.002 0.006 0.262 0.717 
 597 L _   0.005 0.004 0.000 0.004 0.002 0.007 0.262 0.717 
 598 K _   0.006 0.004 0.000 0.004 0.002 0.008 0.262 0.715 
 599 H _   0.007 0.005 0.000 0.004 0.002 0.010 0.261 0.711 
 600 I _   0.008 0.007 0.000 0.005 0.003 0.012 0.260 0.704 
 601 T _   0.010 0.011 0.000 0.007 0.005 0.016 0.258 0.694 
 602 K _   0.013 0.018 0.001 0.010 0.007 0.020 0.255 0.677 
 603 L _   0.016 0.029 0.001 0.014 0.010 0.024 0.252 0.653 
 604 K _   0.019 0.045 0.001 0.020 0.014 0.028 0.249 0.623 
 605 P _   0.022 0.063 0.001 0.027 0.018 0.032 0.246 0.589 
 606 W _   0.024 0.080 0.002 0.035 0.022 0.035 0.243 0.559 
 607 G _   0.026 0.094 0.002 0.042 0.025 0.036 0.242 0.534 
 608 L _   0.027 0.103 0.002 0.048 0.026 0.036 0.242 0.515 
 609 F _   0.028 0.108 0.002 0.051 0.027 0.036 0.243 0.506 
 610 E _   0.027 0.108 0.002 0.052 0.025 0.034 0.246 0.506 
 611 V _   0.026 0.105 0.002 0.049 0.023 0.031 0.249 0.515 
 612 L _   0.024 0.097 0.002 0.043 0.019 0.029 0.254 0.533 
 613 V _   0.022 0.082 0.001 0.034 0.016 0.025 0.259 0.559 
 614 E _   0.021 0.064 0.001 0.025 0.012 0.022 0.266 0.589 
 615 K _   0.019 0.043 0.001 0.017 0.009 0.020 0.272 0.621 
 616 Y _   0.016 0.025 0.001 0.011 0.006 0.017 0.277 0.647 
 617 E _   0.014 0.013 0.001 0.007 0.004 0.016 0.282 0.664 
 618 W _   0.013 0.007 0.000 0.004 0.003 0.015 0.285 0.672 
 619 S _   0.013 0.004 0.000 0.003 0.003 0.015 0.288 0.673 
 620 Q _   0.015 0.003 0.000 0.003 0.003 0.016 0.290 0.670 
 621 E _   0.018 0.003 0.000 0.003 0.004 0.018 0.292 0.662 
 622 E _   0.022 0.004 0.001 0.004 0.005 0.021 0.293 0.650 
 623 A _   0.027 0.005 0.001 0.006 0.007 0.025 0.295 0.634 
 624 A _   0.034 0.008 0.001 0.008 0.011 0.029 0.296 0.612 
 625 G _   0.041 0.013 0.001 0.011 0.015 0.034 0.298 0.586 
 626 F _   0.048 0.019 0.001 0.015 0.021 0.038 0.300 0.558 
 627 T _   0.055 0.025 0.002 0.019 0.026 0.041 0.303 0.529 
 628 D _   0.061 0.031 0.002 0.023 0.029 0.043 0.306 0.504 
 629 F _   0.064 0.036 0.002 0.027 0.031 0.043 0.312 0.485 
 630 L _   0.065 0.040 0.002 0.029 0.032 0.043 0.319 0.471 
 631 L _   0.064 0.042 0.002 0.030 0.030 0.041 0.327 0.465 
 632 P _   0.061 0.041 0.002 0.029 0.027 0.038 0.337 0.465 
 633 M _   0.057 0.040 0.002 0.026 0.023 0.034 0.348 0.471 
 634 L _   0.051 0.036 0.001 0.021 0.018 0.031 0.360 0.482 
 635 E _   0.044 0.032 0.001 0.017 0.014 0.027 0.372 0.494 
 636 L _   0.037 0.028 0.001 0.012 0.010 0.024 0.383 0.505 
 637 I _   0.031 0.025 0.001 0.009 0.007 0.021 0.393 0.513 
 638 P _   0.026 0.023 0.001 0.007 0.006 0.019 0.402 0.516 
 639 E _   0.022 0.023 0.001 0.006 0.005 0.018 0.411 0.514 
 640 K _   0.019 0.024 0.001 0.007 0.005 0.018 0.418 0.508 
 641 R _   0.017 0.027 0.001 0.009 0.005 0.018 0.426 0.498 
 642 A _   0.016 0.031 0.001 0.012 0.006 0.018 0.432 0.483 
 643 T _   0.016 0.037 0.001 0.017 0.007 0.019 0.439 0.464 
 644 A X   0.015 0.045 0.001 0.022 0.009 0.019 0.447 0.443 
 645 A X   0.014 0.051 0.001 0.028 0.010 0.019 0.456 0.423 
 646 E X   0.013 0.055 0.001 0.032 0.010 0.018 0.465 0.407 
 647 C X   0.011 0.057 0.001 0.033 0.010 0.016 0.476 0.396 
 648 L X   0.009 0.057 0.001 0.032 0.009 0.014 0.488 0.391 
 649 R X   0.007 0.054 0.001 0.029 0.007 0.011 0.501 0.389 
 650 H X   0.005 0.050 0.001 0.023 0.005 0.008 0.517 0.391 
 651 P X   0.003 0.041 0.000 0.016 0.003 0.005 0.534 0.398 
 652 W X   0.001 0.030 0.000 0.008 0.001 0.002 0.548 0.410 
 653 L X   0.000 0.020 0.000 0.004 0.000 0.001 0.553 0.422 
 654 N X   0.000 0.016 0.000 0.004 0.000 0.000 0.552 0.428 
 655 S X   0.002 0.015 0.001 0.010 0.003 0.002 0.542 0.425 
