#TopoPred_TM8: 8-state transmembrane topology prediction results by no_profile mode 
#probabilities are in the order of H E C I L F X _, the 8 transmembrane topology types used in PDBTM 
   1 M X   0.017 0.002 0.002 0.062 0.010 0.012 0.598 0.296 
   2 Q X   0.006 0.001 0.000 0.038 0.002 0.007 0.612 0.333 
   3 P X   0.002 0.001 0.000 0.024 0.001 0.005 0.613 0.354 
   4 D X   0.002 0.002 0.000 0.019 0.001 0.005 0.607 0.364 
   5 M X   0.002 0.004 0.000 0.019 0.002 0.008 0.595 0.370 
   6 S X   0.004 0.007 0.000 0.021 0.003 0.011 0.578 0.376 
   7 L X   0.005 0.013 0.000 0.025 0.004 0.013 0.560 0.380 
   8 N X   0.006 0.020 0.001 0.029 0.005 0.015 0.538 0.386 
   9 V X   0.007 0.029 0.001 0.033 0.006 0.015 0.515 0.394 
  10 I X   0.006 0.037 0.001 0.036 0.007 0.015 0.493 0.406 
  11 K X   0.006 0.042 0.001 0.035 0.007 0.015 0.472 0.422 
  12 M X   0.005 0.046 0.001 0.032 0.007 0.014 0.454 0.441 
  13 K _   0.005 0.048 0.001 0.028 0.006 0.013 0.439 0.460 
  14 S _   0.005 0.049 0.001 0.023 0.005 0.012 0.425 0.480 
  15 S _   0.005 0.050 0.001 0.019 0.005 0.011 0.413 0.497 
  16 D _   0.005 0.050 0.001 0.016 0.004 0.010 0.402 0.512 
  17 F _   0.005 0.051 0.000 0.014 0.004 0.010 0.391 0.526 
  18 L _   0.005 0.053 0.000 0.012 0.003 0.009 0.381 0.537 
  19 E _   0.005 0.055 0.000 0.012 0.003 0.009 0.369 0.547 
  20 S _   0.005 0.057 0.000 0.011 0.003 0.009 0.358 0.556 
  21 A _   0.005 0.061 0.000 0.011 0.004 0.009 0.346 0.564 
  22 E _   0.005 0.065 0.001 0.012 0.004 0.010 0.334 0.571 
  23 L _   0.005 0.070 0.001 0.012 0.004 0.010 0.321 0.577 
  24 D _   0.005 0.076 0.001 0.012 0.004 0.011 0.308 0.582 
  25 S _   0.006 0.083 0.001 0.013 0.005 0.013 0.295 0.586 
  26 G _   0.006 0.091 0.001 0.014 0.005 0.014 0.282 0.587 
  27 G _   0.007 0.101 0.001 0.016 0.006 0.016 0.269 0.585 
  28 F _   0.008 0.112 0.001 0.017 0.007 0.018 0.256 0.581 
  29 G _   0.009 0.125 0.001 0.019 0.009 0.020 0.243 0.574 
  30 K _   0.010 0.139 0.001 0.021 0.010 0.022 0.231 0.566 
  31 V _   0.011 0.153 0.001 0.022 0.011 0.024 0.219 0.559 
  32 S _   0.012 0.166 0.001 0.023 0.012 0.026 0.208 0.551 
  33 L _   0.014 0.179 0.001 0.024 0.014 0.028 0.197 0.543 
  34 C _   0.015 0.190 0.001 0.025 0.015 0.030 0.187 0.536 
  35 F _   0.017 0.200 0.001 0.026 0.017 0.032 0.179 0.528 
  36 H _   0.019 0.210 0.001 0.028 0.019 0.033 0.170 0.520 
  37 R _   0.021 0.218 0.001 0.030 0.021 0.034 0.163 0.511 
  38 T _   0.022 0.226 0.001 0.033 0.022 0.034 0.157 0.504 
  39 Q _   0.024 0.232 0.002 0.036 0.023 0.034 0.151 0.498 
  40 G _   0.025 0.235 0.002 0.040 0.024 0.033 0.147 0.495 
  41 L _   0.025 0.235 0.002 0.043 0.023 0.032 0.143 0.497 
  42 M _   0.026 0.231 0.002 0.044 0.022 0.030 0.141 0.505 
  43 I _   0.025 0.221 0.002 0.043 0.020 0.027 0.139 0.522 
  44 M _   0.024 0.204 0.002 0.040 0.018 0.025 0.139 0.549 
  45 K _   0.023 0.176 0.002 0.036 0.016 0.022 0.139 0.588 
  46 T _   0.021 0.139 0.002 0.029 0.013 0.019 0.139 0.638 
  47 V _   0.019 0.097 0.001 0.022 0.010 0.016 0.140 0.696 
  48 Y _   0.016 0.058 0.001 0.014 0.007 0.014 0.140 0.749 
  49 K _   0.013 0.031 0.001 0.009 0.005 0.011 0.140 0.789 
  50 G _   0.010 0.016 0.000 0.006 0.003 0.009 0.139 0.815 
  51 P _   0.009 0.009 0.000 0.004 0.002 0.008 0.138 0.829 
  52 N _   0.008 0.007 0.000 0.003 0.002 0.008 0.136 0.836 
  53 C _   0.008 0.006 0.000 0.003 0.002 0.009 0.133 0.839 
  54 I _   0.008 0.006 0.000 0.004 0.003 0.010 0.130 0.838 
  55 E _   0.009 0.008 0.000 0.007 0.004 0.012 0.127 0.833 
  56 H _   0.010 0.011 0.001 0.011 0.005 0.014 0.122 0.826 
  57 N _   0.011 0.015 0.001 0.017 0.007 0.017 0.118 0.815 
  58 E _   0.012 0.020 0.001 0.023 0.009 0.019 0.113 0.805 
  59 A _   0.012 0.023 0.001 0.028 0.010 0.020 0.108 0.797 
  60 L _   0.013 0.026 0.001 0.031 0.011 0.021 0.103 0.794 
  61 L _   0.013 0.026 0.001 0.032 0.012 0.022 0.100 0.795 
  62 E _   0.014 0.025 0.001 0.030 0.011 0.022 0.096 0.800 
  63 E _   0.014 0.023 0.001 0.026 0.011 0.021 0.094 0.810 
  64 A _   0.015 0.019 0.001 0.022 0.009 0.021 0.091 0.822 
  65 K _   0.017 0.014 0.001 0.017 0.008 0.020 0.089 0.833 
  66 M _   0.020 0.010 0.001 0.012 0.007 0.020 0.087 0.843 
  67 M _   0.024 0.006 0.001 0.009 0.006 0.020 0.085 0.850 
  68 N _   0.029 0.003 0.001 0.006 0.005 0.021 0.083 0.852 
  69 R _   0.037 0.001 0.001 0.004 0.005 0.022 0.081 0.849 
  70 L _   0.047 0.001 0.001 0.004 0.006 0.023 0.079 0.840 
  71 R _   0.062 0.000 0.001 0.003 0.006 0.026 0.076 0.825 
  72 H _   0.081 0.000 0.001 0.003 0.008 0.030 0.073 0.804 
  73 S _   0.104 0.000 0.001 0.003 0.011 0.034 0.071 0.776 
  74 R _   0.129 0.000 0.001 0.004 0.015 0.038 0.068 0.744 
  75 V _   0.156 0.001 0.001 0.005 0.020 0.043 0.066 0.708 
  76 V _   0.181 0.001 0.002 0.007 0.026 0.047 0.064 0.673 
  77 K _   0.201 0.002 0.002 0.009 0.031 0.050 0.062 0.643 
  78 L _   0.214 0.003 0.002 0.012 0.035 0.051 0.061 0.622 
  79 L _   0.220 0.004 0.002 0.014 0.037 0.051 0.061 0.612 
  80 G _   0.219 0.004 0.002 0.016 0.037 0.050 0.060 0.612 
  81 V _   0.211 0.004 0.002 0.016 0.035 0.047 0.061 0.624 
  82 I _   0.198 0.004 0.002 0.015 0.031 0.044 0.061 0.646 
  83 I _   0.179 0.003 0.002 0.013 0.026 0.040 0.062 0.675 
  84 E _   0.157 0.002 0.001 0.010 0.021 0.036 0.063 0.709 
  85 E _   0.133 0.002 0.001 0.008 0.016 0.032 0.064 0.744 
  86 G _   0.109 0.001 0.001 0.007 0.012 0.029 0.065 0.775 
  87 K _   0.088 0.001 0.001 0.006 0.010 0.026 0.066 0.803 
  88 Y _   0.070 0.001 0.001 0.006 0.008 0.023 0.066 0.825 
  89 S _   0.055 0.001 0.001 0.007 0.007 0.021 0.067 0.841 
  90 L _   0.044 0.001 0.001 0.008 0.007 0.019 0.068 0.853 
  91 V _   0.036 0.001 0.001 0.008 0.006 0.018 0.068 0.862 
  92 M _   0.029 0.002 0.001 0.009 0.006 0.016 0.068 0.869 
  93 E _   0.024 0.002 0.001 0.009 0.005 0.015 0.068 0.876 
  94 Y _   0.020 0.002 0.001 0.008 0.005 0.014 0.068 0.882 
  95 M _   0.017 0.002 0.001 0.008 0.005 0.013 0.068 0.887 
  96 E _   0.015 0.002 0.001 0.007 0.004 0.013 0.068 0.890 
  97 K _   0.014 0.003 0.000 0.007 0.004 0.013 0.067 0.891 
  98 G _   0.013 0.003 0.001 0.007 0.005 0.014 0.067 0.890 
  99 N _   0.014 0.004 0.001 0.009 0.005 0.015 0.067 0.886 
 100 L _   0.015 0.005 0.001 0.011 0.007 0.016 0.066 0.880 
 101 M _   0.015 0.007 0.001 0.015 0.008 0.017 0.066 0.872 
 102 H _   0.016 0.008 0.001 0.018 0.009 0.018 0.065 0.865 
 103 V _   0.017 0.009 0.001 0.020 0.009 0.018 0.065 0.860 
 104 L _   0.017 0.009 0.001 0.021 0.009 0.018 0.065 0.859 
 105 K _   0.017 0.009 0.001 0.020 0.009 0.017 0.065 0.862 
 106 A _   0.016 0.008 0.001 0.018 0.008 0.017 0.065 0.868 
 107 E _   0.016 0.006 0.001 0.014 0.007 0.016 0.066 0.875 
 108 M _   0.017 0.004 0.001 0.010 0.005 0.015 0.066 0.882 
 109 S _   0.018 0.002 0.001 0.007 0.004 0.015 0.066 0.887 
 110 T _   0.020 0.001 0.000 0.005 0.004 0.015 0.066 0.889 
 111 P _   0.025 0.001 0.000 0.004 0.004 0.016 0.066 0.885 
 112 L _   0.033 0.000 0.000 0.003 0.004 0.019 0.065 0.875 
 113 S _   0.046 0.000 0.001 0.003 0.005 0.023 0.065 0.858 
 114 V _   0.064 0.000 0.001 0.003 0.007 0.028 0.064 0.832 
 115 K _   0.088 0.000 0.001 0.004 0.011 0.035 0.063 0.797 
 116 G _   0.118 0.001 0.001 0.005 0.017 0.043 0.062 0.753 
 117 R _   0.148 0.002 0.001 0.007 0.024 0.051 0.061 0.705 
 118 I _   0.176 0.003 0.002 0.010 0.032 0.058 0.061 0.659 
 119 I _   0.200 0.006 0.002 0.013 0.040 0.063 0.060 0.616 
 120 L _   0.219 0.008 0.002 0.015 0.047 0.066 0.061 0.582 
 121 E _   0.230 0.011 0.002 0.017 0.052 0.068 0.062 0.559 
 122 I _   0.237 0.013 0.002 0.019 0.054 0.067 0.063 0.545 
 123 I _   0.237 0.014 0.002 0.019 0.054 0.066 0.065 0.542 
 124 E _   0.231 0.015 0.003 0.020 0.052 0.063 0.068 0.548 
 125 G _   0.219 0.016 0.002 0.020 0.048 0.059 0.071 0.564 
 126 M _   0.201 0.016 0.002 0.020 0.042 0.054 0.076 0.588 
 127 C _   0.177 0.016 0.002 0.020 0.036 0.049 0.080 0.619 
 128 Y _   0.150 0.015 0.002 0.021 0.030 0.043 0.086 0.653 
 129 L _   0.122 0.014 0.002 0.020 0.024 0.038 0.092 0.690 
 130 H _   0.096 0.012 0.001 0.019 0.018 0.032 0.098 0.724 
 131 G _   0.073 0.010 0.001 0.017 0.013 0.027 0.103 0.755 
 132 K _   0.054 0.009 0.001 0.015 0.010 0.022 0.109 0.781 
 133 G _   0.040 0.007 0.001 0.012 0.007 0.018 0.113 0.802 
 134 V _   0.029 0.006 0.001 0.010 0.005 0.015 0.117 0.818 
 135 I _   0.021 0.005 0.000 0.008 0.004 0.012 0.121 0.830 
 136 H _   0.015 0.004 0.000 0.007 0.003 0.010 0.124 0.837 
 137 K _   0.012 0.004 0.000 0.006 0.003 0.008 0.126 0.842 
 138 D _   0.009 0.003 0.000 0.005 0.002 0.008 0.128 0.844 
 139 L _   0.008 0.004 0.000 0.005 0.002 0.007 0.130 0.844 
 140 K _   0.007 0.004 0.000 0.005 0.002 0.007 0.132 0.843 
 141 P _   0.006 0.005 0.000 0.006 0.002 0.007 0.133 0.841 
 142 E _   0.006 0.006 0.000 0.006 0.002 0.007 0.134 0.838 
 143 N _   0.006 0.008 0.000 0.007 0.003 0.008 0.134 0.834 
 144 I _   0.006 0.011 0.000 0.007 0.003 0.008 0.135 0.830 
 145 L _   0.006 0.015 0.000 0.007 0.003 0.009 0.135 0.825 
 146 V _   0.007 0.020 0.000 0.008 0.003 0.010 0.134 0.818 
 147 D _   0.007 0.026 0.000 0.009 0.004 0.012 0.134 0.809 
 148 N _   0.008 0.035 0.001 0.010 0.004 0.014 0.133 0.796 
 149 D _   0.009 0.047 0.001 0.012 0.006 0.016 0.132 0.778 
 150 F _   0.011 0.064 0.001 0.014 0.008 0.020 0.130 0.753 
 151 H _   0.013 0.088 0.001 0.017 0.010 0.023 0.129 0.719 
 152 I _   0.015 0.121 0.001 0.022 0.013 0.026 0.127 0.674 
 153 K _   0.017 0.161 0.002 0.027 0.016 0.029 0.125 0.624 
 154 I _   0.018 0.203 0.002 0.032 0.019 0.031 0.123 0.572 
 155 A _   0.019 0.242 0.002 0.038 0.021 0.032 0.122 0.526 
 156 D _   0.019 0.272 0.002 0.043 0.022 0.032 0.122 0.489 
 157 L _   0.019 0.292 0.002 0.047 0.022 0.031 0.122 0.464 
 158 G _   0.019 0.303 0.001 0.050 0.022 0.030 0.124 0.449 
 159 L _   0.019 0.308 0.001 0.052 0.022 0.029 0.126 0.442 
 160 A _   0.019 0.307 0.001 0.052 0.020 0.027 0.129 0.444 
 161 S _   0.018 0.299 0.001 0.050 0.018 0.025 0.134 0.455 
 162 F _   0.017 0.282 0.001 0.047 0.016 0.023 0.140 0.474 
 163 K _   0.016 0.256 0.001 0.041 0.014 0.020 0.147 0.504 
 164 M _   0.015 0.218 0.001 0.035 0.012 0.018 0.156 0.545 
 165 W _   0.014 0.172 0.001 0.028 0.009 0.015 0.166 0.594 
 166 S _   0.013 0.125 0.001 0.021 0.007 0.013 0.176 0.643 
 167 K _   0.011 0.085 0.001 0.015 0.005 0.011 0.185 0.686 
 168 L _   0.010 0.057 0.001 0.011 0.004 0.009 0.191 0.718 
 169 N _   0.008 0.039 0.000 0.007 0.003 0.008 0.196 0.738 
 170 N _   0.007 0.030 0.000 0.006 0.002 0.007 0.200 0.749 
 171 E _   0.006 0.024 0.000 0.005 0.002 0.006 0.202 0.754 
 172 E _   0.006 0.022 0.000 0.005 0.002 0.006 0.204 0.756 
 173 H _   0.005 0.021 0.000 0.006 0.002 0.006 0.205 0.755 
 174 N _   0.005 0.021 0.000 0.007 0.002 0.006 0.205 0.753 
 175 E _   0.005 0.022 0.000 0.008 0.002 0.007 0.205 0.750 
 176 L _   0.005 0.023 0.000 0.010 0.002 0.007 0.205 0.748 
 177 R _   0.005 0.024 0.000 0.010 0.003 0.007 0.204 0.747 
 178 E _   0.005 0.025 0.000 0.011 0.003 0.007 0.203 0.746 
 179 V _   0.005 0.026 0.000 0.011 0.003 0.007 0.202 0.747 
 180 D _   0.004 0.027 0.000 0.010 0.002 0.007 0.200 0.748 
 181 G _   0.004 0.028 0.000 0.009 0.002 0.007 0.199 0.750 
 182 T _   0.004 0.030 0.000 0.008 0.002 0.007 0.197 0.751 
 183 A _   0.004 0.032 0.000 0.008 0.002 0.008 0.195 0.750 
 184 K _   0.005 0.036 0.000 0.009 0.003 0.009 0.192 0.746 
 185 K _   0.005 0.042 0.000 0.012 0.004 0.010 0.189 0.738 
 186 N _   0.006 0.053 0.001 0.016 0.005 0.012 0.185 0.722 
 187 G _   0.007 0.067 0.001 0.024 0.007 0.014 0.181 0.700 
 188 G _   0.007 0.083 0.001 0.033 0.009 0.015 0.177 0.675 
 189 T _   0.008 0.096 0.001 0.042 0.010 0.017 0.174 0.652 
 190 L _   0.008 0.105 0.001 0.050 0.011 0.017 0.172 0.636 
 191 Y _   0.008 0.110 0.001 0.054 0.011 0.017 0.171 0.629 
 192 Y _   0.008 0.110 0.001 0.054 0.011 0.016 0.170 0.630 
 193 M _   0.008 0.106 0.001 0.050 0.010 0.015 0.171 0.639 
 194 A _   0.007 0.097 0.001 0.044 0.009 0.013 0.173 0.656 
 195 P _   0.007 0.083 0.001 0.035 0.007 0.011 0.175 0.680 
 196 E _   0.007 0.065 0.001 0.026 0.005 0.010 0.178 0.708 
 197 H _   0.006 0.046 0.001 0.018 0.004 0.008 0.181 0.735 
 198 L _   0.006 0.030 0.000 0.013 0.003 0.007 0.184 0.757 
 199 N _   0.005 0.018 0.000 0.009 0.002 0.006 0.185 0.774 
 200 D _   0.005 0.010 0.000 0.006 0.002 0.005 0.186 0.786 
 201 V _   0.005 0.005 0.000 0.005 0.001 0.005 0.186 0.793 
 202 N _   0.005 0.003 0.000 0.004 0.001 0.005 0.184 0.798 
 203 A _   0.006 0.001 0.000 0.003 0.001 0.005 0.182 0.801 
 204 K _   0.008 0.001 0.000 0.003 0.001 0.005 0.179 0.803 
 205 P _   0.013 0.000 0.000 0.003 0.001 0.007 0.175 0.801 
 206 T _   0.023 0.000 0.000 0.003 0.002 0.009 0.169 0.794 
 207 E _   0.043 0.000 0.000 0.003 0.003 0.012 0.162 0.777 
 208 K _   0.080 0.000 0.001 0.003 0.005 0.017 0.153 0.742 
 209 S _   0.141 0.000 0.001 0.003 0.008 0.024 0.142 0.682 
 210 D _   0.224 0.000 0.001 0.003 0.014 0.032 0.129 0.596 
 211 V _   0.320 0.000 0.002 0.003 0.023 0.041 0.116 0.495 
 212 Y H   0.410 0.000 0.002 0.004 0.034 0.047 0.106 0.397 
 213 S H   0.483 0.001 0.002 0.004 0.045 0.052 0.098 0.315 
 214 F H   0.536 0.002 0.002 0.005 0.054 0.053 0.094 0.253 
 215 A H   0.570 0.003 0.002 0.008 0.060 0.053 0.091 0.213 
 216 V H   0.588 0.005 0.003 0.010 0.062 0.050 0.090 0.192 
 217 V H   0.590 0.007 0.003 0.012 0.062 0.047 0.091 0.189 
 218 L H   0.575 0.008 0.003 0.014 0.059 0.043 0.092 0.205 
 219 W H   0.544 0.008 0.003 0.015 0.054 0.039 0.095 0.242 
 220 A H   0.492 0.007 0.003 0.015 0.046 0.035 0.099 0.304 
 221 I H   0.418 0.005 0.003 0.013 0.035 0.029 0.105 0.392 
 222 F _   0.331 0.003 0.002 0.009 0.023 0.024 0.111 0.497 
 223 A _   0.240 0.001 0.001 0.006 0.013 0.018 0.117 0.603 
 224 N _   0.160 0.000 0.001 0.004 0.007 0.014 0.122 0.693 
 225 K _   0.099 0.000 0.001 0.002 0.004 0.011 0.126 0.758 
 226 E _   0.059 0.000 0.000 0.002 0.002 0.009 0.128 0.800 
 227 P _   0.037 0.000 0.000 0.001 0.002 0.008 0.129 0.822 
 228 Y _   0.027 0.000 0.000 0.001 0.002 0.009 0.130 0.831 
 229 E _   0.023 0.000 0.000 0.001 0.002 0.011 0.131 0.831 
 230 N _   0.024 0.002 0.000 0.003 0.003 0.016 0.130 0.822 
 231 A _   0.029 0.007 0.001 0.006 0.007 0.022 0.130 0.799 
 232 I _   0.035 0.023 0.001 0.013 0.013 0.030 0.128 0.757 
 233 C _   0.039 0.061 0.002 0.026 0.022 0.037 0.125 0.688 
 234 E _   0.041 0.113 0.002 0.042 0.029 0.042 0.123 0.608 
 235 Q _   0.040 0.159 0.003 0.059 0.034 0.043 0.121 0.542 
 236 Q _   0.039 0.191 0.002 0.072 0.035 0.043 0.120 0.498 
 237 L _   0.036 0.207 0.002 0.081 0.035 0.041 0.121 0.477 
 238 I _   0.034 0.212 0.002 0.083 0.033 0.038 0.124 0.474 
 239 M _   0.031 0.210 0.002 0.080 0.029 0.034 0.127 0.486 
 240 C _   0.028 0.199 0.002 0.071 0.025 0.030 0.132 0.513 
 241 I _   0.025 0.177 0.002 0.058 0.020 0.026 0.138 0.555 
 242 K _   0.022 0.141 0.002 0.043 0.015 0.021 0.146 0.610 
 243 S _   0.019 0.096 0.001 0.029 0.011 0.017 0.153 0.674 
 244 G _   0.015 0.055 0.001 0.018 0.007 0.014 0.160 0.730 
 245 N _   0.012 0.028 0.001 0.010 0.004 0.011 0.166 0.769 
 246 R _   0.009 0.013 0.000 0.006 0.003 0.008 0.169 0.792 
 247 P _   0.007 0.007 0.000 0.003 0.002 0.007 0.171 0.804 
 248 D _   0.006 0.004 0.000 0.002 0.001 0.007 0.171 0.808 
 249 V _   0.005 0.003 0.000 0.002 0.001 0.007 0.172 0.809 
 250 D _   0.006 0.003 0.000 0.003 0.001 0.009 0.171 0.807 
 251 D _   0.007 0.005 0.000 0.003 0.002 0.011 0.170 0.801 
 252 I _   0.010 0.008 0.000 0.005 0.003 0.016 0.167 0.791 
 253 T _   0.014 0.015 0.001 0.008 0.006 0.021 0.164 0.772 
 254 E _   0.019 0.029 0.001 0.012 0.009 0.028 0.160 0.742 
 255 Y _   0.024 0.051 0.001 0.017 0.015 0.036 0.155 0.700 
 256 C _   0.030 0.085 0.002 0.023 0.023 0.043 0.149 0.646 
 257 P _   0.035 0.127 0.002 0.030 0.031 0.049 0.143 0.583 
 258 R _   0.039 0.172 0.003 0.037 0.037 0.053 0.138 0.521 
 259 E _   0.041 0.214 0.003 0.045 0.042 0.055 0.134 0.467 
 260 I _   0.043 0.248 0.003 0.053 0.045 0.054 0.131 0.424 
 261 I _   0.045 0.271 0.002 0.059 0.044 0.053 0.129 0.397 
 262 S _   0.046 0.283 0.002 0.063 0.042 0.049 0.129 0.385 
 263 L _   0.045 0.287 0.002 0.064 0.039 0.046 0.131 0.387 
 264 M _   0.043 0.283 0.002 0.061 0.035 0.041 0.133 0.402 
 265 K _   0.040 0.270 0.002 0.056 0.030 0.036 0.136 0.429 
 266 L _   0.036 0.246 0.002 0.048 0.024 0.031 0.141 0.471 
 267 C _   0.032 0.207 0.002 0.038 0.019 0.027 0.146 0.529 
 268 W _   0.028 0.159 0.002 0.029 0.014 0.022 0.152 0.595 
 269 E _   0.023 0.113 0.001 0.020 0.010 0.018 0.158 0.657 
 270 A _   0.019 0.078 0.001 0.014 0.006 0.015 0.162 0.705 
 271 N _   0.015 0.056 0.001 0.009 0.004 0.012 0.165 0.739 
 272 P _   0.012 0.044 0.000 0.006 0.003 0.010 0.167 0.758 
 273 E _   0.009 0.038 0.000 0.004 0.002 0.008 0.168 0.769 
 274 A _   0.008 0.036 0.000 0.004 0.002 0.008 0.168 0.775 
 275 R _   0.007 0.036 0.000 0.004 0.002 0.008 0.168 0.776 
 276 P _   0.006 0.039 0.000 0.005 0.002 0.008 0.166 0.773 
 277 T _   0.006 0.045 0.000 0.007 0.003 0.009 0.164 0.766 
 278 F _   0.007 0.056 0.000 0.009 0.004 0.011 0.161 0.753 
 279 P _   0.007 0.074 0.001 0.013 0.005 0.012 0.157 0.732 
 280 G _   0.007 0.099 0.001 0.017 0.006 0.013 0.153 0.703 
 281 I _   0.007 0.128 0.001 0.021 0.008 0.015 0.148 0.672 
 282 E _   0.007 0.157 0.001 0.025 0.008 0.015 0.144 0.643 
 283 E _   0.007 0.181 0.001 0.027 0.009 0.016 0.140 0.618 
 284 K _   0.007 0.201 0.001 0.029 0.009 0.016 0.137 0.600 
 285 F _   0.007 0.215 0.001 0.030 0.009 0.016 0.135 0.587 
 286 R _   0.007 0.225 0.001 0.030 0.009 0.016 0.134 0.578 
 287 P _   0.007 0.232 0.001 0.030 0.009 0.015 0.133 0.574 
 288 F _   0.007 0.235 0.001 0.029 0.009 0.015 0.133 0.571 
 289 Y _   0.007 0.237 0.001 0.029 0.009 0.015 0.133 0.570 
 290 L _   0.008 0.236 0.001 0.028 0.009 0.015 0.134 0.571 
 291 S _   0.008 0.233 0.001 0.027 0.008 0.014 0.135 0.574 
 292 Q _   0.008 0.227 0.001 0.026 0.008 0.014 0.137 0.578 
 293 L _   0.008 0.220 0.001 0.026 0.008 0.014 0.139 0.584 
 294 E _   0.008 0.211 0.001 0.025 0.008 0.013 0.141 0.593 
 295 E _   0.008 0.199 0.001 0.024 0.007 0.013 0.145 0.603 
 296 S _   0.008 0.186 0.001 0.023 0.007 0.012 0.148 0.615 
 297 V _   0.009 0.170 0.001 0.022 0.006 0.012 0.152 0.629 
 298 E _   0.009 0.153 0.001 0.020 0.006 0.011 0.156 0.644 
 299 E _   0.008 0.134 0.001 0.018 0.005 0.010 0.161 0.662 
 300 D _   0.008 0.114 0.001 0.016 0.005 0.010 0.166 0.681 
 301 V _   0.008 0.096 0.001 0.014 0.004 0.009 0.170 0.699 
 302 K _   0.007 0.079 0.000 0.011 0.003 0.008 0.174 0.716 
 303 S _   0.006 0.066 0.000 0.009 0.003 0.007 0.177 0.731 
 304 L _   0.006 0.057 0.000 0.007 0.002 0.007 0.180 0.741 
 305 K _   0.005 0.051 0.000 0.005 0.002 0.006 0.181 0.748 
 306 K _   0.005 0.048 0.000 0.005 0.002 0.006 0.182 0.752 
 307 E _   0.005 0.047 0.000 0.004 0.002 0.007 0.183 0.752 
 308 Y _   0.005 0.049 0.000 0.005 0.002 0.008 0.182 0.750 
 309 S _   0.005 0.053 0.000 0.006 0.002 0.009 0.181 0.742 
 310 N _   0.006 0.062 0.000 0.008 0.004 0.011 0.180 0.729 
 311 E _   0.007 0.077 0.001 0.012 0.005 0.013 0.178 0.707 
 312 N _   0.008 0.100 0.001 0.017 0.007 0.016 0.175 0.677 
 313 A _   0.009 0.128 0.001 0.022 0.009 0.018 0.172 0.642 
 314 V _   0.010 0.157 0.001 0.026 0.010 0.019 0.169 0.608 
 315 V _   0.010 0.181 0.001 0.030 0.011 0.020 0.167 0.580 
 316 K _   0.010 0.199 0.001 0.032 0.012 0.021 0.166 0.559 
 317 R _   0.010 0.212 0.001 0.033 0.012 0.021 0.165 0.545 
 318 M _   0.011 0.220 0.001 0.033 0.012 0.021 0.166 0.535 
 319 Q _   0.011 0.225 0.001 0.033 0.013 0.021 0.166 0.530 
 320 S _   0.011 0.227 0.001 0.032 0.013 0.021 0.168 0.527 
 321 L _   0.012 0.227 0.001 0.032 0.012 0.021 0.170 0.525 
 322 Q _   0.012 0.224 0.001 0.032 0.012 0.020 0.172 0.526 
 323 L _   0.012 0.220 0.001 0.032 0.011 0.019 0.176 0.529 
 324 D _   0.012 0.212 0.001 0.031 0.011 0.018 0.180 0.535 
 325 C _   0.012 0.201 0.001 0.030 0.010 0.016 0.185 0.545 
 326 V _   0.012 0.185 0.001 0.027 0.009 0.015 0.191 0.560 
 327 A _   0.011 0.165 0.001 0.024 0.008 0.013 0.197 0.581 
 328 V _   0.010 0.142 0.001 0.020 0.006 0.012 0.204 0.605 
 329 P _   0.010 0.118 0.001 0.015 0.005 0.011 0.210 0.630 
 330 S _   0.009 0.097 0.001 0.012 0.004 0.009 0.216 0.652 
 331 S _   0.008 0.082 0.000 0.009 0.003 0.008 0.221 0.669 
 332 R _   0.007 0.071 0.000 0.007 0.002 0.008 0.225 0.680 
 333 S _   0.006 0.066 0.000 0.006 0.002 0.007 0.228 0.685 
 334 N _   0.006 0.063 0.000 0.006 0.002 0.007 0.230 0.686 
 335 S _   0.006 0.062 0.000 0.006 0.002 0.007 0.232 0.686 
 336 A _   0.005 0.063 0.000 0.007 0.002 0.007 0.233 0.683 
 337 T _   0.005 0.065 0.000 0.007 0.002 0.007 0.233 0.680 
 338 E _   0.005 0.068 0.000 0.008 0.002 0.007 0.233 0.675 
 339 Q _   0.005 0.072 0.000 0.009 0.003 0.007 0.233 0.670 
 340 P _   0.005 0.078 0.000 0.009 0.003 0.008 0.232 0.665 
 341 G _   0.005 0.084 0.000 0.010 0.003 0.008 0.231 0.659 
 342 S _   0.004 0.092 0.000 0.010 0.003 0.008 0.230 0.651 
 343 L _   0.005 0.102 0.000 0.011 0.004 0.009 0.229 0.640 
 344 H _   0.005 0.114 0.001 0.013 0.004 0.010 0.228 0.627 
 345 S _   0.005 0.128 0.001 0.015 0.005 0.010 0.226 0.611 
 346 S _   0.005 0.145 0.001 0.017 0.005 0.011 0.225 0.591 
 347 Q _   0.005 0.164 0.001 0.020 0.006 0.012 0.224 0.568 
 348 G _   0.005 0.183 0.001 0.023 0.007 0.013 0.223 0.545 
 349 L _   0.006 0.200 0.001 0.027 0.007 0.013 0.223 0.524 
 350 G _   0.006 0.214 0.001 0.030 0.008 0.013 0.223 0.505 
 351 M _   0.006 0.225 0.001 0.032 0.008 0.014 0.224 0.491 
 352 G _   0.006 0.231 0.001 0.034 0.009 0.014 0.226 0.480 
 353 P _   0.006 0.233 0.001 0.035 0.009 0.014 0.229 0.473 
 354 V _   0.006 0.233 0.001 0.035 0.009 0.014 0.233 0.469 
 355 E _   0.007 0.229 0.001 0.035 0.009 0.014 0.239 0.467 
 356 E _   0.007 0.222 0.001 0.034 0.009 0.013 0.246 0.468 
 357 S _   0.008 0.211 0.001 0.033 0.008 0.013 0.254 0.472 
 358 W _   0.008 0.196 0.001 0.031 0.008 0.012 0.265 0.479 
 359 F _   0.008 0.177 0.001 0.029 0.007 0.012 0.277 0.490 
 360 A _   0.008 0.153 0.001 0.026 0.007 0.011 0.291 0.504 
 361 P _   0.008 0.125 0.001 0.022 0.006 0.010 0.306 0.522 
 362 S _   0.008 0.096 0.001 0.018 0.005 0.010 0.321 0.541 
 363 L _   0.008 0.070 0.001 0.014 0.004 0.009 0.335 0.560 
 364 E _   0.007 0.048 0.000 0.011 0.003 0.008 0.348 0.575 
 365 H _   0.006 0.032 0.000 0.008 0.002 0.007 0.358 0.586 
 366 P _   0.006 0.022 0.000 0.006 0.002 0.006 0.366 0.593 
 367 Q _   0.005 0.016 0.000 0.005 0.002 0.005 0.372 0.596 
 368 E _   0.005 0.012 0.000 0.004 0.001 0.005 0.376 0.596 
 369 E _   0.004 0.010 0.000 0.004 0.001 0.005 0.380 0.596 
 370 N _   0.004 0.009 0.000 0.004 0.001 0.005 0.382 0.595 
 371 E _   0.004 0.009 0.000 0.005 0.001 0.005 0.383 0.593 
 372 P _   0.004 0.009 0.000 0.005 0.001 0.005 0.383 0.592 
 373 S _   0.004 0.009 0.000 0.006 0.002 0.005 0.383 0.592 
 374 L _   0.004 0.010 0.000 0.007 0.002 0.005 0.382 0.591 
 375 Q _   0.003 0.010 0.000 0.007 0.002 0.005 0.381 0.591 
 376 S _   0.003 0.011 0.000 0.007 0.002 0.006 0.379 0.592 
 377 K _   0.003 0.012 0.000 0.008 0.002 0.006 0.377 0.592 
 378 L _   0.003 0.014 0.000 0.008 0.002 0.006 0.375 0.592 
 379 Q _   0.003 0.015 0.000 0.009 0.002 0.006 0.372 0.592 
 380 D _   0.003 0.017 0.000 0.009 0.002 0.007 0.370 0.592 
 381 E _   0.003 0.019 0.000 0.011 0.003 0.007 0.367 0.590 
 382 A _   0.004 0.021 0.000 0.012 0.003 0.008 0.365 0.587 
 383 N _   0.004 0.024 0.000 0.014 0.003 0.008 0.362 0.583 
 384 Y _   0.004 0.027 0.000 0.016 0.004 0.009 0.360 0.580 
 385 H _   0.005 0.029 0.000 0.018 0.004 0.009 0.358 0.576 
 386 L _   0.005 0.030 0.001 0.020 0.005 0.009 0.357 0.573 
 387 Y _   0.005 0.031 0.001 0.021 0.005 0.009 0.357 0.572 
 388 G _   0.005 0.031 0.001 0.021 0.005 0.009 0.357 0.572 
 389 S _   0.005 0.029 0.001 0.019 0.004 0.009 0.357 0.575 
 390 R _   0.005 0.027 0.000 0.017 0.004 0.008 0.359 0.578 
 391 M _   0.005 0.024 0.000 0.015 0.004 0.008 0.360 0.583 
 392 D _   0.005 0.021 0.000 0.012 0.003 0.007 0.362 0.589 
 393 R _   0.005 0.017 0.000 0.010 0.003 0.006 0.364 0.594 
 394 Q _   0.005 0.014 0.000 0.008 0.002 0.006 0.365 0.599 
 395 T _   0.005 0.011 0.000 0.007 0.002 0.005 0.366 0.603 
 396 K _   0.005 0.010 0.000 0.006 0.002 0.005 0.367 0.607 
 397 Q _   0.004 0.008 0.000 0.005 0.001 0.005 0.367 0.609 
 398 Q _   0.004 0.008 0.000 0.005 0.001 0.005 0.366 0.611 
 399 P _   0.004 0.007 0.000 0.005 0.001 0.004 0.365 0.614 
 400 R _   0.004 0.007 0.000 0.005 0.001 0.004 0.363 0.616 
 401 Q _   0.004 0.007 0.000 0.005 0.001 0.005 0.360 0.618 
 402 N _   0.004 0.008 0.000 0.006 0.002 0.005 0.356 0.620 
 403 V _   0.004 0.009 0.000 0.006 0.002 0.005 0.352 0.622 
 404 A _   0.004 0.011 0.000 0.007 0.002 0.006 0.347 0.624 
 405 Y _   0.004 0.013 0.000 0.008 0.002 0.006 0.342 0.626 
 406 N _   0.004 0.015 0.000 0.009 0.002 0.006 0.336 0.627 
 407 R _   0.004 0.017 0.000 0.011 0.003 0.007 0.330 0.628 
 408 E _   0.004 0.020 0.000 0.012 0.003 0.007 0.324 0.629 
 409 E _   0.004 0.023 0.000 0.013 0.003 0.007 0.319 0.631 
 410 E _   0.004 0.025 0.000 0.013 0.003 0.008 0.313 0.633 
 411 R _   0.004 0.027 0.000 0.014 0.003 0.008 0.308 0.635 
 412 R _   0.004 0.029 0.000 0.014 0.003 0.008 0.303 0.638 
 413 R _   0.004 0.031 0.000 0.014 0.003 0.008 0.299 0.641 
 414 R _   0.004 0.032 0.000 0.013 0.003 0.008 0.295 0.644 
 415 V _   0.004 0.033 0.000 0.013 0.003 0.008 0.291 0.646 
 416 S _   0.005 0.034 0.000 0.013 0.003 0.008 0.288 0.649 
 417 H _   0.005 0.034 0.000 0.013 0.003 0.008 0.285 0.651 
 418 D _   0.005 0.035 0.000 0.014 0.003 0.008 0.282 0.653 
 419 P _   0.005 0.035 0.000 0.014 0.004 0.008 0.279 0.654 
 420 F _   0.005 0.035 0.000 0.015 0.004 0.008 0.277 0.656 
 421 A _   0.005 0.035 0.000 0.015 0.004 0.008 0.275 0.658 
 422 Q _   0.005 0.034 0.000 0.015 0.003 0.008 0.273 0.661 
 423 Q _   0.005 0.033 0.000 0.014 0.003 0.007 0.271 0.666 
 424 R _   0.005 0.032 0.000 0.013 0.003 0.007 0.269 0.671 
 425 P _   0.005 0.030 0.000 0.012 0.003 0.006 0.267 0.677 
 426 Y _   0.005 0.028 0.000 0.010 0.002 0.006 0.265 0.684 
 427 E _   0.004 0.027 0.000 0.008 0.002 0.005 0.262 0.691 
 428 N _   0.004 0.025 0.000 0.007 0.002 0.005 0.260 0.697 
 429 F _   0.004 0.025 0.000 0.006 0.002 0.005 0.256 0.702 
 430 Q _   0.004 0.025 0.000 0.006 0.002 0.005 0.252 0.707 
 431 N _   0.003 0.026 0.000 0.006 0.002 0.005 0.248 0.711 
 432 T _   0.003 0.028 0.000 0.006 0.002 0.005 0.242 0.713 
 433 E _   0.003 0.032 0.000 0.007 0.002 0.006 0.235 0.713 
 434 G _   0.004 0.039 0.000 0.009 0.003 0.007 0.226 0.711 
 435 K _   0.004 0.050 0.000 0.012 0.003 0.008 0.217 0.705 
 436 G _   0.004 0.064 0.001 0.016 0.004 0.009 0.206 0.696 
 437 T _   0.004 0.082 0.001 0.020 0.005 0.010 0.194 0.684 
 438 A _   0.004 0.101 0.001 0.023 0.006 0.011 0.182 0.671 
 439 Y _   0.004 0.120 0.001 0.027 0.006 0.011 0.171 0.659 
 440 S _   0.004 0.137 0.001 0.029 0.007 0.012 0.161 0.649 
 441 S _   0.004 0.151 0.001 0.031 0.007 0.012 0.153 0.641 
 442 A _   0.004 0.161 0.001 0.033 0.007 0.012 0.146 0.636 
 443 A _   0.005 0.169 0.001 0.033 0.007 0.012 0.140 0.634 
 444 S _   0.005 0.173 0.001 0.032 0.007 0.012 0.135 0.636 
 445 H _   0.005 0.174 0.001 0.031 0.007 0.012 0.132 0.640 
 446 G _   0.005 0.174 0.001 0.028 0.006 0.011 0.129 0.646 
 447 N _   0.005 0.170 0.001 0.026 0.006 0.011 0.126 0.655 
 448 A _   0.006 0.165 0.001 0.022 0.006 0.011 0.125 0.665 
 449 V _   0.006 0.158 0.001 0.019 0.005 0.010 0.123 0.678 
 450 H _   0.006 0.150 0.001 0.016 0.005 0.010 0.122 0.691 
 451 Q _   0.006 0.141 0.001 0.013 0.004 0.010 0.121 0.704 
 452 P _   0.006 0.134 0.000 0.011 0.004 0.010 0.120 0.714 
 453 S _   0.006 0.129 0.000 0.010 0.004 0.010 0.119 0.722 
 454 G _   0.006 0.126 0.000 0.010 0.004 0.010 0.118 0.726 
 455 L _   0.006 0.124 0.000 0.011 0.004 0.010 0.117 0.727 
 456 T _   0.007 0.124 0.000 0.012 0.004 0.011 0.115 0.726 
 457 S _   0.007 0.126 0.001 0.015 0.005 0.011 0.113 0.722 
 458 Q _   0.007 0.128 0.001 0.018 0.005 0.012 0.112 0.718 
 459 P _   0.007 0.129 0.001 0.021 0.006 0.012 0.110 0.714 
 460 Q _   0.007 0.130 0.001 0.023 0.006 0.012 0.109 0.712 
 461 V _   0.007 0.128 0.001 0.023 0.006 0.011 0.109 0.715 
 462 L _   0.007 0.124 0.001 0.022 0.006 0.011 0.108 0.721 
 463 Y _   0.007 0.118 0.001 0.020 0.005 0.010 0.108 0.732 
 464 Q _   0.006 0.110 0.001 0.017 0.005 0.009 0.108 0.744 
 465 N _   0.006 0.101 0.001 0.014 0.004 0.008 0.108 0.758 
 466 N _   0.006 0.093 0.000 0.011 0.003 0.008 0.108 0.771 
 467 G _   0.006 0.086 0.000 0.009 0.003 0.007 0.108 0.780 
 468 L _   0.005 0.082 0.000 0.009 0.003 0.007 0.108 0.786 
 469 Y _   0.005 0.079 0.000 0.009 0.003 0.007 0.107 0.789 
 470 S _   0.006 0.078 0.000 0.009 0.003 0.008 0.106 0.790 
 471 S _   0.006 0.078 0.000 0.010 0.003 0.008 0.105 0.789 
 472 H _   0.006 0.079 0.000 0.012 0.003 0.008 0.104 0.788 
 473 G _   0.006 0.080 0.000 0.013 0.003 0.008 0.102 0.786 
 474 F _   0.006 0.081 0.000 0.014 0.003 0.008 0.101 0.786 
 475 G _   0.005 0.082 0.000 0.013 0.003 0.008 0.099 0.788 
 476 T _   0.005 0.082 0.000 0.012 0.003 0.008 0.098 0.792 
 477 R _   0.005 0.082 0.000 0.011 0.003 0.007 0.096 0.797 
 478 P _   0.005 0.081 0.000 0.009 0.003 0.007 0.094 0.801 
 479 L _   0.004 0.082 0.000 0.008 0.002 0.007 0.092 0.804 
 480 D _   0.004 0.084 0.000 0.008 0.002 0.008 0.090 0.804 
 481 P _   0.005 0.089 0.000 0.008 0.003 0.008 0.087 0.800 
 482 G _   0.005 0.098 0.000 0.010 0.003 0.010 0.084 0.790 
 483 T _   0.006 0.114 0.001 0.013 0.005 0.011 0.080 0.770 
 484 A _   0.007 0.140 0.001 0.018 0.006 0.013 0.075 0.740 
 485 G _   0.007 0.173 0.001 0.024 0.008 0.015 0.070 0.702 
 486 P _   0.007 0.208 0.001 0.030 0.009 0.016 0.065 0.663 
 487 R _   0.007 0.240 0.001 0.035 0.010 0.016 0.061 0.630 
 488 V _   0.007 0.263 0.001 0.039 0.011 0.016 0.057 0.607 
 489 W _   0.006 0.278 0.001 0.040 0.011 0.015 0.054 0.594 
 490 Y _   0.006 0.286 0.001 0.040 0.010 0.015 0.052 0.590 
 491 R _   0.006 0.289 0.001 0.037 0.009 0.014 0.051 0.592 
 492 P _   0.006 0.288 0.001 0.034 0.009 0.013 0.050 0.600 
 493 I _   0.006 0.283 0.001 0.029 0.008 0.012 0.050 0.611 
 494 P _   0.006 0.275 0.001 0.025 0.007 0.012 0.049 0.625 
 495 S _   0.006 0.266 0.001 0.021 0.006 0.011 0.049 0.640 
 496 H _   0.006 0.256 0.001 0.018 0.005 0.010 0.049 0.654 
 497 M _   0.006 0.247 0.001 0.015 0.005 0.010 0.050 0.667 
 498 P _   0.006 0.239 0.001 0.014 0.005 0.010 0.050 0.677 
 499 S _   0.006 0.232 0.001 0.013 0.004 0.010 0.050 0.685 
 500 L _   0.006 0.227 0.001 0.013 0.004 0.010 0.050 0.690 
 501 H _   0.006 0.224 0.001 0.013 0.004 0.009 0.049 0.694 
 502 N _   0.006 0.222 0.001 0.013 0.004 0.009 0.049 0.696 
 503 I _   0.006 0.220 0.001 0.014 0.004 0.009 0.049 0.697 
 504 P _   0.006 0.219 0.001 0.014 0.004 0.009 0.049 0.698 
 505 V _   0.006 0.218 0.001 0.014 0.004 0.009 0.048 0.699 
 506 P _   0.006 0.216 0.001 0.014 0.004 0.009 0.048 0.701 
 507 E _   0.006 0.214 0.001 0.014 0.004 0.009 0.048 0.704 
 508 T _   0.006 0.212 0.001 0.014 0.004 0.009 0.048 0.706 
 509 N _   0.006 0.209 0.000 0.014 0.004 0.009 0.048 0.709 
 510 Y _   0.006 0.208 0.001 0.014 0.004 0.009 0.048 0.711 
 511 L _   0.006 0.206 0.001 0.015 0.004 0.010 0.047 0.711 
 512 G _   0.006 0.206 0.001 0.016 0.005 0.010 0.047 0.710 
 513 N _   0.006 0.205 0.001 0.018 0.005 0.010 0.047 0.709 
 514 T _   0.006 0.204 0.001 0.019 0.005 0.010 0.047 0.707 
 515 P _   0.006 0.202 0.001 0.021 0.005 0.010 0.048 0.707 
 516 T _   0.006 0.199 0.001 0.021 0.005 0.010 0.048 0.710 
 517 M _   0.006 0.193 0.001 0.021 0.005 0.009 0.048 0.716 
 518 P _   0.006 0.185 0.001 0.019 0.005 0.009 0.049 0.726 
 519 F _   0.005 0.176 0.001 0.017 0.004 0.008 0.050 0.740 
 520 S _   0.005 0.165 0.000 0.013 0.003 0.008 0.050 0.754 
 521 S _   0.005 0.155 0.000 0.011 0.003 0.007 0.051 0.768 
 522 L _   0.004 0.147 0.000 0.008 0.002 0.007 0.051 0.779 
 523 P _   0.004 0.143 0.000 0.007 0.002 0.007 0.051 0.786 
 524 P _   0.004 0.142 0.000 0.006 0.002 0.007 0.051 0.787 
 525 T _   0.004 0.144 0.000 0.007 0.002 0.008 0.050 0.784 
 526 D _   0.005 0.151 0.000 0.008 0.003 0.010 0.049 0.773 
 527 E _   0.006 0.166 0.001 0.011 0.004 0.012 0.047 0.754 
 528 S _   0.007 0.189 0.001 0.014 0.006 0.014 0.045 0.725 
 529 I _   0.008 0.222 0.001 0.018 0.007 0.016 0.042 0.686 
 530 K _   0.008 0.262 0.001 0.022 0.009 0.017 0.040 0.642 
 531 Y _   0.008 0.302 0.001 0.024 0.010 0.018 0.037 0.599 
 532 T _   0.008 0.342 0.001 0.025 0.011 0.019 0.035 0.559 
 533 I _   0.008 0.378 0.001 0.025 0.011 0.019 0.033 0.524 
 534 Y _   0.009 0.410 0.001 0.025 0.011 0.020 0.031 0.493 
 535 N _   0.009 0.439 0.001 0.024 0.012 0.020 0.030 0.466 
 536 S E   0.009 0.466 0.001 0.023 0.012 0.021 0.029 0.440 
 537 T E   0.009 0.492 0.001 0.022 0.012 0.021 0.027 0.416 
 538 G E   0.010 0.517 0.001 0.021 0.013 0.021 0.026 0.391 
 539 I E   0.010 0.543 0.001 0.021 0.013 0.020 0.026 0.366 
 540 Q E   0.010 0.567 0.001 0.021 0.013 0.020 0.025 0.343 
 541 I E   0.010 0.591 0.001 0.021 0.013 0.019 0.024 0.321 
 542 G E   0.009 0.612 0.001 0.022 0.013 0.018 0.024 0.301 
 543 A E   0.009 0.629 0.001 0.023 0.012 0.017 0.023 0.285 
 544 Y E   0.009 0.641 0.001 0.023 0.012 0.016 0.023 0.274 
 545 N E   0.008 0.649 0.001 0.024 0.011 0.015 0.024 0.268 
 546 Y E   0.008 0.652 0.001 0.024 0.010 0.014 0.024 0.267 
 547 M E   0.008 0.650 0.001 0.024 0.010 0.013 0.025 0.269 
 548 E E   0.007 0.644 0.001 0.024 0.009 0.013 0.026 0.276 
 549 I E   0.007 0.633 0.001 0.023 0.008 0.012 0.027 0.289 
 550 G E   0.007 0.616 0.001 0.023 0.008 0.011 0.028 0.306 
 551 G E   0.007 0.592 0.001 0.023 0.008 0.011 0.031 0.329 
 552 T E   0.007 0.561 0.001 0.022 0.007 0.011 0.033 0.358 
 553 S E   0.007 0.525 0.001 0.022 0.007 0.011 0.036 0.391 
 554 S E   0.007 0.484 0.001 0.022 0.007 0.011 0.040 0.428 
 555 S _   0.007 0.440 0.001 0.021 0.006 0.010 0.045 0.469 
 556 L _   0.007 0.397 0.001 0.020 0.006 0.010 0.049 0.510 
 557 L _   0.007 0.357 0.001 0.018 0.005 0.010 0.054 0.548 
 558 D _   0.007 0.322 0.001 0.016 0.004 0.009 0.058 0.584 
 559 S _   0.006 0.292 0.001 0.013 0.004 0.009 0.061 0.614 
 560 T _   0.006 0.268 0.000 0.011 0.003 0.008 0.064 0.639 
 561 N _   0.005 0.250 0.000 0.010 0.003 0.007 0.067 0.658 
 562 T _   0.005 0.237 0.000 0.008 0.002 0.007 0.069 0.672 
 563 N _   0.004 0.229 0.000 0.007 0.002 0.007 0.070 0.681 
 564 F _   0.004 0.225 0.000 0.007 0.002 0.007 0.071 0.685 
 565 K _   0.004 0.224 0.000 0.007 0.002 0.007 0.071 0.685 
 566 E _   0.004 0.226 0.000 0.008 0.002 0.008 0.071 0.681 
 567 E _   0.004 0.232 0.000 0.010 0.003 0.009 0.070 0.671 
 568 P _   0.004 0.244 0.000 0.013 0.004 0.010 0.070 0.656 
 569 A _   0.005 0.259 0.001 0.017 0.004 0.011 0.069 0.635 
 570 A _   0.005 0.277 0.001 0.022 0.005 0.011 0.068 0.611 
 571 K _   0.005 0.294 0.001 0.027 0.006 0.012 0.067 0.588 
 572 Y _   0.005 0.307 0.001 0.031 0.007 0.012 0.067 0.569 
 573 Q _   0.006 0.316 0.001 0.035 0.007 0.012 0.067 0.556 
 574 A _   0.006 0.319 0.001 0.036 0.008 0.012 0.068 0.550 
 575 I _   0.006 0.318 0.001 0.036 0.007 0.012 0.069 0.551 
 576 F _   0.006 0.312 0.001 0.034 0.007 0.011 0.072 0.557 
 577 D _   0.006 0.300 0.001 0.031 0.007 0.011 0.074 0.570 
 578 N _   0.006 0.281 0.001 0.027 0.006 0.010 0.078 0.590 
 579 T _   0.007 0.257 0.001 0.023 0.006 0.010 0.082 0.615 
 580 T _   0.007 0.230 0.001 0.018 0.005 0.009 0.087 0.643 
 581 S _   0.007 0.205 0.001 0.014 0.004 0.009 0.091 0.670 
 582 L _   0.006 0.185 0.000 0.011 0.003 0.008 0.095 0.692 
 583 T _   0.006 0.170 0.000 0.009 0.002 0.007 0.097 0.709 
 584 D _   0.005 0.161 0.000 0.007 0.002 0.007 0.099 0.718 
 585 K _   0.005 0.157 0.000 0.006 0.002 0.006 0.101 0.723 
 586 H _   0.004 0.156 0.000 0.006 0.002 0.007 0.101 0.723 
 587 L _   0.004 0.159 0.000 0.007 0.002 0.007 0.101 0.720 
 588 D _   0.004 0.164 0.000 0.008 0.002 0.007 0.101 0.712 
 589 P _   0.004 0.175 0.000 0.010 0.003 0.008 0.100 0.700 
 590 I _   0.004 0.189 0.000 0.012 0.003 0.009 0.099 0.683 
 591 R _   0.005 0.208 0.001 0.014 0.004 0.010 0.097 0.663 
 592 E _   0.005 0.229 0.001 0.016 0.004 0.010 0.095 0.640 
 593 N _   0.005 0.253 0.001 0.017 0.005 0.011 0.093 0.616 
 594 L _   0.005 0.276 0.001 0.018 0.005 0.012 0.091 0.592 
 595 G _   0.005 0.300 0.001 0.019 0.006 0.012 0.089 0.568 
 596 K _   0.005 0.325 0.001 0.020 0.006 0.013 0.088 0.543 
 597 H _   0.005 0.349 0.001 0.020 0.007 0.014 0.086 0.518 
 598 W _   0.006 0.374 0.001 0.021 0.008 0.015 0.085 0.491 
 599 K _   0.006 0.400 0.001 0.023 0.008 0.015 0.084 0.462 
 600 N _   0.007 0.425 0.001 0.025 0.009 0.016 0.083 0.434 
 601 C E   0.007 0.447 0.001 0.028 0.010 0.016 0.082 0.408 
 602 A E   0.008 0.467 0.001 0.031 0.011 0.017 0.082 0.384 
 603 R E   0.008 0.481 0.001 0.034 0.011 0.016 0.083 0.366 
 604 K E   0.008 0.489 0.001 0.037 0.011 0.016 0.084 0.354 
 605 L E   0.008 0.491 0.001 0.039 0.011 0.016 0.086 0.347 
 606 G E   0.009 0.488 0.001 0.040 0.011 0.015 0.089 0.347 
 607 F E   0.009 0.478 0.001 0.040 0.011 0.015 0.092 0.353 
 608 T E   0.009 0.460 0.001 0.040 0.011 0.014 0.097 0.368 
 609 Q E   0.010 0.427 0.001 0.039 0.011 0.014 0.105 0.394 
 610 S _   0.010 0.380 0.001 0.036 0.011 0.013 0.115 0.433 
 611 Q _   0.011 0.317 0.002 0.033 0.010 0.013 0.127 0.487 
 612 I _   0.011 0.244 0.001 0.029 0.009 0.013 0.142 0.550 
 613 D _   0.011 0.173 0.001 0.023 0.007 0.012 0.157 0.615 
 614 E _   0.011 0.114 0.001 0.018 0.005 0.011 0.171 0.670 
 615 I _   0.009 0.072 0.001 0.012 0.004 0.009 0.182 0.711 
 616 D _   0.008 0.045 0.000 0.009 0.003 0.008 0.189 0.739 
 617 H _   0.006 0.030 0.000 0.006 0.002 0.006 0.194 0.756 
 618 D _   0.005 0.021 0.000 0.004 0.001 0.006 0.198 0.765 
 619 Y _   0.004 0.017 0.000 0.003 0.001 0.005 0.199 0.769 
 620 E _   0.004 0.016 0.000 0.003 0.001 0.005 0.200 0.770 
 621 R _   0.004 0.016 0.000 0.003 0.001 0.006 0.200 0.769 
 622 D _   0.004 0.017 0.000 0.004 0.002 0.008 0.199 0.766 
 623 G _   0.005 0.021 0.000 0.006 0.002 0.010 0.197 0.758 
 624 L _   0.006 0.028 0.000 0.009 0.003 0.013 0.194 0.746 
 625 K _   0.008 0.039 0.001 0.014 0.005 0.016 0.191 0.727 
 626 E _   0.009 0.054 0.001 0.019 0.008 0.020 0.187 0.703 
 627 K _   0.011 0.070 0.001 0.025 0.010 0.023 0.183 0.677 
 628 V _   0.012 0.086 0.001 0.031 0.013 0.026 0.179 0.652 
 629 Y _   0.013 0.098 0.001 0.036 0.015 0.028 0.177 0.633 
 630 Q _   0.014 0.106 0.001 0.039 0.016 0.030 0.175 0.619 
 631 M _   0.015 0.111 0.001 0.041 0.018 0.030 0.173 0.611 
 632 L _   0.016 0.113 0.001 0.040 0.018 0.030 0.173 0.608 
 633 Q _   0.017 0.112 0.001 0.039 0.018 0.030 0.174 0.610 
 634 K _   0.017 0.108 0.001 0.036 0.017 0.029 0.175 0.618 
 635 W _   0.018 0.101 0.001 0.031 0.016 0.027 0.176 0.629 
 636 V _   0.018 0.091 0.001 0.027 0.014 0.026 0.179 0.644 
 637 M _   0.018 0.079 0.001 0.022 0.012 0.025 0.182 0.661 
 638 R _   0.018 0.067 0.001 0.018 0.010 0.023 0.185 0.678 
 639 E _   0.018 0.055 0.001 0.014 0.009 0.022 0.188 0.693 
 640 G _   0.018 0.045 0.001 0.011 0.008 0.022 0.191 0.705 
 641 I _   0.018 0.038 0.001 0.009 0.007 0.022 0.194 0.712 
 642 K _   0.018 0.033 0.001 0.009 0.007 0.022 0.196 0.714 
 643 G _   0.019 0.030 0.001 0.009 0.007 0.023 0.199 0.713 
 644 A _   0.020 0.029 0.001 0.010 0.008 0.024 0.201 0.708 
 645 T _   0.022 0.028 0.001 0.011 0.009 0.026 0.204 0.700 
 646 V _   0.023 0.028 0.001 0.014 0.010 0.028 0.206 0.690 
 647 G _   0.024 0.028 0.001 0.016 0.011 0.029 0.209 0.681 
 648 K _   0.025 0.028 0.001 0.018 0.012 0.030 0.213 0.672 
 649 L _   0.027 0.027 0.001 0.020 0.013 0.031 0.216 0.665 
 650 A _   0.028 0.025 0.001 0.020 0.013 0.032 0.221 0.661 
 651 Q _   0.030 0.022 0.001 0.018 0.013 0.033 0.225 0.658 
 652 A _   0.033 0.018 0.001 0.016 0.012 0.033 0.230 0.657 
 653 L _   0.036 0.014 0.001 0.013 0.012 0.034 0.235 0.655 
 654 H _   0.042 0.011 0.001 0.010 0.011 0.035 0.241 0.649 
 655 Q _   0.051 0.008 0.001 0.007 0.011 0.037 0.246 0.639 
 656 C _   0.061 0.006 0.001 0.006 0.011 0.040 0.252 0.624 
 657 S _   0.073 0.006 0.001 0.005 0.013 0.043 0.257 0.602 
 658 R _   0.089 0.006 0.001 0.005 0.016 0.047 0.263 0.573 
 659 I _   0.105 0.008 0.001 0.006 0.022 0.051 0.269 0.538 
 660 D _   0.121 0.013 0.002 0.009 0.029 0.055 0.277 0.495 
 661 L _   0.133 0.021 0.002 0.013 0.036 0.058 0.287 0.450 
 662 L _   0.139 0.031 0.002 0.019 0.042 0.058 0.299 0.410 
 663 S _   0.137 0.042 0.003 0.024 0.045 0.056 0.313 0.380 
