#TopoPred_TM8: 8-state transmembrane topology prediction results by no_profile mode 
#probabilities are in the order of H E C I L F X _, the 8 transmembrane topology types used in PDBTM 
   1 M X   0.011 0.001 0.002 0.051 0.010 0.010 0.807 0.107 
   2 G X   0.006 0.000 0.000 0.033 0.002 0.006 0.833 0.120 
   3 T X   0.003 0.000 0.000 0.020 0.001 0.005 0.840 0.131 
   4 V X   0.002 0.000 0.000 0.014 0.001 0.005 0.840 0.138 
   5 L X   0.003 0.000 0.000 0.010 0.001 0.005 0.836 0.145 
   6 S X   0.003 0.000 0.000 0.007 0.001 0.005 0.830 0.153 
   7 L X   0.003 0.001 0.000 0.005 0.001 0.005 0.824 0.160 
   8 S X   0.003 0.001 0.000 0.004 0.001 0.005 0.816 0.169 
   9 P X   0.003 0.001 0.000 0.004 0.001 0.005 0.807 0.177 
  10 S X   0.003 0.002 0.000 0.004 0.002 0.006 0.798 0.185 
  11 Y X   0.003 0.003 0.000 0.005 0.002 0.006 0.787 0.193 
  12 R X   0.003 0.005 0.000 0.006 0.002 0.007 0.776 0.201 
  13 K X   0.003 0.007 0.000 0.007 0.003 0.007 0.764 0.208 
  14 A X   0.004 0.010 0.000 0.007 0.003 0.008 0.752 0.215 
  15 T X   0.004 0.014 0.000 0.008 0.004 0.009 0.740 0.221 
  16 L X   0.004 0.019 0.001 0.009 0.004 0.010 0.727 0.226 
  17 F X   0.005 0.025 0.001 0.011 0.005 0.011 0.713 0.229 
  18 E X   0.005 0.032 0.001 0.013 0.006 0.012 0.700 0.231 
  19 D X   0.006 0.041 0.001 0.015 0.007 0.013 0.687 0.231 
  20 G X   0.007 0.051 0.001 0.018 0.008 0.014 0.674 0.228 
  21 A X   0.007 0.061 0.001 0.022 0.009 0.015 0.661 0.224 
  22 A X   0.008 0.070 0.001 0.026 0.010 0.015 0.650 0.220 
  23 T X   0.008 0.077 0.001 0.030 0.011 0.015 0.642 0.217 
  24 V X   0.008 0.081 0.001 0.033 0.011 0.015 0.635 0.216 
  25 G X   0.008 0.083 0.001 0.035 0.010 0.014 0.631 0.219 
  26 H X   0.008 0.082 0.001 0.034 0.009 0.013 0.628 0.225 
  27 Y X   0.007 0.079 0.001 0.032 0.008 0.011 0.626 0.235 
  28 T X   0.007 0.072 0.001 0.027 0.007 0.010 0.626 0.250 
  29 A X   0.006 0.062 0.001 0.021 0.005 0.008 0.627 0.268 
  30 V X   0.006 0.048 0.001 0.016 0.004 0.007 0.629 0.290 
  31 Q X   0.005 0.034 0.000 0.010 0.003 0.006 0.630 0.312 
  32 N X   0.004 0.022 0.000 0.007 0.002 0.005 0.631 0.329 
  33 S X   0.003 0.015 0.000 0.004 0.001 0.004 0.630 0.342 
  34 K X   0.003 0.011 0.000 0.003 0.001 0.003 0.628 0.351 
  35 N X   0.002 0.009 0.000 0.002 0.001 0.003 0.625 0.358 
  36 A X   0.002 0.009 0.000 0.002 0.001 0.003 0.621 0.363 
  37 K X   0.002 0.009 0.000 0.002 0.001 0.004 0.615 0.368 
  38 D X   0.002 0.010 0.000 0.003 0.001 0.005 0.607 0.371 
  39 K X   0.003 0.013 0.000 0.004 0.002 0.007 0.597 0.374 
  40 N X   0.004 0.020 0.000 0.007 0.003 0.009 0.585 0.373 
  41 L X   0.005 0.032 0.001 0.011 0.004 0.012 0.569 0.367 
  42 K X   0.006 0.050 0.001 0.015 0.007 0.016 0.550 0.356 
  43 R X   0.007 0.073 0.001 0.020 0.009 0.020 0.530 0.340 
  44 H X   0.008 0.098 0.001 0.024 0.012 0.023 0.511 0.322 
  45 S X   0.010 0.124 0.001 0.028 0.015 0.025 0.493 0.304 
  46 I X   0.012 0.147 0.001 0.031 0.017 0.028 0.477 0.287 
  47 I X   0.013 0.167 0.001 0.034 0.019 0.029 0.464 0.272 
  48 S X   0.015 0.183 0.001 0.036 0.021 0.030 0.453 0.261 
  49 V X   0.017 0.194 0.001 0.038 0.022 0.030 0.445 0.253 
  50 L X   0.018 0.201 0.001 0.039 0.022 0.030 0.439 0.249 
  51 P X   0.019 0.205 0.001 0.039 0.022 0.029 0.435 0.249 
  52 W X   0.020 0.205 0.001 0.040 0.021 0.027 0.433 0.254 
  53 K X   0.020 0.202 0.001 0.039 0.019 0.025 0.432 0.262 
  54 R X   0.019 0.195 0.001 0.037 0.017 0.023 0.432 0.276 
  55 I X   0.018 0.183 0.001 0.034 0.014 0.021 0.434 0.295 
  56 V X   0.017 0.165 0.001 0.030 0.012 0.018 0.437 0.320 
  57 A X   0.016 0.141 0.001 0.025 0.010 0.016 0.441 0.351 
  58 V X   0.014 0.114 0.001 0.020 0.007 0.013 0.446 0.385 
  59 S X   0.012 0.086 0.001 0.015 0.006 0.011 0.450 0.419 
  60 A X   0.011 0.061 0.001 0.011 0.004 0.009 0.454 0.449 
  61 K _   0.009 0.043 0.000 0.008 0.003 0.008 0.456 0.473 
  62 K _   0.007 0.032 0.000 0.006 0.002 0.006 0.458 0.489 
  63 K _   0.006 0.025 0.000 0.004 0.002 0.005 0.458 0.499 
  64 N _   0.005 0.021 0.000 0.004 0.001 0.005 0.458 0.506 
  65 S _   0.004 0.019 0.000 0.003 0.001 0.005 0.456 0.511 
  66 K _   0.004 0.019 0.000 0.004 0.001 0.004 0.454 0.515 
  67 K _   0.004 0.019 0.000 0.004 0.001 0.004 0.450 0.518 
  68 V _   0.004 0.020 0.000 0.005 0.001 0.005 0.445 0.520 
  69 Q _   0.004 0.022 0.000 0.006 0.002 0.005 0.440 0.522 
  70 P _   0.003 0.025 0.000 0.008 0.002 0.006 0.433 0.523 
  71 N _   0.003 0.029 0.000 0.010 0.002 0.006 0.426 0.523 
  72 S _   0.003 0.034 0.000 0.012 0.003 0.006 0.419 0.523 
  73 S _   0.003 0.039 0.000 0.014 0.003 0.007 0.412 0.523 
  74 Y _   0.003 0.044 0.000 0.015 0.003 0.007 0.405 0.523 
  75 Q _   0.003 0.048 0.000 0.016 0.003 0.007 0.398 0.524 
  76 N _   0.003 0.052 0.000 0.017 0.003 0.007 0.392 0.525 
  77 N _   0.003 0.055 0.000 0.016 0.003 0.007 0.386 0.529 
  78 I _   0.003 0.058 0.000 0.015 0.003 0.007 0.381 0.533 
  79 T _   0.003 0.059 0.000 0.014 0.003 0.006 0.377 0.538 
  80 H _   0.003 0.061 0.000 0.012 0.002 0.006 0.372 0.544 
  81 L _   0.003 0.062 0.000 0.011 0.002 0.006 0.368 0.549 
  82 N _   0.003 0.063 0.000 0.009 0.002 0.006 0.363 0.554 
  83 N _   0.003 0.066 0.000 0.008 0.002 0.006 0.358 0.557 
  84 E _   0.003 0.069 0.000 0.008 0.002 0.007 0.352 0.558 
  85 N _   0.003 0.075 0.000 0.009 0.002 0.007 0.346 0.556 
  86 L _   0.004 0.085 0.000 0.011 0.003 0.009 0.339 0.550 
  87 K _   0.004 0.099 0.001 0.014 0.004 0.010 0.331 0.538 
  88 K _   0.005 0.119 0.001 0.018 0.005 0.012 0.321 0.519 
  89 S _   0.005 0.144 0.001 0.025 0.007 0.013 0.311 0.494 
  90 L _   0.005 0.170 0.001 0.032 0.008 0.014 0.302 0.467 
  91 S _   0.006 0.193 0.001 0.039 0.009 0.015 0.294 0.443 
  92 C _   0.006 0.210 0.001 0.045 0.010 0.015 0.288 0.424 
  93 A _   0.006 0.220 0.001 0.050 0.010 0.015 0.285 0.413 
  94 N _   0.007 0.223 0.001 0.052 0.010 0.015 0.283 0.409 
  95 L _   0.007 0.222 0.001 0.051 0.010 0.014 0.283 0.412 
  96 S _   0.008 0.215 0.001 0.048 0.009 0.013 0.284 0.423 
  97 T _   0.008 0.199 0.001 0.042 0.008 0.012 0.287 0.442 
  98 F _   0.008 0.173 0.001 0.035 0.007 0.012 0.291 0.472 
  99 A _   0.009 0.139 0.001 0.027 0.006 0.011 0.297 0.510 
 100 Q _   0.009 0.099 0.001 0.020 0.005 0.009 0.304 0.553 
 101 P _   0.008 0.064 0.001 0.014 0.004 0.008 0.309 0.592 
 102 P _   0.008 0.039 0.000 0.009 0.003 0.007 0.314 0.621 
 103 P _   0.007 0.025 0.000 0.006 0.002 0.006 0.316 0.639 
 104 A _   0.006 0.017 0.000 0.004 0.001 0.005 0.317 0.651 
 105 Q _   0.005 0.013 0.000 0.003 0.001 0.004 0.316 0.658 
 106 P _   0.004 0.011 0.000 0.003 0.001 0.004 0.314 0.663 
 107 P _   0.004 0.011 0.000 0.003 0.001 0.004 0.310 0.666 
 108 A _   0.004 0.012 0.000 0.004 0.001 0.005 0.305 0.669 
 109 P _   0.004 0.014 0.000 0.006 0.002 0.006 0.297 0.671 
 110 P _   0.004 0.018 0.000 0.009 0.002 0.008 0.287 0.671 
 111 A _   0.004 0.024 0.000 0.014 0.003 0.009 0.276 0.669 
 112 S _   0.005 0.032 0.001 0.020 0.004 0.010 0.263 0.666 
 113 Q _   0.005 0.040 0.001 0.027 0.005 0.011 0.249 0.662 
 114 L _   0.004 0.047 0.001 0.033 0.006 0.012 0.236 0.660 
 115 S _   0.004 0.053 0.001 0.038 0.007 0.012 0.225 0.660 
 116 G _   0.004 0.056 0.001 0.040 0.007 0.012 0.216 0.664 
 117 S _   0.004 0.057 0.001 0.040 0.006 0.012 0.208 0.672 
 118 Q _   0.004 0.056 0.001 0.037 0.006 0.011 0.202 0.683 
 119 T _   0.004 0.053 0.001 0.033 0.005 0.010 0.196 0.698 
 120 G _   0.004 0.048 0.001 0.027 0.005 0.009 0.191 0.715 
 121 G _   0.004 0.042 0.001 0.021 0.004 0.008 0.187 0.733 
 122 S _   0.004 0.034 0.000 0.016 0.003 0.008 0.183 0.751 
 123 S _   0.004 0.028 0.000 0.012 0.003 0.007 0.180 0.766 
 124 S _   0.004 0.023 0.000 0.010 0.002 0.007 0.176 0.779 
 125 V _   0.004 0.019 0.000 0.008 0.002 0.007 0.171 0.788 
 126 K _   0.004 0.017 0.000 0.008 0.002 0.007 0.167 0.795 
 127 K _   0.004 0.016 0.000 0.008 0.002 0.008 0.162 0.799 
 128 A _   0.004 0.015 0.000 0.010 0.003 0.009 0.156 0.802 
 129 P _   0.005 0.015 0.000 0.012 0.004 0.010 0.150 0.803 
 130 H _   0.005 0.016 0.001 0.014 0.004 0.012 0.145 0.804 
 131 P _   0.006 0.016 0.001 0.016 0.005 0.013 0.139 0.804 
 132 A _   0.007 0.016 0.001 0.018 0.006 0.015 0.133 0.805 
 133 V _   0.008 0.016 0.001 0.019 0.006 0.016 0.127 0.807 
 134 T _   0.009 0.015 0.001 0.018 0.007 0.018 0.122 0.811 
 135 S _   0.010 0.013 0.001 0.017 0.007 0.020 0.117 0.815 
 136 A _   0.012 0.011 0.001 0.016 0.007 0.022 0.113 0.818 
 137 G _   0.015 0.009 0.001 0.014 0.008 0.025 0.109 0.820 
 138 T _   0.019 0.008 0.001 0.012 0.009 0.028 0.104 0.819 
 139 P _   0.025 0.006 0.001 0.011 0.009 0.032 0.100 0.815 
 140 K _   0.034 0.005 0.001 0.011 0.011 0.036 0.096 0.807 
 141 R _   0.045 0.004 0.001 0.011 0.013 0.040 0.092 0.794 
 142 V _   0.059 0.003 0.001 0.011 0.015 0.045 0.087 0.778 
 143 I _   0.075 0.003 0.001 0.011 0.017 0.050 0.083 0.759 
 144 V _   0.095 0.003 0.001 0.011 0.020 0.054 0.079 0.738 
 145 Q _   0.116 0.002 0.001 0.010 0.023 0.057 0.074 0.715 
 146 A _   0.141 0.002 0.002 0.010 0.026 0.061 0.070 0.690 
 147 S _   0.168 0.001 0.002 0.009 0.029 0.064 0.066 0.661 
 148 T _   0.197 0.001 0.002 0.008 0.033 0.066 0.062 0.631 
 149 S _   0.229 0.001 0.002 0.007 0.036 0.068 0.059 0.598 
 150 E _   0.259 0.001 0.002 0.007 0.040 0.069 0.056 0.566 
 151 L _   0.288 0.001 0.002 0.007 0.043 0.069 0.054 0.535 
 152 L _   0.313 0.002 0.002 0.008 0.046 0.068 0.053 0.509 
 153 R _   0.330 0.002 0.002 0.009 0.048 0.066 0.052 0.491 
 154 C _   0.339 0.003 0.002 0.010 0.048 0.063 0.052 0.483 
 155 L _   0.340 0.004 0.002 0.011 0.047 0.060 0.052 0.484 
 156 G _   0.334 0.004 0.002 0.013 0.044 0.057 0.053 0.494 
 157 E _   0.319 0.005 0.002 0.014 0.041 0.053 0.054 0.513 
 158 F _   0.296 0.005 0.002 0.014 0.036 0.048 0.055 0.543 
 159 L _   0.267 0.005 0.002 0.015 0.031 0.043 0.057 0.581 
 160 C _   0.231 0.004 0.002 0.014 0.025 0.038 0.059 0.626 
 161 R _   0.192 0.004 0.002 0.014 0.019 0.033 0.062 0.675 
 162 R _   0.152 0.003 0.001 0.012 0.014 0.027 0.064 0.726 
 163 C _   0.114 0.002 0.001 0.011 0.010 0.022 0.067 0.773 
 164 Y _   0.083 0.001 0.001 0.009 0.007 0.018 0.068 0.813 
 165 R _   0.059 0.001 0.001 0.007 0.005 0.014 0.069 0.845 
 166 L _   0.040 0.001 0.000 0.005 0.003 0.011 0.070 0.869 
 167 K _   0.028 0.000 0.000 0.004 0.002 0.009 0.070 0.886 
 168 H _   0.019 0.000 0.000 0.003 0.002 0.008 0.070 0.898 
 169 L _   0.014 0.000 0.000 0.003 0.002 0.008 0.069 0.905 
 170 S _   0.011 0.001 0.000 0.003 0.002 0.008 0.068 0.908 
 171 P _   0.010 0.001 0.000 0.003 0.002 0.009 0.066 0.908 
 172 T _   0.010 0.003 0.000 0.005 0.003 0.010 0.064 0.904 
 173 D _   0.011 0.007 0.000 0.007 0.004 0.013 0.062 0.896 
 174 P _   0.012 0.013 0.001 0.011 0.006 0.015 0.059 0.883 
 175 V _   0.014 0.020 0.001 0.015 0.007 0.017 0.056 0.869 
 176 L _   0.014 0.029 0.001 0.020 0.009 0.019 0.053 0.854 
 177 W _   0.015 0.036 0.001 0.024 0.010 0.021 0.050 0.843 
 178 L _   0.015 0.042 0.001 0.027 0.011 0.022 0.047 0.835 
 179 R _   0.014 0.046 0.001 0.028 0.012 0.022 0.044 0.832 
 180 S _   0.014 0.049 0.001 0.028 0.012 0.022 0.042 0.831 
 181 V _   0.014 0.050 0.001 0.029 0.012 0.022 0.040 0.832 
 182 D _   0.014 0.050 0.001 0.028 0.012 0.022 0.038 0.834 
 183 R _   0.014 0.049 0.001 0.028 0.012 0.021 0.036 0.838 
 184 S _   0.015 0.047 0.001 0.027 0.011 0.021 0.035 0.843 
 185 L _   0.015 0.044 0.001 0.026 0.010 0.020 0.033 0.850 
 186 L _   0.016 0.039 0.001 0.024 0.010 0.018 0.032 0.860 
 187 L _   0.016 0.033 0.001 0.021 0.009 0.017 0.031 0.872 
 188 Q _   0.018 0.025 0.001 0.018 0.007 0.016 0.030 0.886 
 189 G _   0.021 0.018 0.001 0.014 0.006 0.015 0.028 0.898 
 190 W _   0.026 0.011 0.001 0.010 0.005 0.014 0.027 0.907 
 191 Q _   0.034 0.005 0.001 0.007 0.005 0.013 0.026 0.910 
 192 D _   0.048 0.002 0.001 0.004 0.004 0.013 0.024 0.904 
 193 Q _   0.069 0.001 0.001 0.003 0.004 0.013 0.022 0.887 
 194 G _   0.103 0.000 0.001 0.002 0.005 0.014 0.020 0.855 
 195 F _   0.154 0.000 0.001 0.002 0.006 0.016 0.018 0.804 
 196 I _   0.224 0.000 0.001 0.002 0.008 0.018 0.015 0.732 
 197 T _   0.315 0.000 0.001 0.002 0.011 0.021 0.012 0.638 
 198 P _   0.417 0.000 0.001 0.002 0.015 0.024 0.010 0.532 
 199 A H   0.517 0.000 0.001 0.002 0.020 0.026 0.007 0.426 
 200 N H   0.605 0.000 0.002 0.002 0.026 0.028 0.006 0.333 
 201 V H   0.672 0.000 0.002 0.002 0.031 0.028 0.005 0.261 
 202 V H   0.718 0.000 0.002 0.002 0.034 0.027 0.004 0.213 
 203 F H   0.746 0.000 0.002 0.002 0.036 0.026 0.004 0.185 
 204 L H   0.755 0.000 0.002 0.003 0.037 0.025 0.004 0.175 
 205 Y H   0.750 0.000 0.002 0.003 0.038 0.024 0.004 0.179 
 206 M H   0.731 0.000 0.002 0.004 0.038 0.023 0.004 0.199 
 207 L H   0.695 0.000 0.002 0.004 0.036 0.022 0.004 0.236 
 208 C H   0.641 0.000 0.002 0.005 0.032 0.021 0.005 0.294 
 209 R H   0.570 0.000 0.002 0.005 0.027 0.019 0.006 0.371 
 210 D H   0.485 0.000 0.002 0.005 0.021 0.017 0.007 0.463 
 211 V _   0.398 0.000 0.001 0.004 0.015 0.015 0.008 0.558 
 212 I _   0.315 0.000 0.001 0.004 0.010 0.013 0.009 0.649 
 213 S _   0.243 0.000 0.001 0.003 0.006 0.010 0.009 0.727 
 214 S _   0.190 0.000 0.001 0.002 0.004 0.008 0.010 0.786 
 215 E _   0.155 0.000 0.000 0.001 0.003 0.007 0.010 0.823 
 216 V _   0.139 0.000 0.000 0.001 0.002 0.006 0.010 0.842 
 217 G _   0.138 0.000 0.000 0.001 0.002 0.006 0.009 0.843 
 218 S _   0.155 0.000 0.000 0.001 0.002 0.007 0.009 0.826 
 219 D _   0.198 0.000 0.000 0.001 0.003 0.008 0.008 0.781 
 220 H _   0.275 0.000 0.001 0.001 0.005 0.011 0.007 0.700 
 221 E _   0.383 0.000 0.001 0.001 0.008 0.014 0.006 0.587 
 222 L H   0.504 0.000 0.001 0.001 0.012 0.017 0.005 0.460 
 223 Q H   0.611 0.000 0.001 0.001 0.018 0.019 0.005 0.345 
 224 A H   0.692 0.000 0.001 0.001 0.023 0.020 0.004 0.259 
 225 V H   0.747 0.000 0.001 0.002 0.026 0.020 0.004 0.200 
 226 L H   0.779 0.000 0.001 0.002 0.029 0.019 0.004 0.165 
 227 L H   0.792 0.000 0.002 0.002 0.031 0.019 0.005 0.150 
 228 T H   0.792 0.000 0.002 0.002 0.032 0.018 0.006 0.149 
 229 C H   0.776 0.000 0.002 0.003 0.032 0.017 0.007 0.163 
 230 L H   0.742 0.000 0.002 0.003 0.031 0.017 0.009 0.196 
 231 Y H   0.687 0.000 0.002 0.003 0.029 0.017 0.011 0.250 
 232 L H   0.611 0.000 0.002 0.003 0.025 0.016 0.015 0.327 
 233 S H   0.518 0.000 0.002 0.003 0.020 0.015 0.020 0.422 
 234 Y _   0.415 0.000 0.002 0.003 0.015 0.014 0.025 0.526 
 235 S _   0.312 0.000 0.001 0.003 0.010 0.013 0.031 0.629 
 236 Y _   0.224 0.000 0.001 0.003 0.007 0.012 0.037 0.716 
 237 M _   0.154 0.000 0.001 0.003 0.005 0.011 0.042 0.784 
 238 G _   0.104 0.000 0.001 0.003 0.004 0.010 0.047 0.832 
 239 N _   0.070 0.000 0.000 0.003 0.003 0.010 0.050 0.863 
 240 E _   0.048 0.000 0.000 0.003 0.003 0.010 0.053 0.883 
 241 I _   0.035 0.000 0.000 0.003 0.003 0.010 0.055 0.893 
 242 S _   0.027 0.000 0.000 0.004 0.003 0.011 0.057 0.897 
 243 Y _   0.023 0.000 0.000 0.004 0.003 0.012 0.059 0.897 
 244 P _   0.021 0.001 0.000 0.006 0.004 0.014 0.061 0.893 
 245 L _   0.020 0.001 0.001 0.008 0.005 0.017 0.062 0.887 
 246 K _   0.021 0.001 0.001 0.010 0.007 0.019 0.063 0.879 
 247 P _   0.022 0.002 0.001 0.012 0.008 0.022 0.065 0.870 
 248 F _   0.024 0.002 0.001 0.013 0.009 0.024 0.066 0.861 
 249 L _   0.028 0.002 0.001 0.014 0.010 0.026 0.067 0.852 
 250 V _   0.032 0.002 0.001 0.014 0.011 0.028 0.069 0.843 
 251 E _   0.039 0.002 0.001 0.013 0.011 0.030 0.070 0.834 
 252 S _   0.047 0.002 0.001 0.011 0.011 0.032 0.072 0.824 
 253 C _   0.059 0.001 0.001 0.009 0.011 0.034 0.074 0.812 
 254 K _   0.073 0.001 0.001 0.007 0.012 0.036 0.075 0.795 
 255 E _   0.092 0.001 0.001 0.005 0.013 0.039 0.077 0.772 
 256 A _   0.116 0.000 0.001 0.005 0.015 0.042 0.079 0.743 
 257 F _   0.144 0.000 0.001 0.004 0.018 0.046 0.081 0.707 
 258 W _   0.175 0.000 0.001 0.004 0.022 0.050 0.083 0.664 
 259 D _   0.206 0.001 0.002 0.005 0.028 0.054 0.086 0.619 
 260 R _   0.235 0.001 0.002 0.006 0.035 0.057 0.090 0.574 
 261 C _   0.259 0.002 0.002 0.008 0.041 0.060 0.095 0.532 
 262 L _   0.276 0.004 0.002 0.011 0.047 0.061 0.101 0.498 
 263 S _   0.283 0.005 0.003 0.014 0.050 0.060 0.109 0.475 
 264 V _   0.282 0.007 0.003 0.017 0.051 0.058 0.118 0.464 
 265 I _   0.273 0.008 0.003 0.019 0.049 0.055 0.129 0.464 
 266 N _   0.255 0.008 0.003 0.020 0.045 0.051 0.142 0.475 
 267 L _   0.230 0.008 0.002 0.020 0.039 0.046 0.157 0.496 
 268 M _   0.200 0.007 0.002 0.019 0.032 0.041 0.174 0.525 
 269 S _   0.167 0.006 0.002 0.016 0.025 0.036 0.191 0.558 
 270 S _   0.134 0.004 0.002 0.013 0.018 0.030 0.209 0.590 
 271 K _   0.103 0.003 0.001 0.010 0.012 0.025 0.227 0.619 
 272 M _   0.076 0.002 0.001 0.007 0.008 0.021 0.243 0.641 
 273 L _   0.055 0.001 0.001 0.006 0.006 0.018 0.257 0.657 
 274 Q _   0.040 0.001 0.001 0.004 0.004 0.016 0.268 0.665 
 275 I _   0.030 0.001 0.000 0.004 0.004 0.014 0.279 0.667 
 276 N _   0.024 0.002 0.000 0.004 0.004 0.014 0.288 0.663 
 277 A _   0.020 0.004 0.000 0.006 0.004 0.015 0.296 0.654 
 278 D _   0.018 0.007 0.001 0.009 0.005 0.016 0.304 0.640 
 279 P _   0.017 0.013 0.001 0.014 0.007 0.017 0.313 0.619 
 280 H _   0.016 0.020 0.001 0.020 0.009 0.018 0.321 0.593 
 281 Y _   0.016 0.028 0.001 0.028 0.011 0.019 0.331 0.566 
 282 F _   0.015 0.035 0.001 0.035 0.012 0.019 0.342 0.541 
 283 T _   0.014 0.039 0.001 0.040 0.012 0.019 0.356 0.520 
 284 Q _   0.012 0.040 0.001 0.041 0.012 0.017 0.371 0.506 
 285 V _   0.011 0.040 0.001 0.038 0.010 0.016 0.388 0.495 
 286 F _   0.010 0.038 0.001 0.033 0.008 0.014 0.407 0.489 
 287 S _   0.008 0.034 0.001 0.026 0.007 0.011 0.428 0.485 
 288 D _   0.007 0.029 0.001 0.019 0.005 0.009 0.448 0.482 
 289 L _   0.006 0.024 0.000 0.012 0.003 0.007 0.468 0.478 
 290 K X   0.005 0.020 0.000 0.008 0.002 0.006 0.485 0.473 
 291 N X   0.004 0.018 0.000 0.005 0.002 0.005 0.499 0.467 
 292 E X   0.004 0.017 0.000 0.004 0.001 0.004 0.510 0.460 
 293 S X   0.003 0.017 0.000 0.003 0.001 0.004 0.519 0.452 
 294 G X   0.003 0.018 0.000 0.004 0.001 0.005 0.526 0.443 
 295 Q X   0.004 0.021 0.000 0.005 0.001 0.006 0.531 0.432 
 296 E X   0.004 0.027 0.000 0.007 0.002 0.007 0.536 0.417 
 297 D X   0.004 0.036 0.000 0.010 0.003 0.008 0.540 0.398 
 298 K X   0.005 0.049 0.000 0.015 0.003 0.008 0.543 0.376 
 299 K X   0.004 0.064 0.000 0.020 0.004 0.009 0.545 0.354 
 300 R X   0.004 0.077 0.001 0.024 0.005 0.008 0.548 0.334 
 301 L X   0.003 0.087 0.000 0.027 0.004 0.007 0.552 0.319 
 302 L X   0.002 0.092 0.000 0.027 0.004 0.005 0.557 0.311 
 303 L X   0.001 0.094 0.000 0.025 0.002 0.003 0.564 0.309 
 304 G X   0.001 0.092 0.000 0.020 0.001 0.002 0.571 0.314 
 305 L X   0.000 0.088 0.000 0.015 0.000 0.001 0.573 0.323 
 306 D X   0.000 0.083 0.000 0.014 0.000 0.001 0.570 0.331 
 307 R X   0.003 0.079 0.001 0.022 0.003 0.003 0.558 0.331 
