#TopoPred_TM8: 8-state transmembrane topology prediction results by no_profile mode 
#probabilities are in the order of H E C I L F X _, the 8 transmembrane topology types used in PDBTM 
   1 M X   0.015 0.002 0.002 0.046 0.009 0.009 0.619 0.299 
   2 A X   0.004 0.001 0.000 0.022 0.001 0.004 0.632 0.336 
   3 S X   0.001 0.001 0.000 0.011 0.000 0.002 0.633 0.353 
   4 N X   0.001 0.002 0.000 0.009 0.000 0.003 0.627 0.359 
   5 P X   0.002 0.006 0.000 0.012 0.001 0.006 0.615 0.359 
   6 E X   0.004 0.016 0.000 0.019 0.003 0.011 0.594 0.352 
   7 R X   0.006 0.040 0.001 0.031 0.006 0.017 0.565 0.335 
   8 G X   0.008 0.078 0.001 0.047 0.009 0.021 0.526 0.309 
   9 E X   0.008 0.123 0.001 0.064 0.012 0.023 0.486 0.284 
  10 I X   0.007 0.159 0.001 0.077 0.013 0.023 0.451 0.269 
  11 L X   0.006 0.180 0.001 0.083 0.013 0.022 0.426 0.268 
  12 L X   0.006 0.189 0.001 0.082 0.013 0.021 0.409 0.279 
  13 T X   0.006 0.192 0.001 0.075 0.012 0.019 0.397 0.298 
  14 E X   0.005 0.189 0.001 0.063 0.011 0.017 0.387 0.326 
  15 L X   0.005 0.180 0.001 0.049 0.009 0.014 0.380 0.361 
  16 Q _   0.005 0.166 0.001 0.035 0.007 0.013 0.375 0.399 
  17 G _   0.005 0.149 0.001 0.023 0.005 0.011 0.371 0.436 
  18 D _   0.005 0.133 0.001 0.015 0.004 0.010 0.367 0.466 
  19 S _   0.005 0.122 0.000 0.010 0.003 0.009 0.363 0.488 
  20 R _   0.005 0.116 0.000 0.007 0.002 0.009 0.358 0.502 
  21 S _   0.005 0.113 0.000 0.006 0.002 0.009 0.353 0.511 
  22 L _   0.005 0.113 0.000 0.007 0.003 0.009 0.347 0.515 
  23 P _   0.005 0.116 0.000 0.008 0.003 0.010 0.341 0.516 
  24 F _   0.006 0.122 0.001 0.011 0.004 0.011 0.333 0.513 
  25 S _   0.006 0.130 0.001 0.014 0.005 0.012 0.325 0.507 
  26 E _   0.006 0.138 0.001 0.018 0.006 0.013 0.317 0.500 
  27 N _   0.007 0.146 0.001 0.021 0.007 0.014 0.310 0.495 
  28 V _   0.007 0.153 0.001 0.023 0.008 0.014 0.303 0.491 
  29 S _   0.007 0.157 0.001 0.024 0.008 0.015 0.298 0.491 
  30 A _   0.008 0.158 0.001 0.024 0.008 0.014 0.293 0.494 
  31 V _   0.008 0.157 0.001 0.023 0.008 0.014 0.290 0.500 
  32 Q _   0.008 0.154 0.001 0.021 0.007 0.014 0.287 0.508 
  33 K _   0.008 0.150 0.001 0.019 0.007 0.013 0.285 0.518 
  34 L _   0.008 0.144 0.001 0.017 0.007 0.013 0.283 0.528 
  35 D _   0.008 0.138 0.001 0.016 0.006 0.013 0.282 0.536 
  36 F _   0.008 0.131 0.001 0.016 0.006 0.013 0.281 0.544 
  37 S _   0.009 0.125 0.001 0.016 0.006 0.012 0.281 0.550 
  38 D _   0.009 0.119 0.001 0.017 0.006 0.012 0.281 0.556 
  39 T _   0.009 0.112 0.001 0.017 0.006 0.012 0.281 0.562 
  40 M _   0.009 0.104 0.001 0.018 0.006 0.011 0.282 0.570 
  41 V _   0.009 0.094 0.001 0.017 0.005 0.010 0.283 0.581 
  42 Q _   0.008 0.081 0.001 0.015 0.005 0.009 0.285 0.596 
  43 Q _   0.008 0.067 0.001 0.013 0.004 0.008 0.286 0.613 
  44 K _   0.007 0.054 0.000 0.010 0.003 0.007 0.287 0.631 
  45 L _   0.006 0.041 0.000 0.007 0.003 0.006 0.288 0.647 
  46 D _   0.005 0.033 0.000 0.006 0.002 0.006 0.288 0.660 
  47 D _   0.005 0.028 0.000 0.004 0.002 0.005 0.288 0.668 
  48 I _   0.005 0.025 0.000 0.004 0.002 0.005 0.287 0.672 
  49 K _   0.005 0.024 0.000 0.004 0.002 0.006 0.286 0.673 
  50 D _   0.005 0.025 0.000 0.005 0.002 0.006 0.284 0.672 
  51 R _   0.005 0.026 0.000 0.007 0.002 0.007 0.282 0.669 
  52 I _   0.006 0.029 0.000 0.010 0.003 0.008 0.280 0.664 
  53 K _   0.006 0.033 0.000 0.013 0.004 0.009 0.277 0.659 
  54 R _   0.006 0.036 0.001 0.015 0.004 0.009 0.274 0.655 
  55 E _   0.006 0.038 0.001 0.017 0.005 0.009 0.272 0.653 
  56 I _   0.006 0.039 0.001 0.017 0.005 0.009 0.270 0.654 
  57 R _   0.005 0.040 0.001 0.016 0.004 0.009 0.269 0.657 
  58 K _   0.005 0.039 0.000 0.015 0.004 0.008 0.268 0.661 
  59 E _   0.005 0.038 0.000 0.013 0.003 0.007 0.267 0.666 
  60 L _   0.005 0.036 0.000 0.011 0.003 0.007 0.267 0.671 
  61 K _   0.005 0.035 0.000 0.009 0.003 0.007 0.266 0.675 
  62 I _   0.004 0.034 0.000 0.008 0.002 0.006 0.266 0.678 
  63 K _   0.004 0.034 0.000 0.008 0.002 0.006 0.266 0.679 
  64 E _   0.004 0.034 0.000 0.008 0.002 0.007 0.265 0.679 
  65 G _   0.004 0.035 0.000 0.009 0.003 0.007 0.264 0.678 
  66 A _   0.005 0.036 0.000 0.010 0.003 0.007 0.264 0.675 
  67 E _   0.005 0.038 0.000 0.011 0.003 0.007 0.263 0.673 
  68 N _   0.005 0.039 0.000 0.011 0.003 0.008 0.262 0.671 
  69 L _   0.005 0.041 0.000 0.012 0.003 0.008 0.262 0.669 
  70 R _   0.005 0.042 0.000 0.012 0.003 0.008 0.261 0.669 
  71 K _   0.005 0.042 0.000 0.011 0.003 0.008 0.261 0.669 
  72 V _   0.005 0.043 0.000 0.011 0.003 0.008 0.261 0.670 
  73 T _   0.005 0.043 0.000 0.010 0.003 0.008 0.261 0.670 
  74 T _   0.005 0.044 0.000 0.010 0.003 0.008 0.261 0.669 
  75 D _   0.005 0.045 0.000 0.011 0.003 0.009 0.261 0.666 
  76 K _   0.005 0.047 0.000 0.012 0.004 0.009 0.261 0.661 
  77 K _   0.006 0.049 0.000 0.015 0.005 0.010 0.261 0.654 
  78 S _   0.006 0.052 0.001 0.018 0.005 0.011 0.262 0.645 
  79 L _   0.007 0.055 0.001 0.021 0.006 0.011 0.263 0.636 
  80 A _   0.007 0.056 0.001 0.025 0.006 0.011 0.265 0.629 
  81 Y _   0.007 0.056 0.001 0.026 0.006 0.011 0.268 0.625 
  82 V _   0.007 0.055 0.001 0.025 0.006 0.011 0.271 0.624 
  83 D _   0.007 0.051 0.001 0.023 0.005 0.010 0.275 0.628 
  84 N _   0.007 0.045 0.001 0.019 0.005 0.009 0.280 0.635 
  85 I _   0.006 0.038 0.000 0.015 0.004 0.008 0.284 0.645 
  86 L _   0.006 0.030 0.000 0.010 0.003 0.007 0.289 0.655 
  87 K _   0.005 0.023 0.000 0.007 0.002 0.006 0.293 0.663 
  88 K _   0.005 0.019 0.000 0.005 0.002 0.005 0.296 0.669 
  89 S _   0.004 0.016 0.000 0.004 0.001 0.005 0.298 0.671 
  90 N _   0.004 0.015 0.000 0.003 0.001 0.005 0.300 0.671 
  91 K _   0.004 0.015 0.000 0.004 0.001 0.005 0.301 0.670 
  92 K _   0.004 0.016 0.000 0.004 0.002 0.006 0.301 0.667 
  93 L _   0.004 0.019 0.000 0.006 0.002 0.007 0.300 0.662 
  94 E _   0.005 0.023 0.000 0.008 0.002 0.008 0.299 0.655 
  95 E _   0.005 0.028 0.000 0.010 0.003 0.009 0.298 0.648 
  96 L _   0.005 0.034 0.000 0.011 0.003 0.009 0.296 0.640 
  97 H _   0.005 0.041 0.000 0.013 0.004 0.010 0.294 0.633 
  98 H _   0.005 0.047 0.001 0.015 0.004 0.011 0.292 0.625 
  99 K _   0.005 0.053 0.001 0.017 0.005 0.012 0.291 0.616 
 100 L _   0.006 0.059 0.001 0.019 0.006 0.013 0.290 0.607 
 101 Q _   0.007 0.065 0.001 0.021 0.007 0.014 0.289 0.597 
 102 E _   0.007 0.070 0.001 0.024 0.008 0.015 0.290 0.586 
 103 L _   0.008 0.074 0.001 0.026 0.009 0.015 0.290 0.576 
 104 N _   0.009 0.077 0.001 0.028 0.009 0.015 0.292 0.568 
 105 A _   0.009 0.078 0.001 0.029 0.009 0.015 0.295 0.563 
 106 H _   0.010 0.077 0.001 0.029 0.009 0.015 0.299 0.561 
 107 I _   0.010 0.075 0.001 0.027 0.008 0.014 0.303 0.562 
 108 V _   0.010 0.070 0.001 0.025 0.008 0.013 0.309 0.565 
 109 V _   0.010 0.064 0.001 0.022 0.007 0.012 0.315 0.571 
 110 S _   0.010 0.056 0.001 0.018 0.006 0.011 0.321 0.577 
 111 D _   0.009 0.048 0.001 0.015 0.005 0.011 0.328 0.584 
 112 P _   0.009 0.040 0.001 0.013 0.004 0.010 0.334 0.589 
 113 E _   0.009 0.033 0.000 0.012 0.004 0.009 0.341 0.592 
 114 D _   0.009 0.028 0.000 0.011 0.003 0.009 0.347 0.594 
 115 I _   0.008 0.023 0.000 0.010 0.003 0.008 0.353 0.595 
 116 T _   0.008 0.020 0.000 0.010 0.003 0.007 0.357 0.595 
 117 D _   0.007 0.016 0.000 0.009 0.002 0.007 0.362 0.596 
 118 C _   0.006 0.014 0.000 0.008 0.002 0.006 0.365 0.598 
 119 P _   0.006 0.011 0.000 0.007 0.002 0.006 0.368 0.601 
 120 R _   0.005 0.009 0.000 0.006 0.002 0.005 0.369 0.604 
 121 T _   0.004 0.008 0.000 0.005 0.001 0.004 0.370 0.607 
 122 P _   0.004 0.007 0.000 0.004 0.001 0.004 0.370 0.610 
 123 D _   0.003 0.006 0.000 0.004 0.001 0.004 0.369 0.613 
 124 T _   0.003 0.006 0.000 0.003 0.001 0.003 0.367 0.616 
 125 P _   0.003 0.006 0.000 0.004 0.001 0.004 0.364 0.619 
 126 N _   0.003 0.007 0.000 0.004 0.001 0.004 0.359 0.621 
 127 N _   0.003 0.009 0.000 0.005 0.001 0.004 0.354 0.623 
 128 D _   0.003 0.012 0.000 0.007 0.002 0.005 0.346 0.624 
 129 P _   0.003 0.018 0.000 0.009 0.002 0.006 0.338 0.625 
 130 R _   0.003 0.025 0.000 0.011 0.003 0.007 0.327 0.624 
 131 C _   0.003 0.034 0.000 0.014 0.003 0.008 0.315 0.623 
 132 S _   0.003 0.044 0.000 0.017 0.004 0.008 0.303 0.621 
 133 T _   0.003 0.055 0.001 0.019 0.004 0.009 0.291 0.619 
 134 S _   0.003 0.067 0.001 0.021 0.004 0.009 0.278 0.616 
 135 N _   0.003 0.078 0.001 0.023 0.005 0.010 0.267 0.614 
 136 N _   0.003 0.089 0.001 0.024 0.005 0.010 0.257 0.612 
 137 R _   0.004 0.098 0.001 0.024 0.005 0.010 0.247 0.612 
 138 L _   0.004 0.106 0.001 0.024 0.005 0.010 0.240 0.612 
 139 K _   0.004 0.112 0.001 0.023 0.005 0.010 0.233 0.614 
 140 A _   0.004 0.116 0.001 0.022 0.005 0.010 0.227 0.616 
 141 L _   0.004 0.119 0.001 0.020 0.004 0.009 0.222 0.620 
 142 Q _   0.004 0.121 0.000 0.018 0.004 0.009 0.217 0.625 
 143 K _   0.004 0.123 0.000 0.017 0.004 0.009 0.213 0.630 
 144 Q _   0.004 0.124 0.000 0.015 0.004 0.009 0.209 0.635 
 145 L _   0.004 0.124 0.000 0.013 0.003 0.009 0.206 0.640 
 146 D _   0.005 0.125 0.000 0.012 0.003 0.009 0.202 0.644 
 147 I _   0.005 0.127 0.000 0.011 0.003 0.009 0.199 0.646 
 148 E _   0.005 0.130 0.000 0.010 0.003 0.009 0.195 0.648 
 149 L _   0.005 0.134 0.000 0.010 0.003 0.010 0.191 0.646 
 150 K _   0.006 0.139 0.000 0.011 0.004 0.011 0.186 0.643 
 151 V _   0.006 0.148 0.001 0.013 0.005 0.012 0.181 0.634 
 152 K _   0.007 0.160 0.001 0.016 0.006 0.013 0.176 0.621 
 153 Q _   0.007 0.174 0.001 0.021 0.007 0.015 0.170 0.604 
 154 G _   0.008 0.192 0.001 0.027 0.009 0.016 0.165 0.582 
 155 A _   0.009 0.209 0.001 0.034 0.011 0.017 0.160 0.559 
 156 E _   0.009 0.222 0.001 0.041 0.012 0.018 0.156 0.541 
 157 N _   0.010 0.229 0.001 0.047 0.012 0.018 0.153 0.530 
 158 M _   0.010 0.231 0.001 0.049 0.012 0.017 0.152 0.527 
 159 I _   0.010 0.227 0.001 0.049 0.012 0.016 0.151 0.534 
 160 Q _   0.009 0.217 0.001 0.045 0.011 0.015 0.152 0.550 
 161 M _   0.009 0.196 0.001 0.039 0.009 0.014 0.153 0.578 
 162 Y _   0.009 0.164 0.001 0.031 0.008 0.012 0.156 0.619 
 163 S _   0.008 0.123 0.001 0.023 0.006 0.011 0.158 0.669 
 164 N _   0.008 0.083 0.001 0.016 0.005 0.009 0.161 0.718 
 165 G _   0.007 0.052 0.001 0.010 0.003 0.008 0.163 0.756 
 166 S _   0.006 0.034 0.000 0.006 0.002 0.007 0.164 0.780 
 167 S _   0.005 0.025 0.000 0.004 0.002 0.007 0.164 0.792 
 168 K _   0.005 0.021 0.000 0.004 0.002 0.007 0.164 0.797 
 169 D _   0.005 0.020 0.000 0.004 0.002 0.008 0.163 0.798 
 170 R _   0.006 0.021 0.000 0.006 0.002 0.009 0.161 0.794 
 171 K _   0.007 0.024 0.000 0.010 0.004 0.011 0.158 0.785 
 172 L _   0.008 0.029 0.001 0.017 0.005 0.014 0.155 0.772 
 173 H _   0.008 0.035 0.001 0.025 0.007 0.015 0.152 0.757 
 174 G _   0.009 0.040 0.001 0.032 0.009 0.017 0.149 0.743 
 175 T _   0.009 0.043 0.001 0.038 0.010 0.017 0.147 0.735 
 176 A _   0.009 0.043 0.001 0.039 0.010 0.017 0.145 0.735 
 177 Q _   0.009 0.042 0.001 0.037 0.009 0.017 0.144 0.741 
 178 Q _   0.009 0.037 0.001 0.031 0.008 0.015 0.144 0.755 
 179 L _   0.008 0.029 0.001 0.023 0.006 0.014 0.144 0.774 
 180 L _   0.008 0.020 0.001 0.016 0.005 0.013 0.144 0.794 
 181 Q _   0.009 0.012 0.000 0.009 0.004 0.012 0.143 0.811 
 182 D _   0.009 0.006 0.000 0.006 0.003 0.012 0.143 0.821 
 183 S _   0.011 0.003 0.000 0.003 0.002 0.013 0.142 0.825 
 184 K _   0.015 0.002 0.000 0.003 0.003 0.015 0.140 0.822 
 185 T _   0.021 0.002 0.000 0.002 0.003 0.020 0.139 0.813 
 186 K _   0.032 0.002 0.000 0.003 0.005 0.026 0.136 0.794 
 187 I _   0.046 0.005 0.001 0.005 0.010 0.035 0.133 0.765 
 188 E _   0.063 0.012 0.001 0.009 0.017 0.045 0.130 0.723 
 189 V _   0.080 0.027 0.002 0.015 0.027 0.054 0.125 0.670 
 190 I _   0.093 0.050 0.002 0.023 0.038 0.061 0.121 0.611 
 191 R _   0.103 0.076 0.003 0.032 0.047 0.066 0.117 0.557 
 192 M _   0.109 0.098 0.003 0.041 0.053 0.067 0.115 0.515 
 193 Q _   0.111 0.113 0.003 0.048 0.055 0.067 0.113 0.491 
 194 I _   0.110 0.121 0.003 0.053 0.054 0.064 0.113 0.482 
 195 L _   0.105 0.125 0.003 0.055 0.051 0.059 0.113 0.490 
 196 Q _   0.097 0.123 0.003 0.053 0.045 0.054 0.115 0.511 
 197 A _   0.087 0.115 0.002 0.048 0.037 0.047 0.117 0.546 
 198 V _   0.075 0.102 0.002 0.041 0.029 0.040 0.120 0.590 
 199 Q _   0.063 0.084 0.002 0.032 0.021 0.033 0.123 0.641 
 200 T _   0.050 0.061 0.001 0.024 0.015 0.027 0.127 0.695 
 201 N _   0.039 0.040 0.001 0.016 0.010 0.021 0.130 0.743 
 202 E _   0.030 0.024 0.001 0.011 0.006 0.017 0.132 0.780 
 203 L _   0.023 0.013 0.001 0.007 0.004 0.013 0.133 0.807 
 204 A _   0.017 0.007 0.000 0.005 0.003 0.010 0.134 0.824 
 205 F _   0.013 0.004 0.000 0.004 0.002 0.009 0.134 0.835 
 206 D _   0.010 0.003 0.000 0.003 0.002 0.008 0.134 0.841 
 207 N _   0.009 0.002 0.000 0.003 0.002 0.008 0.133 0.844 
 208 A _   0.008 0.002 0.000 0.003 0.002 0.008 0.132 0.844 
 209 K _   0.009 0.003 0.000 0.004 0.002 0.009 0.130 0.842 
 210 P _   0.009 0.004 0.000 0.006 0.003 0.011 0.128 0.838 
 211 V _   0.010 0.006 0.000 0.009 0.004 0.013 0.125 0.832 
 212 I _   0.011 0.009 0.001 0.013 0.006 0.015 0.122 0.823 
 213 S _   0.012 0.013 0.001 0.017 0.008 0.018 0.119 0.813 
 214 P _   0.013 0.016 0.001 0.021 0.009 0.020 0.116 0.804 
 215 L _   0.014 0.018 0.001 0.024 0.010 0.021 0.114 0.798 
 216 E _   0.014 0.020 0.001 0.025 0.011 0.022 0.111 0.796 
 217 L _   0.014 0.020 0.001 0.024 0.011 0.022 0.110 0.799 
 218 R _   0.014 0.019 0.001 0.021 0.010 0.022 0.108 0.804 
 219 M _   0.015 0.017 0.001 0.018 0.009 0.022 0.106 0.812 
 220 E _   0.016 0.015 0.001 0.014 0.008 0.022 0.105 0.819 
 221 E _   0.017 0.013 0.001 0.011 0.008 0.022 0.104 0.825 
 222 L _   0.019 0.012 0.001 0.009 0.007 0.022 0.102 0.829 
 223 R _   0.021 0.011 0.001 0.008 0.008 0.024 0.101 0.828 
 224 H _   0.024 0.011 0.001 0.008 0.009 0.025 0.100 0.823 
 225 H _   0.028 0.012 0.001 0.009 0.010 0.027 0.099 0.814 
 226 F _   0.031 0.013 0.001 0.012 0.012 0.029 0.098 0.804 
 227 R _   0.035 0.016 0.001 0.015 0.015 0.030 0.097 0.791 
 228 I _   0.038 0.018 0.001 0.019 0.016 0.031 0.096 0.780 
 229 E _   0.040 0.020 0.001 0.021 0.017 0.031 0.096 0.774 
 230 F _   0.040 0.021 0.001 0.021 0.017 0.031 0.096 0.773 
 231 A _   0.039 0.021 0.001 0.020 0.016 0.030 0.096 0.777 
 232 V _   0.038 0.020 0.001 0.018 0.014 0.028 0.096 0.784 
 233 A _   0.036 0.019 0.001 0.015 0.012 0.027 0.097 0.793 
 234 E _   0.033 0.017 0.001 0.012 0.011 0.025 0.097 0.802 
 235 G _   0.032 0.016 0.001 0.010 0.009 0.024 0.098 0.810 
 236 A _   0.030 0.016 0.001 0.010 0.009 0.023 0.099 0.814 
 237 K _   0.028 0.016 0.001 0.010 0.008 0.022 0.099 0.815 
 238 N _   0.027 0.018 0.001 0.012 0.009 0.022 0.100 0.812 
 239 V _   0.025 0.019 0.001 0.014 0.009 0.021 0.101 0.809 
 240 M _   0.024 0.021 0.001 0.017 0.010 0.021 0.102 0.804 
 241 K _   0.023 0.023 0.001 0.020 0.010 0.020 0.103 0.801 
 242 L _   0.021 0.023 0.001 0.022 0.010 0.019 0.104 0.801 
 243 L _   0.019 0.023 0.001 0.022 0.009 0.017 0.106 0.804 
 244 G _   0.016 0.021 0.001 0.020 0.008 0.015 0.108 0.810 
 245 S _   0.014 0.019 0.001 0.017 0.007 0.013 0.110 0.819 
 246 G _   0.012 0.016 0.001 0.014 0.005 0.012 0.112 0.828 
 247 K _   0.011 0.013 0.000 0.010 0.004 0.010 0.114 0.837 
 248 V _   0.009 0.011 0.000 0.008 0.003 0.009 0.116 0.844 
 249 T _   0.008 0.009 0.000 0.006 0.003 0.008 0.117 0.848 
 250 D _   0.008 0.008 0.000 0.005 0.002 0.008 0.118 0.850 
 251 R _   0.007 0.008 0.000 0.005 0.002 0.008 0.119 0.850 
 252 K _   0.007 0.008 0.000 0.006 0.003 0.008 0.120 0.848 
 253 A _   0.007 0.009 0.000 0.008 0.003 0.009 0.120 0.843 
 254 L _   0.008 0.011 0.000 0.010 0.004 0.009 0.121 0.838 
 255 S _   0.008 0.013 0.000 0.012 0.004 0.010 0.121 0.832 
 256 E _   0.008 0.015 0.001 0.014 0.005 0.010 0.122 0.826 
 257 A _   0.008 0.016 0.001 0.015 0.005 0.010 0.122 0.823 
 258 Q _   0.008 0.017 0.001 0.016 0.005 0.010 0.123 0.821 
 259 A _   0.008 0.017 0.001 0.015 0.004 0.010 0.124 0.822 
 260 R _   0.007 0.017 0.000 0.013 0.004 0.009 0.125 0.824 
 261 F _   0.007 0.016 0.000 0.011 0.003 0.009 0.126 0.828 
 262 N _   0.007 0.015 0.000 0.009 0.003 0.008 0.127 0.830 
 263 E _   0.007 0.014 0.000 0.007 0.003 0.008 0.128 0.832 
 264 S _   0.007 0.014 0.000 0.007 0.003 0.008 0.129 0.832 
 265 S _   0.007 0.015 0.000 0.006 0.003 0.009 0.129 0.830 
 266 Q _   0.007 0.016 0.000 0.007 0.003 0.010 0.130 0.826 
 267 K _   0.008 0.019 0.000 0.009 0.004 0.011 0.130 0.819 
 268 L _   0.009 0.023 0.001 0.012 0.005 0.012 0.130 0.809 
 269 D _   0.009 0.028 0.001 0.015 0.006 0.014 0.130 0.797 
 270 L _   0.010 0.034 0.001 0.020 0.007 0.015 0.130 0.785 
 271 L _   0.010 0.039 0.001 0.024 0.008 0.015 0.130 0.773 
 272 K _   0.011 0.043 0.001 0.028 0.008 0.016 0.130 0.764 
 273 Y _   0.011 0.045 0.001 0.030 0.009 0.016 0.131 0.758 
 274 S _   0.011 0.046 0.001 0.031 0.009 0.015 0.132 0.755 
 275 L _   0.011 0.045 0.001 0.031 0.009 0.015 0.134 0.755 
 276 E _   0.010 0.042 0.001 0.029 0.008 0.014 0.136 0.760 
 277 Q _   0.010 0.038 0.001 0.025 0.007 0.012 0.139 0.767 
 278 R _   0.010 0.032 0.001 0.021 0.006 0.011 0.143 0.777 
 279 L _   0.009 0.025 0.001 0.017 0.005 0.010 0.146 0.788 
 280 N _   0.008 0.018 0.000 0.012 0.003 0.008 0.149 0.800 
 281 E _   0.007 0.012 0.000 0.009 0.003 0.007 0.151 0.811 
 282 V _   0.006 0.008 0.000 0.006 0.002 0.006 0.153 0.819 
 283 P _   0.006 0.005 0.000 0.004 0.001 0.005 0.153 0.825 
 284 K _   0.005 0.004 0.000 0.003 0.001 0.005 0.153 0.829 
 285 N _   0.005 0.003 0.000 0.002 0.001 0.006 0.152 0.830 
 286 H _   0.005 0.004 0.000 0.002 0.001 0.007 0.151 0.829 
 287 P _   0.007 0.005 0.000 0.003 0.002 0.010 0.148 0.824 
 288 K _   0.009 0.010 0.000 0.005 0.004 0.014 0.145 0.812 
 289 S _   0.013 0.024 0.001 0.010 0.007 0.020 0.140 0.786 
 290 R _   0.017 0.052 0.001 0.017 0.011 0.026 0.134 0.742 
 291 I _   0.020 0.100 0.002 0.027 0.018 0.032 0.126 0.676 
 292 I _   0.022 0.160 0.002 0.037 0.022 0.036 0.118 0.603 
 293 I _   0.022 0.214 0.002 0.047 0.026 0.038 0.111 0.541 
 294 E _   0.022 0.252 0.002 0.054 0.028 0.039 0.106 0.498 
 295 E _   0.022 0.275 0.002 0.059 0.028 0.039 0.102 0.474 
 296 L _   0.022 0.286 0.002 0.060 0.028 0.038 0.100 0.465 
 297 S _   0.022 0.289 0.002 0.058 0.026 0.036 0.098 0.468 
 298 L _   0.022 0.285 0.002 0.054 0.024 0.034 0.098 0.481 
 299 V _   0.022 0.274 0.002 0.047 0.022 0.031 0.098 0.505 
 300 A _   0.021 0.256 0.002 0.039 0.019 0.029 0.099 0.536 
 301 A _   0.021 0.229 0.002 0.031 0.016 0.026 0.100 0.575 
 302 S _   0.020 0.199 0.001 0.024 0.013 0.024 0.102 0.617 
 303 P _   0.019 0.169 0.001 0.018 0.010 0.022 0.104 0.656 
 304 T _   0.018 0.146 0.001 0.015 0.008 0.020 0.105 0.687 
 305 L _   0.016 0.129 0.001 0.013 0.007 0.019 0.107 0.709 
 306 S _   0.015 0.117 0.001 0.012 0.006 0.018 0.108 0.723 
 307 P _   0.015 0.109 0.001 0.012 0.006 0.017 0.108 0.731 
 308 R _   0.014 0.104 0.001 0.014 0.006 0.017 0.109 0.735 
 309 Q _   0.013 0.099 0.001 0.016 0.007 0.016 0.110 0.738 
 310 S _   0.013 0.095 0.001 0.018 0.007 0.016 0.110 0.740 
 311 M _   0.013 0.090 0.001 0.020 0.007 0.015 0.112 0.743 
 312 I _   0.012 0.083 0.001 0.021 0.007 0.014 0.113 0.750 
 313 S _   0.011 0.074 0.001 0.020 0.006 0.013 0.114 0.761 
 314 T _   0.010 0.061 0.001 0.018 0.006 0.012 0.116 0.777 
 315 Q _   0.009 0.048 0.001 0.014 0.005 0.010 0.118 0.796 
 316 N _   0.008 0.034 0.001 0.011 0.004 0.009 0.119 0.814 
 317 Q _   0.007 0.023 0.000 0.008 0.003 0.008 0.120 0.831 
 318 Y _   0.006 0.015 0.000 0.005 0.002 0.008 0.121 0.842 
 319 S _   0.006 0.010 0.000 0.004 0.002 0.008 0.121 0.849 
 320 T _   0.006 0.009 0.000 0.003 0.002 0.009 0.121 0.851 
 321 L _   0.007 0.008 0.000 0.003 0.002 0.010 0.120 0.849 
 322 S _   0.009 0.009 0.000 0.004 0.003 0.013 0.118 0.843 
 323 K _   0.012 0.012 0.000 0.006 0.004 0.017 0.117 0.832 
 324 P _   0.016 0.018 0.001 0.009 0.007 0.022 0.114 0.814 
 325 A _   0.020 0.030 0.001 0.013 0.010 0.028 0.111 0.786 
 326 A _   0.025 0.047 0.001 0.018 0.015 0.034 0.108 0.751 
 327 L _   0.030 0.067 0.002 0.024 0.020 0.040 0.104 0.712 
 328 T _   0.035 0.087 0.002 0.030 0.026 0.045 0.101 0.674 
 329 G _   0.039 0.105 0.002 0.035 0.031 0.048 0.098 0.642 
 330 T _   0.043 0.119 0.002 0.039 0.034 0.050 0.096 0.616 
 331 L _   0.047 0.130 0.002 0.042 0.037 0.051 0.095 0.596 
 332 E _   0.049 0.136 0.002 0.044 0.038 0.051 0.095 0.585 
 333 V _   0.051 0.139 0.002 0.044 0.036 0.049 0.095 0.584 
 334 R _   0.051 0.138 0.002 0.043 0.033 0.045 0.096 0.591 
 335 L _   0.049 0.133 0.002 0.041 0.030 0.042 0.097 0.607 
 336 M _   0.045 0.124 0.002 0.037 0.025 0.037 0.100 0.630 
 337 G _   0.041 0.111 0.002 0.032 0.021 0.033 0.102 0.659 
 338 C _   0.036 0.095 0.001 0.027 0.016 0.028 0.105 0.692 
 339 Q _   0.031 0.077 0.001 0.022 0.012 0.024 0.108 0.725 
 340 D _   0.026 0.059 0.001 0.017 0.009 0.020 0.111 0.758 
 341 I _   0.022 0.044 0.001 0.012 0.007 0.017 0.113 0.784 
 342 L _   0.018 0.033 0.001 0.009 0.005 0.014 0.115 0.805 
 343 E _   0.015 0.026 0.000 0.007 0.004 0.012 0.116 0.820 
 344 N _   0.012 0.022 0.000 0.005 0.003 0.011 0.117 0.830 
 345 V _   0.011 0.020 0.000 0.004 0.002 0.010 0.117 0.835 
 346 P _   0.010 0.020 0.000 0.004 0.002 0.011 0.117 0.836 
 347 G _   0.010 0.022 0.000 0.005 0.003 0.012 0.116 0.832 
 348 R _   0.011 0.027 0.000 0.007 0.004 0.013 0.115 0.823 
 349 S _   0.012 0.037 0.001 0.010 0.006 0.015 0.113 0.806 
 350 K _   0.012 0.056 0.001 0.016 0.008 0.017 0.111 0.779 
 351 A _   0.013 0.081 0.001 0.023 0.011 0.019 0.108 0.745 
 352 T _   0.013 0.107 0.001 0.030 0.012 0.020 0.106 0.710 
 353 S _   0.012 0.129 0.001 0.037 0.013 0.020 0.104 0.682 
 354 V _   0.012 0.145 0.001 0.041 0.014 0.020 0.103 0.664 
 355 A _   0.012 0.153 0.001 0.043 0.013 0.019 0.103 0.656 
 356 L _   0.011 0.156 0.001 0.041 0.012 0.018 0.103 0.658 
 357 P _   0.010 0.155 0.001 0.037 0.011 0.017 0.104 0.666 
 358 G _   0.009 0.151 0.001 0.031 0.009 0.015 0.105 0.679 
 359 W _   0.009 0.143 0.001 0.025 0.008 0.014 0.107 0.695 
 360 S _   0.008 0.133 0.001 0.019 0.006 0.013 0.108 0.711 
 361 P _   0.008 0.124 0.001 0.016 0.005 0.012 0.110 0.724 
 362 S _   0.008 0.117 0.001 0.013 0.005 0.012 0.112 0.733 
 363 E _   0.008 0.111 0.000 0.013 0.004 0.011 0.114 0.738 
 364 T _   0.008 0.108 0.001 0.013 0.004 0.011 0.115 0.740 
 365 R _   0.008 0.106 0.001 0.015 0.005 0.012 0.117 0.738 
 366 S _   0.008 0.104 0.001 0.017 0.005 0.012 0.118 0.735 
 367 S _   0.008 0.102 0.001 0.019 0.005 0.012 0.120 0.733 
 368 F _   0.008 0.099 0.001 0.021 0.005 0.011 0.122 0.733 
 369 M _   0.008 0.095 0.001 0.021 0.005 0.011 0.124 0.735 
 370 S _   0.007 0.088 0.001 0.020 0.005 0.010 0.127 0.742 
 371 R _   0.007 0.079 0.001 0.018 0.005 0.009 0.129 0.752 
 372 T _   0.007 0.068 0.001 0.015 0.004 0.008 0.132 0.765 
 373 S _   0.006 0.058 0.000 0.012 0.003 0.008 0.135 0.778 
 374 K _   0.006 0.048 0.000 0.010 0.003 0.007 0.138 0.789 
 375 S _   0.005 0.041 0.000 0.008 0.002 0.006 0.140 0.797 
 376 K _   0.005 0.036 0.000 0.007 0.002 0.006 0.141 0.803 
 377 S _   0.005 0.033 0.000 0.007 0.002 0.006 0.142 0.805 
 378 G _   0.004 0.031 0.000 0.007 0.002 0.006 0.143 0.807 
 379 S _   0.004 0.030 0.000 0.008 0.002 0.006 0.143 0.806 
 380 S _   0.004 0.029 0.000 0.009 0.002 0.006 0.143 0.806 
 381 R _   0.004 0.030 0.000 0.009 0.002 0.006 0.143 0.805 
 382 N _   0.004 0.030 0.000 0.010 0.002 0.006 0.142 0.805 
 383 L _   0.004 0.030 0.000 0.009 0.002 0.006 0.141 0.806 
 384 L _   0.004 0.031 0.000 0.009 0.002 0.006 0.140 0.808 
 385 K _   0.004 0.031 0.000 0.008 0.002 0.006 0.139 0.810 
 386 T _   0.004 0.033 0.000 0.007 0.002 0.007 0.137 0.811 
 387 D _   0.004 0.035 0.000 0.007 0.002 0.007 0.135 0.810 
 388 D _   0.004 0.039 0.000 0.008 0.002 0.008 0.133 0.806 
 389 L _   0.005 0.045 0.000 0.009 0.003 0.010 0.130 0.798 
 390 S _   0.006 0.055 0.001 0.011 0.004 0.012 0.127 0.783 
 391 N _   0.007 0.072 0.001 0.015 0.006 0.015 0.123 0.761 
 392 D _   0.009 0.093 0.001 0.020 0.008 0.018 0.119 0.732 
 393 V _   0.010 0.118 0.001 0.025 0.010 0.020 0.115 0.700 
 394 C _   0.011 0.142 0.001 0.030 0.012 0.023 0.112 0.670 
 395 A _   0.012 0.161 0.001 0.033 0.013 0.024 0.109 0.646 
 396 V _   0.013 0.176 0.001 0.035 0.014 0.025 0.107 0.629 
 397 L _   0.014 0.185 0.001 0.035 0.014 0.026 0.105 0.620 
 398 K _   0.015 0.190 0.001 0.034 0.014 0.026 0.104 0.616 
 399 L _   0.015 0.192 0.001 0.033 0.015 0.026 0.103 0.615 
 400 D _   0.016 0.192 0.001 0.032 0.014 0.026 0.103 0.616 
 401 N _   0.016 0.190 0.001 0.031 0.014 0.025 0.103 0.619 
 402 T _   0.017 0.187 0.001 0.030 0.014 0.024 0.104 0.623 
 403 V _   0.018 0.182 0.001 0.030 0.013 0.023 0.105 0.628 
 404 V _   0.018 0.175 0.001 0.030 0.012 0.022 0.107 0.635 
 405 G _   0.017 0.166 0.001 0.030 0.012 0.021 0.109 0.646 
 406 Q _   0.017 0.153 0.001 0.028 0.011 0.019 0.111 0.661 
 407 T _   0.016 0.135 0.001 0.026 0.009 0.017 0.114 0.682 
 408 S _   0.014 0.113 0.001 0.023 0.008 0.015 0.117 0.709 
 409 W _   0.013 0.089 0.001 0.019 0.007 0.013 0.120 0.739 
 410 K _   0.011 0.065 0.001 0.015 0.005 0.011 0.123 0.769 
 411 P _   0.010 0.045 0.001 0.011 0.004 0.010 0.125 0.795 
 412 I _   0.008 0.031 0.000 0.008 0.003 0.008 0.127 0.814 
 413 S _   0.007 0.022 0.000 0.006 0.002 0.007 0.128 0.827 
 414 N _   0.006 0.018 0.000 0.005 0.002 0.007 0.128 0.834 
 415 Q _   0.006 0.015 0.000 0.005 0.002 0.007 0.128 0.837 
 416 S _   0.006 0.014 0.000 0.006 0.002 0.007 0.128 0.837 
 417 W _   0.006 0.014 0.000 0.007 0.002 0.007 0.127 0.836 
 418 D _   0.006 0.015 0.000 0.009 0.003 0.008 0.126 0.833 
 419 Q _   0.006 0.016 0.000 0.011 0.003 0.009 0.125 0.830 
 420 K _   0.006 0.017 0.000 0.012 0.004 0.009 0.124 0.828 
 421 F _   0.006 0.018 0.000 0.013 0.004 0.009 0.122 0.827 
 422 T _   0.006 0.019 0.000 0.014 0.004 0.009 0.121 0.828 
 423 L _   0.006 0.019 0.000 0.013 0.004 0.009 0.119 0.830 
 424 E _   0.005 0.019 0.000 0.012 0.004 0.009 0.118 0.833 
 425 L _   0.005 0.019 0.000 0.010 0.003 0.010 0.116 0.836 
 426 D _   0.006 0.019 0.000 0.010 0.003 0.010 0.115 0.837 
 427 R _   0.006 0.019 0.000 0.009 0.004 0.011 0.113 0.837 
 428 S _   0.007 0.021 0.000 0.010 0.004 0.012 0.112 0.834 
 429 R _   0.008 0.023 0.001 0.011 0.005 0.014 0.110 0.828 
 430 E _   0.009 0.025 0.001 0.013 0.006 0.016 0.109 0.821 
 431 L _   0.011 0.028 0.001 0.016 0.007 0.018 0.107 0.812 
 432 E _   0.012 0.031 0.001 0.018 0.008 0.019 0.106 0.805 
 433 I _   0.013 0.034 0.001 0.019 0.009 0.021 0.105 0.799 
 434 S _   0.014 0.035 0.001 0.018 0.009 0.022 0.104 0.797 
 435 V _   0.015 0.036 0.001 0.017 0.009 0.024 0.103 0.796 
 436 Y _   0.017 0.036 0.001 0.014 0.009 0.025 0.102 0.796 
 437 W _   0.019 0.036 0.001 0.012 0.009 0.027 0.101 0.796 
 438 R _   0.022 0.037 0.001 0.010 0.009 0.029 0.100 0.793 
 439 D _   0.025 0.038 0.001 0.009 0.010 0.032 0.100 0.786 
 440 W _   0.029 0.042 0.001 0.010 0.012 0.035 0.099 0.772 
 441 R _   0.034 0.049 0.001 0.012 0.016 0.038 0.098 0.751 
 442 S _   0.040 0.061 0.001 0.017 0.020 0.042 0.097 0.722 
 443 L _   0.044 0.079 0.002 0.025 0.025 0.044 0.095 0.686 
 444 C _   0.047 0.099 0.002 0.034 0.029 0.045 0.095 0.651 
 445 A _   0.048 0.115 0.002 0.044 0.031 0.044 0.095 0.622 
 446 V _   0.048 0.126 0.002 0.051 0.031 0.042 0.095 0.605 
 447 K _   0.046 0.130 0.002 0.055 0.030 0.039 0.096 0.601 
 448 F _   0.043 0.129 0.002 0.055 0.027 0.036 0.098 0.611 
 449 L _   0.039 0.121 0.002 0.050 0.023 0.031 0.101 0.633 
 450 R _   0.034 0.107 0.002 0.041 0.018 0.027 0.105 0.667 
 451 L _   0.028 0.084 0.001 0.031 0.013 0.022 0.109 0.711 
 452 E _   0.023 0.057 0.001 0.021 0.009 0.018 0.113 0.758 
 453 D _   0.019 0.033 0.001 0.013 0.006 0.014 0.117 0.798 
 454 F _   0.015 0.018 0.000 0.007 0.004 0.011 0.119 0.826 
 455 L _   0.011 0.010 0.000 0.004 0.002 0.009 0.121 0.842 
 456 D _   0.009 0.006 0.000 0.003 0.002 0.008 0.121 0.850 
 457 N _   0.008 0.005 0.000 0.003 0.002 0.008 0.122 0.853 
 458 Q _   0.008 0.005 0.000 0.003 0.002 0.008 0.121 0.852 
 459 R _   0.008 0.006 0.000 0.004 0.002 0.009 0.121 0.849 
 460 H _   0.008 0.008 0.000 0.006 0.003 0.011 0.120 0.843 
 461 G _   0.009 0.012 0.000 0.009 0.004 0.013 0.118 0.835 
 462 M _   0.010 0.016 0.001 0.012 0.005 0.015 0.116 0.825 
 463 C _   0.010 0.022 0.001 0.015 0.006 0.016 0.114 0.816 
 464 L _   0.011 0.026 0.001 0.016 0.007 0.018 0.112 0.809 
 465 Y _   0.011 0.030 0.001 0.016 0.007 0.020 0.110 0.804 
 466 L _   0.013 0.034 0.001 0.016 0.008 0.022 0.108 0.799 
 467 E _   0.014 0.038 0.001 0.014 0.009 0.024 0.106 0.794 
 468 P _   0.016 0.041 0.001 0.014 0.010 0.027 0.105 0.787 
 469 Q _   0.019 0.047 0.001 0.014 0.012 0.030 0.103 0.775 
 470 G _   0.023 0.054 0.001 0.015 0.014 0.033 0.101 0.758 
 471 T _   0.028 0.064 0.001 0.018 0.018 0.036 0.100 0.735 
 472 L _   0.032 0.077 0.002 0.023 0.021 0.039 0.098 0.708 
 473 F _   0.036 0.091 0.002 0.028 0.024 0.040 0.097 0.682 
 474 A _   0.039 0.102 0.002 0.034 0.026 0.040 0.097 0.660 
 475 E _   0.040 0.111 0.002 0.038 0.027 0.040 0.097 0.646 
 476 V _   0.039 0.115 0.002 0.040 0.027 0.038 0.098 0.642 
 477 T _   0.038 0.115 0.002 0.040 0.025 0.035 0.099 0.645 
 478 F _   0.036 0.112 0.002 0.038 0.022 0.032 0.101 0.657 
 479 F _   0.034 0.105 0.002 0.034 0.019 0.029 0.103 0.674 
 480 N _   0.031 0.095 0.001 0.030 0.016 0.026 0.106 0.695 
 481 P _   0.028 0.083 0.001 0.025 0.013 0.023 0.110 0.719 
 482 V _   0.025 0.069 0.001 0.020 0.010 0.020 0.114 0.742 
 483 I _   0.021 0.054 0.001 0.016 0.008 0.017 0.117 0.765 
 484 E _   0.019 0.042 0.001 0.013 0.006 0.015 0.121 0.785 
 485 R _   0.016 0.031 0.001 0.010 0.005 0.013 0.124 0.801 
 486 R _   0.014 0.024 0.000 0.008 0.004 0.011 0.126 0.813 
 487 P _   0.012 0.018 0.000 0.007 0.003 0.010 0.128 0.822 
 488 K _   0.010 0.015 0.000 0.006 0.003 0.009 0.130 0.828 
 489 L _   0.009 0.012 0.000 0.006 0.002 0.008 0.131 0.831 
 490 Q _   0.008 0.011 0.000 0.006 0.002 0.008 0.132 0.834 
 491 R _   0.007 0.010 0.000 0.006 0.002 0.007 0.132 0.835 
 492 Q _   0.007 0.010 0.000 0.006 0.002 0.007 0.132 0.834 
 493 K _   0.007 0.010 0.000 0.007 0.003 0.008 0.132 0.833 
 494 K _   0.006 0.011 0.000 0.008 0.003 0.008 0.132 0.832 
 495 I _   0.006 0.011 0.000 0.009 0.003 0.008 0.132 0.830 
 496 F _   0.006 0.012 0.000 0.010 0.003 0.009 0.132 0.827 
 497 S _   0.006 0.013 0.000 0.011 0.004 0.009 0.131 0.825 
 498 K _   0.006 0.014 0.000 0.012 0.004 0.010 0.131 0.822 
 499 Q _   0.007 0.015 0.001 0.013 0.004 0.011 0.130 0.819 
 500 Q _   0.007 0.016 0.001 0.014 0.005 0.011 0.130 0.816 
 501 G _   0.007 0.017 0.001 0.015 0.005 0.012 0.130 0.814 
 502 K _   0.007 0.017 0.001 0.015 0.006 0.012 0.130 0.812 
 503 T _   0.008 0.017 0.001 0.015 0.006 0.013 0.131 0.810 
 504 F _   0.008 0.016 0.001 0.014 0.006 0.014 0.131 0.810 
 505 L _   0.009 0.016 0.001 0.013 0.006 0.014 0.132 0.810 
 506 R _   0.009 0.015 0.001 0.012 0.005 0.015 0.133 0.811 
 507 A _   0.010 0.014 0.001 0.010 0.005 0.016 0.133 0.811 
 508 P _   0.012 0.013 0.001 0.009 0.005 0.017 0.134 0.810 
 509 Q _   0.014 0.012 0.001 0.008 0.005 0.019 0.135 0.806 
 510 M _   0.017 0.013 0.001 0.008 0.006 0.022 0.135 0.798 
 511 N _   0.022 0.014 0.001 0.008 0.008 0.026 0.136 0.787 
 512 I _   0.028 0.016 0.001 0.009 0.010 0.030 0.137 0.770 
 513 N _   0.035 0.020 0.001 0.011 0.014 0.035 0.137 0.748 
 514 I _   0.042 0.026 0.001 0.015 0.018 0.040 0.138 0.720 
 515 A _   0.049 0.033 0.002 0.019 0.023 0.044 0.139 0.691 
 516 T _   0.055 0.042 0.002 0.024 0.028 0.047 0.140 0.663 
 517 W _   0.058 0.049 0.002 0.029 0.031 0.049 0.142 0.639 
 518 G _   0.060 0.055 0.002 0.033 0.034 0.050 0.145 0.621 
 519 R _   0.060 0.060 0.002 0.037 0.034 0.049 0.148 0.611 
 520 L _   0.058 0.061 0.002 0.039 0.033 0.046 0.152 0.608 
 521 V _   0.055 0.061 0.002 0.038 0.031 0.043 0.157 0.612 
 522 R _   0.051 0.059 0.002 0.036 0.027 0.039 0.163 0.623 
 523 R _   0.046 0.054 0.002 0.032 0.022 0.034 0.170 0.639 
 524 A _   0.039 0.047 0.001 0.028 0.017 0.029 0.178 0.660 
 525 I _   0.033 0.039 0.001 0.022 0.013 0.024 0.185 0.682 
 526 P _   0.027 0.030 0.001 0.017 0.009 0.020 0.193 0.703 
 527 T _   0.022 0.023 0.001 0.013 0.007 0.016 0.199 0.720 
 528 V _   0.017 0.017 0.001 0.009 0.005 0.013 0.205 0.733 
 529 N _   0.014 0.012 0.000 0.007 0.004 0.011 0.210 0.742 
 530 H _   0.011 0.010 0.000 0.005 0.003 0.009 0.213 0.748 
 531 S _   0.009 0.008 0.000 0.005 0.002 0.008 0.217 0.750 
 532 G _   0.008 0.008 0.000 0.004 0.002 0.008 0.219 0.751 
 533 T _   0.007 0.008 0.000 0.004 0.002 0.008 0.221 0.750 
 534 F _   0.007 0.009 0.000 0.005 0.002 0.008 0.222 0.747 
 535 S _   0.007 0.010 0.000 0.006 0.003 0.009 0.223 0.742 
 536 P _   0.007 0.014 0.000 0.007 0.003 0.010 0.224 0.735 
 537 Q _   0.007 0.019 0.000 0.009 0.004 0.011 0.224 0.726 
 538 A _   0.008 0.026 0.001 0.011 0.005 0.013 0.224 0.713 
 539 P _   0.008 0.036 0.001 0.013 0.006 0.014 0.224 0.699 
 540 V _   0.009 0.046 0.001 0.015 0.007 0.016 0.224 0.682 
 541 P _   0.009 0.058 0.001 0.018 0.009 0.017 0.224 0.663 
 542 T _   0.010 0.070 0.001 0.021 0.010 0.019 0.225 0.644 
 543 T _   0.011 0.082 0.001 0.024 0.011 0.020 0.226 0.625 
 544 V _   0.011 0.093 0.001 0.028 0.012 0.021 0.227 0.607 
 545 P _   0.012 0.102 0.001 0.031 0.013 0.022 0.230 0.590 
 546 V _   0.012 0.109 0.001 0.034 0.014 0.022 0.233 0.575 
 547 V _   0.012 0.114 0.001 0.036 0.014 0.022 0.236 0.564 
 548 D _   0.012 0.116 0.001 0.037 0.014 0.022 0.241 0.555 
 549 V _   0.012 0.116 0.001 0.038 0.014 0.021 0.247 0.551 
 550 R _   0.012 0.114 0.001 0.037 0.013 0.020 0.254 0.550 
 551 I _   0.012 0.109 0.001 0.034 0.011 0.018 0.262 0.553 
 552 P _   0.011 0.100 0.001 0.030 0.010 0.016 0.272 0.561 
 553 Q _   0.010 0.089 0.001 0.025 0.008 0.014 0.282 0.571 
 554 L _   0.009 0.076 0.001 0.020 0.006 0.013 0.292 0.583 
 555 A _   0.008 0.063 0.001 0.015 0.005 0.011 0.302 0.595 
 556 P _   0.007 0.052 0.001 0.012 0.004 0.010 0.311 0.603 
 557 P _   0.006 0.044 0.000 0.009 0.003 0.009 0.320 0.608 
 558 A _   0.006 0.038 0.000 0.008 0.003 0.008 0.328 0.609 
 559 S _   0.006 0.035 0.000 0.008 0.003 0.008 0.335 0.607 
 560 D _   0.006 0.033 0.000 0.008 0.003 0.008 0.341 0.602 
 561 S _   0.006 0.032 0.000 0.010 0.003 0.008 0.347 0.595 
 562 T _   0.006 0.031 0.000 0.012 0.003 0.008 0.353 0.586 
 563 V _   0.006 0.031 0.000 0.014 0.004 0.009 0.359 0.577 
 564 T _   0.006 0.030 0.000 0.016 0.004 0.009 0.366 0.568 
 565 K _   0.007 0.029 0.000 0.018 0.004 0.009 0.373 0.560 
 566 L _   0.007 0.027 0.000 0.018 0.004 0.008 0.381 0.555 
 567 D _   0.006 0.024 0.000 0.016 0.004 0.008 0.390 0.552 
 568 F _   0.006 0.020 0.000 0.014 0.003 0.007 0.398 0.551 
 569 D _   0.006 0.016 0.000 0.011 0.002 0.006 0.406 0.552 
 570 L _   0.005 0.011 0.000 0.008 0.002 0.005 0.414 0.555 
 571 E _   0.005 0.008 0.000 0.006 0.001 0.004 0.419 0.557 
 572 P _   0.004 0.005 0.000 0.004 0.001 0.003 0.423 0.559 
 573 E _   0.004 0.004 0.000 0.003 0.001 0.003 0.426 0.560 
 574 P _   0.003 0.003 0.000 0.002 0.001 0.003 0.427 0.561 
 575 P _   0.003 0.003 0.000 0.002 0.001 0.003 0.427 0.562 
 576 P _   0.003 0.004 0.000 0.002 0.001 0.003 0.425 0.562 
 577 A _   0.003 0.005 0.000 0.003 0.001 0.004 0.422 0.562 
 578 P _   0.003 0.008 0.000 0.004 0.001 0.005 0.418 0.561 
 579 P _   0.003 0.013 0.000 0.007 0.002 0.006 0.412 0.558 
 580 R _   0.004 0.021 0.000 0.010 0.003 0.007 0.404 0.552 
 581 A _   0.004 0.031 0.000 0.014 0.003 0.008 0.395 0.545 
 582 S _   0.004 0.042 0.000 0.017 0.004 0.008 0.386 0.539 
 583 S _   0.003 0.053 0.001 0.019 0.004 0.009 0.377 0.535 
 584 L _   0.003 0.061 0.001 0.021 0.004 0.009 0.368 0.533 
 585 G _   0.003 0.068 0.001 0.021 0.004 0.009 0.361 0.534 
 586 E _   0.003 0.073 0.000 0.020 0.004 0.008 0.354 0.537 
 587 I _   0.003 0.077 0.000 0.019 0.004 0.008 0.349 0.540 
 588 D _   0.003 0.080 0.000 0.018 0.004 0.008 0.344 0.543 
 589 E _   0.003 0.082 0.000 0.017 0.004 0.008 0.341 0.545 
 590 S _   0.003 0.084 0.000 0.017 0.004 0.008 0.337 0.546 
 591 S _   0.003 0.085 0.000 0.017 0.004 0.008 0.335 0.546 
 592 E _   0.004 0.087 0.000 0.018 0.004 0.008 0.333 0.546 
 593 L _   0.004 0.087 0.000 0.019 0.004 0.009 0.331 0.545 
 594 R _   0.004 0.087 0.001 0.019 0.004 0.009 0.330 0.545 
 595 V _   0.005 0.086 0.001 0.018 0.004 0.009 0.330 0.547 
 596 L _   0.005 0.084 0.001 0.017 0.004 0.008 0.330 0.551 
 597 D _   0.005 0.080 0.000 0.015 0.004 0.008 0.330 0.557 
 598 I _   0.005 0.075 0.000 0.013 0.004 0.008 0.331 0.564 
 599 P _   0.004 0.071 0.000 0.012 0.003 0.008 0.332 0.570 
 600 G _   0.004 0.066 0.000 0.010 0.003 0.007 0.333 0.575 
 601 Q _   0.005 0.063 0.000 0.010 0.003 0.008 0.334 0.578 
 602 D _   0.005 0.060 0.000 0.010 0.003 0.008 0.335 0.579 
 603 S _   0.005 0.059 0.000 0.011 0.003 0.008 0.336 0.578 
 604 E _   0.005 0.057 0.000 0.013 0.004 0.008 0.337 0.575 
 605 T _   0.005 0.056 0.000 0.014 0.004 0.008 0.339 0.573 
 606 V _   0.005 0.055 0.000 0.016 0.004 0.008 0.340 0.571 
 607 F _   0.005 0.053 0.000 0.016 0.004 0.008 0.342 0.571 
 608 D _   0.005 0.049 0.000 0.016 0.004 0.008 0.344 0.573 
 609 I _   0.005 0.045 0.000 0.015 0.004 0.008 0.347 0.576 
 610 Q _   0.005 0.040 0.000 0.013 0.003 0.007 0.350 0.581 
 611 N _   0.005 0.034 0.000 0.012 0.003 0.007 0.353 0.587 
 612 D _   0.005 0.028 0.000 0.010 0.003 0.006 0.356 0.592 
 613 R _   0.005 0.023 0.000 0.008 0.002 0.006 0.359 0.596 
 614 N _   0.005 0.019 0.000 0.008 0.002 0.006 0.362 0.599 
 615 S _   0.005 0.016 0.000 0.007 0.002 0.006 0.364 0.601 
 616 I _   0.005 0.014 0.000 0.007 0.002 0.006 0.365 0.601 
 617 L _   0.005 0.012 0.000 0.007 0.002 0.006 0.366 0.602 
 618 P _   0.005 0.011 0.000 0.007 0.002 0.006 0.367 0.603 
 619 K _   0.005 0.009 0.000 0.007 0.002 0.006 0.367 0.604 
 620 S _   0.005 0.008 0.000 0.007 0.002 0.005 0.366 0.607 
 621 Q _   0.004 0.007 0.000 0.006 0.002 0.005 0.365 0.610 
 622 S _   0.004 0.006 0.000 0.006 0.001 0.005 0.363 0.615 
 623 E _   0.004 0.006 0.000 0.005 0.001 0.004 0.359 0.621 
 624 Y _   0.003 0.005 0.000 0.004 0.001 0.004 0.355 0.626 
 625 K _   0.003 0.005 0.000 0.003 0.001 0.004 0.350 0.632 
 626 P _   0.003 0.006 0.000 0.003 0.001 0.004 0.344 0.638 
 627 D _   0.003 0.008 0.000 0.004 0.001 0.005 0.335 0.643 
 628 T _   0.004 0.011 0.000 0.005 0.002 0.006 0.325 0.646 
 629 P _   0.004 0.018 0.000 0.008 0.003 0.008 0.312 0.645 
 630 Q _   0.005 0.032 0.001 0.014 0.004 0.011 0.296 0.638 
 631 S _   0.005 0.054 0.001 0.021 0.006 0.013 0.276 0.622 
 632 G _   0.006 0.084 0.001 0.030 0.008 0.015 0.255 0.600 
 633 L _   0.006 0.114 0.001 0.040 0.010 0.017 0.235 0.577 
 634 E _   0.006 0.139 0.001 0.048 0.011 0.017 0.218 0.560 
 635 Y _   0.006 0.155 0.001 0.053 0.011 0.017 0.204 0.552 
 636 S _   0.006 0.164 0.001 0.055 0.011 0.017 0.194 0.553 
 637 G _   0.006 0.167 0.001 0.053 0.011 0.016 0.186 0.560 
 638 I _   0.006 0.166 0.001 0.049 0.010 0.015 0.180 0.574 
 639 Q _   0.006 0.160 0.001 0.042 0.009 0.014 0.175 0.594 
 640 E _   0.006 0.149 0.001 0.035 0.008 0.014 0.171 0.617 
 641 L _   0.006 0.135 0.001 0.027 0.007 0.013 0.168 0.644 
 642 E _   0.006 0.118 0.001 0.021 0.006 0.012 0.165 0.671 
 643 D _   0.007 0.101 0.001 0.017 0.005 0.012 0.163 0.695 
 644 R _   0.007 0.088 0.001 0.014 0.004 0.012 0.161 0.714 
 645 R _   0.007 0.077 0.001 0.013 0.004 0.012 0.159 0.729 
 646 S _   0.007 0.069 0.001 0.012 0.004 0.012 0.156 0.739 
 647 Q _   0.008 0.062 0.001 0.012 0.004 0.012 0.154 0.748 
 648 Q _   0.008 0.056 0.001 0.012 0.004 0.012 0.151 0.755 
 649 R _   0.008 0.051 0.001 0.012 0.004 0.013 0.148 0.763 
 650 F _   0.008 0.046 0.001 0.011 0.004 0.013 0.146 0.771 
 651 Q _   0.008 0.041 0.001 0.010 0.004 0.013 0.143 0.780 
 652 F _   0.009 0.037 0.001 0.009 0.004 0.014 0.139 0.788 
 653 N _   0.010 0.033 0.001 0.008 0.004 0.015 0.136 0.794 
 654 L _   0.011 0.031 0.001 0.007 0.004 0.017 0.132 0.797 
 655 Q _   0.013 0.031 0.001 0.007 0.005 0.019 0.129 0.796 
 656 D _   0.017 0.032 0.001 0.007 0.007 0.022 0.125 0.790 
 657 F _   0.021 0.035 0.001 0.009 0.009 0.026 0.120 0.779 
 658 R _   0.026 0.040 0.001 0.012 0.012 0.030 0.116 0.762 
 659 C _   0.030 0.049 0.001 0.016 0.016 0.034 0.111 0.742 
 660 C _   0.035 0.059 0.001 0.021 0.019 0.037 0.107 0.720 
 661 A _   0.038 0.069 0.002 0.026 0.022 0.040 0.103 0.700 
 662 V _   0.041 0.078 0.002 0.029 0.024 0.041 0.099 0.686 
 663 L _   0.042 0.084 0.002 0.032 0.025 0.041 0.096 0.679 
