#TopoPred_TM8: 8-state transmembrane topology prediction results by no_profile mode 
#probabilities are in the order of H E C I L F X _, the 8 transmembrane topology types used in PDBTM 
   1 M _   0.018 0.001 0.002 0.030 0.009 0.010 0.415 0.515 
   2 K _   0.005 0.000 0.000 0.011 0.001 0.004 0.421 0.558 
   3 A _   0.003 0.000 0.000 0.004 0.000 0.002 0.419 0.572 
   4 P _   0.009 0.000 0.000 0.003 0.001 0.004 0.409 0.574 
   5 A _   0.043 0.000 0.001 0.003 0.003 0.010 0.387 0.554 
   6 V _   0.138 0.000 0.001 0.002 0.008 0.019 0.344 0.487 
   7 L _   0.270 0.000 0.001 0.002 0.013 0.028 0.298 0.386 
   8 A H   0.401 0.000 0.002 0.003 0.019 0.035 0.254 0.287 
   9 P H   0.502 0.000 0.002 0.003 0.026 0.038 0.220 0.209 
  10 G H   0.568 0.000 0.002 0.003 0.034 0.039 0.196 0.158 
  11 I H   0.610 0.000 0.002 0.003 0.039 0.038 0.181 0.126 
  12 L H   0.632 0.001 0.002 0.004 0.042 0.036 0.172 0.111 
  13 V H   0.640 0.001 0.002 0.005 0.043 0.033 0.167 0.109 
  14 L H   0.634 0.001 0.002 0.006 0.043 0.031 0.164 0.119 
  15 L H   0.611 0.001 0.002 0.007 0.041 0.029 0.163 0.145 
  16 F H   0.567 0.002 0.002 0.008 0.037 0.026 0.164 0.194 
  17 T H   0.501 0.001 0.002 0.008 0.031 0.023 0.165 0.269 
  18 L H   0.416 0.001 0.002 0.007 0.023 0.019 0.168 0.364 
  19 V _   0.321 0.000 0.001 0.005 0.015 0.016 0.171 0.471 
  20 Q _   0.226 0.000 0.001 0.004 0.008 0.012 0.174 0.574 
  21 R _   0.147 0.000 0.001 0.002 0.005 0.009 0.176 0.660 
  22 S _   0.088 0.000 0.000 0.002 0.003 0.007 0.177 0.721 
  23 N _   0.052 0.000 0.000 0.002 0.002 0.006 0.178 0.759 
  24 G _   0.031 0.000 0.000 0.002 0.002 0.006 0.178 0.781 
  25 E _   0.020 0.000 0.000 0.003 0.002 0.006 0.177 0.792 
  26 C _   0.014 0.001 0.000 0.004 0.002 0.006 0.176 0.797 
  27 K _   0.011 0.002 0.000 0.006 0.002 0.007 0.174 0.798 
  28 E _   0.009 0.003 0.000 0.008 0.003 0.008 0.171 0.797 
  29 A _   0.008 0.005 0.000 0.011 0.004 0.009 0.168 0.794 
  30 L _   0.007 0.008 0.001 0.014 0.004 0.010 0.165 0.792 
  31 A _   0.007 0.010 0.001 0.017 0.005 0.010 0.161 0.790 
  32 K _   0.007 0.011 0.001 0.018 0.005 0.010 0.158 0.790 
  33 S _   0.007 0.012 0.001 0.019 0.005 0.010 0.156 0.791 
  34 E _   0.007 0.012 0.001 0.019 0.005 0.011 0.154 0.792 
  35 M _   0.007 0.012 0.001 0.018 0.005 0.011 0.152 0.794 
  36 N _   0.007 0.012 0.001 0.017 0.005 0.010 0.151 0.797 
  37 V _   0.007 0.011 0.001 0.016 0.005 0.010 0.150 0.800 
  38 N _   0.008 0.010 0.001 0.014 0.004 0.010 0.149 0.804 
  39 M _   0.008 0.009 0.001 0.013 0.004 0.010 0.149 0.808 
  40 K _   0.008 0.007 0.000 0.011 0.004 0.009 0.148 0.813 
  41 Y _   0.007 0.006 0.000 0.009 0.003 0.009 0.147 0.818 
  42 Q _   0.007 0.004 0.000 0.008 0.003 0.008 0.146 0.823 
  43 L _   0.007 0.003 0.000 0.007 0.003 0.008 0.145 0.826 
  44 P _   0.007 0.003 0.000 0.006 0.003 0.009 0.144 0.829 
  45 N _   0.007 0.002 0.000 0.006 0.003 0.009 0.142 0.831 
  46 F _   0.007 0.002 0.000 0.006 0.003 0.010 0.140 0.831 
  47 T _   0.008 0.002 0.000 0.006 0.003 0.012 0.138 0.830 
  48 A _   0.010 0.002 0.000 0.007 0.004 0.013 0.136 0.828 
  49 E _   0.011 0.002 0.001 0.008 0.005 0.016 0.134 0.825 
  50 T _   0.013 0.002 0.001 0.009 0.006 0.018 0.132 0.820 
  51 P _   0.015 0.003 0.001 0.010 0.007 0.021 0.129 0.815 
  52 I _   0.018 0.003 0.001 0.010 0.008 0.024 0.127 0.808 
  53 Q _   0.023 0.003 0.001 0.011 0.009 0.028 0.124 0.801 
  54 N _   0.028 0.003 0.001 0.011 0.011 0.032 0.121 0.792 
  55 V _   0.035 0.004 0.001 0.011 0.013 0.036 0.119 0.782 
  56 I _   0.044 0.004 0.001 0.010 0.015 0.040 0.117 0.769 
  57 L _   0.053 0.004 0.001 0.010 0.018 0.045 0.114 0.755 
  58 H _   0.063 0.005 0.001 0.010 0.021 0.049 0.112 0.738 
  59 E _   0.074 0.006 0.001 0.011 0.025 0.053 0.110 0.719 
  60 H _   0.085 0.008 0.002 0.012 0.029 0.056 0.109 0.700 
  61 H _   0.095 0.010 0.002 0.014 0.032 0.058 0.108 0.682 
  62 I _   0.102 0.013 0.002 0.016 0.035 0.059 0.107 0.666 
  63 F _   0.107 0.016 0.002 0.019 0.038 0.058 0.107 0.654 
  64 L _   0.109 0.018 0.002 0.022 0.038 0.057 0.107 0.647 
  65 G _   0.108 0.020 0.002 0.025 0.037 0.054 0.108 0.646 
  66 A _   0.103 0.022 0.002 0.026 0.035 0.050 0.109 0.652 
  67 T _   0.095 0.022 0.002 0.027 0.031 0.046 0.111 0.667 
  68 N _   0.084 0.020 0.002 0.025 0.026 0.040 0.114 0.688 
  69 Y _   0.072 0.018 0.002 0.023 0.021 0.035 0.116 0.713 
  70 I _   0.060 0.015 0.001 0.019 0.016 0.030 0.119 0.740 
  71 Y _   0.048 0.012 0.001 0.016 0.011 0.025 0.122 0.765 
  72 V _   0.038 0.010 0.001 0.012 0.008 0.020 0.124 0.787 
  73 L _   0.029 0.007 0.001 0.009 0.006 0.017 0.127 0.805 
  74 N _   0.022 0.006 0.001 0.007 0.004 0.014 0.128 0.818 
  75 E _   0.017 0.005 0.000 0.006 0.003 0.012 0.129 0.828 
  76 E _   0.013 0.004 0.000 0.006 0.003 0.010 0.130 0.833 
  77 D _   0.011 0.004 0.000 0.005 0.003 0.009 0.130 0.837 
  78 L _   0.010 0.004 0.000 0.006 0.003 0.009 0.130 0.838 
  79 Q _   0.009 0.005 0.000 0.007 0.003 0.009 0.130 0.838 
  80 K _   0.008 0.006 0.000 0.008 0.003 0.009 0.130 0.836 
  81 V _   0.008 0.008 0.000 0.009 0.003 0.009 0.129 0.833 
  82 A _   0.008 0.009 0.000 0.011 0.004 0.009 0.128 0.830 
  83 E _   0.008 0.011 0.000 0.012 0.004 0.009 0.128 0.827 
  84 Y _   0.008 0.013 0.001 0.013 0.004 0.010 0.127 0.824 
  85 K _   0.008 0.014 0.001 0.014 0.004 0.010 0.127 0.822 
  86 T _   0.007 0.015 0.001 0.015 0.004 0.010 0.127 0.821 
  87 G _   0.007 0.016 0.001 0.015 0.004 0.009 0.127 0.821 
  88 P _   0.007 0.017 0.000 0.015 0.004 0.009 0.127 0.821 
  89 V _   0.007 0.017 0.000 0.014 0.004 0.009 0.127 0.821 
  90 L _   0.007 0.018 0.000 0.014 0.004 0.009 0.127 0.822 
  91 E _   0.007 0.018 0.000 0.013 0.004 0.008 0.127 0.823 
  92 H _   0.006 0.017 0.000 0.013 0.003 0.008 0.127 0.825 
  93 P _   0.006 0.017 0.000 0.012 0.003 0.007 0.127 0.827 
  94 D _   0.006 0.017 0.000 0.011 0.003 0.007 0.126 0.830 
  95 C _   0.005 0.017 0.000 0.010 0.003 0.006 0.126 0.833 
  96 F _   0.005 0.017 0.000 0.009 0.002 0.006 0.125 0.836 
  97 P _   0.005 0.017 0.000 0.008 0.002 0.006 0.124 0.838 
  98 C _   0.004 0.018 0.000 0.007 0.002 0.006 0.122 0.841 
  99 Q _   0.004 0.019 0.000 0.007 0.002 0.006 0.120 0.842 
 100 D _   0.004 0.021 0.000 0.007 0.002 0.006 0.118 0.843 
 101 C _   0.004 0.024 0.000 0.008 0.002 0.006 0.115 0.841 
 102 S _   0.004 0.030 0.000 0.009 0.002 0.007 0.111 0.836 
 103 S _   0.004 0.038 0.000 0.011 0.003 0.008 0.107 0.828 
 104 K _   0.004 0.049 0.000 0.014 0.004 0.009 0.103 0.817 
 105 A _   0.004 0.063 0.001 0.017 0.004 0.010 0.098 0.803 
 106 N _   0.004 0.078 0.001 0.020 0.005 0.011 0.093 0.788 
 107 L _   0.005 0.092 0.001 0.022 0.006 0.011 0.089 0.774 
 108 S _   0.005 0.105 0.001 0.024 0.006 0.012 0.085 0.764 
 109 G _   0.005 0.115 0.001 0.024 0.006 0.013 0.082 0.756 
 110 G _   0.005 0.122 0.001 0.023 0.006 0.013 0.078 0.750 
 111 V _   0.006 0.129 0.001 0.022 0.006 0.014 0.076 0.747 
 112 W _   0.007 0.134 0.001 0.021 0.007 0.015 0.073 0.743 
 113 K _   0.008 0.139 0.001 0.020 0.007 0.017 0.071 0.737 
 114 D _   0.009 0.145 0.001 0.021 0.008 0.019 0.069 0.728 
 115 N _   0.010 0.151 0.001 0.023 0.010 0.020 0.067 0.717 
 116 I _   0.012 0.159 0.001 0.027 0.012 0.022 0.065 0.702 
 117 N _   0.014 0.166 0.001 0.031 0.013 0.023 0.064 0.687 
 118 M _   0.015 0.171 0.001 0.036 0.014 0.024 0.063 0.675 
 119 A _   0.016 0.174 0.001 0.039 0.015 0.024 0.062 0.669 
 120 L _   0.016 0.172 0.001 0.040 0.015 0.023 0.062 0.671 
 121 V _   0.016 0.166 0.001 0.038 0.014 0.022 0.062 0.682 
 122 V _   0.015 0.155 0.001 0.033 0.012 0.020 0.063 0.702 
 123 D _   0.014 0.138 0.001 0.027 0.010 0.018 0.063 0.729 
 124 T _   0.013 0.117 0.001 0.020 0.008 0.016 0.064 0.760 
 125 Y _   0.011 0.097 0.001 0.015 0.007 0.015 0.065 0.790 
 126 Y _   0.010 0.082 0.001 0.010 0.005 0.013 0.065 0.813 
 127 D _   0.009 0.073 0.001 0.008 0.004 0.013 0.066 0.827 
 128 D _   0.009 0.068 0.000 0.007 0.004 0.012 0.066 0.834 
 129 Q _   0.008 0.067 0.000 0.007 0.004 0.012 0.065 0.836 
 130 L _   0.009 0.068 0.000 0.009 0.004 0.013 0.065 0.832 
 131 I _   0.009 0.072 0.001 0.011 0.005 0.014 0.064 0.825 
 132 S _   0.009 0.078 0.001 0.014 0.006 0.014 0.063 0.814 
 133 C _   0.010 0.085 0.001 0.018 0.007 0.015 0.062 0.803 
 134 G _   0.010 0.091 0.001 0.022 0.008 0.016 0.061 0.792 
 135 S _   0.010 0.096 0.001 0.024 0.009 0.016 0.060 0.783 
 136 V _   0.010 0.100 0.001 0.026 0.009 0.016 0.059 0.778 
 137 N _   0.010 0.102 0.001 0.027 0.009 0.017 0.059 0.775 
 138 R _   0.010 0.102 0.001 0.027 0.009 0.016 0.059 0.775 
 139 G _   0.010 0.101 0.001 0.027 0.009 0.016 0.059 0.777 
 140 T _   0.010 0.098 0.001 0.026 0.009 0.015 0.060 0.781 
 141 C _   0.010 0.094 0.001 0.025 0.008 0.015 0.060 0.788 
 142 Q _   0.010 0.088 0.001 0.023 0.007 0.014 0.061 0.796 
 143 R _   0.009 0.081 0.001 0.021 0.007 0.013 0.062 0.807 
 144 H _   0.009 0.072 0.001 0.018 0.006 0.012 0.063 0.820 
 145 V _   0.008 0.063 0.001 0.015 0.005 0.010 0.064 0.833 
 146 F _   0.007 0.055 0.001 0.012 0.004 0.010 0.065 0.847 
 147 P _   0.007 0.047 0.000 0.009 0.003 0.009 0.066 0.858 
 148 H _   0.006 0.041 0.000 0.007 0.003 0.008 0.066 0.867 
 149 N _   0.006 0.038 0.000 0.006 0.003 0.008 0.067 0.872 
 150 H _   0.006 0.036 0.000 0.006 0.003 0.009 0.067 0.874 
 151 T _   0.006 0.036 0.000 0.006 0.003 0.010 0.066 0.872 
 152 A _   0.007 0.038 0.000 0.007 0.003 0.012 0.066 0.867 
 153 D _   0.009 0.042 0.001 0.010 0.005 0.014 0.065 0.856 
 154 I _   0.010 0.050 0.001 0.014 0.006 0.016 0.064 0.839 
 155 Q _   0.012 0.061 0.001 0.019 0.009 0.019 0.063 0.817 
 156 S _   0.013 0.073 0.001 0.026 0.011 0.021 0.062 0.793 
 157 E _   0.014 0.085 0.001 0.033 0.013 0.023 0.060 0.770 
 158 V _   0.014 0.094 0.001 0.040 0.015 0.024 0.060 0.751 
 159 H _   0.015 0.100 0.001 0.045 0.016 0.024 0.059 0.739 
 160 C _   0.015 0.102 0.001 0.048 0.016 0.024 0.059 0.734 
 161 I _   0.015 0.100 0.001 0.048 0.016 0.023 0.060 0.737 
 162 F _   0.014 0.095 0.001 0.045 0.015 0.021 0.061 0.747 
 163 S _   0.014 0.085 0.001 0.039 0.013 0.019 0.062 0.766 
 164 P _   0.013 0.071 0.001 0.032 0.010 0.017 0.064 0.791 
 165 Q _   0.012 0.053 0.001 0.024 0.008 0.015 0.066 0.821 
 166 I _   0.011 0.034 0.001 0.016 0.006 0.013 0.068 0.852 
 167 E _   0.010 0.019 0.001 0.010 0.004 0.012 0.069 0.876 
 168 E _   0.009 0.009 0.000 0.006 0.003 0.011 0.070 0.893 
 169 P _   0.008 0.004 0.000 0.004 0.002 0.010 0.070 0.902 
 170 S _   0.009 0.002 0.000 0.002 0.002 0.011 0.069 0.903 
 171 Q _   0.012 0.002 0.000 0.002 0.002 0.013 0.069 0.900 
 172 C _   0.017 0.002 0.000 0.003 0.003 0.018 0.068 0.890 
 173 P _   0.025 0.003 0.001 0.004 0.006 0.024 0.066 0.871 
 174 D _   0.036 0.007 0.001 0.008 0.011 0.033 0.064 0.841 
 175 C _   0.049 0.016 0.001 0.014 0.019 0.043 0.062 0.796 
 176 V _   0.062 0.031 0.002 0.023 0.030 0.053 0.059 0.741 
 177 V _   0.072 0.048 0.002 0.035 0.039 0.060 0.056 0.688 
 178 S _   0.079 0.062 0.003 0.045 0.046 0.064 0.054 0.646 
 179 A _   0.084 0.071 0.003 0.053 0.050 0.066 0.053 0.621 
 180 L _   0.085 0.075 0.003 0.056 0.050 0.065 0.053 0.613 
 181 G _   0.085 0.075 0.003 0.054 0.048 0.063 0.052 0.621 
 182 A _   0.082 0.069 0.003 0.047 0.042 0.059 0.053 0.645 
 183 K _   0.077 0.059 0.002 0.037 0.035 0.054 0.054 0.682 
 184 V _   0.072 0.044 0.002 0.026 0.027 0.049 0.055 0.726 
 185 L _   0.064 0.028 0.002 0.017 0.019 0.045 0.055 0.770 
 186 S _   0.057 0.017 0.001 0.010 0.013 0.041 0.056 0.805 
 187 S _   0.051 0.011 0.001 0.006 0.010 0.038 0.056 0.828 
 188 V _   0.047 0.009 0.001 0.004 0.008 0.036 0.057 0.838 
 189 K _   0.046 0.008 0.001 0.005 0.008 0.036 0.057 0.839 
 190 D _   0.047 0.010 0.001 0.006 0.010 0.038 0.056 0.832 
 191 R _   0.048 0.015 0.001 0.010 0.013 0.039 0.056 0.817 
 192 F _   0.050 0.025 0.001 0.017 0.017 0.041 0.056 0.792 
 193 I _   0.050 0.040 0.002 0.027 0.022 0.042 0.056 0.762 
 194 N _   0.049 0.055 0.002 0.037 0.025 0.041 0.056 0.734 
 195 F _   0.047 0.066 0.002 0.046 0.026 0.039 0.056 0.717 
 196 F _   0.044 0.072 0.002 0.052 0.026 0.037 0.057 0.711 
 197 V _   0.039 0.074 0.002 0.053 0.024 0.033 0.058 0.716 
 198 G _   0.035 0.073 0.002 0.050 0.020 0.029 0.060 0.730 
 199 N _   0.030 0.067 0.001 0.043 0.017 0.025 0.062 0.754 
 200 T _   0.025 0.058 0.001 0.034 0.012 0.021 0.065 0.784 
 201 I _   0.021 0.045 0.001 0.024 0.009 0.017 0.068 0.816 
 202 N _   0.017 0.032 0.001 0.016 0.006 0.013 0.070 0.845 
 203 S _   0.013 0.021 0.000 0.010 0.004 0.011 0.072 0.869 
 204 S _   0.010 0.014 0.000 0.006 0.002 0.008 0.073 0.885 
 205 Y _   0.008 0.011 0.000 0.004 0.002 0.007 0.074 0.895 
 206 F _   0.007 0.009 0.000 0.003 0.002 0.006 0.074 0.899 
 207 P _   0.006 0.009 0.000 0.003 0.002 0.007 0.073 0.900 
 208 D _   0.006 0.011 0.000 0.004 0.002 0.007 0.072 0.897 
 209 H _   0.007 0.015 0.000 0.006 0.003 0.009 0.071 0.890 
 210 P _   0.007 0.025 0.000 0.009 0.004 0.011 0.069 0.875 
 211 L _   0.008 0.041 0.001 0.014 0.006 0.013 0.067 0.850 
 212 H _   0.009 0.064 0.001 0.021 0.007 0.015 0.064 0.820 
 213 S _   0.009 0.089 0.001 0.027 0.009 0.016 0.061 0.788 
 214 I _   0.009 0.110 0.001 0.033 0.010 0.017 0.058 0.762 
 215 S _   0.009 0.126 0.001 0.036 0.010 0.017 0.056 0.744 
 216 V _   0.009 0.135 0.001 0.037 0.010 0.017 0.054 0.737 
 217 R _   0.008 0.140 0.001 0.034 0.010 0.017 0.053 0.736 
 218 R _   0.008 0.141 0.001 0.031 0.009 0.016 0.052 0.742 
 219 L _   0.008 0.140 0.001 0.026 0.008 0.015 0.052 0.751 
 220 K _   0.008 0.136 0.001 0.021 0.007 0.015 0.051 0.761 
 221 E _   0.008 0.132 0.001 0.017 0.006 0.015 0.051 0.770 
 222 T _   0.008 0.129 0.001 0.015 0.006 0.014 0.051 0.776 
 223 K _   0.009 0.128 0.001 0.014 0.006 0.015 0.051 0.778 
 224 D _   0.010 0.127 0.001 0.015 0.006 0.015 0.050 0.776 
 225 G _   0.010 0.128 0.001 0.016 0.007 0.015 0.050 0.773 
 226 F _   0.011 0.129 0.001 0.019 0.007 0.016 0.050 0.768 
 227 M _   0.012 0.129 0.001 0.021 0.008 0.016 0.050 0.765 
 228 F _   0.012 0.128 0.001 0.022 0.008 0.016 0.050 0.764 
 229 L _   0.011 0.125 0.001 0.022 0.008 0.015 0.050 0.768 
 230 T _   0.011 0.120 0.001 0.021 0.008 0.015 0.050 0.774 
 231 D _   0.011 0.113 0.001 0.020 0.008 0.014 0.050 0.783 
 232 Q _   0.010 0.105 0.001 0.019 0.007 0.014 0.051 0.793 
 233 S _   0.010 0.097 0.001 0.018 0.007 0.013 0.052 0.803 
 234 Y _   0.010 0.089 0.001 0.017 0.006 0.013 0.052 0.812 
 235 I _   0.010 0.081 0.001 0.016 0.006 0.012 0.053 0.820 
 236 D _   0.010 0.074 0.001 0.016 0.006 0.012 0.054 0.828 
 237 V _   0.010 0.066 0.001 0.016 0.005 0.011 0.055 0.837 
 238 L _   0.009 0.058 0.001 0.014 0.005 0.011 0.055 0.846 
 239 P _   0.009 0.050 0.001 0.013 0.005 0.010 0.056 0.856 
 240 E _   0.008 0.042 0.001 0.011 0.004 0.010 0.057 0.868 
 241 F _   0.008 0.035 0.000 0.009 0.004 0.009 0.057 0.878 
 242 R _   0.007 0.030 0.000 0.008 0.003 0.009 0.057 0.886 
 243 D _   0.007 0.026 0.000 0.007 0.003 0.009 0.057 0.890 
 244 S _   0.007 0.025 0.000 0.007 0.003 0.009 0.057 0.892 
 245 Y _   0.007 0.024 0.000 0.007 0.003 0.010 0.057 0.891 
 246 P _   0.008 0.025 0.000 0.008 0.004 0.011 0.056 0.887 
 247 I _   0.008 0.026 0.001 0.010 0.004 0.013 0.056 0.882 
 248 K _   0.009 0.029 0.001 0.012 0.005 0.014 0.055 0.875 
 249 Y _   0.009 0.031 0.001 0.014 0.006 0.015 0.054 0.869 
 250 V _   0.010 0.034 0.001 0.015 0.006 0.017 0.054 0.864 
 251 H _   0.011 0.036 0.001 0.015 0.007 0.018 0.053 0.860 
 252 A _   0.012 0.038 0.001 0.015 0.007 0.020 0.052 0.856 
 253 F _   0.013 0.039 0.001 0.014 0.008 0.022 0.051 0.853 
 254 E _   0.015 0.041 0.001 0.013 0.009 0.024 0.050 0.847 
 255 S _   0.018 0.044 0.001 0.013 0.010 0.027 0.050 0.837 
 256 N _   0.022 0.048 0.001 0.015 0.013 0.031 0.049 0.822 
 257 N _   0.026 0.054 0.001 0.019 0.016 0.034 0.048 0.802 
 258 F _   0.030 0.062 0.001 0.025 0.020 0.037 0.047 0.778 
 259 I _   0.033 0.070 0.002 0.032 0.023 0.039 0.047 0.755 
 260 Y _   0.035 0.076 0.002 0.039 0.025 0.040 0.047 0.737 
 261 F _   0.036 0.079 0.002 0.043 0.026 0.040 0.047 0.728 
 262 L _   0.035 0.078 0.002 0.044 0.025 0.038 0.047 0.730 
 263 T _   0.033 0.074 0.002 0.042 0.022 0.036 0.048 0.743 
 264 V _   0.031 0.066 0.002 0.035 0.019 0.033 0.049 0.765 
 265 Q _   0.028 0.054 0.001 0.027 0.015 0.030 0.050 0.794 
 266 R _   0.025 0.038 0.001 0.019 0.012 0.027 0.052 0.826 
 267 E _   0.023 0.024 0.001 0.013 0.008 0.025 0.053 0.854 
 268 T _   0.022 0.013 0.001 0.008 0.006 0.023 0.053 0.874 
 269 L _   0.021 0.008 0.001 0.005 0.005 0.023 0.054 0.885 
 270 D _   0.022 0.005 0.000 0.004 0.004 0.023 0.054 0.887 
 271 A _   0.025 0.005 0.000 0.004 0.005 0.025 0.054 0.882 
 272 Q _   0.029 0.005 0.001 0.005 0.007 0.029 0.053 0.872 
 273 T _   0.035 0.007 0.001 0.007 0.010 0.033 0.053 0.854 
 274 F _   0.042 0.012 0.001 0.010 0.015 0.038 0.053 0.829 
 275 H _   0.048 0.020 0.001 0.016 0.021 0.043 0.052 0.798 
 276 T _   0.054 0.031 0.002 0.023 0.027 0.047 0.051 0.765 
 277 R _   0.059 0.041 0.002 0.030 0.032 0.049 0.051 0.736 
 278 I _   0.061 0.049 0.002 0.036 0.035 0.050 0.051 0.717 
 279 I _   0.061 0.054 0.002 0.039 0.036 0.049 0.051 0.708 
 280 R _   0.059 0.056 0.002 0.040 0.034 0.047 0.052 0.710 
 281 F _   0.055 0.055 0.002 0.038 0.031 0.044 0.054 0.722 
 282 C _   0.051 0.051 0.002 0.033 0.027 0.040 0.055 0.741 
 283 S _   0.046 0.045 0.002 0.027 0.022 0.036 0.057 0.766 
 284 I _   0.041 0.038 0.001 0.021 0.017 0.033 0.059 0.791 
 285 N _   0.035 0.031 0.001 0.015 0.012 0.029 0.060 0.816 
 286 S _   0.031 0.025 0.001 0.011 0.009 0.026 0.062 0.836 
 287 G _   0.028 0.021 0.001 0.008 0.007 0.024 0.063 0.848 
 288 L _   0.025 0.019 0.001 0.007 0.006 0.023 0.064 0.855 
 289 H _   0.024 0.019 0.001 0.007 0.006 0.022 0.065 0.857 
 290 S _   0.023 0.019 0.001 0.008 0.007 0.023 0.065 0.854 
 291 Y _   0.023 0.022 0.001 0.010 0.008 0.023 0.066 0.846 
 292 M _   0.024 0.027 0.001 0.015 0.010 0.024 0.066 0.833 
 293 E _   0.025 0.033 0.001 0.021 0.012 0.025 0.067 0.817 
 294 M _   0.025 0.039 0.001 0.027 0.013 0.025 0.068 0.802 
 295 P _   0.025 0.043 0.001 0.033 0.014 0.025 0.069 0.790 
 296 L _   0.024 0.045 0.001 0.036 0.014 0.024 0.070 0.784 
 297 E _   0.022 0.045 0.001 0.037 0.013 0.022 0.073 0.786 
 298 C _   0.020 0.043 0.001 0.035 0.012 0.019 0.075 0.795 
 299 I _   0.018 0.038 0.001 0.029 0.009 0.017 0.078 0.810 
 300 L _   0.015 0.030 0.001 0.023 0.007 0.014 0.080 0.829 
 301 T _   0.013 0.021 0.001 0.016 0.005 0.012 0.083 0.850 
 302 E _   0.011 0.012 0.000 0.010 0.003 0.010 0.085 0.869 
 303 K _   0.009 0.006 0.000 0.006 0.002 0.008 0.087 0.882 
 304 R _   0.007 0.003 0.000 0.003 0.002 0.007 0.087 0.890 
 305 K _   0.007 0.002 0.000 0.002 0.001 0.007 0.088 0.894 
 306 K _   0.007 0.001 0.000 0.002 0.001 0.007 0.087 0.894 
 307 R _   0.008 0.001 0.000 0.002 0.002 0.009 0.087 0.891 
 308 S _   0.011 0.002 0.000 0.003 0.003 0.013 0.086 0.883 
 309 T _   0.016 0.005 0.000 0.005 0.005 0.018 0.084 0.866 
 310 K _   0.022 0.014 0.001 0.010 0.009 0.025 0.081 0.838 
 311 K _   0.028 0.033 0.001 0.019 0.015 0.032 0.078 0.793 
 312 E _   0.034 0.060 0.002 0.031 0.022 0.038 0.075 0.739 
 313 V _   0.038 0.085 0.002 0.044 0.028 0.042 0.072 0.690 
 314 F _   0.040 0.103 0.002 0.056 0.031 0.044 0.069 0.654 
 315 N _   0.042 0.113 0.002 0.063 0.033 0.044 0.068 0.635 
 316 I _   0.043 0.117 0.002 0.064 0.032 0.042 0.067 0.633 
 317 L _   0.042 0.115 0.002 0.060 0.029 0.040 0.067 0.645 
 318 Q _   0.040 0.107 0.002 0.050 0.025 0.036 0.067 0.672 
 319 A _   0.037 0.093 0.002 0.038 0.020 0.032 0.068 0.709 
 320 A _   0.033 0.073 0.001 0.026 0.015 0.028 0.069 0.753 
 321 Y _   0.029 0.054 0.001 0.016 0.011 0.025 0.069 0.795 
 322 V _   0.025 0.040 0.001 0.010 0.007 0.022 0.070 0.826 
 323 S _   0.021 0.032 0.001 0.007 0.005 0.020 0.070 0.845 
 324 K _   0.019 0.030 0.000 0.006 0.004 0.019 0.070 0.853 
 325 P _   0.018 0.030 0.000 0.006 0.005 0.019 0.069 0.854 
 326 G _   0.017 0.032 0.001 0.008 0.006 0.019 0.069 0.849 
 327 A _   0.017 0.037 0.001 0.012 0.007 0.020 0.068 0.839 
 328 Q _   0.016 0.044 0.001 0.017 0.008 0.020 0.067 0.827 
 329 L _   0.016 0.051 0.001 0.021 0.009 0.020 0.066 0.816 
 330 A _   0.015 0.056 0.001 0.023 0.010 0.020 0.066 0.809 
 331 R _   0.014 0.059 0.001 0.023 0.010 0.019 0.065 0.808 
 332 Q _   0.014 0.060 0.001 0.021 0.009 0.018 0.065 0.812 
 333 I _   0.013 0.060 0.001 0.018 0.008 0.018 0.065 0.818 
 334 G _   0.013 0.059 0.001 0.014 0.006 0.017 0.065 0.825 
 335 A _   0.013 0.058 0.001 0.011 0.006 0.017 0.065 0.830 
 336 S _   0.013 0.057 0.001 0.009 0.005 0.017 0.065 0.832 
 337 L _   0.014 0.059 0.001 0.009 0.006 0.018 0.065 0.828 
 338 N _   0.016 0.064 0.001 0.011 0.007 0.020 0.065 0.817 
 339 D _   0.018 0.073 0.001 0.015 0.009 0.023 0.064 0.796 
 340 D _   0.021 0.088 0.001 0.023 0.013 0.025 0.064 0.766 
 341 I _   0.023 0.107 0.001 0.034 0.016 0.026 0.063 0.730 
 342 L _   0.024 0.124 0.002 0.046 0.018 0.027 0.063 0.697 
 343 F _   0.024 0.134 0.001 0.055 0.019 0.027 0.063 0.677 
 344 G _   0.022 0.139 0.001 0.060 0.018 0.025 0.065 0.669 
 345 V _   0.021 0.137 0.001 0.059 0.016 0.023 0.066 0.676 
 346 F _   0.018 0.130 0.001 0.053 0.014 0.020 0.069 0.695 
 347 A _   0.016 0.114 0.001 0.042 0.011 0.017 0.072 0.726 
 348 Q _   0.014 0.091 0.001 0.030 0.008 0.014 0.075 0.767 
 349 S _   0.011 0.064 0.001 0.019 0.005 0.011 0.078 0.810 
 350 K _   0.009 0.042 0.000 0.011 0.003 0.009 0.080 0.845 
 351 P _   0.007 0.029 0.000 0.006 0.002 0.007 0.082 0.867 
 352 D _   0.005 0.022 0.000 0.004 0.001 0.006 0.082 0.878 
 353 S _   0.005 0.020 0.000 0.003 0.001 0.006 0.082 0.883 
 354 A _   0.004 0.020 0.000 0.003 0.001 0.006 0.082 0.883 
 355 E _   0.005 0.023 0.000 0.004 0.002 0.008 0.080 0.877 
 356 P _   0.006 0.031 0.000 0.007 0.003 0.010 0.078 0.864 
 357 M _   0.008 0.048 0.001 0.012 0.005 0.014 0.075 0.838 
 358 D _   0.009 0.081 0.001 0.019 0.008 0.017 0.070 0.795 
 359 R _   0.010 0.125 0.001 0.028 0.011 0.020 0.064 0.739 
 360 S _   0.011 0.172 0.001 0.037 0.014 0.023 0.059 0.684 
 361 A _   0.011 0.213 0.001 0.044 0.015 0.024 0.055 0.637 
 362 M _   0.011 0.242 0.001 0.049 0.017 0.025 0.051 0.604 
 363 C _   0.011 0.260 0.001 0.052 0.017 0.025 0.048 0.586 
 364 A _   0.011 0.269 0.001 0.052 0.017 0.024 0.046 0.578 
 365 F _   0.012 0.273 0.001 0.050 0.016 0.023 0.045 0.579 
 366 P _   0.012 0.271 0.001 0.046 0.016 0.022 0.044 0.588 
 367 I _   0.012 0.264 0.001 0.041 0.014 0.021 0.044 0.602 
 368 K _   0.012 0.253 0.001 0.035 0.013 0.020 0.044 0.622 
 369 Y _   0.012 0.237 0.001 0.030 0.011 0.019 0.044 0.646 
 370 V _   0.012 0.220 0.001 0.026 0.010 0.017 0.045 0.670 
 371 N _   0.012 0.201 0.001 0.022 0.009 0.016 0.045 0.693 
 372 D _   0.012 0.183 0.001 0.019 0.008 0.015 0.046 0.716 
 373 F _   0.011 0.166 0.001 0.016 0.007 0.014 0.046 0.739 
 374 F _   0.011 0.151 0.001 0.014 0.006 0.013 0.047 0.758 
 375 N _   0.010 0.138 0.001 0.012 0.005 0.012 0.047 0.775 
 376 K _   0.009 0.128 0.001 0.010 0.004 0.012 0.048 0.788 
 377 I _   0.009 0.122 0.000 0.009 0.004 0.011 0.048 0.798 
 378 V _   0.008 0.117 0.000 0.008 0.004 0.011 0.047 0.803 
 379 N _   0.008 0.116 0.000 0.008 0.004 0.012 0.047 0.805 
 380 K _   0.009 0.117 0.000 0.010 0.004 0.012 0.046 0.802 
 381 N _   0.009 0.120 0.001 0.012 0.005 0.013 0.046 0.795 
 382 N _   0.010 0.125 0.001 0.015 0.006 0.014 0.045 0.784 
 383 V _   0.010 0.131 0.001 0.020 0.007 0.015 0.044 0.771 
 384 R _   0.010 0.137 0.001 0.024 0.008 0.016 0.044 0.760 
 385 C _   0.011 0.141 0.001 0.028 0.009 0.016 0.043 0.753 
 386 L _   0.010 0.142 0.001 0.029 0.009 0.015 0.043 0.751 
 387 Q _   0.010 0.140 0.001 0.028 0.008 0.014 0.043 0.756 
 388 H _   0.009 0.134 0.001 0.025 0.007 0.013 0.043 0.767 
 389 F _   0.008 0.125 0.001 0.021 0.006 0.012 0.043 0.783 
 390 Y _   0.008 0.114 0.001 0.016 0.005 0.011 0.044 0.802 
 391 G _   0.007 0.104 0.001 0.012 0.004 0.010 0.044 0.819 
 392 P _   0.007 0.096 0.000 0.009 0.003 0.010 0.044 0.831 
 393 N _   0.007 0.090 0.000 0.008 0.003 0.010 0.044 0.838 
 394 H _   0.007 0.088 0.000 0.008 0.003 0.010 0.044 0.840 
 395 E _   0.007 0.089 0.000 0.009 0.004 0.011 0.044 0.836 
 396 H _   0.008 0.093 0.001 0.012 0.005 0.012 0.043 0.827 
 397 C _   0.008 0.099 0.001 0.017 0.006 0.013 0.042 0.813 
 398 F _   0.009 0.106 0.001 0.024 0.007 0.014 0.042 0.798 
 399 N _   0.009 0.112 0.001 0.030 0.008 0.015 0.041 0.784 
 400 R _   0.009 0.115 0.001 0.035 0.009 0.015 0.040 0.776 
 401 T _   0.009 0.116 0.001 0.037 0.009 0.015 0.040 0.774 
 402 L _   0.009 0.113 0.001 0.036 0.009 0.014 0.040 0.778 
 403 L _   0.008 0.106 0.001 0.033 0.008 0.013 0.041 0.790 
 404 R _   0.008 0.094 0.001 0.029 0.007 0.012 0.042 0.808 
 405 N _   0.008 0.078 0.001 0.024 0.006 0.011 0.043 0.830 
 406 S _   0.007 0.060 0.001 0.018 0.005 0.010 0.044 0.855 
 407 S _   0.007 0.042 0.001 0.014 0.004 0.009 0.045 0.879 
 408 G _   0.007 0.028 0.000 0.010 0.003 0.008 0.045 0.898 
 409 C _   0.006 0.017 0.000 0.008 0.002 0.008 0.046 0.913 
 410 E _   0.006 0.011 0.000 0.006 0.002 0.007 0.046 0.922 
 411 A _   0.006 0.007 0.000 0.005 0.002 0.008 0.045 0.927 
 412 R _   0.006 0.004 0.000 0.004 0.002 0.008 0.045 0.930 
 413 R _   0.007 0.003 0.000 0.004 0.002 0.010 0.044 0.930 
 414 D _   0.008 0.003 0.000 0.005 0.002 0.012 0.042 0.927 
 415 E _   0.011 0.003 0.000 0.006 0.003 0.015 0.041 0.921 
 416 Y _   0.014 0.003 0.001 0.008 0.005 0.019 0.039 0.912 
 417 R _   0.020 0.004 0.001 0.011 0.007 0.024 0.036 0.898 
 418 T _   0.028 0.004 0.001 0.014 0.010 0.029 0.034 0.879 
 419 E _   0.039 0.005 0.001 0.018 0.014 0.035 0.031 0.856 
 420 F _   0.053 0.006 0.001 0.021 0.018 0.040 0.028 0.832 
 421 T _   0.071 0.006 0.002 0.022 0.022 0.044 0.026 0.808 
 422 T _   0.092 0.006 0.002 0.022 0.025 0.046 0.023 0.785 
 423 A _   0.119 0.005 0.002 0.019 0.026 0.047 0.021 0.761 
 424 L _   0.150 0.004 0.002 0.016 0.027 0.047 0.018 0.736 
 425 Q _   0.187 0.003 0.002 0.012 0.026 0.046 0.016 0.708 
 426 R _   0.230 0.002 0.002 0.009 0.025 0.044 0.014 0.675 
 427 V _   0.278 0.001 0.002 0.006 0.024 0.042 0.012 0.636 
 428 D _   0.330 0.000 0.001 0.004 0.022 0.039 0.010 0.594 
 429 L _   0.383 0.000 0.001 0.003 0.020 0.036 0.009 0.548 
 430 F _   0.435 0.000 0.001 0.002 0.019 0.033 0.007 0.503 
 431 M H   0.483 0.000 0.001 0.002 0.018 0.030 0.006 0.460 
 432 G H   0.529 0.000 0.001 0.002 0.017 0.027 0.005 0.418 
 433 Q H   0.570 0.000 0.001 0.001 0.017 0.025 0.005 0.380 
 434 F H   0.606 0.000 0.001 0.001 0.017 0.023 0.004 0.347 
 435 S H   0.636 0.000 0.001 0.001 0.018 0.022 0.004 0.318 
 436 E H   0.659 0.000 0.001 0.001 0.018 0.020 0.004 0.296 
 437 V H   0.677 0.000 0.001 0.001 0.019 0.019 0.003 0.279 
 438 L H   0.687 0.000 0.001 0.001 0.020 0.019 0.004 0.269 
 439 L H   0.686 0.000 0.001 0.001 0.021 0.019 0.004 0.268 
 440 T H   0.677 0.000 0.001 0.002 0.022 0.019 0.004 0.275 
 441 S H   0.657 0.000 0.001 0.002 0.023 0.019 0.005 0.293 
 442 I H   0.624 0.000 0.002 0.003 0.023 0.019 0.005 0.324 
 443 S H   0.578 0.000 0.002 0.003 0.022 0.019 0.007 0.368 
 444 T H   0.521 0.000 0.002 0.004 0.021 0.020 0.008 0.425 
 445 F _   0.454 0.000 0.002 0.004 0.019 0.020 0.009 0.492 
 446 I _   0.383 0.000 0.001 0.004 0.016 0.020 0.011 0.563 
 447 K _   0.310 0.000 0.001 0.005 0.013 0.019 0.013 0.638 
 448 G _   0.240 0.000 0.001 0.005 0.011 0.019 0.015 0.709 
 449 D _   0.182 0.000 0.001 0.005 0.009 0.018 0.016 0.768 
 450 L _   0.133 0.001 0.001 0.005 0.008 0.018 0.018 0.816 
 451 T _   0.098 0.001 0.001 0.006 0.006 0.018 0.019 0.852 
 452 I _   0.072 0.001 0.001 0.006 0.006 0.018 0.020 0.877 
 453 A _   0.053 0.002 0.001 0.006 0.005 0.018 0.021 0.894 
 454 N _   0.041 0.004 0.001 0.006 0.005 0.019 0.021 0.904 
 455 L _   0.033 0.007 0.001 0.007 0.006 0.020 0.021 0.906 
 456 G _   0.029 0.012 0.001 0.009 0.007 0.021 0.021 0.901 
 457 T _   0.027 0.019 0.001 0.011 0.009 0.024 0.021 0.889 
 458 S _   0.026 0.031 0.001 0.015 0.011 0.026 0.021 0.868 
 459 E _   0.026 0.049 0.001 0.021 0.015 0.029 0.020 0.838 
 460 G _   0.026 0.069 0.002 0.029 0.018 0.031 0.020 0.804 
 461 R _   0.026 0.090 0.002 0.038 0.021 0.032 0.020 0.771 
 462 F _   0.026 0.107 0.002 0.046 0.023 0.033 0.020 0.744 
 463 M _   0.026 0.117 0.002 0.052 0.024 0.032 0.020 0.728 
 464 Q _   0.025 0.123 0.002 0.054 0.023 0.030 0.021 0.723 
 465 V _   0.024 0.123 0.002 0.053 0.021 0.028 0.021 0.729 
 466 V _   0.022 0.119 0.001 0.048 0.018 0.025 0.023 0.744 
 467 V _   0.020 0.109 0.001 0.040 0.015 0.022 0.024 0.769 
 468 S _   0.018 0.094 0.001 0.031 0.012 0.019 0.025 0.800 
 469 R _   0.016 0.076 0.001 0.022 0.009 0.016 0.027 0.833 
 470 S _   0.014 0.058 0.001 0.015 0.006 0.014 0.028 0.863 
 471 G _   0.012 0.044 0.001 0.011 0.005 0.013 0.029 0.886 
 472 P _   0.010 0.036 0.000 0.008 0.004 0.011 0.030 0.900 
 473 S _   0.009 0.031 0.000 0.007 0.003 0.011 0.031 0.907 
 474 T _   0.009 0.029 0.000 0.008 0.003 0.010 0.031 0.909 
 475 P _   0.009 0.029 0.000 0.009 0.004 0.010 0.032 0.908 
 476 H _   0.009 0.029 0.000 0.011 0.004 0.011 0.032 0.904 
 477 V _   0.009 0.030 0.001 0.013 0.005 0.011 0.032 0.900 
 478 N _   0.008 0.031 0.001 0.015 0.005 0.011 0.032 0.897 
 479 F _   0.008 0.031 0.001 0.015 0.005 0.011 0.032 0.897 
 480 L _   0.008 0.031 0.001 0.015 0.005 0.010 0.032 0.899 
 481 L _   0.007 0.030 0.001 0.013 0.004 0.010 0.032 0.904 
 482 D _   0.007 0.028 0.000 0.011 0.004 0.009 0.032 0.909 
 483 S _   0.006 0.027 0.000 0.009 0.003 0.009 0.032 0.913 
 484 H _   0.006 0.027 0.000 0.008 0.003 0.009 0.032 0.915 
 485 P _   0.007 0.027 0.000 0.007 0.003 0.010 0.032 0.914 
 486 V _   0.007 0.029 0.000 0.008 0.004 0.011 0.031 0.908 
 487 S _   0.008 0.034 0.001 0.011 0.005 0.013 0.031 0.899 
 488 P _   0.009 0.040 0.001 0.014 0.006 0.014 0.030 0.886 
 489 E _   0.010 0.048 0.001 0.018 0.007 0.016 0.029 0.871 
 490 V _   0.011 0.055 0.001 0.021 0.008 0.017 0.028 0.859 
 491 I _   0.011 0.061 0.001 0.023 0.009 0.018 0.028 0.850 
 492 V _   0.011 0.065 0.001 0.023 0.009 0.018 0.027 0.846 
 493 E _   0.011 0.067 0.001 0.021 0.009 0.018 0.027 0.846 
 494 H _   0.011 0.068 0.001 0.018 0.008 0.018 0.026 0.850 
 495 T _   0.011 0.068 0.001 0.015 0.007 0.018 0.026 0.854 
 496 L _   0.012 0.069 0.001 0.013 0.007 0.018 0.026 0.856 
 497 N _   0.012 0.070 0.001 0.011 0.007 0.019 0.025 0.855 
 498 Q _   0.013 0.073 0.001 0.011 0.007 0.020 0.025 0.851 
 499 N _   0.014 0.079 0.001 0.012 0.008 0.021 0.024 0.840 
 500 G _   0.016 0.089 0.001 0.015 0.010 0.022 0.024 0.824 
 501 Y _   0.018 0.100 0.001 0.018 0.011 0.023 0.023 0.806 
 502 T _   0.019 0.113 0.001 0.021 0.013 0.024 0.022 0.787 
 503 L _   0.019 0.124 0.001 0.024 0.014 0.024 0.022 0.771 
 504 V _   0.019 0.134 0.001 0.026 0.014 0.024 0.022 0.760 
 505 I _   0.019 0.140 0.001 0.026 0.014 0.023 0.021 0.755 
 506 T _   0.019 0.144 0.001 0.025 0.013 0.022 0.021 0.756 
 507 G _   0.018 0.145 0.001 0.023 0.012 0.021 0.021 0.760 
 508 K _   0.017 0.145 0.001 0.020 0.010 0.020 0.021 0.766 
 509 K _   0.016 0.144 0.001 0.017 0.009 0.019 0.021 0.773 
 510 I _   0.015 0.143 0.001 0.015 0.008 0.018 0.021 0.780 
 511 T _   0.014 0.142 0.001 0.013 0.007 0.017 0.022 0.784 
 512 K _   0.013 0.143 0.001 0.012 0.006 0.017 0.022 0.787 
 513 I _   0.012 0.145 0.001 0.012 0.006 0.016 0.022 0.786 
 514 P _   0.012 0.149 0.001 0.013 0.006 0.016 0.021 0.782 
 515 L _   0.012 0.154 0.001 0.014 0.007 0.016 0.021 0.776 
 516 N _   0.012 0.159 0.001 0.015 0.007 0.016 0.021 0.769 
 517 G _   0.011 0.166 0.001 0.017 0.008 0.016 0.021 0.761 
 518 L _   0.011 0.171 0.001 0.019 0.008 0.016 0.021 0.754 
 519 G _   0.010 0.175 0.001 0.020 0.008 0.016 0.021 0.749 
 520 C _   0.010 0.177 0.001 0.021 0.008 0.015 0.021 0.747 
 521 R _   0.009 0.177 0.001 0.021 0.008 0.015 0.021 0.748 
 522 H _   0.009 0.176 0.001 0.020 0.007 0.014 0.021 0.753 
 523 F _   0.008 0.172 0.001 0.018 0.007 0.013 0.021 0.760 
 524 Q _   0.008 0.167 0.001 0.016 0.006 0.013 0.021 0.768 
 525 S _   0.008 0.162 0.001 0.014 0.005 0.012 0.021 0.776 
 526 C _   0.008 0.156 0.001 0.013 0.005 0.012 0.022 0.784 
 527 S _   0.008 0.152 0.001 0.012 0.005 0.012 0.022 0.789 
 528 Q _   0.008 0.149 0.001 0.011 0.005 0.013 0.022 0.792 
 529 C _   0.009 0.148 0.001 0.012 0.005 0.014 0.022 0.790 
 530 L _   0.010 0.148 0.001 0.013 0.006 0.015 0.022 0.786 
 531 S _   0.011 0.150 0.001 0.015 0.007 0.016 0.022 0.777 
 532 A _   0.012 0.153 0.001 0.019 0.009 0.018 0.022 0.767 
 533 P _   0.013 0.157 0.001 0.023 0.010 0.019 0.022 0.756 
 534 P _   0.014 0.159 0.001 0.027 0.011 0.020 0.023 0.745 
 535 F _   0.015 0.160 0.001 0.030 0.012 0.020 0.023 0.739 
 536 V _   0.015 0.158 0.001 0.032 0.012 0.020 0.024 0.739 
 537 Q _   0.015 0.152 0.001 0.031 0.012 0.019 0.024 0.745 
 538 C _   0.014 0.142 0.001 0.030 0.011 0.018 0.025 0.758 
 539 G _   0.013 0.128 0.001 0.026 0.010 0.017 0.026 0.778 
 540 W _   0.012 0.110 0.001 0.022 0.009 0.016 0.028 0.802 
 541 C _   0.012 0.091 0.001 0.017 0.007 0.015 0.029 0.829 
 542 H _   0.010 0.074 0.001 0.013 0.006 0.014 0.030 0.852 
 543 D _   0.010 0.060 0.001 0.010 0.005 0.013 0.031 0.871 
 544 K _   0.009 0.051 0.000 0.008 0.004 0.013 0.031 0.883 
 545 C _   0.009 0.046 0.000 0.007 0.003 0.013 0.032 0.890 
 546 V _   0.009 0.044 0.000 0.006 0.003 0.013 0.032 0.892 
 547 R _   0.009 0.043 0.000 0.007 0.004 0.015 0.032 0.890 
 548 S _   0.010 0.044 0.001 0.008 0.005 0.016 0.031 0.885 
 549 E _   0.012 0.047 0.001 0.009 0.006 0.019 0.031 0.876 
 550 E _   0.014 0.051 0.001 0.011 0.007 0.021 0.031 0.865 
 551 C _   0.016 0.056 0.001 0.013 0.008 0.025 0.030 0.851 
 552 L _   0.019 0.063 0.001 0.014 0.010 0.028 0.029 0.835 
 553 S _   0.022 0.070 0.001 0.016 0.012 0.032 0.029 0.818 
 554 G _   0.026 0.078 0.001 0.017 0.015 0.035 0.028 0.799 
 555 T _   0.031 0.088 0.001 0.019 0.018 0.039 0.027 0.777 
 556 W _   0.036 0.098 0.001 0.020 0.022 0.042 0.027 0.754 
 557 T _   0.041 0.110 0.002 0.023 0.025 0.045 0.026 0.729 
 558 Q _   0.046 0.122 0.002 0.026 0.029 0.047 0.026 0.702 
 559 Q _   0.050 0.135 0.002 0.031 0.032 0.048 0.026 0.677 
 560 I _   0.052 0.147 0.002 0.036 0.034 0.047 0.026 0.656 
 561 C _   0.053 0.155 0.002 0.042 0.034 0.046 0.026 0.643 
 562 L _   0.052 0.160 0.002 0.046 0.033 0.043 0.027 0.638 
 563 P _   0.050 0.160 0.002 0.048 0.030 0.040 0.028 0.642 
 564 A _   0.046 0.156 0.002 0.047 0.027 0.036 0.029 0.657 
 565 I _   0.041 0.146 0.002 0.043 0.022 0.032 0.031 0.683 
 566 Y _   0.036 0.129 0.002 0.037 0.018 0.028 0.032 0.719 
 567 K _   0.030 0.105 0.001 0.028 0.013 0.023 0.034 0.764 
 568 V _   0.024 0.079 0.001 0.020 0.009 0.019 0.036 0.811 
 569 F _   0.019 0.056 0.001 0.013 0.006 0.016 0.038 0.852 
 570 P _   0.015 0.040 0.001 0.008 0.004 0.014 0.038 0.880 
 571 N _   0.012 0.032 0.000 0.005 0.003 0.013 0.039 0.896 
 572 S _   0.010 0.029 0.000 0.004 0.002 0.012 0.039 0.904 
 573 A _   0.010 0.028 0.000 0.004 0.002 0.013 0.039 0.904 
 574 P _   0.011 0.032 0.000 0.005 0.003 0.016 0.038 0.896 
 575 L _   0.014 0.042 0.001 0.007 0.006 0.020 0.037 0.875 
 576 E _   0.017 0.069 0.001 0.013 0.010 0.025 0.034 0.831 
 577 G _   0.020 0.126 0.002 0.021 0.017 0.030 0.031 0.753 
 578 G _   0.021 0.223 0.003 0.031 0.024 0.033 0.027 0.638 
 579 T _   0.020 0.342 0.003 0.040 0.028 0.033 0.023 0.511 
 580 R E   0.018 0.453 0.003 0.047 0.029 0.031 0.019 0.399 
 581 L E   0.016 0.534 0.002 0.052 0.028 0.029 0.017 0.324 
 582 T E   0.014 0.584 0.002 0.055 0.025 0.026 0.015 0.279 
 583 I E   0.013 0.611 0.001 0.057 0.023 0.024 0.015 0.257 
 584 C E   0.012 0.624 0.001 0.058 0.021 0.022 0.015 0.248 
 585 G E   0.012 0.625 0.001 0.057 0.019 0.020 0.015 0.251 
 586 W E   0.012 0.617 0.001 0.055 0.018 0.018 0.015 0.264 
 587 D E   0.012 0.596 0.001 0.051 0.016 0.017 0.016 0.291 
 588 F E   0.012 0.554 0.002 0.046 0.015 0.016 0.018 0.338 
 589 G E   0.013 0.484 0.002 0.039 0.013 0.015 0.020 0.413 
 590 F _   0.014 0.390 0.002 0.032 0.012 0.014 0.023 0.514 
 591 R _   0.013 0.294 0.001 0.023 0.009 0.014 0.027 0.618 
 592 R _   0.012 0.217 0.001 0.016 0.006 0.012 0.029 0.706 
 593 N _   0.010 0.170 0.001 0.010 0.004 0.011 0.031 0.764 
 594 N _   0.008 0.146 0.000 0.006 0.003 0.009 0.032 0.795 
 595 K _   0.006 0.137 0.000 0.005 0.002 0.009 0.032 0.809 
 596 F _   0.006 0.135 0.000 0.005 0.002 0.009 0.032 0.812 
 597 D _   0.006 0.138 0.000 0.006 0.002 0.010 0.032 0.806 
 598 L _   0.007 0.149 0.000 0.009 0.004 0.012 0.031 0.789 
 599 K _   0.008 0.171 0.001 0.013 0.005 0.014 0.029 0.760 
 600 K _   0.008 0.204 0.001 0.018 0.007 0.015 0.027 0.719 
 601 T _   0.008 0.243 0.001 0.023 0.009 0.016 0.025 0.675 
 602 R _   0.008 0.280 0.001 0.027 0.009 0.017 0.023 0.635 
 603 V _   0.008 0.310 0.001 0.029 0.010 0.017 0.021 0.604 
 604 L _   0.008 0.331 0.001 0.030 0.010 0.017 0.020 0.584 
 605 L _   0.008 0.344 0.001 0.029 0.010 0.017 0.019 0.572 
 606 G _   0.008 0.353 0.001 0.028 0.010 0.017 0.018 0.565 
 607 N _   0.009 0.357 0.001 0.026 0.010 0.017 0.018 0.563 
 608 E _   0.009 0.358 0.001 0.025 0.010 0.017 0.017 0.564 
 609 S _   0.009 0.357 0.001 0.023 0.009 0.017 0.017 0.568 
 610 C _   0.010 0.353 0.001 0.021 0.009 0.016 0.017 0.572 
 611 T _   0.010 0.349 0.001 0.020 0.009 0.016 0.017 0.578 
 612 L _   0.010 0.342 0.001 0.019 0.008 0.016 0.017 0.587 
 613 T _   0.010 0.334 0.001 0.018 0.008 0.015 0.017 0.597 
 614 L _   0.010 0.325 0.001 0.017 0.007 0.015 0.017 0.608 
 615 S _   0.010 0.314 0.001 0.016 0.007 0.014 0.017 0.621 
 616 E _   0.010 0.303 0.001 0.015 0.007 0.014 0.017 0.635 
 617 S _   0.010 0.291 0.001 0.014 0.006 0.013 0.017 0.649 
 618 T _   0.009 0.281 0.001 0.013 0.006 0.013 0.017 0.660 
 619 M _   0.009 0.273 0.001 0.013 0.006 0.013 0.017 0.668 
 620 N _   0.009 0.266 0.001 0.013 0.006 0.013 0.017 0.675 
 621 T _   0.009 0.261 0.001 0.013 0.006 0.013 0.017 0.679 
 622 L _   0.010 0.257 0.001 0.014 0.006 0.013 0.017 0.681 
 623 K _   0.010 0.253 0.001 0.015 0.007 0.014 0.018 0.684 
 624 C _   0.009 0.248 0.001 0.016 0.007 0.013 0.018 0.688 
 625 T _   0.009 0.242 0.001 0.016 0.006 0.013 0.018 0.694 
 626 V _   0.009 0.236 0.001 0.015 0.006 0.013 0.018 0.702 
 627 G _   0.009 0.229 0.001 0.014 0.006 0.013 0.018 0.711 
 628 P _   0.009 0.221 0.001 0.012 0.005 0.013 0.018 0.720 
 629 A _   0.009 0.215 0.001 0.010 0.005 0.014 0.018 0.728 
 630 M _   0.010 0.211 0.001 0.009 0.005 0.015 0.018 0.732 
 631 N _   0.010 0.209 0.001 0.009 0.006 0.016 0.018 0.732 
 632 K _   0.011 0.211 0.001 0.010 0.006 0.017 0.017 0.726 
 633 H _   0.013 0.217 0.001 0.012 0.008 0.019 0.017 0.714 
 634 F _   0.014 0.227 0.001 0.015 0.010 0.020 0.017 0.696 
 635 N _   0.015 0.242 0.001 0.019 0.012 0.021 0.016 0.674 
 636 M _   0.016 0.257 0.001 0.024 0.013 0.022 0.016 0.651 
 637 S _   0.016 0.270 0.001 0.028 0.014 0.022 0.015 0.633 
 638 I _   0.016 0.280 0.001 0.031 0.014 0.022 0.015 0.619 
 639 I _   0.016 0.285 0.001 0.033 0.015 0.022 0.015 0.613 
 640 I _   0.016 0.286 0.001 0.033 0.014 0.021 0.015 0.614 
 641 S _   0.016 0.282 0.001 0.032 0.013 0.020 0.015 0.621 
 642 N _   0.015 0.273 0.001 0.029 0.012 0.019 0.016 0.634 
 643 G _   0.015 0.259 0.001 0.026 0.011 0.018 0.016 0.653 
 644 H _   0.014 0.242 0.001 0.022 0.010 0.017 0.017 0.677 
 645 G _   0.013 0.223 0.001 0.019 0.008 0.016 0.018 0.702 
 646 T _   0.012 0.204 0.001 0.015 0.007 0.015 0.018 0.727 
 647 T _   0.011 0.189 0.001 0.013 0.006 0.014 0.019 0.747 
 648 Q _   0.010 0.178 0.001 0.011 0.005 0.014 0.019 0.762 
 649 Y _   0.009 0.171 0.001 0.010 0.005 0.013 0.020 0.772 
 650 S _   0.009 0.167 0.001 0.010 0.005 0.013 0.020 0.777 
 651 T _   0.008 0.165 0.001 0.011 0.005 0.013 0.020 0.778 
 652 F _   0.008 0.166 0.001 0.013 0.005 0.013 0.019 0.775 
 653 S _   0.008 0.168 0.001 0.015 0.006 0.014 0.019 0.769 
 654 Y _   0.008 0.171 0.001 0.018 0.007 0.014 0.019 0.762 
 655 V _   0.008 0.174 0.001 0.022 0.008 0.014 0.019 0.754 
 656 D _   0.008 0.176 0.001 0.024 0.008 0.014 0.019 0.749 
 657 P _   0.008 0.175 0.001 0.026 0.008 0.014 0.019 0.749 
 658 V _   0.008 0.172 0.001 0.026 0.008 0.014 0.020 0.752 
 659 I _   0.008 0.166 0.001 0.024 0.008 0.014 0.020 0.760 
 660 T _   0.008 0.157 0.001 0.021 0.007 0.013 0.020 0.773 
 661 S _   0.008 0.146 0.001 0.017 0.006 0.013 0.021 0.789 
 662 I _   0.008 0.135 0.001 0.013 0.005 0.013 0.021 0.804 
 663 S _   0.008 0.127 0.001 0.009 0.004 0.014 0.022 0.816 
