#TopoPred_TM8: 8-state transmembrane topology prediction results by no_profile mode 
#probabilities are in the order of H E C I L F X _, the 8 transmembrane topology types used in PDBTM 
   1 M X   0.010 0.001 0.002 0.060 0.009 0.009 0.810 0.097 
   2 L X   0.005 0.001 0.000 0.039 0.002 0.005 0.837 0.112 
   3 P X   0.002 0.000 0.000 0.022 0.001 0.003 0.845 0.127 
   4 F X   0.001 0.000 0.000 0.013 0.001 0.003 0.844 0.137 
   5 A X   0.001 0.000 0.000 0.009 0.001 0.003 0.840 0.146 
   6 P X   0.001 0.001 0.000 0.006 0.001 0.003 0.833 0.156 
   7 Q X   0.002 0.001 0.000 0.004 0.001 0.003 0.824 0.166 
   8 D X   0.002 0.001 0.000 0.004 0.001 0.004 0.811 0.177 
   9 E X   0.002 0.003 0.000 0.004 0.001 0.005 0.796 0.189 
  10 P X   0.002 0.006 0.000 0.007 0.002 0.006 0.774 0.202 
  11 W X   0.003 0.014 0.001 0.011 0.003 0.009 0.745 0.214 
  12 D X   0.003 0.030 0.001 0.019 0.006 0.012 0.707 0.222 
  13 R X   0.004 0.058 0.001 0.029 0.009 0.014 0.660 0.224 
  14 E X   0.004 0.095 0.002 0.040 0.011 0.016 0.611 0.221 
  15 M X   0.004 0.132 0.002 0.050 0.012 0.017 0.566 0.217 
  16 E X   0.004 0.161 0.001 0.056 0.012 0.016 0.531 0.217 
  17 V X   0.004 0.180 0.001 0.059 0.012 0.016 0.505 0.222 
  18 F X   0.004 0.191 0.001 0.059 0.011 0.015 0.486 0.233 
  19 S X   0.004 0.196 0.001 0.056 0.010 0.014 0.470 0.249 
  20 G X   0.004 0.197 0.001 0.050 0.009 0.013 0.458 0.267 
  21 G X   0.004 0.194 0.001 0.043 0.008 0.012 0.449 0.289 
  22 G X   0.004 0.188 0.001 0.035 0.007 0.011 0.442 0.312 
  23 A X   0.004 0.179 0.001 0.028 0.006 0.010 0.436 0.335 
  24 S X   0.004 0.168 0.001 0.023 0.005 0.009 0.432 0.358 
  25 S X   0.004 0.157 0.001 0.019 0.004 0.009 0.428 0.378 
  26 G X   0.004 0.147 0.000 0.016 0.004 0.008 0.425 0.396 
  27 E X   0.004 0.138 0.000 0.014 0.003 0.008 0.421 0.410 
  28 V _   0.004 0.131 0.000 0.013 0.003 0.008 0.418 0.423 
  29 N _   0.004 0.124 0.000 0.013 0.003 0.007 0.414 0.433 
  30 G _   0.004 0.118 0.000 0.013 0.003 0.007 0.411 0.443 
  31 L _   0.004 0.112 0.000 0.013 0.003 0.007 0.408 0.452 
  32 K _   0.004 0.105 0.000 0.013 0.003 0.007 0.405 0.462 
  33 M _   0.004 0.098 0.000 0.013 0.003 0.007 0.403 0.472 
  34 V _   0.004 0.091 0.000 0.013 0.003 0.007 0.400 0.482 
  35 D _   0.004 0.083 0.000 0.013 0.003 0.007 0.398 0.492 
  36 E _   0.004 0.076 0.000 0.012 0.003 0.007 0.396 0.502 
  37 P _   0.004 0.068 0.000 0.011 0.003 0.006 0.394 0.513 
  38 M _   0.004 0.061 0.000 0.010 0.002 0.006 0.392 0.524 
  39 E _   0.004 0.055 0.000 0.009 0.002 0.006 0.390 0.534 
  40 E _   0.004 0.049 0.000 0.008 0.002 0.005 0.387 0.545 
  41 G _   0.004 0.044 0.000 0.007 0.002 0.005 0.383 0.556 
  42 E _   0.003 0.040 0.000 0.006 0.002 0.005 0.379 0.565 
  43 A _   0.003 0.038 0.000 0.005 0.001 0.005 0.374 0.574 
  44 D _   0.003 0.037 0.000 0.005 0.001 0.005 0.368 0.581 
  45 S _   0.003 0.037 0.000 0.005 0.002 0.006 0.361 0.587 
  46 C _   0.003 0.038 0.000 0.006 0.002 0.007 0.352 0.591 
  47 H _   0.004 0.042 0.000 0.008 0.003 0.008 0.343 0.592 
  48 D _   0.004 0.049 0.000 0.011 0.004 0.010 0.332 0.590 
  49 E _   0.005 0.060 0.001 0.016 0.005 0.012 0.319 0.582 
  50 G _   0.006 0.075 0.001 0.022 0.007 0.014 0.305 0.570 
  51 V _   0.007 0.091 0.001 0.028 0.008 0.016 0.292 0.556 
  52 V _   0.008 0.106 0.001 0.035 0.010 0.018 0.280 0.544 
  53 K _   0.008 0.117 0.001 0.040 0.011 0.018 0.269 0.535 
  54 E _   0.008 0.124 0.001 0.043 0.012 0.019 0.261 0.532 
  55 I _   0.009 0.127 0.001 0.044 0.012 0.018 0.254 0.535 
  56 P _   0.009 0.127 0.001 0.043 0.011 0.018 0.249 0.542 
  57 I _   0.009 0.124 0.001 0.040 0.010 0.017 0.245 0.553 
  58 T _   0.009 0.118 0.001 0.035 0.009 0.015 0.243 0.570 
  59 H _   0.009 0.108 0.001 0.029 0.008 0.014 0.241 0.590 
  60 H _   0.009 0.095 0.001 0.024 0.006 0.012 0.239 0.613 
  61 V _   0.008 0.081 0.001 0.018 0.005 0.011 0.238 0.638 
  62 K _   0.008 0.068 0.001 0.014 0.004 0.010 0.236 0.660 
  63 E _   0.007 0.057 0.000 0.010 0.003 0.009 0.234 0.680 
  64 G _   0.006 0.049 0.000 0.007 0.002 0.008 0.232 0.696 
  65 Y _   0.005 0.044 0.000 0.005 0.002 0.007 0.228 0.708 
  66 E _   0.005 0.041 0.000 0.004 0.002 0.007 0.224 0.717 
  67 K _   0.005 0.041 0.000 0.004 0.002 0.008 0.218 0.722 
  68 A _   0.005 0.043 0.000 0.005 0.002 0.009 0.212 0.724 
  69 D _   0.006 0.049 0.000 0.007 0.003 0.011 0.204 0.719 
  70 P _   0.008 0.062 0.001 0.010 0.005 0.014 0.194 0.706 
  71 A _   0.009 0.087 0.001 0.015 0.008 0.018 0.181 0.680 
  72 Q _   0.011 0.125 0.001 0.022 0.011 0.021 0.167 0.641 
  73 F _   0.012 0.172 0.002 0.029 0.014 0.024 0.153 0.595 
  74 E _   0.012 0.216 0.002 0.036 0.016 0.026 0.140 0.553 
  75 L _   0.012 0.249 0.002 0.040 0.017 0.027 0.130 0.524 
  76 L _   0.013 0.270 0.001 0.042 0.017 0.027 0.122 0.508 
  77 K _   0.014 0.282 0.001 0.042 0.017 0.027 0.115 0.501 
  78 V _   0.015 0.288 0.001 0.039 0.017 0.027 0.111 0.503 
  79 L _   0.016 0.288 0.001 0.034 0.016 0.027 0.107 0.511 
  80 G _   0.017 0.285 0.001 0.030 0.015 0.026 0.103 0.523 
  81 Q _   0.018 0.279 0.001 0.026 0.014 0.026 0.101 0.535 
  82 G _   0.019 0.272 0.001 0.023 0.014 0.026 0.098 0.546 
  83 S _   0.020 0.265 0.001 0.023 0.014 0.025 0.097 0.556 
  84 F _   0.021 0.257 0.001 0.023 0.013 0.025 0.095 0.564 
  85 G _   0.022 0.250 0.001 0.025 0.013 0.024 0.094 0.571 
  86 K _   0.022 0.241 0.001 0.027 0.013 0.023 0.094 0.580 
  87 V _   0.021 0.228 0.001 0.029 0.012 0.021 0.094 0.593 
  88 F _   0.020 0.211 0.001 0.029 0.012 0.020 0.094 0.614 
  89 L _   0.019 0.186 0.001 0.027 0.010 0.018 0.094 0.644 
  90 V _   0.017 0.153 0.001 0.023 0.009 0.016 0.095 0.686 
  91 R _   0.015 0.116 0.001 0.018 0.007 0.014 0.096 0.734 
  92 K _   0.013 0.080 0.001 0.012 0.005 0.012 0.096 0.780 
  93 K _   0.011 0.053 0.001 0.008 0.004 0.010 0.096 0.817 
  94 T _   0.009 0.038 0.000 0.005 0.003 0.009 0.096 0.840 
  95 G _   0.008 0.031 0.000 0.004 0.002 0.009 0.095 0.851 
  96 P _   0.008 0.029 0.000 0.003 0.002 0.009 0.093 0.855 
  97 D _   0.008 0.030 0.000 0.004 0.003 0.011 0.091 0.852 
  98 A _   0.010 0.034 0.000 0.007 0.004 0.013 0.089 0.843 
  99 G _   0.011 0.044 0.001 0.011 0.006 0.016 0.086 0.825 
 100 Q _   0.013 0.060 0.001 0.019 0.009 0.019 0.082 0.798 
 101 L _   0.014 0.079 0.001 0.027 0.011 0.022 0.078 0.769 
 102 Y _   0.014 0.095 0.001 0.035 0.013 0.023 0.074 0.744 
 103 A _   0.014 0.107 0.001 0.041 0.014 0.024 0.071 0.728 
 104 M _   0.014 0.113 0.001 0.044 0.015 0.024 0.069 0.721 
 105 K _   0.014 0.115 0.001 0.044 0.015 0.023 0.067 0.721 
 106 V _   0.014 0.113 0.001 0.041 0.014 0.022 0.066 0.729 
 107 L _   0.013 0.108 0.001 0.036 0.013 0.021 0.065 0.743 
 108 K _   0.013 0.098 0.001 0.031 0.011 0.019 0.064 0.762 
 109 K _   0.013 0.086 0.001 0.025 0.010 0.018 0.064 0.783 
 110 A _   0.012 0.072 0.001 0.020 0.008 0.017 0.064 0.806 
 111 S _   0.012 0.058 0.001 0.016 0.007 0.015 0.064 0.827 
 112 L _   0.012 0.046 0.001 0.013 0.006 0.014 0.065 0.843 
 113 K _   0.012 0.037 0.001 0.011 0.005 0.014 0.065 0.856 
 114 V _   0.012 0.030 0.001 0.010 0.005 0.013 0.065 0.865 
 115 R _   0.012 0.025 0.001 0.010 0.005 0.013 0.064 0.872 
 116 D _   0.011 0.021 0.001 0.010 0.005 0.013 0.064 0.877 
 117 R _   0.012 0.017 0.001 0.010 0.005 0.013 0.064 0.880 
 118 V _   0.012 0.015 0.001 0.010 0.005 0.013 0.063 0.883 
 119 R _   0.012 0.012 0.001 0.010 0.005 0.013 0.063 0.885 
 120 T _   0.012 0.010 0.001 0.009 0.005 0.013 0.062 0.888 
 121 K _   0.012 0.009 0.001 0.009 0.005 0.014 0.061 0.889 
 122 M _   0.012 0.007 0.001 0.009 0.005 0.014 0.061 0.891 
 123 E _   0.013 0.006 0.001 0.009 0.005 0.015 0.060 0.891 
 124 R _   0.014 0.005 0.001 0.009 0.005 0.016 0.059 0.891 
 125 D _   0.016 0.004 0.001 0.008 0.006 0.017 0.058 0.890 
 126 I _   0.018 0.004 0.001 0.008 0.006 0.018 0.058 0.888 
 127 L _   0.021 0.003 0.001 0.008 0.007 0.020 0.057 0.884 
 128 V _   0.024 0.003 0.001 0.008 0.007 0.022 0.056 0.879 
 129 E _   0.027 0.003 0.001 0.008 0.008 0.024 0.055 0.874 
 130 V _   0.031 0.003 0.001 0.008 0.009 0.026 0.054 0.867 
 131 N _   0.035 0.003 0.001 0.009 0.011 0.029 0.054 0.859 
 132 H _   0.039 0.003 0.001 0.010 0.012 0.031 0.053 0.851 
 133 P _   0.043 0.004 0.001 0.011 0.014 0.034 0.052 0.841 
 134 F _   0.048 0.004 0.001 0.012 0.015 0.036 0.052 0.832 
 135 I _   0.051 0.005 0.001 0.013 0.017 0.037 0.051 0.825 
 136 V _   0.053 0.005 0.001 0.015 0.017 0.038 0.051 0.820 
 137 K _   0.053 0.005 0.001 0.015 0.018 0.039 0.050 0.818 
 138 L _   0.053 0.005 0.001 0.015 0.017 0.039 0.050 0.820 
 139 H _   0.052 0.005 0.001 0.014 0.016 0.038 0.050 0.825 
 140 Y _   0.050 0.004 0.001 0.012 0.014 0.036 0.050 0.832 
 141 A _   0.048 0.003 0.001 0.011 0.013 0.035 0.050 0.840 
 142 F _   0.047 0.002 0.001 0.009 0.011 0.034 0.050 0.846 
 143 Q _   0.047 0.002 0.001 0.007 0.011 0.034 0.049 0.850 
 144 T _   0.048 0.002 0.001 0.006 0.010 0.034 0.049 0.850 
 145 E _   0.050 0.002 0.001 0.006 0.011 0.035 0.049 0.847 
 146 G _   0.054 0.002 0.001 0.007 0.012 0.036 0.049 0.841 
 147 K _   0.058 0.002 0.001 0.008 0.013 0.037 0.049 0.832 
 148 L _   0.062 0.003 0.001 0.010 0.016 0.038 0.049 0.821 
 149 Y _   0.065 0.005 0.001 0.012 0.018 0.039 0.049 0.811 
 150 L _   0.067 0.006 0.001 0.014 0.020 0.039 0.049 0.803 
 151 I _   0.068 0.007 0.001 0.017 0.021 0.039 0.050 0.797 
 152 L _   0.066 0.008 0.001 0.018 0.021 0.038 0.050 0.797 
 153 D _   0.064 0.008 0.001 0.019 0.020 0.036 0.051 0.800 
 154 F _   0.060 0.008 0.001 0.018 0.018 0.034 0.052 0.808 
 155 L _   0.054 0.007 0.001 0.017 0.016 0.031 0.053 0.820 
 156 R _   0.048 0.006 0.001 0.015 0.013 0.028 0.054 0.834 
 157 G _   0.042 0.005 0.001 0.012 0.011 0.025 0.055 0.848 
 158 G _   0.037 0.004 0.001 0.010 0.009 0.022 0.056 0.861 
 159 D _   0.032 0.003 0.001 0.009 0.007 0.020 0.057 0.871 
 160 V _   0.029 0.002 0.001 0.007 0.006 0.018 0.058 0.879 
 161 F _   0.025 0.002 0.001 0.006 0.005 0.017 0.058 0.885 
 162 T _   0.023 0.001 0.001 0.006 0.005 0.016 0.059 0.889 
 163 R _   0.021 0.001 0.001 0.006 0.005 0.016 0.059 0.891 
 164 L _   0.020 0.001 0.001 0.006 0.005 0.016 0.059 0.892 
 165 S _   0.020 0.001 0.001 0.007 0.005 0.016 0.059 0.891 
 166 K _   0.020 0.001 0.001 0.007 0.005 0.017 0.059 0.889 
 167 E _   0.021 0.001 0.001 0.007 0.006 0.017 0.059 0.887 
 168 V _   0.023 0.001 0.001 0.007 0.006 0.018 0.059 0.885 
 169 L _   0.026 0.001 0.001 0.007 0.006 0.019 0.059 0.882 
 170 F _   0.029 0.001 0.001 0.006 0.005 0.020 0.059 0.879 
 171 T _   0.034 0.001 0.001 0.005 0.006 0.022 0.058 0.874 
 172 E _   0.041 0.000 0.001 0.004 0.006 0.024 0.058 0.866 
 173 E _   0.050 0.000 0.001 0.004 0.007 0.028 0.057 0.853 
 174 D _   0.063 0.000 0.001 0.004 0.009 0.032 0.056 0.835 
 175 V _   0.079 0.001 0.001 0.004 0.012 0.038 0.055 0.809 
 176 K _   0.097 0.001 0.001 0.006 0.017 0.044 0.054 0.779 
 177 F _   0.115 0.003 0.001 0.009 0.023 0.049 0.054 0.747 
 178 Y _   0.130 0.005 0.002 0.013 0.029 0.053 0.053 0.715 
 179 L _   0.141 0.007 0.002 0.018 0.034 0.056 0.053 0.689 
 180 A _   0.146 0.009 0.002 0.022 0.036 0.056 0.054 0.674 
 181 E _   0.147 0.010 0.002 0.024 0.036 0.055 0.054 0.672 
 182 L _   0.143 0.010 0.002 0.023 0.033 0.052 0.055 0.682 
 183 A _   0.136 0.008 0.002 0.019 0.029 0.048 0.056 0.702 
 184 L _   0.126 0.007 0.002 0.014 0.023 0.044 0.057 0.726 
 185 A _   0.115 0.005 0.001 0.010 0.018 0.040 0.059 0.752 
 186 L _   0.103 0.003 0.001 0.007 0.015 0.036 0.060 0.775 
 187 D _   0.092 0.002 0.001 0.006 0.012 0.034 0.061 0.792 
 188 H _   0.083 0.002 0.001 0.006 0.011 0.031 0.062 0.804 
 189 L _   0.074 0.003 0.001 0.007 0.011 0.030 0.063 0.811 
 190 H _   0.067 0.004 0.001 0.010 0.011 0.028 0.065 0.814 
 191 Q _   0.060 0.005 0.001 0.014 0.011 0.027 0.066 0.816 
 192 L _   0.053 0.006 0.001 0.017 0.011 0.025 0.068 0.819 
 193 G _   0.046 0.007 0.001 0.019 0.011 0.023 0.070 0.824 
 194 I _   0.039 0.007 0.001 0.019 0.010 0.020 0.071 0.833 
 195 V _   0.032 0.007 0.001 0.017 0.008 0.018 0.073 0.844 
 196 Y _   0.026 0.006 0.001 0.014 0.006 0.015 0.075 0.857 
 197 R _   0.021 0.005 0.001 0.010 0.005 0.013 0.076 0.870 
 198 D _   0.016 0.004 0.000 0.007 0.004 0.011 0.077 0.881 
 199 L _   0.013 0.003 0.000 0.005 0.003 0.009 0.078 0.888 
 200 K _   0.011 0.003 0.000 0.004 0.002 0.009 0.079 0.893 
 201 P _   0.010 0.003 0.000 0.003 0.002 0.009 0.079 0.894 
 202 E _   0.009 0.004 0.000 0.004 0.002 0.009 0.079 0.891 
 203 N _   0.010 0.007 0.000 0.005 0.003 0.011 0.079 0.885 
 204 I _   0.012 0.013 0.001 0.007 0.004 0.013 0.078 0.872 
 205 L _   0.013 0.025 0.001 0.011 0.006 0.016 0.077 0.851 
 206 L _   0.014 0.043 0.001 0.017 0.008 0.018 0.076 0.823 
 207 D _   0.015 0.064 0.001 0.023 0.010 0.020 0.074 0.792 
 208 E _   0.015 0.085 0.001 0.029 0.012 0.021 0.073 0.763 
 209 I _   0.015 0.102 0.001 0.035 0.014 0.022 0.072 0.738 
 210 G _   0.015 0.115 0.001 0.040 0.014 0.022 0.072 0.721 
 211 H _   0.015 0.123 0.001 0.042 0.014 0.022 0.072 0.711 
 212 I _   0.015 0.126 0.001 0.044 0.014 0.022 0.072 0.706 
 213 K _   0.015 0.127 0.001 0.043 0.013 0.020 0.073 0.707 
 214 L _   0.014 0.124 0.001 0.041 0.012 0.019 0.075 0.714 
 215 T _   0.014 0.117 0.001 0.037 0.010 0.017 0.077 0.727 
 216 D _   0.013 0.107 0.001 0.032 0.009 0.015 0.080 0.744 
 217 F _   0.012 0.093 0.001 0.027 0.007 0.014 0.082 0.764 
 218 G _   0.011 0.077 0.001 0.021 0.006 0.012 0.085 0.788 
 219 L _   0.010 0.060 0.001 0.016 0.004 0.010 0.088 0.811 
 220 S _   0.009 0.045 0.000 0.012 0.003 0.009 0.090 0.832 
 221 K _   0.008 0.033 0.000 0.008 0.003 0.008 0.092 0.848 
 222 E _   0.007 0.026 0.000 0.006 0.002 0.007 0.093 0.860 
 223 S _   0.006 0.021 0.000 0.004 0.002 0.006 0.093 0.868 
 224 V _   0.005 0.019 0.000 0.004 0.001 0.006 0.092 0.872 
 225 D _   0.005 0.019 0.000 0.003 0.001 0.007 0.091 0.873 
 226 Q _   0.005 0.021 0.000 0.004 0.002 0.008 0.089 0.871 
 227 E _   0.006 0.025 0.000 0.006 0.002 0.010 0.087 0.863 
 228 K _   0.008 0.036 0.000 0.009 0.004 0.014 0.083 0.846 
 229 K _   0.010 0.059 0.001 0.014 0.007 0.018 0.078 0.813 
 230 A _   0.012 0.100 0.001 0.022 0.010 0.022 0.071 0.761 
 231 Y _   0.013 0.161 0.002 0.031 0.015 0.025 0.063 0.690 
 232 S _   0.013 0.232 0.002 0.040 0.018 0.028 0.055 0.611 
 233 F _   0.013 0.297 0.002 0.048 0.021 0.029 0.048 0.543 
 234 C _   0.013 0.347 0.002 0.054 0.022 0.029 0.042 0.491 
 235 G _   0.013 0.380 0.002 0.058 0.022 0.028 0.038 0.458 
 236 T _   0.014 0.400 0.002 0.060 0.022 0.028 0.035 0.440 
 237 V _   0.014 0.410 0.001 0.061 0.022 0.027 0.033 0.432 
 238 E _   0.014 0.412 0.001 0.060 0.021 0.026 0.032 0.435 
 239 Y _   0.014 0.407 0.001 0.057 0.020 0.024 0.031 0.446 
 240 M _   0.014 0.395 0.001 0.053 0.018 0.023 0.030 0.465 
 241 A _   0.014 0.375 0.002 0.049 0.017 0.022 0.030 0.492 
 242 P _   0.014 0.344 0.002 0.044 0.016 0.021 0.030 0.530 
 243 E _   0.014 0.303 0.002 0.040 0.014 0.019 0.030 0.577 
 244 V _   0.015 0.254 0.002 0.035 0.012 0.018 0.031 0.634 
 245 V _   0.015 0.198 0.001 0.029 0.011 0.017 0.032 0.696 
 246 N _   0.015 0.142 0.001 0.024 0.009 0.016 0.033 0.761 
 247 R _   0.015 0.091 0.001 0.018 0.007 0.014 0.033 0.820 
 248 R _   0.015 0.051 0.001 0.013 0.005 0.013 0.034 0.868 
 249 G _   0.016 0.025 0.001 0.008 0.004 0.011 0.033 0.901 
 250 H _   0.020 0.010 0.000 0.005 0.003 0.011 0.033 0.917 
 251 S _   0.028 0.004 0.000 0.004 0.003 0.010 0.032 0.920 
 252 Q _   0.043 0.001 0.000 0.003 0.003 0.011 0.030 0.910 
 253 S _   0.072 0.000 0.000 0.002 0.003 0.012 0.028 0.882 
 254 A _   0.120 0.000 0.001 0.002 0.005 0.014 0.026 0.833 
 255 D _   0.193 0.000 0.001 0.002 0.007 0.017 0.023 0.758 
 256 W _   0.293 0.000 0.001 0.002 0.010 0.020 0.020 0.653 
 257 W _   0.407 0.000 0.001 0.002 0.015 0.024 0.016 0.535 
 258 S H   0.519 0.000 0.002 0.002 0.021 0.026 0.014 0.416 
 259 Y H   0.617 0.000 0.002 0.002 0.027 0.028 0.012 0.313 
 260 G H   0.691 0.000 0.002 0.002 0.032 0.028 0.011 0.235 
 261 V H   0.746 0.000 0.002 0.002 0.035 0.026 0.010 0.178 
 262 L H   0.780 0.000 0.002 0.002 0.036 0.025 0.011 0.144 
 263 M H   0.797 0.000 0.002 0.002 0.037 0.023 0.011 0.128 
 264 F H   0.799 0.000 0.002 0.003 0.037 0.022 0.012 0.125 
 265 E H   0.787 0.000 0.002 0.003 0.037 0.021 0.014 0.136 
 266 M H   0.755 0.001 0.002 0.004 0.036 0.020 0.017 0.165 
 267 L H   0.702 0.001 0.002 0.005 0.034 0.019 0.021 0.216 
 268 T H   0.623 0.001 0.002 0.006 0.030 0.019 0.026 0.292 
 269 G H   0.524 0.001 0.002 0.007 0.024 0.017 0.034 0.391 
 270 T _   0.415 0.000 0.002 0.007 0.017 0.016 0.043 0.501 
 271 L _   0.305 0.000 0.001 0.006 0.011 0.013 0.052 0.611 
 272 P _   0.208 0.000 0.001 0.005 0.007 0.011 0.060 0.709 
 273 F _   0.131 0.000 0.001 0.004 0.004 0.009 0.066 0.786 
 274 Q _   0.076 0.000 0.000 0.003 0.003 0.007 0.071 0.840 
 275 G _   0.042 0.000 0.000 0.002 0.002 0.006 0.074 0.874 
 276 K _   0.024 0.000 0.000 0.002 0.001 0.006 0.076 0.891 
 277 D _   0.016 0.000 0.000 0.002 0.001 0.006 0.078 0.897 
 278 R _   0.013 0.001 0.000 0.002 0.002 0.008 0.079 0.896 
 279 N _   0.012 0.004 0.000 0.004 0.003 0.011 0.079 0.888 
 280 E _   0.014 0.011 0.001 0.007 0.005 0.015 0.079 0.868 
 281 T _   0.016 0.030 0.001 0.014 0.008 0.019 0.079 0.834 
 282 M _   0.017 0.062 0.001 0.023 0.012 0.024 0.078 0.783 
 283 N _   0.018 0.098 0.001 0.033 0.015 0.027 0.077 0.731 
 284 M _   0.018 0.127 0.001 0.041 0.017 0.029 0.076 0.690 
 285 I _   0.018 0.145 0.001 0.046 0.018 0.030 0.076 0.665 
 286 L _   0.018 0.154 0.001 0.048 0.018 0.031 0.077 0.653 
 287 K _   0.018 0.157 0.001 0.045 0.018 0.030 0.078 0.653 
 288 A _   0.018 0.156 0.001 0.039 0.016 0.030 0.080 0.661 
 289 K _   0.018 0.151 0.001 0.032 0.015 0.029 0.082 0.674 
 290 L _   0.018 0.142 0.001 0.024 0.013 0.028 0.084 0.689 
 291 G _   0.019 0.133 0.001 0.018 0.011 0.027 0.087 0.704 
 292 M _   0.020 0.125 0.001 0.014 0.009 0.027 0.090 0.714 
 293 P _   0.020 0.120 0.001 0.011 0.009 0.027 0.093 0.719 
 294 Q _   0.022 0.118 0.001 0.010 0.008 0.028 0.095 0.719 
 295 F _   0.023 0.118 0.001 0.010 0.009 0.029 0.097 0.712 
 296 L _   0.025 0.121 0.001 0.012 0.010 0.030 0.100 0.702 
 297 S _   0.026 0.126 0.001 0.014 0.012 0.031 0.102 0.688 
 298 A _   0.028 0.133 0.001 0.018 0.014 0.032 0.104 0.671 
 299 E _   0.029 0.141 0.001 0.022 0.016 0.032 0.106 0.653 
 300 A _   0.029 0.148 0.001 0.027 0.017 0.032 0.109 0.635 
 301 Q _   0.029 0.154 0.001 0.032 0.018 0.031 0.113 0.622 
 302 S _   0.029 0.156 0.001 0.036 0.018 0.029 0.117 0.613 
 303 L _   0.028 0.156 0.001 0.038 0.018 0.027 0.122 0.609 
 304 L _   0.026 0.152 0.001 0.039 0.017 0.025 0.128 0.612 
 305 R _   0.024 0.143 0.001 0.037 0.015 0.023 0.136 0.622 
 306 M _   0.022 0.129 0.001 0.033 0.013 0.020 0.144 0.638 
 307 L _   0.019 0.110 0.001 0.028 0.011 0.017 0.154 0.660 
 308 F _   0.017 0.086 0.001 0.022 0.008 0.015 0.164 0.688 
 309 K _   0.014 0.063 0.001 0.016 0.006 0.012 0.173 0.715 
 310 R _   0.012 0.044 0.001 0.011 0.004 0.010 0.181 0.737 
 311 N _   0.009 0.032 0.000 0.007 0.003 0.008 0.188 0.752 
 312 P _   0.007 0.024 0.000 0.005 0.002 0.007 0.193 0.761 
 313 A _   0.006 0.021 0.000 0.004 0.002 0.006 0.197 0.765 
 314 N _   0.005 0.019 0.000 0.003 0.001 0.006 0.199 0.765 
 315 R _   0.005 0.019 0.000 0.004 0.002 0.006 0.201 0.762 
 316 L _   0.005 0.021 0.000 0.004 0.002 0.007 0.202 0.757 
 317 G _   0.006 0.026 0.000 0.006 0.002 0.009 0.203 0.748 
 318 S _   0.007 0.034 0.000 0.008 0.003 0.011 0.203 0.734 
 319 E _   0.007 0.049 0.001 0.011 0.005 0.014 0.202 0.711 
 320 G _   0.009 0.072 0.001 0.015 0.007 0.017 0.200 0.680 
 321 V _   0.010 0.103 0.001 0.020 0.009 0.019 0.198 0.639 
 322 E _   0.011 0.141 0.001 0.026 0.012 0.022 0.196 0.592 
 323 E _   0.011 0.180 0.001 0.032 0.014 0.024 0.194 0.544 
 324 I _   0.012 0.217 0.001 0.038 0.016 0.025 0.193 0.498 
 325 K _   0.012 0.247 0.001 0.044 0.018 0.026 0.192 0.459 
 326 R _   0.012 0.268 0.001 0.050 0.019 0.026 0.193 0.431 
 327 H _   0.012 0.280 0.001 0.054 0.020 0.026 0.195 0.411 
 328 L _   0.012 0.285 0.001 0.057 0.019 0.025 0.199 0.402 
 329 F _   0.012 0.284 0.001 0.056 0.018 0.023 0.204 0.400 
 330 F _   0.012 0.277 0.001 0.053 0.017 0.022 0.211 0.407 
 331 A _   0.012 0.262 0.001 0.048 0.015 0.020 0.221 0.422 
 332 N _   0.012 0.237 0.001 0.041 0.013 0.018 0.232 0.447 
 333 I _   0.012 0.202 0.001 0.033 0.011 0.016 0.245 0.479 
 334 D _   0.012 0.162 0.001 0.026 0.009 0.015 0.260 0.514 
 335 W _   0.012 0.123 0.001 0.020 0.008 0.014 0.275 0.547 
 336 D _   0.011 0.091 0.001 0.016 0.006 0.013 0.290 0.572 
 337 K _   0.011 0.067 0.001 0.013 0.005 0.012 0.304 0.588 
 338 L _   0.010 0.052 0.001 0.011 0.004 0.011 0.315 0.596 
 339 Y _   0.009 0.041 0.000 0.010 0.004 0.010 0.326 0.599 
 340 K _   0.009 0.034 0.000 0.010 0.003 0.010 0.335 0.599 
 341 R _   0.008 0.029 0.000 0.010 0.003 0.009 0.343 0.597 
 342 E _   0.008 0.025 0.000 0.010 0.003 0.008 0.350 0.595 
 343 V _   0.007 0.022 0.000 0.010 0.003 0.008 0.357 0.593 
 344 Q _   0.007 0.018 0.000 0.010 0.003 0.007 0.363 0.592 
 345 P _   0.006 0.015 0.000 0.009 0.002 0.006 0.369 0.592 
 346 P _   0.005 0.012 0.000 0.008 0.002 0.006 0.374 0.592 
 347 F _   0.005 0.010 0.000 0.007 0.002 0.005 0.378 0.593 
 348 K _   0.004 0.008 0.000 0.005 0.001 0.005 0.382 0.595 
 349 P _   0.004 0.006 0.000 0.004 0.001 0.004 0.384 0.596 
 350 A _   0.004 0.005 0.000 0.004 0.001 0.004 0.386 0.597 
 351 S _   0.003 0.005 0.000 0.003 0.001 0.004 0.386 0.598 
 352 G _   0.003 0.005 0.000 0.003 0.001 0.004 0.386 0.598 
 353 K _   0.003 0.005 0.000 0.004 0.001 0.004 0.384 0.599 
 354 P _   0.003 0.006 0.000 0.005 0.001 0.005 0.382 0.598 
 355 D _   0.003 0.008 0.000 0.006 0.002 0.006 0.379 0.596 
 356 D _   0.004 0.011 0.000 0.009 0.002 0.007 0.374 0.592 
 357 T _   0.004 0.016 0.000 0.014 0.003 0.008 0.369 0.586 
 358 F _   0.004 0.021 0.000 0.019 0.004 0.009 0.364 0.578 
 359 C _   0.004 0.026 0.001 0.025 0.005 0.010 0.359 0.570 
 360 F _   0.005 0.030 0.001 0.030 0.005 0.011 0.355 0.563 
 361 D _   0.005 0.033 0.001 0.033 0.006 0.011 0.352 0.560 
 362 P _   0.005 0.034 0.001 0.034 0.006 0.011 0.350 0.561 
 363 E _   0.005 0.033 0.001 0.032 0.005 0.010 0.349 0.565 
 364 F _   0.005 0.030 0.001 0.027 0.005 0.009 0.349 0.574 
 365 T _   0.005 0.026 0.000 0.022 0.004 0.008 0.349 0.586 
 366 A _   0.005 0.021 0.000 0.016 0.003 0.007 0.349 0.598 
 367 K _   0.004 0.015 0.000 0.011 0.002 0.006 0.350 0.611 
 368 T _   0.004 0.011 0.000 0.007 0.002 0.005 0.349 0.622 
 369 P _   0.003 0.008 0.000 0.005 0.001 0.004 0.348 0.630 
 370 K _   0.003 0.006 0.000 0.004 0.001 0.004 0.346 0.636 
 371 D _   0.003 0.005 0.000 0.003 0.001 0.004 0.343 0.641 
 372 S _   0.003 0.004 0.000 0.003 0.001 0.004 0.339 0.645 
 373 P _   0.003 0.005 0.000 0.003 0.001 0.005 0.334 0.649 
 374 G _   0.003 0.006 0.000 0.004 0.001 0.006 0.327 0.652 
 375 L _   0.004 0.008 0.000 0.006 0.002 0.008 0.319 0.654 
 376 P _   0.004 0.011 0.000 0.008 0.003 0.010 0.308 0.655 
 377 A _   0.005 0.015 0.000 0.011 0.004 0.013 0.297 0.655 
 378 S _   0.005 0.021 0.001 0.014 0.005 0.017 0.284 0.654 
 379 A _   0.007 0.028 0.001 0.017 0.006 0.021 0.270 0.651 
 380 N _   0.008 0.035 0.001 0.020 0.008 0.025 0.256 0.646 
 381 A _   0.011 0.042 0.001 0.022 0.011 0.031 0.242 0.640 
 382 H _   0.014 0.049 0.001 0.024 0.015 0.036 0.228 0.632 
 383 Q _   0.019 0.056 0.001 0.027 0.019 0.042 0.214 0.622 
 384 L _   0.023 0.062 0.002 0.029 0.024 0.048 0.201 0.610 
 385 F _   0.029 0.068 0.002 0.032 0.029 0.052 0.189 0.598 
 386 K _   0.035 0.073 0.002 0.035 0.034 0.056 0.179 0.587 
 387 G _   0.042 0.076 0.002 0.037 0.037 0.058 0.169 0.578 
 388 F _   0.049 0.078 0.002 0.038 0.040 0.059 0.161 0.574 
 389 S _   0.054 0.078 0.002 0.038 0.040 0.058 0.154 0.576 
 390 F _   0.058 0.075 0.002 0.037 0.039 0.056 0.149 0.583 
 391 V _   0.061 0.071 0.002 0.034 0.036 0.054 0.144 0.597 
 392 A _   0.062 0.064 0.002 0.031 0.033 0.050 0.140 0.617 
 393 T _   0.061 0.055 0.002 0.027 0.029 0.046 0.137 0.643 
 394 S _   0.059 0.045 0.002 0.022 0.024 0.042 0.134 0.672 
 395 I _   0.055 0.034 0.002 0.018 0.019 0.038 0.132 0.703 
 396 A _   0.050 0.024 0.001 0.014 0.015 0.033 0.130 0.732 
 397 E _   0.044 0.016 0.001 0.011 0.012 0.030 0.128 0.759 
 398 E _   0.038 0.010 0.001 0.009 0.009 0.026 0.126 0.780 
 399 Y _   0.033 0.007 0.001 0.007 0.007 0.024 0.124 0.797 
 400 K _   0.030 0.005 0.001 0.006 0.006 0.022 0.122 0.810 
 401 I _   0.027 0.004 0.001 0.005 0.005 0.021 0.119 0.819 
 402 T _   0.025 0.003 0.001 0.005 0.005 0.020 0.117 0.825 
 403 P _   0.024 0.003 0.001 0.005 0.006 0.020 0.114 0.827 
 404 I _   0.024 0.004 0.001 0.006 0.007 0.021 0.111 0.827 
 405 T _   0.024 0.005 0.001 0.008 0.008 0.022 0.108 0.824 
 406 S _   0.025 0.007 0.001 0.011 0.010 0.024 0.105 0.818 
 407 A _   0.025 0.010 0.001 0.014 0.012 0.025 0.102 0.811 
 408 N _   0.026 0.014 0.001 0.018 0.013 0.026 0.099 0.803 
 409 V _   0.026 0.017 0.001 0.021 0.014 0.026 0.097 0.798 
 410 L _   0.025 0.019 0.001 0.023 0.014 0.026 0.094 0.797 
 411 P _   0.024 0.021 0.001 0.023 0.014 0.025 0.092 0.800 
 412 I _   0.023 0.021 0.001 0.022 0.013 0.023 0.091 0.806 
 413 V _   0.021 0.021 0.001 0.020 0.011 0.022 0.089 0.815 
 414 Q _   0.019 0.020 0.001 0.017 0.010 0.020 0.088 0.826 
 415 I _   0.018 0.019 0.001 0.014 0.008 0.019 0.086 0.836 
 416 N _   0.016 0.017 0.001 0.012 0.007 0.017 0.085 0.844 
 417 G _   0.015 0.017 0.001 0.010 0.006 0.016 0.084 0.851 
 418 N _   0.015 0.017 0.001 0.009 0.006 0.016 0.083 0.854 
 419 A _   0.014 0.017 0.001 0.010 0.006 0.015 0.082 0.856 
 420 A _   0.014 0.018 0.001 0.010 0.006 0.015 0.081 0.855 
 421 Q _   0.013 0.020 0.001 0.011 0.006 0.015 0.079 0.854 
 422 F _   0.013 0.022 0.001 0.013 0.006 0.015 0.078 0.853 
 423 G _   0.012 0.024 0.001 0.014 0.007 0.015 0.077 0.851 
 424 E _   0.012 0.025 0.001 0.015 0.007 0.014 0.076 0.850 
 425 V _   0.011 0.027 0.001 0.015 0.007 0.014 0.074 0.851 
 426 Y _   0.010 0.028 0.001 0.015 0.006 0.014 0.073 0.852 
 427 E _   0.010 0.028 0.001 0.014 0.006 0.014 0.073 0.854 
 428 L _   0.010 0.029 0.001 0.013 0.006 0.014 0.072 0.857 
 429 K _   0.009 0.029 0.001 0.012 0.005 0.014 0.071 0.859 
 430 E _   0.009 0.029 0.001 0.011 0.005 0.014 0.070 0.860 
 431 D _   0.009 0.030 0.001 0.011 0.005 0.014 0.070 0.860 
 432 I _   0.010 0.032 0.001 0.010 0.005 0.015 0.069 0.859 
 433 G _   0.010 0.034 0.001 0.010 0.005 0.016 0.068 0.855 
 434 V _   0.011 0.037 0.001 0.011 0.006 0.018 0.067 0.849 
 435 G _   0.013 0.041 0.001 0.012 0.007 0.020 0.066 0.840 
 436 S _   0.014 0.046 0.001 0.013 0.008 0.023 0.065 0.829 
 437 Y _   0.016 0.052 0.001 0.015 0.010 0.026 0.064 0.816 
 438 S _   0.019 0.060 0.001 0.016 0.012 0.029 0.062 0.801 
 439 V _   0.021 0.067 0.001 0.018 0.014 0.032 0.061 0.785 
 440 C _   0.024 0.076 0.001 0.019 0.016 0.035 0.060 0.768 
 441 K _   0.027 0.086 0.001 0.021 0.018 0.037 0.060 0.751 
 442 R _   0.030 0.095 0.001 0.022 0.019 0.039 0.059 0.735 
 443 C _   0.033 0.103 0.001 0.023 0.021 0.040 0.059 0.721 
 444 I _   0.035 0.111 0.001 0.024 0.022 0.041 0.058 0.707 
 445 H _   0.038 0.119 0.002 0.025 0.023 0.042 0.058 0.694 
 446 A _   0.039 0.126 0.002 0.027 0.024 0.042 0.058 0.681 
 447 T _   0.041 0.133 0.002 0.029 0.025 0.041 0.059 0.671 
 448 T _   0.042 0.138 0.002 0.032 0.025 0.040 0.059 0.661 
 449 N _   0.042 0.142 0.002 0.036 0.025 0.039 0.060 0.654 
 450 M _   0.041 0.144 0.002 0.040 0.024 0.036 0.062 0.651 
 451 E _   0.039 0.143 0.002 0.043 0.022 0.034 0.064 0.654 
 452 F _   0.036 0.138 0.002 0.043 0.019 0.030 0.067 0.665 
 453 A _   0.032 0.128 0.001 0.040 0.016 0.026 0.070 0.685 
 454 V _   0.028 0.113 0.001 0.035 0.013 0.022 0.074 0.713 
 455 K _   0.024 0.091 0.001 0.028 0.010 0.019 0.078 0.749 
 456 I _   0.020 0.065 0.001 0.021 0.007 0.015 0.081 0.790 
 457 I _   0.016 0.042 0.001 0.014 0.005 0.012 0.084 0.827 
 458 D _   0.012 0.025 0.000 0.008 0.003 0.009 0.086 0.856 
 459 K _   0.009 0.015 0.000 0.005 0.002 0.007 0.087 0.875 
 460 S _   0.007 0.011 0.000 0.003 0.001 0.006 0.088 0.885 
 461 K _   0.006 0.009 0.000 0.002 0.001 0.006 0.087 0.889 
 462 R _   0.005 0.009 0.000 0.002 0.001 0.006 0.086 0.889 
 463 D _   0.006 0.012 0.000 0.004 0.002 0.008 0.084 0.883 
 464 P _   0.008 0.021 0.000 0.007 0.004 0.012 0.081 0.867 
 465 S _   0.010 0.045 0.001 0.014 0.007 0.016 0.077 0.831 
 466 E _   0.012 0.093 0.001 0.025 0.011 0.020 0.071 0.768 
 467 E _   0.012 0.161 0.002 0.038 0.014 0.023 0.063 0.687 
 468 I _   0.012 0.224 0.002 0.050 0.016 0.024 0.056 0.616 
 469 E _   0.011 0.265 0.002 0.058 0.017 0.024 0.052 0.571 
 470 I _   0.011 0.288 0.001 0.062 0.017 0.024 0.048 0.548 
 471 L _   0.010 0.299 0.001 0.062 0.017 0.023 0.046 0.542 
 472 M _   0.010 0.301 0.001 0.059 0.016 0.022 0.044 0.547 
 473 R _   0.010 0.296 0.001 0.053 0.015 0.021 0.043 0.561 
 474 Y _   0.010 0.284 0.001 0.044 0.014 0.019 0.043 0.585 
 475 G _   0.010 0.265 0.001 0.036 0.012 0.018 0.043 0.615 
 476 Q _   0.010 0.241 0.001 0.029 0.010 0.017 0.043 0.648 
 477 H _   0.010 0.218 0.001 0.024 0.009 0.016 0.044 0.678 
 478 P _   0.010 0.197 0.001 0.021 0.008 0.015 0.044 0.704 
 479 N _   0.010 0.178 0.001 0.019 0.007 0.015 0.045 0.725 
 480 I _   0.010 0.162 0.001 0.018 0.006 0.014 0.045 0.743 
 481 I _   0.010 0.147 0.001 0.017 0.006 0.014 0.046 0.760 
 482 T _   0.009 0.133 0.001 0.016 0.006 0.013 0.046 0.777 
 483 L _   0.009 0.119 0.001 0.014 0.005 0.012 0.046 0.794 
 484 K _   0.008 0.105 0.001 0.012 0.005 0.012 0.046 0.812 
 485 D _   0.008 0.093 0.001 0.010 0.004 0.011 0.046 0.827 
 486 V _   0.008 0.083 0.001 0.008 0.004 0.011 0.046 0.839 
 487 F _   0.008 0.077 0.000 0.007 0.003 0.012 0.046 0.847 
 488 D _   0.008 0.074 0.000 0.006 0.004 0.012 0.045 0.850 
 489 D _   0.010 0.074 0.000 0.007 0.004 0.014 0.045 0.847 
 490 G _   0.011 0.076 0.001 0.008 0.005 0.016 0.044 0.840 
 491 R _   0.013 0.081 0.001 0.011 0.007 0.018 0.043 0.828 
 492 Y _   0.014 0.089 0.001 0.014 0.008 0.020 0.042 0.812 
 493 V _   0.016 0.098 0.001 0.017 0.010 0.022 0.041 0.794 
 494 Y _   0.017 0.108 0.001 0.021 0.012 0.024 0.040 0.778 
 495 L _   0.018 0.117 0.001 0.024 0.013 0.025 0.039 0.763 
 496 V _   0.018 0.124 0.001 0.025 0.014 0.026 0.038 0.753 
 497 T _   0.019 0.129 0.001 0.026 0.014 0.026 0.038 0.748 
 498 D _   0.019 0.131 0.001 0.025 0.014 0.026 0.038 0.746 
 499 L _   0.019 0.132 0.001 0.024 0.014 0.025 0.037 0.747 
 500 M _   0.019 0.131 0.001 0.023 0.013 0.025 0.037 0.751 
 501 K _   0.019 0.129 0.001 0.022 0.012 0.024 0.038 0.755 
 502 G _   0.019 0.126 0.001 0.021 0.012 0.023 0.038 0.760 
 503 G _   0.018 0.122 0.001 0.021 0.011 0.022 0.038 0.766 
 504 E _   0.018 0.118 0.001 0.021 0.010 0.021 0.039 0.772 
 505 L _   0.017 0.113 0.001 0.021 0.010 0.020 0.039 0.778 
 506 L _   0.017 0.106 0.001 0.021 0.009 0.019 0.040 0.786 
 507 D _   0.016 0.099 0.001 0.020 0.009 0.018 0.041 0.797 
 508 R _   0.015 0.089 0.001 0.019 0.008 0.017 0.042 0.809 
 509 I _   0.014 0.079 0.001 0.018 0.007 0.016 0.042 0.823 
 510 L _   0.013 0.067 0.001 0.016 0.006 0.015 0.043 0.839 
 511 K _   0.013 0.055 0.001 0.013 0.006 0.013 0.044 0.856 
 512 Q _   0.012 0.043 0.001 0.011 0.005 0.013 0.045 0.872 
 513 K _   0.011 0.034 0.001 0.009 0.004 0.012 0.046 0.885 
 514 C _   0.010 0.027 0.000 0.007 0.003 0.011 0.046 0.895 
 515 F _   0.009 0.023 0.000 0.006 0.003 0.011 0.046 0.901 
 516 S _   0.010 0.021 0.000 0.005 0.003 0.012 0.046 0.903 
 517 E _   0.010 0.020 0.000 0.005 0.003 0.013 0.046 0.902 
 518 R _   0.012 0.022 0.000 0.006 0.004 0.015 0.045 0.896 
 519 E _   0.014 0.025 0.001 0.008 0.005 0.017 0.044 0.886 
 520 A _   0.016 0.030 0.001 0.010 0.007 0.020 0.043 0.872 
 521 S _   0.019 0.039 0.001 0.014 0.010 0.023 0.042 0.851 
 522 D _   0.022 0.050 0.001 0.019 0.013 0.026 0.041 0.827 
 523 I _   0.024 0.062 0.001 0.024 0.016 0.029 0.040 0.804 
 524 L _   0.026 0.072 0.001 0.029 0.018 0.030 0.039 0.784 
 525 Y _   0.027 0.079 0.001 0.031 0.019 0.031 0.039 0.772 
 526 V _   0.028 0.084 0.001 0.032 0.019 0.031 0.038 0.766 
 527 I _   0.028 0.086 0.001 0.030 0.018 0.031 0.038 0.768 
 528 S _   0.027 0.086 0.001 0.027 0.016 0.029 0.038 0.775 
 529 K _   0.026 0.084 0.001 0.023 0.015 0.028 0.038 0.785 
 530 T _   0.024 0.082 0.001 0.020 0.013 0.026 0.039 0.796 
 531 V _   0.023 0.079 0.001 0.017 0.011 0.025 0.039 0.805 
 532 D _   0.021 0.077 0.001 0.016 0.010 0.024 0.039 0.812 
 533 Y _   0.020 0.076 0.001 0.016 0.010 0.022 0.039 0.817 
 534 L _   0.018 0.075 0.001 0.017 0.009 0.021 0.040 0.818 
 535 H _   0.017 0.075 0.001 0.019 0.010 0.021 0.040 0.818 
 536 C _   0.016 0.075 0.001 0.021 0.010 0.020 0.040 0.817 
 537 Q _   0.015 0.074 0.001 0.023 0.010 0.018 0.041 0.818 
 538 G _   0.014 0.071 0.001 0.024 0.009 0.017 0.041 0.823 
 539 V _   0.013 0.067 0.001 0.023 0.008 0.016 0.042 0.830 
 540 V _   0.012 0.061 0.001 0.021 0.007 0.014 0.043 0.841 
 541 H _   0.011 0.053 0.001 0.018 0.006 0.012 0.044 0.855 
 542 R _   0.010 0.045 0.001 0.014 0.005 0.011 0.045 0.869 
 543 D _   0.009 0.036 0.001 0.011 0.004 0.010 0.046 0.883 
 544 L _   0.008 0.029 0.000 0.009 0.004 0.009 0.047 0.893 
 545 K _   0.007 0.024 0.000 0.008 0.003 0.009 0.048 0.900 
 546 P _   0.007 0.021 0.000 0.008 0.003 0.009 0.048 0.904 
 547 S _   0.007 0.020 0.000 0.008 0.003 0.009 0.049 0.905 
 548 N _   0.007 0.019 0.000 0.009 0.003 0.009 0.049 0.904 
 549 I _   0.007 0.018 0.000 0.010 0.004 0.009 0.049 0.902 
 550 L _   0.007 0.018 0.000 0.011 0.004 0.010 0.049 0.900 
 551 Y _   0.007 0.017 0.000 0.011 0.004 0.010 0.049 0.901 
 552 M _   0.007 0.016 0.000 0.011 0.004 0.010 0.049 0.902 
 553 D _   0.007 0.015 0.000 0.010 0.003 0.010 0.049 0.905 
 554 E _   0.007 0.014 0.000 0.008 0.003 0.011 0.049 0.908 
 555 S _   0.008 0.013 0.000 0.006 0.003 0.012 0.048 0.908 
 556 A _   0.009 0.014 0.000 0.006 0.003 0.014 0.048 0.906 
 557 S _   0.012 0.015 0.000 0.006 0.004 0.017 0.047 0.899 
 558 A _   0.016 0.018 0.001 0.007 0.006 0.022 0.046 0.884 
 559 D _   0.022 0.027 0.001 0.011 0.010 0.027 0.044 0.859 
 560 S _   0.028 0.043 0.001 0.017 0.016 0.033 0.042 0.819 
 561 I _   0.034 0.068 0.002 0.028 0.022 0.039 0.040 0.767 
 562 R _   0.038 0.096 0.002 0.042 0.028 0.042 0.038 0.714 
 563 I _   0.040 0.118 0.002 0.054 0.032 0.044 0.037 0.674 
 564 C _   0.041 0.131 0.002 0.063 0.033 0.044 0.036 0.651 
 565 D _   0.040 0.136 0.002 0.068 0.032 0.042 0.036 0.646 
 566 F _   0.038 0.135 0.002 0.066 0.029 0.039 0.036 0.656 
 567 G _   0.036 0.127 0.002 0.058 0.025 0.035 0.036 0.681 
 568 F _   0.032 0.111 0.002 0.046 0.020 0.030 0.037 0.721 
 569 A _   0.029 0.086 0.002 0.033 0.015 0.026 0.037 0.772 
 570 K _   0.025 0.056 0.001 0.021 0.011 0.022 0.038 0.826 
 571 Q _   0.021 0.030 0.001 0.012 0.007 0.019 0.039 0.872 
 572 L _   0.018 0.014 0.001 0.006 0.004 0.017 0.039 0.901 
 573 R _   0.015 0.008 0.000 0.004 0.003 0.015 0.038 0.916 
 574 G _   0.014 0.006 0.000 0.003 0.003 0.015 0.038 0.920 
 575 E _   0.015 0.005 0.000 0.004 0.003 0.017 0.037 0.919 
 576 N _   0.016 0.006 0.000 0.005 0.004 0.019 0.036 0.913 
 577 G _   0.019 0.009 0.001 0.008 0.006 0.021 0.035 0.901 
 578 L _   0.022 0.013 0.001 0.012 0.009 0.024 0.033 0.887 
 579 L _   0.024 0.018 0.001 0.016 0.011 0.027 0.032 0.872 
 580 L _   0.025 0.022 0.001 0.020 0.013 0.029 0.030 0.860 
 581 T _   0.026 0.025 0.001 0.022 0.014 0.030 0.029 0.853 
 582 P _   0.026 0.027 0.001 0.022 0.015 0.031 0.027 0.850 
 583 C _   0.027 0.028 0.001 0.021 0.015 0.032 0.026 0.850 
 584 Y _   0.028 0.028 0.001 0.020 0.015 0.032 0.025 0.851 
 585 T _   0.030 0.029 0.001 0.018 0.015 0.032 0.024 0.851 
 586 A _   0.031 0.029 0.001 0.018 0.015 0.032 0.023 0.850 
 587 N _   0.032 0.030 0.001 0.019 0.016 0.032 0.022 0.848 
 588 F _   0.033 0.030 0.001 0.021 0.016 0.032 0.021 0.846 
 589 V _   0.033 0.031 0.001 0.023 0.016 0.031 0.021 0.844 
 590 A _   0.033 0.031 0.001 0.026 0.017 0.030 0.020 0.843 
 591 P _   0.033 0.030 0.001 0.027 0.016 0.029 0.019 0.844 
 592 E _   0.034 0.028 0.001 0.027 0.015 0.027 0.019 0.850 
 593 V _   0.034 0.025 0.001 0.025 0.013 0.024 0.018 0.860 
 594 L _   0.035 0.020 0.001 0.020 0.011 0.021 0.017 0.875 
 595 M _   0.037 0.014 0.001 0.015 0.009 0.018 0.017 0.891 
 596 Q _   0.041 0.008 0.001 0.010 0.006 0.015 0.016 0.904 
 597 Q _   0.047 0.003 0.001 0.006 0.005 0.012 0.015 0.911 
 598 G _   0.059 0.001 0.000 0.003 0.004 0.011 0.014 0.909 
 599 Y _   0.078 0.000 0.000 0.002 0.003 0.009 0.013 0.895 
 600 D _   0.110 0.000 0.000 0.001 0.003 0.009 0.011 0.865 
 601 A _   0.163 0.000 0.001 0.001 0.004 0.009 0.010 0.814 
 602 A _   0.244 0.000 0.001 0.001 0.005 0.009 0.008 0.732 
 603 C _   0.356 0.000 0.001 0.001 0.006 0.010 0.006 0.620 
 604 D _   0.485 0.000 0.001 0.001 0.008 0.010 0.005 0.491 
 605 I H   0.618 0.000 0.001 0.001 0.010 0.010 0.003 0.358 
 606 W H   0.732 0.000 0.001 0.001 0.011 0.009 0.002 0.244 
 607 S H   0.816 0.000 0.001 0.001 0.012 0.009 0.002 0.160 
 608 L H   0.871 0.000 0.001 0.001 0.013 0.008 0.001 0.106 
 609 G H   0.903 0.000 0.001 0.000 0.013 0.007 0.001 0.074 
 610 V H   0.920 0.000 0.001 0.000 0.014 0.006 0.001 0.058 
 611 L H   0.925 0.000 0.001 0.000 0.015 0.006 0.001 0.052 
 612 F H   0.922 0.000 0.001 0.000 0.016 0.006 0.001 0.054 
 613 Y H   0.910 0.000 0.001 0.001 0.017 0.006 0.002 0.064 
 614 T H   0.886 0.000 0.001 0.001 0.018 0.006 0.002 0.085 
 615 M H   0.844 0.000 0.001 0.001 0.019 0.007 0.003 0.123 
 616 L H   0.779 0.000 0.002 0.002 0.020 0.009 0.006 0.184 
 617 A H   0.688 0.000 0.002 0.003 0.019 0.010 0.009 0.270 
 618 G H   0.577 0.000 0.002 0.004 0.017 0.010 0.014 0.376 
 619 Y _   0.454 0.000 0.002 0.005 0.013 0.010 0.021 0.495 
 620 T _   0.332 0.000 0.001 0.005 0.009 0.010 0.028 0.614 
 621 P _   0.224 0.000 0.001 0.005 0.006 0.009 0.034 0.721 
 622 F _   0.140 0.000 0.001 0.004 0.004 0.007 0.039 0.804 
 623 A _   0.080 0.000 0.000 0.003 0.003 0.006 0.043 0.865 
 624 N _   0.043 0.000 0.000 0.002 0.002 0.005 0.045 0.902 
 625 G _   0.023 0.000 0.000 0.002 0.001 0.004 0.047 0.923 
 626 P _   0.013 0.001 0.000 0.002 0.001 0.005 0.047 0.931 
 627 N _   0.010 0.003 0.000 0.003 0.001 0.006 0.047 0.930 
 628 D _   0.009 0.010 0.000 0.005 0.002 0.009 0.047 0.918 
 629 T _   0.011 0.031 0.001 0.010 0.005 0.013 0.045 0.884 
 630 P _   0.012 0.088 0.001 0.020 0.009 0.017 0.042 0.810 
 631 E _   0.013 0.199 0.002 0.032 0.014 0.020 0.037 0.682 
 632 E _   0.011 0.346 0.002 0.043 0.016 0.020 0.031 0.530 
 633 I E   0.008 0.477 0.002 0.048 0.016 0.018 0.027 0.404 
 634 L E   0.006 0.563 0.002 0.048 0.013 0.015 0.024 0.329 
 635 L E   0.005 0.612 0.001 0.046 0.011 0.013 0.022 0.290 
 636 R E   0.004 0.638 0.001 0.043 0.009 0.011 0.022 0.273 
 637 I E   0.003 0.651 0.001 0.040 0.008 0.010 0.021 0.266 
 638 G E   0.003 0.655 0.001 0.037 0.007 0.009 0.021 0.267 
 639 N E   0.003 0.653 0.001 0.033 0.006 0.008 0.022 0.273 
 640 G E   0.003 0.647 0.001 0.030 0.006 0.008 0.023 0.284 
 641 K E   0.003 0.635 0.001 0.026 0.006 0.007 0.024 0.298 
 642 F E   0.003 0.619 0.001 0.023 0.005 0.007 0.025 0.316 
 643 S E   0.004 0.599 0.001 0.021 0.005 0.007 0.027 0.337 
 644 L E   0.004 0.576 0.001 0.019 0.004 0.007 0.030 0.360 
 645 S E   0.004 0.551 0.001 0.017 0.004 0.007 0.032 0.384 
 646 G E   0.004 0.527 0.001 0.015 0.004 0.007 0.034 0.409 
 647 G E   0.004 0.504 0.000 0.013 0.003 0.006 0.037 0.432 
 648 N E   0.004 0.484 0.000 0.011 0.003 0.006 0.039 0.453 
 649 W _   0.003 0.468 0.000 0.009 0.002 0.006 0.041 0.470 
 650 D _   0.003 0.456 0.000 0.008 0.002 0.006 0.043 0.482 
 651 N _   0.003 0.448 0.000 0.007 0.002 0.006 0.044 0.489 
 652 I _   0.003 0.445 0.000 0.007 0.002 0.007 0.045 0.491 
 653 S _   0.004 0.447 0.000 0.007 0.002 0.008 0.045 0.487 
 654 D _   0.004 0.453 0.000 0.009 0.003 0.009 0.046 0.476 
 655 G E   0.005 0.466 0.000 0.011 0.004 0.010 0.046 0.457 
 656 A E   0.005 0.486 0.001 0.015 0.005 0.011 0.046 0.431 
 657 K E   0.006 0.508 0.001 0.019 0.006 0.012 0.046 0.401 
 658 D E   0.006 0.529 0.001 0.023 0.007 0.013 0.047 0.373 
 659 L E   0.006 0.545 0.001 0.027 0.008 0.013 0.047 0.352 
 660 L E   0.006 0.553 0.001 0.030 0.009 0.013 0.049 0.339 
 661 S E   0.006 0.555 0.001 0.031 0.009 0.013 0.051 0.335 
 662 H E   0.006 0.550 0.001 0.031 0.009 0.013 0.053 0.337 
 663 M E   0.007 0.537 0.001 0.029 0.009 0.013 0.057 0.348 
