#TopoPred_TM8: 8-state transmembrane topology prediction results by no_profile mode 
#probabilities are in the order of H E C I L F X _, the 8 transmembrane topology types used in PDBTM 
   1 M X   0.009 0.001 0.002 0.039 0.007 0.007 0.841 0.096 
   2 D X   0.003 0.000 0.000 0.020 0.001 0.003 0.864 0.108 
   3 E X   0.001 0.000 0.000 0.010 0.000 0.002 0.870 0.117 
   4 Q X   0.001 0.000 0.000 0.007 0.000 0.002 0.869 0.122 
   5 S X   0.001 0.000 0.000 0.005 0.000 0.002 0.865 0.126 
   6 Q X   0.001 0.000 0.000 0.005 0.001 0.003 0.859 0.131 
   7 G X   0.002 0.001 0.000 0.005 0.001 0.003 0.851 0.137 
   8 M X   0.002 0.001 0.000 0.006 0.001 0.004 0.841 0.146 
   9 Q X   0.002 0.002 0.000 0.007 0.001 0.004 0.827 0.157 
  10 G X   0.002 0.002 0.000 0.008 0.002 0.005 0.810 0.170 
  11 P X   0.002 0.003 0.000 0.009 0.002 0.006 0.792 0.186 
  12 P X   0.002 0.004 0.000 0.010 0.002 0.006 0.772 0.203 
  13 V X   0.002 0.005 0.000 0.011 0.002 0.006 0.752 0.220 
  14 P X   0.002 0.006 0.000 0.012 0.003 0.007 0.732 0.238 
  15 Q X   0.003 0.008 0.000 0.012 0.003 0.007 0.712 0.256 
  16 F X   0.003 0.009 0.000 0.013 0.003 0.007 0.691 0.274 
  17 Q X   0.003 0.010 0.000 0.013 0.003 0.008 0.670 0.292 
  18 P X   0.003 0.011 0.000 0.014 0.003 0.008 0.650 0.311 
  19 Q X   0.003 0.013 0.000 0.014 0.004 0.008 0.629 0.329 
  20 K X   0.003 0.014 0.001 0.014 0.004 0.008 0.609 0.347 
  21 A X   0.003 0.015 0.001 0.014 0.004 0.008 0.589 0.366 
  22 L X   0.003 0.017 0.001 0.014 0.004 0.009 0.569 0.383 
  23 R X   0.003 0.018 0.001 0.014 0.004 0.009 0.550 0.400 
  24 P X   0.004 0.019 0.001 0.015 0.004 0.009 0.532 0.417 
  25 D X   0.004 0.021 0.001 0.015 0.004 0.010 0.514 0.432 
  26 M X   0.004 0.022 0.001 0.016 0.005 0.010 0.497 0.445 
  27 G X   0.005 0.024 0.001 0.017 0.005 0.011 0.480 0.458 
  28 Y _   0.005 0.025 0.001 0.018 0.006 0.012 0.464 0.469 
  29 N _   0.005 0.026 0.001 0.020 0.006 0.012 0.449 0.480 
  30 T _   0.006 0.027 0.001 0.021 0.007 0.013 0.436 0.490 
  31 L _   0.006 0.027 0.001 0.023 0.007 0.013 0.423 0.500 
  32 A _   0.007 0.027 0.001 0.023 0.007 0.014 0.411 0.511 
  33 N _   0.007 0.026 0.001 0.023 0.007 0.014 0.400 0.523 
  34 F _   0.007 0.024 0.001 0.022 0.007 0.013 0.390 0.536 
  35 R _   0.007 0.022 0.001 0.019 0.006 0.013 0.381 0.551 
  36 I _   0.007 0.018 0.001 0.016 0.006 0.013 0.372 0.567 
  37 E _   0.007 0.015 0.001 0.013 0.005 0.012 0.364 0.584 
  38 K _   0.007 0.011 0.001 0.010 0.004 0.012 0.356 0.599 
  39 K _   0.007 0.008 0.000 0.008 0.004 0.013 0.347 0.613 
  40 I _   0.008 0.005 0.000 0.006 0.004 0.014 0.339 0.624 
  41 G _   0.010 0.004 0.000 0.005 0.004 0.015 0.330 0.632 
  42 R _   0.013 0.003 0.000 0.005 0.004 0.018 0.321 0.636 
  43 G _   0.017 0.003 0.001 0.005 0.005 0.022 0.311 0.636 
  44 Q _   0.023 0.003 0.001 0.006 0.008 0.027 0.300 0.632 
  45 F _   0.031 0.004 0.001 0.008 0.011 0.033 0.288 0.623 
  46 S _   0.041 0.005 0.001 0.011 0.017 0.040 0.276 0.609 
  47 E _   0.052 0.007 0.001 0.015 0.023 0.046 0.264 0.592 
  48 V _   0.064 0.009 0.002 0.019 0.028 0.051 0.252 0.576 
  49 Y _   0.075 0.010 0.002 0.022 0.033 0.054 0.242 0.562 
  50 R _   0.085 0.012 0.002 0.024 0.036 0.056 0.233 0.552 
  51 A _   0.093 0.012 0.002 0.025 0.037 0.056 0.225 0.550 
  52 A _   0.099 0.012 0.002 0.024 0.036 0.055 0.218 0.554 
  53 C _   0.103 0.011 0.002 0.021 0.033 0.052 0.213 0.565 
  54 L _   0.104 0.009 0.002 0.017 0.029 0.049 0.209 0.581 
  55 L _   0.103 0.007 0.002 0.014 0.025 0.045 0.205 0.601 
  56 D _   0.100 0.005 0.001 0.010 0.020 0.041 0.202 0.621 
  57 G _   0.095 0.003 0.001 0.008 0.016 0.037 0.199 0.640 
  58 V _   0.089 0.002 0.001 0.007 0.013 0.034 0.197 0.657 
  59 P _   0.082 0.002 0.001 0.006 0.011 0.031 0.195 0.672 
  60 V _   0.075 0.002 0.001 0.006 0.010 0.029 0.193 0.684 
  61 A _   0.068 0.002 0.001 0.007 0.010 0.027 0.191 0.695 
  62 L _   0.061 0.002 0.001 0.008 0.009 0.025 0.189 0.704 
  63 K _   0.054 0.002 0.001 0.009 0.009 0.024 0.188 0.714 
  64 K _   0.047 0.002 0.001 0.010 0.009 0.022 0.186 0.723 
  65 V _   0.040 0.003 0.001 0.011 0.008 0.020 0.185 0.733 
  66 Q _   0.034 0.003 0.001 0.011 0.008 0.018 0.184 0.742 
  67 I _   0.028 0.003 0.001 0.011 0.007 0.016 0.182 0.751 
  68 F _   0.024 0.003 0.001 0.011 0.006 0.015 0.181 0.761 
  69 D _   0.020 0.002 0.001 0.010 0.005 0.013 0.180 0.770 
  70 L _   0.016 0.002 0.001 0.008 0.004 0.011 0.178 0.779 
  71 M _   0.014 0.002 0.000 0.007 0.003 0.010 0.177 0.787 
  72 D _   0.012 0.001 0.000 0.006 0.003 0.009 0.175 0.794 
  73 A _   0.010 0.001 0.000 0.005 0.003 0.009 0.173 0.800 
  74 K _   0.010 0.001 0.000 0.004 0.002 0.008 0.170 0.804 
  75 A _   0.009 0.001 0.000 0.004 0.002 0.009 0.168 0.806 
  76 R _   0.010 0.002 0.000 0.005 0.003 0.010 0.165 0.806 
  77 A _   0.011 0.003 0.000 0.006 0.004 0.011 0.161 0.804 
  78 D _   0.011 0.005 0.001 0.009 0.005 0.013 0.158 0.799 
  79 C _   0.013 0.007 0.001 0.013 0.006 0.015 0.154 0.791 
  80 I _   0.014 0.011 0.001 0.018 0.008 0.016 0.150 0.782 
  81 K _   0.014 0.014 0.001 0.023 0.010 0.017 0.146 0.775 
  82 E _   0.015 0.016 0.001 0.027 0.010 0.018 0.143 0.771 
  83 I _   0.015 0.016 0.001 0.027 0.010 0.017 0.140 0.773 
  84 D _   0.014 0.016 0.001 0.026 0.009 0.017 0.137 0.780 
  85 L _   0.014 0.014 0.001 0.022 0.008 0.015 0.135 0.791 
  86 L _   0.013 0.012 0.001 0.016 0.006 0.014 0.133 0.805 
  87 K _   0.012 0.009 0.001 0.011 0.005 0.012 0.132 0.819 
  88 Q _   0.011 0.006 0.000 0.007 0.004 0.011 0.130 0.830 
  89 L _   0.011 0.004 0.000 0.005 0.003 0.011 0.128 0.838 
  90 N _   0.011 0.004 0.000 0.004 0.003 0.011 0.125 0.842 
  91 H _   0.011 0.004 0.000 0.004 0.003 0.012 0.123 0.842 
  92 P _   0.013 0.005 0.000 0.005 0.004 0.014 0.120 0.838 
  93 N _   0.015 0.008 0.001 0.008 0.006 0.017 0.117 0.829 
  94 V _   0.017 0.013 0.001 0.013 0.008 0.019 0.113 0.815 
  95 I _   0.018 0.020 0.001 0.020 0.011 0.021 0.109 0.799 
  96 K _   0.019 0.027 0.001 0.026 0.013 0.023 0.105 0.786 
  97 Y _   0.019 0.032 0.001 0.031 0.014 0.023 0.102 0.779 
  98 Y _   0.018 0.035 0.001 0.033 0.014 0.022 0.099 0.779 
  99 A _   0.016 0.035 0.001 0.031 0.013 0.021 0.096 0.787 
 100 S _   0.015 0.034 0.001 0.027 0.011 0.019 0.094 0.800 
 101 F _   0.013 0.031 0.001 0.021 0.009 0.017 0.092 0.816 
 102 I _   0.012 0.028 0.001 0.016 0.007 0.015 0.090 0.831 
 103 E _   0.011 0.025 0.001 0.012 0.006 0.014 0.089 0.844 
 104 D _   0.010 0.023 0.001 0.009 0.005 0.013 0.087 0.852 
 105 N _   0.010 0.022 0.000 0.009 0.004 0.013 0.086 0.856 
 106 E _   0.010 0.022 0.001 0.009 0.005 0.013 0.084 0.857 
 107 L _   0.010 0.024 0.001 0.011 0.005 0.013 0.082 0.854 
 108 N _   0.011 0.025 0.001 0.013 0.006 0.014 0.080 0.850 
 109 I _   0.012 0.027 0.001 0.016 0.007 0.014 0.078 0.844 
 110 V _   0.012 0.029 0.001 0.019 0.007 0.015 0.077 0.841 
 111 L _   0.012 0.030 0.001 0.020 0.007 0.015 0.075 0.840 
 112 E _   0.012 0.030 0.001 0.020 0.007 0.014 0.074 0.843 
 113 L _   0.011 0.028 0.001 0.018 0.007 0.014 0.073 0.849 
 114 A _   0.010 0.026 0.001 0.016 0.006 0.013 0.072 0.856 
 115 D _   0.010 0.024 0.001 0.013 0.005 0.012 0.071 0.864 
 116 A _   0.010 0.022 0.001 0.011 0.005 0.012 0.070 0.870 
 117 G _   0.010 0.020 0.001 0.010 0.004 0.012 0.069 0.875 
 118 D _   0.010 0.018 0.001 0.011 0.005 0.012 0.068 0.876 
 119 L _   0.010 0.018 0.001 0.012 0.005 0.012 0.068 0.875 
 120 S _   0.011 0.017 0.001 0.013 0.005 0.012 0.067 0.874 
 121 R _   0.011 0.016 0.001 0.014 0.005 0.013 0.066 0.874 
 122 M _   0.011 0.015 0.001 0.015 0.006 0.013 0.065 0.874 
 123 I _   0.011 0.014 0.001 0.015 0.005 0.012 0.065 0.876 
 124 K _   0.011 0.012 0.001 0.014 0.005 0.012 0.064 0.881 
 125 H _   0.010 0.010 0.001 0.012 0.005 0.011 0.064 0.888 
 126 F _   0.010 0.007 0.000 0.010 0.004 0.010 0.063 0.894 
 127 K _   0.010 0.005 0.000 0.008 0.003 0.010 0.062 0.901 
 128 K _   0.011 0.003 0.000 0.006 0.003 0.010 0.061 0.905 
 129 Q _   0.013 0.002 0.000 0.005 0.003 0.010 0.060 0.907 
 130 K _   0.017 0.001 0.000 0.004 0.003 0.011 0.059 0.906 
 131 R _   0.023 0.000 0.000 0.004 0.003 0.012 0.057 0.900 
 132 L _   0.033 0.000 0.000 0.003 0.003 0.015 0.055 0.889 
 133 I _   0.051 0.000 0.001 0.003 0.004 0.018 0.053 0.870 
 134 P _   0.078 0.000 0.001 0.003 0.006 0.022 0.050 0.839 
 135 E _   0.117 0.000 0.001 0.004 0.009 0.028 0.047 0.795 
 136 R _   0.165 0.000 0.001 0.004 0.013 0.035 0.043 0.739 
 137 T _   0.221 0.000 0.001 0.004 0.019 0.042 0.039 0.673 
 138 V _   0.284 0.000 0.002 0.005 0.026 0.048 0.036 0.599 
 139 W _   0.344 0.000 0.002 0.005 0.035 0.054 0.033 0.527 
 140 K _   0.397 0.001 0.002 0.006 0.043 0.058 0.030 0.463 
 141 Y H   0.440 0.001 0.002 0.007 0.050 0.060 0.029 0.412 
 142 F H   0.471 0.002 0.002 0.008 0.055 0.060 0.028 0.375 
 143 V H   0.490 0.002 0.002 0.009 0.057 0.059 0.027 0.353 
 144 Q H   0.497 0.003 0.002 0.010 0.057 0.057 0.027 0.346 
 145 L H   0.490 0.003 0.003 0.011 0.055 0.054 0.028 0.356 
 146 C H   0.473 0.003 0.002 0.011 0.052 0.051 0.029 0.380 
 147 S H   0.444 0.003 0.002 0.011 0.046 0.047 0.030 0.417 
 148 A _   0.405 0.003 0.002 0.010 0.039 0.043 0.032 0.467 
 149 L _   0.354 0.002 0.002 0.009 0.032 0.039 0.034 0.528 
 150 E _   0.297 0.002 0.002 0.009 0.025 0.035 0.036 0.595 
 151 H _   0.241 0.001 0.001 0.009 0.019 0.030 0.039 0.660 
 152 M _   0.189 0.001 0.001 0.009 0.014 0.027 0.041 0.718 
 153 H _   0.144 0.001 0.001 0.008 0.011 0.023 0.044 0.768 
 154 S _   0.107 0.001 0.001 0.008 0.008 0.020 0.046 0.809 
 155 R _   0.077 0.001 0.001 0.008 0.007 0.017 0.047 0.842 
 156 R _   0.056 0.001 0.001 0.007 0.005 0.015 0.049 0.867 
 157 V _   0.040 0.001 0.001 0.007 0.004 0.013 0.050 0.886 
 158 M _   0.029 0.000 0.000 0.005 0.003 0.011 0.050 0.900 
 159 H _   0.022 0.000 0.000 0.004 0.003 0.010 0.050 0.910 
 160 R _   0.018 0.000 0.000 0.003 0.002 0.010 0.050 0.915 
 161 D _   0.016 0.000 0.000 0.003 0.002 0.010 0.050 0.918 
 162 I _   0.017 0.000 0.000 0.002 0.002 0.012 0.049 0.916 
 163 K _   0.020 0.000 0.000 0.003 0.003 0.015 0.048 0.911 
 164 P _   0.026 0.001 0.000 0.003 0.004 0.019 0.047 0.899 
 165 A _   0.034 0.002 0.001 0.005 0.007 0.024 0.046 0.881 
 166 N _   0.043 0.006 0.001 0.008 0.011 0.031 0.045 0.855 
 167 V _   0.054 0.013 0.001 0.012 0.017 0.038 0.043 0.822 
 168 F _   0.062 0.024 0.002 0.019 0.024 0.044 0.041 0.785 
 169 I _   0.068 0.036 0.002 0.025 0.029 0.048 0.040 0.753 
 170 T _   0.072 0.047 0.002 0.030 0.032 0.050 0.038 0.728 
 171 A _   0.073 0.054 0.002 0.033 0.034 0.051 0.037 0.715 
 172 T _   0.072 0.059 0.002 0.034 0.033 0.051 0.037 0.713 
 173 G _   0.070 0.061 0.002 0.031 0.031 0.049 0.036 0.720 
 174 V _   0.066 0.060 0.002 0.027 0.027 0.047 0.036 0.734 
 175 V _   0.061 0.059 0.002 0.023 0.024 0.044 0.036 0.752 
 176 K _   0.056 0.056 0.001 0.020 0.020 0.041 0.036 0.769 
 177 L _   0.050 0.054 0.001 0.018 0.017 0.038 0.036 0.786 
 178 G _   0.044 0.052 0.001 0.016 0.015 0.035 0.037 0.799 
 179 D _   0.039 0.051 0.001 0.016 0.014 0.033 0.037 0.809 
 180 L _   0.035 0.050 0.001 0.017 0.012 0.030 0.037 0.818 
 181 G _   0.030 0.049 0.001 0.017 0.011 0.028 0.037 0.826 
 182 L _   0.027 0.047 0.001 0.017 0.010 0.026 0.037 0.835 
 183 G _   0.023 0.045 0.001 0.016 0.009 0.023 0.038 0.844 
 184 R _   0.020 0.043 0.001 0.015 0.008 0.021 0.038 0.855 
 185 F _   0.018 0.040 0.001 0.012 0.007 0.020 0.038 0.865 
 186 F _   0.016 0.038 0.001 0.010 0.006 0.018 0.037 0.874 
 187 S _   0.014 0.036 0.001 0.008 0.005 0.018 0.037 0.880 
 188 S _   0.014 0.036 0.001 0.008 0.005 0.018 0.037 0.882 
 189 K _   0.014 0.037 0.001 0.008 0.006 0.019 0.036 0.880 
 190 T _   0.015 0.040 0.001 0.009 0.007 0.020 0.036 0.873 
 191 T _   0.017 0.046 0.001 0.012 0.008 0.022 0.035 0.859 
 192 A _   0.019 0.056 0.001 0.017 0.011 0.024 0.035 0.838 
 193 A _   0.020 0.067 0.001 0.024 0.013 0.025 0.034 0.815 
 194 H _   0.022 0.079 0.001 0.030 0.015 0.026 0.033 0.793 
 195 S _   0.022 0.087 0.001 0.036 0.017 0.027 0.033 0.777 
 196 L _   0.022 0.093 0.001 0.040 0.018 0.026 0.033 0.767 
 197 V _   0.022 0.095 0.001 0.041 0.018 0.026 0.033 0.765 
 198 G _   0.021 0.093 0.001 0.041 0.017 0.024 0.033 0.769 
 199 T _   0.020 0.089 0.001 0.037 0.015 0.023 0.034 0.781 
 200 P _   0.019 0.081 0.001 0.033 0.013 0.021 0.035 0.797 
 201 Y _   0.017 0.070 0.001 0.028 0.011 0.019 0.036 0.818 
 202 Y _   0.016 0.057 0.001 0.023 0.009 0.017 0.037 0.840 
 203 M _   0.014 0.044 0.001 0.019 0.007 0.015 0.039 0.862 
 204 S _   0.012 0.032 0.001 0.015 0.006 0.013 0.040 0.882 
 205 P _   0.011 0.023 0.001 0.012 0.005 0.011 0.041 0.898 
 206 E _   0.009 0.016 0.000 0.010 0.004 0.010 0.041 0.910 
 207 R _   0.009 0.010 0.000 0.008 0.003 0.009 0.042 0.919 
 208 I _   0.008 0.007 0.000 0.007 0.003 0.008 0.042 0.926 
 209 H _   0.009 0.004 0.000 0.006 0.002 0.007 0.041 0.930 
 210 E _   0.011 0.002 0.000 0.005 0.002 0.007 0.041 0.932 
 211 N _   0.015 0.001 0.000 0.004 0.002 0.007 0.040 0.930 
 212 G _   0.023 0.001 0.000 0.003 0.002 0.008 0.039 0.923 
 213 Y _   0.039 0.000 0.000 0.003 0.003 0.009 0.037 0.908 
 214 N _   0.067 0.000 0.000 0.002 0.004 0.011 0.035 0.880 
 215 F _   0.116 0.000 0.001 0.002 0.005 0.014 0.033 0.829 
 216 K _   0.190 0.000 0.001 0.002 0.008 0.018 0.030 0.752 
 217 S _   0.288 0.000 0.001 0.002 0.012 0.022 0.026 0.649 
 218 D _   0.401 0.000 0.001 0.002 0.017 0.026 0.023 0.529 
 219 I H   0.513 0.000 0.002 0.002 0.024 0.029 0.021 0.409 
 220 W H   0.606 0.000 0.002 0.002 0.030 0.031 0.019 0.310 
 221 S H   0.674 0.000 0.002 0.002 0.035 0.031 0.019 0.237 
 222 L H   0.721 0.000 0.002 0.003 0.038 0.030 0.019 0.187 
 223 G H   0.748 0.000 0.002 0.003 0.041 0.029 0.019 0.159 
 224 C H   0.759 0.000 0.002 0.003 0.042 0.027 0.021 0.146 
 225 L H   0.754 0.001 0.002 0.004 0.042 0.026 0.023 0.148 
 226 L H   0.735 0.001 0.002 0.004 0.042 0.025 0.026 0.166 
 227 Y H   0.698 0.001 0.002 0.005 0.040 0.024 0.031 0.200 
 228 E H   0.641 0.001 0.002 0.005 0.036 0.023 0.038 0.255 
 229 M H   0.561 0.000 0.002 0.006 0.030 0.021 0.047 0.332 
 230 A H   0.467 0.000 0.002 0.006 0.024 0.020 0.058 0.422 
 231 A _   0.367 0.000 0.002 0.006 0.017 0.018 0.071 0.519 
 232 L _   0.271 0.000 0.001 0.006 0.012 0.015 0.084 0.610 
 233 Q _   0.188 0.000 0.001 0.005 0.008 0.013 0.096 0.688 
 234 S _   0.124 0.000 0.001 0.005 0.005 0.011 0.107 0.747 
 235 P _   0.078 0.000 0.001 0.004 0.004 0.010 0.115 0.789 
 236 F _   0.049 0.000 0.000 0.004 0.003 0.008 0.121 0.814 
 237 Y _   0.031 0.000 0.000 0.004 0.002 0.008 0.127 0.828 
 238 G _   0.020 0.001 0.000 0.004 0.002 0.008 0.131 0.834 
 239 D _   0.015 0.002 0.000 0.004 0.002 0.008 0.134 0.835 
 240 K _   0.011 0.003 0.000 0.006 0.003 0.009 0.137 0.832 
 241 M _   0.010 0.005 0.000 0.008 0.003 0.010 0.139 0.825 
 242 N _   0.009 0.009 0.000 0.011 0.004 0.011 0.141 0.814 
 243 L _   0.009 0.015 0.001 0.015 0.005 0.012 0.143 0.800 
 244 Y _   0.009 0.021 0.001 0.020 0.006 0.013 0.145 0.785 
 245 S _   0.009 0.027 0.001 0.025 0.007 0.014 0.147 0.769 
 246 L _   0.009 0.032 0.001 0.030 0.008 0.015 0.150 0.756 
 247 C _   0.009 0.035 0.001 0.033 0.009 0.015 0.153 0.745 
 248 K _   0.010 0.037 0.001 0.034 0.009 0.014 0.157 0.739 
 249 K _   0.010 0.037 0.001 0.033 0.008 0.014 0.162 0.736 
 250 I _   0.009 0.035 0.001 0.030 0.007 0.013 0.168 0.737 
 251 E _   0.009 0.031 0.001 0.025 0.006 0.012 0.175 0.741 
 252 Q _   0.009 0.027 0.001 0.020 0.005 0.010 0.182 0.747 
 253 C _   0.008 0.021 0.001 0.015 0.004 0.009 0.189 0.753 
 254 D _   0.007 0.016 0.000 0.011 0.003 0.008 0.195 0.760 
 255 Y _   0.007 0.011 0.000 0.007 0.002 0.007 0.201 0.765 
 256 P _   0.006 0.009 0.000 0.005 0.002 0.006 0.205 0.768 
 257 P _   0.005 0.007 0.000 0.004 0.001 0.005 0.207 0.770 
 258 L _   0.005 0.006 0.000 0.003 0.001 0.005 0.209 0.770 
 259 P _   0.005 0.007 0.000 0.003 0.001 0.006 0.210 0.768 
 260 S _   0.005 0.008 0.000 0.003 0.002 0.008 0.210 0.764 
 261 D _   0.006 0.012 0.000 0.005 0.002 0.010 0.209 0.755 
 262 H _   0.008 0.023 0.000 0.009 0.004 0.014 0.207 0.735 
 263 Y _   0.010 0.048 0.001 0.016 0.008 0.018 0.203 0.697 
 264 S _   0.012 0.096 0.001 0.027 0.012 0.023 0.197 0.633 
 265 E _   0.012 0.163 0.002 0.041 0.017 0.025 0.190 0.549 
 266 E _   0.012 0.231 0.002 0.056 0.019 0.026 0.184 0.470 
 267 L _   0.011 0.280 0.002 0.068 0.020 0.026 0.180 0.412 
 268 R _   0.011 0.309 0.002 0.077 0.020 0.025 0.179 0.377 
 269 Q _   0.011 0.323 0.001 0.082 0.019 0.024 0.179 0.361 
 270 L _   0.011 0.326 0.001 0.082 0.018 0.022 0.181 0.359 
 271 V _   0.011 0.321 0.001 0.077 0.017 0.020 0.185 0.368 
 272 N _   0.011 0.305 0.001 0.068 0.015 0.018 0.191 0.390 
 273 M _   0.011 0.272 0.002 0.056 0.013 0.016 0.199 0.431 
 274 C _   0.012 0.218 0.002 0.042 0.011 0.014 0.210 0.492 
 275 I _   0.011 0.154 0.001 0.028 0.008 0.012 0.222 0.563 
 276 N _   0.011 0.097 0.001 0.017 0.005 0.010 0.233 0.627 
 277 P _   0.009 0.061 0.000 0.009 0.003 0.008 0.240 0.669 
 278 D _   0.007 0.044 0.000 0.005 0.002 0.007 0.245 0.691 
 279 P _   0.006 0.037 0.000 0.003 0.001 0.006 0.247 0.700 
 280 E _   0.005 0.035 0.000 0.003 0.001 0.007 0.248 0.702 
 281 K _   0.005 0.037 0.000 0.003 0.001 0.008 0.247 0.699 
 282 R _   0.006 0.043 0.000 0.005 0.002 0.010 0.245 0.689 
 283 P _   0.008 0.059 0.001 0.009 0.004 0.013 0.241 0.665 
 284 D _   0.009 0.097 0.001 0.015 0.007 0.017 0.234 0.619 
 285 V _   0.010 0.165 0.001 0.023 0.010 0.020 0.225 0.546 
 286 T _   0.010 0.258 0.002 0.031 0.013 0.021 0.213 0.453 
 287 Y E   0.009 0.363 0.002 0.035 0.015 0.021 0.201 0.355 
 288 V E   0.007 0.456 0.002 0.036 0.015 0.020 0.192 0.273 
 289 Y E   0.006 0.534 0.002 0.035 0.014 0.018 0.184 0.208 
 290 D E   0.005 0.592 0.001 0.032 0.013 0.016 0.180 0.161 
 291 V E   0.005 0.635 0.001 0.029 0.012 0.014 0.177 0.127 
 292 A E   0.004 0.664 0.001 0.027 0.010 0.013 0.176 0.105 
 293 K E   0.004 0.682 0.001 0.025 0.009 0.011 0.176 0.091 
 294 R E   0.004 0.692 0.001 0.024 0.008 0.010 0.177 0.084 
 295 M E   0.003 0.697 0.001 0.023 0.007 0.008 0.179 0.081 
 296 H E   0.003 0.696 0.001 0.022 0.006 0.007 0.183 0.082 
 297 A E   0.002 0.690 0.001 0.021 0.005 0.006 0.188 0.088 
 298 C E   0.002 0.674 0.001 0.019 0.004 0.004 0.195 0.102 
 299 T E   0.001 0.636 0.000 0.016 0.002 0.002 0.206 0.136 
 300 A E   0.001 0.581 0.000 0.013 0.001 0.001 0.214 0.189 
 301 S E   0.001 0.525 0.000 0.015 0.001 0.002 0.216 0.240 
 302 S E   0.004 0.486 0.002 0.025 0.006 0.005 0.212 0.259 
