#TopoPred_TM8: 8-state transmembrane topology prediction results by no_profile mode 
#probabilities are in the order of H E C I L F X _, the 8 transmembrane topology types used in PDBTM 
   1 M X   0.017 0.002 0.003 0.076 0.012 0.013 0.613 0.264 
   2 A X   0.007 0.001 0.000 0.049 0.003 0.008 0.630 0.303 
   3 S X   0.002 0.001 0.000 0.028 0.001 0.005 0.632 0.331 
   4 S X   0.002 0.001 0.000 0.018 0.001 0.005 0.626 0.347 
   5 G X   0.002 0.002 0.000 0.014 0.001 0.007 0.615 0.358 
   6 M X   0.003 0.003 0.000 0.013 0.002 0.009 0.600 0.370 
   7 A X   0.005 0.006 0.000 0.012 0.003 0.012 0.583 0.380 
   8 D X   0.006 0.010 0.000 0.014 0.004 0.015 0.561 0.389 
   9 S X   0.008 0.018 0.001 0.018 0.005 0.018 0.537 0.395 
  10 A X   0.009 0.031 0.001 0.024 0.008 0.021 0.508 0.397 
  11 N X   0.010 0.049 0.001 0.031 0.011 0.024 0.477 0.397 
  12 H X   0.011 0.067 0.001 0.039 0.014 0.026 0.447 0.394 
  13 L X   0.011 0.084 0.002 0.047 0.016 0.027 0.422 0.391 
  14 P X   0.012 0.096 0.002 0.052 0.018 0.028 0.401 0.392 
  15 F _   0.013 0.103 0.001 0.055 0.018 0.027 0.384 0.398 
  16 F _   0.013 0.107 0.001 0.055 0.018 0.026 0.370 0.411 
  17 F _   0.013 0.107 0.001 0.051 0.016 0.025 0.358 0.429 
  18 G _   0.013 0.103 0.001 0.045 0.014 0.023 0.349 0.452 
  19 N _   0.013 0.096 0.001 0.036 0.012 0.020 0.340 0.481 
  20 I _   0.012 0.086 0.001 0.027 0.009 0.018 0.333 0.513 
  21 T _   0.011 0.074 0.001 0.019 0.007 0.016 0.326 0.546 
  22 R _   0.010 0.063 0.001 0.013 0.005 0.014 0.319 0.574 
  23 E _   0.009 0.055 0.001 0.009 0.004 0.013 0.312 0.597 
  24 E _   0.008 0.051 0.000 0.007 0.003 0.012 0.305 0.613 
  25 A _   0.008 0.049 0.000 0.006 0.003 0.012 0.298 0.624 
  26 E _   0.008 0.049 0.000 0.007 0.004 0.013 0.290 0.630 
  27 D _   0.008 0.051 0.001 0.008 0.004 0.013 0.281 0.633 
  28 Y _   0.009 0.056 0.001 0.011 0.006 0.015 0.271 0.631 
  29 L _   0.010 0.064 0.001 0.014 0.007 0.016 0.261 0.627 
  30 V _   0.010 0.072 0.001 0.019 0.008 0.017 0.251 0.622 
  31 Q _   0.010 0.079 0.001 0.022 0.009 0.018 0.241 0.618 
  32 G _   0.010 0.085 0.001 0.025 0.010 0.019 0.232 0.616 
  33 G _   0.011 0.090 0.001 0.028 0.011 0.020 0.224 0.616 
  34 M _   0.011 0.092 0.001 0.029 0.011 0.020 0.217 0.619 
  35 S _   0.011 0.092 0.001 0.029 0.011 0.020 0.211 0.625 
  36 D _   0.012 0.090 0.001 0.028 0.011 0.020 0.206 0.632 
  37 G _   0.012 0.086 0.001 0.026 0.010 0.020 0.202 0.642 
  38 L _   0.012 0.081 0.001 0.023 0.009 0.020 0.199 0.655 
  39 Y _   0.013 0.074 0.001 0.019 0.008 0.019 0.196 0.671 
  40 L _   0.013 0.066 0.001 0.015 0.007 0.019 0.193 0.687 
  41 L _   0.013 0.058 0.001 0.012 0.006 0.019 0.190 0.701 
  42 R _   0.014 0.052 0.001 0.009 0.006 0.019 0.187 0.712 
  43 Q _   0.015 0.048 0.001 0.007 0.006 0.021 0.184 0.719 
  44 S _   0.017 0.047 0.001 0.007 0.006 0.023 0.180 0.720 
  45 R _   0.020 0.048 0.001 0.007 0.008 0.025 0.176 0.714 
  46 N _   0.024 0.053 0.001 0.010 0.011 0.029 0.172 0.700 
  47 Y _   0.028 0.063 0.001 0.015 0.015 0.032 0.168 0.677 
  48 L _   0.032 0.079 0.002 0.023 0.020 0.035 0.163 0.647 
  49 G _   0.035 0.096 0.002 0.033 0.024 0.037 0.158 0.616 
  50 G _   0.036 0.110 0.002 0.042 0.027 0.037 0.155 0.591 
  51 F _   0.037 0.118 0.002 0.049 0.027 0.037 0.152 0.578 
  52 A _   0.036 0.121 0.002 0.052 0.027 0.035 0.150 0.578 
  53 L _   0.034 0.119 0.002 0.050 0.024 0.032 0.150 0.590 
  54 S _   0.031 0.112 0.002 0.043 0.021 0.029 0.150 0.613 
  55 V _   0.028 0.098 0.002 0.035 0.017 0.025 0.150 0.646 
  56 A _   0.024 0.080 0.001 0.026 0.013 0.021 0.151 0.684 
  57 H _   0.021 0.059 0.001 0.017 0.009 0.018 0.152 0.722 
  58 G _   0.018 0.043 0.001 0.011 0.006 0.015 0.153 0.752 
  59 R _   0.015 0.032 0.001 0.008 0.004 0.013 0.154 0.773 
  60 K _   0.013 0.026 0.000 0.006 0.003 0.012 0.154 0.786 
  61 A _   0.011 0.023 0.000 0.005 0.003 0.011 0.154 0.794 
  62 H _   0.010 0.022 0.000 0.005 0.003 0.011 0.153 0.797 
  63 H _   0.009 0.023 0.000 0.006 0.003 0.011 0.151 0.796 
  64 Y _   0.009 0.026 0.000 0.007 0.004 0.012 0.150 0.793 
  65 T _   0.009 0.031 0.001 0.009 0.004 0.012 0.147 0.786 
  66 I _   0.010 0.039 0.001 0.011 0.005 0.014 0.145 0.777 
  67 E _   0.010 0.049 0.001 0.014 0.006 0.015 0.142 0.764 
  68 R _   0.011 0.061 0.001 0.016 0.007 0.016 0.139 0.749 
  69 E _   0.011 0.074 0.001 0.019 0.009 0.017 0.136 0.733 
  70 L _   0.011 0.089 0.001 0.023 0.010 0.018 0.133 0.716 
  71 N _   0.011 0.104 0.001 0.027 0.011 0.019 0.130 0.697 
  72 G _   0.012 0.118 0.001 0.031 0.012 0.020 0.127 0.679 
  73 T _   0.012 0.129 0.001 0.035 0.013 0.020 0.126 0.664 
  74 Y _   0.012 0.137 0.001 0.039 0.013 0.020 0.125 0.653 
  75 A _   0.012 0.142 0.001 0.040 0.013 0.019 0.124 0.648 
  76 I _   0.012 0.144 0.001 0.040 0.012 0.018 0.124 0.649 
  77 A _   0.011 0.142 0.001 0.038 0.011 0.017 0.125 0.655 
  78 G _   0.011 0.137 0.001 0.034 0.010 0.016 0.126 0.667 
  79 G _   0.010 0.128 0.001 0.029 0.008 0.014 0.127 0.682 
  80 R _   0.009 0.117 0.001 0.023 0.007 0.013 0.129 0.701 
  81 T _   0.009 0.104 0.001 0.019 0.006 0.011 0.131 0.720 
  82 H _   0.008 0.092 0.001 0.015 0.005 0.010 0.133 0.736 
  83 A _   0.007 0.081 0.001 0.013 0.004 0.010 0.135 0.749 
  84 S _   0.007 0.073 0.000 0.011 0.003 0.009 0.137 0.760 
  85 P _   0.006 0.067 0.000 0.010 0.003 0.008 0.138 0.766 
  86 A _   0.006 0.063 0.000 0.010 0.003 0.008 0.139 0.771 
  87 D _   0.006 0.060 0.000 0.009 0.003 0.008 0.140 0.774 
  88 L _   0.006 0.057 0.000 0.009 0.003 0.007 0.140 0.777 
  89 C _   0.005 0.055 0.000 0.009 0.003 0.007 0.141 0.779 
  90 H _   0.005 0.054 0.000 0.008 0.002 0.007 0.141 0.782 
  91 Y _   0.005 0.053 0.000 0.008 0.002 0.007 0.140 0.784 
  92 H _   0.005 0.053 0.000 0.008 0.002 0.007 0.140 0.784 
  93 S _   0.005 0.055 0.000 0.008 0.003 0.008 0.139 0.783 
  94 Q _   0.005 0.058 0.000 0.010 0.003 0.009 0.138 0.778 
  95 E _   0.005 0.063 0.000 0.012 0.004 0.010 0.136 0.769 
  96 S _   0.006 0.070 0.001 0.016 0.005 0.011 0.135 0.756 
  97 D _   0.007 0.080 0.001 0.022 0.006 0.013 0.133 0.739 
  98 G _   0.007 0.090 0.001 0.029 0.007 0.014 0.132 0.720 
  99 L _   0.008 0.099 0.001 0.036 0.008 0.015 0.131 0.703 
 100 V _   0.008 0.104 0.001 0.041 0.009 0.015 0.130 0.692 
 101 C _   0.009 0.105 0.001 0.043 0.009 0.014 0.131 0.688 
 102 L _   0.009 0.103 0.001 0.041 0.009 0.014 0.132 0.692 
 103 L _   0.009 0.097 0.001 0.037 0.008 0.013 0.134 0.702 
 104 K _   0.008 0.087 0.001 0.030 0.007 0.012 0.137 0.719 
 105 K _   0.008 0.072 0.001 0.023 0.005 0.010 0.140 0.740 
 106 P _   0.008 0.056 0.001 0.017 0.004 0.009 0.143 0.761 
 107 F _   0.008 0.042 0.000 0.012 0.003 0.008 0.146 0.780 
 108 N _   0.007 0.032 0.000 0.009 0.003 0.007 0.149 0.794 
 109 R _   0.007 0.025 0.000 0.007 0.002 0.007 0.150 0.803 
 110 P _   0.006 0.020 0.000 0.006 0.002 0.006 0.151 0.808 
 111 Q _   0.006 0.018 0.000 0.006 0.002 0.006 0.152 0.811 
 112 G _   0.006 0.017 0.000 0.006 0.002 0.006 0.151 0.813 
 113 V _   0.005 0.016 0.000 0.006 0.002 0.006 0.150 0.814 
 114 Q _   0.005 0.016 0.000 0.007 0.002 0.006 0.149 0.815 
 115 P _   0.005 0.017 0.000 0.007 0.002 0.006 0.147 0.816 
 116 K _   0.004 0.018 0.000 0.008 0.002 0.006 0.145 0.816 
 117 T _   0.004 0.020 0.000 0.008 0.002 0.006 0.142 0.818 
 118 G _   0.004 0.022 0.000 0.008 0.002 0.007 0.138 0.819 
 119 P _   0.004 0.024 0.000 0.009 0.002 0.007 0.135 0.819 
 120 F _   0.004 0.027 0.000 0.009 0.003 0.007 0.131 0.819 
 121 E _   0.004 0.031 0.000 0.010 0.003 0.008 0.126 0.817 
 122 D _   0.004 0.036 0.000 0.011 0.003 0.009 0.122 0.814 
 123 L _   0.005 0.043 0.000 0.012 0.004 0.010 0.117 0.808 
 124 K _   0.006 0.051 0.001 0.014 0.005 0.011 0.112 0.800 
 125 E _   0.006 0.061 0.001 0.017 0.006 0.013 0.107 0.790 
 126 N _   0.007 0.071 0.001 0.020 0.007 0.014 0.102 0.778 
 127 L _   0.008 0.081 0.001 0.024 0.008 0.016 0.098 0.766 
 128 I _   0.008 0.089 0.001 0.026 0.009 0.017 0.094 0.756 
 129 R _   0.009 0.094 0.001 0.028 0.009 0.018 0.091 0.750 
 130 E _   0.009 0.097 0.001 0.028 0.010 0.018 0.088 0.748 
 131 Y _   0.010 0.098 0.001 0.027 0.009 0.018 0.086 0.751 
 132 V _   0.010 0.097 0.001 0.024 0.009 0.018 0.084 0.757 
 133 K _   0.010 0.094 0.001 0.021 0.008 0.018 0.082 0.766 
 134 Q _   0.010 0.090 0.001 0.017 0.007 0.018 0.081 0.776 
 135 T _   0.011 0.086 0.001 0.014 0.007 0.018 0.080 0.784 
 136 W _   0.012 0.083 0.001 0.012 0.006 0.018 0.078 0.790 
 137 N _   0.012 0.082 0.001 0.011 0.007 0.018 0.077 0.792 
 138 L _   0.014 0.081 0.001 0.012 0.007 0.019 0.076 0.791 
 139 Q _   0.015 0.083 0.001 0.013 0.008 0.020 0.074 0.786 
 140 G _   0.016 0.085 0.001 0.016 0.009 0.021 0.073 0.779 
 141 Q _   0.017 0.088 0.001 0.019 0.011 0.022 0.071 0.771 
 142 A _   0.018 0.090 0.001 0.023 0.012 0.023 0.070 0.763 
 143 L _   0.019 0.091 0.001 0.025 0.012 0.023 0.069 0.760 
 144 E _   0.019 0.090 0.001 0.026 0.012 0.022 0.069 0.761 
 145 Q _   0.019 0.087 0.001 0.025 0.012 0.022 0.068 0.767 
 146 A _   0.018 0.081 0.001 0.022 0.011 0.020 0.068 0.778 
 147 I _   0.018 0.074 0.001 0.019 0.009 0.019 0.068 0.792 
 148 I _   0.017 0.065 0.001 0.015 0.008 0.018 0.068 0.808 
 149 S _   0.016 0.057 0.001 0.011 0.006 0.017 0.068 0.822 
 150 Q _   0.016 0.051 0.001 0.009 0.006 0.017 0.068 0.833 
 151 K _   0.016 0.047 0.001 0.007 0.005 0.017 0.068 0.839 
 152 P _   0.016 0.045 0.001 0.007 0.005 0.017 0.068 0.841 
 153 Q _   0.016 0.046 0.001 0.008 0.006 0.018 0.067 0.838 
 154 L _   0.017 0.048 0.001 0.009 0.007 0.019 0.067 0.832 
 155 E _   0.018 0.053 0.001 0.012 0.008 0.021 0.066 0.821 
 156 K _   0.019 0.059 0.001 0.016 0.010 0.022 0.065 0.807 
 157 L _   0.020 0.066 0.001 0.020 0.011 0.023 0.065 0.794 
 158 I _   0.020 0.072 0.001 0.024 0.012 0.023 0.064 0.784 
 159 A _   0.020 0.076 0.001 0.026 0.012 0.023 0.064 0.778 
 160 T _   0.019 0.078 0.001 0.027 0.012 0.022 0.063 0.777 
 161 T _   0.018 0.078 0.001 0.027 0.012 0.021 0.063 0.780 
 162 A _   0.018 0.077 0.001 0.025 0.011 0.020 0.064 0.785 
 163 H _   0.017 0.073 0.001 0.023 0.010 0.018 0.064 0.793 
 164 E _   0.016 0.069 0.001 0.021 0.009 0.017 0.065 0.803 
 165 K _   0.015 0.063 0.001 0.018 0.008 0.015 0.066 0.813 
 166 M _   0.014 0.057 0.001 0.016 0.007 0.014 0.067 0.824 
 167 P _   0.013 0.051 0.001 0.014 0.006 0.013 0.069 0.834 
 168 W _   0.012 0.045 0.001 0.012 0.005 0.012 0.070 0.844 
 169 F _   0.011 0.040 0.001 0.010 0.004 0.011 0.071 0.852 
 170 H _   0.010 0.036 0.000 0.009 0.004 0.010 0.071 0.860 
 171 G _   0.009 0.033 0.000 0.007 0.003 0.009 0.072 0.866 
 172 K _   0.009 0.031 0.000 0.006 0.003 0.009 0.072 0.870 
 173 I _   0.009 0.030 0.000 0.005 0.003 0.009 0.072 0.872 
 174 S _   0.009 0.031 0.000 0.005 0.003 0.010 0.071 0.870 
 175 R _   0.009 0.034 0.000 0.006 0.004 0.012 0.071 0.864 
 176 E _   0.010 0.041 0.001 0.008 0.005 0.014 0.070 0.851 
 177 E _   0.012 0.054 0.001 0.011 0.007 0.016 0.069 0.831 
 178 S _   0.013 0.073 0.001 0.016 0.009 0.018 0.067 0.803 
 179 E _   0.014 0.098 0.001 0.022 0.011 0.020 0.066 0.768 
 180 Q _   0.014 0.125 0.001 0.028 0.013 0.021 0.064 0.734 
 181 I _   0.014 0.148 0.001 0.032 0.013 0.021 0.063 0.708 
 182 V _   0.013 0.164 0.001 0.035 0.013 0.021 0.062 0.690 
 183 L _   0.013 0.173 0.001 0.035 0.013 0.020 0.062 0.683 
 184 I _   0.012 0.179 0.001 0.034 0.012 0.019 0.062 0.682 
 185 G _   0.011 0.180 0.001 0.031 0.011 0.018 0.062 0.685 
 186 S _   0.011 0.180 0.001 0.028 0.010 0.018 0.062 0.690 
 187 K _   0.010 0.178 0.001 0.027 0.010 0.017 0.063 0.695 
 188 T _   0.010 0.174 0.001 0.026 0.009 0.016 0.064 0.699 
 189 N _   0.010 0.171 0.001 0.025 0.009 0.016 0.066 0.703 
 190 G _   0.011 0.166 0.001 0.026 0.008 0.015 0.067 0.707 
 191 K _   0.011 0.161 0.001 0.026 0.008 0.014 0.069 0.711 
 192 F _   0.010 0.153 0.001 0.025 0.007 0.013 0.071 0.719 
 193 L _   0.010 0.142 0.001 0.023 0.007 0.012 0.073 0.731 
 194 I _   0.009 0.129 0.001 0.020 0.006 0.011 0.076 0.749 
 195 R _   0.008 0.114 0.001 0.016 0.005 0.010 0.078 0.769 
 196 A _   0.007 0.098 0.001 0.011 0.003 0.009 0.080 0.791 
 197 R _   0.006 0.086 0.000 0.008 0.003 0.008 0.082 0.808 
 198 D _   0.006 0.078 0.000 0.005 0.002 0.008 0.083 0.818 
 199 N _   0.005 0.076 0.000 0.004 0.002 0.008 0.083 0.821 
 200 N _   0.006 0.077 0.000 0.005 0.002 0.010 0.083 0.818 
 201 G _   0.008 0.083 0.000 0.006 0.003 0.012 0.083 0.805 
 202 S _   0.010 0.100 0.001 0.011 0.006 0.016 0.081 0.776 
 203 Y _   0.012 0.138 0.001 0.019 0.010 0.020 0.079 0.721 
 204 A _   0.013 0.201 0.002 0.029 0.014 0.023 0.076 0.642 
 205 L _   0.013 0.272 0.002 0.040 0.017 0.025 0.073 0.558 
 206 C _   0.013 0.333 0.002 0.049 0.018 0.025 0.071 0.491 
 207 L _   0.012 0.374 0.002 0.055 0.018 0.024 0.069 0.446 
 208 L _   0.011 0.397 0.001 0.060 0.018 0.024 0.069 0.420 
 209 H E   0.011 0.409 0.001 0.062 0.017 0.023 0.069 0.408 
 210 E E   0.011 0.412 0.001 0.061 0.017 0.022 0.070 0.406 
 211 G _   0.011 0.407 0.001 0.059 0.016 0.020 0.073 0.413 
 212 K _   0.012 0.393 0.001 0.055 0.015 0.019 0.076 0.430 
 213 V _   0.012 0.366 0.001 0.049 0.014 0.018 0.081 0.459 
 214 L _   0.012 0.323 0.002 0.043 0.013 0.017 0.087 0.504 
 215 H _   0.013 0.264 0.002 0.036 0.011 0.015 0.095 0.565 
 216 Y _   0.013 0.198 0.001 0.028 0.009 0.014 0.104 0.633 
 217 R _   0.012 0.138 0.001 0.020 0.007 0.012 0.112 0.697 
 218 I _   0.011 0.093 0.001 0.014 0.005 0.011 0.118 0.748 
 219 D _   0.009 0.064 0.000 0.009 0.003 0.009 0.123 0.782 
 220 K _   0.008 0.049 0.000 0.006 0.002 0.008 0.126 0.801 
 221 D _   0.006 0.041 0.000 0.005 0.002 0.007 0.128 0.810 
 222 K _   0.006 0.037 0.000 0.005 0.002 0.007 0.130 0.814 
 223 T _   0.005 0.036 0.000 0.005 0.002 0.007 0.130 0.814 
 224 G _   0.005 0.037 0.000 0.006 0.002 0.007 0.130 0.812 
 225 K _   0.005 0.038 0.000 0.008 0.002 0.008 0.130 0.809 
 226 L _   0.005 0.041 0.000 0.009 0.003 0.008 0.129 0.805 
 227 S _   0.005 0.044 0.000 0.010 0.003 0.009 0.128 0.801 
 228 I _   0.005 0.048 0.000 0.011 0.003 0.009 0.126 0.797 
 229 P _   0.005 0.052 0.000 0.011 0.003 0.010 0.125 0.793 
 230 E _   0.005 0.057 0.000 0.011 0.003 0.011 0.123 0.789 
 231 G _   0.006 0.062 0.000 0.012 0.004 0.013 0.121 0.782 
 232 K _   0.007 0.070 0.001 0.014 0.005 0.015 0.119 0.771 
 233 K _   0.008 0.080 0.001 0.017 0.007 0.017 0.117 0.754 
 234 F _   0.009 0.093 0.001 0.022 0.009 0.020 0.114 0.732 
 235 D _   0.011 0.109 0.001 0.029 0.012 0.022 0.112 0.704 
 236 T _   0.012 0.125 0.001 0.039 0.014 0.024 0.110 0.675 
 237 L _   0.013 0.137 0.001 0.047 0.016 0.025 0.109 0.652 
 238 W _   0.013 0.144 0.001 0.053 0.017 0.026 0.108 0.638 
 239 Q _   0.013 0.145 0.001 0.055 0.017 0.025 0.108 0.635 
 240 L _   0.013 0.142 0.001 0.053 0.016 0.024 0.109 0.642 
 241 V _   0.013 0.133 0.001 0.046 0.014 0.022 0.111 0.660 
 242 E _   0.012 0.115 0.001 0.037 0.012 0.020 0.113 0.689 
 243 H _   0.012 0.091 0.001 0.027 0.010 0.019 0.115 0.725 
 244 Y _   0.012 0.064 0.001 0.018 0.008 0.018 0.118 0.762 
 245 S _   0.012 0.043 0.001 0.011 0.006 0.017 0.120 0.791 
 246 Y _   0.012 0.031 0.001 0.007 0.004 0.017 0.122 0.807 
 247 K _   0.013 0.025 0.000 0.005 0.004 0.018 0.123 0.812 
 248 A _   0.015 0.024 0.000 0.004 0.004 0.020 0.124 0.808 
 249 D _   0.018 0.025 0.001 0.005 0.006 0.023 0.124 0.797 
 250 G _   0.023 0.031 0.001 0.008 0.008 0.027 0.124 0.777 
 251 L _   0.028 0.042 0.001 0.014 0.013 0.031 0.124 0.747 
 252 L _   0.032 0.060 0.001 0.021 0.018 0.035 0.123 0.708 
 253 R _   0.034 0.081 0.002 0.030 0.022 0.038 0.123 0.670 
 254 V _   0.036 0.098 0.002 0.037 0.026 0.039 0.124 0.638 
 255 L _   0.036 0.111 0.002 0.043 0.027 0.039 0.125 0.618 
 256 T _   0.035 0.118 0.002 0.046 0.027 0.038 0.127 0.608 
 257 V _   0.033 0.121 0.002 0.046 0.026 0.036 0.129 0.606 
 258 P _   0.031 0.121 0.002 0.044 0.024 0.034 0.133 0.611 
 259 C _   0.029 0.117 0.002 0.040 0.021 0.031 0.137 0.623 
 260 Q _   0.027 0.111 0.001 0.035 0.018 0.027 0.142 0.639 
 261 K _   0.023 0.101 0.001 0.030 0.014 0.024 0.148 0.658 
 262 I _   0.020 0.089 0.001 0.025 0.011 0.021 0.154 0.678 
 263 G _   0.018 0.077 0.001 0.021 0.009 0.018 0.160 0.696 
 264 T _   0.015 0.066 0.001 0.017 0.007 0.015 0.166 0.713 
 265 Q _   0.013 0.055 0.001 0.014 0.006 0.013 0.172 0.726 
 266 G _   0.011 0.047 0.001 0.012 0.005 0.012 0.177 0.736 
 267 N _   0.010 0.040 0.001 0.011 0.004 0.010 0.182 0.742 
 268 V _   0.009 0.035 0.000 0.010 0.004 0.009 0.186 0.746 
 269 N _   0.008 0.031 0.000 0.009 0.003 0.009 0.190 0.749 
 270 F _   0.007 0.028 0.000 0.009 0.003 0.008 0.194 0.751 
 271 G _   0.007 0.025 0.000 0.008 0.003 0.007 0.198 0.752 
 272 G _   0.006 0.024 0.000 0.007 0.002 0.007 0.201 0.753 
 273 R _   0.005 0.022 0.000 0.007 0.002 0.007 0.203 0.754 
 274 P _   0.005 0.021 0.000 0.006 0.002 0.007 0.205 0.754 
 275 Q _   0.004 0.021 0.000 0.005 0.002 0.007 0.206 0.755 
 276 L _   0.004 0.022 0.000 0.005 0.002 0.007 0.206 0.753 
 277 P _   0.005 0.024 0.000 0.005 0.002 0.008 0.206 0.749 
 278 G _   0.005 0.028 0.000 0.006 0.003 0.010 0.205 0.742 
 279 S _   0.007 0.038 0.000 0.008 0.004 0.013 0.204 0.726 
 280 H _   0.009 0.056 0.001 0.011 0.006 0.017 0.201 0.698 
 281 P _   0.012 0.094 0.001 0.017 0.011 0.022 0.197 0.645 
 282 A _   0.014 0.158 0.002 0.026 0.017 0.027 0.191 0.565 
 283 T _   0.016 0.245 0.002 0.035 0.023 0.030 0.185 0.464 
 284 W _   0.016 0.338 0.003 0.043 0.026 0.031 0.180 0.364 
 285 S E   0.015 0.419 0.002 0.049 0.028 0.031 0.176 0.280 
 286 A E   0.014 0.475 0.002 0.055 0.027 0.029 0.175 0.224 
 287 G E   0.013 0.507 0.002 0.058 0.026 0.028 0.175 0.192 
 288 G E   0.013 0.523 0.001 0.059 0.024 0.026 0.177 0.175 
 289 I E   0.013 0.529 0.001 0.060 0.023 0.025 0.181 0.169 
 290 I E   0.013 0.526 0.001 0.058 0.022 0.023 0.186 0.170 
 291 S E   0.013 0.513 0.002 0.055 0.021 0.022 0.194 0.180 
 292 R E   0.014 0.487 0.002 0.051 0.020 0.021 0.205 0.200 
 293 I E   0.015 0.443 0.002 0.047 0.019 0.020 0.222 0.233 
 294 K E   0.015 0.379 0.002 0.042 0.018 0.019 0.244 0.280 
 295 S _   0.015 0.300 0.002 0.037 0.016 0.019 0.272 0.338 
 296 Y _   0.015 0.222 0.002 0.031 0.013 0.017 0.303 0.396 
 297 S _   0.014 0.154 0.002 0.025 0.010 0.016 0.333 0.446 
 298 F _   0.013 0.102 0.001 0.019 0.007 0.013 0.360 0.485 
 299 P _   0.011 0.067 0.001 0.014 0.005 0.011 0.380 0.511 
 300 K _   0.009 0.044 0.001 0.010 0.003 0.009 0.396 0.528 
 301 P _   0.007 0.030 0.000 0.008 0.002 0.007 0.408 0.538 
 302 G _   0.006 0.021 0.000 0.006 0.002 0.006 0.416 0.543 
 303 H _   0.004 0.016 0.000 0.005 0.001 0.005 0.422 0.545 
 304 R _   0.004 0.014 0.000 0.004 0.001 0.005 0.427 0.546 
 305 K _   0.003 0.012 0.000 0.004 0.001 0.004 0.430 0.545 
 306 S _   0.003 0.012 0.000 0.004 0.001 0.004 0.432 0.544 
 307 S _   0.003 0.012 0.000 0.005 0.001 0.005 0.433 0.542 
 308 P _   0.003 0.013 0.000 0.006 0.002 0.005 0.433 0.538 
 309 A _   0.003 0.014 0.000 0.008 0.002 0.006 0.433 0.534 
 310 Q _   0.003 0.016 0.000 0.011 0.002 0.006 0.433 0.529 
 311 G _   0.003 0.018 0.000 0.013 0.003 0.007 0.433 0.523 
 312 N _   0.004 0.020 0.000 0.016 0.003 0.007 0.432 0.517 
 313 R _   0.004 0.022 0.000 0.017 0.004 0.008 0.433 0.513 
 314 Q _   0.004 0.022 0.000 0.018 0.004 0.008 0.434 0.510 
 315 E _   0.004 0.022 0.000 0.018 0.004 0.007 0.436 0.509 
 316 S _   0.004 0.021 0.000 0.016 0.003 0.007 0.438 0.510 
 317 T _   0.004 0.020 0.000 0.014 0.003 0.007 0.441 0.511 
 318 V _   0.003 0.018 0.000 0.012 0.003 0.006 0.444 0.513 
 319 S _   0.003 0.016 0.000 0.010 0.002 0.006 0.447 0.515 
 320 F _   0.003 0.015 0.000 0.008 0.002 0.005 0.450 0.516 
 321 N _   0.003 0.013 0.000 0.008 0.002 0.005 0.452 0.516 
 322 P _   0.004 0.012 0.000 0.007 0.002 0.005 0.455 0.515 
 323 Y _   0.004 0.012 0.000 0.007 0.002 0.005 0.457 0.513 
 324 E _   0.004 0.011 0.000 0.008 0.002 0.005 0.459 0.511 
 325 P _   0.004 0.011 0.000 0.008 0.002 0.006 0.460 0.509 
 326 E _   0.004 0.011 0.000 0.009 0.002 0.006 0.461 0.507 
 327 L _   0.004 0.011 0.000 0.010 0.002 0.006 0.463 0.505 
 328 A _   0.004 0.011 0.000 0.010 0.002 0.005 0.464 0.504 
 329 P _   0.004 0.010 0.000 0.009 0.002 0.005 0.465 0.505 
 330 W _   0.003 0.009 0.000 0.008 0.002 0.005 0.465 0.507 
 331 A _   0.003 0.009 0.000 0.007 0.002 0.004 0.465 0.509 
 332 A _   0.003 0.008 0.000 0.006 0.001 0.004 0.465 0.512 
 333 D _   0.003 0.008 0.000 0.005 0.001 0.004 0.464 0.515 
 334 K _   0.003 0.008 0.000 0.004 0.001 0.004 0.463 0.517 
 335 G _   0.002 0.008 0.000 0.004 0.001 0.004 0.461 0.519 
 336 P _   0.003 0.009 0.000 0.005 0.001 0.004 0.458 0.520 
 337 Q _   0.003 0.010 0.000 0.006 0.001 0.005 0.455 0.520 
 338 R _   0.003 0.013 0.000 0.008 0.002 0.006 0.451 0.518 
 339 E _   0.003 0.016 0.000 0.011 0.003 0.007 0.446 0.514 
 340 A _   0.004 0.020 0.000 0.015 0.003 0.008 0.441 0.509 
 341 L _   0.004 0.024 0.000 0.019 0.004 0.008 0.436 0.504 
 342 P _   0.004 0.028 0.000 0.023 0.005 0.009 0.432 0.499 
 343 M _   0.004 0.030 0.001 0.026 0.005 0.009 0.429 0.497 
 344 D _   0.005 0.031 0.001 0.026 0.005 0.009 0.427 0.497 
 345 T _   0.005 0.030 0.001 0.025 0.005 0.009 0.426 0.500 
 346 E _   0.005 0.028 0.000 0.022 0.004 0.008 0.426 0.506 
 347 V _   0.004 0.025 0.000 0.018 0.003 0.007 0.426 0.515 
 348 Y _   0.004 0.021 0.000 0.014 0.003 0.006 0.427 0.524 
 349 E _   0.004 0.017 0.000 0.010 0.002 0.005 0.427 0.534 
 350 S _   0.004 0.013 0.000 0.007 0.002 0.005 0.427 0.543 
 351 P _   0.003 0.010 0.000 0.005 0.001 0.004 0.426 0.550 
 352 Y _   0.003 0.008 0.000 0.004 0.001 0.004 0.424 0.556 
 353 A _   0.003 0.007 0.000 0.003 0.001 0.004 0.421 0.561 
 354 D _   0.003 0.007 0.000 0.003 0.001 0.004 0.417 0.565 
 355 P _   0.003 0.007 0.000 0.004 0.001 0.004 0.411 0.570 
 356 E _   0.003 0.009 0.000 0.004 0.001 0.005 0.404 0.574 
 357 E _   0.003 0.011 0.000 0.006 0.002 0.005 0.395 0.577 
 358 I _   0.003 0.015 0.000 0.008 0.002 0.007 0.385 0.580 
 359 R _   0.004 0.021 0.000 0.011 0.003 0.008 0.373 0.581 
 360 P _   0.004 0.028 0.001 0.015 0.004 0.009 0.360 0.579 
 361 K _   0.004 0.037 0.001 0.020 0.005 0.010 0.347 0.576 
 362 E _   0.004 0.045 0.001 0.024 0.006 0.011 0.335 0.573 
 363 V _   0.005 0.053 0.001 0.028 0.006 0.012 0.324 0.571 
 364 Y _   0.005 0.058 0.001 0.032 0.007 0.013 0.315 0.570 
 365 L _   0.005 0.062 0.001 0.033 0.007 0.013 0.307 0.572 
 366 D _   0.005 0.064 0.001 0.034 0.007 0.013 0.300 0.576 
 367 R _   0.006 0.064 0.001 0.032 0.007 0.012 0.295 0.584 
 368 K _   0.006 0.061 0.001 0.029 0.006 0.011 0.291 0.595 
 369 L _   0.005 0.057 0.001 0.025 0.005 0.010 0.287 0.608 
 370 L _   0.005 0.052 0.001 0.021 0.005 0.009 0.284 0.624 
 371 T _   0.005 0.045 0.001 0.016 0.004 0.008 0.281 0.640 
 372 L _   0.005 0.038 0.000 0.013 0.003 0.008 0.278 0.655 
 373 E _   0.004 0.032 0.000 0.010 0.003 0.007 0.275 0.668 
 374 D _   0.004 0.027 0.000 0.008 0.002 0.006 0.272 0.679 
 375 K _   0.004 0.024 0.000 0.007 0.002 0.006 0.268 0.688 
 376 E _   0.004 0.022 0.000 0.006 0.002 0.006 0.265 0.694 
 377 L _   0.004 0.021 0.000 0.007 0.002 0.007 0.260 0.698 
 378 G _   0.005 0.021 0.000 0.007 0.003 0.007 0.256 0.701 
 379 S _   0.005 0.022 0.000 0.009 0.003 0.008 0.250 0.703 
 380 G _   0.005 0.022 0.000 0.010 0.003 0.009 0.245 0.705 
 381 N _   0.005 0.023 0.000 0.011 0.004 0.010 0.240 0.707 
 382 F _   0.006 0.025 0.001 0.012 0.004 0.010 0.234 0.708 
 383 G _   0.006 0.026 0.001 0.013 0.005 0.011 0.229 0.710 
 384 T _   0.007 0.026 0.001 0.013 0.005 0.012 0.224 0.712 
 385 V _   0.007 0.027 0.001 0.013 0.005 0.013 0.219 0.716 
 386 K _   0.008 0.027 0.001 0.012 0.005 0.015 0.214 0.719 
 387 K _   0.009 0.028 0.001 0.011 0.005 0.016 0.210 0.721 
 388 G _   0.010 0.029 0.001 0.010 0.005 0.018 0.205 0.722 
 389 Y _   0.012 0.030 0.001 0.009 0.006 0.020 0.201 0.722 
 390 Y _   0.014 0.033 0.001 0.009 0.007 0.023 0.196 0.717 
 391 Q _   0.017 0.037 0.001 0.010 0.009 0.026 0.191 0.709 
 392 M _   0.022 0.044 0.001 0.012 0.011 0.030 0.186 0.694 
 393 K _   0.026 0.055 0.001 0.015 0.015 0.034 0.180 0.673 
 394 K _   0.030 0.070 0.001 0.020 0.020 0.038 0.175 0.646 
 395 V _   0.034 0.090 0.002 0.026 0.024 0.041 0.169 0.614 
 396 V _   0.037 0.112 0.002 0.034 0.028 0.042 0.164 0.581 
 397 K _   0.038 0.132 0.002 0.042 0.029 0.042 0.160 0.554 
 398 T _   0.039 0.145 0.002 0.050 0.030 0.040 0.158 0.536 
 399 V _   0.039 0.153 0.002 0.055 0.028 0.038 0.156 0.529 
 400 A _   0.038 0.155 0.002 0.056 0.026 0.035 0.156 0.532 
 401 V _   0.035 0.152 0.002 0.054 0.023 0.031 0.156 0.547 
 402 K _   0.031 0.143 0.002 0.049 0.019 0.027 0.157 0.572 
 403 I _   0.028 0.126 0.001 0.041 0.015 0.023 0.160 0.607 
 404 L _   0.024 0.102 0.001 0.032 0.011 0.019 0.162 0.649 
 405 K _   0.020 0.073 0.001 0.022 0.008 0.016 0.165 0.695 
 406 N _   0.016 0.046 0.001 0.015 0.005 0.012 0.167 0.738 
 407 E _   0.013 0.027 0.000 0.009 0.003 0.009 0.169 0.770 
 408 A _   0.010 0.015 0.000 0.005 0.002 0.007 0.169 0.791 
 409 N _   0.007 0.010 0.000 0.003 0.001 0.006 0.168 0.804 
 410 D _   0.006 0.008 0.000 0.002 0.001 0.005 0.166 0.812 
 411 P _   0.005 0.007 0.000 0.002 0.001 0.006 0.163 0.816 
 412 A _   0.005 0.007 0.000 0.003 0.001 0.007 0.159 0.817 
 413 L _   0.006 0.010 0.000 0.005 0.002 0.009 0.154 0.814 
 414 K _   0.007 0.016 0.000 0.009 0.003 0.011 0.148 0.806 
 415 D _   0.008 0.028 0.001 0.016 0.005 0.015 0.139 0.788 
 416 E _   0.009 0.046 0.001 0.027 0.008 0.018 0.129 0.761 
 417 L _   0.009 0.066 0.001 0.040 0.011 0.021 0.118 0.733 
 418 L _   0.010 0.082 0.001 0.052 0.014 0.023 0.109 0.709 
 419 A _   0.010 0.092 0.001 0.061 0.015 0.024 0.101 0.695 
 420 E _   0.011 0.097 0.001 0.065 0.016 0.024 0.095 0.692 
 421 A _   0.011 0.096 0.001 0.063 0.016 0.024 0.090 0.699 
 422 N _   0.012 0.091 0.001 0.056 0.014 0.022 0.086 0.717 
 423 V _   0.013 0.080 0.001 0.046 0.013 0.021 0.083 0.743 
 424 M _   0.015 0.064 0.001 0.034 0.011 0.019 0.081 0.776 
 425 Q _   0.017 0.043 0.001 0.022 0.008 0.018 0.079 0.811 
 426 Q _   0.020 0.024 0.001 0.014 0.006 0.017 0.077 0.841 
 427 L _   0.025 0.010 0.001 0.008 0.005 0.017 0.075 0.859 
 428 D _   0.032 0.004 0.000 0.005 0.004 0.017 0.072 0.865 
 429 N _   0.044 0.001 0.000 0.003 0.004 0.018 0.070 0.858 
 430 P _   0.064 0.000 0.001 0.003 0.005 0.021 0.066 0.840 
 431 Y _   0.093 0.000 0.001 0.003 0.006 0.024 0.063 0.809 
 432 I _   0.133 0.000 0.001 0.004 0.009 0.029 0.059 0.766 
 433 V _   0.179 0.000 0.001 0.004 0.013 0.033 0.055 0.715 
 434 R _   0.229 0.000 0.001 0.005 0.016 0.037 0.051 0.660 
 435 M _   0.279 0.000 0.001 0.006 0.020 0.039 0.048 0.606 
 436 I _   0.331 0.000 0.002 0.006 0.023 0.041 0.044 0.553 
 437 G _   0.380 0.000 0.002 0.005 0.025 0.042 0.042 0.506 
 438 I _   0.424 0.000 0.002 0.004 0.025 0.041 0.039 0.465 
 439 C H   0.465 0.000 0.001 0.003 0.025 0.040 0.038 0.428 
 440 E H   0.500 0.000 0.001 0.002 0.026 0.039 0.037 0.395 
 441 A H   0.532 0.000 0.001 0.002 0.027 0.039 0.036 0.364 
 442 E H   0.557 0.000 0.001 0.002 0.029 0.038 0.036 0.336 
 443 S H   0.576 0.000 0.001 0.002 0.031 0.037 0.037 0.315 
 444 W H   0.586 0.000 0.002 0.002 0.034 0.037 0.038 0.300 
 445 M H   0.587 0.000 0.002 0.004 0.037 0.036 0.041 0.293 
 446 L H   0.577 0.001 0.002 0.006 0.038 0.036 0.044 0.296 
 447 V H   0.555 0.002 0.002 0.009 0.039 0.035 0.049 0.310 
 448 M H   0.520 0.002 0.002 0.012 0.038 0.033 0.055 0.338 
 449 E H   0.471 0.002 0.002 0.013 0.035 0.031 0.062 0.383 
 450 M _   0.410 0.002 0.002 0.013 0.029 0.028 0.070 0.444 
 451 A _   0.341 0.002 0.002 0.012 0.023 0.025 0.080 0.515 
 452 E _   0.269 0.001 0.002 0.010 0.016 0.022 0.090 0.589 
 453 L _   0.201 0.001 0.001 0.008 0.011 0.018 0.099 0.660 
 454 G _   0.143 0.001 0.001 0.006 0.007 0.015 0.108 0.719 
 455 P _   0.099 0.000 0.001 0.006 0.005 0.013 0.115 0.762 
 456 L _   0.067 0.000 0.001 0.005 0.004 0.011 0.121 0.790 
 457 N _   0.046 0.000 0.000 0.006 0.003 0.010 0.126 0.808 
 458 K _   0.032 0.000 0.000 0.006 0.003 0.009 0.131 0.819 
 459 Y _   0.022 0.001 0.000 0.006 0.003 0.008 0.135 0.825 
 460 L _   0.016 0.001 0.000 0.006 0.002 0.008 0.138 0.830 
 461 Q _   0.011 0.001 0.000 0.006 0.002 0.007 0.140 0.833 
 462 Q _   0.009 0.000 0.000 0.005 0.002 0.006 0.142 0.836 
 463 N _   0.007 0.000 0.000 0.004 0.002 0.006 0.143 0.838 
 464 R _   0.006 0.000 0.000 0.003 0.002 0.006 0.143 0.839 
 465 H _   0.006 0.000 0.000 0.003 0.001 0.007 0.143 0.838 
 466 V _   0.007 0.000 0.000 0.003 0.002 0.009 0.143 0.836 
 467 K _   0.010 0.001 0.000 0.003 0.002 0.012 0.142 0.830 
 468 D _   0.016 0.001 0.000 0.003 0.003 0.017 0.141 0.818 
 469 K _   0.024 0.004 0.001 0.005 0.006 0.025 0.139 0.797 
 470 N _   0.036 0.009 0.001 0.008 0.011 0.034 0.137 0.763 
 471 I _   0.051 0.021 0.001 0.014 0.019 0.045 0.134 0.715 
 472 I _   0.065 0.040 0.002 0.021 0.030 0.054 0.131 0.657 
 473 E _   0.078 0.063 0.002 0.030 0.040 0.062 0.128 0.598 
 474 L _   0.087 0.084 0.003 0.037 0.047 0.067 0.126 0.550 
 475 V _   0.094 0.099 0.003 0.043 0.052 0.068 0.125 0.516 
 476 H _   0.098 0.108 0.003 0.046 0.054 0.068 0.124 0.498 
 477 Q _   0.100 0.113 0.003 0.048 0.053 0.066 0.125 0.493 
 478 V _   0.099 0.113 0.002 0.047 0.050 0.062 0.127 0.500 
 479 S _   0.095 0.110 0.002 0.044 0.045 0.057 0.130 0.518 
 480 M _   0.088 0.102 0.002 0.039 0.038 0.051 0.134 0.546 
 481 G _   0.079 0.090 0.002 0.034 0.031 0.044 0.138 0.582 
 482 M _   0.068 0.074 0.002 0.028 0.024 0.038 0.143 0.623 
 483 K _   0.057 0.056 0.002 0.022 0.017 0.032 0.148 0.667 
 484 Y _   0.045 0.038 0.001 0.017 0.012 0.026 0.153 0.708 
 485 L _   0.034 0.023 0.001 0.012 0.008 0.021 0.157 0.744 
 486 E _   0.026 0.012 0.001 0.008 0.005 0.017 0.160 0.771 
 487 E _   0.019 0.006 0.000 0.005 0.004 0.014 0.162 0.789 
 488 S _   0.015 0.003 0.000 0.004 0.003 0.012 0.163 0.801 
 489 N _   0.012 0.002 0.000 0.003 0.002 0.010 0.164 0.807 
 490 F _   0.011 0.001 0.000 0.002 0.002 0.010 0.164 0.809 
 491 V _   0.011 0.001 0.000 0.002 0.002 0.011 0.163 0.809 
 492 H _   0.013 0.001 0.000 0.003 0.003 0.013 0.162 0.805 
 493 R _   0.017 0.001 0.000 0.004 0.004 0.017 0.161 0.797 
 494 D _   0.022 0.002 0.001 0.005 0.005 0.021 0.159 0.785 
 495 L _   0.028 0.005 0.001 0.007 0.008 0.026 0.157 0.767 
 496 A _   0.036 0.009 0.001 0.010 0.013 0.033 0.155 0.743 
 497 A _   0.045 0.016 0.001 0.015 0.019 0.039 0.152 0.713 
 498 R _   0.054 0.025 0.002 0.020 0.025 0.044 0.150 0.681 
 499 N _   0.061 0.034 0.002 0.026 0.030 0.047 0.148 0.652 
 500 V _   0.066 0.042 0.002 0.031 0.033 0.049 0.147 0.630 
 501 L _   0.070 0.047 0.002 0.035 0.035 0.049 0.146 0.616 
 502 L _   0.070 0.050 0.002 0.037 0.035 0.047 0.147 0.612 
 503 V _   0.068 0.049 0.002 0.036 0.032 0.045 0.148 0.620 
 504 T _   0.063 0.047 0.002 0.032 0.028 0.041 0.150 0.637 
 505 Q _   0.057 0.042 0.002 0.027 0.023 0.037 0.152 0.661 
 506 H _   0.049 0.036 0.001 0.021 0.018 0.032 0.155 0.688 
 507 Y _   0.042 0.029 0.001 0.016 0.014 0.028 0.157 0.714 
 508 A _   0.035 0.023 0.001 0.012 0.010 0.024 0.159 0.735 
 509 K _   0.029 0.019 0.001 0.010 0.008 0.021 0.162 0.751 
 510 I _   0.024 0.017 0.001 0.009 0.006 0.018 0.164 0.762 
 511 S _   0.020 0.015 0.001 0.009 0.005 0.016 0.165 0.768 
 512 D _   0.017 0.014 0.001 0.010 0.005 0.015 0.167 0.771 
 513 F _   0.015 0.014 0.001 0.011 0.005 0.014 0.168 0.772 
 514 G _   0.014 0.014 0.001 0.013 0.005 0.013 0.170 0.772 
 515 L _   0.012 0.013 0.001 0.013 0.005 0.012 0.171 0.773 
 516 S _   0.011 0.012 0.001 0.014 0.005 0.011 0.173 0.774 
 517 K _   0.010 0.011 0.001 0.013 0.004 0.010 0.174 0.776 
 518 A _   0.009 0.010 0.000 0.012 0.004 0.009 0.176 0.780 
 519 L _   0.009 0.008 0.000 0.010 0.003 0.008 0.177 0.784 
 520 R _   0.008 0.007 0.000 0.009 0.003 0.007 0.179 0.787 
 521 A _   0.007 0.005 0.000 0.007 0.002 0.007 0.180 0.791 
 522 D _   0.007 0.004 0.000 0.006 0.002 0.006 0.181 0.794 
 523 E _   0.006 0.003 0.000 0.005 0.002 0.006 0.181 0.796 
 524 N _   0.006 0.003 0.000 0.005 0.002 0.005 0.181 0.798 
 525 Y _   0.006 0.002 0.000 0.004 0.002 0.005 0.181 0.800 
 526 Y _   0.006 0.002 0.000 0.004 0.002 0.005 0.180 0.801 
 527 K _   0.006 0.002 0.000 0.004 0.002 0.006 0.178 0.802 
 528 A _   0.006 0.003 0.000 0.005 0.002 0.006 0.176 0.802 
 529 Q _   0.005 0.004 0.000 0.005 0.002 0.007 0.174 0.803 
 530 T _   0.006 0.005 0.000 0.006 0.002 0.008 0.171 0.802 
 531 H _   0.006 0.007 0.000 0.007 0.003 0.009 0.167 0.801 
 532 G _   0.006 0.010 0.000 0.008 0.003 0.010 0.163 0.798 
 533 K _   0.007 0.014 0.001 0.010 0.004 0.012 0.158 0.793 
 534 W _   0.008 0.019 0.001 0.013 0.005 0.014 0.154 0.787 
 535 P _   0.009 0.026 0.001 0.016 0.007 0.016 0.149 0.778 
 536 V _   0.010 0.033 0.001 0.019 0.008 0.018 0.144 0.767 
 537 K _   0.011 0.041 0.001 0.023 0.010 0.020 0.138 0.756 
 538 W _   0.012 0.049 0.001 0.028 0.012 0.022 0.134 0.744 
 539 Y _   0.012 0.056 0.001 0.033 0.013 0.023 0.129 0.732 
 540 A _   0.013 0.061 0.001 0.038 0.015 0.024 0.125 0.723 
 541 P _   0.014 0.064 0.001 0.041 0.015 0.024 0.122 0.718 
 542 E _   0.014 0.064 0.001 0.043 0.015 0.024 0.120 0.719 
 543 C _   0.014 0.062 0.001 0.041 0.014 0.023 0.118 0.726 
 544 I _   0.014 0.057 0.001 0.038 0.013 0.021 0.117 0.739 
 545 N _   0.014 0.049 0.001 0.031 0.011 0.019 0.116 0.758 
 546 Y _   0.014 0.038 0.001 0.024 0.009 0.017 0.115 0.782 
 547 Y _   0.015 0.025 0.001 0.016 0.007 0.016 0.114 0.807 
 548 K _   0.017 0.013 0.001 0.010 0.005 0.014 0.113 0.828 
 549 F _   0.020 0.006 0.000 0.006 0.004 0.014 0.111 0.840 
 550 S _   0.027 0.002 0.000 0.003 0.003 0.014 0.109 0.842 
 551 S _   0.039 0.001 0.000 0.002 0.003 0.015 0.106 0.833 
 552 K _   0.062 0.000 0.000 0.002 0.004 0.018 0.103 0.811 
 553 S _   0.100 0.000 0.001 0.002 0.006 0.024 0.099 0.769 
 554 D _   0.155 0.000 0.001 0.002 0.011 0.031 0.094 0.704 
 555 V _   0.223 0.001 0.001 0.003 0.020 0.041 0.090 0.621 
 556 W _   0.293 0.002 0.002 0.005 0.033 0.050 0.085 0.531 
 557 S _   0.350 0.005 0.002 0.008 0.047 0.056 0.082 0.450 
 558 F H   0.392 0.010 0.003 0.012 0.058 0.060 0.080 0.387 
 559 G H   0.418 0.015 0.003 0.017 0.065 0.061 0.079 0.342 
 560 V H   0.430 0.020 0.003 0.022 0.068 0.060 0.079 0.319 
 561 L H   0.429 0.023 0.003 0.025 0.067 0.057 0.080 0.316 
 562 M H   0.414 0.024 0.003 0.026 0.063 0.053 0.083 0.335 
 563 W H   0.385 0.022 0.003 0.024 0.055 0.047 0.086 0.377 
 564 E _   0.341 0.019 0.003 0.022 0.044 0.041 0.091 0.440 
 565 A _   0.282 0.014 0.002 0.018 0.032 0.034 0.096 0.522 
 566 F _   0.218 0.009 0.002 0.013 0.021 0.027 0.101 0.609 
 567 S _   0.159 0.005 0.001 0.009 0.012 0.021 0.105 0.687 
 568 Y _   0.109 0.003 0.001 0.006 0.007 0.016 0.109 0.748 
 569 G _   0.072 0.001 0.001 0.005 0.004 0.013 0.112 0.793 
 570 Q _   0.046 0.001 0.000 0.004 0.003 0.010 0.114 0.822 
 571 K _   0.030 0.001 0.000 0.003 0.002 0.009 0.115 0.840 
 572 P _   0.020 0.002 0.000 0.003 0.002 0.008 0.116 0.850 
 573 Y _   0.014 0.003 0.000 0.003 0.002 0.008 0.115 0.855 
 574 R _   0.011 0.005 0.000 0.004 0.002 0.008 0.115 0.855 
 575 G _   0.009 0.010 0.000 0.006 0.003 0.009 0.113 0.849 
 576 M _   0.009 0.020 0.000 0.009 0.004 0.010 0.111 0.837 
 577 K _   0.009 0.037 0.001 0.012 0.005 0.011 0.109 0.817 
 578 G _   0.008 0.061 0.001 0.016 0.006 0.012 0.106 0.790 
 579 S _   0.008 0.089 0.001 0.020 0.007 0.013 0.102 0.759 
 580 E _   0.008 0.119 0.001 0.024 0.008 0.014 0.099 0.727 
 581 V _   0.007 0.146 0.001 0.027 0.008 0.014 0.097 0.700 
 582 T _   0.007 0.168 0.001 0.028 0.008 0.013 0.095 0.680 
 583 A _   0.007 0.183 0.001 0.028 0.008 0.013 0.093 0.667 
 584 M _   0.007 0.194 0.001 0.026 0.007 0.012 0.092 0.661 
 585 L _   0.006 0.200 0.001 0.024 0.006 0.012 0.092 0.659 
 586 E _   0.006 0.204 0.001 0.021 0.006 0.011 0.092 0.659 
 587 K _   0.006 0.207 0.001 0.018 0.005 0.010 0.092 0.661 
 588 G _   0.006 0.208 0.001 0.015 0.005 0.010 0.092 0.663 
 589 E _   0.006 0.209 0.000 0.013 0.004 0.010 0.093 0.665 
 590 R _   0.006 0.211 0.000 0.012 0.004 0.010 0.093 0.664 
 591 M _   0.006 0.214 0.000 0.011 0.004 0.010 0.093 0.661 
 592 G _   0.006 0.219 0.000 0.011 0.004 0.010 0.094 0.655 
 593 C _   0.006 0.225 0.001 0.011 0.004 0.011 0.094 0.647 
 594 P _   0.007 0.233 0.001 0.012 0.005 0.011 0.094 0.637 
 595 A _   0.007 0.243 0.001 0.013 0.005 0.012 0.094 0.625 
 596 G _   0.007 0.254 0.001 0.014 0.006 0.013 0.094 0.610 
 597 C _   0.008 0.266 0.001 0.015 0.006 0.014 0.095 0.595 
 598 P _   0.008 0.278 0.001 0.017 0.007 0.015 0.095 0.579 
 599 R _   0.009 0.291 0.001 0.018 0.008 0.016 0.095 0.561 
 600 E _   0.009 0.304 0.001 0.021 0.009 0.017 0.096 0.543 
 601 M _   0.010 0.316 0.001 0.023 0.010 0.018 0.097 0.524 
 602 Y _   0.010 0.328 0.001 0.027 0.012 0.018 0.098 0.507 
 603 D _   0.010 0.337 0.001 0.030 0.012 0.019 0.100 0.491 
 604 L _   0.011 0.343 0.001 0.033 0.013 0.018 0.102 0.479 
 605 M _   0.011 0.345 0.001 0.036 0.013 0.018 0.105 0.471 
 606 N _   0.011 0.342 0.001 0.037 0.013 0.017 0.109 0.470 
 607 L _   0.011 0.333 0.001 0.036 0.012 0.016 0.114 0.477 
 608 C _   0.011 0.316 0.001 0.033 0.011 0.015 0.120 0.493 
 609 W _   0.010 0.291 0.001 0.028 0.009 0.014 0.128 0.519 
 610 T _   0.009 0.259 0.001 0.022 0.008 0.013 0.136 0.552 
 611 Y _   0.009 0.226 0.001 0.016 0.006 0.012 0.144 0.587 
 612 D _   0.008 0.199 0.001 0.011 0.004 0.011 0.151 0.614 
 613 V _   0.007 0.183 0.000 0.007 0.003 0.011 0.157 0.630 
 614 E _   0.007 0.176 0.000 0.006 0.003 0.012 0.161 0.635 
 615 N _   0.008 0.176 0.000 0.006 0.003 0.013 0.165 0.630 
 616 R _   0.009 0.182 0.000 0.008 0.004 0.015 0.167 0.614 
 617 P _   0.010 0.200 0.001 0.013 0.007 0.018 0.169 0.582 
 618 G _   0.011 0.238 0.001 0.021 0.010 0.021 0.170 0.528 
 619 F _   0.011 0.294 0.002 0.032 0.014 0.022 0.171 0.454 
 620 A _   0.010 0.355 0.002 0.044 0.016 0.023 0.172 0.379 
 621 A E   0.009 0.403 0.002 0.053 0.017 0.023 0.174 0.319 
 622 V E   0.009 0.433 0.001 0.060 0.017 0.022 0.177 0.280 
 623 E E   0.008 0.449 0.001 0.064 0.016 0.021 0.182 0.257 
 624 L E   0.008 0.455 0.001 0.065 0.016 0.020 0.189 0.244 
 625 R E   0.008 0.453 0.001 0.064 0.016 0.019 0.199 0.240 
 626 L E   0.008 0.443 0.001 0.061 0.015 0.018 0.211 0.242 
 627 R E   0.008 0.422 0.002 0.056 0.015 0.017 0.228 0.254 
 628 N E   0.007 0.387 0.002 0.050 0.014 0.015 0.250 0.275 
 629 Y E   0.007 0.340 0.002 0.043 0.012 0.013 0.279 0.304 
 630 Y _   0.006 0.277 0.002 0.034 0.010 0.010 0.316 0.345 
 631 Y _   0.004 0.203 0.001 0.025 0.006 0.006 0.359 0.397 
 632 D _   0.002 0.124 0.000 0.013 0.002 0.003 0.396 0.461 
 633 V _   0.000 0.076 0.000 0.006 0.000 0.001 0.410 0.506 
 634 V _   0.000 0.059 0.000 0.006 0.000 0.001 0.412 0.522 
 635 N _   0.003 0.054 0.001 0.013 0.003 0.003 0.405 0.518 
