#TopoPred_TM8: 8-state transmembrane topology prediction results by no_profile mode 
#probabilities are in the order of H E C I L F X _, the 8 transmembrane topology types used in PDBTM 
   1 M X   0.015 0.001 0.002 0.052 0.009 0.009 0.651 0.260 
   2 G X   0.004 0.001 0.000 0.024 0.001 0.004 0.666 0.299 
   3 D X   0.001 0.000 0.000 0.009 0.000 0.002 0.667 0.320 
   4 E X   0.000 0.001 0.000 0.005 0.000 0.002 0.662 0.330 
   5 D X   0.001 0.002 0.000 0.005 0.001 0.003 0.652 0.335 
   6 D X   0.003 0.006 0.000 0.008 0.002 0.007 0.636 0.339 
   7 D X   0.005 0.018 0.000 0.014 0.004 0.013 0.612 0.335 
   8 E X   0.008 0.046 0.001 0.025 0.008 0.020 0.572 0.320 
   9 S X   0.010 0.105 0.002 0.042 0.014 0.027 0.512 0.288 
  10 C X   0.010 0.195 0.003 0.063 0.020 0.031 0.438 0.240 
  11 A X   0.009 0.289 0.003 0.082 0.023 0.032 0.368 0.195 
  12 V E   0.008 0.356 0.002 0.093 0.023 0.030 0.319 0.168 
  13 E E   0.007 0.394 0.002 0.099 0.022 0.029 0.289 0.158 
  14 L E   0.007 0.413 0.002 0.100 0.021 0.027 0.271 0.159 
  15 R E   0.007 0.420 0.001 0.098 0.020 0.026 0.258 0.169 
  16 I E   0.007 0.418 0.001 0.092 0.020 0.024 0.249 0.189 
  17 T E   0.008 0.407 0.002 0.082 0.018 0.022 0.243 0.219 
  18 E E   0.009 0.382 0.002 0.070 0.017 0.021 0.238 0.262 
  19 A E   0.010 0.339 0.002 0.056 0.015 0.019 0.236 0.323 
  20 N _   0.011 0.278 0.002 0.043 0.013 0.018 0.234 0.400 
  21 L _   0.012 0.209 0.002 0.032 0.011 0.017 0.234 0.485 
  22 T _   0.011 0.145 0.001 0.022 0.008 0.015 0.233 0.563 
  23 G _   0.010 0.098 0.001 0.015 0.006 0.014 0.232 0.624 
  24 H _   0.009 0.068 0.001 0.010 0.004 0.013 0.230 0.666 
  25 E _   0.008 0.051 0.000 0.007 0.003 0.012 0.227 0.691 
  26 E _   0.007 0.043 0.000 0.005 0.003 0.012 0.223 0.707 
  27 K _   0.007 0.039 0.000 0.005 0.002 0.012 0.218 0.715 
  28 V _   0.008 0.039 0.000 0.005 0.003 0.014 0.212 0.719 
  29 S _   0.009 0.040 0.000 0.006 0.004 0.016 0.206 0.718 
  30 V _   0.011 0.044 0.001 0.009 0.006 0.020 0.198 0.712 
  31 E _   0.014 0.053 0.001 0.013 0.008 0.024 0.189 0.699 
  32 N _   0.017 0.065 0.001 0.018 0.012 0.028 0.179 0.681 
  33 F _   0.019 0.080 0.001 0.023 0.016 0.032 0.169 0.659 
  34 E _   0.022 0.094 0.002 0.029 0.019 0.035 0.160 0.639 
  35 L _   0.025 0.106 0.002 0.033 0.022 0.038 0.151 0.624 
  36 L _   0.027 0.115 0.002 0.035 0.023 0.039 0.144 0.614 
  37 K _   0.029 0.120 0.002 0.036 0.024 0.040 0.138 0.611 
  38 V _   0.031 0.122 0.002 0.034 0.024 0.039 0.133 0.615 
  39 L _   0.033 0.121 0.002 0.031 0.023 0.038 0.129 0.624 
  40 G _   0.034 0.119 0.001 0.026 0.021 0.037 0.126 0.636 
  41 T _   0.035 0.114 0.001 0.023 0.019 0.036 0.123 0.649 
  42 G _   0.035 0.110 0.001 0.020 0.018 0.035 0.120 0.661 
  43 A _   0.035 0.106 0.001 0.019 0.016 0.033 0.118 0.671 
  44 Y _   0.034 0.103 0.001 0.019 0.016 0.032 0.116 0.680 
  45 G _   0.032 0.100 0.001 0.021 0.015 0.030 0.115 0.686 
  46 K _   0.030 0.097 0.001 0.023 0.014 0.028 0.114 0.693 
  47 V _   0.028 0.094 0.001 0.024 0.013 0.026 0.113 0.702 
  48 F _   0.025 0.088 0.001 0.025 0.012 0.023 0.112 0.713 
  49 L _   0.022 0.080 0.001 0.024 0.010 0.020 0.112 0.729 
  50 V _   0.019 0.070 0.001 0.021 0.009 0.018 0.112 0.750 
  51 R _   0.016 0.057 0.001 0.017 0.007 0.015 0.112 0.775 
  52 K _   0.013 0.044 0.001 0.013 0.005 0.013 0.112 0.800 
  53 A _   0.011 0.031 0.001 0.009 0.004 0.011 0.111 0.822 
  54 G _   0.009 0.023 0.000 0.006 0.003 0.009 0.110 0.839 
  55 G _   0.008 0.018 0.000 0.004 0.002 0.009 0.109 0.849 
  56 H _   0.008 0.016 0.000 0.004 0.002 0.009 0.108 0.853 
  57 D _   0.008 0.015 0.000 0.004 0.002 0.010 0.106 0.853 
  58 A _   0.010 0.017 0.000 0.005 0.003 0.012 0.104 0.849 
  59 G _   0.012 0.021 0.000 0.007 0.004 0.015 0.102 0.839 
  60 K _   0.014 0.029 0.001 0.010 0.006 0.018 0.099 0.822 
  61 L _   0.016 0.042 0.001 0.015 0.009 0.022 0.096 0.800 
  62 Y _   0.018 0.057 0.001 0.021 0.012 0.025 0.092 0.774 
  63 A _   0.020 0.072 0.001 0.026 0.014 0.027 0.089 0.751 
  64 M _   0.021 0.084 0.001 0.031 0.016 0.029 0.086 0.732 
  65 K _   0.022 0.093 0.001 0.034 0.017 0.029 0.083 0.720 
  66 V _   0.022 0.099 0.001 0.036 0.017 0.030 0.081 0.713 
  67 L _   0.022 0.102 0.001 0.036 0.017 0.029 0.080 0.712 
  68 R _   0.023 0.102 0.001 0.035 0.017 0.028 0.079 0.715 
  69 K _   0.022 0.100 0.001 0.033 0.016 0.027 0.078 0.723 
  70 A _   0.022 0.095 0.001 0.031 0.014 0.025 0.078 0.733 
  71 A _   0.021 0.089 0.001 0.029 0.013 0.023 0.078 0.747 
  72 L _   0.020 0.080 0.001 0.026 0.011 0.021 0.078 0.763 
  73 V _   0.019 0.069 0.001 0.023 0.010 0.019 0.079 0.781 
  74 Q _   0.018 0.057 0.001 0.019 0.008 0.017 0.079 0.800 
  75 R _   0.016 0.045 0.001 0.016 0.007 0.016 0.079 0.820 
  76 A _   0.015 0.032 0.001 0.013 0.006 0.014 0.080 0.840 
  77 K _   0.013 0.021 0.001 0.010 0.005 0.013 0.080 0.858 
  78 T _   0.012 0.013 0.000 0.007 0.004 0.012 0.080 0.873 
  79 Q _   0.011 0.007 0.000 0.005 0.003 0.011 0.079 0.883 
  80 E _   0.011 0.004 0.000 0.004 0.003 0.011 0.079 0.889 
  81 H _   0.011 0.002 0.000 0.004 0.003 0.011 0.078 0.891 
  82 T _   0.012 0.001 0.000 0.004 0.003 0.013 0.076 0.891 
  83 R _   0.014 0.001 0.000 0.004 0.003 0.015 0.075 0.887 
  84 T _   0.018 0.001 0.000 0.005 0.004 0.018 0.073 0.880 
  85 E _   0.022 0.001 0.001 0.007 0.006 0.022 0.071 0.869 
  86 R _   0.028 0.002 0.001 0.009 0.009 0.027 0.069 0.855 
  87 S _   0.036 0.003 0.001 0.012 0.011 0.032 0.067 0.839 
  88 V _   0.045 0.003 0.001 0.014 0.014 0.036 0.064 0.822 
  89 L _   0.055 0.004 0.001 0.015 0.017 0.040 0.062 0.805 
  90 E _   0.065 0.004 0.001 0.016 0.019 0.044 0.060 0.791 
  91 L _   0.076 0.004 0.001 0.015 0.021 0.047 0.058 0.777 
  92 V _   0.088 0.004 0.001 0.013 0.022 0.050 0.056 0.766 
  93 R _   0.098 0.004 0.001 0.011 0.023 0.051 0.055 0.757 
  94 Q _   0.109 0.003 0.001 0.009 0.024 0.053 0.053 0.747 
  95 A _   0.119 0.003 0.001 0.009 0.025 0.055 0.052 0.736 
  96 P _   0.127 0.003 0.001 0.009 0.027 0.056 0.051 0.726 
  97 F _   0.134 0.004 0.002 0.010 0.028 0.056 0.051 0.716 
  98 L _   0.137 0.005 0.002 0.012 0.029 0.055 0.051 0.709 
  99 V _   0.136 0.006 0.002 0.015 0.030 0.054 0.051 0.706 
 100 T _   0.132 0.007 0.002 0.018 0.030 0.052 0.051 0.708 
 101 L _   0.124 0.008 0.002 0.020 0.028 0.049 0.052 0.717 
 102 H _   0.112 0.008 0.002 0.021 0.025 0.045 0.052 0.736 
 103 Y _   0.098 0.007 0.002 0.019 0.021 0.040 0.053 0.761 
 104 A _   0.083 0.006 0.001 0.016 0.017 0.035 0.054 0.790 
 105 F _   0.068 0.004 0.001 0.012 0.012 0.030 0.054 0.818 
 106 Q _   0.056 0.003 0.001 0.009 0.009 0.026 0.055 0.842 
 107 T _   0.047 0.001 0.001 0.006 0.007 0.023 0.055 0.861 
 108 D _   0.039 0.001 0.001 0.004 0.005 0.021 0.055 0.874 
 109 A _   0.035 0.001 0.000 0.004 0.004 0.019 0.055 0.881 
 110 K _   0.033 0.001 0.000 0.004 0.004 0.019 0.055 0.884 
 111 L _   0.032 0.001 0.001 0.004 0.005 0.020 0.055 0.884 
 112 H _   0.033 0.001 0.001 0.004 0.005 0.021 0.054 0.880 
 113 L _   0.036 0.002 0.001 0.005 0.006 0.024 0.054 0.873 
 114 I _   0.039 0.003 0.001 0.007 0.008 0.026 0.053 0.863 
 115 L _   0.044 0.004 0.001 0.008 0.010 0.029 0.052 0.850 
 116 D _   0.049 0.007 0.001 0.010 0.013 0.033 0.052 0.836 
 117 Y _   0.054 0.010 0.001 0.012 0.016 0.036 0.051 0.820 
 118 V _   0.059 0.014 0.001 0.015 0.019 0.039 0.050 0.803 
 119 S _   0.063 0.018 0.001 0.018 0.022 0.041 0.050 0.787 
 120 G _   0.066 0.022 0.002 0.022 0.024 0.042 0.049 0.773 
 121 G _   0.068 0.026 0.002 0.026 0.026 0.043 0.049 0.762 
 122 E _   0.067 0.028 0.002 0.029 0.026 0.042 0.049 0.756 
 123 M _   0.065 0.029 0.002 0.030 0.025 0.040 0.050 0.759 
 124 F _   0.060 0.029 0.002 0.030 0.023 0.037 0.050 0.769 
 125 T _   0.053 0.026 0.001 0.028 0.020 0.034 0.051 0.787 
 126 H _   0.045 0.023 0.001 0.024 0.016 0.030 0.052 0.808 
 127 L _   0.038 0.018 0.001 0.019 0.012 0.025 0.053 0.833 
 128 Y _   0.031 0.013 0.001 0.014 0.009 0.021 0.054 0.857 
 129 Q _   0.025 0.008 0.001 0.010 0.007 0.018 0.055 0.877 
 130 R _   0.020 0.005 0.001 0.007 0.005 0.015 0.055 0.892 
 131 Q _   0.016 0.003 0.000 0.005 0.004 0.014 0.056 0.902 
 132 Y _   0.014 0.002 0.000 0.004 0.003 0.013 0.056 0.908 
 133 F _   0.013 0.001 0.000 0.004 0.003 0.012 0.055 0.911 
 134 K _   0.013 0.001 0.000 0.004 0.003 0.013 0.055 0.912 
 135 E _   0.014 0.001 0.000 0.004 0.003 0.014 0.054 0.909 
 136 A _   0.016 0.001 0.000 0.005 0.004 0.015 0.053 0.905 
 137 E _   0.020 0.001 0.001 0.005 0.005 0.018 0.052 0.899 
 138 V _   0.025 0.001 0.001 0.006 0.006 0.021 0.051 0.889 
 139 R _   0.031 0.001 0.001 0.007 0.008 0.025 0.050 0.877 
 140 V _   0.039 0.001 0.001 0.008 0.010 0.030 0.049 0.863 
 141 Y _   0.047 0.002 0.001 0.010 0.013 0.034 0.047 0.845 
 142 G _   0.057 0.002 0.001 0.011 0.016 0.039 0.046 0.826 
 143 G _   0.068 0.003 0.001 0.013 0.020 0.044 0.045 0.807 
 144 E _   0.078 0.004 0.001 0.014 0.023 0.047 0.044 0.789 
 145 I _   0.088 0.004 0.002 0.015 0.024 0.050 0.043 0.774 
 146 V _   0.096 0.004 0.002 0.014 0.025 0.051 0.043 0.765 
 147 L _   0.102 0.004 0.002 0.014 0.025 0.052 0.042 0.760 
 148 A _   0.105 0.004 0.001 0.012 0.024 0.051 0.042 0.760 
 149 L _   0.105 0.004 0.001 0.011 0.023 0.050 0.042 0.764 
 150 E _   0.104 0.004 0.001 0.010 0.022 0.049 0.042 0.769 
 151 H _   0.102 0.004 0.001 0.009 0.021 0.048 0.042 0.773 
 152 L _   0.099 0.004 0.001 0.009 0.020 0.046 0.042 0.778 
 153 H _   0.095 0.004 0.001 0.010 0.020 0.044 0.043 0.783 
 154 K _   0.090 0.005 0.001 0.012 0.019 0.042 0.043 0.787 
 155 L _   0.084 0.006 0.001 0.014 0.019 0.040 0.044 0.792 
 156 G _   0.077 0.007 0.001 0.016 0.018 0.037 0.045 0.799 
 157 I _   0.070 0.007 0.001 0.017 0.017 0.034 0.046 0.809 
 158 I _   0.061 0.007 0.001 0.018 0.015 0.031 0.047 0.821 
 159 Y _   0.053 0.007 0.001 0.017 0.013 0.027 0.048 0.834 
 160 R _   0.045 0.006 0.001 0.016 0.011 0.024 0.049 0.848 
 161 D _   0.038 0.006 0.001 0.014 0.009 0.021 0.050 0.862 
 162 L _   0.031 0.005 0.001 0.012 0.007 0.018 0.051 0.876 
 163 K _   0.025 0.003 0.001 0.009 0.006 0.016 0.052 0.888 
 164 L _   0.020 0.003 0.001 0.007 0.004 0.013 0.053 0.899 
 165 E _   0.017 0.002 0.000 0.006 0.004 0.012 0.053 0.907 
 166 N _   0.014 0.002 0.000 0.005 0.003 0.011 0.053 0.912 
 167 V _   0.013 0.002 0.000 0.004 0.003 0.010 0.053 0.915 
 168 L _   0.012 0.002 0.000 0.004 0.003 0.010 0.053 0.916 
 169 L _   0.012 0.003 0.000 0.004 0.003 0.011 0.053 0.914 
 170 D _   0.013 0.004 0.000 0.005 0.004 0.013 0.052 0.909 
 171 S _   0.014 0.007 0.001 0.007 0.005 0.015 0.051 0.901 
 172 E _   0.016 0.011 0.001 0.010 0.007 0.017 0.050 0.888 
 173 G _   0.018 0.017 0.001 0.014 0.009 0.020 0.049 0.872 
 174 H _   0.020 0.025 0.001 0.019 0.011 0.022 0.048 0.853 
 175 I _   0.021 0.033 0.001 0.025 0.013 0.024 0.047 0.835 
 176 V _   0.022 0.040 0.001 0.030 0.014 0.025 0.047 0.821 
 177 L _   0.022 0.044 0.001 0.033 0.015 0.025 0.046 0.813 
 178 T _   0.021 0.046 0.001 0.034 0.015 0.024 0.046 0.813 
 179 D _   0.020 0.046 0.001 0.033 0.014 0.023 0.046 0.818 
 180 F _   0.019 0.044 0.001 0.030 0.012 0.021 0.046 0.826 
 181 G _   0.017 0.041 0.001 0.026 0.011 0.019 0.047 0.838 
 182 L _   0.016 0.036 0.001 0.022 0.009 0.018 0.047 0.852 
 183 S _   0.015 0.030 0.001 0.018 0.007 0.016 0.048 0.866 
 184 K _   0.014 0.024 0.001 0.014 0.006 0.015 0.048 0.879 
 185 E _   0.012 0.019 0.001 0.011 0.005 0.013 0.049 0.890 
 186 F _   0.011 0.014 0.000 0.009 0.004 0.012 0.049 0.899 
 187 L _   0.010 0.011 0.000 0.007 0.003 0.012 0.049 0.907 
 188 T _   0.010 0.009 0.000 0.006 0.003 0.012 0.049 0.912 
 189 E _   0.010 0.008 0.000 0.005 0.003 0.012 0.048 0.914 
 190 E _   0.011 0.007 0.000 0.005 0.003 0.013 0.047 0.914 
 191 K _   0.012 0.008 0.000 0.005 0.003 0.015 0.046 0.911 
 192 E _   0.014 0.009 0.000 0.005 0.004 0.018 0.045 0.904 
 193 R _   0.018 0.012 0.001 0.007 0.006 0.021 0.043 0.891 
 194 T _   0.022 0.019 0.001 0.010 0.010 0.026 0.042 0.872 
 195 F _   0.027 0.030 0.001 0.015 0.014 0.031 0.039 0.843 
 196 S _   0.032 0.047 0.001 0.021 0.019 0.036 0.037 0.807 
 197 F _   0.036 0.066 0.002 0.029 0.024 0.039 0.035 0.769 
 198 C _   0.040 0.084 0.002 0.037 0.028 0.042 0.033 0.735 
 199 G _   0.043 0.098 0.002 0.043 0.031 0.043 0.031 0.709 
 200 T _   0.045 0.107 0.002 0.047 0.032 0.043 0.030 0.693 
 201 I _   0.046 0.112 0.002 0.050 0.033 0.042 0.029 0.687 
 202 E _   0.046 0.112 0.002 0.049 0.031 0.040 0.028 0.691 
 203 Y _   0.044 0.109 0.002 0.047 0.029 0.038 0.028 0.704 
 204 M _   0.041 0.102 0.002 0.043 0.025 0.034 0.028 0.725 
 205 A _   0.038 0.091 0.002 0.037 0.021 0.031 0.028 0.751 
 206 P _   0.035 0.077 0.001 0.031 0.017 0.027 0.029 0.783 
 207 E _   0.031 0.061 0.001 0.025 0.013 0.023 0.029 0.817 
 208 I _   0.027 0.044 0.001 0.020 0.010 0.020 0.029 0.850 
 209 I _   0.024 0.028 0.001 0.014 0.007 0.016 0.030 0.879 
 210 R _   0.023 0.016 0.001 0.010 0.005 0.014 0.029 0.903 
 211 S _   0.022 0.008 0.000 0.006 0.004 0.011 0.029 0.919 
 212 K _   0.023 0.003 0.000 0.004 0.003 0.010 0.028 0.928 
 213 T _   0.028 0.001 0.000 0.003 0.002 0.009 0.027 0.930 
 214 G _   0.038 0.000 0.000 0.002 0.002 0.009 0.026 0.923 
 215 H _   0.057 0.000 0.000 0.002 0.003 0.009 0.024 0.905 
 216 G _   0.091 0.000 0.000 0.002 0.003 0.010 0.022 0.871 
 217 K _   0.148 0.000 0.001 0.001 0.005 0.012 0.020 0.814 
 218 A _   0.230 0.000 0.001 0.001 0.006 0.014 0.017 0.730 
 219 V _   0.335 0.000 0.001 0.001 0.009 0.017 0.014 0.623 
 220 D _   0.452 0.000 0.001 0.001 0.013 0.019 0.011 0.503 
 221 W H   0.565 0.000 0.001 0.001 0.016 0.020 0.009 0.387 
 222 W H   0.660 0.000 0.001 0.001 0.020 0.021 0.007 0.289 
 223 S H   0.733 0.000 0.001 0.001 0.023 0.020 0.006 0.215 
 224 L H   0.782 0.000 0.001 0.001 0.025 0.019 0.006 0.165 
 225 G H   0.813 0.000 0.001 0.001 0.026 0.018 0.006 0.134 
 226 I H   0.830 0.000 0.001 0.001 0.027 0.017 0.006 0.118 
 227 L H   0.833 0.000 0.001 0.002 0.027 0.016 0.006 0.114 
 228 L H   0.823 0.000 0.002 0.002 0.027 0.015 0.008 0.124 
 229 F H   0.797 0.000 0.002 0.002 0.027 0.015 0.009 0.147 
 230 E H   0.752 0.000 0.002 0.002 0.027 0.015 0.012 0.190 
 231 L H   0.685 0.000 0.002 0.003 0.025 0.015 0.015 0.254 
 232 L H   0.595 0.000 0.002 0.003 0.021 0.015 0.020 0.342 
 233 T H   0.492 0.000 0.002 0.004 0.017 0.015 0.027 0.444 
 234 G _   0.387 0.000 0.001 0.004 0.013 0.014 0.034 0.546 
 235 A _   0.290 0.000 0.001 0.005 0.010 0.013 0.041 0.639 
 236 S _   0.208 0.000 0.001 0.005 0.007 0.012 0.049 0.718 
 237 P _   0.143 0.000 0.001 0.005 0.006 0.011 0.055 0.779 
 238 F _   0.094 0.000 0.001 0.005 0.004 0.010 0.060 0.825 
 239 T _   0.061 0.001 0.001 0.005 0.003 0.009 0.064 0.857 
 240 L _   0.039 0.001 0.000 0.005 0.003 0.009 0.067 0.877 
 241 E _   0.025 0.001 0.000 0.004 0.002 0.008 0.069 0.889 
 242 G _   0.017 0.002 0.000 0.004 0.002 0.009 0.070 0.895 
 243 E _   0.013 0.004 0.000 0.005 0.002 0.009 0.071 0.896 
 244 R _   0.011 0.007 0.000 0.006 0.003 0.011 0.072 0.891 
 245 N _   0.010 0.013 0.000 0.008 0.004 0.012 0.072 0.880 
 246 T _   0.011 0.025 0.001 0.013 0.006 0.015 0.072 0.859 
 247 Q _   0.011 0.044 0.001 0.020 0.008 0.018 0.071 0.826 
 248 A _   0.012 0.070 0.001 0.029 0.011 0.020 0.071 0.786 
 249 E _   0.012 0.096 0.001 0.040 0.013 0.022 0.070 0.746 
 250 V _   0.013 0.117 0.001 0.049 0.015 0.023 0.070 0.711 
 251 S _   0.013 0.132 0.001 0.056 0.017 0.023 0.071 0.688 
 252 R _   0.013 0.139 0.001 0.060 0.017 0.023 0.072 0.675 
 253 R _   0.013 0.141 0.001 0.059 0.016 0.022 0.074 0.673 
 254 I _   0.013 0.138 0.001 0.055 0.015 0.020 0.077 0.680 
 255 L _   0.013 0.130 0.001 0.048 0.013 0.018 0.081 0.695 
 256 K _   0.012 0.116 0.001 0.039 0.011 0.016 0.086 0.719 
 257 C _   0.012 0.096 0.001 0.029 0.008 0.014 0.091 0.749 
 258 S _   0.011 0.074 0.001 0.020 0.006 0.012 0.096 0.780 
 259 P _   0.010 0.056 0.001 0.013 0.004 0.010 0.101 0.806 
 260 P _   0.009 0.043 0.000 0.008 0.003 0.009 0.104 0.824 
 261 F _   0.008 0.036 0.000 0.005 0.002 0.008 0.107 0.834 
 262 P _   0.007 0.032 0.000 0.004 0.002 0.008 0.109 0.838 
 263 P _   0.007 0.032 0.000 0.004 0.002 0.008 0.110 0.837 
 264 R _   0.007 0.034 0.000 0.005 0.002 0.010 0.110 0.831 
 265 I _   0.008 0.041 0.000 0.008 0.004 0.012 0.110 0.817 
 266 G _   0.010 0.055 0.001 0.013 0.006 0.015 0.110 0.792 
 267 P _   0.011 0.080 0.001 0.021 0.008 0.018 0.108 0.753 
 268 V _   0.012 0.113 0.001 0.032 0.011 0.020 0.107 0.704 
 269 A _   0.012 0.145 0.001 0.043 0.013 0.021 0.106 0.659 
 270 Q _   0.012 0.167 0.001 0.053 0.014 0.022 0.106 0.625 
 271 D _   0.012 0.180 0.001 0.060 0.014 0.021 0.107 0.606 
 272 L _   0.011 0.185 0.001 0.062 0.014 0.020 0.109 0.598 
 273 L _   0.011 0.183 0.001 0.060 0.013 0.019 0.112 0.602 
 274 Q _   0.010 0.175 0.001 0.054 0.011 0.017 0.116 0.615 
 275 R _   0.010 0.159 0.001 0.045 0.009 0.015 0.121 0.640 
 276 L _   0.010 0.134 0.001 0.034 0.008 0.013 0.127 0.673 
 277 L _   0.009 0.103 0.001 0.024 0.006 0.011 0.134 0.713 
 278 C _   0.009 0.073 0.001 0.015 0.004 0.009 0.140 0.750 
 279 K _   0.008 0.051 0.000 0.010 0.003 0.007 0.145 0.777 
 280 D _   0.006 0.038 0.000 0.006 0.002 0.006 0.148 0.794 
 281 P _   0.006 0.031 0.000 0.004 0.001 0.005 0.150 0.802 
 282 K _   0.005 0.028 0.000 0.004 0.001 0.005 0.151 0.805 
 283 K _   0.005 0.028 0.000 0.004 0.001 0.005 0.151 0.806 
 284 R _   0.005 0.029 0.000 0.005 0.002 0.006 0.150 0.803 
 285 L _   0.005 0.032 0.000 0.007 0.002 0.007 0.149 0.799 
 286 G _   0.005 0.037 0.000 0.009 0.002 0.008 0.147 0.792 
 287 A _   0.005 0.044 0.000 0.012 0.003 0.008 0.144 0.783 
 288 G _   0.005 0.051 0.000 0.014 0.003 0.009 0.141 0.776 
 289 P _   0.005 0.058 0.000 0.016 0.004 0.009 0.138 0.770 
 290 Q _   0.004 0.063 0.000 0.016 0.004 0.010 0.136 0.767 
 291 G _   0.004 0.068 0.000 0.015 0.004 0.010 0.133 0.765 
 292 A _   0.004 0.072 0.000 0.014 0.004 0.010 0.131 0.765 
 293 Q _   0.004 0.075 0.000 0.013 0.004 0.011 0.128 0.765 
 294 E _   0.005 0.078 0.000 0.012 0.004 0.012 0.126 0.763 
 295 V _   0.005 0.082 0.000 0.011 0.004 0.014 0.124 0.759 
 296 R _   0.007 0.088 0.001 0.011 0.005 0.016 0.122 0.751 
 297 N _   0.009 0.096 0.001 0.012 0.006 0.019 0.119 0.738 
 298 H _   0.011 0.108 0.001 0.014 0.008 0.023 0.117 0.718 
 299 P _   0.014 0.125 0.001 0.017 0.011 0.027 0.114 0.691 
 300 F _   0.017 0.146 0.001 0.022 0.015 0.031 0.111 0.657 
 301 F _   0.021 0.170 0.002 0.027 0.019 0.034 0.108 0.619 
 302 Q _   0.024 0.194 0.002 0.033 0.023 0.037 0.105 0.583 
 303 G _   0.026 0.215 0.002 0.039 0.026 0.039 0.103 0.551 
 304 L _   0.029 0.230 0.002 0.044 0.028 0.039 0.102 0.526 
 305 D _   0.031 0.239 0.002 0.047 0.028 0.039 0.102 0.513 
 306 W _   0.032 0.242 0.002 0.048 0.028 0.037 0.102 0.509 
 307 V _   0.033 0.240 0.002 0.047 0.026 0.035 0.103 0.513 
 308 A _   0.033 0.233 0.002 0.044 0.024 0.033 0.105 0.528 
 309 L _   0.032 0.218 0.002 0.039 0.021 0.030 0.107 0.551 
 310 A _   0.030 0.196 0.002 0.033 0.018 0.027 0.110 0.584 
 311 A _   0.028 0.167 0.001 0.026 0.014 0.024 0.114 0.625 
 312 R _   0.025 0.137 0.001 0.020 0.011 0.021 0.118 0.666 
 313 K _   0.022 0.111 0.001 0.015 0.009 0.018 0.121 0.703 
 314 I _   0.019 0.091 0.001 0.011 0.006 0.016 0.124 0.731 
 315 P _   0.016 0.078 0.001 0.009 0.005 0.014 0.127 0.751 
 316 A _   0.014 0.070 0.000 0.007 0.004 0.013 0.128 0.763 
 317 P _   0.012 0.066 0.000 0.007 0.003 0.012 0.130 0.770 
 318 F _   0.011 0.064 0.000 0.006 0.003 0.011 0.131 0.773 
 319 R _   0.010 0.064 0.000 0.007 0.003 0.011 0.132 0.773 
 320 P _   0.009 0.065 0.000 0.007 0.003 0.011 0.132 0.771 
 321 Q _   0.009 0.068 0.000 0.008 0.004 0.012 0.132 0.767 
 322 I _   0.009 0.073 0.000 0.008 0.004 0.012 0.132 0.761 
 323 R _   0.009 0.081 0.001 0.010 0.004 0.013 0.132 0.751 
 324 S _   0.009 0.091 0.001 0.011 0.005 0.014 0.131 0.738 
 325 E _   0.009 0.104 0.001 0.013 0.006 0.015 0.130 0.721 
 326 L _   0.010 0.122 0.001 0.015 0.007 0.017 0.129 0.699 
 327 D _   0.010 0.145 0.001 0.018 0.009 0.018 0.128 0.670 
 328 V _   0.011 0.174 0.001 0.022 0.010 0.020 0.127 0.635 
 329 G _   0.012 0.207 0.001 0.027 0.012 0.021 0.125 0.595 
 330 N _   0.012 0.239 0.001 0.032 0.013 0.022 0.124 0.556 
 331 F _   0.013 0.268 0.001 0.038 0.015 0.022 0.124 0.520 
 332 A _   0.013 0.290 0.001 0.044 0.015 0.022 0.124 0.490 
 333 E _   0.013 0.305 0.001 0.049 0.016 0.022 0.125 0.470 
 334 E _   0.013 0.312 0.001 0.052 0.015 0.021 0.127 0.458 
 335 F _   0.013 0.314 0.001 0.053 0.015 0.020 0.130 0.454 
 336 T _   0.013 0.310 0.001 0.052 0.014 0.019 0.134 0.457 
 337 R _   0.013 0.299 0.001 0.050 0.013 0.018 0.140 0.466 
 338 L _   0.013 0.280 0.001 0.046 0.011 0.016 0.147 0.485 
 339 E _   0.013 0.251 0.001 0.041 0.010 0.015 0.156 0.513 
 340 P _   0.013 0.210 0.001 0.035 0.009 0.014 0.168 0.551 
 341 V _   0.013 0.161 0.001 0.028 0.007 0.013 0.180 0.596 
 342 Y _   0.012 0.112 0.001 0.021 0.006 0.011 0.193 0.644 
 343 S _   0.011 0.070 0.001 0.014 0.004 0.009 0.203 0.687 
 344 P _   0.009 0.041 0.000 0.010 0.003 0.008 0.211 0.718 
 345 P _   0.008 0.024 0.000 0.006 0.002 0.006 0.216 0.739 
 346 G _   0.006 0.015 0.000 0.004 0.001 0.005 0.219 0.751 
 347 S _   0.005 0.010 0.000 0.002 0.001 0.004 0.219 0.759 
 348 P _   0.004 0.009 0.000 0.002 0.001 0.004 0.218 0.763 
 349 P _   0.004 0.009 0.000 0.002 0.001 0.005 0.216 0.764 
 350 P _   0.004 0.010 0.000 0.003 0.001 0.007 0.212 0.763 
 351 G _   0.005 0.016 0.000 0.005 0.002 0.010 0.205 0.756 
 352 D _   0.008 0.032 0.001 0.009 0.005 0.015 0.195 0.736 
 353 P _   0.011 0.075 0.001 0.018 0.010 0.022 0.178 0.685 
 354 R _   0.014 0.169 0.002 0.030 0.017 0.028 0.154 0.586 
 355 I _   0.014 0.317 0.003 0.043 0.023 0.030 0.124 0.446 
 356 F E   0.012 0.473 0.003 0.052 0.025 0.028 0.096 0.311 
 357 Q E   0.009 0.595 0.003 0.055 0.023 0.025 0.078 0.215 
 358 G E   0.006 0.669 0.002 0.055 0.019 0.021 0.066 0.161 
 359 Y E   0.005 0.708 0.001 0.054 0.016 0.018 0.060 0.137 
 360 S E   0.004 0.727 0.001 0.052 0.014 0.016 0.057 0.129 
 361 F E   0.004 0.734 0.001 0.050 0.013 0.015 0.055 0.129 
 362 V E   0.004 0.732 0.001 0.047 0.012 0.014 0.054 0.136 
 363 A E   0.005 0.722 0.001 0.044 0.012 0.013 0.053 0.151 
 364 P E   0.005 0.698 0.001 0.040 0.012 0.012 0.054 0.178 
 365 S E   0.006 0.657 0.001 0.035 0.011 0.012 0.055 0.223 
 366 I E   0.007 0.595 0.002 0.031 0.011 0.012 0.057 0.285 
 367 L E   0.008 0.522 0.002 0.026 0.010 0.012 0.060 0.359 
 368 F E   0.009 0.450 0.001 0.022 0.009 0.013 0.063 0.433 
 369 D _   0.009 0.392 0.001 0.018 0.007 0.012 0.067 0.494 
 370 H _   0.008 0.350 0.001 0.015 0.006 0.012 0.069 0.539 
 371 N _   0.008 0.323 0.001 0.013 0.005 0.011 0.071 0.568 
 372 N _   0.007 0.306 0.001 0.013 0.004 0.011 0.073 0.586 
 373 A _   0.007 0.294 0.000 0.013 0.004 0.011 0.074 0.597 
 374 V _   0.007 0.286 0.000 0.014 0.004 0.010 0.074 0.604 
 375 M _   0.007 0.278 0.001 0.015 0.004 0.010 0.075 0.609 
 376 T _   0.007 0.271 0.001 0.017 0.004 0.010 0.076 0.616 
 377 D _   0.006 0.261 0.001 0.017 0.004 0.009 0.077 0.624 
 378 G _   0.006 0.250 0.001 0.017 0.004 0.009 0.078 0.636 
 379 L _   0.006 0.236 0.001 0.015 0.004 0.008 0.079 0.652 
 380 E _   0.006 0.221 0.000 0.013 0.003 0.008 0.079 0.670 
 381 A _   0.005 0.206 0.000 0.010 0.003 0.007 0.080 0.688 
 382 P _   0.005 0.194 0.000 0.008 0.002 0.007 0.080 0.704 
 383 G _   0.004 0.186 0.000 0.006 0.002 0.007 0.080 0.715 
 384 A _   0.004 0.183 0.000 0.005 0.002 0.007 0.079 0.720 
 385 G _   0.004 0.184 0.000 0.005 0.002 0.008 0.077 0.719 
 386 D _   0.005 0.191 0.000 0.007 0.002 0.009 0.075 0.710 
 387 R _   0.006 0.207 0.001 0.010 0.004 0.011 0.072 0.689 
 388 P _   0.007 0.241 0.001 0.015 0.006 0.014 0.067 0.649 
 389 G _   0.008 0.298 0.001 0.022 0.009 0.017 0.061 0.584 
 390 R _   0.008 0.375 0.002 0.030 0.012 0.018 0.054 0.502 
 391 A E   0.008 0.453 0.002 0.037 0.013 0.018 0.047 0.422 
 392 A E   0.007 0.512 0.001 0.042 0.013 0.017 0.043 0.365 
 393 V E   0.006 0.548 0.001 0.045 0.012 0.017 0.040 0.331 
 394 A E   0.006 0.568 0.001 0.046 0.012 0.016 0.038 0.314 
 395 R E   0.006 0.576 0.001 0.046 0.011 0.015 0.037 0.308 
 396 S E   0.006 0.575 0.001 0.044 0.011 0.014 0.037 0.312 
 397 A E   0.007 0.567 0.001 0.041 0.011 0.014 0.037 0.323 
 398 M E   0.007 0.548 0.001 0.037 0.011 0.014 0.037 0.345 
 399 M E   0.008 0.517 0.001 0.034 0.010 0.013 0.039 0.378 
 400 Q E   0.009 0.472 0.001 0.030 0.010 0.014 0.041 0.423 
 401 D _   0.010 0.417 0.001 0.028 0.010 0.014 0.043 0.477 
 402 S _   0.012 0.358 0.001 0.025 0.009 0.014 0.046 0.535 
 403 P _   0.012 0.300 0.001 0.022 0.008 0.014 0.050 0.593 
 404 F _   0.013 0.249 0.001 0.019 0.007 0.014 0.053 0.645 
 405 F _   0.012 0.206 0.001 0.016 0.006 0.013 0.056 0.690 
 406 Q _   0.011 0.172 0.001 0.014 0.005 0.012 0.058 0.726 
 407 Q _   0.010 0.147 0.001 0.011 0.004 0.011 0.060 0.755 
 408 Y _   0.009 0.129 0.000 0.009 0.003 0.010 0.061 0.777 
 409 E _   0.008 0.117 0.000 0.008 0.003 0.010 0.062 0.793 
 410 L _   0.007 0.110 0.000 0.007 0.002 0.009 0.062 0.803 
 411 D _   0.006 0.107 0.000 0.006 0.002 0.009 0.061 0.807 
 412 L _   0.006 0.106 0.000 0.006 0.002 0.010 0.061 0.808 
 413 R _   0.006 0.109 0.000 0.007 0.003 0.010 0.060 0.804 
 414 E _   0.007 0.115 0.000 0.009 0.004 0.012 0.058 0.796 
 415 P _   0.007 0.124 0.001 0.012 0.005 0.013 0.056 0.782 
 416 A _   0.008 0.139 0.001 0.016 0.006 0.015 0.054 0.762 
 417 L _   0.009 0.156 0.001 0.020 0.008 0.017 0.052 0.738 
 418 G _   0.009 0.174 0.001 0.025 0.009 0.018 0.049 0.713 
 419 Q _   0.010 0.191 0.001 0.031 0.011 0.019 0.047 0.690 
 420 G _   0.010 0.203 0.001 0.036 0.013 0.021 0.046 0.671 
 421 S _   0.011 0.212 0.001 0.040 0.014 0.021 0.044 0.657 
 422 F _   0.012 0.216 0.001 0.043 0.015 0.022 0.043 0.649 
 423 S _   0.012 0.215 0.001 0.044 0.015 0.021 0.043 0.649 
 424 V _   0.013 0.209 0.001 0.042 0.014 0.021 0.043 0.657 
 425 C _   0.013 0.198 0.001 0.039 0.013 0.020 0.043 0.673 
 426 R _   0.013 0.179 0.001 0.034 0.012 0.019 0.044 0.698 
 427 R _   0.013 0.152 0.001 0.028 0.011 0.018 0.045 0.732 
 428 C _   0.013 0.121 0.001 0.020 0.009 0.017 0.046 0.773 
 429 R _   0.013 0.092 0.001 0.014 0.007 0.016 0.047 0.810 
 430 Q _   0.013 0.070 0.001 0.010 0.005 0.016 0.047 0.839 
 431 R _   0.012 0.057 0.001 0.007 0.004 0.016 0.047 0.856 
 432 Q _   0.013 0.051 0.000 0.006 0.004 0.017 0.047 0.862 
 433 S _   0.014 0.049 0.000 0.006 0.005 0.018 0.047 0.861 
 434 G _   0.016 0.050 0.001 0.008 0.006 0.021 0.047 0.852 
 435 Q _   0.019 0.055 0.001 0.012 0.008 0.023 0.046 0.836 
 436 E _   0.021 0.063 0.001 0.018 0.012 0.026 0.045 0.814 
 437 F _   0.023 0.073 0.001 0.026 0.015 0.028 0.044 0.789 
 438 A _   0.025 0.082 0.001 0.033 0.017 0.029 0.044 0.769 
 439 V _   0.025 0.087 0.001 0.038 0.018 0.030 0.043 0.757 
 440 K _   0.025 0.089 0.001 0.040 0.019 0.029 0.043 0.753 
 441 I _   0.025 0.087 0.001 0.039 0.018 0.028 0.043 0.758 
 442 L _   0.024 0.081 0.001 0.035 0.016 0.026 0.044 0.772 
 443 S _   0.022 0.071 0.001 0.029 0.013 0.024 0.045 0.794 
 444 R _   0.021 0.058 0.001 0.021 0.011 0.022 0.046 0.821 
 445 R _   0.019 0.044 0.001 0.014 0.008 0.020 0.047 0.847 
 446 L _   0.018 0.033 0.001 0.009 0.006 0.019 0.047 0.867 
 447 E _   0.016 0.026 0.001 0.007 0.005 0.018 0.047 0.880 
 448 A _   0.016 0.023 0.000 0.005 0.004 0.018 0.048 0.885 
 449 N _   0.017 0.023 0.000 0.006 0.005 0.019 0.047 0.884 
 450 T _   0.018 0.024 0.001 0.007 0.006 0.021 0.047 0.876 
 451 Q _   0.020 0.028 0.001 0.011 0.008 0.023 0.046 0.862 
 452 R _   0.021 0.036 0.001 0.018 0.011 0.025 0.046 0.842 
 453 E _   0.023 0.045 0.001 0.026 0.014 0.027 0.045 0.819 
 454 V _   0.024 0.052 0.001 0.034 0.016 0.028 0.044 0.801 
 455 A _   0.024 0.057 0.001 0.040 0.017 0.028 0.044 0.789 
 456 A _   0.023 0.059 0.001 0.042 0.017 0.027 0.044 0.786 
 457 L _   0.022 0.058 0.001 0.040 0.016 0.025 0.044 0.793 
 458 R _   0.021 0.054 0.001 0.035 0.014 0.023 0.045 0.807 
 459 L _   0.019 0.046 0.001 0.028 0.012 0.021 0.046 0.827 
 460 C _   0.017 0.036 0.001 0.021 0.009 0.018 0.047 0.850 
 461 Q _   0.015 0.026 0.001 0.016 0.007 0.016 0.048 0.871 
 462 S _   0.014 0.018 0.001 0.011 0.006 0.015 0.048 0.888 
 463 H _   0.013 0.012 0.001 0.009 0.005 0.014 0.049 0.898 
 464 P _   0.012 0.009 0.000 0.008 0.004 0.013 0.050 0.904 
 465 N _   0.012 0.007 0.000 0.007 0.004 0.013 0.050 0.906 
 466 V _   0.013 0.006 0.000 0.008 0.004 0.013 0.050 0.906 
 467 V _   0.013 0.005 0.001 0.008 0.004 0.013 0.050 0.905 
 468 N _   0.014 0.004 0.001 0.009 0.005 0.014 0.050 0.904 
 469 L _   0.016 0.003 0.001 0.008 0.004 0.015 0.050 0.903 
 470 H _   0.018 0.002 0.001 0.007 0.004 0.015 0.050 0.903 
 471 E _   0.021 0.001 0.000 0.006 0.004 0.017 0.050 0.901 
 472 V _   0.026 0.001 0.000 0.005 0.004 0.018 0.049 0.897 
 473 H _   0.034 0.000 0.001 0.004 0.005 0.021 0.048 0.888 
 474 H _   0.047 0.000 0.001 0.003 0.006 0.025 0.047 0.871 
 475 D _   0.067 0.000 0.001 0.003 0.008 0.031 0.045 0.845 
 476 Q _   0.092 0.001 0.001 0.004 0.013 0.039 0.044 0.807 
 477 L _   0.122 0.002 0.001 0.005 0.020 0.047 0.042 0.759 
 478 H _   0.151 0.005 0.002 0.009 0.030 0.055 0.041 0.707 
 479 T _   0.177 0.011 0.002 0.014 0.039 0.061 0.040 0.656 
 480 Y _   0.196 0.018 0.002 0.020 0.047 0.065 0.039 0.612 
 481 L _   0.208 0.025 0.003 0.026 0.051 0.067 0.039 0.581 
 482 V _   0.214 0.030 0.003 0.030 0.053 0.066 0.039 0.566 
 483 L _   0.212 0.033 0.003 0.031 0.051 0.063 0.040 0.567 
 484 E _   0.204 0.033 0.003 0.030 0.047 0.059 0.040 0.584 
 485 L _   0.189 0.031 0.002 0.026 0.041 0.054 0.041 0.615 
 486 L _   0.169 0.027 0.002 0.022 0.034 0.049 0.043 0.654 
 487 R _   0.146 0.023 0.002 0.019 0.027 0.043 0.044 0.696 
 488 G _   0.122 0.019 0.002 0.016 0.021 0.038 0.046 0.737 
 489 G _   0.100 0.016 0.001 0.014 0.016 0.033 0.047 0.773 
 490 E _   0.079 0.013 0.001 0.014 0.012 0.029 0.049 0.803 
 491 L _   0.062 0.011 0.001 0.013 0.009 0.025 0.050 0.828 
 492 L _   0.048 0.010 0.001 0.013 0.008 0.021 0.051 0.849 
 493 E _   0.036 0.008 0.001 0.012 0.006 0.018 0.052 0.866 
 494 H _   0.027 0.007 0.001 0.011 0.005 0.015 0.053 0.881 
 495 I _   0.021 0.005 0.001 0.010 0.004 0.013 0.053 0.894 
 496 R _   0.016 0.004 0.000 0.008 0.003 0.011 0.053 0.904 
 497 K _   0.013 0.002 0.000 0.006 0.003 0.009 0.053 0.912 
 498 K _   0.012 0.001 0.000 0.005 0.002 0.008 0.053 0.918 
 499 R _   0.011 0.001 0.000 0.004 0.002 0.008 0.053 0.921 
 500 H _   0.012 0.000 0.000 0.003 0.002 0.008 0.052 0.922 
 501 F _   0.015 0.000 0.000 0.003 0.002 0.008 0.051 0.920 
 502 S _   0.021 0.000 0.000 0.003 0.002 0.010 0.050 0.914 
 503 E _   0.032 0.000 0.000 0.003 0.003 0.012 0.048 0.902 
 504 S _   0.051 0.000 0.000 0.003 0.004 0.015 0.046 0.880 
 505 E _   0.082 0.000 0.001 0.004 0.006 0.019 0.043 0.845 
 506 A _   0.126 0.000 0.001 0.004 0.009 0.024 0.040 0.796 
 507 S _   0.184 0.000 0.001 0.004 0.013 0.030 0.037 0.731 
 508 Q _   0.252 0.000 0.001 0.004 0.019 0.035 0.033 0.655 
 509 I _   0.325 0.000 0.002 0.005 0.025 0.039 0.030 0.574 
 510 L _   0.397 0.000 0.002 0.005 0.031 0.042 0.028 0.495 
 511 R H   0.461 0.000 0.002 0.005 0.036 0.044 0.026 0.426 
 512 S H   0.516 0.000 0.002 0.004 0.040 0.044 0.024 0.369 
 513 L H   0.556 0.000 0.002 0.004 0.042 0.043 0.024 0.328 
 514 V H   0.585 0.000 0.002 0.004 0.042 0.041 0.024 0.302 
 515 S H   0.601 0.000 0.002 0.004 0.041 0.039 0.024 0.288 
 516 A H   0.607 0.000 0.002 0.004 0.040 0.036 0.025 0.286 
 517 V H   0.602 0.000 0.002 0.004 0.037 0.034 0.027 0.294 
 518 S H   0.585 0.000 0.002 0.004 0.035 0.032 0.029 0.313 
 519 F H   0.557 0.000 0.002 0.004 0.032 0.031 0.032 0.342 
 520 M H   0.517 0.000 0.002 0.005 0.029 0.030 0.036 0.382 
 521 H H   0.467 0.000 0.002 0.006 0.026 0.028 0.041 0.430 
 522 E _   0.408 0.001 0.002 0.007 0.023 0.027 0.047 0.487 
 523 E _   0.343 0.001 0.002 0.008 0.019 0.025 0.053 0.549 
 524 A _   0.278 0.001 0.002 0.009 0.016 0.023 0.060 0.612 
 525 G _   0.217 0.001 0.001 0.009 0.012 0.021 0.068 0.671 
 526 V _   0.165 0.001 0.001 0.009 0.010 0.019 0.074 0.722 
 527 V _   0.121 0.001 0.001 0.009 0.008 0.016 0.080 0.764 
 528 H _   0.087 0.001 0.001 0.008 0.006 0.014 0.085 0.798 
 529 R _   0.061 0.001 0.001 0.008 0.005 0.013 0.090 0.823 
 530 D _   0.043 0.001 0.001 0.007 0.004 0.011 0.094 0.840 
 531 L _   0.030 0.001 0.000 0.007 0.003 0.010 0.097 0.851 
 532 K _   0.022 0.001 0.000 0.007 0.003 0.009 0.100 0.858 
 533 P _   0.016 0.001 0.000 0.007 0.003 0.008 0.102 0.862 
 534 E _   0.013 0.001 0.000 0.007 0.003 0.008 0.104 0.864 
 535 N _   0.011 0.001 0.000 0.007 0.002 0.007 0.106 0.865 
 536 I _   0.009 0.001 0.000 0.007 0.002 0.007 0.107 0.867 
 537 L _   0.008 0.001 0.000 0.006 0.002 0.006 0.108 0.869 
 538 Y _   0.007 0.002 0.000 0.005 0.002 0.006 0.108 0.871 
 539 A _   0.006 0.002 0.000 0.004 0.002 0.005 0.108 0.873 
 540 D _   0.005 0.002 0.000 0.004 0.001 0.005 0.107 0.875 
 541 D _   0.005 0.002 0.000 0.003 0.001 0.006 0.106 0.876 
 542 T _   0.005 0.004 0.000 0.003 0.002 0.007 0.104 0.875 
 543 P _   0.006 0.007 0.000 0.004 0.002 0.009 0.101 0.870 
 544 G _   0.008 0.014 0.000 0.007 0.004 0.013 0.098 0.857 
 545 A _   0.011 0.030 0.001 0.011 0.006 0.017 0.093 0.830 
 546 P _   0.014 0.065 0.001 0.019 0.011 0.023 0.087 0.780 
 547 V _   0.016 0.127 0.002 0.031 0.016 0.027 0.079 0.703 
 548 K _   0.016 0.200 0.002 0.045 0.020 0.030 0.070 0.617 
 549 I _   0.015 0.266 0.002 0.058 0.023 0.030 0.063 0.543 
 550 I _   0.015 0.311 0.002 0.068 0.023 0.030 0.057 0.493 
 551 D _   0.014 0.336 0.002 0.075 0.023 0.029 0.054 0.467 
 552 F _   0.014 0.346 0.002 0.078 0.022 0.028 0.052 0.459 
 553 G _   0.013 0.347 0.001 0.076 0.020 0.026 0.050 0.465 
 554 F _   0.013 0.339 0.002 0.070 0.019 0.024 0.049 0.485 
 555 A _   0.013 0.319 0.002 0.060 0.017 0.021 0.049 0.520 
 556 R _   0.013 0.282 0.002 0.048 0.014 0.019 0.050 0.573 
 557 L _   0.012 0.229 0.002 0.035 0.011 0.017 0.051 0.642 
 558 R _   0.012 0.169 0.001 0.023 0.009 0.016 0.052 0.718 
 559 P _   0.011 0.121 0.001 0.014 0.006 0.015 0.053 0.779 
 560 Q _   0.010 0.092 0.001 0.009 0.004 0.013 0.053 0.818 
 561 S _   0.009 0.077 0.000 0.006 0.003 0.013 0.053 0.839 
 562 P _   0.009 0.071 0.000 0.004 0.003 0.014 0.052 0.847 
 563 G _   0.010 0.071 0.000 0.004 0.003 0.015 0.051 0.845 
 564 V _   0.012 0.075 0.000 0.006 0.004 0.018 0.049 0.835 
 565 P _   0.015 0.087 0.001 0.009 0.007 0.022 0.047 0.813 
 566 M _   0.018 0.111 0.001 0.014 0.010 0.026 0.044 0.777 
 567 Q _   0.020 0.145 0.001 0.020 0.014 0.029 0.041 0.729 
 568 T _   0.021 0.186 0.002 0.027 0.018 0.032 0.037 0.678 
 569 P _   0.021 0.225 0.002 0.032 0.020 0.033 0.034 0.633 
 570 C _   0.020 0.258 0.002 0.037 0.021 0.034 0.031 0.597 
 571 F _   0.020 0.283 0.002 0.040 0.022 0.033 0.029 0.573 
 572 T _   0.019 0.300 0.002 0.042 0.022 0.033 0.027 0.557 
 573 L _   0.019 0.310 0.001 0.043 0.021 0.031 0.025 0.548 
 574 Q _   0.018 0.316 0.001 0.044 0.020 0.030 0.024 0.546 
 575 Y _   0.017 0.317 0.001 0.045 0.019 0.028 0.023 0.550 
 576 A _   0.017 0.313 0.001 0.045 0.018 0.026 0.022 0.558 
 577 A _   0.016 0.304 0.001 0.044 0.017 0.024 0.022 0.572 
 578 P _   0.016 0.290 0.001 0.042 0.015 0.022 0.021 0.592 
 579 E _   0.016 0.267 0.001 0.039 0.014 0.020 0.021 0.620 
 580 L _   0.017 0.234 0.001 0.036 0.013 0.019 0.021 0.660 
 581 L _   0.017 0.189 0.001 0.030 0.011 0.017 0.022 0.712 
 582 A _   0.018 0.136 0.001 0.024 0.009 0.015 0.022 0.774 
 583 Q _   0.019 0.083 0.001 0.017 0.007 0.013 0.022 0.837 
 584 Q _   0.021 0.040 0.001 0.011 0.005 0.011 0.022 0.889 
 585 G _   0.025 0.014 0.001 0.006 0.003 0.009 0.021 0.921 
 586 Y _   0.032 0.003 0.000 0.003 0.002 0.007 0.020 0.931 
 587 D _   0.046 0.001 0.000 0.001 0.002 0.007 0.019 0.923 
 588 E _   0.075 0.000 0.000 0.001 0.002 0.007 0.017 0.897 
 589 S _   0.133 0.000 0.000 0.001 0.003 0.008 0.015 0.839 
 590 C _   0.233 0.000 0.001 0.001 0.005 0.009 0.012 0.739 
 591 D _   0.371 0.000 0.001 0.001 0.007 0.011 0.009 0.599 
 592 L H   0.532 0.000 0.001 0.001 0.010 0.013 0.006 0.437 
 593 W H   0.675 0.000 0.001 0.001 0.013 0.013 0.004 0.292 
 594 S H   0.779 0.000 0.001 0.001 0.016 0.013 0.003 0.187 
 595 L H   0.845 0.000 0.001 0.001 0.017 0.012 0.002 0.122 
 596 G H   0.884 0.000 0.001 0.001 0.018 0.011 0.002 0.084 
 597 V H   0.905 0.000 0.001 0.001 0.018 0.010 0.002 0.065 
 598 I H   0.912 0.000 0.001 0.001 0.018 0.009 0.002 0.058 
 599 L H   0.908 0.000 0.001 0.001 0.018 0.008 0.002 0.061 
 600 Y H   0.894 0.000 0.001 0.001 0.019 0.008 0.003 0.075 
 601 M H   0.863 0.000 0.001 0.001 0.019 0.009 0.004 0.103 
 602 M H   0.813 0.000 0.002 0.001 0.019 0.009 0.005 0.150 
 603 L H   0.738 0.000 0.002 0.002 0.018 0.010 0.008 0.223 
 604 S H   0.636 0.000 0.002 0.002 0.016 0.011 0.012 0.321 
 605 G H   0.521 0.000 0.001 0.002 0.014 0.011 0.018 0.432 
 606 Q _   0.407 0.000 0.001 0.003 0.011 0.011 0.025 0.542 
 607 V _   0.303 0.000 0.001 0.004 0.008 0.011 0.032 0.641 
 608 P _   0.213 0.000 0.001 0.005 0.006 0.011 0.038 0.726 
 609 F _   0.143 0.000 0.001 0.005 0.005 0.010 0.043 0.792 
 610 Q _   0.092 0.000 0.001 0.005 0.004 0.009 0.048 0.842 
 611 G _   0.057 0.000 0.000 0.004 0.003 0.008 0.051 0.876 
 612 A _   0.035 0.000 0.000 0.004 0.002 0.007 0.053 0.898 
 613 S _   0.022 0.001 0.000 0.003 0.002 0.007 0.054 0.911 
 614 G _   0.014 0.001 0.000 0.003 0.002 0.007 0.055 0.917 
 615 Q _   0.011 0.002 0.000 0.003 0.002 0.008 0.055 0.918 
 616 G _   0.010 0.005 0.000 0.004 0.002 0.011 0.055 0.912 
 617 G _   0.011 0.012 0.000 0.006 0.004 0.014 0.055 0.897 
 618 Q _   0.014 0.030 0.001 0.011 0.007 0.019 0.053 0.867 
 619 S _   0.016 0.065 0.001 0.018 0.011 0.023 0.051 0.814 
 620 Q _   0.018 0.124 0.002 0.027 0.017 0.028 0.049 0.735 
 621 A _   0.019 0.198 0.002 0.038 0.021 0.031 0.046 0.645 
 622 A _   0.019 0.267 0.002 0.048 0.024 0.032 0.043 0.565 
 623 E _   0.019 0.316 0.002 0.055 0.025 0.032 0.042 0.509 
 624 I _   0.018 0.346 0.002 0.060 0.025 0.032 0.041 0.477 
 625 M _   0.018 0.361 0.002 0.061 0.025 0.031 0.041 0.462 
 626 C _   0.018 0.366 0.002 0.060 0.024 0.029 0.041 0.460 
 627 K _   0.018 0.363 0.002 0.056 0.022 0.028 0.042 0.468 
 628 I _   0.018 0.353 0.002 0.051 0.020 0.026 0.044 0.487 
 629 R _   0.018 0.333 0.002 0.044 0.018 0.024 0.046 0.517 
 630 E _   0.017 0.303 0.002 0.036 0.016 0.022 0.048 0.556 
 631 G _   0.016 0.266 0.001 0.029 0.013 0.020 0.052 0.602 
 632 R _   0.015 0.228 0.001 0.023 0.011 0.019 0.055 0.648 
 633 F _   0.014 0.194 0.001 0.018 0.008 0.017 0.059 0.689 
 634 S _   0.013 0.167 0.001 0.015 0.007 0.015 0.061 0.722 
 635 L _   0.011 0.148 0.001 0.012 0.005 0.014 0.064 0.745 
 636 D _   0.010 0.135 0.001 0.011 0.005 0.013 0.066 0.761 
 637 G _   0.009 0.126 0.001 0.010 0.004 0.012 0.068 0.771 
 638 E _   0.009 0.121 0.000 0.009 0.004 0.011 0.069 0.777 
 639 A _   0.008 0.117 0.000 0.009 0.004 0.011 0.070 0.780 
 640 W _   0.008 0.115 0.000 0.009 0.004 0.011 0.071 0.781 
 641 Q _   0.008 0.114 0.000 0.009 0.004 0.012 0.072 0.781 
 642 G _   0.008 0.114 0.000 0.009 0.004 0.012 0.073 0.779 
 643 V _   0.008 0.116 0.001 0.010 0.004 0.013 0.073 0.775 
 644 S _   0.009 0.119 0.001 0.011 0.005 0.014 0.074 0.768 
 645 E _   0.010 0.123 0.001 0.012 0.006 0.016 0.074 0.758 
 646 E _   0.012 0.130 0.001 0.014 0.007 0.017 0.075 0.744 
 647 A _   0.013 0.139 0.001 0.017 0.009 0.019 0.075 0.727 
 648 K _   0.014 0.150 0.001 0.021 0.010 0.020 0.076 0.707 
 649 E _   0.015 0.160 0.001 0.026 0.012 0.021 0.077 0.687 
 650 L _   0.016 0.170 0.001 0.031 0.013 0.022 0.078 0.669 
 651 V _   0.017 0.176 0.001 0.035 0.014 0.022 0.080 0.655 
 652 R _   0.017 0.179 0.001 0.038 0.014 0.021 0.082 0.647 
 653 G _   0.017 0.177 0.001 0.038 0.013 0.020 0.086 0.647 
 654 L _   0.016 0.170 0.001 0.036 0.012 0.018 0.090 0.656 
 655 L _   0.015 0.158 0.001 0.031 0.010 0.017 0.094 0.672 
 656 T _   0.014 0.141 0.001 0.025 0.009 0.015 0.100 0.696 
 657 V _   0.012 0.120 0.001 0.019 0.007 0.013 0.105 0.723 
 658 D _   0.011 0.101 0.001 0.013 0.005 0.011 0.110 0.748 
 659 P _   0.010 0.085 0.000 0.009 0.004 0.010 0.114 0.767 
 660 A _   0.008 0.076 0.000 0.007 0.003 0.009 0.118 0.779 
 661 K _   0.008 0.071 0.000 0.006 0.002 0.009 0.121 0.784 
 662 R _   0.007 0.070 0.000 0.006 0.002 0.009 0.123 0.784 
 663 L _   0.007 0.071 0.000 0.007 0.003 0.009 0.125 0.779 
