#TopoPred_TM8: 8-state transmembrane topology prediction results by no_profile mode 
#probabilities are in the order of H E C I L F X _, the 8 transmembrane topology types used in PDBTM 
   1 M X   0.009 0.001 0.002 0.037 0.007 0.007 0.813 0.124 
   2 V X   0.003 0.001 0.000 0.019 0.001 0.003 0.834 0.139 
   3 Q X   0.001 0.001 0.000 0.010 0.000 0.002 0.839 0.147 
   4 K X   0.001 0.001 0.000 0.007 0.000 0.002 0.837 0.151 
   5 K X   0.001 0.003 0.000 0.008 0.001 0.003 0.833 0.152 
   6 P X   0.001 0.005 0.000 0.009 0.001 0.005 0.825 0.153 
   7 A X   0.002 0.010 0.000 0.012 0.002 0.006 0.815 0.152 
   8 E X   0.003 0.018 0.000 0.016 0.003 0.007 0.803 0.151 
   9 L X   0.003 0.026 0.000 0.019 0.003 0.008 0.791 0.150 
  10 Q X   0.003 0.034 0.000 0.022 0.004 0.008 0.779 0.151 
  11 G X   0.002 0.039 0.000 0.022 0.004 0.008 0.769 0.155 
  12 F X   0.002 0.043 0.000 0.021 0.004 0.007 0.761 0.162 
  13 H X   0.002 0.045 0.000 0.018 0.003 0.007 0.755 0.170 
  14 R X   0.002 0.045 0.000 0.015 0.003 0.006 0.751 0.178 
  15 S X   0.002 0.045 0.000 0.011 0.002 0.006 0.747 0.185 
  16 F X   0.002 0.045 0.000 0.009 0.002 0.006 0.744 0.192 
  17 K X   0.002 0.045 0.000 0.008 0.002 0.005 0.741 0.196 
  18 G X   0.002 0.046 0.000 0.007 0.002 0.006 0.738 0.198 
  19 Q X   0.002 0.048 0.000 0.008 0.002 0.006 0.735 0.198 
  20 N X   0.003 0.051 0.000 0.010 0.003 0.006 0.731 0.196 
  21 P X   0.003 0.054 0.000 0.013 0.003 0.007 0.726 0.193 
  22 F X   0.003 0.057 0.000 0.017 0.004 0.007 0.723 0.189 
  23 E X   0.003 0.060 0.000 0.020 0.004 0.007 0.720 0.186 
  24 L X   0.003 0.060 0.000 0.022 0.005 0.007 0.719 0.184 
  25 A X   0.003 0.060 0.000 0.022 0.005 0.007 0.718 0.185 
  26 F X   0.003 0.057 0.000 0.021 0.004 0.006 0.720 0.189 
  27 S X   0.003 0.051 0.000 0.018 0.004 0.005 0.722 0.196 
  28 L X   0.003 0.043 0.000 0.014 0.003 0.005 0.726 0.206 
  29 D X   0.003 0.033 0.000 0.010 0.002 0.004 0.730 0.217 
  30 Q X   0.002 0.023 0.000 0.007 0.002 0.003 0.735 0.228 
  31 P X   0.002 0.016 0.000 0.004 0.001 0.003 0.738 0.236 
  32 D X   0.002 0.011 0.000 0.003 0.001 0.002 0.740 0.241 
  33 H X   0.002 0.008 0.000 0.002 0.001 0.002 0.741 0.244 
  34 G X   0.001 0.007 0.000 0.002 0.001 0.002 0.741 0.245 
  35 D X   0.001 0.007 0.000 0.002 0.001 0.002 0.741 0.246 
  36 S X   0.002 0.007 0.000 0.003 0.001 0.003 0.739 0.246 
  37 D X   0.002 0.008 0.000 0.005 0.001 0.003 0.737 0.245 
  38 F X   0.002 0.009 0.000 0.007 0.001 0.004 0.734 0.244 
  39 G X   0.002 0.010 0.000 0.009 0.002 0.004 0.731 0.243 
  40 L X   0.002 0.011 0.000 0.011 0.002 0.005 0.727 0.242 
  41 Q X   0.002 0.011 0.000 0.012 0.002 0.005 0.725 0.242 
  42 C X   0.002 0.012 0.000 0.012 0.002 0.005 0.723 0.244 
  43 S X   0.002 0.011 0.000 0.012 0.002 0.005 0.722 0.246 
  44 A X   0.002 0.011 0.000 0.011 0.002 0.004 0.721 0.249 
  45 R X   0.002 0.010 0.000 0.009 0.002 0.004 0.722 0.252 
  46 P X   0.002 0.009 0.000 0.008 0.002 0.004 0.722 0.255 
  47 D X   0.002 0.007 0.000 0.006 0.001 0.003 0.723 0.257 
  48 M X   0.002 0.006 0.000 0.005 0.001 0.003 0.723 0.259 
  49 P X   0.002 0.005 0.000 0.005 0.001 0.003 0.724 0.260 
  50 A X   0.002 0.005 0.000 0.004 0.001 0.003 0.724 0.261 
  51 S X   0.002 0.004 0.000 0.004 0.001 0.003 0.724 0.262 
  52 Q X   0.002 0.004 0.000 0.004 0.001 0.003 0.723 0.263 
  53 P X   0.002 0.003 0.000 0.004 0.001 0.003 0.722 0.264 
  54 I X   0.002 0.003 0.000 0.004 0.001 0.003 0.721 0.266 
  55 D X   0.002 0.002 0.000 0.004 0.001 0.003 0.719 0.268 
  56 I X   0.002 0.002 0.000 0.004 0.001 0.003 0.716 0.271 
  57 P X   0.002 0.002 0.000 0.004 0.001 0.003 0.713 0.275 
  58 D X   0.002 0.002 0.000 0.004 0.001 0.003 0.709 0.280 
  59 A X   0.002 0.002 0.000 0.003 0.001 0.003 0.704 0.286 
  60 K X   0.002 0.002 0.000 0.003 0.001 0.003 0.697 0.292 
  61 K X   0.002 0.002 0.000 0.003 0.001 0.003 0.689 0.300 
  62 R X   0.002 0.002 0.000 0.003 0.001 0.003 0.679 0.309 
  63 G X   0.002 0.002 0.000 0.004 0.001 0.003 0.668 0.320 
  64 K X   0.002 0.003 0.000 0.004 0.001 0.004 0.654 0.331 
  65 K X   0.002 0.004 0.000 0.005 0.001 0.004 0.638 0.344 
  66 K X   0.002 0.006 0.000 0.007 0.002 0.005 0.620 0.358 
  67 K X   0.003 0.008 0.000 0.009 0.002 0.006 0.598 0.373 
  68 R X   0.003 0.012 0.000 0.011 0.003 0.007 0.575 0.389 
  69 G X   0.003 0.016 0.000 0.013 0.003 0.008 0.551 0.406 
  70 R X   0.003 0.021 0.001 0.015 0.004 0.009 0.525 0.422 
  71 A X   0.003 0.027 0.001 0.018 0.004 0.010 0.499 0.438 
  72 T X   0.004 0.033 0.001 0.019 0.005 0.011 0.473 0.454 
  73 D _   0.004 0.039 0.001 0.021 0.005 0.012 0.449 0.469 
  74 S _   0.004 0.044 0.001 0.023 0.006 0.013 0.425 0.483 
  75 F _   0.005 0.050 0.001 0.025 0.007 0.014 0.403 0.497 
  76 S _   0.005 0.055 0.001 0.027 0.007 0.015 0.381 0.508 
  77 G _   0.005 0.060 0.001 0.030 0.008 0.016 0.362 0.518 
  78 R _   0.006 0.064 0.001 0.032 0.009 0.017 0.343 0.528 
  79 F _   0.006 0.067 0.001 0.034 0.009 0.018 0.327 0.538 
  80 E _   0.007 0.068 0.001 0.036 0.010 0.018 0.312 0.549 
  81 D _   0.007 0.068 0.001 0.036 0.010 0.018 0.299 0.561 
  82 V _   0.007 0.066 0.001 0.035 0.010 0.017 0.288 0.576 
  83 Y _   0.007 0.062 0.001 0.032 0.009 0.017 0.278 0.594 
  84 Q _   0.008 0.056 0.001 0.028 0.009 0.016 0.269 0.614 
  85 L _   0.008 0.048 0.001 0.023 0.008 0.016 0.261 0.635 
  86 Q _   0.008 0.039 0.001 0.019 0.007 0.015 0.254 0.656 
  87 E _   0.008 0.030 0.001 0.015 0.006 0.015 0.248 0.676 
  88 D _   0.009 0.022 0.001 0.012 0.005 0.015 0.241 0.694 
  89 V _   0.010 0.016 0.001 0.010 0.005 0.016 0.235 0.708 
  90 L _   0.011 0.011 0.001 0.008 0.005 0.017 0.228 0.719 
  91 G _   0.014 0.008 0.001 0.007 0.005 0.019 0.221 0.725 
  92 E _   0.018 0.006 0.001 0.007 0.006 0.021 0.214 0.728 
  93 G _   0.023 0.005 0.001 0.007 0.007 0.024 0.207 0.727 
  94 A _   0.029 0.004 0.001 0.007 0.009 0.028 0.199 0.723 
  95 H _   0.037 0.004 0.001 0.008 0.011 0.032 0.191 0.716 
  96 A _   0.047 0.004 0.001 0.009 0.014 0.037 0.183 0.706 
  97 R _   0.057 0.004 0.001 0.010 0.018 0.041 0.176 0.694 
  98 V _   0.068 0.005 0.001 0.011 0.021 0.045 0.169 0.680 
  99 Q _   0.077 0.006 0.002 0.013 0.025 0.047 0.162 0.668 
 100 T _   0.085 0.006 0.002 0.015 0.028 0.049 0.156 0.659 
 101 C _   0.091 0.007 0.002 0.016 0.029 0.049 0.152 0.654 
 102 I _   0.094 0.008 0.002 0.017 0.029 0.048 0.147 0.654 
 103 N _   0.095 0.008 0.002 0.018 0.028 0.047 0.144 0.659 
 104 L _   0.094 0.008 0.002 0.017 0.026 0.044 0.141 0.668 
 105 I _   0.091 0.007 0.002 0.016 0.024 0.041 0.138 0.682 
 106 T _   0.084 0.006 0.001 0.014 0.021 0.038 0.136 0.699 
 107 S _   0.077 0.005 0.001 0.012 0.018 0.034 0.134 0.718 
 108 Q _   0.068 0.004 0.001 0.011 0.015 0.031 0.133 0.737 
 109 E _   0.059 0.003 0.001 0.010 0.012 0.028 0.132 0.755 
 110 Y _   0.050 0.003 0.001 0.009 0.010 0.025 0.130 0.772 
 111 A _   0.042 0.002 0.001 0.009 0.008 0.022 0.129 0.787 
 112 V _   0.035 0.002 0.001 0.008 0.007 0.020 0.128 0.800 
 113 K _   0.029 0.002 0.001 0.008 0.006 0.018 0.126 0.811 
 114 I _   0.024 0.002 0.001 0.007 0.005 0.017 0.124 0.820 
 115 I _   0.020 0.001 0.001 0.007 0.005 0.015 0.122 0.828 
 116 E _   0.018 0.001 0.001 0.006 0.004 0.015 0.120 0.835 
 117 K _   0.016 0.001 0.000 0.005 0.004 0.015 0.118 0.840 
 118 Q _   0.015 0.002 0.000 0.005 0.004 0.015 0.115 0.844 
 119 P _   0.015 0.002 0.000 0.005 0.004 0.017 0.112 0.844 
 120 G _   0.017 0.003 0.001 0.005 0.005 0.019 0.109 0.842 
 121 H _   0.019 0.004 0.001 0.006 0.006 0.022 0.106 0.835 
 122 I _   0.023 0.007 0.001 0.008 0.009 0.027 0.102 0.823 
 123 R _   0.028 0.013 0.001 0.011 0.012 0.032 0.098 0.805 
 124 S _   0.033 0.020 0.001 0.016 0.017 0.037 0.094 0.781 
 125 R _   0.038 0.030 0.002 0.023 0.022 0.041 0.090 0.755 
 126 V _   0.041 0.040 0.002 0.030 0.027 0.045 0.086 0.729 
 127 F _   0.043 0.049 0.002 0.037 0.030 0.046 0.083 0.709 
 128 R _   0.045 0.054 0.002 0.042 0.032 0.047 0.080 0.697 
 129 E _   0.046 0.057 0.002 0.045 0.032 0.046 0.078 0.694 
 130 V _   0.045 0.057 0.002 0.045 0.030 0.044 0.077 0.700 
 131 E _   0.044 0.054 0.002 0.041 0.027 0.041 0.076 0.715 
 132 M _   0.042 0.047 0.002 0.034 0.022 0.038 0.076 0.740 
 133 L _   0.040 0.037 0.001 0.025 0.017 0.034 0.075 0.770 
 134 Y _   0.037 0.025 0.001 0.017 0.013 0.031 0.075 0.800 
 135 Q _   0.034 0.015 0.001 0.010 0.009 0.029 0.075 0.826 
 136 C _   0.032 0.009 0.001 0.006 0.007 0.027 0.074 0.844 
 137 Q _   0.032 0.006 0.001 0.004 0.006 0.027 0.073 0.852 
 138 G _   0.033 0.005 0.001 0.004 0.006 0.028 0.072 0.852 
 139 H _   0.036 0.006 0.001 0.004 0.007 0.030 0.071 0.844 
 140 R _   0.041 0.008 0.001 0.007 0.010 0.033 0.070 0.829 
 141 N _   0.047 0.014 0.001 0.012 0.015 0.037 0.069 0.806 
 142 V _   0.052 0.023 0.002 0.020 0.020 0.040 0.067 0.776 
 143 L _   0.055 0.033 0.002 0.029 0.025 0.042 0.066 0.749 
 144 E _   0.056 0.040 0.002 0.037 0.027 0.042 0.065 0.730 
 145 L _   0.056 0.044 0.002 0.042 0.028 0.041 0.064 0.723 
 146 I _   0.054 0.045 0.002 0.042 0.027 0.039 0.064 0.728 
 147 E _   0.050 0.043 0.002 0.038 0.024 0.035 0.065 0.744 
 148 F _   0.045 0.038 0.002 0.030 0.019 0.032 0.065 0.769 
 149 F _   0.039 0.030 0.001 0.022 0.015 0.028 0.066 0.799 
 150 E _   0.033 0.022 0.001 0.015 0.011 0.024 0.067 0.828 
 151 E _   0.028 0.015 0.001 0.009 0.007 0.021 0.067 0.851 
 152 E _   0.023 0.011 0.001 0.006 0.006 0.019 0.068 0.866 
 153 D _   0.020 0.009 0.000 0.005 0.004 0.018 0.068 0.875 
 154 R _   0.018 0.009 0.000 0.005 0.004 0.017 0.068 0.878 
 155 F _   0.018 0.010 0.001 0.006 0.005 0.017 0.068 0.877 
 156 Y _   0.018 0.012 0.001 0.008 0.006 0.018 0.067 0.871 
 157 L _   0.018 0.016 0.001 0.011 0.007 0.019 0.067 0.862 
 158 V _   0.019 0.021 0.001 0.014 0.008 0.020 0.066 0.851 
 159 F _   0.019 0.026 0.001 0.018 0.010 0.021 0.065 0.840 
 160 E _   0.018 0.031 0.001 0.021 0.011 0.022 0.065 0.831 
 161 K _   0.018 0.035 0.001 0.022 0.012 0.022 0.064 0.825 
 162 M _   0.018 0.038 0.001 0.024 0.012 0.022 0.064 0.821 
 163 R _   0.018 0.040 0.001 0.024 0.012 0.022 0.064 0.818 
 164 G _   0.017 0.041 0.001 0.025 0.012 0.022 0.064 0.817 
 165 G _   0.017 0.041 0.001 0.025 0.012 0.021 0.065 0.818 
 166 S _   0.017 0.040 0.001 0.025 0.011 0.021 0.065 0.820 
 167 I _   0.016 0.038 0.001 0.025 0.011 0.020 0.066 0.822 
 168 L _   0.016 0.035 0.001 0.024 0.010 0.018 0.067 0.828 
 169 S _   0.015 0.031 0.001 0.021 0.009 0.017 0.069 0.838 
 170 H _   0.014 0.025 0.001 0.018 0.007 0.016 0.070 0.849 
 171 I _   0.013 0.019 0.001 0.014 0.006 0.014 0.071 0.862 
 172 H _   0.012 0.013 0.001 0.010 0.005 0.013 0.072 0.874 
 173 K _   0.012 0.007 0.000 0.007 0.004 0.013 0.073 0.883 
 174 R _   0.012 0.004 0.000 0.005 0.003 0.013 0.074 0.890 
 175 R _   0.013 0.002 0.000 0.003 0.003 0.013 0.074 0.891 
 176 H _   0.016 0.001 0.000 0.003 0.003 0.015 0.074 0.888 
 177 F _   0.021 0.001 0.000 0.003 0.004 0.018 0.074 0.880 
 178 N _   0.028 0.001 0.001 0.003 0.005 0.022 0.073 0.865 
 179 E _   0.039 0.002 0.001 0.005 0.008 0.028 0.073 0.844 
 180 L _   0.052 0.005 0.001 0.007 0.013 0.035 0.072 0.815 
 181 E _   0.067 0.010 0.001 0.011 0.019 0.042 0.071 0.778 
 182 A _   0.080 0.018 0.002 0.016 0.027 0.049 0.070 0.739 
 183 S _   0.092 0.026 0.002 0.021 0.033 0.054 0.070 0.702 
 184 V _   0.101 0.035 0.002 0.026 0.039 0.057 0.070 0.670 
 185 V _   0.107 0.042 0.002 0.031 0.042 0.058 0.070 0.648 
 186 V _   0.110 0.047 0.002 0.033 0.043 0.057 0.071 0.637 
 187 Q _   0.109 0.049 0.002 0.034 0.042 0.055 0.073 0.637 
 188 D _   0.105 0.049 0.002 0.033 0.039 0.052 0.075 0.646 
 189 V _   0.098 0.047 0.002 0.031 0.034 0.048 0.077 0.664 
 190 A _   0.088 0.043 0.002 0.027 0.028 0.043 0.080 0.688 
 191 S _   0.077 0.038 0.002 0.023 0.022 0.038 0.083 0.717 
 192 A _   0.066 0.032 0.001 0.020 0.017 0.033 0.086 0.745 
 193 L _   0.055 0.027 0.001 0.017 0.013 0.028 0.089 0.771 
 194 D _   0.044 0.021 0.001 0.014 0.010 0.023 0.092 0.794 
 195 F _   0.035 0.017 0.001 0.012 0.007 0.020 0.095 0.812 
 196 L _   0.028 0.014 0.001 0.011 0.006 0.017 0.098 0.827 
 197 H _   0.022 0.011 0.001 0.010 0.005 0.014 0.100 0.838 
 198 N _   0.017 0.009 0.001 0.009 0.004 0.012 0.102 0.846 
 199 K _   0.014 0.007 0.000 0.009 0.003 0.010 0.103 0.852 
 200 G _   0.012 0.006 0.000 0.008 0.003 0.009 0.105 0.858 
 201 I _   0.010 0.005 0.000 0.007 0.003 0.008 0.106 0.862 
 202 A _   0.009 0.004 0.000 0.006 0.002 0.007 0.106 0.866 
 203 H _   0.008 0.003 0.000 0.005 0.002 0.007 0.107 0.868 
 204 R _   0.007 0.003 0.000 0.005 0.002 0.006 0.107 0.870 
 205 D _   0.006 0.003 0.000 0.005 0.002 0.006 0.106 0.871 
 206 L _   0.006 0.004 0.000 0.005 0.002 0.006 0.106 0.871 
 207 K _   0.006 0.004 0.000 0.006 0.002 0.007 0.105 0.869 
 208 P _   0.006 0.006 0.000 0.008 0.003 0.007 0.104 0.867 
 209 E _   0.006 0.007 0.000 0.009 0.003 0.008 0.102 0.863 
 210 N _   0.007 0.009 0.000 0.011 0.003 0.008 0.101 0.860 
 211 I _   0.007 0.011 0.000 0.012 0.004 0.009 0.099 0.858 
 212 L _   0.007 0.013 0.000 0.012 0.004 0.009 0.098 0.858 
 213 C _   0.006 0.014 0.000 0.012 0.004 0.009 0.096 0.858 
 214 E _   0.006 0.015 0.000 0.011 0.004 0.009 0.095 0.860 
 215 H _   0.006 0.017 0.000 0.010 0.003 0.008 0.093 0.862 
 216 P _   0.006 0.018 0.000 0.009 0.003 0.009 0.091 0.864 
 217 N _   0.006 0.020 0.000 0.008 0.003 0.009 0.089 0.864 
 218 Q _   0.006 0.023 0.000 0.008 0.003 0.009 0.087 0.863 
 219 V _   0.007 0.027 0.000 0.009 0.004 0.010 0.085 0.858 
 220 S _   0.007 0.034 0.001 0.011 0.004 0.012 0.082 0.849 
 221 P _   0.008 0.044 0.001 0.015 0.006 0.013 0.079 0.836 
 222 V _   0.008 0.057 0.001 0.019 0.007 0.014 0.076 0.819 
 223 K _   0.008 0.071 0.001 0.025 0.008 0.015 0.072 0.800 
 224 I _   0.008 0.084 0.001 0.030 0.009 0.016 0.069 0.783 
 225 C _   0.008 0.096 0.001 0.034 0.010 0.016 0.066 0.769 
 226 D _   0.008 0.104 0.001 0.037 0.010 0.016 0.064 0.760 
 227 F _   0.008 0.109 0.001 0.039 0.010 0.016 0.062 0.756 
 228 D _   0.008 0.111 0.001 0.039 0.010 0.015 0.061 0.756 
 229 L _   0.008 0.111 0.001 0.038 0.009 0.015 0.060 0.759 
 230 G _   0.007 0.108 0.001 0.036 0.009 0.014 0.059 0.766 
 231 S _   0.008 0.103 0.001 0.032 0.008 0.013 0.059 0.778 
 232 G _   0.008 0.095 0.001 0.027 0.007 0.012 0.059 0.792 
 233 I _   0.007 0.085 0.001 0.022 0.006 0.010 0.059 0.809 
 234 K _   0.007 0.074 0.001 0.018 0.005 0.009 0.059 0.827 
 235 L _   0.007 0.062 0.001 0.013 0.004 0.008 0.059 0.846 
 236 N _   0.006 0.053 0.000 0.010 0.003 0.008 0.059 0.861 
 237 G _   0.006 0.046 0.000 0.007 0.002 0.007 0.059 0.872 
 238 D _   0.005 0.041 0.000 0.006 0.002 0.007 0.058 0.880 
 239 C _   0.005 0.040 0.000 0.005 0.002 0.007 0.057 0.882 
 240 S _   0.006 0.040 0.000 0.006 0.002 0.008 0.056 0.882 
 241 P _   0.006 0.043 0.000 0.007 0.003 0.010 0.054 0.877 
 242 I _   0.007 0.048 0.000 0.010 0.004 0.011 0.052 0.867 
 243 S _   0.007 0.057 0.001 0.014 0.005 0.013 0.050 0.853 
 244 T _   0.008 0.069 0.001 0.018 0.007 0.015 0.047 0.836 
 245 P _   0.008 0.082 0.001 0.023 0.008 0.016 0.045 0.817 
 246 E _   0.008 0.093 0.001 0.026 0.009 0.017 0.042 0.803 
 247 L _   0.008 0.102 0.001 0.028 0.009 0.018 0.040 0.794 
 248 L _   0.008 0.107 0.001 0.028 0.009 0.018 0.038 0.790 
 249 T _   0.009 0.110 0.001 0.026 0.009 0.018 0.036 0.791 
 250 P _   0.009 0.111 0.001 0.023 0.009 0.019 0.035 0.793 
 251 C _   0.010 0.111 0.001 0.020 0.009 0.019 0.033 0.796 
 252 G _   0.011 0.111 0.001 0.018 0.008 0.020 0.032 0.799 
 253 S _   0.012 0.111 0.001 0.016 0.008 0.021 0.031 0.800 
 254 A _   0.014 0.111 0.001 0.015 0.009 0.023 0.030 0.798 
 255 E _   0.015 0.113 0.001 0.015 0.010 0.024 0.029 0.793 
 256 Y _   0.017 0.115 0.001 0.016 0.011 0.026 0.028 0.786 
 257 M _   0.019 0.119 0.001 0.018 0.012 0.027 0.027 0.777 
 258 A _   0.021 0.123 0.001 0.020 0.013 0.029 0.026 0.766 
 259 P _   0.023 0.128 0.001 0.023 0.015 0.030 0.024 0.755 
 260 E _   0.024 0.132 0.001 0.026 0.016 0.030 0.023 0.746 
 261 V _   0.025 0.135 0.001 0.029 0.017 0.030 0.022 0.740 
 262 V _   0.026 0.136 0.001 0.032 0.017 0.030 0.022 0.736 
 263 E _   0.026 0.135 0.001 0.034 0.018 0.029 0.021 0.736 
 264 A _   0.026 0.131 0.001 0.035 0.017 0.027 0.020 0.742 
 265 F _   0.025 0.123 0.001 0.034 0.016 0.025 0.020 0.755 
 266 S _   0.024 0.110 0.001 0.032 0.014 0.023 0.020 0.774 
 267 E _   0.024 0.093 0.001 0.028 0.012 0.021 0.020 0.801 
 268 E _   0.024 0.071 0.001 0.023 0.010 0.018 0.020 0.833 
 269 A _   0.025 0.046 0.001 0.017 0.008 0.015 0.020 0.868 
 270 S _   0.028 0.025 0.001 0.011 0.006 0.013 0.019 0.898 
 271 I _   0.033 0.010 0.001 0.006 0.004 0.011 0.019 0.918 
 272 Y _   0.040 0.003 0.000 0.003 0.003 0.009 0.018 0.924 
 273 D _   0.054 0.001 0.000 0.002 0.002 0.008 0.017 0.916 
 274 K _   0.081 0.000 0.000 0.001 0.002 0.008 0.015 0.892 
 275 R _   0.130 0.000 0.000 0.001 0.003 0.009 0.013 0.843 
 276 C _   0.214 0.000 0.001 0.001 0.005 0.010 0.011 0.759 
 277 D _   0.334 0.000 0.001 0.001 0.007 0.012 0.009 0.637 
 278 L _   0.479 0.000 0.001 0.001 0.010 0.014 0.006 0.489 
 279 W H   0.620 0.000 0.001 0.001 0.014 0.015 0.004 0.344 
 280 S H   0.729 0.000 0.001 0.001 0.017 0.015 0.003 0.233 
 281 L H   0.801 0.000 0.001 0.001 0.019 0.015 0.003 0.160 
 282 G H   0.845 0.000 0.001 0.001 0.020 0.014 0.002 0.116 
 283 V H   0.870 0.000 0.001 0.001 0.021 0.012 0.002 0.092 
 284 I H   0.880 0.000 0.001 0.001 0.021 0.011 0.002 0.083 
 285 L H   0.877 0.000 0.001 0.001 0.022 0.011 0.003 0.086 
 286 Y H   0.861 0.000 0.001 0.001 0.022 0.011 0.003 0.101 
 287 I H   0.830 0.000 0.001 0.001 0.022 0.011 0.004 0.131 
 288 L H   0.777 0.000 0.002 0.001 0.021 0.011 0.005 0.182 
 289 L H   0.702 0.000 0.002 0.002 0.019 0.012 0.008 0.256 
 290 S H   0.606 0.000 0.002 0.002 0.017 0.013 0.011 0.350 
 291 G H   0.504 0.000 0.001 0.002 0.014 0.014 0.015 0.450 
 292 Y _   0.405 0.000 0.001 0.003 0.012 0.014 0.020 0.545 
 293 P _   0.314 0.000 0.001 0.004 0.011 0.015 0.025 0.630 
 294 P _   0.236 0.000 0.001 0.006 0.010 0.015 0.030 0.702 
 295 F _   0.171 0.001 0.001 0.009 0.009 0.015 0.035 0.759 
 296 V _   0.120 0.001 0.001 0.011 0.008 0.015 0.039 0.805 
 297 G _   0.081 0.002 0.001 0.012 0.007 0.013 0.044 0.841 
 298 R _   0.053 0.002 0.001 0.011 0.006 0.012 0.047 0.868 
 299 C _   0.034 0.002 0.001 0.010 0.004 0.010 0.050 0.888 
 300 G _   0.022 0.003 0.000 0.009 0.003 0.009 0.052 0.902 
 301 S _   0.014 0.003 0.000 0.007 0.003 0.008 0.054 0.911 
 302 D _   0.010 0.003 0.000 0.006 0.002 0.007 0.055 0.916 
 303 C _   0.007 0.004 0.000 0.005 0.002 0.007 0.056 0.919 
 304 G _   0.006 0.005 0.000 0.005 0.002 0.007 0.057 0.918 
 305 W _   0.006 0.008 0.000 0.005 0.002 0.008 0.057 0.914 
 306 D _   0.006 0.012 0.000 0.006 0.003 0.009 0.057 0.906 
 307 R _   0.007 0.021 0.000 0.008 0.003 0.011 0.057 0.892 
 308 G _   0.008 0.037 0.001 0.012 0.005 0.014 0.056 0.867 
 309 E _   0.009 0.063 0.001 0.016 0.007 0.017 0.055 0.831 
 310 A _   0.010 0.100 0.001 0.022 0.010 0.020 0.053 0.783 
 311 C _   0.012 0.145 0.001 0.028 0.013 0.023 0.051 0.727 
 312 P _   0.013 0.195 0.002 0.034 0.015 0.025 0.050 0.667 
 313 A _   0.013 0.241 0.002 0.040 0.017 0.027 0.048 0.613 
 314 C _   0.014 0.279 0.002 0.045 0.019 0.027 0.047 0.568 
 315 Q _   0.014 0.306 0.002 0.050 0.020 0.028 0.047 0.534 
 316 N _   0.014 0.324 0.001 0.054 0.020 0.027 0.047 0.512 
 317 M _   0.015 0.334 0.001 0.057 0.020 0.027 0.048 0.499 
 318 L _   0.015 0.337 0.001 0.058 0.019 0.025 0.049 0.496 
 319 F _   0.015 0.333 0.001 0.057 0.018 0.024 0.051 0.501 
 320 E _   0.014 0.323 0.001 0.054 0.017 0.022 0.053 0.516 
 321 S _   0.014 0.303 0.001 0.049 0.015 0.020 0.056 0.541 
 322 I _   0.014 0.272 0.001 0.043 0.013 0.019 0.060 0.578 
 323 Q _   0.014 0.229 0.001 0.036 0.011 0.017 0.065 0.626 
 324 E _   0.014 0.178 0.001 0.029 0.010 0.015 0.070 0.683 
 325 G _   0.013 0.125 0.001 0.022 0.008 0.014 0.076 0.741 
 326 K _   0.012 0.080 0.001 0.015 0.006 0.012 0.080 0.793 
 327 Y _   0.010 0.048 0.001 0.010 0.004 0.010 0.084 0.833 
 328 E _   0.008 0.029 0.000 0.006 0.003 0.009 0.086 0.858 
 329 F _   0.007 0.019 0.000 0.004 0.002 0.008 0.088 0.871 
 330 P _   0.006 0.015 0.000 0.003 0.002 0.009 0.089 0.876 
 331 D _   0.007 0.015 0.000 0.003 0.002 0.010 0.089 0.875 
 332 K _   0.008 0.016 0.000 0.004 0.002 0.012 0.088 0.869 
 333 D _   0.010 0.019 0.000 0.006 0.004 0.016 0.088 0.856 
 334 W _   0.014 0.029 0.001 0.011 0.007 0.020 0.087 0.833 
 335 A _   0.016 0.046 0.001 0.017 0.010 0.025 0.085 0.799 
 336 H _   0.019 0.066 0.001 0.026 0.014 0.029 0.083 0.762 
 337 I _   0.021 0.085 0.001 0.034 0.017 0.033 0.082 0.727 
 338 S _   0.023 0.099 0.002 0.039 0.020 0.035 0.080 0.702 
 339 C _   0.024 0.108 0.002 0.042 0.021 0.036 0.080 0.688 
 340 A _   0.026 0.112 0.002 0.041 0.022 0.036 0.080 0.682 
 341 A _   0.027 0.112 0.002 0.039 0.022 0.036 0.080 0.683 
 342 K _   0.028 0.109 0.001 0.034 0.021 0.035 0.081 0.690 
 343 D _   0.029 0.104 0.001 0.030 0.020 0.034 0.082 0.699 
 344 L _   0.029 0.097 0.001 0.027 0.018 0.033 0.084 0.711 
 345 I _   0.030 0.089 0.001 0.024 0.016 0.031 0.086 0.722 
 346 S _   0.030 0.081 0.001 0.022 0.015 0.029 0.089 0.734 
 347 K _   0.029 0.072 0.001 0.020 0.013 0.027 0.091 0.746 
 348 L _   0.028 0.063 0.001 0.019 0.011 0.025 0.094 0.759 
 349 L _   0.025 0.053 0.001 0.017 0.010 0.022 0.097 0.774 
 350 V _   0.023 0.043 0.001 0.015 0.008 0.020 0.100 0.790 
 351 R _   0.021 0.034 0.001 0.012 0.007 0.018 0.103 0.805 
 352 D _   0.018 0.026 0.001 0.010 0.006 0.016 0.105 0.819 
 353 A _   0.017 0.020 0.001 0.008 0.005 0.015 0.106 0.830 
 354 K _   0.015 0.016 0.000 0.006 0.004 0.014 0.108 0.837 
 355 Q _   0.014 0.014 0.000 0.005 0.004 0.013 0.109 0.840 
 356 R _   0.014 0.013 0.000 0.006 0.004 0.013 0.110 0.840 
 357 L _   0.014 0.013 0.000 0.007 0.004 0.014 0.111 0.837 
 358 S _   0.014 0.014 0.001 0.009 0.005 0.015 0.112 0.831 
 359 A _   0.015 0.016 0.001 0.012 0.006 0.016 0.113 0.822 
 360 A _   0.016 0.019 0.001 0.015 0.007 0.016 0.114 0.813 
 361 Q _   0.016 0.021 0.001 0.018 0.008 0.017 0.114 0.804 
 362 V _   0.016 0.023 0.001 0.021 0.009 0.017 0.116 0.798 
 363 L _   0.015 0.024 0.001 0.023 0.009 0.016 0.117 0.795 
 364 Q _   0.015 0.024 0.001 0.022 0.009 0.016 0.119 0.795 
 365 H _   0.014 0.023 0.001 0.021 0.008 0.015 0.121 0.797 
 366 P _   0.013 0.021 0.001 0.019 0.007 0.013 0.123 0.802 
 367 W _   0.012 0.019 0.001 0.016 0.006 0.012 0.126 0.808 
 368 V _   0.011 0.016 0.001 0.013 0.005 0.011 0.129 0.814 
 369 Q _   0.010 0.013 0.001 0.011 0.004 0.010 0.132 0.820 
 370 G _   0.009 0.010 0.000 0.008 0.004 0.009 0.134 0.825 
 371 C _   0.009 0.008 0.000 0.007 0.003 0.008 0.136 0.828 
 372 A _   0.008 0.007 0.000 0.006 0.003 0.008 0.138 0.830 
 373 P _   0.007 0.007 0.000 0.005 0.003 0.008 0.140 0.830 
 374 E _   0.007 0.007 0.000 0.005 0.003 0.008 0.141 0.829 
 375 N _   0.007 0.007 0.000 0.006 0.003 0.009 0.142 0.825 
 376 T _   0.008 0.009 0.000 0.008 0.004 0.010 0.143 0.819 
 377 L _   0.008 0.011 0.001 0.011 0.005 0.011 0.143 0.810 
 378 P _   0.009 0.013 0.001 0.015 0.006 0.013 0.144 0.799 
 379 T _   0.009 0.016 0.001 0.020 0.007 0.014 0.145 0.789 
 380 P _   0.009 0.018 0.001 0.024 0.008 0.014 0.146 0.780 
 381 M _   0.009 0.020 0.001 0.026 0.008 0.015 0.148 0.774 
 382 V _   0.009 0.020 0.001 0.025 0.008 0.015 0.150 0.773 
 383 L _   0.009 0.018 0.001 0.022 0.007 0.014 0.152 0.776 
 384 Q _   0.008 0.016 0.001 0.018 0.006 0.013 0.155 0.783 
 385 R _   0.008 0.013 0.001 0.013 0.005 0.013 0.157 0.790 
 386 N _   0.008 0.010 0.000 0.009 0.004 0.013 0.160 0.797 
 387 S _   0.009 0.007 0.000 0.006 0.003 0.013 0.161 0.800 
 388 C _   0.011 0.006 0.000 0.004 0.003 0.015 0.163 0.798 
 389 A _   0.015 0.006 0.000 0.003 0.003 0.018 0.164 0.791 
 390 K _   0.021 0.008 0.000 0.004 0.005 0.022 0.165 0.776 
 391 D _   0.030 0.012 0.001 0.006 0.009 0.029 0.165 0.749 
 392 L _   0.041 0.025 0.001 0.010 0.016 0.037 0.165 0.706 
 393 T _   0.052 0.052 0.002 0.017 0.025 0.044 0.165 0.643 
 394 S _   0.061 0.094 0.003 0.027 0.034 0.050 0.165 0.567 
 395 F _   0.066 0.138 0.003 0.038 0.040 0.052 0.166 0.496 
 396 A _   0.068 0.174 0.003 0.048 0.043 0.053 0.168 0.443 
 397 A _   0.069 0.197 0.002 0.056 0.043 0.051 0.172 0.411 
 398 E _   0.067 0.209 0.002 0.060 0.041 0.048 0.177 0.396 
 399 A _   0.064 0.212 0.002 0.060 0.038 0.044 0.184 0.396 
 400 I _   0.060 0.209 0.002 0.057 0.033 0.040 0.192 0.407 
 401 A _   0.054 0.198 0.002 0.051 0.028 0.035 0.203 0.429 
 402 M _   0.047 0.179 0.002 0.044 0.022 0.030 0.215 0.460 
 403 N _   0.040 0.151 0.002 0.036 0.017 0.026 0.230 0.499 
 404 R _   0.034 0.116 0.001 0.027 0.012 0.021 0.245 0.543 
 405 Q _   0.027 0.082 0.001 0.019 0.008 0.017 0.261 0.585 
 406 L _   0.021 0.056 0.001 0.013 0.005 0.013 0.274 0.617 
 407 A _   0.015 0.038 0.000 0.009 0.003 0.010 0.283 0.640 
 408 Q _   0.011 0.028 0.000 0.006 0.002 0.008 0.290 0.654 
 409 H _   0.008 0.023 0.000 0.004 0.002 0.006 0.295 0.661 
 410 D _   0.006 0.020 0.000 0.004 0.001 0.005 0.299 0.665 
 411 E _   0.005 0.019 0.000 0.003 0.001 0.005 0.301 0.665 
 412 D _   0.004 0.020 0.000 0.004 0.001 0.005 0.301 0.664 
 413 L _   0.004 0.021 0.000 0.004 0.001 0.005 0.301 0.662 
 414 A _   0.004 0.025 0.000 0.006 0.002 0.006 0.300 0.657 
 415 E _   0.004 0.031 0.000 0.007 0.002 0.007 0.298 0.651 
 416 E _   0.004 0.040 0.000 0.009 0.002 0.008 0.295 0.641 
 417 E _   0.004 0.053 0.000 0.011 0.003 0.009 0.291 0.629 
 418 A _   0.005 0.069 0.001 0.013 0.004 0.011 0.286 0.613 
 419 A _   0.005 0.089 0.001 0.015 0.005 0.012 0.280 0.593 
 420 G _   0.006 0.115 0.001 0.017 0.006 0.014 0.275 0.568 
 421 Q _   0.006 0.144 0.001 0.020 0.007 0.016 0.269 0.537 
 422 G _   0.007 0.180 0.001 0.023 0.009 0.018 0.263 0.499 
 423 Q _   0.008 0.221 0.001 0.027 0.011 0.020 0.257 0.456 
 424 P _   0.008 0.264 0.001 0.031 0.013 0.021 0.251 0.411 
 425 V _   0.009 0.306 0.001 0.035 0.014 0.022 0.247 0.366 
 426 L E   0.009 0.340 0.001 0.040 0.015 0.022 0.244 0.329 
 427 V E   0.009 0.365 0.001 0.044 0.015 0.021 0.243 0.302 
 428 R E   0.009 0.380 0.001 0.047 0.015 0.021 0.243 0.284 
 429 A E   0.009 0.386 0.001 0.049 0.015 0.020 0.244 0.275 
 430 T E   0.009 0.386 0.001 0.049 0.014 0.019 0.247 0.274 
 431 S E   0.009 0.379 0.001 0.047 0.014 0.017 0.252 0.281 
 432 R E   0.009 0.362 0.001 0.043 0.013 0.016 0.259 0.296 
 433 C E   0.010 0.334 0.001 0.038 0.012 0.015 0.269 0.322 
 434 L _   0.010 0.291 0.001 0.031 0.010 0.013 0.282 0.361 
 435 Q _   0.010 0.239 0.001 0.024 0.009 0.012 0.297 0.407 
 436 L _   0.010 0.187 0.001 0.017 0.007 0.011 0.313 0.454 
 437 S _   0.009 0.147 0.001 0.011 0.005 0.010 0.327 0.490 
 438 P _   0.007 0.123 0.000 0.007 0.003 0.009 0.337 0.512 
 439 P _   0.006 0.111 0.000 0.005 0.002 0.008 0.345 0.523 
 440 S _   0.006 0.105 0.000 0.004 0.002 0.007 0.350 0.525 
 441 Q _   0.005 0.104 0.000 0.005 0.002 0.008 0.354 0.522 
 442 S _   0.005 0.106 0.000 0.006 0.002 0.008 0.358 0.515 
 443 K _   0.005 0.112 0.000 0.007 0.003 0.009 0.360 0.504 
 444 L _   0.005 0.120 0.000 0.010 0.003 0.009 0.362 0.490 
 445 A _   0.005 0.131 0.000 0.012 0.004 0.010 0.364 0.474 
 446 Q _   0.005 0.142 0.001 0.014 0.004 0.011 0.366 0.459 
 447 R _   0.005 0.152 0.001 0.015 0.005 0.011 0.367 0.445 
 448 R _   0.005 0.161 0.001 0.015 0.005 0.011 0.369 0.434 
 449 Q _   0.005 0.168 0.001 0.015 0.005 0.012 0.372 0.423 
 450 R _   0.005 0.176 0.001 0.015 0.005 0.012 0.374 0.412 
 451 A _   0.006 0.183 0.001 0.015 0.006 0.013 0.377 0.400 
 452 S _   0.006 0.191 0.001 0.016 0.007 0.015 0.380 0.384 
 453 L X   0.008 0.201 0.001 0.018 0.008 0.016 0.384 0.366 
 454 S X   0.009 0.212 0.001 0.021 0.009 0.017 0.388 0.343 
 455 S X   0.010 0.223 0.001 0.025 0.010 0.018 0.393 0.320 
 456 A X   0.010 0.233 0.001 0.029 0.011 0.018 0.399 0.298 
 457 P X   0.010 0.239 0.001 0.032 0.012 0.017 0.406 0.283 
 458 V X   0.009 0.242 0.001 0.033 0.011 0.015 0.415 0.273 
 459 V X   0.008 0.242 0.001 0.033 0.010 0.013 0.425 0.268 
 460 L X   0.006 0.236 0.001 0.030 0.008 0.010 0.438 0.271 
 461 V X   0.004 0.222 0.001 0.025 0.005 0.007 0.453 0.282 
 462 G X   0.002 0.195 0.000 0.017 0.002 0.003 0.470 0.311 
 463 D X   0.001 0.160 0.000 0.011 0.001 0.001 0.478 0.348 
 464 H X   0.001 0.135 0.000 0.010 0.000 0.001 0.479 0.374 
 465 A X   0.003 0.123 0.001 0.016 0.004 0.004 0.470 0.378 
