#TopoPred_TM8: 8-state transmembrane topology prediction results by no_profile mode 
#probabilities are in the order of H E C I L F X _, the 8 transmembrane topology types used in PDBTM 
   1 M X   0.008 0.001 0.002 0.053 0.009 0.008 0.849 0.071 
   2 A X   0.003 0.000 0.000 0.033 0.002 0.004 0.878 0.079 
   3 Y X   0.001 0.000 0.000 0.019 0.001 0.003 0.888 0.087 
   4 S X   0.001 0.000 0.000 0.013 0.001 0.002 0.890 0.093 
   5 W X   0.001 0.000 0.000 0.009 0.001 0.002 0.888 0.099 
   6 Q X   0.001 0.000 0.000 0.006 0.001 0.002 0.885 0.105 
   7 T X   0.001 0.000 0.000 0.004 0.001 0.002 0.881 0.111 
   8 D X   0.001 0.000 0.000 0.003 0.001 0.002 0.875 0.117 
   9 P X   0.001 0.000 0.000 0.002 0.001 0.002 0.868 0.125 
  10 N X   0.001 0.001 0.000 0.002 0.001 0.002 0.858 0.134 
  11 P X   0.001 0.001 0.000 0.003 0.001 0.003 0.846 0.145 
  12 N X   0.001 0.002 0.000 0.004 0.001 0.004 0.831 0.157 
  13 E X   0.002 0.004 0.000 0.005 0.002 0.005 0.812 0.170 
  14 S X   0.002 0.008 0.000 0.008 0.002 0.007 0.788 0.184 
  15 H X   0.003 0.015 0.001 0.013 0.003 0.009 0.759 0.198 
  16 E X   0.003 0.026 0.001 0.019 0.005 0.011 0.724 0.210 
  17 K X   0.004 0.043 0.001 0.027 0.007 0.014 0.684 0.220 
  18 Q X   0.004 0.062 0.001 0.037 0.009 0.016 0.644 0.228 
  19 Y X   0.004 0.082 0.001 0.046 0.011 0.017 0.606 0.234 
  20 E X   0.004 0.097 0.001 0.053 0.012 0.018 0.574 0.240 
  21 H X   0.005 0.108 0.001 0.059 0.013 0.018 0.548 0.249 
  22 Q X   0.005 0.114 0.001 0.061 0.013 0.018 0.529 0.260 
  23 E X   0.005 0.116 0.001 0.059 0.012 0.017 0.514 0.275 
  24 F X   0.005 0.114 0.001 0.055 0.011 0.016 0.502 0.295 
  25 L X   0.006 0.109 0.001 0.046 0.010 0.015 0.493 0.321 
  26 F X   0.006 0.099 0.001 0.036 0.008 0.013 0.486 0.351 
  27 V X   0.006 0.085 0.001 0.026 0.006 0.012 0.479 0.386 
  28 N X   0.006 0.069 0.001 0.017 0.005 0.010 0.473 0.420 
  29 Q X   0.005 0.055 0.000 0.010 0.003 0.009 0.467 0.450 
  30 P _   0.005 0.045 0.000 0.006 0.002 0.009 0.460 0.472 
  31 H _   0.005 0.040 0.000 0.004 0.002 0.009 0.452 0.487 
  32 S _   0.005 0.039 0.000 0.004 0.002 0.010 0.443 0.496 
  33 S _   0.006 0.040 0.000 0.005 0.003 0.011 0.433 0.501 
  34 S _   0.007 0.045 0.001 0.007 0.005 0.014 0.421 0.500 
  35 Q _   0.009 0.057 0.001 0.012 0.007 0.017 0.405 0.491 
  36 V _   0.011 0.079 0.001 0.019 0.011 0.020 0.387 0.473 
  37 S _   0.012 0.107 0.001 0.027 0.014 0.022 0.367 0.449 
  38 L _   0.012 0.134 0.002 0.036 0.016 0.024 0.350 0.428 
  39 G _   0.012 0.154 0.002 0.042 0.017 0.024 0.335 0.414 
  40 F _   0.012 0.168 0.001 0.045 0.017 0.024 0.324 0.409 
  41 D _   0.012 0.174 0.001 0.047 0.017 0.023 0.315 0.410 
  42 Q _   0.012 0.177 0.001 0.045 0.016 0.022 0.308 0.418 
  43 I _   0.012 0.175 0.001 0.042 0.015 0.021 0.302 0.432 
  44 V _   0.011 0.170 0.001 0.037 0.013 0.019 0.298 0.451 
  45 D _   0.011 0.161 0.001 0.032 0.011 0.017 0.295 0.471 
  46 E _   0.010 0.150 0.001 0.027 0.010 0.016 0.293 0.493 
  47 I _   0.010 0.137 0.001 0.023 0.008 0.014 0.291 0.516 
  48 S _   0.010 0.123 0.001 0.019 0.007 0.013 0.290 0.538 
  49 G _   0.009 0.110 0.001 0.016 0.006 0.012 0.288 0.559 
  50 K _   0.008 0.098 0.001 0.013 0.005 0.010 0.287 0.578 
  51 I _   0.007 0.087 0.001 0.011 0.004 0.009 0.286 0.595 
  52 P _   0.007 0.079 0.000 0.009 0.003 0.009 0.284 0.609 
  53 H _   0.006 0.073 0.000 0.008 0.003 0.008 0.282 0.620 
  54 Y _   0.006 0.069 0.000 0.007 0.003 0.008 0.279 0.629 
  55 E _   0.005 0.067 0.000 0.006 0.002 0.008 0.276 0.635 
  56 S _   0.005 0.067 0.000 0.006 0.003 0.008 0.273 0.638 
  57 E _   0.005 0.068 0.000 0.007 0.003 0.009 0.269 0.638 
  58 I _   0.006 0.072 0.000 0.009 0.004 0.010 0.264 0.634 
  59 D _   0.006 0.079 0.001 0.013 0.005 0.011 0.259 0.626 
  60 E _   0.007 0.089 0.001 0.018 0.006 0.013 0.253 0.613 
  61 N _   0.007 0.100 0.001 0.024 0.007 0.014 0.248 0.599 
  62 T _   0.008 0.110 0.001 0.030 0.009 0.014 0.243 0.585 
  63 F _   0.008 0.117 0.001 0.035 0.009 0.015 0.239 0.576 
  64 F _   0.008 0.120 0.001 0.038 0.009 0.014 0.237 0.572 
  65 V _   0.008 0.121 0.001 0.038 0.009 0.014 0.235 0.575 
  66 P _   0.007 0.118 0.001 0.036 0.008 0.013 0.234 0.583 
  67 T _   0.007 0.111 0.001 0.031 0.007 0.012 0.234 0.597 
  68 A _   0.007 0.101 0.001 0.025 0.006 0.010 0.235 0.616 
  69 P _   0.006 0.087 0.001 0.019 0.005 0.009 0.236 0.638 
  70 K _   0.006 0.074 0.000 0.013 0.003 0.008 0.236 0.659 
  71 W _   0.005 0.064 0.000 0.009 0.003 0.007 0.237 0.676 
  72 D _   0.005 0.056 0.000 0.006 0.002 0.006 0.237 0.688 
  73 S _   0.004 0.053 0.000 0.005 0.002 0.006 0.235 0.695 
  74 T _   0.004 0.051 0.000 0.005 0.002 0.006 0.234 0.699 
  75 G _   0.004 0.052 0.000 0.005 0.002 0.006 0.231 0.699 
  76 H _   0.004 0.056 0.000 0.007 0.002 0.007 0.228 0.696 
  77 S _   0.005 0.064 0.000 0.009 0.003 0.009 0.223 0.687 
  78 L _   0.005 0.076 0.001 0.014 0.004 0.010 0.218 0.672 
  79 N _   0.005 0.093 0.001 0.019 0.006 0.012 0.212 0.652 
  80 E _   0.006 0.113 0.001 0.026 0.007 0.013 0.206 0.629 
  81 A _   0.006 0.130 0.001 0.032 0.008 0.014 0.201 0.609 
  82 H _   0.006 0.143 0.001 0.037 0.009 0.015 0.196 0.594 
  83 Q _   0.006 0.151 0.001 0.039 0.009 0.015 0.193 0.585 
  84 I _   0.006 0.155 0.001 0.040 0.010 0.015 0.191 0.583 
  85 S _   0.006 0.155 0.001 0.038 0.009 0.014 0.190 0.586 
  86 L _   0.007 0.151 0.001 0.035 0.009 0.014 0.190 0.595 
  87 N _   0.007 0.143 0.001 0.030 0.008 0.013 0.191 0.608 
  88 E _   0.007 0.133 0.001 0.024 0.007 0.012 0.192 0.624 
  89 F _   0.007 0.120 0.001 0.019 0.006 0.012 0.194 0.642 
  90 T _   0.007 0.106 0.001 0.015 0.005 0.011 0.196 0.659 
  91 S _   0.007 0.095 0.001 0.012 0.004 0.011 0.198 0.673 
  92 K _   0.007 0.087 0.000 0.010 0.004 0.011 0.199 0.682 
  93 S _   0.007 0.082 0.000 0.008 0.003 0.011 0.201 0.687 
  94 R _   0.007 0.080 0.000 0.008 0.003 0.011 0.201 0.689 
  95 E _   0.007 0.079 0.000 0.009 0.004 0.011 0.202 0.688 
  96 L _   0.008 0.079 0.000 0.010 0.004 0.012 0.202 0.685 
  97 S _   0.008 0.080 0.001 0.011 0.004 0.012 0.203 0.681 
  98 W _   0.008 0.082 0.001 0.012 0.005 0.013 0.203 0.676 
  99 H _   0.009 0.085 0.001 0.014 0.006 0.013 0.203 0.671 
 100 Q _   0.009 0.087 0.001 0.015 0.006 0.014 0.203 0.665 
 101 V _   0.009 0.090 0.001 0.017 0.007 0.014 0.204 0.659 
 102 S _   0.010 0.092 0.001 0.018 0.007 0.015 0.205 0.652 
 103 K _   0.010 0.094 0.001 0.020 0.008 0.015 0.206 0.646 
 104 A _   0.011 0.095 0.001 0.021 0.008 0.016 0.207 0.640 
 105 P _   0.011 0.096 0.001 0.023 0.009 0.016 0.210 0.635 
 106 A _   0.012 0.095 0.001 0.025 0.009 0.015 0.213 0.630 
 107 I _   0.012 0.093 0.001 0.026 0.009 0.015 0.216 0.628 
 108 G _   0.012 0.090 0.001 0.026 0.008 0.014 0.220 0.629 
 109 F _   0.011 0.084 0.001 0.025 0.008 0.013 0.225 0.632 
 110 S _   0.011 0.076 0.001 0.023 0.007 0.012 0.230 0.639 
 111 P _   0.010 0.067 0.001 0.021 0.006 0.011 0.236 0.648 
 112 S _   0.009 0.055 0.001 0.017 0.005 0.010 0.242 0.661 
 113 V _   0.008 0.043 0.001 0.014 0.004 0.009 0.248 0.674 
 114 L _   0.007 0.032 0.000 0.010 0.003 0.007 0.253 0.686 
 115 P _   0.006 0.024 0.000 0.008 0.002 0.006 0.257 0.695 
 116 K _   0.006 0.019 0.000 0.006 0.002 0.005 0.260 0.702 
 117 P _   0.005 0.015 0.000 0.005 0.001 0.005 0.262 0.706 
 118 Q _   0.004 0.013 0.000 0.004 0.001 0.005 0.264 0.708 
 119 N _   0.004 0.013 0.000 0.004 0.001 0.005 0.264 0.709 
 120 T _   0.004 0.013 0.000 0.004 0.001 0.005 0.263 0.709 
 121 N _   0.004 0.015 0.000 0.006 0.002 0.005 0.262 0.707 
 122 K _   0.004 0.017 0.000 0.007 0.002 0.006 0.260 0.704 
 123 E _   0.004 0.021 0.000 0.010 0.002 0.007 0.257 0.699 
 124 C _   0.004 0.026 0.000 0.013 0.003 0.007 0.254 0.693 
 125 S _   0.004 0.032 0.000 0.016 0.003 0.008 0.250 0.686 
 126 W _   0.004 0.037 0.000 0.019 0.004 0.008 0.247 0.680 
 127 G _   0.004 0.042 0.001 0.021 0.004 0.008 0.244 0.676 
 128 S _   0.004 0.045 0.001 0.022 0.004 0.008 0.242 0.674 
 129 P _   0.004 0.048 0.001 0.021 0.004 0.008 0.240 0.674 
 130 I _   0.004 0.049 0.000 0.020 0.004 0.008 0.239 0.676 
 131 G _   0.004 0.049 0.000 0.017 0.003 0.008 0.239 0.680 
 132 K _   0.004 0.048 0.000 0.014 0.003 0.007 0.238 0.686 
 133 H _   0.004 0.047 0.000 0.011 0.002 0.007 0.238 0.691 
 134 H _   0.004 0.047 0.000 0.008 0.002 0.007 0.237 0.696 
 135 G _   0.004 0.047 0.000 0.007 0.002 0.007 0.236 0.698 
 136 A _   0.004 0.049 0.000 0.006 0.002 0.008 0.234 0.696 
 137 D _   0.005 0.054 0.000 0.007 0.003 0.009 0.232 0.690 
 138 D _   0.006 0.063 0.000 0.010 0.004 0.012 0.229 0.676 
 139 S _   0.007 0.080 0.001 0.014 0.006 0.014 0.225 0.652 
 140 R _   0.009 0.108 0.001 0.022 0.009 0.017 0.220 0.614 
 141 F _   0.010 0.143 0.001 0.032 0.012 0.020 0.215 0.568 
 142 S _   0.010 0.175 0.001 0.042 0.014 0.021 0.211 0.526 
 143 I _   0.010 0.198 0.001 0.051 0.015 0.021 0.208 0.495 
 144 L _   0.010 0.211 0.001 0.056 0.015 0.021 0.207 0.478 
 145 A _   0.010 0.216 0.001 0.057 0.015 0.020 0.207 0.474 
 146 P _   0.010 0.214 0.001 0.054 0.014 0.019 0.209 0.479 
 147 S _   0.010 0.207 0.001 0.048 0.012 0.017 0.211 0.493 
 148 F _   0.009 0.192 0.001 0.041 0.011 0.015 0.215 0.516 
 149 T _   0.009 0.169 0.001 0.033 0.009 0.014 0.220 0.546 
 150 S _   0.008 0.142 0.001 0.025 0.007 0.013 0.226 0.579 
 151 L _   0.008 0.115 0.001 0.020 0.006 0.011 0.231 0.609 
 152 D _   0.008 0.092 0.001 0.015 0.005 0.010 0.237 0.633 
 153 K _   0.007 0.076 0.001 0.013 0.004 0.009 0.241 0.650 
 154 I _   0.007 0.064 0.000 0.011 0.003 0.009 0.245 0.662 
 155 N _   0.006 0.055 0.000 0.010 0.003 0.008 0.248 0.670 
 156 L _   0.006 0.048 0.000 0.010 0.003 0.007 0.251 0.676 
 157 E _   0.006 0.043 0.000 0.009 0.002 0.007 0.252 0.681 
 158 K _   0.005 0.038 0.000 0.008 0.002 0.006 0.254 0.686 
 159 E _   0.005 0.034 0.000 0.007 0.002 0.006 0.254 0.692 
 160 L _   0.004 0.031 0.000 0.006 0.002 0.005 0.254 0.697 
 161 E _   0.004 0.030 0.000 0.005 0.002 0.005 0.253 0.701 
 162 N _   0.004 0.029 0.000 0.005 0.002 0.005 0.252 0.703 
 163 E _   0.004 0.029 0.000 0.005 0.002 0.006 0.251 0.703 
 164 N _   0.004 0.031 0.000 0.006 0.002 0.007 0.248 0.701 
 165 H _   0.004 0.036 0.000 0.009 0.003 0.008 0.245 0.695 
 166 N _   0.005 0.043 0.000 0.013 0.004 0.009 0.242 0.684 
 167 Y _   0.005 0.054 0.001 0.019 0.005 0.011 0.237 0.668 
 168 H _   0.006 0.066 0.001 0.026 0.006 0.013 0.233 0.650 
 169 I _   0.006 0.077 0.001 0.033 0.007 0.014 0.229 0.633 
 170 G _   0.006 0.086 0.001 0.039 0.008 0.014 0.226 0.620 
 171 F _   0.007 0.091 0.001 0.042 0.009 0.014 0.224 0.613 
 172 E _   0.006 0.092 0.001 0.043 0.009 0.014 0.223 0.612 
 173 S _   0.006 0.091 0.001 0.040 0.008 0.013 0.223 0.618 
 174 S _   0.006 0.086 0.001 0.035 0.007 0.012 0.224 0.629 
 175 I _   0.006 0.079 0.001 0.029 0.006 0.011 0.226 0.643 
 176 P _   0.006 0.069 0.001 0.023 0.005 0.010 0.228 0.660 
 177 P _   0.006 0.059 0.000 0.017 0.004 0.008 0.230 0.676 
 178 T _   0.005 0.049 0.000 0.013 0.003 0.008 0.232 0.689 
 179 N _   0.005 0.042 0.000 0.011 0.002 0.007 0.233 0.699 
 180 S _   0.005 0.036 0.000 0.009 0.002 0.007 0.234 0.706 
 181 S _   0.005 0.032 0.000 0.009 0.002 0.006 0.234 0.711 
 182 F _   0.005 0.030 0.000 0.009 0.002 0.006 0.234 0.714 
 183 S _   0.004 0.028 0.000 0.009 0.002 0.006 0.234 0.717 
 184 S _   0.004 0.026 0.000 0.009 0.002 0.006 0.233 0.719 
 185 D _   0.004 0.025 0.000 0.010 0.002 0.006 0.231 0.722 
 186 F _   0.004 0.024 0.000 0.009 0.002 0.006 0.229 0.726 
 187 M _   0.004 0.023 0.000 0.009 0.002 0.006 0.226 0.730 
 188 P _   0.003 0.023 0.000 0.008 0.002 0.006 0.223 0.735 
 189 K _   0.003 0.023 0.000 0.008 0.002 0.006 0.219 0.740 
 190 E _   0.003 0.023 0.000 0.007 0.002 0.006 0.215 0.744 
 191 E _   0.003 0.024 0.000 0.006 0.002 0.006 0.211 0.748 
 192 N _   0.003 0.026 0.000 0.006 0.002 0.007 0.206 0.750 
 193 K _   0.004 0.030 0.000 0.007 0.002 0.008 0.200 0.749 
 194 R _   0.004 0.036 0.000 0.008 0.003 0.010 0.193 0.745 
 195 S _   0.006 0.047 0.001 0.011 0.004 0.013 0.185 0.735 
 196 G _   0.007 0.066 0.001 0.014 0.006 0.016 0.175 0.715 
 197 H _   0.009 0.094 0.001 0.019 0.009 0.021 0.163 0.684 
 198 V _   0.011 0.133 0.001 0.025 0.012 0.025 0.150 0.641 
 199 N _   0.013 0.182 0.002 0.032 0.016 0.029 0.136 0.589 
 200 I _   0.014 0.234 0.002 0.039 0.020 0.033 0.123 0.535 
 201 V _   0.016 0.281 0.002 0.045 0.023 0.035 0.112 0.486 
 202 E _   0.017 0.317 0.002 0.051 0.025 0.036 0.103 0.450 
 203 P _   0.017 0.340 0.002 0.054 0.026 0.036 0.096 0.428 
 204 S _   0.018 0.353 0.002 0.056 0.026 0.036 0.091 0.418 
 205 L _   0.018 0.359 0.002 0.056 0.026 0.035 0.087 0.418 
 206 M _   0.019 0.357 0.002 0.053 0.024 0.033 0.084 0.428 
 207 L _   0.019 0.349 0.002 0.049 0.023 0.032 0.081 0.446 
 208 L _   0.018 0.332 0.002 0.044 0.021 0.030 0.080 0.474 
 209 K _   0.018 0.307 0.002 0.038 0.019 0.028 0.079 0.509 
 210 G _   0.018 0.275 0.002 0.033 0.017 0.026 0.078 0.552 
 211 S _   0.018 0.238 0.001 0.028 0.015 0.025 0.078 0.598 
 212 L _   0.017 0.201 0.001 0.024 0.013 0.023 0.078 0.643 
 213 Q _   0.017 0.167 0.001 0.021 0.011 0.022 0.078 0.683 
 214 P _   0.016 0.136 0.001 0.019 0.010 0.021 0.078 0.719 
 215 G _   0.015 0.111 0.001 0.017 0.008 0.020 0.078 0.750 
 216 M _   0.015 0.089 0.001 0.015 0.007 0.019 0.078 0.777 
 217 W _   0.014 0.070 0.001 0.013 0.007 0.018 0.077 0.800 
 218 E _   0.014 0.055 0.001 0.011 0.006 0.017 0.077 0.819 
 219 S _   0.013 0.043 0.001 0.010 0.005 0.017 0.076 0.835 
 220 T _   0.013 0.034 0.001 0.008 0.005 0.017 0.075 0.847 
 221 W _   0.013 0.028 0.001 0.007 0.005 0.018 0.074 0.854 
 222 Q _   0.014 0.025 0.001 0.006 0.005 0.019 0.073 0.858 
 223 K _   0.017 0.024 0.001 0.006 0.005 0.021 0.071 0.856 
 224 N _   0.020 0.024 0.001 0.007 0.006 0.024 0.070 0.849 
 225 I _   0.025 0.027 0.001 0.008 0.009 0.027 0.068 0.836 
 226 E _   0.030 0.032 0.001 0.011 0.012 0.032 0.066 0.817 
 227 S _   0.036 0.040 0.001 0.016 0.017 0.036 0.063 0.791 
 228 I _   0.041 0.052 0.002 0.023 0.023 0.040 0.061 0.759 
 229 G _   0.045 0.066 0.002 0.031 0.028 0.043 0.059 0.726 
 230 C _   0.048 0.078 0.002 0.039 0.031 0.045 0.057 0.700 
 231 S _   0.048 0.086 0.002 0.047 0.033 0.044 0.056 0.686 
 232 I _   0.047 0.089 0.002 0.050 0.032 0.043 0.055 0.683 
 233 Q _   0.044 0.089 0.002 0.050 0.029 0.040 0.055 0.692 
 234 L _   0.040 0.085 0.002 0.045 0.025 0.036 0.055 0.713 
 235 V _   0.035 0.077 0.002 0.037 0.020 0.031 0.055 0.744 
 236 E _   0.030 0.064 0.001 0.027 0.015 0.027 0.055 0.781 
 237 V _   0.024 0.050 0.001 0.018 0.010 0.022 0.056 0.819 
 238 P _   0.020 0.039 0.001 0.012 0.007 0.019 0.055 0.848 
 239 Q _   0.016 0.031 0.001 0.008 0.005 0.016 0.055 0.868 
 240 S _   0.014 0.028 0.000 0.006 0.004 0.015 0.055 0.880 
 241 S _   0.012 0.027 0.000 0.005 0.004 0.014 0.054 0.884 
 242 N _   0.011 0.028 0.000 0.006 0.004 0.014 0.053 0.883 
 243 T _   0.011 0.031 0.001 0.008 0.005 0.014 0.052 0.878 
 244 S _   0.011 0.036 0.001 0.011 0.006 0.015 0.050 0.870 
 245 L _   0.012 0.043 0.001 0.014 0.007 0.015 0.049 0.859 
 246 A _   0.012 0.050 0.001 0.017 0.007 0.016 0.048 0.849 
 247 S _   0.011 0.056 0.001 0.019 0.008 0.016 0.046 0.842 
 248 F _   0.011 0.061 0.001 0.020 0.008 0.016 0.045 0.838 
 249 C _   0.011 0.065 0.001 0.020 0.008 0.016 0.044 0.836 
 250 N _   0.010 0.067 0.001 0.020 0.008 0.015 0.043 0.836 
 251 K _   0.010 0.069 0.001 0.019 0.007 0.015 0.042 0.837 
 252 V _   0.010 0.070 0.001 0.018 0.007 0.015 0.042 0.837 
 253 K _   0.011 0.072 0.001 0.018 0.007 0.015 0.041 0.836 
 254 K _   0.011 0.073 0.001 0.018 0.007 0.015 0.041 0.835 
 255 I _   0.011 0.074 0.001 0.018 0.007 0.015 0.040 0.833 
 256 R _   0.011 0.075 0.001 0.019 0.007 0.014 0.040 0.832 
 257 E _   0.011 0.076 0.001 0.020 0.007 0.014 0.040 0.831 
 258 R _   0.011 0.076 0.001 0.020 0.007 0.014 0.040 0.832 
 259 Y _   0.010 0.074 0.001 0.020 0.007 0.013 0.040 0.836 
 260 H _   0.010 0.072 0.001 0.018 0.006 0.012 0.040 0.841 
 261 A _   0.009 0.069 0.001 0.016 0.005 0.011 0.041 0.848 
 262 A _   0.009 0.065 0.001 0.014 0.005 0.011 0.041 0.856 
 263 D _   0.008 0.061 0.001 0.011 0.004 0.010 0.041 0.864 
 264 V _   0.008 0.057 0.000 0.009 0.004 0.010 0.041 0.870 
 265 N _   0.008 0.055 0.000 0.007 0.003 0.010 0.041 0.875 
 266 F _   0.008 0.054 0.000 0.007 0.003 0.010 0.041 0.876 
 267 N _   0.008 0.055 0.000 0.007 0.003 0.011 0.041 0.874 
 268 S _   0.009 0.058 0.000 0.007 0.004 0.013 0.041 0.867 
 269 G _   0.010 0.064 0.001 0.009 0.005 0.015 0.040 0.856 
 270 K _   0.012 0.075 0.001 0.012 0.007 0.017 0.039 0.838 
 271 I _   0.013 0.090 0.001 0.016 0.009 0.020 0.038 0.814 
 272 W _   0.014 0.109 0.001 0.021 0.011 0.022 0.036 0.786 
 273 S _   0.015 0.129 0.001 0.026 0.013 0.024 0.035 0.756 
 274 T _   0.015 0.148 0.001 0.032 0.015 0.025 0.034 0.730 
 275 T _   0.015 0.162 0.001 0.037 0.016 0.026 0.033 0.709 
 276 T _   0.015 0.171 0.001 0.040 0.017 0.026 0.032 0.697 
 277 A _   0.015 0.176 0.001 0.042 0.017 0.025 0.032 0.692 
 278 F _   0.015 0.176 0.001 0.041 0.016 0.024 0.032 0.694 
 279 P _   0.015 0.172 0.001 0.038 0.015 0.023 0.032 0.704 
 280 Y _   0.014 0.164 0.001 0.033 0.013 0.022 0.033 0.720 
 281 Q _   0.014 0.151 0.001 0.028 0.011 0.020 0.034 0.741 
 282 L _   0.013 0.136 0.001 0.023 0.010 0.019 0.034 0.764 
 283 F _   0.013 0.120 0.001 0.018 0.008 0.018 0.035 0.787 
 284 S _   0.012 0.106 0.001 0.015 0.007 0.017 0.036 0.806 
 285 K _   0.012 0.094 0.001 0.014 0.007 0.016 0.037 0.820 
 286 T _   0.012 0.086 0.001 0.013 0.007 0.016 0.037 0.829 
 287 K _   0.011 0.080 0.001 0.014 0.007 0.016 0.038 0.834 
 288 F _   0.012 0.075 0.001 0.015 0.007 0.016 0.039 0.836 
 289 N _   0.012 0.071 0.001 0.017 0.007 0.016 0.039 0.837 
 290 I _   0.012 0.067 0.001 0.019 0.008 0.015 0.040 0.839 
 291 H _   0.012 0.061 0.001 0.019 0.008 0.015 0.041 0.844 
 292 I _   0.012 0.054 0.001 0.019 0.007 0.014 0.042 0.851 
 293 F _   0.011 0.045 0.001 0.017 0.007 0.014 0.043 0.863 
 294 I _   0.011 0.035 0.001 0.014 0.006 0.013 0.044 0.876 
 295 D _   0.011 0.025 0.001 0.011 0.005 0.013 0.045 0.889 
 296 N _   0.010 0.017 0.001 0.009 0.005 0.013 0.045 0.900 
 297 S _   0.011 0.011 0.001 0.007 0.004 0.014 0.046 0.907 
 298 T _   0.011 0.008 0.000 0.006 0.004 0.015 0.047 0.909 
 299 Q _   0.013 0.006 0.000 0.006 0.004 0.016 0.047 0.908 
 300 P _   0.015 0.005 0.001 0.007 0.005 0.018 0.047 0.903 
 301 L _   0.018 0.004 0.001 0.009 0.006 0.021 0.047 0.895 
 302 H _   0.021 0.004 0.001 0.010 0.008 0.023 0.047 0.885 
 303 F _   0.026 0.004 0.001 0.012 0.009 0.026 0.047 0.875 
 304 M _   0.033 0.003 0.001 0.012 0.010 0.029 0.047 0.864 
 305 P _   0.041 0.003 0.001 0.012 0.011 0.032 0.048 0.853 
 306 C _   0.052 0.002 0.001 0.010 0.012 0.035 0.048 0.840 
 307 A _   0.065 0.002 0.001 0.009 0.012 0.038 0.048 0.826 
 308 N _   0.082 0.001 0.001 0.007 0.013 0.041 0.048 0.807 
 309 Y _   0.103 0.001 0.001 0.005 0.015 0.045 0.048 0.782 
 310 L _   0.128 0.001 0.001 0.005 0.018 0.050 0.048 0.749 
 311 V _   0.156 0.001 0.001 0.005 0.023 0.055 0.048 0.711 
 312 K _   0.184 0.002 0.002 0.006 0.030 0.060 0.049 0.668 
 313 D _   0.209 0.004 0.002 0.008 0.038 0.065 0.050 0.626 
 314 L _   0.228 0.008 0.002 0.012 0.046 0.067 0.051 0.586 
 315 I _   0.240 0.013 0.003 0.017 0.052 0.068 0.054 0.553 
 316 A _   0.242 0.019 0.003 0.024 0.056 0.066 0.056 0.533 
 317 E _   0.236 0.024 0.003 0.031 0.055 0.063 0.060 0.529 
 318 I _   0.221 0.026 0.003 0.035 0.051 0.058 0.065 0.541 
 319 L _   0.197 0.026 0.003 0.035 0.044 0.051 0.071 0.572 
 320 H _   0.167 0.024 0.002 0.033 0.035 0.044 0.077 0.618 
 321 F _   0.134 0.020 0.002 0.027 0.026 0.036 0.083 0.672 
 322 C _   0.103 0.014 0.002 0.019 0.017 0.029 0.089 0.728 
 323 T _   0.075 0.008 0.001 0.012 0.010 0.022 0.095 0.777 
 324 N _   0.052 0.004 0.001 0.007 0.006 0.017 0.099 0.814 
 325 D _   0.035 0.002 0.000 0.004 0.003 0.013 0.102 0.840 
 326 Q _   0.024 0.001 0.000 0.003 0.002 0.010 0.104 0.856 
 327 L _   0.017 0.001 0.000 0.002 0.002 0.009 0.105 0.864 
 328 L _   0.014 0.001 0.000 0.002 0.002 0.010 0.106 0.866 
 329 P _   0.013 0.002 0.000 0.003 0.002 0.011 0.107 0.863 
 330 K _   0.014 0.004 0.000 0.004 0.003 0.014 0.107 0.854 
 331 D _   0.016 0.013 0.001 0.008 0.006 0.017 0.106 0.834 
 332 H _   0.018 0.031 0.001 0.015 0.010 0.022 0.105 0.798 
 333 I _   0.020 0.062 0.001 0.026 0.014 0.025 0.103 0.749 
 334 L _   0.020 0.095 0.002 0.037 0.018 0.028 0.102 0.699 
 335 S _   0.020 0.121 0.002 0.047 0.020 0.029 0.101 0.660 
 336 V _   0.020 0.138 0.002 0.055 0.021 0.029 0.100 0.635 
 337 C _   0.019 0.148 0.002 0.059 0.021 0.028 0.101 0.623 
 338 G _   0.018 0.150 0.001 0.058 0.020 0.027 0.102 0.622 
 339 S _   0.018 0.148 0.001 0.054 0.018 0.025 0.104 0.631 
 340 E _   0.017 0.140 0.001 0.047 0.016 0.023 0.108 0.648 
 341 E _   0.016 0.127 0.001 0.038 0.013 0.020 0.111 0.673 
 342 F _   0.015 0.108 0.001 0.029 0.010 0.018 0.116 0.702 
 343 L _   0.014 0.087 0.001 0.021 0.008 0.016 0.120 0.733 
 344 Q _   0.012 0.067 0.001 0.015 0.006 0.014 0.125 0.760 
 345 N _   0.011 0.052 0.001 0.011 0.005 0.012 0.129 0.780 
 346 D _   0.010 0.041 0.000 0.009 0.004 0.011 0.132 0.794 
 347 H _   0.009 0.035 0.000 0.007 0.003 0.010 0.135 0.801 
 348 C _   0.008 0.031 0.000 0.007 0.003 0.009 0.137 0.805 
 349 L _   0.008 0.028 0.000 0.007 0.003 0.009 0.139 0.807 
 350 G _   0.008 0.027 0.000 0.007 0.003 0.009 0.140 0.807 
 351 S _   0.008 0.027 0.000 0.007 0.003 0.009 0.141 0.805 
 352 H _   0.008 0.027 0.000 0.008 0.003 0.010 0.142 0.803 
 353 K _   0.008 0.028 0.000 0.008 0.003 0.010 0.142 0.801 
 354 M _   0.008 0.029 0.000 0.009 0.004 0.011 0.143 0.797 
 355 F _   0.008 0.031 0.000 0.009 0.004 0.012 0.143 0.792 
 356 Q _   0.009 0.034 0.001 0.011 0.005 0.013 0.143 0.785 
 357 K _   0.010 0.038 0.001 0.013 0.005 0.014 0.144 0.776 
 358 D _   0.011 0.043 0.001 0.016 0.007 0.015 0.144 0.763 
 359 K _   0.012 0.049 0.001 0.020 0.008 0.017 0.144 0.749 
 360 S _   0.013 0.055 0.001 0.025 0.009 0.017 0.145 0.735 
 361 V _   0.014 0.060 0.001 0.030 0.010 0.018 0.147 0.722 
 362 I _   0.014 0.062 0.001 0.033 0.010 0.018 0.149 0.713 
 363 Q _   0.014 0.063 0.001 0.035 0.010 0.017 0.151 0.709 
 364 L _   0.014 0.061 0.001 0.033 0.009 0.016 0.154 0.712 
 365 H _   0.013 0.056 0.001 0.030 0.008 0.014 0.158 0.720 
 366 L _   0.012 0.049 0.001 0.025 0.007 0.013 0.161 0.733 
 367 Q _   0.011 0.039 0.001 0.019 0.005 0.011 0.165 0.748 
 368 K _   0.010 0.029 0.001 0.014 0.004 0.010 0.169 0.764 
 369 S _   0.009 0.019 0.000 0.010 0.003 0.008 0.172 0.777 
 370 R _   0.008 0.012 0.000 0.008 0.002 0.007 0.175 0.787 
 371 E _   0.007 0.008 0.000 0.006 0.002 0.006 0.177 0.794 
 372 A _   0.006 0.005 0.000 0.005 0.002 0.006 0.178 0.799 
 373 P _   0.006 0.003 0.000 0.004 0.001 0.005 0.178 0.802 
 374 G _   0.006 0.002 0.000 0.004 0.001 0.005 0.177 0.804 
 375 K _   0.005 0.002 0.000 0.004 0.001 0.005 0.176 0.806 
 376 L _   0.005 0.001 0.000 0.004 0.001 0.005 0.174 0.809 
 377 S _   0.005 0.001 0.000 0.005 0.002 0.005 0.171 0.811 
 378 R _   0.004 0.001 0.000 0.005 0.002 0.006 0.168 0.814 
 379 K _   0.004 0.001 0.000 0.005 0.002 0.007 0.164 0.817 
 380 H _   0.005 0.001 0.000 0.005 0.002 0.008 0.159 0.820 
 381 E _   0.006 0.001 0.000 0.005 0.002 0.009 0.154 0.823 
 382 E _   0.008 0.001 0.000 0.006 0.003 0.011 0.148 0.824 
 383 D _   0.011 0.001 0.000 0.006 0.003 0.014 0.141 0.823 
 384 H _   0.018 0.001 0.000 0.007 0.004 0.018 0.133 0.819 
 385 S _   0.029 0.001 0.001 0.008 0.006 0.024 0.124 0.808 
 386 Q _   0.046 0.001 0.001 0.009 0.009 0.030 0.114 0.790 
 387 F _   0.072 0.001 0.001 0.010 0.014 0.038 0.103 0.761 
 388 Y _   0.110 0.001 0.001 0.011 0.020 0.045 0.091 0.720 
 389 L _   0.155 0.001 0.002 0.011 0.027 0.052 0.080 0.671 
 390 N _   0.208 0.001 0.002 0.011 0.034 0.058 0.069 0.616 
 391 Q _   0.263 0.001 0.002 0.011 0.040 0.061 0.059 0.561 
 392 L _   0.317 0.001 0.002 0.010 0.044 0.062 0.051 0.512 
 393 L _   0.366 0.001 0.002 0.009 0.045 0.061 0.045 0.470 
 394 E _   0.409 0.001 0.002 0.008 0.044 0.058 0.040 0.440 
 395 F H   0.443 0.001 0.002 0.006 0.040 0.054 0.035 0.419 
 396 M H   0.469 0.000 0.002 0.005 0.036 0.049 0.032 0.406 
 397 H H   0.490 0.000 0.002 0.003 0.031 0.045 0.030 0.400 
 398 I H   0.502 0.000 0.001 0.002 0.026 0.041 0.028 0.400 
 399 W H   0.509 0.000 0.001 0.002 0.023 0.037 0.026 0.401 
 400 K H   0.511 0.000 0.001 0.002 0.020 0.035 0.025 0.406 
 401 V H   0.509 0.000 0.001 0.002 0.019 0.034 0.024 0.411 
 402 S H   0.505 0.000 0.001 0.002 0.019 0.033 0.024 0.416 
 403 R H   0.496 0.000 0.001 0.002 0.021 0.033 0.023 0.424 
 404 Q H   0.482 0.000 0.001 0.003 0.022 0.033 0.024 0.435 
 405 C H   0.463 0.000 0.002 0.004 0.023 0.033 0.024 0.450 
 406 L _   0.437 0.001 0.002 0.006 0.025 0.033 0.025 0.473 
 407 L _   0.403 0.001 0.002 0.008 0.025 0.032 0.026 0.503 
 408 T _   0.364 0.001 0.002 0.009 0.024 0.031 0.027 0.541 
 409 L _   0.318 0.001 0.002 0.010 0.021 0.029 0.029 0.590 
 410 I _   0.270 0.001 0.002 0.009 0.018 0.027 0.030 0.643 
 411 R _   0.222 0.001 0.001 0.008 0.015 0.025 0.032 0.696 
 412 K _   0.175 0.001 0.001 0.007 0.012 0.023 0.034 0.748 
 413 Y _   0.135 0.000 0.001 0.006 0.009 0.021 0.035 0.793 
 414 D _   0.103 0.000 0.001 0.005 0.008 0.019 0.036 0.828 
 415 F _   0.078 0.000 0.001 0.005 0.006 0.018 0.037 0.853 
 416 H _   0.061 0.001 0.001 0.006 0.006 0.017 0.038 0.871 
 417 L _   0.048 0.001 0.001 0.007 0.006 0.016 0.038 0.883 
 418 K _   0.038 0.001 0.001 0.008 0.006 0.016 0.039 0.892 
 419 Y _   0.031 0.001 0.001 0.008 0.006 0.015 0.039 0.899 
 420 L _   0.026 0.001 0.001 0.009 0.005 0.015 0.040 0.904 
 421 L _   0.022 0.001 0.001 0.009 0.005 0.014 0.040 0.909 
 422 K _   0.019 0.001 0.001 0.008 0.005 0.013 0.040 0.913 
 423 T _   0.018 0.001 0.001 0.007 0.004 0.013 0.039 0.917 
 424 Q _   0.018 0.001 0.000 0.006 0.004 0.013 0.039 0.919 
 425 E _   0.019 0.000 0.000 0.005 0.004 0.014 0.039 0.919 
 426 N _   0.022 0.000 0.000 0.004 0.004 0.015 0.038 0.915 
 427 V _   0.027 0.000 0.001 0.004 0.005 0.017 0.038 0.909 
 428 Y _   0.035 0.000 0.001 0.004 0.005 0.020 0.037 0.898 
 429 N _   0.046 0.000 0.001 0.004 0.006 0.023 0.036 0.883 
 430 I _   0.060 0.000 0.001 0.005 0.008 0.027 0.035 0.864 
 431 I _   0.078 0.000 0.001 0.005 0.010 0.031 0.034 0.840 
 432 E _   0.099 0.000 0.001 0.005 0.013 0.036 0.033 0.812 
 433 E _   0.122 0.000 0.001 0.005 0.016 0.041 0.032 0.782 
 434 V _   0.146 0.000 0.001 0.005 0.020 0.046 0.031 0.749 
 435 K _   0.171 0.001 0.001 0.005 0.025 0.051 0.030 0.716 
 436 K _   0.194 0.001 0.002 0.006 0.031 0.055 0.030 0.682 
 437 I _   0.215 0.001 0.002 0.008 0.036 0.058 0.029 0.651 
 438 C _   0.230 0.002 0.002 0.009 0.041 0.060 0.029 0.626 
 439 S _   0.237 0.003 0.002 0.012 0.045 0.060 0.029 0.610 
 440 V _   0.238 0.005 0.002 0.015 0.046 0.059 0.030 0.603 
 441 L _   0.232 0.006 0.002 0.018 0.045 0.057 0.031 0.608 
 442 G _   0.220 0.006 0.002 0.019 0.042 0.054 0.033 0.625 
 443 C _   0.203 0.006 0.002 0.018 0.036 0.050 0.034 0.652 
 444 V _   0.181 0.005 0.002 0.016 0.030 0.045 0.036 0.686 
 445 E _   0.156 0.004 0.002 0.012 0.023 0.040 0.037 0.726 
 446 T _   0.131 0.002 0.001 0.009 0.016 0.035 0.039 0.766 
 447 K _   0.106 0.002 0.001 0.006 0.012 0.031 0.041 0.802 
 448 Q _   0.085 0.001 0.001 0.005 0.009 0.028 0.042 0.829 
 449 I _   0.069 0.001 0.001 0.004 0.007 0.026 0.043 0.849 
 450 T _   0.057 0.002 0.001 0.004 0.006 0.025 0.044 0.861 
 451 D _   0.049 0.003 0.001 0.005 0.007 0.025 0.045 0.865 
 452 A _   0.044 0.006 0.001 0.008 0.008 0.026 0.045 0.861 
 453 V _   0.041 0.012 0.001 0.012 0.010 0.027 0.046 0.850 
 454 N _   0.038 0.022 0.001 0.018 0.013 0.028 0.046 0.833 
 455 E _   0.036 0.033 0.001 0.026 0.015 0.029 0.047 0.813 
 456 L _   0.033 0.043 0.001 0.033 0.017 0.029 0.048 0.796 
 457 S _   0.031 0.050 0.001 0.039 0.018 0.028 0.049 0.785 
 458 L _   0.028 0.053 0.001 0.042 0.017 0.027 0.050 0.781 
 459 I _   0.026 0.055 0.001 0.042 0.016 0.024 0.052 0.784 
 460 L _   0.023 0.053 0.001 0.039 0.014 0.022 0.054 0.794 
 461 Q _   0.020 0.048 0.001 0.034 0.011 0.019 0.056 0.810 
 462 R _   0.018 0.041 0.001 0.028 0.009 0.016 0.059 0.828 
 463 K _   0.015 0.032 0.001 0.021 0.007 0.014 0.061 0.849 
 464 G _   0.013 0.023 0.001 0.015 0.005 0.011 0.064 0.868 
 465 E _   0.011 0.015 0.000 0.011 0.004 0.009 0.066 0.885 
 466 N _   0.009 0.009 0.000 0.007 0.003 0.008 0.067 0.897 
 467 F _   0.007 0.005 0.000 0.005 0.002 0.007 0.068 0.905 
 468 Y _   0.006 0.003 0.000 0.004 0.002 0.006 0.069 0.910 
 469 Q _   0.005 0.002 0.000 0.003 0.001 0.006 0.069 0.913 
 470 S _   0.005 0.002 0.000 0.003 0.001 0.006 0.069 0.914 
 471 S _   0.005 0.001 0.000 0.003 0.002 0.007 0.068 0.914 
 472 E _   0.006 0.002 0.000 0.004 0.002 0.009 0.066 0.911 
 473 T _   0.007 0.002 0.000 0.005 0.003 0.011 0.065 0.906 
 474 S _   0.009 0.004 0.000 0.008 0.004 0.015 0.063 0.897 
 475 A _   0.011 0.006 0.001 0.012 0.006 0.020 0.060 0.884 
 476 K _   0.013 0.010 0.001 0.018 0.009 0.025 0.058 0.867 
 477 G _   0.017 0.013 0.001 0.024 0.012 0.031 0.055 0.848 
 478 L _   0.020 0.016 0.001 0.029 0.015 0.036 0.052 0.831 
 479 I _   0.024 0.018 0.001 0.032 0.018 0.040 0.049 0.817 
 480 E _   0.029 0.019 0.001 0.033 0.020 0.044 0.047 0.807 
 481 K _   0.034 0.018 0.001 0.030 0.021 0.047 0.045 0.803 
 482 V _   0.041 0.016 0.001 0.026 0.021 0.050 0.043 0.801 
 483 T _   0.049 0.013 0.001 0.020 0.020 0.053 0.042 0.802 
 484 T _   0.059 0.010 0.001 0.014 0.020 0.055 0.041 0.800 
 485 E _   0.071 0.007 0.001 0.010 0.020 0.058 0.039 0.793 
 486 L _   0.086 0.006 0.001 0.008 0.022 0.061 0.038 0.778 
 487 S _   0.102 0.006 0.001 0.007 0.024 0.065 0.037 0.758 
 488 T _   0.120 0.007 0.002 0.008 0.029 0.068 0.035 0.731 
 489 S _   0.137 0.009 0.002 0.010 0.035 0.071 0.034 0.702 
 490 I _   0.151 0.012 0.002 0.014 0.042 0.074 0.034 0.672 
 491 Y _   0.163 0.017 0.002 0.018 0.048 0.074 0.033 0.645 
 492 Q _   0.168 0.021 0.003 0.023 0.052 0.073 0.033 0.627 
 493 L _   0.169 0.025 0.003 0.027 0.053 0.070 0.033 0.619 
 494 I _   0.166 0.027 0.003 0.030 0.052 0.066 0.034 0.623 
 495 N _   0.158 0.027 0.003 0.030 0.048 0.062 0.035 0.638 
 496 V _   0.144 0.026 0.002 0.028 0.042 0.056 0.036 0.666 
 497 Y _   0.127 0.024 0.002 0.025 0.034 0.049 0.038 0.702 
 498 C _   0.107 0.020 0.002 0.021 0.026 0.042 0.039 0.742 
 499 N _   0.087 0.017 0.001 0.017 0.019 0.036 0.041 0.781 
 500 S _   0.069 0.013 0.001 0.014 0.014 0.031 0.042 0.815 
 501 F _   0.054 0.010 0.001 0.011 0.010 0.026 0.043 0.845 
 502 Y _   0.041 0.009 0.001 0.009 0.008 0.022 0.044 0.866 
 503 A _   0.032 0.008 0.001 0.008 0.006 0.019 0.045 0.882 
 504 D _   0.024 0.007 0.001 0.008 0.005 0.017 0.045 0.893 
 505 F _   0.019 0.007 0.001 0.008 0.005 0.015 0.046 0.899 
 506 Q _   0.016 0.008 0.001 0.009 0.005 0.014 0.046 0.903 
 507 P _   0.013 0.009 0.001 0.010 0.005 0.013 0.046 0.903 
 508 V _   0.012 0.010 0.001 0.012 0.005 0.013 0.046 0.902 
 509 N _   0.011 0.012 0.001 0.014 0.005 0.013 0.046 0.899 
 510 V _   0.010 0.013 0.001 0.016 0.006 0.012 0.045 0.897 
 511 P _   0.010 0.014 0.001 0.016 0.006 0.012 0.045 0.897 
 512 R _   0.009 0.014 0.001 0.016 0.005 0.011 0.045 0.898 
 513 C _   0.008 0.014 0.001 0.015 0.005 0.010 0.046 0.901 
 514 T _   0.007 0.014 0.001 0.014 0.004 0.009 0.046 0.905 
 515 S _   0.007 0.013 0.000 0.011 0.004 0.009 0.046 0.911 
 516 Y _   0.006 0.012 0.000 0.009 0.003 0.008 0.046 0.916 
 517 L _   0.006 0.012 0.000 0.007 0.003 0.008 0.045 0.920 
 518 N _   0.005 0.012 0.000 0.006 0.002 0.008 0.045 0.922 
 519 P _   0.006 0.013 0.000 0.006 0.002 0.008 0.044 0.921 
 520 G _   0.006 0.015 0.000 0.006 0.003 0.009 0.043 0.917 
 521 L _   0.007 0.019 0.000 0.008 0.004 0.011 0.042 0.909 
 522 P _   0.008 0.027 0.001 0.012 0.005 0.014 0.040 0.893 
 523 S _   0.009 0.039 0.001 0.017 0.007 0.017 0.039 0.871 
 524 H _   0.010 0.054 0.001 0.024 0.010 0.019 0.037 0.845 
 525 L _   0.011 0.069 0.001 0.032 0.013 0.022 0.035 0.818 
 526 S _   0.012 0.080 0.001 0.038 0.014 0.023 0.033 0.797 
 527 F _   0.013 0.088 0.001 0.042 0.016 0.024 0.031 0.784 
 528 T _   0.013 0.092 0.001 0.043 0.016 0.025 0.030 0.779 
 529 V _   0.014 0.092 0.001 0.041 0.016 0.025 0.030 0.782 
 530 Y _   0.014 0.090 0.001 0.036 0.015 0.024 0.029 0.791 
 531 A _   0.014 0.084 0.001 0.031 0.014 0.024 0.029 0.803 
 532 A _   0.015 0.077 0.001 0.026 0.012 0.023 0.029 0.818 
 533 H _   0.015 0.068 0.001 0.021 0.011 0.022 0.028 0.833 
 534 N _   0.016 0.060 0.001 0.017 0.010 0.022 0.029 0.846 
 535 I _   0.017 0.053 0.001 0.014 0.009 0.022 0.029 0.855 
 536 P _   0.018 0.048 0.001 0.013 0.009 0.022 0.029 0.861 
 537 E _   0.019 0.044 0.001 0.013 0.009 0.022 0.029 0.864 
 538 T _   0.020 0.041 0.001 0.013 0.009 0.022 0.029 0.866 
 539 W _   0.020 0.038 0.001 0.014 0.009 0.022 0.028 0.867 
 540 V _   0.020 0.036 0.001 0.015 0.010 0.022 0.028 0.868 
 541 H _   0.020 0.034 0.001 0.016 0.010 0.021 0.028 0.870 
 542 R _   0.020 0.031 0.001 0.016 0.010 0.021 0.028 0.872 
 543 I _   0.020 0.029 0.001 0.017 0.010 0.020 0.028 0.876 
 544 N _   0.019 0.025 0.001 0.017 0.009 0.020 0.029 0.881 
 545 F _   0.019 0.022 0.001 0.016 0.009 0.019 0.029 0.887 
 546 P _   0.019 0.018 0.001 0.014 0.008 0.018 0.029 0.894 
 547 L _   0.019 0.013 0.001 0.012 0.007 0.017 0.029 0.903 
 548 E _   0.019 0.009 0.001 0.010 0.006 0.016 0.029 0.910 
 549 I _   0.021 0.006 0.001 0.008 0.005 0.015 0.029 0.916 
 550 K _   0.024 0.003 0.001 0.006 0.004 0.015 0.028 0.919 
 551 S _   0.030 0.001 0.000 0.004 0.004 0.015 0.028 0.917 
 552 L _   0.040 0.001 0.000 0.003 0.004 0.017 0.027 0.908 
 553 P _   0.055 0.000 0.001 0.003 0.004 0.019 0.026 0.892 
 554 R _   0.079 0.000 0.001 0.002 0.006 0.022 0.025 0.866 
 555 E _   0.110 0.000 0.001 0.002 0.008 0.026 0.024 0.828 
 556 S _   0.153 0.000 0.001 0.003 0.012 0.032 0.022 0.777 
 557 M _   0.204 0.000 0.001 0.003 0.018 0.039 0.021 0.713 
 558 L _   0.257 0.000 0.002 0.004 0.027 0.045 0.020 0.644 
 559 T _   0.307 0.001 0.002 0.006 0.037 0.051 0.019 0.577 
 560 V _   0.349 0.002 0.002 0.009 0.046 0.054 0.018 0.520 
 561 K _   0.377 0.004 0.002 0.012 0.051 0.055 0.018 0.480 
 562 L _   0.393 0.005 0.003 0.015 0.054 0.054 0.018 0.458 
 563 F _   0.395 0.006 0.003 0.017 0.052 0.052 0.019 0.456 
 564 G _   0.387 0.006 0.003 0.017 0.048 0.049 0.020 0.472 
 565 I _   0.365 0.005 0.002 0.015 0.041 0.044 0.021 0.507 
 566 A _   0.333 0.003 0.002 0.011 0.032 0.039 0.022 0.558 
 567 C _   0.292 0.002 0.002 0.007 0.022 0.034 0.023 0.619 
 568 A _   0.248 0.001 0.001 0.004 0.014 0.030 0.024 0.678 
 569 T _   0.208 0.000 0.001 0.002 0.009 0.026 0.025 0.729 
 570 N _   0.177 0.000 0.001 0.001 0.006 0.025 0.026 0.764 
 571 N _   0.155 0.000 0.001 0.001 0.006 0.025 0.027 0.785 
 572 A _   0.143 0.000 0.001 0.002 0.006 0.026 0.028 0.794 
 573 N _   0.136 0.000 0.001 0.003 0.009 0.029 0.028 0.793 
 574 L _   0.132 0.001 0.001 0.006 0.012 0.032 0.029 0.785 
 575 L _   0.128 0.004 0.001 0.012 0.017 0.035 0.030 0.773 
 576 A _   0.121 0.007 0.002 0.020 0.021 0.037 0.031 0.761 
 577 W _   0.113 0.009 0.002 0.027 0.023 0.038 0.032 0.757 
 578 T _   0.103 0.010 0.002 0.030 0.023 0.036 0.033 0.763 
 579 C _   0.091 0.010 0.002 0.029 0.020 0.034 0.035 0.779 
 580 L _   0.080 0.009 0.001 0.024 0.017 0.031 0.037 0.802 
 581 P _   0.070 0.006 0.001 0.017 0.012 0.028 0.038 0.828 
 582 L _   0.061 0.003 0.001 0.010 0.009 0.025 0.039 0.852 
 583 F _   0.054 0.001 0.001 0.005 0.006 0.023 0.040 0.871 
 584 P _   0.050 0.000 0.000 0.003 0.004 0.022 0.041 0.880 
 585 K _   0.050 0.000 0.000 0.002 0.004 0.022 0.041 0.881 
 586 E _   0.054 0.000 0.000 0.002 0.004 0.025 0.041 0.873 
 587 K _   0.064 0.000 0.001 0.002 0.006 0.029 0.041 0.855 
 588 S _   0.078 0.002 0.001 0.004 0.011 0.036 0.042 0.828 
 589 I _   0.093 0.007 0.001 0.008 0.019 0.043 0.042 0.787 
 590 L _   0.107 0.019 0.002 0.016 0.030 0.051 0.042 0.734 
 591 G _   0.116 0.038 0.002 0.029 0.039 0.055 0.042 0.679 
 592 S _   0.121 0.054 0.003 0.041 0.045 0.057 0.043 0.636 
 593 M _   0.121 0.064 0.003 0.051 0.048 0.056 0.044 0.613 
 594 L _   0.116 0.068 0.003 0.056 0.047 0.054 0.046 0.611 
 595 F _   0.107 0.068 0.003 0.054 0.042 0.049 0.048 0.629 
 596 S _   0.096 0.062 0.002 0.047 0.036 0.044 0.051 0.663 
 597 M _   0.082 0.050 0.002 0.036 0.028 0.038 0.054 0.710 
 598 T _   0.069 0.034 0.002 0.023 0.019 0.031 0.058 0.764 
 599 L _   0.055 0.019 0.001 0.013 0.012 0.026 0.061 0.813 
 600 Q _   0.043 0.008 0.001 0.007 0.007 0.021 0.063 0.849 
 601 S _   0.034 0.004 0.000 0.004 0.005 0.018 0.065 0.870 
 602 E _   0.027 0.003 0.000 0.003 0.004 0.017 0.066 0.880 
 603 P _   0.024 0.002 0.000 0.003 0.003 0.016 0.068 0.883 
 604 P _   0.022 0.003 0.000 0.004 0.004 0.017 0.069 0.880 
 605 V _   0.023 0.005 0.001 0.007 0.006 0.018 0.070 0.872 
 606 E _   0.023 0.009 0.001 0.011 0.008 0.020 0.070 0.858 
 607 M _   0.024 0.014 0.001 0.017 0.010 0.021 0.071 0.842 
 608 I _   0.023 0.020 0.001 0.022 0.012 0.022 0.072 0.827 
 609 T _   0.022 0.025 0.001 0.026 0.013 0.022 0.073 0.817 
 610 P _   0.021 0.028 0.001 0.028 0.013 0.021 0.075 0.814 
 611 G _   0.019 0.029 0.001 0.027 0.012 0.020 0.077 0.815 
 612 V _   0.017 0.029 0.001 0.024 0.010 0.018 0.079 0.822 
 613 W _   0.015 0.027 0.001 0.019 0.008 0.017 0.081 0.831 
 614 D _   0.014 0.025 0.001 0.015 0.007 0.015 0.084 0.840 
 615 V _   0.012 0.023 0.001 0.011 0.005 0.014 0.086 0.849 
 616 S _   0.011 0.022 0.000 0.008 0.004 0.013 0.088 0.854 
 617 Q _   0.010 0.022 0.000 0.007 0.004 0.013 0.089 0.855 
 618 P _   0.010 0.023 0.000 0.006 0.004 0.013 0.091 0.852 
 619 S _   0.011 0.026 0.000 0.007 0.004 0.014 0.092 0.846 
 620 P _   0.011 0.032 0.001 0.009 0.005 0.015 0.093 0.834 
 621 V _   0.012 0.042 0.001 0.012 0.007 0.016 0.094 0.816 
 622 T _   0.013 0.056 0.001 0.017 0.008 0.018 0.095 0.793 
 623 L _   0.013 0.073 0.001 0.022 0.010 0.019 0.096 0.766 
 624 Q _   0.013 0.090 0.001 0.028 0.011 0.020 0.097 0.740 
 625 I _   0.013 0.104 0.001 0.033 0.012 0.020 0.098 0.718 
 626 D _   0.013 0.114 0.001 0.037 0.012 0.020 0.100 0.702 
 627 F _   0.013 0.121 0.001 0.040 0.012 0.020 0.103 0.690 
 628 P _   0.012 0.124 0.001 0.042 0.012 0.019 0.106 0.684 
 629 A _   0.012 0.124 0.001 0.042 0.011 0.018 0.110 0.682 
 630 T _   0.012 0.121 0.001 0.040 0.010 0.017 0.115 0.685 
 631 G _   0.011 0.115 0.001 0.036 0.009 0.015 0.121 0.692 
 632 W _   0.011 0.105 0.001 0.032 0.008 0.014 0.127 0.704 
 633 E _   0.010 0.091 0.001 0.026 0.006 0.012 0.134 0.719 
 634 Y _   0.010 0.076 0.001 0.021 0.005 0.011 0.140 0.738 
 635 M _   0.009 0.060 0.001 0.016 0.004 0.009 0.147 0.756 
 636 K _   0.008 0.046 0.000 0.012 0.003 0.008 0.152 0.771 
 637 P _   0.007 0.036 0.000 0.008 0.002 0.007 0.157 0.783 
 638 D _   0.006 0.029 0.000 0.006 0.002 0.006 0.160 0.792 
 639 S _   0.005 0.025 0.000 0.005 0.001 0.005 0.162 0.797 
 640 E _   0.004 0.023 0.000 0.004 0.001 0.005 0.162 0.800 
 641 E _   0.004 0.023 0.000 0.004 0.001 0.005 0.162 0.801 
 642 N _   0.004 0.023 0.000 0.004 0.001 0.005 0.161 0.801 
 643 R _   0.004 0.026 0.000 0.005 0.001 0.006 0.159 0.799 
 644 S _   0.004 0.031 0.000 0.006 0.002 0.007 0.156 0.794 
 645 N _   0.004 0.040 0.000 0.008 0.002 0.009 0.152 0.784 
 646 L _   0.005 0.055 0.000 0.012 0.003 0.011 0.146 0.767 
 647 E _   0.006 0.079 0.001 0.016 0.005 0.014 0.139 0.741 
 648 E _   0.007 0.112 0.001 0.020 0.007 0.017 0.131 0.706 
 649 P _   0.008 0.154 0.001 0.026 0.009 0.019 0.122 0.662 
 650 L _   0.009 0.200 0.001 0.031 0.011 0.022 0.113 0.613 
 651 K _   0.009 0.246 0.001 0.036 0.013 0.024 0.105 0.565 
 652 E _   0.010 0.285 0.001 0.041 0.015 0.025 0.099 0.524 
 653 C _   0.011 0.313 0.001 0.045 0.016 0.026 0.094 0.493 
 654 I _   0.012 0.333 0.001 0.048 0.017 0.026 0.090 0.472 
 655 K _   0.013 0.344 0.001 0.050 0.017 0.026 0.088 0.461 
 656 H _   0.014 0.348 0.001 0.049 0.017 0.025 0.086 0.459 
 657 I _   0.015 0.346 0.001 0.048 0.016 0.024 0.085 0.464 
 658 A _   0.015 0.338 0.001 0.045 0.016 0.023 0.085 0.476 
 659 R _   0.016 0.322 0.001 0.040 0.014 0.022 0.086 0.498 
 660 L _   0.016 0.297 0.001 0.035 0.013 0.020 0.087 0.530 
 661 S _   0.016 0.262 0.001 0.030 0.012 0.019 0.089 0.571 
 662 Q _   0.016 0.221 0.001 0.026 0.010 0.017 0.091 0.617 
 663 K _   0.016 0.179 0.001 0.021 0.009 0.016 0.094 0.664 
