#TopoPred_TM8: 8-state transmembrane topology prediction results by no_profile mode 
#probabilities are in the order of H E C I L F X _, the 8 transmembrane topology types used in PDBTM 
   1 M X   0.013 0.001 0.002 0.034 0.007 0.008 0.705 0.231 
   2 P X   0.004 0.000 0.000 0.015 0.001 0.003 0.720 0.256 
   3 P X   0.001 0.000 0.000 0.007 0.000 0.002 0.722 0.268 
   4 G X   0.001 0.001 0.000 0.006 0.000 0.002 0.717 0.273 
   5 V X   0.001 0.002 0.000 0.008 0.001 0.005 0.707 0.276 
   6 D X   0.003 0.005 0.000 0.011 0.002 0.009 0.690 0.279 
   7 C X   0.005 0.011 0.000 0.018 0.004 0.013 0.669 0.281 
   8 P X   0.006 0.022 0.001 0.026 0.005 0.017 0.641 0.283 
   9 M X   0.006 0.034 0.001 0.036 0.007 0.019 0.608 0.288 
  10 E X   0.006 0.046 0.001 0.043 0.009 0.021 0.574 0.299 
  11 F X   0.006 0.055 0.001 0.046 0.010 0.021 0.544 0.317 
  12 W X   0.005 0.060 0.001 0.044 0.010 0.021 0.519 0.339 
  13 T X   0.005 0.063 0.001 0.039 0.010 0.021 0.497 0.365 
  14 K X   0.005 0.063 0.001 0.031 0.009 0.021 0.479 0.390 
  15 E X   0.006 0.063 0.001 0.024 0.008 0.022 0.463 0.413 
  16 E X   0.007 0.063 0.001 0.019 0.008 0.023 0.448 0.432 
  17 N _   0.008 0.063 0.001 0.015 0.008 0.025 0.434 0.446 
  18 Q _   0.010 0.065 0.001 0.014 0.009 0.027 0.420 0.455 
  19 S _   0.013 0.068 0.001 0.014 0.010 0.030 0.405 0.459 
  20 V _   0.016 0.074 0.001 0.016 0.013 0.033 0.389 0.457 
  21 V _   0.019 0.083 0.001 0.020 0.017 0.036 0.373 0.451 
  22 V _   0.022 0.094 0.002 0.025 0.020 0.039 0.356 0.442 
  23 D _   0.025 0.105 0.002 0.030 0.024 0.040 0.340 0.435 
  24 F _   0.027 0.113 0.002 0.034 0.026 0.041 0.326 0.430 
  25 L _   0.028 0.119 0.002 0.038 0.028 0.041 0.314 0.430 
  26 L _   0.029 0.122 0.002 0.040 0.028 0.040 0.304 0.434 
  27 P _   0.028 0.123 0.002 0.041 0.027 0.038 0.296 0.445 
  28 T _   0.027 0.120 0.002 0.040 0.026 0.036 0.289 0.461 
  29 G _   0.026 0.114 0.002 0.037 0.023 0.033 0.283 0.482 
  30 V _   0.025 0.105 0.002 0.033 0.020 0.030 0.279 0.506 
  31 Y _   0.023 0.093 0.001 0.029 0.016 0.027 0.275 0.535 
  32 L _   0.021 0.079 0.001 0.024 0.013 0.024 0.272 0.566 
  33 N _   0.019 0.063 0.001 0.019 0.010 0.021 0.270 0.598 
  34 F _   0.016 0.048 0.001 0.014 0.008 0.019 0.267 0.628 
  35 P _   0.014 0.035 0.001 0.010 0.006 0.017 0.264 0.654 
  36 V _   0.013 0.027 0.001 0.007 0.004 0.015 0.261 0.673 
  37 S _   0.012 0.022 0.000 0.005 0.004 0.015 0.257 0.685 
  38 R _   0.011 0.020 0.000 0.004 0.003 0.015 0.253 0.692 
  39 N _   0.012 0.019 0.000 0.005 0.004 0.017 0.248 0.695 
  40 A _   0.013 0.021 0.001 0.006 0.005 0.019 0.243 0.692 
  41 N _   0.015 0.026 0.001 0.009 0.007 0.022 0.237 0.683 
  42 L _   0.018 0.034 0.001 0.014 0.010 0.025 0.230 0.668 
  43 S _   0.020 0.045 0.001 0.021 0.014 0.028 0.223 0.649 
  44 T _   0.022 0.056 0.001 0.028 0.017 0.030 0.216 0.629 
  45 I _   0.023 0.066 0.001 0.035 0.020 0.032 0.210 0.614 
  46 K _   0.023 0.072 0.002 0.039 0.021 0.032 0.205 0.606 
  47 Q _   0.023 0.075 0.001 0.041 0.021 0.031 0.202 0.607 
  48 L _   0.023 0.074 0.001 0.039 0.020 0.030 0.199 0.614 
  49 L _   0.023 0.071 0.001 0.036 0.018 0.028 0.197 0.627 
  50 W _   0.022 0.064 0.001 0.030 0.015 0.026 0.195 0.647 
  51 H _   0.020 0.054 0.001 0.024 0.013 0.024 0.195 0.669 
  52 R _   0.019 0.044 0.001 0.018 0.010 0.021 0.194 0.691 
  53 A _   0.018 0.034 0.001 0.014 0.008 0.020 0.194 0.711 
  54 Q _   0.016 0.026 0.001 0.011 0.007 0.018 0.194 0.727 
  55 Y _   0.015 0.020 0.001 0.009 0.006 0.017 0.194 0.739 
  56 E _   0.014 0.017 0.001 0.008 0.005 0.016 0.193 0.747 
  57 P _   0.014 0.014 0.001 0.007 0.005 0.016 0.192 0.751 
  58 L _   0.014 0.013 0.001 0.007 0.004 0.016 0.191 0.754 
  59 F _   0.015 0.012 0.001 0.006 0.004 0.016 0.190 0.756 
  60 H _   0.016 0.012 0.001 0.006 0.005 0.017 0.188 0.755 
  61 M _   0.017 0.012 0.001 0.006 0.005 0.019 0.187 0.753 
  62 L _   0.019 0.014 0.001 0.007 0.006 0.021 0.184 0.749 
  63 S _   0.021 0.016 0.001 0.008 0.008 0.024 0.182 0.740 
  64 G _   0.025 0.021 0.001 0.010 0.010 0.027 0.179 0.727 
  65 P _   0.029 0.030 0.001 0.013 0.014 0.030 0.177 0.707 
  66 E _   0.033 0.042 0.001 0.018 0.018 0.033 0.174 0.681 
  67 A _   0.036 0.056 0.002 0.025 0.021 0.035 0.172 0.654 
  68 Y _   0.038 0.071 0.002 0.032 0.024 0.036 0.170 0.628 
  69 V _   0.039 0.083 0.002 0.039 0.025 0.036 0.169 0.607 
  70 F _   0.038 0.091 0.002 0.044 0.025 0.035 0.169 0.597 
  71 T _   0.036 0.094 0.002 0.047 0.024 0.033 0.170 0.595 
  72 C _   0.033 0.094 0.002 0.046 0.021 0.030 0.171 0.602 
  73 I _   0.031 0.090 0.001 0.043 0.018 0.027 0.174 0.616 
  74 N _   0.027 0.082 0.001 0.037 0.015 0.023 0.177 0.637 
  75 Q _   0.023 0.070 0.001 0.030 0.011 0.019 0.181 0.664 
  76 T _   0.020 0.054 0.001 0.022 0.008 0.016 0.186 0.693 
  77 A _   0.017 0.038 0.001 0.016 0.006 0.013 0.190 0.720 
  78 E _   0.014 0.024 0.001 0.011 0.004 0.011 0.193 0.743 
  79 Q _   0.011 0.014 0.000 0.007 0.003 0.009 0.196 0.759 
  80 Q _   0.009 0.008 0.000 0.005 0.002 0.007 0.197 0.771 
  81 E _   0.007 0.005 0.000 0.004 0.002 0.006 0.198 0.777 
  82 L _   0.006 0.003 0.000 0.003 0.002 0.006 0.198 0.781 
  83 E _   0.006 0.002 0.000 0.003 0.001 0.006 0.198 0.783 
  84 D _   0.006 0.002 0.000 0.003 0.002 0.006 0.197 0.784 
  85 E _   0.006 0.002 0.000 0.004 0.002 0.007 0.195 0.784 
  86 Q _   0.006 0.002 0.000 0.004 0.002 0.008 0.193 0.784 
  87 R _   0.007 0.002 0.000 0.005 0.002 0.009 0.190 0.783 
  88 R _   0.008 0.003 0.000 0.006 0.003 0.011 0.187 0.782 
  89 L _   0.010 0.003 0.000 0.006 0.004 0.014 0.184 0.779 
  90 C _   0.012 0.005 0.001 0.007 0.005 0.017 0.180 0.774 
  91 D _   0.015 0.006 0.001 0.009 0.006 0.020 0.176 0.767 
  92 V _   0.019 0.009 0.001 0.010 0.008 0.024 0.172 0.757 
  93 Q _   0.024 0.012 0.001 0.012 0.011 0.029 0.168 0.742 
  94 P _   0.029 0.017 0.001 0.016 0.015 0.033 0.163 0.725 
  95 F _   0.034 0.023 0.001 0.020 0.019 0.037 0.159 0.706 
  96 L _   0.038 0.029 0.002 0.025 0.023 0.040 0.156 0.687 
  97 P _   0.042 0.034 0.002 0.031 0.026 0.042 0.152 0.673 
  98 V _   0.044 0.038 0.002 0.035 0.027 0.042 0.150 0.663 
  99 L _   0.044 0.039 0.002 0.038 0.026 0.040 0.148 0.663 
 100 R _   0.043 0.039 0.002 0.037 0.024 0.038 0.147 0.670 
 101 L _   0.040 0.037 0.002 0.034 0.021 0.035 0.147 0.684 
 102 V _   0.037 0.032 0.001 0.028 0.018 0.031 0.147 0.706 
 103 A _   0.033 0.025 0.001 0.021 0.014 0.028 0.147 0.732 
 104 R _   0.029 0.017 0.001 0.015 0.010 0.024 0.147 0.757 
 105 E _   0.026 0.010 0.001 0.010 0.007 0.022 0.147 0.779 
 106 G _   0.023 0.005 0.001 0.006 0.005 0.020 0.146 0.793 
 107 D _   0.022 0.003 0.000 0.004 0.004 0.019 0.145 0.802 
 108 R _   0.023 0.002 0.000 0.003 0.004 0.019 0.144 0.804 
 109 V _   0.026 0.001 0.000 0.003 0.004 0.020 0.143 0.802 
 110 K _   0.031 0.002 0.000 0.003 0.005 0.023 0.142 0.795 
 111 K _   0.038 0.002 0.001 0.004 0.006 0.027 0.140 0.782 
 112 L _   0.047 0.005 0.001 0.005 0.010 0.032 0.138 0.762 
 113 I _   0.058 0.011 0.001 0.008 0.015 0.038 0.135 0.733 
 114 N _   0.069 0.023 0.002 0.013 0.022 0.044 0.133 0.695 
 115 S _   0.079 0.043 0.002 0.019 0.030 0.049 0.130 0.649 
 116 Q _   0.086 0.067 0.002 0.027 0.036 0.052 0.128 0.602 
 117 I _   0.090 0.091 0.002 0.035 0.040 0.053 0.126 0.562 
 118 S _   0.092 0.108 0.002 0.042 0.042 0.053 0.126 0.535 
 119 L _   0.089 0.120 0.002 0.048 0.041 0.051 0.127 0.522 
 120 L _   0.084 0.125 0.002 0.051 0.039 0.047 0.128 0.523 
 121 I _   0.077 0.126 0.002 0.051 0.034 0.043 0.130 0.536 
 122 G _   0.068 0.122 0.002 0.048 0.029 0.038 0.134 0.559 
 123 K _   0.059 0.112 0.002 0.042 0.023 0.033 0.137 0.590 
 124 G _   0.050 0.098 0.002 0.035 0.018 0.028 0.142 0.628 
 125 L _   0.040 0.078 0.001 0.027 0.013 0.023 0.147 0.670 
 126 H _   0.032 0.058 0.001 0.020 0.009 0.019 0.152 0.710 
 127 E _   0.024 0.040 0.001 0.014 0.006 0.015 0.156 0.745 
 128 F _   0.018 0.025 0.001 0.010 0.004 0.011 0.159 0.772 
 129 D _   0.013 0.016 0.000 0.007 0.003 0.009 0.161 0.791 
 130 S _   0.010 0.011 0.000 0.005 0.002 0.007 0.162 0.804 
 131 L _   0.007 0.008 0.000 0.003 0.001 0.006 0.162 0.812 
 132 C _   0.006 0.006 0.000 0.003 0.001 0.005 0.162 0.816 
 133 D _   0.005 0.006 0.000 0.003 0.001 0.006 0.160 0.819 
 134 P _   0.005 0.007 0.000 0.003 0.001 0.006 0.158 0.819 
 135 E _   0.005 0.009 0.000 0.004 0.002 0.008 0.155 0.816 
 136 V _   0.006 0.015 0.000 0.006 0.003 0.011 0.151 0.808 
 137 N _   0.008 0.026 0.001 0.010 0.005 0.014 0.146 0.792 
 138 D _   0.009 0.046 0.001 0.015 0.007 0.018 0.139 0.765 
 139 F _   0.011 0.078 0.001 0.022 0.010 0.021 0.131 0.726 
 140 R _   0.012 0.116 0.001 0.030 0.013 0.024 0.122 0.682 
 141 A _   0.012 0.154 0.002 0.037 0.015 0.026 0.114 0.640 
 142 K _   0.013 0.184 0.002 0.043 0.017 0.027 0.107 0.607 
 143 M _   0.013 0.205 0.001 0.047 0.018 0.027 0.102 0.586 
 144 C _   0.013 0.218 0.001 0.050 0.018 0.027 0.098 0.575 
 145 Q _   0.013 0.224 0.001 0.050 0.018 0.026 0.095 0.573 
 146 F _   0.013 0.225 0.001 0.047 0.017 0.025 0.093 0.578 
 147 C _   0.014 0.222 0.001 0.043 0.015 0.024 0.091 0.589 
 148 E _   0.014 0.213 0.001 0.038 0.014 0.023 0.090 0.607 
 149 E _   0.014 0.199 0.001 0.032 0.012 0.021 0.090 0.631 
 150 A _   0.014 0.181 0.001 0.025 0.010 0.020 0.090 0.659 
 151 A _   0.015 0.161 0.001 0.019 0.008 0.019 0.089 0.688 
 152 A _   0.015 0.142 0.001 0.014 0.007 0.018 0.089 0.714 
 153 R _   0.014 0.127 0.001 0.011 0.006 0.017 0.089 0.735 
 154 R _   0.014 0.118 0.001 0.008 0.005 0.017 0.089 0.748 
 155 Q _   0.014 0.113 0.001 0.008 0.005 0.017 0.088 0.754 
 156 Q _   0.014 0.111 0.001 0.009 0.005 0.018 0.087 0.755 
 157 L _   0.015 0.112 0.001 0.010 0.006 0.019 0.086 0.750 
 158 G _   0.016 0.116 0.001 0.014 0.008 0.020 0.085 0.742 
 159 W _   0.017 0.121 0.001 0.018 0.009 0.021 0.084 0.731 
 160 E _   0.017 0.126 0.001 0.022 0.010 0.021 0.083 0.720 
 161 A _   0.017 0.129 0.001 0.026 0.011 0.021 0.082 0.713 
 162 W _   0.017 0.131 0.001 0.028 0.012 0.020 0.081 0.710 
 163 L _   0.016 0.129 0.001 0.029 0.011 0.019 0.081 0.713 
 164 Q _   0.015 0.124 0.001 0.028 0.011 0.018 0.081 0.721 
 165 Y _   0.015 0.116 0.001 0.026 0.010 0.017 0.082 0.733 
 166 S _   0.014 0.105 0.001 0.024 0.009 0.016 0.083 0.748 
 167 F _   0.014 0.092 0.001 0.020 0.008 0.014 0.084 0.766 
 168 P _   0.013 0.078 0.001 0.017 0.007 0.013 0.085 0.786 
 169 L _   0.013 0.063 0.001 0.014 0.006 0.012 0.087 0.805 
 170 Q _   0.012 0.051 0.001 0.011 0.005 0.011 0.088 0.822 
 171 L _   0.011 0.041 0.001 0.009 0.004 0.010 0.089 0.835 
 172 E _   0.010 0.034 0.000 0.008 0.003 0.009 0.090 0.845 
 173 P _   0.009 0.030 0.000 0.007 0.003 0.009 0.090 0.852 
 174 S _   0.009 0.027 0.000 0.006 0.003 0.009 0.090 0.855 
 175 A _   0.009 0.026 0.000 0.007 0.003 0.009 0.090 0.857 
 176 Q _   0.009 0.025 0.000 0.007 0.003 0.009 0.090 0.857 
 177 T _   0.009 0.026 0.000 0.008 0.003 0.010 0.089 0.855 
 178 W _   0.008 0.027 0.000 0.009 0.004 0.010 0.089 0.853 
 179 G _   0.008 0.029 0.000 0.010 0.004 0.010 0.088 0.850 
 180 P _   0.008 0.031 0.001 0.011 0.004 0.011 0.087 0.847 
 181 G _   0.008 0.033 0.001 0.011 0.005 0.012 0.086 0.844 
 182 T _   0.009 0.036 0.001 0.012 0.005 0.012 0.085 0.841 
 183 L _   0.009 0.039 0.001 0.012 0.005 0.013 0.083 0.838 
 184 R _   0.009 0.042 0.001 0.013 0.006 0.014 0.082 0.834 
 185 L _   0.009 0.045 0.001 0.014 0.006 0.014 0.081 0.829 
 186 P _   0.010 0.049 0.001 0.016 0.007 0.015 0.080 0.822 
 187 N _   0.010 0.054 0.001 0.018 0.008 0.016 0.079 0.815 
 188 R _   0.011 0.058 0.001 0.021 0.009 0.017 0.078 0.806 
 189 A _   0.011 0.062 0.001 0.024 0.010 0.018 0.077 0.798 
 190 L _   0.011 0.065 0.001 0.026 0.010 0.018 0.077 0.791 
 191 L _   0.011 0.067 0.001 0.028 0.010 0.018 0.076 0.788 
 192 V _   0.011 0.067 0.001 0.029 0.010 0.018 0.076 0.788 
 193 N _   0.011 0.065 0.001 0.028 0.010 0.017 0.076 0.792 
 194 V _   0.011 0.061 0.001 0.025 0.009 0.016 0.077 0.800 
 195 K _   0.010 0.056 0.001 0.022 0.008 0.016 0.077 0.810 
 196 F _   0.010 0.049 0.001 0.019 0.007 0.015 0.078 0.822 
 197 E _   0.010 0.042 0.001 0.016 0.006 0.015 0.079 0.832 
 198 G _   0.009 0.035 0.001 0.014 0.006 0.014 0.080 0.842 
 199 S _   0.010 0.029 0.001 0.012 0.006 0.014 0.080 0.848 
 200 E _   0.010 0.025 0.001 0.012 0.006 0.015 0.081 0.851 
 201 E _   0.010 0.021 0.001 0.012 0.006 0.015 0.082 0.853 
 202 S _   0.011 0.018 0.001 0.012 0.006 0.016 0.083 0.854 
 203 F _   0.013 0.015 0.001 0.012 0.006 0.017 0.084 0.853 
 204 T _   0.014 0.012 0.001 0.011 0.006 0.018 0.085 0.854 
 205 F _   0.016 0.009 0.001 0.010 0.006 0.019 0.085 0.854 
 206 Q _   0.019 0.007 0.001 0.009 0.006 0.020 0.086 0.853 
 207 V _   0.023 0.005 0.001 0.007 0.006 0.023 0.087 0.849 
 208 S _   0.030 0.003 0.001 0.006 0.007 0.026 0.087 0.841 
 209 T _   0.040 0.003 0.001 0.005 0.008 0.030 0.088 0.827 
 210 K _   0.054 0.002 0.001 0.005 0.011 0.035 0.088 0.804 
 211 D _   0.071 0.003 0.001 0.006 0.015 0.041 0.089 0.773 
 212 V _   0.092 0.005 0.001 0.008 0.022 0.048 0.090 0.735 
 213 P _   0.112 0.008 0.002 0.013 0.030 0.054 0.091 0.692 
 214 L _   0.129 0.012 0.002 0.019 0.037 0.058 0.093 0.651 
 215 A _   0.141 0.016 0.002 0.025 0.042 0.060 0.095 0.619 
 216 L _   0.147 0.020 0.002 0.029 0.044 0.060 0.098 0.599 
 217 M _   0.148 0.021 0.002 0.031 0.043 0.057 0.102 0.594 
 218 A _   0.144 0.021 0.002 0.030 0.040 0.053 0.107 0.603 
 219 C _   0.135 0.019 0.002 0.026 0.035 0.049 0.113 0.622 
 220 A _   0.122 0.016 0.002 0.021 0.028 0.043 0.119 0.649 
 221 L _   0.108 0.012 0.002 0.016 0.022 0.038 0.125 0.679 
 222 R _   0.093 0.008 0.001 0.012 0.016 0.032 0.131 0.707 
 223 K _   0.078 0.005 0.001 0.009 0.011 0.027 0.137 0.731 
 224 K _   0.065 0.004 0.001 0.007 0.008 0.023 0.143 0.749 
 225 A _   0.053 0.003 0.001 0.007 0.007 0.020 0.148 0.763 
 226 T _   0.043 0.002 0.001 0.007 0.005 0.017 0.153 0.772 
 227 V _   0.035 0.002 0.001 0.007 0.005 0.015 0.157 0.778 
 228 F _   0.029 0.002 0.001 0.007 0.005 0.014 0.161 0.782 
 229 R _   0.024 0.002 0.001 0.008 0.004 0.012 0.165 0.785 
 230 Q _   0.020 0.002 0.000 0.008 0.004 0.011 0.168 0.787 
 231 P _   0.016 0.002 0.000 0.008 0.004 0.010 0.171 0.789 
 232 L _   0.014 0.002 0.000 0.007 0.003 0.009 0.174 0.791 
 233 V _   0.012 0.001 0.000 0.007 0.003 0.008 0.176 0.792 
 234 E _   0.010 0.001 0.000 0.006 0.003 0.008 0.178 0.793 
 235 Q _   0.009 0.001 0.000 0.006 0.003 0.007 0.180 0.794 
 236 P _   0.008 0.001 0.000 0.006 0.002 0.007 0.182 0.794 
 237 E _   0.007 0.001 0.000 0.005 0.002 0.006 0.183 0.794 
 238 D _   0.007 0.001 0.000 0.005 0.002 0.006 0.184 0.794 
 239 Y _   0.006 0.001 0.000 0.006 0.002 0.007 0.185 0.793 
 240 T _   0.006 0.001 0.000 0.006 0.002 0.007 0.185 0.792 
 241 L _   0.006 0.002 0.000 0.007 0.003 0.007 0.185 0.790 
 242 Q _   0.006 0.002 0.000 0.008 0.003 0.008 0.185 0.788 
 243 V _   0.006 0.002 0.000 0.009 0.003 0.008 0.185 0.785 
 244 N _   0.006 0.003 0.000 0.010 0.003 0.009 0.185 0.783 
 245 G _   0.006 0.003 0.000 0.010 0.004 0.010 0.185 0.782 
 246 R _   0.007 0.003 0.000 0.010 0.004 0.011 0.185 0.780 
 247 H _   0.007 0.003 0.000 0.010 0.004 0.012 0.185 0.779 
 248 E _   0.007 0.003 0.000 0.009 0.004 0.013 0.184 0.779 
 249 Y _   0.008 0.002 0.000 0.008 0.004 0.015 0.184 0.778 
 250 L _   0.010 0.002 0.000 0.007 0.004 0.017 0.184 0.775 
 251 Y _   0.013 0.002 0.000 0.007 0.005 0.020 0.183 0.770 
 252 G _   0.018 0.002 0.001 0.006 0.006 0.024 0.183 0.761 
 253 S _   0.025 0.002 0.001 0.006 0.007 0.029 0.182 0.748 
 254 Y _   0.035 0.003 0.001 0.007 0.010 0.036 0.181 0.727 
 255 P _   0.048 0.004 0.001 0.008 0.015 0.045 0.180 0.700 
 256 L _   0.063 0.006 0.001 0.010 0.022 0.053 0.179 0.666 
 257 C _   0.079 0.008 0.002 0.013 0.031 0.062 0.178 0.628 
 258 Q _   0.095 0.012 0.002 0.017 0.040 0.069 0.177 0.589 
 259 F _   0.109 0.016 0.002 0.021 0.047 0.074 0.177 0.554 
 260 Q _   0.120 0.019 0.002 0.024 0.052 0.076 0.178 0.528 
 261 Y _   0.128 0.021 0.002 0.026 0.055 0.077 0.180 0.510 
 262 I _   0.133 0.022 0.003 0.027 0.055 0.076 0.183 0.502 
 263 C _   0.135 0.021 0.002 0.025 0.052 0.074 0.188 0.502 
 264 S _   0.135 0.020 0.002 0.023 0.048 0.070 0.192 0.509 
 265 C _   0.133 0.017 0.002 0.019 0.042 0.067 0.198 0.522 
 266 L _   0.129 0.014 0.002 0.015 0.036 0.063 0.204 0.537 
 267 H _   0.124 0.011 0.002 0.012 0.030 0.059 0.211 0.552 
 268 S _   0.117 0.008 0.001 0.010 0.024 0.056 0.218 0.565 
 269 G _   0.109 0.007 0.001 0.008 0.021 0.053 0.226 0.576 
 270 L _   0.101 0.006 0.001 0.008 0.018 0.050 0.233 0.582 
 271 T _   0.094 0.006 0.001 0.008 0.016 0.048 0.241 0.586 
 272 P _   0.088 0.007 0.001 0.008 0.016 0.046 0.249 0.585 
 273 H _   0.082 0.008 0.001 0.010 0.016 0.045 0.258 0.580 
 274 L _   0.076 0.011 0.001 0.012 0.017 0.044 0.267 0.574 
 275 T _   0.070 0.013 0.001 0.014 0.017 0.042 0.276 0.566 
 276 M _   0.064 0.017 0.001 0.017 0.018 0.041 0.286 0.555 
 277 V _   0.058 0.021 0.001 0.021 0.019 0.039 0.296 0.543 
 278 H _   0.052 0.026 0.002 0.026 0.020 0.037 0.308 0.529 
 279 S _   0.046 0.029 0.002 0.031 0.020 0.035 0.321 0.516 
 280 S _   0.041 0.031 0.002 0.035 0.019 0.032 0.337 0.503 
 281 S _   0.036 0.032 0.001 0.037 0.018 0.029 0.354 0.493 
 282 I _   0.031 0.031 0.001 0.036 0.015 0.026 0.373 0.486 
 283 L _   0.027 0.029 0.001 0.033 0.013 0.022 0.394 0.481 
 284 A _   0.022 0.025 0.001 0.028 0.010 0.018 0.417 0.480 
 285 M _   0.018 0.019 0.001 0.021 0.007 0.015 0.439 0.479 
 286 R _   0.015 0.014 0.001 0.015 0.005 0.011 0.460 0.480 
 287 D _   0.012 0.009 0.000 0.010 0.003 0.009 0.479 0.479 
 288 E X   0.009 0.005 0.000 0.006 0.002 0.007 0.494 0.476 
 289 Q X   0.007 0.003 0.000 0.004 0.002 0.005 0.507 0.471 
 290 S X   0.006 0.002 0.000 0.003 0.001 0.004 0.517 0.466 
 291 N X   0.005 0.001 0.000 0.003 0.001 0.004 0.526 0.460 
 292 P X   0.005 0.001 0.000 0.003 0.001 0.004 0.532 0.455 
 293 A X   0.004 0.001 0.000 0.003 0.001 0.004 0.537 0.450 
 294 P X   0.004 0.001 0.000 0.004 0.001 0.004 0.540 0.446 
 295 Q X   0.004 0.001 0.000 0.005 0.001 0.004 0.543 0.442 
 296 V X   0.004 0.001 0.000 0.005 0.001 0.004 0.545 0.439 
 297 Q X   0.004 0.001 0.000 0.006 0.001 0.004 0.546 0.437 
 298 K X   0.004 0.002 0.000 0.006 0.001 0.004 0.546 0.437 
 299 P X   0.003 0.002 0.000 0.006 0.001 0.004 0.546 0.437 
 300 R X   0.003 0.002 0.000 0.006 0.001 0.004 0.545 0.440 
 301 A X   0.003 0.002 0.000 0.005 0.001 0.004 0.543 0.443 
 302 K X   0.003 0.002 0.000 0.004 0.001 0.003 0.540 0.447 
 303 P X   0.003 0.002 0.000 0.004 0.001 0.003 0.537 0.451 
 304 P X   0.002 0.002 0.000 0.003 0.001 0.003 0.532 0.456 
 305 P X   0.002 0.002 0.000 0.003 0.001 0.003 0.526 0.462 
 306 I X   0.002 0.003 0.000 0.003 0.001 0.004 0.518 0.468 
 307 P X   0.002 0.005 0.000 0.004 0.001 0.005 0.508 0.475 
 308 A X   0.003 0.008 0.000 0.005 0.002 0.006 0.496 0.481 
 309 K _   0.003 0.013 0.000 0.007 0.002 0.008 0.480 0.485 
 310 K _   0.004 0.024 0.000 0.011 0.004 0.010 0.461 0.486 
 311 P _   0.005 0.041 0.001 0.016 0.005 0.013 0.437 0.482 
 312 S _   0.005 0.066 0.001 0.022 0.007 0.016 0.410 0.472 
 313 S _   0.006 0.097 0.001 0.028 0.009 0.018 0.382 0.457 
 314 V _   0.006 0.131 0.001 0.034 0.011 0.020 0.355 0.442 
 315 S _   0.007 0.160 0.001 0.038 0.012 0.022 0.330 0.429 
 316 L _   0.007 0.184 0.001 0.042 0.013 0.023 0.309 0.421 
 317 W _   0.007 0.202 0.001 0.043 0.013 0.023 0.292 0.419 
 318 S _   0.008 0.214 0.001 0.043 0.014 0.024 0.277 0.420 
 319 L _   0.008 0.222 0.001 0.043 0.014 0.024 0.264 0.424 
 320 E _   0.009 0.227 0.001 0.042 0.014 0.024 0.253 0.430 
 321 Q _   0.009 0.229 0.001 0.041 0.015 0.024 0.244 0.437 
 322 P _   0.010 0.228 0.001 0.040 0.014 0.023 0.236 0.446 
 323 F _   0.011 0.225 0.001 0.040 0.014 0.023 0.230 0.456 
 324 R _   0.012 0.220 0.001 0.039 0.014 0.022 0.224 0.469 
 325 I _   0.012 0.210 0.001 0.037 0.013 0.020 0.220 0.486 
 326 E _   0.012 0.196 0.001 0.035 0.012 0.019 0.217 0.508 
 327 L _   0.012 0.175 0.001 0.031 0.010 0.018 0.214 0.538 
 328 I _   0.012 0.148 0.001 0.026 0.009 0.016 0.212 0.576 
 329 Q _   0.011 0.117 0.001 0.020 0.007 0.014 0.210 0.619 
 330 G _   0.010 0.085 0.001 0.015 0.006 0.013 0.208 0.662 
 331 S _   0.010 0.060 0.001 0.010 0.004 0.012 0.205 0.698 
 332 K _   0.009 0.043 0.000 0.007 0.003 0.011 0.202 0.725 
 333 V _   0.008 0.034 0.000 0.005 0.002 0.011 0.198 0.741 
 334 N _   0.008 0.030 0.000 0.004 0.002 0.012 0.194 0.749 
 335 A _   0.010 0.030 0.000 0.004 0.003 0.014 0.188 0.751 
 336 D _   0.012 0.032 0.000 0.005 0.004 0.018 0.182 0.746 
 337 E _   0.016 0.040 0.001 0.008 0.007 0.023 0.174 0.731 
 338 R _   0.020 0.058 0.001 0.014 0.012 0.029 0.163 0.703 
 339 M _   0.024 0.088 0.002 0.022 0.017 0.034 0.152 0.661 
 340 K _   0.026 0.127 0.002 0.032 0.023 0.039 0.139 0.612 
 341 L _   0.028 0.165 0.002 0.041 0.027 0.041 0.128 0.567 
 342 V _   0.030 0.194 0.002 0.048 0.030 0.043 0.119 0.535 
 343 V _   0.030 0.214 0.002 0.053 0.031 0.043 0.111 0.516 
 344 Q _   0.031 0.224 0.002 0.054 0.031 0.042 0.105 0.510 
 345 A _   0.031 0.227 0.002 0.053 0.030 0.041 0.101 0.515 
 346 G _   0.031 0.225 0.002 0.049 0.028 0.039 0.098 0.529 
 347 L _   0.030 0.217 0.002 0.044 0.025 0.036 0.095 0.552 
 348 F _   0.028 0.203 0.002 0.038 0.022 0.034 0.093 0.580 
 349 H _   0.026 0.185 0.002 0.033 0.019 0.031 0.091 0.613 
 350 G _   0.025 0.165 0.001 0.028 0.017 0.029 0.090 0.646 
 351 N _   0.023 0.144 0.001 0.024 0.014 0.026 0.089 0.679 
 352 E _   0.021 0.124 0.001 0.021 0.012 0.024 0.088 0.709 
 353 M _   0.019 0.104 0.001 0.019 0.010 0.021 0.087 0.738 
 354 L _   0.017 0.087 0.001 0.016 0.008 0.019 0.086 0.765 
 355 C _   0.016 0.072 0.001 0.014 0.007 0.017 0.085 0.788 
 356 K _   0.014 0.060 0.001 0.012 0.006 0.016 0.084 0.808 
 357 T _   0.012 0.050 0.001 0.011 0.005 0.015 0.083 0.824 
 358 V _   0.011 0.042 0.001 0.010 0.005 0.014 0.082 0.835 
 359 S _   0.011 0.037 0.001 0.009 0.005 0.014 0.081 0.844 
 360 S _   0.011 0.033 0.001 0.009 0.005 0.014 0.079 0.849 
 361 S _   0.011 0.031 0.001 0.009 0.005 0.014 0.078 0.851 
 362 E _   0.012 0.030 0.001 0.010 0.005 0.014 0.076 0.852 
 363 V _   0.012 0.029 0.001 0.011 0.006 0.015 0.075 0.852 
 364 S _   0.012 0.029 0.001 0.013 0.006 0.015 0.073 0.851 
 365 V _   0.012 0.029 0.001 0.014 0.007 0.016 0.072 0.850 
 366 C _   0.013 0.028 0.001 0.015 0.007 0.017 0.070 0.848 
 367 S _   0.013 0.028 0.001 0.016 0.008 0.017 0.069 0.847 
 368 E _   0.014 0.028 0.001 0.018 0.008 0.018 0.068 0.846 
 369 P _   0.014 0.027 0.001 0.018 0.009 0.018 0.066 0.846 
 370 V _   0.014 0.026 0.001 0.019 0.009 0.018 0.065 0.848 
 371 W _   0.015 0.025 0.001 0.019 0.009 0.018 0.065 0.850 
 372 K _   0.015 0.023 0.001 0.018 0.009 0.017 0.064 0.853 
 373 Q _   0.015 0.020 0.001 0.017 0.008 0.017 0.064 0.859 
 374 R _   0.015 0.017 0.001 0.015 0.007 0.016 0.063 0.865 
 375 L _   0.016 0.013 0.001 0.014 0.007 0.015 0.063 0.872 
 376 E _   0.017 0.010 0.001 0.011 0.006 0.014 0.062 0.879 
 377 F _   0.020 0.006 0.001 0.009 0.005 0.014 0.062 0.884 
 378 D _   0.024 0.004 0.001 0.007 0.005 0.013 0.061 0.885 
 379 I _   0.032 0.002 0.001 0.005 0.004 0.014 0.061 0.881 
 380 N _   0.045 0.001 0.001 0.004 0.004 0.014 0.060 0.871 
 381 I _   0.065 0.000 0.001 0.003 0.004 0.016 0.059 0.852 
 382 C _   0.094 0.000 0.001 0.003 0.005 0.017 0.057 0.823 
 383 D _   0.137 0.000 0.001 0.002 0.006 0.020 0.055 0.778 
 384 L _   0.194 0.000 0.001 0.002 0.009 0.023 0.054 0.717 
 385 P _   0.263 0.000 0.001 0.002 0.012 0.027 0.052 0.644 
 386 R _   0.342 0.000 0.001 0.002 0.016 0.030 0.050 0.559 
 387 M _   0.418 0.000 0.001 0.002 0.021 0.034 0.049 0.475 
 388 A H   0.487 0.000 0.002 0.002 0.027 0.036 0.048 0.397 
 389 R H   0.544 0.000 0.002 0.003 0.034 0.038 0.049 0.331 
 390 L H   0.585 0.000 0.002 0.003 0.039 0.039 0.050 0.281 
 391 C H   0.609 0.001 0.002 0.004 0.044 0.039 0.053 0.249 
 392 F H   0.618 0.002 0.002 0.006 0.046 0.038 0.056 0.231 
 393 A H   0.612 0.002 0.002 0.008 0.047 0.037 0.062 0.229 
 394 L H   0.591 0.003 0.003 0.011 0.046 0.035 0.069 0.242 
 395 Y H   0.555 0.004 0.003 0.013 0.043 0.033 0.078 0.272 
 396 A H   0.503 0.004 0.003 0.014 0.038 0.031 0.089 0.320 
 397 V H   0.436 0.003 0.002 0.014 0.030 0.027 0.102 0.384 
 398 I _   0.361 0.003 0.002 0.013 0.023 0.024 0.117 0.458 
 399 E _   0.282 0.002 0.002 0.011 0.016 0.020 0.133 0.534 
 400 K _   0.210 0.001 0.001 0.009 0.010 0.017 0.149 0.602 
 401 A _   0.149 0.001 0.001 0.008 0.007 0.014 0.162 0.659 
 402 K _   0.101 0.001 0.001 0.006 0.004 0.011 0.174 0.703 
 403 K _   0.065 0.000 0.000 0.005 0.003 0.009 0.183 0.734 
 404 A _   0.041 0.000 0.000 0.004 0.002 0.007 0.190 0.755 
 405 R _   0.025 0.000 0.000 0.004 0.002 0.006 0.195 0.768 
 406 S _   0.016 0.000 0.000 0.003 0.001 0.005 0.198 0.775 
 407 T _   0.010 0.001 0.000 0.003 0.001 0.005 0.200 0.780 
 408 K _   0.007 0.001 0.000 0.003 0.001 0.005 0.201 0.782 
 409 K _   0.006 0.001 0.000 0.003 0.001 0.005 0.201 0.783 
 410 K _   0.005 0.002 0.000 0.003 0.001 0.006 0.200 0.782 
 411 S _   0.005 0.004 0.000 0.004 0.002 0.008 0.198 0.779 
 412 K _   0.006 0.009 0.000 0.005 0.002 0.010 0.195 0.771 
 413 K _   0.008 0.020 0.000 0.009 0.004 0.014 0.190 0.754 
 414 A _   0.011 0.043 0.001 0.014 0.007 0.019 0.184 0.721 
 415 D _   0.014 0.086 0.001 0.022 0.012 0.025 0.175 0.664 
 416 C _   0.016 0.150 0.002 0.034 0.018 0.030 0.165 0.585 
 417 P _   0.018 0.226 0.002 0.047 0.023 0.033 0.155 0.497 
 418 I _   0.018 0.293 0.002 0.059 0.025 0.034 0.147 0.421 
 419 A _   0.018 0.337 0.002 0.070 0.026 0.033 0.142 0.372 
 420 W E   0.018 0.360 0.002 0.077 0.026 0.032 0.139 0.347 
 421 A E   0.018 0.370 0.002 0.080 0.025 0.031 0.137 0.339 
 422 N E   0.017 0.369 0.002 0.078 0.023 0.028 0.137 0.345 
 423 L _   0.017 0.358 0.002 0.072 0.021 0.026 0.139 0.366 
 424 M _   0.017 0.333 0.002 0.061 0.018 0.023 0.142 0.404 
 425 L _   0.017 0.284 0.002 0.049 0.016 0.020 0.146 0.466 
 426 F _   0.016 0.216 0.002 0.035 0.012 0.018 0.152 0.549 
 427 D _   0.015 0.143 0.001 0.023 0.009 0.016 0.157 0.636 
 428 Y _   0.013 0.087 0.001 0.014 0.006 0.013 0.162 0.704 
 429 K _   0.011 0.056 0.001 0.008 0.004 0.011 0.164 0.745 
 430 D _   0.009 0.043 0.000 0.005 0.002 0.010 0.166 0.766 
 431 Q _   0.008 0.038 0.000 0.004 0.002 0.010 0.166 0.773 
 432 L _   0.007 0.037 0.000 0.004 0.002 0.010 0.165 0.773 
 433 K _   0.008 0.039 0.000 0.007 0.003 0.012 0.164 0.767 
 434 T _   0.009 0.046 0.001 0.012 0.005 0.014 0.162 0.753 
 435 G _   0.010 0.057 0.001 0.020 0.007 0.016 0.159 0.730 
 436 E _   0.010 0.072 0.001 0.031 0.009 0.017 0.156 0.703 
 437 R _   0.010 0.083 0.001 0.042 0.011 0.018 0.154 0.680 
 438 C _   0.010 0.091 0.001 0.049 0.012 0.018 0.153 0.666 
 439 L _   0.010 0.094 0.001 0.053 0.012 0.017 0.152 0.661 
 440 Y _   0.010 0.092 0.001 0.051 0.011 0.016 0.153 0.666 
 441 M _   0.009 0.087 0.001 0.045 0.009 0.014 0.154 0.681 
 442 W _   0.008 0.076 0.001 0.036 0.008 0.012 0.157 0.703 
 443 P _   0.008 0.060 0.001 0.026 0.006 0.010 0.159 0.730 
 444 S _   0.007 0.043 0.001 0.017 0.004 0.008 0.162 0.758 
 445 V _   0.006 0.029 0.000 0.010 0.003 0.007 0.164 0.780 
 446 P _   0.005 0.020 0.000 0.007 0.002 0.006 0.165 0.795 
 447 D _   0.005 0.015 0.000 0.005 0.002 0.005 0.165 0.803 
 448 E _   0.004 0.013 0.000 0.004 0.001 0.006 0.165 0.806 
 449 K _   0.004 0.013 0.000 0.005 0.002 0.006 0.164 0.806 
 450 G _   0.005 0.013 0.000 0.008 0.002 0.007 0.162 0.803 
 451 E _   0.005 0.015 0.000 0.012 0.003 0.008 0.160 0.797 
 452 L _   0.005 0.017 0.000 0.017 0.004 0.009 0.158 0.789 
 453 L _   0.006 0.020 0.001 0.023 0.005 0.010 0.155 0.781 
 454 N _   0.006 0.021 0.001 0.028 0.006 0.011 0.153 0.776 
 455 P _   0.006 0.022 0.001 0.030 0.006 0.011 0.151 0.775 
 456 T _   0.006 0.021 0.001 0.029 0.006 0.010 0.150 0.779 
 457 G _   0.005 0.018 0.001 0.025 0.005 0.009 0.149 0.788 
 458 T _   0.005 0.014 0.001 0.018 0.004 0.008 0.149 0.801 
 459 V _   0.005 0.009 0.000 0.012 0.003 0.007 0.148 0.815 
 460 R _   0.005 0.005 0.000 0.007 0.002 0.007 0.147 0.827 
 461 S _   0.006 0.002 0.000 0.004 0.001 0.006 0.146 0.835 
 462 N _   0.008 0.001 0.000 0.002 0.001 0.007 0.144 0.837 
 463 P _   0.013 0.000 0.000 0.001 0.001 0.010 0.141 0.833 
 464 N _   0.027 0.000 0.000 0.001 0.002 0.015 0.136 0.818 
 465 T _   0.054 0.000 0.000 0.002 0.005 0.024 0.131 0.784 
 466 D _   0.098 0.000 0.001 0.003 0.011 0.037 0.124 0.726 
 467 S _   0.154 0.002 0.001 0.006 0.023 0.054 0.116 0.644 
 468 A _   0.208 0.008 0.002 0.011 0.041 0.069 0.108 0.552 
 469 A _   0.251 0.019 0.003 0.019 0.059 0.081 0.100 0.467 
 470 A _   0.280 0.033 0.003 0.030 0.072 0.086 0.095 0.401 
 471 L _   0.295 0.044 0.003 0.039 0.079 0.086 0.091 0.363 
 472 L _   0.300 0.050 0.003 0.045 0.080 0.083 0.089 0.350 
 473 I _   0.296 0.051 0.003 0.046 0.077 0.077 0.088 0.361 
 474 C _   0.282 0.049 0.003 0.043 0.070 0.070 0.087 0.395 
 475 L _   0.258 0.042 0.003 0.035 0.060 0.061 0.088 0.452 
 476 P _   0.226 0.031 0.003 0.026 0.046 0.052 0.089 0.529 
 477 E _   0.187 0.018 0.002 0.017 0.031 0.042 0.090 0.614 
 478 V _   0.147 0.007 0.001 0.009 0.018 0.033 0.091 0.692 
 479 A _   0.110 0.003 0.001 0.005 0.010 0.026 0.092 0.753 
 480 P _   0.081 0.001 0.001 0.003 0.006 0.021 0.092 0.796 
 481 H _   0.060 0.000 0.000 0.002 0.004 0.018 0.092 0.824 
 482 P _   0.046 0.000 0.000 0.002 0.003 0.016 0.091 0.841 
 483 V _   0.037 0.000 0.000 0.002 0.003 0.016 0.090 0.850 
 484 Y _   0.032 0.001 0.000 0.004 0.004 0.017 0.089 0.852 
 485 Y _   0.030 0.003 0.001 0.006 0.006 0.019 0.088 0.848 
 486 P _   0.028 0.007 0.001 0.011 0.008 0.021 0.086 0.838 
 487 A _   0.027 0.013 0.001 0.017 0.010 0.023 0.084 0.825 
 488 L _   0.026 0.019 0.001 0.023 0.013 0.025 0.082 0.811 
 489 E _   0.024 0.025 0.001 0.028 0.014 0.025 0.080 0.802 
 490 K _   0.023 0.028 0.001 0.031 0.014 0.024 0.079 0.799 
 491 I _   0.021 0.029 0.001 0.031 0.014 0.023 0.078 0.803 
 492 L _   0.020 0.029 0.001 0.028 0.012 0.022 0.077 0.811 
 493 E _   0.018 0.027 0.001 0.023 0.010 0.020 0.077 0.824 
 494 L _   0.016 0.024 0.001 0.018 0.008 0.018 0.076 0.838 
 495 G _   0.015 0.021 0.001 0.013 0.007 0.016 0.076 0.851 
 496 R _   0.014 0.018 0.001 0.009 0.005 0.015 0.076 0.862 
 497 H _   0.013 0.016 0.001 0.007 0.005 0.015 0.075 0.868 
 498 S _   0.013 0.015 0.000 0.006 0.004 0.014 0.075 0.871 
 499 E _   0.014 0.015 0.001 0.007 0.005 0.015 0.075 0.870 
 500 C _   0.014 0.017 0.001 0.008 0.005 0.016 0.074 0.866 
 501 V _   0.015 0.020 0.001 0.010 0.006 0.016 0.073 0.859 
 502 H _   0.016 0.024 0.001 0.013 0.007 0.017 0.073 0.850 
 503 V _   0.016 0.028 0.001 0.016 0.008 0.018 0.072 0.841 
 504 T _   0.017 0.032 0.001 0.018 0.009 0.019 0.071 0.833 
 505 E _   0.017 0.036 0.001 0.020 0.009 0.019 0.071 0.827 
 506 E _   0.017 0.038 0.001 0.021 0.009 0.019 0.070 0.825 
 507 E _   0.016 0.040 0.001 0.021 0.009 0.018 0.070 0.825 
 508 Q _   0.015 0.040 0.001 0.021 0.009 0.017 0.070 0.827 
 509 L _   0.014 0.040 0.001 0.020 0.008 0.016 0.070 0.829 
 510 Q _   0.014 0.040 0.001 0.020 0.008 0.016 0.071 0.833 
 511 L _   0.013 0.038 0.001 0.019 0.007 0.015 0.071 0.836 
 512 R _   0.013 0.037 0.001 0.018 0.007 0.014 0.071 0.839 
 513 E _   0.012 0.035 0.001 0.018 0.006 0.013 0.072 0.843 
 514 I _   0.011 0.033 0.001 0.017 0.005 0.012 0.073 0.849 
 515 L _   0.010 0.030 0.001 0.015 0.005 0.011 0.073 0.855 
 516 E _   0.009 0.026 0.001 0.014 0.004 0.010 0.074 0.862 
 517 R _   0.009 0.023 0.000 0.012 0.004 0.009 0.074 0.870 
 518 R _   0.008 0.019 0.000 0.010 0.003 0.008 0.075 0.877 
 519 G _   0.007 0.016 0.000 0.008 0.003 0.007 0.075 0.884 
 520 S _   0.006 0.013 0.000 0.007 0.002 0.007 0.075 0.889 
 521 G _   0.006 0.012 0.000 0.006 0.002 0.007 0.075 0.893 
 522 E _   0.006 0.011 0.000 0.005 0.002 0.007 0.074 0.895 
 523 L _   0.006 0.010 0.000 0.005 0.002 0.007 0.073 0.896 
 524 Y _   0.006 0.011 0.000 0.006 0.002 0.008 0.072 0.895 
 525 E _   0.006 0.012 0.000 0.007 0.003 0.009 0.071 0.892 
 526 H _   0.006 0.015 0.000 0.009 0.003 0.010 0.069 0.887 
 527 E _   0.007 0.018 0.001 0.012 0.004 0.012 0.067 0.879 
 528 K _   0.008 0.022 0.001 0.016 0.006 0.013 0.065 0.870 
 529 D _   0.008 0.026 0.001 0.020 0.007 0.015 0.063 0.859 
 530 L _   0.009 0.030 0.001 0.025 0.008 0.017 0.061 0.849 
 531 V _   0.010 0.033 0.001 0.028 0.009 0.018 0.060 0.841 
 532 W _   0.011 0.034 0.001 0.030 0.010 0.018 0.058 0.838 
 533 K _   0.011 0.034 0.001 0.030 0.010 0.019 0.058 0.838 
 534 L _   0.011 0.032 0.001 0.028 0.009 0.019 0.057 0.844 
 535 R _   0.011 0.028 0.001 0.023 0.008 0.018 0.057 0.853 
 536 H _   0.012 0.023 0.001 0.018 0.007 0.018 0.056 0.864 
 537 E _   0.013 0.017 0.001 0.013 0.006 0.018 0.056 0.876 
 538 V _   0.014 0.012 0.001 0.009 0.005 0.019 0.056 0.884 
 539 Q _   0.017 0.009 0.001 0.006 0.005 0.020 0.055 0.888 
 540 E _   0.020 0.008 0.000 0.005 0.005 0.022 0.054 0.886 
 541 H _   0.025 0.007 0.001 0.005 0.006 0.025 0.053 0.879 
 542 F _   0.031 0.008 0.001 0.006 0.008 0.030 0.052 0.864 
 543 P _   0.040 0.012 0.001 0.008 0.012 0.035 0.050 0.841 
 544 E _   0.049 0.019 0.001 0.014 0.019 0.041 0.049 0.808 
 545 A _   0.057 0.031 0.002 0.023 0.026 0.046 0.047 0.768 
 546 L _   0.063 0.045 0.002 0.034 0.032 0.049 0.045 0.730 
 547 A _   0.067 0.056 0.002 0.044 0.035 0.050 0.044 0.701 
 548 R _   0.069 0.062 0.002 0.051 0.036 0.049 0.043 0.688 
 549 L _   0.067 0.064 0.002 0.054 0.034 0.046 0.043 0.690 
 550 L _   0.064 0.062 0.002 0.051 0.030 0.042 0.043 0.706 
 551 L _   0.059 0.055 0.002 0.043 0.025 0.037 0.044 0.736 
 552 V _   0.054 0.043 0.002 0.032 0.018 0.031 0.044 0.776 
 553 T _   0.048 0.027 0.001 0.020 0.012 0.026 0.045 0.820 
 554 K _   0.042 0.013 0.001 0.011 0.008 0.022 0.045 0.858 
 555 W _   0.039 0.004 0.001 0.005 0.005 0.019 0.045 0.882 
 556 N _   0.038 0.001 0.000 0.002 0.003 0.018 0.044 0.893 
 557 K _   0.040 0.000 0.000 0.002 0.003 0.018 0.043 0.894 
 558 H _   0.049 0.000 0.000 0.001 0.003 0.020 0.042 0.884 
 559 E _   0.064 0.000 0.000 0.002 0.005 0.024 0.041 0.864 
 560 D _   0.086 0.000 0.001 0.003 0.008 0.030 0.040 0.832 
 561 V _   0.116 0.001 0.001 0.005 0.014 0.038 0.038 0.788 
 562 A _   0.144 0.002 0.001 0.009 0.022 0.046 0.037 0.739 
 563 Q _   0.170 0.004 0.002 0.014 0.030 0.053 0.035 0.692 
 564 M _   0.191 0.006 0.002 0.019 0.037 0.057 0.034 0.654 
 565 L _   0.204 0.007 0.002 0.022 0.041 0.058 0.033 0.632 
 566 Y _   0.211 0.008 0.002 0.022 0.041 0.058 0.033 0.625 
 567 L _   0.213 0.007 0.002 0.020 0.039 0.056 0.032 0.630 
 568 L _   0.209 0.005 0.002 0.016 0.035 0.053 0.032 0.647 
 569 C _   0.203 0.004 0.002 0.011 0.029 0.050 0.032 0.669 
 570 S _   0.194 0.002 0.001 0.007 0.023 0.046 0.033 0.694 
 571 W _   0.183 0.001 0.001 0.005 0.018 0.043 0.033 0.717 
 572 P _   0.171 0.000 0.001 0.004 0.014 0.040 0.033 0.736 
 573 E _   0.162 0.000 0.001 0.003 0.012 0.039 0.034 0.749 
 574 L _   0.152 0.000 0.001 0.004 0.012 0.038 0.034 0.758 
 575 P _   0.144 0.001 0.001 0.005 0.013 0.038 0.035 0.764 
 576 V _   0.135 0.001 0.001 0.008 0.015 0.038 0.035 0.767 
 577 L _   0.125 0.002 0.001 0.011 0.016 0.038 0.036 0.770 
 578 S _   0.114 0.003 0.001 0.014 0.018 0.037 0.037 0.775 
 579 A _   0.103 0.004 0.001 0.017 0.018 0.035 0.037 0.783 
 580 L _   0.091 0.005 0.001 0.019 0.017 0.033 0.038 0.797 
 581 E _   0.077 0.005 0.001 0.018 0.015 0.030 0.039 0.816 
 582 L _   0.063 0.004 0.001 0.015 0.012 0.026 0.040 0.838 
 583 L _   0.052 0.003 0.001 0.012 0.009 0.023 0.041 0.860 
 584 D _   0.042 0.002 0.001 0.008 0.007 0.020 0.042 0.879 
 585 F _   0.035 0.001 0.001 0.005 0.005 0.018 0.042 0.894 
 586 S _   0.030 0.001 0.000 0.004 0.004 0.017 0.042 0.903 
 587 F _   0.028 0.000 0.000 0.003 0.003 0.016 0.042 0.907 
 588 P _   0.028 0.000 0.000 0.003 0.004 0.018 0.042 0.906 
 589 D _   0.031 0.001 0.000 0.003 0.005 0.020 0.041 0.899 
 590 C _   0.036 0.002 0.001 0.005 0.007 0.024 0.041 0.886 
 591 H _   0.042 0.005 0.001 0.008 0.010 0.028 0.040 0.866 
 592 V _   0.049 0.011 0.001 0.014 0.016 0.033 0.039 0.837 
 593 G _   0.054 0.019 0.002 0.022 0.021 0.037 0.039 0.806 
 594 S _   0.058 0.027 0.002 0.030 0.025 0.039 0.038 0.780 
 595 F _   0.059 0.033 0.002 0.037 0.027 0.040 0.038 0.763 
 596 A _   0.059 0.036 0.002 0.041 0.028 0.040 0.038 0.757 
 597 I _   0.056 0.037 0.002 0.041 0.026 0.038 0.038 0.763 
 598 K _   0.053 0.034 0.002 0.037 0.023 0.035 0.039 0.778 
 599 S _   0.048 0.029 0.002 0.030 0.019 0.031 0.039 0.802 
 600 L _   0.043 0.022 0.001 0.021 0.014 0.027 0.040 0.831 
 601 R _   0.038 0.013 0.001 0.014 0.010 0.023 0.041 0.860 
 602 K _   0.034 0.007 0.001 0.008 0.006 0.020 0.041 0.883 
 603 L _   0.031 0.003 0.000 0.005 0.004 0.018 0.041 0.898 
 604 T _   0.030 0.001 0.000 0.003 0.003 0.017 0.041 0.904 
 605 D _   0.033 0.000 0.000 0.002 0.003 0.017 0.041 0.904 
 606 D _   0.039 0.000 0.000 0.002 0.003 0.019 0.040 0.897 
 607 E _   0.051 0.000 0.000 0.002 0.004 0.022 0.039 0.881 
 608 L _   0.067 0.000 0.001 0.002 0.007 0.027 0.038 0.858 
 609 F _   0.087 0.001 0.001 0.004 0.011 0.034 0.037 0.826 
 610 Q _   0.108 0.002 0.001 0.006 0.018 0.041 0.036 0.788 
 611 Y _   0.128 0.004 0.002 0.010 0.026 0.047 0.035 0.749 
 612 L _   0.144 0.008 0.002 0.016 0.033 0.052 0.034 0.711 
 613 L _   0.155 0.012 0.002 0.022 0.039 0.055 0.034 0.682 
 614 Q _   0.159 0.016 0.002 0.027 0.042 0.056 0.033 0.665 
 615 L _   0.159 0.018 0.002 0.030 0.042 0.054 0.033 0.661 
 616 V _   0.153 0.018 0.002 0.030 0.040 0.051 0.034 0.671 
 617 Q _   0.143 0.017 0.002 0.027 0.035 0.047 0.034 0.695 
 618 V _   0.129 0.014 0.002 0.022 0.029 0.042 0.034 0.727 
 619 L _   0.112 0.011 0.002 0.017 0.022 0.037 0.035 0.765 
 620 K _   0.093 0.007 0.001 0.012 0.016 0.031 0.036 0.804 
 621 Y _   0.076 0.004 0.001 0.008 0.011 0.027 0.036 0.838 
 622 E _   0.060 0.002 0.001 0.005 0.007 0.023 0.036 0.865 
 623 S _   0.048 0.001 0.001 0.004 0.006 0.021 0.036 0.884 
 624 Y _   0.039 0.001 0.001 0.004 0.005 0.019 0.036 0.895 
 625 L _   0.034 0.001 0.001 0.004 0.005 0.019 0.036 0.901 
 626 D _   0.030 0.001 0.001 0.005 0.005 0.019 0.035 0.903 
 627 C _   0.028 0.002 0.001 0.007 0.006 0.019 0.035 0.902 
 628 E _   0.027 0.003 0.001 0.010 0.007 0.020 0.034 0.899 
 629 L _   0.026 0.003 0.001 0.013 0.008 0.020 0.034 0.895 
 630 T _   0.026 0.004 0.001 0.015 0.009 0.020 0.033 0.892 
 631 K _   0.025 0.004 0.001 0.016 0.009 0.020 0.033 0.892 
 632 F _   0.024 0.004 0.001 0.015 0.009 0.020 0.032 0.895 
 633 L _   0.024 0.004 0.001 0.014 0.008 0.019 0.032 0.899 
 634 L _   0.025 0.003 0.001 0.011 0.007 0.019 0.031 0.904 
 635 D _   0.026 0.002 0.001 0.008 0.006 0.018 0.031 0.908 
 636 R _   0.029 0.001 0.001 0.006 0.005 0.018 0.030 0.910 
 637 A _   0.033 0.001 0.001 0.005 0.005 0.019 0.029 0.908 
 638 L _   0.040 0.000 0.001 0.004 0.005 0.020 0.029 0.902 
 639 A _   0.049 0.000 0.001 0.003 0.005 0.023 0.028 0.892 
 640 N _   0.062 0.000 0.001 0.003 0.007 0.026 0.027 0.874 
 641 R _   0.079 0.000 0.001 0.004 0.009 0.030 0.025 0.850 
 642 K _   0.099 0.001 0.001 0.006 0.014 0.036 0.024 0.820 
 643 I _   0.121 0.002 0.001 0.008 0.019 0.041 0.023 0.785 
 644 G _   0.143 0.003 0.002 0.012 0.025 0.045 0.022 0.750 
 645 H _   0.162 0.004 0.002 0.016 0.029 0.047 0.021 0.719 
 646 F _   0.177 0.005 0.002 0.019 0.032 0.048 0.020 0.696 
 647 L _   0.189 0.006 0.002 0.021 0.032 0.047 0.019 0.684 
 648 F _   0.197 0.006 0.002 0.020 0.030 0.044 0.019 0.682 
 649 W _   0.204 0.005 0.002 0.017 0.026 0.041 0.018 0.688 
 650 H _   0.209 0.003 0.002 0.012 0.021 0.037 0.018 0.698 
 651 L _   0.214 0.002 0.001 0.008 0.016 0.032 0.017 0.709 
 652 R _   0.221 0.001 0.001 0.005 0.012 0.029 0.017 0.716 
 653 S _   0.231 0.000 0.001 0.003 0.009 0.026 0.016 0.715 
 654 E _   0.246 0.000 0.001 0.002 0.007 0.023 0.015 0.706 
 655 M _   0.267 0.000 0.001 0.001 0.006 0.022 0.015 0.688 
 656 H _   0.298 0.000 0.001 0.001 0.006 0.022 0.014 0.657 
 657 V _   0.340 0.000 0.001 0.001 0.008 0.023 0.013 0.614 
 658 P _   0.391 0.000 0.001 0.001 0.010 0.025 0.013 0.558 
 659 S _   0.447 0.000 0.001 0.002 0.014 0.028 0.012 0.496 
 660 V H   0.501 0.000 0.001 0.002 0.020 0.030 0.012 0.434 
 661 A H   0.547 0.000 0.001 0.002 0.025 0.032 0.012 0.379 
 662 L H   0.580 0.000 0.002 0.003 0.031 0.034 0.012 0.338 
 663 R H   0.600 0.000 0.002 0.004 0.036 0.034 0.013 0.311 
