#TopoPred_TM8: 8-state transmembrane topology prediction results by no_profile mode 
#probabilities are in the order of H E C I L F X _, the 8 transmembrane topology types used in PDBTM 
   1 M X   0.012 0.001 0.002 0.049 0.008 0.009 0.752 0.167 
   2 P X   0.004 0.001 0.000 0.027 0.002 0.004 0.771 0.191 
   3 S X   0.001 0.000 0.000 0.013 0.000 0.002 0.775 0.207 
   4 R X   0.001 0.000 0.000 0.009 0.000 0.002 0.772 0.216 
   5 T X   0.001 0.001 0.000 0.007 0.001 0.003 0.765 0.223 
   6 G X   0.001 0.001 0.000 0.007 0.001 0.004 0.754 0.231 
   7 P X   0.002 0.003 0.000 0.008 0.001 0.005 0.740 0.241 
   8 K X   0.002 0.005 0.000 0.010 0.002 0.007 0.721 0.253 
   9 M X   0.003 0.008 0.000 0.014 0.002 0.008 0.697 0.267 
  10 E X   0.003 0.014 0.001 0.018 0.003 0.010 0.669 0.283 
  11 G X   0.003 0.020 0.001 0.023 0.005 0.011 0.638 0.300 
  12 S X   0.003 0.027 0.001 0.028 0.006 0.013 0.606 0.317 
  13 G X   0.003 0.033 0.001 0.032 0.006 0.014 0.576 0.334 
  14 G X   0.003 0.039 0.001 0.035 0.007 0.015 0.549 0.350 
  15 R X   0.004 0.044 0.001 0.036 0.008 0.017 0.525 0.367 
  16 V X   0.004 0.047 0.001 0.036 0.008 0.018 0.504 0.383 
  17 R X   0.004 0.049 0.001 0.034 0.008 0.019 0.485 0.400 
  18 L X   0.005 0.050 0.001 0.031 0.009 0.020 0.468 0.417 
  19 K X   0.006 0.049 0.001 0.028 0.009 0.022 0.453 0.433 
  20 A _   0.007 0.048 0.001 0.024 0.009 0.023 0.439 0.449 
  21 H _   0.008 0.047 0.001 0.021 0.009 0.025 0.426 0.463 
  22 Y _   0.010 0.045 0.001 0.018 0.010 0.027 0.414 0.474 
  23 G _   0.013 0.044 0.001 0.016 0.011 0.030 0.403 0.482 
  24 G _   0.017 0.043 0.001 0.015 0.012 0.034 0.392 0.486 
  25 D _   0.022 0.043 0.001 0.014 0.014 0.037 0.381 0.486 
  26 I _   0.028 0.044 0.001 0.015 0.017 0.040 0.371 0.485 
  27 F _   0.033 0.045 0.001 0.015 0.019 0.044 0.361 0.481 
  28 I _   0.039 0.046 0.001 0.017 0.022 0.046 0.352 0.476 
  29 T _   0.044 0.048 0.002 0.018 0.025 0.048 0.344 0.472 
  30 S _   0.048 0.049 0.002 0.019 0.026 0.049 0.336 0.470 
  31 V _   0.051 0.050 0.002 0.020 0.027 0.049 0.330 0.471 
  32 D _   0.053 0.050 0.002 0.020 0.027 0.048 0.324 0.476 
  33 A _   0.054 0.050 0.002 0.020 0.026 0.047 0.319 0.483 
  34 A _   0.053 0.049 0.002 0.019 0.024 0.045 0.315 0.492 
  35 T _   0.051 0.048 0.001 0.018 0.022 0.043 0.312 0.504 
  36 T _   0.048 0.046 0.001 0.017 0.020 0.040 0.309 0.518 
  37 F _   0.045 0.044 0.001 0.016 0.018 0.037 0.307 0.533 
  38 E _   0.040 0.041 0.001 0.015 0.016 0.034 0.305 0.546 
  39 E _   0.036 0.039 0.001 0.015 0.014 0.031 0.304 0.560 
  40 L _   0.032 0.037 0.001 0.014 0.012 0.028 0.303 0.572 
  41 C _   0.029 0.035 0.001 0.014 0.011 0.026 0.302 0.583 
  42 E _   0.025 0.033 0.001 0.014 0.009 0.023 0.301 0.593 
  43 E _   0.023 0.031 0.001 0.013 0.008 0.021 0.301 0.602 
  44 V _   0.020 0.029 0.001 0.013 0.007 0.019 0.300 0.610 
  45 R _   0.018 0.027 0.001 0.012 0.007 0.017 0.300 0.618 
  46 D _   0.016 0.025 0.001 0.012 0.006 0.016 0.300 0.625 
  47 M _   0.015 0.023 0.001 0.011 0.005 0.014 0.300 0.632 
  48 C _   0.013 0.021 0.001 0.010 0.005 0.013 0.300 0.638 
  49 R _   0.012 0.019 0.001 0.009 0.005 0.012 0.300 0.643 
  50 L _   0.011 0.018 0.000 0.009 0.004 0.011 0.300 0.647 
  51 H _   0.010 0.017 0.000 0.009 0.004 0.011 0.299 0.650 
  52 Q _   0.009 0.016 0.000 0.010 0.004 0.010 0.299 0.651 
  53 Q _   0.009 0.016 0.000 0.011 0.004 0.010 0.299 0.651 
  54 H _   0.008 0.016 0.000 0.012 0.004 0.010 0.299 0.651 
  55 P _   0.008 0.015 0.001 0.013 0.004 0.009 0.299 0.651 
  56 L _   0.008 0.015 0.001 0.013 0.004 0.009 0.299 0.651 
  57 T _   0.008 0.014 0.000 0.013 0.004 0.008 0.299 0.652 
  58 L _   0.008 0.013 0.000 0.013 0.004 0.008 0.299 0.655 
  59 K _   0.007 0.012 0.000 0.011 0.003 0.007 0.300 0.660 
  60 W _   0.006 0.010 0.000 0.009 0.003 0.006 0.300 0.665 
  61 V _   0.006 0.008 0.000 0.007 0.002 0.006 0.300 0.671 
  62 D _   0.005 0.006 0.000 0.006 0.002 0.005 0.300 0.676 
  63 S _   0.004 0.005 0.000 0.004 0.001 0.005 0.299 0.681 
  64 E _   0.004 0.005 0.000 0.003 0.001 0.004 0.298 0.684 
  65 G _   0.004 0.005 0.000 0.003 0.001 0.005 0.295 0.687 
  66 D _   0.004 0.006 0.000 0.003 0.001 0.006 0.292 0.687 
  67 P _   0.005 0.008 0.000 0.004 0.002 0.007 0.288 0.686 
  68 C _   0.005 0.013 0.000 0.006 0.003 0.009 0.283 0.680 
  69 T _   0.007 0.024 0.001 0.009 0.004 0.012 0.276 0.668 
  70 V _   0.008 0.042 0.001 0.015 0.006 0.015 0.267 0.647 
  71 S _   0.009 0.068 0.001 0.021 0.009 0.018 0.257 0.618 
  72 S _   0.009 0.099 0.001 0.028 0.011 0.020 0.246 0.585 
  73 Q _   0.009 0.130 0.001 0.035 0.013 0.022 0.236 0.554 
  74 M _   0.010 0.155 0.001 0.040 0.014 0.023 0.228 0.529 
  75 E _   0.010 0.172 0.001 0.045 0.015 0.023 0.221 0.512 
  76 L _   0.010 0.183 0.001 0.047 0.016 0.023 0.216 0.503 
  77 E _   0.010 0.188 0.001 0.048 0.015 0.023 0.212 0.502 
  78 E _   0.011 0.189 0.001 0.047 0.015 0.022 0.210 0.506 
  79 A _   0.011 0.185 0.001 0.043 0.014 0.021 0.209 0.517 
  80 F _   0.011 0.177 0.001 0.037 0.012 0.020 0.208 0.534 
  81 R _   0.011 0.163 0.001 0.030 0.011 0.018 0.208 0.557 
  82 L _   0.012 0.144 0.001 0.023 0.009 0.017 0.209 0.584 
  83 A _   0.011 0.124 0.001 0.017 0.007 0.016 0.210 0.613 
  84 R _   0.011 0.105 0.001 0.012 0.006 0.016 0.211 0.638 
  85 Q _   0.011 0.092 0.001 0.009 0.005 0.015 0.212 0.655 
  86 C _   0.011 0.085 0.000 0.007 0.004 0.015 0.212 0.664 
  87 R _   0.012 0.082 0.000 0.007 0.005 0.016 0.212 0.666 
  88 D _   0.013 0.082 0.001 0.009 0.005 0.017 0.211 0.662 
  89 E _   0.015 0.085 0.001 0.012 0.007 0.018 0.211 0.652 
  90 G _   0.016 0.090 0.001 0.017 0.009 0.019 0.210 0.638 
  91 L _   0.017 0.095 0.001 0.023 0.010 0.020 0.210 0.623 
  92 I _   0.018 0.100 0.001 0.029 0.012 0.020 0.210 0.611 
  93 I _   0.018 0.103 0.001 0.033 0.012 0.020 0.210 0.604 
  94 H _   0.017 0.102 0.001 0.034 0.012 0.019 0.212 0.603 
  95 V _   0.016 0.098 0.001 0.033 0.011 0.017 0.214 0.609 
  96 F _   0.015 0.091 0.001 0.030 0.010 0.016 0.217 0.620 
  97 P _   0.014 0.080 0.001 0.026 0.008 0.014 0.221 0.637 
  98 S _   0.013 0.066 0.001 0.021 0.006 0.012 0.225 0.656 
  99 T _   0.011 0.052 0.001 0.016 0.005 0.010 0.229 0.676 
 100 P _   0.010 0.039 0.000 0.012 0.004 0.009 0.232 0.694 
 101 E _   0.009 0.030 0.000 0.009 0.003 0.008 0.235 0.707 
 102 Q _   0.008 0.023 0.000 0.006 0.002 0.006 0.237 0.717 
 103 P _   0.006 0.019 0.000 0.005 0.002 0.006 0.237 0.724 
 104 G _   0.006 0.017 0.000 0.004 0.001 0.005 0.237 0.729 
 105 L _   0.005 0.016 0.000 0.004 0.001 0.005 0.236 0.733 
 106 P _   0.004 0.016 0.000 0.004 0.001 0.005 0.233 0.736 
 107 C _   0.004 0.018 0.000 0.004 0.001 0.005 0.230 0.738 
 108 P _   0.004 0.020 0.000 0.005 0.002 0.006 0.225 0.738 
 109 G _   0.004 0.026 0.000 0.006 0.002 0.007 0.219 0.735 
 110 E _   0.005 0.036 0.000 0.008 0.003 0.009 0.211 0.727 
 111 D _   0.006 0.055 0.001 0.012 0.004 0.011 0.201 0.711 
 112 K _   0.006 0.086 0.001 0.017 0.006 0.014 0.188 0.682 
 113 S _   0.007 0.130 0.001 0.023 0.008 0.016 0.173 0.642 
 114 I _   0.007 0.184 0.001 0.030 0.011 0.018 0.157 0.592 
 115 Y _   0.007 0.241 0.001 0.035 0.012 0.019 0.142 0.542 
 116 R _   0.007 0.291 0.001 0.040 0.013 0.019 0.130 0.499 
 117 R _   0.007 0.328 0.001 0.042 0.013 0.019 0.121 0.470 
 118 G _   0.007 0.352 0.001 0.043 0.012 0.018 0.114 0.453 
 119 A _   0.007 0.366 0.001 0.042 0.012 0.018 0.109 0.446 
 120 R _   0.007 0.373 0.001 0.039 0.011 0.017 0.105 0.447 
 121 R _   0.007 0.374 0.001 0.035 0.010 0.016 0.102 0.454 
 122 W _   0.007 0.371 0.001 0.030 0.009 0.016 0.100 0.466 
 123 R _   0.007 0.363 0.001 0.026 0.009 0.015 0.098 0.481 
 124 K _   0.008 0.353 0.001 0.022 0.008 0.015 0.097 0.497 
 125 L _   0.008 0.342 0.001 0.018 0.007 0.014 0.096 0.513 
 126 Y _   0.008 0.331 0.001 0.016 0.007 0.014 0.095 0.528 
 127 R _   0.008 0.321 0.001 0.015 0.006 0.014 0.095 0.539 
 128 A _   0.009 0.313 0.001 0.015 0.006 0.014 0.094 0.548 
 129 N _   0.009 0.306 0.001 0.015 0.006 0.014 0.094 0.555 
 130 G _   0.009 0.300 0.001 0.016 0.006 0.014 0.093 0.561 
 131 H _   0.009 0.292 0.001 0.017 0.007 0.014 0.093 0.567 
 132 L _   0.009 0.284 0.001 0.018 0.007 0.014 0.092 0.575 
 133 F _   0.009 0.273 0.001 0.019 0.007 0.013 0.092 0.586 
 134 Q _   0.009 0.259 0.001 0.018 0.007 0.013 0.093 0.600 
 135 A _   0.009 0.242 0.001 0.017 0.007 0.013 0.093 0.618 
 136 K _   0.009 0.223 0.001 0.016 0.006 0.013 0.094 0.639 
 137 R _   0.009 0.204 0.001 0.014 0.006 0.013 0.094 0.660 
 138 F _   0.009 0.186 0.001 0.012 0.005 0.013 0.095 0.680 
 139 N _   0.009 0.171 0.001 0.010 0.005 0.013 0.096 0.696 
 140 R _   0.009 0.160 0.001 0.009 0.004 0.013 0.096 0.708 
 141 R _   0.009 0.152 0.001 0.008 0.004 0.014 0.096 0.716 
 142 A _   0.010 0.148 0.000 0.007 0.004 0.014 0.096 0.719 
 143 Y _   0.011 0.146 0.001 0.007 0.005 0.016 0.096 0.719 
 144 C _   0.012 0.148 0.001 0.008 0.005 0.017 0.095 0.713 
 145 G _   0.013 0.153 0.001 0.010 0.007 0.020 0.095 0.702 
 146 Q _   0.015 0.161 0.001 0.013 0.009 0.022 0.094 0.686 
 147 C _   0.017 0.173 0.001 0.016 0.011 0.024 0.092 0.664 
 148 S _   0.019 0.188 0.001 0.021 0.014 0.026 0.091 0.639 
 149 E _   0.020 0.204 0.001 0.026 0.016 0.028 0.090 0.614 
 150 R _   0.021 0.217 0.001 0.031 0.018 0.029 0.090 0.593 
 151 I _   0.021 0.227 0.001 0.035 0.019 0.029 0.090 0.578 
 152 W _   0.021 0.231 0.001 0.036 0.019 0.028 0.090 0.572 
 153 G _   0.021 0.231 0.001 0.036 0.018 0.027 0.092 0.573 
 154 L _   0.021 0.227 0.001 0.033 0.017 0.026 0.093 0.582 
 155 A _   0.020 0.218 0.001 0.029 0.015 0.024 0.095 0.597 
 156 R _   0.019 0.204 0.001 0.024 0.013 0.023 0.098 0.618 
 157 Q _   0.018 0.188 0.001 0.019 0.011 0.022 0.101 0.640 
 158 G _   0.017 0.172 0.001 0.015 0.009 0.020 0.104 0.661 
 159 Y _   0.016 0.159 0.001 0.012 0.008 0.020 0.107 0.677 
 160 R _   0.015 0.151 0.001 0.011 0.007 0.019 0.110 0.687 
 161 C _   0.015 0.146 0.001 0.010 0.007 0.019 0.113 0.691 
 162 I _   0.014 0.144 0.001 0.011 0.006 0.018 0.115 0.691 
 163 N _   0.014 0.143 0.001 0.011 0.007 0.018 0.118 0.688 
 164 C _   0.014 0.144 0.001 0.012 0.007 0.018 0.120 0.684 
 165 K _   0.014 0.145 0.001 0.013 0.007 0.018 0.123 0.680 
 166 L _   0.014 0.146 0.001 0.013 0.007 0.018 0.125 0.675 
 167 L _   0.014 0.148 0.001 0.014 0.007 0.018 0.128 0.671 
 168 V _   0.014 0.149 0.001 0.013 0.008 0.018 0.131 0.667 
 169 H _   0.014 0.151 0.001 0.013 0.008 0.019 0.133 0.662 
 170 K _   0.014 0.153 0.001 0.014 0.008 0.019 0.136 0.655 
 171 R _   0.014 0.156 0.001 0.015 0.009 0.020 0.139 0.646 
 172 C _   0.015 0.161 0.001 0.017 0.010 0.020 0.143 0.634 
 173 H _   0.016 0.166 0.001 0.019 0.010 0.021 0.147 0.620 
 174 G _   0.016 0.171 0.001 0.023 0.011 0.021 0.151 0.606 
 175 L _   0.016 0.175 0.001 0.026 0.012 0.021 0.156 0.594 
 176 V _   0.016 0.177 0.001 0.028 0.012 0.020 0.161 0.584 
 177 P _   0.015 0.177 0.001 0.029 0.012 0.020 0.168 0.579 
 178 L _   0.014 0.173 0.001 0.029 0.011 0.018 0.175 0.577 
 179 T _   0.014 0.167 0.001 0.028 0.010 0.017 0.183 0.581 
 180 C _   0.012 0.157 0.001 0.025 0.009 0.016 0.192 0.587 
 181 R _   0.012 0.145 0.001 0.023 0.008 0.015 0.202 0.595 
 182 K _   0.011 0.131 0.001 0.020 0.007 0.014 0.213 0.603 
 183 H _   0.010 0.118 0.001 0.018 0.006 0.013 0.224 0.610 
 184 M _   0.010 0.106 0.001 0.017 0.006 0.012 0.236 0.614 
 185 D _   0.009 0.095 0.001 0.016 0.005 0.011 0.247 0.615 
 186 S _   0.009 0.086 0.001 0.016 0.005 0.011 0.258 0.615 
 187 V _   0.009 0.077 0.001 0.016 0.005 0.010 0.270 0.613 
 188 M _   0.008 0.068 0.001 0.016 0.004 0.010 0.282 0.611 
 189 P _   0.008 0.059 0.001 0.016 0.004 0.009 0.293 0.611 
 190 S _   0.007 0.050 0.001 0.014 0.004 0.008 0.304 0.612 
 191 Q _   0.007 0.041 0.000 0.013 0.003 0.007 0.315 0.614 
 192 E _   0.006 0.032 0.000 0.011 0.003 0.007 0.325 0.617 
 193 P _   0.005 0.025 0.000 0.008 0.002 0.006 0.333 0.620 
 194 P _   0.005 0.019 0.000 0.007 0.002 0.005 0.339 0.623 
 195 V _   0.004 0.016 0.000 0.005 0.001 0.004 0.344 0.625 
 196 D _   0.004 0.013 0.000 0.004 0.001 0.004 0.347 0.626 
 197 D _   0.004 0.012 0.000 0.004 0.001 0.004 0.349 0.626 
 198 K _   0.003 0.012 0.000 0.004 0.001 0.004 0.350 0.627 
 199 N _   0.003 0.012 0.000 0.004 0.001 0.004 0.349 0.627 
 200 E _   0.003 0.014 0.000 0.004 0.001 0.004 0.347 0.627 
 201 D _   0.003 0.016 0.000 0.005 0.001 0.005 0.343 0.627 
 202 A _   0.003 0.020 0.000 0.006 0.001 0.006 0.338 0.625 
 203 D _   0.003 0.027 0.000 0.008 0.002 0.007 0.331 0.622 
 204 L _   0.003 0.038 0.000 0.011 0.003 0.008 0.323 0.615 
 205 P _   0.004 0.054 0.000 0.014 0.003 0.010 0.312 0.603 
 206 S _   0.004 0.075 0.001 0.019 0.005 0.011 0.300 0.585 
 207 E _   0.004 0.103 0.001 0.025 0.006 0.013 0.287 0.561 
 208 E _   0.005 0.133 0.001 0.033 0.007 0.014 0.274 0.533 
 209 T _   0.005 0.162 0.001 0.040 0.008 0.015 0.263 0.506 
 210 D _   0.005 0.186 0.001 0.048 0.009 0.015 0.254 0.482 
 211 G _   0.005 0.203 0.001 0.054 0.010 0.016 0.247 0.465 
 212 I _   0.005 0.212 0.001 0.058 0.010 0.016 0.243 0.457 
 213 A _   0.006 0.215 0.001 0.058 0.010 0.015 0.240 0.456 
 214 Y _   0.006 0.213 0.001 0.056 0.009 0.014 0.239 0.463 
 215 I _   0.006 0.204 0.001 0.051 0.008 0.013 0.239 0.477 
 216 S _   0.006 0.189 0.001 0.044 0.008 0.012 0.240 0.500 
 217 S _   0.006 0.164 0.001 0.036 0.007 0.011 0.243 0.533 
 218 S _   0.006 0.132 0.001 0.027 0.005 0.010 0.246 0.571 
 219 R _   0.006 0.099 0.001 0.020 0.004 0.009 0.250 0.610 
 220 K _   0.006 0.070 0.000 0.014 0.003 0.008 0.253 0.645 
 221 H _   0.006 0.050 0.000 0.010 0.002 0.007 0.255 0.671 
 222 D _   0.005 0.036 0.000 0.007 0.002 0.006 0.255 0.689 
 223 S _   0.004 0.029 0.000 0.005 0.001 0.005 0.254 0.701 
 224 I _   0.004 0.024 0.000 0.004 0.001 0.005 0.252 0.709 
 225 K _   0.003 0.022 0.000 0.004 0.001 0.005 0.249 0.716 
 226 D _   0.003 0.022 0.000 0.004 0.001 0.005 0.244 0.720 
 227 D _   0.003 0.022 0.000 0.005 0.001 0.005 0.239 0.724 
 228 S _   0.003 0.024 0.000 0.007 0.002 0.006 0.232 0.726 
 229 E _   0.004 0.027 0.000 0.008 0.002 0.007 0.224 0.728 
 230 D _   0.004 0.032 0.000 0.011 0.003 0.008 0.215 0.727 
 231 L _   0.004 0.038 0.000 0.013 0.003 0.009 0.205 0.727 
 232 K _   0.004 0.045 0.001 0.016 0.004 0.010 0.196 0.725 
 233 P _   0.005 0.052 0.001 0.018 0.004 0.010 0.186 0.725 
 234 V _   0.005 0.058 0.001 0.018 0.005 0.011 0.177 0.725 
 235 I _   0.005 0.064 0.001 0.019 0.005 0.012 0.168 0.726 
 236 D _   0.005 0.069 0.001 0.019 0.005 0.012 0.160 0.728 
 237 G _   0.006 0.073 0.001 0.019 0.006 0.013 0.153 0.730 
 238 M _   0.006 0.077 0.001 0.018 0.006 0.014 0.146 0.732 
 239 D _   0.007 0.080 0.001 0.018 0.006 0.015 0.141 0.732 
 240 G _   0.007 0.083 0.001 0.019 0.007 0.016 0.135 0.732 
 241 I _   0.008 0.086 0.001 0.020 0.007 0.017 0.130 0.731 
 242 K _   0.009 0.088 0.001 0.021 0.008 0.018 0.125 0.730 
 243 I _   0.009 0.091 0.001 0.021 0.009 0.019 0.121 0.729 
 244 S _   0.010 0.092 0.001 0.022 0.009 0.020 0.117 0.730 
 245 Q _   0.010 0.092 0.001 0.022 0.009 0.020 0.113 0.733 
 246 G _   0.010 0.091 0.001 0.021 0.009 0.020 0.110 0.738 
 247 L _   0.011 0.088 0.001 0.020 0.009 0.021 0.106 0.745 
 248 G _   0.011 0.085 0.001 0.018 0.009 0.021 0.103 0.752 
 249 L _   0.012 0.081 0.001 0.016 0.009 0.022 0.101 0.759 
 250 Q _   0.013 0.078 0.001 0.014 0.009 0.023 0.098 0.765 
 251 D _   0.015 0.075 0.001 0.013 0.009 0.024 0.095 0.768 
 252 F _   0.017 0.073 0.001 0.013 0.010 0.025 0.093 0.767 
 253 D _   0.020 0.073 0.001 0.013 0.011 0.027 0.091 0.765 
 254 L _   0.023 0.072 0.001 0.014 0.012 0.029 0.089 0.760 
 255 I _   0.027 0.073 0.001 0.015 0.013 0.030 0.087 0.754 
 256 R _   0.030 0.073 0.001 0.016 0.014 0.032 0.085 0.749 
 257 V _   0.033 0.073 0.001 0.017 0.015 0.033 0.084 0.745 
 258 I _   0.036 0.073 0.001 0.017 0.016 0.033 0.082 0.742 
 259 G _   0.037 0.073 0.001 0.017 0.016 0.034 0.081 0.741 
 260 R _   0.038 0.073 0.001 0.017 0.017 0.034 0.080 0.740 
 261 G _   0.039 0.072 0.001 0.018 0.017 0.034 0.079 0.740 
 262 S _   0.038 0.072 0.001 0.019 0.017 0.034 0.078 0.740 
 263 Y _   0.037 0.072 0.001 0.021 0.017 0.033 0.078 0.740 
 264 A _   0.036 0.072 0.001 0.024 0.017 0.031 0.078 0.741 
 265 K _   0.033 0.071 0.001 0.026 0.016 0.029 0.078 0.746 
 266 V _   0.031 0.068 0.001 0.027 0.015 0.027 0.078 0.754 
 267 L _   0.028 0.064 0.001 0.026 0.013 0.024 0.079 0.766 
 268 L _   0.024 0.057 0.001 0.023 0.011 0.021 0.080 0.783 
 269 V _   0.021 0.048 0.001 0.019 0.008 0.018 0.081 0.804 
 270 R _   0.017 0.038 0.001 0.015 0.006 0.015 0.081 0.827 
 271 L _   0.014 0.028 0.001 0.011 0.005 0.012 0.082 0.847 
 272 K _   0.012 0.020 0.000 0.007 0.004 0.011 0.082 0.863 
 273 K _   0.010 0.016 0.000 0.005 0.003 0.010 0.082 0.874 
 274 N _   0.009 0.013 0.000 0.004 0.002 0.009 0.082 0.879 
 275 D _   0.009 0.013 0.000 0.004 0.002 0.010 0.082 0.880 
 276 Q _   0.010 0.014 0.000 0.005 0.003 0.011 0.081 0.876 
 277 I _   0.011 0.017 0.000 0.008 0.004 0.013 0.080 0.867 
 278 Y _   0.012 0.023 0.001 0.013 0.006 0.015 0.078 0.853 
 279 A _   0.013 0.032 0.001 0.020 0.008 0.017 0.076 0.833 
 280 M _   0.014 0.042 0.001 0.028 0.010 0.018 0.075 0.812 
 281 K _   0.014 0.050 0.001 0.035 0.012 0.019 0.073 0.795 
 282 V _   0.014 0.055 0.001 0.040 0.012 0.019 0.072 0.785 
 283 V _   0.014 0.057 0.001 0.042 0.012 0.019 0.072 0.783 
 284 K _   0.014 0.056 0.001 0.040 0.011 0.018 0.072 0.789 
 285 K _   0.013 0.052 0.001 0.035 0.010 0.016 0.073 0.801 
 286 E _   0.012 0.044 0.001 0.028 0.008 0.014 0.074 0.819 
 287 L _   0.011 0.035 0.001 0.020 0.006 0.012 0.075 0.840 
 288 V _   0.010 0.024 0.001 0.014 0.004 0.010 0.076 0.861 
 289 H _   0.009 0.016 0.000 0.009 0.003 0.008 0.077 0.878 
 290 D _   0.008 0.010 0.000 0.006 0.002 0.007 0.077 0.889 
 291 D _   0.007 0.007 0.000 0.004 0.002 0.007 0.077 0.896 
 292 E _   0.007 0.006 0.000 0.004 0.002 0.007 0.077 0.898 
 293 D _   0.007 0.005 0.000 0.004 0.002 0.008 0.076 0.898 
 294 I _   0.007 0.006 0.000 0.005 0.002 0.009 0.075 0.895 
 295 D _   0.008 0.007 0.000 0.007 0.003 0.010 0.073 0.890 
 296 W _   0.009 0.010 0.000 0.011 0.004 0.012 0.072 0.881 
 297 V _   0.010 0.013 0.001 0.016 0.006 0.014 0.069 0.871 
 298 Q _   0.010 0.017 0.001 0.021 0.007 0.016 0.067 0.861 
 299 T _   0.010 0.020 0.001 0.026 0.008 0.017 0.065 0.854 
 300 E _   0.010 0.021 0.001 0.028 0.009 0.017 0.063 0.851 
 301 K _   0.009 0.022 0.001 0.029 0.009 0.017 0.061 0.852 
 302 H _   0.009 0.021 0.001 0.027 0.008 0.017 0.060 0.858 
 303 V _   0.009 0.018 0.001 0.023 0.007 0.016 0.059 0.867 
 304 F _   0.009 0.015 0.001 0.018 0.006 0.015 0.058 0.878 
 305 E _   0.009 0.011 0.001 0.013 0.005 0.015 0.057 0.889 
 306 Q _   0.010 0.008 0.001 0.009 0.004 0.016 0.056 0.897 
 307 A _   0.011 0.006 0.000 0.007 0.004 0.017 0.055 0.900 
 308 S _   0.014 0.004 0.000 0.006 0.004 0.019 0.053 0.899 
 309 S _   0.019 0.004 0.001 0.005 0.005 0.023 0.052 0.891 
 310 N _   0.027 0.004 0.001 0.006 0.008 0.028 0.050 0.877 
 311 P _   0.037 0.004 0.001 0.009 0.011 0.035 0.048 0.855 
 312 F _   0.050 0.006 0.001 0.012 0.016 0.042 0.046 0.827 
 313 L _   0.063 0.008 0.001 0.017 0.022 0.048 0.044 0.798 
 314 V _   0.076 0.010 0.002 0.022 0.027 0.053 0.041 0.770 
 315 G _   0.088 0.011 0.002 0.025 0.031 0.057 0.040 0.748 
 316 L _   0.098 0.011 0.002 0.026 0.033 0.059 0.038 0.734 
 317 H _   0.107 0.010 0.002 0.024 0.033 0.060 0.036 0.728 
 318 S _   0.117 0.008 0.002 0.020 0.031 0.059 0.035 0.728 
 319 C _   0.126 0.006 0.002 0.014 0.028 0.058 0.034 0.732 
 320 F _   0.134 0.004 0.002 0.010 0.026 0.057 0.032 0.736 
 321 Q _   0.142 0.002 0.001 0.007 0.023 0.055 0.031 0.737 
 322 T _   0.150 0.001 0.001 0.005 0.022 0.054 0.031 0.735 
 323 T _   0.159 0.001 0.001 0.005 0.022 0.054 0.030 0.727 
 324 S _   0.168 0.001 0.001 0.006 0.023 0.053 0.029 0.718 
 325 R _   0.175 0.001 0.001 0.007 0.025 0.053 0.029 0.708 
 326 L _   0.179 0.002 0.002 0.009 0.026 0.052 0.029 0.701 
 327 F _   0.179 0.003 0.002 0.011 0.027 0.051 0.029 0.699 
 328 L _   0.175 0.003 0.002 0.013 0.027 0.049 0.030 0.703 
 329 V _   0.167 0.004 0.002 0.013 0.025 0.046 0.030 0.714 
 330 I _   0.155 0.004 0.002 0.012 0.023 0.043 0.031 0.731 
 331 E _   0.141 0.003 0.001 0.011 0.020 0.040 0.031 0.753 
 332 Y _   0.125 0.003 0.001 0.009 0.017 0.037 0.032 0.776 
 333 V _   0.110 0.003 0.001 0.009 0.014 0.035 0.033 0.796 
 334 N _   0.096 0.003 0.001 0.008 0.013 0.032 0.033 0.813 
 335 G _   0.084 0.004 0.001 0.009 0.012 0.031 0.034 0.825 
 336 G _   0.073 0.005 0.001 0.012 0.012 0.029 0.035 0.834 
 337 D _   0.064 0.006 0.001 0.015 0.011 0.028 0.035 0.841 
 338 L _   0.055 0.007 0.001 0.018 0.011 0.026 0.036 0.847 
 339 M _   0.046 0.008 0.001 0.020 0.011 0.023 0.037 0.855 
 340 F _   0.038 0.008 0.001 0.020 0.009 0.021 0.037 0.866 
 341 H _   0.030 0.007 0.001 0.019 0.008 0.018 0.038 0.878 
 342 M _   0.024 0.006 0.001 0.017 0.006 0.015 0.039 0.892 
 343 Q _   0.019 0.005 0.001 0.013 0.005 0.012 0.039 0.906 
 344 R _   0.016 0.003 0.000 0.009 0.003 0.010 0.039 0.919 
 345 Q _   0.014 0.002 0.000 0.006 0.002 0.008 0.039 0.929 
 346 R _   0.013 0.001 0.000 0.004 0.002 0.006 0.039 0.935 
 347 K _   0.014 0.000 0.000 0.002 0.001 0.006 0.038 0.938 
 348 L _   0.019 0.000 0.000 0.002 0.001 0.006 0.037 0.936 
 349 P _   0.029 0.000 0.000 0.001 0.002 0.006 0.035 0.927 
 350 E _   0.051 0.000 0.000 0.001 0.002 0.008 0.033 0.905 
 351 E _   0.092 0.000 0.000 0.002 0.003 0.011 0.030 0.862 
 352 H _   0.163 0.000 0.001 0.002 0.006 0.015 0.026 0.788 
 353 A _   0.263 0.000 0.001 0.002 0.009 0.020 0.021 0.684 
 354 R _   0.379 0.000 0.001 0.002 0.014 0.025 0.017 0.562 
 355 F H   0.493 0.000 0.001 0.002 0.020 0.028 0.013 0.441 
 356 Y H   0.592 0.000 0.002 0.002 0.026 0.031 0.010 0.337 
 357 A H   0.668 0.000 0.002 0.003 0.031 0.031 0.008 0.258 
 358 A H   0.722 0.000 0.002 0.003 0.033 0.030 0.007 0.203 
 359 E H   0.758 0.000 0.002 0.003 0.035 0.028 0.006 0.169 
 360 I H   0.778 0.000 0.002 0.003 0.034 0.026 0.006 0.151 
 361 C H   0.787 0.000 0.002 0.002 0.033 0.024 0.006 0.146 
 362 I H   0.783 0.000 0.002 0.002 0.031 0.022 0.006 0.154 
 363 A H   0.766 0.000 0.002 0.002 0.029 0.021 0.006 0.174 
 364 L H   0.734 0.000 0.002 0.002 0.027 0.020 0.007 0.208 
 365 N H   0.689 0.000 0.002 0.002 0.025 0.020 0.008 0.255 
 366 F H   0.631 0.000 0.002 0.002 0.022 0.020 0.010 0.314 
 367 L H   0.563 0.000 0.001 0.002 0.019 0.020 0.012 0.382 
 368 H H   0.492 0.000 0.001 0.003 0.017 0.020 0.014 0.453 
 369 E _   0.416 0.000 0.001 0.004 0.015 0.020 0.017 0.526 
 370 R _   0.342 0.000 0.001 0.005 0.014 0.020 0.020 0.597 
 371 G _   0.274 0.000 0.001 0.007 0.012 0.020 0.024 0.662 
 372 I _   0.213 0.001 0.001 0.008 0.011 0.019 0.027 0.720 
 373 I _   0.161 0.001 0.001 0.009 0.010 0.018 0.030 0.770 
 374 Y _   0.118 0.001 0.001 0.010 0.008 0.017 0.032 0.812 
 375 R _   0.085 0.001 0.001 0.010 0.007 0.016 0.035 0.844 
 376 D _   0.061 0.002 0.001 0.010 0.006 0.014 0.037 0.870 
 377 L _   0.043 0.002 0.001 0.009 0.005 0.013 0.038 0.889 
 378 K _   0.031 0.002 0.001 0.009 0.004 0.012 0.040 0.902 
 379 L _   0.022 0.002 0.000 0.008 0.004 0.010 0.041 0.911 
 380 D _   0.017 0.002 0.000 0.008 0.003 0.010 0.043 0.917 
 381 N _   0.013 0.002 0.000 0.008 0.003 0.009 0.043 0.920 
 382 V _   0.011 0.003 0.000 0.008 0.003 0.008 0.044 0.922 
 383 L _   0.010 0.003 0.000 0.008 0.003 0.008 0.045 0.922 
 384 L _   0.009 0.004 0.000 0.008 0.003 0.008 0.045 0.922 
 385 D _   0.008 0.004 0.000 0.009 0.003 0.008 0.046 0.922 
 386 A _   0.008 0.005 0.000 0.009 0.003 0.008 0.046 0.922 
 387 D _   0.007 0.005 0.000 0.009 0.003 0.008 0.046 0.921 
 388 G _   0.007 0.005 0.000 0.009 0.003 0.008 0.046 0.921 
 389 H _   0.007 0.006 0.000 0.009 0.003 0.008 0.046 0.921 
 390 I _   0.007 0.007 0.000 0.009 0.003 0.008 0.046 0.921 
 391 K _   0.007 0.008 0.000 0.009 0.003 0.008 0.046 0.919 
 392 L _   0.007 0.009 0.000 0.010 0.003 0.008 0.045 0.918 
 393 T _   0.006 0.010 0.000 0.011 0.003 0.008 0.045 0.916 
 394 D _   0.006 0.011 0.000 0.012 0.003 0.008 0.044 0.914 
 395 Y _   0.006 0.012 0.000 0.013 0.004 0.008 0.044 0.912 
 396 G _   0.006 0.014 0.000 0.014 0.004 0.009 0.043 0.910 
 397 M _   0.006 0.015 0.000 0.015 0.004 0.009 0.042 0.909 
 398 C _   0.006 0.016 0.000 0.015 0.004 0.009 0.042 0.908 
 399 K _   0.006 0.016 0.000 0.015 0.004 0.008 0.041 0.909 
 400 E _   0.006 0.017 0.000 0.014 0.004 0.008 0.041 0.910 
 401 G _   0.005 0.017 0.000 0.014 0.004 0.008 0.040 0.913 
 402 L _   0.005 0.017 0.000 0.013 0.003 0.008 0.039 0.915 
 403 G _   0.005 0.016 0.000 0.012 0.003 0.007 0.038 0.918 
 404 P _   0.005 0.016 0.000 0.011 0.003 0.007 0.038 0.920 
 405 G _   0.005 0.016 0.000 0.010 0.003 0.007 0.037 0.922 
 406 D _   0.005 0.016 0.000 0.010 0.003 0.007 0.036 0.922 
 407 T _   0.005 0.017 0.000 0.011 0.003 0.008 0.035 0.921 
 408 T _   0.005 0.017 0.000 0.012 0.003 0.008 0.034 0.920 
 409 S _   0.005 0.018 0.000 0.013 0.004 0.009 0.032 0.919 
 410 T _   0.005 0.019 0.000 0.014 0.004 0.009 0.031 0.917 
 411 F _   0.005 0.020 0.001 0.014 0.004 0.009 0.030 0.916 
 412 C _   0.005 0.021 0.001 0.015 0.004 0.010 0.029 0.916 
 413 G _   0.005 0.022 0.001 0.015 0.005 0.010 0.028 0.915 
 414 T _   0.005 0.022 0.001 0.016 0.005 0.011 0.026 0.915 
 415 P _   0.006 0.023 0.001 0.016 0.005 0.011 0.025 0.914 
 416 N _   0.006 0.023 0.001 0.017 0.005 0.012 0.024 0.912 
 417 Y _   0.007 0.024 0.001 0.018 0.006 0.013 0.023 0.909 
 418 I _   0.007 0.024 0.001 0.020 0.007 0.014 0.022 0.906 
 419 A _   0.008 0.024 0.001 0.022 0.008 0.015 0.020 0.902 
 420 P _   0.010 0.024 0.001 0.024 0.008 0.016 0.019 0.897 
 421 E _   0.012 0.023 0.001 0.025 0.009 0.017 0.018 0.894 
 422 I _   0.014 0.022 0.001 0.025 0.010 0.017 0.018 0.894 
 423 L _   0.019 0.019 0.001 0.023 0.009 0.017 0.017 0.895 
 424 R _   0.025 0.015 0.001 0.019 0.009 0.017 0.016 0.898 
 425 G _   0.035 0.010 0.001 0.014 0.008 0.016 0.015 0.901 
 426 E _   0.050 0.006 0.001 0.009 0.007 0.015 0.014 0.898 
 427 E _   0.072 0.002 0.001 0.006 0.006 0.014 0.013 0.887 
 428 Y _   0.104 0.001 0.001 0.003 0.005 0.013 0.012 0.861 
 429 G _   0.153 0.000 0.001 0.002 0.005 0.013 0.010 0.816 
 430 F _   0.224 0.000 0.001 0.001 0.006 0.013 0.008 0.748 
 431 S _   0.321 0.000 0.001 0.001 0.007 0.013 0.007 0.651 
 432 V _   0.441 0.000 0.001 0.001 0.009 0.013 0.005 0.530 
 433 D H   0.570 0.000 0.001 0.001 0.011 0.013 0.004 0.400 
 434 W H   0.689 0.000 0.001 0.001 0.013 0.013 0.003 0.281 
 435 W H   0.778 0.000 0.001 0.001 0.014 0.012 0.002 0.191 
 436 A H   0.840 0.000 0.001 0.001 0.016 0.011 0.002 0.130 
 437 L H   0.878 0.000 0.001 0.001 0.016 0.009 0.002 0.093 
 438 G H   0.897 0.000 0.001 0.001 0.017 0.008 0.002 0.074 
 439 V H   0.905 0.000 0.001 0.001 0.017 0.008 0.002 0.066 
 440 L H   0.902 0.000 0.001 0.001 0.018 0.008 0.003 0.068 
 441 M H   0.888 0.000 0.001 0.001 0.019 0.008 0.003 0.080 
 442 F H   0.862 0.000 0.001 0.001 0.019 0.008 0.005 0.104 
 443 E H   0.816 0.000 0.001 0.001 0.019 0.009 0.007 0.146 
 444 M H   0.746 0.000 0.002 0.002 0.019 0.010 0.011 0.211 
 445 M H   0.654 0.000 0.002 0.002 0.017 0.011 0.016 0.298 
 446 A H   0.546 0.000 0.002 0.002 0.014 0.011 0.024 0.400 
 447 G _   0.436 0.000 0.001 0.003 0.012 0.012 0.034 0.502 
 448 R _   0.333 0.000 0.001 0.004 0.010 0.012 0.044 0.596 
 449 S _   0.244 0.000 0.001 0.005 0.008 0.012 0.054 0.675 
 450 P _   0.172 0.000 0.001 0.006 0.007 0.011 0.064 0.738 
 451 F _   0.117 0.000 0.001 0.007 0.005 0.010 0.073 0.786 
 452 D _   0.076 0.000 0.001 0.008 0.004 0.009 0.080 0.822 
 453 I _   0.048 0.000 0.000 0.007 0.003 0.008 0.085 0.847 
 454 I _   0.030 0.000 0.000 0.006 0.003 0.007 0.090 0.864 
 455 T _   0.019 0.000 0.000 0.005 0.002 0.006 0.093 0.876 
 456 D _   0.012 0.000 0.000 0.004 0.002 0.005 0.095 0.882 
 457 N _   0.008 0.001 0.000 0.003 0.001 0.005 0.096 0.886 
 458 P _   0.006 0.001 0.000 0.003 0.001 0.005 0.097 0.887 
 459 D _   0.005 0.001 0.000 0.003 0.001 0.006 0.097 0.886 
 460 M _   0.006 0.003 0.000 0.003 0.002 0.007 0.097 0.882 
 461 N _   0.007 0.007 0.000 0.005 0.003 0.010 0.096 0.872 
 462 T _   0.008 0.015 0.001 0.009 0.004 0.014 0.095 0.853 
 463 E _   0.010 0.032 0.001 0.016 0.007 0.018 0.093 0.823 
 464 D _   0.012 0.056 0.001 0.024 0.010 0.022 0.091 0.783 
 465 Y _   0.013 0.083 0.001 0.033 0.013 0.026 0.088 0.742 
 466 L _   0.014 0.105 0.001 0.041 0.016 0.028 0.086 0.708 
 467 F _   0.014 0.119 0.001 0.047 0.017 0.030 0.085 0.686 
 468 Q _   0.015 0.127 0.001 0.048 0.018 0.031 0.084 0.676 
 469 V _   0.015 0.130 0.001 0.046 0.018 0.031 0.084 0.674 
 470 I _   0.016 0.129 0.001 0.041 0.017 0.031 0.085 0.680 
 471 L _   0.017 0.125 0.001 0.034 0.016 0.031 0.086 0.691 
 472 E _   0.018 0.117 0.001 0.027 0.014 0.030 0.087 0.705 
 473 K _   0.019 0.108 0.001 0.021 0.012 0.030 0.089 0.719 
 474 P _   0.021 0.100 0.001 0.015 0.011 0.031 0.090 0.730 
 475 I _   0.023 0.094 0.001 0.012 0.010 0.031 0.092 0.736 
 476 R _   0.025 0.090 0.001 0.010 0.010 0.032 0.094 0.737 
 477 I _   0.028 0.089 0.001 0.010 0.010 0.033 0.095 0.733 
 478 P _   0.030 0.091 0.001 0.010 0.011 0.035 0.097 0.725 
 479 R _   0.033 0.094 0.001 0.011 0.012 0.036 0.099 0.713 
 480 F _   0.035 0.100 0.001 0.013 0.014 0.038 0.100 0.699 
 481 L _   0.036 0.108 0.001 0.016 0.016 0.039 0.101 0.682 
 482 S _   0.037 0.117 0.001 0.019 0.018 0.039 0.103 0.665 
 483 V _   0.037 0.128 0.001 0.024 0.020 0.039 0.105 0.646 
 484 K _   0.037 0.139 0.002 0.029 0.022 0.038 0.107 0.627 
 485 A _   0.036 0.148 0.002 0.035 0.022 0.036 0.110 0.612 
 486 S _   0.034 0.154 0.002 0.039 0.022 0.034 0.113 0.601 
 487 H _   0.032 0.157 0.002 0.043 0.021 0.031 0.118 0.596 
 488 V _   0.030 0.156 0.001 0.044 0.019 0.028 0.123 0.598 
 489 L _   0.027 0.150 0.001 0.043 0.016 0.025 0.130 0.608 
 490 K _   0.023 0.138 0.001 0.038 0.013 0.021 0.138 0.628 
 491 G _   0.020 0.119 0.001 0.031 0.010 0.018 0.146 0.654 
 492 F _   0.017 0.096 0.001 0.023 0.008 0.015 0.155 0.686 
 493 L _   0.014 0.071 0.001 0.016 0.005 0.012 0.163 0.719 
 494 N _   0.011 0.051 0.001 0.010 0.003 0.009 0.169 0.745 
 495 K _   0.009 0.039 0.000 0.006 0.002 0.007 0.174 0.762 
 496 D _   0.007 0.033 0.000 0.004 0.002 0.006 0.178 0.770 
 497 P _   0.006 0.031 0.000 0.003 0.001 0.006 0.180 0.773 
 498 K _   0.005 0.031 0.000 0.003 0.001 0.006 0.182 0.771 
 499 E _   0.005 0.034 0.000 0.004 0.002 0.007 0.182 0.766 
 500 R _   0.006 0.041 0.000 0.007 0.002 0.008 0.182 0.754 
 501 L _   0.006 0.054 0.000 0.010 0.003 0.009 0.182 0.736 
 502 G _   0.006 0.072 0.001 0.014 0.004 0.010 0.180 0.712 
 503 C _   0.006 0.094 0.001 0.018 0.005 0.011 0.179 0.687 
 504 R _   0.006 0.115 0.001 0.020 0.005 0.012 0.177 0.665 
 505 P _   0.005 0.132 0.001 0.021 0.006 0.012 0.177 0.648 
 506 Q _   0.005 0.145 0.001 0.020 0.005 0.012 0.176 0.636 
 507 T _   0.005 0.155 0.001 0.019 0.005 0.012 0.176 0.627 
 508 G _   0.005 0.163 0.001 0.017 0.005 0.013 0.176 0.620 
 509 F _   0.005 0.171 0.001 0.016 0.005 0.013 0.176 0.612 
 510 S _   0.006 0.179 0.001 0.016 0.006 0.014 0.177 0.601 
 511 D _   0.007 0.190 0.001 0.016 0.007 0.016 0.177 0.587 
 512 I _   0.008 0.204 0.001 0.018 0.008 0.018 0.178 0.565 
 513 K _   0.009 0.221 0.001 0.022 0.010 0.019 0.179 0.539 
 514 S _   0.010 0.240 0.001 0.027 0.012 0.020 0.180 0.510 
 515 H _   0.011 0.257 0.001 0.034 0.013 0.021 0.181 0.481 
 516 A _   0.011 0.270 0.001 0.040 0.015 0.021 0.184 0.458 
 517 F _   0.011 0.277 0.001 0.044 0.015 0.021 0.187 0.443 
 518 F _   0.011 0.278 0.001 0.047 0.015 0.020 0.192 0.436 
 519 R _   0.011 0.273 0.001 0.047 0.015 0.019 0.198 0.436 
 520 S _   0.011 0.261 0.001 0.044 0.014 0.018 0.207 0.444 
 521 I _   0.011 0.241 0.001 0.039 0.012 0.016 0.218 0.461 
 522 D _   0.011 0.210 0.001 0.034 0.011 0.015 0.231 0.486 
 523 W _   0.011 0.171 0.001 0.027 0.009 0.014 0.247 0.519 
 524 D _   0.011 0.128 0.001 0.021 0.008 0.013 0.265 0.554 
 525 L _   0.010 0.091 0.001 0.015 0.006 0.011 0.281 0.584 
 526 L _   0.009 0.063 0.001 0.011 0.004 0.010 0.296 0.606 
 527 E _   0.008 0.045 0.000 0.008 0.003 0.009 0.307 0.618 
 528 K _   0.007 0.035 0.000 0.006 0.003 0.009 0.316 0.623 
 529 K _   0.007 0.030 0.000 0.006 0.002 0.008 0.324 0.622 
 530 Q _   0.006 0.027 0.000 0.006 0.002 0.008 0.330 0.618 
 531 A _   0.006 0.026 0.000 0.008 0.003 0.008 0.336 0.612 
 532 L _   0.006 0.026 0.000 0.010 0.003 0.009 0.342 0.603 
 533 P _   0.007 0.026 0.000 0.012 0.004 0.009 0.348 0.594 
 534 P _   0.007 0.027 0.000 0.015 0.004 0.009 0.354 0.585 
 535 F _   0.006 0.026 0.001 0.016 0.004 0.009 0.360 0.577 
 536 Q _   0.006 0.025 0.001 0.017 0.004 0.009 0.367 0.571 
 537 P _   0.006 0.024 0.001 0.016 0.004 0.008 0.375 0.567 
 538 Q _   0.005 0.021 0.000 0.014 0.004 0.007 0.383 0.565 
 539 I _   0.005 0.018 0.000 0.011 0.003 0.006 0.391 0.564 
 540 T _   0.005 0.015 0.000 0.009 0.002 0.006 0.399 0.564 
 541 D _   0.004 0.012 0.000 0.007 0.002 0.005 0.406 0.563 
 542 D _   0.004 0.011 0.000 0.005 0.002 0.005 0.413 0.561 
 543 Y _   0.004 0.009 0.000 0.004 0.001 0.004 0.418 0.559 
 544 G _   0.003 0.009 0.000 0.004 0.001 0.004 0.423 0.555 
 545 L _   0.003 0.009 0.000 0.004 0.001 0.005 0.426 0.551 
 546 D _   0.003 0.010 0.000 0.005 0.002 0.005 0.429 0.546 
 547 N _   0.004 0.012 0.000 0.006 0.002 0.006 0.431 0.539 
 548 F _   0.004 0.015 0.000 0.008 0.002 0.007 0.433 0.530 
 549 D _   0.004 0.018 0.000 0.012 0.003 0.008 0.435 0.520 
 550 T _   0.004 0.023 0.000 0.015 0.004 0.009 0.436 0.508 
 551 Q _   0.005 0.027 0.001 0.019 0.005 0.009 0.438 0.497 
 552 F _   0.005 0.030 0.001 0.022 0.005 0.010 0.441 0.486 
 553 T _   0.005 0.032 0.001 0.025 0.006 0.010 0.445 0.478 
 554 S _   0.005 0.033 0.001 0.025 0.005 0.009 0.449 0.472 
 555 E _   0.005 0.033 0.001 0.024 0.005 0.009 0.455 0.468 
 556 P _   0.005 0.032 0.001 0.021 0.005 0.008 0.462 0.467 
 557 V X   0.005 0.029 0.000 0.017 0.004 0.007 0.470 0.467 
 558 Q X   0.004 0.026 0.000 0.014 0.003 0.006 0.478 0.468 
 559 L X   0.004 0.023 0.000 0.010 0.002 0.006 0.485 0.470 
 560 T X   0.004 0.020 0.000 0.007 0.002 0.005 0.491 0.471 
 561 P X   0.003 0.018 0.000 0.005 0.001 0.004 0.497 0.470 
 562 D X   0.003 0.017 0.000 0.004 0.001 0.004 0.502 0.469 
 563 D X   0.003 0.017 0.000 0.004 0.001 0.004 0.505 0.467 
 564 E X   0.003 0.018 0.000 0.004 0.001 0.004 0.507 0.463 
 565 D X   0.003 0.019 0.000 0.004 0.001 0.004 0.509 0.459 
 566 A X   0.003 0.023 0.000 0.005 0.002 0.005 0.510 0.453 
 567 I X   0.003 0.028 0.000 0.006 0.002 0.006 0.510 0.445 
 568 K X   0.003 0.036 0.000 0.007 0.002 0.006 0.509 0.436 
 569 R X   0.003 0.046 0.000 0.009 0.003 0.007 0.508 0.424 
 570 I X   0.003 0.059 0.000 0.011 0.003 0.007 0.506 0.410 
 571 D X   0.003 0.072 0.000 0.012 0.004 0.008 0.504 0.396 
 572 Q X   0.003 0.085 0.000 0.013 0.004 0.009 0.503 0.382 
 573 S X   0.004 0.099 0.001 0.014 0.004 0.009 0.502 0.368 
 574 E X   0.004 0.113 0.001 0.015 0.004 0.010 0.501 0.353 
 575 F X   0.004 0.126 0.001 0.015 0.005 0.010 0.501 0.338 
 576 E X   0.004 0.139 0.001 0.016 0.005 0.011 0.501 0.323 
 577 G X   0.004 0.151 0.001 0.017 0.006 0.011 0.502 0.308 
 578 F X   0.004 0.161 0.001 0.018 0.006 0.012 0.504 0.294 
 579 E X   0.005 0.171 0.001 0.019 0.006 0.012 0.506 0.280 
 580 Y X   0.005 0.180 0.001 0.020 0.007 0.013 0.509 0.266 
 581 I X   0.006 0.187 0.001 0.021 0.007 0.013 0.512 0.253 
 582 N X   0.006 0.193 0.001 0.022 0.007 0.013 0.516 0.242 
 583 P X   0.006 0.197 0.001 0.023 0.008 0.013 0.521 0.233 
 584 L X   0.006 0.199 0.001 0.023 0.008 0.012 0.526 0.226 
 585 L X   0.005 0.199 0.001 0.023 0.007 0.011 0.533 0.221 
 586 L X   0.005 0.196 0.001 0.023 0.007 0.009 0.541 0.219 
 587 S X   0.004 0.191 0.001 0.021 0.006 0.007 0.550 0.221 
 588 T X   0.003 0.180 0.001 0.018 0.003 0.005 0.562 0.229 
 589 E X   0.001 0.161 0.000 0.013 0.001 0.002 0.573 0.248 
 590 E X   0.000 0.140 0.000 0.009 0.000 0.001 0.578 0.271 
 591 S X   0.000 0.125 0.000 0.009 0.000 0.001 0.577 0.288 
 592 V X   0.003 0.116 0.001 0.016 0.004 0.003 0.565 0.292 
