#TopoPred_TM8: 8-state transmembrane topology prediction results by no_profile mode 
#probabilities are in the order of H E C I L F X _, the 8 transmembrane topology types used in PDBTM 
   1 M X   0.013 0.001 0.002 0.037 0.008 0.009 0.734 0.196 
   2 E X   0.004 0.000 0.000 0.017 0.001 0.004 0.752 0.221 
   3 L X   0.001 0.000 0.000 0.007 0.000 0.003 0.755 0.235 
   4 L X   0.001 0.000 0.000 0.004 0.000 0.003 0.751 0.241 
   5 P X   0.002 0.000 0.000 0.003 0.001 0.006 0.742 0.245 
   6 P X   0.006 0.001 0.000 0.004 0.002 0.012 0.727 0.247 
   7 L X   0.012 0.005 0.000 0.007 0.005 0.020 0.709 0.242 
   8 P X   0.018 0.018 0.001 0.015 0.010 0.028 0.681 0.228 
   9 Q X   0.023 0.049 0.002 0.028 0.018 0.035 0.644 0.202 
  10 S X   0.023 0.096 0.002 0.045 0.024 0.037 0.602 0.170 
  11 F X   0.022 0.137 0.002 0.060 0.027 0.037 0.568 0.147 
  12 L X   0.021 0.161 0.002 0.070 0.027 0.035 0.546 0.139 
  13 L X   0.020 0.173 0.002 0.074 0.026 0.033 0.532 0.141 
  14 L X   0.019 0.176 0.002 0.074 0.025 0.030 0.522 0.152 
  15 L X   0.019 0.174 0.002 0.068 0.022 0.027 0.516 0.172 
  16 L X   0.018 0.164 0.002 0.058 0.019 0.024 0.512 0.203 
  17 L X   0.017 0.144 0.002 0.046 0.015 0.020 0.509 0.247 
  18 P X   0.016 0.113 0.001 0.032 0.012 0.017 0.508 0.301 
  19 A X   0.015 0.077 0.001 0.021 0.008 0.014 0.508 0.357 
  20 K X   0.013 0.046 0.001 0.013 0.005 0.011 0.507 0.404 
  21 P X   0.010 0.026 0.000 0.008 0.003 0.009 0.505 0.438 
  22 A X   0.008 0.015 0.000 0.005 0.002 0.007 0.502 0.460 
  23 A X   0.007 0.010 0.000 0.004 0.002 0.006 0.498 0.473 
  24 G X   0.006 0.008 0.000 0.003 0.001 0.006 0.493 0.483 
  25 E _   0.005 0.007 0.000 0.003 0.001 0.005 0.487 0.490 
  26 D _   0.005 0.006 0.000 0.004 0.002 0.006 0.480 0.497 
  27 W _   0.005 0.007 0.000 0.006 0.002 0.006 0.472 0.503 
  28 Q _   0.005 0.007 0.000 0.007 0.002 0.006 0.463 0.509 
  29 C _   0.004 0.008 0.000 0.009 0.003 0.007 0.453 0.515 
  30 P _   0.004 0.009 0.000 0.010 0.003 0.007 0.443 0.522 
  31 R _   0.004 0.010 0.000 0.011 0.003 0.007 0.433 0.530 
  32 T _   0.004 0.011 0.000 0.012 0.004 0.008 0.422 0.539 
  33 P _   0.004 0.012 0.000 0.012 0.004 0.008 0.413 0.548 
  34 Y _   0.004 0.012 0.000 0.012 0.004 0.008 0.403 0.557 
  35 A _   0.004 0.013 0.000 0.011 0.004 0.008 0.394 0.566 
  36 A _   0.004 0.013 0.000 0.011 0.003 0.008 0.385 0.575 
  37 S _   0.004 0.014 0.000 0.010 0.004 0.009 0.376 0.583 
  38 R _   0.005 0.014 0.000 0.010 0.004 0.009 0.367 0.590 
  39 D _   0.005 0.015 0.000 0.010 0.004 0.010 0.359 0.597 
  40 F _   0.005 0.016 0.001 0.010 0.004 0.010 0.350 0.603 
  41 D _   0.006 0.018 0.001 0.011 0.004 0.011 0.342 0.607 
  42 V _   0.006 0.020 0.001 0.011 0.005 0.013 0.333 0.611 
  43 K _   0.007 0.022 0.001 0.012 0.005 0.014 0.325 0.615 
  44 Y _   0.008 0.024 0.001 0.012 0.005 0.015 0.316 0.619 
  45 V _   0.009 0.027 0.001 0.011 0.006 0.017 0.308 0.622 
  46 V _   0.010 0.029 0.001 0.011 0.006 0.019 0.299 0.624 
  47 P _   0.012 0.033 0.001 0.011 0.007 0.022 0.290 0.623 
  48 S _   0.014 0.038 0.001 0.012 0.009 0.026 0.281 0.619 
  49 F _   0.017 0.045 0.001 0.014 0.012 0.030 0.271 0.610 
  50 S _   0.021 0.056 0.001 0.017 0.016 0.034 0.260 0.595 
  51 A _   0.023 0.073 0.002 0.023 0.021 0.038 0.249 0.571 
  52 G _   0.026 0.094 0.002 0.032 0.026 0.040 0.238 0.542 
  53 G _   0.027 0.117 0.002 0.043 0.030 0.042 0.228 0.512 
  54 L _   0.028 0.136 0.002 0.054 0.032 0.041 0.219 0.488 
  55 V _   0.028 0.149 0.002 0.062 0.032 0.040 0.212 0.475 
  56 Q _   0.028 0.154 0.002 0.067 0.030 0.038 0.208 0.474 
  57 A _   0.026 0.152 0.002 0.066 0.028 0.035 0.205 0.487 
  58 M _   0.024 0.144 0.002 0.060 0.024 0.031 0.203 0.512 
  59 V _   0.022 0.126 0.002 0.049 0.019 0.027 0.202 0.554 
  60 T _   0.019 0.098 0.002 0.035 0.014 0.022 0.202 0.608 
  61 Y _   0.017 0.064 0.001 0.021 0.009 0.019 0.202 0.666 
  62 E _   0.014 0.036 0.001 0.012 0.006 0.016 0.201 0.714 
  63 G _   0.012 0.020 0.000 0.006 0.004 0.015 0.200 0.743 
  64 D _   0.011 0.014 0.000 0.003 0.003 0.014 0.198 0.756 
  65 R _   0.012 0.013 0.000 0.003 0.003 0.016 0.196 0.759 
  66 N _   0.014 0.014 0.000 0.004 0.004 0.018 0.193 0.753 
  67 E _   0.018 0.019 0.001 0.007 0.007 0.023 0.189 0.737 
  68 S _   0.022 0.035 0.001 0.014 0.012 0.028 0.184 0.704 
  69 A _   0.026 0.066 0.002 0.025 0.018 0.033 0.177 0.653 
  70 V _   0.028 0.104 0.002 0.038 0.023 0.035 0.171 0.599 
  71 F _   0.028 0.135 0.002 0.049 0.025 0.036 0.166 0.558 
  72 V _   0.028 0.154 0.002 0.057 0.027 0.036 0.162 0.534 
  73 A _   0.027 0.164 0.002 0.060 0.026 0.035 0.159 0.526 
  74 I _   0.026 0.167 0.002 0.059 0.025 0.033 0.158 0.530 
  75 R _   0.025 0.164 0.002 0.054 0.023 0.030 0.158 0.545 
  76 N _   0.022 0.155 0.002 0.046 0.019 0.027 0.159 0.569 
  77 R _   0.021 0.140 0.001 0.037 0.016 0.024 0.161 0.600 
  78 L _   0.019 0.120 0.001 0.028 0.012 0.021 0.163 0.636 
  79 H _   0.017 0.099 0.001 0.020 0.009 0.018 0.166 0.670 
  80 V _   0.015 0.080 0.001 0.015 0.007 0.016 0.168 0.699 
  81 L _   0.013 0.067 0.001 0.011 0.005 0.014 0.169 0.721 
  82 G _   0.011 0.058 0.000 0.008 0.004 0.012 0.170 0.735 
  83 P _   0.010 0.054 0.000 0.007 0.003 0.011 0.171 0.744 
  84 D _   0.009 0.052 0.000 0.007 0.003 0.011 0.171 0.747 
  85 L _   0.009 0.051 0.000 0.008 0.003 0.011 0.171 0.747 
  86 K _   0.009 0.053 0.000 0.010 0.004 0.011 0.170 0.743 
  87 S _   0.009 0.056 0.001 0.013 0.005 0.012 0.169 0.737 
  88 V _   0.008 0.059 0.001 0.017 0.006 0.012 0.169 0.729 
  89 Q _   0.008 0.062 0.001 0.020 0.006 0.012 0.169 0.721 
  90 S _   0.008 0.064 0.001 0.023 0.007 0.012 0.169 0.717 
  91 L _   0.008 0.064 0.001 0.024 0.007 0.012 0.169 0.715 
  92 A _   0.008 0.063 0.001 0.023 0.006 0.011 0.170 0.718 
  93 T _   0.007 0.060 0.001 0.020 0.005 0.010 0.172 0.725 
  94 G _   0.007 0.056 0.001 0.016 0.004 0.009 0.173 0.735 
  95 P _   0.006 0.051 0.000 0.012 0.004 0.008 0.175 0.744 
  96 A _   0.006 0.046 0.000 0.010 0.003 0.007 0.176 0.752 
  97 G _   0.005 0.043 0.000 0.008 0.002 0.007 0.177 0.757 
  98 D _   0.005 0.041 0.000 0.007 0.002 0.007 0.177 0.759 
  99 P _   0.005 0.041 0.000 0.008 0.002 0.008 0.178 0.757 
 100 G _   0.006 0.043 0.000 0.010 0.003 0.009 0.178 0.751 
 101 C _   0.006 0.047 0.000 0.014 0.004 0.010 0.177 0.741 
 102 Q _   0.007 0.051 0.001 0.020 0.005 0.011 0.177 0.727 
 103 T _   0.007 0.056 0.001 0.027 0.006 0.012 0.177 0.713 
 104 C _   0.008 0.060 0.001 0.033 0.007 0.013 0.177 0.702 
 105 A _   0.008 0.062 0.001 0.036 0.007 0.012 0.178 0.696 
 106 A _   0.007 0.061 0.001 0.036 0.007 0.012 0.180 0.696 
 107 C _   0.007 0.057 0.001 0.033 0.006 0.011 0.183 0.702 
 108 G _   0.007 0.051 0.001 0.027 0.005 0.010 0.186 0.714 
 109 P _   0.006 0.041 0.001 0.020 0.004 0.008 0.189 0.730 
 110 G _   0.006 0.031 0.000 0.014 0.003 0.007 0.192 0.747 
 111 P _   0.005 0.021 0.000 0.009 0.002 0.006 0.195 0.762 
 112 H _   0.004 0.015 0.000 0.005 0.001 0.005 0.197 0.772 
 113 G _   0.004 0.011 0.000 0.004 0.001 0.004 0.197 0.779 
 114 P _   0.003 0.010 0.000 0.003 0.001 0.004 0.197 0.782 
 115 P _   0.003 0.010 0.000 0.003 0.001 0.005 0.195 0.783 
 116 G _   0.004 0.011 0.000 0.003 0.001 0.006 0.193 0.781 
 117 D _   0.005 0.015 0.000 0.005 0.002 0.009 0.189 0.776 
 118 T _   0.006 0.024 0.000 0.008 0.003 0.012 0.184 0.763 
 119 D _   0.008 0.042 0.001 0.012 0.005 0.016 0.177 0.739 
 120 T _   0.009 0.075 0.001 0.018 0.008 0.021 0.166 0.701 
 121 K _   0.010 0.122 0.001 0.025 0.011 0.025 0.155 0.651 
 122 V _   0.011 0.177 0.002 0.031 0.014 0.028 0.142 0.595 
 123 L _   0.011 0.232 0.002 0.036 0.016 0.031 0.130 0.542 
 124 V _   0.012 0.280 0.002 0.039 0.019 0.033 0.120 0.496 
 125 L _   0.013 0.318 0.002 0.040 0.020 0.035 0.112 0.460 
 126 D _   0.013 0.347 0.002 0.041 0.022 0.036 0.105 0.434 
 127 P _   0.015 0.368 0.002 0.041 0.024 0.037 0.100 0.415 
 128 A _   0.016 0.382 0.002 0.040 0.024 0.037 0.096 0.403 
 129 L _   0.018 0.391 0.001 0.039 0.025 0.037 0.093 0.397 
 130 P _   0.019 0.395 0.001 0.037 0.024 0.036 0.091 0.397 
 131 A _   0.020 0.395 0.001 0.035 0.023 0.035 0.089 0.401 
 132 L _   0.021 0.390 0.001 0.033 0.022 0.034 0.088 0.410 
 133 V _   0.022 0.382 0.001 0.031 0.020 0.032 0.087 0.424 
 134 S _   0.021 0.370 0.001 0.029 0.018 0.030 0.087 0.443 
 135 C _   0.021 0.354 0.001 0.027 0.017 0.029 0.087 0.464 
 136 G _   0.021 0.335 0.001 0.026 0.016 0.027 0.087 0.487 
 137 S _   0.020 0.314 0.001 0.025 0.015 0.026 0.088 0.512 
 138 S _   0.020 0.289 0.001 0.024 0.014 0.024 0.088 0.539 
 139 L _   0.019 0.263 0.001 0.024 0.013 0.023 0.090 0.568 
 140 Q _   0.018 0.235 0.001 0.023 0.012 0.022 0.091 0.598 
 141 G _   0.018 0.206 0.001 0.022 0.011 0.020 0.093 0.629 
 142 R _   0.017 0.175 0.001 0.021 0.010 0.019 0.095 0.663 
 143 C _   0.015 0.143 0.001 0.019 0.009 0.017 0.097 0.699 
 144 F _   0.014 0.112 0.001 0.017 0.007 0.016 0.099 0.734 
 145 L _   0.013 0.084 0.001 0.013 0.006 0.015 0.100 0.767 
 146 H _   0.012 0.062 0.001 0.010 0.005 0.014 0.102 0.795 
 147 D _   0.011 0.047 0.001 0.007 0.004 0.014 0.103 0.815 
 148 L _   0.010 0.038 0.000 0.005 0.003 0.014 0.103 0.827 
 149 E _   0.011 0.033 0.000 0.004 0.003 0.015 0.103 0.832 
 150 P _   0.012 0.032 0.000 0.004 0.003 0.017 0.102 0.829 
 151 Q _   0.016 0.034 0.000 0.005 0.004 0.021 0.101 0.820 
 152 G _   0.021 0.040 0.001 0.007 0.008 0.026 0.099 0.799 
 153 T _   0.028 0.058 0.001 0.012 0.013 0.033 0.096 0.759 
 154 A _   0.034 0.098 0.002 0.019 0.022 0.041 0.092 0.691 
 155 V _   0.039 0.166 0.003 0.030 0.032 0.046 0.087 0.598 
 156 H _   0.040 0.251 0.003 0.041 0.038 0.048 0.083 0.497 
 157 L _   0.039 0.327 0.003 0.052 0.040 0.046 0.079 0.414 
 158 A E   0.037 0.382 0.003 0.060 0.039 0.044 0.077 0.358 
 159 A E   0.035 0.414 0.002 0.067 0.037 0.041 0.076 0.328 
 160 P E   0.034 0.429 0.002 0.071 0.034 0.038 0.076 0.316 
 161 A E   0.032 0.433 0.002 0.072 0.031 0.034 0.078 0.319 
 162 C E   0.030 0.427 0.002 0.069 0.027 0.031 0.080 0.334 
 163 L E   0.028 0.408 0.002 0.063 0.023 0.027 0.084 0.365 
 164 F _   0.026 0.369 0.002 0.055 0.020 0.024 0.089 0.416 
 165 S _   0.024 0.306 0.002 0.045 0.016 0.021 0.096 0.490 
 166 A _   0.022 0.224 0.002 0.034 0.012 0.018 0.104 0.584 
 167 H _   0.019 0.143 0.001 0.024 0.009 0.015 0.112 0.677 
 168 H _   0.016 0.082 0.001 0.015 0.006 0.012 0.118 0.751 
 169 N _   0.012 0.045 0.001 0.009 0.003 0.009 0.123 0.799 
 170 R _   0.009 0.026 0.000 0.005 0.002 0.007 0.125 0.826 
 171 P _   0.006 0.018 0.000 0.003 0.001 0.005 0.126 0.839 
 172 D _   0.005 0.015 0.000 0.002 0.001 0.005 0.126 0.845 
 173 D _   0.004 0.015 0.000 0.003 0.001 0.005 0.125 0.847 
 174 C _   0.005 0.017 0.000 0.003 0.001 0.006 0.122 0.845 
 175 P _   0.005 0.021 0.000 0.005 0.002 0.008 0.119 0.838 
 176 D _   0.006 0.033 0.000 0.009 0.003 0.011 0.114 0.822 
 177 C _   0.008 0.056 0.001 0.015 0.005 0.015 0.108 0.793 
 178 V _   0.008 0.092 0.001 0.021 0.008 0.018 0.100 0.752 
 179 A _   0.009 0.135 0.001 0.028 0.010 0.020 0.091 0.706 
 180 S _   0.009 0.177 0.001 0.033 0.011 0.021 0.083 0.664 
 181 P _   0.009 0.214 0.001 0.036 0.012 0.023 0.076 0.629 
 182 L _   0.008 0.241 0.001 0.038 0.013 0.023 0.070 0.605 
 183 G _   0.009 0.260 0.001 0.038 0.013 0.024 0.066 0.589 
 184 T _   0.009 0.272 0.001 0.038 0.014 0.025 0.062 0.580 
 185 R _   0.009 0.281 0.001 0.036 0.014 0.025 0.059 0.575 
 186 V _   0.010 0.285 0.001 0.034 0.014 0.025 0.056 0.574 
 187 T _   0.011 0.286 0.001 0.032 0.014 0.026 0.054 0.577 
 188 V _   0.011 0.285 0.001 0.029 0.013 0.026 0.053 0.582 
 189 V _   0.012 0.281 0.001 0.027 0.013 0.026 0.051 0.589 
 190 E _   0.013 0.276 0.001 0.024 0.012 0.026 0.050 0.598 
 191 Q _   0.013 0.269 0.001 0.022 0.012 0.026 0.049 0.608 
 192 G _   0.014 0.260 0.001 0.020 0.012 0.026 0.048 0.619 
 193 Q _   0.015 0.251 0.001 0.018 0.011 0.027 0.047 0.629 
 194 A _   0.016 0.242 0.001 0.017 0.011 0.027 0.047 0.639 
 195 S _   0.017 0.234 0.001 0.015 0.011 0.028 0.046 0.647 
 196 Y _   0.019 0.227 0.001 0.015 0.012 0.029 0.045 0.653 
 197 F _   0.020 0.221 0.001 0.014 0.012 0.030 0.045 0.657 
 198 Y _   0.022 0.217 0.001 0.015 0.013 0.031 0.044 0.657 
 199 V _   0.025 0.214 0.001 0.016 0.014 0.032 0.044 0.655 
 200 A _   0.028 0.212 0.001 0.017 0.016 0.033 0.043 0.651 
 201 S _   0.030 0.209 0.001 0.020 0.017 0.033 0.043 0.646 
 202 S _   0.033 0.206 0.001 0.022 0.019 0.034 0.043 0.642 
 203 L _   0.036 0.202 0.001 0.024 0.020 0.034 0.043 0.641 
 204 D _   0.038 0.196 0.001 0.025 0.020 0.033 0.043 0.643 
 205 A _   0.039 0.187 0.002 0.026 0.020 0.032 0.044 0.650 
 206 A _   0.039 0.173 0.002 0.026 0.019 0.031 0.045 0.665 
 207 V _   0.039 0.156 0.002 0.024 0.018 0.029 0.046 0.687 
 208 A _   0.037 0.133 0.001 0.022 0.016 0.027 0.048 0.716 
 209 A _   0.035 0.108 0.001 0.019 0.014 0.025 0.050 0.748 
 210 S _   0.032 0.083 0.001 0.015 0.011 0.023 0.052 0.782 
 211 F _   0.029 0.062 0.001 0.013 0.009 0.021 0.054 0.811 
 212 S _   0.025 0.047 0.001 0.011 0.008 0.019 0.055 0.834 
 213 P _   0.022 0.037 0.001 0.010 0.007 0.018 0.057 0.849 
 214 R _   0.020 0.030 0.001 0.010 0.006 0.017 0.058 0.859 
 215 S _   0.018 0.025 0.001 0.010 0.006 0.016 0.059 0.864 
 216 V _   0.017 0.022 0.001 0.011 0.006 0.015 0.060 0.868 
 217 S _   0.016 0.018 0.001 0.012 0.006 0.014 0.062 0.872 
 218 I _   0.015 0.015 0.001 0.012 0.005 0.014 0.062 0.876 
 219 R _   0.013 0.012 0.001 0.011 0.005 0.013 0.063 0.882 
 220 R _   0.012 0.009 0.001 0.009 0.004 0.012 0.064 0.889 
 221 L _   0.011 0.006 0.000 0.007 0.003 0.011 0.064 0.896 
 222 K _   0.011 0.004 0.000 0.005 0.003 0.011 0.065 0.901 
 223 A _   0.011 0.003 0.000 0.004 0.003 0.012 0.064 0.903 
 224 D _   0.013 0.002 0.000 0.003 0.003 0.013 0.064 0.902 
 225 A _   0.016 0.002 0.000 0.003 0.003 0.016 0.064 0.896 
 226 S _   0.021 0.002 0.000 0.004 0.005 0.020 0.063 0.884 
 227 G _   0.029 0.004 0.001 0.006 0.008 0.026 0.062 0.865 
 228 F _   0.038 0.008 0.001 0.010 0.012 0.033 0.060 0.836 
 229 A _   0.048 0.016 0.001 0.016 0.019 0.041 0.059 0.801 
 230 P _   0.056 0.026 0.002 0.025 0.026 0.047 0.057 0.761 
 231 G _   0.063 0.036 0.002 0.034 0.032 0.051 0.056 0.726 
 232 F _   0.068 0.043 0.002 0.040 0.036 0.054 0.055 0.702 
 233 V _   0.071 0.046 0.002 0.044 0.038 0.054 0.055 0.690 
 234 A _   0.071 0.047 0.002 0.044 0.037 0.053 0.055 0.690 
 235 L _   0.068 0.045 0.002 0.041 0.034 0.050 0.056 0.703 
 236 S _   0.065 0.040 0.002 0.035 0.030 0.047 0.057 0.725 
 237 V _   0.059 0.033 0.002 0.027 0.024 0.043 0.058 0.755 
 238 L _   0.053 0.024 0.001 0.020 0.019 0.038 0.059 0.785 
 239 P _   0.047 0.016 0.001 0.014 0.014 0.034 0.060 0.812 
 240 K _   0.042 0.010 0.001 0.010 0.011 0.031 0.061 0.834 
 241 H _   0.037 0.006 0.001 0.008 0.009 0.028 0.062 0.849 
 242 L _   0.034 0.004 0.001 0.007 0.007 0.027 0.063 0.858 
 243 V _   0.031 0.003 0.001 0.006 0.007 0.026 0.064 0.863 
 244 S _   0.031 0.002 0.001 0.006 0.006 0.025 0.064 0.865 
 245 Y _   0.031 0.001 0.001 0.006 0.006 0.025 0.065 0.865 
 246 S _   0.033 0.001 0.001 0.006 0.006 0.026 0.065 0.862 
 247 I _   0.036 0.001 0.001 0.006 0.007 0.027 0.065 0.858 
 248 E _   0.041 0.001 0.001 0.006 0.007 0.029 0.065 0.851 
 249 Y _   0.048 0.001 0.001 0.005 0.008 0.032 0.065 0.841 
 250 V _   0.058 0.001 0.001 0.005 0.009 0.036 0.064 0.826 
 251 H _   0.071 0.001 0.001 0.005 0.012 0.041 0.064 0.806 
 252 S _   0.088 0.002 0.001 0.005 0.016 0.047 0.063 0.777 
 253 F _   0.106 0.005 0.001 0.007 0.023 0.054 0.063 0.742 
 254 H _   0.123 0.009 0.002 0.009 0.032 0.060 0.063 0.701 
 255 T _   0.140 0.019 0.002 0.013 0.043 0.066 0.063 0.653 
 256 G _   0.152 0.035 0.003 0.020 0.053 0.070 0.063 0.605 
 257 A _   0.160 0.053 0.003 0.028 0.060 0.071 0.064 0.561 
 258 F _   0.163 0.070 0.003 0.036 0.064 0.070 0.066 0.529 
 259 V _   0.161 0.082 0.003 0.043 0.064 0.067 0.068 0.513 
 260 Y _   0.153 0.088 0.003 0.049 0.061 0.062 0.071 0.512 
 261 F _   0.142 0.091 0.003 0.051 0.055 0.057 0.075 0.526 
 262 L _   0.127 0.088 0.003 0.050 0.047 0.050 0.081 0.554 
 263 T _   0.109 0.082 0.003 0.045 0.037 0.043 0.087 0.594 
 264 V _   0.088 0.070 0.002 0.037 0.027 0.036 0.094 0.645 
 265 Q _   0.068 0.053 0.002 0.028 0.018 0.029 0.101 0.701 
 266 P _   0.050 0.036 0.001 0.019 0.011 0.022 0.108 0.752 
 267 A _   0.035 0.021 0.001 0.012 0.007 0.017 0.113 0.793 
 268 S _   0.024 0.012 0.000 0.007 0.004 0.013 0.117 0.822 
 269 V _   0.016 0.007 0.000 0.004 0.002 0.010 0.120 0.840 
 270 T _   0.011 0.005 0.000 0.003 0.002 0.008 0.121 0.849 
 271 D _   0.009 0.005 0.000 0.002 0.001 0.008 0.122 0.853 
 272 D _   0.008 0.005 0.000 0.003 0.002 0.008 0.123 0.852 
 273 P _   0.008 0.007 0.000 0.004 0.002 0.010 0.122 0.845 
 274 S _   0.009 0.014 0.000 0.008 0.004 0.012 0.121 0.832 
 275 A _   0.010 0.027 0.001 0.014 0.006 0.015 0.120 0.807 
 276 L _   0.011 0.047 0.001 0.023 0.009 0.018 0.118 0.773 
 277 H _   0.012 0.071 0.001 0.034 0.011 0.020 0.116 0.734 
 278 T _   0.012 0.091 0.001 0.044 0.013 0.021 0.114 0.703 
 279 R _   0.012 0.104 0.001 0.051 0.014 0.021 0.114 0.683 
 280 L _   0.011 0.110 0.001 0.054 0.014 0.020 0.114 0.675 
 281 A _   0.011 0.112 0.001 0.052 0.013 0.019 0.115 0.677 
 282 R _   0.010 0.108 0.001 0.046 0.011 0.017 0.117 0.688 
 283 L _   0.010 0.101 0.001 0.037 0.009 0.015 0.119 0.707 
 284 S _   0.009 0.089 0.001 0.028 0.007 0.013 0.123 0.730 
 285 A _   0.009 0.074 0.001 0.019 0.006 0.012 0.126 0.754 
 286 T _   0.008 0.061 0.001 0.013 0.004 0.010 0.129 0.775 
 287 E _   0.007 0.051 0.000 0.008 0.003 0.009 0.131 0.789 
 288 P _   0.007 0.046 0.000 0.006 0.002 0.009 0.133 0.797 
 289 E _   0.007 0.043 0.000 0.005 0.002 0.009 0.134 0.799 
 290 L _   0.007 0.044 0.000 0.006 0.003 0.010 0.134 0.796 
 291 G _   0.008 0.046 0.000 0.008 0.003 0.011 0.135 0.789 
 292 D _   0.008 0.052 0.001 0.011 0.004 0.012 0.135 0.777 
 293 Y _   0.009 0.060 0.001 0.016 0.006 0.014 0.134 0.760 
 294 R _   0.010 0.071 0.001 0.022 0.007 0.015 0.134 0.741 
 295 E _   0.010 0.081 0.001 0.028 0.008 0.016 0.134 0.722 
 296 L _   0.010 0.089 0.001 0.034 0.009 0.016 0.134 0.707 
 297 V _   0.010 0.093 0.001 0.037 0.010 0.016 0.135 0.698 
 298 L _   0.010 0.094 0.001 0.038 0.009 0.015 0.137 0.695 
 299 D _   0.010 0.092 0.001 0.037 0.009 0.015 0.139 0.699 
 300 C _   0.009 0.087 0.001 0.033 0.008 0.013 0.142 0.706 
 301 R _   0.009 0.079 0.001 0.029 0.007 0.012 0.146 0.717 
 302 F _   0.009 0.069 0.001 0.024 0.006 0.011 0.150 0.732 
 303 A _   0.008 0.056 0.001 0.019 0.005 0.010 0.154 0.748 
 304 P _   0.008 0.044 0.001 0.015 0.004 0.009 0.158 0.762 
 305 K _   0.007 0.034 0.000 0.012 0.003 0.008 0.161 0.774 
 306 R _   0.007 0.026 0.000 0.009 0.003 0.007 0.164 0.784 
 307 R _   0.006 0.020 0.000 0.008 0.002 0.006 0.166 0.791 
 308 R _   0.006 0.016 0.000 0.006 0.002 0.006 0.168 0.797 
 309 R _   0.005 0.013 0.000 0.005 0.002 0.005 0.168 0.801 
 310 G _   0.004 0.011 0.000 0.005 0.001 0.005 0.168 0.805 
 311 A _   0.004 0.010 0.000 0.005 0.001 0.005 0.167 0.807 
 312 P _   0.004 0.010 0.000 0.004 0.001 0.005 0.166 0.809 
 313 E _   0.004 0.011 0.000 0.005 0.001 0.005 0.164 0.811 
 314 G _   0.004 0.012 0.000 0.005 0.002 0.006 0.161 0.811 
 315 G _   0.004 0.015 0.000 0.006 0.002 0.007 0.157 0.808 
 316 Q _   0.005 0.019 0.000 0.008 0.003 0.009 0.153 0.803 
 317 P _   0.005 0.026 0.000 0.011 0.004 0.012 0.148 0.793 
 318 Y _   0.006 0.037 0.001 0.015 0.005 0.015 0.142 0.778 
 319 P _   0.007 0.049 0.001 0.020 0.007 0.018 0.137 0.761 
 320 V _   0.009 0.063 0.001 0.025 0.009 0.021 0.131 0.741 
 321 L _   0.010 0.076 0.001 0.030 0.011 0.024 0.126 0.724 
 322 R _   0.011 0.085 0.001 0.033 0.013 0.026 0.121 0.711 
 323 V _   0.012 0.091 0.001 0.034 0.014 0.028 0.116 0.703 
 324 A _   0.013 0.095 0.001 0.035 0.015 0.030 0.113 0.698 
 325 H _   0.014 0.097 0.001 0.033 0.016 0.031 0.110 0.698 
 326 S _   0.016 0.096 0.001 0.032 0.016 0.033 0.107 0.699 
 327 A _   0.018 0.095 0.001 0.030 0.017 0.034 0.105 0.700 
 328 P _   0.020 0.092 0.001 0.029 0.018 0.035 0.103 0.702 
 329 V _   0.023 0.088 0.001 0.028 0.018 0.036 0.101 0.704 
 330 G _   0.026 0.084 0.001 0.027 0.019 0.037 0.100 0.706 
 331 A _   0.029 0.078 0.001 0.026 0.019 0.037 0.100 0.711 
 332 Q _   0.031 0.070 0.001 0.025 0.018 0.037 0.099 0.718 
 333 L _   0.033 0.061 0.001 0.023 0.017 0.036 0.099 0.729 
 334 A _   0.034 0.050 0.001 0.020 0.016 0.036 0.099 0.744 
 335 T _   0.035 0.038 0.001 0.016 0.014 0.035 0.100 0.761 
 336 E _   0.036 0.026 0.001 0.013 0.012 0.034 0.100 0.778 
 337 L _   0.038 0.017 0.001 0.009 0.010 0.034 0.100 0.791 
 338 S _   0.041 0.011 0.001 0.006 0.009 0.034 0.100 0.798 
 339 I _   0.045 0.008 0.001 0.005 0.008 0.035 0.100 0.798 
 340 A _   0.050 0.007 0.001 0.005 0.009 0.037 0.099 0.792 
 341 E _   0.058 0.008 0.001 0.005 0.011 0.040 0.099 0.779 
 342 G _   0.067 0.010 0.001 0.007 0.015 0.044 0.098 0.759 
 343 Q _   0.077 0.015 0.001 0.010 0.021 0.048 0.098 0.730 
 344 E _   0.086 0.025 0.002 0.016 0.028 0.051 0.097 0.695 
 345 V _   0.092 0.039 0.002 0.026 0.034 0.053 0.097 0.657 
 346 L _   0.093 0.054 0.002 0.037 0.038 0.053 0.098 0.625 
 347 F _   0.091 0.066 0.002 0.047 0.040 0.051 0.100 0.603 
 348 G _   0.086 0.073 0.002 0.055 0.038 0.047 0.102 0.596 
 349 V _   0.077 0.076 0.002 0.058 0.034 0.043 0.106 0.604 
 350 F _   0.067 0.074 0.002 0.056 0.029 0.037 0.110 0.625 
 351 V _   0.055 0.067 0.002 0.049 0.022 0.031 0.115 0.658 
 352 T _   0.043 0.055 0.002 0.038 0.016 0.025 0.121 0.700 
 353 G _   0.033 0.039 0.001 0.026 0.010 0.019 0.126 0.746 
 354 K _   0.024 0.022 0.001 0.015 0.006 0.014 0.131 0.788 
 355 D _   0.016 0.010 0.000 0.008 0.003 0.010 0.134 0.818 
 356 G _   0.011 0.004 0.000 0.004 0.002 0.007 0.135 0.837 
 357 G _   0.007 0.001 0.000 0.002 0.001 0.006 0.136 0.846 
 358 P _   0.005 0.001 0.000 0.001 0.001 0.005 0.136 0.850 
 359 G _   0.005 0.001 0.000 0.001 0.001 0.006 0.135 0.851 
 360 V _   0.006 0.001 0.000 0.002 0.001 0.009 0.134 0.848 
 361 G _   0.010 0.002 0.000 0.003 0.003 0.014 0.131 0.838 
 362 P _   0.016 0.008 0.001 0.006 0.005 0.021 0.128 0.816 
 363 N _   0.023 0.025 0.001 0.012 0.012 0.032 0.122 0.773 
 364 S _   0.031 0.062 0.002 0.023 0.021 0.043 0.114 0.703 
 365 V _   0.037 0.119 0.003 0.037 0.032 0.052 0.106 0.614 
 366 V _   0.040 0.175 0.003 0.051 0.040 0.058 0.098 0.534 
 367 C _   0.042 0.215 0.003 0.062 0.045 0.061 0.093 0.480 
 368 A _   0.043 0.239 0.003 0.069 0.048 0.061 0.089 0.448 
 369 F _   0.044 0.251 0.002 0.072 0.048 0.060 0.086 0.436 
 370 P _   0.045 0.255 0.002 0.069 0.047 0.058 0.085 0.439 
 371 I _   0.045 0.251 0.002 0.063 0.044 0.055 0.085 0.455 
 372 D _   0.045 0.238 0.002 0.054 0.040 0.051 0.085 0.485 
 373 L _   0.044 0.217 0.002 0.044 0.034 0.047 0.086 0.526 
 374 L _   0.042 0.188 0.002 0.033 0.029 0.043 0.088 0.574 
 375 D _   0.040 0.159 0.002 0.025 0.023 0.039 0.090 0.622 
 376 T _   0.037 0.133 0.001 0.020 0.018 0.035 0.092 0.664 
 377 L _   0.033 0.114 0.001 0.016 0.014 0.031 0.094 0.696 
 378 I _   0.030 0.101 0.001 0.014 0.011 0.028 0.095 0.719 
 379 D _   0.026 0.093 0.001 0.013 0.009 0.025 0.097 0.736 
 380 E _   0.023 0.087 0.001 0.013 0.008 0.022 0.098 0.748 
 381 G _   0.021 0.082 0.001 0.013 0.007 0.020 0.099 0.757 
 382 V _   0.018 0.078 0.001 0.013 0.006 0.018 0.100 0.766 
 383 E _   0.016 0.075 0.001 0.012 0.006 0.016 0.101 0.774 
 384 R _   0.014 0.071 0.001 0.011 0.005 0.015 0.101 0.782 
 385 C _   0.012 0.069 0.001 0.010 0.005 0.013 0.102 0.789 
 386 C _   0.010 0.067 0.001 0.009 0.004 0.012 0.102 0.795 
 387 E _   0.009 0.065 0.000 0.009 0.004 0.011 0.102 0.799 
 388 S _   0.008 0.065 0.000 0.008 0.004 0.011 0.102 0.801 
 389 P _   0.008 0.067 0.000 0.008 0.004 0.011 0.102 0.800 
 390 V _   0.008 0.070 0.000 0.009 0.004 0.012 0.102 0.795 
 391 H _   0.008 0.076 0.001 0.011 0.004 0.012 0.101 0.786 
 392 P _   0.009 0.085 0.001 0.014 0.005 0.014 0.101 0.772 
 393 G _   0.009 0.096 0.001 0.019 0.007 0.015 0.100 0.754 
 394 L _   0.010 0.108 0.001 0.024 0.008 0.016 0.099 0.734 
 395 R _   0.010 0.119 0.001 0.031 0.010 0.017 0.098 0.714 
 396 R _   0.011 0.128 0.001 0.037 0.011 0.018 0.098 0.697 
 397 G _   0.011 0.133 0.001 0.042 0.011 0.018 0.099 0.686 
 398 L _   0.011 0.134 0.001 0.044 0.011 0.017 0.100 0.681 
 399 D _   0.011 0.132 0.001 0.043 0.011 0.016 0.102 0.684 
 400 F _   0.011 0.125 0.001 0.040 0.009 0.015 0.105 0.694 
 401 F _   0.010 0.113 0.001 0.034 0.008 0.013 0.108 0.712 
 402 Q _   0.010 0.095 0.001 0.027 0.007 0.012 0.112 0.737 
 403 S _   0.009 0.073 0.001 0.020 0.005 0.010 0.116 0.766 
 404 P _   0.008 0.052 0.001 0.014 0.004 0.008 0.119 0.793 
 405 S _   0.007 0.036 0.000 0.009 0.003 0.007 0.122 0.815 
 406 F _   0.006 0.025 0.000 0.006 0.002 0.006 0.124 0.830 
 407 C _   0.005 0.020 0.000 0.005 0.001 0.005 0.125 0.839 
 408 P _   0.005 0.017 0.000 0.004 0.001 0.005 0.125 0.843 
 409 N _   0.004 0.016 0.000 0.004 0.001 0.005 0.124 0.845 
 410 P _   0.004 0.016 0.000 0.005 0.002 0.006 0.123 0.844 
 411 P _   0.005 0.018 0.000 0.006 0.002 0.006 0.121 0.842 
 412 G _   0.005 0.021 0.000 0.008 0.002 0.007 0.118 0.838 
 413 L _   0.005 0.025 0.000 0.010 0.003 0.008 0.115 0.835 
 414 E _   0.005 0.029 0.000 0.012 0.003 0.009 0.111 0.831 
 415 A _   0.005 0.034 0.000 0.013 0.003 0.009 0.107 0.828 
 416 L _   0.004 0.040 0.000 0.014 0.003 0.010 0.102 0.826 
 417 S _   0.004 0.045 0.000 0.014 0.004 0.011 0.098 0.825 
 418 P _   0.005 0.051 0.000 0.014 0.004 0.012 0.093 0.821 
 419 N _   0.005 0.058 0.001 0.015 0.005 0.013 0.088 0.815 
 420 T _   0.006 0.067 0.001 0.017 0.006 0.015 0.084 0.805 
 421 S _   0.007 0.077 0.001 0.020 0.007 0.018 0.079 0.792 
 422 C _   0.008 0.089 0.001 0.024 0.009 0.021 0.074 0.774 
 423 R _   0.009 0.102 0.001 0.030 0.011 0.023 0.069 0.755 
 424 H _   0.010 0.112 0.001 0.035 0.013 0.025 0.065 0.738 
 425 F _   0.011 0.120 0.001 0.039 0.015 0.027 0.061 0.725 
 426 P _   0.012 0.125 0.001 0.042 0.016 0.028 0.057 0.719 
 427 L _   0.013 0.126 0.001 0.042 0.016 0.028 0.054 0.719 
 428 L _   0.014 0.124 0.001 0.040 0.016 0.028 0.052 0.724 
 429 V _   0.015 0.118 0.001 0.037 0.016 0.028 0.050 0.736 
 430 S _   0.015 0.107 0.001 0.032 0.015 0.028 0.048 0.753 
 431 S _   0.017 0.093 0.001 0.027 0.014 0.027 0.047 0.774 
 432 S _   0.018 0.077 0.001 0.022 0.013 0.027 0.045 0.795 
 433 F _   0.020 0.061 0.001 0.018 0.012 0.027 0.044 0.815 
 434 S _   0.022 0.047 0.001 0.015 0.011 0.028 0.044 0.833 
 435 R _   0.024 0.035 0.001 0.013 0.010 0.028 0.043 0.846 
 436 V _   0.027 0.026 0.001 0.011 0.010 0.028 0.042 0.855 
 437 D _   0.031 0.019 0.001 0.010 0.010 0.029 0.041 0.859 
 438 L _   0.036 0.014 0.001 0.009 0.010 0.030 0.040 0.860 
 439 F _   0.041 0.011 0.001 0.009 0.010 0.032 0.039 0.858 
 440 N _   0.047 0.008 0.001 0.008 0.011 0.033 0.038 0.854 
 441 G _   0.053 0.006 0.001 0.008 0.012 0.035 0.037 0.848 
 442 L _   0.059 0.005 0.001 0.008 0.013 0.037 0.036 0.840 
 443 L _   0.066 0.005 0.001 0.008 0.015 0.039 0.035 0.830 
 444 G _   0.073 0.004 0.001 0.009 0.017 0.041 0.034 0.820 
 445 P _   0.079 0.005 0.001 0.010 0.019 0.043 0.034 0.809 
 446 V _   0.083 0.005 0.001 0.012 0.021 0.044 0.033 0.800 
 447 Q _   0.086 0.006 0.001 0.014 0.023 0.045 0.032 0.793 
 448 V _   0.087 0.006 0.002 0.016 0.024 0.044 0.032 0.790 
 449 T _   0.085 0.006 0.002 0.017 0.023 0.043 0.032 0.792 
 450 A _   0.081 0.006 0.002 0.017 0.022 0.041 0.032 0.800 
 451 L _   0.075 0.005 0.001 0.015 0.019 0.038 0.032 0.814 
 452 Y _   0.069 0.004 0.001 0.013 0.016 0.035 0.032 0.831 
 453 V _   0.062 0.003 0.001 0.010 0.013 0.033 0.032 0.848 
 454 T _   0.056 0.002 0.001 0.007 0.010 0.030 0.032 0.862 
 455 R _   0.052 0.001 0.001 0.005 0.009 0.028 0.031 0.872 
 456 L _   0.049 0.001 0.001 0.004 0.008 0.028 0.031 0.879 
 457 D _   0.048 0.001 0.001 0.004 0.008 0.028 0.031 0.881 
 458 N _   0.049 0.001 0.001 0.005 0.008 0.029 0.031 0.877 
 459 V _   0.051 0.001 0.001 0.006 0.010 0.030 0.031 0.871 
 460 T _   0.053 0.002 0.001 0.008 0.012 0.032 0.030 0.862 
 461 V _   0.056 0.002 0.001 0.011 0.014 0.034 0.030 0.852 
 462 A _   0.058 0.003 0.001 0.013 0.015 0.035 0.030 0.844 
 463 H _   0.060 0.004 0.001 0.014 0.016 0.036 0.030 0.839 
 464 M _   0.060 0.004 0.001 0.014 0.016 0.036 0.030 0.839 
 465 G _   0.059 0.004 0.001 0.013 0.015 0.036 0.030 0.843 
 466 T _   0.057 0.004 0.001 0.011 0.014 0.035 0.030 0.847 
 467 M _   0.056 0.003 0.001 0.009 0.013 0.035 0.030 0.852 
 468 D _   0.056 0.003 0.001 0.008 0.012 0.036 0.030 0.855 
 469 G _   0.056 0.003 0.001 0.007 0.011 0.036 0.030 0.855 
 470 R _   0.056 0.003 0.001 0.007 0.011 0.037 0.030 0.854 
 471 I _   0.057 0.004 0.001 0.008 0.012 0.038 0.030 0.849 
 472 L _   0.059 0.005 0.001 0.009 0.013 0.040 0.030 0.843 
 473 Q _   0.061 0.007 0.001 0.009 0.014 0.042 0.030 0.836 
 474 V _   0.063 0.010 0.001 0.010 0.015 0.043 0.030 0.827 
 475 E _   0.065 0.013 0.001 0.011 0.017 0.044 0.030 0.819 
 476 L _   0.067 0.017 0.001 0.012 0.018 0.046 0.030 0.809 
 477 V _   0.069 0.021 0.001 0.013 0.021 0.047 0.029 0.798 
 478 R _   0.070 0.027 0.001 0.015 0.023 0.048 0.029 0.786 
 479 S _   0.071 0.034 0.002 0.018 0.026 0.049 0.029 0.772 
 480 L _   0.070 0.043 0.002 0.022 0.028 0.049 0.029 0.758 
 481 N _   0.067 0.050 0.002 0.026 0.029 0.048 0.030 0.747 
 482 Y _   0.064 0.058 0.002 0.031 0.029 0.045 0.030 0.740 
 483 L _   0.059 0.063 0.002 0.035 0.028 0.042 0.031 0.739 
 484 L _   0.053 0.066 0.002 0.038 0.025 0.038 0.032 0.746 
 485 Y _   0.046 0.066 0.002 0.038 0.022 0.034 0.034 0.759 
 486 V _   0.039 0.063 0.001 0.035 0.018 0.029 0.035 0.779 
 487 S _   0.033 0.058 0.001 0.031 0.014 0.025 0.037 0.802 
 488 N _   0.027 0.051 0.001 0.025 0.011 0.020 0.038 0.828 
 489 F _   0.022 0.042 0.001 0.019 0.008 0.017 0.040 0.853 
 490 S _   0.017 0.032 0.001 0.014 0.005 0.014 0.041 0.876 
 491 L _   0.014 0.025 0.001 0.010 0.004 0.011 0.042 0.894 
 492 G _   0.011 0.019 0.000 0.007 0.003 0.009 0.043 0.907 
 493 D _   0.009 0.016 0.000 0.006 0.002 0.008 0.044 0.915 
 494 S _   0.008 0.014 0.000 0.005 0.002 0.007 0.044 0.920 
 495 G _   0.007 0.013 0.000 0.005 0.002 0.007 0.044 0.922 
 496 Q _   0.006 0.013 0.000 0.005 0.002 0.007 0.044 0.921 
 497 P _   0.006 0.015 0.000 0.006 0.002 0.008 0.043 0.919 
 498 V _   0.006 0.017 0.000 0.007 0.003 0.009 0.042 0.916 
 499 Q _   0.006 0.020 0.000 0.009 0.003 0.010 0.042 0.910 
 500 R _   0.007 0.024 0.000 0.011 0.004 0.011 0.040 0.903 
 501 D _   0.007 0.030 0.001 0.013 0.005 0.012 0.039 0.893 
 502 V _   0.007 0.037 0.001 0.015 0.006 0.014 0.038 0.883 
 503 S _   0.008 0.043 0.001 0.018 0.007 0.015 0.037 0.872 
 504 R _   0.009 0.050 0.001 0.021 0.008 0.017 0.035 0.861 
 505 L _   0.009 0.056 0.001 0.023 0.009 0.018 0.034 0.849 
 506 G _   0.010 0.062 0.001 0.026 0.010 0.019 0.033 0.838 
 507 D _   0.011 0.066 0.001 0.028 0.011 0.020 0.032 0.830 
 508 H _   0.012 0.068 0.001 0.030 0.012 0.021 0.031 0.824 
 509 L _   0.014 0.068 0.001 0.030 0.012 0.022 0.031 0.822 
 510 L _   0.014 0.067 0.001 0.029 0.013 0.022 0.031 0.823 
 511 F _   0.015 0.064 0.001 0.027 0.012 0.022 0.031 0.828 
 512 A _   0.016 0.059 0.001 0.025 0.012 0.021 0.031 0.835 
 513 S _   0.017 0.054 0.001 0.022 0.011 0.021 0.031 0.844 
 514 G _   0.017 0.047 0.001 0.020 0.010 0.020 0.031 0.854 
 515 D _   0.017 0.040 0.001 0.018 0.009 0.019 0.031 0.863 
 516 Q _   0.018 0.034 0.001 0.016 0.009 0.019 0.032 0.872 
 517 V _   0.018 0.027 0.001 0.014 0.008 0.018 0.032 0.881 
 518 F _   0.018 0.021 0.001 0.013 0.007 0.018 0.033 0.891 
 519 Q _   0.018 0.015 0.001 0.011 0.006 0.017 0.033 0.900 
 520 V _   0.018 0.010 0.001 0.009 0.006 0.017 0.033 0.906 
 521 P _   0.018 0.007 0.001 0.008 0.005 0.017 0.033 0.911 
 522 I _   0.020 0.004 0.001 0.007 0.005 0.018 0.033 0.912 
 523 Q _   0.024 0.003 0.001 0.006 0.005 0.019 0.032 0.911 
 524 G _   0.029 0.002 0.001 0.005 0.005 0.021 0.032 0.905 
 525 P _   0.038 0.001 0.001 0.005 0.006 0.024 0.031 0.893 
 526 G _   0.050 0.001 0.001 0.006 0.008 0.028 0.030 0.876 
 527 C _   0.067 0.001 0.001 0.007 0.011 0.032 0.029 0.852 
 528 R _   0.088 0.001 0.001 0.008 0.014 0.037 0.028 0.823 
 529 H _   0.114 0.001 0.001 0.009 0.018 0.041 0.027 0.788 
 530 F _   0.145 0.001 0.002 0.010 0.022 0.045 0.026 0.749 
 531 L _   0.180 0.001 0.002 0.010 0.025 0.048 0.025 0.710 
 532 T _   0.217 0.001 0.002 0.009 0.027 0.049 0.024 0.672 
 533 C _   0.258 0.001 0.002 0.008 0.028 0.050 0.023 0.631 
 534 G _   0.302 0.000 0.002 0.006 0.029 0.050 0.022 0.590 
 535 R _   0.347 0.000 0.002 0.005 0.030 0.049 0.021 0.546 
 536 C _   0.393 0.000 0.002 0.004 0.031 0.048 0.021 0.502 
 537 L _   0.438 0.000 0.002 0.003 0.032 0.047 0.021 0.458 
 538 R H   0.478 0.000 0.002 0.003 0.035 0.045 0.021 0.416 
 539 A H   0.514 0.000 0.002 0.003 0.038 0.044 0.021 0.378 
 540 W H   0.541 0.000 0.002 0.003 0.041 0.043 0.023 0.348 
 541 H H   0.560 0.000 0.002 0.003 0.043 0.042 0.025 0.325 
 542 F H   0.568 0.001 0.002 0.005 0.045 0.040 0.027 0.312 
 543 M H   0.565 0.001 0.002 0.006 0.045 0.039 0.031 0.311 
 544 G H   0.550 0.002 0.002 0.008 0.045 0.037 0.035 0.321 
 545 C H   0.525 0.002 0.002 0.010 0.043 0.036 0.041 0.341 
 546 G H   0.486 0.002 0.003 0.012 0.040 0.034 0.048 0.376 
 547 W H   0.434 0.003 0.002 0.013 0.034 0.032 0.057 0.425 
 548 C _   0.373 0.002 0.002 0.013 0.028 0.029 0.068 0.485 
 549 G _   0.307 0.002 0.002 0.013 0.022 0.026 0.079 0.550 
 550 N _   0.242 0.002 0.002 0.012 0.016 0.022 0.091 0.614 
 551 M _   0.182 0.001 0.001 0.010 0.011 0.019 0.102 0.672 
 552 C _   0.131 0.001 0.001 0.009 0.008 0.016 0.113 0.721 
 553 G _   0.092 0.001 0.001 0.008 0.006 0.014 0.122 0.757 
 554 Q _   0.063 0.001 0.001 0.007 0.004 0.012 0.129 0.783 
 555 Q _   0.043 0.001 0.000 0.006 0.003 0.010 0.136 0.800 
 556 K _   0.030 0.001 0.000 0.006 0.003 0.009 0.141 0.810 
 557 E _   0.021 0.001 0.000 0.006 0.002 0.008 0.145 0.816 
 558 C _   0.015 0.001 0.000 0.006 0.002 0.007 0.149 0.819 
 559 P _   0.012 0.001 0.000 0.006 0.002 0.007 0.152 0.820 
 560 G _   0.009 0.001 0.000 0.006 0.002 0.006 0.154 0.821 
 561 S _   0.008 0.002 0.000 0.006 0.002 0.006 0.156 0.821 
 562 W _   0.007 0.002 0.000 0.006 0.002 0.006 0.157 0.821 
 563 Q _   0.006 0.003 0.000 0.006 0.002 0.006 0.157 0.821 
 564 Q _   0.005 0.003 0.000 0.006 0.002 0.006 0.157 0.821 
 565 D _   0.005 0.005 0.000 0.006 0.002 0.006 0.157 0.821 
 566 H _   0.005 0.006 0.000 0.006 0.002 0.006 0.156 0.819 
 567 C _   0.005 0.009 0.000 0.007 0.002 0.006 0.154 0.816 
 568 P _   0.005 0.012 0.000 0.009 0.002 0.007 0.153 0.812 
 569 P _   0.005 0.017 0.000 0.011 0.003 0.008 0.150 0.807 
 570 K _   0.005 0.022 0.000 0.012 0.003 0.008 0.148 0.800 
 571 L _   0.005 0.028 0.000 0.014 0.003 0.008 0.145 0.795 
 572 T _   0.005 0.034 0.000 0.014 0.003 0.009 0.143 0.791 
 573 E _   0.005 0.039 0.000 0.014 0.003 0.009 0.140 0.789 
 574 F _   0.004 0.044 0.000 0.013 0.003 0.009 0.137 0.789 
 575 H _   0.004 0.049 0.000 0.012 0.003 0.009 0.134 0.788 
 576 P _   0.004 0.055 0.000 0.011 0.003 0.009 0.131 0.787 
 577 H _   0.005 0.062 0.000 0.011 0.003 0.010 0.127 0.782 
 578 S _   0.005 0.073 0.000 0.012 0.004 0.011 0.123 0.772 
 579 G _   0.006 0.089 0.001 0.013 0.005 0.013 0.118 0.755 
 580 P _   0.007 0.117 0.001 0.017 0.007 0.016 0.111 0.725 
 581 L _   0.008 0.160 0.001 0.023 0.009 0.018 0.103 0.677 
 582 R _   0.009 0.221 0.002 0.030 0.013 0.020 0.094 0.612 
 583 G _   0.009 0.292 0.002 0.038 0.015 0.021 0.084 0.539 
 584 S _   0.008 0.359 0.002 0.044 0.016 0.021 0.076 0.474 
 585 T _   0.008 0.409 0.002 0.049 0.016 0.020 0.070 0.426 
 586 R E   0.007 0.443 0.001 0.052 0.016 0.019 0.066 0.396 
 587 L E   0.007 0.461 0.001 0.053 0.015 0.019 0.063 0.381 
 588 T E   0.007 0.469 0.001 0.052 0.014 0.018 0.061 0.378 
 589 L E   0.007 0.470 0.001 0.049 0.013 0.016 0.060 0.383 
 590 C E   0.007 0.463 0.001 0.045 0.012 0.015 0.060 0.397 
 591 G E   0.007 0.448 0.001 0.039 0.011 0.014 0.060 0.419 
 592 S _   0.007 0.424 0.001 0.034 0.010 0.014 0.061 0.449 
 593 N _   0.008 0.393 0.001 0.028 0.009 0.014 0.062 0.485 
 594 F _   0.009 0.356 0.001 0.023 0.008 0.013 0.064 0.526 
 595 Y _   0.009 0.321 0.001 0.018 0.007 0.013 0.065 0.566 
 596 L _   0.009 0.290 0.001 0.014 0.006 0.013 0.067 0.600 
 597 H _   0.009 0.269 0.001 0.012 0.005 0.013 0.068 0.624 
 598 P _   0.009 0.255 0.001 0.010 0.004 0.013 0.069 0.639 
 599 S _   0.009 0.247 0.000 0.009 0.004 0.013 0.070 0.647 
 600 G _   0.009 0.243 0.001 0.010 0.004 0.013 0.071 0.649 
 601 L _   0.010 0.243 0.001 0.011 0.005 0.014 0.071 0.647 
 602 V _   0.010 0.245 0.001 0.013 0.006 0.015 0.071 0.641 
 603 P _   0.010 0.248 0.001 0.015 0.007 0.016 0.071 0.632 
 604 E _   0.011 0.252 0.001 0.019 0.008 0.016 0.072 0.622 
 605 G _   0.011 0.256 0.001 0.022 0.008 0.017 0.072 0.614 
 606 T _   0.011 0.258 0.001 0.025 0.009 0.017 0.073 0.607 
 607 H _   0.011 0.258 0.001 0.027 0.009 0.017 0.074 0.603 
 608 Q _   0.011 0.256 0.001 0.029 0.010 0.016 0.076 0.602 
 609 V _   0.011 0.250 0.001 0.030 0.009 0.016 0.078 0.605 
 610 T _   0.011 0.240 0.001 0.030 0.009 0.015 0.080 0.614 
 611 V _   0.011 0.226 0.001 0.029 0.008 0.014 0.084 0.628 
 612 G _   0.011 0.207 0.001 0.027 0.008 0.013 0.087 0.647 
 613 Q _   0.010 0.182 0.001 0.024 0.007 0.012 0.092 0.672 
 614 S _   0.010 0.154 0.001 0.020 0.006 0.011 0.096 0.701 
 615 P _   0.010 0.126 0.001 0.017 0.005 0.010 0.101 0.731 
 616 C _   0.009 0.101 0.001 0.013 0.004 0.009 0.105 0.759 
 617 R _   0.008 0.081 0.000 0.010 0.003 0.008 0.108 0.782 
 618 P _   0.007 0.067 0.000 0.008 0.002 0.007 0.110 0.799 
 619 L _   0.006 0.058 0.000 0.006 0.002 0.006 0.111 0.810 
 620 P _   0.006 0.054 0.000 0.005 0.002 0.006 0.111 0.817 
 621 K _   0.005 0.052 0.000 0.005 0.001 0.006 0.111 0.820 
 622 D _   0.005 0.052 0.000 0.005 0.002 0.006 0.110 0.821 
 623 S _   0.005 0.054 0.000 0.006 0.002 0.007 0.108 0.819 
 624 S _   0.005 0.059 0.000 0.007 0.002 0.007 0.106 0.814 
 625 K _   0.005 0.067 0.000 0.009 0.003 0.008 0.103 0.806 
 626 L _   0.005 0.079 0.000 0.011 0.003 0.009 0.098 0.794 
 627 R _   0.005 0.096 0.001 0.014 0.004 0.010 0.093 0.777 
 628 P _   0.005 0.117 0.001 0.016 0.005 0.011 0.088 0.757 
 629 V _   0.005 0.141 0.001 0.018 0.005 0.012 0.082 0.736 
 630 P _   0.005 0.167 0.001 0.020 0.006 0.012 0.076 0.713 
 631 R _   0.005 0.193 0.001 0.022 0.006 0.013 0.070 0.690 
 632 K _   0.005 0.220 0.001 0.023 0.007 0.013 0.065 0.666 
 633 D _   0.005 0.246 0.001 0.024 0.007 0.014 0.060 0.643 
 634 F _   0.006 0.270 0.001 0.025 0.008 0.014 0.056 0.621 
 635 V _   0.006 0.294 0.001 0.026 0.008 0.014 0.052 0.600 
 636 E _   0.006 0.314 0.001 0.027 0.008 0.014 0.048 0.582 
 637 E _   0.006 0.331 0.001 0.027 0.008 0.014 0.045 0.568 
 638 F _   0.006 0.343 0.001 0.027 0.008 0.014 0.042 0.558 
 639 E _   0.006 0.352 0.001 0.026 0.008 0.014 0.040 0.553 
 640 C _   0.006 0.358 0.001 0.024 0.008 0.014 0.038 0.551 
 641 E _   0.006 0.361 0.001 0.023 0.008 0.014 0.037 0.551 
 642 L _   0.007 0.362 0.001 0.021 0.007 0.014 0.035 0.553 
 643 E _   0.007 0.361 0.001 0.020 0.007 0.014 0.034 0.557 
 644 P _   0.007 0.359 0.001 0.019 0.007 0.014 0.033 0.561 
 645 L _   0.008 0.356 0.001 0.018 0.007 0.014 0.032 0.565 
 646 G _   0.008 0.352 0.001 0.017 0.007 0.014 0.031 0.569 
 647 T _   0.009 0.347 0.001 0.017 0.007 0.015 0.031 0.574 
 648 Q _   0.009 0.342 0.001 0.016 0.007 0.015 0.030 0.579 
 649 A _   0.009 0.337 0.001 0.016 0.007 0.015 0.030 0.584 
 650 V _   0.010 0.332 0.001 0.016 0.008 0.016 0.029 0.589 
 651 G _   0.010 0.326 0.001 0.017 0.008 0.016 0.029 0.593 
 652 P _   0.011 0.322 0.001 0.018 0.009 0.016 0.028 0.595 
 653 T _   0.011 0.317 0.001 0.020 0.009 0.017 0.028 0.597 
 654 N _   0.012 0.311 0.001 0.022 0.010 0.017 0.028 0.599 
 655 V _   0.012 0.304 0.001 0.025 0.010 0.017 0.028 0.603 
 656 S _   0.012 0.293 0.001 0.027 0.011 0.017 0.028 0.611 
 657 L _   0.012 0.279 0.001 0.029 0.011 0.017 0.029 0.624 
 658 T _   0.012 0.257 0.001 0.029 0.011 0.016 0.029 0.644 
 659 V _   0.012 0.229 0.001 0.028 0.010 0.016 0.030 0.674 
 660 T _   0.012 0.192 0.001 0.025 0.010 0.015 0.032 0.713 
 661 N _   0.011 0.151 0.001 0.022 0.009 0.015 0.033 0.758 
 662 M _   0.011 0.108 0.001 0.017 0.007 0.014 0.035 0.806 
 663 P _   0.011 0.072 0.001 0.013 0.006 0.014 0.036 0.848 
