#TopoPred_TM8: 8-state transmembrane topology prediction results by no_profile mode 
#probabilities are in the order of H E C I L F X _, the 8 transmembrane topology types used in PDBTM 
   1 M X   0.011 0.001 0.002 0.027 0.008 0.010 0.809 0.131 
   2 E X   0.005 0.000 0.000 0.015 0.002 0.007 0.829 0.142 
   3 L X   0.003 0.000 0.000 0.010 0.001 0.006 0.833 0.147 
   4 E X   0.004 0.001 0.000 0.008 0.001 0.008 0.831 0.148 
   5 N X   0.007 0.001 0.000 0.008 0.002 0.011 0.824 0.146 
   6 I X   0.010 0.003 0.000 0.010 0.004 0.015 0.813 0.144 
   7 V X   0.014 0.007 0.001 0.013 0.006 0.018 0.800 0.141 
   8 A X   0.017 0.013 0.001 0.018 0.008 0.019 0.786 0.137 
   9 N X   0.018 0.020 0.001 0.023 0.010 0.019 0.773 0.136 
  10 S X   0.018 0.025 0.001 0.027 0.011 0.019 0.762 0.138 
  11 L X   0.017 0.028 0.001 0.029 0.011 0.018 0.752 0.144 
  12 L X   0.015 0.029 0.001 0.029 0.010 0.016 0.745 0.154 
  13 L X   0.014 0.029 0.001 0.027 0.009 0.014 0.741 0.166 
  14 K X   0.012 0.027 0.001 0.023 0.008 0.012 0.737 0.180 
  15 A X   0.011 0.024 0.001 0.018 0.006 0.010 0.735 0.195 
  16 R X   0.009 0.020 0.000 0.013 0.004 0.009 0.733 0.211 
  17 Q X   0.008 0.015 0.000 0.010 0.003 0.007 0.732 0.226 
  18 G X   0.006 0.011 0.000 0.007 0.002 0.006 0.730 0.238 
  19 G X   0.005 0.008 0.000 0.005 0.001 0.004 0.727 0.249 
  20 Y X   0.004 0.006 0.000 0.003 0.001 0.004 0.723 0.258 
  21 G X   0.003 0.005 0.000 0.003 0.001 0.003 0.719 0.266 
  22 K X   0.003 0.004 0.000 0.002 0.001 0.003 0.713 0.275 
  23 K X   0.002 0.004 0.000 0.002 0.001 0.003 0.705 0.283 
  24 S X   0.002 0.005 0.000 0.002 0.001 0.003 0.696 0.292 
  25 G X   0.002 0.006 0.000 0.003 0.001 0.004 0.683 0.301 
  26 R X   0.003 0.009 0.000 0.004 0.002 0.005 0.667 0.310 
  27 S X   0.003 0.016 0.000 0.007 0.003 0.007 0.646 0.317 
  28 K X   0.004 0.031 0.001 0.012 0.005 0.010 0.618 0.318 
  29 K X   0.005 0.059 0.001 0.019 0.007 0.013 0.584 0.312 
  30 W X   0.005 0.100 0.001 0.027 0.010 0.015 0.544 0.297 
  31 K X   0.005 0.146 0.002 0.034 0.012 0.017 0.505 0.279 
  32 E X   0.005 0.189 0.002 0.039 0.012 0.017 0.472 0.264 
  33 I X   0.005 0.222 0.001 0.041 0.012 0.017 0.447 0.254 
  34 L X   0.005 0.244 0.001 0.042 0.011 0.017 0.429 0.251 
  35 T X   0.005 0.258 0.001 0.040 0.011 0.016 0.415 0.254 
  36 L X   0.005 0.266 0.001 0.038 0.010 0.016 0.404 0.260 
  37 P X   0.005 0.270 0.001 0.035 0.010 0.015 0.396 0.269 
  38 P X   0.006 0.271 0.001 0.031 0.009 0.015 0.389 0.279 
  39 V X   0.006 0.269 0.001 0.028 0.008 0.014 0.383 0.291 
  40 S X   0.006 0.265 0.001 0.025 0.007 0.014 0.379 0.303 
  41 Q X   0.006 0.260 0.001 0.024 0.007 0.013 0.375 0.315 
  42 C X   0.006 0.254 0.001 0.023 0.007 0.013 0.371 0.326 
  43 S X   0.006 0.246 0.001 0.022 0.006 0.012 0.368 0.338 
  44 E X   0.006 0.237 0.001 0.022 0.006 0.011 0.366 0.350 
  45 L _   0.006 0.225 0.001 0.022 0.006 0.011 0.364 0.365 
  46 R _   0.006 0.210 0.001 0.021 0.006 0.010 0.363 0.383 
  47 H _   0.006 0.192 0.001 0.020 0.005 0.010 0.363 0.404 
  48 S _   0.006 0.169 0.001 0.018 0.005 0.009 0.362 0.430 
  49 I _   0.006 0.144 0.001 0.016 0.004 0.008 0.363 0.458 
  50 E _   0.006 0.118 0.001 0.013 0.004 0.008 0.363 0.488 
  51 K _   0.005 0.094 0.000 0.010 0.003 0.007 0.363 0.517 
  52 D _   0.005 0.076 0.000 0.008 0.002 0.006 0.362 0.540 
  53 Y _   0.005 0.063 0.000 0.006 0.002 0.006 0.361 0.558 
  54 S _   0.004 0.056 0.000 0.004 0.002 0.006 0.358 0.570 
  55 S _   0.004 0.052 0.000 0.004 0.001 0.006 0.355 0.578 
  56 L _   0.004 0.052 0.000 0.004 0.002 0.007 0.350 0.581 
  57 C _   0.005 0.054 0.000 0.005 0.002 0.008 0.344 0.582 
  58 D _   0.006 0.059 0.000 0.007 0.003 0.011 0.337 0.576 
  59 K _   0.007 0.072 0.001 0.012 0.005 0.014 0.327 0.562 
  60 Q _   0.008 0.095 0.001 0.020 0.008 0.018 0.314 0.536 
  61 P _   0.009 0.126 0.001 0.030 0.012 0.021 0.300 0.500 
  62 I _   0.010 0.159 0.001 0.042 0.015 0.023 0.286 0.463 
  63 G _   0.010 0.185 0.001 0.053 0.017 0.024 0.275 0.435 
  64 R _   0.010 0.200 0.001 0.060 0.017 0.024 0.267 0.420 
  65 R _   0.011 0.207 0.001 0.064 0.017 0.024 0.261 0.415 
  66 L _   0.010 0.207 0.001 0.063 0.017 0.023 0.258 0.421 
  67 F _   0.010 0.200 0.001 0.057 0.015 0.021 0.256 0.439 
  68 R _   0.010 0.185 0.001 0.049 0.013 0.019 0.255 0.468 
  69 Q _   0.009 0.158 0.001 0.038 0.011 0.017 0.255 0.509 
  70 F _   0.009 0.121 0.001 0.027 0.009 0.016 0.256 0.560 
  71 C _   0.009 0.084 0.001 0.017 0.007 0.015 0.258 0.609 
  72 D _   0.009 0.056 0.001 0.010 0.005 0.014 0.258 0.647 
  73 T _   0.009 0.040 0.000 0.006 0.003 0.014 0.258 0.669 
  74 K _   0.009 0.033 0.000 0.004 0.003 0.014 0.257 0.679 
  75 P _   0.010 0.031 0.000 0.004 0.003 0.016 0.256 0.681 
  76 T _   0.013 0.032 0.000 0.004 0.004 0.019 0.253 0.675 
  77 L _   0.016 0.036 0.001 0.006 0.006 0.023 0.250 0.662 
  78 K _   0.020 0.047 0.001 0.010 0.010 0.027 0.246 0.638 
  79 R _   0.025 0.069 0.001 0.017 0.015 0.032 0.241 0.600 
  80 H _   0.028 0.102 0.002 0.025 0.021 0.036 0.235 0.552 
  81 I _   0.030 0.142 0.002 0.035 0.026 0.038 0.229 0.498 
  82 E _   0.031 0.178 0.002 0.045 0.028 0.038 0.224 0.453 
  83 F _   0.031 0.204 0.002 0.053 0.030 0.038 0.221 0.421 
  84 L _   0.031 0.219 0.002 0.061 0.029 0.036 0.220 0.402 
  85 D _   0.030 0.227 0.002 0.064 0.028 0.034 0.220 0.395 
  86 A _   0.028 0.227 0.002 0.065 0.026 0.031 0.222 0.399 
  87 V _   0.026 0.221 0.002 0.061 0.022 0.028 0.226 0.414 
  88 A _   0.024 0.205 0.002 0.055 0.019 0.024 0.230 0.442 
  89 E _   0.021 0.178 0.002 0.045 0.015 0.020 0.237 0.483 
  90 Y _   0.019 0.139 0.001 0.034 0.011 0.017 0.244 0.536 
  91 E _   0.016 0.094 0.001 0.023 0.008 0.014 0.252 0.593 
  92 V _   0.013 0.056 0.001 0.014 0.005 0.010 0.258 0.644 
  93 A _   0.010 0.031 0.000 0.008 0.003 0.008 0.261 0.679 
  94 D _   0.007 0.019 0.000 0.004 0.002 0.006 0.263 0.699 
  95 D _   0.005 0.014 0.000 0.002 0.001 0.005 0.264 0.709 
  96 E _   0.004 0.012 0.000 0.002 0.001 0.005 0.263 0.713 
  97 D _   0.004 0.012 0.000 0.002 0.001 0.006 0.261 0.713 
  98 R _   0.005 0.015 0.000 0.004 0.002 0.008 0.258 0.707 
  99 S _   0.007 0.024 0.000 0.008 0.004 0.011 0.254 0.692 
 100 D _   0.008 0.045 0.001 0.016 0.006 0.015 0.247 0.661 
 101 C _   0.009 0.080 0.001 0.028 0.009 0.018 0.239 0.614 
 102 G _   0.009 0.120 0.001 0.043 0.012 0.021 0.230 0.563 
 103 L _   0.009 0.150 0.001 0.055 0.014 0.022 0.223 0.526 
 104 S _   0.009 0.168 0.001 0.062 0.014 0.022 0.218 0.505 
 105 I _   0.009 0.175 0.001 0.065 0.014 0.021 0.216 0.499 
 106 L _   0.009 0.177 0.001 0.063 0.014 0.020 0.214 0.503 
 107 D _   0.008 0.172 0.001 0.057 0.012 0.019 0.214 0.516 
 108 R _   0.008 0.161 0.001 0.048 0.011 0.017 0.216 0.538 
 109 F _   0.008 0.143 0.001 0.038 0.009 0.015 0.218 0.566 
 110 F _   0.008 0.121 0.001 0.030 0.008 0.014 0.221 0.597 
 111 N _   0.009 0.096 0.001 0.023 0.007 0.013 0.225 0.627 
 112 D _   0.009 0.075 0.001 0.018 0.005 0.012 0.228 0.652 
 113 K _   0.009 0.057 0.001 0.014 0.004 0.011 0.232 0.672 
 114 L _   0.009 0.044 0.000 0.012 0.004 0.010 0.235 0.686 
 115 A _   0.008 0.035 0.000 0.010 0.003 0.009 0.237 0.697 
 116 A _   0.008 0.027 0.000 0.009 0.003 0.008 0.238 0.706 
 117 P _   0.008 0.021 0.000 0.007 0.002 0.008 0.239 0.715 
 118 L _   0.007 0.017 0.000 0.006 0.002 0.007 0.239 0.722 
 119 P _   0.006 0.014 0.000 0.005 0.002 0.006 0.238 0.728 
 120 E _   0.006 0.012 0.000 0.004 0.002 0.006 0.237 0.733 
 121 I _   0.006 0.011 0.000 0.004 0.002 0.007 0.235 0.737 
 122 P _   0.006 0.011 0.000 0.004 0.002 0.007 0.232 0.738 
 123 P _   0.007 0.013 0.000 0.005 0.002 0.009 0.228 0.736 
 124 D _   0.008 0.016 0.000 0.008 0.003 0.011 0.224 0.730 
 125 V _   0.009 0.023 0.001 0.013 0.005 0.013 0.219 0.718 
 126 V _   0.010 0.033 0.001 0.021 0.007 0.015 0.213 0.700 
 127 T _   0.011 0.044 0.001 0.030 0.009 0.016 0.207 0.683 
 128 E _   0.011 0.053 0.001 0.038 0.010 0.017 0.202 0.669 
 129 C _   0.011 0.058 0.001 0.042 0.010 0.017 0.198 0.663 
 130 R _   0.010 0.060 0.001 0.043 0.010 0.016 0.195 0.665 
 131 L _   0.009 0.058 0.001 0.040 0.009 0.015 0.194 0.675 
 132 G _   0.008 0.054 0.001 0.033 0.007 0.013 0.192 0.693 
 133 L _   0.007 0.047 0.001 0.024 0.005 0.011 0.191 0.715 
 134 K _   0.006 0.038 0.000 0.016 0.004 0.009 0.190 0.737 
 135 E _   0.006 0.030 0.000 0.009 0.002 0.007 0.188 0.756 
 136 E _   0.005 0.026 0.000 0.005 0.002 0.006 0.186 0.770 
 137 N _   0.004 0.023 0.000 0.004 0.001 0.006 0.183 0.778 
 138 P _   0.005 0.023 0.000 0.003 0.001 0.007 0.180 0.781 
 139 S _   0.005 0.026 0.000 0.004 0.002 0.009 0.175 0.779 
 140 K _   0.007 0.035 0.000 0.007 0.004 0.012 0.168 0.767 
 141 K _   0.009 0.057 0.001 0.013 0.006 0.016 0.159 0.740 
 142 A _   0.011 0.100 0.001 0.021 0.010 0.020 0.146 0.690 
 143 F _   0.012 0.164 0.002 0.032 0.014 0.022 0.132 0.622 
 144 E _   0.011 0.232 0.002 0.042 0.016 0.023 0.118 0.556 
 145 E _   0.011 0.284 0.002 0.049 0.017 0.023 0.107 0.508 
 146 C _   0.010 0.316 0.001 0.052 0.016 0.023 0.100 0.482 
 147 T _   0.010 0.335 0.001 0.052 0.016 0.022 0.094 0.470 
 148 R _   0.010 0.344 0.001 0.050 0.015 0.020 0.090 0.470 
 149 V _   0.010 0.346 0.001 0.046 0.013 0.019 0.087 0.479 
 150 A _   0.009 0.342 0.001 0.040 0.012 0.018 0.085 0.493 
 151 H _   0.009 0.334 0.001 0.034 0.011 0.017 0.083 0.511 
 152 N _   0.009 0.322 0.001 0.028 0.009 0.016 0.082 0.533 
 153 Y _   0.010 0.306 0.001 0.023 0.008 0.015 0.081 0.556 
 154 L _   0.010 0.289 0.001 0.019 0.007 0.014 0.080 0.579 
 155 R _   0.009 0.274 0.001 0.016 0.006 0.013 0.080 0.600 
 156 G _   0.009 0.260 0.001 0.014 0.005 0.013 0.080 0.618 
 157 E _   0.009 0.248 0.001 0.013 0.005 0.012 0.079 0.634 
 158 P _   0.008 0.239 0.001 0.011 0.004 0.012 0.078 0.647 
 159 F _   0.008 0.231 0.001 0.010 0.004 0.012 0.078 0.657 
 160 E _   0.008 0.225 0.000 0.009 0.004 0.012 0.077 0.665 
 161 E _   0.008 0.221 0.000 0.009 0.004 0.012 0.075 0.671 
 162 Y _   0.008 0.219 0.000 0.008 0.004 0.012 0.074 0.674 
 163 Q _   0.008 0.219 0.000 0.009 0.004 0.013 0.073 0.674 
 164 E _   0.008 0.222 0.001 0.010 0.005 0.014 0.071 0.670 
 165 S _   0.009 0.228 0.001 0.011 0.006 0.015 0.069 0.661 
 166 S _   0.010 0.237 0.001 0.014 0.007 0.017 0.067 0.648 
 167 Y _   0.011 0.248 0.001 0.018 0.009 0.018 0.065 0.632 
 168 F _   0.011 0.260 0.001 0.022 0.010 0.019 0.063 0.614 
 169 S _   0.012 0.271 0.001 0.027 0.011 0.020 0.061 0.597 
 170 Q _   0.012 0.279 0.001 0.031 0.013 0.020 0.059 0.585 
 171 F _   0.012 0.283 0.001 0.034 0.013 0.020 0.058 0.578 
 172 L _   0.013 0.283 0.001 0.036 0.013 0.020 0.058 0.577 
 173 Q _   0.013 0.279 0.001 0.036 0.013 0.019 0.057 0.583 
 174 W _   0.013 0.269 0.001 0.034 0.013 0.018 0.057 0.595 
 175 K _   0.013 0.254 0.001 0.032 0.012 0.017 0.058 0.613 
 176 W _   0.013 0.232 0.001 0.029 0.011 0.017 0.059 0.638 
 177 L _   0.013 0.204 0.001 0.025 0.010 0.016 0.060 0.671 
 178 E _   0.013 0.172 0.001 0.022 0.009 0.015 0.062 0.706 
 179 R _   0.013 0.141 0.001 0.018 0.007 0.014 0.064 0.742 
 180 Q _   0.012 0.112 0.001 0.015 0.006 0.013 0.066 0.776 
 181 P _   0.011 0.089 0.001 0.011 0.005 0.012 0.067 0.803 
 182 V _   0.010 0.073 0.001 0.009 0.004 0.011 0.068 0.824 
 183 T _   0.010 0.063 0.000 0.007 0.004 0.011 0.068 0.837 
 184 K _   0.009 0.056 0.000 0.007 0.003 0.010 0.068 0.846 
 185 N _   0.009 0.053 0.000 0.006 0.003 0.010 0.068 0.850 
 186 T _   0.009 0.052 0.000 0.007 0.003 0.011 0.068 0.851 
 187 F _   0.009 0.052 0.000 0.007 0.004 0.011 0.067 0.849 
 188 R _   0.009 0.054 0.000 0.008 0.004 0.012 0.067 0.845 
 189 H _   0.009 0.058 0.001 0.010 0.005 0.013 0.066 0.840 
 190 Y _   0.009 0.063 0.001 0.011 0.005 0.014 0.064 0.832 
 191 R _   0.009 0.069 0.001 0.013 0.006 0.016 0.063 0.823 
 192 V _   0.010 0.077 0.001 0.014 0.007 0.017 0.061 0.813 
 193 L _   0.011 0.085 0.001 0.015 0.008 0.019 0.060 0.802 
 194 G _   0.012 0.093 0.001 0.016 0.009 0.020 0.059 0.790 
 195 K _   0.013 0.102 0.001 0.018 0.010 0.023 0.057 0.776 
 196 G _   0.015 0.112 0.001 0.019 0.012 0.025 0.056 0.761 
 197 G _   0.017 0.121 0.001 0.020 0.013 0.027 0.055 0.746 
 198 F _   0.019 0.130 0.001 0.021 0.015 0.029 0.054 0.731 
 199 G _   0.022 0.139 0.001 0.023 0.016 0.030 0.053 0.716 
 200 E _   0.024 0.147 0.001 0.024 0.018 0.032 0.052 0.702 
 201 V _   0.026 0.154 0.001 0.026 0.018 0.032 0.052 0.690 
 202 C _   0.027 0.159 0.001 0.027 0.019 0.033 0.052 0.681 
 203 A _   0.028 0.163 0.001 0.028 0.019 0.032 0.052 0.676 
 204 C _   0.029 0.164 0.001 0.029 0.019 0.032 0.052 0.674 
 205 Q _   0.029 0.164 0.001 0.029 0.018 0.030 0.053 0.676 
 206 V _   0.028 0.161 0.001 0.028 0.017 0.029 0.054 0.682 
 207 R _   0.027 0.156 0.001 0.027 0.015 0.027 0.055 0.690 
 208 A _   0.026 0.149 0.001 0.026 0.014 0.025 0.057 0.702 
 209 T _   0.024 0.140 0.001 0.025 0.012 0.023 0.059 0.717 
 210 G _   0.022 0.129 0.001 0.023 0.011 0.021 0.060 0.733 
 211 K _   0.020 0.117 0.001 0.022 0.009 0.019 0.063 0.750 
 212 M _   0.018 0.103 0.001 0.020 0.008 0.017 0.065 0.768 
 213 Y _   0.017 0.089 0.001 0.018 0.007 0.015 0.067 0.786 
 214 A _   0.015 0.075 0.001 0.017 0.006 0.014 0.069 0.804 
 215 C _   0.014 0.061 0.001 0.015 0.005 0.012 0.071 0.821 
 216 K _   0.012 0.048 0.001 0.013 0.004 0.011 0.073 0.837 
 217 K _   0.011 0.037 0.001 0.011 0.004 0.010 0.075 0.852 
 218 L _   0.010 0.027 0.000 0.009 0.003 0.008 0.077 0.866 
 219 Q _   0.008 0.019 0.000 0.008 0.003 0.007 0.078 0.877 
 220 K _   0.007 0.014 0.000 0.006 0.002 0.007 0.078 0.885 
 221 K _   0.007 0.010 0.000 0.005 0.002 0.006 0.079 0.892 
 222 R _   0.006 0.007 0.000 0.005 0.002 0.006 0.078 0.896 
 223 I _   0.005 0.006 0.000 0.004 0.002 0.006 0.078 0.899 
 224 K _   0.005 0.005 0.000 0.005 0.002 0.006 0.077 0.900 
 225 K _   0.005 0.005 0.000 0.005 0.002 0.006 0.076 0.900 
 226 R _   0.005 0.006 0.000 0.007 0.002 0.007 0.074 0.898 
 227 K _   0.006 0.006 0.000 0.008 0.003 0.008 0.072 0.896 
 228 G _   0.006 0.007 0.000 0.011 0.003 0.009 0.070 0.893 
 229 E _   0.006 0.009 0.000 0.013 0.004 0.010 0.068 0.889 
 230 A _   0.007 0.009 0.001 0.015 0.005 0.011 0.066 0.887 
 231 M _   0.007 0.010 0.001 0.016 0.005 0.012 0.063 0.885 
 232 A _   0.007 0.010 0.001 0.017 0.005 0.013 0.061 0.886 
 233 L _   0.008 0.010 0.001 0.016 0.005 0.014 0.060 0.887 
 234 N _   0.008 0.009 0.001 0.015 0.005 0.015 0.058 0.890 
 235 E _   0.010 0.008 0.001 0.013 0.005 0.016 0.056 0.892 
 236 K _   0.011 0.006 0.001 0.011 0.005 0.017 0.055 0.893 
 237 R _   0.014 0.005 0.001 0.010 0.006 0.019 0.053 0.892 
 238 I _   0.019 0.004 0.001 0.008 0.006 0.022 0.052 0.889 
 239 L _   0.026 0.003 0.001 0.008 0.007 0.025 0.050 0.881 
 240 E _   0.034 0.003 0.001 0.007 0.008 0.029 0.048 0.870 
 241 K _   0.046 0.003 0.001 0.007 0.011 0.033 0.046 0.852 
 242 V _   0.060 0.003 0.001 0.008 0.014 0.039 0.044 0.829 
 243 Q _   0.078 0.004 0.001 0.010 0.019 0.044 0.042 0.801 
 244 S _   0.096 0.006 0.002 0.013 0.025 0.049 0.040 0.769 
 245 R _   0.115 0.008 0.002 0.017 0.032 0.053 0.039 0.735 
 246 F _   0.132 0.010 0.002 0.022 0.037 0.055 0.037 0.704 
 247 V _   0.148 0.012 0.002 0.027 0.040 0.056 0.036 0.678 
 248 V _   0.160 0.014 0.002 0.030 0.040 0.054 0.035 0.664 
 249 S _   0.169 0.014 0.002 0.030 0.037 0.051 0.035 0.662 
 250 L _   0.174 0.012 0.002 0.027 0.032 0.046 0.035 0.672 
 251 A _   0.177 0.009 0.002 0.020 0.025 0.040 0.035 0.693 
 252 Y _   0.178 0.005 0.001 0.012 0.017 0.034 0.035 0.717 
 253 A _   0.178 0.002 0.001 0.006 0.011 0.029 0.034 0.739 
 254 Y _   0.180 0.000 0.001 0.003 0.007 0.025 0.033 0.751 
 255 E _   0.189 0.000 0.001 0.001 0.005 0.022 0.032 0.750 
 256 T _   0.209 0.000 0.000 0.001 0.005 0.022 0.031 0.732 
 257 K _   0.245 0.000 0.001 0.001 0.006 0.023 0.030 0.694 
 258 D _   0.298 0.000 0.001 0.001 0.009 0.026 0.029 0.636 
 259 A _   0.362 0.000 0.001 0.001 0.014 0.031 0.029 0.562 
 260 L _   0.424 0.000 0.001 0.002 0.022 0.035 0.028 0.487 
 261 C H   0.474 0.001 0.002 0.004 0.031 0.039 0.028 0.422 
 262 L H   0.506 0.002 0.002 0.007 0.039 0.041 0.029 0.374 
 263 V H   0.522 0.003 0.002 0.011 0.044 0.042 0.030 0.346 
 264 L H   0.519 0.004 0.003 0.014 0.046 0.041 0.032 0.340 
 265 T H   0.502 0.005 0.003 0.015 0.046 0.039 0.035 0.356 
 266 I H   0.470 0.005 0.003 0.014 0.042 0.037 0.038 0.391 
 267 M _   0.422 0.004 0.002 0.013 0.036 0.034 0.042 0.447 
 268 N _   0.364 0.003 0.002 0.010 0.029 0.031 0.046 0.516 
 269 G _   0.301 0.002 0.002 0.008 0.022 0.027 0.050 0.588 
 270 G _   0.239 0.001 0.001 0.007 0.016 0.024 0.055 0.657 
 271 D _   0.183 0.001 0.001 0.007 0.011 0.021 0.059 0.716 
 272 L _   0.136 0.001 0.001 0.008 0.009 0.019 0.064 0.763 
 273 K _   0.097 0.001 0.001 0.009 0.007 0.016 0.068 0.801 
 274 F _   0.067 0.001 0.001 0.009 0.006 0.014 0.072 0.830 
 275 H _   0.046 0.001 0.001 0.009 0.005 0.012 0.075 0.852 
 276 I _   0.030 0.001 0.001 0.009 0.004 0.010 0.078 0.867 
 277 Y _   0.020 0.001 0.000 0.008 0.003 0.009 0.080 0.879 
 278 N _   0.014 0.001 0.000 0.006 0.002 0.008 0.081 0.887 
 279 L _   0.011 0.000 0.000 0.005 0.002 0.007 0.082 0.893 
 280 G _   0.009 0.000 0.000 0.003 0.002 0.006 0.082 0.897 
 281 N _   0.008 0.000 0.000 0.003 0.001 0.006 0.083 0.898 
 282 P _   0.010 0.000 0.000 0.002 0.001 0.007 0.082 0.897 
 283 G _   0.014 0.000 0.000 0.002 0.002 0.010 0.081 0.891 
 284 F _   0.023 0.000 0.000 0.002 0.002 0.014 0.080 0.878 
 285 D _   0.041 0.000 0.000 0.002 0.004 0.021 0.077 0.853 
 286 E _   0.070 0.000 0.001 0.003 0.008 0.032 0.075 0.811 
 287 Q _   0.110 0.001 0.001 0.005 0.016 0.045 0.071 0.751 
 288 R _   0.156 0.004 0.002 0.008 0.028 0.059 0.067 0.677 
 289 A _   0.202 0.008 0.002 0.013 0.044 0.072 0.062 0.596 
 290 V _   0.241 0.015 0.003 0.019 0.060 0.082 0.059 0.522 
 291 F _   0.271 0.023 0.003 0.025 0.072 0.086 0.056 0.464 
 292 Y _   0.292 0.028 0.003 0.030 0.079 0.087 0.055 0.426 
 293 A _   0.304 0.032 0.003 0.033 0.082 0.085 0.054 0.407 
 294 A _   0.310 0.032 0.003 0.033 0.080 0.081 0.054 0.407 
 295 E _   0.308 0.031 0.003 0.030 0.073 0.075 0.054 0.425 
 296 L _   0.295 0.027 0.003 0.026 0.064 0.068 0.055 0.462 
 297 C _   0.274 0.021 0.003 0.020 0.051 0.060 0.057 0.514 
 298 C _   0.246 0.014 0.002 0.014 0.038 0.051 0.059 0.575 
 299 G _   0.215 0.008 0.002 0.010 0.027 0.044 0.061 0.633 
 300 L _   0.182 0.005 0.001 0.007 0.018 0.037 0.063 0.686 
 301 E _   0.149 0.003 0.001 0.006 0.013 0.032 0.065 0.731 
 302 D _   0.121 0.002 0.001 0.006 0.010 0.028 0.067 0.766 
 303 L _   0.097 0.002 0.001 0.006 0.008 0.025 0.068 0.793 
 304 Q _   0.077 0.002 0.001 0.007 0.007 0.023 0.070 0.813 
 305 R _   0.062 0.003 0.001 0.009 0.007 0.021 0.071 0.828 
 306 E _   0.049 0.003 0.001 0.011 0.007 0.019 0.072 0.839 
 307 R _   0.038 0.004 0.001 0.012 0.006 0.017 0.073 0.849 
 308 I _   0.030 0.004 0.001 0.012 0.006 0.015 0.074 0.858 
 309 V _   0.023 0.004 0.001 0.012 0.005 0.013 0.075 0.866 
 310 Y _   0.018 0.004 0.001 0.011 0.005 0.012 0.076 0.874 
 311 R _   0.014 0.004 0.001 0.010 0.004 0.010 0.076 0.880 
 312 D _   0.012 0.004 0.000 0.009 0.004 0.009 0.077 0.885 
 313 L _   0.010 0.004 0.000 0.008 0.003 0.008 0.077 0.889 
 314 K _   0.008 0.004 0.000 0.007 0.003 0.008 0.077 0.892 
 315 P _   0.007 0.005 0.000 0.007 0.002 0.007 0.077 0.894 
 316 E _   0.007 0.005 0.000 0.007 0.002 0.007 0.077 0.895 
 317 N _   0.006 0.006 0.000 0.006 0.002 0.007 0.077 0.896 
 318 I _   0.006 0.007 0.000 0.006 0.002 0.007 0.076 0.895 
 319 L _   0.006 0.008 0.000 0.007 0.002 0.007 0.075 0.895 
 320 L _   0.006 0.010 0.000 0.007 0.002 0.007 0.074 0.893 
 321 D _   0.006 0.012 0.000 0.007 0.003 0.008 0.073 0.891 
 322 D _   0.006 0.016 0.000 0.008 0.003 0.008 0.071 0.887 
 323 R _   0.006 0.021 0.000 0.009 0.003 0.009 0.069 0.881 
 324 G _   0.007 0.027 0.001 0.011 0.004 0.011 0.067 0.872 
 325 H _   0.007 0.036 0.001 0.013 0.005 0.012 0.065 0.861 
 326 I _   0.008 0.047 0.001 0.016 0.006 0.013 0.063 0.845 
 327 R _   0.009 0.060 0.001 0.020 0.007 0.015 0.061 0.827 
 328 I _   0.009 0.074 0.001 0.024 0.009 0.016 0.059 0.809 
 329 S _   0.010 0.085 0.001 0.027 0.010 0.017 0.057 0.794 
 330 D _   0.010 0.095 0.001 0.030 0.010 0.017 0.055 0.781 
 331 L _   0.010 0.101 0.001 0.032 0.011 0.017 0.054 0.774 
 332 G _   0.011 0.105 0.001 0.032 0.010 0.017 0.053 0.771 
 333 L _   0.011 0.106 0.001 0.030 0.010 0.016 0.053 0.774 
 334 A _   0.010 0.104 0.001 0.027 0.009 0.016 0.053 0.780 
 335 T _   0.010 0.101 0.001 0.023 0.008 0.015 0.053 0.790 
 336 E _   0.010 0.096 0.001 0.018 0.007 0.014 0.053 0.802 
 337 I _   0.009 0.090 0.001 0.014 0.005 0.013 0.053 0.814 
 338 P _   0.009 0.086 0.001 0.011 0.005 0.013 0.053 0.823 
 339 E _   0.009 0.083 0.000 0.009 0.004 0.013 0.053 0.828 
 340 G _   0.009 0.082 0.000 0.008 0.004 0.013 0.053 0.831 
 341 Q _   0.010 0.083 0.000 0.008 0.004 0.014 0.053 0.828 
 342 R _   0.011 0.086 0.001 0.009 0.005 0.016 0.052 0.821 
 343 V _   0.012 0.093 0.001 0.011 0.006 0.018 0.051 0.808 
 344 R _   0.013 0.103 0.001 0.014 0.008 0.020 0.050 0.789 
 345 G _   0.015 0.118 0.001 0.019 0.011 0.023 0.049 0.764 
 346 R _   0.016 0.136 0.001 0.025 0.014 0.025 0.048 0.734 
 347 V _   0.018 0.155 0.001 0.031 0.017 0.027 0.047 0.704 
 348 G _   0.018 0.171 0.001 0.038 0.019 0.028 0.047 0.678 
 349 T _   0.019 0.183 0.001 0.043 0.020 0.028 0.047 0.658 
 350 V _   0.019 0.190 0.002 0.048 0.021 0.028 0.047 0.646 
 351 G _   0.019 0.192 0.002 0.050 0.021 0.027 0.048 0.642 
 352 Y _   0.018 0.189 0.001 0.050 0.020 0.026 0.049 0.647 
 353 M _   0.017 0.181 0.001 0.048 0.018 0.024 0.050 0.660 
 354 A _   0.016 0.167 0.001 0.043 0.016 0.022 0.053 0.681 
 355 P _   0.015 0.147 0.001 0.037 0.014 0.020 0.055 0.710 
 356 E _   0.014 0.120 0.001 0.031 0.011 0.018 0.058 0.746 
 357 V _   0.013 0.090 0.001 0.024 0.009 0.016 0.061 0.785 
 358 V _   0.012 0.062 0.001 0.018 0.007 0.014 0.064 0.821 
 359 N _   0.012 0.038 0.001 0.013 0.005 0.012 0.067 0.852 
 360 N _   0.012 0.020 0.001 0.009 0.004 0.011 0.069 0.875 
 361 E _   0.012 0.010 0.000 0.006 0.003 0.010 0.070 0.890 
 362 K _   0.014 0.004 0.000 0.004 0.002 0.010 0.070 0.896 
 363 Y _   0.018 0.001 0.000 0.003 0.002 0.010 0.070 0.894 
 364 T _   0.028 0.000 0.000 0.002 0.002 0.012 0.070 0.885 
 365 F _   0.046 0.000 0.000 0.002 0.003 0.015 0.069 0.864 
 366 S _   0.079 0.000 0.001 0.002 0.005 0.020 0.068 0.827 
 367 P _   0.129 0.000 0.001 0.002 0.008 0.027 0.066 0.767 
 368 D _   0.198 0.000 0.001 0.003 0.014 0.035 0.064 0.684 
 369 W _   0.278 0.000 0.001 0.004 0.024 0.045 0.062 0.586 
 370 W _   0.353 0.001 0.002 0.005 0.037 0.053 0.061 0.488 
 371 G H   0.418 0.003 0.002 0.007 0.052 0.060 0.060 0.399 
 372 L H   0.466 0.007 0.003 0.009 0.064 0.063 0.060 0.328 
 373 G H   0.496 0.012 0.003 0.013 0.072 0.064 0.062 0.278 
 374 C H   0.512 0.017 0.003 0.017 0.076 0.062 0.065 0.249 
 375 L H   0.512 0.021 0.003 0.021 0.076 0.059 0.069 0.239 
 376 I H   0.499 0.023 0.003 0.024 0.073 0.055 0.075 0.248 
 377 Y H   0.471 0.024 0.003 0.026 0.066 0.050 0.083 0.277 
 378 E H   0.426 0.022 0.003 0.026 0.056 0.045 0.093 0.328 
 379 M _   0.364 0.019 0.003 0.024 0.043 0.038 0.105 0.404 
 380 I _   0.291 0.014 0.002 0.019 0.029 0.031 0.119 0.495 
 381 Q _   0.216 0.008 0.002 0.014 0.017 0.024 0.133 0.586 
 382 G _   0.149 0.004 0.001 0.009 0.010 0.018 0.145 0.664 
 383 H _   0.097 0.002 0.001 0.006 0.005 0.013 0.154 0.723 
 384 S _   0.060 0.001 0.000 0.004 0.003 0.009 0.161 0.762 
 385 P _   0.036 0.000 0.000 0.003 0.002 0.007 0.166 0.786 
 386 F _   0.022 0.000 0.000 0.002 0.001 0.006 0.169 0.799 
 387 K _   0.014 0.000 0.000 0.002 0.001 0.005 0.172 0.805 
 388 K _   0.010 0.001 0.000 0.003 0.001 0.006 0.173 0.807 
 389 Y _   0.008 0.002 0.000 0.004 0.002 0.006 0.174 0.805 
 390 K _   0.007 0.004 0.000 0.006 0.002 0.008 0.174 0.798 
 391 E _   0.007 0.009 0.000 0.010 0.003 0.009 0.174 0.788 
 392 K _   0.007 0.016 0.001 0.015 0.004 0.011 0.173 0.774 
 393 V _   0.007 0.024 0.001 0.021 0.006 0.012 0.172 0.758 
 394 K _   0.008 0.031 0.001 0.026 0.006 0.013 0.172 0.744 
 395 W _   0.007 0.036 0.001 0.031 0.007 0.013 0.172 0.734 
 396 E _   0.007 0.039 0.001 0.032 0.007 0.013 0.173 0.728 
 397 E _   0.007 0.039 0.001 0.032 0.007 0.012 0.174 0.728 
 398 V _   0.007 0.038 0.001 0.029 0.006 0.011 0.176 0.732 
 399 D _   0.007 0.036 0.001 0.024 0.005 0.010 0.179 0.738 
 400 Q _   0.006 0.032 0.001 0.019 0.004 0.009 0.182 0.747 
 401 R _   0.006 0.027 0.000 0.014 0.003 0.008 0.185 0.756 
 402 I _   0.006 0.023 0.000 0.011 0.003 0.007 0.187 0.764 
 403 K _   0.005 0.019 0.000 0.008 0.002 0.007 0.190 0.769 
 404 N _   0.005 0.017 0.000 0.007 0.002 0.006 0.191 0.772 
 405 D _   0.005 0.015 0.000 0.006 0.002 0.006 0.192 0.774 
 406 T _   0.005 0.015 0.000 0.005 0.002 0.006 0.192 0.775 
 407 E _   0.005 0.015 0.000 0.006 0.002 0.006 0.192 0.775 
 408 E _   0.005 0.016 0.000 0.006 0.002 0.006 0.191 0.774 
 409 Y _   0.005 0.017 0.000 0.006 0.002 0.007 0.190 0.773 
 410 S _   0.005 0.019 0.000 0.006 0.002 0.008 0.188 0.772 
 411 E _   0.005 0.023 0.000 0.007 0.002 0.009 0.185 0.769 
 412 K _   0.005 0.028 0.000 0.008 0.003 0.010 0.182 0.764 
 413 F _   0.006 0.036 0.000 0.009 0.003 0.012 0.177 0.755 
 414 S _   0.007 0.048 0.001 0.012 0.005 0.015 0.172 0.740 
 415 E _   0.009 0.068 0.001 0.016 0.007 0.019 0.166 0.714 
 416 D _   0.012 0.100 0.001 0.022 0.011 0.023 0.159 0.672 
 417 A _   0.014 0.147 0.002 0.032 0.016 0.027 0.150 0.612 
 418 K _   0.016 0.203 0.002 0.045 0.020 0.030 0.142 0.543 
 419 S _   0.017 0.255 0.002 0.058 0.023 0.031 0.135 0.480 
 420 I _   0.017 0.290 0.002 0.070 0.024 0.031 0.130 0.437 
 421 C _   0.018 0.308 0.002 0.078 0.023 0.030 0.128 0.414 
 422 R _   0.017 0.314 0.001 0.081 0.022 0.028 0.127 0.410 
 423 M _   0.017 0.311 0.002 0.078 0.020 0.026 0.127 0.420 
 424 L _   0.016 0.297 0.002 0.069 0.018 0.023 0.128 0.447 
 425 L _   0.016 0.267 0.002 0.056 0.015 0.020 0.130 0.495 
 426 T _   0.014 0.217 0.002 0.040 0.012 0.017 0.133 0.565 
 427 K _   0.013 0.157 0.001 0.027 0.008 0.014 0.137 0.643 
 428 N _   0.011 0.106 0.001 0.016 0.006 0.011 0.140 0.709 
 429 P _   0.009 0.074 0.001 0.009 0.003 0.009 0.142 0.753 
 430 S _   0.007 0.058 0.000 0.006 0.002 0.008 0.143 0.776 
 431 K _   0.006 0.052 0.000 0.004 0.002 0.007 0.143 0.786 
 432 R _   0.006 0.050 0.000 0.004 0.002 0.007 0.142 0.790 
 433 L _   0.005 0.051 0.000 0.005 0.002 0.007 0.140 0.789 
 434 G _   0.005 0.055 0.000 0.007 0.002 0.008 0.138 0.783 
 435 C _   0.006 0.063 0.000 0.011 0.003 0.009 0.135 0.774 
 436 R _   0.006 0.073 0.001 0.015 0.004 0.010 0.131 0.761 
 437 G _   0.005 0.085 0.001 0.019 0.005 0.011 0.127 0.747 
 438 E _   0.005 0.097 0.001 0.022 0.006 0.011 0.123 0.735 
 439 G _   0.005 0.106 0.001 0.024 0.006 0.011 0.120 0.727 
 440 A _   0.005 0.112 0.001 0.026 0.006 0.012 0.117 0.721 
 441 A _   0.005 0.116 0.001 0.025 0.006 0.011 0.115 0.719 
 442 G _   0.006 0.118 0.001 0.024 0.006 0.011 0.113 0.721 
 443 V _   0.006 0.118 0.001 0.021 0.006 0.011 0.113 0.725 
 444 K _   0.006 0.117 0.001 0.019 0.005 0.010 0.112 0.731 
 445 Q _   0.006 0.114 0.001 0.016 0.005 0.010 0.112 0.737 
 446 H _   0.006 0.112 0.001 0.014 0.004 0.010 0.112 0.742 
 447 P _   0.006 0.109 0.000 0.012 0.004 0.010 0.112 0.746 
 448 V _   0.006 0.107 0.000 0.011 0.004 0.010 0.112 0.749 
 449 F _   0.007 0.106 0.000 0.011 0.004 0.011 0.111 0.749 
 450 K _   0.007 0.107 0.000 0.011 0.004 0.011 0.111 0.747 
 451 D _   0.008 0.108 0.001 0.013 0.005 0.012 0.111 0.743 
 452 I _   0.008 0.111 0.001 0.015 0.005 0.013 0.111 0.737 
 453 N _   0.008 0.114 0.001 0.017 0.006 0.014 0.111 0.730 
 454 F _   0.009 0.117 0.001 0.020 0.007 0.014 0.111 0.722 
 455 R _   0.009 0.119 0.001 0.023 0.008 0.015 0.111 0.715 
 456 R _   0.009 0.120 0.001 0.026 0.008 0.015 0.111 0.709 
 457 L _   0.009 0.120 0.001 0.029 0.009 0.015 0.111 0.706 
 458 E _   0.009 0.118 0.001 0.030 0.009 0.015 0.112 0.706 
 459 A _   0.009 0.113 0.001 0.030 0.009 0.014 0.114 0.710 
 460 N _   0.010 0.105 0.001 0.028 0.008 0.013 0.116 0.719 
 461 M _   0.010 0.093 0.001 0.025 0.007 0.012 0.119 0.733 
 462 L _   0.010 0.078 0.001 0.021 0.006 0.011 0.122 0.752 
 463 E _   0.009 0.061 0.001 0.016 0.005 0.010 0.125 0.773 
 464 P _   0.008 0.045 0.001 0.012 0.004 0.009 0.127 0.795 
 465 P _   0.007 0.031 0.000 0.008 0.003 0.008 0.129 0.812 
 466 F _   0.007 0.023 0.000 0.006 0.002 0.007 0.131 0.824 
 467 C _   0.006 0.018 0.000 0.004 0.002 0.007 0.132 0.831 
 468 P _   0.006 0.016 0.000 0.004 0.002 0.007 0.132 0.833 
 469 D _   0.006 0.016 0.000 0.004 0.002 0.008 0.132 0.832 
 470 P _   0.007 0.017 0.000 0.005 0.003 0.010 0.131 0.827 
 471 H _   0.008 0.021 0.000 0.007 0.003 0.011 0.130 0.820 
 472 A _   0.008 0.026 0.001 0.009 0.004 0.013 0.129 0.809 
 473 V _   0.009 0.035 0.001 0.013 0.006 0.015 0.127 0.795 
 474 Y _   0.010 0.045 0.001 0.015 0.007 0.017 0.125 0.781 
 475 C _   0.010 0.055 0.001 0.018 0.008 0.019 0.122 0.768 
 476 K _   0.011 0.064 0.001 0.019 0.009 0.020 0.120 0.756 
 477 D _   0.011 0.073 0.001 0.020 0.010 0.022 0.118 0.745 
 478 V _   0.012 0.081 0.001 0.021 0.011 0.023 0.116 0.734 
 479 L _   0.013 0.089 0.001 0.022 0.012 0.025 0.115 0.723 
 480 D _   0.014 0.096 0.001 0.023 0.013 0.026 0.113 0.713 
 481 I _   0.016 0.104 0.001 0.024 0.014 0.028 0.112 0.701 
 482 E _   0.017 0.111 0.001 0.027 0.016 0.029 0.111 0.688 
 483 Q _   0.018 0.118 0.001 0.030 0.017 0.029 0.111 0.675 
 484 F _   0.019 0.123 0.001 0.034 0.018 0.029 0.111 0.664 
 485 S _   0.020 0.127 0.001 0.038 0.019 0.029 0.111 0.656 
 486 V _   0.020 0.128 0.001 0.040 0.018 0.028 0.112 0.652 
 487 V _   0.020 0.127 0.001 0.041 0.018 0.026 0.114 0.653 
 488 K _   0.019 0.121 0.001 0.040 0.016 0.024 0.116 0.662 
 489 G _   0.018 0.111 0.001 0.036 0.014 0.022 0.119 0.678 
 490 I _   0.017 0.095 0.001 0.031 0.012 0.020 0.122 0.702 
 491 Y _   0.015 0.074 0.001 0.024 0.009 0.017 0.126 0.733 
 492 L _   0.014 0.051 0.001 0.017 0.007 0.015 0.130 0.765 
 493 D _   0.012 0.031 0.001 0.011 0.005 0.013 0.133 0.794 
 494 T _   0.010 0.018 0.000 0.006 0.003 0.012 0.136 0.814 
 495 A _   0.009 0.011 0.000 0.004 0.002 0.012 0.137 0.824 
 496 D _   0.010 0.009 0.000 0.003 0.002 0.012 0.138 0.826 
 497 E _   0.011 0.009 0.000 0.003 0.003 0.015 0.138 0.822 
 498 D _   0.015 0.010 0.000 0.004 0.004 0.018 0.138 0.811 
 499 F _   0.020 0.015 0.001 0.006 0.007 0.024 0.138 0.789 
 500 Y _   0.027 0.030 0.001 0.011 0.012 0.031 0.136 0.751 
 501 A _   0.033 0.057 0.002 0.018 0.019 0.038 0.135 0.698 
 502 R _   0.038 0.092 0.002 0.027 0.026 0.043 0.133 0.639 
 503 F _   0.040 0.127 0.002 0.035 0.030 0.046 0.132 0.586 
 504 A _   0.042 0.153 0.002 0.041 0.033 0.048 0.132 0.549 
 505 T _   0.042 0.170 0.002 0.043 0.034 0.048 0.133 0.526 
 506 G _   0.043 0.179 0.002 0.043 0.034 0.048 0.135 0.515 
 507 C _   0.043 0.184 0.002 0.041 0.033 0.047 0.137 0.513 
 508 V _   0.043 0.184 0.002 0.038 0.031 0.045 0.141 0.517 
 509 S _   0.042 0.181 0.002 0.034 0.028 0.042 0.145 0.527 
 510 I _   0.040 0.176 0.002 0.030 0.025 0.040 0.150 0.538 
 511 P _   0.037 0.169 0.001 0.027 0.021 0.037 0.155 0.551 
 512 W _   0.035 0.162 0.001 0.025 0.019 0.035 0.161 0.562 
 513 Q _   0.032 0.155 0.001 0.024 0.017 0.032 0.167 0.572 
 514 N _   0.029 0.147 0.001 0.024 0.015 0.029 0.174 0.581 
 515 E _   0.025 0.140 0.001 0.025 0.013 0.026 0.181 0.589 
 516 M _   0.022 0.132 0.001 0.025 0.012 0.024 0.188 0.596 
 517 I _   0.020 0.123 0.001 0.026 0.010 0.021 0.196 0.603 
 518 E _   0.017 0.112 0.001 0.025 0.009 0.018 0.205 0.613 
 519 S _   0.015 0.099 0.001 0.023 0.008 0.016 0.214 0.624 
 520 G _   0.012 0.084 0.001 0.021 0.007 0.013 0.223 0.639 
 521 C _   0.010 0.068 0.001 0.017 0.005 0.011 0.233 0.654 
 522 F _   0.009 0.052 0.001 0.014 0.004 0.009 0.241 0.670 
 523 K _   0.007 0.038 0.000 0.010 0.003 0.008 0.249 0.684 
 524 D _   0.006 0.028 0.000 0.007 0.002 0.006 0.255 0.695 
 525 I _   0.005 0.021 0.000 0.005 0.002 0.005 0.260 0.701 
 526 N _   0.004 0.017 0.000 0.004 0.001 0.005 0.264 0.704 
 527 K _   0.004 0.015 0.000 0.004 0.001 0.005 0.267 0.704 
 528 S _   0.004 0.014 0.000 0.005 0.001 0.005 0.269 0.702 
 529 E _   0.004 0.015 0.000 0.006 0.002 0.005 0.271 0.698 
 530 S _   0.004 0.016 0.000 0.007 0.002 0.006 0.271 0.693 
 531 E _   0.004 0.018 0.000 0.010 0.002 0.006 0.272 0.688 
 532 E _   0.004 0.020 0.000 0.012 0.003 0.007 0.272 0.681 
 533 A _   0.004 0.023 0.000 0.014 0.003 0.008 0.272 0.676 
 534 L _   0.004 0.025 0.000 0.016 0.003 0.008 0.273 0.671 
 535 P _   0.004 0.026 0.000 0.016 0.004 0.008 0.274 0.668 
 536 L _   0.004 0.027 0.000 0.016 0.004 0.008 0.275 0.666 
 537 D _   0.004 0.027 0.000 0.016 0.004 0.008 0.276 0.665 
 538 L _   0.004 0.027 0.000 0.014 0.003 0.008 0.278 0.665 
 539 D _   0.004 0.026 0.000 0.013 0.003 0.008 0.281 0.665 
 540 K _   0.004 0.025 0.000 0.011 0.003 0.007 0.284 0.665 
 541 N _   0.005 0.025 0.000 0.009 0.003 0.007 0.286 0.665 
 542 I _   0.005 0.024 0.000 0.008 0.002 0.008 0.289 0.664 
 543 H _   0.005 0.024 0.000 0.007 0.002 0.008 0.291 0.664 
 544 T _   0.005 0.024 0.000 0.006 0.002 0.008 0.292 0.662 
 545 P _   0.005 0.026 0.000 0.006 0.002 0.009 0.293 0.659 
 546 V _   0.006 0.028 0.000 0.006 0.003 0.011 0.294 0.653 
 547 S _   0.007 0.032 0.000 0.006 0.003 0.013 0.293 0.644 
 548 R _   0.009 0.041 0.001 0.008 0.005 0.017 0.293 0.628 
 549 P _   0.011 0.057 0.001 0.011 0.007 0.021 0.291 0.600 
 550 N _   0.014 0.087 0.001 0.015 0.012 0.026 0.289 0.556 
 551 R _   0.017 0.134 0.002 0.021 0.017 0.030 0.286 0.493 
 552 G _   0.018 0.198 0.002 0.028 0.022 0.033 0.283 0.416 
 553 F _   0.018 0.267 0.002 0.033 0.025 0.035 0.280 0.340 
 554 F E   0.017 0.327 0.002 0.038 0.027 0.034 0.279 0.276 
 555 Y E   0.016 0.372 0.002 0.041 0.027 0.033 0.279 0.230 
 556 R E   0.015 0.402 0.002 0.043 0.026 0.032 0.281 0.199 
 557 L E   0.014 0.421 0.001 0.044 0.025 0.030 0.284 0.180 
 558 F E   0.013 0.431 0.001 0.045 0.024 0.029 0.289 0.167 
 559 R E   0.013 0.435 0.001 0.045 0.023 0.027 0.296 0.160 
 560 R E   0.013 0.433 0.001 0.045 0.022 0.026 0.304 0.156 
 561 G E   0.012 0.427 0.001 0.045 0.021 0.024 0.315 0.155 
 562 G E   0.012 0.415 0.002 0.044 0.019 0.022 0.330 0.156 
 563 C E   0.012 0.394 0.002 0.044 0.018 0.021 0.348 0.162 
 564 L X   0.012 0.364 0.002 0.042 0.017 0.020 0.372 0.171 
 565 T X   0.012 0.323 0.002 0.041 0.016 0.019 0.403 0.185 
 566 M X   0.012 0.271 0.002 0.038 0.015 0.018 0.441 0.203 
 567 V X   0.012 0.214 0.002 0.034 0.013 0.017 0.485 0.223 
 568 P X   0.011 0.158 0.002 0.029 0.011 0.016 0.532 0.242 
 569 S X   0.010 0.110 0.001 0.023 0.009 0.014 0.576 0.257 
 570 E X   0.009 0.074 0.001 0.018 0.006 0.011 0.614 0.267 
 571 K X   0.007 0.049 0.001 0.013 0.005 0.009 0.645 0.272 
 572 E X   0.005 0.034 0.000 0.010 0.003 0.007 0.670 0.271 
 573 V X   0.003 0.023 0.000 0.007 0.002 0.004 0.690 0.270 
 574 E X   0.001 0.015 0.000 0.005 0.001 0.002 0.706 0.270 
 575 P X   0.000 0.009 0.000 0.003 0.000 0.001 0.716 0.271 
 576 K X   0.000 0.007 0.000 0.002 0.000 0.000 0.718 0.273 
 577 Q X   0.000 0.006 0.000 0.003 0.000 0.000 0.716 0.275 
 578 C X   0.002 0.006 0.001 0.010 0.003 0.002 0.703 0.273 
