#TopoPred_TM8: 8-state transmembrane topology prediction results by no_profile mode 
#probabilities are in the order of H E C I L F X _, the 8 transmembrane topology types used in PDBTM 
   1 M X   0.012 0.001 0.002 0.049 0.008 0.009 0.753 0.166 
   2 R X   0.004 0.001 0.000 0.030 0.002 0.005 0.773 0.185 
   3 P X   0.001 0.001 0.000 0.019 0.001 0.003 0.778 0.198 
   4 K X   0.001 0.001 0.000 0.014 0.001 0.004 0.775 0.204 
   5 T X   0.002 0.001 0.000 0.014 0.001 0.005 0.769 0.209 
   6 F X   0.002 0.002 0.000 0.014 0.001 0.006 0.759 0.215 
   7 P X   0.003 0.003 0.000 0.014 0.002 0.007 0.749 0.221 
   8 A X   0.004 0.004 0.000 0.015 0.002 0.008 0.737 0.230 
   9 T X   0.004 0.006 0.000 0.015 0.003 0.008 0.723 0.241 
  10 T X   0.003 0.007 0.000 0.015 0.003 0.008 0.708 0.255 
  11 Y X   0.003 0.009 0.000 0.014 0.003 0.008 0.693 0.270 
  12 S X   0.003 0.010 0.000 0.012 0.003 0.007 0.678 0.286 
  13 G X   0.003 0.011 0.000 0.011 0.003 0.007 0.665 0.300 
  14 N X   0.003 0.013 0.000 0.011 0.003 0.007 0.652 0.312 
  15 S X   0.003 0.015 0.000 0.011 0.003 0.008 0.639 0.322 
  16 R X   0.003 0.017 0.000 0.012 0.003 0.008 0.625 0.329 
  17 Q X   0.004 0.021 0.000 0.015 0.004 0.009 0.612 0.336 
  18 R X   0.004 0.025 0.001 0.018 0.005 0.010 0.598 0.341 
  19 L X   0.004 0.028 0.001 0.022 0.005 0.010 0.584 0.345 
  20 Q X   0.004 0.031 0.001 0.024 0.006 0.010 0.572 0.351 
  21 E X   0.005 0.033 0.001 0.026 0.006 0.010 0.562 0.358 
  22 I X   0.005 0.034 0.001 0.025 0.006 0.010 0.553 0.368 
  23 R X   0.005 0.033 0.001 0.023 0.005 0.009 0.546 0.379 
  24 E X   0.004 0.031 0.001 0.019 0.004 0.008 0.539 0.393 
  25 G X   0.004 0.028 0.000 0.015 0.003 0.007 0.533 0.408 
  26 L X   0.004 0.025 0.000 0.011 0.003 0.006 0.528 0.422 
  27 K X   0.004 0.022 0.000 0.009 0.002 0.006 0.522 0.436 
  28 Q X   0.003 0.019 0.000 0.007 0.002 0.005 0.516 0.447 
  29 P X   0.003 0.018 0.000 0.006 0.002 0.005 0.510 0.456 
  30 S X   0.003 0.017 0.000 0.006 0.002 0.005 0.504 0.463 
  31 K X   0.003 0.017 0.000 0.007 0.002 0.005 0.496 0.468 
  32 S X   0.003 0.018 0.000 0.009 0.002 0.006 0.488 0.473 
  33 S X   0.004 0.019 0.000 0.012 0.003 0.007 0.480 0.476 
  34 V _   0.004 0.021 0.000 0.015 0.003 0.007 0.471 0.478 
  35 Q _   0.004 0.022 0.000 0.017 0.004 0.007 0.463 0.482 
  36 G _   0.004 0.022 0.000 0.018 0.004 0.007 0.456 0.488 
  37 L _   0.004 0.022 0.000 0.018 0.004 0.007 0.449 0.496 
  38 P _   0.004 0.021 0.000 0.016 0.003 0.007 0.443 0.507 
  39 A _   0.004 0.019 0.000 0.013 0.003 0.006 0.437 0.519 
  40 G _   0.003 0.017 0.000 0.010 0.002 0.005 0.431 0.532 
  41 P _   0.003 0.015 0.000 0.007 0.002 0.005 0.425 0.543 
  42 N _   0.003 0.014 0.000 0.006 0.001 0.004 0.418 0.553 
  43 S _   0.003 0.014 0.000 0.005 0.001 0.005 0.412 0.561 
  44 D _   0.003 0.014 0.000 0.005 0.002 0.005 0.404 0.567 
  45 T _   0.003 0.016 0.000 0.006 0.002 0.006 0.395 0.572 
  46 S _   0.004 0.018 0.000 0.009 0.002 0.007 0.385 0.574 
  47 L _   0.004 0.023 0.000 0.012 0.003 0.008 0.374 0.575 
  48 D _   0.004 0.028 0.000 0.016 0.004 0.009 0.362 0.576 
  49 A _   0.005 0.034 0.001 0.020 0.005 0.010 0.351 0.576 
  50 K _   0.005 0.038 0.001 0.022 0.005 0.010 0.340 0.579 
  51 V _   0.005 0.041 0.001 0.023 0.005 0.010 0.331 0.584 
  52 L _   0.005 0.043 0.001 0.023 0.005 0.010 0.322 0.592 
  53 G _   0.005 0.043 0.001 0.021 0.005 0.010 0.315 0.601 
  54 S _   0.005 0.042 0.001 0.019 0.004 0.009 0.309 0.611 
  55 K _   0.005 0.041 0.000 0.016 0.004 0.009 0.304 0.621 
  56 D _   0.005 0.039 0.000 0.014 0.004 0.009 0.299 0.629 
  57 A _   0.005 0.038 0.000 0.013 0.003 0.009 0.295 0.637 
  58 T _   0.005 0.036 0.000 0.012 0.003 0.008 0.291 0.644 
  59 R _   0.005 0.035 0.000 0.011 0.003 0.008 0.287 0.649 
  60 Q _   0.006 0.034 0.000 0.011 0.003 0.008 0.283 0.654 
  61 Q _   0.006 0.033 0.000 0.011 0.003 0.008 0.279 0.659 
  62 Q _   0.006 0.032 0.000 0.011 0.003 0.008 0.275 0.664 
  63 Q _   0.006 0.031 0.000 0.011 0.003 0.008 0.270 0.670 
  64 M _   0.005 0.030 0.000 0.010 0.003 0.008 0.266 0.677 
  65 R _   0.005 0.029 0.000 0.009 0.003 0.008 0.262 0.684 
  66 A _   0.005 0.029 0.000 0.008 0.003 0.007 0.257 0.690 
  67 T _   0.005 0.028 0.000 0.007 0.003 0.008 0.253 0.697 
  68 P _   0.005 0.028 0.000 0.007 0.002 0.008 0.247 0.702 
  69 K _   0.005 0.029 0.000 0.006 0.003 0.009 0.242 0.706 
  70 F _   0.006 0.031 0.000 0.007 0.003 0.010 0.236 0.707 
  71 G _   0.007 0.035 0.000 0.008 0.004 0.012 0.229 0.706 
  72 P _   0.008 0.042 0.001 0.010 0.005 0.014 0.221 0.700 
  73 Y _   0.009 0.052 0.001 0.013 0.007 0.017 0.213 0.688 
  74 Q _   0.011 0.067 0.001 0.017 0.009 0.020 0.204 0.672 
  75 K _   0.012 0.085 0.001 0.023 0.012 0.023 0.194 0.650 
  76 A _   0.013 0.105 0.001 0.029 0.014 0.025 0.185 0.628 
  77 L _   0.014 0.123 0.001 0.034 0.016 0.027 0.176 0.609 
  78 R _   0.015 0.136 0.001 0.039 0.017 0.027 0.168 0.595 
  79 E _   0.015 0.146 0.001 0.043 0.018 0.028 0.162 0.587 
  80 I _   0.016 0.151 0.001 0.045 0.019 0.027 0.156 0.585 
  81 R _   0.016 0.152 0.001 0.046 0.018 0.026 0.152 0.588 
  82 Y _   0.015 0.150 0.001 0.044 0.017 0.025 0.149 0.599 
  83 S _   0.015 0.143 0.001 0.040 0.015 0.023 0.146 0.615 
  84 L _   0.015 0.132 0.001 0.036 0.013 0.021 0.145 0.638 
  85 L _   0.014 0.116 0.001 0.030 0.011 0.019 0.143 0.665 
  86 P _   0.013 0.098 0.001 0.023 0.009 0.017 0.142 0.696 
  87 F _   0.012 0.078 0.001 0.018 0.007 0.015 0.142 0.728 
  88 A _   0.011 0.060 0.001 0.013 0.006 0.013 0.141 0.755 
  89 N _   0.010 0.046 0.001 0.010 0.004 0.012 0.139 0.778 
  90 E _   0.010 0.036 0.000 0.007 0.004 0.011 0.138 0.793 
  91 S _   0.009 0.031 0.000 0.006 0.003 0.011 0.136 0.803 
  92 G _   0.009 0.028 0.000 0.006 0.003 0.011 0.134 0.808 
  93 T _   0.009 0.027 0.000 0.006 0.003 0.012 0.132 0.810 
  94 S _   0.010 0.028 0.000 0.007 0.004 0.013 0.129 0.809 
  95 A _   0.011 0.029 0.001 0.009 0.005 0.014 0.126 0.805 
  96 A _   0.012 0.032 0.001 0.011 0.006 0.016 0.123 0.799 
  97 A _   0.014 0.036 0.001 0.014 0.007 0.018 0.120 0.791 
  98 E _   0.015 0.040 0.001 0.016 0.008 0.019 0.117 0.784 
  99 V _   0.016 0.044 0.001 0.019 0.010 0.020 0.114 0.776 
 100 N _   0.017 0.047 0.001 0.021 0.011 0.021 0.112 0.770 
 101 R _   0.018 0.050 0.001 0.024 0.012 0.021 0.109 0.765 
 102 Q _   0.018 0.051 0.001 0.025 0.012 0.021 0.107 0.763 
 103 M _   0.018 0.052 0.001 0.026 0.012 0.021 0.106 0.764 
 104 L _   0.018 0.050 0.001 0.026 0.012 0.020 0.105 0.768 
 105 Q _   0.017 0.048 0.001 0.024 0.010 0.019 0.105 0.775 
 106 E _   0.016 0.044 0.001 0.022 0.009 0.017 0.105 0.786 
 107 L _   0.015 0.038 0.001 0.018 0.008 0.015 0.105 0.799 
 108 V _   0.014 0.033 0.001 0.015 0.006 0.014 0.105 0.813 
 109 N _   0.012 0.027 0.001 0.012 0.005 0.012 0.105 0.827 
 110 A _   0.011 0.022 0.001 0.009 0.004 0.011 0.105 0.838 
 111 G _   0.010 0.018 0.000 0.007 0.003 0.010 0.104 0.846 
 112 C _   0.009 0.016 0.000 0.007 0.003 0.010 0.104 0.851 
 113 D _   0.009 0.015 0.000 0.007 0.003 0.010 0.103 0.854 
 114 Q _   0.009 0.014 0.000 0.007 0.003 0.010 0.102 0.854 
 115 E _   0.009 0.014 0.000 0.009 0.004 0.010 0.101 0.853 
 116 M _   0.009 0.015 0.000 0.010 0.004 0.011 0.100 0.850 
 117 A _   0.009 0.016 0.001 0.012 0.005 0.012 0.099 0.848 
 118 G _   0.009 0.017 0.001 0.013 0.005 0.012 0.097 0.846 
 119 R _   0.009 0.017 0.001 0.013 0.005 0.012 0.096 0.847 
 120 A _   0.009 0.017 0.001 0.012 0.005 0.013 0.094 0.849 
 121 L _   0.009 0.017 0.001 0.011 0.004 0.013 0.093 0.852 
 122 K _   0.009 0.017 0.000 0.009 0.004 0.014 0.092 0.855 
 123 Q _   0.010 0.017 0.000 0.008 0.004 0.015 0.090 0.856 
 124 T _   0.011 0.018 0.000 0.007 0.004 0.017 0.088 0.854 
 125 G _   0.014 0.021 0.001 0.007 0.006 0.020 0.086 0.846 
 126 S _   0.018 0.026 0.001 0.009 0.008 0.023 0.084 0.831 
 127 R _   0.022 0.036 0.001 0.013 0.012 0.028 0.082 0.806 
 128 S _   0.027 0.053 0.001 0.019 0.016 0.033 0.079 0.771 
 129 I _   0.032 0.076 0.002 0.028 0.021 0.036 0.076 0.728 
 130 E _   0.035 0.101 0.002 0.037 0.025 0.038 0.074 0.687 
 131 A _   0.037 0.120 0.002 0.046 0.028 0.039 0.072 0.657 
 132 A _   0.037 0.132 0.002 0.052 0.029 0.038 0.071 0.640 
 133 L _   0.037 0.138 0.002 0.055 0.028 0.037 0.070 0.634 
 134 E _   0.036 0.138 0.002 0.054 0.026 0.034 0.070 0.640 
 135 Y _   0.034 0.134 0.002 0.050 0.023 0.031 0.071 0.657 
 136 I _   0.031 0.124 0.002 0.043 0.019 0.027 0.072 0.682 
 137 S _   0.028 0.107 0.001 0.035 0.015 0.024 0.073 0.716 
 138 K _   0.024 0.086 0.001 0.027 0.012 0.020 0.075 0.754 
 139 M _   0.021 0.063 0.001 0.019 0.008 0.017 0.077 0.794 
 140 G _   0.017 0.044 0.001 0.012 0.006 0.014 0.079 0.828 
 141 Y _   0.014 0.030 0.000 0.008 0.004 0.011 0.080 0.853 
 142 L _   0.011 0.022 0.000 0.005 0.003 0.010 0.080 0.868 
 143 D _   0.010 0.018 0.000 0.004 0.002 0.009 0.080 0.877 
 144 P _   0.009 0.017 0.000 0.004 0.002 0.008 0.080 0.880 
 145 R _   0.009 0.018 0.000 0.004 0.002 0.009 0.079 0.879 
 146 N _   0.009 0.021 0.000 0.006 0.003 0.010 0.078 0.873 
 147 E _   0.010 0.027 0.001 0.009 0.004 0.011 0.076 0.862 
 148 Q _   0.011 0.037 0.001 0.013 0.005 0.012 0.074 0.847 
 149 I _   0.011 0.049 0.001 0.018 0.007 0.013 0.073 0.829 
 150 V _   0.011 0.061 0.001 0.022 0.007 0.014 0.071 0.813 
 151 R _   0.010 0.070 0.001 0.024 0.008 0.014 0.070 0.804 
 152 V _   0.010 0.076 0.001 0.023 0.007 0.013 0.069 0.801 
 153 I _   0.009 0.079 0.001 0.021 0.006 0.012 0.068 0.803 
 154 K _   0.008 0.081 0.001 0.018 0.006 0.011 0.067 0.808 
 155 Q _   0.008 0.081 0.001 0.014 0.005 0.011 0.067 0.815 
 156 T _   0.007 0.081 0.000 0.011 0.004 0.010 0.066 0.821 
 157 S _   0.007 0.082 0.000 0.009 0.003 0.010 0.065 0.824 
 158 P _   0.007 0.085 0.000 0.008 0.003 0.010 0.064 0.822 
 159 G _   0.007 0.090 0.000 0.009 0.004 0.010 0.063 0.816 
 160 K _   0.007 0.100 0.001 0.010 0.004 0.011 0.062 0.804 
 161 G _   0.008 0.115 0.001 0.013 0.005 0.012 0.061 0.786 
 162 L _   0.008 0.134 0.001 0.017 0.006 0.012 0.059 0.763 
 163 M _   0.008 0.154 0.001 0.020 0.007 0.012 0.057 0.741 
 164 P _   0.007 0.173 0.001 0.022 0.007 0.012 0.056 0.721 
 165 T _   0.007 0.189 0.001 0.024 0.007 0.012 0.055 0.705 
 166 P _   0.006 0.201 0.001 0.025 0.007 0.012 0.054 0.694 
 167 V _   0.006 0.210 0.001 0.024 0.007 0.011 0.053 0.688 
 168 T _   0.006 0.215 0.001 0.023 0.006 0.011 0.053 0.686 
 169 R _   0.005 0.218 0.001 0.022 0.006 0.010 0.053 0.685 
 170 R _   0.005 0.219 0.001 0.020 0.005 0.010 0.053 0.687 
 171 P _   0.005 0.219 0.001 0.018 0.005 0.009 0.053 0.690 
 172 S _   0.005 0.217 0.001 0.016 0.004 0.009 0.053 0.694 
 173 F _   0.005 0.216 0.000 0.015 0.004 0.008 0.054 0.698 
 174 E _   0.005 0.214 0.000 0.013 0.004 0.008 0.054 0.701 
 175 G _   0.005 0.214 0.000 0.013 0.003 0.008 0.055 0.703 
 176 T _   0.005 0.214 0.000 0.013 0.003 0.008 0.055 0.702 
 177 G _   0.005 0.215 0.000 0.013 0.004 0.009 0.055 0.699 
 178 D _   0.005 0.217 0.000 0.014 0.004 0.009 0.056 0.694 
 179 S _   0.005 0.220 0.001 0.016 0.005 0.010 0.056 0.688 
 180 F _   0.006 0.222 0.001 0.019 0.005 0.010 0.057 0.681 
 181 A _   0.006 0.224 0.001 0.021 0.006 0.010 0.057 0.675 
 182 S _   0.006 0.224 0.001 0.023 0.006 0.010 0.058 0.671 
 183 Y _   0.006 0.223 0.001 0.024 0.006 0.010 0.060 0.670 
 184 H _   0.006 0.219 0.001 0.024 0.006 0.010 0.061 0.673 
 185 Q _   0.006 0.212 0.001 0.024 0.006 0.010 0.063 0.679 
 186 L _   0.006 0.201 0.001 0.021 0.005 0.009 0.066 0.690 
 187 S _   0.006 0.188 0.001 0.019 0.005 0.009 0.068 0.704 
 188 G _   0.006 0.173 0.001 0.016 0.004 0.008 0.071 0.721 
 189 T _   0.006 0.157 0.001 0.013 0.004 0.008 0.074 0.738 
 190 P _   0.006 0.144 0.000 0.011 0.003 0.007 0.076 0.753 
 191 Y _   0.006 0.133 0.000 0.009 0.003 0.007 0.078 0.764 
 192 E _   0.005 0.126 0.000 0.008 0.002 0.007 0.080 0.772 
 193 G _   0.005 0.122 0.000 0.007 0.002 0.007 0.081 0.776 
 194 P _   0.005 0.120 0.000 0.006 0.002 0.007 0.082 0.777 
 195 S _   0.005 0.121 0.000 0.006 0.002 0.007 0.082 0.776 
 196 F _   0.005 0.124 0.000 0.007 0.002 0.007 0.082 0.772 
 197 G _   0.005 0.131 0.000 0.008 0.002 0.008 0.081 0.764 
 198 A _   0.005 0.142 0.000 0.010 0.003 0.009 0.080 0.750 
 199 D _   0.005 0.158 0.001 0.012 0.004 0.010 0.078 0.731 
 200 G _   0.005 0.181 0.001 0.015 0.005 0.011 0.076 0.706 
 201 P _   0.005 0.207 0.001 0.018 0.005 0.011 0.074 0.678 
 202 T _   0.005 0.237 0.001 0.020 0.006 0.012 0.072 0.647 
 203 A _   0.005 0.266 0.001 0.022 0.006 0.012 0.070 0.618 
 204 L _   0.005 0.291 0.001 0.024 0.007 0.012 0.068 0.593 
 205 E _   0.005 0.311 0.001 0.024 0.007 0.012 0.067 0.574 
 206 E _   0.005 0.327 0.001 0.024 0.006 0.012 0.066 0.559 
 207 M _   0.005 0.339 0.001 0.024 0.006 0.011 0.066 0.549 
 208 P _   0.005 0.348 0.001 0.023 0.006 0.011 0.065 0.540 
 209 R _   0.005 0.355 0.001 0.023 0.006 0.011 0.066 0.533 
 210 P _   0.005 0.360 0.001 0.023 0.006 0.011 0.066 0.527 
 211 Y _   0.006 0.363 0.001 0.024 0.007 0.011 0.067 0.521 
 212 V _   0.006 0.365 0.001 0.025 0.007 0.011 0.068 0.517 
 213 D _   0.006 0.364 0.001 0.027 0.007 0.011 0.069 0.514 
 214 Y _   0.007 0.361 0.001 0.028 0.007 0.011 0.071 0.514 
 215 L _   0.007 0.354 0.001 0.029 0.007 0.011 0.074 0.517 
 216 F _   0.007 0.343 0.001 0.029 0.007 0.011 0.077 0.525 
 217 P _   0.007 0.326 0.001 0.028 0.007 0.011 0.081 0.539 
 218 G _   0.007 0.303 0.001 0.027 0.006 0.011 0.086 0.559 
 219 V _   0.007 0.275 0.001 0.025 0.006 0.010 0.092 0.584 
 220 G _   0.008 0.241 0.001 0.022 0.006 0.010 0.098 0.615 
 221 P _   0.008 0.207 0.001 0.019 0.005 0.010 0.104 0.648 
 222 H _   0.008 0.175 0.001 0.016 0.004 0.009 0.110 0.679 
 223 G _   0.007 0.148 0.000 0.013 0.003 0.008 0.114 0.706 
 224 P _   0.006 0.128 0.000 0.010 0.003 0.008 0.118 0.727 
 225 G _   0.006 0.114 0.000 0.008 0.002 0.007 0.121 0.741 
 226 H _   0.005 0.106 0.000 0.007 0.002 0.006 0.123 0.751 
 227 Q _   0.004 0.102 0.000 0.006 0.001 0.006 0.124 0.757 
 228 H _   0.004 0.100 0.000 0.005 0.001 0.006 0.123 0.760 
 229 Q _   0.004 0.101 0.000 0.006 0.001 0.006 0.122 0.760 
 230 H _   0.004 0.105 0.000 0.006 0.002 0.007 0.120 0.756 
 231 P _   0.004 0.113 0.000 0.008 0.002 0.008 0.117 0.748 
 232 P _   0.004 0.128 0.000 0.011 0.003 0.009 0.113 0.731 
 233 K _   0.005 0.155 0.001 0.015 0.004 0.011 0.107 0.702 
 234 G _   0.006 0.199 0.001 0.020 0.006 0.014 0.099 0.656 
 235 Y _   0.006 0.262 0.001 0.026 0.008 0.015 0.090 0.591 
 236 G _   0.006 0.342 0.001 0.032 0.011 0.016 0.079 0.512 
 237 A _   0.006 0.427 0.002 0.036 0.012 0.016 0.070 0.432 
 238 S E   0.005 0.504 0.001 0.038 0.012 0.015 0.062 0.362 
 239 V E   0.005 0.563 0.001 0.039 0.011 0.014 0.057 0.311 
 240 E E   0.004 0.602 0.001 0.038 0.010 0.013 0.053 0.278 
 241 A E   0.004 0.626 0.001 0.037 0.009 0.012 0.051 0.259 
 242 A E   0.004 0.639 0.001 0.036 0.009 0.012 0.050 0.250 
 243 G E   0.004 0.643 0.001 0.035 0.008 0.011 0.049 0.249 
 244 A E   0.004 0.641 0.001 0.033 0.008 0.011 0.049 0.253 
 245 H E   0.005 0.632 0.001 0.030 0.008 0.010 0.050 0.264 
 246 F E   0.005 0.616 0.001 0.027 0.008 0.010 0.051 0.281 
 247 P E   0.006 0.591 0.001 0.025 0.008 0.010 0.053 0.306 
 248 L E   0.007 0.557 0.001 0.022 0.008 0.011 0.056 0.338 
 249 Q E   0.008 0.517 0.001 0.020 0.007 0.011 0.060 0.377 
 250 G E   0.008 0.476 0.001 0.017 0.007 0.011 0.064 0.416 
 251 A _   0.008 0.439 0.001 0.014 0.006 0.011 0.068 0.453 
 252 H _   0.008 0.410 0.001 0.012 0.005 0.011 0.071 0.483 
 253 Y _   0.008 0.390 0.001 0.010 0.004 0.011 0.074 0.503 
 254 G _   0.007 0.376 0.000 0.009 0.004 0.011 0.076 0.517 
 255 R _   0.007 0.369 0.000 0.008 0.003 0.010 0.078 0.524 
 256 P _   0.006 0.365 0.000 0.008 0.003 0.010 0.080 0.526 
 257 H _   0.006 0.366 0.000 0.009 0.004 0.010 0.081 0.524 
 258 L _   0.006 0.369 0.000 0.010 0.004 0.011 0.082 0.518 
 259 L _   0.006 0.374 0.001 0.012 0.005 0.011 0.083 0.508 
 260 V _   0.006 0.381 0.001 0.015 0.005 0.011 0.084 0.497 
 261 P _   0.006 0.389 0.001 0.017 0.006 0.012 0.085 0.484 
 262 G _   0.006 0.395 0.001 0.021 0.007 0.012 0.086 0.472 
 263 E _   0.006 0.400 0.001 0.024 0.007 0.012 0.088 0.462 
 264 P _   0.007 0.402 0.001 0.027 0.008 0.013 0.090 0.454 
 265 L _   0.007 0.400 0.001 0.029 0.008 0.013 0.093 0.449 
 266 G _   0.007 0.395 0.001 0.031 0.009 0.013 0.097 0.448 
 267 Y _   0.007 0.384 0.001 0.032 0.009 0.013 0.102 0.452 
 268 G _   0.008 0.367 0.001 0.033 0.009 0.013 0.108 0.461 
 269 V _   0.008 0.342 0.001 0.033 0.009 0.013 0.116 0.478 
 270 Q _   0.009 0.306 0.001 0.031 0.009 0.012 0.127 0.504 
 271 R _   0.009 0.261 0.001 0.028 0.009 0.012 0.140 0.539 
 272 S _   0.010 0.209 0.001 0.025 0.008 0.012 0.154 0.581 
 273 P _   0.009 0.158 0.001 0.021 0.007 0.011 0.169 0.625 
 274 S _   0.009 0.113 0.001 0.016 0.005 0.010 0.182 0.664 
 275 F _   0.008 0.080 0.001 0.012 0.004 0.009 0.194 0.693 
 276 Q _   0.007 0.058 0.000 0.009 0.003 0.008 0.202 0.713 
 277 S _   0.006 0.045 0.000 0.007 0.002 0.007 0.209 0.724 
 278 K _   0.005 0.037 0.000 0.006 0.002 0.006 0.214 0.730 
 279 T _   0.005 0.033 0.000 0.005 0.002 0.006 0.217 0.731 
 280 P _   0.005 0.031 0.000 0.006 0.002 0.006 0.220 0.730 
 281 P _   0.004 0.031 0.000 0.007 0.002 0.007 0.222 0.727 
 282 E _   0.005 0.032 0.000 0.009 0.002 0.007 0.224 0.722 
 283 T _   0.005 0.033 0.000 0.011 0.003 0.008 0.225 0.716 
 284 G _   0.005 0.035 0.000 0.014 0.003 0.008 0.226 0.709 
 285 G _   0.005 0.037 0.000 0.016 0.003 0.008 0.227 0.703 
 286 Y _   0.005 0.038 0.000 0.018 0.004 0.008 0.228 0.699 
 287 A _   0.005 0.038 0.000 0.018 0.004 0.008 0.229 0.697 
 288 S _   0.005 0.038 0.000 0.017 0.003 0.008 0.231 0.698 
 289 L _   0.005 0.036 0.000 0.015 0.003 0.007 0.232 0.700 
 290 P _   0.004 0.035 0.000 0.013 0.003 0.007 0.234 0.705 
 291 T _   0.004 0.033 0.000 0.010 0.002 0.006 0.235 0.709 
 292 K _   0.004 0.031 0.000 0.008 0.002 0.005 0.236 0.714 
 293 G _   0.004 0.030 0.000 0.006 0.002 0.005 0.236 0.717 
 294 Q _   0.003 0.030 0.000 0.005 0.001 0.005 0.236 0.719 
 295 G _   0.003 0.031 0.000 0.005 0.001 0.005 0.234 0.720 
 296 G _   0.003 0.033 0.000 0.005 0.001 0.005 0.233 0.718 
 297 P _   0.004 0.037 0.000 0.006 0.002 0.006 0.230 0.715 
 298 P _   0.004 0.045 0.000 0.008 0.002 0.007 0.226 0.708 
 299 G _   0.004 0.056 0.000 0.010 0.003 0.008 0.222 0.696 
 300 A _   0.005 0.072 0.000 0.013 0.004 0.009 0.217 0.680 
 301 G _   0.005 0.092 0.001 0.017 0.004 0.010 0.211 0.660 
 302 L _   0.005 0.116 0.001 0.021 0.005 0.011 0.204 0.637 
 303 A _   0.005 0.140 0.001 0.025 0.006 0.012 0.198 0.613 
 304 F _   0.005 0.161 0.001 0.029 0.007 0.013 0.193 0.592 
 305 P _   0.005 0.179 0.001 0.033 0.007 0.013 0.189 0.573 
 306 P _   0.005 0.193 0.001 0.036 0.008 0.013 0.186 0.559 
 307 P _   0.005 0.201 0.001 0.038 0.008 0.013 0.184 0.550 
 308 A _   0.005 0.206 0.001 0.039 0.008 0.013 0.183 0.546 
 309 A _   0.005 0.207 0.001 0.038 0.008 0.012 0.183 0.547 
 310 G _   0.006 0.204 0.001 0.035 0.007 0.012 0.183 0.552 
 311 L _   0.006 0.197 0.001 0.031 0.006 0.011 0.185 0.564 
 312 Y _   0.006 0.185 0.001 0.025 0.005 0.010 0.187 0.581 
 313 V _   0.005 0.169 0.001 0.020 0.004 0.009 0.190 0.602 
 314 P _   0.005 0.153 0.001 0.014 0.004 0.008 0.192 0.624 
 315 H _   0.005 0.138 0.000 0.010 0.003 0.007 0.194 0.643 
 316 P _   0.004 0.128 0.000 0.007 0.002 0.007 0.195 0.656 
 317 H _   0.004 0.123 0.000 0.005 0.002 0.007 0.195 0.664 
 318 H _   0.004 0.121 0.000 0.005 0.002 0.008 0.195 0.665 
 319 K _   0.005 0.124 0.000 0.005 0.002 0.009 0.194 0.660 
 320 Q _   0.006 0.132 0.000 0.007 0.003 0.011 0.192 0.648 
 321 A _   0.007 0.152 0.001 0.011 0.005 0.014 0.189 0.621 
 322 G _   0.008 0.188 0.001 0.017 0.008 0.017 0.184 0.577 
 323 P _   0.009 0.243 0.001 0.023 0.011 0.019 0.179 0.515 
 324 A _   0.009 0.306 0.001 0.029 0.013 0.020 0.173 0.449 
 325 A _   0.009 0.361 0.001 0.034 0.014 0.020 0.169 0.392 
 326 H E   0.008 0.401 0.001 0.037 0.014 0.020 0.166 0.353 
 327 Q E   0.008 0.426 0.001 0.039 0.014 0.019 0.164 0.328 
 328 L E   0.008 0.441 0.001 0.040 0.014 0.019 0.163 0.314 
 329 H E   0.008 0.448 0.001 0.040 0.013 0.018 0.164 0.307 
 330 V E   0.008 0.449 0.001 0.040 0.013 0.018 0.165 0.305 
 331 L E   0.008 0.446 0.001 0.039 0.013 0.017 0.168 0.307 
 332 G E   0.009 0.436 0.001 0.038 0.013 0.017 0.171 0.314 
 333 S E   0.010 0.419 0.001 0.037 0.013 0.016 0.176 0.327 
 334 R E   0.011 0.393 0.001 0.035 0.012 0.016 0.184 0.348 
 335 S _   0.011 0.355 0.001 0.033 0.012 0.016 0.193 0.378 
 336 Q _   0.012 0.306 0.002 0.031 0.011 0.015 0.205 0.418 
 337 V _   0.012 0.248 0.002 0.027 0.010 0.014 0.219 0.468 
 338 F _   0.012 0.189 0.001 0.022 0.009 0.014 0.234 0.519 
 339 A _   0.012 0.138 0.001 0.017 0.007 0.012 0.248 0.566 
 340 S _   0.010 0.099 0.001 0.013 0.005 0.011 0.259 0.601 
 341 D _   0.009 0.073 0.001 0.009 0.004 0.010 0.269 0.625 
 342 S _   0.008 0.058 0.000 0.007 0.003 0.009 0.276 0.639 
 343 P _   0.007 0.050 0.000 0.006 0.002 0.008 0.282 0.645 
 344 P _   0.006 0.045 0.000 0.006 0.002 0.008 0.286 0.646 
 345 Q _   0.006 0.043 0.000 0.006 0.002 0.007 0.290 0.645 
 346 S _   0.005 0.042 0.000 0.007 0.002 0.007 0.293 0.642 
 347 L _   0.005 0.043 0.000 0.008 0.003 0.007 0.295 0.639 
 348 L _   0.005 0.043 0.000 0.008 0.003 0.007 0.297 0.636 
 349 T _   0.005 0.044 0.000 0.009 0.003 0.007 0.299 0.633 
 350 P _   0.004 0.045 0.000 0.009 0.003 0.007 0.301 0.631 
 351 S _   0.004 0.047 0.000 0.008 0.003 0.007 0.302 0.628 
 352 R _   0.004 0.049 0.000 0.008 0.003 0.007 0.304 0.625 
 353 N _   0.004 0.051 0.000 0.009 0.003 0.008 0.305 0.620 
 354 S _   0.004 0.055 0.000 0.009 0.003 0.009 0.306 0.612 
 355 L _   0.005 0.060 0.000 0.011 0.004 0.009 0.308 0.602 
 356 N _   0.005 0.067 0.001 0.013 0.005 0.010 0.309 0.590 
 357 V _   0.006 0.074 0.001 0.015 0.005 0.011 0.311 0.577 
 358 D _   0.007 0.082 0.001 0.017 0.006 0.012 0.313 0.562 
 359 L _   0.007 0.088 0.001 0.019 0.007 0.013 0.316 0.550 
 360 Y _   0.007 0.093 0.001 0.019 0.007 0.013 0.319 0.541 
 361 E _   0.007 0.096 0.001 0.019 0.007 0.014 0.323 0.534 
 362 L _   0.007 0.097 0.001 0.017 0.006 0.014 0.327 0.530 
 363 G _   0.007 0.098 0.001 0.016 0.006 0.014 0.332 0.526 
 364 S _   0.008 0.099 0.001 0.015 0.006 0.014 0.336 0.522 
 365 T _   0.008 0.099 0.001 0.014 0.006 0.015 0.341 0.516 
 366 S _   0.009 0.101 0.001 0.015 0.006 0.015 0.346 0.507 
 367 V _   0.009 0.103 0.001 0.016 0.007 0.016 0.352 0.495 
 368 Q _   0.010 0.106 0.001 0.020 0.008 0.017 0.358 0.481 
 369 Q _   0.010 0.110 0.001 0.024 0.009 0.017 0.364 0.465 
 370 W _   0.011 0.112 0.001 0.028 0.010 0.017 0.372 0.449 
 371 P _   0.011 0.113 0.001 0.032 0.010 0.017 0.381 0.435 
 372 A _   0.011 0.112 0.001 0.034 0.010 0.016 0.392 0.424 
 373 A _   0.010 0.107 0.001 0.033 0.010 0.015 0.405 0.419 
 374 T X   0.010 0.099 0.001 0.030 0.009 0.013 0.420 0.418 
 375 L X   0.009 0.087 0.001 0.025 0.007 0.012 0.437 0.422 
 376 A X   0.008 0.071 0.001 0.020 0.006 0.010 0.455 0.429 
 377 R X   0.007 0.055 0.001 0.014 0.004 0.008 0.473 0.438 
 378 R X   0.006 0.040 0.000 0.010 0.003 0.007 0.489 0.444 
 379 D X   0.005 0.030 0.000 0.006 0.002 0.006 0.503 0.447 
 380 S X   0.004 0.024 0.000 0.004 0.002 0.005 0.514 0.447 
 381 L X   0.004 0.021 0.000 0.003 0.001 0.004 0.522 0.445 
 382 Q X   0.003 0.019 0.000 0.003 0.001 0.004 0.529 0.441 
 383 K X   0.003 0.019 0.000 0.003 0.001 0.004 0.533 0.436 
 384 P X   0.003 0.021 0.000 0.003 0.001 0.005 0.537 0.430 
 385 G X   0.003 0.024 0.000 0.004 0.002 0.005 0.540 0.422 
 386 L X   0.004 0.029 0.000 0.006 0.002 0.006 0.541 0.411 
 387 E X   0.004 0.038 0.000 0.009 0.003 0.008 0.542 0.396 
 388 A X   0.004 0.051 0.000 0.012 0.004 0.009 0.543 0.377 
 389 P X   0.004 0.066 0.001 0.017 0.005 0.010 0.544 0.354 
 390 P X   0.004 0.081 0.001 0.022 0.006 0.011 0.545 0.330 
 391 R X   0.004 0.095 0.001 0.027 0.007 0.012 0.547 0.308 
 392 A X   0.004 0.106 0.001 0.031 0.008 0.012 0.550 0.288 
 393 H X   0.004 0.112 0.001 0.035 0.008 0.012 0.555 0.272 
 394 V X   0.004 0.116 0.001 0.037 0.008 0.012 0.562 0.260 
 395 A X   0.004 0.116 0.001 0.037 0.008 0.012 0.570 0.251 
 396 F X   0.004 0.114 0.001 0.035 0.008 0.012 0.581 0.245 
 397 R X   0.004 0.109 0.001 0.032 0.008 0.011 0.594 0.241 
 398 P X   0.004 0.102 0.001 0.028 0.007 0.010 0.610 0.237 
 399 D X   0.004 0.092 0.001 0.025 0.006 0.010 0.628 0.234 
 400 C X   0.004 0.081 0.001 0.021 0.006 0.009 0.648 0.230 
 401 P X   0.004 0.069 0.001 0.018 0.005 0.009 0.669 0.225 
 402 V X   0.004 0.058 0.001 0.016 0.004 0.008 0.691 0.218 
 403 P X   0.004 0.048 0.001 0.014 0.004 0.008 0.712 0.209 
 404 S X   0.004 0.039 0.000 0.013 0.003 0.007 0.733 0.200 
 405 R X   0.004 0.032 0.000 0.011 0.003 0.007 0.753 0.190 
 406 T X   0.004 0.025 0.000 0.010 0.003 0.006 0.771 0.180 
 407 N X   0.003 0.020 0.000 0.009 0.002 0.005 0.789 0.171 
 408 S X   0.003 0.015 0.000 0.008 0.002 0.005 0.805 0.162 
 409 F X   0.003 0.011 0.000 0.007 0.002 0.004 0.820 0.153 
 410 N X   0.002 0.008 0.000 0.005 0.001 0.003 0.833 0.146 
 411 S X   0.002 0.006 0.000 0.004 0.001 0.003 0.845 0.139 
 412 H X   0.002 0.004 0.000 0.003 0.001 0.002 0.854 0.134 
 413 Q X   0.002 0.002 0.000 0.003 0.001 0.002 0.862 0.129 
 414 P X   0.001 0.001 0.000 0.002 0.001 0.002 0.868 0.126 
 415 R X   0.001 0.001 0.000 0.002 0.000 0.001 0.872 0.123 
 416 P X   0.001 0.001 0.000 0.001 0.000 0.001 0.875 0.121 
 417 G X   0.001 0.000 0.000 0.001 0.000 0.001 0.877 0.120 
 418 P X   0.001 0.000 0.000 0.001 0.000 0.001 0.878 0.119 
 419 P X   0.001 0.000 0.000 0.001 0.000 0.001 0.878 0.119 
 420 G X   0.001 0.000 0.000 0.001 0.000 0.001 0.877 0.120 
 421 K X   0.001 0.000 0.000 0.001 0.000 0.001 0.875 0.121 
 422 A X   0.001 0.000 0.000 0.001 0.000 0.002 0.873 0.123 
 423 E X   0.001 0.000 0.000 0.001 0.000 0.002 0.869 0.126 
 424 P X   0.001 0.001 0.000 0.002 0.001 0.003 0.865 0.129 
 425 S X   0.001 0.001 0.000 0.002 0.001 0.004 0.859 0.131 
 426 L X   0.002 0.002 0.000 0.003 0.001 0.006 0.853 0.134 
 427 P X   0.003 0.003 0.000 0.003 0.002 0.009 0.845 0.135 
 428 A X   0.004 0.005 0.000 0.005 0.003 0.012 0.836 0.134 
 429 P X   0.007 0.008 0.000 0.006 0.006 0.016 0.825 0.131 
 430 N X   0.010 0.013 0.001 0.008 0.009 0.021 0.813 0.124 
 431 T X   0.013 0.020 0.001 0.011 0.014 0.026 0.801 0.115 
 432 V X   0.017 0.028 0.001 0.013 0.019 0.030 0.789 0.103 
 433 T X   0.020 0.035 0.001 0.016 0.024 0.033 0.779 0.092 
 434 A X   0.023 0.042 0.001 0.018 0.027 0.034 0.772 0.083 
 435 V X   0.025 0.046 0.001 0.020 0.029 0.034 0.767 0.077 
 436 T X   0.026 0.049 0.001 0.022 0.029 0.033 0.765 0.075 
 437 A X   0.027 0.050 0.001 0.022 0.028 0.031 0.764 0.076 
 438 A X   0.027 0.049 0.001 0.021 0.026 0.029 0.766 0.081 
 439 H X   0.026 0.047 0.001 0.019 0.023 0.026 0.769 0.088 
 440 I X   0.025 0.042 0.001 0.016 0.019 0.023 0.774 0.099 
 441 L X   0.023 0.036 0.001 0.013 0.015 0.020 0.780 0.111 
 442 H X   0.020 0.028 0.001 0.010 0.012 0.018 0.787 0.124 
 443 P X   0.017 0.021 0.001 0.008 0.008 0.015 0.794 0.136 
 444 V X   0.014 0.015 0.001 0.006 0.006 0.013 0.801 0.144 
 445 K X   0.012 0.011 0.000 0.005 0.004 0.011 0.807 0.150 
 446 S X   0.010 0.008 0.000 0.004 0.003 0.009 0.812 0.153 
 447 V X   0.008 0.006 0.000 0.004 0.003 0.008 0.817 0.154 
 448 R X   0.006 0.005 0.000 0.004 0.002 0.007 0.822 0.153 
 449 V X   0.005 0.004 0.000 0.004 0.002 0.006 0.826 0.152 
 450 L X   0.004 0.004 0.000 0.004 0.002 0.005 0.830 0.151 
 451 R X   0.004 0.003 0.000 0.004 0.002 0.004 0.834 0.149 
 452 P X   0.003 0.003 0.000 0.004 0.002 0.004 0.838 0.147 
 453 E X   0.003 0.002 0.000 0.003 0.001 0.003 0.841 0.146 
 454 P X   0.002 0.002 0.000 0.003 0.001 0.003 0.845 0.144 
 455 Q X   0.002 0.002 0.000 0.003 0.001 0.003 0.848 0.142 
 456 T X   0.002 0.001 0.000 0.002 0.001 0.002 0.851 0.140 
 457 A X   0.002 0.001 0.000 0.002 0.001 0.002 0.854 0.137 
 458 V X   0.002 0.001 0.000 0.002 0.001 0.002 0.857 0.134 
 459 G X   0.002 0.001 0.000 0.003 0.001 0.002 0.860 0.131 
 460 P X   0.002 0.001 0.000 0.003 0.001 0.002 0.863 0.128 
 461 S X   0.002 0.001 0.000 0.003 0.001 0.002 0.866 0.125 
 462 H X   0.002 0.001 0.000 0.003 0.001 0.002 0.869 0.121 
 463 P X   0.002 0.001 0.000 0.004 0.001 0.002 0.872 0.118 
 464 A X   0.002 0.001 0.000 0.004 0.001 0.002 0.875 0.115 
 465 W X   0.002 0.001 0.000 0.004 0.001 0.002 0.878 0.112 
 466 V X   0.002 0.001 0.000 0.003 0.001 0.002 0.882 0.109 
 467 P X   0.001 0.001 0.000 0.003 0.001 0.002 0.885 0.107 
 468 A X   0.001 0.001 0.000 0.003 0.001 0.002 0.888 0.106 
 469 P X   0.001 0.001 0.000 0.002 0.001 0.001 0.890 0.104 
 470 A X   0.001 0.000 0.000 0.002 0.000 0.001 0.892 0.103 
 471 P X   0.001 0.000 0.000 0.001 0.000 0.001 0.893 0.103 
 472 A X   0.001 0.000 0.000 0.001 0.000 0.001 0.894 0.103 
 473 P X   0.001 0.000 0.000 0.001 0.000 0.001 0.894 0.103 
 474 A X   0.001 0.000 0.000 0.001 0.000 0.001 0.893 0.103 
 475 P X   0.001 0.000 0.000 0.001 0.000 0.001 0.892 0.104 
 476 A X   0.001 0.001 0.000 0.001 0.000 0.001 0.890 0.105 
 477 P X   0.001 0.001 0.000 0.002 0.000 0.001 0.888 0.107 
 478 A X   0.001 0.001 0.000 0.002 0.001 0.002 0.885 0.109 
 479 P X   0.001 0.002 0.000 0.002 0.001 0.002 0.880 0.111 
 480 A X   0.001 0.003 0.000 0.003 0.001 0.002 0.875 0.115 
 481 A X   0.001 0.004 0.000 0.003 0.001 0.002 0.870 0.119 
 482 E X   0.001 0.005 0.000 0.004 0.001 0.003 0.863 0.123 
 483 G X   0.001 0.007 0.000 0.004 0.001 0.003 0.856 0.128 
 484 L X   0.001 0.009 0.000 0.004 0.001 0.003 0.848 0.133 
 485 D X   0.001 0.011 0.000 0.005 0.001 0.004 0.839 0.138 
 486 A X   0.001 0.015 0.000 0.005 0.002 0.005 0.829 0.142 
 487 K X   0.002 0.022 0.000 0.007 0.002 0.006 0.818 0.143 
 488 E X   0.002 0.032 0.000 0.009 0.004 0.008 0.803 0.141 
 489 E X   0.003 0.048 0.001 0.013 0.005 0.009 0.786 0.135 
 490 H X   0.003 0.071 0.001 0.017 0.007 0.010 0.767 0.124 
 491 A X   0.003 0.098 0.001 0.021 0.008 0.011 0.749 0.109 
 492 L X   0.003 0.123 0.001 0.025 0.009 0.011 0.734 0.094 
 493 A X   0.003 0.143 0.001 0.028 0.009 0.011 0.723 0.083 
 494 L X   0.003 0.156 0.001 0.030 0.009 0.011 0.716 0.076 
 495 G X   0.003 0.163 0.001 0.031 0.008 0.010 0.712 0.072 
 496 G X   0.003 0.166 0.001 0.031 0.008 0.010 0.710 0.070 
 497 A X   0.004 0.167 0.001 0.031 0.008 0.010 0.710 0.071 
 498 G X   0.004 0.165 0.001 0.029 0.008 0.009 0.712 0.074 
 499 A X   0.004 0.159 0.001 0.027 0.007 0.009 0.716 0.078 
 500 F X   0.004 0.150 0.001 0.024 0.007 0.008 0.722 0.084 
 501 P X   0.005 0.136 0.001 0.021 0.006 0.008 0.731 0.093 
 502 L X   0.005 0.117 0.001 0.019 0.006 0.007 0.742 0.103 
 503 D X   0.005 0.096 0.001 0.016 0.005 0.007 0.756 0.114 
 504 V X   0.005 0.074 0.001 0.013 0.004 0.006 0.771 0.125 
 505 E X   0.005 0.053 0.001 0.011 0.003 0.006 0.786 0.135 
 506 Y X   0.005 0.036 0.000 0.008 0.003 0.005 0.800 0.144 
 507 G X   0.004 0.023 0.000 0.006 0.002 0.004 0.811 0.150 
 508 G X   0.003 0.015 0.000 0.004 0.001 0.003 0.819 0.154 
 509 P X   0.003 0.009 0.000 0.003 0.001 0.002 0.826 0.156 
 510 D X   0.002 0.006 0.000 0.002 0.001 0.002 0.830 0.158 
 511 R X   0.002 0.004 0.000 0.001 0.000 0.002 0.832 0.158 
 512 R X   0.001 0.003 0.000 0.001 0.000 0.001 0.833 0.159 
 513 C X   0.001 0.003 0.000 0.001 0.000 0.001 0.833 0.160 
 514 P X   0.001 0.003 0.000 0.001 0.000 0.001 0.832 0.161 
 515 P X   0.001 0.003 0.000 0.001 0.000 0.002 0.830 0.162 
 516 P X   0.001 0.004 0.000 0.002 0.001 0.002 0.826 0.164 
 517 P X   0.001 0.007 0.000 0.003 0.001 0.003 0.821 0.164 
 518 Y X   0.002 0.011 0.000 0.005 0.001 0.004 0.815 0.163 
 519 P X   0.002 0.018 0.000 0.007 0.002 0.004 0.807 0.159 
 520 K X   0.002 0.027 0.000 0.010 0.003 0.005 0.798 0.155 
 521 H X   0.002 0.035 0.000 0.013 0.003 0.005 0.790 0.152 
 522 L X   0.002 0.042 0.000 0.015 0.003 0.005 0.783 0.149 
 523 L X   0.002 0.048 0.000 0.016 0.003 0.005 0.778 0.148 
 524 L X   0.002 0.051 0.000 0.016 0.003 0.005 0.775 0.149 
 525 R X   0.001 0.052 0.000 0.015 0.003 0.005 0.773 0.151 
 526 S X   0.001 0.053 0.000 0.013 0.002 0.004 0.772 0.154 
 527 K X   0.001 0.052 0.000 0.010 0.002 0.004 0.771 0.158 
 528 S X   0.001 0.051 0.000 0.008 0.002 0.004 0.772 0.162 
 529 E X   0.001 0.050 0.000 0.006 0.001 0.003 0.772 0.166 
 530 Q X   0.001 0.049 0.000 0.005 0.001 0.003 0.772 0.168 
 531 Y X   0.001 0.048 0.000 0.004 0.001 0.003 0.772 0.170 
 532 D X   0.001 0.048 0.000 0.004 0.001 0.004 0.772 0.169 
 533 L X   0.002 0.049 0.000 0.005 0.001 0.004 0.772 0.167 
 534 D X   0.002 0.051 0.000 0.006 0.002 0.005 0.771 0.164 
 535 S X   0.002 0.055 0.000 0.008 0.002 0.005 0.770 0.158 
 536 L X   0.002 0.058 0.000 0.011 0.003 0.006 0.769 0.150 
 537 C X   0.002 0.061 0.000 0.015 0.004 0.006 0.768 0.143 
 538 A X   0.003 0.064 0.000 0.018 0.004 0.006 0.769 0.136 
 539 G X   0.003 0.065 0.000 0.020 0.004 0.006 0.771 0.131 
 540 M X   0.003 0.064 0.000 0.021 0.004 0.006 0.774 0.127 
 541 E X   0.003 0.062 0.000 0.020 0.004 0.006 0.779 0.125 
 542 Q X   0.003 0.057 0.000 0.018 0.004 0.006 0.786 0.125 
 543 S X   0.003 0.050 0.000 0.016 0.004 0.005 0.796 0.127 
 544 L X   0.003 0.040 0.000 0.013 0.003 0.005 0.807 0.129 
 545 R X   0.003 0.030 0.000 0.010 0.002 0.004 0.819 0.132 
 546 A X   0.002 0.020 0.000 0.007 0.002 0.003 0.831 0.134 
 547 G X   0.002 0.013 0.000 0.005 0.001 0.003 0.842 0.134 
 548 P X   0.002 0.008 0.000 0.003 0.001 0.002 0.850 0.133 
 549 N X   0.002 0.005 0.000 0.002 0.001 0.002 0.857 0.132 
 550 E X   0.002 0.003 0.000 0.002 0.001 0.002 0.861 0.130 
 551 P X   0.001 0.002 0.000 0.001 0.000 0.001 0.864 0.129 
 552 E X   0.001 0.001 0.000 0.001 0.000 0.001 0.866 0.128 
 553 G X   0.001 0.001 0.000 0.001 0.000 0.001 0.868 0.127 
 554 G X   0.001 0.001 0.000 0.001 0.000 0.001 0.868 0.127 
 555 D X   0.001 0.001 0.000 0.002 0.000 0.001 0.868 0.127 
 556 K X   0.001 0.001 0.000 0.002 0.000 0.002 0.867 0.128 
 557 S X   0.001 0.001 0.000 0.002 0.000 0.002 0.865 0.129 
 558 R X   0.001 0.001 0.000 0.002 0.001 0.002 0.863 0.130 
 559 K X   0.001 0.001 0.000 0.003 0.001 0.002 0.861 0.132 
 560 S X   0.001 0.001 0.000 0.003 0.001 0.002 0.858 0.135 
 561 A X   0.001 0.001 0.000 0.003 0.001 0.002 0.855 0.138 
 562 K X   0.001 0.001 0.000 0.003 0.001 0.002 0.850 0.142 
 563 G X   0.001 0.001 0.000 0.003 0.001 0.002 0.846 0.147 
 564 D X   0.001 0.001 0.000 0.002 0.001 0.002 0.840 0.153 
 565 K X   0.001 0.001 0.000 0.002 0.001 0.002 0.834 0.159 
 566 G X   0.001 0.001 0.000 0.002 0.001 0.002 0.827 0.166 
 567 G X   0.001 0.001 0.000 0.002 0.001 0.002 0.818 0.174 
 568 K X   0.001 0.001 0.000 0.003 0.001 0.003 0.808 0.182 
 569 D X   0.001 0.002 0.000 0.004 0.001 0.003 0.797 0.191 
 570 K X   0.002 0.003 0.000 0.005 0.001 0.004 0.785 0.200 
 571 K X   0.002 0.005 0.000 0.007 0.002 0.005 0.771 0.208 
 572 Q X   0.002 0.007 0.000 0.010 0.002 0.006 0.755 0.216 
 573 I X   0.002 0.010 0.000 0.014 0.003 0.007 0.740 0.224 
 574 Q X   0.003 0.012 0.000 0.017 0.004 0.007 0.726 0.231 
 575 T X   0.003 0.014 0.000 0.020 0.004 0.008 0.713 0.238 
 576 S X   0.003 0.015 0.000 0.021 0.004 0.008 0.702 0.246 
 577 P X   0.003 0.016 0.000 0.021 0.004 0.007 0.693 0.256 
 578 V X   0.003 0.016 0.000 0.020 0.004 0.007 0.685 0.266 
 579 P X   0.003 0.015 0.000 0.017 0.003 0.006 0.678 0.277 
 580 V X   0.003 0.013 0.000 0.014 0.003 0.006 0.672 0.289 
 581 R X   0.003 0.011 0.000 0.011 0.002 0.005 0.666 0.301 
 582 K X   0.003 0.009 0.000 0.008 0.002 0.004 0.660 0.313 
 583 N X   0.002 0.007 0.000 0.006 0.001 0.004 0.654 0.325 
 584 S X   0.002 0.006 0.000 0.005 0.001 0.004 0.647 0.335 
 585 R X   0.002 0.005 0.000 0.004 0.001 0.004 0.639 0.344 
 586 D X   0.002 0.005 0.000 0.004 0.001 0.004 0.631 0.354 
 587 E X   0.002 0.004 0.000 0.004 0.001 0.004 0.620 0.364 
 588 E X   0.002 0.005 0.000 0.005 0.001 0.004 0.609 0.374 
 589 K X   0.002 0.005 0.000 0.005 0.002 0.005 0.596 0.384 
 590 R X   0.003 0.006 0.000 0.006 0.002 0.006 0.582 0.395 
 591 E X   0.003 0.007 0.000 0.007 0.002 0.007 0.566 0.407 
 592 S X   0.003 0.009 0.000 0.008 0.003 0.008 0.549 0.420 
 593 R X   0.003 0.011 0.000 0.009 0.003 0.010 0.531 0.432 
 594 I X   0.004 0.013 0.001 0.010 0.004 0.012 0.513 0.444 
 595 K X   0.005 0.016 0.001 0.011 0.004 0.014 0.494 0.455 
 596 S X   0.006 0.020 0.001 0.012 0.006 0.018 0.474 0.463 
 597 Y _   0.008 0.025 0.001 0.015 0.008 0.022 0.453 0.469 
 598 S _   0.010 0.032 0.001 0.017 0.011 0.027 0.432 0.469 
 599 P _   0.013 0.041 0.001 0.022 0.014 0.032 0.410 0.467 
 600 Y _   0.017 0.051 0.001 0.026 0.018 0.037 0.388 0.461 
 601 A _   0.020 0.062 0.002 0.032 0.022 0.041 0.368 0.453 
 602 F _   0.023 0.072 0.002 0.036 0.025 0.043 0.349 0.449 
 603 K _   0.026 0.079 0.002 0.039 0.027 0.045 0.333 0.449 
 604 F _   0.029 0.083 0.002 0.039 0.027 0.045 0.319 0.456 
 605 F _   0.030 0.084 0.002 0.037 0.027 0.044 0.307 0.469 
 606 M _   0.031 0.083 0.002 0.033 0.025 0.042 0.296 0.488 
 607 E _   0.031 0.080 0.002 0.028 0.023 0.040 0.287 0.510 
 608 Q _   0.032 0.075 0.001 0.023 0.020 0.038 0.278 0.532 
 609 H _   0.032 0.070 0.001 0.019 0.018 0.036 0.271 0.553 
 610 V _   0.032 0.066 0.001 0.017 0.016 0.033 0.264 0.571 
 611 E _   0.031 0.062 0.001 0.016 0.014 0.031 0.258 0.586 
 612 N _   0.031 0.059 0.001 0.016 0.013 0.029 0.253 0.599 
 613 V _   0.030 0.056 0.001 0.016 0.012 0.027 0.248 0.611 
 614 I _   0.028 0.053 0.001 0.016 0.011 0.024 0.244 0.623 
 615 K _   0.025 0.050 0.001 0.016 0.010 0.022 0.239 0.637 
 616 T _   0.023 0.046 0.001 0.015 0.009 0.020 0.235 0.653 
 617 Y _   0.020 0.042 0.001 0.013 0.007 0.018 0.231 0.669 
 618 Q _   0.017 0.037 0.001 0.011 0.006 0.015 0.227 0.685 
 619 Q _   0.014 0.033 0.001 0.009 0.005 0.014 0.223 0.700 
 620 K _   0.012 0.030 0.001 0.008 0.004 0.012 0.219 0.713 
 621 V _   0.011 0.029 0.000 0.007 0.004 0.011 0.215 0.723 
 622 N _   0.010 0.028 0.000 0.007 0.003 0.010 0.211 0.730 
 623 R _   0.009 0.028 0.000 0.007 0.003 0.010 0.207 0.735 
 624 R _   0.009 0.029 0.000 0.008 0.004 0.010 0.202 0.739 
 625 L _   0.008 0.031 0.000 0.009 0.004 0.010 0.197 0.741 
 626 Q _   0.008 0.033 0.001 0.010 0.004 0.010 0.192 0.742 
 627 L _   0.008 0.036 0.001 0.012 0.005 0.010 0.186 0.742 
 628 E _   0.008 0.040 0.001 0.013 0.005 0.011 0.181 0.743 
 629 Q _   0.008 0.043 0.001 0.014 0.005 0.011 0.176 0.743 
 630 E _   0.008 0.046 0.001 0.015 0.005 0.011 0.172 0.744 
 631 M _   0.008 0.048 0.001 0.015 0.005 0.011 0.167 0.745 
 632 A _   0.008 0.050 0.001 0.015 0.005 0.011 0.163 0.747 
 633 K _   0.007 0.052 0.001 0.015 0.005 0.011 0.159 0.750 
 634 A _   0.007 0.053 0.001 0.015 0.005 0.010 0.156 0.753 
 635 G _   0.007 0.053 0.001 0.014 0.005 0.010 0.153 0.757 
 636 L _   0.007 0.054 0.001 0.013 0.005 0.010 0.150 0.760 
 637 C _   0.007 0.054 0.001 0.013 0.004 0.010 0.147 0.763 
 638 E _   0.008 0.054 0.001 0.013 0.004 0.011 0.145 0.766 
 639 A _   0.008 0.054 0.001 0.012 0.004 0.011 0.142 0.767 
 640 E _   0.008 0.055 0.001 0.013 0.005 0.011 0.140 0.768 
 641 Q _   0.009 0.056 0.001 0.014 0.005 0.012 0.138 0.767 
 642 E _   0.009 0.057 0.001 0.016 0.005 0.012 0.136 0.764 
 643 Q _   0.009 0.058 0.001 0.018 0.006 0.013 0.134 0.761 
 644 M _   0.010 0.059 0.001 0.021 0.007 0.013 0.132 0.759 
 645 R _   0.010 0.059 0.001 0.023 0.007 0.013 0.131 0.757 
 646 K _   0.011 0.057 0.001 0.024 0.007 0.013 0.130 0.758 
 647 I _   0.010 0.055 0.001 0.024 0.007 0.012 0.129 0.762 
 648 L _   0.010 0.050 0.001 0.022 0.006 0.011 0.129 0.770 
 649 Y _   0.010 0.043 0.001 0.019 0.005 0.010 0.130 0.782 
 650 Q _   0.009 0.035 0.001 0.016 0.004 0.009 0.130 0.796 
 651 K _   0.008 0.026 0.000 0.012 0.004 0.008 0.131 0.811 
 652 E _   0.007 0.018 0.000 0.009 0.003 0.007 0.131 0.825 
 653 S _   0.006 0.012 0.000 0.007 0.002 0.006 0.131 0.835 
 654 N _   0.006 0.008 0.000 0.006 0.002 0.006 0.130 0.842 
 655 Y _   0.005 0.005 0.000 0.005 0.002 0.006 0.130 0.847 
 656 N _   0.005 0.004 0.000 0.005 0.002 0.006 0.128 0.850 
 657 R _   0.005 0.003 0.000 0.005 0.002 0.006 0.127 0.852 
 658 L _   0.005 0.003 0.000 0.006 0.002 0.007 0.125 0.853 
 659 K _   0.005 0.003 0.000 0.006 0.002 0.007 0.122 0.855 
 660 R _   0.005 0.002 0.000 0.007 0.002 0.008 0.119 0.856 
 661 A _   0.005 0.002 0.000 0.007 0.003 0.009 0.115 0.858 
 662 K _   0.006 0.002 0.000 0.008 0.003 0.010 0.112 0.859 
 663 M _   0.007 0.002 0.000 0.008 0.004 0.012 0.108 0.859 
