#TopoPred_TM8: 8-state transmembrane topology prediction results by no_profile mode 
#probabilities are in the order of H E C I L F X _, the 8 transmembrane topology types used in PDBTM 
   1 M X   0.015 0.002 0.002 0.063 0.010 0.011 0.687 0.210 
   2 A X   0.006 0.001 0.000 0.037 0.002 0.005 0.705 0.243 
   3 G X   0.001 0.001 0.000 0.019 0.001 0.003 0.708 0.266 
   4 P X   0.001 0.001 0.000 0.012 0.001 0.003 0.704 0.279 
   5 G X   0.001 0.002 0.000 0.010 0.001 0.004 0.694 0.288 
   6 W X   0.002 0.005 0.000 0.009 0.001 0.006 0.679 0.297 
   7 G X   0.003 0.009 0.000 0.011 0.002 0.009 0.660 0.306 
   8 P X   0.004 0.020 0.001 0.015 0.004 0.013 0.632 0.313 
   9 P X   0.006 0.040 0.001 0.022 0.006 0.017 0.594 0.315 
  10 R X   0.007 0.078 0.001 0.032 0.010 0.021 0.542 0.308 
  11 L X   0.007 0.135 0.002 0.044 0.015 0.024 0.480 0.293 
  12 D X   0.007 0.204 0.002 0.053 0.018 0.026 0.419 0.271 
  13 G X   0.006 0.268 0.002 0.059 0.019 0.026 0.368 0.251 
  14 F X   0.006 0.318 0.002 0.062 0.018 0.025 0.330 0.239 
  15 I E   0.006 0.352 0.002 0.061 0.018 0.025 0.302 0.234 
  16 L E   0.006 0.373 0.001 0.059 0.017 0.024 0.282 0.237 
  17 T E   0.006 0.386 0.001 0.055 0.016 0.023 0.266 0.246 
  18 E E   0.007 0.391 0.001 0.051 0.015 0.023 0.254 0.259 
  19 R E   0.007 0.392 0.001 0.045 0.015 0.022 0.243 0.275 
  20 L E   0.008 0.388 0.001 0.040 0.014 0.021 0.235 0.293 
  21 G E   0.008 0.381 0.001 0.036 0.013 0.021 0.228 0.312 
  22 S E   0.009 0.371 0.001 0.033 0.012 0.020 0.222 0.332 
  23 G E   0.009 0.360 0.001 0.031 0.012 0.019 0.217 0.351 
  24 T _   0.010 0.346 0.001 0.030 0.011 0.019 0.212 0.370 
  25 Y _   0.010 0.330 0.001 0.030 0.011 0.018 0.209 0.391 
  26 A _   0.011 0.309 0.001 0.030 0.011 0.017 0.206 0.415 
  27 T _   0.011 0.283 0.001 0.029 0.010 0.016 0.204 0.446 
  28 V _   0.011 0.249 0.001 0.027 0.010 0.015 0.202 0.485 
  29 Y _   0.011 0.208 0.001 0.024 0.009 0.015 0.200 0.533 
  30 K _   0.010 0.163 0.001 0.020 0.008 0.014 0.199 0.585 
  31 A _   0.010 0.120 0.001 0.015 0.006 0.012 0.198 0.638 
  32 Y _   0.009 0.086 0.001 0.010 0.005 0.011 0.196 0.681 
  33 A _   0.008 0.065 0.000 0.007 0.003 0.011 0.194 0.711 
  34 K _   0.007 0.053 0.000 0.005 0.003 0.011 0.191 0.729 
  35 K _   0.007 0.048 0.000 0.005 0.003 0.011 0.187 0.738 
  36 D _   0.008 0.047 0.000 0.005 0.003 0.012 0.183 0.741 
  37 T _   0.009 0.049 0.000 0.008 0.004 0.014 0.178 0.737 
  38 R _   0.011 0.054 0.001 0.012 0.006 0.017 0.172 0.727 
  39 E _   0.012 0.063 0.001 0.019 0.009 0.020 0.166 0.711 
  40 V _   0.014 0.073 0.001 0.028 0.012 0.022 0.159 0.692 
  41 V _   0.015 0.082 0.001 0.037 0.014 0.024 0.153 0.675 
  42 A _   0.015 0.087 0.001 0.044 0.016 0.025 0.148 0.664 
  43 I _   0.016 0.089 0.001 0.047 0.016 0.024 0.144 0.662 
  44 K _   0.015 0.088 0.001 0.046 0.016 0.024 0.141 0.669 
  45 C _   0.015 0.082 0.001 0.042 0.014 0.022 0.138 0.685 
  46 V _   0.015 0.071 0.001 0.035 0.012 0.020 0.137 0.709 
  47 A _   0.014 0.055 0.001 0.026 0.010 0.019 0.136 0.740 
  48 K _   0.013 0.037 0.001 0.018 0.008 0.017 0.135 0.772 
  49 K _   0.013 0.022 0.001 0.011 0.006 0.016 0.134 0.799 
  50 S _   0.013 0.011 0.001 0.007 0.004 0.015 0.132 0.818 
  51 L _   0.013 0.005 0.000 0.005 0.003 0.015 0.131 0.828 
  52 N _   0.014 0.003 0.000 0.003 0.003 0.015 0.129 0.832 
  53 K _   0.017 0.002 0.000 0.003 0.003 0.017 0.127 0.830 
  54 A _   0.022 0.002 0.000 0.004 0.004 0.020 0.124 0.823 
  55 S _   0.030 0.002 0.001 0.005 0.006 0.025 0.121 0.811 
  56 V _   0.039 0.003 0.001 0.007 0.010 0.030 0.118 0.793 
  57 E _   0.050 0.005 0.001 0.010 0.014 0.036 0.115 0.769 
  58 N _   0.061 0.008 0.001 0.014 0.020 0.041 0.111 0.744 
  59 L _   0.071 0.011 0.002 0.019 0.025 0.046 0.108 0.719 
  60 L _   0.079 0.014 0.002 0.023 0.030 0.049 0.105 0.698 
  61 T _   0.086 0.016 0.002 0.026 0.033 0.051 0.103 0.683 
  62 E _   0.090 0.018 0.002 0.028 0.033 0.051 0.102 0.677 
  63 I _   0.090 0.018 0.002 0.028 0.032 0.049 0.101 0.680 
  64 E _   0.089 0.017 0.002 0.025 0.029 0.047 0.100 0.690 
  65 I _   0.086 0.016 0.002 0.022 0.025 0.043 0.100 0.707 
  66 L _   0.080 0.014 0.001 0.018 0.021 0.040 0.100 0.726 
  67 K _   0.072 0.011 0.001 0.014 0.017 0.036 0.101 0.748 
  68 G _   0.063 0.009 0.001 0.012 0.014 0.032 0.101 0.768 
  69 I _   0.055 0.007 0.001 0.010 0.011 0.029 0.101 0.785 
  70 R _   0.046 0.007 0.001 0.009 0.009 0.027 0.102 0.799 
  71 H _   0.039 0.006 0.001 0.010 0.009 0.024 0.102 0.809 
  72 P _   0.034 0.006 0.001 0.011 0.008 0.023 0.102 0.816 
  73 H _   0.029 0.007 0.001 0.013 0.008 0.021 0.102 0.820 
  74 I _   0.025 0.007 0.001 0.015 0.008 0.019 0.102 0.823 
  75 V _   0.021 0.007 0.001 0.016 0.007 0.018 0.103 0.828 
  76 Q _   0.018 0.007 0.001 0.016 0.007 0.016 0.103 0.834 
  77 L _   0.015 0.006 0.001 0.014 0.006 0.014 0.103 0.841 
  78 K _   0.013 0.005 0.001 0.012 0.005 0.012 0.103 0.850 
  79 D _   0.011 0.003 0.000 0.009 0.004 0.010 0.103 0.859 
  80 F _   0.009 0.002 0.000 0.006 0.003 0.009 0.103 0.867 
  81 Q _   0.008 0.001 0.000 0.004 0.002 0.009 0.103 0.873 
  82 W _   0.008 0.001 0.000 0.003 0.002 0.009 0.101 0.876 
  83 D _   0.010 0.001 0.000 0.002 0.002 0.010 0.100 0.875 
  84 S _   0.013 0.001 0.000 0.002 0.002 0.013 0.099 0.870 
  85 D _   0.018 0.001 0.000 0.003 0.004 0.018 0.096 0.858 
  86 N _   0.027 0.004 0.001 0.006 0.008 0.026 0.094 0.836 
  87 I _   0.039 0.011 0.001 0.011 0.015 0.035 0.090 0.799 
  88 Y _   0.051 0.025 0.002 0.020 0.024 0.044 0.086 0.749 
  89 L _   0.061 0.044 0.002 0.033 0.033 0.052 0.082 0.694 
  90 I _   0.067 0.060 0.002 0.045 0.040 0.056 0.078 0.651 
  91 M _   0.070 0.071 0.002 0.054 0.044 0.058 0.076 0.625 
  92 E _   0.070 0.075 0.002 0.058 0.044 0.057 0.074 0.618 
  93 F _   0.068 0.075 0.002 0.056 0.042 0.055 0.073 0.629 
  94 C _   0.064 0.070 0.002 0.049 0.037 0.051 0.073 0.653 
  95 A _   0.059 0.061 0.002 0.039 0.031 0.046 0.073 0.689 
  96 G _   0.053 0.047 0.002 0.029 0.024 0.041 0.073 0.731 
  97 G _   0.047 0.032 0.001 0.020 0.018 0.037 0.073 0.773 
  98 D _   0.042 0.019 0.001 0.013 0.013 0.032 0.073 0.806 
  99 L _   0.038 0.011 0.001 0.009 0.009 0.029 0.073 0.830 
 100 S _   0.035 0.006 0.001 0.007 0.007 0.026 0.073 0.845 
 101 R _   0.034 0.003 0.001 0.006 0.006 0.025 0.072 0.854 
 102 F _   0.033 0.002 0.001 0.005 0.006 0.024 0.072 0.858 
 103 I _   0.034 0.001 0.001 0.005 0.006 0.024 0.071 0.858 
 104 H _   0.037 0.001 0.001 0.005 0.006 0.025 0.070 0.856 
 105 T _   0.041 0.001 0.001 0.005 0.006 0.026 0.069 0.851 
 106 R _   0.048 0.001 0.001 0.005 0.007 0.027 0.068 0.843 
 107 R _   0.056 0.000 0.001 0.005 0.008 0.030 0.067 0.834 
 108 I _   0.066 0.000 0.001 0.005 0.009 0.033 0.065 0.821 
 109 L _   0.078 0.000 0.001 0.005 0.010 0.036 0.064 0.805 
 110 P _   0.093 0.000 0.001 0.005 0.012 0.040 0.063 0.785 
 111 E _   0.112 0.001 0.001 0.005 0.015 0.045 0.062 0.760 
 112 K _   0.131 0.001 0.001 0.005 0.019 0.050 0.060 0.732 
 113 V _   0.151 0.002 0.001 0.006 0.024 0.055 0.060 0.701 
 114 A _   0.169 0.003 0.002 0.008 0.029 0.059 0.059 0.671 
 115 R _   0.183 0.005 0.002 0.010 0.035 0.062 0.059 0.645 
 116 V _   0.192 0.008 0.002 0.013 0.039 0.064 0.059 0.624 
 117 F _   0.195 0.010 0.002 0.016 0.041 0.064 0.059 0.612 
 118 M _   0.194 0.013 0.002 0.017 0.042 0.063 0.060 0.609 
 119 Q _   0.187 0.014 0.002 0.019 0.041 0.061 0.061 0.615 
 120 Q _   0.177 0.016 0.002 0.019 0.039 0.058 0.062 0.627 
 121 L _   0.163 0.016 0.002 0.020 0.035 0.054 0.064 0.645 
 122 A _   0.148 0.017 0.002 0.020 0.031 0.049 0.066 0.667 
 123 S _   0.132 0.017 0.002 0.020 0.027 0.045 0.068 0.691 
 124 A _   0.115 0.016 0.002 0.020 0.023 0.040 0.071 0.715 
 125 L _   0.097 0.015 0.001 0.020 0.019 0.035 0.073 0.740 
 126 Q _   0.080 0.014 0.001 0.019 0.015 0.030 0.076 0.764 
 127 F _   0.064 0.013 0.001 0.018 0.012 0.025 0.079 0.787 
 128 L _   0.050 0.011 0.001 0.016 0.009 0.021 0.082 0.810 
 129 H _   0.039 0.008 0.001 0.013 0.007 0.017 0.085 0.830 
 130 E _   0.029 0.006 0.001 0.011 0.005 0.014 0.087 0.848 
 131 R _   0.022 0.005 0.000 0.008 0.004 0.011 0.089 0.862 
 132 N _   0.016 0.003 0.000 0.006 0.003 0.009 0.090 0.872 
 133 I _   0.013 0.002 0.000 0.005 0.002 0.008 0.091 0.879 
 134 S _   0.010 0.002 0.000 0.004 0.002 0.007 0.091 0.884 
 135 H _   0.009 0.002 0.000 0.003 0.002 0.006 0.091 0.887 
 136 L _   0.008 0.002 0.000 0.004 0.002 0.007 0.091 0.887 
 137 D _   0.008 0.003 0.000 0.004 0.002 0.007 0.090 0.886 
 138 L _   0.008 0.005 0.000 0.005 0.003 0.008 0.089 0.882 
 139 K _   0.008 0.008 0.000 0.008 0.003 0.009 0.088 0.876 
 140 P _   0.009 0.012 0.001 0.011 0.004 0.011 0.087 0.866 
 141 Q _   0.009 0.019 0.001 0.014 0.005 0.012 0.085 0.856 
 142 N _   0.009 0.025 0.001 0.018 0.006 0.013 0.083 0.846 
 143 I _   0.009 0.031 0.001 0.020 0.006 0.013 0.082 0.838 
 144 L _   0.009 0.035 0.001 0.021 0.007 0.013 0.080 0.834 
 145 L _   0.009 0.038 0.001 0.021 0.006 0.013 0.079 0.833 
 146 S _   0.008 0.039 0.001 0.019 0.006 0.013 0.078 0.836 
 147 S _   0.008 0.040 0.001 0.016 0.005 0.012 0.077 0.841 
 148 L _   0.008 0.040 0.001 0.013 0.004 0.011 0.076 0.847 
 149 E _   0.007 0.040 0.000 0.011 0.004 0.011 0.075 0.851 
 150 K _   0.007 0.040 0.000 0.010 0.004 0.011 0.074 0.853 
 151 P _   0.008 0.042 0.000 0.009 0.004 0.012 0.073 0.852 
 152 H _   0.008 0.046 0.001 0.010 0.004 0.013 0.072 0.846 
 153 L _   0.009 0.052 0.001 0.013 0.006 0.014 0.070 0.835 
 154 K _   0.010 0.060 0.001 0.018 0.007 0.016 0.068 0.819 
 155 L _   0.011 0.071 0.001 0.024 0.009 0.017 0.066 0.800 
 156 A _   0.012 0.080 0.001 0.031 0.011 0.019 0.065 0.781 
 157 D _   0.013 0.087 0.001 0.037 0.012 0.019 0.064 0.767 
 158 F _   0.013 0.091 0.001 0.041 0.012 0.019 0.063 0.759 
 159 G _   0.013 0.091 0.001 0.042 0.012 0.018 0.063 0.759 
 160 F _   0.013 0.088 0.001 0.040 0.011 0.017 0.063 0.766 
 161 A _   0.013 0.081 0.001 0.035 0.010 0.016 0.064 0.781 
 162 Q _   0.012 0.069 0.001 0.028 0.008 0.014 0.065 0.803 
 163 H _   0.012 0.054 0.001 0.021 0.006 0.012 0.066 0.829 
 164 M _   0.010 0.038 0.001 0.014 0.005 0.010 0.067 0.855 
 165 S _   0.009 0.025 0.000 0.009 0.003 0.009 0.068 0.876 
 166 P _   0.008 0.016 0.000 0.006 0.003 0.008 0.068 0.891 
 167 W _   0.007 0.011 0.000 0.005 0.002 0.007 0.068 0.900 
 168 D _   0.007 0.009 0.000 0.004 0.002 0.007 0.067 0.904 
 169 E _   0.007 0.008 0.000 0.004 0.002 0.007 0.067 0.905 
 170 K _   0.007 0.009 0.000 0.004 0.002 0.008 0.065 0.905 
 171 H _   0.007 0.010 0.000 0.005 0.003 0.010 0.063 0.901 
 172 V _   0.008 0.013 0.000 0.007 0.003 0.011 0.061 0.895 
 173 L _   0.009 0.018 0.001 0.010 0.004 0.014 0.059 0.886 
 174 R _   0.010 0.024 0.001 0.013 0.006 0.016 0.056 0.874 
 175 G _   0.011 0.031 0.001 0.017 0.008 0.019 0.053 0.861 
 176 S _   0.013 0.039 0.001 0.021 0.010 0.021 0.049 0.846 
 177 P _   0.014 0.046 0.001 0.026 0.012 0.023 0.047 0.831 
 178 L _   0.015 0.052 0.001 0.030 0.014 0.025 0.044 0.818 
 179 Y _   0.017 0.057 0.001 0.034 0.015 0.027 0.041 0.807 
 180 M _   0.018 0.060 0.001 0.037 0.017 0.028 0.039 0.800 
 181 A _   0.020 0.061 0.001 0.039 0.017 0.028 0.038 0.797 
 182 P _   0.021 0.060 0.001 0.038 0.016 0.027 0.036 0.800 
 183 E _   0.022 0.056 0.001 0.036 0.015 0.026 0.035 0.809 
 184 M _   0.024 0.049 0.001 0.031 0.013 0.024 0.034 0.824 
 185 V _   0.026 0.040 0.001 0.025 0.011 0.022 0.033 0.842 
 186 C _   0.030 0.028 0.001 0.018 0.009 0.020 0.032 0.862 
 187 Q _   0.035 0.016 0.001 0.012 0.007 0.018 0.031 0.879 
 188 R _   0.043 0.008 0.001 0.008 0.006 0.016 0.030 0.889 
 189 Q _   0.055 0.003 0.001 0.004 0.005 0.015 0.028 0.889 
 190 Y _   0.074 0.001 0.000 0.003 0.004 0.015 0.027 0.877 
 191 D _   0.104 0.000 0.001 0.002 0.004 0.015 0.025 0.849 
 192 A _   0.152 0.000 0.001 0.002 0.005 0.017 0.022 0.802 
 193 R _   0.224 0.000 0.001 0.001 0.007 0.019 0.020 0.728 
 194 V _   0.315 0.000 0.001 0.001 0.010 0.022 0.017 0.633 
 195 D _   0.417 0.000 0.001 0.002 0.015 0.025 0.015 0.526 
 196 L H   0.517 0.000 0.001 0.002 0.020 0.027 0.013 0.419 
 197 W H   0.600 0.000 0.002 0.002 0.026 0.029 0.012 0.329 
 198 S H   0.663 0.000 0.002 0.002 0.031 0.030 0.011 0.261 
 199 M H   0.705 0.000 0.002 0.003 0.035 0.029 0.010 0.215 
 200 G H   0.729 0.000 0.002 0.003 0.037 0.029 0.011 0.189 
 201 V H   0.739 0.001 0.002 0.004 0.038 0.027 0.011 0.178 
 202 I H   0.732 0.001 0.002 0.005 0.039 0.026 0.012 0.183 
 203 L H   0.709 0.001 0.002 0.006 0.038 0.025 0.014 0.206 
 204 Y H   0.668 0.001 0.002 0.006 0.035 0.024 0.016 0.247 
 205 E H   0.607 0.001 0.002 0.006 0.031 0.023 0.019 0.311 
 206 A H   0.526 0.001 0.002 0.007 0.026 0.022 0.023 0.394 
 207 L _   0.430 0.001 0.002 0.006 0.020 0.020 0.027 0.495 
 208 F _   0.329 0.000 0.001 0.006 0.014 0.017 0.032 0.600 
 209 G _   0.236 0.000 0.001 0.005 0.009 0.015 0.037 0.696 
 210 Q _   0.161 0.000 0.001 0.004 0.006 0.013 0.041 0.773 
 211 P _   0.106 0.000 0.001 0.004 0.004 0.011 0.044 0.829 
 212 P _   0.069 0.000 0.000 0.004 0.003 0.010 0.047 0.867 
 213 F _   0.045 0.000 0.000 0.003 0.003 0.009 0.048 0.891 
 214 A _   0.030 0.001 0.000 0.004 0.003 0.009 0.050 0.905 
 215 S _   0.021 0.001 0.000 0.004 0.003 0.009 0.050 0.912 
 216 R _   0.016 0.002 0.000 0.005 0.003 0.009 0.051 0.913 
 217 S _   0.013 0.004 0.000 0.007 0.003 0.010 0.051 0.912 
 218 F _   0.011 0.006 0.000 0.009 0.004 0.011 0.051 0.908 
 219 S _   0.010 0.009 0.001 0.011 0.004 0.011 0.051 0.902 
 220 E _   0.010 0.013 0.001 0.013 0.005 0.012 0.051 0.897 
 221 L _   0.009 0.016 0.001 0.014 0.005 0.012 0.051 0.892 
 222 E _   0.010 0.019 0.001 0.014 0.005 0.013 0.051 0.888 
 223 E _   0.010 0.022 0.001 0.013 0.005 0.013 0.051 0.885 
 224 K _   0.010 0.024 0.001 0.013 0.006 0.014 0.051 0.883 
 225 I _   0.010 0.027 0.001 0.013 0.006 0.014 0.050 0.879 
 226 R _   0.011 0.030 0.001 0.013 0.006 0.015 0.050 0.874 
 227 S _   0.012 0.033 0.001 0.014 0.007 0.016 0.050 0.867 
 228 N _   0.014 0.038 0.001 0.016 0.008 0.018 0.050 0.856 
 229 R _   0.015 0.044 0.001 0.018 0.009 0.019 0.050 0.844 
 230 V _   0.016 0.050 0.001 0.022 0.010 0.020 0.051 0.830 
 231 I _   0.017 0.055 0.001 0.026 0.011 0.021 0.051 0.818 
 232 E _   0.018 0.060 0.001 0.029 0.012 0.021 0.052 0.809 
 233 L _   0.017 0.062 0.001 0.030 0.012 0.020 0.052 0.806 
 234 P _   0.017 0.062 0.001 0.029 0.011 0.019 0.054 0.808 
 235 L _   0.015 0.060 0.001 0.027 0.010 0.017 0.055 0.816 
 236 R _   0.014 0.056 0.001 0.023 0.008 0.016 0.056 0.827 
 237 P _   0.013 0.050 0.001 0.018 0.007 0.014 0.058 0.840 
 238 L _   0.011 0.044 0.001 0.014 0.005 0.012 0.059 0.853 
 239 L _   0.010 0.038 0.001 0.010 0.004 0.011 0.061 0.865 
 240 S _   0.009 0.034 0.000 0.008 0.003 0.010 0.062 0.873 
 241 R _   0.009 0.031 0.000 0.007 0.003 0.009 0.063 0.878 
 242 D _   0.008 0.030 0.000 0.007 0.003 0.009 0.064 0.879 
 243 C _   0.008 0.030 0.000 0.008 0.003 0.010 0.064 0.876 
 244 R _   0.008 0.032 0.000 0.010 0.004 0.010 0.065 0.871 
 245 D _   0.009 0.034 0.001 0.012 0.004 0.011 0.065 0.863 
 246 L _   0.009 0.037 0.001 0.015 0.005 0.012 0.065 0.855 
 247 L _   0.009 0.040 0.001 0.018 0.006 0.012 0.066 0.848 
 248 Q _   0.009 0.042 0.001 0.019 0.006 0.012 0.066 0.845 
 249 R _   0.009 0.042 0.001 0.019 0.006 0.012 0.067 0.845 
 250 L _   0.009 0.041 0.001 0.017 0.005 0.011 0.068 0.848 
 251 L _   0.008 0.039 0.001 0.014 0.005 0.011 0.068 0.854 
 252 E _   0.008 0.037 0.000 0.011 0.004 0.010 0.069 0.861 
 253 R _   0.008 0.035 0.000 0.009 0.003 0.010 0.070 0.866 
 254 D _   0.008 0.034 0.000 0.007 0.003 0.010 0.070 0.868 
 255 P _   0.008 0.034 0.000 0.006 0.003 0.011 0.070 0.868 
 256 S _   0.009 0.036 0.000 0.007 0.003 0.012 0.070 0.863 
 257 R _   0.010 0.040 0.001 0.009 0.004 0.013 0.070 0.852 
 258 R _   0.011 0.048 0.001 0.012 0.006 0.015 0.070 0.837 
 259 I _   0.012 0.060 0.001 0.017 0.008 0.017 0.069 0.816 
 260 S _   0.012 0.073 0.001 0.023 0.010 0.019 0.068 0.794 
 261 F _   0.012 0.085 0.001 0.030 0.011 0.020 0.068 0.773 
 262 Q _   0.012 0.095 0.001 0.035 0.012 0.020 0.067 0.757 
 263 D _   0.012 0.101 0.001 0.038 0.013 0.020 0.067 0.746 
 264 F _   0.012 0.104 0.001 0.040 0.013 0.020 0.068 0.742 
 265 F _   0.012 0.103 0.001 0.039 0.013 0.019 0.069 0.743 
 266 A _   0.011 0.100 0.001 0.037 0.012 0.018 0.070 0.750 
 267 H _   0.011 0.094 0.001 0.034 0.011 0.017 0.072 0.760 
 268 P _   0.011 0.084 0.001 0.030 0.010 0.015 0.075 0.774 
 269 W _   0.010 0.072 0.001 0.025 0.008 0.014 0.078 0.791 
 270 V _   0.010 0.059 0.001 0.021 0.007 0.013 0.081 0.809 
 271 D _   0.010 0.044 0.001 0.016 0.006 0.012 0.084 0.828 
 272 L _   0.009 0.031 0.001 0.013 0.005 0.011 0.087 0.845 
 273 E _   0.009 0.020 0.001 0.009 0.004 0.010 0.089 0.859 
 274 H _   0.008 0.012 0.000 0.006 0.003 0.010 0.091 0.869 
 275 M _   0.008 0.007 0.000 0.005 0.002 0.010 0.092 0.875 
 276 P _   0.009 0.005 0.000 0.003 0.002 0.011 0.093 0.877 
 277 S _   0.012 0.003 0.000 0.003 0.002 0.013 0.093 0.874 
 278 G _   0.016 0.003 0.000 0.003 0.003 0.017 0.093 0.865 
 279 E _   0.024 0.005 0.000 0.004 0.005 0.022 0.092 0.847 
 280 S _   0.035 0.009 0.001 0.006 0.010 0.030 0.091 0.817 
 281 L _   0.049 0.022 0.001 0.011 0.018 0.040 0.090 0.769 
 282 G _   0.062 0.051 0.002 0.021 0.029 0.049 0.088 0.698 
 283 R _   0.072 0.097 0.003 0.035 0.040 0.056 0.085 0.611 
 284 A _   0.077 0.144 0.003 0.051 0.047 0.058 0.084 0.536 
 285 T _   0.078 0.179 0.003 0.066 0.048 0.057 0.084 0.484 
 286 A _   0.076 0.197 0.003 0.077 0.047 0.055 0.085 0.460 
 287 L _   0.073 0.204 0.002 0.082 0.044 0.051 0.087 0.458 
 288 V _   0.066 0.203 0.002 0.080 0.039 0.045 0.090 0.475 
 289 V _   0.059 0.191 0.002 0.071 0.032 0.039 0.094 0.512 
 290 Q _   0.049 0.166 0.002 0.057 0.025 0.033 0.099 0.569 
 291 A _   0.040 0.124 0.002 0.041 0.018 0.026 0.105 0.644 
 292 V _   0.031 0.074 0.001 0.025 0.011 0.020 0.110 0.726 
 293 K _   0.024 0.035 0.001 0.013 0.006 0.015 0.115 0.791 
 294 K _   0.017 0.013 0.000 0.006 0.003 0.012 0.118 0.831 
 295 D _   0.012 0.004 0.000 0.003 0.002 0.009 0.119 0.851 
 296 Q _   0.009 0.001 0.000 0.002 0.001 0.008 0.119 0.859 
 297 E _   0.009 0.000 0.000 0.001 0.001 0.009 0.119 0.861 
 298 G _   0.011 0.000 0.000 0.001 0.002 0.011 0.118 0.857 
 299 D _   0.016 0.000 0.000 0.002 0.002 0.016 0.116 0.847 
 300 S _   0.024 0.001 0.000 0.004 0.004 0.023 0.114 0.829 
 301 A _   0.036 0.003 0.001 0.008 0.009 0.032 0.111 0.801 
 302 A _   0.051 0.006 0.001 0.013 0.015 0.042 0.107 0.764 
 303 A _   0.067 0.011 0.001 0.019 0.023 0.052 0.104 0.724 
 304 L _   0.082 0.015 0.002 0.024 0.030 0.060 0.100 0.687 
 305 S _   0.098 0.018 0.002 0.027 0.037 0.065 0.097 0.656 
 306 L _   0.113 0.019 0.002 0.028 0.043 0.069 0.094 0.632 
 307 Y _   0.127 0.020 0.002 0.026 0.047 0.071 0.092 0.614 
 308 C _   0.142 0.020 0.002 0.022 0.049 0.071 0.091 0.603 
 309 K _   0.153 0.019 0.002 0.019 0.049 0.070 0.091 0.597 
 310 A _   0.160 0.017 0.002 0.017 0.047 0.067 0.091 0.599 
 311 L _   0.163 0.016 0.002 0.016 0.044 0.063 0.092 0.604 
 312 D _   0.163 0.015 0.002 0.016 0.040 0.059 0.093 0.613 
 313 F _   0.158 0.014 0.002 0.016 0.035 0.053 0.095 0.626 
 314 F _   0.149 0.013 0.002 0.017 0.030 0.048 0.098 0.644 
 315 V _   0.135 0.012 0.002 0.017 0.025 0.042 0.101 0.666 
 316 P _   0.118 0.011 0.002 0.017 0.020 0.037 0.104 0.692 
 317 A _   0.099 0.009 0.001 0.016 0.016 0.031 0.107 0.721 
 318 L _   0.080 0.007 0.001 0.014 0.012 0.026 0.110 0.751 
 319 H _   0.062 0.005 0.001 0.011 0.009 0.021 0.113 0.779 
 320 Y _   0.046 0.003 0.001 0.008 0.006 0.017 0.116 0.803 
 321 E _   0.034 0.002 0.001 0.006 0.004 0.013 0.118 0.822 
 322 V _   0.024 0.001 0.000 0.005 0.003 0.011 0.119 0.836 
 323 D _   0.017 0.001 0.000 0.004 0.002 0.009 0.120 0.846 
 324 A _   0.013 0.001 0.000 0.004 0.002 0.008 0.120 0.852 
 325 Q _   0.011 0.001 0.000 0.003 0.002 0.008 0.120 0.855 
 326 R _   0.009 0.001 0.000 0.004 0.002 0.008 0.120 0.856 
 327 K _   0.008 0.002 0.000 0.005 0.002 0.008 0.119 0.855 
 328 E _   0.008 0.003 0.000 0.006 0.003 0.009 0.118 0.852 
 329 A _   0.009 0.006 0.000 0.007 0.004 0.011 0.116 0.847 
 330 I _   0.009 0.009 0.001 0.009 0.004 0.012 0.115 0.841 
 331 K _   0.010 0.012 0.001 0.011 0.005 0.013 0.113 0.834 
 332 A _   0.010 0.016 0.001 0.013 0.006 0.015 0.112 0.827 
 333 K _   0.011 0.020 0.001 0.014 0.007 0.016 0.111 0.820 
 334 V _   0.012 0.024 0.001 0.015 0.008 0.018 0.109 0.813 
 335 G _   0.013 0.027 0.001 0.016 0.008 0.019 0.108 0.807 
 336 Q _   0.014 0.030 0.001 0.017 0.009 0.021 0.107 0.801 
 337 Y _   0.016 0.033 0.001 0.017 0.010 0.023 0.106 0.794 
 338 V _   0.017 0.036 0.001 0.018 0.011 0.024 0.106 0.786 
 339 S _   0.019 0.039 0.001 0.019 0.012 0.025 0.105 0.778 
 340 R _   0.021 0.042 0.001 0.021 0.013 0.026 0.105 0.770 
 341 A _   0.022 0.044 0.001 0.023 0.014 0.027 0.105 0.763 
 342 E _   0.023 0.045 0.001 0.024 0.015 0.027 0.106 0.759 
 343 E _   0.024 0.045 0.001 0.024 0.014 0.026 0.107 0.758 
 344 L _   0.024 0.044 0.001 0.023 0.013 0.025 0.108 0.761 
 345 K _   0.023 0.042 0.001 0.020 0.012 0.024 0.110 0.768 
 346 A _   0.022 0.039 0.001 0.017 0.010 0.022 0.111 0.776 
 347 I _   0.021 0.035 0.001 0.015 0.009 0.021 0.113 0.785 
 348 V _   0.020 0.032 0.001 0.012 0.008 0.020 0.115 0.793 
 349 S _   0.019 0.029 0.001 0.011 0.007 0.019 0.117 0.799 
 350 S _   0.018 0.027 0.001 0.010 0.007 0.018 0.118 0.801 
 351 S _   0.018 0.025 0.001 0.010 0.007 0.018 0.120 0.801 
 352 N _   0.018 0.025 0.001 0.011 0.007 0.018 0.122 0.799 
 353 Q _   0.018 0.025 0.001 0.012 0.007 0.018 0.124 0.795 
 354 A _   0.018 0.025 0.001 0.014 0.008 0.017 0.126 0.792 
 355 L _   0.018 0.024 0.001 0.015 0.008 0.017 0.128 0.790 
 356 L _   0.017 0.024 0.001 0.015 0.007 0.016 0.130 0.790 
 357 R _   0.016 0.023 0.001 0.015 0.007 0.016 0.132 0.791 
 358 Q _   0.015 0.022 0.001 0.014 0.006 0.015 0.135 0.793 
 359 G _   0.013 0.020 0.001 0.013 0.006 0.014 0.137 0.795 
 360 T _   0.013 0.019 0.001 0.013 0.006 0.013 0.140 0.797 
 361 S _   0.012 0.018 0.001 0.013 0.006 0.013 0.142 0.796 
 362 A _   0.012 0.017 0.001 0.013 0.006 0.013 0.145 0.794 
 363 R _   0.012 0.016 0.001 0.014 0.006 0.013 0.148 0.792 
 364 D _   0.012 0.014 0.001 0.014 0.006 0.012 0.151 0.790 
 365 L _   0.011 0.013 0.001 0.014 0.005 0.012 0.155 0.789 
 366 L _   0.011 0.011 0.001 0.014 0.005 0.011 0.158 0.790 
 367 R _   0.010 0.009 0.001 0.012 0.004 0.010 0.161 0.793 
 368 E _   0.010 0.006 0.000 0.009 0.003 0.010 0.165 0.797 
 369 M _   0.010 0.004 0.000 0.006 0.003 0.009 0.167 0.801 
 370 A _   0.010 0.002 0.000 0.004 0.002 0.009 0.169 0.803 
 371 R _   0.010 0.001 0.000 0.003 0.002 0.010 0.171 0.803 
 372 D _   0.013 0.001 0.000 0.002 0.002 0.011 0.172 0.799 
 373 K _   0.017 0.001 0.000 0.002 0.003 0.015 0.172 0.791 
 374 P _   0.025 0.001 0.000 0.002 0.004 0.020 0.173 0.774 
 375 R _   0.036 0.004 0.001 0.004 0.008 0.027 0.173 0.747 
 376 L _   0.050 0.011 0.001 0.008 0.015 0.036 0.173 0.705 
 377 L _   0.063 0.031 0.002 0.016 0.025 0.045 0.172 0.647 
 378 A _   0.072 0.062 0.002 0.027 0.034 0.051 0.172 0.580 
 379 A _   0.077 0.094 0.003 0.039 0.039 0.053 0.173 0.522 
 380 L _   0.079 0.117 0.002 0.049 0.042 0.053 0.175 0.483 
 381 E _   0.077 0.131 0.002 0.056 0.042 0.052 0.178 0.463 
 382 V _   0.074 0.137 0.002 0.058 0.040 0.048 0.182 0.459 
 383 A _   0.070 0.137 0.002 0.056 0.036 0.044 0.187 0.467 
 384 S _   0.063 0.132 0.002 0.051 0.031 0.039 0.194 0.487 
 385 A _   0.056 0.121 0.002 0.044 0.026 0.034 0.202 0.515 
 386 A _   0.048 0.103 0.002 0.036 0.020 0.029 0.212 0.550 
 387 M _   0.041 0.083 0.001 0.028 0.015 0.025 0.222 0.587 
 388 A _   0.034 0.061 0.001 0.021 0.010 0.020 0.232 0.622 
 389 K _   0.027 0.041 0.001 0.015 0.007 0.016 0.241 0.651 
 390 E _   0.021 0.026 0.001 0.011 0.005 0.013 0.249 0.674 
 391 E _   0.016 0.016 0.000 0.008 0.003 0.011 0.256 0.690 
 392 A _   0.013 0.009 0.000 0.006 0.002 0.009 0.260 0.700 
 393 A _   0.010 0.006 0.000 0.004 0.002 0.007 0.264 0.707 
 394 G _   0.008 0.003 0.000 0.003 0.002 0.007 0.267 0.710 
 395 G _   0.007 0.002 0.000 0.003 0.001 0.006 0.269 0.712 
 396 E _   0.006 0.002 0.000 0.003 0.001 0.007 0.270 0.711 
 397 Q _   0.006 0.002 0.000 0.003 0.001 0.007 0.270 0.710 
 398 D _   0.007 0.002 0.000 0.003 0.002 0.009 0.270 0.708 
 399 A _   0.009 0.002 0.000 0.003 0.002 0.011 0.269 0.703 
 400 L _   0.012 0.004 0.000 0.004 0.003 0.015 0.268 0.695 
 401 D _   0.017 0.006 0.000 0.005 0.005 0.020 0.266 0.681 
 402 L _   0.023 0.012 0.001 0.007 0.008 0.026 0.263 0.660 
 403 Y _   0.031 0.024 0.001 0.011 0.014 0.033 0.259 0.627 
 404 Q _   0.039 0.046 0.002 0.016 0.022 0.040 0.255 0.580 
 405 H _   0.047 0.077 0.002 0.024 0.030 0.046 0.250 0.522 
 406 S _   0.053 0.114 0.002 0.034 0.038 0.049 0.247 0.463 
 407 L _   0.057 0.147 0.003 0.046 0.042 0.050 0.245 0.411 
 408 G _   0.059 0.171 0.002 0.056 0.043 0.049 0.244 0.376 
 409 E _   0.059 0.184 0.002 0.063 0.041 0.046 0.246 0.359 
 410 L _   0.057 0.188 0.002 0.066 0.038 0.043 0.249 0.358 
 411 L _   0.053 0.185 0.002 0.064 0.033 0.038 0.254 0.370 
 412 L _   0.048 0.173 0.002 0.056 0.028 0.033 0.261 0.399 
 413 L _   0.042 0.149 0.002 0.045 0.022 0.028 0.270 0.443 
 414 L _   0.035 0.111 0.002 0.032 0.015 0.022 0.280 0.502 
 415 A _   0.028 0.068 0.001 0.020 0.010 0.018 0.290 0.565 
 416 A _   0.021 0.034 0.001 0.011 0.006 0.014 0.298 0.615 
 417 E _   0.015 0.016 0.000 0.005 0.003 0.010 0.304 0.646 
 418 P _   0.011 0.008 0.000 0.003 0.002 0.008 0.307 0.661 
 419 P _   0.008 0.006 0.000 0.002 0.001 0.008 0.309 0.666 
 420 G _   0.007 0.005 0.000 0.002 0.001 0.008 0.310 0.667 
 421 R _   0.007 0.006 0.000 0.002 0.002 0.009 0.310 0.663 
 422 R _   0.009 0.009 0.000 0.004 0.003 0.011 0.310 0.654 
 423 R _   0.010 0.017 0.000 0.007 0.004 0.014 0.308 0.639 
 424 E _   0.012 0.032 0.001 0.011 0.007 0.018 0.306 0.614 
 425 L _   0.013 0.056 0.001 0.016 0.009 0.021 0.303 0.580 
 426 L _   0.013 0.085 0.001 0.022 0.012 0.023 0.300 0.543 
 427 H _   0.014 0.113 0.001 0.026 0.014 0.024 0.298 0.509 
 428 T _   0.015 0.137 0.001 0.030 0.016 0.025 0.296 0.480 
 429 E _   0.015 0.155 0.001 0.033 0.017 0.026 0.295 0.457 
 430 V _   0.015 0.167 0.001 0.035 0.017 0.026 0.296 0.442 
 431 Q _   0.016 0.175 0.001 0.036 0.017 0.026 0.298 0.431 
 432 N _   0.016 0.179 0.001 0.035 0.017 0.025 0.300 0.426 
 433 L _   0.017 0.179 0.001 0.034 0.016 0.024 0.304 0.425 
 434 M _   0.017 0.176 0.001 0.030 0.015 0.023 0.309 0.429 
 435 A _   0.016 0.170 0.001 0.027 0.013 0.021 0.315 0.436 
 436 R _   0.016 0.162 0.001 0.023 0.011 0.020 0.322 0.445 
 437 A _   0.015 0.152 0.001 0.020 0.010 0.018 0.329 0.455 
 438 E _   0.014 0.141 0.001 0.016 0.008 0.017 0.337 0.466 
 439 Y _   0.013 0.132 0.001 0.014 0.007 0.016 0.344 0.473 
 440 L _   0.012 0.124 0.001 0.013 0.006 0.014 0.352 0.478 
 441 K _   0.011 0.119 0.001 0.012 0.005 0.014 0.359 0.480 
 442 E _   0.010 0.114 0.001 0.012 0.005 0.013 0.365 0.480 
 443 Q _   0.010 0.111 0.001 0.013 0.005 0.012 0.372 0.477 
 444 V _   0.009 0.108 0.001 0.014 0.005 0.011 0.379 0.473 
 445 K _   0.008 0.105 0.001 0.015 0.005 0.011 0.387 0.469 
 446 M _   0.008 0.101 0.001 0.015 0.005 0.010 0.394 0.465 
 447 R _   0.008 0.097 0.001 0.015 0.005 0.009 0.403 0.462 
 448 E _   0.007 0.092 0.001 0.014 0.004 0.009 0.413 0.461 
 449 S _   0.006 0.086 0.001 0.013 0.004 0.008 0.422 0.461 
 450 R _   0.006 0.080 0.000 0.011 0.003 0.007 0.432 0.461 
 451 W _   0.005 0.074 0.000 0.009 0.003 0.006 0.441 0.462 
 452 E _   0.004 0.069 0.000 0.007 0.002 0.006 0.449 0.462 
 453 A _   0.004 0.066 0.000 0.006 0.002 0.005 0.456 0.461 
 454 D X   0.004 0.064 0.000 0.005 0.002 0.005 0.462 0.459 
 455 T X   0.003 0.064 0.000 0.004 0.001 0.005 0.467 0.455 
 456 L X   0.003 0.065 0.000 0.005 0.001 0.005 0.471 0.450 
 457 D X   0.003 0.068 0.000 0.005 0.002 0.006 0.474 0.442 
 458 K X   0.004 0.074 0.000 0.007 0.002 0.007 0.476 0.430 
 459 E X   0.004 0.084 0.000 0.009 0.003 0.008 0.478 0.414 
 460 G X   0.004 0.098 0.000 0.012 0.003 0.009 0.479 0.393 
 461 L X   0.005 0.116 0.001 0.016 0.004 0.010 0.480 0.369 
 462 S X   0.005 0.136 0.001 0.020 0.005 0.010 0.481 0.343 
 463 E X   0.005 0.153 0.001 0.024 0.006 0.010 0.482 0.320 
 464 S X   0.004 0.165 0.001 0.026 0.006 0.010 0.484 0.304 
 465 V X   0.004 0.174 0.001 0.028 0.006 0.009 0.487 0.292 
 466 R X   0.003 0.179 0.001 0.029 0.005 0.008 0.491 0.285 
 467 S X   0.003 0.180 0.001 0.027 0.004 0.006 0.497 0.282 
 468 S X   0.002 0.177 0.000 0.024 0.003 0.004 0.505 0.286 
 469 C X   0.001 0.169 0.000 0.018 0.001 0.002 0.512 0.297 
 470 T X   0.000 0.156 0.000 0.013 0.000 0.001 0.516 0.313 
 471 L X   0.000 0.145 0.000 0.013 0.000 0.001 0.514 0.326 
 472 Q X   0.003 0.137 0.001 0.021 0.004 0.003 0.503 0.328 
