#TopoPred_TM8: 8-state transmembrane topology prediction results by no_profile mode 
#probabilities are in the order of H E C I L F X _, the 8 transmembrane topology types used in PDBTM 
   1 M _   0.031 0.000 0.002 0.017 0.011 0.014 0.310 0.616 
   2 P _   0.017 0.000 0.000 0.005 0.002 0.007 0.313 0.656 
   3 A _   0.018 0.000 0.000 0.002 0.001 0.006 0.309 0.664 
   4 R _   0.050 0.000 0.001 0.002 0.003 0.008 0.293 0.644 
   5 R _   0.149 0.000 0.001 0.002 0.007 0.014 0.252 0.574 
   6 L _   0.327 0.000 0.002 0.002 0.014 0.020 0.186 0.450 
   7 L H   0.508 0.000 0.002 0.002 0.018 0.023 0.127 0.320 
   8 L H   0.651 0.000 0.002 0.002 0.021 0.022 0.083 0.219 
   9 L H   0.744 0.000 0.002 0.001 0.022 0.020 0.055 0.156 
  10 L H   0.798 0.000 0.002 0.001 0.023 0.017 0.039 0.120 
  11 T H   0.829 0.000 0.001 0.001 0.023 0.015 0.029 0.101 
  12 L H   0.844 0.000 0.001 0.001 0.022 0.013 0.024 0.095 
  13 L H   0.847 0.000 0.001 0.001 0.021 0.012 0.020 0.099 
  14 L H   0.837 0.000 0.001 0.001 0.020 0.011 0.018 0.113 
  15 P H   0.815 0.000 0.001 0.001 0.018 0.010 0.016 0.138 
  16 G H   0.778 0.000 0.001 0.001 0.017 0.010 0.016 0.177 
  17 L H   0.726 0.000 0.001 0.001 0.015 0.011 0.015 0.231 
  18 G H   0.660 0.000 0.001 0.001 0.013 0.011 0.015 0.298 
  19 I H   0.584 0.000 0.001 0.001 0.011 0.011 0.016 0.375 
  20 F H   0.501 0.000 0.001 0.001 0.010 0.012 0.017 0.458 
  21 G _   0.421 0.000 0.001 0.001 0.008 0.013 0.018 0.537 
  22 S _   0.352 0.000 0.001 0.001 0.007 0.015 0.019 0.606 
  23 T _   0.298 0.000 0.001 0.001 0.006 0.016 0.020 0.658 
  24 S _   0.259 0.000 0.001 0.001 0.006 0.019 0.020 0.694 
  25 T _   0.233 0.000 0.001 0.002 0.007 0.022 0.021 0.715 
  26 V _   0.218 0.000 0.001 0.002 0.008 0.026 0.022 0.723 
  27 T _   0.209 0.000 0.001 0.003 0.011 0.031 0.022 0.723 
  28 L _   0.204 0.001 0.001 0.005 0.016 0.037 0.023 0.714 
  29 P _   0.201 0.003 0.001 0.008 0.023 0.043 0.023 0.698 
  30 E _   0.196 0.007 0.002 0.013 0.030 0.047 0.024 0.681 
  31 T _   0.188 0.011 0.002 0.019 0.037 0.051 0.025 0.667 
  32 L _   0.178 0.016 0.002 0.025 0.041 0.052 0.026 0.658 
  33 L _   0.164 0.020 0.002 0.030 0.043 0.052 0.028 0.661 
  34 F _   0.149 0.022 0.002 0.032 0.042 0.050 0.030 0.673 
  35 V _   0.131 0.023 0.002 0.033 0.038 0.047 0.032 0.694 
  36 S _   0.113 0.022 0.002 0.030 0.033 0.043 0.034 0.723 
  37 T _   0.094 0.020 0.002 0.026 0.026 0.038 0.036 0.757 
  38 L _   0.077 0.017 0.002 0.022 0.020 0.033 0.039 0.791 
  39 D _   0.061 0.014 0.001 0.017 0.015 0.029 0.041 0.823 
  40 G _   0.049 0.010 0.001 0.013 0.011 0.024 0.043 0.848 
  41 S _   0.039 0.008 0.001 0.010 0.008 0.021 0.045 0.868 
  42 L _   0.031 0.006 0.001 0.008 0.006 0.019 0.047 0.883 
  43 H _   0.025 0.005 0.001 0.007 0.005 0.017 0.048 0.892 
  44 A _   0.021 0.005 0.001 0.007 0.005 0.015 0.049 0.897 
  45 V _   0.018 0.005 0.001 0.007 0.005 0.014 0.050 0.900 
  46 S _   0.017 0.005 0.001 0.008 0.005 0.014 0.051 0.900 
  47 K _   0.015 0.005 0.001 0.009 0.005 0.014 0.052 0.899 
  48 R _   0.015 0.006 0.001 0.010 0.005 0.014 0.053 0.897 
  49 T _   0.014 0.007 0.001 0.011 0.006 0.014 0.054 0.894 
  50 G _   0.014 0.007 0.001 0.012 0.006 0.014 0.055 0.892 
  51 S _   0.013 0.008 0.001 0.013 0.006 0.013 0.056 0.890 
  52 I _   0.013 0.008 0.001 0.013 0.006 0.013 0.057 0.890 
  53 K _   0.013 0.008 0.001 0.012 0.005 0.013 0.058 0.890 
  54 W _   0.012 0.008 0.001 0.011 0.005 0.012 0.059 0.892 
  55 T _   0.012 0.008 0.001 0.009 0.005 0.012 0.060 0.893 
  56 L _   0.012 0.008 0.001 0.008 0.004 0.012 0.061 0.894 
  57 K _   0.012 0.009 0.000 0.007 0.004 0.012 0.062 0.894 
  58 E _   0.012 0.009 0.000 0.007 0.004 0.012 0.063 0.892 
  59 D _   0.012 0.011 0.000 0.007 0.004 0.013 0.064 0.889 
  60 P _   0.013 0.013 0.001 0.008 0.005 0.014 0.064 0.883 
  61 V _   0.014 0.016 0.001 0.010 0.006 0.015 0.065 0.875 
  62 L _   0.014 0.021 0.001 0.012 0.007 0.016 0.065 0.864 
  63 Q _   0.015 0.027 0.001 0.016 0.008 0.017 0.066 0.851 
  64 V _   0.015 0.034 0.001 0.020 0.009 0.018 0.066 0.838 
  65 P _   0.015 0.040 0.001 0.025 0.010 0.018 0.066 0.825 
  66 T _   0.014 0.045 0.001 0.029 0.011 0.018 0.067 0.815 
  67 H _   0.014 0.048 0.001 0.032 0.011 0.018 0.068 0.809 
  68 V _   0.014 0.050 0.001 0.033 0.010 0.017 0.069 0.806 
  69 E _   0.013 0.049 0.001 0.032 0.010 0.016 0.071 0.808 
  70 E _   0.012 0.047 0.001 0.029 0.008 0.014 0.073 0.816 
  71 P _   0.011 0.043 0.001 0.024 0.007 0.012 0.075 0.827 
  72 A _   0.010 0.037 0.001 0.019 0.005 0.011 0.078 0.840 
  73 F _   0.009 0.030 0.001 0.014 0.004 0.009 0.080 0.854 
  74 L _   0.007 0.024 0.000 0.010 0.003 0.008 0.081 0.866 
  75 P _   0.006 0.019 0.000 0.007 0.002 0.007 0.083 0.875 
  76 D _   0.006 0.016 0.000 0.006 0.002 0.006 0.084 0.880 
  77 P _   0.005 0.015 0.000 0.006 0.002 0.006 0.084 0.881 
  78 N _   0.005 0.015 0.000 0.006 0.002 0.006 0.085 0.880 
  79 D _   0.006 0.015 0.000 0.008 0.002 0.007 0.085 0.877 
  80 G _   0.006 0.017 0.000 0.010 0.003 0.008 0.085 0.872 
  81 S _   0.006 0.019 0.000 0.013 0.003 0.008 0.084 0.866 
  82 L _   0.006 0.020 0.000 0.015 0.004 0.009 0.084 0.862 
  83 Y _   0.006 0.021 0.000 0.015 0.004 0.009 0.084 0.861 
  84 T _   0.006 0.022 0.000 0.015 0.004 0.008 0.083 0.862 
  85 L _   0.005 0.022 0.000 0.013 0.003 0.008 0.083 0.866 
  86 G _   0.005 0.022 0.000 0.011 0.003 0.007 0.082 0.870 
  87 S _   0.004 0.021 0.000 0.008 0.002 0.007 0.081 0.875 
  88 K _   0.004 0.021 0.000 0.007 0.002 0.007 0.081 0.878 
  89 N _   0.004 0.023 0.000 0.006 0.002 0.007 0.079 0.878 
  90 N _   0.005 0.025 0.000 0.006 0.002 0.009 0.078 0.875 
  91 E _   0.006 0.031 0.000 0.007 0.003 0.010 0.076 0.867 
  92 G _   0.007 0.041 0.001 0.010 0.004 0.013 0.073 0.851 
  93 L _   0.009 0.060 0.001 0.015 0.006 0.016 0.070 0.824 
  94 T _   0.010 0.089 0.001 0.021 0.009 0.019 0.066 0.786 
  95 K _   0.011 0.124 0.001 0.028 0.011 0.021 0.062 0.741 
  96 L _   0.011 0.158 0.001 0.036 0.014 0.023 0.058 0.699 
  97 P _   0.012 0.187 0.001 0.043 0.015 0.024 0.055 0.663 
  98 F _   0.012 0.207 0.001 0.048 0.017 0.025 0.052 0.638 
  99 T _   0.012 0.220 0.001 0.052 0.017 0.025 0.051 0.622 
 100 I _   0.012 0.227 0.001 0.053 0.017 0.024 0.049 0.615 
 101 P _   0.013 0.229 0.001 0.053 0.016 0.023 0.049 0.616 
 102 E _   0.013 0.225 0.001 0.050 0.015 0.022 0.049 0.626 
 103 L _   0.012 0.215 0.001 0.044 0.013 0.020 0.049 0.645 
 104 V _   0.012 0.199 0.001 0.036 0.011 0.018 0.050 0.673 
 105 Q _   0.011 0.176 0.001 0.029 0.009 0.016 0.050 0.708 
 106 A _   0.011 0.150 0.001 0.021 0.007 0.014 0.051 0.745 
 107 S _   0.010 0.125 0.001 0.015 0.006 0.012 0.052 0.780 
 108 P _   0.009 0.106 0.001 0.011 0.004 0.011 0.052 0.807 
 109 C _   0.008 0.094 0.000 0.008 0.003 0.010 0.052 0.824 
 110 R _   0.007 0.088 0.000 0.007 0.003 0.010 0.052 0.834 
 111 S _   0.007 0.085 0.000 0.007 0.003 0.010 0.051 0.837 
 112 S _   0.007 0.085 0.000 0.007 0.003 0.010 0.050 0.836 
 113 D _   0.007 0.088 0.000 0.009 0.004 0.011 0.049 0.831 
 114 G _   0.008 0.092 0.001 0.011 0.004 0.012 0.048 0.824 
 115 I _   0.008 0.098 0.001 0.013 0.005 0.014 0.047 0.815 
 116 L _   0.008 0.104 0.001 0.015 0.006 0.015 0.045 0.806 
 117 Y _   0.009 0.110 0.001 0.017 0.007 0.016 0.044 0.798 
 118 M _   0.009 0.115 0.001 0.017 0.007 0.017 0.042 0.792 
 119 G _   0.010 0.119 0.001 0.017 0.008 0.018 0.041 0.787 
 120 K _   0.011 0.123 0.001 0.017 0.008 0.019 0.040 0.781 
 121 K _   0.012 0.127 0.001 0.017 0.009 0.020 0.039 0.775 
 122 Q _   0.014 0.132 0.001 0.017 0.010 0.021 0.038 0.767 
 123 D _   0.015 0.137 0.001 0.019 0.011 0.023 0.037 0.757 
 124 I _   0.017 0.143 0.001 0.022 0.012 0.024 0.037 0.744 
 125 W _   0.018 0.150 0.001 0.025 0.014 0.024 0.036 0.732 
 126 Y _   0.019 0.155 0.001 0.029 0.015 0.024 0.036 0.721 
 127 V _   0.019 0.158 0.001 0.032 0.015 0.024 0.035 0.715 
 128 I _   0.020 0.158 0.001 0.033 0.015 0.023 0.036 0.715 
 129 D _   0.019 0.154 0.001 0.032 0.014 0.022 0.036 0.722 
 130 L _   0.018 0.147 0.001 0.029 0.012 0.021 0.036 0.736 
 131 L _   0.017 0.134 0.001 0.025 0.010 0.019 0.037 0.757 
 132 T _   0.015 0.119 0.001 0.019 0.008 0.017 0.037 0.783 
 133 G _   0.013 0.103 0.001 0.014 0.007 0.015 0.038 0.809 
 134 E _   0.012 0.090 0.001 0.010 0.005 0.014 0.038 0.830 
 135 K _   0.011 0.081 0.001 0.008 0.004 0.014 0.038 0.844 
 136 Q _   0.010 0.077 0.000 0.006 0.004 0.013 0.038 0.850 
 137 Q _   0.010 0.076 0.000 0.007 0.004 0.014 0.038 0.851 
 138 T _   0.011 0.078 0.001 0.008 0.005 0.015 0.037 0.846 
 139 L _   0.011 0.083 0.001 0.010 0.006 0.016 0.036 0.837 
 140 S _   0.012 0.091 0.001 0.014 0.007 0.017 0.035 0.824 
 141 S _   0.012 0.099 0.001 0.018 0.008 0.018 0.035 0.809 
 142 A _   0.013 0.107 0.001 0.021 0.009 0.019 0.034 0.796 
 143 F _   0.013 0.113 0.001 0.023 0.010 0.019 0.033 0.787 
 144 A _   0.014 0.116 0.001 0.023 0.010 0.020 0.033 0.783 
 145 D _   0.014 0.117 0.001 0.022 0.010 0.020 0.032 0.784 
 146 S _   0.014 0.116 0.001 0.020 0.010 0.020 0.032 0.787 
 147 L _   0.015 0.113 0.001 0.017 0.009 0.020 0.032 0.792 
 148 C _   0.016 0.110 0.001 0.015 0.009 0.021 0.032 0.797 
 149 P _   0.017 0.108 0.001 0.013 0.008 0.021 0.032 0.800 
 150 S _   0.019 0.106 0.001 0.012 0.009 0.022 0.032 0.799 
 151 T _   0.021 0.106 0.001 0.012 0.009 0.023 0.032 0.796 
 152 S _   0.022 0.108 0.001 0.013 0.010 0.024 0.032 0.790 
 153 L _   0.024 0.110 0.001 0.015 0.011 0.026 0.032 0.781 
 154 L _   0.026 0.114 0.001 0.017 0.012 0.026 0.032 0.772 
 155 Y _   0.027 0.117 0.001 0.020 0.014 0.027 0.032 0.763 
 156 L _   0.027 0.120 0.001 0.022 0.014 0.027 0.032 0.756 
 157 G _   0.027 0.122 0.001 0.024 0.015 0.027 0.032 0.752 
 158 R _   0.027 0.122 0.001 0.026 0.015 0.026 0.033 0.751 
 159 T _   0.026 0.120 0.001 0.026 0.015 0.025 0.034 0.753 
 160 E _   0.025 0.116 0.001 0.026 0.014 0.023 0.035 0.760 
 161 Y _   0.023 0.110 0.001 0.025 0.012 0.022 0.036 0.771 
 162 T _   0.021 0.102 0.001 0.022 0.011 0.020 0.037 0.786 
 163 I _   0.019 0.093 0.001 0.019 0.009 0.018 0.039 0.803 
 164 T _   0.017 0.083 0.001 0.016 0.007 0.016 0.040 0.820 
 165 M _   0.015 0.073 0.001 0.013 0.006 0.014 0.041 0.838 
 166 Y _   0.013 0.064 0.001 0.010 0.005 0.013 0.042 0.852 
 167 D _   0.011 0.058 0.000 0.008 0.004 0.012 0.043 0.864 
 168 T _   0.010 0.054 0.000 0.007 0.003 0.011 0.043 0.870 
 169 K _   0.009 0.053 0.000 0.006 0.003 0.011 0.044 0.873 
 170 T _   0.009 0.054 0.000 0.007 0.003 0.011 0.044 0.872 
 171 R _   0.009 0.057 0.000 0.008 0.004 0.012 0.043 0.866 
 172 E _   0.009 0.063 0.001 0.010 0.005 0.013 0.043 0.855 
 173 L _   0.010 0.073 0.001 0.014 0.006 0.014 0.042 0.840 
 174 R _   0.010 0.086 0.001 0.019 0.007 0.015 0.041 0.821 
 175 W _   0.010 0.099 0.001 0.024 0.009 0.016 0.040 0.800 
 176 N _   0.010 0.111 0.001 0.029 0.010 0.017 0.040 0.782 
 177 A _   0.010 0.120 0.001 0.034 0.010 0.017 0.039 0.768 
 178 T _   0.010 0.126 0.001 0.037 0.011 0.017 0.039 0.760 
 179 Y _   0.010 0.128 0.001 0.038 0.011 0.016 0.039 0.757 
 180 F _   0.010 0.126 0.001 0.038 0.010 0.015 0.040 0.760 
 181 D _   0.010 0.121 0.001 0.035 0.009 0.014 0.041 0.769 
 182 Y _   0.009 0.113 0.001 0.031 0.008 0.013 0.042 0.783 
 183 A _   0.009 0.101 0.001 0.026 0.007 0.012 0.043 0.801 
 184 A _   0.009 0.086 0.001 0.021 0.006 0.010 0.045 0.822 
 185 S _   0.008 0.070 0.001 0.016 0.004 0.009 0.046 0.845 
 186 L _   0.007 0.055 0.000 0.012 0.003 0.008 0.048 0.866 
 187 P _   0.007 0.044 0.000 0.009 0.003 0.007 0.049 0.882 
 188 E _   0.006 0.036 0.000 0.007 0.002 0.006 0.049 0.893 
 189 D _   0.005 0.032 0.000 0.005 0.002 0.006 0.049 0.900 
 190 D _   0.005 0.029 0.000 0.005 0.002 0.006 0.049 0.903 
 191 V _   0.005 0.029 0.000 0.005 0.002 0.007 0.049 0.903 
 192 D _   0.005 0.030 0.000 0.006 0.002 0.007 0.048 0.901 
 193 Y _   0.005 0.033 0.000 0.008 0.003 0.008 0.047 0.896 
 194 K _   0.005 0.038 0.000 0.011 0.003 0.010 0.045 0.888 
 195 M _   0.006 0.044 0.001 0.013 0.004 0.011 0.043 0.878 
 196 S _   0.006 0.051 0.001 0.016 0.005 0.012 0.041 0.867 
 197 H _   0.006 0.059 0.001 0.019 0.006 0.014 0.039 0.856 
 198 F _   0.007 0.066 0.001 0.021 0.007 0.015 0.038 0.846 
 199 V _   0.007 0.073 0.001 0.023 0.008 0.017 0.036 0.836 
 200 S _   0.008 0.079 0.001 0.025 0.009 0.018 0.034 0.826 
 201 N _   0.009 0.084 0.001 0.028 0.010 0.020 0.033 0.815 
 202 G _   0.010 0.089 0.001 0.030 0.012 0.021 0.031 0.805 
 203 D _   0.012 0.092 0.001 0.033 0.013 0.023 0.030 0.795 
 204 G _   0.013 0.094 0.001 0.035 0.014 0.024 0.030 0.789 
 205 L _   0.015 0.094 0.001 0.036 0.015 0.024 0.029 0.786 
 206 V _   0.016 0.091 0.001 0.035 0.015 0.024 0.029 0.789 
 207 V _   0.016 0.086 0.001 0.033 0.014 0.024 0.029 0.797 
 208 T _   0.016 0.079 0.001 0.028 0.012 0.023 0.029 0.812 
 209 V _   0.016 0.069 0.001 0.024 0.011 0.022 0.029 0.829 
 210 D _   0.015 0.058 0.001 0.019 0.010 0.021 0.029 0.848 
 211 S _   0.015 0.047 0.001 0.015 0.008 0.020 0.029 0.865 
 212 E _   0.014 0.039 0.001 0.013 0.007 0.019 0.030 0.877 
 213 S _   0.014 0.033 0.001 0.011 0.007 0.019 0.030 0.885 
 214 G _   0.014 0.029 0.001 0.011 0.007 0.019 0.030 0.890 
 215 D _   0.014 0.027 0.001 0.011 0.007 0.019 0.030 0.893 
 216 V _   0.015 0.025 0.001 0.012 0.007 0.019 0.030 0.893 
 217 L _   0.015 0.023 0.001 0.012 0.007 0.020 0.029 0.893 
 218 W _   0.016 0.022 0.001 0.013 0.007 0.020 0.029 0.893 
 219 I _   0.016 0.020 0.001 0.012 0.008 0.021 0.029 0.894 
 220 Q _   0.017 0.018 0.001 0.012 0.008 0.021 0.028 0.895 
 221 N _   0.017 0.017 0.001 0.011 0.008 0.022 0.028 0.896 
 222 Y _   0.018 0.016 0.001 0.010 0.008 0.023 0.028 0.896 
 223 A _   0.020 0.015 0.001 0.010 0.009 0.025 0.027 0.893 
 224 S _   0.022 0.015 0.001 0.011 0.010 0.026 0.027 0.887 
 225 P _   0.024 0.016 0.001 0.013 0.012 0.028 0.027 0.879 
 226 V _   0.026 0.017 0.001 0.016 0.013 0.030 0.026 0.869 
 227 V _   0.029 0.019 0.001 0.020 0.015 0.031 0.026 0.859 
 228 A _   0.030 0.020 0.001 0.024 0.016 0.032 0.026 0.851 
 229 F _   0.032 0.020 0.001 0.025 0.017 0.032 0.025 0.848 
 230 Y _   0.033 0.018 0.001 0.025 0.016 0.032 0.025 0.849 
 231 V _   0.034 0.016 0.001 0.023 0.015 0.031 0.025 0.855 
 232 W _   0.035 0.013 0.001 0.019 0.013 0.030 0.025 0.865 
 233 Q _   0.036 0.009 0.001 0.014 0.011 0.029 0.025 0.875 
 234 R _   0.039 0.005 0.001 0.010 0.009 0.028 0.025 0.882 
 235 E _   0.045 0.003 0.001 0.007 0.008 0.027 0.025 0.884 
 236 G _   0.054 0.001 0.001 0.005 0.007 0.028 0.024 0.879 
 237 L _   0.067 0.001 0.001 0.004 0.007 0.029 0.024 0.868 
 238 R _   0.085 0.000 0.001 0.004 0.008 0.031 0.024 0.848 
 239 K _   0.109 0.000 0.001 0.004 0.010 0.034 0.023 0.820 
 240 V _   0.139 0.000 0.001 0.004 0.012 0.038 0.022 0.783 
 241 M _   0.173 0.000 0.001 0.005 0.016 0.042 0.022 0.742 
 242 H _   0.210 0.000 0.001 0.005 0.020 0.046 0.021 0.696 
 243 I _   0.248 0.000 0.002 0.006 0.025 0.050 0.021 0.649 
 244 N _   0.285 0.000 0.002 0.006 0.029 0.053 0.021 0.603 
 245 V _   0.320 0.001 0.002 0.006 0.033 0.056 0.021 0.562 
 246 A _   0.349 0.001 0.002 0.007 0.037 0.058 0.021 0.526 
 247 V _   0.373 0.001 0.002 0.007 0.040 0.059 0.021 0.498 
 248 E _   0.387 0.001 0.002 0.007 0.043 0.059 0.022 0.480 
 249 T _   0.396 0.001 0.002 0.007 0.044 0.059 0.023 0.469 
 250 L _   0.396 0.001 0.002 0.007 0.044 0.058 0.024 0.468 
 251 R _   0.387 0.001 0.002 0.008 0.043 0.056 0.026 0.476 
 252 Y _   0.373 0.002 0.002 0.008 0.041 0.054 0.029 0.491 
 253 L _   0.350 0.002 0.002 0.009 0.039 0.052 0.032 0.513 
 254 T _   0.323 0.002 0.002 0.010 0.036 0.050 0.035 0.541 
 255 F _   0.293 0.003 0.002 0.011 0.033 0.047 0.039 0.572 
 256 M _   0.259 0.004 0.002 0.013 0.030 0.045 0.043 0.605 
 257 S _   0.225 0.005 0.002 0.014 0.026 0.042 0.048 0.638 
 258 G _   0.192 0.005 0.002 0.016 0.023 0.039 0.053 0.669 
 259 E _   0.161 0.006 0.002 0.018 0.020 0.036 0.058 0.699 
 260 V _   0.134 0.007 0.001 0.019 0.018 0.033 0.064 0.725 
 261 G _   0.109 0.007 0.001 0.020 0.015 0.029 0.069 0.749 
 262 R _   0.088 0.007 0.001 0.020 0.013 0.026 0.075 0.771 
 263 I _   0.069 0.007 0.001 0.019 0.011 0.023 0.081 0.790 
 264 T _   0.053 0.006 0.001 0.017 0.008 0.019 0.086 0.808 
 265 K _   0.040 0.005 0.001 0.015 0.006 0.016 0.092 0.825 
 266 W _   0.030 0.004 0.001 0.012 0.005 0.013 0.096 0.839 
 267 K _   0.022 0.003 0.000 0.010 0.004 0.011 0.100 0.850 
 268 Y _   0.016 0.003 0.000 0.008 0.003 0.009 0.104 0.858 
 269 P _   0.012 0.002 0.000 0.006 0.002 0.007 0.106 0.864 
 270 F _   0.009 0.002 0.000 0.005 0.002 0.006 0.109 0.868 
 271 P _   0.007 0.002 0.000 0.004 0.002 0.005 0.110 0.870 
 272 K _   0.006 0.002 0.000 0.004 0.001 0.005 0.111 0.871 
 273 E _   0.005 0.002 0.000 0.003 0.001 0.005 0.111 0.871 
 274 T _   0.005 0.003 0.000 0.004 0.001 0.006 0.110 0.870 
 275 E _   0.005 0.005 0.000 0.005 0.002 0.007 0.109 0.868 
 276 A _   0.005 0.009 0.000 0.006 0.002 0.008 0.107 0.861 
 277 K _   0.006 0.016 0.000 0.009 0.003 0.010 0.105 0.851 
 278 S _   0.007 0.028 0.001 0.013 0.005 0.012 0.102 0.833 
 279 K _   0.007 0.046 0.001 0.019 0.007 0.014 0.098 0.808 
 280 L _   0.008 0.066 0.001 0.027 0.009 0.016 0.095 0.779 
 281 T _   0.008 0.086 0.001 0.035 0.010 0.018 0.091 0.750 
 282 P _   0.009 0.102 0.001 0.042 0.012 0.019 0.088 0.727 
 283 T _   0.009 0.112 0.001 0.047 0.013 0.020 0.086 0.712 
 284 L _   0.009 0.117 0.001 0.049 0.013 0.020 0.085 0.706 
 285 Y _   0.009 0.118 0.001 0.047 0.013 0.019 0.084 0.708 
 286 V _   0.009 0.115 0.001 0.042 0.012 0.018 0.084 0.718 
 287 G _   0.009 0.109 0.001 0.036 0.010 0.017 0.084 0.734 
 288 K _   0.009 0.099 0.001 0.028 0.009 0.016 0.085 0.754 
 289 Y _   0.009 0.086 0.001 0.021 0.007 0.015 0.086 0.775 
 290 S _   0.009 0.074 0.001 0.015 0.006 0.014 0.087 0.795 
 291 T _   0.008 0.064 0.001 0.012 0.005 0.013 0.087 0.809 
 292 S _   0.008 0.058 0.001 0.009 0.004 0.013 0.088 0.818 
 293 L _   0.008 0.054 0.000 0.008 0.004 0.014 0.088 0.823 
 294 Y _   0.009 0.053 0.000 0.008 0.004 0.014 0.088 0.823 
 295 A _   0.010 0.053 0.001 0.009 0.005 0.015 0.088 0.820 
 296 S _   0.011 0.055 0.001 0.010 0.006 0.017 0.088 0.813 
 297 P _   0.013 0.059 0.001 0.012 0.007 0.019 0.087 0.803 
 298 S _   0.015 0.063 0.001 0.014 0.009 0.021 0.087 0.791 
 299 M _   0.017 0.069 0.001 0.017 0.011 0.023 0.087 0.776 
 300 V _   0.019 0.074 0.001 0.020 0.013 0.025 0.086 0.762 
 301 H _   0.022 0.079 0.001 0.022 0.014 0.027 0.087 0.748 
 302 E _   0.023 0.083 0.001 0.024 0.016 0.028 0.087 0.737 
 303 G _   0.025 0.086 0.001 0.025 0.017 0.029 0.088 0.728 
 304 V _   0.027 0.088 0.001 0.026 0.017 0.029 0.090 0.723 
 305 A _   0.027 0.088 0.001 0.026 0.016 0.028 0.092 0.722 
 306 V _   0.027 0.087 0.001 0.024 0.015 0.027 0.094 0.724 
 307 V _   0.026 0.084 0.001 0.023 0.014 0.026 0.096 0.730 
 308 P _   0.025 0.081 0.001 0.021 0.012 0.025 0.099 0.736 
 309 R _   0.023 0.077 0.001 0.019 0.011 0.023 0.101 0.744 
 310 G _   0.021 0.073 0.001 0.018 0.010 0.021 0.104 0.751 
 311 S _   0.019 0.069 0.001 0.018 0.009 0.020 0.107 0.757 
 312 T _   0.017 0.065 0.001 0.017 0.009 0.018 0.110 0.762 
 313 L _   0.016 0.061 0.001 0.017 0.008 0.017 0.113 0.767 
 314 P _   0.014 0.057 0.001 0.017 0.007 0.015 0.117 0.772 
 315 L _   0.013 0.052 0.001 0.016 0.006 0.014 0.120 0.778 
 316 L _   0.011 0.048 0.001 0.015 0.006 0.012 0.123 0.784 
 317 E _   0.010 0.043 0.001 0.013 0.005 0.011 0.127 0.790 
 318 G _   0.009 0.038 0.001 0.011 0.004 0.010 0.130 0.797 
 319 P _   0.008 0.034 0.000 0.009 0.004 0.009 0.133 0.803 
 320 Q _   0.007 0.030 0.000 0.008 0.003 0.008 0.135 0.808 
 321 T _   0.006 0.028 0.000 0.006 0.003 0.008 0.138 0.811 
 322 D _   0.006 0.027 0.000 0.006 0.002 0.008 0.139 0.812 
 323 G _   0.006 0.027 0.000 0.005 0.002 0.008 0.141 0.810 
 324 V _   0.006 0.028 0.000 0.006 0.003 0.009 0.142 0.806 
 325 T _   0.007 0.032 0.000 0.007 0.003 0.010 0.143 0.797 
 326 I _   0.008 0.038 0.001 0.010 0.004 0.012 0.144 0.784 
 327 G _   0.009 0.049 0.001 0.014 0.006 0.014 0.144 0.764 
 328 D _   0.010 0.063 0.001 0.019 0.008 0.016 0.144 0.739 
 329 K _   0.010 0.079 0.001 0.025 0.010 0.018 0.144 0.712 
 330 G _   0.011 0.095 0.001 0.032 0.011 0.019 0.145 0.685 
 331 E _   0.011 0.108 0.001 0.037 0.013 0.020 0.146 0.663 
 332 C _   0.011 0.117 0.001 0.042 0.013 0.020 0.148 0.647 
 333 V _   0.011 0.121 0.001 0.044 0.013 0.020 0.151 0.638 
 334 I _   0.011 0.123 0.001 0.044 0.013 0.019 0.155 0.635 
 335 T _   0.011 0.120 0.001 0.042 0.012 0.018 0.159 0.637 
 336 P _   0.010 0.115 0.001 0.038 0.010 0.016 0.165 0.644 
 337 S _   0.010 0.106 0.001 0.034 0.009 0.015 0.171 0.653 
 338 T _   0.009 0.095 0.001 0.029 0.008 0.014 0.179 0.666 
 339 D _   0.009 0.080 0.001 0.024 0.006 0.012 0.186 0.681 
 340 V _   0.008 0.066 0.001 0.019 0.005 0.011 0.194 0.696 
 341 K _   0.008 0.052 0.001 0.015 0.004 0.009 0.202 0.710 
 342 F _   0.007 0.040 0.000 0.011 0.003 0.008 0.208 0.722 
 343 D _   0.006 0.031 0.000 0.009 0.002 0.007 0.213 0.732 
 344 P _   0.005 0.025 0.000 0.007 0.002 0.006 0.217 0.738 
 345 G _   0.004 0.021 0.000 0.005 0.002 0.006 0.220 0.743 
 346 L _   0.004 0.018 0.000 0.004 0.001 0.005 0.222 0.745 
 347 K _   0.004 0.017 0.000 0.004 0.001 0.006 0.223 0.745 
 348 S _   0.004 0.018 0.000 0.004 0.001 0.006 0.223 0.744 
 349 K _   0.004 0.019 0.000 0.004 0.002 0.008 0.223 0.740 
 350 N _   0.005 0.023 0.000 0.006 0.002 0.010 0.221 0.732 
 351 K _   0.007 0.031 0.000 0.008 0.004 0.013 0.219 0.717 
 352 L _   0.009 0.047 0.001 0.012 0.006 0.018 0.216 0.691 
 353 N _   0.011 0.074 0.001 0.019 0.010 0.022 0.212 0.651 
 354 Y _   0.014 0.113 0.001 0.027 0.014 0.027 0.208 0.596 
 355 L _   0.015 0.158 0.002 0.037 0.019 0.031 0.203 0.536 
 356 R _   0.017 0.200 0.002 0.046 0.023 0.033 0.199 0.480 
 357 N _   0.018 0.232 0.002 0.055 0.025 0.035 0.196 0.438 
 358 Y _   0.019 0.251 0.002 0.061 0.027 0.035 0.195 0.411 
 359 W _   0.020 0.261 0.002 0.065 0.027 0.034 0.195 0.397 
 360 L _   0.020 0.263 0.002 0.065 0.026 0.033 0.197 0.394 
 361 L _   0.020 0.259 0.002 0.061 0.024 0.030 0.201 0.403 
 362 I _   0.020 0.246 0.002 0.054 0.022 0.028 0.206 0.422 
 363 G _   0.020 0.223 0.002 0.045 0.019 0.025 0.212 0.454 
 364 H _   0.019 0.188 0.002 0.035 0.015 0.023 0.220 0.498 
 365 H _   0.018 0.147 0.001 0.025 0.012 0.020 0.229 0.547 
 366 E _   0.017 0.108 0.001 0.018 0.009 0.018 0.237 0.592 
 367 T _   0.015 0.080 0.001 0.012 0.007 0.016 0.244 0.625 
 368 P _   0.013 0.063 0.001 0.009 0.005 0.015 0.250 0.643 
 369 L _   0.012 0.054 0.000 0.008 0.004 0.014 0.255 0.652 
 370 S _   0.011 0.050 0.000 0.008 0.004 0.013 0.259 0.654 
 371 A _   0.011 0.048 0.000 0.010 0.004 0.013 0.263 0.650 
 372 S _   0.011 0.047 0.001 0.013 0.005 0.013 0.266 0.644 
 373 T _   0.011 0.047 0.001 0.017 0.005 0.013 0.269 0.637 
 374 K _   0.010 0.046 0.001 0.019 0.006 0.013 0.273 0.632 
 375 M _   0.010 0.044 0.001 0.021 0.006 0.012 0.278 0.630 
 376 L _   0.009 0.041 0.001 0.020 0.005 0.011 0.283 0.631 
 377 E _   0.008 0.035 0.001 0.017 0.005 0.010 0.288 0.636 
 378 R _   0.007 0.029 0.001 0.014 0.004 0.008 0.293 0.644 
 379 F _   0.007 0.021 0.000 0.011 0.003 0.007 0.298 0.653 
 380 P _   0.006 0.015 0.000 0.008 0.002 0.006 0.303 0.660 
 381 N _   0.005 0.010 0.000 0.005 0.002 0.005 0.307 0.665 
 382 N _   0.005 0.008 0.000 0.004 0.001 0.005 0.309 0.667 
 383 L _   0.005 0.006 0.000 0.004 0.001 0.004 0.311 0.668 
 384 P _   0.004 0.006 0.000 0.004 0.001 0.005 0.313 0.667 
 385 K _   0.004 0.006 0.000 0.004 0.001 0.005 0.313 0.666 
 386 H _   0.004 0.006 0.000 0.005 0.002 0.005 0.313 0.664 
 387 R _   0.004 0.007 0.000 0.007 0.002 0.006 0.313 0.662 
 388 E _   0.004 0.008 0.000 0.008 0.002 0.006 0.312 0.660 
 389 N _   0.004 0.009 0.000 0.009 0.002 0.006 0.310 0.659 
 390 V _   0.004 0.010 0.000 0.009 0.002 0.006 0.309 0.660 
 391 I _   0.004 0.011 0.000 0.008 0.002 0.006 0.306 0.662 
 392 P _   0.004 0.012 0.000 0.008 0.002 0.006 0.304 0.664 
 393 A _   0.004 0.014 0.000 0.007 0.002 0.006 0.301 0.667 
 394 D _   0.004 0.015 0.000 0.006 0.002 0.007 0.297 0.668 
 395 S _   0.004 0.018 0.000 0.006 0.002 0.008 0.293 0.668 
 396 E _   0.005 0.024 0.000 0.008 0.003 0.010 0.289 0.662 
 397 K _   0.006 0.033 0.001 0.011 0.004 0.012 0.283 0.650 
 398 K _   0.007 0.051 0.001 0.016 0.007 0.015 0.276 0.626 
 399 S _   0.009 0.078 0.001 0.025 0.010 0.018 0.269 0.590 
 400 F _   0.010 0.112 0.001 0.035 0.013 0.021 0.261 0.548 
 401 E _   0.010 0.142 0.001 0.046 0.014 0.022 0.254 0.510 
 402 E _   0.010 0.163 0.001 0.055 0.015 0.022 0.249 0.484 
 403 V _   0.010 0.174 0.001 0.060 0.015 0.022 0.247 0.470 
 404 I _   0.010 0.179 0.001 0.061 0.015 0.021 0.245 0.467 
 405 N _   0.010 0.178 0.001 0.058 0.014 0.019 0.245 0.474 
 406 L _   0.010 0.170 0.001 0.051 0.012 0.018 0.246 0.491 
 407 V _   0.010 0.156 0.001 0.042 0.011 0.016 0.249 0.516 
 408 D _   0.009 0.134 0.001 0.033 0.009 0.014 0.252 0.547 
 409 Q _   0.009 0.107 0.001 0.025 0.007 0.013 0.256 0.581 
 410 T _   0.009 0.081 0.001 0.019 0.006 0.012 0.261 0.613 
 411 S _   0.009 0.059 0.001 0.014 0.004 0.011 0.265 0.639 
 412 E _   0.008 0.044 0.000 0.011 0.003 0.010 0.268 0.656 
 413 N _   0.008 0.033 0.000 0.009 0.003 0.009 0.270 0.667 
 414 A _   0.007 0.026 0.000 0.009 0.003 0.008 0.272 0.675 
 415 P _   0.007 0.021 0.000 0.008 0.002 0.008 0.273 0.680 
 416 T _   0.007 0.018 0.000 0.008 0.002 0.007 0.274 0.684 
 417 T _   0.006 0.014 0.000 0.008 0.002 0.007 0.274 0.688 
 418 V _   0.006 0.012 0.000 0.008 0.002 0.006 0.273 0.692 
 419 S _   0.006 0.009 0.000 0.008 0.002 0.006 0.272 0.697 
 420 R _   0.005 0.007 0.000 0.007 0.002 0.006 0.271 0.701 
 421 D _   0.005 0.006 0.000 0.007 0.002 0.005 0.269 0.707 
 422 V _   0.005 0.004 0.000 0.006 0.002 0.005 0.266 0.712 
 423 E _   0.004 0.003 0.000 0.005 0.002 0.005 0.263 0.717 
 424 E _   0.004 0.003 0.000 0.005 0.001 0.005 0.259 0.723 
 425 K _   0.004 0.002 0.000 0.005 0.001 0.005 0.254 0.728 
 426 P _   0.004 0.002 0.000 0.006 0.002 0.005 0.248 0.734 
 427 A _   0.004 0.002 0.000 0.006 0.002 0.005 0.241 0.740 
 428 H _   0.004 0.002 0.000 0.007 0.002 0.005 0.233 0.747 
 429 A _   0.004 0.002 0.000 0.008 0.002 0.006 0.225 0.753 
 430 P _   0.004 0.002 0.000 0.009 0.002 0.006 0.216 0.761 
 431 A _   0.004 0.002 0.000 0.010 0.003 0.007 0.206 0.768 
 432 R _   0.005 0.002 0.000 0.010 0.003 0.007 0.197 0.777 
 433 P _   0.005 0.002 0.000 0.009 0.003 0.007 0.187 0.787 
 434 E _   0.007 0.001 0.000 0.008 0.003 0.007 0.177 0.797 
 435 A _   0.010 0.001 0.000 0.007 0.003 0.007 0.166 0.805 
 436 P _   0.016 0.001 0.000 0.006 0.003 0.007 0.155 0.812 
 437 V _   0.028 0.000 0.000 0.005 0.003 0.008 0.142 0.813 
 438 D _   0.049 0.000 0.001 0.003 0.004 0.008 0.129 0.806 
 439 S _   0.085 0.000 0.001 0.002 0.004 0.009 0.113 0.786 
 440 M _   0.138 0.000 0.001 0.002 0.005 0.009 0.097 0.748 
 441 L _   0.208 0.000 0.001 0.001 0.006 0.010 0.081 0.694 
 442 K _   0.294 0.000 0.001 0.001 0.006 0.010 0.065 0.624 
 443 D _   0.393 0.000 0.001 0.001 0.006 0.009 0.052 0.539 
 444 M H   0.499 0.000 0.001 0.001 0.006 0.008 0.041 0.444 
 445 A H   0.607 0.000 0.001 0.000 0.007 0.007 0.031 0.347 
 446 T H   0.708 0.000 0.001 0.000 0.006 0.006 0.024 0.255 
 447 I H   0.791 0.000 0.001 0.000 0.006 0.005 0.018 0.179 
 448 I H   0.856 0.000 0.001 0.000 0.006 0.004 0.013 0.120 
 449 L H   0.902 0.000 0.001 0.000 0.006 0.003 0.010 0.078 
 450 S H   0.931 0.000 0.001 0.000 0.006 0.003 0.008 0.051 
 451 T H   0.948 0.000 0.001 0.000 0.006 0.002 0.007 0.035 
 452 F H   0.958 0.000 0.001 0.000 0.006 0.002 0.006 0.027 
 453 L H   0.962 0.000 0.001 0.000 0.006 0.002 0.005 0.023 
 454 L H   0.961 0.000 0.001 0.000 0.007 0.002 0.005 0.024 
 455 I H   0.958 0.000 0.001 0.000 0.007 0.002 0.005 0.027 
 456 G H   0.950 0.000 0.001 0.000 0.008 0.002 0.005 0.034 
 457 W H   0.937 0.000 0.001 0.000 0.009 0.003 0.005 0.045 
 458 V H   0.916 0.000 0.001 0.000 0.010 0.003 0.006 0.064 
 459 A H   0.886 0.000 0.001 0.000 0.010 0.004 0.007 0.092 
 460 F H   0.844 0.000 0.001 0.000 0.011 0.004 0.009 0.130 
 461 I H   0.790 0.000 0.001 0.001 0.011 0.005 0.012 0.179 
 462 I H   0.721 0.000 0.001 0.001 0.011 0.006 0.017 0.242 
 463 T H   0.638 0.000 0.001 0.001 0.011 0.008 0.025 0.317 
 464 Y H   0.546 0.000 0.001 0.001 0.010 0.009 0.035 0.398 
 465 P _   0.450 0.000 0.001 0.001 0.009 0.009 0.047 0.481 
 466 L _   0.357 0.000 0.001 0.002 0.008 0.010 0.062 0.559 
 467 S _   0.274 0.000 0.001 0.003 0.007 0.011 0.078 0.627 
 468 M _   0.202 0.000 0.001 0.004 0.006 0.011 0.094 0.682 
 469 H _   0.145 0.000 0.001 0.004 0.006 0.011 0.108 0.725 
 470 Q _   0.102 0.000 0.001 0.005 0.005 0.010 0.121 0.756 
 471 Q _   0.071 0.000 0.001 0.006 0.004 0.010 0.131 0.778 
 472 Q _   0.049 0.001 0.001 0.006 0.004 0.009 0.141 0.791 
 473 Q _   0.034 0.001 0.000 0.005 0.003 0.009 0.148 0.799 
 474 L _   0.024 0.001 0.000 0.005 0.003 0.008 0.155 0.804 
 475 Q _   0.018 0.001 0.000 0.005 0.003 0.008 0.160 0.805 
 476 H _   0.014 0.002 0.000 0.005 0.002 0.008 0.165 0.804 
 477 Q _   0.011 0.003 0.000 0.005 0.002 0.008 0.169 0.801 
 478 Q _   0.010 0.004 0.000 0.006 0.003 0.009 0.173 0.796 
 479 F _   0.009 0.007 0.000 0.007 0.003 0.009 0.177 0.788 
 480 Q _   0.009 0.010 0.000 0.009 0.004 0.010 0.180 0.778 
 481 K _   0.009 0.015 0.001 0.011 0.004 0.011 0.183 0.765 
 482 E _   0.009 0.021 0.001 0.015 0.005 0.013 0.186 0.750 
 483 L _   0.010 0.028 0.001 0.019 0.006 0.013 0.189 0.734 
 484 E _   0.010 0.034 0.001 0.023 0.007 0.014 0.193 0.718 
 485 K _   0.010 0.039 0.001 0.026 0.008 0.014 0.198 0.704 
 486 I _   0.010 0.042 0.001 0.029 0.008 0.014 0.202 0.693 
 487 Q _   0.010 0.044 0.001 0.029 0.008 0.014 0.208 0.685 
 488 L _   0.010 0.044 0.001 0.029 0.007 0.014 0.215 0.680 
 489 L _   0.010 0.043 0.001 0.027 0.007 0.013 0.222 0.678 
 490 Q _   0.010 0.040 0.001 0.024 0.006 0.012 0.230 0.677 
 491 Q _   0.009 0.036 0.001 0.021 0.005 0.011 0.239 0.678 
 492 Q _   0.009 0.030 0.001 0.018 0.005 0.010 0.248 0.680 
 493 Q _   0.008 0.025 0.000 0.014 0.004 0.009 0.257 0.682 
 494 Q _   0.008 0.020 0.000 0.012 0.003 0.008 0.266 0.683 
 495 Q _   0.007 0.016 0.000 0.010 0.003 0.007 0.274 0.684 
 496 L _   0.007 0.012 0.000 0.008 0.002 0.006 0.281 0.684 
 497 P _   0.006 0.009 0.000 0.006 0.002 0.005 0.287 0.684 
 498 F _   0.005 0.008 0.000 0.005 0.002 0.005 0.291 0.684 
 499 H _   0.005 0.006 0.000 0.005 0.001 0.004 0.294 0.684 
 500 P _   0.004 0.006 0.000 0.004 0.001 0.004 0.296 0.684 
 501 P _   0.004 0.006 0.000 0.004 0.001 0.004 0.298 0.684 
 502 G _   0.004 0.006 0.000 0.004 0.001 0.004 0.298 0.683 
 503 D _   0.003 0.007 0.000 0.005 0.001 0.004 0.298 0.681 
 504 T _   0.003 0.008 0.000 0.006 0.002 0.005 0.296 0.679 
 505 A _   0.003 0.010 0.000 0.008 0.002 0.005 0.295 0.676 
 506 Q _   0.004 0.013 0.000 0.010 0.002 0.006 0.292 0.672 
 507 D _   0.004 0.017 0.000 0.013 0.003 0.007 0.289 0.668 
 508 G _   0.004 0.021 0.000 0.015 0.003 0.007 0.286 0.664 
 509 E _   0.004 0.025 0.000 0.017 0.003 0.007 0.283 0.661 
 510 L _   0.004 0.028 0.000 0.018 0.003 0.007 0.280 0.660 
 511 L _   0.004 0.031 0.000 0.018 0.003 0.007 0.277 0.660 
 512 D _   0.004 0.032 0.000 0.017 0.003 0.007 0.275 0.662 
 513 T _   0.003 0.033 0.000 0.015 0.003 0.007 0.273 0.666 
 514 S _   0.003 0.034 0.000 0.014 0.002 0.006 0.270 0.669 
 515 G _   0.003 0.035 0.000 0.012 0.002 0.006 0.268 0.673 
 516 P _   0.003 0.035 0.000 0.011 0.002 0.006 0.266 0.676 
 517 Y _   0.003 0.037 0.000 0.010 0.002 0.006 0.264 0.678 
 518 S _   0.003 0.039 0.000 0.010 0.002 0.006 0.261 0.678 
 519 E _   0.003 0.041 0.000 0.011 0.002 0.006 0.258 0.679 
 520 S _   0.003 0.044 0.000 0.011 0.002 0.006 0.254 0.678 
 521 S _   0.003 0.049 0.000 0.012 0.002 0.007 0.249 0.677 
 522 G _   0.003 0.054 0.000 0.014 0.003 0.007 0.245 0.675 
 523 T _   0.003 0.059 0.000 0.015 0.003 0.007 0.240 0.673 
 524 S _   0.003 0.064 0.000 0.015 0.003 0.007 0.234 0.672 
 525 S _   0.003 0.070 0.000 0.016 0.003 0.007 0.229 0.672 
 526 P _   0.003 0.075 0.000 0.015 0.003 0.007 0.224 0.672 
 527 S _   0.003 0.080 0.000 0.015 0.003 0.007 0.218 0.674 
 528 T _   0.003 0.086 0.000 0.014 0.003 0.007 0.212 0.675 
 529 S _   0.003 0.093 0.000 0.013 0.003 0.007 0.206 0.675 
 530 P _   0.003 0.102 0.000 0.014 0.003 0.007 0.200 0.672 
 531 R _   0.003 0.113 0.000 0.015 0.003 0.008 0.193 0.666 
 532 A _   0.003 0.127 0.000 0.017 0.004 0.009 0.185 0.655 
 533 S _   0.003 0.147 0.001 0.020 0.004 0.009 0.177 0.639 
 534 N _   0.004 0.171 0.001 0.023 0.005 0.010 0.169 0.618 
 535 H _   0.004 0.197 0.001 0.028 0.006 0.011 0.160 0.594 
 536 S _   0.004 0.224 0.001 0.032 0.006 0.011 0.153 0.569 
 537 L _   0.004 0.246 0.001 0.036 0.007 0.011 0.146 0.549 
 538 C _   0.004 0.263 0.001 0.039 0.007 0.011 0.141 0.534 
 539 S _   0.004 0.274 0.001 0.042 0.007 0.011 0.137 0.525 
 540 G _   0.004 0.280 0.001 0.043 0.007 0.011 0.135 0.521 
 541 S _   0.004 0.281 0.001 0.042 0.007 0.011 0.133 0.522 
 542 S _   0.004 0.279 0.001 0.041 0.007 0.010 0.132 0.526 
 543 A _   0.004 0.272 0.001 0.040 0.006 0.010 0.133 0.534 
 544 S _   0.005 0.261 0.001 0.037 0.006 0.010 0.134 0.547 
 545 K _   0.005 0.243 0.001 0.034 0.006 0.010 0.136 0.565 
 546 A _   0.006 0.219 0.001 0.031 0.006 0.010 0.139 0.589 
 547 G _   0.006 0.190 0.001 0.027 0.005 0.009 0.143 0.618 
 548 S _   0.006 0.156 0.001 0.023 0.005 0.009 0.148 0.652 
 549 S _   0.006 0.122 0.001 0.019 0.004 0.009 0.152 0.688 
 550 P _   0.006 0.090 0.001 0.015 0.003 0.008 0.156 0.721 
 551 S _   0.006 0.064 0.000 0.011 0.003 0.007 0.159 0.750 
 552 L _   0.005 0.045 0.000 0.008 0.002 0.006 0.161 0.773 
 553 E _   0.004 0.033 0.000 0.005 0.001 0.006 0.162 0.789 
 554 Q _   0.004 0.026 0.000 0.004 0.001 0.005 0.161 0.798 
 555 D _   0.003 0.024 0.000 0.003 0.001 0.006 0.160 0.803 
 556 D _   0.004 0.023 0.000 0.003 0.001 0.007 0.158 0.804 
 557 G _   0.005 0.025 0.000 0.004 0.002 0.010 0.154 0.799 
 558 D _   0.007 0.031 0.000 0.007 0.003 0.014 0.149 0.787 
 559 E _   0.011 0.048 0.001 0.013 0.007 0.021 0.142 0.758 
 560 E _   0.015 0.083 0.001 0.022 0.012 0.028 0.133 0.705 
 561 T _   0.018 0.144 0.002 0.035 0.019 0.035 0.120 0.625 
 562 S _   0.020 0.219 0.002 0.051 0.026 0.040 0.108 0.534 
 563 V _   0.020 0.284 0.003 0.066 0.030 0.042 0.097 0.459 
 564 V _   0.020 0.327 0.002 0.078 0.032 0.042 0.089 0.410 
 565 I _   0.020 0.351 0.002 0.085 0.032 0.041 0.083 0.386 
 566 V _   0.020 0.360 0.002 0.087 0.032 0.040 0.080 0.380 
 567 G _   0.020 0.360 0.002 0.085 0.030 0.038 0.078 0.389 
 568 K _   0.020 0.348 0.002 0.078 0.028 0.035 0.076 0.412 
 569 I _   0.020 0.323 0.002 0.067 0.026 0.032 0.076 0.455 
 570 S _   0.019 0.278 0.002 0.054 0.022 0.029 0.076 0.519 
 571 F _   0.019 0.216 0.002 0.040 0.018 0.026 0.077 0.602 
 572 C _   0.018 0.151 0.002 0.027 0.014 0.024 0.078 0.686 
 573 P _   0.017 0.101 0.001 0.017 0.009 0.022 0.079 0.754 
 574 K _   0.015 0.070 0.001 0.010 0.006 0.020 0.079 0.798 
 575 D _   0.013 0.056 0.001 0.007 0.004 0.018 0.079 0.822 
 576 V _   0.013 0.050 0.000 0.005 0.004 0.018 0.078 0.832 
 577 L _   0.013 0.049 0.000 0.005 0.004 0.019 0.077 0.833 
 578 G _   0.014 0.051 0.001 0.007 0.005 0.021 0.075 0.826 
 579 H _   0.016 0.058 0.001 0.010 0.007 0.024 0.073 0.811 
 580 G _   0.018 0.071 0.001 0.016 0.011 0.027 0.070 0.786 
 581 A _   0.020 0.092 0.001 0.024 0.015 0.030 0.066 0.751 
 582 E _   0.021 0.114 0.002 0.034 0.019 0.032 0.063 0.714 
 583 G _   0.022 0.133 0.002 0.044 0.022 0.033 0.061 0.685 
 584 T _   0.022 0.145 0.002 0.051 0.023 0.033 0.059 0.665 
 585 I _   0.022 0.152 0.002 0.056 0.023 0.032 0.058 0.656 
 586 V _   0.021 0.152 0.002 0.056 0.022 0.030 0.057 0.660 
 587 Y _   0.020 0.147 0.002 0.051 0.020 0.027 0.057 0.675 
 588 R _   0.018 0.136 0.001 0.044 0.016 0.024 0.058 0.702 
 589 G _   0.017 0.117 0.001 0.034 0.013 0.022 0.059 0.738 
 590 M _   0.015 0.093 0.001 0.024 0.010 0.019 0.060 0.779 
 591 F _   0.013 0.069 0.001 0.015 0.007 0.017 0.060 0.819 
 592 D _   0.011 0.051 0.001 0.009 0.005 0.015 0.061 0.847 
 593 N _   0.010 0.042 0.000 0.006 0.003 0.014 0.061 0.863 
 594 R _   0.011 0.039 0.000 0.004 0.003 0.015 0.060 0.868 
 595 D _   0.012 0.039 0.000 0.004 0.003 0.016 0.060 0.865 
 596 V _   0.014 0.043 0.001 0.006 0.005 0.019 0.059 0.854 
 597 A _   0.017 0.053 0.001 0.009 0.007 0.023 0.057 0.833 
 598 V _   0.020 0.073 0.001 0.015 0.011 0.026 0.055 0.799 
 599 K _   0.022 0.102 0.001 0.021 0.014 0.030 0.053 0.756 
 600 R _   0.023 0.133 0.002 0.027 0.017 0.032 0.051 0.714 
 601 I _   0.024 0.159 0.002 0.032 0.019 0.033 0.050 0.681 
 602 L _   0.024 0.178 0.002 0.035 0.020 0.033 0.049 0.659 
 603 P _   0.024 0.190 0.001 0.036 0.020 0.033 0.048 0.647 
 604 E _   0.024 0.197 0.001 0.036 0.020 0.033 0.047 0.641 
 605 C _   0.023 0.200 0.001 0.035 0.019 0.032 0.047 0.642 
 606 F _   0.023 0.200 0.001 0.033 0.018 0.031 0.047 0.646 
 607 S _   0.022 0.198 0.001 0.032 0.017 0.029 0.048 0.653 
 608 F _   0.022 0.194 0.001 0.031 0.016 0.027 0.048 0.661 
 609 A _   0.021 0.188 0.001 0.031 0.014 0.025 0.049 0.670 
 610 D _   0.020 0.180 0.001 0.031 0.013 0.024 0.050 0.681 
 611 R _   0.019 0.170 0.001 0.030 0.012 0.021 0.052 0.695 
 612 E _   0.018 0.156 0.001 0.029 0.011 0.019 0.053 0.712 
 613 V _   0.017 0.138 0.001 0.027 0.009 0.017 0.055 0.736 
 614 Q _   0.015 0.114 0.001 0.023 0.008 0.015 0.057 0.765 
 615 L _   0.014 0.087 0.001 0.019 0.007 0.013 0.059 0.800 
 616 L _   0.012 0.060 0.001 0.014 0.005 0.011 0.061 0.835 
 617 R _   0.011 0.038 0.001 0.010 0.004 0.010 0.063 0.865 
 618 E _   0.009 0.022 0.000 0.007 0.003 0.008 0.064 0.887 
 619 S _   0.008 0.013 0.000 0.004 0.002 0.008 0.064 0.901 
 620 D _   0.007 0.009 0.000 0.004 0.002 0.007 0.064 0.907 
 621 E _   0.007 0.007 0.000 0.004 0.002 0.008 0.063 0.909 
 622 H _   0.007 0.007 0.000 0.005 0.002 0.009 0.063 0.906 
 623 P _   0.008 0.008 0.000 0.008 0.003 0.011 0.062 0.900 
 624 N _   0.009 0.009 0.001 0.012 0.005 0.013 0.060 0.891 
 625 V _   0.011 0.012 0.001 0.018 0.006 0.015 0.059 0.880 
 626 I _   0.011 0.013 0.001 0.023 0.008 0.016 0.058 0.870 
 627 R _   0.012 0.014 0.001 0.026 0.008 0.017 0.056 0.865 
 628 Y _   0.012 0.014 0.001 0.026 0.009 0.017 0.055 0.866 
 629 F _   0.013 0.012 0.001 0.023 0.008 0.017 0.054 0.872 
 630 C _   0.014 0.009 0.001 0.017 0.007 0.017 0.053 0.882 
 631 T _   0.018 0.006 0.001 0.012 0.005 0.017 0.052 0.890 
 632 E _   0.023 0.003 0.001 0.007 0.004 0.017 0.051 0.894 
 633 K _   0.033 0.001 0.000 0.004 0.004 0.018 0.050 0.890 
 634 D _   0.049 0.000 0.000 0.003 0.004 0.020 0.048 0.874 
 635 R _   0.076 0.000 0.001 0.002 0.006 0.025 0.047 0.844 
 636 Q _   0.119 0.000 0.001 0.002 0.009 0.031 0.044 0.794 
 637 F _   0.176 0.000 0.001 0.003 0.015 0.039 0.042 0.724 
 638 Q _   0.238 0.001 0.001 0.004 0.024 0.048 0.039 0.645 
 639 Y _   0.300 0.002 0.002 0.006 0.035 0.055 0.037 0.562 
 640 I _   0.354 0.004 0.002 0.009 0.047 0.061 0.036 0.487 
 641 A _   0.394 0.007 0.003 0.012 0.056 0.064 0.035 0.429 
 642 I H   0.423 0.010 0.003 0.015 0.063 0.065 0.034 0.388 
 643 E H   0.438 0.013 0.003 0.017 0.066 0.063 0.035 0.366 
 644 L H   0.441 0.015 0.003 0.018 0.065 0.061 0.035 0.361 
 645 C H   0.431 0.016 0.003 0.020 0.062 0.057 0.037 0.375 
 646 A H   0.408 0.016 0.003 0.021 0.057 0.052 0.039 0.405 
 647 A _   0.372 0.015 0.003 0.020 0.048 0.047 0.041 0.454 
 648 T _   0.324 0.013 0.002 0.019 0.038 0.041 0.044 0.518 
 649 L _   0.268 0.009 0.002 0.017 0.028 0.035 0.048 0.593 
 650 Q _   0.210 0.006 0.002 0.013 0.019 0.029 0.052 0.670 
 651 E _   0.154 0.004 0.001 0.010 0.012 0.023 0.055 0.741 
 652 Y _   0.108 0.002 0.001 0.007 0.007 0.018 0.057 0.800 
 653 V _   0.073 0.001 0.001 0.005 0.004 0.014 0.059 0.844 
 654 E _   0.048 0.000 0.000 0.003 0.003 0.012 0.060 0.874 
 655 Q _   0.033 0.000 0.000 0.002 0.002 0.011 0.060 0.891 
 656 K _   0.024 0.000 0.000 0.002 0.002 0.010 0.060 0.901 
 657 D _   0.020 0.000 0.000 0.002 0.002 0.011 0.060 0.905 
 658 F _   0.019 0.001 0.000 0.003 0.003 0.013 0.059 0.902 
 659 A _   0.020 0.003 0.000 0.004 0.004 0.017 0.058 0.894 
 660 H _   0.023 0.008 0.001 0.007 0.006 0.022 0.057 0.878 
 661 L _   0.027 0.018 0.001 0.011 0.010 0.028 0.055 0.852 
 662 G _   0.031 0.035 0.001 0.017 0.014 0.033 0.053 0.817 
 663 L _   0.034 0.056 0.002 0.023 0.019 0.038 0.050 0.778 
