#TopoPred_TM8: 8-state transmembrane topology prediction results by no_profile mode 
#probabilities are in the order of H E C I L F X _, the 8 transmembrane topology types used in PDBTM 
   1 M X   0.011 0.001 0.002 0.058 0.010 0.010 0.796 0.112 
   2 F X   0.005 0.000 0.000 0.037 0.002 0.006 0.822 0.128 
   3 Q X   0.002 0.000 0.000 0.021 0.001 0.004 0.829 0.142 
   4 A X   0.002 0.000 0.000 0.013 0.001 0.003 0.829 0.152 
   5 S X   0.002 0.000 0.000 0.009 0.001 0.003 0.824 0.160 
   6 M X   0.002 0.000 0.000 0.006 0.001 0.004 0.817 0.169 
   7 R X   0.002 0.000 0.000 0.005 0.001 0.004 0.810 0.178 
   8 S X   0.002 0.001 0.000 0.004 0.001 0.004 0.800 0.187 
   9 P X   0.003 0.001 0.000 0.004 0.001 0.004 0.789 0.198 
  10 N X   0.003 0.001 0.000 0.005 0.001 0.005 0.775 0.209 
  11 M X   0.003 0.002 0.000 0.006 0.002 0.005 0.760 0.222 
  12 E X   0.003 0.004 0.000 0.008 0.002 0.006 0.743 0.235 
  13 P X   0.003 0.005 0.000 0.009 0.003 0.006 0.725 0.249 
  14 F X   0.003 0.007 0.000 0.010 0.003 0.006 0.707 0.264 
  15 K X   0.003 0.009 0.000 0.011 0.003 0.007 0.688 0.279 
  16 Q X   0.003 0.011 0.000 0.011 0.003 0.007 0.669 0.295 
  17 Q X   0.003 0.013 0.000 0.011 0.003 0.007 0.651 0.312 
  18 K X   0.003 0.015 0.000 0.011 0.003 0.007 0.632 0.328 
  19 V X   0.003 0.018 0.000 0.011 0.003 0.007 0.612 0.345 
  20 E X   0.003 0.021 0.000 0.011 0.003 0.008 0.593 0.361 
  21 D X   0.004 0.025 0.000 0.011 0.003 0.008 0.573 0.376 
  22 F X   0.004 0.029 0.001 0.012 0.004 0.009 0.552 0.390 
  23 Y X   0.004 0.036 0.001 0.013 0.004 0.010 0.530 0.402 
  24 D X   0.004 0.043 0.001 0.014 0.005 0.011 0.507 0.413 
  25 I X   0.005 0.053 0.001 0.017 0.006 0.013 0.483 0.423 
  26 G X   0.005 0.065 0.001 0.019 0.007 0.014 0.459 0.430 
  27 E _   0.006 0.079 0.001 0.022 0.008 0.016 0.434 0.435 
  28 E _   0.007 0.094 0.001 0.025 0.009 0.017 0.409 0.437 
  29 L _   0.007 0.110 0.001 0.029 0.011 0.019 0.385 0.438 
  30 G _   0.008 0.125 0.001 0.033 0.012 0.020 0.363 0.439 
  31 S _   0.008 0.138 0.001 0.036 0.013 0.020 0.343 0.440 
  32 G _   0.009 0.148 0.001 0.040 0.014 0.021 0.326 0.442 
  33 Q _   0.009 0.155 0.001 0.042 0.014 0.020 0.312 0.447 
  34 F _   0.009 0.159 0.001 0.042 0.013 0.020 0.300 0.455 
  35 A _   0.009 0.159 0.001 0.041 0.012 0.019 0.290 0.468 
  36 I _   0.009 0.156 0.001 0.037 0.011 0.018 0.282 0.486 
  37 V _   0.009 0.150 0.001 0.031 0.010 0.016 0.275 0.508 
  38 K _   0.009 0.141 0.001 0.025 0.008 0.015 0.268 0.533 
  39 K _   0.008 0.129 0.001 0.019 0.007 0.013 0.263 0.560 
  40 C _   0.008 0.117 0.001 0.014 0.005 0.012 0.257 0.586 
  41 R _   0.008 0.107 0.001 0.011 0.004 0.012 0.252 0.607 
  42 E _   0.007 0.101 0.000 0.008 0.004 0.011 0.246 0.622 
  43 K _   0.007 0.098 0.000 0.008 0.004 0.011 0.241 0.631 
  44 S _   0.007 0.097 0.000 0.008 0.004 0.012 0.235 0.636 
  45 T _   0.008 0.100 0.001 0.010 0.005 0.013 0.228 0.636 
  46 G _   0.009 0.104 0.001 0.014 0.006 0.014 0.221 0.632 
  47 L _   0.009 0.110 0.001 0.019 0.007 0.015 0.214 0.626 
  48 E _   0.010 0.116 0.001 0.024 0.008 0.016 0.207 0.619 
  49 Y _   0.010 0.120 0.001 0.028 0.009 0.016 0.200 0.616 
  50 A _   0.010 0.121 0.001 0.031 0.010 0.016 0.195 0.616 
  51 A _   0.010 0.120 0.001 0.032 0.010 0.016 0.190 0.621 
  52 K _   0.010 0.116 0.001 0.031 0.009 0.015 0.187 0.630 
  53 F _   0.010 0.109 0.001 0.029 0.009 0.014 0.184 0.645 
  54 I _   0.009 0.097 0.001 0.025 0.008 0.013 0.182 0.664 
  55 K _   0.009 0.083 0.001 0.021 0.007 0.012 0.180 0.687 
  56 K _   0.009 0.067 0.001 0.017 0.006 0.011 0.179 0.711 
  57 R _   0.008 0.052 0.001 0.013 0.005 0.011 0.178 0.733 
  58 Q _   0.008 0.039 0.001 0.011 0.004 0.010 0.176 0.752 
  59 S _   0.007 0.029 0.000 0.009 0.003 0.009 0.175 0.767 
  60 R _   0.007 0.022 0.000 0.008 0.003 0.009 0.173 0.778 
  61 A _   0.007 0.017 0.000 0.007 0.003 0.009 0.171 0.785 
  62 S _   0.007 0.014 0.000 0.007 0.003 0.010 0.169 0.791 
  63 R _   0.007 0.013 0.000 0.007 0.003 0.010 0.166 0.794 
  64 R _   0.008 0.011 0.000 0.007 0.003 0.011 0.163 0.795 
  65 G _   0.008 0.011 0.000 0.008 0.004 0.013 0.160 0.796 
  66 V _   0.010 0.010 0.001 0.009 0.004 0.015 0.157 0.795 
  67 S _   0.011 0.010 0.001 0.009 0.005 0.017 0.153 0.794 
  68 R _   0.013 0.010 0.001 0.010 0.006 0.020 0.150 0.790 
  69 E _   0.016 0.011 0.001 0.011 0.007 0.023 0.146 0.786 
  70 E _   0.020 0.011 0.001 0.011 0.008 0.026 0.143 0.781 
  71 I _   0.024 0.011 0.001 0.011 0.010 0.030 0.139 0.773 
  72 E _   0.030 0.012 0.001 0.011 0.012 0.035 0.136 0.763 
  73 R _   0.037 0.014 0.001 0.012 0.014 0.039 0.132 0.751 
  74 E _   0.045 0.016 0.001 0.013 0.017 0.044 0.129 0.736 
  75 V _   0.052 0.018 0.001 0.014 0.021 0.048 0.126 0.719 
  76 S _   0.060 0.022 0.002 0.016 0.025 0.051 0.123 0.702 
  77 I _   0.067 0.025 0.002 0.018 0.029 0.054 0.120 0.685 
  78 L _   0.072 0.029 0.002 0.021 0.032 0.055 0.118 0.671 
  79 R _   0.076 0.033 0.002 0.023 0.034 0.056 0.116 0.660 
  80 Q _   0.077 0.036 0.002 0.026 0.034 0.055 0.116 0.655 
  81 V _   0.076 0.037 0.002 0.028 0.034 0.053 0.115 0.655 
  82 L _   0.073 0.038 0.002 0.029 0.032 0.049 0.115 0.662 
  83 H _   0.068 0.037 0.002 0.029 0.029 0.045 0.116 0.675 
  84 H _   0.062 0.036 0.002 0.028 0.025 0.041 0.116 0.690 
  85 N _   0.056 0.033 0.002 0.026 0.021 0.036 0.118 0.708 
  86 V _   0.050 0.029 0.001 0.024 0.017 0.032 0.120 0.728 
  87 I _   0.043 0.023 0.001 0.020 0.013 0.027 0.122 0.750 
  88 T _   0.035 0.017 0.001 0.016 0.010 0.023 0.123 0.774 
  89 L _   0.029 0.012 0.001 0.012 0.007 0.019 0.125 0.796 
  90 H _   0.023 0.007 0.001 0.008 0.005 0.016 0.126 0.815 
  91 D _   0.019 0.003 0.000 0.005 0.003 0.014 0.126 0.829 
  92 V _   0.016 0.001 0.000 0.003 0.003 0.012 0.126 0.837 
  93 Y _   0.015 0.001 0.000 0.002 0.002 0.012 0.126 0.842 
  94 E _   0.017 0.000 0.000 0.002 0.002 0.013 0.125 0.841 
  95 N _   0.021 0.000 0.000 0.002 0.003 0.016 0.123 0.835 
  96 R _   0.029 0.001 0.000 0.002 0.004 0.021 0.122 0.821 
  97 T _   0.040 0.002 0.001 0.004 0.007 0.028 0.119 0.799 
  98 D _   0.055 0.005 0.001 0.007 0.013 0.037 0.117 0.766 
  99 V _   0.071 0.015 0.001 0.011 0.021 0.046 0.113 0.721 
 100 V _   0.087 0.030 0.002 0.018 0.030 0.054 0.110 0.668 
 101 L _   0.101 0.049 0.002 0.025 0.039 0.061 0.107 0.616 
 102 I _   0.112 0.066 0.003 0.031 0.046 0.064 0.104 0.575 
 103 L _   0.119 0.078 0.002 0.035 0.049 0.066 0.103 0.548 
 104 E _   0.122 0.085 0.003 0.037 0.051 0.065 0.102 0.535 
 105 L _   0.122 0.089 0.002 0.037 0.050 0.063 0.102 0.534 
 106 V _   0.118 0.090 0.002 0.036 0.047 0.060 0.103 0.544 
 107 S _   0.112 0.088 0.002 0.034 0.042 0.055 0.104 0.562 
 108 G _   0.103 0.085 0.002 0.032 0.036 0.050 0.106 0.586 
 109 G _   0.094 0.079 0.002 0.030 0.029 0.045 0.109 0.613 
 110 E _   0.083 0.071 0.002 0.028 0.023 0.039 0.112 0.642 
 111 L _   0.071 0.062 0.001 0.025 0.018 0.034 0.115 0.674 
 112 F _   0.058 0.051 0.001 0.022 0.013 0.028 0.119 0.709 
 113 D _   0.045 0.038 0.001 0.018 0.010 0.023 0.122 0.743 
 114 F _   0.034 0.027 0.001 0.014 0.007 0.018 0.124 0.775 
 115 L _   0.025 0.017 0.001 0.010 0.005 0.014 0.126 0.802 
 116 A _   0.019 0.010 0.000 0.007 0.003 0.011 0.127 0.822 
 117 Q _   0.014 0.006 0.000 0.005 0.002 0.009 0.128 0.837 
 118 K _   0.010 0.004 0.000 0.003 0.002 0.008 0.127 0.846 
 119 E _   0.008 0.003 0.000 0.003 0.001 0.007 0.127 0.851 
 120 S _   0.008 0.002 0.000 0.002 0.001 0.008 0.125 0.853 
 121 L _   0.008 0.003 0.000 0.003 0.002 0.009 0.123 0.853 
 122 S _   0.009 0.004 0.000 0.004 0.002 0.011 0.121 0.849 
 123 E _   0.011 0.008 0.000 0.006 0.004 0.014 0.117 0.840 
 124 E _   0.013 0.017 0.001 0.009 0.006 0.018 0.113 0.823 
 125 E _   0.016 0.032 0.001 0.015 0.009 0.022 0.108 0.798 
 126 A _   0.018 0.052 0.001 0.022 0.013 0.026 0.102 0.765 
 127 T _   0.020 0.075 0.001 0.029 0.016 0.029 0.097 0.733 
 128 S _   0.022 0.095 0.002 0.035 0.019 0.032 0.092 0.705 
 129 F _   0.023 0.110 0.002 0.040 0.021 0.033 0.088 0.685 
 130 I _   0.024 0.120 0.002 0.043 0.022 0.033 0.084 0.672 
 131 K _   0.024 0.125 0.002 0.044 0.022 0.033 0.082 0.669 
 132 Q _   0.024 0.127 0.001 0.042 0.021 0.031 0.080 0.673 
 133 I _   0.024 0.126 0.001 0.039 0.019 0.030 0.079 0.683 
 134 L _   0.023 0.121 0.001 0.035 0.017 0.028 0.078 0.698 
 135 D _   0.022 0.113 0.001 0.030 0.014 0.025 0.077 0.717 
 136 G _   0.021 0.104 0.001 0.025 0.012 0.023 0.077 0.737 
 137 V _   0.020 0.093 0.001 0.021 0.010 0.021 0.076 0.757 
 138 N _   0.018 0.082 0.001 0.018 0.009 0.019 0.076 0.776 
 139 Y _   0.017 0.072 0.001 0.016 0.008 0.018 0.076 0.793 
 140 L _   0.015 0.064 0.001 0.015 0.007 0.016 0.076 0.807 
 141 H _   0.014 0.056 0.001 0.014 0.006 0.015 0.076 0.819 
 142 T _   0.012 0.050 0.001 0.013 0.006 0.014 0.076 0.829 
 143 K _   0.011 0.044 0.001 0.012 0.005 0.013 0.075 0.839 
 144 K _   0.010 0.039 0.001 0.011 0.005 0.012 0.075 0.847 
 145 I _   0.009 0.035 0.001 0.011 0.004 0.011 0.075 0.855 
 146 A _   0.009 0.032 0.000 0.010 0.004 0.010 0.074 0.861 
 147 H _   0.008 0.028 0.000 0.010 0.004 0.010 0.073 0.866 
 148 F _   0.008 0.026 0.000 0.009 0.004 0.009 0.073 0.871 
 149 D _   0.008 0.024 0.000 0.009 0.004 0.009 0.072 0.874 
 150 L _   0.008 0.022 0.000 0.010 0.004 0.010 0.071 0.875 
 151 K _   0.008 0.022 0.000 0.010 0.004 0.010 0.070 0.875 
 152 P _   0.008 0.021 0.001 0.012 0.004 0.010 0.070 0.874 
 153 E _   0.009 0.020 0.001 0.013 0.005 0.011 0.069 0.873 
 154 N _   0.009 0.020 0.001 0.014 0.005 0.011 0.068 0.872 
 155 I _   0.009 0.019 0.001 0.015 0.005 0.011 0.068 0.872 
 156 M _   0.010 0.018 0.001 0.014 0.005 0.011 0.067 0.874 
 157 L _   0.010 0.016 0.001 0.014 0.005 0.011 0.067 0.878 
 158 L _   0.009 0.014 0.001 0.012 0.005 0.010 0.066 0.883 
 159 D _   0.009 0.012 0.001 0.010 0.004 0.010 0.066 0.889 
 160 K _   0.009 0.010 0.000 0.008 0.004 0.010 0.065 0.894 
 161 N _   0.009 0.008 0.000 0.006 0.003 0.010 0.065 0.899 
 162 I _   0.009 0.007 0.000 0.005 0.003 0.010 0.064 0.901 
 163 P _   0.010 0.007 0.000 0.005 0.003 0.011 0.063 0.902 
 164 I _   0.011 0.007 0.000 0.006 0.004 0.012 0.062 0.899 
 165 P _   0.012 0.008 0.000 0.007 0.004 0.014 0.060 0.894 
 166 H _   0.013 0.011 0.001 0.009 0.006 0.016 0.059 0.886 
 167 I _   0.014 0.014 0.001 0.012 0.007 0.017 0.057 0.876 
 168 K _   0.016 0.019 0.001 0.017 0.009 0.019 0.055 0.865 
 169 L _   0.016 0.023 0.001 0.021 0.011 0.020 0.054 0.854 
 170 I _   0.017 0.027 0.001 0.025 0.012 0.021 0.052 0.846 
 171 D _   0.016 0.030 0.001 0.027 0.012 0.021 0.051 0.842 
 172 F _   0.016 0.031 0.001 0.028 0.012 0.020 0.049 0.843 
 173 G _   0.015 0.031 0.001 0.027 0.011 0.019 0.048 0.848 
 174 L _   0.014 0.029 0.001 0.024 0.010 0.018 0.048 0.856 
 175 A _   0.013 0.026 0.001 0.021 0.009 0.016 0.047 0.867 
 176 H _   0.012 0.023 0.001 0.017 0.007 0.015 0.046 0.880 
 177 E _   0.011 0.019 0.001 0.013 0.006 0.013 0.046 0.892 
 178 I _   0.010 0.016 0.001 0.010 0.005 0.012 0.045 0.901 
 179 E _   0.010 0.013 0.000 0.008 0.004 0.012 0.045 0.908 
 180 D _   0.010 0.012 0.000 0.007 0.004 0.011 0.044 0.912 
 181 G _   0.010 0.011 0.000 0.007 0.004 0.012 0.043 0.914 
 182 V _   0.011 0.011 0.000 0.007 0.004 0.012 0.042 0.913 
 183 E _   0.011 0.011 0.001 0.008 0.004 0.013 0.041 0.911 
 184 F _   0.012 0.012 0.001 0.009 0.005 0.014 0.040 0.907 
 185 K _   0.013 0.013 0.001 0.011 0.006 0.015 0.039 0.902 
 186 N _   0.014 0.015 0.001 0.013 0.007 0.017 0.037 0.896 
 187 I _   0.015 0.017 0.001 0.015 0.008 0.018 0.036 0.890 
 188 F _   0.016 0.020 0.001 0.017 0.009 0.019 0.035 0.884 
 189 G _   0.016 0.021 0.001 0.019 0.010 0.020 0.033 0.879 
 190 T _   0.017 0.023 0.001 0.021 0.011 0.020 0.032 0.875 
 191 P _   0.017 0.024 0.001 0.022 0.011 0.020 0.031 0.873 
 192 E _   0.017 0.024 0.001 0.023 0.011 0.020 0.030 0.873 
 193 F _   0.016 0.024 0.001 0.023 0.011 0.019 0.030 0.876 
 194 V _   0.016 0.022 0.001 0.023 0.010 0.019 0.029 0.880 
 195 A _   0.015 0.021 0.001 0.022 0.010 0.017 0.028 0.886 
 196 P _   0.015 0.018 0.001 0.020 0.009 0.016 0.028 0.894 
 197 E _   0.014 0.015 0.001 0.017 0.007 0.015 0.027 0.904 
 198 I _   0.014 0.012 0.001 0.014 0.006 0.013 0.027 0.913 
 199 V _   0.014 0.008 0.001 0.011 0.005 0.012 0.026 0.922 
 200 N _   0.016 0.005 0.001 0.009 0.004 0.011 0.025 0.929 
 201 Y _   0.018 0.003 0.000 0.006 0.004 0.010 0.025 0.934 
 202 E _   0.023 0.002 0.000 0.005 0.003 0.010 0.024 0.934 
 203 P _   0.032 0.001 0.000 0.004 0.003 0.009 0.022 0.928 
 204 L _   0.047 0.000 0.000 0.003 0.003 0.010 0.021 0.916 
 205 G _   0.073 0.000 0.000 0.002 0.004 0.010 0.019 0.891 
 206 L _   0.114 0.000 0.001 0.002 0.005 0.011 0.017 0.851 
 207 E _   0.175 0.000 0.001 0.002 0.006 0.013 0.014 0.789 
 208 A _   0.261 0.000 0.001 0.001 0.008 0.014 0.012 0.703 
 209 D _   0.364 0.000 0.001 0.001 0.010 0.015 0.009 0.599 
 210 M _   0.481 0.000 0.001 0.001 0.012 0.016 0.007 0.481 
 211 W H   0.593 0.000 0.001 0.001 0.015 0.016 0.005 0.368 
 212 S H   0.691 0.000 0.001 0.001 0.017 0.016 0.004 0.270 
 213 I H   0.764 0.000 0.001 0.001 0.019 0.015 0.003 0.197 
 214 G H   0.815 0.000 0.001 0.001 0.020 0.014 0.002 0.147 
 215 V H   0.847 0.000 0.001 0.001 0.021 0.012 0.002 0.117 
 216 I H   0.862 0.000 0.001 0.001 0.021 0.011 0.002 0.102 
 217 T H   0.864 0.000 0.001 0.001 0.021 0.011 0.002 0.100 
 218 Y H   0.853 0.000 0.001 0.001 0.022 0.010 0.003 0.109 
 219 I H   0.828 0.000 0.001 0.001 0.022 0.011 0.003 0.133 
 220 L H   0.782 0.000 0.002 0.002 0.022 0.011 0.005 0.176 
 221 L H   0.710 0.000 0.002 0.002 0.021 0.012 0.006 0.247 
 222 S H   0.615 0.000 0.002 0.003 0.019 0.012 0.009 0.341 
 223 G H   0.504 0.000 0.002 0.003 0.015 0.012 0.013 0.452 
 224 A _   0.390 0.000 0.001 0.003 0.012 0.012 0.017 0.565 
 225 S _   0.284 0.000 0.001 0.003 0.008 0.011 0.021 0.672 
 226 P _   0.195 0.000 0.001 0.003 0.006 0.010 0.024 0.761 
 227 F _   0.127 0.000 0.001 0.003 0.004 0.010 0.027 0.829 
 228 L _   0.081 0.000 0.000 0.003 0.003 0.009 0.029 0.874 
 229 G _   0.052 0.000 0.000 0.003 0.003 0.009 0.031 0.902 
 230 D _   0.035 0.000 0.000 0.003 0.002 0.010 0.032 0.917 
 231 T _   0.026 0.001 0.000 0.003 0.003 0.011 0.033 0.923 
 232 K _   0.022 0.003 0.000 0.005 0.004 0.013 0.034 0.920 
 233 Q _   0.020 0.008 0.001 0.008 0.005 0.015 0.034 0.910 
 234 E _   0.019 0.017 0.001 0.013 0.008 0.018 0.034 0.891 
 235 T _   0.020 0.031 0.001 0.020 0.011 0.021 0.034 0.863 
 236 L _   0.020 0.047 0.001 0.029 0.013 0.023 0.034 0.832 
 237 A _   0.020 0.062 0.001 0.038 0.016 0.025 0.034 0.805 
 238 N _   0.020 0.072 0.001 0.044 0.017 0.025 0.035 0.785 
 239 I _   0.019 0.078 0.001 0.048 0.018 0.025 0.035 0.776 
 240 T _   0.019 0.079 0.001 0.048 0.017 0.024 0.037 0.776 
 241 A _   0.018 0.077 0.001 0.044 0.015 0.022 0.038 0.784 
 242 V _   0.016 0.072 0.001 0.038 0.013 0.020 0.040 0.800 
 243 S _   0.015 0.062 0.001 0.030 0.011 0.018 0.042 0.821 
 244 Y _   0.014 0.050 0.001 0.023 0.008 0.016 0.044 0.845 
 245 D _   0.012 0.037 0.001 0.016 0.006 0.014 0.046 0.868 
 246 F _   0.011 0.026 0.001 0.012 0.005 0.012 0.048 0.886 
 247 D _   0.010 0.018 0.000 0.008 0.004 0.011 0.050 0.899 
 248 E _   0.009 0.014 0.000 0.007 0.003 0.010 0.051 0.907 
 249 E _   0.008 0.011 0.000 0.006 0.003 0.010 0.052 0.911 
 250 F _   0.008 0.009 0.000 0.005 0.003 0.009 0.052 0.913 
 251 F _   0.008 0.008 0.000 0.006 0.003 0.010 0.052 0.912 
 252 S _   0.008 0.008 0.000 0.006 0.003 0.010 0.053 0.910 
 253 Q _   0.009 0.009 0.000 0.007 0.004 0.011 0.053 0.907 
 254 T _   0.009 0.010 0.000 0.009 0.004 0.013 0.052 0.903 
 255 S _   0.010 0.011 0.001 0.010 0.005 0.014 0.052 0.898 
 256 E _   0.011 0.012 0.001 0.011 0.006 0.015 0.052 0.892 
 257 L _   0.013 0.014 0.001 0.012 0.007 0.017 0.052 0.885 
 258 A _   0.015 0.015 0.001 0.014 0.008 0.019 0.052 0.878 
 259 K _   0.017 0.017 0.001 0.016 0.009 0.020 0.052 0.869 
 260 D _   0.018 0.018 0.001 0.017 0.010 0.021 0.052 0.862 
 261 F _   0.020 0.020 0.001 0.019 0.011 0.023 0.052 0.856 
 262 I _   0.022 0.020 0.001 0.020 0.011 0.023 0.052 0.851 
 263 R _   0.023 0.021 0.001 0.020 0.011 0.024 0.053 0.848 
 264 K _   0.024 0.020 0.001 0.019 0.011 0.023 0.054 0.848 
 265 L _   0.024 0.019 0.001 0.017 0.010 0.023 0.055 0.851 
 266 L _   0.024 0.017 0.001 0.015 0.009 0.022 0.056 0.857 
 267 V _   0.024 0.015 0.001 0.012 0.008 0.021 0.057 0.863 
 268 K _   0.023 0.013 0.001 0.010 0.007 0.021 0.057 0.868 
 269 E _   0.023 0.012 0.001 0.008 0.006 0.020 0.058 0.872 
 270 T _   0.023 0.011 0.001 0.007 0.006 0.020 0.059 0.873 
 271 R _   0.024 0.011 0.001 0.007 0.006 0.021 0.059 0.871 
 272 K _   0.025 0.012 0.001 0.009 0.007 0.021 0.060 0.866 
 273 R _   0.026 0.014 0.001 0.011 0.008 0.022 0.061 0.858 
 274 L _   0.026 0.017 0.001 0.014 0.010 0.023 0.061 0.848 
 275 T _   0.027 0.020 0.001 0.018 0.011 0.024 0.062 0.837 
 276 I _   0.027 0.023 0.001 0.022 0.012 0.024 0.063 0.828 
 277 Q _   0.027 0.025 0.001 0.025 0.013 0.023 0.064 0.822 
 278 E _   0.026 0.026 0.001 0.026 0.013 0.022 0.065 0.821 
 279 A _   0.024 0.026 0.001 0.026 0.012 0.020 0.067 0.824 
 280 L _   0.022 0.024 0.001 0.024 0.010 0.018 0.069 0.831 
 281 R _   0.020 0.021 0.001 0.020 0.009 0.016 0.071 0.842 
 282 H _   0.018 0.018 0.001 0.016 0.007 0.014 0.073 0.854 
 283 P _   0.015 0.014 0.001 0.012 0.005 0.012 0.075 0.867 
 284 W _   0.013 0.010 0.001 0.009 0.004 0.010 0.077 0.877 
 285 I _   0.011 0.007 0.000 0.006 0.003 0.009 0.078 0.885 
 286 T _   0.009 0.006 0.000 0.005 0.002 0.008 0.079 0.891 
 287 P _   0.008 0.005 0.000 0.004 0.002 0.008 0.080 0.893 
 288 V _   0.008 0.005 0.000 0.004 0.002 0.008 0.080 0.894 
 289 D _   0.008 0.006 0.000 0.004 0.002 0.009 0.080 0.892 
 290 N _   0.008 0.007 0.000 0.005 0.003 0.010 0.079 0.887 
 291 Q _   0.009 0.011 0.000 0.007 0.004 0.012 0.078 0.878 
 292 Q _   0.010 0.018 0.001 0.011 0.005 0.014 0.077 0.864 
 293 A _   0.011 0.028 0.001 0.015 0.007 0.016 0.076 0.845 
 294 M _   0.012 0.040 0.001 0.021 0.009 0.019 0.074 0.824 
 295 V _   0.012 0.052 0.001 0.026 0.011 0.020 0.073 0.805 
 296 R _   0.012 0.061 0.001 0.031 0.012 0.021 0.072 0.790 
 297 R _   0.012 0.067 0.001 0.034 0.013 0.022 0.071 0.779 
 298 E _   0.013 0.071 0.001 0.036 0.014 0.022 0.071 0.773 
 299 S _   0.013 0.072 0.001 0.036 0.014 0.022 0.071 0.771 
 300 V _   0.013 0.071 0.001 0.034 0.013 0.022 0.072 0.774 
 301 V _   0.014 0.068 0.001 0.031 0.012 0.021 0.072 0.780 
 302 N _   0.014 0.063 0.001 0.028 0.011 0.021 0.074 0.788 
 303 L _   0.015 0.055 0.001 0.025 0.010 0.020 0.075 0.798 
 304 E _   0.016 0.047 0.001 0.021 0.009 0.020 0.077 0.809 
 305 N _   0.017 0.037 0.001 0.018 0.009 0.019 0.079 0.820 
 306 F _   0.019 0.028 0.001 0.015 0.008 0.019 0.081 0.831 
 307 R _   0.022 0.019 0.001 0.012 0.007 0.018 0.083 0.839 
 308 K _   0.025 0.012 0.001 0.009 0.006 0.018 0.085 0.843 
 309 Q _   0.031 0.007 0.001 0.007 0.006 0.018 0.086 0.844 
 310 Y _   0.040 0.004 0.001 0.006 0.005 0.019 0.088 0.839 
 311 V _   0.053 0.002 0.001 0.004 0.005 0.019 0.089 0.827 
 312 R _   0.073 0.001 0.001 0.003 0.005 0.021 0.089 0.807 
 313 R _   0.101 0.000 0.001 0.003 0.006 0.023 0.090 0.776 
 314 R _   0.139 0.000 0.001 0.003 0.008 0.026 0.090 0.733 
 315 W _   0.189 0.000 0.001 0.002 0.011 0.030 0.091 0.675 
 316 K _   0.250 0.000 0.001 0.003 0.017 0.035 0.091 0.603 
 317 L _   0.314 0.000 0.001 0.003 0.024 0.040 0.093 0.525 
 318 S _   0.377 0.000 0.002 0.004 0.032 0.045 0.095 0.446 
 319 F H   0.431 0.001 0.002 0.005 0.040 0.048 0.098 0.376 
 320 S H   0.473 0.001 0.002 0.006 0.046 0.049 0.103 0.319 
 321 I H   0.499 0.002 0.002 0.008 0.051 0.049 0.110 0.280 
 322 V H   0.510 0.002 0.003 0.009 0.053 0.048 0.119 0.256 
 323 S H   0.508 0.002 0.003 0.010 0.053 0.047 0.130 0.247 
 324 L H   0.493 0.002 0.003 0.011 0.051 0.045 0.144 0.252 
 325 C H   0.467 0.002 0.003 0.010 0.046 0.042 0.161 0.269 
 326 N H   0.430 0.002 0.003 0.009 0.041 0.039 0.181 0.295 
 327 H H   0.382 0.001 0.002 0.008 0.034 0.037 0.206 0.329 
 328 L _   0.327 0.001 0.002 0.008 0.028 0.034 0.234 0.366 
 329 T _   0.269 0.001 0.002 0.008 0.022 0.031 0.265 0.401 
 330 R _   0.212 0.001 0.002 0.009 0.018 0.028 0.299 0.431 
 331 S _   0.162 0.001 0.001 0.011 0.014 0.025 0.333 0.452 
 332 L _   0.120 0.001 0.001 0.012 0.012 0.022 0.366 0.465 
 333 M _   0.086 0.001 0.001 0.014 0.010 0.019 0.397 0.471 
 334 K _   0.060 0.001 0.001 0.014 0.008 0.017 0.426 0.472 
 335 K _   0.041 0.002 0.001 0.014 0.006 0.014 0.453 0.470 
 336 V X   0.028 0.002 0.001 0.012 0.005 0.012 0.477 0.464 
 337 H X   0.019 0.001 0.001 0.010 0.004 0.009 0.498 0.457 
 338 L X   0.013 0.001 0.000 0.008 0.003 0.008 0.517 0.449 
 339 R X   0.009 0.001 0.000 0.007 0.002 0.006 0.533 0.441 
 340 P X   0.007 0.001 0.000 0.005 0.002 0.005 0.547 0.433 
 341 D X   0.005 0.001 0.000 0.004 0.001 0.004 0.559 0.425 
 342 E X   0.004 0.001 0.000 0.003 0.001 0.003 0.570 0.417 
 343 D X   0.003 0.001 0.000 0.003 0.001 0.003 0.578 0.410 
 344 L X   0.003 0.001 0.000 0.003 0.001 0.003 0.584 0.404 
 345 R X   0.003 0.002 0.000 0.003 0.001 0.003 0.590 0.399 
 346 N X   0.002 0.003 0.000 0.003 0.001 0.003 0.594 0.394 
 347 C X   0.002 0.005 0.000 0.004 0.001 0.003 0.597 0.388 
 348 E X   0.002 0.007 0.000 0.004 0.001 0.004 0.599 0.382 
 349 S X   0.002 0.011 0.000 0.006 0.001 0.005 0.600 0.375 
 350 D X   0.002 0.017 0.000 0.008 0.002 0.005 0.601 0.365 
 351 T X   0.003 0.025 0.000 0.010 0.002 0.006 0.601 0.352 
 352 E X   0.003 0.035 0.000 0.013 0.003 0.007 0.601 0.338 
 353 E X   0.003 0.046 0.000 0.017 0.004 0.008 0.601 0.321 
 354 D X   0.003 0.058 0.000 0.021 0.004 0.009 0.601 0.302 
 355 I X   0.003 0.069 0.001 0.026 0.005 0.010 0.602 0.284 
 356 A X   0.003 0.077 0.001 0.031 0.006 0.011 0.604 0.268 
 357 R X   0.004 0.083 0.001 0.035 0.006 0.011 0.607 0.254 
 358 R X   0.004 0.086 0.001 0.037 0.007 0.011 0.612 0.243 
 359 K X   0.004 0.087 0.001 0.038 0.007 0.011 0.619 0.234 
 360 A X   0.004 0.085 0.001 0.036 0.006 0.011 0.629 0.228 
 361 L X   0.004 0.081 0.001 0.033 0.006 0.010 0.640 0.225 
 362 H X   0.004 0.074 0.001 0.028 0.005 0.009 0.653 0.226 
 363 P X   0.003 0.064 0.001 0.023 0.005 0.007 0.668 0.229 
 364 R X   0.003 0.053 0.000 0.017 0.004 0.006 0.684 0.233 
 365 R X   0.002 0.040 0.000 0.012 0.002 0.004 0.701 0.238 
 366 R X   0.001 0.026 0.000 0.007 0.001 0.002 0.716 0.246 
 367 S X   0.000 0.014 0.000 0.003 0.000 0.001 0.727 0.254 
 368 S X   0.000 0.008 0.000 0.002 0.000 0.000 0.730 0.260 
 369 T X   0.000 0.006 0.000 0.002 0.000 0.000 0.728 0.264 
 370 S X   0.002 0.006 0.001 0.008 0.002 0.002 0.715 0.265 
