#TopoPred_TM8: 8-state transmembrane topology prediction results by no_profile mode 
#probabilities are in the order of H E C I L F X _, the 8 transmembrane topology types used in PDBTM 
   1 M X   0.006 0.000 0.002 0.028 0.006 0.006 0.906 0.046 
   2 A X   0.002 0.000 0.000 0.014 0.001 0.002 0.932 0.049 
   3 A X   0.001 0.000 0.000 0.007 0.000 0.001 0.939 0.052 
   4 S X   0.001 0.000 0.000 0.005 0.000 0.001 0.940 0.053 
   5 S X   0.001 0.000 0.000 0.004 0.000 0.002 0.939 0.054 
   6 L X   0.001 0.000 0.000 0.004 0.001 0.002 0.937 0.056 
   7 E X   0.001 0.000 0.000 0.004 0.001 0.002 0.935 0.057 
   8 Q X   0.001 0.001 0.000 0.004 0.001 0.003 0.932 0.059 
   9 K X   0.001 0.001 0.000 0.004 0.001 0.003 0.929 0.061 
  10 L X   0.001 0.001 0.000 0.005 0.001 0.003 0.926 0.063 
  11 S X   0.001 0.001 0.000 0.005 0.001 0.003 0.923 0.066 
  12 R X   0.001 0.001 0.000 0.005 0.001 0.002 0.921 0.069 
  13 L X   0.001 0.001 0.000 0.004 0.001 0.002 0.919 0.071 
  14 E X   0.001 0.001 0.000 0.004 0.001 0.002 0.917 0.074 
  15 A X   0.001 0.001 0.000 0.003 0.001 0.002 0.915 0.077 
  16 K X   0.001 0.001 0.000 0.002 0.001 0.002 0.914 0.080 
  17 L X   0.001 0.001 0.000 0.002 0.001 0.001 0.912 0.082 
  18 K X   0.001 0.001 0.000 0.002 0.001 0.001 0.910 0.085 
  19 Q X   0.001 0.001 0.000 0.002 0.001 0.001 0.907 0.087 
  20 E X   0.001 0.001 0.000 0.002 0.001 0.002 0.905 0.090 
  21 N X   0.001 0.001 0.000 0.002 0.001 0.002 0.902 0.092 
  22 R X   0.001 0.001 0.000 0.003 0.001 0.002 0.899 0.094 
  23 E X   0.001 0.001 0.000 0.003 0.001 0.002 0.896 0.095 
  24 A X   0.001 0.002 0.000 0.004 0.001 0.002 0.893 0.097 
  25 R X   0.001 0.002 0.000 0.005 0.001 0.002 0.890 0.099 
  26 R X   0.001 0.002 0.000 0.005 0.001 0.002 0.888 0.100 
  27 R X   0.001 0.002 0.000 0.005 0.001 0.002 0.886 0.102 
  28 I X   0.001 0.002 0.000 0.005 0.001 0.002 0.884 0.104 
  29 D X   0.001 0.002 0.000 0.004 0.001 0.002 0.883 0.106 
  30 L X   0.001 0.002 0.000 0.004 0.001 0.002 0.882 0.108 
  31 N X   0.001 0.002 0.000 0.003 0.001 0.002 0.881 0.110 
  32 L X   0.001 0.001 0.000 0.002 0.001 0.002 0.880 0.112 
  33 D X   0.001 0.001 0.000 0.002 0.001 0.002 0.879 0.114 
  34 I X   0.001 0.001 0.000 0.002 0.001 0.002 0.878 0.116 
  35 S X   0.001 0.001 0.000 0.001 0.001 0.002 0.876 0.118 
  36 P X   0.001 0.001 0.000 0.001 0.001 0.002 0.874 0.120 
  37 Q X   0.001 0.001 0.000 0.002 0.001 0.002 0.872 0.122 
  38 R X   0.001 0.001 0.000 0.002 0.001 0.002 0.869 0.124 
  39 P X   0.001 0.002 0.000 0.003 0.001 0.002 0.865 0.125 
  40 R X   0.001 0.003 0.000 0.004 0.001 0.003 0.861 0.126 
  41 P X   0.001 0.003 0.000 0.006 0.001 0.003 0.857 0.127 
  42 T X   0.002 0.004 0.000 0.007 0.002 0.003 0.853 0.129 
  43 L X   0.001 0.005 0.000 0.009 0.002 0.003 0.850 0.130 
  44 Q X   0.001 0.005 0.000 0.009 0.002 0.003 0.847 0.132 
  45 L X   0.001 0.005 0.000 0.009 0.002 0.003 0.844 0.134 
  46 P X   0.001 0.005 0.000 0.008 0.002 0.003 0.843 0.138 
  47 L X   0.001 0.005 0.000 0.007 0.001 0.003 0.841 0.141 
  48 A X   0.001 0.004 0.000 0.006 0.001 0.002 0.840 0.145 
  49 N X   0.001 0.004 0.000 0.005 0.001 0.002 0.839 0.148 
  50 D X   0.001 0.003 0.000 0.004 0.001 0.002 0.838 0.151 
  51 G X   0.001 0.003 0.000 0.003 0.001 0.002 0.837 0.153 
  52 G X   0.001 0.002 0.000 0.003 0.001 0.002 0.835 0.156 
  53 S X   0.001 0.002 0.000 0.003 0.001 0.002 0.833 0.158 
  54 R X   0.001 0.002 0.000 0.003 0.001 0.002 0.831 0.160 
  55 S X   0.001 0.002 0.000 0.003 0.001 0.002 0.828 0.163 
  56 P X   0.002 0.002 0.000 0.003 0.001 0.002 0.824 0.167 
  57 S X   0.002 0.002 0.000 0.003 0.001 0.002 0.820 0.171 
  58 S X   0.002 0.002 0.000 0.003 0.001 0.002 0.815 0.175 
  59 E X   0.002 0.002 0.000 0.003 0.001 0.002 0.809 0.181 
  60 S X   0.002 0.002 0.000 0.003 0.001 0.002 0.802 0.188 
  61 S X   0.002 0.002 0.000 0.003 0.001 0.003 0.793 0.197 
  62 P X   0.002 0.002 0.000 0.003 0.001 0.003 0.784 0.206 
  63 Q X   0.002 0.002 0.000 0.003 0.001 0.003 0.772 0.217 
  64 H X   0.002 0.003 0.000 0.003 0.001 0.003 0.758 0.230 
  65 P X   0.002 0.004 0.000 0.004 0.001 0.004 0.740 0.244 
  66 T X   0.002 0.007 0.000 0.005 0.002 0.006 0.718 0.260 
  67 P X   0.003 0.013 0.000 0.008 0.003 0.008 0.689 0.277 
  68 P X   0.004 0.025 0.001 0.013 0.004 0.012 0.650 0.291 
  69 A X   0.005 0.051 0.001 0.021 0.008 0.016 0.599 0.300 
  70 R X   0.006 0.097 0.002 0.031 0.012 0.020 0.533 0.298 
  71 P X   0.007 0.168 0.002 0.043 0.017 0.024 0.456 0.283 
  72 R X   0.007 0.254 0.003 0.053 0.020 0.025 0.379 0.259 
  73 H E   0.006 0.336 0.003 0.059 0.020 0.024 0.315 0.236 
  74 M E   0.006 0.402 0.002 0.062 0.019 0.023 0.267 0.220 
  75 L E   0.005 0.446 0.002 0.062 0.017 0.021 0.234 0.213 
  76 G E   0.005 0.472 0.001 0.060 0.016 0.020 0.211 0.215 
  77 L E   0.005 0.487 0.001 0.056 0.014 0.019 0.195 0.224 
  78 P E   0.005 0.492 0.001 0.051 0.013 0.018 0.182 0.238 
  79 S E   0.005 0.492 0.001 0.044 0.012 0.017 0.172 0.257 
  80 T E   0.006 0.485 0.001 0.038 0.011 0.016 0.164 0.280 
  81 L E   0.006 0.473 0.001 0.031 0.010 0.016 0.157 0.306 
  82 F E   0.007 0.458 0.001 0.025 0.009 0.015 0.151 0.335 
  83 T E   0.007 0.440 0.001 0.020 0.008 0.015 0.146 0.363 
  84 P E   0.007 0.424 0.001 0.017 0.007 0.014 0.142 0.388 
  85 R E   0.008 0.411 0.001 0.015 0.007 0.014 0.138 0.408 
  86 S _   0.008 0.399 0.001 0.014 0.006 0.014 0.133 0.425 
  87 M _   0.008 0.391 0.001 0.013 0.006 0.014 0.129 0.438 
  88 E _   0.008 0.384 0.001 0.013 0.006 0.014 0.125 0.449 
  89 S _   0.008 0.378 0.001 0.013 0.006 0.014 0.121 0.459 
  90 I _   0.008 0.373 0.001 0.013 0.006 0.014 0.117 0.468 
  91 E _   0.008 0.368 0.001 0.013 0.006 0.014 0.113 0.477 
  92 I _   0.008 0.363 0.001 0.013 0.006 0.014 0.110 0.485 
  93 D _   0.009 0.358 0.001 0.013 0.006 0.014 0.106 0.494 
  94 Q _   0.009 0.352 0.001 0.012 0.006 0.014 0.102 0.502 
  95 K _   0.009 0.348 0.001 0.012 0.006 0.015 0.099 0.510 
  96 L _   0.010 0.344 0.001 0.012 0.007 0.015 0.096 0.516 
  97 Q _   0.011 0.341 0.001 0.012 0.007 0.016 0.093 0.521 
  98 E _   0.011 0.339 0.001 0.012 0.007 0.016 0.090 0.524 
  99 I _   0.012 0.338 0.001 0.012 0.007 0.017 0.087 0.526 
 100 M _   0.013 0.338 0.001 0.013 0.008 0.017 0.084 0.527 
 101 K _   0.013 0.339 0.001 0.014 0.008 0.018 0.081 0.527 
 102 Q _   0.013 0.340 0.001 0.015 0.009 0.018 0.079 0.526 
 103 T _   0.014 0.341 0.001 0.016 0.009 0.018 0.076 0.525 
 104 G _   0.014 0.342 0.001 0.018 0.010 0.018 0.074 0.525 
 105 Y _   0.014 0.342 0.001 0.019 0.010 0.017 0.072 0.525 
 106 L _   0.013 0.341 0.001 0.021 0.010 0.017 0.070 0.527 
 107 T _   0.013 0.338 0.001 0.022 0.010 0.016 0.069 0.530 
 108 I _   0.013 0.333 0.001 0.024 0.010 0.016 0.068 0.536 
 109 G _   0.012 0.325 0.001 0.024 0.009 0.015 0.067 0.546 
 110 G _   0.012 0.312 0.001 0.024 0.009 0.014 0.067 0.562 
 111 Q _   0.011 0.294 0.001 0.023 0.008 0.013 0.067 0.583 
 112 R _   0.010 0.272 0.001 0.021 0.007 0.012 0.067 0.609 
 113 Y _   0.009 0.247 0.001 0.018 0.006 0.011 0.068 0.640 
 114 Q _   0.008 0.221 0.001 0.015 0.005 0.010 0.068 0.672 
 115 A _   0.007 0.197 0.001 0.012 0.004 0.009 0.069 0.702 
 116 E _   0.006 0.179 0.000 0.009 0.003 0.008 0.069 0.725 
 117 I _   0.006 0.168 0.000 0.007 0.003 0.008 0.068 0.740 
 118 N _   0.005 0.161 0.000 0.006 0.002 0.007 0.068 0.750 
 119 D _   0.005 0.159 0.000 0.006 0.002 0.008 0.067 0.754 
 120 L _   0.005 0.159 0.000 0.006 0.002 0.008 0.065 0.753 
 121 E _   0.006 0.164 0.000 0.007 0.003 0.009 0.064 0.747 
 122 N _   0.006 0.172 0.000 0.009 0.004 0.011 0.062 0.736 
 123 L _   0.007 0.185 0.001 0.011 0.005 0.013 0.059 0.720 
 124 G _   0.008 0.202 0.001 0.014 0.006 0.015 0.057 0.699 
 125 E _   0.009 0.222 0.001 0.016 0.007 0.017 0.054 0.675 
 126 M _   0.010 0.243 0.001 0.018 0.009 0.018 0.051 0.650 
 127 G _   0.011 0.263 0.001 0.020 0.010 0.020 0.049 0.626 
 128 S _   0.012 0.282 0.001 0.021 0.011 0.022 0.047 0.604 
 129 G _   0.013 0.300 0.001 0.023 0.012 0.023 0.045 0.583 
 130 T _   0.014 0.316 0.001 0.024 0.014 0.024 0.043 0.564 
 131 C _   0.015 0.330 0.001 0.026 0.015 0.025 0.041 0.548 
 132 G _   0.016 0.341 0.001 0.027 0.015 0.026 0.040 0.535 
 133 Q _   0.017 0.348 0.001 0.027 0.015 0.026 0.039 0.527 
 134 V _   0.017 0.352 0.001 0.027 0.015 0.025 0.039 0.524 
 135 W _   0.017 0.353 0.001 0.026 0.014 0.025 0.039 0.526 
 136 K _   0.017 0.350 0.001 0.024 0.013 0.024 0.039 0.533 
 137 M _   0.017 0.344 0.001 0.021 0.012 0.023 0.039 0.543 
 138 R _   0.017 0.335 0.001 0.018 0.011 0.022 0.039 0.557 
 139 F _   0.016 0.326 0.001 0.016 0.010 0.021 0.039 0.572 
 140 R _   0.016 0.318 0.001 0.014 0.009 0.020 0.039 0.583 
 141 K _   0.015 0.312 0.001 0.013 0.008 0.020 0.040 0.591 
 142 T _   0.015 0.309 0.001 0.014 0.008 0.020 0.040 0.594 
 143 G _   0.014 0.309 0.001 0.016 0.009 0.020 0.040 0.591 
 144 H _   0.014 0.312 0.001 0.020 0.009 0.020 0.040 0.584 
 145 V _   0.014 0.315 0.001 0.025 0.010 0.019 0.040 0.575 
 146 I _   0.014 0.316 0.001 0.031 0.011 0.019 0.041 0.569 
 147 A _   0.014 0.314 0.001 0.035 0.011 0.018 0.041 0.567 
 148 V _   0.013 0.306 0.001 0.037 0.011 0.017 0.042 0.573 
 149 K _   0.012 0.290 0.001 0.037 0.010 0.015 0.044 0.590 
 150 Q _   0.012 0.262 0.001 0.034 0.009 0.014 0.046 0.621 
 151 M _   0.011 0.220 0.001 0.029 0.008 0.013 0.049 0.668 
 152 R _   0.010 0.167 0.001 0.023 0.007 0.011 0.052 0.728 
 153 R _   0.009 0.114 0.001 0.017 0.005 0.010 0.055 0.789 
 154 S _   0.008 0.073 0.001 0.011 0.004 0.008 0.057 0.838 
 155 G _   0.007 0.048 0.000 0.007 0.002 0.007 0.059 0.870 
 156 N _   0.005 0.036 0.000 0.004 0.002 0.006 0.059 0.887 
 157 K _   0.005 0.031 0.000 0.004 0.001 0.006 0.059 0.894 
 158 E _   0.005 0.029 0.000 0.004 0.001 0.007 0.059 0.895 
 159 E _   0.005 0.030 0.000 0.005 0.002 0.008 0.058 0.891 
 160 N _   0.006 0.035 0.000 0.008 0.003 0.011 0.056 0.880 
 161 K _   0.008 0.044 0.001 0.015 0.005 0.014 0.054 0.861 
 162 R _   0.009 0.059 0.001 0.024 0.007 0.017 0.051 0.833 
 163 I _   0.010 0.075 0.001 0.035 0.010 0.020 0.048 0.802 
 164 L _   0.010 0.088 0.001 0.046 0.012 0.022 0.045 0.775 
 165 M _   0.010 0.097 0.001 0.055 0.014 0.023 0.043 0.758 
 166 D _   0.011 0.100 0.001 0.059 0.015 0.023 0.041 0.750 
 167 L _   0.011 0.099 0.001 0.058 0.015 0.022 0.040 0.753 
 168 D _   0.011 0.094 0.001 0.053 0.013 0.021 0.039 0.767 
 169 V _   0.012 0.082 0.001 0.044 0.012 0.020 0.039 0.791 
 170 V _   0.012 0.065 0.001 0.033 0.010 0.018 0.039 0.823 
 171 L _   0.013 0.043 0.001 0.022 0.007 0.017 0.039 0.858 
 172 K _   0.015 0.022 0.001 0.013 0.005 0.016 0.039 0.889 
 173 S _   0.017 0.009 0.001 0.007 0.004 0.016 0.038 0.909 
 174 H _   0.021 0.003 0.000 0.004 0.003 0.016 0.038 0.915 
 175 D _   0.029 0.001 0.000 0.003 0.003 0.018 0.036 0.910 
 176 C _   0.043 0.000 0.000 0.002 0.004 0.022 0.035 0.893 
 177 P _   0.066 0.000 0.001 0.003 0.007 0.028 0.033 0.862 
 178 Y _   0.099 0.000 0.001 0.004 0.011 0.036 0.031 0.817 
 179 I _   0.138 0.001 0.001 0.007 0.019 0.045 0.029 0.760 
 180 V _   0.178 0.002 0.002 0.012 0.027 0.052 0.027 0.700 
 181 Q _   0.215 0.003 0.002 0.017 0.035 0.057 0.024 0.646 
 182 C _   0.247 0.004 0.002 0.021 0.040 0.060 0.023 0.604 
 183 F _   0.275 0.004 0.002 0.021 0.042 0.060 0.021 0.575 
 184 G _   0.301 0.003 0.002 0.018 0.040 0.057 0.020 0.558 
 185 T _   0.326 0.002 0.002 0.013 0.035 0.053 0.019 0.550 
 186 F _   0.348 0.001 0.002 0.008 0.028 0.049 0.018 0.546 
 187 I _   0.371 0.000 0.001 0.004 0.022 0.044 0.017 0.540 
 188 T _   0.396 0.000 0.001 0.002 0.018 0.041 0.016 0.526 
 189 N _   0.426 0.000 0.001 0.001 0.016 0.038 0.015 0.503 
 190 T _   0.461 0.000 0.001 0.001 0.015 0.037 0.015 0.470 
 191 D H   0.501 0.000 0.001 0.001 0.017 0.036 0.014 0.430 
 192 V H   0.540 0.000 0.001 0.001 0.021 0.036 0.014 0.386 
 193 F H   0.576 0.000 0.001 0.002 0.026 0.036 0.014 0.344 
 194 I H   0.602 0.000 0.002 0.003 0.031 0.037 0.015 0.311 
 195 A H   0.616 0.001 0.002 0.004 0.036 0.036 0.016 0.289 
 196 M H   0.616 0.002 0.002 0.007 0.040 0.036 0.017 0.281 
 197 E H   0.601 0.002 0.002 0.009 0.041 0.035 0.019 0.290 
 198 L H   0.570 0.003 0.002 0.011 0.041 0.033 0.022 0.317 
 199 M H   0.522 0.003 0.003 0.012 0.038 0.032 0.026 0.364 
 200 G H   0.458 0.003 0.002 0.013 0.033 0.029 0.030 0.432 
 201 T _   0.381 0.002 0.002 0.012 0.026 0.026 0.035 0.515 
 202 C _   0.298 0.002 0.002 0.011 0.019 0.022 0.040 0.607 
 203 A _   0.221 0.001 0.001 0.009 0.013 0.019 0.045 0.691 
 204 E _   0.157 0.001 0.001 0.007 0.008 0.015 0.050 0.761 
 205 K _   0.107 0.000 0.001 0.006 0.005 0.012 0.053 0.816 
 206 L _   0.070 0.000 0.000 0.004 0.004 0.010 0.056 0.855 
 207 K _   0.046 0.000 0.000 0.004 0.003 0.008 0.058 0.882 
 208 K _   0.030 0.000 0.000 0.003 0.002 0.007 0.059 0.898 
 209 R _   0.022 0.000 0.000 0.003 0.002 0.007 0.059 0.907 
 210 M _   0.018 0.000 0.000 0.002 0.002 0.007 0.060 0.911 
 211 Q _   0.017 0.000 0.000 0.002 0.002 0.008 0.059 0.911 
 212 G _   0.020 0.000 0.000 0.003 0.002 0.010 0.059 0.907 
 213 P _   0.027 0.000 0.000 0.003 0.003 0.012 0.058 0.897 
 214 I _   0.039 0.000 0.000 0.003 0.004 0.016 0.057 0.880 
 215 P _   0.061 0.000 0.001 0.004 0.005 0.022 0.055 0.853 
 216 E _   0.091 0.000 0.001 0.004 0.008 0.029 0.053 0.814 
 217 R _   0.131 0.000 0.001 0.005 0.013 0.037 0.050 0.763 
 218 I _   0.181 0.000 0.001 0.006 0.019 0.046 0.048 0.699 
 219 L _   0.233 0.001 0.002 0.006 0.028 0.055 0.045 0.631 
 220 G _   0.286 0.001 0.002 0.007 0.037 0.062 0.043 0.562 
 221 K _   0.333 0.002 0.002 0.008 0.047 0.068 0.042 0.500 
 222 M _   0.368 0.002 0.002 0.009 0.054 0.071 0.041 0.452 
 223 T _   0.394 0.004 0.002 0.011 0.060 0.071 0.041 0.417 
 224 V H   0.407 0.005 0.003 0.013 0.063 0.070 0.042 0.398 
 225 A H   0.408 0.006 0.003 0.016 0.063 0.068 0.043 0.394 
 226 I _   0.399 0.007 0.003 0.017 0.060 0.064 0.045 0.404 
 227 V _   0.379 0.007 0.003 0.018 0.054 0.059 0.048 0.432 
 228 K _   0.348 0.007 0.003 0.017 0.047 0.053 0.051 0.475 
 229 A _   0.308 0.006 0.002 0.015 0.038 0.047 0.055 0.530 
 230 L _   0.262 0.004 0.002 0.013 0.028 0.040 0.058 0.593 
 231 Y _   0.212 0.003 0.002 0.010 0.020 0.034 0.062 0.657 
 232 Y _   0.164 0.002 0.001 0.008 0.014 0.029 0.066 0.715 
 233 L _   0.123 0.001 0.001 0.007 0.010 0.024 0.069 0.764 
 234 K _   0.090 0.001 0.001 0.006 0.007 0.021 0.072 0.801 
 235 E _   0.066 0.001 0.001 0.006 0.006 0.018 0.075 0.827 
 236 K _   0.049 0.002 0.001 0.007 0.005 0.016 0.077 0.844 
 237 H _   0.036 0.002 0.001 0.008 0.005 0.014 0.079 0.856 
 238 G _   0.027 0.003 0.001 0.009 0.004 0.013 0.080 0.863 
 239 V _   0.021 0.003 0.001 0.009 0.004 0.012 0.082 0.868 
 240 I _   0.016 0.004 0.001 0.010 0.004 0.011 0.083 0.872 
 241 H _   0.013 0.005 0.000 0.009 0.004 0.010 0.084 0.876 
 242 R _   0.011 0.005 0.000 0.008 0.003 0.009 0.085 0.879 
 243 D _   0.009 0.006 0.000 0.007 0.003 0.008 0.086 0.881 
 244 V _   0.008 0.007 0.000 0.006 0.003 0.008 0.086 0.883 
 245 K _   0.007 0.008 0.000 0.006 0.003 0.008 0.086 0.882 
 246 P _   0.007 0.010 0.000 0.006 0.003 0.008 0.086 0.880 
 247 S _   0.007 0.013 0.000 0.007 0.003 0.009 0.086 0.875 
 248 N _   0.007 0.019 0.000 0.008 0.003 0.010 0.085 0.867 
 249 I _   0.008 0.027 0.001 0.010 0.004 0.011 0.085 0.855 
 250 L _   0.008 0.038 0.001 0.013 0.005 0.012 0.084 0.840 
 251 L _   0.008 0.052 0.001 0.015 0.006 0.013 0.083 0.823 
 252 D _   0.008 0.066 0.001 0.017 0.006 0.014 0.081 0.806 
 253 E _   0.008 0.081 0.001 0.019 0.007 0.015 0.080 0.789 
 254 R _   0.009 0.095 0.001 0.020 0.008 0.016 0.079 0.773 
 255 G _   0.009 0.108 0.001 0.021 0.008 0.016 0.078 0.758 
 256 Q _   0.009 0.121 0.001 0.022 0.009 0.017 0.077 0.744 
 257 I _   0.010 0.132 0.001 0.023 0.009 0.018 0.077 0.731 
 258 K _   0.011 0.143 0.001 0.024 0.010 0.018 0.076 0.717 
 259 L _   0.011 0.152 0.001 0.026 0.010 0.019 0.076 0.705 
 260 C _   0.011 0.160 0.001 0.028 0.011 0.019 0.077 0.693 
 261 D _   0.012 0.167 0.001 0.030 0.011 0.018 0.077 0.684 
 262 F _   0.012 0.171 0.001 0.031 0.011 0.018 0.078 0.678 
 263 G _   0.012 0.173 0.001 0.032 0.011 0.017 0.080 0.675 
 264 I _   0.012 0.171 0.001 0.031 0.010 0.017 0.082 0.676 
 265 S _   0.011 0.167 0.001 0.029 0.009 0.015 0.084 0.683 
 266 G _   0.011 0.159 0.001 0.026 0.008 0.014 0.087 0.694 
 267 R _   0.010 0.149 0.001 0.021 0.007 0.013 0.090 0.710 
 268 L _   0.009 0.136 0.001 0.017 0.005 0.012 0.093 0.728 
 269 V _   0.008 0.124 0.001 0.012 0.004 0.011 0.095 0.745 
 270 D _   0.007 0.114 0.000 0.009 0.003 0.010 0.097 0.758 
 271 S _   0.007 0.109 0.000 0.007 0.003 0.010 0.099 0.766 
 272 K _   0.007 0.107 0.000 0.006 0.003 0.010 0.100 0.767 
 273 A _   0.007 0.109 0.000 0.006 0.003 0.011 0.101 0.763 
 274 K _   0.008 0.115 0.000 0.008 0.004 0.013 0.101 0.750 
 275 T _   0.009 0.131 0.001 0.013 0.006 0.016 0.100 0.724 
 276 R _   0.010 0.161 0.001 0.020 0.009 0.018 0.099 0.681 
 277 S _   0.011 0.206 0.001 0.030 0.012 0.020 0.098 0.621 
 278 A _   0.011 0.258 0.002 0.043 0.015 0.021 0.096 0.554 
 279 G _   0.011 0.301 0.002 0.054 0.016 0.022 0.096 0.498 
 280 C _   0.011 0.329 0.001 0.064 0.017 0.022 0.096 0.459 
 281 A _   0.011 0.343 0.001 0.070 0.017 0.021 0.098 0.438 
 282 A _   0.011 0.348 0.001 0.072 0.016 0.020 0.101 0.430 
 283 Y _   0.011 0.344 0.001 0.070 0.015 0.019 0.106 0.433 
 284 M _   0.011 0.331 0.001 0.065 0.014 0.018 0.112 0.448 
 285 A _   0.012 0.304 0.001 0.057 0.013 0.016 0.121 0.476 
 286 P _   0.012 0.258 0.002 0.047 0.011 0.015 0.133 0.524 
 287 E _   0.013 0.195 0.001 0.036 0.009 0.013 0.147 0.585 
 288 R _   0.013 0.129 0.001 0.026 0.007 0.012 0.163 0.649 
 289 I _   0.012 0.075 0.001 0.017 0.005 0.010 0.176 0.705 
 290 D _   0.010 0.038 0.000 0.010 0.003 0.008 0.186 0.744 
 291 P _   0.008 0.017 0.000 0.006 0.002 0.006 0.193 0.768 
 292 P _   0.006 0.007 0.000 0.004 0.001 0.005 0.196 0.780 
 293 D _   0.005 0.003 0.000 0.002 0.001 0.004 0.198 0.787 
 294 P _   0.004 0.001 0.000 0.002 0.001 0.004 0.198 0.790 
 295 T _   0.005 0.000 0.000 0.001 0.001 0.004 0.197 0.792 
 296 K _   0.006 0.000 0.000 0.001 0.001 0.005 0.194 0.792 
 297 P _   0.011 0.000 0.000 0.002 0.001 0.008 0.189 0.789 
 298 D _   0.021 0.000 0.000 0.002 0.002 0.012 0.183 0.780 
 299 Y _   0.040 0.000 0.000 0.003 0.004 0.018 0.175 0.760 
 300 D _   0.073 0.000 0.001 0.004 0.006 0.027 0.164 0.725 
 301 I _   0.124 0.000 0.001 0.006 0.011 0.037 0.150 0.671 
 302 R _   0.188 0.000 0.001 0.007 0.019 0.047 0.135 0.602 
 303 A _   0.260 0.000 0.002 0.008 0.028 0.056 0.120 0.525 
 304 D _   0.334 0.001 0.002 0.008 0.039 0.064 0.107 0.446 
 305 V H   0.404 0.001 0.002 0.007 0.050 0.068 0.095 0.372 
 306 W H   0.463 0.001 0.002 0.007 0.058 0.070 0.087 0.312 
 307 S H   0.511 0.001 0.002 0.006 0.065 0.069 0.080 0.265 
 308 L H   0.547 0.001 0.002 0.006 0.069 0.067 0.076 0.231 
 309 G H   0.571 0.001 0.002 0.006 0.071 0.063 0.074 0.211 
 310 I H   0.585 0.002 0.002 0.006 0.071 0.059 0.073 0.201 
 311 S H   0.586 0.002 0.003 0.008 0.069 0.055 0.073 0.205 
 312 L H   0.574 0.003 0.003 0.009 0.065 0.051 0.074 0.222 
 313 V H   0.549 0.003 0.003 0.010 0.059 0.046 0.077 0.254 
 314 E H   0.507 0.003 0.003 0.012 0.051 0.042 0.080 0.302 
 315 L H   0.448 0.003 0.003 0.013 0.042 0.037 0.085 0.369 
 316 A _   0.375 0.003 0.002 0.013 0.031 0.032 0.091 0.454 
 317 T _   0.296 0.002 0.002 0.011 0.021 0.026 0.096 0.545 
 318 G _   0.220 0.001 0.001 0.009 0.013 0.021 0.102 0.632 
 319 Q _   0.153 0.001 0.001 0.006 0.008 0.016 0.107 0.707 
 320 F _   0.101 0.000 0.001 0.005 0.005 0.013 0.111 0.765 
 321 P _   0.063 0.000 0.000 0.003 0.003 0.010 0.113 0.807 
 322 Y _   0.039 0.000 0.000 0.002 0.002 0.009 0.115 0.832 
 323 K _   0.025 0.000 0.000 0.002 0.002 0.008 0.116 0.847 
 324 N _   0.017 0.001 0.000 0.002 0.002 0.008 0.116 0.853 
 325 C _   0.014 0.002 0.000 0.003 0.002 0.009 0.116 0.853 
 326 K _   0.013 0.007 0.000 0.005 0.003 0.011 0.115 0.845 
 327 T _   0.013 0.017 0.001 0.009 0.005 0.014 0.114 0.827 
 328 D _   0.014 0.039 0.001 0.014 0.008 0.017 0.112 0.796 
 329 F _   0.014 0.074 0.001 0.022 0.011 0.019 0.109 0.751 
 330 E _   0.014 0.113 0.001 0.030 0.013 0.020 0.106 0.703 
 331 V _   0.013 0.147 0.001 0.036 0.014 0.021 0.104 0.664 
 332 L _   0.013 0.171 0.001 0.039 0.014 0.020 0.102 0.640 
 333 T _   0.012 0.184 0.001 0.040 0.013 0.019 0.102 0.628 
 334 K _   0.011 0.191 0.001 0.038 0.012 0.018 0.102 0.626 
 335 V _   0.011 0.193 0.001 0.032 0.010 0.017 0.103 0.633 
 336 L _   0.010 0.192 0.001 0.026 0.009 0.016 0.104 0.643 
 337 Q _   0.009 0.188 0.001 0.020 0.007 0.014 0.105 0.655 
 338 E _   0.009 0.184 0.001 0.015 0.005 0.013 0.107 0.666 
 339 E _   0.008 0.181 0.001 0.011 0.005 0.013 0.108 0.674 
 340 P _   0.008 0.180 0.000 0.009 0.004 0.013 0.110 0.676 
 341 P _   0.008 0.183 0.000 0.008 0.004 0.013 0.111 0.673 
 342 L _   0.009 0.189 0.001 0.009 0.005 0.014 0.111 0.663 
 343 L _   0.009 0.201 0.001 0.011 0.006 0.015 0.112 0.646 
 344 P _   0.010 0.218 0.001 0.014 0.007 0.016 0.112 0.624 
 345 G _   0.010 0.239 0.001 0.016 0.008 0.016 0.112 0.598 
 346 H _   0.010 0.260 0.001 0.018 0.008 0.017 0.112 0.573 
 347 M _   0.010 0.280 0.001 0.020 0.009 0.017 0.113 0.551 
 348 G _   0.010 0.297 0.001 0.022 0.009 0.017 0.113 0.531 
 349 F _   0.010 0.311 0.001 0.023 0.010 0.018 0.114 0.513 
 350 S _   0.010 0.321 0.001 0.025 0.010 0.018 0.116 0.499 
 351 G _   0.010 0.330 0.001 0.026 0.011 0.018 0.118 0.486 
 352 D _   0.010 0.336 0.001 0.029 0.011 0.018 0.120 0.475 
 353 F _   0.011 0.340 0.001 0.031 0.012 0.018 0.123 0.464 
 354 Q _   0.011 0.341 0.001 0.034 0.012 0.018 0.127 0.456 
 355 S _   0.011 0.338 0.001 0.036 0.012 0.017 0.132 0.452 
 356 F _   0.012 0.330 0.001 0.038 0.012 0.017 0.139 0.453 
 357 V _   0.012 0.316 0.001 0.038 0.011 0.016 0.147 0.459 
 358 K _   0.011 0.294 0.001 0.037 0.011 0.015 0.157 0.474 
 359 D _   0.011 0.261 0.001 0.034 0.010 0.014 0.169 0.499 
 360 C _   0.012 0.217 0.001 0.030 0.009 0.013 0.184 0.534 
 361 L _   0.011 0.165 0.001 0.024 0.008 0.012 0.201 0.576 
 362 T _   0.011 0.114 0.001 0.019 0.006 0.011 0.219 0.620 
 363 K _   0.010 0.072 0.001 0.013 0.004 0.009 0.234 0.657 
 364 D _   0.008 0.045 0.000 0.009 0.003 0.008 0.246 0.682 
 365 H _   0.007 0.029 0.000 0.006 0.002 0.006 0.254 0.696 
 366 R _   0.005 0.022 0.000 0.004 0.001 0.006 0.260 0.702 
 367 K _   0.005 0.018 0.000 0.003 0.001 0.005 0.264 0.704 
 368 R _   0.004 0.017 0.000 0.003 0.001 0.006 0.266 0.703 
 369 P _   0.004 0.018 0.000 0.003 0.001 0.007 0.268 0.699 
 370 K _   0.005 0.020 0.000 0.005 0.002 0.008 0.268 0.692 
 371 Y _   0.005 0.026 0.000 0.007 0.003 0.010 0.268 0.680 
 372 N _   0.006 0.036 0.000 0.010 0.004 0.013 0.267 0.663 
 373 K _   0.007 0.050 0.001 0.015 0.006 0.015 0.266 0.641 
 374 L _   0.007 0.067 0.001 0.019 0.007 0.018 0.265 0.616 
 375 L _   0.008 0.084 0.001 0.024 0.009 0.020 0.263 0.592 
 376 E _   0.008 0.096 0.001 0.027 0.010 0.022 0.263 0.573 
 377 H _   0.009 0.105 0.001 0.029 0.011 0.024 0.263 0.558 
 378 S _   0.010 0.112 0.001 0.029 0.012 0.026 0.264 0.547 
 379 F _   0.011 0.115 0.001 0.028 0.013 0.027 0.265 0.540 
 380 I _   0.013 0.117 0.001 0.025 0.013 0.029 0.267 0.534 
 381 K _   0.015 0.117 0.001 0.023 0.014 0.031 0.270 0.529 
 382 R _   0.018 0.115 0.001 0.021 0.015 0.032 0.274 0.525 
 383 Y _   0.020 0.114 0.001 0.018 0.015 0.034 0.278 0.520 
 384 E _   0.023 0.112 0.001 0.017 0.015 0.035 0.283 0.514 
 385 T _   0.025 0.111 0.001 0.016 0.016 0.036 0.288 0.508 
 386 L _   0.028 0.110 0.001 0.016 0.016 0.037 0.294 0.499 
 387 E _   0.029 0.111 0.001 0.016 0.017 0.037 0.300 0.489 
 388 V _   0.031 0.112 0.001 0.018 0.018 0.037 0.306 0.478 
 389 D _   0.031 0.113 0.001 0.020 0.019 0.036 0.313 0.466 
 390 V _   0.031 0.115 0.001 0.023 0.019 0.035 0.321 0.453 
 391 A _   0.030 0.115 0.001 0.026 0.020 0.034 0.330 0.443 
 392 S _   0.029 0.114 0.001 0.028 0.019 0.032 0.340 0.435 
 393 W _   0.027 0.111 0.001 0.030 0.018 0.029 0.352 0.431 
 394 F _   0.025 0.105 0.001 0.030 0.017 0.027 0.365 0.430 
 395 K _   0.022 0.097 0.001 0.028 0.015 0.024 0.380 0.432 
 396 D _   0.020 0.086 0.001 0.025 0.013 0.021 0.396 0.437 
 397 V _   0.017 0.073 0.001 0.021 0.010 0.018 0.414 0.445 
 398 M _   0.015 0.058 0.001 0.017 0.008 0.016 0.432 0.453 
 399 A _   0.013 0.045 0.001 0.013 0.006 0.013 0.449 0.460 
 400 K X   0.011 0.035 0.001 0.009 0.005 0.011 0.465 0.463 
 401 T X   0.010 0.027 0.000 0.007 0.004 0.010 0.479 0.464 
 402 E X   0.008 0.023 0.000 0.005 0.003 0.009 0.491 0.461 
 403 S X   0.007 0.021 0.000 0.005 0.002 0.008 0.502 0.455 
 404 P X   0.007 0.020 0.000 0.005 0.002 0.008 0.511 0.447 
 405 R X   0.006 0.020 0.000 0.005 0.003 0.008 0.520 0.437 
 406 T X   0.007 0.021 0.000 0.007 0.003 0.009 0.528 0.425 
 407 S X   0.007 0.023 0.000 0.009 0.004 0.010 0.536 0.411 
 408 G X   0.007 0.026 0.000 0.012 0.004 0.010 0.544 0.395 
 409 V X   0.008 0.029 0.001 0.015 0.005 0.011 0.552 0.379 
 410 L X   0.007 0.032 0.001 0.018 0.005 0.011 0.561 0.365 
 411 S X   0.007 0.034 0.001 0.020 0.006 0.010 0.569 0.354 
 412 Q X   0.006 0.035 0.001 0.020 0.006 0.009 0.578 0.346 
 413 P X   0.005 0.035 0.001 0.020 0.005 0.008 0.588 0.339 
 414 H X   0.003 0.034 0.000 0.017 0.004 0.006 0.599 0.336 
 415 L X   0.002 0.031 0.000 0.014 0.002 0.003 0.610 0.337 
 416 P X   0.001 0.027 0.000 0.009 0.001 0.001 0.620 0.342 
 417 F X   0.000 0.023 0.000 0.005 0.000 0.001 0.623 0.348 
 418 F X   0.000 0.020 0.000 0.006 0.000 0.001 0.621 0.352 
 419 R X   0.002 0.020 0.001 0.013 0.003 0.003 0.608 0.350 
