#TopoPred_TM8: 8-state transmembrane topology prediction results by no_profile mode 
#probabilities are in the order of H E C I L F X _, the 8 transmembrane topology types used in PDBTM 
   1 M X   0.009 0.001 0.002 0.044 0.008 0.008 0.836 0.093 
   2 A X   0.004 0.000 0.000 0.026 0.002 0.004 0.860 0.103 
   3 N X   0.001 0.000 0.000 0.016 0.001 0.003 0.868 0.111 
   4 F X   0.001 0.000 0.000 0.011 0.000 0.003 0.868 0.117 
   5 Q X   0.001 0.000 0.000 0.009 0.001 0.003 0.865 0.121 
   6 E X   0.002 0.000 0.000 0.007 0.001 0.004 0.860 0.126 
   7 H X   0.002 0.001 0.000 0.006 0.001 0.004 0.855 0.131 
   8 L X   0.002 0.001 0.000 0.006 0.001 0.004 0.849 0.138 
   9 S X   0.002 0.001 0.000 0.006 0.001 0.004 0.842 0.145 
  10 C X   0.002 0.001 0.000 0.005 0.001 0.004 0.833 0.153 
  11 S X   0.002 0.002 0.000 0.005 0.001 0.004 0.825 0.162 
  12 S X   0.002 0.002 0.000 0.005 0.001 0.004 0.816 0.171 
  13 S X   0.002 0.002 0.000 0.005 0.001 0.004 0.806 0.180 
  14 P X   0.002 0.003 0.000 0.005 0.001 0.004 0.797 0.189 
  15 H X   0.002 0.004 0.000 0.005 0.001 0.004 0.786 0.198 
  16 L X   0.002 0.004 0.000 0.005 0.001 0.004 0.775 0.207 
  17 P X   0.002 0.006 0.000 0.006 0.002 0.004 0.763 0.217 
  18 F X   0.002 0.008 0.000 0.006 0.002 0.005 0.750 0.227 
  19 S X   0.002 0.010 0.000 0.007 0.002 0.005 0.736 0.237 
  20 E X   0.002 0.013 0.000 0.009 0.002 0.006 0.721 0.246 
  21 S X   0.002 0.018 0.000 0.010 0.003 0.007 0.704 0.255 
  22 K X   0.003 0.023 0.000 0.012 0.003 0.008 0.687 0.263 
  23 T X   0.003 0.030 0.001 0.015 0.004 0.009 0.669 0.269 
  24 F X   0.003 0.038 0.001 0.018 0.005 0.010 0.651 0.274 
  25 N X   0.003 0.047 0.001 0.022 0.006 0.011 0.634 0.276 
  26 G X   0.004 0.057 0.001 0.027 0.007 0.011 0.617 0.277 
  27 L X   0.004 0.065 0.001 0.031 0.007 0.012 0.602 0.278 
  28 Q X   0.004 0.071 0.001 0.034 0.008 0.012 0.590 0.280 
  29 D X   0.005 0.074 0.001 0.037 0.008 0.012 0.580 0.284 
  30 E X   0.005 0.075 0.001 0.037 0.008 0.012 0.573 0.290 
  31 L X   0.005 0.074 0.001 0.035 0.007 0.011 0.568 0.299 
  32 T X   0.005 0.071 0.001 0.031 0.006 0.010 0.564 0.311 
  33 A X   0.005 0.065 0.001 0.026 0.005 0.009 0.562 0.327 
  34 M X   0.005 0.055 0.001 0.021 0.004 0.008 0.560 0.346 
  35 G X   0.005 0.044 0.000 0.015 0.003 0.007 0.559 0.365 
  36 N X   0.005 0.033 0.000 0.011 0.003 0.006 0.559 0.384 
  37 H X   0.004 0.024 0.000 0.007 0.002 0.005 0.557 0.400 
  38 P X   0.004 0.017 0.000 0.005 0.001 0.004 0.555 0.413 
  39 S X   0.004 0.013 0.000 0.004 0.001 0.004 0.552 0.423 
  40 P X   0.003 0.010 0.000 0.003 0.001 0.004 0.548 0.431 
  41 K X   0.003 0.009 0.000 0.003 0.001 0.004 0.542 0.438 
  42 L X   0.003 0.009 0.000 0.003 0.001 0.004 0.534 0.446 
  43 L X   0.003 0.009 0.000 0.004 0.001 0.004 0.525 0.454 
  44 E X   0.003 0.010 0.000 0.004 0.002 0.005 0.513 0.462 
  45 D X   0.003 0.012 0.000 0.006 0.002 0.007 0.499 0.470 
  46 Q X   0.004 0.016 0.000 0.008 0.003 0.009 0.482 0.478 
  47 Q _   0.004 0.023 0.001 0.011 0.004 0.011 0.463 0.484 
  48 E _   0.005 0.033 0.001 0.014 0.005 0.014 0.441 0.486 
  49 K _   0.006 0.047 0.001 0.019 0.007 0.017 0.417 0.485 
  50 G _   0.007 0.064 0.001 0.024 0.010 0.021 0.393 0.481 
  51 M _   0.008 0.081 0.001 0.029 0.012 0.024 0.370 0.475 
  52 V _   0.009 0.096 0.001 0.034 0.014 0.027 0.350 0.469 
  53 R _   0.011 0.108 0.001 0.036 0.015 0.029 0.332 0.466 
  54 T _   0.013 0.116 0.001 0.036 0.016 0.031 0.317 0.468 
  55 E _   0.014 0.121 0.001 0.035 0.017 0.033 0.305 0.474 
  56 L _   0.016 0.124 0.001 0.031 0.017 0.034 0.294 0.484 
  57 I _   0.019 0.124 0.001 0.026 0.016 0.035 0.284 0.495 
  58 E _   0.021 0.123 0.001 0.021 0.016 0.036 0.275 0.507 
  59 S _   0.024 0.123 0.001 0.017 0.016 0.037 0.267 0.515 
  60 V _   0.027 0.123 0.001 0.016 0.016 0.038 0.259 0.519 
  61 H _   0.030 0.126 0.001 0.016 0.017 0.039 0.252 0.520 
  62 S _   0.032 0.130 0.001 0.018 0.019 0.040 0.244 0.515 
  63 P _   0.034 0.137 0.001 0.023 0.021 0.040 0.238 0.506 
  64 V _   0.034 0.145 0.002 0.029 0.023 0.039 0.231 0.497 
  65 T _   0.034 0.151 0.002 0.036 0.024 0.037 0.226 0.490 
  66 T _   0.033 0.154 0.002 0.040 0.023 0.035 0.222 0.492 
  67 T _   0.030 0.153 0.002 0.042 0.021 0.031 0.219 0.501 
  68 V _   0.028 0.147 0.002 0.041 0.019 0.028 0.217 0.520 
  69 L _   0.024 0.135 0.001 0.036 0.016 0.024 0.216 0.548 
  70 T _   0.020 0.115 0.001 0.029 0.012 0.020 0.216 0.586 
  71 S _   0.017 0.090 0.001 0.021 0.009 0.016 0.215 0.630 
  72 V _   0.014 0.065 0.001 0.014 0.006 0.013 0.215 0.672 
  73 S _   0.011 0.045 0.001 0.009 0.004 0.011 0.214 0.705 
  74 E _   0.009 0.033 0.000 0.005 0.003 0.009 0.213 0.727 
  75 D _   0.008 0.028 0.000 0.004 0.002 0.009 0.211 0.739 
  76 S _   0.007 0.026 0.000 0.004 0.002 0.009 0.209 0.744 
  77 R _   0.007 0.026 0.000 0.004 0.002 0.009 0.206 0.744 
  78 D _   0.008 0.030 0.000 0.007 0.003 0.011 0.202 0.739 
  79 Q _   0.008 0.037 0.001 0.012 0.005 0.013 0.197 0.728 
  80 F _   0.009 0.047 0.001 0.019 0.007 0.015 0.192 0.710 
  81 E _   0.010 0.060 0.001 0.027 0.009 0.016 0.186 0.691 
  82 N _   0.010 0.070 0.001 0.035 0.010 0.017 0.181 0.676 
  83 S _   0.010 0.076 0.001 0.040 0.011 0.017 0.177 0.668 
  84 V _   0.010 0.079 0.001 0.041 0.011 0.017 0.174 0.667 
  85 L _   0.010 0.078 0.001 0.039 0.010 0.015 0.172 0.675 
  86 Q _   0.009 0.074 0.001 0.034 0.008 0.014 0.171 0.689 
  87 L _   0.008 0.067 0.001 0.027 0.007 0.012 0.170 0.707 
  88 R _   0.008 0.057 0.001 0.021 0.006 0.011 0.170 0.728 
  89 E _   0.007 0.047 0.001 0.015 0.004 0.010 0.169 0.748 
  90 H _   0.006 0.038 0.000 0.011 0.003 0.009 0.169 0.763 
  91 D _   0.006 0.032 0.000 0.009 0.003 0.008 0.168 0.774 
  92 E _   0.006 0.029 0.000 0.008 0.003 0.008 0.167 0.780 
  93 S _   0.006 0.027 0.000 0.009 0.003 0.008 0.166 0.782 
  94 E _   0.006 0.026 0.000 0.010 0.003 0.008 0.164 0.783 
  95 T _   0.006 0.025 0.000 0.012 0.003 0.008 0.162 0.783 
  96 A _   0.006 0.025 0.000 0.014 0.003 0.008 0.160 0.783 
  97 V _   0.006 0.025 0.000 0.015 0.004 0.008 0.158 0.784 
  98 S _   0.006 0.024 0.000 0.016 0.004 0.008 0.156 0.787 
  99 Q _   0.005 0.022 0.000 0.015 0.003 0.008 0.154 0.791 
 100 G _   0.005 0.020 0.000 0.014 0.003 0.007 0.153 0.797 
 101 N _   0.005 0.018 0.000 0.013 0.003 0.007 0.151 0.803 
 102 S _   0.005 0.015 0.000 0.011 0.003 0.006 0.149 0.810 
 103 N _   0.004 0.013 0.000 0.010 0.002 0.006 0.148 0.817 
 104 T _   0.004 0.011 0.000 0.008 0.002 0.006 0.146 0.823 
 105 V _   0.004 0.010 0.000 0.007 0.002 0.005 0.143 0.828 
 106 D _   0.004 0.009 0.000 0.007 0.002 0.005 0.140 0.833 
 107 G _   0.004 0.009 0.000 0.006 0.002 0.005 0.137 0.837 
 108 E _   0.004 0.009 0.000 0.006 0.002 0.005 0.133 0.841 
 109 S _   0.004 0.009 0.000 0.007 0.002 0.006 0.128 0.844 
 110 T _   0.004 0.010 0.000 0.008 0.002 0.007 0.123 0.846 
 111 S _   0.004 0.012 0.000 0.010 0.003 0.008 0.117 0.846 
 112 G _   0.004 0.014 0.000 0.014 0.003 0.009 0.111 0.844 
 113 T _   0.005 0.018 0.001 0.018 0.004 0.011 0.104 0.839 
 114 E _   0.005 0.021 0.001 0.024 0.006 0.013 0.097 0.834 
 115 D _   0.005 0.024 0.001 0.029 0.007 0.014 0.091 0.829 
 116 I _   0.006 0.027 0.001 0.034 0.008 0.015 0.085 0.826 
 117 K _   0.006 0.028 0.001 0.036 0.008 0.016 0.080 0.827 
 118 I _   0.006 0.027 0.001 0.035 0.008 0.016 0.075 0.831 
 119 Q _   0.007 0.025 0.001 0.032 0.008 0.016 0.071 0.841 
 120 F _   0.008 0.021 0.001 0.026 0.007 0.016 0.067 0.854 
 121 S _   0.010 0.016 0.001 0.020 0.006 0.016 0.064 0.867 
 122 R _   0.015 0.010 0.001 0.014 0.006 0.017 0.061 0.877 
 123 S _   0.024 0.006 0.001 0.010 0.005 0.019 0.057 0.879 
 124 G _   0.040 0.003 0.001 0.007 0.006 0.021 0.054 0.869 
 125 S _   0.068 0.001 0.001 0.005 0.007 0.025 0.050 0.843 
 126 G _   0.112 0.000 0.001 0.004 0.010 0.031 0.045 0.796 
 127 S _   0.176 0.000 0.001 0.004 0.015 0.038 0.040 0.726 
 128 G _   0.256 0.000 0.002 0.005 0.022 0.045 0.035 0.636 
 129 G _   0.339 0.000 0.002 0.005 0.031 0.051 0.031 0.541 
 130 F _   0.418 0.000 0.002 0.006 0.039 0.055 0.026 0.452 
 131 L H   0.482 0.001 0.002 0.007 0.047 0.057 0.023 0.381 
 132 E H   0.532 0.001 0.002 0.007 0.051 0.057 0.021 0.329 
 133 G H   0.569 0.001 0.002 0.006 0.053 0.055 0.020 0.294 
 134 L H   0.594 0.001 0.002 0.005 0.053 0.053 0.019 0.273 
 135 F H   0.607 0.000 0.002 0.005 0.052 0.050 0.018 0.265 
 136 G H   0.609 0.000 0.002 0.004 0.049 0.047 0.018 0.269 
 137 C H   0.603 0.000 0.002 0.004 0.046 0.045 0.019 0.282 
 138 L H   0.586 0.000 0.002 0.003 0.042 0.043 0.020 0.303 
 139 R H   0.559 0.000 0.002 0.004 0.039 0.041 0.021 0.333 
 140 P H   0.524 0.000 0.002 0.005 0.036 0.040 0.023 0.369 
 141 V H   0.484 0.001 0.002 0.006 0.034 0.039 0.026 0.410 
 142 W _   0.438 0.001 0.002 0.008 0.032 0.037 0.028 0.453 
 143 N _   0.387 0.002 0.002 0.012 0.030 0.036 0.032 0.499 
 144 I _   0.334 0.003 0.002 0.015 0.027 0.034 0.036 0.549 
 145 I _   0.278 0.004 0.002 0.018 0.023 0.031 0.040 0.603 
 146 G _   0.223 0.004 0.002 0.019 0.020 0.028 0.045 0.658 
 147 K _   0.172 0.004 0.001 0.019 0.015 0.025 0.050 0.713 
 148 A _   0.127 0.003 0.001 0.017 0.011 0.021 0.055 0.765 
 149 Y _   0.089 0.003 0.001 0.013 0.008 0.017 0.059 0.809 
 150 S _   0.061 0.002 0.001 0.010 0.006 0.014 0.062 0.844 
 151 T _   0.041 0.001 0.000 0.008 0.004 0.011 0.065 0.870 
 152 D _   0.027 0.001 0.000 0.005 0.003 0.009 0.067 0.888 
 153 Y _   0.018 0.001 0.000 0.004 0.002 0.007 0.068 0.900 
 154 K _   0.012 0.001 0.000 0.003 0.002 0.006 0.069 0.907 
 155 L _   0.009 0.001 0.000 0.003 0.002 0.006 0.069 0.910 
 156 Q _   0.007 0.001 0.000 0.003 0.002 0.006 0.069 0.911 
 157 Q _   0.007 0.002 0.000 0.004 0.002 0.007 0.068 0.911 
 158 Q _   0.007 0.003 0.000 0.005 0.002 0.008 0.068 0.908 
 159 D _   0.007 0.006 0.000 0.006 0.003 0.009 0.066 0.902 
 160 T _   0.008 0.010 0.000 0.008 0.004 0.011 0.065 0.894 
 161 W _   0.008 0.016 0.001 0.012 0.005 0.013 0.063 0.882 
 162 E _   0.009 0.024 0.001 0.015 0.006 0.016 0.060 0.868 
 163 V _   0.010 0.033 0.001 0.019 0.008 0.018 0.058 0.853 
 164 P _   0.011 0.041 0.001 0.022 0.009 0.020 0.056 0.839 
 165 F _   0.012 0.048 0.001 0.025 0.011 0.022 0.054 0.827 
 166 E _   0.013 0.054 0.001 0.027 0.012 0.024 0.052 0.817 
 167 E _   0.013 0.058 0.001 0.028 0.013 0.025 0.051 0.811 
 168 I _   0.015 0.060 0.001 0.028 0.013 0.026 0.049 0.807 
 169 S _   0.016 0.061 0.001 0.027 0.014 0.027 0.048 0.806 
 170 E _   0.017 0.060 0.001 0.025 0.013 0.027 0.048 0.809 
 171 L _   0.019 0.058 0.001 0.022 0.013 0.028 0.047 0.813 
 172 Q _   0.021 0.056 0.001 0.019 0.012 0.028 0.046 0.818 
 173 W _   0.022 0.053 0.001 0.016 0.012 0.028 0.046 0.822 
 174 L _   0.024 0.050 0.001 0.014 0.012 0.029 0.046 0.825 
 175 G _   0.026 0.048 0.001 0.013 0.012 0.029 0.045 0.825 
 176 S _   0.028 0.046 0.001 0.013 0.012 0.030 0.045 0.823 
 177 G _   0.031 0.046 0.001 0.014 0.013 0.031 0.045 0.818 
 178 A _   0.034 0.046 0.001 0.015 0.014 0.032 0.045 0.812 
 179 Q _   0.036 0.046 0.001 0.017 0.015 0.032 0.045 0.807 
 180 G _   0.038 0.047 0.001 0.019 0.016 0.032 0.045 0.802 
 181 A _   0.039 0.046 0.001 0.020 0.016 0.031 0.045 0.800 
 182 V _   0.039 0.045 0.001 0.021 0.016 0.030 0.046 0.801 
 183 F _   0.038 0.043 0.001 0.020 0.015 0.029 0.047 0.807 
 184 L _   0.036 0.040 0.001 0.019 0.014 0.027 0.047 0.816 
 185 G _   0.034 0.036 0.001 0.017 0.012 0.025 0.048 0.826 
 186 K _   0.031 0.032 0.001 0.015 0.011 0.023 0.049 0.837 
 187 F _   0.029 0.029 0.001 0.013 0.009 0.022 0.050 0.848 
 188 R _   0.026 0.025 0.001 0.012 0.008 0.020 0.051 0.857 
 189 A _   0.023 0.023 0.001 0.012 0.007 0.019 0.052 0.864 
 190 E _   0.021 0.021 0.001 0.012 0.007 0.017 0.052 0.868 
 191 E _   0.019 0.020 0.001 0.012 0.007 0.017 0.053 0.871 
 192 V _   0.018 0.019 0.001 0.013 0.006 0.016 0.054 0.873 
 193 A _   0.017 0.019 0.001 0.014 0.006 0.015 0.055 0.875 
 194 I _   0.016 0.018 0.001 0.014 0.006 0.014 0.055 0.877 
 195 K _   0.015 0.016 0.001 0.014 0.006 0.013 0.056 0.880 
 196 K _   0.014 0.014 0.001 0.013 0.005 0.012 0.057 0.884 
 197 V _   0.012 0.012 0.001 0.012 0.005 0.011 0.058 0.890 
 198 R _   0.011 0.010 0.000 0.010 0.004 0.010 0.059 0.896 
 199 E _   0.010 0.008 0.000 0.009 0.003 0.009 0.060 0.901 
 200 Q _   0.009 0.006 0.000 0.008 0.003 0.008 0.060 0.906 
 201 N _   0.008 0.004 0.000 0.007 0.003 0.008 0.061 0.909 
 202 E _   0.008 0.003 0.000 0.006 0.003 0.007 0.061 0.912 
 203 T _   0.008 0.003 0.000 0.006 0.002 0.007 0.061 0.913 
 204 D _   0.007 0.002 0.000 0.006 0.002 0.007 0.061 0.914 
 205 I _   0.007 0.002 0.000 0.006 0.003 0.008 0.061 0.914 
 206 K _   0.007 0.002 0.000 0.006 0.003 0.008 0.060 0.914 
 207 H _   0.007 0.002 0.000 0.007 0.003 0.008 0.059 0.914 
 208 L _   0.007 0.002 0.000 0.007 0.003 0.009 0.058 0.914 
 209 R _   0.007 0.002 0.000 0.007 0.003 0.010 0.057 0.914 
 210 K _   0.007 0.002 0.000 0.007 0.003 0.011 0.056 0.914 
 211 L _   0.008 0.002 0.000 0.007 0.004 0.012 0.055 0.912 
 212 K _   0.009 0.002 0.000 0.008 0.004 0.014 0.053 0.909 
 213 H _   0.011 0.002 0.001 0.008 0.005 0.017 0.051 0.904 
 214 P _   0.014 0.002 0.001 0.010 0.006 0.020 0.049 0.897 
 215 N _   0.018 0.003 0.001 0.012 0.008 0.024 0.047 0.887 
 216 I _   0.023 0.004 0.001 0.014 0.010 0.029 0.045 0.874 
 217 I _   0.029 0.004 0.001 0.017 0.013 0.033 0.043 0.859 
 218 A _   0.036 0.005 0.001 0.019 0.016 0.038 0.041 0.844 
 219 F _   0.044 0.005 0.001 0.019 0.018 0.042 0.039 0.831 
 220 K _   0.052 0.005 0.001 0.019 0.020 0.045 0.037 0.821 
 221 G _   0.063 0.004 0.001 0.017 0.021 0.048 0.035 0.811 
 222 V _   0.075 0.003 0.001 0.014 0.021 0.050 0.034 0.802 
 223 C _   0.088 0.002 0.001 0.011 0.021 0.052 0.032 0.793 
 224 T _   0.103 0.001 0.001 0.008 0.021 0.054 0.031 0.781 
 225 Q _   0.119 0.001 0.001 0.007 0.022 0.055 0.029 0.765 
 226 A _   0.136 0.001 0.001 0.006 0.023 0.057 0.028 0.747 
 227 P _   0.155 0.001 0.001 0.006 0.026 0.059 0.027 0.726 
 228 C _   0.173 0.001 0.002 0.007 0.029 0.061 0.026 0.703 
 229 Y _   0.188 0.001 0.002 0.008 0.032 0.062 0.026 0.682 
 230 C _   0.202 0.001 0.002 0.009 0.035 0.062 0.025 0.664 
 231 I _   0.212 0.002 0.002 0.011 0.036 0.061 0.025 0.650 
 232 I _   0.217 0.002 0.002 0.012 0.036 0.060 0.025 0.646 
 233 M _   0.217 0.002 0.002 0.012 0.035 0.057 0.025 0.650 
 234 E _   0.210 0.002 0.002 0.011 0.032 0.054 0.025 0.664 
 235 Y _   0.199 0.001 0.002 0.009 0.028 0.051 0.026 0.685 
 236 C _   0.184 0.001 0.001 0.007 0.024 0.048 0.026 0.708 
 237 A _   0.168 0.001 0.001 0.006 0.020 0.045 0.027 0.732 
 238 H _   0.151 0.001 0.001 0.006 0.017 0.042 0.027 0.755 
 239 G _   0.136 0.001 0.001 0.005 0.015 0.040 0.028 0.774 
 240 Q _   0.122 0.001 0.001 0.006 0.014 0.038 0.028 0.789 
 241 L _   0.110 0.001 0.001 0.008 0.014 0.037 0.029 0.801 
 242 Y _   0.099 0.001 0.001 0.009 0.014 0.036 0.030 0.810 
 243 E _   0.089 0.002 0.001 0.011 0.014 0.034 0.030 0.819 
 244 V _   0.078 0.002 0.001 0.013 0.014 0.032 0.031 0.829 
 245 L _   0.068 0.003 0.001 0.013 0.013 0.030 0.031 0.840 
 246 R _   0.059 0.003 0.001 0.013 0.012 0.028 0.032 0.852 
 247 A _   0.051 0.002 0.001 0.012 0.011 0.026 0.032 0.865 
 248 G _   0.044 0.002 0.001 0.010 0.009 0.024 0.033 0.877 
 249 R _   0.039 0.002 0.001 0.008 0.008 0.023 0.033 0.887 
 250 K _   0.034 0.001 0.001 0.007 0.007 0.022 0.034 0.895 
 251 I _   0.031 0.001 0.001 0.006 0.006 0.021 0.034 0.900 
 252 T _   0.029 0.001 0.001 0.005 0.006 0.021 0.034 0.903 
 253 P _   0.029 0.002 0.001 0.005 0.006 0.022 0.034 0.902 
 254 R _   0.030 0.003 0.001 0.006 0.007 0.023 0.034 0.897 
 255 L _   0.031 0.004 0.001 0.007 0.008 0.025 0.034 0.890 
 256 L _   0.033 0.006 0.001 0.008 0.010 0.028 0.034 0.880 
 257 V _   0.035 0.010 0.001 0.011 0.012 0.030 0.034 0.867 
 258 D _   0.037 0.015 0.001 0.014 0.015 0.032 0.033 0.852 
 259 W _   0.039 0.020 0.001 0.017 0.017 0.034 0.033 0.838 
 260 S _   0.040 0.026 0.001 0.020 0.019 0.036 0.033 0.825 
 261 T _   0.041 0.030 0.001 0.023 0.020 0.036 0.033 0.815 
 262 G _   0.041 0.034 0.001 0.024 0.020 0.036 0.034 0.809 
 263 I _   0.041 0.036 0.001 0.024 0.020 0.036 0.034 0.807 
 264 A _   0.039 0.038 0.001 0.023 0.019 0.035 0.035 0.811 
 265 S _   0.037 0.038 0.001 0.021 0.017 0.033 0.035 0.817 
 266 G _   0.036 0.037 0.001 0.019 0.015 0.032 0.036 0.823 
 267 M _   0.034 0.037 0.001 0.017 0.014 0.031 0.037 0.830 
 268 N _   0.031 0.036 0.001 0.016 0.013 0.029 0.037 0.836 
 269 Y _   0.029 0.036 0.001 0.016 0.012 0.028 0.038 0.840 
 270 L _   0.027 0.035 0.001 0.017 0.012 0.026 0.039 0.843 
 271 H _   0.025 0.035 0.001 0.019 0.012 0.025 0.040 0.843 
 272 L _   0.023 0.035 0.001 0.020 0.011 0.024 0.041 0.845 
 273 H _   0.021 0.035 0.001 0.021 0.010 0.022 0.042 0.849 
 274 K _   0.019 0.033 0.001 0.020 0.009 0.020 0.044 0.854 
 275 I _   0.017 0.030 0.001 0.018 0.008 0.018 0.045 0.862 
 276 I _   0.015 0.027 0.001 0.016 0.007 0.016 0.046 0.872 
 277 H _   0.014 0.023 0.001 0.012 0.006 0.015 0.047 0.882 
 278 R _   0.013 0.020 0.001 0.009 0.005 0.014 0.049 0.890 
 279 D _   0.012 0.017 0.000 0.007 0.004 0.013 0.050 0.896 
 280 L _   0.012 0.016 0.000 0.006 0.004 0.013 0.051 0.898 
 281 K _   0.012 0.016 0.000 0.006 0.004 0.014 0.051 0.897 
 282 S _   0.013 0.017 0.000 0.006 0.005 0.016 0.052 0.890 
 283 P _   0.015 0.021 0.001 0.009 0.006 0.018 0.052 0.879 
 284 N _   0.017 0.027 0.001 0.013 0.008 0.020 0.053 0.861 
 285 V _   0.019 0.038 0.001 0.019 0.011 0.022 0.053 0.838 
 286 L _   0.020 0.049 0.001 0.025 0.013 0.024 0.053 0.815 
 287 V _   0.020 0.059 0.001 0.032 0.015 0.025 0.054 0.795 
 288 T _   0.020 0.066 0.001 0.036 0.016 0.025 0.055 0.782 
 289 H _   0.019 0.070 0.001 0.039 0.016 0.024 0.056 0.776 
 290 T _   0.018 0.071 0.001 0.039 0.015 0.023 0.057 0.776 
 291 D _   0.017 0.070 0.001 0.036 0.013 0.021 0.059 0.782 
 292 A _   0.015 0.067 0.001 0.033 0.011 0.019 0.061 0.792 
 293 V _   0.014 0.062 0.001 0.029 0.010 0.017 0.063 0.804 
 294 K _   0.013 0.056 0.001 0.025 0.008 0.016 0.066 0.816 
 295 I _   0.012 0.048 0.001 0.021 0.007 0.014 0.068 0.829 
 296 S _   0.011 0.040 0.001 0.018 0.006 0.012 0.071 0.841 
 297 D _   0.010 0.032 0.001 0.015 0.005 0.011 0.073 0.852 
 298 F _   0.009 0.025 0.001 0.013 0.004 0.010 0.076 0.863 
 299 G _   0.008 0.018 0.000 0.011 0.003 0.009 0.078 0.872 
 300 T _   0.007 0.012 0.000 0.009 0.003 0.008 0.079 0.882 
 301 S _   0.007 0.008 0.000 0.007 0.002 0.007 0.080 0.889 
 302 K _   0.006 0.004 0.000 0.005 0.002 0.006 0.081 0.895 
 303 E _   0.006 0.002 0.000 0.004 0.002 0.006 0.081 0.899 
 304 L _   0.006 0.001 0.000 0.003 0.001 0.007 0.081 0.901 
 305 S _   0.007 0.001 0.000 0.002 0.001 0.008 0.080 0.901 
 306 D _   0.010 0.001 0.000 0.002 0.002 0.011 0.078 0.896 
 307 K _   0.016 0.001 0.000 0.003 0.002 0.015 0.077 0.887 
 308 S _   0.027 0.001 0.000 0.003 0.004 0.022 0.074 0.868 
 309 T _   0.044 0.003 0.001 0.005 0.008 0.032 0.071 0.836 
 310 K _   0.066 0.008 0.001 0.008 0.016 0.045 0.067 0.789 
 311 M _   0.092 0.018 0.002 0.013 0.028 0.058 0.062 0.726 
 312 S _   0.117 0.035 0.002 0.021 0.042 0.070 0.057 0.657 
 313 F _   0.138 0.057 0.003 0.029 0.055 0.078 0.053 0.588 
 314 A _   0.154 0.078 0.003 0.038 0.065 0.082 0.049 0.532 
 315 G _   0.165 0.094 0.003 0.045 0.071 0.082 0.047 0.494 
 316 T _   0.171 0.104 0.003 0.050 0.072 0.080 0.045 0.476 
 317 V _   0.172 0.108 0.003 0.052 0.071 0.075 0.044 0.475 
 318 A _   0.168 0.108 0.003 0.052 0.065 0.070 0.043 0.492 
 319 W _   0.158 0.103 0.003 0.048 0.057 0.062 0.043 0.526 
 320 M _   0.143 0.092 0.003 0.042 0.047 0.054 0.044 0.575 
 321 A _   0.124 0.076 0.003 0.035 0.037 0.046 0.044 0.636 
 322 P _   0.103 0.056 0.002 0.027 0.026 0.038 0.045 0.703 
 323 E _   0.082 0.036 0.002 0.020 0.017 0.030 0.046 0.768 
 324 V _   0.064 0.020 0.001 0.013 0.010 0.023 0.047 0.822 
 325 I _   0.049 0.010 0.001 0.009 0.006 0.017 0.047 0.862 
 326 R _   0.039 0.004 0.000 0.005 0.004 0.013 0.046 0.888 
 327 N _   0.033 0.002 0.000 0.003 0.002 0.010 0.045 0.905 
 328 E _   0.031 0.000 0.000 0.002 0.002 0.008 0.043 0.913 
 329 P _   0.034 0.000 0.000 0.002 0.002 0.007 0.041 0.914 
 330 V _   0.045 0.000 0.000 0.001 0.002 0.007 0.039 0.905 
 331 S _   0.069 0.000 0.000 0.001 0.002 0.008 0.036 0.883 
 332 E _   0.112 0.000 0.000 0.001 0.003 0.010 0.032 0.840 
 333 K _   0.185 0.000 0.001 0.001 0.005 0.013 0.028 0.767 
 334 V _   0.285 0.000 0.001 0.001 0.008 0.016 0.023 0.666 
 335 D _   0.399 0.000 0.001 0.001 0.012 0.020 0.018 0.548 
 336 I H   0.516 0.000 0.001 0.002 0.017 0.023 0.014 0.427 
 337 W H   0.616 0.000 0.002 0.002 0.022 0.025 0.011 0.322 
 338 S H   0.692 0.000 0.002 0.002 0.027 0.025 0.009 0.243 
 339 F H   0.744 0.000 0.002 0.002 0.031 0.025 0.008 0.189 
 340 G H   0.776 0.000 0.002 0.002 0.034 0.024 0.007 0.156 
 341 V H   0.794 0.000 0.002 0.002 0.035 0.022 0.007 0.138 
 342 V H   0.796 0.000 0.002 0.002 0.036 0.021 0.007 0.134 
 343 L H   0.784 0.000 0.002 0.003 0.037 0.021 0.008 0.146 
 344 W H   0.755 0.000 0.002 0.004 0.037 0.020 0.009 0.173 
 345 E H   0.706 0.000 0.002 0.004 0.035 0.020 0.011 0.222 
 346 L H   0.633 0.000 0.002 0.005 0.032 0.019 0.013 0.294 
 347 L H   0.536 0.000 0.002 0.006 0.027 0.019 0.016 0.394 
 348 T _   0.424 0.000 0.002 0.006 0.020 0.017 0.020 0.511 
 349 G _   0.311 0.000 0.001 0.006 0.013 0.015 0.024 0.629 
 350 E _   0.213 0.000 0.001 0.005 0.008 0.013 0.028 0.733 
 351 I _   0.136 0.000 0.001 0.003 0.005 0.011 0.030 0.813 
 352 P _   0.082 0.000 0.000 0.002 0.003 0.009 0.032 0.870 
 353 Y _   0.050 0.000 0.000 0.002 0.002 0.009 0.034 0.904 
 354 K _   0.033 0.000 0.000 0.001 0.002 0.009 0.034 0.921 
 355 D _   0.025 0.000 0.000 0.002 0.002 0.011 0.035 0.926 
 356 V _   0.024 0.001 0.000 0.003 0.003 0.015 0.035 0.920 
 357 D _   0.027 0.006 0.001 0.005 0.007 0.021 0.034 0.900 
 358 S _   0.032 0.022 0.001 0.012 0.013 0.029 0.034 0.857 
 359 S _   0.038 0.064 0.002 0.024 0.023 0.037 0.032 0.780 
 360 A _   0.040 0.129 0.003 0.041 0.031 0.043 0.031 0.683 
 361 I _   0.040 0.190 0.003 0.057 0.035 0.045 0.030 0.601 
 362 I _   0.038 0.229 0.002 0.068 0.036 0.044 0.029 0.552 
 363 W _   0.036 0.249 0.002 0.073 0.035 0.043 0.029 0.532 
 364 G _   0.034 0.257 0.002 0.073 0.034 0.041 0.030 0.531 
 365 V _   0.032 0.256 0.002 0.067 0.031 0.038 0.030 0.543 
 366 G _   0.030 0.247 0.002 0.058 0.028 0.035 0.032 0.568 
 367 S _   0.028 0.230 0.002 0.048 0.024 0.032 0.034 0.603 
 368 N _   0.025 0.204 0.002 0.038 0.019 0.028 0.036 0.647 
 369 S _   0.023 0.173 0.001 0.029 0.015 0.025 0.039 0.693 
 370 L _   0.021 0.145 0.001 0.023 0.012 0.022 0.041 0.735 
 371 H _   0.018 0.121 0.001 0.017 0.009 0.020 0.044 0.770 
 372 L _   0.016 0.103 0.001 0.013 0.006 0.017 0.046 0.798 
 373 P _   0.014 0.090 0.001 0.010 0.005 0.015 0.048 0.818 
 374 V _   0.012 0.081 0.001 0.008 0.004 0.014 0.049 0.832 
 375 P _   0.011 0.076 0.000 0.007 0.003 0.013 0.050 0.840 
 376 S _   0.010 0.073 0.000 0.006 0.003 0.013 0.050 0.844 
 377 T _   0.010 0.073 0.000 0.006 0.003 0.014 0.050 0.843 
 378 C _   0.010 0.076 0.000 0.008 0.004 0.015 0.050 0.836 
 379 P _   0.011 0.084 0.001 0.011 0.006 0.017 0.050 0.821 
 380 D _   0.013 0.098 0.001 0.016 0.008 0.020 0.049 0.795 
 381 G _   0.014 0.120 0.001 0.025 0.011 0.022 0.048 0.759 
 382 F _   0.015 0.146 0.001 0.035 0.014 0.024 0.047 0.717 
 383 K _   0.015 0.170 0.001 0.046 0.016 0.025 0.046 0.680 
 384 I _   0.015 0.185 0.001 0.055 0.017 0.025 0.046 0.655 
 385 L _   0.015 0.193 0.001 0.061 0.017 0.024 0.047 0.643 
 386 M _   0.014 0.193 0.001 0.062 0.016 0.022 0.047 0.644 
 387 K _   0.013 0.188 0.001 0.057 0.014 0.020 0.049 0.657 
 388 Q _   0.012 0.173 0.001 0.049 0.012 0.018 0.051 0.684 
 389 T _   0.011 0.148 0.001 0.038 0.010 0.015 0.053 0.724 
 390 W _   0.011 0.115 0.001 0.026 0.007 0.013 0.056 0.771 
 391 Q _   0.009 0.081 0.001 0.016 0.005 0.011 0.059 0.818 
 392 S _   0.008 0.056 0.000 0.009 0.003 0.009 0.061 0.853 
 393 K _   0.007 0.042 0.000 0.005 0.002 0.008 0.062 0.874 
 394 P _   0.006 0.036 0.000 0.003 0.002 0.008 0.062 0.883 
 395 R _   0.006 0.034 0.000 0.003 0.002 0.009 0.062 0.884 
 396 N _   0.007 0.037 0.000 0.004 0.002 0.011 0.061 0.877 
 397 R _   0.009 0.046 0.000 0.007 0.004 0.015 0.060 0.858 
 398 P _   0.012 0.070 0.001 0.013 0.008 0.020 0.057 0.818 
 399 S _   0.014 0.120 0.001 0.023 0.013 0.024 0.054 0.750 
 400 F _   0.015 0.191 0.002 0.035 0.017 0.027 0.050 0.665 
 401 R _   0.014 0.260 0.002 0.045 0.019 0.027 0.046 0.587 
 402 Q _   0.013 0.308 0.002 0.052 0.019 0.027 0.044 0.535 
 403 T _   0.012 0.337 0.001 0.056 0.019 0.026 0.042 0.508 
 404 L _   0.011 0.352 0.001 0.056 0.018 0.025 0.041 0.497 
 405 M _   0.011 0.357 0.001 0.053 0.017 0.024 0.040 0.498 
 406 H _   0.011 0.355 0.001 0.047 0.016 0.022 0.040 0.508 
 407 L _   0.011 0.347 0.001 0.041 0.014 0.021 0.040 0.524 
 408 D _   0.011 0.332 0.001 0.034 0.013 0.020 0.041 0.547 
 409 I _   0.012 0.314 0.001 0.029 0.012 0.019 0.042 0.572 
 410 A _   0.012 0.293 0.001 0.025 0.010 0.019 0.043 0.596 
 411 S _   0.013 0.273 0.001 0.022 0.010 0.019 0.044 0.617 
 412 A _   0.014 0.255 0.001 0.021 0.009 0.018 0.046 0.636 
 413 D _   0.015 0.237 0.001 0.021 0.009 0.018 0.047 0.653 
 414 V _   0.015 0.221 0.001 0.021 0.008 0.017 0.049 0.668 
 415 L _   0.015 0.204 0.001 0.020 0.008 0.017 0.051 0.684 
 416 A _   0.015 0.185 0.001 0.020 0.008 0.016 0.052 0.703 
 417 T _   0.014 0.165 0.001 0.018 0.007 0.015 0.054 0.725 
 418 P _   0.013 0.144 0.001 0.017 0.007 0.014 0.056 0.749 
 419 Q _   0.012 0.123 0.001 0.014 0.006 0.013 0.058 0.773 
 420 E _   0.011 0.104 0.001 0.012 0.005 0.012 0.059 0.796 
 421 T _   0.010 0.088 0.001 0.010 0.004 0.011 0.061 0.815 
 422 Y _   0.009 0.077 0.000 0.008 0.004 0.011 0.062 0.829 
 423 F _   0.008 0.070 0.000 0.008 0.003 0.010 0.062 0.838 
 424 K _   0.008 0.066 0.000 0.007 0.003 0.010 0.063 0.842 
 425 S _   0.008 0.064 0.000 0.008 0.003 0.010 0.063 0.843 
 426 Q _   0.008 0.064 0.000 0.010 0.004 0.010 0.063 0.841 
 427 A _   0.008 0.065 0.001 0.012 0.004 0.011 0.063 0.837 
 428 E _   0.008 0.067 0.001 0.014 0.005 0.011 0.063 0.833 
 429 W _   0.008 0.068 0.001 0.015 0.005 0.011 0.063 0.829 
 430 R _   0.008 0.069 0.001 0.017 0.005 0.011 0.063 0.826 
 431 E _   0.008 0.069 0.001 0.018 0.006 0.011 0.063 0.824 
 432 E _   0.008 0.069 0.001 0.017 0.006 0.011 0.063 0.826 
 433 V _   0.007 0.067 0.001 0.016 0.005 0.011 0.064 0.829 
 434 K _   0.007 0.064 0.001 0.015 0.005 0.011 0.064 0.833 
 435 K _   0.007 0.062 0.001 0.014 0.005 0.010 0.065 0.837 
 436 H _   0.007 0.059 0.001 0.012 0.004 0.010 0.065 0.841 
 437 F _   0.008 0.056 0.001 0.011 0.004 0.010 0.066 0.844 
 438 E _   0.008 0.055 0.001 0.011 0.004 0.010 0.067 0.845 
 439 K _   0.008 0.053 0.000 0.010 0.004 0.011 0.067 0.846 
 440 I _   0.008 0.053 0.001 0.010 0.004 0.011 0.068 0.845 
 441 K _   0.009 0.052 0.001 0.011 0.005 0.012 0.069 0.843 
 442 S _   0.009 0.052 0.001 0.011 0.005 0.012 0.069 0.840 
 443 E _   0.010 0.053 0.001 0.012 0.005 0.013 0.070 0.837 
 444 G _   0.010 0.054 0.001 0.013 0.006 0.013 0.071 0.833 
 445 T _   0.011 0.055 0.001 0.014 0.006 0.014 0.071 0.829 
 446 C _   0.011 0.055 0.001 0.015 0.007 0.014 0.072 0.824 
 447 I _   0.012 0.056 0.001 0.016 0.007 0.015 0.073 0.820 
 448 H _   0.012 0.057 0.001 0.017 0.007 0.015 0.075 0.816 
 449 R _   0.012 0.057 0.001 0.018 0.008 0.015 0.076 0.813 
 450 L _   0.013 0.056 0.001 0.018 0.008 0.015 0.078 0.811 
 451 D _   0.013 0.055 0.001 0.018 0.008 0.015 0.080 0.810 
 452 E _   0.013 0.053 0.001 0.018 0.007 0.015 0.082 0.811 
 453 E _   0.012 0.051 0.001 0.018 0.007 0.014 0.084 0.813 
 454 L _   0.012 0.048 0.001 0.017 0.007 0.014 0.086 0.816 
 455 I _   0.012 0.044 0.001 0.015 0.006 0.013 0.089 0.821 
 456 R _   0.011 0.039 0.001 0.014 0.005 0.012 0.091 0.827 
 457 R _   0.010 0.034 0.001 0.012 0.005 0.011 0.094 0.833 
 458 R _   0.010 0.030 0.001 0.010 0.004 0.011 0.096 0.838 
 459 R _   0.009 0.026 0.000 0.009 0.004 0.010 0.098 0.842 
 460 E _   0.009 0.024 0.000 0.009 0.004 0.010 0.100 0.844 
 461 E _   0.009 0.022 0.000 0.009 0.004 0.010 0.102 0.845 
 462 L _   0.009 0.020 0.000 0.009 0.004 0.010 0.104 0.844 
 463 R _   0.009 0.020 0.000 0.010 0.004 0.010 0.106 0.841 
 464 H _   0.009 0.019 0.000 0.011 0.004 0.010 0.108 0.838 
 465 A _   0.009 0.019 0.001 0.012 0.004 0.010 0.110 0.835 
 466 L _   0.009 0.018 0.001 0.013 0.005 0.010 0.112 0.832 
 467 D _   0.008 0.018 0.001 0.014 0.005 0.010 0.113 0.830 
 468 I _   0.008 0.017 0.001 0.015 0.005 0.010 0.116 0.829 
 469 R _   0.008 0.015 0.001 0.014 0.005 0.010 0.118 0.829 
 470 E _   0.008 0.013 0.001 0.013 0.005 0.010 0.120 0.831 
 471 H _   0.008 0.011 0.001 0.012 0.004 0.010 0.123 0.833 
 472 Y _   0.008 0.008 0.000 0.010 0.004 0.009 0.125 0.836 
 473 E _   0.008 0.006 0.000 0.008 0.003 0.009 0.127 0.838 
 474 R _   0.008 0.004 0.000 0.007 0.003 0.009 0.129 0.840 
 475 K _   0.008 0.002 0.000 0.005 0.003 0.009 0.131 0.841 
 476 L _   0.010 0.002 0.000 0.004 0.002 0.010 0.132 0.840 
 477 E _   0.012 0.001 0.000 0.004 0.002 0.012 0.133 0.836 
 478 R _   0.017 0.001 0.000 0.003 0.003 0.014 0.133 0.828 
 479 A _   0.025 0.001 0.000 0.003 0.004 0.018 0.134 0.816 
 480 N _   0.036 0.001 0.001 0.004 0.006 0.023 0.134 0.796 
 481 N _   0.053 0.002 0.001 0.005 0.009 0.030 0.134 0.767 
 482 L _   0.073 0.004 0.001 0.007 0.015 0.038 0.134 0.729 
 483 Y _   0.095 0.007 0.001 0.010 0.023 0.045 0.134 0.684 
 484 M _   0.117 0.013 0.002 0.014 0.032 0.052 0.134 0.635 
 485 E _   0.135 0.021 0.002 0.020 0.040 0.057 0.136 0.590 
 486 L _   0.148 0.028 0.002 0.026 0.045 0.059 0.138 0.553 
 487 S _   0.154 0.034 0.002 0.032 0.047 0.058 0.141 0.531 
 488 A _   0.154 0.038 0.002 0.035 0.046 0.056 0.146 0.523 
 489 I _   0.148 0.038 0.002 0.036 0.042 0.052 0.152 0.530 
 490 M _   0.138 0.037 0.002 0.033 0.036 0.046 0.158 0.550 
 491 L _   0.122 0.032 0.002 0.028 0.029 0.040 0.166 0.581 
 492 Q _   0.103 0.025 0.002 0.022 0.021 0.033 0.174 0.619 
 493 L _   0.083 0.018 0.001 0.016 0.015 0.027 0.182 0.658 
 494 E _   0.064 0.011 0.001 0.011 0.010 0.022 0.189 0.692 
 495 M _   0.048 0.006 0.001 0.007 0.006 0.018 0.195 0.719 
 496 R _   0.036 0.004 0.000 0.006 0.004 0.014 0.200 0.736 
 497 E _   0.027 0.002 0.000 0.005 0.003 0.012 0.204 0.746 
 498 K _   0.021 0.002 0.000 0.004 0.003 0.010 0.208 0.752 
 499 E _   0.017 0.002 0.000 0.005 0.003 0.009 0.211 0.754 
 500 L _   0.014 0.002 0.000 0.005 0.003 0.009 0.214 0.754 
 501 I _   0.012 0.002 0.000 0.006 0.003 0.008 0.216 0.753 
 502 K _   0.010 0.002 0.000 0.007 0.003 0.008 0.218 0.752 
 503 R _   0.009 0.003 0.000 0.008 0.003 0.008 0.220 0.750 
 504 E _   0.008 0.003 0.000 0.008 0.003 0.007 0.221 0.748 
 505 Q _   0.008 0.003 0.000 0.009 0.003 0.007 0.223 0.747 
 506 A _   0.007 0.003 0.000 0.008 0.003 0.007 0.225 0.746 
 507 V _   0.007 0.003 0.000 0.008 0.003 0.007 0.226 0.746 
 508 E _   0.006 0.003 0.000 0.007 0.003 0.006 0.228 0.746 
 509 K _   0.006 0.003 0.000 0.007 0.002 0.006 0.229 0.746 
 510 K _   0.006 0.003 0.000 0.006 0.002 0.006 0.230 0.746 
 511 Y _   0.005 0.003 0.000 0.006 0.002 0.006 0.231 0.746 
 512 P _   0.005 0.004 0.000 0.006 0.002 0.006 0.232 0.746 
 513 G _   0.005 0.004 0.000 0.005 0.002 0.006 0.232 0.745 
 514 T _   0.005 0.005 0.000 0.006 0.002 0.006 0.232 0.744 
 515 Y _   0.005 0.006 0.000 0.006 0.002 0.006 0.232 0.742 
 516 K _   0.005 0.007 0.000 0.006 0.003 0.007 0.232 0.740 
 517 R _   0.006 0.009 0.000 0.007 0.003 0.007 0.231 0.737 
 518 H _   0.006 0.012 0.000 0.008 0.003 0.008 0.230 0.733 
 519 P _   0.006 0.015 0.000 0.009 0.003 0.009 0.230 0.728 
 520 V _   0.006 0.020 0.000 0.010 0.004 0.010 0.229 0.721 
 521 R _   0.007 0.025 0.001 0.011 0.005 0.010 0.228 0.714 
 522 P _   0.007 0.031 0.001 0.013 0.005 0.011 0.227 0.706 
 523 I _   0.007 0.037 0.001 0.015 0.006 0.012 0.226 0.696 
 524 I _   0.008 0.044 0.001 0.017 0.006 0.013 0.225 0.686 
 525 H _   0.008 0.050 0.001 0.020 0.007 0.014 0.225 0.675 
 526 P _   0.008 0.057 0.001 0.022 0.008 0.015 0.224 0.665 
 527 N _   0.009 0.062 0.001 0.025 0.009 0.015 0.225 0.655 
 528 A _   0.009 0.066 0.001 0.027 0.009 0.015 0.226 0.648 
 529 M _   0.009 0.068 0.001 0.028 0.009 0.015 0.227 0.643 
 530 E _   0.009 0.069 0.001 0.028 0.009 0.015 0.229 0.641 
 531 K _   0.009 0.068 0.001 0.027 0.008 0.014 0.232 0.642 
 532 L _   0.009 0.065 0.001 0.025 0.007 0.013 0.235 0.645 
 533 M _   0.009 0.060 0.001 0.021 0.006 0.012 0.239 0.652 
 534 K _   0.008 0.054 0.001 0.018 0.005 0.011 0.243 0.660 
 535 R _   0.008 0.048 0.001 0.015 0.005 0.010 0.248 0.667 
 536 K _   0.008 0.041 0.001 0.012 0.004 0.009 0.253 0.672 
 537 G _   0.007 0.035 0.000 0.011 0.004 0.008 0.257 0.677 
 538 V _   0.007 0.030 0.000 0.009 0.003 0.008 0.262 0.680 
 539 P _   0.007 0.026 0.000 0.009 0.003 0.007 0.267 0.681 
 540 H _   0.007 0.023 0.000 0.008 0.003 0.007 0.271 0.681 
 541 K _   0.007 0.021 0.000 0.008 0.003 0.007 0.274 0.680 
 542 S _   0.006 0.019 0.000 0.008 0.003 0.007 0.278 0.680 
 543 G _   0.006 0.017 0.000 0.008 0.002 0.006 0.281 0.679 
 544 M _   0.006 0.015 0.000 0.007 0.002 0.006 0.284 0.679 
 545 Q _   0.005 0.014 0.000 0.007 0.002 0.006 0.286 0.680 
 546 T _   0.005 0.013 0.000 0.006 0.002 0.006 0.288 0.681 
 547 K _   0.004 0.013 0.000 0.005 0.002 0.005 0.289 0.681 
 548 R _   0.004 0.013 0.000 0.005 0.002 0.005 0.289 0.681 
 549 P _   0.004 0.013 0.000 0.005 0.002 0.006 0.290 0.681 
 550 D _   0.004 0.015 0.000 0.005 0.002 0.006 0.289 0.679 
 551 L _   0.004 0.017 0.000 0.006 0.002 0.007 0.289 0.674 
 552 L _   0.005 0.021 0.000 0.008 0.003 0.008 0.288 0.667 
 553 R _   0.005 0.028 0.000 0.010 0.004 0.009 0.286 0.658 
 554 S _   0.006 0.036 0.001 0.013 0.005 0.011 0.284 0.644 
 555 E _   0.006 0.047 0.001 0.017 0.006 0.012 0.283 0.628 
 556 G _   0.007 0.059 0.001 0.022 0.007 0.014 0.281 0.610 
 557 I _   0.007 0.070 0.001 0.026 0.008 0.015 0.280 0.593 
 558 P _   0.008 0.079 0.001 0.030 0.009 0.015 0.280 0.578 
 559 T _   0.008 0.085 0.001 0.033 0.010 0.016 0.280 0.567 
 560 T _   0.008 0.088 0.001 0.035 0.010 0.016 0.281 0.560 
 561 E _   0.008 0.089 0.001 0.035 0.010 0.015 0.284 0.558 
 562 V _   0.008 0.088 0.001 0.034 0.009 0.015 0.287 0.558 
 563 A _   0.008 0.085 0.001 0.031 0.008 0.014 0.291 0.563 
 564 P _   0.008 0.079 0.001 0.027 0.007 0.012 0.295 0.570 
 565 T _   0.007 0.072 0.001 0.023 0.006 0.011 0.300 0.579 
 566 A _   0.007 0.064 0.001 0.019 0.005 0.010 0.306 0.589 
 567 S _   0.007 0.055 0.001 0.015 0.004 0.009 0.311 0.598 
 568 P _   0.006 0.047 0.000 0.012 0.004 0.008 0.316 0.606 
 569 L _   0.006 0.040 0.000 0.010 0.003 0.008 0.321 0.613 
 570 S _   0.005 0.034 0.000 0.009 0.003 0.007 0.325 0.617 
 571 G _   0.005 0.030 0.000 0.008 0.002 0.007 0.328 0.619 
 572 S _   0.005 0.027 0.000 0.008 0.002 0.006 0.331 0.621 
 573 P _   0.005 0.025 0.000 0.008 0.002 0.006 0.334 0.621 
 574 K _   0.005 0.023 0.000 0.008 0.002 0.006 0.336 0.620 
 575 M _   0.005 0.022 0.000 0.008 0.002 0.006 0.338 0.619 
 576 S _   0.004 0.021 0.000 0.009 0.002 0.006 0.339 0.618 
 577 T _   0.004 0.020 0.000 0.009 0.002 0.006 0.341 0.617 
 578 S _   0.004 0.020 0.000 0.009 0.002 0.006 0.341 0.616 
 579 S _   0.004 0.020 0.000 0.009 0.002 0.006 0.342 0.616 
 580 S _   0.004 0.019 0.000 0.009 0.002 0.006 0.343 0.615 
 581 K _   0.004 0.019 0.000 0.010 0.002 0.006 0.344 0.615 
 582 S _   0.004 0.019 0.000 0.010 0.002 0.006 0.344 0.615 
 583 R _   0.004 0.019 0.000 0.009 0.002 0.006 0.344 0.615 
 584 Y _   0.004 0.019 0.000 0.009 0.002 0.006 0.344 0.615 
 585 R _   0.004 0.019 0.000 0.009 0.002 0.006 0.344 0.615 
 586 S _   0.004 0.019 0.000 0.009 0.002 0.006 0.344 0.615 
 587 K _   0.004 0.019 0.000 0.009 0.002 0.006 0.344 0.616 
 588 P _   0.004 0.020 0.000 0.009 0.002 0.006 0.343 0.616 
 589 R _   0.004 0.020 0.000 0.008 0.002 0.006 0.342 0.618 
 590 H _   0.004 0.021 0.000 0.008 0.002 0.005 0.341 0.619 
 591 R _   0.003 0.022 0.000 0.007 0.002 0.005 0.339 0.621 
 592 R _   0.003 0.023 0.000 0.006 0.002 0.005 0.337 0.623 
 593 G _   0.003 0.025 0.000 0.006 0.002 0.006 0.334 0.625 
 594 N _   0.003 0.029 0.000 0.006 0.002 0.006 0.329 0.624 
 595 S _   0.003 0.035 0.000 0.007 0.002 0.007 0.324 0.621 
 596 R _   0.004 0.046 0.000 0.010 0.003 0.009 0.317 0.611 
 597 G _   0.005 0.065 0.001 0.015 0.005 0.011 0.308 0.591 
 598 S _   0.005 0.098 0.001 0.023 0.007 0.013 0.297 0.556 
 599 H _   0.006 0.143 0.001 0.033 0.010 0.015 0.284 0.507 
 600 S _   0.006 0.193 0.001 0.045 0.012 0.017 0.272 0.454 
 601 D _   0.006 0.237 0.001 0.057 0.013 0.017 0.261 0.408 
 602 F _   0.006 0.267 0.001 0.066 0.013 0.017 0.254 0.376 
 603 A _   0.006 0.283 0.001 0.071 0.013 0.017 0.250 0.360 
 604 A _   0.006 0.289 0.001 0.072 0.013 0.016 0.248 0.356 
 605 I _   0.006 0.287 0.001 0.069 0.012 0.015 0.248 0.362 
 606 L _   0.006 0.278 0.001 0.062 0.011 0.014 0.250 0.378 
 607 K _   0.006 0.258 0.001 0.052 0.010 0.013 0.253 0.407 
 608 N _   0.007 0.223 0.001 0.041 0.009 0.012 0.259 0.449 
 609 Q _   0.007 0.175 0.001 0.029 0.007 0.011 0.267 0.503 
 610 P _   0.008 0.126 0.001 0.020 0.005 0.009 0.275 0.556 
 611 A _   0.007 0.087 0.001 0.012 0.004 0.008 0.282 0.599 
 612 Q _   0.006 0.062 0.000 0.007 0.002 0.007 0.287 0.627 
 613 E _   0.005 0.050 0.000 0.005 0.002 0.007 0.290 0.641 
 614 N _   0.005 0.045 0.000 0.004 0.001 0.007 0.292 0.647 
 615 S _   0.005 0.043 0.000 0.004 0.001 0.007 0.292 0.647 
 616 P _   0.005 0.044 0.000 0.005 0.002 0.008 0.292 0.643 
 617 H _   0.006 0.049 0.000 0.008 0.003 0.010 0.291 0.634 
 618 P _   0.007 0.057 0.000 0.013 0.004 0.012 0.289 0.618 
 619 T _   0.007 0.069 0.001 0.020 0.006 0.014 0.286 0.598 
 620 Y _   0.008 0.082 0.001 0.027 0.007 0.015 0.283 0.577 
 621 L _   0.008 0.092 0.001 0.033 0.008 0.016 0.281 0.560 
 622 H _   0.008 0.098 0.001 0.038 0.009 0.016 0.281 0.550 
 623 Q _   0.007 0.101 0.001 0.039 0.009 0.016 0.281 0.546 
 624 A _   0.007 0.100 0.001 0.038 0.009 0.015 0.282 0.548 
 625 Q _   0.007 0.096 0.001 0.034 0.008 0.013 0.285 0.556 
 626 S _   0.007 0.088 0.001 0.029 0.007 0.012 0.288 0.568 
 627 Q _   0.007 0.077 0.001 0.023 0.006 0.011 0.293 0.583 
 628 Y _   0.006 0.064 0.001 0.018 0.005 0.010 0.297 0.599 
 629 P _   0.006 0.052 0.001 0.013 0.004 0.009 0.302 0.614 
 630 S _   0.006 0.041 0.000 0.010 0.003 0.008 0.306 0.625 
 631 L _   0.006 0.033 0.000 0.008 0.003 0.007 0.310 0.632 
 632 H _   0.006 0.028 0.000 0.007 0.002 0.007 0.313 0.637 
 633 H _   0.005 0.024 0.000 0.007 0.002 0.007 0.316 0.639 
 634 H _   0.005 0.022 0.000 0.007 0.002 0.007 0.318 0.639 
 635 N _   0.005 0.021 0.000 0.007 0.002 0.007 0.319 0.639 
 636 S _   0.005 0.020 0.000 0.008 0.002 0.007 0.320 0.638 
 637 L _   0.005 0.019 0.000 0.008 0.002 0.007 0.320 0.637 
 638 Q _   0.005 0.019 0.000 0.009 0.002 0.007 0.321 0.637 
 639 Q _   0.005 0.019 0.000 0.009 0.003 0.007 0.321 0.637 
 640 Q _   0.005 0.019 0.000 0.009 0.003 0.007 0.321 0.637 
 641 Y _   0.005 0.018 0.000 0.009 0.003 0.006 0.321 0.638 
 642 Q _   0.005 0.018 0.000 0.009 0.002 0.006 0.321 0.639 
 643 Q _   0.005 0.018 0.000 0.008 0.002 0.006 0.320 0.640 
 644 P _   0.004 0.018 0.000 0.008 0.002 0.006 0.320 0.642 
 645 P _   0.004 0.018 0.000 0.008 0.002 0.006 0.319 0.643 
 646 P _   0.004 0.019 0.000 0.007 0.002 0.006 0.318 0.644 
 647 A _   0.004 0.019 0.000 0.007 0.002 0.006 0.316 0.645 
 648 M _   0.004 0.021 0.000 0.007 0.002 0.006 0.314 0.646 
 649 S _   0.004 0.022 0.000 0.007 0.002 0.006 0.312 0.647 
 650 Q _   0.004 0.025 0.000 0.007 0.002 0.006 0.309 0.647 
 651 S _   0.004 0.028 0.000 0.007 0.002 0.006 0.306 0.647 
 652 H _   0.004 0.032 0.000 0.008 0.002 0.007 0.301 0.645 
 653 H _   0.004 0.038 0.000 0.009 0.003 0.007 0.297 0.642 
 654 P _   0.004 0.047 0.000 0.010 0.003 0.008 0.292 0.635 
 655 R _   0.004 0.059 0.001 0.012 0.004 0.009 0.286 0.625 
 656 L _   0.005 0.073 0.001 0.015 0.005 0.010 0.280 0.612 
 657 N _   0.005 0.089 0.001 0.017 0.005 0.011 0.274 0.597 
 658 M _   0.005 0.107 0.001 0.020 0.006 0.012 0.268 0.580 
 659 H _   0.005 0.125 0.001 0.023 0.007 0.012 0.263 0.564 
 660 G _   0.005 0.141 0.001 0.025 0.008 0.013 0.258 0.550 
 661 Q _   0.006 0.153 0.001 0.026 0.008 0.013 0.254 0.539 
 662 D _   0.006 0.162 0.001 0.027 0.008 0.014 0.251 0.532 
 663 I _   0.006 0.169 0.001 0.026 0.008 0.014 0.249 0.528 
