#TopoPred_TM8: 8-state transmembrane topology prediction results by no_profile mode 
#probabilities are in the order of H E C I L F X _, the 8 transmembrane topology types used in PDBTM 
   1 M X   0.008 0.001 0.002 0.036 0.006 0.006 0.844 0.097 
   2 E X   0.003 0.000 0.000 0.019 0.001 0.003 0.867 0.107 
   3 G X   0.001 0.000 0.000 0.010 0.000 0.002 0.873 0.114 
   4 D X   0.001 0.000 0.000 0.007 0.000 0.002 0.872 0.118 
   5 G X   0.001 0.000 0.000 0.007 0.000 0.002 0.868 0.121 
   6 V X   0.001 0.001 0.000 0.007 0.001 0.003 0.863 0.125 
   7 P X   0.002 0.001 0.000 0.008 0.001 0.004 0.856 0.129 
   8 W X   0.002 0.001 0.000 0.008 0.001 0.004 0.848 0.135 
   9 G X   0.002 0.002 0.000 0.009 0.001 0.004 0.838 0.143 
  10 S X   0.002 0.002 0.000 0.010 0.002 0.005 0.826 0.154 
  11 E X   0.002 0.002 0.000 0.009 0.002 0.005 0.813 0.167 
  12 P X   0.002 0.003 0.000 0.008 0.002 0.004 0.799 0.183 
  13 V X   0.002 0.003 0.000 0.006 0.001 0.004 0.784 0.200 
  14 S X   0.002 0.003 0.000 0.005 0.001 0.004 0.767 0.218 
  15 G X   0.002 0.004 0.000 0.004 0.001 0.004 0.748 0.236 
  16 P X   0.002 0.005 0.000 0.004 0.001 0.006 0.725 0.256 
  17 G X   0.003 0.009 0.000 0.006 0.002 0.008 0.696 0.276 
  18 P X   0.004 0.018 0.001 0.010 0.004 0.013 0.656 0.293 
  19 G X   0.006 0.042 0.001 0.018 0.009 0.019 0.600 0.303 
  20 G X   0.009 0.100 0.003 0.032 0.018 0.027 0.516 0.295 
  21 G X   0.011 0.212 0.004 0.048 0.029 0.034 0.403 0.260 
  22 G E   0.011 0.375 0.006 0.059 0.037 0.035 0.279 0.199 
  23 M E   0.009 0.546 0.005 0.060 0.035 0.030 0.178 0.136 
  24 I E   0.007 0.679 0.004 0.054 0.028 0.024 0.113 0.091 
  25 R E   0.005 0.765 0.002 0.046 0.021 0.019 0.078 0.065 
  26 E E   0.004 0.815 0.001 0.038 0.016 0.015 0.059 0.053 
  27 L E   0.003 0.841 0.001 0.032 0.012 0.012 0.049 0.050 
  28 C E   0.003 0.854 0.001 0.027 0.010 0.011 0.043 0.051 
  29 R E   0.003 0.859 0.001 0.024 0.009 0.010 0.039 0.055 
  30 G E   0.003 0.859 0.001 0.021 0.008 0.009 0.036 0.063 
  31 F E   0.004 0.854 0.001 0.018 0.008 0.009 0.034 0.073 
  32 G E   0.004 0.844 0.001 0.016 0.007 0.009 0.033 0.086 
  33 R E   0.005 0.829 0.001 0.015 0.007 0.009 0.032 0.103 
  34 Y E   0.005 0.809 0.001 0.014 0.007 0.009 0.031 0.124 
  35 R E   0.006 0.787 0.001 0.014 0.007 0.009 0.030 0.147 
  36 R E   0.006 0.762 0.001 0.013 0.007 0.009 0.030 0.172 
  37 Y E   0.006 0.737 0.001 0.013 0.006 0.010 0.030 0.198 
  38 L E   0.006 0.711 0.001 0.012 0.006 0.010 0.030 0.224 
  39 G E   0.007 0.685 0.001 0.012 0.005 0.010 0.030 0.251 
  40 R E   0.006 0.662 0.001 0.011 0.005 0.010 0.029 0.276 
  41 L E   0.006 0.641 0.001 0.011 0.005 0.010 0.029 0.298 
  42 R E   0.006 0.623 0.001 0.010 0.004 0.010 0.029 0.317 
  43 Q E   0.006 0.608 0.001 0.010 0.004 0.010 0.029 0.333 
  44 N E   0.006 0.595 0.000 0.011 0.004 0.010 0.028 0.345 
  45 L E   0.006 0.586 0.001 0.012 0.005 0.010 0.028 0.354 
  46 R E   0.006 0.578 0.001 0.013 0.005 0.010 0.028 0.360 
  47 E E   0.006 0.570 0.001 0.015 0.005 0.010 0.027 0.366 
  48 T E   0.006 0.561 0.001 0.016 0.006 0.010 0.027 0.372 
  49 Q E   0.006 0.550 0.001 0.018 0.006 0.010 0.027 0.381 
  50 K E   0.007 0.534 0.001 0.020 0.006 0.010 0.027 0.395 
  51 F E   0.007 0.512 0.001 0.020 0.007 0.010 0.028 0.416 
  52 F E   0.007 0.482 0.001 0.020 0.007 0.010 0.028 0.445 
  53 R _   0.007 0.445 0.001 0.018 0.006 0.010 0.029 0.483 
  54 D _   0.007 0.404 0.001 0.015 0.005 0.010 0.030 0.527 
  55 I _   0.007 0.367 0.001 0.012 0.005 0.010 0.031 0.568 
  56 K _   0.007 0.339 0.001 0.009 0.004 0.010 0.031 0.600 
  57 C _   0.007 0.323 0.000 0.007 0.003 0.010 0.031 0.619 
  58 S _   0.006 0.316 0.000 0.006 0.003 0.010 0.031 0.627 
  59 H _   0.006 0.315 0.000 0.007 0.003 0.010 0.030 0.627 
  60 N _   0.007 0.321 0.000 0.009 0.004 0.011 0.029 0.618 
  61 H _   0.007 0.334 0.001 0.012 0.005 0.012 0.028 0.600 
  62 T _   0.007 0.355 0.001 0.017 0.006 0.012 0.026 0.574 
  63 C _   0.007 0.379 0.001 0.023 0.007 0.012 0.025 0.546 
  64 L _   0.006 0.400 0.001 0.027 0.008 0.012 0.023 0.522 
  65 S _   0.006 0.414 0.001 0.030 0.008 0.012 0.022 0.507 
  66 S _   0.006 0.421 0.001 0.032 0.008 0.011 0.022 0.500 
  67 L _   0.005 0.423 0.001 0.031 0.007 0.010 0.021 0.500 
  68 T _   0.005 0.420 0.001 0.029 0.007 0.009 0.021 0.508 
  69 G _   0.005 0.411 0.001 0.026 0.006 0.009 0.021 0.522 
  70 G _   0.005 0.398 0.001 0.021 0.005 0.008 0.022 0.541 
  71 G _   0.005 0.381 0.001 0.017 0.004 0.007 0.022 0.563 
  72 G _   0.005 0.363 0.001 0.013 0.003 0.007 0.022 0.586 
  73 A _   0.004 0.347 0.000 0.010 0.003 0.007 0.023 0.605 
  74 E _   0.004 0.336 0.000 0.008 0.002 0.006 0.023 0.619 
  75 R _   0.004 0.330 0.000 0.007 0.002 0.006 0.023 0.627 
  76 G _   0.004 0.329 0.000 0.007 0.002 0.007 0.023 0.629 
  77 P _   0.004 0.332 0.000 0.007 0.002 0.007 0.022 0.625 
  78 A _   0.004 0.340 0.000 0.009 0.003 0.008 0.021 0.614 
  79 G _   0.005 0.355 0.000 0.011 0.004 0.009 0.020 0.595 
  80 D _   0.005 0.377 0.001 0.015 0.005 0.010 0.019 0.569 
  81 V _   0.005 0.405 0.001 0.019 0.006 0.011 0.017 0.536 
  82 A _   0.005 0.435 0.001 0.023 0.007 0.012 0.016 0.502 
  83 E _   0.005 0.461 0.001 0.027 0.007 0.012 0.015 0.471 
  84 T E   0.005 0.482 0.001 0.031 0.008 0.012 0.014 0.447 
  85 G E   0.005 0.496 0.001 0.034 0.008 0.012 0.013 0.430 
  86 L E   0.005 0.504 0.001 0.037 0.009 0.012 0.012 0.420 
  87 Q E   0.005 0.506 0.001 0.039 0.009 0.012 0.012 0.417 
  88 A E   0.006 0.501 0.001 0.039 0.009 0.012 0.012 0.420 
  89 G E   0.006 0.490 0.001 0.039 0.009 0.012 0.012 0.431 
  90 Q E   0.007 0.468 0.001 0.038 0.009 0.012 0.013 0.452 
  91 L _   0.007 0.431 0.001 0.037 0.010 0.012 0.014 0.489 
  92 S _   0.008 0.375 0.001 0.035 0.010 0.012 0.015 0.544 
  93 C _   0.009 0.301 0.001 0.031 0.010 0.013 0.017 0.619 
  94 I _   0.010 0.219 0.001 0.026 0.009 0.013 0.019 0.703 
  95 S _   0.010 0.141 0.001 0.021 0.007 0.012 0.021 0.786 
  96 F _   0.010 0.081 0.001 0.015 0.005 0.011 0.022 0.854 
  97 P _   0.010 0.040 0.001 0.010 0.004 0.010 0.023 0.901 
  98 P _   0.011 0.019 0.000 0.007 0.003 0.010 0.023 0.928 
  99 K _   0.013 0.008 0.000 0.004 0.002 0.009 0.023 0.939 
 100 E _   0.018 0.003 0.000 0.003 0.002 0.010 0.023 0.941 
 101 E _   0.027 0.001 0.000 0.003 0.002 0.011 0.022 0.932 
 102 K _   0.046 0.001 0.000 0.003 0.003 0.013 0.021 0.913 
 103 Y _   0.077 0.000 0.001 0.003 0.004 0.016 0.020 0.879 
 104 L _   0.125 0.000 0.001 0.003 0.006 0.020 0.018 0.827 
 105 Q _   0.191 0.000 0.001 0.003 0.009 0.024 0.015 0.756 
 106 Q _   0.272 0.000 0.001 0.003 0.014 0.028 0.013 0.669 
 107 I _   0.366 0.000 0.001 0.003 0.020 0.032 0.010 0.567 
 108 V _   0.459 0.000 0.002 0.003 0.026 0.034 0.008 0.468 
 109 D H   0.542 0.000 0.002 0.003 0.032 0.036 0.007 0.379 
 110 C H   0.611 0.000 0.002 0.003 0.037 0.036 0.006 0.306 
 111 L H   0.660 0.000 0.002 0.003 0.040 0.035 0.005 0.254 
 112 P H   0.690 0.000 0.002 0.003 0.041 0.033 0.005 0.224 
 113 C H   0.705 0.001 0.002 0.004 0.041 0.031 0.005 0.211 
 114 I H   0.703 0.001 0.002 0.005 0.039 0.028 0.006 0.216 
 115 L H   0.686 0.001 0.002 0.005 0.036 0.026 0.006 0.238 
 116 I H   0.651 0.001 0.002 0.005 0.032 0.024 0.007 0.279 
 117 L H   0.595 0.000 0.002 0.004 0.025 0.021 0.008 0.343 
 118 G H   0.522 0.000 0.002 0.003 0.018 0.019 0.009 0.427 
 119 Q _   0.439 0.000 0.001 0.002 0.012 0.016 0.010 0.519 
 120 D _   0.360 0.000 0.001 0.001 0.007 0.014 0.012 0.604 
 121 C _   0.299 0.000 0.001 0.001 0.005 0.013 0.012 0.669 
 122 N _   0.261 0.000 0.000 0.001 0.004 0.013 0.013 0.708 
 123 V _   0.243 0.000 0.000 0.001 0.004 0.014 0.014 0.725 
 124 K _   0.241 0.000 0.000 0.001 0.004 0.016 0.014 0.723 
 125 C _   0.254 0.000 0.001 0.001 0.006 0.020 0.015 0.703 
 126 Q _   0.278 0.000 0.001 0.002 0.009 0.025 0.015 0.670 
 127 L _   0.310 0.000 0.001 0.003 0.015 0.031 0.016 0.624 
 128 L _   0.342 0.001 0.001 0.004 0.023 0.038 0.016 0.575 
 129 N _   0.369 0.002 0.002 0.006 0.031 0.042 0.017 0.530 
 130 L _   0.387 0.003 0.002 0.010 0.039 0.046 0.019 0.495 
 131 L _   0.396 0.005 0.002 0.013 0.044 0.047 0.020 0.472 
 132 L _   0.394 0.007 0.002 0.017 0.047 0.048 0.023 0.463 
 133 G _   0.383 0.008 0.003 0.019 0.046 0.046 0.025 0.470 
 134 V _   0.361 0.008 0.003 0.020 0.043 0.044 0.029 0.493 
 135 Q _   0.328 0.008 0.002 0.020 0.037 0.040 0.032 0.532 
 136 V _   0.287 0.007 0.002 0.018 0.030 0.036 0.037 0.583 
 137 L _   0.240 0.005 0.002 0.015 0.023 0.031 0.041 0.642 
 138 P _   0.193 0.003 0.001 0.012 0.016 0.026 0.046 0.702 
 139 T _   0.148 0.002 0.001 0.008 0.011 0.022 0.050 0.758 
 140 T _   0.107 0.001 0.001 0.006 0.007 0.018 0.054 0.806 
 141 K _   0.075 0.001 0.001 0.005 0.005 0.015 0.056 0.843 
 142 L _   0.052 0.000 0.000 0.004 0.004 0.013 0.058 0.868 
 143 G _   0.037 0.000 0.000 0.003 0.003 0.011 0.060 0.885 
 144 S _   0.027 0.000 0.000 0.003 0.003 0.011 0.061 0.895 
 145 E _   0.020 0.001 0.000 0.004 0.003 0.011 0.062 0.899 
 146 E _   0.017 0.001 0.000 0.004 0.003 0.012 0.063 0.899 
 147 S _   0.016 0.003 0.000 0.006 0.004 0.013 0.063 0.896 
 148 C _   0.015 0.005 0.001 0.008 0.005 0.015 0.063 0.889 
 149 K _   0.015 0.008 0.001 0.012 0.006 0.016 0.062 0.879 
 150 L _   0.016 0.012 0.001 0.015 0.008 0.018 0.062 0.867 
 151 R _   0.016 0.016 0.001 0.019 0.009 0.019 0.062 0.857 
 152 R _   0.017 0.019 0.001 0.022 0.011 0.020 0.062 0.848 
 153 L _   0.017 0.022 0.001 0.024 0.011 0.021 0.062 0.843 
 154 R _   0.017 0.022 0.001 0.024 0.011 0.021 0.063 0.841 
 155 F _   0.016 0.022 0.001 0.022 0.010 0.020 0.064 0.844 
 156 T _   0.016 0.021 0.001 0.019 0.010 0.020 0.065 0.849 
 157 Y _   0.015 0.020 0.001 0.017 0.008 0.019 0.066 0.854 
 158 G _   0.015 0.018 0.001 0.014 0.007 0.018 0.067 0.860 
 159 T _   0.015 0.017 0.001 0.011 0.007 0.018 0.068 0.865 
 160 Q _   0.015 0.016 0.001 0.009 0.006 0.018 0.069 0.867 
 161 T _   0.015 0.015 0.001 0.008 0.006 0.019 0.070 0.867 
 162 R _   0.016 0.015 0.001 0.008 0.006 0.020 0.071 0.864 
 163 V _   0.017 0.016 0.001 0.008 0.006 0.021 0.072 0.859 
 164 S _   0.019 0.018 0.001 0.009 0.007 0.023 0.072 0.851 
 165 L _   0.022 0.020 0.001 0.010 0.008 0.026 0.073 0.840 
 166 A _   0.025 0.024 0.001 0.011 0.010 0.029 0.073 0.827 
 167 L _   0.028 0.029 0.001 0.012 0.012 0.032 0.074 0.812 
 168 P _   0.032 0.036 0.001 0.014 0.014 0.036 0.074 0.793 
 169 G _   0.036 0.044 0.001 0.015 0.018 0.039 0.075 0.771 
 170 Q _   0.040 0.054 0.001 0.018 0.021 0.043 0.076 0.748 
 171 Y _   0.043 0.065 0.002 0.021 0.024 0.045 0.077 0.723 
 172 E _   0.046 0.077 0.002 0.025 0.028 0.047 0.078 0.698 
 173 L _   0.048 0.090 0.002 0.030 0.030 0.047 0.080 0.674 
 174 V _   0.048 0.100 0.002 0.035 0.031 0.047 0.082 0.655 
 175 H _   0.047 0.108 0.002 0.040 0.031 0.045 0.084 0.642 
 176 T _   0.045 0.113 0.002 0.043 0.030 0.043 0.088 0.636 
 177 L _   0.043 0.114 0.002 0.044 0.028 0.039 0.092 0.637 
 178 V _   0.041 0.113 0.002 0.043 0.024 0.036 0.097 0.645 
 179 A _   0.037 0.107 0.002 0.040 0.021 0.032 0.103 0.660 
 180 H _   0.032 0.097 0.001 0.035 0.017 0.028 0.109 0.680 
 181 Q _   0.028 0.084 0.001 0.029 0.013 0.024 0.116 0.704 
 182 G _   0.024 0.070 0.001 0.024 0.010 0.020 0.122 0.729 
 183 N _   0.021 0.055 0.001 0.019 0.008 0.017 0.129 0.750 
 184 W _   0.018 0.042 0.001 0.015 0.006 0.015 0.136 0.768 
 185 E _   0.015 0.031 0.001 0.013 0.005 0.012 0.141 0.782 
 186 T _   0.013 0.023 0.000 0.011 0.004 0.011 0.147 0.792 
 187 I _   0.011 0.017 0.000 0.009 0.003 0.009 0.151 0.798 
 188 P _   0.010 0.013 0.000 0.009 0.003 0.008 0.155 0.803 
 189 E _   0.009 0.010 0.000 0.008 0.002 0.007 0.158 0.806 
 190 E _   0.008 0.007 0.000 0.007 0.002 0.007 0.160 0.809 
 191 D _   0.007 0.005 0.000 0.006 0.002 0.006 0.162 0.812 
 192 L _   0.006 0.003 0.000 0.006 0.002 0.005 0.163 0.815 
 193 E _   0.005 0.002 0.000 0.005 0.001 0.005 0.163 0.818 
 194 V _   0.005 0.001 0.000 0.004 0.001 0.005 0.163 0.822 
 195 Q _   0.004 0.001 0.000 0.003 0.001 0.005 0.162 0.824 
 196 E _   0.005 0.000 0.000 0.002 0.001 0.005 0.160 0.826 
 197 N _   0.006 0.000 0.000 0.002 0.001 0.007 0.157 0.827 
 198 N _   0.010 0.000 0.000 0.002 0.001 0.009 0.153 0.824 
 199 E _   0.017 0.000 0.000 0.003 0.002 0.014 0.148 0.815 
 200 D _   0.032 0.000 0.000 0.004 0.004 0.022 0.142 0.796 
 201 A _   0.056 0.001 0.001 0.005 0.008 0.033 0.134 0.763 
 202 A _   0.089 0.001 0.001 0.008 0.015 0.047 0.124 0.714 
 203 H _   0.130 0.002 0.002 0.012 0.025 0.060 0.114 0.654 
 204 V _   0.173 0.004 0.002 0.016 0.038 0.073 0.104 0.591 
 205 L _   0.213 0.006 0.002 0.020 0.049 0.081 0.095 0.533 
 206 A _   0.248 0.007 0.003 0.022 0.058 0.086 0.088 0.489 
 207 E _   0.277 0.007 0.003 0.022 0.064 0.087 0.082 0.458 
 208 L _   0.300 0.007 0.003 0.020 0.065 0.086 0.077 0.442 
 209 E _   0.317 0.006 0.003 0.017 0.064 0.082 0.074 0.439 
 210 V _   0.326 0.005 0.003 0.013 0.059 0.076 0.071 0.447 
 211 T _   0.327 0.003 0.002 0.010 0.052 0.070 0.070 0.465 
 212 M _   0.321 0.002 0.002 0.008 0.045 0.064 0.069 0.489 
 213 H _   0.309 0.001 0.002 0.007 0.037 0.057 0.068 0.519 
 214 H _   0.290 0.001 0.002 0.006 0.030 0.051 0.068 0.552 
 215 A _   0.267 0.001 0.002 0.005 0.024 0.045 0.069 0.588 
 216 L _   0.241 0.000 0.001 0.005 0.019 0.040 0.070 0.624 
 217 L _   0.213 0.000 0.001 0.005 0.015 0.036 0.070 0.660 
 218 Q _   0.186 0.000 0.001 0.005 0.013 0.032 0.071 0.693 
 219 E _   0.159 0.000 0.001 0.005 0.011 0.029 0.072 0.723 
 220 V _   0.135 0.000 0.001 0.005 0.009 0.027 0.073 0.750 
 221 D _   0.115 0.000 0.001 0.005 0.008 0.025 0.073 0.772 
 222 V _   0.098 0.000 0.001 0.005 0.008 0.024 0.074 0.791 
 223 V _   0.083 0.000 0.001 0.005 0.007 0.023 0.074 0.806 
 224 V _   0.072 0.000 0.001 0.006 0.007 0.022 0.074 0.817 
 225 A _   0.062 0.001 0.001 0.006 0.007 0.022 0.075 0.826 
 226 P _   0.054 0.001 0.001 0.007 0.008 0.023 0.075 0.833 
 227 C _   0.047 0.001 0.001 0.007 0.008 0.023 0.075 0.838 
 228 Q _   0.042 0.001 0.001 0.008 0.008 0.023 0.075 0.842 
 229 G _   0.039 0.001 0.001 0.008 0.009 0.024 0.075 0.844 
 230 L _   0.036 0.001 0.001 0.009 0.009 0.024 0.075 0.845 
 231 R _   0.034 0.002 0.001 0.009 0.009 0.025 0.075 0.845 
 232 P _   0.033 0.002 0.001 0.010 0.009 0.026 0.075 0.844 
 233 T _   0.034 0.002 0.001 0.010 0.009 0.026 0.075 0.843 
 234 V _   0.035 0.002 0.001 0.010 0.010 0.027 0.075 0.840 
 235 D _   0.037 0.002 0.001 0.010 0.010 0.028 0.076 0.837 
 236 V _   0.040 0.002 0.001 0.009 0.010 0.030 0.076 0.832 
 237 L _   0.044 0.003 0.001 0.008 0.010 0.032 0.077 0.826 
 238 G _   0.050 0.003 0.001 0.007 0.010 0.034 0.077 0.818 
 239 D _   0.057 0.004 0.001 0.007 0.012 0.036 0.078 0.807 
 240 L _   0.065 0.005 0.001 0.007 0.014 0.040 0.078 0.790 
 241 V _   0.075 0.007 0.001 0.008 0.018 0.044 0.079 0.768 
 242 N _   0.085 0.012 0.001 0.011 0.023 0.048 0.080 0.740 
 243 D _   0.094 0.021 0.002 0.015 0.028 0.051 0.081 0.708 
 244 F _   0.101 0.033 0.002 0.022 0.034 0.053 0.083 0.672 
 245 L _   0.104 0.047 0.002 0.031 0.037 0.054 0.085 0.640 
 246 P _   0.103 0.059 0.002 0.040 0.039 0.052 0.088 0.618 
 247 V _   0.098 0.067 0.002 0.048 0.038 0.049 0.091 0.606 
 248 I _   0.090 0.070 0.002 0.052 0.035 0.045 0.096 0.610 
 249 T _   0.079 0.069 0.002 0.051 0.030 0.040 0.102 0.627 
 250 Y _   0.067 0.064 0.002 0.046 0.023 0.034 0.109 0.656 
 251 A _   0.054 0.055 0.002 0.037 0.017 0.028 0.116 0.692 
 252 L _   0.042 0.042 0.001 0.027 0.012 0.022 0.123 0.731 
 253 H _   0.032 0.028 0.001 0.018 0.007 0.017 0.130 0.768 
 254 K _   0.023 0.017 0.001 0.011 0.004 0.012 0.135 0.797 
 255 D _   0.016 0.009 0.000 0.007 0.003 0.009 0.139 0.816 
 256 E _   0.012 0.006 0.000 0.004 0.002 0.007 0.142 0.827 
 257 L _   0.009 0.004 0.000 0.003 0.001 0.006 0.143 0.834 
 258 S _   0.007 0.003 0.000 0.003 0.001 0.005 0.144 0.837 
 259 E _   0.006 0.003 0.000 0.003 0.001 0.005 0.144 0.837 
 260 R _   0.005 0.004 0.000 0.003 0.001 0.006 0.143 0.837 
 261 D _   0.005 0.006 0.000 0.004 0.002 0.007 0.142 0.834 
 262 E _   0.006 0.010 0.000 0.006 0.002 0.009 0.139 0.828 
 263 Q _   0.006 0.017 0.000 0.008 0.003 0.011 0.136 0.818 
 264 E _   0.007 0.027 0.001 0.011 0.004 0.014 0.132 0.804 
 265 L _   0.008 0.042 0.001 0.014 0.006 0.017 0.127 0.785 
 266 Q _   0.010 0.062 0.001 0.017 0.008 0.020 0.121 0.761 
 267 E _   0.011 0.085 0.001 0.020 0.010 0.024 0.115 0.734 
 268 I _   0.013 0.110 0.001 0.024 0.012 0.027 0.109 0.704 
 269 R _   0.015 0.135 0.001 0.027 0.015 0.030 0.104 0.673 
 270 K _   0.017 0.159 0.001 0.030 0.018 0.033 0.099 0.643 
 271 Y _   0.019 0.183 0.002 0.033 0.021 0.035 0.095 0.613 
 272 F _   0.022 0.203 0.002 0.036 0.023 0.036 0.091 0.588 
 273 S _   0.023 0.218 0.002 0.039 0.024 0.036 0.089 0.569 
 274 F _   0.025 0.229 0.002 0.041 0.025 0.036 0.087 0.556 
 275 P _   0.026 0.235 0.002 0.041 0.024 0.035 0.085 0.551 
 276 V _   0.027 0.237 0.002 0.041 0.023 0.034 0.085 0.553 
 277 F _   0.027 0.235 0.002 0.038 0.021 0.032 0.084 0.561 
 278 F _   0.026 0.228 0.001 0.035 0.019 0.029 0.084 0.576 
 279 F _   0.025 0.217 0.001 0.031 0.017 0.027 0.085 0.597 
 280 K _   0.024 0.202 0.001 0.026 0.014 0.025 0.086 0.622 
 281 V _   0.022 0.185 0.001 0.023 0.012 0.022 0.087 0.648 
 282 P _   0.020 0.167 0.001 0.019 0.010 0.020 0.089 0.674 
 283 K _   0.018 0.151 0.001 0.017 0.009 0.018 0.090 0.697 
 284 L _   0.016 0.137 0.001 0.015 0.007 0.017 0.091 0.716 
 285 G _   0.014 0.126 0.001 0.014 0.006 0.015 0.093 0.731 
 286 S _   0.013 0.117 0.001 0.014 0.006 0.014 0.094 0.743 
 287 E _   0.012 0.108 0.001 0.013 0.005 0.012 0.095 0.754 
 288 I _   0.010 0.101 0.001 0.013 0.005 0.011 0.096 0.763 
 289 I _   0.009 0.094 0.001 0.012 0.004 0.011 0.096 0.772 
 290 D _   0.008 0.088 0.001 0.012 0.004 0.010 0.097 0.781 
 291 S _   0.008 0.082 0.000 0.011 0.004 0.009 0.098 0.789 
 292 S _   0.007 0.076 0.000 0.009 0.003 0.009 0.098 0.797 
 293 T _   0.007 0.072 0.000 0.008 0.003 0.008 0.098 0.804 
 294 R _   0.006 0.069 0.000 0.007 0.003 0.008 0.098 0.809 
 295 R _   0.006 0.067 0.000 0.007 0.002 0.008 0.098 0.812 
 296 M _   0.006 0.067 0.000 0.006 0.002 0.008 0.097 0.813 
 297 E _   0.006 0.068 0.000 0.006 0.003 0.009 0.096 0.812 
 298 S _   0.006 0.073 0.000 0.007 0.003 0.010 0.094 0.806 
 299 E _   0.007 0.081 0.000 0.009 0.004 0.012 0.092 0.795 
 300 R _   0.008 0.095 0.001 0.012 0.005 0.014 0.089 0.776 
 301 S _   0.009 0.116 0.001 0.016 0.007 0.017 0.086 0.748 
 302 P _   0.011 0.146 0.001 0.021 0.010 0.019 0.082 0.709 
 303 L _   0.011 0.183 0.001 0.028 0.012 0.021 0.079 0.664 
 304 Y _   0.012 0.219 0.001 0.035 0.015 0.023 0.075 0.620 
 305 R _   0.012 0.249 0.001 0.041 0.016 0.023 0.072 0.584 
 306 Q _   0.012 0.270 0.001 0.046 0.016 0.023 0.071 0.560 
 307 L _   0.012 0.282 0.001 0.049 0.016 0.023 0.069 0.546 
 308 I _   0.012 0.288 0.001 0.050 0.016 0.022 0.069 0.542 
 309 D _   0.012 0.287 0.001 0.049 0.015 0.021 0.069 0.546 
 310 L _   0.012 0.281 0.001 0.045 0.013 0.019 0.070 0.558 
 311 G _   0.011 0.269 0.001 0.041 0.012 0.018 0.071 0.578 
 312 Y _   0.011 0.250 0.001 0.036 0.010 0.016 0.072 0.604 
 313 L _   0.011 0.225 0.001 0.031 0.009 0.015 0.074 0.635 
 314 S _   0.010 0.194 0.001 0.026 0.008 0.014 0.077 0.670 
 315 S _   0.010 0.163 0.001 0.023 0.007 0.012 0.079 0.706 
 316 S _   0.010 0.132 0.001 0.019 0.006 0.011 0.082 0.739 
 317 H _   0.009 0.105 0.001 0.017 0.005 0.010 0.084 0.770 
 318 W _   0.008 0.081 0.001 0.014 0.004 0.009 0.086 0.797 
 319 N _   0.008 0.063 0.000 0.011 0.003 0.009 0.087 0.819 
 320 C _   0.007 0.048 0.000 0.009 0.003 0.008 0.088 0.837 
 321 G _   0.006 0.037 0.000 0.007 0.002 0.007 0.089 0.851 
 322 A _   0.006 0.030 0.000 0.006 0.002 0.006 0.089 0.862 
 323 P _   0.005 0.025 0.000 0.005 0.002 0.006 0.088 0.869 
 324 G _   0.005 0.023 0.000 0.004 0.002 0.006 0.087 0.873 
 325 Q _   0.005 0.023 0.000 0.005 0.002 0.007 0.085 0.874 
 326 D _   0.005 0.024 0.000 0.006 0.002 0.009 0.083 0.871 
 327 T _   0.006 0.027 0.000 0.008 0.003 0.011 0.081 0.864 
 328 K _   0.007 0.033 0.001 0.013 0.005 0.013 0.078 0.850 
 329 A _   0.008 0.043 0.001 0.020 0.007 0.016 0.074 0.831 
 330 Q _   0.009 0.054 0.001 0.029 0.009 0.019 0.070 0.810 
 331 S _   0.010 0.063 0.001 0.036 0.011 0.020 0.067 0.792 
 332 M _   0.010 0.068 0.001 0.042 0.012 0.021 0.064 0.781 
 333 L _   0.011 0.070 0.001 0.045 0.012 0.022 0.062 0.778 
 334 V _   0.011 0.069 0.001 0.043 0.012 0.022 0.060 0.783 
 335 E _   0.011 0.064 0.001 0.038 0.011 0.021 0.058 0.795 
 336 Q _   0.011 0.056 0.001 0.031 0.010 0.020 0.058 0.814 
 337 S _   0.012 0.043 0.001 0.023 0.008 0.019 0.057 0.837 
 338 E _   0.012 0.030 0.001 0.015 0.007 0.019 0.056 0.860 
 339 K _   0.014 0.019 0.001 0.010 0.006 0.018 0.055 0.877 
 340 L _   0.015 0.011 0.001 0.007 0.005 0.019 0.055 0.888 
 341 R _   0.018 0.007 0.000 0.005 0.005 0.020 0.054 0.891 
 342 H _   0.023 0.005 0.001 0.004 0.005 0.022 0.052 0.888 
 343 L _   0.028 0.005 0.001 0.005 0.006 0.025 0.051 0.879 
 344 S _   0.035 0.005 0.001 0.007 0.009 0.029 0.049 0.866 
 345 T _   0.043 0.006 0.001 0.009 0.012 0.032 0.048 0.848 
 346 F _   0.051 0.008 0.001 0.013 0.016 0.036 0.046 0.829 
 347 S _   0.059 0.010 0.001 0.017 0.020 0.039 0.045 0.809 
 348 H _   0.066 0.012 0.002 0.021 0.023 0.041 0.043 0.793 
 349 Q _   0.071 0.013 0.002 0.024 0.024 0.042 0.042 0.782 
 350 V _   0.076 0.014 0.002 0.025 0.024 0.042 0.041 0.777 
 351 L _   0.079 0.013 0.002 0.024 0.023 0.040 0.040 0.779 
 352 Q _   0.082 0.011 0.002 0.020 0.021 0.038 0.040 0.787 
 353 T _   0.084 0.008 0.001 0.016 0.017 0.035 0.039 0.799 
 354 R _   0.085 0.006 0.001 0.012 0.014 0.033 0.039 0.811 
 355 L _   0.088 0.003 0.001 0.008 0.011 0.030 0.038 0.821 
 356 V _   0.092 0.001 0.001 0.006 0.009 0.028 0.038 0.826 
 357 D _   0.099 0.001 0.001 0.004 0.007 0.026 0.037 0.826 
 358 A _   0.110 0.000 0.001 0.003 0.006 0.025 0.036 0.818 
 359 A _   0.128 0.000 0.001 0.002 0.006 0.025 0.035 0.802 
 360 K _   0.152 0.000 0.001 0.002 0.007 0.026 0.034 0.779 
 361 A _   0.183 0.000 0.001 0.002 0.009 0.028 0.033 0.745 
 362 L _   0.221 0.000 0.001 0.002 0.011 0.030 0.031 0.704 
 363 N _   0.263 0.000 0.001 0.003 0.014 0.032 0.030 0.657 
 364 L _   0.310 0.000 0.001 0.003 0.018 0.034 0.029 0.604 
 365 V _   0.355 0.000 0.001 0.003 0.023 0.036 0.029 0.553 
 366 H _   0.397 0.000 0.002 0.004 0.027 0.038 0.028 0.504 
 367 C _   0.431 0.000 0.002 0.004 0.032 0.039 0.029 0.464 
 368 H H   0.456 0.001 0.002 0.005 0.035 0.039 0.029 0.434 
 369 C H   0.471 0.001 0.002 0.005 0.037 0.039 0.030 0.416 
 370 L H   0.475 0.001 0.002 0.006 0.037 0.038 0.032 0.408 
 371 D H   0.469 0.001 0.002 0.007 0.037 0.037 0.035 0.412 
 372 I H   0.453 0.002 0.002 0.008 0.035 0.035 0.038 0.427 
 373 F _   0.424 0.002 0.002 0.009 0.032 0.033 0.041 0.456 
 374 I _   0.385 0.002 0.002 0.010 0.028 0.031 0.046 0.496 
 375 N _   0.336 0.002 0.002 0.010 0.023 0.028 0.052 0.548 
 376 Q _   0.281 0.001 0.002 0.010 0.018 0.025 0.058 0.605 
 377 A _   0.223 0.001 0.001 0.009 0.014 0.022 0.064 0.666 
 378 F _   0.168 0.001 0.001 0.008 0.010 0.018 0.070 0.724 
 379 D _   0.122 0.001 0.001 0.006 0.007 0.016 0.075 0.774 
 380 M _   0.086 0.000 0.001 0.005 0.005 0.013 0.079 0.811 
 381 Q _   0.059 0.000 0.000 0.004 0.004 0.012 0.083 0.838 
 382 R _   0.042 0.000 0.000 0.004 0.003 0.010 0.085 0.855 
 383 D _   0.030 0.001 0.000 0.004 0.003 0.010 0.088 0.865 
 384 L _   0.023 0.001 0.000 0.005 0.003 0.010 0.089 0.869 
 385 Q _   0.018 0.002 0.000 0.007 0.003 0.010 0.091 0.869 
 386 I _   0.015 0.002 0.000 0.009 0.004 0.010 0.092 0.867 
 387 T _   0.013 0.004 0.000 0.011 0.004 0.010 0.093 0.864 
 388 P _   0.012 0.005 0.001 0.013 0.004 0.010 0.094 0.860 
 389 K _   0.011 0.005 0.001 0.015 0.005 0.010 0.096 0.858 
 390 R _   0.010 0.006 0.001 0.014 0.004 0.010 0.097 0.859 
 391 L _   0.009 0.006 0.000 0.013 0.004 0.009 0.098 0.862 
 392 E _   0.008 0.006 0.000 0.011 0.003 0.008 0.098 0.866 
 393 Y _   0.007 0.005 0.000 0.009 0.003 0.007 0.099 0.871 
 394 T _   0.006 0.005 0.000 0.006 0.002 0.006 0.099 0.875 
 395 R _   0.005 0.004 0.000 0.005 0.002 0.006 0.099 0.878 
 396 K _   0.005 0.005 0.000 0.004 0.002 0.006 0.099 0.879 
 397 K _   0.005 0.005 0.000 0.004 0.002 0.007 0.098 0.878 
 398 E _   0.006 0.007 0.000 0.005 0.002 0.008 0.097 0.874 
 399 N _   0.007 0.012 0.000 0.008 0.003 0.009 0.096 0.865 
 400 E _   0.008 0.019 0.001 0.012 0.005 0.011 0.094 0.851 
 401 L _   0.009 0.030 0.001 0.018 0.006 0.013 0.092 0.831 
 402 Y _   0.009 0.043 0.001 0.025 0.008 0.015 0.090 0.809 
 403 E _   0.010 0.053 0.001 0.032 0.010 0.016 0.088 0.789 
 404 S _   0.010 0.061 0.001 0.038 0.010 0.017 0.087 0.777 
 405 L _   0.010 0.065 0.001 0.040 0.011 0.017 0.086 0.771 
 406 M _   0.009 0.065 0.001 0.039 0.010 0.016 0.086 0.773 
 407 N _   0.009 0.064 0.001 0.034 0.009 0.015 0.086 0.782 
 408 I _   0.009 0.059 0.001 0.028 0.008 0.014 0.087 0.795 
 409 A _   0.009 0.052 0.001 0.021 0.006 0.013 0.087 0.811 
 410 N _   0.008 0.044 0.001 0.014 0.005 0.012 0.088 0.828 
 411 R _   0.008 0.038 0.000 0.010 0.004 0.011 0.089 0.841 
 412 K _   0.008 0.033 0.000 0.006 0.003 0.011 0.089 0.849 
 413 Q _   0.008 0.031 0.000 0.005 0.003 0.011 0.089 0.852 
 414 E _   0.009 0.031 0.000 0.005 0.003 0.013 0.088 0.850 
 415 E _   0.011 0.034 0.000 0.006 0.004 0.015 0.088 0.841 
 416 M _   0.013 0.041 0.001 0.009 0.006 0.018 0.087 0.824 
 417 K _   0.016 0.055 0.001 0.014 0.009 0.021 0.086 0.799 
 418 D _   0.018 0.074 0.001 0.021 0.012 0.024 0.084 0.766 
 419 M _   0.019 0.095 0.001 0.029 0.015 0.026 0.083 0.731 
 420 I _   0.020 0.114 0.001 0.037 0.017 0.028 0.082 0.701 
 421 V _   0.021 0.128 0.001 0.043 0.018 0.028 0.081 0.679 
 422 E _   0.020 0.136 0.001 0.047 0.019 0.028 0.082 0.667 
 423 T _   0.020 0.139 0.001 0.048 0.019 0.027 0.082 0.664 
 424 L _   0.020 0.137 0.001 0.047 0.017 0.025 0.084 0.669 
 425 N _   0.019 0.131 0.001 0.043 0.016 0.023 0.085 0.681 
 426 T _   0.017 0.121 0.001 0.037 0.013 0.021 0.088 0.701 
 427 M _   0.016 0.105 0.001 0.031 0.011 0.019 0.091 0.726 
 428 K _   0.015 0.087 0.001 0.024 0.009 0.016 0.094 0.754 
 429 E _   0.013 0.067 0.001 0.018 0.007 0.014 0.098 0.783 
 430 E _   0.012 0.050 0.001 0.013 0.005 0.012 0.100 0.807 
 431 L _   0.010 0.038 0.001 0.010 0.004 0.011 0.103 0.825 
 432 L _   0.009 0.029 0.000 0.007 0.003 0.010 0.104 0.838 
 433 D _   0.008 0.024 0.000 0.006 0.003 0.009 0.105 0.845 
 434 D _   0.007 0.021 0.000 0.006 0.003 0.009 0.106 0.847 
 435 A _   0.008 0.020 0.000 0.007 0.003 0.009 0.107 0.846 
 436 T _   0.008 0.020 0.000 0.009 0.003 0.010 0.107 0.842 
 437 N _   0.008 0.021 0.000 0.012 0.004 0.011 0.107 0.836 
 438 M _   0.009 0.022 0.001 0.016 0.005 0.011 0.107 0.828 
 439 E _   0.010 0.023 0.001 0.020 0.006 0.012 0.108 0.820 
 440 F _   0.010 0.024 0.001 0.023 0.006 0.012 0.108 0.816 
 441 K _   0.010 0.023 0.001 0.024 0.006 0.012 0.109 0.815 
 442 D _   0.010 0.021 0.001 0.023 0.006 0.011 0.110 0.818 
 443 V _   0.009 0.018 0.001 0.020 0.005 0.010 0.112 0.825 
 444 I _   0.009 0.014 0.001 0.015 0.004 0.009 0.113 0.836 
 445 V _   0.008 0.009 0.000 0.011 0.003 0.007 0.114 0.848 
 446 P _   0.007 0.005 0.000 0.007 0.002 0.006 0.115 0.858 
 447 E _   0.006 0.002 0.000 0.004 0.002 0.005 0.115 0.865 
 448 N _   0.006 0.001 0.000 0.003 0.001 0.005 0.114 0.870 
 449 G _   0.006 0.000 0.000 0.002 0.001 0.006 0.113 0.872 
 450 E _   0.008 0.000 0.000 0.002 0.001 0.007 0.110 0.872 
 451 P _   0.012 0.000 0.000 0.002 0.002 0.009 0.108 0.868 
 452 V _   0.019 0.000 0.000 0.002 0.002 0.014 0.104 0.858 
 453 G _   0.032 0.000 0.000 0.003 0.004 0.020 0.099 0.841 
 454 T _   0.052 0.000 0.001 0.004 0.006 0.028 0.094 0.815 
 455 R _   0.080 0.000 0.001 0.006 0.010 0.038 0.087 0.777 
 456 E _   0.114 0.001 0.001 0.007 0.016 0.048 0.080 0.732 
 457 I _   0.153 0.001 0.002 0.009 0.025 0.059 0.072 0.680 
 458 K _   0.194 0.001 0.002 0.010 0.034 0.068 0.065 0.626 
 459 C _   0.233 0.001 0.002 0.011 0.044 0.076 0.058 0.576 
 460 C _   0.270 0.002 0.002 0.011 0.053 0.081 0.052 0.530 
 461 I _   0.301 0.002 0.003 0.011 0.060 0.083 0.047 0.492 
 462 R _   0.327 0.002 0.003 0.012 0.064 0.083 0.044 0.465 
 463 Q _   0.345 0.003 0.003 0.012 0.065 0.082 0.041 0.450 
 464 I _   0.356 0.003 0.003 0.012 0.063 0.078 0.039 0.447 
 465 Q _   0.359 0.003 0.003 0.012 0.058 0.073 0.038 0.455 
 466 E _   0.354 0.002 0.002 0.011 0.052 0.068 0.037 0.474 
 467 L _   0.341 0.002 0.002 0.009 0.044 0.062 0.036 0.503 
 468 I _   0.322 0.001 0.002 0.008 0.036 0.057 0.036 0.538 
 469 I _   0.298 0.001 0.002 0.006 0.029 0.052 0.036 0.577 
 470 S _   0.271 0.000 0.001 0.005 0.023 0.047 0.035 0.617 
 471 R _   0.242 0.000 0.001 0.005 0.018 0.043 0.035 0.655 
 472 L _   0.214 0.000 0.001 0.004 0.015 0.040 0.036 0.689 
 473 N _   0.190 0.000 0.001 0.005 0.014 0.038 0.036 0.717 
 474 Q _   0.168 0.000 0.001 0.006 0.013 0.036 0.036 0.741 
 475 A _   0.149 0.000 0.001 0.006 0.012 0.035 0.036 0.760 
 476 V _   0.134 0.001 0.001 0.007 0.012 0.033 0.036 0.776 
 477 A _   0.121 0.001 0.001 0.008 0.011 0.032 0.036 0.789 
 478 N _   0.111 0.001 0.001 0.008 0.011 0.031 0.036 0.802 
 479 K _   0.102 0.001 0.001 0.008 0.010 0.030 0.036 0.813 
 480 L _   0.095 0.001 0.001 0.007 0.009 0.029 0.036 0.822 
 481 I _   0.091 0.000 0.001 0.006 0.008 0.029 0.036 0.829 
 482 S _   0.090 0.000 0.001 0.005 0.008 0.029 0.035 0.832 
 483 S _   0.093 0.000 0.001 0.004 0.007 0.030 0.035 0.829 
 484 V _   0.099 0.000 0.001 0.003 0.008 0.032 0.034 0.822 
 485 D _   0.110 0.000 0.001 0.003 0.009 0.035 0.034 0.807 
 486 Y _   0.124 0.000 0.001 0.004 0.012 0.039 0.033 0.786 
 487 L _   0.140 0.001 0.001 0.005 0.016 0.044 0.033 0.760 
 488 R _   0.157 0.002 0.001 0.006 0.021 0.049 0.032 0.731 
 489 E _   0.170 0.005 0.002 0.009 0.028 0.053 0.032 0.702 
 490 S _   0.180 0.008 0.002 0.012 0.034 0.056 0.032 0.675 
 491 F _   0.184 0.014 0.002 0.018 0.040 0.058 0.032 0.652 
 492 V _   0.183 0.019 0.002 0.023 0.043 0.058 0.033 0.639 
 493 G _   0.179 0.023 0.002 0.028 0.044 0.057 0.033 0.634 
 494 T _   0.169 0.026 0.002 0.031 0.043 0.054 0.035 0.641 
 495 L _   0.154 0.026 0.002 0.032 0.039 0.050 0.036 0.660 
 496 E _   0.135 0.025 0.002 0.031 0.034 0.045 0.038 0.690 
 497 R _   0.114 0.022 0.002 0.027 0.027 0.039 0.040 0.730 
 498 C _   0.092 0.018 0.002 0.022 0.020 0.033 0.042 0.773 
 499 L _   0.071 0.013 0.001 0.016 0.014 0.027 0.044 0.814 
 500 Q _   0.054 0.008 0.001 0.012 0.009 0.022 0.045 0.849 
 501 S _   0.040 0.005 0.001 0.008 0.006 0.018 0.046 0.875 
 502 L _   0.030 0.003 0.001 0.006 0.004 0.015 0.047 0.894 
 503 E _   0.023 0.002 0.000 0.005 0.003 0.012 0.048 0.907 
 504 K _   0.018 0.001 0.000 0.004 0.003 0.011 0.048 0.914 
 505 S _   0.015 0.001 0.000 0.004 0.003 0.010 0.048 0.918 
 506 Q _   0.013 0.001 0.000 0.005 0.003 0.010 0.048 0.920 
 507 D _   0.012 0.001 0.000 0.005 0.003 0.011 0.048 0.920 
 508 V _   0.011 0.002 0.000 0.006 0.004 0.011 0.047 0.918 
 509 S _   0.012 0.002 0.000 0.007 0.004 0.012 0.047 0.916 
 510 V _   0.012 0.003 0.001 0.008 0.005 0.013 0.046 0.913 
 511 H _   0.012 0.003 0.001 0.009 0.005 0.014 0.046 0.910 
 512 I _   0.013 0.004 0.001 0.010 0.006 0.015 0.045 0.907 
 513 T _   0.013 0.004 0.001 0.011 0.006 0.017 0.044 0.904 
 514 S _   0.014 0.005 0.001 0.011 0.007 0.018 0.043 0.901 
 515 N _   0.015 0.006 0.001 0.011 0.007 0.020 0.042 0.898 
 516 Y _   0.017 0.006 0.001 0.011 0.008 0.021 0.041 0.895 
 517 L _   0.019 0.007 0.001 0.011 0.008 0.023 0.040 0.890 
 518 K _   0.021 0.008 0.001 0.012 0.010 0.025 0.040 0.884 
 519 Q _   0.024 0.009 0.001 0.013 0.011 0.028 0.039 0.876 
 520 I _   0.027 0.011 0.001 0.014 0.013 0.030 0.038 0.867 
 521 L _   0.030 0.013 0.001 0.016 0.014 0.032 0.037 0.857 
 522 N _   0.033 0.015 0.001 0.019 0.016 0.033 0.036 0.846 
 523 A _   0.035 0.017 0.001 0.022 0.018 0.035 0.036 0.836 
 524 A _   0.037 0.018 0.001 0.024 0.020 0.035 0.035 0.830 
 525 Y _   0.037 0.018 0.001 0.026 0.020 0.035 0.035 0.828 
 526 H _   0.037 0.018 0.001 0.026 0.019 0.034 0.035 0.830 
 527 V _   0.037 0.016 0.001 0.024 0.017 0.032 0.035 0.837 
 528 E _   0.035 0.014 0.001 0.021 0.015 0.030 0.035 0.849 
 529 V _   0.034 0.011 0.001 0.017 0.012 0.028 0.035 0.863 
 530 T _   0.032 0.008 0.001 0.012 0.010 0.026 0.035 0.877 
 531 F _   0.030 0.005 0.001 0.009 0.008 0.024 0.035 0.889 
 532 H _   0.030 0.002 0.001 0.006 0.006 0.023 0.034 0.897 
 533 S _   0.031 0.001 0.001 0.004 0.005 0.023 0.034 0.900 
 534 G _   0.034 0.001 0.001 0.004 0.005 0.024 0.034 0.898 
 535 S _   0.040 0.000 0.001 0.004 0.006 0.026 0.033 0.890 
 536 S _   0.048 0.000 0.001 0.004 0.008 0.029 0.032 0.877 
 537 V _   0.059 0.001 0.001 0.006 0.010 0.033 0.032 0.859 
 538 T _   0.070 0.001 0.001 0.007 0.013 0.037 0.031 0.839 
 539 R _   0.083 0.001 0.001 0.009 0.016 0.041 0.030 0.818 
 540 M _   0.095 0.001 0.001 0.011 0.019 0.044 0.030 0.798 
 541 L _   0.107 0.002 0.001 0.011 0.022 0.047 0.029 0.781 
 542 W _   0.117 0.002 0.001 0.011 0.023 0.049 0.029 0.768 
 543 E _   0.126 0.001 0.002 0.010 0.025 0.050 0.028 0.758 
 544 Q _   0.135 0.001 0.001 0.009 0.025 0.050 0.028 0.750 
 545 I _   0.142 0.001 0.001 0.008 0.025 0.050 0.028 0.744 
 546 K _   0.148 0.001 0.001 0.008 0.025 0.050 0.028 0.738 
 547 Q _   0.151 0.001 0.001 0.008 0.025 0.049 0.029 0.735 
 548 I _   0.151 0.002 0.002 0.009 0.025 0.047 0.029 0.735 
 549 I _   0.149 0.002 0.002 0.010 0.024 0.046 0.030 0.738 
 550 Q _   0.143 0.002 0.002 0.011 0.023 0.043 0.031 0.745 
 551 R _   0.135 0.002 0.002 0.011 0.022 0.041 0.032 0.756 
 552 I _   0.123 0.002 0.001 0.011 0.020 0.038 0.033 0.772 
 553 T _   0.110 0.002 0.001 0.010 0.017 0.034 0.034 0.790 
 554 W _   0.096 0.002 0.001 0.009 0.015 0.031 0.035 0.810 
 555 V _   0.082 0.002 0.001 0.009 0.012 0.028 0.037 0.829 
 556 S _   0.069 0.001 0.001 0.008 0.010 0.026 0.038 0.847 
 557 P _   0.058 0.001 0.001 0.007 0.009 0.023 0.039 0.861 
 558 P _   0.049 0.001 0.001 0.007 0.008 0.021 0.040 0.873 
 559 A _   0.042 0.002 0.001 0.007 0.007 0.020 0.041 0.882 
 560 I _   0.035 0.002 0.001 0.007 0.006 0.018 0.041 0.889 
 561 T _   0.029 0.002 0.001 0.007 0.006 0.017 0.042 0.896 
 562 L _   0.025 0.003 0.001 0.007 0.005 0.016 0.042 0.900 
 563 E _   0.021 0.003 0.001 0.007 0.005 0.016 0.043 0.904 
 564 W _   0.018 0.004 0.001 0.007 0.005 0.015 0.043 0.907 
 565 K _   0.016 0.005 0.001 0.008 0.005 0.015 0.043 0.907 
 566 R _   0.015 0.006 0.001 0.008 0.005 0.015 0.042 0.906 
 567 K _   0.014 0.008 0.001 0.009 0.006 0.016 0.042 0.903 
 568 V _   0.014 0.011 0.001 0.011 0.006 0.016 0.042 0.899 
 569 A _   0.014 0.014 0.001 0.013 0.007 0.017 0.042 0.893 
 570 Q _   0.014 0.017 0.001 0.014 0.007 0.018 0.042 0.887 
 571 E _   0.015 0.019 0.001 0.015 0.008 0.018 0.042 0.882 
 572 A _   0.015 0.022 0.001 0.016 0.008 0.019 0.042 0.879 
 573 I _   0.015 0.023 0.001 0.015 0.008 0.019 0.042 0.876 
 574 E _   0.016 0.025 0.001 0.014 0.008 0.020 0.042 0.875 
 575 S _   0.017 0.026 0.001 0.013 0.008 0.020 0.042 0.874 
 576 L _   0.018 0.027 0.001 0.012 0.008 0.021 0.042 0.872 
 577 S _   0.019 0.028 0.001 0.011 0.008 0.022 0.042 0.868 
 578 A _   0.021 0.030 0.001 0.011 0.009 0.023 0.042 0.862 
 579 S _   0.024 0.033 0.001 0.012 0.010 0.025 0.042 0.854 
 580 K _   0.026 0.037 0.001 0.014 0.011 0.026 0.042 0.843 
 581 L _   0.027 0.041 0.001 0.017 0.013 0.027 0.043 0.831 
 582 A _   0.029 0.047 0.001 0.020 0.014 0.028 0.043 0.817 
 583 K _   0.030 0.052 0.001 0.024 0.015 0.028 0.043 0.806 
 584 S _   0.030 0.055 0.001 0.027 0.016 0.028 0.044 0.798 
 585 I _   0.030 0.057 0.001 0.030 0.016 0.027 0.045 0.794 
 586 C _   0.029 0.057 0.001 0.030 0.015 0.026 0.046 0.796 
 587 S _   0.027 0.055 0.001 0.029 0.014 0.024 0.048 0.804 
 588 Q _   0.024 0.050 0.001 0.025 0.012 0.021 0.049 0.818 
 589 F _   0.021 0.043 0.001 0.020 0.009 0.019 0.051 0.836 
 590 R _   0.019 0.035 0.001 0.015 0.007 0.016 0.052 0.855 
 591 T _   0.016 0.028 0.001 0.010 0.005 0.014 0.054 0.873 
 592 R _   0.014 0.022 0.000 0.007 0.004 0.013 0.055 0.886 
 593 L _   0.012 0.019 0.000 0.005 0.003 0.012 0.055 0.893 
 594 N _   0.012 0.018 0.000 0.004 0.003 0.012 0.056 0.895 
 595 S _   0.012 0.019 0.000 0.005 0.003 0.013 0.056 0.891 
 596 S _   0.013 0.022 0.000 0.007 0.004 0.015 0.056 0.882 
 597 H _   0.015 0.029 0.001 0.010 0.006 0.017 0.056 0.866 
 598 E _   0.017 0.040 0.001 0.016 0.009 0.019 0.055 0.842 
 599 A _   0.019 0.054 0.001 0.024 0.011 0.021 0.055 0.815 
 600 F _   0.020 0.068 0.001 0.031 0.013 0.022 0.055 0.790 
 601 A _   0.020 0.077 0.001 0.038 0.015 0.023 0.055 0.772 
 602 A _   0.020 0.083 0.001 0.041 0.015 0.022 0.055 0.762 
 603 S _   0.019 0.085 0.001 0.041 0.014 0.021 0.056 0.762 
 604 L _   0.019 0.083 0.001 0.039 0.013 0.020 0.058 0.768 
 605 R _   0.018 0.078 0.001 0.034 0.011 0.018 0.059 0.781 
 606 Q _   0.016 0.069 0.001 0.028 0.009 0.016 0.062 0.799 
 607 L _   0.015 0.058 0.001 0.021 0.007 0.013 0.064 0.821 
 608 E _   0.013 0.046 0.001 0.016 0.005 0.012 0.066 0.842 
 609 A _   0.012 0.034 0.001 0.011 0.004 0.010 0.068 0.860 
 610 G _   0.010 0.026 0.000 0.008 0.003 0.008 0.070 0.874 
 611 H _   0.009 0.021 0.000 0.006 0.002 0.007 0.071 0.884 
 612 S _   0.008 0.018 0.000 0.005 0.002 0.007 0.072 0.889 
 613 G _   0.007 0.016 0.000 0.004 0.002 0.007 0.072 0.892 
 614 R _   0.007 0.016 0.000 0.004 0.002 0.007 0.072 0.892 
 615 L _   0.007 0.017 0.000 0.005 0.002 0.007 0.071 0.890 
 616 E _   0.007 0.020 0.000 0.007 0.003 0.008 0.070 0.885 
 617 K _   0.007 0.025 0.000 0.009 0.003 0.009 0.069 0.877 
 618 T _   0.007 0.032 0.001 0.013 0.004 0.011 0.068 0.865 
 619 E _   0.008 0.040 0.001 0.017 0.005 0.012 0.066 0.852 
 620 D _   0.008 0.049 0.001 0.020 0.006 0.012 0.065 0.839 
 621 L _   0.008 0.056 0.001 0.023 0.007 0.013 0.064 0.829 
 622 W _   0.008 0.061 0.001 0.024 0.007 0.013 0.063 0.824 
 623 L _   0.008 0.063 0.001 0.023 0.006 0.013 0.062 0.824 
 624 R _   0.008 0.064 0.001 0.020 0.005 0.012 0.061 0.829 
 625 V _   0.007 0.063 0.001 0.016 0.005 0.011 0.061 0.836 
 626 R _   0.007 0.062 0.000 0.012 0.004 0.011 0.061 0.843 
 627 K _   0.007 0.061 0.000 0.009 0.003 0.011 0.060 0.848 
 628 D _   0.007 0.061 0.000 0.008 0.003 0.012 0.059 0.849 
 629 H _   0.008 0.064 0.000 0.007 0.003 0.013 0.059 0.846 
 630 A _   0.010 0.070 0.000 0.008 0.004 0.015 0.058 0.835 
 631 P _   0.011 0.082 0.001 0.010 0.006 0.018 0.056 0.817 
 632 R _   0.014 0.103 0.001 0.013 0.008 0.020 0.054 0.787 
 633 L _   0.015 0.134 0.001 0.018 0.010 0.023 0.052 0.748 
 634 A _   0.016 0.171 0.001 0.022 0.013 0.024 0.049 0.703 
 635 R _   0.016 0.208 0.001 0.026 0.014 0.025 0.047 0.662 
 636 L _   0.016 0.239 0.001 0.029 0.015 0.025 0.045 0.629 
 637 S _   0.016 0.263 0.001 0.031 0.016 0.025 0.043 0.604 
 638 L _   0.017 0.281 0.001 0.033 0.016 0.025 0.042 0.586 
 639 E _   0.017 0.293 0.001 0.034 0.016 0.024 0.041 0.574 
 640 S _   0.017 0.300 0.001 0.035 0.016 0.024 0.041 0.567 
 641 C _   0.018 0.303 0.001 0.035 0.015 0.023 0.041 0.565 
 642 S _   0.018 0.301 0.001 0.035 0.014 0.021 0.041 0.567 
 643 L _   0.018 0.295 0.001 0.035 0.013 0.020 0.042 0.575 
 644 Q _   0.018 0.284 0.001 0.033 0.012 0.019 0.043 0.590 
 645 D _   0.018 0.266 0.001 0.030 0.011 0.017 0.044 0.612 
 646 V _   0.018 0.239 0.001 0.027 0.010 0.016 0.046 0.642 
 647 L _   0.017 0.205 0.001 0.023 0.009 0.015 0.049 0.681 
 648 L _   0.016 0.167 0.001 0.019 0.007 0.013 0.051 0.726 
 649 H _   0.015 0.130 0.001 0.014 0.006 0.012 0.054 0.769 
 650 R _   0.013 0.101 0.001 0.010 0.004 0.011 0.055 0.805 
 651 K _   0.011 0.082 0.000 0.007 0.003 0.009 0.057 0.830 
 652 P _   0.009 0.072 0.000 0.005 0.002 0.008 0.057 0.845 
 653 K _   0.008 0.067 0.000 0.005 0.002 0.008 0.058 0.853 
 654 L _   0.007 0.065 0.000 0.005 0.002 0.008 0.057 0.855 
 655 G _   0.007 0.067 0.000 0.005 0.002 0.009 0.056 0.853 
 656 Q _   0.007 0.073 0.000 0.007 0.003 0.010 0.055 0.844 
 657 E _   0.007 0.085 0.001 0.010 0.004 0.012 0.053 0.828 
 658 L _   0.008 0.104 0.001 0.015 0.006 0.013 0.051 0.803 
 659 G _   0.008 0.129 0.001 0.021 0.008 0.015 0.048 0.771 
 660 R _   0.008 0.155 0.001 0.027 0.009 0.016 0.046 0.738 
 661 G _   0.008 0.180 0.001 0.032 0.010 0.017 0.043 0.709 
 662 Q _   0.008 0.198 0.001 0.037 0.011 0.017 0.041 0.686 
 663 Y _   0.008 0.211 0.001 0.039 0.012 0.017 0.040 0.672 
