#TopoPred_TM8: 8-state transmembrane topology prediction results by no_profile mode 
#probabilities are in the order of H E C I L F X _, the 8 transmembrane topology types used in PDBTM 
   1 M X   0.016 0.002 0.002 0.055 0.010 0.010 0.624 0.281 
   2 E X   0.005 0.001 0.000 0.030 0.002 0.005 0.638 0.318 
   3 K X   0.001 0.001 0.000 0.016 0.001 0.003 0.639 0.338 
   4 Y X   0.001 0.002 0.000 0.012 0.001 0.003 0.633 0.348 
   5 H X   0.002 0.005 0.000 0.013 0.001 0.006 0.621 0.352 
   6 G X   0.003 0.011 0.000 0.016 0.003 0.010 0.603 0.355 
   7 L X   0.005 0.024 0.001 0.021 0.004 0.014 0.579 0.352 
   8 E X   0.007 0.048 0.001 0.031 0.007 0.019 0.545 0.343 
   9 K X   0.008 0.083 0.001 0.042 0.010 0.022 0.505 0.330 
  10 I X   0.007 0.125 0.002 0.053 0.013 0.023 0.462 0.314 
  11 G X   0.007 0.162 0.002 0.064 0.015 0.024 0.425 0.302 
  12 E X   0.006 0.189 0.002 0.071 0.016 0.023 0.397 0.297 
  13 G X   0.006 0.205 0.001 0.074 0.016 0.023 0.376 0.297 
  14 T X   0.007 0.214 0.001 0.074 0.016 0.022 0.361 0.304 
  15 Y X   0.007 0.217 0.001 0.071 0.016 0.021 0.351 0.317 
  16 G X   0.007 0.214 0.001 0.065 0.014 0.019 0.343 0.336 
  17 V _   0.008 0.207 0.001 0.056 0.013 0.018 0.337 0.361 
  18 V _   0.008 0.193 0.001 0.045 0.011 0.016 0.333 0.394 
  19 Y _   0.008 0.172 0.001 0.034 0.009 0.014 0.329 0.434 
  20 K _   0.008 0.147 0.001 0.024 0.007 0.013 0.326 0.476 
  21 A _   0.007 0.123 0.001 0.016 0.005 0.011 0.323 0.514 
  22 Q _   0.006 0.104 0.001 0.011 0.004 0.010 0.319 0.544 
  23 N _   0.006 0.093 0.000 0.008 0.003 0.010 0.315 0.565 
  24 N _   0.005 0.087 0.000 0.007 0.003 0.009 0.311 0.577 
  25 Y _   0.005 0.084 0.000 0.008 0.003 0.010 0.306 0.584 
  26 G _   0.006 0.084 0.000 0.010 0.003 0.010 0.300 0.586 
  27 E _   0.006 0.086 0.001 0.014 0.004 0.011 0.293 0.585 
  28 T _   0.006 0.089 0.001 0.019 0.005 0.012 0.287 0.581 
  29 F _   0.007 0.091 0.001 0.024 0.006 0.012 0.280 0.578 
  30 A _   0.007 0.092 0.001 0.028 0.007 0.012 0.275 0.578 
  31 L _   0.007 0.091 0.001 0.030 0.007 0.012 0.270 0.583 
  32 K _   0.006 0.087 0.001 0.029 0.007 0.012 0.266 0.592 
  33 K _   0.006 0.079 0.001 0.026 0.006 0.011 0.263 0.607 
  34 I _   0.006 0.069 0.001 0.022 0.005 0.010 0.261 0.626 
  35 R _   0.006 0.055 0.001 0.017 0.004 0.009 0.260 0.649 
  36 L _   0.006 0.040 0.001 0.012 0.004 0.008 0.258 0.672 
  37 E _   0.005 0.027 0.000 0.008 0.003 0.008 0.256 0.692 
  38 K _   0.005 0.019 0.000 0.005 0.002 0.007 0.254 0.707 
  39 E _   0.005 0.014 0.000 0.004 0.002 0.008 0.251 0.717 
  40 D _   0.006 0.012 0.000 0.003 0.002 0.009 0.247 0.722 
  41 E _   0.007 0.012 0.000 0.003 0.002 0.011 0.242 0.723 
  42 G _   0.009 0.013 0.000 0.004 0.003 0.015 0.236 0.719 
  43 I _   0.013 0.018 0.001 0.007 0.005 0.020 0.228 0.707 
  44 P _   0.018 0.029 0.001 0.011 0.010 0.027 0.219 0.684 
  45 S _   0.024 0.051 0.001 0.019 0.016 0.035 0.207 0.646 
  46 T _   0.028 0.085 0.002 0.029 0.024 0.042 0.193 0.595 
  47 T _   0.032 0.123 0.002 0.041 0.032 0.048 0.181 0.542 
  48 I _   0.033 0.156 0.002 0.053 0.037 0.051 0.170 0.498 
  49 R _   0.034 0.179 0.002 0.062 0.040 0.051 0.161 0.470 
  50 E _   0.035 0.192 0.002 0.068 0.040 0.051 0.155 0.457 
  51 I _   0.034 0.197 0.002 0.070 0.039 0.049 0.150 0.458 
  52 S _   0.034 0.196 0.002 0.067 0.037 0.045 0.147 0.471 
  53 I _   0.034 0.188 0.002 0.061 0.033 0.042 0.145 0.496 
  54 L _   0.033 0.171 0.002 0.051 0.028 0.038 0.144 0.533 
  55 K _   0.031 0.142 0.002 0.040 0.023 0.034 0.143 0.584 
  56 E _   0.029 0.106 0.002 0.029 0.018 0.030 0.144 0.643 
  57 L _   0.026 0.070 0.001 0.020 0.013 0.026 0.144 0.699 
  58 K _   0.023 0.041 0.001 0.013 0.010 0.023 0.144 0.746 
  59 H _   0.020 0.023 0.001 0.009 0.007 0.020 0.143 0.777 
  60 S _   0.018 0.014 0.001 0.006 0.005 0.018 0.143 0.795 
  61 N _   0.017 0.010 0.000 0.005 0.004 0.017 0.142 0.804 
  62 I _   0.017 0.008 0.000 0.005 0.004 0.017 0.140 0.809 
  63 V _   0.017 0.007 0.000 0.006 0.004 0.017 0.139 0.810 
  64 K _   0.017 0.007 0.001 0.007 0.005 0.017 0.137 0.809 
  65 L _   0.018 0.007 0.001 0.008 0.006 0.018 0.136 0.808 
  66 Y _   0.019 0.007 0.001 0.008 0.006 0.019 0.134 0.806 
  67 D _   0.019 0.008 0.001 0.009 0.007 0.020 0.132 0.805 
  68 V _   0.020 0.009 0.001 0.009 0.007 0.021 0.129 0.804 
  69 I _   0.022 0.010 0.001 0.010 0.008 0.022 0.127 0.801 
  70 H _   0.023 0.011 0.001 0.010 0.009 0.023 0.125 0.798 
  71 T _   0.025 0.013 0.001 0.011 0.010 0.025 0.123 0.793 
  72 K _   0.026 0.016 0.001 0.013 0.011 0.026 0.121 0.785 
  73 K _   0.028 0.019 0.001 0.016 0.013 0.028 0.119 0.776 
  74 R _   0.029 0.023 0.001 0.021 0.015 0.028 0.117 0.765 
  75 L _   0.029 0.027 0.001 0.026 0.016 0.028 0.116 0.756 
  76 V _   0.029 0.030 0.001 0.030 0.016 0.027 0.115 0.751 
  77 L _   0.028 0.032 0.001 0.032 0.016 0.026 0.115 0.751 
  78 V _   0.026 0.031 0.001 0.032 0.014 0.024 0.115 0.758 
  79 F _   0.023 0.029 0.001 0.029 0.012 0.021 0.115 0.771 
  80 E _   0.020 0.024 0.001 0.023 0.009 0.018 0.115 0.789 
  81 H _   0.016 0.018 0.001 0.017 0.007 0.015 0.116 0.810 
  82 L _   0.014 0.012 0.001 0.011 0.005 0.012 0.116 0.830 
  83 D _   0.011 0.006 0.000 0.007 0.003 0.010 0.116 0.846 
  84 Q _   0.009 0.003 0.000 0.005 0.002 0.009 0.115 0.856 
  85 D _   0.008 0.002 0.000 0.003 0.002 0.008 0.114 0.863 
  86 L _   0.008 0.001 0.000 0.003 0.002 0.008 0.113 0.865 
  87 K _   0.009 0.001 0.000 0.003 0.002 0.010 0.111 0.865 
  88 K _   0.011 0.001 0.000 0.004 0.003 0.012 0.109 0.861 
  89 L _   0.013 0.001 0.000 0.005 0.004 0.014 0.107 0.855 
  90 L _   0.017 0.001 0.001 0.007 0.005 0.018 0.104 0.846 
  91 D _   0.022 0.002 0.001 0.010 0.007 0.022 0.101 0.834 
  92 V _   0.028 0.003 0.001 0.013 0.010 0.027 0.098 0.820 
  93 C _   0.036 0.004 0.001 0.016 0.012 0.031 0.094 0.806 
  94 E _   0.044 0.004 0.001 0.017 0.015 0.035 0.091 0.793 
  95 G _   0.054 0.004 0.001 0.017 0.016 0.038 0.088 0.781 
  96 G _   0.066 0.003 0.001 0.015 0.017 0.041 0.086 0.770 
  97 L _   0.079 0.003 0.001 0.012 0.018 0.044 0.083 0.759 
  98 E _   0.094 0.002 0.001 0.010 0.018 0.046 0.081 0.748 
  99 S _   0.109 0.001 0.001 0.008 0.018 0.048 0.079 0.735 
 100 V _   0.125 0.001 0.001 0.006 0.019 0.050 0.077 0.721 
 101 T _   0.143 0.001 0.001 0.005 0.020 0.051 0.076 0.703 
 102 A _   0.159 0.001 0.001 0.005 0.022 0.053 0.075 0.684 
 103 K _   0.175 0.001 0.001 0.006 0.024 0.054 0.073 0.665 
 104 S _   0.189 0.002 0.002 0.007 0.028 0.056 0.073 0.645 
 105 F _   0.199 0.003 0.002 0.009 0.031 0.056 0.073 0.628 
 106 L _   0.205 0.004 0.002 0.011 0.034 0.056 0.073 0.616 
 107 L _   0.205 0.005 0.002 0.014 0.035 0.054 0.074 0.611 
 108 Q _   0.201 0.006 0.002 0.016 0.035 0.052 0.075 0.613 
 109 L _   0.192 0.007 0.002 0.017 0.033 0.049 0.076 0.623 
 110 L _   0.178 0.008 0.002 0.018 0.030 0.045 0.078 0.641 
 111 N _   0.160 0.007 0.002 0.017 0.026 0.040 0.081 0.666 
 112 G _   0.141 0.007 0.002 0.016 0.021 0.036 0.084 0.694 
 113 I _   0.121 0.006 0.001 0.014 0.017 0.031 0.086 0.723 
 114 A _   0.099 0.005 0.001 0.013 0.013 0.027 0.089 0.753 
 115 Y _   0.079 0.004 0.001 0.011 0.010 0.023 0.092 0.780 
 116 C _   0.061 0.004 0.001 0.010 0.008 0.019 0.094 0.803 
 117 H _   0.046 0.003 0.001 0.009 0.006 0.016 0.097 0.822 
 118 D _   0.035 0.002 0.001 0.008 0.005 0.014 0.099 0.836 
 119 R _   0.026 0.002 0.000 0.008 0.004 0.012 0.100 0.848 
 120 R _   0.020 0.002 0.000 0.007 0.003 0.010 0.101 0.856 
 121 V _   0.015 0.002 0.000 0.007 0.003 0.009 0.102 0.862 
 122 L _   0.012 0.001 0.000 0.006 0.003 0.008 0.103 0.866 
 123 H _   0.010 0.001 0.000 0.006 0.002 0.007 0.103 0.870 
 124 R _   0.008 0.001 0.000 0.006 0.002 0.007 0.103 0.872 
 125 D _   0.007 0.001 0.000 0.006 0.002 0.006 0.103 0.874 
 126 L _   0.006 0.001 0.000 0.006 0.002 0.006 0.102 0.876 
 127 K _   0.006 0.002 0.000 0.006 0.002 0.006 0.102 0.877 
 128 P _   0.006 0.002 0.000 0.006 0.002 0.006 0.100 0.877 
 129 Q _   0.006 0.002 0.000 0.006 0.002 0.006 0.099 0.877 
 130 N _   0.006 0.003 0.000 0.007 0.002 0.007 0.098 0.877 
 131 L _   0.006 0.004 0.000 0.008 0.003 0.007 0.096 0.877 
 132 L _   0.006 0.004 0.000 0.008 0.003 0.008 0.094 0.876 
 133 I _   0.006 0.005 0.000 0.009 0.003 0.008 0.092 0.876 
 134 N _   0.006 0.006 0.000 0.009 0.003 0.009 0.090 0.876 
 135 R _   0.006 0.007 0.000 0.009 0.003 0.010 0.088 0.877 
 136 E _   0.006 0.008 0.000 0.009 0.003 0.011 0.085 0.877 
 137 G _   0.007 0.010 0.000 0.009 0.004 0.012 0.082 0.876 
 138 E _   0.008 0.011 0.000 0.009 0.004 0.014 0.080 0.874 
 139 L _   0.009 0.014 0.001 0.010 0.005 0.016 0.077 0.869 
 140 K _   0.011 0.017 0.001 0.011 0.006 0.020 0.073 0.862 
 141 I _   0.014 0.021 0.001 0.013 0.008 0.023 0.070 0.851 
 142 A _   0.017 0.027 0.001 0.016 0.010 0.028 0.066 0.835 
 143 D _   0.021 0.035 0.001 0.020 0.014 0.032 0.063 0.815 
 144 F _   0.025 0.043 0.001 0.025 0.018 0.036 0.059 0.793 
 145 G _   0.029 0.051 0.002 0.030 0.022 0.040 0.055 0.771 
 146 L _   0.033 0.058 0.002 0.035 0.025 0.043 0.052 0.751 
 147 A _   0.037 0.063 0.002 0.039 0.028 0.045 0.049 0.737 
 148 R _   0.040 0.065 0.002 0.041 0.029 0.045 0.047 0.731 
 149 A _   0.042 0.065 0.002 0.040 0.028 0.045 0.045 0.733 
 150 F _   0.043 0.061 0.002 0.037 0.026 0.043 0.044 0.743 
 151 G _   0.043 0.056 0.002 0.032 0.023 0.041 0.043 0.760 
 152 I _   0.043 0.047 0.002 0.026 0.020 0.038 0.042 0.782 
 153 P _   0.042 0.037 0.001 0.019 0.016 0.036 0.041 0.806 
 154 V _   0.041 0.028 0.001 0.014 0.013 0.034 0.041 0.829 
 155 R _   0.039 0.020 0.001 0.010 0.011 0.032 0.040 0.847 
 156 K _   0.037 0.016 0.001 0.007 0.009 0.031 0.039 0.860 
 157 Y _   0.036 0.013 0.001 0.006 0.009 0.030 0.038 0.866 
 158 T _   0.036 0.013 0.001 0.007 0.009 0.031 0.037 0.868 
 159 H _   0.036 0.014 0.001 0.008 0.010 0.031 0.036 0.864 
 160 E _   0.036 0.016 0.001 0.011 0.012 0.032 0.035 0.857 
 161 V _   0.037 0.019 0.001 0.015 0.014 0.033 0.034 0.847 
 162 V _   0.037 0.023 0.001 0.020 0.016 0.033 0.033 0.837 
 163 T _   0.036 0.027 0.001 0.024 0.017 0.032 0.032 0.830 
 164 L _   0.034 0.030 0.001 0.028 0.018 0.031 0.031 0.826 
 165 W _   0.031 0.031 0.001 0.029 0.018 0.030 0.030 0.829 
 166 Y _   0.028 0.031 0.001 0.029 0.017 0.028 0.030 0.837 
 167 R _   0.025 0.029 0.001 0.028 0.015 0.025 0.029 0.848 
 168 A _   0.022 0.026 0.001 0.025 0.013 0.023 0.029 0.861 
 169 P _   0.020 0.022 0.001 0.021 0.011 0.020 0.029 0.876 
 170 D _   0.019 0.018 0.001 0.018 0.009 0.017 0.029 0.890 
 171 V _   0.018 0.013 0.001 0.014 0.007 0.015 0.028 0.904 
 172 L _   0.018 0.009 0.001 0.011 0.005 0.013 0.028 0.915 
 173 M _   0.019 0.006 0.001 0.008 0.004 0.012 0.027 0.923 
 174 G _   0.021 0.003 0.000 0.006 0.004 0.010 0.027 0.928 
 175 S _   0.026 0.002 0.000 0.004 0.003 0.010 0.026 0.929 
 176 K _   0.035 0.001 0.000 0.003 0.003 0.009 0.024 0.924 
 177 K _   0.050 0.000 0.000 0.002 0.003 0.009 0.023 0.912 
 178 Y _   0.076 0.000 0.000 0.002 0.003 0.010 0.021 0.887 
 179 S _   0.120 0.000 0.001 0.001 0.004 0.011 0.019 0.844 
 180 T _   0.186 0.000 0.001 0.001 0.006 0.013 0.016 0.777 
 181 T _   0.277 0.000 0.001 0.001 0.008 0.015 0.014 0.684 
 182 I _   0.391 0.000 0.001 0.001 0.011 0.018 0.011 0.567 
 183 D H   0.507 0.000 0.001 0.001 0.015 0.019 0.009 0.447 
 184 I H   0.611 0.000 0.001 0.001 0.020 0.021 0.008 0.338 
 185 W H   0.692 0.000 0.001 0.001 0.024 0.021 0.007 0.254 
 186 S H   0.747 0.000 0.001 0.001 0.027 0.020 0.006 0.197 
 187 V H   0.782 0.000 0.001 0.001 0.029 0.019 0.006 0.160 
 188 G H   0.802 0.000 0.001 0.002 0.030 0.018 0.006 0.141 
 189 C H   0.805 0.000 0.002 0.002 0.031 0.017 0.007 0.136 
 190 I H   0.795 0.000 0.002 0.002 0.031 0.017 0.008 0.146 
 191 F H   0.769 0.000 0.002 0.002 0.031 0.016 0.010 0.170 
 192 A H   0.723 0.000 0.002 0.003 0.029 0.016 0.012 0.214 
 193 E H   0.656 0.000 0.002 0.003 0.026 0.016 0.016 0.281 
 194 M H   0.566 0.000 0.002 0.003 0.022 0.016 0.021 0.370 
 195 V _   0.461 0.000 0.002 0.003 0.017 0.015 0.027 0.474 
 196 N _   0.356 0.000 0.001 0.003 0.013 0.015 0.034 0.577 
 197 G _   0.262 0.000 0.001 0.003 0.009 0.014 0.042 0.668 
 198 T _   0.186 0.000 0.001 0.003 0.007 0.013 0.048 0.741 
 199 P _   0.131 0.000 0.001 0.003 0.005 0.013 0.054 0.793 
 200 L _   0.091 0.000 0.001 0.003 0.004 0.012 0.059 0.829 
 201 F _   0.065 0.000 0.000 0.003 0.003 0.013 0.063 0.852 
 202 P _   0.050 0.000 0.000 0.003 0.003 0.013 0.066 0.864 
 203 G _   0.041 0.000 0.000 0.003 0.003 0.015 0.069 0.868 
 204 V _   0.039 0.000 0.000 0.003 0.004 0.018 0.071 0.865 
 205 S _   0.041 0.001 0.000 0.003 0.005 0.022 0.073 0.854 
 206 E _   0.047 0.003 0.001 0.005 0.008 0.028 0.075 0.834 
 207 A _   0.057 0.008 0.001 0.007 0.013 0.036 0.076 0.801 
 208 D _   0.068 0.021 0.002 0.012 0.022 0.044 0.077 0.753 
 209 Q _   0.078 0.046 0.002 0.021 0.032 0.052 0.079 0.690 
 210 L _   0.084 0.082 0.003 0.034 0.043 0.057 0.081 0.616 
 211 M _   0.087 0.123 0.003 0.050 0.049 0.059 0.084 0.545 
 212 R _   0.087 0.153 0.003 0.065 0.052 0.058 0.088 0.495 
 213 I _   0.084 0.171 0.003 0.076 0.051 0.055 0.093 0.467 
 214 F _   0.079 0.178 0.003 0.082 0.047 0.051 0.100 0.461 
 215 R _   0.071 0.177 0.003 0.080 0.041 0.046 0.108 0.473 
 216 I _   0.062 0.167 0.002 0.072 0.034 0.039 0.119 0.504 
 217 L _   0.051 0.146 0.002 0.059 0.026 0.032 0.131 0.552 
 218 G _   0.041 0.113 0.002 0.042 0.018 0.026 0.145 0.613 
 219 T _   0.032 0.075 0.001 0.027 0.011 0.020 0.158 0.676 
 220 P _   0.024 0.043 0.001 0.015 0.007 0.015 0.169 0.726 
 221 N _   0.017 0.024 0.001 0.009 0.004 0.011 0.177 0.758 
 222 S _   0.012 0.014 0.000 0.005 0.002 0.008 0.183 0.774 
 223 K _   0.009 0.010 0.000 0.004 0.002 0.007 0.187 0.781 
 224 N _   0.007 0.009 0.000 0.003 0.001 0.006 0.190 0.783 
 225 W _   0.006 0.009 0.000 0.004 0.001 0.006 0.192 0.782 
 226 P _   0.006 0.010 0.000 0.005 0.002 0.006 0.194 0.778 
 227 N _   0.006 0.011 0.000 0.007 0.002 0.007 0.194 0.773 
 228 V _   0.005 0.014 0.000 0.009 0.002 0.007 0.194 0.767 
 229 T _   0.005 0.018 0.000 0.011 0.003 0.008 0.194 0.761 
 230 E _   0.005 0.022 0.000 0.012 0.003 0.008 0.194 0.757 
 231 L _   0.005 0.025 0.000 0.012 0.003 0.008 0.193 0.754 
 232 P _   0.005 0.028 0.000 0.011 0.003 0.008 0.192 0.753 
 233 K _   0.004 0.031 0.000 0.011 0.003 0.008 0.192 0.752 
 234 Y _   0.004 0.034 0.000 0.010 0.003 0.008 0.191 0.751 
 235 D _   0.004 0.038 0.000 0.009 0.003 0.008 0.190 0.748 
 236 P _   0.005 0.043 0.000 0.009 0.003 0.009 0.189 0.742 
 237 N _   0.005 0.051 0.000 0.010 0.003 0.009 0.188 0.733 
 238 F _   0.006 0.063 0.001 0.012 0.004 0.011 0.186 0.719 
 239 T _   0.006 0.078 0.001 0.014 0.005 0.012 0.184 0.700 
 240 V _   0.006 0.098 0.001 0.017 0.006 0.013 0.182 0.677 
 241 Y _   0.007 0.121 0.001 0.020 0.007 0.014 0.180 0.650 
 242 E _   0.007 0.145 0.001 0.024 0.008 0.015 0.178 0.623 
 243 P _   0.007 0.168 0.001 0.026 0.009 0.015 0.176 0.599 
 244 L _   0.007 0.186 0.001 0.028 0.009 0.015 0.175 0.579 
 245 P _   0.007 0.200 0.001 0.030 0.009 0.015 0.174 0.564 
 246 W _   0.007 0.210 0.001 0.030 0.009 0.015 0.175 0.554 
 247 E _   0.007 0.215 0.001 0.029 0.009 0.014 0.176 0.549 
 248 S _   0.006 0.217 0.001 0.028 0.008 0.014 0.178 0.548 
 249 F _   0.006 0.217 0.001 0.025 0.008 0.013 0.180 0.550 
 250 L _   0.006 0.215 0.001 0.022 0.007 0.013 0.183 0.553 
 251 K _   0.006 0.211 0.001 0.019 0.006 0.012 0.186 0.558 
 252 G _   0.006 0.206 0.001 0.017 0.006 0.012 0.190 0.563 
 253 L _   0.007 0.201 0.001 0.015 0.005 0.012 0.193 0.567 
 254 D _   0.007 0.196 0.001 0.014 0.005 0.012 0.197 0.568 
 255 E _   0.007 0.192 0.001 0.014 0.005 0.012 0.201 0.568 
 256 S _   0.007 0.189 0.001 0.015 0.005 0.012 0.206 0.564 
 257 G _   0.008 0.187 0.001 0.017 0.006 0.012 0.210 0.559 
 258 I _   0.008 0.184 0.001 0.019 0.006 0.013 0.215 0.553 
 259 D _   0.009 0.181 0.001 0.021 0.007 0.013 0.221 0.548 
 260 L _   0.009 0.176 0.001 0.023 0.007 0.013 0.228 0.544 
 261 L _   0.009 0.168 0.001 0.023 0.007 0.013 0.235 0.544 
 262 S _   0.009 0.157 0.001 0.022 0.007 0.012 0.244 0.548 
 263 K _   0.009 0.142 0.001 0.020 0.006 0.011 0.254 0.558 
 264 M _   0.008 0.125 0.001 0.016 0.005 0.010 0.264 0.571 
 265 L _   0.008 0.107 0.001 0.012 0.004 0.009 0.274 0.585 
 266 K _   0.007 0.092 0.000 0.009 0.003 0.009 0.283 0.596 
 267 L _   0.006 0.082 0.000 0.006 0.003 0.008 0.291 0.603 
 268 D _   0.006 0.076 0.000 0.005 0.002 0.008 0.297 0.605 
 269 P _   0.006 0.074 0.000 0.004 0.002 0.009 0.302 0.602 
 270 N _   0.006 0.076 0.000 0.005 0.002 0.010 0.306 0.594 
 271 Q _   0.007 0.082 0.000 0.007 0.003 0.012 0.309 0.579 
 272 R _   0.009 0.095 0.001 0.011 0.005 0.015 0.311 0.553 
 273 I _   0.010 0.120 0.001 0.017 0.007 0.018 0.313 0.514 
 274 T _   0.010 0.156 0.001 0.026 0.010 0.020 0.314 0.462 
 275 A _   0.010 0.197 0.001 0.037 0.012 0.021 0.316 0.405 
 276 K _   0.010 0.231 0.001 0.047 0.014 0.021 0.318 0.357 
 277 Q X   0.010 0.254 0.001 0.055 0.014 0.021 0.323 0.323 
 278 A X   0.010 0.266 0.001 0.060 0.014 0.020 0.329 0.300 
 279 L X   0.009 0.270 0.001 0.062 0.014 0.019 0.337 0.288 
 280 E X   0.008 0.268 0.001 0.060 0.013 0.017 0.347 0.286 
 281 H X   0.007 0.259 0.001 0.054 0.012 0.015 0.361 0.292 
 282 A X   0.006 0.241 0.001 0.046 0.010 0.012 0.378 0.305 
 283 Y X   0.005 0.211 0.001 0.036 0.008 0.009 0.401 0.330 
 284 F X   0.003 0.163 0.001 0.025 0.005 0.005 0.429 0.369 
 285 K X   0.001 0.100 0.000 0.012 0.001 0.002 0.458 0.424 
 286 E X   0.000 0.056 0.000 0.005 0.000 0.001 0.469 0.468 
 287 N _   0.000 0.041 0.000 0.005 0.000 0.001 0.470 0.484 
 288 N _   0.003 0.036 0.001 0.010 0.003 0.003 0.462 0.483 
