#TopoPred_TM8: 8-state transmembrane topology prediction results by no_profile mode 
#probabilities are in the order of H E C I L F X _, the 8 transmembrane topology types used in PDBTM 
   1 M X   0.016 0.001 0.002 0.055 0.010 0.011 0.681 0.223 
   2 G X   0.006 0.001 0.000 0.034 0.002 0.006 0.699 0.252 
   3 Q X   0.002 0.001 0.000 0.020 0.001 0.005 0.701 0.270 
   4 E X   0.002 0.001 0.000 0.015 0.001 0.005 0.696 0.280 
   5 L X   0.002 0.002 0.000 0.015 0.001 0.007 0.686 0.287 
   6 C X   0.003 0.004 0.000 0.015 0.002 0.009 0.672 0.294 
   7 A X   0.005 0.007 0.000 0.017 0.003 0.011 0.656 0.301 
   8 K X   0.006 0.011 0.001 0.021 0.004 0.012 0.637 0.309 
   9 T X   0.006 0.017 0.001 0.025 0.005 0.013 0.616 0.319 
  10 V X   0.006 0.022 0.001 0.028 0.006 0.013 0.595 0.330 
  11 Q X   0.005 0.028 0.001 0.030 0.006 0.013 0.574 0.345 
  12 P X   0.005 0.032 0.001 0.029 0.006 0.012 0.555 0.361 
  13 G X   0.004 0.034 0.001 0.028 0.006 0.011 0.538 0.378 
  14 C X   0.004 0.036 0.001 0.025 0.005 0.010 0.523 0.395 
  15 S X   0.004 0.037 0.001 0.022 0.005 0.010 0.510 0.412 
  16 C X   0.004 0.038 0.001 0.019 0.004 0.009 0.499 0.427 
  17 Y X   0.004 0.038 0.000 0.017 0.004 0.009 0.487 0.441 
  18 H X   0.004 0.038 0.000 0.016 0.004 0.008 0.476 0.453 
  19 C X   0.004 0.039 0.000 0.015 0.003 0.008 0.465 0.465 
  20 S _   0.004 0.040 0.000 0.015 0.003 0.008 0.454 0.476 
  21 E _   0.004 0.040 0.000 0.015 0.003 0.008 0.444 0.486 
  22 G _   0.004 0.041 0.000 0.014 0.003 0.007 0.433 0.497 
  23 G _   0.004 0.042 0.000 0.013 0.003 0.007 0.422 0.508 
  24 E _   0.004 0.042 0.000 0.013 0.003 0.007 0.412 0.519 
  25 A _   0.004 0.043 0.000 0.011 0.003 0.007 0.402 0.530 
  26 H _   0.004 0.043 0.000 0.010 0.003 0.007 0.391 0.541 
  27 S _   0.004 0.044 0.000 0.009 0.002 0.007 0.381 0.553 
  28 C _   0.004 0.046 0.000 0.008 0.002 0.007 0.370 0.562 
  29 R _   0.004 0.049 0.000 0.008 0.003 0.008 0.358 0.571 
  30 R _   0.004 0.054 0.000 0.009 0.003 0.009 0.345 0.576 
  31 S _   0.005 0.062 0.001 0.011 0.004 0.010 0.330 0.577 
  32 Q _   0.005 0.077 0.001 0.014 0.005 0.012 0.313 0.572 
  33 P _   0.006 0.100 0.001 0.019 0.007 0.015 0.294 0.558 
  34 E _   0.007 0.131 0.001 0.025 0.009 0.016 0.273 0.537 
  35 T _   0.007 0.166 0.001 0.031 0.011 0.017 0.253 0.514 
  36 T _   0.007 0.197 0.001 0.036 0.012 0.018 0.236 0.493 
  37 E _   0.007 0.222 0.001 0.039 0.012 0.018 0.221 0.480 
  38 A _   0.007 0.239 0.001 0.039 0.011 0.018 0.210 0.475 
  39 A _   0.007 0.248 0.001 0.037 0.011 0.017 0.201 0.478 
  40 F _   0.007 0.252 0.001 0.033 0.010 0.016 0.193 0.487 
  41 K _   0.007 0.253 0.001 0.029 0.009 0.015 0.187 0.499 
  42 L _   0.007 0.250 0.001 0.024 0.008 0.015 0.181 0.514 
  43 T _   0.008 0.246 0.001 0.019 0.007 0.014 0.176 0.529 
  44 D _   0.008 0.242 0.001 0.016 0.006 0.014 0.172 0.542 
  45 L _   0.008 0.238 0.001 0.014 0.006 0.013 0.169 0.552 
  46 K _   0.008 0.235 0.001 0.013 0.005 0.013 0.165 0.560 
  47 E _   0.009 0.233 0.001 0.012 0.005 0.013 0.162 0.566 
  48 A _   0.009 0.232 0.001 0.013 0.005 0.013 0.158 0.570 
  49 S _   0.009 0.231 0.001 0.013 0.006 0.012 0.155 0.573 
  50 C _   0.009 0.231 0.001 0.013 0.006 0.012 0.152 0.577 
  51 S _   0.009 0.230 0.001 0.014 0.006 0.012 0.149 0.580 
  52 M _   0.009 0.229 0.001 0.014 0.006 0.012 0.146 0.585 
  53 T _   0.008 0.227 0.001 0.013 0.005 0.012 0.143 0.590 
  54 S _   0.008 0.226 0.001 0.013 0.005 0.011 0.141 0.595 
  55 F _   0.008 0.224 0.001 0.013 0.005 0.011 0.139 0.599 
  56 H _   0.008 0.222 0.001 0.014 0.005 0.011 0.137 0.602 
  57 P _   0.008 0.221 0.001 0.015 0.005 0.011 0.135 0.604 
  58 R _   0.008 0.220 0.001 0.016 0.006 0.012 0.133 0.605 
  59 G _   0.008 0.219 0.001 0.018 0.006 0.012 0.132 0.605 
  60 L _   0.008 0.217 0.001 0.020 0.006 0.012 0.131 0.605 
  61 Q _   0.008 0.214 0.001 0.021 0.006 0.012 0.130 0.607 
  62 A _   0.008 0.209 0.001 0.022 0.006 0.011 0.130 0.612 
  63 A _   0.008 0.201 0.001 0.023 0.006 0.011 0.130 0.619 
  64 R _   0.009 0.190 0.001 0.022 0.006 0.011 0.131 0.631 
  65 A _   0.009 0.175 0.001 0.021 0.006 0.010 0.132 0.647 
  66 Q _   0.009 0.157 0.001 0.019 0.005 0.010 0.133 0.667 
  67 K _   0.009 0.136 0.001 0.016 0.005 0.009 0.135 0.690 
  68 F _   0.008 0.114 0.001 0.014 0.004 0.009 0.137 0.713 
  69 K _   0.008 0.094 0.000 0.011 0.003 0.008 0.139 0.736 
  70 S _   0.008 0.078 0.000 0.009 0.003 0.007 0.140 0.754 
  71 K _   0.007 0.066 0.000 0.008 0.002 0.007 0.141 0.769 
  72 R _   0.006 0.057 0.000 0.006 0.002 0.006 0.141 0.781 
  73 P _   0.006 0.052 0.000 0.005 0.002 0.006 0.141 0.788 
  74 R _   0.005 0.049 0.000 0.005 0.002 0.006 0.140 0.793 
  75 S _   0.005 0.048 0.000 0.005 0.002 0.006 0.138 0.796 
  76 N _   0.005 0.049 0.000 0.005 0.002 0.006 0.136 0.797 
  77 S _   0.005 0.052 0.000 0.006 0.002 0.007 0.133 0.795 
  78 D _   0.005 0.057 0.000 0.008 0.002 0.008 0.128 0.791 
  79 C _   0.005 0.066 0.000 0.010 0.003 0.009 0.124 0.783 
  80 F _   0.005 0.078 0.000 0.013 0.004 0.010 0.118 0.772 
  81 Q _   0.005 0.093 0.001 0.016 0.004 0.011 0.112 0.759 
  82 E _   0.005 0.109 0.001 0.018 0.005 0.012 0.105 0.744 
  83 E _   0.005 0.127 0.001 0.021 0.006 0.012 0.099 0.729 
  84 D _   0.006 0.143 0.001 0.023 0.006 0.013 0.093 0.716 
  85 L _   0.006 0.156 0.001 0.024 0.006 0.013 0.088 0.706 
  86 R _   0.006 0.167 0.001 0.024 0.007 0.013 0.083 0.698 
  87 Q _   0.006 0.176 0.001 0.024 0.007 0.014 0.079 0.694 
  88 G _   0.006 0.182 0.001 0.024 0.007 0.014 0.076 0.691 
  89 F _   0.006 0.186 0.001 0.023 0.007 0.014 0.073 0.690 
  90 Q _   0.007 0.189 0.001 0.022 0.007 0.014 0.070 0.690 
  91 W _   0.007 0.191 0.001 0.021 0.007 0.015 0.067 0.690 
  92 R _   0.008 0.193 0.001 0.021 0.008 0.015 0.065 0.690 
  93 K _   0.008 0.194 0.001 0.022 0.008 0.015 0.063 0.689 
  94 S _   0.009 0.194 0.001 0.023 0.008 0.015 0.061 0.689 
  95 L _   0.009 0.193 0.001 0.025 0.009 0.016 0.060 0.689 
  96 P _   0.010 0.191 0.001 0.026 0.009 0.015 0.058 0.690 
  97 F _   0.010 0.187 0.001 0.027 0.009 0.015 0.057 0.694 
  98 G _   0.010 0.180 0.001 0.027 0.009 0.015 0.056 0.702 
  99 A _   0.010 0.170 0.001 0.026 0.009 0.014 0.056 0.714 
 100 A _   0.010 0.155 0.001 0.025 0.008 0.013 0.056 0.732 
 101 S _   0.010 0.137 0.001 0.022 0.007 0.013 0.056 0.755 
 102 S _   0.009 0.116 0.001 0.020 0.007 0.012 0.056 0.780 
 103 Y _   0.009 0.094 0.001 0.017 0.006 0.012 0.056 0.806 
 104 L _   0.009 0.075 0.001 0.014 0.005 0.011 0.056 0.830 
 105 N _   0.009 0.058 0.001 0.012 0.005 0.011 0.056 0.850 
 106 L _   0.008 0.045 0.001 0.010 0.004 0.010 0.056 0.866 
 107 E _   0.008 0.035 0.000 0.009 0.004 0.010 0.055 0.878 
 108 K _   0.008 0.028 0.000 0.008 0.003 0.010 0.055 0.887 
 109 L _   0.008 0.023 0.000 0.008 0.003 0.010 0.054 0.893 
 110 G _   0.008 0.020 0.000 0.008 0.004 0.011 0.053 0.896 
 111 E _   0.008 0.018 0.000 0.009 0.004 0.011 0.052 0.897 
 112 G _   0.009 0.017 0.001 0.010 0.004 0.012 0.050 0.897 
 113 S _   0.009 0.016 0.001 0.011 0.005 0.014 0.049 0.895 
 114 Y _   0.010 0.016 0.001 0.013 0.006 0.015 0.048 0.892 
 115 A _   0.011 0.015 0.001 0.014 0.007 0.016 0.047 0.890 
 116 T _   0.012 0.014 0.001 0.015 0.007 0.017 0.046 0.889 
 117 V _   0.012 0.013 0.001 0.015 0.007 0.018 0.044 0.889 
 118 Y _   0.013 0.011 0.001 0.014 0.007 0.019 0.043 0.891 
 119 K _   0.014 0.010 0.001 0.013 0.007 0.020 0.042 0.893 
 120 G _   0.016 0.008 0.001 0.011 0.007 0.021 0.042 0.895 
 121 I _   0.018 0.007 0.001 0.009 0.007 0.023 0.041 0.894 
 122 S _   0.022 0.006 0.001 0.008 0.008 0.026 0.040 0.891 
 123 R _   0.026 0.005 0.001 0.008 0.009 0.029 0.038 0.884 
 124 I _   0.032 0.005 0.001 0.008 0.011 0.032 0.037 0.874 
 125 N _   0.038 0.006 0.001 0.009 0.013 0.036 0.036 0.860 
 126 G _   0.045 0.007 0.001 0.012 0.017 0.040 0.035 0.842 
 127 Q _   0.052 0.009 0.001 0.016 0.021 0.044 0.034 0.823 
 128 L _   0.057 0.011 0.002 0.020 0.025 0.046 0.033 0.806 
 129 V _   0.062 0.013 0.002 0.023 0.028 0.048 0.032 0.793 
 130 A _   0.064 0.015 0.002 0.026 0.029 0.047 0.032 0.786 
 131 L _   0.065 0.015 0.002 0.026 0.028 0.046 0.031 0.787 
 132 K _   0.065 0.014 0.002 0.024 0.025 0.043 0.031 0.796 
 133 V _   0.063 0.012 0.002 0.021 0.022 0.040 0.031 0.809 
 134 I _   0.060 0.010 0.001 0.017 0.019 0.037 0.031 0.826 
 135 S _   0.056 0.007 0.001 0.013 0.015 0.034 0.031 0.843 
 136 M _   0.052 0.005 0.001 0.010 0.012 0.031 0.031 0.859 
 137 N _   0.048 0.003 0.001 0.007 0.010 0.029 0.031 0.871 
 138 A _   0.046 0.002 0.001 0.006 0.008 0.027 0.031 0.880 
 139 E _   0.043 0.002 0.001 0.005 0.007 0.026 0.031 0.885 
 140 E _   0.042 0.002 0.001 0.005 0.007 0.026 0.030 0.887 
 141 G _   0.041 0.002 0.001 0.006 0.008 0.026 0.030 0.886 
 142 V _   0.040 0.003 0.001 0.008 0.009 0.027 0.030 0.882 
 143 P _   0.040 0.004 0.001 0.010 0.010 0.028 0.029 0.877 
 144 F _   0.040 0.005 0.001 0.013 0.012 0.029 0.029 0.871 
 145 T _   0.039 0.006 0.001 0.016 0.013 0.029 0.029 0.867 
 146 A _   0.037 0.007 0.001 0.018 0.014 0.029 0.028 0.865 
 147 I _   0.035 0.008 0.001 0.019 0.014 0.028 0.028 0.867 
 148 R _   0.033 0.007 0.001 0.019 0.013 0.027 0.028 0.872 
 149 E _   0.030 0.007 0.001 0.017 0.012 0.026 0.027 0.880 
 150 A _   0.028 0.006 0.001 0.015 0.010 0.024 0.027 0.888 
 151 S _   0.027 0.005 0.001 0.012 0.009 0.023 0.027 0.896 
 152 L _   0.027 0.003 0.001 0.009 0.007 0.022 0.027 0.903 
 153 L _   0.028 0.002 0.001 0.007 0.007 0.021 0.027 0.907 
 154 K _   0.030 0.001 0.001 0.006 0.006 0.021 0.026 0.909 
 155 G _   0.032 0.001 0.001 0.005 0.006 0.022 0.026 0.907 
 156 L _   0.037 0.001 0.001 0.005 0.006 0.023 0.025 0.901 
 157 K _   0.044 0.001 0.001 0.005 0.007 0.025 0.025 0.892 
 158 H _   0.052 0.001 0.001 0.006 0.009 0.027 0.024 0.880 
 159 A _   0.061 0.001 0.001 0.007 0.011 0.030 0.024 0.866 
 160 N _   0.071 0.001 0.001 0.009 0.013 0.032 0.023 0.850 
 161 I _   0.082 0.001 0.001 0.010 0.014 0.034 0.023 0.834 
 162 V _   0.093 0.002 0.001 0.011 0.015 0.035 0.023 0.820 
 163 L _   0.103 0.002 0.001 0.011 0.016 0.036 0.022 0.808 
 164 L _   0.113 0.001 0.001 0.011 0.015 0.036 0.022 0.800 
 165 H _   0.123 0.001 0.001 0.009 0.014 0.036 0.022 0.795 
 166 D _   0.133 0.001 0.001 0.007 0.012 0.036 0.021 0.790 
 167 I _   0.144 0.000 0.001 0.005 0.011 0.036 0.021 0.782 
 168 I _   0.159 0.000 0.001 0.003 0.010 0.036 0.020 0.770 
 169 H _   0.177 0.000 0.001 0.002 0.010 0.038 0.020 0.751 
 170 T _   0.200 0.000 0.001 0.002 0.012 0.041 0.019 0.724 
 171 K _   0.228 0.000 0.001 0.002 0.015 0.046 0.019 0.689 
 172 E _   0.256 0.000 0.001 0.003 0.021 0.051 0.018 0.648 
 173 T _   0.283 0.001 0.002 0.004 0.030 0.057 0.018 0.605 
 174 L _   0.304 0.004 0.002 0.007 0.040 0.062 0.018 0.564 
 175 T _   0.317 0.008 0.002 0.012 0.048 0.065 0.018 0.529 
 176 F _   0.322 0.014 0.003 0.017 0.055 0.066 0.018 0.504 
 177 V _   0.318 0.020 0.003 0.022 0.058 0.066 0.019 0.494 
 178 F _   0.306 0.024 0.003 0.026 0.058 0.064 0.020 0.500 
 179 E _   0.285 0.026 0.003 0.027 0.055 0.060 0.021 0.522 
 180 Y _   0.258 0.026 0.003 0.027 0.050 0.056 0.023 0.559 
 181 M _   0.226 0.024 0.003 0.025 0.043 0.051 0.024 0.605 
 182 H _   0.191 0.022 0.002 0.022 0.034 0.046 0.026 0.657 
 183 T _   0.157 0.019 0.002 0.020 0.026 0.040 0.028 0.709 
 184 D _   0.125 0.016 0.001 0.017 0.020 0.035 0.030 0.756 
 185 L _   0.098 0.013 0.001 0.016 0.015 0.030 0.031 0.796 
 186 A _   0.075 0.011 0.001 0.015 0.011 0.026 0.033 0.828 
 187 Q _   0.057 0.009 0.001 0.014 0.009 0.022 0.035 0.854 
 188 Y _   0.043 0.007 0.001 0.013 0.007 0.018 0.036 0.876 
 189 M _   0.033 0.005 0.001 0.011 0.005 0.015 0.037 0.893 
 190 S _   0.026 0.004 0.001 0.009 0.004 0.012 0.038 0.908 
 191 Q _   0.021 0.002 0.000 0.007 0.003 0.010 0.038 0.919 
 192 H _   0.019 0.001 0.000 0.005 0.002 0.009 0.038 0.926 
 193 P _   0.019 0.001 0.000 0.003 0.002 0.008 0.038 0.929 
 194 G _   0.023 0.000 0.000 0.002 0.002 0.008 0.037 0.928 
 195 G _   0.032 0.000 0.000 0.002 0.002 0.009 0.036 0.919 
 196 L _   0.049 0.000 0.000 0.002 0.002 0.011 0.035 0.900 
 197 H _   0.081 0.000 0.000 0.002 0.004 0.016 0.033 0.865 
 198 P _   0.132 0.000 0.001 0.002 0.006 0.022 0.031 0.806 
 199 H _   0.205 0.000 0.001 0.002 0.011 0.030 0.028 0.722 
 200 N _   0.291 0.000 0.001 0.003 0.019 0.039 0.025 0.621 
 201 V _   0.378 0.000 0.002 0.004 0.029 0.048 0.023 0.517 
 202 R H   0.454 0.001 0.002 0.005 0.041 0.054 0.021 0.423 
 203 L H   0.512 0.001 0.002 0.007 0.050 0.057 0.019 0.351 
 204 F H   0.552 0.002 0.002 0.008 0.057 0.058 0.018 0.302 
 205 M H   0.576 0.002 0.002 0.009 0.061 0.057 0.018 0.274 
 206 F H   0.587 0.002 0.003 0.009 0.062 0.055 0.018 0.264 
 207 Q H   0.585 0.002 0.003 0.009 0.061 0.052 0.018 0.269 
 208 L H   0.573 0.002 0.003 0.008 0.058 0.049 0.019 0.289 
 209 L H   0.549 0.002 0.002 0.007 0.052 0.046 0.020 0.322 
 210 R H   0.513 0.001 0.002 0.007 0.045 0.042 0.022 0.368 
 211 G H   0.469 0.001 0.002 0.006 0.037 0.038 0.024 0.423 
 212 L _   0.416 0.001 0.002 0.005 0.029 0.035 0.027 0.485 
 213 A _   0.358 0.001 0.002 0.006 0.023 0.032 0.029 0.550 
 214 Y _   0.298 0.001 0.001 0.007 0.018 0.029 0.033 0.613 
 215 I _   0.240 0.001 0.001 0.008 0.015 0.027 0.036 0.673 
 216 H _   0.187 0.001 0.001 0.009 0.013 0.024 0.039 0.727 
 217 H _   0.142 0.001 0.001 0.010 0.010 0.022 0.042 0.773 
 218 Q _   0.105 0.001 0.001 0.010 0.008 0.019 0.045 0.811 
 219 H _   0.077 0.001 0.001 0.009 0.007 0.017 0.047 0.842 
 220 V _   0.055 0.001 0.001 0.008 0.005 0.015 0.049 0.867 
 221 L _   0.039 0.001 0.001 0.006 0.004 0.013 0.050 0.886 
 222 H _   0.029 0.000 0.000 0.005 0.003 0.011 0.051 0.900 
 223 R _   0.022 0.000 0.000 0.004 0.003 0.011 0.052 0.908 
 224 D _   0.018 0.000 0.000 0.003 0.002 0.011 0.052 0.913 
 225 L _   0.017 0.001 0.000 0.003 0.002 0.012 0.052 0.913 
 226 K _   0.017 0.001 0.000 0.003 0.003 0.013 0.052 0.910 
 227 P _   0.020 0.002 0.000 0.004 0.004 0.016 0.052 0.902 
 228 Q _   0.024 0.004 0.001 0.006 0.006 0.020 0.052 0.888 
 229 N _   0.028 0.009 0.001 0.009 0.009 0.025 0.051 0.867 
 230 L _   0.033 0.017 0.001 0.015 0.013 0.029 0.050 0.841 
 231 L _   0.038 0.028 0.001 0.021 0.017 0.033 0.049 0.813 
 232 I _   0.040 0.038 0.002 0.027 0.021 0.035 0.049 0.789 
 233 S _   0.042 0.045 0.002 0.032 0.022 0.037 0.048 0.773 
 234 H _   0.042 0.049 0.002 0.034 0.023 0.036 0.048 0.766 
 235 L _   0.041 0.051 0.002 0.033 0.022 0.035 0.048 0.767 
 236 G _   0.040 0.051 0.001 0.031 0.020 0.034 0.049 0.775 
 237 E _   0.038 0.049 0.001 0.027 0.018 0.032 0.049 0.787 
 238 L _   0.035 0.045 0.001 0.022 0.015 0.029 0.050 0.802 
 239 K _   0.032 0.041 0.001 0.018 0.012 0.027 0.051 0.818 
 240 L _   0.030 0.037 0.001 0.015 0.010 0.025 0.051 0.831 
 241 A _   0.027 0.033 0.001 0.014 0.009 0.023 0.052 0.841 
 242 D _   0.025 0.031 0.001 0.013 0.008 0.021 0.053 0.848 
 243 F _   0.023 0.029 0.001 0.014 0.008 0.020 0.053 0.853 
 244 G _   0.021 0.027 0.001 0.015 0.007 0.018 0.054 0.857 
 245 L _   0.019 0.026 0.001 0.015 0.007 0.017 0.054 0.861 
 246 A _   0.018 0.024 0.001 0.015 0.007 0.016 0.055 0.866 
 247 R _   0.016 0.021 0.001 0.015 0.006 0.014 0.056 0.871 
 248 A _   0.014 0.019 0.001 0.013 0.005 0.013 0.056 0.879 
 249 K _   0.012 0.016 0.001 0.011 0.004 0.012 0.056 0.888 
 250 S _   0.011 0.013 0.000 0.008 0.004 0.011 0.057 0.897 
 251 I _   0.010 0.011 0.000 0.006 0.003 0.010 0.057 0.903 
 252 P _   0.010 0.010 0.000 0.005 0.003 0.010 0.056 0.906 
 253 S _   0.010 0.009 0.000 0.005 0.003 0.010 0.056 0.907 
 254 Q _   0.010 0.010 0.000 0.006 0.003 0.011 0.055 0.904 
 255 T _   0.011 0.012 0.000 0.008 0.004 0.013 0.055 0.897 
 256 Y _   0.012 0.016 0.001 0.011 0.006 0.015 0.054 0.885 
 257 S _   0.013 0.023 0.001 0.018 0.008 0.017 0.053 0.868 
 258 S _   0.014 0.030 0.001 0.025 0.010 0.019 0.052 0.849 
 259 E _   0.015 0.037 0.001 0.032 0.012 0.020 0.051 0.833 
 260 V _   0.016 0.041 0.001 0.037 0.013 0.020 0.050 0.823 
 261 V _   0.015 0.043 0.001 0.038 0.013 0.019 0.050 0.820 
 262 T _   0.014 0.043 0.001 0.037 0.012 0.018 0.050 0.825 
 263 L _   0.013 0.039 0.001 0.032 0.010 0.016 0.050 0.838 
 264 W _   0.012 0.034 0.001 0.025 0.008 0.015 0.051 0.855 
 265 Y _   0.010 0.027 0.001 0.018 0.006 0.013 0.051 0.873 
 266 R _   0.009 0.020 0.001 0.013 0.005 0.011 0.052 0.889 
 267 P _   0.008 0.014 0.000 0.010 0.004 0.010 0.052 0.901 
 268 P _   0.007 0.011 0.000 0.008 0.003 0.010 0.052 0.908 
 269 D _   0.007 0.009 0.000 0.008 0.003 0.010 0.052 0.911 
 270 A _   0.007 0.008 0.000 0.008 0.003 0.010 0.052 0.910 
 271 L _   0.008 0.008 0.000 0.010 0.004 0.011 0.052 0.908 
 272 L _   0.008 0.007 0.000 0.011 0.004 0.011 0.052 0.906 
 273 G _   0.008 0.007 0.001 0.013 0.005 0.011 0.051 0.905 
 274 A _   0.009 0.006 0.001 0.013 0.005 0.012 0.050 0.905 
 275 T _   0.010 0.005 0.001 0.012 0.004 0.012 0.050 0.906 
 276 E _   0.012 0.004 0.001 0.010 0.004 0.013 0.049 0.907 
 277 Y _   0.016 0.002 0.001 0.008 0.004 0.014 0.048 0.906 
 278 S _   0.025 0.001 0.001 0.006 0.004 0.016 0.047 0.900 
 279 S _   0.039 0.001 0.001 0.004 0.005 0.019 0.046 0.885 
 280 E _   0.063 0.000 0.001 0.004 0.006 0.024 0.045 0.857 
 281 L _   0.100 0.000 0.001 0.003 0.009 0.030 0.043 0.813 
 282 D _   0.151 0.000 0.001 0.004 0.015 0.038 0.041 0.750 
 283 I _   0.211 0.000 0.001 0.004 0.023 0.046 0.039 0.675 
 284 W _   0.270 0.001 0.002 0.006 0.033 0.054 0.038 0.596 
 285 G _   0.323 0.002 0.002 0.008 0.045 0.061 0.037 0.522 
 286 A _   0.365 0.005 0.003 0.011 0.056 0.065 0.037 0.459 
 287 G _   0.395 0.007 0.003 0.014 0.064 0.067 0.037 0.414 
 288 C H   0.411 0.010 0.003 0.017 0.068 0.066 0.038 0.387 
 289 I H   0.414 0.012 0.003 0.020 0.068 0.063 0.040 0.380 
 290 F H   0.404 0.012 0.003 0.021 0.065 0.059 0.042 0.393 
 291 I _   0.380 0.012 0.003 0.021 0.059 0.054 0.045 0.425 
 292 E _   0.343 0.010 0.003 0.020 0.050 0.048 0.049 0.477 
 293 M _   0.295 0.008 0.003 0.017 0.038 0.041 0.054 0.545 
 294 F _   0.240 0.005 0.002 0.013 0.027 0.034 0.058 0.621 
 295 Q _   0.184 0.003 0.001 0.009 0.017 0.028 0.063 0.695 
 296 G _   0.134 0.001 0.001 0.006 0.011 0.023 0.067 0.757 
 297 Q _   0.095 0.001 0.001 0.004 0.007 0.018 0.070 0.805 
 298 P _   0.067 0.000 0.001 0.003 0.004 0.015 0.073 0.837 
 299 L _   0.048 0.000 0.000 0.002 0.003 0.014 0.075 0.858 
 300 F _   0.036 0.000 0.000 0.002 0.003 0.013 0.076 0.869 
 301 P _   0.030 0.000 0.000 0.002 0.003 0.014 0.077 0.873 
 302 G _   0.028 0.000 0.000 0.003 0.003 0.015 0.078 0.872 
 303 V _   0.029 0.000 0.000 0.004 0.004 0.018 0.079 0.866 
 304 S _   0.031 0.001 0.001 0.005 0.006 0.021 0.080 0.856 
 305 N _   0.036 0.002 0.001 0.007 0.007 0.025 0.080 0.842 
 306 I _   0.042 0.003 0.001 0.009 0.010 0.030 0.080 0.825 
 307 L _   0.048 0.005 0.001 0.011 0.013 0.034 0.081 0.806 
 308 E _   0.054 0.008 0.001 0.013 0.016 0.039 0.081 0.788 
 309 Q _   0.060 0.010 0.001 0.014 0.019 0.043 0.082 0.770 
 310 L _   0.065 0.013 0.001 0.016 0.023 0.046 0.082 0.753 
 311 E _   0.070 0.016 0.002 0.018 0.025 0.048 0.083 0.738 
 312 K _   0.074 0.019 0.002 0.020 0.028 0.049 0.085 0.724 
 313 I _   0.076 0.022 0.002 0.022 0.029 0.049 0.086 0.713 
 314 W _   0.077 0.025 0.002 0.024 0.030 0.049 0.089 0.705 
 315 E _   0.075 0.027 0.002 0.027 0.029 0.047 0.092 0.701 
 316 V _   0.072 0.029 0.002 0.028 0.027 0.044 0.095 0.704 
 317 L _   0.066 0.029 0.002 0.029 0.024 0.040 0.099 0.712 
 318 G _   0.059 0.028 0.002 0.028 0.021 0.036 0.103 0.723 
 319 V _   0.052 0.026 0.001 0.025 0.018 0.032 0.108 0.739 
 320 P _   0.044 0.023 0.001 0.022 0.014 0.028 0.112 0.756 
 321 T _   0.037 0.019 0.001 0.018 0.011 0.024 0.117 0.773 
 322 E _   0.031 0.016 0.001 0.015 0.009 0.020 0.121 0.788 
 323 D _   0.025 0.012 0.001 0.013 0.007 0.017 0.126 0.800 
 324 T _   0.020 0.010 0.001 0.011 0.005 0.014 0.129 0.810 
 325 W _   0.016 0.008 0.000 0.009 0.004 0.012 0.133 0.817 
 326 P _   0.013 0.006 0.000 0.008 0.003 0.010 0.136 0.822 
 327 G _   0.011 0.005 0.000 0.007 0.003 0.009 0.139 0.826 
 328 V _   0.010 0.004 0.000 0.007 0.003 0.008 0.141 0.828 
 329 S _   0.008 0.004 0.000 0.006 0.002 0.007 0.143 0.830 
 330 K _   0.007 0.003 0.000 0.005 0.002 0.006 0.144 0.832 
 331 L _   0.006 0.003 0.000 0.005 0.002 0.006 0.145 0.833 
 332 P _   0.006 0.003 0.000 0.005 0.002 0.006 0.145 0.834 
 333 N _   0.005 0.003 0.000 0.005 0.002 0.006 0.145 0.833 
 334 Y _   0.005 0.004 0.000 0.005 0.002 0.006 0.145 0.833 
 335 N _   0.005 0.005 0.000 0.005 0.002 0.007 0.144 0.831 
 336 P _   0.006 0.007 0.000 0.006 0.003 0.008 0.143 0.827 
 337 E _   0.006 0.010 0.000 0.007 0.003 0.009 0.142 0.821 
 338 W _   0.007 0.015 0.000 0.009 0.004 0.011 0.141 0.814 
 339 F _   0.007 0.020 0.001 0.010 0.004 0.012 0.139 0.806 
 340 P _   0.008 0.028 0.001 0.012 0.005 0.014 0.137 0.796 
 341 L _   0.009 0.036 0.001 0.013 0.006 0.016 0.135 0.784 
 342 P _   0.009 0.046 0.001 0.015 0.007 0.018 0.133 0.771 
 343 T _   0.011 0.057 0.001 0.017 0.009 0.020 0.131 0.756 
 344 P _   0.012 0.069 0.001 0.019 0.010 0.022 0.129 0.738 
 345 R _   0.013 0.083 0.001 0.022 0.012 0.024 0.127 0.718 
 346 S _   0.014 0.097 0.001 0.025 0.014 0.025 0.125 0.697 
 347 L _   0.015 0.111 0.001 0.029 0.015 0.026 0.124 0.678 
 348 H _   0.016 0.123 0.001 0.033 0.016 0.026 0.123 0.661 
 349 V _   0.017 0.132 0.001 0.037 0.017 0.026 0.123 0.648 
 350 V _   0.017 0.138 0.001 0.039 0.017 0.025 0.124 0.640 
 351 W _   0.017 0.140 0.001 0.039 0.016 0.024 0.124 0.639 
 352 N _   0.016 0.138 0.001 0.037 0.014 0.022 0.126 0.645 
 353 R _   0.016 0.133 0.001 0.033 0.013 0.020 0.128 0.656 
 354 L _   0.015 0.125 0.001 0.028 0.011 0.018 0.131 0.672 
 355 G _   0.013 0.113 0.001 0.023 0.009 0.016 0.134 0.692 
 356 R _   0.012 0.099 0.001 0.017 0.007 0.014 0.136 0.713 
 357 V _   0.011 0.087 0.001 0.013 0.005 0.013 0.139 0.731 
 358 P _   0.010 0.078 0.001 0.010 0.004 0.011 0.141 0.745 
 359 E _   0.009 0.071 0.000 0.008 0.004 0.011 0.143 0.754 
 360 A _   0.008 0.068 0.000 0.008 0.003 0.010 0.145 0.757 
 361 E _   0.008 0.067 0.000 0.008 0.003 0.010 0.146 0.757 
 362 D _   0.008 0.067 0.000 0.010 0.004 0.010 0.147 0.755 
 363 L _   0.008 0.069 0.000 0.012 0.004 0.010 0.147 0.750 
 364 A _   0.007 0.070 0.001 0.014 0.005 0.011 0.148 0.744 
 365 S _   0.007 0.072 0.001 0.017 0.005 0.011 0.149 0.739 
 366 Q _   0.007 0.073 0.001 0.018 0.005 0.011 0.150 0.736 
 367 M _   0.007 0.072 0.001 0.018 0.005 0.010 0.152 0.736 
 368 L _   0.007 0.070 0.001 0.016 0.005 0.010 0.153 0.738 
 369 K _   0.006 0.067 0.001 0.014 0.004 0.009 0.155 0.743 
 370 G _   0.006 0.064 0.000 0.011 0.004 0.009 0.157 0.749 
 371 F _   0.006 0.060 0.000 0.009 0.003 0.009 0.159 0.754 
 372 P _   0.006 0.058 0.000 0.007 0.003 0.010 0.160 0.756 
 373 R _   0.007 0.058 0.000 0.006 0.003 0.011 0.161 0.754 
 374 D _   0.008 0.060 0.000 0.006 0.003 0.012 0.162 0.748 
 375 R _   0.009 0.066 0.001 0.008 0.005 0.015 0.163 0.734 
 376 V _   0.011 0.078 0.001 0.011 0.007 0.018 0.163 0.711 
 377 S _   0.014 0.098 0.001 0.016 0.010 0.021 0.163 0.677 
 378 A _   0.015 0.125 0.001 0.023 0.013 0.024 0.163 0.635 
 379 Q _   0.016 0.154 0.001 0.029 0.015 0.026 0.164 0.595 
 380 E _   0.016 0.178 0.001 0.035 0.016 0.027 0.165 0.562 
 381 A _   0.016 0.195 0.001 0.038 0.017 0.027 0.166 0.540 
 382 L _   0.016 0.204 0.001 0.040 0.017 0.026 0.169 0.527 
 383 V _   0.016 0.208 0.001 0.040 0.017 0.026 0.172 0.521 
 384 H _   0.016 0.209 0.001 0.038 0.016 0.025 0.176 0.520 
 385 D _   0.016 0.205 0.001 0.036 0.015 0.024 0.181 0.522 
 386 Y _   0.016 0.198 0.001 0.033 0.014 0.023 0.187 0.527 
 387 F _   0.016 0.188 0.001 0.031 0.013 0.021 0.195 0.535 
 388 S _   0.015 0.175 0.001 0.029 0.012 0.020 0.203 0.544 
 389 A _   0.015 0.160 0.001 0.027 0.011 0.019 0.212 0.555 
 390 L _   0.014 0.143 0.001 0.025 0.010 0.017 0.223 0.567 
 391 P _   0.013 0.124 0.001 0.022 0.009 0.016 0.234 0.581 
 392 S _   0.013 0.104 0.001 0.019 0.007 0.014 0.245 0.596 
 393 Q _   0.012 0.083 0.001 0.016 0.006 0.013 0.257 0.612 
 394 L _   0.011 0.064 0.001 0.013 0.005 0.011 0.267 0.628 
 395 Y _   0.009 0.048 0.001 0.009 0.004 0.010 0.277 0.642 
 396 Q _   0.008 0.037 0.000 0.007 0.003 0.009 0.285 0.652 
 397 L _   0.007 0.030 0.000 0.005 0.002 0.008 0.291 0.656 
 398 P _   0.006 0.026 0.000 0.004 0.002 0.008 0.296 0.657 
 399 D _   0.006 0.025 0.000 0.003 0.002 0.009 0.301 0.653 
 400 E _   0.007 0.026 0.000 0.004 0.003 0.010 0.304 0.645 
 401 E _   0.008 0.031 0.000 0.006 0.004 0.012 0.308 0.632 
 402 S _   0.010 0.039 0.001 0.009 0.005 0.014 0.310 0.611 
 403 L _   0.011 0.055 0.001 0.014 0.008 0.017 0.313 0.582 
 404 F _   0.012 0.074 0.001 0.020 0.010 0.019 0.316 0.549 
 405 T _   0.012 0.095 0.001 0.025 0.012 0.021 0.319 0.516 
 406 V _   0.012 0.111 0.001 0.029 0.013 0.022 0.323 0.489 
 407 S _   0.012 0.123 0.001 0.031 0.013 0.022 0.328 0.470 
 408 G _   0.012 0.131 0.001 0.032 0.013 0.022 0.333 0.456 
 409 V _   0.012 0.135 0.001 0.030 0.013 0.022 0.340 0.447 
 410 R _   0.012 0.136 0.001 0.028 0.012 0.022 0.348 0.441 
 411 L _   0.012 0.136 0.001 0.025 0.012 0.021 0.357 0.436 
 412 K _   0.012 0.134 0.001 0.023 0.011 0.021 0.367 0.431 
 413 P _   0.012 0.133 0.001 0.022 0.010 0.020 0.378 0.425 
 414 E _   0.011 0.131 0.001 0.022 0.010 0.020 0.389 0.416 
 415 M _   0.011 0.129 0.001 0.023 0.010 0.019 0.401 0.406 
 416 C X   0.011 0.127 0.001 0.024 0.010 0.018 0.413 0.395 
 417 D X   0.011 0.124 0.001 0.026 0.010 0.017 0.427 0.384 
 418 L X   0.010 0.120 0.001 0.026 0.009 0.016 0.443 0.374 
 419 L X   0.010 0.114 0.001 0.026 0.009 0.015 0.459 0.367 
 420 A X   0.009 0.105 0.001 0.024 0.008 0.014 0.478 0.362 
 421 S X   0.008 0.094 0.001 0.021 0.007 0.012 0.497 0.360 
 422 Y X   0.008 0.081 0.001 0.018 0.006 0.011 0.517 0.359 
 423 Q X   0.007 0.068 0.001 0.014 0.005 0.010 0.537 0.357 
 424 K X   0.007 0.058 0.001 0.012 0.004 0.009 0.556 0.354 
 425 G X   0.006 0.049 0.000 0.009 0.003 0.008 0.573 0.350 
 426 H X   0.006 0.043 0.000 0.008 0.003 0.007 0.589 0.344 
 427 H X   0.005 0.039 0.000 0.008 0.003 0.007 0.601 0.338 
 428 P X   0.004 0.037 0.000 0.008 0.002 0.006 0.612 0.330 
 429 A X   0.003 0.035 0.000 0.008 0.002 0.005 0.623 0.323 
 430 Q X   0.002 0.034 0.000 0.009 0.002 0.004 0.632 0.317 
 431 F X   0.001 0.032 0.000 0.008 0.001 0.002 0.641 0.313 
 432 S X   0.001 0.030 0.000 0.006 0.000 0.001 0.648 0.313 
 433 K X   0.000 0.028 0.000 0.005 0.000 0.000 0.650 0.317 
 434 C X   0.000 0.026 0.000 0.007 0.000 0.001 0.647 0.319 
 435 W X   0.003 0.025 0.001 0.016 0.003 0.003 0.632 0.316 
