#TopoPred_TM8: 8-state transmembrane topology prediction results by no_profile mode 
#probabilities are in the order of H E C I L F X _, the 8 transmembrane topology types used in PDBTM 
   1 M X   0.013 0.001 0.002 0.033 0.008 0.010 0.710 0.224 
   2 D X   0.004 0.000 0.000 0.016 0.001 0.006 0.726 0.246 
   3 L X   0.002 0.000 0.000 0.008 0.001 0.005 0.728 0.257 
   4 S X   0.002 0.001 0.000 0.006 0.001 0.006 0.723 0.260 
   5 M X   0.005 0.002 0.000 0.007 0.002 0.012 0.713 0.259 
   6 K X   0.010 0.005 0.001 0.010 0.005 0.020 0.695 0.254 
   7 K X   0.017 0.016 0.001 0.015 0.009 0.028 0.672 0.243 
   8 F X   0.023 0.038 0.001 0.023 0.014 0.034 0.642 0.225 
   9 A X   0.025 0.071 0.002 0.033 0.019 0.036 0.610 0.204 
  10 V X   0.025 0.105 0.002 0.042 0.023 0.037 0.579 0.187 
  11 R X   0.025 0.129 0.002 0.049 0.025 0.036 0.556 0.179 
  12 R X   0.024 0.144 0.002 0.053 0.026 0.034 0.539 0.178 
  13 F X   0.024 0.151 0.002 0.054 0.025 0.032 0.527 0.184 
  14 F X   0.024 0.153 0.002 0.053 0.024 0.030 0.519 0.196 
  15 S X   0.023 0.151 0.001 0.050 0.021 0.027 0.513 0.214 
  16 V X   0.022 0.144 0.001 0.044 0.018 0.024 0.509 0.238 
  17 Y X   0.020 0.130 0.001 0.037 0.015 0.021 0.507 0.270 
  18 L X   0.018 0.109 0.001 0.029 0.011 0.018 0.505 0.309 
  19 R X   0.016 0.082 0.001 0.021 0.008 0.015 0.505 0.352 
  20 R X   0.014 0.054 0.001 0.015 0.006 0.012 0.504 0.395 
  21 K X   0.011 0.032 0.001 0.009 0.004 0.009 0.503 0.431 
  22 S X   0.009 0.018 0.000 0.006 0.002 0.007 0.500 0.457 
  23 R X   0.006 0.010 0.000 0.004 0.002 0.006 0.497 0.475 
  24 S X   0.005 0.007 0.000 0.003 0.001 0.005 0.492 0.487 
  25 K _   0.004 0.006 0.000 0.002 0.001 0.005 0.486 0.496 
  26 S _   0.004 0.005 0.000 0.003 0.001 0.005 0.478 0.504 
  27 S _   0.004 0.006 0.000 0.003 0.001 0.005 0.469 0.511 
  28 S _   0.004 0.008 0.000 0.005 0.002 0.007 0.458 0.517 
  29 L _   0.005 0.011 0.000 0.008 0.003 0.008 0.444 0.521 
  30 S _   0.005 0.016 0.001 0.012 0.004 0.010 0.429 0.522 
  31 R _   0.006 0.024 0.001 0.018 0.006 0.012 0.412 0.522 
  32 L _   0.006 0.032 0.001 0.023 0.007 0.014 0.395 0.521 
  33 E _   0.007 0.040 0.001 0.028 0.009 0.015 0.379 0.521 
  34 E _   0.007 0.046 0.001 0.032 0.010 0.016 0.366 0.523 
  35 E _   0.008 0.050 0.001 0.033 0.010 0.017 0.354 0.528 
  36 G _   0.008 0.052 0.001 0.033 0.010 0.016 0.344 0.536 
  37 V _   0.009 0.052 0.001 0.031 0.009 0.016 0.336 0.547 
  38 V _   0.009 0.051 0.001 0.027 0.008 0.015 0.329 0.560 
  39 K _   0.009 0.049 0.001 0.023 0.007 0.014 0.323 0.574 
  40 E _   0.009 0.045 0.001 0.019 0.007 0.013 0.317 0.588 
  41 I _   0.009 0.042 0.001 0.016 0.006 0.012 0.312 0.602 
  42 D _   0.009 0.038 0.001 0.014 0.005 0.012 0.308 0.614 
  43 I _   0.008 0.035 0.001 0.012 0.004 0.011 0.303 0.625 
  44 S _   0.008 0.032 0.000 0.012 0.004 0.010 0.299 0.634 
  45 H _   0.008 0.030 0.000 0.011 0.004 0.010 0.294 0.641 
  46 H _   0.008 0.029 0.000 0.011 0.004 0.010 0.290 0.648 
  47 V _   0.007 0.027 0.000 0.012 0.004 0.009 0.285 0.655 
  48 K _   0.007 0.026 0.000 0.012 0.004 0.009 0.281 0.662 
  49 E _   0.007 0.024 0.000 0.011 0.003 0.008 0.276 0.670 
  50 G _   0.006 0.022 0.000 0.010 0.003 0.008 0.271 0.679 
  51 F _   0.006 0.021 0.000 0.008 0.003 0.007 0.266 0.689 
  52 E _   0.005 0.019 0.000 0.007 0.002 0.007 0.260 0.699 
  53 K _   0.005 0.018 0.000 0.005 0.002 0.007 0.254 0.708 
  54 A _   0.005 0.018 0.000 0.005 0.002 0.008 0.247 0.716 
  55 D _   0.006 0.019 0.000 0.005 0.002 0.009 0.239 0.720 
  56 P _   0.007 0.023 0.000 0.006 0.003 0.011 0.230 0.720 
  57 S _   0.008 0.030 0.001 0.009 0.005 0.014 0.220 0.713 
  58 Q _   0.010 0.046 0.001 0.014 0.008 0.018 0.207 0.695 
  59 F _   0.012 0.073 0.001 0.023 0.011 0.022 0.193 0.665 
  60 E _   0.013 0.105 0.002 0.032 0.015 0.025 0.178 0.630 
  61 L _   0.014 0.134 0.002 0.041 0.017 0.027 0.164 0.601 
  62 L _   0.014 0.154 0.002 0.048 0.018 0.028 0.153 0.583 
  63 K _   0.015 0.166 0.001 0.050 0.019 0.028 0.144 0.576 
  64 V _   0.015 0.171 0.001 0.048 0.018 0.028 0.137 0.581 
  65 L _   0.015 0.171 0.001 0.043 0.017 0.027 0.131 0.595 
  66 G _   0.015 0.167 0.001 0.036 0.015 0.026 0.126 0.614 
  67 Q _   0.016 0.158 0.001 0.029 0.014 0.025 0.122 0.635 
  68 G _   0.016 0.149 0.001 0.023 0.012 0.024 0.119 0.656 
  69 S _   0.017 0.139 0.001 0.020 0.011 0.023 0.116 0.674 
  70 Y _   0.017 0.132 0.001 0.018 0.010 0.023 0.113 0.686 
  71 G _   0.017 0.126 0.001 0.018 0.010 0.022 0.111 0.694 
  72 K _   0.018 0.121 0.001 0.020 0.010 0.022 0.109 0.700 
  73 V _   0.017 0.117 0.001 0.022 0.010 0.021 0.107 0.705 
  74 F _   0.017 0.112 0.001 0.023 0.010 0.020 0.105 0.713 
  75 L _   0.016 0.104 0.001 0.023 0.009 0.018 0.104 0.724 
  76 V _   0.015 0.094 0.001 0.021 0.008 0.016 0.103 0.741 
  77 R _   0.013 0.081 0.001 0.018 0.007 0.015 0.102 0.763 
  78 K _   0.012 0.066 0.001 0.015 0.006 0.013 0.101 0.787 
  79 V _   0.010 0.052 0.001 0.011 0.005 0.012 0.100 0.810 
  80 K _   0.009 0.040 0.000 0.008 0.004 0.011 0.099 0.829 
  81 G _   0.009 0.033 0.000 0.006 0.003 0.010 0.097 0.841 
  82 S _   0.009 0.030 0.000 0.005 0.003 0.011 0.095 0.848 
  83 D _   0.009 0.029 0.000 0.005 0.003 0.012 0.094 0.848 
  84 A _   0.010 0.030 0.000 0.006 0.004 0.014 0.091 0.844 
  85 G _   0.012 0.034 0.001 0.009 0.005 0.016 0.089 0.835 
  86 Q _   0.014 0.040 0.001 0.013 0.007 0.018 0.086 0.820 
  87 L _   0.015 0.049 0.001 0.018 0.009 0.021 0.083 0.803 
  88 Y _   0.017 0.058 0.001 0.024 0.012 0.023 0.080 0.786 
  89 A _   0.017 0.065 0.001 0.029 0.013 0.024 0.077 0.773 
  90 M _   0.018 0.070 0.001 0.033 0.014 0.024 0.075 0.765 
  91 K _   0.018 0.073 0.001 0.034 0.015 0.024 0.073 0.762 
  92 V _   0.019 0.072 0.001 0.033 0.014 0.024 0.072 0.765 
  93 L _   0.018 0.070 0.001 0.031 0.013 0.022 0.071 0.773 
  94 K _   0.018 0.065 0.001 0.028 0.012 0.021 0.070 0.785 
  95 K _   0.017 0.059 0.001 0.024 0.011 0.020 0.070 0.799 
  96 A _   0.016 0.050 0.001 0.021 0.009 0.018 0.070 0.815 
  97 T _   0.015 0.041 0.001 0.017 0.008 0.017 0.070 0.831 
  98 L _   0.014 0.033 0.001 0.014 0.006 0.015 0.070 0.846 
  99 K _   0.013 0.025 0.001 0.012 0.005 0.014 0.070 0.860 
 100 V _   0.012 0.019 0.001 0.010 0.005 0.013 0.070 0.871 
 101 R _   0.012 0.013 0.001 0.008 0.004 0.012 0.070 0.880 
 102 D _   0.011 0.010 0.000 0.007 0.004 0.012 0.069 0.888 
 103 R _   0.011 0.007 0.000 0.006 0.003 0.011 0.068 0.892 
 104 V _   0.011 0.006 0.000 0.006 0.003 0.012 0.068 0.895 
 105 R _   0.011 0.004 0.000 0.006 0.004 0.012 0.067 0.896 
 106 S _   0.012 0.004 0.000 0.006 0.004 0.014 0.065 0.895 
 107 K _   0.013 0.004 0.001 0.007 0.005 0.015 0.064 0.892 
 108 M _   0.015 0.004 0.001 0.008 0.006 0.017 0.063 0.887 
 109 E _   0.017 0.004 0.001 0.010 0.007 0.019 0.061 0.881 
 110 R _   0.020 0.005 0.001 0.012 0.008 0.021 0.060 0.874 
 111 D _   0.023 0.005 0.001 0.013 0.009 0.023 0.058 0.867 
 112 I _   0.026 0.005 0.001 0.014 0.010 0.024 0.057 0.862 
 113 L _   0.029 0.005 0.001 0.014 0.011 0.026 0.056 0.858 
 114 A _   0.033 0.005 0.001 0.014 0.011 0.027 0.055 0.855 
 115 E _   0.036 0.004 0.001 0.012 0.012 0.028 0.054 0.853 
 116 V _   0.039 0.004 0.001 0.011 0.011 0.029 0.053 0.852 
 117 N _   0.042 0.003 0.001 0.009 0.011 0.030 0.052 0.851 
 118 H _   0.046 0.003 0.001 0.009 0.011 0.031 0.052 0.848 
 119 P _   0.049 0.002 0.001 0.008 0.012 0.032 0.051 0.844 
 120 F _   0.053 0.002 0.001 0.009 0.012 0.033 0.050 0.839 
 121 I _   0.055 0.002 0.001 0.009 0.013 0.034 0.050 0.835 
 122 V _   0.057 0.002 0.001 0.010 0.014 0.035 0.050 0.831 
 123 K _   0.057 0.002 0.001 0.011 0.014 0.035 0.049 0.830 
 124 L _   0.057 0.002 0.001 0.011 0.014 0.035 0.049 0.831 
 125 H _   0.055 0.002 0.001 0.011 0.013 0.034 0.049 0.835 
 126 Y _   0.054 0.002 0.001 0.010 0.012 0.034 0.049 0.840 
 127 A _   0.052 0.002 0.001 0.008 0.011 0.033 0.048 0.845 
 128 F _   0.051 0.001 0.001 0.007 0.010 0.033 0.048 0.849 
 129 Q _   0.052 0.001 0.001 0.006 0.010 0.033 0.047 0.850 
 130 T _   0.054 0.001 0.001 0.005 0.010 0.034 0.047 0.848 
 131 E _   0.057 0.001 0.001 0.006 0.011 0.035 0.047 0.842 
 132 G _   0.062 0.002 0.001 0.006 0.013 0.037 0.046 0.833 
 133 K _   0.067 0.003 0.001 0.008 0.015 0.039 0.046 0.821 
 134 L _   0.072 0.004 0.001 0.010 0.018 0.041 0.046 0.807 
 135 Y _   0.077 0.006 0.001 0.013 0.021 0.042 0.046 0.793 
 136 L _   0.079 0.008 0.002 0.017 0.024 0.043 0.046 0.782 
 137 I _   0.079 0.010 0.002 0.020 0.025 0.043 0.046 0.776 
 138 L _   0.077 0.011 0.002 0.022 0.025 0.042 0.046 0.775 
 139 D _   0.074 0.012 0.002 0.022 0.024 0.040 0.047 0.780 
 140 F _   0.069 0.011 0.002 0.021 0.021 0.037 0.048 0.792 
 141 L _   0.062 0.010 0.001 0.019 0.018 0.033 0.049 0.807 
 142 R _   0.055 0.008 0.001 0.016 0.015 0.030 0.050 0.825 
 143 G _   0.047 0.007 0.001 0.013 0.012 0.027 0.051 0.843 
 144 G _   0.041 0.005 0.001 0.010 0.009 0.024 0.052 0.859 
 145 D _   0.036 0.003 0.001 0.008 0.007 0.021 0.052 0.871 
 146 L _   0.032 0.002 0.001 0.007 0.006 0.019 0.053 0.880 
 147 F _   0.028 0.002 0.001 0.006 0.005 0.018 0.053 0.887 
 148 T _   0.025 0.001 0.001 0.006 0.005 0.017 0.054 0.891 
 149 R _   0.024 0.001 0.001 0.006 0.005 0.017 0.054 0.892 
 150 L _   0.023 0.001 0.001 0.007 0.005 0.017 0.054 0.892 
 151 S _   0.023 0.001 0.001 0.007 0.006 0.017 0.054 0.891 
 152 K _   0.024 0.001 0.001 0.008 0.006 0.018 0.054 0.888 
 153 E _   0.025 0.001 0.001 0.008 0.006 0.018 0.054 0.886 
 154 V _   0.027 0.001 0.001 0.008 0.006 0.019 0.054 0.884 
 155 M _   0.030 0.001 0.001 0.007 0.006 0.020 0.054 0.882 
 156 F _   0.034 0.001 0.001 0.006 0.006 0.020 0.054 0.879 
 157 T _   0.039 0.000 0.001 0.005 0.006 0.022 0.053 0.875 
 158 E _   0.046 0.000 0.001 0.004 0.006 0.024 0.052 0.866 
 159 E _   0.056 0.000 0.001 0.003 0.007 0.027 0.052 0.854 
 160 D _   0.071 0.000 0.001 0.003 0.008 0.031 0.051 0.835 
 161 V _   0.089 0.000 0.001 0.004 0.011 0.037 0.050 0.808 
 162 K _   0.111 0.001 0.001 0.005 0.016 0.043 0.049 0.775 
 163 F _   0.132 0.001 0.001 0.007 0.022 0.049 0.048 0.739 
 164 Y _   0.152 0.003 0.002 0.011 0.028 0.053 0.048 0.704 
 165 L _   0.167 0.004 0.002 0.015 0.033 0.057 0.048 0.674 
 166 A _   0.176 0.006 0.002 0.019 0.036 0.058 0.048 0.655 
 167 E _   0.180 0.007 0.002 0.021 0.037 0.057 0.049 0.648 
 168 L _   0.179 0.006 0.002 0.020 0.035 0.055 0.049 0.653 
 169 A _   0.174 0.006 0.002 0.017 0.031 0.051 0.050 0.669 
 170 L _   0.166 0.004 0.002 0.012 0.026 0.048 0.051 0.691 
 171 A _   0.156 0.003 0.001 0.009 0.021 0.044 0.052 0.714 
 172 L _   0.143 0.002 0.001 0.006 0.017 0.040 0.054 0.737 
 173 D _   0.131 0.001 0.001 0.005 0.014 0.037 0.055 0.755 
 174 H _   0.121 0.001 0.001 0.005 0.013 0.035 0.056 0.768 
 175 L _   0.111 0.002 0.001 0.006 0.012 0.034 0.058 0.776 
 176 H _   0.103 0.003 0.001 0.009 0.013 0.033 0.059 0.780 
 177 S _   0.094 0.004 0.001 0.013 0.014 0.032 0.061 0.782 
 178 L _   0.084 0.006 0.001 0.017 0.015 0.030 0.063 0.784 
 179 G _   0.074 0.007 0.001 0.021 0.014 0.028 0.065 0.790 
 180 I _   0.063 0.008 0.001 0.022 0.013 0.025 0.068 0.800 
 181 I _   0.052 0.008 0.001 0.021 0.011 0.022 0.070 0.814 
 182 Y _   0.042 0.007 0.001 0.019 0.009 0.018 0.072 0.831 
 183 R _   0.033 0.006 0.001 0.015 0.007 0.015 0.075 0.849 
 184 D _   0.025 0.005 0.001 0.011 0.005 0.012 0.077 0.865 
 185 L _   0.018 0.003 0.000 0.008 0.003 0.010 0.079 0.878 
 186 K _   0.014 0.002 0.000 0.005 0.003 0.008 0.080 0.887 
 187 P _   0.011 0.002 0.000 0.004 0.002 0.007 0.081 0.893 
 188 E _   0.008 0.002 0.000 0.004 0.002 0.007 0.081 0.896 
 189 N _   0.007 0.003 0.000 0.003 0.002 0.006 0.081 0.897 
 190 I _   0.007 0.004 0.000 0.004 0.002 0.007 0.081 0.895 
 191 L _   0.007 0.006 0.000 0.005 0.002 0.008 0.080 0.892 
 192 L _   0.007 0.010 0.000 0.007 0.003 0.009 0.079 0.885 
 193 D _   0.008 0.017 0.000 0.009 0.004 0.010 0.077 0.875 
 194 E _   0.008 0.026 0.001 0.012 0.005 0.012 0.075 0.861 
 195 E _   0.009 0.039 0.001 0.016 0.006 0.014 0.073 0.843 
 196 G _   0.009 0.053 0.001 0.020 0.007 0.016 0.071 0.823 
 197 H _   0.010 0.068 0.001 0.025 0.009 0.017 0.069 0.803 
 198 I _   0.010 0.082 0.001 0.030 0.010 0.018 0.067 0.782 
 199 K _   0.011 0.095 0.001 0.036 0.011 0.019 0.065 0.763 
 200 I _   0.011 0.104 0.001 0.040 0.012 0.019 0.064 0.749 
 201 T _   0.011 0.110 0.001 0.044 0.012 0.019 0.063 0.739 
 202 D _   0.011 0.112 0.001 0.046 0.012 0.018 0.063 0.736 
 203 F _   0.011 0.111 0.001 0.045 0.011 0.017 0.063 0.739 
 204 G _   0.011 0.106 0.001 0.042 0.010 0.016 0.064 0.749 
 205 L _   0.010 0.097 0.001 0.037 0.009 0.015 0.065 0.766 
 206 S _   0.010 0.083 0.001 0.030 0.007 0.013 0.067 0.789 
 207 K _   0.009 0.066 0.001 0.022 0.006 0.011 0.068 0.817 
 208 E _   0.008 0.048 0.001 0.015 0.004 0.010 0.070 0.845 
 209 A _   0.007 0.033 0.000 0.009 0.003 0.008 0.071 0.869 
 210 I _   0.006 0.023 0.000 0.006 0.002 0.007 0.071 0.885 
 211 D _   0.005 0.018 0.000 0.004 0.002 0.007 0.070 0.894 
 212 H _   0.005 0.016 0.000 0.003 0.001 0.008 0.069 0.897 
 213 D _   0.006 0.017 0.000 0.003 0.002 0.009 0.068 0.895 
 214 K _   0.008 0.020 0.000 0.005 0.003 0.013 0.066 0.885 
 215 R _   0.012 0.031 0.001 0.008 0.006 0.018 0.063 0.862 
 216 A _   0.016 0.059 0.001 0.016 0.010 0.024 0.058 0.815 
 217 Y _   0.019 0.115 0.002 0.027 0.017 0.030 0.052 0.738 
 218 S _   0.020 0.194 0.002 0.040 0.023 0.034 0.045 0.642 
 219 F _   0.020 0.270 0.002 0.052 0.026 0.035 0.039 0.555 
 220 C _   0.019 0.327 0.002 0.061 0.028 0.035 0.034 0.493 
 221 G _   0.019 0.361 0.002 0.067 0.028 0.035 0.030 0.458 
 222 T _   0.019 0.379 0.002 0.069 0.028 0.034 0.028 0.442 
 223 I _   0.019 0.386 0.002 0.069 0.027 0.033 0.026 0.439 
 224 E _   0.019 0.385 0.002 0.066 0.026 0.031 0.025 0.448 
 225 Y _   0.019 0.375 0.002 0.060 0.024 0.029 0.024 0.467 
 226 M _   0.018 0.357 0.002 0.054 0.022 0.027 0.023 0.496 
 227 A _   0.018 0.328 0.002 0.048 0.020 0.026 0.023 0.536 
 228 P _   0.018 0.289 0.002 0.042 0.017 0.024 0.023 0.585 
 229 E _   0.018 0.242 0.002 0.036 0.015 0.022 0.024 0.641 
 230 V _   0.018 0.192 0.002 0.030 0.013 0.020 0.024 0.700 
 231 V _   0.018 0.144 0.001 0.025 0.011 0.019 0.024 0.758 
 232 N _   0.018 0.099 0.001 0.020 0.009 0.017 0.024 0.812 
 233 R _   0.019 0.061 0.001 0.015 0.007 0.015 0.024 0.858 
 234 R _   0.021 0.033 0.001 0.011 0.005 0.013 0.024 0.892 
 235 G _   0.025 0.015 0.001 0.007 0.004 0.012 0.023 0.913 
 236 H _   0.033 0.006 0.000 0.004 0.003 0.011 0.022 0.920 
 237 T _   0.048 0.002 0.000 0.003 0.003 0.010 0.021 0.913 
 238 Q _   0.074 0.000 0.000 0.002 0.003 0.010 0.019 0.890 
 239 S _   0.121 0.000 0.001 0.001 0.004 0.011 0.017 0.845 
 240 A _   0.194 0.000 0.001 0.001 0.005 0.012 0.015 0.772 
 241 D _   0.298 0.000 0.001 0.001 0.007 0.014 0.012 0.668 
 242 W _   0.428 0.000 0.001 0.001 0.010 0.015 0.009 0.535 
 243 W H   0.559 0.000 0.001 0.001 0.014 0.016 0.007 0.401 
 244 S H   0.674 0.000 0.001 0.001 0.018 0.017 0.005 0.284 
 245 F H   0.761 0.000 0.001 0.001 0.020 0.016 0.004 0.197 
 246 G H   0.818 0.000 0.001 0.001 0.022 0.015 0.003 0.139 
 247 V H   0.854 0.000 0.001 0.001 0.023 0.013 0.003 0.104 
 248 L H   0.872 0.000 0.001 0.001 0.023 0.012 0.003 0.087 
 249 M H   0.876 0.000 0.001 0.001 0.023 0.011 0.004 0.084 
 250 F H   0.867 0.000 0.001 0.001 0.023 0.011 0.004 0.091 
 251 E H   0.843 0.000 0.002 0.002 0.024 0.011 0.006 0.114 
 252 M H   0.796 0.000 0.002 0.002 0.023 0.011 0.007 0.158 
 253 L H   0.721 0.000 0.002 0.003 0.022 0.012 0.010 0.230 
 254 T H   0.618 0.000 0.002 0.003 0.018 0.012 0.015 0.331 
 255 G H   0.496 0.000 0.002 0.004 0.014 0.011 0.021 0.453 
 256 S _   0.373 0.000 0.001 0.004 0.010 0.010 0.027 0.575 
 257 L _   0.258 0.000 0.001 0.003 0.006 0.009 0.033 0.689 
 258 P _   0.166 0.000 0.001 0.003 0.004 0.008 0.039 0.781 
 259 F _   0.099 0.000 0.000 0.002 0.003 0.006 0.042 0.847 
 260 Q _   0.056 0.000 0.000 0.002 0.002 0.006 0.045 0.890 
 261 G _   0.032 0.000 0.000 0.001 0.001 0.006 0.046 0.913 
 262 K _   0.021 0.000 0.000 0.001 0.001 0.006 0.047 0.922 
 263 D _   0.016 0.001 0.000 0.002 0.002 0.008 0.048 0.923 
 264 R _   0.016 0.003 0.000 0.003 0.003 0.012 0.048 0.915 
 265 K _   0.018 0.011 0.001 0.007 0.005 0.017 0.048 0.893 
 266 E _   0.020 0.032 0.001 0.015 0.010 0.023 0.047 0.852 
 267 T _   0.022 0.071 0.001 0.026 0.014 0.027 0.046 0.792 
 268 M _   0.022 0.118 0.002 0.040 0.018 0.030 0.044 0.725 
 269 A _   0.021 0.154 0.002 0.052 0.021 0.032 0.043 0.675 
 270 L _   0.021 0.176 0.002 0.059 0.022 0.032 0.043 0.647 
 271 I _   0.020 0.187 0.002 0.061 0.021 0.031 0.043 0.635 
 272 L _   0.019 0.189 0.002 0.059 0.021 0.030 0.043 0.638 
 273 K _   0.019 0.186 0.001 0.052 0.019 0.028 0.044 0.651 
 274 A _   0.018 0.176 0.001 0.043 0.016 0.026 0.046 0.674 
 275 K _   0.017 0.160 0.001 0.033 0.014 0.024 0.048 0.703 
 276 L _   0.017 0.140 0.001 0.024 0.011 0.022 0.050 0.734 
 277 G _   0.017 0.120 0.001 0.017 0.009 0.021 0.052 0.763 
 278 M _   0.016 0.104 0.001 0.013 0.007 0.020 0.054 0.785 
 279 P _   0.016 0.094 0.001 0.010 0.006 0.019 0.056 0.799 
 280 Q _   0.016 0.088 0.001 0.008 0.005 0.019 0.057 0.806 
 281 F _   0.016 0.085 0.001 0.008 0.005 0.019 0.058 0.807 
 282 L _   0.016 0.085 0.001 0.009 0.006 0.020 0.059 0.804 
 283 S _   0.017 0.087 0.001 0.011 0.007 0.021 0.060 0.797 
 284 G _   0.017 0.090 0.001 0.014 0.009 0.022 0.061 0.786 
 285 E _   0.018 0.095 0.001 0.018 0.010 0.023 0.061 0.773 
 286 A _   0.019 0.101 0.001 0.024 0.012 0.023 0.062 0.759 
 287 Q _   0.019 0.105 0.001 0.028 0.013 0.023 0.063 0.747 
 288 S _   0.020 0.107 0.001 0.032 0.014 0.023 0.065 0.738 
 289 L _   0.019 0.106 0.001 0.035 0.014 0.022 0.067 0.736 
 290 L _   0.019 0.102 0.001 0.035 0.013 0.021 0.069 0.740 
 291 R _   0.017 0.095 0.001 0.032 0.012 0.019 0.072 0.751 
 292 A _   0.016 0.084 0.001 0.028 0.010 0.017 0.076 0.768 
 293 L _   0.015 0.069 0.001 0.022 0.008 0.015 0.079 0.791 
 294 F _   0.013 0.052 0.001 0.016 0.006 0.013 0.083 0.815 
 295 K _   0.012 0.037 0.001 0.011 0.005 0.011 0.087 0.837 
 296 R _   0.010 0.026 0.000 0.008 0.003 0.010 0.089 0.853 
 297 N _   0.009 0.020 0.000 0.006 0.003 0.009 0.092 0.862 
 298 P _   0.008 0.017 0.000 0.005 0.002 0.008 0.093 0.865 
 299 C _   0.008 0.016 0.000 0.005 0.002 0.008 0.095 0.865 
 300 N _   0.008 0.016 0.000 0.006 0.003 0.008 0.096 0.863 
 301 R _   0.008 0.018 0.000 0.007 0.003 0.009 0.097 0.857 
 302 L _   0.009 0.020 0.000 0.009 0.004 0.010 0.098 0.850 
 303 G _   0.009 0.023 0.001 0.011 0.004 0.011 0.098 0.843 
 304 A _   0.008 0.026 0.001 0.013 0.005 0.011 0.099 0.837 
 305 G _   0.008 0.028 0.001 0.014 0.005 0.011 0.100 0.834 
 306 I _   0.008 0.030 0.001 0.013 0.005 0.012 0.101 0.831 
 307 D _   0.008 0.032 0.001 0.012 0.005 0.012 0.101 0.829 
 308 G _   0.008 0.033 0.001 0.011 0.004 0.013 0.102 0.828 
 309 V _   0.008 0.035 0.001 0.010 0.004 0.013 0.103 0.825 
 310 E _   0.009 0.038 0.001 0.009 0.005 0.015 0.103 0.820 
 311 E _   0.010 0.042 0.001 0.009 0.005 0.017 0.104 0.812 
 312 I _   0.012 0.048 0.001 0.011 0.007 0.019 0.105 0.799 
 313 K _   0.014 0.057 0.001 0.013 0.008 0.022 0.105 0.780 
 314 R _   0.015 0.071 0.001 0.016 0.011 0.024 0.106 0.756 
 315 H _   0.017 0.088 0.001 0.021 0.013 0.027 0.106 0.726 
 316 P _   0.018 0.108 0.001 0.027 0.016 0.029 0.107 0.694 
 317 F _   0.020 0.126 0.001 0.033 0.018 0.030 0.108 0.664 
 318 F _   0.020 0.140 0.001 0.038 0.019 0.030 0.110 0.641 
 319 V _   0.020 0.150 0.001 0.042 0.020 0.030 0.113 0.623 
 320 T _   0.020 0.156 0.001 0.044 0.020 0.029 0.116 0.613 
 321 I _   0.020 0.158 0.001 0.045 0.019 0.028 0.120 0.609 
 322 D _   0.020 0.155 0.001 0.044 0.018 0.026 0.125 0.611 
 323 W _   0.020 0.149 0.001 0.041 0.016 0.024 0.131 0.619 
 324 N _   0.019 0.139 0.001 0.036 0.014 0.022 0.138 0.631 
 325 T _   0.018 0.124 0.001 0.032 0.012 0.019 0.146 0.648 
 326 L _   0.016 0.106 0.001 0.027 0.010 0.017 0.155 0.668 
 327 Y _   0.015 0.086 0.001 0.022 0.008 0.015 0.164 0.690 
 328 R _   0.013 0.066 0.001 0.017 0.006 0.013 0.173 0.711 
 329 K _   0.012 0.050 0.001 0.013 0.005 0.011 0.181 0.728 
 330 E _   0.010 0.037 0.000 0.010 0.004 0.009 0.188 0.742 
 331 I _   0.009 0.028 0.000 0.008 0.003 0.008 0.193 0.752 
 332 K _   0.007 0.022 0.000 0.006 0.002 0.007 0.198 0.757 
 333 P _   0.006 0.018 0.000 0.005 0.002 0.006 0.201 0.761 
 334 P _   0.006 0.016 0.000 0.005 0.002 0.006 0.204 0.762 
 335 F _   0.005 0.015 0.000 0.005 0.002 0.006 0.206 0.761 
 336 K _   0.005 0.015 0.000 0.005 0.002 0.006 0.207 0.760 
 337 P _   0.005 0.016 0.000 0.006 0.002 0.006 0.208 0.757 
 338 A _   0.005 0.018 0.000 0.007 0.002 0.006 0.209 0.753 
 339 V _   0.005 0.020 0.000 0.009 0.002 0.007 0.209 0.748 
 340 G _   0.005 0.023 0.000 0.010 0.003 0.007 0.209 0.743 
 341 R _   0.005 0.026 0.000 0.011 0.003 0.008 0.209 0.738 
 342 P _   0.005 0.030 0.000 0.013 0.003 0.008 0.208 0.733 
 343 E _   0.005 0.033 0.000 0.014 0.004 0.009 0.208 0.728 
 344 D _   0.005 0.036 0.000 0.015 0.004 0.009 0.207 0.724 
 345 T _   0.005 0.039 0.000 0.016 0.004 0.009 0.207 0.719 
 346 F _   0.005 0.042 0.000 0.018 0.004 0.010 0.207 0.714 
 347 H _   0.005 0.045 0.001 0.020 0.005 0.010 0.207 0.708 
 348 F _   0.006 0.047 0.001 0.022 0.005 0.011 0.208 0.701 
 349 D _   0.006 0.049 0.001 0.025 0.006 0.011 0.209 0.695 
 350 P _   0.006 0.050 0.001 0.027 0.006 0.011 0.210 0.689 
 351 E _   0.007 0.050 0.001 0.028 0.006 0.011 0.212 0.685 
 352 F _   0.007 0.048 0.001 0.028 0.006 0.011 0.215 0.684 
 353 T _   0.007 0.045 0.001 0.027 0.006 0.010 0.218 0.687 
 354 A _   0.007 0.040 0.001 0.024 0.005 0.010 0.222 0.692 
 355 R _   0.006 0.033 0.001 0.020 0.004 0.009 0.225 0.701 
 356 T _   0.006 0.025 0.000 0.016 0.003 0.008 0.229 0.712 
 357 P _   0.005 0.018 0.000 0.011 0.003 0.007 0.233 0.723 
 358 T _   0.005 0.011 0.000 0.008 0.002 0.006 0.236 0.732 
 359 D _   0.004 0.006 0.000 0.005 0.002 0.005 0.238 0.739 
 360 S _   0.004 0.003 0.000 0.004 0.001 0.004 0.239 0.744 
 361 P _   0.003 0.002 0.000 0.003 0.001 0.004 0.239 0.748 
 362 G _   0.004 0.001 0.000 0.002 0.001 0.005 0.238 0.749 
 363 V _   0.004 0.001 0.000 0.002 0.001 0.006 0.236 0.750 
 364 P _   0.006 0.000 0.000 0.002 0.001 0.008 0.233 0.748 
 365 P _   0.009 0.001 0.000 0.003 0.002 0.012 0.229 0.744 
 366 S _   0.016 0.001 0.000 0.004 0.003 0.019 0.223 0.733 
 367 A _   0.029 0.002 0.001 0.005 0.006 0.028 0.216 0.714 
 368 N _   0.048 0.004 0.001 0.007 0.011 0.040 0.206 0.682 
 369 A _   0.076 0.009 0.001 0.010 0.021 0.054 0.195 0.634 
 370 H _   0.109 0.017 0.002 0.013 0.035 0.069 0.182 0.573 
 371 H _   0.146 0.031 0.003 0.016 0.052 0.081 0.169 0.502 
 372 L _   0.180 0.048 0.003 0.020 0.070 0.090 0.157 0.432 
 373 F _   0.208 0.067 0.003 0.023 0.083 0.095 0.147 0.373 
 374 R _   0.230 0.085 0.003 0.026 0.092 0.095 0.140 0.328 
 375 G _   0.245 0.099 0.003 0.030 0.096 0.092 0.134 0.299 
 376 F _   0.256 0.109 0.003 0.032 0.096 0.088 0.131 0.286 
 377 S _   0.260 0.114 0.003 0.033 0.092 0.081 0.129 0.288 
 378 F _   0.257 0.115 0.003 0.035 0.084 0.074 0.128 0.304 
 379 V _   0.247 0.113 0.003 0.035 0.074 0.067 0.128 0.333 
 380 A _   0.229 0.106 0.003 0.034 0.062 0.059 0.130 0.378 
 381 S _   0.205 0.094 0.003 0.031 0.048 0.050 0.132 0.437 
 382 S _   0.177 0.077 0.002 0.026 0.035 0.042 0.135 0.505 
 383 L _   0.145 0.056 0.002 0.021 0.024 0.034 0.139 0.580 
 384 I _   0.112 0.035 0.001 0.015 0.014 0.026 0.142 0.653 
 385 Q _   0.082 0.019 0.001 0.010 0.008 0.020 0.145 0.715 
 386 E _   0.057 0.009 0.001 0.006 0.005 0.015 0.147 0.760 
 387 P _   0.038 0.005 0.000 0.004 0.003 0.012 0.147 0.791 
 388 S _   0.025 0.002 0.000 0.003 0.002 0.009 0.147 0.811 
 389 Q _   0.017 0.002 0.000 0.002 0.002 0.008 0.146 0.822 
 390 Q _   0.013 0.002 0.000 0.002 0.002 0.008 0.145 0.828 
 391 D _   0.011 0.002 0.000 0.003 0.002 0.009 0.143 0.830 
 392 L _   0.011 0.005 0.000 0.004 0.002 0.011 0.140 0.827 
 393 H _   0.012 0.010 0.000 0.006 0.004 0.013 0.137 0.818 
 394 K _   0.013 0.021 0.001 0.010 0.006 0.016 0.132 0.801 
 395 V _   0.014 0.041 0.001 0.016 0.008 0.019 0.127 0.774 
 396 P _   0.015 0.068 0.001 0.024 0.011 0.021 0.121 0.740 
 397 V _   0.015 0.095 0.001 0.031 0.013 0.022 0.115 0.707 
 398 H _   0.015 0.118 0.001 0.037 0.015 0.023 0.110 0.681 
 399 P _   0.015 0.134 0.001 0.042 0.016 0.023 0.106 0.663 
 400 I _   0.015 0.144 0.001 0.044 0.016 0.023 0.104 0.654 
 401 V _   0.014 0.148 0.001 0.044 0.015 0.022 0.102 0.653 
 402 Q _   0.014 0.148 0.001 0.041 0.014 0.020 0.100 0.661 
 403 Q _   0.013 0.145 0.001 0.036 0.012 0.019 0.100 0.675 
 404 L _   0.012 0.137 0.001 0.030 0.010 0.017 0.099 0.694 
 405 H _   0.011 0.127 0.001 0.024 0.008 0.015 0.099 0.715 
 406 G _   0.010 0.116 0.001 0.019 0.006 0.013 0.099 0.736 
 407 N _   0.009 0.105 0.001 0.014 0.005 0.011 0.099 0.755 
 408 N _   0.008 0.097 0.001 0.011 0.004 0.010 0.099 0.770 
 409 I _   0.008 0.090 0.000 0.009 0.003 0.009 0.099 0.781 
 410 H _   0.007 0.086 0.000 0.008 0.003 0.008 0.098 0.789 
 411 F _   0.006 0.084 0.000 0.007 0.003 0.008 0.098 0.794 
 412 T _   0.006 0.083 0.000 0.007 0.003 0.008 0.096 0.796 
 413 D _   0.006 0.085 0.000 0.008 0.003 0.009 0.095 0.795 
 414 G _   0.006 0.089 0.000 0.008 0.003 0.009 0.093 0.792 
 415 Y _   0.006 0.094 0.000 0.009 0.004 0.010 0.090 0.786 
 416 E _   0.006 0.103 0.001 0.011 0.004 0.011 0.088 0.776 
 417 I _   0.007 0.116 0.001 0.013 0.005 0.012 0.085 0.762 
 418 K _   0.007 0.132 0.001 0.015 0.006 0.013 0.082 0.744 
 419 E _   0.007 0.152 0.001 0.018 0.007 0.015 0.078 0.722 
 420 D _   0.008 0.175 0.001 0.020 0.008 0.016 0.075 0.697 
 421 I _   0.008 0.200 0.001 0.024 0.010 0.017 0.071 0.669 
 422 G _   0.009 0.225 0.001 0.027 0.011 0.018 0.068 0.642 
 423 V _   0.009 0.248 0.001 0.030 0.012 0.019 0.065 0.617 
 424 G _   0.009 0.268 0.001 0.032 0.012 0.020 0.062 0.595 
 425 S _   0.009 0.283 0.001 0.035 0.013 0.020 0.060 0.578 
 426 Y _   0.010 0.294 0.001 0.036 0.014 0.020 0.059 0.567 
 427 S _   0.010 0.300 0.001 0.037 0.014 0.020 0.058 0.561 
 428 V _   0.010 0.302 0.001 0.036 0.013 0.019 0.057 0.561 
 429 C _   0.010 0.300 0.001 0.035 0.013 0.019 0.057 0.565 
 430 K _   0.010 0.295 0.001 0.033 0.012 0.018 0.057 0.575 
 431 R _   0.010 0.285 0.001 0.029 0.010 0.017 0.057 0.590 
 432 C _   0.010 0.272 0.001 0.025 0.009 0.016 0.058 0.608 
 433 V _   0.010 0.257 0.001 0.022 0.008 0.015 0.059 0.628 
 434 H _   0.010 0.241 0.001 0.019 0.007 0.015 0.060 0.648 
 435 K _   0.010 0.226 0.001 0.016 0.007 0.014 0.061 0.665 
 436 A _   0.010 0.214 0.001 0.015 0.006 0.014 0.062 0.679 
 437 T _   0.010 0.204 0.001 0.015 0.006 0.014 0.063 0.687 
 438 D _   0.010 0.197 0.001 0.017 0.006 0.014 0.064 0.692 
 439 T _   0.010 0.191 0.001 0.019 0.007 0.014 0.065 0.694 
 440 E _   0.011 0.185 0.001 0.022 0.007 0.014 0.066 0.695 
 441 Y _   0.011 0.178 0.001 0.024 0.007 0.014 0.068 0.697 
 442 A _   0.011 0.169 0.001 0.026 0.007 0.014 0.070 0.703 
 443 V _   0.011 0.156 0.001 0.026 0.007 0.013 0.072 0.714 
 444 K _   0.011 0.138 0.001 0.024 0.007 0.012 0.074 0.733 
 445 I _   0.010 0.114 0.001 0.021 0.006 0.011 0.077 0.761 
 446 I _   0.009 0.087 0.001 0.016 0.005 0.010 0.080 0.793 
 447 D _   0.008 0.063 0.001 0.011 0.003 0.008 0.082 0.824 
 448 K _   0.007 0.045 0.000 0.007 0.002 0.007 0.083 0.848 
 449 S _   0.006 0.034 0.000 0.004 0.002 0.006 0.083 0.864 
 450 K _   0.005 0.030 0.000 0.003 0.001 0.006 0.083 0.871 
 451 R _   0.005 0.029 0.000 0.003 0.001 0.007 0.083 0.872 
 452 D _   0.006 0.031 0.000 0.004 0.002 0.009 0.081 0.867 
 453 P _   0.007 0.039 0.000 0.007 0.003 0.012 0.079 0.852 
 454 S _   0.009 0.059 0.001 0.014 0.006 0.016 0.076 0.819 
 455 E _   0.011 0.100 0.001 0.025 0.010 0.020 0.071 0.763 
 456 E _   0.011 0.155 0.002 0.038 0.013 0.022 0.065 0.693 
 457 I _   0.011 0.206 0.002 0.051 0.016 0.024 0.060 0.631 
 458 E _   0.011 0.239 0.001 0.060 0.016 0.024 0.056 0.592 
 459 I _   0.011 0.257 0.001 0.064 0.017 0.024 0.053 0.573 
 460 L _   0.011 0.264 0.001 0.064 0.017 0.023 0.052 0.568 
 461 L _   0.010 0.263 0.001 0.061 0.016 0.022 0.051 0.575 
 462 R _   0.010 0.256 0.001 0.055 0.015 0.021 0.051 0.591 
 463 Y _   0.010 0.242 0.001 0.046 0.014 0.020 0.051 0.616 
 464 G _   0.010 0.220 0.001 0.038 0.012 0.019 0.051 0.648 
 465 Q _   0.010 0.194 0.001 0.031 0.011 0.018 0.053 0.682 
 466 H _   0.011 0.167 0.001 0.026 0.009 0.017 0.054 0.714 
 467 P _   0.011 0.143 0.001 0.023 0.008 0.016 0.055 0.743 
 468 N _   0.011 0.121 0.001 0.021 0.007 0.016 0.057 0.767 
 469 I _   0.011 0.101 0.001 0.019 0.007 0.015 0.058 0.788 
 470 I _   0.011 0.082 0.001 0.018 0.006 0.014 0.059 0.809 
 471 T _   0.010 0.064 0.001 0.016 0.006 0.014 0.060 0.830 
 472 L _   0.010 0.045 0.001 0.013 0.005 0.013 0.061 0.851 
 473 K _   0.010 0.029 0.001 0.010 0.004 0.013 0.062 0.872 
 474 D _   0.010 0.016 0.000 0.007 0.003 0.013 0.062 0.888 
 475 V _   0.011 0.008 0.000 0.005 0.003 0.013 0.062 0.897 
 476 Y _   0.014 0.004 0.000 0.003 0.003 0.015 0.062 0.899 
 477 D _   0.019 0.002 0.000 0.003 0.003 0.018 0.061 0.893 
 478 D _   0.028 0.002 0.000 0.003 0.004 0.023 0.060 0.878 
 479 G _   0.043 0.003 0.001 0.004 0.007 0.031 0.059 0.853 
 480 K _   0.062 0.005 0.001 0.006 0.013 0.041 0.057 0.814 
 481 F _   0.084 0.011 0.001 0.011 0.022 0.052 0.055 0.764 
 482 V _   0.104 0.022 0.002 0.018 0.033 0.062 0.053 0.706 
 483 Y _   0.120 0.037 0.002 0.027 0.044 0.069 0.051 0.650 
 484 L _   0.132 0.050 0.003 0.035 0.051 0.073 0.050 0.606 
 485 V _   0.140 0.059 0.003 0.041 0.054 0.074 0.050 0.579 
 486 M _   0.143 0.064 0.003 0.043 0.055 0.073 0.049 0.570 
 487 E _   0.142 0.064 0.003 0.041 0.053 0.070 0.050 0.578 
 488 L _   0.137 0.061 0.003 0.036 0.048 0.066 0.050 0.599 
 489 M _   0.128 0.055 0.002 0.029 0.041 0.061 0.051 0.632 
 490 R _   0.117 0.046 0.002 0.023 0.033 0.055 0.053 0.671 
 491 G _   0.103 0.037 0.002 0.017 0.026 0.050 0.054 0.711 
 492 G _   0.089 0.029 0.001 0.014 0.020 0.044 0.056 0.747 
 493 E _   0.076 0.024 0.001 0.012 0.015 0.040 0.057 0.775 
 494 L _   0.064 0.021 0.001 0.011 0.013 0.036 0.058 0.796 
 495 L _   0.054 0.019 0.001 0.012 0.011 0.032 0.060 0.811 
 496 D _   0.046 0.018 0.001 0.013 0.010 0.029 0.061 0.824 
 497 R _   0.039 0.017 0.001 0.014 0.009 0.026 0.062 0.833 
 498 I _   0.032 0.015 0.001 0.015 0.008 0.024 0.062 0.842 
 499 L _   0.027 0.014 0.001 0.014 0.008 0.021 0.063 0.852 
 500 R _   0.023 0.012 0.001 0.013 0.007 0.019 0.064 0.861 
 501 Q _   0.019 0.010 0.001 0.011 0.006 0.017 0.065 0.872 
 502 R _   0.017 0.007 0.001 0.009 0.005 0.015 0.066 0.881 
 503 Y _   0.015 0.006 0.000 0.007 0.004 0.014 0.066 0.889 
 504 F _   0.013 0.004 0.000 0.005 0.003 0.014 0.066 0.894 
 505 S _   0.013 0.004 0.000 0.004 0.003 0.014 0.066 0.896 
 506 E _   0.014 0.004 0.000 0.004 0.003 0.015 0.066 0.894 
 507 R _   0.016 0.005 0.000 0.004 0.004 0.018 0.065 0.887 
 508 E _   0.020 0.008 0.001 0.006 0.006 0.021 0.064 0.873 
 509 A _   0.024 0.016 0.001 0.010 0.010 0.026 0.063 0.851 
 510 S _   0.029 0.030 0.001 0.016 0.015 0.031 0.062 0.816 
 511 D _   0.034 0.052 0.002 0.025 0.021 0.036 0.060 0.772 
 512 V _   0.037 0.075 0.002 0.035 0.026 0.039 0.058 0.727 
 513 L _   0.039 0.095 0.002 0.045 0.029 0.041 0.057 0.692 
 514 C _   0.040 0.106 0.002 0.051 0.031 0.041 0.057 0.672 
 515 T _   0.040 0.112 0.002 0.053 0.030 0.040 0.057 0.666 
 516 I _   0.039 0.113 0.002 0.051 0.028 0.038 0.057 0.672 
 517 T _   0.036 0.109 0.002 0.045 0.025 0.035 0.058 0.690 
 518 K _   0.033 0.100 0.002 0.037 0.021 0.031 0.059 0.717 
 519 T _   0.030 0.088 0.001 0.028 0.016 0.028 0.060 0.748 
 520 M _   0.026 0.074 0.001 0.021 0.012 0.025 0.062 0.778 
 521 D _   0.023 0.062 0.001 0.015 0.010 0.022 0.063 0.804 
 522 Y _   0.020 0.053 0.001 0.012 0.008 0.020 0.064 0.823 
 523 L _   0.017 0.047 0.001 0.011 0.006 0.018 0.066 0.834 
 524 H _   0.016 0.043 0.001 0.011 0.006 0.017 0.067 0.840 
 525 S _   0.014 0.041 0.001 0.012 0.006 0.016 0.067 0.843 
 526 Q _   0.013 0.040 0.001 0.014 0.006 0.015 0.068 0.844 
 527 G _   0.012 0.038 0.001 0.015 0.006 0.014 0.069 0.845 
 528 V _   0.012 0.036 0.001 0.016 0.006 0.013 0.070 0.847 
 529 V _   0.011 0.034 0.001 0.016 0.005 0.012 0.071 0.851 
 530 H _   0.010 0.030 0.001 0.015 0.005 0.011 0.071 0.856 
 531 R _   0.009 0.027 0.001 0.013 0.005 0.010 0.072 0.863 
 532 D _   0.009 0.022 0.000 0.012 0.004 0.009 0.073 0.870 
 533 L _   0.008 0.019 0.000 0.010 0.004 0.009 0.074 0.876 
 534 K _   0.007 0.015 0.000 0.009 0.003 0.008 0.075 0.881 
 535 P _   0.007 0.013 0.000 0.009 0.003 0.008 0.076 0.884 
 536 S _   0.007 0.011 0.000 0.009 0.003 0.008 0.076 0.885 
 537 N _   0.007 0.010 0.000 0.009 0.003 0.008 0.077 0.886 
 538 I _   0.007 0.009 0.000 0.009 0.003 0.008 0.077 0.886 
 539 L _   0.007 0.008 0.000 0.009 0.003 0.008 0.077 0.887 
 540 Y _   0.007 0.007 0.000 0.009 0.003 0.008 0.077 0.889 
 541 R _   0.006 0.006 0.000 0.008 0.003 0.007 0.077 0.892 
 542 D _   0.006 0.005 0.000 0.006 0.002 0.007 0.076 0.896 
 543 E _   0.006 0.005 0.000 0.005 0.002 0.008 0.076 0.898 
 544 S _   0.006 0.004 0.000 0.004 0.002 0.009 0.074 0.900 
 545 G _   0.007 0.005 0.000 0.004 0.002 0.010 0.073 0.899 
 546 S _   0.008 0.006 0.000 0.004 0.003 0.013 0.071 0.895 
 547 P _   0.011 0.009 0.000 0.006 0.004 0.017 0.069 0.884 
 548 E _   0.015 0.017 0.001 0.009 0.007 0.023 0.066 0.863 
 549 S _   0.020 0.033 0.001 0.015 0.012 0.029 0.062 0.828 
 550 I _   0.025 0.060 0.002 0.025 0.018 0.035 0.057 0.778 
 551 R _   0.028 0.094 0.002 0.037 0.024 0.040 0.052 0.722 
 552 V _   0.030 0.124 0.002 0.049 0.029 0.043 0.048 0.676 
 553 C _   0.031 0.144 0.002 0.058 0.031 0.045 0.045 0.644 
 554 D _   0.030 0.155 0.002 0.064 0.032 0.044 0.042 0.630 
 555 F _   0.030 0.159 0.002 0.065 0.031 0.043 0.040 0.630 
 556 G _   0.030 0.157 0.002 0.060 0.029 0.041 0.039 0.643 
 557 F _   0.029 0.148 0.002 0.051 0.025 0.038 0.038 0.669 
 558 A _   0.027 0.133 0.002 0.041 0.021 0.035 0.037 0.705 
 559 K _   0.026 0.110 0.002 0.030 0.017 0.032 0.037 0.747 
 560 Q _   0.024 0.086 0.001 0.020 0.013 0.030 0.036 0.789 
 561 L _   0.023 0.066 0.001 0.014 0.010 0.028 0.036 0.823 
 562 R _   0.022 0.053 0.001 0.010 0.008 0.026 0.035 0.845 
 563 A _   0.021 0.046 0.001 0.008 0.007 0.026 0.034 0.856 
 564 G _   0.022 0.043 0.001 0.008 0.007 0.026 0.033 0.860 
 565 N _   0.023 0.043 0.001 0.009 0.008 0.027 0.032 0.857 
 566 G _   0.025 0.044 0.001 0.012 0.009 0.027 0.031 0.851 
 567 L _   0.027 0.046 0.001 0.014 0.011 0.028 0.030 0.843 
 568 L _   0.028 0.048 0.001 0.017 0.012 0.029 0.029 0.837 
 569 M _   0.028 0.049 0.001 0.019 0.013 0.029 0.028 0.833 
 570 T _   0.028 0.049 0.001 0.019 0.014 0.029 0.026 0.833 
 571 P _   0.028 0.049 0.001 0.019 0.014 0.029 0.025 0.836 
 572 C _   0.028 0.048 0.001 0.018 0.013 0.028 0.024 0.840 
 573 Y _   0.027 0.047 0.001 0.017 0.013 0.028 0.024 0.844 
 574 T _   0.027 0.046 0.001 0.017 0.013 0.027 0.023 0.846 
 575 A _   0.027 0.046 0.001 0.018 0.013 0.027 0.022 0.847 
 576 N _   0.027 0.045 0.001 0.020 0.013 0.026 0.022 0.847 
 577 F _   0.026 0.045 0.001 0.022 0.013 0.025 0.021 0.847 
 578 V _   0.025 0.044 0.001 0.025 0.013 0.024 0.020 0.848 
 579 A _   0.023 0.043 0.001 0.026 0.012 0.022 0.020 0.852 
 580 P _   0.022 0.040 0.001 0.026 0.012 0.020 0.019 0.860 
 581 E _   0.022 0.035 0.001 0.024 0.010 0.018 0.019 0.871 
 582 V _   0.021 0.028 0.001 0.020 0.009 0.016 0.019 0.887 
 583 L _   0.021 0.020 0.001 0.015 0.007 0.013 0.018 0.905 
 584 K _   0.022 0.012 0.001 0.010 0.005 0.011 0.018 0.921 
 585 R _   0.025 0.005 0.000 0.006 0.004 0.009 0.017 0.933 
 586 Q _   0.031 0.002 0.000 0.003 0.003 0.008 0.016 0.936 
 587 G _   0.043 0.000 0.000 0.002 0.002 0.007 0.015 0.930 
 588 Y _   0.063 0.000 0.000 0.001 0.002 0.007 0.013 0.913 
 589 D _   0.099 0.000 0.000 0.001 0.003 0.007 0.012 0.878 
 590 A _   0.160 0.000 0.000 0.001 0.004 0.007 0.010 0.817 
 591 A _   0.255 0.000 0.001 0.001 0.005 0.008 0.008 0.723 
 592 C _   0.378 0.000 0.001 0.001 0.006 0.009 0.006 0.600 
 593 D H   0.515 0.000 0.001 0.001 0.008 0.009 0.005 0.462 
 594 I H   0.651 0.000 0.001 0.001 0.009 0.009 0.003 0.327 
 595 W H   0.763 0.000 0.001 0.001 0.010 0.008 0.002 0.215 
 596 S H   0.842 0.000 0.001 0.000 0.011 0.007 0.001 0.137 
 597 L H   0.893 0.000 0.001 0.000 0.011 0.006 0.001 0.088 
 598 G H   0.921 0.000 0.001 0.000 0.011 0.005 0.001 0.060 
 599 I H   0.936 0.000 0.001 0.000 0.011 0.005 0.001 0.046 
 600 L H   0.941 0.000 0.001 0.000 0.012 0.004 0.001 0.041 
 601 L H   0.939 0.000 0.001 0.000 0.013 0.004 0.001 0.042 
 602 Y H   0.930 0.000 0.001 0.000 0.014 0.004 0.001 0.050 
 603 T H   0.911 0.000 0.001 0.000 0.015 0.005 0.002 0.066 
 604 M H   0.878 0.000 0.001 0.001 0.016 0.006 0.002 0.095 
 605 L H   0.826 0.000 0.001 0.001 0.017 0.007 0.004 0.143 
 606 A H   0.751 0.000 0.002 0.002 0.017 0.008 0.007 0.213 
 607 G H   0.652 0.000 0.002 0.003 0.017 0.009 0.011 0.307 
 608 F H   0.533 0.000 0.002 0.004 0.014 0.010 0.017 0.421 
 609 T _   0.406 0.000 0.001 0.004 0.010 0.009 0.025 0.544 
 610 P _   0.284 0.000 0.001 0.004 0.007 0.008 0.033 0.662 
 611 F _   0.182 0.000 0.001 0.004 0.005 0.007 0.039 0.763 
 612 A _   0.105 0.000 0.000 0.003 0.003 0.006 0.044 0.839 
 613 N _   0.056 0.000 0.000 0.002 0.002 0.004 0.047 0.888 
 614 G _   0.029 0.000 0.000 0.002 0.001 0.004 0.049 0.915 
 615 P _   0.015 0.000 0.000 0.001 0.001 0.004 0.050 0.928 
 616 D _   0.010 0.001 0.000 0.002 0.001 0.005 0.051 0.931 
 617 D _   0.009 0.004 0.000 0.003 0.002 0.007 0.051 0.925 
 618 T _   0.010 0.013 0.000 0.006 0.003 0.011 0.050 0.906 
 619 P _   0.012 0.043 0.001 0.014 0.007 0.016 0.048 0.860 
 620 E _   0.013 0.114 0.002 0.026 0.012 0.020 0.044 0.769 
 621 E _   0.013 0.221 0.002 0.040 0.016 0.022 0.040 0.646 
 622 I _   0.011 0.330 0.002 0.051 0.017 0.022 0.035 0.532 
 623 L _   0.009 0.406 0.002 0.057 0.016 0.020 0.032 0.458 
 624 A E   0.007 0.450 0.001 0.060 0.014 0.019 0.030 0.419 
 625 R E   0.006 0.472 0.001 0.059 0.013 0.017 0.029 0.403 
 626 I E   0.005 0.481 0.001 0.057 0.012 0.016 0.029 0.399 
 627 G E   0.005 0.483 0.001 0.053 0.011 0.015 0.029 0.404 
 628 S E   0.005 0.477 0.001 0.047 0.010 0.014 0.030 0.416 
 629 G E   0.005 0.465 0.001 0.042 0.010 0.013 0.031 0.434 
 630 K _   0.005 0.446 0.001 0.036 0.009 0.012 0.032 0.459 
 631 Y _   0.006 0.420 0.001 0.032 0.008 0.012 0.034 0.488 
 632 A _   0.006 0.390 0.001 0.028 0.007 0.011 0.036 0.521 
 633 L _   0.006 0.359 0.001 0.025 0.007 0.011 0.039 0.554 
 634 S _   0.006 0.328 0.001 0.022 0.006 0.010 0.041 0.586 
 635 G _   0.006 0.299 0.001 0.019 0.005 0.010 0.044 0.617 
 636 G _   0.006 0.273 0.001 0.017 0.005 0.010 0.046 0.643 
 637 N _   0.005 0.250 0.001 0.015 0.004 0.009 0.049 0.667 
 638 W _   0.005 0.230 0.001 0.013 0.004 0.009 0.051 0.687 
 639 D _   0.005 0.214 0.000 0.011 0.003 0.009 0.053 0.704 
 640 S _   0.005 0.202 0.000 0.010 0.003 0.009 0.054 0.715 
 641 I _   0.005 0.193 0.000 0.010 0.003 0.010 0.056 0.723 
 642 S _   0.005 0.187 0.000 0.010 0.003 0.011 0.057 0.725 
 643 D _   0.006 0.184 0.000 0.011 0.004 0.012 0.058 0.724 
 644 A _   0.007 0.183 0.001 0.013 0.005 0.013 0.060 0.719 
 645 A _   0.008 0.183 0.001 0.016 0.006 0.015 0.061 0.711 
 646 K _   0.009 0.183 0.001 0.019 0.007 0.016 0.062 0.703 
 647 D _   0.010 0.182 0.001 0.023 0.008 0.017 0.064 0.695 
 648 V _   0.010 0.180 0.001 0.026 0.009 0.018 0.066 0.689 
 649 V _   0.011 0.175 0.001 0.027 0.010 0.019 0.069 0.688 
 650 S _   0.012 0.166 0.001 0.027 0.010 0.019 0.072 0.692 
 651 K _   0.012 0.153 0.001 0.026 0.010 0.019 0.076 0.701 
 652 M _   0.013 0.136 0.001 0.023 0.010 0.019 0.080 0.718 
 653 L _   0.014 0.114 0.001 0.019 0.009 0.019 0.085 0.739 
 654 H _   0.014 0.093 0.001 0.014 0.008 0.020 0.090 0.760 
 655 V _   0.014 0.076 0.001 0.011 0.007 0.020 0.095 0.777 
 656 D _   0.015 0.064 0.001 0.009 0.006 0.020 0.099 0.786 
 657 P _   0.016 0.057 0.001 0.007 0.006 0.021 0.103 0.788 
 658 H _   0.018 0.055 0.001 0.008 0.007 0.023 0.107 0.783 
 659 Q _   0.021 0.055 0.001 0.009 0.008 0.025 0.110 0.772 
 660 R _   0.023 0.057 0.001 0.012 0.010 0.027 0.113 0.757 
 661 L _   0.025 0.060 0.001 0.016 0.012 0.029 0.117 0.739 
 662 T _   0.026 0.065 0.001 0.021 0.014 0.030 0.121 0.722 
 663 A _   0.027 0.069 0.001 0.026 0.016 0.030 0.125 0.706 
