#TopoPred_TM8: 8-state transmembrane topology prediction results by no_profile mode 
#probabilities are in the order of H E C I L F X _, the 8 transmembrane topology types used in PDBTM 
   1 M X   0.006 0.001 0.002 0.038 0.007 0.006 0.886 0.053 
   2 E X   0.002 0.000 0.000 0.021 0.001 0.003 0.915 0.058 
   3 T X   0.001 0.000 0.000 0.011 0.000 0.002 0.924 0.062 
   4 V X   0.001 0.000 0.000 0.007 0.000 0.002 0.925 0.065 
   5 Q X   0.001 0.000 0.000 0.005 0.000 0.002 0.925 0.067 
   6 L X   0.001 0.000 0.000 0.004 0.000 0.002 0.922 0.070 
   7 R X   0.001 0.000 0.000 0.003 0.000 0.002 0.920 0.074 
   8 N X   0.001 0.000 0.000 0.003 0.000 0.002 0.916 0.077 
   9 P X   0.001 0.000 0.000 0.003 0.001 0.002 0.912 0.081 
  10 P X   0.001 0.000 0.000 0.003 0.001 0.002 0.907 0.086 
  11 R X   0.001 0.000 0.000 0.003 0.001 0.002 0.902 0.091 
  12 R X   0.001 0.000 0.000 0.003 0.001 0.002 0.896 0.097 
  13 Q X   0.001 0.000 0.000 0.003 0.001 0.002 0.889 0.103 
  14 L X   0.001 0.000 0.000 0.003 0.001 0.002 0.882 0.110 
  15 K X   0.001 0.000 0.000 0.003 0.001 0.002 0.873 0.119 
  16 K X   0.001 0.000 0.000 0.003 0.001 0.002 0.864 0.128 
  17 L X   0.001 0.001 0.000 0.003 0.001 0.002 0.853 0.138 
  18 D X   0.001 0.001 0.000 0.003 0.001 0.002 0.841 0.150 
  19 E X   0.002 0.001 0.000 0.003 0.001 0.003 0.827 0.164 
  20 D X   0.002 0.001 0.000 0.003 0.001 0.003 0.811 0.178 
  21 S X   0.002 0.002 0.000 0.004 0.001 0.004 0.793 0.194 
  22 L X   0.002 0.003 0.000 0.005 0.002 0.005 0.773 0.211 
  23 T X   0.002 0.005 0.000 0.007 0.002 0.006 0.749 0.228 
  24 K X   0.003 0.008 0.000 0.009 0.003 0.008 0.723 0.245 
  25 Q X   0.003 0.012 0.001 0.013 0.004 0.010 0.694 0.262 
  26 P X   0.004 0.019 0.001 0.018 0.006 0.012 0.663 0.278 
  27 E X   0.005 0.027 0.001 0.024 0.007 0.014 0.629 0.293 
  28 E X   0.005 0.035 0.001 0.030 0.009 0.016 0.597 0.307 
  29 V X   0.006 0.043 0.001 0.036 0.010 0.017 0.566 0.321 
  30 F X   0.006 0.049 0.001 0.040 0.011 0.018 0.539 0.336 
  31 D X   0.006 0.053 0.001 0.043 0.012 0.018 0.515 0.352 
  32 V X   0.006 0.055 0.001 0.043 0.012 0.018 0.495 0.370 
  33 L X   0.007 0.056 0.001 0.041 0.011 0.017 0.477 0.391 
  34 E X   0.007 0.054 0.001 0.036 0.010 0.016 0.462 0.414 
  35 K X   0.007 0.050 0.001 0.031 0.009 0.015 0.449 0.439 
  36 L _   0.007 0.045 0.001 0.024 0.007 0.014 0.437 0.465 
  37 G _   0.007 0.040 0.001 0.019 0.006 0.013 0.425 0.490 
  38 E _   0.006 0.034 0.001 0.014 0.005 0.012 0.415 0.513 
  39 G _   0.006 0.029 0.001 0.011 0.004 0.011 0.404 0.533 
  40 S _   0.006 0.026 0.000 0.009 0.004 0.011 0.394 0.549 
  41 Y _   0.007 0.024 0.000 0.008 0.004 0.011 0.384 0.561 
  42 G _   0.007 0.023 0.001 0.008 0.004 0.012 0.373 0.572 
  43 S _   0.008 0.023 0.001 0.009 0.005 0.013 0.362 0.580 
  44 V _   0.009 0.024 0.001 0.010 0.005 0.014 0.351 0.586 
  45 Y _   0.009 0.025 0.001 0.012 0.006 0.016 0.339 0.592 
  46 K _   0.010 0.027 0.001 0.014 0.007 0.017 0.327 0.597 
  47 A _   0.011 0.029 0.001 0.016 0.008 0.018 0.316 0.601 
  48 I _   0.012 0.030 0.001 0.017 0.009 0.019 0.305 0.606 
  49 H _   0.013 0.032 0.001 0.018 0.010 0.020 0.294 0.611 
  50 K _   0.014 0.033 0.001 0.020 0.011 0.021 0.285 0.615 
  51 E _   0.015 0.035 0.001 0.021 0.012 0.022 0.275 0.619 
  52 T _   0.015 0.035 0.001 0.022 0.012 0.022 0.267 0.625 
  53 G _   0.016 0.036 0.001 0.024 0.012 0.022 0.260 0.630 
  54 Q _   0.015 0.035 0.001 0.024 0.012 0.021 0.253 0.638 
  55 I _   0.015 0.034 0.001 0.024 0.011 0.021 0.247 0.647 
  56 V _   0.014 0.032 0.001 0.023 0.010 0.020 0.241 0.659 
  57 A _   0.014 0.028 0.001 0.021 0.009 0.018 0.237 0.672 
  58 I _   0.013 0.024 0.001 0.018 0.008 0.017 0.232 0.687 
  59 K _   0.012 0.020 0.001 0.014 0.007 0.016 0.228 0.703 
  60 Q _   0.012 0.015 0.001 0.011 0.005 0.015 0.224 0.719 
  61 V _   0.011 0.011 0.001 0.008 0.004 0.014 0.220 0.732 
  62 P _   0.011 0.008 0.000 0.006 0.004 0.014 0.215 0.742 
  63 V _   0.011 0.007 0.000 0.005 0.003 0.014 0.211 0.748 
  64 E _   0.012 0.007 0.000 0.005 0.004 0.016 0.206 0.751 
  65 S _   0.014 0.007 0.000 0.005 0.005 0.018 0.200 0.750 
  66 D _   0.017 0.009 0.001 0.007 0.006 0.022 0.194 0.744 
  67 L _   0.021 0.013 0.001 0.010 0.009 0.026 0.188 0.733 
  68 Q _   0.026 0.019 0.001 0.015 0.013 0.030 0.181 0.716 
  69 E _   0.030 0.028 0.001 0.021 0.018 0.034 0.174 0.695 
  70 I _   0.033 0.038 0.002 0.028 0.022 0.037 0.167 0.674 
  71 I _   0.036 0.046 0.002 0.035 0.025 0.038 0.161 0.656 
  72 K _   0.038 0.052 0.002 0.041 0.027 0.038 0.156 0.645 
  73 E _   0.039 0.055 0.002 0.044 0.027 0.037 0.152 0.643 
  74 I _   0.038 0.055 0.002 0.044 0.025 0.035 0.150 0.651 
  75 S _   0.037 0.052 0.002 0.040 0.022 0.032 0.148 0.667 
  76 I _   0.034 0.046 0.002 0.034 0.019 0.029 0.146 0.691 
  77 M _   0.031 0.037 0.001 0.026 0.014 0.025 0.146 0.720 
  78 Q _   0.027 0.027 0.001 0.018 0.010 0.021 0.145 0.751 
  79 Q _   0.022 0.017 0.001 0.012 0.007 0.018 0.144 0.780 
  80 C _   0.018 0.010 0.001 0.008 0.005 0.015 0.142 0.801 
  81 D _   0.015 0.006 0.000 0.005 0.004 0.013 0.141 0.815 
  82 S _   0.013 0.004 0.000 0.004 0.003 0.012 0.139 0.824 
  83 P _   0.011 0.003 0.000 0.005 0.003 0.012 0.137 0.828 
  84 H _   0.011 0.003 0.000 0.006 0.004 0.012 0.134 0.829 
  85 V _   0.011 0.003 0.001 0.008 0.004 0.013 0.132 0.828 
  86 V _   0.011 0.004 0.001 0.011 0.005 0.014 0.129 0.826 
  87 K _   0.011 0.005 0.001 0.013 0.006 0.014 0.126 0.825 
  88 Y _   0.011 0.005 0.001 0.014 0.006 0.015 0.123 0.826 
  89 Y _   0.010 0.005 0.001 0.015 0.006 0.015 0.120 0.829 
  90 G _   0.010 0.004 0.001 0.013 0.006 0.015 0.116 0.835 
  91 S _   0.010 0.004 0.001 0.011 0.005 0.015 0.113 0.841 
  92 Y _   0.010 0.003 0.001 0.008 0.005 0.016 0.110 0.847 
  93 F _   0.012 0.002 0.000 0.006 0.004 0.018 0.107 0.850 
  94 K _   0.014 0.002 0.001 0.005 0.005 0.021 0.104 0.849 
  95 N _   0.019 0.002 0.001 0.005 0.006 0.025 0.100 0.842 
  96 T _   0.026 0.003 0.001 0.006 0.009 0.030 0.096 0.829 
  97 D _   0.035 0.006 0.001 0.009 0.014 0.037 0.091 0.806 
  98 L _   0.046 0.011 0.001 0.015 0.021 0.045 0.086 0.775 
  99 W _   0.058 0.017 0.002 0.021 0.028 0.052 0.081 0.740 
 100 I _   0.069 0.024 0.002 0.028 0.036 0.057 0.077 0.707 
 101 V _   0.077 0.030 0.002 0.034 0.041 0.061 0.073 0.683 
 102 M _   0.084 0.033 0.002 0.036 0.044 0.062 0.069 0.670 
 103 E _   0.087 0.033 0.002 0.035 0.044 0.062 0.067 0.669 
 104 Y _   0.088 0.032 0.002 0.031 0.042 0.060 0.065 0.680 
 105 C _   0.087 0.029 0.002 0.026 0.038 0.058 0.063 0.697 
 106 G _   0.085 0.025 0.002 0.021 0.033 0.055 0.062 0.718 
 107 A _   0.081 0.022 0.002 0.016 0.028 0.051 0.061 0.739 
 108 G _   0.076 0.018 0.001 0.014 0.024 0.048 0.060 0.758 
 109 S _   0.072 0.017 0.001 0.013 0.021 0.045 0.059 0.773 
 110 V _   0.066 0.015 0.001 0.014 0.018 0.041 0.059 0.785 
 111 S _   0.060 0.014 0.001 0.015 0.017 0.038 0.058 0.796 
 112 D _   0.054 0.013 0.001 0.017 0.015 0.035 0.058 0.806 
 113 I _   0.048 0.012 0.001 0.017 0.014 0.032 0.058 0.817 
 114 I _   0.043 0.011 0.001 0.017 0.012 0.028 0.058 0.830 
 115 R _   0.038 0.009 0.001 0.015 0.010 0.025 0.058 0.845 
 116 L _   0.033 0.006 0.001 0.011 0.008 0.022 0.057 0.862 
 117 R _   0.029 0.004 0.001 0.008 0.006 0.020 0.057 0.876 
 118 N _   0.027 0.002 0.001 0.005 0.004 0.018 0.056 0.887 
 119 K _   0.027 0.001 0.000 0.003 0.003 0.017 0.055 0.893 
 120 T _   0.029 0.000 0.000 0.002 0.003 0.018 0.054 0.893 
 121 L _   0.034 0.000 0.000 0.002 0.004 0.020 0.053 0.887 
 122 T _   0.042 0.000 0.000 0.002 0.005 0.023 0.052 0.875 
 123 E _   0.055 0.000 0.001 0.003 0.007 0.029 0.050 0.854 
 124 D _   0.071 0.001 0.001 0.005 0.011 0.035 0.048 0.828 
 125 E _   0.088 0.002 0.001 0.008 0.017 0.041 0.047 0.796 
 126 I _   0.104 0.003 0.002 0.012 0.023 0.047 0.045 0.763 
 127 A _   0.119 0.005 0.002 0.016 0.029 0.051 0.043 0.734 
 128 T _   0.130 0.007 0.002 0.019 0.032 0.054 0.042 0.714 
 129 I _   0.137 0.007 0.002 0.020 0.034 0.055 0.041 0.704 
 130 L _   0.140 0.007 0.002 0.019 0.034 0.055 0.040 0.703 
 131 Q _   0.140 0.006 0.002 0.017 0.032 0.053 0.040 0.711 
 132 S _   0.136 0.005 0.002 0.013 0.028 0.051 0.039 0.725 
 133 T _   0.130 0.004 0.002 0.011 0.025 0.049 0.039 0.741 
 134 L _   0.123 0.003 0.001 0.009 0.021 0.046 0.039 0.757 
 135 K _   0.115 0.003 0.001 0.008 0.019 0.044 0.039 0.772 
 136 G _   0.108 0.002 0.001 0.008 0.017 0.041 0.039 0.784 
 137 L _   0.100 0.003 0.001 0.008 0.016 0.039 0.039 0.795 
 138 E _   0.091 0.003 0.001 0.010 0.015 0.037 0.039 0.803 
 139 Y _   0.083 0.004 0.001 0.012 0.015 0.035 0.039 0.812 
 140 L _   0.074 0.004 0.001 0.014 0.015 0.033 0.039 0.820 
 141 H _   0.065 0.005 0.001 0.015 0.014 0.030 0.039 0.831 
 142 F _   0.056 0.005 0.001 0.015 0.013 0.027 0.039 0.843 
 143 M _   0.047 0.005 0.001 0.015 0.011 0.024 0.040 0.858 
 144 R _   0.039 0.004 0.001 0.013 0.009 0.021 0.040 0.873 
 145 K _   0.032 0.004 0.001 0.011 0.007 0.018 0.040 0.887 
 146 I _   0.026 0.003 0.001 0.009 0.006 0.016 0.040 0.900 
 147 H _   0.022 0.003 0.001 0.007 0.005 0.014 0.040 0.909 
 148 R _   0.018 0.003 0.000 0.006 0.004 0.013 0.040 0.915 
 149 D _   0.016 0.003 0.000 0.006 0.004 0.013 0.039 0.919 
 150 I _   0.015 0.004 0.000 0.007 0.004 0.013 0.039 0.919 
 151 K _   0.014 0.005 0.001 0.008 0.005 0.013 0.038 0.917 
 152 A _   0.013 0.007 0.001 0.011 0.005 0.013 0.038 0.912 
 153 G _   0.013 0.009 0.001 0.014 0.006 0.014 0.037 0.906 
 154 N _   0.013 0.011 0.001 0.017 0.007 0.014 0.036 0.900 
 155 I _   0.013 0.013 0.001 0.019 0.008 0.014 0.036 0.896 
 156 L _   0.012 0.014 0.001 0.020 0.007 0.014 0.035 0.896 
 157 L _   0.012 0.015 0.001 0.019 0.007 0.013 0.035 0.898 
 158 N _   0.011 0.014 0.001 0.017 0.006 0.013 0.035 0.904 
 159 T _   0.010 0.013 0.001 0.014 0.005 0.012 0.034 0.911 
 160 E _   0.009 0.012 0.001 0.011 0.004 0.011 0.034 0.918 
 161 G _   0.009 0.011 0.000 0.008 0.004 0.011 0.034 0.924 
 162 H _   0.009 0.010 0.000 0.007 0.003 0.011 0.033 0.927 
 163 A _   0.009 0.010 0.000 0.006 0.003 0.011 0.033 0.927 
 164 K _   0.010 0.011 0.000 0.007 0.004 0.012 0.032 0.923 
 165 L _   0.011 0.013 0.001 0.009 0.005 0.014 0.031 0.916 
 166 A _   0.012 0.017 0.001 0.013 0.006 0.016 0.030 0.905 
 167 D _   0.013 0.021 0.001 0.017 0.008 0.018 0.029 0.892 
 168 F _   0.014 0.026 0.001 0.023 0.010 0.019 0.029 0.878 
 169 G _   0.015 0.029 0.001 0.028 0.011 0.021 0.028 0.868 
 170 V _   0.016 0.031 0.001 0.031 0.012 0.021 0.027 0.861 
 171 A _   0.016 0.032 0.001 0.031 0.012 0.021 0.027 0.861 
 172 G _   0.016 0.030 0.001 0.029 0.011 0.021 0.026 0.866 
 173 Q _   0.015 0.027 0.001 0.025 0.010 0.020 0.026 0.876 
 174 L _   0.015 0.022 0.001 0.020 0.009 0.019 0.026 0.889 
 175 T _   0.015 0.016 0.001 0.015 0.007 0.018 0.026 0.903 
 176 D _   0.015 0.011 0.001 0.011 0.006 0.017 0.026 0.914 
 177 T _   0.015 0.007 0.001 0.008 0.005 0.017 0.025 0.923 
 178 M _   0.015 0.004 0.001 0.006 0.005 0.017 0.025 0.927 
 179 A _   0.017 0.003 0.000 0.005 0.005 0.018 0.025 0.927 
 180 K _   0.019 0.002 0.001 0.005 0.005 0.019 0.024 0.924 
 181 R _   0.023 0.002 0.001 0.006 0.006 0.021 0.023 0.918 
 182 N _   0.027 0.002 0.001 0.007 0.008 0.024 0.023 0.909 
 183 T _   0.032 0.003 0.001 0.009 0.010 0.027 0.022 0.897 
 184 V _   0.038 0.003 0.001 0.011 0.012 0.030 0.021 0.884 
 185 I _   0.045 0.004 0.001 0.014 0.015 0.033 0.020 0.869 
 186 G _   0.052 0.004 0.001 0.015 0.017 0.036 0.019 0.855 
 187 T _   0.059 0.005 0.001 0.016 0.019 0.038 0.018 0.843 
 188 P _   0.066 0.004 0.001 0.017 0.021 0.039 0.018 0.834 
 189 F _   0.073 0.004 0.001 0.016 0.021 0.040 0.017 0.828 
 190 W _   0.080 0.003 0.001 0.014 0.021 0.040 0.016 0.823 
 191 M _   0.088 0.003 0.001 0.013 0.020 0.039 0.016 0.820 
 192 A _   0.096 0.002 0.001 0.011 0.019 0.038 0.015 0.818 
 193 P _   0.107 0.001 0.001 0.009 0.017 0.037 0.014 0.813 
 194 E _   0.120 0.001 0.001 0.008 0.015 0.035 0.014 0.806 
 195 V _   0.136 0.001 0.001 0.006 0.014 0.033 0.013 0.796 
 196 I _   0.156 0.000 0.001 0.005 0.013 0.032 0.012 0.781 
 197 Q _   0.178 0.000 0.001 0.004 0.012 0.030 0.012 0.763 
 198 E _   0.205 0.000 0.001 0.003 0.011 0.028 0.011 0.740 
 199 I _   0.237 0.000 0.001 0.003 0.011 0.027 0.010 0.711 
 200 G _   0.274 0.000 0.001 0.002 0.011 0.026 0.010 0.676 
 201 Y _   0.318 0.000 0.001 0.002 0.012 0.025 0.009 0.633 
 202 N _   0.368 0.000 0.001 0.001 0.012 0.024 0.008 0.584 
 203 C _   0.424 0.000 0.001 0.001 0.013 0.024 0.008 0.528 
 204 V H   0.487 0.000 0.001 0.001 0.015 0.023 0.008 0.465 
 205 A H   0.547 0.000 0.001 0.001 0.017 0.023 0.008 0.402 
 206 D H   0.603 0.000 0.001 0.001 0.020 0.023 0.008 0.343 
 207 I H   0.651 0.000 0.001 0.001 0.023 0.023 0.008 0.292 
 208 W H   0.685 0.000 0.001 0.001 0.027 0.023 0.009 0.254 
 209 S H   0.704 0.000 0.002 0.002 0.030 0.023 0.010 0.231 
 210 L H   0.709 0.000 0.002 0.002 0.032 0.023 0.011 0.220 
 211 G H   0.700 0.000 0.002 0.003 0.035 0.023 0.014 0.222 
 212 I H   0.676 0.001 0.002 0.005 0.037 0.024 0.017 0.238 
 213 T H   0.635 0.001 0.002 0.007 0.037 0.024 0.022 0.272 
 214 A H   0.574 0.001 0.003 0.010 0.035 0.023 0.029 0.325 
 215 I H   0.495 0.002 0.003 0.011 0.030 0.022 0.038 0.399 
 216 E _   0.402 0.001 0.002 0.012 0.024 0.020 0.048 0.491 
 217 M _   0.303 0.001 0.002 0.011 0.017 0.018 0.059 0.589 
 218 A _   0.212 0.001 0.001 0.008 0.011 0.015 0.069 0.684 
 219 E _   0.137 0.000 0.001 0.006 0.006 0.012 0.077 0.761 
 220 G _   0.082 0.000 0.001 0.004 0.004 0.009 0.084 0.817 
 221 K _   0.046 0.000 0.000 0.003 0.002 0.007 0.088 0.853 
 222 P _   0.026 0.000 0.000 0.002 0.002 0.007 0.091 0.872 
 223 P _   0.017 0.000 0.000 0.002 0.001 0.007 0.094 0.879 
 224 Y _   0.013 0.001 0.000 0.002 0.002 0.008 0.095 0.879 
 225 A _   0.013 0.003 0.000 0.004 0.003 0.011 0.096 0.870 
 226 D _   0.015 0.012 0.001 0.008 0.005 0.016 0.096 0.847 
 227 I _   0.018 0.036 0.001 0.017 0.010 0.023 0.096 0.799 
 228 H _   0.021 0.086 0.002 0.031 0.017 0.028 0.095 0.720 
 229 P _   0.021 0.152 0.002 0.051 0.023 0.032 0.094 0.625 
 230 M _   0.021 0.206 0.002 0.069 0.026 0.033 0.093 0.549 
 231 R _   0.021 0.238 0.002 0.083 0.027 0.033 0.094 0.502 
 232 A _   0.020 0.253 0.002 0.090 0.026 0.032 0.096 0.480 
 233 I _   0.019 0.257 0.002 0.091 0.025 0.030 0.099 0.477 
 234 F _   0.018 0.251 0.002 0.084 0.022 0.027 0.104 0.491 
 235 M _   0.016 0.235 0.002 0.072 0.019 0.024 0.111 0.521 
 236 I _   0.015 0.203 0.002 0.056 0.016 0.021 0.120 0.568 
 237 P _   0.015 0.155 0.002 0.040 0.012 0.017 0.129 0.630 
 238 T _   0.014 0.103 0.001 0.025 0.009 0.015 0.140 0.694 
 239 N _   0.012 0.061 0.001 0.015 0.006 0.012 0.149 0.746 
 240 P _   0.010 0.036 0.000 0.009 0.003 0.010 0.155 0.777 
 241 P _   0.008 0.023 0.000 0.006 0.002 0.008 0.160 0.792 
 242 P _   0.007 0.018 0.000 0.004 0.002 0.007 0.163 0.798 
 243 T _   0.007 0.016 0.000 0.004 0.002 0.007 0.165 0.799 
 244 F _   0.006 0.015 0.000 0.004 0.002 0.007 0.167 0.798 
 245 R _   0.006 0.016 0.000 0.005 0.002 0.008 0.168 0.795 
 246 K _   0.006 0.017 0.000 0.006 0.002 0.008 0.168 0.792 
 247 P _   0.006 0.020 0.000 0.007 0.003 0.009 0.168 0.787 
 248 E _   0.006 0.023 0.000 0.009 0.003 0.009 0.167 0.783 
 249 L _   0.006 0.027 0.000 0.010 0.003 0.010 0.166 0.777 
 250 W _   0.006 0.032 0.000 0.011 0.004 0.011 0.165 0.770 
 251 S _   0.006 0.038 0.001 0.013 0.005 0.012 0.164 0.761 
 252 D _   0.007 0.045 0.001 0.015 0.006 0.014 0.163 0.750 
 253 N _   0.008 0.052 0.001 0.019 0.007 0.015 0.162 0.736 
 254 F _   0.009 0.060 0.001 0.023 0.009 0.017 0.161 0.721 
 255 T _   0.010 0.067 0.001 0.027 0.010 0.018 0.161 0.706 
 256 D _   0.010 0.073 0.001 0.031 0.011 0.019 0.161 0.693 
 257 F _   0.011 0.076 0.001 0.034 0.012 0.020 0.162 0.685 
 258 V _   0.012 0.077 0.001 0.035 0.012 0.020 0.163 0.680 
 259 K _   0.011 0.076 0.001 0.034 0.011 0.019 0.165 0.681 
 260 Q _   0.011 0.072 0.001 0.031 0.011 0.018 0.168 0.688 
 261 C _   0.011 0.066 0.001 0.026 0.009 0.017 0.171 0.698 
 262 L _   0.011 0.057 0.001 0.021 0.008 0.016 0.175 0.712 
 263 V _   0.011 0.047 0.001 0.016 0.006 0.015 0.178 0.727 
 264 K _   0.010 0.037 0.001 0.012 0.005 0.014 0.182 0.739 
 265 S _   0.010 0.030 0.001 0.009 0.004 0.013 0.185 0.748 
 266 P _   0.010 0.025 0.000 0.007 0.004 0.013 0.188 0.752 
 267 E _   0.010 0.023 0.000 0.007 0.004 0.014 0.190 0.752 
 268 Q _   0.011 0.021 0.000 0.007 0.004 0.015 0.192 0.749 
 269 R _   0.011 0.021 0.001 0.009 0.005 0.016 0.194 0.743 
 270 A _   0.012 0.022 0.001 0.011 0.006 0.017 0.196 0.733 
 271 T _   0.013 0.024 0.001 0.014 0.008 0.019 0.198 0.723 
 272 A _   0.014 0.025 0.001 0.018 0.009 0.020 0.201 0.712 
 273 T _   0.015 0.026 0.001 0.020 0.010 0.021 0.203 0.704 
 274 Q _   0.015 0.026 0.001 0.022 0.011 0.021 0.206 0.698 
 275 L _   0.015 0.025 0.001 0.022 0.011 0.021 0.210 0.695 
 276 L _   0.015 0.023 0.001 0.020 0.010 0.020 0.214 0.696 
 277 Q _   0.015 0.021 0.001 0.017 0.009 0.020 0.219 0.699 
 278 H _   0.015 0.017 0.001 0.014 0.008 0.019 0.223 0.702 
 279 P _   0.016 0.014 0.001 0.011 0.008 0.019 0.228 0.704 
 280 F _   0.017 0.011 0.001 0.009 0.007 0.019 0.233 0.703 
 281 V _   0.018 0.009 0.001 0.008 0.007 0.019 0.239 0.700 
 282 R _   0.020 0.008 0.001 0.007 0.007 0.020 0.244 0.694 
 283 S _   0.022 0.007 0.001 0.007 0.007 0.021 0.249 0.685 
 284 A _   0.025 0.007 0.001 0.007 0.008 0.023 0.255 0.674 
 285 K _   0.028 0.008 0.001 0.008 0.009 0.025 0.260 0.661 
 286 G _   0.031 0.009 0.001 0.010 0.011 0.026 0.266 0.646 
 287 V _   0.033 0.011 0.001 0.012 0.012 0.028 0.273 0.630 
 288 S _   0.035 0.014 0.001 0.014 0.014 0.029 0.280 0.613 
 289 I _   0.037 0.016 0.001 0.017 0.016 0.030 0.288 0.595 
 290 L _   0.037 0.019 0.001 0.019 0.017 0.030 0.297 0.579 
 291 R _   0.037 0.021 0.001 0.021 0.017 0.030 0.307 0.565 
 292 D _   0.035 0.022 0.001 0.023 0.017 0.029 0.318 0.554 
 293 L _   0.033 0.023 0.001 0.024 0.016 0.027 0.331 0.545 
 294 I _   0.030 0.023 0.001 0.024 0.015 0.025 0.344 0.538 
 295 N _   0.027 0.022 0.001 0.023 0.013 0.023 0.359 0.534 
 296 E _   0.024 0.020 0.001 0.021 0.010 0.020 0.374 0.530 
 297 A _   0.021 0.018 0.001 0.018 0.008 0.017 0.389 0.528 
 298 M _   0.018 0.016 0.001 0.015 0.007 0.015 0.404 0.525 
 299 D _   0.015 0.013 0.001 0.013 0.005 0.013 0.418 0.522 
 300 V _   0.013 0.011 0.001 0.011 0.004 0.011 0.432 0.518 
 301 K _   0.011 0.009 0.000 0.009 0.003 0.010 0.444 0.514 
 302 L _   0.009 0.007 0.000 0.008 0.003 0.008 0.456 0.508 
 303 K _   0.008 0.006 0.000 0.007 0.003 0.008 0.466 0.502 
 304 R _   0.007 0.006 0.000 0.007 0.002 0.007 0.476 0.494 
 305 Q _   0.007 0.005 0.000 0.007 0.002 0.006 0.485 0.486 
 306 E X   0.006 0.004 0.000 0.007 0.002 0.006 0.494 0.479 
 307 S X   0.006 0.004 0.000 0.008 0.002 0.006 0.503 0.472 
 308 Q X   0.005 0.004 0.000 0.008 0.002 0.005 0.510 0.465 
 309 Q X   0.005 0.003 0.000 0.007 0.002 0.005 0.517 0.460 
 310 R X   0.005 0.003 0.000 0.007 0.002 0.005 0.524 0.456 
 311 E X   0.004 0.002 0.000 0.006 0.001 0.004 0.529 0.453 
 312 V X   0.004 0.002 0.000 0.005 0.001 0.004 0.533 0.451 
 313 D X   0.003 0.002 0.000 0.004 0.001 0.003 0.537 0.449 
 314 Q X   0.003 0.002 0.000 0.004 0.001 0.003 0.539 0.449 
 315 D X   0.003 0.001 0.000 0.003 0.001 0.003 0.540 0.449 
 316 D X   0.002 0.001 0.000 0.003 0.001 0.003 0.540 0.450 
 317 E X   0.002 0.002 0.000 0.003 0.001 0.003 0.539 0.451 
 318 E X   0.002 0.002 0.000 0.003 0.001 0.003 0.536 0.454 
 319 N X   0.002 0.003 0.000 0.003 0.001 0.003 0.532 0.456 
 320 S X   0.002 0.004 0.000 0.003 0.001 0.004 0.526 0.460 
 321 E X   0.002 0.007 0.000 0.004 0.001 0.005 0.518 0.463 
 322 E X   0.003 0.011 0.000 0.006 0.002 0.006 0.508 0.464 
 323 D X   0.003 0.020 0.000 0.008 0.002 0.008 0.495 0.463 
 324 E X   0.004 0.034 0.001 0.012 0.004 0.011 0.479 0.457 
 325 M X   0.005 0.056 0.001 0.016 0.006 0.014 0.459 0.444 
 326 D X   0.005 0.085 0.001 0.021 0.008 0.017 0.438 0.424 
 327 S X   0.006 0.120 0.001 0.026 0.010 0.020 0.416 0.400 
 328 G X   0.007 0.155 0.001 0.031 0.011 0.023 0.397 0.376 
 329 T X   0.007 0.185 0.001 0.033 0.013 0.025 0.381 0.356 
 330 M X   0.008 0.208 0.001 0.034 0.013 0.026 0.368 0.342 
 331 V X   0.009 0.223 0.001 0.033 0.014 0.028 0.358 0.334 
 332 R X   0.010 0.234 0.001 0.031 0.014 0.029 0.349 0.331 
 333 A X   0.012 0.241 0.001 0.028 0.015 0.031 0.343 0.330 
 334 V X   0.014 0.246 0.001 0.025 0.015 0.032 0.337 0.331 
 335 G X   0.016 0.248 0.001 0.021 0.016 0.034 0.332 0.332 
 336 D _   0.019 0.251 0.001 0.019 0.017 0.035 0.328 0.331 
 337 E _   0.021 0.254 0.001 0.018 0.018 0.036 0.325 0.329 
 338 M _   0.023 0.257 0.001 0.018 0.019 0.036 0.322 0.324 
 339 G X   0.025 0.262 0.001 0.019 0.020 0.036 0.319 0.318 
 340 T X   0.026 0.266 0.001 0.021 0.020 0.036 0.318 0.313 
 341 V X   0.026 0.270 0.001 0.023 0.021 0.034 0.317 0.309 
 342 R X   0.025 0.271 0.001 0.026 0.020 0.032 0.317 0.308 
 343 V X   0.024 0.270 0.001 0.027 0.019 0.030 0.317 0.311 
 344 A X   0.022 0.266 0.001 0.027 0.018 0.028 0.319 0.319 
 345 S _   0.020 0.257 0.001 0.027 0.016 0.025 0.322 0.331 
 346 T _   0.018 0.244 0.001 0.026 0.014 0.023 0.325 0.348 
 347 M _   0.016 0.227 0.001 0.024 0.013 0.020 0.330 0.368 
 348 T _   0.015 0.206 0.001 0.022 0.011 0.018 0.335 0.391 
 349 D _   0.013 0.183 0.001 0.021 0.010 0.017 0.342 0.414 
 350 G _   0.012 0.159 0.001 0.020 0.009 0.015 0.349 0.436 
 351 A _   0.011 0.135 0.001 0.018 0.007 0.014 0.356 0.457 
 352 N _   0.010 0.111 0.001 0.016 0.006 0.012 0.364 0.479 
 353 T _   0.009 0.088 0.001 0.014 0.005 0.011 0.373 0.499 
 354 M _   0.008 0.068 0.001 0.011 0.004 0.009 0.380 0.518 
 355 I _   0.007 0.052 0.000 0.009 0.003 0.008 0.387 0.533 
 356 E _   0.006 0.041 0.000 0.006 0.003 0.007 0.392 0.545 
 357 H _   0.005 0.033 0.000 0.005 0.002 0.007 0.396 0.552 
 358 D _   0.005 0.029 0.000 0.004 0.002 0.007 0.398 0.555 
 359 D _   0.005 0.028 0.000 0.004 0.002 0.007 0.400 0.554 
 360 T _   0.005 0.028 0.000 0.004 0.002 0.008 0.402 0.550 
 361 L _   0.006 0.031 0.000 0.007 0.003 0.010 0.402 0.541 
 362 P _   0.007 0.037 0.000 0.011 0.004 0.012 0.403 0.526 
 363 S _   0.008 0.046 0.001 0.018 0.006 0.013 0.403 0.504 
 364 Q _   0.008 0.058 0.001 0.027 0.008 0.015 0.403 0.480 
 365 L _   0.009 0.068 0.001 0.036 0.010 0.016 0.404 0.457 
 366 G _   0.009 0.074 0.001 0.042 0.011 0.016 0.407 0.441 
 367 T _   0.008 0.076 0.001 0.045 0.011 0.015 0.411 0.433 
 368 M _   0.008 0.076 0.001 0.044 0.010 0.014 0.416 0.431 
 369 V _   0.007 0.072 0.001 0.039 0.009 0.013 0.424 0.436 
 370 I _   0.007 0.064 0.001 0.032 0.007 0.011 0.432 0.446 
 371 N _   0.006 0.053 0.001 0.024 0.005 0.009 0.442 0.459 
 372 A _   0.006 0.040 0.001 0.017 0.004 0.008 0.452 0.473 
 373 E _   0.005 0.029 0.000 0.011 0.003 0.007 0.460 0.484 
 374 D _   0.005 0.020 0.000 0.007 0.002 0.006 0.468 0.492 
 375 E _   0.004 0.015 0.000 0.005 0.002 0.005 0.474 0.495 
 376 E _   0.004 0.012 0.000 0.004 0.001 0.004 0.478 0.496 
 377 E _   0.004 0.010 0.000 0.004 0.001 0.004 0.481 0.495 
 378 E _   0.003 0.009 0.000 0.004 0.001 0.004 0.483 0.494 
 379 G _   0.003 0.009 0.000 0.004 0.001 0.004 0.485 0.493 
 380 T _   0.003 0.009 0.000 0.005 0.001 0.004 0.485 0.491 
 381 M _   0.003 0.010 0.000 0.005 0.001 0.005 0.485 0.490 
 382 K _   0.003 0.010 0.000 0.006 0.002 0.005 0.485 0.490 
 383 R _   0.003 0.011 0.000 0.006 0.002 0.005 0.484 0.489 
 384 R _   0.003 0.012 0.000 0.006 0.002 0.005 0.483 0.489 
 385 D _   0.003 0.013 0.000 0.006 0.002 0.005 0.482 0.489 
 386 E _   0.003 0.014 0.000 0.006 0.002 0.005 0.481 0.489 
 387 T _   0.003 0.015 0.000 0.006 0.002 0.006 0.479 0.489 
 388 M _   0.003 0.018 0.000 0.007 0.002 0.006 0.477 0.487 
 389 Q _   0.003 0.020 0.000 0.008 0.002 0.006 0.475 0.485 
 390 P _   0.003 0.024 0.000 0.009 0.003 0.007 0.472 0.481 
 391 A _   0.004 0.028 0.000 0.012 0.003 0.008 0.469 0.475 
 392 K _   0.004 0.034 0.000 0.015 0.004 0.009 0.466 0.468 
 393 P X   0.004 0.039 0.001 0.018 0.005 0.009 0.464 0.460 
 394 S X   0.005 0.043 0.001 0.022 0.005 0.010 0.462 0.452 
 395 F X   0.005 0.047 0.001 0.025 0.006 0.010 0.461 0.446 
 396 L X   0.005 0.049 0.001 0.027 0.006 0.010 0.461 0.441 
 397 E X   0.005 0.049 0.001 0.028 0.006 0.010 0.461 0.440 
 398 Y X   0.005 0.047 0.001 0.026 0.006 0.009 0.463 0.443 
 399 F X   0.005 0.044 0.001 0.023 0.005 0.009 0.466 0.449 
 400 E X   0.005 0.038 0.001 0.018 0.004 0.008 0.469 0.457 
 401 Q X   0.004 0.032 0.000 0.014 0.003 0.007 0.473 0.467 
 402 K X   0.004 0.025 0.000 0.010 0.003 0.006 0.477 0.476 
 403 E _   0.004 0.019 0.000 0.007 0.002 0.005 0.480 0.483 
 404 K _   0.004 0.015 0.000 0.005 0.002 0.005 0.483 0.487 
 405 E _   0.003 0.013 0.000 0.004 0.001 0.004 0.485 0.489 
 406 N _   0.003 0.012 0.000 0.004 0.001 0.004 0.486 0.489 
 407 Q _   0.004 0.012 0.000 0.004 0.001 0.005 0.487 0.487 
 408 I X   0.004 0.012 0.000 0.006 0.002 0.005 0.487 0.485 
 409 N X   0.004 0.013 0.000 0.007 0.002 0.006 0.487 0.482 
 410 S X   0.004 0.014 0.000 0.009 0.002 0.006 0.486 0.478 
 411 F X   0.004 0.015 0.000 0.011 0.003 0.006 0.486 0.474 
 412 G X   0.004 0.016 0.000 0.013 0.003 0.007 0.486 0.471 
 413 K X   0.004 0.016 0.000 0.014 0.003 0.007 0.487 0.470 
 414 S X   0.004 0.016 0.000 0.014 0.003 0.006 0.487 0.469 
 415 V X   0.004 0.015 0.000 0.013 0.003 0.006 0.489 0.470 
 416 P X   0.004 0.015 0.000 0.011 0.003 0.006 0.490 0.472 
 417 G X   0.004 0.013 0.000 0.010 0.002 0.005 0.491 0.474 
 418 P X   0.004 0.012 0.000 0.008 0.002 0.005 0.493 0.476 
 419 L X   0.003 0.011 0.000 0.007 0.002 0.004 0.494 0.478 
 420 K X   0.003 0.010 0.000 0.006 0.001 0.004 0.495 0.480 
 421 N X   0.003 0.010 0.000 0.005 0.001 0.004 0.495 0.482 
 422 S X   0.003 0.009 0.000 0.005 0.001 0.004 0.495 0.484 
 423 S X   0.003 0.009 0.000 0.004 0.001 0.004 0.494 0.485 
 424 D X   0.003 0.009 0.000 0.004 0.001 0.004 0.492 0.487 
 425 W X   0.003 0.010 0.000 0.004 0.001 0.004 0.489 0.489 
 426 K _   0.003 0.011 0.000 0.004 0.001 0.004 0.486 0.491 
 427 I _   0.003 0.013 0.000 0.005 0.001 0.004 0.481 0.493 
 428 P _   0.003 0.017 0.000 0.005 0.002 0.005 0.475 0.493 
 429 Q _   0.003 0.022 0.000 0.006 0.002 0.006 0.469 0.492 
 430 D _   0.003 0.030 0.000 0.008 0.002 0.007 0.461 0.488 
 431 G _   0.003 0.041 0.000 0.011 0.003 0.008 0.452 0.481 
 432 D _   0.004 0.057 0.001 0.014 0.004 0.009 0.442 0.469 
 433 Y _   0.004 0.077 0.001 0.018 0.005 0.011 0.431 0.453 
 434 E _   0.004 0.099 0.001 0.021 0.006 0.012 0.421 0.436 
 435 F _   0.004 0.119 0.001 0.025 0.007 0.012 0.412 0.420 
 436 L _   0.004 0.135 0.001 0.027 0.007 0.013 0.404 0.408 
 437 K _   0.004 0.147 0.001 0.029 0.008 0.013 0.399 0.401 
 438 S _   0.004 0.154 0.001 0.029 0.008 0.012 0.394 0.398 
 439 W _   0.004 0.158 0.001 0.028 0.007 0.012 0.392 0.398 
 440 T _   0.004 0.159 0.001 0.027 0.007 0.012 0.390 0.401 
 441 V _   0.005 0.158 0.001 0.024 0.007 0.011 0.389 0.405 
 442 E _   0.005 0.155 0.001 0.022 0.006 0.011 0.389 0.411 
 443 D _   0.005 0.150 0.001 0.019 0.006 0.010 0.390 0.419 
 444 L _   0.005 0.144 0.001 0.016 0.005 0.010 0.392 0.427 
 445 Q _   0.005 0.137 0.001 0.014 0.005 0.010 0.394 0.435 
 446 K _   0.006 0.130 0.001 0.012 0.004 0.009 0.396 0.442 
 447 R _   0.006 0.123 0.000 0.011 0.004 0.009 0.398 0.448 
 448 L _   0.006 0.117 0.000 0.010 0.004 0.009 0.401 0.453 
 449 L _   0.006 0.112 0.000 0.009 0.004 0.009 0.403 0.456 
 450 A _   0.006 0.109 0.000 0.009 0.004 0.009 0.406 0.458 
 451 L _   0.006 0.106 0.000 0.009 0.004 0.009 0.408 0.457 
 452 D _   0.007 0.104 0.000 0.009 0.004 0.009 0.411 0.456 
 453 P _   0.007 0.103 0.000 0.010 0.004 0.009 0.414 0.453 
 454 M _   0.007 0.102 0.000 0.011 0.004 0.010 0.416 0.449 
 455 M _   0.007 0.101 0.001 0.013 0.005 0.010 0.420 0.444 
 456 E _   0.008 0.099 0.001 0.014 0.005 0.010 0.424 0.440 
 457 Q _   0.008 0.097 0.001 0.015 0.005 0.010 0.429 0.436 
 458 E X   0.008 0.094 0.001 0.015 0.005 0.010 0.434 0.433 
 459 I X   0.007 0.090 0.001 0.015 0.005 0.009 0.440 0.432 
 460 E X   0.007 0.084 0.001 0.014 0.005 0.009 0.447 0.433 
 461 E X   0.007 0.078 0.001 0.013 0.004 0.008 0.455 0.435 
 462 I X   0.006 0.070 0.000 0.011 0.004 0.008 0.462 0.439 
 463 R X   0.006 0.063 0.000 0.008 0.003 0.007 0.470 0.442 
 464 Q X   0.005 0.057 0.000 0.007 0.002 0.006 0.477 0.445 
 465 K X   0.005 0.052 0.000 0.005 0.002 0.006 0.483 0.447 
 466 Y X   0.004 0.050 0.000 0.004 0.002 0.006 0.488 0.446 
 467 Q X   0.004 0.049 0.000 0.004 0.002 0.006 0.492 0.442 
 468 S X   0.004 0.049 0.000 0.005 0.002 0.006 0.496 0.437 
 469 K X   0.004 0.052 0.000 0.006 0.002 0.007 0.500 0.428 
 470 R X   0.005 0.057 0.000 0.008 0.003 0.008 0.503 0.416 
 471 Q X   0.005 0.065 0.000 0.012 0.004 0.009 0.506 0.399 
 472 P X   0.005 0.075 0.001 0.016 0.005 0.010 0.509 0.379 
 473 I X   0.005 0.085 0.001 0.022 0.006 0.011 0.512 0.358 
 474 L X   0.005 0.094 0.001 0.028 0.007 0.012 0.517 0.338 
 475 D X   0.006 0.100 0.001 0.032 0.007 0.012 0.522 0.321 
 476 A X   0.006 0.103 0.001 0.035 0.008 0.012 0.529 0.307 
 477 I X   0.006 0.103 0.001 0.036 0.007 0.012 0.538 0.298 
 478 E X   0.006 0.101 0.001 0.034 0.007 0.011 0.548 0.293 
 479 A X   0.005 0.095 0.001 0.031 0.006 0.010 0.560 0.292 
 480 K X   0.004 0.086 0.001 0.027 0.006 0.009 0.574 0.294 
 481 K X   0.004 0.075 0.001 0.021 0.005 0.007 0.589 0.298 
 482 R X   0.003 0.060 0.001 0.016 0.003 0.005 0.607 0.306 
 483 R X   0.002 0.042 0.000 0.010 0.002 0.003 0.624 0.317 
 484 Q X   0.001 0.025 0.000 0.005 0.001 0.001 0.638 0.330 
 485 Q X   0.000 0.015 0.000 0.002 0.000 0.000 0.642 0.340 
 486 N X   0.000 0.012 0.000 0.003 0.000 0.000 0.640 0.344 
 487 F X   0.002 0.011 0.001 0.009 0.002 0.002 0.629 0.343 
