#TopoPred_TM8: 8-state transmembrane topology prediction results by no_profile mode 
#probabilities are in the order of H E C I L F X _, the 8 transmembrane topology types used in PDBTM 
   1 M X   0.015 0.001 0.002 0.054 0.009 0.010 0.663 0.245 
   2 E X   0.005 0.001 0.000 0.031 0.002 0.005 0.680 0.276 
   3 A X   0.002 0.001 0.000 0.018 0.001 0.003 0.682 0.293 
   4 P X   0.001 0.001 0.000 0.014 0.001 0.004 0.678 0.302 
   5 L X   0.002 0.002 0.000 0.014 0.001 0.005 0.668 0.307 
   6 R X   0.003 0.004 0.000 0.016 0.002 0.008 0.654 0.314 
   7 P X   0.004 0.007 0.000 0.019 0.003 0.010 0.638 0.320 
   8 A X   0.005 0.011 0.000 0.023 0.004 0.011 0.618 0.327 
   9 A X   0.005 0.016 0.001 0.028 0.005 0.012 0.598 0.336 
  10 D X   0.005 0.020 0.001 0.030 0.005 0.012 0.578 0.349 
  11 I X   0.005 0.023 0.001 0.030 0.006 0.012 0.559 0.365 
  12 L X   0.004 0.025 0.001 0.027 0.005 0.011 0.542 0.383 
  13 R X   0.004 0.026 0.001 0.023 0.005 0.010 0.528 0.403 
  14 R X   0.004 0.026 0.001 0.018 0.004 0.009 0.516 0.423 
  15 N X   0.004 0.025 0.000 0.014 0.003 0.009 0.504 0.441 
  16 P X   0.004 0.025 0.000 0.011 0.003 0.009 0.493 0.456 
  17 Q X   0.004 0.025 0.000 0.009 0.003 0.009 0.481 0.469 
  18 Q _   0.004 0.026 0.000 0.009 0.003 0.009 0.469 0.479 
  19 D _   0.005 0.028 0.000 0.010 0.004 0.010 0.456 0.486 
  20 Y _   0.006 0.032 0.001 0.013 0.005 0.011 0.442 0.491 
  21 E _   0.006 0.037 0.001 0.017 0.006 0.013 0.428 0.493 
  22 L _   0.006 0.043 0.001 0.022 0.007 0.014 0.413 0.494 
  23 V _   0.007 0.049 0.001 0.027 0.008 0.014 0.399 0.496 
  24 Q _   0.007 0.053 0.001 0.030 0.009 0.014 0.387 0.499 
  25 R _   0.007 0.055 0.001 0.032 0.009 0.014 0.376 0.506 
  26 V _   0.007 0.055 0.001 0.031 0.009 0.014 0.367 0.517 
  27 G _   0.007 0.053 0.001 0.029 0.008 0.013 0.359 0.530 
  28 S _   0.007 0.050 0.001 0.025 0.007 0.012 0.352 0.546 
  29 G _   0.006 0.046 0.001 0.021 0.006 0.011 0.346 0.563 
  30 T _   0.006 0.040 0.001 0.017 0.005 0.010 0.341 0.580 
  31 Y _   0.006 0.035 0.001 0.013 0.004 0.009 0.336 0.596 
  32 G _   0.006 0.030 0.000 0.010 0.004 0.009 0.331 0.611 
  33 D _   0.005 0.026 0.000 0.008 0.003 0.008 0.326 0.623 
  34 V _   0.005 0.024 0.000 0.007 0.003 0.008 0.321 0.632 
  35 Y _   0.006 0.022 0.000 0.006 0.003 0.009 0.315 0.640 
  36 K _   0.006 0.022 0.000 0.006 0.003 0.009 0.308 0.645 
  37 A _   0.006 0.023 0.000 0.006 0.003 0.011 0.301 0.649 
  38 R _   0.007 0.026 0.000 0.007 0.004 0.012 0.293 0.650 
  39 N _   0.008 0.030 0.001 0.010 0.005 0.014 0.284 0.647 
  40 V _   0.010 0.037 0.001 0.013 0.007 0.017 0.275 0.641 
  41 H _   0.011 0.047 0.001 0.018 0.009 0.020 0.264 0.631 
  42 T _   0.013 0.058 0.001 0.023 0.012 0.022 0.254 0.617 
  43 G _   0.014 0.070 0.001 0.030 0.014 0.024 0.244 0.603 
  44 E _   0.015 0.081 0.001 0.036 0.016 0.025 0.235 0.591 
  45 L _   0.016 0.089 0.001 0.041 0.017 0.026 0.227 0.583 
  46 A _   0.016 0.094 0.001 0.045 0.018 0.026 0.220 0.580 
  47 A _   0.016 0.095 0.001 0.047 0.017 0.025 0.215 0.583 
  48 V _   0.017 0.094 0.001 0.046 0.016 0.023 0.211 0.591 
  49 K _   0.017 0.088 0.001 0.042 0.014 0.022 0.208 0.607 
  50 I _   0.016 0.078 0.001 0.036 0.012 0.019 0.206 0.631 
  51 I _   0.015 0.063 0.001 0.028 0.010 0.017 0.205 0.662 
  52 K _   0.014 0.044 0.001 0.019 0.007 0.014 0.204 0.696 
  53 L _   0.012 0.026 0.001 0.012 0.005 0.012 0.202 0.729 
  54 E _   0.010 0.013 0.000 0.007 0.003 0.011 0.200 0.755 
  55 P _   0.009 0.006 0.000 0.004 0.002 0.010 0.197 0.772 
  56 G _   0.008 0.003 0.000 0.002 0.002 0.009 0.194 0.781 
  57 D _   0.009 0.002 0.000 0.002 0.002 0.011 0.190 0.785 
  58 D _   0.011 0.002 0.000 0.002 0.002 0.013 0.185 0.784 
  59 F _   0.014 0.003 0.000 0.004 0.004 0.018 0.180 0.777 
  60 S _   0.019 0.006 0.001 0.007 0.007 0.023 0.173 0.763 
  61 L _   0.024 0.013 0.001 0.014 0.012 0.030 0.165 0.740 
  62 I _   0.028 0.024 0.001 0.025 0.018 0.036 0.156 0.711 
  63 Q _   0.031 0.036 0.002 0.036 0.023 0.041 0.147 0.684 
  64 Q _   0.032 0.044 0.002 0.046 0.027 0.043 0.139 0.665 
  65 E _   0.033 0.049 0.002 0.052 0.029 0.044 0.133 0.658 
  66 I _   0.034 0.050 0.002 0.052 0.029 0.044 0.128 0.661 
  67 F _   0.034 0.048 0.002 0.048 0.027 0.042 0.123 0.676 
  68 M _   0.034 0.043 0.002 0.039 0.024 0.040 0.120 0.699 
  69 V _   0.033 0.034 0.002 0.029 0.020 0.038 0.117 0.727 
  70 K _   0.033 0.024 0.001 0.020 0.016 0.035 0.114 0.757 
  71 E _   0.031 0.015 0.001 0.012 0.012 0.033 0.111 0.783 
  72 C _   0.031 0.009 0.001 0.008 0.010 0.032 0.109 0.800 
  73 K _   0.031 0.006 0.001 0.006 0.009 0.032 0.106 0.809 
  74 H _   0.032 0.005 0.001 0.006 0.009 0.032 0.104 0.812 
  75 C _   0.035 0.005 0.001 0.007 0.010 0.033 0.101 0.808 
  76 N _   0.038 0.006 0.001 0.010 0.012 0.034 0.099 0.800 
  77 I _   0.042 0.007 0.001 0.015 0.014 0.036 0.096 0.790 
  78 V _   0.044 0.008 0.001 0.019 0.016 0.037 0.093 0.782 
  79 A _   0.045 0.009 0.001 0.021 0.017 0.037 0.091 0.778 
  80 Y _   0.046 0.008 0.001 0.022 0.017 0.036 0.089 0.780 
  81 F _   0.046 0.007 0.001 0.019 0.015 0.035 0.087 0.788 
  82 G _   0.047 0.005 0.001 0.015 0.013 0.034 0.086 0.799 
  83 S _   0.047 0.003 0.001 0.010 0.011 0.033 0.084 0.811 
  84 Y _   0.049 0.002 0.001 0.006 0.009 0.033 0.082 0.819 
  85 L _   0.052 0.001 0.001 0.004 0.008 0.034 0.080 0.821 
  86 S _   0.058 0.001 0.001 0.003 0.008 0.035 0.078 0.816 
  87 R _   0.066 0.001 0.001 0.003 0.010 0.038 0.076 0.805 
  88 E _   0.077 0.001 0.001 0.004 0.014 0.042 0.074 0.787 
  89 K _   0.089 0.003 0.001 0.007 0.020 0.047 0.072 0.761 
  90 L _   0.101 0.007 0.002 0.012 0.027 0.051 0.071 0.729 
  91 W _   0.109 0.014 0.002 0.019 0.035 0.054 0.069 0.697 
  92 I _   0.114 0.021 0.002 0.028 0.040 0.055 0.068 0.672 
  93 C _   0.114 0.027 0.002 0.035 0.042 0.054 0.067 0.659 
  94 M _   0.111 0.030 0.002 0.039 0.041 0.051 0.067 0.658 
  95 E _   0.105 0.030 0.002 0.038 0.038 0.047 0.068 0.672 
  96 Y _   0.094 0.028 0.002 0.034 0.033 0.043 0.068 0.698 
  97 C _   0.082 0.024 0.002 0.028 0.026 0.037 0.069 0.733 
  98 G _   0.068 0.018 0.002 0.021 0.019 0.032 0.070 0.770 
  99 G _   0.056 0.012 0.001 0.014 0.013 0.027 0.071 0.805 
 100 G _   0.045 0.007 0.001 0.010 0.009 0.022 0.072 0.834 
 101 S _   0.036 0.004 0.001 0.007 0.006 0.019 0.073 0.855 
 102 L _   0.029 0.002 0.001 0.005 0.005 0.016 0.073 0.869 
 103 Q _   0.024 0.001 0.000 0.005 0.004 0.015 0.073 0.878 
 104 D _   0.020 0.001 0.000 0.004 0.003 0.014 0.073 0.884 
 105 I _   0.018 0.001 0.000 0.004 0.003 0.014 0.073 0.888 
 106 Y _   0.017 0.000 0.000 0.004 0.003 0.014 0.072 0.888 
 107 H _   0.018 0.000 0.000 0.004 0.003 0.015 0.071 0.887 
 108 V _   0.021 0.000 0.000 0.004 0.004 0.017 0.070 0.884 
 109 T _   0.025 0.000 0.000 0.004 0.004 0.020 0.069 0.877 
 110 G _   0.031 0.000 0.001 0.004 0.006 0.024 0.068 0.866 
 111 P _   0.041 0.001 0.001 0.005 0.008 0.029 0.066 0.851 
 112 L _   0.053 0.001 0.001 0.005 0.011 0.035 0.064 0.830 
 113 S _   0.067 0.002 0.001 0.006 0.015 0.042 0.063 0.804 
 114 E _   0.084 0.004 0.001 0.008 0.020 0.049 0.061 0.773 
 115 L _   0.099 0.006 0.002 0.010 0.026 0.055 0.059 0.741 
 116 Q _   0.115 0.010 0.002 0.012 0.033 0.061 0.058 0.709 
 117 I _   0.127 0.016 0.002 0.015 0.038 0.065 0.057 0.680 
 118 A _   0.137 0.021 0.002 0.018 0.043 0.068 0.056 0.657 
 119 Y _   0.143 0.026 0.002 0.020 0.045 0.068 0.055 0.640 
 120 V _   0.144 0.031 0.002 0.021 0.047 0.068 0.055 0.632 
 121 C _   0.142 0.035 0.002 0.023 0.047 0.066 0.055 0.630 
 122 R _   0.137 0.038 0.002 0.024 0.045 0.063 0.055 0.635 
 123 E _   0.127 0.040 0.002 0.025 0.042 0.060 0.056 0.648 
 124 T _   0.116 0.041 0.002 0.026 0.037 0.055 0.057 0.665 
 125 L _   0.103 0.041 0.002 0.027 0.033 0.050 0.059 0.685 
 126 Q _   0.089 0.041 0.002 0.027 0.028 0.045 0.060 0.707 
 127 G _   0.076 0.039 0.002 0.027 0.023 0.040 0.062 0.731 
 128 L _   0.063 0.037 0.001 0.026 0.019 0.034 0.064 0.756 
 129 A _   0.051 0.033 0.001 0.024 0.015 0.029 0.066 0.782 
 130 Y _   0.040 0.028 0.001 0.021 0.011 0.024 0.068 0.807 
 131 L _   0.030 0.023 0.001 0.017 0.008 0.020 0.070 0.831 
 132 H _   0.023 0.018 0.001 0.014 0.006 0.016 0.072 0.851 
 133 T _   0.017 0.013 0.001 0.011 0.005 0.013 0.073 0.868 
 134 K _   0.013 0.010 0.000 0.008 0.003 0.010 0.074 0.881 
 135 G _   0.010 0.007 0.000 0.006 0.003 0.009 0.075 0.891 
 136 K _   0.008 0.005 0.000 0.005 0.002 0.008 0.075 0.897 
 137 M _   0.007 0.004 0.000 0.004 0.002 0.007 0.075 0.900 
 138 H _   0.006 0.004 0.000 0.004 0.002 0.007 0.075 0.901 
 139 R _   0.006 0.005 0.000 0.005 0.002 0.007 0.074 0.900 
 140 D _   0.006 0.006 0.000 0.007 0.003 0.008 0.073 0.896 
 141 I _   0.007 0.007 0.000 0.010 0.004 0.010 0.072 0.890 
 142 K _   0.007 0.010 0.001 0.013 0.005 0.011 0.071 0.882 
 143 G _   0.008 0.012 0.001 0.018 0.006 0.012 0.070 0.873 
 144 A _   0.009 0.015 0.001 0.022 0.007 0.013 0.069 0.864 
 145 N _   0.009 0.017 0.001 0.025 0.008 0.014 0.069 0.859 
 146 I _   0.009 0.017 0.001 0.026 0.008 0.014 0.068 0.857 
 147 L _   0.009 0.017 0.001 0.025 0.007 0.014 0.068 0.860 
 148 L _   0.008 0.015 0.001 0.022 0.007 0.013 0.068 0.866 
 149 T _   0.008 0.012 0.001 0.018 0.006 0.012 0.068 0.875 
 150 D _   0.008 0.009 0.001 0.013 0.005 0.011 0.069 0.885 
 151 H _   0.008 0.006 0.000 0.009 0.004 0.011 0.069 0.893 
 152 G _   0.008 0.004 0.000 0.006 0.003 0.011 0.069 0.899 
 153 D _   0.010 0.002 0.000 0.004 0.003 0.012 0.068 0.900 
 154 V _   0.012 0.002 0.000 0.004 0.003 0.014 0.068 0.897 
 155 K _   0.016 0.002 0.000 0.004 0.004 0.017 0.067 0.890 
 156 L _   0.022 0.002 0.001 0.004 0.005 0.022 0.066 0.877 
 157 A _   0.031 0.003 0.001 0.006 0.008 0.028 0.065 0.859 
 158 D _   0.041 0.005 0.001 0.009 0.012 0.035 0.064 0.833 
 159 F _   0.052 0.009 0.001 0.013 0.018 0.042 0.062 0.803 
 160 G _   0.063 0.015 0.002 0.018 0.025 0.048 0.061 0.768 
 161 V _   0.074 0.022 0.002 0.024 0.031 0.053 0.059 0.735 
 162 A _   0.082 0.028 0.002 0.029 0.037 0.057 0.059 0.708 
 163 A _   0.088 0.032 0.002 0.033 0.040 0.058 0.058 0.688 
 164 K _   0.091 0.035 0.002 0.036 0.041 0.058 0.058 0.679 
 165 I _   0.090 0.036 0.002 0.036 0.040 0.055 0.058 0.683 
 166 T _   0.087 0.034 0.002 0.034 0.036 0.052 0.059 0.696 
 167 A _   0.081 0.031 0.002 0.030 0.031 0.047 0.061 0.717 
 168 T _   0.073 0.026 0.002 0.025 0.025 0.042 0.062 0.745 
 169 I _   0.065 0.020 0.001 0.019 0.020 0.037 0.063 0.774 
 170 A _   0.055 0.014 0.001 0.014 0.015 0.032 0.065 0.803 
 171 K _   0.047 0.010 0.001 0.010 0.011 0.028 0.066 0.827 
 172 R _   0.040 0.006 0.001 0.008 0.008 0.024 0.067 0.846 
 173 K _   0.033 0.004 0.001 0.006 0.006 0.022 0.068 0.859 
 174 S _   0.029 0.003 0.001 0.005 0.006 0.020 0.069 0.868 
 175 F _   0.026 0.003 0.001 0.005 0.005 0.018 0.070 0.872 
 176 I _   0.024 0.003 0.001 0.006 0.005 0.018 0.070 0.874 
 177 G _   0.022 0.004 0.001 0.007 0.006 0.018 0.070 0.873 
 178 T _   0.022 0.005 0.001 0.008 0.006 0.018 0.071 0.869 
 179 P _   0.022 0.006 0.001 0.011 0.008 0.019 0.071 0.863 
 180 Y _   0.022 0.008 0.001 0.013 0.009 0.020 0.071 0.857 
 181 W _   0.022 0.010 0.001 0.016 0.010 0.020 0.071 0.850 
 182 M _   0.021 0.012 0.001 0.019 0.011 0.020 0.072 0.844 
 183 A _   0.020 0.013 0.001 0.022 0.011 0.020 0.072 0.840 
 184 P _   0.019 0.014 0.001 0.024 0.011 0.019 0.073 0.838 
 185 E _   0.017 0.015 0.001 0.025 0.010 0.018 0.074 0.839 
 186 V _   0.016 0.014 0.001 0.024 0.009 0.017 0.076 0.843 
 187 A _   0.015 0.013 0.001 0.022 0.008 0.015 0.077 0.850 
 188 A _   0.013 0.011 0.001 0.018 0.007 0.013 0.079 0.859 
 189 V _   0.012 0.008 0.001 0.014 0.005 0.012 0.080 0.869 
 190 E _   0.012 0.005 0.000 0.009 0.004 0.010 0.081 0.879 
 191 K _   0.012 0.003 0.000 0.006 0.003 0.009 0.082 0.886 
 192 N _   0.013 0.001 0.000 0.004 0.002 0.009 0.082 0.890 
 193 G _   0.016 0.000 0.000 0.003 0.002 0.009 0.082 0.888 
 194 G _   0.024 0.000 0.000 0.002 0.002 0.011 0.081 0.880 
 195 Y _   0.039 0.000 0.000 0.002 0.003 0.014 0.080 0.863 
 196 N _   0.066 0.000 0.000 0.002 0.004 0.019 0.079 0.830 
 197 Q _   0.108 0.000 0.001 0.002 0.007 0.027 0.077 0.778 
 198 L _   0.165 0.000 0.001 0.003 0.014 0.036 0.075 0.705 
 199 C _   0.229 0.001 0.001 0.005 0.023 0.047 0.073 0.622 
 200 D _   0.288 0.002 0.002 0.007 0.035 0.056 0.072 0.538 
 201 I _   0.338 0.005 0.002 0.009 0.048 0.064 0.071 0.463 
 202 W _   0.375 0.008 0.003 0.013 0.058 0.068 0.071 0.404 
 203 A H   0.399 0.012 0.003 0.016 0.065 0.069 0.072 0.364 
 204 V H   0.411 0.016 0.003 0.019 0.069 0.068 0.074 0.341 
 205 G H   0.410 0.018 0.003 0.022 0.069 0.065 0.077 0.334 
 206 I H   0.398 0.020 0.003 0.023 0.067 0.062 0.082 0.346 
 207 T H   0.374 0.020 0.003 0.024 0.061 0.057 0.088 0.374 
 208 A _   0.338 0.018 0.003 0.023 0.053 0.052 0.095 0.418 
 209 I _   0.294 0.016 0.003 0.021 0.042 0.046 0.104 0.475 
 210 E _   0.242 0.012 0.002 0.019 0.031 0.039 0.113 0.541 
 211 L _   0.188 0.009 0.002 0.015 0.021 0.033 0.123 0.609 
 212 G _   0.139 0.006 0.001 0.011 0.014 0.027 0.133 0.670 
 213 E _   0.098 0.004 0.001 0.008 0.009 0.022 0.140 0.718 
 214 L _   0.068 0.002 0.001 0.006 0.005 0.018 0.146 0.754 
 215 Q _   0.046 0.002 0.000 0.004 0.004 0.015 0.151 0.777 
 216 P _   0.032 0.002 0.000 0.003 0.003 0.014 0.155 0.791 
 217 P _   0.024 0.003 0.000 0.003 0.003 0.014 0.157 0.796 
 218 M _   0.020 0.004 0.000 0.004 0.003 0.015 0.159 0.794 
 219 F _   0.019 0.009 0.000 0.005 0.004 0.018 0.161 0.782 
 220 D _   0.020 0.022 0.001 0.009 0.007 0.022 0.162 0.756 
 221 L _   0.022 0.050 0.001 0.017 0.012 0.026 0.163 0.710 
 222 H _   0.022 0.097 0.002 0.028 0.017 0.029 0.163 0.642 
 223 P _   0.023 0.154 0.002 0.041 0.021 0.031 0.163 0.564 
 224 M _   0.022 0.205 0.002 0.054 0.024 0.031 0.164 0.498 
 225 R _   0.021 0.238 0.002 0.065 0.024 0.031 0.167 0.452 
 226 A _   0.020 0.256 0.002 0.072 0.023 0.029 0.171 0.427 
 227 L _   0.019 0.262 0.002 0.074 0.022 0.027 0.177 0.417 
 228 F _   0.018 0.261 0.002 0.071 0.020 0.025 0.185 0.419 
 229 L _   0.016 0.250 0.002 0.064 0.017 0.022 0.195 0.433 
 230 M _   0.015 0.230 0.002 0.054 0.015 0.019 0.208 0.457 
 231 S _   0.015 0.196 0.001 0.043 0.012 0.017 0.225 0.492 
 232 K _   0.014 0.152 0.001 0.032 0.009 0.015 0.244 0.533 
 233 S _   0.013 0.107 0.001 0.022 0.007 0.012 0.263 0.574 
 234 N _   0.012 0.071 0.001 0.015 0.005 0.010 0.280 0.607 
 235 F _   0.010 0.046 0.000 0.010 0.003 0.008 0.293 0.629 
 236 Q _   0.008 0.032 0.000 0.007 0.002 0.007 0.302 0.642 
 237 P _   0.006 0.024 0.000 0.005 0.002 0.006 0.309 0.649 
 238 P _   0.005 0.020 0.000 0.004 0.001 0.005 0.313 0.652 
 239 K _   0.004 0.018 0.000 0.003 0.001 0.005 0.316 0.653 
 240 L _   0.004 0.017 0.000 0.003 0.001 0.005 0.317 0.653 
 241 K _   0.003 0.018 0.000 0.004 0.001 0.005 0.317 0.652 
 242 D _   0.003 0.021 0.000 0.004 0.001 0.006 0.315 0.649 
 243 K _   0.004 0.026 0.000 0.006 0.002 0.007 0.313 0.642 
 244 T _   0.004 0.035 0.000 0.008 0.003 0.009 0.309 0.632 
 245 K _   0.005 0.052 0.001 0.012 0.004 0.012 0.303 0.612 
 246 W _   0.006 0.079 0.001 0.018 0.006 0.014 0.295 0.581 
 247 S _   0.007 0.117 0.001 0.025 0.008 0.017 0.286 0.538 
 248 S _   0.007 0.165 0.001 0.034 0.011 0.019 0.276 0.486 
 249 T _   0.007 0.212 0.001 0.044 0.014 0.020 0.268 0.434 
 250 F _   0.008 0.251 0.001 0.054 0.015 0.021 0.261 0.389 
 251 H _   0.008 0.279 0.001 0.063 0.016 0.021 0.256 0.355 
 252 N _   0.008 0.295 0.001 0.070 0.017 0.021 0.254 0.335 
 253 F _   0.009 0.301 0.001 0.072 0.016 0.020 0.254 0.326 
 254 V _   0.009 0.300 0.001 0.072 0.016 0.019 0.256 0.326 
 255 K _   0.010 0.291 0.001 0.067 0.015 0.018 0.260 0.338 
 256 I _   0.010 0.270 0.001 0.058 0.013 0.016 0.266 0.364 
 257 A _   0.011 0.231 0.002 0.047 0.012 0.015 0.275 0.407 
 258 L _   0.011 0.172 0.002 0.035 0.010 0.013 0.287 0.470 
 259 T _   0.011 0.106 0.001 0.023 0.007 0.012 0.299 0.541 
 260 K _   0.010 0.053 0.001 0.013 0.005 0.010 0.310 0.600 
 261 N _   0.008 0.021 0.000 0.006 0.003 0.008 0.317 0.636 
 262 P _   0.006 0.008 0.000 0.003 0.002 0.007 0.321 0.653 
 263 K _   0.005 0.004 0.000 0.002 0.001 0.007 0.323 0.658 
 264 K _   0.005 0.002 0.000 0.001 0.001 0.008 0.323 0.658 
 265 R _   0.007 0.002 0.000 0.002 0.001 0.010 0.323 0.654 
 266 P _   0.009 0.003 0.000 0.003 0.002 0.014 0.322 0.645 
 267 T _   0.013 0.006 0.000 0.005 0.005 0.020 0.320 0.630 
 268 A _   0.019 0.013 0.001 0.010 0.008 0.028 0.317 0.605 
 269 E _   0.024 0.024 0.001 0.018 0.014 0.036 0.313 0.570 
 270 R _   0.028 0.038 0.001 0.026 0.020 0.042 0.309 0.534 
 271 L _   0.032 0.050 0.002 0.035 0.025 0.047 0.306 0.503 
 272 L _   0.035 0.058 0.002 0.042 0.029 0.051 0.303 0.480 
 273 T _   0.038 0.061 0.002 0.045 0.032 0.053 0.302 0.467 
 274 H _   0.040 0.062 0.002 0.044 0.032 0.054 0.303 0.463 
 275 T _   0.043 0.060 0.002 0.040 0.031 0.053 0.305 0.467 
 276 F _   0.046 0.054 0.002 0.033 0.028 0.052 0.308 0.478 
 277 V _   0.048 0.046 0.002 0.024 0.024 0.050 0.312 0.494 
 278 A _   0.050 0.037 0.001 0.016 0.020 0.049 0.316 0.511 
 279 Q _   0.052 0.029 0.001 0.011 0.017 0.048 0.320 0.524 
 280 P _   0.053 0.024 0.001 0.007 0.014 0.047 0.323 0.530 
 281 G _   0.055 0.022 0.001 0.006 0.014 0.047 0.327 0.529 
 282 L _   0.056 0.023 0.001 0.007 0.015 0.047 0.330 0.520 
 283 S _   0.058 0.026 0.001 0.010 0.018 0.048 0.334 0.505 
 284 R _   0.058 0.033 0.001 0.017 0.021 0.047 0.339 0.484 
 285 A _   0.055 0.042 0.002 0.027 0.024 0.046 0.344 0.460 
 286 L _   0.051 0.051 0.002 0.037 0.026 0.043 0.350 0.440 
 287 A _   0.046 0.057 0.002 0.045 0.025 0.039 0.359 0.428 
 288 V _   0.040 0.059 0.002 0.048 0.023 0.035 0.369 0.425 
 289 E _   0.033 0.058 0.002 0.047 0.020 0.030 0.380 0.430 
 290 L _   0.027 0.054 0.001 0.042 0.016 0.025 0.394 0.442 
 291 L _   0.022 0.046 0.001 0.033 0.012 0.020 0.408 0.458 
 292 D _   0.018 0.035 0.001 0.023 0.008 0.015 0.423 0.476 
 293 K _   0.014 0.023 0.001 0.015 0.005 0.012 0.437 0.493 
 294 V _   0.011 0.014 0.000 0.009 0.003 0.009 0.449 0.504 
 295 N _   0.008 0.008 0.000 0.006 0.002 0.007 0.459 0.509 
 296 N _   0.006 0.005 0.000 0.004 0.002 0.006 0.467 0.510 
 297 P _   0.005 0.004 0.000 0.004 0.001 0.005 0.473 0.508 
 298 D _   0.005 0.003 0.000 0.004 0.001 0.004 0.477 0.505 
 299 N _   0.005 0.003 0.000 0.004 0.001 0.004 0.481 0.502 
 300 H _   0.004 0.003 0.000 0.005 0.001 0.004 0.484 0.499 
 301 A _   0.004 0.003 0.000 0.005 0.001 0.004 0.486 0.496 
 302 H _   0.004 0.003 0.000 0.006 0.001 0.004 0.487 0.495 
 303 Y _   0.003 0.003 0.000 0.006 0.001 0.004 0.487 0.495 
 304 T _   0.003 0.003 0.000 0.005 0.001 0.004 0.487 0.497 
 305 E _   0.003 0.003 0.000 0.005 0.001 0.004 0.485 0.499 
 306 A _   0.002 0.004 0.000 0.004 0.001 0.004 0.483 0.502 
 307 D _   0.002 0.004 0.000 0.003 0.001 0.004 0.480 0.505 
 308 D _   0.002 0.005 0.000 0.003 0.001 0.004 0.476 0.508 
 309 D _   0.003 0.007 0.000 0.004 0.001 0.005 0.471 0.508 
 310 D _   0.003 0.012 0.000 0.005 0.002 0.007 0.464 0.505 
 311 F _   0.005 0.023 0.000 0.009 0.004 0.010 0.455 0.494 
 312 E _   0.006 0.047 0.001 0.016 0.007 0.014 0.442 0.468 
 313 P X   0.008 0.090 0.001 0.025 0.010 0.018 0.426 0.422 
 314 H X   0.008 0.146 0.002 0.038 0.014 0.020 0.407 0.365 
 315 A X   0.008 0.200 0.002 0.049 0.016 0.021 0.392 0.313 
 316 I X   0.007 0.237 0.001 0.058 0.016 0.021 0.381 0.278 
 317 I X   0.007 0.258 0.001 0.063 0.016 0.020 0.374 0.260 
 318 R X   0.007 0.267 0.001 0.065 0.015 0.019 0.371 0.255 
 319 H X   0.007 0.268 0.001 0.062 0.014 0.018 0.370 0.260 
 320 T X   0.007 0.263 0.001 0.056 0.013 0.017 0.370 0.273 
 321 I X   0.007 0.250 0.001 0.047 0.012 0.015 0.372 0.296 
 322 R X   0.007 0.228 0.001 0.036 0.010 0.013 0.376 0.328 
 323 S X   0.006 0.197 0.001 0.026 0.008 0.012 0.382 0.367 
 324 T _   0.006 0.166 0.001 0.018 0.006 0.011 0.387 0.404 
 325 N _   0.006 0.142 0.001 0.012 0.004 0.010 0.393 0.433 
 326 R _   0.006 0.126 0.000 0.009 0.003 0.009 0.396 0.450 
 327 N _   0.005 0.117 0.000 0.007 0.003 0.009 0.399 0.459 
 328 A _   0.005 0.113 0.000 0.007 0.003 0.009 0.401 0.462 
 329 R _   0.005 0.111 0.000 0.008 0.003 0.009 0.403 0.461 
 330 A _   0.005 0.112 0.000 0.010 0.003 0.009 0.404 0.456 
 331 E _   0.005 0.113 0.000 0.013 0.004 0.010 0.405 0.450 
 332 R _   0.006 0.114 0.001 0.016 0.005 0.010 0.406 0.443 
 333 T _   0.006 0.115 0.001 0.019 0.005 0.010 0.408 0.437 
 334 A _   0.006 0.114 0.001 0.021 0.006 0.010 0.411 0.432 
 335 S _   0.005 0.111 0.001 0.022 0.006 0.010 0.415 0.431 
 336 E _   0.005 0.105 0.001 0.021 0.005 0.009 0.420 0.433 
 337 I _   0.005 0.098 0.001 0.020 0.005 0.009 0.426 0.437 
 338 N _   0.006 0.088 0.001 0.018 0.005 0.008 0.433 0.443 
 339 F _   0.006 0.075 0.001 0.015 0.004 0.008 0.441 0.451 
 340 D _   0.006 0.063 0.001 0.012 0.004 0.007 0.449 0.459 
 341 K _   0.005 0.051 0.000 0.010 0.003 0.007 0.458 0.466 
 342 L _   0.005 0.041 0.000 0.008 0.002 0.006 0.466 0.471 
 343 Q _   0.005 0.034 0.000 0.007 0.002 0.006 0.472 0.475 
 344 F X   0.004 0.028 0.000 0.006 0.002 0.005 0.478 0.477 
 345 E X   0.004 0.025 0.000 0.005 0.002 0.005 0.482 0.477 
 346 P X   0.004 0.023 0.000 0.005 0.001 0.005 0.486 0.477 
 347 P X   0.004 0.022 0.000 0.004 0.001 0.004 0.488 0.476 
 348 L X   0.003 0.021 0.000 0.005 0.001 0.004 0.490 0.474 
 349 R X   0.003 0.021 0.000 0.005 0.001 0.004 0.491 0.473 
 350 K X   0.003 0.022 0.000 0.006 0.002 0.005 0.492 0.470 
 351 E X   0.003 0.023 0.000 0.007 0.002 0.005 0.493 0.467 
 352 T X   0.003 0.025 0.000 0.008 0.002 0.005 0.493 0.464 
 353 E X   0.003 0.027 0.000 0.009 0.002 0.005 0.494 0.460 
 354 A X   0.003 0.028 0.000 0.010 0.002 0.005 0.494 0.457 
 355 R X   0.003 0.030 0.000 0.010 0.002 0.005 0.495 0.454 
 356 D X   0.003 0.031 0.000 0.010 0.002 0.005 0.496 0.452 
 357 E X   0.003 0.032 0.000 0.009 0.002 0.005 0.497 0.451 
 358 M X   0.003 0.032 0.000 0.008 0.002 0.005 0.498 0.450 
 359 G X   0.003 0.033 0.000 0.007 0.002 0.005 0.500 0.450 
 360 L X   0.003 0.034 0.000 0.007 0.002 0.005 0.501 0.448 
 361 S X   0.003 0.035 0.000 0.007 0.002 0.006 0.502 0.445 
 362 S X   0.003 0.036 0.000 0.007 0.002 0.006 0.503 0.441 
 363 D X   0.003 0.039 0.000 0.009 0.003 0.007 0.504 0.434 
 364 P X   0.004 0.043 0.000 0.011 0.003 0.008 0.505 0.425 
 365 N X   0.004 0.048 0.000 0.014 0.004 0.009 0.506 0.413 
 366 F X   0.005 0.053 0.001 0.018 0.005 0.010 0.508 0.400 
 367 M X   0.005 0.057 0.001 0.022 0.006 0.011 0.510 0.388 
 368 L X   0.005 0.061 0.001 0.026 0.007 0.011 0.513 0.378 
 369 Q X   0.005 0.062 0.001 0.028 0.007 0.011 0.516 0.370 
 370 W X   0.005 0.062 0.001 0.028 0.007 0.010 0.522 0.366 
 371 N X   0.005 0.060 0.001 0.027 0.006 0.010 0.528 0.364 
 372 P X   0.005 0.056 0.001 0.024 0.006 0.009 0.536 0.363 
 373 F X   0.005 0.050 0.001 0.021 0.005 0.008 0.545 0.365 
 374 V X   0.005 0.043 0.001 0.017 0.004 0.008 0.556 0.368 
 375 D X   0.004 0.035 0.000 0.013 0.003 0.007 0.567 0.370 
 376 G X   0.004 0.028 0.000 0.010 0.003 0.006 0.577 0.372 
 377 A X   0.004 0.022 0.000 0.008 0.002 0.005 0.587 0.372 
 378 N X   0.004 0.017 0.000 0.007 0.002 0.005 0.595 0.371 
 379 T X   0.003 0.014 0.000 0.006 0.002 0.005 0.602 0.369 
 380 G X   0.003 0.012 0.000 0.006 0.002 0.004 0.608 0.365 
 381 K X   0.003 0.010 0.000 0.006 0.002 0.004 0.614 0.361 
 382 S X   0.003 0.009 0.000 0.006 0.002 0.004 0.619 0.356 
 383 T X   0.003 0.008 0.000 0.007 0.002 0.004 0.624 0.352 
 384 S X   0.003 0.008 0.000 0.007 0.002 0.004 0.628 0.348 
 385 K X   0.003 0.007 0.000 0.007 0.002 0.004 0.632 0.344 
 386 R X   0.003 0.006 0.000 0.007 0.002 0.004 0.636 0.341 
 387 A X   0.003 0.005 0.000 0.007 0.001 0.004 0.640 0.340 
 388 I X   0.003 0.004 0.000 0.006 0.001 0.003 0.644 0.339 
 389 P X   0.002 0.003 0.000 0.005 0.001 0.003 0.647 0.338 
 390 P X   0.002 0.003 0.000 0.004 0.001 0.003 0.649 0.338 
 391 P X   0.002 0.002 0.000 0.003 0.001 0.003 0.651 0.339 
 392 L X   0.002 0.002 0.000 0.003 0.001 0.003 0.652 0.338 
 393 P X   0.002 0.002 0.000 0.003 0.001 0.003 0.652 0.338 
 394 P X   0.002 0.002 0.000 0.003 0.001 0.003 0.652 0.338 
 395 K X   0.002 0.002 0.000 0.004 0.001 0.003 0.651 0.337 
 396 P X   0.002 0.002 0.000 0.005 0.001 0.004 0.649 0.337 
 397 R X   0.003 0.002 0.000 0.006 0.001 0.004 0.647 0.336 
 398 I X   0.003 0.003 0.000 0.007 0.002 0.004 0.645 0.337 
 399 S X   0.003 0.003 0.000 0.008 0.002 0.004 0.642 0.338 
 400 S X   0.003 0.003 0.000 0.008 0.002 0.004 0.639 0.342 
 401 Y X   0.002 0.003 0.000 0.007 0.001 0.004 0.636 0.346 
 402 P X   0.002 0.003 0.000 0.006 0.001 0.003 0.633 0.351 
 403 E X   0.002 0.003 0.000 0.005 0.001 0.003 0.628 0.357 
 404 D X   0.002 0.003 0.000 0.004 0.001 0.003 0.624 0.364 
 405 N X   0.002 0.003 0.000 0.003 0.001 0.003 0.618 0.370 
 406 F X   0.002 0.004 0.000 0.003 0.001 0.003 0.612 0.375 
 407 P X   0.002 0.005 0.000 0.004 0.001 0.004 0.604 0.381 
 408 D X   0.002 0.007 0.000 0.006 0.001 0.004 0.595 0.385 
 409 E X   0.002 0.010 0.000 0.008 0.002 0.005 0.584 0.388 
 410 E X   0.003 0.015 0.000 0.012 0.003 0.006 0.572 0.389 
 411 K X   0.003 0.021 0.000 0.016 0.003 0.007 0.559 0.390 
 412 A X   0.003 0.026 0.001 0.019 0.004 0.008 0.547 0.392 
 413 S X   0.003 0.031 0.001 0.021 0.004 0.008 0.536 0.396 
 414 T X   0.003 0.034 0.001 0.022 0.004 0.008 0.526 0.403 
 415 I X   0.003 0.035 0.000 0.020 0.004 0.008 0.518 0.411 
 416 K X   0.003 0.036 0.000 0.018 0.004 0.007 0.511 0.422 
 417 H X   0.003 0.036 0.000 0.014 0.003 0.007 0.504 0.433 
 418 C X   0.003 0.035 0.000 0.011 0.002 0.006 0.498 0.445 
 419 P X   0.003 0.035 0.000 0.009 0.002 0.006 0.492 0.454 
 420 D X   0.003 0.035 0.000 0.007 0.002 0.006 0.486 0.461 
 421 S X   0.003 0.036 0.000 0.007 0.002 0.006 0.479 0.466 
 422 E X   0.003 0.039 0.000 0.008 0.002 0.007 0.473 0.467 
 423 S _   0.004 0.043 0.000 0.011 0.003 0.008 0.465 0.466 
 424 R _   0.004 0.049 0.001 0.015 0.004 0.009 0.456 0.462 
 425 A _   0.004 0.057 0.001 0.020 0.005 0.010 0.448 0.456 
 426 P _   0.005 0.064 0.001 0.024 0.006 0.010 0.440 0.451 
 427 Q _   0.005 0.069 0.001 0.027 0.006 0.011 0.433 0.449 
 428 I _   0.005 0.071 0.001 0.028 0.006 0.010 0.427 0.452 
 429 L _   0.005 0.071 0.001 0.026 0.006 0.009 0.423 0.459 
 430 R _   0.004 0.069 0.001 0.022 0.005 0.009 0.420 0.470 
 431 R _   0.004 0.066 0.001 0.017 0.004 0.008 0.417 0.484 
 432 Q _   0.004 0.061 0.000 0.013 0.003 0.007 0.415 0.497 
 433 S _   0.004 0.057 0.000 0.009 0.003 0.006 0.413 0.509 
 434 S _   0.003 0.054 0.000 0.007 0.002 0.006 0.411 0.517 
 435 P _   0.003 0.053 0.000 0.006 0.002 0.006 0.408 0.522 
 436 S _   0.003 0.053 0.000 0.006 0.002 0.006 0.405 0.523 
 437 C _   0.004 0.056 0.000 0.008 0.003 0.007 0.402 0.521 
 438 G _   0.004 0.060 0.000 0.010 0.003 0.008 0.398 0.516 
 439 P _   0.005 0.067 0.001 0.013 0.004 0.008 0.393 0.509 
 440 V _   0.005 0.074 0.001 0.016 0.005 0.009 0.389 0.502 
 441 A _   0.005 0.081 0.001 0.019 0.005 0.009 0.385 0.496 
 442 E _   0.004 0.085 0.001 0.021 0.005 0.009 0.381 0.493 
 443 T _   0.004 0.088 0.001 0.021 0.005 0.009 0.379 0.493 
 444 S _   0.004 0.090 0.001 0.020 0.005 0.009 0.377 0.496 
 445 S _   0.004 0.090 0.001 0.018 0.005 0.008 0.375 0.499 
 446 I _   0.004 0.089 0.000 0.017 0.004 0.008 0.375 0.503 
 447 G _   0.004 0.088 0.000 0.015 0.004 0.008 0.374 0.506 
 448 N _   0.004 0.087 0.000 0.015 0.004 0.008 0.375 0.508 
 449 G _   0.004 0.086 0.000 0.014 0.004 0.008 0.375 0.509 
 450 D _   0.004 0.085 0.000 0.015 0.004 0.008 0.376 0.509 
 451 G _   0.004 0.084 0.000 0.015 0.004 0.008 0.377 0.508 
 452 I _   0.004 0.083 0.000 0.016 0.004 0.008 0.378 0.507 
 453 S _   0.004 0.081 0.000 0.017 0.004 0.008 0.380 0.506 
 454 K _   0.004 0.078 0.000 0.017 0.004 0.008 0.382 0.507 
 455 L _   0.004 0.074 0.000 0.017 0.004 0.008 0.385 0.508 
 456 M _   0.004 0.069 0.000 0.016 0.004 0.007 0.388 0.511 
 457 S _   0.004 0.063 0.000 0.014 0.003 0.007 0.392 0.515 
 458 E _   0.004 0.057 0.000 0.013 0.003 0.007 0.396 0.520 
 459 N _   0.004 0.051 0.000 0.012 0.003 0.007 0.400 0.524 
 460 T _   0.004 0.045 0.000 0.011 0.003 0.006 0.404 0.528 
 461 E _   0.004 0.039 0.000 0.010 0.002 0.006 0.408 0.530 
 462 G _   0.004 0.034 0.000 0.010 0.002 0.006 0.412 0.531 
 463 S _   0.004 0.030 0.000 0.009 0.002 0.006 0.416 0.532 
 464 A _   0.004 0.027 0.000 0.009 0.002 0.006 0.419 0.531 
 465 Q _   0.004 0.024 0.000 0.010 0.002 0.006 0.422 0.531 
 466 A _   0.005 0.021 0.000 0.009 0.002 0.006 0.425 0.532 
 467 P _   0.004 0.018 0.000 0.009 0.002 0.006 0.428 0.533 
 468 Q _   0.004 0.015 0.000 0.008 0.002 0.005 0.430 0.535 
 469 L _   0.004 0.012 0.000 0.007 0.002 0.005 0.431 0.538 
 470 P _   0.004 0.010 0.000 0.006 0.001 0.005 0.432 0.542 
 471 R _   0.003 0.007 0.000 0.005 0.001 0.004 0.432 0.546 
 472 K _   0.003 0.006 0.000 0.005 0.001 0.004 0.431 0.550 
 473 N _   0.003 0.005 0.000 0.004 0.001 0.004 0.430 0.553 
 474 D _   0.003 0.004 0.000 0.004 0.001 0.004 0.428 0.556 
 475 K _   0.003 0.004 0.000 0.004 0.001 0.004 0.425 0.560 
 476 R _   0.003 0.004 0.000 0.005 0.001 0.004 0.421 0.563 
 477 D _   0.003 0.004 0.000 0.006 0.001 0.005 0.416 0.566 
 478 F _   0.003 0.005 0.000 0.007 0.002 0.005 0.410 0.569 
 479 P _   0.003 0.005 0.000 0.008 0.002 0.005 0.403 0.573 
 480 K _   0.003 0.006 0.000 0.009 0.002 0.006 0.396 0.578 
 481 P _   0.003 0.007 0.000 0.009 0.002 0.006 0.388 0.584 
 482 A _   0.003 0.008 0.000 0.009 0.002 0.007 0.380 0.591 
 483 I _   0.003 0.009 0.000 0.009 0.002 0.007 0.371 0.599 
 484 N _   0.003 0.010 0.000 0.008 0.002 0.008 0.362 0.607 
 485 G _   0.004 0.011 0.000 0.007 0.002 0.009 0.352 0.615 
 486 L _   0.004 0.012 0.000 0.007 0.003 0.011 0.341 0.621 
 487 P _   0.006 0.015 0.000 0.007 0.003 0.014 0.330 0.624 
 488 P _   0.008 0.021 0.001 0.009 0.005 0.018 0.316 0.623 
 489 T _   0.011 0.032 0.001 0.011 0.008 0.025 0.299 0.613 
 490 P _   0.016 0.054 0.001 0.017 0.014 0.033 0.279 0.587 
 491 K _   0.020 0.093 0.002 0.025 0.022 0.041 0.254 0.542 
 492 V _   0.024 0.152 0.003 0.036 0.030 0.047 0.227 0.481 
 493 L _   0.026 0.216 0.003 0.047 0.036 0.050 0.203 0.420 
 494 M _   0.027 0.268 0.003 0.057 0.039 0.051 0.183 0.373 
 495 G _   0.027 0.303 0.002 0.063 0.039 0.050 0.168 0.348 
 496 A _   0.026 0.322 0.002 0.067 0.038 0.048 0.157 0.340 
 497 C _   0.026 0.330 0.002 0.066 0.036 0.046 0.149 0.346 
 498 F _   0.025 0.329 0.002 0.062 0.034 0.043 0.142 0.363 
 499 S _   0.025 0.320 0.002 0.054 0.030 0.040 0.137 0.391 
 500 K _   0.024 0.302 0.002 0.045 0.026 0.037 0.134 0.430 
 501 V _   0.024 0.276 0.002 0.035 0.022 0.034 0.131 0.477 
 502 F _   0.023 0.246 0.002 0.026 0.017 0.032 0.128 0.526 
 503 D _   0.022 0.219 0.001 0.020 0.014 0.029 0.126 0.569 
 504 G _   0.021 0.198 0.001 0.016 0.011 0.028 0.124 0.602 
 505 C _   0.020 0.184 0.001 0.014 0.010 0.026 0.122 0.623 
 506 P _   0.020 0.177 0.001 0.014 0.009 0.025 0.119 0.636 
 507 L _   0.019 0.172 0.001 0.016 0.009 0.024 0.117 0.643 
 508 K _   0.018 0.169 0.001 0.019 0.009 0.023 0.114 0.647 
 509 I _   0.017 0.167 0.001 0.022 0.010 0.022 0.112 0.649 
 510 N _   0.016 0.163 0.001 0.025 0.010 0.021 0.110 0.653 
 511 C _   0.015 0.158 0.001 0.028 0.010 0.019 0.109 0.660 
 512 A _   0.014 0.149 0.001 0.028 0.010 0.018 0.107 0.673 
 513 T _   0.013 0.135 0.001 0.027 0.009 0.016 0.107 0.693 
 514 S _   0.012 0.115 0.001 0.023 0.008 0.014 0.106 0.721 
 515 W _   0.011 0.090 0.001 0.018 0.006 0.012 0.106 0.755 
 516 I _   0.010 0.066 0.001 0.013 0.005 0.011 0.106 0.789 
 517 H _   0.009 0.046 0.001 0.009 0.004 0.009 0.105 0.818 
 518 P _   0.007 0.033 0.000 0.006 0.003 0.008 0.104 0.838 
 519 D _   0.007 0.027 0.000 0.004 0.002 0.008 0.102 0.849 
 520 T _   0.007 0.024 0.000 0.004 0.002 0.008 0.100 0.854 
 521 K _   0.007 0.024 0.000 0.004 0.002 0.009 0.098 0.855 
 522 D _   0.008 0.026 0.000 0.006 0.003 0.011 0.095 0.850 
 523 Q _   0.009 0.031 0.001 0.009 0.005 0.013 0.092 0.841 
 524 Y _   0.010 0.040 0.001 0.014 0.006 0.015 0.088 0.826 
 525 I _   0.011 0.052 0.001 0.019 0.008 0.017 0.084 0.808 
 526 I _   0.011 0.064 0.001 0.025 0.010 0.018 0.080 0.791 
 527 F _   0.011 0.074 0.001 0.030 0.011 0.019 0.076 0.778 
 528 G _   0.011 0.082 0.001 0.033 0.012 0.020 0.073 0.769 
 529 T _   0.011 0.086 0.001 0.034 0.012 0.019 0.070 0.766 
 530 E _   0.010 0.088 0.001 0.033 0.012 0.019 0.068 0.769 
 531 D _   0.010 0.087 0.001 0.031 0.011 0.018 0.066 0.775 
 532 G _   0.010 0.085 0.001 0.028 0.010 0.017 0.064 0.785 
 533 I _   0.010 0.080 0.001 0.024 0.009 0.016 0.063 0.797 
 534 Y _   0.010 0.075 0.001 0.020 0.007 0.015 0.062 0.809 
 535 T _   0.009 0.069 0.001 0.017 0.006 0.015 0.061 0.822 
 536 L _   0.009 0.063 0.001 0.014 0.006 0.014 0.060 0.833 
 537 N _   0.009 0.059 0.001 0.012 0.005 0.014 0.059 0.841 
 538 L _   0.009 0.055 0.001 0.011 0.005 0.014 0.058 0.847 
 539 N _   0.009 0.053 0.001 0.011 0.005 0.015 0.057 0.849 
 540 E _   0.010 0.052 0.001 0.012 0.006 0.016 0.056 0.849 
 541 L _   0.011 0.051 0.001 0.013 0.006 0.017 0.055 0.846 
 542 H _   0.012 0.051 0.001 0.016 0.007 0.019 0.053 0.841 
 543 E _   0.013 0.052 0.001 0.018 0.008 0.020 0.052 0.836 
 544 A _   0.014 0.051 0.001 0.020 0.009 0.021 0.051 0.832 
 545 T _   0.015 0.050 0.001 0.021 0.010 0.022 0.050 0.831 
 546 M _   0.016 0.047 0.001 0.021 0.010 0.023 0.049 0.833 
 547 E _   0.017 0.043 0.001 0.019 0.010 0.024 0.048 0.838 
 548 Q _   0.018 0.038 0.001 0.016 0.009 0.025 0.047 0.846 
 549 L _   0.020 0.033 0.001 0.012 0.008 0.026 0.047 0.854 
 550 F _   0.022 0.028 0.001 0.010 0.008 0.027 0.046 0.859 
 551 P _   0.026 0.025 0.001 0.007 0.008 0.029 0.045 0.859 
 552 R _   0.031 0.024 0.001 0.007 0.009 0.032 0.044 0.852 
 553 K _   0.038 0.024 0.001 0.007 0.012 0.036 0.043 0.840 
 554 C _   0.046 0.027 0.001 0.009 0.015 0.040 0.042 0.819 
 555 T _   0.054 0.034 0.001 0.013 0.021 0.045 0.041 0.793 
 556 W _   0.061 0.043 0.002 0.019 0.026 0.048 0.040 0.761 
 557 L _   0.066 0.055 0.002 0.025 0.031 0.050 0.039 0.732 
 558 Y _   0.069 0.065 0.002 0.032 0.035 0.051 0.038 0.708 
 559 V _   0.070 0.072 0.002 0.037 0.036 0.050 0.038 0.694 
 560 I _   0.069 0.076 0.002 0.040 0.035 0.048 0.038 0.690 
 561 N _   0.066 0.077 0.002 0.040 0.033 0.046 0.039 0.697 
 562 N _   0.062 0.074 0.002 0.037 0.030 0.042 0.039 0.713 
 563 T _   0.057 0.067 0.002 0.032 0.025 0.038 0.040 0.738 
 564 L _   0.051 0.058 0.002 0.026 0.021 0.034 0.042 0.767 
 565 M _   0.044 0.047 0.001 0.021 0.016 0.030 0.043 0.798 
 566 S _   0.037 0.035 0.001 0.016 0.012 0.027 0.044 0.829 
 567 L _   0.030 0.025 0.001 0.012 0.009 0.023 0.045 0.855 
 568 S _   0.025 0.018 0.001 0.009 0.007 0.021 0.046 0.874 
 569 E _   0.021 0.013 0.001 0.007 0.005 0.019 0.046 0.887 
 570 G _   0.019 0.011 0.001 0.006 0.004 0.018 0.047 0.895 
 571 K _   0.018 0.009 0.000 0.005 0.004 0.017 0.047 0.899 
 572 T _   0.018 0.009 0.000 0.005 0.004 0.018 0.047 0.899 
 573 F _   0.019 0.010 0.000 0.005 0.005 0.019 0.046 0.896 
 574 Q _   0.020 0.011 0.001 0.007 0.006 0.021 0.046 0.889 
 575 L _   0.022 0.015 0.001 0.009 0.008 0.023 0.045 0.876 
 576 Y _   0.025 0.021 0.001 0.013 0.011 0.026 0.044 0.857 
 577 S _   0.028 0.030 0.001 0.020 0.015 0.029 0.043 0.834 
 578 H _   0.031 0.041 0.001 0.027 0.018 0.031 0.043 0.808 
 579 N _   0.033 0.050 0.002 0.036 0.021 0.032 0.042 0.785 
 580 L _   0.034 0.057 0.002 0.042 0.022 0.032 0.042 0.770 
 581 I _   0.035 0.060 0.002 0.045 0.021 0.031 0.042 0.765 
 582 A _   0.033 0.060 0.002 0.044 0.019 0.028 0.043 0.771 
 583 L _   0.030 0.056 0.001 0.039 0.016 0.026 0.043 0.788 
 584 F _   0.027 0.049 0.001 0.031 0.013 0.022 0.044 0.812 
 585 E _   0.023 0.039 0.001 0.022 0.010 0.019 0.045 0.841 
 586 H _   0.020 0.028 0.001 0.014 0.007 0.017 0.046 0.868 
 587 A _   0.017 0.020 0.001 0.009 0.005 0.015 0.046 0.889 
 588 K _   0.015 0.015 0.000 0.006 0.004 0.013 0.046 0.901 
 589 K _   0.013 0.013 0.000 0.005 0.003 0.013 0.046 0.906 
 590 P _   0.013 0.013 0.000 0.005 0.003 0.013 0.046 0.906 
 591 G _   0.014 0.015 0.000 0.007 0.004 0.014 0.046 0.900 
 592 L _   0.014 0.018 0.001 0.011 0.006 0.015 0.045 0.890 
 593 A _   0.015 0.023 0.001 0.016 0.007 0.016 0.045 0.877 
 594 A _   0.015 0.027 0.001 0.022 0.009 0.017 0.044 0.865 
 595 H _   0.015 0.030 0.001 0.025 0.009 0.017 0.044 0.858 
 596 I _   0.015 0.032 0.001 0.027 0.009 0.017 0.043 0.857 
 597 Q _   0.014 0.031 0.001 0.025 0.009 0.016 0.043 0.862 
 598 T _   0.012 0.029 0.001 0.021 0.007 0.014 0.043 0.872 
 599 H _   0.011 0.026 0.001 0.016 0.006 0.013 0.044 0.883 
 600 R _   0.010 0.023 0.001 0.012 0.005 0.012 0.044 0.895 
 601 F _   0.009 0.019 0.000 0.008 0.004 0.011 0.044 0.904 
 602 P _   0.009 0.018 0.000 0.006 0.003 0.011 0.044 0.909 
 603 D _   0.009 0.017 0.000 0.006 0.003 0.011 0.044 0.910 
 604 R _   0.009 0.018 0.000 0.007 0.004 0.012 0.043 0.906 
 605 I _   0.011 0.022 0.001 0.009 0.005 0.014 0.042 0.897 
 606 L _   0.012 0.028 0.001 0.014 0.007 0.016 0.042 0.882 
 607 P _   0.013 0.036 0.001 0.020 0.009 0.017 0.041 0.863 
 608 R _   0.014 0.045 0.001 0.028 0.011 0.019 0.040 0.844 
 609 K _   0.013 0.051 0.001 0.034 0.012 0.019 0.039 0.830 
 610 F _   0.013 0.055 0.001 0.038 0.012 0.019 0.038 0.825 
 611 A _   0.012 0.056 0.001 0.038 0.012 0.018 0.038 0.825 
 612 L _   0.011 0.054 0.001 0.035 0.011 0.016 0.038 0.833 
 613 T _   0.010 0.050 0.001 0.030 0.009 0.015 0.039 0.847 
 614 T _   0.009 0.043 0.001 0.023 0.007 0.013 0.039 0.865 
 615 K _   0.008 0.035 0.001 0.017 0.005 0.011 0.039 0.883 
 616 I _   0.008 0.028 0.001 0.011 0.004 0.010 0.040 0.899 
 617 P _   0.007 0.023 0.000 0.008 0.003 0.009 0.040 0.910 
 618 D _   0.007 0.020 0.000 0.006 0.003 0.009 0.040 0.916 
 619 T _   0.007 0.019 0.000 0.006 0.003 0.010 0.039 0.917 
 620 K _   0.007 0.019 0.000 0.007 0.003 0.011 0.038 0.914 
 621 G _   0.008 0.022 0.000 0.010 0.004 0.013 0.037 0.906 
 622 C _   0.009 0.026 0.001 0.015 0.006 0.015 0.036 0.893 
 623 H _   0.010 0.032 0.001 0.022 0.008 0.017 0.035 0.876 
 624 K _   0.010 0.038 0.001 0.030 0.010 0.018 0.034 0.859 
 625 C _   0.010 0.042 0.001 0.036 0.011 0.019 0.033 0.847 
 626 C _   0.011 0.044 0.001 0.040 0.012 0.020 0.032 0.841 
 627 I _   0.010 0.044 0.001 0.040 0.012 0.020 0.032 0.841 
 628 V _   0.010 0.041 0.001 0.036 0.011 0.019 0.032 0.849 
 629 R _   0.010 0.035 0.001 0.030 0.010 0.019 0.031 0.864 
 630 N _   0.011 0.027 0.001 0.022 0.008 0.018 0.032 0.881 
 631 P _   0.011 0.018 0.001 0.015 0.006 0.018 0.032 0.899 
 632 Y _   0.013 0.010 0.001 0.010 0.005 0.019 0.032 0.911 
 633 T _   0.016 0.005 0.001 0.006 0.004 0.020 0.032 0.916 
 634 G _   0.021 0.003 0.000 0.004 0.004 0.023 0.031 0.913 
 635 H _   0.029 0.002 0.001 0.004 0.005 0.027 0.031 0.902 
 636 K _   0.041 0.002 0.001 0.004 0.007 0.033 0.030 0.882 
 637 Y _   0.057 0.002 0.001 0.006 0.012 0.040 0.030 0.853 
 638 L _   0.076 0.004 0.001 0.008 0.018 0.048 0.029 0.816 
 639 C _   0.097 0.007 0.002 0.012 0.026 0.056 0.028 0.773 
 640 G _   0.117 0.011 0.002 0.017 0.035 0.063 0.027 0.729 
 641 A _   0.134 0.016 0.002 0.021 0.043 0.067 0.026 0.691 
 642 L _   0.148 0.019 0.002 0.025 0.048 0.070 0.026 0.663 
 643 Q _   0.157 0.022 0.002 0.027 0.051 0.070 0.026 0.646 
 644 S _   0.162 0.023 0.003 0.028 0.051 0.069 0.026 0.639 
 645 G _   0.163 0.022 0.002 0.027 0.048 0.066 0.026 0.644 
 646 I _   0.161 0.021 0.002 0.025 0.043 0.062 0.027 0.659 
 647 V _   0.154 0.018 0.002 0.021 0.036 0.057 0.028 0.683 
 648 L _   0.143 0.014 0.002 0.017 0.029 0.052 0.029 0.713 
 649 L _   0.129 0.010 0.002 0.013 0.023 0.047 0.030 0.747 
 650 Q _   0.113 0.007 0.001 0.009 0.017 0.042 0.031 0.779 
 651 W _   0.096 0.004 0.001 0.007 0.013 0.038 0.032 0.809 
 652 Y _   0.081 0.003 0.001 0.006 0.010 0.035 0.033 0.831 
 653 E _   0.069 0.003 0.001 0.005 0.009 0.033 0.033 0.847 
 654 P _   0.060 0.003 0.001 0.006 0.009 0.032 0.033 0.856 
 655 M _   0.053 0.004 0.001 0.008 0.009 0.031 0.034 0.860 
 656 Q _   0.048 0.006 0.001 0.011 0.011 0.031 0.034 0.858 
 657 K _   0.043 0.009 0.001 0.015 0.012 0.030 0.034 0.855 
 658 F _   0.039 0.012 0.001 0.020 0.013 0.029 0.034 0.851 
 659 M _   0.035 0.015 0.001 0.024 0.014 0.028 0.035 0.849 
 660 L _   0.032 0.016 0.001 0.026 0.014 0.026 0.035 0.850 
 661 I _   0.028 0.016 0.001 0.026 0.013 0.024 0.036 0.856 
 662 K _   0.024 0.015 0.001 0.024 0.011 0.021 0.036 0.866 
 663 H _   0.021 0.013 0.001 0.020 0.009 0.019 0.037 0.879 
