#TopoPred_TM8: 8-state transmembrane topology prediction results by no_profile mode 
#probabilities are in the order of H E C I L F X _, the 8 transmembrane topology types used in PDBTM 
   1 M X   0.015 0.002 0.002 0.054 0.009 0.010 0.589 0.318 
   2 E X   0.004 0.001 0.000 0.029 0.002 0.005 0.603 0.356 
   3 K X   0.001 0.001 0.000 0.015 0.001 0.003 0.603 0.375 
   4 Y X   0.001 0.003 0.000 0.012 0.001 0.004 0.597 0.384 
   5 E X   0.002 0.007 0.000 0.014 0.001 0.007 0.584 0.386 
   6 N X   0.004 0.016 0.000 0.018 0.003 0.012 0.563 0.384 
   7 L X   0.006 0.035 0.001 0.025 0.006 0.017 0.536 0.374 
   8 G X   0.008 0.070 0.001 0.036 0.009 0.022 0.497 0.356 
   9 L X   0.009 0.120 0.002 0.047 0.012 0.025 0.452 0.332 
  10 V X   0.009 0.176 0.002 0.059 0.015 0.027 0.406 0.306 
  11 G X   0.008 0.223 0.002 0.069 0.017 0.027 0.367 0.288 
  12 E X   0.007 0.255 0.002 0.075 0.018 0.026 0.338 0.279 
  13 G X   0.007 0.275 0.002 0.077 0.019 0.026 0.318 0.277 
  14 S X   0.007 0.286 0.001 0.077 0.018 0.025 0.303 0.282 
  15 Y _   0.008 0.290 0.001 0.075 0.018 0.024 0.292 0.292 
  16 G _   0.008 0.288 0.001 0.069 0.017 0.022 0.284 0.310 
  17 M _   0.009 0.279 0.001 0.061 0.015 0.021 0.278 0.336 
  18 V _   0.009 0.262 0.001 0.051 0.013 0.019 0.274 0.371 
  19 M _   0.009 0.236 0.001 0.040 0.011 0.017 0.271 0.415 
  20 K _   0.009 0.202 0.001 0.028 0.009 0.015 0.268 0.468 
  21 C _   0.009 0.167 0.001 0.019 0.006 0.014 0.265 0.520 
  22 R _   0.008 0.140 0.001 0.012 0.005 0.013 0.262 0.561 
  23 N _   0.007 0.124 0.000 0.008 0.004 0.012 0.258 0.587 
  24 K _   0.007 0.116 0.000 0.007 0.003 0.012 0.253 0.602 
  25 D _   0.007 0.114 0.000 0.007 0.003 0.013 0.248 0.608 
  26 T _   0.008 0.117 0.000 0.009 0.004 0.014 0.242 0.606 
  27 G _   0.008 0.124 0.001 0.015 0.006 0.016 0.234 0.595 
  28 R _   0.009 0.137 0.001 0.024 0.009 0.018 0.225 0.577 
  29 I _   0.010 0.152 0.001 0.035 0.011 0.019 0.216 0.556 
  30 V _   0.010 0.163 0.001 0.045 0.013 0.020 0.209 0.540 
  31 A _   0.010 0.169 0.001 0.052 0.013 0.019 0.203 0.532 
  32 I _   0.010 0.170 0.001 0.054 0.013 0.019 0.199 0.534 
  33 K _   0.010 0.165 0.001 0.052 0.012 0.017 0.196 0.547 
  34 K _   0.009 0.152 0.001 0.045 0.011 0.015 0.194 0.571 
  35 F _   0.009 0.130 0.001 0.036 0.009 0.013 0.194 0.608 
  36 L _   0.008 0.099 0.001 0.026 0.007 0.012 0.194 0.654 
  37 E _   0.008 0.067 0.001 0.017 0.005 0.010 0.194 0.700 
  38 S _   0.007 0.041 0.001 0.010 0.003 0.008 0.193 0.738 
  39 D _   0.006 0.026 0.000 0.005 0.002 0.007 0.192 0.761 
  40 D _   0.005 0.019 0.000 0.003 0.002 0.007 0.190 0.773 
  41 D _   0.006 0.017 0.000 0.003 0.002 0.008 0.187 0.778 
  42 K _   0.007 0.017 0.000 0.003 0.002 0.010 0.183 0.778 
  43 M _   0.009 0.020 0.000 0.005 0.003 0.013 0.179 0.771 
  44 V _   0.012 0.027 0.001 0.009 0.006 0.017 0.173 0.755 
  45 K _   0.015 0.044 0.001 0.017 0.009 0.023 0.165 0.726 
  46 K _   0.018 0.068 0.001 0.028 0.014 0.027 0.156 0.688 
  47 I _   0.019 0.093 0.002 0.040 0.018 0.030 0.148 0.650 
  48 A _   0.020 0.111 0.002 0.051 0.020 0.032 0.141 0.623 
  49 M _   0.020 0.122 0.002 0.058 0.022 0.033 0.135 0.609 
  50 R _   0.021 0.126 0.002 0.060 0.022 0.032 0.131 0.607 
  51 E _   0.020 0.125 0.002 0.058 0.021 0.031 0.128 0.615 
  52 I _   0.020 0.119 0.002 0.051 0.019 0.029 0.126 0.635 
  53 K _   0.019 0.107 0.001 0.042 0.016 0.026 0.124 0.666 
  54 L _   0.018 0.088 0.001 0.031 0.013 0.023 0.123 0.703 
  55 L _   0.016 0.065 0.001 0.021 0.010 0.021 0.123 0.743 
  56 K _   0.015 0.045 0.001 0.014 0.007 0.019 0.122 0.777 
  57 Q _   0.014 0.031 0.001 0.009 0.005 0.017 0.121 0.802 
  58 L _   0.014 0.023 0.000 0.007 0.004 0.016 0.120 0.817 
  59 R _   0.014 0.019 0.000 0.006 0.004 0.016 0.118 0.824 
  60 H _   0.014 0.017 0.000 0.006 0.004 0.017 0.116 0.825 
  61 E _   0.016 0.018 0.001 0.008 0.005 0.018 0.114 0.821 
  62 N _   0.017 0.019 0.001 0.012 0.007 0.019 0.112 0.813 
  63 L _   0.019 0.022 0.001 0.017 0.009 0.021 0.110 0.803 
  64 V _   0.020 0.024 0.001 0.022 0.011 0.022 0.107 0.793 
  65 N _   0.021 0.026 0.001 0.026 0.012 0.022 0.106 0.786 
  66 L _   0.021 0.026 0.001 0.028 0.012 0.022 0.104 0.786 
  67 L _   0.021 0.024 0.001 0.027 0.011 0.021 0.103 0.791 
  68 E _   0.020 0.021 0.001 0.023 0.010 0.020 0.102 0.803 
  69 V _   0.019 0.016 0.001 0.017 0.008 0.018 0.101 0.819 
  70 C _   0.018 0.011 0.001 0.012 0.006 0.017 0.101 0.835 
  71 K _   0.018 0.006 0.001 0.007 0.005 0.016 0.100 0.848 
  72 K _   0.018 0.004 0.000 0.004 0.004 0.016 0.098 0.856 
  73 K _   0.019 0.002 0.000 0.003 0.003 0.017 0.097 0.858 
  74 K _   0.022 0.002 0.000 0.003 0.004 0.019 0.095 0.855 
  75 R _   0.026 0.003 0.001 0.004 0.006 0.022 0.093 0.845 
  76 W _   0.031 0.006 0.001 0.007 0.009 0.026 0.091 0.830 
  77 Y _   0.036 0.012 0.001 0.012 0.013 0.030 0.089 0.808 
  78 L _   0.039 0.021 0.001 0.020 0.017 0.034 0.087 0.780 
  79 V _   0.042 0.032 0.002 0.029 0.021 0.036 0.085 0.755 
  80 F _   0.042 0.040 0.002 0.035 0.023 0.036 0.083 0.739 
  81 E _   0.041 0.044 0.002 0.039 0.024 0.036 0.082 0.733 
  82 F _   0.038 0.045 0.002 0.039 0.022 0.034 0.081 0.738 
  83 V _   0.036 0.045 0.002 0.036 0.020 0.031 0.080 0.750 
  84 D _   0.032 0.041 0.001 0.031 0.017 0.028 0.080 0.768 
  85 H _   0.028 0.036 0.001 0.025 0.014 0.025 0.080 0.790 
  86 T _   0.025 0.029 0.001 0.020 0.011 0.022 0.080 0.812 
  87 I _   0.022 0.023 0.001 0.016 0.009 0.019 0.081 0.831 
  88 L _   0.019 0.017 0.001 0.013 0.007 0.017 0.081 0.846 
  89 D _   0.017 0.013 0.001 0.011 0.006 0.015 0.081 0.857 
  90 D _   0.015 0.010 0.001 0.009 0.005 0.014 0.081 0.866 
  91 L _   0.014 0.007 0.001 0.008 0.004 0.012 0.081 0.873 
  92 E _   0.012 0.005 0.000 0.007 0.004 0.012 0.081 0.878 
  93 L _   0.012 0.004 0.000 0.007 0.003 0.011 0.080 0.883 
  94 F _   0.012 0.002 0.000 0.006 0.003 0.011 0.079 0.887 
  95 P _   0.012 0.001 0.000 0.005 0.003 0.011 0.078 0.889 
  96 N _   0.013 0.001 0.000 0.004 0.003 0.012 0.077 0.890 
  97 G _   0.016 0.001 0.000 0.004 0.003 0.014 0.075 0.888 
  98 L _   0.021 0.000 0.000 0.003 0.003 0.017 0.073 0.882 
  99 D _   0.028 0.000 0.000 0.003 0.004 0.021 0.071 0.871 
 100 Y _   0.039 0.000 0.001 0.004 0.006 0.026 0.069 0.855 
 101 Q _   0.054 0.001 0.001 0.005 0.009 0.033 0.066 0.833 
 102 V _   0.071 0.001 0.001 0.006 0.013 0.041 0.063 0.804 
 103 V _   0.092 0.002 0.001 0.007 0.019 0.050 0.060 0.769 
 104 Q _   0.114 0.004 0.002 0.009 0.026 0.058 0.057 0.731 
 105 K _   0.134 0.006 0.002 0.012 0.035 0.065 0.054 0.692 
 106 Y _   0.153 0.010 0.002 0.014 0.044 0.071 0.051 0.654 
 107 L _   0.168 0.014 0.002 0.017 0.052 0.076 0.049 0.622 
 108 F _   0.178 0.019 0.003 0.021 0.059 0.077 0.047 0.597 
 109 Q _   0.183 0.023 0.003 0.024 0.063 0.077 0.046 0.581 
 110 I _   0.184 0.026 0.003 0.027 0.064 0.076 0.045 0.576 
 111 I _   0.181 0.028 0.003 0.029 0.062 0.072 0.044 0.580 
 112 N _   0.174 0.030 0.003 0.030 0.057 0.067 0.044 0.595 
 113 G _   0.162 0.029 0.003 0.029 0.050 0.061 0.045 0.620 
 114 I _   0.146 0.027 0.002 0.027 0.042 0.055 0.046 0.654 
 115 G _   0.126 0.024 0.002 0.024 0.034 0.048 0.047 0.694 
 116 F _   0.104 0.020 0.002 0.021 0.026 0.041 0.048 0.738 
 117 C _   0.081 0.016 0.001 0.018 0.019 0.035 0.049 0.781 
 118 H _   0.062 0.012 0.001 0.015 0.014 0.029 0.050 0.817 
 119 S _   0.046 0.009 0.001 0.012 0.010 0.024 0.050 0.847 
 120 H _   0.034 0.007 0.001 0.011 0.007 0.020 0.051 0.869 
 121 N _   0.025 0.005 0.001 0.009 0.006 0.017 0.052 0.886 
 122 I _   0.019 0.004 0.001 0.008 0.004 0.014 0.052 0.898 
 123 I _   0.015 0.003 0.000 0.007 0.004 0.012 0.052 0.906 
 124 H _   0.013 0.002 0.000 0.006 0.003 0.011 0.052 0.912 
 125 R _   0.011 0.002 0.000 0.006 0.003 0.010 0.051 0.917 
 126 D _   0.010 0.002 0.000 0.005 0.003 0.010 0.051 0.920 
 127 I _   0.009 0.002 0.000 0.005 0.003 0.010 0.050 0.921 
 128 K _   0.009 0.002 0.000 0.005 0.003 0.011 0.049 0.921 
 129 P _   0.010 0.002 0.000 0.005 0.003 0.012 0.048 0.919 
 130 E _   0.011 0.002 0.000 0.006 0.004 0.014 0.047 0.915 
 131 N _   0.013 0.003 0.001 0.007 0.005 0.017 0.046 0.909 
 132 I _   0.016 0.005 0.001 0.008 0.006 0.020 0.045 0.900 
 133 L _   0.018 0.008 0.001 0.011 0.008 0.023 0.043 0.889 
 134 V _   0.021 0.011 0.001 0.013 0.010 0.027 0.041 0.876 
 135 S _   0.025 0.014 0.001 0.015 0.012 0.030 0.040 0.863 
 136 Q _   0.028 0.017 0.001 0.017 0.015 0.034 0.038 0.850 
 137 S _   0.031 0.021 0.001 0.019 0.017 0.037 0.037 0.838 
 138 G _   0.035 0.023 0.001 0.020 0.019 0.039 0.035 0.827 
 139 V _   0.039 0.026 0.001 0.020 0.020 0.041 0.034 0.819 
 140 V _   0.042 0.028 0.001 0.021 0.022 0.043 0.033 0.811 
 141 K _   0.045 0.029 0.001 0.021 0.022 0.044 0.032 0.806 
 142 L _   0.047 0.030 0.001 0.021 0.023 0.044 0.031 0.803 
 143 C _   0.049 0.031 0.001 0.022 0.023 0.044 0.030 0.801 
 144 D _   0.049 0.031 0.002 0.022 0.023 0.043 0.029 0.802 
 145 F _   0.048 0.031 0.001 0.022 0.022 0.041 0.029 0.806 
 146 G _   0.046 0.030 0.001 0.022 0.020 0.039 0.029 0.813 
 147 F _   0.044 0.029 0.001 0.021 0.019 0.037 0.028 0.821 
 148 A _   0.041 0.027 0.001 0.020 0.017 0.034 0.028 0.831 
 149 R _   0.038 0.025 0.001 0.019 0.015 0.031 0.028 0.843 
 150 T _   0.035 0.022 0.001 0.017 0.013 0.029 0.028 0.856 
 151 L _   0.031 0.019 0.001 0.015 0.011 0.026 0.028 0.869 
 152 A _   0.028 0.016 0.001 0.013 0.009 0.024 0.028 0.881 
 153 A _   0.025 0.014 0.001 0.011 0.008 0.022 0.027 0.892 
 154 P _   0.023 0.012 0.001 0.010 0.007 0.020 0.027 0.900 
 155 G _   0.022 0.010 0.001 0.009 0.007 0.019 0.027 0.906 
 156 E _   0.021 0.009 0.001 0.009 0.006 0.018 0.027 0.910 
 157 V _   0.020 0.008 0.001 0.009 0.006 0.018 0.026 0.913 
 158 Y _   0.019 0.008 0.001 0.009 0.006 0.018 0.026 0.914 
 159 T _   0.018 0.008 0.001 0.010 0.007 0.018 0.025 0.913 
 160 D _   0.018 0.008 0.001 0.011 0.007 0.018 0.025 0.912 
 161 Y _   0.018 0.008 0.001 0.012 0.008 0.018 0.024 0.911 
 162 V _   0.019 0.009 0.001 0.013 0.008 0.018 0.024 0.909 
 163 A _   0.019 0.009 0.001 0.013 0.008 0.018 0.023 0.908 
 164 T _   0.019 0.009 0.001 0.014 0.008 0.018 0.023 0.909 
 165 R _   0.019 0.008 0.001 0.014 0.008 0.018 0.022 0.910 
 166 W _   0.018 0.008 0.001 0.014 0.008 0.018 0.022 0.912 
 167 Y _   0.018 0.008 0.001 0.014 0.008 0.017 0.021 0.914 
 168 R _   0.017 0.007 0.001 0.013 0.008 0.017 0.021 0.916 
 169 A _   0.017 0.007 0.001 0.013 0.008 0.016 0.020 0.919 
 170 P _   0.018 0.006 0.001 0.013 0.007 0.015 0.020 0.921 
 171 E _   0.019 0.005 0.001 0.012 0.007 0.015 0.019 0.923 
 172 L _   0.021 0.004 0.001 0.011 0.006 0.014 0.019 0.925 
 173 L _   0.023 0.003 0.001 0.010 0.006 0.013 0.018 0.926 
 174 V _   0.028 0.002 0.001 0.008 0.005 0.012 0.018 0.926 
 175 G _   0.035 0.001 0.001 0.006 0.005 0.011 0.017 0.923 
 176 D _   0.047 0.001 0.001 0.005 0.004 0.011 0.016 0.917 
 177 V _   0.064 0.000 0.000 0.003 0.004 0.010 0.015 0.904 
 178 K _   0.090 0.000 0.001 0.002 0.004 0.010 0.013 0.881 
 179 Y _   0.128 0.000 0.001 0.001 0.004 0.010 0.012 0.845 
 180 G _   0.183 0.000 0.001 0.001 0.005 0.010 0.010 0.790 
 181 K _   0.262 0.000 0.001 0.001 0.006 0.011 0.008 0.712 
 182 A _   0.361 0.000 0.001 0.001 0.007 0.011 0.007 0.613 
 183 V _   0.478 0.000 0.001 0.001 0.009 0.012 0.005 0.495 
 184 D H   0.599 0.000 0.001 0.001 0.010 0.012 0.004 0.374 
 185 V H   0.706 0.000 0.001 0.001 0.012 0.011 0.002 0.267 
 186 W H   0.788 0.000 0.001 0.001 0.013 0.010 0.002 0.185 
 187 A H   0.845 0.000 0.001 0.001 0.014 0.009 0.001 0.128 
 188 I H   0.881 0.000 0.001 0.001 0.015 0.008 0.001 0.092 
 189 G H   0.901 0.000 0.001 0.001 0.016 0.008 0.001 0.073 
 190 C H   0.910 0.000 0.001 0.001 0.017 0.007 0.001 0.064 
 191 L H   0.909 0.000 0.001 0.001 0.018 0.007 0.001 0.064 
 192 V H   0.898 0.000 0.001 0.001 0.019 0.007 0.001 0.073 
 193 T H   0.876 0.000 0.001 0.001 0.020 0.008 0.002 0.092 
 194 E H   0.837 0.000 0.001 0.001 0.021 0.009 0.003 0.128 
 195 M H   0.777 0.000 0.002 0.002 0.022 0.010 0.004 0.184 
 196 F H   0.691 0.000 0.002 0.003 0.021 0.011 0.006 0.266 
 197 M H   0.583 0.000 0.002 0.004 0.018 0.012 0.009 0.371 
 198 G _   0.461 0.000 0.002 0.005 0.015 0.012 0.013 0.492 
 199 E _   0.340 0.000 0.001 0.005 0.011 0.011 0.017 0.614 
 200 P _   0.236 0.000 0.001 0.005 0.007 0.009 0.021 0.721 
 201 L _   0.153 0.000 0.001 0.004 0.005 0.008 0.024 0.806 
 202 F _   0.096 0.000 0.000 0.003 0.003 0.006 0.026 0.866 
 203 P _   0.062 0.000 0.000 0.002 0.002 0.005 0.027 0.902 
 204 G _   0.045 0.000 0.000 0.001 0.001 0.004 0.028 0.919 
 205 D _   0.042 0.000 0.000 0.001 0.001 0.005 0.028 0.923 
 206 S _   0.050 0.000 0.000 0.001 0.001 0.006 0.028 0.913 
 207 D _   0.077 0.000 0.000 0.001 0.002 0.010 0.028 0.881 
 208 I _   0.134 0.000 0.001 0.001 0.005 0.015 0.027 0.817 
 209 D _   0.225 0.000 0.001 0.002 0.009 0.024 0.025 0.714 
 210 Q _   0.335 0.000 0.001 0.002 0.017 0.033 0.024 0.587 
 211 L _   0.442 0.000 0.002 0.003 0.030 0.043 0.023 0.458 
 212 Y H   0.529 0.001 0.002 0.005 0.043 0.049 0.022 0.349 
 213 H H   0.587 0.002 0.002 0.007 0.053 0.053 0.022 0.273 
 214 I H   0.622 0.004 0.003 0.009 0.060 0.053 0.023 0.226 
 215 M H   0.637 0.005 0.003 0.011 0.064 0.052 0.025 0.203 
 216 M H   0.637 0.006 0.003 0.013 0.065 0.050 0.027 0.201 
 217 C H   0.623 0.006 0.003 0.013 0.063 0.047 0.030 0.215 
 218 L H   0.595 0.005 0.003 0.012 0.059 0.043 0.035 0.248 
 219 G H   0.549 0.004 0.003 0.011 0.051 0.039 0.040 0.303 
 220 N H   0.484 0.003 0.003 0.010 0.041 0.035 0.047 0.378 
 221 L _   0.406 0.002 0.002 0.009 0.030 0.030 0.055 0.466 
 222 I _   0.325 0.001 0.002 0.007 0.020 0.025 0.063 0.556 
 223 P _   0.248 0.001 0.001 0.006 0.013 0.021 0.072 0.638 
 224 R _   0.180 0.000 0.001 0.005 0.009 0.017 0.080 0.708 
 225 H _   0.123 0.000 0.001 0.004 0.006 0.014 0.087 0.764 
 226 Q _   0.082 0.000 0.001 0.004 0.004 0.012 0.092 0.805 
 227 E _   0.054 0.000 0.000 0.004 0.003 0.010 0.097 0.831 
 228 L _   0.036 0.000 0.000 0.003 0.003 0.009 0.100 0.848 
 229 F _   0.025 0.001 0.000 0.003 0.003 0.009 0.103 0.856 
 230 N _   0.019 0.001 0.000 0.004 0.003 0.009 0.105 0.858 
 231 K _   0.016 0.003 0.000 0.006 0.003 0.010 0.107 0.856 
 232 N _   0.014 0.006 0.000 0.008 0.004 0.011 0.108 0.849 
 233 P _   0.013 0.010 0.001 0.012 0.005 0.012 0.110 0.839 
 234 V _   0.012 0.015 0.001 0.016 0.006 0.013 0.111 0.826 
 235 F _   0.012 0.020 0.001 0.020 0.007 0.013 0.113 0.814 
 236 A _   0.012 0.024 0.001 0.023 0.008 0.014 0.115 0.804 
 237 G _   0.011 0.027 0.001 0.025 0.008 0.013 0.117 0.798 
 238 V _   0.011 0.028 0.001 0.025 0.007 0.013 0.120 0.795 
 239 R _   0.010 0.028 0.001 0.023 0.007 0.012 0.124 0.796 
 240 L _   0.009 0.027 0.001 0.020 0.006 0.011 0.127 0.799 
 241 P _   0.009 0.026 0.001 0.017 0.005 0.010 0.131 0.802 
 242 E _   0.008 0.024 0.000 0.014 0.004 0.009 0.135 0.806 
 243 I _   0.007 0.022 0.000 0.011 0.003 0.008 0.138 0.809 
 244 K _   0.007 0.020 0.000 0.009 0.003 0.008 0.142 0.811 
 245 E _   0.006 0.019 0.000 0.007 0.002 0.007 0.145 0.813 
 246 R _   0.006 0.018 0.000 0.006 0.002 0.007 0.147 0.813 
 247 E _   0.006 0.019 0.000 0.006 0.002 0.007 0.149 0.812 
 248 P _   0.005 0.020 0.000 0.006 0.002 0.007 0.150 0.810 
 249 L _   0.005 0.021 0.000 0.006 0.002 0.008 0.151 0.807 
 250 E _   0.005 0.025 0.000 0.006 0.002 0.009 0.151 0.801 
 251 R _   0.006 0.030 0.000 0.007 0.003 0.010 0.151 0.792 
 252 R _   0.007 0.039 0.000 0.009 0.004 0.012 0.151 0.778 
 253 Y _   0.008 0.054 0.001 0.012 0.005 0.015 0.150 0.756 
 254 P _   0.010 0.076 0.001 0.016 0.007 0.018 0.148 0.724 
 255 K _   0.011 0.110 0.001 0.022 0.011 0.021 0.146 0.678 
 256 L _   0.012 0.152 0.001 0.030 0.014 0.024 0.144 0.622 
 257 S _   0.014 0.197 0.002 0.038 0.017 0.027 0.143 0.564 
 258 E _   0.014 0.237 0.002 0.047 0.019 0.028 0.141 0.512 
 259 V _   0.015 0.266 0.002 0.056 0.020 0.028 0.141 0.472 
 260 V _   0.015 0.285 0.002 0.063 0.021 0.028 0.142 0.446 
 261 I _   0.015 0.294 0.002 0.067 0.021 0.027 0.144 0.430 
 262 D _   0.016 0.295 0.001 0.067 0.020 0.026 0.148 0.427 
 263 L _   0.016 0.289 0.002 0.065 0.019 0.024 0.153 0.434 
 264 A _   0.016 0.273 0.002 0.058 0.017 0.022 0.160 0.453 
 265 K _   0.015 0.243 0.002 0.050 0.015 0.020 0.169 0.486 
 266 K _   0.015 0.197 0.002 0.039 0.013 0.018 0.181 0.536 
 267 C _   0.015 0.141 0.001 0.028 0.010 0.015 0.194 0.595 
 268 L _   0.013 0.088 0.001 0.018 0.007 0.013 0.206 0.653 
 269 H _   0.011 0.051 0.001 0.011 0.004 0.011 0.216 0.695 
 270 I _   0.009 0.031 0.000 0.006 0.003 0.009 0.222 0.720 
 271 D _   0.007 0.022 0.000 0.003 0.002 0.008 0.227 0.730 
 272 P _   0.007 0.019 0.000 0.003 0.001 0.008 0.229 0.733 
 273 D _   0.007 0.019 0.000 0.003 0.002 0.009 0.231 0.730 
 274 K _   0.008 0.021 0.000 0.004 0.002 0.011 0.232 0.721 
 275 R _   0.010 0.029 0.000 0.007 0.004 0.014 0.233 0.704 
 276 P _   0.011 0.046 0.001 0.012 0.007 0.018 0.232 0.674 
 277 F _   0.012 0.075 0.001 0.019 0.010 0.021 0.231 0.631 
 278 C _   0.013 0.112 0.001 0.026 0.012 0.022 0.230 0.583 
 279 A _   0.012 0.145 0.001 0.033 0.014 0.023 0.230 0.542 
 280 E _   0.012 0.169 0.001 0.037 0.014 0.023 0.230 0.514 
 281 L _   0.011 0.183 0.001 0.039 0.014 0.023 0.231 0.497 
 282 L _   0.011 0.191 0.001 0.039 0.014 0.022 0.233 0.488 
 283 H _   0.011 0.194 0.001 0.037 0.014 0.022 0.236 0.487 
 284 H _   0.010 0.192 0.001 0.033 0.013 0.021 0.240 0.489 
 285 D _   0.010 0.188 0.001 0.030 0.012 0.020 0.245 0.494 
 286 F _   0.011 0.180 0.001 0.026 0.011 0.019 0.252 0.501 
 287 F _   0.011 0.170 0.001 0.023 0.010 0.018 0.259 0.508 
 288 Q _   0.011 0.159 0.001 0.020 0.009 0.017 0.267 0.516 
 289 M _   0.011 0.149 0.001 0.017 0.008 0.016 0.275 0.523 
 290 D _   0.011 0.139 0.001 0.016 0.007 0.016 0.283 0.527 
 291 G _   0.011 0.129 0.001 0.014 0.007 0.015 0.291 0.531 
 292 F _   0.011 0.121 0.001 0.013 0.006 0.015 0.300 0.532 
 293 A _   0.011 0.114 0.001 0.013 0.006 0.015 0.308 0.532 
 294 E _   0.011 0.108 0.001 0.013 0.006 0.014 0.316 0.530 
 295 R _   0.010 0.103 0.001 0.014 0.006 0.014 0.325 0.527 
 296 F _   0.010 0.099 0.001 0.014 0.006 0.014 0.333 0.523 
 297 S _   0.009 0.095 0.001 0.015 0.006 0.013 0.342 0.518 
 298 Q _   0.009 0.090 0.001 0.016 0.006 0.013 0.352 0.513 
 299 E _   0.009 0.086 0.001 0.017 0.006 0.012 0.362 0.507 
 300 L _   0.009 0.081 0.001 0.017 0.006 0.012 0.372 0.502 
 301 Q _   0.008 0.075 0.001 0.017 0.006 0.011 0.384 0.499 
 302 L _   0.008 0.068 0.001 0.016 0.005 0.011 0.395 0.496 
 303 K _   0.008 0.061 0.001 0.015 0.005 0.010 0.408 0.494 
 304 V _   0.007 0.053 0.001 0.014 0.004 0.009 0.420 0.491 
 305 Q _   0.007 0.046 0.001 0.013 0.004 0.009 0.433 0.488 
 306 K _   0.007 0.040 0.001 0.012 0.004 0.009 0.446 0.483 
 307 D _   0.007 0.034 0.000 0.011 0.004 0.008 0.459 0.477 
 308 A X   0.007 0.029 0.000 0.011 0.003 0.008 0.472 0.469 
 309 R X   0.007 0.025 0.000 0.010 0.003 0.007 0.485 0.462 
 310 N X   0.006 0.021 0.000 0.010 0.003 0.007 0.498 0.454 
 311 V X   0.006 0.018 0.000 0.009 0.003 0.007 0.510 0.447 
 312 S X   0.006 0.015 0.000 0.009 0.002 0.006 0.521 0.441 
 313 L X   0.005 0.012 0.000 0.008 0.002 0.006 0.531 0.436 
 314 S X   0.005 0.009 0.000 0.007 0.002 0.005 0.540 0.432 
 315 K X   0.005 0.007 0.000 0.006 0.001 0.004 0.548 0.429 
 316 K X   0.004 0.005 0.000 0.005 0.001 0.004 0.554 0.427 
 317 S X   0.004 0.004 0.000 0.004 0.001 0.004 0.559 0.424 
 318 Q X   0.003 0.003 0.000 0.003 0.001 0.003 0.563 0.423 
 319 N X   0.003 0.003 0.000 0.003 0.001 0.003 0.566 0.422 
 320 R X   0.003 0.002 0.000 0.003 0.001 0.003 0.567 0.421 
 321 K X   0.003 0.002 0.000 0.003 0.001 0.003 0.567 0.422 
 322 K X   0.002 0.003 0.000 0.003 0.001 0.003 0.566 0.423 
 323 E X   0.002 0.003 0.000 0.003 0.001 0.003 0.563 0.425 
 324 K X   0.002 0.004 0.000 0.003 0.001 0.003 0.560 0.427 
 325 E X   0.002 0.006 0.000 0.004 0.001 0.004 0.554 0.429 
 326 K X   0.002 0.009 0.000 0.005 0.001 0.005 0.547 0.431 
 327 D X   0.003 0.014 0.000 0.007 0.002 0.006 0.539 0.431 
 328 D X   0.003 0.022 0.000 0.010 0.003 0.008 0.528 0.427 
 329 S X   0.004 0.035 0.001 0.014 0.004 0.009 0.515 0.418 
 330 L X   0.004 0.053 0.001 0.020 0.005 0.011 0.500 0.405 
 331 V X   0.004 0.074 0.001 0.028 0.007 0.013 0.486 0.388 
 332 E X   0.005 0.092 0.001 0.035 0.008 0.014 0.473 0.373 
 333 E X   0.005 0.106 0.001 0.041 0.009 0.014 0.463 0.361 
 334 R X   0.005 0.115 0.001 0.046 0.009 0.014 0.456 0.355 
 335 K X   0.005 0.119 0.001 0.048 0.009 0.014 0.451 0.354 
 336 T X   0.005 0.119 0.001 0.047 0.009 0.013 0.448 0.358 
 337 L X   0.005 0.116 0.001 0.043 0.008 0.012 0.447 0.367 
 338 V X   0.006 0.109 0.001 0.037 0.007 0.011 0.447 0.382 
 339 V X   0.006 0.096 0.001 0.030 0.006 0.010 0.449 0.403 
 340 Q X   0.006 0.079 0.001 0.022 0.005 0.008 0.451 0.428 
 341 D _   0.005 0.059 0.001 0.015 0.004 0.007 0.454 0.455 
 342 T _   0.005 0.042 0.000 0.010 0.003 0.006 0.456 0.479 
 343 N _   0.004 0.029 0.000 0.006 0.002 0.005 0.456 0.497 
 344 A _   0.004 0.022 0.000 0.004 0.001 0.004 0.456 0.509 
 345 D _   0.003 0.018 0.000 0.003 0.001 0.004 0.454 0.516 
 346 P _   0.003 0.016 0.000 0.003 0.001 0.004 0.451 0.522 
 347 K _   0.003 0.016 0.000 0.003 0.001 0.004 0.447 0.525 
 348 I _   0.003 0.018 0.000 0.005 0.001 0.005 0.441 0.526 
 349 K _   0.004 0.021 0.000 0.007 0.002 0.006 0.434 0.525 
 350 D _   0.004 0.026 0.000 0.011 0.003 0.008 0.426 0.522 
 351 Y _   0.004 0.033 0.001 0.016 0.004 0.009 0.417 0.516 
 352 K _   0.005 0.041 0.001 0.021 0.005 0.010 0.408 0.510 
 353 L _   0.005 0.047 0.001 0.026 0.005 0.010 0.400 0.507 
 354 F _   0.005 0.051 0.001 0.028 0.006 0.010 0.393 0.507 
 355 K _   0.005 0.053 0.001 0.028 0.005 0.010 0.388 0.510 
 356 I _   0.005 0.054 0.001 0.027 0.005 0.009 0.383 0.516 
 357 K _   0.004 0.052 0.001 0.024 0.004 0.008 0.380 0.526 
 358 G _   0.004 0.050 0.000 0.020 0.004 0.008 0.378 0.537 
 359 S _   0.004 0.046 0.000 0.016 0.003 0.007 0.375 0.549 
 360 K _   0.004 0.042 0.000 0.012 0.002 0.006 0.373 0.560 
 361 I _   0.004 0.038 0.000 0.010 0.002 0.006 0.371 0.570 
 362 D _   0.004 0.035 0.000 0.008 0.002 0.005 0.368 0.578 
 363 G _   0.004 0.034 0.000 0.007 0.002 0.005 0.364 0.585 
 364 E _   0.003 0.033 0.000 0.006 0.001 0.005 0.360 0.592 
 365 K _   0.003 0.032 0.000 0.006 0.001 0.005 0.354 0.598 
 366 A _   0.003 0.033 0.000 0.006 0.001 0.005 0.348 0.603 
 367 E _   0.003 0.035 0.000 0.007 0.002 0.005 0.339 0.609 
 368 K _   0.003 0.038 0.000 0.008 0.002 0.006 0.330 0.613 
 369 G _   0.003 0.043 0.000 0.010 0.002 0.006 0.319 0.617 
 370 N _   0.003 0.050 0.000 0.012 0.003 0.007 0.307 0.618 
 371 R _   0.003 0.059 0.000 0.015 0.003 0.008 0.294 0.618 
 372 A _   0.003 0.069 0.001 0.019 0.004 0.009 0.281 0.615 
 373 S _   0.004 0.079 0.001 0.022 0.004 0.009 0.268 0.613 
 374 N _   0.004 0.088 0.001 0.025 0.005 0.010 0.257 0.611 
 375 A _   0.004 0.096 0.001 0.027 0.005 0.010 0.247 0.611 
 376 S _   0.004 0.101 0.001 0.028 0.005 0.010 0.238 0.614 
 377 C _   0.004 0.104 0.001 0.027 0.005 0.009 0.231 0.620 
 378 L _   0.004 0.105 0.001 0.025 0.005 0.009 0.225 0.627 
 379 H _   0.004 0.105 0.001 0.022 0.004 0.009 0.219 0.637 
 380 D _   0.004 0.104 0.000 0.019 0.004 0.008 0.214 0.648 
 381 S _   0.004 0.102 0.000 0.016 0.003 0.008 0.210 0.658 
 382 R _   0.004 0.100 0.000 0.014 0.003 0.007 0.205 0.666 
 383 T _   0.004 0.099 0.000 0.013 0.003 0.007 0.201 0.673 
 384 S _   0.004 0.098 0.000 0.012 0.003 0.007 0.197 0.678 
 385 H _   0.004 0.098 0.000 0.013 0.003 0.008 0.194 0.680 
 386 N _   0.004 0.100 0.000 0.014 0.003 0.008 0.189 0.681 
 387 K _   0.004 0.102 0.000 0.015 0.004 0.008 0.185 0.681 
 388 I _   0.004 0.104 0.000 0.017 0.004 0.008 0.181 0.681 
 389 V _   0.004 0.106 0.001 0.018 0.004 0.009 0.177 0.682 
 390 P _   0.004 0.107 0.001 0.018 0.004 0.008 0.174 0.684 
 391 S _   0.004 0.108 0.000 0.017 0.004 0.008 0.170 0.688 
 392 T _   0.004 0.107 0.000 0.017 0.004 0.008 0.167 0.693 
 393 S _   0.004 0.106 0.000 0.015 0.004 0.008 0.164 0.698 
 394 L _   0.004 0.105 0.000 0.015 0.004 0.008 0.162 0.703 
 395 K _   0.004 0.104 0.000 0.014 0.003 0.007 0.159 0.707 
 396 D _   0.004 0.104 0.000 0.014 0.003 0.007 0.157 0.710 
 397 C _   0.004 0.103 0.000 0.014 0.003 0.007 0.155 0.713 
 398 S _   0.004 0.103 0.000 0.014 0.003 0.008 0.153 0.715 
 399 N _   0.004 0.103 0.000 0.014 0.003 0.008 0.150 0.716 
 400 V _   0.004 0.103 0.000 0.014 0.003 0.008 0.148 0.719 
 401 S _   0.004 0.102 0.000 0.014 0.003 0.007 0.146 0.722 
 402 V _   0.004 0.101 0.000 0.013 0.003 0.007 0.144 0.726 
 403 D _   0.004 0.100 0.000 0.012 0.003 0.007 0.142 0.731 
 404 H _   0.004 0.099 0.000 0.010 0.003 0.008 0.140 0.735 
 405 T _   0.004 0.099 0.000 0.010 0.003 0.008 0.138 0.737 
 406 R _   0.004 0.100 0.000 0.009 0.003 0.009 0.136 0.738 
 407 N _   0.005 0.103 0.000 0.010 0.003 0.009 0.134 0.736 
 408 P _   0.005 0.107 0.000 0.011 0.004 0.010 0.132 0.730 
 409 S _   0.006 0.114 0.001 0.013 0.005 0.012 0.130 0.721 
 410 V _   0.006 0.123 0.001 0.015 0.006 0.013 0.127 0.709 
 411 A _   0.007 0.134 0.001 0.018 0.006 0.014 0.124 0.696 
 412 I _   0.007 0.144 0.001 0.020 0.007 0.015 0.122 0.684 
 413 P _   0.008 0.154 0.001 0.021 0.008 0.016 0.119 0.673 
 414 P _   0.008 0.162 0.001 0.023 0.009 0.017 0.117 0.664 
 415 L _   0.008 0.169 0.001 0.024 0.009 0.017 0.116 0.656 
 416 T _   0.009 0.173 0.001 0.024 0.010 0.018 0.114 0.651 
 417 H _   0.009 0.177 0.001 0.025 0.010 0.018 0.114 0.647 
 418 N _   0.009 0.179 0.001 0.025 0.011 0.018 0.113 0.644 
 419 L _   0.010 0.179 0.001 0.025 0.011 0.018 0.113 0.643 
 420 S _   0.010 0.178 0.001 0.024 0.010 0.018 0.114 0.644 
 421 A _   0.010 0.176 0.001 0.023 0.010 0.017 0.115 0.647 
 422 V _   0.011 0.173 0.001 0.022 0.009 0.017 0.116 0.652 
 423 A _   0.011 0.167 0.001 0.020 0.008 0.016 0.117 0.660 
 424 P _   0.011 0.160 0.001 0.017 0.008 0.016 0.118 0.670 
 425 S _   0.011 0.152 0.001 0.015 0.007 0.015 0.120 0.679 
 426 I _   0.011 0.145 0.001 0.013 0.006 0.016 0.122 0.687 
 427 N _   0.011 0.139 0.001 0.011 0.006 0.016 0.123 0.692 
 428 S _   0.012 0.135 0.001 0.011 0.006 0.017 0.125 0.694 
 429 G _   0.013 0.133 0.001 0.011 0.007 0.017 0.127 0.691 
 430 M _   0.013 0.134 0.001 0.013 0.008 0.018 0.129 0.684 
 431 G _   0.014 0.136 0.001 0.016 0.009 0.019 0.131 0.674 
 432 T _   0.015 0.139 0.001 0.020 0.010 0.020 0.133 0.662 
 433 E _   0.015 0.142 0.001 0.024 0.011 0.020 0.135 0.650 
 434 T _   0.015 0.145 0.001 0.028 0.012 0.020 0.138 0.641 
 435 I _   0.015 0.145 0.001 0.031 0.012 0.020 0.142 0.635 
 436 P _   0.014 0.142 0.001 0.032 0.012 0.019 0.146 0.634 
 437 I _   0.013 0.136 0.001 0.031 0.011 0.017 0.152 0.639 
 438 Q _   0.012 0.126 0.001 0.028 0.010 0.016 0.158 0.650 
 439 G _   0.011 0.111 0.001 0.023 0.008 0.014 0.165 0.667 
 440 Y _   0.010 0.093 0.001 0.018 0.007 0.012 0.172 0.686 
 441 R _   0.009 0.075 0.001 0.014 0.005 0.011 0.179 0.706 
 442 V _   0.008 0.061 0.001 0.010 0.004 0.010 0.186 0.721 
 443 D _   0.007 0.052 0.000 0.007 0.003 0.009 0.191 0.730 
 444 E _   0.007 0.047 0.000 0.006 0.003 0.009 0.196 0.732 
 445 K _   0.007 0.045 0.000 0.006 0.003 0.009 0.200 0.731 
 446 T _   0.007 0.045 0.000 0.007 0.003 0.009 0.203 0.725 
 447 K _   0.007 0.046 0.000 0.010 0.004 0.010 0.207 0.715 
 448 K _   0.007 0.049 0.001 0.014 0.005 0.011 0.210 0.703 
 449 C _   0.007 0.053 0.001 0.018 0.006 0.012 0.214 0.689 
 450 S _   0.008 0.056 0.001 0.022 0.007 0.012 0.218 0.677 
 451 I _   0.007 0.057 0.001 0.025 0.007 0.012 0.223 0.668 
 452 P _   0.007 0.057 0.001 0.026 0.007 0.012 0.228 0.662 
 453 F _   0.007 0.056 0.001 0.024 0.006 0.011 0.234 0.661 
 454 V _   0.006 0.052 0.001 0.021 0.006 0.010 0.241 0.663 
 455 K _   0.006 0.047 0.001 0.016 0.005 0.009 0.249 0.668 
 456 P _   0.005 0.042 0.000 0.012 0.004 0.008 0.255 0.673 
 457 N _   0.005 0.037 0.000 0.008 0.003 0.008 0.262 0.677 
 458 R _   0.005 0.034 0.000 0.006 0.002 0.008 0.267 0.678 
 459 H _   0.005 0.033 0.000 0.005 0.002 0.008 0.272 0.675 
 460 S _   0.005 0.034 0.000 0.005 0.002 0.009 0.276 0.669 
 461 P _   0.007 0.038 0.000 0.006 0.003 0.012 0.279 0.656 
 462 S _   0.009 0.047 0.001 0.008 0.005 0.015 0.281 0.635 
 463 G _   0.011 0.067 0.001 0.014 0.008 0.019 0.283 0.596 
 464 I _   0.013 0.106 0.001 0.023 0.013 0.024 0.284 0.536 
 465 Y _   0.014 0.163 0.002 0.035 0.018 0.027 0.285 0.456 
 466 N _   0.014 0.227 0.002 0.049 0.022 0.029 0.286 0.370 
 467 I _   0.014 0.282 0.002 0.062 0.025 0.030 0.289 0.297 
 468 N E   0.013 0.318 0.002 0.074 0.026 0.030 0.294 0.244 
 469 V E   0.012 0.337 0.002 0.083 0.026 0.029 0.301 0.212 
 470 T E   0.011 0.344 0.002 0.087 0.025 0.027 0.312 0.193 
 471 T E   0.010 0.343 0.002 0.087 0.023 0.025 0.326 0.184 
 472 L X   0.010 0.334 0.002 0.083 0.022 0.023 0.346 0.182 
 473 V X   0.009 0.314 0.002 0.075 0.020 0.021 0.372 0.188 
 474 S X   0.009 0.278 0.002 0.065 0.018 0.019 0.408 0.202 
 475 G X   0.009 0.225 0.002 0.052 0.015 0.017 0.457 0.224 
 476 P X   0.009 0.163 0.002 0.038 0.012 0.014 0.512 0.249 
 477 P X   0.008 0.106 0.001 0.026 0.008 0.012 0.568 0.270 
 478 L X   0.007 0.065 0.001 0.016 0.005 0.010 0.616 0.280 
 479 S X   0.006 0.041 0.001 0.010 0.003 0.008 0.651 0.281 
 480 D X   0.004 0.029 0.000 0.006 0.002 0.006 0.676 0.276 
 481 D X   0.004 0.023 0.000 0.005 0.001 0.005 0.694 0.268 
 482 S X   0.003 0.020 0.000 0.004 0.001 0.005 0.707 0.259 
 483 G X   0.003 0.019 0.000 0.005 0.001 0.005 0.718 0.250 
 484 A X   0.003 0.018 0.000 0.005 0.001 0.004 0.726 0.241 
 485 D X   0.002 0.018 0.000 0.006 0.001 0.004 0.733 0.234 
 486 L X   0.002 0.018 0.000 0.007 0.001 0.004 0.739 0.228 
 487 P X   0.002 0.018 0.000 0.008 0.001 0.003 0.744 0.223 
 488 Q X   0.001 0.018 0.000 0.008 0.001 0.003 0.749 0.220 
 489 M X   0.001 0.017 0.000 0.007 0.001 0.002 0.754 0.219 
 490 E X   0.000 0.016 0.000 0.006 0.000 0.001 0.758 0.220 
 491 H X   0.000 0.014 0.000 0.004 0.000 0.000 0.758 0.223 
 492 Q X   0.000 0.013 0.000 0.005 0.000 0.000 0.754 0.227 
 493 H X   0.002 0.013 0.001 0.013 0.003 0.002 0.738 0.228 
