#TopoPred_TM8: 8-state transmembrane topology prediction results by no_profile mode 
#probabilities are in the order of H E C I L F X _, the 8 transmembrane topology types used in PDBTM 
   1 M X   0.010 0.001 0.002 0.046 0.008 0.008 0.810 0.115 
   2 G X   0.003 0.001 0.000 0.026 0.001 0.004 0.833 0.132 
   3 N X   0.001 0.001 0.000 0.013 0.000 0.002 0.839 0.144 
   4 A X   0.001 0.001 0.000 0.008 0.000 0.002 0.838 0.151 
   5 A X   0.001 0.001 0.000 0.006 0.000 0.002 0.833 0.156 
   6 T X   0.001 0.002 0.000 0.006 0.001 0.003 0.826 0.161 
   7 A X   0.002 0.004 0.000 0.006 0.001 0.004 0.818 0.166 
   8 K X   0.002 0.007 0.000 0.007 0.001 0.006 0.806 0.170 
   9 K X   0.003 0.013 0.000 0.009 0.002 0.007 0.791 0.175 
  10 G X   0.003 0.023 0.000 0.013 0.003 0.009 0.771 0.177 
  11 S X   0.003 0.039 0.001 0.018 0.005 0.011 0.748 0.176 
  12 E X   0.003 0.058 0.001 0.023 0.006 0.012 0.725 0.172 
  13 V X   0.003 0.077 0.001 0.028 0.008 0.013 0.703 0.167 
  14 E X   0.004 0.094 0.001 0.033 0.008 0.013 0.685 0.163 
  15 S X   0.004 0.105 0.001 0.036 0.009 0.013 0.672 0.161 
  16 V X   0.004 0.113 0.001 0.038 0.009 0.013 0.661 0.162 
  17 K X   0.004 0.117 0.001 0.038 0.008 0.013 0.654 0.166 
  18 E X   0.004 0.118 0.001 0.037 0.008 0.012 0.649 0.172 
  19 F X   0.004 0.116 0.001 0.034 0.007 0.011 0.645 0.182 
  20 L X   0.004 0.112 0.001 0.029 0.007 0.010 0.643 0.193 
  21 A X   0.004 0.104 0.001 0.025 0.006 0.010 0.643 0.208 
  22 K X   0.005 0.093 0.001 0.020 0.005 0.009 0.643 0.225 
  23 A X   0.005 0.081 0.001 0.016 0.004 0.008 0.644 0.242 
  24 K X   0.005 0.068 0.000 0.013 0.004 0.007 0.645 0.257 
  25 E X   0.005 0.056 0.000 0.011 0.003 0.007 0.647 0.271 
  26 D X   0.005 0.046 0.000 0.009 0.003 0.006 0.648 0.283 
  27 F X   0.004 0.037 0.000 0.008 0.002 0.006 0.649 0.293 
  28 L X   0.004 0.030 0.000 0.007 0.002 0.005 0.650 0.302 
  29 K X   0.004 0.024 0.000 0.006 0.002 0.005 0.650 0.309 
  30 K X   0.004 0.018 0.000 0.005 0.002 0.004 0.649 0.317 
  31 W X   0.004 0.014 0.000 0.005 0.001 0.004 0.648 0.324 
  32 E X   0.003 0.011 0.000 0.004 0.001 0.004 0.646 0.330 
  33 N X   0.003 0.009 0.000 0.004 0.001 0.003 0.644 0.336 
  34 P X   0.003 0.007 0.000 0.003 0.001 0.003 0.640 0.342 
  35 T X   0.003 0.006 0.000 0.003 0.001 0.003 0.636 0.348 
  36 Q X   0.003 0.006 0.000 0.003 0.001 0.003 0.630 0.355 
  37 N X   0.002 0.005 0.000 0.003 0.001 0.003 0.623 0.362 
  38 N X   0.002 0.006 0.000 0.004 0.001 0.004 0.614 0.369 
  39 A X   0.002 0.006 0.000 0.005 0.001 0.004 0.604 0.377 
  40 G X   0.003 0.007 0.000 0.006 0.002 0.005 0.591 0.387 
  41 L X   0.003 0.009 0.000 0.007 0.002 0.005 0.577 0.397 
  42 E X   0.003 0.011 0.000 0.008 0.002 0.006 0.561 0.408 
  43 D X   0.003 0.014 0.000 0.009 0.003 0.007 0.544 0.420 
  44 F X   0.003 0.018 0.000 0.010 0.003 0.008 0.525 0.433 
  45 E X   0.003 0.022 0.000 0.011 0.003 0.009 0.506 0.445 
  46 R X   0.004 0.028 0.001 0.012 0.004 0.011 0.485 0.456 
  47 K _   0.004 0.035 0.001 0.014 0.005 0.013 0.464 0.465 
  48 K _   0.005 0.044 0.001 0.016 0.006 0.016 0.442 0.471 
  49 T _   0.006 0.056 0.001 0.019 0.008 0.019 0.419 0.473 
  50 L _   0.008 0.071 0.001 0.023 0.010 0.022 0.395 0.470 
  51 G _   0.009 0.089 0.001 0.028 0.013 0.025 0.372 0.462 
  52 T _   0.011 0.109 0.002 0.034 0.016 0.028 0.349 0.451 
  53 G _   0.013 0.127 0.002 0.041 0.019 0.031 0.328 0.439 
  54 S _   0.015 0.142 0.002 0.047 0.021 0.032 0.310 0.431 
  55 F _   0.016 0.152 0.002 0.052 0.023 0.033 0.295 0.427 
  56 G _   0.017 0.158 0.002 0.054 0.023 0.033 0.282 0.431 
  57 R _   0.018 0.159 0.002 0.053 0.023 0.032 0.272 0.441 
  58 V _   0.019 0.155 0.002 0.049 0.021 0.031 0.263 0.459 
  59 M _   0.019 0.147 0.002 0.043 0.019 0.029 0.256 0.485 
  60 L _   0.019 0.132 0.001 0.035 0.016 0.027 0.250 0.519 
  61 V _   0.019 0.114 0.001 0.026 0.013 0.024 0.245 0.557 
  62 K _   0.018 0.094 0.001 0.020 0.011 0.022 0.240 0.594 
  63 H _   0.016 0.077 0.001 0.015 0.009 0.021 0.236 0.626 
  64 K _   0.015 0.065 0.001 0.012 0.007 0.019 0.231 0.650 
  65 A _   0.014 0.057 0.001 0.010 0.006 0.018 0.227 0.667 
  66 T _   0.014 0.052 0.001 0.010 0.006 0.018 0.222 0.677 
  67 E _   0.014 0.050 0.001 0.012 0.006 0.017 0.217 0.684 
  68 Q _   0.013 0.048 0.001 0.014 0.007 0.017 0.213 0.688 
  69 Y _   0.013 0.046 0.001 0.016 0.007 0.016 0.208 0.693 
  70 Y _   0.013 0.044 0.001 0.017 0.007 0.015 0.204 0.698 
  71 A _   0.012 0.042 0.001 0.018 0.007 0.015 0.200 0.706 
  72 M _   0.012 0.038 0.001 0.017 0.007 0.014 0.196 0.717 
  73 K _   0.011 0.033 0.001 0.015 0.006 0.012 0.193 0.729 
  74 I _   0.010 0.028 0.001 0.013 0.005 0.011 0.189 0.743 
  75 L _   0.009 0.023 0.001 0.010 0.004 0.011 0.186 0.756 
  76 D _   0.009 0.018 0.000 0.008 0.004 0.010 0.183 0.768 
  77 K _   0.008 0.015 0.000 0.007 0.003 0.010 0.180 0.776 
  78 Q _   0.008 0.013 0.000 0.007 0.003 0.010 0.176 0.782 
  79 K _   0.009 0.012 0.000 0.007 0.003 0.010 0.173 0.786 
  80 V _   0.009 0.011 0.000 0.008 0.004 0.011 0.169 0.788 
  81 V _   0.009 0.011 0.001 0.009 0.004 0.011 0.165 0.788 
  82 K _   0.010 0.012 0.001 0.011 0.005 0.012 0.161 0.788 
  83 L _   0.010 0.012 0.001 0.013 0.005 0.013 0.157 0.789 
  84 K _   0.010 0.012 0.001 0.014 0.006 0.013 0.154 0.791 
  85 Q _   0.010 0.012 0.001 0.014 0.006 0.013 0.150 0.795 
  86 I _   0.010 0.011 0.001 0.013 0.006 0.013 0.147 0.800 
  87 E _   0.010 0.010 0.001 0.012 0.005 0.013 0.144 0.805 
  88 H _   0.010 0.009 0.001 0.010 0.005 0.013 0.140 0.811 
  89 T _   0.011 0.008 0.001 0.009 0.005 0.014 0.137 0.816 
  90 L _   0.012 0.008 0.001 0.008 0.005 0.015 0.135 0.818 
  91 N _   0.013 0.008 0.001 0.007 0.005 0.016 0.132 0.819 
  92 E _   0.015 0.008 0.001 0.007 0.005 0.018 0.129 0.818 
  93 K _   0.017 0.008 0.001 0.008 0.006 0.020 0.126 0.815 
  94 R _   0.020 0.010 0.001 0.009 0.007 0.022 0.122 0.809 
  95 I _   0.024 0.011 0.001 0.010 0.009 0.024 0.119 0.802 
  96 L _   0.027 0.014 0.001 0.011 0.010 0.027 0.116 0.794 
  97 Q _   0.031 0.017 0.001 0.013 0.012 0.030 0.113 0.784 
  98 A _   0.034 0.021 0.001 0.015 0.014 0.032 0.109 0.773 
  99 V _   0.037 0.025 0.001 0.017 0.017 0.034 0.106 0.762 
 100 N _   0.040 0.030 0.001 0.021 0.019 0.036 0.103 0.750 
 101 F _   0.041 0.035 0.001 0.025 0.021 0.037 0.100 0.739 
 102 P _   0.042 0.039 0.002 0.030 0.022 0.037 0.098 0.730 
 103 F _   0.042 0.042 0.002 0.034 0.023 0.036 0.096 0.725 
 104 L _   0.040 0.043 0.002 0.037 0.022 0.034 0.095 0.727 
 105 V _   0.037 0.043 0.002 0.037 0.020 0.031 0.095 0.737 
 106 R _   0.033 0.039 0.001 0.034 0.017 0.027 0.094 0.754 
 107 L _   0.028 0.034 0.001 0.028 0.013 0.023 0.094 0.778 
 108 E _   0.023 0.026 0.001 0.021 0.010 0.019 0.094 0.805 
 109 Y _   0.019 0.018 0.001 0.014 0.007 0.016 0.093 0.832 
 110 A _   0.016 0.010 0.001 0.009 0.004 0.013 0.093 0.855 
 111 F _   0.012 0.005 0.000 0.005 0.003 0.011 0.092 0.872 
 112 K _   0.010 0.003 0.000 0.003 0.002 0.010 0.090 0.881 
 113 D _   0.009 0.002 0.000 0.002 0.002 0.010 0.088 0.886 
 114 N _   0.010 0.002 0.000 0.003 0.002 0.011 0.086 0.886 
 115 S _   0.011 0.003 0.000 0.004 0.003 0.013 0.084 0.881 
 116 N _   0.014 0.006 0.001 0.006 0.005 0.017 0.081 0.870 
 117 L _   0.018 0.013 0.001 0.010 0.008 0.021 0.077 0.852 
 118 Y _   0.021 0.024 0.001 0.017 0.011 0.026 0.073 0.828 
 119 M _   0.023 0.037 0.001 0.024 0.015 0.030 0.068 0.802 
 120 V _   0.025 0.048 0.001 0.029 0.017 0.033 0.064 0.781 
 121 M _   0.026 0.056 0.001 0.033 0.019 0.035 0.061 0.769 
 122 E _   0.026 0.061 0.001 0.034 0.020 0.036 0.058 0.764 
 123 Y _   0.026 0.063 0.001 0.032 0.020 0.037 0.055 0.765 
 124 V _   0.026 0.064 0.001 0.029 0.019 0.037 0.052 0.770 
 125 P _   0.027 0.063 0.001 0.025 0.018 0.037 0.050 0.778 
 126 G _   0.028 0.061 0.001 0.022 0.017 0.037 0.048 0.785 
 127 G _   0.029 0.059 0.001 0.020 0.017 0.037 0.046 0.791 
 128 E _   0.030 0.058 0.001 0.019 0.016 0.036 0.045 0.795 
 129 M _   0.030 0.057 0.001 0.020 0.016 0.036 0.043 0.797 
 130 F _   0.030 0.056 0.001 0.022 0.016 0.035 0.042 0.798 
 131 S _   0.029 0.055 0.001 0.024 0.017 0.034 0.041 0.800 
 132 H _   0.028 0.054 0.001 0.026 0.016 0.032 0.040 0.803 
 133 L _   0.028 0.051 0.001 0.027 0.016 0.030 0.039 0.810 
 134 R _   0.027 0.046 0.001 0.026 0.014 0.028 0.038 0.820 
 135 R _   0.027 0.040 0.001 0.024 0.012 0.025 0.037 0.834 
 136 I _   0.027 0.032 0.001 0.020 0.011 0.023 0.036 0.850 
 137 G _   0.029 0.022 0.001 0.015 0.008 0.021 0.036 0.868 
 138 R _   0.032 0.013 0.001 0.011 0.007 0.019 0.035 0.883 
 139 F _   0.036 0.007 0.001 0.007 0.005 0.018 0.034 0.892 
 140 S _   0.045 0.003 0.001 0.005 0.004 0.018 0.033 0.893 
 141 E _   0.058 0.001 0.000 0.003 0.004 0.018 0.031 0.883 
 142 P _   0.080 0.000 0.001 0.002 0.004 0.020 0.030 0.863 
 143 H _   0.115 0.000 0.001 0.002 0.006 0.023 0.028 0.827 
 144 A _   0.163 0.000 0.001 0.002 0.008 0.027 0.026 0.773 
 145 R _   0.226 0.000 0.001 0.002 0.013 0.032 0.023 0.702 
 146 F _   0.297 0.000 0.001 0.003 0.019 0.039 0.021 0.620 
 147 Y _   0.366 0.000 0.002 0.004 0.027 0.044 0.019 0.539 
 148 A _   0.426 0.000 0.002 0.005 0.036 0.048 0.018 0.465 
 149 A H   0.476 0.001 0.002 0.006 0.043 0.051 0.016 0.405 
 150 Q H   0.511 0.001 0.002 0.007 0.049 0.051 0.016 0.362 
 151 I H   0.534 0.002 0.002 0.008 0.052 0.051 0.015 0.335 
 152 V H   0.545 0.002 0.002 0.009 0.053 0.049 0.015 0.324 
 153 L H   0.543 0.002 0.002 0.009 0.052 0.047 0.016 0.328 
 154 T H   0.527 0.002 0.002 0.009 0.050 0.045 0.016 0.349 
 155 F H   0.497 0.002 0.002 0.008 0.045 0.042 0.018 0.385 
 156 E H   0.452 0.002 0.002 0.008 0.040 0.040 0.019 0.437 
 157 Y _   0.397 0.001 0.002 0.008 0.033 0.037 0.021 0.501 
 158 L _   0.334 0.001 0.002 0.008 0.027 0.034 0.023 0.572 
 159 H _   0.273 0.001 0.002 0.009 0.021 0.031 0.025 0.639 
 160 S _   0.216 0.001 0.001 0.009 0.016 0.028 0.027 0.700 
 161 L _   0.167 0.002 0.001 0.010 0.013 0.025 0.029 0.753 
 162 D _   0.125 0.002 0.001 0.011 0.010 0.022 0.031 0.797 
 163 L _   0.091 0.002 0.001 0.011 0.008 0.019 0.033 0.835 
 164 I _   0.065 0.002 0.001 0.011 0.007 0.016 0.035 0.865 
 165 Y _   0.045 0.002 0.001 0.010 0.005 0.014 0.036 0.888 
 166 R _   0.032 0.001 0.001 0.008 0.004 0.012 0.037 0.905 
 167 D _   0.023 0.001 0.000 0.007 0.003 0.010 0.037 0.918 
 168 L _   0.016 0.001 0.000 0.006 0.003 0.009 0.038 0.927 
 169 K _   0.013 0.001 0.000 0.005 0.002 0.009 0.038 0.932 
 170 P _   0.011 0.001 0.000 0.004 0.002 0.008 0.038 0.935 
 171 E _   0.010 0.002 0.000 0.005 0.002 0.009 0.037 0.935 
 172 N _   0.010 0.003 0.000 0.005 0.003 0.009 0.037 0.933 
 173 L _   0.010 0.004 0.000 0.006 0.003 0.011 0.036 0.929 
 174 L _   0.011 0.007 0.000 0.008 0.004 0.012 0.036 0.923 
 175 I _   0.011 0.010 0.001 0.010 0.005 0.014 0.035 0.915 
 176 D _   0.012 0.014 0.001 0.012 0.006 0.015 0.034 0.906 
 177 H _   0.013 0.019 0.001 0.014 0.007 0.017 0.033 0.897 
 178 Q _   0.014 0.024 0.001 0.016 0.008 0.018 0.032 0.887 
 179 G _   0.015 0.030 0.001 0.018 0.009 0.020 0.031 0.878 
 180 Y _   0.015 0.035 0.001 0.020 0.010 0.021 0.030 0.869 
 181 I _   0.016 0.039 0.001 0.021 0.011 0.022 0.029 0.861 
 182 Q _   0.017 0.043 0.001 0.023 0.012 0.022 0.028 0.855 
 183 V _   0.017 0.046 0.001 0.023 0.012 0.023 0.027 0.851 
 184 T _   0.018 0.048 0.001 0.024 0.012 0.022 0.027 0.849 
 185 D _   0.017 0.048 0.001 0.023 0.012 0.022 0.026 0.850 
 186 F _   0.017 0.048 0.001 0.022 0.011 0.021 0.026 0.854 
 187 G _   0.016 0.047 0.001 0.020 0.010 0.020 0.025 0.861 
 188 F _   0.015 0.045 0.001 0.017 0.009 0.019 0.025 0.868 
 189 A _   0.015 0.043 0.001 0.015 0.008 0.019 0.025 0.875 
 190 K _   0.014 0.041 0.001 0.013 0.007 0.018 0.024 0.881 
 191 R _   0.014 0.040 0.001 0.012 0.007 0.017 0.024 0.886 
 192 V _   0.013 0.039 0.001 0.012 0.007 0.017 0.023 0.887 
 193 K _   0.013 0.039 0.001 0.013 0.007 0.017 0.023 0.887 
 194 G _   0.013 0.039 0.001 0.014 0.007 0.017 0.022 0.886 
 195 R _   0.014 0.039 0.001 0.015 0.008 0.017 0.022 0.884 
 196 T _   0.013 0.040 0.001 0.017 0.008 0.017 0.021 0.884 
 197 W _   0.013 0.039 0.001 0.017 0.008 0.017 0.021 0.885 
 198 T _   0.013 0.038 0.001 0.017 0.008 0.016 0.020 0.887 
 199 L _   0.012 0.036 0.001 0.016 0.007 0.016 0.020 0.892 
 200 C _   0.012 0.034 0.001 0.015 0.007 0.015 0.019 0.897 
 201 G _   0.011 0.032 0.001 0.013 0.007 0.015 0.019 0.902 
 202 T _   0.012 0.030 0.001 0.012 0.006 0.015 0.019 0.905 
 203 P _   0.012 0.029 0.001 0.012 0.006 0.016 0.018 0.906 
 204 E _   0.012 0.028 0.001 0.013 0.007 0.016 0.018 0.906 
 205 Y _   0.013 0.027 0.001 0.015 0.008 0.017 0.017 0.903 
 206 L _   0.014 0.027 0.001 0.017 0.008 0.017 0.017 0.899 
 207 A _   0.015 0.027 0.001 0.020 0.009 0.018 0.016 0.894 
 208 P _   0.016 0.026 0.001 0.022 0.010 0.018 0.016 0.891 
 209 E _   0.017 0.025 0.001 0.023 0.010 0.018 0.015 0.891 
 210 I _   0.019 0.022 0.001 0.022 0.009 0.017 0.015 0.894 
 211 I _   0.022 0.018 0.001 0.019 0.008 0.016 0.014 0.900 
 212 L _   0.027 0.013 0.001 0.015 0.007 0.014 0.014 0.908 
 213 S _   0.034 0.008 0.001 0.010 0.006 0.013 0.013 0.916 
 214 K _   0.044 0.003 0.001 0.006 0.005 0.012 0.013 0.917 
 215 G _   0.060 0.001 0.000 0.003 0.004 0.011 0.012 0.908 
 216 Y _   0.088 0.000 0.000 0.002 0.004 0.011 0.011 0.885 
 217 N _   0.131 0.000 0.000 0.001 0.004 0.011 0.010 0.842 
 218 K _   0.203 0.000 0.001 0.001 0.005 0.012 0.008 0.770 
 219 A _   0.308 0.000 0.001 0.001 0.007 0.014 0.007 0.663 
 220 V _   0.435 0.000 0.001 0.001 0.010 0.015 0.005 0.534 
 221 D H   0.565 0.000 0.001 0.001 0.013 0.017 0.004 0.400 
 222 W H   0.675 0.000 0.001 0.001 0.016 0.017 0.003 0.287 
 223 W H   0.754 0.000 0.001 0.001 0.019 0.017 0.002 0.205 
 224 A H   0.807 0.000 0.001 0.001 0.021 0.016 0.002 0.151 
 225 L H   0.837 0.000 0.001 0.001 0.023 0.015 0.002 0.121 
 226 G H   0.852 0.000 0.001 0.001 0.024 0.014 0.002 0.106 
 227 V H   0.853 0.000 0.001 0.001 0.024 0.013 0.002 0.105 
 228 L H   0.842 0.000 0.001 0.001 0.025 0.013 0.003 0.115 
 229 I H   0.816 0.000 0.002 0.002 0.025 0.013 0.003 0.139 
 230 Y H   0.773 0.000 0.002 0.002 0.024 0.013 0.004 0.181 
 231 E H   0.709 0.000 0.002 0.002 0.022 0.014 0.006 0.245 
 232 M H   0.622 0.000 0.002 0.003 0.020 0.014 0.008 0.331 
 233 A H   0.521 0.000 0.002 0.003 0.016 0.014 0.012 0.432 
 234 A _   0.415 0.000 0.001 0.003 0.013 0.014 0.015 0.539 
 235 G _   0.312 0.000 0.001 0.004 0.010 0.014 0.019 0.640 
 236 Y _   0.226 0.000 0.001 0.004 0.007 0.013 0.023 0.726 
 237 P _   0.159 0.000 0.001 0.004 0.006 0.012 0.026 0.793 
 238 P _   0.109 0.000 0.001 0.004 0.005 0.012 0.028 0.841 
 239 F _   0.075 0.001 0.001 0.004 0.004 0.012 0.030 0.873 
 240 F _   0.053 0.001 0.000 0.004 0.004 0.012 0.032 0.893 
 241 A _   0.039 0.002 0.000 0.005 0.004 0.013 0.033 0.904 
 242 D _   0.030 0.004 0.001 0.006 0.004 0.014 0.034 0.907 
 243 Q _   0.025 0.008 0.001 0.007 0.005 0.016 0.035 0.903 
 244 P _   0.022 0.016 0.001 0.009 0.006 0.018 0.036 0.893 
 245 I _   0.021 0.027 0.001 0.012 0.008 0.020 0.036 0.875 
 246 Q _   0.020 0.043 0.001 0.016 0.010 0.022 0.036 0.852 
 247 I _   0.019 0.062 0.001 0.020 0.012 0.024 0.037 0.824 
 248 Y _   0.019 0.084 0.001 0.025 0.014 0.025 0.037 0.795 
 249 E _   0.019 0.104 0.001 0.030 0.016 0.026 0.037 0.766 
 250 K _   0.019 0.122 0.001 0.034 0.017 0.027 0.038 0.742 
 251 I _   0.018 0.136 0.001 0.038 0.018 0.027 0.039 0.722 
 252 V _   0.018 0.145 0.001 0.041 0.018 0.026 0.040 0.710 
 253 S _   0.017 0.151 0.001 0.042 0.017 0.025 0.042 0.703 
 254 G _   0.017 0.153 0.001 0.042 0.016 0.024 0.044 0.703 
 255 K _   0.016 0.151 0.001 0.040 0.015 0.022 0.046 0.708 
 256 V _   0.015 0.146 0.001 0.037 0.013 0.020 0.049 0.719 
 257 R _   0.014 0.136 0.001 0.032 0.011 0.018 0.052 0.735 
 258 F _   0.012 0.123 0.001 0.026 0.009 0.016 0.056 0.757 
 259 P _   0.011 0.107 0.001 0.021 0.007 0.014 0.059 0.780 
 260 S _   0.010 0.091 0.001 0.016 0.005 0.012 0.063 0.802 
 261 H _   0.009 0.077 0.001 0.012 0.004 0.011 0.066 0.821 
 262 F _   0.008 0.067 0.000 0.009 0.003 0.010 0.069 0.835 
 263 S _   0.007 0.060 0.000 0.007 0.003 0.009 0.071 0.843 
 264 S _   0.007 0.056 0.000 0.006 0.002 0.009 0.073 0.847 
 265 D _   0.007 0.056 0.000 0.006 0.003 0.010 0.074 0.846 
 266 L _   0.007 0.057 0.000 0.006 0.003 0.011 0.075 0.840 
 267 K _   0.008 0.061 0.000 0.008 0.004 0.012 0.076 0.830 
 268 D _   0.010 0.069 0.001 0.011 0.005 0.014 0.077 0.814 
 269 L _   0.011 0.081 0.001 0.016 0.007 0.016 0.077 0.791 
 270 L _   0.012 0.095 0.001 0.021 0.009 0.019 0.078 0.765 
 271 R _   0.013 0.110 0.001 0.028 0.011 0.020 0.078 0.738 
 272 N _   0.014 0.122 0.001 0.034 0.013 0.021 0.079 0.716 
 273 L _   0.014 0.130 0.001 0.039 0.014 0.022 0.081 0.699 
 274 L _   0.015 0.134 0.001 0.041 0.014 0.021 0.083 0.691 
 275 Q _   0.014 0.134 0.001 0.041 0.014 0.021 0.086 0.689 
 276 V _   0.014 0.131 0.001 0.039 0.013 0.019 0.089 0.693 
 277 D _   0.014 0.124 0.001 0.035 0.011 0.018 0.093 0.703 
 278 L _   0.013 0.113 0.001 0.030 0.010 0.016 0.098 0.719 
 279 T _   0.013 0.098 0.001 0.024 0.008 0.014 0.103 0.738 
 280 K _   0.011 0.082 0.001 0.019 0.007 0.013 0.108 0.758 
 281 R _   0.010 0.067 0.001 0.015 0.005 0.011 0.113 0.777 
 282 F _   0.009 0.054 0.001 0.012 0.004 0.010 0.118 0.792 
 283 G _   0.008 0.044 0.000 0.009 0.003 0.009 0.122 0.803 
 284 N _   0.008 0.038 0.000 0.008 0.003 0.008 0.126 0.810 
 285 L _   0.007 0.033 0.000 0.007 0.003 0.008 0.129 0.814 
 286 K _   0.006 0.031 0.000 0.006 0.002 0.008 0.131 0.815 
 287 N _   0.006 0.030 0.000 0.006 0.002 0.008 0.133 0.815 
 288 G _   0.006 0.030 0.000 0.006 0.002 0.008 0.135 0.813 
 289 V _   0.006 0.031 0.000 0.007 0.003 0.009 0.136 0.809 
 290 S _   0.006 0.033 0.000 0.007 0.003 0.010 0.137 0.804 
 291 D _   0.007 0.036 0.000 0.008 0.003 0.011 0.138 0.797 
 292 I _   0.008 0.041 0.001 0.009 0.004 0.013 0.138 0.786 
 293 K _   0.009 0.047 0.001 0.010 0.005 0.016 0.139 0.773 
 294 T _   0.010 0.056 0.001 0.012 0.006 0.019 0.139 0.757 
 295 H _   0.012 0.067 0.001 0.014 0.008 0.022 0.139 0.737 
 296 K _   0.014 0.081 0.001 0.016 0.011 0.025 0.140 0.712 
 297 W _   0.016 0.097 0.001 0.019 0.013 0.028 0.140 0.685 
 298 F _   0.019 0.116 0.001 0.022 0.016 0.031 0.141 0.655 
 299 A _   0.020 0.135 0.001 0.026 0.019 0.033 0.142 0.624 
 300 T _   0.022 0.152 0.002 0.029 0.021 0.034 0.144 0.596 
 301 T _   0.025 0.167 0.002 0.032 0.022 0.035 0.146 0.571 
 302 D _   0.026 0.178 0.002 0.035 0.023 0.035 0.149 0.552 
 303 W _   0.027 0.185 0.002 0.036 0.022 0.034 0.153 0.541 
 304 I _   0.027 0.188 0.001 0.035 0.021 0.033 0.158 0.536 
 305 A _   0.027 0.188 0.001 0.032 0.020 0.031 0.164 0.537 
 306 I _   0.026 0.184 0.001 0.029 0.017 0.029 0.171 0.542 
 307 Y _   0.025 0.179 0.001 0.024 0.015 0.027 0.178 0.551 
 308 Q _   0.023 0.171 0.001 0.020 0.013 0.026 0.185 0.561 
 309 R _   0.021 0.164 0.001 0.017 0.011 0.024 0.193 0.569 
 310 K _   0.019 0.158 0.001 0.016 0.010 0.022 0.200 0.574 
 311 V _   0.018 0.154 0.001 0.016 0.009 0.021 0.207 0.575 
 312 E _   0.016 0.152 0.001 0.017 0.008 0.020 0.215 0.572 
 313 A _   0.014 0.151 0.001 0.019 0.008 0.019 0.222 0.567 
 314 P _   0.013 0.150 0.001 0.022 0.008 0.018 0.229 0.558 
 315 F _   0.012 0.149 0.001 0.025 0.009 0.017 0.237 0.550 
 316 I _   0.012 0.147 0.001 0.028 0.009 0.016 0.246 0.542 
 317 P _   0.011 0.142 0.001 0.029 0.008 0.015 0.256 0.538 
 318 K _   0.009 0.134 0.001 0.029 0.008 0.013 0.268 0.538 
 319 F _   0.008 0.122 0.001 0.027 0.007 0.012 0.281 0.542 
 320 R _   0.008 0.107 0.001 0.023 0.006 0.010 0.295 0.550 
 321 G _   0.007 0.089 0.001 0.018 0.005 0.009 0.310 0.561 
 322 S _   0.006 0.072 0.001 0.014 0.004 0.008 0.324 0.572 
 323 G _   0.005 0.058 0.000 0.010 0.003 0.006 0.336 0.581 
 324 D _   0.005 0.048 0.000 0.007 0.002 0.005 0.347 0.586 
 325 T _   0.004 0.042 0.000 0.005 0.001 0.005 0.355 0.588 
 326 S _   0.004 0.039 0.000 0.004 0.001 0.004 0.361 0.587 
 327 N _   0.003 0.038 0.000 0.004 0.001 0.004 0.365 0.585 
 328 F _   0.003 0.038 0.000 0.004 0.001 0.004 0.368 0.581 
 329 D _   0.003 0.041 0.000 0.005 0.001 0.005 0.370 0.575 
 330 D _   0.003 0.046 0.000 0.006 0.002 0.006 0.370 0.566 
 331 Y _   0.003 0.056 0.000 0.008 0.002 0.007 0.370 0.552 
 332 E _   0.004 0.072 0.000 0.011 0.003 0.009 0.369 0.532 
 333 E _   0.004 0.097 0.001 0.015 0.004 0.011 0.366 0.502 
 334 E _   0.005 0.130 0.001 0.019 0.006 0.012 0.363 0.464 
 335 D _   0.005 0.170 0.001 0.023 0.007 0.013 0.360 0.421 
 336 I _   0.005 0.212 0.001 0.027 0.008 0.014 0.357 0.376 
 337 R X   0.005 0.253 0.001 0.031 0.009 0.015 0.354 0.333 
 338 V X   0.005 0.288 0.001 0.034 0.009 0.015 0.353 0.295 
 339 S X   0.005 0.315 0.001 0.036 0.010 0.015 0.353 0.265 
 340 I X   0.005 0.334 0.001 0.037 0.010 0.015 0.354 0.242 
 341 T X   0.005 0.347 0.001 0.039 0.010 0.015 0.357 0.226 
 342 E X   0.005 0.354 0.001 0.039 0.010 0.014 0.362 0.215 
 343 K X   0.005 0.356 0.001 0.038 0.010 0.013 0.367 0.210 
 344 C X   0.005 0.354 0.001 0.036 0.009 0.012 0.374 0.209 
 345 A X   0.004 0.348 0.001 0.034 0.008 0.010 0.383 0.212 
 346 K X   0.004 0.335 0.001 0.030 0.006 0.008 0.394 0.222 
 347 E X   0.002 0.313 0.001 0.025 0.004 0.005 0.409 0.241 
 348 F X   0.001 0.274 0.000 0.017 0.002 0.002 0.426 0.277 
 349 G X   0.000 0.232 0.000 0.012 0.001 0.001 0.434 0.320 
 350 E X   0.000 0.204 0.000 0.011 0.000 0.001 0.435 0.348 
 351 F X   0.003 0.188 0.002 0.019 0.004 0.004 0.427 0.354 
