#TopoPred_TM8: 8-state transmembrane topology prediction results by no_profile mode 
#probabilities are in the order of H E C I L F X _, the 8 transmembrane topology types used in PDBTM 
   1 M X   0.012 0.001 0.002 0.051 0.009 0.009 0.770 0.145 
   2 A X   0.005 0.001 0.000 0.029 0.002 0.004 0.792 0.168 
   3 Q X   0.001 0.001 0.000 0.014 0.001 0.002 0.796 0.185 
   4 K X   0.001 0.001 0.000 0.008 0.000 0.002 0.793 0.194 
   5 E X   0.001 0.001 0.000 0.007 0.001 0.003 0.786 0.202 
   6 N X   0.002 0.002 0.000 0.006 0.001 0.004 0.775 0.210 
   7 S X   0.002 0.004 0.000 0.007 0.001 0.005 0.760 0.220 
   8 Y X   0.003 0.008 0.000 0.010 0.002 0.007 0.740 0.230 
   9 P X   0.003 0.016 0.000 0.014 0.003 0.009 0.713 0.241 
  10 W X   0.004 0.028 0.001 0.019 0.004 0.011 0.681 0.252 
  11 P X   0.004 0.044 0.001 0.025 0.006 0.012 0.644 0.264 
  12 Y X   0.004 0.062 0.001 0.030 0.007 0.013 0.608 0.275 
  13 G X   0.004 0.077 0.001 0.032 0.007 0.014 0.575 0.289 
  14 R X   0.004 0.091 0.001 0.032 0.007 0.014 0.547 0.303 
  15 Q X   0.004 0.102 0.001 0.031 0.007 0.014 0.523 0.319 
  16 T X   0.004 0.110 0.001 0.029 0.007 0.014 0.501 0.335 
  17 A X   0.004 0.116 0.001 0.026 0.007 0.013 0.481 0.351 
  18 P X   0.004 0.122 0.001 0.024 0.006 0.013 0.463 0.367 
  19 S X   0.004 0.127 0.001 0.022 0.006 0.013 0.447 0.380 
  20 G X   0.005 0.132 0.001 0.020 0.006 0.014 0.431 0.391 
  21 L X   0.005 0.137 0.001 0.020 0.006 0.014 0.417 0.401 
  22 S _   0.005 0.141 0.001 0.020 0.007 0.014 0.403 0.408 
  23 T _   0.006 0.146 0.001 0.021 0.007 0.015 0.390 0.414 
  24 L _   0.006 0.150 0.001 0.022 0.008 0.015 0.379 0.420 
  25 P _   0.006 0.154 0.001 0.022 0.008 0.015 0.368 0.426 
  26 Q _   0.007 0.155 0.001 0.022 0.007 0.015 0.359 0.434 
  27 R _   0.007 0.155 0.001 0.021 0.007 0.015 0.350 0.444 
  28 V _   0.007 0.154 0.001 0.018 0.007 0.014 0.343 0.456 
  29 L _   0.007 0.152 0.001 0.016 0.006 0.014 0.335 0.469 
  30 R _   0.007 0.148 0.001 0.013 0.005 0.014 0.328 0.483 
  31 K _   0.008 0.146 0.001 0.011 0.005 0.014 0.321 0.494 
  32 E _   0.008 0.145 0.001 0.010 0.005 0.015 0.314 0.501 
  33 P _   0.009 0.146 0.001 0.011 0.006 0.016 0.307 0.505 
  34 V _   0.010 0.149 0.001 0.012 0.007 0.017 0.300 0.503 
  35 T _   0.011 0.156 0.001 0.016 0.009 0.019 0.292 0.497 
  36 P _   0.012 0.164 0.001 0.022 0.011 0.020 0.285 0.486 
  37 S _   0.013 0.174 0.001 0.028 0.012 0.020 0.278 0.474 
  38 A _   0.014 0.180 0.001 0.034 0.013 0.020 0.271 0.466 
  39 L _   0.014 0.183 0.001 0.038 0.013 0.020 0.266 0.464 
  40 V _   0.014 0.182 0.001 0.039 0.013 0.018 0.263 0.470 
  41 L _   0.013 0.175 0.001 0.037 0.012 0.017 0.260 0.485 
  42 M _   0.012 0.162 0.001 0.033 0.010 0.015 0.258 0.509 
  43 S _   0.012 0.141 0.001 0.026 0.008 0.013 0.257 0.541 
  44 R _   0.011 0.115 0.001 0.019 0.006 0.011 0.257 0.580 
  45 S _   0.010 0.089 0.001 0.013 0.005 0.010 0.256 0.616 
  46 N _   0.008 0.070 0.000 0.009 0.003 0.009 0.255 0.645 
  47 V _   0.007 0.058 0.000 0.007 0.003 0.008 0.253 0.665 
  48 Q _   0.006 0.051 0.000 0.005 0.002 0.007 0.251 0.677 
  49 P _   0.006 0.048 0.000 0.005 0.002 0.007 0.248 0.684 
  50 T _   0.006 0.047 0.000 0.006 0.002 0.007 0.245 0.687 
  51 A _   0.005 0.048 0.000 0.008 0.002 0.007 0.240 0.688 
  52 A _   0.005 0.051 0.000 0.010 0.003 0.008 0.235 0.688 
  53 P _   0.005 0.054 0.000 0.013 0.003 0.008 0.229 0.687 
  54 G _   0.005 0.057 0.000 0.015 0.004 0.008 0.224 0.687 
  55 Q _   0.005 0.060 0.001 0.016 0.004 0.008 0.218 0.689 
  56 K _   0.005 0.062 0.000 0.015 0.004 0.008 0.212 0.693 
  57 V _   0.004 0.063 0.000 0.014 0.003 0.008 0.207 0.700 
  58 M _   0.004 0.064 0.000 0.012 0.003 0.007 0.202 0.707 
  59 E _   0.004 0.065 0.000 0.010 0.003 0.007 0.196 0.715 
  60 N _   0.004 0.066 0.000 0.009 0.002 0.007 0.191 0.721 
  61 S _   0.004 0.068 0.000 0.008 0.003 0.008 0.185 0.723 
  62 S _   0.004 0.073 0.000 0.009 0.003 0.009 0.179 0.721 
  63 G _   0.005 0.083 0.001 0.012 0.004 0.011 0.172 0.712 
  64 T _   0.006 0.099 0.001 0.017 0.006 0.014 0.164 0.694 
  65 P _   0.007 0.123 0.001 0.024 0.008 0.016 0.154 0.667 
  66 D _   0.008 0.153 0.001 0.032 0.011 0.018 0.144 0.633 
  67 I _   0.009 0.180 0.001 0.041 0.012 0.019 0.135 0.602 
  68 L _   0.009 0.200 0.001 0.048 0.013 0.020 0.127 0.582 
  69 T _   0.008 0.211 0.001 0.052 0.014 0.020 0.121 0.573 
  70 R _   0.008 0.215 0.001 0.053 0.013 0.019 0.117 0.573 
  71 H _   0.008 0.215 0.001 0.051 0.013 0.018 0.113 0.581 
  72 F _   0.008 0.209 0.001 0.046 0.012 0.017 0.111 0.597 
  73 T _   0.008 0.197 0.001 0.040 0.011 0.015 0.109 0.619 
  74 I _   0.008 0.180 0.001 0.034 0.009 0.014 0.108 0.644 
  75 D _   0.008 0.161 0.001 0.029 0.008 0.013 0.108 0.672 
  76 D _   0.008 0.139 0.001 0.024 0.007 0.013 0.108 0.700 
  77 F _   0.008 0.118 0.001 0.020 0.006 0.012 0.108 0.727 
  78 E _   0.008 0.099 0.001 0.017 0.005 0.011 0.108 0.751 
  79 I _   0.008 0.081 0.001 0.015 0.005 0.010 0.108 0.772 
  80 G _   0.007 0.067 0.001 0.013 0.004 0.010 0.108 0.791 
  81 R _   0.007 0.056 0.000 0.011 0.004 0.009 0.107 0.806 
  82 P _   0.006 0.047 0.000 0.010 0.003 0.009 0.106 0.819 
  83 L _   0.006 0.040 0.000 0.009 0.003 0.009 0.105 0.828 
  84 G _   0.006 0.035 0.000 0.008 0.003 0.008 0.103 0.836 
  85 K _   0.006 0.032 0.000 0.008 0.003 0.009 0.102 0.841 
  86 G _   0.006 0.030 0.000 0.008 0.003 0.009 0.100 0.844 
  87 K _   0.006 0.028 0.000 0.009 0.003 0.010 0.098 0.845 
  88 F _   0.006 0.027 0.000 0.011 0.004 0.011 0.095 0.845 
  89 G _   0.007 0.027 0.001 0.012 0.004 0.012 0.093 0.844 
  90 N _   0.007 0.027 0.001 0.014 0.005 0.013 0.091 0.843 
  91 V _   0.008 0.026 0.001 0.015 0.005 0.014 0.089 0.843 
  92 Y _   0.009 0.024 0.001 0.014 0.005 0.015 0.087 0.844 
  93 L _   0.010 0.023 0.001 0.013 0.005 0.017 0.085 0.847 
  94 A _   0.011 0.021 0.001 0.011 0.005 0.018 0.083 0.850 
  95 R _   0.013 0.019 0.001 0.009 0.005 0.020 0.081 0.851 
  96 E _   0.016 0.017 0.001 0.008 0.006 0.023 0.079 0.850 
  97 K _   0.022 0.017 0.001 0.007 0.007 0.027 0.077 0.843 
  98 K _   0.029 0.018 0.001 0.007 0.010 0.032 0.074 0.829 
  99 S _   0.039 0.021 0.001 0.009 0.014 0.038 0.071 0.807 
 100 H _   0.050 0.027 0.001 0.013 0.020 0.045 0.069 0.776 
 101 F _   0.061 0.037 0.002 0.020 0.027 0.050 0.066 0.737 
 102 I _   0.071 0.050 0.002 0.028 0.034 0.054 0.063 0.698 
 103 V _   0.077 0.062 0.002 0.037 0.038 0.056 0.061 0.667 
 104 A _   0.080 0.070 0.002 0.043 0.040 0.056 0.059 0.649 
 105 L _   0.080 0.073 0.002 0.047 0.040 0.054 0.058 0.646 
 106 K _   0.077 0.073 0.002 0.046 0.037 0.050 0.057 0.658 
 107 V _   0.072 0.069 0.002 0.040 0.032 0.045 0.057 0.682 
 108 L _   0.064 0.061 0.002 0.033 0.026 0.040 0.057 0.717 
 109 F _   0.056 0.050 0.002 0.025 0.020 0.034 0.057 0.756 
 110 K _   0.047 0.038 0.001 0.018 0.015 0.029 0.058 0.794 
 111 S _   0.039 0.027 0.001 0.013 0.011 0.025 0.058 0.827 
 112 Q _   0.032 0.020 0.001 0.010 0.008 0.021 0.058 0.851 
 113 I _   0.026 0.015 0.001 0.008 0.006 0.018 0.058 0.868 
 114 E _   0.021 0.013 0.001 0.007 0.005 0.016 0.058 0.880 
 115 K _   0.018 0.012 0.000 0.007 0.004 0.015 0.057 0.887 
 116 E _   0.016 0.011 0.000 0.007 0.004 0.014 0.057 0.891 
 117 G _   0.014 0.011 0.000 0.007 0.004 0.013 0.056 0.893 
 118 V _   0.014 0.012 0.000 0.008 0.004 0.013 0.055 0.894 
 119 E _   0.013 0.013 0.001 0.008 0.005 0.014 0.054 0.893 
 120 H _   0.013 0.014 0.001 0.009 0.005 0.014 0.053 0.891 
 121 Q _   0.013 0.016 0.001 0.011 0.006 0.015 0.052 0.887 
 122 L _   0.014 0.019 0.001 0.012 0.007 0.016 0.051 0.881 
 123 R _   0.014 0.021 0.001 0.014 0.007 0.017 0.050 0.876 
 124 R _   0.014 0.024 0.001 0.016 0.008 0.018 0.049 0.870 
 125 E _   0.015 0.026 0.001 0.018 0.009 0.018 0.048 0.865 
 126 I _   0.015 0.028 0.001 0.019 0.009 0.019 0.047 0.862 
 127 E _   0.015 0.029 0.001 0.019 0.009 0.019 0.046 0.861 
 128 I _   0.016 0.030 0.001 0.018 0.009 0.019 0.046 0.862 
 129 Q _   0.016 0.029 0.001 0.017 0.008 0.018 0.045 0.866 
 130 A _   0.015 0.029 0.001 0.015 0.008 0.018 0.045 0.870 
 131 H _   0.015 0.028 0.001 0.013 0.007 0.018 0.045 0.874 
 132 L _   0.015 0.027 0.001 0.011 0.007 0.018 0.044 0.876 
 133 H _   0.015 0.026 0.001 0.011 0.007 0.018 0.044 0.877 
 134 H _   0.016 0.027 0.001 0.011 0.008 0.019 0.043 0.875 
 135 P _   0.017 0.028 0.001 0.013 0.008 0.020 0.043 0.869 
 136 N _   0.019 0.030 0.001 0.015 0.009 0.021 0.043 0.862 
 137 I _   0.020 0.032 0.001 0.018 0.010 0.021 0.043 0.855 
 138 L _   0.020 0.033 0.001 0.020 0.011 0.021 0.042 0.850 
 139 R _   0.020 0.034 0.001 0.022 0.011 0.021 0.042 0.849 
 140 L _   0.019 0.033 0.001 0.021 0.011 0.020 0.042 0.852 
 141 Y _   0.018 0.031 0.001 0.019 0.010 0.019 0.042 0.860 
 142 N _   0.017 0.028 0.001 0.016 0.008 0.018 0.042 0.870 
 143 Y _   0.016 0.025 0.001 0.013 0.007 0.017 0.043 0.879 
 144 F _   0.015 0.022 0.001 0.011 0.006 0.016 0.043 0.888 
 145 Y _   0.015 0.020 0.001 0.009 0.006 0.015 0.043 0.893 
 146 D _   0.015 0.019 0.001 0.008 0.005 0.015 0.043 0.894 
 147 R _   0.015 0.019 0.001 0.009 0.006 0.015 0.043 0.893 
 148 R _   0.015 0.020 0.001 0.010 0.006 0.016 0.043 0.890 
 149 R _   0.016 0.021 0.001 0.012 0.007 0.016 0.042 0.885 
 150 I _   0.016 0.023 0.001 0.015 0.008 0.017 0.042 0.878 
 151 Y _   0.016 0.025 0.001 0.018 0.008 0.017 0.042 0.873 
 152 L _   0.015 0.027 0.001 0.020 0.009 0.017 0.042 0.869 
 153 I _   0.015 0.028 0.001 0.021 0.009 0.016 0.042 0.869 
 154 L _   0.014 0.027 0.001 0.020 0.008 0.015 0.042 0.873 
 155 E _   0.013 0.026 0.001 0.018 0.007 0.014 0.042 0.879 
 156 Y _   0.012 0.024 0.001 0.016 0.006 0.013 0.043 0.886 
 157 A _   0.011 0.021 0.001 0.013 0.005 0.012 0.043 0.893 
 158 P _   0.010 0.019 0.001 0.011 0.005 0.012 0.043 0.899 
 159 R _   0.010 0.017 0.001 0.010 0.004 0.011 0.043 0.904 
 160 G _   0.009 0.016 0.000 0.010 0.004 0.011 0.043 0.906 
 161 E _   0.009 0.014 0.000 0.010 0.004 0.011 0.043 0.907 
 162 L _   0.009 0.014 0.000 0.011 0.004 0.011 0.043 0.907 
 163 Y _   0.009 0.013 0.001 0.011 0.005 0.012 0.043 0.907 
 164 K _   0.009 0.012 0.001 0.012 0.005 0.012 0.043 0.907 
 165 E _   0.009 0.011 0.001 0.012 0.005 0.012 0.043 0.908 
 166 L _   0.009 0.010 0.001 0.012 0.005 0.012 0.043 0.910 
 167 Q _   0.009 0.009 0.001 0.011 0.005 0.013 0.042 0.911 
 168 K _   0.009 0.007 0.001 0.010 0.004 0.013 0.042 0.913 
 169 S _   0.010 0.006 0.001 0.009 0.004 0.014 0.042 0.915 
 170 C _   0.012 0.005 0.000 0.007 0.004 0.015 0.042 0.915 
 171 T _   0.014 0.004 0.001 0.006 0.004 0.017 0.041 0.912 
 172 F _   0.018 0.003 0.001 0.006 0.005 0.019 0.041 0.907 
 173 D _   0.024 0.003 0.001 0.006 0.006 0.023 0.040 0.897 
 174 E _   0.032 0.003 0.001 0.006 0.008 0.028 0.040 0.883 
 175 Q _   0.042 0.004 0.001 0.007 0.011 0.033 0.039 0.863 
 176 R _   0.055 0.005 0.001 0.009 0.015 0.039 0.038 0.837 
 177 T _   0.069 0.007 0.001 0.012 0.020 0.045 0.038 0.808 
 178 A _   0.082 0.010 0.002 0.015 0.025 0.050 0.037 0.778 
 179 T _   0.094 0.014 0.002 0.018 0.030 0.054 0.037 0.751 
 180 I _   0.105 0.017 0.002 0.021 0.034 0.057 0.036 0.729 
 181 M _   0.111 0.019 0.002 0.023 0.036 0.057 0.036 0.715 
 182 E _   0.114 0.021 0.002 0.023 0.036 0.057 0.037 0.710 
 183 E _   0.114 0.022 0.002 0.023 0.035 0.055 0.037 0.712 
 184 L _   0.112 0.022 0.002 0.022 0.033 0.052 0.038 0.720 
 185 A _   0.108 0.021 0.002 0.020 0.030 0.049 0.039 0.732 
 186 D _   0.102 0.019 0.002 0.018 0.026 0.045 0.040 0.748 
 187 A _   0.094 0.018 0.001 0.017 0.022 0.041 0.041 0.765 
 188 L _   0.085 0.016 0.001 0.016 0.019 0.037 0.042 0.784 
 189 M _   0.075 0.015 0.001 0.015 0.016 0.032 0.044 0.802 
 190 Y _   0.064 0.014 0.001 0.015 0.013 0.028 0.045 0.820 
 191 C _   0.054 0.012 0.001 0.015 0.011 0.025 0.047 0.836 
 192 H _   0.045 0.011 0.001 0.014 0.009 0.021 0.048 0.852 
 193 G _   0.037 0.009 0.001 0.013 0.007 0.018 0.049 0.866 
 194 K _   0.029 0.008 0.001 0.011 0.006 0.015 0.051 0.880 
 195 K _   0.024 0.006 0.001 0.009 0.005 0.013 0.052 0.892 
 196 V _   0.019 0.005 0.000 0.007 0.004 0.011 0.052 0.902 
 197 I _   0.015 0.004 0.000 0.006 0.003 0.009 0.053 0.911 
 198 H _   0.012 0.004 0.000 0.005 0.002 0.008 0.053 0.917 
 199 R _   0.009 0.003 0.000 0.004 0.002 0.007 0.053 0.921 
 200 D _   0.008 0.004 0.000 0.004 0.002 0.007 0.052 0.924 
 201 I _   0.007 0.005 0.000 0.004 0.002 0.007 0.051 0.924 
 202 K _   0.007 0.007 0.000 0.005 0.002 0.008 0.050 0.921 
 203 P _   0.007 0.012 0.000 0.007 0.003 0.009 0.049 0.914 
 204 E _   0.007 0.020 0.000 0.010 0.004 0.010 0.047 0.902 
 205 N _   0.008 0.031 0.001 0.014 0.005 0.012 0.045 0.885 
 206 L _   0.008 0.045 0.001 0.018 0.006 0.013 0.043 0.866 
 207 L _   0.008 0.059 0.001 0.023 0.007 0.014 0.040 0.848 
 208 L _   0.008 0.070 0.001 0.026 0.008 0.014 0.038 0.834 
 209 G _   0.008 0.079 0.001 0.028 0.008 0.014 0.036 0.826 
 210 L _   0.008 0.084 0.001 0.028 0.008 0.014 0.035 0.822 
 211 K _   0.008 0.087 0.001 0.026 0.008 0.014 0.034 0.822 
 212 G _   0.008 0.088 0.001 0.024 0.008 0.014 0.033 0.825 
 213 E _   0.008 0.088 0.001 0.021 0.007 0.014 0.032 0.829 
 214 L _   0.009 0.086 0.001 0.019 0.007 0.014 0.031 0.833 
 215 K _   0.009 0.085 0.001 0.017 0.006 0.014 0.031 0.837 
 216 I _   0.010 0.083 0.001 0.016 0.006 0.014 0.031 0.840 
 217 A _   0.010 0.081 0.001 0.016 0.006 0.014 0.030 0.842 
 218 D _   0.011 0.080 0.001 0.015 0.006 0.014 0.030 0.844 
 219 F _   0.011 0.078 0.001 0.015 0.006 0.014 0.030 0.846 
 220 G _   0.011 0.076 0.001 0.015 0.006 0.014 0.029 0.848 
 221 W _   0.011 0.074 0.001 0.014 0.006 0.014 0.029 0.851 
 222 S _   0.011 0.072 0.001 0.013 0.006 0.014 0.029 0.854 
 223 V _   0.011 0.069 0.001 0.013 0.006 0.014 0.029 0.858 
 224 H _   0.011 0.067 0.001 0.012 0.006 0.014 0.028 0.861 
 225 A _   0.011 0.066 0.001 0.012 0.006 0.015 0.028 0.862 
 226 P _   0.011 0.066 0.001 0.012 0.006 0.015 0.027 0.862 
 227 S _   0.012 0.066 0.001 0.013 0.007 0.016 0.027 0.859 
 228 L _   0.012 0.068 0.001 0.015 0.007 0.017 0.026 0.854 
 229 R _   0.013 0.069 0.001 0.018 0.008 0.017 0.026 0.849 
 230 R _   0.013 0.070 0.001 0.020 0.009 0.017 0.026 0.844 
 231 K _   0.013 0.070 0.001 0.022 0.009 0.017 0.025 0.841 
 232 T _   0.013 0.070 0.001 0.024 0.010 0.017 0.025 0.841 
 233 M _   0.013 0.067 0.001 0.024 0.009 0.016 0.025 0.845 
 234 C _   0.012 0.063 0.001 0.022 0.009 0.015 0.025 0.853 
 235 G _   0.012 0.057 0.001 0.020 0.008 0.014 0.025 0.863 
 236 T _   0.011 0.050 0.001 0.017 0.007 0.014 0.025 0.875 
 237 L _   0.011 0.042 0.001 0.015 0.006 0.013 0.025 0.887 
 238 D _   0.010 0.035 0.001 0.013 0.005 0.012 0.025 0.898 
 239 Y _   0.010 0.029 0.001 0.011 0.005 0.012 0.025 0.906 
 240 L _   0.010 0.025 0.001 0.011 0.005 0.012 0.025 0.912 
 241 P _   0.010 0.021 0.001 0.011 0.005 0.012 0.025 0.915 
 242 P _   0.011 0.019 0.001 0.012 0.005 0.012 0.025 0.917 
 243 E _   0.011 0.016 0.001 0.013 0.005 0.012 0.025 0.918 
 244 M _   0.012 0.014 0.001 0.013 0.005 0.012 0.024 0.919 
 245 I _   0.014 0.012 0.001 0.013 0.005 0.011 0.024 0.921 
 246 E _   0.016 0.009 0.001 0.011 0.005 0.011 0.024 0.924 
 247 G _   0.019 0.006 0.001 0.009 0.004 0.010 0.023 0.928 
 248 R _   0.024 0.004 0.000 0.007 0.004 0.010 0.022 0.930 
 249 M _   0.033 0.002 0.000 0.005 0.003 0.009 0.021 0.926 
 250 H _   0.049 0.001 0.000 0.003 0.003 0.009 0.020 0.915 
 251 N _   0.076 0.000 0.000 0.002 0.003 0.010 0.019 0.890 
 252 E _   0.121 0.000 0.001 0.001 0.004 0.011 0.017 0.845 
 253 K _   0.192 0.000 0.001 0.001 0.005 0.013 0.015 0.773 
 254 V _   0.293 0.000 0.001 0.001 0.007 0.015 0.013 0.670 
 255 D _   0.417 0.000 0.001 0.001 0.011 0.017 0.011 0.543 
 256 L H   0.543 0.000 0.001 0.001 0.015 0.019 0.009 0.412 
 257 W H   0.651 0.000 0.001 0.001 0.019 0.020 0.008 0.299 
 258 C H   0.732 0.000 0.001 0.001 0.023 0.020 0.007 0.215 
 259 I H   0.785 0.000 0.001 0.001 0.026 0.019 0.007 0.160 
 260 G H   0.818 0.000 0.001 0.001 0.028 0.018 0.007 0.126 
 261 V H   0.834 0.000 0.001 0.002 0.029 0.017 0.008 0.109 
 262 L H   0.835 0.000 0.002 0.002 0.030 0.017 0.009 0.106 
 263 C H   0.822 0.000 0.002 0.002 0.031 0.016 0.011 0.116 
 264 Y H   0.792 0.000 0.002 0.003 0.031 0.016 0.014 0.142 
 265 E H   0.740 0.000 0.002 0.004 0.031 0.016 0.018 0.189 
 266 L H   0.662 0.000 0.002 0.005 0.028 0.016 0.025 0.262 
 267 L H   0.561 0.000 0.002 0.005 0.023 0.016 0.034 0.358 
 268 V _   0.446 0.000 0.002 0.006 0.018 0.015 0.045 0.469 
 269 G _   0.329 0.000 0.001 0.005 0.012 0.013 0.058 0.580 
 270 N _   0.229 0.000 0.001 0.005 0.008 0.012 0.069 0.676 
 271 P _   0.150 0.000 0.001 0.005 0.006 0.010 0.078 0.750 
 272 P _   0.094 0.000 0.001 0.004 0.004 0.008 0.086 0.803 
 273 F _   0.057 0.000 0.000 0.003 0.003 0.007 0.092 0.837 
 274 E _   0.034 0.000 0.000 0.003 0.002 0.006 0.096 0.858 
 275 S _   0.021 0.001 0.000 0.003 0.002 0.006 0.099 0.869 
 276 A _   0.014 0.001 0.000 0.003 0.002 0.006 0.102 0.872 
 277 S _   0.010 0.002 0.000 0.004 0.002 0.007 0.103 0.871 
 278 H _   0.009 0.005 0.000 0.005 0.002 0.008 0.105 0.865 
 279 N _   0.008 0.011 0.000 0.008 0.003 0.010 0.105 0.854 
 280 E _   0.009 0.020 0.001 0.011 0.005 0.011 0.106 0.837 
 281 T _   0.009 0.033 0.001 0.015 0.006 0.013 0.106 0.817 
 282 Y _   0.009 0.048 0.001 0.020 0.007 0.014 0.107 0.795 
 283 R _   0.009 0.061 0.001 0.023 0.008 0.015 0.107 0.775 
 284 R _   0.009 0.073 0.001 0.026 0.009 0.016 0.108 0.759 
 285 I _   0.009 0.081 0.001 0.026 0.009 0.016 0.110 0.749 
 286 V _   0.009 0.087 0.001 0.025 0.009 0.016 0.112 0.742 
 287 K _   0.009 0.091 0.001 0.023 0.008 0.016 0.114 0.739 
 288 V _   0.009 0.093 0.001 0.020 0.008 0.016 0.116 0.738 
 289 D _   0.009 0.095 0.001 0.018 0.007 0.015 0.119 0.737 
 290 L _   0.009 0.096 0.001 0.016 0.007 0.016 0.122 0.735 
 291 K _   0.010 0.097 0.001 0.014 0.006 0.016 0.125 0.731 
 292 F _   0.010 0.099 0.001 0.013 0.006 0.016 0.128 0.726 
 293 P _   0.011 0.102 0.001 0.014 0.007 0.017 0.132 0.718 
 294 A _   0.011 0.107 0.001 0.014 0.007 0.018 0.135 0.707 
 295 S _   0.012 0.112 0.001 0.016 0.008 0.018 0.138 0.695 
 296 V _   0.013 0.118 0.001 0.018 0.009 0.019 0.142 0.680 
 297 P _   0.013 0.124 0.001 0.021 0.010 0.020 0.146 0.665 
 298 M _   0.014 0.129 0.001 0.024 0.011 0.021 0.150 0.650 
 299 G _   0.014 0.134 0.001 0.027 0.012 0.021 0.155 0.636 
 300 A _   0.014 0.136 0.001 0.030 0.012 0.021 0.161 0.624 
 301 Q _   0.014 0.136 0.001 0.032 0.012 0.020 0.168 0.616 
 302 D _   0.014 0.133 0.001 0.033 0.012 0.019 0.176 0.611 
 303 L _   0.013 0.128 0.001 0.033 0.011 0.018 0.185 0.610 
 304 I _   0.013 0.120 0.001 0.031 0.010 0.017 0.196 0.613 
 305 S _   0.012 0.108 0.001 0.027 0.009 0.015 0.207 0.620 
 306 K _   0.011 0.092 0.001 0.023 0.008 0.013 0.220 0.632 
 307 L _   0.010 0.075 0.001 0.018 0.006 0.012 0.233 0.646 
 308 L _   0.009 0.057 0.001 0.013 0.005 0.010 0.245 0.660 
 309 R _   0.008 0.044 0.000 0.009 0.003 0.009 0.256 0.671 
 310 H _   0.007 0.034 0.000 0.006 0.003 0.008 0.265 0.677 
 311 N _   0.006 0.029 0.000 0.005 0.002 0.007 0.273 0.678 
 312 P _   0.006 0.027 0.000 0.004 0.002 0.007 0.279 0.675 
 313 S _   0.006 0.027 0.000 0.004 0.002 0.008 0.284 0.669 
 314 E _   0.006 0.029 0.000 0.005 0.002 0.009 0.288 0.659 
 315 R _   0.007 0.034 0.000 0.007 0.003 0.011 0.292 0.645 
 316 L _   0.008 0.043 0.001 0.010 0.005 0.013 0.295 0.625 
 317 P _   0.009 0.056 0.001 0.015 0.006 0.014 0.298 0.601 
 318 L _   0.009 0.072 0.001 0.020 0.008 0.016 0.302 0.573 
 319 A _   0.009 0.087 0.001 0.025 0.009 0.017 0.305 0.547 
 320 Q _   0.009 0.100 0.001 0.029 0.010 0.017 0.310 0.524 
 321 V _   0.009 0.109 0.001 0.032 0.011 0.018 0.315 0.506 
 322 S _   0.009 0.115 0.001 0.033 0.011 0.018 0.322 0.492 
 323 A _   0.009 0.118 0.001 0.033 0.011 0.017 0.330 0.481 
 324 H _   0.009 0.118 0.001 0.032 0.011 0.017 0.339 0.474 
 325 P _   0.009 0.116 0.001 0.029 0.010 0.016 0.350 0.470 
 326 W _   0.008 0.112 0.001 0.026 0.009 0.015 0.362 0.467 
 327 V _   0.008 0.107 0.001 0.022 0.008 0.014 0.375 0.466 
 328 R _   0.008 0.100 0.001 0.018 0.007 0.013 0.389 0.465 
 329 A _   0.008 0.094 0.001 0.015 0.006 0.012 0.402 0.463 
 330 N _   0.008 0.088 0.001 0.012 0.005 0.012 0.416 0.459 
 331 S _   0.008 0.084 0.001 0.010 0.004 0.012 0.428 0.454 
 332 R _   0.008 0.081 0.000 0.009 0.004 0.011 0.440 0.446 
 333 R X   0.008 0.080 0.000 0.009 0.004 0.011 0.451 0.436 
 334 V X   0.009 0.080 0.000 0.009 0.004 0.012 0.462 0.424 
 335 L X   0.009 0.082 0.001 0.011 0.005 0.012 0.472 0.410 
 336 P X   0.008 0.086 0.001 0.013 0.005 0.012 0.481 0.395 
 337 P X   0.007 0.089 0.001 0.016 0.006 0.011 0.490 0.380 
 338 S X   0.006 0.093 0.001 0.018 0.006 0.010 0.500 0.367 
 339 A X   0.005 0.095 0.001 0.019 0.005 0.008 0.511 0.357 
 340 L X   0.003 0.094 0.000 0.018 0.003 0.005 0.523 0.353 
 341 Q X   0.001 0.091 0.000 0.014 0.001 0.002 0.533 0.357 
 342 S X   0.001 0.085 0.000 0.011 0.000 0.001 0.537 0.365 
 343 V X   0.001 0.080 0.000 0.011 0.000 0.001 0.535 0.371 
 344 A X   0.004 0.076 0.002 0.020 0.004 0.004 0.524 0.367 
