#TopoPred_TM8: 8-state transmembrane topology prediction results by no_profile mode 
#probabilities are in the order of H E C I L F X _, the 8 transmembrane topology types used in PDBTM 
   1 M X   0.017 0.002 0.002 0.057 0.010 0.012 0.647 0.254 
   2 S X   0.006 0.001 0.000 0.034 0.002 0.006 0.663 0.288 
   3 Q X   0.002 0.001 0.000 0.020 0.001 0.004 0.664 0.308 
   4 E X   0.001 0.001 0.000 0.015 0.001 0.005 0.659 0.318 
   5 R X   0.002 0.002 0.000 0.014 0.001 0.007 0.648 0.326 
   6 P X   0.003 0.004 0.000 0.015 0.002 0.009 0.631 0.335 
   7 T X   0.005 0.007 0.000 0.017 0.003 0.012 0.613 0.343 
   8 F X   0.006 0.012 0.001 0.021 0.004 0.014 0.590 0.353 
   9 Y X   0.006 0.018 0.001 0.026 0.005 0.016 0.565 0.364 
  10 R X   0.006 0.026 0.001 0.030 0.007 0.016 0.537 0.376 
  11 Q X   0.006 0.033 0.001 0.034 0.008 0.017 0.511 0.391 
  12 E X   0.006 0.038 0.001 0.035 0.009 0.017 0.488 0.407 
  13 L X   0.006 0.042 0.001 0.034 0.009 0.017 0.468 0.423 
  14 N X   0.006 0.045 0.001 0.033 0.009 0.016 0.451 0.439 
  15 K _   0.007 0.046 0.001 0.032 0.009 0.016 0.436 0.454 
  16 T _   0.007 0.047 0.001 0.030 0.008 0.015 0.423 0.468 
  17 I _   0.007 0.047 0.001 0.029 0.008 0.015 0.412 0.481 
  18 W _   0.007 0.046 0.001 0.027 0.008 0.014 0.401 0.495 
  19 E _   0.007 0.044 0.001 0.025 0.007 0.013 0.391 0.511 
  20 V _   0.007 0.041 0.001 0.022 0.006 0.012 0.383 0.527 
  21 P _   0.007 0.038 0.001 0.019 0.006 0.011 0.374 0.545 
  22 E _   0.007 0.033 0.001 0.015 0.005 0.010 0.367 0.563 
  23 R _   0.006 0.029 0.001 0.012 0.004 0.009 0.359 0.580 
  24 Y _   0.006 0.025 0.000 0.009 0.003 0.008 0.351 0.597 
  25 Q _   0.005 0.022 0.000 0.007 0.003 0.008 0.343 0.611 
  26 N _   0.005 0.021 0.000 0.006 0.003 0.008 0.335 0.623 
  27 L _   0.005 0.020 0.000 0.006 0.003 0.008 0.326 0.633 
  28 S _   0.005 0.021 0.000 0.006 0.003 0.009 0.315 0.641 
  29 P _   0.006 0.023 0.000 0.007 0.003 0.010 0.304 0.646 
  30 V _   0.007 0.027 0.001 0.009 0.004 0.012 0.292 0.648 
  31 G _   0.008 0.034 0.001 0.012 0.006 0.015 0.278 0.647 
  32 S _   0.009 0.044 0.001 0.016 0.008 0.018 0.262 0.642 
  33 G _   0.010 0.056 0.001 0.021 0.011 0.021 0.246 0.633 
  34 A _   0.011 0.070 0.001 0.027 0.013 0.024 0.230 0.622 
  35 Y _   0.013 0.083 0.001 0.032 0.016 0.027 0.216 0.613 
  36 G _   0.014 0.093 0.001 0.037 0.017 0.029 0.202 0.607 
  37 S _   0.015 0.100 0.001 0.039 0.018 0.030 0.191 0.606 
  38 V _   0.016 0.104 0.001 0.039 0.019 0.031 0.181 0.609 
  39 C _   0.017 0.105 0.001 0.036 0.018 0.031 0.172 0.619 
  40 A _   0.018 0.104 0.001 0.033 0.017 0.030 0.165 0.632 
  41 A _   0.018 0.101 0.001 0.028 0.016 0.030 0.158 0.648 
  42 F _   0.019 0.096 0.001 0.023 0.014 0.029 0.152 0.665 
  43 D _   0.019 0.091 0.001 0.019 0.013 0.029 0.147 0.681 
  44 T _   0.019 0.087 0.001 0.017 0.012 0.028 0.142 0.694 
  45 K _   0.020 0.084 0.001 0.016 0.012 0.028 0.137 0.703 
  46 T _   0.020 0.082 0.001 0.016 0.012 0.028 0.133 0.709 
  47 G _   0.020 0.080 0.001 0.018 0.012 0.028 0.128 0.712 
  48 L _   0.021 0.080 0.001 0.020 0.012 0.028 0.124 0.714 
  49 R _   0.021 0.078 0.001 0.022 0.013 0.027 0.120 0.718 
  50 V _   0.021 0.076 0.001 0.023 0.013 0.026 0.117 0.723 
  51 A _   0.021 0.072 0.001 0.022 0.012 0.025 0.114 0.733 
  52 V _   0.020 0.067 0.001 0.020 0.011 0.024 0.111 0.747 
  53 K _   0.020 0.060 0.001 0.017 0.010 0.022 0.108 0.763 
  54 K _   0.019 0.052 0.001 0.014 0.008 0.021 0.106 0.779 
  55 L _   0.018 0.045 0.001 0.011 0.007 0.021 0.103 0.794 
  56 S _   0.018 0.039 0.001 0.009 0.007 0.020 0.101 0.805 
  57 R _   0.018 0.035 0.001 0.008 0.007 0.021 0.099 0.812 
  58 P _   0.019 0.033 0.001 0.008 0.007 0.021 0.097 0.814 
  59 F _   0.020 0.033 0.001 0.009 0.008 0.022 0.095 0.812 
  60 Q _   0.022 0.034 0.001 0.011 0.009 0.024 0.093 0.807 
  61 S _   0.024 0.035 0.001 0.014 0.010 0.025 0.091 0.801 
  62 I _   0.025 0.037 0.001 0.017 0.012 0.026 0.088 0.794 
  63 I _   0.027 0.039 0.001 0.019 0.013 0.026 0.087 0.788 
  64 H _   0.028 0.040 0.001 0.021 0.014 0.027 0.085 0.786 
  65 A _   0.028 0.040 0.001 0.021 0.014 0.027 0.084 0.786 
  66 K _   0.027 0.038 0.001 0.021 0.014 0.026 0.083 0.790 
  67 R _   0.027 0.036 0.001 0.020 0.013 0.025 0.082 0.796 
  68 T _   0.025 0.033 0.001 0.019 0.012 0.024 0.081 0.804 
  69 Y _   0.023 0.030 0.001 0.018 0.011 0.023 0.081 0.813 
  70 R _   0.022 0.026 0.001 0.016 0.010 0.021 0.081 0.823 
  71 E _   0.020 0.022 0.001 0.015 0.009 0.020 0.081 0.832 
  72 L _   0.019 0.018 0.001 0.013 0.008 0.018 0.081 0.842 
  73 R _   0.018 0.014 0.001 0.011 0.007 0.017 0.081 0.851 
  74 L _   0.016 0.011 0.001 0.009 0.006 0.016 0.081 0.860 
  75 L _   0.016 0.009 0.001 0.008 0.005 0.015 0.080 0.867 
  76 K _   0.015 0.007 0.001 0.007 0.005 0.015 0.080 0.872 
  77 H _   0.015 0.005 0.001 0.006 0.004 0.015 0.079 0.875 
  78 M _   0.017 0.005 0.001 0.005 0.004 0.016 0.078 0.874 
  79 K _   0.018 0.004 0.001 0.005 0.005 0.017 0.078 0.871 
  80 H _   0.021 0.005 0.001 0.006 0.006 0.019 0.077 0.865 
  81 E _   0.025 0.006 0.001 0.008 0.008 0.022 0.076 0.855 
  82 N _   0.029 0.008 0.001 0.010 0.010 0.025 0.075 0.841 
  83 V _   0.033 0.011 0.001 0.014 0.013 0.028 0.074 0.825 
  84 I _   0.037 0.015 0.001 0.019 0.016 0.031 0.073 0.808 
  85 G _   0.040 0.019 0.001 0.024 0.018 0.032 0.072 0.793 
  86 L _   0.042 0.021 0.001 0.028 0.020 0.033 0.072 0.783 
  87 L _   0.042 0.022 0.001 0.030 0.021 0.033 0.072 0.779 
  88 D _   0.041 0.022 0.001 0.030 0.020 0.032 0.072 0.781 
  89 V _   0.039 0.021 0.001 0.028 0.018 0.031 0.072 0.790 
  90 F _   0.036 0.018 0.001 0.024 0.015 0.028 0.073 0.804 
  91 T _   0.033 0.014 0.001 0.019 0.012 0.025 0.074 0.822 
  92 P _   0.031 0.009 0.001 0.014 0.009 0.023 0.075 0.839 
  93 A _   0.029 0.006 0.001 0.009 0.007 0.021 0.075 0.853 
  94 R _   0.027 0.003 0.001 0.006 0.005 0.019 0.075 0.864 
  95 S _   0.027 0.001 0.000 0.004 0.004 0.018 0.075 0.870 
  96 L _   0.029 0.001 0.000 0.003 0.004 0.018 0.075 0.871 
  97 E _   0.034 0.000 0.000 0.002 0.004 0.020 0.074 0.866 
  98 E _   0.042 0.000 0.000 0.002 0.005 0.022 0.074 0.855 
  99 F _   0.054 0.000 0.001 0.003 0.007 0.027 0.073 0.837 
 100 N _   0.069 0.001 0.001 0.004 0.010 0.033 0.072 0.811 
 101 D _   0.087 0.002 0.001 0.006 0.016 0.039 0.071 0.778 
 102 V _   0.104 0.006 0.001 0.010 0.024 0.046 0.070 0.739 
 103 Y _   0.119 0.011 0.002 0.016 0.032 0.050 0.069 0.700 
 104 L _   0.129 0.017 0.002 0.024 0.038 0.053 0.069 0.667 
 105 V _   0.134 0.022 0.002 0.031 0.042 0.054 0.069 0.646 
 106 T _   0.133 0.025 0.002 0.035 0.042 0.052 0.070 0.640 
 107 H _   0.127 0.026 0.002 0.036 0.039 0.049 0.072 0.650 
 108 L _   0.115 0.024 0.002 0.033 0.034 0.044 0.074 0.673 
 109 M _   0.102 0.021 0.002 0.027 0.027 0.039 0.076 0.707 
 110 G _   0.086 0.015 0.002 0.020 0.020 0.033 0.079 0.745 
 111 A _   0.071 0.010 0.001 0.013 0.014 0.028 0.081 0.782 
 112 D _   0.056 0.006 0.001 0.009 0.009 0.023 0.083 0.812 
 113 L _   0.044 0.003 0.001 0.007 0.007 0.020 0.084 0.835 
 114 N _   0.035 0.002 0.001 0.005 0.005 0.017 0.085 0.850 
 115 N _   0.028 0.001 0.000 0.005 0.004 0.015 0.086 0.859 
 116 I _   0.023 0.001 0.000 0.005 0.004 0.014 0.087 0.865 
 117 V _   0.020 0.001 0.000 0.005 0.003 0.013 0.088 0.869 
 118 K _   0.018 0.001 0.000 0.005 0.003 0.012 0.088 0.872 
 119 C _   0.017 0.001 0.000 0.005 0.003 0.012 0.088 0.874 
 120 Q _   0.017 0.000 0.000 0.004 0.003 0.012 0.087 0.876 
 121 K _   0.018 0.000 0.000 0.004 0.003 0.013 0.086 0.875 
 122 L _   0.021 0.000 0.000 0.003 0.003 0.015 0.085 0.872 
 123 T _   0.027 0.000 0.000 0.003 0.004 0.018 0.083 0.864 
 124 D _   0.038 0.000 0.000 0.003 0.005 0.023 0.082 0.849 
 125 D _   0.054 0.001 0.001 0.003 0.008 0.030 0.080 0.824 
 126 H _   0.076 0.002 0.001 0.005 0.013 0.038 0.077 0.788 
 127 V _   0.101 0.004 0.001 0.008 0.022 0.048 0.075 0.741 
 128 Q _   0.125 0.010 0.002 0.013 0.033 0.057 0.073 0.688 
 129 F _   0.145 0.018 0.002 0.020 0.043 0.063 0.071 0.637 
 130 L _   0.159 0.027 0.003 0.028 0.051 0.067 0.069 0.598 
 131 I _   0.166 0.033 0.003 0.034 0.055 0.068 0.068 0.573 
 132 Y _   0.169 0.037 0.003 0.037 0.055 0.067 0.068 0.564 
 133 Q _   0.165 0.038 0.003 0.037 0.053 0.064 0.069 0.573 
 134 I _   0.157 0.036 0.003 0.033 0.047 0.059 0.070 0.595 
 135 L _   0.144 0.032 0.002 0.027 0.040 0.054 0.071 0.629 
 136 R _   0.129 0.026 0.002 0.021 0.032 0.048 0.073 0.670 
 137 G _   0.111 0.020 0.002 0.015 0.024 0.042 0.074 0.713 
 138 L _   0.092 0.014 0.001 0.011 0.017 0.037 0.076 0.751 
 139 K _   0.075 0.011 0.001 0.009 0.013 0.032 0.078 0.782 
 140 Y _   0.061 0.010 0.001 0.008 0.010 0.028 0.079 0.804 
 141 I _   0.049 0.009 0.001 0.009 0.008 0.025 0.080 0.819 
 142 H _   0.039 0.009 0.001 0.010 0.008 0.022 0.082 0.829 
 143 S _   0.032 0.010 0.001 0.012 0.007 0.020 0.083 0.835 
 144 A _   0.026 0.010 0.001 0.014 0.007 0.018 0.084 0.839 
 145 D _   0.022 0.011 0.001 0.016 0.007 0.017 0.085 0.843 
 146 I _   0.018 0.011 0.001 0.016 0.006 0.015 0.086 0.847 
 147 I _   0.015 0.010 0.001 0.016 0.006 0.013 0.087 0.853 
 148 H _   0.013 0.009 0.001 0.014 0.005 0.011 0.088 0.860 
 149 R _   0.011 0.008 0.000 0.012 0.004 0.010 0.089 0.867 
 150 D _   0.009 0.007 0.000 0.009 0.003 0.008 0.090 0.873 
 151 L _   0.008 0.006 0.000 0.007 0.003 0.007 0.091 0.879 
 152 K _   0.006 0.005 0.000 0.006 0.002 0.006 0.091 0.883 
 153 P _   0.006 0.005 0.000 0.005 0.002 0.006 0.091 0.886 
 154 S _   0.005 0.005 0.000 0.004 0.002 0.006 0.091 0.887 
 155 N _   0.005 0.005 0.000 0.004 0.002 0.006 0.090 0.887 
 156 L _   0.005 0.007 0.000 0.005 0.002 0.007 0.089 0.886 
 157 A _   0.006 0.009 0.000 0.006 0.002 0.008 0.087 0.882 
 158 V _   0.006 0.013 0.000 0.007 0.003 0.009 0.085 0.877 
 159 N _   0.007 0.019 0.000 0.009 0.004 0.011 0.082 0.867 
 160 E _   0.008 0.029 0.001 0.012 0.005 0.013 0.079 0.853 
 161 D _   0.009 0.043 0.001 0.017 0.006 0.016 0.076 0.833 
 162 C _   0.010 0.062 0.001 0.023 0.009 0.018 0.071 0.806 
 163 E _   0.011 0.084 0.001 0.031 0.011 0.021 0.067 0.774 
 164 L _   0.012 0.105 0.001 0.039 0.013 0.022 0.064 0.743 
 165 K _   0.012 0.121 0.001 0.048 0.015 0.023 0.060 0.718 
 166 I _   0.013 0.132 0.001 0.055 0.016 0.024 0.058 0.701 
 167 L _   0.013 0.138 0.001 0.059 0.016 0.023 0.056 0.693 
 168 D _   0.014 0.138 0.001 0.058 0.016 0.022 0.055 0.696 
 169 F _   0.013 0.133 0.001 0.054 0.014 0.021 0.054 0.710 
 170 G _   0.013 0.122 0.001 0.046 0.012 0.019 0.054 0.733 
 171 L _   0.012 0.104 0.001 0.036 0.010 0.016 0.054 0.767 
 172 A _   0.011 0.079 0.001 0.025 0.008 0.014 0.054 0.808 
 173 R _   0.010 0.053 0.001 0.016 0.005 0.012 0.054 0.848 
 174 H _   0.009 0.034 0.001 0.010 0.004 0.011 0.054 0.878 
 175 T _   0.008 0.023 0.000 0.006 0.003 0.010 0.054 0.897 
 176 D _   0.007 0.018 0.000 0.004 0.002 0.010 0.053 0.905 
 177 D _   0.008 0.016 0.000 0.004 0.002 0.011 0.051 0.907 
 178 E _   0.009 0.017 0.000 0.005 0.003 0.013 0.050 0.904 
 179 M _   0.010 0.019 0.000 0.007 0.004 0.016 0.048 0.895 
 180 T _   0.012 0.025 0.001 0.011 0.006 0.019 0.045 0.880 
 181 G _   0.014 0.034 0.001 0.017 0.009 0.023 0.042 0.859 
 182 Y _   0.016 0.044 0.001 0.024 0.012 0.027 0.039 0.838 
 183 V _   0.018 0.053 0.001 0.029 0.015 0.030 0.036 0.818 
 184 A _   0.019 0.060 0.001 0.033 0.017 0.032 0.034 0.804 
 185 T _   0.021 0.064 0.001 0.034 0.019 0.034 0.031 0.795 
 186 R _   0.023 0.065 0.001 0.034 0.020 0.036 0.029 0.792 
 187 W _   0.025 0.065 0.001 0.032 0.021 0.037 0.027 0.792 
 188 Y _   0.027 0.064 0.001 0.029 0.021 0.038 0.025 0.795 
 189 R _   0.029 0.061 0.001 0.028 0.021 0.038 0.024 0.797 
 190 A _   0.032 0.059 0.001 0.027 0.021 0.038 0.023 0.800 
 191 P _   0.035 0.056 0.001 0.027 0.021 0.037 0.021 0.801 
 192 E _   0.039 0.052 0.001 0.027 0.021 0.036 0.020 0.803 
 193 I _   0.043 0.048 0.001 0.027 0.020 0.034 0.019 0.807 
 194 M _   0.049 0.042 0.001 0.025 0.019 0.032 0.018 0.813 
 195 L _   0.055 0.034 0.001 0.022 0.017 0.029 0.017 0.823 
 196 N _   0.063 0.025 0.001 0.018 0.015 0.026 0.016 0.835 
 197 W _   0.073 0.015 0.001 0.013 0.012 0.023 0.015 0.848 
 198 M _   0.086 0.006 0.001 0.008 0.009 0.020 0.014 0.856 
 199 H _   0.103 0.002 0.001 0.004 0.007 0.017 0.013 0.853 
 200 Y _   0.127 0.000 0.001 0.002 0.005 0.014 0.012 0.838 
 201 N _   0.162 0.000 0.001 0.001 0.005 0.013 0.010 0.809 
 202 Q _   0.213 0.000 0.001 0.001 0.005 0.012 0.009 0.760 
 203 T _   0.290 0.000 0.001 0.001 0.006 0.011 0.008 0.684 
 204 V _   0.396 0.000 0.001 0.001 0.007 0.012 0.006 0.577 
 205 D H   0.520 0.000 0.001 0.001 0.009 0.012 0.004 0.453 
 206 I H   0.643 0.000 0.001 0.001 0.012 0.012 0.003 0.328 
 207 W H   0.741 0.000 0.001 0.001 0.014 0.011 0.002 0.230 
 208 S H   0.810 0.000 0.001 0.001 0.015 0.011 0.002 0.161 
 209 V H   0.854 0.000 0.001 0.001 0.017 0.010 0.001 0.117 
 210 G H   0.879 0.000 0.001 0.001 0.017 0.009 0.001 0.092 
 211 C H   0.891 0.000 0.001 0.001 0.018 0.008 0.001 0.080 
 212 I H   0.891 0.000 0.001 0.001 0.018 0.008 0.002 0.079 
 213 M H   0.881 0.000 0.001 0.001 0.019 0.008 0.002 0.088 
 214 A H   0.858 0.000 0.001 0.001 0.019 0.008 0.003 0.109 
 215 E H   0.818 0.000 0.001 0.001 0.020 0.009 0.004 0.147 
 216 L H   0.757 0.000 0.002 0.002 0.019 0.010 0.005 0.205 
 217 L H   0.671 0.000 0.002 0.002 0.019 0.011 0.008 0.287 
 218 T H   0.569 0.000 0.002 0.003 0.016 0.012 0.012 0.387 
 219 G _   0.457 0.000 0.002 0.003 0.014 0.012 0.016 0.496 
 220 R _   0.348 0.000 0.001 0.004 0.011 0.012 0.021 0.602 
 221 T _   0.253 0.000 0.001 0.004 0.008 0.011 0.026 0.696 
 222 L _   0.173 0.000 0.001 0.004 0.006 0.011 0.031 0.775 
 223 F _   0.113 0.000 0.001 0.004 0.004 0.009 0.034 0.835 
 224 P _   0.073 0.000 0.000 0.003 0.003 0.009 0.037 0.875 
 225 G _   0.049 0.000 0.000 0.002 0.002 0.008 0.038 0.899 
 226 T _   0.038 0.000 0.000 0.002 0.002 0.009 0.039 0.910 
 227 D _   0.033 0.000 0.000 0.002 0.002 0.010 0.040 0.912 
 228 H _   0.036 0.000 0.000 0.002 0.002 0.014 0.041 0.906 
 229 I _   0.045 0.000 0.000 0.002 0.004 0.019 0.041 0.889 
 230 D _   0.059 0.000 0.001 0.003 0.007 0.026 0.041 0.863 
 231 Q _   0.079 0.001 0.001 0.005 0.012 0.036 0.041 0.826 
 232 L _   0.101 0.004 0.001 0.009 0.020 0.046 0.040 0.779 
 233 K _   0.123 0.010 0.002 0.014 0.030 0.055 0.040 0.727 
 234 L _   0.141 0.017 0.002 0.020 0.040 0.062 0.040 0.678 
 235 I _   0.155 0.024 0.002 0.026 0.047 0.066 0.041 0.639 
 236 L _   0.164 0.029 0.003 0.029 0.051 0.068 0.041 0.615 
 237 R _   0.168 0.032 0.003 0.031 0.053 0.068 0.043 0.604 
 238 L _   0.166 0.034 0.003 0.031 0.051 0.065 0.044 0.606 
 239 V _   0.160 0.034 0.002 0.030 0.048 0.062 0.046 0.618 
 240 G _   0.150 0.032 0.002 0.028 0.042 0.057 0.049 0.640 
 241 T _   0.136 0.030 0.002 0.025 0.036 0.052 0.052 0.668 
 242 P _   0.118 0.026 0.002 0.023 0.029 0.046 0.055 0.701 
 243 G _   0.101 0.022 0.002 0.020 0.023 0.040 0.058 0.734 
 244 A _   0.084 0.018 0.001 0.018 0.017 0.035 0.061 0.766 
 245 E _   0.067 0.014 0.001 0.015 0.013 0.029 0.065 0.795 
 246 L _   0.052 0.011 0.001 0.012 0.009 0.024 0.067 0.822 
 247 L _   0.040 0.008 0.001 0.010 0.007 0.020 0.070 0.845 
 248 K _   0.030 0.006 0.001 0.008 0.005 0.017 0.072 0.862 
 249 K _   0.023 0.004 0.000 0.006 0.004 0.014 0.073 0.875 
 250 I _   0.018 0.003 0.000 0.005 0.003 0.013 0.074 0.883 
 251 S _   0.015 0.003 0.000 0.005 0.003 0.012 0.075 0.887 
 252 S _   0.013 0.003 0.000 0.005 0.003 0.012 0.076 0.888 
 253 E _   0.013 0.003 0.000 0.006 0.004 0.013 0.076 0.885 
 254 S _   0.013 0.004 0.000 0.007 0.004 0.014 0.077 0.880 
 255 A _   0.014 0.006 0.001 0.010 0.006 0.015 0.077 0.871 
 256 R _   0.015 0.008 0.001 0.014 0.007 0.017 0.078 0.861 
 257 N _   0.015 0.011 0.001 0.018 0.009 0.018 0.078 0.850 
 258 Y _   0.016 0.013 0.001 0.022 0.010 0.020 0.079 0.841 
 259 I _   0.016 0.014 0.001 0.024 0.011 0.020 0.080 0.834 
 260 Q _   0.016 0.015 0.001 0.025 0.011 0.020 0.081 0.831 
 261 S _   0.016 0.014 0.001 0.024 0.010 0.020 0.082 0.833 
 262 L _   0.016 0.013 0.001 0.021 0.009 0.019 0.084 0.838 
 263 T _   0.015 0.010 0.001 0.016 0.008 0.018 0.086 0.845 
 264 Q _   0.015 0.008 0.001 0.012 0.007 0.017 0.088 0.853 
 265 M _   0.015 0.005 0.001 0.009 0.006 0.017 0.089 0.859 
 266 P _   0.015 0.004 0.001 0.007 0.005 0.017 0.091 0.861 
 267 K _   0.017 0.003 0.001 0.005 0.005 0.018 0.092 0.859 
 268 M _   0.020 0.003 0.001 0.005 0.006 0.019 0.094 0.853 
 269 N _   0.024 0.003 0.001 0.006 0.007 0.022 0.095 0.842 
 270 F _   0.030 0.003 0.001 0.008 0.009 0.025 0.097 0.827 
 271 A _   0.035 0.004 0.001 0.011 0.012 0.028 0.099 0.810 
 272 N _   0.041 0.006 0.001 0.015 0.015 0.031 0.101 0.791 
 273 V _   0.046 0.007 0.001 0.017 0.016 0.033 0.103 0.776 
 274 F _   0.050 0.007 0.001 0.018 0.018 0.034 0.106 0.765 
 275 I _   0.052 0.008 0.001 0.018 0.018 0.035 0.110 0.759 
 276 G _   0.054 0.007 0.001 0.016 0.017 0.035 0.113 0.756 
 277 A _   0.055 0.006 0.001 0.014 0.016 0.034 0.117 0.756 
 278 N _   0.056 0.005 0.001 0.011 0.014 0.034 0.122 0.757 
 279 P _   0.056 0.005 0.001 0.009 0.013 0.033 0.126 0.756 
 280 L _   0.056 0.004 0.001 0.008 0.013 0.033 0.131 0.754 
 281 A _   0.055 0.005 0.001 0.009 0.013 0.033 0.136 0.749 
 282 V _   0.055 0.005 0.001 0.010 0.014 0.033 0.141 0.741 
 283 D _   0.053 0.006 0.001 0.014 0.015 0.032 0.146 0.732 
 284 L _   0.051 0.008 0.001 0.017 0.015 0.031 0.153 0.724 
 285 L _   0.047 0.009 0.001 0.020 0.015 0.030 0.160 0.719 
 286 E _   0.042 0.009 0.001 0.022 0.014 0.027 0.167 0.718 
 287 K _   0.037 0.009 0.001 0.021 0.012 0.024 0.175 0.721 
 288 M _   0.031 0.007 0.001 0.018 0.010 0.021 0.182 0.729 
 289 L _   0.026 0.006 0.001 0.013 0.007 0.018 0.190 0.739 
 290 V _   0.021 0.004 0.001 0.009 0.005 0.015 0.196 0.749 
 291 L _   0.018 0.002 0.000 0.006 0.003 0.013 0.202 0.755 
 292 D _   0.015 0.001 0.000 0.003 0.003 0.013 0.207 0.758 
 293 S _   0.014 0.001 0.000 0.002 0.002 0.013 0.211 0.756 
 294 D _   0.015 0.001 0.000 0.002 0.002 0.015 0.214 0.750 
 295 K _   0.018 0.002 0.000 0.003 0.004 0.018 0.217 0.738 
 296 R _   0.024 0.007 0.001 0.005 0.007 0.024 0.219 0.715 
 297 I _   0.030 0.021 0.001 0.010 0.012 0.031 0.221 0.674 
 298 T _   0.035 0.060 0.002 0.019 0.021 0.038 0.223 0.603 
 299 A _   0.038 0.131 0.003 0.033 0.030 0.042 0.224 0.500 
 300 A _   0.036 0.214 0.003 0.048 0.035 0.043 0.226 0.396 
 301 Q _   0.033 0.280 0.003 0.061 0.036 0.042 0.229 0.316 
 302 A E   0.030 0.320 0.002 0.072 0.035 0.039 0.234 0.267 
 303 L E   0.027 0.339 0.002 0.079 0.034 0.037 0.242 0.240 
 304 A E   0.025 0.346 0.002 0.082 0.031 0.034 0.252 0.227 
 305 H E   0.023 0.344 0.002 0.081 0.028 0.031 0.266 0.225 
 306 A E   0.021 0.332 0.002 0.075 0.025 0.027 0.285 0.232 
 307 Y X   0.019 0.307 0.002 0.066 0.022 0.024 0.310 0.250 
 308 F X   0.018 0.262 0.002 0.054 0.018 0.021 0.344 0.281 
 309 A X   0.017 0.200 0.002 0.042 0.014 0.018 0.386 0.321 
 310 Q X   0.015 0.134 0.002 0.030 0.010 0.015 0.432 0.363 
 311 Y X   0.013 0.079 0.001 0.019 0.007 0.012 0.473 0.396 
 312 H X   0.010 0.044 0.001 0.011 0.004 0.009 0.505 0.416 
 313 D X   0.008 0.026 0.000 0.007 0.002 0.006 0.527 0.424 
 314 P X   0.006 0.017 0.000 0.004 0.001 0.005 0.543 0.424 
 315 D X   0.004 0.013 0.000 0.003 0.001 0.004 0.553 0.422 
 316 D X   0.004 0.011 0.000 0.002 0.001 0.003 0.560 0.418 
 317 E X   0.003 0.011 0.000 0.002 0.001 0.003 0.565 0.415 
 318 P X   0.003 0.011 0.000 0.003 0.001 0.003 0.568 0.411 
 319 V X   0.002 0.012 0.000 0.003 0.001 0.004 0.569 0.408 
 320 A X   0.002 0.014 0.000 0.004 0.001 0.004 0.569 0.405 
 321 D X   0.002 0.018 0.000 0.005 0.001 0.005 0.568 0.400 
 322 P X   0.002 0.024 0.000 0.006 0.002 0.005 0.566 0.395 
 323 Y X   0.002 0.032 0.000 0.008 0.002 0.006 0.562 0.387 
 324 D X   0.003 0.044 0.000 0.010 0.003 0.007 0.558 0.376 
 325 Q X   0.003 0.059 0.000 0.012 0.003 0.008 0.553 0.363 
 326 S X   0.003 0.078 0.001 0.014 0.004 0.009 0.547 0.346 
 327 F X   0.003 0.100 0.001 0.016 0.005 0.010 0.541 0.325 
 328 E X   0.003 0.124 0.001 0.018 0.005 0.010 0.536 0.303 
 329 S X   0.003 0.147 0.001 0.020 0.006 0.011 0.531 0.281 
 330 R X   0.003 0.168 0.001 0.022 0.006 0.011 0.528 0.261 
 331 D X   0.003 0.185 0.001 0.023 0.006 0.011 0.526 0.245 
 332 L X   0.003 0.197 0.001 0.023 0.006 0.012 0.525 0.233 
 333 L X   0.003 0.206 0.001 0.023 0.006 0.012 0.525 0.224 
 334 I X   0.004 0.211 0.001 0.022 0.006 0.012 0.527 0.218 
 335 D X   0.004 0.214 0.001 0.020 0.006 0.012 0.529 0.214 
 336 E X   0.004 0.215 0.001 0.019 0.007 0.013 0.532 0.210 
 337 W X   0.005 0.216 0.001 0.018 0.007 0.013 0.536 0.206 
 338 K X   0.006 0.215 0.001 0.017 0.007 0.014 0.540 0.200 
 339 S X   0.006 0.214 0.001 0.018 0.008 0.014 0.545 0.193 
 340 L X   0.007 0.213 0.001 0.020 0.009 0.015 0.551 0.184 
 341 T X   0.008 0.212 0.001 0.022 0.009 0.015 0.559 0.175 
 342 Y X   0.008 0.210 0.001 0.025 0.010 0.015 0.567 0.165 
 343 D X   0.008 0.205 0.001 0.027 0.010 0.015 0.578 0.155 
 344 E X   0.008 0.198 0.001 0.029 0.010 0.014 0.592 0.148 
 345 V X   0.008 0.187 0.001 0.030 0.010 0.013 0.608 0.142 
 346 I X   0.008 0.170 0.001 0.029 0.010 0.012 0.630 0.140 
 347 S X   0.008 0.146 0.001 0.027 0.009 0.012 0.656 0.141 
 348 F X   0.007 0.116 0.001 0.024 0.008 0.011 0.688 0.144 
 349 V X   0.007 0.084 0.001 0.020 0.007 0.010 0.724 0.148 
 350 P X   0.006 0.055 0.001 0.015 0.005 0.008 0.759 0.150 
 351 P X   0.005 0.033 0.001 0.011 0.004 0.007 0.790 0.150 
 352 P X   0.004 0.020 0.000 0.007 0.002 0.005 0.813 0.148 
 353 L X   0.003 0.012 0.000 0.005 0.002 0.004 0.830 0.144 
 354 D X   0.002 0.007 0.000 0.003 0.001 0.003 0.844 0.139 
 355 Q X   0.001 0.005 0.000 0.002 0.001 0.002 0.854 0.136 
 356 E X   0.001 0.003 0.000 0.002 0.000 0.001 0.861 0.133 
 357 E X   0.000 0.002 0.000 0.001 0.000 0.000 0.865 0.132 
 358 M X   0.000 0.001 0.000 0.001 0.000 0.000 0.865 0.133 
 359 E X   0.000 0.001 0.000 0.002 0.000 0.000 0.861 0.136 
 360 S X   0.002 0.001 0.001 0.008 0.002 0.002 0.845 0.139 
