#TopoPred_TM8: 8-state transmembrane topology prediction results by no_profile mode 
#probabilities are in the order of H E C I L F X _, the 8 transmembrane topology types used in PDBTM 
   1 M X   0.004 0.000 0.001 0.026 0.006 0.004 0.945 0.013 
   2 A X   0.001 0.000 0.000 0.011 0.001 0.001 0.974 0.011 
   3 A X   0.000 0.000 0.000 0.004 0.000 0.001 0.984 0.010 
   4 A X   0.000 0.000 0.000 0.003 0.000 0.001 0.987 0.010 
   5 E X   0.000 0.000 0.000 0.002 0.000 0.001 0.988 0.009 
   6 T X   0.000 0.000 0.000 0.001 0.000 0.001 0.988 0.009 
   7 Q X   0.000 0.000 0.000 0.001 0.000 0.001 0.989 0.009 
   8 S X   0.000 0.000 0.000 0.001 0.000 0.001 0.989 0.009 
   9 L X   0.000 0.000 0.000 0.001 0.000 0.001 0.989 0.008 
  10 R X   0.000 0.000 0.000 0.001 0.000 0.001 0.990 0.008 
  11 E X   0.000 0.000 0.000 0.001 0.000 0.000 0.990 0.008 
  12 Q X   0.000 0.000 0.000 0.001 0.000 0.000 0.990 0.008 
  13 P X   0.000 0.000 0.000 0.001 0.000 0.000 0.991 0.008 
  14 E X   0.000 0.000 0.000 0.001 0.000 0.000 0.991 0.008 
  15 M X   0.000 0.000 0.000 0.001 0.000 0.000 0.991 0.007 
  16 E X   0.000 0.000 0.000 0.001 0.000 0.000 0.992 0.007 
  17 D X   0.000 0.000 0.000 0.000 0.000 0.000 0.992 0.007 
  18 A X   0.000 0.000 0.000 0.000 0.000 0.000 0.992 0.007 
  19 N X   0.000 0.000 0.000 0.000 0.000 0.000 0.992 0.007 
  20 S X   0.000 0.000 0.000 0.000 0.000 0.000 0.992 0.007 
  21 E X   0.000 0.000 0.000 0.000 0.000 0.000 0.992 0.007 
  22 K X   0.000 0.000 0.000 0.001 0.000 0.000 0.991 0.007 
  23 S X   0.000 0.000 0.000 0.001 0.000 0.000 0.991 0.008 
  24 I X   0.000 0.000 0.000 0.001 0.000 0.000 0.991 0.008 
  25 N X   0.000 0.000 0.000 0.001 0.000 0.000 0.991 0.008 
  26 E X   0.000 0.000 0.000 0.001 0.000 0.000 0.990 0.008 
  27 E X   0.000 0.000 0.000 0.001 0.000 0.000 0.990 0.008 
  28 N X   0.000 0.000 0.000 0.001 0.000 0.000 0.990 0.008 
  29 G X   0.000 0.000 0.000 0.001 0.000 0.000 0.990 0.008 
  30 E X   0.000 0.000 0.000 0.001 0.000 0.000 0.990 0.008 
  31 V X   0.000 0.000 0.000 0.001 0.000 0.000 0.991 0.007 
  32 S X   0.000 0.000 0.000 0.001 0.000 0.000 0.991 0.007 
  33 E X   0.000 0.000 0.000 0.001 0.000 0.000 0.991 0.007 
  34 D X   0.000 0.000 0.000 0.001 0.000 0.000 0.992 0.007 
  35 Q X   0.000 0.000 0.000 0.001 0.000 0.000 0.992 0.007 
  36 S X   0.000 0.000 0.000 0.001 0.000 0.000 0.992 0.006 
  37 Q X   0.000 0.000 0.000 0.000 0.000 0.000 0.993 0.006 
  38 N X   0.000 0.000 0.000 0.000 0.000 0.000 0.993 0.006 
  39 K X   0.000 0.000 0.000 0.000 0.000 0.000 0.993 0.006 
  40 H X   0.000 0.000 0.000 0.000 0.000 0.000 0.993 0.006 
  41 S X   0.000 0.000 0.000 0.000 0.000 0.000 0.993 0.006 
  42 R X   0.000 0.000 0.000 0.000 0.000 0.000 0.993 0.006 
  43 H X   0.000 0.000 0.000 0.000 0.000 0.000 0.993 0.006 
  44 K X   0.000 0.000 0.000 0.000 0.000 0.000 0.993 0.006 
  45 K X   0.000 0.000 0.000 0.000 0.000 0.000 0.993 0.006 
  46 K X   0.000 0.000 0.000 0.001 0.000 0.000 0.993 0.006 
  47 K X   0.000 0.000 0.000 0.001 0.000 0.000 0.993 0.006 
  48 H X   0.000 0.000 0.000 0.001 0.000 0.000 0.993 0.006 
  49 K X   0.000 0.000 0.000 0.001 0.000 0.000 0.992 0.006 
  50 H X   0.000 0.000 0.000 0.001 0.000 0.000 0.992 0.006 
  51 R X   0.000 0.000 0.000 0.001 0.000 0.000 0.992 0.007 
  52 S X   0.000 0.000 0.000 0.001 0.000 0.000 0.992 0.007 
  53 K X   0.000 0.000 0.000 0.001 0.000 0.000 0.992 0.007 
  54 H X   0.000 0.000 0.000 0.001 0.000 0.000 0.992 0.007 
  55 K X   0.000 0.000 0.000 0.001 0.000 0.000 0.991 0.008 
  56 K X   0.000 0.000 0.000 0.001 0.000 0.000 0.991 0.008 
  57 H X   0.000 0.000 0.000 0.001 0.000 0.000 0.991 0.008 
  58 K X   0.000 0.000 0.000 0.001 0.000 0.000 0.990 0.009 
  59 H X   0.000 0.000 0.000 0.001 0.000 0.000 0.990 0.009 
  60 S X   0.000 0.000 0.000 0.001 0.000 0.000 0.989 0.010 
  61 S X   0.000 0.000 0.000 0.001 0.000 0.000 0.988 0.011 
  62 E X   0.000 0.000 0.000 0.001 0.000 0.000 0.987 0.012 
  63 E X   0.000 0.000 0.000 0.001 0.000 0.000 0.986 0.013 
  64 D X   0.000 0.000 0.000 0.001 0.000 0.000 0.985 0.014 
  65 K X   0.000 0.000 0.000 0.001 0.000 0.000 0.983 0.015 
  66 D X   0.000 0.000 0.000 0.001 0.000 0.000 0.982 0.017 
  67 K X   0.000 0.000 0.000 0.001 0.000 0.001 0.980 0.019 
  68 K X   0.000 0.000 0.000 0.001 0.000 0.001 0.977 0.021 
  69 H X   0.000 0.000 0.000 0.001 0.000 0.001 0.975 0.023 
  70 K X   0.000 0.000 0.000 0.001 0.000 0.001 0.971 0.026 
  71 H X   0.000 0.000 0.000 0.001 0.000 0.001 0.968 0.029 
  72 K X   0.000 0.000 0.000 0.001 0.000 0.001 0.964 0.033 
  73 H X   0.000 0.000 0.000 0.001 0.000 0.001 0.959 0.037 
  74 K X   0.000 0.000 0.000 0.002 0.000 0.001 0.954 0.042 
  75 H X   0.000 0.000 0.000 0.002 0.000 0.001 0.948 0.047 
  76 K X   0.001 0.001 0.000 0.002 0.001 0.002 0.942 0.052 
  77 K X   0.001 0.001 0.000 0.003 0.001 0.002 0.936 0.057 
  78 H X   0.001 0.001 0.000 0.004 0.001 0.002 0.929 0.062 
  79 K X   0.001 0.002 0.000 0.005 0.001 0.002 0.923 0.066 
  80 R X   0.001 0.002 0.000 0.006 0.001 0.002 0.916 0.071 
  81 K X   0.001 0.003 0.000 0.006 0.001 0.003 0.910 0.076 
  82 E X   0.001 0.003 0.000 0.007 0.001 0.003 0.905 0.081 
  83 I X   0.001 0.003 0.000 0.007 0.001 0.003 0.900 0.086 
  84 I X   0.001 0.003 0.000 0.006 0.001 0.002 0.895 0.091 
  85 D X   0.001 0.003 0.000 0.005 0.001 0.002 0.891 0.096 
  86 A X   0.001 0.003 0.000 0.004 0.001 0.002 0.887 0.102 
  87 S X   0.001 0.002 0.000 0.004 0.001 0.002 0.883 0.107 
  88 D X   0.001 0.002 0.000 0.003 0.001 0.002 0.879 0.112 
  89 K X   0.001 0.002 0.000 0.003 0.001 0.002 0.875 0.117 
  90 E X   0.001 0.002 0.000 0.002 0.001 0.002 0.871 0.122 
  91 G X   0.001 0.002 0.000 0.002 0.001 0.002 0.865 0.127 
  92 M X   0.001 0.002 0.000 0.002 0.001 0.002 0.859 0.133 
  93 S X   0.001 0.002 0.000 0.003 0.001 0.002 0.852 0.139 
  94 P X   0.001 0.003 0.000 0.003 0.001 0.002 0.844 0.146 
  95 A X   0.001 0.003 0.000 0.003 0.001 0.003 0.836 0.153 
  96 K X   0.001 0.004 0.000 0.004 0.001 0.003 0.826 0.160 
  97 R X   0.001 0.005 0.000 0.005 0.001 0.003 0.817 0.168 
  98 T X   0.001 0.006 0.000 0.005 0.002 0.004 0.807 0.174 
  99 K X   0.002 0.008 0.000 0.006 0.002 0.004 0.797 0.181 
 100 L X   0.002 0.010 0.000 0.008 0.002 0.005 0.786 0.187 
 101 D X   0.002 0.013 0.000 0.009 0.002 0.005 0.777 0.192 
 102 D X   0.002 0.015 0.000 0.010 0.003 0.005 0.768 0.197 
 103 L X   0.002 0.016 0.000 0.011 0.003 0.006 0.759 0.202 
 104 A X   0.002 0.018 0.000 0.011 0.003 0.006 0.752 0.208 
 105 L X   0.002 0.018 0.000 0.011 0.003 0.006 0.745 0.215 
 106 L X   0.002 0.019 0.000 0.010 0.003 0.006 0.739 0.221 
 107 E X   0.002 0.019 0.000 0.009 0.002 0.005 0.734 0.228 
 108 D X   0.002 0.019 0.000 0.008 0.002 0.005 0.729 0.233 
 109 L X   0.002 0.019 0.000 0.008 0.002 0.005 0.725 0.238 
 110 E X   0.003 0.019 0.000 0.008 0.002 0.005 0.721 0.243 
 111 K X   0.003 0.019 0.000 0.008 0.002 0.005 0.717 0.246 
 112 Q X   0.003 0.019 0.000 0.008 0.002 0.005 0.714 0.249 
 113 R X   0.003 0.019 0.000 0.008 0.003 0.005 0.711 0.251 
 114 A X   0.003 0.019 0.000 0.009 0.003 0.005 0.708 0.253 
 115 L X   0.003 0.019 0.000 0.009 0.002 0.005 0.706 0.256 
 116 I X   0.003 0.018 0.000 0.008 0.002 0.005 0.705 0.259 
 117 K X   0.003 0.017 0.000 0.007 0.002 0.004 0.703 0.263 
 118 A X   0.003 0.016 0.000 0.006 0.002 0.004 0.702 0.267 
 119 E X   0.003 0.015 0.000 0.005 0.002 0.004 0.701 0.271 
 120 L X   0.002 0.014 0.000 0.004 0.001 0.004 0.699 0.275 
 121 D X   0.002 0.013 0.000 0.004 0.001 0.004 0.698 0.278 
 122 N X   0.002 0.013 0.000 0.003 0.001 0.004 0.696 0.280 
 123 E X   0.002 0.013 0.000 0.003 0.001 0.004 0.694 0.282 
 124 L X   0.003 0.014 0.000 0.003 0.001 0.004 0.692 0.283 
 125 M X   0.003 0.015 0.000 0.003 0.001 0.005 0.689 0.283 
 126 E X   0.003 0.017 0.000 0.004 0.002 0.006 0.685 0.282 
 127 G X   0.004 0.022 0.000 0.006 0.003 0.007 0.681 0.278 
 128 K X   0.004 0.028 0.000 0.008 0.004 0.008 0.676 0.271 
 129 V X   0.005 0.038 0.001 0.012 0.005 0.010 0.669 0.260 
 130 Q X   0.005 0.050 0.001 0.016 0.007 0.011 0.663 0.246 
 131 S X   0.006 0.063 0.001 0.022 0.008 0.012 0.658 0.230 
 132 G X   0.006 0.074 0.001 0.027 0.009 0.013 0.654 0.216 
 133 M X   0.006 0.081 0.001 0.032 0.010 0.013 0.652 0.205 
 134 G X   0.006 0.085 0.001 0.035 0.010 0.013 0.652 0.199 
 135 L X   0.006 0.086 0.001 0.035 0.009 0.012 0.653 0.197 
 136 I X   0.006 0.084 0.001 0.033 0.008 0.011 0.657 0.200 
 137 L X   0.005 0.079 0.001 0.029 0.007 0.009 0.662 0.207 
 138 Q X   0.005 0.070 0.001 0.023 0.006 0.008 0.669 0.219 
 139 G X   0.005 0.057 0.001 0.017 0.004 0.007 0.676 0.234 
 140 Y X   0.004 0.042 0.000 0.011 0.003 0.006 0.685 0.249 
 141 E X   0.003 0.031 0.000 0.007 0.002 0.005 0.692 0.260 
 142 S X   0.003 0.023 0.000 0.004 0.001 0.004 0.697 0.267 
 143 G X   0.002 0.019 0.000 0.003 0.001 0.003 0.701 0.270 
 144 S X   0.002 0.017 0.000 0.003 0.001 0.003 0.704 0.270 
 145 E X   0.002 0.016 0.000 0.003 0.001 0.003 0.706 0.269 
 146 E X   0.002 0.016 0.000 0.004 0.001 0.003 0.707 0.267 
 147 E X   0.002 0.016 0.000 0.005 0.001 0.004 0.708 0.264 
 148 G X   0.002 0.017 0.000 0.007 0.002 0.004 0.708 0.260 
 149 E X   0.002 0.018 0.000 0.009 0.002 0.004 0.708 0.257 
 150 I X   0.002 0.019 0.000 0.011 0.002 0.004 0.709 0.253 
 151 H X   0.002 0.019 0.000 0.011 0.002 0.004 0.710 0.251 
 152 E X   0.002 0.019 0.000 0.012 0.002 0.004 0.712 0.249 
 153 K X   0.002 0.018 0.000 0.011 0.002 0.004 0.715 0.248 
 154 A X   0.002 0.017 0.000 0.010 0.002 0.004 0.718 0.247 
 155 R X   0.002 0.015 0.000 0.008 0.002 0.003 0.722 0.247 
 156 N X   0.002 0.014 0.000 0.007 0.001 0.003 0.727 0.247 
 157 G X   0.002 0.012 0.000 0.005 0.001 0.003 0.730 0.246 
 158 N X   0.002 0.011 0.000 0.004 0.001 0.003 0.734 0.246 
 159 R X   0.001 0.010 0.000 0.004 0.001 0.002 0.737 0.245 
 160 S X   0.001 0.010 0.000 0.003 0.001 0.002 0.739 0.244 
 161 S X   0.001 0.009 0.000 0.003 0.001 0.002 0.741 0.243 
 162 T X   0.001 0.009 0.000 0.003 0.001 0.002 0.742 0.241 
 163 R X   0.001 0.010 0.000 0.003 0.001 0.003 0.742 0.240 
 164 S X   0.001 0.011 0.000 0.004 0.001 0.003 0.742 0.238 
 165 S X   0.001 0.012 0.000 0.005 0.001 0.003 0.742 0.236 
 166 S X   0.001 0.014 0.000 0.006 0.001 0.004 0.741 0.232 
 167 T X   0.002 0.016 0.000 0.008 0.002 0.004 0.741 0.228 
 168 K X   0.002 0.019 0.000 0.010 0.002 0.005 0.740 0.222 
 169 G X   0.002 0.021 0.000 0.012 0.003 0.005 0.740 0.216 
 170 K X   0.002 0.023 0.000 0.014 0.003 0.006 0.741 0.211 
 171 L X   0.002 0.025 0.000 0.016 0.003 0.006 0.742 0.205 
 172 E X   0.002 0.026 0.000 0.017 0.004 0.006 0.745 0.200 
 173 L X   0.002 0.026 0.000 0.018 0.004 0.006 0.749 0.195 
 174 V X   0.002 0.025 0.000 0.017 0.004 0.006 0.755 0.190 
 175 D X   0.003 0.024 0.000 0.016 0.004 0.006 0.762 0.187 
 176 N X   0.003 0.021 0.000 0.014 0.003 0.005 0.770 0.183 
 177 K X   0.003 0.019 0.000 0.012 0.003 0.005 0.779 0.180 
 178 I X   0.003 0.015 0.000 0.009 0.002 0.004 0.789 0.177 
 179 T X   0.002 0.012 0.000 0.007 0.002 0.004 0.798 0.175 
 180 T X   0.002 0.009 0.000 0.005 0.001 0.003 0.807 0.172 
 181 K X   0.002 0.006 0.000 0.004 0.001 0.003 0.815 0.169 
 182 K X   0.002 0.005 0.000 0.003 0.001 0.003 0.821 0.166 
 183 R X   0.002 0.004 0.000 0.002 0.001 0.002 0.827 0.162 
 184 S X   0.002 0.003 0.000 0.002 0.001 0.002 0.832 0.158 
 185 K X   0.001 0.003 0.000 0.002 0.001 0.002 0.836 0.154 
 186 S X   0.001 0.003 0.000 0.003 0.001 0.002 0.839 0.150 
 187 R X   0.002 0.003 0.000 0.003 0.001 0.002 0.843 0.146 
 188 S X   0.002 0.003 0.000 0.004 0.001 0.003 0.846 0.142 
 189 K X   0.002 0.003 0.000 0.005 0.001 0.003 0.849 0.138 
 190 E X   0.001 0.003 0.000 0.005 0.001 0.003 0.852 0.135 
 191 R X   0.001 0.003 0.000 0.005 0.001 0.002 0.856 0.132 
 192 T X   0.001 0.003 0.000 0.004 0.001 0.002 0.859 0.129 
 193 R X   0.001 0.002 0.000 0.004 0.001 0.002 0.862 0.128 
 194 H X   0.001 0.002 0.000 0.003 0.001 0.002 0.865 0.126 
 195 R X   0.001 0.002 0.000 0.002 0.001 0.001 0.868 0.126 
 196 S X   0.001 0.002 0.000 0.001 0.000 0.001 0.870 0.125 
 197 D X   0.001 0.002 0.000 0.001 0.000 0.001 0.871 0.124 
 198 K X   0.001 0.002 0.000 0.001 0.000 0.001 0.871 0.123 
 199 K X   0.001 0.002 0.000 0.001 0.000 0.001 0.872 0.122 
 200 K X   0.001 0.003 0.000 0.002 0.001 0.002 0.871 0.120 
 201 S X   0.001 0.005 0.000 0.003 0.001 0.002 0.870 0.117 
 202 K X   0.001 0.009 0.000 0.006 0.001 0.003 0.867 0.112 
 203 G X   0.001 0.015 0.000 0.009 0.002 0.004 0.864 0.104 
 204 G X   0.001 0.021 0.000 0.014 0.003 0.005 0.861 0.095 
 205 I X   0.001 0.026 0.000 0.018 0.003 0.005 0.859 0.087 
 206 E X   0.002 0.029 0.000 0.021 0.004 0.005 0.859 0.080 
 207 I X   0.002 0.031 0.000 0.023 0.004 0.006 0.860 0.075 
 208 V X   0.002 0.031 0.000 0.023 0.004 0.005 0.863 0.071 
 209 K X   0.001 0.030 0.000 0.022 0.004 0.005 0.868 0.069 
 210 E X   0.002 0.028 0.000 0.019 0.003 0.005 0.875 0.068 
 211 K X   0.001 0.024 0.000 0.016 0.003 0.004 0.883 0.068 
 212 T X   0.001 0.019 0.000 0.012 0.002 0.004 0.894 0.067 
 213 T X   0.001 0.014 0.000 0.008 0.002 0.003 0.905 0.066 
 214 R X   0.001 0.009 0.000 0.005 0.001 0.002 0.916 0.065 
 215 S X   0.001 0.006 0.000 0.003 0.001 0.002 0.925 0.062 
 216 K X   0.001 0.003 0.000 0.002 0.001 0.002 0.932 0.059 
 217 S X   0.001 0.002 0.000 0.002 0.000 0.001 0.938 0.056 
 218 K X   0.001 0.001 0.000 0.001 0.000 0.001 0.942 0.053 
 219 E X   0.001 0.001 0.000 0.001 0.000 0.001 0.946 0.050 
 220 R X   0.001 0.001 0.000 0.001 0.000 0.001 0.949 0.048 
 221 K X   0.001 0.001 0.000 0.001 0.000 0.001 0.951 0.046 
 222 K X   0.001 0.000 0.000 0.001 0.000 0.001 0.953 0.044 
 223 S X   0.000 0.000 0.000 0.001 0.000 0.001 0.954 0.042 
 224 K X   0.000 0.000 0.000 0.001 0.000 0.001 0.956 0.041 
 225 S X   0.000 0.000 0.000 0.001 0.000 0.001 0.957 0.040 
 226 P X   0.000 0.000 0.000 0.001 0.000 0.001 0.958 0.039 
 227 S X   0.000 0.000 0.000 0.001 0.000 0.001 0.959 0.039 
 228 K X   0.000 0.000 0.000 0.001 0.000 0.001 0.959 0.038 
 229 R X   0.000 0.000 0.000 0.001 0.000 0.001 0.960 0.037 
 230 S X   0.000 0.000 0.000 0.001 0.000 0.001 0.960 0.037 
 231 K X   0.000 0.000 0.000 0.001 0.000 0.001 0.961 0.037 
 232 S X   0.000 0.000 0.000 0.001 0.000 0.001 0.961 0.037 
 233 Q X   0.000 0.000 0.000 0.001 0.000 0.001 0.961 0.036 
 234 D X   0.000 0.000 0.000 0.001 0.000 0.001 0.961 0.036 
 235 Q X   0.000 0.000 0.000 0.001 0.000 0.001 0.961 0.036 
 236 A X   0.000 0.000 0.000 0.001 0.000 0.001 0.960 0.037 
 237 R X   0.000 0.000 0.000 0.001 0.000 0.001 0.960 0.037 
 238 K X   0.000 0.000 0.000 0.001 0.000 0.001 0.960 0.037 
 239 S X   0.000 0.000 0.000 0.001 0.000 0.001 0.960 0.037 
 240 K X   0.000 0.000 0.000 0.001 0.000 0.001 0.960 0.037 
 241 S X   0.000 0.001 0.000 0.001 0.000 0.001 0.959 0.037 
 242 P X   0.000 0.001 0.000 0.002 0.000 0.001 0.959 0.037 
 243 T X   0.000 0.001 0.000 0.002 0.000 0.001 0.958 0.037 
 244 L X   0.000 0.001 0.000 0.002 0.000 0.001 0.958 0.037 
 245 R X   0.000 0.001 0.000 0.002 0.001 0.001 0.958 0.037 
 246 R X   0.000 0.001 0.000 0.002 0.001 0.001 0.958 0.037 
 247 R X   0.000 0.001 0.000 0.002 0.001 0.001 0.958 0.037 
 248 S X   0.000 0.001 0.000 0.003 0.001 0.001 0.958 0.036 
 249 Q X   0.000 0.001 0.000 0.003 0.001 0.001 0.958 0.036 
 250 E X   0.000 0.001 0.000 0.003 0.001 0.001 0.958 0.035 
 251 K X   0.000 0.001 0.000 0.003 0.001 0.001 0.959 0.034 
 252 I X   0.000 0.001 0.000 0.003 0.001 0.001 0.960 0.033 
 253 G X   0.000 0.001 0.000 0.003 0.001 0.001 0.961 0.033 
 254 K X   0.000 0.001 0.000 0.002 0.001 0.001 0.962 0.032 
 255 A X   0.000 0.001 0.000 0.002 0.000 0.001 0.964 0.031 
 256 R X   0.000 0.001 0.000 0.002 0.000 0.001 0.966 0.030 
 257 S X   0.000 0.001 0.000 0.001 0.000 0.001 0.967 0.029 
 258 P X   0.000 0.000 0.000 0.001 0.000 0.001 0.969 0.028 
 259 T X   0.000 0.000 0.000 0.001 0.000 0.001 0.970 0.027 
 260 D X   0.000 0.000 0.000 0.001 0.000 0.001 0.971 0.027 
 261 D X   0.000 0.000 0.000 0.001 0.000 0.001 0.972 0.026 
 262 K X   0.000 0.000 0.000 0.001 0.000 0.001 0.973 0.025 
 263 V X   0.000 0.000 0.000 0.001 0.000 0.000 0.974 0.024 
 264 K X   0.000 0.000 0.000 0.001 0.000 0.000 0.974 0.024 
 265 I X   0.000 0.000 0.000 0.001 0.000 0.000 0.974 0.024 
 266 E X   0.000 0.000 0.000 0.001 0.000 0.000 0.975 0.024 
 267 D X   0.000 0.000 0.000 0.001 0.000 0.000 0.974 0.024 
 268 K X   0.000 0.000 0.000 0.001 0.000 0.000 0.974 0.024 
 269 S X   0.000 0.000 0.000 0.001 0.000 0.000 0.974 0.024 
 270 K X   0.000 0.000 0.000 0.001 0.000 0.001 0.974 0.025 
 271 S X   0.000 0.000 0.000 0.001 0.000 0.001 0.973 0.025 
 272 K X   0.000 0.000 0.000 0.001 0.000 0.001 0.972 0.025 
 273 D X   0.000 0.000 0.000 0.001 0.000 0.001 0.971 0.026 
 274 R X   0.000 0.001 0.000 0.002 0.000 0.001 0.970 0.026 
 275 K X   0.000 0.001 0.000 0.002 0.000 0.001 0.969 0.026 
 276 K X   0.000 0.001 0.000 0.003 0.001 0.001 0.968 0.026 
 277 S X   0.000 0.001 0.000 0.003 0.001 0.001 0.967 0.025 
 278 P X   0.000 0.002 0.000 0.004 0.001 0.001 0.967 0.025 
 279 I X   0.000 0.002 0.000 0.004 0.001 0.001 0.967 0.024 
 280 I X   0.000 0.002 0.000 0.004 0.001 0.001 0.967 0.024 
 281 N X   0.000 0.002 0.000 0.004 0.001 0.001 0.968 0.023 
 282 E X   0.000 0.002 0.000 0.004 0.001 0.001 0.970 0.023 
 283 S X   0.000 0.001 0.000 0.003 0.001 0.001 0.972 0.022 
 284 R X   0.000 0.001 0.000 0.002 0.000 0.001 0.973 0.021 
 285 S X   0.000 0.001 0.000 0.002 0.000 0.001 0.975 0.021 
 286 R X   0.000 0.001 0.000 0.001 0.000 0.001 0.977 0.020 
 287 D X   0.000 0.000 0.000 0.001 0.000 0.001 0.978 0.019 
 288 R X   0.000 0.000 0.000 0.001 0.000 0.000 0.979 0.019 
 289 G X   0.000 0.000 0.000 0.001 0.000 0.000 0.980 0.018 
 290 K X   0.000 0.000 0.000 0.001 0.000 0.000 0.981 0.018 
 291 K X   0.000 0.000 0.000 0.001 0.000 0.000 0.981 0.017 
 292 S X   0.000 0.000 0.000 0.001 0.000 0.001 0.982 0.016 
 293 R X   0.000 0.000 0.000 0.001 0.000 0.001 0.982 0.016 
 294 S X   0.000 0.000 0.000 0.001 0.000 0.001 0.982 0.015 
 295 P X   0.000 0.000 0.000 0.001 0.000 0.001 0.983 0.015 
 296 V X   0.000 0.000 0.000 0.001 0.000 0.001 0.983 0.014 
 297 D X   0.000 0.000 0.000 0.002 0.000 0.001 0.984 0.013 
 298 L X   0.000 0.000 0.000 0.001 0.000 0.001 0.985 0.012 
 299 R X   0.000 0.000 0.000 0.001 0.000 0.001 0.985 0.012 
 300 G X   0.000 0.000 0.000 0.001 0.000 0.001 0.986 0.011 
 301 K X   0.000 0.000 0.000 0.001 0.000 0.000 0.987 0.011 
 302 S X   0.000 0.000 0.000 0.001 0.000 0.000 0.988 0.010 
 303 K X   0.000 0.000 0.000 0.001 0.000 0.000 0.989 0.009 
 304 D X   0.000 0.000 0.000 0.001 0.000 0.000 0.990 0.009 
 305 R X   0.000 0.000 0.000 0.000 0.000 0.000 0.991 0.008 
 306 R X   0.000 0.000 0.000 0.000 0.000 0.000 0.991 0.008 
 307 S X   0.000 0.000 0.000 0.000 0.000 0.000 0.992 0.007 
 308 R X   0.000 0.000 0.000 0.001 0.000 0.000 0.992 0.007 
 309 S X   0.000 0.000 0.000 0.001 0.000 0.000 0.992 0.007 
 310 K X   0.000 0.000 0.000 0.001 0.000 0.000 0.993 0.006 
 311 E X   0.000 0.000 0.000 0.001 0.000 0.000 0.993 0.006 
 312 R X   0.000 0.000 0.000 0.001 0.000 0.000 0.993 0.006 
 313 K X   0.000 0.000 0.000 0.001 0.000 0.000 0.993 0.005 
 314 S X   0.000 0.000 0.000 0.001 0.000 0.000 0.994 0.005 
 315 K X   0.000 0.000 0.000 0.000 0.000 0.000 0.994 0.005 
 316 R X   0.000 0.000 0.000 0.000 0.000 0.000 0.994 0.005 
 317 S X   0.000 0.000 0.000 0.000 0.000 0.000 0.995 0.004 
 318 E X   0.000 0.000 0.000 0.000 0.000 0.000 0.995 0.004 
 319 T X   0.000 0.000 0.000 0.000 0.000 0.000 0.995 0.004 
 320 D X   0.000 0.000 0.000 0.000 0.000 0.000 0.995 0.004 
 321 K X   0.000 0.000 0.000 0.000 0.000 0.000 0.995 0.004 
 322 E X   0.000 0.000 0.000 0.000 0.000 0.000 0.995 0.004 
 323 K X   0.000 0.000 0.000 0.000 0.000 0.000 0.995 0.004 
 324 K X   0.000 0.000 0.000 0.000 0.000 0.000 0.995 0.004 
 325 P X   0.000 0.000 0.000 0.000 0.000 0.000 0.995 0.004 
 326 I X   0.000 0.000 0.000 0.000 0.000 0.000 0.995 0.004 
 327 K X   0.000 0.000 0.000 0.000 0.000 0.000 0.994 0.005 
 328 S X   0.000 0.000 0.000 0.000 0.000 0.000 0.994 0.005 
 329 P X   0.000 0.000 0.000 0.001 0.000 0.000 0.994 0.005 
 330 S X   0.000 0.000 0.000 0.001 0.000 0.000 0.994 0.005 
 331 K X   0.000 0.000 0.000 0.001 0.000 0.000 0.994 0.005 
 332 D X   0.000 0.000 0.000 0.000 0.000 0.000 0.994 0.005 
 333 A X   0.000 0.000 0.000 0.000 0.000 0.000 0.993 0.006 
 334 S X   0.000 0.000 0.000 0.000 0.000 0.000 0.993 0.006 
 335 S X   0.000 0.000 0.000 0.000 0.000 0.000 0.993 0.006 
 336 G X   0.000 0.000 0.000 0.000 0.000 0.000 0.992 0.007 
 337 K X   0.000 0.000 0.000 0.001 0.000 0.000 0.992 0.007 
 338 E X   0.000 0.000 0.000 0.001 0.000 0.000 0.991 0.007 
 339 N X   0.000 0.000 0.000 0.001 0.000 0.000 0.991 0.008 
 340 R X   0.000 0.000 0.000 0.001 0.000 0.000 0.990 0.008 
 341 S X   0.000 0.000 0.000 0.001 0.000 0.000 0.990 0.009 
 342 P X   0.000 0.000 0.000 0.001 0.000 0.000 0.989 0.009 
 343 S X   0.000 0.000 0.000 0.001 0.000 0.000 0.988 0.010 
 344 R X   0.000 0.000 0.000 0.001 0.000 0.000 0.988 0.011 
 345 R X   0.000 0.000 0.000 0.001 0.000 0.000 0.987 0.011 
 346 P X   0.000 0.000 0.000 0.001 0.000 0.000 0.986 0.012 
 347 G X   0.000 0.000 0.000 0.001 0.000 0.001 0.985 0.013 
 348 R X   0.000 0.000 0.000 0.001 0.000 0.001 0.985 0.013 
 349 S X   0.000 0.000 0.000 0.001 0.000 0.001 0.984 0.014 
 350 P X   0.000 0.000 0.000 0.001 0.000 0.001 0.983 0.015 
 351 K X   0.000 0.000 0.000 0.001 0.000 0.001 0.982 0.016 
 352 R X   0.000 0.000 0.000 0.001 0.000 0.001 0.981 0.017 
 353 R X   0.000 0.000 0.000 0.001 0.000 0.001 0.980 0.017 
 354 S X   0.000 0.000 0.000 0.001 0.000 0.001 0.979 0.018 
 355 L X   0.000 0.000 0.000 0.001 0.000 0.001 0.978 0.019 
 356 S X   0.000 0.000 0.000 0.001 0.000 0.001 0.977 0.021 
 357 P X   0.000 0.000 0.000 0.001 0.000 0.001 0.976 0.022 
 358 K X   0.000 0.000 0.000 0.001 0.000 0.001 0.975 0.024 
 359 P X   0.000 0.000 0.000 0.001 0.000 0.001 0.973 0.025 
 360 R X   0.000 0.000 0.000 0.001 0.000 0.001 0.971 0.027 
 361 D X   0.000 0.000 0.000 0.001 0.000 0.001 0.969 0.029 
 362 K X   0.000 0.000 0.000 0.001 0.000 0.001 0.966 0.031 
 363 S X   0.000 0.000 0.000 0.001 0.000 0.001 0.964 0.033 
 364 R X   0.000 0.001 0.000 0.002 0.000 0.001 0.961 0.035 
 365 R X   0.000 0.001 0.000 0.002 0.001 0.001 0.957 0.037 
 366 S X   0.000 0.001 0.000 0.003 0.001 0.001 0.954 0.039 
 367 R X   0.001 0.001 0.000 0.004 0.001 0.002 0.951 0.041 
 368 S X   0.001 0.001 0.000 0.004 0.001 0.002 0.949 0.043 
 369 P X   0.001 0.002 0.000 0.004 0.001 0.002 0.946 0.045 
 370 L X   0.001 0.002 0.000 0.004 0.001 0.002 0.945 0.047 
 371 L X   0.001 0.001 0.000 0.004 0.001 0.002 0.943 0.049 
 372 N X   0.001 0.001 0.000 0.003 0.001 0.001 0.942 0.051 
 373 D X   0.001 0.001 0.000 0.003 0.001 0.001 0.941 0.053 
 374 R X   0.001 0.001 0.000 0.002 0.001 0.001 0.940 0.055 
 375 R X   0.001 0.001 0.000 0.002 0.000 0.001 0.939 0.057 
 376 S X   0.001 0.001 0.000 0.001 0.000 0.001 0.938 0.058 
 377 K X   0.001 0.001 0.000 0.001 0.000 0.001 0.936 0.060 
 378 Q X   0.001 0.000 0.000 0.001 0.000 0.001 0.935 0.062 
 379 S X   0.001 0.000 0.000 0.001 0.000 0.001 0.933 0.064 
 380 K X   0.001 0.000 0.000 0.001 0.000 0.001 0.930 0.066 
 381 S X   0.001 0.001 0.000 0.002 0.000 0.001 0.928 0.068 
 382 P X   0.001 0.001 0.000 0.002 0.001 0.001 0.925 0.070 
 383 S X   0.001 0.001 0.000 0.002 0.001 0.001 0.922 0.073 
 384 R X   0.001 0.001 0.000 0.003 0.001 0.002 0.918 0.075 
 385 T X   0.001 0.001 0.000 0.003 0.001 0.002 0.915 0.078 
 386 L X   0.001 0.001 0.000 0.004 0.001 0.002 0.911 0.080 
 387 S X   0.001 0.001 0.000 0.004 0.001 0.002 0.908 0.083 
 388 P X   0.001 0.001 0.000 0.004 0.001 0.002 0.905 0.086 
 389 G X   0.001 0.001 0.000 0.004 0.001 0.002 0.902 0.089 
 390 R X   0.001 0.001 0.000 0.004 0.001 0.002 0.900 0.092 
 391 R X   0.001 0.001 0.000 0.003 0.001 0.002 0.897 0.095 
 392 A X   0.001 0.001 0.000 0.003 0.001 0.002 0.895 0.097 
 393 K X   0.001 0.001 0.000 0.003 0.001 0.002 0.892 0.100 
 394 S X   0.001 0.001 0.000 0.003 0.001 0.002 0.890 0.103 
 395 R X   0.001 0.001 0.000 0.002 0.001 0.002 0.887 0.106 
 396 S X   0.001 0.001 0.000 0.002 0.001 0.002 0.884 0.109 
 397 L X   0.001 0.001 0.000 0.002 0.001 0.002 0.880 0.113 
 398 E X   0.001 0.001 0.000 0.003 0.001 0.002 0.877 0.116 
 399 R X   0.001 0.001 0.000 0.003 0.001 0.002 0.873 0.120 
 400 K X   0.001 0.001 0.000 0.003 0.001 0.002 0.869 0.123 
 401 R X   0.001 0.001 0.000 0.003 0.001 0.002 0.864 0.127 
 402 R X   0.001 0.002 0.000 0.004 0.001 0.002 0.860 0.131 
 403 E X   0.001 0.002 0.000 0.004 0.001 0.002 0.855 0.135 
 404 P X   0.001 0.002 0.000 0.004 0.001 0.002 0.850 0.139 
 405 E X   0.001 0.002 0.000 0.005 0.001 0.003 0.846 0.143 
 406 R X   0.001 0.002 0.000 0.005 0.001 0.003 0.842 0.146 
 407 R X   0.001 0.002 0.000 0.005 0.001 0.003 0.838 0.150 
 408 R X   0.001 0.002 0.000 0.004 0.001 0.002 0.834 0.155 
 409 L X   0.001 0.002 0.000 0.004 0.001 0.002 0.830 0.159 
 410 S X   0.001 0.002 0.000 0.004 0.001 0.002 0.826 0.163 
 411 S X   0.001 0.002 0.000 0.003 0.001 0.002 0.822 0.168 
 412 P X   0.001 0.002 0.000 0.003 0.001 0.002 0.818 0.172 
 413 R X   0.001 0.002 0.000 0.003 0.001 0.002 0.814 0.176 
 414 T X   0.001 0.002 0.000 0.003 0.001 0.002 0.810 0.180 
 415 R X   0.001 0.002 0.000 0.003 0.001 0.003 0.805 0.184 
 416 P X   0.001 0.003 0.000 0.004 0.001 0.003 0.800 0.188 
 417 R X   0.002 0.003 0.000 0.004 0.001 0.003 0.794 0.192 
 418 D X   0.002 0.004 0.000 0.006 0.001 0.003 0.788 0.195 
 419 D X   0.002 0.005 0.000 0.007 0.002 0.004 0.782 0.199 
 420 I X   0.002 0.006 0.000 0.008 0.002 0.004 0.776 0.202 
 421 L X   0.002 0.006 0.000 0.009 0.002 0.004 0.771 0.206 
 422 S X   0.002 0.007 0.000 0.009 0.002 0.004 0.765 0.211 
 423 R X   0.002 0.007 0.000 0.008 0.002 0.004 0.761 0.216 
 424 R X   0.002 0.007 0.000 0.007 0.002 0.004 0.757 0.222 
 425 E X   0.002 0.006 0.000 0.006 0.002 0.003 0.753 0.228 
 426 R X   0.002 0.006 0.000 0.005 0.001 0.003 0.749 0.234 
 427 S X   0.002 0.006 0.000 0.004 0.001 0.003 0.745 0.239 
 428 K X   0.002 0.006 0.000 0.003 0.001 0.003 0.741 0.244 
 429 D X   0.002 0.006 0.000 0.003 0.001 0.003 0.738 0.248 
 430 A X   0.002 0.006 0.000 0.003 0.001 0.003 0.733 0.252 
 431 S X   0.002 0.007 0.000 0.004 0.001 0.003 0.728 0.255 
 432 P X   0.002 0.008 0.000 0.004 0.001 0.004 0.723 0.258 
 433 I X   0.002 0.009 0.000 0.005 0.002 0.004 0.718 0.260 
 434 N X   0.002 0.011 0.000 0.006 0.002 0.004 0.712 0.262 
 435 R X   0.002 0.013 0.000 0.007 0.002 0.005 0.706 0.265 
 436 W X   0.003 0.014 0.000 0.008 0.002 0.005 0.700 0.268 
 437 S X   0.003 0.016 0.000 0.008 0.002 0.005 0.694 0.272 
 438 P X   0.003 0.017 0.000 0.008 0.002 0.005 0.689 0.276 
 439 T X   0.002 0.018 0.000 0.008 0.002 0.005 0.685 0.279 
 440 R X   0.002 0.019 0.000 0.007 0.002 0.005 0.680 0.283 
 441 R X   0.003 0.020 0.000 0.007 0.002 0.005 0.676 0.286 
 442 R X   0.003 0.022 0.000 0.007 0.002 0.005 0.672 0.288 
 443 S X   0.003 0.023 0.000 0.008 0.002 0.006 0.669 0.289 
 444 R X   0.003 0.025 0.000 0.008 0.003 0.006 0.666 0.290 
 445 S X   0.003 0.027 0.000 0.009 0.003 0.006 0.662 0.290 
 446 P X   0.003 0.028 0.000 0.010 0.003 0.006 0.659 0.289 
 447 I X   0.003 0.030 0.000 0.011 0.003 0.006 0.657 0.289 
 448 R X   0.003 0.031 0.000 0.012 0.003 0.006 0.655 0.289 
 449 R X   0.003 0.031 0.000 0.012 0.003 0.006 0.654 0.290 
 450 R X   0.003 0.031 0.000 0.012 0.003 0.006 0.654 0.291 
 451 S X   0.003 0.030 0.000 0.011 0.003 0.006 0.654 0.293 
 452 R X   0.003 0.029 0.000 0.010 0.003 0.005 0.654 0.295 
 453 S X   0.003 0.027 0.000 0.009 0.003 0.005 0.655 0.297 
 454 P X   0.003 0.025 0.000 0.009 0.002 0.005 0.657 0.299 
 455 L X   0.003 0.023 0.000 0.008 0.002 0.005 0.658 0.300 
 456 R X   0.003 0.021 0.000 0.007 0.002 0.005 0.660 0.302 
 457 R X   0.003 0.019 0.000 0.007 0.002 0.004 0.662 0.303 
 458 S X   0.003 0.017 0.000 0.006 0.002 0.004 0.664 0.304 
 459 R X   0.003 0.015 0.000 0.005 0.002 0.004 0.666 0.306 
 460 S X   0.003 0.013 0.000 0.005 0.001 0.004 0.667 0.307 
 461 P X   0.003 0.011 0.000 0.004 0.001 0.003 0.668 0.309 
 462 R X   0.003 0.010 0.000 0.004 0.001 0.003 0.669 0.310 
 463 R X   0.003 0.009 0.000 0.003 0.001 0.003 0.670 0.311 
 464 R X   0.003 0.008 0.000 0.003 0.001 0.003 0.670 0.313 
 465 S X   0.002 0.008 0.000 0.003 0.001 0.003 0.669 0.314 
 466 R X   0.002 0.008 0.000 0.003 0.001 0.003 0.668 0.315 
 467 S X   0.002 0.008 0.000 0.003 0.001 0.003 0.666 0.317 
 468 P X   0.002 0.008 0.000 0.003 0.001 0.003 0.664 0.319 
 469 R X   0.002 0.009 0.000 0.004 0.001 0.003 0.661 0.320 
 470 R X   0.002 0.010 0.000 0.004 0.001 0.003 0.657 0.321 
 471 R X   0.002 0.012 0.000 0.005 0.001 0.004 0.653 0.323 
 472 D X   0.002 0.015 0.000 0.006 0.002 0.004 0.648 0.323 
 473 R X   0.002 0.018 0.000 0.007 0.002 0.005 0.642 0.323 
 474 G X   0.002 0.022 0.000 0.008 0.002 0.005 0.637 0.323 
 475 R X   0.002 0.027 0.000 0.010 0.003 0.006 0.631 0.321 
 476 R X   0.002 0.032 0.000 0.012 0.003 0.006 0.625 0.319 
 477 S X   0.003 0.037 0.000 0.013 0.003 0.007 0.620 0.317 
 478 R X   0.003 0.041 0.000 0.015 0.004 0.007 0.616 0.315 
 479 S X   0.003 0.044 0.000 0.016 0.004 0.007 0.612 0.314 
 480 R X   0.003 0.046 0.000 0.017 0.004 0.007 0.610 0.313 
 481 L X   0.003 0.047 0.000 0.017 0.004 0.007 0.608 0.313 
 482 R X   0.003 0.048 0.000 0.016 0.004 0.007 0.607 0.315 
 483 R X   0.003 0.047 0.000 0.015 0.004 0.006 0.608 0.317 
 484 R X   0.003 0.046 0.000 0.014 0.003 0.006 0.608 0.319 
 485 S X   0.003 0.043 0.000 0.012 0.003 0.006 0.610 0.322 
 486 R X   0.003 0.041 0.000 0.011 0.003 0.006 0.611 0.325 
 487 S X   0.003 0.038 0.000 0.010 0.002 0.005 0.613 0.328 
 488 R X   0.003 0.035 0.000 0.009 0.002 0.005 0.615 0.330 
 489 G X   0.003 0.032 0.000 0.008 0.002 0.005 0.618 0.331 
 490 G X   0.003 0.030 0.000 0.008 0.002 0.005 0.620 0.333 
 491 R X   0.003 0.027 0.000 0.007 0.002 0.004 0.622 0.334 
 492 R X   0.003 0.025 0.000 0.006 0.002 0.004 0.624 0.336 
 493 R X   0.003 0.022 0.000 0.006 0.001 0.004 0.626 0.338 
 494 R X   0.003 0.020 0.000 0.005 0.001 0.003 0.627 0.340 
 495 S X   0.002 0.019 0.000 0.005 0.001 0.003 0.628 0.342 
 496 R X   0.002 0.018 0.000 0.004 0.001 0.003 0.628 0.343 
 497 S X   0.002 0.017 0.000 0.004 0.001 0.003 0.628 0.345 
 498 K X   0.002 0.017 0.000 0.004 0.001 0.003 0.627 0.346 
 499 V X   0.002 0.017 0.000 0.004 0.001 0.003 0.626 0.348 
 500 K X   0.002 0.017 0.000 0.004 0.001 0.003 0.624 0.349 
 501 E X   0.002 0.018 0.000 0.004 0.001 0.003 0.621 0.350 
 502 D X   0.002 0.019 0.000 0.004 0.001 0.003 0.618 0.351 
 503 K X   0.002 0.022 0.000 0.005 0.001 0.004 0.614 0.352 
 504 F X   0.002 0.025 0.000 0.006 0.002 0.004 0.610 0.351 
 505 K X   0.002 0.029 0.000 0.008 0.002 0.005 0.604 0.349 
 506 G X   0.002 0.036 0.000 0.010 0.002 0.006 0.598 0.345 
 507 S X   0.002 0.043 0.000 0.014 0.003 0.007 0.592 0.338 
 508 L X   0.003 0.051 0.000 0.018 0.004 0.007 0.586 0.330 
 509 S X   0.003 0.059 0.000 0.022 0.004 0.008 0.581 0.322 
 510 E X   0.003 0.065 0.001 0.026 0.005 0.008 0.577 0.315 
 511 G X   0.003 0.069 0.001 0.029 0.005 0.009 0.575 0.310 
 512 M X   0.003 0.071 0.001 0.030 0.005 0.008 0.574 0.308 
 513 K X   0.003 0.070 0.000 0.029 0.005 0.008 0.574 0.310 
 514 V X   0.003 0.067 0.000 0.026 0.004 0.007 0.576 0.315 
 515 E X   0.003 0.062 0.000 0.022 0.004 0.007 0.579 0.323 
 516 Q X   0.003 0.055 0.000 0.017 0.003 0.006 0.582 0.333 
 517 E X   0.003 0.046 0.000 0.013 0.002 0.005 0.586 0.343 
 518 S X   0.003 0.038 0.000 0.009 0.002 0.004 0.590 0.353 
 519 S X   0.003 0.030 0.000 0.006 0.001 0.004 0.594 0.361 
 520 S X   0.003 0.025 0.000 0.005 0.001 0.003 0.596 0.366 
 521 D X   0.003 0.022 0.000 0.004 0.001 0.003 0.597 0.370 
 522 D X   0.002 0.021 0.000 0.003 0.001 0.003 0.597 0.372 
 523 N X   0.002 0.020 0.000 0.003 0.001 0.003 0.596 0.374 
 524 L X   0.002 0.020 0.000 0.004 0.001 0.003 0.594 0.377 
 525 E X   0.002 0.020 0.000 0.004 0.001 0.003 0.590 0.379 
 526 D X   0.002 0.021 0.000 0.004 0.001 0.004 0.585 0.383 
 527 F X   0.002 0.023 0.000 0.005 0.001 0.004 0.579 0.386 
 528 D X   0.002 0.026 0.000 0.006 0.001 0.004 0.570 0.391 
 529 V X   0.002 0.030 0.000 0.007 0.002 0.005 0.560 0.395 
 530 E X   0.002 0.036 0.000 0.008 0.002 0.006 0.548 0.398 
 531 E X   0.002 0.045 0.000 0.010 0.002 0.007 0.534 0.399 
 532 E X   0.003 0.058 0.000 0.013 0.003 0.008 0.517 0.398 
 533 D X   0.003 0.077 0.001 0.016 0.004 0.010 0.499 0.392 
 534 E X   0.003 0.101 0.001 0.019 0.005 0.011 0.479 0.381 
 535 E X   0.004 0.130 0.001 0.023 0.006 0.012 0.459 0.366 
 536 A X   0.004 0.163 0.001 0.026 0.007 0.013 0.439 0.348 
 537 L X   0.004 0.193 0.001 0.028 0.008 0.013 0.422 0.332 
 538 I X   0.004 0.218 0.001 0.029 0.008 0.013 0.408 0.318 
 539 E X   0.004 0.238 0.001 0.029 0.008 0.014 0.397 0.309 
 540 Q X   0.004 0.252 0.001 0.029 0.008 0.014 0.388 0.304 
 541 R X   0.005 0.262 0.001 0.028 0.008 0.014 0.382 0.301 
 542 R X   0.005 0.268 0.001 0.027 0.008 0.014 0.377 0.300 
 543 I X   0.005 0.272 0.001 0.026 0.008 0.014 0.374 0.301 
 544 Q X   0.006 0.273 0.001 0.025 0.008 0.014 0.371 0.303 
 545 R X   0.006 0.273 0.001 0.024 0.008 0.014 0.370 0.305 
 546 Q X   0.006 0.272 0.001 0.024 0.008 0.014 0.369 0.307 
 547 A X   0.007 0.269 0.001 0.024 0.008 0.013 0.368 0.310 
 548 I X   0.007 0.263 0.001 0.024 0.008 0.013 0.369 0.315 
 549 V X   0.007 0.255 0.001 0.024 0.008 0.012 0.371 0.322 
 550 Q X   0.007 0.243 0.001 0.024 0.007 0.012 0.373 0.333 
 551 K X   0.007 0.227 0.001 0.023 0.007 0.011 0.377 0.347 
 552 Y X   0.007 0.206 0.001 0.021 0.007 0.011 0.381 0.365 
 553 K X   0.007 0.181 0.001 0.020 0.007 0.010 0.387 0.387 
 554 Y _   0.007 0.152 0.001 0.018 0.006 0.010 0.394 0.412 
 555 L _   0.007 0.124 0.001 0.016 0.005 0.009 0.402 0.436 
 556 A _   0.007 0.099 0.001 0.014 0.005 0.009 0.409 0.457 
 557 E _   0.007 0.078 0.001 0.012 0.004 0.008 0.416 0.474 
 558 D _   0.006 0.061 0.000 0.010 0.003 0.008 0.423 0.487 
 559 S _   0.006 0.048 0.000 0.009 0.003 0.007 0.429 0.497 
 560 N _   0.006 0.038 0.000 0.009 0.003 0.007 0.434 0.504 
 561 M _   0.005 0.030 0.000 0.008 0.002 0.006 0.438 0.509 
 562 S _   0.005 0.024 0.000 0.007 0.002 0.006 0.441 0.514 
 563 V _   0.005 0.019 0.000 0.007 0.002 0.006 0.444 0.517 
 564 P _   0.005 0.015 0.000 0.006 0.002 0.005 0.446 0.521 
 565 S _   0.004 0.012 0.000 0.006 0.002 0.005 0.447 0.524 
 566 E _   0.004 0.010 0.000 0.005 0.002 0.005 0.448 0.527 
 567 P _   0.004 0.008 0.000 0.005 0.001 0.005 0.448 0.529 
 568 S _   0.004 0.007 0.000 0.005 0.001 0.005 0.447 0.530 
 569 S _   0.004 0.006 0.000 0.006 0.002 0.005 0.446 0.531 
 570 P _   0.004 0.006 0.000 0.006 0.002 0.005 0.445 0.533 
 571 Q _   0.004 0.005 0.000 0.007 0.002 0.005 0.443 0.534 
 572 S _   0.004 0.005 0.000 0.007 0.002 0.005 0.440 0.536 
 573 S _   0.004 0.005 0.000 0.007 0.002 0.005 0.437 0.540 
 574 T _   0.004 0.005 0.000 0.007 0.002 0.005 0.434 0.544 
 575 R _   0.003 0.005 0.000 0.006 0.002 0.005 0.430 0.550 
 576 T _   0.003 0.005 0.000 0.005 0.001 0.004 0.425 0.556 
 577 R _   0.003 0.005 0.000 0.005 0.001 0.004 0.419 0.563 
 578 S _   0.003 0.005 0.000 0.004 0.001 0.004 0.413 0.569 
 579 P _   0.003 0.006 0.000 0.004 0.001 0.005 0.405 0.575 
 580 S _   0.003 0.008 0.000 0.005 0.002 0.006 0.397 0.579 
 581 P _   0.004 0.012 0.000 0.007 0.002 0.007 0.387 0.580 
 582 D _   0.004 0.020 0.000 0.011 0.004 0.009 0.375 0.577 
 583 D _   0.005 0.032 0.001 0.016 0.005 0.011 0.360 0.569 
 584 I _   0.006 0.050 0.001 0.023 0.007 0.013 0.345 0.555 
 585 L _   0.006 0.069 0.001 0.031 0.009 0.015 0.329 0.540 
 586 E _   0.006 0.086 0.001 0.037 0.010 0.016 0.315 0.530 
 587 R _   0.006 0.097 0.001 0.041 0.010 0.016 0.303 0.525 
 588 V _   0.006 0.104 0.001 0.043 0.010 0.016 0.293 0.527 
 589 A _   0.006 0.107 0.001 0.041 0.010 0.015 0.286 0.534 
 590 A _   0.006 0.107 0.001 0.037 0.009 0.014 0.279 0.546 
 591 D _   0.006 0.105 0.001 0.031 0.008 0.013 0.274 0.562 
 592 V _   0.006 0.101 0.001 0.025 0.007 0.012 0.270 0.578 
 593 K _   0.006 0.095 0.001 0.020 0.005 0.011 0.266 0.596 
 594 E _   0.006 0.088 0.001 0.015 0.005 0.010 0.263 0.612 
 595 Y _   0.006 0.082 0.000 0.012 0.004 0.010 0.260 0.626 
 596 E _   0.006 0.078 0.000 0.010 0.003 0.009 0.257 0.636 
 597 R _   0.006 0.075 0.000 0.009 0.003 0.009 0.254 0.643 
 598 E _   0.006 0.074 0.000 0.009 0.003 0.009 0.251 0.648 
 599 N _   0.006 0.074 0.000 0.010 0.003 0.009 0.247 0.650 
 600 V _   0.006 0.075 0.000 0.011 0.004 0.010 0.243 0.651 
 601 D _   0.006 0.076 0.000 0.012 0.004 0.010 0.239 0.652 
 602 T _   0.006 0.078 0.001 0.013 0.004 0.010 0.236 0.653 
 603 F _   0.006 0.079 0.001 0.013 0.004 0.010 0.232 0.655 
 604 E _   0.006 0.080 0.001 0.013 0.004 0.010 0.228 0.657 
 605 A _   0.006 0.081 0.001 0.013 0.004 0.010 0.224 0.660 
 606 S _   0.006 0.082 0.001 0.013 0.004 0.010 0.220 0.664 
 607 V _   0.006 0.083 0.001 0.013 0.004 0.011 0.217 0.666 
 608 K _   0.006 0.084 0.001 0.013 0.005 0.011 0.213 0.666 
 609 A _   0.007 0.087 0.001 0.015 0.005 0.012 0.210 0.663 
 610 K _   0.008 0.090 0.001 0.018 0.006 0.013 0.207 0.659 
 611 H _   0.009 0.093 0.001 0.021 0.007 0.013 0.204 0.652 
 612 N _   0.009 0.095 0.001 0.025 0.007 0.014 0.202 0.646 
 613 L _   0.010 0.096 0.001 0.028 0.008 0.014 0.201 0.643 
 614 M _   0.010 0.095 0.001 0.029 0.008 0.013 0.200 0.644 
 615 T _   0.010 0.091 0.001 0.028 0.007 0.012 0.200 0.650 
 616 V _   0.010 0.084 0.001 0.025 0.006 0.011 0.200 0.662 
 617 E _   0.009 0.074 0.001 0.020 0.005 0.010 0.201 0.680 
 618 Q _   0.008 0.061 0.001 0.015 0.004 0.009 0.202 0.701 
 619 N _   0.007 0.049 0.000 0.010 0.003 0.007 0.202 0.721 
 620 N _   0.006 0.040 0.000 0.007 0.002 0.006 0.202 0.736 
 621 G _   0.005 0.034 0.000 0.005 0.002 0.006 0.202 0.746 
 622 S _   0.005 0.032 0.000 0.004 0.002 0.006 0.200 0.752 
 623 S _   0.005 0.031 0.000 0.004 0.002 0.006 0.199 0.754 
 624 Q _   0.005 0.033 0.000 0.005 0.002 0.007 0.196 0.752 
 625 K _   0.005 0.037 0.000 0.007 0.003 0.008 0.193 0.747 
 626 K _   0.006 0.045 0.000 0.010 0.003 0.009 0.189 0.738 
 627 L _   0.006 0.056 0.001 0.013 0.004 0.010 0.184 0.726 
 628 L _   0.006 0.068 0.001 0.016 0.005 0.011 0.179 0.714 
 629 A _   0.006 0.079 0.001 0.018 0.005 0.012 0.175 0.704 
 630 P _   0.006 0.089 0.001 0.019 0.006 0.012 0.170 0.698 
 631 D _   0.006 0.096 0.001 0.018 0.006 0.012 0.167 0.695 
 632 M _   0.006 0.101 0.001 0.017 0.005 0.013 0.163 0.694 
 633 F _   0.006 0.106 0.001 0.015 0.005 0.013 0.160 0.693 
 634 T _   0.007 0.110 0.001 0.014 0.005 0.014 0.158 0.692 
 635 E _   0.007 0.115 0.001 0.013 0.006 0.015 0.155 0.688 
 636 S _   0.009 0.121 0.001 0.013 0.007 0.017 0.153 0.680 
 637 D _   0.010 0.129 0.001 0.014 0.008 0.019 0.151 0.669 
 638 D _   0.012 0.139 0.001 0.016 0.009 0.021 0.148 0.654 
 639 M _   0.014 0.152 0.001 0.018 0.011 0.022 0.146 0.636 
 640 F _   0.016 0.165 0.001 0.020 0.012 0.023 0.144 0.619 
 641 A _   0.018 0.176 0.001 0.022 0.013 0.024 0.143 0.604 
 642 A _   0.018 0.184 0.001 0.024 0.013 0.025 0.141 0.593 
 643 Y _   0.018 0.191 0.001 0.025 0.013 0.024 0.140 0.587 
 644 F _   0.018 0.195 0.001 0.025 0.013 0.024 0.140 0.584 
 645 D _   0.018 0.197 0.001 0.025 0.013 0.023 0.140 0.583 
 646 S _   0.018 0.197 0.001 0.026 0.013 0.023 0.140 0.583 
 647 A _   0.018 0.197 0.001 0.026 0.012 0.022 0.141 0.583 
 648 R _   0.017 0.195 0.001 0.028 0.012 0.021 0.142 0.584 
 649 L _   0.017 0.191 0.001 0.029 0.011 0.020 0.144 0.588 
 650 R _   0.016 0.185 0.001 0.029 0.010 0.018 0.146 0.595 
 651 A _   0.015 0.176 0.001 0.029 0.010 0.017 0.149 0.605 
 652 A _   0.014 0.163 0.001 0.028 0.009 0.015 0.152 0.620 
 653 G _   0.012 0.146 0.001 0.025 0.007 0.013 0.155 0.640 
 654 I _   0.011 0.125 0.001 0.022 0.006 0.012 0.159 0.663 
 655 G _   0.011 0.103 0.001 0.018 0.005 0.011 0.163 0.688 
 656 K _   0.010 0.081 0.001 0.015 0.004 0.010 0.167 0.712 
 657 D _   0.009 0.061 0.001 0.012 0.004 0.009 0.171 0.734 
 658 F _   0.008 0.046 0.000 0.009 0.003 0.008 0.174 0.752 
 659 K _   0.007 0.035 0.000 0.008 0.002 0.007 0.177 0.765 
 660 E _   0.006 0.027 0.000 0.006 0.002 0.006 0.178 0.774 
 661 N _   0.005 0.023 0.000 0.005 0.002 0.005 0.179 0.780 
 662 P _   0.005 0.021 0.000 0.005 0.001 0.005 0.179 0.784 
 663 N _   0.004 0.020 0.000 0.005 0.001 0.005 0.178 0.787 
