#TopoPred_TM8: 8-state transmembrane topology prediction results by no_profile mode 
#probabilities are in the order of H E C I L F X _, the 8 transmembrane topology types used in PDBTM 
   1 M X   0.006 0.000 0.001 0.011 0.005 0.005 0.874 0.099 
   2 E X   0.002 0.000 0.000 0.003 0.001 0.003 0.890 0.102 
   3 P X   0.001 0.000 0.000 0.002 0.000 0.003 0.893 0.101 
   4 S X   0.003 0.000 0.000 0.001 0.001 0.004 0.892 0.098 
   5 R X   0.010 0.000 0.000 0.002 0.002 0.009 0.887 0.090 
   6 A X   0.020 0.001 0.000 0.003 0.006 0.014 0.877 0.078 
   7 L X   0.030 0.004 0.001 0.005 0.011 0.018 0.866 0.065 
   8 L X   0.036 0.011 0.001 0.010 0.014 0.019 0.856 0.052 
   9 G X   0.039 0.018 0.001 0.014 0.016 0.019 0.848 0.044 
  10 C X   0.040 0.022 0.001 0.017 0.017 0.018 0.844 0.042 
  11 L X   0.039 0.024 0.001 0.019 0.017 0.017 0.841 0.043 
  12 A X   0.037 0.025 0.001 0.018 0.016 0.015 0.841 0.047 
  13 S X   0.034 0.024 0.001 0.017 0.014 0.013 0.843 0.055 
  14 A X   0.029 0.021 0.001 0.014 0.011 0.011 0.846 0.066 
  15 A X   0.025 0.017 0.001 0.011 0.008 0.009 0.851 0.080 
  16 A X   0.019 0.011 0.000 0.007 0.005 0.007 0.856 0.094 
  17 A X   0.015 0.007 0.000 0.004 0.003 0.005 0.861 0.105 
  18 A X   0.010 0.003 0.000 0.003 0.001 0.004 0.864 0.114 
  19 P X   0.007 0.002 0.000 0.002 0.001 0.003 0.866 0.120 
  20 P X   0.005 0.001 0.000 0.001 0.001 0.002 0.867 0.123 
  21 G X   0.003 0.000 0.000 0.001 0.000 0.002 0.868 0.126 
  22 E X   0.003 0.000 0.000 0.001 0.000 0.001 0.867 0.127 
  23 D X   0.002 0.000 0.000 0.001 0.000 0.001 0.866 0.129 
  24 G X   0.002 0.000 0.000 0.001 0.000 0.001 0.864 0.131 
  25 A X   0.002 0.000 0.000 0.002 0.000 0.002 0.861 0.134 
  26 G X   0.002 0.000 0.000 0.002 0.001 0.002 0.856 0.137 
  27 A X   0.002 0.000 0.000 0.002 0.001 0.002 0.851 0.142 
  28 G X   0.002 0.001 0.000 0.003 0.001 0.002 0.843 0.149 
  29 A X   0.002 0.001 0.000 0.003 0.001 0.002 0.834 0.157 
  30 E X   0.002 0.001 0.000 0.003 0.001 0.002 0.823 0.168 
  31 E X   0.001 0.001 0.000 0.003 0.001 0.003 0.810 0.180 
  32 E X   0.002 0.002 0.000 0.004 0.001 0.003 0.794 0.195 
  33 E X   0.002 0.002 0.000 0.004 0.001 0.004 0.775 0.211 
  34 E X   0.002 0.004 0.000 0.006 0.002 0.005 0.753 0.229 
  35 E X   0.002 0.007 0.000 0.008 0.002 0.006 0.728 0.246 
  36 E X   0.002 0.012 0.000 0.013 0.003 0.008 0.698 0.263 
  37 E X   0.003 0.022 0.001 0.020 0.005 0.011 0.663 0.277 
  38 E X   0.003 0.034 0.001 0.029 0.007 0.013 0.625 0.288 
  39 A X   0.004 0.048 0.001 0.039 0.008 0.014 0.588 0.297 
  40 A X   0.004 0.059 0.001 0.048 0.009 0.015 0.557 0.307 
  41 A X   0.004 0.067 0.001 0.053 0.010 0.016 0.531 0.319 
  42 A X   0.004 0.071 0.001 0.054 0.010 0.016 0.511 0.334 
  43 V X   0.005 0.073 0.001 0.051 0.009 0.015 0.495 0.352 
  44 G X   0.005 0.071 0.001 0.044 0.008 0.014 0.482 0.374 
  45 P X   0.005 0.068 0.001 0.036 0.007 0.013 0.472 0.399 
  46 G X   0.005 0.061 0.001 0.027 0.006 0.012 0.464 0.425 
  47 E X   0.005 0.053 0.001 0.018 0.005 0.011 0.456 0.451 
  48 L _   0.005 0.046 0.000 0.012 0.003 0.010 0.449 0.474 
  49 G _   0.005 0.040 0.000 0.008 0.003 0.010 0.442 0.492 
  50 C _   0.006 0.037 0.000 0.005 0.002 0.010 0.434 0.505 
  51 D _   0.006 0.036 0.000 0.005 0.003 0.012 0.425 0.513 
  52 A _   0.007 0.038 0.000 0.006 0.004 0.014 0.415 0.516 
  53 P _   0.009 0.045 0.001 0.009 0.005 0.016 0.403 0.512 
  54 L _   0.011 0.058 0.001 0.014 0.008 0.019 0.388 0.500 
  55 P _   0.012 0.080 0.001 0.023 0.012 0.022 0.370 0.479 
  56 Y _   0.013 0.108 0.002 0.034 0.015 0.024 0.353 0.452 
  57 W _   0.013 0.132 0.002 0.044 0.017 0.025 0.337 0.431 
  58 T _   0.013 0.149 0.002 0.052 0.018 0.024 0.324 0.417 
  59 A _   0.012 0.159 0.001 0.057 0.018 0.023 0.315 0.414 
  60 V _   0.012 0.162 0.001 0.057 0.017 0.022 0.308 0.422 
  61 F _   0.011 0.160 0.001 0.052 0.015 0.020 0.303 0.438 
  62 E _   0.010 0.152 0.001 0.044 0.012 0.017 0.299 0.464 
  63 Y _   0.009 0.138 0.001 0.034 0.010 0.015 0.296 0.497 
  64 E _   0.009 0.119 0.001 0.024 0.007 0.013 0.293 0.535 
  65 A _   0.008 0.099 0.001 0.016 0.005 0.011 0.291 0.570 
  66 A _   0.007 0.083 0.000 0.010 0.004 0.010 0.288 0.598 
  67 G _   0.006 0.074 0.000 0.007 0.003 0.009 0.285 0.617 
  68 E _   0.005 0.069 0.000 0.005 0.002 0.009 0.281 0.628 
  69 D _   0.006 0.069 0.000 0.005 0.002 0.009 0.277 0.632 
  70 E _   0.006 0.071 0.000 0.006 0.003 0.011 0.271 0.631 
  71 L _   0.007 0.078 0.001 0.009 0.004 0.012 0.264 0.624 
  72 T _   0.008 0.090 0.001 0.014 0.006 0.015 0.256 0.610 
  73 L _   0.009 0.107 0.001 0.021 0.008 0.017 0.247 0.589 
  74 R _   0.009 0.128 0.001 0.029 0.011 0.018 0.238 0.566 
  75 L _   0.010 0.146 0.001 0.037 0.012 0.019 0.230 0.544 
  76 G _   0.010 0.160 0.001 0.044 0.014 0.020 0.224 0.528 
  77 D _   0.011 0.168 0.001 0.048 0.014 0.020 0.219 0.520 
  78 V _   0.011 0.171 0.001 0.050 0.014 0.019 0.216 0.519 
  79 V _   0.011 0.170 0.001 0.049 0.013 0.018 0.214 0.525 
  80 E _   0.011 0.163 0.001 0.044 0.012 0.017 0.213 0.539 
  81 V _   0.011 0.150 0.001 0.038 0.010 0.015 0.213 0.562 
  82 L _   0.011 0.131 0.001 0.030 0.008 0.013 0.214 0.592 
  83 S _   0.010 0.106 0.001 0.022 0.007 0.012 0.215 0.628 
  84 K _   0.009 0.082 0.001 0.015 0.005 0.010 0.216 0.663 
  85 D _   0.008 0.063 0.000 0.009 0.003 0.009 0.216 0.691 
  86 S _   0.007 0.051 0.000 0.006 0.002 0.008 0.216 0.709 
  87 Q _   0.006 0.045 0.000 0.004 0.002 0.007 0.215 0.720 
  88 V _   0.005 0.043 0.000 0.004 0.002 0.007 0.213 0.725 
  89 S _   0.006 0.044 0.000 0.004 0.002 0.008 0.211 0.725 
  90 G _   0.006 0.047 0.000 0.006 0.003 0.009 0.207 0.721 
  91 D _   0.007 0.056 0.000 0.009 0.004 0.011 0.203 0.711 
  92 E _   0.007 0.069 0.001 0.013 0.005 0.013 0.198 0.695 
  93 G _   0.008 0.086 0.001 0.017 0.006 0.014 0.192 0.675 
  94 W _   0.008 0.104 0.001 0.022 0.008 0.016 0.187 0.655 
  95 W _   0.008 0.121 0.001 0.025 0.009 0.017 0.181 0.638 
  96 T _   0.008 0.134 0.001 0.027 0.010 0.018 0.177 0.625 
  97 G _   0.008 0.145 0.001 0.028 0.010 0.018 0.173 0.616 
  98 Q _   0.008 0.153 0.001 0.029 0.011 0.018 0.170 0.610 
  99 L _   0.009 0.158 0.001 0.029 0.011 0.019 0.168 0.606 
 100 N _   0.009 0.161 0.001 0.028 0.011 0.019 0.167 0.605 
 101 Q _   0.010 0.163 0.001 0.027 0.010 0.018 0.166 0.605 
 102 R _   0.010 0.163 0.001 0.026 0.010 0.018 0.166 0.606 
 103 V _   0.011 0.162 0.001 0.025 0.010 0.018 0.166 0.609 
 104 G _   0.011 0.159 0.001 0.024 0.009 0.017 0.166 0.613 
 105 I _   0.011 0.155 0.001 0.022 0.009 0.016 0.167 0.619 
 106 F _   0.011 0.150 0.001 0.021 0.008 0.016 0.168 0.625 
 107 P _   0.011 0.144 0.001 0.020 0.008 0.015 0.170 0.633 
 108 S _   0.011 0.137 0.001 0.019 0.007 0.015 0.171 0.640 
 109 N _   0.010 0.129 0.001 0.018 0.007 0.014 0.173 0.648 
 110 Y _   0.010 0.122 0.001 0.018 0.006 0.013 0.175 0.655 
 111 V _   0.010 0.114 0.001 0.018 0.006 0.013 0.177 0.662 
 112 T _   0.009 0.106 0.001 0.018 0.006 0.012 0.179 0.669 
 113 P _   0.009 0.099 0.001 0.018 0.006 0.012 0.181 0.675 
 114 R _   0.009 0.091 0.001 0.018 0.005 0.011 0.184 0.682 
 115 S _   0.008 0.082 0.001 0.017 0.005 0.011 0.186 0.690 
 116 A _   0.008 0.073 0.001 0.017 0.005 0.010 0.188 0.699 
 117 F _   0.007 0.064 0.001 0.016 0.004 0.009 0.191 0.708 
 118 S _   0.007 0.054 0.001 0.015 0.004 0.009 0.193 0.719 
 119 S _   0.007 0.044 0.000 0.013 0.003 0.008 0.195 0.729 
 120 R _   0.006 0.035 0.000 0.012 0.003 0.007 0.197 0.739 
 121 C _   0.006 0.026 0.000 0.010 0.003 0.007 0.199 0.749 
 122 Q _   0.005 0.019 0.000 0.009 0.002 0.006 0.201 0.758 
 123 P _   0.005 0.013 0.000 0.007 0.002 0.005 0.201 0.767 
 124 G _   0.004 0.008 0.000 0.006 0.002 0.005 0.201 0.774 
 125 G _   0.004 0.005 0.000 0.004 0.001 0.004 0.200 0.780 
 126 E _   0.003 0.004 0.000 0.004 0.001 0.004 0.198 0.785 
 127 D _   0.003 0.003 0.000 0.003 0.001 0.004 0.196 0.789 
 128 P _   0.003 0.002 0.000 0.003 0.001 0.005 0.193 0.792 
 129 S _   0.004 0.002 0.000 0.004 0.001 0.006 0.189 0.794 
 130 C _   0.004 0.002 0.000 0.005 0.002 0.008 0.184 0.794 
 131 Y _   0.005 0.003 0.000 0.007 0.003 0.012 0.178 0.791 
 132 P _   0.006 0.005 0.000 0.011 0.004 0.016 0.171 0.786 
 133 P _   0.008 0.008 0.001 0.016 0.006 0.021 0.163 0.776 
 134 I _   0.010 0.011 0.001 0.022 0.009 0.026 0.155 0.765 
 135 Q _   0.013 0.014 0.001 0.028 0.012 0.032 0.146 0.755 
 136 L _   0.016 0.015 0.001 0.032 0.014 0.037 0.138 0.746 
 137 L _   0.019 0.016 0.001 0.033 0.017 0.042 0.130 0.741 
 138 E _   0.024 0.016 0.001 0.032 0.019 0.046 0.123 0.738 
 139 I _   0.031 0.014 0.002 0.028 0.021 0.050 0.116 0.737 
 140 D _   0.041 0.012 0.001 0.023 0.022 0.054 0.110 0.737 
 141 F _   0.052 0.009 0.001 0.018 0.024 0.057 0.104 0.733 
 142 A _   0.066 0.007 0.002 0.015 0.025 0.061 0.099 0.725 
 143 E _   0.082 0.006 0.002 0.012 0.028 0.064 0.094 0.713 
 144 L _   0.100 0.005 0.002 0.011 0.030 0.066 0.089 0.698 
 145 T _   0.117 0.004 0.002 0.011 0.032 0.067 0.085 0.682 
 146 L _   0.133 0.004 0.002 0.011 0.034 0.068 0.082 0.667 
 147 E _   0.146 0.004 0.002 0.012 0.035 0.067 0.079 0.654 
 148 E _   0.158 0.004 0.002 0.013 0.036 0.065 0.077 0.646 
 149 I _   0.164 0.004 0.002 0.013 0.034 0.063 0.075 0.644 
 150 I _   0.167 0.003 0.002 0.013 0.032 0.059 0.074 0.650 
 151 G _   0.165 0.003 0.002 0.012 0.029 0.056 0.073 0.661 
 152 I _   0.159 0.002 0.002 0.010 0.026 0.052 0.072 0.677 
 153 G _   0.150 0.002 0.001 0.009 0.023 0.049 0.072 0.694 
 154 G _   0.140 0.001 0.001 0.008 0.019 0.046 0.071 0.713 
 155 F _   0.127 0.001 0.001 0.007 0.016 0.043 0.071 0.733 
 156 G _   0.114 0.001 0.001 0.006 0.014 0.040 0.071 0.752 
 157 K _   0.102 0.001 0.001 0.006 0.013 0.038 0.071 0.768 
 158 V _   0.091 0.001 0.001 0.006 0.012 0.037 0.071 0.782 
 159 Y _   0.081 0.002 0.001 0.006 0.011 0.035 0.071 0.793 
 160 R _   0.073 0.002 0.001 0.007 0.011 0.035 0.071 0.800 
 161 A _   0.066 0.004 0.001 0.008 0.012 0.034 0.071 0.804 
 162 F _   0.060 0.007 0.001 0.010 0.013 0.034 0.071 0.804 
 163 W _   0.055 0.011 0.001 0.014 0.014 0.034 0.071 0.801 
 164 I _   0.049 0.016 0.001 0.019 0.016 0.034 0.071 0.794 
 165 G _   0.045 0.022 0.001 0.024 0.017 0.033 0.071 0.786 
 166 D _   0.041 0.027 0.001 0.030 0.018 0.032 0.071 0.779 
 167 E _   0.038 0.031 0.001 0.035 0.018 0.031 0.072 0.774 
 168 V _   0.034 0.033 0.001 0.038 0.017 0.028 0.073 0.776 
 169 A _   0.030 0.033 0.001 0.038 0.015 0.025 0.074 0.783 
 170 V _   0.026 0.032 0.001 0.034 0.013 0.022 0.076 0.796 
 171 K _   0.022 0.028 0.001 0.029 0.010 0.019 0.078 0.814 
 172 A _   0.018 0.023 0.001 0.022 0.007 0.015 0.080 0.834 
 173 A _   0.015 0.016 0.001 0.015 0.005 0.012 0.082 0.854 
 174 R _   0.012 0.011 0.000 0.010 0.003 0.009 0.083 0.872 
 175 H _   0.009 0.006 0.000 0.006 0.002 0.008 0.084 0.884 
 176 D _   0.007 0.004 0.000 0.004 0.002 0.006 0.084 0.893 
 177 P _   0.006 0.003 0.000 0.003 0.001 0.006 0.084 0.897 
 178 D _   0.006 0.003 0.000 0.003 0.001 0.006 0.083 0.899 
 179 E _   0.006 0.003 0.000 0.003 0.002 0.006 0.082 0.898 
 180 D _   0.006 0.004 0.000 0.004 0.002 0.008 0.081 0.895 
 181 I _   0.007 0.007 0.000 0.006 0.003 0.009 0.079 0.889 
 182 S _   0.008 0.011 0.000 0.010 0.004 0.011 0.077 0.880 
 183 Q _   0.008 0.016 0.001 0.014 0.005 0.013 0.074 0.868 
 184 T _   0.009 0.023 0.001 0.018 0.006 0.015 0.072 0.857 
 185 I _   0.009 0.028 0.001 0.021 0.008 0.017 0.069 0.846 
 186 E _   0.010 0.033 0.001 0.024 0.009 0.019 0.067 0.838 
 187 N _   0.010 0.037 0.001 0.026 0.010 0.020 0.064 0.833 
 188 V _   0.011 0.040 0.001 0.027 0.010 0.021 0.062 0.829 
 189 R _   0.011 0.041 0.001 0.027 0.011 0.022 0.060 0.826 
 190 Q _   0.012 0.042 0.001 0.027 0.011 0.023 0.059 0.826 
 191 E _   0.013 0.041 0.001 0.026 0.011 0.023 0.058 0.827 
 192 A _   0.014 0.039 0.001 0.025 0.011 0.023 0.057 0.830 
 193 K _   0.015 0.037 0.001 0.023 0.011 0.023 0.056 0.835 
 194 L _   0.016 0.034 0.001 0.021 0.010 0.022 0.056 0.841 
 195 F _   0.017 0.030 0.001 0.018 0.009 0.022 0.055 0.849 
 196 A _   0.017 0.026 0.001 0.015 0.009 0.021 0.054 0.857 
 197 M _   0.018 0.021 0.001 0.012 0.008 0.021 0.054 0.864 
 198 L _   0.019 0.018 0.001 0.010 0.007 0.021 0.054 0.871 
 199 K _   0.020 0.015 0.001 0.009 0.007 0.021 0.053 0.874 
 200 H _   0.022 0.014 0.001 0.008 0.007 0.022 0.053 0.874 
 201 P _   0.024 0.013 0.001 0.008 0.008 0.023 0.052 0.871 
 202 N _   0.026 0.014 0.001 0.010 0.009 0.025 0.051 0.864 
 203 I _   0.029 0.015 0.001 0.013 0.011 0.027 0.051 0.855 
 204 I _   0.031 0.016 0.001 0.016 0.013 0.028 0.050 0.845 
 205 A _   0.032 0.018 0.001 0.019 0.014 0.029 0.050 0.837 
 206 L _   0.033 0.019 0.001 0.021 0.015 0.029 0.049 0.833 
 207 R _   0.032 0.019 0.001 0.022 0.014 0.029 0.049 0.834 
 208 G _   0.031 0.018 0.001 0.020 0.013 0.028 0.049 0.840 
 209 V _   0.029 0.016 0.001 0.017 0.012 0.027 0.049 0.849 
 210 C _   0.027 0.014 0.001 0.013 0.010 0.025 0.049 0.861 
 211 L _   0.026 0.012 0.001 0.010 0.008 0.024 0.049 0.871 
 212 K _   0.025 0.010 0.001 0.007 0.007 0.024 0.049 0.877 
 213 E _   0.025 0.010 0.001 0.006 0.007 0.024 0.049 0.879 
 214 P _   0.025 0.011 0.001 0.007 0.008 0.025 0.048 0.876 
 215 N _   0.027 0.013 0.001 0.009 0.009 0.027 0.048 0.866 
 216 L _   0.029 0.018 0.001 0.013 0.012 0.029 0.048 0.851 
 217 C _   0.031 0.025 0.001 0.019 0.015 0.030 0.047 0.833 
 218 L _   0.032 0.032 0.001 0.026 0.017 0.031 0.047 0.814 
 219 V _   0.032 0.038 0.001 0.032 0.019 0.031 0.047 0.800 
 220 M _   0.031 0.042 0.001 0.036 0.019 0.030 0.047 0.794 
 221 E _   0.029 0.043 0.001 0.036 0.018 0.028 0.048 0.797 
 222 F _   0.026 0.042 0.001 0.034 0.016 0.025 0.048 0.807 
 223 A _   0.023 0.039 0.001 0.029 0.014 0.023 0.049 0.822 
 224 R _   0.021 0.034 0.001 0.024 0.011 0.020 0.050 0.839 
 225 G _   0.018 0.028 0.001 0.019 0.009 0.018 0.051 0.857 
 226 G _   0.016 0.022 0.001 0.015 0.007 0.016 0.052 0.871 
 227 P _   0.015 0.017 0.001 0.012 0.006 0.014 0.053 0.881 
 228 L _   0.014 0.014 0.001 0.011 0.005 0.013 0.054 0.889 
 229 N _   0.013 0.011 0.001 0.010 0.005 0.012 0.055 0.894 
 230 R _   0.012 0.008 0.001 0.009 0.004 0.012 0.056 0.898 
 231 V _   0.011 0.006 0.000 0.008 0.004 0.011 0.057 0.902 
 232 L _   0.011 0.004 0.000 0.008 0.004 0.011 0.057 0.905 
 233 S _   0.010 0.003 0.000 0.006 0.003 0.010 0.058 0.909 
 234 G _   0.011 0.002 0.000 0.005 0.003 0.011 0.058 0.911 
 235 K _   0.011 0.001 0.000 0.004 0.003 0.011 0.058 0.912 
 236 R _   0.013 0.001 0.000 0.003 0.003 0.013 0.057 0.910 
 237 I _   0.017 0.000 0.000 0.003 0.003 0.015 0.057 0.905 
 238 P _   0.024 0.000 0.000 0.003 0.004 0.019 0.056 0.894 
 239 P _   0.034 0.001 0.001 0.003 0.006 0.025 0.055 0.876 
 240 D _   0.048 0.001 0.001 0.004 0.010 0.034 0.054 0.849 
 241 I _   0.066 0.004 0.001 0.007 0.016 0.043 0.052 0.811 
 242 L _   0.084 0.009 0.002 0.011 0.026 0.054 0.050 0.764 
 243 V _   0.100 0.019 0.002 0.018 0.038 0.063 0.048 0.712 
 244 N _   0.112 0.031 0.003 0.028 0.048 0.069 0.047 0.663 
 245 W _   0.119 0.042 0.003 0.037 0.055 0.071 0.046 0.627 
 246 A _   0.121 0.050 0.003 0.045 0.058 0.071 0.046 0.606 
 247 V _   0.119 0.054 0.003 0.050 0.057 0.069 0.046 0.603 
 248 Q _   0.114 0.055 0.003 0.049 0.053 0.064 0.047 0.616 
 249 I _   0.105 0.052 0.003 0.045 0.046 0.058 0.048 0.644 
 250 A _   0.094 0.045 0.002 0.037 0.037 0.051 0.049 0.684 
 251 R _   0.081 0.034 0.002 0.027 0.028 0.044 0.050 0.733 
 252 G _   0.069 0.022 0.002 0.018 0.019 0.038 0.052 0.781 
 253 M _   0.056 0.012 0.001 0.011 0.013 0.032 0.053 0.822 
 254 N _   0.046 0.006 0.001 0.007 0.008 0.027 0.054 0.851 
 255 Y _   0.037 0.003 0.001 0.005 0.006 0.024 0.055 0.870 
 256 L _   0.031 0.002 0.001 0.004 0.005 0.022 0.055 0.880 
 257 H _   0.028 0.002 0.001 0.004 0.005 0.021 0.055 0.883 
 258 D _   0.027 0.003 0.001 0.006 0.006 0.021 0.055 0.882 
 259 E _   0.026 0.004 0.001 0.009 0.007 0.022 0.055 0.876 
 260 A _   0.026 0.007 0.001 0.013 0.009 0.023 0.055 0.867 
 261 I _   0.026 0.009 0.001 0.017 0.011 0.023 0.055 0.858 
 262 V _   0.025 0.012 0.001 0.021 0.012 0.023 0.055 0.852 
 263 P _   0.024 0.013 0.001 0.023 0.012 0.022 0.055 0.851 
 264 I _   0.022 0.014 0.001 0.022 0.011 0.021 0.055 0.855 
 265 I _   0.020 0.013 0.001 0.019 0.009 0.019 0.055 0.863 
 266 H _   0.018 0.012 0.001 0.015 0.008 0.018 0.055 0.873 
 267 R _   0.016 0.011 0.001 0.011 0.006 0.016 0.055 0.884 
 268 D _   0.014 0.009 0.001 0.008 0.005 0.015 0.055 0.892 
 269 L _   0.013 0.009 0.000 0.007 0.004 0.014 0.055 0.897 
 270 K _   0.013 0.009 0.000 0.007 0.004 0.014 0.055 0.897 
 271 S _   0.013 0.011 0.001 0.008 0.005 0.015 0.055 0.893 
 272 S _   0.014 0.013 0.001 0.012 0.006 0.016 0.055 0.884 
 273 N _   0.014 0.018 0.001 0.017 0.008 0.017 0.054 0.871 
 274 I _   0.015 0.023 0.001 0.024 0.009 0.017 0.054 0.857 
 275 L _   0.015 0.027 0.001 0.030 0.010 0.018 0.054 0.846 
 276 I _   0.014 0.029 0.001 0.033 0.010 0.017 0.054 0.841 
 277 L _   0.013 0.029 0.001 0.033 0.010 0.016 0.054 0.844 
 278 Q _   0.012 0.027 0.001 0.029 0.009 0.014 0.055 0.853 
 279 K _   0.011 0.023 0.001 0.023 0.007 0.012 0.055 0.867 
 280 V _   0.010 0.018 0.001 0.016 0.005 0.010 0.056 0.884 
 281 E _   0.008 0.013 0.000 0.010 0.003 0.009 0.057 0.899 
 282 N _   0.007 0.008 0.000 0.006 0.002 0.008 0.057 0.910 
 283 G _   0.007 0.006 0.000 0.004 0.002 0.007 0.057 0.917 
 284 D _   0.006 0.005 0.000 0.003 0.002 0.008 0.057 0.919 
 285 L _   0.007 0.005 0.000 0.003 0.002 0.009 0.056 0.918 
 286 S _   0.008 0.007 0.000 0.004 0.002 0.011 0.055 0.913 
 287 N _   0.010 0.011 0.000 0.006 0.004 0.014 0.054 0.901 
 288 K _   0.013 0.019 0.001 0.010 0.006 0.018 0.052 0.882 
 289 I _   0.015 0.035 0.001 0.016 0.009 0.023 0.050 0.852 
 290 L _   0.017 0.058 0.001 0.024 0.013 0.027 0.047 0.814 
 291 K _   0.019 0.082 0.001 0.032 0.016 0.030 0.044 0.775 
 292 I _   0.020 0.102 0.002 0.040 0.020 0.033 0.041 0.743 
 293 T _   0.021 0.117 0.002 0.047 0.022 0.034 0.039 0.719 
 294 D _   0.021 0.125 0.002 0.051 0.023 0.035 0.037 0.705 
 295 F _   0.022 0.129 0.002 0.053 0.024 0.035 0.036 0.700 
 296 G _   0.022 0.129 0.002 0.052 0.024 0.034 0.035 0.703 
 297 L _   0.023 0.124 0.002 0.048 0.022 0.033 0.034 0.715 
 298 A _   0.023 0.114 0.002 0.042 0.020 0.031 0.034 0.735 
 299 R _   0.022 0.100 0.001 0.035 0.017 0.029 0.034 0.763 
 300 E _   0.021 0.080 0.001 0.027 0.014 0.027 0.034 0.796 
 301 W _   0.020 0.060 0.001 0.020 0.011 0.025 0.034 0.829 
 302 H _   0.019 0.042 0.001 0.014 0.009 0.023 0.034 0.858 
 303 R _   0.018 0.028 0.001 0.010 0.007 0.022 0.034 0.880 
 304 T _   0.018 0.020 0.001 0.008 0.006 0.021 0.034 0.894 
 305 T _   0.018 0.015 0.001 0.006 0.005 0.021 0.033 0.901 
 306 K _   0.019 0.012 0.001 0.006 0.005 0.022 0.033 0.903 
 307 M _   0.021 0.011 0.001 0.006 0.006 0.024 0.032 0.900 
 308 S _   0.024 0.011 0.001 0.007 0.007 0.026 0.031 0.893 
 309 A _   0.028 0.012 0.001 0.009 0.009 0.029 0.030 0.882 
 310 A _   0.033 0.014 0.001 0.011 0.011 0.032 0.029 0.869 
 311 G _   0.039 0.016 0.001 0.013 0.014 0.036 0.028 0.854 
 312 T _   0.044 0.019 0.001 0.015 0.017 0.039 0.026 0.838 
 313 Y _   0.050 0.022 0.001 0.017 0.020 0.042 0.025 0.822 
 314 A _   0.055 0.024 0.001 0.019 0.023 0.044 0.024 0.808 
 315 W _   0.060 0.027 0.002 0.021 0.025 0.046 0.023 0.796 
 316 M _   0.064 0.029 0.002 0.023 0.027 0.047 0.023 0.787 
 317 A _   0.065 0.030 0.002 0.024 0.028 0.047 0.022 0.781 
 318 P _   0.066 0.032 0.002 0.026 0.028 0.046 0.022 0.778 
 319 E _   0.067 0.032 0.002 0.028 0.027 0.044 0.021 0.779 
 320 V _   0.066 0.032 0.002 0.029 0.026 0.042 0.021 0.784 
 321 I _   0.065 0.030 0.002 0.028 0.023 0.039 0.021 0.793 
 322 R _   0.063 0.027 0.001 0.026 0.020 0.035 0.021 0.807 
 323 A _   0.060 0.022 0.001 0.022 0.016 0.031 0.021 0.826 
 324 S _   0.058 0.016 0.001 0.017 0.013 0.027 0.021 0.847 
 325 M _   0.057 0.010 0.001 0.012 0.009 0.024 0.020 0.867 
 326 F _   0.058 0.005 0.001 0.007 0.007 0.021 0.020 0.882 
 327 S _   0.062 0.002 0.001 0.004 0.005 0.018 0.020 0.889 
 328 K _   0.071 0.001 0.000 0.003 0.004 0.017 0.019 0.885 
 329 G _   0.088 0.000 0.000 0.002 0.004 0.017 0.018 0.871 
 330 S _   0.118 0.000 0.000 0.001 0.004 0.018 0.017 0.841 
 331 D _   0.162 0.000 0.001 0.001 0.006 0.021 0.016 0.793 
 332 V _   0.225 0.000 0.001 0.002 0.009 0.026 0.014 0.723 
 333 W _   0.301 0.000 0.001 0.002 0.015 0.031 0.013 0.637 
 334 S _   0.375 0.000 0.001 0.003 0.023 0.036 0.012 0.550 
 335 Y _   0.440 0.000 0.002 0.004 0.031 0.041 0.011 0.471 
 336 G H   0.492 0.001 0.002 0.005 0.039 0.043 0.010 0.408 
 337 V H   0.529 0.001 0.002 0.007 0.045 0.044 0.010 0.363 
 338 L H   0.549 0.002 0.002 0.008 0.048 0.044 0.010 0.337 
 339 L H   0.553 0.002 0.002 0.009 0.049 0.042 0.010 0.332 
 340 W H   0.544 0.002 0.002 0.009 0.048 0.040 0.011 0.343 
 341 E H   0.520 0.002 0.002 0.009 0.044 0.037 0.012 0.373 
 342 L H   0.482 0.001 0.002 0.008 0.037 0.034 0.013 0.421 
 343 L _   0.431 0.001 0.002 0.007 0.029 0.031 0.015 0.485 
 344 T _   0.373 0.001 0.002 0.005 0.021 0.027 0.016 0.556 
 345 G _   0.315 0.000 0.001 0.004 0.014 0.024 0.018 0.624 
 346 E _   0.266 0.000 0.001 0.003 0.009 0.021 0.019 0.681 
 347 V _   0.228 0.000 0.001 0.002 0.006 0.019 0.020 0.724 
 348 P _   0.202 0.000 0.001 0.001 0.005 0.019 0.021 0.751 
 349 F _   0.189 0.000 0.000 0.001 0.004 0.019 0.022 0.764 
 350 R _   0.186 0.000 0.001 0.001 0.005 0.022 0.022 0.763 
 351 G _   0.194 0.000 0.001 0.002 0.006 0.026 0.023 0.750 
 352 I _   0.209 0.000 0.001 0.002 0.009 0.031 0.023 0.724 
 353 D _   0.230 0.000 0.001 0.003 0.015 0.038 0.023 0.689 
 354 G _   0.254 0.001 0.001 0.005 0.023 0.045 0.024 0.647 
 355 L _   0.275 0.003 0.002 0.009 0.032 0.051 0.025 0.604 
 356 A _   0.292 0.006 0.002 0.013 0.041 0.056 0.026 0.565 
 357 V _   0.301 0.010 0.002 0.018 0.047 0.058 0.028 0.536 
 358 A _   0.300 0.013 0.003 0.023 0.051 0.059 0.030 0.522 
 359 Y _   0.291 0.015 0.003 0.026 0.051 0.057 0.032 0.525 
 360 G _   0.275 0.016 0.003 0.026 0.049 0.054 0.035 0.542 
 361 V _   0.253 0.015 0.003 0.025 0.044 0.050 0.039 0.571 
 362 A _   0.225 0.014 0.002 0.023 0.037 0.046 0.043 0.610 
 363 M _   0.193 0.012 0.002 0.020 0.030 0.041 0.047 0.655 
 364 N _   0.160 0.009 0.002 0.017 0.022 0.035 0.052 0.704 
 365 K _   0.128 0.007 0.001 0.014 0.016 0.030 0.056 0.749 
 366 L _   0.099 0.005 0.001 0.011 0.011 0.025 0.060 0.788 
 367 A _   0.074 0.004 0.001 0.009 0.008 0.020 0.064 0.820 
 368 L _   0.054 0.003 0.001 0.007 0.005 0.017 0.067 0.846 
 369 P _   0.039 0.002 0.000 0.005 0.004 0.014 0.069 0.865 
 370 I _   0.029 0.002 0.000 0.004 0.003 0.012 0.071 0.878 
 371 P _   0.021 0.002 0.000 0.004 0.003 0.011 0.073 0.885 
 372 S _   0.017 0.003 0.000 0.004 0.003 0.011 0.074 0.888 
 373 T _   0.014 0.005 0.000 0.005 0.003 0.012 0.074 0.886 
 374 C _   0.013 0.008 0.000 0.007 0.004 0.013 0.075 0.879 
 375 P _   0.013 0.016 0.001 0.011 0.005 0.015 0.075 0.865 
 376 E _   0.013 0.027 0.001 0.018 0.007 0.017 0.074 0.843 
 377 P _   0.013 0.042 0.001 0.026 0.009 0.018 0.074 0.817 
 378 F _   0.013 0.056 0.001 0.034 0.011 0.019 0.074 0.792 
 379 A _   0.013 0.067 0.001 0.041 0.012 0.019 0.074 0.773 
 380 K _   0.013 0.073 0.001 0.045 0.012 0.018 0.075 0.762 
 381 L _   0.012 0.076 0.001 0.045 0.011 0.017 0.077 0.760 
 382 M _   0.011 0.075 0.001 0.042 0.010 0.016 0.079 0.766 
 383 E _   0.010 0.070 0.001 0.036 0.009 0.014 0.081 0.779 
 384 D _   0.009 0.062 0.001 0.028 0.007 0.012 0.084 0.797 
 385 C _   0.009 0.052 0.001 0.020 0.005 0.010 0.087 0.817 
 386 W _   0.008 0.041 0.000 0.013 0.004 0.009 0.090 0.835 
 387 N _   0.007 0.033 0.000 0.009 0.003 0.007 0.092 0.850 
 388 P _   0.006 0.027 0.000 0.006 0.002 0.007 0.094 0.859 
 389 D _   0.005 0.024 0.000 0.004 0.002 0.006 0.095 0.863 
 390 P _   0.005 0.024 0.000 0.004 0.001 0.006 0.095 0.864 
 391 H _   0.005 0.025 0.000 0.004 0.002 0.007 0.094 0.862 
 392 S _   0.006 0.030 0.000 0.005 0.002 0.009 0.093 0.854 
 393 R _   0.007 0.040 0.000 0.008 0.003 0.012 0.091 0.839 
 394 P _   0.008 0.060 0.001 0.012 0.005 0.015 0.089 0.812 
 395 S _   0.010 0.094 0.001 0.017 0.007 0.018 0.085 0.769 
 396 F _   0.011 0.147 0.001 0.022 0.010 0.021 0.080 0.709 
 397 T _   0.011 0.215 0.002 0.028 0.013 0.022 0.074 0.636 
 398 N _   0.011 0.289 0.002 0.032 0.015 0.023 0.068 0.560 
 399 I _   0.011 0.361 0.002 0.034 0.016 0.024 0.063 0.490 
 400 L _   0.010 0.422 0.002 0.034 0.016 0.023 0.060 0.433 
 401 D E   0.010 0.471 0.001 0.034 0.016 0.023 0.057 0.388 
 402 Q E   0.010 0.508 0.001 0.034 0.016 0.022 0.055 0.355 
 403 L E   0.010 0.536 0.001 0.033 0.015 0.021 0.053 0.330 
 404 T E   0.010 0.556 0.001 0.033 0.015 0.021 0.053 0.312 
 405 T E   0.010 0.569 0.001 0.033 0.014 0.020 0.052 0.301 
 406 I E   0.010 0.577 0.001 0.034 0.014 0.019 0.052 0.293 
 407 E E   0.010 0.580 0.001 0.035 0.013 0.018 0.053 0.290 
 408 E E   0.010 0.577 0.001 0.035 0.013 0.017 0.054 0.292 
 409 S E   0.010 0.569 0.001 0.035 0.012 0.016 0.056 0.300 
 410 G E   0.011 0.552 0.001 0.035 0.012 0.016 0.058 0.315 
 411 F E   0.011 0.523 0.001 0.035 0.011 0.015 0.061 0.342 
 412 F E   0.011 0.479 0.001 0.033 0.011 0.014 0.066 0.384 
 413 E _   0.011 0.416 0.002 0.031 0.011 0.014 0.072 0.442 
 414 M _   0.012 0.341 0.002 0.028 0.010 0.014 0.080 0.515 
 415 P _   0.012 0.264 0.001 0.023 0.008 0.013 0.088 0.591 
 416 K _   0.011 0.196 0.001 0.018 0.007 0.012 0.096 0.659 
 417 D _   0.010 0.146 0.001 0.013 0.005 0.011 0.103 0.712 
 418 S _   0.009 0.113 0.001 0.010 0.004 0.010 0.108 0.747 
 419 F _   0.007 0.094 0.000 0.007 0.003 0.009 0.112 0.769 
 420 H _   0.006 0.083 0.000 0.006 0.002 0.008 0.114 0.781 
 421 C _   0.005 0.078 0.000 0.005 0.002 0.007 0.115 0.787 
 422 L _   0.005 0.076 0.000 0.006 0.002 0.007 0.116 0.788 
 423 Q _   0.005 0.076 0.000 0.006 0.002 0.008 0.116 0.785 
 424 D _   0.005 0.079 0.000 0.008 0.003 0.009 0.116 0.779 
 425 N _   0.006 0.085 0.000 0.011 0.003 0.010 0.116 0.770 
 426 W _   0.006 0.093 0.001 0.014 0.004 0.011 0.115 0.756 
 427 K _   0.006 0.103 0.001 0.019 0.005 0.012 0.115 0.739 
 428 H _   0.007 0.113 0.001 0.024 0.007 0.013 0.114 0.721 
 429 E _   0.007 0.122 0.001 0.029 0.008 0.014 0.114 0.705 
 430 I _   0.008 0.129 0.001 0.033 0.008 0.014 0.115 0.692 
 431 Q _   0.008 0.132 0.001 0.035 0.009 0.015 0.116 0.685 
 432 E _   0.008 0.131 0.001 0.036 0.009 0.014 0.118 0.683 
 433 M _   0.008 0.128 0.001 0.034 0.008 0.013 0.121 0.687 
 434 F _   0.008 0.120 0.001 0.029 0.007 0.013 0.124 0.698 
 435 D _   0.008 0.109 0.001 0.024 0.006 0.011 0.128 0.712 
 436 Q _   0.008 0.094 0.001 0.019 0.005 0.010 0.132 0.730 
 437 L _   0.007 0.079 0.001 0.014 0.004 0.009 0.136 0.749 
 438 R _   0.007 0.066 0.000 0.010 0.003 0.009 0.140 0.764 
 439 A _   0.006 0.057 0.000 0.007 0.003 0.008 0.143 0.775 
 440 K _   0.006 0.051 0.000 0.006 0.002 0.008 0.146 0.781 
 441 E _   0.006 0.049 0.000 0.005 0.002 0.008 0.147 0.783 
 442 K _   0.006 0.049 0.000 0.005 0.002 0.008 0.148 0.781 
 443 E _   0.006 0.050 0.000 0.007 0.003 0.009 0.149 0.775 
 444 L _   0.007 0.055 0.000 0.009 0.003 0.011 0.150 0.765 
 445 R _   0.008 0.061 0.001 0.012 0.005 0.012 0.150 0.752 
 446 T _   0.008 0.070 0.001 0.017 0.006 0.013 0.150 0.735 
 447 W _   0.009 0.080 0.001 0.023 0.007 0.015 0.150 0.716 
 448 E _   0.009 0.089 0.001 0.028 0.008 0.015 0.151 0.699 
 449 E _   0.009 0.095 0.001 0.033 0.009 0.016 0.152 0.684 
 450 E _   0.010 0.098 0.001 0.036 0.010 0.016 0.154 0.675 
 451 L _   0.010 0.098 0.001 0.037 0.010 0.016 0.157 0.671 
 452 T _   0.010 0.095 0.001 0.035 0.009 0.015 0.161 0.674 
 453 R _   0.010 0.089 0.001 0.031 0.008 0.014 0.166 0.681 
 454 A _   0.009 0.079 0.001 0.027 0.007 0.012 0.172 0.692 
 455 A _   0.009 0.066 0.001 0.021 0.006 0.011 0.179 0.707 
 456 L _   0.009 0.052 0.001 0.016 0.005 0.010 0.185 0.723 
 457 Q _   0.008 0.038 0.001 0.012 0.004 0.009 0.192 0.737 
 458 Q _   0.008 0.026 0.000 0.009 0.003 0.008 0.198 0.748 
 459 K _   0.007 0.018 0.000 0.007 0.002 0.007 0.203 0.755 
 460 N _   0.006 0.013 0.000 0.006 0.002 0.006 0.207 0.758 
 461 Q _   0.006 0.010 0.000 0.006 0.002 0.006 0.211 0.759 
 462 E _   0.006 0.008 0.000 0.006 0.002 0.006 0.214 0.759 
 463 E _   0.006 0.006 0.000 0.006 0.002 0.006 0.216 0.758 
 464 L _   0.005 0.005 0.000 0.006 0.002 0.006 0.218 0.757 
 465 L _   0.005 0.005 0.000 0.006 0.002 0.006 0.219 0.756 
 466 R _   0.005 0.004 0.000 0.007 0.002 0.006 0.220 0.756 
 467 R _   0.005 0.004 0.000 0.007 0.002 0.007 0.220 0.756 
 468 R _   0.004 0.003 0.000 0.007 0.002 0.007 0.220 0.756 
 469 E _   0.004 0.003 0.000 0.007 0.002 0.008 0.220 0.756 
 470 Q _   0.005 0.003 0.000 0.007 0.002 0.008 0.220 0.755 
 471 E _   0.005 0.002 0.000 0.007 0.003 0.010 0.220 0.753 
 472 L _   0.007 0.002 0.000 0.007 0.003 0.011 0.220 0.750 
 473 A _   0.008 0.002 0.000 0.007 0.003 0.013 0.219 0.746 
 474 E _   0.011 0.002 0.000 0.007 0.004 0.016 0.219 0.741 
 475 R _   0.015 0.003 0.001 0.007 0.005 0.019 0.218 0.732 
 476 E _   0.021 0.003 0.001 0.008 0.006 0.023 0.217 0.721 
 477 I _   0.031 0.004 0.001 0.008 0.008 0.028 0.216 0.705 
 478 D _   0.043 0.004 0.001 0.008 0.011 0.034 0.215 0.684 
 479 I _   0.058 0.006 0.001 0.009 0.015 0.040 0.215 0.657 
 480 L _   0.075 0.008 0.001 0.010 0.020 0.046 0.215 0.625 
 481 E _   0.094 0.011 0.002 0.011 0.027 0.051 0.215 0.590 
 482 R _   0.111 0.015 0.002 0.013 0.033 0.056 0.216 0.555 
 483 E _   0.124 0.021 0.002 0.016 0.038 0.059 0.218 0.522 
 484 L _   0.132 0.028 0.002 0.021 0.042 0.059 0.221 0.495 
 485 N _   0.136 0.035 0.002 0.026 0.044 0.058 0.226 0.474 
 486 I _   0.135 0.040 0.002 0.032 0.043 0.055 0.231 0.462 
 487 I _   0.129 0.044 0.002 0.036 0.040 0.051 0.239 0.459 
 488 I _   0.119 0.045 0.002 0.038 0.036 0.046 0.248 0.466 
 489 H _   0.104 0.044 0.002 0.037 0.030 0.040 0.259 0.484 
 490 Q _   0.088 0.040 0.002 0.034 0.023 0.034 0.271 0.510 
 491 L _   0.069 0.033 0.001 0.028 0.017 0.027 0.283 0.542 
 492 C _   0.052 0.024 0.001 0.020 0.011 0.021 0.295 0.576 
 493 Q _   0.038 0.015 0.001 0.013 0.007 0.015 0.306 0.606 
 494 E _   0.026 0.009 0.000 0.008 0.004 0.011 0.314 0.627 
 495 K _   0.018 0.005 0.000 0.005 0.002 0.008 0.320 0.641 
 496 P _   0.012 0.003 0.000 0.003 0.002 0.006 0.325 0.649 
 497 R _   0.008 0.002 0.000 0.003 0.001 0.005 0.328 0.652 
 498 V _   0.006 0.002 0.000 0.003 0.001 0.005 0.330 0.653 
 499 K _   0.005 0.002 0.000 0.003 0.001 0.005 0.332 0.652 
 500 K _   0.005 0.003 0.000 0.004 0.001 0.005 0.332 0.650 
 501 R _   0.004 0.004 0.000 0.006 0.002 0.005 0.332 0.646 
 502 K _   0.004 0.006 0.000 0.008 0.002 0.006 0.332 0.641 
 503 G _   0.004 0.008 0.000 0.010 0.003 0.007 0.331 0.637 
 504 K _   0.004 0.010 0.000 0.013 0.003 0.007 0.330 0.632 
 505 F _   0.004 0.013 0.000 0.015 0.003 0.007 0.329 0.629 
 506 R _   0.004 0.014 0.000 0.016 0.003 0.007 0.329 0.626 
 507 K _   0.004 0.015 0.000 0.016 0.003 0.007 0.329 0.626 
 508 S _   0.004 0.015 0.000 0.015 0.003 0.007 0.329 0.626 
 509 R _   0.004 0.015 0.000 0.014 0.003 0.007 0.330 0.627 
 510 L _   0.004 0.015 0.000 0.012 0.003 0.006 0.332 0.628 
 511 K _   0.004 0.014 0.000 0.011 0.003 0.006 0.333 0.629 
 512 L _   0.004 0.013 0.000 0.010 0.002 0.006 0.335 0.630 
 513 K _   0.004 0.012 0.000 0.008 0.002 0.006 0.337 0.630 
 514 D _   0.004 0.012 0.000 0.007 0.002 0.005 0.339 0.630 
 515 G _   0.004 0.011 0.000 0.007 0.002 0.005 0.340 0.630 
 516 N _   0.004 0.011 0.000 0.006 0.002 0.005 0.341 0.630 
 517 R _   0.004 0.012 0.000 0.006 0.002 0.006 0.342 0.629 
 518 I _   0.004 0.012 0.000 0.006 0.002 0.006 0.342 0.628 
 519 S _   0.004 0.013 0.000 0.006 0.002 0.006 0.342 0.626 
 520 L _   0.004 0.015 0.000 0.006 0.002 0.007 0.342 0.624 
 521 P _   0.005 0.017 0.000 0.007 0.002 0.007 0.341 0.621 
 522 S _   0.005 0.020 0.000 0.008 0.003 0.008 0.340 0.616 
 523 D _   0.005 0.025 0.000 0.010 0.004 0.009 0.338 0.609 
 524 F _   0.006 0.031 0.000 0.012 0.004 0.010 0.337 0.600 
 525 Q _   0.006 0.037 0.001 0.014 0.005 0.011 0.335 0.591 
 526 H _   0.006 0.044 0.001 0.017 0.006 0.011 0.334 0.581 
 527 K _   0.006 0.050 0.001 0.020 0.006 0.012 0.333 0.572 
 528 F _   0.006 0.055 0.001 0.021 0.006 0.012 0.333 0.566 
 529 T _   0.006 0.059 0.001 0.022 0.006 0.012 0.333 0.562 
 530 V _   0.006 0.060 0.001 0.022 0.006 0.011 0.334 0.560 
 531 Q _   0.006 0.061 0.001 0.021 0.006 0.011 0.335 0.561 
 532 A _   0.005 0.061 0.001 0.019 0.005 0.010 0.337 0.563 
 533 S _   0.005 0.059 0.001 0.017 0.005 0.010 0.339 0.566 
 534 P _   0.005 0.058 0.000 0.015 0.004 0.009 0.341 0.568 
 535 T _   0.005 0.056 0.000 0.014 0.004 0.009 0.343 0.568 
 536 M _   0.005 0.055 0.000 0.014 0.004 0.009 0.346 0.567 
 537 D _   0.005 0.053 0.000 0.014 0.004 0.009 0.349 0.565 
 538 K _   0.005 0.052 0.000 0.015 0.004 0.009 0.353 0.561 
 539 R _   0.006 0.050 0.001 0.016 0.004 0.009 0.357 0.558 
 540 K _   0.006 0.048 0.001 0.016 0.004 0.008 0.361 0.557 
 541 S _   0.005 0.045 0.000 0.015 0.004 0.008 0.365 0.557 
 542 L _   0.005 0.041 0.000 0.014 0.004 0.007 0.370 0.559 
 543 I _   0.005 0.037 0.000 0.012 0.003 0.007 0.375 0.562 
 544 N _   0.005 0.032 0.000 0.009 0.003 0.006 0.379 0.566 
 545 S _   0.004 0.028 0.000 0.007 0.002 0.006 0.384 0.569 
 546 R _   0.004 0.024 0.000 0.005 0.002 0.005 0.388 0.572 
 547 S _   0.004 0.022 0.000 0.004 0.001 0.005 0.391 0.573 
 548 S _   0.004 0.021 0.000 0.003 0.001 0.005 0.393 0.572 
 549 P _   0.004 0.022 0.000 0.003 0.002 0.006 0.394 0.569 
 550 P _   0.004 0.024 0.000 0.004 0.002 0.008 0.395 0.562 
 551 A _   0.006 0.030 0.000 0.006 0.003 0.010 0.395 0.551 
 552 S _   0.007 0.041 0.001 0.009 0.004 0.012 0.394 0.531 
 553 P _   0.008 0.063 0.001 0.015 0.007 0.015 0.392 0.500 
 554 T _   0.009 0.094 0.001 0.021 0.010 0.018 0.390 0.458 
 555 I _   0.009 0.132 0.001 0.029 0.012 0.019 0.387 0.410 
 556 I X   0.009 0.168 0.001 0.037 0.014 0.020 0.385 0.365 
 557 P X   0.008 0.197 0.001 0.044 0.015 0.021 0.385 0.329 
 558 R X   0.008 0.216 0.001 0.049 0.016 0.020 0.386 0.303 
 559 L X   0.008 0.227 0.001 0.053 0.016 0.020 0.389 0.286 
 560 R X   0.007 0.232 0.001 0.054 0.015 0.019 0.394 0.277 
 561 A X   0.007 0.231 0.001 0.053 0.015 0.018 0.402 0.274 
 562 I X   0.007 0.225 0.001 0.050 0.013 0.016 0.411 0.276 
 563 Q X   0.007 0.213 0.001 0.044 0.012 0.015 0.423 0.285 
 564 L X   0.007 0.193 0.001 0.037 0.010 0.014 0.439 0.299 
 565 T X   0.007 0.166 0.001 0.030 0.009 0.012 0.457 0.317 
 566 P X   0.007 0.135 0.001 0.024 0.008 0.011 0.478 0.337 
 567 G X   0.006 0.104 0.001 0.019 0.006 0.010 0.498 0.355 
 568 E X   0.006 0.078 0.001 0.014 0.005 0.009 0.518 0.368 
 569 S X   0.006 0.059 0.001 0.011 0.004 0.009 0.536 0.375 
 570 S X   0.005 0.046 0.000 0.009 0.003 0.008 0.552 0.376 
 571 K X   0.005 0.037 0.000 0.008 0.003 0.007 0.566 0.373 
 572 T X   0.005 0.031 0.000 0.008 0.002 0.007 0.578 0.369 
 573 W X   0.004 0.027 0.000 0.008 0.002 0.006 0.589 0.363 
 574 G X   0.004 0.024 0.000 0.008 0.002 0.006 0.600 0.356 
 575 R X   0.004 0.021 0.000 0.009 0.002 0.006 0.609 0.349 
 576 S X   0.004 0.019 0.000 0.009 0.002 0.006 0.619 0.342 
 577 S X   0.003 0.016 0.000 0.008 0.002 0.005 0.628 0.337 
 578 V X   0.003 0.014 0.000 0.008 0.002 0.005 0.636 0.331 
 579 V X   0.003 0.012 0.000 0.007 0.002 0.004 0.644 0.327 
 580 P X   0.003 0.010 0.000 0.007 0.002 0.004 0.652 0.322 
 581 K X   0.003 0.009 0.000 0.006 0.001 0.004 0.659 0.318 
 582 E X   0.003 0.007 0.000 0.005 0.001 0.004 0.666 0.314 
 583 E X   0.003 0.006 0.000 0.005 0.001 0.003 0.671 0.311 
 584 G X   0.003 0.005 0.000 0.004 0.001 0.003 0.676 0.308 
 585 E X   0.002 0.004 0.000 0.004 0.001 0.003 0.680 0.305 
 586 E X   0.002 0.004 0.000 0.003 0.001 0.003 0.683 0.304 
 587 E X   0.002 0.003 0.000 0.003 0.001 0.003 0.684 0.303 
 588 E X   0.002 0.003 0.000 0.003 0.001 0.002 0.685 0.303 
 589 K X   0.002 0.003 0.000 0.003 0.001 0.002 0.685 0.304 
 590 R X   0.002 0.003 0.000 0.002 0.001 0.002 0.685 0.305 
 591 A X   0.002 0.004 0.000 0.002 0.001 0.002 0.683 0.306 
 592 P X   0.002 0.004 0.000 0.003 0.001 0.003 0.681 0.307 
 593 K X   0.002 0.006 0.000 0.003 0.001 0.003 0.678 0.308 
 594 K X   0.002 0.008 0.000 0.004 0.001 0.004 0.674 0.308 
 595 K X   0.002 0.010 0.000 0.005 0.001 0.004 0.669 0.308 
 596 G X   0.002 0.014 0.000 0.007 0.002 0.005 0.664 0.306 
 597 R X   0.002 0.019 0.000 0.009 0.002 0.005 0.658 0.304 
 598 T X   0.002 0.024 0.000 0.011 0.003 0.006 0.653 0.301 
 599 W X   0.002 0.028 0.000 0.013 0.003 0.006 0.648 0.298 
 600 G X   0.002 0.032 0.000 0.015 0.003 0.006 0.644 0.296 
 601 P X   0.003 0.035 0.000 0.017 0.003 0.007 0.641 0.294 
 602 G X   0.003 0.038 0.000 0.018 0.004 0.007 0.639 0.292 
 603 T X   0.003 0.039 0.000 0.018 0.003 0.007 0.638 0.292 
 604 L X   0.003 0.039 0.000 0.018 0.003 0.006 0.638 0.293 
 605 G X   0.003 0.038 0.000 0.017 0.003 0.006 0.638 0.294 
 606 Q X   0.003 0.036 0.000 0.016 0.003 0.006 0.640 0.296 
 607 K X   0.003 0.034 0.000 0.014 0.003 0.005 0.642 0.299 
 608 E X   0.003 0.030 0.000 0.012 0.002 0.005 0.645 0.303 
 609 L X   0.003 0.026 0.000 0.010 0.002 0.005 0.648 0.307 
 610 A X   0.003 0.022 0.000 0.008 0.002 0.004 0.650 0.310 
 611 S X   0.003 0.018 0.000 0.006 0.001 0.004 0.653 0.314 
 612 G X   0.003 0.015 0.000 0.005 0.001 0.003 0.655 0.318 
 613 D X   0.003 0.012 0.000 0.004 0.001 0.003 0.656 0.321 
 614 E X   0.002 0.010 0.000 0.003 0.001 0.003 0.656 0.324 
 615 G X   0.002 0.009 0.000 0.003 0.001 0.003 0.655 0.327 
 616 S X   0.002 0.008 0.000 0.003 0.001 0.003 0.654 0.330 
 617 P X   0.002 0.008 0.000 0.003 0.001 0.003 0.651 0.333 
 618 Q X   0.002 0.008 0.000 0.003 0.001 0.003 0.648 0.335 
 619 R X   0.002 0.008 0.000 0.004 0.001 0.003 0.643 0.339 
 620 R X   0.002 0.009 0.000 0.005 0.001 0.004 0.638 0.342 
 621 E X   0.002 0.010 0.000 0.006 0.001 0.004 0.631 0.345 
 622 K X   0.002 0.012 0.000 0.007 0.002 0.004 0.624 0.349 
 623 A X   0.002 0.014 0.000 0.007 0.002 0.005 0.616 0.354 
 624 N X   0.002 0.016 0.000 0.008 0.002 0.005 0.607 0.359 
 625 G X   0.002 0.019 0.000 0.008 0.002 0.005 0.598 0.366 
 626 L X   0.002 0.021 0.000 0.008 0.002 0.005 0.588 0.372 
 627 S X   0.002 0.024 0.000 0.008 0.002 0.006 0.578 0.379 
 628 T X   0.002 0.028 0.000 0.008 0.002 0.006 0.567 0.386 
 629 P X   0.003 0.033 0.000 0.008 0.002 0.007 0.555 0.391 
 630 S X   0.003 0.041 0.000 0.010 0.003 0.008 0.542 0.393 
 631 E X   0.004 0.052 0.001 0.012 0.004 0.010 0.527 0.391 
 632 S X   0.004 0.070 0.001 0.016 0.006 0.012 0.510 0.383 
 633 P X   0.005 0.095 0.001 0.021 0.007 0.014 0.490 0.367 
 634 H X   0.005 0.127 0.001 0.027 0.009 0.015 0.469 0.345 
 635 F X   0.005 0.161 0.001 0.033 0.011 0.016 0.450 0.323 
 636 H X   0.005 0.190 0.001 0.038 0.011 0.016 0.434 0.304 
 637 L X   0.005 0.210 0.001 0.042 0.011 0.016 0.422 0.293 
 638 G X   0.005 0.222 0.001 0.044 0.011 0.015 0.413 0.288 
 639 L X   0.005 0.229 0.001 0.044 0.011 0.015 0.407 0.289 
 640 K X   0.005 0.230 0.001 0.043 0.010 0.014 0.403 0.294 
 641 S X   0.005 0.227 0.001 0.040 0.009 0.013 0.400 0.304 
 642 L X   0.006 0.219 0.001 0.035 0.009 0.012 0.399 0.319 
 643 V X   0.006 0.207 0.001 0.031 0.008 0.011 0.399 0.338 
 644 D X   0.006 0.189 0.001 0.026 0.007 0.011 0.401 0.360 
 645 G X   0.006 0.168 0.001 0.021 0.006 0.010 0.403 0.386 
 646 Y _   0.006 0.145 0.001 0.017 0.005 0.009 0.405 0.412 
 647 K _   0.006 0.122 0.001 0.013 0.004 0.008 0.408 0.437 
 648 Q _   0.006 0.104 0.000 0.011 0.003 0.008 0.410 0.459 
 649 W _   0.005 0.089 0.000 0.009 0.003 0.007 0.411 0.476 
 650 S _   0.005 0.080 0.000 0.007 0.002 0.006 0.412 0.487 
 651 S _   0.004 0.073 0.000 0.007 0.002 0.006 0.412 0.496 
 652 S _   0.004 0.069 0.000 0.006 0.002 0.006 0.411 0.501 
 653 A _   0.004 0.066 0.000 0.007 0.002 0.006 0.410 0.505 
 654 P _   0.004 0.065 0.000 0.007 0.002 0.006 0.408 0.508 
 655 N _   0.004 0.064 0.000 0.007 0.002 0.006 0.406 0.511 
 656 L _   0.004 0.064 0.000 0.007 0.002 0.006 0.404 0.514 
 657 V _   0.004 0.065 0.000 0.007 0.002 0.006 0.401 0.517 
 658 K _   0.004 0.066 0.000 0.006 0.002 0.006 0.397 0.519 
 659 G _   0.004 0.068 0.000 0.006 0.002 0.007 0.393 0.521 
 660 P _   0.004 0.071 0.000 0.007 0.002 0.008 0.388 0.520 
 661 R _   0.004 0.077 0.000 0.008 0.003 0.009 0.382 0.516 
 662 S _   0.005 0.088 0.001 0.010 0.004 0.011 0.375 0.505 
 663 S _   0.006 0.108 0.001 0.015 0.006 0.014 0.367 0.484 
