#TopoPred_TM8: 8-state transmembrane topology prediction results by no_profile mode 
#probabilities are in the order of H E C I L F X _, the 8 transmembrane topology types used in PDBTM 
   1 M X   0.012 0.001 0.002 0.054 0.009 0.009 0.728 0.185 
   2 R X   0.004 0.001 0.000 0.031 0.002 0.004 0.748 0.210 
   3 K X   0.001 0.000 0.000 0.016 0.001 0.003 0.752 0.227 
   4 G X   0.001 0.000 0.000 0.011 0.000 0.003 0.749 0.236 
   5 V X   0.001 0.000 0.000 0.010 0.001 0.003 0.742 0.242 
   6 L X   0.002 0.001 0.000 0.010 0.001 0.005 0.732 0.250 
   7 K X   0.002 0.001 0.000 0.011 0.001 0.006 0.722 0.256 
   8 D X   0.003 0.002 0.000 0.013 0.002 0.007 0.709 0.264 
   9 P X   0.003 0.003 0.000 0.016 0.003 0.008 0.694 0.273 
  10 E X   0.003 0.004 0.000 0.019 0.003 0.008 0.679 0.283 
  11 I X   0.003 0.005 0.000 0.020 0.004 0.008 0.664 0.295 
  12 A X   0.003 0.005 0.000 0.020 0.004 0.008 0.651 0.308 
  13 D X   0.003 0.005 0.000 0.018 0.003 0.008 0.639 0.324 
  14 L X   0.003 0.005 0.000 0.014 0.003 0.007 0.627 0.341 
  15 F X   0.003 0.004 0.000 0.010 0.002 0.007 0.616 0.358 
  16 Y X   0.003 0.003 0.000 0.007 0.002 0.006 0.604 0.375 
  17 K X   0.003 0.003 0.000 0.005 0.002 0.007 0.592 0.389 
  18 D X   0.003 0.003 0.000 0.004 0.002 0.008 0.578 0.403 
  19 D X   0.004 0.003 0.000 0.004 0.002 0.010 0.563 0.414 
  20 P X   0.006 0.005 0.000 0.005 0.003 0.013 0.545 0.423 
  21 E X   0.008 0.010 0.001 0.008 0.006 0.018 0.523 0.427 
  22 E X   0.011 0.021 0.001 0.014 0.010 0.025 0.496 0.423 
  23 L X   0.014 0.041 0.002 0.022 0.015 0.032 0.463 0.410 
  24 F X   0.017 0.066 0.002 0.032 0.020 0.037 0.431 0.394 
  25 I X   0.019 0.091 0.002 0.041 0.025 0.041 0.401 0.380 
  26 G X   0.021 0.109 0.002 0.046 0.027 0.044 0.376 0.375 
  27 L _   0.022 0.121 0.002 0.047 0.028 0.046 0.355 0.378 
  28 H _   0.024 0.127 0.002 0.045 0.029 0.047 0.338 0.388 
  29 E _   0.026 0.130 0.002 0.039 0.028 0.047 0.323 0.404 
  30 I _   0.028 0.130 0.002 0.033 0.027 0.047 0.310 0.423 
  31 G _   0.030 0.129 0.002 0.028 0.026 0.047 0.299 0.441 
  32 H _   0.031 0.127 0.001 0.024 0.025 0.046 0.289 0.457 
  33 G _   0.032 0.125 0.001 0.023 0.024 0.045 0.280 0.469 
  34 S _   0.033 0.125 0.001 0.023 0.023 0.044 0.272 0.479 
  35 F _   0.033 0.125 0.001 0.024 0.022 0.042 0.265 0.488 
  36 G _   0.032 0.124 0.001 0.026 0.021 0.039 0.259 0.498 
  37 A _   0.030 0.121 0.001 0.027 0.019 0.036 0.254 0.510 
  38 V _   0.028 0.117 0.001 0.027 0.017 0.033 0.249 0.527 
  39 Y _   0.026 0.110 0.001 0.025 0.015 0.030 0.245 0.548 
  40 F _   0.023 0.101 0.001 0.021 0.013 0.026 0.241 0.574 
  41 A _   0.020 0.090 0.001 0.017 0.010 0.023 0.238 0.601 
  42 T _   0.018 0.079 0.001 0.012 0.008 0.021 0.235 0.627 
  43 N _   0.015 0.071 0.001 0.010 0.006 0.019 0.231 0.647 
  44 A _   0.014 0.066 0.001 0.008 0.005 0.018 0.228 0.660 
  45 H _   0.013 0.064 0.001 0.008 0.005 0.018 0.224 0.667 
  46 T _   0.013 0.065 0.001 0.009 0.006 0.018 0.221 0.668 
  47 S _   0.013 0.068 0.001 0.012 0.007 0.018 0.217 0.664 
  48 E _   0.013 0.074 0.001 0.017 0.008 0.019 0.212 0.655 
  49 V _   0.014 0.080 0.001 0.023 0.010 0.019 0.208 0.645 
  50 V _   0.014 0.086 0.001 0.029 0.011 0.019 0.204 0.636 
  51 A _   0.014 0.089 0.001 0.034 0.012 0.019 0.200 0.631 
  52 I _   0.014 0.090 0.001 0.036 0.012 0.018 0.198 0.632 
  53 K _   0.013 0.087 0.001 0.034 0.011 0.017 0.197 0.640 
  54 K _   0.012 0.081 0.001 0.031 0.009 0.015 0.196 0.654 
  55 M _   0.011 0.071 0.001 0.025 0.008 0.014 0.196 0.674 
  56 S _   0.010 0.058 0.001 0.019 0.006 0.012 0.196 0.698 
  57 Y _   0.009 0.045 0.001 0.014 0.005 0.010 0.196 0.722 
  58 S _   0.008 0.033 0.000 0.009 0.003 0.009 0.196 0.742 
  59 G _   0.007 0.025 0.000 0.006 0.002 0.008 0.195 0.756 
  60 K _   0.006 0.021 0.000 0.004 0.002 0.007 0.194 0.765 
  61 Q _   0.006 0.020 0.000 0.004 0.002 0.007 0.192 0.769 
  62 T _   0.006 0.020 0.000 0.004 0.002 0.008 0.190 0.770 
  63 H _   0.007 0.022 0.000 0.005 0.002 0.010 0.187 0.768 
  64 E _   0.008 0.026 0.000 0.007 0.003 0.012 0.183 0.760 
  65 K _   0.009 0.036 0.001 0.011 0.005 0.015 0.178 0.746 
  66 W _   0.011 0.052 0.001 0.016 0.008 0.018 0.172 0.723 
  67 Q _   0.012 0.073 0.001 0.023 0.010 0.021 0.165 0.695 
  68 D _   0.013 0.095 0.001 0.031 0.013 0.023 0.159 0.665 
  69 I _   0.014 0.115 0.001 0.039 0.015 0.025 0.153 0.638 
  70 L _   0.015 0.129 0.001 0.047 0.017 0.025 0.148 0.618 
  71 K _   0.015 0.138 0.001 0.052 0.018 0.025 0.144 0.606 
  72 E _   0.016 0.142 0.001 0.054 0.018 0.025 0.142 0.603 
  73 V _   0.016 0.141 0.001 0.053 0.017 0.023 0.140 0.608 
  74 K _   0.016 0.136 0.001 0.049 0.015 0.022 0.140 0.622 
  75 F _   0.015 0.124 0.001 0.043 0.013 0.019 0.140 0.644 
  76 L _   0.015 0.107 0.001 0.034 0.011 0.017 0.140 0.675 
  77 R _   0.014 0.083 0.001 0.026 0.009 0.015 0.141 0.710 
  78 Q _   0.013 0.058 0.001 0.018 0.007 0.013 0.143 0.748 
  79 L _   0.011 0.036 0.001 0.012 0.005 0.011 0.143 0.781 
  80 K _   0.010 0.020 0.000 0.008 0.003 0.009 0.143 0.805 
  81 H _   0.008 0.011 0.000 0.006 0.003 0.008 0.143 0.821 
  82 P _   0.007 0.006 0.000 0.004 0.002 0.007 0.142 0.831 
  83 N _   0.007 0.003 0.000 0.004 0.002 0.007 0.140 0.836 
  84 T _   0.007 0.002 0.000 0.004 0.002 0.007 0.138 0.839 
  85 I _   0.008 0.002 0.000 0.004 0.002 0.008 0.136 0.841 
  86 E _   0.009 0.001 0.000 0.005 0.002 0.009 0.133 0.841 
  87 Y _   0.011 0.001 0.000 0.005 0.003 0.010 0.129 0.841 
  88 K _   0.015 0.001 0.000 0.006 0.003 0.012 0.125 0.839 
  89 G _   0.021 0.001 0.000 0.006 0.004 0.014 0.120 0.835 
  90 C _   0.032 0.000 0.001 0.005 0.004 0.016 0.114 0.826 
  91 Y _   0.050 0.000 0.001 0.005 0.006 0.020 0.108 0.811 
  92 L _   0.079 0.000 0.001 0.004 0.007 0.025 0.101 0.784 
  93 K _   0.119 0.000 0.001 0.004 0.011 0.030 0.092 0.742 
  94 E _   0.174 0.000 0.001 0.004 0.016 0.037 0.084 0.684 
  95 H _   0.241 0.000 0.002 0.004 0.024 0.044 0.075 0.611 
  96 T _   0.312 0.000 0.002 0.004 0.034 0.051 0.067 0.529 
  97 A _   0.376 0.001 0.002 0.005 0.045 0.055 0.061 0.455 
  98 W H   0.430 0.002 0.002 0.007 0.054 0.058 0.056 0.392 
  99 L H   0.468 0.003 0.003 0.009 0.059 0.058 0.053 0.348 
 100 V H   0.491 0.004 0.003 0.011 0.061 0.056 0.051 0.324 
 101 M H   0.499 0.005 0.003 0.013 0.061 0.053 0.050 0.317 
 102 E H   0.493 0.005 0.003 0.013 0.058 0.049 0.049 0.331 
 103 Y H   0.472 0.005 0.003 0.013 0.052 0.044 0.049 0.362 
 104 C H   0.438 0.004 0.003 0.011 0.044 0.039 0.050 0.411 
 105 L _   0.388 0.003 0.002 0.010 0.034 0.034 0.051 0.477 
 106 G _   0.328 0.002 0.002 0.008 0.025 0.029 0.052 0.554 
 107 S _   0.265 0.001 0.001 0.007 0.017 0.025 0.054 0.630 
 108 A _   0.205 0.001 0.001 0.006 0.011 0.021 0.055 0.700 
 109 S _   0.154 0.000 0.001 0.005 0.008 0.017 0.056 0.758 
 110 D _   0.112 0.000 0.001 0.005 0.005 0.014 0.057 0.805 
 111 L _   0.080 0.000 0.001 0.005 0.004 0.012 0.058 0.841 
 112 L _   0.057 0.000 0.000 0.004 0.003 0.010 0.058 0.867 
 113 E _   0.043 0.000 0.000 0.003 0.002 0.009 0.057 0.885 
 114 V _   0.035 0.000 0.000 0.003 0.002 0.008 0.056 0.896 
 115 H _   0.032 0.000 0.000 0.002 0.002 0.008 0.054 0.901 
 116 K _   0.035 0.000 0.000 0.002 0.002 0.009 0.052 0.900 
 117 K _   0.044 0.000 0.000 0.002 0.002 0.010 0.050 0.892 
 118 P _   0.061 0.000 0.000 0.002 0.003 0.013 0.046 0.874 
 119 L _   0.092 0.000 0.001 0.002 0.004 0.017 0.043 0.841 
 120 Q _   0.140 0.000 0.001 0.003 0.007 0.022 0.038 0.790 
 121 E _   0.205 0.000 0.001 0.003 0.011 0.028 0.033 0.718 
 122 V _   0.284 0.000 0.001 0.004 0.017 0.034 0.028 0.632 
 123 E _   0.364 0.000 0.002 0.004 0.024 0.039 0.023 0.544 
 124 I _   0.442 0.000 0.002 0.005 0.030 0.043 0.019 0.459 
 125 A H   0.510 0.000 0.002 0.005 0.035 0.044 0.016 0.387 
 126 A H   0.565 0.000 0.002 0.005 0.039 0.045 0.013 0.331 
 127 I H   0.606 0.000 0.002 0.005 0.041 0.043 0.012 0.290 
 128 T H   0.637 0.000 0.002 0.004 0.042 0.041 0.010 0.264 
 129 H H   0.654 0.000 0.002 0.004 0.041 0.039 0.009 0.251 
 130 G H   0.661 0.000 0.002 0.003 0.039 0.037 0.009 0.249 
 131 A H   0.661 0.000 0.002 0.003 0.036 0.034 0.009 0.255 
 132 L H   0.650 0.000 0.002 0.003 0.033 0.032 0.009 0.271 
 133 H H   0.630 0.000 0.002 0.003 0.030 0.031 0.009 0.296 
 134 G H   0.601 0.000 0.002 0.003 0.027 0.029 0.010 0.329 
 135 L H   0.563 0.000 0.001 0.003 0.024 0.028 0.010 0.371 
 136 A H   0.517 0.000 0.001 0.003 0.021 0.027 0.012 0.418 
 137 Y _   0.467 0.000 0.001 0.004 0.019 0.026 0.013 0.470 
 138 L _   0.411 0.000 0.001 0.004 0.018 0.026 0.014 0.526 
 139 H _   0.356 0.000 0.001 0.005 0.016 0.025 0.016 0.580 
 140 S _   0.302 0.000 0.001 0.006 0.015 0.024 0.018 0.634 
 141 H _   0.251 0.000 0.001 0.007 0.013 0.023 0.020 0.685 
 142 A _   0.205 0.001 0.001 0.007 0.012 0.022 0.021 0.731 
 143 L _   0.165 0.001 0.001 0.007 0.010 0.020 0.023 0.772 
 144 I _   0.132 0.001 0.001 0.007 0.008 0.019 0.024 0.808 
 145 H _   0.104 0.001 0.001 0.007 0.007 0.018 0.026 0.837 
 146 R _   0.081 0.001 0.001 0.006 0.006 0.017 0.027 0.862 
 147 D _   0.064 0.001 0.001 0.006 0.006 0.016 0.028 0.880 
 148 I _   0.051 0.001 0.001 0.005 0.005 0.016 0.028 0.893 
 149 K _   0.042 0.001 0.001 0.006 0.005 0.015 0.029 0.901 
 150 A _   0.035 0.002 0.001 0.007 0.005 0.016 0.029 0.905 
 151 G _   0.031 0.003 0.001 0.008 0.006 0.016 0.030 0.906 
 152 N _   0.027 0.005 0.001 0.010 0.006 0.016 0.030 0.905 
 153 I _   0.025 0.007 0.001 0.012 0.007 0.016 0.030 0.903 
 154 L _   0.022 0.009 0.001 0.014 0.007 0.016 0.030 0.900 
 155 L _   0.020 0.011 0.001 0.015 0.008 0.016 0.030 0.899 
 156 T _   0.018 0.012 0.001 0.016 0.007 0.016 0.031 0.900 
 157 E _   0.016 0.014 0.001 0.015 0.007 0.015 0.031 0.902 
 158 P _   0.014 0.014 0.001 0.014 0.006 0.014 0.031 0.905 
 159 G _   0.013 0.015 0.001 0.013 0.006 0.013 0.031 0.909 
 160 Q _   0.012 0.015 0.001 0.012 0.005 0.013 0.031 0.912 
 161 V _   0.011 0.015 0.001 0.011 0.005 0.012 0.031 0.915 
 162 K _   0.010 0.016 0.001 0.010 0.005 0.012 0.031 0.916 
 163 L _   0.009 0.017 0.001 0.010 0.005 0.012 0.031 0.916 
 164 A _   0.009 0.018 0.001 0.011 0.005 0.012 0.031 0.914 
 165 D _   0.009 0.019 0.001 0.012 0.005 0.012 0.031 0.912 
 166 F _   0.009 0.021 0.001 0.013 0.005 0.012 0.030 0.909 
 167 G _   0.009 0.023 0.001 0.014 0.006 0.013 0.030 0.905 
 168 S _   0.009 0.025 0.001 0.015 0.006 0.013 0.030 0.902 
 169 A _   0.009 0.026 0.001 0.015 0.006 0.013 0.030 0.901 
 170 S _   0.009 0.027 0.001 0.015 0.006 0.013 0.030 0.899 
 171 M _   0.009 0.027 0.001 0.014 0.006 0.014 0.030 0.899 
 172 A _   0.010 0.028 0.001 0.013 0.006 0.014 0.030 0.899 
 173 S _   0.010 0.028 0.001 0.012 0.006 0.015 0.030 0.900 
 174 P _   0.011 0.028 0.001 0.011 0.006 0.015 0.030 0.899 
 175 A _   0.012 0.028 0.001 0.010 0.006 0.017 0.029 0.897 
 176 N _   0.014 0.029 0.001 0.010 0.006 0.018 0.029 0.893 
 177 S _   0.015 0.031 0.001 0.010 0.007 0.020 0.029 0.887 
 178 F _   0.018 0.035 0.001 0.011 0.008 0.022 0.029 0.877 
 179 V _   0.021 0.039 0.001 0.012 0.010 0.025 0.029 0.863 
 180 G _   0.024 0.046 0.001 0.015 0.012 0.028 0.028 0.847 
 181 T _   0.026 0.054 0.001 0.018 0.015 0.031 0.028 0.827 
 182 P _   0.029 0.065 0.001 0.022 0.018 0.033 0.028 0.805 
 183 Y _   0.031 0.075 0.001 0.026 0.020 0.035 0.028 0.784 
 184 W _   0.032 0.085 0.002 0.031 0.022 0.036 0.028 0.765 
 185 M _   0.032 0.094 0.002 0.036 0.024 0.036 0.028 0.750 
 186 A _   0.031 0.100 0.002 0.040 0.024 0.035 0.028 0.739 
 187 P _   0.030 0.104 0.002 0.044 0.023 0.033 0.029 0.735 
 188 E _   0.028 0.105 0.002 0.045 0.022 0.031 0.030 0.738 
 189 V _   0.026 0.102 0.002 0.045 0.020 0.028 0.031 0.746 
 190 I _   0.024 0.097 0.001 0.042 0.017 0.025 0.032 0.762 
 191 L _   0.022 0.087 0.001 0.037 0.014 0.022 0.034 0.784 
 192 A _   0.019 0.072 0.001 0.030 0.011 0.018 0.036 0.812 
 193 M _   0.017 0.054 0.001 0.023 0.008 0.015 0.038 0.844 
 194 D _   0.015 0.035 0.001 0.015 0.006 0.013 0.040 0.876 
 195 E _   0.013 0.018 0.001 0.010 0.004 0.010 0.041 0.903 
 196 G _   0.013 0.008 0.000 0.005 0.003 0.009 0.041 0.921 
 197 Q _   0.014 0.003 0.000 0.003 0.002 0.008 0.042 0.929 
 198 Y _   0.018 0.001 0.000 0.002 0.002 0.008 0.041 0.929 
 199 D _   0.027 0.000 0.000 0.001 0.002 0.009 0.041 0.920 
 200 G _   0.047 0.000 0.000 0.001 0.002 0.012 0.040 0.898 
 201 K _   0.086 0.000 0.000 0.001 0.004 0.017 0.038 0.853 
 202 V _   0.148 0.000 0.001 0.002 0.008 0.024 0.036 0.782 
 203 D _   0.230 0.000 0.001 0.002 0.014 0.034 0.034 0.684 
 204 I _   0.317 0.000 0.002 0.003 0.025 0.045 0.032 0.575 
 205 W _   0.393 0.002 0.002 0.005 0.039 0.054 0.031 0.474 
 206 S H   0.451 0.004 0.002 0.008 0.053 0.060 0.030 0.393 
 207 L H   0.488 0.008 0.003 0.012 0.063 0.063 0.030 0.335 
 208 G H   0.507 0.012 0.003 0.016 0.069 0.063 0.030 0.300 
 209 I H   0.512 0.016 0.003 0.020 0.071 0.061 0.031 0.287 
 210 T H   0.500 0.018 0.003 0.023 0.070 0.057 0.033 0.295 
 211 C H   0.475 0.018 0.003 0.024 0.065 0.053 0.036 0.326 
 212 I H   0.433 0.016 0.003 0.023 0.056 0.047 0.039 0.382 
 213 E _   0.375 0.013 0.003 0.020 0.044 0.041 0.044 0.461 
 214 L _   0.306 0.008 0.002 0.015 0.031 0.034 0.048 0.555 
 215 A _   0.232 0.004 0.002 0.009 0.019 0.028 0.053 0.653 
 216 E _   0.165 0.001 0.001 0.005 0.010 0.022 0.056 0.739 
 217 R _   0.113 0.000 0.001 0.003 0.006 0.018 0.059 0.801 
 218 K _   0.075 0.000 0.000 0.002 0.003 0.016 0.061 0.842 
 219 P _   0.053 0.000 0.000 0.002 0.003 0.015 0.062 0.865 
 220 P _   0.041 0.000 0.000 0.002 0.003 0.016 0.063 0.874 
 221 L _   0.036 0.002 0.000 0.003 0.004 0.019 0.063 0.873 
 222 F _   0.036 0.006 0.001 0.005 0.006 0.024 0.064 0.859 
 223 N _   0.038 0.021 0.001 0.011 0.011 0.029 0.063 0.825 
 224 M _   0.040 0.054 0.002 0.020 0.018 0.035 0.063 0.768 
 225 N _   0.040 0.106 0.002 0.034 0.025 0.039 0.061 0.693 
 226 A _   0.040 0.159 0.002 0.048 0.030 0.040 0.061 0.621 
 227 M _   0.039 0.196 0.002 0.060 0.032 0.040 0.060 0.570 
 228 S _   0.038 0.218 0.002 0.069 0.032 0.039 0.061 0.541 
 229 A _   0.037 0.229 0.002 0.073 0.031 0.037 0.063 0.529 
 230 L _   0.034 0.230 0.002 0.073 0.028 0.034 0.065 0.533 
 231 Y _   0.031 0.223 0.002 0.068 0.025 0.031 0.069 0.551 
 232 H _   0.028 0.207 0.002 0.058 0.021 0.027 0.073 0.584 
 233 I _   0.025 0.178 0.002 0.046 0.016 0.023 0.078 0.631 
 234 A _   0.022 0.138 0.001 0.033 0.012 0.019 0.085 0.688 
 235 Q _   0.019 0.096 0.001 0.022 0.008 0.016 0.091 0.746 
 236 N _   0.016 0.061 0.001 0.014 0.006 0.013 0.096 0.793 
 237 D _   0.013 0.039 0.001 0.009 0.004 0.011 0.100 0.825 
 238 S _   0.010 0.027 0.000 0.006 0.003 0.009 0.102 0.843 
 239 P _   0.008 0.022 0.000 0.004 0.002 0.008 0.104 0.852 
 240 T _   0.007 0.019 0.000 0.004 0.002 0.008 0.105 0.855 
 241 L _   0.007 0.018 0.000 0.004 0.002 0.008 0.106 0.856 
 242 Q _   0.007 0.019 0.000 0.005 0.002 0.008 0.105 0.854 
 243 S _   0.007 0.022 0.000 0.006 0.002 0.009 0.105 0.849 
 244 N _   0.007 0.026 0.000 0.007 0.003 0.011 0.104 0.842 
 245 E _   0.008 0.034 0.000 0.009 0.004 0.013 0.102 0.829 
 246 W _   0.009 0.046 0.001 0.012 0.005 0.015 0.100 0.812 
 247 T _   0.010 0.062 0.001 0.016 0.007 0.018 0.097 0.789 
 248 D _   0.011 0.082 0.001 0.022 0.010 0.021 0.094 0.759 
 249 S _   0.012 0.105 0.001 0.028 0.012 0.023 0.092 0.727 
 250 F _   0.013 0.127 0.001 0.035 0.015 0.025 0.089 0.695 
 251 R _   0.014 0.145 0.001 0.042 0.016 0.025 0.088 0.668 
 252 R _   0.015 0.158 0.001 0.047 0.017 0.026 0.086 0.649 
 253 F _   0.015 0.166 0.001 0.050 0.017 0.025 0.086 0.639 
 254 V _   0.015 0.168 0.001 0.052 0.017 0.024 0.086 0.636 
 255 D _   0.015 0.166 0.001 0.050 0.016 0.023 0.087 0.643 
 256 Y _   0.015 0.159 0.001 0.045 0.014 0.021 0.088 0.657 
 257 C _   0.014 0.145 0.001 0.039 0.012 0.019 0.090 0.679 
 258 L _   0.014 0.125 0.001 0.032 0.010 0.017 0.093 0.708 
 259 Q _   0.013 0.099 0.001 0.024 0.008 0.015 0.096 0.744 
 260 K _   0.012 0.073 0.001 0.017 0.006 0.013 0.099 0.779 
 261 I _   0.010 0.051 0.001 0.012 0.005 0.012 0.101 0.809 
 262 P _   0.009 0.036 0.000 0.008 0.003 0.010 0.103 0.829 
 263 Q _   0.008 0.028 0.000 0.006 0.003 0.010 0.104 0.841 
 264 E _   0.008 0.024 0.000 0.005 0.002 0.009 0.104 0.847 
 265 R _   0.008 0.022 0.000 0.005 0.003 0.010 0.105 0.848 
 266 P _   0.008 0.022 0.000 0.006 0.003 0.011 0.105 0.845 
 267 T _   0.008 0.023 0.000 0.009 0.004 0.012 0.104 0.840 
 268 S _   0.009 0.026 0.001 0.012 0.005 0.013 0.104 0.831 
 269 A _   0.009 0.029 0.001 0.016 0.006 0.015 0.103 0.821 
 270 E _   0.010 0.032 0.001 0.021 0.008 0.016 0.103 0.811 
 271 L _   0.010 0.034 0.001 0.024 0.008 0.016 0.102 0.805 
 272 L _   0.010 0.034 0.001 0.025 0.009 0.017 0.103 0.802 
 273 R _   0.010 0.033 0.001 0.024 0.008 0.017 0.103 0.804 
 274 H _   0.010 0.031 0.001 0.021 0.008 0.016 0.104 0.809 
 275 D _   0.010 0.027 0.001 0.018 0.007 0.016 0.104 0.817 
 276 F _   0.011 0.023 0.001 0.013 0.006 0.016 0.105 0.825 
 277 V _   0.012 0.019 0.001 0.010 0.005 0.016 0.106 0.831 
 278 R _   0.014 0.016 0.001 0.007 0.005 0.017 0.107 0.834 
 279 R _   0.016 0.014 0.001 0.006 0.005 0.019 0.108 0.832 
 280 D _   0.020 0.014 0.001 0.006 0.006 0.021 0.109 0.825 
 281 R _   0.024 0.015 0.001 0.006 0.007 0.024 0.109 0.813 
 282 P _   0.030 0.018 0.001 0.009 0.010 0.028 0.110 0.795 
 283 L _   0.035 0.024 0.001 0.012 0.014 0.032 0.111 0.772 
 284 R _   0.040 0.033 0.001 0.017 0.018 0.035 0.111 0.745 
 285 V _   0.043 0.043 0.002 0.024 0.021 0.037 0.112 0.717 
 286 L _   0.045 0.052 0.002 0.030 0.024 0.038 0.114 0.696 
 287 I _   0.046 0.059 0.002 0.034 0.024 0.038 0.116 0.682 
 288 D _   0.044 0.063 0.002 0.036 0.024 0.036 0.118 0.677 
 289 L _   0.041 0.063 0.002 0.036 0.022 0.034 0.121 0.680 
 290 I _   0.038 0.061 0.002 0.033 0.020 0.031 0.125 0.691 
 291 Q _   0.034 0.057 0.001 0.028 0.016 0.027 0.129 0.707 
 292 R _   0.029 0.051 0.001 0.023 0.013 0.024 0.134 0.725 
 293 T _   0.025 0.044 0.001 0.018 0.010 0.021 0.138 0.744 
 294 K _   0.021 0.037 0.001 0.015 0.008 0.018 0.143 0.759 
 295 D _   0.018 0.031 0.001 0.012 0.006 0.015 0.147 0.771 
 296 A _   0.015 0.027 0.001 0.010 0.005 0.013 0.150 0.779 
 297 V _   0.013 0.024 0.000 0.008 0.004 0.012 0.154 0.785 
 298 R _   0.012 0.022 0.000 0.008 0.003 0.011 0.157 0.788 
 299 E _   0.010 0.021 0.000 0.007 0.003 0.010 0.159 0.789 
 300 L _   0.009 0.020 0.000 0.007 0.003 0.009 0.162 0.789 
 301 D _   0.009 0.020 0.000 0.007 0.003 0.009 0.164 0.788 
 302 N _   0.008 0.021 0.000 0.007 0.003 0.009 0.165 0.786 
 303 L _   0.008 0.022 0.000 0.008 0.003 0.009 0.167 0.783 
 304 Q _   0.008 0.024 0.000 0.008 0.003 0.010 0.168 0.778 
 305 Y _   0.008 0.027 0.000 0.010 0.004 0.010 0.169 0.771 
 306 R _   0.008 0.031 0.001 0.012 0.004 0.011 0.171 0.762 
 307 K _   0.009 0.036 0.001 0.015 0.005 0.012 0.172 0.751 
 308 M _   0.009 0.042 0.001 0.018 0.006 0.013 0.173 0.738 
 309 K _   0.009 0.048 0.001 0.022 0.007 0.013 0.175 0.726 
 310 K _   0.010 0.052 0.001 0.026 0.007 0.013 0.177 0.714 
 311 I _   0.010 0.055 0.001 0.028 0.007 0.013 0.179 0.706 
 312 L _   0.010 0.056 0.001 0.029 0.007 0.013 0.183 0.701 
 313 F _   0.009 0.056 0.001 0.028 0.007 0.012 0.187 0.700 
 314 Q _   0.009 0.053 0.001 0.026 0.006 0.011 0.191 0.702 
 315 E _   0.009 0.049 0.001 0.022 0.005 0.010 0.197 0.707 
 316 T _   0.008 0.043 0.001 0.018 0.004 0.009 0.202 0.715 
 317 R _   0.008 0.037 0.000 0.014 0.003 0.008 0.207 0.722 
 318 N _   0.007 0.031 0.000 0.011 0.003 0.007 0.212 0.729 
 319 G _   0.007 0.026 0.000 0.008 0.002 0.006 0.216 0.734 
 320 P _   0.006 0.023 0.000 0.007 0.002 0.006 0.219 0.737 
 321 L _   0.006 0.021 0.000 0.006 0.001 0.005 0.221 0.739 
 322 N _   0.005 0.020 0.000 0.005 0.001 0.005 0.223 0.741 
 323 E _   0.005 0.019 0.000 0.005 0.001 0.005 0.223 0.742 
 324 S _   0.005 0.020 0.000 0.005 0.001 0.005 0.222 0.742 
 325 Q _   0.004 0.021 0.000 0.005 0.001 0.005 0.220 0.742 
 326 E _   0.004 0.024 0.000 0.006 0.001 0.005 0.217 0.742 
 327 D _   0.004 0.028 0.000 0.007 0.002 0.006 0.213 0.740 
 328 E _   0.004 0.036 0.000 0.008 0.002 0.007 0.207 0.736 
 329 E _   0.004 0.046 0.000 0.010 0.002 0.008 0.199 0.730 
 330 D _   0.004 0.062 0.000 0.013 0.003 0.009 0.190 0.719 
 331 S _   0.004 0.085 0.001 0.017 0.004 0.010 0.178 0.702 
 332 E _   0.004 0.117 0.001 0.021 0.005 0.011 0.164 0.677 
 333 H _   0.004 0.156 0.001 0.026 0.006 0.012 0.150 0.647 
 334 G _   0.004 0.200 0.001 0.030 0.006 0.012 0.134 0.613 
 335 T _   0.004 0.244 0.001 0.033 0.007 0.012 0.120 0.579 
 336 S _   0.004 0.284 0.001 0.035 0.007 0.011 0.108 0.550 
 337 L _   0.003 0.316 0.001 0.035 0.006 0.011 0.099 0.528 
 338 N _   0.003 0.339 0.001 0.034 0.006 0.010 0.092 0.515 
 339 R _   0.003 0.356 0.001 0.031 0.005 0.009 0.086 0.509 
 340 E _   0.003 0.367 0.001 0.028 0.005 0.009 0.082 0.507 
 341 M _   0.003 0.374 0.001 0.023 0.004 0.008 0.078 0.509 
 342 D _   0.003 0.380 0.000 0.019 0.003 0.008 0.074 0.512 
 343 S _   0.003 0.384 0.000 0.016 0.003 0.007 0.071 0.515 
 344 L _   0.003 0.390 0.000 0.013 0.003 0.007 0.068 0.515 
 345 G _   0.003 0.397 0.000 0.012 0.003 0.008 0.065 0.512 
 346 S _   0.003 0.408 0.000 0.012 0.003 0.008 0.061 0.502 
 347 N _   0.004 0.426 0.001 0.014 0.004 0.009 0.057 0.485 
 348 H _   0.004 0.453 0.001 0.016 0.005 0.010 0.052 0.458 
 349 S E   0.005 0.489 0.001 0.019 0.007 0.011 0.047 0.422 
 350 I E   0.005 0.532 0.001 0.022 0.007 0.011 0.042 0.380 
 351 P E   0.004 0.573 0.001 0.024 0.008 0.010 0.038 0.342 
 352 S E   0.004 0.604 0.001 0.025 0.007 0.010 0.034 0.315 
 353 M E   0.004 0.625 0.001 0.025 0.006 0.009 0.032 0.299 
 354 S E   0.003 0.636 0.001 0.023 0.006 0.008 0.030 0.292 
 355 V E   0.003 0.642 0.001 0.021 0.005 0.007 0.029 0.292 
 356 S E   0.003 0.643 0.000 0.018 0.004 0.007 0.028 0.296 
 357 T E   0.003 0.640 0.000 0.015 0.004 0.006 0.028 0.304 
 358 G E   0.003 0.634 0.000 0.013 0.003 0.006 0.027 0.313 
 359 S E   0.003 0.627 0.000 0.011 0.003 0.006 0.027 0.323 
 360 Q E   0.003 0.622 0.000 0.009 0.003 0.006 0.027 0.330 
 361 S E   0.003 0.618 0.000 0.009 0.003 0.006 0.026 0.335 
 362 S E   0.003 0.617 0.000 0.009 0.003 0.006 0.026 0.336 
 363 S E   0.003 0.618 0.000 0.010 0.003 0.006 0.026 0.334 
 364 V E   0.003 0.621 0.000 0.011 0.003 0.006 0.025 0.330 
 365 N E   0.003 0.623 0.000 0.012 0.003 0.006 0.025 0.327 
 366 S E   0.003 0.624 0.000 0.013 0.004 0.006 0.025 0.325 
 367 M E   0.003 0.622 0.000 0.014 0.004 0.006 0.025 0.326 
 368 Q E   0.003 0.617 0.000 0.013 0.004 0.006 0.025 0.330 
 369 E E   0.003 0.609 0.000 0.013 0.004 0.006 0.025 0.339 
 370 V E   0.003 0.599 0.000 0.012 0.003 0.006 0.025 0.350 
 371 M E   0.003 0.588 0.000 0.011 0.003 0.007 0.026 0.362 
 372 D E   0.003 0.577 0.000 0.010 0.003 0.007 0.027 0.372 
 373 E E   0.004 0.569 0.000 0.010 0.003 0.007 0.027 0.379 
 374 S E   0.004 0.563 0.000 0.011 0.003 0.008 0.028 0.383 
 375 S E   0.004 0.560 0.000 0.012 0.004 0.008 0.028 0.383 
 376 S E   0.004 0.558 0.000 0.015 0.004 0.008 0.029 0.382 
 377 E E   0.005 0.555 0.001 0.017 0.005 0.008 0.029 0.380 
 378 L E   0.005 0.550 0.001 0.019 0.005 0.008 0.030 0.382 
 379 V E   0.005 0.541 0.001 0.021 0.005 0.008 0.032 0.387 
 380 M E   0.005 0.527 0.001 0.021 0.005 0.008 0.033 0.399 
 381 M E   0.005 0.505 0.001 0.021 0.005 0.008 0.035 0.420 
 382 H E   0.005 0.474 0.001 0.019 0.005 0.008 0.037 0.451 
 383 D _   0.005 0.437 0.001 0.016 0.005 0.008 0.040 0.489 
 384 D _   0.005 0.401 0.001 0.013 0.004 0.007 0.043 0.525 
 385 E _   0.005 0.372 0.000 0.011 0.003 0.007 0.046 0.556 
 386 S _   0.004 0.352 0.000 0.009 0.003 0.007 0.048 0.577 
 387 T _   0.004 0.340 0.000 0.008 0.002 0.007 0.050 0.590 
 388 I _   0.004 0.334 0.000 0.007 0.002 0.007 0.051 0.595 
 389 N _   0.004 0.332 0.000 0.008 0.002 0.007 0.052 0.595 
 390 S _   0.004 0.333 0.000 0.009 0.002 0.007 0.053 0.592 
 391 S _   0.004 0.336 0.000 0.010 0.003 0.008 0.053 0.586 
 392 S _   0.004 0.340 0.000 0.012 0.003 0.008 0.053 0.579 
 393 S _   0.004 0.345 0.000 0.013 0.003 0.008 0.054 0.571 
 394 V _   0.004 0.351 0.000 0.015 0.004 0.009 0.054 0.564 
 395 V _   0.004 0.355 0.000 0.016 0.004 0.009 0.055 0.556 
 396 H _   0.004 0.360 0.000 0.018 0.004 0.009 0.055 0.548 
 397 K _   0.004 0.364 0.001 0.020 0.005 0.010 0.056 0.541 
 398 K _   0.005 0.366 0.001 0.022 0.005 0.010 0.058 0.533 
 399 D _   0.005 0.368 0.001 0.025 0.006 0.010 0.059 0.527 
 400 H _   0.005 0.367 0.001 0.028 0.006 0.011 0.061 0.521 
 401 V _   0.006 0.363 0.001 0.031 0.007 0.011 0.064 0.518 
 402 F _   0.006 0.356 0.001 0.033 0.007 0.011 0.067 0.519 
 403 I _   0.007 0.342 0.001 0.034 0.007 0.011 0.072 0.527 
 404 R _   0.008 0.320 0.001 0.033 0.007 0.011 0.078 0.543 
 405 D _   0.008 0.286 0.001 0.031 0.007 0.011 0.085 0.571 
 406 E _   0.009 0.239 0.001 0.027 0.007 0.011 0.094 0.613 
 407 A _   0.009 0.185 0.001 0.023 0.006 0.010 0.103 0.663 
 408 G _   0.009 0.133 0.001 0.017 0.005 0.009 0.112 0.714 
 409 H _   0.008 0.091 0.001 0.012 0.003 0.008 0.120 0.757 
 410 G _   0.007 0.063 0.000 0.008 0.002 0.007 0.125 0.787 
 411 D _   0.006 0.048 0.000 0.005 0.002 0.006 0.128 0.806 
 412 P _   0.005 0.040 0.000 0.003 0.001 0.005 0.130 0.815 
 413 R _   0.004 0.037 0.000 0.003 0.001 0.005 0.130 0.820 
 414 P _   0.004 0.037 0.000 0.003 0.001 0.006 0.129 0.820 
 415 E _   0.004 0.039 0.000 0.004 0.001 0.007 0.128 0.817 
 416 P _   0.005 0.046 0.000 0.006 0.002 0.009 0.125 0.807 
 417 R _   0.006 0.061 0.000 0.010 0.004 0.012 0.120 0.787 
 418 P _   0.007 0.090 0.001 0.017 0.006 0.014 0.114 0.752 
 419 T _   0.007 0.133 0.001 0.024 0.008 0.017 0.107 0.704 
 420 Q _   0.007 0.183 0.001 0.033 0.010 0.018 0.099 0.650 
 421 S _   0.006 0.228 0.001 0.039 0.010 0.018 0.092 0.604 
 422 V _   0.006 0.262 0.001 0.044 0.011 0.018 0.086 0.572 
 423 Q _   0.006 0.283 0.001 0.045 0.010 0.018 0.082 0.555 
 424 S _   0.005 0.294 0.001 0.044 0.010 0.017 0.079 0.549 
 425 Q _   0.005 0.298 0.001 0.041 0.009 0.017 0.077 0.551 
 426 A _   0.005 0.298 0.001 0.037 0.009 0.016 0.075 0.559 
 427 L _   0.005 0.293 0.001 0.031 0.008 0.016 0.074 0.572 
 428 H _   0.006 0.284 0.001 0.025 0.007 0.015 0.073 0.589 
 429 Y _   0.006 0.273 0.001 0.020 0.007 0.016 0.073 0.604 
 430 R _   0.007 0.263 0.001 0.016 0.007 0.017 0.073 0.618 
 431 N _   0.009 0.254 0.001 0.013 0.006 0.018 0.072 0.627 
 432 R _   0.010 0.248 0.001 0.012 0.007 0.019 0.072 0.631 
 433 E _   0.012 0.245 0.001 0.011 0.007 0.021 0.072 0.631 
 434 R _   0.014 0.245 0.001 0.012 0.008 0.022 0.072 0.626 
 435 F _   0.016 0.247 0.001 0.013 0.009 0.024 0.071 0.619 
 436 A _   0.019 0.250 0.001 0.015 0.011 0.025 0.071 0.608 
 437 T _   0.021 0.254 0.001 0.017 0.013 0.026 0.070 0.598 
 438 I _   0.023 0.258 0.001 0.020 0.014 0.027 0.070 0.587 
 439 K _   0.024 0.261 0.001 0.023 0.016 0.027 0.070 0.577 
 440 S _   0.026 0.263 0.001 0.025 0.017 0.027 0.071 0.570 
 441 A _   0.027 0.262 0.001 0.028 0.017 0.027 0.072 0.567 
 442 S _   0.027 0.257 0.001 0.029 0.017 0.026 0.073 0.569 
 443 L _   0.027 0.249 0.001 0.031 0.016 0.024 0.075 0.576 
 444 V _   0.026 0.236 0.001 0.031 0.015 0.023 0.077 0.590 
 445 T _   0.025 0.217 0.001 0.029 0.014 0.021 0.081 0.612 
 446 R _   0.023 0.190 0.001 0.027 0.012 0.019 0.084 0.644 
 447 Q _   0.021 0.156 0.001 0.023 0.010 0.017 0.089 0.683 
 448 I _   0.019 0.120 0.001 0.018 0.008 0.015 0.093 0.726 
 449 H _   0.016 0.087 0.001 0.014 0.006 0.013 0.097 0.766 
 450 E _   0.013 0.061 0.001 0.010 0.004 0.011 0.101 0.799 
 451 H _   0.011 0.044 0.000 0.007 0.003 0.009 0.103 0.822 
 452 E _   0.009 0.034 0.000 0.006 0.002 0.008 0.105 0.836 
 453 Q _   0.008 0.029 0.000 0.005 0.002 0.007 0.106 0.843 
 454 E _   0.007 0.027 0.000 0.005 0.002 0.007 0.107 0.846 
 455 N _   0.007 0.026 0.000 0.005 0.002 0.007 0.107 0.846 
 456 E _   0.007 0.027 0.000 0.006 0.002 0.008 0.107 0.843 
 457 L _   0.007 0.029 0.000 0.008 0.003 0.008 0.107 0.838 
 458 R _   0.007 0.031 0.000 0.010 0.003 0.009 0.106 0.832 
 459 E _   0.007 0.034 0.000 0.013 0.004 0.010 0.106 0.827 
 460 Q _   0.007 0.037 0.001 0.015 0.004 0.010 0.105 0.822 
 461 M _   0.007 0.039 0.001 0.016 0.005 0.010 0.105 0.819 
 462 S _   0.007 0.040 0.001 0.016 0.005 0.010 0.105 0.817 
 463 G _   0.007 0.040 0.001 0.016 0.005 0.010 0.105 0.818 
 464 Y _   0.007 0.039 0.001 0.014 0.004 0.010 0.105 0.820 
 465 K _   0.007 0.039 0.000 0.013 0.004 0.009 0.106 0.822 
 466 R _   0.007 0.037 0.000 0.011 0.004 0.009 0.107 0.825 
 467 M _   0.007 0.036 0.000 0.010 0.003 0.009 0.107 0.827 
 468 R _   0.006 0.036 0.000 0.009 0.003 0.009 0.108 0.828 
 469 R _   0.006 0.036 0.000 0.009 0.003 0.009 0.108 0.828 
 470 Q _   0.007 0.036 0.000 0.009 0.004 0.009 0.109 0.826 
 471 H _   0.007 0.037 0.000 0.011 0.004 0.010 0.109 0.822 
 472 Q _   0.007 0.039 0.001 0.012 0.004 0.010 0.110 0.816 
 473 K _   0.008 0.042 0.001 0.015 0.005 0.011 0.110 0.810 
 474 Q _   0.008 0.044 0.001 0.017 0.005 0.011 0.111 0.803 
 475 L _   0.008 0.046 0.001 0.019 0.006 0.011 0.112 0.798 
 476 I _   0.008 0.046 0.001 0.021 0.006 0.011 0.113 0.795 
 477 A _   0.008 0.046 0.001 0.021 0.006 0.011 0.115 0.794 
 478 L _   0.008 0.044 0.001 0.020 0.005 0.010 0.117 0.796 
 479 E _   0.007 0.040 0.001 0.018 0.005 0.009 0.119 0.800 
 480 N _   0.007 0.036 0.001 0.016 0.004 0.009 0.121 0.806 
 481 K _   0.007 0.031 0.000 0.013 0.004 0.008 0.124 0.813 
 482 L _   0.007 0.025 0.000 0.011 0.003 0.007 0.127 0.820 
 483 K _   0.006 0.021 0.000 0.008 0.003 0.007 0.129 0.826 
 484 A _   0.006 0.017 0.000 0.007 0.002 0.006 0.132 0.830 
 485 E _   0.005 0.014 0.000 0.006 0.002 0.006 0.133 0.833 
 486 M _   0.005 0.013 0.000 0.005 0.002 0.006 0.135 0.834 
 487 D _   0.005 0.012 0.000 0.005 0.002 0.006 0.136 0.834 
 488 E _   0.005 0.012 0.000 0.006 0.002 0.007 0.136 0.831 
 489 H _   0.005 0.013 0.000 0.007 0.002 0.007 0.137 0.828 
 490 R _   0.006 0.014 0.000 0.010 0.003 0.008 0.137 0.822 
 491 L _   0.006 0.016 0.000 0.012 0.004 0.009 0.137 0.816 
 492 K _   0.007 0.018 0.001 0.016 0.004 0.010 0.137 0.808 
 493 L _   0.007 0.019 0.001 0.019 0.005 0.010 0.137 0.802 
 494 Q _   0.007 0.020 0.001 0.021 0.005 0.011 0.138 0.797 
 495 K _   0.007 0.020 0.001 0.021 0.005 0.010 0.139 0.796 
 496 E _   0.007 0.019 0.001 0.020 0.005 0.010 0.141 0.797 
 497 V _   0.007 0.018 0.001 0.017 0.004 0.009 0.143 0.802 
 498 E _   0.006 0.015 0.000 0.014 0.004 0.008 0.145 0.808 
 499 T _   0.006 0.012 0.000 0.010 0.003 0.007 0.147 0.815 
 500 H _   0.005 0.010 0.000 0.007 0.002 0.006 0.148 0.821 
 501 A _   0.005 0.008 0.000 0.005 0.002 0.006 0.149 0.825 
 502 N _   0.005 0.007 0.000 0.004 0.002 0.005 0.150 0.827 
 503 N _   0.005 0.006 0.000 0.004 0.002 0.006 0.151 0.827 
 504 S _   0.005 0.007 0.000 0.004 0.002 0.006 0.151 0.825 
 505 S _   0.005 0.007 0.000 0.005 0.002 0.007 0.150 0.822 
 506 I _   0.006 0.009 0.000 0.007 0.003 0.008 0.150 0.817 
 507 E _   0.006 0.012 0.000 0.009 0.003 0.009 0.149 0.811 
 508 L _   0.007 0.016 0.000 0.012 0.004 0.009 0.148 0.805 
 509 E _   0.007 0.019 0.001 0.014 0.004 0.010 0.146 0.799 
 510 K _   0.007 0.022 0.001 0.016 0.005 0.010 0.145 0.794 
 511 L _   0.007 0.025 0.001 0.016 0.005 0.010 0.145 0.792 
 512 A _   0.006 0.027 0.001 0.016 0.005 0.010 0.144 0.791 
 513 K _   0.006 0.028 0.001 0.016 0.005 0.010 0.144 0.791 
 514 K _   0.006 0.029 0.001 0.015 0.005 0.010 0.144 0.791 
 515 Q _   0.006 0.029 0.001 0.015 0.005 0.010 0.144 0.791 
 516 V _   0.007 0.030 0.001 0.015 0.004 0.010 0.145 0.790 
 517 A _   0.007 0.030 0.001 0.015 0.005 0.010 0.146 0.788 
 518 I _   0.007 0.030 0.001 0.015 0.005 0.010 0.147 0.786 
 519 I _   0.007 0.030 0.001 0.016 0.005 0.010 0.148 0.784 
 520 E _   0.008 0.029 0.001 0.016 0.005 0.009 0.150 0.783 
 521 K _   0.008 0.028 0.001 0.015 0.004 0.009 0.152 0.784 
 522 E _   0.007 0.026 0.000 0.014 0.004 0.009 0.154 0.786 
 523 A _   0.007 0.024 0.000 0.012 0.004 0.008 0.156 0.789 
 524 K _   0.007 0.021 0.000 0.010 0.003 0.007 0.158 0.793 
 525 V _   0.006 0.018 0.000 0.008 0.003 0.007 0.160 0.797 
 526 A _   0.006 0.016 0.000 0.007 0.002 0.006 0.162 0.800 
 527 A _   0.006 0.014 0.000 0.005 0.002 0.006 0.164 0.803 
 528 A _   0.005 0.013 0.000 0.005 0.002 0.006 0.165 0.804 
 529 D _   0.005 0.013 0.000 0.004 0.002 0.006 0.166 0.804 
 530 E _   0.005 0.014 0.000 0.005 0.002 0.006 0.166 0.802 
 531 K _   0.005 0.015 0.000 0.005 0.002 0.007 0.167 0.798 
 532 K _   0.006 0.017 0.000 0.007 0.003 0.008 0.167 0.793 
 533 F _   0.006 0.021 0.000 0.009 0.003 0.009 0.167 0.785 
 534 Q _   0.006 0.025 0.000 0.012 0.004 0.009 0.167 0.776 
 535 Q _   0.007 0.030 0.001 0.014 0.004 0.010 0.168 0.767 
 536 Q _   0.007 0.034 0.001 0.016 0.005 0.011 0.168 0.760 
 537 I _   0.007 0.037 0.001 0.017 0.005 0.011 0.169 0.754 
 538 L _   0.007 0.038 0.001 0.017 0.005 0.011 0.170 0.752 
 539 A _   0.007 0.039 0.001 0.016 0.005 0.010 0.171 0.751 
 540 Q _   0.007 0.039 0.001 0.015 0.005 0.010 0.173 0.751 
 541 Q _   0.007 0.039 0.001 0.014 0.005 0.010 0.175 0.751 
 542 K _   0.007 0.038 0.001 0.013 0.004 0.010 0.177 0.749 
 543 K _   0.007 0.038 0.000 0.013 0.004 0.010 0.180 0.747 
 544 D _   0.007 0.037 0.001 0.013 0.005 0.010 0.183 0.744 
 545 L _   0.008 0.036 0.001 0.014 0.005 0.010 0.187 0.740 
 546 T _   0.008 0.036 0.001 0.014 0.005 0.010 0.190 0.736 
 547 T _   0.008 0.034 0.001 0.014 0.005 0.010 0.194 0.734 
 548 F _   0.008 0.033 0.001 0.014 0.005 0.010 0.199 0.732 
 549 L _   0.008 0.030 0.001 0.013 0.004 0.009 0.203 0.733 
 550 E _   0.007 0.028 0.000 0.011 0.004 0.008 0.207 0.735 
 551 S _   0.006 0.025 0.000 0.009 0.003 0.008 0.211 0.737 
 552 Q _   0.006 0.022 0.000 0.008 0.003 0.007 0.215 0.739 
 553 K _   0.006 0.020 0.000 0.007 0.002 0.007 0.219 0.739 
 554 K _   0.005 0.019 0.000 0.006 0.002 0.007 0.222 0.738 
 555 Q _   0.005 0.019 0.000 0.006 0.002 0.007 0.225 0.735 
 556 Y _   0.006 0.019 0.000 0.008 0.003 0.007 0.228 0.729 
 557 K _   0.006 0.021 0.000 0.009 0.003 0.008 0.231 0.722 
 558 I _   0.006 0.022 0.000 0.012 0.004 0.009 0.233 0.714 
 559 C _   0.006 0.024 0.000 0.015 0.004 0.009 0.236 0.705 
 560 K _   0.006 0.026 0.001 0.018 0.005 0.010 0.239 0.696 
 561 E _   0.007 0.027 0.001 0.020 0.005 0.010 0.243 0.688 
 562 K _   0.007 0.027 0.001 0.021 0.005 0.010 0.247 0.682 
 563 I _   0.007 0.027 0.001 0.021 0.005 0.009 0.252 0.678 
 564 K _   0.007 0.025 0.001 0.020 0.005 0.009 0.258 0.677 
 565 E _   0.006 0.022 0.000 0.017 0.004 0.008 0.265 0.677 
 566 E _   0.006 0.018 0.000 0.014 0.003 0.007 0.271 0.679 
 567 M _   0.006 0.014 0.000 0.011 0.003 0.006 0.278 0.682 
 568 N _   0.006 0.010 0.000 0.008 0.002 0.005 0.284 0.684 
 569 E _   0.005 0.007 0.000 0.006 0.002 0.005 0.289 0.686 
 570 D _   0.005 0.005 0.000 0.004 0.001 0.004 0.293 0.687 
 571 H _   0.004 0.004 0.000 0.004 0.001 0.004 0.296 0.687 
 572 S _   0.004 0.003 0.000 0.003 0.001 0.004 0.299 0.686 
 573 T _   0.004 0.002 0.000 0.003 0.001 0.004 0.300 0.686 
 574 P _   0.004 0.002 0.000 0.004 0.001 0.004 0.300 0.684 
 575 K _   0.004 0.003 0.000 0.004 0.001 0.005 0.300 0.683 
 576 K _   0.004 0.003 0.000 0.005 0.001 0.005 0.299 0.682 
 577 E _   0.004 0.004 0.000 0.007 0.002 0.006 0.298 0.681 
 578 K _   0.004 0.005 0.000 0.008 0.002 0.006 0.295 0.680 
 579 Q _   0.004 0.006 0.000 0.009 0.002 0.006 0.293 0.679 
 580 E _   0.004 0.007 0.000 0.010 0.002 0.006 0.291 0.679 
 581 R _   0.004 0.008 0.000 0.011 0.002 0.006 0.288 0.681 
 582 I _   0.004 0.008 0.000 0.010 0.002 0.006 0.286 0.683 
 583 S _   0.004 0.009 0.000 0.010 0.002 0.006 0.284 0.685 
 584 K _   0.004 0.009 0.000 0.009 0.002 0.006 0.282 0.689 
 585 H _   0.004 0.009 0.000 0.008 0.002 0.006 0.279 0.692 
 586 K _   0.004 0.009 0.000 0.007 0.002 0.006 0.277 0.695 
 587 E _   0.004 0.010 0.000 0.006 0.002 0.006 0.274 0.698 
 588 N _   0.004 0.011 0.000 0.006 0.002 0.006 0.271 0.700 
 589 L _   0.004 0.012 0.000 0.006 0.002 0.007 0.268 0.701 
 590 Q _   0.004 0.014 0.000 0.007 0.002 0.007 0.264 0.700 
 591 H _   0.005 0.018 0.000 0.008 0.003 0.008 0.260 0.699 
 592 T _   0.005 0.022 0.000 0.009 0.003 0.010 0.255 0.695 
 593 Q _   0.006 0.028 0.000 0.012 0.004 0.011 0.250 0.689 
 594 A _   0.006 0.036 0.001 0.014 0.005 0.012 0.244 0.682 
 595 E _   0.007 0.044 0.001 0.018 0.006 0.014 0.238 0.672 
 596 E _   0.007 0.053 0.001 0.022 0.007 0.016 0.233 0.661 
 597 E _   0.008 0.062 0.001 0.026 0.009 0.017 0.227 0.650 
 598 A _   0.009 0.068 0.001 0.030 0.010 0.017 0.222 0.642 
 599 H _   0.010 0.073 0.001 0.033 0.011 0.018 0.219 0.637 
 600 L _   0.010 0.075 0.001 0.035 0.011 0.018 0.216 0.635 
 601 L _   0.011 0.074 0.001 0.034 0.011 0.017 0.214 0.638 
 602 T _   0.011 0.072 0.001 0.032 0.010 0.016 0.212 0.645 
 603 Q _   0.011 0.066 0.001 0.028 0.009 0.015 0.212 0.658 
 604 Q _   0.010 0.058 0.001 0.023 0.008 0.014 0.212 0.675 
 605 R _   0.010 0.047 0.001 0.018 0.006 0.012 0.212 0.694 
 606 L _   0.009 0.037 0.001 0.013 0.005 0.011 0.213 0.712 
 607 Y _   0.009 0.027 0.000 0.009 0.004 0.010 0.213 0.728 
 608 Y _   0.008 0.021 0.000 0.006 0.003 0.009 0.213 0.740 
 609 D _   0.008 0.017 0.000 0.005 0.003 0.009 0.212 0.747 
 610 K _   0.008 0.016 0.000 0.004 0.002 0.009 0.211 0.750 
 611 N _   0.008 0.015 0.000 0.005 0.003 0.009 0.209 0.750 
 612 C _   0.009 0.016 0.000 0.006 0.003 0.010 0.207 0.748 
 613 R _   0.009 0.019 0.000 0.008 0.004 0.012 0.205 0.743 
 614 F _   0.010 0.022 0.001 0.010 0.005 0.013 0.202 0.736 
 615 F _   0.011 0.027 0.001 0.014 0.006 0.014 0.200 0.728 
 616 K _   0.011 0.032 0.001 0.017 0.007 0.015 0.197 0.720 
 617 R _   0.011 0.037 0.001 0.020 0.008 0.015 0.195 0.713 
 618 K _   0.011 0.040 0.001 0.022 0.009 0.016 0.193 0.709 
 619 I _   0.011 0.043 0.001 0.023 0.009 0.015 0.192 0.707 
 620 M _   0.011 0.044 0.001 0.022 0.008 0.015 0.191 0.708 
 621 I _   0.011 0.044 0.001 0.021 0.008 0.014 0.190 0.711 
 622 K _   0.011 0.043 0.001 0.020 0.007 0.013 0.191 0.715 
 623 R _   0.010 0.041 0.001 0.018 0.006 0.013 0.191 0.721 
 624 H _   0.010 0.038 0.001 0.016 0.006 0.012 0.192 0.726 
 625 E _   0.009 0.036 0.001 0.015 0.005 0.011 0.193 0.732 
 626 V _   0.009 0.033 0.001 0.013 0.005 0.010 0.194 0.737 
 627 E _   0.009 0.030 0.000 0.012 0.004 0.009 0.195 0.741 
 628 Q _   0.008 0.027 0.000 0.011 0.004 0.009 0.196 0.744 
 629 Q _   0.008 0.025 0.000 0.011 0.003 0.008 0.197 0.747 
 630 N _   0.008 0.022 0.000 0.010 0.003 0.008 0.198 0.751 
 631 I _   0.007 0.020 0.000 0.009 0.003 0.007 0.199 0.754 
 632 R _   0.007 0.017 0.000 0.008 0.003 0.007 0.200 0.758 
 633 E _   0.006 0.015 0.000 0.007 0.002 0.006 0.200 0.762 
 634 E _   0.005 0.014 0.000 0.006 0.002 0.006 0.200 0.766 
 635 L _   0.005 0.012 0.000 0.005 0.002 0.006 0.200 0.770 
 636 N _   0.005 0.012 0.000 0.005 0.002 0.005 0.199 0.773 
 637 K _   0.004 0.012 0.000 0.004 0.002 0.006 0.197 0.775 
 638 K _   0.004 0.012 0.000 0.004 0.002 0.006 0.195 0.776 
 639 R _   0.005 0.014 0.000 0.005 0.002 0.008 0.193 0.773 
 640 T _   0.006 0.018 0.000 0.007 0.003 0.009 0.189 0.767 
 641 Q _   0.007 0.026 0.000 0.011 0.004 0.012 0.185 0.755 
 642 K _   0.008 0.037 0.001 0.017 0.006 0.014 0.181 0.736 
 643 E _   0.009 0.052 0.001 0.025 0.008 0.016 0.176 0.713 
 644 M _   0.010 0.065 0.001 0.033 0.010 0.018 0.172 0.691 
 645 E _   0.010 0.076 0.001 0.040 0.012 0.019 0.169 0.674 
 646 H _   0.011 0.081 0.001 0.044 0.012 0.019 0.167 0.665 
 647 A _   0.011 0.084 0.001 0.045 0.012 0.019 0.165 0.664 
 648 M _   0.011 0.082 0.001 0.042 0.011 0.017 0.165 0.671 
 649 L _   0.011 0.077 0.001 0.036 0.010 0.016 0.165 0.685 
 650 I _   0.010 0.068 0.001 0.028 0.008 0.014 0.166 0.705 
 651 R _   0.010 0.056 0.001 0.020 0.006 0.013 0.167 0.728 
 652 H _   0.009 0.043 0.001 0.013 0.005 0.011 0.168 0.750 
 653 D _   0.009 0.032 0.000 0.009 0.004 0.011 0.169 0.767 
 654 E _   0.008 0.026 0.000 0.006 0.003 0.010 0.169 0.778 
 655 S _   0.008 0.022 0.000 0.005 0.003 0.010 0.169 0.783 
 656 T _   0.009 0.021 0.000 0.004 0.003 0.011 0.168 0.784 
 657 R _   0.009 0.022 0.000 0.005 0.003 0.012 0.168 0.781 
 658 E _   0.010 0.024 0.000 0.007 0.004 0.013 0.166 0.776 
 659 L _   0.011 0.028 0.001 0.009 0.005 0.015 0.165 0.767 
 660 E _   0.012 0.034 0.001 0.012 0.006 0.017 0.163 0.757 
 661 Y _   0.012 0.040 0.001 0.014 0.007 0.018 0.161 0.746 
 662 R _   0.013 0.046 0.001 0.016 0.008 0.019 0.159 0.737 
 663 Q _   0.013 0.051 0.001 0.017 0.009 0.020 0.158 0.730 
