#TopoPred_TM8: 8-state transmembrane topology prediction results by no_profile mode 
#probabilities are in the order of H E C I L F X _, the 8 transmembrane topology types used in PDBTM 
   1 M _   0.023 0.000 0.002 0.024 0.011 0.012 0.333 0.594 
   2 E _   0.008 0.000 0.000 0.008 0.002 0.005 0.337 0.641 
   3 L _   0.005 0.000 0.000 0.002 0.001 0.003 0.333 0.656 
   4 Q _   0.015 0.000 0.000 0.001 0.001 0.003 0.320 0.659 
   5 A _   0.056 0.000 0.001 0.001 0.003 0.006 0.292 0.642 
   6 A _   0.165 0.000 0.001 0.001 0.007 0.009 0.241 0.576 
   7 R _   0.335 0.000 0.001 0.001 0.009 0.012 0.183 0.459 
   8 A H   0.528 0.000 0.002 0.001 0.012 0.012 0.123 0.323 
   9 C H   0.687 0.000 0.002 0.001 0.013 0.011 0.077 0.210 
  10 F H   0.791 0.000 0.001 0.001 0.014 0.010 0.048 0.135 
  11 A H   0.854 0.000 0.001 0.001 0.015 0.008 0.031 0.091 
  12 L H   0.889 0.000 0.001 0.000 0.014 0.007 0.022 0.067 
  13 L H   0.907 0.000 0.001 0.000 0.014 0.006 0.016 0.056 
  14 W H   0.913 0.000 0.001 0.000 0.014 0.005 0.013 0.054 
  15 G H   0.910 0.000 0.001 0.000 0.013 0.005 0.011 0.060 
  16 C H   0.896 0.000 0.001 0.000 0.013 0.005 0.010 0.075 
  17 A H   0.868 0.000 0.001 0.000 0.013 0.005 0.009 0.103 
  18 L H   0.824 0.000 0.001 0.001 0.013 0.005 0.009 0.147 
  19 A H   0.758 0.000 0.001 0.001 0.012 0.006 0.009 0.213 
  20 A H   0.671 0.000 0.001 0.001 0.011 0.007 0.009 0.300 
  21 A H   0.568 0.000 0.001 0.001 0.009 0.007 0.010 0.405 
  22 A _   0.460 0.000 0.001 0.001 0.007 0.007 0.011 0.514 
  23 A _   0.355 0.000 0.001 0.001 0.006 0.007 0.012 0.618 
  24 A _   0.266 0.000 0.001 0.001 0.005 0.008 0.013 0.707 
  25 Q _   0.198 0.000 0.001 0.001 0.004 0.008 0.014 0.774 
  26 G _   0.150 0.000 0.000 0.001 0.004 0.009 0.015 0.820 
  27 K _   0.118 0.000 0.000 0.002 0.004 0.011 0.016 0.849 
  28 E _   0.096 0.000 0.001 0.002 0.004 0.013 0.017 0.867 
  29 V _   0.080 0.001 0.001 0.004 0.005 0.015 0.018 0.877 
  30 V _   0.069 0.002 0.001 0.006 0.006 0.017 0.018 0.881 
  31 L _   0.060 0.004 0.001 0.009 0.008 0.019 0.018 0.881 
  32 L _   0.053 0.007 0.001 0.012 0.010 0.021 0.019 0.877 
  33 D _   0.046 0.011 0.001 0.015 0.011 0.022 0.019 0.874 
  34 F _   0.041 0.015 0.001 0.018 0.012 0.023 0.019 0.870 
  35 A _   0.037 0.018 0.001 0.020 0.013 0.023 0.019 0.868 
  36 A _   0.033 0.020 0.001 0.022 0.013 0.023 0.020 0.868 
  37 A _   0.030 0.022 0.001 0.022 0.012 0.023 0.020 0.870 
  38 G _   0.028 0.023 0.001 0.021 0.012 0.022 0.021 0.873 
  39 G _   0.026 0.023 0.001 0.021 0.011 0.021 0.021 0.877 
  40 E _   0.024 0.023 0.001 0.019 0.010 0.019 0.022 0.882 
  41 L _   0.022 0.022 0.001 0.017 0.009 0.018 0.022 0.889 
  42 G _   0.020 0.020 0.001 0.015 0.008 0.017 0.023 0.897 
  43 W _   0.018 0.018 0.001 0.012 0.006 0.016 0.023 0.905 
  44 L _   0.016 0.016 0.001 0.010 0.006 0.015 0.024 0.913 
  45 T _   0.014 0.015 0.001 0.009 0.005 0.014 0.024 0.918 
  46 H _   0.013 0.014 0.001 0.008 0.005 0.014 0.025 0.922 
  47 P _   0.012 0.014 0.001 0.007 0.004 0.014 0.025 0.922 
  48 Y _   0.012 0.015 0.001 0.008 0.005 0.014 0.025 0.921 
  49 G _   0.012 0.017 0.001 0.009 0.005 0.015 0.025 0.916 
  50 K _   0.013 0.019 0.001 0.011 0.006 0.016 0.026 0.909 
  51 G _   0.013 0.023 0.001 0.014 0.007 0.017 0.026 0.900 
  52 W _   0.013 0.026 0.001 0.016 0.008 0.018 0.026 0.891 
  53 D _   0.014 0.029 0.001 0.019 0.009 0.019 0.026 0.884 
  54 L _   0.014 0.032 0.001 0.020 0.009 0.019 0.026 0.879 
  55 M _   0.014 0.033 0.001 0.019 0.009 0.020 0.026 0.878 
  56 Q _   0.014 0.034 0.001 0.018 0.009 0.020 0.027 0.878 
  57 N _   0.015 0.033 0.001 0.015 0.008 0.020 0.027 0.881 
  58 I _   0.015 0.033 0.001 0.013 0.008 0.021 0.027 0.883 
  59 M _   0.017 0.033 0.001 0.011 0.007 0.022 0.028 0.882 
  60 N _   0.019 0.033 0.001 0.010 0.008 0.023 0.028 0.878 
  61 D _   0.022 0.035 0.001 0.010 0.009 0.026 0.028 0.869 
  62 M _   0.026 0.040 0.001 0.011 0.011 0.029 0.028 0.855 
  63 P _   0.030 0.047 0.001 0.014 0.014 0.032 0.029 0.834 
  64 I _   0.033 0.059 0.001 0.019 0.018 0.035 0.029 0.807 
  65 Y _   0.035 0.075 0.002 0.026 0.022 0.036 0.029 0.776 
  66 M _   0.035 0.092 0.002 0.035 0.025 0.037 0.029 0.745 
  67 Y _   0.035 0.105 0.002 0.043 0.026 0.037 0.030 0.722 
  68 S _   0.034 0.114 0.002 0.049 0.026 0.035 0.031 0.709 
  69 V _   0.032 0.118 0.002 0.052 0.025 0.033 0.032 0.707 
  70 C _   0.029 0.118 0.002 0.051 0.022 0.030 0.034 0.715 
  71 N _   0.025 0.112 0.001 0.046 0.018 0.026 0.036 0.734 
  72 V _   0.022 0.102 0.001 0.039 0.015 0.023 0.038 0.760 
  73 M _   0.019 0.086 0.001 0.030 0.011 0.019 0.041 0.793 
  74 S _   0.016 0.067 0.001 0.022 0.008 0.016 0.043 0.828 
  75 G _   0.013 0.048 0.001 0.014 0.006 0.013 0.045 0.859 
  76 D _   0.011 0.035 0.001 0.009 0.004 0.011 0.047 0.883 
  77 Q _   0.009 0.026 0.000 0.006 0.003 0.009 0.048 0.898 
  78 D _   0.008 0.022 0.000 0.005 0.002 0.009 0.049 0.906 
  79 N _   0.007 0.020 0.000 0.004 0.002 0.008 0.049 0.909 
  80 W _   0.007 0.020 0.000 0.004 0.002 0.009 0.050 0.908 
  81 L _   0.007 0.021 0.000 0.005 0.003 0.010 0.049 0.904 
  82 R _   0.008 0.025 0.000 0.007 0.003 0.012 0.049 0.896 
  83 T _   0.009 0.031 0.000 0.009 0.004 0.014 0.048 0.884 
  84 N _   0.010 0.041 0.001 0.011 0.005 0.016 0.047 0.869 
  85 W _   0.011 0.052 0.001 0.013 0.007 0.019 0.046 0.851 
  86 V _   0.013 0.066 0.001 0.015 0.008 0.021 0.045 0.831 
  87 Y _   0.014 0.081 0.001 0.017 0.010 0.024 0.044 0.808 
  88 R _   0.017 0.098 0.001 0.018 0.012 0.028 0.042 0.784 
  89 G _   0.019 0.117 0.001 0.020 0.014 0.031 0.041 0.756 
  90 E _   0.022 0.138 0.001 0.022 0.017 0.034 0.040 0.726 
  91 A _   0.025 0.161 0.001 0.024 0.020 0.036 0.039 0.693 
  92 E _   0.027 0.186 0.002 0.028 0.022 0.038 0.038 0.659 
  93 R _   0.029 0.212 0.002 0.032 0.024 0.039 0.037 0.625 
  94 I _   0.030 0.236 0.002 0.038 0.026 0.038 0.037 0.595 
  95 F _   0.030 0.254 0.002 0.042 0.025 0.037 0.036 0.574 
  96 I _   0.029 0.266 0.002 0.046 0.024 0.034 0.036 0.562 
  97 E _   0.027 0.272 0.002 0.048 0.023 0.032 0.037 0.560 
  98 L _   0.025 0.271 0.001 0.048 0.020 0.029 0.038 0.568 
  99 K _   0.022 0.265 0.001 0.045 0.017 0.025 0.039 0.586 
 100 F _   0.019 0.251 0.001 0.039 0.014 0.022 0.040 0.613 
 101 T _   0.017 0.230 0.001 0.032 0.011 0.018 0.042 0.648 
 102 V _   0.014 0.205 0.001 0.025 0.009 0.016 0.044 0.686 
 103 R _   0.012 0.179 0.001 0.019 0.006 0.013 0.046 0.725 
 104 D _   0.010 0.156 0.001 0.014 0.005 0.011 0.047 0.757 
 105 C _   0.008 0.139 0.000 0.010 0.003 0.009 0.048 0.781 
 106 N _   0.007 0.129 0.000 0.008 0.003 0.008 0.049 0.796 
 107 S _   0.006 0.124 0.000 0.007 0.002 0.007 0.049 0.805 
 108 F _   0.005 0.122 0.000 0.006 0.002 0.007 0.049 0.808 
 109 P _   0.005 0.123 0.000 0.007 0.002 0.007 0.048 0.807 
 110 G _   0.005 0.127 0.000 0.008 0.002 0.008 0.047 0.802 
 111 G _   0.005 0.135 0.000 0.010 0.003 0.009 0.046 0.791 
 112 A _   0.005 0.147 0.001 0.013 0.004 0.010 0.044 0.776 
 113 S _   0.005 0.163 0.001 0.016 0.005 0.011 0.043 0.756 
 114 S _   0.006 0.183 0.001 0.021 0.006 0.012 0.040 0.732 
 115 C _   0.006 0.204 0.001 0.026 0.007 0.013 0.038 0.705 
 116 K _   0.006 0.224 0.001 0.031 0.008 0.014 0.037 0.679 
 117 E _   0.006 0.240 0.001 0.036 0.009 0.015 0.035 0.657 
 118 T _   0.007 0.251 0.001 0.041 0.010 0.015 0.034 0.642 
 119 F _   0.007 0.257 0.001 0.043 0.010 0.015 0.033 0.633 
 120 N _   0.007 0.258 0.001 0.045 0.010 0.015 0.033 0.631 
 121 L _   0.007 0.253 0.001 0.043 0.010 0.014 0.034 0.637 
 122 Y _   0.008 0.243 0.001 0.039 0.009 0.014 0.034 0.652 
 123 Y _   0.008 0.224 0.001 0.034 0.009 0.013 0.035 0.676 
 124 A _   0.008 0.198 0.001 0.028 0.008 0.012 0.037 0.708 
 125 E _   0.008 0.166 0.001 0.021 0.006 0.011 0.038 0.747 
 126 S _   0.008 0.134 0.001 0.016 0.005 0.010 0.040 0.786 
 127 D _   0.008 0.109 0.001 0.011 0.004 0.010 0.041 0.817 
 128 L _   0.007 0.092 0.000 0.008 0.003 0.010 0.042 0.837 
 129 D _   0.007 0.082 0.000 0.007 0.003 0.009 0.043 0.849 
 130 Y _   0.007 0.077 0.000 0.006 0.003 0.010 0.043 0.854 
 131 G _   0.007 0.076 0.000 0.007 0.003 0.011 0.043 0.853 
 132 T _   0.008 0.078 0.000 0.009 0.004 0.012 0.042 0.847 
 133 N _   0.008 0.082 0.001 0.013 0.005 0.013 0.042 0.837 
 134 F _   0.009 0.088 0.001 0.017 0.006 0.014 0.041 0.824 
 135 Q _   0.009 0.094 0.001 0.022 0.007 0.015 0.040 0.811 
 136 K _   0.009 0.099 0.001 0.026 0.008 0.016 0.039 0.801 
 137 R _   0.009 0.102 0.001 0.029 0.009 0.016 0.039 0.795 
 138 L _   0.009 0.103 0.001 0.030 0.009 0.016 0.039 0.794 
 139 F _   0.009 0.101 0.001 0.029 0.009 0.015 0.038 0.797 
 140 T _   0.009 0.098 0.001 0.027 0.008 0.014 0.039 0.804 
 141 K _   0.009 0.092 0.001 0.024 0.008 0.014 0.039 0.813 
 142 I _   0.009 0.085 0.001 0.022 0.007 0.013 0.039 0.824 
 143 D _   0.009 0.077 0.001 0.019 0.006 0.012 0.040 0.835 
 144 T _   0.009 0.069 0.001 0.017 0.006 0.012 0.041 0.846 
 145 I _   0.009 0.061 0.001 0.015 0.005 0.011 0.041 0.856 
 146 A _   0.009 0.053 0.001 0.014 0.005 0.011 0.042 0.866 
 147 P _   0.009 0.046 0.001 0.013 0.004 0.010 0.043 0.874 
 148 D _   0.008 0.040 0.001 0.012 0.004 0.010 0.043 0.882 
 149 E _   0.008 0.035 0.000 0.011 0.004 0.009 0.044 0.889 
 150 I _   0.008 0.031 0.000 0.010 0.004 0.009 0.044 0.895 
 151 T _   0.008 0.027 0.000 0.009 0.003 0.009 0.044 0.900 
 152 V _   0.007 0.024 0.000 0.009 0.003 0.009 0.044 0.904 
 153 S _   0.007 0.022 0.000 0.009 0.003 0.009 0.043 0.906 
 154 S _   0.007 0.021 0.000 0.009 0.003 0.009 0.043 0.908 
 155 D _   0.007 0.020 0.000 0.009 0.003 0.009 0.042 0.909 
 156 F _   0.007 0.020 0.000 0.010 0.004 0.009 0.042 0.908 
 157 E _   0.007 0.020 0.000 0.011 0.004 0.010 0.041 0.907 
 158 A _   0.007 0.020 0.001 0.013 0.004 0.010 0.040 0.905 
 159 R _   0.007 0.020 0.001 0.014 0.005 0.010 0.040 0.904 
 160 H _   0.007 0.020 0.001 0.015 0.005 0.011 0.039 0.903 
 161 V _   0.007 0.020 0.001 0.016 0.005 0.011 0.038 0.903 
 162 K _   0.008 0.019 0.001 0.016 0.005 0.011 0.037 0.904 
 163 L _   0.008 0.018 0.001 0.015 0.005 0.011 0.037 0.906 
 164 N _   0.008 0.016 0.001 0.014 0.005 0.011 0.036 0.909 
 165 V _   0.008 0.014 0.001 0.013 0.005 0.011 0.036 0.912 
 166 E _   0.008 0.012 0.001 0.012 0.005 0.011 0.036 0.916 
 167 E _   0.009 0.010 0.001 0.011 0.004 0.011 0.035 0.919 
 168 R _   0.009 0.008 0.001 0.010 0.004 0.011 0.035 0.922 
 169 S _   0.010 0.006 0.000 0.009 0.004 0.012 0.035 0.924 
 170 V _   0.011 0.005 0.000 0.008 0.004 0.012 0.034 0.926 
 171 G _   0.013 0.003 0.000 0.007 0.004 0.013 0.033 0.925 
 172 P _   0.017 0.002 0.000 0.007 0.004 0.014 0.033 0.923 
 173 L _   0.022 0.002 0.001 0.007 0.005 0.016 0.032 0.918 
 174 T _   0.029 0.001 0.001 0.006 0.005 0.018 0.030 0.909 
 175 R _   0.041 0.001 0.001 0.006 0.006 0.020 0.029 0.895 
 176 K _   0.058 0.001 0.001 0.006 0.007 0.023 0.028 0.877 
 177 G _   0.082 0.000 0.001 0.006 0.009 0.027 0.026 0.850 
 178 F _   0.115 0.000 0.001 0.005 0.011 0.030 0.024 0.814 
 179 Y _   0.157 0.000 0.001 0.005 0.013 0.033 0.022 0.768 
 180 L _   0.210 0.000 0.001 0.005 0.016 0.036 0.020 0.711 
 181 A _   0.270 0.000 0.001 0.004 0.020 0.039 0.018 0.647 
 182 F _   0.333 0.000 0.002 0.004 0.024 0.041 0.017 0.580 
 183 Q _   0.395 0.000 0.002 0.003 0.028 0.042 0.015 0.514 
 184 D H   0.454 0.000 0.002 0.003 0.032 0.043 0.014 0.452 
 185 I H   0.507 0.000 0.002 0.003 0.035 0.042 0.013 0.398 
 186 G H   0.548 0.000 0.002 0.003 0.038 0.041 0.013 0.354 
 187 A H   0.578 0.000 0.002 0.003 0.040 0.040 0.013 0.324 
 188 C H   0.595 0.000 0.002 0.004 0.041 0.038 0.014 0.306 
 189 V H   0.600 0.000 0.002 0.004 0.041 0.036 0.015 0.302 
 190 A H   0.591 0.001 0.002 0.005 0.040 0.034 0.016 0.312 
 191 L H   0.567 0.001 0.002 0.006 0.037 0.032 0.018 0.337 
 192 L H   0.527 0.001 0.002 0.006 0.033 0.029 0.021 0.381 
 193 S H   0.474 0.001 0.002 0.006 0.028 0.027 0.024 0.439 
 194 V _   0.407 0.000 0.002 0.006 0.022 0.024 0.027 0.511 
 195 R _   0.333 0.000 0.002 0.005 0.016 0.021 0.031 0.591 
 196 V _   0.261 0.000 0.001 0.004 0.011 0.019 0.035 0.668 
 197 Y _   0.196 0.000 0.001 0.003 0.008 0.017 0.038 0.737 
 198 Y _   0.142 0.000 0.001 0.003 0.006 0.015 0.041 0.792 
 199 K _   0.103 0.000 0.001 0.003 0.005 0.014 0.044 0.831 
 200 K _   0.074 0.000 0.000 0.003 0.004 0.014 0.046 0.859 
 201 C _   0.056 0.000 0.000 0.003 0.004 0.014 0.047 0.875 
 202 P _   0.044 0.001 0.000 0.004 0.004 0.014 0.049 0.883 
 203 E _   0.036 0.002 0.001 0.006 0.005 0.015 0.050 0.885 
 204 L _   0.031 0.004 0.001 0.009 0.006 0.017 0.051 0.882 
 205 L _   0.027 0.006 0.001 0.013 0.007 0.017 0.052 0.876 
 206 Q _   0.024 0.009 0.001 0.017 0.009 0.018 0.053 0.869 
 207 G _   0.022 0.012 0.001 0.021 0.010 0.018 0.054 0.863 
 208 L _   0.019 0.013 0.001 0.023 0.010 0.018 0.055 0.860 
 209 A _   0.017 0.014 0.001 0.024 0.010 0.017 0.056 0.861 
 210 H _   0.016 0.014 0.001 0.023 0.009 0.017 0.058 0.864 
 211 F _   0.014 0.013 0.001 0.020 0.008 0.015 0.059 0.870 
 212 P _   0.013 0.011 0.001 0.017 0.006 0.014 0.061 0.877 
 213 E _   0.012 0.009 0.001 0.013 0.005 0.013 0.063 0.885 
 214 T _   0.011 0.006 0.000 0.010 0.004 0.012 0.064 0.892 
 215 I _   0.011 0.004 0.000 0.007 0.003 0.012 0.065 0.897 
 216 A _   0.011 0.003 0.000 0.005 0.003 0.012 0.066 0.900 
 217 G _   0.012 0.003 0.000 0.003 0.003 0.014 0.066 0.899 
 218 S _   0.015 0.003 0.000 0.003 0.003 0.016 0.067 0.893 
 219 D _   0.020 0.004 0.000 0.004 0.005 0.021 0.066 0.880 
 220 A _   0.028 0.007 0.001 0.005 0.008 0.028 0.066 0.857 
 221 P _   0.038 0.018 0.001 0.009 0.015 0.037 0.065 0.818 
 222 S _   0.050 0.043 0.002 0.016 0.025 0.046 0.063 0.755 
 223 L _   0.059 0.091 0.003 0.028 0.036 0.053 0.062 0.669 
 224 A _   0.063 0.149 0.003 0.042 0.045 0.056 0.060 0.582 
 225 T _   0.065 0.200 0.003 0.055 0.048 0.056 0.060 0.514 
 226 V _   0.065 0.233 0.003 0.066 0.048 0.054 0.060 0.472 
 227 A _   0.063 0.251 0.002 0.073 0.046 0.051 0.062 0.453 
 228 G _   0.060 0.257 0.002 0.075 0.043 0.047 0.064 0.452 
 229 T _   0.055 0.255 0.002 0.073 0.038 0.042 0.067 0.467 
 230 C _   0.050 0.244 0.002 0.067 0.033 0.037 0.071 0.497 
 231 V _   0.044 0.220 0.002 0.057 0.026 0.032 0.077 0.542 
 232 D _   0.038 0.183 0.002 0.046 0.020 0.027 0.083 0.601 
 233 H _   0.031 0.136 0.002 0.034 0.014 0.022 0.090 0.670 
 234 A _   0.025 0.089 0.001 0.023 0.010 0.018 0.097 0.737 
 235 V _   0.020 0.052 0.001 0.015 0.006 0.014 0.102 0.790 
 236 V _   0.015 0.028 0.001 0.009 0.004 0.011 0.106 0.828 
 237 P _   0.011 0.016 0.000 0.005 0.002 0.008 0.108 0.850 
 238 P _   0.007 0.010 0.000 0.004 0.002 0.007 0.109 0.861 
 239 G _   0.006 0.008 0.000 0.003 0.001 0.006 0.109 0.867 
 240 G _   0.005 0.008 0.000 0.003 0.001 0.006 0.108 0.868 
 241 E _   0.005 0.008 0.000 0.003 0.002 0.007 0.107 0.867 
 242 E _   0.006 0.011 0.000 0.005 0.002 0.009 0.105 0.862 
 243 P _   0.006 0.017 0.000 0.007 0.003 0.011 0.103 0.852 
 244 R _   0.007 0.028 0.001 0.011 0.005 0.014 0.099 0.834 
 245 M _   0.009 0.046 0.001 0.015 0.007 0.018 0.095 0.810 
 246 H _   0.010 0.069 0.001 0.020 0.009 0.021 0.090 0.781 
 247 C _   0.011 0.093 0.001 0.024 0.011 0.023 0.086 0.751 
 248 A _   0.012 0.117 0.001 0.027 0.013 0.026 0.082 0.722 
 249 V _   0.013 0.139 0.001 0.029 0.015 0.029 0.078 0.696 
 250 D _   0.016 0.156 0.001 0.030 0.016 0.031 0.075 0.676 
 251 G _   0.018 0.169 0.001 0.029 0.018 0.034 0.072 0.659 
 252 E _   0.021 0.180 0.001 0.028 0.019 0.036 0.070 0.645 
 253 W _   0.024 0.189 0.001 0.027 0.020 0.037 0.068 0.633 
 254 L _   0.027 0.196 0.001 0.026 0.021 0.038 0.067 0.623 
 255 V _   0.029 0.203 0.001 0.026 0.022 0.039 0.065 0.614 
 256 P _   0.030 0.208 0.001 0.027 0.023 0.039 0.064 0.606 
 257 I _   0.032 0.214 0.001 0.028 0.023 0.038 0.064 0.600 
 258 G _   0.032 0.218 0.001 0.030 0.023 0.037 0.064 0.596 
 259 Q _   0.032 0.219 0.001 0.031 0.022 0.035 0.064 0.596 
 260 C _   0.031 0.218 0.001 0.032 0.020 0.033 0.064 0.600 
 261 L _   0.028 0.214 0.001 0.032 0.018 0.030 0.065 0.611 
 262 C _   0.026 0.206 0.001 0.030 0.016 0.027 0.066 0.629 
 263 Q _   0.022 0.193 0.001 0.027 0.013 0.024 0.067 0.652 
 264 A _   0.019 0.177 0.001 0.023 0.011 0.021 0.069 0.679 
 265 G _   0.016 0.160 0.001 0.018 0.009 0.018 0.070 0.707 
 266 Y _   0.014 0.143 0.001 0.014 0.007 0.016 0.071 0.734 
 267 E _   0.012 0.129 0.001 0.011 0.005 0.015 0.072 0.755 
 268 K _   0.011 0.119 0.001 0.008 0.004 0.014 0.073 0.770 
 269 V _   0.010 0.114 0.000 0.007 0.004 0.013 0.074 0.778 
 270 E _   0.009 0.113 0.000 0.007 0.004 0.013 0.074 0.780 
 271 D _   0.009 0.114 0.000 0.009 0.004 0.014 0.074 0.776 
 272 A _   0.010 0.118 0.001 0.011 0.005 0.015 0.073 0.767 
 273 C _   0.010 0.126 0.001 0.015 0.007 0.016 0.073 0.753 
 274 Q _   0.011 0.136 0.001 0.020 0.008 0.017 0.072 0.735 
 275 A _   0.011 0.146 0.001 0.026 0.010 0.018 0.072 0.717 
 276 C _   0.011 0.154 0.001 0.032 0.011 0.018 0.071 0.701 
 277 S _   0.012 0.158 0.001 0.036 0.012 0.018 0.072 0.691 
 278 P _   0.012 0.159 0.001 0.039 0.012 0.018 0.073 0.687 
 279 G _   0.012 0.156 0.001 0.038 0.011 0.017 0.074 0.690 
 280 F _   0.012 0.149 0.001 0.035 0.011 0.016 0.076 0.701 
 281 F _   0.012 0.136 0.001 0.031 0.009 0.015 0.078 0.719 
 282 K _   0.011 0.118 0.001 0.025 0.008 0.014 0.081 0.743 
 283 F _   0.011 0.097 0.001 0.019 0.006 0.012 0.084 0.770 
 284 E _   0.010 0.077 0.001 0.014 0.005 0.011 0.087 0.795 
 285 A _   0.009 0.063 0.001 0.010 0.004 0.010 0.089 0.813 
 286 S _   0.009 0.054 0.000 0.008 0.003 0.010 0.091 0.825 
 287 E _   0.008 0.048 0.000 0.008 0.003 0.009 0.093 0.830 
 288 S _   0.008 0.045 0.000 0.008 0.003 0.009 0.094 0.831 
 289 P _   0.008 0.044 0.000 0.010 0.003 0.010 0.095 0.829 
 290 C _   0.008 0.044 0.000 0.012 0.004 0.010 0.096 0.825 
 291 L _   0.008 0.045 0.001 0.014 0.004 0.010 0.097 0.821 
 292 E _   0.008 0.045 0.001 0.016 0.005 0.010 0.097 0.818 
 293 C _   0.008 0.045 0.001 0.017 0.005 0.010 0.098 0.817 
 294 P _   0.008 0.044 0.001 0.017 0.005 0.010 0.099 0.818 
 295 E _   0.007 0.042 0.001 0.015 0.004 0.009 0.100 0.821 
 296 H _   0.007 0.039 0.000 0.013 0.004 0.008 0.101 0.827 
 297 T _   0.006 0.037 0.000 0.011 0.003 0.008 0.102 0.833 
 298 L _   0.006 0.034 0.000 0.009 0.003 0.007 0.103 0.839 
 299 P _   0.005 0.033 0.000 0.007 0.002 0.006 0.103 0.843 
 300 S _   0.005 0.032 0.000 0.006 0.002 0.006 0.103 0.846 
 301 P _   0.005 0.033 0.000 0.006 0.002 0.006 0.102 0.847 
 302 E _   0.005 0.035 0.000 0.006 0.002 0.007 0.101 0.844 
 303 G _   0.005 0.041 0.000 0.008 0.002 0.008 0.099 0.837 
 304 A _   0.005 0.050 0.000 0.010 0.003 0.009 0.096 0.825 
 305 T _   0.006 0.066 0.001 0.015 0.004 0.011 0.093 0.804 
 306 S _   0.006 0.088 0.001 0.022 0.006 0.012 0.089 0.776 
 307 C _   0.006 0.116 0.001 0.029 0.007 0.013 0.085 0.742 
 308 E _   0.006 0.143 0.001 0.038 0.009 0.014 0.081 0.708 
 309 C _   0.006 0.164 0.001 0.045 0.010 0.015 0.078 0.682 
 310 E _   0.006 0.178 0.001 0.049 0.010 0.015 0.076 0.665 
 311 E _   0.006 0.185 0.001 0.051 0.010 0.014 0.075 0.658 
 312 G _   0.006 0.187 0.001 0.049 0.009 0.014 0.074 0.659 
 313 F _   0.006 0.184 0.001 0.045 0.008 0.013 0.075 0.668 
 314 F _   0.006 0.176 0.001 0.038 0.007 0.012 0.075 0.684 
 315 R _   0.006 0.163 0.001 0.031 0.006 0.011 0.076 0.706 
 316 A _   0.006 0.147 0.001 0.024 0.005 0.010 0.078 0.730 
 317 P _   0.005 0.130 0.001 0.018 0.004 0.009 0.079 0.754 
 318 Q _   0.005 0.115 0.000 0.014 0.003 0.008 0.081 0.773 
 319 D _   0.005 0.104 0.000 0.011 0.003 0.008 0.082 0.787 
 320 P _   0.005 0.097 0.000 0.009 0.002 0.007 0.083 0.796 
 321 A _   0.005 0.092 0.000 0.009 0.002 0.007 0.083 0.801 
 322 S _   0.005 0.089 0.000 0.008 0.002 0.008 0.083 0.803 
 323 M _   0.005 0.088 0.000 0.009 0.002 0.008 0.083 0.805 
 324 P _   0.005 0.088 0.000 0.009 0.002 0.008 0.082 0.805 
 325 C _   0.005 0.089 0.000 0.009 0.003 0.009 0.081 0.805 
 326 T _   0.005 0.091 0.000 0.008 0.003 0.009 0.080 0.803 
 327 R _   0.005 0.094 0.000 0.008 0.003 0.011 0.078 0.800 
 328 P _   0.006 0.100 0.000 0.009 0.003 0.012 0.076 0.793 
 329 P _   0.007 0.110 0.001 0.010 0.005 0.015 0.073 0.779 
 330 S _   0.009 0.128 0.001 0.013 0.007 0.019 0.070 0.754 
 331 A _   0.012 0.161 0.001 0.017 0.011 0.023 0.066 0.709 
 332 P _   0.015 0.216 0.002 0.023 0.016 0.027 0.060 0.642 
 333 H _   0.016 0.296 0.002 0.030 0.021 0.029 0.054 0.552 
 334 Y _   0.016 0.390 0.003 0.037 0.023 0.029 0.048 0.454 
 335 L E   0.015 0.475 0.002 0.041 0.024 0.028 0.043 0.372 
 336 T E   0.014 0.538 0.002 0.043 0.022 0.027 0.040 0.314 
 337 A E   0.013 0.579 0.002 0.044 0.021 0.025 0.038 0.279 
 338 V E   0.012 0.603 0.001 0.044 0.019 0.023 0.037 0.261 
 339 G E   0.012 0.615 0.001 0.044 0.018 0.022 0.036 0.253 
 340 M E   0.011 0.619 0.001 0.043 0.017 0.020 0.036 0.253 
 341 G E   0.012 0.616 0.001 0.041 0.016 0.019 0.036 0.259 
 342 A E   0.012 0.607 0.001 0.040 0.015 0.018 0.037 0.270 
 343 K E   0.012 0.588 0.001 0.039 0.014 0.017 0.038 0.290 
 344 V E   0.012 0.556 0.001 0.038 0.013 0.016 0.040 0.321 
 345 E E   0.013 0.509 0.002 0.037 0.013 0.016 0.043 0.367 
 346 L E   0.013 0.443 0.002 0.035 0.012 0.015 0.048 0.431 
 347 R _   0.014 0.363 0.002 0.031 0.011 0.015 0.053 0.511 
 348 W _   0.014 0.275 0.001 0.026 0.009 0.014 0.059 0.602 
 349 T _   0.013 0.193 0.001 0.020 0.007 0.013 0.064 0.690 
 350 P _   0.011 0.132 0.001 0.013 0.005 0.011 0.068 0.760 
 351 P _   0.009 0.096 0.000 0.008 0.003 0.009 0.070 0.804 
 352 Q _   0.007 0.078 0.000 0.005 0.002 0.008 0.072 0.828 
 353 D _   0.006 0.070 0.000 0.004 0.002 0.008 0.072 0.838 
 354 S _   0.006 0.069 0.000 0.004 0.002 0.009 0.072 0.840 
 355 G _   0.007 0.071 0.000 0.005 0.002 0.011 0.071 0.833 
 356 G _   0.009 0.082 0.000 0.008 0.004 0.014 0.069 0.814 
 357 R _   0.011 0.108 0.001 0.014 0.007 0.018 0.066 0.775 
 358 E _   0.012 0.158 0.001 0.024 0.011 0.021 0.062 0.709 
 359 D _   0.013 0.226 0.002 0.036 0.015 0.024 0.057 0.628 
 360 I _   0.012 0.293 0.002 0.046 0.016 0.024 0.053 0.554 
 361 V _   0.011 0.343 0.002 0.055 0.017 0.024 0.050 0.500 
 362 Y _   0.010 0.373 0.001 0.061 0.017 0.023 0.048 0.468 
 363 S _   0.010 0.388 0.001 0.063 0.016 0.022 0.047 0.453 
 364 V _   0.009 0.394 0.001 0.063 0.016 0.021 0.046 0.450 
 365 T _   0.009 0.391 0.001 0.059 0.015 0.019 0.046 0.459 
 366 C _   0.009 0.380 0.001 0.054 0.013 0.018 0.047 0.478 
 367 E _   0.009 0.358 0.001 0.046 0.012 0.016 0.049 0.509 
 368 Q _   0.009 0.324 0.001 0.037 0.010 0.014 0.051 0.554 
 369 C _   0.009 0.281 0.001 0.029 0.008 0.013 0.053 0.606 
 370 W _   0.009 0.239 0.001 0.021 0.006 0.012 0.055 0.656 
 371 P _   0.008 0.205 0.001 0.015 0.005 0.010 0.057 0.699 
 372 E _   0.007 0.181 0.001 0.011 0.004 0.009 0.058 0.729 
 373 S _   0.006 0.166 0.000 0.009 0.003 0.008 0.059 0.748 
 374 G _   0.006 0.158 0.000 0.008 0.002 0.008 0.059 0.759 
 375 E _   0.005 0.154 0.000 0.008 0.002 0.008 0.059 0.764 
 376 C _   0.005 0.153 0.000 0.009 0.002 0.008 0.058 0.765 
 377 G _   0.005 0.154 0.000 0.010 0.003 0.008 0.058 0.763 
 378 P _   0.005 0.157 0.000 0.012 0.003 0.008 0.056 0.759 
 379 C _   0.005 0.161 0.000 0.013 0.003 0.008 0.055 0.754 
 380 E _   0.005 0.165 0.000 0.014 0.003 0.008 0.054 0.751 
 381 A _   0.005 0.168 0.000 0.014 0.003 0.008 0.053 0.749 
 382 S _   0.005 0.171 0.000 0.013 0.003 0.008 0.051 0.748 
 383 V _   0.004 0.173 0.000 0.013 0.003 0.008 0.050 0.749 
 384 R _   0.004 0.175 0.000 0.012 0.003 0.008 0.049 0.749 
 385 Y _   0.004 0.178 0.000 0.011 0.003 0.008 0.047 0.748 
 386 S _   0.005 0.182 0.000 0.010 0.003 0.009 0.046 0.745 
 387 E _   0.005 0.189 0.000 0.011 0.004 0.010 0.044 0.738 
 388 P _   0.005 0.199 0.001 0.012 0.004 0.011 0.042 0.725 
 389 P _   0.006 0.216 0.001 0.014 0.005 0.012 0.040 0.705 
 390 H _   0.007 0.238 0.001 0.018 0.007 0.014 0.038 0.678 
 391 G _   0.007 0.266 0.001 0.022 0.008 0.015 0.035 0.645 
 392 L _   0.007 0.295 0.001 0.027 0.009 0.015 0.033 0.613 
 393 T _   0.007 0.319 0.001 0.030 0.010 0.015 0.031 0.587 
 394 R _   0.007 0.336 0.001 0.033 0.010 0.015 0.030 0.569 
 395 T _   0.007 0.346 0.001 0.033 0.010 0.015 0.028 0.560 
 396 S _   0.006 0.351 0.001 0.032 0.009 0.014 0.027 0.558 
 397 V _   0.006 0.352 0.001 0.030 0.009 0.014 0.027 0.562 
 398 T _   0.007 0.349 0.001 0.026 0.008 0.013 0.026 0.570 
 399 V _   0.007 0.342 0.001 0.022 0.007 0.013 0.026 0.582 
 400 S _   0.007 0.334 0.001 0.018 0.006 0.013 0.026 0.596 
 401 D _   0.007 0.325 0.001 0.015 0.005 0.013 0.026 0.609 
 402 L _   0.007 0.317 0.001 0.012 0.005 0.013 0.026 0.620 
 403 E _   0.007 0.312 0.001 0.010 0.005 0.013 0.026 0.627 
 404 P _   0.008 0.310 0.001 0.010 0.005 0.014 0.025 0.628 
 405 H _   0.008 0.312 0.001 0.010 0.005 0.015 0.025 0.625 
 406 M _   0.009 0.318 0.001 0.011 0.006 0.016 0.024 0.616 
 407 N _   0.010 0.327 0.001 0.012 0.007 0.017 0.023 0.603 
 408 Y _   0.011 0.341 0.001 0.014 0.008 0.017 0.023 0.585 
 409 T _   0.011 0.357 0.001 0.016 0.009 0.018 0.022 0.566 
 410 F _   0.011 0.374 0.001 0.018 0.010 0.018 0.021 0.547 
 411 T _   0.011 0.390 0.001 0.018 0.010 0.018 0.020 0.531 
 412 V _   0.012 0.405 0.001 0.018 0.010 0.018 0.019 0.517 
 413 E _   0.011 0.418 0.001 0.018 0.010 0.018 0.018 0.505 
 414 A _   0.011 0.429 0.001 0.018 0.010 0.018 0.018 0.495 
 415 R _   0.011 0.438 0.001 0.017 0.010 0.018 0.017 0.487 
 416 N _   0.011 0.447 0.001 0.018 0.010 0.018 0.017 0.479 
 417 G _   0.011 0.454 0.001 0.018 0.010 0.018 0.017 0.472 
 418 V _   0.011 0.460 0.001 0.018 0.010 0.017 0.017 0.467 
 419 S _   0.011 0.464 0.001 0.018 0.009 0.017 0.016 0.464 
 420 G E   0.011 0.466 0.001 0.018 0.009 0.016 0.016 0.463 
 421 L E   0.011 0.466 0.001 0.017 0.009 0.016 0.016 0.464 
 422 V _   0.011 0.465 0.001 0.016 0.008 0.016 0.016 0.466 
 423 T _   0.011 0.462 0.001 0.016 0.008 0.015 0.016 0.471 
 424 S _   0.010 0.459 0.001 0.016 0.008 0.015 0.016 0.476 
 425 R _   0.010 0.454 0.001 0.016 0.008 0.014 0.017 0.480 
 426 S _   0.010 0.450 0.001 0.016 0.008 0.014 0.017 0.484 
 427 F _   0.010 0.446 0.001 0.017 0.008 0.013 0.017 0.488 
 428 R _   0.009 0.440 0.001 0.019 0.008 0.013 0.018 0.493 
 429 T _   0.009 0.433 0.001 0.020 0.007 0.012 0.018 0.500 
 430 A _   0.009 0.423 0.001 0.020 0.007 0.012 0.019 0.510 
 431 S _   0.009 0.409 0.001 0.020 0.007 0.011 0.020 0.524 
 432 V _   0.009 0.391 0.001 0.020 0.006 0.010 0.021 0.542 
 433 S _   0.008 0.368 0.001 0.018 0.006 0.010 0.022 0.567 
 434 I _   0.008 0.342 0.001 0.016 0.005 0.009 0.023 0.596 
 435 N _   0.008 0.316 0.001 0.013 0.004 0.009 0.024 0.626 
 436 Q _   0.007 0.293 0.001 0.011 0.004 0.008 0.025 0.651 
 437 T _   0.006 0.276 0.000 0.009 0.003 0.008 0.026 0.671 
 438 E _   0.006 0.264 0.000 0.008 0.003 0.008 0.027 0.685 
 439 P _   0.005 0.258 0.000 0.007 0.002 0.008 0.027 0.691 
 440 P _   0.005 0.257 0.000 0.007 0.003 0.008 0.027 0.692 
 441 K _   0.005 0.260 0.000 0.008 0.003 0.009 0.027 0.688 
 442 V _   0.005 0.266 0.000 0.010 0.003 0.009 0.026 0.680 
 443 R _   0.005 0.275 0.000 0.012 0.004 0.010 0.026 0.668 
 444 L _   0.005 0.287 0.001 0.014 0.004 0.010 0.025 0.653 
 445 E _   0.005 0.299 0.001 0.017 0.005 0.011 0.024 0.638 
 446 G _   0.005 0.311 0.001 0.019 0.006 0.011 0.023 0.624 
 447 R _   0.005 0.322 0.001 0.021 0.006 0.012 0.022 0.611 
 448 S _   0.005 0.330 0.001 0.023 0.007 0.012 0.022 0.600 
 449 T _   0.005 0.337 0.001 0.025 0.007 0.012 0.022 0.591 
 450 T _   0.006 0.341 0.001 0.027 0.008 0.013 0.021 0.584 
 451 S _   0.006 0.343 0.001 0.028 0.008 0.013 0.021 0.579 
 452 L _   0.007 0.342 0.001 0.030 0.009 0.013 0.022 0.578 
 453 S _   0.007 0.337 0.001 0.030 0.009 0.013 0.022 0.581 
 454 V _   0.008 0.327 0.001 0.030 0.009 0.013 0.023 0.590 
 455 S _   0.008 0.310 0.001 0.028 0.008 0.013 0.024 0.608 
 456 W _   0.009 0.286 0.001 0.025 0.008 0.012 0.025 0.634 
 457 S _   0.009 0.255 0.001 0.020 0.007 0.012 0.027 0.668 
 458 I _   0.009 0.222 0.001 0.016 0.006 0.012 0.029 0.705 
 459 P _   0.009 0.193 0.001 0.012 0.005 0.012 0.030 0.738 
 460 P _   0.009 0.171 0.001 0.009 0.004 0.012 0.031 0.762 
 461 P _   0.009 0.160 0.000 0.007 0.004 0.013 0.032 0.775 
 462 Q _   0.009 0.155 0.000 0.007 0.004 0.014 0.033 0.778 
 463 Q _   0.010 0.155 0.000 0.008 0.004 0.015 0.033 0.774 
 464 S _   0.011 0.161 0.001 0.011 0.006 0.017 0.033 0.761 
 465 R _   0.012 0.172 0.001 0.017 0.008 0.018 0.033 0.739 
 466 V _   0.013 0.187 0.001 0.025 0.010 0.019 0.033 0.713 
 467 W _   0.013 0.202 0.001 0.033 0.012 0.020 0.033 0.686 
 468 K _   0.013 0.213 0.001 0.040 0.012 0.020 0.033 0.667 
 469 Y _   0.012 0.218 0.001 0.045 0.013 0.019 0.033 0.657 
 470 E _   0.012 0.218 0.001 0.047 0.012 0.018 0.034 0.657 
 471 V _   0.011 0.212 0.001 0.045 0.012 0.017 0.035 0.666 
 472 T _   0.011 0.198 0.001 0.040 0.010 0.015 0.037 0.688 
 473 Y _   0.010 0.175 0.001 0.033 0.008 0.013 0.039 0.720 
 474 R _   0.009 0.144 0.001 0.024 0.007 0.012 0.042 0.761 
 475 K _   0.009 0.112 0.001 0.016 0.005 0.010 0.044 0.804 
 476 K _   0.008 0.086 0.001 0.010 0.003 0.008 0.046 0.838 
 477 G _   0.006 0.069 0.000 0.006 0.002 0.007 0.047 0.861 
 478 D _   0.005 0.062 0.000 0.004 0.002 0.007 0.047 0.872 
 479 S _   0.005 0.059 0.000 0.004 0.002 0.007 0.047 0.875 
 480 N _   0.006 0.060 0.000 0.005 0.002 0.009 0.047 0.872 
 481 S _   0.007 0.067 0.000 0.007 0.003 0.011 0.046 0.859 
 482 Y _   0.008 0.083 0.001 0.012 0.005 0.014 0.044 0.833 
 483 N _   0.009 0.113 0.001 0.021 0.008 0.017 0.041 0.789 
 484 V _   0.010 0.156 0.001 0.032 0.011 0.019 0.038 0.732 
 485 R _   0.010 0.200 0.001 0.044 0.013 0.021 0.035 0.676 
 486 R _   0.009 0.232 0.001 0.054 0.014 0.021 0.033 0.635 
 487 T _   0.009 0.251 0.001 0.060 0.015 0.021 0.031 0.611 
 488 E _   0.009 0.260 0.001 0.063 0.015 0.020 0.031 0.601 
 489 G _   0.008 0.262 0.001 0.062 0.014 0.019 0.030 0.603 
 490 F _   0.008 0.256 0.001 0.057 0.013 0.018 0.030 0.616 
 491 S _   0.009 0.242 0.001 0.049 0.012 0.016 0.031 0.640 
 492 V _   0.009 0.219 0.001 0.039 0.010 0.015 0.032 0.675 
 493 T _   0.009 0.187 0.001 0.029 0.008 0.013 0.033 0.719 
 494 L _   0.009 0.152 0.001 0.021 0.006 0.012 0.034 0.764 
 495 D _   0.009 0.122 0.001 0.014 0.005 0.011 0.036 0.804 
 496 D _   0.008 0.101 0.000 0.009 0.003 0.011 0.036 0.831 
 497 L _   0.008 0.090 0.000 0.006 0.003 0.010 0.036 0.847 
 498 A _   0.008 0.085 0.000 0.005 0.002 0.010 0.036 0.853 
 499 P _   0.008 0.084 0.000 0.006 0.003 0.011 0.036 0.852 
 500 D _   0.009 0.088 0.000 0.008 0.004 0.013 0.035 0.843 
 501 T _   0.010 0.097 0.001 0.011 0.005 0.015 0.034 0.827 
 502 T _   0.011 0.114 0.001 0.018 0.007 0.017 0.032 0.801 
 503 Y _   0.011 0.135 0.001 0.026 0.009 0.018 0.030 0.769 
 504 L _   0.011 0.158 0.001 0.034 0.011 0.019 0.029 0.737 
 505 V _   0.011 0.175 0.001 0.042 0.012 0.019 0.027 0.713 
 506 Q _   0.010 0.186 0.001 0.046 0.012 0.019 0.026 0.699 
 507 V _   0.010 0.190 0.001 0.048 0.012 0.018 0.025 0.696 
 508 Q _   0.009 0.190 0.001 0.047 0.011 0.017 0.025 0.699 
 509 A _   0.009 0.184 0.001 0.044 0.010 0.016 0.025 0.711 
 510 L _   0.009 0.173 0.001 0.038 0.009 0.014 0.025 0.732 
 511 T _   0.008 0.154 0.001 0.032 0.008 0.013 0.025 0.759 
 512 Q _   0.008 0.130 0.001 0.025 0.007 0.011 0.026 0.793 
 513 E _   0.007 0.104 0.001 0.019 0.005 0.010 0.026 0.827 
 514 G _   0.007 0.081 0.001 0.014 0.004 0.009 0.027 0.857 
 515 Q _   0.006 0.063 0.000 0.011 0.003 0.008 0.027 0.881 
 516 G _   0.006 0.050 0.000 0.009 0.003 0.008 0.027 0.897 
 517 A _   0.006 0.042 0.000 0.008 0.003 0.008 0.027 0.907 
 518 G _   0.006 0.037 0.000 0.008 0.003 0.008 0.027 0.912 
 519 S _   0.006 0.034 0.000 0.009 0.003 0.008 0.026 0.913 
 520 K _   0.006 0.032 0.000 0.012 0.003 0.009 0.025 0.913 
 521 V _   0.006 0.031 0.000 0.014 0.004 0.009 0.025 0.911 
 522 H _   0.006 0.029 0.001 0.016 0.004 0.010 0.024 0.910 
 523 E _   0.006 0.027 0.001 0.018 0.005 0.010 0.023 0.911 
 524 F _   0.007 0.024 0.001 0.018 0.005 0.010 0.022 0.915 
 525 Q _   0.007 0.020 0.001 0.016 0.005 0.009 0.022 0.921 
 526 T _   0.008 0.015 0.001 0.014 0.004 0.009 0.021 0.930 
 527 L _   0.009 0.010 0.001 0.010 0.004 0.008 0.020 0.939 
 528 S _   0.013 0.005 0.000 0.007 0.003 0.007 0.019 0.945 
 529 P _   0.020 0.002 0.000 0.005 0.003 0.007 0.018 0.945 
 530 E _   0.034 0.001 0.000 0.003 0.003 0.007 0.017 0.936 
 531 G _   0.059 0.000 0.000 0.002 0.003 0.008 0.015 0.912 
 532 S _   0.105 0.000 0.001 0.002 0.004 0.009 0.013 0.867 
 533 G _   0.174 0.000 0.001 0.001 0.005 0.010 0.011 0.799 
 534 N _   0.264 0.000 0.001 0.001 0.006 0.010 0.009 0.709 
 535 L _   0.369 0.000 0.001 0.001 0.007 0.010 0.007 0.605 
 536 A _   0.474 0.000 0.001 0.001 0.008 0.010 0.005 0.502 
 537 V H   0.575 0.000 0.001 0.001 0.008 0.009 0.004 0.403 
 538 I H   0.665 0.000 0.001 0.001 0.008 0.008 0.003 0.315 
 539 G H   0.743 0.000 0.001 0.000 0.007 0.006 0.003 0.240 
 540 G H   0.808 0.000 0.001 0.000 0.006 0.005 0.002 0.178 
 541 V H   0.859 0.000 0.001 0.000 0.006 0.004 0.002 0.128 
 542 A H   0.897 0.000 0.001 0.000 0.006 0.003 0.001 0.091 
 543 V H   0.924 0.000 0.001 0.000 0.005 0.003 0.001 0.065 
 544 G H   0.941 0.000 0.001 0.000 0.006 0.003 0.001 0.049 
 545 V H   0.952 0.000 0.001 0.000 0.006 0.002 0.001 0.038 
 546 V H   0.958 0.000 0.001 0.000 0.006 0.002 0.001 0.033 
 547 L H   0.959 0.000 0.001 0.000 0.006 0.002 0.001 0.031 
 548 L H   0.956 0.000 0.001 0.000 0.007 0.002 0.001 0.033 
 549 L H   0.949 0.000 0.001 0.000 0.008 0.002 0.002 0.038 
 550 V H   0.938 0.000 0.001 0.000 0.009 0.003 0.002 0.048 
 551 L H   0.920 0.000 0.001 0.000 0.010 0.003 0.003 0.063 
 552 A H   0.893 0.000 0.001 0.000 0.011 0.004 0.004 0.086 
 553 G H   0.858 0.000 0.001 0.001 0.012 0.005 0.006 0.118 
 554 V H   0.810 0.000 0.001 0.001 0.013 0.006 0.009 0.161 
 555 G H   0.743 0.000 0.001 0.001 0.014 0.007 0.014 0.220 
 556 F H   0.657 0.000 0.001 0.002 0.014 0.008 0.021 0.296 
 557 F H   0.557 0.000 0.001 0.002 0.012 0.009 0.033 0.384 
 558 I _   0.451 0.000 0.001 0.003 0.011 0.010 0.047 0.477 
 559 H _   0.344 0.000 0.001 0.004 0.009 0.010 0.063 0.569 
 560 R _   0.247 0.000 0.001 0.004 0.006 0.009 0.079 0.653 
 561 R _   0.167 0.000 0.001 0.004 0.005 0.008 0.093 0.723 
 562 R _   0.108 0.000 0.001 0.004 0.003 0.007 0.104 0.773 
 563 K _   0.068 0.000 0.000 0.003 0.003 0.006 0.113 0.807 
 564 N _   0.042 0.000 0.000 0.003 0.002 0.006 0.119 0.827 
 565 Q _   0.027 0.000 0.000 0.003 0.002 0.006 0.125 0.837 
 566 R _   0.018 0.000 0.000 0.003 0.002 0.005 0.129 0.842 
 567 A _   0.013 0.001 0.000 0.004 0.002 0.006 0.132 0.842 
 568 R _   0.010 0.001 0.000 0.005 0.002 0.006 0.135 0.841 
 569 Q _   0.009 0.001 0.000 0.006 0.002 0.006 0.137 0.838 
 570 S _   0.007 0.002 0.000 0.007 0.002 0.007 0.139 0.836 
 571 P _   0.007 0.003 0.000 0.008 0.002 0.007 0.140 0.833 
 572 E _   0.006 0.003 0.000 0.009 0.002 0.007 0.141 0.831 
 573 D _   0.006 0.004 0.000 0.009 0.003 0.007 0.142 0.830 
 574 V _   0.006 0.004 0.000 0.009 0.002 0.007 0.142 0.829 
 575 Y _   0.005 0.005 0.000 0.008 0.002 0.007 0.143 0.829 
 576 F _   0.005 0.005 0.000 0.008 0.002 0.007 0.143 0.829 
 577 S _   0.005 0.006 0.000 0.008 0.002 0.007 0.143 0.828 
 578 K _   0.005 0.007 0.000 0.008 0.002 0.007 0.143 0.827 
 579 S _   0.005 0.008 0.000 0.009 0.003 0.008 0.142 0.825 
 580 E _   0.005 0.009 0.000 0.011 0.003 0.009 0.142 0.821 
 581 Q _   0.006 0.011 0.000 0.013 0.004 0.009 0.141 0.816 
 582 L _   0.006 0.014 0.000 0.016 0.004 0.010 0.140 0.809 
 583 K _   0.007 0.016 0.001 0.019 0.005 0.011 0.139 0.803 
 584 P _   0.007 0.018 0.001 0.021 0.005 0.011 0.139 0.798 
 585 L _   0.007 0.019 0.001 0.023 0.005 0.011 0.139 0.796 
 586 K _   0.007 0.019 0.001 0.023 0.005 0.010 0.139 0.796 
 587 T _   0.007 0.018 0.001 0.021 0.005 0.010 0.140 0.799 
 588 Y _   0.007 0.016 0.001 0.018 0.004 0.009 0.140 0.805 
 589 V _   0.006 0.014 0.000 0.014 0.003 0.008 0.141 0.812 
 590 D _   0.006 0.011 0.000 0.010 0.003 0.007 0.142 0.821 
 591 P _   0.005 0.009 0.000 0.007 0.002 0.006 0.142 0.829 
 592 H _   0.005 0.007 0.000 0.005 0.002 0.005 0.141 0.835 
 593 T _   0.004 0.007 0.000 0.003 0.001 0.005 0.140 0.839 
 594 Y _   0.004 0.007 0.000 0.003 0.001 0.006 0.138 0.841 
 595 E _   0.005 0.008 0.000 0.003 0.002 0.007 0.135 0.840 
 596 D _   0.005 0.012 0.000 0.005 0.002 0.009 0.132 0.834 
 597 P _   0.007 0.022 0.000 0.008 0.004 0.013 0.126 0.819 
 598 N _   0.009 0.047 0.001 0.014 0.007 0.017 0.119 0.786 
 599 Q _   0.011 0.091 0.001 0.024 0.011 0.021 0.109 0.732 
 600 A _   0.012 0.151 0.002 0.034 0.015 0.024 0.098 0.664 
 601 V _   0.012 0.209 0.002 0.043 0.017 0.025 0.089 0.604 
 602 L _   0.011 0.249 0.002 0.049 0.017 0.026 0.081 0.564 
 603 K _   0.011 0.274 0.001 0.052 0.017 0.025 0.076 0.544 
 604 F _   0.010 0.287 0.001 0.051 0.016 0.024 0.072 0.539 
 605 T _   0.010 0.292 0.001 0.046 0.015 0.023 0.069 0.544 
 606 T _   0.010 0.291 0.001 0.040 0.014 0.022 0.066 0.555 
 607 E _   0.010 0.286 0.001 0.033 0.012 0.020 0.065 0.573 
 608 I _   0.010 0.278 0.001 0.026 0.010 0.019 0.063 0.593 
 609 H _   0.010 0.267 0.001 0.020 0.009 0.018 0.062 0.613 
 610 P _   0.010 0.258 0.001 0.016 0.007 0.017 0.061 0.630 
 611 S _   0.010 0.251 0.001 0.013 0.006 0.016 0.060 0.643 
 612 C _   0.010 0.247 0.001 0.011 0.006 0.016 0.059 0.651 
 613 V _   0.010 0.246 0.001 0.011 0.006 0.016 0.057 0.654 
 614 T _   0.010 0.247 0.001 0.011 0.006 0.016 0.056 0.654 
 615 R _   0.010 0.251 0.001 0.012 0.006 0.016 0.054 0.651 
 616 Q _   0.010 0.257 0.001 0.013 0.007 0.016 0.052 0.645 
 617 K _   0.010 0.265 0.001 0.014 0.007 0.017 0.050 0.636 
 618 V _   0.010 0.274 0.001 0.016 0.008 0.017 0.048 0.626 
 619 I _   0.010 0.284 0.001 0.017 0.008 0.017 0.046 0.616 
 620 G _   0.010 0.295 0.001 0.019 0.009 0.017 0.044 0.604 
 621 A _   0.011 0.304 0.001 0.021 0.010 0.018 0.043 0.593 
 622 G _   0.011 0.312 0.001 0.024 0.011 0.018 0.041 0.583 
 623 E _   0.011 0.318 0.001 0.026 0.011 0.018 0.040 0.575 
 624 F _   0.011 0.320 0.001 0.029 0.012 0.018 0.039 0.570 
 625 G _   0.011 0.320 0.001 0.031 0.012 0.018 0.039 0.569 
 626 E _   0.012 0.316 0.001 0.032 0.012 0.017 0.038 0.572 
 627 V _   0.012 0.308 0.001 0.032 0.011 0.017 0.038 0.581 
 628 Y _   0.012 0.295 0.001 0.031 0.011 0.016 0.039 0.596 
 629 K _   0.012 0.275 0.001 0.029 0.010 0.015 0.040 0.618 
 630 G _   0.012 0.247 0.001 0.026 0.009 0.014 0.041 0.650 
 631 M _   0.012 0.213 0.001 0.022 0.008 0.013 0.042 0.690 
 632 L _   0.011 0.176 0.001 0.017 0.006 0.012 0.044 0.733 
 633 K _   0.010 0.143 0.001 0.013 0.005 0.011 0.045 0.773 
 634 T _   0.009 0.118 0.001 0.009 0.004 0.010 0.046 0.804 
 635 S _   0.008 0.102 0.000 0.007 0.003 0.010 0.046 0.825 
 636 S _   0.007 0.095 0.000 0.005 0.002 0.009 0.046 0.835 
 637 G _   0.007 0.093 0.000 0.005 0.002 0.010 0.045 0.838 
 638 K _   0.008 0.095 0.000 0.006 0.003 0.011 0.044 0.833 
 639 K _   0.009 0.102 0.000 0.008 0.004 0.013 0.043 0.821 
 640 E _   0.010 0.118 0.001 0.012 0.006 0.015 0.041 0.797 
 641 V _   0.011 0.145 0.001 0.019 0.008 0.017 0.039 0.760 
 642 P _   0.011 0.180 0.001 0.026 0.011 0.019 0.036 0.716 
 643 V _   0.011 0.215 0.001 0.033 0.012 0.020 0.033 0.674 
 644 A _   0.011 0.242 0.001 0.039 0.013 0.020 0.031 0.642 
 645 I _   0.011 0.261 0.001 0.043 0.013 0.020 0.030 0.621 
 646 K _   0.011 0.270 0.001 0.044 0.013 0.019 0.029 0.613 
 647 T _   0.010 0.273 0.001 0.043 0.013 0.018 0.028 0.614 
 648 L _   0.010 0.269 0.001 0.039 0.011 0.017 0.028 0.624 
 649 K _   0.010 0.260 0.001 0.034 0.010 0.016 0.028 0.642 
 650 A _   0.009 0.246 0.001 0.028 0.009 0.015 0.028 0.665 
 651 G _   0.009 0.227 0.001 0.022 0.007 0.013 0.028 0.692 
 652 Y _   0.008 0.208 0.001 0.016 0.006 0.013 0.029 0.720 
 653 T _   0.008 0.190 0.001 0.012 0.005 0.012 0.029 0.743 
 654 E _   0.008 0.178 0.000 0.009 0.004 0.012 0.029 0.760 
 655 K _   0.008 0.171 0.000 0.008 0.003 0.012 0.029 0.769 
 656 Q _   0.008 0.168 0.000 0.007 0.003 0.012 0.028 0.772 
 657 R _   0.008 0.169 0.000 0.008 0.004 0.013 0.028 0.769 
 658 V _   0.009 0.174 0.001 0.010 0.005 0.015 0.027 0.759 
 659 D _   0.010 0.183 0.001 0.014 0.007 0.017 0.026 0.743 
 660 F _   0.011 0.196 0.001 0.019 0.009 0.018 0.025 0.721 
 661 L _   0.012 0.210 0.001 0.026 0.011 0.020 0.024 0.697 
 662 G _   0.013 0.221 0.001 0.032 0.013 0.021 0.023 0.676 
 663 E _   0.013 0.228 0.001 0.037 0.014 0.022 0.022 0.663 
