#TopoPred_TM8: 8-state transmembrane topology prediction results by no_profile mode 
#probabilities are in the order of H E C I L F X _, the 8 transmembrane topology types used in PDBTM 
   1 M X   0.017 0.001 0.003 0.058 0.012 0.017 0.730 0.162 
   2 A X   0.009 0.001 0.000 0.043 0.003 0.013 0.750 0.179 
   3 P X   0.006 0.001 0.000 0.034 0.002 0.012 0.755 0.190 
   4 F X   0.007 0.002 0.000 0.029 0.002 0.014 0.752 0.194 
   5 L X   0.009 0.003 0.000 0.027 0.003 0.016 0.743 0.199 
   6 R X   0.011 0.004 0.001 0.025 0.005 0.018 0.730 0.205 
   7 I X   0.013 0.006 0.001 0.025 0.006 0.019 0.717 0.213 
   8 A X   0.014 0.008 0.001 0.025 0.007 0.019 0.704 0.222 
   9 F X   0.014 0.010 0.001 0.025 0.007 0.018 0.691 0.234 
  10 N X   0.013 0.011 0.001 0.025 0.007 0.016 0.679 0.247 
  11 S X   0.012 0.012 0.001 0.024 0.007 0.015 0.669 0.261 
  12 Y X   0.010 0.012 0.001 0.021 0.006 0.013 0.660 0.276 
  13 E X   0.009 0.012 0.001 0.019 0.005 0.011 0.653 0.291 
  14 L X   0.008 0.011 0.001 0.015 0.004 0.009 0.647 0.305 
  15 G X   0.007 0.009 0.000 0.012 0.003 0.008 0.641 0.319 
  16 S X   0.006 0.007 0.000 0.009 0.003 0.007 0.636 0.332 
  17 L X   0.005 0.006 0.000 0.007 0.002 0.005 0.630 0.344 
  18 Q X   0.004 0.004 0.000 0.005 0.002 0.005 0.624 0.356 
  19 A X   0.004 0.004 0.000 0.004 0.001 0.004 0.617 0.367 
  20 E X   0.003 0.003 0.000 0.003 0.001 0.004 0.609 0.377 
  21 D X   0.003 0.003 0.000 0.003 0.001 0.004 0.600 0.387 
  22 E X   0.003 0.003 0.000 0.003 0.001 0.004 0.589 0.396 
  23 A X   0.003 0.004 0.000 0.004 0.002 0.005 0.576 0.406 
  24 N X   0.004 0.007 0.000 0.005 0.002 0.006 0.562 0.414 
  25 Q X   0.004 0.011 0.000 0.008 0.003 0.008 0.545 0.420 
  26 P X   0.005 0.019 0.001 0.012 0.004 0.010 0.526 0.424 
  27 F X   0.005 0.029 0.001 0.018 0.006 0.012 0.504 0.424 
  28 C X   0.006 0.042 0.001 0.024 0.008 0.014 0.481 0.424 
  29 A X   0.006 0.054 0.001 0.030 0.009 0.015 0.461 0.423 
  30 V X   0.007 0.064 0.001 0.034 0.010 0.016 0.442 0.425 
  31 K _   0.007 0.071 0.001 0.037 0.010 0.017 0.427 0.431 
  32 M _   0.007 0.074 0.001 0.037 0.010 0.017 0.414 0.440 
  33 K _   0.007 0.076 0.001 0.035 0.010 0.016 0.403 0.453 
  34 E _   0.007 0.075 0.001 0.031 0.009 0.015 0.394 0.468 
  35 A _   0.008 0.072 0.001 0.027 0.008 0.014 0.386 0.484 
  36 L _   0.008 0.068 0.001 0.023 0.007 0.014 0.379 0.500 
  37 S _   0.008 0.063 0.001 0.020 0.006 0.013 0.373 0.517 
  38 T _   0.008 0.058 0.001 0.017 0.006 0.012 0.368 0.531 
  39 E _   0.008 0.053 0.001 0.015 0.005 0.011 0.363 0.544 
  40 R _   0.008 0.048 0.001 0.013 0.005 0.011 0.359 0.556 
  41 G _   0.008 0.043 0.001 0.012 0.004 0.010 0.354 0.567 
  42 K _   0.008 0.039 0.001 0.012 0.004 0.010 0.350 0.576 
  43 T _   0.007 0.035 0.001 0.011 0.004 0.010 0.346 0.586 
  44 L _   0.007 0.031 0.000 0.011 0.004 0.009 0.342 0.595 
  45 V _   0.007 0.028 0.000 0.010 0.004 0.009 0.337 0.604 
  46 Q _   0.007 0.025 0.000 0.010 0.004 0.009 0.333 0.612 
  47 K _   0.007 0.022 0.000 0.010 0.004 0.009 0.329 0.620 
  48 K _   0.006 0.020 0.000 0.010 0.004 0.008 0.325 0.626 
  49 P _   0.006 0.017 0.000 0.010 0.004 0.008 0.321 0.633 
  50 T _   0.006 0.015 0.000 0.010 0.004 0.008 0.317 0.639 
  51 M _   0.006 0.013 0.000 0.010 0.004 0.008 0.314 0.645 
  52 Y _   0.006 0.012 0.000 0.010 0.003 0.008 0.310 0.652 
  53 P _   0.005 0.010 0.000 0.009 0.003 0.008 0.306 0.659 
  54 E _   0.005 0.008 0.000 0.008 0.003 0.008 0.301 0.666 
  55 W _   0.005 0.006 0.000 0.007 0.003 0.008 0.297 0.673 
  56 K _   0.005 0.005 0.000 0.006 0.003 0.008 0.293 0.679 
  57 S _   0.006 0.004 0.000 0.006 0.003 0.009 0.288 0.685 
  58 T _   0.006 0.003 0.000 0.005 0.003 0.010 0.283 0.688 
  59 F _   0.008 0.003 0.000 0.005 0.003 0.012 0.278 0.690 
  60 D _   0.010 0.003 0.000 0.006 0.004 0.015 0.272 0.689 
  61 A _   0.014 0.003 0.001 0.007 0.005 0.018 0.266 0.686 
  62 H _   0.018 0.004 0.001 0.008 0.007 0.022 0.260 0.680 
  63 I _   0.024 0.005 0.001 0.009 0.010 0.027 0.253 0.670 
  64 Y _   0.031 0.007 0.001 0.012 0.013 0.032 0.246 0.657 
  65 E _   0.039 0.009 0.001 0.014 0.018 0.037 0.239 0.642 
  66 G _   0.046 0.012 0.001 0.017 0.022 0.042 0.233 0.626 
  67 R _   0.054 0.015 0.002 0.021 0.027 0.046 0.227 0.610 
  68 V _   0.060 0.017 0.002 0.024 0.030 0.048 0.222 0.597 
  69 I _   0.065 0.019 0.002 0.027 0.032 0.049 0.218 0.589 
  70 Q _   0.068 0.020 0.002 0.028 0.032 0.048 0.215 0.587 
  71 I _   0.069 0.020 0.002 0.029 0.031 0.046 0.213 0.591 
  72 V _   0.068 0.019 0.002 0.028 0.028 0.043 0.211 0.602 
  73 L _   0.066 0.017 0.002 0.024 0.023 0.039 0.210 0.619 
  74 M _   0.062 0.013 0.001 0.019 0.018 0.035 0.210 0.641 
  75 R _   0.058 0.008 0.001 0.014 0.014 0.031 0.209 0.665 
  76 A _   0.055 0.004 0.001 0.009 0.010 0.027 0.208 0.686 
  77 A _   0.053 0.002 0.001 0.005 0.007 0.024 0.207 0.702 
  78 E _   0.053 0.001 0.001 0.003 0.005 0.022 0.206 0.710 
  79 E _   0.057 0.000 0.000 0.002 0.004 0.022 0.204 0.710 
  80 P _   0.067 0.000 0.000 0.001 0.004 0.023 0.202 0.702 
  81 V _   0.083 0.000 0.001 0.001 0.006 0.026 0.200 0.684 
  82 S _   0.105 0.000 0.001 0.002 0.009 0.031 0.197 0.655 
  83 E _   0.132 0.001 0.001 0.003 0.015 0.038 0.195 0.615 
  84 V _   0.158 0.004 0.001 0.006 0.024 0.045 0.193 0.568 
  85 T _   0.179 0.013 0.002 0.012 0.035 0.051 0.192 0.516 
  86 V _   0.191 0.027 0.003 0.021 0.045 0.055 0.191 0.468 
  87 G _   0.194 0.041 0.003 0.033 0.050 0.055 0.192 0.432 
  88 V _   0.190 0.052 0.003 0.043 0.051 0.054 0.194 0.414 
  89 S _   0.179 0.057 0.003 0.049 0.048 0.050 0.198 0.416 
  90 V _   0.161 0.058 0.003 0.050 0.043 0.045 0.204 0.437 
  91 L _   0.138 0.054 0.002 0.046 0.035 0.039 0.211 0.475 
  92 A _   0.112 0.045 0.002 0.037 0.026 0.032 0.218 0.527 
  93 E _   0.085 0.033 0.002 0.026 0.017 0.025 0.227 0.585 
  94 R _   0.061 0.019 0.001 0.016 0.010 0.019 0.234 0.639 
  95 C _   0.042 0.009 0.001 0.008 0.005 0.014 0.239 0.682 
  96 K _   0.027 0.004 0.000 0.005 0.003 0.010 0.243 0.709 
  97 K _   0.017 0.002 0.000 0.003 0.002 0.007 0.246 0.724 
  98 N _   0.011 0.001 0.000 0.002 0.001 0.006 0.247 0.731 
  99 N _   0.008 0.001 0.000 0.002 0.001 0.006 0.248 0.734 
 100 G _   0.007 0.001 0.000 0.003 0.001 0.006 0.248 0.735 
 101 K _   0.006 0.001 0.000 0.004 0.002 0.007 0.248 0.733 
 102 A _   0.006 0.001 0.000 0.005 0.002 0.008 0.246 0.731 
 103 E _   0.006 0.002 0.000 0.006 0.003 0.009 0.245 0.728 
 104 F _   0.007 0.003 0.000 0.008 0.003 0.011 0.243 0.726 
 105 W _   0.007 0.004 0.000 0.009 0.003 0.012 0.240 0.724 
 106 L _   0.008 0.005 0.000 0.009 0.004 0.014 0.238 0.722 
 107 D _   0.010 0.006 0.000 0.008 0.004 0.017 0.235 0.719 
 108 L _   0.012 0.007 0.001 0.008 0.005 0.020 0.233 0.715 
 109 Q _   0.016 0.009 0.001 0.007 0.006 0.024 0.230 0.707 
 110 P _   0.022 0.011 0.001 0.007 0.008 0.029 0.226 0.695 
 111 Q _   0.031 0.016 0.001 0.008 0.012 0.035 0.223 0.674 
 112 A _   0.041 0.026 0.001 0.011 0.018 0.042 0.219 0.642 
 113 K _   0.052 0.043 0.002 0.016 0.026 0.048 0.215 0.599 
 114 V _   0.061 0.070 0.002 0.023 0.035 0.053 0.210 0.545 
 115 L _   0.068 0.103 0.003 0.032 0.041 0.055 0.207 0.491 
 116 M _   0.072 0.132 0.003 0.042 0.045 0.055 0.205 0.447 
 117 S _   0.073 0.151 0.002 0.051 0.045 0.053 0.204 0.420 
 118 V _   0.072 0.162 0.002 0.056 0.043 0.050 0.205 0.409 
 119 Q _   0.069 0.165 0.002 0.059 0.040 0.046 0.208 0.412 
 120 Y _   0.063 0.162 0.002 0.056 0.035 0.041 0.211 0.429 
 121 F _   0.056 0.152 0.002 0.050 0.028 0.035 0.217 0.459 
 122 L _   0.049 0.133 0.002 0.041 0.022 0.030 0.223 0.501 
 123 E _   0.041 0.105 0.002 0.032 0.016 0.025 0.230 0.550 
 124 D _   0.033 0.074 0.001 0.023 0.011 0.020 0.238 0.601 
 125 V _   0.027 0.046 0.001 0.015 0.007 0.016 0.244 0.645 
 126 D _   0.021 0.026 0.001 0.010 0.004 0.012 0.249 0.677 
 127 C _   0.016 0.015 0.000 0.007 0.003 0.010 0.253 0.697 
 128 K _   0.012 0.009 0.000 0.005 0.002 0.008 0.255 0.710 
 129 Q _   0.009 0.005 0.000 0.004 0.002 0.006 0.256 0.717 
 130 S _   0.007 0.004 0.000 0.004 0.001 0.006 0.256 0.722 
 131 M _   0.006 0.003 0.000 0.004 0.001 0.005 0.255 0.725 
 132 R _   0.005 0.002 0.000 0.004 0.001 0.005 0.254 0.728 
 133 S _   0.005 0.002 0.000 0.004 0.001 0.005 0.251 0.730 
 134 E _   0.005 0.003 0.000 0.005 0.002 0.005 0.248 0.733 
 135 D _   0.004 0.003 0.000 0.005 0.002 0.005 0.244 0.736 
 136 E _   0.004 0.004 0.000 0.006 0.002 0.006 0.239 0.740 
 137 A _   0.004 0.005 0.000 0.007 0.002 0.006 0.233 0.743 
 138 K _   0.004 0.006 0.000 0.007 0.002 0.007 0.226 0.747 
 139 F _   0.004 0.008 0.000 0.008 0.003 0.007 0.219 0.751 
 140 P _   0.004 0.010 0.000 0.010 0.003 0.008 0.212 0.753 
 141 T _   0.005 0.013 0.000 0.011 0.003 0.009 0.203 0.755 
 142 M _   0.005 0.016 0.001 0.013 0.004 0.010 0.195 0.756 
 143 N _   0.005 0.020 0.001 0.015 0.005 0.012 0.187 0.756 
 144 R _   0.006 0.025 0.001 0.017 0.006 0.013 0.178 0.754 
 145 R _   0.007 0.030 0.001 0.020 0.006 0.015 0.170 0.752 
 146 G _   0.007 0.034 0.001 0.022 0.007 0.017 0.162 0.750 
 147 A _   0.008 0.038 0.001 0.025 0.008 0.018 0.154 0.748 
 148 I _   0.008 0.041 0.001 0.026 0.009 0.020 0.147 0.748 
 149 K _   0.009 0.043 0.001 0.026 0.010 0.021 0.141 0.749 
 150 Q _   0.010 0.044 0.001 0.025 0.010 0.022 0.135 0.753 
 151 A _   0.011 0.044 0.001 0.023 0.010 0.023 0.130 0.758 
 152 K _   0.012 0.042 0.001 0.020 0.010 0.024 0.125 0.765 
 153 I _   0.014 0.040 0.001 0.017 0.009 0.026 0.121 0.772 
 154 H _   0.016 0.038 0.001 0.014 0.009 0.027 0.117 0.778 
 155 Y _   0.018 0.037 0.001 0.011 0.009 0.030 0.113 0.781 
 156 I _   0.022 0.036 0.001 0.010 0.010 0.033 0.109 0.779 
 157 K _   0.027 0.037 0.001 0.010 0.012 0.037 0.105 0.771 
 158 N _   0.033 0.041 0.001 0.012 0.015 0.041 0.100 0.757 
 159 H _   0.039 0.047 0.001 0.015 0.020 0.046 0.096 0.737 
 160 E _   0.045 0.055 0.002 0.019 0.025 0.050 0.091 0.713 
 161 F _   0.050 0.066 0.002 0.025 0.029 0.052 0.087 0.689 
 162 I _   0.054 0.075 0.002 0.031 0.033 0.054 0.083 0.669 
 163 A _   0.055 0.082 0.002 0.036 0.034 0.053 0.080 0.657 
 164 T _   0.055 0.086 0.002 0.037 0.034 0.052 0.078 0.655 
 165 F _   0.054 0.087 0.002 0.036 0.032 0.050 0.076 0.663 
 166 F _   0.052 0.085 0.002 0.033 0.029 0.047 0.075 0.679 
 167 G _   0.049 0.079 0.002 0.027 0.025 0.044 0.073 0.701 
 168 Q _   0.045 0.072 0.001 0.021 0.020 0.041 0.072 0.726 
 169 P _   0.042 0.064 0.001 0.015 0.016 0.038 0.072 0.751 
 170 T _   0.039 0.059 0.001 0.012 0.013 0.036 0.071 0.770 
 171 F _   0.035 0.056 0.001 0.010 0.012 0.034 0.070 0.783 
 172 C _   0.033 0.055 0.001 0.010 0.011 0.033 0.069 0.788 
 173 S _   0.032 0.058 0.001 0.011 0.011 0.032 0.068 0.787 
 174 V _   0.031 0.062 0.001 0.015 0.013 0.031 0.067 0.780 
 175 C _   0.030 0.069 0.001 0.021 0.014 0.031 0.066 0.768 
 176 K _   0.029 0.076 0.001 0.027 0.016 0.030 0.065 0.756 
 177 D _   0.027 0.081 0.001 0.033 0.016 0.028 0.064 0.749 
 178 F _   0.025 0.084 0.001 0.036 0.016 0.026 0.064 0.748 
 179 V _   0.023 0.083 0.001 0.037 0.015 0.024 0.064 0.754 
 180 W _   0.020 0.079 0.001 0.035 0.013 0.021 0.065 0.767 
 181 G _   0.017 0.071 0.001 0.029 0.010 0.018 0.066 0.787 
 182 L _   0.015 0.060 0.001 0.023 0.008 0.015 0.067 0.811 
 183 N _   0.012 0.047 0.001 0.016 0.006 0.013 0.068 0.837 
 184 K _   0.011 0.036 0.001 0.011 0.004 0.011 0.068 0.860 
 185 Q _   0.009 0.027 0.000 0.007 0.003 0.009 0.069 0.876 
 186 G _   0.007 0.022 0.000 0.005 0.002 0.008 0.069 0.886 
 187 Y _   0.007 0.020 0.000 0.004 0.002 0.008 0.068 0.891 
 188 K _   0.006 0.020 0.000 0.004 0.002 0.008 0.068 0.891 
 189 C _   0.006 0.022 0.000 0.005 0.002 0.009 0.067 0.888 
 190 R _   0.007 0.026 0.000 0.007 0.003 0.010 0.066 0.881 
 191 Q _   0.007 0.032 0.001 0.010 0.004 0.011 0.064 0.870 
 192 C _   0.008 0.041 0.001 0.013 0.005 0.013 0.062 0.857 
 193 N _   0.008 0.052 0.001 0.016 0.006 0.015 0.060 0.842 
 194 A _   0.009 0.062 0.001 0.018 0.007 0.016 0.058 0.829 
 195 A _   0.010 0.072 0.001 0.019 0.008 0.017 0.056 0.817 
 196 I _   0.010 0.080 0.001 0.019 0.008 0.019 0.054 0.808 
 197 H _   0.011 0.088 0.001 0.019 0.009 0.020 0.053 0.799 
 198 K _   0.013 0.095 0.001 0.019 0.010 0.022 0.051 0.790 
 199 K _   0.014 0.103 0.001 0.019 0.011 0.024 0.049 0.779 
 200 C _   0.016 0.112 0.001 0.020 0.012 0.026 0.048 0.765 
 201 I _   0.018 0.124 0.001 0.022 0.014 0.028 0.047 0.746 
 202 D _   0.020 0.137 0.001 0.026 0.016 0.030 0.045 0.725 
 203 K _   0.021 0.153 0.001 0.031 0.019 0.031 0.044 0.701 
 204 I _   0.023 0.167 0.002 0.037 0.020 0.031 0.043 0.678 
 205 I _   0.023 0.178 0.002 0.042 0.021 0.031 0.042 0.661 
 206 G _   0.023 0.184 0.002 0.046 0.021 0.030 0.042 0.653 
 207 R _   0.022 0.185 0.001 0.047 0.020 0.028 0.042 0.654 
 208 C _   0.021 0.181 0.001 0.045 0.018 0.026 0.042 0.665 
 209 T _   0.019 0.172 0.001 0.040 0.016 0.023 0.043 0.686 
 210 G _   0.017 0.156 0.001 0.033 0.013 0.021 0.044 0.714 
 211 T _   0.015 0.136 0.001 0.026 0.010 0.018 0.046 0.748 
 212 A _   0.013 0.113 0.001 0.019 0.008 0.016 0.047 0.783 
 213 A _   0.012 0.094 0.001 0.014 0.006 0.014 0.048 0.812 
 214 N _   0.010 0.080 0.001 0.010 0.005 0.013 0.049 0.832 
 215 S _   0.009 0.072 0.000 0.009 0.004 0.012 0.049 0.844 
 216 R _   0.009 0.067 0.000 0.009 0.004 0.012 0.050 0.850 
 217 D _   0.009 0.065 0.000 0.010 0.004 0.012 0.050 0.851 
 218 T _   0.009 0.065 0.001 0.012 0.005 0.012 0.050 0.848 
 219 I _   0.009 0.065 0.001 0.014 0.005 0.013 0.050 0.843 
 220 F _   0.009 0.066 0.001 0.017 0.006 0.013 0.050 0.838 
 221 Q _   0.009 0.066 0.001 0.019 0.007 0.013 0.050 0.835 
 222 K _   0.009 0.065 0.001 0.020 0.007 0.013 0.051 0.834 
 223 E _   0.009 0.063 0.001 0.021 0.007 0.013 0.051 0.837 
 224 R _   0.008 0.059 0.001 0.020 0.007 0.012 0.052 0.841 
 225 F _   0.008 0.054 0.001 0.018 0.006 0.012 0.053 0.848 
 226 N _   0.008 0.048 0.001 0.016 0.006 0.011 0.054 0.856 
 227 I _   0.008 0.043 0.001 0.015 0.005 0.011 0.055 0.863 
 228 D _   0.008 0.038 0.001 0.013 0.005 0.011 0.056 0.869 
 229 M _   0.008 0.033 0.001 0.012 0.005 0.010 0.057 0.874 
 230 P _   0.008 0.029 0.001 0.011 0.004 0.010 0.058 0.879 
 231 H _   0.008 0.025 0.001 0.011 0.004 0.010 0.059 0.882 
 232 R _   0.008 0.022 0.001 0.011 0.004 0.010 0.060 0.885 
 233 F _   0.008 0.019 0.000 0.010 0.004 0.010 0.060 0.887 
 234 K _   0.007 0.017 0.000 0.010 0.004 0.010 0.061 0.890 
 235 V _   0.007 0.015 0.000 0.010 0.004 0.011 0.062 0.891 
 236 H _   0.007 0.013 0.000 0.009 0.004 0.011 0.062 0.893 
 237 N _   0.007 0.012 0.000 0.009 0.004 0.012 0.062 0.894 
 238 Y _   0.008 0.011 0.000 0.008 0.004 0.013 0.062 0.894 
 239 M _   0.009 0.010 0.000 0.007 0.004 0.014 0.062 0.893 
 240 S _   0.011 0.009 0.000 0.007 0.004 0.016 0.062 0.890 
 241 P _   0.013 0.009 0.001 0.006 0.005 0.019 0.062 0.885 
 242 T _   0.018 0.010 0.001 0.006 0.006 0.022 0.061 0.876 
 243 F _   0.024 0.012 0.001 0.007 0.008 0.027 0.061 0.861 
 244 C _   0.033 0.016 0.001 0.008 0.012 0.034 0.060 0.838 
 245 D _   0.044 0.023 0.001 0.011 0.018 0.041 0.059 0.804 
 246 H _   0.057 0.036 0.002 0.014 0.026 0.048 0.057 0.759 
 247 C _   0.071 0.058 0.002 0.021 0.036 0.055 0.056 0.702 
 248 G _   0.081 0.085 0.003 0.029 0.044 0.060 0.055 0.643 
 249 S _   0.089 0.111 0.003 0.038 0.050 0.062 0.054 0.592 
 250 L _   0.094 0.132 0.003 0.047 0.053 0.061 0.054 0.555 
 251 L _   0.095 0.145 0.003 0.054 0.052 0.059 0.055 0.536 
 252 W _   0.092 0.151 0.003 0.058 0.050 0.056 0.057 0.534 
 253 G _   0.087 0.151 0.003 0.057 0.045 0.051 0.059 0.548 
 254 L _   0.079 0.144 0.002 0.052 0.038 0.045 0.062 0.576 
 255 V _   0.069 0.131 0.002 0.045 0.031 0.039 0.065 0.617 
 256 K _   0.059 0.110 0.002 0.036 0.023 0.033 0.069 0.668 
 257 Q _   0.047 0.085 0.002 0.027 0.017 0.028 0.073 0.722 
 258 G _   0.037 0.059 0.001 0.019 0.011 0.022 0.076 0.773 
 259 L _   0.028 0.038 0.001 0.014 0.008 0.018 0.080 0.814 
 260 K _   0.021 0.024 0.001 0.010 0.005 0.014 0.082 0.843 
 261 C _   0.015 0.016 0.000 0.007 0.004 0.012 0.084 0.862 
 262 E _   0.012 0.011 0.000 0.006 0.003 0.010 0.085 0.873 
 263 D _   0.009 0.009 0.000 0.005 0.002 0.008 0.086 0.880 
 264 C _   0.008 0.007 0.000 0.005 0.002 0.008 0.086 0.884 
 265 G _   0.007 0.007 0.000 0.005 0.002 0.008 0.086 0.886 
 266 M _   0.006 0.007 0.000 0.005 0.002 0.008 0.085 0.886 
 267 N _   0.006 0.007 0.000 0.005 0.002 0.008 0.085 0.885 
 268 V _   0.007 0.009 0.000 0.006 0.003 0.009 0.083 0.883 
 269 H _   0.007 0.011 0.000 0.007 0.003 0.011 0.082 0.879 
 270 H _   0.008 0.015 0.000 0.008 0.004 0.013 0.080 0.871 
 271 K _   0.009 0.020 0.001 0.010 0.005 0.016 0.078 0.861 
 272 C _   0.011 0.028 0.001 0.012 0.007 0.018 0.076 0.847 
 273 R _   0.013 0.038 0.001 0.015 0.009 0.021 0.074 0.829 
 274 E _   0.015 0.049 0.001 0.019 0.011 0.024 0.072 0.809 
 275 K _   0.017 0.062 0.001 0.022 0.013 0.027 0.070 0.790 
 276 V _   0.019 0.073 0.001 0.025 0.015 0.029 0.068 0.771 
 277 A _   0.021 0.082 0.001 0.027 0.016 0.031 0.066 0.756 
 278 N _   0.023 0.090 0.001 0.028 0.017 0.032 0.065 0.745 
 279 L _   0.024 0.094 0.001 0.027 0.017 0.032 0.064 0.739 
 280 C _   0.026 0.097 0.001 0.026 0.017 0.033 0.064 0.737 
 281 G _   0.027 0.098 0.001 0.024 0.016 0.033 0.064 0.737 
 282 I _   0.029 0.098 0.001 0.021 0.015 0.032 0.064 0.740 
 283 N _   0.030 0.098 0.001 0.019 0.014 0.032 0.064 0.743 
 284 Q _   0.030 0.097 0.001 0.017 0.013 0.031 0.064 0.747 
 285 K _   0.031 0.096 0.001 0.016 0.013 0.031 0.064 0.749 
 286 L _   0.030 0.097 0.001 0.016 0.012 0.030 0.065 0.750 
 287 L _   0.030 0.098 0.001 0.016 0.012 0.029 0.065 0.749 
 288 A _   0.029 0.100 0.001 0.018 0.012 0.028 0.065 0.747 
 289 E _   0.028 0.102 0.001 0.020 0.012 0.027 0.066 0.743 
 290 A _   0.027 0.104 0.001 0.023 0.012 0.026 0.066 0.741 
 291 L _   0.025 0.105 0.001 0.026 0.012 0.024 0.067 0.740 
 292 N _   0.024 0.104 0.001 0.028 0.012 0.022 0.068 0.742 
 293 Q _   0.021 0.101 0.001 0.028 0.011 0.020 0.069 0.749 
 294 V _   0.019 0.095 0.001 0.027 0.009 0.018 0.070 0.760 
 295 T _   0.017 0.086 0.001 0.024 0.008 0.016 0.072 0.776 
 296 Q _   0.014 0.075 0.001 0.021 0.007 0.014 0.074 0.795 
 297 R _   0.012 0.062 0.001 0.016 0.005 0.012 0.076 0.816 
 298 A _   0.011 0.049 0.001 0.012 0.004 0.010 0.078 0.836 
 299 S _   0.009 0.038 0.000 0.009 0.003 0.008 0.079 0.854 
 300 R _   0.007 0.030 0.000 0.006 0.002 0.007 0.080 0.867 
 301 R _   0.006 0.026 0.000 0.005 0.002 0.006 0.080 0.875 
 302 S _   0.006 0.024 0.000 0.004 0.002 0.006 0.079 0.879 
 303 D _   0.005 0.024 0.000 0.004 0.002 0.006 0.079 0.880 
 304 S _   0.005 0.026 0.000 0.005 0.002 0.007 0.078 0.877 
 305 A _   0.006 0.032 0.000 0.007 0.003 0.008 0.076 0.869 
 306 S _   0.006 0.042 0.000 0.010 0.004 0.010 0.073 0.855 
 307 S _   0.007 0.059 0.001 0.014 0.005 0.012 0.070 0.831 
 308 E _   0.008 0.084 0.001 0.021 0.007 0.013 0.067 0.799 
 309 P _   0.008 0.113 0.001 0.027 0.009 0.015 0.063 0.764 
 310 V _   0.009 0.139 0.001 0.033 0.010 0.016 0.060 0.732 
 311 G _   0.009 0.160 0.001 0.037 0.010 0.016 0.058 0.709 
 312 I _   0.009 0.174 0.001 0.040 0.010 0.016 0.056 0.694 
 313 Y _   0.008 0.183 0.001 0.040 0.010 0.015 0.055 0.688 
 314 Q _   0.008 0.187 0.001 0.038 0.009 0.015 0.054 0.688 
 315 G _   0.008 0.187 0.001 0.035 0.009 0.014 0.053 0.694 
 316 F _   0.008 0.184 0.001 0.031 0.008 0.013 0.053 0.703 
 317 E _   0.007 0.179 0.001 0.027 0.007 0.012 0.053 0.715 
 318 K _   0.007 0.172 0.001 0.023 0.006 0.011 0.054 0.727 
 319 K _   0.007 0.164 0.001 0.020 0.005 0.010 0.054 0.739 
 320 T _   0.006 0.157 0.001 0.018 0.004 0.009 0.054 0.750 
 321 G _   0.006 0.149 0.000 0.017 0.004 0.009 0.055 0.760 
 322 V _   0.006 0.142 0.000 0.015 0.004 0.008 0.055 0.769 
 323 A _   0.006 0.135 0.000 0.014 0.003 0.008 0.056 0.778 
 324 G _   0.005 0.128 0.000 0.012 0.003 0.007 0.056 0.787 
 325 E _   0.005 0.121 0.000 0.011 0.003 0.007 0.056 0.797 
 326 D _   0.005 0.115 0.000 0.009 0.002 0.006 0.056 0.806 
 327 M _   0.004 0.111 0.000 0.008 0.002 0.006 0.056 0.813 
 328 Q _   0.004 0.108 0.000 0.007 0.002 0.006 0.056 0.818 
 329 D _   0.004 0.107 0.000 0.006 0.002 0.006 0.055 0.819 
 330 N _   0.004 0.110 0.000 0.007 0.002 0.007 0.054 0.817 
 331 S _   0.004 0.115 0.000 0.009 0.002 0.007 0.052 0.810 
 332 G _   0.004 0.124 0.000 0.011 0.003 0.008 0.050 0.798 
 333 T _   0.005 0.137 0.001 0.015 0.004 0.009 0.048 0.781 
 334 Y _   0.005 0.154 0.001 0.019 0.005 0.010 0.045 0.761 
 335 G _   0.005 0.171 0.001 0.022 0.005 0.011 0.043 0.742 
 336 K _   0.005 0.185 0.001 0.024 0.006 0.011 0.041 0.727 
 337 I _   0.005 0.196 0.001 0.025 0.006 0.011 0.039 0.719 
 338 W _   0.005 0.203 0.001 0.023 0.005 0.011 0.037 0.715 
 339 E _   0.005 0.207 0.001 0.021 0.005 0.011 0.036 0.715 
 340 G _   0.005 0.210 0.001 0.018 0.005 0.011 0.034 0.717 
 341 S _   0.005 0.212 0.001 0.015 0.004 0.012 0.033 0.719 
 342 S _   0.005 0.214 0.001 0.013 0.004 0.012 0.032 0.719 
 343 K _   0.006 0.218 0.001 0.012 0.005 0.014 0.031 0.714 
 344 C _   0.008 0.226 0.001 0.012 0.006 0.015 0.030 0.703 
 345 N _   0.009 0.239 0.001 0.015 0.008 0.018 0.028 0.683 
 346 I _   0.011 0.258 0.001 0.018 0.010 0.020 0.026 0.656 
 347 N _   0.013 0.282 0.001 0.023 0.012 0.022 0.025 0.622 
 348 N _   0.014 0.307 0.001 0.028 0.014 0.023 0.023 0.589 
 349 F _   0.014 0.326 0.001 0.033 0.015 0.024 0.022 0.564 
 350 I _   0.014 0.338 0.001 0.036 0.016 0.024 0.021 0.549 
 351 F _   0.015 0.343 0.001 0.037 0.016 0.023 0.020 0.545 
 352 H _   0.014 0.343 0.001 0.035 0.015 0.022 0.020 0.549 
 353 K _   0.014 0.337 0.001 0.032 0.014 0.021 0.020 0.562 
 354 V _   0.014 0.325 0.001 0.027 0.012 0.020 0.020 0.581 
 355 L _   0.014 0.310 0.001 0.022 0.011 0.019 0.020 0.604 
 356 G _   0.013 0.293 0.001 0.018 0.009 0.018 0.020 0.628 
 357 K _   0.013 0.277 0.001 0.015 0.008 0.017 0.021 0.648 
 358 G _   0.013 0.265 0.001 0.013 0.007 0.016 0.021 0.664 
 359 S _   0.012 0.255 0.001 0.013 0.007 0.016 0.021 0.675 
 360 F _   0.012 0.249 0.001 0.013 0.007 0.015 0.021 0.682 
 361 G _   0.012 0.244 0.001 0.014 0.007 0.015 0.021 0.687 
 362 K _   0.011 0.239 0.001 0.015 0.007 0.015 0.022 0.691 
 363 V _   0.011 0.234 0.001 0.016 0.007 0.014 0.022 0.696 
 364 L _   0.010 0.229 0.001 0.016 0.006 0.014 0.022 0.702 
 365 L _   0.010 0.222 0.001 0.016 0.006 0.013 0.022 0.711 
 366 G _   0.009 0.213 0.001 0.014 0.006 0.013 0.022 0.721 
 367 E _   0.009 0.205 0.001 0.013 0.006 0.012 0.022 0.732 
 368 L _   0.009 0.196 0.001 0.012 0.005 0.012 0.023 0.742 
 369 K _   0.009 0.189 0.001 0.012 0.005 0.013 0.023 0.750 
 370 G _   0.009 0.183 0.001 0.012 0.005 0.013 0.023 0.755 
 371 R _   0.009 0.179 0.001 0.012 0.005 0.013 0.023 0.757 
 372 G _   0.009 0.177 0.001 0.014 0.006 0.014 0.023 0.756 
 373 E _   0.010 0.175 0.001 0.016 0.007 0.015 0.023 0.754 
 374 Y _   0.010 0.173 0.001 0.018 0.007 0.015 0.023 0.752 
 375 F _   0.011 0.171 0.001 0.021 0.008 0.016 0.024 0.750 
 376 A _   0.011 0.168 0.001 0.023 0.009 0.016 0.024 0.749 
 377 I _   0.011 0.163 0.001 0.024 0.009 0.016 0.024 0.752 
 378 K _   0.011 0.155 0.001 0.025 0.009 0.016 0.025 0.759 
 379 A _   0.011 0.144 0.001 0.025 0.009 0.015 0.026 0.769 
 380 L _   0.012 0.129 0.001 0.023 0.009 0.015 0.027 0.785 
 381 K _   0.012 0.111 0.001 0.021 0.008 0.014 0.028 0.804 
 382 K _   0.012 0.091 0.001 0.019 0.007 0.013 0.030 0.827 
 383 D _   0.012 0.069 0.001 0.016 0.007 0.013 0.031 0.851 
 384 V _   0.012 0.049 0.001 0.013 0.006 0.012 0.033 0.875 
 385 V _   0.011 0.033 0.001 0.010 0.005 0.011 0.034 0.896 
 386 L _   0.011 0.020 0.001 0.008 0.004 0.011 0.035 0.911 
 387 I _   0.010 0.013 0.000 0.006 0.003 0.011 0.036 0.921 
 388 D _   0.011 0.008 0.000 0.005 0.003 0.011 0.037 0.926 
 389 D _   0.011 0.005 0.000 0.004 0.003 0.012 0.037 0.928 
 390 D _   0.012 0.004 0.000 0.004 0.003 0.014 0.037 0.926 
 391 V _   0.014 0.004 0.000 0.005 0.004 0.016 0.037 0.919 
 392 E _   0.017 0.005 0.001 0.006 0.005 0.020 0.036 0.910 
 393 C _   0.020 0.007 0.001 0.009 0.007 0.024 0.035 0.897 
 394 T _   0.024 0.010 0.001 0.012 0.010 0.029 0.035 0.879 
 395 M _   0.027 0.013 0.001 0.017 0.014 0.033 0.034 0.861 
 396 V _   0.030 0.018 0.001 0.023 0.017 0.037 0.033 0.842 
 397 E _   0.032 0.021 0.001 0.028 0.019 0.040 0.032 0.827 
 398 K _   0.033 0.024 0.001 0.031 0.021 0.041 0.031 0.817 
 399 R _   0.034 0.025 0.001 0.032 0.022 0.042 0.031 0.813 
 400 V _   0.035 0.024 0.001 0.031 0.021 0.042 0.030 0.815 
 401 L _   0.036 0.022 0.001 0.028 0.020 0.042 0.030 0.821 
 402 T _   0.037 0.019 0.001 0.023 0.018 0.041 0.030 0.832 
 403 L _   0.039 0.014 0.001 0.017 0.015 0.040 0.030 0.843 
 404 A _   0.041 0.010 0.001 0.013 0.013 0.039 0.030 0.853 
 405 A _   0.044 0.007 0.001 0.009 0.011 0.039 0.030 0.858 
 406 E _   0.048 0.005 0.001 0.007 0.011 0.039 0.030 0.859 
 407 N _   0.054 0.004 0.001 0.006 0.011 0.040 0.029 0.853 
 408 P _   0.062 0.004 0.001 0.007 0.013 0.042 0.029 0.842 
 409 F _   0.071 0.005 0.001 0.009 0.016 0.045 0.029 0.825 
 410 L _   0.081 0.006 0.001 0.012 0.020 0.047 0.028 0.804 
 411 T _   0.090 0.007 0.002 0.016 0.023 0.049 0.028 0.785 
 412 H _   0.096 0.008 0.002 0.020 0.025 0.049 0.028 0.771 
 413 L _   0.101 0.009 0.002 0.022 0.025 0.048 0.028 0.765 
 414 I _   0.102 0.008 0.002 0.022 0.024 0.046 0.029 0.767 
 415 C _   0.102 0.007 0.002 0.018 0.020 0.043 0.029 0.778 
 416 T _   0.101 0.005 0.001 0.013 0.016 0.040 0.029 0.794 
 417 F _   0.099 0.003 0.001 0.008 0.012 0.038 0.029 0.810 
 418 Q _   0.097 0.001 0.001 0.005 0.009 0.036 0.029 0.822 
 419 T _   0.098 0.000 0.001 0.003 0.008 0.035 0.029 0.826 
 420 K _   0.101 0.000 0.001 0.002 0.008 0.036 0.029 0.823 
 421 D _   0.108 0.000 0.001 0.002 0.010 0.039 0.029 0.812 
 422 H _   0.118 0.001 0.001 0.004 0.013 0.042 0.029 0.792 
 423 L _   0.128 0.004 0.001 0.007 0.019 0.046 0.029 0.766 
 424 F _   0.135 0.010 0.002 0.013 0.026 0.050 0.029 0.735 
 425 F _   0.139 0.020 0.002 0.021 0.032 0.051 0.029 0.706 
 426 V _   0.137 0.028 0.002 0.030 0.035 0.051 0.029 0.687 
 427 M _   0.130 0.034 0.002 0.036 0.036 0.049 0.030 0.682 
 428 E _   0.120 0.037 0.002 0.038 0.034 0.046 0.031 0.692 
 429 F _   0.106 0.037 0.002 0.036 0.030 0.042 0.032 0.715 
 430 L _   0.091 0.034 0.002 0.032 0.026 0.037 0.033 0.745 
 431 N _   0.076 0.030 0.002 0.027 0.020 0.032 0.034 0.779 
 432 G _   0.063 0.025 0.001 0.021 0.015 0.027 0.036 0.812 
 433 G _   0.051 0.019 0.001 0.017 0.011 0.023 0.037 0.842 
 434 D _   0.040 0.014 0.001 0.013 0.008 0.019 0.038 0.867 
 435 L _   0.032 0.010 0.001 0.011 0.006 0.016 0.039 0.886 
 436 M _   0.024 0.006 0.001 0.009 0.004 0.013 0.040 0.903 
 437 Y _   0.019 0.004 0.000 0.007 0.003 0.011 0.041 0.915 
 438 H _   0.015 0.002 0.000 0.005 0.003 0.009 0.041 0.925 
 439 I _   0.012 0.001 0.000 0.004 0.002 0.008 0.040 0.932 
 440 Q _   0.011 0.001 0.000 0.003 0.002 0.007 0.040 0.935 
 441 D _   0.013 0.000 0.000 0.003 0.002 0.008 0.039 0.936 
 442 K _   0.016 0.000 0.000 0.003 0.002 0.008 0.037 0.933 
 443 G _   0.023 0.000 0.000 0.003 0.002 0.010 0.036 0.926 
 444 R _   0.036 0.000 0.000 0.003 0.003 0.012 0.034 0.911 
 445 F _   0.058 0.000 0.001 0.003 0.004 0.015 0.031 0.887 
 446 E _   0.092 0.000 0.001 0.004 0.006 0.018 0.029 0.851 
 447 L _   0.139 0.000 0.001 0.004 0.009 0.022 0.025 0.800 
 448 Y _   0.202 0.000 0.001 0.004 0.012 0.025 0.022 0.733 
 449 R _   0.278 0.000 0.001 0.004 0.016 0.029 0.018 0.654 
 450 A _   0.364 0.000 0.002 0.003 0.020 0.031 0.014 0.565 
 451 T _   0.453 0.000 0.002 0.003 0.025 0.033 0.011 0.474 
 452 F H   0.535 0.000 0.002 0.002 0.029 0.033 0.009 0.390 
 453 Y H   0.606 0.000 0.002 0.002 0.032 0.032 0.007 0.318 
 454 A H   0.662 0.000 0.002 0.002 0.034 0.031 0.006 0.263 
 455 A H   0.701 0.000 0.002 0.002 0.035 0.029 0.006 0.225 
 456 E H   0.726 0.000 0.002 0.002 0.035 0.027 0.005 0.202 
 457 I H   0.738 0.000 0.002 0.002 0.034 0.025 0.005 0.192 
 458 M H   0.737 0.000 0.002 0.003 0.033 0.024 0.006 0.197 
 459 C H   0.720 0.000 0.002 0.003 0.031 0.022 0.006 0.216 
 460 G H   0.690 0.000 0.002 0.003 0.029 0.021 0.007 0.250 
 461 L H   0.641 0.000 0.002 0.003 0.025 0.020 0.008 0.301 
 462 Q H   0.575 0.000 0.002 0.003 0.022 0.020 0.009 0.370 
 463 F H   0.498 0.000 0.001 0.003 0.018 0.019 0.011 0.450 
 464 L _   0.416 0.000 0.001 0.003 0.015 0.019 0.012 0.533 
 465 H _   0.341 0.000 0.001 0.003 0.012 0.019 0.015 0.609 
 466 S _   0.272 0.000 0.001 0.004 0.011 0.019 0.017 0.677 
 467 K _   0.212 0.000 0.001 0.005 0.010 0.018 0.019 0.735 
 468 G _   0.163 0.001 0.001 0.007 0.009 0.018 0.021 0.781 
 469 I _   0.124 0.001 0.001 0.008 0.008 0.018 0.022 0.817 
 470 I _   0.093 0.002 0.001 0.010 0.008 0.017 0.024 0.845 
 471 Y _   0.069 0.003 0.001 0.012 0.008 0.016 0.025 0.867 
 472 R _   0.051 0.003 0.001 0.013 0.007 0.015 0.027 0.883 
 473 D _   0.037 0.004 0.001 0.013 0.006 0.014 0.028 0.896 
 474 L _   0.028 0.004 0.001 0.013 0.006 0.013 0.029 0.907 
 475 K _   0.021 0.005 0.001 0.012 0.005 0.012 0.030 0.915 
 476 L _   0.016 0.005 0.001 0.011 0.004 0.010 0.031 0.923 
 477 D _   0.012 0.005 0.000 0.009 0.003 0.009 0.031 0.929 
 478 N _   0.010 0.005 0.000 0.008 0.003 0.008 0.032 0.934 
 479 V _   0.009 0.005 0.000 0.007 0.003 0.007 0.032 0.937 
 480 L _   0.008 0.006 0.000 0.006 0.002 0.007 0.032 0.939 
 481 L _   0.007 0.007 0.000 0.005 0.002 0.007 0.032 0.939 
 482 D _   0.007 0.009 0.000 0.005 0.002 0.007 0.032 0.938 
 483 R _   0.007 0.011 0.000 0.006 0.003 0.008 0.031 0.934 
 484 D _   0.007 0.016 0.000 0.008 0.003 0.009 0.030 0.926 
 485 G _   0.008 0.025 0.001 0.010 0.004 0.011 0.029 0.913 
 486 H _   0.008 0.037 0.001 0.013 0.005 0.013 0.028 0.894 
 487 I _   0.009 0.055 0.001 0.018 0.007 0.014 0.027 0.869 
 488 K _   0.010 0.076 0.001 0.024 0.008 0.015 0.025 0.841 
 489 I _   0.010 0.096 0.001 0.029 0.010 0.016 0.023 0.815 
 490 A _   0.010 0.113 0.001 0.033 0.010 0.017 0.022 0.794 
 491 D _   0.009 0.125 0.001 0.036 0.011 0.017 0.021 0.781 
 492 F _   0.009 0.132 0.001 0.037 0.010 0.016 0.020 0.775 
 493 G _   0.009 0.135 0.001 0.036 0.010 0.015 0.019 0.775 
 494 M _   0.008 0.135 0.001 0.033 0.009 0.015 0.019 0.781 
 495 C _   0.008 0.132 0.001 0.029 0.008 0.014 0.019 0.790 
 496 K _   0.008 0.127 0.001 0.024 0.007 0.013 0.019 0.802 
 497 E _   0.007 0.121 0.001 0.020 0.006 0.012 0.018 0.814 
 498 N _   0.007 0.114 0.001 0.017 0.005 0.011 0.018 0.826 
 499 I _   0.007 0.109 0.001 0.015 0.005 0.011 0.018 0.835 
 500 F _   0.007 0.104 0.001 0.014 0.005 0.011 0.018 0.841 
 501 G _   0.007 0.101 0.001 0.014 0.005 0.011 0.018 0.844 
 502 E _   0.007 0.098 0.001 0.015 0.005 0.011 0.017 0.845 
 503 S _   0.007 0.096 0.001 0.016 0.005 0.011 0.017 0.846 
 504 R _   0.007 0.094 0.001 0.018 0.006 0.012 0.017 0.846 
 505 A _   0.007 0.090 0.001 0.019 0.006 0.012 0.017 0.848 
 506 S _   0.008 0.086 0.001 0.020 0.006 0.012 0.017 0.852 
 507 T _   0.007 0.080 0.001 0.019 0.006 0.012 0.017 0.858 
 508 F _   0.007 0.073 0.001 0.018 0.006 0.012 0.017 0.866 
 509 C _   0.007 0.065 0.001 0.016 0.006 0.011 0.016 0.878 
 510 G _   0.007 0.056 0.001 0.014 0.005 0.011 0.017 0.889 
 511 T _   0.007 0.047 0.001 0.012 0.005 0.011 0.017 0.900 
 512 P _   0.008 0.040 0.001 0.011 0.004 0.012 0.016 0.908 
 513 D _   0.008 0.035 0.001 0.010 0.004 0.013 0.016 0.913 
 514 Y _   0.009 0.031 0.001 0.010 0.005 0.014 0.016 0.914 
 515 I _   0.011 0.029 0.001 0.011 0.006 0.016 0.016 0.911 
 516 A _   0.013 0.028 0.001 0.013 0.007 0.018 0.016 0.906 
 517 P _   0.015 0.027 0.001 0.016 0.008 0.020 0.015 0.898 
 518 E _   0.018 0.026 0.001 0.019 0.010 0.022 0.015 0.889 
 519 I _   0.022 0.025 0.001 0.021 0.011 0.024 0.014 0.881 
 520 L _   0.028 0.023 0.001 0.022 0.012 0.025 0.014 0.875 
 521 Q _   0.036 0.020 0.001 0.021 0.012 0.025 0.013 0.871 
 522 G _   0.047 0.015 0.001 0.018 0.012 0.026 0.013 0.868 
 523 L _   0.062 0.010 0.001 0.014 0.012 0.026 0.012 0.864 
 524 K _   0.082 0.006 0.001 0.009 0.011 0.025 0.012 0.854 
 525 Y _   0.110 0.002 0.001 0.006 0.010 0.025 0.011 0.835 
 526 T _   0.147 0.001 0.001 0.004 0.009 0.024 0.011 0.803 
 527 F _   0.198 0.000 0.001 0.002 0.010 0.024 0.010 0.755 
 528 S _   0.264 0.000 0.001 0.002 0.010 0.025 0.009 0.689 
 529 V _   0.343 0.000 0.001 0.002 0.012 0.025 0.008 0.608 
 530 D _   0.432 0.000 0.001 0.002 0.015 0.026 0.008 0.516 
 531 W H   0.523 0.000 0.001 0.002 0.019 0.027 0.007 0.421 
 532 W H   0.604 0.000 0.001 0.002 0.023 0.027 0.007 0.336 
 533 S H   0.669 0.000 0.002 0.002 0.027 0.027 0.007 0.267 
 534 F H   0.717 0.000 0.002 0.002 0.030 0.026 0.007 0.216 
 535 G H   0.746 0.000 0.002 0.002 0.033 0.025 0.008 0.184 
 536 V H   0.762 0.000 0.002 0.002 0.035 0.024 0.009 0.165 
 537 L H   0.763 0.000 0.002 0.003 0.037 0.023 0.011 0.160 
 538 L H   0.750 0.001 0.002 0.004 0.038 0.023 0.013 0.169 
 539 Y H   0.720 0.001 0.002 0.005 0.038 0.023 0.017 0.193 
 540 E H   0.668 0.001 0.002 0.007 0.037 0.022 0.023 0.239 
 541 M H   0.592 0.001 0.003 0.010 0.033 0.022 0.030 0.310 
 542 L H   0.494 0.001 0.002 0.011 0.027 0.020 0.040 0.404 
 543 I _   0.387 0.001 0.002 0.011 0.020 0.018 0.052 0.509 
 544 G _   0.281 0.001 0.002 0.010 0.013 0.016 0.064 0.614 
 545 Q _   0.190 0.001 0.001 0.008 0.008 0.013 0.074 0.705 
 546 S _   0.121 0.000 0.001 0.006 0.005 0.010 0.083 0.775 
 547 P _   0.072 0.000 0.000 0.004 0.003 0.007 0.089 0.824 
 548 F _   0.040 0.000 0.000 0.003 0.002 0.006 0.093 0.856 
 549 H _   0.022 0.000 0.000 0.002 0.001 0.005 0.096 0.874 
 550 G _   0.013 0.000 0.000 0.002 0.001 0.004 0.097 0.882 
 551 D _   0.008 0.001 0.000 0.002 0.001 0.005 0.098 0.884 
 552 D _   0.007 0.002 0.000 0.003 0.001 0.006 0.099 0.882 
 553 E _   0.007 0.005 0.000 0.005 0.002 0.008 0.099 0.874 
 554 D _   0.007 0.012 0.000 0.010 0.003 0.010 0.098 0.860 
 555 E _   0.008 0.024 0.001 0.016 0.005 0.012 0.096 0.838 
 556 L _   0.008 0.038 0.001 0.024 0.007 0.015 0.095 0.813 
 557 F _   0.008 0.052 0.001 0.031 0.008 0.016 0.093 0.789 
 558 E _   0.009 0.063 0.001 0.037 0.010 0.017 0.092 0.772 
 559 S _   0.009 0.069 0.001 0.040 0.010 0.017 0.092 0.763 
 560 I _   0.009 0.072 0.001 0.040 0.010 0.017 0.092 0.760 
 561 R _   0.009 0.072 0.001 0.037 0.010 0.016 0.092 0.763 
 562 V _   0.009 0.069 0.001 0.032 0.009 0.016 0.094 0.771 
 563 D _   0.009 0.064 0.001 0.027 0.008 0.015 0.096 0.780 
 564 T _   0.009 0.058 0.001 0.022 0.007 0.014 0.098 0.791 
 565 P _   0.009 0.052 0.001 0.018 0.006 0.013 0.101 0.800 
 566 H _   0.009 0.046 0.001 0.015 0.005 0.012 0.103 0.808 
 567 Y _   0.009 0.040 0.001 0.013 0.005 0.011 0.106 0.815 
 568 P _   0.009 0.036 0.001 0.011 0.004 0.011 0.108 0.820 
 569 R _   0.009 0.032 0.000 0.010 0.004 0.010 0.110 0.825 
 570 W _   0.008 0.030 0.000 0.009 0.003 0.009 0.112 0.828 
 571 I _   0.008 0.027 0.000 0.008 0.003 0.008 0.113 0.832 
 572 T _   0.007 0.026 0.000 0.007 0.003 0.008 0.114 0.835 
 573 K _   0.007 0.025 0.000 0.007 0.003 0.008 0.115 0.836 
 574 E _   0.006 0.025 0.000 0.006 0.003 0.008 0.116 0.836 
 575 S _   0.006 0.025 0.000 0.007 0.003 0.008 0.116 0.835 
 576 K _   0.006 0.027 0.000 0.008 0.003 0.009 0.116 0.831 
 577 D _   0.006 0.030 0.000 0.009 0.004 0.009 0.116 0.824 
 578 I _   0.007 0.035 0.000 0.012 0.004 0.010 0.116 0.816 
 579 L _   0.007 0.040 0.001 0.015 0.005 0.011 0.116 0.805 
 580 E _   0.007 0.046 0.001 0.018 0.006 0.012 0.116 0.795 
 581 K _   0.007 0.050 0.001 0.021 0.006 0.012 0.116 0.787 
 582 L _   0.007 0.053 0.001 0.022 0.007 0.012 0.116 0.783 
 583 F _   0.007 0.054 0.001 0.021 0.006 0.012 0.117 0.782 
 584 E _   0.007 0.054 0.001 0.019 0.006 0.012 0.118 0.784 
 585 R _   0.007 0.053 0.001 0.017 0.006 0.012 0.119 0.787 
 586 E _   0.007 0.051 0.001 0.015 0.005 0.012 0.120 0.790 
 587 P _   0.007 0.050 0.001 0.012 0.005 0.012 0.122 0.792 
 588 T _   0.007 0.049 0.001 0.011 0.005 0.012 0.124 0.792 
 589 K _   0.008 0.048 0.001 0.010 0.005 0.013 0.125 0.790 
 590 R _   0.009 0.049 0.001 0.010 0.005 0.014 0.127 0.785 
 591 L _   0.010 0.050 0.001 0.011 0.006 0.015 0.129 0.778 
 592 G _   0.011 0.052 0.001 0.012 0.007 0.017 0.131 0.769 
 593 V _   0.012 0.055 0.001 0.013 0.008 0.019 0.133 0.759 
 594 T _   0.014 0.058 0.001 0.015 0.009 0.021 0.136 0.748 
 595 G _   0.016 0.061 0.001 0.016 0.010 0.023 0.138 0.736 
 596 N _   0.018 0.064 0.001 0.016 0.011 0.024 0.141 0.726 
 597 I _   0.020 0.066 0.001 0.016 0.011 0.026 0.144 0.715 
 598 K _   0.022 0.068 0.001 0.016 0.012 0.028 0.148 0.705 
 599 I _   0.024 0.071 0.001 0.015 0.013 0.030 0.152 0.695 
 600 H _   0.025 0.073 0.001 0.015 0.014 0.031 0.156 0.685 
 601 P _   0.027 0.076 0.001 0.016 0.015 0.033 0.161 0.672 
 602 F _   0.028 0.081 0.001 0.017 0.016 0.034 0.166 0.657 
 603 F _   0.030 0.086 0.001 0.020 0.018 0.034 0.171 0.640 
 604 K _   0.030 0.091 0.001 0.023 0.019 0.035 0.177 0.623 
 605 T _   0.030 0.097 0.001 0.027 0.020 0.034 0.184 0.606 
 606 I _   0.029 0.102 0.001 0.032 0.020 0.033 0.192 0.590 
 607 N _   0.028 0.105 0.001 0.036 0.020 0.032 0.201 0.578 
 608 W _   0.026 0.105 0.001 0.038 0.019 0.029 0.211 0.570 
 609 T _   0.024 0.103 0.001 0.038 0.017 0.027 0.222 0.568 
 610 L _   0.022 0.097 0.001 0.036 0.015 0.024 0.235 0.570 
 611 L _   0.020 0.088 0.001 0.032 0.013 0.021 0.249 0.576 
 612 E _   0.018 0.076 0.001 0.027 0.010 0.018 0.264 0.586 
 613 K _   0.015 0.062 0.001 0.021 0.008 0.016 0.280 0.597 
 614 R _   0.013 0.047 0.001 0.017 0.006 0.013 0.296 0.607 
 615 R _   0.012 0.035 0.001 0.013 0.005 0.011 0.310 0.613 
 616 L _   0.010 0.026 0.001 0.010 0.004 0.010 0.324 0.616 
 617 E _   0.009 0.019 0.000 0.008 0.003 0.008 0.335 0.616 
 618 P _   0.008 0.015 0.000 0.007 0.003 0.007 0.346 0.614 
 619 P _   0.007 0.012 0.000 0.007 0.002 0.007 0.355 0.610 
 620 F _   0.006 0.010 0.000 0.006 0.002 0.006 0.363 0.606 
 621 R _   0.006 0.008 0.000 0.006 0.002 0.006 0.370 0.602 
 622 P _   0.005 0.007 0.000 0.006 0.002 0.005 0.376 0.598 
 623 K _   0.005 0.007 0.000 0.006 0.002 0.005 0.382 0.594 
 624 V _   0.005 0.006 0.000 0.005 0.002 0.005 0.386 0.591 
 625 K _   0.004 0.006 0.000 0.005 0.002 0.005 0.390 0.589 
 626 S _   0.004 0.006 0.000 0.005 0.001 0.004 0.393 0.587 
 627 P _   0.004 0.006 0.000 0.005 0.001 0.004 0.395 0.585 
 628 R _   0.003 0.006 0.000 0.004 0.001 0.004 0.397 0.584 
 629 D _   0.003 0.007 0.000 0.005 0.001 0.004 0.397 0.582 
 630 Y _   0.003 0.009 0.000 0.005 0.001 0.005 0.398 0.580 
 631 S _   0.003 0.011 0.000 0.006 0.002 0.005 0.397 0.577 
 632 N _   0.003 0.014 0.000 0.007 0.002 0.006 0.396 0.572 
 633 F _   0.003 0.019 0.000 0.008 0.002 0.006 0.394 0.566 
 634 D _   0.004 0.026 0.000 0.011 0.003 0.007 0.392 0.557 
 635 Q _   0.004 0.035 0.000 0.014 0.003 0.008 0.390 0.547 
 636 E _   0.004 0.044 0.000 0.017 0.004 0.008 0.387 0.535 
 637 F _   0.004 0.052 0.001 0.020 0.004 0.009 0.385 0.525 
 638 L _   0.004 0.059 0.001 0.022 0.005 0.009 0.384 0.516 
 639 N _   0.004 0.065 0.001 0.024 0.005 0.009 0.383 0.509 
 640 E _   0.004 0.068 0.001 0.024 0.005 0.009 0.384 0.506 
 641 K _   0.004 0.070 0.001 0.023 0.005 0.009 0.385 0.505 
 642 A _   0.004 0.071 0.000 0.021 0.004 0.008 0.387 0.505 
 643 R _   0.004 0.070 0.000 0.018 0.004 0.008 0.389 0.508 
 644 L _   0.004 0.068 0.000 0.014 0.003 0.007 0.392 0.512 
 645 S _   0.004 0.065 0.000 0.011 0.003 0.006 0.395 0.515 
 646 Y _   0.003 0.063 0.000 0.009 0.002 0.006 0.398 0.518 
 647 S _   0.003 0.061 0.000 0.007 0.002 0.006 0.400 0.520 
 648 D _   0.003 0.061 0.000 0.006 0.002 0.006 0.402 0.520 
 649 K _   0.003 0.062 0.000 0.005 0.002 0.006 0.404 0.518 
 650 N _   0.003 0.064 0.000 0.006 0.002 0.006 0.405 0.514 
 651 L _   0.004 0.068 0.000 0.006 0.002 0.007 0.405 0.507 
 652 I _   0.004 0.076 0.000 0.007 0.003 0.009 0.404 0.497 
 653 D _   0.005 0.088 0.000 0.009 0.004 0.011 0.403 0.480 
 654 S _   0.006 0.107 0.001 0.012 0.005 0.013 0.400 0.455 
 655 M _   0.007 0.135 0.001 0.017 0.007 0.015 0.398 0.421 
 656 D X   0.008 0.170 0.001 0.021 0.010 0.017 0.394 0.379 
 657 Q X   0.008 0.208 0.001 0.026 0.012 0.018 0.392 0.335 
 658 S X   0.008 0.243 0.001 0.032 0.013 0.019 0.390 0.293 
 659 A X   0.008 0.271 0.001 0.037 0.014 0.020 0.390 0.259 
 660 F X   0.008 0.289 0.001 0.040 0.015 0.020 0.392 0.234 
 661 A X   0.009 0.300 0.001 0.043 0.015 0.020 0.395 0.218 
 662 G X   0.009 0.305 0.001 0.044 0.015 0.020 0.400 0.207 
 663 F X   0.009 0.304 0.001 0.044 0.014 0.019 0.407 0.202 
