#TopoPred_TM8: 8-state transmembrane topology prediction results by no_profile mode 
#probabilities are in the order of H E C I L F X _, the 8 transmembrane topology types used in PDBTM 
   1 M X   0.016 0.002 0.003 0.084 0.012 0.013 0.686 0.185 
   2 G X   0.007 0.001 0.000 0.057 0.003 0.007 0.708 0.217 
   3 F X   0.002 0.001 0.000 0.032 0.001 0.004 0.712 0.247 
   4 G X   0.002 0.001 0.000 0.019 0.001 0.004 0.708 0.267 
   5 S X   0.002 0.001 0.000 0.013 0.001 0.004 0.699 0.281 
   6 D X   0.002 0.001 0.000 0.009 0.001 0.005 0.687 0.295 
   7 L X   0.002 0.002 0.000 0.008 0.001 0.006 0.673 0.308 
   8 K X   0.003 0.003 0.000 0.008 0.002 0.007 0.656 0.321 
   9 N X   0.003 0.006 0.000 0.010 0.002 0.009 0.637 0.333 
  10 S X   0.004 0.011 0.000 0.014 0.003 0.011 0.613 0.344 
  11 H X   0.004 0.019 0.001 0.019 0.005 0.013 0.586 0.354 
  12 E X   0.004 0.028 0.001 0.024 0.006 0.015 0.559 0.363 
  13 A X   0.005 0.038 0.001 0.028 0.007 0.016 0.532 0.373 
  14 V X   0.005 0.045 0.001 0.030 0.008 0.017 0.508 0.385 
  15 L X   0.006 0.051 0.001 0.030 0.008 0.018 0.487 0.399 
  16 K X   0.006 0.054 0.001 0.028 0.008 0.019 0.469 0.414 
  17 L X   0.007 0.056 0.001 0.026 0.008 0.020 0.452 0.430 
  18 Q _   0.008 0.058 0.001 0.022 0.008 0.021 0.437 0.446 
  19 D _   0.009 0.058 0.001 0.019 0.008 0.022 0.424 0.460 
  20 W _   0.010 0.059 0.001 0.016 0.008 0.023 0.412 0.471 
  21 E _   0.011 0.059 0.001 0.015 0.008 0.024 0.400 0.481 
  22 L _   0.013 0.061 0.001 0.014 0.009 0.025 0.389 0.489 
  23 R _   0.015 0.063 0.001 0.014 0.010 0.026 0.378 0.493 
  24 L _   0.017 0.066 0.001 0.015 0.011 0.027 0.367 0.496 
  25 L _   0.019 0.070 0.001 0.017 0.012 0.029 0.355 0.497 
  26 E _   0.020 0.075 0.001 0.020 0.014 0.029 0.344 0.496 
  27 T _   0.022 0.079 0.001 0.023 0.015 0.030 0.334 0.495 
  28 V _   0.023 0.084 0.001 0.027 0.017 0.030 0.325 0.495 
  29 K _   0.024 0.086 0.001 0.030 0.017 0.029 0.316 0.496 
  30 K _   0.024 0.087 0.001 0.033 0.017 0.027 0.309 0.501 
  31 F _   0.023 0.086 0.001 0.033 0.016 0.026 0.304 0.511 
  32 M _   0.022 0.083 0.001 0.032 0.014 0.023 0.299 0.526 
  33 A _   0.020 0.076 0.001 0.029 0.012 0.021 0.295 0.547 
  34 L _   0.018 0.065 0.001 0.024 0.010 0.018 0.292 0.573 
  35 R _   0.016 0.052 0.001 0.018 0.007 0.015 0.289 0.602 
  36 I _   0.014 0.039 0.001 0.013 0.006 0.013 0.286 0.630 
  37 K _   0.011 0.028 0.001 0.009 0.004 0.011 0.283 0.653 
  38 S _   0.010 0.021 0.000 0.006 0.003 0.010 0.279 0.671 
  39 D _   0.009 0.018 0.000 0.005 0.003 0.009 0.275 0.682 
  40 K _   0.008 0.016 0.000 0.005 0.003 0.009 0.270 0.689 
  41 E _   0.008 0.016 0.000 0.006 0.003 0.009 0.266 0.693 
  42 Y _   0.008 0.016 0.000 0.008 0.004 0.010 0.260 0.693 
  43 A _   0.008 0.018 0.001 0.011 0.004 0.011 0.255 0.692 
  44 S _   0.008 0.020 0.001 0.015 0.006 0.012 0.248 0.690 
  45 T _   0.008 0.023 0.001 0.019 0.006 0.012 0.243 0.687 
  46 L _   0.008 0.024 0.001 0.023 0.007 0.013 0.237 0.687 
  47 Q _   0.008 0.024 0.001 0.024 0.007 0.012 0.232 0.691 
  48 N _   0.008 0.024 0.001 0.023 0.007 0.012 0.228 0.698 
  49 L _   0.007 0.021 0.001 0.020 0.006 0.011 0.225 0.708 
  50 C _   0.007 0.018 0.001 0.017 0.005 0.010 0.221 0.721 
  51 N _   0.007 0.015 0.001 0.013 0.004 0.010 0.218 0.733 
  52 Q _   0.006 0.012 0.000 0.010 0.004 0.009 0.216 0.743 
  53 V _   0.006 0.009 0.000 0.008 0.003 0.009 0.213 0.752 
  54 D _   0.006 0.007 0.000 0.007 0.003 0.009 0.210 0.757 
  55 K _   0.007 0.006 0.000 0.007 0.003 0.009 0.207 0.760 
  56 E _   0.007 0.006 0.000 0.008 0.004 0.010 0.204 0.761 
  57 S _   0.008 0.006 0.000 0.009 0.004 0.011 0.201 0.760 
  58 T _   0.009 0.006 0.001 0.011 0.005 0.013 0.197 0.759 
  59 V _   0.009 0.006 0.001 0.013 0.005 0.014 0.194 0.758 
  60 Q _   0.010 0.006 0.001 0.013 0.006 0.015 0.191 0.759 
  61 M _   0.011 0.005 0.001 0.013 0.006 0.015 0.188 0.761 
  62 N _   0.012 0.004 0.001 0.011 0.006 0.016 0.185 0.764 
  63 Y _   0.014 0.003 0.001 0.009 0.005 0.017 0.183 0.767 
  64 V _   0.017 0.002 0.001 0.007 0.005 0.019 0.180 0.769 
  65 S _   0.022 0.002 0.001 0.005 0.005 0.021 0.177 0.767 
  66 N _   0.029 0.001 0.001 0.004 0.006 0.025 0.174 0.761 
  67 V _   0.039 0.001 0.001 0.004 0.008 0.029 0.171 0.747 
  68 S _   0.052 0.002 0.001 0.005 0.011 0.035 0.168 0.727 
  69 K _   0.067 0.003 0.001 0.007 0.016 0.041 0.165 0.700 
  70 S _   0.082 0.006 0.001 0.010 0.022 0.048 0.162 0.668 
  71 W _   0.095 0.010 0.002 0.016 0.029 0.053 0.160 0.636 
  72 L _   0.104 0.015 0.002 0.022 0.034 0.055 0.158 0.610 
  73 L _   0.110 0.019 0.002 0.026 0.037 0.056 0.157 0.594 
  74 M _   0.111 0.021 0.002 0.028 0.037 0.055 0.156 0.589 
  75 I _   0.110 0.021 0.002 0.027 0.035 0.053 0.157 0.596 
  76 Q _   0.104 0.020 0.002 0.024 0.031 0.050 0.158 0.611 
  77 Q _   0.097 0.018 0.002 0.019 0.027 0.046 0.159 0.633 
  78 T _   0.087 0.015 0.001 0.015 0.022 0.042 0.160 0.658 
  79 E _   0.077 0.012 0.001 0.012 0.018 0.038 0.162 0.680 
  80 Q _   0.068 0.011 0.001 0.011 0.015 0.034 0.164 0.697 
  81 L _   0.059 0.010 0.001 0.011 0.012 0.031 0.166 0.710 
  82 S _   0.051 0.010 0.001 0.012 0.011 0.028 0.168 0.719 
  83 R _   0.044 0.010 0.001 0.014 0.010 0.026 0.170 0.726 
  84 I _   0.038 0.010 0.001 0.016 0.009 0.023 0.172 0.732 
  85 M _   0.032 0.009 0.001 0.017 0.008 0.020 0.174 0.739 
  86 K _   0.026 0.008 0.001 0.016 0.007 0.017 0.177 0.748 
  87 T _   0.021 0.007 0.001 0.014 0.006 0.014 0.179 0.759 
  88 H _   0.016 0.006 0.001 0.011 0.004 0.012 0.181 0.770 
  89 A _   0.013 0.004 0.000 0.007 0.003 0.010 0.182 0.780 
  90 E _   0.010 0.003 0.000 0.005 0.002 0.008 0.183 0.789 
  91 D _   0.009 0.002 0.000 0.003 0.002 0.007 0.183 0.794 
  92 L _   0.008 0.002 0.000 0.003 0.002 0.007 0.183 0.796 
  93 N _   0.008 0.002 0.000 0.002 0.002 0.008 0.182 0.796 
  94 S _   0.009 0.003 0.000 0.003 0.002 0.009 0.182 0.792 
  95 G _   0.010 0.006 0.000 0.006 0.004 0.012 0.180 0.782 
  96 P _   0.012 0.012 0.001 0.011 0.006 0.015 0.178 0.765 
  97 L _   0.014 0.023 0.001 0.019 0.009 0.018 0.176 0.740 
  98 H _   0.015 0.036 0.001 0.029 0.012 0.021 0.173 0.714 
  99 R _   0.015 0.047 0.001 0.039 0.014 0.022 0.171 0.692 
 100 L _   0.015 0.053 0.001 0.046 0.015 0.022 0.170 0.679 
 101 T _   0.014 0.056 0.001 0.048 0.014 0.021 0.169 0.676 
 102 M _   0.013 0.056 0.001 0.046 0.013 0.020 0.170 0.681 
 103 M _   0.012 0.053 0.001 0.040 0.012 0.018 0.171 0.693 
 104 I _   0.011 0.046 0.001 0.032 0.010 0.016 0.173 0.711 
 105 K _   0.010 0.037 0.001 0.024 0.007 0.014 0.175 0.733 
 106 D _   0.009 0.026 0.001 0.016 0.005 0.011 0.177 0.754 
 107 K _   0.008 0.017 0.000 0.010 0.004 0.010 0.179 0.771 
 108 Q _   0.008 0.010 0.000 0.006 0.003 0.009 0.180 0.783 
 109 Q _   0.007 0.007 0.000 0.004 0.002 0.008 0.181 0.789 
 110 V _   0.007 0.005 0.000 0.004 0.002 0.008 0.182 0.792 
 111 K _   0.007 0.005 0.000 0.003 0.002 0.009 0.182 0.792 
 112 K _   0.008 0.005 0.000 0.004 0.002 0.010 0.182 0.789 
 113 S _   0.010 0.006 0.000 0.005 0.003 0.012 0.181 0.783 
 114 Y _   0.011 0.008 0.000 0.006 0.004 0.014 0.180 0.775 
 115 I _   0.013 0.012 0.001 0.009 0.006 0.017 0.179 0.764 
 116 G _   0.015 0.017 0.001 0.012 0.008 0.020 0.177 0.749 
 117 V _   0.018 0.024 0.001 0.015 0.010 0.023 0.176 0.733 
 118 H _   0.020 0.031 0.001 0.019 0.012 0.026 0.175 0.717 
 119 Q _   0.022 0.037 0.001 0.021 0.014 0.028 0.174 0.702 
 120 Q _   0.024 0.043 0.001 0.023 0.016 0.030 0.173 0.689 
 121 I _   0.026 0.047 0.001 0.025 0.017 0.031 0.173 0.679 
 122 E _   0.027 0.050 0.001 0.026 0.018 0.032 0.173 0.673 
 123 A _   0.027 0.052 0.001 0.026 0.018 0.032 0.174 0.669 
 124 E _   0.028 0.053 0.001 0.025 0.017 0.031 0.176 0.669 
 125 M _   0.028 0.053 0.001 0.024 0.016 0.030 0.178 0.671 
 126 I _   0.027 0.051 0.001 0.022 0.015 0.028 0.180 0.674 
 127 K _   0.026 0.049 0.001 0.021 0.013 0.027 0.183 0.679 
 128 V _   0.025 0.046 0.001 0.019 0.012 0.025 0.186 0.686 
 129 T _   0.023 0.042 0.001 0.017 0.010 0.023 0.190 0.694 
 130 K _   0.021 0.038 0.001 0.014 0.009 0.021 0.193 0.702 
 131 T _   0.019 0.034 0.001 0.012 0.008 0.019 0.197 0.710 
 132 E _   0.018 0.030 0.001 0.010 0.006 0.018 0.200 0.716 
 133 L _   0.016 0.027 0.001 0.009 0.006 0.017 0.203 0.721 
 134 E _   0.015 0.025 0.001 0.008 0.005 0.016 0.206 0.724 
 135 K _   0.015 0.025 0.001 0.007 0.005 0.016 0.209 0.723 
 136 L _   0.015 0.025 0.001 0.008 0.005 0.016 0.212 0.720 
 137 K _   0.015 0.026 0.001 0.010 0.006 0.016 0.214 0.713 
 138 C _   0.015 0.028 0.001 0.013 0.007 0.016 0.217 0.704 
 139 S _   0.015 0.031 0.001 0.017 0.008 0.017 0.220 0.692 
 140 Y _   0.015 0.033 0.001 0.021 0.009 0.017 0.223 0.681 
 141 R _   0.015 0.035 0.001 0.025 0.009 0.017 0.228 0.671 
 142 Q _   0.014 0.036 0.001 0.027 0.009 0.016 0.233 0.665 
 143 L _   0.014 0.035 0.001 0.027 0.009 0.015 0.239 0.662 
 144 I _   0.013 0.032 0.001 0.024 0.008 0.013 0.245 0.664 
 145 K _   0.011 0.028 0.001 0.020 0.006 0.012 0.252 0.670 
 146 E _   0.010 0.023 0.001 0.016 0.005 0.010 0.259 0.677 
 147 M _   0.009 0.017 0.000 0.012 0.004 0.008 0.266 0.684 
 148 N _   0.008 0.012 0.000 0.009 0.003 0.007 0.272 0.690 
 149 S _   0.007 0.008 0.000 0.006 0.002 0.006 0.277 0.693 
 150 A _   0.006 0.006 0.000 0.005 0.002 0.005 0.281 0.694 
 151 K _   0.006 0.005 0.000 0.005 0.002 0.005 0.285 0.693 
 152 E _   0.005 0.004 0.000 0.005 0.002 0.005 0.288 0.691 
 153 K _   0.005 0.004 0.000 0.005 0.002 0.005 0.290 0.688 
 154 Y _   0.005 0.004 0.000 0.006 0.002 0.006 0.292 0.685 
 155 K _   0.005 0.004 0.000 0.008 0.002 0.006 0.293 0.682 
 156 E _   0.005 0.004 0.000 0.009 0.002 0.006 0.294 0.679 
 157 A _   0.005 0.004 0.000 0.010 0.002 0.006 0.295 0.678 
 158 L _   0.005 0.004 0.000 0.010 0.002 0.006 0.295 0.677 
 159 A _   0.005 0.004 0.000 0.010 0.002 0.006 0.295 0.678 
 160 K _   0.005 0.004 0.000 0.009 0.002 0.006 0.295 0.680 
 161 G _   0.004 0.003 0.000 0.008 0.002 0.005 0.295 0.683 
 162 K _   0.004 0.003 0.000 0.007 0.002 0.005 0.294 0.686 
 163 E _   0.004 0.003 0.000 0.005 0.001 0.005 0.292 0.689 
 164 T _   0.004 0.002 0.000 0.005 0.001 0.005 0.290 0.693 
 165 E _   0.003 0.002 0.000 0.004 0.001 0.005 0.288 0.696 
 166 K _   0.003 0.002 0.000 0.004 0.001 0.005 0.284 0.699 
 167 A _   0.003 0.003 0.000 0.004 0.001 0.006 0.280 0.702 
 168 K _   0.004 0.004 0.000 0.004 0.002 0.007 0.275 0.704 
 169 E _   0.004 0.006 0.000 0.005 0.002 0.009 0.268 0.705 
 170 R _   0.005 0.009 0.000 0.007 0.003 0.012 0.261 0.703 
 171 Y _   0.007 0.014 0.000 0.009 0.004 0.016 0.252 0.698 
 172 D _   0.009 0.021 0.001 0.012 0.006 0.021 0.242 0.688 
 173 K _   0.012 0.032 0.001 0.016 0.009 0.026 0.232 0.673 
 174 A _   0.015 0.043 0.001 0.020 0.012 0.032 0.221 0.655 
 175 T _   0.019 0.055 0.001 0.024 0.015 0.037 0.211 0.637 
 176 M _   0.024 0.066 0.001 0.027 0.019 0.042 0.201 0.620 
 177 K _   0.029 0.074 0.001 0.028 0.022 0.046 0.193 0.605 
 178 L _   0.035 0.081 0.002 0.029 0.025 0.049 0.185 0.594 
 179 H _   0.040 0.086 0.002 0.028 0.028 0.052 0.178 0.586 
 180 M _   0.046 0.089 0.002 0.027 0.030 0.053 0.172 0.581 
 181 L _   0.052 0.091 0.002 0.026 0.031 0.053 0.167 0.579 
 182 H _   0.056 0.092 0.002 0.025 0.031 0.053 0.163 0.579 
 183 N _   0.060 0.092 0.002 0.025 0.030 0.052 0.160 0.579 
 184 Q _   0.062 0.092 0.002 0.027 0.029 0.050 0.157 0.582 
 185 Y _   0.062 0.091 0.002 0.028 0.028 0.047 0.155 0.589 
 186 V _   0.060 0.088 0.002 0.029 0.025 0.043 0.154 0.599 
 187 L _   0.057 0.084 0.002 0.029 0.023 0.040 0.153 0.614 
 188 A _   0.052 0.077 0.002 0.028 0.020 0.035 0.152 0.635 
 189 L _   0.046 0.067 0.001 0.025 0.016 0.031 0.152 0.661 
 190 K _   0.039 0.055 0.001 0.021 0.013 0.026 0.152 0.692 
 191 G _   0.033 0.041 0.001 0.017 0.010 0.022 0.152 0.724 
 192 A _   0.027 0.028 0.001 0.012 0.007 0.019 0.152 0.754 
 193 Q _   0.022 0.017 0.001 0.009 0.005 0.016 0.152 0.780 
 194 L _   0.018 0.010 0.000 0.006 0.004 0.013 0.151 0.799 
 195 H _   0.015 0.005 0.000 0.004 0.003 0.012 0.149 0.811 
 196 Q _   0.013 0.004 0.000 0.003 0.002 0.012 0.148 0.818 
 197 N _   0.013 0.003 0.000 0.003 0.003 0.012 0.146 0.820 
 198 Q _   0.014 0.003 0.000 0.003 0.003 0.014 0.143 0.818 
 199 Y _   0.017 0.004 0.000 0.005 0.005 0.017 0.140 0.811 
 200 Y _   0.020 0.007 0.001 0.008 0.007 0.020 0.137 0.798 
 201 D _   0.024 0.012 0.001 0.014 0.011 0.024 0.134 0.781 
 202 I _   0.027 0.019 0.001 0.021 0.014 0.027 0.130 0.761 
 203 T _   0.029 0.025 0.001 0.028 0.017 0.029 0.127 0.744 
 204 L _   0.029 0.030 0.001 0.034 0.018 0.029 0.124 0.734 
 205 P _   0.029 0.032 0.001 0.036 0.018 0.029 0.122 0.733 
 206 L _   0.028 0.032 0.001 0.035 0.017 0.027 0.121 0.740 
 207 L _   0.025 0.029 0.001 0.031 0.015 0.025 0.119 0.755 
 208 L _   0.023 0.025 0.001 0.024 0.012 0.022 0.118 0.774 
 209 D _   0.020 0.019 0.001 0.018 0.009 0.020 0.117 0.796 
 210 S _   0.018 0.013 0.001 0.012 0.007 0.017 0.116 0.815 
 211 L _   0.017 0.008 0.001 0.008 0.005 0.015 0.115 0.831 
 212 Q _   0.015 0.005 0.000 0.006 0.004 0.014 0.114 0.841 
 213 K _   0.014 0.004 0.000 0.005 0.004 0.014 0.113 0.847 
 214 M _   0.014 0.003 0.000 0.005 0.004 0.014 0.111 0.850 
 215 Q _   0.014 0.003 0.000 0.005 0.004 0.014 0.109 0.849 
 216 E _   0.015 0.004 0.001 0.007 0.005 0.015 0.107 0.846 
 217 E _   0.015 0.005 0.001 0.010 0.006 0.017 0.105 0.841 
 218 M _   0.016 0.007 0.001 0.013 0.008 0.018 0.103 0.835 
 219 I _   0.017 0.008 0.001 0.017 0.009 0.019 0.100 0.829 
 220 K _   0.018 0.009 0.001 0.019 0.010 0.020 0.098 0.825 
 221 A _   0.018 0.010 0.001 0.020 0.010 0.020 0.096 0.825 
 222 L _   0.018 0.009 0.001 0.020 0.010 0.020 0.095 0.827 
 223 K _   0.018 0.008 0.001 0.018 0.009 0.020 0.093 0.833 
 224 G _   0.018 0.007 0.001 0.014 0.008 0.019 0.092 0.841 
 225 I _   0.018 0.005 0.001 0.011 0.007 0.019 0.091 0.849 
 226 F _   0.019 0.003 0.001 0.008 0.006 0.019 0.090 0.855 
 227 D _   0.020 0.002 0.001 0.006 0.005 0.020 0.088 0.858 
 228 E _   0.023 0.002 0.001 0.005 0.005 0.021 0.087 0.856 
 229 Y _   0.028 0.002 0.001 0.004 0.006 0.024 0.086 0.850 
 230 S _   0.034 0.002 0.001 0.005 0.008 0.027 0.084 0.840 
 231 Q _   0.042 0.003 0.001 0.006 0.011 0.032 0.083 0.823 
 232 I _   0.051 0.006 0.001 0.009 0.015 0.037 0.081 0.800 
 233 T _   0.060 0.009 0.001 0.014 0.020 0.041 0.079 0.774 
 234 S _   0.068 0.014 0.002 0.019 0.025 0.045 0.078 0.750 
 235 L _   0.073 0.019 0.002 0.024 0.028 0.048 0.077 0.730 
 236 V _   0.076 0.022 0.002 0.027 0.030 0.049 0.077 0.719 
 237 T _   0.076 0.023 0.002 0.027 0.030 0.048 0.077 0.717 
 238 E _   0.074 0.024 0.002 0.025 0.028 0.047 0.077 0.723 
 239 E _   0.071 0.023 0.002 0.022 0.025 0.045 0.078 0.736 
 240 I _   0.067 0.021 0.001 0.018 0.021 0.042 0.078 0.751 
 241 V _   0.062 0.020 0.001 0.014 0.018 0.040 0.079 0.765 
 242 N _   0.057 0.019 0.001 0.012 0.016 0.038 0.080 0.777 
 243 V _   0.052 0.018 0.001 0.012 0.014 0.036 0.081 0.785 
 244 H _   0.048 0.019 0.001 0.012 0.013 0.034 0.082 0.790 
 245 K _   0.044 0.020 0.001 0.014 0.013 0.033 0.084 0.791 
 246 E _   0.040 0.022 0.001 0.017 0.013 0.031 0.085 0.791 
 247 I _   0.035 0.024 0.001 0.021 0.013 0.029 0.086 0.790 
 248 Q _   0.030 0.026 0.001 0.024 0.013 0.027 0.088 0.791 
 249 M _   0.026 0.026 0.001 0.026 0.012 0.024 0.089 0.794 
 250 S _   0.023 0.026 0.001 0.026 0.011 0.022 0.091 0.800 
 251 V _   0.020 0.025 0.001 0.024 0.010 0.019 0.093 0.809 
 252 E _   0.017 0.022 0.001 0.021 0.008 0.016 0.096 0.820 
 253 Q _   0.014 0.019 0.001 0.017 0.006 0.013 0.098 0.833 
 254 I _   0.011 0.015 0.001 0.013 0.005 0.011 0.100 0.845 
 255 D _   0.010 0.011 0.000 0.009 0.003 0.009 0.102 0.856 
 256 P _   0.008 0.008 0.000 0.007 0.003 0.008 0.103 0.863 
 257 S _   0.007 0.007 0.000 0.005 0.002 0.007 0.104 0.868 
 258 T _   0.006 0.006 0.000 0.004 0.002 0.006 0.105 0.870 
 259 E _   0.006 0.006 0.000 0.004 0.002 0.006 0.105 0.871 
 260 Y _   0.006 0.006 0.000 0.005 0.002 0.006 0.105 0.869 
 261 N _   0.006 0.008 0.000 0.006 0.002 0.007 0.105 0.866 
 262 N _   0.006 0.010 0.000 0.008 0.003 0.008 0.105 0.860 
 263 F _   0.007 0.014 0.000 0.011 0.004 0.009 0.104 0.852 
 264 I _   0.007 0.019 0.001 0.014 0.004 0.010 0.103 0.843 
 265 D _   0.007 0.024 0.001 0.016 0.005 0.011 0.101 0.835 
 266 V _   0.007 0.029 0.001 0.019 0.005 0.011 0.100 0.828 
 267 H _   0.007 0.032 0.001 0.020 0.006 0.011 0.100 0.823 
 268 R _   0.007 0.035 0.001 0.020 0.006 0.011 0.099 0.821 
 269 T _   0.006 0.037 0.001 0.020 0.006 0.011 0.098 0.821 
 270 T _   0.006 0.038 0.001 0.019 0.005 0.011 0.098 0.821 
 271 A _   0.006 0.038 0.001 0.018 0.005 0.011 0.098 0.822 
 272 A _   0.006 0.038 0.001 0.018 0.005 0.011 0.099 0.823 
 273 K _   0.006 0.038 0.001 0.017 0.005 0.011 0.099 0.824 
 274 E _   0.007 0.037 0.001 0.017 0.005 0.010 0.099 0.824 
 275 Q _   0.007 0.037 0.001 0.017 0.005 0.010 0.100 0.824 
 276 E _   0.007 0.036 0.001 0.017 0.005 0.010 0.101 0.824 
 277 I _   0.007 0.035 0.001 0.018 0.005 0.010 0.102 0.824 
 278 E _   0.007 0.033 0.001 0.018 0.005 0.010 0.103 0.825 
 279 F _   0.007 0.030 0.001 0.017 0.004 0.009 0.104 0.828 
 280 D _   0.006 0.027 0.001 0.016 0.004 0.009 0.106 0.832 
 281 T _   0.006 0.023 0.000 0.014 0.004 0.008 0.107 0.838 
 282 S _   0.006 0.018 0.000 0.012 0.003 0.007 0.109 0.845 
 283 L _   0.005 0.014 0.000 0.010 0.003 0.007 0.110 0.852 
 284 L _   0.005 0.010 0.000 0.008 0.002 0.006 0.111 0.858 
 285 E _   0.005 0.007 0.000 0.006 0.002 0.006 0.111 0.863 
 286 E _   0.004 0.005 0.000 0.005 0.002 0.006 0.112 0.866 
 287 N _   0.004 0.004 0.000 0.005 0.002 0.006 0.112 0.867 
 288 E _   0.005 0.004 0.000 0.005 0.002 0.007 0.111 0.866 
 289 N _   0.005 0.003 0.000 0.006 0.002 0.008 0.111 0.864 
 290 L _   0.006 0.003 0.000 0.007 0.003 0.010 0.110 0.861 
 291 Q _   0.007 0.004 0.000 0.009 0.004 0.012 0.109 0.856 
 292 A _   0.008 0.004 0.000 0.010 0.004 0.014 0.108 0.850 
 293 N _   0.010 0.005 0.001 0.012 0.006 0.017 0.107 0.843 
 294 E _   0.013 0.005 0.001 0.013 0.007 0.019 0.106 0.836 
 295 I _   0.016 0.005 0.001 0.014 0.008 0.022 0.105 0.830 
 296 M _   0.021 0.005 0.001 0.013 0.009 0.025 0.104 0.823 
 297 W _   0.027 0.004 0.001 0.012 0.010 0.028 0.103 0.815 
 298 N _   0.035 0.004 0.001 0.011 0.011 0.032 0.103 0.804 
 299 N _   0.045 0.003 0.001 0.010 0.013 0.035 0.103 0.790 
 300 L _   0.057 0.003 0.001 0.009 0.015 0.039 0.102 0.773 
 301 T _   0.071 0.003 0.001 0.009 0.017 0.042 0.103 0.754 
 302 A _   0.086 0.003 0.001 0.009 0.020 0.045 0.103 0.733 
 303 E _   0.100 0.003 0.001 0.009 0.023 0.048 0.104 0.712 
 304 S _   0.113 0.004 0.001 0.010 0.025 0.049 0.105 0.692 
 305 L _   0.123 0.004 0.002 0.012 0.026 0.050 0.107 0.677 
 306 Q _   0.129 0.005 0.002 0.012 0.027 0.049 0.109 0.667 
 307 V _   0.131 0.005 0.002 0.013 0.027 0.048 0.112 0.663 
 308 M _   0.130 0.006 0.002 0.013 0.026 0.046 0.115 0.663 
 309 L _   0.125 0.006 0.002 0.013 0.024 0.043 0.119 0.669 
 310 K _   0.116 0.005 0.001 0.012 0.022 0.040 0.123 0.679 
 311 T _   0.106 0.005 0.001 0.012 0.019 0.037 0.127 0.693 
 312 L _   0.095 0.005 0.001 0.012 0.017 0.034 0.132 0.706 
 313 A _   0.083 0.004 0.001 0.012 0.014 0.030 0.136 0.719 
 314 E _   0.071 0.004 0.001 0.011 0.012 0.027 0.141 0.732 
 315 E _   0.060 0.004 0.001 0.011 0.010 0.024 0.146 0.744 
 316 L _   0.050 0.003 0.001 0.011 0.008 0.020 0.151 0.755 
 317 M _   0.041 0.003 0.001 0.009 0.007 0.017 0.156 0.766 
 318 Q _   0.033 0.002 0.001 0.008 0.005 0.015 0.160 0.775 
 319 T _   0.026 0.002 0.001 0.007 0.004 0.013 0.164 0.783 
 320 Q _   0.021 0.001 0.000 0.006 0.003 0.011 0.168 0.789 
 321 Q _   0.017 0.001 0.000 0.004 0.003 0.010 0.171 0.794 
 322 M _   0.014 0.001 0.000 0.004 0.003 0.009 0.174 0.796 
 323 L _   0.012 0.001 0.000 0.004 0.002 0.009 0.176 0.795 
 324 L _   0.011 0.001 0.000 0.004 0.003 0.009 0.178 0.793 
 325 N _   0.011 0.002 0.000 0.005 0.003 0.010 0.180 0.789 
 326 K _   0.011 0.004 0.000 0.007 0.004 0.011 0.182 0.782 
 327 E _   0.012 0.006 0.001 0.010 0.005 0.012 0.183 0.773 
 328 E _   0.012 0.009 0.001 0.013 0.006 0.013 0.185 0.762 
 329 A _   0.012 0.012 0.001 0.017 0.006 0.013 0.187 0.752 
 330 V _   0.013 0.014 0.001 0.021 0.007 0.014 0.189 0.742 
 331 L _   0.012 0.016 0.001 0.023 0.008 0.014 0.191 0.736 
 332 E _   0.012 0.016 0.001 0.023 0.007 0.013 0.194 0.733 
 333 L _   0.011 0.016 0.001 0.022 0.007 0.012 0.198 0.733 
 334 E _   0.011 0.015 0.001 0.020 0.006 0.011 0.201 0.735 
 335 K _   0.010 0.013 0.001 0.016 0.005 0.010 0.206 0.740 
 336 R _   0.009 0.010 0.000 0.013 0.004 0.009 0.210 0.745 
 337 I _   0.008 0.008 0.000 0.009 0.003 0.008 0.214 0.749 
 338 E _   0.007 0.006 0.000 0.007 0.002 0.007 0.218 0.753 
 339 E _   0.007 0.004 0.000 0.005 0.002 0.006 0.220 0.756 
 340 S _   0.006 0.003 0.000 0.004 0.002 0.005 0.223 0.757 
 341 S _   0.005 0.003 0.000 0.003 0.001 0.005 0.224 0.758 
 342 E _   0.005 0.003 0.000 0.003 0.001 0.005 0.225 0.757 
 343 T _   0.005 0.003 0.000 0.003 0.002 0.006 0.225 0.755 
 344 C _   0.006 0.005 0.000 0.004 0.002 0.007 0.225 0.751 
 345 E _   0.007 0.008 0.000 0.005 0.003 0.009 0.225 0.744 
 346 K _   0.008 0.014 0.000 0.008 0.004 0.011 0.224 0.731 
 347 K _   0.009 0.024 0.001 0.012 0.006 0.013 0.222 0.713 
 348 S _   0.010 0.038 0.001 0.018 0.007 0.016 0.221 0.690 
 349 D _   0.011 0.052 0.001 0.024 0.009 0.017 0.219 0.667 
 350 I _   0.011 0.064 0.001 0.029 0.011 0.018 0.218 0.647 
 351 V _   0.011 0.073 0.001 0.033 0.011 0.019 0.218 0.634 
 352 L _   0.011 0.077 0.001 0.035 0.012 0.019 0.219 0.627 
 353 L _   0.011 0.079 0.001 0.034 0.011 0.018 0.220 0.626 
 354 L _   0.011 0.078 0.001 0.031 0.010 0.017 0.222 0.630 
 355 S _   0.010 0.074 0.001 0.026 0.009 0.016 0.225 0.639 
 356 Q _   0.010 0.068 0.001 0.021 0.008 0.015 0.228 0.649 
 357 K _   0.009 0.061 0.001 0.017 0.006 0.014 0.232 0.660 
 358 Q _   0.009 0.055 0.001 0.013 0.005 0.013 0.235 0.669 
 359 A _   0.009 0.050 0.001 0.010 0.004 0.012 0.239 0.675 
 360 L _   0.009 0.046 0.000 0.009 0.004 0.012 0.242 0.678 
 361 E _   0.009 0.043 0.000 0.008 0.004 0.011 0.245 0.679 
 362 E _   0.009 0.042 0.000 0.008 0.004 0.011 0.247 0.678 
 363 L _   0.009 0.041 0.000 0.009 0.004 0.011 0.250 0.676 
 364 K _   0.009 0.042 0.000 0.010 0.004 0.012 0.252 0.671 
 365 Q _   0.009 0.042 0.001 0.011 0.005 0.012 0.254 0.665 
 366 S _   0.010 0.043 0.001 0.013 0.005 0.013 0.257 0.659 
 367 V _   0.010 0.044 0.001 0.015 0.006 0.013 0.260 0.651 
 368 Q _   0.011 0.045 0.001 0.016 0.007 0.013 0.264 0.644 
 369 Q _   0.011 0.045 0.001 0.017 0.007 0.013 0.268 0.638 
 370 L _   0.011 0.045 0.001 0.018 0.007 0.013 0.273 0.634 
 371 R _   0.010 0.043 0.001 0.017 0.006 0.012 0.278 0.632 
 372 C _   0.010 0.041 0.001 0.015 0.006 0.011 0.284 0.633 
 373 T _   0.009 0.038 0.001 0.013 0.005 0.011 0.290 0.634 
 374 E _   0.009 0.034 0.001 0.011 0.004 0.010 0.295 0.636 
 375 A _   0.008 0.031 0.000 0.010 0.004 0.009 0.301 0.637 
 376 K _   0.008 0.029 0.000 0.009 0.003 0.009 0.307 0.635 
 377 F _   0.007 0.028 0.000 0.008 0.003 0.009 0.312 0.633 
 378 S _   0.007 0.027 0.000 0.009 0.003 0.009 0.317 0.628 
 379 A _   0.007 0.027 0.000 0.010 0.003 0.009 0.322 0.621 
 380 Q _   0.007 0.028 0.000 0.013 0.004 0.009 0.327 0.612 
 381 K _   0.008 0.029 0.001 0.015 0.004 0.010 0.332 0.602 
 382 E _   0.008 0.029 0.001 0.018 0.005 0.010 0.338 0.592 
 383 L _   0.008 0.029 0.001 0.020 0.005 0.010 0.344 0.585 
 384 L _   0.008 0.028 0.001 0.020 0.005 0.009 0.351 0.579 
 385 E _   0.007 0.026 0.001 0.019 0.004 0.009 0.359 0.575 
 386 Q _   0.007 0.022 0.000 0.017 0.004 0.008 0.367 0.574 
 387 K _   0.007 0.018 0.000 0.014 0.003 0.007 0.375 0.575 
 388 V _   0.006 0.014 0.000 0.011 0.002 0.006 0.383 0.577 
 389 Q _   0.006 0.010 0.000 0.008 0.002 0.005 0.390 0.580 
 390 E _   0.005 0.006 0.000 0.006 0.001 0.004 0.396 0.581 
 391 N _   0.005 0.004 0.000 0.004 0.001 0.004 0.400 0.583 
 392 D _   0.004 0.003 0.000 0.003 0.001 0.003 0.402 0.584 
 393 G _   0.004 0.002 0.000 0.002 0.001 0.003 0.403 0.585 
 394 K _   0.003 0.001 0.000 0.002 0.001 0.003 0.403 0.587 
 395 E _   0.003 0.001 0.000 0.002 0.001 0.003 0.401 0.589 
 396 P _   0.003 0.002 0.000 0.002 0.001 0.003 0.398 0.592 
 397 P _   0.003 0.002 0.000 0.003 0.001 0.004 0.393 0.595 
 398 P _   0.003 0.003 0.000 0.004 0.001 0.004 0.385 0.599 
 399 V _   0.003 0.005 0.000 0.006 0.002 0.005 0.376 0.602 
 400 V _   0.003 0.009 0.000 0.008 0.002 0.007 0.365 0.605 
 401 N _   0.004 0.015 0.000 0.011 0.003 0.008 0.351 0.608 
 402 Y _   0.004 0.022 0.001 0.015 0.004 0.010 0.336 0.609 
 403 E _   0.004 0.031 0.001 0.019 0.005 0.011 0.319 0.611 
 404 E _   0.004 0.040 0.001 0.022 0.005 0.012 0.303 0.612 
 405 D _   0.005 0.049 0.001 0.026 0.006 0.013 0.287 0.613 
 406 A _   0.005 0.057 0.001 0.029 0.007 0.014 0.272 0.615 
 407 R _   0.005 0.064 0.001 0.032 0.007 0.015 0.259 0.618 
 408 S _   0.005 0.068 0.001 0.034 0.008 0.015 0.247 0.622 
 409 V _   0.005 0.072 0.001 0.036 0.008 0.016 0.237 0.626 
 410 T _   0.006 0.073 0.001 0.036 0.009 0.016 0.228 0.632 
 411 S _   0.006 0.073 0.001 0.035 0.008 0.016 0.220 0.642 
 412 M _   0.006 0.070 0.001 0.032 0.008 0.015 0.214 0.654 
 413 E _   0.007 0.065 0.001 0.027 0.007 0.015 0.209 0.669 
 414 R _   0.007 0.059 0.001 0.022 0.006 0.015 0.204 0.687 
 415 K _   0.007 0.051 0.001 0.017 0.005 0.014 0.199 0.706 
 416 E _   0.007 0.044 0.001 0.012 0.005 0.014 0.194 0.722 
 417 R _   0.008 0.038 0.001 0.009 0.004 0.015 0.190 0.736 
 418 L _   0.009 0.034 0.000 0.007 0.004 0.016 0.185 0.744 
 419 S _   0.011 0.033 0.000 0.006 0.004 0.018 0.180 0.747 
 420 K _   0.014 0.033 0.001 0.007 0.006 0.021 0.175 0.745 
 421 F _   0.018 0.036 0.001 0.009 0.008 0.025 0.168 0.736 
 422 E _   0.022 0.042 0.001 0.012 0.011 0.029 0.162 0.721 
 423 S _   0.027 0.052 0.001 0.018 0.016 0.033 0.154 0.698 
 424 I _   0.032 0.065 0.002 0.026 0.021 0.037 0.147 0.671 
 425 R _   0.035 0.078 0.002 0.034 0.025 0.039 0.140 0.646 
 426 H _   0.038 0.088 0.002 0.042 0.028 0.040 0.135 0.628 
 427 S _   0.039 0.094 0.002 0.047 0.029 0.040 0.130 0.619 
 428 I _   0.039 0.096 0.002 0.049 0.028 0.038 0.126 0.621 
 429 A _   0.037 0.095 0.002 0.047 0.026 0.036 0.124 0.635 
 430 G _   0.035 0.089 0.002 0.041 0.022 0.032 0.121 0.658 
 431 I _   0.031 0.078 0.002 0.033 0.018 0.029 0.120 0.689 
 432 I _   0.028 0.064 0.001 0.025 0.013 0.025 0.118 0.725 
 433 R _   0.024 0.049 0.001 0.017 0.010 0.022 0.117 0.761 
 434 S _   0.020 0.036 0.001 0.011 0.007 0.019 0.116 0.791 
 435 P _   0.017 0.028 0.001 0.007 0.005 0.018 0.114 0.811 
 436 K _   0.015 0.025 0.000 0.005 0.004 0.017 0.112 0.822 
 437 S _   0.014 0.024 0.000 0.005 0.004 0.016 0.109 0.827 
 438 A _   0.014 0.025 0.000 0.005 0.004 0.017 0.107 0.827 
 439 L _   0.015 0.029 0.001 0.008 0.006 0.018 0.104 0.820 
 440 G _   0.016 0.037 0.001 0.011 0.008 0.020 0.100 0.807 
 441 S _   0.017 0.049 0.001 0.017 0.010 0.022 0.096 0.787 
 442 S _   0.018 0.064 0.001 0.023 0.012 0.023 0.092 0.766 
 443 A _   0.019 0.078 0.001 0.029 0.014 0.024 0.089 0.745 
 444 L _   0.019 0.088 0.001 0.034 0.016 0.024 0.086 0.731 
 445 S _   0.019 0.094 0.001 0.037 0.016 0.024 0.083 0.725 
 446 D _   0.019 0.097 0.001 0.037 0.015 0.023 0.082 0.725 
 447 M _   0.019 0.096 0.001 0.036 0.014 0.022 0.081 0.732 
 448 I _   0.018 0.093 0.001 0.032 0.013 0.020 0.080 0.743 
 449 S _   0.017 0.087 0.001 0.028 0.011 0.018 0.080 0.758 
 450 I _   0.016 0.078 0.001 0.023 0.009 0.017 0.080 0.776 
 451 S _   0.015 0.068 0.001 0.019 0.007 0.015 0.080 0.795 
 452 E _   0.014 0.058 0.001 0.015 0.006 0.013 0.081 0.813 
 453 K _   0.012 0.049 0.001 0.012 0.005 0.012 0.081 0.829 
 454 P _   0.011 0.042 0.000 0.009 0.004 0.011 0.081 0.842 
 455 L _   0.010 0.037 0.000 0.007 0.003 0.010 0.081 0.851 
 456 A _   0.009 0.034 0.000 0.006 0.003 0.009 0.080 0.858 
 457 E _   0.009 0.033 0.000 0.006 0.003 0.009 0.080 0.862 
 458 Q _   0.008 0.033 0.000 0.006 0.003 0.009 0.079 0.863 
 459 D _   0.008 0.034 0.000 0.006 0.003 0.009 0.077 0.863 
 460 W _   0.008 0.037 0.000 0.007 0.003 0.009 0.076 0.860 
 461 Y _   0.008 0.041 0.000 0.008 0.004 0.010 0.074 0.855 
 462 H _   0.008 0.048 0.001 0.010 0.004 0.011 0.072 0.846 
 463 G _   0.009 0.058 0.001 0.012 0.005 0.012 0.070 0.834 
 464 A _   0.009 0.070 0.001 0.015 0.006 0.013 0.067 0.819 
 465 I _   0.010 0.083 0.001 0.019 0.007 0.014 0.065 0.802 
 466 P _   0.010 0.095 0.001 0.022 0.008 0.015 0.063 0.786 
 467 R _   0.010 0.106 0.001 0.026 0.009 0.015 0.061 0.773 
 468 I _   0.010 0.114 0.001 0.028 0.009 0.015 0.060 0.763 
 469 E _   0.010 0.119 0.001 0.029 0.009 0.015 0.059 0.759 
 470 A _   0.009 0.121 0.001 0.028 0.008 0.014 0.058 0.760 
 471 Q _   0.009 0.121 0.001 0.027 0.007 0.013 0.058 0.764 
 472 E _   0.009 0.118 0.001 0.024 0.007 0.013 0.058 0.771 
 473 L _   0.008 0.114 0.001 0.021 0.006 0.012 0.058 0.781 
 474 L _   0.008 0.108 0.001 0.018 0.005 0.011 0.058 0.790 
 475 K _   0.008 0.102 0.001 0.016 0.005 0.010 0.059 0.799 
 476 K _   0.008 0.096 0.001 0.015 0.004 0.010 0.059 0.807 
 477 Q _   0.008 0.090 0.001 0.014 0.004 0.009 0.060 0.814 
 478 G _   0.008 0.085 0.001 0.014 0.004 0.009 0.061 0.820 
 479 D _   0.008 0.079 0.000 0.013 0.004 0.009 0.061 0.826 
 480 F _   0.008 0.074 0.000 0.012 0.003 0.008 0.062 0.833 
 481 L _   0.007 0.068 0.000 0.010 0.003 0.008 0.062 0.841 
 482 V _   0.007 0.063 0.000 0.008 0.003 0.007 0.062 0.849 
 483 R _   0.006 0.060 0.000 0.007 0.002 0.007 0.062 0.856 
 484 E _   0.006 0.057 0.000 0.006 0.002 0.007 0.061 0.862 
 485 S _   0.005 0.057 0.000 0.005 0.002 0.007 0.060 0.864 
 486 H _   0.006 0.059 0.000 0.005 0.002 0.008 0.059 0.862 
 487 G _   0.006 0.064 0.000 0.007 0.003 0.009 0.057 0.853 
 488 K _   0.007 0.077 0.001 0.010 0.004 0.011 0.055 0.836 
 489 P _   0.008 0.100 0.001 0.014 0.006 0.013 0.052 0.806 
 490 G _   0.008 0.135 0.001 0.020 0.008 0.014 0.048 0.765 
 491 E _   0.008 0.175 0.001 0.026 0.009 0.015 0.045 0.720 
 492 Y _   0.008 0.211 0.001 0.030 0.009 0.015 0.041 0.685 
 493 V _   0.007 0.236 0.001 0.031 0.009 0.015 0.039 0.661 
 494 L _   0.007 0.253 0.001 0.031 0.009 0.014 0.037 0.649 
 495 S _   0.006 0.262 0.001 0.028 0.008 0.014 0.035 0.646 
 496 V _   0.006 0.267 0.001 0.024 0.007 0.013 0.034 0.648 
 497 Y _   0.006 0.270 0.001 0.020 0.006 0.012 0.033 0.653 
 498 S _   0.006 0.271 0.001 0.016 0.006 0.012 0.032 0.657 
 499 D _   0.006 0.272 0.001 0.014 0.005 0.012 0.031 0.658 
 500 G _   0.007 0.275 0.001 0.013 0.005 0.013 0.030 0.656 
 501 Q _   0.007 0.280 0.001 0.013 0.006 0.013 0.029 0.651 
 502 R _   0.008 0.288 0.001 0.014 0.006 0.014 0.028 0.641 
 503 R _   0.008 0.298 0.001 0.015 0.007 0.014 0.027 0.629 
 504 H _   0.009 0.308 0.001 0.017 0.007 0.014 0.027 0.617 
 505 F _   0.009 0.318 0.001 0.018 0.008 0.014 0.026 0.606 
 506 I _   0.008 0.326 0.001 0.019 0.008 0.014 0.025 0.600 
 507 I _   0.008 0.331 0.001 0.019 0.007 0.014 0.024 0.596 
 508 Q _   0.008 0.334 0.001 0.018 0.007 0.013 0.024 0.595 
 509 Y _   0.008 0.335 0.001 0.017 0.007 0.013 0.023 0.597 
 510 V _   0.007 0.336 0.001 0.015 0.006 0.013 0.023 0.598 
 511 D _   0.008 0.336 0.001 0.015 0.006 0.013 0.023 0.598 
 512 N _   0.008 0.337 0.001 0.015 0.006 0.013 0.022 0.598 
 513 M _   0.008 0.338 0.001 0.015 0.007 0.013 0.022 0.597 
 514 Y _   0.008 0.339 0.001 0.016 0.007 0.013 0.022 0.595 
 515 R _   0.008 0.340 0.001 0.017 0.007 0.013 0.022 0.592 
 516 F _   0.008 0.340 0.001 0.017 0.007 0.013 0.022 0.591 
 517 E _   0.008 0.339 0.001 0.018 0.007 0.013 0.022 0.592 
 518 G _   0.008 0.335 0.001 0.018 0.007 0.013 0.022 0.596 
 519 T _   0.008 0.331 0.001 0.017 0.007 0.013 0.022 0.600 
 520 G _   0.008 0.325 0.001 0.017 0.007 0.013 0.023 0.606 
 521 F _   0.008 0.318 0.001 0.017 0.007 0.013 0.023 0.613 
 522 S _   0.008 0.309 0.001 0.016 0.007 0.013 0.024 0.622 
 523 N _   0.009 0.300 0.001 0.016 0.007 0.013 0.024 0.630 
 524 I _   0.009 0.291 0.001 0.016 0.007 0.013 0.025 0.638 
 525 P _   0.009 0.281 0.001 0.016 0.007 0.013 0.026 0.647 
 526 Q _   0.009 0.270 0.001 0.016 0.007 0.013 0.027 0.657 
 527 L _   0.009 0.259 0.001 0.015 0.006 0.013 0.028 0.669 
 528 I _   0.010 0.248 0.001 0.014 0.006 0.013 0.029 0.680 
 529 D _   0.009 0.237 0.001 0.013 0.006 0.013 0.029 0.691 
 530 H _   0.009 0.227 0.001 0.012 0.006 0.013 0.030 0.702 
 531 H _   0.009 0.218 0.001 0.012 0.005 0.013 0.031 0.711 
 532 Y _   0.009 0.211 0.001 0.011 0.005 0.013 0.032 0.718 
 533 T _   0.009 0.206 0.001 0.011 0.005 0.013 0.033 0.723 
 534 T _   0.009 0.202 0.001 0.011 0.005 0.013 0.033 0.725 
 535 K _   0.009 0.200 0.001 0.012 0.005 0.014 0.034 0.725 
 536 Q _   0.009 0.199 0.001 0.013 0.006 0.014 0.034 0.723 
 537 V _   0.010 0.200 0.001 0.015 0.006 0.015 0.035 0.719 
 538 I _   0.010 0.202 0.001 0.017 0.007 0.015 0.035 0.713 
 539 T _   0.010 0.203 0.001 0.020 0.008 0.016 0.036 0.706 
 540 K _   0.011 0.204 0.001 0.023 0.009 0.016 0.037 0.699 
 541 K _   0.011 0.203 0.001 0.027 0.010 0.016 0.038 0.693 
 542 S _   0.012 0.200 0.001 0.030 0.010 0.016 0.039 0.691 
 543 G _   0.012 0.194 0.001 0.032 0.010 0.016 0.041 0.693 
 544 V _   0.012 0.183 0.001 0.032 0.010 0.015 0.044 0.703 
 545 V _   0.013 0.166 0.001 0.030 0.009 0.014 0.047 0.721 
 546 L _   0.012 0.140 0.001 0.026 0.008 0.013 0.050 0.749 
 547 L _   0.012 0.107 0.001 0.021 0.007 0.012 0.054 0.787 
 548 N _   0.011 0.072 0.001 0.015 0.005 0.011 0.057 0.827 
 549 P _   0.010 0.041 0.001 0.010 0.004 0.009 0.060 0.865 
 550 I _   0.009 0.021 0.000 0.006 0.003 0.008 0.063 0.890 
 551 P _   0.007 0.011 0.000 0.004 0.002 0.008 0.064 0.904 
 552 K _   0.007 0.007 0.000 0.002 0.001 0.008 0.065 0.910 
 553 D _   0.007 0.006 0.000 0.002 0.002 0.009 0.065 0.909 
 554 K _   0.009 0.006 0.000 0.002 0.002 0.011 0.065 0.904 
 555 K _   0.012 0.008 0.000 0.004 0.003 0.016 0.064 0.893 
 556 W _   0.017 0.015 0.001 0.006 0.006 0.021 0.063 0.872 
 557 I _   0.022 0.033 0.001 0.012 0.010 0.028 0.061 0.835 
 558 L _   0.026 0.065 0.001 0.020 0.016 0.034 0.058 0.780 
 559 S _   0.029 0.110 0.002 0.029 0.022 0.039 0.055 0.715 
 560 H _   0.031 0.157 0.002 0.039 0.026 0.042 0.052 0.652 
 561 E _   0.031 0.195 0.002 0.048 0.029 0.043 0.049 0.602 
 562 D _   0.032 0.220 0.002 0.054 0.031 0.043 0.048 0.570 
 563 V _   0.032 0.235 0.002 0.058 0.031 0.042 0.047 0.552 
 564 I _   0.032 0.242 0.002 0.059 0.030 0.041 0.046 0.547 
 565 L _   0.031 0.242 0.002 0.057 0.028 0.038 0.046 0.554 
 566 G _   0.030 0.236 0.002 0.052 0.026 0.035 0.047 0.572 
 567 E _   0.029 0.222 0.002 0.045 0.022 0.032 0.048 0.600 
 568 L _   0.027 0.200 0.002 0.037 0.019 0.029 0.049 0.638 
 569 L _   0.025 0.171 0.001 0.029 0.015 0.025 0.051 0.683 
 570 G _   0.022 0.142 0.001 0.022 0.012 0.023 0.052 0.726 
 571 K _   0.019 0.117 0.001 0.017 0.009 0.020 0.054 0.763 
 572 G _   0.017 0.098 0.001 0.014 0.007 0.018 0.055 0.789 
 573 N _   0.015 0.086 0.001 0.013 0.006 0.016 0.056 0.807 
 574 F _   0.013 0.077 0.001 0.013 0.005 0.015 0.057 0.820 
 575 G _   0.012 0.070 0.001 0.013 0.005 0.014 0.057 0.828 
 576 E _   0.011 0.065 0.001 0.013 0.005 0.013 0.058 0.835 
 577 V _   0.010 0.059 0.001 0.013 0.005 0.012 0.059 0.842 
 578 Y _   0.009 0.054 0.001 0.012 0.004 0.011 0.059 0.850 
 579 K _   0.008 0.049 0.001 0.011 0.004 0.010 0.059 0.859 
 580 G _   0.007 0.044 0.000 0.010 0.003 0.009 0.060 0.867 
 581 T _   0.007 0.040 0.000 0.008 0.003 0.008 0.060 0.874 
 582 L _   0.006 0.037 0.000 0.007 0.003 0.008 0.059 0.879 
 583 K _   0.006 0.035 0.000 0.007 0.003 0.008 0.059 0.881 
 584 D _   0.006 0.035 0.000 0.008 0.003 0.009 0.059 0.880 
 585 K _   0.006 0.037 0.000 0.010 0.003 0.009 0.058 0.876 
 586 T _   0.007 0.039 0.000 0.012 0.004 0.010 0.058 0.870 
 587 S _   0.007 0.042 0.001 0.016 0.005 0.011 0.057 0.861 
 588 V _   0.008 0.046 0.001 0.019 0.006 0.011 0.056 0.854 
 589 A _   0.008 0.048 0.001 0.022 0.006 0.012 0.056 0.848 
 590 V _   0.008 0.050 0.001 0.023 0.006 0.012 0.056 0.846 
 591 K _   0.007 0.050 0.001 0.022 0.006 0.011 0.055 0.848 
 592 T _   0.007 0.048 0.001 0.019 0.005 0.010 0.055 0.854 
 593 C _   0.007 0.045 0.001 0.016 0.004 0.010 0.055 0.862 
 594 K _   0.006 0.042 0.000 0.012 0.004 0.009 0.056 0.870 
 595 E _   0.006 0.039 0.000 0.010 0.003 0.009 0.056 0.877 
 596 D _   0.006 0.037 0.000 0.008 0.003 0.009 0.056 0.882 
 597 L _   0.006 0.036 0.000 0.007 0.003 0.009 0.056 0.883 
 598 P _   0.007 0.037 0.000 0.007 0.003 0.010 0.055 0.881 
 599 Q _   0.007 0.040 0.000 0.009 0.004 0.011 0.055 0.875 
 600 E _   0.008 0.044 0.001 0.011 0.004 0.012 0.054 0.865 
 601 L _   0.009 0.050 0.001 0.015 0.006 0.014 0.053 0.852 
 602 K _   0.010 0.058 0.001 0.020 0.007 0.015 0.052 0.837 
 603 I _   0.010 0.065 0.001 0.025 0.008 0.017 0.051 0.823 
 604 K _   0.011 0.071 0.001 0.030 0.010 0.017 0.051 0.811 
 605 F _   0.011 0.074 0.001 0.034 0.010 0.018 0.050 0.802 
 606 L _   0.011 0.076 0.001 0.036 0.011 0.018 0.050 0.798 
 607 Q _   0.011 0.075 0.001 0.036 0.011 0.017 0.051 0.799 
 608 E _   0.011 0.071 0.001 0.034 0.010 0.016 0.051 0.805 
 609 A _   0.011 0.065 0.001 0.030 0.009 0.015 0.052 0.818 
 610 K _   0.010 0.055 0.001 0.025 0.007 0.014 0.053 0.834 
 611 I _   0.010 0.043 0.001 0.019 0.006 0.012 0.055 0.855 
 612 L _   0.010 0.030 0.001 0.014 0.005 0.011 0.056 0.875 
 613 K _   0.009 0.018 0.000 0.009 0.004 0.010 0.057 0.893 
 614 Q _   0.009 0.010 0.000 0.006 0.003 0.009 0.057 0.906 
 615 Y _   0.008 0.005 0.000 0.004 0.002 0.010 0.058 0.912 
 616 D _   0.009 0.004 0.000 0.003 0.002 0.011 0.058 0.914 
 617 H _   0.011 0.003 0.000 0.003 0.003 0.013 0.057 0.910 
 618 P _   0.014 0.003 0.000 0.004 0.004 0.016 0.057 0.902 
 619 N _   0.019 0.005 0.001 0.006 0.006 0.021 0.056 0.886 
 620 I _   0.025 0.008 0.001 0.010 0.009 0.027 0.055 0.864 
 621 V _   0.031 0.014 0.001 0.017 0.014 0.034 0.054 0.835 
 622 K _   0.036 0.020 0.001 0.025 0.019 0.039 0.052 0.806 
 623 L _   0.040 0.026 0.002 0.033 0.023 0.043 0.051 0.782 
 624 I _   0.043 0.029 0.002 0.038 0.026 0.046 0.051 0.767 
 625 G _   0.044 0.030 0.002 0.039 0.027 0.046 0.050 0.762 
 626 V _   0.045 0.029 0.002 0.036 0.026 0.046 0.050 0.767 
 627 C _   0.045 0.026 0.002 0.030 0.023 0.045 0.050 0.780 
 628 T _   0.045 0.021 0.001 0.022 0.020 0.044 0.050 0.796 
 629 Q _   0.046 0.015 0.001 0.015 0.016 0.043 0.051 0.812 
 630 R _   0.047 0.011 0.001 0.010 0.014 0.042 0.051 0.825 
 631 Q _   0.048 0.008 0.001 0.007 0.012 0.042 0.052 0.831 
 632 P _   0.052 0.007 0.001 0.006 0.011 0.043 0.052 0.829 
 633 V _   0.057 0.007 0.001 0.006 0.012 0.044 0.052 0.821 
 634 Y _   0.064 0.009 0.001 0.007 0.014 0.046 0.052 0.806 
 635 I _   0.072 0.012 0.001 0.009 0.018 0.049 0.052 0.786 
 636 I _   0.080 0.017 0.001 0.012 0.022 0.052 0.053 0.762 
 637 M _   0.087 0.024 0.002 0.016 0.026 0.053 0.053 0.739 
 638 E _   0.091 0.032 0.002 0.019 0.029 0.054 0.054 0.719 
 639 L _   0.093 0.038 0.002 0.022 0.032 0.054 0.055 0.705 
 640 V _   0.092 0.044 0.002 0.025 0.033 0.053 0.056 0.696 
 641 S _   0.089 0.049 0.002 0.027 0.032 0.051 0.058 0.693 
 642 G _   0.085 0.052 0.002 0.030 0.031 0.048 0.060 0.693 
 643 G _   0.081 0.053 0.002 0.031 0.029 0.045 0.062 0.697 
 644 D _   0.074 0.053 0.002 0.032 0.026 0.041 0.065 0.707 
 645 F _   0.067 0.051 0.002 0.032 0.022 0.036 0.069 0.723 
 646 L _   0.057 0.046 0.001 0.029 0.017 0.031 0.072 0.745 
 647 T _   0.047 0.039 0.001 0.025 0.013 0.026 0.076 0.774 
 648 F _   0.037 0.030 0.001 0.019 0.009 0.021 0.080 0.804 
 649 L _   0.028 0.020 0.001 0.013 0.006 0.016 0.083 0.833 
 650 R _   0.021 0.012 0.001 0.009 0.004 0.013 0.085 0.856 
 651 R _   0.015 0.007 0.000 0.005 0.003 0.010 0.087 0.873 
 652 K _   0.011 0.004 0.000 0.003 0.002 0.008 0.087 0.883 
 653 K _   0.009 0.003 0.000 0.003 0.002 0.008 0.088 0.888 
 654 D _   0.008 0.003 0.000 0.002 0.002 0.008 0.088 0.888 
 655 E _   0.008 0.004 0.000 0.003 0.002 0.009 0.087 0.886 
 656 L _   0.009 0.007 0.000 0.005 0.003 0.011 0.086 0.880 
 657 K _   0.010 0.012 0.000 0.007 0.004 0.014 0.085 0.868 
 658 L _   0.011 0.021 0.001 0.010 0.005 0.017 0.083 0.852 
 659 K _   0.013 0.034 0.001 0.014 0.007 0.020 0.081 0.831 
 660 Q _   0.014 0.049 0.001 0.017 0.009 0.022 0.078 0.810 
 661 L _   0.016 0.064 0.001 0.019 0.010 0.025 0.076 0.789 
 662 V _   0.018 0.078 0.001 0.021 0.012 0.028 0.073 0.768 
 663 K _   0.020 0.092 0.001 0.022 0.015 0.031 0.071 0.748 
