#TopoPred_TM8: 8-state transmembrane topology prediction results by no_profile mode 
#probabilities are in the order of H E C I L F X _, the 8 transmembrane topology types used in PDBTM 
   1 M X   0.019 0.002 0.002 0.060 0.011 0.017 0.576 0.313 
   2 N X   0.007 0.002 0.000 0.041 0.003 0.012 0.588 0.347 
   3 G X   0.004 0.002 0.000 0.031 0.001 0.011 0.589 0.363 
   4 E X   0.004 0.003 0.000 0.028 0.002 0.014 0.581 0.367 
   5 A X   0.008 0.007 0.000 0.030 0.004 0.021 0.565 0.366 
   6 I X   0.012 0.012 0.001 0.034 0.008 0.028 0.542 0.364 
   7 C X   0.016 0.022 0.001 0.040 0.011 0.032 0.517 0.361 
   8 S X   0.019 0.032 0.001 0.047 0.014 0.035 0.491 0.361 
   9 A X   0.020 0.042 0.002 0.052 0.016 0.035 0.466 0.366 
  10 L X   0.020 0.049 0.002 0.054 0.018 0.034 0.445 0.377 
  11 P X   0.019 0.053 0.002 0.052 0.019 0.033 0.427 0.396 
  12 T _   0.018 0.054 0.001 0.046 0.017 0.030 0.412 0.421 
  13 I _   0.017 0.052 0.001 0.038 0.015 0.028 0.399 0.449 
  14 P _   0.016 0.049 0.001 0.030 0.013 0.025 0.388 0.478 
  15 Y _   0.015 0.045 0.001 0.022 0.010 0.023 0.379 0.505 
  16 H _   0.014 0.041 0.001 0.017 0.008 0.020 0.371 0.528 
  17 K _   0.012 0.038 0.001 0.013 0.007 0.019 0.363 0.548 
  18 L _   0.011 0.036 0.001 0.011 0.006 0.017 0.354 0.563 
  19 A _   0.011 0.036 0.001 0.010 0.006 0.016 0.346 0.575 
  20 D _   0.010 0.036 0.001 0.011 0.006 0.016 0.337 0.584 
  21 L _   0.010 0.037 0.001 0.013 0.006 0.016 0.328 0.590 
  22 R _   0.010 0.039 0.001 0.015 0.007 0.015 0.319 0.595 
  23 Y _   0.010 0.041 0.001 0.017 0.007 0.015 0.310 0.599 
  24 L _   0.009 0.042 0.001 0.020 0.008 0.015 0.302 0.603 
  25 S _   0.009 0.043 0.001 0.022 0.008 0.014 0.294 0.609 
  26 R _   0.009 0.043 0.001 0.022 0.008 0.014 0.287 0.616 
  27 G _   0.008 0.041 0.001 0.022 0.007 0.013 0.282 0.626 
  28 A _   0.008 0.039 0.001 0.020 0.007 0.012 0.276 0.637 
  29 S _   0.008 0.035 0.001 0.017 0.006 0.011 0.272 0.650 
  30 G _   0.007 0.031 0.001 0.014 0.005 0.011 0.267 0.664 
  31 T _   0.007 0.027 0.001 0.011 0.004 0.010 0.263 0.678 
  32 V _   0.007 0.023 0.000 0.008 0.003 0.010 0.258 0.690 
  33 S _   0.007 0.020 0.000 0.007 0.003 0.010 0.253 0.700 
  34 S _   0.007 0.019 0.000 0.006 0.003 0.010 0.248 0.707 
  35 A _   0.008 0.019 0.000 0.005 0.003 0.012 0.243 0.710 
  36 R _   0.009 0.020 0.000 0.006 0.004 0.014 0.237 0.711 
  37 H _   0.011 0.022 0.001 0.007 0.005 0.017 0.230 0.708 
  38 A _   0.013 0.028 0.001 0.010 0.007 0.020 0.223 0.698 
  39 D _   0.016 0.038 0.001 0.014 0.010 0.024 0.214 0.684 
  40 W _   0.019 0.051 0.001 0.019 0.013 0.028 0.205 0.663 
  41 R _   0.022 0.068 0.001 0.025 0.017 0.031 0.196 0.640 
  42 V _   0.024 0.084 0.002 0.031 0.020 0.033 0.188 0.618 
  43 Q _   0.026 0.098 0.002 0.036 0.022 0.035 0.180 0.601 
  44 V _   0.028 0.107 0.002 0.040 0.024 0.035 0.174 0.590 
  45 A _   0.028 0.114 0.002 0.042 0.024 0.035 0.169 0.586 
  46 V _   0.029 0.117 0.002 0.043 0.023 0.034 0.165 0.588 
  47 K _   0.029 0.116 0.002 0.042 0.022 0.032 0.162 0.596 
  48 H _   0.028 0.113 0.001 0.040 0.020 0.030 0.160 0.608 
  49 L _   0.026 0.107 0.001 0.037 0.017 0.027 0.159 0.626 
  50 H _   0.024 0.097 0.001 0.033 0.015 0.024 0.158 0.648 
  51 I _   0.021 0.084 0.001 0.028 0.012 0.021 0.158 0.675 
  52 H _   0.019 0.068 0.001 0.023 0.009 0.018 0.158 0.705 
  53 T _   0.016 0.050 0.001 0.018 0.007 0.015 0.158 0.736 
  54 P _   0.013 0.034 0.001 0.013 0.005 0.012 0.158 0.764 
  55 L _   0.011 0.021 0.001 0.009 0.004 0.010 0.157 0.788 
  56 L _   0.009 0.012 0.000 0.006 0.003 0.008 0.156 0.806 
  57 D _   0.007 0.007 0.000 0.004 0.002 0.007 0.154 0.818 
  58 S _   0.006 0.004 0.000 0.003 0.002 0.007 0.151 0.827 
  59 E _   0.006 0.003 0.000 0.003 0.002 0.007 0.148 0.831 
  60 R _   0.006 0.002 0.000 0.003 0.002 0.008 0.145 0.834 
  61 K _   0.007 0.002 0.000 0.004 0.002 0.010 0.141 0.834 
  62 D _   0.008 0.003 0.000 0.006 0.003 0.012 0.136 0.831 
  63 V _   0.010 0.004 0.001 0.009 0.005 0.016 0.130 0.826 
  64 L _   0.012 0.005 0.001 0.013 0.006 0.019 0.125 0.819 
  65 R _   0.015 0.006 0.001 0.017 0.009 0.023 0.119 0.811 
  66 E _   0.018 0.007 0.001 0.020 0.011 0.026 0.113 0.804 
  67 A _   0.021 0.008 0.001 0.021 0.012 0.030 0.107 0.800 
  68 E _   0.026 0.007 0.001 0.021 0.013 0.032 0.102 0.797 
  69 I _   0.032 0.007 0.001 0.018 0.014 0.035 0.097 0.796 
  70 L _   0.039 0.006 0.001 0.015 0.015 0.037 0.093 0.795 
  71 H _   0.048 0.004 0.001 0.012 0.016 0.039 0.088 0.791 
  72 K _   0.059 0.003 0.001 0.010 0.016 0.041 0.084 0.785 
  73 A _   0.071 0.002 0.001 0.009 0.017 0.043 0.081 0.776 
  74 R _   0.082 0.002 0.001 0.008 0.019 0.045 0.078 0.765 
  75 F _   0.094 0.002 0.001 0.008 0.020 0.046 0.075 0.753 
  76 S _   0.104 0.002 0.001 0.009 0.022 0.047 0.073 0.742 
  77 Y _   0.113 0.002 0.001 0.010 0.023 0.047 0.071 0.732 
  78 I _   0.121 0.002 0.002 0.012 0.024 0.047 0.069 0.724 
  79 L _   0.125 0.002 0.002 0.012 0.023 0.046 0.068 0.722 
  80 P _   0.126 0.002 0.001 0.012 0.022 0.044 0.067 0.726 
  81 I _   0.125 0.002 0.001 0.011 0.019 0.042 0.066 0.734 
  82 L _   0.120 0.001 0.001 0.009 0.017 0.039 0.065 0.747 
  83 G _   0.113 0.001 0.001 0.007 0.015 0.037 0.065 0.761 
  84 I _   0.106 0.001 0.001 0.006 0.012 0.036 0.064 0.774 
  85 C _   0.099 0.001 0.001 0.005 0.011 0.034 0.064 0.786 
  86 N _   0.092 0.001 0.001 0.005 0.011 0.034 0.063 0.794 
  87 E _   0.086 0.001 0.001 0.005 0.011 0.034 0.063 0.798 
  88 P _   0.082 0.003 0.001 0.007 0.013 0.035 0.062 0.797 
  89 E _   0.077 0.005 0.001 0.011 0.015 0.036 0.062 0.793 
  90 F _   0.072 0.009 0.001 0.016 0.018 0.036 0.061 0.787 
  91 L _   0.066 0.014 0.002 0.022 0.020 0.035 0.061 0.780 
  92 G _   0.059 0.018 0.002 0.028 0.020 0.034 0.061 0.778 
  93 I _   0.051 0.021 0.002 0.033 0.020 0.032 0.062 0.781 
  94 V _   0.043 0.022 0.001 0.034 0.018 0.029 0.062 0.791 
  95 T _   0.036 0.021 0.001 0.031 0.015 0.025 0.063 0.807 
  96 E _   0.028 0.018 0.001 0.026 0.012 0.021 0.065 0.829 
  97 Y _   0.022 0.015 0.001 0.019 0.009 0.017 0.066 0.851 
  98 M _   0.017 0.011 0.001 0.014 0.006 0.014 0.066 0.871 
  99 P _   0.013 0.007 0.001 0.009 0.004 0.012 0.067 0.886 
 100 N _   0.011 0.005 0.000 0.007 0.003 0.010 0.067 0.897 
 101 G _   0.009 0.004 0.000 0.006 0.003 0.009 0.068 0.902 
 102 S _   0.008 0.003 0.000 0.006 0.003 0.008 0.068 0.904 
 103 L _   0.008 0.003 0.000 0.006 0.003 0.008 0.067 0.904 
 104 N _   0.008 0.003 0.000 0.008 0.003 0.009 0.067 0.903 
 105 E _   0.008 0.003 0.000 0.009 0.003 0.009 0.066 0.901 
 106 L _   0.008 0.003 0.000 0.011 0.004 0.009 0.066 0.899 
 107 L _   0.008 0.003 0.000 0.011 0.004 0.009 0.065 0.899 
 108 H _   0.008 0.003 0.000 0.011 0.004 0.009 0.064 0.901 
 109 R _   0.008 0.002 0.000 0.010 0.004 0.009 0.063 0.903 
 110 K _   0.009 0.002 0.000 0.008 0.003 0.009 0.062 0.906 
 111 T _   0.010 0.001 0.000 0.007 0.003 0.010 0.061 0.908 
 112 E _   0.013 0.001 0.000 0.005 0.003 0.010 0.059 0.909 
 113 Y _   0.018 0.000 0.000 0.004 0.003 0.011 0.058 0.905 
 114 P _   0.027 0.000 0.000 0.004 0.003 0.013 0.056 0.896 
 115 D _   0.043 0.000 0.000 0.003 0.004 0.016 0.054 0.879 
 116 V _   0.069 0.000 0.001 0.003 0.005 0.020 0.051 0.850 
 117 A _   0.106 0.000 0.001 0.004 0.008 0.025 0.048 0.809 
 118 W _   0.156 0.000 0.001 0.004 0.011 0.031 0.045 0.753 
 119 P _   0.217 0.000 0.001 0.004 0.016 0.037 0.041 0.685 
 120 L _   0.284 0.000 0.001 0.004 0.022 0.043 0.037 0.609 
 121 R _   0.354 0.000 0.002 0.004 0.029 0.047 0.034 0.530 
 122 F _   0.418 0.000 0.002 0.004 0.036 0.051 0.032 0.458 
 123 R H   0.474 0.000 0.002 0.004 0.042 0.053 0.030 0.395 
 124 I H   0.519 0.000 0.002 0.004 0.048 0.053 0.029 0.344 
 125 L H   0.555 0.000 0.002 0.005 0.053 0.053 0.028 0.304 
 126 H H   0.578 0.001 0.002 0.005 0.055 0.051 0.029 0.279 
 127 E H   0.588 0.001 0.002 0.006 0.056 0.049 0.030 0.268 
 128 I H   0.586 0.001 0.002 0.007 0.055 0.046 0.031 0.271 
 129 A H   0.572 0.002 0.002 0.008 0.052 0.043 0.034 0.287 
 130 L H   0.543 0.002 0.003 0.009 0.048 0.040 0.037 0.319 
 131 G H   0.502 0.002 0.002 0.009 0.041 0.037 0.041 0.366 
 132 V H   0.448 0.001 0.002 0.009 0.034 0.034 0.046 0.425 
 133 N _   0.385 0.001 0.002 0.009 0.027 0.030 0.052 0.494 
 134 Y _   0.317 0.001 0.002 0.009 0.020 0.027 0.058 0.567 
 135 L _   0.250 0.001 0.001 0.008 0.015 0.023 0.064 0.638 
 136 H _   0.189 0.001 0.001 0.007 0.010 0.020 0.070 0.701 
 137 N _   0.138 0.001 0.001 0.007 0.008 0.017 0.076 0.754 
 138 M _   0.097 0.001 0.001 0.006 0.006 0.014 0.080 0.796 
 139 T _   0.066 0.001 0.001 0.005 0.004 0.012 0.084 0.826 
 140 P _   0.045 0.001 0.000 0.005 0.003 0.011 0.087 0.848 
 141 P _   0.031 0.001 0.000 0.005 0.003 0.010 0.089 0.861 
 142 L _   0.022 0.001 0.000 0.005 0.003 0.009 0.091 0.870 
 143 L _   0.016 0.002 0.000 0.005 0.003 0.008 0.092 0.874 
 144 H _   0.012 0.003 0.000 0.005 0.003 0.008 0.093 0.875 
 145 H _   0.010 0.005 0.000 0.006 0.003 0.008 0.093 0.874 
 146 D _   0.009 0.008 0.000 0.007 0.003 0.008 0.093 0.871 
 147 L _   0.008 0.011 0.000 0.008 0.003 0.009 0.093 0.867 
 148 K _   0.007 0.016 0.000 0.010 0.004 0.009 0.093 0.861 
 149 T _   0.007 0.022 0.000 0.011 0.004 0.010 0.093 0.854 
 150 Q _   0.007 0.028 0.001 0.011 0.004 0.010 0.092 0.847 
 151 N _   0.007 0.035 0.001 0.012 0.004 0.010 0.092 0.839 
 152 I _   0.007 0.043 0.001 0.012 0.004 0.011 0.091 0.831 
 153 L _   0.007 0.052 0.001 0.013 0.005 0.011 0.090 0.822 
 154 L _   0.007 0.062 0.001 0.013 0.005 0.012 0.089 0.811 
 155 D _   0.008 0.074 0.001 0.014 0.005 0.013 0.088 0.798 
 156 N _   0.008 0.087 0.001 0.015 0.006 0.014 0.087 0.783 
 157 E _   0.008 0.102 0.001 0.016 0.007 0.015 0.086 0.765 
 158 F _   0.009 0.120 0.001 0.017 0.007 0.016 0.085 0.744 
 159 H _   0.009 0.139 0.001 0.019 0.008 0.017 0.084 0.722 
 160 V _   0.010 0.159 0.001 0.021 0.009 0.018 0.084 0.699 
 161 K _   0.010 0.178 0.001 0.022 0.009 0.018 0.083 0.678 
 162 I _   0.010 0.196 0.001 0.022 0.009 0.019 0.083 0.659 
 163 A _   0.011 0.212 0.001 0.023 0.010 0.019 0.082 0.642 
 164 D _   0.011 0.226 0.001 0.024 0.010 0.020 0.082 0.626 
 165 F _   0.011 0.238 0.001 0.025 0.011 0.020 0.082 0.612 
 166 G _   0.012 0.247 0.001 0.026 0.011 0.021 0.083 0.598 
 167 L _   0.013 0.255 0.001 0.029 0.012 0.021 0.084 0.586 
 168 S _   0.013 0.261 0.001 0.031 0.013 0.021 0.085 0.575 
 169 K _   0.014 0.264 0.001 0.034 0.013 0.021 0.087 0.566 
 170 W _   0.014 0.264 0.001 0.037 0.013 0.020 0.089 0.561 
 171 R _   0.014 0.260 0.001 0.039 0.013 0.019 0.092 0.562 
 172 M _   0.014 0.251 0.001 0.039 0.012 0.018 0.096 0.568 
 173 M _   0.014 0.235 0.001 0.037 0.011 0.017 0.102 0.584 
 174 S _   0.013 0.209 0.001 0.033 0.010 0.015 0.108 0.611 
 175 L _   0.013 0.172 0.001 0.028 0.008 0.013 0.115 0.649 
 176 S _   0.012 0.129 0.001 0.021 0.007 0.012 0.123 0.696 
 177 Q _   0.011 0.087 0.001 0.015 0.005 0.010 0.130 0.742 
 178 S _   0.009 0.056 0.001 0.009 0.003 0.008 0.136 0.778 
 179 R _   0.007 0.037 0.000 0.006 0.002 0.007 0.140 0.800 
 180 S _   0.006 0.029 0.000 0.004 0.002 0.006 0.142 0.811 
 181 S _   0.005 0.026 0.000 0.003 0.001 0.006 0.144 0.814 
 182 K _   0.005 0.025 0.000 0.004 0.002 0.007 0.145 0.811 
 183 S _   0.006 0.028 0.000 0.006 0.002 0.009 0.145 0.803 
 184 A _   0.008 0.036 0.000 0.011 0.004 0.012 0.145 0.785 
 185 P _   0.009 0.050 0.001 0.020 0.006 0.014 0.143 0.757 
 186 E _   0.009 0.070 0.001 0.031 0.009 0.017 0.142 0.720 
 187 G _   0.010 0.090 0.001 0.044 0.011 0.018 0.141 0.685 
 188 G _   0.010 0.103 0.001 0.054 0.012 0.019 0.140 0.659 
 189 T _   0.010 0.110 0.001 0.060 0.013 0.019 0.141 0.645 
 190 I _   0.010 0.112 0.001 0.062 0.013 0.018 0.143 0.641 
 191 I _   0.010 0.110 0.001 0.058 0.012 0.017 0.146 0.647 
 192 Y _   0.009 0.102 0.001 0.049 0.010 0.015 0.150 0.664 
 193 M _   0.009 0.088 0.001 0.039 0.008 0.013 0.155 0.687 
 194 P _   0.008 0.069 0.001 0.028 0.006 0.011 0.161 0.716 
 195 P _   0.008 0.048 0.001 0.018 0.004 0.010 0.166 0.745 
 196 E _   0.007 0.031 0.000 0.011 0.003 0.008 0.170 0.769 
 197 N _   0.006 0.020 0.000 0.007 0.002 0.007 0.174 0.784 
 198 Y _   0.005 0.014 0.000 0.005 0.002 0.006 0.175 0.793 
 199 E _   0.005 0.011 0.000 0.004 0.001 0.005 0.176 0.798 
 200 P _   0.004 0.010 0.000 0.003 0.001 0.006 0.176 0.799 
 201 G _   0.004 0.010 0.000 0.004 0.001 0.006 0.176 0.799 
 202 Q _   0.004 0.011 0.000 0.004 0.002 0.007 0.174 0.797 
 203 K _   0.005 0.013 0.000 0.006 0.002 0.009 0.171 0.793 
 204 S _   0.005 0.018 0.000 0.008 0.003 0.012 0.168 0.786 
 205 R _   0.006 0.025 0.000 0.010 0.004 0.015 0.164 0.776 
 206 A _   0.007 0.034 0.001 0.012 0.005 0.018 0.160 0.763 
 207 S _   0.009 0.045 0.001 0.015 0.007 0.022 0.154 0.747 
 208 I _   0.012 0.059 0.001 0.017 0.009 0.027 0.149 0.726 
 209 K _   0.015 0.074 0.001 0.019 0.012 0.033 0.143 0.702 
 210 H _   0.020 0.091 0.001 0.021 0.017 0.039 0.137 0.672 
 211 D _   0.027 0.111 0.002 0.024 0.023 0.046 0.131 0.636 
 212 I _   0.035 0.133 0.002 0.027 0.031 0.053 0.126 0.594 
 213 Y _   0.044 0.158 0.002 0.030 0.039 0.059 0.120 0.548 
 214 S _   0.053 0.183 0.002 0.034 0.046 0.062 0.116 0.504 
 215 Y _   0.061 0.206 0.003 0.039 0.051 0.064 0.112 0.463 
 216 A _   0.068 0.226 0.003 0.045 0.054 0.064 0.110 0.432 
 217 V _   0.073 0.240 0.003 0.050 0.054 0.062 0.108 0.410 
 218 I _   0.075 0.248 0.003 0.053 0.052 0.058 0.108 0.403 
 219 T _   0.074 0.248 0.002 0.055 0.048 0.054 0.109 0.410 
 220 W _   0.071 0.242 0.002 0.053 0.043 0.049 0.111 0.428 
 221 E _   0.067 0.228 0.002 0.049 0.036 0.043 0.114 0.460 
 222 V _   0.060 0.203 0.002 0.043 0.030 0.038 0.117 0.507 
 223 L _   0.052 0.166 0.002 0.035 0.023 0.032 0.122 0.568 
 224 S _   0.043 0.120 0.002 0.026 0.017 0.027 0.127 0.639 
 225 R _   0.035 0.075 0.001 0.018 0.011 0.022 0.131 0.706 
 226 K _   0.027 0.043 0.001 0.012 0.007 0.017 0.135 0.758 
 227 Q _   0.020 0.023 0.001 0.007 0.005 0.014 0.138 0.793 
 228 P _   0.015 0.013 0.000 0.005 0.003 0.011 0.139 0.814 
 229 F _   0.012 0.009 0.000 0.003 0.002 0.009 0.140 0.825 
 230 E _   0.010 0.007 0.000 0.003 0.002 0.009 0.140 0.829 
 231 D _   0.009 0.007 0.000 0.003 0.002 0.009 0.140 0.830 
 232 V _   0.009 0.008 0.000 0.004 0.003 0.010 0.139 0.827 
 233 T _   0.010 0.011 0.000 0.006 0.004 0.012 0.138 0.819 
 234 N _   0.011 0.017 0.001 0.010 0.005 0.014 0.136 0.807 
 235 P _   0.012 0.026 0.001 0.016 0.007 0.016 0.134 0.788 
 236 L _   0.013 0.037 0.001 0.022 0.010 0.018 0.131 0.768 
 237 Q _   0.013 0.047 0.001 0.029 0.012 0.020 0.130 0.748 
 238 I _   0.014 0.054 0.001 0.035 0.013 0.021 0.128 0.735 
 239 M _   0.013 0.059 0.001 0.038 0.013 0.021 0.127 0.728 
 240 Y _   0.013 0.060 0.001 0.038 0.013 0.020 0.127 0.727 
 241 S _   0.013 0.060 0.001 0.036 0.012 0.019 0.127 0.732 
 242 V _   0.012 0.057 0.001 0.032 0.011 0.017 0.128 0.742 
 243 S _   0.012 0.052 0.001 0.027 0.009 0.016 0.129 0.755 
 244 Q _   0.011 0.045 0.001 0.022 0.008 0.014 0.131 0.768 
 245 G _   0.010 0.037 0.001 0.018 0.006 0.013 0.133 0.782 
 246 H _   0.010 0.030 0.001 0.015 0.005 0.012 0.134 0.793 
 247 R _   0.009 0.023 0.001 0.012 0.005 0.011 0.136 0.803 
 248 P _   0.009 0.018 0.001 0.011 0.004 0.010 0.138 0.810 
 249 V _   0.008 0.014 0.000 0.009 0.004 0.009 0.139 0.816 
 250 I _   0.008 0.011 0.000 0.008 0.003 0.009 0.140 0.820 
 251 N _   0.008 0.008 0.000 0.007 0.003 0.009 0.141 0.824 
 252 E _   0.008 0.006 0.000 0.006 0.003 0.009 0.141 0.827 
 253 E _   0.007 0.005 0.000 0.005 0.002 0.009 0.142 0.830 
 254 S _   0.008 0.004 0.000 0.005 0.002 0.009 0.141 0.831 
 255 L _   0.008 0.003 0.000 0.004 0.002 0.011 0.140 0.831 
 256 P _   0.010 0.003 0.000 0.004 0.002 0.013 0.139 0.829 
 257 Y _   0.013 0.003 0.000 0.004 0.003 0.016 0.138 0.823 
 258 D _   0.018 0.005 0.000 0.004 0.005 0.021 0.135 0.811 
 259 I _   0.026 0.009 0.001 0.006 0.008 0.029 0.132 0.789 
 260 P _   0.037 0.018 0.001 0.009 0.014 0.038 0.129 0.753 
 261 H _   0.049 0.039 0.002 0.015 0.024 0.048 0.124 0.699 
 262 R _   0.059 0.077 0.003 0.023 0.036 0.056 0.119 0.628 
 263 A _   0.065 0.129 0.003 0.034 0.046 0.061 0.114 0.548 
 264 R _   0.068 0.183 0.003 0.047 0.051 0.062 0.110 0.477 
 265 M _   0.067 0.223 0.003 0.058 0.052 0.060 0.108 0.429 
 266 I _   0.065 0.248 0.003 0.068 0.050 0.056 0.107 0.403 
 267 S _   0.063 0.259 0.002 0.073 0.047 0.052 0.107 0.397 
 268 L _   0.059 0.262 0.002 0.074 0.042 0.047 0.109 0.406 
 269 I _   0.053 0.255 0.002 0.070 0.036 0.041 0.112 0.431 
 270 E _   0.047 0.236 0.002 0.062 0.029 0.035 0.115 0.473 
 271 S _   0.040 0.200 0.002 0.050 0.023 0.029 0.120 0.535 
 272 G _   0.034 0.149 0.002 0.037 0.016 0.024 0.126 0.613 
 273 W _   0.028 0.091 0.001 0.024 0.011 0.019 0.131 0.695 
 274 A _   0.021 0.045 0.001 0.014 0.006 0.014 0.136 0.762 
 275 Q _   0.015 0.018 0.001 0.007 0.004 0.011 0.138 0.806 
 276 N _   0.011 0.006 0.000 0.004 0.002 0.008 0.139 0.830 
 277 P _   0.008 0.002 0.000 0.002 0.001 0.007 0.139 0.840 
 278 D _   0.007 0.001 0.000 0.001 0.001 0.007 0.139 0.845 
 279 E _   0.007 0.000 0.000 0.001 0.001 0.008 0.137 0.845 
 280 R _   0.009 0.000 0.000 0.002 0.002 0.011 0.135 0.841 
 281 P _   0.014 0.000 0.000 0.003 0.003 0.016 0.132 0.832 
 282 S _   0.021 0.001 0.000 0.006 0.005 0.023 0.128 0.816 
 283 F _   0.031 0.002 0.001 0.011 0.009 0.031 0.123 0.792 
 284 L _   0.042 0.004 0.001 0.017 0.015 0.040 0.118 0.762 
 285 K _   0.056 0.007 0.002 0.025 0.021 0.048 0.112 0.730 
 286 C _   0.070 0.008 0.002 0.030 0.027 0.054 0.106 0.702 
 287 L _   0.086 0.009 0.002 0.032 0.031 0.059 0.102 0.680 
 288 I _   0.104 0.009 0.002 0.030 0.032 0.061 0.098 0.664 
 289 E _   0.123 0.008 0.002 0.025 0.032 0.061 0.094 0.655 
 290 L _   0.144 0.006 0.002 0.019 0.030 0.061 0.091 0.648 
 291 E _   0.166 0.003 0.002 0.012 0.027 0.059 0.089 0.642 
 292 P _   0.190 0.002 0.001 0.007 0.023 0.057 0.086 0.633 
 293 V _   0.216 0.001 0.001 0.004 0.020 0.055 0.084 0.619 
 294 L _   0.242 0.000 0.001 0.003 0.018 0.054 0.083 0.599 
 295 R _   0.271 0.000 0.001 0.002 0.019 0.053 0.081 0.573 
 296 T _   0.301 0.000 0.001 0.002 0.020 0.053 0.081 0.543 
 297 F _   0.328 0.000 0.001 0.002 0.023 0.053 0.080 0.512 
 298 E _   0.352 0.000 0.001 0.003 0.027 0.054 0.081 0.482 
 299 E _   0.371 0.001 0.002 0.004 0.032 0.055 0.082 0.453 
 300 I _   0.384 0.001 0.002 0.006 0.038 0.055 0.083 0.431 
 301 T _   0.388 0.002 0.002 0.009 0.042 0.054 0.086 0.417 
 302 F _   0.382 0.003 0.002 0.012 0.044 0.053 0.089 0.414 
 303 L _   0.365 0.004 0.002 0.015 0.043 0.050 0.094 0.426 
 304 E _   0.338 0.004 0.002 0.017 0.040 0.047 0.100 0.451 
 305 A _   0.302 0.004 0.002 0.017 0.035 0.043 0.107 0.490 
 306 V _   0.258 0.003 0.002 0.015 0.028 0.038 0.114 0.541 
 307 I _   0.214 0.002 0.002 0.011 0.021 0.033 0.122 0.595 
 308 Q _   0.170 0.001 0.001 0.008 0.014 0.029 0.129 0.648 
 309 L _   0.131 0.001 0.001 0.005 0.010 0.025 0.136 0.691 
 310 K _   0.101 0.000 0.001 0.004 0.007 0.023 0.142 0.722 
 311 K _   0.079 0.000 0.001 0.003 0.006 0.022 0.147 0.743 
 312 T _   0.063 0.001 0.001 0.003 0.005 0.021 0.151 0.755 
 313 K _   0.053 0.001 0.001 0.004 0.006 0.022 0.155 0.757 
 314 L _   0.047 0.003 0.001 0.007 0.008 0.024 0.160 0.751 
 315 Q _   0.043 0.007 0.001 0.013 0.011 0.025 0.164 0.736 
 316 S _   0.041 0.014 0.001 0.020 0.014 0.027 0.169 0.716 
 317 V _   0.038 0.020 0.001 0.029 0.016 0.027 0.174 0.695 
 318 S _   0.035 0.025 0.001 0.036 0.017 0.027 0.180 0.679 
 319 S _   0.031 0.027 0.001 0.039 0.017 0.025 0.188 0.670 
 320 A _   0.028 0.028 0.001 0.039 0.016 0.023 0.196 0.669 
 321 I _   0.024 0.026 0.001 0.034 0.013 0.021 0.206 0.674 
 322 H _   0.021 0.023 0.001 0.028 0.010 0.018 0.216 0.683 
 323 L _   0.017 0.018 0.001 0.020 0.008 0.015 0.227 0.695 
 324 C _   0.014 0.013 0.001 0.013 0.005 0.012 0.236 0.705 
 325 D _   0.012 0.009 0.000 0.009 0.004 0.011 0.245 0.710 
 326 K _   0.010 0.006 0.000 0.006 0.003 0.009 0.253 0.712 
 327 K _   0.009 0.005 0.000 0.005 0.003 0.008 0.260 0.710 
 328 K _   0.008 0.004 0.000 0.005 0.002 0.008 0.266 0.705 
 329 M _   0.008 0.004 0.000 0.007 0.003 0.008 0.272 0.698 
 330 E _   0.008 0.005 0.000 0.008 0.003 0.008 0.278 0.689 
 331 L _   0.008 0.005 0.000 0.011 0.004 0.009 0.284 0.679 
 332 S _   0.008 0.006 0.000 0.012 0.004 0.009 0.290 0.671 
 333 L _   0.008 0.006 0.000 0.013 0.004 0.008 0.296 0.664 
 334 N _   0.007 0.006 0.000 0.013 0.004 0.008 0.302 0.658 
 335 I _   0.007 0.006 0.000 0.012 0.003 0.007 0.309 0.655 
 336 P _   0.006 0.005 0.000 0.011 0.003 0.007 0.315 0.653 
 337 V _   0.006 0.004 0.000 0.009 0.003 0.006 0.321 0.651 
 338 N _   0.005 0.003 0.000 0.007 0.002 0.006 0.327 0.649 
 339 H _   0.005 0.003 0.000 0.006 0.002 0.005 0.332 0.647 
 340 G _   0.005 0.002 0.000 0.005 0.002 0.005 0.336 0.645 
 341 P _   0.005 0.002 0.000 0.005 0.002 0.005 0.339 0.642 
 342 Q _   0.005 0.002 0.000 0.005 0.002 0.005 0.342 0.639 
 343 E _   0.004 0.002 0.000 0.006 0.002 0.005 0.344 0.636 
 344 E _   0.004 0.003 0.000 0.007 0.002 0.005 0.346 0.633 
 345 S _   0.004 0.003 0.000 0.007 0.002 0.005 0.347 0.631 
 346 C _   0.004 0.004 0.000 0.008 0.002 0.006 0.348 0.629 
 347 G _   0.004 0.004 0.000 0.009 0.002 0.006 0.348 0.627 
 348 S _   0.004 0.004 0.000 0.010 0.002 0.006 0.348 0.626 
 349 S _   0.004 0.005 0.000 0.010 0.002 0.006 0.348 0.626 
 350 Q _   0.004 0.005 0.000 0.009 0.002 0.006 0.348 0.626 
 351 L _   0.003 0.005 0.000 0.009 0.002 0.005 0.348 0.627 
 352 H _   0.003 0.005 0.000 0.008 0.002 0.005 0.348 0.628 
 353 E _   0.003 0.005 0.000 0.008 0.002 0.005 0.347 0.630 
 354 N _   0.003 0.005 0.000 0.008 0.002 0.005 0.346 0.631 
 355 S _   0.003 0.006 0.000 0.007 0.002 0.005 0.345 0.632 
 356 G _   0.003 0.006 0.000 0.007 0.002 0.005 0.343 0.633 
 357 S _   0.003 0.007 0.000 0.008 0.002 0.005 0.341 0.634 
 358 P _   0.004 0.007 0.000 0.008 0.002 0.006 0.338 0.635 
 359 E _   0.004 0.008 0.000 0.009 0.002 0.006 0.335 0.636 
 360 T _   0.004 0.009 0.000 0.009 0.002 0.006 0.332 0.637 
 361 S _   0.004 0.010 0.000 0.010 0.002 0.006 0.329 0.638 
 362 R _   0.004 0.011 0.000 0.010 0.002 0.006 0.325 0.640 
 363 S _   0.004 0.013 0.000 0.010 0.002 0.006 0.321 0.643 
 364 L _   0.004 0.014 0.000 0.010 0.002 0.006 0.317 0.646 
 365 P _   0.004 0.015 0.000 0.009 0.002 0.006 0.313 0.650 
 366 A _   0.004 0.016 0.000 0.008 0.002 0.006 0.308 0.654 
 367 P _   0.004 0.018 0.000 0.008 0.002 0.006 0.303 0.658 
 368 Q _   0.004 0.020 0.000 0.008 0.002 0.007 0.298 0.662 
 369 D _   0.004 0.023 0.000 0.008 0.002 0.007 0.292 0.664 
 370 N _   0.004 0.028 0.000 0.008 0.002 0.008 0.285 0.665 
 371 D _   0.004 0.034 0.000 0.009 0.003 0.009 0.277 0.663 
 372 F _   0.005 0.044 0.000 0.012 0.004 0.010 0.268 0.656 
 373 L _   0.006 0.059 0.001 0.015 0.005 0.012 0.258 0.646 
 374 S _   0.006 0.078 0.001 0.019 0.006 0.014 0.247 0.631 
 375 R _   0.006 0.101 0.001 0.023 0.007 0.015 0.235 0.611 
 376 K _   0.007 0.125 0.001 0.029 0.009 0.016 0.223 0.591 
 377 A _   0.007 0.148 0.001 0.034 0.009 0.016 0.213 0.572 
 378 Q _   0.007 0.166 0.001 0.038 0.010 0.017 0.203 0.558 
 379 D _   0.007 0.180 0.001 0.042 0.010 0.016 0.195 0.548 
 380 C _   0.007 0.189 0.001 0.044 0.011 0.016 0.189 0.544 
 381 Y _   0.007 0.193 0.001 0.044 0.010 0.015 0.184 0.545 
 382 F _   0.007 0.193 0.001 0.043 0.010 0.015 0.180 0.551 
 383 M _   0.007 0.189 0.001 0.039 0.009 0.014 0.178 0.564 
 384 K _   0.007 0.181 0.001 0.034 0.008 0.012 0.176 0.581 
 385 L _   0.007 0.169 0.001 0.027 0.006 0.011 0.175 0.604 
 386 H _   0.007 0.153 0.001 0.021 0.005 0.010 0.174 0.630 
 387 H _   0.006 0.137 0.001 0.015 0.004 0.009 0.173 0.656 
 388 C _   0.006 0.123 0.000 0.011 0.003 0.008 0.171 0.678 
 389 P _   0.005 0.114 0.000 0.008 0.002 0.007 0.169 0.694 
 390 G _   0.005 0.108 0.000 0.006 0.002 0.007 0.167 0.705 
 391 N _   0.005 0.106 0.000 0.006 0.002 0.007 0.164 0.711 
 392 H _   0.005 0.107 0.000 0.006 0.002 0.007 0.160 0.713 
 393 S _   0.005 0.112 0.000 0.008 0.003 0.008 0.155 0.709 
 394 W _   0.005 0.123 0.000 0.011 0.004 0.010 0.148 0.699 
 395 D _   0.006 0.142 0.001 0.015 0.005 0.011 0.140 0.680 
 396 S _   0.006 0.169 0.001 0.022 0.007 0.013 0.131 0.652 
 397 T _   0.006 0.201 0.001 0.029 0.008 0.014 0.121 0.620 
 398 I _   0.006 0.234 0.001 0.036 0.010 0.015 0.111 0.587 
 399 S _   0.006 0.261 0.001 0.042 0.011 0.015 0.103 0.560 
 400 G _   0.006 0.279 0.001 0.047 0.011 0.016 0.097 0.542 
 401 S _   0.006 0.290 0.001 0.050 0.011 0.015 0.093 0.534 
 402 Q _   0.006 0.293 0.001 0.050 0.011 0.015 0.090 0.534 
 403 R _   0.006 0.291 0.001 0.047 0.010 0.014 0.087 0.543 
 404 A _   0.006 0.283 0.001 0.042 0.009 0.013 0.086 0.559 
 405 A _   0.006 0.267 0.001 0.035 0.008 0.012 0.085 0.584 
 406 F _   0.007 0.245 0.001 0.028 0.007 0.011 0.085 0.617 
 407 C _   0.007 0.218 0.001 0.020 0.006 0.011 0.085 0.653 
 408 D _   0.006 0.192 0.001 0.015 0.004 0.010 0.085 0.687 
 409 H _   0.006 0.173 0.000 0.010 0.003 0.009 0.084 0.713 
 410 K _   0.006 0.162 0.000 0.008 0.003 0.009 0.083 0.729 
 411 T _   0.006 0.156 0.000 0.007 0.003 0.010 0.082 0.737 
 412 T _   0.006 0.155 0.000 0.007 0.003 0.010 0.080 0.738 
 413 P _   0.006 0.159 0.000 0.009 0.004 0.012 0.078 0.731 
 414 C _   0.007 0.168 0.001 0.013 0.005 0.013 0.076 0.717 
 415 S _   0.008 0.182 0.001 0.019 0.007 0.015 0.073 0.694 
 416 S _   0.009 0.200 0.001 0.027 0.009 0.016 0.069 0.668 
 417 A _   0.009 0.217 0.001 0.035 0.011 0.017 0.066 0.644 
 418 I _   0.009 0.228 0.001 0.041 0.012 0.018 0.064 0.627 
 419 I _   0.009 0.234 0.001 0.045 0.012 0.017 0.062 0.619 
 420 N _   0.009 0.234 0.001 0.045 0.012 0.017 0.062 0.620 
 421 P _   0.009 0.229 0.001 0.042 0.011 0.016 0.061 0.630 
 422 L _   0.009 0.217 0.001 0.037 0.010 0.015 0.061 0.650 
 423 S _   0.009 0.197 0.001 0.029 0.008 0.014 0.062 0.680 
 424 T _   0.009 0.171 0.001 0.022 0.007 0.012 0.062 0.716 
 425 A _   0.008 0.145 0.001 0.015 0.005 0.011 0.063 0.751 
 426 G _   0.008 0.125 0.001 0.011 0.004 0.011 0.064 0.778 
 427 N _   0.007 0.112 0.000 0.007 0.003 0.010 0.064 0.796 
 428 S _   0.007 0.106 0.000 0.006 0.003 0.011 0.063 0.804 
 429 E _   0.008 0.104 0.000 0.006 0.003 0.011 0.063 0.805 
 430 R _   0.008 0.106 0.000 0.007 0.004 0.013 0.062 0.800 
 431 L _   0.009 0.113 0.001 0.010 0.005 0.015 0.061 0.787 
 432 Q _   0.010 0.124 0.001 0.015 0.007 0.017 0.059 0.768 
 433 P _   0.011 0.140 0.001 0.021 0.009 0.018 0.057 0.744 
 434 G _   0.012 0.155 0.001 0.027 0.011 0.020 0.055 0.720 
 435 I _   0.012 0.168 0.001 0.032 0.012 0.021 0.054 0.700 
 436 A _   0.012 0.176 0.001 0.036 0.013 0.021 0.053 0.689 
 437 Q _   0.012 0.178 0.001 0.037 0.013 0.021 0.052 0.686 
 438 Q _   0.012 0.177 0.001 0.035 0.012 0.020 0.052 0.692 
 439 W _   0.012 0.170 0.001 0.031 0.011 0.019 0.052 0.705 
 440 I _   0.011 0.159 0.001 0.025 0.010 0.018 0.053 0.723 
 441 Q _   0.011 0.145 0.001 0.019 0.008 0.017 0.053 0.746 
 442 S _   0.011 0.130 0.001 0.014 0.007 0.016 0.054 0.767 
 443 K _   0.011 0.119 0.001 0.010 0.005 0.016 0.055 0.783 
 444 R _   0.011 0.112 0.001 0.008 0.005 0.016 0.055 0.792 
 445 E _   0.012 0.108 0.001 0.007 0.005 0.017 0.055 0.795 
 446 D _   0.013 0.109 0.001 0.008 0.006 0.019 0.055 0.790 
 447 I _   0.015 0.113 0.001 0.010 0.007 0.021 0.055 0.778 
 448 V _   0.017 0.121 0.001 0.014 0.009 0.023 0.055 0.760 
 449 N _   0.019 0.131 0.001 0.018 0.012 0.025 0.055 0.739 
 450 Q _   0.020 0.142 0.001 0.023 0.014 0.027 0.055 0.718 
 451 M _   0.021 0.151 0.001 0.027 0.016 0.028 0.055 0.701 
 452 T _   0.022 0.157 0.001 0.030 0.017 0.028 0.055 0.691 
 453 E _   0.021 0.159 0.001 0.031 0.017 0.028 0.056 0.687 
 454 A _   0.021 0.157 0.001 0.030 0.016 0.027 0.057 0.691 
 455 C _   0.020 0.153 0.001 0.027 0.015 0.026 0.058 0.699 
 456 L _   0.020 0.146 0.001 0.025 0.014 0.025 0.060 0.711 
 457 N _   0.019 0.136 0.001 0.022 0.012 0.023 0.062 0.724 
 458 Q _   0.019 0.126 0.001 0.019 0.011 0.022 0.064 0.738 
 459 S _   0.018 0.116 0.001 0.017 0.010 0.021 0.066 0.750 
 460 L _   0.018 0.107 0.001 0.016 0.009 0.020 0.068 0.761 
 461 D _   0.018 0.098 0.001 0.015 0.009 0.019 0.071 0.770 
 462 A _   0.017 0.090 0.001 0.015 0.008 0.018 0.073 0.777 
 463 L _   0.017 0.083 0.001 0.015 0.008 0.018 0.076 0.783 
 464 L _   0.016 0.076 0.001 0.015 0.008 0.017 0.078 0.789 
 465 S _   0.016 0.069 0.001 0.015 0.007 0.016 0.081 0.795 
 466 R _   0.015 0.062 0.001 0.015 0.007 0.015 0.084 0.802 
 467 D _   0.015 0.055 0.001 0.014 0.006 0.015 0.086 0.808 
 468 L _   0.015 0.049 0.001 0.013 0.006 0.014 0.089 0.814 
 469 I _   0.014 0.042 0.001 0.012 0.006 0.013 0.092 0.820 
 470 M _   0.013 0.037 0.001 0.011 0.005 0.013 0.095 0.825 
 471 K _   0.013 0.031 0.001 0.011 0.005 0.012 0.098 0.829 
 472 E _   0.013 0.027 0.001 0.010 0.005 0.012 0.101 0.832 
 473 D _   0.012 0.024 0.001 0.009 0.005 0.012 0.103 0.834 
 474 Y _   0.012 0.022 0.001 0.009 0.004 0.011 0.106 0.835 
 475 E _   0.011 0.020 0.001 0.009 0.004 0.011 0.109 0.836 
 476 L _   0.011 0.018 0.000 0.009 0.004 0.011 0.111 0.835 
 477 V _   0.011 0.017 0.001 0.009 0.004 0.011 0.113 0.835 
 478 S _   0.011 0.016 0.000 0.009 0.004 0.011 0.116 0.834 
 479 T _   0.010 0.016 0.000 0.009 0.004 0.011 0.118 0.833 
 480 K _   0.010 0.016 0.000 0.008 0.004 0.011 0.119 0.832 
 481 P _   0.009 0.016 0.000 0.009 0.004 0.011 0.121 0.830 
 482 T _   0.009 0.016 0.001 0.009 0.004 0.011 0.123 0.826 
 483 R _   0.009 0.018 0.001 0.010 0.005 0.012 0.125 0.821 
 484 T _   0.009 0.019 0.001 0.012 0.005 0.012 0.126 0.815 
 485 S _   0.010 0.021 0.001 0.014 0.006 0.012 0.128 0.809 
 486 K _   0.010 0.022 0.001 0.016 0.006 0.013 0.130 0.803 
 487 V _   0.010 0.023 0.001 0.017 0.006 0.013 0.133 0.798 
 488 R _   0.009 0.024 0.001 0.017 0.006 0.012 0.135 0.795 
 489 Q _   0.009 0.024 0.001 0.016 0.006 0.012 0.138 0.795 
 490 L _   0.008 0.023 0.001 0.014 0.005 0.011 0.141 0.797 
 491 L _   0.008 0.022 0.001 0.012 0.004 0.010 0.143 0.800 
 492 D _   0.007 0.021 0.000 0.009 0.004 0.010 0.146 0.802 
 493 T _   0.007 0.020 0.000 0.007 0.003 0.010 0.148 0.803 
 494 T _   0.008 0.020 0.000 0.006 0.003 0.011 0.150 0.802 
 495 D _   0.008 0.021 0.000 0.006 0.003 0.012 0.152 0.797 
 496 I _   0.010 0.024 0.000 0.007 0.004 0.014 0.153 0.788 
 497 Q _   0.012 0.031 0.001 0.009 0.006 0.016 0.155 0.771 
 498 G _   0.014 0.043 0.001 0.014 0.008 0.020 0.156 0.744 
 499 E _   0.016 0.062 0.001 0.022 0.012 0.023 0.156 0.708 
 500 E _   0.018 0.086 0.001 0.031 0.015 0.025 0.158 0.666 
 501 F _   0.019 0.108 0.002 0.042 0.017 0.026 0.159 0.627 
 502 A _   0.019 0.124 0.002 0.051 0.019 0.026 0.162 0.598 
 503 K _   0.019 0.133 0.001 0.057 0.019 0.026 0.166 0.580 
 504 V _   0.018 0.136 0.001 0.058 0.018 0.024 0.171 0.574 
 505 I _   0.017 0.134 0.001 0.054 0.016 0.022 0.178 0.578 
 506 V _   0.016 0.127 0.001 0.047 0.013 0.019 0.186 0.592 
 507 Q _   0.014 0.113 0.001 0.036 0.010 0.016 0.195 0.614 
 508 K _   0.012 0.094 0.001 0.026 0.008 0.014 0.205 0.641 
 509 L _   0.010 0.073 0.001 0.017 0.005 0.011 0.214 0.667 
 510 K _   0.009 0.056 0.001 0.011 0.004 0.010 0.223 0.688 
 511 D _   0.007 0.045 0.000 0.006 0.002 0.008 0.229 0.702 
 512 N _   0.006 0.039 0.000 0.004 0.002 0.007 0.234 0.707 
 513 K _   0.006 0.037 0.000 0.003 0.002 0.007 0.238 0.707 
 514 Q _   0.006 0.038 0.000 0.004 0.002 0.008 0.240 0.703 
 515 M _   0.006 0.042 0.000 0.005 0.002 0.009 0.242 0.693 
 516 G _   0.007 0.052 0.000 0.007 0.003 0.011 0.242 0.676 
 517 L _   0.008 0.072 0.001 0.011 0.005 0.014 0.242 0.646 
 518 Q _   0.009 0.107 0.001 0.017 0.008 0.016 0.241 0.601 
 519 P _   0.010 0.155 0.001 0.023 0.010 0.018 0.240 0.543 
 520 Y _   0.010 0.209 0.001 0.029 0.012 0.020 0.239 0.479 
 521 P _   0.009 0.262 0.002 0.035 0.014 0.020 0.238 0.420 
 522 E _   0.009 0.305 0.001 0.039 0.014 0.021 0.239 0.371 
 523 I _   0.009 0.335 0.001 0.042 0.015 0.021 0.241 0.337 
 524 L E   0.009 0.354 0.001 0.044 0.014 0.020 0.245 0.314 
 525 V E   0.009 0.364 0.001 0.044 0.014 0.020 0.250 0.299 
 526 V E   0.008 0.368 0.001 0.044 0.013 0.019 0.256 0.290 
 527 S E   0.008 0.367 0.001 0.042 0.013 0.019 0.263 0.286 
 528 R E   0.009 0.362 0.001 0.040 0.012 0.018 0.272 0.285 
 529 S E   0.009 0.353 0.001 0.038 0.011 0.017 0.284 0.287 
 530 P E   0.009 0.338 0.001 0.036 0.011 0.017 0.297 0.291 
 531 S E   0.009 0.319 0.001 0.034 0.010 0.016 0.313 0.298 
 532 L X   0.008 0.295 0.001 0.032 0.009 0.014 0.330 0.310 
 533 N X   0.007 0.267 0.001 0.029 0.008 0.013 0.350 0.325 
 534 L X   0.007 0.236 0.001 0.026 0.007 0.011 0.371 0.342 
 535 L X   0.005 0.200 0.001 0.021 0.006 0.008 0.395 0.364 
 536 Q X   0.003 0.157 0.001 0.016 0.004 0.005 0.421 0.394 
 537 N X   0.001 0.108 0.000 0.010 0.001 0.002 0.443 0.434 
 538 K _   0.000 0.075 0.000 0.006 0.000 0.001 0.452 0.466 
 539 S _   0.000 0.061 0.000 0.006 0.000 0.001 0.452 0.479 
 540 M _   0.003 0.056 0.001 0.013 0.003 0.003 0.444 0.476 
