#TopoPred_TM8: 8-state transmembrane topology prediction results by no_profile mode 
#probabilities are in the order of H E C I L F X _, the 8 transmembrane topology types used in PDBTM 
   1 M X   0.007 0.001 0.002 0.037 0.007 0.007 0.870 0.071 
   2 S X   0.003 0.000 0.000 0.020 0.001 0.003 0.895 0.078 
   3 S X   0.001 0.000 0.000 0.011 0.000 0.002 0.902 0.083 
   4 A X   0.001 0.000 0.000 0.008 0.000 0.002 0.903 0.086 
   5 R X   0.001 0.000 0.000 0.007 0.000 0.002 0.901 0.089 
   6 T X   0.001 0.000 0.000 0.006 0.001 0.003 0.897 0.093 
   7 P X   0.001 0.000 0.000 0.005 0.001 0.003 0.893 0.097 
   8 L X   0.002 0.000 0.000 0.005 0.001 0.003 0.888 0.102 
   9 P X   0.002 0.000 0.000 0.005 0.001 0.003 0.881 0.108 
  10 T X   0.002 0.001 0.000 0.004 0.001 0.003 0.874 0.115 
  11 L X   0.001 0.001 0.000 0.004 0.001 0.003 0.866 0.123 
  12 N X   0.001 0.001 0.000 0.004 0.001 0.003 0.858 0.132 
  13 E X   0.001 0.001 0.000 0.004 0.001 0.003 0.849 0.141 
  14 R X   0.001 0.001 0.000 0.004 0.001 0.003 0.840 0.150 
  15 D X   0.002 0.001 0.000 0.005 0.001 0.003 0.830 0.158 
  16 T X   0.002 0.002 0.000 0.005 0.001 0.004 0.820 0.166 
  17 E X   0.002 0.002 0.000 0.007 0.002 0.004 0.810 0.174 
  18 Q X   0.002 0.003 0.000 0.008 0.002 0.004 0.799 0.182 
  19 P X   0.002 0.003 0.000 0.009 0.002 0.005 0.788 0.190 
  20 T X   0.002 0.004 0.000 0.010 0.002 0.005 0.778 0.198 
  21 L X   0.002 0.004 0.000 0.010 0.002 0.005 0.768 0.208 
  22 G X   0.002 0.004 0.000 0.010 0.002 0.005 0.759 0.218 
  23 H X   0.002 0.004 0.000 0.008 0.002 0.004 0.750 0.229 
  24 L X   0.002 0.004 0.000 0.007 0.002 0.004 0.741 0.241 
  25 D X   0.002 0.003 0.000 0.005 0.001 0.004 0.732 0.252 
  26 S X   0.002 0.003 0.000 0.004 0.001 0.003 0.722 0.264 
  27 K X   0.002 0.003 0.000 0.004 0.001 0.003 0.711 0.275 
  28 P X   0.002 0.003 0.000 0.004 0.001 0.004 0.699 0.286 
  29 S X   0.002 0.004 0.000 0.005 0.002 0.004 0.686 0.296 
  30 S X   0.002 0.006 0.000 0.008 0.002 0.005 0.671 0.306 
  31 K X   0.003 0.008 0.000 0.011 0.003 0.007 0.654 0.315 
  32 S X   0.003 0.011 0.000 0.016 0.004 0.008 0.636 0.322 
  33 N X   0.003 0.014 0.001 0.021 0.005 0.009 0.617 0.330 
  34 M X   0.003 0.017 0.001 0.025 0.005 0.009 0.600 0.339 
  35 I X   0.004 0.019 0.001 0.028 0.006 0.009 0.585 0.349 
  36 R X   0.004 0.020 0.001 0.028 0.005 0.009 0.572 0.361 
  37 G X   0.004 0.020 0.001 0.026 0.005 0.009 0.561 0.375 
  38 R X   0.004 0.018 0.001 0.022 0.004 0.008 0.551 0.391 
  39 N X   0.004 0.016 0.000 0.018 0.004 0.007 0.543 0.408 
  40 S X   0.003 0.014 0.000 0.013 0.003 0.006 0.535 0.424 
  41 A X   0.003 0.011 0.000 0.010 0.002 0.006 0.528 0.439 
  42 T X   0.003 0.009 0.000 0.007 0.002 0.005 0.521 0.452 
  43 S X   0.003 0.008 0.000 0.005 0.002 0.005 0.513 0.464 
  44 A X   0.003 0.007 0.000 0.005 0.002 0.005 0.504 0.474 
  45 D X   0.003 0.007 0.000 0.004 0.002 0.005 0.494 0.484 
  46 E _   0.004 0.008 0.000 0.005 0.002 0.006 0.483 0.493 
  47 Q _   0.004 0.009 0.000 0.006 0.002 0.007 0.471 0.501 
  48 P _   0.004 0.011 0.000 0.008 0.003 0.008 0.456 0.509 
  49 H _   0.005 0.014 0.001 0.011 0.004 0.010 0.441 0.515 
  50 I _   0.005 0.018 0.001 0.015 0.005 0.011 0.425 0.519 
  51 G _   0.006 0.023 0.001 0.019 0.006 0.013 0.408 0.523 
  52 N _   0.007 0.028 0.001 0.024 0.008 0.014 0.392 0.526 
  53 Y _   0.007 0.032 0.001 0.027 0.009 0.015 0.378 0.531 
  54 R _   0.007 0.035 0.001 0.029 0.009 0.015 0.365 0.538 
  55 L _   0.007 0.037 0.001 0.029 0.009 0.015 0.353 0.549 
  56 L _   0.007 0.037 0.001 0.027 0.008 0.015 0.343 0.561 
  57 K _   0.007 0.036 0.001 0.024 0.008 0.014 0.334 0.577 
  58 T _   0.007 0.033 0.001 0.020 0.007 0.013 0.326 0.593 
  59 I _   0.007 0.031 0.001 0.016 0.006 0.012 0.318 0.610 
  60 G _   0.007 0.028 0.001 0.013 0.005 0.012 0.311 0.625 
  61 K _   0.007 0.025 0.001 0.010 0.004 0.011 0.304 0.637 
  62 G _   0.007 0.024 0.000 0.009 0.004 0.012 0.298 0.647 
  63 N _   0.007 0.023 0.000 0.008 0.004 0.012 0.291 0.655 
  64 F _   0.008 0.022 0.000 0.008 0.004 0.013 0.283 0.661 
  65 A _   0.009 0.023 0.001 0.009 0.005 0.014 0.276 0.665 
  66 K _   0.009 0.024 0.001 0.010 0.005 0.015 0.269 0.667 
  67 V _   0.011 0.026 0.001 0.011 0.006 0.017 0.261 0.668 
  68 K _   0.012 0.028 0.001 0.013 0.007 0.018 0.253 0.668 
  69 L _   0.013 0.031 0.001 0.014 0.008 0.020 0.245 0.668 
  70 A _   0.015 0.033 0.001 0.015 0.009 0.021 0.238 0.668 
  71 R _   0.016 0.036 0.001 0.016 0.010 0.022 0.231 0.668 
  72 H _   0.017 0.038 0.001 0.017 0.011 0.024 0.224 0.669 
  73 I _   0.019 0.039 0.001 0.017 0.012 0.025 0.218 0.669 
  74 L _   0.021 0.041 0.001 0.017 0.012 0.026 0.213 0.670 
  75 T _   0.022 0.042 0.001 0.018 0.013 0.027 0.208 0.670 
  76 G _   0.024 0.043 0.001 0.018 0.014 0.027 0.203 0.669 
  77 K _   0.026 0.045 0.001 0.020 0.014 0.028 0.199 0.668 
  78 E _   0.027 0.046 0.001 0.021 0.015 0.028 0.195 0.667 
  79 V _   0.028 0.047 0.001 0.023 0.015 0.027 0.192 0.668 
  80 A _   0.028 0.047 0.001 0.024 0.015 0.026 0.190 0.670 
  81 V _   0.027 0.046 0.001 0.025 0.014 0.025 0.188 0.675 
  82 K _   0.026 0.043 0.001 0.025 0.013 0.023 0.186 0.683 
  83 I _   0.023 0.039 0.001 0.023 0.011 0.021 0.185 0.696 
  84 I _   0.021 0.034 0.001 0.020 0.009 0.018 0.184 0.712 
  85 D _   0.018 0.027 0.001 0.017 0.008 0.016 0.184 0.730 
  86 K _   0.015 0.020 0.001 0.013 0.006 0.014 0.183 0.749 
  87 T _   0.013 0.013 0.001 0.009 0.004 0.012 0.182 0.767 
  88 Q _   0.011 0.008 0.000 0.006 0.003 0.010 0.181 0.781 
  89 L _   0.009 0.004 0.000 0.004 0.002 0.009 0.179 0.792 
  90 N _   0.008 0.003 0.000 0.003 0.002 0.009 0.177 0.799 
  91 S _   0.008 0.002 0.000 0.003 0.002 0.009 0.174 0.803 
  92 S _   0.008 0.002 0.000 0.003 0.002 0.010 0.171 0.804 
  93 S _   0.010 0.002 0.000 0.004 0.003 0.012 0.167 0.803 
  94 L _   0.012 0.003 0.000 0.006 0.004 0.015 0.163 0.798 
  95 Q _   0.014 0.005 0.001 0.009 0.006 0.018 0.158 0.789 
  96 K _   0.017 0.008 0.001 0.013 0.009 0.022 0.152 0.777 
  97 L _   0.020 0.013 0.001 0.018 0.012 0.026 0.147 0.763 
  98 F _   0.023 0.017 0.001 0.024 0.016 0.029 0.141 0.749 
  99 R _   0.026 0.021 0.001 0.030 0.018 0.031 0.136 0.736 
 100 E _   0.028 0.024 0.001 0.034 0.020 0.032 0.132 0.729 
 101 V _   0.030 0.025 0.001 0.035 0.021 0.032 0.129 0.727 
 102 R _   0.030 0.025 0.001 0.034 0.020 0.031 0.126 0.733 
 103 I _   0.030 0.023 0.001 0.030 0.018 0.029 0.124 0.745 
 104 M _   0.030 0.019 0.001 0.025 0.015 0.026 0.122 0.762 
 105 K _   0.028 0.015 0.001 0.019 0.012 0.024 0.121 0.781 
 106 V _   0.026 0.010 0.001 0.013 0.009 0.021 0.120 0.801 
 107 L _   0.024 0.006 0.001 0.009 0.007 0.019 0.118 0.817 
 108 N _   0.022 0.003 0.001 0.006 0.005 0.017 0.117 0.829 
 109 H _   0.021 0.002 0.000 0.004 0.004 0.017 0.115 0.837 
 110 P _   0.021 0.001 0.000 0.003 0.004 0.017 0.113 0.841 
 111 N _   0.022 0.001 0.000 0.004 0.004 0.017 0.111 0.841 
 112 I _   0.023 0.001 0.001 0.004 0.005 0.019 0.109 0.837 
 113 V _   0.026 0.002 0.001 0.006 0.007 0.021 0.106 0.831 
 114 K _   0.028 0.003 0.001 0.008 0.008 0.024 0.104 0.824 
 115 L _   0.030 0.004 0.001 0.011 0.010 0.026 0.101 0.816 
 116 F _   0.032 0.006 0.001 0.014 0.012 0.028 0.099 0.809 
 117 E _   0.033 0.007 0.001 0.015 0.013 0.029 0.096 0.805 
 118 V _   0.033 0.008 0.001 0.016 0.014 0.030 0.094 0.805 
 119 I _   0.033 0.008 0.001 0.015 0.014 0.031 0.092 0.806 
 120 E _   0.033 0.009 0.001 0.015 0.014 0.031 0.090 0.808 
 121 T _   0.033 0.009 0.001 0.014 0.014 0.031 0.088 0.811 
 122 E _   0.033 0.009 0.001 0.013 0.014 0.031 0.087 0.813 
 123 K _   0.033 0.009 0.001 0.013 0.013 0.031 0.085 0.814 
 124 T _   0.033 0.009 0.001 0.014 0.013 0.031 0.084 0.814 
 125 L _   0.033 0.010 0.001 0.014 0.013 0.030 0.083 0.815 
 126 Y _   0.033 0.010 0.001 0.015 0.013 0.030 0.082 0.815 
 127 L _   0.033 0.010 0.001 0.015 0.013 0.029 0.082 0.817 
 128 V _   0.032 0.010 0.001 0.015 0.012 0.028 0.081 0.820 
 129 M _   0.031 0.010 0.001 0.014 0.011 0.026 0.081 0.825 
 130 E _   0.030 0.009 0.001 0.012 0.010 0.025 0.081 0.832 
 131 Y _   0.029 0.009 0.001 0.010 0.009 0.024 0.080 0.838 
 132 A _   0.028 0.008 0.001 0.009 0.008 0.023 0.080 0.844 
 133 S _   0.027 0.008 0.001 0.008 0.008 0.023 0.080 0.846 
 134 G _   0.027 0.008 0.001 0.008 0.008 0.023 0.079 0.846 
 135 G _   0.027 0.009 0.001 0.009 0.008 0.023 0.079 0.843 
 136 E _   0.028 0.011 0.001 0.011 0.010 0.024 0.079 0.837 
 137 V _   0.029 0.014 0.001 0.015 0.011 0.024 0.078 0.827 
 138 F _   0.029 0.018 0.001 0.020 0.012 0.025 0.078 0.817 
 139 D _   0.028 0.021 0.001 0.024 0.013 0.024 0.078 0.809 
 140 Y _   0.027 0.023 0.001 0.028 0.013 0.024 0.078 0.806 
 141 L _   0.025 0.023 0.001 0.030 0.013 0.022 0.079 0.807 
 142 V _   0.022 0.023 0.001 0.029 0.011 0.020 0.080 0.814 
 143 A _   0.019 0.021 0.001 0.025 0.009 0.017 0.081 0.826 
 144 H _   0.016 0.017 0.001 0.020 0.007 0.015 0.082 0.841 
 145 G _   0.014 0.013 0.001 0.015 0.005 0.013 0.083 0.857 
 146 R _   0.012 0.008 0.000 0.010 0.004 0.011 0.084 0.871 
 147 M _   0.010 0.005 0.000 0.007 0.003 0.009 0.084 0.883 
 148 K _   0.008 0.003 0.000 0.004 0.002 0.008 0.084 0.890 
 149 E _   0.008 0.002 0.000 0.003 0.002 0.008 0.083 0.894 
 150 K _   0.008 0.001 0.000 0.003 0.002 0.009 0.082 0.895 
 151 E _   0.009 0.001 0.000 0.003 0.002 0.011 0.081 0.893 
 152 A _   0.012 0.002 0.000 0.003 0.003 0.014 0.079 0.887 
 153 R _   0.016 0.003 0.000 0.005 0.004 0.019 0.077 0.876 
 154 A _   0.022 0.006 0.001 0.007 0.007 0.024 0.075 0.858 
 155 K _   0.029 0.012 0.001 0.011 0.011 0.031 0.072 0.834 
 156 F _   0.036 0.021 0.001 0.016 0.015 0.038 0.069 0.804 
 157 R _   0.044 0.031 0.001 0.021 0.021 0.044 0.066 0.773 
 158 Q _   0.052 0.041 0.002 0.025 0.026 0.049 0.063 0.744 
 159 I _   0.059 0.049 0.002 0.028 0.030 0.052 0.060 0.719 
 160 V _   0.067 0.055 0.002 0.030 0.034 0.055 0.058 0.701 
 161 S _   0.073 0.059 0.002 0.029 0.035 0.055 0.056 0.690 
 162 A _   0.078 0.062 0.002 0.028 0.035 0.055 0.055 0.685 
 163 V _   0.080 0.063 0.002 0.027 0.034 0.053 0.054 0.687 
 164 Q _   0.079 0.063 0.002 0.025 0.032 0.051 0.053 0.694 
 165 Y _   0.076 0.062 0.002 0.024 0.030 0.048 0.053 0.707 
 166 C _   0.070 0.060 0.002 0.022 0.026 0.044 0.053 0.722 
 167 H _   0.064 0.057 0.002 0.021 0.023 0.040 0.053 0.740 
 168 Q _   0.057 0.054 0.001 0.020 0.019 0.036 0.054 0.759 
 169 K _   0.049 0.051 0.001 0.019 0.016 0.032 0.054 0.778 
 170 F _   0.041 0.048 0.001 0.017 0.012 0.027 0.055 0.798 
 171 I _   0.034 0.045 0.001 0.016 0.010 0.024 0.055 0.816 
 172 V _   0.027 0.042 0.001 0.014 0.008 0.020 0.056 0.832 
 173 H _   0.022 0.039 0.001 0.012 0.007 0.017 0.056 0.846 
 174 R _   0.018 0.036 0.001 0.011 0.006 0.015 0.056 0.858 
 175 D _   0.015 0.034 0.001 0.010 0.005 0.013 0.056 0.867 
 176 L _   0.012 0.033 0.001 0.009 0.004 0.012 0.056 0.873 
 177 K _   0.010 0.032 0.000 0.008 0.004 0.011 0.056 0.878 
 178 A _   0.009 0.032 0.000 0.008 0.003 0.010 0.056 0.881 
 179 E _   0.008 0.032 0.000 0.008 0.003 0.010 0.056 0.882 
 180 N _   0.008 0.034 0.000 0.008 0.003 0.009 0.055 0.882 
 181 L _   0.008 0.036 0.000 0.008 0.003 0.009 0.055 0.880 
 182 L _   0.008 0.039 0.000 0.009 0.003 0.009 0.054 0.877 
 183 L _   0.008 0.043 0.000 0.009 0.004 0.010 0.053 0.872 
 184 D _   0.008 0.048 0.001 0.010 0.004 0.010 0.053 0.866 
 185 A _   0.008 0.054 0.001 0.011 0.004 0.011 0.052 0.859 
 186 D _   0.008 0.061 0.001 0.013 0.005 0.012 0.051 0.850 
 187 M _   0.009 0.069 0.001 0.014 0.006 0.013 0.050 0.838 
 188 N _   0.010 0.079 0.001 0.017 0.007 0.014 0.048 0.825 
 189 I _   0.010 0.090 0.001 0.019 0.007 0.015 0.048 0.810 
 190 K _   0.011 0.100 0.001 0.022 0.008 0.016 0.047 0.795 
 191 I _   0.011 0.109 0.001 0.025 0.009 0.017 0.046 0.782 
 192 A _   0.011 0.117 0.001 0.027 0.009 0.017 0.045 0.772 
 193 D _   0.011 0.122 0.001 0.029 0.010 0.017 0.045 0.766 
 194 F _   0.011 0.125 0.001 0.030 0.009 0.016 0.045 0.763 
 195 G _   0.011 0.125 0.001 0.030 0.009 0.016 0.045 0.763 
 196 F _   0.010 0.123 0.001 0.029 0.009 0.015 0.045 0.767 
 197 S _   0.010 0.119 0.001 0.027 0.008 0.015 0.046 0.774 
 198 N _   0.010 0.113 0.001 0.026 0.008 0.014 0.047 0.782 
 199 E _   0.009 0.105 0.001 0.023 0.007 0.013 0.048 0.794 
 200 F _   0.009 0.095 0.001 0.021 0.006 0.012 0.049 0.807 
 201 T _   0.009 0.084 0.001 0.018 0.005 0.011 0.050 0.821 
 202 F _   0.008 0.073 0.001 0.016 0.005 0.010 0.052 0.835 
 203 G _   0.008 0.063 0.001 0.014 0.004 0.010 0.053 0.848 
 204 N _   0.008 0.053 0.000 0.013 0.004 0.009 0.054 0.859 
 205 K _   0.007 0.045 0.000 0.011 0.003 0.008 0.055 0.869 
 206 L _   0.007 0.037 0.000 0.010 0.003 0.008 0.056 0.878 
 207 D _   0.007 0.031 0.000 0.009 0.003 0.007 0.057 0.885 
 208 T _   0.006 0.026 0.000 0.008 0.002 0.007 0.058 0.892 
 209 F _   0.006 0.023 0.000 0.007 0.002 0.007 0.058 0.897 
 210 C _   0.006 0.020 0.000 0.007 0.002 0.006 0.058 0.901 
 211 G _   0.005 0.019 0.000 0.007 0.002 0.006 0.057 0.903 
 212 S _   0.005 0.018 0.000 0.007 0.002 0.007 0.056 0.904 
 213 P _   0.005 0.018 0.000 0.008 0.002 0.007 0.055 0.903 
 214 P _   0.005 0.019 0.000 0.011 0.003 0.008 0.054 0.900 
 215 Y _   0.005 0.021 0.000 0.014 0.003 0.009 0.053 0.894 
 216 A _   0.006 0.023 0.001 0.018 0.004 0.010 0.051 0.887 
 217 A _   0.006 0.025 0.001 0.023 0.005 0.010 0.050 0.880 
 218 P _   0.006 0.026 0.001 0.026 0.006 0.011 0.048 0.876 
 219 E _   0.006 0.026 0.001 0.028 0.006 0.011 0.047 0.875 
 220 L _   0.006 0.025 0.001 0.027 0.005 0.010 0.046 0.879 
 221 F _   0.006 0.022 0.001 0.023 0.005 0.009 0.046 0.888 
 222 Q _   0.006 0.018 0.001 0.018 0.004 0.008 0.045 0.901 
 223 G _   0.006 0.012 0.000 0.013 0.003 0.007 0.044 0.915 
 224 K _   0.006 0.007 0.000 0.008 0.002 0.006 0.043 0.927 
 225 K _   0.007 0.003 0.000 0.005 0.002 0.005 0.042 0.936 
 226 Y _   0.011 0.001 0.000 0.003 0.001 0.005 0.041 0.938 
 227 D _   0.018 0.000 0.000 0.002 0.001 0.005 0.039 0.934 
 228 G _   0.037 0.000 0.000 0.002 0.002 0.006 0.037 0.917 
 229 P _   0.075 0.000 0.000 0.001 0.003 0.008 0.033 0.879 
 230 E _   0.149 0.000 0.001 0.001 0.004 0.011 0.029 0.804 
 231 V _   0.263 0.000 0.001 0.002 0.007 0.015 0.024 0.689 
 232 D _   0.404 0.000 0.001 0.002 0.011 0.018 0.019 0.546 
 233 V H   0.548 0.000 0.001 0.002 0.016 0.021 0.014 0.398 
 234 W H   0.666 0.000 0.001 0.002 0.021 0.022 0.011 0.276 
 235 S H   0.752 0.000 0.002 0.002 0.025 0.022 0.009 0.189 
 236 L H   0.809 0.000 0.001 0.001 0.028 0.021 0.008 0.132 
 237 G H   0.843 0.000 0.001 0.001 0.029 0.019 0.008 0.099 
 238 V H   0.861 0.000 0.001 0.001 0.029 0.018 0.008 0.081 
 239 I H   0.867 0.000 0.001 0.002 0.029 0.016 0.008 0.077 
 240 L H   0.859 0.000 0.002 0.002 0.030 0.015 0.009 0.084 
 241 Y H   0.837 0.000 0.002 0.002 0.029 0.015 0.011 0.104 
 242 T H   0.798 0.000 0.002 0.003 0.028 0.014 0.013 0.141 
 243 L H   0.733 0.000 0.002 0.003 0.027 0.014 0.018 0.203 
 244 V H   0.641 0.000 0.002 0.004 0.023 0.014 0.024 0.292 
 245 S H   0.527 0.000 0.002 0.005 0.018 0.014 0.032 0.403 
 246 G _   0.406 0.000 0.001 0.005 0.013 0.012 0.042 0.521 
 247 S _   0.293 0.000 0.001 0.004 0.009 0.011 0.052 0.630 
 248 L _   0.197 0.000 0.001 0.004 0.006 0.010 0.060 0.723 
 249 P _   0.124 0.000 0.001 0.003 0.004 0.008 0.067 0.793 
 250 F _   0.074 0.000 0.000 0.003 0.003 0.007 0.072 0.841 
 251 D _   0.043 0.000 0.000 0.003 0.002 0.006 0.076 0.871 
 252 G _   0.025 0.000 0.000 0.002 0.002 0.006 0.078 0.887 
 253 Q _   0.016 0.001 0.000 0.003 0.001 0.006 0.080 0.893 
 254 N _   0.012 0.002 0.000 0.003 0.002 0.007 0.081 0.893 
 255 L _   0.010 0.006 0.000 0.005 0.002 0.008 0.081 0.887 
 256 K _   0.009 0.014 0.000 0.008 0.003 0.010 0.081 0.874 
 257 E _   0.009 0.027 0.001 0.012 0.005 0.013 0.081 0.852 
 258 L _   0.009 0.047 0.001 0.018 0.007 0.015 0.080 0.824 
 259 R _   0.009 0.069 0.001 0.023 0.008 0.016 0.079 0.793 
 260 E _   0.009 0.089 0.001 0.028 0.009 0.017 0.078 0.767 
 261 R _   0.010 0.105 0.001 0.031 0.010 0.018 0.078 0.748 
 262 V _   0.009 0.115 0.001 0.032 0.011 0.018 0.078 0.735 
 263 L _   0.010 0.122 0.001 0.032 0.011 0.019 0.079 0.727 
 264 R _   0.010 0.125 0.001 0.031 0.011 0.019 0.080 0.723 
 265 G _   0.010 0.126 0.001 0.030 0.011 0.018 0.082 0.722 
 266 K _   0.010 0.126 0.001 0.028 0.010 0.018 0.084 0.723 
 267 Y _   0.011 0.123 0.001 0.026 0.010 0.018 0.087 0.725 
 268 R _   0.011 0.120 0.001 0.024 0.009 0.017 0.090 0.729 
 269 I _   0.011 0.115 0.001 0.022 0.009 0.016 0.093 0.733 
 270 P _   0.011 0.109 0.001 0.020 0.008 0.016 0.097 0.739 
 271 F _   0.011 0.103 0.001 0.017 0.007 0.015 0.101 0.746 
 272 Y _   0.010 0.096 0.001 0.015 0.006 0.014 0.105 0.754 
 273 M _   0.010 0.089 0.001 0.012 0.005 0.013 0.108 0.761 
 274 S _   0.009 0.084 0.001 0.011 0.005 0.013 0.112 0.766 
 275 T _   0.009 0.080 0.001 0.010 0.005 0.013 0.115 0.769 
 276 D _   0.009 0.078 0.001 0.009 0.005 0.013 0.118 0.768 
 277 C _   0.009 0.078 0.001 0.010 0.005 0.014 0.120 0.764 
 278 E _   0.010 0.079 0.001 0.012 0.006 0.015 0.123 0.755 
 279 N _   0.011 0.083 0.001 0.015 0.007 0.015 0.125 0.743 
 280 L _   0.011 0.086 0.001 0.019 0.008 0.016 0.128 0.730 
 281 L _   0.012 0.090 0.001 0.023 0.009 0.017 0.132 0.717 
 282 K _   0.012 0.091 0.001 0.026 0.010 0.017 0.135 0.708 
 283 K _   0.012 0.091 0.001 0.027 0.010 0.016 0.140 0.704 
 284 F _   0.012 0.088 0.001 0.026 0.009 0.015 0.145 0.704 
 285 L _   0.011 0.083 0.001 0.023 0.008 0.014 0.150 0.709 
 286 I _   0.011 0.076 0.001 0.019 0.007 0.013 0.156 0.717 
 287 L _   0.010 0.068 0.001 0.015 0.006 0.012 0.163 0.726 
 288 N _   0.009 0.061 0.001 0.011 0.005 0.011 0.169 0.733 
 289 P _   0.009 0.055 0.000 0.008 0.004 0.011 0.175 0.738 
 290 S _   0.009 0.052 0.000 0.007 0.003 0.011 0.180 0.739 
 291 K _   0.009 0.050 0.000 0.006 0.003 0.011 0.184 0.735 
 292 R _   0.009 0.051 0.000 0.007 0.004 0.012 0.189 0.729 
 293 G _   0.009 0.054 0.000 0.009 0.004 0.013 0.193 0.719 
 294 T _   0.009 0.059 0.001 0.011 0.005 0.014 0.196 0.705 
 295 L _   0.010 0.066 0.001 0.015 0.006 0.015 0.200 0.687 
 296 E _   0.010 0.075 0.001 0.020 0.007 0.016 0.204 0.667 
 297 Q _   0.010 0.083 0.001 0.025 0.009 0.017 0.207 0.648 
 298 I _   0.010 0.090 0.001 0.030 0.010 0.017 0.212 0.630 
 299 M _   0.010 0.095 0.001 0.034 0.010 0.017 0.218 0.615 
 300 K _   0.010 0.097 0.001 0.037 0.011 0.017 0.224 0.603 
 301 D _   0.010 0.097 0.001 0.038 0.011 0.016 0.233 0.594 
 302 R _   0.010 0.094 0.001 0.038 0.010 0.015 0.243 0.588 
 303 W _   0.010 0.088 0.001 0.036 0.009 0.014 0.255 0.587 
 304 M _   0.010 0.079 0.001 0.031 0.008 0.013 0.269 0.589 
 305 N _   0.009 0.067 0.001 0.026 0.007 0.011 0.284 0.596 
 306 V _   0.009 0.052 0.001 0.020 0.005 0.010 0.300 0.604 
 307 G _   0.008 0.037 0.001 0.014 0.004 0.008 0.314 0.613 
 308 H _   0.007 0.025 0.000 0.010 0.003 0.007 0.327 0.621 
 309 E _   0.006 0.016 0.000 0.007 0.002 0.006 0.338 0.625 
 310 D _   0.005 0.010 0.000 0.005 0.002 0.005 0.346 0.626 
 311 D _   0.005 0.007 0.000 0.004 0.001 0.005 0.353 0.624 
 312 E _   0.005 0.006 0.000 0.004 0.001 0.005 0.359 0.621 
 313 L _   0.005 0.005 0.000 0.004 0.001 0.005 0.363 0.616 
 314 K _   0.005 0.005 0.000 0.005 0.002 0.005 0.367 0.612 
 315 P _   0.005 0.005 0.000 0.006 0.002 0.005 0.370 0.607 
 316 Y _   0.005 0.005 0.000 0.007 0.002 0.006 0.372 0.604 
 317 V _   0.004 0.005 0.000 0.008 0.002 0.006 0.374 0.601 
 318 E _   0.004 0.005 0.000 0.008 0.002 0.006 0.375 0.601 
 319 P _   0.004 0.005 0.000 0.007 0.002 0.005 0.376 0.601 
 320 L _   0.003 0.005 0.000 0.006 0.002 0.005 0.376 0.603 
 321 P _   0.003 0.004 0.000 0.005 0.001 0.005 0.376 0.605 
 322 D _   0.003 0.004 0.000 0.004 0.001 0.005 0.375 0.607 
 323 Y _   0.003 0.005 0.000 0.003 0.001 0.005 0.374 0.608 
 324 K _   0.004 0.006 0.000 0.003 0.001 0.007 0.372 0.607 
 325 D _   0.004 0.008 0.000 0.004 0.002 0.009 0.369 0.603 
 326 P _   0.006 0.014 0.000 0.006 0.003 0.012 0.365 0.593 
 327 R _   0.008 0.027 0.001 0.011 0.006 0.016 0.359 0.573 
 328 R _   0.010 0.052 0.001 0.017 0.009 0.021 0.351 0.539 
 329 T _   0.012 0.088 0.001 0.026 0.013 0.024 0.342 0.493 
 330 E _   0.013 0.129 0.002 0.036 0.017 0.027 0.333 0.444 
 331 L _   0.013 0.163 0.002 0.045 0.019 0.029 0.326 0.404 
 332 M _   0.013 0.185 0.002 0.052 0.021 0.029 0.320 0.377 
 333 V _   0.013 0.198 0.001 0.057 0.021 0.029 0.317 0.363 
 334 S _   0.013 0.203 0.001 0.058 0.021 0.028 0.316 0.358 
 335 M _   0.013 0.202 0.001 0.057 0.021 0.027 0.316 0.362 
 336 G _   0.013 0.196 0.001 0.053 0.020 0.026 0.317 0.374 
 337 Y _   0.014 0.182 0.002 0.046 0.018 0.024 0.320 0.394 
 338 T _   0.014 0.159 0.002 0.038 0.016 0.022 0.325 0.424 
 339 R _   0.014 0.127 0.001 0.030 0.014 0.021 0.332 0.461 
 340 E _   0.014 0.091 0.001 0.022 0.011 0.019 0.339 0.501 
 341 E _   0.014 0.059 0.001 0.016 0.009 0.018 0.346 0.538 
 342 I _   0.013 0.034 0.001 0.011 0.007 0.017 0.352 0.566 
 343 Q _   0.013 0.018 0.001 0.008 0.005 0.016 0.357 0.583 
 344 D _   0.013 0.009 0.000 0.005 0.004 0.015 0.361 0.592 
 345 S _   0.015 0.004 0.000 0.004 0.003 0.015 0.364 0.594 
 346 L _   0.018 0.002 0.000 0.003 0.003 0.016 0.366 0.591 
 347 V _   0.022 0.001 0.000 0.003 0.003 0.018 0.368 0.584 
 348 G _   0.029 0.001 0.000 0.003 0.004 0.021 0.369 0.573 
 349 Q _   0.038 0.001 0.001 0.003 0.006 0.025 0.370 0.557 
 350 R _   0.051 0.001 0.001 0.003 0.009 0.031 0.371 0.533 
 351 Y _   0.068 0.002 0.001 0.004 0.014 0.037 0.371 0.501 
 352 N _   0.086 0.004 0.001 0.006 0.022 0.044 0.372 0.463 
 353 E _   0.103 0.008 0.002 0.009 0.032 0.051 0.374 0.421 
 354 V _   0.116 0.016 0.002 0.015 0.041 0.055 0.378 0.378 
 355 M X   0.124 0.025 0.002 0.023 0.048 0.056 0.383 0.338 
 356 A X   0.127 0.034 0.003 0.031 0.051 0.056 0.391 0.308 
 357 T X   0.124 0.039 0.003 0.037 0.051 0.053 0.401 0.292 
 358 Y X   0.117 0.042 0.003 0.041 0.047 0.048 0.414 0.289 
 359 L X   0.104 0.041 0.002 0.040 0.041 0.043 0.430 0.299 
 360 L X   0.089 0.038 0.002 0.036 0.033 0.037 0.448 0.319 
 361 L X   0.073 0.031 0.002 0.028 0.024 0.030 0.467 0.346 
 362 G X   0.057 0.021 0.001 0.019 0.016 0.024 0.487 0.375 
 363 Y X   0.042 0.013 0.001 0.012 0.010 0.019 0.505 0.399 
 364 K X   0.030 0.007 0.001 0.007 0.006 0.014 0.520 0.415 
 365 S X   0.021 0.004 0.000 0.004 0.004 0.011 0.533 0.423 
 366 S X   0.015 0.002 0.000 0.003 0.002 0.009 0.543 0.425 
 367 E X   0.011 0.002 0.000 0.003 0.002 0.008 0.552 0.422 
 368 L X   0.009 0.002 0.000 0.004 0.002 0.007 0.559 0.417 
 369 E X   0.007 0.002 0.000 0.005 0.002 0.007 0.567 0.410 
 370 G X   0.007 0.003 0.000 0.007 0.003 0.007 0.573 0.400 
 371 D X   0.006 0.003 0.000 0.009 0.003 0.007 0.580 0.391 
 372 T X   0.006 0.004 0.000 0.011 0.003 0.007 0.587 0.381 
 373 I X   0.005 0.005 0.000 0.012 0.004 0.007 0.594 0.373 
 374 T X   0.005 0.005 0.000 0.013 0.003 0.007 0.602 0.365 
 375 L X   0.004 0.005 0.000 0.012 0.003 0.006 0.610 0.359 
 376 K X   0.004 0.005 0.000 0.011 0.003 0.006 0.619 0.353 
 377 P X   0.003 0.004 0.000 0.010 0.002 0.005 0.627 0.348 
 378 R X   0.003 0.003 0.000 0.008 0.002 0.005 0.636 0.342 
 379 P X   0.003 0.003 0.000 0.007 0.002 0.004 0.644 0.337 
 380 S X   0.003 0.002 0.000 0.005 0.001 0.004 0.652 0.332 
 381 A X   0.003 0.002 0.000 0.005 0.001 0.003 0.659 0.327 
 382 D X   0.002 0.002 0.000 0.004 0.001 0.003 0.666 0.322 
 383 L X   0.002 0.002 0.000 0.004 0.001 0.003 0.671 0.318 
 384 T X   0.002 0.001 0.000 0.003 0.001 0.003 0.675 0.314 
 385 N X   0.002 0.001 0.000 0.003 0.001 0.003 0.679 0.311 
 386 S X   0.002 0.002 0.000 0.003 0.001 0.003 0.682 0.308 
 387 S X   0.002 0.002 0.000 0.003 0.001 0.003 0.684 0.305 
 388 A X   0.002 0.002 0.000 0.003 0.001 0.003 0.686 0.303 
 389 P X   0.002 0.002 0.000 0.004 0.001 0.003 0.688 0.300 
 390 S X   0.002 0.003 0.000 0.005 0.001 0.003 0.689 0.297 
 391 P X   0.002 0.004 0.000 0.006 0.001 0.004 0.690 0.293 
 392 S X   0.002 0.005 0.000 0.007 0.002 0.004 0.691 0.289 
 393 H X   0.002 0.006 0.000 0.008 0.002 0.005 0.692 0.285 
 394 K X   0.002 0.007 0.000 0.010 0.002 0.005 0.693 0.280 
 395 V X   0.002 0.008 0.000 0.011 0.002 0.005 0.695 0.275 
 396 Q X   0.002 0.009 0.000 0.012 0.003 0.005 0.698 0.271 
 397 R X   0.002 0.009 0.000 0.012 0.003 0.005 0.701 0.268 
 398 S X   0.002 0.009 0.000 0.011 0.002 0.005 0.705 0.265 
 399 V X   0.002 0.008 0.000 0.010 0.002 0.005 0.709 0.263 
 400 S X   0.002 0.007 0.000 0.008 0.002 0.004 0.714 0.262 
 401 A X   0.002 0.006 0.000 0.007 0.002 0.004 0.719 0.260 
 402 N X   0.002 0.005 0.000 0.005 0.001 0.003 0.724 0.259 
 403 P X   0.002 0.005 0.000 0.004 0.001 0.003 0.728 0.257 
 404 K X   0.002 0.004 0.000 0.003 0.001 0.003 0.732 0.256 
 405 Q X   0.002 0.004 0.000 0.003 0.001 0.002 0.734 0.254 
 406 R X   0.002 0.004 0.000 0.002 0.001 0.002 0.737 0.252 
 407 R X   0.002 0.004 0.000 0.003 0.001 0.003 0.738 0.250 
 408 F X   0.002 0.005 0.000 0.003 0.001 0.003 0.739 0.248 
 409 S X   0.002 0.006 0.000 0.004 0.001 0.003 0.740 0.245 
 410 D X   0.002 0.007 0.000 0.005 0.001 0.004 0.740 0.240 
 411 Q X   0.002 0.009 0.000 0.007 0.002 0.004 0.740 0.235 
 412 A X   0.002 0.012 0.000 0.010 0.002 0.005 0.740 0.229 
 413 A X   0.002 0.014 0.000 0.012 0.003 0.005 0.740 0.223 
 414 G X   0.002 0.015 0.000 0.014 0.003 0.006 0.742 0.218 
 415 P X   0.002 0.016 0.000 0.015 0.003 0.006 0.743 0.213 
 416 A X   0.002 0.017 0.000 0.016 0.003 0.006 0.747 0.210 
 417 I X   0.002 0.016 0.000 0.015 0.003 0.005 0.751 0.207 
 418 P X   0.002 0.015 0.000 0.014 0.003 0.005 0.756 0.205 
 419 T X   0.002 0.014 0.000 0.012 0.003 0.005 0.761 0.203 
 420 S X   0.002 0.012 0.000 0.010 0.002 0.004 0.768 0.201 
 421 N X   0.002 0.010 0.000 0.008 0.002 0.004 0.775 0.200 
 422 S X   0.002 0.008 0.000 0.006 0.001 0.003 0.781 0.198 
 423 Y X   0.002 0.006 0.000 0.005 0.001 0.003 0.787 0.196 
 424 S X   0.002 0.004 0.000 0.004 0.001 0.003 0.792 0.194 
 425 K X   0.002 0.003 0.000 0.003 0.001 0.002 0.796 0.192 
 426 K X   0.002 0.003 0.000 0.003 0.001 0.002 0.799 0.190 
 427 T X   0.002 0.002 0.000 0.003 0.001 0.002 0.802 0.189 
 428 Q X   0.002 0.002 0.000 0.002 0.001 0.002 0.803 0.189 
 429 S X   0.001 0.001 0.000 0.002 0.001 0.002 0.804 0.188 
 430 N X   0.001 0.001 0.000 0.002 0.001 0.002 0.804 0.189 
 431 N X   0.001 0.001 0.000 0.002 0.001 0.002 0.803 0.189 
 432 A X   0.001 0.001 0.000 0.002 0.001 0.002 0.802 0.191 
 433 E X   0.001 0.001 0.000 0.002 0.001 0.002 0.800 0.193 
 434 N X   0.001 0.001 0.000 0.002 0.001 0.002 0.797 0.196 
 435 K X   0.001 0.001 0.000 0.003 0.001 0.002 0.794 0.199 
 436 R X   0.001 0.001 0.000 0.003 0.001 0.002 0.789 0.203 
 437 P X   0.001 0.001 0.000 0.003 0.001 0.002 0.784 0.208 
 438 E X   0.001 0.001 0.000 0.003 0.001 0.002 0.777 0.213 
 439 E X   0.001 0.002 0.000 0.004 0.001 0.003 0.769 0.220 
 440 D X   0.001 0.002 0.000 0.004 0.001 0.003 0.761 0.227 
 441 R X   0.002 0.003 0.000 0.005 0.001 0.003 0.751 0.236 
 442 E X   0.002 0.003 0.000 0.005 0.001 0.004 0.740 0.245 
 443 S X   0.002 0.004 0.000 0.006 0.001 0.004 0.728 0.255 
 444 G X   0.002 0.006 0.000 0.006 0.002 0.004 0.715 0.265 
 445 R X   0.002 0.007 0.000 0.008 0.002 0.005 0.701 0.276 
 446 K X   0.002 0.009 0.000 0.009 0.002 0.005 0.686 0.285 
 447 A X   0.002 0.012 0.000 0.011 0.003 0.006 0.672 0.294 
 448 S X   0.002 0.015 0.000 0.013 0.003 0.007 0.658 0.303 
 449 S X   0.003 0.017 0.000 0.015 0.003 0.007 0.644 0.311 
 450 T X   0.003 0.020 0.000 0.016 0.004 0.007 0.631 0.319 
 451 A X   0.003 0.022 0.000 0.017 0.004 0.007 0.620 0.327 
 452 K X   0.003 0.023 0.000 0.017 0.004 0.007 0.609 0.336 
 453 V X   0.003 0.024 0.000 0.017 0.004 0.007 0.600 0.345 
 454 P X   0.003 0.025 0.000 0.016 0.003 0.007 0.591 0.355 
 455 A X   0.003 0.025 0.000 0.014 0.003 0.007 0.583 0.364 
 456 S X   0.003 0.024 0.000 0.013 0.003 0.006 0.576 0.374 
 457 P X   0.003 0.023 0.000 0.012 0.003 0.006 0.570 0.382 
 458 L X   0.003 0.022 0.000 0.011 0.003 0.006 0.564 0.391 
 459 P X   0.003 0.022 0.000 0.010 0.002 0.006 0.557 0.399 
 460 G X   0.003 0.021 0.000 0.010 0.002 0.006 0.551 0.407 
 461 L X   0.003 0.020 0.000 0.009 0.002 0.006 0.545 0.414 
 462 E X   0.003 0.019 0.000 0.009 0.002 0.006 0.539 0.422 
 463 R X   0.003 0.019 0.000 0.008 0.002 0.005 0.532 0.430 
 464 K X   0.003 0.018 0.000 0.008 0.002 0.005 0.526 0.438 
 465 K X   0.003 0.017 0.000 0.007 0.002 0.005 0.519 0.447 
 466 T X   0.003 0.017 0.000 0.007 0.002 0.005 0.511 0.455 
 467 T X   0.003 0.017 0.000 0.006 0.002 0.005 0.503 0.463 
 468 P X   0.003 0.018 0.000 0.007 0.002 0.005 0.494 0.471 
 469 T X   0.003 0.020 0.000 0.007 0.002 0.006 0.485 0.477 
 470 P _   0.003 0.022 0.000 0.009 0.002 0.006 0.475 0.482 
 471 S _   0.003 0.025 0.000 0.011 0.003 0.007 0.464 0.486 
 472 T _   0.004 0.029 0.000 0.014 0.003 0.008 0.453 0.489 
 473 N _   0.004 0.033 0.001 0.017 0.004 0.008 0.442 0.491 
 474 S _   0.004 0.037 0.001 0.020 0.005 0.009 0.431 0.493 
 475 V _   0.004 0.041 0.001 0.022 0.005 0.009 0.422 0.496 
 476 L _   0.004 0.043 0.001 0.023 0.005 0.009 0.413 0.502 
 477 S _   0.004 0.044 0.001 0.022 0.004 0.009 0.405 0.510 
 478 T _   0.004 0.044 0.001 0.020 0.004 0.008 0.398 0.521 
 479 S _   0.004 0.043 0.000 0.016 0.003 0.007 0.392 0.534 
 480 T _   0.004 0.042 0.000 0.012 0.003 0.007 0.386 0.547 
 481 N _   0.003 0.040 0.000 0.009 0.002 0.006 0.379 0.559 
 482 R _   0.003 0.040 0.000 0.007 0.002 0.006 0.373 0.569 
 483 S _   0.003 0.040 0.000 0.006 0.002 0.006 0.366 0.577 
 484 R _   0.003 0.042 0.000 0.006 0.002 0.007 0.357 0.582 
 485 N _   0.004 0.047 0.000 0.008 0.003 0.008 0.348 0.583 
 486 S _   0.005 0.057 0.001 0.011 0.004 0.010 0.335 0.578 
 487 P _   0.005 0.075 0.001 0.016 0.005 0.012 0.321 0.565 
 488 L _   0.006 0.102 0.001 0.023 0.007 0.014 0.304 0.543 
 489 L _   0.006 0.135 0.001 0.030 0.009 0.015 0.286 0.517 
 490 E _   0.006 0.165 0.001 0.037 0.010 0.016 0.270 0.494 
 491 R _   0.006 0.190 0.001 0.043 0.011 0.016 0.256 0.477 
 492 A _   0.006 0.206 0.001 0.046 0.011 0.016 0.246 0.468 
 493 S _   0.006 0.215 0.001 0.047 0.011 0.015 0.238 0.466 
 494 L _   0.006 0.220 0.001 0.047 0.010 0.014 0.232 0.470 
 495 G _   0.006 0.220 0.001 0.044 0.010 0.014 0.228 0.479 
 496 Q _   0.006 0.215 0.001 0.039 0.009 0.013 0.225 0.493 
 497 A _   0.006 0.206 0.001 0.033 0.007 0.011 0.223 0.513 
 498 S _   0.006 0.192 0.001 0.027 0.006 0.010 0.221 0.537 
 499 I _   0.006 0.175 0.001 0.020 0.005 0.009 0.220 0.563 
 500 Q _   0.005 0.158 0.001 0.015 0.004 0.008 0.219 0.589 
 501 N _   0.005 0.144 0.000 0.011 0.003 0.008 0.218 0.611 
 502 G _   0.005 0.134 0.000 0.008 0.003 0.007 0.216 0.627 
 503 K _   0.004 0.128 0.000 0.007 0.002 0.007 0.214 0.637 
 504 D _   0.004 0.126 0.000 0.007 0.002 0.007 0.212 0.642 
 505 S _   0.004 0.125 0.000 0.007 0.002 0.008 0.209 0.645 
 506 L _   0.004 0.128 0.000 0.008 0.003 0.008 0.205 0.644 
 507 T _   0.005 0.132 0.000 0.009 0.003 0.009 0.201 0.640 
 508 M _   0.005 0.140 0.000 0.011 0.004 0.011 0.196 0.634 
 509 P _   0.005 0.150 0.001 0.012 0.004 0.012 0.190 0.625 
 510 G _   0.006 0.162 0.001 0.014 0.005 0.014 0.184 0.614 
 511 S _   0.007 0.177 0.001 0.016 0.007 0.016 0.178 0.598 
 512 R _   0.008 0.196 0.001 0.018 0.008 0.018 0.172 0.579 
 513 A _   0.009 0.217 0.001 0.021 0.010 0.020 0.166 0.555 
 514 S _   0.011 0.241 0.001 0.025 0.013 0.022 0.160 0.528 
 515 T _   0.012 0.265 0.001 0.029 0.015 0.024 0.154 0.499 
 516 A _   0.013 0.289 0.001 0.034 0.017 0.025 0.150 0.471 
 517 S _   0.014 0.308 0.001 0.039 0.018 0.026 0.146 0.448 
 518 A _   0.015 0.321 0.001 0.043 0.018 0.025 0.144 0.433 
 519 S _   0.016 0.328 0.001 0.045 0.018 0.025 0.142 0.425 
 520 A _   0.016 0.328 0.001 0.046 0.018 0.024 0.142 0.425 
 521 A _   0.017 0.323 0.001 0.045 0.017 0.023 0.142 0.434 
 522 V _   0.017 0.309 0.001 0.041 0.015 0.021 0.143 0.452 
 523 S _   0.017 0.286 0.001 0.036 0.014 0.020 0.145 0.481 
 524 A _   0.017 0.251 0.001 0.031 0.012 0.018 0.148 0.521 
 525 A _   0.016 0.208 0.001 0.024 0.010 0.017 0.152 0.571 
 526 R _   0.015 0.164 0.001 0.019 0.008 0.016 0.156 0.621 
 527 P _   0.014 0.126 0.001 0.014 0.006 0.014 0.160 0.664 
 528 R _   0.012 0.101 0.001 0.011 0.005 0.013 0.163 0.694 
 529 Q _   0.011 0.085 0.000 0.009 0.004 0.012 0.165 0.714 
 530 H _   0.010 0.076 0.000 0.008 0.003 0.011 0.166 0.725 
 531 Q _   0.009 0.071 0.000 0.009 0.003 0.011 0.168 0.729 
 532 K _   0.008 0.068 0.000 0.010 0.003 0.010 0.168 0.731 
 533 S _   0.008 0.066 0.000 0.012 0.004 0.010 0.169 0.731 
 534 M _   0.007 0.065 0.000 0.014 0.004 0.010 0.169 0.731 
 535 S _   0.007 0.063 0.000 0.015 0.004 0.009 0.170 0.732 
 536 A _   0.006 0.060 0.000 0.015 0.004 0.009 0.171 0.734 
 537 S _   0.006 0.057 0.000 0.015 0.004 0.008 0.171 0.739 
 538 V _   0.005 0.053 0.000 0.014 0.003 0.008 0.172 0.745 
 539 H _   0.005 0.049 0.000 0.012 0.003 0.007 0.172 0.751 
 540 P _   0.005 0.045 0.000 0.011 0.003 0.007 0.173 0.757 
 541 N _   0.005 0.041 0.000 0.009 0.002 0.006 0.173 0.762 
 542 K _   0.005 0.039 0.000 0.008 0.002 0.006 0.174 0.765 
 543 A _   0.005 0.037 0.000 0.008 0.002 0.006 0.174 0.768 
 544 S _   0.005 0.036 0.000 0.008 0.002 0.006 0.174 0.769 
 545 G _   0.005 0.036 0.000 0.008 0.002 0.006 0.173 0.770 
 546 L _   0.005 0.036 0.000 0.008 0.002 0.006 0.172 0.771 
 547 P _   0.005 0.037 0.000 0.008 0.002 0.006 0.170 0.771 
 548 P _   0.005 0.039 0.000 0.009 0.002 0.007 0.168 0.771 
 549 T _   0.005 0.041 0.000 0.009 0.002 0.007 0.165 0.771 
 550 E _   0.005 0.044 0.000 0.009 0.002 0.007 0.162 0.771 
 551 S _   0.005 0.047 0.000 0.009 0.002 0.007 0.159 0.770 
 552 N _   0.005 0.052 0.000 0.010 0.002 0.007 0.156 0.768 
 553 C _   0.005 0.058 0.000 0.010 0.003 0.008 0.151 0.765 
 554 E _   0.005 0.066 0.000 0.011 0.003 0.008 0.146 0.760 
 555 V _   0.005 0.077 0.000 0.012 0.003 0.009 0.141 0.753 
 556 P _   0.005 0.091 0.001 0.014 0.004 0.009 0.135 0.742 
 557 R _   0.005 0.108 0.001 0.016 0.004 0.010 0.128 0.729 
 558 P _   0.005 0.128 0.001 0.018 0.005 0.011 0.121 0.713 
 559 S _   0.005 0.151 0.001 0.020 0.005 0.011 0.114 0.694 
 560 T _   0.005 0.177 0.001 0.022 0.006 0.011 0.106 0.672 
 561 A _   0.005 0.205 0.001 0.024 0.006 0.012 0.099 0.648 
 562 P _   0.005 0.234 0.001 0.026 0.006 0.011 0.092 0.625 
 563 Q _   0.004 0.261 0.001 0.027 0.007 0.011 0.086 0.603 
 564 R _   0.004 0.286 0.001 0.028 0.006 0.011 0.080 0.584 
 565 V _   0.004 0.308 0.001 0.028 0.006 0.010 0.075 0.568 
 566 P _   0.004 0.325 0.001 0.028 0.006 0.010 0.071 0.556 
 567 V _   0.004 0.339 0.001 0.028 0.005 0.009 0.068 0.547 
 568 A _   0.003 0.348 0.001 0.027 0.005 0.008 0.065 0.542 
 569 S _   0.003 0.355 0.001 0.025 0.005 0.008 0.063 0.541 
 570 P _   0.003 0.358 0.001 0.023 0.004 0.008 0.061 0.542 
 571 S _   0.003 0.360 0.000 0.022 0.004 0.007 0.060 0.544 
 572 A _   0.003 0.360 0.000 0.020 0.004 0.007 0.059 0.547 
 573 H _   0.003 0.358 0.000 0.018 0.003 0.007 0.058 0.552 
 574 N _   0.003 0.355 0.000 0.016 0.003 0.006 0.057 0.558 
 575 I _   0.003 0.352 0.000 0.015 0.003 0.006 0.057 0.564 
 576 S _   0.003 0.347 0.000 0.013 0.003 0.006 0.056 0.571 
 577 S _   0.003 0.343 0.000 0.012 0.002 0.006 0.056 0.578 
 578 S _   0.003 0.339 0.000 0.011 0.002 0.006 0.055 0.584 
 579 G _   0.003 0.337 0.000 0.010 0.002 0.005 0.054 0.589 
 580 G _   0.003 0.335 0.000 0.009 0.002 0.005 0.053 0.592 
 581 A _   0.003 0.335 0.000 0.008 0.002 0.006 0.052 0.593 
 582 P _   0.003 0.338 0.000 0.008 0.002 0.006 0.051 0.592 
 583 D _   0.003 0.343 0.000 0.009 0.002 0.006 0.050 0.586 
 584 R _   0.003 0.352 0.000 0.010 0.002 0.007 0.048 0.577 
 585 T _   0.003 0.365 0.000 0.011 0.003 0.007 0.046 0.563 
 586 N _   0.004 0.383 0.000 0.013 0.003 0.008 0.043 0.545 
 587 F _   0.004 0.404 0.001 0.015 0.004 0.008 0.041 0.523 
 588 P _   0.004 0.429 0.001 0.016 0.004 0.009 0.038 0.499 
 589 R _   0.004 0.454 0.001 0.017 0.005 0.009 0.036 0.475 
 590 G E   0.004 0.478 0.001 0.018 0.005 0.009 0.033 0.453 
 591 V E   0.003 0.501 0.001 0.018 0.005 0.009 0.031 0.432 
 592 S E   0.003 0.522 0.001 0.018 0.005 0.009 0.029 0.412 
 593 S E   0.003 0.541 0.001 0.019 0.005 0.009 0.027 0.394 
 594 R E   0.003 0.558 0.001 0.020 0.006 0.009 0.026 0.377 
 595 S E   0.004 0.574 0.001 0.022 0.006 0.009 0.025 0.361 
 596 T E   0.004 0.586 0.001 0.023 0.006 0.009 0.024 0.347 
 597 F E   0.004 0.594 0.001 0.025 0.006 0.009 0.023 0.337 
 598 H E   0.004 0.599 0.001 0.027 0.006 0.009 0.023 0.332 
 599 A E   0.004 0.598 0.001 0.028 0.006 0.009 0.023 0.331 
 600 G E   0.004 0.592 0.001 0.028 0.007 0.009 0.023 0.337 
 601 Q E   0.005 0.578 0.001 0.027 0.007 0.009 0.024 0.350 
 602 L E   0.005 0.553 0.001 0.026 0.007 0.009 0.025 0.375 
 603 R E   0.006 0.514 0.001 0.023 0.007 0.009 0.027 0.414 
 604 Q _   0.006 0.464 0.001 0.020 0.006 0.009 0.029 0.465 
 605 V _   0.007 0.411 0.001 0.016 0.006 0.009 0.031 0.519 
 606 R _   0.007 0.367 0.001 0.013 0.005 0.009 0.034 0.566 
 607 D _   0.007 0.335 0.001 0.010 0.004 0.009 0.035 0.600 
 608 Q _   0.006 0.316 0.000 0.009 0.003 0.009 0.037 0.621 
 609 Q _   0.006 0.305 0.000 0.008 0.003 0.008 0.038 0.631 
 610 N _   0.006 0.301 0.000 0.008 0.003 0.009 0.038 0.635 
 611 L _   0.006 0.300 0.000 0.010 0.003 0.009 0.039 0.634 
 612 P _   0.006 0.301 0.000 0.011 0.003 0.009 0.039 0.631 
 613 Y _   0.006 0.303 0.000 0.013 0.004 0.009 0.039 0.626 
 614 G _   0.006 0.305 0.000 0.015 0.004 0.009 0.039 0.622 
 615 V _   0.005 0.306 0.000 0.016 0.004 0.008 0.040 0.620 
 616 T _   0.005 0.305 0.000 0.015 0.004 0.008 0.040 0.622 
 617 P _   0.005 0.303 0.000 0.014 0.003 0.008 0.040 0.626 
 618 A _   0.005 0.299 0.000 0.013 0.003 0.007 0.040 0.632 
 619 S _   0.004 0.295 0.000 0.011 0.003 0.007 0.041 0.639 
 620 P _   0.004 0.292 0.000 0.009 0.002 0.007 0.041 0.644 
 621 S _   0.004 0.291 0.000 0.008 0.002 0.007 0.041 0.647 
 622 G _   0.004 0.292 0.000 0.008 0.002 0.007 0.041 0.646 
 623 H _   0.004 0.296 0.000 0.008 0.002 0.008 0.040 0.641 
 624 S _   0.004 0.306 0.000 0.009 0.003 0.009 0.039 0.630 
 625 Q _   0.005 0.321 0.000 0.011 0.004 0.010 0.038 0.611 
 626 G _   0.005 0.344 0.001 0.013 0.005 0.011 0.036 0.585 
 627 R _   0.005 0.377 0.001 0.016 0.006 0.012 0.034 0.550 
 628 R _   0.005 0.416 0.001 0.018 0.007 0.012 0.032 0.508 
 629 G _   0.005 0.461 0.001 0.020 0.008 0.013 0.030 0.462 
 630 A E   0.005 0.505 0.001 0.022 0.009 0.013 0.028 0.417 
 631 S E   0.005 0.545 0.001 0.022 0.009 0.013 0.027 0.378 
 632 G E   0.005 0.577 0.001 0.023 0.009 0.013 0.026 0.347 
 633 S E   0.005 0.602 0.001 0.022 0.009 0.013 0.025 0.324 
 634 I E   0.005 0.619 0.001 0.022 0.008 0.013 0.025 0.308 
 635 F E   0.006 0.629 0.001 0.021 0.008 0.013 0.025 0.298 
 636 S E   0.006 0.634 0.001 0.020 0.008 0.013 0.025 0.294 
 637 K E   0.006 0.635 0.001 0.019 0.008 0.013 0.025 0.293 
 638 F E   0.007 0.633 0.001 0.017 0.008 0.013 0.026 0.296 
 639 T E   0.007 0.627 0.001 0.016 0.007 0.013 0.027 0.302 
 640 S E   0.008 0.620 0.001 0.014 0.007 0.013 0.028 0.308 
 641 K E   0.008 0.612 0.001 0.014 0.007 0.014 0.029 0.315 
 642 F E   0.009 0.605 0.001 0.013 0.007 0.014 0.030 0.321 
 643 V E   0.009 0.599 0.001 0.014 0.007 0.014 0.032 0.325 
 644 R E   0.009 0.593 0.001 0.015 0.008 0.014 0.033 0.327 
 645 R E   0.010 0.587 0.001 0.018 0.008 0.014 0.034 0.328 
 646 N E   0.010 0.580 0.001 0.020 0.008 0.014 0.036 0.330 
 647 L E   0.010 0.570 0.001 0.023 0.009 0.014 0.038 0.334 
 648 S E   0.011 0.554 0.001 0.026 0.009 0.014 0.041 0.344 
 649 F E   0.011 0.531 0.001 0.028 0.010 0.013 0.045 0.361 
 650 R E   0.011 0.496 0.001 0.030 0.010 0.013 0.050 0.389 
 651 F E   0.012 0.446 0.001 0.030 0.010 0.013 0.056 0.432 
 652 A _   0.013 0.378 0.002 0.029 0.010 0.013 0.064 0.491 
 653 R _   0.013 0.299 0.001 0.026 0.009 0.013 0.074 0.564 
 654 R _   0.013 0.220 0.001 0.021 0.007 0.012 0.084 0.641 
 655 N _   0.012 0.154 0.001 0.016 0.005 0.011 0.092 0.708 
 656 L _   0.010 0.108 0.001 0.011 0.004 0.010 0.099 0.757 
 657 N _   0.008 0.082 0.000 0.007 0.003 0.008 0.103 0.788 
 658 E _   0.007 0.068 0.000 0.005 0.002 0.007 0.106 0.805 
 659 P _   0.006 0.062 0.000 0.004 0.001 0.007 0.107 0.813 
 660 E _   0.005 0.060 0.000 0.004 0.001 0.007 0.107 0.814 
 661 S _   0.005 0.062 0.000 0.005 0.002 0.008 0.107 0.811 
 662 K _   0.006 0.068 0.000 0.007 0.003 0.010 0.106 0.800 
 663 D _   0.007 0.082 0.001 0.011 0.004 0.012 0.104 0.779 
