#TopoPred_TM8: 8-state transmembrane topology prediction results by no_profile mode 
#probabilities are in the order of H E C I L F X _, the 8 transmembrane topology types used in PDBTM 
   1 M X   0.012 0.000 0.002 0.021 0.007 0.008 0.680 0.270 
   2 E X   0.003 0.000 0.000 0.008 0.001 0.004 0.692 0.291 
   3 R X   0.002 0.000 0.000 0.003 0.000 0.003 0.693 0.298 
   4 R X   0.005 0.000 0.000 0.002 0.001 0.006 0.688 0.298 
   5 W X   0.021 0.000 0.000 0.003 0.003 0.014 0.673 0.286 
   6 P X   0.058 0.000 0.001 0.003 0.008 0.027 0.646 0.257 
   7 L X   0.102 0.001 0.001 0.005 0.015 0.039 0.618 0.218 
   8 G X   0.139 0.005 0.002 0.009 0.025 0.048 0.590 0.183 
   9 L X   0.162 0.014 0.002 0.017 0.034 0.052 0.565 0.154 
  10 G X   0.174 0.023 0.002 0.025 0.040 0.053 0.545 0.138 
  11 L X   0.178 0.030 0.002 0.031 0.043 0.051 0.530 0.134 
  12 V X   0.176 0.032 0.002 0.034 0.043 0.048 0.520 0.144 
  13 L X   0.169 0.033 0.002 0.034 0.041 0.043 0.513 0.165 
  14 L X   0.155 0.030 0.002 0.030 0.036 0.038 0.508 0.202 
  15 L X   0.135 0.025 0.002 0.023 0.028 0.031 0.504 0.252 
  16 C X   0.111 0.016 0.002 0.015 0.019 0.025 0.501 0.311 
  17 A X   0.086 0.008 0.001 0.009 0.011 0.019 0.499 0.367 
  18 P X   0.063 0.003 0.001 0.005 0.006 0.014 0.496 0.413 
  19 L X   0.043 0.001 0.000 0.003 0.003 0.010 0.493 0.446 
  20 P X   0.029 0.001 0.000 0.002 0.002 0.008 0.489 0.469 
  21 P _   0.020 0.000 0.000 0.002 0.002 0.007 0.484 0.485 
  22 G _   0.015 0.001 0.000 0.002 0.002 0.007 0.479 0.495 
  23 A _   0.012 0.001 0.000 0.003 0.002 0.007 0.474 0.502 
  24 R _   0.010 0.002 0.000 0.004 0.002 0.008 0.467 0.506 
  25 A _   0.009 0.005 0.000 0.006 0.003 0.008 0.460 0.508 
  26 K _   0.009 0.008 0.000 0.009 0.004 0.009 0.452 0.509 
  27 E _   0.008 0.013 0.001 0.011 0.004 0.010 0.443 0.510 
  28 V _   0.008 0.017 0.001 0.013 0.005 0.010 0.434 0.512 
  29 T _   0.007 0.021 0.001 0.014 0.005 0.010 0.426 0.516 
  30 L _   0.007 0.024 0.001 0.014 0.005 0.010 0.418 0.521 
  31 M _   0.006 0.026 0.001 0.014 0.005 0.010 0.411 0.527 
  32 D _   0.006 0.028 0.001 0.013 0.004 0.010 0.404 0.533 
  33 T _   0.006 0.030 0.000 0.013 0.004 0.010 0.398 0.539 
  34 S _   0.006 0.032 0.000 0.013 0.004 0.010 0.392 0.542 
  35 K _   0.006 0.034 0.001 0.014 0.004 0.010 0.387 0.544 
  36 A _   0.006 0.037 0.001 0.016 0.005 0.010 0.381 0.544 
  37 Q _   0.007 0.039 0.001 0.019 0.005 0.011 0.376 0.543 
  38 G _   0.007 0.041 0.001 0.022 0.006 0.011 0.372 0.541 
  39 E _   0.007 0.042 0.001 0.024 0.006 0.011 0.369 0.541 
  40 L _   0.007 0.042 0.001 0.024 0.006 0.010 0.366 0.544 
  41 G _   0.007 0.040 0.001 0.023 0.005 0.009 0.364 0.551 
  42 W _   0.007 0.036 0.001 0.019 0.004 0.008 0.363 0.561 
  43 L _   0.006 0.031 0.000 0.015 0.003 0.007 0.361 0.575 
  44 L _   0.006 0.025 0.000 0.010 0.003 0.006 0.360 0.590 
  45 D _   0.005 0.019 0.000 0.007 0.002 0.005 0.358 0.604 
  46 P _   0.004 0.015 0.000 0.004 0.001 0.005 0.356 0.614 
  47 P _   0.004 0.014 0.000 0.003 0.001 0.004 0.353 0.621 
  48 K _   0.004 0.013 0.000 0.003 0.001 0.004 0.348 0.626 
  49 D _   0.004 0.014 0.000 0.003 0.001 0.005 0.343 0.630 
  50 G _   0.004 0.017 0.000 0.004 0.002 0.007 0.336 0.630 
  51 W _   0.005 0.023 0.000 0.007 0.003 0.008 0.327 0.627 
  52 S _   0.006 0.036 0.001 0.011 0.004 0.010 0.314 0.619 
  53 E _   0.006 0.056 0.001 0.016 0.005 0.013 0.299 0.604 
  54 Q _   0.006 0.082 0.001 0.022 0.007 0.014 0.282 0.586 
  55 Q _   0.006 0.110 0.001 0.027 0.008 0.015 0.265 0.567 
  56 Q _   0.006 0.135 0.001 0.031 0.009 0.016 0.251 0.551 
  57 I _   0.006 0.156 0.001 0.034 0.010 0.016 0.238 0.539 
  58 L _   0.006 0.173 0.001 0.036 0.010 0.016 0.227 0.531 
  59 N _   0.006 0.184 0.001 0.037 0.010 0.017 0.218 0.526 
  60 G _   0.007 0.192 0.001 0.037 0.010 0.016 0.211 0.525 
  61 T _   0.007 0.196 0.001 0.036 0.010 0.016 0.206 0.528 
  62 P _   0.008 0.197 0.001 0.035 0.010 0.016 0.201 0.533 
  63 L _   0.008 0.195 0.001 0.033 0.009 0.015 0.198 0.541 
  64 Y _   0.008 0.190 0.001 0.030 0.008 0.014 0.195 0.553 
  65 M _   0.008 0.183 0.001 0.027 0.008 0.014 0.193 0.567 
  66 Y _   0.008 0.172 0.001 0.024 0.007 0.013 0.191 0.583 
  67 Q _   0.008 0.160 0.001 0.022 0.007 0.012 0.190 0.600 
  68 D _   0.008 0.146 0.001 0.019 0.006 0.011 0.189 0.619 
  69 C _   0.008 0.132 0.001 0.017 0.005 0.011 0.188 0.638 
  70 P _   0.008 0.117 0.001 0.015 0.005 0.010 0.188 0.656 
  71 M _   0.008 0.103 0.001 0.014 0.004 0.010 0.187 0.674 
  72 Q _   0.007 0.091 0.001 0.012 0.004 0.009 0.186 0.691 
  73 G _   0.007 0.079 0.000 0.010 0.003 0.008 0.185 0.706 
  74 R _   0.006 0.070 0.000 0.009 0.003 0.008 0.184 0.719 
  75 R _   0.006 0.063 0.000 0.008 0.003 0.008 0.182 0.731 
  76 D _   0.005 0.058 0.000 0.007 0.002 0.007 0.180 0.740 
  77 T _   0.005 0.055 0.000 0.006 0.002 0.007 0.177 0.746 
  78 D _   0.005 0.053 0.000 0.007 0.002 0.008 0.174 0.750 
  79 H _   0.005 0.053 0.000 0.007 0.003 0.008 0.171 0.752 
  80 W _   0.005 0.055 0.000 0.008 0.003 0.009 0.167 0.752 
  81 L _   0.006 0.058 0.000 0.010 0.004 0.010 0.163 0.749 
  82 R _   0.006 0.062 0.001 0.012 0.004 0.011 0.159 0.745 
  83 S _   0.006 0.067 0.001 0.014 0.005 0.012 0.155 0.740 
  84 N _   0.007 0.072 0.001 0.016 0.005 0.012 0.150 0.736 
  85 W _   0.007 0.076 0.001 0.017 0.006 0.013 0.146 0.734 
  86 I _   0.007 0.080 0.001 0.017 0.006 0.014 0.142 0.733 
  87 Y _   0.008 0.082 0.001 0.016 0.006 0.014 0.139 0.734 
  88 R _   0.008 0.084 0.001 0.014 0.006 0.015 0.136 0.737 
  89 G _   0.009 0.086 0.001 0.012 0.005 0.016 0.132 0.738 
  90 E _   0.010 0.088 0.001 0.011 0.006 0.017 0.129 0.738 
  91 E _   0.012 0.092 0.001 0.011 0.006 0.019 0.126 0.734 
  92 A _   0.014 0.098 0.001 0.012 0.008 0.022 0.122 0.724 
  93 S _   0.016 0.109 0.001 0.014 0.010 0.024 0.118 0.708 
  94 R _   0.018 0.125 0.001 0.019 0.013 0.027 0.114 0.683 
  95 V _   0.020 0.148 0.001 0.026 0.016 0.029 0.109 0.651 
  96 H _   0.021 0.172 0.002 0.034 0.018 0.030 0.105 0.619 
  97 V _   0.021 0.192 0.002 0.042 0.020 0.030 0.101 0.592 
  98 E _   0.021 0.206 0.002 0.048 0.020 0.028 0.099 0.577 
  99 L _   0.020 0.212 0.001 0.051 0.019 0.027 0.097 0.573 
 100 Q _   0.018 0.212 0.001 0.050 0.017 0.024 0.096 0.581 
 101 F _   0.017 0.205 0.001 0.046 0.015 0.022 0.095 0.599 
 102 T _   0.015 0.192 0.001 0.039 0.012 0.019 0.095 0.626 
 103 V _   0.013 0.173 0.001 0.031 0.010 0.016 0.095 0.660 
 104 R _   0.012 0.148 0.001 0.023 0.008 0.014 0.096 0.699 
 105 D _   0.011 0.123 0.001 0.016 0.006 0.012 0.097 0.736 
 106 C _   0.009 0.103 0.001 0.012 0.004 0.010 0.097 0.765 
 107 K _   0.008 0.090 0.000 0.009 0.003 0.009 0.097 0.785 
 108 S _   0.007 0.082 0.000 0.007 0.002 0.008 0.096 0.798 
 109 F _   0.006 0.078 0.000 0.006 0.002 0.007 0.095 0.806 
 110 P _   0.005 0.077 0.000 0.006 0.002 0.007 0.093 0.809 
 111 G _   0.005 0.079 0.000 0.006 0.002 0.008 0.091 0.808 
 112 G _   0.005 0.083 0.000 0.008 0.003 0.008 0.088 0.804 
 113 A _   0.005 0.091 0.000 0.010 0.003 0.009 0.085 0.796 
 114 G _   0.006 0.102 0.001 0.012 0.004 0.011 0.081 0.784 
 115 P _   0.006 0.116 0.001 0.016 0.005 0.012 0.077 0.768 
 116 L _   0.006 0.133 0.001 0.020 0.006 0.013 0.072 0.749 
 117 G _   0.006 0.150 0.001 0.024 0.007 0.015 0.068 0.728 
 118 C _   0.007 0.168 0.001 0.029 0.009 0.016 0.064 0.707 
 119 K _   0.007 0.183 0.001 0.034 0.010 0.017 0.060 0.689 
 120 E _   0.007 0.194 0.001 0.038 0.011 0.017 0.057 0.674 
 121 T _   0.008 0.201 0.001 0.042 0.011 0.017 0.055 0.665 
 122 F _   0.008 0.204 0.001 0.043 0.011 0.017 0.053 0.662 
 123 N _   0.009 0.202 0.001 0.042 0.011 0.016 0.052 0.666 
 124 L _   0.009 0.195 0.001 0.039 0.010 0.016 0.052 0.678 
 125 L _   0.009 0.182 0.001 0.034 0.009 0.015 0.051 0.697 
 126 Y _   0.009 0.163 0.001 0.028 0.008 0.014 0.052 0.725 
 127 M _   0.009 0.138 0.001 0.022 0.007 0.013 0.052 0.758 
 128 E _   0.009 0.111 0.001 0.016 0.006 0.012 0.053 0.792 
 129 S _   0.009 0.088 0.001 0.012 0.005 0.011 0.053 0.822 
 130 D _   0.008 0.072 0.001 0.008 0.004 0.011 0.053 0.843 
 131 Q _   0.008 0.062 0.000 0.006 0.003 0.011 0.053 0.855 
 132 D _   0.009 0.058 0.000 0.006 0.003 0.011 0.053 0.860 
 133 V _   0.009 0.057 0.000 0.006 0.003 0.012 0.052 0.860 
 134 G _   0.010 0.058 0.000 0.007 0.004 0.014 0.051 0.855 
 135 I _   0.011 0.061 0.001 0.010 0.005 0.015 0.050 0.847 
 136 Q _   0.012 0.066 0.001 0.012 0.006 0.017 0.048 0.837 
 137 L _   0.013 0.072 0.001 0.015 0.007 0.019 0.047 0.826 
 138 R _   0.013 0.078 0.001 0.018 0.009 0.020 0.045 0.817 
 139 R _   0.013 0.083 0.001 0.019 0.010 0.021 0.044 0.809 
 140 P _   0.014 0.088 0.001 0.020 0.010 0.022 0.043 0.803 
 141 L _   0.014 0.091 0.001 0.021 0.011 0.022 0.041 0.799 
 142 F _   0.015 0.093 0.001 0.021 0.011 0.023 0.040 0.796 
 143 Q _   0.016 0.095 0.001 0.020 0.011 0.023 0.039 0.794 
 144 K _   0.016 0.096 0.001 0.020 0.011 0.023 0.039 0.794 
 145 V _   0.016 0.096 0.001 0.020 0.011 0.023 0.038 0.795 
 146 T _   0.016 0.095 0.001 0.019 0.011 0.023 0.037 0.797 
 147 T _   0.017 0.094 0.001 0.019 0.011 0.022 0.037 0.800 
 148 V _   0.017 0.092 0.001 0.018 0.010 0.022 0.037 0.803 
 149 A _   0.017 0.090 0.001 0.017 0.010 0.022 0.036 0.807 
 150 A _   0.017 0.087 0.001 0.016 0.010 0.021 0.036 0.812 
 151 D _   0.017 0.084 0.001 0.015 0.009 0.021 0.036 0.817 
 152 Q _   0.017 0.081 0.001 0.015 0.009 0.021 0.035 0.821 
 153 S _   0.017 0.079 0.001 0.015 0.009 0.020 0.035 0.824 
 154 F _   0.017 0.077 0.001 0.015 0.009 0.020 0.035 0.827 
 155 T _   0.017 0.075 0.001 0.015 0.009 0.020 0.035 0.830 
 156 I _   0.016 0.073 0.001 0.015 0.009 0.019 0.035 0.832 
 157 R _   0.016 0.071 0.001 0.015 0.009 0.019 0.035 0.836 
 158 D _   0.015 0.068 0.001 0.015 0.008 0.018 0.035 0.840 
 159 L _   0.015 0.065 0.001 0.015 0.008 0.018 0.035 0.844 
 160 V _   0.014 0.063 0.001 0.014 0.007 0.017 0.035 0.849 
 161 S _   0.014 0.060 0.001 0.013 0.007 0.017 0.035 0.853 
 162 G _   0.014 0.057 0.001 0.012 0.007 0.017 0.035 0.857 
 163 S _   0.014 0.055 0.001 0.012 0.007 0.017 0.035 0.860 
 164 V _   0.014 0.053 0.001 0.012 0.007 0.017 0.035 0.862 
 165 K _   0.015 0.052 0.001 0.012 0.007 0.018 0.035 0.862 
 166 L _   0.015 0.052 0.001 0.012 0.007 0.018 0.035 0.860 
 167 N _   0.016 0.051 0.001 0.012 0.008 0.019 0.035 0.858 
 168 V _   0.017 0.052 0.001 0.013 0.008 0.020 0.035 0.855 
 169 E _   0.017 0.052 0.001 0.014 0.009 0.020 0.035 0.852 
 170 R _   0.017 0.053 0.001 0.015 0.009 0.021 0.035 0.848 
 171 C _   0.018 0.054 0.001 0.016 0.010 0.022 0.035 0.845 
 172 S _   0.018 0.055 0.001 0.018 0.010 0.022 0.035 0.841 
 173 L _   0.018 0.055 0.001 0.019 0.011 0.023 0.035 0.838 
 174 G _   0.019 0.055 0.001 0.021 0.011 0.023 0.035 0.835 
 175 R _   0.018 0.054 0.001 0.022 0.012 0.023 0.036 0.833 
 176 L _   0.018 0.053 0.001 0.024 0.012 0.023 0.036 0.833 
 177 T _   0.018 0.051 0.001 0.024 0.012 0.022 0.037 0.835 
 178 R _   0.018 0.047 0.001 0.024 0.011 0.021 0.038 0.841 
 179 R _   0.017 0.041 0.001 0.022 0.010 0.020 0.039 0.849 
 180 G _   0.017 0.034 0.001 0.020 0.009 0.019 0.040 0.860 
 181 L _   0.017 0.027 0.001 0.016 0.008 0.018 0.041 0.872 
 182 Y _   0.017 0.018 0.001 0.013 0.006 0.017 0.042 0.886 
 183 L _   0.018 0.011 0.001 0.009 0.005 0.017 0.043 0.896 
 184 A _   0.020 0.006 0.001 0.006 0.004 0.017 0.044 0.902 
 185 F _   0.024 0.003 0.000 0.004 0.004 0.018 0.044 0.902 
 186 H _   0.031 0.001 0.000 0.003 0.004 0.020 0.044 0.895 
 187 N _   0.042 0.001 0.001 0.003 0.005 0.024 0.044 0.881 
 188 P _   0.058 0.001 0.001 0.003 0.007 0.029 0.044 0.857 
 189 G _   0.080 0.001 0.001 0.004 0.011 0.037 0.044 0.822 
 190 A _   0.106 0.002 0.001 0.005 0.018 0.045 0.044 0.779 
 191 C _   0.133 0.004 0.002 0.008 0.026 0.053 0.044 0.730 
 192 V _   0.155 0.008 0.002 0.013 0.036 0.060 0.044 0.681 
 193 A _   0.172 0.014 0.002 0.019 0.045 0.065 0.045 0.638 
 194 L _   0.182 0.021 0.003 0.025 0.051 0.068 0.046 0.605 
 195 V _   0.185 0.025 0.003 0.030 0.054 0.067 0.048 0.588 
 196 S _   0.183 0.028 0.003 0.033 0.054 0.065 0.050 0.585 
 197 V _   0.173 0.029 0.003 0.034 0.050 0.061 0.052 0.598 
 198 R _   0.158 0.027 0.003 0.032 0.044 0.056 0.055 0.624 
 199 V _   0.140 0.024 0.002 0.028 0.036 0.050 0.059 0.661 
 200 F _   0.118 0.020 0.002 0.022 0.028 0.043 0.063 0.704 
 201 Y _   0.096 0.014 0.001 0.017 0.020 0.037 0.067 0.748 
 202 Q _   0.075 0.010 0.001 0.012 0.014 0.031 0.070 0.787 
 203 R _   0.057 0.007 0.001 0.009 0.009 0.026 0.073 0.817 
 204 C _   0.044 0.006 0.001 0.007 0.007 0.022 0.075 0.838 
 205 P _   0.034 0.005 0.001 0.007 0.006 0.019 0.077 0.851 
 206 E _   0.027 0.005 0.001 0.008 0.005 0.018 0.079 0.857 
 207 T _   0.022 0.006 0.001 0.010 0.005 0.016 0.081 0.860 
 208 L _   0.019 0.006 0.001 0.012 0.005 0.015 0.083 0.859 
 209 N _   0.016 0.007 0.001 0.014 0.006 0.014 0.084 0.858 
 210 G _   0.014 0.007 0.001 0.016 0.006 0.013 0.086 0.858 
 211 L _   0.012 0.007 0.001 0.015 0.005 0.012 0.087 0.861 
 212 A _   0.011 0.007 0.001 0.014 0.004 0.010 0.089 0.865 
 213 Q _   0.009 0.006 0.000 0.011 0.004 0.009 0.090 0.871 
 214 F _   0.008 0.005 0.000 0.008 0.003 0.008 0.091 0.877 
 215 P _   0.007 0.004 0.000 0.006 0.002 0.007 0.092 0.883 
 216 D _   0.006 0.003 0.000 0.004 0.002 0.007 0.092 0.886 
 217 T _   0.006 0.003 0.000 0.003 0.001 0.007 0.092 0.887 
 218 L _   0.007 0.004 0.000 0.003 0.002 0.009 0.092 0.884 
 219 P _   0.009 0.006 0.000 0.004 0.003 0.012 0.090 0.875 
 220 G _   0.013 0.014 0.001 0.006 0.005 0.018 0.088 0.855 
 221 P _   0.018 0.037 0.001 0.012 0.011 0.025 0.085 0.810 
 222 A _   0.023 0.096 0.002 0.024 0.019 0.032 0.080 0.723 
 223 G _   0.026 0.197 0.003 0.038 0.028 0.037 0.074 0.598 
 224 L _   0.025 0.308 0.003 0.052 0.032 0.038 0.068 0.474 
 225 V E   0.023 0.396 0.003 0.063 0.032 0.037 0.064 0.384 
 226 E E   0.021 0.446 0.002 0.070 0.030 0.035 0.062 0.335 
 227 V E   0.020 0.470 0.002 0.074 0.028 0.032 0.061 0.313 
 228 A E   0.019 0.480 0.002 0.074 0.026 0.030 0.061 0.308 
 229 G E   0.018 0.478 0.002 0.071 0.024 0.028 0.062 0.316 
 230 T E   0.018 0.465 0.002 0.065 0.022 0.025 0.064 0.339 
 231 C E   0.017 0.436 0.002 0.057 0.020 0.023 0.067 0.378 
 232 L _   0.017 0.387 0.002 0.048 0.017 0.021 0.072 0.436 
 233 P _   0.017 0.317 0.002 0.038 0.014 0.019 0.078 0.515 
 234 H _   0.017 0.240 0.002 0.029 0.011 0.017 0.084 0.601 
 235 A _   0.015 0.171 0.001 0.020 0.008 0.015 0.090 0.678 
 236 R _   0.013 0.124 0.001 0.014 0.006 0.013 0.095 0.735 
 237 A _   0.011 0.095 0.001 0.009 0.004 0.011 0.098 0.771 
 238 S _   0.009 0.079 0.000 0.007 0.003 0.009 0.100 0.792 
 239 P _   0.007 0.071 0.000 0.006 0.002 0.008 0.101 0.803 
 240 R _   0.006 0.068 0.000 0.006 0.002 0.008 0.101 0.808 
 241 P _   0.006 0.067 0.000 0.006 0.002 0.008 0.101 0.809 
 242 S _   0.005 0.069 0.000 0.007 0.002 0.008 0.101 0.807 
 243 G _   0.005 0.072 0.000 0.009 0.003 0.008 0.099 0.803 
 244 A _   0.005 0.077 0.000 0.011 0.003 0.009 0.098 0.797 
 245 P _   0.005 0.082 0.000 0.013 0.004 0.009 0.096 0.791 
 246 R _   0.005 0.087 0.000 0.014 0.004 0.009 0.095 0.786 
 247 M _   0.005 0.093 0.001 0.014 0.004 0.009 0.093 0.781 
 248 H _   0.005 0.098 0.001 0.014 0.004 0.010 0.092 0.777 
 249 C _   0.005 0.102 0.001 0.014 0.004 0.010 0.090 0.773 
 250 S _   0.005 0.108 0.001 0.015 0.004 0.011 0.088 0.768 
 251 P _   0.006 0.114 0.001 0.016 0.005 0.012 0.087 0.760 
 252 D _   0.006 0.122 0.001 0.017 0.006 0.013 0.086 0.749 
 253 G _   0.007 0.132 0.001 0.020 0.007 0.014 0.084 0.735 
 254 E _   0.009 0.142 0.001 0.024 0.008 0.016 0.083 0.718 
 255 W _   0.009 0.152 0.001 0.028 0.009 0.016 0.082 0.702 
 256 L _   0.010 0.160 0.001 0.033 0.010 0.017 0.081 0.687 
 257 V _   0.010 0.166 0.001 0.037 0.011 0.017 0.081 0.676 
 258 P _   0.011 0.169 0.001 0.039 0.011 0.017 0.082 0.672 
 259 V _   0.010 0.168 0.001 0.038 0.010 0.016 0.082 0.674 
 260 G _   0.010 0.163 0.001 0.036 0.010 0.015 0.083 0.682 
 261 R _   0.010 0.154 0.001 0.032 0.008 0.014 0.085 0.697 
 262 C _   0.009 0.141 0.001 0.026 0.007 0.012 0.087 0.717 
 263 H _   0.009 0.125 0.001 0.020 0.006 0.011 0.089 0.740 
 264 C _   0.008 0.109 0.001 0.015 0.004 0.009 0.091 0.764 
 265 E _   0.007 0.095 0.000 0.011 0.003 0.008 0.092 0.784 
 266 P _   0.006 0.086 0.000 0.008 0.002 0.007 0.092 0.798 
 267 G _   0.005 0.081 0.000 0.006 0.002 0.007 0.092 0.807 
 268 Y _   0.005 0.080 0.000 0.005 0.002 0.007 0.092 0.810 
 269 E _   0.005 0.081 0.000 0.005 0.002 0.007 0.090 0.809 
 270 E _   0.005 0.087 0.000 0.007 0.002 0.009 0.088 0.802 
 271 G _   0.006 0.099 0.000 0.010 0.004 0.011 0.085 0.785 
 272 G _   0.007 0.124 0.001 0.015 0.006 0.013 0.081 0.754 
 273 S _   0.007 0.166 0.001 0.023 0.008 0.015 0.076 0.703 
 274 G _   0.008 0.224 0.001 0.032 0.011 0.017 0.070 0.638 
 275 E _   0.007 0.286 0.001 0.041 0.012 0.018 0.064 0.570 
 276 A _   0.007 0.337 0.001 0.048 0.013 0.017 0.059 0.517 
 277 C _   0.006 0.371 0.001 0.054 0.013 0.017 0.056 0.482 
 278 V _   0.006 0.391 0.001 0.058 0.012 0.016 0.054 0.462 
 279 A _   0.006 0.400 0.001 0.059 0.012 0.016 0.053 0.454 
 280 C _   0.006 0.401 0.001 0.057 0.012 0.015 0.052 0.457 
 281 P _   0.006 0.395 0.001 0.053 0.011 0.014 0.052 0.468 
 282 S _   0.006 0.380 0.001 0.047 0.010 0.013 0.053 0.488 
 283 G _   0.007 0.355 0.001 0.041 0.009 0.013 0.055 0.520 
 284 S _   0.007 0.318 0.001 0.034 0.008 0.012 0.057 0.562 
 285 Y _   0.008 0.275 0.001 0.027 0.008 0.012 0.060 0.610 
 286 R _   0.008 0.230 0.001 0.021 0.006 0.011 0.063 0.659 
 287 M _   0.008 0.193 0.001 0.016 0.005 0.011 0.066 0.701 
 288 D _   0.007 0.166 0.001 0.012 0.004 0.010 0.068 0.732 
 289 M _   0.007 0.148 0.000 0.010 0.003 0.010 0.070 0.752 
 290 D _   0.007 0.138 0.000 0.009 0.003 0.009 0.071 0.763 
 291 T _   0.006 0.132 0.000 0.009 0.003 0.009 0.071 0.769 
 292 P _   0.006 0.128 0.000 0.010 0.003 0.009 0.072 0.771 
 293 H _   0.006 0.126 0.000 0.011 0.003 0.009 0.072 0.772 
 294 C _   0.006 0.126 0.000 0.012 0.003 0.009 0.072 0.772 
 295 L _   0.006 0.125 0.000 0.012 0.003 0.009 0.072 0.772 
 296 T _   0.005 0.125 0.000 0.012 0.003 0.009 0.072 0.773 
 297 C _   0.005 0.124 0.000 0.011 0.003 0.009 0.071 0.775 
 298 P _   0.005 0.124 0.000 0.010 0.003 0.009 0.071 0.777 
 299 Q _   0.005 0.124 0.000 0.009 0.003 0.009 0.070 0.779 
 300 Q _   0.005 0.126 0.000 0.009 0.003 0.010 0.069 0.778 
 301 S _   0.006 0.130 0.000 0.009 0.003 0.011 0.067 0.772 
 302 T _   0.007 0.139 0.001 0.010 0.004 0.013 0.066 0.760 
 303 A _   0.008 0.155 0.001 0.014 0.006 0.016 0.063 0.737 
 304 E _   0.010 0.183 0.001 0.019 0.009 0.019 0.060 0.699 
 305 S _   0.011 0.228 0.001 0.027 0.013 0.021 0.057 0.642 
 306 E _   0.012 0.283 0.002 0.037 0.016 0.023 0.053 0.576 
 307 G _   0.012 0.335 0.002 0.046 0.017 0.023 0.050 0.515 
 308 A _   0.012 0.373 0.002 0.054 0.017 0.022 0.048 0.472 
 309 T _   0.012 0.394 0.001 0.060 0.017 0.022 0.047 0.448 
 310 I _   0.011 0.404 0.001 0.062 0.016 0.020 0.046 0.439 
 311 C _   0.011 0.404 0.001 0.060 0.015 0.019 0.047 0.442 
 312 T _   0.011 0.397 0.001 0.055 0.014 0.017 0.047 0.458 
 313 C _   0.011 0.378 0.001 0.047 0.012 0.016 0.049 0.486 
 314 E _   0.010 0.347 0.001 0.038 0.010 0.014 0.051 0.529 
 315 S _   0.010 0.305 0.001 0.029 0.008 0.012 0.053 0.582 
 316 G _   0.010 0.262 0.001 0.020 0.006 0.011 0.056 0.635 
 317 H _   0.009 0.226 0.001 0.014 0.004 0.010 0.058 0.680 
 318 Y _   0.007 0.202 0.000 0.009 0.003 0.008 0.059 0.710 
 319 R _   0.006 0.190 0.000 0.007 0.002 0.008 0.060 0.727 
 320 A _   0.005 0.184 0.000 0.006 0.002 0.007 0.060 0.736 
 321 P _   0.005 0.183 0.000 0.006 0.002 0.007 0.059 0.737 
 322 G _   0.005 0.188 0.000 0.008 0.002 0.008 0.058 0.732 
 323 E _   0.005 0.197 0.000 0.010 0.003 0.008 0.056 0.721 
 324 G _   0.005 0.212 0.000 0.013 0.004 0.009 0.054 0.703 
 325 P _   0.005 0.231 0.001 0.017 0.004 0.009 0.052 0.681 
 326 Q _   0.005 0.251 0.001 0.020 0.005 0.009 0.050 0.659 
 327 V _   0.005 0.269 0.001 0.022 0.005 0.009 0.048 0.641 
 328 A _   0.004 0.282 0.001 0.023 0.005 0.009 0.046 0.629 
 329 C _   0.004 0.291 0.001 0.023 0.005 0.009 0.045 0.623 
 330 T _   0.004 0.297 0.001 0.021 0.004 0.008 0.044 0.622 
 331 G _   0.004 0.299 0.000 0.018 0.004 0.008 0.044 0.623 
 332 P _   0.004 0.301 0.000 0.015 0.003 0.008 0.043 0.626 
 333 P _   0.004 0.302 0.000 0.012 0.003 0.007 0.042 0.629 
 334 S _   0.004 0.303 0.000 0.011 0.003 0.007 0.042 0.630 
 335 A _   0.004 0.307 0.000 0.010 0.003 0.008 0.041 0.627 
 336 P _   0.004 0.315 0.000 0.010 0.003 0.009 0.040 0.619 
 337 R _   0.004 0.328 0.000 0.012 0.004 0.009 0.038 0.604 
 338 N _   0.005 0.349 0.001 0.014 0.005 0.010 0.037 0.580 
 339 L _   0.005 0.376 0.001 0.018 0.006 0.011 0.035 0.549 
 340 S _   0.005 0.407 0.001 0.022 0.007 0.012 0.033 0.514 
 341 F _   0.005 0.437 0.001 0.026 0.007 0.012 0.031 0.482 
 342 S E   0.005 0.460 0.001 0.029 0.008 0.012 0.029 0.456 
 343 A E   0.005 0.477 0.001 0.031 0.008 0.012 0.028 0.439 
 344 S E   0.005 0.486 0.001 0.033 0.008 0.011 0.028 0.429 
 345 G E   0.005 0.490 0.001 0.033 0.008 0.011 0.027 0.425 
 346 T E   0.005 0.489 0.001 0.033 0.007 0.011 0.027 0.426 
 347 Q E   0.006 0.483 0.001 0.032 0.007 0.011 0.028 0.433 
 348 L E   0.006 0.470 0.001 0.031 0.007 0.010 0.029 0.447 
 349 S _   0.006 0.449 0.001 0.028 0.007 0.010 0.030 0.468 
 350 L _   0.007 0.420 0.001 0.026 0.007 0.010 0.032 0.498 
 351 R _   0.007 0.383 0.001 0.023 0.006 0.010 0.034 0.535 
 352 W _   0.007 0.343 0.001 0.020 0.006 0.009 0.036 0.578 
 353 E _   0.007 0.303 0.001 0.016 0.005 0.009 0.039 0.620 
 354 P _   0.007 0.270 0.001 0.012 0.004 0.008 0.041 0.657 
 355 P _   0.006 0.246 0.000 0.010 0.003 0.008 0.042 0.685 
 356 A _   0.006 0.230 0.000 0.007 0.002 0.007 0.043 0.704 
 357 D _   0.005 0.222 0.000 0.006 0.002 0.007 0.043 0.715 
 358 T _   0.005 0.218 0.000 0.006 0.002 0.007 0.043 0.720 
 359 G _   0.005 0.218 0.000 0.006 0.002 0.007 0.043 0.719 
 360 G _   0.005 0.223 0.000 0.008 0.002 0.008 0.042 0.713 
 361 R _   0.005 0.232 0.000 0.010 0.003 0.009 0.041 0.701 
 362 Q _   0.005 0.247 0.000 0.012 0.004 0.010 0.039 0.683 
 363 D _   0.005 0.266 0.001 0.015 0.005 0.010 0.037 0.660 
 364 V _   0.005 0.290 0.001 0.019 0.005 0.011 0.035 0.634 
 365 R _   0.005 0.314 0.001 0.022 0.006 0.011 0.033 0.608 
 366 Y _   0.005 0.336 0.001 0.025 0.006 0.011 0.031 0.585 
 367 S _   0.005 0.354 0.001 0.027 0.007 0.011 0.029 0.566 
 368 V _   0.005 0.368 0.001 0.029 0.007 0.011 0.028 0.551 
 369 R _   0.005 0.377 0.001 0.031 0.007 0.011 0.027 0.542 
 370 C _   0.005 0.382 0.001 0.031 0.007 0.010 0.026 0.539 
 371 S _   0.005 0.382 0.001 0.030 0.006 0.010 0.026 0.540 
 372 Q _   0.005 0.378 0.001 0.029 0.006 0.010 0.026 0.546 
 373 C _   0.005 0.371 0.001 0.026 0.006 0.009 0.026 0.557 
 374 Q _   0.005 0.358 0.001 0.023 0.005 0.009 0.026 0.573 
 375 G _   0.005 0.342 0.001 0.019 0.005 0.008 0.027 0.594 
 376 T _   0.005 0.324 0.001 0.016 0.004 0.008 0.027 0.616 
 377 A _   0.005 0.307 0.000 0.012 0.003 0.007 0.028 0.637 
 378 Q _   0.004 0.294 0.000 0.009 0.003 0.007 0.028 0.654 
 379 D _   0.004 0.285 0.000 0.008 0.002 0.007 0.028 0.666 
 380 G _   0.004 0.281 0.000 0.007 0.002 0.007 0.028 0.671 
 381 G _   0.004 0.281 0.000 0.007 0.002 0.008 0.027 0.670 
 382 P _   0.005 0.287 0.000 0.008 0.003 0.009 0.026 0.662 
 383 C _   0.006 0.298 0.000 0.010 0.004 0.010 0.025 0.647 
 384 Q _   0.006 0.317 0.001 0.013 0.005 0.012 0.024 0.623 
 385 P _   0.007 0.345 0.001 0.016 0.006 0.013 0.022 0.590 
 386 C _   0.007 0.380 0.001 0.019 0.008 0.014 0.020 0.552 
 387 G _   0.007 0.416 0.001 0.021 0.008 0.014 0.019 0.514 
 388 V _   0.006 0.449 0.001 0.023 0.009 0.014 0.017 0.481 
 389 G E   0.006 0.477 0.001 0.023 0.009 0.014 0.016 0.454 
 390 V E   0.006 0.498 0.001 0.023 0.009 0.014 0.015 0.435 
 391 H E   0.006 0.513 0.001 0.022 0.009 0.014 0.014 0.421 
 392 F E   0.006 0.524 0.001 0.020 0.008 0.014 0.013 0.413 
 393 S E   0.007 0.532 0.001 0.019 0.008 0.014 0.013 0.406 
 394 P E   0.007 0.539 0.001 0.018 0.008 0.014 0.012 0.401 
 395 G E   0.007 0.543 0.001 0.017 0.008 0.014 0.012 0.398 
 396 A E   0.008 0.547 0.001 0.016 0.008 0.014 0.012 0.395 
 397 R E   0.008 0.550 0.001 0.015 0.008 0.014 0.012 0.393 
 398 G E   0.008 0.552 0.001 0.015 0.008 0.013 0.012 0.391 
 399 L E   0.008 0.553 0.001 0.015 0.008 0.013 0.012 0.390 
 400 T E   0.008 0.553 0.001 0.016 0.008 0.013 0.012 0.391 
 401 T E   0.008 0.551 0.001 0.016 0.007 0.012 0.012 0.393 
 402 P E   0.007 0.548 0.001 0.016 0.007 0.012 0.012 0.397 
 403 A E   0.007 0.543 0.001 0.017 0.007 0.012 0.012 0.402 
 404 V E   0.007 0.537 0.001 0.017 0.007 0.011 0.012 0.409 
 405 H E   0.007 0.528 0.001 0.017 0.007 0.011 0.012 0.418 
 406 V E   0.007 0.517 0.001 0.017 0.006 0.011 0.013 0.429 
 407 N E   0.006 0.503 0.001 0.017 0.006 0.010 0.013 0.444 
 408 G E   0.006 0.486 0.001 0.016 0.006 0.010 0.014 0.461 
 409 L _   0.007 0.469 0.001 0.015 0.006 0.010 0.014 0.480 
 410 E _   0.006 0.450 0.001 0.014 0.005 0.010 0.015 0.500 
 411 P _   0.006 0.432 0.001 0.013 0.005 0.009 0.015 0.519 
 412 Y _   0.006 0.416 0.001 0.011 0.004 0.009 0.016 0.537 
 413 A _   0.006 0.403 0.001 0.011 0.004 0.009 0.016 0.551 
 414 N _   0.005 0.394 0.000 0.010 0.004 0.009 0.017 0.561 
 415 Y _   0.005 0.388 0.000 0.010 0.004 0.009 0.017 0.567 
 416 T _   0.005 0.384 0.000 0.011 0.004 0.009 0.017 0.570 
 417 F _   0.005 0.383 0.000 0.011 0.004 0.009 0.017 0.570 
 418 N _   0.005 0.384 0.000 0.013 0.004 0.009 0.017 0.567 
 419 V _   0.005 0.386 0.001 0.015 0.005 0.009 0.017 0.563 
 420 E _   0.005 0.388 0.001 0.016 0.005 0.009 0.017 0.559 
 421 A _   0.005 0.389 0.001 0.018 0.005 0.009 0.017 0.556 
 422 Q _   0.005 0.388 0.001 0.019 0.005 0.009 0.017 0.556 
 423 N _   0.004 0.385 0.001 0.020 0.005 0.009 0.017 0.559 
 424 G _   0.004 0.379 0.001 0.020 0.005 0.009 0.018 0.564 
 425 V _   0.004 0.371 0.001 0.019 0.005 0.009 0.018 0.573 
 426 S _   0.004 0.360 0.001 0.017 0.005 0.009 0.018 0.587 
 427 G _   0.004 0.346 0.001 0.015 0.004 0.009 0.019 0.602 
 428 L _   0.005 0.333 0.001 0.012 0.004 0.009 0.020 0.617 
 429 G _   0.005 0.321 0.000 0.010 0.004 0.010 0.020 0.630 
 430 S _   0.005 0.313 0.000 0.008 0.003 0.011 0.021 0.639 
 431 S _   0.006 0.309 0.000 0.008 0.003 0.012 0.021 0.641 
 432 G _   0.007 0.309 0.000 0.008 0.004 0.014 0.021 0.637 
 433 H _   0.009 0.314 0.001 0.009 0.005 0.016 0.021 0.624 
 434 A _   0.011 0.327 0.001 0.012 0.008 0.019 0.021 0.602 
 435 S _   0.013 0.348 0.001 0.016 0.011 0.023 0.020 0.568 
 436 T _   0.016 0.377 0.001 0.021 0.014 0.025 0.020 0.525 
 437 S _   0.017 0.408 0.001 0.027 0.017 0.027 0.019 0.483 
 438 V _   0.019 0.434 0.001 0.032 0.019 0.029 0.019 0.447 
 439 S E   0.020 0.451 0.001 0.036 0.021 0.029 0.019 0.424 
 440 I E   0.021 0.459 0.001 0.038 0.021 0.029 0.019 0.411 
 441 S E   0.022 0.460 0.001 0.038 0.022 0.029 0.020 0.409 
 442 M E   0.022 0.455 0.001 0.037 0.021 0.028 0.021 0.415 
 443 G E   0.023 0.441 0.002 0.034 0.020 0.027 0.022 0.431 
 444 H _   0.024 0.418 0.002 0.030 0.019 0.026 0.024 0.458 
 445 A _   0.024 0.387 0.002 0.027 0.017 0.025 0.026 0.492 
 446 E _   0.024 0.351 0.002 0.024 0.016 0.024 0.028 0.531 
 447 S _   0.024 0.316 0.001 0.021 0.014 0.023 0.031 0.570 
 448 L _   0.023 0.283 0.001 0.020 0.012 0.022 0.034 0.606 
 449 S _   0.022 0.254 0.001 0.019 0.010 0.020 0.036 0.637 
 450 G _   0.020 0.228 0.001 0.019 0.009 0.019 0.039 0.664 
 451 L _   0.019 0.203 0.001 0.019 0.008 0.018 0.042 0.691 
 452 S _   0.018 0.179 0.001 0.018 0.007 0.016 0.045 0.716 
 453 L _   0.016 0.154 0.001 0.017 0.007 0.015 0.047 0.743 
 454 R _   0.014 0.130 0.001 0.015 0.006 0.013 0.050 0.771 
 455 L _   0.013 0.107 0.001 0.013 0.005 0.012 0.052 0.798 
 456 V _   0.011 0.088 0.001 0.010 0.004 0.011 0.054 0.822 
 457 K _   0.010 0.075 0.000 0.008 0.003 0.010 0.055 0.839 
 458 K _   0.008 0.066 0.000 0.007 0.003 0.009 0.056 0.851 
 459 E _   0.008 0.062 0.000 0.006 0.002 0.009 0.057 0.856 
 460 P _   0.007 0.061 0.000 0.007 0.003 0.009 0.057 0.856 
 461 R _   0.007 0.061 0.000 0.009 0.003 0.010 0.057 0.853 
 462 Q _   0.008 0.064 0.000 0.012 0.004 0.010 0.057 0.845 
 463 L _   0.008 0.067 0.001 0.016 0.005 0.011 0.057 0.836 
 464 E _   0.008 0.070 0.001 0.021 0.005 0.011 0.056 0.827 
 465 L _   0.008 0.072 0.001 0.024 0.006 0.011 0.056 0.822 
 466 T _   0.008 0.072 0.001 0.025 0.006 0.011 0.057 0.822 
 467 W _   0.007 0.069 0.001 0.023 0.005 0.010 0.057 0.827 
 468 A _   0.007 0.065 0.001 0.020 0.005 0.009 0.058 0.836 
 469 G _   0.006 0.059 0.001 0.016 0.004 0.008 0.059 0.848 
 470 S _   0.006 0.051 0.000 0.012 0.003 0.007 0.059 0.861 
 471 R _   0.005 0.045 0.000 0.008 0.002 0.006 0.060 0.873 
 472 P _   0.005 0.040 0.000 0.006 0.002 0.006 0.060 0.881 
 473 R _   0.005 0.038 0.000 0.005 0.002 0.006 0.060 0.884 
 474 S _   0.005 0.038 0.000 0.005 0.002 0.007 0.059 0.884 
 475 P _   0.005 0.041 0.000 0.007 0.002 0.008 0.058 0.878 
 476 G _   0.006 0.047 0.000 0.011 0.003 0.009 0.057 0.866 
 477 A _   0.007 0.056 0.001 0.016 0.005 0.011 0.056 0.849 
 478 N _   0.007 0.068 0.001 0.023 0.006 0.013 0.054 0.827 
 479 L _   0.008 0.080 0.001 0.031 0.008 0.014 0.053 0.807 
 480 T _   0.008 0.087 0.001 0.036 0.008 0.014 0.051 0.794 
 481 Y _   0.007 0.091 0.001 0.038 0.009 0.014 0.051 0.789 
 482 E _   0.007 0.092 0.001 0.038 0.008 0.013 0.050 0.790 
 483 L _   0.007 0.089 0.001 0.034 0.007 0.012 0.050 0.799 
 484 H _   0.006 0.084 0.001 0.028 0.006 0.011 0.050 0.814 
 485 V _   0.006 0.075 0.001 0.021 0.005 0.010 0.051 0.831 
 486 L _   0.006 0.066 0.001 0.015 0.004 0.009 0.051 0.849 
 487 N _   0.006 0.057 0.000 0.010 0.003 0.009 0.052 0.864 
 488 Q _   0.006 0.051 0.000 0.007 0.002 0.008 0.052 0.873 
 489 D _   0.006 0.049 0.000 0.006 0.002 0.009 0.052 0.877 
 490 E _   0.006 0.048 0.000 0.006 0.002 0.010 0.051 0.876 
 491 E _   0.007 0.050 0.000 0.006 0.003 0.011 0.051 0.871 
 492 R _   0.008 0.056 0.000 0.009 0.004 0.013 0.050 0.859 
 493 Y _   0.010 0.067 0.001 0.012 0.006 0.016 0.048 0.841 
 494 Q _   0.011 0.082 0.001 0.017 0.008 0.018 0.047 0.817 
 495 M _   0.012 0.100 0.001 0.022 0.010 0.020 0.045 0.791 
 496 V _   0.013 0.118 0.001 0.027 0.011 0.021 0.043 0.765 
 497 L _   0.013 0.132 0.001 0.032 0.013 0.022 0.042 0.745 
 498 E _   0.014 0.143 0.001 0.035 0.014 0.023 0.041 0.730 
 499 P _   0.014 0.149 0.001 0.036 0.014 0.023 0.040 0.722 
 500 R _   0.015 0.152 0.001 0.036 0.014 0.023 0.040 0.720 
 501 V _   0.015 0.151 0.001 0.034 0.013 0.022 0.040 0.723 
 502 L _   0.015 0.147 0.001 0.030 0.012 0.021 0.040 0.733 
 503 L _   0.015 0.140 0.001 0.025 0.011 0.020 0.041 0.747 
 504 T _   0.015 0.131 0.001 0.020 0.009 0.019 0.041 0.764 
 505 E _   0.014 0.121 0.001 0.015 0.007 0.018 0.042 0.782 
 506 L _   0.014 0.112 0.001 0.012 0.006 0.017 0.042 0.797 
 507 Q _   0.013 0.105 0.001 0.009 0.005 0.016 0.043 0.808 
 508 P _   0.013 0.102 0.001 0.008 0.005 0.016 0.043 0.812 
 509 D _   0.014 0.102 0.001 0.008 0.005 0.017 0.043 0.811 
 510 T _   0.015 0.106 0.001 0.009 0.006 0.018 0.043 0.803 
 511 T _   0.015 0.113 0.001 0.012 0.007 0.020 0.042 0.789 
 512 Y _   0.016 0.127 0.001 0.017 0.009 0.021 0.042 0.767 
 513 I _   0.017 0.145 0.001 0.024 0.012 0.022 0.041 0.738 
 514 V _   0.017 0.164 0.001 0.031 0.014 0.023 0.040 0.709 
 515 R _   0.017 0.180 0.001 0.038 0.015 0.023 0.040 0.685 
 516 V _   0.016 0.191 0.001 0.044 0.016 0.023 0.040 0.669 
 517 R _   0.015 0.196 0.001 0.048 0.016 0.022 0.040 0.661 
 518 M _   0.014 0.196 0.001 0.050 0.015 0.021 0.041 0.662 
 519 L _   0.013 0.191 0.001 0.048 0.014 0.019 0.042 0.672 
 520 T _   0.012 0.179 0.001 0.044 0.012 0.017 0.044 0.691 
 521 P _   0.011 0.161 0.001 0.038 0.010 0.015 0.046 0.718 
 522 L _   0.010 0.136 0.001 0.031 0.008 0.013 0.048 0.753 
 523 G _   0.009 0.107 0.001 0.024 0.006 0.011 0.051 0.791 
 524 P _   0.009 0.078 0.001 0.018 0.005 0.010 0.053 0.827 
 525 G _   0.008 0.053 0.001 0.013 0.004 0.009 0.056 0.857 
 526 P _   0.007 0.036 0.000 0.010 0.003 0.008 0.057 0.878 
 527 F _   0.007 0.023 0.000 0.008 0.002 0.007 0.059 0.894 
 528 S _   0.006 0.015 0.000 0.007 0.002 0.006 0.060 0.904 
 529 P _   0.006 0.010 0.000 0.006 0.002 0.006 0.060 0.910 
 530 D _   0.005 0.007 0.000 0.006 0.002 0.006 0.060 0.914 
 531 H _   0.005 0.005 0.000 0.006 0.002 0.006 0.060 0.917 
 532 E _   0.005 0.004 0.000 0.006 0.002 0.006 0.059 0.919 
 533 F _   0.005 0.002 0.000 0.006 0.002 0.005 0.058 0.922 
 534 R _   0.005 0.002 0.000 0.005 0.002 0.005 0.056 0.924 
 535 T _   0.006 0.001 0.000 0.005 0.002 0.005 0.054 0.926 
 536 S _   0.008 0.001 0.000 0.004 0.002 0.005 0.052 0.928 
 537 P _   0.013 0.000 0.000 0.004 0.002 0.006 0.049 0.926 
 538 P _   0.022 0.000 0.000 0.003 0.002 0.006 0.046 0.920 
 539 V _   0.039 0.000 0.000 0.003 0.003 0.007 0.042 0.906 
 540 S _   0.070 0.000 0.000 0.002 0.004 0.008 0.037 0.878 
 541 R _   0.118 0.000 0.001 0.002 0.004 0.009 0.032 0.833 
 542 G _   0.187 0.000 0.001 0.001 0.005 0.010 0.027 0.769 
 543 L _   0.273 0.000 0.001 0.001 0.006 0.010 0.022 0.687 
 544 T _   0.369 0.000 0.001 0.001 0.007 0.010 0.017 0.595 
 545 G _   0.470 0.000 0.001 0.001 0.007 0.009 0.014 0.498 
 546 G H   0.572 0.000 0.001 0.001 0.007 0.008 0.011 0.400 
 547 E H   0.668 0.000 0.001 0.000 0.007 0.007 0.009 0.308 
 548 I H   0.749 0.000 0.001 0.000 0.007 0.006 0.007 0.231 
 549 V H   0.815 0.000 0.001 0.000 0.006 0.004 0.006 0.168 
 550 A H   0.864 0.000 0.001 0.000 0.005 0.004 0.005 0.121 
 551 V H   0.901 0.000 0.001 0.000 0.005 0.003 0.004 0.086 
 552 I H   0.925 0.000 0.001 0.000 0.005 0.002 0.004 0.063 
 553 F H   0.942 0.000 0.001 0.000 0.004 0.002 0.003 0.047 
 554 G H   0.953 0.000 0.001 0.000 0.004 0.002 0.003 0.037 
 555 L H   0.960 0.000 0.001 0.000 0.004 0.002 0.003 0.031 
 556 L H   0.965 0.000 0.001 0.000 0.004 0.002 0.003 0.026 
 557 L H   0.966 0.000 0.001 0.000 0.004 0.002 0.003 0.024 
 558 G H   0.966 0.000 0.001 0.000 0.005 0.002 0.003 0.024 
 559 A H   0.963 0.000 0.001 0.000 0.005 0.002 0.003 0.026 
 560 A H   0.957 0.000 0.001 0.000 0.006 0.002 0.003 0.031 
 561 L H   0.948 0.000 0.001 0.000 0.007 0.002 0.003 0.038 
 562 L H   0.935 0.000 0.001 0.000 0.008 0.003 0.004 0.050 
 563 L H   0.915 0.000 0.001 0.000 0.009 0.003 0.004 0.067 
 564 G H   0.888 0.000 0.001 0.000 0.010 0.004 0.006 0.092 
 565 I H   0.851 0.000 0.001 0.000 0.010 0.004 0.008 0.125 
 566 L H   0.800 0.000 0.001 0.001 0.011 0.005 0.011 0.170 
 567 V H   0.734 0.000 0.001 0.001 0.011 0.006 0.017 0.230 
 568 F H   0.650 0.000 0.001 0.001 0.011 0.008 0.025 0.304 
 569 R H   0.553 0.000 0.001 0.001 0.010 0.009 0.036 0.389 
 570 S _   0.448 0.000 0.001 0.002 0.009 0.009 0.051 0.479 
 571 R _   0.345 0.000 0.001 0.003 0.008 0.010 0.068 0.566 
 572 R _   0.253 0.000 0.001 0.003 0.006 0.010 0.085 0.642 
 573 A _   0.178 0.000 0.001 0.004 0.005 0.010 0.101 0.701 
 574 Q _   0.121 0.000 0.001 0.005 0.004 0.009 0.114 0.745 
 575 R _   0.082 0.000 0.001 0.005 0.004 0.009 0.125 0.775 
 576 Q _   0.054 0.000 0.000 0.006 0.003 0.008 0.134 0.794 
 577 R _   0.036 0.000 0.000 0.006 0.003 0.007 0.141 0.806 
 578 Q _   0.025 0.001 0.000 0.006 0.002 0.007 0.147 0.812 
 579 Q _   0.017 0.001 0.000 0.006 0.002 0.007 0.152 0.814 
 580 R _   0.013 0.001 0.000 0.006 0.002 0.006 0.157 0.814 
 581 Q _   0.010 0.001 0.000 0.006 0.002 0.006 0.160 0.814 
 582 R _   0.008 0.001 0.000 0.006 0.002 0.006 0.163 0.813 
 583 D _   0.007 0.001 0.000 0.006 0.002 0.006 0.166 0.812 
 584 R _   0.006 0.001 0.000 0.006 0.002 0.005 0.168 0.811 
 585 A _   0.006 0.001 0.000 0.006 0.002 0.005 0.169 0.811 
 586 T _   0.005 0.001 0.000 0.005 0.002 0.005 0.170 0.812 
 587 D _   0.005 0.002 0.000 0.005 0.001 0.005 0.170 0.813 
 588 V _   0.004 0.002 0.000 0.004 0.001 0.005 0.170 0.813 
 589 D _   0.004 0.002 0.000 0.004 0.001 0.005 0.168 0.813 
 590 R _   0.004 0.003 0.000 0.005 0.002 0.006 0.167 0.813 
 591 E _   0.005 0.005 0.000 0.006 0.002 0.007 0.165 0.810 
 592 D _   0.005 0.008 0.000 0.009 0.003 0.008 0.162 0.805 
 593 K _   0.006 0.012 0.000 0.012 0.003 0.010 0.159 0.798 
 594 L _   0.006 0.017 0.001 0.017 0.005 0.011 0.156 0.788 
 595 W _   0.007 0.023 0.001 0.022 0.006 0.012 0.153 0.778 
 596 L _   0.007 0.028 0.001 0.027 0.006 0.013 0.150 0.769 
 597 K _   0.007 0.031 0.001 0.030 0.007 0.013 0.147 0.764 
 598 P _   0.007 0.033 0.001 0.031 0.007 0.013 0.146 0.762 
 599 Y _   0.007 0.033 0.001 0.030 0.007 0.012 0.145 0.766 
 600 V _   0.007 0.031 0.001 0.027 0.006 0.011 0.144 0.773 
 601 D _   0.007 0.028 0.001 0.022 0.005 0.010 0.144 0.783 
 602 L _   0.007 0.023 0.001 0.018 0.004 0.009 0.144 0.795 
 603 Q _   0.006 0.018 0.000 0.013 0.003 0.008 0.144 0.807 
 604 A _   0.006 0.014 0.000 0.010 0.003 0.007 0.144 0.817 
 605 Y _   0.005 0.010 0.000 0.007 0.002 0.006 0.143 0.825 
 606 E _   0.005 0.008 0.000 0.006 0.002 0.006 0.142 0.831 
 607 D _   0.005 0.006 0.000 0.005 0.002 0.006 0.141 0.835 
 608 P _   0.005 0.005 0.000 0.005 0.002 0.006 0.139 0.837 
 609 A _   0.005 0.005 0.000 0.006 0.002 0.007 0.137 0.838 
 610 Q _   0.005 0.006 0.000 0.007 0.002 0.008 0.134 0.838 
 611 G _   0.005 0.006 0.000 0.008 0.003 0.009 0.131 0.838 
 612 A _   0.006 0.007 0.000 0.009 0.003 0.010 0.127 0.837 
 613 L _   0.006 0.007 0.000 0.011 0.004 0.011 0.124 0.837 
 614 D _   0.006 0.008 0.001 0.011 0.004 0.012 0.120 0.837 
 615 F _   0.007 0.008 0.001 0.011 0.004 0.014 0.116 0.838 
 616 T _   0.008 0.009 0.001 0.011 0.005 0.016 0.113 0.838 
 617 R _   0.010 0.009 0.001 0.011 0.006 0.018 0.109 0.837 
 618 E _   0.012 0.010 0.001 0.010 0.006 0.021 0.105 0.834 
 619 L _   0.016 0.010 0.001 0.010 0.008 0.024 0.102 0.829 
 620 D _   0.021 0.012 0.001 0.011 0.010 0.028 0.098 0.819 
 621 P _   0.027 0.014 0.001 0.013 0.013 0.032 0.095 0.805 
 622 A _   0.035 0.017 0.001 0.015 0.016 0.036 0.091 0.788 
 623 W _   0.042 0.021 0.001 0.018 0.020 0.039 0.088 0.771 
 624 L _   0.048 0.025 0.002 0.022 0.023 0.042 0.085 0.755 
 625 M _   0.053 0.028 0.002 0.024 0.025 0.043 0.083 0.743 
 626 V _   0.056 0.030 0.002 0.026 0.026 0.043 0.081 0.738 
 627 D _   0.057 0.031 0.002 0.025 0.025 0.042 0.079 0.739 
 628 T _   0.057 0.031 0.002 0.023 0.023 0.040 0.078 0.746 
 629 V _   0.056 0.029 0.001 0.021 0.021 0.038 0.077 0.757 
 630 I _   0.054 0.028 0.001 0.018 0.018 0.036 0.076 0.769 
 631 G _   0.050 0.026 0.001 0.015 0.016 0.034 0.076 0.782 
 632 E _   0.046 0.024 0.001 0.014 0.014 0.032 0.075 0.794 
 633 G _   0.043 0.023 0.001 0.013 0.012 0.030 0.075 0.804 
 634 E _   0.038 0.022 0.001 0.012 0.011 0.028 0.075 0.813 
 635 F _   0.035 0.022 0.001 0.012 0.010 0.026 0.074 0.820 
 636 G _   0.031 0.022 0.001 0.013 0.010 0.024 0.074 0.825 
 637 E _   0.027 0.022 0.001 0.015 0.009 0.023 0.074 0.829 
 638 V _   0.024 0.023 0.001 0.016 0.009 0.021 0.074 0.832 
 639 Y _   0.021 0.023 0.001 0.017 0.009 0.020 0.073 0.835 
 640 R _   0.019 0.023 0.001 0.018 0.008 0.018 0.074 0.839 
 641 G _   0.017 0.022 0.001 0.018 0.008 0.017 0.074 0.844 
 642 T _   0.015 0.021 0.001 0.017 0.007 0.015 0.074 0.851 
 643 L _   0.013 0.019 0.001 0.015 0.006 0.013 0.074 0.860 
 644 R _   0.011 0.016 0.001 0.012 0.005 0.012 0.075 0.868 
 645 L _   0.010 0.014 0.000 0.010 0.004 0.010 0.075 0.877 
 646 P _   0.009 0.012 0.000 0.008 0.003 0.010 0.075 0.883 
 647 S _   0.008 0.011 0.000 0.007 0.003 0.009 0.075 0.887 
 648 Q _   0.008 0.010 0.000 0.007 0.003 0.009 0.075 0.888 
 649 D _   0.008 0.010 0.000 0.007 0.003 0.009 0.075 0.887 
 650 C _   0.008 0.011 0.000 0.009 0.004 0.010 0.074 0.883 
 651 K _   0.009 0.012 0.001 0.012 0.005 0.011 0.074 0.876 
 652 T _   0.009 0.014 0.001 0.016 0.006 0.012 0.073 0.869 
 653 V _   0.010 0.016 0.001 0.019 0.006 0.013 0.073 0.863 
 654 A _   0.010 0.016 0.001 0.021 0.007 0.013 0.072 0.860 
 655 I _   0.010 0.016 0.001 0.022 0.007 0.013 0.072 0.860 
 656 K _   0.009 0.015 0.001 0.020 0.006 0.012 0.072 0.864 
 657 T _   0.009 0.013 0.001 0.017 0.005 0.011 0.073 0.872 
 658 L _   0.008 0.011 0.001 0.013 0.004 0.010 0.073 0.881 
 659 K _   0.007 0.008 0.000 0.009 0.003 0.010 0.073 0.889 
 660 D _   0.007 0.005 0.000 0.006 0.003 0.010 0.073 0.896 
 661 T _   0.007 0.004 0.000 0.004 0.002 0.011 0.072 0.899 
 662 S _   0.009 0.003 0.000 0.004 0.002 0.012 0.072 0.898 
 663 P _   0.011 0.003 0.000 0.004 0.003 0.015 0.071 0.893 
