#TopoPred_TM8: 8-state transmembrane topology prediction results by no_profile mode 
#probabilities are in the order of H E C I L F X _, the 8 transmembrane topology types used in PDBTM 
   1 M X   0.017 0.002 0.002 0.054 0.010 0.011 0.557 0.347 
   2 T X   0.005 0.001 0.000 0.028 0.002 0.005 0.569 0.390 
   3 N X   0.001 0.001 0.000 0.014 0.000 0.003 0.569 0.411 
   4 N X   0.001 0.002 0.000 0.011 0.001 0.004 0.562 0.420 
   5 S X   0.002 0.006 0.000 0.014 0.002 0.007 0.547 0.423 
   6 G X   0.004 0.015 0.001 0.019 0.004 0.013 0.525 0.420 
   7 S X   0.007 0.035 0.001 0.028 0.006 0.019 0.496 0.408 
   8 K X   0.009 0.069 0.001 0.041 0.010 0.024 0.456 0.390 
   9 A X   0.010 0.115 0.002 0.055 0.013 0.027 0.412 0.367 
  10 E X   0.009 0.161 0.002 0.067 0.015 0.027 0.370 0.349 
  11 L _   0.008 0.193 0.002 0.073 0.016 0.027 0.336 0.345 
  12 V _   0.007 0.213 0.002 0.075 0.017 0.026 0.310 0.350 
  13 V _   0.007 0.224 0.001 0.072 0.016 0.025 0.291 0.362 
  14 G _   0.007 0.228 0.001 0.066 0.016 0.024 0.277 0.380 
  15 G _   0.008 0.228 0.001 0.058 0.015 0.023 0.265 0.402 
  16 K _   0.008 0.223 0.001 0.049 0.014 0.022 0.256 0.427 
  17 Y _   0.008 0.215 0.001 0.040 0.012 0.021 0.248 0.455 
  18 K _   0.009 0.204 0.001 0.032 0.010 0.020 0.242 0.483 
  19 L _   0.008 0.192 0.001 0.025 0.009 0.019 0.236 0.510 
  20 V _   0.008 0.180 0.001 0.020 0.008 0.018 0.231 0.535 
  21 R _   0.009 0.169 0.001 0.016 0.006 0.017 0.226 0.556 
  22 K _   0.009 0.161 0.001 0.013 0.006 0.017 0.221 0.574 
  23 I _   0.009 0.155 0.001 0.011 0.005 0.017 0.215 0.587 
  24 G _   0.009 0.152 0.001 0.010 0.005 0.018 0.209 0.596 
  25 S _   0.010 0.151 0.001 0.010 0.006 0.019 0.203 0.600 
  26 G _   0.012 0.153 0.001 0.011 0.007 0.021 0.197 0.599 
  27 S _   0.013 0.158 0.001 0.014 0.010 0.023 0.189 0.591 
  28 F _   0.015 0.166 0.001 0.019 0.013 0.025 0.182 0.578 
  29 G _   0.017 0.178 0.001 0.026 0.016 0.027 0.175 0.559 
  30 D _   0.019 0.189 0.001 0.034 0.019 0.029 0.168 0.541 
  31 V _   0.020 0.198 0.002 0.041 0.021 0.029 0.163 0.527 
  32 Y _   0.020 0.203 0.002 0.047 0.021 0.028 0.158 0.520 
  33 L _   0.020 0.203 0.002 0.049 0.021 0.027 0.155 0.524 
  34 G _   0.020 0.197 0.002 0.047 0.019 0.025 0.153 0.537 
  35 I _   0.019 0.185 0.002 0.043 0.017 0.023 0.151 0.561 
  36 T _   0.017 0.163 0.001 0.036 0.014 0.020 0.151 0.598 
  37 T _   0.015 0.133 0.001 0.028 0.011 0.018 0.151 0.643 
  38 T _   0.013 0.101 0.001 0.020 0.009 0.015 0.151 0.690 
  39 N _   0.011 0.073 0.001 0.015 0.006 0.014 0.151 0.729 
  40 G _   0.010 0.054 0.001 0.011 0.005 0.012 0.151 0.758 
  41 E _   0.009 0.042 0.000 0.009 0.004 0.011 0.150 0.775 
  42 D _   0.008 0.035 0.000 0.008 0.003 0.010 0.149 0.786 
  43 V _   0.008 0.031 0.000 0.009 0.003 0.010 0.148 0.792 
  44 A _   0.008 0.028 0.000 0.010 0.003 0.010 0.146 0.795 
  45 V _   0.007 0.026 0.000 0.011 0.004 0.010 0.144 0.798 
  46 K _   0.007 0.024 0.000 0.012 0.004 0.010 0.143 0.801 
  47 L _   0.007 0.022 0.000 0.012 0.004 0.010 0.141 0.805 
  48 E _   0.007 0.019 0.000 0.012 0.004 0.010 0.139 0.810 
  49 S _   0.006 0.017 0.000 0.010 0.004 0.009 0.137 0.816 
  50 Q _   0.006 0.014 0.000 0.009 0.003 0.009 0.135 0.823 
  51 K _   0.006 0.012 0.000 0.008 0.003 0.010 0.133 0.828 
  52 V _   0.007 0.010 0.000 0.007 0.003 0.010 0.131 0.832 
  53 K _   0.007 0.009 0.000 0.006 0.003 0.011 0.129 0.834 
  54 H _   0.008 0.008 0.000 0.006 0.003 0.013 0.127 0.835 
  55 P _   0.010 0.008 0.000 0.006 0.004 0.015 0.124 0.833 
  56 Q _   0.012 0.008 0.000 0.006 0.004 0.018 0.121 0.830 
  57 L _   0.015 0.010 0.001 0.007 0.005 0.021 0.118 0.823 
  58 L _   0.020 0.011 0.001 0.008 0.007 0.026 0.114 0.813 
  59 Y _   0.027 0.015 0.001 0.009 0.010 0.031 0.110 0.798 
  60 E _   0.034 0.019 0.001 0.011 0.014 0.038 0.105 0.778 
  61 S _   0.044 0.027 0.001 0.013 0.019 0.044 0.101 0.751 
  62 K _   0.055 0.037 0.002 0.017 0.025 0.050 0.096 0.718 
  63 L _   0.065 0.050 0.002 0.020 0.031 0.055 0.092 0.684 
  64 Y _   0.075 0.064 0.002 0.024 0.037 0.059 0.088 0.652 
  65 T _   0.082 0.077 0.002 0.027 0.040 0.061 0.085 0.625 
  66 I _   0.087 0.088 0.002 0.030 0.042 0.061 0.083 0.606 
  67 L _   0.090 0.096 0.002 0.032 0.043 0.060 0.081 0.596 
  68 Q _   0.091 0.101 0.002 0.033 0.042 0.058 0.080 0.594 
  69 G _   0.089 0.104 0.002 0.033 0.040 0.056 0.079 0.598 
  70 G _   0.086 0.105 0.002 0.032 0.037 0.052 0.079 0.606 
  71 V _   0.080 0.104 0.002 0.032 0.033 0.049 0.079 0.620 
  72 G _   0.073 0.102 0.002 0.033 0.029 0.044 0.079 0.637 
  73 I _   0.065 0.097 0.002 0.033 0.025 0.040 0.080 0.657 
  74 P _   0.057 0.090 0.002 0.032 0.021 0.035 0.082 0.682 
  75 H _   0.047 0.080 0.001 0.030 0.017 0.030 0.084 0.711 
  76 M _   0.038 0.067 0.001 0.026 0.013 0.025 0.086 0.744 
  77 H _   0.029 0.052 0.001 0.021 0.009 0.020 0.088 0.779 
  78 W _   0.022 0.036 0.001 0.016 0.007 0.016 0.089 0.814 
  79 Y _   0.016 0.023 0.001 0.011 0.004 0.012 0.090 0.843 
  80 G _   0.012 0.013 0.000 0.007 0.003 0.010 0.091 0.865 
  81 Q _   0.009 0.008 0.000 0.004 0.002 0.008 0.090 0.879 
  82 E _   0.007 0.005 0.000 0.003 0.002 0.007 0.090 0.886 
  83 K _   0.006 0.005 0.000 0.003 0.001 0.007 0.089 0.889 
  84 D _   0.006 0.005 0.000 0.003 0.002 0.008 0.088 0.889 
  85 N _   0.007 0.006 0.000 0.005 0.003 0.010 0.086 0.883 
  86 N _   0.009 0.011 0.000 0.008 0.004 0.013 0.083 0.872 
  87 V _   0.010 0.019 0.001 0.015 0.006 0.016 0.080 0.852 
  88 L _   0.012 0.031 0.001 0.024 0.009 0.020 0.076 0.827 
  89 V _   0.014 0.043 0.001 0.034 0.012 0.022 0.073 0.802 
  90 M _   0.014 0.051 0.001 0.041 0.014 0.024 0.070 0.784 
  91 D _   0.015 0.055 0.001 0.045 0.015 0.025 0.067 0.776 
  92 L _   0.015 0.056 0.001 0.045 0.015 0.025 0.065 0.777 
  93 L _   0.015 0.054 0.001 0.041 0.014 0.025 0.063 0.786 
  94 G _   0.015 0.049 0.001 0.035 0.013 0.024 0.062 0.800 
  95 P _   0.016 0.041 0.001 0.028 0.012 0.023 0.061 0.818 
  96 S _   0.017 0.031 0.001 0.021 0.010 0.022 0.061 0.838 
  97 L _   0.019 0.021 0.001 0.015 0.008 0.022 0.060 0.855 
  98 E _   0.022 0.013 0.001 0.010 0.007 0.021 0.060 0.866 
  99 D _   0.026 0.007 0.001 0.008 0.006 0.021 0.059 0.872 
 100 L _   0.031 0.004 0.001 0.006 0.005 0.022 0.058 0.873 
 101 F _   0.039 0.002 0.001 0.005 0.005 0.023 0.057 0.868 
 102 N _   0.051 0.001 0.001 0.004 0.006 0.025 0.055 0.857 
 103 F _   0.067 0.001 0.001 0.004 0.007 0.028 0.054 0.840 
 104 C _   0.088 0.000 0.001 0.004 0.009 0.031 0.052 0.815 
 105 S _   0.114 0.000 0.001 0.004 0.011 0.035 0.050 0.784 
 106 R _   0.144 0.000 0.001 0.004 0.015 0.040 0.048 0.747 
 107 R _   0.179 0.000 0.001 0.005 0.020 0.045 0.046 0.704 
 108 F _   0.215 0.000 0.002 0.005 0.027 0.049 0.044 0.657 
 109 T _   0.250 0.001 0.002 0.006 0.033 0.053 0.043 0.613 
 110 M _   0.280 0.001 0.002 0.008 0.038 0.055 0.042 0.574 
 111 K _   0.303 0.002 0.002 0.010 0.042 0.055 0.042 0.545 
 112 T _   0.319 0.002 0.002 0.011 0.044 0.055 0.042 0.526 
 113 V _   0.327 0.002 0.002 0.011 0.043 0.053 0.043 0.519 
 114 L _   0.326 0.002 0.002 0.011 0.040 0.050 0.044 0.524 
 115 M _   0.319 0.002 0.002 0.010 0.036 0.047 0.045 0.540 
 116 L _   0.304 0.001 0.002 0.008 0.031 0.043 0.047 0.564 
 117 A _   0.283 0.001 0.002 0.006 0.025 0.040 0.049 0.594 
 118 D _   0.258 0.001 0.001 0.005 0.020 0.037 0.051 0.627 
 119 Q _   0.230 0.000 0.001 0.005 0.017 0.034 0.053 0.660 
 120 M _   0.203 0.000 0.001 0.004 0.014 0.032 0.056 0.689 
 121 I _   0.177 0.001 0.001 0.005 0.013 0.031 0.059 0.715 
 122 S _   0.152 0.001 0.001 0.006 0.012 0.030 0.061 0.736 
 123 R _   0.131 0.002 0.001 0.008 0.012 0.029 0.064 0.754 
 124 I _   0.110 0.002 0.001 0.011 0.012 0.028 0.067 0.769 
 125 E _   0.091 0.004 0.001 0.013 0.012 0.026 0.070 0.783 
 126 Y _   0.075 0.005 0.001 0.016 0.012 0.025 0.073 0.794 
 127 V _   0.060 0.006 0.001 0.018 0.011 0.023 0.076 0.805 
 128 H _   0.048 0.006 0.001 0.018 0.010 0.021 0.079 0.816 
 129 T _   0.038 0.007 0.001 0.018 0.009 0.018 0.081 0.828 
 130 K _   0.030 0.006 0.001 0.016 0.008 0.016 0.085 0.838 
 131 N _   0.023 0.006 0.001 0.014 0.006 0.014 0.088 0.848 
 132 F _   0.018 0.005 0.001 0.012 0.005 0.012 0.090 0.858 
 133 L _   0.014 0.004 0.000 0.009 0.004 0.010 0.093 0.866 
 134 H _   0.011 0.004 0.000 0.007 0.003 0.008 0.095 0.872 
 135 R _   0.009 0.004 0.000 0.005 0.002 0.007 0.096 0.876 
 136 D _   0.007 0.004 0.000 0.004 0.002 0.007 0.097 0.879 
 137 I _   0.006 0.004 0.000 0.004 0.002 0.007 0.098 0.879 
 138 K _   0.006 0.005 0.000 0.004 0.002 0.007 0.098 0.877 
 139 P _   0.006 0.007 0.000 0.005 0.002 0.008 0.098 0.872 
 140 D _   0.007 0.012 0.000 0.007 0.003 0.010 0.098 0.863 
 141 N _   0.007 0.018 0.000 0.010 0.004 0.011 0.097 0.851 
 142 F _   0.008 0.027 0.001 0.012 0.005 0.013 0.097 0.837 
 143 L _   0.008 0.037 0.001 0.015 0.006 0.015 0.096 0.822 
 144 M _   0.009 0.047 0.001 0.017 0.007 0.017 0.095 0.808 
 145 G _   0.010 0.055 0.001 0.017 0.007 0.019 0.094 0.796 
 146 T _   0.011 0.063 0.001 0.017 0.008 0.021 0.093 0.787 
 147 G _   0.012 0.070 0.001 0.016 0.008 0.023 0.093 0.776 
 148 R _   0.015 0.078 0.001 0.015 0.010 0.026 0.092 0.763 
 149 H _   0.018 0.087 0.001 0.016 0.012 0.030 0.091 0.745 
 150 C _   0.022 0.100 0.001 0.017 0.015 0.034 0.091 0.719 
 151 N _   0.027 0.118 0.001 0.021 0.020 0.037 0.090 0.684 
 152 K _   0.032 0.143 0.002 0.028 0.025 0.040 0.090 0.641 
 153 L _   0.036 0.170 0.002 0.037 0.029 0.042 0.089 0.596 
 154 F _   0.039 0.194 0.002 0.047 0.030 0.041 0.090 0.557 
 155 L _   0.040 0.209 0.002 0.056 0.031 0.040 0.092 0.531 
 156 I _   0.040 0.217 0.002 0.061 0.029 0.038 0.094 0.520 
 157 D _   0.038 0.217 0.002 0.062 0.027 0.035 0.097 0.523 
 158 F _   0.036 0.209 0.002 0.058 0.024 0.031 0.101 0.539 
 159 G _   0.033 0.192 0.002 0.050 0.020 0.027 0.107 0.570 
 160 L _   0.029 0.161 0.002 0.040 0.016 0.023 0.113 0.616 
 161 A _   0.026 0.119 0.001 0.028 0.011 0.019 0.120 0.674 
 162 K _   0.023 0.076 0.001 0.019 0.008 0.016 0.127 0.731 
 163 K _   0.018 0.044 0.001 0.011 0.005 0.013 0.132 0.776 
 164 Y _   0.015 0.025 0.000 0.007 0.003 0.010 0.136 0.803 
 165 R _   0.011 0.016 0.000 0.005 0.002 0.008 0.139 0.818 
 166 D _   0.009 0.012 0.000 0.004 0.002 0.007 0.141 0.824 
 167 N _   0.008 0.011 0.000 0.004 0.002 0.007 0.142 0.826 
 168 R _   0.007 0.011 0.000 0.005 0.002 0.007 0.142 0.826 
 169 T _   0.007 0.011 0.000 0.006 0.002 0.007 0.143 0.824 
 170 R _   0.007 0.012 0.000 0.007 0.002 0.007 0.142 0.821 
 171 Q _   0.006 0.014 0.000 0.009 0.003 0.008 0.141 0.820 
 172 H _   0.006 0.016 0.000 0.009 0.003 0.008 0.140 0.819 
 173 I _   0.005 0.017 0.000 0.009 0.003 0.008 0.139 0.819 
 174 P _   0.005 0.019 0.000 0.009 0.003 0.008 0.137 0.820 
 175 Y _   0.005 0.022 0.000 0.008 0.003 0.008 0.135 0.820 
 176 R _   0.005 0.025 0.000 0.008 0.003 0.008 0.132 0.818 
 177 E _   0.005 0.029 0.000 0.008 0.003 0.010 0.130 0.814 
 178 D _   0.006 0.037 0.000 0.009 0.004 0.011 0.127 0.805 
 179 K _   0.007 0.049 0.001 0.012 0.005 0.013 0.124 0.789 
 180 H _   0.008 0.068 0.001 0.016 0.007 0.016 0.120 0.764 
 181 L _   0.009 0.095 0.001 0.021 0.009 0.018 0.116 0.731 
 182 I _   0.010 0.126 0.001 0.026 0.011 0.020 0.111 0.694 
 183 G _   0.011 0.156 0.001 0.031 0.013 0.022 0.107 0.660 
 184 T _   0.012 0.179 0.001 0.034 0.013 0.023 0.104 0.634 
 185 V _   0.012 0.197 0.001 0.036 0.014 0.023 0.101 0.616 
 186 R _   0.012 0.208 0.001 0.036 0.014 0.024 0.099 0.605 
 187 Y _   0.013 0.216 0.001 0.036 0.015 0.024 0.097 0.598 
 188 A _   0.013 0.221 0.001 0.036 0.015 0.024 0.096 0.594 
 189 S _   0.014 0.222 0.001 0.036 0.015 0.024 0.095 0.593 
 190 I _   0.014 0.222 0.001 0.036 0.015 0.024 0.095 0.593 
 191 N _   0.015 0.220 0.001 0.036 0.015 0.023 0.096 0.595 
 192 A _   0.015 0.215 0.001 0.037 0.014 0.022 0.096 0.600 
 193 H _   0.015 0.206 0.001 0.036 0.013 0.021 0.098 0.610 
 194 L _   0.015 0.191 0.001 0.035 0.012 0.019 0.100 0.627 
 195 G _   0.014 0.170 0.001 0.031 0.010 0.017 0.102 0.653 
 196 I _   0.014 0.141 0.001 0.026 0.009 0.016 0.105 0.689 
 197 E _   0.013 0.105 0.001 0.020 0.007 0.014 0.108 0.732 
 198 Q _   0.011 0.070 0.001 0.014 0.006 0.013 0.110 0.775 
 199 S _   0.010 0.042 0.001 0.009 0.004 0.011 0.112 0.811 
 200 R _   0.009 0.026 0.000 0.005 0.003 0.011 0.113 0.832 
 201 R _   0.008 0.019 0.000 0.003 0.002 0.011 0.114 0.842 
 202 D _   0.009 0.017 0.000 0.003 0.002 0.012 0.113 0.844 
 203 D _   0.011 0.018 0.000 0.003 0.003 0.015 0.113 0.838 
 204 M _   0.014 0.023 0.001 0.006 0.005 0.019 0.111 0.821 
 205 E _   0.018 0.037 0.001 0.012 0.009 0.025 0.109 0.789 
 206 S _   0.023 0.067 0.001 0.023 0.015 0.030 0.106 0.735 
 207 L _   0.025 0.106 0.002 0.037 0.021 0.034 0.103 0.672 
 208 G _   0.026 0.140 0.002 0.050 0.024 0.037 0.100 0.621 
 209 Y _   0.026 0.161 0.002 0.059 0.026 0.037 0.099 0.590 
 210 V _   0.026 0.171 0.002 0.063 0.025 0.036 0.098 0.578 
 211 F _   0.025 0.173 0.002 0.061 0.024 0.035 0.099 0.582 
 212 M _   0.024 0.168 0.002 0.053 0.021 0.032 0.100 0.601 
 213 Y _   0.022 0.156 0.002 0.042 0.018 0.029 0.101 0.631 
 214 F _   0.020 0.137 0.001 0.029 0.014 0.026 0.103 0.669 
 215 N _   0.019 0.116 0.001 0.019 0.011 0.024 0.105 0.705 
 216 R _   0.017 0.100 0.001 0.013 0.008 0.022 0.107 0.732 
 217 T _   0.016 0.091 0.001 0.009 0.006 0.021 0.109 0.747 
 218 S _   0.015 0.087 0.001 0.009 0.006 0.021 0.110 0.753 
 219 L _   0.015 0.087 0.001 0.010 0.006 0.021 0.111 0.750 
 220 P _   0.016 0.090 0.001 0.014 0.007 0.021 0.111 0.740 
 221 W _   0.016 0.095 0.001 0.020 0.009 0.021 0.112 0.726 
 222 Q _   0.016 0.101 0.001 0.026 0.010 0.021 0.112 0.712 
 223 G _   0.016 0.104 0.001 0.032 0.011 0.021 0.114 0.702 
 224 L _   0.015 0.105 0.001 0.035 0.011 0.019 0.115 0.698 
 225 R _   0.014 0.103 0.001 0.035 0.011 0.018 0.117 0.701 
 226 A _   0.013 0.097 0.001 0.033 0.010 0.016 0.120 0.711 
 227 M _   0.012 0.086 0.001 0.028 0.008 0.014 0.123 0.727 
 228 T _   0.011 0.072 0.001 0.022 0.007 0.012 0.127 0.748 
 229 K _   0.010 0.055 0.001 0.017 0.005 0.011 0.131 0.770 
 230 K _   0.009 0.040 0.001 0.012 0.004 0.009 0.135 0.791 
 231 Q _   0.008 0.028 0.000 0.009 0.003 0.008 0.138 0.806 
 232 K _   0.007 0.020 0.000 0.007 0.002 0.007 0.140 0.817 
 233 Y _   0.006 0.015 0.000 0.005 0.002 0.006 0.142 0.823 
 234 E _   0.006 0.012 0.000 0.005 0.002 0.006 0.143 0.827 
 235 K _   0.005 0.010 0.000 0.004 0.002 0.006 0.144 0.828 
 236 I _   0.005 0.010 0.000 0.004 0.002 0.006 0.144 0.828 
 237 S _   0.005 0.010 0.000 0.005 0.002 0.007 0.143 0.827 
 238 E _   0.006 0.011 0.000 0.006 0.002 0.008 0.142 0.825 
 239 K _   0.006 0.013 0.000 0.007 0.003 0.009 0.141 0.821 
 240 K _   0.006 0.016 0.000 0.008 0.003 0.011 0.140 0.815 
 241 M _   0.007 0.020 0.001 0.010 0.004 0.013 0.138 0.807 
 242 S _   0.008 0.026 0.001 0.012 0.005 0.015 0.136 0.798 
 243 T _   0.009 0.033 0.001 0.014 0.006 0.018 0.134 0.786 
 244 P _   0.010 0.041 0.001 0.016 0.008 0.020 0.132 0.772 
 245 V _   0.012 0.050 0.001 0.019 0.010 0.023 0.130 0.756 
 246 E _   0.014 0.058 0.001 0.021 0.011 0.027 0.128 0.740 
 247 V _   0.016 0.066 0.001 0.022 0.013 0.030 0.126 0.726 
 248 L _   0.019 0.073 0.001 0.023 0.014 0.033 0.125 0.713 
 249 C _   0.021 0.079 0.001 0.023 0.016 0.036 0.124 0.700 
 250 K _   0.024 0.084 0.001 0.023 0.018 0.038 0.123 0.688 
 251 G _   0.027 0.088 0.001 0.024 0.021 0.041 0.122 0.677 
 252 F _   0.030 0.092 0.001 0.024 0.022 0.043 0.121 0.665 
 253 P _   0.033 0.095 0.001 0.024 0.024 0.045 0.122 0.655 
 254 A _   0.037 0.099 0.002 0.025 0.026 0.046 0.122 0.644 
 255 E _   0.039 0.101 0.002 0.027 0.027 0.046 0.123 0.636 
 256 F _   0.041 0.103 0.002 0.028 0.027 0.045 0.125 0.630 
 257 A _   0.041 0.103 0.002 0.029 0.027 0.044 0.127 0.627 
 258 M _   0.041 0.101 0.002 0.030 0.026 0.042 0.129 0.629 
 259 Y _   0.041 0.098 0.002 0.029 0.024 0.039 0.132 0.636 
 260 L _   0.039 0.092 0.002 0.028 0.022 0.037 0.136 0.644 
 261 N _   0.037 0.085 0.002 0.027 0.020 0.034 0.140 0.656 
 262 Y _   0.036 0.076 0.001 0.025 0.018 0.031 0.145 0.669 
 263 C _   0.034 0.064 0.001 0.022 0.015 0.029 0.150 0.685 
 264 R _   0.032 0.052 0.001 0.020 0.013 0.026 0.155 0.702 
 265 G _   0.029 0.039 0.001 0.016 0.010 0.023 0.161 0.719 
 266 L _   0.028 0.027 0.001 0.013 0.008 0.021 0.167 0.735 
 267 R _   0.026 0.016 0.001 0.009 0.006 0.019 0.172 0.750 
 268 F _   0.025 0.008 0.001 0.007 0.005 0.018 0.177 0.760 
 269 E _   0.025 0.004 0.000 0.004 0.004 0.018 0.181 0.764 
 270 E _   0.027 0.001 0.000 0.003 0.003 0.018 0.184 0.763 
 271 V _   0.031 0.001 0.000 0.002 0.003 0.020 0.186 0.756 
 272 P _   0.039 0.000 0.000 0.002 0.004 0.023 0.189 0.742 
 273 D _   0.052 0.000 0.001 0.002 0.006 0.028 0.191 0.720 
 274 Y _   0.071 0.001 0.001 0.003 0.009 0.035 0.193 0.688 
 275 M _   0.093 0.002 0.001 0.005 0.016 0.044 0.195 0.645 
 276 Y _   0.116 0.005 0.002 0.008 0.026 0.053 0.197 0.594 
 277 L _   0.136 0.011 0.002 0.013 0.038 0.061 0.201 0.539 
 278 R _   0.152 0.020 0.003 0.019 0.050 0.067 0.205 0.485 
 279 Q _   0.163 0.030 0.003 0.026 0.059 0.070 0.210 0.439 
 280 L _   0.168 0.038 0.003 0.033 0.064 0.070 0.218 0.406 
 281 F _   0.168 0.043 0.003 0.038 0.065 0.068 0.227 0.387 
 282 R _   0.163 0.045 0.003 0.041 0.063 0.064 0.239 0.382 
 283 I _   0.153 0.045 0.003 0.040 0.057 0.058 0.253 0.391 
 284 L _   0.139 0.041 0.003 0.036 0.048 0.052 0.270 0.412 
 285 F _   0.121 0.034 0.003 0.030 0.037 0.044 0.289 0.442 
 286 R _   0.100 0.025 0.002 0.022 0.027 0.037 0.309 0.479 
 287 T _   0.079 0.016 0.002 0.015 0.017 0.030 0.328 0.514 
 288 L _   0.060 0.008 0.001 0.009 0.011 0.024 0.345 0.541 
 289 N _   0.045 0.004 0.001 0.005 0.007 0.019 0.359 0.560 
 290 H _   0.033 0.002 0.000 0.004 0.004 0.016 0.371 0.569 
 291 Q _   0.025 0.002 0.000 0.003 0.003 0.014 0.381 0.571 
 292 Y _   0.020 0.002 0.000 0.003 0.003 0.013 0.390 0.568 
 293 D _   0.017 0.003 0.000 0.004 0.003 0.013 0.398 0.561 
 294 Y _   0.016 0.004 0.000 0.006 0.004 0.014 0.406 0.550 
 295 T _   0.015 0.007 0.001 0.009 0.005 0.014 0.414 0.535 
 296 F _   0.014 0.011 0.001 0.013 0.007 0.015 0.422 0.518 
 297 D _   0.013 0.016 0.001 0.017 0.008 0.016 0.430 0.500 
 298 W _   0.012 0.020 0.001 0.020 0.008 0.015 0.439 0.485 
 299 T _   0.011 0.022 0.001 0.022 0.008 0.015 0.449 0.472 
 300 M _   0.010 0.024 0.001 0.022 0.008 0.014 0.460 0.461 
 301 L X   0.009 0.024 0.001 0.021 0.007 0.014 0.472 0.453 
 302 K X   0.008 0.024 0.001 0.019 0.007 0.013 0.484 0.445 
 303 Q X   0.008 0.023 0.001 0.017 0.006 0.012 0.498 0.436 
 304 K X   0.007 0.022 0.001 0.015 0.005 0.011 0.512 0.427 
 305 A X   0.007 0.021 0.001 0.013 0.005 0.010 0.526 0.417 
 306 A X   0.006 0.020 0.001 0.012 0.004 0.010 0.541 0.405 
 307 Q X   0.006 0.019 0.001 0.012 0.004 0.009 0.556 0.393 
 308 Q X   0.006 0.019 0.000 0.012 0.004 0.008 0.572 0.379 
 309 A X   0.005 0.018 0.000 0.011 0.004 0.008 0.587 0.366 
 310 A X   0.005 0.017 0.000 0.011 0.004 0.008 0.602 0.353 
 311 S X   0.005 0.016 0.000 0.010 0.003 0.007 0.617 0.340 
 312 S X   0.005 0.015 0.000 0.010 0.003 0.007 0.633 0.327 
 313 S X   0.004 0.014 0.000 0.010 0.003 0.007 0.648 0.313 
 314 G X   0.004 0.014 0.000 0.010 0.003 0.007 0.663 0.299 
 315 Q X   0.004 0.013 0.000 0.010 0.003 0.007 0.679 0.283 
 316 G X   0.004 0.013 0.000 0.011 0.003 0.007 0.695 0.266 
 317 Q X   0.004 0.012 0.000 0.012 0.003 0.007 0.712 0.249 
 318 Q X   0.004 0.011 0.000 0.013 0.003 0.007 0.729 0.231 
 319 A X   0.004 0.011 0.000 0.014 0.004 0.007 0.747 0.213 
 320 Q X   0.004 0.010 0.000 0.014 0.003 0.007 0.766 0.196 
 321 T X   0.004 0.009 0.000 0.013 0.003 0.006 0.785 0.179 
 322 Q X   0.003 0.007 0.000 0.012 0.003 0.006 0.805 0.163 
 323 T X   0.003 0.006 0.000 0.011 0.003 0.005 0.825 0.148 
 324 G X   0.003 0.005 0.000 0.009 0.002 0.004 0.843 0.133 
 325 K X   0.002 0.004 0.000 0.007 0.002 0.004 0.861 0.120 
 326 Q X   0.002 0.002 0.000 0.006 0.001 0.003 0.878 0.107 
 327 T X   0.002 0.002 0.000 0.004 0.001 0.002 0.892 0.096 
 328 E X   0.001 0.001 0.000 0.003 0.001 0.002 0.904 0.088 
 329 K X   0.001 0.001 0.000 0.002 0.001 0.001 0.913 0.081 
 330 N X   0.001 0.000 0.000 0.002 0.000 0.001 0.920 0.075 
 331 K X   0.001 0.000 0.000 0.001 0.000 0.001 0.926 0.071 
 332 N X   0.000 0.000 0.000 0.001 0.000 0.001 0.930 0.068 
 333 N X   0.000 0.000 0.000 0.001 0.000 0.000 0.933 0.065 
 334 V X   0.000 0.000 0.000 0.000 0.000 0.000 0.935 0.064 
 335 K X   0.000 0.000 0.000 0.000 0.000 0.000 0.934 0.065 
 336 D X   0.000 0.000 0.000 0.001 0.000 0.000 0.930 0.068 
 337 N X   0.001 0.000 0.001 0.008 0.002 0.002 0.913 0.074 
