#TopoPred_TM8: 8-state transmembrane topology prediction results by no_profile mode 
#probabilities are in the order of H E C I L F X _, the 8 transmembrane topology types used in PDBTM 
   1 M X   0.010 0.001 0.002 0.036 0.007 0.007 0.821 0.116 
   2 P X   0.003 0.000 0.000 0.016 0.001 0.003 0.842 0.134 
   3 P X   0.001 0.000 0.000 0.006 0.000 0.001 0.847 0.145 
   4 K X   0.000 0.000 0.000 0.003 0.000 0.001 0.844 0.150 
   5 R X   0.001 0.001 0.000 0.003 0.000 0.002 0.840 0.154 
   6 N X   0.001 0.001 0.000 0.004 0.001 0.003 0.831 0.160 
   7 E X   0.002 0.002 0.000 0.005 0.001 0.004 0.820 0.166 
   8 K X   0.002 0.005 0.000 0.008 0.002 0.006 0.803 0.174 
   9 Y X   0.003 0.011 0.000 0.013 0.003 0.008 0.779 0.183 
  10 K X   0.003 0.018 0.001 0.020 0.004 0.009 0.750 0.195 
  11 L X   0.003 0.027 0.001 0.027 0.005 0.011 0.719 0.207 
  12 P X   0.003 0.036 0.001 0.032 0.006 0.011 0.690 0.221 
  13 I X   0.003 0.042 0.001 0.034 0.006 0.011 0.665 0.237 
  14 P X   0.003 0.046 0.001 0.034 0.006 0.011 0.645 0.254 
  15 F X   0.003 0.048 0.001 0.032 0.006 0.010 0.628 0.272 
  16 P X   0.003 0.048 0.001 0.028 0.005 0.010 0.614 0.291 
  17 E X   0.003 0.048 0.001 0.023 0.004 0.009 0.602 0.310 
  18 G X   0.003 0.047 0.000 0.019 0.004 0.008 0.590 0.329 
  19 K X   0.003 0.045 0.000 0.014 0.003 0.008 0.580 0.347 
  20 V X   0.003 0.043 0.000 0.011 0.003 0.007 0.569 0.363 
  21 L X   0.003 0.042 0.000 0.009 0.002 0.007 0.559 0.378 
  22 D X   0.003 0.041 0.000 0.007 0.002 0.007 0.548 0.391 
  23 D X   0.003 0.042 0.000 0.007 0.002 0.007 0.536 0.403 
  24 M X   0.003 0.044 0.000 0.007 0.002 0.008 0.522 0.413 
  25 E X   0.004 0.047 0.000 0.008 0.003 0.008 0.508 0.422 
  26 G X   0.004 0.052 0.000 0.010 0.003 0.010 0.492 0.429 
  27 N X   0.005 0.059 0.001 0.012 0.004 0.011 0.475 0.434 
  28 Q X   0.005 0.067 0.001 0.014 0.005 0.013 0.456 0.439 
  29 W _   0.005 0.078 0.001 0.015 0.006 0.015 0.437 0.443 
  30 V _   0.006 0.090 0.001 0.017 0.007 0.017 0.418 0.444 
  31 L _   0.007 0.103 0.001 0.018 0.008 0.020 0.398 0.445 
  32 G _   0.008 0.117 0.001 0.019 0.009 0.023 0.378 0.444 
  33 K _   0.010 0.134 0.001 0.020 0.011 0.026 0.358 0.439 
  34 K _   0.013 0.155 0.001 0.021 0.015 0.030 0.338 0.428 
  35 I _   0.015 0.182 0.002 0.024 0.019 0.034 0.316 0.408 
  36 G _   0.018 0.217 0.002 0.028 0.024 0.037 0.294 0.378 
  37 S _   0.020 0.261 0.002 0.035 0.029 0.039 0.272 0.340 
  38 G E   0.022 0.311 0.003 0.043 0.033 0.040 0.252 0.298 
  39 G E   0.022 0.355 0.002 0.051 0.033 0.038 0.236 0.263 
  40 F E   0.022 0.385 0.002 0.059 0.032 0.036 0.225 0.239 
  41 G E   0.022 0.402 0.002 0.065 0.030 0.034 0.217 0.229 
  42 L E   0.021 0.409 0.002 0.068 0.027 0.031 0.212 0.230 
  43 I E   0.020 0.406 0.002 0.067 0.025 0.028 0.209 0.243 
  44 Y E   0.020 0.393 0.002 0.063 0.022 0.025 0.208 0.268 
  45 L E   0.018 0.363 0.002 0.056 0.019 0.022 0.208 0.313 
  46 A _   0.017 0.309 0.002 0.046 0.015 0.019 0.209 0.382 
  47 F _   0.017 0.233 0.002 0.034 0.012 0.016 0.212 0.474 
  48 P _   0.015 0.152 0.001 0.024 0.009 0.014 0.215 0.570 
  49 T _   0.013 0.088 0.001 0.014 0.006 0.011 0.218 0.650 
  50 N _   0.010 0.050 0.000 0.008 0.003 0.009 0.218 0.701 
  51 K _   0.007 0.033 0.000 0.005 0.002 0.007 0.218 0.729 
  52 P _   0.006 0.026 0.000 0.003 0.001 0.006 0.215 0.743 
  53 E _   0.005 0.024 0.000 0.003 0.001 0.006 0.212 0.749 
  54 K _   0.005 0.024 0.000 0.003 0.001 0.006 0.208 0.751 
  55 D _   0.005 0.028 0.000 0.005 0.002 0.008 0.202 0.749 
  56 A _   0.006 0.036 0.000 0.009 0.003 0.010 0.195 0.741 
  57 R _   0.006 0.051 0.001 0.016 0.005 0.012 0.185 0.725 
  58 H _   0.007 0.070 0.001 0.023 0.007 0.013 0.174 0.705 
  59 V _   0.007 0.090 0.001 0.029 0.008 0.015 0.164 0.686 
  60 V _   0.007 0.106 0.001 0.035 0.009 0.015 0.155 0.673 
  61 K _   0.007 0.116 0.001 0.037 0.009 0.015 0.148 0.668 
  62 V _   0.007 0.122 0.001 0.036 0.009 0.015 0.142 0.669 
  63 E _   0.006 0.123 0.001 0.033 0.008 0.015 0.137 0.676 
  64 Y _   0.006 0.122 0.001 0.028 0.007 0.014 0.133 0.688 
  65 Q _   0.006 0.120 0.001 0.023 0.007 0.014 0.129 0.700 
  66 E _   0.007 0.116 0.001 0.019 0.006 0.014 0.127 0.712 
  67 N _   0.007 0.112 0.001 0.015 0.005 0.014 0.124 0.722 
  68 G _   0.007 0.109 0.001 0.014 0.005 0.014 0.121 0.728 
  69 P _   0.008 0.108 0.001 0.014 0.005 0.014 0.119 0.731 
  70 L _   0.009 0.108 0.001 0.015 0.006 0.015 0.116 0.730 
  71 F _   0.010 0.109 0.001 0.017 0.007 0.016 0.113 0.727 
  72 S _   0.010 0.111 0.001 0.020 0.008 0.017 0.111 0.723 
  73 E _   0.011 0.111 0.001 0.024 0.009 0.017 0.108 0.720 
  74 L _   0.011 0.110 0.001 0.026 0.009 0.017 0.106 0.721 
  75 K _   0.011 0.106 0.001 0.026 0.009 0.016 0.104 0.727 
  76 F _   0.011 0.100 0.001 0.025 0.008 0.015 0.103 0.737 
  77 Y _   0.010 0.091 0.001 0.022 0.008 0.014 0.102 0.752 
  78 Q _   0.010 0.080 0.001 0.019 0.007 0.013 0.101 0.769 
  79 R _   0.010 0.068 0.001 0.015 0.006 0.012 0.100 0.788 
  80 V _   0.009 0.055 0.001 0.012 0.005 0.012 0.100 0.806 
  81 A _   0.009 0.046 0.001 0.009 0.004 0.011 0.099 0.821 
  82 K _   0.009 0.039 0.000 0.008 0.004 0.011 0.098 0.831 
  83 K _   0.009 0.035 0.000 0.007 0.004 0.011 0.097 0.836 
  84 D _   0.009 0.033 0.000 0.007 0.004 0.011 0.096 0.838 
  85 C _   0.010 0.032 0.000 0.009 0.004 0.012 0.095 0.837 
  86 I _   0.011 0.032 0.001 0.011 0.005 0.013 0.094 0.834 
  87 K _   0.011 0.033 0.001 0.013 0.006 0.014 0.092 0.831 
  88 K _   0.012 0.034 0.001 0.015 0.006 0.014 0.091 0.828 
  89 W _   0.012 0.034 0.001 0.016 0.007 0.015 0.090 0.827 
  90 I _   0.012 0.034 0.001 0.015 0.007 0.015 0.088 0.829 
  91 E _   0.012 0.033 0.001 0.014 0.006 0.014 0.087 0.833 
  92 R _   0.012 0.031 0.001 0.012 0.006 0.014 0.086 0.838 
  93 K _   0.012 0.029 0.001 0.010 0.005 0.015 0.085 0.843 
  94 Q _   0.012 0.028 0.001 0.009 0.005 0.015 0.084 0.846 
  95 L _   0.013 0.027 0.001 0.008 0.005 0.016 0.083 0.847 
  96 D _   0.014 0.028 0.001 0.008 0.006 0.017 0.082 0.844 
  97 Y _   0.016 0.030 0.001 0.009 0.007 0.019 0.081 0.838 
  98 L _   0.018 0.034 0.001 0.012 0.008 0.021 0.080 0.827 
  99 G _   0.020 0.040 0.001 0.016 0.010 0.023 0.079 0.812 
 100 I _   0.021 0.047 0.001 0.021 0.013 0.025 0.077 0.795 
 101 P _   0.022 0.054 0.001 0.026 0.015 0.026 0.076 0.779 
 102 L _   0.023 0.059 0.001 0.031 0.016 0.026 0.076 0.768 
 103 F _   0.022 0.062 0.001 0.034 0.016 0.026 0.075 0.763 
 104 Y _   0.021 0.062 0.001 0.035 0.016 0.025 0.075 0.764 
 105 G _   0.020 0.060 0.001 0.033 0.015 0.024 0.075 0.771 
 106 S _   0.018 0.056 0.001 0.029 0.013 0.023 0.076 0.784 
 107 G _   0.017 0.048 0.001 0.024 0.010 0.021 0.077 0.802 
 108 L _   0.016 0.040 0.001 0.018 0.008 0.019 0.078 0.820 
 109 T _   0.015 0.031 0.001 0.013 0.006 0.018 0.078 0.838 
 110 E _   0.014 0.024 0.001 0.009 0.005 0.017 0.079 0.851 
 111 F _   0.014 0.020 0.000 0.006 0.004 0.017 0.079 0.860 
 112 K _   0.015 0.018 0.000 0.005 0.004 0.018 0.079 0.861 
 113 G _   0.016 0.018 0.000 0.005 0.005 0.020 0.078 0.857 
 114 R _   0.020 0.021 0.001 0.006 0.006 0.023 0.078 0.845 
 115 S _   0.024 0.027 0.001 0.009 0.010 0.028 0.077 0.824 
 116 Y _   0.029 0.041 0.001 0.015 0.015 0.032 0.076 0.792 
 117 R _   0.032 0.061 0.002 0.023 0.020 0.036 0.075 0.751 
 118 F _   0.035 0.085 0.002 0.034 0.024 0.038 0.074 0.709 
 119 M _   0.035 0.104 0.002 0.043 0.027 0.039 0.073 0.676 
 120 V _   0.035 0.117 0.002 0.050 0.028 0.039 0.073 0.655 
 121 M _   0.035 0.124 0.002 0.053 0.027 0.037 0.074 0.648 
 122 E _   0.033 0.126 0.002 0.053 0.026 0.035 0.075 0.651 
 123 R _   0.031 0.123 0.002 0.049 0.023 0.032 0.077 0.664 
 124 L _   0.028 0.115 0.002 0.044 0.020 0.029 0.079 0.684 
 125 G _   0.025 0.103 0.001 0.037 0.016 0.026 0.082 0.709 
 126 I _   0.022 0.087 0.001 0.030 0.013 0.022 0.085 0.738 
 127 D _   0.020 0.069 0.001 0.023 0.010 0.019 0.089 0.768 
 128 L _   0.018 0.051 0.001 0.018 0.008 0.017 0.092 0.796 
 129 Q _   0.015 0.036 0.001 0.014 0.006 0.015 0.095 0.819 
 130 K _   0.013 0.024 0.001 0.011 0.005 0.013 0.097 0.837 
 131 I _   0.011 0.015 0.000 0.008 0.004 0.011 0.099 0.851 
 132 S _   0.010 0.009 0.000 0.006 0.003 0.010 0.101 0.861 
 133 G _   0.009 0.005 0.000 0.005 0.002 0.010 0.102 0.867 
 134 Q _   0.009 0.003 0.000 0.004 0.002 0.010 0.102 0.870 
 135 N _   0.011 0.001 0.000 0.003 0.002 0.011 0.102 0.869 
 136 G _   0.014 0.001 0.000 0.003 0.002 0.014 0.101 0.865 
 137 T _   0.020 0.001 0.000 0.003 0.003 0.018 0.100 0.855 
 138 F _   0.029 0.001 0.000 0.003 0.005 0.023 0.099 0.839 
 139 K _   0.045 0.001 0.001 0.004 0.008 0.031 0.097 0.813 
 140 K _   0.067 0.001 0.001 0.006 0.013 0.041 0.095 0.775 
 141 S _   0.093 0.003 0.001 0.009 0.022 0.052 0.093 0.727 
 142 T _   0.123 0.006 0.002 0.012 0.032 0.062 0.090 0.672 
 143 V _   0.152 0.010 0.002 0.016 0.044 0.070 0.089 0.617 
 144 L _   0.178 0.014 0.003 0.020 0.054 0.076 0.087 0.567 
 145 Q _   0.201 0.018 0.003 0.023 0.062 0.080 0.087 0.527 
 146 L _   0.217 0.020 0.003 0.025 0.067 0.080 0.087 0.500 
 147 G _   0.228 0.022 0.003 0.026 0.069 0.079 0.088 0.487 
 148 I _   0.232 0.022 0.003 0.024 0.067 0.076 0.089 0.487 
 149 R _   0.229 0.021 0.003 0.022 0.063 0.071 0.092 0.500 
 150 M _   0.220 0.019 0.003 0.021 0.056 0.065 0.095 0.520 
 151 L _   0.207 0.017 0.002 0.020 0.048 0.059 0.099 0.548 
 152 D _   0.187 0.015 0.002 0.018 0.039 0.052 0.104 0.582 
 153 V _   0.163 0.012 0.002 0.017 0.030 0.045 0.110 0.621 
 154 L _   0.136 0.010 0.002 0.015 0.023 0.038 0.116 0.660 
 155 E _   0.110 0.007 0.001 0.014 0.016 0.032 0.121 0.698 
 156 Y _   0.086 0.005 0.001 0.011 0.011 0.026 0.126 0.732 
 157 I _   0.065 0.004 0.001 0.009 0.008 0.021 0.131 0.761 
 158 H _   0.048 0.003 0.001 0.007 0.006 0.017 0.134 0.785 
 159 E _   0.034 0.002 0.000 0.005 0.004 0.014 0.138 0.803 
 160 N _   0.025 0.001 0.000 0.004 0.003 0.012 0.140 0.814 
 161 E _   0.018 0.001 0.000 0.004 0.003 0.010 0.142 0.821 
 162 Y _   0.015 0.002 0.000 0.003 0.002 0.010 0.143 0.824 
 163 V _   0.012 0.002 0.000 0.004 0.003 0.010 0.144 0.824 
 164 H _   0.011 0.004 0.000 0.005 0.003 0.011 0.145 0.820 
 165 G _   0.011 0.008 0.001 0.008 0.004 0.013 0.145 0.810 
 166 D _   0.012 0.016 0.001 0.012 0.006 0.015 0.145 0.794 
 167 I _   0.012 0.028 0.001 0.019 0.008 0.017 0.145 0.771 
 168 K _   0.013 0.042 0.001 0.027 0.010 0.018 0.145 0.745 
 169 A _   0.013 0.054 0.001 0.034 0.012 0.019 0.145 0.722 
 170 A _   0.013 0.063 0.001 0.040 0.013 0.019 0.146 0.705 
 171 N _   0.013 0.068 0.001 0.043 0.013 0.019 0.147 0.696 
 172 L _   0.012 0.069 0.001 0.042 0.012 0.018 0.150 0.696 
 173 L _   0.011 0.068 0.001 0.038 0.010 0.016 0.153 0.703 
 174 L _   0.010 0.063 0.001 0.031 0.008 0.014 0.157 0.715 
 175 G _   0.009 0.056 0.001 0.022 0.006 0.012 0.162 0.732 
 176 Y _   0.008 0.047 0.001 0.015 0.005 0.011 0.166 0.748 
 177 K _   0.008 0.040 0.000 0.010 0.003 0.009 0.170 0.760 
 178 N _   0.007 0.035 0.000 0.007 0.003 0.009 0.173 0.767 
 179 P _   0.007 0.033 0.000 0.005 0.002 0.009 0.175 0.769 
 180 D _   0.007 0.034 0.000 0.006 0.002 0.009 0.177 0.765 
 181 Q _   0.007 0.036 0.000 0.007 0.003 0.010 0.179 0.757 
 182 V _   0.008 0.042 0.000 0.011 0.004 0.012 0.180 0.742 
 183 Y _   0.009 0.052 0.001 0.018 0.006 0.014 0.181 0.720 
 184 L _   0.009 0.064 0.001 0.026 0.008 0.015 0.182 0.696 
 185 A _   0.009 0.074 0.001 0.034 0.009 0.016 0.183 0.674 
 186 D _   0.009 0.081 0.001 0.040 0.010 0.016 0.185 0.659 
 187 Y _   0.009 0.084 0.001 0.043 0.010 0.016 0.188 0.649 
 188 G _   0.009 0.085 0.001 0.043 0.010 0.015 0.192 0.646 
 189 L _   0.009 0.082 0.001 0.040 0.009 0.014 0.197 0.649 
 190 S _   0.008 0.075 0.001 0.034 0.008 0.013 0.203 0.658 
 191 Y _   0.008 0.065 0.001 0.028 0.006 0.011 0.211 0.670 
 192 R _   0.008 0.053 0.001 0.022 0.005 0.010 0.219 0.683 
 193 Y _   0.007 0.041 0.001 0.016 0.004 0.009 0.226 0.696 
 194 C _   0.007 0.030 0.000 0.012 0.003 0.008 0.233 0.707 
 195 P _   0.006 0.022 0.000 0.010 0.002 0.007 0.239 0.714 
 196 N _   0.006 0.016 0.000 0.008 0.002 0.006 0.243 0.718 
 197 G _   0.006 0.012 0.000 0.007 0.002 0.006 0.247 0.721 
 198 N _   0.006 0.009 0.000 0.006 0.002 0.006 0.250 0.722 
 199 H _   0.005 0.008 0.000 0.006 0.002 0.005 0.251 0.722 
 200 K _   0.005 0.006 0.000 0.006 0.002 0.005 0.252 0.723 
 201 Q _   0.005 0.006 0.000 0.006 0.001 0.005 0.252 0.725 
 202 Y _   0.004 0.005 0.000 0.005 0.001 0.005 0.251 0.728 
 203 Q _   0.004 0.005 0.000 0.005 0.001 0.004 0.249 0.732 
 204 E _   0.003 0.005 0.000 0.005 0.001 0.004 0.246 0.736 
 205 N _   0.003 0.005 0.000 0.004 0.001 0.004 0.242 0.740 
 206 P _   0.003 0.006 0.000 0.004 0.001 0.005 0.237 0.744 
 207 R _   0.003 0.007 0.000 0.005 0.001 0.005 0.230 0.747 
 208 K _   0.003 0.010 0.000 0.007 0.002 0.007 0.223 0.748 
 209 G _   0.004 0.015 0.000 0.010 0.003 0.008 0.214 0.745 
 210 H _   0.004 0.024 0.001 0.016 0.004 0.010 0.204 0.737 
 211 N _   0.005 0.035 0.001 0.023 0.006 0.012 0.193 0.725 
 212 G _   0.005 0.047 0.001 0.032 0.007 0.014 0.182 0.712 
 213 T _   0.006 0.058 0.001 0.039 0.008 0.015 0.171 0.702 
 214 I _   0.006 0.065 0.001 0.044 0.009 0.016 0.162 0.698 
 215 E _   0.006 0.069 0.001 0.046 0.009 0.016 0.155 0.699 
 216 F _   0.006 0.070 0.001 0.044 0.009 0.016 0.148 0.707 
 217 T _   0.006 0.068 0.001 0.041 0.008 0.015 0.143 0.719 
 218 S _   0.005 0.064 0.001 0.036 0.008 0.014 0.139 0.734 
 219 L _   0.005 0.058 0.001 0.030 0.007 0.014 0.135 0.750 
 220 D _   0.006 0.051 0.001 0.025 0.006 0.013 0.132 0.767 
 221 A _   0.006 0.042 0.001 0.021 0.006 0.013 0.129 0.782 
 222 H _   0.007 0.034 0.001 0.018 0.005 0.013 0.127 0.796 
 223 K _   0.008 0.027 0.001 0.015 0.005 0.013 0.124 0.807 
 224 G _   0.009 0.020 0.001 0.013 0.005 0.014 0.122 0.817 
 225 V _   0.011 0.015 0.001 0.011 0.004 0.014 0.119 0.824 
 226 A _   0.015 0.010 0.001 0.010 0.004 0.015 0.116 0.828 
 227 L _   0.022 0.006 0.001 0.008 0.005 0.017 0.113 0.829 
 228 S _   0.032 0.003 0.001 0.006 0.005 0.019 0.110 0.824 
 229 R _   0.049 0.002 0.001 0.005 0.006 0.022 0.106 0.811 
 230 R _   0.074 0.001 0.001 0.004 0.007 0.026 0.101 0.786 
 231 S _   0.112 0.000 0.001 0.003 0.009 0.031 0.096 0.747 
 232 D _   0.164 0.000 0.001 0.003 0.013 0.037 0.091 0.691 
 233 V _   0.226 0.000 0.001 0.003 0.020 0.044 0.086 0.619 
 234 E _   0.295 0.000 0.002 0.004 0.028 0.051 0.081 0.539 
 235 I _   0.358 0.001 0.002 0.005 0.039 0.057 0.077 0.461 
 236 L H   0.409 0.003 0.002 0.007 0.050 0.061 0.075 0.394 
 237 G H   0.445 0.006 0.003 0.009 0.059 0.063 0.073 0.343 
 238 Y H   0.468 0.009 0.003 0.012 0.065 0.062 0.073 0.309 
 239 C H   0.474 0.012 0.003 0.016 0.067 0.060 0.073 0.295 
 240 M H   0.467 0.014 0.003 0.019 0.067 0.057 0.075 0.299 
 241 L H   0.447 0.015 0.003 0.020 0.063 0.053 0.078 0.321 
 242 R H   0.414 0.015 0.003 0.021 0.056 0.048 0.081 0.361 
 243 W _   0.368 0.014 0.003 0.021 0.047 0.043 0.086 0.420 
 244 L _   0.311 0.011 0.002 0.019 0.036 0.037 0.092 0.492 
 245 C _   0.250 0.008 0.002 0.016 0.025 0.030 0.098 0.571 
 246 G _   0.191 0.006 0.001 0.013 0.016 0.024 0.104 0.645 
 247 K _   0.138 0.004 0.001 0.010 0.010 0.019 0.109 0.710 
 248 L _   0.095 0.002 0.001 0.007 0.006 0.015 0.113 0.762 
 249 P _   0.062 0.001 0.000 0.005 0.004 0.011 0.116 0.800 
 250 W _   0.039 0.001 0.000 0.004 0.003 0.009 0.118 0.827 
 251 E _   0.024 0.000 0.000 0.003 0.002 0.007 0.119 0.844 
 252 Q _   0.016 0.000 0.000 0.003 0.002 0.006 0.120 0.854 
 253 N _   0.011 0.000 0.000 0.002 0.001 0.006 0.119 0.860 
 254 L _   0.009 0.001 0.000 0.003 0.002 0.006 0.119 0.862 
 255 K _   0.008 0.002 0.000 0.004 0.002 0.007 0.117 0.860 
 256 D _   0.008 0.003 0.000 0.006 0.003 0.008 0.115 0.856 
 257 P _   0.008 0.007 0.000 0.010 0.004 0.010 0.113 0.849 
 258 V _   0.009 0.012 0.001 0.015 0.005 0.011 0.110 0.838 
 259 A _   0.009 0.017 0.001 0.020 0.006 0.013 0.108 0.826 
 260 V _   0.009 0.021 0.001 0.025 0.007 0.014 0.105 0.818 
 261 Q _   0.009 0.024 0.001 0.028 0.008 0.014 0.103 0.814 
 262 T _   0.009 0.025 0.001 0.028 0.008 0.014 0.101 0.815 
 263 A _   0.008 0.024 0.001 0.026 0.007 0.013 0.100 0.820 
 264 K _   0.008 0.022 0.001 0.022 0.006 0.012 0.099 0.829 
 265 T _   0.007 0.020 0.001 0.018 0.005 0.011 0.098 0.840 
 266 N _   0.007 0.016 0.001 0.014 0.004 0.010 0.098 0.850 
 267 L _   0.007 0.014 0.000 0.011 0.004 0.010 0.097 0.858 
 268 L _   0.007 0.011 0.000 0.009 0.003 0.009 0.096 0.864 
 269 D _   0.007 0.010 0.000 0.008 0.003 0.009 0.096 0.868 
 270 E _   0.007 0.009 0.000 0.008 0.003 0.009 0.095 0.868 
 271 L _   0.007 0.008 0.000 0.010 0.004 0.010 0.093 0.868 
 272 P _   0.008 0.008 0.000 0.011 0.004 0.010 0.092 0.866 
 273 Q _   0.008 0.008 0.001 0.013 0.005 0.011 0.091 0.864 
 274 S _   0.009 0.008 0.001 0.015 0.005 0.011 0.089 0.863 
 275 V _   0.010 0.007 0.001 0.015 0.005 0.012 0.088 0.863 
 276 L _   0.011 0.006 0.001 0.014 0.005 0.012 0.087 0.865 
 277 K _   0.013 0.005 0.001 0.012 0.005 0.011 0.085 0.869 
 278 W _   0.017 0.003 0.001 0.009 0.004 0.011 0.084 0.872 
 279 A _   0.023 0.002 0.000 0.006 0.004 0.012 0.082 0.871 
 280 P _   0.035 0.001 0.000 0.004 0.003 0.012 0.080 0.863 
 281 S _   0.056 0.000 0.000 0.003 0.004 0.014 0.078 0.845 
 282 G _   0.091 0.000 0.001 0.002 0.005 0.017 0.075 0.810 
 283 S _   0.147 0.000 0.001 0.002 0.007 0.022 0.071 0.751 
 284 S _   0.222 0.000 0.001 0.002 0.012 0.028 0.067 0.668 
 285 C _   0.313 0.000 0.001 0.002 0.019 0.034 0.063 0.567 
 286 C _   0.405 0.000 0.002 0.003 0.028 0.041 0.060 0.461 
 287 E H   0.482 0.001 0.002 0.004 0.039 0.045 0.058 0.369 
 288 I H   0.542 0.001 0.002 0.005 0.048 0.048 0.057 0.297 
 289 A H   0.582 0.003 0.002 0.007 0.054 0.048 0.057 0.247 
 290 Q H   0.602 0.005 0.002 0.009 0.058 0.046 0.058 0.220 
 291 F H   0.607 0.006 0.003 0.011 0.059 0.044 0.061 0.210 
 292 L H   0.595 0.007 0.003 0.013 0.057 0.041 0.064 0.219 
 293 V H   0.567 0.008 0.003 0.014 0.054 0.038 0.069 0.247 
 294 C H   0.519 0.007 0.003 0.015 0.048 0.034 0.076 0.297 
 295 A H   0.450 0.006 0.003 0.015 0.039 0.030 0.084 0.373 
 296 H _   0.367 0.004 0.002 0.013 0.028 0.025 0.095 0.466 
 297 S _   0.280 0.003 0.002 0.010 0.018 0.020 0.106 0.562 
 298 L _   0.200 0.001 0.001 0.007 0.010 0.016 0.116 0.649 
 299 A _   0.133 0.001 0.001 0.005 0.006 0.012 0.124 0.719 
 300 Y _   0.084 0.000 0.000 0.003 0.003 0.009 0.130 0.771 
 301 D _   0.051 0.000 0.000 0.002 0.002 0.007 0.134 0.804 
 302 E _   0.031 0.000 0.000 0.002 0.002 0.006 0.137 0.823 
 303 K _   0.019 0.000 0.000 0.002 0.001 0.005 0.139 0.833 
 304 P _   0.013 0.000 0.000 0.002 0.001 0.005 0.140 0.837 
 305 N _   0.010 0.001 0.000 0.003 0.002 0.006 0.141 0.837 
 306 Y _   0.009 0.002 0.000 0.005 0.002 0.007 0.141 0.834 
 307 Q _   0.008 0.004 0.000 0.007 0.003 0.008 0.141 0.828 
 308 A _   0.008 0.007 0.000 0.011 0.003 0.009 0.140 0.821 
 309 L _   0.008 0.010 0.000 0.014 0.004 0.010 0.139 0.815 
 310 K _   0.008 0.013 0.001 0.016 0.005 0.010 0.139 0.810 
 311 K _   0.007 0.015 0.001 0.017 0.005 0.010 0.138 0.807 
 312 I _   0.007 0.016 0.001 0.017 0.005 0.010 0.138 0.807 
 313 L _   0.007 0.017 0.001 0.016 0.005 0.010 0.138 0.807 
 314 N _   0.006 0.018 0.001 0.015 0.004 0.010 0.138 0.808 
 315 P _   0.006 0.018 0.000 0.014 0.004 0.009 0.139 0.809 
 316 H _   0.007 0.017 0.000 0.013 0.004 0.009 0.140 0.810 
 317 G _   0.007 0.017 0.000 0.013 0.004 0.009 0.141 0.810 
 318 I _   0.007 0.017 0.000 0.012 0.004 0.009 0.141 0.809 
 319 P _   0.007 0.017 0.000 0.012 0.004 0.009 0.142 0.809 
 320 L _   0.007 0.016 0.000 0.012 0.004 0.009 0.143 0.808 
 321 G _   0.007 0.016 0.000 0.012 0.004 0.009 0.144 0.808 
 322 P _   0.007 0.016 0.000 0.012 0.004 0.009 0.145 0.809 
 323 L _   0.006 0.015 0.000 0.011 0.003 0.008 0.145 0.810 
 324 D _   0.006 0.014 0.000 0.010 0.003 0.008 0.146 0.812 
 325 F _   0.006 0.014 0.000 0.010 0.003 0.008 0.146 0.813 
 326 S _   0.006 0.014 0.000 0.010 0.003 0.008 0.146 0.814 
 327 T _   0.006 0.013 0.000 0.010 0.003 0.008 0.146 0.813 
 328 K _   0.006 0.014 0.000 0.011 0.003 0.008 0.147 0.812 
 329 G _   0.006 0.014 0.000 0.012 0.003 0.008 0.147 0.810 
 330 Q _   0.006 0.014 0.000 0.013 0.004 0.008 0.147 0.807 
 331 S _   0.006 0.014 0.000 0.014 0.004 0.008 0.148 0.806 
 332 I _   0.006 0.014 0.000 0.014 0.004 0.008 0.148 0.805 
 333 N _   0.006 0.014 0.000 0.014 0.004 0.008 0.149 0.806 
 334 V _   0.006 0.013 0.000 0.013 0.003 0.007 0.150 0.807 
 335 H _   0.006 0.012 0.000 0.011 0.003 0.007 0.150 0.811 
 336 T _   0.005 0.010 0.000 0.009 0.002 0.006 0.151 0.815 
 337 P _   0.005 0.009 0.000 0.007 0.002 0.006 0.151 0.820 
 338 N _   0.004 0.009 0.000 0.006 0.002 0.005 0.150 0.823 
 339 S _   0.004 0.008 0.000 0.005 0.002 0.005 0.150 0.826 
 340 Q _   0.004 0.008 0.000 0.005 0.002 0.005 0.149 0.827 
 341 K _   0.004 0.009 0.000 0.005 0.002 0.006 0.147 0.827 
 342 V _   0.004 0.011 0.000 0.006 0.002 0.006 0.145 0.825 
 343 D _   0.004 0.014 0.000 0.008 0.002 0.007 0.142 0.821 
 344 S _   0.005 0.019 0.000 0.011 0.003 0.008 0.139 0.816 
 345 Q _   0.005 0.024 0.000 0.014 0.004 0.009 0.135 0.809 
 346 K _   0.005 0.030 0.001 0.016 0.004 0.009 0.131 0.803 
 347 A _   0.005 0.035 0.001 0.018 0.005 0.010 0.128 0.799 
 348 A _   0.005 0.040 0.001 0.019 0.005 0.010 0.125 0.796 
 349 T _   0.005 0.043 0.001 0.019 0.005 0.010 0.122 0.795 
 350 K _   0.005 0.046 0.001 0.018 0.005 0.010 0.120 0.795 
 351 Q _   0.005 0.048 0.001 0.017 0.005 0.010 0.118 0.796 
 352 V _   0.006 0.050 0.001 0.016 0.005 0.011 0.116 0.796 
 353 N _   0.006 0.052 0.001 0.016 0.005 0.011 0.114 0.796 
 354 K _   0.006 0.053 0.001 0.016 0.005 0.011 0.113 0.794 
 355 A _   0.007 0.055 0.001 0.017 0.005 0.012 0.112 0.792 
 356 H _   0.007 0.056 0.001 0.018 0.006 0.012 0.111 0.789 
 357 N _   0.008 0.057 0.001 0.019 0.006 0.012 0.110 0.787 
 358 R _   0.008 0.058 0.001 0.020 0.006 0.012 0.109 0.786 
 359 L _   0.008 0.058 0.001 0.020 0.006 0.012 0.109 0.786 
 360 I _   0.008 0.056 0.001 0.019 0.006 0.012 0.109 0.790 
 361 E _   0.008 0.054 0.001 0.017 0.005 0.011 0.109 0.795 
 362 K _   0.008 0.051 0.001 0.015 0.005 0.010 0.108 0.802 
 363 K _   0.007 0.048 0.001 0.012 0.004 0.010 0.108 0.810 
 364 V _   0.007 0.045 0.000 0.010 0.004 0.009 0.108 0.817 
 365 H _   0.007 0.042 0.000 0.008 0.003 0.009 0.108 0.822 
 366 S _   0.007 0.041 0.000 0.007 0.003 0.009 0.107 0.825 
 367 E _   0.007 0.041 0.000 0.007 0.003 0.009 0.107 0.826 
 368 R _   0.007 0.042 0.000 0.008 0.003 0.010 0.106 0.823 
 369 S _   0.008 0.044 0.000 0.009 0.004 0.011 0.106 0.818 
 370 A _   0.008 0.047 0.001 0.012 0.005 0.011 0.105 0.811 
 371 E _   0.009 0.051 0.001 0.014 0.006 0.012 0.104 0.804 
 372 S _   0.009 0.055 0.001 0.017 0.006 0.013 0.103 0.796 
 373 C _   0.009 0.059 0.001 0.019 0.007 0.013 0.103 0.789 
 374 A _   0.009 0.061 0.001 0.020 0.007 0.013 0.102 0.785 
 375 T _   0.009 0.063 0.001 0.020 0.007 0.013 0.102 0.785 
 376 W _   0.009 0.063 0.001 0.019 0.007 0.013 0.102 0.786 
 377 K _   0.009 0.061 0.001 0.018 0.006 0.012 0.103 0.789 
 378 V _   0.009 0.060 0.001 0.016 0.006 0.012 0.104 0.793 
 379 Q _   0.009 0.057 0.001 0.015 0.005 0.011 0.105 0.797 
 380 K _   0.008 0.055 0.001 0.013 0.005 0.011 0.106 0.801 
 381 E _   0.008 0.052 0.001 0.012 0.005 0.011 0.108 0.804 
 382 E _   0.008 0.051 0.001 0.011 0.004 0.010 0.109 0.805 
 383 K _   0.008 0.049 0.001 0.011 0.004 0.010 0.111 0.806 
 384 L _   0.008 0.048 0.000 0.011 0.004 0.010 0.112 0.805 
 385 I _   0.009 0.048 0.001 0.012 0.004 0.010 0.114 0.803 
 386 G _   0.009 0.047 0.001 0.013 0.005 0.010 0.116 0.800 
 387 L _   0.009 0.047 0.001 0.013 0.005 0.010 0.118 0.798 
 388 M _   0.009 0.046 0.001 0.014 0.005 0.010 0.120 0.796 
 389 N _   0.009 0.044 0.001 0.014 0.005 0.010 0.122 0.795 
 390 N _   0.009 0.043 0.001 0.014 0.005 0.010 0.125 0.795 
 391 E _   0.009 0.040 0.001 0.014 0.004 0.010 0.127 0.796 
 392 A _   0.009 0.038 0.000 0.013 0.004 0.010 0.130 0.797 
 393 A _   0.008 0.035 0.000 0.012 0.004 0.009 0.133 0.798 
 394 Q _   0.008 0.032 0.000 0.012 0.004 0.009 0.136 0.799 
 395 E _   0.008 0.029 0.000 0.011 0.004 0.009 0.138 0.800 
 396 S _   0.008 0.026 0.000 0.011 0.003 0.009 0.141 0.801 
 397 T _   0.008 0.024 0.000 0.011 0.003 0.008 0.144 0.801 
 398 R _   0.007 0.022 0.000 0.010 0.003 0.008 0.147 0.802 
 399 R _   0.007 0.020 0.000 0.010 0.003 0.008 0.149 0.803 
 400 R _   0.007 0.018 0.000 0.010 0.003 0.007 0.151 0.804 
 401 Q _   0.006 0.016 0.000 0.009 0.003 0.007 0.153 0.805 
 402 K _   0.006 0.015 0.000 0.009 0.003 0.007 0.155 0.805 
 403 Y _   0.006 0.013 0.000 0.008 0.002 0.007 0.157 0.806 
 404 Q _   0.005 0.012 0.000 0.008 0.002 0.006 0.158 0.807 
 405 E _   0.005 0.012 0.000 0.008 0.002 0.006 0.160 0.807 
 406 S _   0.005 0.011 0.000 0.007 0.002 0.006 0.160 0.808 
 407 Q _   0.005 0.011 0.000 0.007 0.002 0.006 0.161 0.808 
 408 E _   0.005 0.011 0.000 0.007 0.002 0.006 0.161 0.808 
 409 P _   0.004 0.011 0.000 0.007 0.002 0.006 0.161 0.809 
 410 L _   0.004 0.012 0.000 0.007 0.002 0.006 0.161 0.808 
 411 N _   0.004 0.013 0.000 0.007 0.002 0.006 0.160 0.808 
 412 E _   0.005 0.014 0.000 0.007 0.002 0.007 0.159 0.806 
 413 V _   0.005 0.016 0.000 0.008 0.002 0.007 0.158 0.803 
 414 N _   0.005 0.019 0.000 0.009 0.003 0.008 0.157 0.799 
 415 S _   0.006 0.023 0.000 0.011 0.003 0.009 0.155 0.792 
 416 F _   0.006 0.028 0.000 0.013 0.004 0.011 0.154 0.784 
 417 P _   0.007 0.035 0.001 0.016 0.005 0.012 0.152 0.773 
 418 Q _   0.007 0.041 0.001 0.020 0.006 0.013 0.150 0.761 
 419 K _   0.008 0.048 0.001 0.025 0.007 0.014 0.148 0.750 
 420 I _   0.008 0.052 0.001 0.028 0.008 0.014 0.147 0.742 
 421 S _   0.008 0.056 0.001 0.030 0.008 0.014 0.146 0.737 
 422 Y _   0.008 0.057 0.001 0.030 0.008 0.014 0.146 0.736 
 423 T _   0.008 0.057 0.001 0.029 0.008 0.014 0.147 0.738 
 424 Q _   0.008 0.055 0.001 0.027 0.007 0.013 0.147 0.743 
 425 F _   0.008 0.051 0.001 0.024 0.006 0.012 0.148 0.750 
 426 P _   0.008 0.046 0.001 0.020 0.005 0.011 0.150 0.758 
 427 N _   0.008 0.041 0.001 0.017 0.005 0.010 0.152 0.767 
 428 S _   0.008 0.035 0.001 0.014 0.004 0.009 0.153 0.776 
 429 F _   0.007 0.030 0.000 0.012 0.004 0.009 0.155 0.784 
 430 Y _   0.007 0.025 0.000 0.010 0.003 0.008 0.156 0.790 
 431 E _   0.007 0.022 0.000 0.009 0.003 0.007 0.157 0.796 
 432 P _   0.006 0.019 0.000 0.008 0.002 0.007 0.157 0.800 
 433 H _   0.006 0.017 0.000 0.007 0.002 0.007 0.157 0.803 
 434 Q _   0.006 0.016 0.000 0.007 0.002 0.007 0.157 0.805 
 435 D _   0.005 0.015 0.000 0.007 0.002 0.007 0.157 0.807 
 436 F _   0.005 0.015 0.000 0.008 0.002 0.007 0.156 0.807 
 437 T _   0.005 0.015 0.000 0.008 0.002 0.007 0.154 0.808 
 438 S _   0.005 0.015 0.000 0.009 0.002 0.007 0.153 0.808 
 439 P _   0.005 0.016 0.000 0.009 0.003 0.007 0.151 0.809 
 440 D _   0.005 0.017 0.000 0.010 0.003 0.007 0.149 0.810 
 441 I _   0.005 0.018 0.000 0.010 0.003 0.007 0.146 0.811 
 442 F _   0.005 0.020 0.000 0.010 0.003 0.007 0.144 0.812 
 443 K _   0.005 0.021 0.000 0.009 0.003 0.007 0.141 0.814 
 444 K _   0.005 0.023 0.000 0.009 0.003 0.007 0.138 0.815 
 445 S _   0.005 0.025 0.000 0.009 0.003 0.008 0.135 0.816 
 446 R _   0.005 0.028 0.000 0.009 0.003 0.008 0.131 0.815 
 447 S _   0.005 0.033 0.000 0.010 0.003 0.009 0.127 0.814 
 448 P _   0.005 0.039 0.000 0.010 0.003 0.010 0.123 0.809 
 449 S _   0.005 0.048 0.001 0.012 0.004 0.011 0.117 0.802 
 450 W _   0.006 0.061 0.001 0.014 0.005 0.012 0.112 0.790 
 451 Y _   0.007 0.077 0.001 0.016 0.006 0.014 0.106 0.774 
 452 K _   0.007 0.098 0.001 0.020 0.007 0.015 0.099 0.753 
 453 Y _   0.007 0.122 0.001 0.024 0.009 0.017 0.092 0.728 
 454 T _   0.008 0.150 0.001 0.028 0.010 0.018 0.085 0.700 
 455 S _   0.008 0.177 0.001 0.033 0.012 0.019 0.079 0.672 
 456 T _   0.008 0.201 0.001 0.037 0.012 0.019 0.073 0.648 
 457 V _   0.008 0.220 0.001 0.039 0.013 0.019 0.069 0.631 
 458 S _   0.008 0.232 0.001 0.041 0.013 0.019 0.066 0.621 
 459 T _   0.008 0.238 0.001 0.040 0.012 0.019 0.063 0.619 
 460 G _   0.009 0.240 0.001 0.037 0.011 0.019 0.061 0.623 
 461 I _   0.009 0.238 0.001 0.032 0.010 0.018 0.059 0.633 
 462 T _   0.009 0.233 0.001 0.026 0.009 0.018 0.058 0.648 
 463 D _   0.009 0.225 0.001 0.020 0.008 0.018 0.056 0.664 
 464 L _   0.009 0.217 0.001 0.015 0.007 0.018 0.055 0.678 
 465 E _   0.010 0.211 0.001 0.012 0.006 0.018 0.054 0.687 
 466 S _   0.011 0.209 0.001 0.011 0.006 0.020 0.053 0.690 
 467 S _   0.012 0.210 0.001 0.012 0.007 0.021 0.051 0.686 
 468 T _   0.013 0.216 0.001 0.014 0.009 0.023 0.049 0.674 
 469 G _   0.015 0.228 0.001 0.020 0.012 0.025 0.048 0.653 
 470 L _   0.016 0.242 0.001 0.028 0.014 0.026 0.046 0.627 
 471 W _   0.017 0.256 0.001 0.036 0.016 0.026 0.044 0.604 
 472 P _   0.017 0.266 0.001 0.044 0.018 0.026 0.042 0.586 
 473 T _   0.017 0.269 0.001 0.049 0.019 0.025 0.041 0.578 
 474 I _   0.016 0.267 0.001 0.051 0.018 0.024 0.041 0.581 
 475 S _   0.016 0.256 0.001 0.050 0.017 0.022 0.041 0.595 
 476 Q _   0.016 0.236 0.002 0.046 0.016 0.020 0.041 0.623 
 477 F _   0.015 0.201 0.002 0.039 0.014 0.018 0.042 0.668 
 478 T _   0.015 0.152 0.002 0.030 0.012 0.016 0.044 0.729 
 479 L _   0.014 0.098 0.001 0.021 0.009 0.014 0.045 0.796 
 480 S _   0.014 0.052 0.001 0.014 0.006 0.012 0.047 0.854 
 481 E _   0.013 0.023 0.001 0.008 0.004 0.010 0.047 0.893 
 482 E _   0.014 0.009 0.000 0.005 0.003 0.008 0.047 0.913 
 483 T _   0.017 0.003 0.000 0.003 0.002 0.007 0.047 0.920 
 484 N _   0.024 0.001 0.000 0.002 0.002 0.007 0.046 0.917 
 485 A _   0.036 0.000 0.000 0.002 0.002 0.007 0.045 0.906 
 486 D _   0.058 0.000 0.000 0.002 0.003 0.008 0.044 0.885 
 487 V _   0.092 0.000 0.001 0.002 0.004 0.009 0.042 0.850 
 488 Y _   0.139 0.000 0.001 0.002 0.005 0.010 0.040 0.804 
 489 Y _   0.198 0.000 0.001 0.001 0.005 0.010 0.038 0.746 
 490 Y _   0.264 0.000 0.001 0.001 0.006 0.010 0.037 0.682 
 491 R _   0.334 0.000 0.001 0.001 0.006 0.009 0.036 0.614 
 492 I _   0.411 0.000 0.001 0.001 0.006 0.008 0.035 0.539 
 493 I H   0.494 0.000 0.001 0.000 0.006 0.008 0.034 0.457 
 494 I H   0.584 0.000 0.001 0.000 0.006 0.007 0.034 0.368 
 495 P H   0.674 0.000 0.001 0.000 0.006 0.006 0.034 0.278 
 496 V H   0.757 0.000 0.001 0.000 0.007 0.005 0.034 0.196 
 497 L H   0.818 0.000 0.001 0.000 0.008 0.005 0.034 0.134 
 498 L H   0.854 0.000 0.001 0.000 0.009 0.005 0.035 0.096 
 499 M H   0.870 0.000 0.001 0.000 0.011 0.005 0.037 0.076 
 500 L H   0.868 0.000 0.001 0.000 0.013 0.005 0.040 0.072 
 501 V H   0.849 0.000 0.001 0.000 0.016 0.006 0.045 0.082 
 502 F H   0.814 0.000 0.001 0.000 0.018 0.006 0.054 0.107 
 503 L H   0.749 0.000 0.002 0.001 0.018 0.007 0.068 0.156 
 504 A H   0.635 0.000 0.002 0.001 0.014 0.006 0.092 0.249 
 505 L H   0.481 0.000 0.001 0.001 0.007 0.005 0.120 0.385 
 506 F _   0.296 0.000 0.001 0.001 0.003 0.005 0.142 0.553 
 507 F _   0.192 0.000 0.000 0.000 0.002 0.005 0.150 0.650 
 508 L _   0.170 0.000 0.002 0.002 0.007 0.009 0.148 0.662 
