#TopoPred_TM8: 8-state transmembrane topology prediction results by no_profile mode 
#probabilities are in the order of H E C I L F X _, the 8 transmembrane topology types used in PDBTM 
   1 M _   0.047 0.000 0.002 0.008 0.013 0.016 0.202 0.712 
   2 D _   0.037 0.000 0.000 0.002 0.003 0.010 0.203 0.745 
   3 S _   0.047 0.000 0.000 0.001 0.002 0.008 0.200 0.741 
   4 L _   0.127 0.000 0.001 0.001 0.005 0.011 0.185 0.670 
   5 A _   0.297 0.000 0.001 0.001 0.010 0.014 0.150 0.527 
   6 S H   0.494 0.000 0.002 0.001 0.016 0.016 0.103 0.368 
   7 L H   0.660 0.000 0.002 0.001 0.018 0.015 0.066 0.238 
   8 V H   0.773 0.000 0.002 0.001 0.018 0.012 0.042 0.152 
   9 L H   0.838 0.000 0.001 0.001 0.017 0.010 0.027 0.106 
  10 C H   0.874 0.000 0.001 0.000 0.016 0.008 0.019 0.082 
  11 G H   0.893 0.000 0.001 0.000 0.015 0.006 0.014 0.070 
  12 V H   0.900 0.000 0.001 0.000 0.014 0.006 0.011 0.068 
  13 S H   0.900 0.000 0.001 0.000 0.013 0.005 0.009 0.072 
  14 L H   0.889 0.000 0.001 0.000 0.012 0.005 0.008 0.084 
  15 L H   0.870 0.000 0.001 0.000 0.012 0.005 0.007 0.105 
  16 L H   0.841 0.000 0.001 0.000 0.011 0.005 0.007 0.135 
  17 S H   0.800 0.000 0.001 0.000 0.010 0.006 0.006 0.176 
  18 G H   0.749 0.000 0.001 0.001 0.009 0.007 0.006 0.228 
  19 T H   0.693 0.000 0.001 0.001 0.009 0.007 0.007 0.283 
  20 V H   0.639 0.000 0.001 0.001 0.008 0.009 0.007 0.336 
  21 E H   0.587 0.000 0.001 0.001 0.008 0.010 0.007 0.386 
  22 G H   0.541 0.000 0.001 0.001 0.009 0.012 0.008 0.428 
  23 A H   0.499 0.000 0.001 0.001 0.010 0.014 0.009 0.467 
  24 M _   0.460 0.000 0.001 0.002 0.011 0.017 0.009 0.500 
  25 D _   0.425 0.000 0.001 0.002 0.013 0.019 0.010 0.529 
  26 L _   0.389 0.000 0.001 0.004 0.015 0.022 0.012 0.558 
  27 I _   0.352 0.000 0.001 0.005 0.016 0.024 0.013 0.589 
  28 L _   0.312 0.001 0.001 0.007 0.018 0.025 0.014 0.621 
  29 I _   0.273 0.001 0.002 0.009 0.018 0.026 0.016 0.656 
  30 N _   0.233 0.001 0.002 0.010 0.017 0.026 0.017 0.694 
  31 S _   0.196 0.001 0.001 0.010 0.015 0.026 0.019 0.732 
  32 L _   0.162 0.001 0.001 0.009 0.013 0.025 0.020 0.769 
  33 P _   0.132 0.001 0.001 0.008 0.010 0.023 0.022 0.803 
  34 L _   0.106 0.001 0.001 0.006 0.008 0.022 0.023 0.833 
  35 V _   0.086 0.001 0.001 0.005 0.007 0.021 0.024 0.856 
  36 S _   0.071 0.001 0.001 0.004 0.006 0.021 0.024 0.873 
  37 D _   0.060 0.001 0.001 0.004 0.006 0.022 0.025 0.882 
  38 A _   0.054 0.002 0.001 0.005 0.007 0.023 0.025 0.884 
  39 E _   0.049 0.004 0.001 0.007 0.009 0.025 0.025 0.880 
  40 T _   0.045 0.008 0.001 0.011 0.011 0.026 0.026 0.871 
  41 S _   0.043 0.014 0.001 0.017 0.014 0.028 0.026 0.858 
  42 L _   0.040 0.021 0.001 0.024 0.016 0.029 0.026 0.844 
  43 T _   0.037 0.026 0.001 0.029 0.017 0.029 0.026 0.834 
  44 C _   0.034 0.030 0.001 0.033 0.017 0.028 0.027 0.830 
  45 I _   0.031 0.032 0.001 0.033 0.016 0.026 0.028 0.833 
  46 A _   0.028 0.031 0.001 0.031 0.014 0.024 0.028 0.842 
  47 S _   0.025 0.029 0.001 0.026 0.012 0.021 0.029 0.857 
  48 G _   0.021 0.026 0.001 0.020 0.009 0.019 0.030 0.874 
  49 W _   0.019 0.021 0.001 0.014 0.007 0.016 0.031 0.890 
  50 R _   0.016 0.018 0.001 0.010 0.005 0.015 0.032 0.903 
  51 P _   0.014 0.015 0.000 0.007 0.004 0.013 0.033 0.913 
  52 H _   0.013 0.013 0.000 0.006 0.004 0.013 0.034 0.918 
  53 E _   0.012 0.013 0.000 0.005 0.003 0.013 0.034 0.918 
  54 P _   0.012 0.015 0.000 0.006 0.004 0.014 0.034 0.914 
  55 I _   0.013 0.018 0.001 0.008 0.005 0.015 0.034 0.905 
  56 T _   0.014 0.024 0.001 0.012 0.007 0.017 0.034 0.891 
  57 I _   0.015 0.033 0.001 0.018 0.008 0.018 0.034 0.873 
  58 G _   0.015 0.043 0.001 0.024 0.010 0.019 0.034 0.854 
  59 R _   0.014 0.051 0.001 0.030 0.011 0.020 0.034 0.838 
  60 D _   0.014 0.057 0.001 0.034 0.012 0.019 0.034 0.829 
  61 F _   0.013 0.059 0.001 0.036 0.012 0.019 0.035 0.826 
  62 E _   0.012 0.059 0.001 0.035 0.011 0.017 0.035 0.829 
  63 A _   0.012 0.057 0.001 0.031 0.010 0.016 0.036 0.837 
  64 L _   0.011 0.053 0.001 0.026 0.008 0.014 0.037 0.850 
  65 M _   0.010 0.046 0.001 0.021 0.006 0.013 0.038 0.865 
  66 N _   0.009 0.039 0.001 0.016 0.005 0.011 0.040 0.880 
  67 Q _   0.009 0.031 0.001 0.012 0.004 0.010 0.041 0.893 
  68 H _   0.008 0.025 0.000 0.009 0.003 0.009 0.042 0.903 
  69 Q _   0.008 0.021 0.000 0.007 0.003 0.009 0.043 0.910 
  70 D _   0.008 0.018 0.000 0.006 0.003 0.008 0.043 0.914 
  71 P _   0.008 0.017 0.000 0.005 0.002 0.009 0.044 0.915 
  72 L _   0.008 0.017 0.000 0.005 0.003 0.009 0.044 0.913 
  73 E _   0.009 0.018 0.000 0.006 0.003 0.010 0.044 0.909 
  74 V _   0.010 0.021 0.000 0.007 0.004 0.012 0.044 0.903 
  75 T _   0.011 0.024 0.001 0.009 0.005 0.014 0.043 0.894 
  76 Q _   0.012 0.030 0.001 0.011 0.006 0.015 0.043 0.882 
  77 D _   0.013 0.037 0.001 0.014 0.007 0.017 0.042 0.869 
  78 V _   0.014 0.045 0.001 0.018 0.009 0.019 0.041 0.854 
  79 T _   0.015 0.053 0.001 0.021 0.010 0.020 0.040 0.839 
  80 R _   0.015 0.061 0.001 0.025 0.011 0.021 0.040 0.826 
  81 E _   0.015 0.067 0.001 0.027 0.012 0.021 0.039 0.817 
  82 W _   0.015 0.071 0.001 0.029 0.012 0.021 0.039 0.811 
  83 A _   0.015 0.074 0.001 0.030 0.012 0.020 0.039 0.809 
  84 K _   0.015 0.075 0.001 0.029 0.011 0.019 0.039 0.810 
  85 K _   0.015 0.073 0.001 0.027 0.010 0.018 0.039 0.816 
  86 V _   0.014 0.070 0.001 0.024 0.009 0.016 0.040 0.826 
  87 V _   0.013 0.065 0.001 0.020 0.007 0.015 0.040 0.838 
  88 W _   0.012 0.059 0.001 0.016 0.006 0.013 0.041 0.851 
  89 K _   0.011 0.053 0.001 0.013 0.005 0.012 0.041 0.865 
  90 R _   0.010 0.047 0.000 0.009 0.004 0.011 0.042 0.876 
  91 E _   0.009 0.043 0.000 0.007 0.003 0.010 0.042 0.885 
  92 K _   0.009 0.041 0.000 0.006 0.003 0.010 0.042 0.890 
  93 A _   0.008 0.040 0.000 0.006 0.003 0.010 0.041 0.891 
  94 S _   0.008 0.042 0.000 0.006 0.003 0.010 0.041 0.888 
  95 K _   0.009 0.046 0.000 0.007 0.004 0.011 0.040 0.882 
  96 I _   0.009 0.053 0.001 0.010 0.005 0.012 0.039 0.871 
  97 N _   0.010 0.064 0.001 0.012 0.006 0.013 0.038 0.856 
  98 G _   0.010 0.076 0.001 0.015 0.007 0.014 0.037 0.840 
  99 A _   0.010 0.088 0.001 0.017 0.007 0.015 0.036 0.825 
 100 Y _   0.010 0.099 0.001 0.019 0.008 0.016 0.035 0.812 
 101 F _   0.011 0.109 0.001 0.019 0.008 0.016 0.034 0.803 
 102 C _   0.011 0.117 0.001 0.019 0.008 0.017 0.033 0.795 
 103 E _   0.011 0.124 0.001 0.018 0.008 0.018 0.032 0.789 
 104 G _   0.011 0.130 0.001 0.017 0.008 0.018 0.031 0.784 
 105 R _   0.012 0.136 0.001 0.016 0.008 0.019 0.031 0.777 
 106 V _   0.013 0.143 0.001 0.016 0.009 0.020 0.030 0.769 
 107 R _   0.014 0.151 0.001 0.016 0.009 0.021 0.029 0.759 
 108 G _   0.014 0.160 0.001 0.017 0.010 0.021 0.029 0.748 
 109 E _   0.015 0.169 0.001 0.019 0.011 0.022 0.028 0.735 
 110 A _   0.015 0.178 0.001 0.021 0.012 0.023 0.028 0.722 
 111 I _   0.016 0.186 0.001 0.023 0.012 0.023 0.027 0.711 
 112 R _   0.016 0.192 0.001 0.024 0.012 0.024 0.027 0.703 
 113 I _   0.016 0.196 0.001 0.025 0.012 0.024 0.027 0.699 
 114 R _   0.016 0.197 0.001 0.024 0.012 0.023 0.027 0.699 
 115 T _   0.016 0.196 0.001 0.022 0.011 0.023 0.028 0.703 
 116 M _   0.016 0.192 0.001 0.020 0.010 0.023 0.028 0.710 
 117 K _   0.016 0.187 0.001 0.017 0.009 0.022 0.028 0.720 
 118 M _   0.016 0.182 0.001 0.014 0.008 0.022 0.029 0.729 
 119 R _   0.016 0.177 0.001 0.012 0.008 0.023 0.029 0.735 
 120 Q _   0.017 0.175 0.001 0.011 0.008 0.023 0.029 0.736 
 121 Q _   0.018 0.176 0.001 0.011 0.009 0.024 0.029 0.731 
 122 A _   0.020 0.180 0.001 0.014 0.010 0.026 0.029 0.720 
 123 S _   0.021 0.188 0.001 0.018 0.013 0.027 0.029 0.703 
 124 F _   0.022 0.198 0.001 0.024 0.015 0.028 0.029 0.683 
 125 L _   0.023 0.208 0.001 0.031 0.017 0.028 0.029 0.662 
 126 P _   0.023 0.215 0.001 0.039 0.019 0.028 0.030 0.646 
 127 A _   0.023 0.218 0.001 0.044 0.019 0.027 0.030 0.638 
 128 T _   0.023 0.215 0.001 0.046 0.018 0.025 0.031 0.640 
 129 L _   0.021 0.206 0.001 0.045 0.017 0.023 0.033 0.654 
 130 T _   0.020 0.189 0.001 0.040 0.015 0.020 0.034 0.681 
 131 M _   0.018 0.160 0.001 0.033 0.012 0.018 0.037 0.721 
 132 T _   0.016 0.124 0.001 0.025 0.010 0.015 0.039 0.770 
 133 V _   0.014 0.086 0.001 0.017 0.007 0.013 0.041 0.821 
 134 D _   0.012 0.056 0.001 0.011 0.005 0.011 0.043 0.863 
 135 K _   0.010 0.037 0.000 0.007 0.003 0.009 0.044 0.889 
 136 G _   0.008 0.029 0.000 0.005 0.002 0.008 0.045 0.903 
 137 D _   0.007 0.025 0.000 0.004 0.002 0.008 0.045 0.909 
 138 N _   0.007 0.025 0.000 0.004 0.002 0.008 0.045 0.909 
 139 V _   0.007 0.026 0.000 0.005 0.003 0.009 0.045 0.904 
 140 N _   0.008 0.031 0.000 0.008 0.004 0.011 0.044 0.894 
 141 I _   0.008 0.040 0.001 0.012 0.005 0.013 0.043 0.878 
 142 S _   0.009 0.053 0.001 0.017 0.006 0.015 0.041 0.858 
 143 F _   0.009 0.068 0.001 0.022 0.008 0.016 0.040 0.836 
 144 K _   0.010 0.082 0.001 0.026 0.009 0.017 0.038 0.817 
 145 K _   0.010 0.093 0.001 0.030 0.010 0.018 0.037 0.802 
 146 V _   0.009 0.100 0.001 0.031 0.010 0.018 0.036 0.794 
 147 L _   0.009 0.105 0.001 0.031 0.010 0.018 0.035 0.789 
 148 I _   0.009 0.108 0.001 0.030 0.010 0.018 0.035 0.789 
 149 K _   0.010 0.109 0.001 0.028 0.010 0.017 0.035 0.791 
 150 E _   0.010 0.108 0.001 0.026 0.009 0.017 0.035 0.795 
 151 E _   0.010 0.105 0.001 0.024 0.009 0.016 0.035 0.800 
 152 D _   0.010 0.102 0.001 0.022 0.008 0.016 0.035 0.806 
 153 A _   0.011 0.098 0.001 0.020 0.008 0.016 0.035 0.812 
 154 V _   0.011 0.094 0.001 0.018 0.007 0.015 0.036 0.818 
 155 I _   0.011 0.089 0.001 0.016 0.007 0.015 0.036 0.825 
 156 Y _   0.011 0.085 0.001 0.015 0.006 0.014 0.036 0.830 
 157 K _   0.011 0.081 0.001 0.015 0.006 0.014 0.037 0.835 
 158 N _   0.011 0.078 0.001 0.014 0.006 0.014 0.037 0.838 
 159 G _   0.011 0.074 0.001 0.015 0.006 0.014 0.038 0.842 
 160 S _   0.011 0.071 0.001 0.015 0.006 0.014 0.038 0.844 
 161 F _   0.010 0.069 0.001 0.015 0.006 0.013 0.039 0.847 
 162 I _   0.010 0.066 0.001 0.015 0.006 0.013 0.039 0.850 
 163 H _   0.010 0.063 0.001 0.015 0.006 0.013 0.040 0.853 
 164 S _   0.010 0.060 0.001 0.014 0.006 0.012 0.040 0.858 
 165 V _   0.009 0.057 0.001 0.014 0.005 0.012 0.041 0.862 
 166 P _   0.009 0.053 0.001 0.013 0.005 0.012 0.041 0.866 
 167 R _   0.009 0.050 0.001 0.012 0.005 0.011 0.042 0.871 
 168 H _   0.009 0.048 0.001 0.012 0.005 0.011 0.042 0.873 
 169 E _   0.009 0.046 0.001 0.012 0.005 0.011 0.043 0.875 
 170 V _   0.009 0.045 0.001 0.012 0.005 0.012 0.043 0.874 
 171 P _   0.009 0.044 0.001 0.014 0.005 0.012 0.044 0.872 
 172 D _   0.010 0.044 0.001 0.016 0.006 0.012 0.044 0.868 
 173 I _   0.010 0.043 0.001 0.018 0.006 0.013 0.045 0.864 
 174 L _   0.010 0.043 0.001 0.020 0.007 0.013 0.045 0.861 
 175 E _   0.010 0.041 0.001 0.022 0.007 0.013 0.046 0.860 
 176 V _   0.010 0.038 0.001 0.022 0.007 0.012 0.047 0.864 
 177 H _   0.009 0.033 0.001 0.020 0.006 0.011 0.049 0.871 
 178 L _   0.009 0.027 0.001 0.017 0.005 0.010 0.050 0.882 
 179 P _   0.008 0.021 0.001 0.013 0.004 0.009 0.051 0.894 
 180 H _   0.007 0.014 0.000 0.009 0.003 0.008 0.052 0.906 
 181 A _   0.006 0.009 0.000 0.007 0.003 0.008 0.052 0.915 
 182 Q _   0.006 0.005 0.000 0.005 0.002 0.007 0.052 0.921 
 183 P _   0.006 0.003 0.000 0.004 0.002 0.008 0.052 0.924 
 184 Q _   0.006 0.003 0.000 0.004 0.002 0.009 0.052 0.925 
 185 D _   0.007 0.002 0.000 0.004 0.002 0.010 0.051 0.922 
 186 A _   0.009 0.002 0.000 0.005 0.003 0.013 0.051 0.917 
 187 G _   0.011 0.003 0.000 0.007 0.004 0.017 0.049 0.908 
 188 V _   0.014 0.004 0.001 0.010 0.006 0.022 0.048 0.895 
 189 Y _   0.019 0.005 0.001 0.013 0.009 0.027 0.046 0.880 
 190 S _   0.024 0.006 0.001 0.016 0.011 0.033 0.045 0.864 
 191 A _   0.030 0.007 0.001 0.019 0.014 0.038 0.043 0.847 
 192 R _   0.038 0.007 0.001 0.020 0.017 0.044 0.041 0.830 
 193 Y _   0.049 0.007 0.001 0.019 0.020 0.049 0.040 0.814 
 194 I _   0.062 0.007 0.001 0.017 0.023 0.054 0.039 0.796 
 195 G _   0.077 0.006 0.002 0.015 0.025 0.059 0.037 0.779 
 196 G _   0.096 0.005 0.002 0.012 0.027 0.063 0.036 0.757 
 197 N _   0.117 0.005 0.002 0.011 0.030 0.067 0.035 0.733 
 198 L _   0.139 0.005 0.002 0.009 0.034 0.070 0.034 0.707 
 199 F _   0.159 0.005 0.002 0.009 0.038 0.073 0.034 0.681 
 200 T _   0.176 0.006 0.002 0.009 0.042 0.075 0.033 0.657 
 201 S _   0.189 0.008 0.002 0.011 0.046 0.075 0.033 0.636 
 202 A _   0.198 0.010 0.002 0.014 0.049 0.075 0.034 0.618 
 203 F _   0.202 0.013 0.002 0.017 0.051 0.073 0.034 0.607 
 204 T _   0.201 0.016 0.002 0.021 0.050 0.070 0.035 0.605 
 205 R _   0.193 0.018 0.002 0.025 0.048 0.065 0.036 0.611 
 206 L _   0.181 0.020 0.002 0.027 0.044 0.060 0.038 0.628 
 207 I _   0.164 0.020 0.002 0.028 0.038 0.054 0.040 0.654 
 208 V _   0.143 0.018 0.002 0.027 0.031 0.047 0.042 0.690 
 209 R _   0.118 0.016 0.002 0.024 0.024 0.040 0.044 0.732 
 210 R _   0.093 0.013 0.001 0.019 0.017 0.033 0.047 0.776 
 211 C _   0.071 0.009 0.001 0.015 0.012 0.027 0.048 0.817 
 212 E _   0.051 0.006 0.001 0.011 0.008 0.022 0.050 0.851 
 213 A _   0.036 0.004 0.001 0.007 0.005 0.018 0.051 0.878 
 214 Q _   0.025 0.003 0.000 0.005 0.004 0.015 0.052 0.896 
 215 K _   0.018 0.003 0.000 0.004 0.003 0.013 0.052 0.908 
 216 W _   0.014 0.003 0.000 0.003 0.002 0.012 0.051 0.913 
 217 G _   0.012 0.004 0.000 0.004 0.003 0.013 0.051 0.914 
 218 P _   0.012 0.007 0.000 0.005 0.003 0.014 0.050 0.908 
 219 E _   0.013 0.014 0.001 0.008 0.005 0.017 0.048 0.894 
 220 C _   0.015 0.030 0.001 0.013 0.009 0.020 0.046 0.866 
 221 N _   0.017 0.057 0.001 0.021 0.013 0.024 0.044 0.824 
 222 H _   0.018 0.094 0.002 0.031 0.017 0.026 0.041 0.770 
 223 L _   0.018 0.131 0.002 0.043 0.020 0.028 0.039 0.720 
 224 C _   0.018 0.159 0.002 0.052 0.022 0.028 0.037 0.682 
 225 T _   0.018 0.177 0.002 0.059 0.023 0.028 0.035 0.659 
 226 A _   0.017 0.186 0.002 0.062 0.022 0.027 0.035 0.649 
 227 C _   0.017 0.189 0.002 0.061 0.021 0.025 0.034 0.651 
 228 M _   0.016 0.186 0.001 0.056 0.019 0.023 0.035 0.664 
 229 N _   0.016 0.177 0.001 0.048 0.016 0.021 0.035 0.686 
 230 N _   0.015 0.161 0.001 0.039 0.013 0.019 0.036 0.716 
 231 G _   0.014 0.140 0.001 0.029 0.010 0.017 0.037 0.752 
 232 V _   0.013 0.117 0.001 0.021 0.008 0.015 0.038 0.788 
 233 C _   0.011 0.096 0.001 0.014 0.006 0.013 0.039 0.820 
 234 H _   0.010 0.081 0.001 0.010 0.004 0.012 0.039 0.843 
 235 E _   0.009 0.073 0.000 0.007 0.003 0.011 0.039 0.857 
 236 D _   0.008 0.069 0.000 0.006 0.003 0.011 0.039 0.864 
 237 T _   0.008 0.069 0.000 0.005 0.003 0.012 0.039 0.864 
 238 G _   0.009 0.072 0.000 0.006 0.003 0.013 0.038 0.858 
 239 E _   0.010 0.080 0.001 0.008 0.005 0.015 0.037 0.845 
 240 C _   0.011 0.096 0.001 0.012 0.007 0.017 0.036 0.821 
 241 I _   0.012 0.122 0.001 0.016 0.009 0.020 0.034 0.786 
 242 C _   0.013 0.157 0.001 0.021 0.011 0.022 0.032 0.744 
 243 P _   0.013 0.196 0.001 0.025 0.013 0.023 0.030 0.698 
 244 P _   0.013 0.234 0.001 0.028 0.015 0.025 0.029 0.656 
 245 G _   0.014 0.265 0.001 0.030 0.015 0.025 0.027 0.623 
 246 F _   0.014 0.288 0.001 0.030 0.015 0.026 0.026 0.599 
 247 M _   0.015 0.305 0.001 0.028 0.015 0.027 0.025 0.584 
 248 G _   0.015 0.317 0.001 0.026 0.015 0.027 0.025 0.574 
 249 R _   0.015 0.326 0.001 0.024 0.014 0.027 0.024 0.568 
 250 T _   0.016 0.332 0.001 0.022 0.014 0.027 0.024 0.564 
 251 C _   0.016 0.339 0.001 0.020 0.014 0.027 0.024 0.560 
 252 E _   0.017 0.345 0.001 0.020 0.014 0.027 0.023 0.554 
 253 K _   0.017 0.352 0.001 0.021 0.014 0.027 0.023 0.546 
 254 A _   0.017 0.360 0.001 0.022 0.014 0.026 0.023 0.536 
 255 C _   0.018 0.367 0.001 0.025 0.014 0.025 0.023 0.527 
 256 E _   0.018 0.372 0.001 0.028 0.015 0.024 0.023 0.519 
 257 L _   0.017 0.374 0.001 0.031 0.015 0.023 0.023 0.516 
 258 H _   0.017 0.372 0.001 0.033 0.014 0.022 0.023 0.518 
 259 T _   0.016 0.364 0.001 0.034 0.013 0.020 0.024 0.528 
 260 F _   0.016 0.349 0.001 0.033 0.012 0.018 0.025 0.546 
 261 G _   0.015 0.326 0.001 0.030 0.011 0.017 0.026 0.574 
 262 R _   0.014 0.294 0.001 0.026 0.010 0.015 0.027 0.612 
 263 T _   0.013 0.256 0.001 0.022 0.008 0.014 0.029 0.657 
 264 C _   0.012 0.216 0.001 0.017 0.007 0.013 0.031 0.704 
 265 K _   0.011 0.183 0.001 0.013 0.005 0.011 0.032 0.744 
 266 E _   0.009 0.159 0.001 0.010 0.004 0.010 0.033 0.774 
 267 R _   0.008 0.144 0.000 0.007 0.003 0.009 0.034 0.794 
 268 C _   0.007 0.137 0.000 0.006 0.002 0.009 0.034 0.805 
 269 S _   0.006 0.135 0.000 0.006 0.002 0.009 0.034 0.808 
 270 G _   0.006 0.137 0.000 0.007 0.003 0.009 0.033 0.805 
 271 Q _   0.006 0.143 0.000 0.009 0.003 0.010 0.032 0.795 
 272 E _   0.007 0.154 0.001 0.013 0.005 0.011 0.031 0.778 
 273 G _   0.007 0.170 0.001 0.018 0.006 0.013 0.030 0.756 
 274 C _   0.007 0.189 0.001 0.023 0.007 0.013 0.028 0.730 
 275 K _   0.007 0.207 0.001 0.028 0.008 0.014 0.027 0.707 
 276 S _   0.007 0.220 0.001 0.032 0.009 0.014 0.026 0.691 
 277 Y _   0.008 0.228 0.001 0.033 0.009 0.014 0.026 0.681 
 278 V _   0.008 0.232 0.001 0.033 0.009 0.014 0.025 0.678 
 279 F _   0.008 0.232 0.001 0.030 0.008 0.013 0.025 0.683 
 280 C _   0.007 0.228 0.001 0.026 0.007 0.012 0.026 0.694 
 281 L _   0.007 0.221 0.001 0.020 0.006 0.011 0.026 0.709 
 282 P _   0.007 0.213 0.001 0.015 0.005 0.010 0.026 0.724 
 283 D _   0.006 0.205 0.000 0.011 0.004 0.010 0.026 0.737 
 284 P _   0.006 0.201 0.000 0.009 0.003 0.010 0.026 0.744 
 285 Y _   0.006 0.201 0.000 0.008 0.003 0.011 0.026 0.745 
 286 G _   0.007 0.206 0.000 0.009 0.004 0.012 0.025 0.737 
 287 C _   0.008 0.217 0.001 0.012 0.005 0.013 0.025 0.720 
 288 S _   0.008 0.237 0.001 0.017 0.007 0.014 0.024 0.693 
 289 C _   0.008 0.264 0.001 0.022 0.008 0.015 0.023 0.658 
 290 A _   0.008 0.292 0.001 0.028 0.009 0.015 0.022 0.625 
 291 T _   0.008 0.315 0.001 0.032 0.010 0.015 0.021 0.599 
 292 G _   0.008 0.330 0.001 0.034 0.009 0.014 0.020 0.584 
 293 W _   0.007 0.339 0.001 0.034 0.009 0.014 0.020 0.577 
 294 K _   0.007 0.341 0.001 0.032 0.008 0.013 0.020 0.578 
 295 G _   0.007 0.339 0.001 0.029 0.008 0.012 0.020 0.585 
 296 L _   0.007 0.333 0.001 0.025 0.007 0.011 0.020 0.596 
 297 Q _   0.007 0.323 0.001 0.021 0.006 0.011 0.021 0.611 
 298 C _   0.007 0.312 0.001 0.018 0.005 0.010 0.022 0.627 
 299 N _   0.007 0.300 0.001 0.015 0.005 0.009 0.022 0.641 
 300 E _   0.007 0.291 0.001 0.013 0.004 0.009 0.023 0.653 
 301 A _   0.006 0.283 0.000 0.012 0.004 0.009 0.024 0.662 
 302 C _   0.006 0.277 0.000 0.011 0.003 0.009 0.024 0.669 
 303 H _   0.006 0.273 0.000 0.011 0.003 0.008 0.025 0.673 
 304 P _   0.006 0.271 0.000 0.011 0.003 0.008 0.025 0.676 
 305 G _   0.006 0.269 0.000 0.011 0.003 0.008 0.025 0.677 
 306 F _   0.005 0.269 0.000 0.011 0.003 0.008 0.025 0.678 
 307 Y _   0.005 0.269 0.000 0.011 0.003 0.008 0.025 0.678 
 308 G _   0.005 0.270 0.000 0.011 0.003 0.008 0.025 0.678 
 309 P _   0.005 0.272 0.000 0.011 0.003 0.008 0.025 0.677 
 310 D _   0.005 0.275 0.000 0.011 0.003 0.008 0.024 0.674 
 311 C _   0.004 0.279 0.000 0.011 0.003 0.007 0.024 0.670 
 312 K _   0.004 0.285 0.000 0.012 0.003 0.007 0.024 0.665 
 313 L _   0.004 0.292 0.000 0.012 0.003 0.007 0.023 0.658 
 314 R _   0.004 0.300 0.000 0.012 0.003 0.007 0.022 0.651 
 315 C _   0.004 0.309 0.000 0.013 0.003 0.007 0.022 0.642 
 316 S _   0.004 0.319 0.000 0.013 0.004 0.008 0.021 0.632 
 317 C _   0.004 0.331 0.000 0.014 0.004 0.008 0.020 0.620 
 318 N _   0.004 0.343 0.001 0.014 0.004 0.008 0.019 0.607 
 319 N _   0.004 0.357 0.001 0.014 0.004 0.008 0.019 0.593 
 320 G _   0.004 0.372 0.001 0.015 0.005 0.009 0.018 0.577 
 321 E _   0.004 0.388 0.001 0.016 0.005 0.009 0.017 0.559 
 322 M _   0.005 0.404 0.001 0.017 0.005 0.010 0.016 0.542 
 323 C _   0.005 0.419 0.001 0.018 0.006 0.010 0.016 0.525 
 324 D _   0.005 0.432 0.001 0.019 0.006 0.011 0.015 0.510 
 325 R _   0.006 0.443 0.001 0.020 0.007 0.011 0.015 0.499 
 326 F _   0.006 0.450 0.001 0.020 0.007 0.011 0.015 0.490 
 327 Q _   0.006 0.455 0.001 0.020 0.007 0.011 0.015 0.486 
 328 G _   0.006 0.456 0.001 0.019 0.007 0.011 0.015 0.485 
 329 C _   0.006 0.455 0.001 0.018 0.006 0.011 0.015 0.488 
 330 L _   0.007 0.451 0.001 0.017 0.006 0.011 0.015 0.493 
 331 C _   0.007 0.444 0.001 0.016 0.006 0.011 0.016 0.500 
 332 S _   0.007 0.437 0.001 0.014 0.006 0.011 0.016 0.509 
 333 P _   0.007 0.429 0.001 0.013 0.005 0.011 0.017 0.518 
 334 G _   0.007 0.422 0.001 0.012 0.005 0.011 0.017 0.525 
 335 W _   0.007 0.415 0.001 0.011 0.005 0.011 0.018 0.532 
 336 Q _   0.007 0.411 0.001 0.011 0.005 0.011 0.018 0.536 
 337 G _   0.008 0.407 0.001 0.011 0.005 0.012 0.019 0.538 
 338 L _   0.008 0.406 0.001 0.012 0.005 0.012 0.019 0.537 
 339 Q _   0.008 0.405 0.001 0.012 0.006 0.013 0.020 0.536 
 340 C _   0.008 0.405 0.001 0.014 0.006 0.013 0.020 0.533 
 341 E _   0.008 0.405 0.001 0.016 0.007 0.013 0.021 0.529 
 342 R _   0.009 0.405 0.001 0.018 0.007 0.014 0.021 0.525 
 343 E _   0.009 0.404 0.001 0.021 0.008 0.014 0.022 0.522 
 344 G _   0.009 0.401 0.001 0.023 0.009 0.014 0.023 0.521 
 345 I _   0.009 0.395 0.001 0.025 0.009 0.014 0.024 0.524 
 346 Q _   0.009 0.383 0.001 0.026 0.009 0.014 0.025 0.532 
 347 R _   0.009 0.367 0.001 0.027 0.009 0.014 0.027 0.546 
 348 M _   0.010 0.343 0.001 0.027 0.010 0.014 0.029 0.567 
 349 T _   0.010 0.311 0.001 0.026 0.010 0.013 0.032 0.597 
 350 P _   0.011 0.271 0.001 0.025 0.009 0.013 0.036 0.635 
 351 K _   0.011 0.227 0.001 0.023 0.008 0.013 0.040 0.678 
 352 I _   0.011 0.183 0.001 0.020 0.007 0.013 0.044 0.721 
 353 V _   0.011 0.145 0.001 0.017 0.006 0.012 0.048 0.760 
 354 D _   0.010 0.114 0.001 0.015 0.005 0.011 0.051 0.792 
 355 L _   0.010 0.090 0.001 0.012 0.004 0.010 0.054 0.818 
 356 P _   0.009 0.073 0.001 0.010 0.004 0.010 0.057 0.837 
 357 D _   0.008 0.060 0.000 0.009 0.003 0.009 0.059 0.851 
 358 H _   0.007 0.052 0.000 0.008 0.003 0.008 0.060 0.861 
 359 I _   0.007 0.047 0.000 0.007 0.003 0.008 0.061 0.867 
 360 E _   0.006 0.043 0.000 0.007 0.002 0.008 0.062 0.871 
 361 V _   0.006 0.042 0.000 0.007 0.002 0.008 0.063 0.872 
 362 N _   0.006 0.041 0.000 0.008 0.003 0.008 0.063 0.872 
 363 S _   0.006 0.041 0.000 0.008 0.003 0.008 0.063 0.871 
 364 G _   0.006 0.043 0.000 0.010 0.003 0.009 0.062 0.868 
 365 K _   0.006 0.045 0.000 0.011 0.004 0.009 0.062 0.863 
 366 F _   0.006 0.047 0.000 0.013 0.004 0.010 0.061 0.858 
 367 N _   0.006 0.050 0.001 0.014 0.004 0.010 0.061 0.853 
 368 P _   0.006 0.053 0.001 0.016 0.005 0.011 0.061 0.848 
 369 I _   0.006 0.056 0.001 0.017 0.005 0.011 0.060 0.845 
 370 C _   0.007 0.057 0.001 0.017 0.005 0.011 0.060 0.842 
 371 K _   0.007 0.059 0.001 0.017 0.005 0.011 0.060 0.841 
 372 A _   0.007 0.059 0.001 0.016 0.005 0.011 0.060 0.841 
 373 S _   0.007 0.060 0.001 0.015 0.005 0.011 0.060 0.841 
 374 G _   0.007 0.060 0.001 0.014 0.005 0.011 0.061 0.842 
 375 W _   0.007 0.059 0.001 0.013 0.005 0.011 0.061 0.843 
 376 P _   0.007 0.059 0.001 0.013 0.005 0.011 0.061 0.843 
 377 L _   0.008 0.059 0.001 0.012 0.005 0.012 0.062 0.842 
 378 P _   0.008 0.060 0.001 0.013 0.005 0.012 0.062 0.840 
 379 T _   0.009 0.061 0.001 0.013 0.005 0.012 0.062 0.837 
 380 N _   0.009 0.063 0.001 0.014 0.005 0.013 0.063 0.833 
 381 E _   0.009 0.065 0.001 0.016 0.006 0.013 0.063 0.828 
 382 E _   0.009 0.067 0.001 0.017 0.006 0.014 0.063 0.822 
 383 M _   0.010 0.069 0.001 0.019 0.007 0.014 0.064 0.818 
 384 T _   0.010 0.070 0.001 0.020 0.007 0.014 0.064 0.814 
 385 L _   0.010 0.070 0.001 0.021 0.007 0.014 0.065 0.812 
 386 V _   0.009 0.069 0.001 0.022 0.007 0.014 0.066 0.811 
 387 K _   0.009 0.068 0.001 0.023 0.007 0.014 0.067 0.811 
 388 P _   0.009 0.065 0.001 0.023 0.007 0.013 0.068 0.812 
 389 D _   0.009 0.062 0.001 0.023 0.007 0.013 0.070 0.815 
 390 G _   0.009 0.057 0.001 0.023 0.007 0.012 0.072 0.820 
 391 T _   0.009 0.050 0.001 0.021 0.006 0.012 0.074 0.828 
 392 V _   0.009 0.042 0.001 0.019 0.005 0.011 0.076 0.837 
 393 L _   0.008 0.032 0.001 0.016 0.005 0.010 0.078 0.850 
 394 H _   0.008 0.023 0.001 0.012 0.004 0.009 0.080 0.864 
 395 P _   0.007 0.014 0.000 0.009 0.003 0.008 0.082 0.877 
 396 K _   0.006 0.007 0.000 0.006 0.002 0.008 0.083 0.888 
 397 D _   0.006 0.003 0.000 0.004 0.002 0.007 0.083 0.894 
 398 F _   0.007 0.001 0.000 0.003 0.001 0.008 0.083 0.897 
 399 N _   0.009 0.001 0.000 0.002 0.002 0.010 0.082 0.894 
 400 H _   0.014 0.001 0.000 0.002 0.002 0.014 0.081 0.886 
 401 T _   0.024 0.001 0.000 0.003 0.004 0.021 0.079 0.868 
 402 D _   0.040 0.002 0.001 0.004 0.009 0.032 0.077 0.835 
 403 H _   0.062 0.008 0.001 0.009 0.018 0.046 0.073 0.784 
 404 F _   0.085 0.022 0.002 0.017 0.033 0.060 0.069 0.712 
 405 S _   0.105 0.047 0.003 0.029 0.049 0.072 0.065 0.629 
 406 V _   0.119 0.074 0.003 0.044 0.061 0.079 0.062 0.557 
 407 A _   0.128 0.094 0.003 0.058 0.068 0.081 0.059 0.508 
 408 I _   0.131 0.105 0.003 0.067 0.071 0.080 0.058 0.485 
 409 F _   0.130 0.109 0.003 0.070 0.069 0.077 0.057 0.485 
 410 T _   0.126 0.106 0.003 0.066 0.064 0.071 0.057 0.506 
 411 I _   0.119 0.096 0.003 0.057 0.055 0.064 0.058 0.548 
 412 H _   0.110 0.076 0.003 0.043 0.044 0.056 0.059 0.608 
 413 R _   0.098 0.049 0.002 0.028 0.031 0.048 0.061 0.682 
 414 I _   0.085 0.023 0.002 0.015 0.020 0.041 0.062 0.752 
 415 L _   0.073 0.008 0.001 0.007 0.011 0.035 0.063 0.803 
 416 P _   0.063 0.002 0.001 0.003 0.007 0.030 0.063 0.832 
 417 P _   0.060 0.000 0.000 0.002 0.004 0.028 0.062 0.843 
 418 D _   0.062 0.000 0.000 0.001 0.004 0.028 0.062 0.843 
 419 S _   0.070 0.000 0.000 0.001 0.005 0.030 0.061 0.832 
 420 G _   0.085 0.000 0.001 0.002 0.007 0.034 0.061 0.811 
 421 V _   0.104 0.000 0.001 0.003 0.011 0.041 0.060 0.781 
 422 W _   0.126 0.001 0.001 0.005 0.018 0.048 0.059 0.742 
 423 V _   0.147 0.003 0.002 0.008 0.027 0.055 0.058 0.700 
 424 C _   0.165 0.007 0.002 0.012 0.037 0.062 0.057 0.658 
 425 S _   0.178 0.011 0.002 0.017 0.046 0.066 0.057 0.622 
 426 V _   0.187 0.016 0.003 0.022 0.052 0.069 0.057 0.595 
 427 N _   0.188 0.020 0.003 0.026 0.056 0.069 0.058 0.581 
 428 T _   0.185 0.023 0.003 0.029 0.056 0.067 0.059 0.579 
 429 V _   0.176 0.024 0.003 0.030 0.053 0.064 0.061 0.590 
 430 A _   0.162 0.023 0.003 0.029 0.048 0.059 0.064 0.612 
 431 G _   0.146 0.022 0.002 0.026 0.040 0.054 0.067 0.643 
 432 M _   0.126 0.019 0.002 0.023 0.032 0.048 0.070 0.680 
 433 V _   0.106 0.016 0.002 0.019 0.025 0.041 0.074 0.718 
 434 E _   0.087 0.012 0.001 0.015 0.018 0.035 0.077 0.754 
 435 K _   0.069 0.010 0.001 0.013 0.013 0.030 0.080 0.785 
 436 P _   0.053 0.008 0.001 0.011 0.010 0.026 0.083 0.809 
 437 F _   0.041 0.006 0.001 0.010 0.008 0.022 0.086 0.827 
 438 N _   0.032 0.006 0.001 0.010 0.006 0.019 0.088 0.839 
 439 I _   0.025 0.005 0.001 0.010 0.006 0.017 0.090 0.847 
 440 S _   0.020 0.005 0.001 0.010 0.005 0.015 0.092 0.852 
 441 V _   0.017 0.005 0.001 0.010 0.005 0.013 0.094 0.855 
 442 K _   0.014 0.005 0.001 0.010 0.004 0.012 0.096 0.858 
 443 V _   0.012 0.005 0.000 0.010 0.004 0.011 0.097 0.861 
 444 L _   0.010 0.004 0.000 0.009 0.004 0.009 0.099 0.864 
 445 P _   0.009 0.004 0.000 0.008 0.003 0.009 0.100 0.867 
 446 K _   0.008 0.004 0.000 0.007 0.003 0.008 0.101 0.869 
 447 P _   0.007 0.004 0.000 0.006 0.002 0.007 0.102 0.871 
 448 L _   0.007 0.004 0.000 0.005 0.002 0.007 0.102 0.872 
 449 N _   0.006 0.005 0.000 0.005 0.002 0.007 0.102 0.872 
 450 A _   0.006 0.006 0.000 0.005 0.002 0.008 0.102 0.870 
 451 P _   0.007 0.008 0.000 0.005 0.002 0.009 0.101 0.867 
 452 N _   0.007 0.012 0.000 0.006 0.003 0.010 0.100 0.861 
 453 V _   0.008 0.019 0.000 0.008 0.004 0.012 0.098 0.850 
 454 I _   0.010 0.031 0.001 0.011 0.006 0.015 0.096 0.831 
 455 D _   0.011 0.051 0.001 0.016 0.008 0.019 0.094 0.801 
 456 T _   0.013 0.080 0.001 0.022 0.011 0.022 0.090 0.760 
 457 G _   0.014 0.117 0.002 0.030 0.015 0.025 0.087 0.710 
 458 H _   0.015 0.157 0.002 0.039 0.018 0.027 0.083 0.659 
 459 N _   0.015 0.191 0.002 0.048 0.020 0.028 0.081 0.616 
 460 F _   0.015 0.216 0.002 0.055 0.021 0.028 0.079 0.583 
 461 A _   0.015 0.232 0.002 0.061 0.022 0.028 0.078 0.564 
 462 V _   0.015 0.240 0.002 0.063 0.021 0.027 0.077 0.555 
 463 I _   0.015 0.242 0.001 0.062 0.020 0.026 0.078 0.557 
 464 N _   0.015 0.237 0.001 0.059 0.018 0.024 0.079 0.566 
 465 I _   0.015 0.226 0.001 0.053 0.017 0.022 0.081 0.585 
 466 S _   0.015 0.207 0.001 0.045 0.014 0.020 0.083 0.614 
 467 S _   0.014 0.179 0.001 0.038 0.012 0.018 0.087 0.651 
 468 E _   0.014 0.143 0.001 0.030 0.010 0.016 0.091 0.695 
 469 P _   0.013 0.105 0.001 0.023 0.008 0.015 0.095 0.740 
 470 Y _   0.012 0.072 0.001 0.017 0.006 0.013 0.099 0.781 
 471 F _   0.011 0.048 0.001 0.012 0.004 0.011 0.102 0.812 
 472 G _   0.009 0.032 0.000 0.009 0.003 0.010 0.104 0.833 
 473 D _   0.008 0.022 0.000 0.007 0.003 0.008 0.105 0.846 
 474 G _   0.007 0.016 0.000 0.006 0.002 0.008 0.106 0.854 
 475 P _   0.007 0.013 0.000 0.005 0.002 0.007 0.106 0.859 
 476 I _   0.006 0.012 0.000 0.005 0.002 0.007 0.106 0.862 
 477 K _   0.006 0.011 0.000 0.005 0.002 0.007 0.105 0.863 
 478 S _   0.006 0.011 0.000 0.006 0.002 0.008 0.104 0.863 
 479 K _   0.006 0.011 0.000 0.007 0.003 0.008 0.103 0.862 
 480 K _   0.006 0.012 0.000 0.008 0.003 0.009 0.102 0.861 
 481 L _   0.006 0.013 0.000 0.009 0.003 0.010 0.100 0.859 
 482 L _   0.006 0.015 0.000 0.009 0.004 0.010 0.098 0.857 
 483 Y _   0.007 0.017 0.000 0.010 0.004 0.011 0.096 0.855 
 484 K _   0.007 0.019 0.000 0.010 0.004 0.013 0.094 0.852 
 485 P _   0.007 0.021 0.001 0.011 0.005 0.014 0.092 0.849 
 486 V _   0.008 0.024 0.001 0.011 0.005 0.016 0.090 0.844 
 487 N _   0.010 0.027 0.001 0.012 0.006 0.019 0.088 0.837 
 488 H _   0.012 0.031 0.001 0.013 0.008 0.021 0.086 0.828 
 489 Y _   0.014 0.036 0.001 0.015 0.010 0.025 0.083 0.816 
 490 E _   0.017 0.042 0.001 0.017 0.012 0.028 0.081 0.802 
 491 A _   0.020 0.048 0.001 0.020 0.014 0.031 0.079 0.787 
 492 W _   0.023 0.054 0.001 0.022 0.016 0.034 0.077 0.772 
 493 Q _   0.026 0.060 0.001 0.024 0.018 0.036 0.076 0.760 
 494 H _   0.028 0.064 0.001 0.026 0.020 0.037 0.074 0.750 
 495 I _   0.030 0.068 0.001 0.027 0.021 0.038 0.073 0.742 
 496 Q _   0.032 0.070 0.001 0.028 0.022 0.038 0.072 0.737 
 497 V _   0.033 0.071 0.001 0.028 0.022 0.038 0.071 0.735 
 498 T _   0.034 0.071 0.001 0.029 0.021 0.037 0.071 0.735 
 499 N _   0.034 0.070 0.001 0.029 0.021 0.035 0.071 0.738 
 500 E _   0.034 0.067 0.001 0.028 0.019 0.033 0.072 0.744 
 501 I _   0.033 0.063 0.001 0.027 0.017 0.031 0.073 0.754 
 502 V _   0.031 0.057 0.001 0.025 0.015 0.029 0.074 0.768 
 503 T _   0.028 0.049 0.001 0.021 0.013 0.026 0.075 0.786 
 504 L _   0.026 0.040 0.001 0.017 0.010 0.023 0.077 0.806 
 505 N _   0.023 0.032 0.001 0.013 0.008 0.021 0.078 0.826 
 506 Y _   0.020 0.024 0.001 0.009 0.006 0.019 0.079 0.843 
 507 L _   0.018 0.019 0.001 0.007 0.005 0.017 0.079 0.856 
 508 E _   0.016 0.016 0.000 0.005 0.004 0.016 0.079 0.863 
 509 P _   0.016 0.015 0.000 0.004 0.004 0.017 0.079 0.866 
 510 R _   0.016 0.016 0.000 0.005 0.004 0.018 0.078 0.862 
 511 T _   0.018 0.019 0.001 0.006 0.006 0.020 0.078 0.853 
 512 E _   0.020 0.028 0.001 0.010 0.008 0.023 0.076 0.835 
 513 Y _   0.022 0.044 0.001 0.016 0.011 0.026 0.075 0.805 
 514 E _   0.023 0.068 0.001 0.025 0.015 0.028 0.073 0.766 
 515 L _   0.024 0.096 0.002 0.035 0.018 0.029 0.072 0.725 
 516 C _   0.023 0.119 0.002 0.044 0.020 0.029 0.070 0.692 
 517 V _   0.023 0.135 0.002 0.052 0.021 0.029 0.070 0.669 
 518 Q _   0.022 0.144 0.002 0.057 0.020 0.027 0.070 0.658 
 519 L _   0.021 0.146 0.001 0.058 0.019 0.026 0.070 0.659 
 520 V _   0.019 0.143 0.001 0.055 0.017 0.023 0.071 0.669 
 521 R _   0.017 0.135 0.001 0.048 0.014 0.020 0.073 0.690 
 522 R _   0.016 0.119 0.001 0.039 0.011 0.017 0.076 0.721 
 523 G _   0.014 0.098 0.001 0.028 0.008 0.015 0.078 0.758 
 524 E _   0.012 0.074 0.001 0.019 0.006 0.012 0.080 0.797 
 525 G _   0.010 0.054 0.001 0.011 0.004 0.010 0.082 0.829 
 526 G _   0.008 0.040 0.000 0.007 0.002 0.008 0.083 0.851 
 527 E _   0.007 0.034 0.000 0.004 0.002 0.007 0.083 0.863 
 528 G _   0.006 0.032 0.000 0.003 0.001 0.007 0.083 0.867 
 529 H _   0.006 0.032 0.000 0.003 0.002 0.009 0.082 0.866 
 530 P _   0.008 0.037 0.000 0.005 0.003 0.011 0.080 0.855 
 531 G _   0.010 0.052 0.001 0.009 0.005 0.014 0.078 0.831 
 532 P _   0.012 0.086 0.001 0.017 0.009 0.018 0.074 0.783 
 533 V _   0.013 0.148 0.002 0.028 0.013 0.022 0.069 0.707 
 534 R _   0.012 0.220 0.002 0.040 0.016 0.023 0.064 0.623 
 535 R _   0.011 0.280 0.002 0.050 0.017 0.023 0.060 0.557 
 536 F _   0.010 0.318 0.001 0.056 0.017 0.022 0.057 0.518 
 537 T _   0.009 0.339 0.001 0.059 0.016 0.021 0.056 0.499 
 538 T _   0.009 0.348 0.001 0.058 0.015 0.019 0.055 0.495 
 539 A _   0.008 0.349 0.001 0.054 0.014 0.018 0.055 0.501 
 540 S _   0.008 0.343 0.001 0.048 0.012 0.016 0.056 0.516 
 541 I _   0.008 0.330 0.001 0.040 0.010 0.015 0.057 0.539 
 542 G _   0.008 0.310 0.001 0.032 0.009 0.014 0.058 0.568 
 543 L _   0.008 0.285 0.001 0.025 0.008 0.013 0.060 0.600 
 544 P _   0.008 0.259 0.001 0.020 0.006 0.012 0.063 0.632 
 545 P _   0.008 0.235 0.001 0.016 0.005 0.011 0.065 0.659 
 546 P _   0.008 0.216 0.001 0.014 0.005 0.011 0.067 0.680 
 547 R _   0.007 0.201 0.001 0.012 0.004 0.010 0.069 0.696 
 548 G _   0.007 0.190 0.000 0.011 0.004 0.010 0.070 0.707 
 549 L _   0.007 0.182 0.000 0.010 0.003 0.010 0.071 0.716 
 550 N _   0.007 0.176 0.000 0.010 0.003 0.010 0.072 0.722 
 551 L _   0.006 0.172 0.000 0.009 0.003 0.010 0.073 0.726 
 552 L _   0.006 0.169 0.000 0.009 0.003 0.010 0.073 0.730 
 553 P _   0.006 0.168 0.000 0.009 0.003 0.010 0.073 0.731 
 554 K _   0.006 0.168 0.000 0.009 0.003 0.010 0.073 0.730 
 555 S _   0.006 0.170 0.000 0.010 0.004 0.011 0.073 0.725 
 556 Q _   0.007 0.175 0.001 0.012 0.005 0.013 0.072 0.716 
 557 T _   0.007 0.183 0.001 0.016 0.006 0.014 0.072 0.702 
 558 T _   0.008 0.193 0.001 0.021 0.008 0.016 0.071 0.682 
 559 L _   0.009 0.204 0.001 0.028 0.009 0.017 0.070 0.661 
 560 N _   0.010 0.213 0.001 0.035 0.011 0.018 0.070 0.641 
 561 L _   0.010 0.219 0.001 0.041 0.012 0.018 0.071 0.628 
 562 T _   0.011 0.220 0.001 0.044 0.012 0.018 0.072 0.622 
 563 W _   0.011 0.216 0.001 0.045 0.012 0.017 0.073 0.626 
 564 Q _   0.011 0.205 0.001 0.041 0.011 0.016 0.075 0.640 
 565 P _   0.010 0.185 0.001 0.035 0.010 0.014 0.078 0.667 
 566 I _   0.010 0.155 0.001 0.028 0.008 0.013 0.081 0.704 
 567 F _   0.009 0.120 0.001 0.020 0.006 0.011 0.085 0.747 
 568 P _   0.009 0.087 0.001 0.013 0.005 0.010 0.088 0.787 
 569 S _   0.008 0.065 0.000 0.008 0.003 0.009 0.091 0.816 
 570 S _   0.007 0.052 0.000 0.006 0.002 0.008 0.092 0.831 
 571 E _   0.007 0.047 0.000 0.005 0.002 0.008 0.093 0.837 
 572 D _   0.007 0.046 0.000 0.006 0.002 0.009 0.094 0.836 
 573 D _   0.007 0.048 0.000 0.008 0.003 0.010 0.094 0.830 
 574 F _   0.008 0.052 0.000 0.012 0.004 0.012 0.094 0.818 
 575 Y _   0.009 0.059 0.001 0.019 0.006 0.013 0.093 0.801 
 576 V _   0.009 0.067 0.001 0.027 0.007 0.015 0.092 0.782 
 577 E _   0.009 0.074 0.001 0.033 0.008 0.015 0.092 0.768 
 578 V _   0.009 0.077 0.001 0.038 0.008 0.015 0.092 0.760 
 579 E _   0.009 0.077 0.001 0.038 0.008 0.014 0.092 0.760 
 580 R _   0.008 0.075 0.001 0.036 0.008 0.013 0.093 0.766 
 581 R _   0.008 0.069 0.001 0.031 0.007 0.012 0.095 0.778 
 582 S _   0.007 0.060 0.001 0.024 0.005 0.010 0.097 0.796 
 583 V _   0.007 0.048 0.001 0.017 0.004 0.009 0.099 0.815 
 584 Q _   0.006 0.037 0.000 0.012 0.003 0.008 0.101 0.833 
 585 K _   0.006 0.029 0.000 0.008 0.002 0.007 0.102 0.847 
 586 S _   0.005 0.024 0.000 0.005 0.002 0.006 0.102 0.856 
 587 D _   0.005 0.021 0.000 0.004 0.001 0.006 0.102 0.860 
 588 Q _   0.005 0.020 0.000 0.004 0.001 0.006 0.102 0.862 
 589 Q _   0.005 0.021 0.000 0.004 0.002 0.007 0.101 0.861 
 590 N _   0.006 0.024 0.000 0.005 0.002 0.009 0.099 0.855 
 591 I _   0.007 0.032 0.000 0.008 0.004 0.012 0.096 0.841 
 592 K _   0.009 0.050 0.001 0.013 0.006 0.016 0.092 0.814 
 593 V _   0.011 0.081 0.001 0.020 0.009 0.020 0.087 0.770 
 594 P _   0.013 0.125 0.001 0.029 0.013 0.024 0.081 0.713 
 595 G _   0.013 0.174 0.002 0.040 0.016 0.026 0.076 0.653 
 596 N _   0.014 0.214 0.002 0.050 0.018 0.027 0.071 0.604 
 597 L _   0.014 0.240 0.002 0.057 0.020 0.028 0.068 0.573 
 598 T _   0.014 0.255 0.001 0.060 0.020 0.027 0.066 0.558 
 599 S _   0.014 0.261 0.001 0.060 0.019 0.026 0.064 0.554 
 600 V _   0.014 0.260 0.001 0.056 0.018 0.025 0.063 0.562 
 601 L _   0.014 0.253 0.001 0.049 0.016 0.023 0.063 0.581 
 602 L _   0.014 0.237 0.001 0.040 0.013 0.021 0.063 0.610 
 603 N _   0.013 0.215 0.001 0.030 0.011 0.019 0.064 0.646 
 604 N _   0.013 0.189 0.001 0.022 0.009 0.017 0.065 0.684 
 605 L _   0.013 0.165 0.001 0.015 0.007 0.016 0.065 0.718 
 606 H _   0.012 0.147 0.001 0.011 0.005 0.015 0.066 0.744 
 607 P _   0.011 0.136 0.001 0.008 0.004 0.014 0.066 0.760 
 608 R _   0.011 0.131 0.000 0.007 0.004 0.014 0.066 0.767 
 609 E _   0.011 0.130 0.000 0.008 0.004 0.014 0.065 0.768 
 610 Q _   0.011 0.132 0.001 0.009 0.005 0.014 0.065 0.765 
 611 Y _   0.011 0.137 0.001 0.011 0.005 0.014 0.064 0.757 
 612 V _   0.011 0.145 0.001 0.014 0.006 0.014 0.063 0.746 
 613 V _   0.010 0.153 0.001 0.017 0.007 0.014 0.062 0.736 
 614 R _   0.010 0.161 0.001 0.019 0.007 0.014 0.061 0.727 
 615 A _   0.010 0.167 0.001 0.021 0.007 0.014 0.061 0.721 
 616 R _   0.009 0.170 0.001 0.021 0.007 0.013 0.060 0.719 
 617 V _   0.008 0.171 0.001 0.020 0.007 0.013 0.060 0.720 
 618 N _   0.008 0.170 0.001 0.018 0.006 0.012 0.060 0.725 
 619 T _   0.007 0.168 0.001 0.016 0.005 0.011 0.060 0.731 
 620 K _   0.007 0.165 0.001 0.013 0.005 0.011 0.061 0.738 
 621 A _   0.007 0.162 0.000 0.011 0.004 0.011 0.061 0.743 
 622 Q _   0.007 0.161 0.000 0.009 0.004 0.011 0.061 0.746 
 623 G _   0.007 0.161 0.000 0.009 0.004 0.012 0.061 0.746 
 624 E _   0.008 0.164 0.000 0.010 0.004 0.013 0.060 0.741 
 625 W _   0.008 0.171 0.001 0.012 0.005 0.014 0.060 0.729 
 626 S _   0.009 0.181 0.001 0.016 0.007 0.016 0.059 0.711 
 627 E _   0.010 0.195 0.001 0.021 0.009 0.018 0.058 0.687 
 628 D _   0.011 0.211 0.001 0.029 0.011 0.019 0.058 0.660 
 629 L _   0.012 0.225 0.001 0.036 0.013 0.020 0.057 0.637 
 630 T _   0.012 0.233 0.001 0.043 0.014 0.020 0.057 0.620 
 631 A _   0.012 0.237 0.001 0.048 0.014 0.019 0.058 0.612 
 632 W _   0.012 0.234 0.001 0.049 0.014 0.018 0.059 0.614 
 633 T _   0.011 0.224 0.001 0.047 0.013 0.017 0.061 0.626 
 634 L _   0.011 0.206 0.001 0.042 0.011 0.015 0.063 0.650 
 635 S _   0.011 0.176 0.001 0.035 0.010 0.014 0.066 0.687 
 636 D _   0.011 0.137 0.001 0.027 0.008 0.013 0.070 0.734 
 637 I _   0.010 0.095 0.001 0.020 0.006 0.011 0.074 0.782 
 638 L _   0.009 0.060 0.001 0.014 0.005 0.010 0.077 0.825 
 639 P _   0.008 0.036 0.000 0.009 0.003 0.009 0.080 0.855 
 640 P _   0.007 0.022 0.000 0.006 0.003 0.008 0.082 0.873 
 641 Q _   0.006 0.015 0.000 0.005 0.002 0.007 0.083 0.882 
 642 P _   0.006 0.011 0.000 0.005 0.002 0.008 0.083 0.886 
 643 E _   0.005 0.010 0.000 0.005 0.002 0.008 0.084 0.886 
 644 N _   0.006 0.009 0.000 0.005 0.002 0.009 0.083 0.885 
 645 I _   0.006 0.009 0.000 0.006 0.003 0.011 0.083 0.882 
 646 K _   0.007 0.010 0.000 0.007 0.003 0.013 0.082 0.877 
 647 I _   0.008 0.012 0.000 0.009 0.004 0.015 0.080 0.872 
 648 S _   0.010 0.014 0.001 0.010 0.005 0.019 0.078 0.864 
 649 N _   0.012 0.017 0.001 0.011 0.006 0.023 0.077 0.853 
 650 I _   0.016 0.020 0.001 0.012 0.009 0.028 0.075 0.839 
 651 T _   0.021 0.025 0.001 0.014 0.012 0.034 0.072 0.819 
 652 H _   0.028 0.032 0.001 0.017 0.018 0.042 0.070 0.793 
 653 S _   0.036 0.041 0.002 0.021 0.025 0.049 0.068 0.759 
 654 S _   0.046 0.053 0.002 0.027 0.032 0.055 0.065 0.720 
 655 A _   0.055 0.065 0.002 0.033 0.039 0.060 0.063 0.683 
 656 V _   0.063 0.075 0.002 0.040 0.044 0.063 0.062 0.651 
 657 I _   0.069 0.082 0.002 0.046 0.047 0.063 0.061 0.629 
 658 S _   0.073 0.086 0.002 0.048 0.047 0.062 0.061 0.620 
 659 W _   0.075 0.086 0.002 0.047 0.044 0.059 0.062 0.625 
 660 T _   0.074 0.081 0.002 0.042 0.039 0.055 0.063 0.644 
 661 I _   0.071 0.072 0.002 0.034 0.033 0.050 0.064 0.674 
 662 L _   0.065 0.061 0.002 0.025 0.026 0.045 0.066 0.711 
 663 D _   0.058 0.048 0.002 0.017 0.019 0.041 0.067 0.748 
