#TopoPred_TM8: 8-state transmembrane topology prediction results by no_profile mode 
#probabilities are in the order of H E C I L F X _, the 8 transmembrane topology types used in PDBTM 
   1 M X   0.014 0.002 0.002 0.080 0.011 0.012 0.680 0.198 
   2 G X   0.006 0.002 0.000 0.054 0.002 0.006 0.700 0.229 
   3 N X   0.002 0.002 0.000 0.034 0.001 0.004 0.704 0.254 
   4 T X   0.001 0.002 0.000 0.024 0.001 0.004 0.700 0.268 
   5 T X   0.001 0.003 0.000 0.019 0.001 0.005 0.691 0.279 
   6 S X   0.002 0.005 0.000 0.017 0.001 0.006 0.679 0.289 
   7 D X   0.002 0.007 0.000 0.016 0.002 0.007 0.666 0.300 
   8 R X   0.003 0.012 0.000 0.017 0.002 0.008 0.648 0.310 
   9 V X   0.003 0.018 0.000 0.019 0.003 0.009 0.628 0.321 
  10 S X   0.003 0.026 0.001 0.021 0.003 0.009 0.605 0.331 
  11 G X   0.003 0.036 0.001 0.025 0.004 0.010 0.581 0.341 
  12 E X   0.003 0.047 0.001 0.028 0.005 0.010 0.557 0.350 
  13 R X   0.003 0.057 0.001 0.030 0.005 0.010 0.535 0.359 
  14 H X   0.003 0.066 0.001 0.031 0.005 0.010 0.515 0.369 
  15 G X   0.003 0.074 0.001 0.032 0.005 0.010 0.497 0.378 
  16 A X   0.003 0.080 0.001 0.031 0.005 0.010 0.482 0.388 
  17 K X   0.003 0.085 0.001 0.030 0.005 0.009 0.469 0.398 
  18 A X   0.003 0.088 0.001 0.028 0.004 0.009 0.458 0.408 
  19 A X   0.003 0.090 0.001 0.026 0.004 0.008 0.449 0.419 
  20 R X   0.003 0.090 0.000 0.023 0.004 0.008 0.440 0.431 
  21 S _   0.003 0.090 0.000 0.020 0.003 0.007 0.433 0.443 
  22 E _   0.003 0.089 0.000 0.017 0.003 0.007 0.426 0.455 
  23 G _   0.003 0.087 0.000 0.014 0.003 0.006 0.420 0.467 
  24 A _   0.003 0.085 0.000 0.011 0.002 0.006 0.414 0.479 
  25 G _   0.003 0.083 0.000 0.009 0.002 0.006 0.407 0.489 
  26 G _   0.003 0.083 0.000 0.008 0.002 0.006 0.400 0.498 
  27 H _   0.003 0.083 0.000 0.007 0.002 0.006 0.393 0.506 
  28 A _   0.003 0.086 0.000 0.008 0.002 0.006 0.384 0.510 
  29 P _   0.003 0.090 0.000 0.009 0.003 0.007 0.375 0.512 
  30 G _   0.004 0.099 0.000 0.012 0.003 0.009 0.364 0.509 
  31 K _   0.004 0.111 0.001 0.016 0.005 0.010 0.352 0.502 
  32 E _   0.004 0.127 0.001 0.021 0.006 0.011 0.340 0.490 
  33 H _   0.005 0.144 0.001 0.026 0.007 0.012 0.327 0.477 
  34 K _   0.005 0.160 0.001 0.031 0.008 0.013 0.317 0.465 
  35 I _   0.005 0.171 0.001 0.035 0.008 0.013 0.308 0.459 
  36 M _   0.005 0.178 0.001 0.037 0.008 0.013 0.301 0.457 
  37 V _   0.005 0.181 0.001 0.037 0.008 0.013 0.295 0.460 
  38 G _   0.005 0.181 0.001 0.036 0.008 0.013 0.291 0.466 
  39 S _   0.005 0.177 0.001 0.033 0.008 0.012 0.288 0.476 
  40 T _   0.005 0.171 0.001 0.030 0.007 0.012 0.286 0.488 
  41 D _   0.006 0.163 0.001 0.028 0.007 0.011 0.284 0.501 
  42 D _   0.006 0.153 0.001 0.025 0.006 0.011 0.284 0.514 
  43 P _   0.006 0.140 0.001 0.023 0.006 0.011 0.284 0.529 
  44 S _   0.007 0.127 0.001 0.021 0.005 0.010 0.285 0.545 
  45 V _   0.007 0.112 0.001 0.019 0.005 0.010 0.285 0.562 
  46 F _   0.007 0.097 0.001 0.017 0.004 0.009 0.286 0.580 
  47 S _   0.006 0.081 0.001 0.014 0.004 0.008 0.286 0.600 
  48 L _   0.006 0.066 0.000 0.011 0.003 0.007 0.286 0.619 
  49 P _   0.005 0.054 0.000 0.009 0.002 0.007 0.285 0.637 
  50 D _   0.005 0.044 0.000 0.006 0.002 0.006 0.284 0.652 
  51 S _   0.004 0.038 0.000 0.005 0.002 0.006 0.282 0.663 
  52 K _   0.004 0.034 0.000 0.004 0.001 0.006 0.279 0.671 
  53 L _   0.004 0.033 0.000 0.004 0.002 0.006 0.276 0.675 
  54 P _   0.004 0.034 0.000 0.006 0.002 0.007 0.271 0.675 
  55 G _   0.005 0.037 0.000 0.008 0.003 0.009 0.266 0.672 
  56 D _   0.006 0.044 0.000 0.013 0.004 0.011 0.260 0.663 
  57 K _   0.006 0.053 0.001 0.020 0.005 0.012 0.252 0.650 
  58 E _   0.007 0.062 0.001 0.028 0.007 0.014 0.245 0.637 
  59 F _   0.007 0.069 0.001 0.034 0.008 0.014 0.239 0.627 
  60 V _   0.007 0.074 0.001 0.038 0.008 0.015 0.234 0.623 
  61 S _   0.007 0.075 0.001 0.039 0.008 0.014 0.230 0.626 
  62 W _   0.007 0.073 0.001 0.036 0.008 0.013 0.227 0.635 
  63 Q _   0.007 0.068 0.001 0.031 0.007 0.012 0.225 0.649 
  64 Q _   0.007 0.061 0.001 0.024 0.006 0.010 0.224 0.667 
  65 D _   0.006 0.051 0.001 0.018 0.004 0.009 0.223 0.687 
  66 L _   0.006 0.041 0.000 0.012 0.003 0.008 0.223 0.706 
  67 E _   0.006 0.033 0.000 0.008 0.002 0.007 0.221 0.721 
  68 D _   0.005 0.028 0.000 0.006 0.002 0.007 0.220 0.732 
  69 S _   0.005 0.025 0.000 0.005 0.002 0.006 0.217 0.739 
  70 V _   0.005 0.024 0.000 0.004 0.002 0.006 0.214 0.744 
  71 K _   0.005 0.025 0.000 0.005 0.002 0.007 0.210 0.745 
  72 P _   0.006 0.027 0.000 0.006 0.002 0.008 0.205 0.745 
  73 T _   0.006 0.032 0.000 0.008 0.003 0.009 0.200 0.741 
  74 Q _   0.007 0.040 0.001 0.010 0.004 0.011 0.193 0.735 
  75 Q _   0.007 0.051 0.001 0.013 0.005 0.012 0.186 0.726 
  76 A _   0.007 0.064 0.001 0.016 0.006 0.013 0.178 0.715 
  77 R _   0.007 0.079 0.001 0.018 0.007 0.014 0.170 0.704 
  78 P _   0.007 0.093 0.001 0.020 0.007 0.015 0.162 0.695 
  79 T _   0.008 0.106 0.001 0.020 0.007 0.016 0.155 0.687 
  80 V _   0.008 0.118 0.001 0.020 0.008 0.016 0.149 0.681 
  81 I _   0.008 0.128 0.001 0.020 0.008 0.017 0.142 0.675 
  82 R _   0.009 0.138 0.001 0.020 0.008 0.018 0.137 0.669 
  83 W _   0.009 0.148 0.001 0.020 0.009 0.019 0.131 0.663 
  84 S _   0.010 0.158 0.001 0.021 0.010 0.020 0.126 0.655 
  85 E _   0.010 0.168 0.001 0.022 0.011 0.021 0.121 0.644 
  86 G _   0.011 0.180 0.001 0.025 0.013 0.022 0.116 0.632 
  87 G _   0.012 0.191 0.001 0.028 0.014 0.023 0.112 0.620 
  88 K _   0.013 0.200 0.001 0.031 0.014 0.023 0.108 0.609 
  89 E _   0.013 0.207 0.001 0.034 0.015 0.023 0.105 0.602 
  90 V _   0.014 0.211 0.001 0.035 0.015 0.022 0.102 0.600 
  91 F _   0.013 0.211 0.001 0.035 0.014 0.021 0.100 0.604 
  92 I _   0.012 0.207 0.001 0.034 0.013 0.020 0.099 0.615 
  93 S _   0.012 0.199 0.001 0.030 0.011 0.018 0.098 0.631 
  94 G _   0.011 0.187 0.001 0.026 0.010 0.017 0.097 0.651 
  95 S _   0.011 0.172 0.001 0.022 0.008 0.015 0.097 0.675 
  96 F _   0.010 0.155 0.001 0.018 0.007 0.014 0.097 0.698 
  97 N _   0.009 0.139 0.001 0.015 0.006 0.013 0.097 0.720 
  98 N _   0.009 0.126 0.001 0.012 0.005 0.013 0.097 0.737 
  99 W _   0.009 0.117 0.001 0.011 0.005 0.012 0.096 0.750 
 100 S _   0.008 0.110 0.001 0.010 0.004 0.012 0.096 0.759 
 101 T _   0.008 0.106 0.001 0.010 0.004 0.011 0.096 0.764 
 102 K _   0.008 0.103 0.000 0.010 0.004 0.011 0.095 0.768 
 103 I _   0.008 0.102 0.001 0.010 0.004 0.011 0.094 0.770 
 104 P _   0.008 0.102 0.001 0.010 0.004 0.011 0.093 0.771 
 105 L _   0.008 0.102 0.001 0.010 0.004 0.012 0.092 0.771 
 106 I _   0.008 0.103 0.001 0.011 0.005 0.012 0.091 0.770 
 107 K _   0.008 0.105 0.001 0.012 0.005 0.013 0.090 0.767 
 108 S _   0.008 0.108 0.001 0.013 0.006 0.013 0.089 0.762 
 109 H _   0.009 0.112 0.001 0.015 0.006 0.014 0.088 0.754 
 110 N _   0.009 0.118 0.001 0.018 0.007 0.015 0.087 0.745 
 111 D _   0.010 0.123 0.001 0.021 0.008 0.016 0.086 0.735 
 112 F _   0.010 0.128 0.001 0.025 0.009 0.016 0.086 0.725 
 113 V _   0.011 0.132 0.001 0.028 0.010 0.016 0.085 0.717 
 114 A _   0.011 0.133 0.001 0.030 0.010 0.016 0.085 0.714 
 115 I _   0.011 0.131 0.001 0.030 0.009 0.016 0.086 0.716 
 116 L _   0.011 0.127 0.001 0.028 0.009 0.015 0.086 0.723 
 117 D _   0.010 0.119 0.001 0.025 0.008 0.014 0.087 0.736 
 118 L _   0.010 0.107 0.001 0.021 0.007 0.013 0.089 0.753 
 119 P _   0.009 0.094 0.001 0.016 0.006 0.012 0.090 0.771 
 120 E _   0.009 0.081 0.001 0.013 0.005 0.012 0.092 0.788 
 121 G _   0.009 0.071 0.001 0.011 0.004 0.011 0.093 0.800 
 122 E _   0.009 0.063 0.000 0.009 0.004 0.011 0.094 0.808 
 123 H _   0.009 0.059 0.000 0.009 0.004 0.011 0.096 0.812 
 124 Q _   0.009 0.056 0.000 0.010 0.004 0.012 0.097 0.812 
 125 Y _   0.009 0.055 0.001 0.012 0.005 0.012 0.097 0.809 
 126 K _   0.010 0.054 0.001 0.015 0.005 0.013 0.098 0.804 
 127 F _   0.010 0.054 0.001 0.018 0.006 0.013 0.100 0.800 
 128 F _   0.010 0.052 0.001 0.020 0.006 0.013 0.101 0.798 
 129 V _   0.010 0.050 0.001 0.021 0.007 0.012 0.102 0.798 
 130 D _   0.009 0.046 0.001 0.020 0.006 0.012 0.104 0.802 
 131 G _   0.009 0.040 0.001 0.018 0.006 0.011 0.106 0.810 
 132 Q _   0.008 0.033 0.001 0.014 0.005 0.010 0.109 0.820 
 133 W _   0.008 0.026 0.001 0.010 0.004 0.009 0.111 0.832 
 134 V _   0.007 0.019 0.000 0.007 0.003 0.009 0.112 0.842 
 135 H _   0.007 0.015 0.000 0.005 0.002 0.008 0.113 0.849 
 136 D _   0.007 0.013 0.000 0.004 0.002 0.009 0.114 0.851 
 137 P _   0.008 0.012 0.000 0.003 0.002 0.010 0.114 0.849 
 138 S _   0.010 0.014 0.000 0.004 0.003 0.013 0.114 0.842 
 139 E _   0.012 0.019 0.000 0.006 0.005 0.017 0.114 0.828 
 140 P _   0.016 0.031 0.001 0.010 0.008 0.022 0.112 0.801 
 141 V _   0.019 0.057 0.001 0.016 0.012 0.027 0.110 0.757 
 142 V _   0.021 0.097 0.002 0.025 0.018 0.031 0.108 0.699 
 143 T _   0.022 0.141 0.002 0.034 0.021 0.033 0.106 0.641 
 144 S _   0.022 0.181 0.002 0.041 0.024 0.034 0.104 0.591 
 145 Q _   0.022 0.210 0.002 0.047 0.025 0.034 0.103 0.558 
 146 L _   0.021 0.228 0.002 0.051 0.025 0.034 0.103 0.537 
 147 G _   0.020 0.237 0.002 0.053 0.024 0.032 0.104 0.529 
 148 T _   0.019 0.240 0.002 0.051 0.023 0.030 0.105 0.530 
 149 I _   0.018 0.238 0.002 0.047 0.020 0.028 0.107 0.540 
 150 N _   0.017 0.230 0.001 0.042 0.017 0.025 0.111 0.557 
 151 N _   0.016 0.216 0.001 0.035 0.014 0.023 0.114 0.581 
 152 L _   0.015 0.198 0.001 0.028 0.011 0.020 0.118 0.608 
 153 I _   0.014 0.177 0.001 0.021 0.009 0.018 0.123 0.638 
 154 H _   0.012 0.158 0.001 0.015 0.007 0.016 0.127 0.665 
 155 V _   0.011 0.142 0.001 0.011 0.005 0.014 0.130 0.685 
 156 K _   0.010 0.133 0.001 0.009 0.004 0.013 0.133 0.698 
 157 K _   0.009 0.127 0.000 0.008 0.004 0.012 0.135 0.704 
 158 S _   0.008 0.125 0.000 0.009 0.004 0.012 0.137 0.704 
 159 D _   0.008 0.126 0.001 0.010 0.004 0.012 0.139 0.699 
 160 F _   0.008 0.128 0.001 0.013 0.005 0.013 0.141 0.691 
 161 E _   0.008 0.132 0.001 0.017 0.006 0.013 0.143 0.682 
 162 V _   0.008 0.135 0.001 0.020 0.006 0.013 0.145 0.672 
 163 F _   0.008 0.137 0.001 0.022 0.007 0.013 0.147 0.665 
 164 D _   0.008 0.137 0.001 0.024 0.007 0.013 0.150 0.661 
 165 A _   0.008 0.135 0.001 0.024 0.007 0.012 0.153 0.661 
 166 L _   0.007 0.130 0.001 0.022 0.006 0.011 0.157 0.665 
 167 K _   0.007 0.123 0.001 0.020 0.006 0.011 0.162 0.670 
 168 L _   0.007 0.115 0.001 0.018 0.005 0.010 0.167 0.677 
 169 D _   0.007 0.105 0.001 0.016 0.005 0.010 0.172 0.684 
 170 S _   0.007 0.096 0.001 0.015 0.004 0.010 0.177 0.690 
 171 M _   0.007 0.088 0.001 0.014 0.004 0.009 0.183 0.694 
 172 E _   0.007 0.081 0.000 0.014 0.004 0.009 0.188 0.696 
 173 S _   0.007 0.075 0.000 0.014 0.004 0.009 0.193 0.697 
 174 S _   0.007 0.069 0.000 0.014 0.004 0.009 0.199 0.698 
 175 E _   0.007 0.063 0.000 0.015 0.004 0.009 0.204 0.699 
 176 T _   0.007 0.057 0.000 0.014 0.003 0.008 0.209 0.701 
 177 S _   0.007 0.051 0.000 0.013 0.003 0.008 0.214 0.704 
 178 C _   0.006 0.044 0.000 0.012 0.003 0.007 0.219 0.709 
 179 R _   0.006 0.038 0.000 0.010 0.002 0.007 0.223 0.714 
 180 D _   0.005 0.032 0.000 0.008 0.002 0.006 0.227 0.720 
 181 L _   0.005 0.027 0.000 0.007 0.002 0.005 0.230 0.725 
 182 S _   0.004 0.023 0.000 0.005 0.001 0.005 0.232 0.729 
 183 S _   0.004 0.021 0.000 0.004 0.001 0.004 0.233 0.732 
 184 S _   0.004 0.020 0.000 0.004 0.001 0.004 0.233 0.734 
 185 P _   0.003 0.020 0.000 0.004 0.001 0.005 0.233 0.733 
 186 P _   0.004 0.023 0.000 0.005 0.001 0.006 0.231 0.730 
 187 G _   0.004 0.028 0.000 0.007 0.002 0.008 0.229 0.722 
 188 P _   0.005 0.039 0.000 0.011 0.003 0.010 0.225 0.707 
 189 Y _   0.006 0.057 0.001 0.017 0.005 0.012 0.220 0.682 
 190 G _   0.006 0.084 0.001 0.025 0.007 0.015 0.214 0.648 
 191 Q _   0.007 0.114 0.001 0.034 0.009 0.016 0.208 0.611 
 192 E _   0.006 0.140 0.001 0.043 0.010 0.017 0.203 0.579 
 193 M _   0.006 0.158 0.001 0.050 0.011 0.018 0.199 0.558 
 194 Y _   0.006 0.168 0.001 0.053 0.011 0.018 0.197 0.546 
 195 A _   0.006 0.172 0.001 0.053 0.011 0.017 0.196 0.544 
 196 F _   0.006 0.172 0.001 0.050 0.011 0.016 0.196 0.549 
 197 R _   0.006 0.167 0.001 0.044 0.010 0.015 0.197 0.560 
 198 S _   0.006 0.156 0.001 0.037 0.009 0.014 0.199 0.578 
 199 E _   0.006 0.141 0.001 0.029 0.007 0.013 0.202 0.600 
 200 E _   0.006 0.122 0.001 0.021 0.006 0.012 0.206 0.625 
 201 R _   0.007 0.104 0.001 0.015 0.005 0.012 0.209 0.648 
 202 F _   0.007 0.090 0.001 0.010 0.004 0.011 0.212 0.665 
 203 K _   0.007 0.080 0.000 0.007 0.003 0.011 0.215 0.676 
 204 S _   0.007 0.076 0.000 0.006 0.003 0.012 0.216 0.680 
 205 P _   0.008 0.074 0.000 0.006 0.003 0.014 0.217 0.678 
 206 P _   0.010 0.077 0.000 0.007 0.004 0.016 0.217 0.669 
 207 I _   0.012 0.084 0.001 0.010 0.006 0.019 0.217 0.651 
 208 L _   0.014 0.100 0.001 0.015 0.010 0.023 0.216 0.621 
 209 P _   0.016 0.126 0.001 0.024 0.014 0.026 0.215 0.577 
 210 P _   0.017 0.158 0.002 0.035 0.018 0.029 0.213 0.528 
 211 H _   0.017 0.187 0.002 0.046 0.021 0.029 0.213 0.484 
 212 L _   0.017 0.207 0.002 0.056 0.022 0.029 0.214 0.453 
 213 L _   0.016 0.217 0.002 0.063 0.022 0.028 0.216 0.435 
 214 Q _   0.016 0.221 0.002 0.066 0.021 0.026 0.220 0.429 
 215 V _   0.015 0.218 0.002 0.064 0.020 0.024 0.225 0.434 
 216 I _   0.014 0.207 0.002 0.058 0.017 0.021 0.232 0.449 
 217 L _   0.013 0.187 0.002 0.049 0.015 0.019 0.241 0.476 
 218 N _   0.012 0.156 0.001 0.038 0.012 0.016 0.252 0.513 
 219 K _   0.011 0.117 0.001 0.028 0.009 0.014 0.265 0.555 
 220 D _   0.010 0.078 0.001 0.019 0.007 0.012 0.277 0.596 
 221 T _   0.009 0.048 0.001 0.012 0.005 0.010 0.288 0.627 
 222 N _   0.007 0.029 0.000 0.008 0.003 0.008 0.297 0.647 
 223 I _   0.006 0.019 0.000 0.006 0.002 0.007 0.303 0.656 
 224 S _   0.005 0.014 0.000 0.005 0.002 0.006 0.308 0.660 
 225 C _   0.005 0.011 0.000 0.004 0.002 0.006 0.311 0.660 
 226 D _   0.005 0.010 0.000 0.004 0.002 0.006 0.314 0.659 
 227 P _   0.005 0.009 0.000 0.005 0.002 0.006 0.316 0.658 
 228 A _   0.005 0.009 0.000 0.005 0.002 0.007 0.317 0.655 
 229 L _   0.004 0.009 0.000 0.005 0.002 0.007 0.318 0.653 
 230 L _   0.005 0.010 0.000 0.006 0.002 0.008 0.319 0.650 
 231 P _   0.005 0.012 0.000 0.006 0.003 0.010 0.319 0.646 
 232 E _   0.006 0.014 0.000 0.007 0.003 0.011 0.318 0.641 
 233 P _   0.007 0.017 0.000 0.008 0.004 0.014 0.318 0.632 
 234 N _   0.009 0.022 0.001 0.009 0.006 0.017 0.317 0.620 
 235 H _   0.011 0.030 0.001 0.012 0.008 0.021 0.316 0.602 
 236 V _   0.014 0.040 0.001 0.016 0.011 0.025 0.315 0.580 
 237 M _   0.017 0.052 0.001 0.020 0.014 0.028 0.314 0.555 
 238 L _   0.019 0.063 0.001 0.024 0.016 0.031 0.314 0.532 
 239 N _   0.020 0.072 0.001 0.028 0.018 0.033 0.315 0.513 
 240 H _   0.022 0.078 0.001 0.029 0.019 0.034 0.316 0.501 
 241 L _   0.023 0.081 0.001 0.028 0.019 0.034 0.319 0.495 
 242 Y _   0.024 0.082 0.001 0.026 0.018 0.034 0.322 0.494 
 243 A _   0.024 0.081 0.001 0.022 0.017 0.033 0.326 0.496 
 244 L _   0.025 0.079 0.001 0.019 0.016 0.032 0.330 0.499 
 245 S _   0.025 0.077 0.001 0.016 0.015 0.031 0.334 0.501 
 246 I _   0.025 0.075 0.001 0.015 0.014 0.030 0.340 0.500 
 247 K _   0.025 0.074 0.001 0.015 0.013 0.029 0.345 0.497 
 248 D _   0.025 0.074 0.001 0.016 0.013 0.028 0.351 0.491 
 249 S _   0.025 0.075 0.001 0.018 0.013 0.027 0.357 0.484 
 250 V _   0.024 0.075 0.001 0.021 0.013 0.026 0.365 0.477 
 251 M _   0.023 0.074 0.001 0.022 0.012 0.024 0.373 0.471 
 252 V _   0.021 0.072 0.001 0.022 0.011 0.022 0.382 0.470 
 253 L _   0.019 0.068 0.001 0.020 0.010 0.020 0.392 0.472 
 254 S _   0.017 0.062 0.001 0.017 0.008 0.017 0.402 0.476 
 255 A _   0.015 0.055 0.001 0.013 0.006 0.016 0.412 0.483 
 256 T _   0.013 0.049 0.001 0.009 0.005 0.014 0.421 0.488 
 257 H _   0.011 0.044 0.000 0.007 0.004 0.013 0.430 0.491 
 258 R _   0.010 0.042 0.000 0.005 0.003 0.013 0.437 0.489 
 259 Y _   0.010 0.042 0.000 0.005 0.003 0.013 0.444 0.483 
 260 K _   0.011 0.044 0.000 0.006 0.004 0.014 0.450 0.472 
 261 K X   0.011 0.049 0.001 0.009 0.005 0.015 0.456 0.454 
 262 K X   0.012 0.059 0.001 0.014 0.006 0.016 0.461 0.431 
 263 Y X   0.011 0.071 0.001 0.021 0.008 0.016 0.467 0.405 
 264 V X   0.010 0.083 0.001 0.027 0.009 0.016 0.473 0.381 
 265 T X   0.009 0.091 0.001 0.031 0.009 0.014 0.481 0.364 
 266 T X   0.007 0.096 0.001 0.033 0.008 0.012 0.490 0.353 
 267 L X   0.005 0.097 0.001 0.032 0.007 0.009 0.500 0.350 
 268 L X   0.003 0.094 0.001 0.027 0.004 0.006 0.512 0.354 
 269 Y X   0.001 0.086 0.000 0.018 0.001 0.003 0.523 0.368 
 270 K X   0.000 0.075 0.000 0.011 0.000 0.001 0.528 0.385 
 271 P X   0.000 0.066 0.000 0.010 0.000 0.001 0.527 0.396 
 272 I X   0.003 0.061 0.001 0.016 0.003 0.003 0.516 0.396 
