#TopoPred_TM8: 8-state transmembrane topology prediction results by no_profile mode 
#probabilities are in the order of H E C I L F X _, the 8 transmembrane topology types used in PDBTM 
   1 M X   0.005 0.000 0.001 0.030 0.006 0.005 0.913 0.039 
   2 R X   0.002 0.000 0.000 0.014 0.001 0.002 0.940 0.041 
   3 R X   0.001 0.000 0.000 0.007 0.000 0.001 0.948 0.043 
   4 R X   0.000 0.000 0.000 0.004 0.000 0.001 0.950 0.045 
   5 R X   0.000 0.000 0.000 0.003 0.000 0.001 0.949 0.046 
   6 R X   0.001 0.000 0.000 0.003 0.000 0.001 0.947 0.047 
   7 R X   0.001 0.000 0.000 0.003 0.000 0.001 0.946 0.049 
   8 D X   0.001 0.000 0.000 0.003 0.000 0.002 0.943 0.051 
   9 G X   0.001 0.000 0.000 0.003 0.000 0.002 0.940 0.054 
  10 F X   0.001 0.001 0.000 0.003 0.001 0.002 0.936 0.057 
  11 Y X   0.001 0.001 0.000 0.003 0.001 0.002 0.932 0.061 
  12 P X   0.001 0.001 0.000 0.003 0.001 0.002 0.927 0.066 
  13 A X   0.001 0.001 0.000 0.002 0.001 0.002 0.922 0.071 
  14 P X   0.001 0.001 0.000 0.002 0.001 0.002 0.916 0.077 
  15 D X   0.001 0.002 0.000 0.002 0.001 0.002 0.910 0.083 
  16 F X   0.001 0.002 0.000 0.002 0.001 0.002 0.902 0.090 
  17 R X   0.001 0.003 0.000 0.003 0.001 0.003 0.893 0.096 
  18 D X   0.001 0.006 0.000 0.004 0.001 0.004 0.883 0.102 
  19 R X   0.001 0.010 0.000 0.006 0.002 0.005 0.869 0.106 
  20 E X   0.002 0.017 0.000 0.010 0.003 0.006 0.853 0.108 
  21 A X   0.002 0.028 0.001 0.015 0.004 0.007 0.834 0.108 
  22 E X   0.002 0.040 0.001 0.021 0.005 0.008 0.816 0.106 
  23 D X   0.002 0.051 0.001 0.026 0.006 0.008 0.801 0.105 
  24 M X   0.002 0.058 0.001 0.030 0.006 0.009 0.789 0.105 
  25 A X   0.003 0.062 0.001 0.033 0.006 0.008 0.781 0.107 
  26 G X   0.003 0.064 0.001 0.033 0.006 0.008 0.776 0.111 
  27 V X   0.003 0.063 0.001 0.031 0.005 0.008 0.772 0.117 
  28 F X   0.003 0.061 0.000 0.028 0.005 0.007 0.771 0.126 
  29 D X   0.003 0.056 0.000 0.023 0.004 0.006 0.770 0.138 
  30 I X   0.003 0.047 0.000 0.017 0.003 0.005 0.771 0.152 
  31 D X   0.003 0.038 0.000 0.012 0.002 0.005 0.773 0.166 
  32 L X   0.003 0.028 0.000 0.008 0.002 0.004 0.775 0.180 
  33 D X   0.003 0.019 0.000 0.005 0.001 0.003 0.775 0.192 
  34 Q X   0.002 0.014 0.000 0.004 0.001 0.003 0.775 0.201 
  35 P X   0.002 0.011 0.000 0.003 0.001 0.002 0.774 0.208 
  36 E X   0.002 0.009 0.000 0.002 0.001 0.002 0.771 0.213 
  37 D X   0.002 0.008 0.000 0.002 0.001 0.002 0.766 0.219 
  38 A X   0.002 0.008 0.000 0.002 0.001 0.002 0.760 0.225 
  39 G X   0.002 0.008 0.000 0.003 0.001 0.003 0.752 0.232 
  40 S X   0.002 0.009 0.000 0.004 0.001 0.003 0.741 0.240 
  41 E X   0.002 0.011 0.000 0.005 0.001 0.004 0.727 0.249 
  42 D X   0.002 0.014 0.000 0.008 0.002 0.005 0.711 0.259 
  43 E X   0.002 0.018 0.000 0.010 0.002 0.005 0.692 0.270 
  44 L X   0.002 0.023 0.000 0.013 0.003 0.006 0.671 0.282 
  45 E X   0.002 0.029 0.000 0.016 0.003 0.007 0.649 0.293 
  46 E X   0.002 0.034 0.000 0.018 0.003 0.007 0.628 0.306 
  47 G X   0.002 0.039 0.000 0.020 0.004 0.007 0.608 0.319 
  48 G X   0.002 0.044 0.000 0.020 0.004 0.007 0.590 0.332 
  49 Q X   0.002 0.047 0.000 0.019 0.003 0.007 0.573 0.346 
  50 L X   0.002 0.050 0.000 0.018 0.003 0.007 0.558 0.361 
  51 N X   0.003 0.052 0.000 0.016 0.003 0.007 0.544 0.375 
  52 E X   0.003 0.054 0.000 0.014 0.003 0.007 0.531 0.389 
  53 S X   0.003 0.056 0.000 0.012 0.002 0.007 0.518 0.402 
  54 M X   0.003 0.058 0.000 0.011 0.002 0.007 0.505 0.414 
  55 D X   0.003 0.062 0.000 0.010 0.002 0.007 0.491 0.425 
  56 H X   0.003 0.067 0.000 0.010 0.003 0.008 0.476 0.433 
  57 G X   0.003 0.075 0.000 0.012 0.003 0.009 0.459 0.439 
  58 G _   0.004 0.087 0.001 0.015 0.004 0.010 0.439 0.440 
  59 V _   0.004 0.103 0.001 0.018 0.005 0.012 0.418 0.439 
  60 G _   0.005 0.125 0.001 0.022 0.007 0.013 0.396 0.432 
  61 P _   0.005 0.150 0.001 0.027 0.008 0.014 0.373 0.422 
  62 Y _   0.005 0.175 0.001 0.031 0.009 0.015 0.351 0.412 
  63 E _   0.005 0.197 0.001 0.035 0.010 0.016 0.332 0.404 
  64 L _   0.005 0.215 0.001 0.038 0.010 0.016 0.315 0.399 
  65 G _   0.005 0.229 0.001 0.040 0.010 0.016 0.301 0.398 
  66 M _   0.005 0.239 0.001 0.041 0.011 0.016 0.289 0.398 
  67 E _   0.005 0.245 0.001 0.041 0.011 0.016 0.279 0.402 
  68 H _   0.005 0.248 0.001 0.041 0.010 0.016 0.270 0.409 
  69 C _   0.006 0.247 0.001 0.040 0.010 0.015 0.264 0.417 
  70 E _   0.006 0.244 0.001 0.039 0.010 0.014 0.259 0.427 
  71 K _   0.006 0.238 0.001 0.037 0.009 0.014 0.254 0.441 
  72 F _   0.007 0.227 0.001 0.035 0.009 0.013 0.251 0.457 
  73 E _   0.007 0.212 0.001 0.032 0.008 0.013 0.249 0.478 
  74 I _   0.007 0.191 0.001 0.029 0.008 0.012 0.248 0.504 
  75 S _   0.008 0.165 0.001 0.026 0.007 0.011 0.247 0.534 
  76 E _   0.008 0.135 0.001 0.022 0.006 0.011 0.247 0.570 
  77 T _   0.008 0.101 0.001 0.018 0.005 0.010 0.247 0.609 
  78 S _   0.008 0.071 0.001 0.013 0.004 0.009 0.247 0.646 
  79 V _   0.007 0.047 0.001 0.010 0.003 0.009 0.247 0.677 
  80 N _   0.006 0.031 0.000 0.007 0.003 0.008 0.245 0.700 
  81 R _   0.006 0.021 0.000 0.005 0.002 0.008 0.242 0.716 
  82 G _   0.005 0.016 0.000 0.004 0.002 0.008 0.239 0.727 
  83 P _   0.005 0.014 0.000 0.003 0.002 0.009 0.235 0.732 
  84 E _   0.006 0.014 0.000 0.003 0.002 0.011 0.229 0.734 
  85 K _   0.008 0.015 0.000 0.005 0.003 0.014 0.222 0.733 
  86 I _   0.011 0.019 0.001 0.007 0.005 0.019 0.214 0.725 
  87 R _   0.014 0.029 0.001 0.011 0.008 0.025 0.203 0.708 
  88 P _   0.018 0.049 0.001 0.019 0.014 0.032 0.191 0.677 
  89 E _   0.022 0.077 0.002 0.029 0.020 0.039 0.176 0.636 
  90 C _   0.025 0.108 0.002 0.039 0.027 0.044 0.162 0.593 
  91 F _   0.028 0.135 0.002 0.050 0.032 0.047 0.149 0.556 
  92 E _   0.029 0.155 0.002 0.059 0.035 0.049 0.140 0.531 
  93 L _   0.031 0.166 0.002 0.065 0.037 0.049 0.132 0.520 
  94 L _   0.031 0.170 0.002 0.066 0.036 0.048 0.126 0.521 
  95 R _   0.032 0.169 0.002 0.063 0.034 0.046 0.121 0.534 
  96 V _   0.032 0.160 0.002 0.056 0.031 0.043 0.117 0.559 
  97 L _   0.032 0.145 0.002 0.045 0.027 0.039 0.114 0.596 
  98 G _   0.031 0.121 0.002 0.035 0.022 0.036 0.112 0.640 
  99 K _   0.031 0.094 0.002 0.026 0.018 0.033 0.110 0.687 
 100 G _   0.030 0.068 0.001 0.019 0.015 0.031 0.109 0.728 
 101 G _   0.028 0.048 0.001 0.014 0.012 0.029 0.107 0.762 
 102 Y _   0.026 0.034 0.001 0.011 0.009 0.027 0.106 0.785 
 103 G _   0.025 0.027 0.001 0.010 0.008 0.025 0.104 0.800 
 104 K _   0.024 0.022 0.001 0.010 0.008 0.024 0.103 0.809 
 105 V _   0.023 0.019 0.001 0.010 0.008 0.024 0.101 0.815 
 106 F _   0.022 0.017 0.001 0.011 0.008 0.023 0.100 0.819 
 107 Q _   0.021 0.015 0.001 0.011 0.008 0.022 0.098 0.824 
 108 V _   0.021 0.013 0.001 0.011 0.008 0.022 0.097 0.828 
 109 R _   0.020 0.011 0.001 0.011 0.008 0.021 0.095 0.833 
 110 K _   0.020 0.009 0.001 0.010 0.007 0.021 0.093 0.838 
 111 V _   0.020 0.008 0.001 0.009 0.007 0.021 0.092 0.842 
 112 T _   0.021 0.007 0.001 0.008 0.007 0.022 0.090 0.845 
 113 G _   0.022 0.006 0.001 0.007 0.007 0.023 0.089 0.846 
 114 A _   0.024 0.006 0.001 0.007 0.007 0.024 0.088 0.843 
 115 N _   0.027 0.006 0.001 0.007 0.008 0.026 0.086 0.838 
 116 T _   0.031 0.007 0.001 0.008 0.010 0.028 0.085 0.831 
 117 G _   0.035 0.008 0.001 0.009 0.011 0.030 0.083 0.822 
 118 K _   0.038 0.011 0.001 0.011 0.013 0.033 0.082 0.811 
 119 I _   0.041 0.014 0.001 0.013 0.015 0.034 0.080 0.801 
 120 F _   0.044 0.017 0.001 0.016 0.017 0.036 0.079 0.792 
 121 A _   0.044 0.020 0.001 0.018 0.018 0.036 0.078 0.785 
 122 M _   0.045 0.023 0.001 0.020 0.019 0.036 0.077 0.780 
 123 K _   0.044 0.025 0.001 0.021 0.019 0.036 0.076 0.777 
 124 V _   0.043 0.027 0.001 0.023 0.019 0.034 0.075 0.777 
 125 L _   0.041 0.029 0.001 0.024 0.018 0.033 0.075 0.779 
 126 K _   0.039 0.029 0.001 0.025 0.017 0.031 0.075 0.783 
 127 K _   0.036 0.029 0.001 0.025 0.015 0.028 0.075 0.789 
 128 A _   0.033 0.028 0.001 0.025 0.014 0.026 0.076 0.798 
 129 M _   0.029 0.026 0.001 0.024 0.012 0.023 0.076 0.809 
 130 I _   0.026 0.024 0.001 0.021 0.010 0.020 0.077 0.822 
 131 V _   0.022 0.020 0.001 0.018 0.008 0.017 0.078 0.836 
 132 R _   0.018 0.016 0.001 0.015 0.006 0.014 0.079 0.851 
 133 N _   0.015 0.012 0.001 0.012 0.005 0.012 0.079 0.866 
 134 A _   0.013 0.008 0.000 0.009 0.004 0.010 0.079 0.878 
 135 K _   0.010 0.005 0.000 0.006 0.003 0.008 0.079 0.888 
 136 D _   0.009 0.003 0.000 0.005 0.002 0.007 0.079 0.895 
 137 T _   0.007 0.002 0.000 0.004 0.002 0.007 0.078 0.900 
 138 A _   0.007 0.001 0.000 0.003 0.002 0.007 0.077 0.903 
 139 H _   0.006 0.001 0.000 0.004 0.002 0.007 0.075 0.904 
 140 T _   0.007 0.001 0.000 0.004 0.002 0.008 0.073 0.904 
 141 K _   0.007 0.001 0.000 0.005 0.003 0.010 0.071 0.902 
 142 A _   0.008 0.002 0.000 0.007 0.004 0.012 0.069 0.898 
 143 E _   0.009 0.003 0.001 0.010 0.005 0.015 0.066 0.892 
 144 R _   0.011 0.004 0.001 0.013 0.006 0.018 0.063 0.885 
 145 N _   0.013 0.005 0.001 0.015 0.008 0.021 0.060 0.878 
 146 I _   0.016 0.005 0.001 0.017 0.009 0.024 0.057 0.870 
 147 L _   0.019 0.006 0.001 0.018 0.011 0.027 0.054 0.865 
 148 E _   0.023 0.006 0.001 0.017 0.012 0.030 0.052 0.859 
 149 E _   0.028 0.005 0.001 0.016 0.013 0.033 0.049 0.854 
 150 V _   0.035 0.005 0.001 0.014 0.014 0.036 0.047 0.849 
 151 K _   0.043 0.004 0.001 0.012 0.015 0.039 0.045 0.842 
 152 H _   0.051 0.004 0.001 0.010 0.016 0.042 0.043 0.833 
 153 P _   0.061 0.003 0.001 0.010 0.018 0.045 0.041 0.821 
 154 F _   0.072 0.003 0.001 0.010 0.020 0.047 0.039 0.806 
 155 I _   0.082 0.004 0.001 0.011 0.023 0.050 0.038 0.791 
 156 V _   0.091 0.004 0.002 0.013 0.025 0.051 0.036 0.778 
 157 D _   0.098 0.005 0.002 0.015 0.026 0.052 0.035 0.767 
 158 L _   0.103 0.005 0.002 0.016 0.027 0.052 0.034 0.762 
 159 I _   0.105 0.005 0.002 0.016 0.026 0.050 0.033 0.763 
 160 Y _   0.104 0.004 0.002 0.015 0.024 0.048 0.033 0.770 
 161 A _   0.102 0.004 0.001 0.013 0.021 0.046 0.032 0.782 
 162 F _   0.097 0.003 0.001 0.010 0.018 0.043 0.032 0.796 
 163 Q _   0.093 0.002 0.001 0.008 0.015 0.041 0.031 0.810 
 164 T _   0.088 0.001 0.001 0.006 0.013 0.039 0.031 0.821 
 165 G _   0.084 0.001 0.001 0.005 0.012 0.038 0.030 0.830 
 166 G _   0.082 0.001 0.001 0.005 0.011 0.037 0.029 0.834 
 167 K _   0.081 0.001 0.001 0.005 0.012 0.037 0.029 0.834 
 168 L _   0.080 0.002 0.001 0.007 0.013 0.038 0.029 0.831 
 169 Y _   0.079 0.003 0.001 0.008 0.015 0.038 0.028 0.827 
 170 L _   0.078 0.004 0.001 0.011 0.016 0.039 0.028 0.824 
 171 I _   0.075 0.005 0.001 0.013 0.017 0.038 0.027 0.822 
 172 L _   0.072 0.006 0.001 0.015 0.018 0.038 0.027 0.824 
 173 E _   0.067 0.007 0.001 0.016 0.018 0.037 0.027 0.828 
 174 Y _   0.061 0.008 0.001 0.016 0.017 0.035 0.026 0.835 
 175 L _   0.056 0.008 0.001 0.016 0.016 0.033 0.026 0.844 
 176 S _   0.050 0.008 0.001 0.016 0.015 0.031 0.026 0.853 
 177 G _   0.045 0.008 0.001 0.015 0.013 0.029 0.026 0.862 
 178 G _   0.041 0.008 0.001 0.015 0.012 0.027 0.026 0.871 
 179 E _   0.037 0.007 0.001 0.015 0.011 0.025 0.026 0.879 
 180 L _   0.034 0.007 0.001 0.014 0.010 0.024 0.025 0.886 
 181 F _   0.031 0.006 0.001 0.013 0.008 0.022 0.025 0.894 
 182 M _   0.029 0.005 0.001 0.012 0.008 0.020 0.025 0.901 
 183 Q _   0.028 0.004 0.001 0.010 0.007 0.019 0.025 0.907 
 184 L _   0.027 0.003 0.001 0.009 0.006 0.018 0.024 0.912 
 185 E _   0.029 0.002 0.001 0.008 0.006 0.017 0.024 0.914 
 186 R _   0.033 0.001 0.001 0.006 0.005 0.017 0.023 0.913 
 187 E _   0.039 0.001 0.001 0.006 0.005 0.017 0.023 0.909 
 188 G _   0.050 0.001 0.001 0.005 0.005 0.018 0.022 0.899 
 189 I _   0.066 0.000 0.001 0.004 0.006 0.019 0.021 0.884 
 190 F _   0.089 0.000 0.001 0.004 0.006 0.020 0.020 0.860 
 191 M _   0.121 0.000 0.001 0.004 0.007 0.022 0.018 0.827 
 192 E _   0.162 0.000 0.001 0.003 0.009 0.024 0.017 0.784 
 193 D _   0.212 0.000 0.001 0.003 0.011 0.027 0.015 0.730 
 194 T _   0.274 0.000 0.001 0.003 0.014 0.029 0.014 0.665 
 195 A _   0.341 0.000 0.001 0.003 0.019 0.032 0.012 0.592 
 196 C _   0.410 0.000 0.002 0.003 0.023 0.034 0.011 0.517 
 197 F H   0.475 0.000 0.002 0.003 0.028 0.036 0.010 0.447 
 198 Y H   0.530 0.000 0.002 0.003 0.033 0.036 0.009 0.387 
 199 L H   0.571 0.000 0.002 0.003 0.036 0.036 0.009 0.343 
 200 A H   0.598 0.000 0.002 0.004 0.038 0.035 0.009 0.313 
 201 E H   0.612 0.001 0.002 0.005 0.040 0.034 0.010 0.298 
 202 I H   0.614 0.001 0.002 0.005 0.039 0.033 0.010 0.296 
 203 S H   0.602 0.001 0.002 0.005 0.037 0.031 0.011 0.311 
 204 M H   0.575 0.001 0.002 0.005 0.034 0.029 0.012 0.342 
 205 A H   0.533 0.000 0.002 0.005 0.030 0.027 0.014 0.389 
 206 L H   0.476 0.000 0.002 0.005 0.025 0.026 0.016 0.450 
 207 G _   0.411 0.000 0.002 0.004 0.020 0.024 0.018 0.520 
 208 H _   0.342 0.000 0.001 0.004 0.016 0.022 0.021 0.592 
 209 L _   0.277 0.000 0.001 0.005 0.013 0.021 0.024 0.659 
 210 H _   0.220 0.000 0.001 0.005 0.011 0.020 0.026 0.716 
 211 Q _   0.172 0.000 0.001 0.006 0.009 0.019 0.029 0.764 
 212 K _   0.130 0.001 0.001 0.008 0.008 0.017 0.032 0.804 
 213 G _   0.097 0.001 0.001 0.008 0.007 0.016 0.034 0.836 
 214 I _   0.071 0.001 0.001 0.009 0.006 0.014 0.036 0.862 
 215 I _   0.052 0.001 0.001 0.009 0.005 0.013 0.038 0.882 
 216 Y _   0.038 0.001 0.001 0.008 0.005 0.012 0.039 0.897 
 217 R _   0.028 0.001 0.001 0.008 0.004 0.011 0.040 0.908 
 218 D _   0.021 0.002 0.000 0.007 0.004 0.010 0.041 0.916 
 219 L _   0.016 0.002 0.000 0.006 0.003 0.009 0.042 0.922 
 220 K _   0.013 0.002 0.000 0.006 0.003 0.009 0.043 0.925 
 221 P _   0.011 0.002 0.000 0.006 0.003 0.009 0.043 0.926 
 222 E _   0.010 0.003 0.000 0.006 0.003 0.009 0.043 0.925 
 223 N _   0.010 0.005 0.000 0.007 0.003 0.009 0.043 0.922 
 224 I _   0.010 0.006 0.000 0.008 0.004 0.010 0.043 0.918 
 225 M _   0.010 0.009 0.000 0.010 0.004 0.011 0.043 0.913 
 226 L _   0.010 0.011 0.001 0.011 0.005 0.011 0.043 0.908 
 227 N _   0.010 0.013 0.001 0.012 0.005 0.012 0.043 0.904 
 228 H _   0.009 0.016 0.001 0.014 0.005 0.012 0.043 0.900 
 229 Q _   0.009 0.018 0.001 0.015 0.006 0.013 0.043 0.896 
 230 G _   0.009 0.020 0.001 0.016 0.006 0.013 0.043 0.892 
 231 H _   0.009 0.022 0.001 0.017 0.006 0.014 0.042 0.889 
 232 V _   0.009 0.024 0.001 0.019 0.007 0.014 0.042 0.884 
 233 K _   0.009 0.025 0.001 0.021 0.007 0.014 0.042 0.880 
 234 L _   0.009 0.026 0.001 0.022 0.007 0.014 0.043 0.878 
 235 T _   0.009 0.026 0.001 0.023 0.007 0.014 0.043 0.877 
 236 D _   0.009 0.026 0.001 0.023 0.007 0.013 0.043 0.878 
 237 F _   0.009 0.024 0.001 0.022 0.007 0.013 0.044 0.881 
 238 G _   0.008 0.022 0.001 0.020 0.006 0.012 0.044 0.887 
 239 L _   0.008 0.018 0.001 0.017 0.005 0.011 0.045 0.895 
 240 C _   0.008 0.014 0.001 0.013 0.005 0.011 0.046 0.904 
 241 K _   0.008 0.010 0.000 0.010 0.004 0.010 0.046 0.912 
 242 E _   0.007 0.007 0.000 0.007 0.003 0.010 0.047 0.918 
 243 S _   0.008 0.004 0.000 0.005 0.003 0.011 0.047 0.921 
 244 I _   0.009 0.003 0.000 0.004 0.003 0.012 0.047 0.921 
 245 H _   0.011 0.003 0.000 0.004 0.003 0.015 0.047 0.918 
 246 D _   0.015 0.003 0.000 0.004 0.004 0.018 0.046 0.909 
 247 G _   0.020 0.004 0.001 0.005 0.006 0.024 0.046 0.895 
 248 T _   0.028 0.006 0.001 0.007 0.009 0.031 0.045 0.874 
 249 V _   0.037 0.010 0.001 0.010 0.014 0.039 0.044 0.844 
 250 T _   0.047 0.017 0.001 0.015 0.020 0.047 0.043 0.810 
 251 H _   0.056 0.027 0.002 0.020 0.028 0.054 0.042 0.772 
 252 T _   0.065 0.037 0.002 0.025 0.035 0.061 0.041 0.735 
 253 F _   0.071 0.047 0.002 0.029 0.041 0.065 0.040 0.704 
 254 C _   0.077 0.055 0.002 0.032 0.045 0.068 0.040 0.681 
 255 G _   0.081 0.062 0.002 0.034 0.048 0.069 0.040 0.665 
 256 T _   0.083 0.066 0.002 0.035 0.049 0.069 0.040 0.657 
 257 I _   0.084 0.069 0.002 0.036 0.048 0.067 0.040 0.653 
 258 E _   0.081 0.070 0.002 0.037 0.046 0.064 0.041 0.658 
 259 Y _   0.078 0.069 0.002 0.037 0.042 0.061 0.042 0.669 
 260 M _   0.073 0.067 0.002 0.037 0.038 0.056 0.044 0.684 
 261 A _   0.067 0.063 0.002 0.036 0.033 0.051 0.045 0.703 
 262 P _   0.060 0.057 0.002 0.033 0.027 0.046 0.047 0.727 
 263 E _   0.054 0.049 0.002 0.030 0.022 0.040 0.049 0.755 
 264 I _   0.048 0.040 0.001 0.024 0.016 0.034 0.051 0.785 
 265 L _   0.043 0.029 0.001 0.019 0.012 0.029 0.053 0.814 
 266 M _   0.039 0.018 0.001 0.013 0.009 0.025 0.055 0.840 
 267 R _   0.036 0.009 0.001 0.008 0.006 0.022 0.056 0.861 
 268 S _   0.035 0.004 0.001 0.005 0.004 0.020 0.057 0.874 
 269 G _   0.038 0.001 0.000 0.003 0.003 0.019 0.057 0.877 
 270 H _   0.045 0.000 0.000 0.002 0.003 0.019 0.057 0.872 
 271 N _   0.060 0.000 0.000 0.002 0.004 0.022 0.057 0.856 
 272 R _   0.084 0.000 0.001 0.002 0.005 0.026 0.057 0.826 
 273 A _   0.119 0.000 0.001 0.002 0.008 0.032 0.056 0.781 
 274 V _   0.164 0.000 0.001 0.003 0.013 0.039 0.055 0.724 
 275 D _   0.213 0.001 0.001 0.004 0.022 0.048 0.055 0.657 
 276 W _   0.260 0.002 0.002 0.006 0.032 0.056 0.054 0.588 
 277 W _   0.301 0.004 0.002 0.009 0.044 0.062 0.055 0.524 
 278 S _   0.333 0.007 0.003 0.012 0.054 0.065 0.055 0.471 
 279 L _   0.354 0.010 0.003 0.016 0.061 0.067 0.057 0.434 
 280 G _   0.366 0.013 0.003 0.018 0.065 0.066 0.059 0.410 
 281 A _   0.368 0.015 0.003 0.021 0.065 0.064 0.062 0.402 
 282 L _   0.360 0.016 0.003 0.022 0.063 0.060 0.067 0.410 
 283 M _   0.342 0.016 0.003 0.022 0.057 0.055 0.072 0.433 
 284 Y _   0.314 0.015 0.003 0.022 0.049 0.050 0.078 0.470 
 285 D _   0.276 0.013 0.002 0.021 0.039 0.043 0.086 0.519 
 286 M _   0.233 0.011 0.002 0.019 0.030 0.037 0.094 0.574 
 287 L _   0.188 0.008 0.002 0.017 0.021 0.031 0.103 0.631 
 288 T _   0.145 0.006 0.001 0.014 0.014 0.025 0.111 0.684 
 289 G _   0.107 0.004 0.001 0.011 0.009 0.020 0.118 0.729 
 290 A _   0.075 0.003 0.001 0.009 0.006 0.016 0.125 0.766 
 291 P _   0.051 0.002 0.001 0.007 0.004 0.012 0.130 0.794 
 292 P _   0.034 0.001 0.000 0.005 0.003 0.009 0.133 0.814 
 293 F _   0.022 0.001 0.000 0.004 0.002 0.008 0.136 0.827 
 294 T _   0.015 0.001 0.000 0.003 0.002 0.006 0.137 0.836 
 295 G _   0.010 0.001 0.000 0.003 0.001 0.006 0.138 0.841 
 296 E _   0.008 0.001 0.000 0.003 0.001 0.006 0.138 0.844 
 297 N _   0.006 0.002 0.000 0.003 0.002 0.006 0.137 0.843 
 298 R _   0.006 0.004 0.000 0.004 0.002 0.007 0.136 0.840 
 299 K _   0.006 0.009 0.000 0.006 0.003 0.008 0.134 0.833 
 300 K _   0.007 0.017 0.000 0.010 0.004 0.010 0.131 0.821 
 301 T _   0.007 0.030 0.001 0.015 0.005 0.012 0.128 0.802 
 302 I _   0.008 0.047 0.001 0.021 0.007 0.014 0.125 0.779 
 303 D _   0.008 0.064 0.001 0.026 0.008 0.015 0.121 0.756 
 304 K _   0.008 0.079 0.001 0.031 0.009 0.016 0.118 0.737 
 305 I _   0.009 0.089 0.001 0.034 0.010 0.017 0.116 0.725 
 306 L _   0.009 0.096 0.001 0.035 0.010 0.017 0.115 0.719 
 307 K _   0.009 0.098 0.001 0.033 0.010 0.016 0.114 0.719 
 308 C _   0.009 0.098 0.001 0.030 0.009 0.016 0.113 0.724 
 309 K _   0.009 0.096 0.001 0.027 0.008 0.015 0.113 0.731 
 310 L _   0.009 0.093 0.001 0.023 0.007 0.014 0.114 0.739 
 311 N _   0.009 0.088 0.001 0.020 0.007 0.014 0.115 0.747 
 312 L _   0.009 0.084 0.001 0.017 0.006 0.013 0.116 0.754 
 313 P _   0.010 0.079 0.001 0.015 0.005 0.012 0.117 0.760 
 314 P _   0.010 0.075 0.001 0.014 0.005 0.012 0.119 0.765 
 315 Y _   0.010 0.071 0.001 0.014 0.005 0.012 0.120 0.768 
 316 L _   0.010 0.067 0.001 0.013 0.005 0.011 0.122 0.772 
 317 T _   0.009 0.063 0.001 0.013 0.005 0.011 0.123 0.776 
 318 Q _   0.009 0.059 0.001 0.012 0.004 0.010 0.124 0.781 
 319 E _   0.008 0.056 0.000 0.011 0.004 0.010 0.125 0.785 
 320 A _   0.008 0.052 0.000 0.011 0.004 0.009 0.126 0.789 
 321 R _   0.007 0.050 0.000 0.010 0.003 0.009 0.127 0.793 
 322 D _   0.007 0.047 0.000 0.009 0.003 0.009 0.128 0.796 
 323 L _   0.007 0.046 0.000 0.009 0.003 0.009 0.129 0.797 
 324 L _   0.007 0.045 0.000 0.009 0.003 0.009 0.129 0.798 
 325 K _   0.007 0.044 0.000 0.010 0.003 0.009 0.130 0.798 
 326 K _   0.007 0.044 0.000 0.010 0.003 0.009 0.130 0.797 
 327 L _   0.006 0.044 0.000 0.011 0.004 0.009 0.130 0.795 
 328 L _   0.006 0.045 0.000 0.012 0.004 0.009 0.131 0.793 
 329 K _   0.006 0.046 0.000 0.013 0.004 0.009 0.131 0.791 
 330 R _   0.006 0.046 0.000 0.014 0.004 0.009 0.131 0.788 
 331 N _   0.007 0.047 0.001 0.015 0.004 0.009 0.132 0.785 
 332 A _   0.007 0.047 0.001 0.016 0.005 0.009 0.132 0.783 
 333 A _   0.007 0.047 0.001 0.016 0.005 0.009 0.133 0.782 
 334 S _   0.007 0.046 0.001 0.016 0.004 0.009 0.134 0.783 
 335 R _   0.007 0.045 0.001 0.015 0.004 0.008 0.136 0.785 
 336 L _   0.007 0.042 0.000 0.013 0.004 0.008 0.137 0.788 
 337 G _   0.006 0.040 0.000 0.011 0.003 0.007 0.139 0.793 
 338 A _   0.006 0.037 0.000 0.009 0.003 0.007 0.140 0.797 
 339 G _   0.005 0.035 0.000 0.007 0.002 0.007 0.141 0.801 
 340 P _   0.005 0.034 0.000 0.006 0.002 0.007 0.142 0.804 
 341 G _   0.005 0.034 0.000 0.005 0.002 0.007 0.142 0.804 
 342 D _   0.005 0.035 0.000 0.005 0.002 0.008 0.142 0.802 
 343 A _   0.006 0.039 0.000 0.006 0.003 0.009 0.142 0.796 
 344 G _   0.007 0.045 0.000 0.008 0.003 0.010 0.141 0.785 
 345 E _   0.007 0.055 0.001 0.010 0.004 0.012 0.140 0.770 
 346 V _   0.008 0.071 0.001 0.014 0.006 0.014 0.138 0.748 
 347 Q _   0.009 0.091 0.001 0.018 0.007 0.016 0.137 0.721 
 348 A _   0.009 0.112 0.001 0.022 0.009 0.018 0.135 0.694 
 349 H _   0.009 0.132 0.001 0.025 0.010 0.019 0.133 0.670 
 350 P _   0.009 0.149 0.001 0.028 0.011 0.020 0.132 0.650 
 351 F _   0.009 0.162 0.001 0.030 0.012 0.021 0.132 0.634 
 352 F _   0.010 0.172 0.001 0.031 0.012 0.021 0.132 0.621 
 353 R _   0.010 0.180 0.001 0.033 0.013 0.021 0.132 0.611 
 354 H _   0.011 0.185 0.001 0.034 0.013 0.021 0.133 0.602 
 355 I _   0.011 0.188 0.001 0.035 0.013 0.021 0.135 0.596 
 356 N _   0.012 0.188 0.001 0.036 0.013 0.021 0.137 0.591 
 357 W _   0.013 0.187 0.001 0.036 0.013 0.020 0.140 0.590 
 358 E _   0.013 0.183 0.001 0.036 0.013 0.019 0.144 0.591 
 359 E _   0.014 0.175 0.001 0.035 0.012 0.018 0.148 0.597 
 360 L _   0.014 0.162 0.001 0.032 0.011 0.017 0.154 0.609 
 361 L _   0.013 0.145 0.001 0.028 0.010 0.016 0.160 0.627 
 362 A _   0.013 0.123 0.001 0.023 0.008 0.014 0.167 0.651 
 363 R _   0.012 0.098 0.001 0.019 0.007 0.013 0.174 0.676 
 364 K _   0.011 0.076 0.001 0.014 0.005 0.011 0.181 0.700 
 365 V _   0.010 0.057 0.001 0.011 0.004 0.010 0.188 0.720 
 366 E _   0.009 0.044 0.000 0.008 0.003 0.009 0.193 0.733 
 367 P _   0.008 0.035 0.000 0.007 0.003 0.008 0.198 0.741 
 368 P _   0.008 0.030 0.000 0.006 0.002 0.008 0.201 0.744 
 369 F _   0.007 0.028 0.000 0.006 0.002 0.008 0.205 0.744 
 370 K _   0.007 0.026 0.000 0.006 0.002 0.008 0.207 0.742 
 371 P _   0.007 0.026 0.000 0.007 0.003 0.008 0.210 0.739 
 372 L _   0.007 0.026 0.000 0.009 0.003 0.008 0.212 0.735 
 373 L _   0.006 0.026 0.000 0.010 0.003 0.008 0.214 0.732 
 374 Q _   0.006 0.027 0.000 0.011 0.003 0.008 0.216 0.728 
 375 S _   0.006 0.027 0.000 0.011 0.003 0.008 0.218 0.726 
 376 E _   0.006 0.027 0.000 0.011 0.003 0.008 0.220 0.724 
 377 E _   0.006 0.027 0.000 0.011 0.003 0.008 0.221 0.723 
 378 D _   0.006 0.027 0.000 0.011 0.003 0.008 0.223 0.722 
 379 V _   0.006 0.027 0.000 0.011 0.003 0.008 0.225 0.720 
 380 S _   0.006 0.027 0.000 0.011 0.003 0.008 0.227 0.717 
 381 Q _   0.006 0.028 0.000 0.012 0.004 0.009 0.229 0.713 
 382 F _   0.006 0.028 0.000 0.014 0.004 0.009 0.230 0.708 
 383 D _   0.006 0.029 0.001 0.016 0.004 0.010 0.233 0.701 
 384 S _   0.007 0.029 0.001 0.019 0.005 0.010 0.235 0.694 
 385 K _   0.007 0.029 0.001 0.021 0.005 0.010 0.238 0.689 
 386 F _   0.007 0.029 0.001 0.022 0.005 0.010 0.241 0.685 
 387 T _   0.007 0.027 0.001 0.022 0.005 0.010 0.245 0.683 
 388 R _   0.007 0.024 0.001 0.021 0.005 0.009 0.249 0.684 
 389 Q _   0.006 0.021 0.001 0.018 0.004 0.008 0.254 0.689 
 390 T _   0.006 0.016 0.000 0.014 0.003 0.007 0.258 0.695 
 391 P _   0.005 0.011 0.000 0.010 0.002 0.006 0.262 0.702 
 392 V _   0.005 0.007 0.000 0.007 0.002 0.005 0.265 0.708 
 393 D _   0.004 0.004 0.000 0.005 0.001 0.004 0.268 0.713 
 394 S _   0.003 0.002 0.000 0.003 0.001 0.004 0.269 0.717 
 395 P _   0.003 0.001 0.000 0.003 0.001 0.004 0.269 0.719 
 396 D _   0.003 0.001 0.000 0.002 0.001 0.004 0.269 0.720 
 397 D _   0.003 0.001 0.000 0.002 0.001 0.005 0.267 0.721 
 398 S _   0.004 0.001 0.000 0.002 0.001 0.007 0.265 0.720 
 399 T _   0.005 0.001 0.000 0.003 0.002 0.010 0.261 0.718 
 400 L _   0.007 0.002 0.000 0.005 0.003 0.014 0.257 0.712 
 401 S _   0.011 0.005 0.000 0.007 0.004 0.021 0.250 0.702 
 402 E _   0.017 0.009 0.001 0.010 0.007 0.029 0.243 0.685 
 403 S _   0.024 0.016 0.001 0.014 0.012 0.039 0.234 0.660 
 404 A _   0.035 0.027 0.001 0.018 0.019 0.050 0.224 0.626 
 405 N _   0.047 0.039 0.002 0.023 0.029 0.061 0.213 0.587 
 406 Q _   0.060 0.052 0.002 0.027 0.039 0.070 0.203 0.547 
 407 V _   0.073 0.064 0.002 0.031 0.048 0.076 0.195 0.510 
 408 F _   0.084 0.074 0.003 0.035 0.056 0.080 0.188 0.480 
 409 L _   0.093 0.081 0.003 0.037 0.061 0.082 0.183 0.460 
 410 G _   0.101 0.085 0.003 0.039 0.063 0.082 0.179 0.449 
 411 F _   0.106 0.086 0.003 0.037 0.062 0.079 0.177 0.451 
 412 T _   0.107 0.085 0.003 0.035 0.058 0.075 0.175 0.463 
 413 Y _   0.105 0.081 0.002 0.032 0.052 0.070 0.175 0.484 
 414 V _   0.100 0.075 0.002 0.028 0.045 0.064 0.175 0.512 
 415 A _   0.092 0.067 0.002 0.025 0.037 0.057 0.176 0.543 
 416 P _   0.084 0.058 0.002 0.021 0.030 0.051 0.178 0.576 
 417 S _   0.073 0.050 0.002 0.018 0.023 0.044 0.180 0.610 
 418 V _   0.063 0.042 0.001 0.016 0.018 0.039 0.182 0.640 
 419 L _   0.053 0.035 0.001 0.014 0.014 0.033 0.183 0.666 
 420 E _   0.043 0.030 0.001 0.013 0.011 0.029 0.185 0.687 
 421 S _   0.036 0.026 0.001 0.012 0.009 0.025 0.186 0.705 
 422 V _   0.029 0.022 0.001 0.011 0.007 0.021 0.188 0.720 
 423 K _   0.024 0.019 0.001 0.010 0.006 0.018 0.189 0.733 
 424 E _   0.019 0.017 0.001 0.010 0.005 0.016 0.190 0.742 
 425 K _   0.016 0.015 0.001 0.009 0.005 0.014 0.191 0.750 
 426 F _   0.014 0.013 0.001 0.008 0.004 0.013 0.192 0.755 
 427 S _   0.012 0.012 0.000 0.008 0.004 0.011 0.192 0.759 
 428 F _   0.011 0.012 0.000 0.008 0.004 0.011 0.193 0.762 
 429 E _   0.010 0.011 0.000 0.007 0.003 0.010 0.193 0.764 
 430 P _   0.009 0.011 0.000 0.007 0.003 0.010 0.194 0.765 
 431 K _   0.009 0.012 0.000 0.008 0.004 0.010 0.194 0.764 
 432 I _   0.009 0.013 0.000 0.009 0.004 0.010 0.194 0.762 
 433 R _   0.009 0.014 0.000 0.010 0.004 0.010 0.194 0.759 
 434 S _   0.009 0.016 0.001 0.011 0.005 0.011 0.194 0.755 
 435 P _   0.009 0.017 0.001 0.013 0.005 0.011 0.194 0.750 
 436 R _   0.009 0.019 0.001 0.015 0.006 0.011 0.195 0.745 
 437 R _   0.009 0.020 0.001 0.016 0.006 0.011 0.195 0.742 
 438 F _   0.009 0.021 0.001 0.016 0.006 0.011 0.196 0.740 
 439 I _   0.008 0.022 0.001 0.016 0.006 0.011 0.198 0.739 
 440 G _   0.008 0.021 0.001 0.015 0.005 0.010 0.199 0.740 
 441 S _   0.008 0.021 0.001 0.014 0.005 0.009 0.201 0.742 
 442 P _   0.007 0.020 0.001 0.012 0.004 0.009 0.203 0.744 
 443 R _   0.007 0.018 0.000 0.011 0.004 0.008 0.206 0.746 
 444 T _   0.007 0.017 0.000 0.009 0.003 0.008 0.208 0.748 
 445 P _   0.006 0.017 0.000 0.008 0.003 0.008 0.210 0.748 
 446 V _   0.006 0.016 0.000 0.008 0.003 0.007 0.212 0.747 
 447 S _   0.006 0.016 0.000 0.008 0.003 0.007 0.214 0.746 
 448 P _   0.006 0.017 0.000 0.008 0.003 0.007 0.215 0.744 
 449 V _   0.006 0.018 0.000 0.008 0.003 0.008 0.217 0.741 
 450 K _   0.006 0.020 0.000 0.009 0.003 0.008 0.218 0.737 
 451 F _   0.006 0.022 0.000 0.011 0.003 0.008 0.218 0.732 
 452 S _   0.005 0.024 0.000 0.012 0.004 0.009 0.219 0.726 
 453 P _   0.006 0.027 0.001 0.015 0.004 0.009 0.220 0.718 
 454 G _   0.006 0.030 0.001 0.017 0.005 0.009 0.222 0.711 
 455 D _   0.006 0.033 0.001 0.019 0.005 0.010 0.223 0.704 
 456 F _   0.006 0.034 0.001 0.021 0.005 0.010 0.225 0.699 
 457 W _   0.006 0.035 0.001 0.021 0.005 0.010 0.228 0.695 
 458 G _   0.006 0.035 0.001 0.020 0.005 0.009 0.230 0.694 
 459 R _   0.006 0.034 0.001 0.019 0.005 0.009 0.234 0.694 
 460 G _   0.005 0.032 0.001 0.017 0.004 0.008 0.237 0.696 
 461 A _   0.005 0.030 0.000 0.014 0.004 0.007 0.241 0.698 
 462 S _   0.005 0.027 0.000 0.011 0.003 0.007 0.245 0.701 
 463 A _   0.005 0.025 0.000 0.009 0.003 0.006 0.249 0.704 
 464 S _   0.005 0.023 0.000 0.007 0.002 0.006 0.252 0.705 
 465 T _   0.004 0.022 0.000 0.006 0.002 0.006 0.254 0.705 
 466 A _   0.004 0.022 0.000 0.006 0.002 0.006 0.256 0.704 
 467 N _   0.004 0.023 0.000 0.006 0.002 0.006 0.258 0.702 
 468 P _   0.004 0.024 0.000 0.006 0.002 0.006 0.259 0.698 
 469 Q _   0.004 0.027 0.000 0.007 0.002 0.007 0.260 0.693 
 470 T _   0.004 0.031 0.000 0.008 0.003 0.007 0.260 0.686 
 471 P _   0.005 0.037 0.000 0.009 0.003 0.008 0.260 0.678 
 472 V _   0.005 0.045 0.000 0.011 0.004 0.009 0.259 0.667 
 473 E _   0.005 0.054 0.001 0.013 0.004 0.010 0.259 0.655 
 474 Y _   0.005 0.065 0.001 0.014 0.005 0.011 0.258 0.641 
 475 P _   0.005 0.076 0.001 0.016 0.005 0.012 0.258 0.627 
 476 M _   0.006 0.088 0.001 0.018 0.006 0.012 0.258 0.611 
 477 E _   0.006 0.100 0.001 0.019 0.007 0.013 0.258 0.596 
 478 T _   0.006 0.111 0.001 0.021 0.007 0.014 0.259 0.582 
 479 S _   0.006 0.121 0.001 0.023 0.008 0.014 0.260 0.567 
 480 G _   0.006 0.130 0.001 0.025 0.008 0.015 0.261 0.553 
 481 I _   0.007 0.138 0.001 0.027 0.009 0.015 0.263 0.541 
 482 E _   0.007 0.144 0.001 0.028 0.009 0.015 0.266 0.531 
 483 Q _   0.007 0.147 0.001 0.028 0.009 0.015 0.270 0.523 
 484 M _   0.007 0.148 0.001 0.028 0.009 0.014 0.275 0.518 
 485 D _   0.007 0.147 0.001 0.027 0.008 0.014 0.280 0.516 
 486 V _   0.007 0.144 0.001 0.025 0.008 0.013 0.286 0.517 
 487 T _   0.007 0.139 0.001 0.022 0.007 0.012 0.293 0.519 
 488 M _   0.007 0.132 0.001 0.019 0.006 0.012 0.301 0.522 
 489 S _   0.007 0.125 0.001 0.017 0.006 0.011 0.309 0.524 
 490 G _   0.007 0.118 0.001 0.016 0.005 0.011 0.317 0.525 
 491 E _   0.007 0.112 0.001 0.016 0.005 0.011 0.326 0.523 
 492 A _   0.007 0.107 0.001 0.016 0.005 0.011 0.335 0.519 
 493 S _   0.007 0.102 0.001 0.016 0.005 0.011 0.344 0.514 
 494 A _   0.007 0.097 0.001 0.017 0.005 0.010 0.354 0.508 
 495 P _   0.008 0.091 0.001 0.018 0.005 0.010 0.365 0.502 
 496 L _   0.007 0.085 0.001 0.017 0.005 0.010 0.377 0.498 
 497 P _   0.007 0.078 0.001 0.016 0.005 0.009 0.389 0.497 
 498 I _   0.006 0.069 0.001 0.014 0.004 0.008 0.401 0.497 
 499 R _   0.006 0.060 0.000 0.011 0.003 0.007 0.413 0.500 
 500 Q _   0.005 0.051 0.000 0.008 0.003 0.006 0.424 0.503 
 501 P _   0.005 0.044 0.000 0.006 0.002 0.005 0.433 0.505 
 502 N _   0.004 0.040 0.000 0.004 0.002 0.005 0.440 0.505 
 503 S _   0.004 0.038 0.000 0.004 0.001 0.005 0.446 0.502 
 504 G _   0.003 0.038 0.000 0.003 0.001 0.005 0.451 0.498 
 505 P _   0.003 0.039 0.000 0.004 0.001 0.005 0.455 0.491 
 506 Y _   0.004 0.044 0.000 0.005 0.002 0.006 0.458 0.481 
 507 K _   0.004 0.052 0.000 0.008 0.003 0.008 0.460 0.465 
 508 K X   0.004 0.065 0.000 0.012 0.004 0.009 0.462 0.444 
 509 Q X   0.005 0.082 0.001 0.016 0.005 0.010 0.463 0.419 
 510 A X   0.004 0.100 0.001 0.021 0.005 0.011 0.465 0.393 
 511 F X   0.004 0.115 0.001 0.025 0.006 0.011 0.467 0.370 
 512 P X   0.004 0.127 0.001 0.029 0.006 0.012 0.470 0.351 
 513 M X   0.004 0.135 0.001 0.031 0.007 0.012 0.474 0.337 
 514 I X   0.004 0.140 0.001 0.031 0.007 0.012 0.480 0.326 
 515 S X   0.005 0.142 0.001 0.030 0.006 0.011 0.487 0.318 
 516 K X   0.004 0.141 0.001 0.029 0.006 0.011 0.495 0.313 
 517 R X   0.004 0.139 0.001 0.027 0.006 0.010 0.504 0.310 
 518 P X   0.004 0.135 0.001 0.025 0.005 0.009 0.513 0.308 
 519 E X   0.003 0.130 0.001 0.023 0.005 0.007 0.525 0.307 
 520 H X   0.003 0.122 0.001 0.019 0.004 0.006 0.537 0.309 
 521 L X   0.002 0.111 0.000 0.016 0.002 0.003 0.551 0.315 
 522 R X   0.001 0.096 0.000 0.010 0.001 0.001 0.563 0.327 
 523 M X   0.000 0.083 0.000 0.007 0.000 0.001 0.567 0.342 
 524 N X   0.000 0.075 0.000 0.008 0.000 0.001 0.566 0.350 
 525 L X   0.003 0.071 0.001 0.016 0.003 0.003 0.554 0.349 
