#TopoPred_TM8: 8-state transmembrane topology prediction results by no_profile mode 
#probabilities are in the order of H E C I L F X _, the 8 transmembrane topology types used in PDBTM 
   1 M _   0.028 0.000 0.002 0.012 0.011 0.013 0.263 0.670 
   2 Q _   0.016 0.000 0.000 0.003 0.002 0.007 0.265 0.706 
   3 S _   0.019 0.000 0.000 0.002 0.001 0.006 0.262 0.711 
   4 K _   0.061 0.000 0.001 0.001 0.003 0.008 0.247 0.679 
   5 V _   0.179 0.000 0.001 0.002 0.008 0.013 0.210 0.588 
   6 L _   0.381 0.000 0.002 0.002 0.015 0.018 0.150 0.433 
   7 L H   0.571 0.000 0.002 0.001 0.020 0.020 0.099 0.287 
   8 A H   0.708 0.000 0.002 0.001 0.022 0.018 0.064 0.184 
   9 V H   0.793 0.000 0.002 0.001 0.022 0.016 0.043 0.123 
  10 A H   0.839 0.000 0.001 0.001 0.022 0.013 0.032 0.092 
  11 L H   0.863 0.000 0.001 0.001 0.021 0.011 0.025 0.078 
  12 W H   0.872 0.000 0.001 0.001 0.020 0.010 0.021 0.075 
  13 L H   0.869 0.000 0.001 0.001 0.019 0.009 0.019 0.082 
  14 C H   0.855 0.000 0.001 0.001 0.018 0.008 0.018 0.099 
  15 V H   0.827 0.000 0.001 0.001 0.017 0.008 0.017 0.129 
  16 E H   0.782 0.000 0.001 0.001 0.016 0.009 0.017 0.175 
  17 T H   0.721 0.000 0.001 0.001 0.014 0.009 0.018 0.236 
  18 R H   0.645 0.000 0.001 0.001 0.013 0.010 0.019 0.311 
  19 A H   0.558 0.000 0.001 0.001 0.011 0.011 0.021 0.397 
  20 A _   0.467 0.000 0.001 0.002 0.010 0.011 0.023 0.486 
  21 S _   0.380 0.000 0.001 0.002 0.009 0.012 0.026 0.571 
  22 V _   0.300 0.000 0.001 0.003 0.008 0.012 0.028 0.648 
  23 G _   0.230 0.000 0.001 0.004 0.007 0.013 0.031 0.714 
  24 L _   0.174 0.000 0.001 0.005 0.007 0.013 0.033 0.767 
  25 P _   0.130 0.000 0.001 0.005 0.006 0.013 0.036 0.809 
  26 S _   0.096 0.000 0.001 0.006 0.006 0.013 0.038 0.841 
  27 V _   0.070 0.001 0.001 0.006 0.005 0.013 0.039 0.865 
  28 S _   0.051 0.001 0.001 0.007 0.005 0.012 0.040 0.883 
  29 L _   0.038 0.001 0.001 0.007 0.004 0.012 0.041 0.896 
  30 D _   0.029 0.001 0.001 0.007 0.004 0.012 0.042 0.904 
  31 L _   0.023 0.002 0.000 0.007 0.004 0.012 0.043 0.910 
  32 P _   0.019 0.002 0.000 0.007 0.004 0.012 0.043 0.913 
  33 R _   0.016 0.003 0.000 0.007 0.004 0.012 0.044 0.914 
  34 L _   0.014 0.004 0.000 0.007 0.004 0.012 0.044 0.914 
  35 S _   0.014 0.005 0.001 0.007 0.004 0.013 0.044 0.912 
  36 I _   0.013 0.007 0.001 0.008 0.005 0.014 0.044 0.908 
  37 Q _   0.013 0.010 0.001 0.009 0.005 0.015 0.044 0.903 
  38 K _   0.014 0.014 0.001 0.010 0.006 0.017 0.043 0.897 
  39 D _   0.015 0.018 0.001 0.010 0.006 0.018 0.043 0.889 
  40 I _   0.016 0.024 0.001 0.011 0.007 0.020 0.043 0.879 
  41 L _   0.017 0.030 0.001 0.012 0.008 0.022 0.042 0.867 
  42 T _   0.019 0.039 0.001 0.013 0.010 0.024 0.041 0.854 
  43 I _   0.021 0.049 0.001 0.015 0.011 0.026 0.041 0.837 
  44 K _   0.022 0.062 0.001 0.017 0.013 0.028 0.040 0.816 
  45 A _   0.023 0.078 0.001 0.020 0.016 0.030 0.039 0.792 
  46 N _   0.024 0.097 0.001 0.025 0.018 0.031 0.039 0.765 
  47 T _   0.025 0.116 0.002 0.030 0.019 0.031 0.038 0.739 
  48 T _   0.025 0.133 0.002 0.035 0.020 0.031 0.038 0.717 
  49 L _   0.024 0.145 0.002 0.039 0.020 0.030 0.038 0.702 
  50 Q _   0.024 0.152 0.001 0.041 0.019 0.029 0.039 0.696 
  51 I _   0.022 0.155 0.001 0.041 0.018 0.027 0.039 0.697 
  52 T _   0.020 0.154 0.001 0.038 0.016 0.024 0.040 0.706 
  53 C _   0.018 0.149 0.001 0.034 0.013 0.022 0.042 0.721 
  54 R _   0.016 0.140 0.001 0.029 0.011 0.019 0.043 0.740 
  55 G _   0.015 0.129 0.001 0.025 0.009 0.017 0.044 0.759 
  56 Q _   0.013 0.117 0.001 0.021 0.008 0.016 0.046 0.778 
  57 R _   0.012 0.104 0.001 0.019 0.007 0.014 0.048 0.795 
  58 D _   0.011 0.093 0.001 0.017 0.006 0.013 0.050 0.810 
  59 L _   0.011 0.082 0.001 0.015 0.005 0.012 0.051 0.823 
  60 D _   0.010 0.073 0.001 0.014 0.005 0.011 0.053 0.834 
  61 W _   0.009 0.065 0.001 0.013 0.004 0.010 0.055 0.843 
  62 L _   0.008 0.057 0.000 0.012 0.004 0.009 0.056 0.854 
  63 W _   0.008 0.050 0.000 0.010 0.003 0.008 0.057 0.864 
  64 P _   0.007 0.043 0.000 0.008 0.003 0.007 0.058 0.874 
  65 N _   0.006 0.039 0.000 0.007 0.002 0.006 0.058 0.882 
  66 N _   0.005 0.036 0.000 0.005 0.002 0.006 0.058 0.887 
  67 Q _   0.005 0.034 0.000 0.005 0.002 0.006 0.058 0.890 
  68 S _   0.005 0.034 0.000 0.005 0.002 0.007 0.057 0.889 
  69 G _   0.005 0.037 0.000 0.006 0.002 0.008 0.057 0.885 
  70 S _   0.006 0.042 0.000 0.008 0.003 0.009 0.055 0.877 
  71 E _   0.007 0.050 0.000 0.011 0.004 0.011 0.054 0.864 
  72 Q _   0.007 0.063 0.001 0.014 0.005 0.012 0.052 0.846 
  73 R _   0.007 0.078 0.001 0.018 0.006 0.013 0.050 0.827 
  74 V _   0.008 0.093 0.001 0.021 0.007 0.014 0.048 0.810 
  75 E _   0.008 0.105 0.001 0.022 0.007 0.015 0.046 0.796 
  76 V _   0.007 0.115 0.001 0.022 0.007 0.015 0.045 0.788 
  77 T _   0.008 0.122 0.001 0.022 0.007 0.016 0.043 0.782 
  78 E _   0.008 0.128 0.001 0.020 0.007 0.016 0.042 0.777 
  79 C _   0.008 0.134 0.001 0.019 0.007 0.017 0.040 0.774 
  80 S _   0.009 0.139 0.001 0.018 0.008 0.018 0.039 0.769 
  81 D _   0.010 0.144 0.001 0.018 0.008 0.019 0.038 0.761 
  82 G _   0.011 0.151 0.001 0.020 0.010 0.020 0.037 0.750 
  83 L _   0.012 0.160 0.001 0.023 0.011 0.021 0.036 0.736 
  84 F _   0.013 0.168 0.001 0.027 0.012 0.022 0.035 0.721 
  85 C _   0.014 0.176 0.001 0.030 0.013 0.022 0.034 0.708 
  86 K _   0.015 0.181 0.001 0.034 0.014 0.022 0.034 0.699 
  87 T _   0.014 0.183 0.001 0.036 0.014 0.022 0.034 0.696 
  88 L _   0.014 0.182 0.001 0.036 0.014 0.020 0.034 0.699 
  89 T _   0.013 0.177 0.001 0.034 0.013 0.019 0.034 0.709 
  90 I _   0.013 0.167 0.001 0.031 0.011 0.018 0.034 0.724 
  91 P _   0.012 0.154 0.001 0.027 0.010 0.016 0.035 0.745 
  92 K _   0.011 0.137 0.001 0.023 0.008 0.015 0.036 0.769 
  93 V _   0.010 0.118 0.001 0.018 0.007 0.014 0.037 0.795 
  94 I _   0.010 0.102 0.001 0.015 0.006 0.013 0.038 0.817 
  95 G _   0.009 0.088 0.001 0.013 0.005 0.012 0.038 0.835 
  96 N _   0.008 0.077 0.001 0.011 0.004 0.011 0.039 0.848 
  97 D _   0.008 0.070 0.001 0.010 0.004 0.011 0.039 0.856 
  98 T _   0.008 0.065 0.000 0.010 0.004 0.011 0.040 0.862 
  99 G _   0.008 0.062 0.000 0.010 0.004 0.011 0.040 0.865 
 100 A _   0.008 0.059 0.001 0.011 0.004 0.012 0.040 0.866 
 101 Y _   0.008 0.057 0.001 0.011 0.004 0.012 0.040 0.867 
 102 K _   0.008 0.056 0.001 0.011 0.004 0.013 0.040 0.868 
 103 C _   0.008 0.055 0.001 0.011 0.005 0.014 0.039 0.868 
 104 F _   0.009 0.054 0.001 0.010 0.005 0.015 0.039 0.868 
 105 Y _   0.010 0.054 0.001 0.010 0.005 0.017 0.038 0.866 
 106 R _   0.011 0.055 0.001 0.010 0.006 0.019 0.038 0.861 
 107 E _   0.013 0.057 0.001 0.011 0.007 0.022 0.037 0.852 
 108 T _   0.016 0.060 0.001 0.012 0.009 0.025 0.037 0.839 
 109 D _   0.020 0.066 0.001 0.015 0.013 0.029 0.036 0.820 
 110 L _   0.025 0.075 0.001 0.019 0.016 0.033 0.036 0.796 
 111 A _   0.029 0.084 0.001 0.025 0.020 0.036 0.035 0.769 
 112 S _   0.032 0.094 0.002 0.031 0.024 0.038 0.035 0.744 
 113 V _   0.035 0.102 0.002 0.037 0.026 0.039 0.035 0.725 
 114 I _   0.036 0.107 0.002 0.041 0.027 0.039 0.035 0.714 
 115 Y _   0.036 0.108 0.002 0.042 0.026 0.037 0.035 0.713 
 116 V _   0.035 0.105 0.002 0.041 0.025 0.035 0.036 0.722 
 117 Y _   0.033 0.099 0.002 0.036 0.022 0.033 0.037 0.739 
 118 V _   0.031 0.088 0.001 0.030 0.019 0.030 0.038 0.763 
 119 Q _   0.028 0.075 0.001 0.024 0.015 0.027 0.039 0.791 
 120 D _   0.024 0.061 0.001 0.019 0.012 0.024 0.040 0.818 
 121 Y _   0.020 0.050 0.001 0.015 0.009 0.021 0.042 0.841 
 122 R _   0.018 0.041 0.001 0.013 0.008 0.019 0.043 0.859 
 123 S _   0.015 0.034 0.001 0.011 0.006 0.017 0.044 0.872 
 124 P _   0.014 0.030 0.001 0.010 0.005 0.016 0.044 0.881 
 125 F _   0.012 0.027 0.001 0.010 0.005 0.014 0.045 0.886 
 126 I _   0.011 0.025 0.001 0.010 0.005 0.014 0.045 0.889 
 127 A _   0.011 0.023 0.001 0.010 0.005 0.013 0.046 0.892 
 128 S _   0.010 0.022 0.001 0.010 0.005 0.013 0.046 0.893 
 129 V _   0.010 0.022 0.001 0.011 0.005 0.013 0.046 0.893 
 130 S _   0.010 0.021 0.001 0.012 0.006 0.013 0.046 0.892 
 131 D _   0.010 0.021 0.001 0.013 0.006 0.013 0.046 0.889 
 132 Q _   0.010 0.021 0.001 0.015 0.006 0.014 0.047 0.887 
 133 H _   0.010 0.021 0.001 0.016 0.007 0.014 0.047 0.883 
 134 G _   0.011 0.020 0.001 0.018 0.007 0.015 0.047 0.881 
 135 V _   0.011 0.020 0.001 0.018 0.007 0.015 0.048 0.880 
 136 V _   0.011 0.018 0.001 0.018 0.007 0.014 0.049 0.883 
 137 Y _   0.010 0.016 0.001 0.016 0.006 0.014 0.049 0.887 
 138 I _   0.010 0.014 0.001 0.013 0.005 0.014 0.050 0.893 
 139 T _   0.010 0.011 0.001 0.010 0.005 0.014 0.050 0.900 
 140 E _   0.010 0.009 0.000 0.007 0.004 0.014 0.051 0.904 
 141 N _   0.011 0.008 0.000 0.006 0.004 0.015 0.051 0.906 
 142 K _   0.012 0.008 0.000 0.005 0.004 0.017 0.051 0.903 
 143 N _   0.015 0.009 0.000 0.005 0.005 0.020 0.051 0.895 
 144 K _   0.019 0.011 0.001 0.007 0.007 0.024 0.050 0.879 
 145 T _   0.024 0.018 0.001 0.011 0.011 0.030 0.050 0.855 
 146 V _   0.030 0.030 0.001 0.017 0.016 0.035 0.050 0.822 
 147 V _   0.034 0.045 0.002 0.025 0.022 0.040 0.049 0.784 
 148 I _   0.037 0.061 0.002 0.032 0.026 0.043 0.049 0.750 
 149 P _   0.039 0.073 0.002 0.038 0.029 0.045 0.049 0.725 
 150 C _   0.041 0.080 0.002 0.041 0.030 0.045 0.049 0.711 
 151 L _   0.041 0.084 0.002 0.041 0.030 0.045 0.050 0.707 
 152 G _   0.041 0.084 0.002 0.038 0.028 0.043 0.051 0.712 
 153 S _   0.040 0.082 0.002 0.033 0.025 0.041 0.053 0.725 
 154 I _   0.038 0.077 0.002 0.028 0.022 0.039 0.055 0.740 
 155 S _   0.036 0.072 0.001 0.023 0.019 0.036 0.057 0.756 
 156 N _   0.034 0.067 0.001 0.020 0.016 0.033 0.059 0.770 
 157 L _   0.032 0.063 0.001 0.018 0.014 0.031 0.061 0.780 
 158 N _   0.030 0.060 0.001 0.018 0.012 0.028 0.063 0.787 
 159 V _   0.029 0.057 0.001 0.018 0.011 0.026 0.066 0.793 
 160 S _   0.027 0.054 0.001 0.018 0.010 0.024 0.068 0.798 
 161 L _   0.025 0.050 0.001 0.018 0.010 0.022 0.070 0.804 
 162 C _   0.022 0.046 0.001 0.018 0.009 0.020 0.073 0.811 
 163 A _   0.019 0.042 0.001 0.017 0.008 0.018 0.075 0.820 
 164 R _   0.017 0.037 0.001 0.016 0.007 0.016 0.077 0.829 
 165 Y _   0.015 0.032 0.001 0.015 0.006 0.014 0.080 0.838 
 166 P _   0.013 0.027 0.001 0.013 0.005 0.013 0.082 0.846 
 167 E _   0.012 0.023 0.001 0.012 0.005 0.012 0.084 0.852 
 168 K _   0.011 0.019 0.001 0.011 0.004 0.011 0.087 0.857 
 169 R _   0.010 0.016 0.000 0.010 0.004 0.010 0.089 0.861 
 170 F _   0.009 0.013 0.000 0.010 0.003 0.009 0.091 0.865 
 171 V _   0.008 0.010 0.000 0.009 0.003 0.008 0.093 0.868 
 172 P _   0.007 0.008 0.000 0.009 0.003 0.007 0.094 0.871 
 173 D _   0.007 0.006 0.000 0.008 0.003 0.007 0.096 0.873 
 174 G _   0.006 0.005 0.000 0.007 0.002 0.006 0.097 0.876 
 175 N _   0.006 0.004 0.000 0.006 0.002 0.006 0.098 0.878 
 176 R _   0.006 0.002 0.000 0.005 0.002 0.006 0.098 0.880 
 177 I _   0.005 0.002 0.000 0.005 0.002 0.006 0.098 0.882 
 178 S _   0.005 0.001 0.000 0.004 0.002 0.006 0.098 0.883 
 179 W _   0.005 0.001 0.000 0.004 0.002 0.007 0.097 0.884 
 180 D _   0.006 0.001 0.000 0.004 0.002 0.009 0.096 0.883 
 181 S _   0.007 0.001 0.000 0.004 0.002 0.011 0.094 0.881 
 182 K _   0.011 0.001 0.000 0.004 0.003 0.014 0.092 0.875 
 183 K _   0.016 0.001 0.000 0.005 0.004 0.019 0.090 0.866 
 184 G _   0.024 0.001 0.001 0.006 0.006 0.025 0.087 0.851 
 185 F _   0.037 0.003 0.001 0.007 0.009 0.033 0.083 0.828 
 186 T _   0.054 0.004 0.001 0.009 0.014 0.043 0.079 0.795 
 187 I _   0.077 0.008 0.001 0.011 0.023 0.054 0.075 0.751 
 188 P _   0.104 0.013 0.002 0.013 0.035 0.065 0.070 0.698 
 189 S _   0.133 0.020 0.002 0.016 0.048 0.075 0.066 0.641 
 190 Y _   0.159 0.030 0.003 0.019 0.062 0.082 0.061 0.583 
 191 M _   0.184 0.042 0.003 0.022 0.073 0.087 0.058 0.531 
 192 I _   0.202 0.054 0.003 0.027 0.082 0.089 0.056 0.488 
 193 S _   0.215 0.065 0.003 0.032 0.085 0.088 0.054 0.458 
 194 Y _   0.219 0.074 0.003 0.036 0.085 0.084 0.053 0.445 
 195 A _   0.216 0.079 0.003 0.041 0.081 0.078 0.053 0.448 
 196 G _   0.206 0.080 0.003 0.044 0.073 0.072 0.054 0.467 
 197 M _   0.191 0.079 0.003 0.045 0.063 0.064 0.055 0.501 
 198 V _   0.168 0.072 0.003 0.042 0.051 0.056 0.057 0.551 
 199 F _   0.140 0.061 0.003 0.036 0.038 0.047 0.059 0.617 
 200 C _   0.111 0.044 0.002 0.027 0.026 0.037 0.061 0.692 
 201 E _   0.084 0.027 0.001 0.018 0.016 0.029 0.063 0.762 
 202 A _   0.060 0.013 0.001 0.011 0.009 0.022 0.064 0.820 
 203 K _   0.043 0.005 0.001 0.006 0.005 0.017 0.064 0.860 
 204 I _   0.032 0.001 0.000 0.003 0.003 0.013 0.064 0.884 
 205 N _   0.027 0.000 0.000 0.002 0.002 0.012 0.063 0.895 
 206 D _   0.027 0.000 0.000 0.001 0.002 0.012 0.062 0.896 
 207 E _   0.034 0.000 0.000 0.001 0.002 0.014 0.061 0.887 
 208 S _   0.050 0.000 0.000 0.002 0.003 0.019 0.059 0.867 
 209 Y _   0.077 0.000 0.001 0.002 0.006 0.026 0.056 0.831 
 210 Q _   0.114 0.000 0.001 0.003 0.012 0.036 0.054 0.781 
 211 S _   0.156 0.001 0.001 0.005 0.020 0.047 0.051 0.718 
 212 I _   0.201 0.002 0.002 0.009 0.033 0.057 0.048 0.648 
 213 M _   0.240 0.005 0.002 0.012 0.046 0.066 0.045 0.584 
 214 Y _   0.271 0.008 0.003 0.016 0.057 0.071 0.043 0.532 
 215 I _   0.293 0.011 0.003 0.019 0.064 0.073 0.042 0.495 
 216 V _   0.305 0.013 0.003 0.021 0.069 0.073 0.041 0.474 
 217 V _   0.308 0.014 0.003 0.022 0.069 0.071 0.041 0.471 
 218 V _   0.303 0.015 0.003 0.022 0.067 0.068 0.042 0.481 
 219 V _   0.288 0.014 0.003 0.021 0.061 0.063 0.043 0.507 
 220 G _   0.265 0.012 0.003 0.020 0.053 0.057 0.044 0.546 
 221 Y _   0.234 0.010 0.002 0.017 0.043 0.051 0.046 0.597 
 222 R _   0.197 0.007 0.002 0.015 0.032 0.044 0.049 0.655 
 223 I _   0.158 0.005 0.002 0.012 0.023 0.037 0.051 0.713 
 224 Y _   0.122 0.003 0.001 0.009 0.015 0.030 0.053 0.766 
 225 D _   0.089 0.002 0.001 0.007 0.010 0.025 0.055 0.811 
 226 V _   0.064 0.001 0.001 0.006 0.007 0.021 0.056 0.844 
 227 V _   0.046 0.001 0.001 0.005 0.005 0.018 0.057 0.868 
 228 L _   0.034 0.001 0.000 0.004 0.004 0.016 0.057 0.884 
 229 S _   0.025 0.002 0.000 0.004 0.003 0.014 0.057 0.894 
 230 P _   0.020 0.002 0.000 0.004 0.003 0.014 0.057 0.898 
 231 S _   0.017 0.004 0.000 0.005 0.004 0.015 0.057 0.898 
 232 H _   0.016 0.008 0.001 0.007 0.005 0.016 0.056 0.892 
 233 G _   0.016 0.015 0.001 0.009 0.006 0.018 0.055 0.881 
 234 I _   0.016 0.026 0.001 0.012 0.008 0.019 0.054 0.865 
 235 E _   0.016 0.040 0.001 0.016 0.010 0.021 0.053 0.843 
 236 L _   0.016 0.057 0.001 0.019 0.011 0.023 0.051 0.821 
 237 S _   0.016 0.073 0.001 0.023 0.013 0.024 0.050 0.800 
 238 V _   0.017 0.088 0.001 0.025 0.014 0.025 0.049 0.781 
 239 G _   0.017 0.101 0.001 0.027 0.014 0.026 0.048 0.766 
 240 E _   0.018 0.111 0.001 0.027 0.014 0.026 0.048 0.755 
 241 K _   0.018 0.118 0.001 0.026 0.014 0.026 0.047 0.750 
 242 L _   0.018 0.123 0.001 0.025 0.013 0.026 0.047 0.747 
 243 V _   0.018 0.126 0.001 0.023 0.013 0.025 0.047 0.747 
 244 L _   0.018 0.129 0.001 0.021 0.012 0.025 0.048 0.748 
 245 N _   0.018 0.130 0.001 0.019 0.011 0.024 0.048 0.748 
 246 C _   0.018 0.132 0.001 0.019 0.011 0.024 0.048 0.748 
 247 T _   0.018 0.135 0.001 0.018 0.011 0.023 0.049 0.746 
 248 A _   0.018 0.137 0.001 0.019 0.011 0.023 0.049 0.742 
 249 R _   0.018 0.140 0.001 0.021 0.011 0.023 0.050 0.737 
 250 T _   0.018 0.143 0.001 0.022 0.011 0.022 0.050 0.732 
 251 E _   0.017 0.146 0.001 0.025 0.011 0.021 0.051 0.727 
 252 L _   0.017 0.147 0.001 0.027 0.011 0.021 0.052 0.724 
 253 N _   0.017 0.147 0.001 0.029 0.011 0.020 0.053 0.723 
 254 V _   0.016 0.144 0.001 0.030 0.011 0.019 0.055 0.724 
 255 G _   0.016 0.139 0.001 0.030 0.010 0.017 0.057 0.730 
 256 I _   0.015 0.132 0.001 0.029 0.009 0.016 0.059 0.739 
 257 D _   0.014 0.120 0.001 0.026 0.008 0.015 0.062 0.754 
 258 F _   0.013 0.105 0.001 0.023 0.007 0.013 0.065 0.773 
 259 N _   0.012 0.086 0.001 0.019 0.006 0.012 0.068 0.797 
 260 W _   0.011 0.067 0.001 0.015 0.005 0.010 0.070 0.821 
 261 E _   0.009 0.051 0.000 0.011 0.003 0.009 0.073 0.844 
 262 Y _   0.008 0.039 0.000 0.008 0.003 0.008 0.074 0.860 
 263 P _   0.007 0.031 0.000 0.006 0.002 0.007 0.075 0.872 
 264 S _   0.006 0.027 0.000 0.005 0.002 0.006 0.076 0.878 
 265 S _   0.006 0.026 0.000 0.005 0.002 0.006 0.076 0.880 
 266 K _   0.005 0.026 0.000 0.005 0.002 0.006 0.076 0.880 
 267 H _   0.005 0.027 0.000 0.006 0.002 0.007 0.075 0.877 
 268 Q _   0.005 0.030 0.000 0.008 0.002 0.007 0.074 0.872 
 269 H _   0.005 0.034 0.000 0.010 0.003 0.008 0.073 0.866 
 270 K _   0.005 0.040 0.000 0.013 0.003 0.008 0.072 0.859 
 271 K _   0.005 0.045 0.000 0.015 0.004 0.009 0.070 0.852 
 272 L _   0.005 0.050 0.000 0.016 0.004 0.009 0.069 0.847 
 273 V _   0.005 0.054 0.000 0.016 0.004 0.009 0.067 0.844 
 274 N _   0.005 0.057 0.000 0.015 0.004 0.009 0.066 0.843 
 275 R _   0.005 0.060 0.000 0.014 0.004 0.009 0.065 0.843 
 276 D _   0.005 0.062 0.000 0.013 0.003 0.009 0.064 0.844 
 277 L _   0.005 0.064 0.000 0.011 0.003 0.009 0.063 0.844 
 278 K _   0.005 0.067 0.000 0.010 0.003 0.009 0.062 0.843 
 279 T _   0.005 0.070 0.000 0.010 0.003 0.010 0.060 0.841 
 280 Q _   0.006 0.075 0.000 0.010 0.003 0.011 0.059 0.836 
 281 S _   0.006 0.082 0.000 0.011 0.004 0.012 0.057 0.828 
 282 G _   0.007 0.091 0.001 0.012 0.005 0.014 0.055 0.815 
 283 S _   0.008 0.105 0.001 0.014 0.006 0.016 0.053 0.797 
 284 E _   0.009 0.122 0.001 0.017 0.007 0.018 0.051 0.775 
 285 M _   0.011 0.143 0.001 0.021 0.009 0.020 0.048 0.748 
 286 K _   0.012 0.165 0.001 0.025 0.011 0.021 0.046 0.718 
 287 K _   0.013 0.186 0.001 0.030 0.013 0.023 0.043 0.691 
 288 F _   0.013 0.204 0.001 0.034 0.015 0.024 0.041 0.668 
 289 L _   0.014 0.217 0.001 0.038 0.016 0.024 0.040 0.650 
 290 S _   0.014 0.225 0.001 0.041 0.016 0.024 0.039 0.639 
 291 T _   0.015 0.228 0.001 0.043 0.016 0.023 0.038 0.636 
 292 L _   0.015 0.227 0.001 0.042 0.015 0.022 0.038 0.639 
 293 T _   0.015 0.221 0.001 0.039 0.014 0.021 0.038 0.651 
 294 I _   0.015 0.209 0.001 0.034 0.012 0.019 0.038 0.671 
 295 D _   0.014 0.191 0.001 0.028 0.010 0.018 0.039 0.698 
 296 G _   0.014 0.168 0.001 0.022 0.009 0.016 0.040 0.731 
 297 V _   0.013 0.144 0.001 0.016 0.007 0.015 0.040 0.765 
 298 T _   0.012 0.124 0.001 0.011 0.005 0.014 0.041 0.793 
 299 R _   0.011 0.110 0.001 0.008 0.004 0.014 0.041 0.812 
 300 S _   0.010 0.104 0.000 0.006 0.004 0.014 0.041 0.821 
 301 D _   0.010 0.102 0.000 0.006 0.004 0.015 0.040 0.823 
 302 Q _   0.011 0.104 0.000 0.008 0.005 0.016 0.039 0.816 
 303 G _   0.012 0.112 0.001 0.011 0.006 0.018 0.038 0.802 
 304 L _   0.013 0.125 0.001 0.017 0.009 0.020 0.037 0.779 
 305 Y _   0.013 0.142 0.001 0.024 0.011 0.021 0.036 0.752 
 306 T _   0.013 0.158 0.001 0.031 0.013 0.022 0.034 0.727 
 307 C _   0.013 0.170 0.001 0.038 0.014 0.022 0.033 0.709 
 308 A _   0.013 0.176 0.001 0.042 0.014 0.022 0.032 0.700 
 309 A _   0.012 0.178 0.001 0.043 0.014 0.021 0.032 0.698 
 310 S _   0.012 0.174 0.001 0.041 0.014 0.020 0.032 0.706 
 311 S _   0.012 0.165 0.001 0.037 0.012 0.018 0.032 0.722 
 312 G _   0.012 0.151 0.001 0.032 0.011 0.017 0.033 0.744 
 313 L _   0.012 0.130 0.001 0.026 0.010 0.016 0.033 0.772 
 314 M _   0.012 0.106 0.001 0.021 0.008 0.015 0.034 0.803 
 315 T _   0.012 0.082 0.001 0.016 0.007 0.014 0.035 0.834 
 316 K _   0.011 0.061 0.001 0.012 0.006 0.013 0.036 0.860 
 317 K _   0.011 0.046 0.001 0.009 0.005 0.013 0.037 0.878 
 318 N _   0.010 0.037 0.000 0.008 0.004 0.013 0.038 0.890 
 319 S _   0.010 0.032 0.000 0.007 0.004 0.013 0.038 0.896 
 320 T _   0.011 0.029 0.000 0.007 0.004 0.013 0.038 0.898 
 321 F _   0.011 0.027 0.000 0.008 0.004 0.014 0.038 0.896 
 322 V _   0.012 0.027 0.001 0.009 0.005 0.016 0.038 0.893 
 323 R _   0.013 0.028 0.001 0.011 0.006 0.017 0.038 0.887 
 324 V _   0.013 0.029 0.001 0.012 0.007 0.019 0.038 0.881 
 325 H _   0.015 0.030 0.001 0.014 0.008 0.020 0.037 0.875 
 326 E _   0.015 0.032 0.001 0.015 0.009 0.022 0.037 0.868 
 327 K _   0.017 0.033 0.001 0.016 0.010 0.024 0.037 0.862 
 328 P _   0.018 0.034 0.001 0.017 0.011 0.025 0.037 0.857 
 329 F _   0.020 0.034 0.001 0.017 0.012 0.027 0.037 0.853 
 330 V _   0.022 0.034 0.001 0.016 0.012 0.028 0.037 0.849 
 331 A _   0.024 0.034 0.001 0.016 0.013 0.029 0.037 0.845 
 332 F _   0.027 0.034 0.001 0.016 0.014 0.031 0.037 0.840 
 333 G _   0.030 0.034 0.001 0.015 0.014 0.032 0.037 0.835 
 334 S _   0.033 0.034 0.001 0.015 0.015 0.033 0.038 0.830 
 335 G _   0.037 0.034 0.001 0.015 0.016 0.034 0.038 0.824 
 336 M _   0.040 0.035 0.001 0.015 0.017 0.035 0.039 0.818 
 337 E _   0.043 0.036 0.001 0.016 0.017 0.036 0.040 0.811 
 338 S _   0.045 0.036 0.001 0.017 0.018 0.036 0.041 0.806 
 339 L _   0.047 0.037 0.001 0.017 0.018 0.036 0.042 0.801 
 340 V _   0.048 0.037 0.001 0.018 0.018 0.035 0.043 0.799 
 341 E _   0.048 0.037 0.001 0.018 0.017 0.034 0.044 0.799 
 342 A _   0.047 0.037 0.001 0.019 0.017 0.033 0.046 0.801 
 343 T _   0.045 0.037 0.001 0.019 0.016 0.031 0.047 0.804 
 344 V _   0.042 0.036 0.001 0.018 0.015 0.030 0.049 0.809 
 345 G _   0.040 0.035 0.001 0.018 0.013 0.028 0.051 0.814 
 346 E _   0.036 0.034 0.001 0.018 0.012 0.026 0.053 0.819 
 347 R _   0.033 0.032 0.001 0.019 0.011 0.024 0.055 0.825 
 348 V _   0.029 0.030 0.001 0.019 0.010 0.022 0.058 0.831 
 349 R _   0.026 0.028 0.001 0.019 0.009 0.020 0.060 0.838 
 350 I _   0.022 0.026 0.001 0.018 0.008 0.017 0.063 0.845 
 351 P _   0.019 0.023 0.001 0.017 0.007 0.015 0.065 0.853 
 352 A _   0.016 0.020 0.001 0.015 0.006 0.013 0.068 0.861 
 353 K _   0.014 0.016 0.001 0.013 0.005 0.012 0.070 0.869 
 354 Y _   0.012 0.013 0.001 0.011 0.004 0.010 0.073 0.877 
 355 L _   0.010 0.009 0.000 0.009 0.003 0.009 0.075 0.884 
 356 G _   0.009 0.007 0.000 0.007 0.003 0.007 0.077 0.890 
 357 Y _   0.007 0.005 0.000 0.006 0.002 0.007 0.078 0.894 
 358 P _   0.007 0.004 0.000 0.005 0.002 0.006 0.079 0.897 
 359 P _   0.006 0.003 0.000 0.005 0.002 0.006 0.080 0.897 
 360 P _   0.006 0.003 0.000 0.005 0.002 0.006 0.081 0.896 
 361 E _   0.006 0.003 0.000 0.006 0.002 0.007 0.081 0.894 
 362 I _   0.006 0.004 0.000 0.008 0.003 0.007 0.081 0.891 
 363 K _   0.006 0.004 0.000 0.009 0.003 0.008 0.081 0.887 
 364 W _   0.006 0.005 0.000 0.011 0.004 0.008 0.081 0.884 
 365 Y _   0.006 0.005 0.000 0.013 0.004 0.009 0.081 0.882 
 366 K _   0.006 0.006 0.000 0.014 0.004 0.009 0.081 0.880 
 367 N _   0.006 0.006 0.001 0.014 0.004 0.009 0.081 0.880 
 368 G _   0.006 0.006 0.000 0.013 0.004 0.009 0.081 0.881 
 369 I _   0.006 0.005 0.000 0.011 0.004 0.009 0.081 0.883 
 370 P _   0.006 0.004 0.000 0.009 0.003 0.009 0.081 0.886 
 371 L _   0.006 0.004 0.000 0.008 0.003 0.010 0.081 0.888 
 372 E _   0.007 0.003 0.000 0.006 0.003 0.011 0.081 0.889 
 373 S _   0.008 0.003 0.000 0.005 0.003 0.013 0.080 0.888 
 374 N _   0.010 0.003 0.000 0.005 0.003 0.016 0.079 0.883 
 375 H _   0.014 0.004 0.000 0.005 0.005 0.020 0.078 0.873 
 376 T _   0.021 0.007 0.001 0.006 0.007 0.026 0.077 0.856 
 377 I _   0.029 0.012 0.001 0.009 0.011 0.034 0.075 0.828 
 378 K _   0.039 0.024 0.001 0.015 0.019 0.042 0.073 0.787 
 379 A _   0.049 0.042 0.002 0.023 0.027 0.050 0.070 0.737 
 380 G _   0.056 0.064 0.002 0.034 0.036 0.056 0.068 0.684 
 381 H _   0.061 0.085 0.002 0.046 0.042 0.059 0.066 0.638 
 382 V _   0.063 0.100 0.003 0.056 0.046 0.060 0.065 0.607 
 383 L _   0.063 0.109 0.003 0.064 0.047 0.059 0.064 0.591 
 384 T _   0.061 0.112 0.002 0.066 0.045 0.055 0.065 0.594 
 385 I _   0.058 0.110 0.002 0.063 0.041 0.051 0.065 0.610 
 386 M _   0.053 0.102 0.002 0.055 0.034 0.046 0.067 0.641 
 387 E _   0.047 0.086 0.002 0.043 0.027 0.039 0.069 0.686 
 388 V _   0.040 0.065 0.002 0.031 0.020 0.033 0.071 0.739 
 389 S _   0.034 0.042 0.001 0.020 0.013 0.028 0.072 0.790 
 390 E _   0.028 0.025 0.001 0.012 0.009 0.024 0.074 0.829 
 391 R _   0.023 0.015 0.001 0.007 0.006 0.020 0.074 0.854 
 392 D _   0.019 0.010 0.000 0.005 0.004 0.018 0.075 0.868 
 393 T _   0.017 0.008 0.000 0.005 0.004 0.017 0.075 0.874 
 394 G _   0.016 0.008 0.000 0.006 0.005 0.017 0.075 0.873 
 395 N _   0.016 0.009 0.001 0.010 0.006 0.017 0.074 0.868 
 396 Y _   0.016 0.011 0.001 0.014 0.007 0.018 0.074 0.860 
 397 T _   0.016 0.013 0.001 0.018 0.008 0.018 0.074 0.852 
 398 V _   0.015 0.014 0.001 0.022 0.009 0.018 0.074 0.847 
 399 I _   0.014 0.015 0.001 0.024 0.009 0.017 0.074 0.846 
 400 L _   0.013 0.014 0.001 0.023 0.008 0.016 0.074 0.851 
 401 T _   0.011 0.013 0.001 0.019 0.007 0.015 0.074 0.860 
 402 N _   0.010 0.010 0.001 0.015 0.005 0.013 0.074 0.871 
 403 P _   0.009 0.007 0.001 0.010 0.004 0.012 0.075 0.882 
 404 I _   0.009 0.005 0.000 0.007 0.003 0.011 0.075 0.890 
 405 S _   0.009 0.004 0.000 0.004 0.003 0.011 0.074 0.894 
 406 K _   0.010 0.003 0.000 0.003 0.003 0.012 0.074 0.895 
 407 E _   0.012 0.003 0.000 0.003 0.003 0.015 0.073 0.891 
 408 K _   0.015 0.004 0.000 0.004 0.004 0.018 0.072 0.881 
 409 Q _   0.020 0.008 0.001 0.007 0.007 0.023 0.071 0.862 
 410 S _   0.027 0.018 0.001 0.012 0.012 0.029 0.070 0.832 
 411 H _   0.033 0.035 0.001 0.020 0.018 0.035 0.068 0.790 
 412 V _   0.039 0.058 0.002 0.030 0.025 0.040 0.066 0.742 
 413 V _   0.043 0.079 0.002 0.041 0.029 0.043 0.064 0.699 
 414 S _   0.045 0.095 0.002 0.050 0.032 0.044 0.063 0.670 
 415 L _   0.046 0.103 0.002 0.055 0.033 0.043 0.063 0.655 
 416 V _   0.045 0.106 0.002 0.056 0.033 0.042 0.063 0.653 
 417 V _   0.043 0.105 0.002 0.053 0.030 0.039 0.064 0.664 
 418 Y _   0.040 0.098 0.002 0.046 0.026 0.036 0.065 0.686 
 419 V _   0.037 0.087 0.002 0.038 0.022 0.032 0.067 0.716 
 420 P _   0.033 0.072 0.001 0.029 0.017 0.028 0.068 0.751 
 421 P _   0.029 0.057 0.001 0.021 0.013 0.024 0.070 0.785 
 422 Q _   0.024 0.043 0.001 0.016 0.009 0.021 0.072 0.814 
 423 I _   0.020 0.033 0.001 0.012 0.007 0.018 0.074 0.836 
 424 G _   0.017 0.026 0.001 0.009 0.005 0.016 0.075 0.851 
 425 E _   0.014 0.022 0.001 0.008 0.004 0.014 0.076 0.861 
 426 K _   0.012 0.020 0.000 0.008 0.004 0.012 0.076 0.868 
 427 S _   0.010 0.018 0.000 0.008 0.004 0.011 0.077 0.872 
 428 L _   0.009 0.018 0.000 0.008 0.004 0.011 0.077 0.874 
 429 I _   0.008 0.017 0.000 0.008 0.003 0.010 0.076 0.876 
 430 S _   0.008 0.017 0.000 0.008 0.003 0.010 0.076 0.877 
 431 P _   0.007 0.018 0.000 0.008 0.003 0.010 0.076 0.877 
 432 V _   0.007 0.019 0.000 0.008 0.004 0.011 0.075 0.876 
 433 D _   0.008 0.021 0.000 0.008 0.004 0.012 0.074 0.873 
 434 S _   0.008 0.023 0.001 0.009 0.004 0.014 0.073 0.868 
 435 Y _   0.009 0.027 0.001 0.010 0.005 0.016 0.072 0.860 
 436 Q _   0.011 0.033 0.001 0.011 0.007 0.019 0.071 0.848 
 437 Y _   0.013 0.042 0.001 0.014 0.009 0.022 0.069 0.831 
 438 G _   0.015 0.053 0.001 0.017 0.011 0.026 0.067 0.809 
 439 T _   0.017 0.068 0.001 0.022 0.015 0.030 0.065 0.781 
 440 T _   0.020 0.085 0.001 0.028 0.019 0.033 0.063 0.750 
 441 Q _   0.022 0.102 0.002 0.034 0.022 0.036 0.062 0.721 
 442 T _   0.024 0.116 0.002 0.040 0.025 0.038 0.061 0.695 
 443 L _   0.026 0.127 0.002 0.045 0.027 0.038 0.060 0.676 
 444 T _   0.027 0.132 0.002 0.048 0.028 0.038 0.060 0.666 
 445 C _   0.027 0.134 0.002 0.049 0.027 0.037 0.060 0.665 
 446 T _   0.027 0.131 0.002 0.046 0.025 0.035 0.061 0.673 
 447 V _   0.027 0.124 0.002 0.041 0.022 0.033 0.062 0.689 
 448 Y _   0.026 0.113 0.002 0.034 0.019 0.031 0.064 0.712 
 449 A _   0.025 0.096 0.001 0.027 0.015 0.028 0.066 0.742 
 450 I _   0.023 0.077 0.001 0.019 0.012 0.025 0.068 0.775 
 451 P _   0.021 0.061 0.001 0.013 0.009 0.023 0.070 0.802 
 452 P _   0.020 0.049 0.001 0.009 0.007 0.022 0.071 0.821 
 453 P _   0.019 0.043 0.001 0.008 0.006 0.021 0.072 0.831 
 454 H _   0.019 0.041 0.001 0.008 0.006 0.021 0.073 0.833 
 455 H _   0.019 0.041 0.001 0.010 0.007 0.021 0.074 0.829 
 456 I _   0.019 0.042 0.001 0.014 0.008 0.021 0.074 0.820 
 457 H _   0.019 0.046 0.001 0.019 0.009 0.022 0.075 0.809 
 458 W _   0.018 0.048 0.001 0.025 0.011 0.021 0.076 0.799 
 459 Y _   0.018 0.050 0.001 0.029 0.011 0.021 0.077 0.793 
 460 W _   0.016 0.050 0.001 0.031 0.011 0.019 0.079 0.793 
 461 Q _   0.015 0.048 0.001 0.030 0.010 0.017 0.080 0.799 
 462 L _   0.013 0.043 0.001 0.026 0.008 0.015 0.082 0.811 
 463 E _   0.011 0.037 0.001 0.021 0.006 0.013 0.084 0.828 
 464 E _   0.010 0.029 0.001 0.015 0.005 0.011 0.086 0.845 
 465 E _   0.008 0.021 0.000 0.010 0.004 0.009 0.087 0.860 
 466 C _   0.007 0.016 0.000 0.007 0.003 0.008 0.089 0.870 
 467 A _   0.007 0.012 0.000 0.005 0.002 0.007 0.090 0.876 
 468 N _   0.007 0.011 0.000 0.005 0.002 0.007 0.090 0.878 
 469 E _   0.007 0.010 0.000 0.005 0.002 0.007 0.091 0.877 
 470 P _   0.007 0.010 0.000 0.006 0.003 0.008 0.091 0.874 
 471 S _   0.007 0.011 0.000 0.008 0.003 0.009 0.091 0.870 
 472 Q _   0.008 0.013 0.000 0.011 0.004 0.010 0.091 0.864 
 473 A _   0.008 0.015 0.001 0.013 0.004 0.010 0.091 0.859 
 474 V _   0.008 0.016 0.001 0.014 0.005 0.011 0.090 0.855 
 475 S _   0.008 0.017 0.001 0.015 0.005 0.011 0.090 0.853 
 476 V _   0.008 0.018 0.001 0.015 0.005 0.011 0.090 0.852 
 477 T _   0.008 0.018 0.001 0.015 0.005 0.011 0.090 0.852 
 478 N _   0.008 0.018 0.001 0.014 0.005 0.011 0.090 0.854 
 479 P _   0.007 0.018 0.001 0.013 0.005 0.010 0.091 0.855 
 480 Y _   0.007 0.018 0.001 0.013 0.004 0.010 0.091 0.856 
 481 P _   0.007 0.018 0.000 0.012 0.004 0.010 0.091 0.856 
 482 C _   0.008 0.018 0.000 0.012 0.004 0.010 0.091 0.856 
 483 E _   0.008 0.018 0.001 0.013 0.004 0.010 0.092 0.854 
 484 E _   0.008 0.019 0.001 0.014 0.005 0.010 0.092 0.852 
 485 W _   0.008 0.019 0.001 0.015 0.005 0.010 0.092 0.851 
 486 R _   0.008 0.019 0.001 0.016 0.005 0.010 0.092 0.849 
 487 S _   0.008 0.019 0.001 0.017 0.005 0.010 0.092 0.849 
 488 V _   0.007 0.019 0.001 0.017 0.005 0.010 0.093 0.849 
 489 E _   0.007 0.018 0.001 0.016 0.005 0.009 0.093 0.851 
 490 D _   0.007 0.016 0.001 0.015 0.004 0.009 0.094 0.854 
 491 F _   0.007 0.014 0.000 0.013 0.004 0.008 0.095 0.859 
 492 Q _   0.006 0.012 0.000 0.011 0.003 0.007 0.095 0.865 
 493 G _   0.006 0.010 0.000 0.009 0.003 0.006 0.096 0.871 
 494 G _   0.005 0.008 0.000 0.007 0.002 0.006 0.096 0.876 
 495 N _   0.005 0.006 0.000 0.006 0.002 0.005 0.096 0.880 
 496 K _   0.005 0.005 0.000 0.005 0.002 0.005 0.095 0.883 
 497 I _   0.005 0.005 0.000 0.005 0.002 0.005 0.094 0.885 
 498 E _   0.005 0.005 0.000 0.005 0.002 0.006 0.092 0.885 
 499 V _   0.005 0.006 0.000 0.006 0.002 0.007 0.091 0.883 
 500 N _   0.005 0.007 0.000 0.008 0.003 0.008 0.088 0.880 
 501 K _   0.005 0.009 0.000 0.011 0.004 0.010 0.086 0.874 
 502 N _   0.006 0.012 0.001 0.015 0.005 0.011 0.083 0.867 
 503 Q _   0.006 0.015 0.001 0.019 0.005 0.012 0.080 0.861 
 504 F _   0.006 0.017 0.001 0.022 0.006 0.014 0.078 0.857 
 505 A _   0.007 0.018 0.001 0.023 0.006 0.014 0.076 0.855 
 506 L _   0.007 0.018 0.001 0.022 0.006 0.015 0.074 0.857 
 507 I _   0.007 0.017 0.001 0.020 0.006 0.016 0.072 0.862 
 508 E _   0.008 0.015 0.001 0.016 0.006 0.017 0.070 0.868 
 509 G _   0.010 0.014 0.001 0.012 0.005 0.018 0.068 0.872 
 510 K _   0.013 0.012 0.001 0.009 0.005 0.021 0.067 0.872 
 511 N _   0.018 0.011 0.001 0.008 0.006 0.025 0.065 0.867 
 512 K _   0.025 0.011 0.001 0.007 0.008 0.030 0.064 0.854 
 513 T _   0.036 0.013 0.001 0.008 0.012 0.036 0.062 0.832 
 514 V _   0.049 0.017 0.001 0.012 0.018 0.044 0.060 0.800 
 515 S _   0.062 0.024 0.002 0.017 0.026 0.051 0.058 0.760 
 516 T _   0.075 0.034 0.002 0.024 0.033 0.057 0.056 0.718 
 517 L _   0.084 0.044 0.002 0.033 0.039 0.060 0.055 0.682 
 518 V _   0.090 0.052 0.002 0.040 0.043 0.061 0.054 0.658 
 519 I _   0.092 0.057 0.002 0.043 0.044 0.060 0.054 0.648 
 520 Q _   0.091 0.058 0.002 0.043 0.042 0.058 0.054 0.653 
 521 A _   0.087 0.056 0.002 0.040 0.038 0.054 0.054 0.669 
 522 A _   0.081 0.051 0.002 0.034 0.033 0.049 0.054 0.694 
 523 N _   0.074 0.045 0.002 0.028 0.028 0.044 0.055 0.725 
 524 V _   0.065 0.037 0.002 0.023 0.022 0.039 0.056 0.757 
 525 S _   0.057 0.029 0.001 0.018 0.017 0.033 0.058 0.788 
 526 A _   0.048 0.022 0.001 0.014 0.012 0.029 0.059 0.815 
 527 L _   0.039 0.017 0.001 0.012 0.009 0.025 0.060 0.837 
 528 Y _   0.033 0.013 0.001 0.010 0.007 0.021 0.061 0.854 
 529 K _   0.026 0.011 0.001 0.009 0.006 0.019 0.062 0.867 
 530 C _   0.021 0.009 0.001 0.008 0.005 0.016 0.062 0.878 
 531 E _   0.018 0.008 0.001 0.007 0.004 0.015 0.062 0.886 
 532 A _   0.016 0.007 0.000 0.006 0.004 0.014 0.062 0.891 
 533 V _   0.014 0.007 0.000 0.006 0.003 0.014 0.062 0.893 
 534 N _   0.014 0.008 0.000 0.005 0.003 0.014 0.062 0.893 
 535 K _   0.014 0.009 0.000 0.006 0.004 0.015 0.061 0.891 
 536 V _   0.015 0.011 0.001 0.006 0.004 0.016 0.061 0.886 
 537 G _   0.016 0.016 0.001 0.008 0.006 0.018 0.060 0.875 
 538 R _   0.018 0.023 0.001 0.010 0.007 0.021 0.059 0.861 
 539 G _   0.020 0.035 0.001 0.013 0.010 0.024 0.057 0.840 
 540 E _   0.022 0.051 0.001 0.017 0.013 0.027 0.056 0.813 
 541 R _   0.024 0.070 0.001 0.022 0.015 0.029 0.055 0.784 
 542 V _   0.025 0.091 0.001 0.027 0.018 0.031 0.053 0.754 
 543 I _   0.025 0.110 0.002 0.033 0.019 0.031 0.052 0.727 
 544 S _   0.025 0.124 0.002 0.037 0.020 0.031 0.052 0.709 
 545 F _   0.024 0.134 0.001 0.041 0.020 0.030 0.052 0.698 
 546 H _   0.024 0.140 0.001 0.042 0.020 0.029 0.052 0.692 
 547 V _   0.023 0.141 0.001 0.042 0.019 0.027 0.052 0.694 
 548 T _   0.022 0.139 0.001 0.040 0.017 0.025 0.053 0.702 
 549 R _   0.020 0.134 0.001 0.037 0.015 0.023 0.055 0.716 
 550 G _   0.018 0.124 0.001 0.033 0.012 0.020 0.057 0.734 
 551 P _   0.017 0.112 0.001 0.028 0.010 0.018 0.059 0.756 
 552 E _   0.016 0.096 0.001 0.023 0.008 0.016 0.061 0.779 
 553 I _   0.014 0.080 0.001 0.018 0.007 0.014 0.063 0.803 
 554 T _   0.012 0.064 0.001 0.014 0.005 0.012 0.065 0.827 
 555 L _   0.011 0.050 0.001 0.011 0.004 0.010 0.067 0.847 
 556 Q _   0.009 0.041 0.000 0.008 0.003 0.009 0.068 0.862 
 557 P _   0.008 0.034 0.000 0.006 0.002 0.008 0.069 0.872 
 558 D _   0.007 0.031 0.000 0.005 0.002 0.007 0.069 0.878 
 559 M _   0.006 0.029 0.000 0.004 0.002 0.007 0.069 0.881 
 560 Q _   0.006 0.030 0.000 0.004 0.002 0.008 0.069 0.881 
 561 P _   0.007 0.032 0.000 0.005 0.002 0.009 0.068 0.876 
 562 T _   0.007 0.038 0.000 0.008 0.003 0.011 0.066 0.866 
 563 E _   0.008 0.050 0.001 0.011 0.005 0.013 0.064 0.848 
 564 Q _   0.009 0.068 0.001 0.017 0.007 0.016 0.062 0.821 
 565 E _   0.010 0.092 0.001 0.024 0.009 0.018 0.059 0.787 
 566 S _   0.011 0.117 0.001 0.032 0.012 0.020 0.056 0.752 
 567 V _   0.011 0.137 0.001 0.039 0.013 0.021 0.054 0.724 
 568 S _   0.011 0.150 0.001 0.044 0.014 0.021 0.052 0.706 
 569 L _   0.011 0.157 0.001 0.046 0.014 0.021 0.051 0.699 
 570 W _   0.011 0.159 0.001 0.045 0.013 0.020 0.050 0.700 
 571 C _   0.011 0.157 0.001 0.040 0.012 0.019 0.050 0.710 
 572 T _   0.011 0.149 0.001 0.034 0.011 0.018 0.050 0.727 
 573 A _   0.011 0.138 0.001 0.027 0.009 0.017 0.050 0.748 
 574 D _   0.010 0.124 0.001 0.020 0.008 0.016 0.050 0.771 
 575 R _   0.010 0.111 0.001 0.016 0.006 0.015 0.051 0.790 
 576 S _   0.010 0.101 0.001 0.013 0.006 0.014 0.051 0.804 
 577 T _   0.011 0.094 0.001 0.012 0.005 0.014 0.051 0.812 
 578 F _   0.011 0.090 0.001 0.012 0.005 0.014 0.051 0.816 
 579 E _   0.011 0.088 0.001 0.014 0.006 0.014 0.051 0.815 
 580 N _   0.012 0.086 0.001 0.016 0.006 0.014 0.051 0.814 
 581 L _   0.012 0.084 0.001 0.018 0.007 0.014 0.051 0.813 
 582 T _   0.012 0.082 0.001 0.018 0.007 0.014 0.052 0.815 
 583 W _   0.011 0.078 0.001 0.018 0.006 0.013 0.052 0.821 
 584 Y _   0.011 0.072 0.001 0.017 0.006 0.012 0.052 0.830 
 585 K _   0.010 0.066 0.001 0.014 0.005 0.011 0.053 0.841 
 586 L _   0.009 0.059 0.001 0.012 0.004 0.010 0.053 0.853 
 587 G _   0.008 0.052 0.000 0.009 0.004 0.010 0.053 0.863 
 588 P _   0.008 0.048 0.000 0.007 0.003 0.009 0.053 0.871 
 589 Q _   0.008 0.046 0.000 0.006 0.003 0.009 0.053 0.875 
 590 P _   0.008 0.045 0.000 0.006 0.003 0.009 0.053 0.875 
 591 L _   0.008 0.047 0.000 0.007 0.003 0.010 0.053 0.872 
 592 P _   0.009 0.051 0.000 0.009 0.004 0.011 0.052 0.864 
 593 I _   0.009 0.057 0.001 0.012 0.005 0.012 0.051 0.853 
 594 H _   0.009 0.066 0.001 0.015 0.006 0.013 0.050 0.839 
 595 V _   0.010 0.075 0.001 0.019 0.007 0.014 0.049 0.825 
 596 G _   0.010 0.084 0.001 0.022 0.008 0.015 0.049 0.813 
 597 E _   0.010 0.090 0.001 0.023 0.008 0.015 0.048 0.805 
 598 L _   0.009 0.095 0.001 0.023 0.008 0.014 0.048 0.802 
 599 P _   0.009 0.097 0.001 0.021 0.007 0.014 0.048 0.803 
 600 T _   0.009 0.098 0.001 0.018 0.006 0.013 0.048 0.807 
 601 P _   0.008 0.098 0.001 0.015 0.006 0.013 0.048 0.812 
 602 V _   0.008 0.098 0.001 0.013 0.005 0.013 0.048 0.816 
 603 C _   0.008 0.098 0.001 0.011 0.004 0.013 0.048 0.818 
 604 K _   0.008 0.100 0.001 0.010 0.005 0.013 0.048 0.816 
 605 N _   0.008 0.105 0.001 0.011 0.005 0.014 0.047 0.809 
 606 L _   0.009 0.112 0.001 0.013 0.006 0.015 0.047 0.798 
 607 D _   0.010 0.123 0.001 0.016 0.007 0.016 0.046 0.780 
 608 T _   0.010 0.137 0.001 0.021 0.009 0.018 0.045 0.759 
 609 L _   0.011 0.150 0.001 0.026 0.010 0.018 0.045 0.738 
 610 W _   0.011 0.161 0.001 0.031 0.011 0.019 0.044 0.721 
 611 K _   0.011 0.169 0.001 0.035 0.012 0.018 0.044 0.711 
 612 L _   0.011 0.171 0.001 0.036 0.012 0.018 0.044 0.707 
 613 N _   0.010 0.170 0.001 0.035 0.011 0.017 0.045 0.711 
 614 A _   0.010 0.165 0.001 0.031 0.010 0.015 0.046 0.721 
 615 T _   0.010 0.156 0.001 0.026 0.008 0.014 0.047 0.738 
 616 M _   0.009 0.143 0.001 0.020 0.007 0.013 0.049 0.758 
 617 F _   0.009 0.129 0.001 0.015 0.006 0.012 0.050 0.779 
 618 S _   0.008 0.117 0.001 0.011 0.004 0.011 0.051 0.796 
 619 N _   0.008 0.109 0.000 0.009 0.004 0.011 0.052 0.806 
 620 S _   0.008 0.105 0.000 0.009 0.004 0.011 0.053 0.810 
 621 T _   0.008 0.103 0.000 0.010 0.004 0.012 0.054 0.808 
 622 N _   0.009 0.105 0.001 0.013 0.005 0.013 0.054 0.800 
 623 D _   0.010 0.109 0.001 0.017 0.006 0.014 0.055 0.788 
 624 I _   0.011 0.113 0.001 0.023 0.008 0.015 0.056 0.774 
 625 L _   0.011 0.117 0.001 0.028 0.009 0.016 0.056 0.762 
 626 I _   0.011 0.118 0.001 0.032 0.009 0.016 0.058 0.755 
 627 M _   0.011 0.116 0.001 0.034 0.009 0.015 0.059 0.754 
 628 E _   0.011 0.111 0.001 0.032 0.009 0.014 0.061 0.761 
 629 L _   0.010 0.102 0.001 0.028 0.008 0.013 0.064 0.774 
 630 K _   0.009 0.088 0.001 0.023 0.007 0.012 0.066 0.793 
 631 N _   0.009 0.072 0.001 0.018 0.005 0.011 0.069 0.815 
 632 A _   0.008 0.055 0.001 0.013 0.004 0.010 0.072 0.836 
 633 S _   0.008 0.042 0.000 0.010 0.003 0.009 0.075 0.852 
 634 L _   0.008 0.033 0.000 0.008 0.003 0.008 0.078 0.862 
 635 Q _   0.007 0.028 0.000 0.007 0.003 0.008 0.080 0.867 
 636 D _   0.007 0.025 0.000 0.007 0.003 0.008 0.081 0.868 
 637 Q _   0.008 0.023 0.000 0.009 0.003 0.009 0.082 0.866 
 638 G _   0.008 0.023 0.000 0.010 0.003 0.009 0.084 0.863 
 639 D _   0.008 0.022 0.000 0.013 0.004 0.009 0.085 0.859 
 640 Y _   0.008 0.021 0.000 0.014 0.004 0.010 0.086 0.856 
 641 V _   0.008 0.020 0.000 0.015 0.004 0.009 0.087 0.856 
 642 C _   0.008 0.018 0.000 0.014 0.004 0.009 0.088 0.858 
 643 L _   0.007 0.016 0.000 0.013 0.003 0.009 0.089 0.863 
 644 A _   0.007 0.013 0.000 0.010 0.003 0.008 0.090 0.869 
 645 Q _   0.006 0.010 0.000 0.008 0.002 0.007 0.090 0.876 
 646 D _   0.006 0.008 0.000 0.006 0.002 0.007 0.091 0.881 
 647 R _   0.005 0.007 0.000 0.004 0.002 0.007 0.090 0.884 
 648 K _   0.006 0.006 0.000 0.003 0.002 0.008 0.090 0.885 
 649 T _   0.006 0.007 0.000 0.003 0.002 0.010 0.089 0.883 
 650 K _   0.008 0.009 0.000 0.004 0.003 0.012 0.088 0.876 
 651 K _   0.010 0.013 0.000 0.007 0.004 0.016 0.086 0.863 
 652 R _   0.014 0.024 0.001 0.010 0.007 0.021 0.083 0.841 
 653 H _   0.017 0.042 0.001 0.016 0.010 0.026 0.080 0.809 
 654 C _   0.020 0.066 0.001 0.022 0.014 0.031 0.077 0.769 
 655 V _   0.022 0.092 0.002 0.028 0.018 0.035 0.073 0.730 
 656 V _   0.025 0.116 0.002 0.034 0.021 0.038 0.070 0.696 
 657 R _   0.027 0.133 0.002 0.037 0.023 0.040 0.068 0.671 
 658 Q _   0.028 0.146 0.002 0.039 0.025 0.041 0.065 0.653 
 659 L _   0.030 0.154 0.002 0.040 0.027 0.041 0.064 0.643 
 660 T _   0.031 0.159 0.002 0.040 0.027 0.041 0.063 0.639 
 661 V _   0.031 0.160 0.002 0.039 0.026 0.040 0.062 0.640 
 662 L _   0.032 0.159 0.002 0.037 0.025 0.038 0.062 0.647 
 663 E _   0.031 0.156 0.002 0.035 0.022 0.035 0.062 0.657 
