#TopoPred_TM8: 8-state transmembrane topology prediction results by no_profile mode 
#probabilities are in the order of H E C I L F X _, the 8 transmembrane topology types used in PDBTM 
   1 M _   0.018 0.000 0.002 0.018 0.009 0.009 0.309 0.635 
   2 G _   0.004 0.000 0.000 0.004 0.001 0.003 0.312 0.675 
   3 T _   0.003 0.000 0.000 0.001 0.000 0.001 0.308 0.687 
   4 S _   0.010 0.000 0.000 0.001 0.001 0.002 0.296 0.690 
   5 H _   0.051 0.000 0.001 0.001 0.003 0.005 0.270 0.670 
   6 P _   0.176 0.000 0.001 0.001 0.007 0.010 0.221 0.584 
   7 A _   0.372 0.000 0.001 0.001 0.011 0.013 0.162 0.439 
   8 F H   0.584 0.000 0.002 0.001 0.013 0.014 0.103 0.283 
   9 L H   0.736 0.000 0.002 0.001 0.015 0.012 0.062 0.173 
  10 V H   0.830 0.000 0.001 0.001 0.015 0.010 0.038 0.104 
  11 L H   0.885 0.000 0.001 0.001 0.015 0.008 0.024 0.066 
  12 G H   0.915 0.000 0.001 0.000 0.014 0.006 0.017 0.046 
  13 C H   0.932 0.000 0.001 0.000 0.013 0.005 0.013 0.035 
  14 L H   0.941 0.000 0.001 0.000 0.012 0.004 0.011 0.031 
  15 L H   0.944 0.000 0.001 0.000 0.011 0.004 0.009 0.031 
  16 T H   0.941 0.000 0.001 0.000 0.011 0.003 0.008 0.035 
  17 G H   0.933 0.000 0.001 0.000 0.011 0.003 0.008 0.044 
  18 L H   0.918 0.000 0.001 0.000 0.011 0.004 0.008 0.058 
  19 S H   0.895 0.000 0.001 0.000 0.011 0.004 0.008 0.080 
  20 L H   0.860 0.000 0.001 0.000 0.012 0.005 0.008 0.113 
  21 I H   0.814 0.000 0.001 0.001 0.013 0.006 0.009 0.156 
  22 L H   0.753 0.000 0.001 0.001 0.013 0.007 0.011 0.214 
  23 C H   0.675 0.000 0.001 0.001 0.013 0.008 0.015 0.287 
  24 Q H   0.580 0.000 0.001 0.002 0.012 0.009 0.019 0.377 
  25 L _   0.472 0.000 0.001 0.002 0.011 0.009 0.025 0.479 
  26 S _   0.363 0.000 0.001 0.002 0.009 0.009 0.032 0.583 
  27 L _   0.264 0.000 0.001 0.003 0.007 0.009 0.039 0.678 
  28 P _   0.181 0.000 0.001 0.003 0.005 0.008 0.045 0.758 
  29 S _   0.119 0.000 0.001 0.003 0.004 0.007 0.050 0.817 
  30 I _   0.075 0.000 0.000 0.003 0.003 0.007 0.054 0.858 
  31 L _   0.047 0.000 0.000 0.003 0.002 0.007 0.057 0.884 
  32 P _   0.030 0.001 0.000 0.003 0.002 0.007 0.059 0.898 
  33 N _   0.020 0.001 0.000 0.003 0.002 0.007 0.061 0.904 
  34 E _   0.015 0.003 0.000 0.004 0.002 0.008 0.062 0.905 
  35 N _   0.012 0.007 0.000 0.005 0.003 0.009 0.063 0.900 
  36 E _   0.011 0.015 0.000 0.008 0.004 0.011 0.063 0.888 
  37 K _   0.011 0.028 0.001 0.011 0.005 0.013 0.063 0.869 
  38 V _   0.011 0.048 0.001 0.014 0.006 0.014 0.062 0.843 
  39 V _   0.011 0.074 0.001 0.018 0.007 0.016 0.062 0.812 
  40 Q _   0.010 0.102 0.001 0.022 0.009 0.017 0.061 0.778 
  41 L _   0.010 0.131 0.001 0.025 0.010 0.018 0.060 0.745 
  42 N _   0.010 0.158 0.001 0.029 0.011 0.019 0.060 0.712 
  43 S _   0.010 0.181 0.001 0.032 0.012 0.019 0.059 0.685 
  44 S _   0.010 0.199 0.001 0.035 0.012 0.020 0.059 0.663 
  45 F _   0.010 0.212 0.001 0.037 0.013 0.020 0.060 0.647 
  46 S _   0.011 0.220 0.001 0.038 0.013 0.020 0.061 0.637 
  47 L _   0.011 0.224 0.001 0.039 0.012 0.019 0.063 0.631 
  48 R _   0.011 0.224 0.001 0.039 0.012 0.018 0.065 0.630 
  49 C _   0.011 0.221 0.001 0.037 0.011 0.017 0.067 0.635 
  50 F _   0.010 0.213 0.001 0.035 0.010 0.016 0.071 0.644 
  51 G _   0.010 0.202 0.001 0.032 0.009 0.015 0.074 0.656 
  52 E _   0.010 0.186 0.001 0.029 0.008 0.014 0.079 0.673 
  53 S _   0.010 0.166 0.001 0.025 0.008 0.013 0.084 0.693 
  54 E _   0.010 0.144 0.001 0.023 0.007 0.013 0.089 0.714 
  55 V _   0.010 0.122 0.001 0.020 0.006 0.012 0.095 0.735 
  56 S _   0.009 0.101 0.001 0.018 0.005 0.011 0.100 0.754 
  57 W _   0.009 0.082 0.001 0.016 0.005 0.010 0.106 0.771 
  58 Q _   0.009 0.066 0.001 0.014 0.004 0.010 0.111 0.786 
  59 Y _   0.008 0.052 0.001 0.012 0.004 0.009 0.116 0.799 
  60 P _   0.007 0.040 0.000 0.011 0.003 0.008 0.120 0.810 
  61 M _   0.006 0.031 0.000 0.010 0.003 0.008 0.124 0.818 
  62 S _   0.006 0.024 0.000 0.009 0.002 0.007 0.126 0.825 
  63 E _   0.005 0.019 0.000 0.008 0.002 0.007 0.129 0.830 
  64 E _   0.005 0.015 0.000 0.008 0.002 0.006 0.131 0.833 
  65 E _   0.005 0.012 0.000 0.008 0.002 0.006 0.132 0.835 
  66 S _   0.004 0.010 0.000 0.007 0.002 0.006 0.133 0.837 
  67 S _   0.004 0.008 0.000 0.007 0.002 0.006 0.134 0.838 
  68 D _   0.004 0.007 0.000 0.007 0.002 0.006 0.134 0.839 
  69 V _   0.004 0.006 0.000 0.007 0.002 0.006 0.134 0.840 
  70 E _   0.004 0.006 0.000 0.007 0.002 0.006 0.134 0.842 
  71 I _   0.004 0.005 0.000 0.006 0.002 0.007 0.133 0.843 
  72 R _   0.004 0.005 0.000 0.005 0.002 0.008 0.131 0.844 
  73 N _   0.005 0.005 0.000 0.005 0.002 0.009 0.130 0.844 
  74 E _   0.006 0.005 0.000 0.005 0.002 0.012 0.127 0.841 
  75 E _   0.009 0.007 0.000 0.005 0.003 0.017 0.125 0.834 
  76 N _   0.015 0.010 0.001 0.006 0.005 0.023 0.121 0.818 
  77 N _   0.023 0.019 0.001 0.009 0.010 0.033 0.116 0.788 
  78 S _   0.035 0.038 0.001 0.015 0.019 0.044 0.111 0.737 
  79 G _   0.046 0.075 0.002 0.024 0.030 0.056 0.104 0.663 
  80 L _   0.056 0.128 0.003 0.036 0.040 0.064 0.097 0.576 
  81 F _   0.061 0.179 0.003 0.049 0.047 0.068 0.091 0.501 
  82 V _   0.064 0.215 0.003 0.058 0.050 0.070 0.087 0.454 
  83 T _   0.065 0.235 0.003 0.062 0.050 0.069 0.084 0.432 
  84 V _   0.065 0.243 0.002 0.061 0.048 0.067 0.083 0.430 
  85 L _   0.064 0.243 0.002 0.055 0.044 0.064 0.082 0.445 
  86 E _   0.062 0.236 0.002 0.045 0.040 0.061 0.082 0.472 
  87 V _   0.059 0.222 0.002 0.035 0.034 0.057 0.082 0.508 
  88 S _   0.056 0.205 0.002 0.025 0.029 0.054 0.083 0.547 
  89 S _   0.053 0.188 0.002 0.018 0.023 0.051 0.083 0.582 
  90 A _   0.049 0.177 0.001 0.015 0.019 0.048 0.084 0.607 
  91 S _   0.046 0.172 0.001 0.014 0.017 0.045 0.084 0.621 
  92 A _   0.042 0.170 0.001 0.016 0.016 0.043 0.085 0.626 
  93 A _   0.039 0.172 0.001 0.020 0.016 0.040 0.086 0.626 
  94 H _   0.036 0.174 0.001 0.025 0.016 0.037 0.086 0.623 
  95 T _   0.033 0.176 0.001 0.031 0.016 0.034 0.087 0.622 
  96 G _   0.030 0.175 0.001 0.035 0.016 0.031 0.089 0.623 
  97 L _   0.027 0.171 0.001 0.037 0.015 0.027 0.090 0.631 
  98 Y _   0.024 0.161 0.001 0.037 0.013 0.024 0.093 0.647 
  99 T _   0.021 0.144 0.001 0.033 0.012 0.021 0.096 0.672 
 100 C _   0.018 0.120 0.001 0.029 0.010 0.017 0.100 0.705 
 101 Y _   0.016 0.091 0.001 0.022 0.008 0.015 0.104 0.743 
 102 Y _   0.013 0.062 0.001 0.016 0.006 0.012 0.108 0.782 
 103 N _   0.011 0.039 0.001 0.011 0.004 0.010 0.111 0.814 
 104 H _   0.009 0.023 0.000 0.007 0.003 0.008 0.113 0.837 
 105 T _   0.007 0.014 0.000 0.005 0.002 0.006 0.115 0.851 
 106 Q _   0.006 0.009 0.000 0.004 0.001 0.006 0.115 0.859 
 107 T _   0.005 0.007 0.000 0.003 0.001 0.005 0.115 0.863 
 108 E _   0.005 0.007 0.000 0.003 0.001 0.006 0.114 0.864 
 109 E _   0.005 0.007 0.000 0.004 0.002 0.007 0.112 0.863 
 110 N _   0.005 0.009 0.000 0.007 0.002 0.008 0.110 0.858 
 111 E _   0.006 0.013 0.000 0.011 0.004 0.011 0.107 0.848 
 112 L _   0.007 0.019 0.001 0.017 0.005 0.013 0.104 0.834 
 113 E _   0.008 0.027 0.001 0.024 0.007 0.015 0.100 0.817 
 114 G _   0.009 0.033 0.001 0.032 0.009 0.017 0.097 0.802 
 115 R _   0.009 0.038 0.001 0.037 0.010 0.018 0.095 0.792 
 116 H _   0.010 0.040 0.001 0.040 0.011 0.018 0.093 0.787 
 117 I _   0.010 0.040 0.001 0.039 0.011 0.018 0.091 0.790 
 118 Y _   0.010 0.038 0.001 0.034 0.010 0.017 0.091 0.799 
 119 I _   0.010 0.034 0.001 0.027 0.008 0.016 0.090 0.813 
 120 Y _   0.010 0.027 0.001 0.020 0.007 0.015 0.090 0.831 
 121 V _   0.009 0.021 0.001 0.013 0.005 0.014 0.090 0.847 
 122 P _   0.009 0.015 0.000 0.008 0.004 0.014 0.090 0.859 
 123 D _   0.010 0.012 0.000 0.005 0.003 0.015 0.089 0.866 
 124 P _   0.011 0.011 0.000 0.004 0.003 0.016 0.088 0.867 
 125 D _   0.013 0.012 0.000 0.004 0.004 0.019 0.086 0.862 
 126 V _   0.017 0.014 0.001 0.006 0.006 0.023 0.084 0.849 
 127 A _   0.021 0.023 0.001 0.009 0.009 0.028 0.082 0.827 
 128 F _   0.026 0.041 0.001 0.015 0.015 0.034 0.079 0.789 
 129 V _   0.029 0.071 0.002 0.025 0.021 0.039 0.075 0.738 
 130 P _   0.030 0.108 0.002 0.036 0.027 0.041 0.071 0.684 
 131 L _   0.030 0.143 0.002 0.048 0.030 0.042 0.068 0.636 
 132 G _   0.029 0.168 0.002 0.058 0.032 0.042 0.065 0.603 
 133 M _   0.028 0.182 0.002 0.066 0.032 0.041 0.064 0.585 
 134 T _   0.027 0.189 0.002 0.069 0.031 0.038 0.063 0.580 
 135 D _   0.025 0.189 0.002 0.069 0.029 0.035 0.063 0.589 
 136 Y _   0.024 0.182 0.002 0.063 0.025 0.031 0.064 0.609 
 137 L _   0.022 0.167 0.002 0.054 0.020 0.027 0.065 0.643 
 138 V _   0.020 0.142 0.002 0.042 0.016 0.023 0.067 0.689 
 139 I _   0.018 0.111 0.001 0.029 0.011 0.019 0.069 0.741 
 140 V _   0.016 0.079 0.001 0.019 0.008 0.016 0.071 0.792 
 141 E _   0.013 0.054 0.001 0.012 0.005 0.013 0.072 0.830 
 142 D _   0.011 0.040 0.000 0.007 0.004 0.012 0.073 0.854 
 143 D _   0.009 0.033 0.000 0.005 0.003 0.010 0.073 0.866 
 144 D _   0.009 0.030 0.000 0.005 0.003 0.010 0.073 0.870 
 145 S _   0.009 0.030 0.000 0.006 0.003 0.011 0.072 0.869 
 146 A _   0.009 0.031 0.000 0.009 0.004 0.011 0.071 0.864 
 147 I _   0.010 0.035 0.001 0.013 0.005 0.012 0.070 0.855 
 148 I _   0.010 0.039 0.001 0.017 0.006 0.013 0.069 0.845 
 149 P _   0.010 0.043 0.001 0.021 0.007 0.013 0.068 0.837 
 150 C _   0.009 0.045 0.001 0.024 0.007 0.013 0.067 0.834 
 151 R _   0.009 0.046 0.001 0.024 0.007 0.013 0.066 0.835 
 152 T _   0.008 0.045 0.001 0.022 0.006 0.012 0.066 0.840 
 153 T _   0.007 0.043 0.001 0.019 0.006 0.011 0.065 0.848 
 154 D _   0.007 0.040 0.001 0.015 0.005 0.010 0.065 0.857 
 155 P _   0.006 0.037 0.000 0.012 0.004 0.009 0.065 0.866 
 156 E _   0.006 0.035 0.000 0.010 0.003 0.008 0.065 0.873 
 157 T _   0.006 0.033 0.000 0.008 0.003 0.008 0.065 0.878 
 158 P _   0.006 0.033 0.000 0.008 0.003 0.008 0.064 0.880 
 159 V _   0.006 0.033 0.000 0.008 0.003 0.008 0.063 0.880 
 160 T _   0.006 0.035 0.000 0.009 0.003 0.008 0.062 0.877 
 161 L _   0.006 0.038 0.000 0.011 0.003 0.009 0.061 0.872 
 162 H _   0.006 0.043 0.000 0.013 0.004 0.009 0.059 0.866 
 163 N _   0.006 0.048 0.001 0.016 0.005 0.010 0.058 0.858 
 164 S _   0.006 0.053 0.001 0.019 0.005 0.010 0.056 0.850 
 165 E _   0.006 0.058 0.001 0.021 0.006 0.010 0.055 0.843 
 166 G _   0.006 0.062 0.001 0.022 0.006 0.011 0.054 0.839 
 167 V _   0.006 0.065 0.001 0.023 0.006 0.010 0.053 0.837 
 168 V _   0.006 0.066 0.001 0.022 0.005 0.010 0.052 0.839 
 169 P _   0.006 0.065 0.001 0.019 0.005 0.010 0.051 0.844 
 170 A _   0.005 0.064 0.001 0.016 0.004 0.009 0.050 0.850 
 171 S _   0.005 0.062 0.000 0.013 0.004 0.009 0.050 0.857 
 172 Y _   0.005 0.060 0.000 0.011 0.003 0.009 0.049 0.863 
 173 D _   0.005 0.059 0.000 0.009 0.003 0.009 0.048 0.866 
 174 S _   0.005 0.060 0.000 0.008 0.003 0.010 0.047 0.866 
 175 R _   0.006 0.062 0.000 0.008 0.003 0.011 0.046 0.862 
 176 Q _   0.007 0.068 0.001 0.010 0.004 0.013 0.045 0.852 
 177 G _   0.009 0.078 0.001 0.013 0.006 0.016 0.043 0.835 
 178 F _   0.010 0.094 0.001 0.017 0.008 0.019 0.041 0.809 
 179 N _   0.012 0.115 0.001 0.023 0.011 0.022 0.039 0.777 
 180 G _   0.013 0.138 0.001 0.029 0.014 0.024 0.037 0.744 
 181 T _   0.014 0.159 0.001 0.034 0.016 0.026 0.035 0.714 
 182 F _   0.015 0.174 0.001 0.039 0.018 0.027 0.033 0.692 
 183 T _   0.016 0.185 0.001 0.042 0.019 0.027 0.032 0.678 
 184 V _   0.017 0.190 0.001 0.043 0.019 0.028 0.031 0.670 
 185 G _   0.017 0.192 0.001 0.043 0.019 0.027 0.031 0.669 
 186 P _   0.017 0.191 0.001 0.041 0.019 0.026 0.030 0.674 
 187 Y _   0.018 0.186 0.001 0.038 0.017 0.025 0.030 0.685 
 188 I _   0.017 0.177 0.001 0.034 0.015 0.024 0.031 0.701 
 189 C _   0.017 0.164 0.001 0.030 0.013 0.022 0.031 0.721 
 190 E _   0.016 0.148 0.001 0.026 0.011 0.021 0.032 0.745 
 191 A _   0.015 0.131 0.001 0.021 0.010 0.019 0.032 0.772 
 192 T _   0.014 0.114 0.001 0.017 0.008 0.018 0.033 0.797 
 193 V _   0.012 0.100 0.001 0.013 0.006 0.016 0.033 0.819 
 194 K _   0.011 0.088 0.001 0.010 0.005 0.015 0.033 0.835 
 195 G _   0.011 0.081 0.001 0.009 0.005 0.015 0.033 0.847 
 196 K _   0.011 0.077 0.001 0.008 0.004 0.015 0.033 0.853 
 197 K _   0.011 0.075 0.001 0.008 0.005 0.015 0.032 0.854 
 198 F _   0.011 0.075 0.001 0.009 0.005 0.016 0.032 0.850 
 199 Q _   0.012 0.078 0.001 0.012 0.007 0.017 0.031 0.842 
 200 T _   0.013 0.082 0.001 0.016 0.008 0.018 0.031 0.831 
 201 I _   0.014 0.087 0.001 0.021 0.010 0.020 0.030 0.817 
 202 P _   0.014 0.092 0.001 0.026 0.011 0.020 0.030 0.805 
 203 F _   0.014 0.094 0.001 0.030 0.012 0.021 0.030 0.797 
 204 N _   0.015 0.095 0.001 0.033 0.013 0.020 0.030 0.793 
 205 V _   0.015 0.093 0.001 0.034 0.013 0.020 0.030 0.795 
 206 Y _   0.015 0.087 0.001 0.031 0.012 0.019 0.030 0.805 
 207 A _   0.014 0.077 0.001 0.027 0.010 0.017 0.031 0.822 
 208 L _   0.013 0.064 0.001 0.022 0.008 0.016 0.032 0.845 
 209 K _   0.012 0.049 0.001 0.016 0.007 0.014 0.033 0.868 
 210 A _   0.011 0.036 0.001 0.012 0.005 0.013 0.033 0.889 
 211 T _   0.010 0.025 0.001 0.009 0.004 0.012 0.034 0.905 
 212 S _   0.010 0.019 0.000 0.007 0.004 0.012 0.034 0.914 
 213 E _   0.010 0.016 0.000 0.007 0.004 0.013 0.034 0.917 
 214 L _   0.011 0.014 0.000 0.007 0.004 0.014 0.034 0.916 
 215 D _   0.012 0.014 0.001 0.009 0.005 0.015 0.034 0.911 
 216 L _   0.013 0.014 0.001 0.012 0.006 0.017 0.033 0.905 
 217 E _   0.014 0.014 0.001 0.016 0.007 0.018 0.033 0.897 
 218 M _   0.016 0.014 0.001 0.018 0.008 0.020 0.033 0.891 
 219 E _   0.017 0.013 0.001 0.019 0.009 0.021 0.032 0.888 
 220 A _   0.019 0.012 0.001 0.019 0.009 0.021 0.032 0.888 
 221 L _   0.021 0.009 0.001 0.016 0.008 0.022 0.032 0.890 
 222 K _   0.025 0.006 0.001 0.012 0.007 0.022 0.032 0.894 
 223 T _   0.030 0.004 0.001 0.008 0.007 0.024 0.031 0.896 
 224 V _   0.037 0.002 0.001 0.006 0.006 0.025 0.031 0.892 
 225 Y _   0.048 0.001 0.001 0.004 0.006 0.028 0.031 0.881 
 226 K _   0.063 0.001 0.001 0.003 0.008 0.032 0.030 0.862 
 227 S _   0.083 0.001 0.001 0.003 0.011 0.038 0.030 0.833 
 228 G _   0.107 0.001 0.001 0.004 0.017 0.046 0.029 0.794 
 229 E _   0.133 0.003 0.001 0.007 0.026 0.054 0.029 0.748 
 230 T _   0.157 0.006 0.002 0.011 0.036 0.060 0.029 0.699 
 231 I _   0.174 0.012 0.002 0.018 0.045 0.065 0.029 0.655 
 232 V _   0.185 0.018 0.003 0.024 0.051 0.067 0.029 0.622 
 233 V _   0.189 0.023 0.003 0.029 0.054 0.067 0.030 0.605 
 234 T _   0.187 0.026 0.003 0.032 0.053 0.064 0.031 0.604 
 235 C _   0.178 0.027 0.003 0.031 0.050 0.061 0.033 0.618 
 236 A _   0.163 0.025 0.002 0.029 0.045 0.056 0.035 0.645 
 237 V _   0.146 0.022 0.002 0.024 0.038 0.051 0.037 0.680 
 238 F _   0.126 0.019 0.002 0.020 0.030 0.045 0.039 0.720 
 239 N _   0.105 0.015 0.002 0.016 0.023 0.039 0.041 0.759 
 240 N _   0.087 0.012 0.001 0.014 0.017 0.034 0.044 0.792 
 241 E _   0.071 0.010 0.001 0.012 0.013 0.030 0.046 0.818 
 242 V _   0.058 0.008 0.001 0.012 0.010 0.025 0.048 0.838 
 243 V _   0.047 0.007 0.001 0.012 0.008 0.022 0.050 0.853 
 244 D _   0.038 0.006 0.001 0.011 0.007 0.019 0.052 0.866 
 245 L _   0.030 0.005 0.001 0.011 0.006 0.016 0.054 0.878 
 246 Q _   0.023 0.005 0.001 0.010 0.005 0.014 0.055 0.888 
 247 W _   0.018 0.004 0.001 0.009 0.004 0.012 0.056 0.897 
 248 T _   0.014 0.003 0.000 0.007 0.003 0.010 0.057 0.905 
 249 Y _   0.011 0.002 0.000 0.006 0.003 0.009 0.058 0.912 
 250 P _   0.009 0.002 0.000 0.005 0.002 0.008 0.058 0.916 
 251 G _   0.007 0.002 0.000 0.004 0.002 0.007 0.058 0.919 
 252 E _   0.007 0.003 0.000 0.004 0.002 0.007 0.057 0.920 
 253 V _   0.007 0.004 0.000 0.004 0.002 0.008 0.057 0.918 
 254 K _   0.007 0.006 0.000 0.005 0.003 0.010 0.056 0.913 
 255 G _   0.008 0.010 0.000 0.007 0.004 0.012 0.055 0.904 
 256 K _   0.009 0.017 0.001 0.011 0.005 0.014 0.053 0.890 
 257 G _   0.010 0.027 0.001 0.015 0.007 0.017 0.052 0.872 
 258 I _   0.011 0.038 0.001 0.020 0.009 0.019 0.050 0.853 
 259 T _   0.012 0.048 0.001 0.023 0.010 0.021 0.048 0.836 
 260 M _   0.013 0.056 0.001 0.026 0.011 0.023 0.047 0.823 
 261 L _   0.014 0.062 0.001 0.026 0.012 0.025 0.046 0.815 
 262 E _   0.015 0.066 0.001 0.025 0.012 0.026 0.045 0.811 
 263 E _   0.016 0.068 0.001 0.023 0.012 0.027 0.044 0.810 
 264 I _   0.017 0.069 0.001 0.020 0.012 0.028 0.043 0.811 
 265 K _   0.019 0.070 0.001 0.017 0.012 0.029 0.043 0.810 
 266 V _   0.022 0.071 0.001 0.015 0.012 0.030 0.042 0.807 
 267 P _   0.025 0.073 0.001 0.014 0.013 0.032 0.042 0.800 
 268 S _   0.028 0.077 0.001 0.015 0.014 0.034 0.041 0.790 
 269 I _   0.031 0.083 0.001 0.017 0.016 0.035 0.041 0.776 
 270 K _   0.033 0.090 0.001 0.021 0.018 0.036 0.041 0.760 
 271 L _   0.034 0.099 0.001 0.025 0.020 0.036 0.040 0.743 
 272 V _   0.034 0.107 0.002 0.030 0.021 0.036 0.040 0.729 
 273 Y _   0.034 0.113 0.002 0.035 0.021 0.035 0.041 0.720 
 274 T _   0.032 0.116 0.002 0.038 0.021 0.033 0.041 0.718 
 275 L _   0.029 0.116 0.001 0.040 0.019 0.030 0.042 0.722 
 276 T _   0.026 0.114 0.001 0.040 0.017 0.027 0.043 0.732 
 277 V _   0.023 0.108 0.001 0.037 0.015 0.024 0.044 0.749 
 278 P _   0.020 0.098 0.001 0.033 0.012 0.020 0.045 0.770 
 279 E _   0.017 0.085 0.001 0.027 0.009 0.017 0.047 0.796 
 280 A _   0.014 0.069 0.001 0.021 0.007 0.014 0.049 0.825 
 281 T _   0.012 0.053 0.001 0.015 0.005 0.012 0.050 0.853 
 282 V _   0.010 0.039 0.001 0.011 0.004 0.009 0.051 0.876 
 283 K _   0.008 0.030 0.000 0.007 0.003 0.008 0.051 0.893 
 284 D _   0.006 0.024 0.000 0.005 0.002 0.007 0.052 0.904 
 285 S _   0.005 0.022 0.000 0.004 0.002 0.006 0.051 0.909 
 286 G _   0.005 0.021 0.000 0.004 0.002 0.006 0.051 0.911 
 287 D _   0.005 0.022 0.000 0.005 0.002 0.007 0.050 0.909 
 288 Y _   0.005 0.025 0.000 0.007 0.003 0.008 0.048 0.903 
 289 E _   0.006 0.030 0.000 0.011 0.003 0.009 0.047 0.894 
 290 C _   0.006 0.038 0.001 0.015 0.004 0.011 0.045 0.880 
 291 A _   0.007 0.046 0.001 0.020 0.006 0.012 0.043 0.866 
 292 A _   0.007 0.055 0.001 0.024 0.007 0.013 0.041 0.853 
 293 R _   0.007 0.061 0.001 0.027 0.007 0.014 0.039 0.844 
 294 Q _   0.007 0.065 0.001 0.028 0.008 0.015 0.038 0.839 
 295 A _   0.007 0.067 0.001 0.028 0.008 0.015 0.037 0.838 
 296 T _   0.007 0.068 0.001 0.026 0.008 0.015 0.036 0.841 
 297 R _   0.008 0.066 0.001 0.023 0.007 0.015 0.035 0.845 
 298 E _   0.008 0.064 0.001 0.020 0.007 0.015 0.034 0.851 
 299 V _   0.009 0.062 0.001 0.017 0.007 0.015 0.034 0.856 
 300 K _   0.009 0.059 0.001 0.015 0.006 0.015 0.034 0.861 
 301 E _   0.010 0.057 0.001 0.013 0.006 0.015 0.033 0.864 
 302 M _   0.011 0.055 0.001 0.012 0.006 0.016 0.033 0.866 
 303 K _   0.012 0.054 0.001 0.012 0.006 0.017 0.033 0.866 
 304 K _   0.013 0.053 0.001 0.012 0.007 0.017 0.033 0.865 
 305 V _   0.014 0.053 0.001 0.012 0.007 0.018 0.032 0.862 
 306 T _   0.015 0.054 0.001 0.013 0.008 0.019 0.032 0.858 
 307 I _   0.017 0.055 0.001 0.014 0.009 0.020 0.032 0.853 
 308 S _   0.018 0.056 0.001 0.015 0.010 0.022 0.031 0.847 
 309 V _   0.020 0.057 0.001 0.016 0.010 0.022 0.031 0.842 
 310 H _   0.021 0.058 0.001 0.017 0.011 0.023 0.031 0.838 
 311 E _   0.021 0.059 0.001 0.018 0.012 0.024 0.031 0.834 
 312 K _   0.021 0.059 0.001 0.019 0.012 0.024 0.031 0.833 
 313 G _   0.021 0.058 0.001 0.019 0.012 0.023 0.031 0.834 
 314 F _   0.021 0.057 0.001 0.019 0.011 0.023 0.032 0.837 
 315 I _   0.020 0.055 0.001 0.018 0.011 0.022 0.032 0.841 
 316 E _   0.020 0.052 0.001 0.017 0.010 0.022 0.032 0.847 
 317 I _   0.019 0.050 0.001 0.015 0.009 0.021 0.033 0.853 
 318 K _   0.018 0.047 0.001 0.014 0.008 0.020 0.033 0.859 
 319 P _   0.017 0.044 0.001 0.013 0.008 0.019 0.033 0.865 
 320 T _   0.016 0.042 0.001 0.012 0.007 0.019 0.034 0.869 
 321 F _   0.015 0.040 0.001 0.012 0.007 0.018 0.034 0.873 
 322 S _   0.014 0.039 0.001 0.011 0.007 0.018 0.034 0.876 
 323 Q _   0.014 0.038 0.001 0.011 0.007 0.018 0.034 0.877 
 324 L _   0.014 0.037 0.001 0.011 0.007 0.018 0.035 0.876 
 325 E _   0.015 0.037 0.001 0.012 0.007 0.019 0.035 0.875 
 326 A _   0.016 0.038 0.001 0.012 0.008 0.019 0.035 0.871 
 327 V _   0.017 0.039 0.001 0.013 0.008 0.020 0.035 0.867 
 328 N _   0.019 0.040 0.001 0.014 0.009 0.021 0.035 0.862 
 329 L _   0.020 0.041 0.001 0.015 0.010 0.022 0.036 0.856 
 330 H _   0.022 0.042 0.001 0.016 0.011 0.023 0.036 0.849 
 331 E _   0.024 0.043 0.001 0.017 0.012 0.024 0.036 0.842 
 332 V _   0.025 0.045 0.001 0.019 0.013 0.025 0.037 0.836 
 333 K _   0.026 0.046 0.001 0.021 0.014 0.025 0.038 0.830 
 334 H _   0.027 0.046 0.001 0.023 0.014 0.025 0.039 0.826 
 335 F _   0.027 0.045 0.001 0.025 0.014 0.024 0.040 0.824 
 336 V _   0.027 0.044 0.001 0.025 0.013 0.023 0.041 0.826 
 337 V _   0.026 0.041 0.001 0.025 0.012 0.021 0.042 0.832 
 338 E _   0.024 0.036 0.001 0.022 0.011 0.020 0.044 0.842 
 339 V _   0.021 0.030 0.001 0.019 0.009 0.018 0.046 0.856 
 340 R _   0.018 0.023 0.001 0.015 0.007 0.015 0.047 0.872 
 341 A _   0.016 0.017 0.001 0.012 0.006 0.013 0.049 0.887 
 342 Y _   0.013 0.011 0.001 0.009 0.004 0.012 0.050 0.900 
 343 P _   0.011 0.007 0.000 0.007 0.004 0.011 0.051 0.909 
 344 P _   0.010 0.005 0.000 0.005 0.003 0.010 0.052 0.915 
 345 P _   0.009 0.003 0.000 0.005 0.003 0.010 0.052 0.917 
 346 R _   0.009 0.003 0.000 0.004 0.003 0.010 0.053 0.918 
 347 I _   0.009 0.003 0.000 0.005 0.003 0.011 0.053 0.917 
 348 S _   0.010 0.003 0.000 0.005 0.003 0.012 0.053 0.914 
 349 W _   0.011 0.003 0.000 0.006 0.004 0.013 0.053 0.910 
 350 L _   0.012 0.004 0.001 0.007 0.005 0.015 0.052 0.904 
 351 K _   0.014 0.006 0.001 0.009 0.006 0.018 0.052 0.896 
 352 N _   0.016 0.007 0.001 0.011 0.008 0.020 0.051 0.886 
 353 N _   0.019 0.009 0.001 0.013 0.010 0.023 0.050 0.875 
 354 L _   0.022 0.012 0.001 0.016 0.012 0.026 0.050 0.862 
 355 T _   0.026 0.014 0.001 0.018 0.014 0.028 0.049 0.849 
 356 L _   0.029 0.016 0.001 0.020 0.016 0.030 0.049 0.838 
 357 I _   0.032 0.018 0.001 0.022 0.017 0.032 0.049 0.829 
 358 E _   0.035 0.019 0.001 0.023 0.018 0.032 0.049 0.823 
 359 N _   0.037 0.019 0.001 0.022 0.018 0.032 0.049 0.821 
 360 L _   0.038 0.019 0.001 0.021 0.017 0.031 0.050 0.823 
 361 T _   0.038 0.018 0.001 0.019 0.016 0.030 0.051 0.829 
 362 E _   0.038 0.016 0.001 0.016 0.014 0.028 0.051 0.836 
 363 I _   0.036 0.014 0.001 0.014 0.012 0.026 0.052 0.844 
 364 T _   0.034 0.013 0.001 0.012 0.010 0.025 0.053 0.853 
 365 T _   0.032 0.011 0.001 0.010 0.009 0.023 0.054 0.860 
 366 D _   0.029 0.010 0.001 0.009 0.008 0.021 0.055 0.866 
 367 V _   0.027 0.010 0.001 0.009 0.007 0.020 0.055 0.871 
 368 E _   0.025 0.010 0.001 0.009 0.007 0.019 0.056 0.874 
 369 K _   0.023 0.010 0.001 0.009 0.007 0.018 0.057 0.875 
 370 I _   0.022 0.010 0.001 0.010 0.006 0.017 0.057 0.877 
 371 Q _   0.020 0.011 0.001 0.010 0.006 0.017 0.057 0.877 
 372 E _   0.018 0.012 0.001 0.011 0.006 0.016 0.058 0.878 
 373 I _   0.017 0.013 0.001 0.011 0.006 0.015 0.058 0.879 
 374 R _   0.015 0.014 0.001 0.012 0.006 0.015 0.058 0.879 
 375 Y _   0.014 0.015 0.001 0.013 0.006 0.014 0.059 0.878 
 376 R _   0.013 0.016 0.001 0.014 0.006 0.014 0.059 0.877 
 377 S _   0.012 0.017 0.001 0.016 0.006 0.014 0.059 0.876 
 378 K _   0.012 0.018 0.001 0.017 0.006 0.013 0.060 0.874 
 379 L _   0.011 0.018 0.001 0.018 0.006 0.012 0.060 0.874 
 380 K _   0.010 0.018 0.001 0.018 0.006 0.012 0.061 0.875 
 381 L _   0.010 0.017 0.001 0.017 0.005 0.011 0.061 0.878 
 382 I _   0.009 0.016 0.001 0.015 0.004 0.010 0.062 0.883 
 383 R _   0.008 0.014 0.000 0.012 0.004 0.009 0.062 0.890 
 384 A _   0.007 0.012 0.000 0.009 0.003 0.007 0.063 0.897 
 385 K _   0.007 0.011 0.000 0.007 0.002 0.007 0.063 0.904 
 386 E _   0.006 0.010 0.000 0.005 0.002 0.006 0.063 0.908 
 387 E _   0.006 0.009 0.000 0.004 0.002 0.006 0.062 0.910 
 388 D _   0.006 0.010 0.000 0.004 0.002 0.007 0.062 0.910 
 389 S _   0.006 0.012 0.000 0.005 0.002 0.008 0.061 0.905 
 390 G _   0.007 0.016 0.000 0.008 0.003 0.009 0.060 0.897 
 391 H _   0.008 0.023 0.001 0.011 0.004 0.011 0.058 0.883 
 392 Y _   0.009 0.032 0.001 0.016 0.006 0.013 0.057 0.867 
 393 T _   0.009 0.043 0.001 0.020 0.007 0.014 0.055 0.851 
 394 I _   0.010 0.051 0.001 0.023 0.007 0.015 0.054 0.839 
 395 V _   0.009 0.057 0.001 0.024 0.007 0.015 0.053 0.833 
 396 A _   0.009 0.061 0.001 0.022 0.007 0.015 0.052 0.833 
 397 Q _   0.009 0.063 0.001 0.019 0.006 0.015 0.051 0.836 
 398 N _   0.009 0.064 0.001 0.015 0.005 0.015 0.050 0.841 
 399 E _   0.009 0.064 0.001 0.012 0.005 0.016 0.049 0.844 
 400 D _   0.010 0.065 0.001 0.010 0.005 0.017 0.048 0.844 
 401 A _   0.011 0.068 0.001 0.009 0.005 0.019 0.047 0.839 
 402 V _   0.014 0.075 0.001 0.009 0.007 0.023 0.046 0.826 
 403 K _   0.017 0.089 0.001 0.012 0.010 0.026 0.044 0.801 
 404 S _   0.020 0.115 0.001 0.016 0.014 0.030 0.042 0.761 
 405 Y _   0.022 0.156 0.002 0.023 0.019 0.034 0.039 0.705 
 406 T _   0.023 0.207 0.002 0.030 0.022 0.036 0.037 0.643 
 407 F _   0.023 0.254 0.002 0.037 0.024 0.036 0.035 0.588 
 408 E _   0.023 0.291 0.002 0.042 0.025 0.035 0.033 0.548 
 409 L _   0.022 0.315 0.002 0.045 0.025 0.034 0.032 0.525 
 410 L _   0.021 0.329 0.002 0.046 0.024 0.033 0.031 0.514 
 411 T _   0.021 0.335 0.002 0.045 0.023 0.031 0.031 0.513 
 412 Q _   0.020 0.336 0.001 0.044 0.021 0.029 0.031 0.519 
 413 V _   0.019 0.332 0.001 0.041 0.019 0.027 0.031 0.529 
 414 P _   0.018 0.323 0.001 0.039 0.017 0.025 0.032 0.544 
 415 S _   0.018 0.309 0.001 0.037 0.016 0.023 0.033 0.565 
 416 S _   0.017 0.289 0.001 0.034 0.014 0.020 0.034 0.591 
 417 I _   0.016 0.263 0.001 0.031 0.012 0.019 0.036 0.622 
 418 L _   0.015 0.232 0.001 0.027 0.010 0.017 0.038 0.660 
 419 D _   0.014 0.196 0.001 0.023 0.008 0.015 0.040 0.702 
 420 L _   0.013 0.160 0.001 0.018 0.007 0.013 0.042 0.746 
 421 V _   0.011 0.129 0.001 0.014 0.005 0.012 0.044 0.785 
 422 D _   0.010 0.105 0.001 0.010 0.004 0.010 0.045 0.816 
 423 D _   0.008 0.089 0.000 0.007 0.003 0.009 0.046 0.837 
 424 H _   0.007 0.081 0.000 0.006 0.002 0.009 0.046 0.848 
 425 H _   0.007 0.077 0.000 0.005 0.002 0.009 0.046 0.853 
 426 G _   0.007 0.077 0.000 0.005 0.002 0.009 0.046 0.852 
 427 S _   0.007 0.081 0.000 0.007 0.003 0.011 0.045 0.846 
 428 T _   0.008 0.088 0.001 0.010 0.004 0.012 0.044 0.833 
 429 G _   0.009 0.102 0.001 0.014 0.006 0.014 0.043 0.813 
 430 G _   0.009 0.119 0.001 0.019 0.007 0.015 0.042 0.788 
 431 Q _   0.009 0.137 0.001 0.023 0.008 0.016 0.040 0.765 
 432 T _   0.009 0.152 0.001 0.027 0.009 0.017 0.039 0.745 
 433 V _   0.009 0.164 0.001 0.029 0.010 0.017 0.038 0.732 
 434 R _   0.009 0.171 0.001 0.029 0.010 0.017 0.038 0.726 
 435 C _   0.008 0.175 0.001 0.028 0.009 0.016 0.037 0.725 
 436 T _   0.008 0.176 0.001 0.025 0.009 0.016 0.037 0.727 
 437 A _   0.008 0.175 0.001 0.022 0.008 0.016 0.037 0.732 
 438 E _   0.008 0.174 0.001 0.019 0.007 0.015 0.038 0.738 
 439 G _   0.008 0.171 0.001 0.017 0.007 0.015 0.038 0.743 
 440 T _   0.009 0.170 0.001 0.016 0.006 0.016 0.038 0.745 
 441 P _   0.009 0.169 0.001 0.016 0.007 0.016 0.038 0.744 
 442 L _   0.010 0.170 0.001 0.017 0.007 0.017 0.038 0.739 
 443 P _   0.011 0.172 0.001 0.021 0.009 0.018 0.039 0.731 
 444 D _   0.012 0.175 0.001 0.025 0.010 0.018 0.039 0.720 
 445 I _   0.012 0.177 0.001 0.030 0.011 0.019 0.039 0.711 
 446 E _   0.013 0.176 0.001 0.034 0.012 0.019 0.040 0.705 
 447 W _   0.013 0.173 0.001 0.037 0.012 0.018 0.041 0.706 
 448 M _   0.013 0.165 0.001 0.037 0.012 0.017 0.042 0.713 
 449 I _   0.012 0.152 0.001 0.034 0.011 0.016 0.044 0.730 
 450 C _   0.012 0.131 0.001 0.030 0.009 0.015 0.046 0.756 
 451 K _   0.011 0.105 0.001 0.024 0.008 0.013 0.048 0.791 
 452 D _   0.010 0.076 0.001 0.017 0.006 0.011 0.050 0.829 
 453 I _   0.009 0.049 0.001 0.011 0.004 0.010 0.052 0.863 
 454 K _   0.008 0.031 0.000 0.007 0.003 0.009 0.054 0.887 
 455 K _   0.007 0.022 0.000 0.005 0.002 0.009 0.054 0.902 
 456 C _   0.006 0.017 0.000 0.003 0.002 0.009 0.055 0.908 
 457 N _   0.007 0.016 0.000 0.003 0.002 0.010 0.054 0.907 
 458 N _   0.008 0.017 0.000 0.004 0.003 0.012 0.054 0.902 
 459 E _   0.010 0.021 0.000 0.007 0.004 0.015 0.053 0.889 
 460 T _   0.012 0.030 0.001 0.011 0.006 0.020 0.052 0.868 
 461 S _   0.015 0.045 0.001 0.016 0.010 0.024 0.050 0.839 
 462 W _   0.018 0.065 0.001 0.022 0.013 0.028 0.048 0.805 
 463 T _   0.020 0.084 0.001 0.028 0.016 0.032 0.046 0.773 
 464 I _   0.022 0.101 0.001 0.032 0.019 0.034 0.044 0.746 
 465 L _   0.023 0.113 0.002 0.035 0.021 0.036 0.043 0.727 
 466 A _   0.025 0.122 0.002 0.036 0.023 0.038 0.042 0.714 
 467 N _   0.027 0.128 0.002 0.036 0.024 0.039 0.041 0.704 
 468 N _   0.029 0.131 0.002 0.036 0.025 0.039 0.041 0.698 
 469 V _   0.030 0.133 0.002 0.036 0.025 0.039 0.040 0.694 
 470 S _   0.032 0.133 0.002 0.037 0.025 0.038 0.041 0.692 
 471 N _   0.032 0.132 0.002 0.038 0.024 0.036 0.041 0.694 
 472 I _   0.032 0.127 0.002 0.039 0.022 0.034 0.042 0.702 
 473 I _   0.031 0.119 0.002 0.038 0.020 0.031 0.043 0.717 
 474 T _   0.028 0.106 0.001 0.034 0.017 0.028 0.045 0.741 
 475 E _   0.025 0.088 0.001 0.029 0.014 0.024 0.046 0.773 
 476 I _   0.022 0.066 0.001 0.022 0.011 0.021 0.048 0.810 
 477 H _   0.018 0.044 0.001 0.016 0.008 0.018 0.049 0.847 
 478 S _   0.015 0.026 0.001 0.010 0.006 0.015 0.050 0.878 
 479 R _   0.012 0.014 0.001 0.007 0.004 0.014 0.050 0.899 
 480 D _   0.011 0.008 0.000 0.005 0.003 0.013 0.051 0.910 
 481 R _   0.010 0.005 0.000 0.004 0.003 0.012 0.051 0.915 
 482 S _   0.010 0.004 0.000 0.004 0.003 0.013 0.051 0.915 
 483 T _   0.011 0.003 0.000 0.005 0.003 0.015 0.050 0.912 
 484 V _   0.013 0.004 0.000 0.006 0.004 0.017 0.050 0.906 
 485 E _   0.016 0.004 0.001 0.008 0.006 0.020 0.049 0.896 
 486 G _   0.019 0.005 0.001 0.010 0.007 0.024 0.048 0.886 
 487 R _   0.024 0.006 0.001 0.012 0.009 0.028 0.047 0.873 
 488 V _   0.030 0.007 0.001 0.013 0.011 0.033 0.046 0.860 
 489 T _   0.037 0.008 0.001 0.013 0.014 0.037 0.045 0.846 
 490 F _   0.046 0.008 0.001 0.012 0.016 0.042 0.044 0.830 
 491 A _   0.056 0.009 0.001 0.012 0.019 0.047 0.043 0.812 
 492 K _   0.068 0.010 0.001 0.012 0.023 0.052 0.043 0.792 
 493 V _   0.079 0.012 0.001 0.012 0.026 0.056 0.042 0.771 
 494 E _   0.091 0.015 0.002 0.013 0.030 0.059 0.042 0.748 
 495 E _   0.101 0.019 0.002 0.016 0.034 0.061 0.042 0.724 
 496 T _   0.110 0.024 0.002 0.019 0.038 0.062 0.042 0.703 
 497 I _   0.115 0.030 0.002 0.023 0.040 0.062 0.042 0.685 
 498 A _   0.116 0.035 0.002 0.028 0.041 0.060 0.043 0.675 
 499 V _   0.113 0.039 0.002 0.033 0.039 0.056 0.044 0.674 
 500 R _   0.106 0.040 0.002 0.035 0.036 0.051 0.046 0.683 
 501 C _   0.096 0.040 0.002 0.036 0.032 0.046 0.047 0.702 
 502 L _   0.084 0.037 0.002 0.033 0.026 0.040 0.050 0.728 
 503 A _   0.072 0.032 0.002 0.028 0.020 0.033 0.052 0.761 
 504 K _   0.058 0.025 0.001 0.022 0.014 0.027 0.054 0.798 
 505 N _   0.045 0.018 0.001 0.016 0.010 0.021 0.056 0.832 
 506 L _   0.034 0.011 0.001 0.011 0.006 0.017 0.058 0.862 
 507 L _   0.025 0.006 0.001 0.007 0.004 0.013 0.059 0.885 
 508 G _   0.019 0.003 0.000 0.005 0.003 0.010 0.059 0.901 
 509 A _   0.014 0.002 0.000 0.004 0.002 0.008 0.060 0.911 
 510 E _   0.012 0.001 0.000 0.003 0.002 0.007 0.059 0.916 
 511 N _   0.010 0.000 0.000 0.003 0.002 0.006 0.059 0.919 
 512 R _   0.010 0.000 0.000 0.003 0.002 0.006 0.058 0.920 
 513 E _   0.011 0.000 0.000 0.003 0.002 0.006 0.057 0.920 
 514 L _   0.013 0.000 0.000 0.004 0.002 0.006 0.056 0.918 
 515 K _   0.016 0.000 0.000 0.004 0.003 0.007 0.055 0.916 
 516 L _   0.020 0.000 0.000 0.004 0.003 0.007 0.053 0.913 
 517 V _   0.027 0.000 0.000 0.003 0.003 0.006 0.051 0.910 
 518 A _   0.036 0.000 0.000 0.002 0.003 0.006 0.049 0.904 
 519 P _   0.049 0.000 0.000 0.001 0.003 0.006 0.046 0.895 
 520 T _   0.067 0.000 0.000 0.001 0.003 0.005 0.044 0.881 
 521 L _   0.090 0.000 0.000 0.000 0.003 0.005 0.042 0.860 
 522 R _   0.123 0.000 0.000 0.000 0.003 0.004 0.040 0.829 
 523 S _   0.169 0.000 0.000 0.000 0.003 0.004 0.038 0.785 
 524 E _   0.234 0.000 0.001 0.000 0.003 0.004 0.036 0.721 
 525 L _   0.324 0.000 0.001 0.000 0.004 0.004 0.034 0.633 
 526 T _   0.434 0.000 0.001 0.000 0.004 0.004 0.032 0.525 
 527 V H   0.550 0.000 0.001 0.000 0.004 0.004 0.029 0.412 
 528 A H   0.662 0.000 0.001 0.000 0.005 0.004 0.025 0.303 
 529 A H   0.759 0.000 0.001 0.000 0.005 0.003 0.022 0.210 
 530 A H   0.831 0.000 0.001 0.000 0.005 0.003 0.019 0.140 
 531 V H   0.883 0.000 0.001 0.000 0.005 0.003 0.016 0.091 
 532 L H   0.919 0.000 0.001 0.000 0.005 0.002 0.014 0.059 
 533 V H   0.941 0.000 0.001 0.000 0.005 0.002 0.011 0.040 
 534 L H   0.954 0.000 0.001 0.000 0.005 0.002 0.010 0.028 
 535 L H   0.962 0.000 0.001 0.000 0.005 0.002 0.008 0.022 
 536 V H   0.966 0.000 0.001 0.000 0.005 0.002 0.007 0.020 
 537 I H   0.966 0.000 0.001 0.000 0.006 0.002 0.006 0.020 
 538 V H   0.964 0.000 0.001 0.000 0.006 0.002 0.005 0.023 
 539 I H   0.958 0.000 0.001 0.000 0.006 0.002 0.004 0.029 
 540 I H   0.948 0.000 0.001 0.000 0.007 0.002 0.004 0.039 
 541 S H   0.931 0.000 0.001 0.000 0.008 0.003 0.003 0.055 
 542 L H   0.906 0.000 0.001 0.000 0.009 0.003 0.003 0.078 
 543 I H   0.871 0.000 0.001 0.000 0.009 0.004 0.003 0.112 
 544 V H   0.821 0.000 0.001 0.000 0.010 0.004 0.004 0.159 
 545 L H   0.752 0.000 0.001 0.001 0.011 0.005 0.004 0.226 
 546 V H   0.667 0.000 0.001 0.001 0.011 0.006 0.005 0.310 
 547 V H   0.566 0.000 0.001 0.001 0.010 0.006 0.006 0.410 
 548 I _   0.456 0.000 0.001 0.001 0.008 0.007 0.008 0.519 
 549 W _   0.342 0.000 0.001 0.001 0.007 0.007 0.010 0.632 
 550 K _   0.239 0.000 0.001 0.001 0.005 0.007 0.013 0.734 
 551 Q _   0.159 0.000 0.001 0.001 0.004 0.007 0.015 0.814 
 552 K _   0.103 0.000 0.000 0.001 0.003 0.007 0.016 0.869 
 553 P _   0.068 0.000 0.000 0.001 0.003 0.007 0.018 0.901 
 554 R _   0.048 0.000 0.000 0.002 0.003 0.008 0.019 0.919 
 555 Y _   0.036 0.001 0.000 0.004 0.004 0.010 0.020 0.925 
 556 E _   0.029 0.003 0.001 0.007 0.005 0.012 0.021 0.923 
 557 I _   0.024 0.007 0.001 0.012 0.006 0.013 0.022 0.916 
 558 R _   0.021 0.012 0.001 0.017 0.008 0.014 0.022 0.905 
 559 W _   0.018 0.016 0.001 0.022 0.009 0.015 0.023 0.896 
 560 R _   0.016 0.019 0.001 0.025 0.009 0.015 0.024 0.890 
 561 V _   0.014 0.021 0.001 0.026 0.009 0.015 0.025 0.890 
 562 I _   0.013 0.021 0.001 0.024 0.008 0.014 0.026 0.894 
 563 E _   0.011 0.021 0.001 0.020 0.007 0.013 0.027 0.901 
 564 S _   0.010 0.019 0.001 0.015 0.006 0.011 0.028 0.909 
 565 I _   0.009 0.017 0.001 0.012 0.004 0.011 0.029 0.917 
 566 S _   0.009 0.015 0.000 0.009 0.004 0.010 0.030 0.923 
 567 P _   0.008 0.015 0.000 0.007 0.003 0.010 0.031 0.925 
 568 D _   0.009 0.015 0.000 0.007 0.003 0.010 0.032 0.923 
 569 G _   0.009 0.016 0.000 0.008 0.004 0.011 0.033 0.918 
 570 H _   0.010 0.019 0.001 0.010 0.005 0.012 0.033 0.910 
 571 E _   0.010 0.023 0.001 0.014 0.006 0.014 0.034 0.898 
 572 Y _   0.011 0.028 0.001 0.019 0.007 0.015 0.034 0.886 
 573 I _   0.011 0.033 0.001 0.023 0.008 0.016 0.034 0.874 
 574 Y _   0.011 0.037 0.001 0.027 0.009 0.016 0.035 0.865 
 575 V _   0.011 0.039 0.001 0.029 0.009 0.016 0.036 0.859 
 576 D _   0.010 0.040 0.001 0.030 0.009 0.015 0.037 0.859 
 577 P _   0.010 0.039 0.001 0.028 0.008 0.014 0.038 0.862 
 578 M _   0.010 0.036 0.001 0.025 0.007 0.013 0.039 0.869 
 579 Q _   0.009 0.032 0.001 0.021 0.006 0.012 0.041 0.880 
 580 L _   0.008 0.026 0.001 0.016 0.005 0.010 0.042 0.892 
 581 P _   0.007 0.021 0.000 0.012 0.004 0.009 0.044 0.902 
 582 Y _   0.007 0.016 0.000 0.009 0.003 0.008 0.045 0.911 
 583 D _   0.006 0.013 0.000 0.007 0.003 0.008 0.046 0.918 
 584 S _   0.006 0.011 0.000 0.005 0.002 0.007 0.046 0.922 
 585 R _   0.006 0.010 0.000 0.005 0.002 0.008 0.046 0.923 
 586 W _   0.006 0.010 0.000 0.004 0.002 0.008 0.047 0.922 
 587 E _   0.007 0.011 0.000 0.005 0.002 0.010 0.046 0.919 
 588 F _   0.008 0.013 0.000 0.006 0.003 0.012 0.046 0.914 
 589 P _   0.009 0.017 0.000 0.007 0.004 0.014 0.045 0.904 
 590 R _   0.011 0.024 0.001 0.010 0.006 0.018 0.044 0.888 
 591 D _   0.013 0.034 0.001 0.013 0.008 0.022 0.042 0.867 
 592 G _   0.016 0.049 0.001 0.018 0.011 0.026 0.040 0.839 
 593 L _   0.018 0.067 0.001 0.023 0.015 0.030 0.038 0.807 
 594 V _   0.021 0.085 0.001 0.029 0.018 0.034 0.037 0.774 
 595 L _   0.024 0.101 0.002 0.035 0.021 0.037 0.035 0.746 
 596 G _   0.026 0.113 0.002 0.038 0.024 0.039 0.034 0.725 
 597 R _   0.028 0.120 0.002 0.040 0.025 0.040 0.033 0.713 
 598 V _   0.029 0.123 0.002 0.039 0.025 0.040 0.032 0.709 
 599 L _   0.030 0.123 0.002 0.037 0.024 0.039 0.032 0.713 
 600 G _   0.031 0.119 0.002 0.032 0.023 0.039 0.032 0.722 
 601 S _   0.032 0.113 0.001 0.028 0.021 0.037 0.032 0.736 
 602 G _   0.032 0.106 0.001 0.023 0.019 0.036 0.032 0.751 
 603 A _   0.032 0.098 0.001 0.020 0.017 0.035 0.033 0.765 
 604 F _   0.031 0.091 0.001 0.017 0.015 0.033 0.033 0.778 
 605 G _   0.031 0.086 0.001 0.016 0.014 0.032 0.034 0.787 
 606 K _   0.030 0.082 0.001 0.016 0.013 0.030 0.034 0.794 
 607 V _   0.029 0.078 0.001 0.017 0.013 0.029 0.035 0.799 
 608 V _   0.028 0.075 0.001 0.017 0.012 0.028 0.035 0.804 
 609 E _   0.026 0.072 0.001 0.018 0.012 0.026 0.036 0.809 
 610 G _   0.024 0.067 0.001 0.018 0.011 0.024 0.037 0.817 
 611 T _   0.022 0.062 0.001 0.017 0.010 0.023 0.038 0.827 
 612 A _   0.020 0.056 0.001 0.015 0.009 0.021 0.038 0.839 
 613 Y _   0.018 0.050 0.001 0.013 0.007 0.020 0.039 0.852 
 614 G _   0.017 0.044 0.001 0.010 0.006 0.019 0.040 0.863 
 615 L _   0.015 0.040 0.001 0.009 0.006 0.018 0.040 0.871 
 616 S _   0.015 0.037 0.001 0.007 0.005 0.018 0.041 0.876 
 617 R _   0.016 0.037 0.001 0.007 0.005 0.019 0.041 0.875 
 618 S _   0.017 0.038 0.001 0.008 0.006 0.020 0.041 0.870 
 619 Q _   0.018 0.042 0.001 0.010 0.008 0.022 0.041 0.858 
 620 P _   0.020 0.049 0.001 0.015 0.010 0.024 0.042 0.840 
 621 V _   0.022 0.059 0.001 0.022 0.013 0.026 0.042 0.816 
 622 M _   0.024 0.070 0.001 0.029 0.016 0.028 0.042 0.791 
 623 K _   0.025 0.079 0.001 0.038 0.018 0.028 0.042 0.769 
 624 V _   0.025 0.085 0.001 0.044 0.019 0.028 0.043 0.755 
 625 A _   0.025 0.087 0.001 0.047 0.019 0.027 0.044 0.750 
 626 V _   0.024 0.085 0.001 0.046 0.017 0.025 0.045 0.756 
 627 K _   0.022 0.079 0.001 0.041 0.015 0.023 0.047 0.772 
 628 M _   0.020 0.068 0.001 0.033 0.012 0.020 0.050 0.797 
 629 L _   0.017 0.052 0.001 0.025 0.009 0.017 0.052 0.827 
 630 K _   0.015 0.035 0.001 0.017 0.007 0.014 0.054 0.857 
 631 P _   0.013 0.020 0.001 0.010 0.004 0.012 0.056 0.884 
 632 T _   0.011 0.010 0.000 0.006 0.003 0.010 0.058 0.902 
 633 A _   0.009 0.005 0.000 0.004 0.002 0.010 0.058 0.911 
 634 R _   0.009 0.002 0.000 0.003 0.002 0.010 0.059 0.915 
 635 S _   0.010 0.001 0.000 0.003 0.002 0.011 0.059 0.915 
 636 S _   0.011 0.001 0.000 0.003 0.002 0.013 0.059 0.910 
 637 E _   0.014 0.001 0.000 0.004 0.003 0.016 0.058 0.903 
 638 K _   0.018 0.002 0.000 0.006 0.005 0.020 0.058 0.891 
 639 Q _   0.024 0.003 0.001 0.008 0.008 0.025 0.057 0.874 
 640 A _   0.031 0.005 0.001 0.012 0.011 0.031 0.056 0.854 
 641 L _   0.038 0.008 0.001 0.016 0.015 0.036 0.054 0.831 
 642 M _   0.045 0.010 0.001 0.020 0.020 0.041 0.053 0.809 
 643 S _   0.053 0.012 0.002 0.023 0.024 0.045 0.052 0.789 
 644 E _   0.060 0.013 0.002 0.025 0.027 0.048 0.051 0.774 
 645 L _   0.067 0.013 0.002 0.025 0.029 0.049 0.051 0.764 
 646 K _   0.072 0.012 0.002 0.024 0.029 0.049 0.051 0.760 
 647 I _   0.077 0.011 0.002 0.021 0.027 0.048 0.052 0.762 
 648 M _   0.080 0.008 0.002 0.018 0.024 0.046 0.052 0.770 
 649 T _   0.081 0.006 0.001 0.013 0.020 0.044 0.053 0.781 
 650 H _   0.081 0.004 0.001 0.010 0.016 0.041 0.054 0.793 
 651 L _   0.079 0.002 0.001 0.007 0.013 0.039 0.055 0.803 
 652 G _   0.078 0.001 0.001 0.005 0.011 0.037 0.056 0.811 
 653 P _   0.076 0.001 0.001 0.004 0.010 0.036 0.057 0.815 
 654 H _   0.075 0.001 0.001 0.004 0.010 0.036 0.058 0.815 
 655 L _   0.075 0.001 0.001 0.005 0.011 0.037 0.059 0.811 
 656 N _   0.076 0.001 0.001 0.007 0.013 0.038 0.060 0.804 
 657 I _   0.077 0.002 0.001 0.011 0.015 0.039 0.061 0.794 
 658 V _   0.075 0.003 0.001 0.015 0.018 0.039 0.062 0.786 
 659 N _   0.073 0.004 0.001 0.018 0.019 0.039 0.064 0.782 
 660 L _   0.069 0.005 0.001 0.019 0.018 0.038 0.066 0.784 
 661 L _   0.064 0.005 0.001 0.019 0.017 0.036 0.067 0.790 
 662 G _   0.059 0.004 0.001 0.016 0.015 0.035 0.069 0.801 
 663 A _   0.053 0.003 0.001 0.013 0.012 0.033 0.071 0.814 
