#TopoPred_TM8: 8-state transmembrane topology prediction results by no_profile mode 
#probabilities are in the order of H E C I L F X _, the 8 transmembrane topology types used in PDBTM 
   1 A X   0.017 0.002 0.002 0.062 0.010 0.011 0.607 0.288 
   2 A X   0.005 0.002 0.000 0.034 0.002 0.005 0.622 0.330 
   3 S X   0.001 0.002 0.000 0.018 0.001 0.003 0.622 0.354 
   4 E X   0.001 0.003 0.000 0.013 0.001 0.004 0.615 0.364 
   5 P X   0.002 0.006 0.000 0.013 0.001 0.006 0.602 0.369 
   6 D X   0.004 0.014 0.000 0.017 0.003 0.011 0.580 0.371 
   7 T X   0.006 0.032 0.001 0.024 0.005 0.017 0.550 0.366 
   8 A X   0.008 0.068 0.001 0.035 0.009 0.022 0.507 0.350 
   9 G X   0.009 0.126 0.002 0.048 0.013 0.026 0.451 0.324 
  10 S X   0.009 0.200 0.002 0.061 0.017 0.028 0.391 0.292 
  11 V X   0.008 0.273 0.002 0.071 0.019 0.028 0.338 0.262 
  12 R E   0.007 0.327 0.002 0.076 0.019 0.026 0.299 0.244 
  13 G E   0.006 0.362 0.002 0.078 0.019 0.025 0.273 0.235 
  14 L E   0.006 0.383 0.001 0.078 0.018 0.024 0.255 0.236 
  15 P E   0.006 0.393 0.001 0.075 0.017 0.022 0.242 0.242 
  16 T E   0.007 0.397 0.001 0.072 0.016 0.021 0.233 0.254 
  17 A E   0.007 0.394 0.001 0.067 0.015 0.019 0.226 0.271 
  18 H E   0.007 0.384 0.001 0.060 0.014 0.018 0.221 0.295 
  19 C E   0.007 0.366 0.001 0.053 0.012 0.017 0.217 0.327 
  20 P _   0.008 0.338 0.001 0.046 0.011 0.015 0.215 0.366 
  21 V _   0.008 0.301 0.001 0.038 0.010 0.014 0.213 0.414 
  22 V _   0.008 0.256 0.001 0.031 0.008 0.013 0.212 0.470 
  23 Q _   0.008 0.207 0.001 0.024 0.007 0.012 0.212 0.530 
  24 D _   0.008 0.162 0.001 0.018 0.005 0.011 0.211 0.585 
  25 N _   0.007 0.127 0.001 0.012 0.004 0.009 0.209 0.630 
  26 R _   0.006 0.104 0.000 0.008 0.003 0.008 0.206 0.663 
  27 T _   0.005 0.091 0.000 0.006 0.002 0.008 0.203 0.685 
  28 L _   0.005 0.084 0.000 0.005 0.002 0.008 0.199 0.697 
  29 G _   0.005 0.083 0.000 0.006 0.002 0.009 0.194 0.702 
  30 D _   0.005 0.084 0.000 0.007 0.003 0.010 0.188 0.702 
  31 S _   0.006 0.090 0.000 0.011 0.004 0.012 0.180 0.696 
  32 S _   0.007 0.100 0.001 0.017 0.006 0.014 0.171 0.684 
  33 A _   0.008 0.114 0.001 0.026 0.008 0.017 0.162 0.666 
  34 G _   0.008 0.128 0.001 0.034 0.010 0.019 0.152 0.647 
  35 E _   0.009 0.138 0.001 0.042 0.012 0.020 0.144 0.635 
  36 I _   0.009 0.143 0.001 0.047 0.013 0.021 0.137 0.629 
  37 A _   0.009 0.144 0.001 0.048 0.013 0.021 0.132 0.632 
  38 L _   0.009 0.141 0.001 0.046 0.013 0.020 0.127 0.643 
  39 S _   0.009 0.132 0.001 0.040 0.012 0.020 0.124 0.661 
  40 T _   0.010 0.118 0.001 0.033 0.011 0.019 0.121 0.688 
  41 R _   0.010 0.098 0.001 0.026 0.009 0.018 0.119 0.719 
  42 N _   0.010 0.077 0.001 0.019 0.008 0.018 0.117 0.750 
  43 V _   0.011 0.058 0.001 0.013 0.006 0.018 0.115 0.778 
  44 S _   0.011 0.046 0.001 0.009 0.005 0.019 0.113 0.796 
  45 E _   0.012 0.038 0.001 0.007 0.005 0.020 0.111 0.806 
  46 T _   0.014 0.035 0.001 0.006 0.005 0.021 0.109 0.809 
  47 R _   0.017 0.034 0.001 0.006 0.006 0.024 0.106 0.806 
  48 Y _   0.021 0.035 0.001 0.008 0.008 0.028 0.103 0.797 
  49 V _   0.025 0.039 0.001 0.010 0.011 0.032 0.099 0.783 
  50 S _   0.030 0.045 0.001 0.013 0.014 0.036 0.096 0.765 
  51 E _   0.034 0.054 0.001 0.017 0.018 0.040 0.092 0.744 
  52 L _   0.038 0.064 0.002 0.021 0.021 0.043 0.089 0.723 
  53 T _   0.042 0.073 0.002 0.024 0.024 0.045 0.085 0.705 
  54 L _   0.044 0.082 0.002 0.026 0.026 0.046 0.083 0.692 
  55 V _   0.045 0.088 0.002 0.028 0.027 0.047 0.080 0.684 
  56 R _   0.046 0.092 0.002 0.028 0.027 0.046 0.078 0.681 
  57 V _   0.046 0.095 0.002 0.027 0.026 0.045 0.077 0.682 
  58 K _   0.045 0.097 0.002 0.027 0.025 0.044 0.076 0.686 
  59 V _   0.044 0.097 0.002 0.026 0.023 0.042 0.075 0.692 
  60 A _   0.041 0.097 0.001 0.025 0.021 0.039 0.074 0.701 
  61 E _   0.038 0.095 0.001 0.024 0.019 0.036 0.074 0.712 
  62 A _   0.035 0.093 0.001 0.024 0.017 0.034 0.074 0.723 
  63 G _   0.031 0.090 0.001 0.024 0.016 0.031 0.074 0.734 
  64 H _   0.028 0.085 0.001 0.023 0.014 0.028 0.074 0.747 
  65 Y _   0.025 0.080 0.001 0.022 0.012 0.025 0.074 0.761 
  66 T _   0.022 0.073 0.001 0.020 0.010 0.022 0.075 0.777 
  67 M _   0.019 0.065 0.001 0.018 0.009 0.020 0.075 0.793 
  68 R _   0.017 0.057 0.001 0.015 0.007 0.017 0.076 0.810 
  69 A _   0.014 0.048 0.001 0.013 0.006 0.016 0.077 0.826 
  70 F _   0.013 0.040 0.001 0.010 0.005 0.014 0.077 0.840 
  71 H _   0.012 0.034 0.001 0.008 0.004 0.013 0.078 0.850 
  72 E _   0.011 0.030 0.000 0.007 0.004 0.012 0.078 0.857 
  73 D _   0.011 0.028 0.000 0.006 0.004 0.012 0.078 0.861 
  74 A _   0.011 0.027 0.000 0.006 0.004 0.013 0.078 0.861 
  75 E _   0.012 0.027 0.000 0.007 0.004 0.014 0.078 0.858 
  76 V _   0.013 0.029 0.001 0.008 0.005 0.015 0.077 0.853 
  77 Q _   0.014 0.032 0.001 0.009 0.006 0.017 0.077 0.846 
  78 L _   0.015 0.036 0.001 0.011 0.007 0.018 0.076 0.836 
  79 S _   0.017 0.041 0.001 0.013 0.008 0.020 0.075 0.825 
  80 F _   0.018 0.047 0.001 0.015 0.009 0.022 0.075 0.813 
  81 Q _   0.020 0.054 0.001 0.017 0.010 0.023 0.074 0.801 
  82 L _   0.021 0.061 0.001 0.019 0.011 0.025 0.074 0.789 
  83 Q _   0.022 0.069 0.001 0.021 0.013 0.026 0.073 0.776 
  84 I _   0.023 0.077 0.001 0.024 0.014 0.026 0.073 0.762 
  85 N _   0.024 0.085 0.001 0.028 0.015 0.027 0.073 0.748 
  86 V _   0.025 0.092 0.001 0.033 0.016 0.027 0.073 0.734 
  87 P _   0.025 0.097 0.001 0.037 0.016 0.026 0.073 0.724 
  88 V _   0.025 0.100 0.001 0.040 0.016 0.025 0.074 0.719 
  89 R _   0.024 0.100 0.001 0.041 0.015 0.023 0.076 0.721 
  90 V _   0.022 0.096 0.001 0.039 0.013 0.021 0.077 0.731 
  91 L _   0.020 0.088 0.001 0.034 0.011 0.018 0.080 0.748 
  92 E _   0.017 0.077 0.001 0.027 0.008 0.016 0.082 0.772 
  93 L _   0.014 0.062 0.001 0.020 0.006 0.013 0.084 0.800 
  94 S _   0.012 0.048 0.001 0.013 0.004 0.010 0.086 0.826 
  95 E _   0.010 0.037 0.000 0.008 0.003 0.008 0.087 0.847 
  96 S _   0.008 0.031 0.000 0.005 0.002 0.007 0.088 0.860 
  97 H _   0.006 0.028 0.000 0.003 0.001 0.006 0.087 0.867 
  98 P _   0.006 0.028 0.000 0.003 0.001 0.006 0.087 0.869 
  99 D _   0.006 0.030 0.000 0.004 0.002 0.007 0.086 0.866 
 100 S _   0.006 0.037 0.000 0.006 0.003 0.009 0.084 0.856 
 101 G _   0.007 0.052 0.001 0.010 0.004 0.011 0.081 0.835 
 102 E _   0.007 0.081 0.001 0.016 0.006 0.013 0.077 0.800 
 103 Q _   0.007 0.122 0.001 0.022 0.007 0.014 0.072 0.754 
 104 T _   0.007 0.166 0.001 0.028 0.009 0.015 0.068 0.707 
 105 V _   0.006 0.205 0.001 0.032 0.009 0.015 0.063 0.668 
 106 R _   0.006 0.234 0.001 0.034 0.009 0.015 0.060 0.642 
 107 C _   0.006 0.254 0.001 0.033 0.009 0.014 0.058 0.626 
 108 R _   0.005 0.267 0.001 0.031 0.008 0.014 0.056 0.618 
 109 G _   0.005 0.274 0.001 0.028 0.008 0.014 0.055 0.615 
 110 R _   0.005 0.279 0.001 0.025 0.007 0.014 0.054 0.615 
 111 G _   0.006 0.282 0.001 0.022 0.007 0.014 0.053 0.616 
 112 M _   0.006 0.283 0.001 0.020 0.007 0.014 0.053 0.616 
 113 P _   0.007 0.285 0.001 0.020 0.007 0.015 0.053 0.614 
 114 Q _   0.007 0.288 0.001 0.020 0.007 0.016 0.052 0.609 
 115 P _   0.008 0.291 0.001 0.022 0.008 0.016 0.052 0.601 
 116 N _   0.009 0.294 0.001 0.025 0.009 0.017 0.053 0.592 
 117 I _   0.010 0.297 0.001 0.028 0.010 0.018 0.053 0.583 
 118 I _   0.011 0.298 0.001 0.032 0.011 0.018 0.054 0.576 
 119 W _   0.012 0.295 0.001 0.034 0.011 0.017 0.055 0.575 
 120 S _   0.012 0.287 0.001 0.035 0.011 0.017 0.056 0.581 
 121 A _   0.012 0.273 0.001 0.035 0.011 0.016 0.058 0.594 
 122 C _   0.012 0.250 0.001 0.032 0.010 0.015 0.061 0.618 
 123 R _   0.012 0.218 0.001 0.027 0.009 0.014 0.064 0.654 
 124 D _   0.012 0.180 0.001 0.022 0.008 0.014 0.068 0.696 
 125 L _   0.012 0.141 0.001 0.018 0.007 0.013 0.072 0.738 
 126 K _   0.011 0.109 0.001 0.014 0.005 0.012 0.075 0.773 
 127 R _   0.010 0.084 0.001 0.011 0.004 0.011 0.078 0.800 
 128 C _   0.010 0.068 0.000 0.010 0.004 0.010 0.080 0.818 
 129 P _   0.009 0.058 0.000 0.009 0.003 0.010 0.082 0.828 
 130 R _   0.009 0.051 0.000 0.010 0.003 0.010 0.084 0.833 
 131 E _   0.008 0.047 0.000 0.010 0.003 0.009 0.085 0.836 
 132 L _   0.008 0.043 0.000 0.011 0.003 0.009 0.086 0.839 
 133 P _   0.008 0.040 0.000 0.012 0.003 0.009 0.087 0.842 
 134 P _   0.007 0.036 0.000 0.011 0.003 0.008 0.087 0.846 
 135 T _   0.007 0.033 0.000 0.010 0.003 0.008 0.088 0.851 
 136 L _   0.006 0.030 0.000 0.009 0.003 0.007 0.088 0.857 
 137 L _   0.005 0.027 0.000 0.008 0.002 0.006 0.088 0.863 
 138 G _   0.005 0.024 0.000 0.007 0.002 0.006 0.087 0.869 
 139 N _   0.005 0.023 0.000 0.006 0.002 0.006 0.086 0.872 
 140 S _   0.004 0.022 0.000 0.005 0.002 0.006 0.085 0.875 
 141 S _   0.005 0.023 0.000 0.006 0.002 0.007 0.083 0.875 
 142 E _   0.005 0.025 0.000 0.007 0.002 0.007 0.081 0.872 
 143 E _   0.005 0.029 0.000 0.008 0.003 0.008 0.079 0.867 
 144 E _   0.006 0.035 0.000 0.011 0.003 0.010 0.076 0.859 
 145 S _   0.006 0.043 0.001 0.014 0.004 0.011 0.073 0.849 
 146 Q _   0.006 0.052 0.001 0.017 0.005 0.012 0.070 0.837 
 147 L _   0.007 0.062 0.001 0.020 0.006 0.013 0.067 0.825 
 148 E _   0.007 0.070 0.001 0.022 0.007 0.014 0.063 0.817 
 149 T _   0.007 0.076 0.001 0.023 0.007 0.014 0.061 0.811 
 150 N _   0.007 0.080 0.001 0.023 0.007 0.015 0.059 0.809 
 151 V _   0.007 0.082 0.001 0.022 0.007 0.015 0.057 0.809 
 152 T _   0.008 0.084 0.001 0.020 0.007 0.016 0.055 0.811 
 153 Y _   0.008 0.084 0.001 0.018 0.006 0.016 0.053 0.814 
 154 W _   0.009 0.084 0.001 0.016 0.006 0.017 0.052 0.816 
 155 E _   0.010 0.085 0.001 0.014 0.006 0.018 0.050 0.816 
 156 E _   0.011 0.086 0.001 0.014 0.007 0.019 0.049 0.814 
 157 E _   0.012 0.088 0.001 0.014 0.008 0.021 0.047 0.809 
 158 Q _   0.014 0.092 0.001 0.015 0.009 0.022 0.046 0.800 
 159 E _   0.016 0.098 0.001 0.018 0.011 0.024 0.044 0.788 
 160 F _   0.018 0.104 0.001 0.022 0.013 0.026 0.042 0.774 
 161 E _   0.019 0.110 0.001 0.027 0.014 0.027 0.041 0.761 
 162 V _   0.020 0.115 0.001 0.032 0.016 0.027 0.040 0.749 
 163 V _   0.020 0.118 0.001 0.036 0.017 0.027 0.039 0.743 
 164 S _   0.021 0.117 0.001 0.037 0.017 0.027 0.038 0.743 
 165 T _   0.021 0.112 0.001 0.036 0.016 0.025 0.037 0.751 
 166 L _   0.020 0.104 0.001 0.033 0.015 0.024 0.037 0.766 
 167 R _   0.019 0.090 0.001 0.027 0.013 0.022 0.037 0.791 
 168 L _   0.018 0.071 0.001 0.021 0.010 0.020 0.037 0.820 
 169 Q _   0.017 0.053 0.001 0.015 0.008 0.018 0.038 0.850 
 170 H _   0.015 0.037 0.001 0.010 0.006 0.017 0.037 0.876 
 171 V _   0.015 0.026 0.001 0.007 0.005 0.016 0.037 0.893 
 172 D _   0.014 0.021 0.000 0.006 0.004 0.016 0.037 0.901 
 173 R _   0.015 0.019 0.000 0.006 0.004 0.016 0.036 0.903 
 174 P _   0.016 0.018 0.001 0.007 0.005 0.017 0.035 0.900 
 175 L _   0.017 0.019 0.001 0.009 0.006 0.019 0.035 0.894 
 176 S _   0.018 0.021 0.001 0.013 0.008 0.020 0.034 0.885 
 177 V _   0.018 0.024 0.001 0.018 0.010 0.022 0.032 0.874 
 178 R _   0.018 0.026 0.001 0.023 0.012 0.022 0.031 0.866 
 179 C _   0.019 0.027 0.001 0.026 0.013 0.023 0.030 0.861 
 180 T _   0.018 0.028 0.001 0.027 0.013 0.022 0.030 0.861 
 181 L _   0.018 0.026 0.001 0.026 0.012 0.021 0.029 0.866 
 182 R _   0.017 0.024 0.001 0.023 0.011 0.020 0.028 0.875 
 183 N _   0.017 0.020 0.001 0.020 0.010 0.018 0.028 0.887 
 184 A _   0.016 0.015 0.001 0.015 0.008 0.016 0.028 0.900 
 185 V _   0.016 0.011 0.001 0.012 0.007 0.015 0.027 0.912 
 186 G _   0.017 0.007 0.001 0.009 0.006 0.014 0.027 0.920 
 187 Q _   0.018 0.004 0.001 0.007 0.005 0.013 0.026 0.926 
 188 D _   0.020 0.003 0.001 0.006 0.005 0.013 0.026 0.928 
 189 T _   0.024 0.001 0.001 0.005 0.005 0.013 0.025 0.927 
 190 Q _   0.029 0.001 0.001 0.004 0.005 0.013 0.024 0.924 
 191 E _   0.036 0.001 0.001 0.004 0.005 0.013 0.023 0.917 
 192 V _   0.046 0.000 0.001 0.004 0.005 0.013 0.023 0.909 
 193 I _   0.058 0.000 0.001 0.003 0.006 0.013 0.022 0.897 
 194 V _   0.074 0.000 0.001 0.003 0.006 0.012 0.021 0.883 
 195 V _   0.094 0.000 0.001 0.002 0.006 0.012 0.020 0.866 
 196 P _   0.116 0.000 0.001 0.002 0.006 0.011 0.019 0.846 
 197 H _   0.141 0.000 0.001 0.001 0.006 0.010 0.018 0.823 
 198 S _   0.168 0.000 0.001 0.001 0.006 0.009 0.017 0.798 
 199 L _   0.196 0.000 0.001 0.001 0.005 0.008 0.017 0.773 
 200 P _   0.228 0.000 0.001 0.000 0.005 0.007 0.016 0.743 
 201 F _   0.266 0.000 0.001 0.000 0.004 0.006 0.016 0.707 
 202 K _   0.311 0.000 0.001 0.000 0.004 0.005 0.016 0.662 
 203 V _   0.368 0.000 0.001 0.000 0.004 0.005 0.016 0.606 
 204 V _   0.439 0.000 0.001 0.000 0.004 0.004 0.016 0.536 
 205 V H   0.520 0.000 0.001 0.000 0.004 0.004 0.015 0.455 
 206 I H   0.606 0.000 0.001 0.000 0.004 0.004 0.014 0.370 
 207 S H   0.691 0.000 0.001 0.000 0.005 0.003 0.013 0.286 
 208 A H   0.767 0.000 0.001 0.000 0.005 0.003 0.012 0.212 
 209 I H   0.830 0.000 0.001 0.000 0.005 0.003 0.010 0.151 
 210 L H   0.877 0.000 0.001 0.000 0.005 0.003 0.009 0.106 
 211 A H   0.909 0.000 0.001 0.000 0.005 0.002 0.008 0.075 
 212 L H   0.931 0.000 0.001 0.000 0.005 0.002 0.007 0.055 
 213 V H   0.946 0.000 0.001 0.000 0.005 0.002 0.005 0.041 
 214 V H   0.955 0.000 0.001 0.000 0.005 0.002 0.005 0.033 
 215 L H   0.958 0.000 0.001 0.000 0.006 0.002 0.004 0.030 
 216 T H   0.959 0.000 0.001 0.000 0.006 0.002 0.003 0.029 
 217 I H   0.955 0.000 0.001 0.000 0.007 0.002 0.003 0.032 
 218 I H   0.947 0.000 0.001 0.000 0.007 0.002 0.002 0.040 
 219 S H   0.933 0.000 0.001 0.000 0.008 0.003 0.002 0.053 
 220 L H   0.912 0.000 0.001 0.000 0.009 0.003 0.002 0.073 
 221 I H   0.881 0.000 0.001 0.000 0.010 0.004 0.002 0.102 
 222 I H   0.838 0.000 0.001 0.000 0.011 0.004 0.002 0.142 
 223 L H   0.777 0.000 0.001 0.001 0.012 0.005 0.003 0.201 
 224 I H   0.697 0.000 0.001 0.001 0.012 0.006 0.004 0.280 
 225 M H   0.596 0.000 0.001 0.001 0.011 0.006 0.005 0.380 
 226 L _   0.480 0.000 0.001 0.001 0.009 0.007 0.007 0.495 
 227 W _   0.356 0.000 0.001 0.001 0.007 0.007 0.010 0.619 
 228 Q _   0.242 0.000 0.001 0.001 0.005 0.006 0.012 0.733 
 229 K _   0.152 0.000 0.001 0.001 0.004 0.006 0.014 0.823 
 230 K _   0.093 0.000 0.000 0.001 0.003 0.006 0.016 0.881 
 231 P _   0.058 0.000 0.000 0.001 0.002 0.006 0.017 0.915 
 232 R _   0.038 0.000 0.000 0.002 0.002 0.007 0.019 0.932 
 233 Y _   0.028 0.001 0.000 0.003 0.003 0.008 0.019 0.938 
 234 E _   0.021 0.003 0.000 0.006 0.003 0.009 0.020 0.936 
 235 I _   0.017 0.007 0.001 0.010 0.005 0.011 0.021 0.928 
 236 R _   0.015 0.013 0.001 0.016 0.006 0.012 0.021 0.917 
 237 W _   0.013 0.019 0.001 0.021 0.007 0.013 0.021 0.906 
 238 K _   0.012 0.023 0.001 0.024 0.008 0.013 0.022 0.898 
 239 V _   0.010 0.026 0.001 0.025 0.008 0.013 0.022 0.895 
 240 I _   0.009 0.027 0.001 0.024 0.007 0.012 0.023 0.897 
 241 E _   0.008 0.027 0.001 0.021 0.006 0.011 0.024 0.902 
 242 S _   0.008 0.026 0.001 0.017 0.005 0.010 0.025 0.908 
 243 V _   0.007 0.025 0.001 0.013 0.004 0.010 0.025 0.915 
 244 S _   0.007 0.024 0.000 0.011 0.004 0.009 0.026 0.919 
 245 S _   0.007 0.023 0.000 0.009 0.003 0.009 0.027 0.922 
 246 D _   0.007 0.023 0.000 0.008 0.003 0.010 0.027 0.921 
 247 G _   0.007 0.024 0.000 0.009 0.004 0.010 0.027 0.917 
 248 H _   0.008 0.027 0.000 0.011 0.004 0.011 0.028 0.910 
 249 E _   0.009 0.031 0.001 0.014 0.005 0.013 0.028 0.900 
 250 Y _   0.009 0.035 0.001 0.018 0.006 0.014 0.028 0.889 
 251 I _   0.010 0.040 0.001 0.022 0.007 0.015 0.028 0.877 
 252 Y _   0.010 0.044 0.001 0.026 0.008 0.015 0.029 0.868 
 253 V _   0.010 0.046 0.001 0.028 0.009 0.015 0.029 0.861 
 254 D _   0.010 0.047 0.001 0.029 0.009 0.015 0.030 0.860 
 255 P _   0.010 0.046 0.001 0.028 0.008 0.014 0.031 0.862 
 256 M _   0.009 0.044 0.001 0.025 0.007 0.013 0.032 0.869 
 257 Q _   0.009 0.039 0.001 0.021 0.006 0.012 0.033 0.879 
 258 L _   0.008 0.034 0.001 0.017 0.005 0.011 0.034 0.891 
 259 P _   0.008 0.028 0.001 0.013 0.004 0.010 0.035 0.902 
 260 Y _   0.007 0.023 0.000 0.010 0.003 0.009 0.036 0.912 
 261 D _   0.007 0.019 0.000 0.008 0.003 0.008 0.037 0.918 
 262 S _   0.006 0.017 0.000 0.006 0.002 0.008 0.037 0.923 
 263 T _   0.006 0.016 0.000 0.005 0.002 0.008 0.037 0.924 
 264 W _   0.007 0.016 0.000 0.005 0.002 0.009 0.037 0.923 
 265 E _   0.007 0.017 0.000 0.006 0.003 0.010 0.037 0.920 
 266 L _   0.007 0.019 0.000 0.007 0.003 0.011 0.037 0.915 
 267 P _   0.008 0.023 0.001 0.009 0.004 0.013 0.036 0.906 
 268 R _   0.009 0.028 0.001 0.012 0.006 0.016 0.035 0.893 
 269 D _   0.010 0.036 0.001 0.015 0.007 0.018 0.034 0.879 
 270 Q _   0.011 0.043 0.001 0.018 0.009 0.021 0.033 0.863 
 271 L _   0.013 0.051 0.001 0.021 0.010 0.024 0.032 0.848 
 272 V _   0.014 0.058 0.001 0.023 0.012 0.026 0.031 0.834 
 273 L _   0.016 0.064 0.001 0.024 0.013 0.028 0.031 0.824 
 274 G _   0.018 0.067 0.001 0.024 0.014 0.030 0.030 0.816 
 275 R _   0.020 0.070 0.001 0.023 0.014 0.032 0.029 0.810 
 276 T _   0.022 0.071 0.001 0.021 0.015 0.034 0.029 0.805 
 277 L _   0.026 0.072 0.001 0.020 0.016 0.037 0.029 0.800 
 278 G _   0.029 0.073 0.001 0.019 0.017 0.039 0.028 0.794 
 279 S _   0.033 0.073 0.001 0.019 0.019 0.041 0.028 0.786 
 280 G _   0.037 0.075 0.001 0.020 0.021 0.043 0.028 0.776 
 281 A _   0.041 0.077 0.001 0.022 0.023 0.044 0.028 0.764 
 282 F _   0.044 0.079 0.002 0.025 0.024 0.045 0.028 0.753 
 283 G _   0.047 0.080 0.002 0.028 0.025 0.045 0.028 0.744 
 284 Q _   0.048 0.080 0.002 0.031 0.026 0.044 0.029 0.741 
 285 V _   0.047 0.077 0.002 0.032 0.025 0.042 0.029 0.746 
 286 V _   0.045 0.073 0.002 0.031 0.023 0.040 0.030 0.757 
 287 E _   0.042 0.065 0.002 0.028 0.020 0.037 0.031 0.775 
 288 A _   0.039 0.054 0.001 0.024 0.017 0.034 0.032 0.800 
 289 T _   0.035 0.041 0.001 0.018 0.013 0.031 0.033 0.827 
 290 A _   0.031 0.028 0.001 0.013 0.010 0.028 0.034 0.853 
 291 H _   0.028 0.018 0.001 0.009 0.008 0.026 0.035 0.875 
 292 G _   0.026 0.012 0.001 0.006 0.006 0.024 0.036 0.888 
 293 L _   0.026 0.009 0.001 0.005 0.005 0.024 0.036 0.894 
 294 S _   0.027 0.008 0.001 0.004 0.006 0.025 0.036 0.894 
 295 H _   0.030 0.008 0.001 0.005 0.007 0.027 0.036 0.888 
 296 S _   0.034 0.009 0.001 0.007 0.009 0.029 0.036 0.875 
 297 Q _   0.039 0.012 0.001 0.010 0.012 0.033 0.036 0.857 
 298 A _   0.045 0.018 0.001 0.015 0.016 0.036 0.036 0.833 
 299 T _   0.050 0.024 0.002 0.021 0.021 0.039 0.036 0.807 
 300 M _   0.054 0.031 0.002 0.028 0.024 0.041 0.036 0.784 
 301 K _   0.057 0.037 0.002 0.034 0.026 0.041 0.036 0.767 
 302 V _   0.058 0.040 0.002 0.038 0.027 0.040 0.037 0.759 
 303 A _   0.057 0.041 0.002 0.038 0.026 0.038 0.038 0.761 
 304 V _   0.054 0.039 0.002 0.036 0.023 0.035 0.039 0.774 
 305 K _   0.049 0.035 0.002 0.030 0.019 0.031 0.040 0.794 
 306 M _   0.043 0.028 0.001 0.024 0.015 0.027 0.042 0.820 
 307 L _   0.037 0.020 0.001 0.017 0.011 0.023 0.043 0.848 
 308 K _   0.031 0.012 0.001 0.011 0.008 0.020 0.045 0.873 
 309 S _   0.025 0.007 0.001 0.007 0.005 0.017 0.046 0.893 
 310 T _   0.021 0.003 0.000 0.005 0.004 0.015 0.046 0.906 
 311 A _   0.018 0.002 0.000 0.004 0.003 0.013 0.047 0.914 
 312 R _   0.016 0.001 0.000 0.003 0.003 0.013 0.047 0.917 
 313 S _   0.017 0.001 0.000 0.003 0.003 0.014 0.046 0.917 
 314 S _   0.018 0.001 0.000 0.003 0.003 0.015 0.046 0.913 
 315 E _   0.020 0.001 0.000 0.004 0.004 0.017 0.046 0.907 
 316 K _   0.024 0.002 0.001 0.006 0.006 0.020 0.045 0.897 
 317 Q _   0.028 0.002 0.001 0.008 0.008 0.023 0.044 0.885 
 318 A _   0.033 0.004 0.001 0.011 0.011 0.027 0.043 0.871 
 319 L _   0.037 0.005 0.001 0.014 0.013 0.030 0.042 0.857 
 320 M _   0.042 0.006 0.001 0.017 0.016 0.032 0.042 0.843 
 321 S _   0.046 0.007 0.001 0.019 0.018 0.034 0.041 0.833 
 322 E _   0.050 0.008 0.001 0.020 0.019 0.035 0.041 0.826 
 323 L _   0.053 0.008 0.001 0.020 0.019 0.035 0.040 0.823 
 324 K _   0.054 0.007 0.001 0.018 0.019 0.035 0.040 0.825 
 325 I _   0.055 0.006 0.001 0.016 0.017 0.033 0.041 0.831 
 326 M _   0.055 0.005 0.001 0.013 0.015 0.031 0.041 0.839 
 327 S _   0.054 0.003 0.001 0.010 0.012 0.030 0.041 0.848 
 328 H _   0.053 0.002 0.001 0.008 0.010 0.028 0.042 0.857 
 329 L _   0.052 0.001 0.001 0.006 0.008 0.027 0.042 0.864 
 330 G _   0.051 0.001 0.001 0.005 0.007 0.026 0.042 0.868 
 331 P _   0.051 0.001 0.001 0.004 0.007 0.026 0.042 0.869 
 332 H _   0.052 0.001 0.001 0.004 0.007 0.027 0.043 0.867 
 333 L _   0.053 0.001 0.001 0.005 0.008 0.028 0.043 0.862 
 334 N _   0.056 0.001 0.001 0.006 0.010 0.030 0.043 0.853 
 335 V _   0.060 0.002 0.001 0.008 0.012 0.032 0.043 0.843 
 336 V _   0.061 0.003 0.001 0.011 0.014 0.033 0.044 0.832 
 337 N _   0.063 0.004 0.001 0.014 0.016 0.035 0.044 0.824 
 338 L _   0.062 0.006 0.001 0.015 0.017 0.035 0.044 0.819 
 339 L _   0.060 0.007 0.001 0.016 0.017 0.035 0.045 0.819 
 340 G _   0.058 0.007 0.001 0.015 0.016 0.035 0.046 0.822 
 341 A _   0.054 0.007 0.001 0.013 0.015 0.034 0.046 0.829 
 342 C _   0.051 0.007 0.001 0.011 0.013 0.034 0.047 0.836 
 343 T _   0.048 0.007 0.001 0.009 0.012 0.034 0.048 0.841 
 344 K _   0.047 0.008 0.001 0.008 0.011 0.034 0.048 0.843 
 345 G _   0.046 0.010 0.001 0.008 0.012 0.035 0.049 0.839 
 346 G _   0.046 0.014 0.001 0.009 0.013 0.036 0.050 0.831 
 347 P _   0.046 0.020 0.001 0.012 0.015 0.037 0.051 0.817 
 348 I _   0.046 0.030 0.001 0.017 0.018 0.038 0.051 0.799 
 349 Y _   0.045 0.042 0.002 0.021 0.020 0.039 0.052 0.779 
 350 I _   0.044 0.053 0.002 0.026 0.022 0.039 0.054 0.761 
 351 I _   0.041 0.062 0.002 0.030 0.022 0.038 0.055 0.750 
 352 T _   0.038 0.068 0.002 0.031 0.022 0.036 0.057 0.746 
 353 E _   0.034 0.071 0.001 0.031 0.020 0.033 0.059 0.750 
 354 Y _   0.030 0.072 0.001 0.028 0.017 0.030 0.061 0.759 
 355 C _   0.026 0.072 0.001 0.024 0.015 0.028 0.064 0.770 
 356 R _   0.023 0.070 0.001 0.021 0.012 0.025 0.067 0.781 
 357 Y _   0.020 0.069 0.001 0.018 0.010 0.023 0.070 0.790 
 358 G _   0.018 0.067 0.001 0.016 0.008 0.021 0.073 0.797 
 359 D _   0.016 0.066 0.001 0.015 0.007 0.019 0.075 0.801 
 360 L _   0.015 0.065 0.001 0.014 0.007 0.018 0.078 0.803 
 361 V _   0.014 0.065 0.001 0.014 0.006 0.017 0.081 0.802 
 362 D _   0.013 0.065 0.001 0.014 0.006 0.016 0.084 0.801 
 363 Y _   0.013 0.065 0.001 0.015 0.006 0.016 0.086 0.798 
 364 L _   0.013 0.065 0.001 0.017 0.006 0.015 0.089 0.794 
 365 H _   0.012 0.065 0.001 0.018 0.007 0.015 0.092 0.790 
 366 R _   0.012 0.065 0.001 0.019 0.007 0.015 0.095 0.787 
 367 N _   0.012 0.064 0.001 0.020 0.007 0.014 0.098 0.784 
 368 K _   0.012 0.062 0.001 0.021 0.007 0.014 0.102 0.781 
 369 H _   0.012 0.059 0.001 0.022 0.006 0.013 0.107 0.781 
 370 T _   0.011 0.055 0.001 0.021 0.006 0.012 0.111 0.783 
 371 F _   0.011 0.049 0.001 0.019 0.005 0.011 0.116 0.789 
 372 L _   0.010 0.042 0.001 0.016 0.004 0.010 0.121 0.797 
 373 Q _   0.009 0.034 0.000 0.013 0.003 0.008 0.125 0.806 
 374 H _   0.008 0.026 0.000 0.010 0.003 0.007 0.129 0.816 
 375 H _   0.007 0.020 0.000 0.007 0.002 0.006 0.132 0.825 
 376 S _   0.006 0.016 0.000 0.005 0.002 0.005 0.134 0.832 
 377 D _   0.005 0.013 0.000 0.004 0.001 0.005 0.135 0.836 
 378 K _   0.005 0.012 0.000 0.003 0.001 0.005 0.136 0.837 
 379 R _   0.004 0.013 0.000 0.003 0.001 0.005 0.136 0.837 
 380 R _   0.004 0.014 0.000 0.004 0.001 0.006 0.135 0.835 
 381 P _   0.005 0.018 0.000 0.005 0.002 0.007 0.133 0.829 
 382 P _   0.006 0.027 0.000 0.008 0.003 0.009 0.130 0.817 
 383 S _   0.006 0.044 0.001 0.012 0.004 0.012 0.126 0.795 
 384 A _   0.007 0.073 0.001 0.017 0.006 0.014 0.120 0.761 
 385 E _   0.008 0.114 0.001 0.023 0.008 0.016 0.114 0.716 
 386 L _   0.008 0.162 0.001 0.028 0.010 0.018 0.107 0.666 
 387 Y _   0.008 0.208 0.001 0.033 0.011 0.019 0.100 0.620 
 388 S _   0.008 0.249 0.001 0.036 0.012 0.019 0.095 0.580 
 389 N _   0.008 0.280 0.001 0.038 0.012 0.019 0.091 0.550 
 390 A _   0.008 0.303 0.001 0.040 0.012 0.019 0.088 0.529 
 391 L _   0.008 0.319 0.001 0.040 0.012 0.018 0.086 0.516 
 392 P _   0.008 0.328 0.001 0.039 0.012 0.018 0.084 0.510 
 393 V _   0.008 0.331 0.001 0.037 0.011 0.017 0.083 0.510 
 394 G _   0.008 0.331 0.001 0.035 0.010 0.016 0.083 0.515 
 395 L _   0.009 0.326 0.001 0.031 0.010 0.016 0.083 0.525 
 396 P _   0.009 0.319 0.001 0.028 0.009 0.015 0.083 0.537 
 397 L _   0.008 0.308 0.001 0.025 0.008 0.014 0.084 0.551 
 398 P _   0.008 0.295 0.001 0.023 0.007 0.013 0.085 0.568 
 399 S _   0.008 0.282 0.001 0.021 0.007 0.013 0.086 0.583 
 400 H _   0.008 0.269 0.001 0.020 0.006 0.012 0.087 0.598 
 401 V _   0.007 0.256 0.001 0.019 0.006 0.011 0.088 0.611 
 402 S _   0.007 0.244 0.001 0.019 0.005 0.011 0.089 0.623 
 403 L _   0.007 0.231 0.001 0.019 0.005 0.010 0.091 0.636 
 404 T _   0.006 0.218 0.001 0.019 0.005 0.010 0.092 0.649 
 405 G _   0.006 0.203 0.001 0.019 0.005 0.009 0.094 0.663 
 406 E _   0.006 0.187 0.001 0.018 0.005 0.009 0.096 0.680 
 407 S _   0.006 0.169 0.001 0.017 0.004 0.008 0.098 0.697 
 408 D _   0.005 0.151 0.001 0.015 0.004 0.008 0.100 0.717 
 409 G _   0.005 0.134 0.000 0.013 0.003 0.007 0.102 0.735 
 410 G _   0.005 0.119 0.000 0.011 0.003 0.007 0.103 0.751 
 411 Y _   0.005 0.107 0.000 0.010 0.003 0.007 0.105 0.764 
 412 M _   0.005 0.097 0.000 0.008 0.002 0.006 0.106 0.775 
 413 D _   0.004 0.090 0.000 0.007 0.002 0.006 0.107 0.783 
 414 M _   0.004 0.086 0.000 0.007 0.002 0.006 0.107 0.788 
 415 S _   0.004 0.084 0.000 0.007 0.002 0.006 0.107 0.790 
 416 K _   0.004 0.084 0.000 0.008 0.002 0.007 0.107 0.789 
 417 D _   0.004 0.086 0.000 0.009 0.002 0.008 0.106 0.785 
 418 E _   0.004 0.089 0.000 0.011 0.003 0.008 0.105 0.778 
 419 S _   0.005 0.095 0.000 0.014 0.004 0.010 0.104 0.768 
 420 V _   0.005 0.102 0.001 0.019 0.005 0.011 0.103 0.755 
 421 D _   0.006 0.109 0.001 0.023 0.006 0.012 0.102 0.743 
 422 Y _   0.006 0.114 0.001 0.027 0.006 0.012 0.101 0.732 
 423 V _   0.006 0.119 0.001 0.030 0.007 0.013 0.101 0.724 
 424 P _   0.006 0.120 0.001 0.032 0.007 0.013 0.101 0.720 
 425 M _   0.006 0.119 0.001 0.032 0.007 0.012 0.101 0.720 
 426 L _   0.006 0.115 0.001 0.030 0.007 0.012 0.103 0.726 
 427 D _   0.006 0.108 0.001 0.027 0.006 0.011 0.104 0.736 
 428 M _   0.006 0.099 0.001 0.023 0.006 0.011 0.106 0.749 
 429 K _   0.006 0.089 0.001 0.019 0.005 0.010 0.108 0.762 
 430 G _   0.006 0.078 0.001 0.016 0.004 0.009 0.110 0.775 
 431 D _   0.006 0.068 0.000 0.013 0.004 0.009 0.112 0.787 
 432 V _   0.006 0.061 0.000 0.012 0.003 0.008 0.114 0.795 
 433 K _   0.006 0.055 0.000 0.011 0.003 0.008 0.115 0.801 
 434 Y _   0.006 0.051 0.000 0.011 0.003 0.008 0.117 0.805 
 435 A _   0.006 0.047 0.000 0.011 0.003 0.008 0.118 0.806 
 436 D _   0.006 0.045 0.000 0.012 0.003 0.008 0.118 0.807 
 437 I _   0.006 0.043 0.000 0.013 0.003 0.009 0.119 0.806 
 438 E _   0.006 0.041 0.000 0.015 0.004 0.009 0.120 0.806 
 439 S _   0.006 0.039 0.000 0.016 0.004 0.009 0.121 0.806 
 440 S _   0.006 0.036 0.000 0.017 0.004 0.009 0.121 0.807 
 441 N _   0.006 0.033 0.000 0.017 0.004 0.009 0.123 0.809 
 442 Y _   0.006 0.029 0.000 0.016 0.004 0.008 0.124 0.813 
 443 M _   0.006 0.025 0.000 0.014 0.003 0.008 0.125 0.819 
 444 A _   0.006 0.020 0.000 0.012 0.003 0.007 0.126 0.827 
 445 P _   0.005 0.016 0.000 0.009 0.002 0.006 0.126 0.834 
 446 Y _   0.005 0.012 0.000 0.007 0.002 0.006 0.126 0.842 
 447 D _   0.004 0.009 0.000 0.005 0.002 0.005 0.126 0.848 
 448 N _   0.004 0.007 0.000 0.004 0.001 0.005 0.125 0.852 
 449 Y _   0.004 0.007 0.000 0.004 0.001 0.005 0.124 0.855 
 450 V _   0.004 0.007 0.000 0.004 0.002 0.006 0.122 0.855 
 451 P _   0.005 0.008 0.000 0.005 0.002 0.008 0.119 0.853 
 452 S _   0.005 0.011 0.000 0.007 0.003 0.010 0.116 0.848 
 453 A _   0.007 0.016 0.000 0.011 0.004 0.013 0.112 0.836 
 454 P _   0.008 0.025 0.001 0.018 0.006 0.017 0.106 0.819 
 455 E _   0.009 0.037 0.001 0.026 0.009 0.020 0.101 0.797 
 456 R _   0.010 0.048 0.001 0.035 0.012 0.023 0.095 0.777 
 457 T _   0.010 0.056 0.001 0.042 0.014 0.025 0.090 0.762 
 458 C _   0.011 0.061 0.001 0.047 0.015 0.026 0.086 0.753 
 459 R _   0.011 0.063 0.001 0.048 0.016 0.027 0.082 0.750 
 460 A _   0.012 0.063 0.001 0.047 0.016 0.027 0.080 0.755 
 461 T _   0.012 0.059 0.001 0.041 0.015 0.027 0.077 0.767 
 462 L _   0.013 0.052 0.001 0.033 0.013 0.026 0.076 0.785 
 463 I _   0.014 0.043 0.001 0.025 0.011 0.026 0.075 0.804 
 464 N _   0.016 0.033 0.001 0.018 0.009 0.026 0.073 0.823 
 465 E _   0.018 0.024 0.001 0.012 0.008 0.026 0.072 0.838 
 466 S _   0.021 0.018 0.001 0.008 0.007 0.027 0.071 0.847 
 467 P _   0.024 0.015 0.001 0.006 0.007 0.029 0.070 0.848 
 468 V _   0.030 0.014 0.001 0.006 0.008 0.032 0.068 0.843 
 469 L _   0.036 0.014 0.001 0.006 0.010 0.036 0.067 0.832 
 470 S _   0.043 0.016 0.001 0.008 0.013 0.040 0.065 0.815 
 471 Y _   0.050 0.020 0.001 0.011 0.017 0.044 0.063 0.794 
 472 M _   0.055 0.027 0.001 0.015 0.021 0.047 0.061 0.771 
 473 D _   0.059 0.035 0.002 0.019 0.025 0.050 0.060 0.750 
 474 L _   0.061 0.043 0.002 0.023 0.027 0.051 0.058 0.735 
 475 V _   0.061 0.049 0.002 0.026 0.028 0.050 0.057 0.726 
 476 G _   0.060 0.053 0.002 0.028 0.028 0.049 0.056 0.724 
 477 F _   0.057 0.056 0.002 0.027 0.027 0.047 0.056 0.728 
 478 S _   0.054 0.056 0.002 0.026 0.025 0.045 0.055 0.737 
 479 Y _   0.050 0.056 0.002 0.024 0.023 0.042 0.055 0.748 
 480 Q _   0.046 0.055 0.001 0.023 0.020 0.040 0.055 0.760 
 481 V _   0.042 0.054 0.001 0.022 0.018 0.037 0.055 0.770 
 482 A _   0.039 0.052 0.001 0.023 0.017 0.034 0.055 0.780 
 483 N _   0.035 0.050 0.001 0.023 0.015 0.031 0.056 0.789 
 484 G _   0.032 0.047 0.001 0.023 0.014 0.028 0.056 0.798 
 485 M _   0.029 0.044 0.001 0.023 0.012 0.025 0.057 0.809 
 486 E _   0.025 0.039 0.001 0.022 0.011 0.022 0.058 0.822 
 487 F _   0.021 0.033 0.001 0.019 0.009 0.019 0.059 0.839 
 488 L _   0.018 0.026 0.001 0.016 0.007 0.016 0.059 0.856 
 489 A _   0.015 0.019 0.001 0.012 0.006 0.014 0.060 0.874 
 490 S _   0.012 0.012 0.001 0.009 0.004 0.012 0.061 0.889 
 491 K _   0.010 0.007 0.000 0.007 0.003 0.010 0.061 0.901 
 492 N _   0.009 0.004 0.000 0.005 0.003 0.009 0.061 0.909 
 493 C _   0.009 0.003 0.000 0.004 0.002 0.009 0.060 0.913 
 494 V _   0.009 0.002 0.000 0.004 0.002 0.009 0.060 0.914 
 495 H _   0.010 0.001 0.000 0.004 0.003 0.011 0.059 0.913 
 496 R _   0.011 0.001 0.000 0.004 0.003 0.012 0.058 0.909 
 497 D _   0.013 0.002 0.000 0.006 0.004 0.015 0.057 0.903 
 498 L _   0.016 0.002 0.001 0.007 0.005 0.018 0.056 0.895 
 499 A _   0.020 0.003 0.001 0.009 0.007 0.021 0.054 0.885 
 500 A _   0.024 0.004 0.001 0.011 0.009 0.025 0.053 0.873 
 501 R _   0.029 0.005 0.001 0.013 0.011 0.029 0.051 0.860 
 502 N _   0.034 0.007 0.001 0.014 0.013 0.032 0.050 0.848 
 503 V _   0.040 0.008 0.001 0.016 0.015 0.035 0.048 0.837 
 504 L _   0.044 0.009 0.001 0.016 0.017 0.038 0.047 0.827 
 505 I _   0.049 0.010 0.001 0.016 0.018 0.040 0.046 0.821 
 506 C _   0.053 0.011 0.001 0.015 0.018 0.042 0.045 0.816 
 507 E _   0.056 0.011 0.001 0.014 0.018 0.043 0.044 0.812 
 508 G _   0.059 0.012 0.001 0.013 0.018 0.043 0.044 0.810 
 509 K _   0.061 0.013 0.001 0.012 0.018 0.044 0.043 0.808 
 510 L _   0.062 0.014 0.001 0.012 0.018 0.044 0.043 0.806 
 511 V _   0.062 0.016 0.001 0.012 0.019 0.044 0.042 0.803 
 512 K _   0.062 0.019 0.001 0.014 0.019 0.044 0.042 0.799 
 513 I _   0.061 0.022 0.001 0.017 0.020 0.043 0.041 0.794 
 514 C _   0.059 0.027 0.001 0.020 0.021 0.042 0.041 0.788 
 515 D _   0.055 0.031 0.002 0.025 0.022 0.041 0.041 0.783 
 516 F _   0.051 0.035 0.002 0.029 0.022 0.038 0.041 0.782 
 517 G _   0.046 0.038 0.002 0.033 0.021 0.035 0.041 0.785 
 518 L _   0.041 0.039 0.001 0.034 0.019 0.032 0.042 0.793 
 519 A _   0.036 0.038 0.001 0.033 0.016 0.028 0.042 0.805 
 520 R _   0.030 0.035 0.001 0.030 0.014 0.024 0.043 0.823 
 521 D _   0.025 0.030 0.001 0.025 0.011 0.020 0.044 0.843 
 522 I _   0.021 0.024 0.001 0.019 0.008 0.017 0.045 0.865 
 523 M _   0.017 0.017 0.001 0.014 0.006 0.014 0.046 0.886 
 524 R _   0.014 0.012 0.001 0.010 0.004 0.011 0.046 0.903 
 525 D _   0.011 0.007 0.000 0.007 0.003 0.009 0.047 0.916 
 526 S _   0.009 0.005 0.000 0.005 0.002 0.008 0.047 0.924 
 527 N _   0.008 0.003 0.000 0.004 0.002 0.008 0.046 0.929 
 528 Y _   0.007 0.003 0.000 0.003 0.002 0.008 0.046 0.931 
 529 I _   0.007 0.003 0.000 0.004 0.002 0.008 0.045 0.931 
 530 S _   0.008 0.003 0.000 0.005 0.003 0.010 0.043 0.928 
 531 K _   0.009 0.005 0.000 0.006 0.003 0.012 0.042 0.922 
 532 G _   0.010 0.008 0.001 0.009 0.005 0.015 0.040 0.913 
 533 S _   0.011 0.012 0.001 0.014 0.007 0.017 0.038 0.900 
 534 T _   0.013 0.017 0.001 0.019 0.009 0.020 0.036 0.886 
 535 F _   0.014 0.022 0.001 0.024 0.011 0.023 0.033 0.871 
 536 L _   0.015 0.027 0.001 0.029 0.013 0.025 0.031 0.860 
 537 P _   0.016 0.029 0.001 0.031 0.014 0.026 0.029 0.852 
 538 L _   0.018 0.031 0.001 0.032 0.015 0.028 0.027 0.848 
 539 K _   0.019 0.030 0.001 0.032 0.016 0.028 0.026 0.849 
 540 W _   0.021 0.029 0.001 0.029 0.015 0.028 0.024 0.853 
 541 M _   0.023 0.026 0.001 0.025 0.015 0.028 0.023 0.859 
 542 A _   0.026 0.022 0.001 0.021 0.014 0.027 0.022 0.867 
 543 P _   0.031 0.017 0.001 0.018 0.012 0.026 0.021 0.873 
 544 E _   0.037 0.013 0.001 0.014 0.012 0.026 0.020 0.877 
 545 S _   0.046 0.009 0.001 0.012 0.011 0.025 0.019 0.878 
 546 I _   0.058 0.006 0.001 0.010 0.011 0.025 0.017 0.873 
 547 F _   0.075 0.004 0.001 0.008 0.010 0.024 0.016 0.862 
 548 N _   0.096 0.002 0.001 0.007 0.010 0.023 0.015 0.846 
 549 S _   0.122 0.001 0.001 0.005 0.010 0.022 0.013 0.825 
 550 L _   0.154 0.001 0.001 0.004 0.010 0.021 0.012 0.798 
 551 Y _   0.192 0.000 0.001 0.003 0.009 0.019 0.011 0.765 
 552 T _   0.236 0.000 0.001 0.002 0.009 0.018 0.009 0.726 
 553 T _   0.287 0.000 0.001 0.001 0.008 0.016 0.008 0.679 
 554 L _   0.347 0.000 0.001 0.001 0.008 0.014 0.007 0.622 
 555 S _   0.418 0.000 0.001 0.001 0.008 0.013 0.005 0.554 
 556 D H   0.499 0.000 0.001 0.001 0.008 0.012 0.004 0.474 
 557 V H   0.588 0.000 0.001 0.001 0.009 0.011 0.003 0.387 
 558 W H   0.675 0.000 0.001 0.001 0.010 0.010 0.003 0.300 
 559 S H   0.748 0.000 0.001 0.001 0.011 0.009 0.002 0.228 
 560 F H   0.806 0.000 0.001 0.000 0.012 0.008 0.002 0.171 
 561 G H   0.845 0.000 0.001 0.000 0.013 0.008 0.002 0.132 
 562 I H   0.868 0.000 0.001 0.000 0.014 0.007 0.002 0.108 
 563 L H   0.877 0.000 0.001 0.000 0.015 0.007 0.002 0.098 
 564 L H   0.876 0.000 0.001 0.001 0.016 0.007 0.002 0.097 
 565 W H   0.865 0.000 0.001 0.001 0.017 0.007 0.002 0.106 
 566 E H   0.841 0.000 0.001 0.001 0.019 0.008 0.003 0.127 
 567 I H   0.798 0.000 0.002 0.001 0.019 0.008 0.005 0.166 
 568 F H   0.730 0.000 0.002 0.002 0.019 0.009 0.007 0.231 
 569 T H   0.636 0.000 0.002 0.002 0.018 0.010 0.011 0.322 
 570 L H   0.523 0.000 0.002 0.003 0.015 0.010 0.016 0.433 
 571 G _   0.401 0.000 0.001 0.003 0.011 0.010 0.022 0.552 
 572 G _   0.285 0.000 0.001 0.003 0.008 0.009 0.028 0.667 
 573 T _   0.189 0.000 0.001 0.002 0.005 0.008 0.033 0.761 
 574 P _   0.119 0.000 0.001 0.002 0.004 0.008 0.038 0.829 
 575 Y _   0.073 0.000 0.000 0.002 0.003 0.007 0.041 0.874 
 576 P _   0.045 0.000 0.000 0.002 0.002 0.007 0.044 0.899 
 577 E _   0.029 0.000 0.000 0.003 0.002 0.007 0.046 0.913 
 578 L _   0.020 0.001 0.000 0.003 0.002 0.008 0.047 0.918 
 579 P _   0.016 0.003 0.000 0.004 0.003 0.009 0.049 0.916 
 580 M _   0.014 0.007 0.000 0.006 0.003 0.010 0.050 0.910 
 581 N _   0.012 0.013 0.001 0.009 0.004 0.012 0.050 0.899 
 582 E _   0.012 0.022 0.001 0.013 0.005 0.013 0.051 0.884 
 583 Q _   0.011 0.032 0.001 0.016 0.007 0.015 0.051 0.868 
 584 F _   0.011 0.043 0.001 0.020 0.008 0.016 0.051 0.851 
 585 Y _   0.011 0.052 0.001 0.023 0.009 0.017 0.052 0.835 
 586 N _   0.010 0.061 0.001 0.027 0.010 0.017 0.053 0.821 
 587 A _   0.011 0.068 0.001 0.030 0.010 0.018 0.054 0.809 
 588 I _   0.011 0.074 0.001 0.032 0.011 0.018 0.055 0.799 
 589 K _   0.011 0.077 0.001 0.034 0.011 0.018 0.056 0.791 
 590 R _   0.011 0.078 0.001 0.035 0.011 0.017 0.058 0.788 
 591 G _   0.011 0.077 0.001 0.035 0.010 0.017 0.061 0.789 
 592 Y _   0.010 0.074 0.001 0.032 0.009 0.015 0.063 0.795 
 593 R _   0.010 0.068 0.001 0.028 0.008 0.014 0.066 0.806 
 594 M _   0.009 0.060 0.001 0.022 0.007 0.012 0.070 0.820 
 595 A _   0.008 0.050 0.001 0.017 0.005 0.011 0.073 0.836 
 596 Q _   0.007 0.040 0.001 0.012 0.004 0.010 0.076 0.851 
 597 P _   0.007 0.033 0.000 0.008 0.003 0.009 0.078 0.862 
 598 A _   0.006 0.029 0.000 0.006 0.002 0.009 0.080 0.868 
 599 H _   0.007 0.027 0.000 0.005 0.002 0.009 0.082 0.868 
 600 A _   0.007 0.027 0.000 0.005 0.003 0.011 0.083 0.864 
 601 S _   0.009 0.029 0.000 0.007 0.004 0.013 0.084 0.853 
 602 D _   0.011 0.036 0.001 0.011 0.006 0.016 0.085 0.835 
 603 E _   0.013 0.047 0.001 0.017 0.009 0.020 0.085 0.808 
 604 I _   0.015 0.062 0.001 0.027 0.012 0.023 0.086 0.774 
 605 Y _   0.017 0.078 0.001 0.037 0.015 0.026 0.086 0.739 
 606 E _   0.018 0.090 0.001 0.045 0.018 0.028 0.087 0.713 
 607 I _   0.018 0.096 0.001 0.051 0.019 0.028 0.089 0.698 
 608 M _   0.018 0.098 0.001 0.052 0.019 0.028 0.091 0.692 
 609 Q _   0.018 0.096 0.001 0.050 0.018 0.027 0.094 0.696 
 610 K _   0.017 0.090 0.001 0.045 0.016 0.025 0.098 0.708 
 611 C _   0.016 0.078 0.001 0.037 0.014 0.023 0.102 0.728 
 612 W _   0.016 0.062 0.001 0.028 0.011 0.021 0.108 0.752 
 613 E _   0.016 0.044 0.001 0.020 0.009 0.019 0.113 0.778 
 614 E _   0.015 0.028 0.001 0.014 0.007 0.018 0.118 0.800 
 615 K _   0.015 0.015 0.001 0.009 0.005 0.017 0.123 0.816 
 616 F _   0.016 0.008 0.000 0.006 0.004 0.016 0.126 0.824 
 617 E _   0.017 0.004 0.000 0.004 0.003 0.017 0.129 0.825 
 618 I _   0.021 0.002 0.000 0.003 0.003 0.018 0.131 0.821 
 619 R _   0.027 0.002 0.000 0.003 0.004 0.022 0.133 0.810 
 620 P _   0.036 0.002 0.001 0.003 0.006 0.027 0.135 0.791 
 621 P _   0.049 0.004 0.001 0.004 0.009 0.034 0.136 0.764 
 622 F _   0.064 0.008 0.001 0.007 0.016 0.042 0.138 0.725 
 623 S _   0.079 0.020 0.002 0.012 0.025 0.051 0.139 0.672 
 624 Q _   0.091 0.043 0.002 0.020 0.037 0.058 0.141 0.607 
 625 L _   0.099 0.076 0.003 0.031 0.046 0.062 0.143 0.540 
 626 V _   0.102 0.108 0.003 0.043 0.051 0.063 0.147 0.482 
 627 L _   0.101 0.131 0.003 0.055 0.053 0.061 0.152 0.444 
 628 L _   0.097 0.144 0.003 0.063 0.052 0.058 0.158 0.425 
 629 L _   0.091 0.150 0.003 0.067 0.048 0.053 0.166 0.423 
 630 E _   0.082 0.148 0.003 0.065 0.042 0.048 0.177 0.435 
 631 R _   0.072 0.140 0.002 0.058 0.035 0.041 0.189 0.462 
 632 L _   0.060 0.123 0.002 0.048 0.027 0.034 0.203 0.502 
 633 L _   0.048 0.097 0.002 0.036 0.019 0.028 0.219 0.552 
 634 G _   0.037 0.068 0.001 0.024 0.012 0.022 0.234 0.601 
 635 E _   0.028 0.043 0.001 0.015 0.008 0.017 0.248 0.641 
 636 G _   0.020 0.026 0.001 0.009 0.005 0.013 0.258 0.668 
 637 Y _   0.015 0.017 0.000 0.006 0.003 0.010 0.266 0.683 
 638 K _   0.011 0.013 0.000 0.004 0.002 0.008 0.272 0.690 
 639 K _   0.008 0.011 0.000 0.003 0.002 0.007 0.277 0.691 
 640 K _   0.007 0.011 0.000 0.004 0.002 0.007 0.281 0.689 
 641 Y _   0.006 0.012 0.000 0.005 0.002 0.007 0.284 0.684 
 642 Q _   0.006 0.014 0.000 0.006 0.002 0.007 0.287 0.677 
 643 Q _   0.006 0.018 0.000 0.008 0.003 0.008 0.289 0.668 
 644 V _   0.006 0.023 0.000 0.010 0.003 0.009 0.291 0.658 
 645 D _   0.006 0.028 0.000 0.012 0.004 0.009 0.293 0.648 
 646 E _   0.006 0.033 0.000 0.013 0.004 0.009 0.295 0.640 
 647 E _   0.005 0.037 0.000 0.013 0.004 0.009 0.298 0.633 
 648 F _   0.005 0.040 0.000 0.012 0.004 0.010 0.300 0.628 
 649 L _   0.005 0.043 0.000 0.012 0.004 0.010 0.303 0.622 
 650 R _   0.005 0.046 0.000 0.011 0.004 0.010 0.306 0.616 
 651 S _   0.006 0.050 0.000 0.011 0.004 0.011 0.310 0.609 
 652 D _   0.006 0.054 0.001 0.011 0.005 0.012 0.313 0.598 
 653 H _   0.007 0.060 0.001 0.013 0.005 0.014 0.316 0.585 
 654 P _   0.008 0.068 0.001 0.015 0.006 0.015 0.319 0.568 
 655 A _   0.010 0.077 0.001 0.018 0.008 0.017 0.323 0.548 
 656 I _   0.010 0.087 0.001 0.021 0.009 0.018 0.326 0.527 
 657 L _   0.011 0.097 0.001 0.026 0.010 0.019 0.331 0.506 
 658 R _   0.011 0.104 0.001 0.029 0.011 0.019 0.336 0.488 
 659 S _   0.011 0.109 0.001 0.032 0.012 0.019 0.342 0.473 
 660 Q _   0.011 0.111 0.001 0.034 0.012 0.019 0.349 0.461 
 661 A _   0.011 0.112 0.001 0.035 0.012 0.019 0.358 0.453 
 662 R _   0.011 0.109 0.001 0.034 0.012 0.018 0.368 0.447 
 663 L _   0.011 0.104 0.001 0.032 0.011 0.016 0.380 0.444 
