#TopoPred_TM8: 8-state transmembrane topology prediction results by no_profile mode 
#probabilities are in the order of H E C I L F X _, the 8 transmembrane topology types used in PDBTM 
   1 M X   0.014 0.001 0.002 0.054 0.010 0.010 0.709 0.199 
   2 A X   0.005 0.001 0.000 0.031 0.002 0.005 0.728 0.228 
   3 K X   0.002 0.000 0.000 0.016 0.001 0.003 0.732 0.246 
   4 Q X   0.001 0.000 0.000 0.011 0.001 0.003 0.728 0.256 
   5 Y X   0.001 0.001 0.000 0.009 0.001 0.004 0.719 0.264 
   6 D X   0.002 0.001 0.000 0.009 0.001 0.006 0.707 0.273 
   7 S X   0.003 0.002 0.000 0.010 0.002 0.007 0.693 0.282 
   8 V X   0.004 0.004 0.000 0.013 0.002 0.008 0.676 0.293 
   9 E X   0.004 0.006 0.000 0.016 0.003 0.010 0.656 0.305 
  10 C X   0.004 0.009 0.001 0.019 0.004 0.010 0.634 0.319 
  11 P X   0.004 0.012 0.001 0.021 0.005 0.011 0.613 0.335 
  12 F X   0.004 0.014 0.001 0.021 0.005 0.011 0.592 0.353 
  13 C X   0.004 0.015 0.001 0.020 0.005 0.011 0.572 0.373 
  14 D X   0.004 0.017 0.001 0.018 0.005 0.010 0.555 0.392 
  15 E X   0.004 0.018 0.001 0.015 0.004 0.010 0.538 0.410 
  16 V X   0.004 0.018 0.001 0.013 0.004 0.011 0.522 0.427 
  17 S X   0.005 0.020 0.000 0.011 0.004 0.011 0.507 0.443 
  18 K X   0.005 0.021 0.001 0.010 0.004 0.012 0.491 0.456 
  19 Y X   0.006 0.024 0.001 0.010 0.004 0.013 0.475 0.468 
  20 E _   0.006 0.028 0.001 0.011 0.005 0.014 0.457 0.477 
  21 K _   0.007 0.035 0.001 0.013 0.006 0.016 0.439 0.483 
  22 L _   0.008 0.043 0.001 0.015 0.008 0.018 0.420 0.487 
  23 A _   0.010 0.054 0.001 0.018 0.009 0.021 0.400 0.487 
  24 K _   0.011 0.067 0.001 0.021 0.011 0.023 0.380 0.485 
  25 I _   0.012 0.080 0.001 0.025 0.013 0.024 0.361 0.482 
  26 G _   0.013 0.094 0.001 0.030 0.015 0.026 0.343 0.477 
  27 Q _   0.014 0.105 0.001 0.035 0.017 0.027 0.327 0.474 
  28 G _   0.015 0.114 0.001 0.039 0.018 0.027 0.313 0.473 
  29 T _   0.015 0.120 0.001 0.042 0.018 0.027 0.301 0.475 
  30 F _   0.015 0.122 0.001 0.044 0.018 0.026 0.292 0.482 
  31 G _   0.015 0.122 0.001 0.043 0.017 0.025 0.284 0.494 
  32 E _   0.015 0.118 0.001 0.040 0.015 0.023 0.277 0.511 
  33 V _   0.015 0.109 0.001 0.035 0.013 0.021 0.271 0.535 
  34 F _   0.014 0.097 0.001 0.029 0.011 0.018 0.267 0.564 
  35 K _   0.013 0.080 0.001 0.022 0.009 0.016 0.262 0.597 
  36 A _   0.012 0.063 0.001 0.016 0.007 0.014 0.258 0.630 
  37 R _   0.011 0.047 0.001 0.011 0.005 0.012 0.255 0.659 
  38 H _   0.009 0.036 0.001 0.008 0.004 0.011 0.250 0.681 
  39 R _   0.009 0.030 0.000 0.006 0.003 0.011 0.246 0.695 
  40 K _   0.008 0.027 0.000 0.005 0.003 0.010 0.241 0.705 
  41 T _   0.008 0.026 0.000 0.006 0.003 0.011 0.236 0.709 
  42 G _   0.008 0.027 0.000 0.008 0.004 0.012 0.230 0.710 
  43 Q _   0.009 0.029 0.001 0.012 0.005 0.013 0.224 0.708 
  44 K _   0.010 0.033 0.001 0.016 0.006 0.014 0.217 0.703 
  45 V _   0.010 0.037 0.001 0.022 0.008 0.015 0.211 0.698 
  46 A _   0.010 0.040 0.001 0.026 0.009 0.015 0.205 0.695 
  47 L _   0.010 0.041 0.001 0.029 0.009 0.015 0.199 0.695 
  48 K _   0.010 0.041 0.001 0.030 0.009 0.015 0.195 0.699 
  49 K _   0.010 0.039 0.001 0.028 0.008 0.014 0.191 0.709 
  50 V _   0.009 0.035 0.001 0.024 0.007 0.013 0.188 0.722 
  51 L _   0.009 0.029 0.001 0.020 0.006 0.012 0.186 0.739 
  52 M _   0.008 0.022 0.001 0.015 0.005 0.010 0.183 0.756 
  53 E _   0.008 0.015 0.000 0.010 0.004 0.010 0.181 0.772 
  54 N _   0.008 0.010 0.000 0.007 0.003 0.009 0.179 0.785 
  55 E _   0.008 0.006 0.000 0.005 0.002 0.009 0.176 0.794 
  56 K _   0.008 0.004 0.000 0.004 0.002 0.009 0.173 0.799 
  57 E _   0.009 0.004 0.000 0.003 0.002 0.011 0.170 0.801 
  58 G _   0.011 0.004 0.000 0.004 0.003 0.013 0.166 0.800 
  59 F _   0.014 0.005 0.000 0.005 0.004 0.016 0.161 0.795 
  60 P _   0.017 0.007 0.001 0.008 0.006 0.020 0.157 0.785 
  61 I _   0.021 0.010 0.001 0.011 0.009 0.025 0.151 0.772 
  62 T _   0.025 0.015 0.001 0.016 0.013 0.029 0.146 0.755 
  63 A _   0.028 0.020 0.001 0.022 0.016 0.033 0.140 0.738 
  64 L _   0.031 0.025 0.001 0.027 0.020 0.037 0.135 0.724 
  65 R _   0.033 0.029 0.002 0.031 0.022 0.038 0.130 0.714 
  66 E _   0.034 0.031 0.002 0.034 0.023 0.039 0.127 0.711 
  67 I _   0.035 0.031 0.002 0.034 0.022 0.038 0.123 0.714 
  68 K _   0.034 0.030 0.001 0.032 0.021 0.037 0.121 0.724 
  69 I _   0.034 0.027 0.001 0.027 0.018 0.035 0.118 0.739 
  70 L _   0.033 0.023 0.001 0.022 0.016 0.033 0.116 0.756 
  71 Q _   0.032 0.018 0.001 0.016 0.013 0.031 0.115 0.775 
  72 L _   0.031 0.012 0.001 0.012 0.010 0.028 0.113 0.792 
  73 L _   0.030 0.009 0.001 0.008 0.008 0.027 0.112 0.806 
  74 K _   0.030 0.007 0.001 0.006 0.007 0.026 0.110 0.814 
  75 H _   0.030 0.006 0.001 0.005 0.006 0.026 0.108 0.818 
  76 E _   0.032 0.006 0.001 0.005 0.007 0.027 0.106 0.815 
  77 N _   0.036 0.007 0.001 0.007 0.009 0.029 0.104 0.808 
  78 V _   0.040 0.011 0.001 0.010 0.012 0.031 0.102 0.794 
  79 V _   0.044 0.017 0.001 0.016 0.016 0.034 0.099 0.773 
  80 N _   0.046 0.025 0.002 0.025 0.019 0.035 0.097 0.751 
  81 L _   0.047 0.033 0.002 0.034 0.022 0.035 0.095 0.733 
  82 I _   0.046 0.038 0.002 0.041 0.023 0.034 0.094 0.722 
  83 E _   0.043 0.040 0.002 0.045 0.022 0.032 0.093 0.724 
  84 I _   0.039 0.039 0.002 0.044 0.020 0.029 0.093 0.735 
  85 C _   0.033 0.036 0.001 0.038 0.016 0.025 0.093 0.757 
  86 R _   0.028 0.029 0.001 0.030 0.012 0.021 0.093 0.785 
  87 T _   0.022 0.021 0.001 0.020 0.008 0.017 0.093 0.817 
  88 K _   0.018 0.012 0.001 0.012 0.005 0.013 0.093 0.846 
  89 A _   0.013 0.006 0.000 0.007 0.003 0.011 0.093 0.867 
  90 S _   0.010 0.002 0.000 0.004 0.002 0.009 0.091 0.881 
  91 P _   0.008 0.001 0.000 0.002 0.002 0.008 0.090 0.889 
  92 Y _   0.008 0.000 0.000 0.002 0.001 0.009 0.088 0.892 
  93 N _   0.009 0.000 0.000 0.002 0.002 0.011 0.085 0.891 
  94 R _   0.013 0.001 0.000 0.003 0.003 0.014 0.082 0.884 
  95 C _   0.018 0.002 0.000 0.005 0.005 0.020 0.079 0.871 
  96 K _   0.025 0.005 0.001 0.010 0.009 0.027 0.074 0.850 
  97 G _   0.032 0.011 0.001 0.017 0.015 0.036 0.069 0.819 
  98 S _   0.040 0.019 0.002 0.028 0.022 0.043 0.063 0.784 
  99 I _   0.047 0.026 0.002 0.039 0.028 0.049 0.057 0.751 
 100 Y _   0.055 0.031 0.002 0.046 0.033 0.053 0.052 0.728 
 101 L _   0.063 0.033 0.002 0.049 0.035 0.055 0.048 0.715 
 102 V _   0.072 0.032 0.002 0.046 0.035 0.056 0.044 0.713 
 103 F _   0.082 0.028 0.002 0.039 0.033 0.055 0.041 0.719 
 104 D _   0.094 0.022 0.002 0.029 0.030 0.053 0.038 0.732 
 105 F _   0.107 0.014 0.002 0.020 0.025 0.051 0.035 0.746 
 106 C _   0.123 0.007 0.001 0.012 0.021 0.049 0.033 0.754 
 107 E _   0.142 0.003 0.001 0.007 0.017 0.046 0.030 0.754 
 108 H _   0.164 0.001 0.001 0.004 0.014 0.044 0.028 0.743 
 109 D _   0.191 0.000 0.001 0.003 0.013 0.043 0.026 0.722 
 110 L _   0.223 0.000 0.001 0.003 0.014 0.042 0.024 0.693 
 111 A _   0.258 0.000 0.001 0.003 0.016 0.042 0.022 0.658 
 112 G _   0.295 0.000 0.001 0.003 0.018 0.042 0.020 0.619 
 113 L _   0.330 0.000 0.001 0.004 0.021 0.042 0.019 0.583 
 114 L _   0.361 0.000 0.002 0.005 0.023 0.041 0.018 0.550 
 115 S _   0.385 0.000 0.002 0.005 0.024 0.040 0.017 0.527 
 116 N _   0.403 0.000 0.002 0.005 0.024 0.038 0.016 0.511 
 117 V _   0.416 0.000 0.002 0.005 0.023 0.036 0.015 0.502 
 118 L _   0.424 0.000 0.001 0.004 0.021 0.034 0.015 0.500 
 119 V _   0.426 0.000 0.001 0.004 0.018 0.031 0.015 0.505 
 120 K _   0.422 0.000 0.001 0.003 0.016 0.029 0.014 0.515 
 121 F _   0.415 0.000 0.001 0.002 0.013 0.027 0.014 0.527 
 122 T _   0.407 0.000 0.001 0.002 0.011 0.026 0.014 0.539 
 123 L _   0.398 0.000 0.001 0.002 0.010 0.026 0.014 0.550 
 124 S _   0.393 0.000 0.001 0.001 0.009 0.026 0.015 0.556 
 125 E _   0.391 0.000 0.001 0.001 0.010 0.026 0.015 0.556 
 126 I _   0.393 0.000 0.001 0.002 0.011 0.028 0.015 0.552 
 127 K _   0.397 0.000 0.001 0.002 0.013 0.030 0.015 0.543 
 128 R _   0.402 0.000 0.001 0.002 0.015 0.032 0.016 0.532 
 129 V _   0.407 0.000 0.001 0.003 0.019 0.034 0.016 0.520 
 130 M _   0.408 0.000 0.001 0.004 0.022 0.036 0.017 0.511 
 131 Q _   0.404 0.001 0.002 0.005 0.025 0.037 0.018 0.508 
 132 M _   0.393 0.001 0.002 0.007 0.028 0.038 0.020 0.512 
 133 L _   0.376 0.001 0.002 0.008 0.030 0.038 0.021 0.524 
 134 L _   0.353 0.001 0.002 0.009 0.030 0.038 0.023 0.543 
 135 N _   0.324 0.002 0.002 0.010 0.029 0.037 0.025 0.570 
 136 G _   0.291 0.002 0.002 0.011 0.027 0.035 0.028 0.604 
 137 L _   0.253 0.002 0.002 0.012 0.024 0.033 0.031 0.644 
 138 Y _   0.213 0.002 0.002 0.012 0.020 0.030 0.034 0.688 
 139 Y _   0.172 0.002 0.001 0.011 0.016 0.027 0.038 0.733 
 140 I _   0.135 0.001 0.001 0.010 0.013 0.024 0.041 0.775 
 141 H _   0.102 0.001 0.001 0.009 0.010 0.021 0.044 0.813 
 142 R _   0.075 0.001 0.001 0.008 0.007 0.018 0.046 0.844 
 143 N _   0.055 0.001 0.001 0.007 0.006 0.015 0.048 0.867 
 144 K _   0.040 0.001 0.001 0.006 0.004 0.014 0.050 0.885 
 145 I _   0.030 0.000 0.000 0.005 0.004 0.012 0.052 0.896 
 146 L _   0.024 0.000 0.000 0.004 0.003 0.012 0.053 0.904 
 147 H _   0.020 0.000 0.000 0.004 0.003 0.011 0.054 0.907 
 148 R _   0.017 0.001 0.000 0.004 0.003 0.012 0.054 0.908 
 149 D _   0.016 0.001 0.000 0.005 0.004 0.013 0.055 0.907 
 150 M _   0.017 0.001 0.000 0.006 0.004 0.014 0.056 0.902 
 151 K _   0.017 0.002 0.001 0.007 0.005 0.015 0.056 0.897 
 152 A _   0.019 0.003 0.001 0.009 0.006 0.017 0.056 0.889 
 153 A _   0.021 0.004 0.001 0.010 0.008 0.019 0.057 0.881 
 154 N _   0.023 0.005 0.001 0.012 0.009 0.021 0.057 0.872 
 155 V _   0.025 0.006 0.001 0.013 0.010 0.023 0.058 0.865 
 156 L _   0.027 0.007 0.001 0.014 0.010 0.024 0.058 0.859 
 157 I _   0.029 0.007 0.001 0.013 0.010 0.025 0.059 0.855 
 158 T _   0.031 0.007 0.001 0.012 0.010 0.026 0.060 0.853 
 159 R _   0.032 0.007 0.001 0.011 0.010 0.028 0.061 0.851 
 160 D _   0.034 0.008 0.001 0.009 0.009 0.029 0.061 0.849 
 161 G _   0.037 0.008 0.001 0.008 0.009 0.030 0.062 0.845 
 162 V _   0.040 0.009 0.001 0.007 0.010 0.032 0.063 0.838 
 163 L _   0.044 0.011 0.001 0.007 0.011 0.035 0.063 0.828 
 164 K _   0.048 0.014 0.001 0.009 0.013 0.037 0.064 0.814 
 165 L _   0.053 0.020 0.001 0.011 0.016 0.040 0.065 0.794 
 166 A _   0.057 0.030 0.001 0.015 0.020 0.043 0.065 0.768 
 167 D _   0.059 0.044 0.002 0.022 0.024 0.045 0.066 0.738 
 168 F _   0.060 0.059 0.002 0.030 0.027 0.045 0.067 0.710 
 169 G _   0.060 0.072 0.002 0.038 0.029 0.044 0.068 0.686 
 170 L _   0.058 0.081 0.002 0.045 0.029 0.042 0.070 0.672 
 171 A _   0.054 0.085 0.002 0.049 0.028 0.039 0.073 0.670 
 172 R _   0.049 0.086 0.002 0.049 0.025 0.035 0.076 0.678 
 173 A _   0.043 0.082 0.002 0.046 0.021 0.031 0.080 0.696 
 174 F _   0.036 0.074 0.001 0.039 0.016 0.026 0.085 0.722 
 175 S _   0.030 0.061 0.001 0.030 0.012 0.021 0.090 0.754 
 176 L _   0.025 0.044 0.001 0.022 0.008 0.017 0.095 0.788 
 177 A _   0.020 0.028 0.001 0.014 0.006 0.013 0.099 0.819 
 178 K _   0.016 0.016 0.000 0.009 0.004 0.010 0.103 0.842 
 179 N _   0.012 0.009 0.000 0.005 0.002 0.008 0.105 0.858 
 180 S _   0.010 0.005 0.000 0.003 0.002 0.007 0.107 0.867 
 181 Q _   0.008 0.003 0.000 0.002 0.001 0.006 0.108 0.870 
 182 P _   0.008 0.003 0.000 0.002 0.001 0.007 0.108 0.871 
 183 N _   0.008 0.003 0.000 0.003 0.002 0.008 0.108 0.868 
 184 R _   0.009 0.005 0.000 0.004 0.002 0.010 0.108 0.862 
 185 Y _   0.010 0.009 0.000 0.007 0.004 0.012 0.107 0.851 
 186 T _   0.012 0.017 0.001 0.012 0.006 0.015 0.106 0.832 
 187 N _   0.013 0.029 0.001 0.018 0.008 0.018 0.104 0.809 
 188 R _   0.014 0.042 0.001 0.025 0.010 0.020 0.103 0.785 
 189 V _   0.015 0.054 0.001 0.031 0.011 0.021 0.102 0.766 
 190 V _   0.014 0.062 0.001 0.035 0.012 0.021 0.101 0.753 
 191 T _   0.014 0.067 0.001 0.036 0.012 0.021 0.101 0.748 
 192 L _   0.013 0.069 0.001 0.035 0.012 0.020 0.101 0.748 
 193 W _   0.012 0.068 0.001 0.033 0.011 0.019 0.102 0.753 
 194 Y _   0.012 0.066 0.001 0.030 0.010 0.018 0.103 0.761 
 195 R _   0.011 0.063 0.001 0.027 0.009 0.017 0.104 0.768 
 196 P _   0.011 0.059 0.001 0.025 0.008 0.016 0.106 0.776 
 197 P _   0.010 0.054 0.001 0.023 0.007 0.014 0.108 0.783 
 198 E _   0.010 0.049 0.001 0.021 0.006 0.013 0.110 0.790 
 199 L _   0.010 0.043 0.001 0.019 0.006 0.012 0.112 0.797 
 200 L _   0.009 0.036 0.001 0.017 0.005 0.011 0.114 0.806 
 201 L _   0.009 0.029 0.001 0.015 0.004 0.010 0.116 0.817 
 202 G _   0.008 0.021 0.000 0.012 0.004 0.009 0.118 0.829 
 203 E _   0.007 0.014 0.000 0.009 0.003 0.008 0.119 0.841 
 204 R _   0.007 0.008 0.000 0.006 0.002 0.007 0.120 0.851 
 205 D _   0.007 0.004 0.000 0.004 0.002 0.007 0.120 0.857 
 206 Y _   0.008 0.001 0.000 0.003 0.001 0.007 0.120 0.860 
 207 G _   0.011 0.001 0.000 0.002 0.001 0.008 0.119 0.858 
 208 P _   0.018 0.000 0.000 0.002 0.002 0.011 0.117 0.850 
 209 P _   0.031 0.000 0.000 0.002 0.003 0.017 0.115 0.831 
 210 I _   0.056 0.000 0.001 0.002 0.005 0.026 0.112 0.797 
 211 D _   0.093 0.001 0.001 0.004 0.011 0.039 0.108 0.743 
 212 L _   0.140 0.003 0.001 0.006 0.022 0.054 0.103 0.671 
 213 W _   0.187 0.009 0.002 0.009 0.038 0.069 0.098 0.587 
 214 G _   0.228 0.020 0.003 0.015 0.057 0.082 0.094 0.501 
 215 A _   0.257 0.037 0.003 0.023 0.074 0.090 0.090 0.426 
 216 G _   0.276 0.052 0.003 0.031 0.085 0.093 0.088 0.372 
 217 C _   0.285 0.064 0.003 0.037 0.090 0.092 0.087 0.342 
 218 I _   0.287 0.071 0.003 0.041 0.090 0.088 0.087 0.332 
 219 M _   0.282 0.074 0.003 0.043 0.087 0.082 0.088 0.341 
 220 A _   0.268 0.072 0.004 0.042 0.080 0.075 0.090 0.368 
 221 E _   0.246 0.066 0.003 0.038 0.069 0.067 0.094 0.416 
 222 M _   0.217 0.056 0.003 0.031 0.055 0.058 0.098 0.482 
 223 W _   0.181 0.041 0.003 0.024 0.040 0.049 0.103 0.559 
 224 T _   0.143 0.026 0.002 0.017 0.027 0.040 0.107 0.637 
 225 R _   0.108 0.015 0.001 0.012 0.017 0.032 0.112 0.702 
 226 S _   0.079 0.007 0.001 0.008 0.010 0.026 0.116 0.752 
 227 P _   0.057 0.004 0.001 0.006 0.006 0.021 0.119 0.786 
 228 I _   0.042 0.002 0.000 0.005 0.004 0.018 0.121 0.808 
 229 M _   0.031 0.001 0.000 0.004 0.003 0.016 0.123 0.822 
 230 Q _   0.025 0.001 0.000 0.003 0.003 0.015 0.123 0.829 
 231 G _   0.023 0.000 0.000 0.003 0.003 0.015 0.124 0.832 
 232 N _   0.023 0.000 0.000 0.003 0.003 0.017 0.124 0.830 
 233 T _   0.027 0.000 0.000 0.003 0.003 0.019 0.123 0.823 
 234 E _   0.033 0.001 0.000 0.003 0.005 0.023 0.123 0.812 
 235 Q _   0.043 0.001 0.001 0.004 0.007 0.029 0.121 0.793 
 236 H _   0.057 0.003 0.001 0.006 0.012 0.037 0.120 0.765 
 237 Q _   0.075 0.007 0.001 0.008 0.019 0.045 0.118 0.727 
 238 L _   0.094 0.014 0.002 0.012 0.028 0.053 0.117 0.681 
 239 A _   0.112 0.025 0.002 0.017 0.038 0.059 0.115 0.632 
 240 L _   0.127 0.038 0.002 0.023 0.048 0.064 0.115 0.583 
 241 I _   0.138 0.052 0.003 0.030 0.054 0.066 0.115 0.543 
 242 S _   0.145 0.062 0.003 0.035 0.057 0.065 0.116 0.516 
 243 Q _   0.147 0.069 0.003 0.039 0.057 0.063 0.118 0.504 
 244 L _   0.143 0.072 0.003 0.042 0.055 0.059 0.121 0.505 
 245 C _   0.136 0.072 0.003 0.042 0.050 0.054 0.125 0.519 
 246 G _   0.124 0.069 0.003 0.040 0.043 0.048 0.130 0.544 
 247 S _   0.109 0.062 0.002 0.036 0.035 0.042 0.136 0.579 
 248 I _   0.093 0.052 0.002 0.030 0.026 0.035 0.142 0.620 
 249 T _   0.076 0.040 0.002 0.023 0.018 0.029 0.149 0.663 
 250 P _   0.059 0.028 0.001 0.017 0.012 0.023 0.156 0.704 
 251 E _   0.044 0.017 0.001 0.012 0.007 0.017 0.162 0.740 
 252 V _   0.031 0.009 0.001 0.008 0.004 0.013 0.167 0.768 
 253 W _   0.021 0.005 0.000 0.005 0.003 0.010 0.170 0.787 
 254 P _   0.014 0.003 0.000 0.003 0.002 0.008 0.171 0.798 
 255 N _   0.010 0.002 0.000 0.002 0.002 0.007 0.172 0.804 
 256 V _   0.008 0.002 0.000 0.002 0.001 0.006 0.173 0.806 
 257 D _   0.007 0.003 0.000 0.003 0.002 0.007 0.173 0.805 
 258 N _   0.007 0.005 0.000 0.004 0.002 0.008 0.172 0.801 
 259 Y _   0.008 0.010 0.000 0.007 0.003 0.009 0.171 0.791 
 260 E _   0.008 0.018 0.001 0.012 0.005 0.011 0.169 0.776 
 261 L _   0.009 0.030 0.001 0.018 0.006 0.013 0.167 0.756 
 262 Y _   0.009 0.043 0.001 0.025 0.007 0.014 0.165 0.737 
 263 E _   0.009 0.053 0.001 0.030 0.008 0.014 0.163 0.722 
 264 K _   0.008 0.061 0.001 0.033 0.008 0.014 0.162 0.712 
 265 L _   0.008 0.065 0.001 0.034 0.008 0.014 0.162 0.709 
 266 E _   0.008 0.066 0.001 0.032 0.008 0.013 0.162 0.711 
 267 L _   0.007 0.065 0.001 0.028 0.007 0.012 0.163 0.717 
 268 V _   0.007 0.062 0.001 0.023 0.005 0.010 0.165 0.727 
 269 K _   0.006 0.058 0.001 0.018 0.004 0.009 0.166 0.737 
 270 G _   0.006 0.053 0.000 0.013 0.003 0.008 0.168 0.748 
 271 Q _   0.005 0.049 0.000 0.009 0.003 0.008 0.169 0.756 
 272 K _   0.005 0.046 0.000 0.007 0.002 0.007 0.170 0.762 
 273 R _   0.005 0.045 0.000 0.006 0.002 0.007 0.171 0.764 
 274 K _   0.005 0.045 0.000 0.006 0.002 0.007 0.171 0.763 
 275 V _   0.005 0.048 0.000 0.007 0.003 0.008 0.171 0.758 
 276 K _   0.006 0.053 0.000 0.008 0.003 0.009 0.170 0.750 
 277 D _   0.006 0.060 0.000 0.011 0.004 0.010 0.170 0.738 
 278 R _   0.007 0.070 0.001 0.014 0.005 0.011 0.169 0.724 
 279 L _   0.007 0.080 0.001 0.017 0.006 0.012 0.168 0.709 
 280 K _   0.007 0.089 0.001 0.019 0.006 0.013 0.168 0.696 
 281 A _   0.007 0.096 0.001 0.020 0.007 0.014 0.168 0.688 
 282 Y _   0.007 0.101 0.001 0.020 0.007 0.014 0.169 0.682 
 283 V _   0.007 0.104 0.001 0.019 0.007 0.014 0.170 0.678 
 284 R _   0.008 0.106 0.001 0.017 0.007 0.015 0.171 0.676 
 285 D _   0.008 0.107 0.001 0.016 0.006 0.015 0.173 0.673 
 286 P _   0.009 0.108 0.001 0.014 0.006 0.016 0.175 0.670 
 287 Y _   0.010 0.110 0.001 0.013 0.007 0.017 0.178 0.664 
 288 A _   0.012 0.112 0.001 0.014 0.007 0.018 0.180 0.656 
 289 L _   0.013 0.116 0.001 0.015 0.008 0.020 0.183 0.645 
 290 D _   0.014 0.121 0.001 0.017 0.009 0.021 0.186 0.631 
 291 L _   0.015 0.127 0.001 0.021 0.011 0.022 0.189 0.614 
 292 I _   0.016 0.134 0.001 0.025 0.012 0.023 0.193 0.597 
 293 D _   0.017 0.139 0.001 0.030 0.013 0.023 0.197 0.581 
 294 K _   0.017 0.142 0.001 0.034 0.014 0.022 0.201 0.568 
 295 L _   0.017 0.143 0.001 0.037 0.014 0.022 0.207 0.560 
 296 L _   0.016 0.141 0.001 0.038 0.013 0.021 0.214 0.556 
 297 V _   0.015 0.135 0.001 0.037 0.012 0.019 0.222 0.558 
 298 L _   0.014 0.125 0.001 0.034 0.011 0.017 0.232 0.565 
 299 D _   0.013 0.110 0.001 0.030 0.009 0.015 0.243 0.578 
 300 P _   0.012 0.091 0.001 0.025 0.008 0.013 0.255 0.595 
 301 A _   0.011 0.070 0.001 0.019 0.006 0.011 0.268 0.614 
 302 Q _   0.010 0.050 0.001 0.014 0.004 0.009 0.279 0.633 
 303 R _   0.008 0.033 0.000 0.010 0.003 0.008 0.289 0.648 
 304 I _   0.007 0.022 0.000 0.007 0.002 0.007 0.297 0.658 
 305 D _   0.006 0.015 0.000 0.005 0.002 0.006 0.303 0.663 
 306 S _   0.005 0.012 0.000 0.004 0.001 0.005 0.308 0.665 
 307 D _   0.004 0.010 0.000 0.004 0.001 0.005 0.311 0.664 
 308 D _   0.004 0.010 0.000 0.004 0.001 0.005 0.314 0.662 
 309 A _   0.004 0.010 0.000 0.005 0.002 0.006 0.316 0.657 
 310 L _   0.004 0.011 0.000 0.007 0.002 0.006 0.317 0.651 
 311 N _   0.005 0.012 0.000 0.010 0.003 0.007 0.318 0.644 
 312 H _   0.005 0.014 0.000 0.013 0.003 0.008 0.320 0.637 
 313 D _   0.005 0.015 0.000 0.016 0.004 0.008 0.321 0.631 
 314 F _   0.004 0.016 0.000 0.017 0.004 0.008 0.323 0.627 
 315 F _   0.004 0.016 0.000 0.016 0.004 0.008 0.325 0.626 
 316 W _   0.004 0.016 0.000 0.014 0.003 0.008 0.328 0.627 
 317 S _   0.004 0.014 0.000 0.011 0.003 0.008 0.330 0.629 
 318 D _   0.004 0.013 0.000 0.009 0.002 0.007 0.333 0.631 
 319 P _   0.004 0.012 0.000 0.006 0.002 0.008 0.335 0.632 
 320 M _   0.004 0.012 0.000 0.005 0.002 0.009 0.338 0.631 
 321 P _   0.005 0.012 0.000 0.004 0.002 0.010 0.339 0.627 
 322 S _   0.007 0.013 0.000 0.004 0.003 0.013 0.341 0.619 
 323 D _   0.010 0.017 0.000 0.005 0.004 0.017 0.341 0.606 
 324 L _   0.014 0.025 0.001 0.008 0.007 0.022 0.341 0.582 
 325 K _   0.019 0.041 0.001 0.011 0.011 0.029 0.340 0.547 
 326 G _   0.025 0.068 0.001 0.016 0.018 0.035 0.339 0.498 
 327 M _   0.030 0.105 0.002 0.023 0.025 0.040 0.337 0.439 
 328 L _   0.033 0.145 0.002 0.029 0.031 0.044 0.336 0.379 
 329 S X   0.035 0.180 0.002 0.036 0.036 0.045 0.337 0.329 
 330 T X   0.037 0.207 0.002 0.042 0.039 0.045 0.339 0.289 
 331 H X   0.038 0.225 0.002 0.047 0.040 0.044 0.342 0.262 
 332 L X   0.038 0.234 0.002 0.051 0.040 0.042 0.348 0.245 
 333 T X   0.037 0.236 0.002 0.053 0.037 0.039 0.357 0.238 
 334 S X   0.035 0.233 0.002 0.053 0.034 0.036 0.368 0.239 
 335 M X   0.033 0.222 0.002 0.049 0.030 0.032 0.383 0.248 
 336 F X   0.031 0.202 0.002 0.043 0.025 0.028 0.402 0.266 
 337 E X   0.028 0.170 0.002 0.035 0.020 0.024 0.425 0.295 
 338 Y X   0.025 0.128 0.002 0.027 0.015 0.020 0.451 0.332 
 339 L X   0.021 0.085 0.001 0.019 0.011 0.017 0.478 0.367 
 340 A X   0.017 0.051 0.001 0.012 0.007 0.014 0.503 0.395 
 341 P X   0.013 0.031 0.001 0.008 0.005 0.011 0.522 0.410 
 342 P X   0.010 0.021 0.000 0.005 0.003 0.010 0.536 0.415 
 343 R X   0.008 0.017 0.000 0.004 0.002 0.008 0.547 0.413 
 344 R X   0.007 0.015 0.000 0.004 0.002 0.008 0.557 0.406 
 345 K X   0.006 0.014 0.000 0.005 0.002 0.008 0.566 0.397 
 346 G X   0.006 0.015 0.000 0.007 0.003 0.008 0.575 0.386 
 347 S X   0.006 0.016 0.000 0.010 0.003 0.008 0.583 0.374 
 348 Q X   0.005 0.017 0.000 0.012 0.004 0.008 0.591 0.363 
 349 I X   0.005 0.017 0.000 0.014 0.004 0.008 0.600 0.352 
 350 T X   0.005 0.017 0.000 0.014 0.004 0.007 0.609 0.344 
 351 Q X   0.004 0.017 0.000 0.013 0.003 0.007 0.619 0.336 
 352 Q X   0.004 0.016 0.000 0.012 0.003 0.006 0.630 0.330 
 353 S X   0.003 0.015 0.000 0.009 0.002 0.005 0.640 0.325 
 354 T X   0.003 0.013 0.000 0.007 0.002 0.004 0.650 0.320 
 355 N X   0.003 0.012 0.000 0.005 0.002 0.004 0.659 0.315 
 356 Q X   0.002 0.011 0.000 0.004 0.001 0.003 0.667 0.310 
 357 S X   0.002 0.011 0.000 0.003 0.001 0.003 0.674 0.305 
 358 R X   0.002 0.011 0.000 0.003 0.001 0.003 0.679 0.300 
 359 N X   0.002 0.012 0.000 0.003 0.001 0.004 0.684 0.294 
 360 P X   0.002 0.015 0.000 0.004 0.001 0.004 0.687 0.287 
 361 A X   0.003 0.018 0.000 0.005 0.002 0.005 0.690 0.278 
 362 T X   0.003 0.024 0.000 0.007 0.002 0.006 0.692 0.266 
 363 T X   0.003 0.032 0.000 0.010 0.003 0.006 0.693 0.253 
 364 N X   0.003 0.042 0.000 0.014 0.003 0.006 0.694 0.238 
 365 Q X   0.003 0.050 0.000 0.017 0.004 0.006 0.695 0.225 
 366 T X   0.002 0.058 0.000 0.020 0.004 0.005 0.697 0.214 
 367 E X   0.002 0.063 0.000 0.021 0.003 0.004 0.700 0.208 
 368 F X   0.001 0.064 0.000 0.020 0.002 0.003 0.704 0.206 
 369 E X   0.001 0.064 0.000 0.016 0.001 0.001 0.708 0.209 
 370 R X   0.000 0.062 0.000 0.013 0.000 0.001 0.708 0.216 
 371 V X   0.000 0.059 0.000 0.013 0.000 0.001 0.704 0.223 
 372 F X   0.003 0.057 0.001 0.020 0.003 0.003 0.687 0.226 
