#TopoPred_TM8: 8-state transmembrane topology prediction results by no_profile mode 
#probabilities are in the order of H E C I L F X _, the 8 transmembrane topology types used in PDBTM 
   1 M X   0.015 0.006 0.003 0.114 0.012 0.014 0.548 0.288 
   2 S X   0.006 0.006 0.000 0.086 0.003 0.008 0.564 0.328 
   3 A X   0.002 0.006 0.000 0.061 0.001 0.005 0.565 0.359 
   4 S X   0.001 0.008 0.000 0.048 0.001 0.006 0.559 0.376 
   5 T X   0.002 0.013 0.000 0.042 0.002 0.007 0.547 0.387 
   6 G X   0.002 0.019 0.000 0.039 0.002 0.009 0.531 0.398 
   7 G X   0.003 0.028 0.000 0.037 0.003 0.010 0.512 0.407 
   8 G X   0.003 0.041 0.001 0.036 0.003 0.011 0.490 0.415 
   9 G X   0.003 0.057 0.001 0.037 0.004 0.011 0.465 0.422 
  10 D X   0.003 0.077 0.001 0.038 0.005 0.011 0.439 0.427 
  11 S _   0.003 0.098 0.001 0.038 0.005 0.011 0.413 0.431 
  12 G _   0.003 0.120 0.001 0.038 0.005 0.011 0.389 0.434 
  13 G _   0.003 0.140 0.001 0.037 0.005 0.011 0.367 0.437 
  14 S _   0.003 0.158 0.001 0.036 0.005 0.010 0.347 0.440 
  15 G _   0.003 0.176 0.001 0.035 0.005 0.010 0.329 0.443 
  16 G _   0.003 0.192 0.001 0.034 0.005 0.010 0.312 0.445 
  17 S _   0.003 0.207 0.001 0.033 0.005 0.009 0.297 0.446 
  18 S _   0.003 0.220 0.001 0.032 0.005 0.009 0.284 0.446 
  19 S _   0.003 0.232 0.001 0.032 0.004 0.009 0.273 0.446 
  20 S _   0.003 0.241 0.001 0.031 0.004 0.009 0.264 0.449 
  21 S _   0.003 0.248 0.001 0.029 0.004 0.008 0.256 0.452 
  22 Q _   0.002 0.252 0.000 0.027 0.004 0.008 0.250 0.457 
  23 A _   0.002 0.255 0.000 0.023 0.003 0.008 0.244 0.464 
  24 S _   0.002 0.256 0.000 0.020 0.003 0.007 0.239 0.472 
  25 C _   0.002 0.256 0.000 0.016 0.003 0.007 0.235 0.481 
  26 G _   0.003 0.256 0.000 0.013 0.002 0.007 0.230 0.489 
  27 P _   0.003 0.257 0.000 0.011 0.002 0.007 0.226 0.494 
  28 E _   0.003 0.259 0.000 0.010 0.002 0.008 0.221 0.496 
  29 S _   0.003 0.265 0.000 0.010 0.003 0.009 0.216 0.494 
  30 S _   0.004 0.275 0.000 0.011 0.004 0.011 0.210 0.485 
  31 G _   0.005 0.293 0.001 0.013 0.005 0.014 0.203 0.466 
  32 S _   0.007 0.323 0.001 0.017 0.007 0.016 0.194 0.434 
  33 E _   0.008 0.367 0.001 0.021 0.010 0.018 0.185 0.391 
  34 L E   0.009 0.419 0.001 0.025 0.012 0.019 0.175 0.340 
  35 A E   0.009 0.471 0.001 0.028 0.013 0.019 0.167 0.293 
  36 L E   0.008 0.516 0.001 0.030 0.013 0.018 0.160 0.254 
  37 A E   0.008 0.547 0.001 0.031 0.012 0.018 0.156 0.227 
  38 T E   0.008 0.569 0.001 0.032 0.012 0.017 0.152 0.209 
  39 P E   0.008 0.582 0.001 0.033 0.012 0.016 0.151 0.198 
  40 V E   0.008 0.588 0.001 0.034 0.011 0.015 0.150 0.192 
  41 P E   0.008 0.589 0.001 0.035 0.011 0.015 0.150 0.191 
  42 Q E   0.008 0.584 0.001 0.035 0.011 0.014 0.152 0.195 
  43 M E   0.009 0.573 0.001 0.036 0.010 0.014 0.154 0.204 
  44 L E   0.009 0.550 0.001 0.036 0.010 0.013 0.158 0.222 
  45 Q E   0.010 0.512 0.001 0.035 0.010 0.013 0.165 0.254 
  46 G E   0.011 0.453 0.002 0.034 0.011 0.013 0.174 0.302 
  47 L E   0.012 0.375 0.002 0.032 0.010 0.013 0.187 0.369 
  48 L _   0.013 0.285 0.002 0.028 0.009 0.013 0.202 0.447 
  49 G _   0.013 0.199 0.001 0.023 0.008 0.013 0.217 0.526 
  50 S _   0.013 0.129 0.001 0.018 0.006 0.011 0.230 0.592 
  51 D _   0.011 0.080 0.001 0.013 0.004 0.010 0.241 0.640 
  52 D _   0.010 0.048 0.000 0.009 0.003 0.008 0.248 0.673 
  53 E _   0.008 0.030 0.000 0.007 0.002 0.007 0.253 0.694 
  54 E _   0.007 0.019 0.000 0.005 0.001 0.006 0.255 0.707 
  55 Q _   0.005 0.014 0.000 0.004 0.001 0.005 0.255 0.715 
  56 E _   0.005 0.011 0.000 0.004 0.001 0.005 0.255 0.721 
  57 D _   0.004 0.009 0.000 0.003 0.001 0.005 0.252 0.725 
  58 P _   0.004 0.009 0.000 0.004 0.001 0.005 0.248 0.729 
  59 K _   0.003 0.009 0.000 0.004 0.001 0.005 0.243 0.733 
  60 D _   0.004 0.011 0.000 0.006 0.002 0.006 0.237 0.735 
  61 Y _   0.004 0.013 0.000 0.008 0.002 0.007 0.228 0.738 
  62 C _   0.004 0.017 0.000 0.011 0.003 0.009 0.219 0.738 
  63 K _   0.004 0.022 0.000 0.014 0.004 0.010 0.208 0.737 
  64 G _   0.005 0.029 0.001 0.018 0.005 0.012 0.196 0.735 
  65 G _   0.005 0.036 0.001 0.022 0.005 0.013 0.185 0.733 
  66 Y _   0.005 0.042 0.001 0.025 0.006 0.014 0.174 0.733 
  67 H _   0.005 0.047 0.001 0.028 0.007 0.015 0.164 0.734 
  68 P _   0.005 0.051 0.001 0.029 0.007 0.016 0.154 0.736 
  69 V _   0.006 0.054 0.001 0.030 0.008 0.017 0.146 0.739 
  70 K _   0.006 0.056 0.001 0.030 0.008 0.018 0.138 0.743 
  71 I _   0.007 0.057 0.001 0.029 0.009 0.019 0.131 0.748 
  72 G _   0.008 0.057 0.001 0.029 0.009 0.020 0.125 0.752 
  73 D _   0.009 0.056 0.001 0.028 0.010 0.021 0.120 0.756 
  74 V _   0.010 0.054 0.001 0.028 0.010 0.023 0.115 0.760 
  75 F _   0.011 0.052 0.001 0.027 0.011 0.024 0.110 0.765 
  76 N _   0.012 0.048 0.001 0.026 0.011 0.025 0.106 0.770 
  77 G _   0.014 0.044 0.001 0.025 0.011 0.027 0.102 0.777 
  78 R _   0.015 0.038 0.001 0.023 0.012 0.028 0.099 0.784 
  79 Y _   0.018 0.033 0.001 0.021 0.011 0.029 0.095 0.792 
  80 H _   0.021 0.026 0.001 0.018 0.011 0.031 0.092 0.801 
  81 V _   0.025 0.020 0.001 0.015 0.011 0.032 0.089 0.808 
  82 V _   0.030 0.014 0.001 0.012 0.010 0.034 0.086 0.813 
  83 R _   0.038 0.009 0.001 0.009 0.010 0.036 0.083 0.814 
  84 K _   0.048 0.006 0.001 0.007 0.010 0.039 0.080 0.809 
  85 L _   0.061 0.004 0.001 0.006 0.012 0.043 0.076 0.797 
  86 G _   0.077 0.003 0.001 0.005 0.015 0.048 0.073 0.778 
  87 W _   0.096 0.003 0.001 0.006 0.019 0.053 0.069 0.753 
  88 G _   0.117 0.003 0.001 0.007 0.025 0.058 0.066 0.722 
  89 H _   0.138 0.004 0.002 0.009 0.033 0.063 0.063 0.687 
  90 F _   0.158 0.006 0.002 0.012 0.040 0.067 0.061 0.654 
  91 S _   0.174 0.009 0.002 0.017 0.046 0.069 0.059 0.625 
  92 T _   0.183 0.012 0.002 0.021 0.049 0.069 0.057 0.607 
  93 V _   0.187 0.013 0.002 0.024 0.049 0.067 0.056 0.602 
  94 W _   0.184 0.014 0.002 0.025 0.046 0.063 0.056 0.610 
  95 L _   0.176 0.013 0.002 0.023 0.041 0.058 0.056 0.631 
  96 C _   0.164 0.011 0.002 0.019 0.034 0.052 0.056 0.662 
  97 W _   0.147 0.008 0.002 0.015 0.027 0.047 0.056 0.698 
  98 D _   0.129 0.006 0.001 0.011 0.020 0.042 0.056 0.736 
  99 I _   0.110 0.004 0.001 0.008 0.015 0.037 0.056 0.770 
 100 Q _   0.092 0.002 0.001 0.006 0.011 0.034 0.056 0.798 
 101 R _   0.078 0.002 0.001 0.005 0.009 0.031 0.056 0.818 
 102 K _   0.065 0.002 0.001 0.005 0.008 0.029 0.056 0.833 
 103 R _   0.055 0.003 0.001 0.006 0.008 0.028 0.056 0.842 
 104 F _   0.047 0.005 0.001 0.009 0.009 0.027 0.056 0.846 
 105 V _   0.041 0.008 0.001 0.012 0.010 0.026 0.055 0.847 
 106 A _   0.036 0.012 0.001 0.015 0.011 0.025 0.055 0.846 
 107 L _   0.031 0.015 0.001 0.017 0.011 0.024 0.055 0.845 
 108 K _   0.027 0.018 0.001 0.019 0.011 0.023 0.055 0.846 
 109 V _   0.024 0.021 0.001 0.019 0.010 0.022 0.054 0.849 
 110 V _   0.021 0.022 0.001 0.018 0.009 0.020 0.054 0.854 
 111 K _   0.019 0.023 0.001 0.017 0.008 0.019 0.054 0.860 
 112 S _   0.017 0.023 0.001 0.014 0.007 0.017 0.055 0.867 
 113 A _   0.016 0.022 0.001 0.012 0.006 0.016 0.055 0.872 
 114 G _   0.015 0.022 0.001 0.010 0.005 0.016 0.055 0.876 
 115 H _   0.014 0.023 0.001 0.009 0.005 0.016 0.055 0.879 
 116 Y _   0.014 0.024 0.001 0.008 0.005 0.016 0.055 0.878 
 117 T _   0.014 0.026 0.001 0.008 0.005 0.017 0.055 0.874 
 118 E _   0.015 0.031 0.001 0.010 0.006 0.019 0.054 0.865 
 119 T _   0.017 0.040 0.001 0.012 0.008 0.021 0.054 0.848 
 120 A _   0.018 0.053 0.001 0.017 0.010 0.023 0.053 0.825 
 121 V _   0.019 0.071 0.001 0.025 0.013 0.025 0.052 0.793 
 122 D _   0.021 0.093 0.001 0.034 0.016 0.027 0.051 0.756 
 123 E _   0.021 0.114 0.002 0.045 0.018 0.028 0.050 0.722 
 124 I _   0.022 0.128 0.002 0.054 0.019 0.027 0.050 0.697 
 125 K _   0.022 0.136 0.002 0.061 0.019 0.027 0.051 0.684 
 126 L _   0.021 0.137 0.001 0.063 0.018 0.025 0.052 0.683 
 127 L _   0.019 0.133 0.001 0.060 0.016 0.022 0.054 0.694 
 128 K _   0.017 0.122 0.001 0.053 0.014 0.020 0.056 0.717 
 129 C _   0.015 0.103 0.001 0.042 0.011 0.017 0.058 0.753 
 130 V _   0.013 0.076 0.001 0.030 0.008 0.014 0.061 0.798 
 131 R _   0.012 0.047 0.001 0.018 0.005 0.011 0.064 0.842 
 132 D _   0.010 0.024 0.000 0.010 0.003 0.008 0.066 0.878 
 133 S _   0.007 0.010 0.000 0.005 0.002 0.006 0.067 0.902 
 134 D _   0.006 0.004 0.000 0.003 0.001 0.005 0.067 0.914 
 135 P _   0.005 0.002 0.000 0.002 0.001 0.005 0.067 0.919 
 136 S _   0.004 0.001 0.000 0.002 0.001 0.005 0.066 0.921 
 137 D _   0.005 0.001 0.000 0.002 0.001 0.007 0.064 0.919 
 138 P _   0.007 0.001 0.000 0.004 0.002 0.010 0.062 0.913 
 139 K _   0.010 0.003 0.000 0.007 0.004 0.015 0.059 0.902 
 140 R _   0.013 0.006 0.001 0.013 0.006 0.020 0.055 0.885 
 141 E _   0.016 0.012 0.001 0.022 0.010 0.026 0.051 0.863 
 142 T _   0.020 0.018 0.001 0.031 0.015 0.031 0.046 0.838 
 143 I _   0.024 0.022 0.001 0.040 0.019 0.035 0.041 0.818 
 144 V _   0.029 0.025 0.002 0.045 0.022 0.037 0.037 0.803 
 145 Q _   0.035 0.026 0.002 0.046 0.024 0.038 0.033 0.797 
 146 L _   0.043 0.024 0.002 0.043 0.025 0.038 0.030 0.795 
 147 I _   0.054 0.021 0.002 0.036 0.024 0.038 0.027 0.798 
 148 D _   0.070 0.016 0.002 0.027 0.022 0.036 0.025 0.803 
 149 D _   0.090 0.009 0.002 0.018 0.019 0.033 0.022 0.806 
 150 F _   0.117 0.004 0.001 0.011 0.015 0.030 0.020 0.802 
 151 R _   0.148 0.001 0.001 0.006 0.012 0.026 0.018 0.788 
 152 I _   0.187 0.000 0.001 0.003 0.009 0.023 0.015 0.761 
 153 S _   0.235 0.000 0.001 0.002 0.008 0.020 0.013 0.721 
 154 G _   0.295 0.000 0.001 0.001 0.007 0.018 0.011 0.667 
 155 V _   0.373 0.000 0.001 0.001 0.008 0.017 0.009 0.592 
 156 N _   0.466 0.000 0.001 0.001 0.009 0.016 0.007 0.500 
 157 G H   0.567 0.000 0.001 0.001 0.011 0.015 0.005 0.399 
 158 V H   0.664 0.000 0.001 0.001 0.013 0.014 0.004 0.303 
 159 H H   0.742 0.000 0.001 0.001 0.015 0.013 0.003 0.225 
 160 V H   0.799 0.000 0.001 0.001 0.016 0.012 0.002 0.169 
 161 C H   0.837 0.000 0.001 0.001 0.017 0.011 0.002 0.131 
 162 M H   0.859 0.000 0.001 0.001 0.018 0.010 0.002 0.110 
 163 V H   0.869 0.000 0.001 0.001 0.018 0.010 0.002 0.100 
 164 L H   0.868 0.000 0.001 0.001 0.018 0.009 0.002 0.102 
 165 E H   0.855 0.000 0.001 0.001 0.018 0.009 0.002 0.114 
 166 V H   0.831 0.000 0.001 0.001 0.018 0.010 0.003 0.137 
 167 L H   0.792 0.000 0.001 0.001 0.018 0.010 0.003 0.174 
 168 G H   0.739 0.000 0.001 0.001 0.018 0.011 0.004 0.226 
 169 H H   0.671 0.000 0.001 0.001 0.017 0.012 0.006 0.291 
 170 Q H   0.591 0.000 0.001 0.002 0.016 0.013 0.009 0.368 
 171 L H   0.506 0.000 0.001 0.002 0.015 0.014 0.012 0.449 
 172 L _   0.419 0.000 0.001 0.003 0.013 0.015 0.015 0.532 
 173 K _   0.334 0.000 0.001 0.005 0.012 0.015 0.019 0.614 
 174 W _   0.257 0.000 0.001 0.005 0.010 0.015 0.023 0.688 
 175 I _   0.194 0.000 0.001 0.006 0.008 0.014 0.026 0.750 
 176 I _   0.143 0.000 0.001 0.006 0.007 0.013 0.029 0.801 
 177 K _   0.103 0.000 0.001 0.005 0.005 0.013 0.032 0.841 
 178 S _   0.074 0.000 0.001 0.004 0.004 0.012 0.034 0.870 
 179 N _   0.055 0.000 0.000 0.004 0.004 0.011 0.035 0.891 
 180 Y _   0.042 0.000 0.000 0.003 0.003 0.011 0.036 0.903 
 181 Q _   0.035 0.000 0.000 0.003 0.003 0.012 0.037 0.909 
 182 G _   0.032 0.000 0.000 0.003 0.003 0.014 0.038 0.911 
 183 L _   0.032 0.000 0.000 0.003 0.003 0.016 0.039 0.907 
 184 P _   0.034 0.001 0.000 0.003 0.004 0.020 0.039 0.898 
 185 V _   0.040 0.001 0.001 0.004 0.006 0.025 0.039 0.884 
 186 P _   0.048 0.003 0.001 0.005 0.010 0.032 0.039 0.862 
 187 C _   0.057 0.008 0.001 0.008 0.015 0.039 0.039 0.832 
 188 V _   0.067 0.018 0.002 0.013 0.023 0.047 0.038 0.792 
 189 K _   0.075 0.033 0.002 0.020 0.032 0.054 0.038 0.746 
 190 S _   0.081 0.051 0.002 0.028 0.040 0.058 0.038 0.701 
 191 I _   0.083 0.069 0.003 0.038 0.045 0.061 0.039 0.663 
 192 V _   0.083 0.083 0.003 0.046 0.048 0.061 0.039 0.638 
 193 R _   0.080 0.091 0.003 0.052 0.047 0.059 0.041 0.628 
 194 Q _   0.075 0.093 0.002 0.053 0.044 0.055 0.042 0.634 
 195 V _   0.068 0.092 0.002 0.051 0.039 0.051 0.045 0.652 
 196 L _   0.060 0.085 0.002 0.045 0.033 0.045 0.047 0.683 
 197 H _   0.051 0.074 0.002 0.036 0.026 0.039 0.050 0.723 
 198 G _   0.043 0.059 0.002 0.027 0.019 0.033 0.052 0.765 
 199 L _   0.036 0.042 0.001 0.019 0.014 0.029 0.055 0.804 
 200 D _   0.029 0.029 0.001 0.013 0.010 0.024 0.058 0.836 
 201 Y _   0.024 0.021 0.001 0.010 0.007 0.021 0.060 0.857 
 202 L _   0.020 0.015 0.001 0.008 0.006 0.019 0.061 0.870 
 203 H _   0.017 0.012 0.001 0.008 0.005 0.017 0.063 0.877 
 204 T _   0.015 0.010 0.001 0.009 0.005 0.016 0.064 0.880 
 205 K _   0.014 0.009 0.001 0.010 0.005 0.015 0.066 0.880 
 206 C _   0.013 0.008 0.001 0.011 0.005 0.014 0.067 0.880 
 207 K _   0.012 0.008 0.001 0.012 0.005 0.014 0.068 0.880 
 208 I _   0.011 0.007 0.001 0.012 0.005 0.013 0.070 0.881 
 209 I _   0.011 0.006 0.001 0.011 0.005 0.013 0.071 0.884 
 210 H _   0.010 0.004 0.001 0.009 0.004 0.012 0.072 0.887 
 211 T _   0.010 0.003 0.000 0.008 0.004 0.012 0.073 0.889 
 212 D _   0.011 0.002 0.000 0.006 0.004 0.013 0.074 0.891 
 213 I _   0.013 0.001 0.000 0.005 0.003 0.014 0.074 0.889 
 214 K _   0.016 0.001 0.000 0.004 0.004 0.016 0.075 0.884 
 215 P _   0.022 0.001 0.000 0.004 0.005 0.019 0.075 0.874 
 216 E _   0.030 0.001 0.001 0.004 0.006 0.024 0.076 0.859 
 217 N _   0.041 0.001 0.001 0.005 0.009 0.030 0.076 0.837 
 218 I _   0.055 0.003 0.001 0.007 0.013 0.036 0.076 0.809 
 219 L _   0.070 0.005 0.001 0.010 0.018 0.042 0.077 0.777 
 220 L _   0.085 0.008 0.002 0.013 0.023 0.048 0.077 0.744 
 221 C _   0.098 0.012 0.002 0.016 0.029 0.053 0.078 0.712 
 222 V _   0.109 0.016 0.002 0.019 0.034 0.057 0.079 0.684 
 223 G _   0.118 0.020 0.002 0.021 0.037 0.059 0.081 0.663 
 224 D _   0.124 0.023 0.002 0.022 0.039 0.059 0.083 0.647 
 225 A _   0.126 0.026 0.002 0.024 0.039 0.058 0.086 0.640 
 226 Y _   0.124 0.027 0.002 0.024 0.037 0.056 0.090 0.640 
 227 I _   0.119 0.028 0.002 0.024 0.034 0.053 0.094 0.647 
 228 R _   0.109 0.028 0.002 0.024 0.030 0.049 0.098 0.660 
 229 R _   0.097 0.028 0.002 0.023 0.026 0.044 0.103 0.677 
 230 L _   0.084 0.026 0.002 0.022 0.021 0.039 0.109 0.696 
 231 A _   0.070 0.025 0.001 0.021 0.017 0.034 0.114 0.716 
 232 A _   0.058 0.023 0.001 0.020 0.014 0.030 0.119 0.735 
 233 E _   0.047 0.021 0.001 0.018 0.011 0.025 0.125 0.753 
 234 A _   0.037 0.018 0.001 0.017 0.008 0.021 0.130 0.768 
 235 T _   0.029 0.016 0.001 0.015 0.007 0.018 0.135 0.781 
 236 E _   0.022 0.013 0.001 0.013 0.005 0.015 0.139 0.792 
 237 W _   0.017 0.011 0.001 0.011 0.004 0.012 0.143 0.801 
 238 Q _   0.014 0.009 0.000 0.009 0.003 0.010 0.146 0.809 
 239 Q _   0.011 0.008 0.000 0.007 0.003 0.008 0.149 0.815 
 240 A _   0.008 0.007 0.000 0.005 0.002 0.007 0.151 0.819 
 241 G _   0.007 0.006 0.000 0.004 0.002 0.006 0.153 0.821 
 242 A _   0.006 0.006 0.000 0.004 0.002 0.006 0.154 0.822 
 243 P _   0.006 0.007 0.000 0.003 0.002 0.007 0.154 0.822 
 244 P _   0.006 0.008 0.000 0.004 0.002 0.008 0.154 0.818 
 245 P _   0.007 0.012 0.000 0.005 0.002 0.009 0.153 0.810 
 246 S _   0.008 0.021 0.000 0.007 0.004 0.012 0.152 0.795 
 247 R _   0.010 0.038 0.001 0.011 0.006 0.015 0.150 0.769 
 248 S _   0.012 0.068 0.001 0.018 0.009 0.019 0.147 0.727 
 249 I _   0.013 0.116 0.001 0.027 0.013 0.022 0.143 0.666 
 250 V _   0.013 0.172 0.002 0.036 0.016 0.024 0.139 0.598 
 251 S _   0.013 0.224 0.002 0.046 0.018 0.025 0.135 0.538 
 252 T _   0.013 0.265 0.002 0.054 0.019 0.025 0.133 0.490 
 253 A _   0.012 0.291 0.002 0.061 0.019 0.025 0.132 0.458 
 254 P _   0.012 0.305 0.001 0.065 0.018 0.024 0.132 0.442 
 255 Q _   0.012 0.310 0.001 0.066 0.018 0.023 0.134 0.436 
 256 E _   0.012 0.308 0.001 0.063 0.016 0.021 0.137 0.441 
 257 V _   0.012 0.298 0.001 0.058 0.014 0.019 0.141 0.456 
 258 L _   0.012 0.277 0.001 0.050 0.013 0.018 0.146 0.482 
 259 Q _   0.012 0.244 0.001 0.041 0.011 0.016 0.154 0.521 
 260 T _   0.012 0.200 0.001 0.032 0.009 0.014 0.163 0.569 
 261 G _   0.012 0.152 0.001 0.024 0.007 0.013 0.172 0.620 
 262 K _   0.011 0.109 0.001 0.017 0.005 0.011 0.180 0.664 
 263 L _   0.010 0.078 0.001 0.012 0.004 0.010 0.187 0.698 
 264 S _   0.009 0.057 0.000 0.009 0.003 0.009 0.193 0.720 
 265 K _   0.008 0.045 0.000 0.007 0.002 0.008 0.197 0.734 
 266 N _   0.007 0.038 0.000 0.006 0.002 0.007 0.199 0.741 
 267 K _   0.007 0.034 0.000 0.005 0.002 0.007 0.200 0.745 
 268 R _   0.007 0.032 0.000 0.005 0.002 0.007 0.201 0.747 
 269 K _   0.006 0.031 0.000 0.006 0.002 0.006 0.200 0.749 
 270 K _   0.006 0.031 0.000 0.006 0.002 0.007 0.199 0.749 
 271 M _   0.006 0.032 0.000 0.006 0.002 0.007 0.197 0.750 
 272 R _   0.005 0.034 0.000 0.007 0.002 0.007 0.194 0.751 
 273 R _   0.005 0.037 0.000 0.007 0.002 0.007 0.191 0.751 
 274 K _   0.005 0.041 0.000 0.008 0.002 0.007 0.186 0.750 
 275 R _   0.005 0.047 0.000 0.008 0.002 0.008 0.181 0.748 
 276 K _   0.005 0.055 0.000 0.010 0.003 0.008 0.175 0.743 
 277 Q _   0.005 0.067 0.000 0.011 0.003 0.009 0.169 0.735 
 278 Q _   0.005 0.081 0.001 0.014 0.004 0.010 0.162 0.724 
 279 K _   0.005 0.099 0.001 0.016 0.004 0.010 0.155 0.710 
 280 R _   0.005 0.117 0.001 0.018 0.005 0.011 0.148 0.695 
 281 L _   0.005 0.136 0.001 0.020 0.005 0.011 0.141 0.682 
 282 L _   0.005 0.152 0.001 0.020 0.005 0.011 0.135 0.671 
 283 E _   0.005 0.165 0.001 0.020 0.005 0.011 0.129 0.665 
 284 E _   0.005 0.175 0.001 0.019 0.005 0.011 0.125 0.660 
 285 R _   0.005 0.184 0.001 0.017 0.004 0.011 0.120 0.658 
 286 L _   0.005 0.192 0.001 0.015 0.004 0.011 0.116 0.656 
 287 R _   0.005 0.200 0.001 0.014 0.004 0.011 0.112 0.653 
 288 D _   0.006 0.209 0.001 0.014 0.005 0.012 0.108 0.646 
 289 L _   0.006 0.222 0.001 0.015 0.005 0.013 0.104 0.635 
 290 Q _   0.007 0.237 0.001 0.017 0.006 0.013 0.099 0.619 
 291 R _   0.008 0.256 0.001 0.020 0.007 0.014 0.095 0.599 
 292 L _   0.008 0.275 0.001 0.024 0.008 0.014 0.091 0.579 
 293 E _   0.008 0.292 0.001 0.027 0.008 0.014 0.088 0.561 
 294 A _   0.008 0.305 0.001 0.030 0.008 0.014 0.085 0.550 
 295 M _   0.008 0.312 0.001 0.031 0.008 0.013 0.083 0.544 
 296 E _   0.007 0.315 0.001 0.030 0.008 0.012 0.081 0.545 
 297 A _   0.007 0.314 0.001 0.028 0.007 0.011 0.080 0.551 
 298 A _   0.007 0.309 0.001 0.025 0.006 0.011 0.080 0.562 
 299 T _   0.007 0.300 0.001 0.021 0.005 0.010 0.079 0.577 
 300 Q _   0.006 0.288 0.001 0.018 0.005 0.009 0.079 0.594 
 301 A _   0.006 0.275 0.001 0.015 0.004 0.008 0.080 0.612 
 302 E _   0.006 0.263 0.000 0.012 0.003 0.007 0.080 0.628 
 303 D _   0.005 0.254 0.000 0.010 0.003 0.007 0.080 0.641 
 304 S _   0.005 0.248 0.000 0.009 0.002 0.007 0.079 0.649 
 305 G _   0.005 0.244 0.000 0.009 0.002 0.006 0.079 0.655 
 306 L _   0.005 0.242 0.000 0.009 0.002 0.006 0.078 0.657 
 307 R _   0.004 0.243 0.000 0.009 0.002 0.006 0.077 0.658 
 308 L _   0.004 0.245 0.000 0.010 0.002 0.006 0.076 0.656 
 309 D _   0.004 0.248 0.000 0.011 0.003 0.006 0.075 0.653 
 310 G _   0.004 0.252 0.000 0.012 0.003 0.006 0.073 0.650 
 311 G _   0.004 0.258 0.000 0.012 0.003 0.006 0.071 0.646 
 312 S _   0.003 0.263 0.000 0.012 0.003 0.006 0.069 0.642 
 313 G _   0.003 0.269 0.000 0.013 0.003 0.006 0.067 0.638 
 314 S _   0.003 0.275 0.000 0.013 0.003 0.006 0.065 0.634 
 315 T _   0.003 0.282 0.000 0.013 0.003 0.006 0.063 0.629 
 316 S _   0.003 0.290 0.000 0.013 0.003 0.006 0.061 0.623 
 317 S _   0.003 0.299 0.000 0.014 0.003 0.007 0.059 0.614 
 318 S _   0.003 0.311 0.000 0.015 0.003 0.007 0.057 0.604 
 319 G _   0.003 0.323 0.000 0.017 0.003 0.007 0.055 0.591 
 320 C _   0.003 0.338 0.000 0.019 0.004 0.007 0.053 0.576 
 321 H _   0.003 0.352 0.001 0.021 0.004 0.007 0.051 0.562 
 322 P _   0.003 0.364 0.001 0.023 0.004 0.008 0.049 0.549 
 323 G _   0.003 0.375 0.001 0.024 0.004 0.008 0.048 0.538 
 324 G _   0.003 0.382 0.000 0.024 0.004 0.007 0.047 0.532 
 325 A _   0.003 0.387 0.000 0.023 0.004 0.007 0.046 0.529 
 326 R _   0.003 0.388 0.000 0.022 0.004 0.007 0.046 0.530 
 327 A _   0.003 0.386 0.000 0.020 0.003 0.007 0.046 0.535 
 328 G _   0.003 0.383 0.000 0.017 0.003 0.006 0.046 0.542 
 329 P _   0.003 0.378 0.000 0.014 0.003 0.006 0.046 0.550 
 330 S _   0.003 0.373 0.000 0.011 0.002 0.006 0.046 0.558 
 331 P _   0.003 0.370 0.000 0.010 0.002 0.006 0.046 0.564 
 332 A _   0.003 0.368 0.000 0.008 0.002 0.006 0.046 0.567 
 333 S _   0.003 0.369 0.000 0.008 0.002 0.006 0.045 0.567 
 334 S _   0.003 0.374 0.000 0.008 0.002 0.006 0.044 0.562 
 335 S _   0.003 0.383 0.000 0.009 0.002 0.007 0.043 0.553 
 336 P _   0.003 0.398 0.000 0.011 0.003 0.007 0.041 0.537 
 337 A _   0.003 0.420 0.000 0.013 0.003 0.008 0.038 0.515 
 338 P _   0.003 0.449 0.001 0.016 0.004 0.008 0.034 0.485 
 339 G E   0.003 0.485 0.001 0.018 0.004 0.008 0.031 0.450 
 340 G E   0.003 0.524 0.001 0.020 0.004 0.008 0.027 0.413 
 341 G E   0.003 0.563 0.001 0.020 0.004 0.008 0.023 0.378 
 342 R E   0.002 0.599 0.001 0.020 0.004 0.007 0.020 0.346 
 343 S E   0.002 0.631 0.001 0.019 0.004 0.007 0.018 0.319 
 344 L E   0.002 0.658 0.001 0.018 0.004 0.006 0.015 0.296 
 345 S E   0.002 0.682 0.000 0.017 0.004 0.006 0.013 0.276 
 346 A E   0.002 0.704 0.000 0.016 0.003 0.005 0.012 0.258 
 347 G E   0.002 0.724 0.000 0.014 0.003 0.005 0.011 0.241 
 348 S E   0.002 0.742 0.000 0.013 0.003 0.005 0.009 0.225 
 349 Q E   0.002 0.759 0.000 0.013 0.003 0.005 0.008 0.210 
 350 T E   0.002 0.774 0.000 0.012 0.003 0.005 0.008 0.197 
 351 S E   0.001 0.787 0.000 0.011 0.003 0.004 0.007 0.185 
 352 G E   0.001 0.798 0.000 0.011 0.003 0.004 0.006 0.175 
 353 F E   0.002 0.807 0.000 0.011 0.003 0.004 0.006 0.167 
 354 S E   0.002 0.813 0.000 0.010 0.003 0.004 0.006 0.162 
 355 G E   0.002 0.817 0.000 0.010 0.003 0.005 0.005 0.158 
 356 S E   0.002 0.820 0.000 0.009 0.003 0.005 0.005 0.155 
 357 L E   0.002 0.821 0.000 0.009 0.003 0.005 0.005 0.154 
 358 F E   0.002 0.820 0.000 0.010 0.003 0.005 0.005 0.154 
 359 S E   0.003 0.818 0.000 0.010 0.004 0.005 0.005 0.155 
 360 P E   0.003 0.815 0.000 0.011 0.004 0.006 0.005 0.156 
 361 A E   0.003 0.810 0.000 0.012 0.004 0.006 0.005 0.159 
 362 S E   0.003 0.801 0.000 0.013 0.005 0.006 0.006 0.165 
 363 C E   0.004 0.789 0.001 0.014 0.005 0.007 0.006 0.175 
 364 S E   0.004 0.771 0.001 0.016 0.006 0.007 0.007 0.189 
 365 I E   0.005 0.745 0.001 0.017 0.006 0.008 0.007 0.211 
 366 L E   0.006 0.708 0.001 0.018 0.007 0.008 0.009 0.243 
 367 S E   0.006 0.662 0.001 0.019 0.007 0.009 0.010 0.286 
 368 G E   0.007 0.608 0.001 0.019 0.008 0.010 0.012 0.336 
 369 S E   0.008 0.552 0.001 0.018 0.007 0.011 0.014 0.389 
 370 S E   0.008 0.498 0.001 0.017 0.007 0.011 0.016 0.442 
 371 N _   0.008 0.453 0.001 0.016 0.006 0.011 0.018 0.487 
 372 Q _   0.008 0.416 0.001 0.015 0.005 0.011 0.020 0.524 
 373 R _   0.008 0.388 0.001 0.014 0.005 0.011 0.021 0.552 
 374 E _   0.007 0.367 0.001 0.013 0.004 0.011 0.023 0.575 
 375 T _   0.007 0.350 0.001 0.012 0.004 0.010 0.024 0.592 
 376 G _   0.006 0.338 0.000 0.012 0.004 0.010 0.025 0.605 
 377 G _   0.006 0.328 0.000 0.012 0.004 0.010 0.026 0.615 
 378 L _   0.006 0.320 0.000 0.011 0.004 0.010 0.026 0.623 
 379 L _   0.006 0.313 0.000 0.011 0.004 0.009 0.027 0.630 
 380 S _   0.005 0.308 0.000 0.011 0.004 0.009 0.027 0.635 
 381 P _   0.005 0.303 0.000 0.012 0.004 0.010 0.028 0.638 
 382 S _   0.005 0.301 0.000 0.012 0.004 0.010 0.028 0.640 
 383 T _   0.005 0.299 0.001 0.014 0.004 0.010 0.028 0.638 
 384 P _   0.006 0.299 0.001 0.016 0.005 0.011 0.029 0.635 
 385 F _   0.006 0.299 0.001 0.018 0.005 0.011 0.029 0.631 
 386 G _   0.006 0.299 0.001 0.021 0.006 0.011 0.029 0.626 
 387 A _   0.007 0.298 0.001 0.024 0.007 0.012 0.030 0.622 
 388 S _   0.007 0.295 0.001 0.026 0.007 0.012 0.031 0.622 
 389 N _   0.007 0.288 0.001 0.028 0.007 0.012 0.032 0.626 
 390 L _   0.007 0.277 0.001 0.028 0.007 0.011 0.033 0.635 
 391 L _   0.008 0.260 0.001 0.027 0.007 0.011 0.035 0.652 
 392 V _   0.008 0.237 0.001 0.025 0.006 0.010 0.037 0.676 
 393 N _   0.008 0.207 0.001 0.022 0.006 0.010 0.040 0.707 
 394 P _   0.008 0.174 0.001 0.018 0.005 0.009 0.042 0.743 
 395 L _   0.008 0.144 0.001 0.014 0.004 0.009 0.045 0.777 
 396 E _   0.007 0.118 0.000 0.010 0.003 0.008 0.046 0.806 
 397 P _   0.006 0.101 0.000 0.008 0.002 0.007 0.048 0.827 
 398 Q _   0.005 0.091 0.000 0.006 0.002 0.007 0.049 0.840 
 399 N _   0.005 0.086 0.000 0.005 0.002 0.007 0.049 0.846 
 400 A _   0.005 0.085 0.000 0.005 0.002 0.007 0.049 0.847 
 401 D _   0.005 0.087 0.000 0.006 0.002 0.008 0.048 0.844 
 402 K _   0.005 0.093 0.000 0.008 0.003 0.009 0.047 0.835 
 403 I _   0.006 0.104 0.000 0.011 0.004 0.010 0.045 0.820 
 404 K _   0.006 0.120 0.001 0.015 0.005 0.012 0.044 0.799 
 405 I _   0.006 0.140 0.001 0.019 0.006 0.013 0.042 0.774 
 406 K _   0.006 0.160 0.001 0.023 0.007 0.014 0.039 0.749 
 407 I _   0.006 0.179 0.001 0.027 0.008 0.015 0.038 0.726 
 408 A _   0.007 0.194 0.001 0.031 0.009 0.016 0.036 0.707 
 409 D _   0.007 0.205 0.001 0.033 0.010 0.017 0.035 0.693 
 410 L _   0.007 0.212 0.001 0.034 0.010 0.018 0.034 0.684 
 411 G _   0.008 0.216 0.001 0.035 0.011 0.018 0.033 0.679 
 412 N _   0.009 0.217 0.001 0.034 0.011 0.018 0.033 0.677 
 413 A _   0.009 0.214 0.001 0.033 0.011 0.018 0.033 0.680 
 414 C _   0.010 0.209 0.001 0.032 0.011 0.018 0.033 0.687 
 415 W _   0.010 0.201 0.001 0.030 0.011 0.018 0.033 0.696 
 416 V _   0.011 0.189 0.001 0.028 0.010 0.018 0.034 0.710 
 417 H _   0.011 0.174 0.001 0.025 0.010 0.018 0.035 0.727 
 418 K _   0.012 0.155 0.001 0.023 0.009 0.017 0.036 0.747 
 419 H _   0.012 0.135 0.001 0.020 0.009 0.017 0.037 0.770 
 420 F _   0.012 0.115 0.001 0.017 0.008 0.016 0.038 0.793 
 421 T _   0.012 0.096 0.001 0.015 0.007 0.016 0.039 0.815 
 422 E _   0.012 0.080 0.001 0.012 0.006 0.016 0.040 0.833 
 423 D _   0.012 0.068 0.001 0.010 0.005 0.016 0.041 0.848 
 424 I _   0.012 0.059 0.001 0.009 0.005 0.016 0.041 0.857 
 425 Q _   0.013 0.054 0.001 0.008 0.005 0.017 0.042 0.861 
 426 T _   0.014 0.051 0.001 0.008 0.006 0.019 0.042 0.860 
 427 R _   0.016 0.050 0.001 0.009 0.007 0.021 0.042 0.854 
 428 Q _   0.018 0.051 0.001 0.012 0.009 0.023 0.042 0.844 
 429 Y _   0.020 0.054 0.001 0.015 0.011 0.025 0.042 0.831 
 430 R _   0.022 0.058 0.001 0.020 0.013 0.027 0.042 0.815 
 431 A _   0.025 0.062 0.001 0.026 0.016 0.029 0.043 0.799 
 432 V _   0.026 0.065 0.001 0.032 0.018 0.029 0.043 0.784 
 433 E _   0.028 0.067 0.001 0.036 0.019 0.029 0.044 0.776 
 434 V _   0.029 0.066 0.001 0.037 0.018 0.028 0.044 0.776 
 435 L _   0.029 0.062 0.001 0.035 0.017 0.027 0.046 0.783 
 436 I _   0.029 0.054 0.001 0.031 0.015 0.025 0.047 0.798 
 437 G _   0.030 0.042 0.001 0.024 0.012 0.022 0.049 0.818 
 438 A _   0.032 0.028 0.001 0.017 0.010 0.020 0.051 0.842 
 439 E _   0.033 0.015 0.001 0.011 0.007 0.018 0.052 0.863 
 440 Y _   0.038 0.006 0.001 0.006 0.005 0.017 0.053 0.876 
 441 G _   0.045 0.002 0.000 0.003 0.004 0.016 0.054 0.877 
 442 P _   0.057 0.000 0.000 0.002 0.003 0.016 0.054 0.867 
 443 P _   0.081 0.000 0.000 0.001 0.004 0.018 0.054 0.842 
 444 A _   0.117 0.000 0.001 0.001 0.005 0.022 0.054 0.799 
 445 D _   0.172 0.000 0.001 0.001 0.009 0.029 0.053 0.735 
 446 I _   0.245 0.000 0.001 0.002 0.016 0.037 0.053 0.647 
 447 W _   0.318 0.001 0.002 0.003 0.027 0.047 0.053 0.550 
 448 S _   0.383 0.002 0.002 0.005 0.042 0.055 0.053 0.458 
 449 T H   0.433 0.006 0.003 0.008 0.056 0.061 0.054 0.379 
 450 A H   0.463 0.013 0.003 0.013 0.067 0.064 0.057 0.321 
 451 C H   0.478 0.020 0.003 0.018 0.074 0.064 0.061 0.283 
 452 M H   0.479 0.026 0.003 0.023 0.076 0.062 0.066 0.265 
 453 A H   0.466 0.030 0.003 0.027 0.076 0.059 0.072 0.267 
 454 F H   0.444 0.031 0.003 0.028 0.072 0.055 0.081 0.286 
 455 E H   0.408 0.030 0.003 0.028 0.064 0.050 0.091 0.326 
 456 L _   0.360 0.027 0.003 0.025 0.052 0.045 0.104 0.384 
 457 A _   0.300 0.022 0.003 0.022 0.039 0.038 0.119 0.456 
 458 T _   0.238 0.016 0.002 0.018 0.027 0.032 0.135 0.531 
 459 G _   0.181 0.011 0.002 0.015 0.018 0.026 0.151 0.597 
 460 D _   0.132 0.008 0.001 0.013 0.011 0.022 0.165 0.648 
 461 Y _   0.094 0.005 0.001 0.011 0.007 0.017 0.178 0.686 
 462 L _   0.065 0.004 0.001 0.009 0.005 0.014 0.189 0.713 
 463 F _   0.044 0.002 0.000 0.008 0.004 0.011 0.198 0.732 
 464 E _   0.029 0.002 0.000 0.007 0.003 0.009 0.206 0.744 
 465 P _   0.020 0.001 0.000 0.006 0.002 0.007 0.211 0.753 
 466 H _   0.013 0.001 0.000 0.004 0.002 0.006 0.216 0.759 
 467 S _   0.009 0.000 0.000 0.003 0.001 0.005 0.218 0.763 
 468 G _   0.006 0.000 0.000 0.003 0.001 0.004 0.220 0.765 
 469 E _   0.005 0.000 0.000 0.002 0.001 0.004 0.221 0.767 
 470 D _   0.004 0.000 0.000 0.002 0.001 0.004 0.220 0.768 
 471 Y _   0.004 0.000 0.000 0.002 0.001 0.005 0.219 0.769 
 472 S _   0.005 0.001 0.000 0.002 0.001 0.007 0.217 0.767 
 473 R _   0.007 0.002 0.000 0.003 0.002 0.010 0.213 0.762 
 474 D _   0.010 0.006 0.000 0.005 0.004 0.016 0.208 0.751 
 475 E _   0.015 0.017 0.001 0.009 0.007 0.024 0.202 0.725 
 476 D _   0.022 0.041 0.001 0.017 0.014 0.033 0.192 0.680 
 477 H _   0.028 0.083 0.002 0.027 0.022 0.042 0.181 0.615 
 478 I _   0.032 0.137 0.002 0.040 0.029 0.048 0.170 0.541 
 479 A _   0.035 0.183 0.002 0.051 0.034 0.052 0.161 0.482 
 480 H _   0.037 0.214 0.002 0.059 0.037 0.053 0.154 0.445 
 481 I _   0.038 0.231 0.002 0.063 0.038 0.053 0.149 0.426 
 482 V _   0.039 0.238 0.002 0.062 0.038 0.052 0.146 0.422 
 483 E _   0.040 0.238 0.002 0.058 0.036 0.050 0.144 0.432 
 484 L _   0.040 0.231 0.002 0.050 0.033 0.047 0.144 0.454 
 485 L _   0.039 0.217 0.002 0.041 0.029 0.044 0.144 0.484 
 486 G _   0.038 0.197 0.002 0.032 0.025 0.041 0.144 0.520 
 487 D _   0.037 0.174 0.002 0.025 0.021 0.038 0.145 0.559 
 488 I _   0.034 0.153 0.001 0.020 0.017 0.035 0.147 0.594 
 489 P _   0.031 0.136 0.001 0.016 0.014 0.032 0.148 0.621 
 490 P _   0.029 0.124 0.001 0.015 0.011 0.029 0.149 0.642 
 491 A _   0.026 0.116 0.001 0.014 0.010 0.026 0.150 0.657 
 492 F _   0.023 0.109 0.001 0.014 0.009 0.024 0.151 0.670 
 493 A _   0.020 0.103 0.001 0.014 0.008 0.022 0.152 0.680 
 494 L _   0.018 0.097 0.001 0.014 0.007 0.020 0.152 0.691 
 495 S _   0.015 0.092 0.001 0.013 0.007 0.018 0.153 0.700 
 496 G _   0.013 0.088 0.001 0.013 0.006 0.017 0.153 0.709 
 497 R _   0.012 0.083 0.001 0.013 0.006 0.016 0.154 0.716 
 498 Y _   0.011 0.079 0.001 0.012 0.006 0.015 0.154 0.723 
 499 S _   0.010 0.075 0.001 0.012 0.005 0.014 0.155 0.728 
 500 R _   0.009 0.072 0.001 0.013 0.005 0.013 0.155 0.731 
 501 E _   0.009 0.069 0.001 0.013 0.005 0.013 0.156 0.733 
 502 F _   0.009 0.066 0.001 0.014 0.006 0.013 0.157 0.735 
 503 F _   0.009 0.064 0.001 0.015 0.006 0.013 0.158 0.737 
 504 N _   0.008 0.061 0.001 0.015 0.006 0.012 0.159 0.738 
 505 R _   0.008 0.058 0.001 0.015 0.006 0.012 0.160 0.739 
 506 R _   0.008 0.055 0.001 0.015 0.006 0.012 0.161 0.742 
 507 G _   0.008 0.051 0.001 0.014 0.005 0.012 0.163 0.746 
 508 E _   0.008 0.046 0.001 0.012 0.005 0.012 0.165 0.751 
 509 L _   0.008 0.042 0.001 0.010 0.005 0.012 0.167 0.756 
 510 R _   0.008 0.038 0.001 0.009 0.004 0.012 0.169 0.760 
 511 H _   0.009 0.035 0.000 0.007 0.004 0.012 0.170 0.762 
 512 I _   0.010 0.033 0.000 0.007 0.004 0.013 0.172 0.761 
 513 H _   0.011 0.033 0.000 0.007 0.004 0.015 0.173 0.757 
 514 N _   0.013 0.034 0.001 0.008 0.006 0.017 0.174 0.748 
 515 L _   0.015 0.037 0.001 0.010 0.007 0.020 0.175 0.735 
 516 K _   0.018 0.043 0.001 0.014 0.010 0.023 0.176 0.715 
 517 H _   0.020 0.051 0.001 0.019 0.013 0.025 0.177 0.693 
 518 W _   0.022 0.060 0.001 0.026 0.016 0.027 0.178 0.669 
 519 G _   0.022 0.068 0.001 0.034 0.018 0.028 0.180 0.648 
 520 L _   0.023 0.073 0.001 0.039 0.019 0.029 0.183 0.632 
 521 Y _   0.023 0.075 0.001 0.042 0.019 0.028 0.187 0.624 
 522 E _   0.022 0.074 0.001 0.042 0.018 0.027 0.191 0.624 
 523 V _   0.021 0.070 0.001 0.038 0.016 0.025 0.197 0.631 
 524 L _   0.020 0.062 0.001 0.032 0.014 0.023 0.203 0.645 
 525 M _   0.018 0.050 0.001 0.025 0.011 0.021 0.210 0.663 
 526 E _   0.017 0.036 0.001 0.018 0.009 0.019 0.218 0.683 
 527 K _   0.015 0.024 0.001 0.012 0.007 0.017 0.225 0.700 
 528 Y _   0.014 0.014 0.001 0.008 0.005 0.016 0.231 0.711 
 529 E _   0.013 0.008 0.000 0.006 0.004 0.015 0.237 0.717 
 530 W _   0.013 0.005 0.000 0.004 0.003 0.016 0.242 0.717 
 531 P _   0.015 0.004 0.000 0.004 0.003 0.017 0.246 0.712 
 532 L _   0.018 0.004 0.000 0.004 0.004 0.019 0.249 0.703 
 533 E _   0.022 0.004 0.001 0.004 0.005 0.023 0.252 0.690 
 534 Q _   0.029 0.005 0.001 0.005 0.007 0.027 0.255 0.671 
 535 A _   0.037 0.008 0.001 0.007 0.011 0.033 0.258 0.646 
 536 T _   0.047 0.013 0.001 0.010 0.017 0.039 0.261 0.613 
 537 Q _   0.056 0.022 0.002 0.014 0.024 0.045 0.264 0.573 
 538 F _   0.065 0.034 0.002 0.020 0.033 0.050 0.268 0.528 
 539 S _   0.073 0.049 0.002 0.027 0.040 0.053 0.274 0.484 
 540 A _   0.077 0.063 0.002 0.035 0.044 0.054 0.281 0.444 
 541 F _   0.079 0.073 0.003 0.042 0.046 0.053 0.290 0.414 
 542 L _   0.078 0.080 0.003 0.048 0.045 0.051 0.301 0.395 
 543 L _   0.074 0.082 0.002 0.050 0.042 0.047 0.315 0.387 
 544 P _   0.068 0.081 0.002 0.048 0.037 0.042 0.332 0.389 
 545 M _   0.061 0.076 0.002 0.042 0.031 0.037 0.352 0.399 
 546 M _   0.052 0.066 0.002 0.035 0.023 0.031 0.373 0.418 
 547 E _   0.042 0.053 0.002 0.026 0.017 0.026 0.396 0.439 
 548 Y _   0.033 0.040 0.001 0.018 0.011 0.021 0.418 0.458 
 549 I _   0.025 0.029 0.001 0.012 0.007 0.017 0.437 0.471 
 550 P _   0.019 0.022 0.001 0.008 0.005 0.014 0.453 0.478 
 551 E _   0.014 0.019 0.000 0.006 0.003 0.012 0.467 0.478 
 552 K X   0.011 0.017 0.000 0.005 0.003 0.011 0.478 0.474 
 553 R X   0.009 0.017 0.000 0.006 0.003 0.010 0.488 0.466 
 554 A X   0.008 0.017 0.000 0.007 0.003 0.010 0.498 0.456 
 555 S X   0.008 0.019 0.000 0.010 0.004 0.011 0.507 0.442 
 556 A X   0.008 0.021 0.001 0.014 0.004 0.011 0.516 0.426 
 557 A X   0.007 0.023 0.001 0.018 0.005 0.011 0.525 0.410 
 558 D X   0.007 0.025 0.001 0.021 0.005 0.011 0.535 0.395 
 559 C X   0.006 0.026 0.001 0.022 0.005 0.010 0.546 0.384 
 560 L X   0.005 0.026 0.001 0.022 0.005 0.009 0.557 0.376 
 561 Q X   0.004 0.025 0.000 0.020 0.004 0.007 0.569 0.370 
 562 H X   0.003 0.022 0.000 0.016 0.003 0.005 0.583 0.367 
 563 P X   0.002 0.018 0.000 0.011 0.002 0.003 0.596 0.367 
 564 W X   0.001 0.013 0.000 0.006 0.001 0.001 0.607 0.371 
 565 L X   0.000 0.009 0.000 0.003 0.000 0.000 0.611 0.376 
 566 N X   0.000 0.007 0.000 0.003 0.000 0.000 0.609 0.379 
 567 P X   0.002 0.007 0.001 0.009 0.002 0.002 0.599 0.377 
