#TopoPred_TM8: 8-state transmembrane topology prediction results by no_profile mode 
#probabilities are in the order of H E C I L F X _, the 8 transmembrane topology types used in PDBTM 
   1 M X   0.008 0.001 0.002 0.043 0.007 0.007 0.853 0.080 
   2 A X   0.003 0.000 0.000 0.023 0.001 0.003 0.878 0.091 
   3 D X   0.001 0.000 0.000 0.011 0.000 0.001 0.885 0.101 
   4 P X   0.001 0.000 0.000 0.007 0.000 0.001 0.885 0.106 
   5 A X   0.001 0.000 0.000 0.005 0.000 0.002 0.881 0.111 
   6 A X   0.001 0.001 0.000 0.004 0.000 0.002 0.875 0.117 
   7 G X   0.001 0.001 0.000 0.004 0.001 0.003 0.866 0.125 
   8 P X   0.001 0.002 0.000 0.004 0.001 0.003 0.853 0.135 
   9 P X   0.002 0.005 0.000 0.005 0.001 0.005 0.833 0.149 
  10 P X   0.002 0.009 0.000 0.008 0.002 0.007 0.806 0.165 
  11 S X   0.003 0.019 0.001 0.013 0.003 0.010 0.769 0.183 
  12 E X   0.004 0.036 0.001 0.020 0.006 0.013 0.722 0.199 
  13 G X   0.004 0.064 0.001 0.029 0.009 0.017 0.664 0.211 
  14 E X   0.005 0.105 0.002 0.040 0.012 0.020 0.600 0.217 
  15 E X   0.005 0.152 0.002 0.050 0.014 0.022 0.536 0.218 
  16 S X   0.005 0.199 0.002 0.059 0.015 0.023 0.480 0.218 
  17 T X   0.005 0.237 0.002 0.065 0.016 0.023 0.434 0.218 
  18 V X   0.005 0.265 0.002 0.069 0.015 0.022 0.401 0.223 
  19 R X   0.005 0.281 0.001 0.070 0.015 0.021 0.375 0.232 
  20 F X   0.005 0.290 0.001 0.069 0.014 0.020 0.356 0.246 
  21 A X   0.005 0.292 0.001 0.064 0.013 0.018 0.341 0.265 
  22 R X   0.005 0.290 0.001 0.058 0.012 0.017 0.330 0.287 
  23 K X   0.005 0.282 0.001 0.050 0.011 0.016 0.320 0.315 
  24 G _   0.006 0.268 0.001 0.042 0.009 0.015 0.313 0.346 
  25 A _   0.006 0.248 0.001 0.035 0.008 0.013 0.307 0.382 
  26 L _   0.006 0.224 0.001 0.028 0.007 0.012 0.302 0.420 
  27 R _   0.006 0.198 0.001 0.022 0.006 0.012 0.298 0.458 
  28 Q _   0.006 0.174 0.001 0.017 0.005 0.011 0.294 0.492 
  29 K _   0.006 0.153 0.001 0.014 0.004 0.010 0.290 0.522 
  30 N _   0.006 0.137 0.001 0.011 0.004 0.010 0.286 0.547 
  31 V _   0.005 0.125 0.000 0.010 0.003 0.010 0.281 0.566 
  32 H _   0.005 0.117 0.000 0.009 0.003 0.010 0.276 0.581 
  33 E _   0.005 0.111 0.000 0.009 0.003 0.010 0.270 0.591 
  34 V _   0.006 0.108 0.000 0.009 0.003 0.011 0.264 0.599 
  35 K _   0.006 0.107 0.000 0.011 0.004 0.012 0.257 0.603 
  36 N _   0.007 0.107 0.001 0.013 0.005 0.013 0.250 0.605 
  37 H _   0.007 0.109 0.001 0.016 0.006 0.015 0.242 0.604 
  38 K _   0.008 0.110 0.001 0.021 0.008 0.016 0.235 0.602 
  39 F _   0.009 0.111 0.001 0.025 0.009 0.017 0.228 0.600 
  40 T _   0.010 0.110 0.001 0.028 0.010 0.018 0.222 0.600 
  41 A _   0.010 0.108 0.001 0.031 0.011 0.019 0.217 0.604 
  42 R _   0.011 0.102 0.001 0.030 0.011 0.019 0.213 0.614 
  43 F _   0.011 0.093 0.001 0.028 0.010 0.018 0.209 0.630 
  44 F _   0.011 0.079 0.001 0.024 0.009 0.018 0.206 0.652 
  45 K _   0.011 0.062 0.001 0.018 0.008 0.017 0.203 0.679 
  46 Q _   0.012 0.044 0.001 0.013 0.006 0.017 0.201 0.707 
  47 P _   0.012 0.029 0.001 0.009 0.005 0.018 0.198 0.729 
  48 T _   0.013 0.020 0.001 0.006 0.005 0.019 0.195 0.743 
  49 F _   0.015 0.015 0.000 0.005 0.005 0.021 0.191 0.749 
  50 C _   0.018 0.013 0.001 0.005 0.005 0.024 0.187 0.747 
  51 S _   0.022 0.014 0.001 0.006 0.008 0.028 0.183 0.738 
  52 H _   0.028 0.016 0.001 0.010 0.012 0.034 0.178 0.722 
  53 C _   0.033 0.021 0.001 0.017 0.017 0.039 0.173 0.698 
  54 T _   0.038 0.028 0.002 0.025 0.023 0.044 0.168 0.672 
  55 D _   0.042 0.034 0.002 0.034 0.027 0.048 0.163 0.651 
  56 F _   0.046 0.037 0.002 0.040 0.030 0.050 0.159 0.637 
  57 I _   0.048 0.038 0.002 0.042 0.030 0.050 0.156 0.634 
  58 W _   0.049 0.037 0.002 0.039 0.028 0.050 0.153 0.642 
  59 G _   0.050 0.032 0.002 0.033 0.026 0.049 0.151 0.658 
  60 F _   0.051 0.025 0.002 0.024 0.022 0.048 0.150 0.679 
  61 G _   0.052 0.017 0.001 0.016 0.018 0.047 0.149 0.700 
  62 K _   0.053 0.010 0.001 0.010 0.015 0.046 0.148 0.717 
  63 Q _   0.055 0.006 0.001 0.007 0.013 0.046 0.147 0.726 
  64 G _   0.059 0.004 0.001 0.005 0.012 0.047 0.146 0.726 
  65 F _   0.064 0.004 0.001 0.005 0.013 0.049 0.145 0.720 
  66 Q _   0.070 0.004 0.001 0.006 0.015 0.051 0.145 0.707 
  67 C _   0.078 0.006 0.001 0.009 0.019 0.054 0.144 0.689 
  68 Q _   0.085 0.009 0.002 0.013 0.023 0.056 0.144 0.669 
  69 V _   0.090 0.013 0.002 0.017 0.027 0.058 0.144 0.650 
  70 C _   0.094 0.017 0.002 0.020 0.029 0.058 0.144 0.636 
  71 C _   0.096 0.019 0.002 0.021 0.030 0.058 0.145 0.629 
  72 F _   0.097 0.021 0.002 0.020 0.030 0.057 0.146 0.627 
  73 V _   0.096 0.022 0.002 0.018 0.029 0.055 0.148 0.630 
  74 V _   0.093 0.023 0.002 0.016 0.027 0.054 0.150 0.636 
  75 H _   0.089 0.023 0.001 0.014 0.025 0.052 0.152 0.643 
  76 K _   0.083 0.024 0.001 0.014 0.024 0.050 0.155 0.649 
  77 R _   0.076 0.027 0.001 0.015 0.023 0.048 0.158 0.653 
  78 C _   0.069 0.030 0.001 0.018 0.022 0.045 0.161 0.653 
  79 H _   0.061 0.035 0.001 0.023 0.022 0.042 0.165 0.650 
  80 E _   0.053 0.040 0.002 0.029 0.021 0.038 0.170 0.648 
  81 F _   0.046 0.043 0.002 0.034 0.019 0.035 0.175 0.647 
  82 V _   0.039 0.045 0.001 0.037 0.017 0.031 0.180 0.650 
  83 T _   0.032 0.045 0.001 0.037 0.015 0.027 0.187 0.657 
  84 F _   0.026 0.043 0.001 0.034 0.012 0.022 0.194 0.668 
  85 S _   0.020 0.038 0.001 0.029 0.009 0.018 0.201 0.682 
  86 C _   0.016 0.032 0.001 0.023 0.007 0.015 0.209 0.697 
  87 P _   0.013 0.025 0.001 0.018 0.005 0.012 0.216 0.711 
  88 G _   0.011 0.018 0.000 0.013 0.004 0.010 0.223 0.722 
  89 A _   0.009 0.012 0.000 0.009 0.003 0.008 0.229 0.730 
  90 D _   0.008 0.008 0.000 0.007 0.002 0.006 0.234 0.735 
  91 K _   0.007 0.005 0.000 0.005 0.002 0.005 0.238 0.738 
  92 G _   0.006 0.003 0.000 0.004 0.001 0.005 0.241 0.740 
  93 P _   0.005 0.002 0.000 0.004 0.001 0.004 0.243 0.741 
  94 A _   0.005 0.002 0.000 0.003 0.001 0.004 0.243 0.742 
  95 S _   0.004 0.001 0.000 0.003 0.001 0.004 0.243 0.743 
  96 D _   0.004 0.001 0.000 0.003 0.001 0.004 0.242 0.744 
  97 D _   0.004 0.002 0.000 0.004 0.001 0.004 0.240 0.746 
  98 P _   0.004 0.002 0.000 0.004 0.001 0.005 0.237 0.747 
  99 R _   0.004 0.003 0.000 0.006 0.002 0.006 0.233 0.747 
 100 S _   0.004 0.004 0.000 0.008 0.002 0.007 0.228 0.747 
 101 K _   0.004 0.005 0.000 0.011 0.003 0.008 0.223 0.745 
 102 H _   0.004 0.007 0.000 0.014 0.003 0.009 0.218 0.743 
 103 K _   0.005 0.010 0.000 0.018 0.004 0.011 0.212 0.741 
 104 F _   0.005 0.011 0.001 0.021 0.005 0.011 0.206 0.740 
 105 K _   0.005 0.013 0.001 0.023 0.005 0.012 0.201 0.741 
 106 I _   0.005 0.013 0.001 0.023 0.005 0.012 0.197 0.744 
 107 H _   0.005 0.013 0.001 0.021 0.005 0.012 0.193 0.750 
 108 T _   0.005 0.012 0.001 0.018 0.005 0.012 0.189 0.758 
 109 Y _   0.005 0.011 0.001 0.015 0.004 0.012 0.186 0.767 
 110 S _   0.005 0.009 0.000 0.011 0.004 0.012 0.182 0.775 
 111 S _   0.006 0.008 0.000 0.009 0.003 0.013 0.179 0.781 
 112 P _   0.007 0.007 0.000 0.007 0.003 0.015 0.176 0.784 
 113 T _   0.010 0.007 0.000 0.006 0.004 0.018 0.172 0.783 
 114 F _   0.014 0.007 0.001 0.006 0.005 0.022 0.167 0.777 
 115 C _   0.021 0.009 0.001 0.007 0.008 0.028 0.162 0.764 
 116 D _   0.031 0.014 0.001 0.009 0.012 0.036 0.157 0.741 
 117 H _   0.042 0.022 0.001 0.013 0.019 0.045 0.150 0.709 
 118 C _   0.055 0.036 0.002 0.018 0.029 0.053 0.143 0.665 
 119 G _   0.067 0.054 0.002 0.025 0.039 0.061 0.136 0.617 
 120 S _   0.077 0.073 0.003 0.032 0.048 0.066 0.129 0.572 
 121 L _   0.086 0.090 0.003 0.039 0.054 0.069 0.124 0.535 
 122 L _   0.091 0.101 0.003 0.044 0.057 0.070 0.121 0.514 
 123 Y _   0.092 0.107 0.003 0.047 0.057 0.068 0.118 0.507 
 124 G _   0.091 0.109 0.003 0.047 0.055 0.065 0.117 0.514 
 125 L _   0.087 0.106 0.003 0.044 0.049 0.060 0.116 0.534 
 126 I _   0.081 0.099 0.002 0.039 0.043 0.055 0.116 0.565 
 127 H _   0.072 0.088 0.002 0.032 0.035 0.049 0.116 0.606 
 128 Q _   0.062 0.072 0.002 0.025 0.027 0.043 0.117 0.651 
 129 G _   0.053 0.057 0.002 0.018 0.020 0.038 0.118 0.694 
 130 M _   0.044 0.045 0.001 0.013 0.014 0.033 0.119 0.731 
 131 K _   0.036 0.036 0.001 0.010 0.010 0.029 0.120 0.758 
 132 C _   0.029 0.031 0.001 0.008 0.008 0.026 0.120 0.777 
 133 D _   0.024 0.028 0.001 0.008 0.006 0.023 0.120 0.789 
 134 T _   0.021 0.027 0.001 0.008 0.006 0.022 0.120 0.795 
 135 C _   0.019 0.028 0.001 0.008 0.006 0.021 0.120 0.798 
 136 M _   0.018 0.029 0.001 0.010 0.006 0.020 0.120 0.796 
 137 M _   0.017 0.032 0.001 0.011 0.007 0.021 0.119 0.792 
 138 N _   0.018 0.035 0.001 0.013 0.008 0.021 0.119 0.786 
 139 V _   0.017 0.040 0.001 0.015 0.009 0.021 0.118 0.778 
 140 H _   0.018 0.045 0.001 0.018 0.010 0.022 0.118 0.770 
 141 K _   0.018 0.049 0.001 0.021 0.011 0.022 0.117 0.760 
 142 R _   0.018 0.053 0.001 0.024 0.012 0.022 0.118 0.752 
 143 C _   0.018 0.057 0.001 0.027 0.012 0.021 0.118 0.745 
 144 V _   0.017 0.059 0.001 0.030 0.012 0.021 0.119 0.741 
 145 M _   0.017 0.060 0.001 0.031 0.012 0.020 0.121 0.739 
 146 N _   0.016 0.059 0.001 0.030 0.011 0.018 0.123 0.742 
 147 V _   0.015 0.056 0.001 0.028 0.010 0.017 0.125 0.748 
 148 P _   0.014 0.051 0.001 0.025 0.009 0.015 0.128 0.757 
 149 S _   0.013 0.045 0.001 0.021 0.007 0.013 0.131 0.770 
 150 L _   0.011 0.037 0.001 0.016 0.005 0.011 0.134 0.785 
 151 C _   0.010 0.028 0.001 0.011 0.004 0.010 0.137 0.799 
 152 G _   0.008 0.022 0.000 0.008 0.003 0.008 0.139 0.810 
 153 T _   0.007 0.017 0.000 0.006 0.002 0.008 0.141 0.818 
 154 D _   0.006 0.015 0.000 0.005 0.002 0.007 0.142 0.822 
 155 H _   0.006 0.014 0.000 0.004 0.002 0.007 0.143 0.823 
 156 T _   0.006 0.014 0.000 0.004 0.002 0.008 0.144 0.821 
 157 E _   0.006 0.016 0.000 0.006 0.003 0.009 0.144 0.816 
 158 R _   0.007 0.020 0.000 0.008 0.004 0.011 0.143 0.808 
 159 R _   0.007 0.027 0.001 0.011 0.005 0.012 0.142 0.795 
 160 G _   0.008 0.036 0.001 0.015 0.006 0.014 0.142 0.779 
 161 R _   0.009 0.045 0.001 0.018 0.007 0.016 0.141 0.764 
 162 I _   0.009 0.054 0.001 0.020 0.008 0.017 0.140 0.751 
 163 Y _   0.009 0.060 0.001 0.021 0.009 0.019 0.140 0.742 
 164 I _   0.010 0.065 0.001 0.021 0.009 0.020 0.139 0.736 
 165 Q _   0.011 0.069 0.001 0.019 0.009 0.021 0.140 0.731 
 166 A _   0.012 0.072 0.001 0.017 0.009 0.023 0.140 0.726 
 167 H _   0.013 0.075 0.001 0.016 0.010 0.025 0.141 0.720 
 168 I _   0.016 0.079 0.001 0.015 0.011 0.027 0.141 0.711 
 169 D _   0.018 0.084 0.001 0.015 0.012 0.029 0.142 0.697 
 170 R _   0.022 0.092 0.001 0.017 0.014 0.032 0.143 0.679 
 171 D _   0.025 0.102 0.001 0.020 0.017 0.034 0.145 0.655 
 172 V _   0.028 0.115 0.001 0.026 0.020 0.036 0.146 0.628 
 173 L _   0.030 0.127 0.002 0.031 0.022 0.037 0.148 0.603 
 174 I _   0.031 0.138 0.002 0.036 0.023 0.036 0.151 0.583 
 175 V _   0.032 0.145 0.002 0.041 0.023 0.036 0.154 0.568 
 176 L _   0.031 0.149 0.002 0.044 0.023 0.034 0.159 0.559 
 177 V _   0.030 0.149 0.002 0.045 0.022 0.032 0.164 0.558 
 178 R _   0.028 0.145 0.002 0.043 0.020 0.029 0.170 0.563 
 179 D _   0.026 0.137 0.001 0.040 0.017 0.026 0.178 0.574 
 180 A _   0.024 0.125 0.001 0.036 0.014 0.023 0.187 0.590 
 181 K _   0.021 0.108 0.001 0.031 0.012 0.020 0.197 0.609 
 182 N _   0.019 0.089 0.001 0.026 0.009 0.017 0.208 0.631 
 183 L _   0.016 0.068 0.001 0.020 0.007 0.014 0.219 0.654 
 184 V _   0.014 0.048 0.001 0.015 0.005 0.012 0.229 0.676 
 185 P _   0.012 0.032 0.001 0.011 0.004 0.009 0.238 0.695 
 186 M _   0.010 0.020 0.000 0.007 0.003 0.007 0.244 0.709 
 187 D _   0.008 0.013 0.000 0.005 0.002 0.006 0.249 0.718 
 188 P _   0.006 0.008 0.000 0.004 0.001 0.005 0.252 0.723 
 189 N _   0.005 0.006 0.000 0.003 0.001 0.004 0.255 0.725 
 190 G _   0.005 0.005 0.000 0.003 0.001 0.004 0.256 0.726 
 191 L _   0.005 0.005 0.000 0.003 0.001 0.005 0.256 0.724 
 192 S _   0.005 0.006 0.000 0.005 0.002 0.006 0.256 0.721 
 193 D _   0.005 0.008 0.000 0.007 0.002 0.007 0.255 0.716 
 194 P _   0.005 0.011 0.000 0.011 0.003 0.008 0.254 0.708 
 195 Y _   0.006 0.015 0.000 0.015 0.003 0.009 0.252 0.700 
 196 V _   0.006 0.018 0.000 0.019 0.004 0.010 0.250 0.692 
 197 K _   0.006 0.021 0.001 0.022 0.005 0.010 0.248 0.687 
 198 L _   0.006 0.023 0.001 0.024 0.005 0.010 0.247 0.685 
 199 K _   0.006 0.023 0.001 0.023 0.004 0.009 0.247 0.687 
 200 L _   0.005 0.023 0.000 0.020 0.004 0.008 0.247 0.692 
 201 I _   0.005 0.021 0.000 0.017 0.003 0.008 0.247 0.699 
 202 P _   0.004 0.019 0.000 0.013 0.003 0.007 0.247 0.707 
 203 D _   0.004 0.016 0.000 0.009 0.002 0.006 0.247 0.715 
 204 P _   0.004 0.015 0.000 0.007 0.002 0.005 0.247 0.721 
 205 K _   0.004 0.014 0.000 0.005 0.001 0.005 0.246 0.725 
 206 S _   0.004 0.013 0.000 0.005 0.001 0.005 0.245 0.727 
 207 E _   0.004 0.014 0.000 0.005 0.001 0.005 0.242 0.728 
 208 S _   0.004 0.016 0.000 0.006 0.002 0.006 0.240 0.727 
 209 K _   0.004 0.019 0.000 0.008 0.002 0.007 0.236 0.724 
 210 Q _   0.004 0.025 0.000 0.011 0.003 0.008 0.231 0.718 
 211 K _   0.005 0.031 0.000 0.014 0.004 0.009 0.227 0.710 
 212 T _   0.005 0.039 0.001 0.018 0.004 0.009 0.222 0.703 
 213 K _   0.005 0.045 0.001 0.020 0.005 0.010 0.217 0.697 
 214 T _   0.005 0.050 0.001 0.021 0.005 0.010 0.213 0.695 
 215 I _   0.005 0.053 0.001 0.021 0.005 0.009 0.210 0.696 
 216 K _   0.004 0.055 0.001 0.019 0.004 0.009 0.207 0.700 
 217 C _   0.004 0.056 0.000 0.016 0.004 0.009 0.205 0.705 
 218 S _   0.004 0.056 0.000 0.014 0.003 0.008 0.203 0.711 
 219 L _   0.004 0.056 0.000 0.012 0.003 0.008 0.201 0.714 
 220 N _   0.004 0.057 0.000 0.011 0.003 0.009 0.199 0.716 
 221 P _   0.005 0.059 0.000 0.012 0.003 0.009 0.197 0.714 
 222 E _   0.005 0.062 0.000 0.014 0.004 0.010 0.195 0.709 
 223 W _   0.006 0.066 0.001 0.018 0.005 0.011 0.193 0.701 
 224 N _   0.007 0.071 0.001 0.023 0.006 0.012 0.191 0.690 
 225 E _   0.008 0.074 0.001 0.028 0.007 0.013 0.189 0.681 
 226 T _   0.008 0.076 0.001 0.031 0.007 0.013 0.188 0.676 
 227 F _   0.008 0.076 0.001 0.032 0.007 0.013 0.188 0.675 
 228 R _   0.008 0.073 0.001 0.031 0.007 0.012 0.189 0.681 
 229 F _   0.007 0.066 0.001 0.026 0.006 0.010 0.190 0.694 
 230 Q _   0.006 0.057 0.001 0.021 0.005 0.009 0.191 0.711 
 231 L _   0.006 0.045 0.000 0.014 0.004 0.008 0.192 0.731 
 232 K _   0.005 0.034 0.000 0.009 0.003 0.007 0.193 0.750 
 233 E _   0.005 0.026 0.000 0.006 0.002 0.006 0.194 0.763 
 234 S _   0.004 0.022 0.000 0.004 0.001 0.005 0.193 0.770 
 235 D _   0.004 0.020 0.000 0.003 0.001 0.006 0.192 0.773 
 236 K _   0.005 0.021 0.000 0.004 0.002 0.007 0.191 0.772 
 237 D _   0.005 0.024 0.000 0.006 0.002 0.009 0.188 0.765 
 238 R _   0.007 0.032 0.000 0.011 0.004 0.012 0.185 0.749 
 239 R _   0.008 0.049 0.001 0.019 0.007 0.015 0.180 0.722 
 240 L _   0.009 0.071 0.001 0.030 0.009 0.017 0.174 0.689 
 241 S _   0.009 0.092 0.001 0.041 0.012 0.019 0.169 0.657 
 242 V _   0.009 0.107 0.001 0.050 0.013 0.020 0.165 0.634 
 243 E _   0.009 0.115 0.001 0.056 0.014 0.020 0.162 0.623 
 244 I _   0.009 0.117 0.001 0.056 0.013 0.020 0.161 0.623 
 245 W _   0.009 0.115 0.001 0.051 0.012 0.019 0.160 0.632 
 246 D _   0.009 0.108 0.001 0.043 0.011 0.017 0.160 0.651 
 247 W _   0.008 0.096 0.001 0.033 0.009 0.016 0.161 0.677 
 248 D _   0.008 0.080 0.001 0.023 0.007 0.014 0.162 0.705 
 249 L _   0.008 0.063 0.001 0.015 0.005 0.013 0.163 0.732 
 250 T _   0.008 0.050 0.001 0.009 0.004 0.013 0.164 0.752 
 251 S _   0.008 0.043 0.000 0.006 0.003 0.013 0.164 0.762 
 252 R _   0.009 0.040 0.000 0.005 0.003 0.014 0.164 0.764 
 253 N _   0.011 0.040 0.000 0.005 0.004 0.016 0.164 0.760 
 254 D _   0.014 0.044 0.001 0.006 0.005 0.019 0.163 0.748 
 255 F _   0.017 0.052 0.001 0.010 0.008 0.023 0.162 0.728 
 256 M _   0.021 0.066 0.001 0.015 0.012 0.027 0.160 0.697 
 257 G _   0.025 0.086 0.001 0.022 0.016 0.031 0.158 0.661 
 258 S _   0.027 0.105 0.002 0.029 0.020 0.034 0.156 0.627 
 259 L _   0.029 0.120 0.002 0.035 0.023 0.036 0.156 0.600 
 260 S _   0.031 0.130 0.002 0.039 0.025 0.036 0.156 0.582 
 261 F _   0.031 0.135 0.002 0.040 0.025 0.036 0.157 0.574 
 262 G _   0.032 0.136 0.002 0.039 0.024 0.035 0.158 0.575 
 263 I _   0.031 0.133 0.002 0.036 0.022 0.033 0.161 0.581 
 264 S _   0.030 0.127 0.001 0.031 0.020 0.031 0.164 0.595 
 265 E _   0.029 0.116 0.001 0.026 0.017 0.028 0.168 0.614 
 266 L _   0.026 0.104 0.001 0.021 0.014 0.026 0.173 0.635 
 267 Q _   0.024 0.091 0.001 0.016 0.011 0.024 0.178 0.655 
 268 K _   0.022 0.080 0.001 0.013 0.009 0.022 0.182 0.671 
 269 A _   0.019 0.071 0.001 0.012 0.008 0.020 0.187 0.683 
 270 S _   0.017 0.066 0.001 0.011 0.007 0.018 0.191 0.690 
 271 V _   0.016 0.062 0.001 0.011 0.006 0.017 0.195 0.692 
 272 D _   0.015 0.060 0.001 0.012 0.006 0.016 0.199 0.691 
 273 G _   0.014 0.058 0.001 0.013 0.006 0.016 0.202 0.689 
 274 W _   0.014 0.057 0.001 0.014 0.006 0.015 0.206 0.687 
 275 F _   0.013 0.055 0.001 0.015 0.006 0.015 0.210 0.684 
 276 K _   0.012 0.053 0.001 0.016 0.006 0.014 0.214 0.683 
 277 L _   0.011 0.050 0.001 0.016 0.006 0.013 0.219 0.683 
 278 L _   0.011 0.047 0.001 0.016 0.006 0.012 0.224 0.684 
 279 S _   0.010 0.044 0.001 0.016 0.005 0.012 0.229 0.684 
 280 Q _   0.010 0.040 0.001 0.015 0.005 0.011 0.234 0.684 
 281 E _   0.010 0.036 0.001 0.015 0.005 0.010 0.240 0.684 
 282 E _   0.010 0.032 0.001 0.014 0.004 0.010 0.246 0.684 
 283 G _   0.009 0.028 0.001 0.013 0.004 0.009 0.252 0.684 
 284 E _   0.009 0.024 0.000 0.013 0.004 0.009 0.258 0.684 
 285 Y _   0.008 0.020 0.000 0.011 0.003 0.008 0.264 0.686 
 286 F _   0.008 0.015 0.000 0.009 0.003 0.007 0.269 0.688 
 287 N _   0.007 0.012 0.000 0.008 0.002 0.006 0.274 0.691 
 288 V _   0.006 0.009 0.000 0.006 0.002 0.005 0.278 0.692 
 289 P _   0.006 0.007 0.000 0.005 0.002 0.005 0.282 0.694 
 290 V _   0.005 0.006 0.000 0.004 0.001 0.004 0.284 0.695 
 291 P _   0.005 0.005 0.000 0.004 0.001 0.004 0.285 0.696 
 292 P _   0.004 0.005 0.000 0.003 0.001 0.004 0.285 0.697 
 293 E _   0.004 0.005 0.000 0.003 0.001 0.004 0.285 0.698 
 294 G _   0.004 0.006 0.000 0.004 0.001 0.004 0.283 0.698 
 295 S _   0.004 0.007 0.000 0.004 0.001 0.005 0.280 0.698 
 296 E _   0.004 0.009 0.000 0.006 0.002 0.006 0.276 0.697 
 297 A _   0.004 0.013 0.000 0.007 0.002 0.006 0.272 0.695 
 298 N _   0.004 0.019 0.000 0.009 0.002 0.007 0.265 0.692 
 299 E _   0.004 0.028 0.000 0.012 0.003 0.008 0.259 0.686 
 300 E _   0.004 0.038 0.000 0.016 0.004 0.009 0.251 0.678 
 301 L _   0.004 0.048 0.001 0.019 0.004 0.010 0.243 0.671 
 302 R _   0.004 0.059 0.001 0.022 0.005 0.011 0.236 0.663 
 303 Q _   0.004 0.068 0.001 0.026 0.006 0.011 0.229 0.655 
 304 K _   0.004 0.075 0.001 0.028 0.006 0.011 0.224 0.650 
 305 F _   0.005 0.080 0.001 0.030 0.006 0.011 0.220 0.647 
 306 E _   0.005 0.083 0.001 0.030 0.006 0.011 0.217 0.647 
 307 R _   0.005 0.084 0.001 0.029 0.006 0.011 0.214 0.649 
 308 A _   0.005 0.084 0.001 0.027 0.006 0.011 0.213 0.654 
 309 K _   0.006 0.081 0.001 0.024 0.005 0.010 0.212 0.661 
 310 I _   0.006 0.077 0.001 0.020 0.005 0.010 0.212 0.670 
 311 S _   0.006 0.072 0.001 0.017 0.004 0.009 0.212 0.680 
 312 Q _   0.006 0.067 0.000 0.014 0.004 0.009 0.212 0.689 
 313 G _   0.005 0.062 0.000 0.012 0.003 0.008 0.212 0.697 
 314 T _   0.006 0.058 0.000 0.010 0.003 0.008 0.213 0.702 
 315 K _   0.006 0.055 0.000 0.010 0.003 0.008 0.213 0.706 
 316 V _   0.006 0.053 0.000 0.010 0.003 0.008 0.212 0.707 
 317 P _   0.006 0.052 0.000 0.011 0.003 0.009 0.212 0.706 
 318 E _   0.006 0.052 0.000 0.013 0.004 0.009 0.212 0.704 
 319 E _   0.006 0.052 0.000 0.015 0.004 0.009 0.211 0.702 
 320 K _   0.006 0.052 0.001 0.017 0.004 0.009 0.211 0.700 
 321 T _   0.006 0.052 0.001 0.018 0.005 0.009 0.211 0.699 
 322 T _   0.006 0.051 0.001 0.019 0.004 0.009 0.211 0.699 
 323 N _   0.006 0.048 0.001 0.019 0.004 0.009 0.212 0.702 
 324 T _   0.006 0.045 0.001 0.018 0.004 0.008 0.213 0.707 
 325 V _   0.005 0.040 0.000 0.016 0.004 0.008 0.214 0.713 
 326 S _   0.005 0.035 0.000 0.013 0.003 0.007 0.215 0.722 
 327 K _   0.005 0.030 0.000 0.010 0.002 0.006 0.216 0.731 
 328 F _   0.004 0.025 0.000 0.008 0.002 0.005 0.216 0.740 
 329 D _   0.004 0.021 0.000 0.006 0.002 0.005 0.216 0.746 
 330 N _   0.003 0.019 0.000 0.005 0.001 0.005 0.215 0.751 
 331 N _   0.003 0.018 0.000 0.004 0.001 0.005 0.213 0.755 
 332 G _   0.003 0.018 0.000 0.004 0.001 0.006 0.211 0.756 
 333 N _   0.004 0.020 0.000 0.004 0.002 0.007 0.208 0.756 
 334 R _   0.004 0.023 0.000 0.006 0.002 0.009 0.204 0.752 
 335 D _   0.005 0.030 0.000 0.007 0.003 0.012 0.198 0.744 
 336 R _   0.007 0.041 0.001 0.010 0.004 0.015 0.192 0.730 
 337 M _   0.009 0.060 0.001 0.014 0.007 0.020 0.183 0.707 
 338 K _   0.011 0.089 0.001 0.019 0.010 0.025 0.174 0.672 
 339 L _   0.014 0.127 0.001 0.024 0.014 0.030 0.163 0.627 
 340 T _   0.017 0.172 0.002 0.030 0.019 0.034 0.152 0.574 
 341 D _   0.020 0.219 0.002 0.035 0.024 0.038 0.142 0.520 
 342 F _   0.022 0.261 0.002 0.041 0.027 0.040 0.134 0.472 
 343 N _   0.025 0.294 0.002 0.045 0.029 0.041 0.128 0.437 
 344 F _   0.027 0.316 0.002 0.048 0.030 0.041 0.123 0.414 
 345 L _   0.028 0.329 0.002 0.049 0.029 0.040 0.120 0.403 
 346 M _   0.029 0.334 0.002 0.049 0.028 0.038 0.118 0.402 
 347 V _   0.030 0.334 0.002 0.046 0.026 0.036 0.116 0.410 
 348 L _   0.030 0.326 0.002 0.041 0.024 0.034 0.116 0.427 
 349 G _   0.030 0.313 0.002 0.037 0.021 0.031 0.116 0.451 
 350 K _   0.029 0.293 0.002 0.032 0.018 0.029 0.117 0.481 
 351 G _   0.027 0.269 0.001 0.029 0.016 0.026 0.118 0.513 
 352 S _   0.026 0.243 0.001 0.026 0.014 0.024 0.119 0.546 
 353 F _   0.024 0.215 0.001 0.025 0.012 0.022 0.121 0.580 
 354 G _   0.022 0.187 0.001 0.023 0.010 0.020 0.123 0.614 
 355 K _   0.019 0.158 0.001 0.022 0.009 0.018 0.126 0.648 
 356 V _   0.017 0.130 0.001 0.019 0.007 0.015 0.128 0.682 
 357 M _   0.014 0.103 0.001 0.017 0.006 0.013 0.130 0.716 
 358 L _   0.012 0.078 0.001 0.013 0.005 0.011 0.131 0.748 
 359 S _   0.010 0.057 0.001 0.010 0.004 0.010 0.132 0.777 
 360 E _   0.008 0.042 0.000 0.007 0.003 0.008 0.133 0.799 
 361 R _   0.007 0.033 0.000 0.005 0.002 0.007 0.132 0.814 
 362 K _   0.006 0.028 0.000 0.004 0.002 0.007 0.131 0.823 
 363 G _   0.005 0.026 0.000 0.004 0.002 0.007 0.130 0.827 
 364 T _   0.005 0.026 0.000 0.005 0.002 0.008 0.128 0.827 
 365 D _   0.006 0.028 0.000 0.006 0.003 0.009 0.125 0.823 
 366 E _   0.007 0.033 0.000 0.010 0.004 0.011 0.122 0.813 
 367 L _   0.008 0.042 0.001 0.015 0.005 0.014 0.117 0.798 
 368 Y _   0.009 0.055 0.001 0.023 0.007 0.016 0.113 0.777 
 369 A _   0.009 0.068 0.001 0.031 0.009 0.017 0.108 0.756 
 370 V _   0.010 0.078 0.001 0.039 0.011 0.019 0.104 0.738 
 371 K _   0.010 0.085 0.001 0.045 0.012 0.019 0.101 0.727 
 372 I _   0.010 0.088 0.001 0.047 0.013 0.019 0.098 0.722 
 373 L _   0.011 0.088 0.001 0.046 0.012 0.018 0.097 0.726 
 374 K _   0.011 0.084 0.001 0.042 0.011 0.017 0.096 0.737 
 375 K _   0.011 0.076 0.001 0.036 0.010 0.016 0.096 0.755 
 376 D _   0.010 0.065 0.001 0.028 0.008 0.014 0.096 0.778 
 377 V _   0.010 0.050 0.001 0.020 0.006 0.012 0.097 0.804 
 378 V _   0.009 0.036 0.001 0.014 0.005 0.010 0.097 0.829 
 379 I _   0.008 0.024 0.000 0.009 0.003 0.009 0.097 0.849 
 380 Q _   0.008 0.017 0.000 0.006 0.002 0.008 0.096 0.862 
 381 D _   0.007 0.013 0.000 0.004 0.002 0.008 0.095 0.869 
 382 D _   0.007 0.012 0.000 0.004 0.002 0.009 0.094 0.872 
 383 D _   0.008 0.012 0.000 0.004 0.002 0.010 0.092 0.871 
 384 V _   0.009 0.014 0.000 0.006 0.003 0.012 0.090 0.866 
 385 E _   0.010 0.019 0.001 0.009 0.005 0.014 0.087 0.856 
 386 C _   0.012 0.027 0.001 0.014 0.007 0.017 0.084 0.839 
 387 T _   0.013 0.040 0.001 0.021 0.009 0.019 0.080 0.817 
 388 M _   0.014 0.052 0.001 0.028 0.011 0.021 0.076 0.797 
 389 V _   0.014 0.063 0.001 0.035 0.012 0.021 0.072 0.781 
 390 E _   0.014 0.070 0.001 0.038 0.013 0.022 0.070 0.773 
 391 K _   0.013 0.073 0.001 0.039 0.013 0.021 0.067 0.772 
 392 R _   0.013 0.073 0.001 0.037 0.012 0.020 0.065 0.779 
 393 V _   0.012 0.071 0.001 0.031 0.010 0.018 0.064 0.792 
 394 L _   0.011 0.066 0.001 0.025 0.009 0.017 0.063 0.809 
 395 A _   0.011 0.059 0.001 0.019 0.007 0.016 0.062 0.826 
 396 L _   0.010 0.052 0.001 0.014 0.005 0.015 0.061 0.843 
 397 P _   0.010 0.046 0.001 0.010 0.004 0.015 0.060 0.855 
 398 G _   0.010 0.042 0.000 0.008 0.004 0.015 0.058 0.863 
 399 K _   0.010 0.040 0.000 0.007 0.004 0.016 0.057 0.866 
 400 P _   0.011 0.041 0.000 0.007 0.004 0.017 0.055 0.864 
 401 P _   0.013 0.043 0.001 0.008 0.005 0.019 0.053 0.857 
 402 F _   0.015 0.048 0.001 0.011 0.007 0.022 0.051 0.845 
 403 L _   0.016 0.055 0.001 0.014 0.009 0.025 0.049 0.830 
 404 T _   0.018 0.064 0.001 0.019 0.012 0.028 0.046 0.812 
 405 Q _   0.019 0.073 0.001 0.023 0.014 0.031 0.044 0.794 
 406 L _   0.021 0.080 0.001 0.027 0.016 0.033 0.042 0.780 
 407 H _   0.022 0.085 0.001 0.030 0.018 0.034 0.039 0.771 
 408 S _   0.023 0.087 0.001 0.030 0.018 0.035 0.038 0.767 
 409 C _   0.025 0.087 0.001 0.029 0.019 0.035 0.036 0.768 
 410 F _   0.027 0.085 0.001 0.027 0.019 0.036 0.035 0.771 
 411 Q _   0.029 0.081 0.001 0.024 0.019 0.036 0.033 0.775 
 412 T _   0.031 0.077 0.001 0.022 0.019 0.036 0.032 0.781 
 413 M _   0.034 0.072 0.001 0.020 0.019 0.036 0.031 0.786 
 414 D _   0.036 0.067 0.001 0.019 0.019 0.036 0.031 0.791 
 415 R _   0.038 0.063 0.001 0.020 0.018 0.035 0.030 0.795 
 416 L _   0.038 0.059 0.001 0.020 0.018 0.034 0.030 0.799 
 417 Y _   0.039 0.054 0.001 0.021 0.017 0.032 0.030 0.806 
 418 F _   0.038 0.049 0.001 0.021 0.016 0.031 0.029 0.815 
 419 V _   0.036 0.042 0.001 0.020 0.014 0.029 0.029 0.829 
 420 M _   0.033 0.035 0.001 0.017 0.012 0.026 0.029 0.846 
 421 E _   0.030 0.026 0.001 0.014 0.010 0.024 0.029 0.865 
 422 Y _   0.027 0.019 0.001 0.011 0.008 0.022 0.029 0.883 
 423 V _   0.025 0.013 0.001 0.008 0.007 0.020 0.029 0.898 
 424 N _   0.023 0.009 0.001 0.006 0.006 0.019 0.028 0.908 
 425 G _   0.022 0.007 0.001 0.006 0.005 0.019 0.028 0.913 
 426 G _   0.023 0.006 0.001 0.006 0.006 0.019 0.027 0.913 
 427 D _   0.024 0.006 0.001 0.007 0.006 0.020 0.026 0.910 
 428 L _   0.025 0.007 0.001 0.009 0.008 0.022 0.025 0.903 
 429 M _   0.026 0.008 0.001 0.013 0.010 0.023 0.025 0.895 
 430 Y _   0.027 0.009 0.001 0.017 0.011 0.024 0.024 0.887 
 431 H _   0.028 0.011 0.001 0.021 0.012 0.024 0.023 0.880 
 432 I _   0.029 0.011 0.001 0.023 0.013 0.023 0.022 0.878 
 433 Q _   0.029 0.011 0.001 0.023 0.012 0.022 0.021 0.880 
 434 Q _   0.031 0.010 0.001 0.021 0.011 0.020 0.020 0.886 
 435 V _   0.033 0.008 0.001 0.017 0.009 0.018 0.020 0.894 
 436 G _   0.038 0.005 0.001 0.012 0.007 0.016 0.019 0.902 
 437 R _   0.045 0.003 0.001 0.008 0.006 0.014 0.018 0.906 
 438 F _   0.057 0.001 0.001 0.004 0.004 0.013 0.017 0.904 
 439 K _   0.076 0.000 0.000 0.002 0.004 0.012 0.016 0.890 
 440 E _   0.106 0.000 0.000 0.002 0.004 0.011 0.014 0.863 
 441 P _   0.155 0.000 0.001 0.001 0.004 0.012 0.012 0.814 
 442 H _   0.229 0.000 0.001 0.001 0.006 0.013 0.010 0.740 
 443 A _   0.332 0.000 0.001 0.001 0.008 0.014 0.008 0.635 
 444 V _   0.459 0.000 0.001 0.001 0.011 0.016 0.006 0.506 
 445 F H   0.583 0.000 0.001 0.001 0.014 0.017 0.004 0.380 
 446 Y H   0.685 0.000 0.001 0.001 0.017 0.017 0.003 0.275 
 447 A H   0.762 0.000 0.001 0.001 0.020 0.016 0.002 0.198 
 448 A H   0.814 0.000 0.001 0.001 0.021 0.015 0.002 0.145 
 449 E H   0.846 0.000 0.001 0.001 0.022 0.014 0.002 0.115 
 450 I H   0.863 0.000 0.001 0.001 0.022 0.013 0.002 0.098 
 451 A H   0.868 0.000 0.001 0.001 0.022 0.012 0.002 0.095 
 452 I H   0.861 0.000 0.001 0.001 0.022 0.011 0.002 0.102 
 453 G H   0.841 0.000 0.001 0.001 0.022 0.011 0.002 0.121 
 454 L H   0.806 0.000 0.001 0.001 0.021 0.011 0.003 0.156 
 455 F H   0.749 0.000 0.002 0.001 0.020 0.012 0.004 0.212 
 456 F H   0.674 0.000 0.002 0.002 0.018 0.012 0.005 0.287 
 457 L H   0.584 0.000 0.001 0.002 0.016 0.013 0.007 0.377 
 458 Q H   0.488 0.000 0.001 0.002 0.013 0.014 0.009 0.472 
 459 S _   0.394 0.000 0.001 0.003 0.011 0.014 0.012 0.565 
 460 K _   0.306 0.000 0.001 0.003 0.010 0.014 0.015 0.651 
 461 G _   0.233 0.000 0.001 0.004 0.008 0.014 0.017 0.722 
 462 I _   0.174 0.000 0.001 0.005 0.007 0.014 0.020 0.777 
 463 I _   0.127 0.001 0.001 0.007 0.007 0.014 0.022 0.822 
 464 Y _   0.092 0.001 0.001 0.008 0.006 0.014 0.024 0.854 
 465 R _   0.065 0.002 0.001 0.009 0.006 0.013 0.025 0.879 
 466 D _   0.046 0.002 0.001 0.010 0.005 0.012 0.027 0.897 
 467 L _   0.032 0.003 0.001 0.010 0.005 0.011 0.028 0.911 
 468 K _   0.023 0.003 0.001 0.010 0.004 0.010 0.029 0.921 
 469 L _   0.016 0.004 0.000 0.009 0.004 0.009 0.029 0.928 
 470 D _   0.012 0.004 0.000 0.008 0.003 0.008 0.030 0.934 
 471 N _   0.010 0.005 0.000 0.007 0.003 0.008 0.030 0.937 
 472 V _   0.008 0.005 0.000 0.007 0.003 0.007 0.030 0.939 
 473 M _   0.008 0.006 0.000 0.006 0.002 0.007 0.030 0.940 
 474 L _   0.007 0.008 0.000 0.006 0.002 0.007 0.030 0.939 
 475 D _   0.007 0.010 0.000 0.006 0.003 0.008 0.030 0.936 
 476 S _   0.007 0.014 0.000 0.007 0.003 0.009 0.029 0.931 
 477 E _   0.007 0.019 0.000 0.009 0.004 0.010 0.028 0.923 
 478 G _   0.007 0.027 0.001 0.011 0.005 0.011 0.028 0.910 
 479 H _   0.008 0.039 0.001 0.014 0.006 0.013 0.026 0.893 
 480 I _   0.009 0.054 0.001 0.019 0.007 0.014 0.025 0.871 
 481 K _   0.009 0.070 0.001 0.023 0.008 0.016 0.024 0.849 
 482 I _   0.010 0.085 0.001 0.026 0.009 0.017 0.023 0.830 
 483 A _   0.010 0.097 0.001 0.029 0.010 0.017 0.022 0.814 
 484 D _   0.010 0.106 0.001 0.030 0.010 0.017 0.021 0.805 
 485 F _   0.010 0.111 0.001 0.030 0.010 0.017 0.021 0.800 
 486 G _   0.010 0.114 0.001 0.028 0.010 0.017 0.020 0.800 
 487 M _   0.010 0.115 0.001 0.026 0.009 0.016 0.020 0.803 
 488 C _   0.010 0.114 0.001 0.023 0.008 0.016 0.020 0.809 
 489 K _   0.010 0.112 0.001 0.020 0.008 0.016 0.020 0.814 
 490 E _   0.010 0.110 0.001 0.018 0.007 0.016 0.020 0.819 
 491 N _   0.010 0.109 0.001 0.017 0.007 0.015 0.020 0.822 
 492 I _   0.010 0.108 0.001 0.017 0.007 0.016 0.020 0.822 
 493 W _   0.011 0.108 0.001 0.018 0.007 0.016 0.019 0.821 
 494 D _   0.011 0.108 0.001 0.020 0.008 0.016 0.019 0.818 
 495 G _   0.011 0.107 0.001 0.022 0.008 0.016 0.019 0.815 
 496 V _   0.011 0.106 0.001 0.024 0.009 0.016 0.019 0.814 
 497 T _   0.011 0.103 0.001 0.025 0.009 0.015 0.020 0.816 
 498 T _   0.011 0.098 0.001 0.024 0.008 0.015 0.020 0.823 
 499 K _   0.010 0.091 0.001 0.022 0.008 0.014 0.020 0.834 
 500 T _   0.010 0.081 0.001 0.020 0.007 0.013 0.021 0.848 
 501 F _   0.009 0.070 0.001 0.016 0.006 0.012 0.021 0.866 
 502 C _   0.008 0.058 0.001 0.013 0.005 0.011 0.021 0.882 
 503 G _   0.007 0.049 0.001 0.011 0.004 0.011 0.022 0.896 
 504 T _   0.007 0.042 0.000 0.009 0.004 0.010 0.022 0.906 
 505 P _   0.007 0.038 0.000 0.008 0.004 0.011 0.022 0.911 
 506 D _   0.007 0.036 0.000 0.009 0.004 0.011 0.022 0.911 
 507 Y _   0.008 0.036 0.001 0.011 0.005 0.013 0.021 0.907 
 508 I _   0.008 0.036 0.001 0.014 0.006 0.014 0.021 0.900 
 509 A _   0.009 0.038 0.001 0.019 0.007 0.016 0.020 0.890 
 510 P _   0.010 0.040 0.001 0.025 0.009 0.017 0.020 0.879 
 511 E _   0.011 0.041 0.001 0.030 0.010 0.018 0.019 0.870 
 512 I _   0.012 0.040 0.001 0.032 0.011 0.019 0.019 0.866 
 513 I _   0.014 0.037 0.001 0.032 0.011 0.019 0.019 0.867 
 514 A _   0.018 0.032 0.001 0.028 0.011 0.018 0.019 0.874 
 515 Y _   0.023 0.024 0.001 0.022 0.009 0.017 0.018 0.885 
 516 Q _   0.030 0.015 0.001 0.015 0.008 0.016 0.018 0.896 
 517 P _   0.043 0.007 0.001 0.009 0.006 0.016 0.018 0.901 
 518 Y _   0.063 0.002 0.001 0.005 0.005 0.015 0.018 0.892 
 519 G _   0.095 0.001 0.001 0.003 0.005 0.015 0.017 0.865 
 520 K _   0.147 0.000 0.001 0.002 0.005 0.016 0.016 0.813 
 521 S _   0.228 0.000 0.001 0.001 0.007 0.018 0.015 0.729 
 522 V _   0.336 0.000 0.001 0.001 0.010 0.021 0.014 0.617 
 523 D _   0.458 0.000 0.001 0.001 0.014 0.023 0.013 0.489 
 524 W H   0.574 0.000 0.001 0.001 0.019 0.025 0.013 0.366 
 525 W H   0.665 0.000 0.002 0.002 0.025 0.027 0.013 0.268 
 526 A H   0.729 0.000 0.002 0.002 0.030 0.027 0.013 0.197 
 527 F H   0.770 0.000 0.002 0.002 0.033 0.026 0.014 0.153 
 528 G H   0.790 0.000 0.002 0.002 0.036 0.025 0.016 0.128 
 529 V H   0.797 0.000 0.002 0.003 0.037 0.024 0.019 0.117 
 530 L H   0.789 0.001 0.002 0.004 0.039 0.023 0.023 0.120 
 531 L H   0.765 0.001 0.002 0.005 0.040 0.023 0.029 0.136 
 532 Y H   0.723 0.001 0.002 0.006 0.039 0.023 0.037 0.169 
 533 E H   0.659 0.001 0.003 0.007 0.036 0.022 0.050 0.222 
 534 M H   0.572 0.001 0.003 0.009 0.032 0.021 0.067 0.296 
 535 L H   0.468 0.001 0.002 0.010 0.025 0.020 0.088 0.386 
 536 A _   0.360 0.001 0.002 0.010 0.018 0.018 0.112 0.480 
 537 G _   0.258 0.001 0.001 0.009 0.012 0.015 0.137 0.567 
 538 Q _   0.174 0.000 0.001 0.008 0.008 0.012 0.157 0.639 
 539 A _   0.111 0.000 0.001 0.006 0.005 0.010 0.174 0.693 
 540 P _   0.066 0.000 0.000 0.005 0.003 0.008 0.187 0.731 
 541 F _   0.038 0.000 0.000 0.004 0.002 0.006 0.197 0.754 
 542 E _   0.021 0.000 0.000 0.003 0.001 0.005 0.203 0.766 
 543 G _   0.012 0.000 0.000 0.002 0.001 0.005 0.208 0.772 
 544 E _   0.008 0.001 0.000 0.002 0.001 0.005 0.211 0.772 
 545 D _   0.006 0.001 0.000 0.003 0.001 0.006 0.213 0.769 
 546 E _   0.006 0.003 0.000 0.004 0.002 0.008 0.215 0.762 
 547 D _   0.007 0.008 0.000 0.008 0.003 0.010 0.216 0.748 
 548 E _   0.008 0.019 0.001 0.014 0.005 0.014 0.216 0.724 
 549 L _   0.009 0.035 0.001 0.024 0.008 0.017 0.215 0.691 
 550 F _   0.010 0.055 0.001 0.036 0.011 0.020 0.215 0.652 
 551 Q _   0.010 0.071 0.001 0.048 0.014 0.022 0.215 0.619 
 552 S _   0.010 0.082 0.001 0.058 0.015 0.023 0.216 0.596 
 553 I _   0.010 0.086 0.001 0.063 0.016 0.023 0.219 0.582 
 554 M _   0.010 0.087 0.001 0.062 0.016 0.022 0.223 0.580 
 555 E _   0.010 0.083 0.001 0.056 0.014 0.020 0.229 0.586 
 556 H _   0.010 0.074 0.001 0.047 0.012 0.019 0.237 0.601 
 557 N _   0.009 0.060 0.001 0.035 0.010 0.017 0.246 0.623 
 558 V _   0.009 0.042 0.001 0.023 0.007 0.015 0.255 0.647 
 559 A _   0.009 0.025 0.001 0.014 0.005 0.014 0.263 0.669 
 560 Y _   0.009 0.013 0.000 0.007 0.004 0.013 0.270 0.683 
 561 P _   0.009 0.007 0.000 0.004 0.003 0.013 0.276 0.688 
 562 K _   0.011 0.005 0.000 0.003 0.002 0.014 0.280 0.685 
 563 S _   0.014 0.004 0.000 0.003 0.003 0.017 0.283 0.676 
 564 M _   0.019 0.005 0.000 0.003 0.005 0.021 0.286 0.660 
 565 S _   0.026 0.009 0.001 0.006 0.008 0.028 0.289 0.633 
 566 K _   0.035 0.022 0.001 0.012 0.015 0.035 0.291 0.589 
 567 E _   0.041 0.047 0.002 0.022 0.023 0.041 0.294 0.530 
 568 A _   0.046 0.082 0.002 0.035 0.031 0.045 0.297 0.461 
 569 V _   0.048 0.116 0.002 0.049 0.036 0.047 0.301 0.401 
 570 A _   0.047 0.138 0.002 0.061 0.038 0.046 0.307 0.360 
 571 I _   0.046 0.150 0.002 0.068 0.038 0.044 0.316 0.337 
 572 C _   0.043 0.154 0.002 0.070 0.035 0.041 0.327 0.327 
 573 K X   0.039 0.152 0.002 0.068 0.031 0.037 0.342 0.329 
 574 G X   0.035 0.144 0.002 0.060 0.026 0.032 0.359 0.342 
 575 L X   0.030 0.127 0.002 0.049 0.021 0.027 0.380 0.364 
 576 M X   0.025 0.101 0.002 0.036 0.015 0.022 0.404 0.394 
 577 T X   0.021 0.072 0.001 0.025 0.010 0.017 0.428 0.426 
 578 K _   0.016 0.046 0.001 0.016 0.007 0.014 0.449 0.451 
 579 H _   0.012 0.029 0.001 0.010 0.004 0.010 0.466 0.468 
 580 P X   0.009 0.019 0.000 0.007 0.003 0.008 0.479 0.475 
 581 G X   0.007 0.014 0.000 0.005 0.002 0.006 0.489 0.476 
 582 K X   0.006 0.012 0.000 0.004 0.001 0.005 0.497 0.475 
 583 R X   0.005 0.010 0.000 0.004 0.001 0.005 0.503 0.472 
 584 L X   0.004 0.010 0.000 0.004 0.001 0.004 0.508 0.468 
 585 G X   0.004 0.010 0.000 0.004 0.001 0.004 0.512 0.465 
 586 C X   0.003 0.010 0.000 0.004 0.001 0.004 0.515 0.462 
 587 G X   0.003 0.011 0.000 0.004 0.001 0.004 0.516 0.459 
 588 P X   0.003 0.013 0.000 0.004 0.001 0.004 0.517 0.458 
 589 E X   0.003 0.014 0.000 0.004 0.001 0.004 0.517 0.455 
 590 G X   0.003 0.017 0.000 0.005 0.001 0.005 0.517 0.452 
 591 E X   0.003 0.022 0.000 0.006 0.002 0.006 0.515 0.447 
 592 R X   0.003 0.029 0.000 0.007 0.002 0.007 0.513 0.437 
 593 D X   0.004 0.041 0.000 0.010 0.003 0.009 0.510 0.422 
 594 I X   0.005 0.062 0.001 0.015 0.005 0.011 0.506 0.396 
 595 K X   0.005 0.092 0.001 0.021 0.007 0.013 0.501 0.360 
 596 E X   0.005 0.124 0.001 0.029 0.009 0.014 0.496 0.322 
 597 H X   0.005 0.153 0.001 0.036 0.010 0.015 0.493 0.287 
 598 A X   0.005 0.173 0.001 0.042 0.011 0.015 0.491 0.261 
 599 F X   0.005 0.185 0.001 0.046 0.011 0.015 0.492 0.245 
 600 F X   0.005 0.190 0.001 0.048 0.011 0.015 0.495 0.235 
 601 R X   0.005 0.191 0.001 0.047 0.011 0.014 0.499 0.231 
 602 Y X   0.005 0.188 0.001 0.045 0.010 0.014 0.506 0.232 
 603 I X   0.005 0.180 0.001 0.040 0.010 0.013 0.515 0.236 
 604 D X   0.006 0.166 0.001 0.035 0.009 0.012 0.528 0.244 
 605 W X   0.006 0.148 0.001 0.030 0.008 0.011 0.542 0.254 
 606 E X   0.006 0.126 0.001 0.024 0.007 0.011 0.560 0.265 
 607 K X   0.006 0.102 0.001 0.020 0.006 0.010 0.579 0.275 
 608 L X   0.006 0.080 0.001 0.016 0.005 0.009 0.599 0.284 
 609 E X   0.006 0.062 0.001 0.013 0.004 0.008 0.617 0.289 
 610 R X   0.006 0.047 0.000 0.011 0.003 0.007 0.634 0.291 
 611 K X   0.005 0.036 0.000 0.009 0.003 0.006 0.648 0.292 
 612 E X   0.005 0.027 0.000 0.007 0.002 0.006 0.661 0.292 
 613 I X   0.004 0.021 0.000 0.006 0.002 0.005 0.671 0.291 
 614 Q X   0.004 0.016 0.000 0.005 0.001 0.004 0.680 0.289 
 615 P X   0.003 0.012 0.000 0.004 0.001 0.004 0.687 0.288 
 616 P X   0.003 0.010 0.000 0.004 0.001 0.003 0.693 0.286 
 617 Y X   0.003 0.008 0.000 0.003 0.001 0.003 0.697 0.285 
 618 K X   0.002 0.007 0.000 0.003 0.001 0.003 0.700 0.284 
 619 P X   0.002 0.006 0.000 0.003 0.001 0.003 0.702 0.283 
 620 K X   0.002 0.006 0.000 0.003 0.001 0.003 0.703 0.282 
 621 A X   0.002 0.006 0.000 0.003 0.001 0.002 0.704 0.282 
 622 R X   0.002 0.006 0.000 0.003 0.001 0.002 0.703 0.283 
 623 D X   0.002 0.006 0.000 0.003 0.001 0.003 0.701 0.284 
 624 K X   0.002 0.007 0.000 0.003 0.001 0.003 0.699 0.285 
 625 R X   0.002 0.008 0.000 0.003 0.001 0.003 0.696 0.287 
 626 D X   0.002 0.010 0.000 0.004 0.001 0.003 0.692 0.289 
 627 T X   0.002 0.012 0.000 0.004 0.001 0.003 0.686 0.291 
 628 S X   0.002 0.015 0.000 0.005 0.001 0.004 0.680 0.293 
 629 N X   0.002 0.019 0.000 0.006 0.002 0.005 0.673 0.293 
 630 F X   0.002 0.026 0.000 0.007 0.002 0.005 0.665 0.293 
 631 D X   0.002 0.035 0.000 0.009 0.003 0.006 0.656 0.289 
 632 K X   0.002 0.045 0.000 0.011 0.003 0.007 0.646 0.285 
 633 E X   0.003 0.057 0.000 0.013 0.004 0.007 0.637 0.279 
 634 F X   0.003 0.070 0.001 0.014 0.004 0.008 0.628 0.272 
 635 T X   0.003 0.081 0.001 0.016 0.004 0.008 0.621 0.266 
 636 R X   0.003 0.091 0.001 0.016 0.004 0.008 0.615 0.261 
 637 Q X   0.003 0.099 0.001 0.016 0.004 0.008 0.610 0.259 
 638 P X   0.003 0.106 0.000 0.016 0.004 0.008 0.606 0.257 
 639 V X   0.003 0.110 0.000 0.014 0.004 0.008 0.602 0.257 
 640 E X   0.003 0.114 0.000 0.013 0.004 0.008 0.600 0.257 
 641 L X   0.003 0.117 0.000 0.012 0.004 0.008 0.598 0.258 
 642 T X   0.003 0.119 0.000 0.011 0.004 0.008 0.596 0.257 
 643 P X   0.003 0.122 0.000 0.011 0.004 0.008 0.595 0.256 
 644 T X   0.003 0.125 0.000 0.011 0.004 0.008 0.594 0.253 
 645 D X   0.004 0.128 0.000 0.012 0.004 0.008 0.594 0.250 
 646 K X   0.004 0.130 0.000 0.013 0.004 0.008 0.594 0.246 
 647 L X   0.004 0.132 0.000 0.013 0.004 0.008 0.595 0.243 
 648 F X   0.004 0.133 0.000 0.013 0.004 0.008 0.596 0.241 
 649 I X   0.004 0.133 0.000 0.013 0.004 0.007 0.598 0.240 
 650 M X   0.004 0.132 0.000 0.012 0.004 0.007 0.601 0.241 
 651 N X   0.003 0.130 0.000 0.011 0.004 0.006 0.604 0.242 
 652 L X   0.003 0.127 0.000 0.010 0.003 0.006 0.607 0.243 
 653 D X   0.003 0.124 0.000 0.009 0.003 0.006 0.611 0.244 
 654 Q X   0.003 0.121 0.000 0.008 0.003 0.006 0.615 0.245 
 655 N X   0.003 0.118 0.000 0.007 0.003 0.006 0.618 0.244 
 656 E X   0.003 0.116 0.000 0.007 0.002 0.006 0.622 0.242 
 657 F X   0.003 0.115 0.000 0.007 0.003 0.006 0.626 0.239 
 658 A X   0.003 0.115 0.000 0.008 0.003 0.006 0.629 0.235 
 659 G X   0.003 0.115 0.000 0.009 0.003 0.007 0.633 0.230 
 660 F X   0.004 0.116 0.000 0.009 0.003 0.007 0.637 0.224 
 661 S X   0.004 0.116 0.000 0.011 0.003 0.007 0.641 0.218 
 662 Y X   0.004 0.117 0.000 0.012 0.004 0.007 0.644 0.213 
 663 T X   0.003 0.116 0.000 0.013 0.004 0.007 0.649 0.208 
