#TopoPred_TM8: 8-state transmembrane topology prediction results by no_profile mode 
#probabilities are in the order of H E C I L F X _, the 8 transmembrane topology types used in PDBTM 
   1 M X   0.007 0.001 0.001 0.036 0.006 0.006 0.872 0.070 
   2 E X   0.002 0.000 0.000 0.018 0.001 0.002 0.897 0.079 
   3 Q X   0.001 0.000 0.000 0.008 0.000 0.001 0.903 0.086 
   4 P X   0.000 0.000 0.000 0.005 0.000 0.001 0.903 0.090 
   5 P X   0.001 0.000 0.000 0.004 0.000 0.001 0.901 0.094 
   6 A X   0.001 0.000 0.000 0.003 0.000 0.002 0.896 0.098 
   7 P X   0.001 0.000 0.000 0.004 0.001 0.002 0.889 0.103 
   8 K X   0.001 0.001 0.000 0.004 0.001 0.003 0.880 0.110 
   9 S X   0.001 0.001 0.000 0.006 0.001 0.004 0.868 0.119 
  10 K X   0.002 0.002 0.000 0.008 0.001 0.004 0.853 0.130 
  11 L X   0.002 0.003 0.000 0.009 0.002 0.005 0.835 0.145 
  12 K X   0.002 0.004 0.000 0.011 0.002 0.006 0.815 0.161 
  13 K X   0.002 0.005 0.000 0.012 0.002 0.006 0.795 0.178 
  14 L X   0.002 0.005 0.000 0.012 0.002 0.006 0.775 0.197 
  15 S X   0.002 0.006 0.000 0.011 0.002 0.006 0.754 0.217 
  16 E X   0.002 0.007 0.000 0.011 0.002 0.006 0.734 0.237 
  17 D X   0.002 0.008 0.000 0.010 0.002 0.007 0.713 0.257 
  18 S X   0.002 0.009 0.000 0.009 0.002 0.007 0.692 0.277 
  19 L X   0.003 0.010 0.000 0.009 0.003 0.007 0.671 0.296 
  20 T X   0.003 0.012 0.000 0.010 0.003 0.008 0.648 0.315 
  21 K X   0.003 0.015 0.000 0.011 0.003 0.009 0.625 0.333 
  22 Q X   0.004 0.019 0.001 0.013 0.004 0.011 0.600 0.349 
  23 P X   0.004 0.024 0.001 0.016 0.005 0.012 0.574 0.364 
  24 E X   0.005 0.030 0.001 0.020 0.006 0.014 0.547 0.377 
  25 E X   0.006 0.038 0.001 0.025 0.008 0.015 0.520 0.389 
  26 V X   0.006 0.045 0.001 0.030 0.009 0.016 0.493 0.400 
  27 F X   0.006 0.051 0.001 0.033 0.010 0.017 0.469 0.411 
  28 D X   0.007 0.055 0.001 0.036 0.010 0.018 0.448 0.425 
  29 V _   0.007 0.058 0.001 0.036 0.011 0.018 0.429 0.440 
  30 L _   0.007 0.058 0.001 0.034 0.010 0.017 0.413 0.459 
  31 E _   0.007 0.057 0.001 0.030 0.009 0.016 0.399 0.480 
  32 K _   0.007 0.055 0.001 0.025 0.008 0.016 0.386 0.502 
  33 L _   0.007 0.051 0.001 0.020 0.007 0.015 0.374 0.525 
  34 G _   0.007 0.048 0.001 0.016 0.006 0.014 0.362 0.546 
  35 E _   0.007 0.044 0.001 0.013 0.005 0.014 0.351 0.564 
  36 G _   0.007 0.042 0.001 0.011 0.005 0.014 0.340 0.579 
  37 S _   0.008 0.041 0.001 0.011 0.005 0.014 0.330 0.590 
  38 Y _   0.008 0.041 0.001 0.012 0.006 0.015 0.319 0.597 
  39 G _   0.009 0.042 0.001 0.014 0.007 0.016 0.308 0.602 
  40 S _   0.010 0.043 0.001 0.017 0.008 0.017 0.297 0.606 
  41 V _   0.011 0.045 0.001 0.020 0.009 0.018 0.287 0.610 
  42 F _   0.011 0.045 0.001 0.022 0.009 0.018 0.277 0.615 
  43 K _   0.012 0.045 0.001 0.022 0.010 0.018 0.268 0.623 
  44 A _   0.012 0.044 0.001 0.021 0.010 0.018 0.260 0.634 
  45 I _   0.012 0.042 0.001 0.020 0.009 0.018 0.253 0.646 
  46 H _   0.012 0.039 0.001 0.018 0.009 0.018 0.246 0.658 
  47 K _   0.012 0.036 0.001 0.016 0.008 0.017 0.239 0.670 
  48 E _   0.013 0.033 0.001 0.015 0.008 0.017 0.234 0.680 
  49 S _   0.013 0.031 0.001 0.014 0.008 0.017 0.228 0.688 
  50 G _   0.013 0.029 0.001 0.014 0.008 0.017 0.223 0.695 
  51 Q _   0.013 0.027 0.001 0.015 0.008 0.017 0.219 0.700 
  52 V _   0.013 0.026 0.001 0.016 0.008 0.016 0.214 0.706 
  53 V _   0.013 0.024 0.001 0.016 0.008 0.016 0.210 0.713 
  54 A _   0.013 0.022 0.001 0.016 0.007 0.016 0.206 0.720 
  55 I _   0.013 0.019 0.001 0.015 0.007 0.015 0.202 0.730 
  56 K _   0.012 0.016 0.001 0.013 0.006 0.014 0.198 0.741 
  57 Q _   0.011 0.012 0.001 0.010 0.005 0.013 0.195 0.753 
  58 V _   0.011 0.009 0.001 0.008 0.004 0.013 0.191 0.763 
  59 P _   0.011 0.007 0.000 0.006 0.004 0.013 0.187 0.772 
  60 V _   0.011 0.006 0.000 0.005 0.004 0.014 0.183 0.777 
  61 E _   0.012 0.006 0.000 0.005 0.004 0.016 0.178 0.779 
  62 S _   0.014 0.006 0.000 0.005 0.005 0.018 0.174 0.777 
  63 D _   0.018 0.008 0.001 0.007 0.006 0.021 0.169 0.771 
  64 L _   0.022 0.011 0.001 0.010 0.009 0.025 0.163 0.759 
  65 Q _   0.026 0.017 0.001 0.014 0.013 0.030 0.157 0.741 
  66 E _   0.030 0.026 0.001 0.020 0.018 0.034 0.151 0.720 
  67 I _   0.034 0.035 0.002 0.028 0.022 0.037 0.145 0.699 
  68 I _   0.037 0.043 0.002 0.034 0.025 0.038 0.140 0.682 
  69 K _   0.039 0.048 0.002 0.040 0.027 0.039 0.136 0.671 
  70 E _   0.039 0.051 0.002 0.043 0.027 0.038 0.132 0.668 
  71 I _   0.039 0.051 0.002 0.042 0.025 0.036 0.130 0.675 
  72 S _   0.038 0.048 0.002 0.038 0.023 0.033 0.128 0.691 
  73 I _   0.035 0.043 0.002 0.032 0.019 0.029 0.127 0.713 
  74 M _   0.032 0.035 0.001 0.025 0.015 0.026 0.126 0.741 
  75 Q _   0.028 0.025 0.001 0.018 0.011 0.022 0.125 0.770 
  76 Q _   0.024 0.016 0.001 0.012 0.008 0.019 0.124 0.796 
  77 C _   0.020 0.010 0.001 0.008 0.006 0.016 0.123 0.816 
  78 D _   0.017 0.006 0.000 0.006 0.004 0.015 0.122 0.830 
  79 S _   0.015 0.004 0.000 0.005 0.004 0.014 0.120 0.838 
  80 P _   0.013 0.004 0.000 0.005 0.004 0.013 0.119 0.842 
  81 Y _   0.013 0.003 0.000 0.007 0.004 0.013 0.117 0.843 
  82 V _   0.012 0.004 0.001 0.009 0.005 0.014 0.114 0.841 
  83 V _   0.012 0.004 0.001 0.011 0.006 0.014 0.112 0.839 
  84 K _   0.012 0.005 0.001 0.014 0.006 0.015 0.110 0.838 
  85 Y _   0.011 0.005 0.001 0.015 0.006 0.015 0.107 0.840 
  86 Y _   0.011 0.005 0.001 0.014 0.006 0.015 0.105 0.843 
  87 G _   0.010 0.004 0.001 0.013 0.006 0.015 0.102 0.849 
  88 S _   0.010 0.003 0.001 0.010 0.005 0.015 0.100 0.856 
  89 Y _   0.011 0.003 0.001 0.008 0.004 0.016 0.097 0.862 
  90 F _   0.012 0.002 0.000 0.006 0.004 0.017 0.094 0.864 
  91 K _   0.014 0.002 0.000 0.005 0.005 0.020 0.091 0.863 
  92 N _   0.019 0.002 0.001 0.005 0.006 0.024 0.088 0.856 
  93 T _   0.026 0.003 0.001 0.006 0.009 0.029 0.085 0.842 
  94 D _   0.035 0.005 0.001 0.009 0.013 0.036 0.081 0.819 
  95 L _   0.047 0.009 0.001 0.014 0.020 0.044 0.076 0.788 
  96 W _   0.059 0.014 0.002 0.021 0.028 0.051 0.072 0.754 
  97 I _   0.070 0.019 0.002 0.028 0.035 0.056 0.068 0.721 
  98 V _   0.078 0.023 0.002 0.033 0.041 0.060 0.064 0.698 
  99 M _   0.085 0.025 0.002 0.036 0.043 0.061 0.061 0.686 
 100 E _   0.088 0.026 0.002 0.035 0.043 0.061 0.059 0.686 
 101 Y _   0.089 0.024 0.002 0.030 0.041 0.059 0.057 0.697 
 102 C _   0.088 0.021 0.002 0.025 0.037 0.056 0.056 0.716 
 103 G _   0.086 0.017 0.002 0.019 0.031 0.052 0.055 0.738 
 104 A _   0.081 0.012 0.002 0.015 0.026 0.049 0.054 0.761 
 105 G _   0.076 0.009 0.001 0.012 0.022 0.045 0.053 0.782 
 106 S _   0.072 0.007 0.001 0.010 0.018 0.042 0.053 0.797 
 107 V _   0.067 0.006 0.001 0.010 0.015 0.039 0.053 0.810 
 108 S _   0.062 0.005 0.001 0.010 0.014 0.036 0.052 0.821 
 109 D _   0.057 0.004 0.001 0.010 0.012 0.033 0.052 0.830 
 110 I _   0.052 0.004 0.001 0.011 0.011 0.031 0.052 0.839 
 111 I _   0.048 0.003 0.001 0.011 0.010 0.028 0.051 0.847 
 112 R _   0.043 0.003 0.001 0.010 0.009 0.026 0.051 0.857 
 113 L _   0.039 0.002 0.001 0.008 0.008 0.024 0.050 0.867 
 114 R _   0.037 0.001 0.001 0.007 0.007 0.023 0.050 0.875 
 115 N _   0.035 0.001 0.001 0.005 0.006 0.022 0.049 0.881 
 116 K _   0.034 0.001 0.001 0.004 0.005 0.022 0.049 0.885 
 117 T _   0.035 0.000 0.001 0.004 0.005 0.022 0.048 0.886 
 118 L _   0.037 0.000 0.001 0.004 0.006 0.023 0.047 0.882 
 119 I _   0.042 0.000 0.001 0.004 0.007 0.025 0.046 0.875 
 120 E _   0.047 0.001 0.001 0.005 0.009 0.028 0.045 0.864 
 121 D _   0.053 0.001 0.001 0.007 0.011 0.031 0.044 0.852 
 122 E _   0.058 0.002 0.001 0.009 0.013 0.034 0.043 0.838 
 123 I _   0.064 0.003 0.001 0.012 0.016 0.036 0.043 0.826 
 124 A _   0.069 0.003 0.001 0.013 0.018 0.038 0.042 0.815 
 125 T _   0.072 0.004 0.001 0.014 0.019 0.039 0.041 0.810 
 126 I _   0.074 0.004 0.001 0.013 0.019 0.040 0.040 0.809 
 127 L _   0.074 0.004 0.001 0.012 0.018 0.039 0.040 0.811 
 128 K _   0.074 0.004 0.001 0.011 0.017 0.039 0.039 0.815 
 129 S _   0.072 0.003 0.001 0.010 0.016 0.038 0.039 0.820 
 130 T _   0.071 0.003 0.001 0.009 0.015 0.038 0.039 0.825 
 131 L _   0.070 0.003 0.001 0.008 0.014 0.037 0.038 0.828 
 132 K _   0.068 0.003 0.001 0.009 0.014 0.037 0.038 0.829 
 133 G _   0.067 0.004 0.001 0.010 0.015 0.036 0.038 0.829 
 134 L _   0.065 0.005 0.001 0.011 0.015 0.036 0.038 0.828 
 135 E _   0.063 0.006 0.001 0.013 0.016 0.035 0.038 0.828 
 136 Y _   0.060 0.007 0.001 0.016 0.016 0.033 0.038 0.828 
 137 L _   0.056 0.008 0.001 0.017 0.016 0.031 0.038 0.832 
 138 H _   0.051 0.008 0.001 0.018 0.015 0.029 0.038 0.838 
 139 F _   0.046 0.008 0.001 0.018 0.014 0.027 0.038 0.848 
 140 M _   0.040 0.008 0.001 0.016 0.012 0.024 0.039 0.861 
 141 R _   0.034 0.007 0.001 0.014 0.009 0.021 0.039 0.875 
 142 K _   0.029 0.006 0.001 0.011 0.007 0.018 0.040 0.889 
 143 I _   0.024 0.005 0.001 0.009 0.006 0.016 0.040 0.900 
 144 H _   0.020 0.004 0.001 0.007 0.005 0.014 0.040 0.909 
 145 R _   0.017 0.004 0.000 0.006 0.004 0.013 0.040 0.915 
 146 D _   0.015 0.004 0.000 0.006 0.004 0.013 0.039 0.918 
 147 I _   0.014 0.004 0.000 0.007 0.004 0.013 0.039 0.918 
 148 K _   0.014 0.006 0.001 0.008 0.005 0.013 0.039 0.916 
 149 A _   0.013 0.007 0.001 0.011 0.005 0.013 0.038 0.911 
 150 G _   0.013 0.010 0.001 0.014 0.006 0.014 0.038 0.905 
 151 N _   0.013 0.012 0.001 0.017 0.007 0.014 0.037 0.899 
 152 I _   0.013 0.014 0.001 0.019 0.008 0.014 0.037 0.895 
 153 L _   0.012 0.015 0.001 0.020 0.007 0.014 0.037 0.894 
 154 L _   0.012 0.015 0.001 0.019 0.007 0.013 0.037 0.896 
 155 N _   0.011 0.015 0.001 0.017 0.006 0.013 0.036 0.902 
 156 T _   0.010 0.013 0.001 0.014 0.005 0.012 0.036 0.909 
 157 E _   0.009 0.012 0.001 0.011 0.004 0.011 0.036 0.916 
 158 G _   0.009 0.011 0.000 0.008 0.004 0.011 0.036 0.921 
 159 H _   0.009 0.010 0.000 0.007 0.003 0.011 0.036 0.924 
 160 A _   0.009 0.010 0.000 0.006 0.003 0.011 0.035 0.924 
 161 K _   0.010 0.011 0.000 0.007 0.004 0.012 0.035 0.920 
 162 L _   0.011 0.013 0.001 0.009 0.005 0.014 0.034 0.913 
 163 A _   0.012 0.017 0.001 0.013 0.006 0.016 0.033 0.902 
 164 D _   0.013 0.021 0.001 0.017 0.008 0.018 0.033 0.888 
 165 F _   0.015 0.026 0.001 0.023 0.010 0.020 0.032 0.875 
 166 G _   0.015 0.029 0.001 0.028 0.011 0.021 0.031 0.864 
 167 V _   0.016 0.031 0.001 0.031 0.012 0.021 0.031 0.857 
 168 A _   0.016 0.032 0.001 0.031 0.012 0.021 0.031 0.857 
 169 G _   0.016 0.030 0.001 0.029 0.011 0.021 0.031 0.862 
 170 Q _   0.015 0.027 0.001 0.025 0.010 0.020 0.031 0.871 
 171 L _   0.015 0.022 0.001 0.020 0.009 0.019 0.031 0.884 
 172 T _   0.015 0.016 0.001 0.015 0.007 0.018 0.031 0.897 
 173 D _   0.014 0.011 0.001 0.011 0.006 0.017 0.031 0.909 
 174 T _   0.015 0.007 0.001 0.008 0.005 0.017 0.031 0.917 
 175 M _   0.015 0.004 0.001 0.006 0.005 0.017 0.031 0.921 
 176 A _   0.017 0.003 0.000 0.005 0.005 0.018 0.031 0.921 
 177 K _   0.019 0.002 0.001 0.005 0.005 0.020 0.030 0.918 
 178 R _   0.022 0.002 0.001 0.006 0.006 0.022 0.030 0.911 
 179 N _   0.026 0.002 0.001 0.007 0.008 0.025 0.030 0.902 
 180 T _   0.031 0.003 0.001 0.009 0.010 0.028 0.029 0.890 
 181 V _   0.036 0.003 0.001 0.011 0.012 0.031 0.028 0.877 
 182 I _   0.042 0.004 0.001 0.014 0.015 0.034 0.028 0.862 
 183 G _   0.049 0.004 0.001 0.015 0.017 0.037 0.027 0.848 
 184 T _   0.055 0.005 0.001 0.016 0.019 0.040 0.027 0.837 
 185 P _   0.061 0.005 0.001 0.017 0.021 0.042 0.026 0.828 
 186 F _   0.066 0.004 0.001 0.016 0.021 0.043 0.026 0.822 
 187 W _   0.071 0.004 0.001 0.014 0.021 0.044 0.026 0.819 
 188 M _   0.076 0.003 0.001 0.013 0.020 0.044 0.026 0.817 
 189 A _   0.082 0.002 0.001 0.011 0.019 0.044 0.025 0.816 
 190 P _   0.088 0.002 0.001 0.010 0.018 0.043 0.025 0.813 
 191 E _   0.096 0.001 0.001 0.008 0.017 0.042 0.025 0.809 
 192 V _   0.106 0.001 0.001 0.007 0.015 0.042 0.025 0.802 
 193 I _   0.118 0.001 0.001 0.006 0.015 0.041 0.025 0.793 
 194 Q _   0.132 0.000 0.001 0.005 0.014 0.041 0.025 0.781 
 195 E _   0.147 0.000 0.001 0.005 0.014 0.041 0.025 0.766 
 196 I _   0.165 0.000 0.001 0.004 0.014 0.041 0.025 0.749 
 197 G _   0.185 0.000 0.001 0.004 0.015 0.042 0.025 0.728 
 198 Y _   0.208 0.000 0.001 0.003 0.016 0.043 0.025 0.703 
 199 N _   0.234 0.000 0.001 0.003 0.018 0.044 0.025 0.674 
 200 C _   0.261 0.000 0.001 0.003 0.020 0.045 0.026 0.643 
 201 V _   0.291 0.000 0.001 0.003 0.023 0.047 0.027 0.608 
 202 A _   0.318 0.000 0.002 0.003 0.027 0.049 0.027 0.574 
 203 D _   0.341 0.000 0.002 0.004 0.032 0.051 0.029 0.542 
 204 I _   0.359 0.001 0.002 0.005 0.037 0.052 0.030 0.514 
 205 W _   0.370 0.002 0.002 0.007 0.042 0.053 0.033 0.493 
 206 S _   0.371 0.003 0.002 0.009 0.045 0.052 0.036 0.481 
 207 L _   0.362 0.005 0.002 0.013 0.047 0.052 0.040 0.479 
 208 G _   0.343 0.007 0.003 0.017 0.048 0.050 0.045 0.488 
 209 I _   0.315 0.009 0.003 0.021 0.046 0.047 0.050 0.507 
 210 T _   0.280 0.011 0.003 0.025 0.042 0.044 0.057 0.538 
 211 S _   0.239 0.011 0.002 0.027 0.036 0.040 0.065 0.580 
 212 I _   0.195 0.010 0.002 0.026 0.028 0.034 0.074 0.629 
 213 E _   0.151 0.009 0.002 0.023 0.020 0.029 0.084 0.683 
 214 M _   0.111 0.007 0.001 0.019 0.014 0.023 0.093 0.733 
 215 A _   0.077 0.004 0.001 0.013 0.008 0.018 0.100 0.778 
 216 E _   0.050 0.002 0.001 0.008 0.005 0.013 0.106 0.814 
 217 G _   0.031 0.001 0.000 0.005 0.003 0.010 0.111 0.838 
 218 K _   0.019 0.001 0.000 0.003 0.002 0.008 0.114 0.853 
 219 P _   0.012 0.001 0.000 0.002 0.001 0.007 0.116 0.860 
 220 P _   0.009 0.001 0.000 0.002 0.001 0.007 0.118 0.862 
 221 Y _   0.009 0.002 0.000 0.002 0.002 0.009 0.118 0.858 
 222 A _   0.010 0.005 0.000 0.004 0.003 0.012 0.119 0.848 
 223 D _   0.013 0.015 0.001 0.008 0.006 0.017 0.118 0.823 
 224 I _   0.017 0.041 0.001 0.017 0.011 0.023 0.117 0.774 
 225 H _   0.019 0.092 0.002 0.032 0.017 0.028 0.114 0.697 
 226 P _   0.020 0.157 0.002 0.051 0.022 0.031 0.112 0.605 
 227 M _   0.020 0.210 0.002 0.068 0.025 0.032 0.110 0.532 
 228 R _   0.020 0.241 0.002 0.081 0.026 0.032 0.110 0.487 
 229 A _   0.019 0.255 0.002 0.088 0.026 0.031 0.112 0.467 
 230 I _   0.018 0.259 0.002 0.089 0.024 0.029 0.115 0.464 
 231 F _   0.017 0.253 0.002 0.082 0.022 0.026 0.119 0.478 
 232 M _   0.016 0.237 0.002 0.070 0.019 0.023 0.125 0.508 
 233 I _   0.015 0.205 0.002 0.055 0.015 0.020 0.133 0.555 
 234 P _   0.014 0.157 0.002 0.039 0.012 0.017 0.142 0.617 
 235 T _   0.013 0.104 0.001 0.025 0.008 0.014 0.152 0.682 
 236 N _   0.012 0.061 0.001 0.015 0.005 0.012 0.160 0.734 
 237 P _   0.010 0.036 0.000 0.009 0.003 0.010 0.166 0.766 
 238 P _   0.008 0.024 0.000 0.006 0.002 0.008 0.170 0.782 
 239 P _   0.007 0.018 0.000 0.004 0.002 0.007 0.173 0.788 
 240 T _   0.007 0.016 0.000 0.004 0.002 0.007 0.175 0.790 
 241 F _   0.006 0.015 0.000 0.005 0.002 0.007 0.176 0.789 
 242 R _   0.006 0.016 0.000 0.006 0.002 0.007 0.176 0.787 
 243 K _   0.006 0.017 0.000 0.007 0.002 0.008 0.176 0.784 
 244 P _   0.006 0.019 0.000 0.008 0.003 0.008 0.176 0.780 
 245 E _   0.005 0.022 0.000 0.009 0.003 0.008 0.175 0.776 
 246 L _   0.005 0.025 0.000 0.011 0.003 0.009 0.174 0.772 
 247 W _   0.005 0.029 0.000 0.012 0.004 0.009 0.173 0.768 
 248 S _   0.005 0.032 0.000 0.013 0.004 0.010 0.172 0.763 
 249 D _   0.006 0.036 0.001 0.015 0.005 0.010 0.170 0.757 
 250 D _   0.006 0.041 0.001 0.017 0.005 0.011 0.170 0.750 
 251 F _   0.006 0.045 0.001 0.020 0.006 0.012 0.169 0.743 
 252 T _   0.007 0.048 0.001 0.022 0.006 0.012 0.168 0.736 
 253 D _   0.007 0.051 0.001 0.024 0.007 0.013 0.168 0.730 
 254 F _   0.007 0.052 0.001 0.025 0.007 0.013 0.169 0.727 
 255 V _   0.007 0.052 0.001 0.024 0.007 0.012 0.170 0.726 
 256 K _   0.007 0.051 0.001 0.023 0.006 0.012 0.171 0.728 
 257 K _   0.007 0.049 0.001 0.020 0.006 0.011 0.173 0.733 
 258 C _   0.007 0.045 0.001 0.017 0.005 0.010 0.175 0.740 
 259 L _   0.007 0.041 0.001 0.013 0.004 0.010 0.177 0.748 
 260 V _   0.006 0.036 0.000 0.010 0.003 0.009 0.179 0.755 
 261 K _   0.006 0.033 0.000 0.008 0.003 0.009 0.180 0.760 
 262 N _   0.006 0.031 0.000 0.007 0.003 0.009 0.181 0.762 
 263 P _   0.007 0.030 0.000 0.006 0.003 0.010 0.182 0.762 
 264 E _   0.007 0.031 0.000 0.007 0.003 0.011 0.183 0.757 
 265 Q _   0.008 0.034 0.000 0.009 0.004 0.013 0.183 0.749 
 266 R _   0.009 0.038 0.001 0.012 0.005 0.015 0.183 0.737 
 267 A _   0.010 0.045 0.001 0.017 0.007 0.017 0.183 0.720 
 268 T _   0.011 0.053 0.001 0.024 0.009 0.018 0.183 0.701 
 269 A _   0.011 0.061 0.001 0.030 0.011 0.019 0.183 0.684 
 270 T _   0.011 0.065 0.001 0.036 0.012 0.020 0.184 0.670 
 271 Q _   0.011 0.068 0.001 0.039 0.013 0.020 0.186 0.663 
 272 L _   0.011 0.067 0.001 0.039 0.012 0.019 0.188 0.662 
 273 L _   0.011 0.064 0.001 0.036 0.011 0.018 0.192 0.668 
 274 Q _   0.010 0.057 0.001 0.030 0.010 0.016 0.196 0.679 
 275 H _   0.010 0.047 0.001 0.024 0.008 0.015 0.200 0.694 
 276 P _   0.009 0.035 0.001 0.018 0.007 0.014 0.205 0.711 
 277 F _   0.009 0.024 0.001 0.012 0.005 0.013 0.210 0.725 
 278 I _   0.009 0.016 0.001 0.008 0.004 0.012 0.215 0.735 
 279 K _   0.010 0.010 0.000 0.006 0.003 0.012 0.219 0.739 
 280 N _   0.011 0.007 0.000 0.004 0.003 0.013 0.222 0.738 
 281 A _   0.013 0.006 0.000 0.004 0.003 0.015 0.225 0.734 
 282 K _   0.015 0.006 0.000 0.004 0.004 0.017 0.228 0.726 
 283 P _   0.019 0.007 0.001 0.005 0.005 0.020 0.231 0.713 
 284 V _   0.025 0.009 0.001 0.006 0.007 0.025 0.233 0.695 
 285 S _   0.031 0.014 0.001 0.009 0.011 0.030 0.235 0.671 
 286 I _   0.038 0.022 0.001 0.012 0.015 0.035 0.237 0.639 
 287 L _   0.044 0.035 0.001 0.018 0.021 0.039 0.240 0.602 
 288 R _   0.048 0.050 0.002 0.025 0.026 0.043 0.243 0.564 
 289 D _   0.051 0.065 0.002 0.032 0.030 0.044 0.247 0.529 
 290 L _   0.052 0.077 0.002 0.039 0.032 0.045 0.253 0.501 
 291 I _   0.051 0.085 0.002 0.045 0.032 0.043 0.260 0.482 
 292 T _   0.049 0.089 0.002 0.048 0.031 0.041 0.268 0.472 
 293 E _   0.045 0.089 0.002 0.048 0.028 0.037 0.279 0.471 
 294 A _   0.041 0.087 0.002 0.046 0.024 0.033 0.290 0.477 
 295 M _   0.036 0.080 0.002 0.040 0.019 0.029 0.304 0.490 
 296 E _   0.031 0.070 0.001 0.033 0.015 0.025 0.319 0.506 
 297 I _   0.026 0.057 0.001 0.026 0.011 0.020 0.334 0.525 
 298 K _   0.022 0.042 0.001 0.019 0.008 0.016 0.349 0.544 
 299 A _   0.017 0.029 0.001 0.013 0.005 0.013 0.362 0.558 
 300 K _   0.014 0.020 0.000 0.009 0.004 0.011 0.374 0.568 
 301 R _   0.011 0.014 0.000 0.007 0.003 0.009 0.383 0.573 
 302 H _   0.009 0.010 0.000 0.006 0.002 0.007 0.391 0.575 
 303 E _   0.008 0.008 0.000 0.005 0.002 0.007 0.397 0.574 
 304 E _   0.007 0.007 0.000 0.005 0.002 0.006 0.402 0.571 
 305 Q _   0.006 0.006 0.000 0.005 0.002 0.006 0.407 0.568 
 306 Q _   0.006 0.005 0.000 0.006 0.002 0.006 0.410 0.565 
 307 R _   0.006 0.005 0.000 0.007 0.002 0.006 0.413 0.562 
 308 E _   0.005 0.005 0.000 0.007 0.002 0.005 0.416 0.560 
 309 L _   0.005 0.005 0.000 0.007 0.002 0.005 0.417 0.559 
 310 E _   0.004 0.004 0.000 0.007 0.002 0.005 0.418 0.560 
 311 E _   0.004 0.004 0.000 0.006 0.001 0.004 0.419 0.561 
 312 E _   0.004 0.004 0.000 0.005 0.001 0.004 0.418 0.563 
 313 E _   0.003 0.004 0.000 0.004 0.001 0.004 0.417 0.566 
 314 E _   0.003 0.004 0.000 0.004 0.001 0.004 0.415 0.569 
 315 N _   0.003 0.005 0.000 0.003 0.001 0.004 0.412 0.572 
 316 S _   0.003 0.006 0.000 0.003 0.001 0.004 0.408 0.575 
 317 D _   0.003 0.007 0.000 0.004 0.001 0.005 0.402 0.578 
 318 E _   0.003 0.011 0.000 0.005 0.002 0.006 0.395 0.579 
 319 D _   0.003 0.018 0.000 0.007 0.002 0.007 0.385 0.577 
 320 E _   0.004 0.030 0.000 0.010 0.003 0.010 0.373 0.569 
 321 L _   0.005 0.050 0.001 0.014 0.005 0.013 0.358 0.555 
 322 D _   0.006 0.078 0.001 0.019 0.006 0.015 0.341 0.534 
 323 S _   0.006 0.115 0.001 0.023 0.008 0.018 0.322 0.506 
 324 H _   0.007 0.155 0.001 0.027 0.010 0.020 0.302 0.476 
 325 T _   0.007 0.194 0.001 0.029 0.012 0.022 0.285 0.449 
 326 M _   0.008 0.231 0.001 0.030 0.013 0.024 0.269 0.424 
 327 V _   0.009 0.263 0.001 0.031 0.014 0.025 0.256 0.402 
 328 K _   0.010 0.291 0.001 0.031 0.015 0.026 0.244 0.382 
 329 T _   0.011 0.315 0.001 0.030 0.017 0.027 0.234 0.364 
 330 S _   0.012 0.335 0.001 0.031 0.018 0.028 0.226 0.349 
 331 V E   0.013 0.351 0.001 0.032 0.019 0.029 0.220 0.336 
 332 E E   0.013 0.364 0.001 0.032 0.019 0.028 0.215 0.327 
 333 S E   0.014 0.372 0.001 0.033 0.019 0.028 0.211 0.322 
 334 V E   0.015 0.377 0.001 0.033 0.018 0.027 0.208 0.322 
 335 G E   0.015 0.376 0.001 0.031 0.017 0.026 0.207 0.327 
 336 T E   0.015 0.372 0.001 0.029 0.015 0.024 0.206 0.338 
 337 M E   0.015 0.362 0.001 0.025 0.014 0.023 0.205 0.356 
 338 R _   0.015 0.346 0.001 0.021 0.012 0.021 0.206 0.378 
 339 A _   0.014 0.328 0.001 0.017 0.010 0.020 0.206 0.403 
 340 T _   0.013 0.310 0.001 0.013 0.009 0.019 0.207 0.427 
 341 S _   0.013 0.295 0.001 0.011 0.008 0.019 0.207 0.446 
 342 T _   0.012 0.286 0.001 0.010 0.007 0.018 0.208 0.458 
 343 M _   0.012 0.281 0.001 0.010 0.007 0.018 0.208 0.463 
 344 S _   0.012 0.279 0.001 0.011 0.007 0.018 0.209 0.463 
 345 E _   0.012 0.279 0.001 0.013 0.008 0.018 0.209 0.459 
 346 G _   0.012 0.280 0.001 0.016 0.008 0.018 0.210 0.455 
 347 A _   0.012 0.280 0.001 0.018 0.009 0.017 0.211 0.453 
 348 Q _   0.011 0.278 0.001 0.019 0.009 0.017 0.212 0.453 
 349 T _   0.011 0.273 0.001 0.019 0.009 0.016 0.214 0.457 
 350 M _   0.011 0.265 0.001 0.018 0.008 0.016 0.217 0.465 
 351 I _   0.010 0.254 0.001 0.015 0.007 0.015 0.220 0.477 
 352 E _   0.010 0.242 0.001 0.013 0.007 0.015 0.223 0.489 
 353 H _   0.009 0.232 0.001 0.011 0.006 0.015 0.227 0.500 
 354 N _   0.010 0.224 0.001 0.010 0.006 0.015 0.230 0.506 
 355 S _   0.010 0.219 0.001 0.009 0.006 0.016 0.233 0.507 
 356 T _   0.011 0.217 0.001 0.010 0.006 0.016 0.236 0.503 
 357 M _   0.012 0.218 0.001 0.012 0.007 0.017 0.239 0.495 
 358 L _   0.012 0.222 0.001 0.016 0.008 0.018 0.242 0.481 
 359 E _   0.013 0.227 0.001 0.021 0.010 0.018 0.245 0.466 
 360 S _   0.013 0.231 0.001 0.026 0.011 0.019 0.250 0.449 
 361 D _   0.013 0.234 0.001 0.032 0.012 0.018 0.255 0.435 
 362 L _   0.013 0.233 0.001 0.036 0.012 0.018 0.261 0.425 
 363 G _   0.013 0.228 0.001 0.038 0.012 0.017 0.270 0.421 
 364 T _   0.013 0.218 0.001 0.037 0.011 0.016 0.280 0.423 
 365 M _   0.012 0.201 0.001 0.035 0.010 0.014 0.293 0.434 
 366 V _   0.011 0.174 0.001 0.030 0.009 0.013 0.308 0.453 
 367 I _   0.010 0.141 0.001 0.024 0.007 0.011 0.326 0.479 
 368 N _   0.009 0.107 0.001 0.018 0.006 0.010 0.343 0.507 
 369 S _   0.008 0.078 0.001 0.013 0.004 0.008 0.358 0.530 
 370 E _   0.007 0.058 0.000 0.009 0.003 0.007 0.370 0.546 
 371 D _   0.006 0.046 0.000 0.006 0.002 0.006 0.380 0.555 
 372 E _   0.005 0.039 0.000 0.004 0.001 0.005 0.386 0.559 
 373 E _   0.004 0.036 0.000 0.004 0.001 0.004 0.391 0.559 
 374 E _   0.004 0.035 0.000 0.004 0.001 0.004 0.394 0.558 
 375 E _   0.003 0.036 0.000 0.004 0.001 0.005 0.396 0.555 
 376 D _   0.003 0.038 0.000 0.005 0.001 0.005 0.397 0.551 
 377 G _   0.003 0.041 0.000 0.006 0.002 0.005 0.397 0.545 
 378 T _   0.003 0.047 0.000 0.007 0.002 0.006 0.396 0.539 
 379 M _   0.003 0.054 0.000 0.009 0.002 0.007 0.395 0.530 
 380 K _   0.003 0.063 0.000 0.010 0.003 0.007 0.393 0.520 
 381 R _   0.003 0.073 0.000 0.012 0.003 0.008 0.391 0.509 
 382 N _   0.003 0.085 0.000 0.014 0.003 0.009 0.390 0.496 
 383 A _   0.004 0.097 0.000 0.015 0.004 0.010 0.388 0.482 
 384 T _   0.004 0.110 0.001 0.018 0.005 0.010 0.387 0.467 
 385 S _   0.004 0.122 0.001 0.020 0.005 0.011 0.386 0.451 
 386 P _   0.004 0.134 0.001 0.023 0.006 0.012 0.385 0.435 
 387 Q _   0.005 0.145 0.001 0.026 0.007 0.012 0.386 0.419 
 388 V _   0.005 0.153 0.001 0.030 0.007 0.013 0.387 0.405 
 389 Q _   0.005 0.159 0.001 0.033 0.008 0.013 0.389 0.393 
 390 R X   0.005 0.162 0.001 0.035 0.008 0.013 0.392 0.384 
 391 P X   0.006 0.162 0.001 0.036 0.008 0.013 0.397 0.378 
 392 S X   0.006 0.159 0.001 0.036 0.008 0.012 0.403 0.375 
 393 F X   0.006 0.152 0.001 0.035 0.008 0.012 0.411 0.375 
 394 M X   0.006 0.142 0.001 0.032 0.007 0.011 0.422 0.380 
 395 D X   0.006 0.126 0.001 0.028 0.007 0.010 0.434 0.389 
 396 Y X   0.006 0.106 0.001 0.023 0.006 0.009 0.447 0.402 
 397 F X   0.006 0.084 0.001 0.018 0.005 0.008 0.461 0.416 
 398 D X   0.006 0.063 0.001 0.014 0.004 0.007 0.475 0.430 
 399 K X   0.005 0.046 0.000 0.011 0.003 0.006 0.487 0.441 
 400 Q X   0.005 0.033 0.000 0.008 0.002 0.006 0.497 0.449 
 401 D X   0.004 0.025 0.000 0.006 0.002 0.005 0.505 0.453 
 402 F X   0.004 0.019 0.000 0.005 0.001 0.004 0.511 0.455 
 403 K X   0.003 0.016 0.000 0.004 0.001 0.004 0.516 0.456 
 404 N X   0.003 0.014 0.000 0.004 0.001 0.004 0.519 0.455 
 405 K X   0.003 0.013 0.000 0.004 0.001 0.004 0.521 0.455 
 406 S X   0.003 0.013 0.000 0.004 0.001 0.004 0.521 0.455 
 407 H X   0.002 0.013 0.000 0.004 0.001 0.004 0.521 0.455 
 408 E X   0.002 0.013 0.000 0.005 0.001 0.004 0.520 0.455 
 409 N X   0.002 0.014 0.000 0.005 0.001 0.004 0.518 0.455 
 410 C X   0.002 0.015 0.000 0.006 0.001 0.004 0.516 0.454 
 411 N X   0.002 0.017 0.000 0.007 0.002 0.005 0.513 0.453 
 412 Q X   0.002 0.020 0.000 0.009 0.002 0.005 0.510 0.451 
 413 N X   0.003 0.023 0.000 0.011 0.002 0.006 0.507 0.448 
 414 M X   0.003 0.027 0.000 0.013 0.003 0.007 0.504 0.444 
 415 H X   0.003 0.030 0.000 0.016 0.003 0.007 0.501 0.440 
 416 E X   0.003 0.033 0.000 0.018 0.004 0.007 0.499 0.436 
 417 P X   0.003 0.036 0.000 0.020 0.004 0.008 0.497 0.433 
 418 F X   0.003 0.037 0.000 0.020 0.004 0.008 0.496 0.431 
 419 P X   0.003 0.037 0.000 0.020 0.004 0.007 0.497 0.431 
 420 M X   0.003 0.036 0.000 0.019 0.004 0.007 0.498 0.432 
 421 S X   0.003 0.035 0.000 0.017 0.004 0.007 0.500 0.435 
 422 K X   0.003 0.033 0.000 0.015 0.003 0.006 0.502 0.438 
 423 N X   0.003 0.030 0.000 0.013 0.003 0.006 0.505 0.440 
 424 V X   0.003 0.027 0.000 0.011 0.003 0.006 0.508 0.442 
 425 F X   0.003 0.024 0.000 0.009 0.002 0.005 0.511 0.444 
 426 P X   0.003 0.022 0.000 0.008 0.002 0.005 0.514 0.445 
 427 D X   0.003 0.020 0.000 0.008 0.002 0.005 0.517 0.445 
 428 N X   0.003 0.019 0.000 0.007 0.002 0.004 0.520 0.446 
 429 W X   0.003 0.017 0.000 0.006 0.002 0.004 0.522 0.446 
 430 K X   0.003 0.016 0.000 0.006 0.002 0.004 0.523 0.446 
 431 V X   0.003 0.015 0.000 0.005 0.001 0.004 0.525 0.447 
 432 P X   0.003 0.015 0.000 0.005 0.001 0.004 0.525 0.447 
 433 Q X   0.002 0.015 0.000 0.004 0.001 0.004 0.526 0.447 
 434 D X   0.002 0.015 0.000 0.004 0.001 0.004 0.526 0.447 
 435 G X   0.002 0.016 0.000 0.004 0.001 0.004 0.525 0.446 
 436 D X   0.003 0.017 0.000 0.005 0.002 0.005 0.524 0.444 
 437 F X   0.003 0.020 0.000 0.006 0.002 0.006 0.523 0.440 
 438 D X   0.003 0.023 0.000 0.007 0.002 0.007 0.521 0.436 
 439 F X   0.004 0.028 0.000 0.009 0.003 0.008 0.520 0.429 
 440 L X   0.004 0.034 0.000 0.011 0.004 0.009 0.517 0.420 
 441 K X   0.004 0.041 0.000 0.014 0.005 0.010 0.515 0.411 
 442 N X   0.005 0.047 0.001 0.017 0.005 0.011 0.514 0.401 
 443 L X   0.005 0.053 0.001 0.020 0.006 0.011 0.513 0.391 
 444 S X   0.005 0.057 0.001 0.023 0.007 0.012 0.513 0.384 
 445 L X   0.005 0.059 0.001 0.024 0.007 0.012 0.514 0.377 
 446 E X   0.006 0.060 0.001 0.025 0.007 0.012 0.516 0.373 
 447 E X   0.006 0.060 0.001 0.024 0.007 0.012 0.519 0.371 
 448 L X   0.006 0.057 0.001 0.022 0.007 0.011 0.523 0.372 
 449 Q X   0.006 0.053 0.001 0.020 0.006 0.010 0.528 0.376 
 450 M X   0.006 0.048 0.001 0.016 0.005 0.009 0.535 0.381 
 451 R X   0.006 0.041 0.001 0.012 0.004 0.009 0.541 0.386 
 452 L X   0.006 0.034 0.000 0.009 0.004 0.008 0.548 0.391 
 453 K X   0.005 0.028 0.000 0.007 0.003 0.007 0.554 0.394 
 454 A X   0.005 0.024 0.000 0.005 0.002 0.007 0.560 0.395 
 455 L X   0.005 0.022 0.000 0.005 0.002 0.007 0.566 0.394 
 456 D X   0.005 0.020 0.000 0.004 0.002 0.007 0.570 0.391 
 457 P X   0.005 0.020 0.000 0.005 0.002 0.007 0.575 0.386 
 458 M X   0.005 0.020 0.000 0.005 0.003 0.007 0.579 0.380 
 459 M X   0.006 0.021 0.000 0.007 0.003 0.008 0.583 0.373 
 460 E X   0.006 0.023 0.000 0.008 0.003 0.008 0.587 0.364 
 461 R X   0.006 0.024 0.000 0.010 0.004 0.009 0.591 0.356 
 462 E X   0.006 0.026 0.000 0.012 0.004 0.009 0.596 0.347 
 463 I X   0.006 0.027 0.001 0.013 0.005 0.009 0.601 0.339 
 464 E X   0.006 0.028 0.001 0.014 0.005 0.009 0.607 0.331 
 465 E X   0.006 0.028 0.001 0.014 0.005 0.009 0.613 0.325 
 466 L X   0.006 0.027 0.001 0.013 0.005 0.009 0.621 0.319 
 467 R X   0.006 0.026 0.000 0.012 0.004 0.008 0.629 0.314 
 468 Q X   0.005 0.024 0.000 0.011 0.004 0.008 0.638 0.309 
 469 R X   0.005 0.022 0.000 0.010 0.004 0.007 0.647 0.304 
 470 Y X   0.005 0.021 0.000 0.009 0.003 0.007 0.657 0.298 
 471 T X   0.005 0.019 0.000 0.008 0.003 0.007 0.667 0.291 
 472 A X   0.004 0.018 0.000 0.008 0.003 0.007 0.677 0.283 
 473 K X   0.004 0.017 0.000 0.008 0.003 0.006 0.688 0.274 
 474 R X   0.004 0.016 0.000 0.008 0.003 0.006 0.698 0.265 
 475 Q X   0.004 0.015 0.000 0.008 0.003 0.006 0.709 0.254 
 476 P X   0.004 0.014 0.000 0.009 0.003 0.006 0.720 0.244 
 477 I X   0.004 0.013 0.000 0.009 0.003 0.006 0.731 0.234 
 478 L X   0.004 0.013 0.000 0.009 0.003 0.006 0.742 0.224 
 479 D X   0.004 0.012 0.000 0.009 0.003 0.005 0.754 0.214 
 480 A X   0.003 0.011 0.000 0.009 0.002 0.005 0.765 0.204 
 481 M X   0.003 0.009 0.000 0.008 0.002 0.005 0.776 0.196 
 482 D X   0.003 0.008 0.000 0.007 0.002 0.004 0.787 0.189 
 483 A X   0.003 0.007 0.000 0.006 0.002 0.004 0.797 0.183 
 484 K X   0.002 0.005 0.000 0.005 0.001 0.003 0.805 0.178 
 485 K X   0.002 0.004 0.000 0.004 0.001 0.002 0.813 0.173 
 486 R X   0.001 0.003 0.000 0.003 0.001 0.002 0.820 0.169 
 487 R X   0.001 0.003 0.000 0.002 0.000 0.001 0.826 0.167 
 488 Q X   0.000 0.002 0.000 0.001 0.000 0.000 0.830 0.166 
 489 Q X   0.000 0.001 0.000 0.001 0.000 0.000 0.831 0.167 
 490 N X   0.000 0.001 0.000 0.002 0.000 0.000 0.827 0.170 
 491 F X   0.002 0.002 0.001 0.008 0.002 0.002 0.811 0.173 
