#TopoPred_TM8: 8-state transmembrane topology prediction results by no_profile mode 
#probabilities are in the order of H E C I L F X _, the 8 transmembrane topology types used in PDBTM 
   1 M X   0.040 0.000 0.002 0.016 0.012 0.020 0.608 0.301 
   2 V X   0.034 0.000 0.000 0.007 0.004 0.016 0.620 0.319 
   3 D X   0.038 0.000 0.000 0.004 0.002 0.015 0.621 0.319 
   4 G X   0.069 0.000 0.001 0.003 0.004 0.019 0.611 0.293 
   5 V X   0.125 0.000 0.001 0.003 0.009 0.025 0.589 0.249 
   6 M X   0.189 0.000 0.001 0.002 0.016 0.030 0.558 0.203 
   7 I X   0.245 0.000 0.001 0.003 0.022 0.033 0.533 0.162 
   8 L X   0.283 0.001 0.002 0.004 0.027 0.034 0.516 0.134 
   9 P X   0.307 0.002 0.002 0.005 0.031 0.033 0.503 0.117 
  10 V X   0.315 0.003 0.002 0.007 0.034 0.032 0.496 0.113 
  11 L X   0.312 0.004 0.002 0.009 0.035 0.030 0.490 0.118 
  12 I X   0.298 0.005 0.002 0.011 0.034 0.028 0.487 0.135 
  13 M X   0.275 0.005 0.002 0.013 0.031 0.026 0.486 0.163 
  14 I X   0.243 0.005 0.002 0.013 0.026 0.023 0.486 0.203 
  15 A X   0.203 0.004 0.002 0.012 0.020 0.019 0.488 0.253 
  16 L X   0.159 0.003 0.001 0.010 0.013 0.016 0.490 0.308 
  17 P X   0.117 0.002 0.001 0.008 0.008 0.012 0.492 0.360 
  18 S X   0.082 0.001 0.001 0.006 0.005 0.009 0.494 0.403 
  19 P X   0.054 0.001 0.000 0.004 0.003 0.007 0.494 0.437 
  20 S X   0.034 0.000 0.000 0.003 0.002 0.005 0.494 0.462 
  21 M X   0.021 0.000 0.000 0.002 0.001 0.004 0.492 0.480 
  22 E _   0.012 0.000 0.000 0.002 0.001 0.003 0.488 0.493 
  23 D _   0.008 0.000 0.000 0.002 0.001 0.003 0.484 0.503 
  24 E _   0.005 0.000 0.000 0.002 0.001 0.003 0.478 0.511 
  25 K _   0.004 0.001 0.000 0.002 0.001 0.004 0.469 0.519 
  26 P _   0.004 0.002 0.000 0.002 0.001 0.006 0.457 0.527 
  27 K _   0.005 0.005 0.000 0.004 0.002 0.009 0.441 0.532 
  28 V _   0.008 0.015 0.001 0.008 0.005 0.014 0.419 0.530 
  29 N _   0.011 0.043 0.001 0.016 0.011 0.021 0.385 0.510 
  30 P _   0.015 0.111 0.003 0.030 0.020 0.029 0.336 0.457 
  31 K _   0.016 0.227 0.004 0.046 0.029 0.033 0.276 0.369 
  32 L E   0.014 0.363 0.004 0.060 0.033 0.033 0.219 0.272 
  33 Y E   0.012 0.473 0.003 0.070 0.031 0.030 0.180 0.201 
  34 M E   0.010 0.540 0.002 0.075 0.027 0.027 0.156 0.164 
  35 C E   0.009 0.575 0.002 0.077 0.023 0.024 0.142 0.149 
  36 V E   0.008 0.590 0.001 0.076 0.020 0.022 0.134 0.149 
  37 C E   0.008 0.593 0.001 0.072 0.018 0.020 0.129 0.159 
  38 E E   0.008 0.585 0.001 0.065 0.016 0.018 0.125 0.182 
  39 G E   0.009 0.563 0.001 0.054 0.014 0.016 0.122 0.222 
  40 L E   0.009 0.519 0.002 0.042 0.012 0.014 0.121 0.282 
  41 S E   0.009 0.457 0.001 0.029 0.009 0.013 0.120 0.362 
  42 C _   0.009 0.392 0.001 0.019 0.007 0.011 0.119 0.442 
  43 G _   0.008 0.344 0.001 0.012 0.004 0.010 0.118 0.502 
  44 N _   0.006 0.318 0.000 0.008 0.003 0.009 0.117 0.538 
  45 E _   0.005 0.307 0.000 0.006 0.002 0.009 0.114 0.556 
  46 D _   0.005 0.305 0.000 0.006 0.002 0.009 0.111 0.562 
  47 H _   0.005 0.309 0.000 0.007 0.003 0.009 0.107 0.560 
  48 C _   0.005 0.321 0.000 0.010 0.004 0.010 0.101 0.548 
  49 E _   0.005 0.344 0.001 0.014 0.005 0.011 0.094 0.526 
  50 G _   0.005 0.377 0.001 0.019 0.006 0.011 0.086 0.496 
  51 Q _   0.005 0.412 0.001 0.023 0.007 0.011 0.077 0.464 
  52 Q E   0.004 0.443 0.001 0.025 0.007 0.011 0.070 0.439 
  53 C E   0.004 0.465 0.001 0.026 0.007 0.010 0.065 0.423 
  54 F E   0.004 0.480 0.001 0.025 0.006 0.010 0.060 0.415 
  55 S E   0.003 0.489 0.001 0.023 0.006 0.009 0.057 0.412 
  56 S E   0.003 0.493 0.001 0.021 0.005 0.009 0.055 0.414 
  57 L E   0.003 0.495 0.001 0.018 0.005 0.009 0.053 0.418 
  58 S E   0.003 0.495 0.001 0.016 0.004 0.008 0.051 0.422 
  59 I E   0.004 0.495 0.000 0.014 0.004 0.009 0.049 0.426 
  60 N E   0.004 0.495 0.000 0.012 0.004 0.009 0.048 0.428 
  61 D E   0.005 0.497 0.000 0.011 0.004 0.010 0.046 0.427 
  62 G E   0.005 0.500 0.000 0.011 0.004 0.010 0.045 0.424 
  63 F E   0.006 0.505 0.001 0.012 0.005 0.011 0.043 0.418 
  64 H E   0.006 0.511 0.001 0.013 0.005 0.012 0.042 0.410 
  65 V E   0.007 0.518 0.001 0.014 0.006 0.012 0.041 0.401 
  66 Y E   0.007 0.526 0.001 0.016 0.007 0.013 0.039 0.391 
  67 Q E   0.007 0.534 0.001 0.018 0.008 0.013 0.038 0.381 
  68 K E   0.008 0.540 0.001 0.020 0.008 0.014 0.037 0.372 
  69 G E   0.008 0.544 0.001 0.022 0.009 0.014 0.036 0.366 
  70 C E   0.008 0.545 0.001 0.024 0.009 0.014 0.036 0.363 
  71 F E   0.008 0.542 0.001 0.026 0.009 0.013 0.036 0.364 
  72 Q E   0.008 0.535 0.001 0.028 0.009 0.013 0.036 0.369 
  73 V E   0.009 0.522 0.001 0.029 0.010 0.013 0.036 0.380 
  74 Y E   0.009 0.501 0.001 0.030 0.010 0.013 0.037 0.399 
  75 E E   0.010 0.470 0.001 0.030 0.010 0.013 0.039 0.428 
  76 Q _   0.010 0.425 0.001 0.030 0.010 0.013 0.041 0.471 
  77 G _   0.011 0.366 0.001 0.028 0.009 0.013 0.044 0.528 
  78 K _   0.012 0.297 0.001 0.025 0.009 0.013 0.047 0.597 
  79 M _   0.012 0.226 0.001 0.021 0.007 0.012 0.051 0.670 
  80 T _   0.011 0.163 0.001 0.015 0.006 0.011 0.054 0.739 
  81 C _   0.010 0.118 0.001 0.011 0.004 0.010 0.057 0.791 
  82 K _   0.008 0.091 0.000 0.007 0.003 0.009 0.058 0.824 
  83 T _   0.007 0.077 0.000 0.005 0.002 0.008 0.058 0.842 
  84 P _   0.006 0.072 0.000 0.004 0.002 0.008 0.058 0.851 
  85 P _   0.006 0.070 0.000 0.004 0.002 0.008 0.057 0.852 
  86 S _   0.006 0.073 0.000 0.006 0.003 0.010 0.056 0.846 
  87 P _   0.007 0.082 0.000 0.010 0.004 0.012 0.054 0.830 
  88 G _   0.008 0.101 0.001 0.017 0.006 0.015 0.052 0.801 
  89 Q _   0.009 0.128 0.001 0.026 0.009 0.017 0.049 0.761 
  90 A _   0.009 0.156 0.001 0.037 0.011 0.019 0.046 0.722 
  91 V _   0.009 0.178 0.001 0.045 0.012 0.019 0.043 0.693 
  92 E _   0.009 0.190 0.001 0.050 0.012 0.019 0.041 0.678 
  93 C _   0.008 0.196 0.001 0.050 0.012 0.018 0.040 0.676 
  94 C _   0.008 0.195 0.001 0.047 0.011 0.017 0.039 0.683 
  95 Q _   0.007 0.190 0.001 0.041 0.010 0.015 0.038 0.698 
  96 G _   0.007 0.179 0.001 0.033 0.008 0.014 0.038 0.719 
  97 D _   0.007 0.165 0.001 0.026 0.007 0.013 0.038 0.742 
  98 W _   0.007 0.150 0.001 0.021 0.006 0.012 0.038 0.765 
  99 C _   0.007 0.136 0.001 0.017 0.005 0.012 0.039 0.783 
 100 N _   0.007 0.126 0.001 0.016 0.005 0.012 0.039 0.796 
 101 R _   0.008 0.118 0.001 0.016 0.005 0.012 0.039 0.803 
 102 N _   0.008 0.112 0.001 0.017 0.005 0.012 0.039 0.807 
 103 I _   0.008 0.106 0.001 0.019 0.005 0.012 0.039 0.810 
 104 T _   0.009 0.100 0.001 0.020 0.005 0.012 0.039 0.814 
 105 A _   0.009 0.092 0.001 0.021 0.006 0.011 0.039 0.821 
 106 Q _   0.008 0.083 0.001 0.021 0.005 0.011 0.040 0.832 
 107 L _   0.008 0.070 0.001 0.019 0.005 0.010 0.040 0.848 
 108 P _   0.007 0.055 0.001 0.016 0.004 0.009 0.040 0.868 
 109 T _   0.007 0.039 0.001 0.013 0.004 0.008 0.040 0.890 
 110 K _   0.006 0.024 0.000 0.009 0.003 0.007 0.040 0.910 
 111 G _   0.006 0.013 0.000 0.007 0.002 0.006 0.039 0.926 
 112 K _   0.007 0.006 0.000 0.005 0.002 0.005 0.039 0.936 
 113 S _   0.008 0.003 0.000 0.003 0.002 0.005 0.038 0.942 
 114 F _   0.012 0.001 0.000 0.002 0.001 0.005 0.036 0.942 
 115 P _   0.019 0.000 0.000 0.002 0.002 0.005 0.034 0.937 
 116 G _   0.035 0.000 0.000 0.002 0.002 0.005 0.032 0.923 
 117 T _   0.064 0.000 0.000 0.002 0.003 0.006 0.029 0.896 
 118 Q _   0.111 0.000 0.001 0.001 0.004 0.008 0.026 0.850 
 119 N _   0.178 0.000 0.001 0.001 0.005 0.008 0.022 0.785 
 120 F _   0.259 0.000 0.001 0.001 0.005 0.009 0.018 0.707 
 121 H _   0.345 0.000 0.001 0.001 0.006 0.008 0.015 0.624 
 122 L _   0.436 0.000 0.001 0.001 0.006 0.008 0.013 0.536 
 123 E H   0.525 0.000 0.001 0.000 0.006 0.007 0.011 0.450 
 124 V H   0.612 0.000 0.001 0.000 0.006 0.006 0.010 0.366 
 125 G H   0.689 0.000 0.001 0.000 0.005 0.005 0.008 0.292 
 126 L H   0.754 0.000 0.001 0.000 0.005 0.004 0.007 0.229 
 127 I H   0.811 0.000 0.001 0.000 0.005 0.003 0.007 0.174 
 128 I H   0.858 0.000 0.001 0.000 0.004 0.003 0.006 0.128 
 129 L H   0.894 0.000 0.001 0.000 0.004 0.002 0.005 0.093 
 130 S H   0.921 0.000 0.001 0.000 0.004 0.002 0.005 0.067 
 131 V H   0.941 0.000 0.001 0.000 0.004 0.002 0.004 0.048 
 132 V H   0.955 0.000 0.001 0.000 0.004 0.002 0.004 0.035 
 133 F H   0.963 0.000 0.001 0.000 0.005 0.002 0.003 0.027 
 134 A H   0.966 0.000 0.001 0.000 0.005 0.002 0.003 0.024 
 135 V H   0.965 0.000 0.001 0.000 0.006 0.002 0.003 0.023 
 136 C H   0.962 0.000 0.001 0.000 0.007 0.002 0.002 0.026 
 137 L H   0.954 0.000 0.001 0.000 0.008 0.002 0.002 0.033 
 138 L H   0.942 0.000 0.001 0.000 0.009 0.003 0.003 0.044 
 139 A H   0.923 0.000 0.001 0.000 0.010 0.003 0.003 0.060 
 140 C H   0.897 0.000 0.001 0.000 0.011 0.004 0.003 0.084 
 141 L H   0.861 0.000 0.001 0.000 0.011 0.004 0.004 0.118 
 142 L H   0.812 0.000 0.001 0.001 0.012 0.005 0.005 0.165 
 143 G H   0.748 0.000 0.001 0.001 0.011 0.006 0.008 0.225 
 144 V H   0.672 0.000 0.001 0.001 0.011 0.007 0.011 0.297 
 145 A H   0.582 0.000 0.001 0.001 0.010 0.007 0.016 0.382 
 146 L H   0.480 0.000 0.001 0.002 0.009 0.008 0.023 0.477 
 147 R _   0.378 0.000 0.001 0.002 0.007 0.008 0.032 0.572 
 148 K _   0.283 0.000 0.001 0.003 0.006 0.008 0.040 0.660 
 149 F _   0.200 0.000 0.001 0.003 0.005 0.008 0.048 0.735 
 150 K _   0.135 0.000 0.001 0.004 0.004 0.008 0.055 0.794 
 151 R _   0.088 0.000 0.000 0.004 0.003 0.007 0.061 0.837 
 152 R _   0.056 0.000 0.000 0.004 0.002 0.006 0.065 0.866 
 153 N _   0.035 0.000 0.000 0.004 0.002 0.006 0.068 0.884 
 154 Q _   0.023 0.000 0.000 0.004 0.002 0.006 0.070 0.895 
 155 E _   0.014 0.001 0.000 0.003 0.001 0.005 0.072 0.903 
 156 R _   0.010 0.001 0.000 0.003 0.001 0.005 0.072 0.907 
 157 L _   0.007 0.001 0.000 0.003 0.001 0.006 0.072 0.909 
 158 N _   0.006 0.002 0.000 0.003 0.001 0.006 0.072 0.908 
 159 P _   0.006 0.004 0.000 0.004 0.002 0.008 0.070 0.905 
 160 R _   0.007 0.010 0.000 0.006 0.003 0.011 0.068 0.895 
 161 D _   0.010 0.021 0.001 0.009 0.005 0.016 0.065 0.874 
 162 V _   0.013 0.047 0.001 0.015 0.009 0.021 0.061 0.833 
 163 E _   0.016 0.097 0.002 0.024 0.015 0.028 0.055 0.764 
 164 Y _   0.018 0.177 0.002 0.036 0.022 0.033 0.048 0.664 
 165 G _   0.018 0.269 0.003 0.049 0.027 0.035 0.041 0.558 
 166 T _   0.018 0.348 0.003 0.060 0.030 0.036 0.035 0.471 
 167 I _   0.017 0.402 0.002 0.068 0.030 0.036 0.031 0.414 
 168 E E   0.016 0.431 0.002 0.073 0.029 0.035 0.028 0.386 
 169 G E   0.016 0.443 0.002 0.073 0.028 0.033 0.027 0.378 
 170 L E   0.016 0.443 0.002 0.070 0.026 0.032 0.026 0.385 
 171 I E   0.016 0.434 0.002 0.063 0.025 0.030 0.025 0.406 
 172 T _   0.016 0.414 0.002 0.053 0.022 0.028 0.025 0.441 
 173 T _   0.016 0.378 0.002 0.043 0.019 0.026 0.025 0.491 
 174 N _   0.016 0.332 0.002 0.033 0.016 0.025 0.025 0.551 
 175 V _   0.016 0.287 0.001 0.025 0.014 0.024 0.026 0.608 
 176 G _   0.015 0.249 0.001 0.020 0.011 0.023 0.026 0.654 
 177 D _   0.015 0.222 0.001 0.017 0.009 0.022 0.027 0.687 
 178 S _   0.014 0.203 0.001 0.016 0.008 0.021 0.027 0.710 
 179 T _   0.013 0.190 0.001 0.016 0.008 0.020 0.027 0.725 
 180 L _   0.013 0.180 0.001 0.018 0.008 0.019 0.027 0.735 
 181 A _   0.012 0.170 0.001 0.019 0.008 0.018 0.027 0.745 
 182 D _   0.011 0.160 0.001 0.021 0.008 0.017 0.027 0.755 
 183 L _   0.010 0.148 0.001 0.022 0.008 0.016 0.027 0.768 
 184 L _   0.010 0.134 0.001 0.021 0.007 0.016 0.026 0.785 
 185 D _   0.009 0.116 0.001 0.020 0.007 0.015 0.027 0.806 
 186 H _   0.009 0.095 0.001 0.017 0.006 0.014 0.027 0.830 
 187 S _   0.009 0.073 0.001 0.015 0.006 0.014 0.027 0.856 
 188 C _   0.009 0.053 0.001 0.012 0.005 0.014 0.027 0.880 
 189 T _   0.009 0.037 0.001 0.010 0.005 0.014 0.027 0.898 
 190 S _   0.010 0.026 0.001 0.008 0.004 0.015 0.027 0.910 
 191 G _   0.011 0.018 0.001 0.007 0.004 0.017 0.026 0.915 
 192 S _   0.014 0.014 0.001 0.007 0.005 0.020 0.026 0.913 
 193 G _   0.019 0.011 0.001 0.008 0.006 0.024 0.026 0.907 
 194 S _   0.025 0.010 0.001 0.009 0.007 0.028 0.025 0.896 
 195 G _   0.033 0.009 0.001 0.010 0.010 0.033 0.024 0.880 
 196 L _   0.044 0.008 0.001 0.011 0.013 0.039 0.024 0.860 
 197 P _   0.056 0.008 0.001 0.013 0.016 0.045 0.023 0.838 
 198 F _   0.070 0.007 0.001 0.013 0.020 0.050 0.022 0.816 
 199 L _   0.084 0.007 0.001 0.013 0.024 0.055 0.022 0.794 
 200 V _   0.099 0.006 0.002 0.013 0.027 0.059 0.021 0.773 
 201 Q _   0.115 0.006 0.002 0.012 0.030 0.062 0.021 0.753 
 202 R _   0.128 0.006 0.002 0.012 0.033 0.065 0.020 0.734 
 203 T _   0.141 0.006 0.002 0.011 0.036 0.066 0.020 0.719 
 204 V _   0.151 0.006 0.002 0.012 0.037 0.066 0.020 0.706 
 205 A _   0.158 0.006 0.002 0.012 0.038 0.065 0.020 0.697 
 206 R _   0.162 0.007 0.002 0.014 0.038 0.063 0.021 0.693 
 207 Q _   0.162 0.008 0.002 0.015 0.037 0.061 0.021 0.694 
 208 I _   0.159 0.008 0.002 0.016 0.036 0.057 0.022 0.701 
 209 T _   0.151 0.008 0.002 0.017 0.032 0.053 0.023 0.714 
 210 L _   0.139 0.008 0.002 0.016 0.028 0.048 0.024 0.734 
 211 L _   0.125 0.007 0.002 0.015 0.024 0.044 0.025 0.759 
 212 E _   0.109 0.006 0.001 0.013 0.019 0.039 0.026 0.785 
 213 C _   0.093 0.005 0.001 0.011 0.016 0.034 0.027 0.812 
 214 V _   0.079 0.005 0.001 0.010 0.012 0.030 0.028 0.836 
 215 G _   0.065 0.004 0.001 0.008 0.010 0.027 0.028 0.856 
 216 K _   0.053 0.004 0.001 0.008 0.008 0.024 0.029 0.872 
 217 G _   0.044 0.004 0.001 0.008 0.007 0.022 0.030 0.884 
 218 R _   0.036 0.005 0.001 0.009 0.007 0.021 0.030 0.892 
 219 Y _   0.030 0.006 0.001 0.009 0.007 0.020 0.031 0.898 
 220 G _   0.025 0.007 0.001 0.010 0.006 0.018 0.031 0.901 
 221 E _   0.021 0.008 0.001 0.011 0.006 0.017 0.031 0.904 
 222 V _   0.018 0.010 0.001 0.011 0.006 0.017 0.032 0.906 
 223 W _   0.016 0.011 0.001 0.011 0.006 0.016 0.032 0.908 
 224 R _   0.015 0.012 0.001 0.010 0.006 0.016 0.032 0.909 
 225 G _   0.014 0.014 0.001 0.010 0.006 0.016 0.032 0.908 
 226 S _   0.014 0.016 0.001 0.010 0.006 0.016 0.032 0.906 
 227 W _   0.014 0.019 0.001 0.011 0.006 0.017 0.032 0.900 
 228 Q _   0.014 0.023 0.001 0.013 0.007 0.018 0.032 0.891 
 229 G _   0.015 0.029 0.001 0.017 0.009 0.019 0.032 0.878 
 230 E _   0.016 0.035 0.001 0.022 0.011 0.021 0.032 0.863 
 231 N _   0.017 0.042 0.001 0.027 0.012 0.022 0.032 0.846 
 232 V _   0.018 0.047 0.001 0.033 0.013 0.022 0.033 0.833 
 233 A _   0.018 0.050 0.001 0.036 0.013 0.022 0.033 0.826 
 234 V _   0.018 0.051 0.001 0.037 0.013 0.021 0.034 0.826 
 235 K _   0.017 0.049 0.001 0.035 0.012 0.019 0.035 0.833 
 236 I _   0.015 0.044 0.001 0.030 0.010 0.017 0.036 0.846 
 237 F _   0.013 0.037 0.001 0.024 0.008 0.015 0.037 0.864 
 238 S _   0.012 0.028 0.001 0.018 0.006 0.013 0.039 0.884 
 239 S _   0.010 0.019 0.001 0.012 0.004 0.011 0.040 0.903 
 240 R _   0.009 0.012 0.000 0.008 0.003 0.010 0.040 0.917 
 241 D _   0.008 0.007 0.000 0.005 0.003 0.009 0.041 0.926 
 242 E _   0.007 0.005 0.000 0.004 0.002 0.009 0.041 0.930 
 243 K _   0.007 0.004 0.000 0.004 0.002 0.009 0.041 0.931 
 244 S _   0.008 0.004 0.000 0.004 0.003 0.011 0.041 0.929 
 245 W _   0.009 0.005 0.000 0.006 0.003 0.012 0.040 0.924 
 246 F _   0.010 0.006 0.000 0.008 0.004 0.015 0.040 0.917 
 247 R _   0.012 0.007 0.001 0.011 0.006 0.017 0.039 0.908 
 248 E _   0.014 0.009 0.001 0.013 0.007 0.020 0.038 0.898 
 249 T _   0.015 0.011 0.001 0.015 0.009 0.023 0.037 0.889 
 250 E _   0.018 0.012 0.001 0.017 0.010 0.026 0.036 0.881 
 251 L _   0.020 0.013 0.001 0.017 0.011 0.029 0.036 0.873 
 252 Y _   0.024 0.014 0.001 0.016 0.012 0.031 0.035 0.867 
 253 N _   0.029 0.014 0.001 0.015 0.013 0.034 0.034 0.860 
 254 T _   0.035 0.014 0.001 0.013 0.014 0.037 0.033 0.852 
 255 V _   0.043 0.015 0.001 0.012 0.015 0.040 0.033 0.842 
 256 M _   0.051 0.016 0.001 0.011 0.017 0.043 0.032 0.829 
 257 L _   0.060 0.018 0.001 0.011 0.019 0.047 0.032 0.812 
 258 R _   0.070 0.021 0.001 0.012 0.023 0.051 0.031 0.791 
 259 H _   0.080 0.026 0.002 0.015 0.028 0.054 0.031 0.766 
 260 E _   0.088 0.033 0.002 0.019 0.034 0.056 0.030 0.739 
 261 N _   0.094 0.042 0.002 0.025 0.038 0.057 0.030 0.713 
 262 I _   0.097 0.050 0.002 0.032 0.040 0.056 0.030 0.692 
 263 L _   0.097 0.057 0.002 0.040 0.040 0.054 0.030 0.680 
 264 G _   0.093 0.060 0.002 0.045 0.038 0.050 0.031 0.681 
 265 F _   0.086 0.060 0.002 0.045 0.034 0.045 0.032 0.696 
 266 I _   0.076 0.056 0.002 0.042 0.028 0.039 0.033 0.723 
 267 A _   0.063 0.047 0.002 0.035 0.021 0.033 0.035 0.763 
 268 S _   0.051 0.035 0.001 0.025 0.015 0.027 0.036 0.809 
 269 D _   0.040 0.021 0.001 0.016 0.009 0.022 0.037 0.854 
 270 M _   0.030 0.010 0.001 0.008 0.006 0.017 0.038 0.891 
 271 T _   0.023 0.004 0.000 0.004 0.003 0.014 0.038 0.914 
 272 S _   0.018 0.001 0.000 0.002 0.002 0.013 0.038 0.926 
 273 R _   0.016 0.001 0.000 0.002 0.002 0.013 0.037 0.930 
 274 H _   0.016 0.001 0.000 0.002 0.002 0.014 0.036 0.928 
 275 S _   0.020 0.001 0.000 0.003 0.003 0.018 0.036 0.919 
 276 S _   0.025 0.003 0.001 0.005 0.006 0.023 0.034 0.902 
 277 T _   0.032 0.010 0.001 0.010 0.011 0.030 0.033 0.873 
 278 Q _   0.039 0.022 0.001 0.019 0.018 0.037 0.031 0.834 
 279 L _   0.045 0.037 0.002 0.030 0.024 0.042 0.028 0.792 
 280 W _   0.049 0.050 0.002 0.040 0.029 0.045 0.026 0.758 
 281 L _   0.052 0.058 0.002 0.047 0.032 0.047 0.025 0.737 
 282 I _   0.053 0.062 0.002 0.051 0.033 0.047 0.024 0.729 
 283 T _   0.053 0.062 0.002 0.049 0.032 0.045 0.023 0.735 
 284 H _   0.053 0.057 0.002 0.043 0.029 0.042 0.022 0.751 
 285 Y _   0.053 0.049 0.002 0.035 0.025 0.039 0.022 0.776 
 286 H _   0.053 0.038 0.002 0.026 0.020 0.035 0.021 0.805 
 287 E _   0.053 0.026 0.001 0.018 0.016 0.032 0.021 0.835 
 288 M _   0.053 0.015 0.001 0.012 0.012 0.028 0.020 0.859 
 289 G _   0.055 0.008 0.001 0.008 0.009 0.026 0.020 0.876 
 290 S _   0.058 0.004 0.001 0.005 0.007 0.023 0.019 0.883 
 291 L _   0.064 0.002 0.001 0.004 0.006 0.022 0.018 0.882 
 292 Y _   0.074 0.001 0.001 0.004 0.006 0.021 0.017 0.876 
 293 D _   0.087 0.001 0.001 0.004 0.007 0.020 0.016 0.864 
 294 Y _   0.106 0.000 0.001 0.004 0.007 0.020 0.015 0.847 
 295 L _   0.131 0.000 0.001 0.004 0.008 0.019 0.014 0.824 
 296 Q _   0.161 0.000 0.001 0.003 0.008 0.019 0.012 0.796 
 297 L _   0.198 0.000 0.001 0.003 0.008 0.017 0.011 0.762 
 298 T _   0.241 0.000 0.001 0.002 0.008 0.016 0.009 0.722 
 299 T _   0.293 0.000 0.001 0.001 0.008 0.015 0.008 0.674 
 300 L _   0.354 0.000 0.001 0.001 0.008 0.014 0.007 0.617 
 301 D _   0.425 0.000 0.001 0.001 0.008 0.013 0.005 0.547 
 302 T H   0.510 0.000 0.001 0.001 0.009 0.012 0.004 0.464 
 303 V H   0.601 0.000 0.001 0.001 0.010 0.011 0.003 0.373 
 304 S H   0.689 0.000 0.001 0.001 0.011 0.010 0.002 0.286 
 305 C H   0.764 0.000 0.001 0.001 0.011 0.009 0.002 0.212 
 306 L H   0.821 0.000 0.001 0.001 0.012 0.008 0.001 0.156 
 307 R H   0.860 0.000 0.001 0.000 0.012 0.007 0.001 0.118 
 308 I H   0.883 0.000 0.001 0.000 0.012 0.006 0.001 0.096 
 309 V H   0.893 0.000 0.001 0.000 0.012 0.006 0.001 0.086 
 310 L H   0.894 0.000 0.001 0.000 0.012 0.006 0.001 0.086 
 311 S H   0.885 0.000 0.001 0.000 0.012 0.006 0.001 0.094 
 312 I H   0.868 0.000 0.001 0.000 0.012 0.006 0.001 0.111 
 313 A H   0.840 0.000 0.001 0.001 0.012 0.007 0.002 0.138 
 314 S H   0.801 0.000 0.001 0.001 0.012 0.007 0.003 0.175 
 315 G H   0.753 0.000 0.001 0.001 0.012 0.009 0.004 0.221 
 316 L H   0.698 0.000 0.001 0.001 0.012 0.010 0.005 0.274 
 317 A H   0.636 0.000 0.001 0.001 0.013 0.012 0.007 0.331 
 318 H H   0.573 0.000 0.001 0.001 0.013 0.014 0.009 0.388 
 319 L H   0.507 0.000 0.001 0.002 0.014 0.016 0.012 0.447 
 320 H _   0.440 0.000 0.001 0.004 0.015 0.017 0.016 0.506 
 321 I _   0.374 0.001 0.002 0.007 0.016 0.019 0.020 0.563 
 322 E _   0.308 0.001 0.002 0.010 0.016 0.020 0.025 0.620 
 323 I _   0.247 0.001 0.002 0.012 0.015 0.020 0.029 0.675 
 324 F _   0.191 0.002 0.001 0.013 0.013 0.019 0.034 0.727 
 325 G _   0.143 0.002 0.001 0.013 0.011 0.018 0.038 0.774 
 326 T _   0.103 0.002 0.001 0.012 0.009 0.016 0.043 0.815 
 327 Q _   0.072 0.002 0.001 0.011 0.007 0.014 0.046 0.847 
 328 G _   0.050 0.002 0.001 0.009 0.005 0.013 0.050 0.871 
 329 K _   0.034 0.001 0.001 0.008 0.004 0.011 0.053 0.888 
 330 P _   0.024 0.001 0.000 0.007 0.003 0.010 0.055 0.898 
 331 A _   0.018 0.001 0.000 0.007 0.003 0.009 0.057 0.905 
 332 I _   0.013 0.002 0.000 0.006 0.003 0.008 0.059 0.909 
 333 A _   0.011 0.002 0.000 0.006 0.003 0.008 0.060 0.910 
 334 H _   0.009 0.002 0.000 0.006 0.002 0.007 0.061 0.911 
 335 R _   0.008 0.003 0.000 0.006 0.002 0.007 0.062 0.911 
 336 D _   0.007 0.004 0.000 0.007 0.002 0.007 0.063 0.911 
 337 L _   0.006 0.005 0.000 0.007 0.002 0.007 0.063 0.909 
 338 K _   0.006 0.006 0.000 0.007 0.003 0.008 0.063 0.908 
 339 S _   0.006 0.008 0.000 0.007 0.003 0.008 0.063 0.905 
 340 K _   0.006 0.010 0.000 0.008 0.003 0.009 0.063 0.901 
 341 N _   0.006 0.013 0.000 0.008 0.003 0.010 0.063 0.896 
 342 I _   0.007 0.017 0.000 0.009 0.003 0.011 0.063 0.890 
 343 L _   0.007 0.022 0.000 0.010 0.004 0.013 0.062 0.882 
 344 V _   0.008 0.028 0.001 0.010 0.005 0.015 0.061 0.872 
 345 K _   0.010 0.037 0.001 0.011 0.006 0.018 0.060 0.858 
 346 K _   0.012 0.047 0.001 0.012 0.007 0.021 0.059 0.840 
 347 N _   0.015 0.061 0.001 0.014 0.009 0.025 0.058 0.817 
 348 G _   0.019 0.081 0.001 0.016 0.012 0.030 0.056 0.784 
 349 Q _   0.024 0.106 0.001 0.019 0.017 0.035 0.055 0.744 
 350 C _   0.029 0.139 0.002 0.022 0.022 0.039 0.053 0.694 
 351 C _   0.033 0.181 0.002 0.027 0.026 0.043 0.051 0.635 
 352 I _   0.037 0.229 0.002 0.033 0.031 0.045 0.050 0.573 
 353 A _   0.039 0.275 0.002 0.039 0.033 0.045 0.049 0.517 
 354 D _   0.040 0.311 0.002 0.045 0.034 0.044 0.049 0.476 
 355 L _   0.040 0.334 0.002 0.050 0.033 0.043 0.049 0.450 
 356 G _   0.039 0.347 0.002 0.053 0.031 0.040 0.050 0.437 
 357 L _   0.038 0.352 0.002 0.055 0.029 0.037 0.051 0.436 
 358 A _   0.036 0.349 0.002 0.054 0.026 0.034 0.053 0.447 
 359 V _   0.033 0.337 0.002 0.050 0.023 0.030 0.056 0.470 
 360 M _   0.029 0.314 0.002 0.045 0.019 0.027 0.060 0.504 
 361 H _   0.027 0.280 0.002 0.039 0.016 0.023 0.064 0.550 
 362 S _   0.024 0.235 0.002 0.033 0.013 0.020 0.069 0.605 
 363 Q _   0.021 0.185 0.001 0.027 0.010 0.018 0.075 0.663 
 364 S _   0.018 0.137 0.001 0.021 0.008 0.015 0.080 0.719 
 365 T _   0.015 0.098 0.001 0.016 0.006 0.013 0.085 0.767 
 366 N _   0.013 0.068 0.001 0.012 0.004 0.011 0.089 0.802 
 367 Q _   0.011 0.048 0.000 0.009 0.003 0.009 0.092 0.828 
 368 L _   0.009 0.035 0.000 0.007 0.002 0.007 0.093 0.846 
 369 D _   0.007 0.027 0.000 0.005 0.002 0.006 0.094 0.858 
 370 V _   0.006 0.023 0.000 0.004 0.001 0.006 0.094 0.865 
 371 G _   0.005 0.021 0.000 0.004 0.001 0.005 0.094 0.870 
 372 N _   0.004 0.021 0.000 0.004 0.001 0.005 0.092 0.872 
 373 N _   0.005 0.022 0.000 0.004 0.002 0.006 0.090 0.871 
 374 P _   0.005 0.025 0.000 0.006 0.002 0.007 0.087 0.867 
 375 R _   0.005 0.032 0.000 0.008 0.003 0.009 0.084 0.859 
 376 V _   0.006 0.043 0.000 0.012 0.004 0.011 0.079 0.845 
 377 G _   0.006 0.060 0.001 0.017 0.005 0.013 0.073 0.825 
 378 T _   0.007 0.082 0.001 0.022 0.007 0.015 0.067 0.799 
 379 K _   0.007 0.105 0.001 0.028 0.008 0.016 0.061 0.772 
 380 R _   0.007 0.126 0.001 0.033 0.009 0.017 0.056 0.750 
 381 Y _   0.007 0.143 0.001 0.037 0.010 0.018 0.051 0.734 
 382 M _   0.007 0.154 0.001 0.040 0.011 0.018 0.046 0.723 
 383 A _   0.007 0.162 0.001 0.041 0.011 0.019 0.043 0.716 
 384 P _   0.007 0.166 0.001 0.041 0.011 0.019 0.040 0.715 
 385 E _   0.008 0.167 0.001 0.040 0.011 0.019 0.037 0.717 
 386 V _   0.008 0.165 0.001 0.039 0.011 0.019 0.035 0.721 
 387 L _   0.008 0.161 0.001 0.038 0.011 0.018 0.033 0.729 
 388 D _   0.009 0.153 0.001 0.036 0.011 0.018 0.032 0.739 
 389 E _   0.010 0.142 0.001 0.034 0.011 0.018 0.031 0.754 
 390 T _   0.011 0.126 0.001 0.031 0.011 0.017 0.030 0.772 
 391 I _   0.013 0.107 0.001 0.028 0.010 0.017 0.029 0.795 
 392 Q _   0.015 0.085 0.001 0.024 0.009 0.016 0.029 0.822 
 393 V _   0.019 0.061 0.001 0.019 0.008 0.015 0.028 0.850 
 394 D _   0.024 0.038 0.001 0.014 0.007 0.015 0.027 0.875 
 395 C _   0.032 0.019 0.001 0.009 0.005 0.014 0.026 0.893 
 396 F _   0.044 0.008 0.001 0.006 0.004 0.013 0.025 0.899 
 397 D _   0.062 0.003 0.001 0.004 0.004 0.013 0.023 0.891 
 398 S _   0.091 0.001 0.001 0.002 0.004 0.013 0.021 0.867 
 399 Y _   0.140 0.000 0.001 0.002 0.005 0.014 0.019 0.821 
 400 K _   0.211 0.000 0.001 0.001 0.006 0.015 0.016 0.749 
 401 R _   0.308 0.000 0.001 0.001 0.008 0.017 0.013 0.651 
 402 V _   0.426 0.000 0.001 0.001 0.011 0.018 0.011 0.532 
 403 D H   0.544 0.000 0.001 0.001 0.014 0.020 0.009 0.411 
 404 I H   0.648 0.000 0.001 0.001 0.018 0.020 0.007 0.305 
 405 W H   0.730 0.000 0.001 0.001 0.020 0.019 0.006 0.222 
 406 A H   0.786 0.000 0.001 0.001 0.022 0.018 0.005 0.166 
 407 F H   0.823 0.000 0.001 0.001 0.024 0.017 0.005 0.129 
 408 G H   0.843 0.000 0.001 0.001 0.024 0.015 0.005 0.109 
 409 L H   0.851 0.000 0.001 0.001 0.024 0.014 0.006 0.102 
 410 V H   0.847 0.000 0.001 0.001 0.025 0.014 0.007 0.105 
 411 L H   0.832 0.000 0.001 0.001 0.025 0.014 0.008 0.120 
 412 W H   0.803 0.000 0.001 0.001 0.024 0.014 0.010 0.146 
 413 E H   0.758 0.000 0.002 0.002 0.023 0.014 0.014 0.188 
 414 V H   0.696 0.000 0.002 0.002 0.022 0.015 0.019 0.245 
 415 A H   0.621 0.000 0.002 0.002 0.020 0.015 0.026 0.314 
 416 R H   0.533 0.000 0.002 0.003 0.017 0.016 0.035 0.394 
 417 R _   0.442 0.000 0.002 0.003 0.015 0.016 0.047 0.475 
 418 M _   0.355 0.000 0.001 0.004 0.013 0.017 0.059 0.551 
 419 V _   0.277 0.000 0.001 0.005 0.011 0.017 0.072 0.616 
 420 S _   0.210 0.000 0.001 0.007 0.010 0.016 0.085 0.671 
 421 N _   0.157 0.001 0.001 0.008 0.009 0.016 0.096 0.713 
 422 G _   0.115 0.001 0.001 0.009 0.008 0.015 0.107 0.745 
 423 I _   0.084 0.001 0.001 0.009 0.007 0.014 0.117 0.767 
 424 V _   0.062 0.001 0.001 0.010 0.006 0.014 0.126 0.781 
 425 E _   0.045 0.001 0.001 0.010 0.005 0.013 0.134 0.790 
 426 D _   0.033 0.002 0.001 0.010 0.005 0.012 0.142 0.796 
 427 Y _   0.025 0.002 0.001 0.010 0.004 0.011 0.149 0.798 
 428 K _   0.019 0.002 0.001 0.010 0.004 0.010 0.156 0.799 
 429 P _   0.015 0.002 0.000 0.010 0.004 0.009 0.162 0.797 
 430 P _   0.012 0.002 0.000 0.009 0.003 0.009 0.168 0.795 
 431 F _   0.010 0.002 0.000 0.009 0.003 0.008 0.174 0.793 
 432 Y _   0.008 0.002 0.000 0.008 0.003 0.007 0.179 0.792 
 433 D _   0.007 0.002 0.000 0.007 0.002 0.006 0.184 0.790 
 434 V _   0.006 0.003 0.000 0.006 0.002 0.006 0.188 0.789 
 435 V _   0.005 0.003 0.000 0.005 0.002 0.005 0.191 0.788 
 436 P _   0.005 0.003 0.000 0.004 0.002 0.005 0.193 0.787 
 437 N _   0.004 0.004 0.000 0.004 0.001 0.005 0.195 0.785 
 438 D _   0.004 0.005 0.000 0.004 0.002 0.006 0.196 0.782 
 439 P _   0.005 0.008 0.000 0.005 0.002 0.007 0.197 0.776 
 440 S _   0.006 0.014 0.000 0.007 0.003 0.009 0.196 0.764 
 441 F _   0.007 0.026 0.001 0.011 0.004 0.012 0.196 0.744 
 442 E _   0.008 0.047 0.001 0.017 0.007 0.015 0.194 0.713 
 443 D _   0.009 0.078 0.001 0.025 0.009 0.017 0.192 0.669 
 444 M _   0.010 0.114 0.001 0.034 0.012 0.019 0.190 0.620 
 445 R _   0.010 0.146 0.001 0.044 0.014 0.021 0.189 0.576 
 446 K _   0.010 0.169 0.001 0.052 0.015 0.021 0.189 0.543 
 447 V _   0.010 0.182 0.001 0.057 0.015 0.021 0.190 0.524 
 448 V _   0.010 0.188 0.001 0.059 0.015 0.020 0.192 0.516 
 449 C _   0.010 0.188 0.001 0.056 0.014 0.018 0.196 0.517 
 450 V _   0.009 0.182 0.001 0.051 0.013 0.017 0.201 0.526 
 451 D _   0.009 0.170 0.001 0.043 0.011 0.015 0.208 0.543 
 452 Q _   0.009 0.150 0.001 0.034 0.009 0.014 0.216 0.567 
 453 Q _   0.008 0.125 0.001 0.025 0.008 0.012 0.225 0.595 
 454 R _   0.008 0.099 0.001 0.018 0.006 0.011 0.235 0.623 
 455 P _   0.007 0.078 0.001 0.012 0.004 0.010 0.243 0.646 
 456 N _   0.007 0.063 0.000 0.009 0.003 0.008 0.250 0.660 
 457 I _   0.006 0.055 0.000 0.006 0.002 0.008 0.255 0.667 
 458 P _   0.005 0.051 0.000 0.005 0.002 0.007 0.259 0.670 
 459 N _   0.005 0.049 0.000 0.005 0.002 0.007 0.263 0.669 
 460 R _   0.005 0.049 0.000 0.005 0.002 0.008 0.265 0.665 
 461 W _   0.005 0.051 0.000 0.006 0.002 0.008 0.267 0.659 
 462 F _   0.005 0.055 0.000 0.007 0.003 0.009 0.269 0.650 
 463 S _   0.006 0.062 0.000 0.010 0.004 0.011 0.270 0.638 
 464 D _   0.006 0.071 0.001 0.012 0.005 0.012 0.271 0.622 
 465 P _   0.007 0.084 0.001 0.016 0.006 0.014 0.271 0.602 
 466 T _   0.007 0.098 0.001 0.021 0.008 0.015 0.272 0.578 
 467 L _   0.008 0.113 0.001 0.026 0.009 0.017 0.273 0.554 
 468 T _   0.008 0.125 0.001 0.032 0.011 0.018 0.274 0.531 
 469 S _   0.008 0.135 0.001 0.037 0.012 0.018 0.277 0.512 
 470 L _   0.008 0.141 0.001 0.041 0.012 0.018 0.280 0.498 
 471 A _   0.008 0.143 0.001 0.043 0.013 0.018 0.285 0.489 
 472 K _   0.009 0.141 0.001 0.043 0.012 0.018 0.291 0.485 
 473 L _   0.009 0.136 0.001 0.040 0.012 0.017 0.299 0.488 
 474 M _   0.009 0.125 0.001 0.035 0.010 0.016 0.309 0.496 
 475 K _   0.009 0.109 0.001 0.028 0.009 0.014 0.320 0.509 
 476 E _   0.008 0.090 0.001 0.021 0.007 0.013 0.333 0.526 
 477 C _   0.008 0.069 0.001 0.015 0.006 0.012 0.345 0.543 
 478 W _   0.008 0.053 0.001 0.010 0.004 0.012 0.357 0.556 
 479 Y _   0.008 0.042 0.000 0.007 0.003 0.011 0.367 0.562 
 480 Q _   0.008 0.037 0.000 0.005 0.003 0.012 0.375 0.561 
 481 N _   0.008 0.035 0.000 0.004 0.003 0.013 0.381 0.555 
 482 P _   0.010 0.036 0.000 0.005 0.004 0.015 0.387 0.544 
 483 S _   0.012 0.039 0.001 0.007 0.005 0.018 0.393 0.526 
 484 A _   0.015 0.047 0.001 0.011 0.007 0.021 0.398 0.500 
 485 R _   0.017 0.061 0.001 0.016 0.011 0.024 0.404 0.466 
 486 L _   0.018 0.080 0.001 0.024 0.015 0.027 0.409 0.426 
 487 T X   0.019 0.099 0.001 0.033 0.018 0.028 0.416 0.386 
 488 A X   0.019 0.114 0.002 0.041 0.020 0.029 0.424 0.352 
 489 L X   0.019 0.124 0.002 0.047 0.021 0.029 0.434 0.325 
 490 R X   0.018 0.129 0.001 0.050 0.021 0.028 0.446 0.306 
 491 I X   0.017 0.130 0.001 0.051 0.020 0.027 0.461 0.292 
 492 K X   0.016 0.128 0.001 0.049 0.019 0.025 0.479 0.283 
 493 K X   0.014 0.121 0.001 0.045 0.016 0.022 0.501 0.279 
 494 T X   0.013 0.110 0.001 0.039 0.014 0.020 0.526 0.276 
 495 L X   0.011 0.095 0.001 0.033 0.011 0.017 0.555 0.276 
 496 T X   0.010 0.078 0.001 0.027 0.009 0.015 0.584 0.275 
 497 K X   0.009 0.061 0.001 0.021 0.007 0.013 0.615 0.274 
 498 I X   0.008 0.046 0.001 0.016 0.005 0.011 0.643 0.270 
 499 D X   0.007 0.033 0.001 0.013 0.004 0.009 0.669 0.264 
 500 N X   0.006 0.024 0.000 0.010 0.003 0.007 0.691 0.258 
 501 S X   0.005 0.017 0.000 0.008 0.002 0.006 0.710 0.251 
 502 L X   0.004 0.013 0.000 0.006 0.002 0.005 0.725 0.245 
 503 D X   0.003 0.010 0.000 0.005 0.001 0.004 0.739 0.238 
 504 K X   0.002 0.007 0.000 0.004 0.001 0.002 0.750 0.233 
 505 L X   0.001 0.005 0.000 0.003 0.001 0.001 0.759 0.230 
 506 K X   0.000 0.004 0.000 0.002 0.000 0.000 0.765 0.229 
 507 T X   0.000 0.003 0.000 0.001 0.000 0.000 0.766 0.230 
 508 D X   0.000 0.002 0.000 0.002 0.000 0.000 0.763 0.232 
 509 C X   0.002 0.003 0.001 0.009 0.002 0.002 0.748 0.233 
