#TopoPred_TM8: 8-state transmembrane topology prediction results by no_profile mode 
#probabilities are in the order of H E C I L F X _, the 8 transmembrane topology types used in PDBTM 
   1 M X   0.014 0.002 0.003 0.080 0.011 0.012 0.690 0.188 
   2 A X   0.006 0.001 0.000 0.055 0.003 0.007 0.711 0.217 
   3 D X   0.002 0.001 0.000 0.033 0.001 0.005 0.716 0.242 
   4 V X   0.002 0.001 0.000 0.021 0.001 0.004 0.713 0.258 
   5 F X   0.002 0.001 0.000 0.016 0.001 0.005 0.705 0.270 
   6 P X   0.002 0.001 0.000 0.012 0.001 0.005 0.695 0.283 
   7 G X   0.002 0.002 0.000 0.009 0.001 0.006 0.683 0.296 
   8 N X   0.003 0.003 0.000 0.009 0.002 0.006 0.668 0.309 
   9 D X   0.003 0.006 0.000 0.009 0.002 0.007 0.650 0.323 
  10 S X   0.003 0.009 0.000 0.011 0.002 0.008 0.629 0.337 
  11 T X   0.003 0.015 0.000 0.014 0.003 0.009 0.605 0.350 
  12 A X   0.003 0.024 0.001 0.018 0.004 0.010 0.578 0.361 
  13 S X   0.004 0.036 0.001 0.022 0.005 0.012 0.549 0.372 
  14 Q X   0.004 0.049 0.001 0.027 0.006 0.013 0.519 0.380 
  15 D X   0.004 0.063 0.001 0.032 0.007 0.014 0.491 0.388 
  16 V X   0.004 0.076 0.001 0.037 0.008 0.015 0.465 0.394 
  17 A X   0.005 0.087 0.001 0.040 0.009 0.015 0.442 0.402 
  18 N X   0.005 0.095 0.001 0.042 0.009 0.015 0.422 0.410 
  19 R _   0.005 0.100 0.001 0.043 0.009 0.015 0.406 0.421 
  20 F _   0.005 0.102 0.001 0.042 0.009 0.015 0.393 0.434 
  21 A _   0.005 0.102 0.001 0.039 0.009 0.014 0.382 0.448 
  22 R _   0.006 0.099 0.001 0.036 0.008 0.014 0.373 0.464 
  23 K _   0.006 0.095 0.001 0.031 0.007 0.013 0.365 0.482 
  24 G _   0.006 0.089 0.001 0.027 0.006 0.012 0.358 0.501 
  25 A _   0.006 0.081 0.001 0.022 0.006 0.011 0.353 0.521 
  26 L _   0.006 0.072 0.001 0.018 0.005 0.010 0.348 0.541 
  27 R _   0.006 0.062 0.001 0.014 0.004 0.010 0.343 0.560 
  28 Q _   0.006 0.053 0.000 0.011 0.003 0.009 0.339 0.578 
  29 K _   0.006 0.046 0.000 0.009 0.003 0.009 0.334 0.594 
  30 N _   0.005 0.040 0.000 0.007 0.003 0.008 0.329 0.607 
  31 V _   0.005 0.037 0.000 0.006 0.002 0.009 0.323 0.618 
  32 H _   0.006 0.035 0.000 0.006 0.002 0.009 0.316 0.625 
  33 E _   0.006 0.035 0.000 0.006 0.003 0.010 0.309 0.630 
  34 V _   0.007 0.036 0.000 0.007 0.004 0.012 0.301 0.632 
  35 K _   0.008 0.040 0.001 0.010 0.005 0.015 0.292 0.630 
  36 D _   0.010 0.046 0.001 0.014 0.007 0.018 0.282 0.623 
  37 H _   0.012 0.055 0.001 0.021 0.010 0.022 0.270 0.610 
  38 K _   0.013 0.065 0.001 0.029 0.014 0.025 0.259 0.594 
  39 F _   0.015 0.074 0.001 0.038 0.016 0.027 0.248 0.580 
  40 I _   0.016 0.080 0.001 0.045 0.018 0.028 0.240 0.572 
  41 A _   0.017 0.082 0.001 0.048 0.019 0.029 0.233 0.571 
  42 R _   0.017 0.081 0.001 0.048 0.018 0.028 0.227 0.579 
  43 F _   0.017 0.076 0.001 0.043 0.016 0.027 0.223 0.596 
  44 F _   0.016 0.067 0.001 0.035 0.014 0.025 0.219 0.622 
  45 K _   0.016 0.051 0.001 0.026 0.011 0.023 0.216 0.655 
  46 Q _   0.016 0.034 0.001 0.017 0.009 0.022 0.213 0.689 
  47 P _   0.016 0.019 0.001 0.010 0.006 0.021 0.210 0.717 
  48 T _   0.016 0.011 0.001 0.006 0.005 0.021 0.207 0.735 
  49 F _   0.017 0.007 0.000 0.004 0.004 0.022 0.203 0.743 
  50 C _   0.020 0.005 0.000 0.004 0.005 0.024 0.199 0.743 
  51 S _   0.024 0.006 0.001 0.005 0.007 0.028 0.195 0.736 
  52 H _   0.029 0.007 0.001 0.008 0.010 0.033 0.190 0.722 
  53 C _   0.035 0.011 0.001 0.014 0.016 0.038 0.185 0.700 
  54 T _   0.040 0.017 0.002 0.022 0.021 0.043 0.179 0.676 
  55 D _   0.044 0.022 0.002 0.030 0.026 0.046 0.174 0.655 
  56 F _   0.047 0.026 0.002 0.037 0.028 0.048 0.170 0.642 
  57 I _   0.049 0.027 0.002 0.039 0.029 0.049 0.167 0.638 
  58 W _   0.050 0.027 0.002 0.037 0.027 0.049 0.164 0.644 
  59 G _   0.051 0.023 0.002 0.031 0.025 0.048 0.162 0.659 
  60 F _   0.051 0.018 0.002 0.023 0.021 0.046 0.160 0.678 
  61 G _   0.052 0.012 0.001 0.015 0.018 0.046 0.159 0.697 
  62 K _   0.053 0.007 0.001 0.010 0.014 0.045 0.157 0.712 
  63 Q _   0.055 0.005 0.001 0.006 0.012 0.045 0.156 0.720 
  64 G _   0.058 0.003 0.001 0.005 0.012 0.046 0.155 0.720 
  65 F _   0.064 0.003 0.001 0.005 0.013 0.048 0.154 0.713 
  66 Q _   0.070 0.004 0.001 0.006 0.015 0.050 0.154 0.700 
  67 C _   0.077 0.006 0.001 0.009 0.019 0.053 0.153 0.682 
  68 Q _   0.084 0.010 0.002 0.013 0.023 0.056 0.152 0.661 
  69 V _   0.089 0.014 0.002 0.017 0.027 0.057 0.152 0.642 
  70 C _   0.094 0.019 0.002 0.020 0.029 0.058 0.152 0.626 
  71 C _   0.095 0.022 0.002 0.021 0.030 0.058 0.153 0.618 
  72 F _   0.096 0.025 0.002 0.020 0.030 0.057 0.154 0.616 
  73 V _   0.095 0.026 0.002 0.018 0.029 0.056 0.156 0.619 
  74 V _   0.092 0.027 0.002 0.016 0.027 0.054 0.158 0.624 
  75 H _   0.087 0.028 0.001 0.014 0.026 0.052 0.160 0.631 
  76 K _   0.082 0.030 0.001 0.014 0.024 0.051 0.163 0.635 
  77 R _   0.075 0.033 0.001 0.015 0.024 0.049 0.165 0.638 
  78 C _   0.068 0.038 0.002 0.019 0.023 0.046 0.169 0.636 
  79 H _   0.060 0.044 0.002 0.024 0.023 0.043 0.173 0.631 
  80 E _   0.052 0.051 0.002 0.031 0.022 0.040 0.177 0.626 
  81 F _   0.045 0.056 0.002 0.036 0.021 0.036 0.182 0.622 
  82 V _   0.038 0.059 0.001 0.040 0.019 0.032 0.188 0.623 
  83 T _   0.032 0.059 0.001 0.041 0.016 0.028 0.195 0.628 
  84 F _   0.026 0.057 0.001 0.039 0.014 0.024 0.202 0.638 
  85 S _   0.021 0.052 0.001 0.034 0.011 0.020 0.210 0.651 
  86 C _   0.017 0.045 0.001 0.028 0.008 0.016 0.219 0.667 
  87 P _   0.014 0.035 0.001 0.021 0.006 0.013 0.228 0.682 
  88 G _   0.012 0.026 0.001 0.015 0.004 0.010 0.236 0.696 
  89 A _   0.010 0.017 0.000 0.011 0.003 0.008 0.244 0.707 
  90 D _   0.008 0.011 0.000 0.008 0.002 0.007 0.251 0.714 
  91 K _   0.007 0.007 0.000 0.006 0.002 0.005 0.256 0.718 
  92 G _   0.006 0.004 0.000 0.004 0.001 0.005 0.259 0.720 
  93 P _   0.005 0.003 0.000 0.004 0.001 0.004 0.262 0.721 
  94 D _   0.005 0.002 0.000 0.003 0.001 0.004 0.263 0.722 
  95 T _   0.004 0.001 0.000 0.003 0.001 0.004 0.263 0.724 
  96 D _   0.004 0.001 0.000 0.003 0.001 0.004 0.262 0.725 
  97 D _   0.004 0.001 0.000 0.003 0.001 0.004 0.260 0.726 
  98 P _   0.004 0.002 0.000 0.004 0.001 0.005 0.257 0.727 
  99 R _   0.004 0.002 0.000 0.005 0.002 0.006 0.253 0.728 
 100 S _   0.004 0.003 0.000 0.007 0.002 0.007 0.248 0.728 
 101 K _   0.004 0.005 0.000 0.010 0.003 0.008 0.242 0.728 
 102 H _   0.004 0.007 0.000 0.013 0.003 0.009 0.236 0.726 
 103 K _   0.005 0.010 0.000 0.016 0.004 0.011 0.229 0.724 
 104 F _   0.005 0.012 0.001 0.020 0.005 0.012 0.223 0.723 
 105 K _   0.005 0.014 0.001 0.022 0.006 0.012 0.217 0.724 
 106 I _   0.005 0.016 0.001 0.023 0.006 0.013 0.211 0.725 
 107 H _   0.005 0.016 0.001 0.022 0.006 0.013 0.206 0.730 
 108 T _   0.005 0.016 0.001 0.020 0.006 0.014 0.202 0.736 
 109 Y _   0.006 0.015 0.001 0.017 0.005 0.014 0.198 0.743 
 110 G _   0.006 0.014 0.001 0.014 0.005 0.015 0.194 0.751 
 111 S _   0.007 0.013 0.001 0.011 0.005 0.016 0.191 0.756 
 112 P _   0.009 0.012 0.001 0.009 0.005 0.018 0.187 0.759 
 113 T _   0.012 0.012 0.001 0.007 0.005 0.021 0.183 0.759 
 114 F _   0.016 0.013 0.001 0.007 0.006 0.025 0.179 0.754 
 115 C _   0.023 0.015 0.001 0.007 0.008 0.031 0.174 0.741 
 116 D _   0.032 0.020 0.001 0.009 0.013 0.038 0.168 0.718 
 117 H _   0.044 0.031 0.001 0.012 0.020 0.046 0.162 0.684 
 118 C _   0.057 0.050 0.002 0.016 0.031 0.055 0.154 0.635 
 119 G _   0.068 0.080 0.003 0.023 0.042 0.062 0.147 0.576 
 120 S _   0.077 0.116 0.003 0.031 0.051 0.066 0.140 0.516 
 121 L _   0.083 0.151 0.003 0.040 0.057 0.067 0.134 0.464 
 122 L _   0.086 0.177 0.003 0.048 0.059 0.066 0.130 0.431 
 123 Y _   0.086 0.192 0.003 0.053 0.058 0.063 0.128 0.416 
 124 G _   0.083 0.200 0.003 0.057 0.056 0.059 0.127 0.416 
 125 L _   0.078 0.200 0.003 0.057 0.051 0.055 0.127 0.430 
 126 I _   0.071 0.195 0.003 0.054 0.044 0.049 0.128 0.457 
 127 H _   0.063 0.181 0.002 0.048 0.036 0.043 0.130 0.498 
 128 Q _   0.053 0.158 0.002 0.040 0.028 0.036 0.132 0.551 
 129 G _   0.043 0.127 0.002 0.031 0.020 0.030 0.135 0.611 
 130 M _   0.035 0.094 0.001 0.023 0.014 0.025 0.138 0.671 
 131 K _   0.026 0.065 0.001 0.016 0.009 0.020 0.141 0.722 
 132 C _   0.019 0.045 0.001 0.010 0.006 0.016 0.143 0.760 
 133 D _   0.014 0.033 0.000 0.007 0.004 0.013 0.144 0.785 
 134 T _   0.011 0.027 0.000 0.005 0.003 0.011 0.144 0.799 
 135 C _   0.009 0.024 0.000 0.005 0.002 0.010 0.144 0.807 
 136 D _   0.008 0.023 0.000 0.005 0.002 0.010 0.143 0.809 
 137 M _   0.007 0.025 0.000 0.005 0.003 0.010 0.142 0.808 
 138 N _   0.008 0.028 0.000 0.007 0.003 0.011 0.140 0.802 
 139 V _   0.008 0.034 0.001 0.010 0.004 0.013 0.138 0.792 
 140 H _   0.009 0.043 0.001 0.013 0.006 0.014 0.136 0.778 
 141 K _   0.010 0.055 0.001 0.018 0.008 0.016 0.134 0.759 
 142 Q _   0.011 0.068 0.001 0.023 0.009 0.018 0.131 0.740 
 143 C _   0.011 0.080 0.001 0.028 0.011 0.019 0.129 0.721 
 144 V _   0.011 0.091 0.001 0.032 0.012 0.019 0.128 0.706 
 145 I _   0.012 0.098 0.001 0.035 0.013 0.020 0.127 0.694 
 146 N _   0.012 0.103 0.001 0.037 0.013 0.020 0.127 0.687 
 147 V _   0.012 0.105 0.001 0.037 0.013 0.019 0.127 0.685 
 148 P _   0.013 0.104 0.001 0.036 0.012 0.018 0.128 0.688 
 149 S _   0.013 0.101 0.001 0.033 0.011 0.017 0.130 0.695 
 150 L _   0.012 0.094 0.001 0.028 0.009 0.016 0.132 0.708 
 151 C _   0.011 0.085 0.001 0.023 0.008 0.014 0.135 0.724 
 152 G _   0.010 0.075 0.001 0.018 0.006 0.012 0.137 0.742 
 153 M _   0.009 0.065 0.001 0.013 0.005 0.011 0.139 0.758 
 154 D _   0.008 0.057 0.000 0.009 0.004 0.010 0.141 0.771 
 155 H _   0.007 0.051 0.000 0.007 0.003 0.009 0.142 0.780 
 156 T _   0.007 0.048 0.000 0.006 0.003 0.008 0.143 0.785 
 157 E _   0.007 0.047 0.000 0.006 0.003 0.008 0.143 0.786 
 158 K _   0.006 0.049 0.000 0.006 0.003 0.009 0.143 0.783 
 159 R _   0.007 0.053 0.000 0.008 0.003 0.010 0.143 0.776 
 160 G _   0.007 0.060 0.001 0.011 0.004 0.011 0.142 0.764 
 161 R _   0.007 0.069 0.001 0.015 0.005 0.011 0.142 0.750 
 162 I _   0.007 0.079 0.001 0.018 0.006 0.012 0.141 0.735 
 163 Y _   0.007 0.088 0.001 0.021 0.007 0.012 0.141 0.722 
 164 L _   0.007 0.095 0.001 0.023 0.007 0.013 0.141 0.714 
 165 K _   0.007 0.099 0.001 0.023 0.007 0.012 0.141 0.710 
 166 A _   0.007 0.102 0.001 0.022 0.007 0.012 0.142 0.708 
 167 E _   0.007 0.103 0.001 0.020 0.006 0.012 0.143 0.710 
 168 V _   0.006 0.103 0.001 0.018 0.006 0.011 0.144 0.711 
 169 A _   0.006 0.102 0.001 0.016 0.005 0.011 0.146 0.713 
 170 D _   0.007 0.101 0.001 0.015 0.005 0.011 0.148 0.713 
 171 E _   0.007 0.101 0.001 0.014 0.005 0.011 0.150 0.712 
 172 K _   0.007 0.101 0.001 0.014 0.005 0.011 0.152 0.709 
 173 L _   0.007 0.102 0.001 0.015 0.005 0.012 0.154 0.705 
 174 H _   0.008 0.103 0.001 0.016 0.005 0.012 0.157 0.699 
 175 V _   0.008 0.104 0.001 0.018 0.006 0.012 0.159 0.692 
 176 T _   0.008 0.105 0.001 0.020 0.006 0.013 0.162 0.685 
 177 V _   0.008 0.106 0.001 0.023 0.007 0.013 0.165 0.677 
 178 R _   0.009 0.105 0.001 0.025 0.007 0.013 0.169 0.672 
 179 D _   0.009 0.103 0.001 0.026 0.007 0.013 0.173 0.667 
 180 A _   0.009 0.099 0.001 0.027 0.007 0.013 0.179 0.665 
 181 K _   0.009 0.093 0.001 0.026 0.007 0.012 0.186 0.665 
 182 N _   0.009 0.084 0.001 0.025 0.007 0.012 0.193 0.669 
 183 L _   0.009 0.073 0.001 0.022 0.006 0.011 0.202 0.677 
 184 I _   0.009 0.060 0.001 0.018 0.005 0.009 0.211 0.688 
 185 P _   0.008 0.046 0.001 0.014 0.004 0.008 0.219 0.701 
 186 M _   0.007 0.033 0.000 0.010 0.003 0.007 0.227 0.713 
 187 D _   0.006 0.023 0.000 0.007 0.002 0.006 0.233 0.722 
 188 P _   0.006 0.017 0.000 0.005 0.002 0.005 0.238 0.728 
 189 N _   0.005 0.013 0.000 0.004 0.001 0.005 0.241 0.731 
 190 G _   0.004 0.011 0.000 0.003 0.001 0.005 0.244 0.731 
 191 L _   0.004 0.011 0.000 0.004 0.001 0.005 0.246 0.728 
 192 S _   0.005 0.012 0.000 0.005 0.002 0.006 0.247 0.724 
 193 D _   0.005 0.014 0.000 0.008 0.002 0.007 0.247 0.717 
 194 P _   0.005 0.017 0.000 0.011 0.003 0.008 0.247 0.708 
 195 Y _   0.006 0.021 0.000 0.016 0.004 0.009 0.247 0.697 
 196 V _   0.006 0.025 0.001 0.020 0.004 0.010 0.247 0.688 
 197 K _   0.006 0.027 0.001 0.024 0.005 0.010 0.248 0.681 
 198 L _   0.006 0.029 0.001 0.025 0.005 0.010 0.248 0.677 
 199 K _   0.005 0.029 0.001 0.023 0.004 0.009 0.250 0.678 
 200 L _   0.005 0.027 0.000 0.020 0.004 0.008 0.252 0.683 
 201 I _   0.005 0.025 0.000 0.016 0.003 0.007 0.254 0.689 
 202 P _   0.004 0.022 0.000 0.012 0.003 0.006 0.256 0.696 
 203 D _   0.004 0.019 0.000 0.009 0.002 0.005 0.258 0.703 
 204 P _   0.004 0.017 0.000 0.006 0.002 0.005 0.259 0.708 
 205 K _   0.003 0.016 0.000 0.005 0.001 0.005 0.259 0.711 
 206 N _   0.003 0.016 0.000 0.004 0.001 0.005 0.259 0.711 
 207 E _   0.003 0.017 0.000 0.004 0.001 0.005 0.259 0.710 
 208 S _   0.004 0.019 0.000 0.005 0.002 0.006 0.257 0.707 
 209 K _   0.004 0.024 0.000 0.008 0.002 0.007 0.255 0.700 
 210 Q _   0.005 0.032 0.000 0.011 0.003 0.009 0.252 0.688 
 211 K _   0.005 0.044 0.001 0.016 0.004 0.010 0.248 0.673 
 212 T _   0.005 0.056 0.001 0.021 0.005 0.011 0.244 0.656 
 213 K _   0.005 0.068 0.001 0.026 0.006 0.012 0.241 0.642 
 214 T _   0.005 0.077 0.001 0.029 0.007 0.012 0.238 0.631 
 215 I _   0.005 0.082 0.001 0.031 0.007 0.012 0.237 0.625 
 216 R _   0.005 0.085 0.001 0.030 0.007 0.012 0.236 0.623 
 217 S _   0.005 0.085 0.001 0.028 0.006 0.012 0.236 0.626 
 218 T _   0.005 0.084 0.001 0.025 0.006 0.011 0.237 0.631 
 219 L _   0.005 0.081 0.001 0.021 0.005 0.010 0.238 0.638 
 220 N _   0.005 0.077 0.001 0.018 0.005 0.010 0.240 0.644 
 221 P _   0.005 0.073 0.000 0.016 0.004 0.009 0.242 0.649 
 222 Q _   0.006 0.070 0.000 0.015 0.004 0.009 0.244 0.652 
 223 W _   0.006 0.067 0.000 0.015 0.004 0.009 0.246 0.653 
 224 N _   0.006 0.064 0.000 0.015 0.004 0.009 0.248 0.653 
 225 E _   0.006 0.061 0.001 0.016 0.004 0.009 0.250 0.652 
 226 S _   0.007 0.058 0.001 0.017 0.004 0.009 0.253 0.652 
 227 F _   0.006 0.054 0.001 0.017 0.004 0.009 0.255 0.654 
 228 T _   0.006 0.049 0.000 0.016 0.004 0.008 0.258 0.659 
 229 F _   0.006 0.042 0.000 0.014 0.003 0.007 0.261 0.666 
 230 K _   0.005 0.035 0.000 0.011 0.003 0.007 0.264 0.675 
 231 L _   0.005 0.029 0.000 0.008 0.002 0.006 0.266 0.684 
 232 K _   0.004 0.023 0.000 0.006 0.002 0.005 0.268 0.692 
 233 P _   0.004 0.020 0.000 0.004 0.001 0.005 0.269 0.697 
 234 S _   0.004 0.019 0.000 0.003 0.001 0.005 0.269 0.699 
 235 D _   0.004 0.019 0.000 0.004 0.001 0.006 0.268 0.698 
 236 K _   0.004 0.021 0.000 0.005 0.002 0.007 0.267 0.693 
 237 D _   0.005 0.025 0.000 0.008 0.003 0.009 0.266 0.683 
 238 R _   0.006 0.035 0.001 0.014 0.005 0.012 0.263 0.665 
 239 R _   0.007 0.049 0.001 0.022 0.007 0.014 0.260 0.640 
 240 L _   0.007 0.065 0.001 0.032 0.009 0.016 0.256 0.613 
 241 S _   0.008 0.078 0.001 0.041 0.011 0.017 0.253 0.591 
 242 V _   0.008 0.085 0.001 0.048 0.012 0.018 0.252 0.576 
 243 E _   0.008 0.089 0.001 0.051 0.012 0.018 0.252 0.570 
 244 I _   0.008 0.088 0.001 0.049 0.011 0.017 0.252 0.573 
 245 W _   0.007 0.084 0.001 0.043 0.010 0.016 0.254 0.584 
 246 D _   0.007 0.075 0.001 0.035 0.009 0.015 0.257 0.601 
 247 W _   0.007 0.062 0.001 0.026 0.007 0.013 0.261 0.623 
 248 D _   0.007 0.046 0.001 0.017 0.006 0.013 0.265 0.645 
 249 R _   0.007 0.033 0.001 0.011 0.004 0.012 0.269 0.664 
 250 T _   0.007 0.024 0.000 0.006 0.003 0.012 0.272 0.675 
 251 T _   0.008 0.019 0.000 0.004 0.003 0.013 0.274 0.679 
 252 R _   0.009 0.018 0.000 0.004 0.003 0.014 0.276 0.676 
 253 N _   0.013 0.019 0.000 0.004 0.004 0.017 0.277 0.667 
 254 D _   0.017 0.022 0.001 0.006 0.006 0.022 0.277 0.650 
 255 F _   0.023 0.031 0.001 0.009 0.010 0.027 0.277 0.623 
 256 M _   0.029 0.046 0.001 0.014 0.015 0.033 0.277 0.584 
 257 G _   0.034 0.068 0.002 0.021 0.021 0.038 0.277 0.539 
 258 S _   0.039 0.090 0.002 0.028 0.027 0.041 0.278 0.496 
 259 L _   0.042 0.108 0.002 0.034 0.030 0.043 0.280 0.461 
 260 S _   0.043 0.120 0.002 0.039 0.032 0.044 0.283 0.436 
 261 F _   0.044 0.128 0.002 0.041 0.033 0.044 0.288 0.421 
 262 G _   0.044 0.130 0.002 0.042 0.032 0.042 0.294 0.414 
 263 V _   0.043 0.129 0.002 0.040 0.030 0.040 0.301 0.415 
 264 S _   0.041 0.124 0.002 0.036 0.027 0.037 0.310 0.423 
 265 E _   0.038 0.115 0.002 0.031 0.023 0.033 0.321 0.436 
 266 L _   0.034 0.102 0.002 0.027 0.019 0.030 0.334 0.453 
 267 M _   0.030 0.088 0.001 0.022 0.015 0.026 0.347 0.471 
 268 K _   0.026 0.072 0.001 0.018 0.012 0.023 0.360 0.487 
 269 M _   0.022 0.059 0.001 0.015 0.009 0.020 0.374 0.501 
 270 P _   0.019 0.048 0.001 0.012 0.007 0.017 0.386 0.510 
 271 A _   0.015 0.040 0.001 0.011 0.006 0.015 0.398 0.514 
 272 S _   0.013 0.034 0.001 0.010 0.005 0.013 0.409 0.516 
 273 G _   0.011 0.029 0.001 0.010 0.004 0.012 0.419 0.515 
 274 W _   0.010 0.026 0.000 0.009 0.004 0.011 0.428 0.512 
 275 Y _   0.008 0.023 0.000 0.010 0.004 0.010 0.437 0.508 
 276 K _   0.008 0.021 0.000 0.010 0.003 0.009 0.446 0.503 
 277 L _   0.007 0.019 0.000 0.010 0.003 0.008 0.454 0.497 
 278 L _   0.006 0.017 0.000 0.010 0.003 0.008 0.463 0.492 
 279 N _   0.006 0.015 0.000 0.010 0.003 0.007 0.471 0.486 
 280 Q _   0.006 0.014 0.000 0.010 0.003 0.007 0.480 0.480 
 281 E X   0.006 0.012 0.000 0.010 0.003 0.007 0.488 0.474 
 282 E X   0.006 0.010 0.000 0.009 0.003 0.006 0.497 0.469 
 283 G X   0.005 0.008 0.000 0.009 0.002 0.006 0.505 0.464 
 284 E X   0.005 0.007 0.000 0.008 0.002 0.005 0.513 0.460 
 285 Y X   0.005 0.005 0.000 0.006 0.002 0.005 0.521 0.457 
 286 Y X   0.004 0.004 0.000 0.005 0.001 0.004 0.527 0.454 
 287 N X   0.004 0.003 0.000 0.004 0.001 0.004 0.532 0.452 
 288 V X   0.004 0.002 0.000 0.003 0.001 0.003 0.536 0.450 
 289 P X   0.003 0.002 0.000 0.003 0.001 0.003 0.539 0.449 
 290 I X   0.003 0.001 0.000 0.002 0.001 0.003 0.541 0.449 
 291 P X   0.003 0.001 0.000 0.002 0.001 0.003 0.541 0.449 
 292 E X   0.003 0.001 0.000 0.002 0.001 0.003 0.541 0.449 
 293 G X   0.003 0.002 0.000 0.003 0.001 0.003 0.539 0.450 
 294 D X   0.003 0.002 0.000 0.003 0.001 0.003 0.537 0.451 
 295 E X   0.003 0.003 0.000 0.004 0.001 0.004 0.533 0.452 
 296 E X   0.003 0.005 0.000 0.006 0.001 0.005 0.528 0.453 
 297 G X   0.003 0.007 0.000 0.007 0.002 0.005 0.522 0.454 
 298 N X   0.003 0.009 0.000 0.010 0.002 0.006 0.516 0.454 
 299 M X   0.003 0.012 0.000 0.012 0.003 0.006 0.509 0.455 
 300 E X   0.003 0.015 0.000 0.014 0.003 0.007 0.503 0.456 
 301 L X   0.003 0.017 0.000 0.015 0.003 0.007 0.497 0.459 
 302 R X   0.003 0.018 0.000 0.015 0.003 0.007 0.492 0.462 
 303 Q X   0.003 0.019 0.000 0.015 0.003 0.007 0.487 0.467 
 304 K X   0.003 0.020 0.000 0.014 0.003 0.006 0.483 0.471 
 305 F X   0.003 0.020 0.000 0.013 0.003 0.006 0.479 0.477 
 306 E _   0.003 0.020 0.000 0.011 0.002 0.006 0.476 0.481 
 307 K _   0.003 0.020 0.000 0.011 0.002 0.006 0.473 0.485 
 308 A _   0.003 0.020 0.000 0.010 0.002 0.006 0.471 0.488 
 309 K _   0.003 0.020 0.000 0.010 0.002 0.006 0.468 0.490 
 310 L _   0.003 0.020 0.000 0.010 0.002 0.006 0.465 0.492 
 311 G _   0.003 0.020 0.000 0.011 0.003 0.006 0.463 0.494 
 312 P _   0.004 0.020 0.000 0.012 0.003 0.006 0.461 0.495 
 313 A _   0.004 0.020 0.000 0.012 0.003 0.006 0.459 0.495 
 314 G _   0.004 0.020 0.000 0.013 0.003 0.007 0.457 0.497 
 315 N _   0.004 0.020 0.000 0.013 0.003 0.007 0.456 0.498 
 316 K _   0.004 0.019 0.000 0.013 0.003 0.007 0.454 0.500 
 317 V _   0.004 0.018 0.000 0.012 0.003 0.006 0.454 0.503 
 318 I _   0.004 0.016 0.000 0.011 0.003 0.006 0.453 0.506 
 319 S _   0.004 0.014 0.000 0.010 0.002 0.006 0.452 0.510 
 320 P _   0.004 0.013 0.000 0.009 0.002 0.005 0.452 0.515 
 321 S _   0.004 0.011 0.000 0.008 0.002 0.005 0.451 0.520 
 322 E _   0.004 0.009 0.000 0.006 0.002 0.005 0.449 0.525 
 323 D _   0.004 0.008 0.000 0.005 0.001 0.004 0.447 0.530 
 324 R _   0.003 0.007 0.000 0.004 0.001 0.004 0.445 0.536 
 325 K _   0.003 0.006 0.000 0.004 0.001 0.004 0.441 0.541 
 326 Q _   0.003 0.006 0.000 0.003 0.001 0.004 0.437 0.546 
 327 P _   0.003 0.006 0.000 0.004 0.001 0.004 0.431 0.551 
 328 S _   0.003 0.007 0.000 0.004 0.001 0.005 0.424 0.555 
 329 N _   0.003 0.009 0.000 0.005 0.002 0.006 0.416 0.559 
 330 N _   0.004 0.012 0.000 0.006 0.002 0.008 0.406 0.561 
 331 L _   0.004 0.018 0.000 0.008 0.003 0.011 0.395 0.561 
 332 D _   0.006 0.028 0.001 0.010 0.004 0.014 0.381 0.557 
 333 R _   0.007 0.041 0.001 0.013 0.006 0.018 0.365 0.549 
 334 V _   0.009 0.060 0.001 0.017 0.008 0.022 0.348 0.536 
 335 K _   0.011 0.084 0.001 0.021 0.011 0.026 0.329 0.517 
 336 L _   0.013 0.110 0.001 0.025 0.015 0.031 0.310 0.494 
 337 T _   0.016 0.139 0.002 0.030 0.020 0.035 0.291 0.468 
 338 D _   0.019 0.168 0.002 0.034 0.024 0.039 0.275 0.440 
 339 F _   0.022 0.195 0.002 0.038 0.027 0.041 0.260 0.415 
 340 N _   0.024 0.216 0.002 0.042 0.029 0.042 0.248 0.396 
 341 F _   0.026 0.231 0.002 0.045 0.030 0.042 0.239 0.384 
 342 L _   0.028 0.240 0.002 0.047 0.030 0.041 0.232 0.381 
 343 M _   0.029 0.243 0.002 0.047 0.028 0.039 0.226 0.386 
 344 V _   0.029 0.241 0.002 0.044 0.026 0.036 0.222 0.399 
 345 L _   0.029 0.234 0.002 0.040 0.023 0.033 0.219 0.420 
 346 G _   0.028 0.222 0.002 0.035 0.020 0.030 0.217 0.447 
 347 K _   0.027 0.204 0.001 0.030 0.017 0.028 0.215 0.477 
 348 G _   0.026 0.183 0.001 0.026 0.015 0.025 0.214 0.510 
 349 S _   0.024 0.160 0.001 0.023 0.012 0.022 0.214 0.543 
 350 F _   0.022 0.137 0.001 0.021 0.010 0.020 0.214 0.576 
 351 G _   0.019 0.115 0.001 0.018 0.008 0.017 0.215 0.607 
 352 K _   0.017 0.094 0.001 0.016 0.007 0.015 0.215 0.636 
 353 V _   0.014 0.075 0.001 0.014 0.005 0.013 0.215 0.663 
 354 M _   0.012 0.059 0.001 0.011 0.004 0.011 0.215 0.687 
 355 L _   0.010 0.045 0.000 0.009 0.003 0.010 0.214 0.709 
 356 A _   0.008 0.035 0.000 0.007 0.003 0.008 0.212 0.726 
 357 D _   0.007 0.029 0.000 0.005 0.002 0.008 0.210 0.739 
 358 R _   0.006 0.025 0.000 0.004 0.002 0.007 0.207 0.747 
 359 K _   0.006 0.024 0.000 0.004 0.002 0.008 0.204 0.752 
 360 G _   0.006 0.024 0.000 0.005 0.002 0.009 0.200 0.753 
 361 T _   0.007 0.027 0.000 0.007 0.003 0.010 0.196 0.751 
 362 E _   0.008 0.032 0.001 0.010 0.004 0.012 0.190 0.743 
 363 E _   0.009 0.040 0.001 0.015 0.006 0.015 0.184 0.731 
 364 L _   0.010 0.052 0.001 0.021 0.008 0.017 0.177 0.714 
 365 Y _   0.010 0.065 0.001 0.029 0.010 0.019 0.170 0.696 
 366 A _   0.011 0.076 0.001 0.037 0.012 0.020 0.164 0.680 
 367 I _   0.011 0.083 0.001 0.043 0.014 0.021 0.159 0.668 
 368 K _   0.012 0.087 0.001 0.046 0.014 0.021 0.155 0.664 
 369 I _   0.012 0.088 0.001 0.047 0.014 0.020 0.152 0.665 
 370 L _   0.012 0.086 0.001 0.044 0.013 0.019 0.150 0.674 
 371 K _   0.012 0.080 0.001 0.039 0.012 0.018 0.149 0.689 
 372 K _   0.012 0.069 0.001 0.032 0.010 0.016 0.149 0.711 
 373 D _   0.011 0.055 0.001 0.025 0.008 0.014 0.149 0.737 
 374 V _   0.011 0.039 0.001 0.017 0.006 0.012 0.149 0.765 
 375 V _   0.010 0.025 0.001 0.011 0.004 0.010 0.149 0.790 
 376 I _   0.009 0.015 0.000 0.007 0.003 0.009 0.148 0.809 
 377 Q _   0.008 0.009 0.000 0.004 0.002 0.008 0.147 0.821 
 378 D _   0.008 0.006 0.000 0.003 0.002 0.009 0.145 0.827 
 379 D _   0.008 0.005 0.000 0.003 0.002 0.009 0.143 0.829 
 380 D _   0.009 0.006 0.000 0.003 0.002 0.011 0.140 0.828 
 381 V _   0.011 0.008 0.000 0.005 0.004 0.015 0.136 0.821 
 382 E _   0.014 0.013 0.001 0.008 0.006 0.019 0.132 0.807 
 383 C _   0.017 0.024 0.001 0.015 0.010 0.024 0.126 0.782 
 384 T _   0.020 0.043 0.001 0.025 0.014 0.028 0.119 0.748 
 385 M _   0.022 0.065 0.002 0.036 0.018 0.032 0.113 0.713 
 386 V _   0.022 0.082 0.002 0.047 0.021 0.033 0.107 0.685 
 387 E _   0.023 0.094 0.002 0.054 0.022 0.034 0.102 0.669 
 388 K _   0.022 0.099 0.002 0.058 0.022 0.033 0.098 0.666 
 389 R _   0.021 0.099 0.002 0.056 0.021 0.031 0.095 0.674 
 390 V _   0.020 0.095 0.001 0.050 0.019 0.029 0.093 0.692 
 391 L _   0.019 0.086 0.001 0.041 0.016 0.026 0.092 0.719 
 392 A _   0.018 0.071 0.001 0.031 0.013 0.024 0.091 0.752 
 393 L _   0.017 0.053 0.001 0.022 0.010 0.021 0.090 0.786 
 394 L _   0.016 0.036 0.001 0.014 0.007 0.019 0.089 0.818 
 395 D _   0.015 0.024 0.001 0.009 0.005 0.018 0.088 0.841 
 396 K _   0.014 0.016 0.000 0.006 0.004 0.017 0.086 0.855 
 397 P _   0.014 0.012 0.000 0.005 0.004 0.017 0.085 0.863 
 398 P _   0.014 0.011 0.000 0.005 0.004 0.018 0.083 0.865 
 399 F _   0.016 0.010 0.000 0.006 0.005 0.020 0.080 0.862 
 400 L _   0.018 0.011 0.001 0.007 0.006 0.023 0.078 0.857 
 401 T _   0.021 0.012 0.001 0.009 0.008 0.026 0.075 0.848 
 402 Q _   0.024 0.015 0.001 0.012 0.010 0.029 0.072 0.836 
 403 L _   0.027 0.018 0.001 0.015 0.013 0.033 0.069 0.825 
 404 H _   0.030 0.020 0.001 0.017 0.015 0.035 0.066 0.814 
 405 S _   0.034 0.022 0.001 0.019 0.017 0.038 0.063 0.806 
 406 C _   0.037 0.024 0.001 0.019 0.019 0.040 0.061 0.799 
 407 F _   0.041 0.025 0.001 0.020 0.021 0.042 0.058 0.792 
 408 Q _   0.046 0.026 0.001 0.019 0.022 0.043 0.056 0.787 
 409 T _   0.049 0.026 0.001 0.019 0.023 0.044 0.054 0.783 
 410 V _   0.053 0.026 0.002 0.019 0.024 0.044 0.052 0.779 
 411 D _   0.056 0.026 0.002 0.020 0.025 0.044 0.051 0.776 
 412 R _   0.058 0.026 0.002 0.021 0.025 0.043 0.050 0.776 
 413 L _   0.058 0.026 0.002 0.022 0.024 0.041 0.049 0.779 
 414 Y _   0.057 0.025 0.002 0.022 0.022 0.038 0.048 0.786 
 415 F _   0.054 0.022 0.001 0.022 0.020 0.036 0.048 0.797 
 416 V _   0.049 0.019 0.001 0.020 0.017 0.032 0.048 0.813 
 417 M _   0.044 0.016 0.001 0.017 0.014 0.029 0.048 0.833 
 418 E _   0.038 0.012 0.001 0.013 0.011 0.025 0.047 0.853 
 419 Y _   0.033 0.008 0.001 0.009 0.008 0.022 0.047 0.871 
 420 V _   0.028 0.006 0.001 0.007 0.006 0.020 0.046 0.885 
 421 N _   0.025 0.004 0.001 0.006 0.005 0.019 0.046 0.894 
 422 G _   0.024 0.003 0.001 0.005 0.005 0.018 0.045 0.899 
 423 G _   0.023 0.003 0.001 0.006 0.005 0.018 0.044 0.900 
 424 D _   0.023 0.004 0.001 0.007 0.006 0.019 0.043 0.896 
 425 L _   0.023 0.005 0.001 0.010 0.007 0.020 0.042 0.891 
 426 M _   0.023 0.007 0.001 0.014 0.009 0.021 0.041 0.884 
 427 Y _   0.023 0.009 0.001 0.018 0.010 0.021 0.040 0.878 
 428 H _   0.022 0.010 0.001 0.021 0.011 0.021 0.040 0.874 
 429 I _   0.021 0.011 0.001 0.023 0.011 0.021 0.039 0.874 
 430 Q _   0.020 0.010 0.001 0.022 0.010 0.019 0.038 0.878 
 431 Q _   0.020 0.009 0.001 0.020 0.009 0.018 0.037 0.886 
 432 V _   0.019 0.007 0.001 0.016 0.007 0.017 0.037 0.896 
 433 G _   0.020 0.005 0.001 0.012 0.006 0.015 0.036 0.905 
 434 K _   0.022 0.003 0.001 0.008 0.005 0.014 0.035 0.913 
 435 F _   0.026 0.001 0.000 0.005 0.004 0.014 0.034 0.915 
 436 K _   0.033 0.001 0.000 0.003 0.003 0.014 0.033 0.911 
 437 E _   0.047 0.000 0.000 0.003 0.004 0.016 0.032 0.899 
 438 P _   0.070 0.000 0.000 0.002 0.004 0.019 0.030 0.874 
 439 Q _   0.106 0.000 0.001 0.002 0.006 0.023 0.028 0.834 
 440 A _   0.158 0.000 0.001 0.003 0.010 0.029 0.026 0.774 
 441 V _   0.224 0.000 0.001 0.003 0.016 0.036 0.023 0.696 
 442 F _   0.295 0.000 0.002 0.004 0.023 0.043 0.021 0.612 
 443 Y _   0.363 0.000 0.002 0.005 0.032 0.049 0.019 0.531 
 444 A _   0.422 0.001 0.002 0.006 0.041 0.053 0.017 0.459 
 445 A H   0.468 0.001 0.002 0.007 0.048 0.055 0.016 0.403 
 446 E H   0.502 0.001 0.002 0.007 0.053 0.056 0.015 0.363 
 447 I H   0.525 0.001 0.002 0.008 0.055 0.055 0.014 0.339 
 448 S H   0.535 0.002 0.002 0.008 0.055 0.053 0.014 0.331 
 449 I H   0.534 0.001 0.002 0.008 0.053 0.050 0.015 0.336 
 450 G H   0.522 0.001 0.002 0.007 0.049 0.047 0.015 0.355 
 451 L H   0.498 0.001 0.002 0.007 0.044 0.044 0.016 0.387 
 452 F H   0.460 0.001 0.002 0.007 0.038 0.041 0.017 0.433 
 453 F _   0.413 0.001 0.002 0.006 0.032 0.038 0.019 0.489 
 454 L _   0.358 0.001 0.002 0.006 0.026 0.036 0.020 0.551 
 455 H _   0.303 0.001 0.002 0.006 0.021 0.033 0.022 0.613 
 456 K _   0.247 0.001 0.001 0.007 0.017 0.030 0.024 0.672 
 457 R _   0.196 0.001 0.001 0.008 0.014 0.028 0.026 0.727 
 458 G _   0.153 0.002 0.001 0.009 0.012 0.026 0.027 0.771 
 459 I _   0.118 0.002 0.001 0.010 0.010 0.024 0.029 0.806 
 460 I _   0.088 0.003 0.001 0.011 0.009 0.021 0.030 0.835 
 461 Y _   0.066 0.004 0.001 0.013 0.008 0.019 0.031 0.857 
 462 R _   0.048 0.005 0.001 0.013 0.008 0.018 0.032 0.875 
 463 D _   0.035 0.006 0.001 0.013 0.007 0.016 0.033 0.889 
 464 L _   0.026 0.007 0.001 0.013 0.006 0.014 0.034 0.900 
 465 K _   0.019 0.007 0.001 0.012 0.005 0.012 0.035 0.910 
 466 L _   0.014 0.008 0.000 0.010 0.004 0.010 0.036 0.917 
 467 D _   0.011 0.009 0.000 0.009 0.003 0.009 0.036 0.922 
 468 N _   0.009 0.009 0.000 0.008 0.003 0.008 0.036 0.926 
 469 V _   0.008 0.011 0.000 0.007 0.003 0.008 0.036 0.927 
 470 M _   0.008 0.012 0.000 0.006 0.002 0.008 0.036 0.927 
 471 L _   0.007 0.015 0.000 0.006 0.003 0.008 0.036 0.925 
 472 D _   0.007 0.019 0.000 0.007 0.003 0.009 0.035 0.920 
 473 S _   0.007 0.026 0.000 0.008 0.003 0.010 0.034 0.911 
 474 E _   0.008 0.037 0.001 0.010 0.004 0.011 0.033 0.897 
 475 G _   0.008 0.053 0.001 0.013 0.005 0.013 0.032 0.876 
 476 H _   0.009 0.075 0.001 0.016 0.007 0.014 0.030 0.847 
 477 I _   0.009 0.104 0.001 0.021 0.008 0.016 0.029 0.812 
 478 K _   0.009 0.136 0.001 0.025 0.009 0.017 0.027 0.776 
 479 I _   0.009 0.165 0.001 0.028 0.010 0.017 0.026 0.744 
 480 A _   0.009 0.188 0.001 0.030 0.010 0.018 0.024 0.720 
 481 D _   0.009 0.205 0.001 0.030 0.010 0.018 0.024 0.703 
 482 F _   0.009 0.217 0.001 0.029 0.010 0.017 0.023 0.694 
 483 G _   0.009 0.224 0.001 0.027 0.009 0.017 0.022 0.690 
 484 M _   0.009 0.229 0.001 0.024 0.009 0.017 0.022 0.689 
 485 C _   0.009 0.231 0.001 0.022 0.009 0.017 0.021 0.690 
 486 K _   0.010 0.232 0.001 0.020 0.008 0.017 0.021 0.691 
 487 E _   0.010 0.234 0.001 0.019 0.008 0.018 0.021 0.690 
 488 H _   0.010 0.236 0.001 0.019 0.009 0.018 0.021 0.686 
 489 M _   0.011 0.239 0.001 0.020 0.009 0.019 0.021 0.680 
 490 M _   0.012 0.243 0.001 0.023 0.010 0.019 0.021 0.671 
 491 D _   0.013 0.246 0.001 0.026 0.011 0.020 0.021 0.662 
 492 G _   0.013 0.248 0.001 0.030 0.012 0.020 0.021 0.655 
 493 V _   0.013 0.247 0.001 0.033 0.013 0.019 0.021 0.652 
 494 T _   0.013 0.242 0.001 0.034 0.013 0.019 0.022 0.656 
 495 T _   0.013 0.231 0.001 0.034 0.012 0.018 0.023 0.668 
 496 R _   0.013 0.214 0.001 0.031 0.012 0.017 0.024 0.689 
 497 T _   0.012 0.188 0.001 0.027 0.010 0.016 0.025 0.720 
 498 F _   0.012 0.156 0.001 0.022 0.009 0.015 0.027 0.758 
 499 C _   0.011 0.123 0.001 0.017 0.007 0.014 0.028 0.799 
 500 G _   0.010 0.095 0.001 0.013 0.006 0.013 0.029 0.833 
 501 T _   0.009 0.076 0.001 0.010 0.005 0.013 0.030 0.856 
 502 P _   0.009 0.065 0.000 0.008 0.004 0.013 0.031 0.869 
 503 D _   0.008 0.060 0.000 0.008 0.004 0.013 0.032 0.875 
 504 Y _   0.008 0.057 0.000 0.010 0.004 0.014 0.032 0.873 
 505 I _   0.009 0.057 0.001 0.013 0.006 0.015 0.032 0.867 
 506 A _   0.009 0.059 0.001 0.018 0.007 0.017 0.032 0.858 
 507 P _   0.010 0.060 0.001 0.024 0.009 0.018 0.032 0.846 
 508 E _   0.010 0.061 0.001 0.029 0.010 0.019 0.032 0.836 
 509 I _   0.011 0.060 0.001 0.033 0.011 0.020 0.032 0.831 
 510 I _   0.012 0.058 0.001 0.033 0.011 0.020 0.033 0.832 
 511 A _   0.013 0.051 0.001 0.031 0.011 0.020 0.034 0.839 
 512 Y _   0.015 0.042 0.001 0.025 0.010 0.020 0.034 0.852 
 513 Q _   0.018 0.030 0.001 0.019 0.008 0.020 0.035 0.869 
 514 P _   0.023 0.017 0.001 0.013 0.007 0.020 0.036 0.884 
 515 Y _   0.031 0.008 0.001 0.008 0.006 0.021 0.037 0.890 
 516 G _   0.045 0.003 0.001 0.004 0.005 0.022 0.037 0.883 
 517 K _   0.068 0.001 0.001 0.003 0.005 0.025 0.038 0.860 
 518 S _   0.105 0.000 0.001 0.002 0.007 0.030 0.038 0.817 
 519 V _   0.157 0.000 0.001 0.002 0.011 0.037 0.038 0.754 
 520 D _   0.222 0.000 0.001 0.003 0.018 0.045 0.038 0.674 
 521 W _   0.291 0.001 0.002 0.004 0.028 0.054 0.038 0.583 
 522 W _   0.353 0.003 0.002 0.005 0.042 0.062 0.039 0.494 
 523 A _   0.402 0.007 0.003 0.008 0.056 0.068 0.040 0.416 
 524 Y H   0.435 0.015 0.003 0.012 0.068 0.071 0.042 0.354 
 525 G H   0.452 0.025 0.003 0.017 0.075 0.071 0.045 0.311 
 526 V H   0.457 0.035 0.003 0.022 0.079 0.069 0.050 0.285 
 527 L H   0.448 0.043 0.003 0.027 0.079 0.066 0.055 0.278 
 528 L H   0.427 0.047 0.004 0.032 0.076 0.062 0.063 0.290 
 529 Y H   0.394 0.049 0.004 0.036 0.069 0.056 0.072 0.321 
 530 E _   0.347 0.048 0.003 0.038 0.059 0.050 0.084 0.371 
 531 M _   0.290 0.043 0.003 0.037 0.046 0.043 0.099 0.439 
 532 L _   0.228 0.036 0.003 0.032 0.033 0.036 0.115 0.518 
 533 A _   0.169 0.026 0.002 0.025 0.021 0.028 0.132 0.597 
 534 G _   0.117 0.017 0.001 0.018 0.012 0.021 0.147 0.667 
 535 Q _   0.076 0.009 0.001 0.012 0.007 0.015 0.158 0.722 
 536 P _   0.047 0.005 0.000 0.007 0.004 0.011 0.167 0.759 
 537 P _   0.028 0.003 0.000 0.004 0.002 0.007 0.173 0.783 
 538 F _   0.016 0.002 0.000 0.003 0.001 0.006 0.177 0.796 
 539 D _   0.009 0.001 0.000 0.002 0.001 0.005 0.180 0.802 
 540 G _   0.006 0.001 0.000 0.002 0.001 0.005 0.181 0.804 
 541 E _   0.005 0.002 0.000 0.002 0.001 0.005 0.181 0.803 
 542 D _   0.005 0.005 0.000 0.004 0.002 0.007 0.181 0.796 
 543 E _   0.007 0.011 0.000 0.007 0.003 0.010 0.179 0.782 
 544 D _   0.008 0.028 0.001 0.015 0.005 0.014 0.176 0.753 
 545 E _   0.009 0.060 0.001 0.027 0.009 0.018 0.171 0.704 
 546 L _   0.010 0.102 0.001 0.042 0.012 0.022 0.166 0.644 
 547 F _   0.010 0.140 0.001 0.059 0.015 0.023 0.161 0.590 
 548 Q _   0.010 0.164 0.001 0.072 0.017 0.024 0.158 0.554 
 549 S _   0.010 0.177 0.001 0.080 0.017 0.024 0.156 0.535 
 550 I _   0.009 0.181 0.001 0.081 0.017 0.023 0.157 0.531 
 551 M _   0.009 0.178 0.001 0.077 0.016 0.022 0.158 0.539 
 552 E _   0.009 0.168 0.001 0.067 0.015 0.020 0.161 0.560 
 553 H _   0.009 0.147 0.001 0.053 0.012 0.018 0.165 0.595 
 554 N _   0.009 0.115 0.001 0.038 0.010 0.016 0.171 0.641 
 555 V _   0.009 0.078 0.001 0.024 0.007 0.014 0.176 0.690 
 556 S _   0.009 0.046 0.001 0.014 0.005 0.013 0.181 0.732 
 557 Y _   0.008 0.027 0.000 0.007 0.003 0.012 0.185 0.758 
 558 P _   0.008 0.018 0.000 0.004 0.002 0.012 0.187 0.769 
 559 K _   0.008 0.015 0.000 0.003 0.002 0.013 0.188 0.771 
 560 S _   0.010 0.015 0.000 0.003 0.003 0.015 0.188 0.766 
 561 L _   0.014 0.017 0.000 0.005 0.004 0.019 0.188 0.753 
 562 S _   0.018 0.025 0.001 0.008 0.008 0.025 0.188 0.727 
 563 K _   0.024 0.047 0.001 0.016 0.014 0.031 0.186 0.682 
 564 E _   0.028 0.085 0.002 0.026 0.020 0.036 0.184 0.620 
 565 A _   0.030 0.131 0.002 0.039 0.026 0.039 0.182 0.551 
 566 V _   0.031 0.172 0.002 0.052 0.029 0.040 0.181 0.492 
 567 S _   0.032 0.198 0.002 0.062 0.031 0.040 0.181 0.455 
 568 V _   0.031 0.212 0.002 0.068 0.030 0.038 0.183 0.435 
 569 C _   0.031 0.217 0.002 0.069 0.029 0.036 0.186 0.430 
 570 K _   0.029 0.215 0.002 0.067 0.027 0.033 0.191 0.437 
 571 G _   0.027 0.206 0.002 0.060 0.023 0.029 0.198 0.456 
 572 L _   0.025 0.187 0.002 0.050 0.019 0.026 0.206 0.486 
 573 M _   0.022 0.157 0.002 0.039 0.015 0.022 0.215 0.529 
 574 T _   0.019 0.121 0.001 0.028 0.011 0.018 0.225 0.575 
 575 K _   0.016 0.088 0.001 0.019 0.008 0.015 0.235 0.618 
 576 H _   0.013 0.062 0.001 0.013 0.005 0.012 0.243 0.650 
 577 P _   0.011 0.047 0.000 0.009 0.004 0.010 0.249 0.670 
 578 A _   0.009 0.037 0.000 0.007 0.003 0.009 0.254 0.681 
 579 K _   0.008 0.032 0.000 0.006 0.002 0.008 0.257 0.687 
 580 R _   0.007 0.029 0.000 0.006 0.002 0.007 0.260 0.689 
 581 L _   0.006 0.028 0.000 0.006 0.002 0.006 0.262 0.690 
 582 G _   0.006 0.027 0.000 0.006 0.002 0.006 0.263 0.690 
 583 C _   0.005 0.027 0.000 0.006 0.002 0.006 0.263 0.691 
 584 G _   0.004 0.028 0.000 0.006 0.002 0.006 0.263 0.691 
 585 P _   0.004 0.029 0.000 0.006 0.002 0.006 0.262 0.691 
 586 E _   0.004 0.031 0.000 0.006 0.002 0.006 0.260 0.691 
 587 G _   0.004 0.034 0.000 0.006 0.002 0.007 0.258 0.688 
 588 E _   0.005 0.040 0.000 0.007 0.002 0.008 0.255 0.682 
 589 R _   0.005 0.050 0.000 0.009 0.003 0.010 0.251 0.670 
 590 D _   0.006 0.067 0.001 0.013 0.005 0.013 0.246 0.649 
 591 V _   0.007 0.095 0.001 0.020 0.007 0.015 0.240 0.615 
 592 R _   0.008 0.134 0.001 0.029 0.010 0.017 0.233 0.568 
 593 E _   0.008 0.174 0.001 0.038 0.012 0.019 0.227 0.521 
 594 H _   0.008 0.208 0.001 0.047 0.013 0.019 0.221 0.481 
 595 A _   0.008 0.230 0.001 0.054 0.014 0.019 0.218 0.455 
 596 F _   0.008 0.242 0.001 0.058 0.014 0.019 0.217 0.442 
 597 F _   0.008 0.246 0.001 0.059 0.013 0.018 0.217 0.439 
 598 R _   0.008 0.244 0.001 0.056 0.012 0.017 0.218 0.445 
 599 R _   0.008 0.236 0.001 0.050 0.011 0.015 0.221 0.458 
 600 I _   0.008 0.221 0.001 0.042 0.010 0.014 0.225 0.480 
 601 D _   0.008 0.197 0.001 0.034 0.009 0.013 0.230 0.508 
 602 W _   0.008 0.168 0.001 0.027 0.007 0.012 0.236 0.541 
 603 E _   0.008 0.138 0.001 0.021 0.006 0.011 0.243 0.573 
 604 K _   0.008 0.111 0.001 0.016 0.005 0.010 0.249 0.600 
 605 L _   0.008 0.090 0.001 0.012 0.004 0.009 0.255 0.621 
 606 E _   0.008 0.075 0.000 0.010 0.003 0.008 0.260 0.636 
 607 N _   0.007 0.065 0.000 0.008 0.003 0.008 0.263 0.646 
 608 R _   0.007 0.058 0.000 0.007 0.002 0.007 0.266 0.653 
 609 E _   0.006 0.054 0.000 0.006 0.002 0.007 0.268 0.657 
 610 I _   0.006 0.051 0.000 0.006 0.002 0.006 0.268 0.660 
 611 Q _   0.005 0.050 0.000 0.006 0.002 0.006 0.269 0.662 
 612 P _   0.005 0.049 0.000 0.006 0.002 0.006 0.269 0.663 
 613 P _   0.004 0.050 0.000 0.006 0.002 0.006 0.268 0.664 
 614 F _   0.004 0.052 0.000 0.007 0.002 0.006 0.266 0.663 
 615 K _   0.004 0.055 0.000 0.007 0.002 0.006 0.264 0.660 
 616 P _   0.004 0.060 0.000 0.008 0.002 0.007 0.262 0.657 
 617 K _   0.004 0.066 0.000 0.010 0.003 0.007 0.259 0.651 
 618 V _   0.004 0.073 0.000 0.011 0.003 0.007 0.256 0.645 
 619 C _   0.004 0.082 0.000 0.012 0.003 0.008 0.253 0.637 
 620 G _   0.004 0.091 0.000 0.014 0.004 0.008 0.249 0.629 
 621 K _   0.004 0.100 0.000 0.015 0.004 0.008 0.246 0.622 
 622 G _   0.004 0.109 0.001 0.016 0.004 0.009 0.243 0.615 
 623 A _   0.004 0.118 0.001 0.017 0.004 0.009 0.240 0.607 
 624 E _   0.004 0.126 0.001 0.018 0.004 0.009 0.238 0.600 
 625 N _   0.004 0.133 0.001 0.019 0.005 0.010 0.236 0.593 
 626 F _   0.004 0.140 0.001 0.020 0.005 0.010 0.234 0.586 
 627 D _   0.005 0.146 0.001 0.021 0.005 0.010 0.233 0.579 
 628 K _   0.005 0.150 0.001 0.022 0.006 0.010 0.233 0.573 
 629 F _   0.005 0.153 0.001 0.023 0.006 0.010 0.233 0.569 
 630 F _   0.005 0.153 0.001 0.023 0.006 0.010 0.234 0.567 
 631 T _   0.005 0.152 0.001 0.023 0.006 0.010 0.236 0.567 
 632 R _   0.005 0.149 0.001 0.021 0.006 0.010 0.238 0.570 
 633 G _   0.005 0.145 0.001 0.019 0.005 0.009 0.241 0.575 
 634 Q _   0.005 0.138 0.001 0.016 0.005 0.009 0.245 0.582 
 635 P _   0.005 0.131 0.001 0.013 0.004 0.008 0.248 0.589 
 636 V _   0.005 0.125 0.000 0.011 0.004 0.008 0.251 0.595 
 637 L _   0.005 0.120 0.000 0.009 0.003 0.008 0.255 0.600 
 638 T _   0.005 0.116 0.000 0.009 0.003 0.008 0.258 0.601 
 639 P _   0.005 0.115 0.000 0.009 0.003 0.008 0.261 0.600 
 640 P _   0.005 0.115 0.000 0.009 0.003 0.008 0.264 0.595 
 641 D _   0.005 0.116 0.000 0.011 0.004 0.008 0.266 0.589 
 642 Q _   0.006 0.119 0.000 0.013 0.004 0.009 0.269 0.581 
 643 L _   0.006 0.121 0.001 0.014 0.004 0.009 0.272 0.573 
 644 V _   0.006 0.124 0.001 0.015 0.004 0.009 0.275 0.566 
 645 I _   0.006 0.125 0.001 0.016 0.004 0.009 0.279 0.561 
 646 A _   0.005 0.125 0.001 0.015 0.004 0.008 0.283 0.559 
 647 N _   0.005 0.125 0.000 0.013 0.004 0.008 0.287 0.558 
 648 I _   0.005 0.123 0.000 0.012 0.003 0.008 0.291 0.558 
 649 D _   0.004 0.122 0.000 0.010 0.003 0.008 0.295 0.558 
 650 Q _   0.004 0.120 0.000 0.009 0.003 0.008 0.299 0.557 
 651 S _   0.004 0.120 0.000 0.008 0.003 0.008 0.302 0.555 
 652 D _   0.005 0.122 0.000 0.007 0.003 0.008 0.306 0.550 
 653 F _   0.005 0.125 0.000 0.008 0.003 0.009 0.308 0.542 
 654 E _   0.005 0.131 0.000 0.009 0.003 0.010 0.311 0.530 
 655 G _   0.006 0.140 0.000 0.010 0.004 0.012 0.313 0.516 
 656 F _   0.006 0.152 0.001 0.012 0.005 0.013 0.315 0.496 
 657 S _   0.007 0.168 0.001 0.014 0.006 0.015 0.317 0.473 
 658 Y _   0.008 0.187 0.001 0.016 0.007 0.016 0.319 0.446 
 659 V _   0.008 0.210 0.001 0.018 0.008 0.018 0.321 0.416 
 660 N _   0.009 0.235 0.001 0.020 0.010 0.019 0.323 0.382 
 661 P _   0.010 0.261 0.001 0.023 0.012 0.021 0.325 0.348 
 662 Q X   0.011 0.286 0.001 0.026 0.013 0.021 0.329 0.314 
 663 F X   0.011 0.308 0.001 0.029 0.014 0.021 0.333 0.283 
