#TopoPred_TM8: 8-state transmembrane topology prediction results by no_profile mode 
#probabilities are in the order of H E C I L F X _, the 8 transmembrane topology types used in PDBTM 
   1 M _   0.027 0.002 0.003 0.077 0.015 0.016 0.399 0.462 
   2 A _   0.010 0.001 0.000 0.043 0.003 0.008 0.407 0.528 
   3 T _   0.003 0.000 0.000 0.020 0.001 0.004 0.404 0.567 
   4 E _   0.004 0.000 0.000 0.011 0.001 0.004 0.393 0.587 
   5 G _   0.010 0.000 0.000 0.008 0.002 0.006 0.375 0.600 
   6 A _   0.028 0.000 0.000 0.005 0.003 0.008 0.347 0.608 
   7 A _   0.059 0.000 0.001 0.004 0.004 0.010 0.315 0.607 
   8 Q _   0.110 0.000 0.001 0.003 0.005 0.011 0.275 0.594 
   9 L _   0.177 0.000 0.001 0.002 0.006 0.012 0.232 0.569 
  10 G _   0.255 0.000 0.001 0.002 0.007 0.012 0.190 0.533 
  11 N _   0.338 0.000 0.001 0.001 0.008 0.012 0.151 0.489 
  12 R _   0.425 0.000 0.001 0.001 0.008 0.010 0.120 0.435 
  13 V H   0.516 0.000 0.001 0.001 0.007 0.009 0.095 0.371 
  14 A H   0.606 0.000 0.001 0.000 0.007 0.007 0.075 0.304 
  15 G H   0.694 0.000 0.001 0.000 0.006 0.006 0.058 0.235 
  16 M H   0.773 0.000 0.001 0.000 0.006 0.005 0.044 0.171 
  17 V H   0.837 0.000 0.001 0.000 0.006 0.004 0.034 0.118 
  18 C H   0.885 0.000 0.001 0.000 0.006 0.003 0.025 0.079 
  19 S H   0.918 0.000 0.001 0.000 0.006 0.003 0.019 0.053 
  20 L H   0.939 0.000 0.001 0.000 0.006 0.002 0.015 0.037 
  21 W H   0.951 0.000 0.001 0.000 0.006 0.002 0.012 0.028 
  22 V H   0.958 0.000 0.001 0.000 0.006 0.002 0.009 0.024 
  23 L H   0.961 0.000 0.001 0.000 0.006 0.002 0.008 0.023 
  24 L H   0.960 0.000 0.001 0.000 0.006 0.002 0.006 0.025 
  25 L H   0.955 0.000 0.001 0.000 0.007 0.002 0.005 0.030 
  26 V H   0.946 0.000 0.001 0.000 0.007 0.002 0.005 0.039 
  27 S H   0.931 0.000 0.001 0.000 0.008 0.003 0.004 0.053 
  28 S H   0.910 0.000 0.001 0.000 0.009 0.003 0.004 0.073 
  29 V H   0.880 0.000 0.001 0.000 0.010 0.004 0.004 0.102 
  30 L H   0.840 0.000 0.001 0.000 0.011 0.004 0.004 0.140 
  31 A H   0.787 0.000 0.001 0.001 0.011 0.005 0.004 0.190 
  32 L H   0.720 0.000 0.001 0.001 0.012 0.006 0.005 0.255 
  33 E H   0.636 0.000 0.001 0.001 0.011 0.007 0.006 0.337 
  34 E H   0.536 0.000 0.001 0.001 0.010 0.007 0.008 0.435 
  35 V _   0.429 0.000 0.001 0.001 0.008 0.008 0.011 0.542 
  36 L _   0.324 0.000 0.001 0.001 0.007 0.008 0.013 0.647 
  37 L _   0.231 0.000 0.001 0.001 0.005 0.008 0.016 0.739 
  38 D _   0.159 0.000 0.001 0.001 0.004 0.008 0.018 0.810 
  39 T _   0.108 0.000 0.000 0.001 0.003 0.008 0.019 0.859 
  40 T _   0.075 0.000 0.000 0.002 0.003 0.009 0.021 0.890 
  41 G _   0.055 0.000 0.000 0.002 0.003 0.010 0.022 0.906 
  42 E _   0.043 0.001 0.000 0.004 0.004 0.011 0.023 0.913 
  43 T _   0.035 0.003 0.001 0.006 0.005 0.013 0.024 0.913 
  44 S _   0.030 0.006 0.001 0.010 0.006 0.015 0.025 0.907 
  45 E _   0.027 0.011 0.001 0.015 0.008 0.016 0.026 0.898 
  46 I _   0.024 0.015 0.001 0.019 0.009 0.017 0.026 0.888 
  47 G _   0.021 0.019 0.001 0.023 0.010 0.017 0.027 0.882 
  48 W _   0.019 0.022 0.001 0.024 0.010 0.017 0.028 0.880 
  49 L _   0.017 0.023 0.001 0.023 0.009 0.016 0.029 0.882 
  50 T _   0.015 0.024 0.001 0.021 0.008 0.015 0.030 0.887 
  51 Y _   0.013 0.023 0.001 0.018 0.007 0.014 0.031 0.894 
  52 P _   0.011 0.022 0.001 0.015 0.006 0.012 0.032 0.900 
  53 P _   0.010 0.021 0.001 0.013 0.005 0.011 0.034 0.905 
  54 G _   0.009 0.020 0.001 0.011 0.004 0.011 0.035 0.909 
  55 G _   0.009 0.019 0.000 0.011 0.004 0.010 0.036 0.911 
  56 W _   0.009 0.019 0.000 0.010 0.004 0.010 0.037 0.911 
  57 D _   0.009 0.019 0.000 0.010 0.004 0.010 0.037 0.911 
  58 E _   0.008 0.020 0.000 0.010 0.004 0.010 0.038 0.910 
  59 V _   0.008 0.020 0.000 0.010 0.004 0.009 0.039 0.910 
  60 S _   0.007 0.021 0.000 0.009 0.003 0.009 0.039 0.910 
  61 V _   0.007 0.022 0.000 0.009 0.003 0.009 0.039 0.910 
  62 L _   0.007 0.023 0.000 0.008 0.003 0.010 0.039 0.910 
  63 D _   0.007 0.025 0.000 0.007 0.003 0.010 0.039 0.908 
  64 D _   0.007 0.028 0.000 0.008 0.003 0.011 0.039 0.903 
  65 Q _   0.008 0.033 0.000 0.008 0.004 0.013 0.038 0.895 
  66 R _   0.009 0.041 0.001 0.010 0.005 0.016 0.038 0.881 
  67 R _   0.011 0.053 0.001 0.013 0.007 0.018 0.037 0.861 
  68 L _   0.013 0.073 0.001 0.017 0.009 0.021 0.035 0.830 
  69 T _   0.014 0.101 0.001 0.023 0.012 0.024 0.034 0.791 
  70 R _   0.016 0.133 0.001 0.029 0.015 0.026 0.032 0.747 
  71 T _   0.016 0.165 0.002 0.036 0.017 0.027 0.031 0.706 
  72 F _   0.017 0.192 0.002 0.043 0.019 0.027 0.030 0.670 
  73 E _   0.017 0.212 0.002 0.049 0.020 0.027 0.029 0.645 
  74 A _   0.017 0.224 0.001 0.052 0.019 0.026 0.029 0.630 
  75 C _   0.017 0.230 0.001 0.053 0.018 0.024 0.029 0.627 
  76 H _   0.016 0.229 0.001 0.052 0.017 0.023 0.030 0.632 
  77 V _   0.016 0.223 0.001 0.048 0.015 0.021 0.031 0.646 
  78 A _   0.015 0.211 0.001 0.041 0.013 0.019 0.032 0.669 
  79 G _   0.014 0.191 0.001 0.033 0.011 0.017 0.033 0.700 
  80 A _   0.013 0.164 0.001 0.025 0.008 0.015 0.035 0.738 
  81 P _   0.012 0.135 0.001 0.018 0.006 0.013 0.036 0.778 
  82 P _   0.011 0.111 0.001 0.012 0.005 0.012 0.038 0.812 
  83 G _   0.009 0.094 0.000 0.008 0.003 0.011 0.038 0.836 
  84 T _   0.008 0.085 0.000 0.006 0.003 0.010 0.039 0.849 
  85 G _   0.008 0.082 0.000 0.005 0.002 0.010 0.039 0.854 
  86 Q _   0.008 0.082 0.000 0.005 0.003 0.011 0.038 0.852 
  87 D _   0.008 0.087 0.000 0.007 0.004 0.013 0.038 0.843 
  88 N _   0.009 0.099 0.001 0.010 0.005 0.015 0.037 0.825 
  89 W _   0.010 0.119 0.001 0.015 0.007 0.017 0.035 0.796 
  90 L _   0.010 0.148 0.001 0.021 0.009 0.018 0.033 0.759 
  91 Q _   0.010 0.178 0.001 0.027 0.011 0.020 0.032 0.721 
  92 T _   0.010 0.204 0.001 0.032 0.012 0.020 0.030 0.690 
  93 H _   0.010 0.224 0.001 0.035 0.013 0.021 0.029 0.667 
  94 F _   0.010 0.236 0.001 0.037 0.013 0.021 0.028 0.654 
  95 V _   0.010 0.243 0.001 0.036 0.013 0.021 0.028 0.650 
  96 E _   0.011 0.245 0.001 0.033 0.012 0.021 0.027 0.651 
  97 R _   0.011 0.243 0.001 0.029 0.011 0.021 0.027 0.656 
  98 R _   0.012 0.238 0.001 0.025 0.011 0.021 0.027 0.666 
  99 G _   0.012 0.231 0.001 0.021 0.010 0.021 0.028 0.677 
 100 A _   0.013 0.223 0.001 0.017 0.009 0.021 0.028 0.688 
 101 Q _   0.014 0.216 0.001 0.014 0.008 0.021 0.028 0.698 
 102 R _   0.015 0.210 0.001 0.013 0.008 0.022 0.029 0.703 
 103 A _   0.016 0.206 0.001 0.012 0.008 0.023 0.029 0.706 
 104 H _   0.017 0.205 0.001 0.011 0.008 0.024 0.029 0.705 
 105 I _   0.018 0.205 0.001 0.012 0.009 0.025 0.029 0.702 
 106 R _   0.019 0.206 0.001 0.012 0.010 0.026 0.029 0.697 
 107 L _   0.020 0.209 0.001 0.013 0.011 0.027 0.029 0.689 
 108 H _   0.022 0.213 0.001 0.014 0.012 0.028 0.029 0.680 
 109 F _   0.023 0.218 0.001 0.015 0.013 0.029 0.029 0.671 
 110 S _   0.025 0.223 0.001 0.016 0.014 0.030 0.029 0.662 
 111 V _   0.026 0.228 0.001 0.017 0.015 0.031 0.029 0.653 
 112 R _   0.027 0.233 0.001 0.018 0.016 0.031 0.029 0.644 
 113 A _   0.029 0.238 0.001 0.019 0.017 0.031 0.030 0.636 
 114 C _   0.030 0.242 0.001 0.020 0.017 0.031 0.030 0.629 
 115 S _   0.031 0.245 0.001 0.020 0.017 0.031 0.031 0.624 
 116 S _   0.032 0.246 0.001 0.020 0.017 0.030 0.031 0.622 
 117 L _   0.032 0.247 0.001 0.020 0.016 0.030 0.032 0.622 
 118 G _   0.032 0.246 0.001 0.019 0.015 0.029 0.034 0.624 
 119 V _   0.032 0.244 0.001 0.018 0.014 0.028 0.035 0.628 
 120 S _   0.031 0.242 0.001 0.017 0.013 0.028 0.036 0.632 
 121 G _   0.030 0.239 0.001 0.016 0.012 0.027 0.038 0.636 
 122 G _   0.030 0.237 0.001 0.016 0.012 0.026 0.039 0.639 
 123 T _   0.028 0.235 0.001 0.016 0.011 0.026 0.041 0.641 
 124 C _   0.027 0.235 0.001 0.018 0.012 0.025 0.042 0.640 
 125 R _   0.025 0.234 0.001 0.020 0.012 0.025 0.044 0.639 
 126 E _   0.024 0.234 0.001 0.023 0.012 0.024 0.046 0.637 
 127 T _   0.022 0.232 0.001 0.027 0.012 0.023 0.048 0.635 
 128 F _   0.020 0.229 0.001 0.030 0.012 0.022 0.051 0.636 
 129 T _   0.018 0.223 0.001 0.032 0.011 0.020 0.054 0.641 
 130 L _   0.017 0.213 0.001 0.032 0.010 0.018 0.057 0.651 
 131 Y _   0.015 0.197 0.001 0.031 0.009 0.016 0.061 0.669 
 132 Y _   0.014 0.175 0.001 0.029 0.008 0.015 0.066 0.693 
 133 R _   0.012 0.146 0.001 0.024 0.007 0.013 0.071 0.725 
 134 Q _   0.011 0.113 0.001 0.019 0.006 0.011 0.076 0.763 
 135 A _   0.010 0.082 0.001 0.014 0.004 0.009 0.081 0.799 
 136 E _   0.009 0.057 0.000 0.009 0.003 0.008 0.085 0.828 
 137 E _   0.007 0.042 0.000 0.006 0.002 0.006 0.088 0.848 
 138 P _   0.006 0.033 0.000 0.004 0.001 0.005 0.090 0.860 
 139 D _   0.005 0.030 0.000 0.003 0.001 0.005 0.091 0.865 
 140 S _   0.005 0.029 0.000 0.003 0.001 0.005 0.091 0.866 
 141 P _   0.005 0.031 0.000 0.004 0.001 0.007 0.090 0.862 
 142 D _   0.005 0.036 0.000 0.006 0.002 0.008 0.089 0.853 
 143 S _   0.006 0.048 0.000 0.009 0.003 0.011 0.086 0.836 
 144 V _   0.007 0.070 0.001 0.015 0.005 0.013 0.083 0.806 
 145 S _   0.008 0.104 0.001 0.021 0.007 0.015 0.079 0.765 
 146 S _   0.008 0.144 0.001 0.029 0.009 0.017 0.074 0.719 
 147 W _   0.008 0.184 0.001 0.035 0.010 0.017 0.070 0.676 
 148 H _   0.007 0.216 0.001 0.039 0.010 0.017 0.066 0.644 
 149 L _   0.007 0.238 0.001 0.042 0.010 0.017 0.063 0.623 
 150 K _   0.006 0.252 0.001 0.042 0.010 0.016 0.061 0.611 
 151 R _   0.006 0.260 0.001 0.042 0.010 0.015 0.060 0.607 
 152 W _   0.006 0.263 0.001 0.040 0.009 0.015 0.059 0.608 
 153 T _   0.006 0.263 0.001 0.037 0.009 0.014 0.058 0.613 
 154 K _   0.006 0.259 0.001 0.034 0.008 0.013 0.058 0.621 
 155 V _   0.006 0.252 0.001 0.031 0.007 0.012 0.059 0.631 
 156 D _   0.007 0.243 0.001 0.028 0.007 0.012 0.059 0.644 
 157 T _   0.007 0.232 0.001 0.025 0.006 0.011 0.060 0.659 
 158 I _   0.007 0.218 0.001 0.021 0.005 0.010 0.061 0.677 
 159 A _   0.007 0.203 0.001 0.018 0.004 0.009 0.062 0.697 
 160 A _   0.006 0.188 0.001 0.014 0.004 0.009 0.063 0.716 
 161 D _   0.006 0.175 0.000 0.011 0.003 0.008 0.063 0.733 
 162 E _   0.005 0.166 0.000 0.009 0.002 0.007 0.063 0.747 
 163 S _   0.004 0.160 0.000 0.007 0.002 0.007 0.063 0.757 
 164 F _   0.004 0.157 0.000 0.006 0.002 0.007 0.062 0.762 
 165 P _   0.004 0.158 0.000 0.006 0.002 0.008 0.061 0.761 
 166 S _   0.004 0.163 0.000 0.007 0.002 0.009 0.059 0.755 
 167 S _   0.005 0.174 0.000 0.009 0.003 0.011 0.056 0.742 
 168 S _   0.006 0.194 0.001 0.012 0.005 0.013 0.053 0.716 
 169 S _   0.007 0.228 0.001 0.017 0.007 0.015 0.048 0.676 
 170 S _   0.008 0.279 0.001 0.022 0.010 0.018 0.043 0.619 
 171 S _   0.009 0.341 0.002 0.028 0.012 0.020 0.037 0.551 
 172 S _   0.009 0.406 0.002 0.033 0.015 0.021 0.031 0.484 
 173 S E   0.009 0.464 0.002 0.037 0.016 0.021 0.027 0.424 
 174 S E   0.008 0.509 0.001 0.041 0.017 0.021 0.023 0.380 
 175 S E   0.008 0.539 0.001 0.043 0.017 0.021 0.021 0.349 
 176 S E   0.009 0.558 0.001 0.046 0.017 0.021 0.019 0.331 
 177 A E   0.009 0.566 0.001 0.047 0.017 0.020 0.018 0.322 
 178 A E   0.010 0.566 0.001 0.046 0.016 0.019 0.017 0.324 
 179 W E   0.010 0.558 0.001 0.044 0.016 0.019 0.017 0.335 
 180 A E   0.010 0.539 0.001 0.041 0.015 0.018 0.017 0.358 
 181 V E   0.011 0.506 0.002 0.037 0.014 0.017 0.017 0.396 
 182 G E   0.012 0.458 0.002 0.032 0.013 0.017 0.018 0.449 
 183 P _   0.013 0.398 0.002 0.028 0.012 0.017 0.019 0.513 
 184 H _   0.013 0.335 0.001 0.023 0.011 0.017 0.020 0.580 
 185 G _   0.013 0.279 0.001 0.020 0.009 0.016 0.021 0.641 
 186 A _   0.013 0.235 0.001 0.017 0.008 0.016 0.022 0.689 
 187 G _   0.012 0.203 0.001 0.015 0.007 0.016 0.022 0.724 
 188 Q _   0.011 0.180 0.001 0.015 0.006 0.015 0.023 0.750 
 189 R _   0.010 0.162 0.001 0.015 0.006 0.015 0.023 0.768 
 190 A _   0.010 0.148 0.001 0.016 0.006 0.014 0.023 0.783 
 191 G _   0.009 0.135 0.001 0.016 0.006 0.014 0.023 0.796 
 192 L _   0.009 0.123 0.001 0.017 0.006 0.013 0.024 0.808 
 193 Q _   0.009 0.110 0.001 0.017 0.006 0.013 0.024 0.822 
 194 L _   0.009 0.096 0.001 0.016 0.005 0.012 0.024 0.837 
 195 N _   0.009 0.081 0.001 0.015 0.005 0.012 0.024 0.854 
 196 V _   0.008 0.066 0.001 0.014 0.005 0.011 0.024 0.872 
 197 K _   0.008 0.051 0.001 0.012 0.004 0.011 0.024 0.889 
 198 E _   0.008 0.039 0.001 0.010 0.004 0.011 0.024 0.903 
 199 R _   0.008 0.029 0.000 0.009 0.004 0.011 0.024 0.915 
 200 S _   0.009 0.021 0.000 0.008 0.004 0.012 0.023 0.922 
 201 F _   0.010 0.016 0.000 0.008 0.004 0.012 0.023 0.927 
 202 G _   0.011 0.013 0.000 0.008 0.004 0.014 0.022 0.927 
 203 P _   0.014 0.011 0.001 0.008 0.005 0.015 0.021 0.925 
 204 L _   0.017 0.009 0.001 0.010 0.006 0.017 0.021 0.919 
 205 T _   0.023 0.008 0.001 0.011 0.007 0.019 0.020 0.911 
 206 Q _   0.030 0.007 0.001 0.012 0.009 0.021 0.018 0.901 
 207 R _   0.041 0.006 0.001 0.013 0.010 0.023 0.017 0.889 
 208 G _   0.055 0.005 0.001 0.013 0.011 0.024 0.016 0.875 
 209 F _   0.076 0.003 0.001 0.011 0.012 0.024 0.015 0.857 
 210 Y _   0.103 0.002 0.001 0.009 0.012 0.024 0.013 0.835 
 211 V _   0.141 0.001 0.001 0.006 0.011 0.024 0.012 0.803 
 212 A _   0.189 0.000 0.001 0.004 0.011 0.023 0.010 0.761 
 213 F _   0.248 0.000 0.001 0.003 0.011 0.022 0.009 0.706 
 214 Q _   0.323 0.000 0.001 0.002 0.011 0.021 0.007 0.636 
 215 D _   0.408 0.000 0.001 0.001 0.012 0.020 0.005 0.552 
 216 T H   0.504 0.000 0.001 0.001 0.013 0.020 0.004 0.457 
 217 G H   0.600 0.000 0.001 0.001 0.015 0.019 0.003 0.360 
 218 A H   0.687 0.000 0.001 0.001 0.017 0.018 0.002 0.274 
 219 C H   0.756 0.000 0.001 0.001 0.019 0.016 0.002 0.206 
 220 L H   0.805 0.000 0.001 0.001 0.019 0.014 0.001 0.158 
 221 A H   0.836 0.000 0.001 0.001 0.019 0.013 0.001 0.129 
 222 L H   0.855 0.000 0.001 0.001 0.019 0.011 0.001 0.112 
 223 V H   0.862 0.000 0.001 0.001 0.018 0.010 0.001 0.107 
 224 A H   0.860 0.000 0.001 0.001 0.017 0.010 0.001 0.110 
 225 V H   0.849 0.000 0.001 0.001 0.016 0.009 0.001 0.123 
 226 R H   0.828 0.000 0.001 0.001 0.015 0.009 0.001 0.145 
 227 L H   0.798 0.000 0.001 0.001 0.014 0.010 0.001 0.175 
 228 F H   0.760 0.000 0.001 0.001 0.013 0.011 0.002 0.212 
 229 S H   0.715 0.000 0.001 0.001 0.013 0.012 0.002 0.256 
 230 Y H   0.667 0.000 0.001 0.001 0.014 0.014 0.003 0.301 
 231 T H   0.616 0.000 0.001 0.001 0.015 0.016 0.003 0.347 
 232 C H   0.566 0.000 0.001 0.002 0.017 0.018 0.004 0.392 
 233 P H   0.516 0.000 0.001 0.004 0.019 0.020 0.005 0.434 
 234 A _   0.467 0.001 0.002 0.006 0.021 0.023 0.007 0.475 
 235 V _   0.414 0.001 0.002 0.010 0.023 0.024 0.008 0.518 
 236 L _   0.357 0.002 0.002 0.014 0.023 0.025 0.009 0.568 
 237 R _   0.297 0.003 0.002 0.016 0.022 0.024 0.011 0.625 
 238 S _   0.238 0.003 0.002 0.017 0.019 0.023 0.013 0.685 
 239 F _   0.183 0.003 0.002 0.017 0.016 0.021 0.014 0.745 
 240 A _   0.136 0.002 0.001 0.014 0.012 0.018 0.016 0.801 
 241 S _   0.098 0.001 0.001 0.011 0.008 0.015 0.017 0.849 
 242 F _   0.072 0.001 0.001 0.007 0.005 0.012 0.017 0.884 
 243 P _   0.056 0.000 0.000 0.005 0.004 0.010 0.018 0.907 
 244 E _   0.047 0.000 0.000 0.003 0.003 0.008 0.018 0.920 
 245 T _   0.046 0.000 0.000 0.002 0.002 0.007 0.018 0.925 
 246 Q _   0.052 0.000 0.000 0.002 0.002 0.007 0.017 0.920 
 247 A _   0.068 0.000 0.000 0.001 0.002 0.007 0.017 0.904 
 248 S _   0.102 0.000 0.000 0.001 0.003 0.009 0.016 0.869 
 249 G _   0.158 0.000 0.001 0.001 0.004 0.011 0.015 0.810 
 250 A _   0.246 0.000 0.001 0.001 0.006 0.013 0.013 0.719 
 251 G _   0.363 0.000 0.001 0.001 0.010 0.016 0.012 0.597 
 252 G H   0.490 0.000 0.001 0.001 0.014 0.019 0.010 0.464 
 253 A H   0.606 0.000 0.001 0.001 0.019 0.021 0.009 0.343 
 254 S H   0.698 0.000 0.001 0.001 0.023 0.021 0.009 0.246 
 255 L H   0.759 0.000 0.001 0.001 0.026 0.021 0.009 0.181 
 256 V H   0.798 0.000 0.001 0.001 0.028 0.020 0.010 0.141 
 257 A H   0.817 0.000 0.001 0.002 0.029 0.019 0.011 0.121 
 258 A H   0.820 0.000 0.002 0.002 0.030 0.018 0.013 0.115 
 259 V H   0.807 0.000 0.002 0.003 0.031 0.017 0.016 0.124 
 260 G H   0.778 0.000 0.002 0.003 0.031 0.017 0.020 0.148 
 261 T H   0.726 0.000 0.002 0.004 0.030 0.017 0.027 0.194 
 262 C H   0.650 0.000 0.002 0.005 0.027 0.016 0.037 0.263 
 263 V H   0.553 0.000 0.002 0.005 0.021 0.015 0.049 0.353 
 264 A _   0.440 0.000 0.002 0.005 0.016 0.014 0.065 0.459 
 265 H _   0.328 0.000 0.001 0.005 0.010 0.012 0.081 0.563 
 266 A _   0.225 0.000 0.001 0.004 0.007 0.010 0.096 0.657 
 267 E _   0.146 0.000 0.001 0.003 0.004 0.009 0.109 0.728 
 268 P _   0.091 0.000 0.000 0.003 0.003 0.007 0.118 0.777 
 269 E _   0.055 0.000 0.000 0.003 0.002 0.006 0.126 0.807 
 270 E _   0.033 0.000 0.000 0.003 0.002 0.006 0.132 0.824 
 271 D _   0.021 0.000 0.000 0.003 0.002 0.005 0.136 0.832 
 272 G _   0.015 0.001 0.000 0.004 0.002 0.005 0.139 0.835 
 273 V _   0.011 0.001 0.000 0.005 0.002 0.006 0.141 0.834 
 274 G _   0.009 0.002 0.000 0.006 0.002 0.006 0.143 0.831 
 275 G _   0.008 0.003 0.000 0.008 0.002 0.007 0.144 0.828 
 276 Q _   0.007 0.005 0.000 0.010 0.003 0.007 0.145 0.824 
 277 A _   0.006 0.006 0.000 0.011 0.003 0.007 0.145 0.821 
 278 G _   0.005 0.008 0.000 0.011 0.003 0.007 0.145 0.820 
 279 G _   0.005 0.009 0.000 0.010 0.003 0.007 0.145 0.821 
 280 S _   0.004 0.010 0.000 0.009 0.002 0.007 0.145 0.822 
 281 P _   0.004 0.011 0.000 0.008 0.002 0.007 0.144 0.824 
 282 P _   0.004 0.012 0.000 0.007 0.002 0.007 0.143 0.825 
 283 R _   0.004 0.015 0.000 0.006 0.002 0.007 0.141 0.824 
 284 L _   0.004 0.018 0.000 0.006 0.002 0.009 0.139 0.821 
 285 H _   0.005 0.025 0.000 0.007 0.003 0.011 0.136 0.813 
 286 C _   0.007 0.039 0.001 0.010 0.004 0.014 0.132 0.794 
 287 N _   0.009 0.066 0.001 0.015 0.007 0.018 0.126 0.758 
 288 G _   0.012 0.119 0.001 0.023 0.013 0.023 0.118 0.691 
 289 E _   0.014 0.207 0.002 0.032 0.019 0.027 0.108 0.591 
 290 G _   0.015 0.323 0.003 0.042 0.023 0.029 0.097 0.469 
 291 K E   0.014 0.434 0.003 0.050 0.025 0.028 0.088 0.359 
 292 W E   0.012 0.518 0.002 0.055 0.024 0.026 0.082 0.281 
 293 M E   0.011 0.569 0.002 0.058 0.022 0.024 0.078 0.235 
 294 V E   0.010 0.596 0.001 0.060 0.020 0.022 0.077 0.214 
 295 A E   0.010 0.608 0.001 0.060 0.018 0.021 0.076 0.206 
 296 V E   0.010 0.609 0.001 0.058 0.017 0.019 0.077 0.209 
 297 G E   0.010 0.601 0.001 0.055 0.016 0.018 0.078 0.221 
 298 G E   0.010 0.580 0.001 0.050 0.015 0.017 0.081 0.246 
 299 C E   0.011 0.542 0.002 0.045 0.014 0.016 0.085 0.286 
 300 R E   0.012 0.481 0.002 0.039 0.014 0.015 0.091 0.346 
 301 C _   0.013 0.401 0.002 0.033 0.012 0.015 0.099 0.425 
 302 Q _   0.013 0.316 0.002 0.027 0.010 0.015 0.108 0.509 
 303 P _   0.012 0.244 0.001 0.021 0.008 0.013 0.117 0.583 
 304 G _   0.011 0.191 0.001 0.016 0.006 0.012 0.124 0.640 
 305 Y _   0.009 0.155 0.001 0.011 0.004 0.010 0.130 0.680 
 306 Q _   0.008 0.134 0.000 0.008 0.003 0.009 0.133 0.705 
 307 P _   0.006 0.122 0.000 0.007 0.002 0.008 0.135 0.719 
 308 A _   0.005 0.116 0.000 0.006 0.002 0.007 0.137 0.727 
 309 R _   0.005 0.114 0.000 0.006 0.002 0.007 0.137 0.729 
 310 G _   0.004 0.115 0.000 0.007 0.002 0.007 0.137 0.727 
 311 D _   0.004 0.119 0.000 0.009 0.002 0.008 0.136 0.721 
 312 K _   0.005 0.126 0.000 0.012 0.003 0.009 0.135 0.710 
 313 A _   0.005 0.136 0.000 0.016 0.004 0.009 0.134 0.696 
 314 C _   0.005 0.146 0.001 0.021 0.005 0.010 0.132 0.681 
 315 Q _   0.005 0.156 0.001 0.025 0.005 0.010 0.131 0.667 
 316 A _   0.005 0.163 0.001 0.029 0.006 0.011 0.130 0.656 
 317 C _   0.005 0.167 0.001 0.031 0.006 0.011 0.130 0.650 
 318 P _   0.004 0.169 0.001 0.031 0.006 0.011 0.130 0.648 
 319 R _   0.005 0.168 0.001 0.031 0.006 0.010 0.131 0.649 
 320 G _   0.005 0.164 0.001 0.029 0.006 0.010 0.133 0.654 
 321 L _   0.005 0.157 0.001 0.026 0.005 0.010 0.135 0.662 
 322 Y _   0.005 0.147 0.001 0.023 0.005 0.009 0.138 0.672 
 323 K _   0.005 0.137 0.001 0.020 0.005 0.009 0.141 0.683 
 324 S _   0.005 0.126 0.001 0.017 0.004 0.009 0.145 0.694 
 325 S _   0.005 0.116 0.000 0.015 0.004 0.009 0.148 0.703 
 326 A _   0.005 0.107 0.000 0.014 0.003 0.008 0.151 0.710 
 327 G _   0.005 0.101 0.000 0.014 0.003 0.008 0.154 0.714 
 328 N _   0.005 0.095 0.000 0.014 0.003 0.008 0.157 0.716 
 329 A _   0.006 0.090 0.000 0.014 0.003 0.009 0.160 0.718 
 330 P _   0.006 0.085 0.000 0.015 0.004 0.009 0.163 0.718 
 331 C _   0.006 0.081 0.000 0.015 0.004 0.008 0.165 0.720 
 332 S _   0.006 0.076 0.000 0.015 0.004 0.008 0.168 0.723 
 333 P _   0.005 0.070 0.000 0.015 0.003 0.008 0.171 0.727 
 334 C _   0.005 0.064 0.000 0.013 0.003 0.008 0.174 0.733 
 335 P _   0.005 0.058 0.000 0.011 0.003 0.007 0.176 0.739 
 336 A _   0.005 0.053 0.000 0.009 0.002 0.007 0.178 0.746 
 337 R _   0.004 0.048 0.000 0.007 0.002 0.006 0.180 0.752 
 338 S _   0.004 0.045 0.000 0.006 0.002 0.006 0.181 0.756 
 339 H _   0.004 0.044 0.000 0.005 0.002 0.006 0.181 0.758 
 340 A _   0.004 0.045 0.000 0.005 0.002 0.007 0.180 0.757 
 341 P _   0.004 0.048 0.000 0.005 0.002 0.008 0.179 0.753 
 342 N _   0.006 0.056 0.000 0.007 0.003 0.011 0.176 0.741 
 343 P _   0.007 0.073 0.001 0.011 0.005 0.014 0.173 0.716 
 344 A _   0.010 0.109 0.001 0.018 0.008 0.019 0.167 0.669 
 345 A _   0.011 0.171 0.002 0.028 0.013 0.022 0.159 0.594 
 346 P _   0.012 0.258 0.002 0.040 0.018 0.025 0.151 0.496 
 347 V _   0.011 0.352 0.002 0.052 0.020 0.025 0.143 0.394 
 348 C E   0.010 0.429 0.002 0.063 0.021 0.024 0.137 0.314 
 349 P E   0.009 0.476 0.002 0.071 0.020 0.023 0.134 0.267 
 350 C E   0.008 0.501 0.001 0.075 0.018 0.021 0.133 0.242 
 351 L E   0.008 0.511 0.001 0.077 0.017 0.020 0.133 0.232 
 352 E E   0.008 0.511 0.001 0.076 0.016 0.018 0.135 0.235 
 353 G E   0.008 0.501 0.001 0.071 0.015 0.017 0.139 0.248 
 354 F E   0.008 0.475 0.001 0.064 0.014 0.016 0.145 0.277 
 355 Y E   0.009 0.425 0.002 0.054 0.013 0.015 0.154 0.328 
 356 R _   0.010 0.351 0.002 0.043 0.011 0.014 0.167 0.401 
 357 A _   0.011 0.264 0.002 0.033 0.010 0.013 0.182 0.486 
 358 S _   0.011 0.183 0.001 0.024 0.007 0.012 0.197 0.565 
 359 S _   0.010 0.124 0.001 0.016 0.005 0.011 0.209 0.625 
 360 D _   0.008 0.087 0.000 0.011 0.003 0.009 0.218 0.663 
 361 P _   0.007 0.067 0.000 0.008 0.002 0.008 0.223 0.685 
 362 P _   0.006 0.057 0.000 0.006 0.002 0.007 0.226 0.696 
 363 E _   0.005 0.051 0.000 0.005 0.001 0.006 0.228 0.702 
 364 A _   0.005 0.048 0.000 0.005 0.001 0.006 0.229 0.706 
 365 P _   0.004 0.048 0.000 0.005 0.001 0.006 0.228 0.708 
 366 C _   0.004 0.048 0.000 0.005 0.001 0.006 0.226 0.709 
 367 T _   0.004 0.051 0.000 0.006 0.002 0.007 0.222 0.709 
 368 G _   0.004 0.056 0.000 0.007 0.002 0.008 0.218 0.706 
 369 P _   0.004 0.064 0.000 0.008 0.002 0.009 0.211 0.699 
 370 P _   0.005 0.079 0.000 0.011 0.003 0.012 0.203 0.686 
 371 S _   0.006 0.104 0.001 0.015 0.005 0.014 0.193 0.663 
 372 A _   0.007 0.142 0.001 0.019 0.007 0.018 0.180 0.626 
 373 P _   0.008 0.196 0.001 0.025 0.010 0.020 0.165 0.575 
 374 Q _   0.008 0.264 0.002 0.030 0.013 0.023 0.149 0.512 
 375 E _   0.008 0.336 0.002 0.035 0.015 0.024 0.134 0.446 
 376 L E   0.008 0.403 0.002 0.037 0.016 0.025 0.120 0.389 
 377 W E   0.008 0.457 0.002 0.038 0.016 0.025 0.110 0.344 
 378 F E   0.008 0.495 0.001 0.038 0.017 0.025 0.102 0.313 
 379 E E   0.008 0.522 0.001 0.038 0.017 0.025 0.096 0.292 
 380 V E   0.009 0.538 0.001 0.038 0.018 0.025 0.092 0.280 
 381 Q E   0.010 0.547 0.001 0.037 0.018 0.025 0.088 0.272 
 382 G E   0.011 0.551 0.001 0.036 0.019 0.025 0.086 0.270 
 383 S E   0.013 0.550 0.001 0.036 0.019 0.025 0.084 0.272 
 384 A E   0.014 0.543 0.001 0.035 0.019 0.024 0.084 0.279 
 385 L E   0.016 0.530 0.001 0.034 0.019 0.024 0.083 0.292 
 386 M E   0.017 0.509 0.002 0.034 0.018 0.023 0.084 0.314 
 387 L E   0.018 0.476 0.002 0.033 0.018 0.022 0.085 0.346 
 388 H E   0.019 0.430 0.002 0.031 0.017 0.022 0.087 0.393 
 389 W _   0.020 0.371 0.002 0.029 0.016 0.021 0.090 0.452 
 390 R _   0.020 0.306 0.002 0.026 0.014 0.020 0.093 0.519 
 391 L _   0.019 0.241 0.002 0.022 0.012 0.019 0.097 0.589 
 392 P _   0.018 0.185 0.001 0.017 0.009 0.018 0.100 0.651 
 393 R _   0.016 0.143 0.001 0.013 0.007 0.017 0.103 0.700 
 394 E _   0.014 0.116 0.001 0.010 0.005 0.015 0.105 0.734 
 395 L _   0.013 0.100 0.001 0.008 0.004 0.014 0.106 0.755 
 396 G _   0.011 0.092 0.000 0.006 0.004 0.014 0.107 0.766 
 397 G _   0.011 0.089 0.000 0.006 0.004 0.014 0.107 0.769 
 398 R _   0.011 0.089 0.000 0.008 0.004 0.014 0.106 0.767 
 399 G _   0.011 0.093 0.001 0.010 0.005 0.015 0.105 0.759 
 400 D _   0.012 0.099 0.001 0.015 0.007 0.017 0.105 0.745 
 401 L _   0.012 0.108 0.001 0.021 0.008 0.018 0.104 0.727 
 402 L _   0.013 0.117 0.001 0.028 0.010 0.018 0.103 0.710 
 403 F _   0.013 0.125 0.001 0.035 0.011 0.018 0.102 0.695 
 404 N _   0.013 0.128 0.001 0.040 0.011 0.018 0.102 0.686 
 405 V _   0.012 0.129 0.001 0.042 0.011 0.017 0.103 0.685 
 406 V _   0.012 0.126 0.001 0.040 0.010 0.016 0.104 0.690 
 407 C _   0.011 0.118 0.001 0.036 0.009 0.015 0.106 0.704 
 408 K _   0.010 0.105 0.001 0.030 0.008 0.013 0.108 0.724 
 409 E _   0.009 0.088 0.001 0.024 0.006 0.011 0.111 0.750 
 410 C _   0.009 0.068 0.001 0.017 0.005 0.010 0.113 0.777 
 411 E _   0.008 0.052 0.000 0.012 0.003 0.008 0.116 0.801 
 412 G _   0.006 0.040 0.000 0.008 0.003 0.007 0.117 0.818 
 413 R _   0.006 0.032 0.000 0.006 0.002 0.006 0.118 0.829 
 414 Q _   0.005 0.029 0.000 0.005 0.002 0.006 0.118 0.835 
 415 E _   0.005 0.027 0.000 0.005 0.002 0.006 0.118 0.838 
 416 P _   0.004 0.027 0.000 0.006 0.002 0.006 0.117 0.838 
 417 A _   0.004 0.028 0.000 0.007 0.002 0.006 0.116 0.836 
 418 S _   0.004 0.031 0.000 0.010 0.002 0.007 0.114 0.831 
 419 G _   0.005 0.035 0.000 0.013 0.003 0.008 0.112 0.824 
 420 G _   0.005 0.039 0.000 0.017 0.004 0.009 0.109 0.816 
 421 G _   0.005 0.044 0.001 0.021 0.005 0.010 0.107 0.808 
 422 G _   0.005 0.048 0.001 0.024 0.005 0.011 0.105 0.802 
 423 T _   0.005 0.050 0.001 0.027 0.006 0.011 0.103 0.798 
 424 C _   0.005 0.050 0.001 0.027 0.006 0.011 0.102 0.798 
 425 H _   0.005 0.049 0.001 0.026 0.005 0.011 0.101 0.801 
 426 R _   0.005 0.047 0.001 0.024 0.005 0.010 0.101 0.807 
 427 C _   0.005 0.043 0.001 0.021 0.005 0.010 0.101 0.814 
 428 R _   0.005 0.039 0.001 0.018 0.004 0.009 0.102 0.822 
 429 D _   0.005 0.034 0.000 0.015 0.004 0.009 0.102 0.831 
 430 E _   0.005 0.029 0.000 0.013 0.003 0.008 0.102 0.839 
 431 V _   0.005 0.024 0.000 0.010 0.003 0.008 0.103 0.847 
 432 H _   0.005 0.020 0.000 0.009 0.003 0.008 0.103 0.853 
 433 F _   0.005 0.017 0.000 0.007 0.002 0.008 0.103 0.857 
 434 D _   0.005 0.015 0.000 0.006 0.002 0.008 0.102 0.861 
 435 P _   0.005 0.014 0.000 0.006 0.002 0.009 0.102 0.862 
 436 R _   0.006 0.013 0.000 0.006 0.002 0.011 0.101 0.861 
 437 Q _   0.007 0.014 0.000 0.006 0.003 0.013 0.099 0.858 
 438 R _   0.009 0.015 0.000 0.007 0.004 0.016 0.098 0.852 
 439 G _   0.011 0.018 0.001 0.009 0.005 0.020 0.096 0.841 
 440 L _   0.014 0.022 0.001 0.011 0.008 0.025 0.093 0.826 
 441 T _   0.018 0.029 0.001 0.015 0.011 0.031 0.091 0.805 
 442 E _   0.023 0.037 0.001 0.019 0.015 0.037 0.088 0.780 
 443 S _   0.028 0.047 0.001 0.024 0.019 0.043 0.085 0.753 
 444 R _   0.033 0.056 0.002 0.029 0.024 0.047 0.082 0.726 
 445 V _   0.039 0.063 0.002 0.034 0.028 0.051 0.080 0.703 
 446 L _   0.044 0.069 0.002 0.036 0.031 0.054 0.078 0.687 
 447 V _   0.048 0.071 0.002 0.036 0.033 0.056 0.077 0.677 
 448 G _   0.053 0.071 0.002 0.035 0.033 0.056 0.076 0.674 
 449 G _   0.057 0.069 0.002 0.031 0.032 0.056 0.075 0.677 
 450 L _   0.061 0.065 0.002 0.026 0.030 0.055 0.075 0.685 
 451 R _   0.063 0.060 0.002 0.021 0.028 0.054 0.075 0.697 
 452 A _   0.064 0.055 0.002 0.017 0.025 0.052 0.076 0.710 
 453 H _   0.064 0.051 0.001 0.015 0.022 0.050 0.076 0.721 
 454 V _   0.063 0.049 0.001 0.013 0.020 0.047 0.077 0.730 
 455 P _   0.061 0.048 0.001 0.013 0.018 0.045 0.078 0.735 
 456 Y _   0.059 0.048 0.001 0.014 0.018 0.043 0.078 0.738 
 457 I _   0.057 0.050 0.001 0.017 0.018 0.041 0.079 0.738 
 458 L _   0.053 0.052 0.001 0.020 0.018 0.039 0.080 0.737 
 459 E _   0.049 0.054 0.001 0.024 0.017 0.036 0.082 0.737 
 460 V _   0.044 0.055 0.001 0.027 0.017 0.033 0.083 0.740 
 461 Q _   0.038 0.055 0.001 0.029 0.015 0.029 0.085 0.747 
 462 A _   0.033 0.053 0.001 0.029 0.013 0.026 0.087 0.757 
 463 V _   0.028 0.049 0.001 0.028 0.011 0.022 0.090 0.770 
 464 N _   0.024 0.044 0.001 0.025 0.009 0.019 0.092 0.786 
 465 G _   0.020 0.037 0.001 0.020 0.007 0.016 0.095 0.805 
 466 V _   0.016 0.029 0.001 0.015 0.005 0.013 0.097 0.824 
 467 S _   0.013 0.021 0.000 0.011 0.004 0.010 0.099 0.841 
 468 E _   0.010 0.015 0.000 0.007 0.003 0.008 0.101 0.856 
 469 L _   0.008 0.011 0.000 0.005 0.002 0.006 0.101 0.867 
 470 S _   0.006 0.009 0.000 0.003 0.001 0.005 0.101 0.873 
 471 P _   0.005 0.008 0.000 0.003 0.001 0.005 0.101 0.877 
 472 D _   0.005 0.008 0.000 0.003 0.001 0.006 0.100 0.877 
 473 P _   0.005 0.011 0.000 0.004 0.002 0.007 0.098 0.873 
 474 P _   0.006 0.017 0.000 0.006 0.003 0.009 0.095 0.864 
 475 Q _   0.007 0.030 0.001 0.010 0.004 0.011 0.092 0.845 
 476 A _   0.008 0.053 0.001 0.016 0.006 0.013 0.087 0.817 
 477 A _   0.008 0.084 0.001 0.022 0.007 0.015 0.082 0.781 
 478 A _   0.008 0.115 0.001 0.027 0.009 0.016 0.076 0.748 
 479 I _   0.007 0.142 0.001 0.031 0.009 0.017 0.071 0.721 
 480 N _   0.007 0.162 0.001 0.032 0.009 0.017 0.067 0.704 
 481 V _   0.007 0.175 0.001 0.031 0.009 0.017 0.064 0.695 
 482 S _   0.007 0.183 0.001 0.029 0.009 0.018 0.062 0.692 
 483 T _   0.007 0.188 0.001 0.025 0.009 0.018 0.060 0.693 
 484 S _   0.008 0.190 0.001 0.022 0.008 0.019 0.058 0.695 
 485 H _   0.009 0.193 0.001 0.019 0.008 0.019 0.056 0.696 
 486 E _   0.010 0.195 0.001 0.016 0.008 0.020 0.055 0.695 
 487 V _   0.011 0.199 0.001 0.015 0.009 0.022 0.053 0.690 
 488 P _   0.013 0.205 0.001 0.015 0.010 0.023 0.052 0.681 
 489 S _   0.015 0.214 0.001 0.016 0.011 0.025 0.051 0.668 
 490 A _   0.017 0.225 0.001 0.019 0.013 0.027 0.049 0.650 
 491 V _   0.018 0.238 0.001 0.022 0.014 0.028 0.048 0.631 
 492 P _   0.019 0.250 0.001 0.025 0.015 0.028 0.047 0.614 
 493 V _   0.020 0.261 0.001 0.027 0.016 0.028 0.046 0.601 
 494 V _   0.020 0.267 0.001 0.028 0.016 0.028 0.046 0.594 
 495 H _   0.020 0.270 0.001 0.028 0.016 0.027 0.046 0.593 
 496 Q _   0.019 0.270 0.001 0.027 0.015 0.026 0.046 0.596 
 497 V _   0.018 0.267 0.001 0.025 0.014 0.025 0.046 0.603 
 498 S _   0.018 0.262 0.001 0.023 0.013 0.023 0.046 0.613 
 499 R _   0.017 0.255 0.001 0.022 0.012 0.022 0.047 0.624 
 500 A _   0.016 0.248 0.001 0.021 0.011 0.021 0.047 0.635 
 501 S _   0.015 0.241 0.001 0.021 0.010 0.020 0.048 0.645 
 502 N _   0.014 0.234 0.001 0.021 0.009 0.019 0.049 0.653 
 503 S _   0.014 0.226 0.001 0.022 0.009 0.018 0.050 0.660 
 504 I _   0.014 0.217 0.001 0.024 0.009 0.017 0.051 0.669 
 505 T _   0.013 0.205 0.001 0.024 0.008 0.015 0.052 0.681 
 506 V _   0.012 0.191 0.001 0.023 0.008 0.014 0.054 0.696 
 507 S _   0.012 0.172 0.001 0.022 0.007 0.013 0.056 0.718 
 508 W _   0.011 0.149 0.001 0.019 0.006 0.012 0.058 0.746 
 509 P _   0.010 0.124 0.001 0.015 0.005 0.010 0.060 0.777 
 510 Q _   0.009 0.101 0.001 0.011 0.004 0.009 0.061 0.805 
 511 P _   0.007 0.084 0.000 0.008 0.003 0.008 0.062 0.828 
 512 D _   0.007 0.073 0.000 0.005 0.002 0.007 0.063 0.842 
 513 Q _   0.006 0.069 0.000 0.004 0.002 0.007 0.063 0.849 
 514 T _   0.006 0.068 0.000 0.005 0.002 0.008 0.063 0.849 
 515 N _   0.006 0.071 0.000 0.006 0.003 0.009 0.062 0.843 
 516 G _   0.007 0.079 0.000 0.010 0.004 0.011 0.061 0.829 
 517 N _   0.008 0.094 0.001 0.016 0.005 0.013 0.059 0.804 
 518 I _   0.008 0.116 0.001 0.024 0.007 0.015 0.057 0.772 
 519 L _   0.008 0.139 0.001 0.033 0.009 0.016 0.054 0.740 
 520 D _   0.008 0.156 0.001 0.041 0.010 0.016 0.053 0.716 
 521 Y _   0.008 0.166 0.001 0.045 0.010 0.016 0.051 0.702 
 522 Q _   0.008 0.170 0.001 0.047 0.010 0.015 0.051 0.699 
 523 L _   0.008 0.169 0.001 0.044 0.009 0.014 0.051 0.704 
 524 R _   0.007 0.163 0.001 0.039 0.008 0.013 0.051 0.718 
 525 Y _   0.007 0.152 0.001 0.032 0.007 0.012 0.051 0.739 
 526 Y _   0.007 0.137 0.001 0.024 0.005 0.010 0.052 0.764 
 527 D _   0.006 0.120 0.001 0.017 0.004 0.009 0.053 0.790 
 528 Q _   0.006 0.105 0.000 0.012 0.003 0.008 0.054 0.812 
 529 A _   0.005 0.095 0.000 0.008 0.002 0.007 0.054 0.827 
 530 E _   0.005 0.089 0.000 0.006 0.002 0.007 0.054 0.837 
 531 D _   0.005 0.087 0.000 0.006 0.002 0.007 0.054 0.841 
 532 E _   0.005 0.087 0.000 0.006 0.002 0.007 0.053 0.840 
 533 S _   0.005 0.091 0.000 0.007 0.002 0.008 0.051 0.835 
 534 H _   0.005 0.099 0.000 0.009 0.003 0.009 0.049 0.824 
 535 S _   0.006 0.111 0.001 0.012 0.004 0.010 0.047 0.809 
 536 F _   0.006 0.127 0.001 0.015 0.005 0.011 0.044 0.791 
 537 T _   0.006 0.144 0.001 0.018 0.006 0.012 0.041 0.771 
 538 L _   0.006 0.162 0.001 0.021 0.006 0.013 0.039 0.752 
 539 T _   0.006 0.178 0.001 0.023 0.007 0.014 0.036 0.736 
 540 S _   0.006 0.192 0.001 0.024 0.007 0.014 0.034 0.722 
 541 E _   0.007 0.203 0.001 0.025 0.008 0.014 0.032 0.711 
 542 T _   0.007 0.211 0.001 0.025 0.008 0.015 0.030 0.703 
 543 N _   0.007 0.218 0.001 0.025 0.008 0.015 0.029 0.697 
 544 T _   0.008 0.222 0.001 0.025 0.008 0.015 0.028 0.694 
 545 A _   0.008 0.224 0.001 0.024 0.008 0.015 0.027 0.693 
 546 T _   0.009 0.224 0.001 0.022 0.008 0.015 0.026 0.696 
 547 V _   0.009 0.223 0.001 0.019 0.007 0.015 0.026 0.701 
 548 T _   0.009 0.220 0.001 0.017 0.007 0.014 0.025 0.707 
 549 Q _   0.010 0.216 0.001 0.014 0.006 0.014 0.025 0.714 
 550 L _   0.010 0.213 0.001 0.013 0.006 0.015 0.024 0.719 
 551 S _   0.010 0.211 0.001 0.011 0.006 0.015 0.024 0.723 
 552 P _   0.011 0.211 0.001 0.011 0.006 0.016 0.023 0.722 
 553 G _   0.011 0.213 0.001 0.012 0.006 0.016 0.023 0.719 
 554 H _   0.012 0.217 0.001 0.013 0.007 0.017 0.022 0.711 
 555 I _   0.013 0.224 0.001 0.016 0.008 0.018 0.021 0.699 
 556 Y _   0.013 0.233 0.001 0.020 0.010 0.019 0.020 0.683 
 557 G _   0.013 0.243 0.001 0.024 0.011 0.020 0.020 0.669 
 558 F _   0.013 0.250 0.001 0.028 0.012 0.020 0.019 0.657 
 559 Q _   0.013 0.255 0.001 0.031 0.012 0.019 0.018 0.651 
 560 V _   0.012 0.256 0.001 0.032 0.012 0.019 0.018 0.650 
 561 R _   0.012 0.253 0.001 0.032 0.012 0.018 0.018 0.655 
 562 A _   0.011 0.246 0.001 0.031 0.011 0.017 0.017 0.666 
 563 R _   0.010 0.235 0.001 0.028 0.010 0.015 0.017 0.684 
 564 T _   0.010 0.218 0.001 0.023 0.008 0.014 0.018 0.708 
 565 A _   0.009 0.198 0.001 0.019 0.007 0.013 0.018 0.734 
 566 A _   0.009 0.178 0.001 0.016 0.006 0.012 0.018 0.761 
 567 G _   0.008 0.159 0.001 0.012 0.005 0.011 0.018 0.786 
 568 H _   0.008 0.144 0.001 0.010 0.004 0.011 0.018 0.804 
 569 G _   0.008 0.135 0.000 0.008 0.004 0.011 0.018 0.816 
 570 P _   0.008 0.129 0.000 0.008 0.004 0.011 0.018 0.821 
 571 Y _   0.009 0.127 0.000 0.009 0.004 0.012 0.018 0.820 
 572 G _   0.010 0.128 0.001 0.011 0.005 0.014 0.017 0.814 
 573 G _   0.011 0.130 0.001 0.015 0.007 0.015 0.017 0.804 
 574 K _   0.012 0.134 0.001 0.021 0.008 0.017 0.016 0.791 
 575 V _   0.013 0.137 0.001 0.026 0.010 0.018 0.016 0.780 
 576 Y _   0.013 0.138 0.001 0.031 0.011 0.018 0.016 0.772 
 577 F _   0.013 0.135 0.001 0.034 0.011 0.018 0.016 0.771 
 578 Q _   0.013 0.130 0.001 0.035 0.011 0.017 0.016 0.778 
 579 T _   0.012 0.118 0.001 0.033 0.010 0.016 0.016 0.794 
 580 L _   0.012 0.101 0.001 0.028 0.009 0.014 0.016 0.819 
 581 P _   0.011 0.077 0.001 0.022 0.007 0.012 0.016 0.853 
 582 Q _   0.011 0.051 0.001 0.015 0.006 0.010 0.016 0.889 
 583 G _   0.012 0.028 0.001 0.010 0.004 0.009 0.016 0.921 
 584 E _   0.013 0.012 0.000 0.006 0.003 0.007 0.016 0.942 
 585 L _   0.017 0.004 0.000 0.003 0.002 0.006 0.016 0.952 
 586 S _   0.024 0.001 0.000 0.002 0.002 0.005 0.015 0.951 
 587 S _   0.039 0.000 0.000 0.001 0.002 0.005 0.014 0.939 
 588 Q _   0.067 0.000 0.000 0.001 0.002 0.006 0.013 0.912 
 589 L _   0.116 0.000 0.000 0.001 0.003 0.006 0.011 0.863 
 590 P _   0.192 0.000 0.001 0.001 0.004 0.007 0.010 0.786 
 591 E _   0.292 0.000 0.001 0.001 0.005 0.007 0.008 0.686 
 592 R _   0.409 0.000 0.001 0.001 0.006 0.008 0.006 0.570 
 593 L H   0.528 0.000 0.001 0.001 0.006 0.007 0.005 0.452 
 594 S H   0.637 0.000 0.001 0.000 0.007 0.006 0.004 0.345 
 595 L H   0.729 0.000 0.001 0.000 0.006 0.005 0.003 0.255 
 596 V H   0.799 0.000 0.001 0.000 0.006 0.004 0.003 0.187 
 597 I H   0.852 0.000 0.001 0.000 0.005 0.004 0.002 0.135 
 598 G H   0.889 0.000 0.001 0.000 0.005 0.003 0.002 0.100 
 599 S H   0.915 0.000 0.001 0.000 0.005 0.003 0.002 0.075 
 600 I H   0.932 0.000 0.001 0.000 0.004 0.002 0.002 0.059 
 601 L H   0.945 0.000 0.000 0.000 0.004 0.002 0.002 0.047 
 602 G H   0.952 0.000 0.000 0.000 0.004 0.002 0.002 0.040 
 603 A H   0.958 0.000 0.000 0.000 0.003 0.002 0.002 0.035 
 604 L H   0.961 0.000 0.000 0.000 0.003 0.002 0.002 0.032 
 605 A H   0.962 0.000 0.000 0.000 0.004 0.002 0.001 0.030 
 606 F H   0.962 0.000 0.000 0.000 0.004 0.002 0.001 0.030 
 607 L H   0.961 0.000 0.001 0.000 0.004 0.002 0.001 0.031 
 608 L H   0.957 0.000 0.001 0.000 0.005 0.002 0.001 0.034 
 609 L H   0.951 0.000 0.001 0.000 0.005 0.002 0.001 0.039 
 610 A H   0.942 0.000 0.001 0.000 0.006 0.002 0.001 0.047 
 611 A H   0.930 0.000 0.001 0.000 0.007 0.003 0.001 0.058 
 612 I H   0.913 0.000 0.001 0.000 0.008 0.003 0.002 0.073 
 613 T H   0.890 0.000 0.001 0.000 0.009 0.003 0.002 0.094 
 614 V H   0.857 0.000 0.001 0.000 0.010 0.004 0.002 0.125 
 615 L H   0.811 0.000 0.001 0.001 0.011 0.005 0.003 0.169 
 616 A H   0.749 0.000 0.001 0.001 0.011 0.006 0.004 0.229 
 617 V H   0.670 0.000 0.001 0.001 0.011 0.006 0.006 0.304 
 618 V H   0.575 0.000 0.001 0.001 0.010 0.007 0.009 0.397 
 619 F _   0.469 0.000 0.001 0.001 0.008 0.008 0.012 0.501 
 620 Q _   0.365 0.000 0.001 0.001 0.007 0.008 0.016 0.602 
 621 R _   0.271 0.000 0.001 0.001 0.006 0.008 0.020 0.693 
 622 K _   0.193 0.000 0.001 0.002 0.005 0.008 0.024 0.767 
 623 R _   0.135 0.000 0.001 0.002 0.004 0.009 0.027 0.822 
 624 R _   0.094 0.000 0.000 0.003 0.004 0.009 0.030 0.859 
 625 G _   0.067 0.000 0.000 0.004 0.004 0.010 0.033 0.882 
 626 T _   0.049 0.001 0.001 0.006 0.004 0.010 0.035 0.894 
 627 G _   0.036 0.002 0.001 0.009 0.005 0.011 0.038 0.899 
 628 Y _   0.028 0.003 0.001 0.011 0.005 0.011 0.040 0.901 
 629 T _   0.022 0.004 0.001 0.013 0.005 0.011 0.041 0.902 
 630 E _   0.017 0.005 0.001 0.014 0.005 0.011 0.043 0.903 
 631 Q _   0.014 0.006 0.001 0.014 0.005 0.010 0.045 0.906 
 632 L _   0.011 0.006 0.001 0.012 0.004 0.009 0.047 0.910 
 633 Q _   0.009 0.006 0.000 0.010 0.004 0.009 0.048 0.914 
 634 Q _   0.008 0.006 0.000 0.009 0.003 0.008 0.049 0.917 
 635 Y _   0.007 0.006 0.000 0.008 0.003 0.008 0.050 0.918 
 636 S _   0.007 0.006 0.000 0.007 0.003 0.008 0.052 0.918 
 637 S _   0.007 0.007 0.000 0.008 0.003 0.008 0.052 0.914 
 638 P _   0.007 0.008 0.000 0.010 0.003 0.009 0.053 0.909 
 639 G _   0.008 0.010 0.000 0.013 0.004 0.010 0.054 0.901 
 640 L _   0.008 0.012 0.001 0.017 0.005 0.011 0.055 0.892 
 641 G _   0.008 0.013 0.001 0.020 0.006 0.011 0.056 0.885 
 642 V _   0.009 0.014 0.001 0.023 0.006 0.011 0.057 0.880 
 643 K _   0.008 0.015 0.001 0.023 0.006 0.011 0.058 0.879 
 644 Y _   0.008 0.014 0.001 0.021 0.005 0.010 0.059 0.882 
 645 Y _   0.007 0.012 0.001 0.018 0.004 0.009 0.061 0.888 
 646 I _   0.007 0.010 0.000 0.014 0.004 0.008 0.062 0.896 
 647 D _   0.006 0.008 0.000 0.010 0.003 0.007 0.063 0.903 
 648 P _   0.005 0.006 0.000 0.006 0.002 0.006 0.064 0.910 
 649 S _   0.005 0.005 0.000 0.004 0.002 0.005 0.064 0.914 
 650 T _   0.004 0.005 0.000 0.004 0.001 0.005 0.064 0.916 
 651 Y _   0.005 0.005 0.000 0.004 0.002 0.006 0.064 0.915 
 652 E _   0.005 0.007 0.000 0.005 0.002 0.007 0.063 0.912 
 653 D _   0.006 0.010 0.000 0.007 0.003 0.009 0.062 0.903 
 654 P _   0.007 0.018 0.000 0.011 0.004 0.012 0.060 0.888 
 655 C _   0.008 0.030 0.001 0.018 0.006 0.015 0.057 0.865 
 656 Q _   0.009 0.045 0.001 0.027 0.009 0.018 0.055 0.837 
 657 A _   0.010 0.060 0.001 0.036 0.011 0.019 0.052 0.812 
 658 I _   0.010 0.070 0.001 0.042 0.012 0.021 0.050 0.793 
 659 R _   0.010 0.077 0.001 0.046 0.013 0.021 0.049 0.783 
 660 E _   0.010 0.079 0.001 0.046 0.013 0.021 0.048 0.783 
 661 L _   0.010 0.078 0.001 0.042 0.012 0.020 0.047 0.790 
 662 A _   0.010 0.073 0.001 0.036 0.011 0.019 0.047 0.804 
 663 R _   0.010 0.066 0.001 0.027 0.009 0.018 0.047 0.822 
