#TopoPred_TM8: 8-state transmembrane topology prediction results by no_profile mode 
#probabilities are in the order of H E C I L F X _, the 8 transmembrane topology types used in PDBTM 
   1 M X   0.015 0.001 0.002 0.052 0.010 0.011 0.690 0.219 
   2 S X   0.005 0.001 0.000 0.030 0.002 0.005 0.707 0.250 
   3 G X   0.002 0.000 0.000 0.016 0.001 0.003 0.710 0.268 
   4 V X   0.001 0.001 0.000 0.011 0.001 0.004 0.705 0.278 
   5 S X   0.002 0.001 0.000 0.010 0.001 0.005 0.696 0.285 
   6 E X   0.003 0.002 0.000 0.011 0.002 0.008 0.683 0.292 
   7 P X   0.004 0.004 0.000 0.014 0.003 0.010 0.668 0.297 
   8 L X   0.006 0.007 0.000 0.018 0.004 0.012 0.649 0.303 
   9 S X   0.006 0.011 0.001 0.024 0.005 0.014 0.629 0.310 
  10 R X   0.006 0.015 0.001 0.030 0.006 0.015 0.608 0.318 
  11 V X   0.006 0.019 0.001 0.035 0.007 0.015 0.589 0.328 
  12 K X   0.006 0.021 0.001 0.037 0.008 0.014 0.572 0.341 
  13 L X   0.006 0.022 0.001 0.035 0.008 0.013 0.559 0.356 
  14 G X   0.006 0.022 0.001 0.031 0.007 0.012 0.548 0.374 
  15 T X   0.005 0.020 0.001 0.025 0.006 0.011 0.538 0.394 
  16 L X   0.005 0.017 0.001 0.019 0.005 0.010 0.529 0.415 
  17 R X   0.005 0.014 0.000 0.014 0.004 0.008 0.521 0.434 
  18 R X   0.004 0.011 0.000 0.010 0.003 0.007 0.513 0.451 
  19 P X   0.004 0.009 0.000 0.007 0.002 0.007 0.505 0.466 
  20 E X   0.004 0.008 0.000 0.006 0.002 0.006 0.497 0.478 
  21 G _   0.004 0.007 0.000 0.005 0.002 0.006 0.487 0.488 
  22 P _   0.004 0.007 0.000 0.006 0.002 0.007 0.477 0.496 
  23 A _   0.005 0.007 0.000 0.007 0.003 0.007 0.467 0.504 
  24 E _   0.005 0.008 0.000 0.009 0.003 0.008 0.455 0.510 
  25 P _   0.006 0.010 0.000 0.011 0.004 0.009 0.444 0.516 
  26 M _   0.006 0.011 0.001 0.013 0.005 0.010 0.433 0.522 
  27 V _   0.006 0.012 0.001 0.015 0.005 0.010 0.422 0.530 
  28 V _   0.006 0.012 0.001 0.015 0.005 0.010 0.412 0.540 
  29 V _   0.006 0.012 0.001 0.014 0.004 0.010 0.402 0.551 
  30 P _   0.006 0.012 0.001 0.012 0.004 0.010 0.392 0.563 
  31 V _   0.006 0.012 0.000 0.009 0.004 0.010 0.383 0.575 
  32 D _   0.006 0.012 0.000 0.007 0.003 0.011 0.373 0.587 
  33 V _   0.007 0.012 0.000 0.006 0.003 0.012 0.362 0.597 
  34 E _   0.008 0.013 0.000 0.006 0.004 0.014 0.351 0.604 
  35 K _   0.009 0.016 0.001 0.007 0.005 0.017 0.338 0.606 
  36 E _   0.012 0.024 0.001 0.011 0.008 0.021 0.323 0.601 
  37 D _   0.014 0.040 0.001 0.017 0.012 0.026 0.305 0.584 
  38 V _   0.016 0.070 0.002 0.029 0.018 0.030 0.283 0.552 
  39 R _   0.018 0.110 0.002 0.043 0.022 0.032 0.261 0.511 
  40 I _   0.018 0.147 0.002 0.059 0.025 0.033 0.242 0.475 
  41 L _   0.017 0.172 0.002 0.071 0.026 0.032 0.227 0.453 
  42 K _   0.017 0.185 0.002 0.079 0.025 0.031 0.216 0.447 
  43 V _   0.016 0.189 0.002 0.081 0.023 0.028 0.208 0.453 
  44 C _   0.014 0.186 0.002 0.077 0.021 0.026 0.202 0.473 
  45 F _   0.013 0.176 0.002 0.067 0.018 0.022 0.198 0.505 
  46 Y _   0.012 0.154 0.002 0.054 0.014 0.019 0.194 0.552 
  47 S _   0.012 0.120 0.001 0.038 0.011 0.016 0.192 0.610 
  48 N _   0.011 0.080 0.001 0.025 0.007 0.013 0.190 0.673 
  49 S _   0.009 0.044 0.001 0.015 0.005 0.010 0.188 0.727 
  50 F _   0.008 0.020 0.000 0.008 0.003 0.008 0.186 0.766 
  51 N _   0.007 0.008 0.000 0.005 0.002 0.007 0.182 0.789 
  52 P _   0.006 0.003 0.000 0.003 0.002 0.007 0.178 0.802 
  53 G _   0.007 0.001 0.000 0.002 0.001 0.007 0.172 0.809 
  54 K _   0.009 0.001 0.000 0.003 0.002 0.008 0.166 0.811 
  55 N _   0.014 0.000 0.000 0.003 0.002 0.011 0.159 0.811 
  56 F _   0.022 0.000 0.000 0.005 0.004 0.015 0.150 0.804 
  57 K _   0.037 0.000 0.001 0.006 0.006 0.019 0.139 0.792 
  58 L _   0.058 0.001 0.001 0.008 0.009 0.025 0.127 0.771 
  59 V _   0.088 0.001 0.001 0.010 0.013 0.030 0.114 0.743 
  60 K _   0.127 0.001 0.001 0.011 0.017 0.036 0.100 0.707 
  61 C _   0.174 0.001 0.002 0.010 0.021 0.040 0.086 0.667 
  62 T _   0.232 0.000 0.002 0.008 0.025 0.042 0.072 0.618 
  63 V _   0.296 0.000 0.002 0.006 0.027 0.044 0.060 0.564 
  64 Q _   0.364 0.000 0.002 0.004 0.029 0.044 0.050 0.506 
  65 T _   0.432 0.000 0.002 0.003 0.031 0.044 0.041 0.447 
  66 E H   0.496 0.000 0.002 0.002 0.032 0.042 0.035 0.392 
  67 I H   0.552 0.000 0.002 0.002 0.033 0.040 0.030 0.342 
  68 R H   0.599 0.000 0.002 0.002 0.034 0.037 0.026 0.300 
  69 E H   0.632 0.000 0.002 0.002 0.035 0.035 0.024 0.270 
  70 I H   0.654 0.000 0.002 0.002 0.036 0.033 0.022 0.251 
  71 I H   0.663 0.000 0.002 0.002 0.037 0.031 0.022 0.243 
  72 T H   0.659 0.000 0.002 0.003 0.036 0.029 0.021 0.249 
  73 S H   0.640 0.000 0.002 0.004 0.035 0.027 0.022 0.269 
  74 I H   0.605 0.000 0.002 0.005 0.033 0.026 0.023 0.307 
  75 L H   0.554 0.000 0.002 0.005 0.029 0.024 0.024 0.362 
  76 L H   0.487 0.000 0.002 0.005 0.024 0.023 0.025 0.434 
  77 S _   0.408 0.000 0.002 0.005 0.018 0.021 0.027 0.519 
  78 G _   0.326 0.000 0.001 0.004 0.013 0.019 0.029 0.607 
  79 R _   0.251 0.000 0.001 0.003 0.009 0.018 0.031 0.687 
  80 I _   0.188 0.000 0.001 0.002 0.006 0.017 0.033 0.752 
  81 G _   0.141 0.000 0.001 0.002 0.005 0.017 0.034 0.800 
  82 P _   0.108 0.000 0.001 0.002 0.005 0.018 0.036 0.831 
  83 N _   0.087 0.001 0.001 0.003 0.005 0.020 0.036 0.847 
  84 I _   0.074 0.002 0.001 0.005 0.007 0.023 0.037 0.851 
  85 R _   0.065 0.007 0.001 0.009 0.010 0.026 0.038 0.844 
  86 L _   0.058 0.016 0.001 0.016 0.013 0.029 0.038 0.828 
  87 A _   0.052 0.028 0.001 0.025 0.017 0.031 0.039 0.808 
  88 E _   0.045 0.040 0.002 0.033 0.020 0.032 0.039 0.789 
  89 C _   0.040 0.048 0.002 0.040 0.021 0.032 0.040 0.778 
  90 Y _   0.035 0.053 0.002 0.044 0.021 0.031 0.041 0.775 
  91 G _   0.031 0.054 0.001 0.043 0.019 0.029 0.042 0.780 
  92 L _   0.028 0.053 0.001 0.039 0.017 0.026 0.044 0.792 
  93 R _   0.024 0.049 0.001 0.033 0.014 0.023 0.046 0.809 
  94 L _   0.021 0.042 0.001 0.026 0.011 0.020 0.048 0.831 
  95 K _   0.018 0.033 0.001 0.019 0.008 0.018 0.050 0.853 
  96 H _   0.016 0.024 0.001 0.013 0.006 0.015 0.053 0.872 
  97 M _   0.014 0.018 0.001 0.009 0.005 0.014 0.054 0.886 
  98 K _   0.013 0.014 0.000 0.006 0.004 0.012 0.056 0.894 
  99 S _   0.012 0.012 0.000 0.005 0.003 0.012 0.057 0.898 
 100 D _   0.012 0.011 0.000 0.005 0.003 0.012 0.058 0.898 
 101 E _   0.012 0.011 0.000 0.006 0.004 0.012 0.059 0.894 
 102 I _   0.013 0.013 0.001 0.008 0.004 0.013 0.060 0.888 
 103 H _   0.014 0.015 0.001 0.011 0.006 0.014 0.060 0.880 
 104 W _   0.014 0.018 0.001 0.014 0.007 0.015 0.061 0.870 
 105 L _   0.014 0.021 0.001 0.018 0.008 0.016 0.061 0.860 
 106 H _   0.014 0.024 0.001 0.021 0.009 0.016 0.062 0.853 
 107 P _   0.014 0.026 0.001 0.023 0.009 0.016 0.063 0.848 
 108 Q _   0.013 0.026 0.001 0.024 0.009 0.016 0.064 0.847 
 109 M _   0.013 0.026 0.001 0.023 0.008 0.015 0.065 0.849 
 110 T _   0.012 0.025 0.001 0.021 0.007 0.014 0.067 0.854 
 111 V _   0.011 0.023 0.001 0.018 0.006 0.012 0.068 0.862 
 112 G _   0.010 0.020 0.001 0.014 0.005 0.011 0.069 0.870 
 113 E _   0.009 0.017 0.000 0.011 0.004 0.010 0.071 0.879 
 114 V _   0.008 0.015 0.000 0.008 0.003 0.009 0.072 0.885 
 115 Q _   0.008 0.014 0.000 0.006 0.003 0.008 0.072 0.889 
 116 D _   0.007 0.013 0.000 0.005 0.002 0.009 0.073 0.890 
 117 K _   0.008 0.014 0.000 0.005 0.003 0.009 0.073 0.888 
 118 Y _   0.008 0.016 0.000 0.006 0.003 0.010 0.073 0.883 
 119 E _   0.009 0.020 0.000 0.009 0.004 0.012 0.073 0.873 
 120 C _   0.010 0.026 0.001 0.012 0.006 0.014 0.073 0.859 
 121 L _   0.011 0.035 0.001 0.017 0.007 0.016 0.072 0.841 
 122 H _   0.012 0.044 0.001 0.022 0.009 0.017 0.072 0.824 
 123 V _   0.012 0.051 0.001 0.026 0.010 0.018 0.072 0.810 
 124 E _   0.013 0.057 0.001 0.028 0.010 0.018 0.072 0.801 
 125 A _   0.013 0.059 0.001 0.029 0.010 0.018 0.073 0.798 
 126 E _   0.012 0.060 0.001 0.027 0.010 0.017 0.073 0.800 
 127 W _   0.012 0.058 0.001 0.024 0.009 0.016 0.074 0.806 
 128 R _   0.011 0.055 0.001 0.021 0.008 0.015 0.076 0.813 
 129 Y _   0.011 0.052 0.001 0.018 0.007 0.015 0.077 0.820 
 130 D _   0.011 0.048 0.001 0.015 0.006 0.014 0.079 0.827 
 131 L _   0.010 0.045 0.001 0.013 0.006 0.013 0.081 0.831 
 132 Q _   0.011 0.042 0.001 0.013 0.005 0.013 0.082 0.834 
 133 I _   0.010 0.040 0.001 0.012 0.005 0.013 0.084 0.834 
 134 R _   0.010 0.039 0.001 0.013 0.005 0.012 0.086 0.835 
 135 Y _   0.010 0.037 0.001 0.013 0.005 0.012 0.087 0.835 
 136 L _   0.010 0.036 0.001 0.013 0.005 0.012 0.089 0.835 
 137 P _   0.009 0.034 0.001 0.013 0.005 0.012 0.090 0.836 
 138 E _   0.009 0.032 0.001 0.013 0.005 0.011 0.092 0.837 
 139 D _   0.009 0.030 0.001 0.012 0.004 0.011 0.094 0.839 
 140 F _   0.009 0.028 0.001 0.010 0.004 0.011 0.096 0.842 
 141 M _   0.009 0.026 0.000 0.009 0.004 0.011 0.097 0.844 
 142 E _   0.009 0.025 0.000 0.008 0.003 0.011 0.098 0.846 
 143 S _   0.009 0.024 0.000 0.006 0.003 0.011 0.099 0.846 
 144 L _   0.009 0.024 0.000 0.006 0.003 0.013 0.100 0.844 
 145 K _   0.010 0.026 0.000 0.006 0.004 0.014 0.100 0.838 
 146 E _   0.012 0.030 0.001 0.008 0.005 0.017 0.101 0.827 
 147 D _   0.014 0.037 0.001 0.011 0.007 0.020 0.101 0.808 
 148 R _   0.017 0.050 0.001 0.017 0.011 0.023 0.100 0.780 
 149 T _   0.019 0.068 0.001 0.026 0.014 0.026 0.100 0.746 
 150 T _   0.020 0.086 0.001 0.036 0.017 0.028 0.100 0.712 
 151 L _   0.021 0.100 0.002 0.046 0.019 0.028 0.101 0.684 
 152 L _   0.021 0.108 0.001 0.052 0.019 0.028 0.102 0.668 
 153 Y _   0.020 0.111 0.001 0.055 0.019 0.027 0.104 0.664 
 154 F _   0.018 0.109 0.001 0.052 0.017 0.024 0.106 0.671 
 155 Y _   0.016 0.103 0.001 0.046 0.015 0.021 0.110 0.688 
 156 Q _   0.015 0.090 0.001 0.037 0.012 0.019 0.113 0.713 
 157 Q _   0.013 0.073 0.001 0.027 0.009 0.016 0.118 0.743 
 158 L _   0.012 0.053 0.001 0.019 0.007 0.014 0.122 0.773 
 159 R _   0.010 0.036 0.001 0.013 0.005 0.012 0.126 0.798 
 160 N _   0.009 0.024 0.000 0.009 0.004 0.010 0.129 0.814 
 161 D _   0.008 0.017 0.000 0.006 0.003 0.009 0.132 0.824 
 162 Y _   0.008 0.013 0.000 0.005 0.002 0.009 0.134 0.829 
 163 M _   0.007 0.011 0.000 0.005 0.002 0.009 0.136 0.830 
 164 Q _   0.008 0.010 0.000 0.005 0.002 0.010 0.137 0.830 
 165 R _   0.008 0.009 0.000 0.005 0.002 0.011 0.137 0.827 
 166 Y _   0.009 0.010 0.000 0.005 0.003 0.013 0.137 0.823 
 167 A _   0.011 0.011 0.000 0.005 0.003 0.015 0.137 0.816 
 168 S _   0.014 0.014 0.001 0.006 0.005 0.019 0.136 0.805 
 169 K _   0.019 0.020 0.001 0.008 0.007 0.025 0.135 0.786 
 170 V _   0.027 0.030 0.001 0.010 0.011 0.031 0.133 0.757 
 171 S _   0.036 0.047 0.001 0.014 0.017 0.038 0.131 0.716 
 172 E _   0.045 0.074 0.002 0.019 0.024 0.046 0.129 0.662 
 173 G _   0.054 0.110 0.002 0.025 0.032 0.051 0.127 0.600 
 174 M _   0.061 0.146 0.002 0.031 0.038 0.055 0.125 0.540 
 175 A _   0.068 0.178 0.002 0.036 0.042 0.057 0.125 0.492 
 176 L _   0.072 0.200 0.002 0.040 0.044 0.057 0.125 0.459 
 177 Q _   0.074 0.215 0.002 0.042 0.045 0.056 0.126 0.440 
 178 L _   0.074 0.223 0.002 0.043 0.044 0.054 0.128 0.432 
 179 G _   0.073 0.226 0.002 0.043 0.041 0.051 0.131 0.433 
 180 C _   0.071 0.224 0.002 0.041 0.037 0.048 0.135 0.443 
 181 L _   0.067 0.218 0.002 0.039 0.032 0.043 0.140 0.459 
 182 E _   0.062 0.207 0.002 0.037 0.028 0.039 0.145 0.480 
 183 L _   0.056 0.192 0.002 0.034 0.023 0.034 0.152 0.508 
 184 R _   0.049 0.172 0.002 0.031 0.018 0.030 0.160 0.539 
 185 R _   0.042 0.149 0.001 0.027 0.014 0.026 0.168 0.572 
 186 F _   0.035 0.123 0.001 0.024 0.011 0.022 0.177 0.607 
 187 F _   0.029 0.097 0.001 0.020 0.009 0.018 0.185 0.640 
 188 K _   0.024 0.073 0.001 0.017 0.007 0.015 0.194 0.670 
 189 D _   0.020 0.052 0.001 0.013 0.005 0.013 0.201 0.697 
 190 M _   0.016 0.035 0.001 0.010 0.004 0.010 0.207 0.717 
 191 P _   0.013 0.023 0.000 0.007 0.003 0.008 0.212 0.733 
 192 H _   0.010 0.016 0.000 0.005 0.002 0.007 0.216 0.744 
 193 N _   0.008 0.011 0.000 0.004 0.001 0.006 0.218 0.752 
 194 A _   0.006 0.009 0.000 0.003 0.001 0.005 0.219 0.756 
 195 L _   0.005 0.008 0.000 0.003 0.001 0.005 0.219 0.759 
 196 D _   0.005 0.008 0.000 0.003 0.001 0.005 0.218 0.761 
 197 K _   0.004 0.009 0.000 0.003 0.001 0.005 0.216 0.760 
 198 K _   0.005 0.012 0.000 0.004 0.002 0.007 0.212 0.758 
 199 S _   0.005 0.019 0.000 0.007 0.002 0.009 0.208 0.750 
 200 N _   0.006 0.032 0.000 0.010 0.004 0.011 0.202 0.735 
 201 F _   0.007 0.054 0.001 0.016 0.005 0.013 0.194 0.710 
 202 E _   0.008 0.084 0.001 0.022 0.007 0.016 0.185 0.677 
 203 L _   0.008 0.118 0.001 0.028 0.009 0.017 0.176 0.644 
 204 L _   0.008 0.148 0.001 0.033 0.010 0.018 0.169 0.614 
 205 E _   0.008 0.172 0.001 0.037 0.010 0.018 0.162 0.592 
 206 K _   0.008 0.189 0.001 0.039 0.011 0.018 0.157 0.577 
 207 E _   0.008 0.200 0.001 0.041 0.011 0.018 0.153 0.569 
 208 V _   0.008 0.206 0.001 0.041 0.011 0.018 0.150 0.564 
 209 G _   0.009 0.209 0.001 0.041 0.011 0.018 0.148 0.563 
 210 L _   0.010 0.208 0.001 0.040 0.010 0.017 0.148 0.566 
 211 D _   0.010 0.203 0.001 0.039 0.010 0.016 0.148 0.573 
 212 L _   0.011 0.194 0.001 0.037 0.009 0.016 0.148 0.584 
 213 F _   0.011 0.179 0.001 0.033 0.009 0.015 0.150 0.602 
 214 F _   0.011 0.158 0.001 0.029 0.008 0.013 0.152 0.628 
 215 P _   0.011 0.130 0.001 0.024 0.007 0.012 0.154 0.660 
 216 K _   0.010 0.099 0.001 0.019 0.006 0.011 0.157 0.697 
 217 Q _   0.010 0.069 0.001 0.014 0.004 0.010 0.159 0.733 
 218 M _   0.009 0.045 0.000 0.010 0.003 0.008 0.161 0.763 
 219 Q _   0.007 0.028 0.000 0.007 0.002 0.007 0.162 0.786 
 220 E _   0.006 0.018 0.000 0.005 0.002 0.006 0.162 0.801 
 221 N _   0.006 0.013 0.000 0.003 0.001 0.006 0.161 0.810 
 222 L _   0.005 0.011 0.000 0.003 0.001 0.006 0.159 0.815 
 223 K _   0.005 0.010 0.000 0.003 0.001 0.007 0.156 0.817 
 224 P _   0.006 0.011 0.000 0.004 0.002 0.008 0.153 0.816 
 225 K _   0.007 0.013 0.000 0.006 0.003 0.011 0.149 0.811 
 226 Q _   0.008 0.018 0.000 0.010 0.004 0.014 0.143 0.801 
 227 F _   0.010 0.026 0.001 0.016 0.007 0.017 0.137 0.786 
 228 R _   0.011 0.036 0.001 0.024 0.009 0.020 0.131 0.768 
 229 K _   0.012 0.045 0.001 0.032 0.012 0.023 0.125 0.750 
 230 M _   0.013 0.052 0.001 0.039 0.014 0.025 0.119 0.737 
 231 I _   0.014 0.056 0.001 0.043 0.015 0.026 0.114 0.731 
 232 Q _   0.014 0.057 0.001 0.044 0.015 0.027 0.110 0.732 
 233 Q _   0.015 0.055 0.001 0.041 0.014 0.026 0.107 0.740 
 234 T _   0.015 0.050 0.001 0.036 0.013 0.026 0.105 0.755 
 235 F _   0.016 0.042 0.001 0.029 0.012 0.025 0.102 0.774 
 236 Q _   0.017 0.031 0.001 0.021 0.010 0.024 0.101 0.796 
 237 Q _   0.018 0.020 0.001 0.015 0.008 0.024 0.099 0.815 
 238 Y _   0.021 0.011 0.001 0.010 0.007 0.024 0.097 0.829 
 239 A _   0.026 0.006 0.001 0.007 0.006 0.025 0.095 0.835 
 240 S _   0.033 0.003 0.001 0.005 0.006 0.027 0.093 0.834 
 241 L _   0.042 0.001 0.001 0.004 0.006 0.029 0.090 0.826 
 242 R _   0.056 0.001 0.001 0.004 0.008 0.033 0.088 0.810 
 243 E _   0.074 0.001 0.001 0.004 0.010 0.038 0.085 0.787 
 244 E _   0.095 0.001 0.001 0.005 0.015 0.044 0.081 0.757 
 245 E _   0.120 0.002 0.001 0.006 0.021 0.051 0.078 0.721 
 246 C _   0.144 0.003 0.002 0.008 0.029 0.057 0.075 0.683 
 247 V _   0.167 0.005 0.002 0.010 0.037 0.061 0.072 0.646 
 248 M _   0.187 0.008 0.002 0.013 0.045 0.064 0.069 0.612 
 249 K _   0.201 0.011 0.002 0.017 0.051 0.065 0.067 0.585 
 250 F _   0.209 0.015 0.003 0.020 0.054 0.065 0.066 0.568 
 251 F _   0.211 0.018 0.003 0.024 0.055 0.063 0.066 0.562 
 252 N _   0.205 0.019 0.003 0.026 0.053 0.059 0.066 0.569 
 253 T _   0.193 0.020 0.003 0.028 0.048 0.054 0.066 0.589 
 254 L _   0.176 0.019 0.002 0.027 0.040 0.048 0.067 0.620 
 255 A _   0.154 0.016 0.002 0.024 0.032 0.042 0.069 0.661 
 256 G _   0.130 0.013 0.002 0.020 0.024 0.035 0.070 0.707 
 257 F _   0.104 0.009 0.001 0.015 0.016 0.029 0.071 0.754 
 258 A _   0.080 0.005 0.001 0.010 0.010 0.024 0.073 0.797 
 259 N _   0.059 0.003 0.001 0.007 0.006 0.019 0.073 0.832 
 260 I _   0.043 0.001 0.000 0.004 0.004 0.016 0.073 0.857 
 261 D _   0.032 0.001 0.000 0.003 0.003 0.014 0.073 0.874 
 262 Q _   0.025 0.000 0.000 0.002 0.003 0.013 0.072 0.884 
 263 E _   0.021 0.000 0.000 0.002 0.003 0.013 0.072 0.888 
 264 T _   0.020 0.001 0.000 0.003 0.003 0.015 0.071 0.888 
 265 Y _   0.020 0.001 0.000 0.004 0.004 0.017 0.069 0.884 
 266 R _   0.022 0.003 0.001 0.006 0.006 0.020 0.068 0.874 
 267 C _   0.025 0.006 0.001 0.009 0.008 0.024 0.066 0.861 
 268 E _   0.029 0.010 0.001 0.013 0.011 0.028 0.064 0.844 
 269 L _   0.032 0.016 0.001 0.017 0.015 0.031 0.062 0.826 
 270 I _   0.035 0.021 0.001 0.021 0.017 0.033 0.061 0.810 
 271 Q _   0.037 0.025 0.001 0.024 0.019 0.035 0.059 0.799 
 272 G _   0.039 0.028 0.001 0.024 0.020 0.036 0.058 0.792 
 273 W _   0.041 0.030 0.001 0.024 0.020 0.036 0.057 0.790 
 274 N _   0.042 0.031 0.001 0.022 0.020 0.036 0.057 0.791 
 275 I _   0.042 0.031 0.001 0.021 0.019 0.035 0.057 0.794 
 276 T _   0.042 0.031 0.001 0.019 0.017 0.034 0.057 0.799 
 277 V _   0.041 0.030 0.001 0.017 0.016 0.033 0.057 0.805 
 278 D _   0.040 0.030 0.001 0.016 0.015 0.031 0.057 0.809 
 279 L _   0.038 0.030 0.001 0.016 0.014 0.030 0.058 0.813 
 280 V _   0.036 0.030 0.001 0.017 0.013 0.028 0.058 0.816 
 281 I _   0.034 0.030 0.001 0.018 0.012 0.027 0.059 0.820 
 282 G _   0.031 0.030 0.001 0.019 0.012 0.025 0.059 0.823 
 283 P _   0.029 0.029 0.001 0.020 0.011 0.023 0.060 0.827 
 284 K _   0.026 0.028 0.001 0.021 0.010 0.021 0.061 0.832 
 285 G _   0.023 0.027 0.001 0.020 0.009 0.019 0.062 0.840 
 286 I _   0.020 0.024 0.001 0.019 0.008 0.017 0.063 0.850 
 287 R _   0.017 0.020 0.001 0.016 0.006 0.014 0.064 0.862 
 288 Q _   0.014 0.016 0.001 0.013 0.005 0.012 0.064 0.875 
 289 L _   0.011 0.012 0.000 0.010 0.004 0.010 0.065 0.887 
 290 T _   0.009 0.009 0.000 0.007 0.003 0.009 0.065 0.897 
 291 S _   0.008 0.007 0.000 0.005 0.002 0.008 0.066 0.905 
 292 Q _   0.007 0.005 0.000 0.004 0.002 0.007 0.065 0.909 
 293 D _   0.006 0.005 0.000 0.004 0.002 0.007 0.065 0.911 
 294 A _   0.007 0.005 0.000 0.004 0.002 0.008 0.064 0.910 
 295 K _   0.007 0.006 0.000 0.005 0.003 0.009 0.063 0.906 
 296 P _   0.008 0.009 0.000 0.007 0.004 0.011 0.062 0.899 
 297 T _   0.010 0.013 0.001 0.011 0.005 0.013 0.060 0.888 
 298 C _   0.011 0.018 0.001 0.015 0.006 0.015 0.058 0.876 
 299 L _   0.012 0.024 0.001 0.019 0.008 0.017 0.057 0.863 
 300 A _   0.012 0.028 0.001 0.023 0.009 0.018 0.055 0.853 
 301 E _   0.013 0.032 0.001 0.025 0.010 0.019 0.054 0.848 
 302 F _   0.013 0.033 0.001 0.025 0.010 0.019 0.052 0.847 
 303 K _   0.013 0.034 0.001 0.023 0.010 0.018 0.051 0.849 
 304 Q _   0.013 0.033 0.001 0.021 0.009 0.018 0.051 0.854 
 305 I _   0.013 0.032 0.001 0.018 0.008 0.017 0.050 0.860 
 306 R _   0.013 0.030 0.001 0.016 0.008 0.017 0.050 0.866 
 307 S _   0.014 0.028 0.001 0.013 0.007 0.016 0.049 0.872 
 308 I _   0.014 0.026 0.001 0.012 0.006 0.016 0.049 0.876 
 309 R _   0.014 0.025 0.001 0.010 0.006 0.015 0.049 0.880 
 310 C _   0.014 0.024 0.001 0.009 0.005 0.015 0.049 0.883 
 311 L _   0.014 0.024 0.001 0.009 0.005 0.015 0.048 0.884 
 312 P _   0.014 0.024 0.001 0.008 0.005 0.015 0.048 0.884 
 313 L _   0.015 0.025 0.001 0.008 0.005 0.016 0.047 0.883 
 314 E _   0.015 0.027 0.001 0.008 0.006 0.017 0.046 0.881 
 315 E _   0.016 0.030 0.001 0.009 0.006 0.017 0.046 0.876 
 316 G _   0.017 0.034 0.001 0.010 0.007 0.019 0.045 0.869 
 317 Q _   0.018 0.039 0.001 0.012 0.008 0.020 0.044 0.859 
 318 A _   0.019 0.047 0.001 0.014 0.009 0.021 0.043 0.847 
 319 V _   0.019 0.055 0.001 0.017 0.010 0.022 0.042 0.834 
 320 L _   0.020 0.062 0.001 0.019 0.011 0.022 0.041 0.823 
 321 Q _   0.020 0.069 0.001 0.022 0.012 0.023 0.040 0.813 
 322 L _   0.019 0.074 0.001 0.023 0.012 0.023 0.040 0.807 
 323 G _   0.019 0.078 0.001 0.024 0.012 0.022 0.039 0.805 
 324 I _   0.019 0.079 0.001 0.023 0.012 0.022 0.039 0.805 
 325 E _   0.018 0.079 0.001 0.022 0.011 0.021 0.039 0.808 
 326 G _   0.018 0.078 0.001 0.020 0.010 0.020 0.039 0.814 
 327 A _   0.017 0.076 0.001 0.017 0.009 0.019 0.039 0.822 
 328 P _   0.016 0.072 0.001 0.015 0.008 0.018 0.040 0.830 
 329 Q _   0.015 0.069 0.001 0.013 0.007 0.017 0.040 0.837 
 330 A _   0.015 0.067 0.001 0.012 0.006 0.016 0.040 0.843 
 331 L _   0.014 0.065 0.001 0.011 0.006 0.016 0.040 0.848 
 332 S _   0.013 0.063 0.001 0.010 0.006 0.016 0.041 0.850 
 333 I _   0.013 0.063 0.001 0.011 0.006 0.015 0.041 0.850 
 334 K _   0.013 0.064 0.001 0.012 0.006 0.016 0.041 0.849 
 335 T _   0.012 0.065 0.001 0.013 0.006 0.016 0.041 0.846 
 336 S _   0.012 0.067 0.001 0.014 0.007 0.016 0.041 0.842 
 337 S _   0.012 0.068 0.001 0.016 0.007 0.016 0.042 0.838 
 338 L _   0.013 0.069 0.001 0.017 0.008 0.016 0.042 0.836 
 339 A _   0.013 0.070 0.001 0.017 0.008 0.016 0.042 0.834 
 340 E _   0.013 0.070 0.001 0.017 0.008 0.015 0.043 0.834 
 341 A _   0.013 0.068 0.001 0.017 0.007 0.015 0.044 0.835 
 342 E _   0.013 0.067 0.001 0.016 0.007 0.015 0.044 0.837 
 343 N _   0.013 0.064 0.001 0.015 0.007 0.014 0.046 0.840 
 344 M _   0.013 0.062 0.001 0.014 0.006 0.014 0.047 0.843 
 345 A _   0.013 0.060 0.001 0.014 0.006 0.014 0.048 0.845 
 346 D _   0.013 0.058 0.001 0.013 0.006 0.014 0.049 0.846 
 347 L _   0.013 0.056 0.001 0.013 0.006 0.014 0.051 0.847 
 348 I _   0.013 0.054 0.001 0.014 0.006 0.013 0.052 0.847 
 349 D _   0.013 0.052 0.001 0.014 0.006 0.013 0.054 0.848 
 350 G _   0.013 0.050 0.001 0.014 0.006 0.013 0.055 0.849 
 351 Y _   0.012 0.048 0.001 0.013 0.005 0.012 0.057 0.851 
 352 C _   0.012 0.046 0.001 0.013 0.005 0.012 0.058 0.854 
 353 R _   0.011 0.043 0.001 0.011 0.005 0.011 0.060 0.858 
 354 L _   0.010 0.041 0.000 0.010 0.004 0.011 0.061 0.862 
 355 Q _   0.010 0.040 0.000 0.010 0.004 0.011 0.062 0.864 
 356 G _   0.009 0.039 0.000 0.010 0.004 0.011 0.063 0.864 
 357 E _   0.009 0.039 0.000 0.010 0.004 0.011 0.065 0.862 
 358 H _   0.009 0.040 0.001 0.012 0.004 0.011 0.066 0.857 
 359 Q _   0.010 0.041 0.001 0.015 0.005 0.012 0.067 0.850 
 360 G _   0.010 0.043 0.001 0.018 0.006 0.012 0.068 0.843 
 361 S _   0.010 0.044 0.001 0.021 0.006 0.012 0.070 0.836 
 362 L _   0.010 0.045 0.001 0.023 0.006 0.012 0.071 0.832 
 363 I _   0.010 0.044 0.001 0.024 0.006 0.011 0.073 0.831 
 364 I _   0.009 0.042 0.001 0.022 0.005 0.011 0.075 0.835 
 365 H _   0.009 0.038 0.001 0.019 0.005 0.009 0.078 0.843 
 366 P _   0.008 0.033 0.000 0.015 0.004 0.008 0.080 0.853 
 367 R _   0.007 0.027 0.000 0.011 0.003 0.007 0.081 0.864 
 368 K _   0.006 0.022 0.000 0.007 0.002 0.006 0.083 0.873 
 369 D _   0.005 0.019 0.000 0.005 0.002 0.005 0.084 0.879 
 370 G _   0.005 0.018 0.000 0.004 0.001 0.005 0.084 0.883 
 371 E _   0.004 0.018 0.000 0.003 0.001 0.005 0.084 0.884 
 372 K _   0.005 0.020 0.000 0.004 0.001 0.006 0.083 0.881 
 373 R _   0.005 0.024 0.000 0.005 0.002 0.007 0.082 0.874 
 374 N _   0.006 0.034 0.000 0.008 0.003 0.009 0.079 0.860 
 375 S _   0.007 0.054 0.001 0.012 0.004 0.011 0.076 0.835 
 376 L _   0.007 0.086 0.001 0.019 0.006 0.013 0.072 0.796 
 377 P _   0.007 0.127 0.001 0.026 0.008 0.015 0.068 0.747 
 378 Q _   0.007 0.170 0.001 0.034 0.010 0.016 0.063 0.699 
 379 I _   0.007 0.204 0.001 0.040 0.010 0.017 0.060 0.662 
 380 P _   0.007 0.226 0.001 0.044 0.011 0.017 0.057 0.637 
 381 M _   0.007 0.240 0.001 0.045 0.011 0.016 0.055 0.625 
 382 L _   0.007 0.246 0.001 0.044 0.010 0.016 0.054 0.622 
 383 N _   0.007 0.246 0.001 0.041 0.010 0.015 0.054 0.626 
 384 L _   0.007 0.242 0.001 0.036 0.009 0.014 0.054 0.638 
 385 E _   0.007 0.234 0.001 0.030 0.008 0.013 0.054 0.655 
 386 A _   0.007 0.221 0.001 0.024 0.006 0.012 0.054 0.675 
 387 R _   0.007 0.208 0.001 0.019 0.005 0.011 0.054 0.696 
 388 R _   0.006 0.195 0.001 0.015 0.005 0.011 0.055 0.713 
 389 S _   0.006 0.184 0.001 0.012 0.004 0.010 0.055 0.727 
 390 H _   0.006 0.177 0.000 0.011 0.004 0.010 0.056 0.736 
 391 L _   0.006 0.172 0.000 0.011 0.004 0.010 0.056 0.742 
 392 S _   0.006 0.169 0.000 0.011 0.004 0.010 0.055 0.744 
 393 E _   0.006 0.168 0.000 0.013 0.004 0.010 0.055 0.743 
 394 S _   0.006 0.167 0.001 0.015 0.004 0.010 0.055 0.741 
 395 C _   0.006 0.167 0.001 0.017 0.005 0.011 0.055 0.739 
 396 S _   0.007 0.167 0.001 0.019 0.005 0.011 0.054 0.737 
 397 I _   0.007 0.165 0.001 0.021 0.006 0.011 0.054 0.735 
 398 E _   0.007 0.163 0.001 0.023 0.006 0.011 0.054 0.735 
 399 S _   0.007 0.159 0.001 0.024 0.006 0.011 0.055 0.737 
 400 D _   0.007 0.152 0.001 0.024 0.006 0.011 0.056 0.743 
 401 I _   0.008 0.143 0.001 0.024 0.006 0.011 0.057 0.751 
 402 Y _   0.008 0.130 0.001 0.023 0.006 0.011 0.058 0.764 
 403 A _   0.008 0.115 0.001 0.021 0.006 0.010 0.060 0.780 
 404 E _   0.007 0.097 0.001 0.018 0.005 0.009 0.062 0.800 
 405 I _   0.007 0.080 0.001 0.016 0.004 0.009 0.064 0.820 
 406 P _   0.007 0.063 0.001 0.013 0.004 0.008 0.065 0.839 
 407 D _   0.006 0.049 0.000 0.010 0.003 0.008 0.067 0.856 
 408 E _   0.006 0.038 0.000 0.009 0.003 0.007 0.068 0.869 
 409 T _   0.006 0.030 0.000 0.007 0.002 0.007 0.069 0.879 
 410 L _   0.005 0.025 0.000 0.006 0.002 0.007 0.069 0.886 
 411 R _   0.005 0.022 0.000 0.006 0.002 0.007 0.069 0.890 
 412 R _   0.005 0.020 0.000 0.005 0.002 0.007 0.069 0.892 
 413 P _   0.004 0.020 0.000 0.006 0.002 0.008 0.068 0.892 
 414 G _   0.005 0.020 0.000 0.006 0.002 0.009 0.067 0.891 
 415 G _   0.005 0.021 0.000 0.007 0.003 0.011 0.066 0.887 
 416 P _   0.006 0.023 0.000 0.009 0.003 0.013 0.064 0.881 
 417 Q _   0.007 0.026 0.001 0.010 0.004 0.016 0.062 0.873 
 418 Y _   0.009 0.030 0.001 0.013 0.006 0.020 0.060 0.861 
 419 G _   0.011 0.035 0.001 0.015 0.008 0.024 0.058 0.847 
 420 I _   0.014 0.040 0.001 0.017 0.010 0.030 0.056 0.831 
 421 A _   0.019 0.045 0.001 0.019 0.013 0.035 0.054 0.814 
 422 R _   0.024 0.051 0.001 0.021 0.016 0.041 0.052 0.795 
 423 E _   0.030 0.056 0.001 0.022 0.020 0.047 0.050 0.775 
 424 D _   0.037 0.060 0.002 0.023 0.024 0.052 0.048 0.753 
 425 V _   0.046 0.065 0.002 0.023 0.028 0.057 0.047 0.733 
 426 V _   0.055 0.069 0.002 0.024 0.032 0.062 0.045 0.712 
 427 L _   0.063 0.072 0.002 0.025 0.036 0.065 0.044 0.693 
 428 N _   0.072 0.075 0.002 0.025 0.039 0.068 0.043 0.677 
 429 R _   0.079 0.077 0.002 0.025 0.041 0.069 0.043 0.665 
 430 I _   0.084 0.078 0.002 0.024 0.041 0.068 0.042 0.659 
 431 L _   0.087 0.078 0.002 0.024 0.041 0.067 0.042 0.658 
 432 G _   0.088 0.078 0.002 0.024 0.040 0.065 0.042 0.661 
 433 E _   0.087 0.077 0.002 0.023 0.038 0.063 0.043 0.667 
 434 G _   0.085 0.076 0.002 0.023 0.036 0.059 0.044 0.676 
 435 F _   0.081 0.074 0.002 0.024 0.033 0.055 0.045 0.687 
 436 F _   0.074 0.072 0.002 0.025 0.030 0.051 0.046 0.700 
 437 G _   0.067 0.070 0.002 0.026 0.027 0.046 0.047 0.714 
 438 E _   0.059 0.067 0.002 0.028 0.024 0.042 0.049 0.730 
 439 V _   0.051 0.063 0.002 0.028 0.020 0.036 0.051 0.750 
 440 Y _   0.043 0.057 0.001 0.027 0.016 0.031 0.053 0.772 
 441 E _   0.035 0.049 0.001 0.024 0.013 0.026 0.055 0.796 
 442 G _   0.029 0.040 0.001 0.019 0.010 0.022 0.057 0.822 
 443 V _   0.023 0.031 0.001 0.015 0.007 0.018 0.059 0.847 
 444 Y _   0.018 0.022 0.001 0.010 0.005 0.014 0.060 0.869 
 445 T _   0.014 0.016 0.000 0.007 0.004 0.012 0.062 0.885 
 446 N _   0.011 0.013 0.000 0.005 0.003 0.010 0.062 0.895 
 447 H _   0.009 0.012 0.000 0.004 0.002 0.010 0.062 0.900 
 448 K _   0.009 0.012 0.000 0.004 0.002 0.010 0.062 0.901 
 449 G _   0.009 0.013 0.000 0.006 0.003 0.011 0.062 0.896 
 450 E _   0.009 0.017 0.000 0.009 0.004 0.012 0.061 0.887 
 451 K _   0.010 0.026 0.001 0.014 0.006 0.014 0.061 0.870 
 452 I _   0.010 0.038 0.001 0.022 0.008 0.016 0.059 0.846 
 453 N _   0.011 0.051 0.001 0.031 0.010 0.017 0.058 0.821 
 454 V _   0.011 0.062 0.001 0.039 0.011 0.018 0.057 0.802 
 455 A _   0.011 0.068 0.001 0.044 0.011 0.018 0.057 0.790 
 456 V _   0.011 0.071 0.001 0.046 0.011 0.017 0.057 0.786 
 457 K _   0.010 0.071 0.001 0.044 0.011 0.016 0.057 0.790 
 458 T _   0.010 0.067 0.001 0.039 0.009 0.014 0.058 0.802 
 459 C _   0.009 0.059 0.001 0.032 0.007 0.013 0.059 0.820 
 460 K _   0.008 0.049 0.001 0.024 0.006 0.011 0.061 0.841 
 461 K _   0.007 0.038 0.001 0.017 0.004 0.009 0.062 0.862 
 462 D _   0.006 0.028 0.000 0.011 0.003 0.008 0.063 0.880 
 463 C _   0.006 0.020 0.000 0.007 0.002 0.007 0.064 0.893 
 464 T _   0.005 0.016 0.000 0.005 0.002 0.006 0.064 0.901 
 465 L _   0.005 0.014 0.000 0.004 0.002 0.006 0.064 0.905 
 466 D _   0.005 0.014 0.000 0.004 0.002 0.007 0.063 0.905 
 467 N _   0.006 0.015 0.000 0.005 0.002 0.009 0.062 0.902 
 468 K _   0.007 0.018 0.000 0.007 0.003 0.011 0.061 0.893 
 469 E _   0.008 0.026 0.001 0.012 0.005 0.014 0.059 0.876 
 470 K _   0.010 0.038 0.001 0.020 0.008 0.017 0.056 0.851 
 471 F _   0.011 0.054 0.001 0.030 0.011 0.021 0.053 0.819 
 472 M _   0.012 0.069 0.001 0.042 0.014 0.023 0.050 0.788 
 473 S _   0.013 0.079 0.001 0.052 0.016 0.025 0.048 0.765 
 474 E _   0.014 0.084 0.001 0.058 0.017 0.025 0.047 0.754 
 475 A _   0.014 0.085 0.001 0.058 0.017 0.024 0.046 0.754 
 476 V _   0.014 0.082 0.001 0.053 0.016 0.023 0.045 0.765 
 477 I _   0.015 0.074 0.001 0.044 0.014 0.021 0.045 0.786 
 478 M _   0.014 0.060 0.001 0.033 0.011 0.019 0.045 0.816 
 479 K _   0.014 0.042 0.001 0.022 0.009 0.018 0.045 0.849 
 480 N _   0.014 0.025 0.001 0.014 0.006 0.016 0.046 0.878 
 481 L _   0.013 0.013 0.001 0.008 0.005 0.016 0.046 0.899 
 482 D _   0.014 0.007 0.000 0.005 0.004 0.015 0.046 0.909 
 483 H _   0.015 0.004 0.000 0.004 0.004 0.016 0.045 0.912 
 484 P _   0.017 0.004 0.000 0.004 0.004 0.017 0.045 0.909 
 485 H _   0.020 0.004 0.001 0.005 0.005 0.020 0.044 0.902 
 486 I _   0.024 0.005 0.001 0.007 0.007 0.023 0.043 0.891 
 487 V _   0.028 0.007 0.001 0.011 0.009 0.026 0.042 0.876 
 488 K _   0.031 0.009 0.001 0.015 0.012 0.029 0.041 0.862 
 489 L _   0.033 0.012 0.001 0.018 0.015 0.032 0.040 0.849 
 490 I _   0.036 0.014 0.001 0.021 0.017 0.034 0.039 0.839 
 491 G _   0.038 0.015 0.001 0.021 0.018 0.035 0.038 0.833 
 492 I _   0.039 0.016 0.001 0.021 0.018 0.036 0.037 0.832 
 493 I _   0.041 0.016 0.001 0.019 0.018 0.036 0.036 0.833 
 494 E _   0.041 0.016 0.001 0.017 0.017 0.036 0.036 0.836 
 495 E _   0.042 0.015 0.001 0.015 0.017 0.035 0.035 0.840 
 496 E _   0.041 0.015 0.001 0.014 0.016 0.035 0.035 0.843 
 497 P _   0.041 0.015 0.001 0.014 0.015 0.034 0.035 0.846 
 498 T _   0.039 0.015 0.001 0.014 0.014 0.032 0.035 0.849 
 499 W _   0.038 0.016 0.001 0.015 0.014 0.031 0.034 0.851 
 500 I _   0.036 0.017 0.001 0.016 0.013 0.029 0.034 0.853 
 501 I _   0.034 0.017 0.001 0.017 0.013 0.028 0.034 0.856 
 502 M _   0.031 0.018 0.001 0.018 0.012 0.026 0.034 0.861 
 503 E _   0.028 0.017 0.001 0.018 0.011 0.024 0.034 0.867 
 504 L _   0.025 0.017 0.001 0.017 0.010 0.022 0.034 0.875 
 505 Y _   0.022 0.016 0.001 0.016 0.009 0.020 0.034 0.883 
 506 P _   0.019 0.015 0.001 0.016 0.008 0.018 0.034 0.890 
 507 Y _   0.017 0.013 0.001 0.015 0.007 0.016 0.034 0.897 
 508 G _   0.016 0.012 0.001 0.014 0.006 0.015 0.034 0.903 
 509 E _   0.015 0.010 0.001 0.014 0.006 0.013 0.033 0.908 
 510 L _   0.014 0.009 0.001 0.013 0.005 0.012 0.033 0.914 
 511 G _   0.013 0.007 0.001 0.011 0.004 0.010 0.033 0.921 
 512 H _   0.013 0.005 0.000 0.009 0.004 0.009 0.033 0.928 
 513 Y _   0.013 0.003 0.000 0.007 0.003 0.008 0.032 0.934 
 514 L _   0.015 0.002 0.000 0.005 0.002 0.007 0.031 0.938 
 515 E _   0.020 0.001 0.000 0.003 0.002 0.006 0.030 0.938 
 516 R _   0.028 0.000 0.000 0.002 0.002 0.006 0.028 0.932 
 517 N _   0.046 0.000 0.000 0.002 0.002 0.007 0.026 0.916 
 518 K _   0.082 0.000 0.000 0.001 0.003 0.009 0.024 0.880 
 519 N _   0.146 0.000 0.001 0.001 0.005 0.012 0.021 0.815 
 520 S _   0.248 0.000 0.001 0.001 0.007 0.016 0.017 0.709 
 521 L _   0.375 0.000 0.001 0.002 0.012 0.021 0.013 0.577 
 522 K H   0.507 0.000 0.001 0.002 0.017 0.024 0.009 0.439 
 523 V H   0.618 0.000 0.002 0.002 0.023 0.026 0.007 0.323 
 524 L H   0.699 0.000 0.002 0.002 0.027 0.026 0.005 0.239 
 525 T H   0.754 0.000 0.002 0.002 0.029 0.025 0.004 0.185 
 526 L H   0.790 0.000 0.002 0.002 0.029 0.023 0.003 0.150 
 527 V H   0.811 0.000 0.001 0.002 0.029 0.021 0.003 0.132 
 528 L H   0.820 0.000 0.001 0.002 0.028 0.019 0.003 0.126 
 529 Y H   0.819 0.000 0.001 0.001 0.027 0.018 0.002 0.131 
 530 S H   0.807 0.000 0.001 0.001 0.025 0.017 0.003 0.145 
 531 L H   0.785 0.000 0.001 0.001 0.024 0.016 0.003 0.170 
 532 Q H   0.752 0.000 0.001 0.001 0.022 0.016 0.003 0.205 
 533 I H   0.708 0.000 0.001 0.001 0.020 0.016 0.004 0.250 
 534 C H   0.653 0.000 0.001 0.002 0.018 0.016 0.005 0.305 
 535 K H   0.589 0.000 0.001 0.002 0.017 0.017 0.006 0.368 
 536 A H   0.523 0.000 0.001 0.002 0.015 0.017 0.007 0.433 
 537 M _   0.453 0.000 0.001 0.003 0.014 0.018 0.009 0.501 
 538 A _   0.382 0.000 0.001 0.004 0.013 0.018 0.011 0.571 
 539 Y _   0.315 0.000 0.001 0.004 0.011 0.018 0.013 0.637 
 540 L _   0.254 0.000 0.001 0.004 0.010 0.018 0.015 0.698 
 541 E _   0.203 0.000 0.001 0.004 0.009 0.018 0.016 0.749 
 542 S _   0.162 0.000 0.001 0.004 0.007 0.018 0.018 0.790 
 543 I _   0.131 0.000 0.001 0.004 0.006 0.018 0.019 0.821 
 544 N _   0.107 0.000 0.001 0.004 0.006 0.018 0.020 0.844 
 545 C _   0.090 0.000 0.001 0.004 0.006 0.019 0.021 0.860 
 546 V _   0.079 0.000 0.001 0.004 0.006 0.020 0.022 0.868 
 547 H _   0.072 0.000 0.001 0.005 0.007 0.021 0.022 0.872 
 548 R _   0.068 0.001 0.001 0.005 0.008 0.023 0.023 0.872 
 549 D _   0.066 0.001 0.001 0.006 0.009 0.025 0.023 0.869 
 550 I _   0.065 0.001 0.001 0.007 0.010 0.028 0.024 0.864 
 551 A _   0.065 0.002 0.001 0.009 0.012 0.030 0.024 0.857 
 552 V _   0.066 0.003 0.001 0.010 0.014 0.032 0.025 0.849 
 553 R _   0.065 0.005 0.001 0.012 0.016 0.033 0.025 0.842 
 554 N _   0.065 0.006 0.001 0.014 0.017 0.034 0.026 0.836 
 555 I _   0.064 0.008 0.001 0.016 0.018 0.035 0.027 0.832 
 556 L _   0.062 0.009 0.001 0.017 0.018 0.034 0.028 0.831 
 557 V _   0.058 0.011 0.001 0.018 0.018 0.033 0.028 0.833 
 558 A _   0.053 0.011 0.001 0.018 0.016 0.031 0.029 0.839 
 559 S _   0.047 0.012 0.001 0.017 0.015 0.029 0.030 0.848 
 560 P _   0.042 0.012 0.001 0.016 0.013 0.027 0.031 0.858 
 561 E _   0.037 0.012 0.001 0.015 0.011 0.025 0.032 0.867 
 562 C _   0.032 0.011 0.001 0.013 0.009 0.023 0.033 0.877 
 563 V _   0.028 0.011 0.001 0.013 0.008 0.021 0.034 0.885 
 564 K _   0.024 0.011 0.001 0.012 0.007 0.019 0.035 0.891 
 565 L _   0.021 0.011 0.001 0.013 0.007 0.017 0.036 0.895 
 566 G _   0.019 0.011 0.001 0.013 0.006 0.016 0.036 0.897 
 567 D _   0.016 0.012 0.001 0.014 0.006 0.015 0.037 0.899 
 568 F _   0.015 0.012 0.001 0.015 0.006 0.014 0.037 0.900 
 569 G _   0.013 0.012 0.001 0.016 0.006 0.013 0.038 0.902 
 570 L _   0.012 0.011 0.001 0.015 0.005 0.012 0.038 0.906 
 571 S _   0.010 0.010 0.001 0.014 0.005 0.010 0.039 0.911 
 572 R _   0.009 0.009 0.000 0.012 0.004 0.009 0.039 0.917 
 573 Y _   0.008 0.007 0.000 0.010 0.003 0.008 0.040 0.924 
 574 I _   0.007 0.006 0.000 0.008 0.003 0.007 0.040 0.930 
 575 E _   0.006 0.005 0.000 0.006 0.002 0.006 0.039 0.935 
 576 D _   0.006 0.004 0.000 0.005 0.002 0.006 0.039 0.938 
 577 E _   0.005 0.004 0.000 0.004 0.002 0.006 0.039 0.939 
 578 D _   0.005 0.005 0.000 0.004 0.002 0.007 0.038 0.939 
 579 Y _   0.006 0.006 0.000 0.005 0.002 0.008 0.037 0.936 
 580 Y _   0.007 0.008 0.000 0.008 0.003 0.009 0.035 0.929 
 581 K _   0.007 0.013 0.000 0.011 0.004 0.011 0.034 0.919 
 582 A _   0.008 0.019 0.001 0.016 0.006 0.013 0.032 0.905 
 583 S _   0.009 0.026 0.001 0.022 0.007 0.015 0.030 0.890 
 584 V _   0.009 0.032 0.001 0.027 0.009 0.017 0.028 0.876 
 585 T _   0.010 0.037 0.001 0.032 0.010 0.018 0.027 0.866 
 586 R _   0.010 0.040 0.001 0.034 0.011 0.018 0.025 0.861 
 587 L _   0.010 0.041 0.001 0.035 0.011 0.018 0.024 0.861 
 588 P _   0.010 0.039 0.001 0.032 0.010 0.017 0.023 0.866 
 589 I _   0.011 0.037 0.001 0.029 0.010 0.017 0.023 0.874 
 590 K _   0.011 0.032 0.001 0.024 0.008 0.016 0.022 0.886 
 591 W _   0.011 0.026 0.001 0.019 0.007 0.015 0.022 0.899 
 592 M _   0.012 0.020 0.001 0.015 0.006 0.014 0.021 0.911 
 593 S _   0.014 0.014 0.001 0.012 0.006 0.014 0.021 0.920 
 594 P _   0.016 0.009 0.001 0.009 0.005 0.014 0.020 0.926 
 595 E _   0.021 0.006 0.001 0.008 0.005 0.014 0.019 0.927 
 596 S _   0.028 0.004 0.001 0.007 0.005 0.014 0.019 0.923 
 597 I _   0.039 0.002 0.001 0.006 0.005 0.015 0.018 0.914 
 598 N _   0.056 0.001 0.001 0.006 0.006 0.015 0.017 0.899 
 599 F _   0.079 0.001 0.001 0.005 0.006 0.015 0.015 0.878 
 600 R _   0.110 0.000 0.001 0.004 0.007 0.015 0.014 0.849 
 601 R _   0.151 0.000 0.001 0.003 0.007 0.015 0.012 0.810 
 602 F _   0.204 0.000 0.001 0.002 0.008 0.015 0.011 0.759 
 603 T _   0.271 0.000 0.001 0.002 0.008 0.015 0.009 0.695 
 604 T _   0.349 0.000 0.001 0.001 0.008 0.014 0.007 0.619 
 605 A _   0.443 0.000 0.001 0.001 0.009 0.013 0.006 0.527 
 606 S H   0.548 0.000 0.001 0.001 0.010 0.013 0.004 0.423 
 607 D H   0.652 0.000 0.001 0.001 0.012 0.012 0.003 0.319 
 608 V H   0.744 0.000 0.001 0.001 0.013 0.011 0.002 0.228 
 609 W H   0.816 0.000 0.001 0.001 0.013 0.009 0.002 0.158 
 610 M H   0.861 0.000 0.001 0.001 0.014 0.008 0.002 0.114 
 611 F H   0.888 0.000 0.001 0.000 0.014 0.007 0.002 0.087 
 612 A H   0.901 0.000 0.001 0.000 0.014 0.007 0.002 0.075 
 613 V H   0.903 0.000 0.001 0.001 0.015 0.006 0.002 0.073 
 614 C H   0.894 0.000 0.001 0.001 0.015 0.006 0.002 0.081 
 615 M H   0.874 0.000 0.001 0.001 0.016 0.007 0.003 0.099 
 616 W H   0.838 0.000 0.001 0.001 0.016 0.007 0.005 0.132 
 617 E H   0.786 0.000 0.001 0.001 0.016 0.008 0.007 0.181 
 618 I H   0.714 0.000 0.001 0.001 0.015 0.009 0.010 0.250 
 619 L H   0.622 0.000 0.001 0.001 0.013 0.010 0.015 0.337 
 620 S H   0.521 0.000 0.001 0.002 0.012 0.011 0.021 0.432 
 621 F _   0.421 0.000 0.001 0.002 0.010 0.011 0.028 0.526 
 622 G _   0.329 0.000 0.001 0.003 0.009 0.012 0.037 0.609 
 623 K _   0.250 0.000 0.001 0.003 0.008 0.012 0.045 0.681 
 624 Q _   0.183 0.000 0.001 0.004 0.007 0.012 0.053 0.740 
 625 P _   0.131 0.000 0.001 0.005 0.006 0.012 0.060 0.786 
 626 F _   0.092 0.000 0.001 0.005 0.005 0.011 0.066 0.820 
 627 F _   0.064 0.001 0.001 0.005 0.004 0.011 0.071 0.843 
 628 W _   0.045 0.001 0.001 0.005 0.004 0.011 0.076 0.858 
 629 L _   0.033 0.001 0.000 0.006 0.004 0.010 0.079 0.867 
 630 E _   0.024 0.002 0.000 0.006 0.004 0.011 0.083 0.870 
 631 N _   0.019 0.003 0.000 0.008 0.004 0.011 0.085 0.869 
 632 K _   0.017 0.004 0.001 0.010 0.004 0.012 0.088 0.864 
 633 D _   0.015 0.007 0.001 0.013 0.005 0.012 0.091 0.856 
 634 V _   0.014 0.009 0.001 0.017 0.006 0.013 0.094 0.846 
 635 I _   0.014 0.012 0.001 0.022 0.007 0.013 0.097 0.836 
 636 G _   0.013 0.013 0.001 0.025 0.007 0.013 0.100 0.828 
 637 V _   0.012 0.014 0.001 0.025 0.007 0.013 0.104 0.824 
 638 L _   0.011 0.013 0.001 0.024 0.006 0.012 0.108 0.825 
 639 E _   0.010 0.012 0.001 0.021 0.005 0.010 0.112 0.829 
 640 K _   0.009 0.010 0.001 0.016 0.004 0.009 0.116 0.835 
 641 G _   0.008 0.007 0.000 0.011 0.003 0.008 0.120 0.843 
 642 D _   0.007 0.005 0.000 0.007 0.002 0.006 0.123 0.850 
 643 R _   0.006 0.003 0.000 0.005 0.002 0.005 0.125 0.854 
 644 L _   0.005 0.002 0.000 0.003 0.001 0.005 0.127 0.857 
 645 P _   0.005 0.002 0.000 0.002 0.001 0.005 0.127 0.858 
 646 K _   0.005 0.002 0.000 0.002 0.001 0.007 0.127 0.855 
 647 P _   0.007 0.004 0.000 0.003 0.002 0.009 0.126 0.849 
 648 D _   0.010 0.009 0.000 0.005 0.004 0.014 0.125 0.833 
 649 L _   0.015 0.026 0.001 0.010 0.008 0.021 0.122 0.797 
 650 C _   0.021 0.075 0.002 0.019 0.016 0.030 0.116 0.721 
 651 P _   0.025 0.175 0.003 0.034 0.026 0.037 0.109 0.591 
 652 P _   0.024 0.309 0.004 0.051 0.034 0.039 0.100 0.439 
 653 V E   0.022 0.431 0.003 0.066 0.035 0.038 0.094 0.311 
 654 L E   0.018 0.508 0.002 0.077 0.033 0.035 0.090 0.236 
 655 Y E   0.016 0.544 0.002 0.084 0.030 0.032 0.089 0.203 
 656 T E   0.015 0.558 0.002 0.087 0.028 0.029 0.089 0.192 
 657 L E   0.014 0.559 0.002 0.087 0.026 0.027 0.091 0.195 
 658 M E   0.014 0.547 0.002 0.082 0.024 0.024 0.095 0.212 
 659 T E   0.014 0.514 0.002 0.074 0.022 0.022 0.100 0.251 
 660 R E   0.014 0.446 0.003 0.062 0.020 0.020 0.109 0.326 
 661 C _   0.015 0.334 0.003 0.047 0.018 0.018 0.122 0.444 
 662 W _   0.016 0.202 0.002 0.031 0.013 0.016 0.137 0.583 
 663 D _   0.014 0.093 0.001 0.018 0.008 0.014 0.150 0.702 
