#TopoPred_TM8: 8-state transmembrane topology prediction results by no_profile mode 
#probabilities are in the order of H E C I L F X _, the 8 transmembrane topology types used in PDBTM 
   1 M X   0.114 0.000 0.003 0.010 0.019 0.033 0.416 0.404 
   2 R X   0.114 0.000 0.000 0.004 0.008 0.028 0.424 0.421 
   3 L X   0.133 0.000 0.001 0.003 0.007 0.026 0.423 0.408 
   4 L X   0.200 0.000 0.001 0.002 0.009 0.027 0.410 0.350 
   5 L X   0.283 0.000 0.001 0.002 0.014 0.028 0.389 0.283 
   6 A X   0.353 0.000 0.002 0.002 0.020 0.028 0.362 0.233 
   7 L H   0.405 0.000 0.002 0.002 0.024 0.027 0.344 0.197 
   8 L H   0.438 0.000 0.002 0.002 0.024 0.024 0.332 0.178 
   9 G H   0.450 0.000 0.002 0.003 0.024 0.022 0.323 0.177 
  10 V H   0.445 0.000 0.002 0.003 0.022 0.019 0.317 0.192 
  11 L H   0.421 0.000 0.002 0.003 0.020 0.017 0.313 0.223 
  12 L H   0.381 0.000 0.001 0.003 0.017 0.016 0.310 0.272 
  13 S _   0.330 0.000 0.001 0.003 0.014 0.014 0.309 0.330 
  14 V _   0.271 0.000 0.001 0.002 0.010 0.012 0.308 0.395 
  15 P _   0.211 0.000 0.001 0.002 0.007 0.010 0.309 0.460 
  16 G _   0.157 0.000 0.001 0.002 0.005 0.009 0.309 0.517 
  17 P _   0.113 0.000 0.000 0.002 0.004 0.008 0.310 0.563 
  18 P _   0.079 0.000 0.000 0.002 0.003 0.008 0.310 0.597 
  19 V _   0.056 0.000 0.000 0.003 0.003 0.007 0.309 0.622 
  20 L _   0.039 0.000 0.000 0.003 0.002 0.007 0.308 0.641 
  21 S _   0.027 0.000 0.000 0.003 0.002 0.007 0.306 0.654 
  22 L _   0.019 0.001 0.000 0.004 0.002 0.007 0.303 0.663 
  23 E _   0.014 0.001 0.000 0.005 0.003 0.007 0.299 0.670 
  24 A _   0.011 0.002 0.000 0.006 0.003 0.007 0.295 0.675 
  25 S _   0.009 0.003 0.000 0.007 0.003 0.008 0.291 0.678 
  26 E _   0.008 0.004 0.000 0.009 0.003 0.008 0.286 0.681 
  27 E _   0.008 0.005 0.000 0.010 0.004 0.009 0.281 0.683 
  28 V _   0.007 0.007 0.000 0.011 0.004 0.009 0.277 0.685 
  29 E _   0.007 0.008 0.000 0.012 0.004 0.009 0.272 0.687 
  30 L _   0.007 0.009 0.001 0.013 0.004 0.009 0.268 0.689 
  31 E _   0.007 0.010 0.001 0.013 0.004 0.009 0.264 0.693 
  32 P _   0.007 0.010 0.000 0.012 0.004 0.009 0.260 0.697 
  33 C _   0.007 0.011 0.000 0.011 0.004 0.009 0.257 0.701 
  34 L _   0.007 0.011 0.000 0.011 0.004 0.009 0.254 0.705 
  35 A _   0.007 0.011 0.000 0.010 0.003 0.009 0.251 0.710 
  36 P _   0.007 0.011 0.000 0.009 0.003 0.009 0.248 0.714 
  37 S _   0.007 0.011 0.000 0.008 0.003 0.009 0.244 0.718 
  38 L _   0.007 0.011 0.000 0.007 0.003 0.009 0.241 0.721 
  39 E _   0.007 0.012 0.000 0.007 0.003 0.010 0.237 0.724 
  40 Q _   0.007 0.014 0.000 0.007 0.003 0.010 0.233 0.725 
  41 Q _   0.008 0.016 0.000 0.008 0.004 0.012 0.229 0.724 
  42 E _   0.009 0.019 0.001 0.009 0.004 0.013 0.224 0.721 
  43 Q _   0.010 0.024 0.001 0.010 0.005 0.015 0.219 0.716 
  44 E _   0.011 0.031 0.001 0.012 0.007 0.016 0.214 0.708 
  45 L _   0.013 0.039 0.001 0.015 0.008 0.018 0.209 0.698 
  46 T _   0.014 0.047 0.001 0.017 0.010 0.020 0.204 0.687 
  47 V _   0.016 0.056 0.001 0.020 0.011 0.021 0.199 0.676 
  48 A _   0.017 0.064 0.001 0.022 0.012 0.022 0.195 0.667 
  49 L _   0.018 0.070 0.001 0.024 0.012 0.023 0.192 0.660 
  50 G _   0.018 0.076 0.001 0.025 0.013 0.023 0.189 0.655 
  51 Q _   0.019 0.079 0.001 0.025 0.013 0.023 0.187 0.653 
  52 P _   0.019 0.081 0.001 0.025 0.013 0.022 0.185 0.653 
  53 V _   0.019 0.082 0.001 0.025 0.012 0.021 0.184 0.656 
  54 R _   0.018 0.081 0.001 0.024 0.011 0.020 0.183 0.660 
  55 L _   0.018 0.079 0.001 0.024 0.010 0.019 0.183 0.666 
  56 C _   0.017 0.076 0.001 0.022 0.009 0.017 0.183 0.674 
  57 C _   0.016 0.072 0.001 0.021 0.008 0.016 0.184 0.683 
  58 G _   0.014 0.067 0.001 0.019 0.007 0.014 0.184 0.694 
  59 R _   0.013 0.061 0.001 0.017 0.006 0.013 0.185 0.705 
  60 A _   0.012 0.054 0.001 0.015 0.005 0.011 0.186 0.717 
  61 E _   0.011 0.047 0.001 0.012 0.004 0.010 0.187 0.728 
  62 R _   0.009 0.041 0.000 0.010 0.004 0.009 0.187 0.739 
  63 G _   0.008 0.035 0.000 0.009 0.003 0.008 0.188 0.749 
  64 G _   0.007 0.031 0.000 0.007 0.002 0.007 0.188 0.757 
  65 H _   0.007 0.028 0.000 0.006 0.002 0.006 0.187 0.763 
  66 W _   0.006 0.026 0.000 0.005 0.002 0.006 0.187 0.768 
  67 Y _   0.006 0.026 0.000 0.005 0.002 0.006 0.185 0.771 
  68 K _   0.005 0.026 0.000 0.005 0.002 0.006 0.183 0.772 
  69 E _   0.005 0.028 0.000 0.005 0.002 0.006 0.181 0.772 
  70 G _   0.005 0.031 0.000 0.006 0.002 0.007 0.178 0.771 
  71 S _   0.005 0.036 0.000 0.007 0.003 0.008 0.175 0.766 
  72 R _   0.005 0.043 0.000 0.009 0.003 0.009 0.170 0.760 
  73 L _   0.006 0.053 0.001 0.011 0.004 0.010 0.166 0.750 
  74 A _   0.006 0.067 0.001 0.013 0.005 0.011 0.161 0.737 
  75 P _   0.006 0.082 0.001 0.015 0.005 0.013 0.155 0.722 
  76 A _   0.007 0.100 0.001 0.017 0.006 0.014 0.150 0.705 
  77 G _   0.007 0.118 0.001 0.019 0.007 0.015 0.145 0.687 
  78 R _   0.008 0.136 0.001 0.021 0.008 0.017 0.140 0.669 
  79 V _   0.008 0.154 0.001 0.024 0.009 0.018 0.135 0.650 
  80 R _   0.009 0.170 0.001 0.027 0.011 0.020 0.131 0.632 
  81 G _   0.009 0.185 0.001 0.030 0.012 0.021 0.127 0.615 
  82 W _   0.010 0.197 0.001 0.033 0.013 0.022 0.124 0.600 
  83 R _   0.010 0.207 0.001 0.036 0.014 0.023 0.121 0.587 
  84 G _   0.011 0.213 0.001 0.040 0.015 0.023 0.119 0.578 
  85 R _   0.011 0.216 0.001 0.042 0.015 0.023 0.118 0.573 
  86 L _   0.012 0.215 0.001 0.043 0.015 0.023 0.117 0.574 
  87 E _   0.012 0.210 0.001 0.042 0.015 0.022 0.118 0.581 
  88 I _   0.012 0.199 0.001 0.040 0.014 0.021 0.118 0.595 
  89 A _   0.012 0.181 0.001 0.036 0.013 0.020 0.120 0.617 
  90 S _   0.012 0.154 0.001 0.031 0.011 0.019 0.122 0.649 
  91 F _   0.013 0.120 0.001 0.025 0.010 0.018 0.125 0.688 
  92 L _   0.013 0.083 0.001 0.019 0.008 0.018 0.128 0.730 
  93 P _   0.014 0.050 0.001 0.013 0.007 0.018 0.131 0.766 
  94 E _   0.015 0.028 0.001 0.009 0.005 0.019 0.134 0.790 
  95 D _   0.017 0.014 0.001 0.006 0.005 0.020 0.136 0.802 
  96 A _   0.020 0.008 0.000 0.005 0.004 0.021 0.137 0.804 
  97 G _   0.026 0.004 0.000 0.004 0.004 0.024 0.138 0.798 
  98 R _   0.035 0.003 0.001 0.004 0.006 0.028 0.138 0.784 
  99 Y _   0.048 0.003 0.001 0.005 0.008 0.034 0.139 0.764 
 100 L _   0.063 0.003 0.001 0.006 0.011 0.041 0.139 0.736 
 101 C _   0.081 0.004 0.001 0.007 0.016 0.048 0.139 0.704 
 102 L _   0.101 0.006 0.001 0.009 0.022 0.056 0.140 0.665 
 103 A _   0.122 0.008 0.002 0.011 0.029 0.063 0.140 0.625 
 104 R _   0.143 0.012 0.002 0.012 0.036 0.068 0.142 0.585 
 105 G _   0.160 0.017 0.002 0.014 0.043 0.072 0.144 0.548 
 106 S _   0.174 0.022 0.002 0.016 0.049 0.075 0.146 0.516 
 107 M _   0.184 0.028 0.002 0.017 0.053 0.076 0.150 0.489 
 108 I _   0.189 0.034 0.003 0.019 0.056 0.075 0.155 0.469 
 109 V _   0.190 0.041 0.003 0.022 0.057 0.074 0.161 0.454 
 110 L _   0.184 0.046 0.003 0.025 0.056 0.071 0.168 0.447 
 111 Q _   0.175 0.051 0.003 0.028 0.054 0.067 0.177 0.445 
 112 N _   0.161 0.055 0.003 0.032 0.050 0.062 0.187 0.450 
 113 L _   0.144 0.057 0.003 0.035 0.044 0.056 0.200 0.462 
 114 T _   0.123 0.057 0.002 0.037 0.037 0.049 0.214 0.480 
 115 L _   0.101 0.055 0.002 0.038 0.030 0.042 0.230 0.502 
 116 I _   0.079 0.051 0.002 0.036 0.023 0.036 0.247 0.526 
 117 T _   0.060 0.046 0.001 0.032 0.016 0.029 0.264 0.550 
 118 G _   0.044 0.039 0.001 0.027 0.012 0.023 0.282 0.572 
 119 D _   0.032 0.031 0.001 0.021 0.008 0.018 0.298 0.592 
 120 S _   0.023 0.023 0.001 0.016 0.005 0.014 0.312 0.607 
 121 L _   0.016 0.016 0.000 0.011 0.003 0.011 0.324 0.618 
 122 T _   0.012 0.011 0.000 0.008 0.002 0.008 0.334 0.624 
 123 S _   0.009 0.007 0.000 0.006 0.002 0.006 0.342 0.627 
 124 S _   0.007 0.005 0.000 0.005 0.001 0.005 0.349 0.628 
 125 N _   0.005 0.003 0.000 0.004 0.001 0.004 0.353 0.628 
 126 D _   0.004 0.003 0.000 0.004 0.001 0.004 0.357 0.627 
 127 D _   0.004 0.002 0.000 0.004 0.001 0.004 0.359 0.626 
 128 E _   0.004 0.002 0.000 0.004 0.001 0.004 0.360 0.625 
 129 D _   0.004 0.002 0.000 0.005 0.001 0.004 0.360 0.625 
 130 P _   0.004 0.002 0.000 0.005 0.001 0.004 0.359 0.625 
 131 K _   0.003 0.002 0.000 0.006 0.001 0.005 0.357 0.626 
 132 S _   0.003 0.003 0.000 0.006 0.001 0.005 0.354 0.628 
 133 H _   0.003 0.003 0.000 0.006 0.001 0.005 0.350 0.630 
 134 R _   0.003 0.004 0.000 0.007 0.001 0.005 0.346 0.634 
 135 D _   0.003 0.005 0.000 0.007 0.002 0.005 0.340 0.638 
 136 P _   0.003 0.006 0.000 0.007 0.002 0.006 0.334 0.643 
 137 S _   0.003 0.007 0.000 0.007 0.002 0.006 0.327 0.647 
 138 N _   0.003 0.009 0.000 0.008 0.002 0.006 0.319 0.651 
 139 R _   0.004 0.012 0.000 0.009 0.002 0.007 0.311 0.654 
 140 H _   0.004 0.016 0.000 0.010 0.003 0.008 0.302 0.657 
 141 S _   0.004 0.020 0.000 0.012 0.003 0.009 0.293 0.658 
 142 Y _   0.004 0.026 0.000 0.015 0.004 0.009 0.284 0.658 
 143 P _   0.005 0.032 0.001 0.017 0.004 0.010 0.274 0.658 
 144 Q _   0.005 0.038 0.001 0.019 0.005 0.010 0.265 0.658 
 145 Q _   0.005 0.043 0.001 0.021 0.005 0.011 0.256 0.659 
 146 A _   0.005 0.047 0.001 0.021 0.005 0.011 0.248 0.662 
 147 P _   0.005 0.050 0.001 0.021 0.005 0.010 0.241 0.666 
 148 Y _   0.005 0.052 0.001 0.020 0.005 0.010 0.234 0.672 
 149 W _   0.005 0.054 0.001 0.019 0.005 0.010 0.229 0.679 
 150 T _   0.005 0.054 0.001 0.017 0.004 0.009 0.223 0.687 
 151 H _   0.005 0.054 0.000 0.015 0.004 0.009 0.218 0.695 
 152 P _   0.005 0.054 0.000 0.013 0.004 0.008 0.213 0.702 
 153 Q _   0.005 0.054 0.000 0.012 0.003 0.008 0.208 0.709 
 154 R _   0.005 0.055 0.000 0.011 0.003 0.008 0.203 0.716 
 155 M _   0.005 0.056 0.000 0.010 0.003 0.008 0.198 0.721 
 156 E _   0.005 0.057 0.000 0.010 0.003 0.008 0.192 0.725 
 157 K _   0.005 0.060 0.000 0.010 0.003 0.008 0.186 0.727 
 158 K _   0.005 0.064 0.000 0.011 0.003 0.008 0.180 0.728 
 159 L _   0.005 0.068 0.000 0.012 0.004 0.009 0.174 0.727 
 160 H _   0.005 0.074 0.001 0.014 0.004 0.009 0.167 0.725 
 161 A _   0.005 0.081 0.001 0.016 0.005 0.010 0.161 0.722 
 162 V _   0.006 0.088 0.001 0.018 0.005 0.011 0.154 0.719 
 163 P _   0.006 0.094 0.001 0.019 0.006 0.011 0.148 0.715 
 164 A _   0.006 0.100 0.001 0.021 0.006 0.012 0.142 0.712 
 165 G _   0.006 0.105 0.001 0.023 0.007 0.012 0.137 0.710 
 166 N _   0.006 0.108 0.001 0.024 0.007 0.012 0.132 0.709 
 167 T _   0.007 0.110 0.001 0.025 0.007 0.012 0.128 0.710 
 168 V _   0.007 0.110 0.001 0.025 0.007 0.012 0.125 0.713 
 169 K _   0.007 0.109 0.001 0.023 0.007 0.012 0.122 0.719 
 170 F _   0.007 0.106 0.001 0.022 0.006 0.012 0.120 0.726 
 171 R _   0.007 0.102 0.001 0.019 0.006 0.011 0.118 0.736 
 172 C _   0.007 0.097 0.001 0.017 0.005 0.010 0.116 0.747 
 173 P _   0.007 0.092 0.001 0.014 0.004 0.010 0.114 0.759 
 174 A _   0.007 0.087 0.000 0.012 0.004 0.009 0.113 0.769 
 175 A _   0.007 0.083 0.000 0.010 0.004 0.009 0.111 0.777 
 176 G _   0.006 0.080 0.000 0.009 0.003 0.009 0.109 0.783 
 177 N _   0.007 0.079 0.000 0.009 0.003 0.009 0.107 0.786 
 178 P _   0.007 0.079 0.000 0.010 0.004 0.009 0.105 0.786 
 179 T _   0.007 0.081 0.000 0.011 0.004 0.010 0.103 0.784 
 180 P _   0.007 0.084 0.001 0.013 0.005 0.011 0.101 0.779 
 181 T _   0.008 0.087 0.001 0.015 0.005 0.011 0.098 0.774 
 182 I _   0.008 0.090 0.001 0.017 0.006 0.012 0.096 0.770 
 183 R _   0.008 0.093 0.001 0.019 0.006 0.012 0.094 0.769 
 184 W _   0.008 0.094 0.001 0.019 0.006 0.011 0.092 0.769 
 185 L _   0.007 0.094 0.001 0.019 0.006 0.011 0.090 0.772 
 186 K _   0.007 0.094 0.001 0.018 0.005 0.011 0.089 0.777 
 187 D _   0.007 0.092 0.001 0.015 0.005 0.010 0.087 0.784 
 188 G _   0.006 0.089 0.001 0.013 0.004 0.009 0.086 0.791 
 189 Q _   0.006 0.087 0.000 0.011 0.004 0.009 0.084 0.798 
 190 A _   0.006 0.085 0.000 0.010 0.003 0.009 0.083 0.804 
 191 F _   0.006 0.085 0.000 0.009 0.003 0.009 0.081 0.807 
 192 H _   0.006 0.085 0.000 0.008 0.003 0.009 0.080 0.808 
 193 G _   0.006 0.087 0.000 0.008 0.003 0.010 0.078 0.807 
 194 E _   0.007 0.091 0.000 0.009 0.004 0.011 0.076 0.802 
 195 N _   0.007 0.097 0.001 0.011 0.005 0.013 0.073 0.794 
 196 R _   0.008 0.105 0.001 0.013 0.005 0.014 0.071 0.783 
 197 I _   0.009 0.115 0.001 0.015 0.006 0.016 0.068 0.770 
 198 G _   0.010 0.125 0.001 0.017 0.007 0.018 0.066 0.756 
 199 G _   0.011 0.135 0.001 0.018 0.008 0.019 0.063 0.744 
 200 I _   0.012 0.144 0.001 0.020 0.009 0.021 0.061 0.733 
 201 R _   0.012 0.152 0.001 0.020 0.010 0.023 0.058 0.724 
 202 L _   0.013 0.159 0.001 0.020 0.011 0.024 0.056 0.716 
 203 R _   0.014 0.165 0.001 0.021 0.012 0.025 0.054 0.708 
 204 H _   0.015 0.171 0.001 0.022 0.013 0.027 0.052 0.698 
 205 Q _   0.016 0.177 0.001 0.024 0.015 0.028 0.050 0.688 
 206 H _   0.017 0.184 0.001 0.028 0.017 0.029 0.049 0.676 
 207 W _   0.018 0.190 0.001 0.032 0.018 0.029 0.047 0.664 
 208 S _   0.019 0.194 0.001 0.036 0.019 0.029 0.046 0.656 
 209 L _   0.020 0.194 0.001 0.040 0.019 0.028 0.045 0.652 
 210 V _   0.020 0.191 0.001 0.041 0.018 0.027 0.045 0.656 
 211 M _   0.019 0.183 0.001 0.040 0.017 0.025 0.045 0.669 
 212 E _   0.019 0.167 0.001 0.036 0.015 0.023 0.045 0.692 
 213 S _   0.018 0.143 0.001 0.030 0.013 0.021 0.046 0.727 
 214 V _   0.017 0.112 0.001 0.023 0.011 0.019 0.047 0.770 
 215 V _   0.016 0.080 0.001 0.016 0.008 0.018 0.048 0.813 
 216 P _   0.015 0.055 0.001 0.010 0.006 0.017 0.048 0.848 
 217 S _   0.014 0.040 0.001 0.007 0.005 0.016 0.048 0.870 
 218 D _   0.013 0.033 0.000 0.005 0.004 0.017 0.048 0.880 
 219 R _   0.014 0.031 0.000 0.005 0.004 0.018 0.048 0.882 
 220 G _   0.015 0.031 0.000 0.005 0.005 0.020 0.047 0.877 
 221 T _   0.016 0.035 0.001 0.008 0.007 0.022 0.046 0.865 
 222 Y _   0.018 0.043 0.001 0.012 0.009 0.026 0.045 0.847 
 223 T _   0.020 0.056 0.001 0.017 0.012 0.029 0.043 0.822 
 224 C _   0.021 0.071 0.001 0.022 0.015 0.031 0.042 0.797 
 225 L _   0.022 0.086 0.001 0.027 0.017 0.033 0.040 0.773 
 226 V _   0.023 0.098 0.001 0.030 0.019 0.034 0.039 0.755 
 227 E _   0.023 0.107 0.001 0.032 0.020 0.035 0.038 0.743 
 228 N _   0.024 0.113 0.001 0.031 0.020 0.036 0.038 0.737 
 229 A _   0.025 0.116 0.001 0.030 0.020 0.036 0.037 0.735 
 230 V _   0.026 0.117 0.001 0.028 0.020 0.036 0.037 0.735 
 231 G _   0.027 0.116 0.001 0.026 0.019 0.036 0.037 0.737 
 232 S _   0.028 0.115 0.001 0.025 0.019 0.035 0.037 0.740 
 233 I _   0.028 0.114 0.001 0.024 0.018 0.034 0.037 0.742 
 234 R _   0.028 0.112 0.001 0.025 0.018 0.033 0.038 0.744 
 235 Y _   0.028 0.110 0.001 0.026 0.018 0.032 0.038 0.746 
 236 N _   0.027 0.107 0.001 0.028 0.017 0.030 0.039 0.750 
 237 Y _   0.026 0.103 0.001 0.029 0.016 0.028 0.040 0.756 
 238 L _   0.024 0.097 0.001 0.029 0.014 0.026 0.041 0.767 
 239 L _   0.022 0.089 0.001 0.027 0.013 0.023 0.043 0.782 
 240 D _   0.020 0.077 0.001 0.024 0.011 0.020 0.044 0.803 
 241 V _   0.018 0.063 0.001 0.020 0.009 0.018 0.045 0.826 
 242 L _   0.016 0.048 0.001 0.016 0.007 0.015 0.047 0.851 
 243 E _   0.014 0.033 0.001 0.012 0.005 0.013 0.048 0.874 
 244 R _   0.012 0.021 0.001 0.009 0.004 0.012 0.049 0.893 
 245 S _   0.011 0.014 0.000 0.007 0.003 0.011 0.049 0.905 
 246 P _   0.010 0.009 0.000 0.005 0.003 0.010 0.050 0.913 
 247 H _   0.009 0.007 0.000 0.005 0.003 0.010 0.050 0.917 
 248 R _   0.009 0.006 0.000 0.005 0.003 0.010 0.050 0.918 
 249 P _   0.009 0.005 0.000 0.006 0.003 0.011 0.049 0.916 
 250 I _   0.009 0.005 0.000 0.007 0.004 0.012 0.049 0.914 
 251 L _   0.010 0.005 0.000 0.008 0.004 0.013 0.048 0.910 
 252 Q _   0.011 0.006 0.001 0.009 0.005 0.015 0.047 0.907 
 253 A _   0.012 0.006 0.001 0.010 0.005 0.017 0.047 0.903 
 254 G _   0.013 0.007 0.001 0.010 0.006 0.019 0.045 0.898 
 255 L _   0.016 0.007 0.001 0.010 0.007 0.021 0.045 0.893 
 256 P _   0.019 0.008 0.001 0.010 0.008 0.024 0.044 0.886 
 257 A _   0.024 0.009 0.001 0.010 0.009 0.028 0.043 0.876 
 258 N _   0.030 0.010 0.001 0.010 0.011 0.032 0.042 0.864 
 259 T _   0.037 0.012 0.001 0.011 0.013 0.036 0.041 0.850 
 260 T _   0.045 0.014 0.001 0.012 0.016 0.041 0.040 0.832 
 261 A _   0.053 0.017 0.001 0.013 0.020 0.045 0.039 0.812 
 262 V _   0.060 0.021 0.001 0.016 0.024 0.049 0.038 0.790 
 263 V _   0.067 0.026 0.002 0.019 0.028 0.052 0.037 0.767 
 264 G _   0.073 0.032 0.002 0.024 0.032 0.054 0.037 0.747 
 265 S _   0.076 0.037 0.002 0.028 0.035 0.055 0.036 0.731 
 266 D _   0.077 0.041 0.002 0.033 0.036 0.054 0.036 0.722 
 267 V _   0.075 0.043 0.002 0.036 0.035 0.052 0.036 0.720 
 268 E _   0.072 0.043 0.002 0.037 0.032 0.048 0.037 0.728 
 269 L _   0.066 0.040 0.002 0.035 0.028 0.044 0.038 0.747 
 270 L _   0.059 0.035 0.002 0.030 0.023 0.039 0.039 0.774 
 271 C _   0.050 0.028 0.001 0.023 0.018 0.034 0.040 0.806 
 272 K _   0.042 0.020 0.001 0.017 0.013 0.029 0.041 0.838 
 273 V _   0.035 0.012 0.001 0.011 0.009 0.024 0.041 0.866 
 274 Y _   0.029 0.007 0.001 0.007 0.006 0.021 0.042 0.888 
 275 S _   0.024 0.004 0.000 0.005 0.004 0.019 0.042 0.902 
 276 D _   0.021 0.003 0.000 0.004 0.004 0.018 0.042 0.908 
 277 A _   0.020 0.002 0.000 0.003 0.004 0.018 0.041 0.910 
 278 Q _   0.021 0.003 0.000 0.004 0.004 0.020 0.041 0.907 
 279 P _   0.023 0.004 0.001 0.005 0.006 0.022 0.040 0.900 
 280 H _   0.027 0.007 0.001 0.007 0.008 0.025 0.040 0.885 
 281 I _   0.030 0.014 0.001 0.012 0.012 0.029 0.038 0.863 
 282 Q _   0.033 0.025 0.001 0.018 0.016 0.032 0.037 0.837 
 283 W _   0.036 0.038 0.002 0.025 0.020 0.034 0.036 0.809 
 284 L _   0.037 0.051 0.002 0.032 0.023 0.035 0.035 0.784 
 285 K _   0.036 0.060 0.002 0.039 0.025 0.035 0.035 0.768 
 286 H _   0.035 0.066 0.002 0.043 0.025 0.034 0.034 0.761 
 287 I _   0.033 0.069 0.002 0.043 0.023 0.032 0.034 0.763 
 288 V _   0.030 0.069 0.002 0.041 0.021 0.029 0.035 0.773 
 289 I _   0.027 0.066 0.001 0.036 0.017 0.026 0.035 0.790 
 290 N _   0.024 0.060 0.001 0.029 0.014 0.023 0.036 0.812 
 291 G _   0.021 0.052 0.001 0.022 0.010 0.020 0.037 0.836 
 292 S _   0.018 0.043 0.001 0.016 0.008 0.017 0.037 0.860 
 293 S _   0.015 0.036 0.001 0.011 0.006 0.015 0.038 0.879 
 294 F _   0.013 0.031 0.001 0.008 0.004 0.014 0.038 0.892 
 295 G _   0.012 0.028 0.000 0.006 0.004 0.013 0.038 0.899 
 296 A _   0.011 0.027 0.000 0.006 0.004 0.013 0.037 0.901 
 297 D _   0.011 0.029 0.000 0.007 0.004 0.014 0.037 0.897 
 298 G _   0.011 0.033 0.001 0.010 0.005 0.015 0.036 0.888 
 299 F _   0.012 0.040 0.001 0.015 0.007 0.016 0.036 0.874 
 300 P _   0.012 0.049 0.001 0.021 0.009 0.017 0.035 0.856 
 301 Y _   0.012 0.058 0.001 0.028 0.010 0.018 0.034 0.838 
 302 V _   0.012 0.065 0.001 0.033 0.012 0.018 0.034 0.825 
 303 Q _   0.012 0.069 0.001 0.036 0.012 0.018 0.033 0.820 
 304 V _   0.011 0.070 0.001 0.035 0.011 0.017 0.033 0.822 
 305 L _   0.010 0.068 0.001 0.031 0.010 0.016 0.034 0.831 
 306 K _   0.010 0.064 0.001 0.025 0.008 0.014 0.034 0.845 
 307 T _   0.009 0.058 0.001 0.018 0.006 0.013 0.035 0.862 
 308 A _   0.008 0.051 0.001 0.012 0.005 0.011 0.035 0.876 
 309 D _   0.008 0.047 0.000 0.009 0.004 0.011 0.035 0.887 
 310 I _   0.008 0.045 0.000 0.007 0.003 0.011 0.035 0.891 
 311 N _   0.008 0.045 0.000 0.007 0.003 0.012 0.035 0.890 
 312 S _   0.009 0.047 0.000 0.009 0.004 0.013 0.035 0.883 
 313 S _   0.010 0.053 0.001 0.012 0.006 0.015 0.034 0.869 
 314 E _   0.011 0.063 0.001 0.018 0.008 0.016 0.034 0.849 
 315 V _   0.012 0.074 0.001 0.025 0.010 0.018 0.033 0.828 
 316 E _   0.013 0.084 0.001 0.032 0.011 0.018 0.032 0.809 
 317 V _   0.013 0.091 0.001 0.036 0.012 0.019 0.032 0.797 
 318 L _   0.013 0.094 0.001 0.037 0.011 0.018 0.032 0.794 
 319 Y _   0.012 0.093 0.001 0.035 0.011 0.017 0.032 0.799 
 320 L _   0.011 0.090 0.001 0.030 0.009 0.015 0.032 0.811 
 321 R _   0.010 0.083 0.001 0.024 0.008 0.014 0.033 0.827 
 322 N _   0.009 0.075 0.001 0.018 0.006 0.013 0.033 0.845 
 323 V _   0.008 0.067 0.001 0.013 0.005 0.011 0.034 0.861 
 324 S _   0.008 0.061 0.000 0.009 0.004 0.011 0.034 0.873 
 325 A _   0.007 0.058 0.000 0.007 0.003 0.010 0.034 0.880 
 326 E _   0.008 0.057 0.000 0.006 0.003 0.011 0.034 0.881 
 327 D _   0.008 0.059 0.000 0.007 0.003 0.011 0.033 0.878 
 328 A _   0.009 0.063 0.000 0.008 0.004 0.013 0.033 0.870 
 329 G _   0.010 0.071 0.001 0.010 0.005 0.014 0.032 0.856 
 330 E _   0.011 0.083 0.001 0.014 0.007 0.016 0.031 0.838 
 331 Y _   0.012 0.098 0.001 0.017 0.008 0.018 0.030 0.816 
 332 T _   0.012 0.113 0.001 0.020 0.010 0.019 0.029 0.796 
 333 C _   0.013 0.126 0.001 0.023 0.010 0.020 0.028 0.780 
 334 L _   0.013 0.136 0.001 0.024 0.011 0.021 0.028 0.767 
 335 A _   0.013 0.144 0.001 0.024 0.011 0.021 0.027 0.759 
 336 G _   0.013 0.149 0.001 0.023 0.011 0.021 0.027 0.755 
 337 N _   0.013 0.152 0.001 0.021 0.010 0.022 0.026 0.754 
 338 S _   0.014 0.154 0.001 0.019 0.010 0.022 0.026 0.754 
 339 I _   0.015 0.155 0.001 0.018 0.010 0.022 0.026 0.754 
 340 G _   0.016 0.156 0.001 0.017 0.010 0.023 0.026 0.752 
 341 L _   0.017 0.158 0.001 0.017 0.010 0.024 0.026 0.748 
 342 S _   0.018 0.160 0.001 0.019 0.011 0.024 0.025 0.742 
 343 Y _   0.018 0.164 0.001 0.021 0.012 0.025 0.025 0.733 
 344 Q _   0.019 0.167 0.001 0.025 0.014 0.025 0.025 0.723 
 345 S _   0.020 0.170 0.001 0.030 0.015 0.025 0.025 0.713 
 346 A _   0.020 0.171 0.001 0.035 0.015 0.025 0.025 0.707 
 347 W _   0.020 0.170 0.001 0.038 0.015 0.024 0.026 0.707 
 348 L _   0.019 0.164 0.001 0.039 0.014 0.022 0.027 0.714 
 349 T _   0.018 0.153 0.001 0.037 0.013 0.020 0.028 0.730 
 350 V _   0.017 0.134 0.001 0.033 0.011 0.018 0.029 0.757 
 351 L _   0.015 0.109 0.001 0.027 0.009 0.015 0.031 0.793 
 352 P _   0.014 0.078 0.001 0.020 0.007 0.013 0.032 0.835 
 353 E _   0.012 0.048 0.001 0.014 0.005 0.011 0.033 0.875 
 354 E _   0.010 0.027 0.001 0.009 0.004 0.009 0.034 0.906 
 355 D _   0.009 0.014 0.000 0.006 0.003 0.008 0.035 0.926 
 356 P _   0.008 0.007 0.000 0.004 0.002 0.007 0.035 0.937 
 357 T _   0.007 0.004 0.000 0.004 0.002 0.007 0.035 0.942 
 358 W _   0.007 0.003 0.000 0.004 0.002 0.007 0.034 0.943 
 359 T _   0.007 0.002 0.000 0.005 0.002 0.008 0.033 0.942 
 360 A _   0.008 0.002 0.000 0.006 0.003 0.009 0.032 0.940 
 361 A _   0.010 0.002 0.000 0.007 0.003 0.010 0.031 0.937 
 362 A _   0.013 0.002 0.000 0.008 0.004 0.011 0.029 0.933 
 363 P _   0.017 0.002 0.001 0.009 0.005 0.013 0.027 0.928 
 364 E _   0.023 0.002 0.001 0.009 0.005 0.014 0.026 0.921 
 365 A _   0.033 0.001 0.001 0.009 0.006 0.015 0.024 0.911 
 366 R _   0.049 0.001 0.001 0.008 0.007 0.016 0.021 0.896 
 367 Y _   0.073 0.001 0.001 0.007 0.008 0.017 0.019 0.874 
 368 T _   0.107 0.000 0.001 0.005 0.009 0.018 0.017 0.842 
 369 D _   0.151 0.000 0.001 0.004 0.010 0.018 0.015 0.801 
 370 I _   0.209 0.000 0.001 0.003 0.010 0.018 0.012 0.747 
 371 I _   0.276 0.000 0.001 0.002 0.010 0.017 0.010 0.684 
 372 L _   0.350 0.000 0.001 0.001 0.010 0.016 0.009 0.614 
 373 Y _   0.431 0.000 0.001 0.001 0.009 0.014 0.007 0.537 
 374 A H   0.518 0.000 0.001 0.001 0.009 0.012 0.005 0.453 
 375 S H   0.606 0.000 0.001 0.001 0.010 0.011 0.004 0.367 
 376 G H   0.695 0.000 0.001 0.001 0.010 0.010 0.003 0.280 
 377 S H   0.772 0.000 0.001 0.000 0.011 0.008 0.003 0.205 
 378 L H   0.832 0.000 0.001 0.000 0.011 0.007 0.002 0.146 
 379 A H   0.875 0.000 0.001 0.000 0.011 0.006 0.002 0.105 
 380 L H   0.900 0.000 0.001 0.000 0.011 0.005 0.002 0.081 
 381 A H   0.913 0.000 0.001 0.000 0.012 0.005 0.002 0.068 
 382 V H   0.916 0.000 0.001 0.000 0.012 0.005 0.002 0.064 
 383 L H   0.911 0.000 0.001 0.000 0.012 0.005 0.002 0.068 
 384 L H   0.897 0.000 0.001 0.000 0.013 0.005 0.003 0.081 
 385 L H   0.873 0.000 0.001 0.001 0.014 0.006 0.004 0.103 
 386 L H   0.832 0.000 0.001 0.001 0.014 0.007 0.005 0.140 
 387 A H   0.776 0.000 0.001 0.001 0.014 0.008 0.008 0.192 
 388 G H   0.701 0.000 0.001 0.001 0.014 0.009 0.012 0.262 
 389 L H   0.612 0.000 0.001 0.002 0.013 0.009 0.017 0.345 
 390 Y H   0.512 0.000 0.001 0.003 0.011 0.010 0.025 0.438 
 391 R _   0.410 0.000 0.001 0.004 0.009 0.010 0.034 0.531 
 392 G _   0.312 0.000 0.001 0.005 0.007 0.010 0.043 0.622 
 393 Q _   0.226 0.000 0.001 0.005 0.006 0.010 0.052 0.701 
 394 A _   0.155 0.000 0.001 0.005 0.004 0.009 0.059 0.767 
 395 L _   0.102 0.000 0.000 0.005 0.003 0.008 0.065 0.817 
 396 H _   0.065 0.000 0.000 0.004 0.002 0.007 0.069 0.852 
 397 G _   0.041 0.000 0.000 0.003 0.002 0.006 0.072 0.876 
 398 R _   0.026 0.000 0.000 0.003 0.001 0.006 0.074 0.890 
 399 H _   0.017 0.001 0.000 0.003 0.001 0.006 0.076 0.897 
 400 P _   0.012 0.002 0.000 0.003 0.001 0.006 0.076 0.899 
 401 R _   0.010 0.004 0.000 0.004 0.002 0.008 0.076 0.895 
 402 P _   0.010 0.010 0.000 0.006 0.003 0.010 0.076 0.886 
 403 P _   0.010 0.023 0.000 0.009 0.004 0.012 0.075 0.867 
 404 A _   0.010 0.046 0.001 0.014 0.006 0.015 0.073 0.836 
 405 T _   0.011 0.080 0.001 0.020 0.008 0.017 0.070 0.794 
 406 V _   0.010 0.122 0.001 0.026 0.009 0.019 0.067 0.745 
 407 Q _   0.010 0.165 0.001 0.031 0.011 0.020 0.064 0.698 
 408 K _   0.009 0.200 0.001 0.036 0.012 0.020 0.062 0.660 
 409 L _   0.009 0.228 0.001 0.040 0.012 0.020 0.060 0.630 
 410 S _   0.008 0.247 0.001 0.043 0.012 0.020 0.059 0.610 
 411 R _   0.008 0.260 0.001 0.045 0.012 0.019 0.058 0.597 
 412 F _   0.008 0.267 0.001 0.046 0.012 0.019 0.058 0.590 
 413 P _   0.008 0.270 0.001 0.046 0.012 0.018 0.058 0.588 
 414 L _   0.008 0.268 0.001 0.046 0.012 0.017 0.058 0.590 
 415 A _   0.008 0.263 0.001 0.044 0.011 0.016 0.059 0.597 
 416 R _   0.009 0.252 0.001 0.042 0.010 0.015 0.061 0.611 
 417 Q _   0.009 0.234 0.001 0.039 0.010 0.014 0.063 0.631 
 418 F _   0.009 0.208 0.001 0.034 0.009 0.013 0.065 0.660 
 419 S _   0.009 0.175 0.001 0.030 0.008 0.012 0.068 0.697 
 420 L _   0.009 0.136 0.001 0.024 0.007 0.011 0.072 0.741 
 421 E _   0.008 0.096 0.001 0.018 0.005 0.010 0.075 0.786 
 422 S _   0.007 0.062 0.001 0.013 0.004 0.009 0.078 0.826 
 423 G _   0.007 0.038 0.000 0.009 0.003 0.008 0.080 0.856 
 424 S _   0.006 0.024 0.000 0.006 0.002 0.007 0.081 0.874 
 425 S _   0.005 0.016 0.000 0.004 0.002 0.007 0.081 0.884 
 426 G _   0.005 0.013 0.000 0.004 0.002 0.008 0.081 0.888 
 427 K _   0.005 0.011 0.000 0.004 0.002 0.009 0.080 0.887 
 428 S _   0.007 0.011 0.000 0.006 0.003 0.012 0.079 0.882 
 429 S _   0.008 0.013 0.000 0.010 0.004 0.015 0.078 0.871 
 430 S _   0.010 0.015 0.001 0.016 0.007 0.019 0.076 0.856 
 431 S _   0.012 0.018 0.001 0.023 0.009 0.023 0.074 0.838 
 432 L _   0.015 0.021 0.001 0.030 0.012 0.027 0.073 0.822 
 433 V _   0.017 0.022 0.001 0.034 0.013 0.030 0.071 0.810 
 434 R _   0.021 0.022 0.001 0.034 0.014 0.032 0.070 0.805 
 435 G _   0.025 0.020 0.001 0.030 0.014 0.034 0.069 0.806 
 436 V _   0.031 0.016 0.001 0.024 0.013 0.035 0.069 0.811 
 437 R _   0.040 0.011 0.001 0.016 0.012 0.037 0.068 0.815 
 438 L _   0.052 0.006 0.001 0.010 0.011 0.039 0.068 0.813 
 439 S _   0.068 0.003 0.001 0.006 0.011 0.042 0.067 0.801 
 440 S _   0.090 0.002 0.001 0.004 0.013 0.047 0.067 0.777 
 441 S _   0.117 0.002 0.001 0.004 0.017 0.052 0.066 0.741 
 442 G _   0.148 0.003 0.001 0.005 0.024 0.059 0.066 0.694 
 443 P _   0.179 0.006 0.002 0.009 0.034 0.064 0.066 0.640 
 444 A _   0.204 0.014 0.002 0.015 0.044 0.068 0.067 0.586 
 445 L _   0.219 0.024 0.003 0.024 0.051 0.069 0.068 0.541 
 446 L _   0.225 0.033 0.003 0.033 0.053 0.067 0.070 0.515 
 447 A _   0.221 0.038 0.003 0.040 0.052 0.063 0.073 0.510 
 448 G _   0.209 0.040 0.003 0.041 0.048 0.057 0.077 0.525 
 449 L _   0.189 0.038 0.003 0.038 0.041 0.050 0.082 0.559 
 450 V _   0.163 0.033 0.002 0.032 0.032 0.042 0.087 0.609 
 451 S _   0.134 0.025 0.002 0.023 0.022 0.035 0.092 0.667 
 452 L _   0.105 0.016 0.001 0.015 0.015 0.027 0.097 0.724 
 453 D _   0.079 0.009 0.001 0.009 0.009 0.021 0.102 0.771 
 454 L _   0.057 0.005 0.001 0.006 0.005 0.017 0.105 0.804 
 455 P _   0.041 0.003 0.000 0.004 0.004 0.013 0.108 0.827 
 456 L _   0.029 0.002 0.000 0.004 0.003 0.011 0.110 0.841 
 457 D _   0.022 0.002 0.000 0.004 0.002 0.010 0.111 0.849 
 458 P _   0.017 0.002 0.000 0.004 0.002 0.009 0.112 0.853 
 459 L _   0.014 0.003 0.000 0.005 0.002 0.009 0.113 0.855 
 460 W _   0.012 0.004 0.000 0.006 0.003 0.008 0.113 0.855 
 461 E _   0.010 0.006 0.000 0.006 0.003 0.008 0.112 0.854 
 462 F _   0.009 0.008 0.000 0.007 0.003 0.008 0.112 0.853 
 463 P _   0.008 0.011 0.000 0.008 0.003 0.009 0.111 0.850 
 464 R _   0.007 0.015 0.000 0.009 0.003 0.009 0.109 0.847 
 465 D _   0.007 0.019 0.000 0.009 0.003 0.009 0.108 0.844 
 466 R _   0.007 0.025 0.000 0.010 0.004 0.010 0.106 0.839 
 467 L _   0.007 0.032 0.000 0.010 0.004 0.010 0.104 0.832 
 468 V _   0.007 0.041 0.001 0.011 0.004 0.011 0.102 0.824 
 469 L _   0.007 0.052 0.001 0.012 0.005 0.012 0.100 0.812 
 470 G _   0.007 0.065 0.001 0.013 0.005 0.013 0.097 0.798 
 471 K _   0.008 0.082 0.001 0.015 0.006 0.015 0.095 0.779 
 472 P _   0.009 0.102 0.001 0.016 0.007 0.017 0.092 0.756 
 473 L _   0.010 0.127 0.001 0.018 0.009 0.018 0.089 0.728 
 474 G _   0.011 0.157 0.001 0.021 0.010 0.020 0.085 0.693 
 475 E _   0.012 0.191 0.001 0.025 0.012 0.022 0.082 0.654 
 476 G _   0.013 0.229 0.001 0.029 0.014 0.024 0.079 0.611 
 477 C _   0.013 0.267 0.002 0.033 0.016 0.024 0.077 0.568 
 478 F _   0.013 0.301 0.001 0.038 0.017 0.025 0.074 0.530 
 479 G _   0.013 0.329 0.001 0.044 0.018 0.024 0.073 0.498 
 480 Q _   0.013 0.348 0.001 0.048 0.018 0.024 0.072 0.475 
 481 V _   0.013 0.360 0.001 0.052 0.018 0.023 0.072 0.461 
 482 V _   0.013 0.364 0.001 0.054 0.017 0.022 0.072 0.456 
 483 R _   0.013 0.362 0.001 0.054 0.016 0.020 0.074 0.461 
 484 A _   0.013 0.352 0.001 0.051 0.015 0.019 0.076 0.474 
 485 E _   0.012 0.331 0.001 0.047 0.013 0.017 0.079 0.499 
 486 A _   0.012 0.297 0.001 0.041 0.012 0.016 0.083 0.538 
 487 F _   0.012 0.248 0.001 0.033 0.010 0.014 0.088 0.593 
 488 G _   0.011 0.190 0.001 0.025 0.008 0.013 0.094 0.657 
 489 M _   0.010 0.135 0.001 0.017 0.006 0.011 0.100 0.719 
 490 D _   0.009 0.094 0.001 0.011 0.004 0.010 0.104 0.768 
 491 P _   0.007 0.071 0.000 0.007 0.003 0.009 0.106 0.797 
 492 A _   0.006 0.059 0.000 0.004 0.002 0.008 0.108 0.812 
 493 R _   0.006 0.055 0.000 0.004 0.002 0.008 0.109 0.816 
 494 P _   0.006 0.056 0.000 0.005 0.002 0.010 0.109 0.813 
 495 D _   0.007 0.061 0.000 0.008 0.003 0.012 0.108 0.800 
 496 Q _   0.009 0.075 0.001 0.015 0.006 0.015 0.107 0.772 
 497 A _   0.010 0.102 0.001 0.028 0.009 0.019 0.105 0.727 
 498 S _   0.011 0.134 0.001 0.044 0.012 0.021 0.102 0.675 
 499 T _   0.011 0.162 0.001 0.059 0.014 0.022 0.100 0.631 
 500 V _   0.011 0.178 0.001 0.071 0.015 0.022 0.100 0.603 
 501 A _   0.010 0.184 0.001 0.076 0.015 0.021 0.100 0.591 
 502 V _   0.010 0.184 0.001 0.075 0.014 0.020 0.101 0.594 
 503 K _   0.009 0.176 0.001 0.068 0.013 0.018 0.104 0.611 
 504 M _   0.009 0.158 0.001 0.056 0.011 0.016 0.107 0.643 
 505 L _   0.009 0.128 0.001 0.041 0.009 0.013 0.111 0.688 
 506 K _   0.008 0.089 0.001 0.027 0.006 0.011 0.116 0.741 
 507 D _   0.007 0.052 0.001 0.017 0.004 0.009 0.121 0.789 
 508 N _   0.006 0.026 0.000 0.009 0.003 0.008 0.124 0.823 
 509 A _   0.005 0.012 0.000 0.005 0.002 0.007 0.126 0.843 
 510 S _   0.005 0.006 0.000 0.003 0.001 0.006 0.127 0.852 
 511 D _   0.005 0.003 0.000 0.002 0.001 0.007 0.127 0.854 
 512 K _   0.006 0.003 0.000 0.002 0.001 0.008 0.126 0.853 
 513 D _   0.008 0.003 0.000 0.003 0.002 0.012 0.125 0.848 
 514 L _   0.012 0.004 0.000 0.004 0.003 0.016 0.123 0.838 
 515 A _   0.017 0.006 0.001 0.008 0.005 0.023 0.120 0.820 
 516 D _   0.024 0.011 0.001 0.013 0.009 0.032 0.116 0.794 
 517 L _   0.033 0.019 0.001 0.020 0.015 0.041 0.112 0.759 
 518 V _   0.041 0.028 0.002 0.028 0.023 0.049 0.107 0.722 
 519 S _   0.050 0.037 0.002 0.037 0.030 0.056 0.102 0.686 
 520 E _   0.058 0.044 0.002 0.044 0.036 0.061 0.099 0.657 
 521 M _   0.066 0.047 0.002 0.049 0.040 0.063 0.096 0.637 
 522 E _   0.072 0.048 0.002 0.050 0.041 0.063 0.094 0.629 
 523 V _   0.078 0.046 0.002 0.047 0.040 0.061 0.092 0.634 
 524 M _   0.082 0.041 0.002 0.040 0.036 0.058 0.092 0.650 
 525 K _   0.084 0.033 0.002 0.031 0.030 0.054 0.092 0.674 
 526 L _   0.085 0.022 0.002 0.021 0.024 0.049 0.092 0.704 
 527 I _   0.084 0.012 0.001 0.013 0.018 0.045 0.093 0.732 
 528 G _   0.083 0.005 0.001 0.008 0.013 0.041 0.093 0.755 
 529 R _   0.083 0.002 0.001 0.004 0.010 0.039 0.093 0.768 
 530 H _   0.084 0.001 0.001 0.003 0.008 0.037 0.093 0.773 
 531 K _   0.088 0.000 0.001 0.002 0.008 0.037 0.093 0.771 
 532 N _   0.094 0.000 0.001 0.003 0.009 0.038 0.093 0.762 
 533 I _   0.103 0.000 0.001 0.004 0.011 0.041 0.094 0.747 
 534 I _   0.113 0.001 0.001 0.005 0.014 0.044 0.094 0.729 
 535 N _   0.122 0.001 0.001 0.008 0.019 0.046 0.094 0.709 
 536 L _   0.130 0.002 0.002 0.011 0.023 0.049 0.095 0.690 
 537 L _   0.134 0.003 0.002 0.014 0.025 0.050 0.096 0.676 
 538 G _   0.135 0.003 0.002 0.015 0.027 0.050 0.098 0.670 
 539 V _   0.133 0.004 0.002 0.015 0.027 0.049 0.100 0.671 
 540 C _   0.128 0.003 0.002 0.013 0.025 0.047 0.102 0.679 
 541 T _   0.121 0.003 0.002 0.011 0.022 0.045 0.104 0.691 
 542 Q _   0.114 0.002 0.001 0.009 0.019 0.044 0.107 0.704 
 543 E _   0.106 0.002 0.001 0.007 0.017 0.042 0.110 0.714 
 544 G _   0.098 0.003 0.001 0.007 0.016 0.041 0.113 0.722 
 545 P _   0.090 0.003 0.001 0.007 0.015 0.040 0.117 0.727 
 546 L _   0.083 0.005 0.001 0.009 0.016 0.039 0.120 0.728 
 547 Y _   0.077 0.007 0.001 0.011 0.016 0.038 0.124 0.726 
 548 V _   0.070 0.010 0.001 0.015 0.017 0.037 0.128 0.723 
 549 I _   0.062 0.014 0.001 0.018 0.017 0.035 0.133 0.720 
 550 V _   0.055 0.017 0.001 0.020 0.016 0.033 0.138 0.721 
 551 E _   0.047 0.019 0.001 0.020 0.015 0.030 0.143 0.725 
 552 C _   0.039 0.020 0.001 0.019 0.013 0.028 0.148 0.731 
 553 A _   0.033 0.021 0.001 0.018 0.011 0.025 0.154 0.737 
 554 A _   0.028 0.022 0.001 0.016 0.010 0.023 0.159 0.742 
 555 K _   0.024 0.022 0.001 0.015 0.008 0.021 0.164 0.744 
 556 G _   0.021 0.023 0.001 0.015 0.008 0.020 0.170 0.744 
 557 N _   0.018 0.024 0.001 0.016 0.007 0.019 0.175 0.740 
 558 L _   0.017 0.025 0.001 0.018 0.007 0.018 0.181 0.733 
 559 R _   0.016 0.026 0.001 0.020 0.007 0.017 0.187 0.726 
 560 E _   0.015 0.027 0.001 0.022 0.007 0.016 0.194 0.718 
 561 F _   0.014 0.027 0.001 0.023 0.007 0.015 0.202 0.712 
 562 L _   0.013 0.026 0.001 0.023 0.007 0.014 0.210 0.707 
 563 R _   0.012 0.024 0.001 0.022 0.006 0.012 0.218 0.705 
 564 A _   0.011 0.021 0.001 0.019 0.005 0.011 0.227 0.705 
 565 R _   0.010 0.017 0.001 0.016 0.004 0.009 0.237 0.707 
 566 R _   0.009 0.013 0.000 0.012 0.003 0.008 0.245 0.709 
 567 P _   0.008 0.009 0.000 0.010 0.002 0.007 0.253 0.710 
 568 P _   0.007 0.006 0.000 0.007 0.002 0.006 0.260 0.711 
 569 G _   0.006 0.004 0.000 0.006 0.002 0.005 0.266 0.711 
 570 P _   0.006 0.003 0.000 0.005 0.001 0.004 0.270 0.711 
 571 D _   0.005 0.002 0.000 0.004 0.001 0.004 0.273 0.711 
 572 L _   0.005 0.001 0.000 0.003 0.001 0.004 0.275 0.711 
 573 S _   0.004 0.001 0.000 0.003 0.001 0.003 0.275 0.712 
 574 P _   0.004 0.000 0.000 0.003 0.001 0.003 0.274 0.714 
 575 D _   0.003 0.000 0.000 0.003 0.001 0.003 0.272 0.717 
 576 G _   0.003 0.000 0.000 0.002 0.001 0.004 0.269 0.720 
 577 P _   0.004 0.000 0.000 0.002 0.001 0.005 0.264 0.724 
 578 R _   0.006 0.000 0.000 0.002 0.001 0.006 0.257 0.727 
 579 S _   0.010 0.000 0.000 0.003 0.002 0.009 0.248 0.728 
 580 S _   0.018 0.000 0.000 0.003 0.003 0.014 0.238 0.724 
 581 E _   0.035 0.000 0.001 0.004 0.004 0.020 0.224 0.711 
 582 G _   0.065 0.000 0.001 0.005 0.008 0.030 0.207 0.684 
 583 P _   0.113 0.000 0.001 0.007 0.014 0.041 0.186 0.638 
 584 L _   0.174 0.000 0.002 0.008 0.023 0.054 0.164 0.576 
 585 S _   0.245 0.000 0.002 0.008 0.035 0.065 0.141 0.503 
 586 F _   0.318 0.001 0.002 0.009 0.048 0.073 0.121 0.428 
 587 P H   0.384 0.001 0.003 0.009 0.060 0.079 0.104 0.361 
 588 V H   0.440 0.001 0.003 0.008 0.070 0.081 0.091 0.305 
 589 L H   0.486 0.001 0.003 0.008 0.077 0.080 0.082 0.263 
 590 V H   0.518 0.001 0.003 0.008 0.080 0.077 0.076 0.237 
 591 S H   0.540 0.002 0.003 0.008 0.080 0.073 0.071 0.224 
 592 C H   0.549 0.002 0.003 0.008 0.078 0.068 0.068 0.223 
 593 A H   0.546 0.002 0.003 0.009 0.074 0.064 0.066 0.236 
 594 Y H   0.532 0.002 0.003 0.009 0.068 0.059 0.065 0.262 
 595 Q H   0.505 0.002 0.003 0.009 0.061 0.054 0.065 0.301 
 596 V H   0.465 0.002 0.003 0.010 0.052 0.049 0.066 0.353 
 597 A _   0.414 0.002 0.002 0.010 0.042 0.044 0.067 0.418 
 598 R _   0.352 0.001 0.002 0.009 0.033 0.039 0.069 0.494 
 599 G _   0.288 0.001 0.002 0.009 0.024 0.034 0.071 0.571 
 600 M _   0.225 0.001 0.001 0.008 0.017 0.029 0.073 0.645 
 601 Q _   0.167 0.001 0.001 0.008 0.012 0.025 0.075 0.711 
 602 Y _   0.119 0.001 0.001 0.007 0.009 0.021 0.077 0.766 
 603 L _   0.083 0.000 0.001 0.006 0.007 0.018 0.078 0.806 
 604 E _   0.057 0.000 0.001 0.006 0.005 0.016 0.079 0.836 
 605 S _   0.041 0.000 0.001 0.005 0.004 0.014 0.079 0.856 
 606 R _   0.030 0.000 0.000 0.005 0.004 0.013 0.079 0.868 
 607 K _   0.023 0.001 0.000 0.005 0.004 0.013 0.079 0.876 
 608 C _   0.019 0.001 0.000 0.005 0.004 0.013 0.079 0.880 
 609 I _   0.017 0.001 0.000 0.006 0.004 0.013 0.078 0.880 
 610 H _   0.016 0.002 0.001 0.007 0.005 0.014 0.078 0.878 
 611 R _   0.016 0.002 0.001 0.009 0.006 0.015 0.077 0.874 
 612 D _   0.017 0.003 0.001 0.011 0.007 0.016 0.076 0.868 
 613 L _   0.018 0.004 0.001 0.014 0.008 0.018 0.075 0.863 
 614 A _   0.019 0.005 0.001 0.015 0.009 0.018 0.075 0.858 
 615 A _   0.019 0.005 0.001 0.016 0.009 0.019 0.074 0.856 
 616 R _   0.020 0.006 0.001 0.016 0.009 0.019 0.074 0.856 
 617 N _   0.020 0.005 0.001 0.014 0.009 0.019 0.074 0.858 
 618 V _   0.020 0.005 0.001 0.013 0.008 0.019 0.074 0.861 
 619 L _   0.020 0.004 0.001 0.010 0.007 0.018 0.074 0.865 
 620 V _   0.020 0.004 0.001 0.008 0.006 0.018 0.074 0.869 
 621 T _   0.020 0.003 0.001 0.007 0.005 0.018 0.074 0.872 
 622 E _   0.021 0.003 0.001 0.006 0.005 0.019 0.074 0.872 
 623 D _   0.022 0.004 0.001 0.005 0.005 0.020 0.073 0.870 
 624 N _   0.024 0.005 0.001 0.005 0.006 0.022 0.073 0.864 
 625 V _   0.027 0.007 0.001 0.007 0.008 0.025 0.072 0.854 
 626 M _   0.030 0.012 0.001 0.009 0.010 0.028 0.071 0.839 
 627 K _   0.034 0.020 0.001 0.013 0.013 0.032 0.070 0.817 
 628 I _   0.037 0.032 0.001 0.019 0.017 0.035 0.069 0.790 
 629 A _   0.039 0.047 0.002 0.025 0.020 0.037 0.068 0.762 
 630 D _   0.040 0.060 0.002 0.032 0.023 0.037 0.067 0.739 
 631 F _   0.040 0.071 0.002 0.037 0.024 0.037 0.066 0.722 
 632 G _   0.040 0.078 0.002 0.041 0.024 0.036 0.066 0.713 
 633 L _   0.038 0.082 0.002 0.042 0.023 0.034 0.066 0.712 
 634 A _   0.036 0.083 0.002 0.042 0.021 0.032 0.067 0.718 
 635 R _   0.033 0.081 0.001 0.039 0.019 0.029 0.068 0.729 
 636 G _   0.030 0.076 0.001 0.036 0.016 0.026 0.070 0.746 
 637 V _   0.026 0.069 0.001 0.031 0.013 0.023 0.072 0.765 
 638 H _   0.023 0.059 0.001 0.026 0.010 0.019 0.073 0.788 
 639 H _   0.020 0.048 0.001 0.021 0.008 0.017 0.075 0.810 
 640 I _   0.017 0.037 0.001 0.016 0.006 0.014 0.077 0.832 
 641 D _   0.015 0.027 0.001 0.012 0.004 0.012 0.078 0.852 
 642 Y _   0.012 0.018 0.000 0.009 0.003 0.009 0.079 0.868 
 643 Y _   0.010 0.012 0.000 0.006 0.002 0.008 0.080 0.881 
 644 K _   0.008 0.009 0.000 0.005 0.002 0.007 0.080 0.890 
 645 K _   0.007 0.007 0.000 0.004 0.002 0.006 0.079 0.895 
 646 T _   0.006 0.006 0.000 0.003 0.001 0.006 0.078 0.899 
 647 S _   0.006 0.006 0.000 0.003 0.002 0.006 0.077 0.900 
 648 N _   0.006 0.008 0.000 0.004 0.002 0.007 0.075 0.899 
 649 G _   0.006 0.011 0.000 0.006 0.002 0.009 0.072 0.895 
 650 R _   0.007 0.016 0.000 0.008 0.003 0.011 0.069 0.885 
 651 L _   0.008 0.026 0.001 0.012 0.005 0.013 0.065 0.871 
 652 P _   0.009 0.039 0.001 0.018 0.007 0.016 0.060 0.852 
 653 V _   0.009 0.055 0.001 0.024 0.009 0.018 0.055 0.829 
 654 K _   0.010 0.069 0.001 0.031 0.011 0.020 0.051 0.807 
 655 W _   0.010 0.081 0.001 0.037 0.012 0.022 0.047 0.790 
 656 M _   0.011 0.090 0.001 0.042 0.014 0.023 0.043 0.776 
 657 A _   0.012 0.094 0.001 0.045 0.015 0.024 0.040 0.769 
 658 P _   0.012 0.096 0.001 0.046 0.015 0.024 0.037 0.768 
 659 E _   0.013 0.094 0.001 0.045 0.015 0.023 0.035 0.773 
 660 A _   0.014 0.089 0.001 0.041 0.014 0.022 0.033 0.784 
 661 L _   0.016 0.080 0.001 0.036 0.013 0.021 0.032 0.801 
 662 F _   0.018 0.067 0.001 0.029 0.012 0.020 0.030 0.823 
 663 D _   0.021 0.050 0.001 0.023 0.010 0.018 0.029 0.848 
