#TopoPred_TM8: 8-state transmembrane topology prediction results by no_profile mode 
#probabilities are in the order of H E C I L F X _, the 8 transmembrane topology types used in PDBTM 
   1 M X   0.010 0.001 0.002 0.033 0.007 0.007 0.766 0.175 
   2 G X   0.003 0.000 0.000 0.015 0.001 0.003 0.784 0.194 
   3 K X   0.001 0.000 0.000 0.006 0.000 0.002 0.787 0.203 
   4 E X   0.001 0.000 0.000 0.004 0.000 0.002 0.784 0.207 
   5 P X   0.001 0.001 0.000 0.005 0.001 0.005 0.778 0.209 
   6 L X   0.003 0.003 0.000 0.007 0.002 0.009 0.766 0.209 
   7 T X   0.006 0.009 0.000 0.012 0.004 0.013 0.752 0.205 
   8 L X   0.008 0.021 0.001 0.021 0.007 0.018 0.731 0.195 
   9 K X   0.009 0.039 0.001 0.032 0.010 0.020 0.706 0.183 
  10 S X   0.009 0.058 0.001 0.044 0.013 0.022 0.681 0.172 
  11 I X   0.009 0.071 0.001 0.053 0.015 0.022 0.662 0.167 
  12 Q X   0.008 0.078 0.001 0.058 0.015 0.022 0.648 0.169 
  13 V X   0.009 0.081 0.001 0.057 0.015 0.020 0.639 0.178 
  14 A X   0.009 0.081 0.001 0.051 0.014 0.019 0.633 0.192 
  15 V X   0.009 0.076 0.001 0.042 0.012 0.017 0.629 0.213 
  16 E X   0.009 0.068 0.001 0.031 0.010 0.015 0.627 0.239 
  17 E X   0.009 0.055 0.001 0.021 0.007 0.013 0.625 0.269 
  18 L X   0.008 0.042 0.001 0.012 0.005 0.012 0.624 0.296 
  19 Y X   0.007 0.032 0.000 0.007 0.004 0.011 0.622 0.317 
  20 P X   0.007 0.027 0.000 0.005 0.003 0.010 0.619 0.329 
  21 N X   0.006 0.025 0.000 0.004 0.002 0.010 0.617 0.336 
  22 K X   0.007 0.025 0.000 0.004 0.003 0.010 0.614 0.338 
  23 A X   0.007 0.026 0.000 0.006 0.003 0.011 0.610 0.337 
  24 R X   0.007 0.028 0.000 0.009 0.004 0.011 0.606 0.333 
  25 A X   0.008 0.032 0.001 0.013 0.005 0.011 0.602 0.329 
  26 L X   0.008 0.034 0.001 0.016 0.006 0.011 0.598 0.327 
  27 T X   0.007 0.036 0.001 0.017 0.006 0.011 0.595 0.327 
  28 L X   0.007 0.036 0.001 0.017 0.006 0.010 0.594 0.330 
  29 A X   0.006 0.035 0.001 0.016 0.005 0.009 0.592 0.335 
  30 Q X   0.006 0.032 0.001 0.013 0.004 0.009 0.592 0.343 
  31 H X   0.005 0.029 0.000 0.010 0.004 0.008 0.592 0.352 
  32 S X   0.005 0.025 0.000 0.007 0.003 0.007 0.592 0.360 
  33 R X   0.005 0.022 0.000 0.005 0.002 0.007 0.592 0.367 
  34 A X   0.005 0.020 0.000 0.004 0.002 0.006 0.592 0.370 
  35 P X   0.005 0.020 0.000 0.004 0.002 0.007 0.592 0.372 
  36 S X   0.005 0.020 0.000 0.004 0.002 0.007 0.591 0.370 
  37 P X   0.006 0.023 0.000 0.006 0.003 0.008 0.589 0.366 
  38 R X   0.006 0.027 0.000 0.009 0.004 0.010 0.587 0.358 
  39 L X   0.007 0.033 0.001 0.013 0.005 0.011 0.585 0.347 
  40 R X   0.007 0.039 0.001 0.018 0.007 0.012 0.582 0.335 
  41 S X   0.007 0.044 0.001 0.023 0.008 0.012 0.581 0.325 
  42 R X   0.007 0.047 0.001 0.026 0.008 0.012 0.581 0.318 
  43 L X   0.007 0.049 0.001 0.028 0.008 0.011 0.582 0.314 
  44 F X   0.007 0.048 0.001 0.027 0.007 0.011 0.584 0.315 
  45 S X   0.006 0.046 0.001 0.024 0.006 0.010 0.588 0.319 
  46 K X   0.006 0.042 0.001 0.020 0.005 0.008 0.593 0.325 
  47 A X   0.005 0.036 0.000 0.016 0.004 0.007 0.598 0.333 
  48 L X   0.005 0.029 0.000 0.012 0.003 0.006 0.603 0.342 
  49 K X   0.004 0.023 0.000 0.008 0.002 0.005 0.608 0.349 
  50 G X   0.004 0.018 0.000 0.006 0.002 0.004 0.612 0.354 
  51 D X   0.004 0.014 0.000 0.005 0.001 0.004 0.615 0.358 
  52 H X   0.003 0.012 0.000 0.004 0.001 0.003 0.617 0.359 
  53 R X   0.003 0.010 0.000 0.003 0.001 0.003 0.619 0.361 
  54 C X   0.003 0.010 0.000 0.003 0.001 0.003 0.619 0.361 
  55 G X   0.002 0.009 0.000 0.003 0.001 0.003 0.619 0.362 
  56 E X   0.002 0.010 0.000 0.003 0.001 0.003 0.618 0.363 
  57 T X   0.002 0.010 0.000 0.003 0.001 0.003 0.615 0.364 
  58 E X   0.002 0.012 0.000 0.004 0.001 0.004 0.612 0.365 
  59 T X   0.002 0.015 0.000 0.004 0.001 0.005 0.608 0.365 
  60 P X   0.002 0.019 0.000 0.006 0.002 0.005 0.602 0.363 
  61 K X   0.003 0.027 0.000 0.008 0.003 0.007 0.595 0.357 
  62 S X   0.003 0.040 0.001 0.012 0.004 0.008 0.587 0.346 
  63 C X   0.004 0.059 0.001 0.017 0.005 0.010 0.577 0.328 
  64 S X   0.004 0.083 0.001 0.023 0.007 0.011 0.566 0.305 
  65 E X   0.004 0.108 0.001 0.029 0.008 0.012 0.557 0.280 
  66 V X   0.004 0.130 0.001 0.035 0.009 0.012 0.549 0.260 
  67 A X   0.004 0.144 0.001 0.040 0.009 0.013 0.544 0.245 
  68 G X   0.004 0.152 0.001 0.043 0.010 0.013 0.541 0.237 
  69 C X   0.004 0.155 0.001 0.043 0.009 0.012 0.540 0.235 
  70 K X   0.005 0.155 0.001 0.041 0.009 0.012 0.541 0.237 
  71 A X   0.005 0.151 0.001 0.038 0.009 0.011 0.543 0.242 
  72 A X   0.005 0.143 0.001 0.033 0.008 0.011 0.548 0.252 
  73 M X   0.005 0.131 0.001 0.028 0.007 0.010 0.555 0.264 
  74 R X   0.005 0.114 0.001 0.023 0.006 0.009 0.563 0.279 
  75 H X   0.005 0.095 0.001 0.018 0.005 0.009 0.573 0.294 
  76 Q X   0.005 0.076 0.001 0.014 0.004 0.008 0.584 0.307 
  77 G X   0.005 0.061 0.001 0.012 0.004 0.007 0.594 0.316 
  78 K X   0.005 0.048 0.000 0.010 0.003 0.007 0.604 0.323 
  79 I X   0.005 0.038 0.000 0.008 0.003 0.006 0.612 0.328 
  80 P X   0.004 0.030 0.000 0.007 0.002 0.006 0.620 0.330 
  81 E X   0.004 0.025 0.000 0.006 0.002 0.005 0.626 0.331 
  82 E X   0.004 0.020 0.000 0.005 0.002 0.005 0.632 0.332 
  83 L X   0.004 0.017 0.000 0.005 0.002 0.004 0.637 0.331 
  84 S X   0.003 0.015 0.000 0.004 0.001 0.004 0.642 0.330 
  85 L X   0.003 0.013 0.000 0.004 0.001 0.004 0.645 0.329 
  86 D X   0.003 0.011 0.000 0.004 0.001 0.004 0.649 0.327 
  87 D X   0.003 0.011 0.000 0.005 0.001 0.004 0.651 0.325 
  88 R X   0.003 0.010 0.000 0.005 0.001 0.004 0.654 0.323 
  89 A X   0.003 0.010 0.000 0.005 0.001 0.004 0.656 0.320 
  90 R X   0.003 0.009 0.000 0.006 0.002 0.004 0.658 0.318 
  91 T X   0.003 0.009 0.000 0.006 0.002 0.004 0.660 0.316 
  92 Q X   0.003 0.009 0.000 0.007 0.002 0.004 0.661 0.314 
  93 K X   0.003 0.009 0.000 0.007 0.002 0.004 0.663 0.312 
  94 K X   0.003 0.009 0.000 0.007 0.002 0.004 0.665 0.310 
  95 W X   0.003 0.008 0.000 0.008 0.002 0.004 0.667 0.308 
  96 G X   0.003 0.008 0.000 0.008 0.002 0.004 0.669 0.306 
  97 R X   0.003 0.007 0.000 0.007 0.002 0.004 0.672 0.305 
  98 G X   0.003 0.006 0.000 0.007 0.001 0.004 0.674 0.305 
  99 K X   0.003 0.005 0.000 0.006 0.001 0.003 0.676 0.305 
 100 W X   0.003 0.004 0.000 0.005 0.001 0.003 0.677 0.306 
 101 E X   0.003 0.004 0.000 0.004 0.001 0.003 0.678 0.308 
 102 P X   0.002 0.003 0.000 0.003 0.001 0.002 0.678 0.311 
 103 E X   0.002 0.002 0.000 0.002 0.001 0.002 0.676 0.314 
 104 P X   0.002 0.002 0.000 0.002 0.001 0.002 0.674 0.317 
 105 S X   0.002 0.002 0.000 0.002 0.001 0.002 0.671 0.321 
 106 S X   0.002 0.003 0.000 0.002 0.001 0.002 0.666 0.325 
 107 K X   0.002 0.004 0.000 0.002 0.001 0.003 0.659 0.329 
 108 P X   0.002 0.006 0.000 0.004 0.001 0.004 0.651 0.333 
 109 P X   0.002 0.010 0.000 0.006 0.002 0.005 0.639 0.336 
 110 R X   0.003 0.017 0.000 0.009 0.002 0.006 0.625 0.337 
 111 E X   0.003 0.027 0.000 0.014 0.003 0.007 0.609 0.337 
 112 A X   0.003 0.038 0.001 0.018 0.004 0.008 0.593 0.337 
 113 T X   0.003 0.049 0.001 0.021 0.004 0.008 0.577 0.338 
 114 L X   0.003 0.057 0.001 0.022 0.005 0.008 0.564 0.341 
 115 E X   0.003 0.063 0.001 0.022 0.004 0.008 0.553 0.347 
 116 E X   0.003 0.066 0.001 0.021 0.004 0.008 0.543 0.355 
 117 R X   0.002 0.069 0.000 0.018 0.004 0.007 0.535 0.365 
 118 H X   0.002 0.070 0.000 0.015 0.003 0.007 0.528 0.374 
 119 A X   0.002 0.070 0.000 0.013 0.003 0.006 0.522 0.383 
 120 R X   0.003 0.071 0.000 0.011 0.003 0.006 0.516 0.390 
 121 G X   0.003 0.072 0.000 0.009 0.003 0.006 0.511 0.396 
 122 E X   0.003 0.073 0.000 0.009 0.003 0.006 0.507 0.400 
 123 K X   0.003 0.075 0.000 0.009 0.003 0.007 0.502 0.401 
 124 H X   0.003 0.078 0.000 0.009 0.003 0.007 0.497 0.402 
 125 L X   0.004 0.082 0.000 0.011 0.003 0.008 0.492 0.401 
 126 G X   0.004 0.086 0.000 0.012 0.004 0.008 0.487 0.399 
 127 V X   0.004 0.090 0.001 0.013 0.004 0.009 0.482 0.397 
 128 E X   0.005 0.094 0.001 0.014 0.005 0.009 0.478 0.396 
 129 I X   0.005 0.097 0.001 0.015 0.005 0.009 0.474 0.395 
 130 E X   0.005 0.099 0.001 0.015 0.005 0.009 0.471 0.395 
 131 K X   0.005 0.101 0.001 0.016 0.005 0.009 0.469 0.395 
 132 T X   0.005 0.101 0.001 0.016 0.005 0.009 0.467 0.396 
 133 S X   0.005 0.101 0.001 0.016 0.005 0.009 0.466 0.397 
 134 G X   0.005 0.100 0.001 0.016 0.005 0.009 0.466 0.399 
 135 E X   0.006 0.098 0.001 0.015 0.005 0.009 0.466 0.401 
 136 I X   0.006 0.095 0.001 0.015 0.005 0.009 0.467 0.404 
 137 I X   0.006 0.092 0.001 0.014 0.004 0.008 0.468 0.408 
 138 R X   0.006 0.087 0.000 0.012 0.004 0.008 0.470 0.413 
 139 C X   0.005 0.082 0.000 0.011 0.003 0.007 0.472 0.420 
 140 E X   0.005 0.076 0.000 0.009 0.003 0.007 0.474 0.426 
 141 K X   0.005 0.071 0.000 0.008 0.003 0.006 0.475 0.432 
 142 C X   0.004 0.066 0.000 0.007 0.002 0.006 0.477 0.437 
 143 K X   0.004 0.063 0.000 0.006 0.002 0.006 0.479 0.441 
 144 R X   0.004 0.061 0.000 0.005 0.002 0.005 0.480 0.443 
 145 E X   0.004 0.060 0.000 0.005 0.002 0.005 0.480 0.444 
 146 R X   0.004 0.060 0.000 0.005 0.002 0.005 0.480 0.443 
 147 E X   0.004 0.062 0.000 0.006 0.002 0.006 0.480 0.441 
 148 L X   0.004 0.065 0.000 0.007 0.002 0.006 0.479 0.438 
 149 Q X   0.004 0.069 0.000 0.008 0.003 0.007 0.478 0.432 
 150 Q X   0.004 0.073 0.000 0.010 0.003 0.007 0.476 0.426 
 151 S X   0.004 0.079 0.000 0.012 0.004 0.008 0.475 0.418 
 152 L X   0.004 0.085 0.000 0.015 0.004 0.009 0.474 0.409 
 153 E X   0.004 0.090 0.001 0.017 0.005 0.009 0.474 0.400 
 154 R X   0.005 0.094 0.001 0.020 0.005 0.009 0.474 0.393 
 155 E X   0.005 0.096 0.001 0.022 0.006 0.009 0.475 0.387 
 156 R X   0.005 0.097 0.001 0.022 0.006 0.009 0.477 0.383 
 157 L X   0.005 0.096 0.001 0.022 0.005 0.009 0.481 0.382 
 158 S X   0.005 0.093 0.001 0.021 0.005 0.008 0.485 0.383 
 159 L X   0.004 0.088 0.001 0.018 0.005 0.008 0.490 0.386 
 160 G X   0.004 0.082 0.001 0.016 0.004 0.007 0.496 0.391 
 161 T X   0.004 0.074 0.000 0.013 0.003 0.006 0.503 0.396 
 162 S X   0.004 0.066 0.000 0.010 0.003 0.006 0.509 0.401 
 163 E X   0.004 0.059 0.000 0.008 0.002 0.005 0.516 0.406 
 164 L X   0.004 0.054 0.000 0.006 0.002 0.005 0.521 0.408 
 165 D X   0.003 0.050 0.000 0.005 0.002 0.005 0.526 0.409 
 166 M X   0.003 0.049 0.000 0.004 0.001 0.005 0.530 0.407 
 167 G X   0.003 0.048 0.000 0.004 0.001 0.005 0.533 0.404 
 168 K X   0.003 0.050 0.000 0.004 0.002 0.006 0.536 0.399 
 169 G X   0.004 0.053 0.000 0.005 0.002 0.007 0.538 0.391 
 170 P X   0.004 0.059 0.000 0.008 0.003 0.008 0.539 0.378 
 171 M X   0.005 0.070 0.000 0.011 0.004 0.010 0.540 0.360 
 172 Y X   0.005 0.085 0.001 0.016 0.006 0.012 0.540 0.336 
 173 D X   0.006 0.103 0.001 0.022 0.007 0.013 0.541 0.308 
 174 V X   0.006 0.120 0.001 0.029 0.009 0.014 0.542 0.279 
 175 E X   0.006 0.135 0.001 0.036 0.010 0.014 0.545 0.253 
 176 K X   0.006 0.144 0.001 0.042 0.010 0.014 0.549 0.234 
 177 L X   0.006 0.148 0.001 0.046 0.011 0.014 0.555 0.219 
 178 V X   0.005 0.149 0.001 0.048 0.010 0.014 0.563 0.210 
 179 R X   0.005 0.146 0.001 0.047 0.010 0.013 0.575 0.204 
 180 T X   0.005 0.138 0.001 0.043 0.009 0.012 0.590 0.202 
 181 R X   0.005 0.123 0.001 0.038 0.009 0.011 0.609 0.205 
 182 S X   0.005 0.102 0.001 0.030 0.007 0.009 0.634 0.211 
 183 C X   0.005 0.076 0.001 0.023 0.006 0.008 0.662 0.219 
 184 R X   0.005 0.051 0.001 0.016 0.005 0.007 0.691 0.225 
 185 R X   0.004 0.031 0.001 0.010 0.003 0.006 0.716 0.229 
 186 S X   0.003 0.018 0.000 0.007 0.002 0.004 0.736 0.229 
 187 P X   0.003 0.011 0.000 0.004 0.001 0.003 0.751 0.226 
 188 E X   0.002 0.008 0.000 0.003 0.001 0.003 0.762 0.222 
 189 A X   0.002 0.006 0.000 0.002 0.001 0.002 0.769 0.217 
 190 N X   0.002 0.005 0.000 0.002 0.001 0.002 0.775 0.213 
 191 P X   0.001 0.004 0.000 0.003 0.001 0.002 0.780 0.209 
 192 A X   0.001 0.004 0.000 0.003 0.001 0.002 0.783 0.204 
 193 S X   0.001 0.004 0.000 0.004 0.001 0.003 0.786 0.201 
 194 G X   0.001 0.005 0.000 0.005 0.001 0.003 0.789 0.197 
 195 E X   0.001 0.005 0.000 0.006 0.001 0.003 0.791 0.193 
 196 E X   0.001 0.005 0.000 0.006 0.001 0.003 0.793 0.190 
 197 G X   0.001 0.005 0.000 0.007 0.001 0.003 0.796 0.187 
 198 W X   0.001 0.005 0.000 0.007 0.001 0.003 0.799 0.184 
 199 K X   0.001 0.005 0.000 0.006 0.001 0.003 0.802 0.181 
 200 G X   0.001 0.004 0.000 0.006 0.001 0.003 0.805 0.179 
 201 D X   0.001 0.004 0.000 0.005 0.001 0.002 0.809 0.178 
 202 S X   0.001 0.004 0.000 0.004 0.001 0.002 0.812 0.176 
 203 H X   0.001 0.003 0.000 0.003 0.001 0.002 0.815 0.175 
 204 R X   0.001 0.003 0.000 0.003 0.001 0.002 0.818 0.173 
 205 S X   0.001 0.003 0.000 0.002 0.001 0.002 0.820 0.172 
 206 S X   0.001 0.003 0.000 0.002 0.001 0.002 0.821 0.170 
 207 P X   0.001 0.003 0.000 0.003 0.001 0.002 0.822 0.169 
 208 R X   0.001 0.003 0.000 0.003 0.001 0.002 0.823 0.167 
 209 N X   0.001 0.003 0.000 0.004 0.001 0.003 0.824 0.164 
 210 P X   0.001 0.004 0.000 0.005 0.001 0.003 0.825 0.161 
 211 T X   0.001 0.004 0.000 0.006 0.001 0.003 0.825 0.159 
 212 Q X   0.001 0.004 0.000 0.007 0.001 0.003 0.826 0.156 
 213 E X   0.001 0.004 0.000 0.008 0.001 0.003 0.828 0.154 
 214 L X   0.001 0.004 0.000 0.008 0.001 0.003 0.830 0.152 
 215 R X   0.001 0.004 0.000 0.007 0.001 0.003 0.832 0.151 
 216 R X   0.001 0.004 0.000 0.006 0.001 0.003 0.835 0.150 
 217 P X   0.001 0.003 0.000 0.005 0.001 0.002 0.838 0.149 
 218 S X   0.001 0.003 0.000 0.004 0.001 0.002 0.840 0.149 
 219 K X   0.001 0.002 0.000 0.003 0.001 0.002 0.843 0.148 
 220 S X   0.001 0.002 0.000 0.002 0.001 0.002 0.844 0.148 
 221 M X   0.001 0.001 0.000 0.002 0.000 0.002 0.846 0.148 
 222 D X   0.001 0.001 0.000 0.002 0.000 0.001 0.846 0.148 
 223 K X   0.001 0.001 0.000 0.002 0.000 0.001 0.846 0.149 
 224 K X   0.001 0.001 0.000 0.001 0.000 0.001 0.845 0.150 
 225 E X   0.001 0.001 0.000 0.001 0.000 0.001 0.843 0.152 
 226 D X   0.001 0.001 0.000 0.002 0.000 0.001 0.840 0.154 
 227 R X   0.001 0.001 0.000 0.002 0.000 0.002 0.836 0.158 
 228 G X   0.001 0.002 0.000 0.002 0.001 0.002 0.831 0.162 
 229 P X   0.001 0.003 0.000 0.002 0.001 0.002 0.825 0.166 
 230 E X   0.001 0.004 0.000 0.003 0.001 0.002 0.817 0.172 
 231 D X   0.001 0.005 0.000 0.004 0.001 0.003 0.808 0.177 
 232 Q X   0.001 0.008 0.000 0.005 0.001 0.003 0.798 0.183 
 233 E X   0.001 0.011 0.000 0.007 0.002 0.004 0.786 0.189 
 234 S X   0.001 0.016 0.000 0.008 0.002 0.004 0.774 0.194 
 235 H X   0.002 0.021 0.000 0.010 0.002 0.005 0.761 0.200 
 236 A X   0.002 0.026 0.000 0.011 0.002 0.005 0.748 0.206 
 237 Q X   0.002 0.030 0.000 0.012 0.002 0.005 0.736 0.212 
 238 G X   0.002 0.035 0.000 0.012 0.002 0.005 0.724 0.219 
 239 A X   0.002 0.039 0.000 0.012 0.002 0.005 0.714 0.227 
 240 A X   0.002 0.042 0.000 0.011 0.002 0.005 0.703 0.234 
 241 K X   0.002 0.045 0.000 0.010 0.002 0.006 0.694 0.241 
 242 A X   0.002 0.049 0.000 0.009 0.002 0.006 0.685 0.246 
 243 K X   0.002 0.053 0.000 0.009 0.002 0.006 0.677 0.250 
 244 K X   0.002 0.057 0.000 0.009 0.003 0.007 0.669 0.253 
 245 D X   0.002 0.063 0.000 0.010 0.003 0.007 0.660 0.253 
 246 L X   0.003 0.071 0.000 0.012 0.004 0.008 0.652 0.250 
 247 V X   0.003 0.080 0.001 0.014 0.004 0.009 0.643 0.246 
 248 E X   0.003 0.090 0.001 0.016 0.005 0.009 0.635 0.240 
 249 V X   0.004 0.099 0.001 0.019 0.006 0.010 0.629 0.234 
 250 L X   0.004 0.106 0.001 0.021 0.006 0.010 0.623 0.230 
 251 P X   0.004 0.110 0.001 0.023 0.006 0.010 0.619 0.227 
 252 V X   0.004 0.113 0.001 0.024 0.006 0.010 0.616 0.226 
 253 T X   0.004 0.114 0.001 0.024 0.006 0.010 0.615 0.227 
 254 E X   0.004 0.112 0.001 0.023 0.006 0.009 0.614 0.230 
 255 E X   0.004 0.109 0.001 0.022 0.006 0.009 0.616 0.235 
 256 G X   0.005 0.103 0.001 0.019 0.005 0.008 0.618 0.242 
 257 L X   0.005 0.095 0.001 0.017 0.004 0.007 0.621 0.251 
 258 R X   0.005 0.084 0.000 0.014 0.004 0.007 0.625 0.261 
 259 E X   0.004 0.073 0.000 0.011 0.003 0.006 0.630 0.272 
 260 V X   0.004 0.061 0.000 0.009 0.003 0.005 0.635 0.283 
 261 K X   0.004 0.051 0.000 0.007 0.002 0.005 0.639 0.293 
 262 K X   0.003 0.044 0.000 0.005 0.002 0.004 0.642 0.300 
 263 D X   0.003 0.039 0.000 0.004 0.001 0.004 0.645 0.305 
 264 T X   0.003 0.036 0.000 0.003 0.001 0.004 0.646 0.308 
 265 R X   0.002 0.034 0.000 0.002 0.001 0.004 0.647 0.309 
 266 P X   0.002 0.034 0.000 0.002 0.001 0.004 0.647 0.309 
 267 M X   0.003 0.035 0.000 0.003 0.001 0.004 0.646 0.308 
 268 S X   0.003 0.038 0.000 0.004 0.002 0.005 0.644 0.304 
 269 R X   0.003 0.045 0.000 0.006 0.002 0.006 0.641 0.296 
 270 S X   0.004 0.056 0.000 0.008 0.003 0.008 0.637 0.284 
 271 K X   0.004 0.072 0.001 0.012 0.005 0.009 0.633 0.266 
 272 H X   0.004 0.092 0.001 0.016 0.006 0.010 0.627 0.244 
 273 G X   0.004 0.113 0.001 0.021 0.007 0.010 0.623 0.222 
 274 G X   0.004 0.130 0.001 0.025 0.007 0.010 0.620 0.204 
 275 W X   0.004 0.141 0.001 0.027 0.007 0.010 0.619 0.190 
 276 L X   0.004 0.148 0.001 0.029 0.007 0.010 0.619 0.182 
 277 L X   0.003 0.151 0.001 0.030 0.007 0.010 0.621 0.177 
 278 R X   0.003 0.151 0.001 0.029 0.007 0.010 0.625 0.175 
 279 E X   0.003 0.148 0.001 0.027 0.007 0.009 0.630 0.175 
 280 H X   0.003 0.143 0.001 0.025 0.006 0.009 0.637 0.176 
 281 Q X   0.004 0.135 0.001 0.023 0.006 0.008 0.646 0.179 
 282 A X   0.004 0.124 0.001 0.021 0.005 0.008 0.656 0.181 
 283 G X   0.004 0.112 0.001 0.019 0.005 0.008 0.669 0.183 
 284 F X   0.004 0.099 0.001 0.017 0.005 0.007 0.683 0.184 
 285 E X   0.004 0.085 0.001 0.015 0.004 0.007 0.699 0.185 
 286 K X   0.004 0.070 0.001 0.013 0.004 0.007 0.715 0.186 
 287 L X   0.004 0.056 0.000 0.011 0.003 0.006 0.732 0.188 
 288 R X   0.004 0.043 0.000 0.009 0.003 0.005 0.747 0.188 
 289 R X   0.003 0.032 0.000 0.008 0.002 0.005 0.762 0.188 
 290 T X   0.003 0.024 0.000 0.006 0.002 0.004 0.774 0.187 
 291 R X   0.003 0.018 0.000 0.005 0.001 0.003 0.785 0.185 
 292 G X   0.002 0.014 0.000 0.004 0.001 0.003 0.793 0.183 
 293 E X   0.002 0.011 0.000 0.003 0.001 0.002 0.800 0.181 
 294 E X   0.002 0.009 0.000 0.002 0.001 0.002 0.805 0.179 
 295 K X   0.002 0.008 0.000 0.002 0.001 0.002 0.809 0.177 
 296 E X   0.001 0.007 0.000 0.002 0.001 0.002 0.811 0.176 
 297 A X   0.001 0.007 0.000 0.002 0.000 0.002 0.813 0.175 
 298 E X   0.001 0.007 0.000 0.002 0.000 0.002 0.814 0.174 
 299 K X   0.001 0.008 0.000 0.002 0.001 0.002 0.814 0.173 
 300 E X   0.001 0.008 0.000 0.002 0.001 0.002 0.813 0.173 
 301 K X   0.001 0.010 0.000 0.003 0.001 0.003 0.811 0.171 
 302 K X   0.001 0.012 0.000 0.005 0.001 0.003 0.809 0.168 
 303 P X   0.001 0.016 0.000 0.007 0.001 0.004 0.807 0.164 
 304 C X   0.001 0.020 0.000 0.010 0.002 0.004 0.804 0.159 
 305 M X   0.002 0.024 0.000 0.013 0.002 0.005 0.801 0.153 
 306 S X   0.002 0.027 0.000 0.016 0.003 0.005 0.800 0.147 
 307 G X   0.002 0.029 0.000 0.019 0.003 0.005 0.800 0.141 
 308 G X   0.002 0.030 0.000 0.020 0.003 0.005 0.801 0.137 
 309 R X   0.002 0.030 0.000 0.020 0.003 0.005 0.804 0.135 
 310 R X   0.002 0.029 0.000 0.019 0.003 0.005 0.808 0.134 
 311 M X   0.002 0.027 0.000 0.016 0.003 0.005 0.814 0.134 
 312 T X   0.002 0.023 0.000 0.013 0.002 0.004 0.821 0.135 
 313 L X   0.002 0.018 0.000 0.009 0.002 0.003 0.829 0.137 
 314 R X   0.002 0.013 0.000 0.006 0.001 0.003 0.836 0.138 
 315 D X   0.002 0.009 0.000 0.004 0.001 0.002 0.843 0.139 
 316 D X   0.002 0.006 0.000 0.003 0.001 0.002 0.849 0.138 
 317 Q X   0.002 0.004 0.000 0.002 0.001 0.002 0.853 0.137 
 318 P X   0.001 0.003 0.000 0.002 0.001 0.002 0.856 0.135 
 319 A X   0.001 0.002 0.000 0.002 0.000 0.002 0.858 0.134 
 320 K X   0.001 0.002 0.000 0.002 0.000 0.002 0.860 0.133 
 321 L X   0.001 0.002 0.000 0.002 0.000 0.002 0.860 0.132 
 322 E X   0.001 0.002 0.000 0.002 0.000 0.002 0.860 0.132 
 323 K X   0.001 0.001 0.000 0.002 0.001 0.002 0.860 0.133 
 324 E X   0.001 0.001 0.000 0.002 0.001 0.002 0.858 0.134 
 325 P X   0.001 0.001 0.000 0.002 0.001 0.002 0.856 0.136 
 326 K X   0.001 0.001 0.000 0.002 0.001 0.002 0.854 0.139 
 327 T X   0.001 0.001 0.000 0.002 0.001 0.002 0.850 0.142 
 328 R X   0.001 0.001 0.000 0.002 0.001 0.002 0.846 0.146 
 329 P X   0.001 0.001 0.000 0.002 0.001 0.002 0.841 0.151 
 330 E X   0.001 0.002 0.000 0.003 0.001 0.002 0.835 0.157 
 331 E X   0.001 0.002 0.000 0.003 0.001 0.002 0.827 0.164 
 332 N X   0.001 0.002 0.000 0.003 0.001 0.002 0.818 0.172 
 333 K X   0.002 0.003 0.000 0.004 0.001 0.003 0.806 0.182 
 334 P X   0.002 0.004 0.000 0.004 0.001 0.003 0.792 0.194 
 335 E X   0.002 0.006 0.000 0.005 0.001 0.004 0.774 0.208 
 336 R X   0.002 0.009 0.000 0.006 0.002 0.005 0.753 0.224 
 337 P X   0.002 0.013 0.000 0.008 0.002 0.006 0.726 0.242 
 338 S X   0.003 0.021 0.000 0.010 0.003 0.008 0.694 0.260 
 339 G X   0.003 0.035 0.001 0.015 0.004 0.010 0.655 0.277 
 340 R X   0.004 0.058 0.001 0.021 0.006 0.013 0.607 0.290 
 341 K X   0.005 0.094 0.001 0.028 0.009 0.017 0.549 0.296 
 342 P X   0.006 0.148 0.002 0.037 0.013 0.020 0.483 0.292 
 343 R X   0.006 0.217 0.002 0.046 0.016 0.022 0.414 0.278 
 344 P X   0.006 0.295 0.003 0.053 0.018 0.022 0.346 0.256 
 345 M E   0.005 0.368 0.002 0.058 0.018 0.022 0.291 0.235 
 346 G E   0.005 0.427 0.002 0.059 0.017 0.020 0.250 0.220 
 347 I E   0.005 0.467 0.002 0.059 0.016 0.019 0.220 0.213 
 348 I E   0.005 0.493 0.001 0.057 0.014 0.018 0.200 0.213 
 349 A E   0.005 0.507 0.001 0.053 0.013 0.017 0.184 0.220 
 350 A E   0.005 0.514 0.001 0.048 0.012 0.016 0.173 0.231 
 351 N E   0.005 0.514 0.001 0.043 0.011 0.015 0.164 0.247 
 352 V E   0.005 0.509 0.001 0.037 0.010 0.014 0.156 0.267 
 353 E E   0.006 0.499 0.001 0.031 0.009 0.014 0.150 0.290 
 354 K E   0.006 0.485 0.001 0.026 0.008 0.013 0.145 0.316 
 355 H E   0.006 0.468 0.001 0.022 0.007 0.013 0.141 0.343 
 356 Y E   0.006 0.451 0.001 0.019 0.007 0.012 0.137 0.368 
 357 E E   0.006 0.434 0.001 0.016 0.006 0.012 0.134 0.391 
 358 T E   0.006 0.420 0.001 0.015 0.006 0.011 0.131 0.411 
 359 G _   0.006 0.408 0.001 0.013 0.005 0.011 0.128 0.429 
 360 R _   0.006 0.397 0.001 0.012 0.005 0.011 0.125 0.443 
 361 V _   0.006 0.389 0.001 0.012 0.005 0.011 0.122 0.456 
 362 I _   0.006 0.382 0.001 0.012 0.005 0.010 0.119 0.466 
 363 G _   0.006 0.376 0.001 0.012 0.005 0.011 0.116 0.475 
 364 D _   0.006 0.372 0.001 0.012 0.005 0.011 0.113 0.481 
 365 G _   0.006 0.368 0.001 0.013 0.005 0.011 0.110 0.487 
 366 N _   0.006 0.364 0.001 0.014 0.005 0.011 0.107 0.492 
 367 F _   0.006 0.360 0.001 0.015 0.006 0.011 0.105 0.497 
 368 A _   0.006 0.356 0.001 0.015 0.006 0.012 0.103 0.502 
 369 V _   0.006 0.350 0.001 0.015 0.006 0.012 0.101 0.510 
 370 V _   0.007 0.344 0.001 0.015 0.005 0.012 0.099 0.518 
 371 K _   0.007 0.337 0.001 0.014 0.005 0.012 0.097 0.528 
 372 E _   0.007 0.329 0.001 0.013 0.005 0.012 0.095 0.538 
 373 C _   0.007 0.322 0.001 0.012 0.005 0.012 0.094 0.547 
 374 R _   0.007 0.316 0.001 0.011 0.005 0.013 0.092 0.555 
 375 H _   0.008 0.312 0.001 0.011 0.005 0.014 0.091 0.559 
 376 R _   0.009 0.310 0.001 0.011 0.006 0.015 0.089 0.559 
 377 E _   0.009 0.311 0.001 0.013 0.007 0.016 0.088 0.556 
 378 T _   0.010 0.313 0.001 0.016 0.008 0.017 0.086 0.549 
 379 R _   0.011 0.318 0.001 0.020 0.009 0.018 0.084 0.539 
 380 Q _   0.012 0.321 0.001 0.024 0.010 0.018 0.083 0.530 
 381 A _   0.012 0.322 0.001 0.029 0.011 0.018 0.082 0.524 
 382 Y _   0.013 0.320 0.001 0.032 0.011 0.018 0.082 0.524 
 383 A _   0.013 0.313 0.001 0.034 0.011 0.017 0.082 0.529 
 384 M _   0.013 0.300 0.001 0.034 0.011 0.016 0.083 0.543 
 385 K _   0.012 0.278 0.001 0.032 0.010 0.015 0.084 0.568 
 386 I _   0.012 0.245 0.001 0.029 0.009 0.014 0.086 0.604 
 387 I _   0.012 0.204 0.001 0.025 0.008 0.013 0.088 0.649 
 388 D _   0.011 0.159 0.001 0.020 0.007 0.012 0.090 0.699 
 389 K _   0.010 0.115 0.001 0.016 0.006 0.011 0.092 0.748 
 390 S _   0.009 0.081 0.001 0.012 0.004 0.010 0.094 0.788 
 391 R _   0.008 0.057 0.000 0.009 0.003 0.009 0.096 0.817 
 392 L _   0.007 0.043 0.000 0.006 0.003 0.008 0.096 0.836 
 393 K _   0.006 0.036 0.000 0.005 0.002 0.008 0.096 0.847 
 394 G _   0.006 0.032 0.000 0.004 0.002 0.008 0.095 0.852 
 395 K _   0.006 0.031 0.000 0.005 0.002 0.009 0.094 0.854 
 396 E _   0.006 0.032 0.000 0.005 0.002 0.010 0.092 0.852 
 397 D _   0.008 0.035 0.000 0.007 0.003 0.012 0.090 0.844 
 398 M _   0.009 0.041 0.001 0.011 0.005 0.015 0.087 0.831 
 399 V _   0.011 0.051 0.001 0.017 0.008 0.019 0.084 0.810 
 400 D _   0.013 0.065 0.001 0.024 0.011 0.022 0.080 0.783 
 401 S _   0.015 0.080 0.001 0.034 0.014 0.025 0.077 0.753 
 402 E _   0.016 0.093 0.001 0.043 0.017 0.027 0.074 0.728 
 403 I _   0.018 0.101 0.001 0.050 0.019 0.028 0.072 0.711 
 404 L _   0.018 0.104 0.001 0.053 0.019 0.028 0.070 0.706 
 405 I _   0.018 0.104 0.001 0.052 0.018 0.027 0.069 0.710 
 406 I _   0.018 0.098 0.001 0.047 0.017 0.025 0.068 0.725 
 407 Q _   0.017 0.087 0.001 0.039 0.014 0.023 0.068 0.750 
 408 S _   0.016 0.071 0.001 0.030 0.012 0.021 0.068 0.781 
 409 L _   0.015 0.052 0.001 0.021 0.009 0.018 0.069 0.815 
 410 S _   0.014 0.034 0.001 0.014 0.007 0.016 0.069 0.845 
 411 H _   0.012 0.021 0.001 0.010 0.005 0.015 0.069 0.867 
 412 P _   0.011 0.014 0.001 0.007 0.004 0.014 0.069 0.880 
 413 N _   0.011 0.010 0.000 0.007 0.004 0.013 0.068 0.886 
 414 I _   0.011 0.008 0.000 0.007 0.004 0.013 0.068 0.889 
 415 V _   0.012 0.007 0.000 0.007 0.004 0.014 0.067 0.888 
 416 K _   0.013 0.007 0.001 0.008 0.005 0.015 0.066 0.887 
 417 L _   0.013 0.006 0.001 0.009 0.005 0.015 0.065 0.885 
 418 H _   0.014 0.006 0.001 0.010 0.006 0.016 0.064 0.884 
 419 E _   0.015 0.005 0.001 0.010 0.006 0.017 0.063 0.883 
 420 V _   0.016 0.005 0.001 0.009 0.006 0.018 0.062 0.883 
 421 Y _   0.017 0.004 0.001 0.008 0.006 0.019 0.061 0.883 
 422 E _   0.019 0.004 0.001 0.008 0.007 0.021 0.060 0.881 
 423 T _   0.022 0.004 0.001 0.007 0.007 0.023 0.059 0.877 
 424 D _   0.026 0.004 0.001 0.007 0.008 0.025 0.058 0.871 
 425 M _   0.030 0.004 0.001 0.008 0.010 0.028 0.057 0.862 
 426 E _   0.034 0.005 0.001 0.010 0.012 0.031 0.056 0.851 
 427 I _   0.038 0.007 0.001 0.013 0.015 0.033 0.055 0.839 
 428 Y _   0.042 0.009 0.001 0.016 0.017 0.035 0.054 0.827 
 429 L _   0.044 0.010 0.001 0.019 0.019 0.037 0.053 0.817 
 430 I _   0.046 0.012 0.001 0.021 0.019 0.037 0.053 0.811 
 431 L _   0.046 0.012 0.001 0.021 0.019 0.037 0.052 0.811 
 432 E _   0.045 0.012 0.001 0.020 0.018 0.036 0.052 0.816 
 433 Y _   0.044 0.011 0.001 0.017 0.016 0.034 0.052 0.824 
 434 V _   0.042 0.010 0.001 0.014 0.014 0.033 0.052 0.835 
 435 Q _   0.040 0.008 0.001 0.011 0.012 0.031 0.052 0.844 
 436 G _   0.039 0.008 0.001 0.009 0.011 0.030 0.052 0.850 
 437 G _   0.038 0.007 0.001 0.009 0.011 0.030 0.052 0.852 
 438 D _   0.037 0.008 0.001 0.010 0.011 0.030 0.052 0.851 
 439 L _   0.037 0.008 0.001 0.012 0.012 0.029 0.053 0.847 
 440 F _   0.036 0.009 0.001 0.015 0.013 0.029 0.053 0.843 
 441 D _   0.036 0.010 0.001 0.019 0.013 0.028 0.053 0.839 
 442 A _   0.034 0.011 0.001 0.021 0.013 0.027 0.054 0.838 
 443 I _   0.032 0.011 0.001 0.022 0.012 0.025 0.055 0.842 
 444 I _   0.031 0.010 0.001 0.020 0.011 0.023 0.055 0.849 
 445 E _   0.029 0.008 0.001 0.017 0.009 0.021 0.056 0.859 
 446 S _   0.028 0.006 0.001 0.012 0.007 0.019 0.057 0.871 
 447 V _   0.028 0.003 0.001 0.008 0.005 0.017 0.057 0.880 
 448 K _   0.030 0.002 0.000 0.005 0.004 0.016 0.058 0.886 
 449 F _   0.034 0.001 0.000 0.003 0.003 0.016 0.057 0.886 
 450 P _   0.042 0.000 0.000 0.002 0.003 0.017 0.057 0.878 
 451 E _   0.056 0.000 0.000 0.002 0.004 0.020 0.057 0.861 
 452 P _   0.081 0.000 0.001 0.002 0.006 0.025 0.056 0.830 
 453 D _   0.117 0.000 0.001 0.002 0.009 0.032 0.055 0.784 
 454 A _   0.160 0.000 0.001 0.003 0.015 0.040 0.054 0.726 
 455 A _   0.206 0.001 0.001 0.005 0.023 0.048 0.054 0.661 
 456 L _   0.247 0.002 0.002 0.008 0.033 0.056 0.053 0.598 
 457 M _   0.280 0.005 0.002 0.012 0.043 0.061 0.053 0.545 
 458 I _   0.304 0.007 0.002 0.015 0.050 0.063 0.054 0.505 
 459 M _   0.318 0.009 0.003 0.018 0.054 0.063 0.055 0.479 
 460 D _   0.323 0.011 0.003 0.020 0.056 0.062 0.057 0.469 
 461 L _   0.320 0.011 0.003 0.020 0.054 0.059 0.059 0.474 
 462 C _   0.308 0.010 0.003 0.019 0.049 0.055 0.062 0.494 
 463 K _   0.286 0.009 0.002 0.017 0.042 0.049 0.066 0.527 
 464 A _   0.257 0.008 0.002 0.015 0.034 0.044 0.071 0.570 
 465 L _   0.221 0.006 0.002 0.013 0.026 0.038 0.076 0.619 
 466 V _   0.183 0.004 0.001 0.011 0.019 0.032 0.081 0.669 
 467 H _   0.146 0.003 0.001 0.010 0.013 0.026 0.086 0.714 
 468 M _   0.113 0.002 0.001 0.009 0.009 0.022 0.090 0.754 
 469 H _   0.085 0.002 0.001 0.007 0.007 0.018 0.095 0.786 
 470 D _   0.062 0.001 0.001 0.007 0.005 0.015 0.098 0.812 
 471 K _   0.045 0.001 0.001 0.006 0.004 0.012 0.101 0.831 
 472 S _   0.032 0.001 0.000 0.005 0.003 0.010 0.103 0.845 
 473 I _   0.023 0.001 0.000 0.005 0.003 0.009 0.104 0.855 
 474 V _   0.017 0.001 0.000 0.004 0.002 0.008 0.106 0.862 
 475 H _   0.013 0.001 0.000 0.004 0.002 0.007 0.106 0.866 
 476 R _   0.011 0.001 0.000 0.005 0.002 0.007 0.106 0.868 
 477 D _   0.009 0.001 0.000 0.006 0.002 0.007 0.106 0.868 
 478 L _   0.008 0.002 0.000 0.007 0.003 0.007 0.106 0.867 
 479 K _   0.008 0.002 0.000 0.008 0.003 0.008 0.106 0.864 
 480 P _   0.008 0.003 0.000 0.010 0.003 0.008 0.105 0.861 
 481 E _   0.008 0.004 0.000 0.013 0.004 0.009 0.105 0.858 
 482 N _   0.008 0.005 0.000 0.014 0.004 0.009 0.104 0.856 
 483 L _   0.008 0.005 0.000 0.015 0.004 0.009 0.104 0.856 
 484 L _   0.007 0.005 0.000 0.014 0.004 0.008 0.103 0.859 
 485 V _   0.007 0.004 0.000 0.012 0.003 0.008 0.103 0.863 
 486 Q _   0.006 0.003 0.000 0.010 0.003 0.007 0.102 0.869 
 487 R _   0.006 0.003 0.000 0.007 0.002 0.006 0.101 0.875 
 488 N _   0.005 0.002 0.000 0.005 0.002 0.006 0.100 0.880 
 489 E _   0.005 0.001 0.000 0.004 0.002 0.006 0.098 0.884 
 490 D _   0.005 0.001 0.000 0.004 0.002 0.007 0.096 0.886 
 491 K _   0.005 0.001 0.000 0.004 0.002 0.008 0.094 0.886 
 492 S _   0.006 0.002 0.000 0.005 0.002 0.009 0.091 0.885 
 493 T _   0.007 0.002 0.000 0.006 0.003 0.012 0.088 0.880 
 494 T _   0.009 0.004 0.000 0.009 0.004 0.015 0.085 0.874 
 495 L _   0.010 0.005 0.001 0.013 0.006 0.019 0.080 0.865 
 496 K _   0.012 0.007 0.001 0.018 0.008 0.023 0.076 0.855 
 497 L _   0.015 0.009 0.001 0.021 0.010 0.026 0.072 0.846 
 498 A _   0.018 0.010 0.001 0.023 0.012 0.030 0.067 0.838 
 499 D _   0.022 0.011 0.001 0.024 0.014 0.033 0.063 0.832 
 500 F _   0.027 0.011 0.001 0.022 0.016 0.036 0.060 0.828 
 501 G _   0.033 0.010 0.001 0.020 0.017 0.039 0.056 0.825 
 502 L _   0.040 0.009 0.001 0.017 0.018 0.042 0.053 0.820 
 503 A _   0.049 0.007 0.001 0.014 0.019 0.044 0.051 0.815 
 504 K _   0.058 0.006 0.001 0.012 0.020 0.046 0.048 0.808 
 505 H _   0.068 0.005 0.001 0.011 0.021 0.048 0.046 0.800 
 506 V _   0.078 0.005 0.001 0.010 0.022 0.049 0.044 0.790 
 507 V _   0.087 0.005 0.001 0.010 0.023 0.050 0.042 0.780 
 508 R _   0.095 0.005 0.001 0.011 0.025 0.051 0.041 0.770 
 509 P _   0.101 0.006 0.002 0.013 0.026 0.051 0.039 0.763 
 510 I _   0.103 0.006 0.002 0.014 0.027 0.050 0.038 0.759 
 511 F _   0.102 0.007 0.002 0.015 0.027 0.048 0.037 0.762 
 512 T _   0.098 0.007 0.002 0.016 0.026 0.046 0.037 0.769 
 513 V _   0.091 0.007 0.002 0.016 0.024 0.043 0.036 0.781 
 514 C _   0.082 0.007 0.001 0.016 0.022 0.039 0.035 0.797 
 515 G _   0.072 0.006 0.001 0.015 0.019 0.036 0.035 0.815 
 516 T _   0.062 0.006 0.001 0.014 0.016 0.032 0.035 0.835 
 517 P _   0.052 0.005 0.001 0.013 0.013 0.028 0.034 0.853 
 518 T _   0.042 0.004 0.001 0.012 0.011 0.025 0.034 0.870 
 519 Y _   0.035 0.004 0.001 0.012 0.009 0.022 0.033 0.885 
 520 V _   0.028 0.003 0.001 0.011 0.008 0.019 0.033 0.897 
 521 A _   0.023 0.003 0.001 0.010 0.006 0.016 0.032 0.908 
 522 P _   0.020 0.002 0.001 0.010 0.005 0.014 0.032 0.916 
 523 E _   0.018 0.002 0.001 0.009 0.005 0.013 0.031 0.923 
 524 I _   0.017 0.001 0.001 0.008 0.004 0.011 0.030 0.929 
 525 L _   0.018 0.001 0.000 0.006 0.004 0.010 0.029 0.932 
 526 S _   0.020 0.001 0.000 0.005 0.003 0.009 0.028 0.933 
 527 E _   0.026 0.000 0.000 0.004 0.003 0.009 0.026 0.931 
 528 K _   0.037 0.000 0.000 0.003 0.003 0.009 0.024 0.923 
 529 G _   0.055 0.000 0.000 0.003 0.003 0.009 0.023 0.906 
 530 Y _   0.086 0.000 0.001 0.002 0.004 0.010 0.020 0.878 
 531 G _   0.134 0.000 0.001 0.002 0.005 0.011 0.018 0.830 
 532 L _   0.205 0.000 0.001 0.002 0.006 0.012 0.015 0.760 
 533 E _   0.300 0.000 0.001 0.001 0.007 0.013 0.012 0.666 
 534 V _   0.409 0.000 0.001 0.001 0.009 0.013 0.009 0.557 
 535 D H   0.523 0.000 0.001 0.001 0.010 0.013 0.007 0.444 
 536 M H   0.634 0.000 0.001 0.001 0.012 0.013 0.005 0.334 
 537 W H   0.729 0.000 0.001 0.001 0.013 0.012 0.004 0.241 
 538 A H   0.801 0.000 0.001 0.001 0.013 0.011 0.003 0.170 
 539 A H   0.852 0.000 0.001 0.001 0.014 0.009 0.002 0.121 
 540 G H   0.884 0.000 0.001 0.001 0.014 0.008 0.002 0.089 
 541 V H   0.904 0.000 0.001 0.000 0.015 0.007 0.002 0.071 
 542 I H   0.912 0.000 0.001 0.000 0.015 0.007 0.002 0.062 
 543 L H   0.912 0.000 0.001 0.001 0.016 0.007 0.003 0.061 
 544 Y H   0.902 0.000 0.001 0.001 0.017 0.007 0.003 0.069 
 545 I H   0.880 0.000 0.001 0.001 0.018 0.007 0.005 0.087 
 546 L H   0.840 0.000 0.001 0.001 0.020 0.008 0.007 0.122 
 547 L H   0.779 0.000 0.002 0.002 0.021 0.010 0.011 0.176 
 548 C H   0.691 0.000 0.002 0.003 0.020 0.011 0.018 0.256 
 549 G H   0.581 0.000 0.002 0.004 0.018 0.011 0.027 0.356 
 550 F _   0.460 0.000 0.002 0.005 0.014 0.011 0.039 0.469 
 551 P _   0.339 0.000 0.001 0.005 0.010 0.011 0.051 0.582 
 552 P _   0.231 0.000 0.001 0.005 0.007 0.010 0.063 0.683 
 553 F _   0.146 0.000 0.001 0.004 0.005 0.008 0.073 0.763 
 554 R _   0.085 0.000 0.000 0.003 0.003 0.007 0.080 0.821 
 555 S _   0.047 0.000 0.000 0.003 0.002 0.006 0.085 0.857 
 556 P _   0.025 0.000 0.000 0.002 0.001 0.005 0.089 0.877 
 557 E _   0.015 0.000 0.000 0.001 0.001 0.005 0.091 0.886 
 558 R _   0.011 0.000 0.000 0.001 0.001 0.007 0.093 0.887 
 559 D _   0.011 0.001 0.000 0.002 0.002 0.010 0.094 0.881 
 560 Q _   0.015 0.003 0.000 0.003 0.003 0.015 0.094 0.867 
 561 D _   0.021 0.011 0.001 0.006 0.007 0.023 0.093 0.837 
 562 E _   0.030 0.039 0.001 0.014 0.014 0.034 0.092 0.777 
 563 L _   0.037 0.101 0.002 0.025 0.025 0.044 0.089 0.677 
 564 F _   0.041 0.196 0.003 0.039 0.035 0.051 0.086 0.549 
 565 N _   0.042 0.289 0.003 0.051 0.042 0.053 0.084 0.436 
 566 I E   0.042 0.359 0.003 0.060 0.044 0.053 0.082 0.357 
 567 I E   0.041 0.401 0.002 0.066 0.045 0.052 0.082 0.311 
 568 Q E   0.040 0.422 0.002 0.069 0.044 0.050 0.083 0.289 
 569 L E   0.039 0.430 0.002 0.070 0.043 0.047 0.086 0.283 
 570 G E   0.038 0.429 0.002 0.068 0.041 0.044 0.089 0.289 
 571 H E   0.037 0.417 0.002 0.063 0.038 0.040 0.094 0.308 
 572 F E   0.036 0.392 0.002 0.057 0.034 0.036 0.100 0.342 
 573 E _   0.033 0.350 0.003 0.050 0.029 0.033 0.109 0.393 
 574 F _   0.031 0.290 0.003 0.042 0.024 0.029 0.120 0.461 
 575 L _   0.028 0.220 0.002 0.033 0.019 0.025 0.133 0.539 
 576 P _   0.024 0.152 0.002 0.025 0.014 0.022 0.146 0.616 
 577 P _   0.020 0.099 0.001 0.017 0.009 0.018 0.157 0.679 
 578 Y _   0.015 0.063 0.001 0.012 0.006 0.015 0.166 0.723 
 579 W _   0.012 0.042 0.001 0.008 0.004 0.012 0.172 0.749 
 580 D _   0.009 0.032 0.000 0.006 0.003 0.010 0.177 0.763 
 581 N _   0.008 0.027 0.000 0.005 0.002 0.010 0.180 0.769 
 582 I _   0.007 0.025 0.000 0.004 0.002 0.009 0.182 0.770 
 583 S _   0.007 0.025 0.000 0.005 0.002 0.010 0.184 0.767 
 584 D _   0.008 0.026 0.000 0.006 0.003 0.011 0.185 0.760 
 585 A _   0.009 0.031 0.000 0.008 0.004 0.013 0.186 0.748 
 586 A _   0.010 0.038 0.001 0.012 0.006 0.015 0.187 0.731 
 587 K _   0.011 0.049 0.001 0.018 0.008 0.018 0.187 0.709 
 588 D _   0.012 0.062 0.001 0.025 0.010 0.020 0.187 0.682 
 589 L _   0.013 0.074 0.001 0.032 0.013 0.021 0.188 0.657 
 590 V _   0.014 0.083 0.001 0.039 0.014 0.022 0.190 0.636 
 591 S _   0.015 0.088 0.001 0.043 0.015 0.022 0.193 0.623 
 592 R _   0.015 0.090 0.001 0.045 0.015 0.022 0.197 0.617 
 593 L _   0.014 0.088 0.001 0.042 0.013 0.020 0.202 0.619 
 594 L _   0.013 0.082 0.001 0.037 0.012 0.019 0.208 0.629 
 595 V _   0.012 0.072 0.001 0.029 0.009 0.016 0.215 0.645 
 596 V _   0.011 0.060 0.001 0.021 0.007 0.014 0.221 0.664 
 597 D _   0.011 0.047 0.001 0.014 0.005 0.013 0.228 0.682 
 598 P _   0.010 0.037 0.000 0.009 0.004 0.012 0.234 0.695 
 599 K _   0.009 0.031 0.000 0.006 0.003 0.011 0.239 0.701 
 600 K _   0.009 0.029 0.000 0.004 0.003 0.011 0.243 0.701 
 601 R _   0.009 0.029 0.000 0.004 0.003 0.012 0.246 0.697 
 602 Y _   0.009 0.031 0.000 0.005 0.003 0.013 0.249 0.688 
 603 T _   0.010 0.037 0.001 0.008 0.005 0.015 0.252 0.673 
 604 A _   0.011 0.047 0.001 0.013 0.007 0.017 0.254 0.651 
 605 H _   0.012 0.062 0.001 0.018 0.009 0.018 0.256 0.624 
 606 Q _   0.012 0.078 0.001 0.024 0.010 0.019 0.258 0.596 
 607 V _   0.012 0.093 0.001 0.029 0.012 0.020 0.261 0.572 
 608 L _   0.012 0.104 0.001 0.034 0.013 0.020 0.265 0.552 
 609 Q _   0.011 0.110 0.001 0.037 0.013 0.020 0.270 0.538 
 610 H _   0.011 0.114 0.001 0.038 0.013 0.019 0.276 0.528 
 611 P _   0.010 0.114 0.001 0.038 0.013 0.019 0.283 0.522 
 612 W _   0.010 0.112 0.001 0.035 0.012 0.017 0.292 0.520 
 613 I _   0.010 0.108 0.001 0.032 0.011 0.016 0.302 0.519 
 614 E _   0.010 0.101 0.001 0.028 0.009 0.015 0.314 0.521 
 615 T _   0.009 0.092 0.001 0.024 0.008 0.014 0.327 0.524 
 616 A _   0.009 0.082 0.001 0.020 0.007 0.013 0.341 0.528 
 617 G _   0.008 0.071 0.001 0.017 0.006 0.012 0.355 0.530 
 618 K _   0.008 0.061 0.001 0.014 0.005 0.011 0.369 0.532 
 619 T _   0.008 0.053 0.001 0.012 0.004 0.010 0.382 0.531 
 620 N _   0.007 0.046 0.001 0.011 0.004 0.009 0.394 0.528 
 621 T _   0.007 0.041 0.000 0.010 0.004 0.009 0.407 0.523 
 622 V _   0.006 0.037 0.000 0.010 0.003 0.008 0.418 0.516 
 623 K _   0.006 0.034 0.000 0.009 0.003 0.008 0.430 0.509 
 624 R _   0.006 0.032 0.000 0.009 0.003 0.007 0.441 0.501 
 625 Q _   0.006 0.030 0.000 0.009 0.003 0.007 0.452 0.494 
 626 K _   0.005 0.028 0.000 0.008 0.003 0.007 0.461 0.487 
 627 Q _   0.005 0.027 0.000 0.008 0.003 0.006 0.471 0.481 
 628 V X   0.004 0.026 0.000 0.007 0.002 0.006 0.480 0.474 
 629 S X   0.004 0.025 0.000 0.006 0.002 0.006 0.489 0.468 
 630 P X   0.004 0.025 0.000 0.006 0.002 0.006 0.496 0.461 
 631 S X   0.004 0.025 0.000 0.006 0.002 0.006 0.504 0.454 
 632 S X   0.004 0.026 0.000 0.006 0.002 0.006 0.510 0.446 
 633 E X   0.004 0.028 0.000 0.006 0.002 0.007 0.516 0.438 
 634 G X   0.004 0.031 0.000 0.007 0.002 0.008 0.521 0.428 
 635 H X   0.004 0.035 0.000 0.008 0.003 0.009 0.525 0.415 
 636 F X   0.005 0.042 0.000 0.010 0.004 0.010 0.530 0.399 
 637 R X   0.006 0.051 0.001 0.013 0.005 0.011 0.534 0.380 
 638 S X   0.006 0.061 0.001 0.017 0.006 0.012 0.539 0.358 
 639 Q X   0.006 0.072 0.001 0.021 0.006 0.012 0.544 0.338 
 640 H X   0.006 0.081 0.001 0.025 0.007 0.012 0.549 0.319 
 641 K X   0.005 0.087 0.001 0.028 0.007 0.011 0.555 0.306 
 642 R X   0.004 0.092 0.001 0.028 0.006 0.010 0.563 0.296 
 643 V X   0.003 0.093 0.001 0.027 0.005 0.007 0.572 0.291 
 644 V X   0.002 0.092 0.000 0.023 0.003 0.005 0.582 0.292 
 645 E X   0.001 0.086 0.000 0.017 0.001 0.002 0.592 0.301 
 646 Q X   0.000 0.079 0.000 0.011 0.000 0.001 0.595 0.313 
 647 V X   0.000 0.072 0.000 0.010 0.000 0.001 0.593 0.323 
 648 S X   0.003 0.067 0.001 0.017 0.003 0.003 0.581 0.324 
