#TopoPred_TM8: 8-state transmembrane topology prediction results by no_profile mode 
#probabilities are in the order of H E C I L F X _, the 8 transmembrane topology types used in PDBTM 
   1 M X   0.008 0.001 0.002 0.041 0.007 0.007 0.847 0.088 
   2 D X   0.003 0.000 0.000 0.023 0.001 0.003 0.871 0.098 
   3 V X   0.001 0.000 0.000 0.012 0.000 0.002 0.878 0.106 
   4 V X   0.001 0.000 0.000 0.008 0.000 0.002 0.878 0.111 
   5 D X   0.001 0.000 0.000 0.006 0.000 0.002 0.875 0.115 
   6 P X   0.001 0.000 0.000 0.005 0.001 0.003 0.869 0.120 
   7 D X   0.001 0.001 0.000 0.005 0.001 0.003 0.863 0.126 
   8 I X   0.002 0.001 0.000 0.005 0.001 0.003 0.854 0.134 
   9 F X   0.002 0.001 0.000 0.005 0.001 0.004 0.843 0.144 
  10 N X   0.002 0.002 0.000 0.005 0.001 0.004 0.828 0.157 
  11 R X   0.002 0.003 0.000 0.006 0.001 0.005 0.810 0.173 
  12 D X   0.002 0.005 0.000 0.006 0.002 0.006 0.788 0.191 
  13 P X   0.002 0.008 0.000 0.007 0.002 0.007 0.763 0.209 
  14 R X   0.003 0.014 0.000 0.009 0.003 0.009 0.733 0.228 
  15 D X   0.004 0.024 0.001 0.013 0.005 0.012 0.697 0.245 
  16 H X   0.005 0.043 0.001 0.019 0.007 0.016 0.652 0.257 
  17 Y X   0.006 0.076 0.002 0.028 0.011 0.019 0.597 0.262 
  18 D X   0.006 0.123 0.002 0.037 0.014 0.022 0.537 0.258 
  19 L X   0.007 0.179 0.002 0.047 0.017 0.023 0.477 0.249 
  20 L X   0.006 0.230 0.002 0.053 0.017 0.023 0.427 0.241 
  21 Q X   0.006 0.269 0.002 0.057 0.017 0.022 0.389 0.238 
  22 R X   0.006 0.296 0.002 0.058 0.016 0.021 0.359 0.242 
  23 L X   0.006 0.312 0.001 0.058 0.015 0.020 0.337 0.250 
  24 G E   0.006 0.321 0.001 0.056 0.015 0.019 0.320 0.263 
  25 G E   0.006 0.324 0.001 0.052 0.014 0.018 0.306 0.278 
  26 G E   0.006 0.323 0.001 0.048 0.013 0.017 0.295 0.296 
  27 T E   0.007 0.317 0.001 0.044 0.011 0.016 0.287 0.317 
  28 Y _   0.007 0.307 0.001 0.039 0.010 0.015 0.280 0.341 
  29 G _   0.007 0.291 0.001 0.034 0.009 0.014 0.274 0.369 
  30 E _   0.007 0.271 0.001 0.029 0.008 0.013 0.270 0.401 
  31 V _   0.007 0.246 0.001 0.024 0.007 0.012 0.266 0.437 
  32 F _   0.007 0.219 0.001 0.019 0.006 0.011 0.262 0.476 
  33 K _   0.007 0.193 0.001 0.014 0.005 0.010 0.258 0.513 
  34 A _   0.006 0.173 0.001 0.010 0.004 0.010 0.253 0.543 
  35 R _   0.006 0.160 0.000 0.008 0.003 0.009 0.248 0.566 
  36 D _   0.005 0.152 0.000 0.007 0.003 0.009 0.243 0.581 
  37 K _   0.005 0.149 0.000 0.007 0.003 0.010 0.236 0.590 
  38 V _   0.005 0.151 0.000 0.008 0.003 0.011 0.228 0.593 
  39 S _   0.006 0.157 0.001 0.012 0.005 0.013 0.219 0.588 
  40 G _   0.007 0.169 0.001 0.019 0.007 0.015 0.208 0.575 
  41 D _   0.008 0.186 0.001 0.028 0.009 0.016 0.196 0.556 
  42 L _   0.008 0.203 0.001 0.039 0.011 0.018 0.184 0.536 
  43 V _   0.008 0.216 0.001 0.049 0.013 0.018 0.174 0.521 
  44 A _   0.009 0.223 0.001 0.056 0.013 0.019 0.166 0.513 
  45 L _   0.009 0.224 0.001 0.059 0.013 0.018 0.160 0.515 
  46 K _   0.009 0.219 0.001 0.058 0.013 0.017 0.156 0.527 
  47 M _   0.009 0.205 0.001 0.052 0.012 0.016 0.153 0.551 
  48 V _   0.009 0.180 0.001 0.043 0.010 0.015 0.151 0.589 
  49 K _   0.009 0.143 0.001 0.033 0.009 0.013 0.150 0.642 
  50 M _   0.009 0.098 0.001 0.023 0.007 0.012 0.150 0.701 
  51 E _   0.008 0.057 0.001 0.014 0.005 0.010 0.149 0.756 
  52 P _   0.007 0.030 0.000 0.008 0.003 0.009 0.147 0.795 
  53 D _   0.007 0.016 0.000 0.004 0.002 0.009 0.145 0.817 
  54 D _   0.006 0.011 0.000 0.003 0.002 0.009 0.142 0.828 
  55 D _   0.007 0.009 0.000 0.003 0.002 0.010 0.138 0.831 
  56 V _   0.009 0.010 0.000 0.004 0.003 0.014 0.133 0.828 
  57 S _   0.012 0.012 0.000 0.006 0.004 0.018 0.127 0.819 
  58 T _   0.015 0.020 0.001 0.012 0.008 0.025 0.120 0.799 
  59 L _   0.019 0.033 0.001 0.022 0.013 0.031 0.110 0.770 
  60 Q _   0.022 0.051 0.002 0.035 0.019 0.037 0.100 0.734 
  61 K _   0.024 0.067 0.002 0.047 0.024 0.042 0.091 0.704 
  62 E _   0.026 0.078 0.002 0.056 0.027 0.045 0.082 0.684 
  63 I _   0.027 0.084 0.002 0.061 0.029 0.046 0.075 0.677 
  64 L _   0.028 0.085 0.002 0.060 0.029 0.046 0.069 0.681 
  65 I _   0.030 0.083 0.002 0.054 0.028 0.045 0.064 0.695 
  66 L _   0.032 0.076 0.002 0.046 0.026 0.043 0.060 0.715 
  67 K _   0.033 0.065 0.002 0.037 0.024 0.042 0.056 0.742 
  68 T _   0.035 0.051 0.002 0.028 0.021 0.040 0.052 0.772 
  69 C _   0.038 0.037 0.001 0.021 0.018 0.038 0.049 0.798 
  70 R _   0.041 0.026 0.001 0.016 0.015 0.036 0.046 0.818 
  71 H _   0.047 0.017 0.001 0.013 0.013 0.035 0.044 0.830 
  72 A _   0.055 0.012 0.001 0.011 0.012 0.034 0.041 0.835 
  73 N _   0.065 0.009 0.001 0.010 0.012 0.032 0.038 0.834 
  74 I _   0.078 0.006 0.001 0.009 0.011 0.031 0.035 0.828 
  75 V _   0.093 0.004 0.001 0.009 0.012 0.030 0.032 0.818 
  76 A _   0.112 0.003 0.001 0.008 0.012 0.029 0.029 0.805 
  77 Y _   0.136 0.002 0.001 0.007 0.012 0.028 0.026 0.788 
  78 H _   0.165 0.001 0.001 0.006 0.011 0.026 0.023 0.766 
  79 G _   0.200 0.000 0.001 0.004 0.010 0.025 0.020 0.739 
  80 S _   0.240 0.000 0.001 0.003 0.010 0.023 0.017 0.706 
  81 Y _   0.288 0.000 0.001 0.002 0.009 0.021 0.015 0.664 
  82 L _   0.345 0.000 0.001 0.001 0.010 0.020 0.012 0.611 
  83 W _   0.410 0.000 0.001 0.001 0.010 0.019 0.010 0.549 
  84 L H   0.481 0.000 0.001 0.001 0.011 0.018 0.008 0.480 
  85 Q H   0.553 0.000 0.001 0.001 0.013 0.018 0.006 0.408 
  86 K H   0.624 0.000 0.001 0.001 0.015 0.017 0.004 0.337 
  87 L H   0.685 0.000 0.001 0.001 0.017 0.016 0.003 0.276 
  88 W H   0.732 0.000 0.001 0.001 0.019 0.015 0.003 0.229 
  89 I H   0.763 0.000 0.001 0.001 0.020 0.014 0.002 0.197 
  90 C H   0.782 0.000 0.001 0.001 0.021 0.014 0.002 0.179 
  91 M H   0.786 0.000 0.001 0.001 0.021 0.013 0.002 0.175 
  92 E H   0.778 0.000 0.001 0.001 0.021 0.013 0.002 0.183 
  93 F H   0.755 0.000 0.001 0.001 0.021 0.012 0.002 0.207 
  94 C H   0.717 0.000 0.001 0.002 0.019 0.013 0.003 0.245 
  95 G H   0.664 0.000 0.001 0.002 0.017 0.013 0.003 0.299 
  96 A H   0.596 0.000 0.001 0.002 0.015 0.013 0.004 0.369 
  97 G H   0.522 0.000 0.001 0.001 0.012 0.013 0.005 0.445 
  98 S _   0.447 0.000 0.001 0.002 0.010 0.014 0.006 0.521 
  99 L _   0.375 0.000 0.001 0.002 0.009 0.015 0.007 0.592 
 100 Q _   0.314 0.000 0.001 0.002 0.008 0.016 0.008 0.651 
 101 D _   0.264 0.000 0.001 0.003 0.008 0.017 0.009 0.699 
 102 I _   0.223 0.000 0.001 0.003 0.008 0.018 0.010 0.737 
 103 Y _   0.192 0.000 0.001 0.004 0.008 0.019 0.011 0.765 
 104 Q _   0.169 0.000 0.001 0.005 0.008 0.020 0.012 0.786 
 105 V _   0.154 0.000 0.001 0.005 0.008 0.021 0.012 0.799 
 106 T _   0.145 0.000 0.001 0.005 0.008 0.023 0.013 0.806 
 107 G _   0.140 0.000 0.001 0.005 0.008 0.024 0.013 0.808 
 108 S _   0.142 0.000 0.001 0.005 0.008 0.026 0.013 0.805 
 109 L _   0.148 0.000 0.001 0.004 0.009 0.028 0.013 0.797 
 110 S _   0.159 0.000 0.001 0.004 0.010 0.030 0.013 0.783 
 111 E _   0.175 0.000 0.001 0.004 0.011 0.032 0.013 0.764 
 112 L _   0.194 0.000 0.001 0.003 0.013 0.035 0.013 0.741 
 113 Q _   0.218 0.000 0.001 0.003 0.015 0.038 0.013 0.711 
 114 I _   0.244 0.000 0.001 0.004 0.019 0.042 0.013 0.678 
 115 S _   0.270 0.000 0.001 0.004 0.023 0.045 0.013 0.642 
 116 Y _   0.297 0.001 0.002 0.005 0.028 0.048 0.014 0.606 
 117 V _   0.317 0.001 0.002 0.006 0.034 0.051 0.014 0.574 
 118 C _   0.332 0.002 0.002 0.008 0.039 0.053 0.015 0.548 
 119 R _   0.339 0.004 0.002 0.010 0.044 0.054 0.016 0.531 
 120 E _   0.337 0.005 0.002 0.013 0.046 0.053 0.017 0.526 
 121 V _   0.327 0.007 0.002 0.016 0.046 0.052 0.019 0.531 
 122 L _   0.308 0.008 0.002 0.018 0.044 0.049 0.021 0.550 
 123 Q _   0.280 0.008 0.002 0.020 0.040 0.046 0.023 0.581 
 124 G _   0.247 0.008 0.002 0.020 0.034 0.041 0.025 0.622 
 125 L _   0.210 0.007 0.002 0.018 0.027 0.036 0.028 0.671 
 126 A _   0.169 0.006 0.002 0.016 0.020 0.031 0.031 0.725 
 127 Y _   0.130 0.005 0.001 0.014 0.014 0.026 0.033 0.777 
 128 L _   0.095 0.003 0.001 0.011 0.010 0.021 0.035 0.824 
 129 H _   0.068 0.002 0.001 0.008 0.007 0.017 0.037 0.860 
 130 S _   0.047 0.001 0.001 0.007 0.005 0.014 0.039 0.887 
 131 Q _   0.032 0.001 0.000 0.005 0.003 0.011 0.040 0.907 
 132 K _   0.023 0.001 0.000 0.005 0.003 0.009 0.040 0.919 
 133 K _   0.016 0.001 0.000 0.004 0.002 0.008 0.041 0.927 
 134 I _   0.012 0.001 0.000 0.004 0.002 0.008 0.041 0.932 
 135 H _   0.010 0.001 0.000 0.004 0.002 0.007 0.041 0.934 
 136 R _   0.009 0.001 0.000 0.005 0.002 0.007 0.040 0.935 
 137 D _   0.008 0.001 0.000 0.006 0.003 0.008 0.040 0.935 
 138 I _   0.008 0.001 0.000 0.007 0.003 0.008 0.039 0.934 
 139 K _   0.008 0.001 0.000 0.008 0.003 0.009 0.039 0.932 
 140 G _   0.008 0.002 0.000 0.009 0.004 0.009 0.038 0.930 
 141 A _   0.008 0.002 0.000 0.010 0.004 0.010 0.037 0.929 
 142 N _   0.009 0.002 0.001 0.010 0.004 0.010 0.036 0.928 
 143 I _   0.009 0.002 0.001 0.010 0.004 0.011 0.035 0.927 
 144 L _   0.009 0.002 0.001 0.010 0.005 0.012 0.034 0.927 
 145 I _   0.010 0.002 0.001 0.010 0.005 0.012 0.033 0.927 
 146 N _   0.011 0.002 0.001 0.010 0.005 0.013 0.032 0.926 
 147 D _   0.012 0.002 0.001 0.009 0.005 0.015 0.031 0.925 
 148 A _   0.015 0.002 0.001 0.009 0.005 0.016 0.030 0.922 
 149 G _   0.019 0.001 0.001 0.008 0.006 0.018 0.029 0.918 
 150 E _   0.024 0.001 0.001 0.008 0.006 0.020 0.028 0.912 
 151 V _   0.031 0.001 0.001 0.007 0.007 0.023 0.027 0.904 
 152 R _   0.041 0.001 0.001 0.007 0.008 0.026 0.026 0.892 
 153 L _   0.054 0.001 0.001 0.006 0.009 0.029 0.024 0.875 
 154 A _   0.072 0.001 0.001 0.006 0.011 0.033 0.023 0.853 
 155 D _   0.093 0.001 0.001 0.006 0.013 0.038 0.021 0.827 
 156 F _   0.119 0.001 0.001 0.006 0.017 0.042 0.020 0.794 
 157 G _   0.148 0.001 0.001 0.006 0.021 0.047 0.018 0.758 
 158 I _   0.178 0.001 0.002 0.007 0.025 0.051 0.017 0.719 
 159 S _   0.207 0.001 0.002 0.008 0.030 0.055 0.016 0.682 
 160 A _   0.235 0.001 0.002 0.009 0.034 0.057 0.015 0.648 
 161 Q _   0.256 0.001 0.002 0.010 0.036 0.058 0.014 0.623 
 162 I _   0.273 0.001 0.002 0.010 0.037 0.057 0.014 0.605 
 163 G _   0.285 0.001 0.002 0.010 0.037 0.056 0.013 0.596 
 164 A _   0.290 0.001 0.002 0.009 0.035 0.054 0.013 0.595 
 165 T _   0.288 0.001 0.002 0.008 0.033 0.051 0.013 0.604 
 166 L _   0.282 0.001 0.002 0.007 0.029 0.049 0.013 0.618 
 167 A _   0.270 0.001 0.002 0.006 0.026 0.046 0.013 0.638 
 168 R _   0.254 0.000 0.001 0.005 0.022 0.043 0.013 0.660 
 169 R _   0.237 0.000 0.001 0.005 0.019 0.040 0.013 0.685 
 170 L _   0.218 0.000 0.001 0.005 0.016 0.038 0.014 0.709 
 171 S _   0.200 0.000 0.001 0.004 0.014 0.036 0.014 0.731 
 172 F _   0.185 0.000 0.001 0.004 0.013 0.034 0.014 0.749 
 173 I _   0.170 0.000 0.001 0.004 0.012 0.032 0.014 0.766 
 174 G _   0.158 0.000 0.001 0.005 0.011 0.032 0.014 0.779 
 175 T _   0.150 0.000 0.001 0.004 0.011 0.031 0.014 0.788 
 176 P _   0.143 0.000 0.001 0.005 0.011 0.031 0.014 0.794 
 177 Y _   0.137 0.000 0.001 0.005 0.011 0.032 0.014 0.799 
 178 W _   0.133 0.000 0.001 0.005 0.012 0.033 0.014 0.801 
 179 M _   0.129 0.001 0.001 0.006 0.014 0.034 0.014 0.801 
 180 A _   0.125 0.001 0.001 0.008 0.015 0.035 0.014 0.800 
 181 P _   0.121 0.002 0.001 0.010 0.017 0.036 0.014 0.797 
 182 E _   0.117 0.003 0.001 0.013 0.019 0.036 0.014 0.796 
 183 V _   0.112 0.004 0.001 0.017 0.020 0.035 0.014 0.796 
 184 A _   0.108 0.005 0.002 0.020 0.020 0.034 0.014 0.798 
 185 A _   0.103 0.005 0.001 0.021 0.018 0.032 0.014 0.805 
 186 V _   0.099 0.004 0.001 0.019 0.016 0.028 0.014 0.817 
 187 A _   0.097 0.003 0.001 0.015 0.013 0.025 0.014 0.832 
 188 L _   0.096 0.002 0.001 0.011 0.009 0.021 0.014 0.846 
 189 K _   0.098 0.001 0.001 0.006 0.007 0.018 0.014 0.855 
 190 G _   0.106 0.000 0.001 0.003 0.005 0.015 0.013 0.856 
 191 G _   0.122 0.000 0.000 0.002 0.004 0.013 0.012 0.846 
 192 Y _   0.149 0.000 0.000 0.001 0.004 0.013 0.012 0.821 
 193 N _   0.193 0.000 0.001 0.001 0.004 0.013 0.011 0.778 
 194 E _   0.260 0.000 0.001 0.001 0.006 0.014 0.010 0.709 
 195 L _   0.355 0.000 0.001 0.001 0.008 0.015 0.009 0.612 
 196 C _   0.464 0.000 0.001 0.001 0.011 0.017 0.008 0.498 
 197 D H   0.571 0.000 0.001 0.001 0.015 0.019 0.007 0.386 
 198 I H   0.661 0.000 0.001 0.001 0.019 0.020 0.006 0.291 
 199 W H   0.727 0.000 0.001 0.001 0.022 0.020 0.006 0.221 
 200 S H   0.770 0.000 0.001 0.002 0.025 0.020 0.007 0.176 
 201 L H   0.793 0.000 0.001 0.002 0.027 0.019 0.007 0.150 
 202 G H   0.800 0.000 0.002 0.002 0.029 0.019 0.008 0.140 
 203 I H   0.793 0.000 0.002 0.003 0.030 0.018 0.010 0.144 
 204 T H   0.769 0.000 0.002 0.003 0.031 0.018 0.013 0.163 
 205 A H   0.728 0.000 0.002 0.004 0.031 0.018 0.016 0.200 
 206 I H   0.666 0.000 0.002 0.005 0.028 0.018 0.022 0.259 
 207 E H   0.579 0.000 0.002 0.005 0.024 0.018 0.029 0.341 
 208 L H   0.476 0.000 0.002 0.005 0.019 0.017 0.039 0.441 
 209 A _   0.368 0.000 0.002 0.005 0.014 0.016 0.049 0.546 
 210 E _   0.268 0.000 0.001 0.004 0.010 0.015 0.060 0.643 
 211 L _   0.185 0.000 0.001 0.004 0.007 0.013 0.069 0.722 
 212 Q _   0.123 0.000 0.001 0.003 0.005 0.012 0.076 0.780 
 213 P _   0.081 0.000 0.000 0.003 0.003 0.012 0.082 0.819 
 214 P _   0.056 0.000 0.000 0.002 0.003 0.012 0.087 0.839 
 215 L _   0.042 0.001 0.000 0.002 0.003 0.013 0.091 0.847 
 216 F _   0.035 0.002 0.000 0.003 0.003 0.016 0.094 0.846 
 217 D _   0.034 0.005 0.001 0.005 0.005 0.020 0.097 0.833 
 218 V _   0.034 0.016 0.001 0.010 0.009 0.025 0.099 0.806 
 219 H _   0.035 0.040 0.001 0.018 0.015 0.031 0.102 0.759 
 220 P _   0.037 0.082 0.002 0.030 0.022 0.035 0.104 0.689 
 221 L _   0.036 0.132 0.002 0.045 0.027 0.038 0.106 0.613 
 222 R _   0.035 0.175 0.002 0.060 0.030 0.039 0.110 0.549 
 223 V _   0.034 0.202 0.002 0.072 0.031 0.038 0.114 0.506 
 224 L _   0.032 0.215 0.002 0.080 0.030 0.036 0.121 0.485 
 225 F _   0.030 0.219 0.002 0.080 0.027 0.033 0.128 0.480 
 226 L _   0.027 0.215 0.002 0.075 0.024 0.029 0.139 0.490 
 227 M _   0.024 0.201 0.002 0.065 0.020 0.025 0.151 0.512 
 228 T _   0.021 0.176 0.002 0.051 0.016 0.021 0.166 0.547 
 229 K _   0.018 0.140 0.001 0.037 0.012 0.018 0.182 0.592 
 230 S _   0.015 0.099 0.001 0.025 0.008 0.014 0.199 0.638 
 231 G _   0.013 0.066 0.001 0.015 0.005 0.011 0.214 0.675 
 232 Y _   0.010 0.044 0.000 0.009 0.003 0.009 0.226 0.698 
 233 Q _   0.008 0.033 0.000 0.006 0.002 0.007 0.234 0.710 
 234 P _   0.006 0.027 0.000 0.004 0.002 0.006 0.240 0.716 
 235 P _   0.005 0.025 0.000 0.003 0.001 0.006 0.243 0.716 
 236 R _   0.004 0.024 0.000 0.003 0.001 0.006 0.246 0.715 
 237 L _   0.004 0.026 0.000 0.004 0.001 0.006 0.248 0.711 
 238 K _   0.004 0.029 0.000 0.005 0.002 0.007 0.248 0.704 
 239 E _   0.005 0.036 0.000 0.007 0.002 0.009 0.247 0.693 
 240 K _   0.005 0.049 0.000 0.010 0.003 0.011 0.246 0.675 
 241 G _   0.006 0.070 0.001 0.014 0.005 0.014 0.243 0.648 
 242 K _   0.007 0.101 0.001 0.018 0.007 0.016 0.239 0.610 
 243 W _   0.008 0.142 0.001 0.024 0.010 0.019 0.235 0.560 
 244 S _   0.009 0.189 0.001 0.031 0.013 0.021 0.231 0.504 
 245 A _   0.010 0.237 0.002 0.039 0.015 0.023 0.227 0.447 
 246 A _   0.010 0.277 0.002 0.047 0.017 0.024 0.225 0.398 
 247 F _   0.011 0.306 0.002 0.054 0.019 0.024 0.224 0.361 
 248 H _   0.012 0.324 0.001 0.061 0.019 0.024 0.224 0.334 
 249 N E   0.012 0.333 0.001 0.065 0.019 0.024 0.226 0.319 
 250 F E   0.013 0.335 0.001 0.066 0.019 0.023 0.230 0.314 
 251 I E   0.013 0.328 0.001 0.064 0.018 0.021 0.236 0.318 
 252 K _   0.013 0.312 0.002 0.058 0.016 0.020 0.245 0.334 
 253 V _   0.014 0.280 0.002 0.050 0.015 0.018 0.257 0.366 
 254 T _   0.014 0.229 0.002 0.040 0.013 0.016 0.272 0.415 
 255 L _   0.013 0.165 0.002 0.030 0.010 0.014 0.290 0.477 
 256 T _   0.012 0.103 0.001 0.019 0.007 0.012 0.307 0.538 
 257 K _   0.010 0.058 0.001 0.012 0.005 0.010 0.321 0.584 
 258 S _   0.008 0.033 0.000 0.006 0.003 0.008 0.331 0.610 
 259 P _   0.006 0.022 0.000 0.004 0.002 0.007 0.338 0.622 
 260 K _   0.005 0.018 0.000 0.003 0.001 0.006 0.342 0.625 
 261 K _   0.005 0.017 0.000 0.002 0.001 0.006 0.344 0.624 
 262 R _   0.005 0.018 0.000 0.003 0.002 0.007 0.346 0.619 
 263 P _   0.005 0.021 0.000 0.005 0.002 0.009 0.347 0.610 
 264 S _   0.006 0.029 0.000 0.008 0.003 0.011 0.347 0.596 
 265 A _   0.007 0.041 0.001 0.012 0.005 0.013 0.347 0.574 
 266 T _   0.008 0.058 0.001 0.017 0.007 0.015 0.346 0.549 
 267 K _   0.008 0.075 0.001 0.021 0.008 0.017 0.346 0.524 
 268 M _   0.008 0.088 0.001 0.025 0.009 0.018 0.346 0.505 
 269 L _   0.008 0.098 0.001 0.027 0.010 0.018 0.348 0.491 
 270 S _   0.008 0.103 0.001 0.026 0.010 0.019 0.350 0.483 
 271 H _   0.008 0.106 0.001 0.024 0.009 0.019 0.353 0.479 
 272 Q _   0.009 0.107 0.001 0.021 0.009 0.019 0.357 0.478 
 273 L _   0.010 0.106 0.001 0.018 0.008 0.019 0.362 0.478 
 274 V _   0.010 0.104 0.001 0.014 0.007 0.019 0.367 0.477 
 275 S _   0.011 0.103 0.001 0.012 0.007 0.020 0.371 0.475 
 276 Q _   0.012 0.104 0.001 0.011 0.007 0.021 0.376 0.468 
 277 P _   0.014 0.106 0.001 0.011 0.008 0.023 0.381 0.456 
 278 G _   0.016 0.111 0.001 0.013 0.010 0.024 0.386 0.439 
 279 L _   0.018 0.119 0.001 0.018 0.012 0.026 0.392 0.415 
 280 N X   0.018 0.129 0.001 0.025 0.015 0.027 0.398 0.386 
 281 R X   0.019 0.140 0.001 0.034 0.017 0.027 0.405 0.358 
 282 G X   0.018 0.147 0.001 0.042 0.018 0.026 0.414 0.333 
 283 L X   0.017 0.151 0.001 0.047 0.018 0.025 0.426 0.315 
 284 I X   0.016 0.150 0.001 0.049 0.016 0.023 0.439 0.304 
 285 L X   0.014 0.145 0.001 0.048 0.015 0.020 0.456 0.301 
 286 D X   0.012 0.134 0.001 0.043 0.013 0.018 0.476 0.303 
 287 L X   0.011 0.116 0.001 0.036 0.010 0.015 0.500 0.311 
 288 L X   0.010 0.091 0.001 0.028 0.008 0.013 0.526 0.323 
 289 D X   0.009 0.064 0.001 0.020 0.006 0.011 0.554 0.335 
 290 K X   0.008 0.041 0.001 0.014 0.004 0.009 0.581 0.344 
 291 L X   0.006 0.024 0.000 0.009 0.003 0.007 0.603 0.347 
 292 K X   0.005 0.014 0.000 0.006 0.002 0.005 0.621 0.346 
 293 N X   0.005 0.009 0.000 0.004 0.001 0.004 0.634 0.342 
 294 P X   0.004 0.006 0.000 0.003 0.001 0.004 0.644 0.338 
 295 G X   0.004 0.005 0.000 0.003 0.001 0.003 0.651 0.333 
 296 K X   0.003 0.004 0.000 0.003 0.001 0.003 0.656 0.329 
 297 G X   0.003 0.004 0.000 0.003 0.001 0.003 0.660 0.326 
 298 P X   0.003 0.004 0.000 0.003 0.001 0.003 0.663 0.323 
 299 S X   0.003 0.004 0.000 0.004 0.001 0.003 0.664 0.321 
 300 I X   0.003 0.004 0.000 0.004 0.001 0.003 0.665 0.320 
 301 G X   0.002 0.004 0.000 0.004 0.001 0.003 0.665 0.321 
 302 D X   0.002 0.005 0.000 0.004 0.001 0.003 0.663 0.322 
 303 I X   0.002 0.005 0.000 0.004 0.001 0.003 0.661 0.323 
 304 E X   0.002 0.006 0.000 0.004 0.001 0.003 0.658 0.326 
 305 D X   0.002 0.007 0.000 0.004 0.001 0.003 0.654 0.329 
 306 E X   0.002 0.009 0.000 0.004 0.001 0.004 0.648 0.332 
 307 E X   0.002 0.012 0.000 0.004 0.001 0.004 0.641 0.335 
 308 P X   0.002 0.016 0.000 0.005 0.001 0.005 0.632 0.338 
 309 E X   0.002 0.024 0.000 0.007 0.002 0.006 0.621 0.338 
 310 L X   0.003 0.037 0.000 0.010 0.003 0.007 0.607 0.333 
 311 P X   0.003 0.058 0.001 0.014 0.004 0.009 0.589 0.323 
 312 P X   0.003 0.088 0.001 0.018 0.006 0.010 0.569 0.305 
 313 A X   0.004 0.125 0.001 0.023 0.007 0.011 0.548 0.282 
 314 I X   0.003 0.161 0.001 0.027 0.007 0.011 0.530 0.260 
 315 P X   0.003 0.192 0.001 0.029 0.007 0.010 0.516 0.242 
 316 R X   0.003 0.214 0.001 0.029 0.006 0.010 0.505 0.232 
 317 R X   0.003 0.229 0.001 0.028 0.006 0.009 0.498 0.227 
 318 I X   0.002 0.237 0.001 0.026 0.005 0.008 0.493 0.227 
 319 R X   0.002 0.242 0.001 0.023 0.005 0.007 0.489 0.231 
 320 S X   0.002 0.244 0.000 0.020 0.004 0.007 0.487 0.236 
 321 T X   0.002 0.243 0.000 0.016 0.003 0.006 0.485 0.243 
 322 H X   0.002 0.242 0.000 0.014 0.003 0.006 0.485 0.248 
 323 R X   0.002 0.241 0.000 0.011 0.003 0.005 0.484 0.253 
 324 S X   0.002 0.240 0.000 0.010 0.002 0.005 0.484 0.256 
 325 S X   0.002 0.239 0.000 0.009 0.002 0.005 0.484 0.258 
 326 S X   0.002 0.239 0.000 0.009 0.002 0.005 0.484 0.259 
 327 L X   0.002 0.239 0.000 0.009 0.002 0.005 0.484 0.258 
 328 G X   0.002 0.240 0.000 0.009 0.002 0.005 0.484 0.257 
 329 I X   0.002 0.241 0.000 0.009 0.002 0.006 0.484 0.255 
 330 P X   0.002 0.243 0.000 0.009 0.003 0.006 0.485 0.253 
 331 D X   0.002 0.244 0.000 0.009 0.003 0.006 0.485 0.250 
 332 A X   0.003 0.245 0.000 0.010 0.003 0.007 0.486 0.246 
 333 D X   0.003 0.247 0.000 0.011 0.003 0.007 0.487 0.241 
 334 C X   0.003 0.249 0.000 0.012 0.004 0.008 0.488 0.235 
 335 C X   0.004 0.250 0.000 0.014 0.005 0.009 0.490 0.228 
 336 R X   0.004 0.252 0.001 0.016 0.005 0.009 0.493 0.221 
 337 R X   0.004 0.253 0.001 0.018 0.006 0.010 0.496 0.213 
 338 H X   0.004 0.252 0.001 0.021 0.006 0.010 0.500 0.206 
 339 M X   0.004 0.250 0.001 0.023 0.007 0.010 0.506 0.200 
 340 E X   0.004 0.244 0.001 0.024 0.007 0.010 0.513 0.196 
 341 F X   0.005 0.235 0.001 0.025 0.007 0.010 0.522 0.195 
 342 R X   0.005 0.222 0.001 0.025 0.008 0.010 0.534 0.196 
 343 K X   0.005 0.203 0.001 0.025 0.008 0.010 0.549 0.200 
 344 L X   0.005 0.178 0.001 0.023 0.008 0.010 0.568 0.207 
 345 R X   0.005 0.150 0.001 0.021 0.007 0.009 0.590 0.216 
 346 G X   0.005 0.120 0.001 0.018 0.006 0.009 0.616 0.224 
 347 M X   0.005 0.092 0.001 0.015 0.005 0.008 0.642 0.230 
 348 E X   0.005 0.070 0.001 0.012 0.004 0.008 0.667 0.234 
 349 T X   0.004 0.053 0.001 0.010 0.003 0.007 0.689 0.234 
 350 R X   0.004 0.041 0.000 0.008 0.003 0.006 0.707 0.231 
 351 P X   0.003 0.034 0.000 0.007 0.002 0.006 0.723 0.225 
 352 P X   0.003 0.029 0.000 0.006 0.002 0.006 0.736 0.218 
 353 A X   0.003 0.026 0.000 0.006 0.002 0.005 0.749 0.209 
 354 N X   0.003 0.024 0.000 0.007 0.002 0.005 0.760 0.199 
 355 T X   0.003 0.022 0.000 0.008 0.002 0.005 0.771 0.188 
 356 A X   0.003 0.020 0.000 0.009 0.002 0.005 0.783 0.177 
 357 R X   0.003 0.019 0.000 0.010 0.002 0.005 0.795 0.166 
 358 L X   0.002 0.017 0.000 0.010 0.002 0.005 0.807 0.156 
 359 Q X   0.002 0.015 0.000 0.009 0.002 0.005 0.820 0.147 
 360 P X   0.002 0.013 0.000 0.008 0.002 0.004 0.832 0.138 
 361 P X   0.002 0.010 0.000 0.007 0.002 0.004 0.845 0.130 
 362 R X   0.002 0.008 0.000 0.006 0.002 0.003 0.857 0.122 
 363 D X   0.001 0.006 0.000 0.005 0.001 0.003 0.869 0.114 
 364 L X   0.001 0.005 0.000 0.004 0.001 0.003 0.880 0.106 
 365 R X   0.001 0.004 0.000 0.003 0.001 0.002 0.890 0.099 
 366 S X   0.001 0.003 0.000 0.003 0.001 0.002 0.898 0.091 
 367 S X   0.001 0.003 0.000 0.003 0.001 0.002 0.906 0.084 
 368 S X   0.001 0.002 0.000 0.004 0.001 0.002 0.914 0.076 
 369 P X   0.001 0.002 0.000 0.004 0.001 0.002 0.921 0.069 
 370 R X   0.001 0.002 0.000 0.004 0.001 0.002 0.927 0.062 
 371 K X   0.001 0.002 0.000 0.004 0.001 0.002 0.934 0.056 
 372 Q X   0.001 0.001 0.000 0.004 0.001 0.002 0.941 0.050 
 373 L X   0.001 0.001 0.000 0.004 0.001 0.002 0.947 0.044 
 374 S X   0.001 0.001 0.000 0.003 0.001 0.001 0.954 0.039 
 375 E X   0.001 0.001 0.000 0.002 0.001 0.001 0.959 0.035 
 376 S X   0.000 0.001 0.000 0.002 0.000 0.001 0.965 0.031 
 377 S X   0.000 0.000 0.000 0.001 0.000 0.001 0.969 0.028 
 378 D X   0.000 0.000 0.000 0.001 0.000 0.001 0.973 0.024 
 379 D X   0.000 0.000 0.000 0.001 0.000 0.001 0.976 0.022 
 380 D X   0.000 0.000 0.000 0.001 0.000 0.000 0.979 0.019 
 381 Y X   0.000 0.000 0.000 0.001 0.000 0.000 0.981 0.017 
 382 D X   0.000 0.000 0.000 0.001 0.000 0.000 0.983 0.016 
 383 D X   0.000 0.000 0.000 0.001 0.000 0.000 0.984 0.014 
 384 V X   0.000 0.000 0.000 0.001 0.000 0.000 0.985 0.013 
 385 D X   0.000 0.000 0.000 0.001 0.000 0.000 0.986 0.012 
 386 I X   0.000 0.000 0.000 0.001 0.000 0.000 0.987 0.011 
 387 P X   0.000 0.000 0.000 0.001 0.000 0.000 0.988 0.011 
 388 T X   0.000 0.000 0.000 0.001 0.000 0.000 0.988 0.010 
 389 P X   0.000 0.000 0.000 0.001 0.000 0.000 0.989 0.009 
 390 A X   0.000 0.000 0.000 0.001 0.000 0.000 0.989 0.009 
 391 E X   0.000 0.000 0.000 0.001 0.000 0.000 0.990 0.009 
 392 D X   0.000 0.000 0.000 0.001 0.000 0.000 0.990 0.009 
 393 T X   0.000 0.000 0.000 0.000 0.000 0.000 0.991 0.009 
 394 P X   0.000 0.000 0.000 0.000 0.000 0.000 0.991 0.009 
 395 P X   0.000 0.000 0.000 0.000 0.000 0.000 0.991 0.009 
 396 P X   0.000 0.000 0.000 0.000 0.000 0.000 0.990 0.009 
 397 L X   0.000 0.000 0.000 0.000 0.000 0.000 0.990 0.009 
 398 P X   0.000 0.000 0.000 0.000 0.000 0.000 0.989 0.010 
 399 P X   0.000 0.000 0.000 0.000 0.000 0.000 0.988 0.011 
 400 K X   0.000 0.000 0.000 0.001 0.000 0.000 0.987 0.012 
 401 P X   0.000 0.000 0.000 0.001 0.000 0.000 0.985 0.013 
 402 K X   0.000 0.000 0.000 0.001 0.000 0.001 0.983 0.014 
 403 F X   0.000 0.000 0.000 0.001 0.000 0.001 0.981 0.016 
 404 R X   0.000 0.000 0.000 0.001 0.000 0.001 0.979 0.018 
 405 S X   0.000 0.001 0.000 0.001 0.000 0.001 0.976 0.020 
 406 P X   0.000 0.001 0.000 0.002 0.000 0.001 0.973 0.023 
 407 S X   0.000 0.001 0.000 0.002 0.000 0.001 0.970 0.025 
 408 D X   0.000 0.001 0.000 0.002 0.000 0.001 0.967 0.028 
 409 E X   0.000 0.002 0.000 0.002 0.000 0.001 0.964 0.031 
 410 G X   0.000 0.002 0.000 0.002 0.000 0.001 0.960 0.034 
 411 P X   0.000 0.002 0.000 0.002 0.000 0.001 0.956 0.037 
 412 G X   0.000 0.003 0.000 0.002 0.000 0.001 0.952 0.041 
 413 S X   0.000 0.003 0.000 0.002 0.000 0.001 0.948 0.044 
 414 M X   0.000 0.004 0.000 0.002 0.001 0.002 0.943 0.048 
 415 G X   0.001 0.005 0.000 0.003 0.001 0.002 0.937 0.052 
 416 D X   0.001 0.007 0.000 0.003 0.001 0.002 0.930 0.055 
 417 D X   0.001 0.010 0.000 0.004 0.001 0.003 0.922 0.058 
 418 G X   0.001 0.015 0.000 0.006 0.002 0.004 0.912 0.060 
 419 Q X   0.001 0.023 0.000 0.009 0.003 0.005 0.900 0.059 
 420 L X   0.001 0.035 0.000 0.012 0.004 0.006 0.886 0.055 
 421 S X   0.001 0.049 0.001 0.017 0.004 0.006 0.872 0.050 
 422 P X   0.001 0.062 0.001 0.022 0.005 0.006 0.859 0.044 
 423 G X   0.001 0.072 0.001 0.026 0.005 0.006 0.850 0.039 
 424 V X   0.001 0.078 0.000 0.028 0.005 0.006 0.845 0.036 
 425 L X   0.001 0.081 0.000 0.030 0.005 0.006 0.842 0.035 
 426 V X   0.001 0.082 0.000 0.030 0.005 0.006 0.841 0.035 
 427 R X   0.001 0.081 0.000 0.029 0.004 0.005 0.843 0.036 
 428 C X   0.001 0.078 0.000 0.026 0.004 0.005 0.846 0.040 
 429 A X   0.001 0.071 0.000 0.022 0.004 0.004 0.852 0.045 
 430 S X   0.002 0.060 0.000 0.018 0.003 0.004 0.861 0.052 
 431 G X   0.002 0.045 0.000 0.013 0.003 0.004 0.872 0.061 
 432 P X   0.002 0.030 0.000 0.009 0.002 0.003 0.884 0.070 
 433 P X   0.002 0.019 0.000 0.005 0.001 0.002 0.894 0.076 
 434 P X   0.001 0.011 0.000 0.003 0.001 0.002 0.902 0.080 
 435 N X   0.001 0.007 0.000 0.002 0.001 0.001 0.906 0.081 
 436 S X   0.001 0.005 0.000 0.001 0.000 0.001 0.909 0.082 
 437 P X   0.001 0.004 0.000 0.001 0.000 0.001 0.911 0.083 
 438 R X   0.001 0.003 0.000 0.001 0.000 0.001 0.911 0.083 
 439 P X   0.001 0.003 0.000 0.001 0.000 0.001 0.910 0.084 
 440 G X   0.001 0.003 0.000 0.001 0.000 0.001 0.909 0.085 
 441 P X   0.001 0.004 0.000 0.001 0.000 0.001 0.906 0.087 
 442 P X   0.001 0.004 0.000 0.002 0.000 0.001 0.903 0.089 
 443 P X   0.001 0.005 0.000 0.003 0.001 0.002 0.898 0.090 
 444 S X   0.001 0.007 0.000 0.004 0.001 0.002 0.893 0.092 
 445 T X   0.001 0.009 0.000 0.005 0.001 0.003 0.886 0.094 
 446 S X   0.001 0.013 0.000 0.008 0.002 0.003 0.879 0.095 
 447 S X   0.001 0.017 0.000 0.010 0.002 0.004 0.871 0.095 
 448 P X   0.001 0.021 0.000 0.013 0.002 0.004 0.864 0.095 
 449 H X   0.001 0.024 0.000 0.015 0.003 0.005 0.858 0.095 
 450 L X   0.001 0.026 0.000 0.017 0.003 0.005 0.853 0.095 
 451 T X   0.001 0.028 0.000 0.018 0.003 0.005 0.850 0.095 
 452 A X   0.001 0.029 0.000 0.018 0.003 0.005 0.848 0.097 
 453 H X   0.001 0.028 0.000 0.017 0.003 0.004 0.847 0.098 
 454 S X   0.001 0.027 0.000 0.016 0.003 0.004 0.848 0.101 
 455 E X   0.001 0.026 0.000 0.014 0.002 0.004 0.849 0.104 
 456 P X   0.001 0.023 0.000 0.011 0.002 0.004 0.852 0.107 
 457 S X   0.001 0.019 0.000 0.009 0.002 0.003 0.855 0.110 
 458 L X   0.002 0.015 0.000 0.007 0.001 0.003 0.858 0.114 
 459 W X   0.002 0.011 0.000 0.005 0.001 0.003 0.862 0.117 
 460 N X   0.002 0.008 0.000 0.004 0.001 0.002 0.865 0.119 
 461 P X   0.002 0.006 0.000 0.003 0.001 0.002 0.867 0.120 
 462 P X   0.001 0.004 0.000 0.002 0.001 0.002 0.868 0.121 
 463 S X   0.001 0.003 0.000 0.002 0.001 0.002 0.869 0.122 
 464 R X   0.001 0.002 0.000 0.002 0.000 0.002 0.869 0.123 
 465 E X   0.001 0.002 0.000 0.002 0.000 0.002 0.869 0.124 
 466 L X   0.001 0.001 0.000 0.002 0.000 0.001 0.868 0.126 
 467 D X   0.001 0.001 0.000 0.002 0.000 0.001 0.866 0.129 
 468 K X   0.001 0.001 0.000 0.002 0.000 0.002 0.863 0.131 
 469 P X   0.001 0.001 0.000 0.002 0.000 0.002 0.859 0.135 
 470 P X   0.001 0.001 0.000 0.002 0.001 0.002 0.854 0.140 
 471 L X   0.001 0.001 0.000 0.002 0.001 0.002 0.848 0.146 
 472 L X   0.001 0.001 0.000 0.002 0.001 0.002 0.841 0.153 
 473 P X   0.001 0.001 0.000 0.002 0.001 0.002 0.831 0.161 
 474 P X   0.001 0.001 0.000 0.002 0.001 0.003 0.820 0.171 
 475 K X   0.001 0.001 0.000 0.003 0.001 0.004 0.807 0.183 
 476 K X   0.002 0.002 0.000 0.003 0.001 0.005 0.790 0.197 
 477 E X   0.002 0.003 0.000 0.004 0.002 0.007 0.770 0.212 
 478 K X   0.003 0.006 0.000 0.006 0.003 0.010 0.746 0.227 
 479 M X   0.004 0.011 0.001 0.009 0.004 0.015 0.717 0.239 
 480 K X   0.007 0.022 0.001 0.014 0.008 0.022 0.680 0.248 
 481 R X   0.010 0.042 0.002 0.022 0.014 0.030 0.633 0.248 
 482 K X   0.013 0.074 0.002 0.032 0.021 0.038 0.580 0.240 
 483 G X   0.015 0.113 0.003 0.044 0.029 0.044 0.526 0.225 
 484 C X   0.018 0.150 0.003 0.056 0.034 0.049 0.479 0.211 
 485 A X   0.020 0.178 0.003 0.066 0.038 0.051 0.442 0.202 
 486 L X   0.022 0.195 0.002 0.072 0.040 0.052 0.414 0.202 
 487 L X   0.025 0.203 0.002 0.074 0.040 0.052 0.393 0.211 
 488 V X   0.028 0.205 0.002 0.070 0.039 0.051 0.376 0.228 
 489 K X   0.030 0.200 0.002 0.063 0.037 0.049 0.363 0.255 
 490 L X   0.033 0.188 0.002 0.052 0.033 0.047 0.352 0.293 
 491 F X   0.035 0.167 0.002 0.040 0.029 0.045 0.343 0.340 
 492 N _   0.036 0.141 0.002 0.029 0.024 0.042 0.336 0.390 
 493 G _   0.037 0.116 0.002 0.020 0.020 0.040 0.329 0.437 
 494 C _   0.037 0.096 0.001 0.015 0.016 0.038 0.323 0.474 
 495 P _   0.036 0.084 0.001 0.012 0.013 0.036 0.317 0.501 
 496 L _   0.034 0.077 0.001 0.011 0.012 0.034 0.312 0.520 
 497 R _   0.033 0.074 0.001 0.012 0.011 0.032 0.306 0.531 
 498 I _   0.030 0.073 0.001 0.015 0.011 0.030 0.300 0.539 
 499 H _   0.028 0.072 0.001 0.018 0.012 0.028 0.295 0.546 
 500 S _   0.025 0.071 0.001 0.021 0.012 0.026 0.290 0.554 
 501 T _   0.022 0.069 0.001 0.023 0.011 0.023 0.285 0.565 
 502 A _   0.020 0.065 0.001 0.024 0.010 0.021 0.282 0.578 
 503 A _   0.017 0.058 0.001 0.022 0.009 0.018 0.278 0.596 
 504 W _   0.015 0.049 0.001 0.019 0.007 0.015 0.276 0.619 
 505 T _   0.012 0.038 0.001 0.015 0.006 0.013 0.273 0.643 
 506 H _   0.010 0.027 0.001 0.010 0.004 0.011 0.270 0.667 
 507 P _   0.009 0.018 0.000 0.007 0.003 0.009 0.267 0.687 
 508 S _   0.007 0.012 0.000 0.005 0.002 0.008 0.263 0.702 
 509 T _   0.007 0.010 0.000 0.003 0.002 0.008 0.259 0.711 
 510 K _   0.007 0.009 0.000 0.003 0.002 0.009 0.254 0.717 
 511 D _   0.007 0.009 0.000 0.003 0.002 0.010 0.248 0.719 
 512 Q _   0.009 0.012 0.000 0.005 0.004 0.013 0.240 0.716 
 513 H _   0.012 0.019 0.001 0.009 0.006 0.017 0.231 0.705 
 514 L _   0.015 0.035 0.001 0.016 0.010 0.022 0.220 0.681 
 515 L _   0.017 0.061 0.002 0.027 0.015 0.026 0.207 0.645 
 516 L _   0.019 0.092 0.002 0.040 0.020 0.029 0.193 0.606 
 517 G _   0.019 0.118 0.002 0.053 0.023 0.031 0.181 0.573 
 518 A _   0.020 0.135 0.002 0.063 0.024 0.031 0.172 0.552 
 519 E _   0.020 0.144 0.002 0.069 0.024 0.030 0.165 0.546 
 520 E _   0.020 0.146 0.002 0.069 0.023 0.029 0.161 0.551 
 521 G _   0.019 0.143 0.002 0.064 0.021 0.027 0.157 0.567 
 522 I _   0.018 0.133 0.002 0.055 0.018 0.024 0.155 0.596 
 523 F _   0.017 0.115 0.001 0.043 0.014 0.021 0.153 0.636 
 524 I _   0.016 0.088 0.001 0.030 0.011 0.018 0.152 0.684 
 525 L _   0.014 0.059 0.001 0.019 0.007 0.015 0.151 0.733 
 526 N _   0.012 0.035 0.001 0.012 0.005 0.013 0.150 0.772 
 527 R _   0.010 0.021 0.000 0.007 0.003 0.012 0.148 0.799 
 528 N _   0.009 0.013 0.000 0.004 0.003 0.011 0.145 0.814 
 529 D _   0.008 0.010 0.000 0.004 0.002 0.011 0.143 0.821 
 530 Q _   0.009 0.010 0.000 0.004 0.003 0.013 0.139 0.822 
 531 E _   0.010 0.011 0.000 0.006 0.004 0.015 0.135 0.819 
 532 A _   0.012 0.014 0.001 0.009 0.005 0.018 0.131 0.810 
 533 T _   0.014 0.018 0.001 0.014 0.008 0.022 0.125 0.799 
 534 L _   0.016 0.023 0.001 0.019 0.010 0.025 0.120 0.786 
 535 E _   0.017 0.028 0.001 0.024 0.012 0.028 0.114 0.775 
 536 M _   0.019 0.032 0.001 0.026 0.014 0.031 0.109 0.768 
 537 L _   0.020 0.034 0.001 0.026 0.015 0.033 0.105 0.766 
 538 F _   0.022 0.034 0.001 0.024 0.015 0.035 0.101 0.768 
 539 P _   0.024 0.033 0.001 0.021 0.015 0.037 0.097 0.772 
 540 S _   0.028 0.032 0.001 0.017 0.016 0.039 0.093 0.774 
 541 R _   0.033 0.031 0.001 0.014 0.016 0.041 0.090 0.773 
 542 T _   0.039 0.031 0.001 0.012 0.017 0.043 0.087 0.769 
 543 T _   0.045 0.033 0.001 0.012 0.018 0.046 0.085 0.760 
 544 W _   0.051 0.035 0.001 0.013 0.021 0.049 0.082 0.747 
 545 V _   0.057 0.041 0.002 0.015 0.025 0.051 0.080 0.729 
 546 Y _   0.062 0.048 0.002 0.020 0.028 0.053 0.078 0.709 
 547 S _   0.066 0.057 0.002 0.025 0.032 0.053 0.076 0.690 
 548 I _   0.067 0.066 0.002 0.032 0.034 0.052 0.074 0.672 
 549 N _   0.067 0.074 0.002 0.038 0.035 0.051 0.072 0.661 
 550 N _   0.065 0.077 0.002 0.043 0.034 0.048 0.072 0.660 
 551 V _   0.061 0.078 0.002 0.044 0.031 0.044 0.072 0.668 
 552 L _   0.056 0.075 0.002 0.042 0.027 0.040 0.072 0.685 
 553 M _   0.049 0.068 0.002 0.037 0.022 0.035 0.073 0.715 
 554 S _   0.042 0.056 0.001 0.029 0.017 0.030 0.073 0.751 
 555 L _   0.034 0.041 0.001 0.021 0.012 0.025 0.074 0.792 
 556 S _   0.026 0.026 0.001 0.013 0.008 0.021 0.075 0.831 
 557 G _   0.020 0.015 0.001 0.008 0.005 0.017 0.075 0.859 
 558 K _   0.016 0.010 0.000 0.004 0.003 0.015 0.074 0.876 
 559 T _   0.014 0.008 0.000 0.003 0.003 0.014 0.074 0.885 
 560 P _   0.014 0.008 0.000 0.003 0.003 0.015 0.072 0.886 
 561 H _   0.015 0.009 0.000 0.004 0.004 0.017 0.071 0.880 
 562 L _   0.017 0.016 0.001 0.007 0.006 0.020 0.069 0.864 
 563 Y _   0.019 0.033 0.001 0.014 0.010 0.024 0.066 0.832 
 564 S _   0.021 0.064 0.002 0.025 0.015 0.027 0.063 0.782 
 565 H _   0.022 0.102 0.002 0.039 0.020 0.029 0.060 0.726 
 566 S _   0.022 0.135 0.002 0.052 0.022 0.030 0.057 0.680 
 567 I _   0.022 0.156 0.002 0.062 0.023 0.030 0.055 0.652 
 568 L _   0.021 0.166 0.002 0.066 0.022 0.029 0.053 0.640 
 569 G _   0.020 0.169 0.002 0.066 0.021 0.027 0.053 0.642 
 570 L _   0.019 0.165 0.002 0.061 0.019 0.025 0.053 0.656 
 571 L _   0.018 0.154 0.001 0.052 0.016 0.022 0.053 0.683 
 572 E _   0.017 0.134 0.001 0.041 0.013 0.019 0.054 0.721 
 573 R _   0.015 0.105 0.001 0.029 0.010 0.016 0.056 0.767 
 574 K _   0.014 0.075 0.001 0.019 0.007 0.014 0.057 0.813 
 575 E _   0.012 0.050 0.001 0.012 0.005 0.012 0.058 0.850 
 576 T _   0.010 0.034 0.000 0.008 0.003 0.010 0.059 0.875 
 577 R _   0.009 0.026 0.000 0.005 0.003 0.010 0.059 0.889 
 578 A _   0.008 0.023 0.000 0.004 0.002 0.009 0.058 0.895 
 579 G _   0.008 0.022 0.000 0.004 0.002 0.010 0.058 0.896 
 580 N _   0.009 0.023 0.000 0.005 0.003 0.011 0.057 0.893 
 581 P _   0.010 0.025 0.000 0.007 0.004 0.012 0.056 0.886 
 582 I _   0.011 0.031 0.001 0.009 0.005 0.014 0.054 0.875 
 583 A _   0.012 0.039 0.001 0.013 0.006 0.017 0.052 0.860 
 584 H _   0.013 0.048 0.001 0.017 0.008 0.019 0.051 0.844 
 585 I _   0.014 0.058 0.001 0.021 0.010 0.021 0.049 0.827 
 586 S _   0.014 0.067 0.001 0.025 0.011 0.022 0.047 0.813 
 587 P _   0.015 0.074 0.001 0.028 0.013 0.023 0.045 0.801 
 588 H _   0.015 0.080 0.001 0.030 0.013 0.024 0.044 0.793 
 589 R _   0.015 0.083 0.001 0.032 0.014 0.024 0.043 0.789 
 590 L _   0.015 0.084 0.001 0.032 0.014 0.023 0.042 0.788 
 591 L _   0.015 0.084 0.001 0.032 0.013 0.022 0.041 0.792 
 592 A _   0.014 0.082 0.001 0.030 0.012 0.021 0.041 0.798 
 593 R _   0.014 0.077 0.001 0.028 0.011 0.020 0.041 0.807 
 594 K _   0.014 0.071 0.001 0.026 0.010 0.019 0.041 0.819 
 595 N _   0.013 0.063 0.001 0.023 0.009 0.017 0.041 0.833 
 596 M _   0.012 0.053 0.001 0.020 0.008 0.016 0.041 0.849 
 597 V _   0.012 0.043 0.001 0.016 0.007 0.014 0.041 0.866 
 598 S _   0.011 0.033 0.001 0.013 0.005 0.013 0.041 0.883 
 599 T _   0.011 0.024 0.001 0.010 0.004 0.012 0.041 0.897 
 600 K _   0.010 0.017 0.000 0.007 0.004 0.012 0.041 0.909 
 601 I _   0.010 0.012 0.000 0.006 0.003 0.012 0.040 0.916 
 602 Q _   0.011 0.010 0.000 0.004 0.003 0.013 0.039 0.920 
 603 D _   0.012 0.009 0.000 0.004 0.003 0.014 0.038 0.919 
 604 T _   0.014 0.009 0.000 0.005 0.004 0.017 0.037 0.912 
 605 K _   0.018 0.012 0.001 0.007 0.007 0.021 0.036 0.899 
 606 G _   0.023 0.017 0.001 0.012 0.010 0.026 0.034 0.877 
 607 C _   0.027 0.027 0.001 0.020 0.015 0.031 0.032 0.847 
 608 R _   0.030 0.039 0.002 0.032 0.021 0.035 0.030 0.812 
 609 A _   0.033 0.050 0.002 0.043 0.025 0.037 0.028 0.783 
 610 C _   0.035 0.057 0.002 0.052 0.027 0.038 0.026 0.764 
 611 C _   0.036 0.060 0.002 0.056 0.027 0.037 0.025 0.758 
 612 V _   0.037 0.059 0.002 0.054 0.025 0.036 0.024 0.763 
 613 A _   0.037 0.054 0.002 0.047 0.022 0.033 0.023 0.780 
 614 E _   0.039 0.044 0.002 0.036 0.018 0.031 0.023 0.808 
 615 G _   0.042 0.030 0.001 0.024 0.014 0.028 0.022 0.838 
 616 A _   0.047 0.016 0.001 0.014 0.010 0.026 0.022 0.864 
 617 S _   0.055 0.006 0.001 0.007 0.007 0.024 0.021 0.879 
 618 S _   0.067 0.002 0.001 0.004 0.005 0.023 0.020 0.878 
 619 G _   0.086 0.000 0.001 0.002 0.005 0.024 0.019 0.862 
 620 G _   0.116 0.000 0.001 0.002 0.006 0.026 0.018 0.831 
 621 P _   0.159 0.000 0.001 0.002 0.008 0.029 0.017 0.784 
 622 F _   0.213 0.000 0.001 0.002 0.012 0.034 0.015 0.722 
 623 L _   0.272 0.000 0.001 0.003 0.018 0.039 0.014 0.653 
 624 C _   0.330 0.000 0.002 0.004 0.025 0.044 0.013 0.583 
 625 G _   0.380 0.000 0.002 0.005 0.032 0.047 0.012 0.523 
 626 A _   0.421 0.001 0.002 0.005 0.038 0.049 0.011 0.473 
 627 L H   0.451 0.001 0.002 0.006 0.043 0.049 0.011 0.437 
 628 E H   0.469 0.001 0.002 0.007 0.046 0.049 0.011 0.415 
 629 T H   0.477 0.002 0.002 0.008 0.047 0.047 0.011 0.406 
 630 S H   0.474 0.002 0.002 0.009 0.046 0.045 0.011 0.411 
 631 V H   0.459 0.002 0.002 0.009 0.043 0.042 0.012 0.430 
 632 V _   0.433 0.002 0.002 0.010 0.038 0.039 0.013 0.463 
 633 L _   0.394 0.002 0.002 0.009 0.031 0.035 0.014 0.513 
 634 L _   0.346 0.001 0.002 0.008 0.024 0.031 0.016 0.573 
 635 Q _   0.292 0.001 0.001 0.006 0.017 0.027 0.017 0.639 
 636 W _   0.237 0.000 0.001 0.004 0.011 0.023 0.018 0.705 
 637 Y _   0.187 0.000 0.001 0.003 0.008 0.021 0.019 0.762 
 638 Q _   0.148 0.000 0.001 0.002 0.005 0.019 0.019 0.805 
 639 P _   0.121 0.000 0.000 0.002 0.004 0.018 0.020 0.834 
 640 M _   0.106 0.000 0.000 0.002 0.004 0.019 0.020 0.849 
 641 N _   0.098 0.000 0.000 0.002 0.005 0.021 0.021 0.854 
 642 K _   0.095 0.000 0.001 0.003 0.006 0.024 0.021 0.850 
 643 F _   0.097 0.001 0.001 0.005 0.009 0.028 0.021 0.839 
 644 L _   0.100 0.001 0.001 0.008 0.013 0.032 0.021 0.824 
 645 L _   0.102 0.003 0.001 0.012 0.017 0.035 0.021 0.808 
 646 V _   0.104 0.004 0.001 0.017 0.021 0.038 0.021 0.795 
 647 R _   0.103 0.005 0.002 0.020 0.022 0.039 0.021 0.789 
 648 Q _   0.101 0.005 0.002 0.020 0.022 0.038 0.022 0.790 
 649 V _   0.097 0.005 0.001 0.018 0.020 0.037 0.022 0.799 
 650 L _   0.092 0.004 0.001 0.014 0.017 0.035 0.023 0.813 
 651 F _   0.086 0.003 0.001 0.010 0.014 0.033 0.023 0.830 
 652 P _   0.079 0.002 0.001 0.007 0.011 0.031 0.024 0.846 
 653 L _   0.074 0.001 0.001 0.005 0.009 0.030 0.024 0.857 
 654 P _   0.069 0.001 0.001 0.004 0.008 0.029 0.024 0.865 
 655 T _   0.066 0.001 0.001 0.004 0.008 0.030 0.024 0.867 
 656 P _   0.064 0.001 0.001 0.005 0.010 0.031 0.024 0.864 
 657 L _   0.063 0.002 0.001 0.008 0.012 0.032 0.025 0.858 
 658 S _   0.061 0.003 0.001 0.012 0.014 0.033 0.025 0.850 
 659 V _   0.059 0.005 0.001 0.017 0.016 0.034 0.025 0.842 
 660 F _   0.056 0.007 0.001 0.021 0.017 0.033 0.025 0.839 
 661 A _   0.051 0.008 0.001 0.023 0.017 0.032 0.026 0.842 
 662 L _   0.046 0.007 0.001 0.022 0.015 0.030 0.026 0.852 
 663 L _   0.041 0.007 0.001 0.018 0.013 0.027 0.027 0.867 
