#TopoPred_TM8: 8-state transmembrane topology prediction results by no_profile mode 
#probabilities are in the order of H E C I L F X _, the 8 transmembrane topology types used in PDBTM 
   1 M X   0.011 0.001 0.002 0.030 0.008 0.011 0.795 0.142 
   2 N X   0.005 0.001 0.000 0.019 0.002 0.008 0.813 0.152 
   3 F X   0.003 0.001 0.000 0.015 0.001 0.008 0.817 0.155 
   4 N X   0.004 0.002 0.000 0.015 0.001 0.010 0.814 0.154 
   5 T X   0.007 0.004 0.000 0.018 0.003 0.013 0.806 0.150 
   6 I X   0.010 0.008 0.001 0.022 0.006 0.017 0.792 0.145 
   7 L X   0.012 0.014 0.001 0.028 0.008 0.019 0.778 0.140 
   8 E X   0.014 0.020 0.001 0.033 0.009 0.020 0.764 0.138 
   9 E X   0.014 0.025 0.001 0.037 0.010 0.019 0.753 0.141 
  10 I X   0.014 0.027 0.001 0.038 0.010 0.018 0.745 0.148 
  11 L X   0.012 0.028 0.001 0.035 0.010 0.016 0.738 0.160 
  12 I X   0.011 0.027 0.001 0.031 0.008 0.014 0.734 0.176 
  13 K X   0.009 0.024 0.001 0.024 0.007 0.011 0.731 0.193 
  14 R X   0.008 0.019 0.001 0.017 0.005 0.009 0.729 0.212 
  15 S X   0.007 0.013 0.000 0.011 0.003 0.007 0.728 0.230 
  16 Q X   0.005 0.008 0.000 0.007 0.002 0.006 0.726 0.245 
  17 Q X   0.004 0.005 0.000 0.004 0.001 0.004 0.723 0.257 
  18 K X   0.003 0.003 0.000 0.002 0.001 0.004 0.720 0.267 
  19 K X   0.003 0.002 0.000 0.002 0.001 0.003 0.715 0.275 
  20 K X   0.002 0.002 0.000 0.001 0.001 0.003 0.709 0.282 
  21 T X   0.002 0.002 0.000 0.001 0.001 0.003 0.701 0.289 
  22 S X   0.003 0.002 0.000 0.002 0.001 0.004 0.692 0.296 
  23 P X   0.003 0.003 0.000 0.003 0.002 0.006 0.680 0.302 
  24 L X   0.005 0.007 0.000 0.005 0.003 0.010 0.665 0.306 
  25 N X   0.006 0.015 0.001 0.008 0.005 0.014 0.645 0.306 
  26 Y X   0.009 0.032 0.001 0.013 0.009 0.019 0.619 0.299 
  27 K X   0.010 0.060 0.001 0.020 0.013 0.024 0.588 0.282 
  28 E X   0.012 0.097 0.002 0.027 0.018 0.027 0.556 0.261 
  29 R X   0.013 0.134 0.002 0.034 0.021 0.030 0.527 0.239 
  30 L X   0.014 0.165 0.002 0.039 0.023 0.031 0.503 0.223 
  31 F X   0.015 0.188 0.002 0.043 0.025 0.031 0.484 0.212 
  32 V X   0.016 0.204 0.002 0.045 0.025 0.031 0.470 0.207 
  33 L X   0.016 0.213 0.002 0.047 0.025 0.030 0.460 0.208 
  34 T X   0.017 0.217 0.001 0.047 0.024 0.029 0.452 0.214 
  35 K X   0.018 0.216 0.001 0.045 0.022 0.027 0.446 0.225 
  36 S X   0.017 0.210 0.001 0.042 0.020 0.024 0.443 0.242 
  37 M X   0.017 0.198 0.001 0.038 0.017 0.022 0.441 0.266 
  38 L X   0.016 0.180 0.001 0.033 0.014 0.019 0.440 0.296 
  39 T X   0.015 0.153 0.001 0.027 0.011 0.017 0.440 0.335 
  40 Y X   0.014 0.121 0.001 0.021 0.009 0.015 0.441 0.379 
  41 Y X   0.012 0.090 0.001 0.016 0.007 0.012 0.442 0.421 
  42 E _   0.010 0.064 0.001 0.011 0.005 0.011 0.442 0.457 
  43 G _   0.008 0.045 0.000 0.008 0.003 0.009 0.441 0.485 
  44 R _   0.007 0.034 0.000 0.005 0.002 0.008 0.439 0.504 
  45 A _   0.006 0.029 0.000 0.004 0.002 0.007 0.437 0.516 
  46 E _   0.005 0.026 0.000 0.004 0.002 0.006 0.434 0.524 
  47 K _   0.005 0.025 0.000 0.004 0.002 0.007 0.430 0.529 
  48 K _   0.005 0.026 0.000 0.004 0.002 0.007 0.425 0.531 
  49 Y _   0.005 0.028 0.000 0.006 0.003 0.008 0.419 0.531 
  50 R _   0.006 0.032 0.000 0.008 0.003 0.010 0.413 0.529 
  51 K _   0.006 0.038 0.001 0.010 0.004 0.011 0.406 0.524 
  52 G _   0.007 0.045 0.001 0.013 0.005 0.013 0.399 0.518 
  53 F _   0.008 0.054 0.001 0.016 0.007 0.014 0.392 0.510 
  54 I _   0.008 0.063 0.001 0.019 0.008 0.016 0.384 0.501 
  55 D _   0.009 0.071 0.001 0.022 0.010 0.018 0.378 0.492 
  56 V _   0.011 0.079 0.001 0.025 0.011 0.019 0.372 0.483 
  57 S _   0.012 0.085 0.001 0.028 0.012 0.020 0.368 0.474 
  58 K _   0.013 0.089 0.001 0.031 0.013 0.020 0.364 0.468 
  59 I _   0.014 0.092 0.001 0.034 0.013 0.020 0.362 0.465 
  60 K _   0.014 0.092 0.001 0.035 0.013 0.019 0.361 0.465 
  61 C _   0.014 0.090 0.001 0.034 0.012 0.018 0.361 0.471 
  62 V _   0.014 0.085 0.001 0.031 0.010 0.016 0.362 0.481 
  63 E _   0.013 0.076 0.001 0.026 0.009 0.014 0.364 0.496 
  64 I _   0.012 0.064 0.001 0.021 0.007 0.012 0.366 0.517 
  65 V _   0.011 0.050 0.001 0.016 0.005 0.010 0.368 0.539 
  66 K _   0.009 0.036 0.001 0.011 0.004 0.009 0.370 0.560 
  67 N _   0.008 0.026 0.000 0.007 0.003 0.007 0.371 0.578 
  68 D _   0.007 0.019 0.000 0.005 0.002 0.006 0.371 0.590 
  69 D _   0.005 0.016 0.000 0.003 0.001 0.005 0.371 0.598 
  70 G _   0.005 0.014 0.000 0.003 0.001 0.005 0.369 0.603 
  71 V _   0.005 0.014 0.000 0.003 0.001 0.005 0.366 0.605 
  72 I _   0.004 0.015 0.000 0.004 0.002 0.006 0.363 0.606 
  73 P _   0.005 0.019 0.000 0.005 0.002 0.007 0.358 0.604 
  74 C _   0.005 0.025 0.000 0.007 0.003 0.008 0.352 0.600 
  75 Q _   0.005 0.035 0.001 0.010 0.004 0.009 0.345 0.591 
  76 N _   0.005 0.048 0.001 0.014 0.005 0.011 0.337 0.580 
  77 K _   0.005 0.063 0.001 0.017 0.006 0.012 0.328 0.568 
  78 Y _   0.005 0.078 0.001 0.019 0.006 0.013 0.320 0.557 
  79 P _   0.006 0.092 0.001 0.021 0.007 0.013 0.313 0.547 
  80 F _   0.006 0.105 0.001 0.022 0.007 0.014 0.307 0.538 
  81 Q _   0.006 0.116 0.001 0.023 0.008 0.015 0.301 0.531 
  82 V _   0.006 0.125 0.001 0.024 0.008 0.016 0.296 0.523 
  83 V _   0.007 0.134 0.001 0.025 0.009 0.016 0.292 0.516 
  84 H _   0.008 0.142 0.001 0.027 0.010 0.017 0.288 0.508 
  85 D _   0.008 0.148 0.001 0.029 0.011 0.018 0.285 0.500 
  86 A _   0.009 0.152 0.001 0.031 0.012 0.018 0.283 0.493 
  87 N _   0.010 0.154 0.001 0.033 0.012 0.019 0.282 0.489 
  88 T _   0.011 0.154 0.001 0.034 0.012 0.018 0.282 0.488 
  89 L _   0.011 0.151 0.001 0.034 0.012 0.018 0.283 0.491 
  90 Y _   0.011 0.143 0.001 0.032 0.011 0.017 0.284 0.501 
  91 I _   0.011 0.132 0.001 0.028 0.010 0.015 0.287 0.517 
  92 F _   0.010 0.116 0.001 0.023 0.008 0.014 0.290 0.538 
  93 A _   0.010 0.096 0.001 0.018 0.007 0.013 0.293 0.563 
  94 P _   0.009 0.076 0.001 0.013 0.005 0.011 0.297 0.588 
  95 S _   0.008 0.061 0.001 0.009 0.004 0.010 0.300 0.607 
  96 P _   0.007 0.051 0.000 0.007 0.003 0.010 0.302 0.619 
  97 Q _   0.007 0.045 0.000 0.006 0.003 0.010 0.304 0.625 
  98 S _   0.007 0.043 0.000 0.006 0.003 0.010 0.305 0.626 
  99 R _   0.007 0.042 0.000 0.008 0.003 0.010 0.306 0.623 
 100 D _   0.007 0.044 0.000 0.010 0.004 0.011 0.306 0.617 
 101 L _   0.007 0.046 0.001 0.014 0.005 0.011 0.307 0.609 
 102 W _   0.008 0.048 0.001 0.018 0.006 0.012 0.307 0.600 
 103 V _   0.007 0.050 0.001 0.022 0.007 0.012 0.308 0.593 
 104 K _   0.007 0.050 0.001 0.024 0.007 0.012 0.310 0.589 
 105 K _   0.007 0.049 0.001 0.024 0.007 0.011 0.312 0.590 
 106 L _   0.007 0.046 0.001 0.022 0.006 0.010 0.315 0.595 
 107 K _   0.006 0.041 0.001 0.018 0.005 0.009 0.318 0.602 
 108 E _   0.006 0.035 0.001 0.014 0.004 0.008 0.322 0.611 
 109 E _   0.005 0.029 0.000 0.010 0.003 0.007 0.326 0.619 
 110 I _   0.005 0.023 0.000 0.007 0.003 0.006 0.330 0.625 
 111 K _   0.005 0.020 0.000 0.005 0.002 0.006 0.333 0.628 
 112 N _   0.005 0.018 0.000 0.004 0.002 0.006 0.336 0.628 
 113 N _   0.005 0.018 0.000 0.005 0.002 0.007 0.338 0.626 
 114 N _   0.005 0.019 0.000 0.006 0.002 0.007 0.340 0.621 
 115 N _   0.006 0.021 0.000 0.008 0.003 0.008 0.341 0.613 
 116 I _   0.007 0.024 0.000 0.010 0.004 0.010 0.343 0.603 
 117 M _   0.007 0.028 0.001 0.014 0.005 0.011 0.344 0.592 
 118 I _   0.007 0.032 0.001 0.017 0.006 0.011 0.346 0.581 
 119 K _   0.007 0.035 0.001 0.019 0.006 0.012 0.348 0.572 
 120 Y _   0.007 0.037 0.001 0.021 0.006 0.012 0.350 0.567 
 121 H _   0.007 0.038 0.001 0.020 0.006 0.011 0.353 0.564 
 122 P _   0.007 0.038 0.001 0.019 0.006 0.011 0.357 0.563 
 123 K _   0.006 0.037 0.001 0.017 0.005 0.010 0.361 0.564 
 124 F _   0.006 0.035 0.001 0.014 0.005 0.009 0.366 0.565 
 125 W _   0.006 0.033 0.000 0.012 0.004 0.009 0.371 0.565 
 126 T _   0.005 0.031 0.000 0.010 0.004 0.008 0.376 0.565 
 127 D _   0.005 0.030 0.000 0.009 0.003 0.008 0.381 0.563 
 128 G _   0.005 0.030 0.000 0.009 0.003 0.008 0.385 0.560 
 129 S _   0.005 0.029 0.000 0.009 0.003 0.008 0.390 0.556 
 130 Y _   0.005 0.029 0.000 0.009 0.003 0.008 0.394 0.551 
 131 Q _   0.005 0.030 0.000 0.010 0.003 0.008 0.398 0.546 
 132 C _   0.005 0.030 0.000 0.010 0.003 0.007 0.402 0.541 
 133 C _   0.005 0.031 0.000 0.011 0.003 0.007 0.406 0.536 
 134 R _   0.004 0.032 0.000 0.011 0.003 0.007 0.410 0.532 
 135 Q _   0.004 0.032 0.000 0.011 0.003 0.007 0.414 0.528 
 136 T _   0.004 0.032 0.000 0.011 0.003 0.007 0.419 0.524 
 137 E _   0.004 0.033 0.000 0.010 0.003 0.007 0.423 0.520 
 138 K _   0.004 0.033 0.000 0.010 0.003 0.006 0.427 0.516 
 139 L _   0.004 0.033 0.000 0.009 0.003 0.006 0.432 0.513 
 140 A _   0.003 0.034 0.000 0.009 0.003 0.006 0.436 0.508 
 141 P _   0.003 0.035 0.000 0.009 0.003 0.006 0.441 0.503 
 142 G _   0.003 0.036 0.000 0.009 0.003 0.007 0.445 0.497 
 143 C _   0.004 0.037 0.000 0.010 0.003 0.007 0.449 0.490 
 144 E _   0.004 0.039 0.000 0.011 0.003 0.007 0.454 0.481 
 145 K _   0.004 0.041 0.000 0.012 0.003 0.008 0.459 0.471 
 146 Y X   0.004 0.044 0.000 0.014 0.004 0.009 0.465 0.461 
 147 N X   0.004 0.046 0.001 0.016 0.004 0.009 0.471 0.449 
 148 L X   0.005 0.048 0.001 0.018 0.005 0.010 0.477 0.437 
 149 F X   0.005 0.049 0.001 0.020 0.005 0.010 0.485 0.425 
 150 E X   0.005 0.050 0.001 0.021 0.005 0.010 0.493 0.414 
 151 S X   0.005 0.050 0.001 0.022 0.006 0.010 0.503 0.403 
 152 S X   0.006 0.049 0.001 0.022 0.006 0.010 0.514 0.393 
 153 I X   0.006 0.047 0.001 0.022 0.005 0.010 0.527 0.384 
 154 R X   0.006 0.043 0.001 0.020 0.005 0.009 0.541 0.375 
 155 K X   0.006 0.039 0.001 0.019 0.005 0.009 0.556 0.367 
 156 A X   0.006 0.034 0.001 0.017 0.004 0.008 0.573 0.358 
 157 L X   0.006 0.029 0.001 0.014 0.004 0.008 0.590 0.349 
 158 P X   0.006 0.024 0.000 0.012 0.003 0.007 0.607 0.341 
 159 P X   0.005 0.019 0.000 0.010 0.003 0.006 0.624 0.332 
 160 A X   0.005 0.014 0.000 0.009 0.002 0.006 0.639 0.324 
 161 P X   0.005 0.011 0.000 0.007 0.002 0.005 0.653 0.316 
 162 E X   0.004 0.008 0.000 0.006 0.002 0.005 0.666 0.309 
 163 T X   0.004 0.006 0.000 0.005 0.001 0.004 0.676 0.304 
 164 K X   0.004 0.004 0.000 0.004 0.001 0.004 0.684 0.299 
 165 K X   0.003 0.003 0.000 0.004 0.001 0.003 0.691 0.295 
 166 R X   0.003 0.002 0.000 0.003 0.001 0.003 0.696 0.292 
 167 R X   0.003 0.001 0.000 0.003 0.001 0.002 0.700 0.290 
 168 P X   0.002 0.001 0.000 0.002 0.001 0.002 0.702 0.289 
 169 P X   0.002 0.001 0.000 0.002 0.001 0.002 0.703 0.290 
 170 P X   0.002 0.001 0.000 0.002 0.001 0.002 0.702 0.291 
 171 P X   0.002 0.001 0.000 0.002 0.001 0.002 0.700 0.293 
 172 I X   0.002 0.001 0.000 0.002 0.001 0.002 0.697 0.296 
 173 P X   0.002 0.001 0.000 0.002 0.001 0.002 0.691 0.301 
 174 L X   0.002 0.001 0.000 0.002 0.001 0.003 0.684 0.308 
 175 E X   0.002 0.002 0.000 0.002 0.001 0.004 0.674 0.315 
 176 E X   0.002 0.003 0.000 0.003 0.001 0.005 0.661 0.324 
 177 E X   0.003 0.007 0.000 0.005 0.002 0.008 0.644 0.331 
 178 D X   0.004 0.015 0.000 0.008 0.004 0.012 0.621 0.335 
 179 N X   0.006 0.033 0.001 0.014 0.007 0.017 0.590 0.331 
 180 S X   0.008 0.071 0.002 0.024 0.013 0.022 0.548 0.312 
 181 E X   0.010 0.139 0.002 0.036 0.019 0.027 0.495 0.272 
 182 E X   0.010 0.226 0.003 0.049 0.023 0.028 0.440 0.220 
 183 I X   0.009 0.308 0.003 0.060 0.024 0.028 0.396 0.173 
 184 V X   0.008 0.363 0.002 0.067 0.023 0.026 0.366 0.144 
 185 V E   0.008 0.395 0.002 0.071 0.021 0.024 0.348 0.131 
 186 A E   0.008 0.410 0.001 0.073 0.019 0.023 0.337 0.129 
 187 M E   0.008 0.415 0.001 0.072 0.018 0.021 0.330 0.135 
 188 Y E   0.008 0.411 0.001 0.068 0.017 0.020 0.325 0.150 
 189 D E   0.008 0.398 0.001 0.062 0.015 0.018 0.323 0.175 
 190 F E   0.008 0.368 0.002 0.053 0.014 0.016 0.323 0.217 
 191 Q X   0.009 0.317 0.002 0.042 0.012 0.015 0.324 0.279 
 192 A _   0.010 0.249 0.001 0.032 0.010 0.013 0.327 0.358 
 193 A _   0.010 0.180 0.001 0.022 0.008 0.012 0.330 0.438 
 194 E _   0.009 0.124 0.001 0.014 0.005 0.010 0.333 0.503 
 195 G _   0.008 0.089 0.001 0.009 0.003 0.009 0.334 0.547 
 196 H _   0.006 0.070 0.000 0.006 0.002 0.008 0.334 0.573 
 197 D _   0.006 0.061 0.000 0.005 0.002 0.007 0.332 0.588 
 198 L _   0.005 0.057 0.000 0.004 0.002 0.007 0.329 0.596 
 199 R _   0.005 0.056 0.000 0.005 0.002 0.007 0.326 0.599 
 200 L _   0.005 0.057 0.000 0.006 0.002 0.008 0.322 0.600 
 201 E _   0.005 0.060 0.000 0.008 0.003 0.009 0.317 0.598 
 202 R _   0.006 0.065 0.000 0.011 0.004 0.010 0.311 0.594 
 203 G _   0.006 0.071 0.001 0.015 0.005 0.011 0.305 0.588 
 204 Q _   0.006 0.078 0.001 0.018 0.005 0.011 0.299 0.582 
 205 E _   0.006 0.083 0.001 0.021 0.006 0.012 0.294 0.578 
 206 Y _   0.006 0.086 0.001 0.022 0.006 0.012 0.289 0.577 
 207 L _   0.006 0.088 0.001 0.023 0.006 0.012 0.286 0.579 
 208 I _   0.006 0.088 0.001 0.022 0.006 0.011 0.283 0.584 
 209 L _   0.006 0.086 0.001 0.020 0.006 0.011 0.280 0.590 
 210 E _   0.006 0.084 0.001 0.019 0.005 0.011 0.279 0.596 
 211 K _   0.006 0.081 0.001 0.017 0.005 0.010 0.277 0.603 
 212 N _   0.006 0.077 0.001 0.017 0.005 0.010 0.276 0.609 
 213 D _   0.006 0.073 0.001 0.016 0.005 0.010 0.276 0.614 
 214 V _   0.006 0.069 0.001 0.016 0.005 0.010 0.276 0.618 
 215 H _   0.007 0.064 0.001 0.016 0.005 0.009 0.276 0.623 
 216 W _   0.007 0.059 0.001 0.016 0.004 0.009 0.276 0.628 
 217 W _   0.007 0.053 0.001 0.015 0.004 0.009 0.277 0.635 
 218 R _   0.007 0.046 0.000 0.014 0.004 0.008 0.277 0.644 
 219 A _   0.006 0.039 0.000 0.012 0.003 0.007 0.277 0.655 
 220 R _   0.006 0.031 0.000 0.009 0.003 0.007 0.278 0.666 
 221 D _   0.005 0.025 0.000 0.007 0.002 0.006 0.278 0.676 
 222 K _   0.005 0.020 0.000 0.006 0.002 0.006 0.277 0.684 
 223 Y _   0.004 0.017 0.000 0.005 0.002 0.005 0.276 0.690 
 224 G _   0.004 0.015 0.000 0.005 0.002 0.005 0.275 0.694 
 225 N _   0.004 0.015 0.000 0.005 0.002 0.006 0.273 0.695 
 226 E _   0.005 0.015 0.000 0.006 0.002 0.006 0.271 0.695 
 227 G _   0.005 0.017 0.000 0.008 0.003 0.007 0.268 0.693 
 228 Y _   0.005 0.019 0.000 0.011 0.003 0.008 0.264 0.689 
 229 I _   0.005 0.021 0.000 0.014 0.004 0.009 0.261 0.685 
 230 P _   0.006 0.023 0.001 0.017 0.004 0.009 0.258 0.682 
 231 S _   0.006 0.025 0.001 0.019 0.005 0.009 0.255 0.681 
 232 N _   0.006 0.026 0.001 0.019 0.004 0.009 0.252 0.683 
 233 Y _   0.005 0.026 0.001 0.018 0.004 0.008 0.250 0.688 
 234 V _   0.005 0.025 0.000 0.015 0.004 0.008 0.248 0.695 
 235 T _   0.005 0.024 0.000 0.012 0.003 0.007 0.246 0.703 
 236 G _   0.004 0.023 0.000 0.009 0.002 0.006 0.243 0.712 
 237 K _   0.004 0.022 0.000 0.007 0.002 0.006 0.241 0.719 
 238 K _   0.004 0.021 0.000 0.006 0.002 0.006 0.237 0.724 
 239 S _   0.004 0.022 0.000 0.006 0.002 0.006 0.234 0.727 
 240 N _   0.004 0.025 0.000 0.007 0.002 0.007 0.229 0.726 
 241 N _   0.004 0.030 0.000 0.009 0.003 0.008 0.224 0.721 
 242 L _   0.005 0.038 0.001 0.014 0.004 0.010 0.218 0.711 
 243 D _   0.006 0.049 0.001 0.020 0.005 0.011 0.212 0.697 
 244 Q _   0.006 0.061 0.001 0.026 0.007 0.012 0.205 0.682 
 245 Y _   0.006 0.070 0.001 0.032 0.007 0.013 0.200 0.671 
 246 E _   0.006 0.076 0.001 0.035 0.008 0.013 0.195 0.665 
 247 W _   0.006 0.079 0.001 0.036 0.008 0.013 0.192 0.666 
 248 Y _   0.006 0.079 0.001 0.034 0.007 0.012 0.189 0.671 
 249 C _   0.006 0.077 0.001 0.031 0.006 0.011 0.187 0.681 
 250 R _   0.005 0.073 0.001 0.026 0.006 0.011 0.186 0.693 
 251 N _   0.005 0.067 0.001 0.021 0.005 0.010 0.185 0.706 
 252 M _   0.005 0.061 0.001 0.017 0.004 0.009 0.185 0.718 
 253 N _   0.005 0.055 0.000 0.014 0.004 0.009 0.184 0.728 
 254 R _   0.005 0.050 0.000 0.012 0.003 0.008 0.184 0.736 
 255 S _   0.005 0.046 0.000 0.011 0.003 0.008 0.184 0.742 
 256 K _   0.005 0.043 0.000 0.011 0.003 0.008 0.183 0.747 
 257 A _   0.005 0.040 0.000 0.011 0.003 0.008 0.182 0.751 
 258 E _   0.005 0.038 0.000 0.011 0.003 0.007 0.181 0.755 
 259 Q _   0.005 0.036 0.000 0.010 0.003 0.007 0.180 0.759 
 260 L _   0.005 0.034 0.000 0.010 0.003 0.007 0.178 0.763 
 261 L _   0.005 0.032 0.000 0.009 0.003 0.007 0.176 0.767 
 262 R _   0.005 0.031 0.000 0.009 0.003 0.007 0.174 0.771 
 263 S _   0.005 0.029 0.000 0.009 0.003 0.007 0.172 0.775 
 264 E _   0.005 0.029 0.000 0.009 0.003 0.007 0.170 0.777 
 265 D _   0.005 0.029 0.000 0.010 0.003 0.008 0.168 0.777 
 266 K _   0.005 0.029 0.000 0.011 0.003 0.008 0.166 0.777 
 267 E _   0.005 0.030 0.000 0.012 0.004 0.009 0.164 0.776 
 268 G _   0.006 0.031 0.000 0.014 0.004 0.009 0.162 0.774 
 269 G _   0.006 0.031 0.000 0.015 0.004 0.009 0.160 0.774 
 270 F _   0.006 0.031 0.001 0.015 0.004 0.009 0.158 0.776 
 271 M _   0.006 0.031 0.000 0.013 0.004 0.009 0.156 0.780 
 272 V _   0.006 0.030 0.000 0.012 0.003 0.009 0.154 0.785 
 273 R _   0.006 0.029 0.000 0.009 0.003 0.009 0.152 0.791 
 274 D _   0.006 0.028 0.000 0.008 0.003 0.009 0.150 0.796 
 275 S _   0.006 0.028 0.000 0.006 0.003 0.010 0.148 0.799 
 276 S _   0.007 0.029 0.000 0.006 0.003 0.012 0.145 0.797 
 277 Q _   0.008 0.033 0.000 0.007 0.004 0.014 0.142 0.790 
 278 P _   0.010 0.043 0.001 0.011 0.006 0.018 0.138 0.774 
 279 G _   0.013 0.061 0.001 0.017 0.010 0.021 0.133 0.744 
 280 L _   0.015 0.088 0.001 0.025 0.014 0.025 0.128 0.703 
 281 Y _   0.016 0.122 0.002 0.036 0.017 0.027 0.122 0.658 
 282 T _   0.017 0.152 0.002 0.047 0.020 0.028 0.117 0.617 
 283 V _   0.017 0.173 0.002 0.055 0.021 0.028 0.114 0.591 
 284 S _   0.016 0.184 0.002 0.060 0.021 0.027 0.111 0.579 
 285 L _   0.015 0.188 0.001 0.060 0.020 0.026 0.110 0.580 
 286 Y _   0.015 0.186 0.001 0.056 0.018 0.024 0.109 0.592 
 287 T _   0.014 0.178 0.001 0.048 0.015 0.021 0.109 0.612 
 288 K _   0.013 0.164 0.001 0.040 0.013 0.019 0.110 0.641 
 289 F _   0.012 0.143 0.001 0.031 0.010 0.017 0.111 0.675 
 290 G _   0.011 0.119 0.001 0.022 0.008 0.015 0.113 0.712 
 291 G _   0.010 0.097 0.001 0.016 0.006 0.013 0.114 0.744 
 292 E _   0.009 0.079 0.001 0.012 0.004 0.011 0.115 0.769 
 293 G _   0.008 0.068 0.000 0.009 0.004 0.011 0.115 0.785 
 294 S _   0.008 0.061 0.000 0.008 0.003 0.010 0.115 0.794 
 295 S _   0.008 0.057 0.000 0.008 0.003 0.010 0.115 0.799 
 296 G _   0.008 0.055 0.000 0.009 0.003 0.010 0.114 0.800 
 297 F _   0.008 0.055 0.000 0.011 0.004 0.011 0.113 0.798 
 298 R _   0.008 0.055 0.001 0.014 0.004 0.011 0.112 0.794 
 299 H _   0.008 0.056 0.001 0.017 0.005 0.012 0.111 0.790 
 300 Y _   0.008 0.057 0.001 0.020 0.006 0.012 0.111 0.786 
 301 H _   0.008 0.056 0.001 0.022 0.006 0.012 0.110 0.785 
 302 I _   0.008 0.055 0.001 0.022 0.006 0.012 0.110 0.787 
 303 K _   0.008 0.051 0.001 0.021 0.006 0.011 0.110 0.792 
 304 E _   0.008 0.046 0.001 0.018 0.005 0.010 0.110 0.801 
 305 T _   0.007 0.040 0.001 0.015 0.004 0.009 0.111 0.813 
 306 T _   0.007 0.034 0.000 0.012 0.003 0.008 0.111 0.825 
 307 T _   0.006 0.028 0.000 0.009 0.003 0.007 0.111 0.835 
 308 S _   0.006 0.024 0.000 0.007 0.002 0.007 0.111 0.844 
 309 P _   0.005 0.021 0.000 0.006 0.002 0.007 0.110 0.849 
 310 K _   0.005 0.020 0.000 0.005 0.002 0.007 0.109 0.852 
 311 K _   0.005 0.020 0.000 0.005 0.002 0.007 0.107 0.852 
 312 Y _   0.005 0.022 0.000 0.006 0.002 0.008 0.105 0.851 
 313 Y _   0.006 0.025 0.000 0.007 0.003 0.009 0.103 0.846 
 314 L _   0.006 0.031 0.000 0.010 0.004 0.011 0.100 0.839 
 315 A _   0.007 0.038 0.001 0.012 0.005 0.012 0.096 0.829 
 316 E _   0.007 0.048 0.001 0.015 0.006 0.014 0.092 0.817 
 317 K _   0.008 0.059 0.001 0.019 0.007 0.016 0.088 0.803 
 318 H _   0.009 0.071 0.001 0.022 0.008 0.018 0.084 0.788 
 319 A _   0.009 0.082 0.001 0.026 0.010 0.020 0.081 0.772 
 320 F _   0.010 0.092 0.001 0.030 0.012 0.021 0.077 0.757 
 321 G _   0.011 0.100 0.001 0.034 0.013 0.023 0.074 0.743 
 322 S _   0.012 0.107 0.001 0.037 0.015 0.024 0.072 0.732 
 323 I _   0.013 0.110 0.001 0.040 0.015 0.024 0.070 0.726 
 324 P _   0.015 0.111 0.001 0.040 0.015 0.024 0.069 0.725 
 325 E _   0.015 0.109 0.001 0.038 0.015 0.024 0.068 0.730 
 326 I _   0.016 0.103 0.001 0.034 0.014 0.023 0.068 0.740 
 327 I _   0.016 0.095 0.001 0.028 0.012 0.023 0.067 0.757 
 328 E _   0.016 0.083 0.001 0.022 0.010 0.022 0.067 0.779 
 329 Y _   0.016 0.070 0.001 0.016 0.008 0.021 0.067 0.801 
 330 H _   0.016 0.060 0.001 0.011 0.007 0.020 0.067 0.818 
 331 K _   0.016 0.054 0.001 0.008 0.006 0.020 0.067 0.828 
 332 H _   0.017 0.051 0.001 0.007 0.006 0.021 0.066 0.831 
 333 N _   0.018 0.051 0.001 0.008 0.007 0.023 0.066 0.827 
 334 A _   0.020 0.054 0.001 0.011 0.009 0.025 0.065 0.815 
 335 A _   0.023 0.061 0.001 0.017 0.011 0.026 0.064 0.797 
 336 G _   0.025 0.071 0.001 0.024 0.014 0.028 0.063 0.773 
 337 L _   0.026 0.081 0.001 0.033 0.017 0.029 0.062 0.752 
 338 V _   0.026 0.087 0.001 0.040 0.018 0.028 0.061 0.737 
 339 T _   0.025 0.090 0.001 0.044 0.019 0.027 0.061 0.732 
 340 R _   0.023 0.089 0.001 0.045 0.017 0.025 0.061 0.737 
 341 L _   0.021 0.085 0.001 0.041 0.015 0.023 0.062 0.751 
 342 R _   0.019 0.076 0.001 0.035 0.013 0.020 0.063 0.773 
 343 Y _   0.017 0.062 0.001 0.028 0.010 0.017 0.065 0.801 
 344 P _   0.014 0.047 0.001 0.020 0.007 0.014 0.066 0.830 
 345 V _   0.012 0.033 0.001 0.014 0.005 0.012 0.067 0.856 
 346 S _   0.010 0.023 0.000 0.009 0.004 0.010 0.068 0.877 
 347 V _   0.008 0.016 0.000 0.006 0.003 0.008 0.068 0.890 
 348 K _   0.007 0.013 0.000 0.005 0.002 0.007 0.068 0.897 
 349 G _   0.006 0.011 0.000 0.005 0.002 0.007 0.068 0.901 
 350 K _   0.006 0.011 0.000 0.005 0.002 0.007 0.067 0.902 
 351 N _   0.006 0.011 0.000 0.006 0.002 0.008 0.066 0.901 
 352 A _   0.006 0.013 0.000 0.008 0.003 0.009 0.064 0.896 
 353 P _   0.006 0.016 0.000 0.012 0.004 0.010 0.062 0.890 
 354 T _   0.007 0.019 0.001 0.015 0.005 0.011 0.060 0.882 
 355 T _   0.007 0.022 0.001 0.019 0.006 0.012 0.058 0.875 
 356 A _   0.007 0.025 0.001 0.023 0.006 0.012 0.056 0.869 
 357 G _   0.007 0.027 0.001 0.025 0.007 0.013 0.055 0.866 
 358 F _   0.007 0.027 0.001 0.025 0.007 0.013 0.054 0.867 
 359 S _   0.007 0.026 0.001 0.024 0.007 0.013 0.053 0.870 
 360 Y _   0.007 0.024 0.001 0.021 0.006 0.012 0.052 0.877 
 361 E _   0.007 0.021 0.001 0.018 0.005 0.012 0.051 0.886 
 362 K _   0.007 0.017 0.001 0.014 0.005 0.011 0.051 0.895 
 363 W _   0.007 0.014 0.000 0.011 0.004 0.011 0.050 0.903 
 364 E _   0.007 0.011 0.000 0.008 0.003 0.012 0.049 0.909 
 365 I _   0.008 0.009 0.000 0.007 0.003 0.013 0.049 0.911 
 366 N _   0.009 0.008 0.000 0.007 0.004 0.015 0.048 0.910 
 367 P _   0.011 0.007 0.000 0.007 0.005 0.018 0.047 0.905 
 368 S _   0.015 0.008 0.001 0.008 0.006 0.021 0.045 0.896 
 369 E _   0.019 0.008 0.001 0.010 0.008 0.026 0.044 0.884 
 370 L _   0.024 0.009 0.001 0.013 0.011 0.030 0.043 0.869 
 371 T _   0.031 0.011 0.001 0.015 0.014 0.035 0.041 0.852 
 372 F _   0.037 0.012 0.001 0.017 0.017 0.040 0.040 0.837 
 373 M _   0.045 0.012 0.001 0.017 0.019 0.043 0.039 0.823 
 374 R _   0.053 0.013 0.001 0.017 0.021 0.047 0.037 0.810 
 375 E _   0.062 0.013 0.001 0.016 0.023 0.049 0.036 0.799 
 376 L _   0.071 0.013 0.001 0.015 0.026 0.052 0.035 0.787 
 377 G _   0.081 0.013 0.002 0.014 0.028 0.054 0.034 0.775 
 378 S _   0.091 0.013 0.002 0.014 0.030 0.055 0.034 0.762 
 379 G _   0.099 0.014 0.002 0.015 0.032 0.055 0.033 0.750 
 380 L _   0.106 0.015 0.002 0.017 0.032 0.054 0.033 0.741 
 381 F _   0.109 0.015 0.002 0.020 0.032 0.053 0.033 0.736 
 382 G _   0.108 0.015 0.002 0.022 0.031 0.050 0.034 0.738 
 383 V _   0.104 0.015 0.002 0.022 0.029 0.047 0.034 0.747 
 384 V _   0.098 0.014 0.002 0.021 0.025 0.042 0.035 0.764 
 385 R _   0.088 0.011 0.002 0.018 0.021 0.038 0.035 0.788 
 386 L _   0.077 0.008 0.001 0.014 0.016 0.033 0.036 0.813 
 387 G _   0.066 0.006 0.001 0.011 0.012 0.029 0.036 0.840 
 388 K _   0.055 0.003 0.001 0.008 0.009 0.025 0.037 0.863 
 389 W _   0.045 0.002 0.001 0.005 0.007 0.022 0.037 0.881 
 390 R _   0.038 0.001 0.001 0.004 0.005 0.020 0.037 0.894 
 391 A _   0.032 0.001 0.001 0.004 0.005 0.018 0.037 0.902 
 392 Q _   0.029 0.001 0.001 0.004 0.005 0.018 0.037 0.906 
 393 Y _   0.027 0.001 0.001 0.005 0.005 0.018 0.037 0.906 
 394 K _   0.027 0.002 0.001 0.006 0.006 0.019 0.037 0.903 
 395 V _   0.027 0.003 0.001 0.008 0.007 0.021 0.036 0.897 
 396 A _   0.027 0.005 0.001 0.011 0.009 0.022 0.036 0.889 
 397 I _   0.028 0.007 0.001 0.015 0.011 0.023 0.035 0.881 
 398 K _   0.028 0.010 0.001 0.018 0.012 0.024 0.035 0.873 
 399 A _   0.028 0.011 0.001 0.020 0.013 0.024 0.034 0.868 
 400 I _   0.027 0.012 0.001 0.021 0.013 0.024 0.034 0.868 
 401 R _   0.025 0.012 0.001 0.021 0.012 0.023 0.034 0.871 
 402 E _   0.024 0.012 0.001 0.019 0.011 0.022 0.034 0.878 
 403 G _   0.022 0.011 0.001 0.017 0.010 0.021 0.034 0.886 
 404 A _   0.020 0.009 0.001 0.014 0.008 0.019 0.034 0.895 
 405 M _   0.019 0.008 0.001 0.011 0.007 0.018 0.034 0.903 
 406 C _   0.018 0.006 0.001 0.009 0.006 0.017 0.034 0.910 
 407 E _   0.017 0.005 0.001 0.007 0.005 0.017 0.034 0.914 
 408 E _   0.017 0.005 0.001 0.007 0.005 0.017 0.033 0.915 
 409 D _   0.017 0.005 0.001 0.007 0.006 0.017 0.033 0.913 
 410 F _   0.018 0.006 0.001 0.009 0.006 0.018 0.033 0.909 
 411 I _   0.020 0.006 0.001 0.011 0.007 0.020 0.033 0.902 
 412 E _   0.021 0.008 0.001 0.014 0.009 0.021 0.032 0.895 
 413 E _   0.022 0.009 0.001 0.017 0.010 0.022 0.032 0.888 
 414 A _   0.023 0.009 0.001 0.019 0.010 0.022 0.032 0.883 
 415 K _   0.024 0.009 0.001 0.019 0.011 0.022 0.032 0.881 
 416 V _   0.025 0.009 0.001 0.018 0.010 0.022 0.032 0.883 
 417 M _   0.025 0.008 0.001 0.015 0.009 0.021 0.032 0.888 
 418 M _   0.025 0.006 0.001 0.012 0.008 0.021 0.032 0.894 
 419 K _   0.025 0.005 0.001 0.010 0.007 0.020 0.032 0.900 
 420 L _   0.025 0.003 0.001 0.007 0.006 0.020 0.033 0.905 
 421 T _   0.025 0.003 0.001 0.006 0.006 0.020 0.033 0.907 
 422 H _   0.026 0.002 0.001 0.005 0.006 0.021 0.033 0.906 
 423 P _   0.028 0.002 0.001 0.006 0.007 0.022 0.033 0.902 
 424 K _   0.031 0.003 0.001 0.007 0.008 0.024 0.032 0.893 
 425 L _   0.034 0.004 0.001 0.010 0.010 0.026 0.032 0.883 
 426 V _   0.037 0.005 0.001 0.013 0.012 0.028 0.032 0.872 
 427 Q _   0.038 0.007 0.001 0.016 0.014 0.029 0.033 0.862 
 428 L _   0.039 0.008 0.001 0.019 0.015 0.029 0.033 0.857 
 429 Y _   0.038 0.008 0.001 0.020 0.015 0.029 0.033 0.856 
 430 G _   0.037 0.008 0.001 0.020 0.014 0.028 0.033 0.859 
 431 V _   0.036 0.007 0.001 0.018 0.013 0.027 0.033 0.866 
 432 C _   0.034 0.006 0.001 0.014 0.011 0.025 0.034 0.875 
 433 T _   0.033 0.004 0.001 0.010 0.009 0.024 0.034 0.885 
 434 Q _   0.032 0.002 0.001 0.007 0.007 0.024 0.035 0.893 
 435 Q _   0.032 0.001 0.001 0.005 0.006 0.024 0.035 0.897 
 436 K _   0.034 0.001 0.001 0.004 0.005 0.025 0.035 0.896 
 437 P _   0.037 0.001 0.001 0.003 0.006 0.027 0.035 0.891 
 438 I _   0.042 0.001 0.001 0.004 0.007 0.030 0.035 0.880 
 439 Y _   0.051 0.002 0.001 0.005 0.010 0.035 0.034 0.862 
 440 I _   0.061 0.004 0.001 0.007 0.014 0.041 0.034 0.837 
 441 V _   0.073 0.009 0.001 0.011 0.020 0.047 0.034 0.805 
 442 T _   0.083 0.016 0.002 0.015 0.027 0.053 0.033 0.771 
 443 E _   0.090 0.024 0.002 0.020 0.033 0.057 0.033 0.741 
 444 F _   0.095 0.032 0.002 0.024 0.038 0.060 0.033 0.716 
 445 M _   0.097 0.038 0.002 0.028 0.042 0.061 0.033 0.700 
 446 E _   0.097 0.042 0.002 0.030 0.043 0.061 0.033 0.692 
 447 R _   0.095 0.045 0.002 0.032 0.042 0.059 0.034 0.691 
 448 G _   0.091 0.046 0.002 0.032 0.039 0.056 0.035 0.699 
 449 C _   0.086 0.045 0.002 0.031 0.035 0.052 0.036 0.713 
 450 L _   0.079 0.043 0.002 0.029 0.031 0.048 0.037 0.730 
 451 L _   0.072 0.039 0.002 0.027 0.026 0.043 0.039 0.752 
 452 N _   0.064 0.034 0.002 0.024 0.021 0.038 0.040 0.777 
 453 F _   0.055 0.028 0.001 0.021 0.017 0.034 0.042 0.803 
 454 L _   0.047 0.021 0.001 0.017 0.013 0.029 0.043 0.830 
 455 R _   0.040 0.014 0.001 0.012 0.009 0.025 0.045 0.854 
 456 Q _   0.034 0.008 0.001 0.009 0.007 0.022 0.046 0.875 
 457 R _   0.029 0.004 0.001 0.006 0.005 0.019 0.046 0.890 
 458 Q _   0.026 0.002 0.000 0.004 0.004 0.018 0.047 0.899 
 459 G _   0.025 0.001 0.000 0.003 0.003 0.018 0.047 0.903 
 460 H _   0.027 0.000 0.000 0.003 0.003 0.019 0.047 0.901 
 461 F _   0.031 0.000 0.000 0.003 0.004 0.021 0.046 0.894 
 462 S _   0.039 0.001 0.001 0.003 0.006 0.024 0.046 0.881 
 463 R _   0.050 0.001 0.001 0.005 0.008 0.029 0.045 0.862 
 464 D _   0.061 0.002 0.001 0.006 0.012 0.034 0.045 0.839 
 465 V _   0.074 0.004 0.001 0.009 0.016 0.039 0.044 0.812 
 466 L _   0.086 0.006 0.001 0.012 0.022 0.044 0.043 0.785 
 467 L _   0.097 0.009 0.002 0.015 0.027 0.048 0.043 0.759 
 468 S _   0.108 0.012 0.002 0.017 0.031 0.051 0.042 0.737 
 469 M _   0.115 0.015 0.002 0.019 0.033 0.052 0.042 0.721 
 470 C _   0.120 0.017 0.002 0.020 0.034 0.052 0.043 0.713 
 471 Q _   0.121 0.018 0.002 0.021 0.034 0.052 0.043 0.710 
 472 D _   0.119 0.019 0.002 0.021 0.033 0.050 0.044 0.713 
 473 V _   0.116 0.019 0.002 0.021 0.031 0.047 0.045 0.719 
 474 C _   0.110 0.019 0.002 0.021 0.028 0.044 0.046 0.730 
 475 E _   0.101 0.018 0.002 0.021 0.024 0.040 0.048 0.746 
 476 G _   0.091 0.017 0.001 0.020 0.020 0.036 0.050 0.765 
 477 M _   0.079 0.015 0.001 0.019 0.017 0.032 0.051 0.786 
 478 E _   0.066 0.012 0.001 0.016 0.013 0.027 0.053 0.811 
 479 Y _   0.053 0.009 0.001 0.013 0.010 0.023 0.055 0.835 
 480 L _   0.041 0.007 0.001 0.010 0.007 0.019 0.057 0.859 
 481 E _   0.031 0.004 0.001 0.008 0.005 0.016 0.058 0.877 
 482 R _   0.023 0.003 0.000 0.006 0.004 0.014 0.058 0.891 
 483 N _   0.018 0.002 0.000 0.005 0.003 0.012 0.059 0.901 
 484 S _   0.015 0.002 0.000 0.004 0.003 0.011 0.059 0.906 
 485 F _   0.013 0.002 0.000 0.004 0.003 0.011 0.059 0.908 
 486 I _   0.011 0.002 0.000 0.005 0.003 0.011 0.059 0.908 
 487 H _   0.011 0.003 0.000 0.006 0.003 0.012 0.059 0.905 
 488 R _   0.012 0.005 0.000 0.007 0.004 0.014 0.058 0.900 
 489 D _   0.013 0.008 0.001 0.009 0.005 0.015 0.057 0.893 
 490 L _   0.014 0.011 0.001 0.011 0.006 0.017 0.056 0.885 
 491 A _   0.015 0.015 0.001 0.012 0.007 0.019 0.055 0.876 
 492 A _   0.016 0.019 0.001 0.014 0.008 0.021 0.054 0.866 
 493 R _   0.018 0.024 0.001 0.015 0.010 0.023 0.053 0.856 
 494 N _   0.020 0.029 0.001 0.016 0.011 0.025 0.052 0.847 
 495 C _   0.023 0.033 0.001 0.017 0.012 0.027 0.051 0.837 
 496 L _   0.025 0.038 0.001 0.017 0.013 0.029 0.051 0.826 
 497 V _   0.028 0.043 0.001 0.017 0.014 0.031 0.050 0.817 
 498 S _   0.030 0.047 0.001 0.017 0.014 0.032 0.050 0.808 
 499 E _   0.032 0.052 0.001 0.017 0.015 0.033 0.049 0.800 
 500 A _   0.034 0.056 0.001 0.017 0.015 0.034 0.049 0.793 
 501 G _   0.036 0.061 0.001 0.017 0.015 0.035 0.049 0.786 
 502 V _   0.037 0.066 0.001 0.017 0.016 0.036 0.049 0.777 
 503 V _   0.039 0.072 0.001 0.018 0.017 0.037 0.049 0.768 
 504 K _   0.040 0.079 0.001 0.020 0.017 0.037 0.049 0.757 
 505 V _   0.040 0.087 0.001 0.023 0.019 0.037 0.049 0.744 
 506 S _   0.040 0.096 0.001 0.027 0.020 0.037 0.049 0.729 
 507 D _   0.038 0.104 0.002 0.033 0.021 0.036 0.050 0.716 
 508 F _   0.037 0.110 0.002 0.038 0.021 0.034 0.051 0.708 
 509 G _   0.034 0.113 0.001 0.041 0.020 0.032 0.052 0.706 
 510 M _   0.031 0.112 0.001 0.043 0.019 0.029 0.054 0.710 
 511 A _   0.028 0.108 0.001 0.042 0.016 0.026 0.056 0.722 
 512 R _   0.025 0.100 0.001 0.038 0.014 0.023 0.059 0.742 
 513 Y _   0.021 0.086 0.001 0.031 0.010 0.019 0.062 0.770 
 514 V _   0.018 0.069 0.001 0.024 0.008 0.015 0.065 0.801 
 515 L _   0.014 0.051 0.001 0.017 0.005 0.012 0.068 0.832 
 516 D _   0.012 0.035 0.001 0.011 0.004 0.010 0.070 0.858 
 517 D _   0.010 0.024 0.000 0.007 0.003 0.008 0.071 0.878 
 518 Q _   0.008 0.017 0.000 0.005 0.002 0.007 0.072 0.890 
 519 Y _   0.006 0.014 0.000 0.003 0.001 0.006 0.073 0.896 
 520 T _   0.006 0.013 0.000 0.003 0.001 0.006 0.073 0.898 
 521 S _   0.005 0.013 0.000 0.004 0.002 0.007 0.072 0.898 
 522 S _   0.005 0.015 0.000 0.005 0.002 0.008 0.071 0.893 
 523 S _   0.006 0.021 0.000 0.007 0.003 0.010 0.069 0.884 
 524 G _   0.007 0.032 0.001 0.011 0.004 0.012 0.066 0.867 
 525 A _   0.008 0.049 0.001 0.017 0.006 0.014 0.063 0.843 
 526 K _   0.008 0.071 0.001 0.024 0.008 0.016 0.060 0.813 
 527 F _   0.009 0.093 0.001 0.030 0.009 0.018 0.057 0.784 
 528 P _   0.009 0.111 0.001 0.035 0.011 0.019 0.054 0.760 
 529 V _   0.009 0.126 0.001 0.040 0.012 0.020 0.051 0.742 
 530 K _   0.009 0.136 0.001 0.043 0.012 0.020 0.049 0.729 
 531 W _   0.009 0.141 0.001 0.045 0.013 0.020 0.047 0.722 
 532 C _   0.009 0.144 0.001 0.046 0.013 0.020 0.046 0.720 
 533 P _   0.010 0.143 0.001 0.046 0.013 0.020 0.046 0.721 
 534 P _   0.010 0.140 0.001 0.044 0.013 0.019 0.046 0.727 
 535 E _   0.011 0.132 0.001 0.042 0.012 0.019 0.046 0.738 
 536 V _   0.011 0.121 0.001 0.038 0.011 0.018 0.046 0.755 
 537 F _   0.011 0.104 0.001 0.032 0.010 0.016 0.047 0.779 
 538 N _   0.011 0.083 0.001 0.026 0.008 0.015 0.048 0.808 
 539 Y _   0.012 0.059 0.001 0.020 0.007 0.014 0.048 0.840 
 540 S _   0.012 0.036 0.001 0.013 0.005 0.012 0.049 0.872 
 541 R _   0.014 0.018 0.001 0.009 0.004 0.011 0.049 0.894 
 542 F _   0.018 0.008 0.000 0.005 0.003 0.011 0.048 0.907 
 543 S _   0.025 0.003 0.000 0.003 0.003 0.011 0.047 0.908 
 544 S _   0.039 0.001 0.000 0.002 0.003 0.012 0.046 0.896 
 545 K _   0.065 0.000 0.000 0.002 0.004 0.015 0.045 0.869 
 546 S _   0.109 0.000 0.001 0.002 0.006 0.020 0.043 0.820 
 547 D _   0.176 0.000 0.001 0.002 0.009 0.026 0.040 0.745 
 548 V _   0.262 0.000 0.001 0.003 0.016 0.033 0.037 0.647 
 549 W _   0.353 0.000 0.002 0.004 0.025 0.040 0.035 0.541 
 550 S _   0.434 0.000 0.002 0.004 0.035 0.046 0.033 0.446 
 551 F H   0.500 0.001 0.002 0.005 0.045 0.049 0.032 0.367 
 552 G H   0.547 0.001 0.002 0.006 0.052 0.050 0.032 0.310 
 553 V H   0.577 0.002 0.002 0.007 0.056 0.050 0.032 0.274 
 554 L H   0.590 0.002 0.002 0.008 0.057 0.048 0.033 0.258 
 555 M H   0.589 0.002 0.003 0.009 0.057 0.045 0.035 0.260 
 556 W H   0.573 0.002 0.003 0.009 0.054 0.043 0.038 0.278 
 557 E H   0.543 0.002 0.003 0.009 0.049 0.039 0.042 0.313 
 558 V H   0.495 0.002 0.003 0.009 0.042 0.036 0.047 0.367 
 559 F _   0.430 0.001 0.002 0.008 0.034 0.032 0.053 0.439 
 560 T _   0.355 0.001 0.002 0.008 0.026 0.028 0.060 0.520 
 561 E _   0.279 0.001 0.002 0.007 0.018 0.025 0.068 0.601 
 562 G _   0.209 0.000 0.001 0.006 0.012 0.021 0.075 0.674 
 563 R _   0.151 0.000 0.001 0.005 0.008 0.018 0.081 0.735 
 564 M _   0.106 0.000 0.001 0.004 0.006 0.016 0.086 0.781 
 565 P _   0.073 0.000 0.001 0.004 0.004 0.014 0.091 0.813 
 566 F _   0.052 0.000 0.000 0.003 0.003 0.013 0.094 0.834 
 567 E _   0.038 0.000 0.000 0.003 0.003 0.013 0.097 0.845 
 568 K _   0.031 0.000 0.000 0.003 0.003 0.014 0.099 0.849 
 569 Y _   0.027 0.001 0.000 0.003 0.004 0.016 0.101 0.847 
 570 T _   0.027 0.002 0.001 0.005 0.005 0.019 0.102 0.839 
 571 N _   0.029 0.006 0.001 0.007 0.008 0.023 0.104 0.823 
 572 Y _   0.032 0.013 0.001 0.012 0.011 0.027 0.105 0.799 
 573 E _   0.035 0.024 0.001 0.018 0.016 0.032 0.107 0.767 
 574 V _   0.037 0.039 0.002 0.027 0.021 0.035 0.108 0.731 
 575 V _   0.039 0.052 0.002 0.035 0.025 0.038 0.111 0.699 
 576 T _   0.039 0.062 0.002 0.042 0.027 0.039 0.113 0.676 
 577 M _   0.039 0.068 0.002 0.046 0.028 0.038 0.117 0.662 
 578 V _   0.037 0.070 0.002 0.048 0.027 0.037 0.122 0.658 
 579 T _   0.034 0.069 0.002 0.046 0.025 0.035 0.127 0.662 
 580 R _   0.031 0.064 0.002 0.041 0.022 0.032 0.134 0.674 
 581 G _   0.028 0.057 0.001 0.034 0.018 0.028 0.141 0.693 
 582 H _   0.024 0.045 0.001 0.026 0.014 0.025 0.148 0.716 
 583 R _   0.021 0.033 0.001 0.019 0.010 0.022 0.156 0.738 
 584 L _   0.018 0.022 0.001 0.013 0.007 0.019 0.163 0.757 
 585 Y _   0.015 0.014 0.001 0.009 0.005 0.016 0.169 0.771 
 586 Q _   0.014 0.009 0.000 0.006 0.004 0.015 0.174 0.779 
 587 P _   0.013 0.006 0.000 0.004 0.003 0.014 0.178 0.781 
 588 K _   0.013 0.006 0.000 0.003 0.003 0.015 0.182 0.778 
 589 L _   0.015 0.006 0.000 0.003 0.003 0.017 0.185 0.771 
 590 A _   0.018 0.007 0.000 0.004 0.005 0.020 0.187 0.757 
 591 S _   0.023 0.012 0.001 0.007 0.008 0.024 0.190 0.736 
 592 N _   0.028 0.022 0.001 0.012 0.013 0.029 0.192 0.703 
 593 Y _   0.032 0.041 0.002 0.021 0.018 0.034 0.195 0.657 
 594 V _   0.036 0.067 0.002 0.033 0.024 0.037 0.198 0.604 
 595 Y _   0.037 0.092 0.002 0.046 0.028 0.039 0.201 0.554 
 596 E _   0.038 0.109 0.002 0.057 0.030 0.039 0.206 0.520 
 597 V _   0.037 0.118 0.002 0.063 0.030 0.037 0.213 0.500 
 598 M _   0.034 0.121 0.002 0.065 0.028 0.034 0.222 0.495 
 599 L _   0.031 0.118 0.002 0.061 0.024 0.031 0.232 0.502 
 600 R _   0.027 0.109 0.002 0.053 0.020 0.026 0.245 0.519 
 601 C _   0.022 0.094 0.002 0.041 0.015 0.022 0.258 0.546 
 602 W _   0.018 0.072 0.001 0.029 0.011 0.018 0.273 0.578 
 603 Q _   0.014 0.050 0.001 0.018 0.007 0.014 0.287 0.609 
 604 E _   0.011 0.033 0.001 0.011 0.004 0.011 0.298 0.632 
 605 K _   0.008 0.023 0.000 0.006 0.003 0.009 0.307 0.645 
 606 P _   0.006 0.018 0.000 0.004 0.002 0.007 0.313 0.650 
 607 E _   0.005 0.017 0.000 0.003 0.001 0.007 0.317 0.650 
 608 G _   0.005 0.017 0.000 0.003 0.001 0.007 0.320 0.646 
 609 R _   0.005 0.019 0.000 0.004 0.002 0.009 0.323 0.639 
 610 P _   0.006 0.025 0.000 0.006 0.003 0.011 0.324 0.625 
 611 S _   0.008 0.038 0.001 0.009 0.005 0.014 0.325 0.601 
 612 F _   0.010 0.063 0.001 0.014 0.007 0.018 0.324 0.563 
 613 E _   0.011 0.100 0.001 0.020 0.010 0.021 0.323 0.513 
 614 D _   0.012 0.147 0.001 0.026 0.013 0.024 0.322 0.455 
 615 L _   0.012 0.194 0.002 0.032 0.016 0.026 0.322 0.396 
 616 L _   0.013 0.237 0.002 0.038 0.018 0.027 0.322 0.345 
 617 R X   0.013 0.269 0.002 0.043 0.019 0.028 0.324 0.303 
 618 T X   0.013 0.292 0.001 0.047 0.020 0.028 0.327 0.271 
 619 I X   0.014 0.307 0.001 0.050 0.021 0.027 0.332 0.248 
 620 D X   0.014 0.315 0.001 0.052 0.020 0.027 0.338 0.233 
 621 E X   0.015 0.317 0.001 0.052 0.020 0.026 0.347 0.223 
 622 L X   0.014 0.313 0.001 0.051 0.018 0.024 0.359 0.219 
 623 V X   0.013 0.304 0.001 0.048 0.017 0.022 0.372 0.222 
 624 E X   0.012 0.288 0.001 0.043 0.015 0.019 0.389 0.233 
 625 C X   0.010 0.263 0.001 0.037 0.013 0.015 0.410 0.249 
 626 E X   0.008 0.225 0.001 0.030 0.010 0.012 0.437 0.277 
 627 E X   0.005 0.172 0.001 0.022 0.006 0.007 0.469 0.319 
 628 T X   0.002 0.107 0.000 0.011 0.002 0.003 0.498 0.376 
 629 F X   0.000 0.063 0.000 0.005 0.000 0.001 0.509 0.420 
 630 G X   0.000 0.048 0.000 0.005 0.000 0.001 0.510 0.436 
 631 R X   0.003 0.043 0.001 0.011 0.003 0.003 0.501 0.436 
