#TopoPred_TM8: 8-state transmembrane topology prediction results by no_profile mode 
#probabilities are in the order of H E C I L F X _, the 8 transmembrane topology types used in PDBTM 
   1 M X   0.016 0.001 0.003 0.072 0.012 0.014 0.662 0.221 
   2 L X   0.007 0.001 0.000 0.050 0.003 0.009 0.681 0.249 
   3 G X   0.003 0.001 0.000 0.034 0.001 0.007 0.685 0.269 
   4 A X   0.003 0.001 0.000 0.025 0.001 0.007 0.682 0.281 
   5 V X   0.004 0.001 0.000 0.021 0.002 0.008 0.673 0.292 
   6 E X   0.004 0.001 0.000 0.017 0.002 0.009 0.662 0.304 
   7 G X   0.005 0.001 0.000 0.015 0.002 0.009 0.650 0.317 
   8 P X   0.005 0.002 0.000 0.013 0.003 0.009 0.637 0.330 
   9 R X   0.005 0.002 0.000 0.012 0.003 0.009 0.624 0.345 
  10 W X   0.005 0.003 0.000 0.011 0.003 0.009 0.609 0.359 
  11 K X   0.005 0.003 0.000 0.011 0.003 0.009 0.595 0.374 
  12 Q X   0.004 0.004 0.000 0.011 0.003 0.008 0.581 0.389 
  13 A X   0.004 0.004 0.000 0.010 0.003 0.008 0.567 0.402 
  14 E X   0.004 0.005 0.000 0.009 0.003 0.008 0.554 0.415 
  15 D X   0.004 0.005 0.000 0.009 0.003 0.009 0.541 0.428 
  16 I X   0.004 0.006 0.000 0.008 0.003 0.009 0.529 0.440 
  17 R X   0.005 0.007 0.000 0.008 0.003 0.010 0.516 0.451 
  18 D X   0.005 0.008 0.000 0.008 0.003 0.011 0.503 0.461 
  19 I X   0.006 0.009 0.001 0.008 0.004 0.012 0.489 0.471 
  20 Y _   0.007 0.011 0.001 0.009 0.005 0.014 0.475 0.480 
  21 D _   0.008 0.014 0.001 0.009 0.006 0.017 0.460 0.486 
  22 F _   0.010 0.018 0.001 0.011 0.007 0.020 0.444 0.489 
  23 R _   0.013 0.023 0.001 0.012 0.010 0.024 0.428 0.489 
  24 D _   0.016 0.031 0.001 0.015 0.013 0.028 0.411 0.486 
  25 V _   0.019 0.042 0.001 0.019 0.016 0.031 0.393 0.477 
  26 L _   0.022 0.055 0.002 0.024 0.020 0.034 0.376 0.466 
  27 G _   0.025 0.069 0.002 0.030 0.024 0.037 0.360 0.453 
  28 T _   0.027 0.082 0.002 0.037 0.027 0.038 0.345 0.443 
  29 G _   0.028 0.092 0.002 0.043 0.028 0.038 0.333 0.436 
  30 A _   0.029 0.097 0.002 0.048 0.028 0.037 0.324 0.436 
  31 F _   0.028 0.099 0.002 0.049 0.027 0.035 0.316 0.443 
  32 S _   0.027 0.098 0.002 0.048 0.024 0.032 0.310 0.459 
  33 E _   0.025 0.092 0.002 0.044 0.020 0.028 0.306 0.482 
  34 V _   0.023 0.081 0.001 0.036 0.016 0.025 0.303 0.514 
  35 I _   0.021 0.065 0.001 0.027 0.012 0.021 0.300 0.552 
  36 L _   0.018 0.047 0.001 0.019 0.009 0.018 0.297 0.592 
  37 A _   0.015 0.029 0.001 0.012 0.006 0.015 0.294 0.628 
  38 E _   0.013 0.017 0.001 0.007 0.004 0.013 0.291 0.655 
  39 D _   0.011 0.010 0.000 0.004 0.003 0.012 0.287 0.673 
  40 K _   0.010 0.007 0.000 0.003 0.002 0.011 0.283 0.684 
  41 R _   0.010 0.006 0.000 0.003 0.002 0.012 0.277 0.689 
  42 T _   0.011 0.007 0.000 0.003 0.003 0.014 0.272 0.690 
  43 Q _   0.013 0.009 0.000 0.005 0.005 0.016 0.265 0.685 
  44 K _   0.017 0.016 0.001 0.009 0.007 0.020 0.257 0.673 
  45 L _   0.020 0.030 0.001 0.016 0.011 0.024 0.248 0.650 
  46 V _   0.022 0.052 0.001 0.026 0.016 0.027 0.237 0.619 
  47 A _   0.023 0.075 0.002 0.037 0.019 0.029 0.227 0.589 
  48 I _   0.024 0.094 0.002 0.047 0.021 0.030 0.218 0.565 
  49 K _   0.023 0.105 0.002 0.055 0.022 0.029 0.211 0.552 
  50 C _   0.022 0.111 0.002 0.059 0.022 0.028 0.206 0.550 
  51 I _   0.021 0.112 0.002 0.059 0.020 0.026 0.203 0.557 
  52 A _   0.020 0.108 0.001 0.054 0.018 0.024 0.201 0.574 
  53 K _   0.018 0.099 0.001 0.046 0.015 0.021 0.199 0.601 
  54 E _   0.016 0.084 0.001 0.036 0.011 0.018 0.198 0.635 
  55 A _   0.014 0.064 0.001 0.026 0.008 0.015 0.198 0.674 
  56 L _   0.012 0.043 0.001 0.017 0.006 0.012 0.197 0.712 
  57 E _   0.010 0.026 0.001 0.010 0.004 0.010 0.196 0.743 
  58 G _   0.008 0.015 0.000 0.006 0.003 0.009 0.195 0.765 
  59 K _   0.007 0.010 0.000 0.004 0.002 0.008 0.192 0.777 
  60 E _   0.007 0.008 0.000 0.003 0.002 0.008 0.189 0.783 
  61 G _   0.007 0.007 0.000 0.003 0.002 0.009 0.186 0.785 
  62 S _   0.009 0.008 0.000 0.004 0.003 0.012 0.182 0.782 
  63 M _   0.011 0.011 0.000 0.007 0.004 0.015 0.177 0.774 
  64 E _   0.013 0.018 0.001 0.013 0.007 0.018 0.171 0.758 
  65 N _   0.015 0.029 0.001 0.021 0.010 0.022 0.165 0.737 
  66 E _   0.017 0.040 0.001 0.030 0.013 0.025 0.158 0.716 
  67 I _   0.018 0.049 0.001 0.038 0.016 0.026 0.152 0.699 
  68 A _   0.018 0.056 0.001 0.043 0.017 0.027 0.148 0.690 
  69 V _   0.018 0.058 0.001 0.045 0.017 0.027 0.144 0.689 
  70 L _   0.018 0.058 0.001 0.043 0.017 0.026 0.141 0.696 
  71 H _   0.017 0.055 0.001 0.039 0.015 0.024 0.138 0.709 
  72 K _   0.017 0.050 0.001 0.033 0.013 0.022 0.137 0.727 
  73 I _   0.016 0.042 0.001 0.027 0.011 0.020 0.135 0.748 
  74 K _   0.015 0.033 0.001 0.021 0.009 0.018 0.135 0.768 
  75 H _   0.014 0.025 0.001 0.016 0.007 0.016 0.134 0.786 
  76 P _   0.013 0.019 0.001 0.013 0.006 0.015 0.133 0.801 
  77 N _   0.012 0.013 0.001 0.011 0.005 0.013 0.133 0.813 
  78 I _   0.011 0.009 0.001 0.009 0.004 0.012 0.131 0.822 
  79 V _   0.011 0.007 0.000 0.008 0.004 0.011 0.130 0.829 
  80 A _   0.010 0.004 0.000 0.007 0.003 0.011 0.129 0.835 
  81 L _   0.010 0.003 0.000 0.006 0.003 0.011 0.127 0.840 
  82 D _   0.011 0.002 0.000 0.005 0.003 0.011 0.124 0.844 
  83 D _   0.013 0.001 0.000 0.004 0.003 0.012 0.121 0.846 
  84 I _   0.017 0.000 0.000 0.003 0.003 0.014 0.118 0.844 
  85 Y _   0.025 0.000 0.000 0.003 0.003 0.017 0.114 0.837 
  86 E _   0.036 0.000 0.000 0.003 0.005 0.022 0.110 0.824 
  87 S _   0.055 0.000 0.001 0.003 0.007 0.029 0.104 0.800 
  88 G _   0.080 0.000 0.001 0.004 0.012 0.039 0.099 0.766 
  89 G _   0.110 0.001 0.001 0.006 0.020 0.049 0.092 0.721 
  90 H _   0.143 0.002 0.002 0.009 0.030 0.059 0.086 0.670 
  91 L _   0.173 0.004 0.002 0.013 0.041 0.067 0.081 0.619 
  92 Y _   0.199 0.006 0.002 0.017 0.051 0.073 0.076 0.575 
  93 L _   0.220 0.008 0.003 0.020 0.058 0.076 0.073 0.542 
  94 I _   0.234 0.009 0.003 0.023 0.061 0.076 0.070 0.523 
  95 M _   0.242 0.010 0.003 0.023 0.061 0.074 0.068 0.519 
  96 Q _   0.243 0.009 0.003 0.021 0.057 0.071 0.067 0.529 
  97 L _   0.238 0.008 0.003 0.018 0.051 0.066 0.066 0.551 
  98 V _   0.226 0.006 0.002 0.014 0.043 0.061 0.065 0.582 
  99 S _   0.210 0.004 0.002 0.011 0.034 0.055 0.065 0.618 
 100 G _   0.189 0.003 0.002 0.008 0.027 0.050 0.066 0.656 
 101 G _   0.168 0.002 0.001 0.007 0.021 0.045 0.066 0.690 
 102 E _   0.148 0.001 0.001 0.006 0.017 0.042 0.066 0.720 
 103 L _   0.128 0.001 0.001 0.006 0.014 0.039 0.067 0.744 
 104 F _   0.110 0.001 0.001 0.007 0.013 0.036 0.067 0.764 
 105 D _   0.094 0.001 0.001 0.009 0.012 0.034 0.067 0.781 
 106 R _   0.080 0.002 0.001 0.011 0.012 0.032 0.068 0.794 
 107 I _   0.068 0.002 0.001 0.013 0.012 0.030 0.068 0.806 
 108 V _   0.057 0.003 0.001 0.015 0.011 0.028 0.068 0.816 
 109 E _   0.048 0.003 0.001 0.015 0.010 0.026 0.068 0.828 
 110 K _   0.040 0.003 0.001 0.014 0.009 0.024 0.069 0.841 
 111 G _   0.034 0.002 0.001 0.012 0.008 0.022 0.069 0.853 
 112 F _   0.029 0.002 0.001 0.009 0.006 0.020 0.069 0.865 
 113 Y _   0.026 0.001 0.001 0.006 0.005 0.018 0.069 0.874 
 114 T _   0.025 0.001 0.000 0.004 0.004 0.018 0.068 0.879 
 115 E _   0.026 0.000 0.000 0.003 0.004 0.019 0.068 0.880 
 116 R _   0.031 0.000 0.000 0.002 0.004 0.021 0.067 0.875 
 117 D _   0.039 0.000 0.000 0.003 0.005 0.024 0.066 0.863 
 118 A _   0.051 0.001 0.001 0.003 0.008 0.030 0.065 0.842 
 119 S _   0.067 0.002 0.001 0.005 0.013 0.037 0.063 0.812 
 120 R _   0.084 0.005 0.001 0.009 0.020 0.044 0.062 0.774 
 121 L _   0.100 0.011 0.002 0.015 0.028 0.050 0.061 0.733 
 122 I _   0.112 0.018 0.002 0.023 0.035 0.055 0.060 0.695 
 123 F _   0.119 0.024 0.002 0.030 0.040 0.057 0.060 0.668 
 124 Q _   0.123 0.028 0.002 0.035 0.042 0.057 0.060 0.654 
 125 V _   0.122 0.030 0.002 0.035 0.041 0.055 0.060 0.655 
 126 L _   0.118 0.029 0.002 0.033 0.037 0.052 0.061 0.668 
 127 D _   0.111 0.026 0.002 0.027 0.032 0.048 0.062 0.693 
 128 A _   0.102 0.022 0.002 0.021 0.026 0.043 0.063 0.722 
 129 V _   0.090 0.017 0.001 0.015 0.020 0.038 0.065 0.753 
 130 K _   0.078 0.013 0.001 0.012 0.015 0.034 0.066 0.781 
 131 Y _   0.067 0.010 0.001 0.010 0.012 0.030 0.068 0.802 
 132 L _   0.057 0.009 0.001 0.009 0.010 0.027 0.069 0.819 
 133 H _   0.048 0.008 0.001 0.010 0.008 0.024 0.071 0.830 
 134 D _   0.040 0.008 0.001 0.011 0.008 0.021 0.072 0.839 
 135 L _   0.034 0.008 0.001 0.012 0.007 0.019 0.073 0.846 
 136 G _   0.028 0.008 0.001 0.012 0.006 0.017 0.075 0.853 
 137 I _   0.023 0.007 0.001 0.012 0.006 0.015 0.076 0.860 
 138 V _   0.019 0.007 0.001 0.011 0.005 0.013 0.077 0.867 
 139 H _   0.016 0.006 0.001 0.010 0.004 0.012 0.077 0.874 
 140 R _   0.013 0.005 0.000 0.008 0.004 0.011 0.078 0.880 
 141 D _   0.011 0.005 0.000 0.007 0.003 0.010 0.078 0.885 
 142 L _   0.010 0.005 0.000 0.007 0.003 0.009 0.079 0.887 
 143 K _   0.009 0.005 0.000 0.007 0.003 0.009 0.079 0.888 
 144 P _   0.009 0.005 0.000 0.008 0.003 0.009 0.079 0.887 
 145 E _   0.009 0.005 0.000 0.009 0.003 0.009 0.079 0.885 
 146 N _   0.008 0.006 0.000 0.010 0.003 0.009 0.079 0.884 
 147 L _   0.008 0.006 0.000 0.011 0.003 0.009 0.079 0.883 
 148 L _   0.008 0.007 0.000 0.011 0.003 0.008 0.079 0.884 
 149 Y _   0.007 0.007 0.000 0.010 0.003 0.008 0.078 0.887 
 150 Y _   0.006 0.007 0.000 0.008 0.003 0.007 0.078 0.891 
 151 S _   0.006 0.007 0.000 0.007 0.002 0.007 0.077 0.894 
 152 L _   0.005 0.008 0.000 0.006 0.002 0.007 0.076 0.896 
 153 D _   0.006 0.009 0.000 0.005 0.002 0.008 0.074 0.896 
 154 E _   0.006 0.011 0.000 0.006 0.003 0.009 0.072 0.892 
 155 D _   0.007 0.016 0.000 0.008 0.004 0.012 0.070 0.883 
 156 S _   0.009 0.025 0.001 0.013 0.006 0.014 0.068 0.865 
 157 K _   0.011 0.040 0.001 0.020 0.008 0.017 0.065 0.838 
 158 I _   0.012 0.059 0.001 0.031 0.011 0.020 0.062 0.805 
 159 M _   0.013 0.077 0.001 0.042 0.013 0.021 0.059 0.774 
 160 I _   0.013 0.089 0.001 0.051 0.015 0.022 0.056 0.753 
 161 S _   0.013 0.095 0.001 0.055 0.015 0.021 0.055 0.744 
 162 D _   0.013 0.096 0.001 0.055 0.014 0.020 0.053 0.747 
 163 F _   0.012 0.093 0.001 0.050 0.013 0.019 0.053 0.760 
 164 G _   0.011 0.085 0.001 0.041 0.011 0.017 0.053 0.781 
 165 L _   0.011 0.072 0.001 0.031 0.008 0.015 0.053 0.810 
 166 S _   0.010 0.054 0.001 0.021 0.006 0.013 0.053 0.843 
 167 K _   0.009 0.038 0.001 0.013 0.004 0.011 0.053 0.872 
 168 M _   0.008 0.027 0.000 0.008 0.003 0.010 0.053 0.892 
 169 E _   0.007 0.021 0.000 0.005 0.002 0.009 0.052 0.904 
 170 D _   0.007 0.018 0.000 0.004 0.002 0.009 0.051 0.908 
 171 P _   0.007 0.018 0.000 0.004 0.002 0.010 0.050 0.907 
 172 G _   0.008 0.021 0.000 0.006 0.003 0.012 0.048 0.901 
 173 S _   0.010 0.026 0.001 0.009 0.005 0.014 0.046 0.888 
 174 V _   0.012 0.037 0.001 0.015 0.007 0.017 0.044 0.868 
 175 L _   0.013 0.051 0.001 0.022 0.010 0.019 0.041 0.844 
 176 S _   0.013 0.064 0.001 0.029 0.012 0.021 0.038 0.822 
 177 T _   0.013 0.074 0.001 0.034 0.013 0.022 0.036 0.806 
 178 A _   0.013 0.081 0.001 0.037 0.014 0.023 0.034 0.798 
 179 C _   0.013 0.084 0.001 0.037 0.014 0.022 0.032 0.796 
 180 G _   0.013 0.085 0.001 0.035 0.013 0.022 0.030 0.801 
 181 T _   0.013 0.084 0.001 0.032 0.012 0.021 0.029 0.808 
 182 P _   0.012 0.081 0.001 0.029 0.011 0.020 0.028 0.817 
 183 G _   0.012 0.077 0.001 0.027 0.010 0.019 0.027 0.826 
 184 Y _   0.012 0.073 0.001 0.026 0.010 0.019 0.026 0.834 
 185 V _   0.012 0.068 0.001 0.025 0.009 0.018 0.026 0.842 
 186 A _   0.012 0.063 0.001 0.025 0.009 0.017 0.025 0.849 
 187 P _   0.012 0.057 0.001 0.024 0.009 0.016 0.024 0.857 
 188 E _   0.012 0.050 0.001 0.023 0.008 0.015 0.024 0.867 
 189 V _   0.012 0.042 0.001 0.021 0.007 0.014 0.023 0.880 
 190 L _   0.013 0.033 0.001 0.017 0.006 0.012 0.023 0.895 
 191 A _   0.014 0.022 0.001 0.013 0.005 0.011 0.022 0.912 
 192 Q _   0.016 0.013 0.001 0.009 0.004 0.009 0.021 0.927 
 193 K _   0.021 0.006 0.000 0.006 0.003 0.008 0.020 0.936 
 194 P _   0.030 0.002 0.000 0.003 0.003 0.008 0.019 0.935 
 195 Y _   0.047 0.000 0.000 0.002 0.003 0.007 0.017 0.923 
 196 S _   0.078 0.000 0.000 0.001 0.003 0.008 0.015 0.894 
 197 K _   0.131 0.000 0.001 0.001 0.004 0.008 0.013 0.842 
 198 A _   0.218 0.000 0.001 0.001 0.005 0.010 0.011 0.755 
 199 V _   0.337 0.000 0.001 0.001 0.007 0.011 0.008 0.635 
 200 D _   0.476 0.000 0.001 0.001 0.009 0.012 0.006 0.495 
 201 C H   0.616 0.000 0.001 0.001 0.012 0.012 0.004 0.354 
 202 W H   0.733 0.000 0.001 0.001 0.014 0.012 0.003 0.237 
 203 S H   0.814 0.000 0.001 0.001 0.016 0.011 0.002 0.156 
 204 I H   0.866 0.000 0.001 0.001 0.016 0.010 0.002 0.104 
 205 G H   0.896 0.000 0.001 0.001 0.017 0.009 0.002 0.075 
 206 V H   0.912 0.000 0.001 0.001 0.017 0.008 0.002 0.061 
 207 I H   0.916 0.000 0.001 0.001 0.018 0.007 0.002 0.056 
 208 A H   0.910 0.000 0.001 0.001 0.018 0.007 0.002 0.061 
 209 Y H   0.893 0.000 0.001 0.001 0.019 0.007 0.003 0.076 
 210 I H   0.859 0.000 0.001 0.001 0.020 0.008 0.004 0.106 
 211 L H   0.800 0.000 0.002 0.002 0.021 0.009 0.006 0.160 
 212 L H   0.713 0.000 0.002 0.002 0.020 0.010 0.010 0.242 
 213 C H   0.599 0.000 0.002 0.003 0.018 0.011 0.016 0.352 
 214 G _   0.470 0.000 0.002 0.004 0.014 0.011 0.023 0.477 
 215 Y _   0.341 0.000 0.001 0.004 0.010 0.010 0.032 0.603 
 216 P _   0.229 0.000 0.001 0.004 0.006 0.009 0.039 0.713 
 217 P _   0.142 0.000 0.001 0.003 0.004 0.007 0.045 0.798 
 218 F _   0.082 0.000 0.000 0.002 0.003 0.006 0.050 0.857 
 219 Y _   0.045 0.000 0.000 0.002 0.002 0.006 0.053 0.892 
 220 D _   0.026 0.000 0.000 0.002 0.001 0.006 0.055 0.910 
 221 E _   0.016 0.001 0.000 0.002 0.001 0.006 0.057 0.916 
 222 N _   0.013 0.003 0.000 0.003 0.002 0.008 0.058 0.912 
 223 D _   0.012 0.010 0.000 0.006 0.003 0.011 0.058 0.898 
 224 A _   0.013 0.029 0.001 0.012 0.006 0.015 0.058 0.866 
 225 K _   0.014 0.068 0.001 0.022 0.009 0.019 0.057 0.810 
 226 L _   0.013 0.123 0.001 0.034 0.013 0.022 0.056 0.738 
 227 F _   0.013 0.179 0.002 0.047 0.015 0.023 0.054 0.667 
 228 E _   0.012 0.221 0.002 0.058 0.016 0.023 0.054 0.615 
 229 Q _   0.011 0.246 0.001 0.064 0.016 0.023 0.054 0.585 
 230 I _   0.010 0.258 0.001 0.066 0.016 0.022 0.055 0.571 
 231 L _   0.010 0.262 0.001 0.066 0.015 0.021 0.056 0.568 
 232 K _   0.010 0.260 0.001 0.061 0.014 0.020 0.058 0.575 
 233 A _   0.010 0.250 0.001 0.055 0.013 0.018 0.061 0.590 
 234 E _   0.010 0.233 0.001 0.048 0.012 0.017 0.066 0.613 
 235 Y _   0.010 0.208 0.001 0.040 0.010 0.015 0.071 0.644 
 236 E _   0.010 0.177 0.001 0.032 0.008 0.014 0.077 0.680 
 237 F _   0.010 0.143 0.001 0.025 0.007 0.013 0.083 0.718 
 238 D _   0.010 0.112 0.001 0.019 0.005 0.011 0.089 0.753 
 239 S _   0.009 0.086 0.001 0.014 0.004 0.010 0.094 0.783 
 240 P _   0.008 0.066 0.000 0.011 0.003 0.009 0.097 0.806 
 241 Y _   0.007 0.053 0.000 0.008 0.002 0.007 0.100 0.822 
 242 W _   0.006 0.045 0.000 0.006 0.002 0.007 0.102 0.832 
 243 D _   0.005 0.040 0.000 0.005 0.002 0.006 0.103 0.838 
 244 D _   0.005 0.039 0.000 0.005 0.002 0.006 0.104 0.841 
 245 I _   0.004 0.039 0.000 0.005 0.002 0.007 0.103 0.840 
 246 S _   0.005 0.042 0.000 0.006 0.002 0.008 0.103 0.835 
 247 D _   0.005 0.047 0.000 0.010 0.003 0.010 0.101 0.824 
 248 S _   0.006 0.059 0.001 0.015 0.004 0.012 0.099 0.805 
 249 A _   0.007 0.075 0.001 0.023 0.006 0.014 0.097 0.777 
 250 K _   0.008 0.094 0.001 0.033 0.008 0.016 0.095 0.746 
 251 D _   0.008 0.110 0.001 0.042 0.010 0.017 0.093 0.719 
 252 F _   0.009 0.121 0.001 0.050 0.011 0.018 0.092 0.699 
 253 I _   0.009 0.126 0.001 0.054 0.011 0.018 0.092 0.689 
 254 R _   0.009 0.126 0.001 0.054 0.011 0.017 0.092 0.690 
 255 H _   0.009 0.121 0.001 0.048 0.010 0.016 0.094 0.701 
 256 L _   0.009 0.110 0.001 0.040 0.008 0.014 0.096 0.722 
 257 M _   0.008 0.093 0.001 0.030 0.007 0.012 0.099 0.750 
 258 E _   0.008 0.072 0.001 0.020 0.005 0.011 0.101 0.783 
 259 K _   0.007 0.053 0.001 0.012 0.004 0.009 0.104 0.811 
 260 D _   0.007 0.040 0.000 0.007 0.002 0.008 0.106 0.829 
 261 P _   0.006 0.033 0.000 0.005 0.002 0.008 0.107 0.839 
 262 E _   0.006 0.031 0.000 0.004 0.002 0.008 0.107 0.842 
 263 K _   0.007 0.031 0.000 0.004 0.002 0.009 0.107 0.840 
 264 R _   0.008 0.034 0.000 0.005 0.003 0.011 0.107 0.833 
 265 F _   0.009 0.041 0.000 0.008 0.004 0.013 0.105 0.819 
 266 T _   0.010 0.055 0.001 0.013 0.005 0.015 0.104 0.799 
 267 C _   0.010 0.074 0.001 0.018 0.007 0.017 0.101 0.772 
 268 E _   0.010 0.097 0.001 0.024 0.009 0.018 0.098 0.742 
 269 Q _   0.010 0.118 0.001 0.030 0.010 0.019 0.096 0.716 
 270 A _   0.010 0.135 0.001 0.034 0.011 0.019 0.094 0.695 
 271 L _   0.009 0.148 0.001 0.038 0.012 0.019 0.092 0.681 
 272 Q _   0.009 0.155 0.001 0.040 0.012 0.018 0.092 0.673 
 273 H _   0.009 0.159 0.001 0.040 0.012 0.018 0.091 0.670 
 274 P _   0.009 0.159 0.001 0.039 0.011 0.017 0.092 0.672 
 275 W _   0.009 0.156 0.001 0.037 0.010 0.016 0.093 0.678 
 276 I _   0.009 0.149 0.001 0.034 0.009 0.015 0.094 0.689 
 277 A _   0.009 0.139 0.001 0.029 0.008 0.014 0.096 0.704 
 278 G _   0.009 0.126 0.001 0.025 0.007 0.013 0.098 0.722 
 279 D _   0.009 0.110 0.001 0.020 0.006 0.012 0.101 0.742 
 280 T _   0.008 0.093 0.001 0.016 0.005 0.011 0.103 0.763 
 281 A _   0.008 0.078 0.001 0.012 0.004 0.010 0.106 0.781 
 282 L _   0.008 0.066 0.000 0.009 0.004 0.009 0.108 0.796 
 283 D _   0.007 0.058 0.000 0.008 0.003 0.009 0.110 0.805 
 284 K _   0.007 0.053 0.000 0.007 0.003 0.009 0.111 0.810 
 285 N _   0.007 0.051 0.000 0.007 0.003 0.009 0.112 0.811 
 286 I _   0.007 0.050 0.000 0.008 0.003 0.010 0.113 0.808 
 287 H _   0.007 0.051 0.000 0.011 0.004 0.011 0.114 0.802 
 288 Q _   0.008 0.053 0.001 0.014 0.005 0.011 0.114 0.795 
 289 S _   0.008 0.055 0.001 0.017 0.006 0.012 0.115 0.787 
 290 V _   0.008 0.056 0.001 0.021 0.006 0.013 0.116 0.779 
 291 S _   0.008 0.057 0.001 0.023 0.007 0.013 0.117 0.774 
 292 E _   0.008 0.056 0.001 0.024 0.007 0.013 0.118 0.773 
 293 Q _   0.008 0.054 0.001 0.023 0.007 0.013 0.120 0.775 
 294 I _   0.007 0.049 0.001 0.021 0.006 0.012 0.122 0.781 
 295 K _   0.007 0.043 0.001 0.018 0.005 0.011 0.125 0.789 
 296 K _   0.007 0.037 0.001 0.014 0.005 0.011 0.128 0.798 
 297 N _   0.007 0.030 0.000 0.011 0.004 0.011 0.130 0.807 
 298 F _   0.007 0.024 0.000 0.008 0.003 0.010 0.133 0.814 
 299 A _   0.007 0.020 0.000 0.007 0.003 0.011 0.135 0.817 
 300 K _   0.008 0.018 0.000 0.005 0.003 0.012 0.137 0.817 
 301 S _   0.009 0.017 0.000 0.005 0.003 0.014 0.138 0.813 
 302 K _   0.012 0.018 0.000 0.005 0.004 0.016 0.139 0.805 
 303 W _   0.016 0.020 0.001 0.006 0.005 0.020 0.140 0.792 
 304 K _   0.021 0.025 0.001 0.008 0.008 0.025 0.141 0.772 
 305 Q _   0.028 0.033 0.001 0.012 0.012 0.030 0.141 0.743 
 306 A _   0.035 0.045 0.001 0.016 0.017 0.036 0.142 0.708 
 307 F _   0.042 0.060 0.002 0.022 0.022 0.041 0.143 0.669 
 308 N _   0.049 0.077 0.002 0.028 0.027 0.044 0.144 0.630 
 309 A _   0.054 0.091 0.002 0.033 0.030 0.046 0.147 0.597 
 310 T _   0.058 0.101 0.002 0.037 0.032 0.047 0.150 0.572 
 311 A _   0.060 0.108 0.002 0.040 0.033 0.046 0.154 0.557 
 312 V _   0.060 0.111 0.002 0.040 0.031 0.044 0.158 0.552 
 313 V _   0.058 0.111 0.002 0.039 0.029 0.042 0.164 0.555 
 314 R _   0.055 0.108 0.002 0.037 0.025 0.038 0.171 0.564 
 315 H _   0.049 0.101 0.002 0.034 0.022 0.034 0.179 0.579 
 316 M _   0.044 0.092 0.002 0.030 0.018 0.030 0.188 0.597 
 317 R _   0.038 0.081 0.001 0.026 0.014 0.026 0.197 0.618 
 318 K _   0.032 0.068 0.001 0.021 0.011 0.022 0.206 0.638 
 319 L _   0.026 0.056 0.001 0.017 0.008 0.019 0.215 0.658 
 320 Q _   0.021 0.044 0.001 0.014 0.006 0.015 0.224 0.674 
 321 L _   0.017 0.035 0.001 0.012 0.005 0.013 0.231 0.686 
 322 G _   0.014 0.028 0.001 0.010 0.004 0.011 0.238 0.695 
 323 T _   0.011 0.022 0.000 0.008 0.003 0.009 0.244 0.702 
 324 S _   0.009 0.018 0.000 0.007 0.002 0.008 0.249 0.706 
 325 Q _   0.008 0.016 0.000 0.005 0.002 0.007 0.253 0.709 
 326 E _   0.006 0.014 0.000 0.005 0.002 0.006 0.257 0.711 
 327 G _   0.006 0.013 0.000 0.004 0.002 0.006 0.259 0.711 
 328 Q _   0.005 0.013 0.000 0.004 0.002 0.006 0.261 0.710 
 329 G _   0.005 0.014 0.000 0.004 0.002 0.006 0.262 0.708 
 330 Q _   0.005 0.017 0.000 0.005 0.002 0.007 0.262 0.703 
 331 T _   0.005 0.021 0.000 0.006 0.002 0.008 0.262 0.695 
 332 A _   0.006 0.030 0.000 0.008 0.003 0.009 0.261 0.683 
 333 S _   0.006 0.043 0.001 0.011 0.005 0.011 0.260 0.664 
 334 H _   0.007 0.063 0.001 0.014 0.006 0.012 0.258 0.639 
 335 G _   0.007 0.088 0.001 0.018 0.007 0.014 0.256 0.609 
 336 E _   0.007 0.116 0.001 0.021 0.008 0.015 0.254 0.578 
 337 L _   0.007 0.142 0.001 0.023 0.009 0.015 0.252 0.550 
 338 L _   0.007 0.165 0.001 0.025 0.009 0.015 0.252 0.526 
 339 T _   0.007 0.183 0.001 0.025 0.009 0.016 0.252 0.507 
 340 P _   0.007 0.198 0.001 0.025 0.009 0.016 0.252 0.492 
 341 V _   0.007 0.211 0.001 0.025 0.009 0.016 0.253 0.478 
 342 A _   0.007 0.222 0.001 0.024 0.009 0.016 0.255 0.465 
 343 G _   0.008 0.231 0.001 0.024 0.009 0.016 0.257 0.454 
 344 G _   0.008 0.239 0.001 0.023 0.009 0.016 0.260 0.444 
 345 P _   0.008 0.245 0.001 0.023 0.009 0.016 0.264 0.435 
 346 A _   0.008 0.249 0.001 0.022 0.008 0.016 0.268 0.428 
 347 A _   0.008 0.252 0.001 0.022 0.008 0.015 0.272 0.422 
 348 G _   0.008 0.254 0.001 0.021 0.008 0.015 0.277 0.416 
 349 C _   0.007 0.254 0.001 0.021 0.008 0.014 0.282 0.412 
 350 C _   0.007 0.254 0.001 0.021 0.007 0.014 0.288 0.409 
 351 C _   0.007 0.252 0.001 0.020 0.007 0.014 0.294 0.405 
 352 R _   0.006 0.250 0.001 0.021 0.007 0.013 0.302 0.401 
 353 D _   0.006 0.247 0.001 0.021 0.007 0.013 0.309 0.396 
 354 C _   0.006 0.243 0.001 0.022 0.007 0.013 0.318 0.390 
 355 C _   0.007 0.238 0.001 0.022 0.007 0.013 0.328 0.385 
 356 V _   0.007 0.232 0.001 0.023 0.007 0.013 0.338 0.380 
 357 E _   0.007 0.224 0.001 0.024 0.007 0.013 0.350 0.375 
 358 P _   0.007 0.216 0.001 0.024 0.007 0.013 0.363 0.369 
 359 G X   0.007 0.205 0.001 0.025 0.007 0.013 0.378 0.365 
 360 T X   0.008 0.193 0.001 0.024 0.007 0.012 0.394 0.362 
 361 E X   0.007 0.178 0.001 0.024 0.007 0.012 0.411 0.360 
 362 L X   0.007 0.162 0.001 0.023 0.006 0.011 0.429 0.361 
 363 S X   0.006 0.146 0.001 0.021 0.006 0.010 0.447 0.363 
 364 P X   0.005 0.129 0.001 0.019 0.005 0.008 0.467 0.366 
 365 T X   0.004 0.109 0.001 0.016 0.004 0.006 0.487 0.373 
 366 L X   0.002 0.088 0.000 0.013 0.002 0.003 0.507 0.384 
 367 P X   0.001 0.066 0.000 0.008 0.001 0.001 0.523 0.401 
 368 H X   0.000 0.049 0.000 0.005 0.000 0.001 0.529 0.416 
 369 Q X   0.000 0.043 0.000 0.005 0.000 0.001 0.528 0.423 
 370 L X   0.003 0.040 0.001 0.013 0.003 0.003 0.518 0.420 
