#TopoPred_TM8: 8-state transmembrane topology prediction results by no_profile mode 
#probabilities are in the order of H E C I L F X _, the 8 transmembrane topology types used in PDBTM 
   1 M X   0.010 0.001 0.002 0.036 0.007 0.007 0.820 0.117 
   2 L X   0.003 0.000 0.000 0.018 0.001 0.003 0.842 0.132 
   3 A X   0.001 0.000 0.000 0.008 0.000 0.002 0.847 0.142 
   4 R X   0.001 0.000 0.000 0.005 0.000 0.002 0.845 0.146 
   5 R X   0.001 0.001 0.000 0.005 0.001 0.003 0.841 0.150 
   6 K X   0.002 0.001 0.000 0.005 0.001 0.004 0.834 0.153 
   7 P X   0.003 0.002 0.000 0.006 0.001 0.006 0.826 0.155 
   8 V X   0.003 0.005 0.000 0.009 0.002 0.008 0.815 0.158 
   9 L X   0.004 0.009 0.000 0.013 0.003 0.009 0.802 0.160 
  10 P X   0.004 0.013 0.001 0.018 0.004 0.010 0.789 0.161 
  11 A X   0.004 0.018 0.001 0.022 0.005 0.010 0.775 0.164 
  12 L X   0.004 0.021 0.001 0.025 0.006 0.010 0.764 0.169 
  13 T X   0.004 0.023 0.001 0.026 0.006 0.010 0.756 0.175 
  14 I X   0.004 0.024 0.001 0.026 0.006 0.009 0.749 0.182 
  15 N X   0.004 0.023 0.001 0.024 0.005 0.009 0.744 0.190 
  16 P X   0.004 0.022 0.001 0.021 0.005 0.008 0.740 0.200 
  17 T X   0.004 0.020 0.000 0.017 0.004 0.007 0.738 0.210 
  18 I X   0.004 0.017 0.000 0.013 0.003 0.006 0.735 0.221 
  19 A X   0.003 0.014 0.000 0.010 0.002 0.005 0.733 0.233 
  20 E X   0.003 0.011 0.000 0.007 0.002 0.004 0.731 0.243 
  21 G X   0.003 0.008 0.000 0.005 0.001 0.004 0.728 0.252 
  22 P X   0.002 0.006 0.000 0.003 0.001 0.003 0.724 0.260 
  23 S X   0.002 0.005 0.000 0.003 0.001 0.003 0.719 0.267 
  24 P X   0.002 0.005 0.000 0.002 0.001 0.003 0.714 0.273 
  25 T X   0.002 0.005 0.000 0.003 0.001 0.003 0.707 0.280 
  26 S X   0.002 0.005 0.000 0.003 0.001 0.003 0.699 0.286 
  27 E X   0.002 0.006 0.000 0.004 0.001 0.004 0.691 0.292 
  28 G X   0.002 0.007 0.000 0.006 0.002 0.005 0.680 0.297 
  29 A X   0.002 0.010 0.000 0.008 0.002 0.005 0.669 0.302 
  30 S X   0.003 0.012 0.000 0.011 0.003 0.006 0.658 0.307 
  31 E X   0.003 0.015 0.000 0.014 0.003 0.007 0.647 0.312 
  32 A X   0.003 0.017 0.000 0.015 0.003 0.007 0.637 0.317 
  33 N X   0.003 0.019 0.000 0.017 0.004 0.007 0.628 0.322 
  34 L X   0.003 0.020 0.000 0.017 0.004 0.007 0.620 0.329 
  35 V X   0.003 0.021 0.000 0.017 0.003 0.007 0.613 0.335 
  36 D X   0.003 0.021 0.000 0.016 0.003 0.007 0.608 0.342 
  37 L X   0.003 0.020 0.000 0.014 0.003 0.006 0.603 0.349 
  38 Q X   0.003 0.019 0.000 0.013 0.003 0.006 0.600 0.356 
  39 K X   0.004 0.017 0.000 0.011 0.002 0.006 0.597 0.363 
  40 K X   0.004 0.015 0.000 0.010 0.002 0.005 0.594 0.370 
  41 L X   0.004 0.013 0.000 0.008 0.002 0.005 0.591 0.377 
  42 E X   0.004 0.011 0.000 0.007 0.002 0.005 0.588 0.384 
  43 E X   0.004 0.009 0.000 0.006 0.001 0.004 0.585 0.391 
  44 L X   0.003 0.008 0.000 0.005 0.001 0.004 0.580 0.398 
  45 E X   0.003 0.007 0.000 0.004 0.001 0.004 0.575 0.406 
  46 L X   0.003 0.006 0.000 0.003 0.001 0.004 0.569 0.413 
  47 D X   0.003 0.006 0.000 0.003 0.001 0.004 0.561 0.422 
  48 E X   0.003 0.006 0.000 0.003 0.001 0.004 0.552 0.430 
  49 Q X   0.003 0.007 0.000 0.004 0.001 0.005 0.541 0.439 
  50 Q X   0.003 0.010 0.000 0.005 0.002 0.007 0.528 0.446 
  51 K X   0.004 0.015 0.000 0.008 0.003 0.008 0.511 0.450 
  52 K X   0.005 0.024 0.001 0.013 0.004 0.011 0.491 0.450 
  53 R X   0.006 0.039 0.001 0.021 0.006 0.013 0.468 0.445 
  54 L X   0.006 0.059 0.001 0.031 0.009 0.015 0.443 0.436 
  55 E _   0.006 0.078 0.001 0.041 0.010 0.017 0.419 0.428 
  56 A _   0.007 0.092 0.001 0.050 0.011 0.017 0.399 0.423 
  57 F _   0.007 0.102 0.001 0.055 0.012 0.017 0.383 0.424 
  58 L _   0.007 0.106 0.001 0.057 0.012 0.017 0.370 0.431 
  59 T _   0.007 0.106 0.001 0.055 0.011 0.016 0.360 0.444 
  60 Q _   0.007 0.103 0.001 0.050 0.010 0.015 0.353 0.462 
  61 K _   0.007 0.096 0.001 0.042 0.008 0.013 0.348 0.485 
  62 A _   0.007 0.085 0.001 0.034 0.007 0.012 0.343 0.512 
  63 K _   0.007 0.070 0.001 0.025 0.005 0.010 0.340 0.543 
  64 V _   0.006 0.054 0.001 0.017 0.004 0.009 0.337 0.573 
  65 G _   0.006 0.039 0.000 0.011 0.003 0.007 0.333 0.600 
  66 E _   0.005 0.029 0.000 0.007 0.002 0.006 0.329 0.621 
  67 L _   0.005 0.022 0.000 0.005 0.002 0.006 0.323 0.637 
  68 K _   0.004 0.019 0.000 0.004 0.001 0.005 0.317 0.649 
  69 D _   0.004 0.017 0.000 0.003 0.001 0.006 0.310 0.658 
  70 D _   0.004 0.018 0.000 0.004 0.002 0.007 0.301 0.665 
  71 D _   0.005 0.020 0.000 0.005 0.002 0.008 0.290 0.670 
  72 F _   0.006 0.025 0.000 0.008 0.003 0.011 0.277 0.670 
  73 E _   0.007 0.034 0.001 0.013 0.005 0.013 0.262 0.665 
  74 R _   0.008 0.048 0.001 0.019 0.007 0.016 0.245 0.656 
  75 I _   0.009 0.064 0.001 0.025 0.009 0.019 0.227 0.645 
  76 S _   0.010 0.080 0.001 0.031 0.011 0.021 0.211 0.635 
  77 E _   0.010 0.093 0.001 0.036 0.013 0.023 0.196 0.628 
  78 L _   0.011 0.102 0.001 0.039 0.014 0.025 0.182 0.626 
  79 G _   0.012 0.107 0.001 0.040 0.015 0.026 0.171 0.628 
  80 A _   0.013 0.110 0.001 0.039 0.016 0.027 0.162 0.632 
  81 G _   0.014 0.110 0.001 0.038 0.016 0.027 0.153 0.640 
  82 N _   0.015 0.109 0.001 0.036 0.016 0.028 0.146 0.650 
  83 G _   0.016 0.105 0.001 0.033 0.015 0.027 0.140 0.661 
  84 G _   0.017 0.099 0.001 0.031 0.015 0.027 0.135 0.675 
  85 V _   0.017 0.092 0.001 0.028 0.013 0.026 0.131 0.692 
  86 V _   0.017 0.082 0.001 0.024 0.012 0.025 0.127 0.712 
  87 T _   0.017 0.071 0.001 0.020 0.011 0.024 0.123 0.733 
  88 K _   0.016 0.060 0.001 0.016 0.009 0.023 0.120 0.754 
  89 V _   0.015 0.050 0.001 0.013 0.008 0.022 0.116 0.774 
  90 Q _   0.015 0.042 0.001 0.011 0.007 0.022 0.113 0.789 
  91 H _   0.015 0.036 0.001 0.009 0.007 0.023 0.109 0.800 
  92 R _   0.016 0.033 0.001 0.009 0.007 0.024 0.105 0.806 
  93 P _   0.017 0.032 0.001 0.009 0.008 0.025 0.102 0.806 
  94 S _   0.020 0.032 0.001 0.011 0.009 0.027 0.098 0.802 
  95 G _   0.022 0.033 0.001 0.014 0.012 0.029 0.094 0.794 
  96 L _   0.025 0.036 0.001 0.018 0.014 0.032 0.090 0.784 
  97 I _   0.028 0.038 0.001 0.022 0.017 0.034 0.086 0.775 
  98 M _   0.030 0.039 0.001 0.025 0.019 0.035 0.083 0.768 
  99 A _   0.032 0.039 0.001 0.026 0.020 0.035 0.080 0.766 
 100 R _   0.034 0.038 0.001 0.026 0.020 0.035 0.077 0.769 
 101 K _   0.034 0.035 0.001 0.024 0.019 0.035 0.075 0.777 
 102 L _   0.035 0.031 0.001 0.021 0.017 0.033 0.073 0.788 
 103 I _   0.035 0.026 0.001 0.018 0.016 0.032 0.071 0.801 
 104 H _   0.035 0.021 0.001 0.015 0.013 0.031 0.070 0.815 
 105 L _   0.034 0.017 0.001 0.012 0.012 0.029 0.068 0.827 
 106 E _   0.034 0.013 0.001 0.010 0.010 0.028 0.067 0.837 
 107 I _   0.034 0.011 0.001 0.008 0.009 0.027 0.066 0.844 
 108 K _   0.034 0.010 0.001 0.008 0.008 0.027 0.065 0.849 
 109 P _   0.034 0.009 0.001 0.007 0.008 0.027 0.063 0.852 
 110 A _   0.034 0.009 0.001 0.007 0.008 0.027 0.062 0.852 
 111 I _   0.035 0.009 0.001 0.008 0.009 0.028 0.060 0.851 
 112 R _   0.036 0.010 0.001 0.009 0.010 0.029 0.059 0.846 
 113 N _   0.036 0.013 0.001 0.012 0.012 0.030 0.057 0.840 
 114 Q _   0.036 0.015 0.001 0.014 0.013 0.031 0.056 0.833 
 115 I _   0.035 0.019 0.001 0.018 0.015 0.031 0.054 0.827 
 116 I _   0.034 0.022 0.001 0.021 0.016 0.031 0.053 0.821 
 117 R _   0.033 0.024 0.001 0.024 0.016 0.030 0.052 0.818 
 118 E _   0.031 0.026 0.001 0.026 0.016 0.029 0.051 0.820 
 119 L _   0.028 0.026 0.001 0.025 0.014 0.027 0.051 0.828 
 120 Q _   0.025 0.025 0.001 0.022 0.012 0.025 0.050 0.839 
 121 V _   0.022 0.023 0.001 0.018 0.010 0.023 0.050 0.852 
 122 L _   0.020 0.021 0.001 0.014 0.008 0.020 0.050 0.867 
 123 H _   0.018 0.018 0.001 0.010 0.006 0.019 0.049 0.879 
 124 E _   0.016 0.017 0.001 0.007 0.005 0.018 0.048 0.887 
 125 C _   0.016 0.016 0.001 0.006 0.005 0.018 0.048 0.891 
 126 N _   0.016 0.017 0.001 0.006 0.005 0.019 0.047 0.888 
 127 S _   0.017 0.021 0.001 0.008 0.007 0.021 0.046 0.879 
 128 P _   0.019 0.029 0.001 0.012 0.010 0.024 0.044 0.862 
 129 Y _   0.021 0.042 0.001 0.019 0.013 0.026 0.043 0.835 
 130 I _   0.022 0.060 0.001 0.028 0.016 0.028 0.041 0.803 
 131 V _   0.022 0.077 0.002 0.037 0.019 0.029 0.040 0.775 
 132 G _   0.022 0.089 0.002 0.043 0.020 0.029 0.039 0.758 
 133 F _   0.021 0.095 0.001 0.045 0.019 0.028 0.038 0.752 
 134 Y _   0.020 0.097 0.001 0.044 0.018 0.027 0.037 0.756 
 135 G _   0.018 0.096 0.001 0.038 0.016 0.025 0.037 0.770 
 136 A _   0.016 0.090 0.001 0.030 0.013 0.023 0.037 0.789 
 137 F _   0.014 0.083 0.001 0.022 0.010 0.021 0.037 0.812 
 138 Y _   0.013 0.075 0.001 0.016 0.008 0.019 0.037 0.832 
 139 S _   0.012 0.069 0.001 0.011 0.006 0.018 0.037 0.845 
 140 D _   0.012 0.067 0.001 0.010 0.006 0.018 0.037 0.850 
 141 G _   0.012 0.067 0.001 0.010 0.006 0.019 0.037 0.848 
 142 E _   0.014 0.071 0.001 0.013 0.007 0.020 0.036 0.838 
 143 I _   0.015 0.077 0.001 0.019 0.010 0.021 0.036 0.822 
 144 S _   0.016 0.084 0.001 0.026 0.012 0.022 0.035 0.804 
 145 I _   0.016 0.090 0.001 0.034 0.013 0.022 0.035 0.789 
 146 C _   0.016 0.093 0.001 0.039 0.014 0.022 0.035 0.780 
 147 M _   0.016 0.092 0.001 0.041 0.014 0.021 0.035 0.781 
 148 E _   0.014 0.088 0.001 0.038 0.013 0.019 0.036 0.791 
 149 H _   0.013 0.079 0.001 0.033 0.011 0.017 0.037 0.810 
 150 M _   0.012 0.066 0.001 0.026 0.009 0.015 0.038 0.835 
 151 D _   0.010 0.050 0.001 0.019 0.007 0.013 0.039 0.862 
 152 G _   0.009 0.036 0.001 0.013 0.005 0.011 0.039 0.886 
 153 G _   0.008 0.024 0.000 0.010 0.004 0.010 0.040 0.904 
 154 S _   0.008 0.016 0.000 0.008 0.003 0.009 0.041 0.915 
 155 L _   0.007 0.012 0.000 0.007 0.003 0.009 0.041 0.921 
 156 D _   0.007 0.009 0.000 0.007 0.003 0.009 0.041 0.924 
 157 Q _   0.007 0.007 0.000 0.007 0.003 0.009 0.041 0.925 
 158 V _   0.008 0.006 0.000 0.008 0.003 0.009 0.041 0.925 
 159 L _   0.008 0.005 0.000 0.008 0.003 0.010 0.041 0.925 
 160 K _   0.009 0.004 0.000 0.008 0.003 0.011 0.040 0.924 
 161 E _   0.011 0.003 0.000 0.008 0.004 0.012 0.040 0.923 
 162 A _   0.013 0.002 0.000 0.008 0.004 0.013 0.039 0.921 
 163 K _   0.018 0.002 0.000 0.007 0.004 0.014 0.038 0.917 
 164 R _   0.025 0.001 0.001 0.006 0.004 0.016 0.037 0.910 
 165 I _   0.037 0.001 0.001 0.005 0.005 0.018 0.036 0.897 
 166 P _   0.056 0.000 0.001 0.005 0.006 0.022 0.035 0.876 
 167 E _   0.085 0.000 0.001 0.004 0.007 0.026 0.033 0.844 
 168 E _   0.123 0.000 0.001 0.004 0.010 0.031 0.031 0.799 
 169 I _   0.173 0.000 0.001 0.004 0.014 0.037 0.030 0.741 
 170 L _   0.229 0.000 0.001 0.004 0.020 0.044 0.028 0.674 
 171 G _   0.288 0.000 0.002 0.004 0.027 0.050 0.026 0.603 
 172 K _   0.346 0.001 0.002 0.005 0.035 0.055 0.025 0.532 
 173 V _   0.391 0.001 0.002 0.006 0.043 0.058 0.024 0.474 
 174 S _   0.427 0.002 0.002 0.007 0.049 0.060 0.024 0.428 
 175 I H   0.450 0.003 0.002 0.009 0.054 0.060 0.025 0.398 
 176 A H   0.459 0.004 0.002 0.011 0.056 0.059 0.025 0.384 
 177 V H   0.458 0.004 0.003 0.013 0.055 0.057 0.027 0.384 
 178 L H   0.443 0.005 0.003 0.014 0.053 0.054 0.028 0.401 
 179 R _   0.415 0.005 0.003 0.014 0.048 0.050 0.031 0.435 
 180 G _   0.377 0.004 0.002 0.013 0.041 0.046 0.033 0.484 
 181 L _   0.329 0.003 0.002 0.011 0.034 0.041 0.036 0.543 
 182 A _   0.276 0.002 0.002 0.010 0.026 0.037 0.039 0.608 
 183 Y _   0.221 0.002 0.002 0.009 0.020 0.032 0.043 0.672 
 184 L _   0.170 0.001 0.001 0.009 0.015 0.028 0.046 0.730 
 185 R _   0.128 0.001 0.001 0.008 0.011 0.025 0.049 0.777 
 186 E _   0.094 0.001 0.001 0.009 0.009 0.022 0.052 0.812 
 187 K _   0.069 0.001 0.001 0.009 0.007 0.019 0.054 0.839 
 188 H _   0.050 0.002 0.001 0.010 0.006 0.017 0.056 0.858 
 189 Q _   0.036 0.002 0.001 0.010 0.006 0.015 0.058 0.873 
 190 I _   0.027 0.002 0.001 0.010 0.005 0.013 0.059 0.883 
 191 M _   0.020 0.002 0.001 0.010 0.004 0.011 0.061 0.891 
 192 H _   0.015 0.002 0.000 0.009 0.004 0.010 0.062 0.897 
 193 R _   0.012 0.002 0.000 0.008 0.003 0.009 0.063 0.902 
 194 D _   0.010 0.002 0.000 0.007 0.003 0.008 0.064 0.906 
 195 V _   0.009 0.002 0.000 0.006 0.003 0.007 0.065 0.909 
 196 K _   0.008 0.002 0.000 0.005 0.002 0.007 0.065 0.911 
 197 P _   0.007 0.002 0.000 0.005 0.002 0.007 0.065 0.911 
 198 S _   0.007 0.002 0.000 0.005 0.002 0.008 0.065 0.910 
 199 N _   0.007 0.003 0.000 0.006 0.003 0.008 0.065 0.907 
 200 I _   0.008 0.005 0.000 0.007 0.003 0.010 0.065 0.903 
 201 L _   0.008 0.007 0.000 0.008 0.004 0.011 0.064 0.897 
 202 V _   0.009 0.010 0.001 0.010 0.004 0.013 0.064 0.890 
 203 N _   0.009 0.014 0.001 0.011 0.005 0.014 0.063 0.883 
 204 S _   0.010 0.018 0.001 0.013 0.006 0.016 0.062 0.875 
 205 R _   0.010 0.022 0.001 0.014 0.007 0.018 0.061 0.867 
 206 G _   0.011 0.027 0.001 0.015 0.008 0.020 0.060 0.858 
 207 E _   0.013 0.032 0.001 0.016 0.009 0.022 0.058 0.850 
 208 I _   0.014 0.037 0.001 0.016 0.010 0.024 0.057 0.840 
 209 K _   0.016 0.042 0.001 0.017 0.011 0.027 0.057 0.829 
 210 L _   0.018 0.047 0.001 0.018 0.013 0.029 0.056 0.818 
 211 C _   0.021 0.053 0.001 0.020 0.015 0.032 0.055 0.804 
 212 D _   0.023 0.059 0.001 0.022 0.017 0.034 0.054 0.789 
 213 F _   0.026 0.064 0.001 0.025 0.019 0.036 0.054 0.775 
 214 G _   0.029 0.069 0.001 0.027 0.021 0.038 0.054 0.762 
 215 V _   0.031 0.073 0.001 0.029 0.022 0.038 0.054 0.752 
 216 S _   0.033 0.074 0.002 0.029 0.022 0.039 0.054 0.746 
 217 G _   0.035 0.075 0.001 0.029 0.022 0.038 0.055 0.745 
 218 Q _   0.036 0.073 0.001 0.027 0.021 0.037 0.056 0.749 
 219 L _   0.036 0.070 0.001 0.025 0.020 0.036 0.057 0.756 
 220 I _   0.035 0.065 0.001 0.022 0.018 0.034 0.058 0.766 
 221 D _   0.034 0.060 0.001 0.019 0.016 0.033 0.059 0.776 
 222 S _   0.033 0.055 0.001 0.017 0.015 0.031 0.061 0.787 
 223 M _   0.032 0.050 0.001 0.016 0.013 0.029 0.063 0.796 
 224 A _   0.031 0.046 0.001 0.015 0.012 0.027 0.064 0.803 
 225 N _   0.029 0.043 0.001 0.015 0.011 0.026 0.066 0.809 
 226 S _   0.027 0.039 0.001 0.015 0.010 0.024 0.068 0.815 
 227 F _   0.026 0.036 0.001 0.015 0.010 0.023 0.070 0.820 
 228 V _   0.024 0.034 0.001 0.014 0.009 0.021 0.072 0.825 
 229 G _   0.022 0.031 0.001 0.014 0.008 0.020 0.074 0.830 
 230 T _   0.020 0.028 0.001 0.014 0.008 0.019 0.076 0.835 
 231 R _   0.018 0.025 0.001 0.013 0.007 0.018 0.078 0.839 
 232 S _   0.016 0.023 0.001 0.013 0.007 0.017 0.080 0.843 
 233 Y _   0.015 0.021 0.001 0.013 0.007 0.017 0.082 0.846 
 234 M _   0.014 0.019 0.001 0.013 0.006 0.016 0.084 0.848 
 235 A _   0.013 0.017 0.001 0.014 0.006 0.015 0.086 0.849 
 236 P _   0.012 0.015 0.001 0.014 0.006 0.015 0.088 0.850 
 237 E _   0.012 0.013 0.001 0.013 0.006 0.015 0.090 0.851 
 238 R _   0.011 0.011 0.001 0.013 0.006 0.014 0.091 0.853 
 239 L _   0.012 0.009 0.001 0.012 0.005 0.014 0.093 0.855 
 240 Q _   0.012 0.007 0.001 0.010 0.005 0.014 0.095 0.857 
 241 G _   0.013 0.004 0.001 0.008 0.004 0.014 0.097 0.859 
 242 T _   0.016 0.003 0.001 0.007 0.004 0.015 0.098 0.858 
 243 H _   0.021 0.002 0.000 0.005 0.004 0.016 0.099 0.852 
 244 Y _   0.030 0.001 0.001 0.004 0.005 0.019 0.100 0.841 
 245 S _   0.044 0.000 0.001 0.004 0.006 0.023 0.101 0.822 
 246 V _   0.066 0.000 0.001 0.004 0.007 0.028 0.102 0.792 
 247 Q _   0.097 0.000 0.001 0.004 0.011 0.034 0.103 0.750 
 248 S _   0.137 0.000 0.001 0.004 0.016 0.041 0.103 0.697 
 249 D _   0.185 0.001 0.001 0.005 0.023 0.049 0.104 0.632 
 250 I _   0.234 0.001 0.002 0.006 0.032 0.056 0.106 0.563 
 251 W _   0.281 0.002 0.002 0.007 0.043 0.062 0.108 0.495 
 252 S _   0.320 0.004 0.002 0.008 0.054 0.067 0.111 0.434 
 253 M _   0.350 0.006 0.003 0.010 0.064 0.070 0.116 0.382 
 254 G H   0.372 0.010 0.003 0.012 0.072 0.071 0.122 0.338 
 255 L H   0.383 0.014 0.003 0.015 0.077 0.070 0.130 0.307 
 256 S H   0.382 0.019 0.003 0.020 0.079 0.068 0.141 0.288 
 257 L H   0.371 0.023 0.003 0.025 0.077 0.064 0.156 0.282 
 258 V H   0.348 0.026 0.003 0.030 0.071 0.059 0.174 0.288 
 259 E H   0.314 0.027 0.003 0.034 0.062 0.053 0.198 0.309 
 260 L _   0.269 0.026 0.003 0.037 0.051 0.046 0.226 0.341 
 261 A _   0.217 0.024 0.003 0.035 0.039 0.039 0.260 0.384 
 262 V _   0.166 0.019 0.002 0.030 0.026 0.031 0.296 0.430 
 263 G _   0.119 0.013 0.002 0.022 0.016 0.023 0.332 0.473 
 264 R _   0.080 0.008 0.001 0.015 0.009 0.017 0.363 0.507 
 265 Y _   0.051 0.004 0.001 0.009 0.005 0.011 0.387 0.532 
 266 P _   0.030 0.002 0.000 0.005 0.003 0.007 0.405 0.548 
 267 I _   0.017 0.001 0.000 0.003 0.001 0.005 0.417 0.555 
 268 P _   0.010 0.000 0.000 0.002 0.001 0.004 0.426 0.557 
 269 P _   0.006 0.000 0.000 0.001 0.001 0.003 0.432 0.556 
 270 P _   0.004 0.001 0.000 0.001 0.001 0.003 0.437 0.553 
 271 D _   0.004 0.001 0.000 0.002 0.001 0.005 0.439 0.548 
 272 A _   0.005 0.004 0.000 0.004 0.002 0.007 0.441 0.537 
 273 K _   0.006 0.013 0.000 0.009 0.003 0.010 0.441 0.518 
 274 E _   0.007 0.033 0.001 0.018 0.006 0.013 0.440 0.484 
 275 L _   0.008 0.062 0.001 0.030 0.008 0.015 0.438 0.438 
 276 E X   0.007 0.091 0.001 0.043 0.010 0.017 0.436 0.395 
 277 A X   0.007 0.110 0.001 0.053 0.011 0.017 0.436 0.364 
 278 I X   0.006 0.120 0.001 0.059 0.011 0.017 0.439 0.346 
 279 F X   0.006 0.124 0.001 0.060 0.011 0.016 0.443 0.339 
 280 G X   0.006 0.123 0.001 0.057 0.010 0.015 0.450 0.339 
 281 R X   0.005 0.118 0.001 0.051 0.009 0.013 0.459 0.344 
 282 P X   0.005 0.107 0.001 0.042 0.008 0.012 0.471 0.354 
 283 V X   0.005 0.091 0.001 0.033 0.007 0.011 0.485 0.367 
 284 V X   0.005 0.072 0.001 0.024 0.006 0.009 0.501 0.382 
 285 D X   0.005 0.053 0.001 0.017 0.004 0.008 0.517 0.394 
 286 G X   0.005 0.038 0.000 0.012 0.003 0.007 0.532 0.402 
 287 E X   0.005 0.027 0.000 0.009 0.002 0.006 0.544 0.405 
 288 E X   0.005 0.020 0.000 0.007 0.002 0.006 0.554 0.406 
 289 G X   0.004 0.015 0.000 0.006 0.002 0.005 0.562 0.405 
 290 E X   0.004 0.012 0.000 0.006 0.001 0.005 0.568 0.404 
 291 P X   0.004 0.010 0.000 0.006 0.001 0.004 0.573 0.402 
 292 H X   0.003 0.008 0.000 0.005 0.001 0.004 0.577 0.400 
 293 S X   0.003 0.007 0.000 0.005 0.001 0.004 0.580 0.399 
 294 I X   0.003 0.005 0.000 0.005 0.001 0.004 0.583 0.399 
 295 S X   0.003 0.005 0.000 0.005 0.001 0.003 0.584 0.399 
 296 P X   0.002 0.004 0.000 0.004 0.001 0.003 0.585 0.400 
 297 R X   0.002 0.003 0.000 0.004 0.001 0.003 0.585 0.401 
 298 P X   0.002 0.003 0.000 0.004 0.001 0.003 0.585 0.403 
 299 R X   0.002 0.003 0.000 0.004 0.001 0.003 0.583 0.404 
 300 P X   0.002 0.003 0.000 0.004 0.001 0.003 0.581 0.405 
 301 P X   0.002 0.003 0.000 0.005 0.001 0.004 0.579 0.407 
 302 G X   0.002 0.004 0.000 0.005 0.001 0.004 0.576 0.408 
 303 R X   0.002 0.004 0.000 0.006 0.001 0.004 0.572 0.411 
 304 P X   0.002 0.005 0.000 0.006 0.002 0.005 0.568 0.413 
 305 V X   0.002 0.005 0.000 0.006 0.002 0.005 0.563 0.416 
 306 S X   0.002 0.006 0.000 0.006 0.002 0.006 0.558 0.420 
 307 G X   0.002 0.007 0.000 0.006 0.002 0.007 0.552 0.424 
 308 H X   0.003 0.008 0.000 0.006 0.002 0.008 0.546 0.427 
 309 G X   0.004 0.010 0.000 0.006 0.002 0.010 0.539 0.429 
 310 M X   0.005 0.013 0.000 0.006 0.003 0.013 0.531 0.427 
 311 D X   0.008 0.019 0.001 0.008 0.005 0.018 0.522 0.420 
 312 S X   0.013 0.030 0.001 0.010 0.010 0.025 0.510 0.403 
 313 R X   0.018 0.050 0.001 0.015 0.017 0.032 0.494 0.372 
 314 P X   0.024 0.087 0.002 0.022 0.026 0.038 0.477 0.324 
 315 A X   0.028 0.137 0.003 0.031 0.034 0.042 0.460 0.266 
 316 M X   0.030 0.189 0.003 0.040 0.037 0.042 0.446 0.212 
 317 A X   0.031 0.230 0.002 0.049 0.037 0.041 0.436 0.175 
 318 I X   0.031 0.254 0.002 0.055 0.035 0.038 0.431 0.154 
 319 F X   0.031 0.266 0.002 0.059 0.033 0.035 0.428 0.147 
 320 E X   0.030 0.269 0.002 0.060 0.030 0.032 0.429 0.149 
 321 L X   0.028 0.265 0.002 0.057 0.026 0.029 0.431 0.161 
 322 L X   0.026 0.252 0.002 0.052 0.023 0.025 0.436 0.184 
 323 D X   0.024 0.224 0.002 0.044 0.019 0.021 0.444 0.222 
 324 Y X   0.022 0.179 0.002 0.035 0.014 0.018 0.455 0.276 
 325 I X   0.019 0.122 0.001 0.025 0.010 0.015 0.467 0.340 
 326 V X   0.017 0.069 0.001 0.016 0.007 0.011 0.479 0.400 
 327 N X   0.013 0.034 0.001 0.009 0.004 0.008 0.488 0.443 
 328 E X   0.009 0.016 0.000 0.005 0.002 0.006 0.493 0.469 
 329 P X   0.006 0.008 0.000 0.002 0.001 0.004 0.495 0.482 
 330 P X   0.004 0.005 0.000 0.002 0.001 0.004 0.496 0.489 
 331 P X   0.003 0.004 0.000 0.001 0.001 0.003 0.495 0.492 
 332 K _   0.003 0.004 0.000 0.002 0.001 0.004 0.493 0.494 
 333 L _   0.003 0.005 0.000 0.002 0.001 0.005 0.489 0.494 
 334 P _   0.004 0.009 0.000 0.004 0.002 0.007 0.483 0.490 
 335 N _   0.005 0.018 0.000 0.008 0.003 0.009 0.474 0.481 
 336 G _   0.006 0.035 0.001 0.013 0.005 0.012 0.463 0.465 
 337 V X   0.006 0.061 0.001 0.020 0.007 0.014 0.450 0.441 
 338 F X   0.006 0.090 0.001 0.027 0.009 0.016 0.436 0.416 
 339 T X   0.006 0.115 0.001 0.032 0.010 0.017 0.424 0.395 
 340 P X   0.006 0.134 0.001 0.036 0.011 0.017 0.414 0.381 
 341 D X   0.006 0.146 0.001 0.039 0.011 0.018 0.407 0.372 
 342 F X   0.006 0.154 0.001 0.040 0.012 0.017 0.402 0.368 
 343 Q X   0.006 0.159 0.001 0.040 0.012 0.017 0.398 0.367 
 344 E X   0.006 0.161 0.001 0.038 0.011 0.017 0.395 0.370 
 345 F X   0.007 0.159 0.001 0.036 0.011 0.016 0.394 0.376 
 346 V X   0.007 0.156 0.001 0.033 0.010 0.015 0.395 0.384 
 347 N X   0.007 0.149 0.001 0.030 0.009 0.014 0.396 0.395 
 348 K _   0.007 0.139 0.001 0.026 0.008 0.013 0.398 0.409 
 349 C _   0.007 0.126 0.001 0.022 0.007 0.012 0.400 0.425 
 350 L _   0.007 0.112 0.001 0.018 0.006 0.011 0.404 0.442 
 351 I _   0.007 0.096 0.001 0.014 0.005 0.010 0.407 0.461 
 352 K _   0.006 0.082 0.001 0.011 0.004 0.009 0.410 0.477 
 353 N _   0.006 0.070 0.000 0.009 0.003 0.009 0.413 0.490 
 354 P _   0.006 0.062 0.000 0.007 0.003 0.009 0.415 0.499 
 355 A _   0.006 0.057 0.000 0.006 0.003 0.009 0.416 0.504 
 356 E _   0.006 0.054 0.000 0.006 0.003 0.009 0.418 0.505 
 357 R _   0.006 0.052 0.000 0.007 0.003 0.009 0.418 0.504 
 358 A _   0.006 0.052 0.000 0.008 0.003 0.010 0.419 0.501 
 359 D _   0.006 0.053 0.000 0.010 0.004 0.010 0.420 0.496 
 360 L _   0.007 0.054 0.001 0.012 0.005 0.011 0.420 0.490 
 361 K _   0.007 0.055 0.001 0.015 0.006 0.012 0.421 0.484 
 362 M _   0.007 0.055 0.001 0.017 0.006 0.012 0.422 0.480 
 363 L _   0.007 0.055 0.001 0.018 0.007 0.012 0.424 0.477 
 364 T _   0.007 0.053 0.001 0.018 0.007 0.012 0.427 0.476 
 365 N _   0.007 0.050 0.001 0.017 0.006 0.012 0.431 0.476 
 366 H _   0.007 0.046 0.001 0.015 0.006 0.012 0.435 0.479 
 367 T _   0.007 0.041 0.001 0.013 0.005 0.011 0.440 0.482 
 368 F _   0.008 0.035 0.001 0.010 0.005 0.011 0.445 0.485 
 369 I _   0.008 0.031 0.000 0.008 0.004 0.011 0.450 0.487 
 370 K _   0.008 0.027 0.000 0.006 0.004 0.012 0.456 0.487 
 371 R _   0.009 0.025 0.000 0.005 0.004 0.012 0.461 0.484 
 372 S _   0.010 0.024 0.000 0.005 0.004 0.013 0.465 0.479 
 373 E _   0.011 0.024 0.000 0.005 0.004 0.015 0.469 0.471 
 374 V X   0.013 0.026 0.001 0.006 0.005 0.017 0.473 0.459 
 375 E X   0.015 0.029 0.001 0.007 0.007 0.020 0.477 0.443 
 376 E X   0.018 0.035 0.001 0.010 0.009 0.023 0.481 0.423 
 377 V X   0.020 0.045 0.001 0.014 0.012 0.026 0.485 0.397 
 378 D X   0.022 0.057 0.001 0.019 0.016 0.028 0.490 0.367 
 379 F X   0.023 0.069 0.001 0.025 0.018 0.030 0.496 0.337 
 380 A X   0.023 0.079 0.001 0.032 0.020 0.030 0.503 0.310 
 381 G X   0.023 0.086 0.001 0.037 0.021 0.030 0.512 0.289 
 382 W X   0.022 0.090 0.001 0.041 0.021 0.029 0.523 0.273 
 383 L X   0.020 0.091 0.001 0.042 0.020 0.027 0.537 0.263 
 384 C X   0.018 0.088 0.001 0.040 0.018 0.024 0.553 0.257 
 385 K X   0.017 0.082 0.001 0.036 0.015 0.021 0.572 0.256 
 386 T X   0.015 0.073 0.001 0.030 0.012 0.019 0.593 0.257 
 387 L X   0.013 0.062 0.001 0.024 0.010 0.016 0.615 0.259 
 388 R X   0.011 0.049 0.001 0.018 0.008 0.014 0.638 0.261 
 389 L X   0.010 0.037 0.001 0.014 0.006 0.012 0.660 0.261 
 390 N X   0.008 0.028 0.001 0.010 0.004 0.010 0.681 0.258 
 391 Q X   0.007 0.021 0.000 0.008 0.003 0.008 0.698 0.254 
 392 P X   0.006 0.017 0.000 0.007 0.003 0.007 0.712 0.249 
 393 G X   0.004 0.014 0.000 0.006 0.002 0.005 0.724 0.243 
 394 T X   0.003 0.012 0.000 0.006 0.002 0.004 0.736 0.237 
 395 P X   0.002 0.010 0.000 0.005 0.001 0.003 0.746 0.232 
 396 T X   0.001 0.008 0.000 0.004 0.001 0.002 0.754 0.230 
 397 R X   0.000 0.007 0.000 0.003 0.000 0.001 0.760 0.229 
 398 T X   0.000 0.005 0.000 0.002 0.000 0.000 0.761 0.231 
 399 A X   0.000 0.005 0.000 0.003 0.000 0.000 0.758 0.234 
 400 V X   0.002 0.005 0.001 0.010 0.003 0.002 0.742 0.235 
