#TopoPred_TM8: 8-state transmembrane topology prediction results by no_profile mode 
#probabilities are in the order of H E C I L F X _, the 8 transmembrane topology types used in PDBTM 
   1 M X   0.005 0.000 0.001 0.022 0.006 0.006 0.911 0.048 
   2 D X   0.002 0.000 0.000 0.011 0.001 0.003 0.933 0.049 
   3 Y X   0.001 0.000 0.000 0.007 0.000 0.002 0.939 0.050 
   4 R X   0.001 0.001 0.000 0.006 0.000 0.003 0.940 0.049 
   5 R X   0.001 0.002 0.000 0.007 0.001 0.004 0.938 0.047 
   6 L X   0.002 0.003 0.000 0.009 0.002 0.005 0.934 0.045 
   7 L X   0.002 0.005 0.000 0.012 0.002 0.006 0.930 0.042 
   8 M X   0.003 0.008 0.000 0.015 0.003 0.007 0.926 0.039 
   9 S X   0.003 0.010 0.000 0.017 0.003 0.006 0.923 0.037 
  10 R X   0.003 0.011 0.000 0.018 0.004 0.006 0.921 0.037 
  11 V X   0.002 0.012 0.000 0.018 0.004 0.006 0.921 0.037 
  12 V X   0.002 0.012 0.000 0.016 0.003 0.005 0.923 0.039 
  13 P X   0.002 0.011 0.000 0.014 0.003 0.004 0.926 0.041 
  14 G X   0.002 0.009 0.000 0.011 0.002 0.003 0.930 0.043 
  15 Q X   0.001 0.007 0.000 0.007 0.002 0.003 0.934 0.046 
  16 F X   0.001 0.005 0.000 0.005 0.001 0.002 0.939 0.048 
  17 D X   0.001 0.003 0.000 0.003 0.001 0.001 0.943 0.049 
  18 D X   0.001 0.002 0.000 0.001 0.000 0.001 0.945 0.049 
  19 A X   0.001 0.001 0.000 0.001 0.000 0.001 0.947 0.049 
  20 D X   0.001 0.001 0.000 0.001 0.000 0.001 0.948 0.049 
  21 S X   0.000 0.000 0.000 0.000 0.000 0.001 0.948 0.049 
  22 S X   0.000 0.000 0.000 0.001 0.000 0.001 0.948 0.050 
  23 D X   0.000 0.000 0.000 0.001 0.000 0.001 0.948 0.050 
  24 S X   0.000 0.000 0.000 0.001 0.000 0.001 0.947 0.050 
  25 E X   0.000 0.001 0.000 0.001 0.000 0.001 0.945 0.051 
  26 N X   0.000 0.001 0.000 0.002 0.000 0.001 0.943 0.052 
  27 R X   0.000 0.001 0.000 0.002 0.000 0.001 0.941 0.053 
  28 D X   0.000 0.001 0.000 0.002 0.001 0.001 0.939 0.055 
  29 L X   0.000 0.002 0.000 0.003 0.001 0.001 0.937 0.056 
  30 K X   0.000 0.002 0.000 0.003 0.001 0.002 0.934 0.058 
  31 T X   0.000 0.002 0.000 0.003 0.001 0.002 0.932 0.059 
  32 V X   0.000 0.003 0.000 0.003 0.001 0.002 0.931 0.061 
  33 K X   0.001 0.003 0.000 0.004 0.001 0.002 0.929 0.062 
  34 E X   0.001 0.003 0.000 0.004 0.001 0.002 0.927 0.063 
  35 K X   0.001 0.003 0.000 0.004 0.001 0.002 0.926 0.063 
  36 D X   0.001 0.004 0.000 0.004 0.001 0.002 0.925 0.063 
  37 D X   0.001 0.004 0.000 0.005 0.001 0.002 0.924 0.063 
  38 I X   0.001 0.004 0.000 0.005 0.001 0.002 0.924 0.063 
  39 L X   0.001 0.004 0.000 0.005 0.001 0.002 0.924 0.063 
  40 F X   0.001 0.004 0.000 0.005 0.001 0.002 0.925 0.063 
  41 E X   0.001 0.003 0.000 0.005 0.001 0.002 0.926 0.063 
  42 D X   0.001 0.003 0.000 0.004 0.001 0.002 0.927 0.063 
  43 L X   0.001 0.003 0.000 0.003 0.001 0.001 0.928 0.063 
  44 Q X   0.001 0.002 0.000 0.003 0.001 0.001 0.929 0.064 
  45 D X   0.001 0.002 0.000 0.002 0.000 0.001 0.930 0.064 
  46 N X   0.001 0.001 0.000 0.002 0.000 0.001 0.931 0.064 
  47 V X   0.001 0.001 0.000 0.001 0.000 0.001 0.932 0.065 
  48 N X   0.001 0.001 0.000 0.001 0.000 0.001 0.931 0.065 
  49 E X   0.001 0.001 0.000 0.001 0.000 0.001 0.931 0.066 
  50 N X   0.001 0.001 0.000 0.001 0.000 0.001 0.930 0.067 
  51 G X   0.001 0.001 0.000 0.001 0.000 0.001 0.928 0.068 
  52 E X   0.001 0.001 0.000 0.002 0.000 0.001 0.926 0.069 
  53 G X   0.001 0.001 0.000 0.002 0.000 0.001 0.924 0.071 
  54 E X   0.001 0.001 0.000 0.002 0.000 0.001 0.920 0.074 
  55 I X   0.001 0.001 0.000 0.003 0.001 0.002 0.917 0.077 
  56 E X   0.001 0.001 0.000 0.003 0.001 0.002 0.913 0.080 
  57 D X   0.001 0.001 0.000 0.003 0.001 0.002 0.909 0.083 
  58 E X   0.001 0.001 0.000 0.004 0.001 0.002 0.904 0.087 
  59 E X   0.001 0.002 0.000 0.004 0.001 0.002 0.899 0.092 
  60 E X   0.001 0.002 0.000 0.004 0.001 0.002 0.894 0.097 
  61 E X   0.001 0.002 0.000 0.004 0.001 0.002 0.889 0.102 
  62 G X   0.001 0.002 0.000 0.003 0.001 0.002 0.883 0.108 
  63 Y X   0.001 0.002 0.000 0.003 0.001 0.002 0.877 0.115 
  64 D X   0.001 0.002 0.000 0.003 0.001 0.002 0.869 0.123 
  65 D X   0.001 0.002 0.000 0.003 0.001 0.002 0.859 0.132 
  66 D X   0.001 0.003 0.000 0.003 0.001 0.002 0.848 0.142 
  67 D X   0.001 0.004 0.000 0.003 0.001 0.003 0.834 0.154 
  68 D X   0.001 0.006 0.000 0.004 0.001 0.004 0.816 0.167 
  69 D X   0.002 0.011 0.000 0.006 0.002 0.005 0.792 0.182 
  70 W X   0.002 0.020 0.000 0.010 0.003 0.008 0.760 0.196 
  71 D X   0.003 0.037 0.001 0.016 0.005 0.011 0.718 0.209 
  72 W X   0.004 0.070 0.001 0.026 0.008 0.015 0.660 0.216 
  73 D X   0.005 0.122 0.002 0.038 0.011 0.018 0.588 0.216 
  74 E X   0.005 0.194 0.002 0.049 0.015 0.021 0.508 0.206 
  75 G X   0.005 0.278 0.003 0.059 0.017 0.021 0.430 0.188 
  76 V X   0.004 0.357 0.002 0.065 0.017 0.020 0.366 0.169 
  77 G E   0.004 0.418 0.002 0.069 0.016 0.018 0.320 0.153 
  78 K E   0.003 0.460 0.002 0.071 0.014 0.017 0.289 0.144 
  79 L E   0.003 0.485 0.001 0.071 0.013 0.015 0.270 0.141 
  80 A E   0.003 0.498 0.001 0.071 0.012 0.014 0.258 0.144 
  81 K E   0.003 0.503 0.001 0.068 0.011 0.013 0.250 0.151 
  82 G E   0.003 0.500 0.001 0.064 0.010 0.012 0.245 0.165 
  83 Y E   0.004 0.489 0.001 0.058 0.010 0.012 0.241 0.186 
  84 V E   0.004 0.468 0.001 0.051 0.009 0.011 0.240 0.217 
  85 W E   0.005 0.431 0.001 0.043 0.008 0.011 0.240 0.261 
  86 N E   0.006 0.380 0.001 0.036 0.008 0.010 0.241 0.318 
  87 G _   0.007 0.319 0.001 0.029 0.007 0.010 0.243 0.384 
  88 G _   0.007 0.258 0.001 0.023 0.006 0.010 0.246 0.450 
  89 S _   0.007 0.206 0.001 0.017 0.005 0.009 0.248 0.507 
  90 N _   0.006 0.168 0.001 0.014 0.004 0.009 0.249 0.550 
  91 P _   0.006 0.142 0.000 0.011 0.003 0.008 0.250 0.581 
  92 Q _   0.005 0.126 0.000 0.009 0.002 0.007 0.249 0.602 
  93 A _   0.004 0.115 0.000 0.008 0.002 0.007 0.247 0.617 
  94 N _   0.004 0.109 0.000 0.007 0.002 0.006 0.244 0.627 
  95 R _   0.004 0.106 0.000 0.007 0.002 0.006 0.240 0.635 
  96 Q _   0.004 0.104 0.000 0.008 0.002 0.006 0.235 0.642 
  97 T _   0.003 0.104 0.000 0.008 0.002 0.006 0.229 0.647 
  98 S _   0.003 0.105 0.000 0.009 0.002 0.007 0.222 0.651 
  99 D _   0.003 0.107 0.000 0.010 0.002 0.007 0.215 0.654 
 100 S _   0.003 0.111 0.000 0.012 0.003 0.008 0.208 0.656 
 101 S _   0.003 0.115 0.000 0.013 0.003 0.008 0.200 0.657 
 102 S _   0.004 0.120 0.000 0.014 0.003 0.009 0.192 0.658 
 103 A _   0.004 0.125 0.000 0.016 0.004 0.009 0.185 0.657 
 104 K _   0.004 0.131 0.001 0.017 0.004 0.010 0.178 0.656 
 105 M _   0.004 0.136 0.001 0.018 0.004 0.010 0.171 0.655 
 106 S _   0.004 0.141 0.001 0.020 0.005 0.011 0.164 0.654 
 107 T _   0.005 0.146 0.001 0.022 0.005 0.012 0.158 0.651 
 108 P _   0.005 0.151 0.001 0.024 0.006 0.012 0.153 0.648 
 109 A _   0.006 0.155 0.001 0.026 0.007 0.013 0.148 0.645 
 110 D _   0.006 0.157 0.001 0.028 0.007 0.013 0.144 0.644 
 111 K _   0.007 0.157 0.001 0.029 0.007 0.013 0.140 0.645 
 112 V _   0.007 0.155 0.001 0.030 0.008 0.013 0.138 0.649 
 113 L _   0.007 0.150 0.001 0.029 0.007 0.013 0.136 0.657 
 114 R _   0.007 0.142 0.001 0.027 0.007 0.012 0.134 0.670 
 115 K _   0.007 0.131 0.001 0.024 0.006 0.012 0.133 0.686 
 116 F _   0.007 0.117 0.001 0.020 0.006 0.011 0.132 0.707 
 117 E _   0.007 0.101 0.001 0.016 0.005 0.010 0.132 0.730 
 118 N _   0.006 0.086 0.001 0.012 0.004 0.009 0.131 0.751 
 119 K _   0.006 0.074 0.000 0.010 0.003 0.008 0.130 0.769 
 120 I _   0.006 0.066 0.000 0.008 0.003 0.008 0.129 0.781 
 121 N _   0.006 0.061 0.000 0.007 0.003 0.008 0.127 0.789 
 122 L _   0.006 0.058 0.000 0.006 0.002 0.008 0.125 0.794 
 123 D _   0.006 0.058 0.000 0.007 0.003 0.009 0.123 0.795 
 124 K _   0.006 0.059 0.000 0.008 0.003 0.010 0.120 0.793 
 125 L _   0.007 0.062 0.000 0.010 0.004 0.011 0.117 0.788 
 126 N _   0.008 0.067 0.001 0.013 0.005 0.012 0.114 0.780 
 127 V _   0.008 0.073 0.001 0.018 0.006 0.014 0.110 0.769 
 128 T _   0.009 0.080 0.001 0.022 0.008 0.015 0.107 0.758 
 129 D _   0.010 0.085 0.001 0.027 0.009 0.016 0.104 0.748 
 130 S _   0.010 0.089 0.001 0.030 0.010 0.017 0.102 0.741 
 131 V _   0.011 0.091 0.001 0.033 0.010 0.017 0.100 0.737 
 132 I _   0.011 0.091 0.001 0.033 0.010 0.017 0.099 0.738 
 133 N _   0.011 0.088 0.001 0.032 0.009 0.016 0.098 0.745 
 134 K _   0.011 0.082 0.001 0.029 0.008 0.015 0.098 0.757 
 135 V _   0.011 0.073 0.001 0.024 0.007 0.014 0.097 0.773 
 136 T _   0.010 0.063 0.001 0.019 0.006 0.012 0.097 0.792 
 137 E _   0.009 0.052 0.001 0.015 0.005 0.011 0.097 0.810 
 138 K _   0.008 0.042 0.001 0.012 0.004 0.010 0.097 0.826 
 139 S _   0.008 0.035 0.000 0.010 0.003 0.009 0.097 0.838 
 140 R _   0.007 0.030 0.000 0.009 0.003 0.009 0.096 0.846 
 141 Q _   0.007 0.026 0.000 0.009 0.003 0.009 0.095 0.851 
 142 K _   0.007 0.024 0.000 0.010 0.003 0.009 0.094 0.853 
 143 E _   0.007 0.023 0.000 0.011 0.003 0.009 0.093 0.853 
 144 A _   0.007 0.022 0.000 0.012 0.004 0.009 0.092 0.853 
 145 D _   0.007 0.020 0.000 0.013 0.004 0.009 0.091 0.855 
 146 M _   0.007 0.019 0.000 0.013 0.004 0.008 0.090 0.858 
 147 Y _   0.006 0.016 0.000 0.013 0.003 0.008 0.089 0.864 
 148 R _   0.006 0.014 0.000 0.011 0.003 0.008 0.088 0.870 
 149 I _   0.005 0.011 0.000 0.009 0.003 0.007 0.087 0.877 
 150 K _   0.005 0.008 0.000 0.008 0.002 0.007 0.086 0.883 
 151 D _   0.005 0.006 0.000 0.007 0.002 0.007 0.085 0.888 
 152 K _   0.005 0.005 0.000 0.006 0.002 0.007 0.083 0.891 
 153 A _   0.006 0.004 0.000 0.006 0.002 0.008 0.082 0.893 
 154 D _   0.006 0.003 0.000 0.006 0.003 0.008 0.080 0.893 
 155 R _   0.007 0.003 0.000 0.007 0.003 0.010 0.078 0.892 
 156 A _   0.008 0.003 0.000 0.009 0.004 0.011 0.075 0.890 
 157 T _   0.009 0.003 0.000 0.010 0.004 0.013 0.073 0.887 
 158 V _   0.011 0.003 0.001 0.011 0.005 0.014 0.070 0.885 
 159 E _   0.014 0.003 0.001 0.011 0.005 0.016 0.067 0.883 
 160 Q _   0.019 0.002 0.001 0.011 0.005 0.018 0.064 0.880 
 161 V _   0.027 0.002 0.001 0.009 0.006 0.020 0.061 0.874 
 162 L _   0.038 0.001 0.001 0.008 0.007 0.023 0.058 0.864 
 163 D _   0.057 0.001 0.001 0.007 0.008 0.027 0.054 0.846 
 164 P _   0.085 0.000 0.001 0.006 0.010 0.031 0.050 0.816 
 165 R _   0.123 0.000 0.001 0.005 0.012 0.036 0.047 0.775 
 166 T _   0.170 0.000 0.001 0.005 0.016 0.042 0.043 0.723 
 167 R _   0.224 0.000 0.001 0.005 0.020 0.047 0.039 0.664 
 168 M _   0.279 0.000 0.002 0.005 0.026 0.051 0.036 0.602 
 169 I _   0.333 0.000 0.002 0.005 0.031 0.054 0.033 0.543 
 170 L _   0.381 0.000 0.002 0.005 0.035 0.055 0.031 0.491 
 171 F _   0.422 0.000 0.002 0.005 0.039 0.056 0.029 0.448 
 172 K H   0.455 0.000 0.002 0.005 0.041 0.055 0.028 0.414 
 173 M H   0.482 0.000 0.002 0.005 0.043 0.053 0.027 0.388 
 174 L H   0.498 0.000 0.002 0.004 0.043 0.052 0.027 0.374 
 175 T H   0.504 0.000 0.002 0.004 0.043 0.049 0.027 0.370 
 176 R H   0.500 0.000 0.002 0.004 0.042 0.047 0.028 0.376 
 177 G H   0.487 0.000 0.002 0.005 0.041 0.045 0.029 0.391 
 178 I H   0.466 0.001 0.002 0.006 0.039 0.043 0.031 0.414 
 179 I _   0.434 0.001 0.002 0.007 0.036 0.041 0.033 0.446 
 180 T _   0.395 0.001 0.002 0.008 0.032 0.038 0.036 0.487 
 181 E _   0.347 0.001 0.002 0.009 0.029 0.036 0.040 0.537 
 182 I _   0.296 0.001 0.002 0.010 0.024 0.033 0.044 0.590 
 183 N _   0.242 0.001 0.002 0.011 0.020 0.030 0.048 0.646 
 184 G _   0.191 0.001 0.001 0.011 0.016 0.026 0.052 0.701 
 185 C _   0.144 0.001 0.001 0.011 0.012 0.023 0.056 0.752 
 186 I _   0.104 0.001 0.001 0.010 0.009 0.020 0.059 0.794 
 187 S _   0.074 0.001 0.001 0.009 0.007 0.017 0.062 0.827 
 188 T _   0.052 0.001 0.001 0.009 0.006 0.015 0.065 0.851 
 189 G _   0.036 0.002 0.001 0.009 0.005 0.013 0.067 0.868 
 190 K _   0.025 0.002 0.001 0.009 0.004 0.012 0.069 0.879 
 191 E _   0.018 0.002 0.000 0.009 0.004 0.011 0.070 0.885 
 192 A _   0.014 0.003 0.000 0.009 0.004 0.010 0.072 0.889 
 193 N _   0.011 0.003 0.000 0.009 0.003 0.009 0.073 0.892 
 194 V _   0.009 0.004 0.000 0.009 0.003 0.008 0.074 0.893 
 195 Y _   0.007 0.004 0.000 0.009 0.003 0.008 0.075 0.894 
 196 H _   0.006 0.005 0.000 0.008 0.003 0.007 0.075 0.895 
 197 A _   0.006 0.005 0.000 0.008 0.002 0.007 0.076 0.896 
 198 S _   0.005 0.006 0.000 0.007 0.002 0.007 0.076 0.897 
 199 T _   0.005 0.006 0.000 0.006 0.002 0.007 0.076 0.898 
 200 A _   0.005 0.007 0.000 0.006 0.002 0.007 0.075 0.897 
 201 N _   0.005 0.009 0.000 0.006 0.002 0.008 0.075 0.894 
 202 G _   0.006 0.013 0.000 0.007 0.003 0.010 0.074 0.888 
 203 E _   0.007 0.019 0.000 0.008 0.004 0.012 0.073 0.876 
 204 S _   0.009 0.031 0.001 0.012 0.005 0.015 0.071 0.857 
 205 R _   0.011 0.049 0.001 0.016 0.008 0.019 0.069 0.828 
 206 A _   0.013 0.074 0.001 0.023 0.011 0.022 0.067 0.789 
 207 I _   0.014 0.104 0.001 0.030 0.014 0.025 0.064 0.747 
 208 K _   0.015 0.133 0.001 0.038 0.017 0.027 0.062 0.706 
 209 I _   0.016 0.156 0.002 0.046 0.019 0.028 0.061 0.672 
 210 Y _   0.017 0.173 0.002 0.052 0.020 0.029 0.060 0.648 
 211 K _   0.017 0.182 0.001 0.056 0.021 0.028 0.060 0.634 
 212 T _   0.017 0.186 0.001 0.057 0.020 0.027 0.060 0.630 
 213 S _   0.018 0.185 0.001 0.055 0.019 0.026 0.061 0.636 
 214 I _   0.017 0.178 0.001 0.050 0.016 0.024 0.063 0.651 
 215 L _   0.016 0.164 0.001 0.042 0.014 0.021 0.065 0.676 
 216 V _   0.015 0.144 0.001 0.033 0.011 0.019 0.067 0.710 
 217 F _   0.014 0.118 0.001 0.024 0.008 0.016 0.069 0.749 
 218 K _   0.013 0.093 0.001 0.016 0.006 0.014 0.072 0.786 
 219 D _   0.011 0.073 0.001 0.011 0.005 0.012 0.073 0.814 
 220 R _   0.010 0.061 0.000 0.007 0.003 0.011 0.075 0.832 
 221 D _   0.009 0.055 0.000 0.006 0.003 0.011 0.075 0.841 
 222 K _   0.009 0.054 0.000 0.006 0.003 0.011 0.075 0.841 
 223 Y _   0.009 0.055 0.000 0.008 0.004 0.012 0.075 0.836 
 224 V _   0.010 0.060 0.001 0.013 0.005 0.014 0.075 0.824 
 225 S _   0.010 0.067 0.001 0.019 0.007 0.015 0.074 0.807 
 226 G _   0.011 0.075 0.001 0.027 0.008 0.016 0.074 0.787 
 227 E _   0.011 0.081 0.001 0.034 0.009 0.016 0.073 0.773 
 228 F _   0.011 0.085 0.001 0.039 0.010 0.016 0.073 0.766 
 229 R _   0.010 0.085 0.001 0.039 0.010 0.015 0.074 0.766 
 230 F _   0.009 0.081 0.001 0.037 0.009 0.014 0.075 0.774 
 231 R _   0.008 0.074 0.001 0.031 0.007 0.012 0.076 0.790 
 232 H _   0.008 0.062 0.001 0.024 0.006 0.011 0.078 0.811 
 233 G _   0.007 0.049 0.001 0.017 0.004 0.009 0.080 0.833 
 234 Y _   0.006 0.037 0.000 0.011 0.003 0.008 0.081 0.854 
 235 C _   0.006 0.028 0.000 0.007 0.002 0.007 0.082 0.868 
 236 K _   0.005 0.023 0.000 0.005 0.002 0.006 0.083 0.877 
 237 G _   0.005 0.021 0.000 0.004 0.002 0.006 0.082 0.880 
 238 N _   0.005 0.021 0.000 0.004 0.002 0.007 0.082 0.880 
 239 P _   0.005 0.023 0.000 0.005 0.002 0.008 0.081 0.875 
 240 R _   0.007 0.028 0.000 0.007 0.003 0.010 0.080 0.865 
 241 K _   0.008 0.037 0.001 0.011 0.005 0.013 0.078 0.848 
 242 M _   0.009 0.051 0.001 0.016 0.006 0.015 0.075 0.827 
 243 V _   0.009 0.066 0.001 0.022 0.008 0.018 0.073 0.803 
 244 K _   0.010 0.080 0.001 0.027 0.009 0.019 0.070 0.783 
 245 T _   0.010 0.091 0.001 0.031 0.011 0.020 0.068 0.768 
 246 W _   0.010 0.099 0.001 0.033 0.011 0.021 0.067 0.758 
 247 A _   0.010 0.104 0.001 0.033 0.012 0.022 0.065 0.752 
 248 E _   0.011 0.106 0.001 0.033 0.012 0.022 0.065 0.750 
 249 K _   0.011 0.106 0.001 0.031 0.012 0.022 0.064 0.752 
 250 E _   0.012 0.104 0.001 0.029 0.012 0.022 0.064 0.756 
 251 M _   0.013 0.101 0.001 0.027 0.012 0.022 0.064 0.760 
 252 R _   0.014 0.097 0.001 0.026 0.012 0.022 0.064 0.765 
 253 N _   0.015 0.091 0.001 0.025 0.011 0.022 0.065 0.770 
 254 L _   0.017 0.085 0.001 0.024 0.011 0.021 0.066 0.775 
 255 I _   0.017 0.077 0.001 0.023 0.011 0.021 0.067 0.783 
 256 R _   0.018 0.068 0.001 0.022 0.010 0.020 0.068 0.793 
 257 L _   0.018 0.058 0.001 0.021 0.010 0.019 0.069 0.805 
 258 N _   0.018 0.047 0.001 0.018 0.009 0.018 0.070 0.819 
 259 T _   0.019 0.034 0.001 0.015 0.007 0.017 0.072 0.835 
 260 A _   0.019 0.023 0.001 0.012 0.006 0.016 0.073 0.850 
 261 E _   0.020 0.013 0.001 0.009 0.005 0.015 0.074 0.863 
 262 I _   0.021 0.007 0.001 0.006 0.004 0.014 0.075 0.872 
 263 P _   0.024 0.003 0.000 0.004 0.003 0.014 0.075 0.876 
 264 C _   0.030 0.001 0.000 0.003 0.003 0.015 0.075 0.873 
 265 P _   0.039 0.000 0.000 0.002 0.003 0.017 0.075 0.862 
 266 E _   0.054 0.000 0.000 0.002 0.004 0.021 0.074 0.844 
 267 P _   0.077 0.000 0.001 0.002 0.006 0.026 0.073 0.815 
 268 I _   0.108 0.000 0.001 0.002 0.010 0.034 0.072 0.772 
 269 M _   0.144 0.001 0.001 0.003 0.018 0.043 0.070 0.719 
 270 L _   0.183 0.004 0.002 0.005 0.029 0.053 0.069 0.656 
 271 R _   0.216 0.010 0.002 0.009 0.043 0.061 0.068 0.590 
 272 S _   0.240 0.023 0.003 0.016 0.055 0.066 0.068 0.529 
 273 H _   0.254 0.039 0.003 0.025 0.063 0.068 0.069 0.479 
 274 V _   0.258 0.053 0.003 0.035 0.066 0.066 0.070 0.449 
 275 L _   0.252 0.062 0.003 0.043 0.064 0.063 0.073 0.440 
 276 V _   0.238 0.066 0.003 0.047 0.059 0.057 0.076 0.453 
 277 M _   0.215 0.065 0.003 0.047 0.052 0.051 0.081 0.487 
 278 S _   0.184 0.059 0.003 0.041 0.041 0.043 0.087 0.542 
 279 F _   0.149 0.046 0.002 0.032 0.029 0.035 0.092 0.615 
 280 I _   0.112 0.030 0.002 0.021 0.018 0.027 0.098 0.693 
 281 G _   0.079 0.015 0.001 0.012 0.010 0.019 0.103 0.760 
 282 K _   0.053 0.006 0.001 0.007 0.005 0.014 0.107 0.807 
 283 D _   0.034 0.003 0.000 0.004 0.003 0.010 0.109 0.837 
 284 D _   0.022 0.001 0.000 0.003 0.002 0.008 0.111 0.854 
 285 M _   0.015 0.001 0.000 0.002 0.002 0.007 0.112 0.862 
 286 P _   0.011 0.001 0.000 0.003 0.002 0.006 0.112 0.866 
 287 A _   0.009 0.001 0.000 0.004 0.002 0.007 0.112 0.866 
 288 P _   0.008 0.001 0.000 0.005 0.002 0.007 0.112 0.864 
 289 L _   0.008 0.001 0.000 0.008 0.003 0.008 0.111 0.861 
 290 L _   0.007 0.002 0.000 0.010 0.003 0.009 0.110 0.859 
 291 K _   0.007 0.003 0.000 0.011 0.003 0.009 0.109 0.857 
 292 N _   0.007 0.003 0.000 0.012 0.004 0.010 0.107 0.858 
 293 V _   0.006 0.003 0.000 0.011 0.003 0.010 0.106 0.860 
 294 Q _   0.006 0.003 0.000 0.009 0.003 0.011 0.105 0.863 
 295 L _   0.007 0.002 0.000 0.007 0.003 0.011 0.103 0.866 
 296 S _   0.008 0.002 0.000 0.006 0.003 0.013 0.101 0.867 
 297 E _   0.010 0.002 0.000 0.005 0.003 0.015 0.099 0.865 
 298 S _   0.014 0.002 0.000 0.005 0.004 0.019 0.097 0.859 
 299 K _   0.021 0.003 0.001 0.005 0.005 0.024 0.095 0.846 
 300 A _   0.030 0.005 0.001 0.007 0.009 0.031 0.092 0.827 
 301 R _   0.042 0.009 0.001 0.010 0.014 0.039 0.089 0.798 
 302 E _   0.055 0.015 0.001 0.014 0.021 0.047 0.086 0.761 
 303 L _   0.068 0.025 0.002 0.020 0.028 0.054 0.082 0.721 
 304 Y _   0.079 0.035 0.002 0.026 0.035 0.059 0.080 0.684 
 305 L _   0.087 0.044 0.002 0.033 0.040 0.062 0.078 0.655 
 306 Q _   0.092 0.050 0.002 0.037 0.043 0.062 0.076 0.638 
 307 V _   0.095 0.053 0.002 0.039 0.043 0.061 0.075 0.632 
 308 I _   0.095 0.054 0.002 0.039 0.041 0.058 0.075 0.636 
 309 Q _   0.092 0.052 0.002 0.037 0.037 0.054 0.075 0.652 
 310 Y _   0.086 0.047 0.002 0.032 0.031 0.049 0.075 0.678 
 311 M _   0.078 0.040 0.002 0.026 0.026 0.043 0.076 0.710 
 312 R _   0.069 0.031 0.002 0.020 0.020 0.038 0.077 0.745 
 313 R _   0.059 0.022 0.001 0.015 0.014 0.032 0.078 0.779 
 314 M _   0.048 0.015 0.001 0.011 0.010 0.028 0.079 0.809 
 315 Y _   0.039 0.009 0.001 0.008 0.008 0.024 0.079 0.832 
 316 Q _   0.031 0.006 0.001 0.007 0.006 0.021 0.080 0.848 
 317 D _   0.026 0.005 0.001 0.006 0.005 0.019 0.080 0.859 
 318 A _   0.022 0.004 0.001 0.006 0.005 0.017 0.080 0.866 
 319 R _   0.019 0.003 0.001 0.006 0.004 0.016 0.080 0.870 
 320 L _   0.017 0.003 0.001 0.007 0.005 0.016 0.079 0.872 
 321 V _   0.016 0.003 0.001 0.007 0.005 0.016 0.079 0.873 
 322 H _   0.016 0.004 0.001 0.008 0.005 0.016 0.078 0.873 
 323 A _   0.015 0.004 0.001 0.008 0.005 0.016 0.077 0.873 
 324 D _   0.016 0.004 0.001 0.008 0.006 0.017 0.076 0.872 
 325 L _   0.017 0.005 0.001 0.008 0.006 0.019 0.075 0.870 
 326 S _   0.018 0.005 0.001 0.008 0.007 0.020 0.074 0.866 
 327 E _   0.021 0.006 0.001 0.009 0.008 0.022 0.073 0.861 
 328 F _   0.023 0.007 0.001 0.009 0.009 0.025 0.071 0.854 
 329 N _   0.027 0.009 0.001 0.010 0.010 0.027 0.070 0.845 
 330 M _   0.031 0.012 0.001 0.012 0.012 0.030 0.069 0.833 
 331 L _   0.036 0.016 0.001 0.014 0.014 0.033 0.068 0.819 
 332 Y _   0.040 0.020 0.001 0.016 0.017 0.035 0.067 0.804 
 333 H _   0.044 0.025 0.001 0.019 0.019 0.037 0.066 0.789 
 334 G _   0.046 0.030 0.002 0.023 0.022 0.038 0.065 0.773 
 335 G _   0.049 0.036 0.002 0.027 0.024 0.039 0.064 0.760 
 336 G _   0.050 0.040 0.002 0.031 0.025 0.039 0.064 0.750 
 337 V _   0.050 0.043 0.002 0.034 0.025 0.038 0.064 0.745 
 338 Y _   0.048 0.044 0.002 0.036 0.024 0.036 0.065 0.746 
 339 I _   0.044 0.043 0.002 0.036 0.022 0.033 0.066 0.755 
 340 I _   0.040 0.041 0.001 0.033 0.018 0.029 0.067 0.770 
 341 D _   0.034 0.036 0.001 0.029 0.015 0.025 0.069 0.791 
 342 V _   0.028 0.030 0.001 0.023 0.011 0.021 0.070 0.816 
 343 S _   0.022 0.022 0.001 0.017 0.008 0.017 0.072 0.841 
 344 Q _   0.017 0.015 0.001 0.012 0.005 0.014 0.073 0.864 
 345 S _   0.013 0.009 0.000 0.007 0.004 0.011 0.073 0.882 
 346 V _   0.010 0.006 0.000 0.005 0.003 0.009 0.073 0.894 
 347 E _   0.008 0.004 0.000 0.004 0.002 0.008 0.073 0.901 
 348 H _   0.007 0.003 0.000 0.003 0.002 0.008 0.073 0.903 
 349 D _   0.007 0.003 0.000 0.004 0.002 0.009 0.072 0.903 
 350 H _   0.007 0.004 0.000 0.006 0.003 0.010 0.071 0.899 
 351 P _   0.008 0.006 0.000 0.009 0.004 0.012 0.069 0.891 
 352 H _   0.009 0.009 0.001 0.014 0.006 0.014 0.068 0.880 
 353 A _   0.010 0.013 0.001 0.020 0.007 0.015 0.066 0.869 
 354 L _   0.010 0.015 0.001 0.025 0.009 0.017 0.064 0.859 
 355 E _   0.011 0.017 0.001 0.028 0.009 0.017 0.063 0.854 
 356 F _   0.011 0.017 0.001 0.028 0.009 0.017 0.062 0.854 
 357 L _   0.011 0.017 0.001 0.026 0.009 0.017 0.061 0.858 
 358 R _   0.012 0.015 0.001 0.022 0.008 0.017 0.060 0.865 
 359 K _   0.012 0.012 0.001 0.018 0.007 0.017 0.060 0.874 
 360 D _   0.014 0.008 0.001 0.013 0.006 0.016 0.059 0.882 
 361 C _   0.017 0.005 0.001 0.009 0.005 0.017 0.059 0.887 
 362 A _   0.021 0.003 0.001 0.007 0.005 0.017 0.058 0.888 
 363 N _   0.029 0.002 0.001 0.005 0.005 0.019 0.058 0.883 
 364 V _   0.041 0.001 0.001 0.004 0.005 0.021 0.057 0.871 
 365 N _   0.059 0.000 0.001 0.004 0.006 0.024 0.055 0.850 
 366 D _   0.083 0.000 0.001 0.004 0.008 0.029 0.054 0.820 
 367 F _   0.115 0.000 0.001 0.004 0.011 0.034 0.052 0.782 
 368 F _   0.151 0.000 0.001 0.005 0.015 0.040 0.051 0.738 
 369 M _   0.191 0.000 0.001 0.005 0.020 0.045 0.049 0.688 
 370 R _   0.233 0.000 0.002 0.005 0.026 0.050 0.048 0.635 
 371 H _   0.272 0.001 0.002 0.006 0.032 0.054 0.047 0.586 
 372 S _   0.309 0.001 0.002 0.006 0.038 0.057 0.047 0.540 
 373 V _   0.339 0.001 0.002 0.007 0.043 0.059 0.047 0.501 
 374 A _   0.363 0.002 0.002 0.008 0.048 0.060 0.048 0.470 
 375 V _   0.380 0.002 0.002 0.009 0.051 0.059 0.049 0.447 
 376 M _   0.387 0.003 0.002 0.010 0.053 0.058 0.051 0.435 
 377 T _   0.385 0.004 0.002 0.011 0.054 0.056 0.054 0.434 
 378 V _   0.372 0.004 0.003 0.013 0.052 0.053 0.057 0.446 
 379 R _   0.348 0.005 0.003 0.014 0.049 0.050 0.062 0.470 
 380 E _   0.314 0.005 0.002 0.016 0.043 0.046 0.067 0.507 
 381 L _   0.272 0.005 0.002 0.016 0.036 0.041 0.074 0.554 
 382 F _   0.225 0.004 0.002 0.016 0.028 0.036 0.081 0.609 
 383 E _   0.177 0.003 0.002 0.014 0.021 0.030 0.088 0.664 
 384 F _   0.134 0.003 0.001 0.012 0.015 0.025 0.095 0.715 
 385 V _   0.097 0.002 0.001 0.010 0.010 0.021 0.101 0.758 
 386 T _   0.067 0.002 0.001 0.008 0.007 0.017 0.106 0.792 
 387 D _   0.046 0.001 0.001 0.007 0.005 0.014 0.111 0.816 
 388 P _   0.031 0.001 0.000 0.005 0.003 0.011 0.114 0.833 
 389 S _   0.021 0.001 0.000 0.005 0.003 0.010 0.117 0.843 
 390 I _   0.015 0.002 0.000 0.004 0.002 0.009 0.119 0.849 
 391 T _   0.011 0.002 0.000 0.004 0.002 0.009 0.121 0.850 
 392 H _   0.010 0.003 0.000 0.004 0.002 0.009 0.122 0.849 
 393 E _   0.009 0.006 0.000 0.005 0.003 0.010 0.123 0.845 
 394 N _   0.009 0.010 0.000 0.006 0.003 0.011 0.123 0.837 
 395 M _   0.010 0.018 0.001 0.008 0.004 0.014 0.123 0.822 
 396 D _   0.011 0.032 0.001 0.012 0.006 0.016 0.122 0.799 
 397 A _   0.013 0.055 0.001 0.017 0.009 0.019 0.121 0.765 
 398 Y _   0.014 0.087 0.001 0.023 0.012 0.022 0.119 0.721 
 399 L _   0.015 0.123 0.001 0.031 0.015 0.024 0.118 0.672 
 400 S _   0.016 0.158 0.002 0.039 0.017 0.026 0.117 0.626 
 401 K _   0.016 0.185 0.002 0.047 0.018 0.026 0.117 0.589 
 402 A _   0.016 0.204 0.001 0.053 0.018 0.026 0.118 0.563 
 403 M _   0.016 0.215 0.001 0.056 0.018 0.025 0.120 0.548 
 404 E _   0.016 0.219 0.001 0.057 0.017 0.024 0.122 0.544 
 405 I _   0.016 0.217 0.001 0.055 0.016 0.022 0.126 0.547 
 406 A _   0.015 0.209 0.001 0.050 0.014 0.020 0.130 0.559 
 407 S _   0.015 0.194 0.001 0.044 0.012 0.018 0.136 0.579 
 408 Q _   0.014 0.171 0.001 0.037 0.010 0.016 0.143 0.607 
 409 R _   0.014 0.141 0.001 0.029 0.008 0.015 0.151 0.641 
 410 T _   0.013 0.109 0.001 0.022 0.006 0.013 0.159 0.677 
 411 K _   0.011 0.079 0.001 0.016 0.005 0.011 0.167 0.710 
 412 E _   0.010 0.056 0.001 0.011 0.003 0.009 0.173 0.737 
 413 E _   0.008 0.041 0.000 0.008 0.002 0.007 0.177 0.756 
 414 R _   0.007 0.032 0.000 0.005 0.002 0.006 0.180 0.768 
 415 S _   0.005 0.027 0.000 0.004 0.001 0.005 0.182 0.775 
 416 S _   0.005 0.025 0.000 0.003 0.001 0.005 0.182 0.778 
 417 Q _   0.004 0.025 0.000 0.003 0.001 0.005 0.182 0.778 
 418 D _   0.004 0.027 0.000 0.004 0.002 0.006 0.181 0.775 
 419 H _   0.005 0.032 0.000 0.006 0.002 0.008 0.179 0.768 
 420 V _   0.005 0.042 0.000 0.009 0.003 0.010 0.176 0.753 
 421 D _   0.006 0.060 0.001 0.014 0.005 0.012 0.172 0.730 
 422 E _   0.007 0.087 0.001 0.021 0.007 0.014 0.167 0.697 
 423 E _   0.007 0.117 0.001 0.028 0.008 0.016 0.161 0.660 
 424 V _   0.007 0.146 0.001 0.034 0.010 0.017 0.157 0.627 
 425 F _   0.007 0.169 0.001 0.039 0.011 0.018 0.153 0.602 
 426 K _   0.008 0.184 0.001 0.042 0.011 0.018 0.150 0.585 
 427 R _   0.007 0.194 0.001 0.044 0.012 0.018 0.149 0.575 
 428 A _   0.008 0.199 0.001 0.044 0.012 0.017 0.148 0.572 
 429 Y _   0.008 0.199 0.001 0.042 0.011 0.016 0.149 0.575 
 430 I _   0.008 0.196 0.001 0.038 0.010 0.016 0.150 0.582 
 431 P _   0.008 0.189 0.001 0.034 0.009 0.015 0.152 0.594 
 432 R _   0.008 0.178 0.001 0.029 0.008 0.014 0.154 0.609 
 433 T _   0.008 0.164 0.001 0.024 0.007 0.013 0.157 0.627 
 434 L _   0.008 0.148 0.001 0.019 0.006 0.012 0.160 0.646 
 435 N _   0.007 0.133 0.001 0.015 0.005 0.011 0.164 0.664 
 436 E _   0.007 0.119 0.001 0.012 0.004 0.010 0.166 0.681 
 437 V _   0.007 0.109 0.000 0.009 0.004 0.009 0.169 0.693 
 438 K _   0.007 0.102 0.000 0.008 0.003 0.009 0.171 0.700 
 439 N _   0.006 0.097 0.000 0.007 0.003 0.009 0.173 0.703 
 440 Y _   0.006 0.096 0.000 0.007 0.003 0.009 0.175 0.703 
 441 E _   0.007 0.096 0.000 0.008 0.004 0.010 0.176 0.699 
 442 R _   0.007 0.098 0.000 0.010 0.004 0.011 0.177 0.692 
 443 D _   0.007 0.102 0.001 0.013 0.005 0.012 0.178 0.683 
 444 M _   0.008 0.107 0.001 0.016 0.006 0.013 0.179 0.671 
 445 D _   0.008 0.111 0.001 0.020 0.007 0.013 0.181 0.659 
 446 I _   0.008 0.115 0.001 0.023 0.007 0.014 0.182 0.650 
 447 I _   0.008 0.117 0.001 0.025 0.008 0.014 0.185 0.643 
 448 M _   0.008 0.117 0.001 0.026 0.008 0.014 0.187 0.639 
 449 K _   0.008 0.115 0.001 0.025 0.008 0.013 0.191 0.639 
 450 L _   0.008 0.110 0.001 0.024 0.007 0.013 0.195 0.643 
 451 K _   0.007 0.103 0.001 0.022 0.007 0.012 0.200 0.648 
 452 E _   0.007 0.095 0.001 0.019 0.006 0.012 0.205 0.654 
 453 E _   0.007 0.086 0.001 0.016 0.006 0.011 0.211 0.662 
 454 D _   0.007 0.077 0.001 0.014 0.005 0.011 0.218 0.668 
 455 M _   0.007 0.068 0.001 0.012 0.004 0.010 0.224 0.674 
 456 A _   0.007 0.061 0.001 0.010 0.004 0.010 0.229 0.678 
 457 M _   0.007 0.056 0.000 0.008 0.003 0.010 0.235 0.680 
 458 N _   0.007 0.051 0.000 0.007 0.003 0.010 0.240 0.681 
 459 A _   0.007 0.049 0.000 0.007 0.003 0.010 0.244 0.679 
 460 Q _   0.008 0.048 0.000 0.007 0.003 0.011 0.248 0.675 
 461 Q _   0.009 0.048 0.000 0.008 0.004 0.012 0.252 0.667 
 462 D _   0.009 0.051 0.001 0.010 0.005 0.014 0.256 0.656 
 463 N _   0.011 0.055 0.001 0.013 0.006 0.015 0.259 0.639 
 464 I _   0.012 0.061 0.001 0.019 0.008 0.017 0.264 0.618 
 465 L _   0.013 0.068 0.001 0.025 0.010 0.018 0.269 0.597 
 466 Y _   0.013 0.073 0.001 0.031 0.012 0.019 0.274 0.577 
 467 Q _   0.013 0.076 0.001 0.035 0.012 0.019 0.281 0.562 
 468 T _   0.013 0.076 0.001 0.036 0.012 0.018 0.290 0.555 
 469 V _   0.012 0.074 0.001 0.034 0.011 0.016 0.299 0.553 
 470 T _   0.010 0.068 0.001 0.029 0.009 0.014 0.310 0.558 
 471 G _   0.009 0.060 0.001 0.022 0.007 0.012 0.322 0.566 
 472 L _   0.008 0.050 0.001 0.015 0.005 0.011 0.334 0.576 
 473 K _   0.007 0.041 0.001 0.010 0.004 0.009 0.344 0.584 
 474 K _   0.006 0.035 0.000 0.006 0.003 0.008 0.354 0.587 
 475 D _   0.006 0.032 0.000 0.004 0.002 0.008 0.362 0.586 
 476 L _   0.005 0.031 0.000 0.004 0.002 0.008 0.368 0.581 
 477 S _   0.006 0.033 0.000 0.004 0.002 0.009 0.374 0.572 
 478 G _   0.006 0.037 0.000 0.006 0.003 0.010 0.380 0.557 
 479 V _   0.007 0.047 0.001 0.010 0.004 0.012 0.384 0.535 
 480 Q _   0.008 0.062 0.001 0.015 0.006 0.014 0.389 0.506 
 481 K _   0.008 0.083 0.001 0.021 0.008 0.015 0.393 0.471 
 482 V _   0.008 0.103 0.001 0.028 0.009 0.017 0.398 0.436 
 483 P _   0.008 0.121 0.001 0.035 0.011 0.018 0.403 0.404 
 484 A X   0.008 0.133 0.001 0.041 0.012 0.018 0.410 0.378 
 485 L X   0.007 0.140 0.001 0.045 0.012 0.018 0.419 0.356 
 486 L X   0.007 0.144 0.001 0.048 0.013 0.018 0.430 0.340 
 487 E X   0.007 0.144 0.001 0.049 0.013 0.017 0.443 0.326 
 488 N X   0.007 0.141 0.001 0.048 0.012 0.016 0.460 0.315 
 489 Q X   0.007 0.135 0.001 0.045 0.011 0.015 0.479 0.307 
 490 V X   0.006 0.125 0.001 0.041 0.010 0.014 0.502 0.301 
 491 E X   0.006 0.111 0.001 0.035 0.009 0.013 0.528 0.297 
 492 E X   0.006 0.094 0.001 0.029 0.008 0.011 0.558 0.294 
 493 R X   0.005 0.075 0.001 0.024 0.006 0.010 0.588 0.291 
 494 T X   0.005 0.057 0.001 0.018 0.005 0.009 0.619 0.287 
 495 C X   0.004 0.041 0.001 0.014 0.004 0.007 0.646 0.282 
 496 S X   0.003 0.030 0.000 0.011 0.003 0.006 0.671 0.275 
 497 D X   0.003 0.022 0.000 0.009 0.002 0.005 0.693 0.265 
 498 S X   0.003 0.017 0.000 0.007 0.002 0.005 0.711 0.255 
 499 E X   0.002 0.014 0.000 0.006 0.002 0.004 0.727 0.244 
 500 D X   0.002 0.011 0.000 0.006 0.001 0.004 0.741 0.234 
 501 I X   0.002 0.010 0.000 0.006 0.001 0.004 0.753 0.223 
 502 G X   0.002 0.009 0.000 0.007 0.001 0.004 0.765 0.212 
 503 S X   0.002 0.008 0.000 0.007 0.002 0.004 0.776 0.201 
 504 S X   0.002 0.007 0.000 0.007 0.002 0.004 0.787 0.192 
 505 E X   0.002 0.007 0.000 0.007 0.002 0.004 0.797 0.182 
 506 C X   0.002 0.006 0.000 0.007 0.001 0.003 0.808 0.173 
 507 S X   0.001 0.005 0.000 0.007 0.001 0.003 0.818 0.164 
 508 D X   0.001 0.004 0.000 0.006 0.001 0.003 0.828 0.156 
 509 T X   0.001 0.004 0.000 0.005 0.001 0.003 0.837 0.149 
 510 D X   0.001 0.003 0.000 0.005 0.001 0.003 0.846 0.141 
 511 S X   0.001 0.003 0.000 0.004 0.001 0.002 0.854 0.134 
 512 E X   0.001 0.002 0.000 0.004 0.001 0.002 0.862 0.128 
 513 E X   0.001 0.002 0.000 0.004 0.001 0.002 0.869 0.121 
 514 Q X   0.001 0.002 0.000 0.004 0.001 0.002 0.875 0.115 
 515 G X   0.001 0.002 0.000 0.004 0.001 0.002 0.881 0.110 
 516 D X   0.001 0.001 0.000 0.004 0.001 0.002 0.887 0.104 
 517 H X   0.001 0.001 0.000 0.004 0.001 0.002 0.892 0.099 
 518 A X   0.001 0.001 0.000 0.004 0.001 0.002 0.897 0.094 
 519 R X   0.001 0.001 0.000 0.004 0.001 0.002 0.902 0.090 
 520 P X   0.001 0.001 0.000 0.003 0.001 0.002 0.907 0.085 
 521 K X   0.001 0.001 0.000 0.003 0.001 0.002 0.911 0.081 
 522 K X   0.001 0.001 0.000 0.003 0.001 0.002 0.916 0.078 
 523 H X   0.001 0.001 0.000 0.002 0.001 0.001 0.920 0.074 
 524 T X   0.001 0.001 0.000 0.002 0.000 0.001 0.924 0.072 
 525 T X   0.001 0.000 0.000 0.002 0.000 0.001 0.927 0.069 
 526 D X   0.001 0.000 0.000 0.001 0.000 0.001 0.929 0.067 
 527 P X   0.000 0.000 0.000 0.001 0.000 0.001 0.931 0.066 
 528 D X   0.000 0.000 0.000 0.001 0.000 0.001 0.933 0.064 
 529 I X   0.000 0.000 0.000 0.001 0.000 0.001 0.934 0.063 
 530 D X   0.000 0.000 0.000 0.001 0.000 0.001 0.935 0.062 
 531 K X   0.000 0.001 0.000 0.001 0.000 0.001 0.935 0.062 
 532 K X   0.000 0.001 0.000 0.001 0.000 0.001 0.935 0.061 
 533 E X   0.000 0.001 0.000 0.002 0.000 0.001 0.935 0.060 
 534 R X   0.001 0.001 0.000 0.003 0.001 0.001 0.934 0.059 
 535 K X   0.001 0.002 0.000 0.003 0.001 0.002 0.934 0.058 
 536 K X   0.001 0.002 0.000 0.004 0.001 0.002 0.933 0.056 
 537 M X   0.001 0.003 0.000 0.005 0.001 0.002 0.933 0.055 
 538 V X   0.001 0.003 0.000 0.006 0.001 0.002 0.934 0.053 
 539 K X   0.001 0.003 0.000 0.006 0.001 0.002 0.935 0.052 
 540 E X   0.001 0.003 0.000 0.006 0.001 0.002 0.936 0.051 
 541 A X   0.001 0.003 0.000 0.005 0.001 0.002 0.939 0.050 
 542 Q X   0.001 0.003 0.000 0.004 0.001 0.002 0.941 0.048 
 543 R X   0.001 0.002 0.000 0.003 0.001 0.002 0.944 0.047 
 544 E X   0.001 0.002 0.000 0.003 0.001 0.001 0.948 0.046 
 545 K X   0.001 0.001 0.000 0.002 0.000 0.001 0.951 0.044 
 546 R X   0.001 0.001 0.000 0.001 0.000 0.001 0.953 0.042 
 547 K X   0.001 0.001 0.000 0.001 0.000 0.001 0.956 0.040 
 548 N X   0.000 0.001 0.000 0.001 0.000 0.001 0.958 0.039 
 549 K X   0.000 0.000 0.000 0.001 0.000 0.001 0.960 0.037 
 550 I X   0.000 0.000 0.000 0.001 0.000 0.001 0.962 0.036 
 551 P X   0.000 0.000 0.000 0.001 0.000 0.001 0.963 0.034 
 552 K X   0.000 0.000 0.000 0.001 0.000 0.001 0.964 0.033 
 553 H X   0.000 0.000 0.000 0.001 0.000 0.001 0.965 0.032 
 554 V X   0.000 0.000 0.000 0.001 0.000 0.001 0.966 0.031 
 555 K X   0.000 0.000 0.000 0.001 0.000 0.001 0.967 0.030 
 556 K X   0.000 0.000 0.000 0.001 0.000 0.001 0.968 0.029 
 557 R X   0.000 0.000 0.000 0.001 0.000 0.001 0.969 0.028 
 558 K X   0.000 0.000 0.000 0.001 0.000 0.001 0.969 0.027 
 559 E X   0.000 0.000 0.000 0.001 0.000 0.001 0.970 0.027 
 560 K X   0.000 0.000 0.000 0.001 0.000 0.001 0.970 0.027 
 561 T X   0.000 0.000 0.000 0.001 0.000 0.001 0.971 0.026 
 562 A X   0.000 0.000 0.000 0.001 0.000 0.001 0.971 0.026 
 563 K X   0.000 0.000 0.000 0.001 0.000 0.000 0.971 0.026 
 564 T X   0.000 0.000 0.000 0.001 0.000 0.000 0.972 0.027 
 565 K X   0.000 0.000 0.000 0.001 0.000 0.000 0.971 0.028 
 566 K X   0.000 0.000 0.000 0.000 0.000 0.000 0.970 0.030 
 567 G X   0.000 0.000 0.000 0.001 0.000 0.000 0.964 0.034 
 568 K X   0.001 0.000 0.001 0.007 0.002 0.002 0.945 0.042 
