#TopoPred_TM8: 8-state transmembrane topology prediction results by no_profile mode 
#probabilities are in the order of H E C I L F X _, the 8 transmembrane topology types used in PDBTM 
   1 M X   0.013 0.001 0.002 0.046 0.009 0.010 0.724 0.195 
   2 N X   0.004 0.001 0.000 0.028 0.002 0.005 0.742 0.217 
   3 E X   0.002 0.001 0.000 0.018 0.001 0.004 0.746 0.229 
   4 V X   0.001 0.001 0.000 0.015 0.001 0.005 0.743 0.234 
   5 S X   0.002 0.003 0.000 0.015 0.001 0.007 0.735 0.237 
   6 V X   0.003 0.005 0.000 0.016 0.002 0.009 0.724 0.240 
   7 I X   0.005 0.009 0.000 0.018 0.003 0.011 0.712 0.242 
   8 K X   0.006 0.014 0.000 0.020 0.004 0.012 0.698 0.246 
   9 E X   0.006 0.019 0.001 0.021 0.005 0.012 0.684 0.252 
  10 G X   0.006 0.024 0.001 0.022 0.005 0.012 0.671 0.260 
  11 W X   0.005 0.027 0.001 0.021 0.005 0.012 0.658 0.270 
  12 L X   0.005 0.030 0.001 0.019 0.005 0.011 0.648 0.282 
  13 H X   0.005 0.031 0.001 0.016 0.005 0.011 0.639 0.293 
  14 K X   0.005 0.033 0.000 0.013 0.004 0.010 0.631 0.303 
  15 R X   0.005 0.034 0.000 0.011 0.004 0.010 0.624 0.311 
  16 G X   0.005 0.035 0.000 0.010 0.004 0.010 0.618 0.318 
  17 E X   0.005 0.037 0.000 0.010 0.004 0.010 0.611 0.323 
  18 Y X   0.005 0.039 0.000 0.010 0.004 0.010 0.605 0.326 
  19 I X   0.005 0.041 0.000 0.011 0.004 0.010 0.599 0.328 
  20 K X   0.006 0.044 0.001 0.012 0.005 0.011 0.593 0.329 
  21 T X   0.006 0.047 0.001 0.013 0.005 0.011 0.587 0.330 
  22 W X   0.006 0.049 0.001 0.015 0.006 0.011 0.582 0.330 
  23 R X   0.006 0.051 0.001 0.016 0.006 0.011 0.578 0.331 
  24 P X   0.006 0.052 0.001 0.017 0.006 0.011 0.575 0.333 
  25 R X   0.006 0.052 0.001 0.017 0.006 0.010 0.572 0.337 
  26 Y X   0.006 0.051 0.001 0.016 0.005 0.009 0.571 0.342 
  27 F X   0.006 0.049 0.001 0.014 0.005 0.009 0.569 0.348 
  28 L X   0.005 0.046 0.000 0.013 0.004 0.008 0.569 0.355 
  29 L X   0.005 0.043 0.000 0.011 0.004 0.007 0.568 0.362 
  30 K X   0.005 0.040 0.000 0.010 0.003 0.007 0.568 0.368 
  31 S X   0.005 0.036 0.000 0.009 0.003 0.006 0.568 0.373 
  32 D X   0.005 0.034 0.000 0.009 0.003 0.006 0.567 0.377 
  33 G X   0.005 0.031 0.000 0.009 0.003 0.006 0.567 0.379 
  34 S X   0.005 0.029 0.000 0.009 0.002 0.006 0.567 0.382 
  35 F X   0.005 0.027 0.000 0.009 0.002 0.006 0.567 0.384 
  36 I X   0.004 0.025 0.000 0.009 0.002 0.005 0.567 0.387 
  37 G X   0.004 0.022 0.000 0.008 0.002 0.005 0.567 0.391 
  38 Y X   0.004 0.020 0.000 0.008 0.002 0.005 0.566 0.395 
  39 K X   0.004 0.017 0.000 0.007 0.002 0.004 0.566 0.401 
  40 E X   0.003 0.014 0.000 0.005 0.001 0.004 0.564 0.407 
  41 R X   0.003 0.012 0.000 0.004 0.001 0.003 0.563 0.413 
  42 P X   0.003 0.011 0.000 0.004 0.001 0.003 0.560 0.418 
  43 E X   0.002 0.010 0.000 0.003 0.001 0.003 0.557 0.422 
  44 A X   0.002 0.010 0.000 0.003 0.001 0.003 0.553 0.427 
  45 P X   0.002 0.011 0.000 0.003 0.001 0.003 0.547 0.431 
  46 D X   0.002 0.012 0.000 0.004 0.001 0.004 0.541 0.435 
  47 Q X   0.003 0.014 0.000 0.005 0.001 0.005 0.533 0.439 
  48 T X   0.003 0.018 0.000 0.006 0.002 0.005 0.523 0.443 
  49 L X   0.003 0.023 0.000 0.008 0.002 0.006 0.512 0.445 
  50 P X   0.003 0.031 0.000 0.010 0.003 0.008 0.499 0.446 
  51 P X   0.004 0.042 0.001 0.013 0.004 0.009 0.483 0.444 
  52 L X   0.004 0.057 0.001 0.017 0.005 0.011 0.467 0.439 
  53 N X   0.005 0.076 0.001 0.022 0.007 0.013 0.448 0.429 
  54 N X   0.005 0.099 0.001 0.028 0.008 0.015 0.429 0.414 
  55 F X   0.006 0.124 0.001 0.035 0.010 0.017 0.410 0.397 
  56 S X   0.006 0.146 0.001 0.043 0.012 0.018 0.393 0.380 
  57 V X   0.006 0.164 0.001 0.051 0.013 0.019 0.378 0.366 
  58 A X   0.006 0.176 0.001 0.058 0.014 0.019 0.367 0.358 
  59 E X   0.007 0.182 0.001 0.061 0.014 0.019 0.359 0.357 
  60 C _   0.007 0.182 0.001 0.061 0.014 0.019 0.353 0.364 
  61 Q _   0.007 0.177 0.001 0.057 0.013 0.018 0.349 0.378 
  62 L _   0.008 0.166 0.001 0.050 0.012 0.017 0.347 0.400 
  63 M _   0.008 0.145 0.001 0.041 0.010 0.015 0.346 0.433 
  64 K _   0.008 0.114 0.001 0.031 0.009 0.014 0.346 0.477 
  65 T _   0.008 0.077 0.001 0.021 0.007 0.013 0.346 0.525 
  66 E _   0.009 0.044 0.001 0.013 0.005 0.013 0.347 0.569 
  67 R _   0.009 0.022 0.000 0.007 0.004 0.013 0.347 0.599 
  68 P _   0.009 0.011 0.000 0.004 0.003 0.013 0.346 0.615 
  69 R _   0.010 0.006 0.000 0.003 0.002 0.014 0.344 0.620 
  70 P _   0.013 0.005 0.000 0.002 0.003 0.017 0.341 0.619 
  71 N _   0.019 0.005 0.000 0.003 0.004 0.022 0.337 0.610 
  72 T _   0.027 0.007 0.001 0.004 0.007 0.028 0.332 0.594 
  73 F _   0.037 0.013 0.001 0.007 0.012 0.036 0.326 0.568 
  74 V _   0.049 0.025 0.001 0.012 0.020 0.045 0.319 0.529 
  75 I _   0.059 0.047 0.002 0.018 0.030 0.052 0.312 0.481 
  76 R _   0.068 0.073 0.002 0.023 0.038 0.057 0.305 0.433 
  77 C _   0.074 0.100 0.003 0.029 0.045 0.060 0.299 0.391 
  78 L _   0.077 0.122 0.002 0.034 0.050 0.060 0.295 0.359 
  79 Q _   0.079 0.139 0.002 0.039 0.052 0.059 0.292 0.338 
  80 W _   0.079 0.150 0.002 0.043 0.051 0.057 0.292 0.326 
  81 T _   0.077 0.157 0.002 0.046 0.049 0.053 0.293 0.324 
  82 T _   0.072 0.158 0.002 0.048 0.044 0.048 0.296 0.331 
  83 V _   0.066 0.155 0.002 0.048 0.038 0.043 0.300 0.347 
  84 I _   0.059 0.147 0.002 0.045 0.031 0.037 0.307 0.372 
  85 E _   0.050 0.131 0.002 0.040 0.024 0.031 0.315 0.407 
  86 R _   0.041 0.106 0.002 0.032 0.018 0.026 0.324 0.451 
  87 T _   0.032 0.075 0.001 0.024 0.012 0.020 0.333 0.502 
  88 F _   0.024 0.044 0.001 0.015 0.007 0.015 0.341 0.551 
  89 H _   0.017 0.021 0.001 0.009 0.004 0.011 0.348 0.589 
  90 V _   0.012 0.009 0.000 0.005 0.002 0.008 0.351 0.613 
  91 D _   0.008 0.003 0.000 0.002 0.001 0.007 0.353 0.625 
  92 S _   0.006 0.001 0.000 0.001 0.001 0.006 0.353 0.631 
  93 P _   0.006 0.001 0.000 0.001 0.001 0.007 0.353 0.632 
  94 D _   0.008 0.001 0.000 0.001 0.001 0.009 0.351 0.629 
  95 E _   0.012 0.001 0.000 0.002 0.002 0.013 0.348 0.620 
  96 R _   0.020 0.004 0.000 0.004 0.006 0.020 0.344 0.601 
  97 E _   0.030 0.017 0.001 0.008 0.013 0.030 0.338 0.563 
  98 E _   0.040 0.053 0.002 0.017 0.024 0.039 0.329 0.495 
  99 W _   0.046 0.118 0.003 0.029 0.034 0.046 0.320 0.405 
 100 M _   0.047 0.191 0.003 0.042 0.039 0.047 0.312 0.318 
 101 R X   0.046 0.247 0.003 0.053 0.040 0.046 0.307 0.260 
 102 A X   0.045 0.279 0.002 0.060 0.038 0.043 0.305 0.228 
 103 I X   0.042 0.294 0.002 0.063 0.035 0.040 0.306 0.216 
 104 Q X   0.040 0.299 0.002 0.063 0.032 0.037 0.309 0.217 
 105 M X   0.037 0.296 0.002 0.060 0.028 0.033 0.314 0.230 
 106 V X   0.033 0.284 0.002 0.054 0.024 0.029 0.321 0.254 
 107 A X   0.030 0.259 0.002 0.046 0.020 0.025 0.330 0.288 
 108 N X   0.027 0.221 0.002 0.037 0.016 0.022 0.341 0.334 
 109 S _   0.024 0.171 0.002 0.029 0.012 0.019 0.355 0.388 
 110 L _   0.021 0.121 0.001 0.022 0.009 0.016 0.369 0.441 
 111 K _   0.018 0.081 0.001 0.016 0.006 0.013 0.381 0.484 
 112 Q _   0.014 0.052 0.001 0.011 0.004 0.011 0.391 0.515 
 113 R _   0.011 0.034 0.000 0.008 0.003 0.009 0.399 0.536 
 114 A _   0.009 0.023 0.000 0.006 0.002 0.007 0.404 0.548 
 115 P _   0.007 0.016 0.000 0.005 0.002 0.006 0.407 0.557 
 116 G _   0.006 0.012 0.000 0.005 0.001 0.005 0.409 0.561 
 117 E _   0.005 0.010 0.000 0.004 0.001 0.005 0.410 0.565 
 118 D _   0.004 0.009 0.000 0.004 0.001 0.005 0.410 0.567 
 119 P _   0.004 0.008 0.000 0.004 0.001 0.004 0.408 0.569 
 120 M _   0.004 0.008 0.000 0.005 0.001 0.004 0.406 0.572 
 121 D _   0.004 0.008 0.000 0.005 0.001 0.004 0.403 0.575 
 122 Y _   0.003 0.008 0.000 0.005 0.001 0.005 0.399 0.578 
 123 K _   0.003 0.009 0.000 0.005 0.001 0.005 0.394 0.583 
 124 C _   0.003 0.010 0.000 0.005 0.001 0.005 0.387 0.589 
 125 G _   0.003 0.011 0.000 0.006 0.001 0.005 0.378 0.595 
 126 S _   0.003 0.014 0.000 0.006 0.002 0.006 0.368 0.601 
 127 P _   0.003 0.018 0.000 0.007 0.002 0.008 0.356 0.606 
 128 S _   0.004 0.026 0.000 0.009 0.003 0.010 0.341 0.607 
 129 D _   0.005 0.041 0.001 0.012 0.005 0.013 0.322 0.601 
 130 S _   0.007 0.069 0.001 0.018 0.007 0.017 0.298 0.583 
 131 S _   0.008 0.115 0.002 0.026 0.012 0.022 0.268 0.547 
 132 T _   0.010 0.185 0.002 0.036 0.016 0.026 0.233 0.493 
 133 T _   0.010 0.270 0.002 0.045 0.020 0.027 0.198 0.428 
 134 E _   0.009 0.351 0.002 0.051 0.021 0.028 0.168 0.369 
 135 E E   0.009 0.413 0.002 0.055 0.020 0.027 0.146 0.328 
 136 M E   0.009 0.455 0.002 0.056 0.019 0.026 0.129 0.304 
 137 E E   0.009 0.480 0.001 0.056 0.019 0.025 0.118 0.293 
 138 V E   0.009 0.493 0.001 0.055 0.018 0.024 0.109 0.291 
 139 A E   0.009 0.498 0.001 0.053 0.018 0.023 0.102 0.296 
 140 V E   0.010 0.495 0.001 0.051 0.017 0.023 0.097 0.306 
 141 S E   0.010 0.486 0.001 0.048 0.017 0.022 0.093 0.323 
 142 K E   0.011 0.469 0.001 0.044 0.016 0.021 0.090 0.347 
 143 A E   0.012 0.441 0.001 0.041 0.015 0.020 0.088 0.381 
 144 R _   0.013 0.400 0.002 0.037 0.015 0.020 0.087 0.427 
 145 A _   0.014 0.348 0.002 0.033 0.014 0.019 0.086 0.485 
 146 K _   0.015 0.285 0.002 0.029 0.012 0.019 0.086 0.553 
 147 V _   0.015 0.221 0.001 0.023 0.011 0.018 0.086 0.625 
 148 T _   0.014 0.164 0.001 0.019 0.009 0.017 0.086 0.691 
 149 M _   0.013 0.119 0.001 0.014 0.007 0.016 0.085 0.745 
 150 N _   0.012 0.088 0.001 0.011 0.006 0.015 0.085 0.783 
 151 D _   0.011 0.068 0.001 0.009 0.005 0.014 0.084 0.808 
 152 F _   0.011 0.057 0.001 0.008 0.004 0.014 0.082 0.824 
 153 D _   0.010 0.050 0.000 0.008 0.004 0.014 0.080 0.833 
 154 Y _   0.010 0.047 0.000 0.008 0.004 0.014 0.079 0.837 
 155 L _   0.011 0.044 0.001 0.009 0.005 0.015 0.076 0.839 
 156 K _   0.011 0.044 0.001 0.011 0.005 0.016 0.074 0.838 
 157 L _   0.012 0.043 0.001 0.012 0.006 0.017 0.072 0.837 
 158 L _   0.013 0.043 0.001 0.013 0.007 0.017 0.070 0.836 
 159 G _   0.014 0.043 0.001 0.014 0.007 0.018 0.067 0.835 
 160 K _   0.015 0.042 0.001 0.015 0.008 0.019 0.065 0.835 
 161 G _   0.016 0.042 0.001 0.015 0.009 0.020 0.063 0.835 
 162 T _   0.017 0.041 0.001 0.016 0.009 0.021 0.061 0.835 
 163 F _   0.017 0.040 0.001 0.016 0.010 0.021 0.059 0.836 
 164 G _   0.018 0.039 0.001 0.016 0.010 0.022 0.058 0.836 
 165 K _   0.019 0.038 0.001 0.017 0.010 0.022 0.057 0.837 
 166 V _   0.019 0.037 0.001 0.017 0.010 0.022 0.055 0.838 
 167 I _   0.020 0.036 0.001 0.017 0.010 0.022 0.054 0.840 
 168 L _   0.020 0.034 0.001 0.017 0.010 0.022 0.053 0.844 
 169 V _   0.019 0.032 0.001 0.016 0.009 0.021 0.052 0.850 
 170 R _   0.019 0.029 0.001 0.015 0.009 0.021 0.051 0.856 
 171 E _   0.018 0.027 0.001 0.013 0.008 0.020 0.050 0.863 
 172 K _   0.018 0.024 0.001 0.012 0.007 0.019 0.049 0.869 
 173 A _   0.017 0.022 0.001 0.010 0.007 0.019 0.048 0.875 
 174 T _   0.017 0.021 0.001 0.009 0.007 0.019 0.047 0.879 
 175 G _   0.018 0.020 0.001 0.009 0.007 0.020 0.046 0.880 
 176 R _   0.019 0.020 0.001 0.010 0.007 0.020 0.045 0.879 
 177 Y _   0.019 0.020 0.001 0.011 0.008 0.021 0.044 0.876 
 178 Y _   0.021 0.022 0.001 0.012 0.009 0.022 0.043 0.871 
 179 A _   0.021 0.023 0.001 0.014 0.010 0.023 0.042 0.865 
 180 M _   0.022 0.025 0.001 0.017 0.011 0.023 0.041 0.860 
 181 K _   0.023 0.027 0.001 0.019 0.012 0.023 0.040 0.856 
 182 I _   0.023 0.028 0.001 0.020 0.012 0.023 0.039 0.854 
 183 L _   0.023 0.028 0.001 0.020 0.012 0.023 0.039 0.855 
 184 R _   0.022 0.027 0.001 0.019 0.011 0.022 0.038 0.859 
 185 K _   0.021 0.026 0.001 0.017 0.010 0.021 0.038 0.866 
 186 E _   0.020 0.024 0.001 0.015 0.009 0.020 0.038 0.873 
 187 V _   0.020 0.022 0.001 0.013 0.008 0.019 0.038 0.880 
 188 I _   0.019 0.020 0.001 0.011 0.007 0.018 0.037 0.886 
 189 I _   0.019 0.019 0.001 0.010 0.007 0.018 0.037 0.890 
 190 A _   0.018 0.018 0.001 0.009 0.006 0.018 0.037 0.892 
 191 K _   0.018 0.018 0.001 0.009 0.006 0.018 0.036 0.893 
 192 D _   0.019 0.018 0.001 0.010 0.007 0.019 0.036 0.891 
 193 E _   0.019 0.019 0.001 0.011 0.007 0.019 0.036 0.888 
 194 V _   0.019 0.020 0.001 0.012 0.008 0.020 0.035 0.884 
 195 A _   0.019 0.022 0.001 0.014 0.009 0.021 0.035 0.879 
 196 H _   0.019 0.023 0.001 0.016 0.010 0.021 0.035 0.875 
 197 T _   0.019 0.024 0.001 0.018 0.010 0.022 0.034 0.871 
 198 V _   0.019 0.025 0.001 0.019 0.010 0.022 0.034 0.869 
 199 T _   0.019 0.025 0.001 0.020 0.010 0.021 0.034 0.869 
 200 E _   0.018 0.024 0.001 0.019 0.010 0.021 0.034 0.872 
 201 S _   0.018 0.023 0.001 0.017 0.009 0.020 0.034 0.878 
 202 R _   0.017 0.020 0.001 0.015 0.008 0.020 0.035 0.885 
 203 V _   0.016 0.018 0.001 0.012 0.007 0.019 0.035 0.893 
 204 L _   0.016 0.015 0.001 0.009 0.006 0.019 0.035 0.899 
 205 Q _   0.017 0.013 0.001 0.008 0.005 0.019 0.035 0.902 
 206 N _   0.017 0.013 0.001 0.007 0.006 0.020 0.035 0.902 
 207 T _   0.019 0.013 0.001 0.007 0.006 0.022 0.034 0.898 
 208 R _   0.022 0.014 0.001 0.008 0.008 0.025 0.034 0.889 
 209 H _   0.025 0.017 0.001 0.010 0.010 0.028 0.034 0.875 
 210 P _   0.029 0.022 0.001 0.015 0.013 0.031 0.033 0.856 
 211 F _   0.032 0.028 0.001 0.021 0.017 0.034 0.033 0.834 
 212 L _   0.034 0.034 0.001 0.028 0.020 0.036 0.032 0.814 
 213 T _   0.036 0.038 0.002 0.034 0.022 0.037 0.032 0.800 
 214 A _   0.037 0.040 0.002 0.037 0.023 0.036 0.032 0.793 
 215 L _   0.036 0.040 0.002 0.037 0.022 0.035 0.032 0.796 
 216 K _   0.035 0.037 0.002 0.033 0.020 0.033 0.033 0.808 
 217 Y _   0.033 0.032 0.001 0.027 0.016 0.030 0.033 0.828 
 218 A _   0.030 0.025 0.001 0.020 0.013 0.027 0.034 0.850 
 219 F _   0.028 0.017 0.001 0.013 0.010 0.025 0.034 0.872 
 220 Q _   0.026 0.011 0.001 0.009 0.008 0.023 0.034 0.888 
 221 T _   0.025 0.007 0.001 0.006 0.006 0.022 0.035 0.898 
 222 H _   0.025 0.005 0.001 0.005 0.006 0.021 0.035 0.903 
 223 D _   0.025 0.005 0.001 0.005 0.006 0.022 0.035 0.902 
 224 R _   0.027 0.005 0.001 0.006 0.007 0.023 0.034 0.896 
 225 L _   0.029 0.006 0.001 0.009 0.009 0.025 0.034 0.887 
 226 C _   0.031 0.008 0.001 0.012 0.011 0.026 0.034 0.876 
 227 F _   0.033 0.010 0.001 0.016 0.012 0.027 0.034 0.866 
 228 V _   0.033 0.012 0.001 0.019 0.014 0.028 0.034 0.859 
 229 M _   0.033 0.013 0.001 0.020 0.014 0.028 0.034 0.857 
 230 E _   0.032 0.014 0.001 0.020 0.014 0.028 0.034 0.858 
 231 Y _   0.030 0.014 0.001 0.019 0.013 0.027 0.034 0.863 
 232 A _   0.029 0.013 0.001 0.017 0.012 0.026 0.034 0.869 
 233 N _   0.027 0.012 0.001 0.015 0.011 0.025 0.034 0.875 
 234 G _   0.026 0.011 0.001 0.013 0.010 0.024 0.035 0.881 
 235 G _   0.026 0.010 0.001 0.012 0.009 0.024 0.035 0.884 
 236 E _   0.026 0.009 0.001 0.011 0.009 0.023 0.035 0.887 
 237 L _   0.025 0.008 0.001 0.011 0.008 0.023 0.035 0.888 
 238 F _   0.024 0.008 0.001 0.011 0.008 0.022 0.035 0.890 
 239 F _   0.023 0.008 0.001 0.011 0.008 0.022 0.035 0.892 
 240 H _   0.022 0.007 0.001 0.012 0.008 0.022 0.036 0.893 
 241 L _   0.021 0.007 0.001 0.012 0.009 0.022 0.036 0.893 
 242 S _   0.020 0.007 0.001 0.012 0.008 0.021 0.036 0.894 
 243 R _   0.020 0.006 0.001 0.012 0.008 0.021 0.036 0.895 
 244 E _   0.020 0.006 0.001 0.012 0.008 0.022 0.036 0.896 
 245 R _   0.021 0.005 0.001 0.012 0.008 0.022 0.036 0.897 
 246 V _   0.021 0.005 0.001 0.011 0.007 0.022 0.036 0.897 
 247 F _   0.022 0.004 0.001 0.010 0.007 0.022 0.036 0.897 
 248 T _   0.025 0.003 0.001 0.009 0.007 0.023 0.036 0.896 
 249 E _   0.028 0.003 0.001 0.008 0.007 0.025 0.035 0.893 
 250 E _   0.032 0.003 0.001 0.007 0.007 0.027 0.035 0.888 
 251 R _   0.039 0.003 0.001 0.006 0.008 0.030 0.035 0.879 
 252 A _   0.047 0.003 0.001 0.006 0.010 0.034 0.034 0.865 
 253 R _   0.056 0.004 0.001 0.007 0.013 0.038 0.034 0.847 
 254 F _   0.067 0.007 0.001 0.008 0.017 0.043 0.033 0.823 
 255 Y _   0.078 0.011 0.001 0.011 0.023 0.048 0.033 0.795 
 256 G _   0.089 0.017 0.002 0.016 0.029 0.052 0.033 0.763 
 257 A _   0.097 0.025 0.002 0.022 0.034 0.055 0.032 0.733 
 258 E _   0.103 0.032 0.002 0.028 0.038 0.056 0.032 0.709 
 259 I _   0.105 0.038 0.002 0.033 0.040 0.055 0.033 0.694 
 260 V _   0.105 0.042 0.002 0.036 0.039 0.053 0.033 0.690 
 261 S _   0.101 0.042 0.002 0.036 0.036 0.050 0.034 0.699 
 262 A _   0.095 0.041 0.002 0.033 0.032 0.045 0.035 0.717 
 263 L _   0.085 0.037 0.002 0.028 0.026 0.040 0.036 0.745 
 264 E _   0.073 0.031 0.002 0.022 0.021 0.035 0.038 0.779 
 265 Y _   0.060 0.024 0.001 0.017 0.015 0.030 0.039 0.813 
 266 L _   0.048 0.018 0.001 0.012 0.011 0.025 0.040 0.844 
 267 H _   0.039 0.014 0.001 0.009 0.008 0.022 0.042 0.867 
 268 S _   0.031 0.011 0.001 0.007 0.006 0.019 0.042 0.883 
 269 R _   0.026 0.010 0.001 0.007 0.005 0.017 0.043 0.893 
 270 D _   0.021 0.010 0.001 0.007 0.005 0.015 0.043 0.898 
 271 V _   0.019 0.010 0.001 0.008 0.005 0.015 0.044 0.900 
 272 V _   0.016 0.012 0.001 0.010 0.005 0.014 0.044 0.899 
 273 Y _   0.015 0.014 0.001 0.012 0.005 0.014 0.044 0.895 
 274 R _   0.014 0.016 0.001 0.014 0.006 0.014 0.044 0.891 
 275 D _   0.013 0.018 0.001 0.016 0.006 0.013 0.044 0.888 
 276 I _   0.012 0.019 0.001 0.018 0.006 0.013 0.045 0.887 
 277 K _   0.011 0.020 0.001 0.018 0.006 0.012 0.045 0.887 
 278 L _   0.010 0.020 0.001 0.017 0.005 0.011 0.045 0.890 
 279 E _   0.009 0.020 0.001 0.015 0.005 0.010 0.046 0.894 
 280 N _   0.009 0.019 0.001 0.013 0.004 0.009 0.046 0.899 
 281 L _   0.008 0.018 0.000 0.010 0.003 0.009 0.046 0.905 
 282 M _   0.007 0.018 0.000 0.008 0.003 0.008 0.046 0.909 
 283 L _   0.007 0.018 0.000 0.006 0.002 0.007 0.046 0.913 
 284 D _   0.007 0.018 0.000 0.005 0.002 0.007 0.046 0.914 
 285 K _   0.007 0.020 0.000 0.005 0.002 0.008 0.045 0.913 
 286 D _   0.007 0.023 0.000 0.006 0.003 0.009 0.044 0.907 
 287 G _   0.008 0.030 0.000 0.008 0.004 0.010 0.043 0.897 
 288 H _   0.009 0.043 0.001 0.011 0.005 0.012 0.041 0.878 
 289 I _   0.010 0.066 0.001 0.015 0.007 0.014 0.039 0.848 
 290 K _   0.010 0.098 0.001 0.021 0.009 0.016 0.037 0.808 
 291 I _   0.010 0.133 0.001 0.027 0.010 0.017 0.034 0.767 
 292 T _   0.010 0.165 0.001 0.032 0.011 0.017 0.032 0.731 
 293 D _   0.009 0.190 0.001 0.036 0.011 0.017 0.030 0.705 
 294 F _   0.009 0.207 0.001 0.037 0.011 0.016 0.029 0.690 
 295 G _   0.009 0.216 0.001 0.036 0.010 0.016 0.028 0.685 
 296 L _   0.008 0.220 0.001 0.033 0.009 0.015 0.027 0.687 
 297 C _   0.008 0.220 0.001 0.028 0.008 0.014 0.027 0.695 
 298 K _   0.007 0.218 0.001 0.023 0.007 0.013 0.027 0.706 
 299 E _   0.007 0.213 0.001 0.018 0.006 0.012 0.026 0.717 
 300 G _   0.007 0.208 0.001 0.014 0.005 0.011 0.026 0.728 
 301 I _   0.007 0.205 0.000 0.012 0.004 0.011 0.026 0.735 
 302 S _   0.007 0.204 0.000 0.011 0.004 0.011 0.026 0.738 
 303 D _   0.007 0.205 0.000 0.011 0.004 0.011 0.025 0.736 
 304 G _   0.007 0.210 0.001 0.012 0.005 0.012 0.025 0.729 
 305 A _   0.008 0.217 0.001 0.014 0.006 0.013 0.024 0.718 
 306 T _   0.008 0.225 0.001 0.017 0.007 0.014 0.024 0.704 
 307 M _   0.009 0.234 0.001 0.020 0.007 0.014 0.023 0.691 
 308 K _   0.009 0.241 0.001 0.023 0.008 0.015 0.022 0.681 
 309 T _   0.008 0.247 0.001 0.026 0.008 0.015 0.022 0.673 
 310 F _   0.008 0.249 0.001 0.028 0.009 0.015 0.022 0.669 
 311 C _   0.008 0.249 0.001 0.029 0.009 0.014 0.022 0.668 
 312 G _   0.008 0.247 0.001 0.029 0.009 0.014 0.022 0.670 
 313 T _   0.008 0.242 0.001 0.030 0.009 0.014 0.022 0.675 
 314 P _   0.008 0.235 0.001 0.030 0.009 0.014 0.022 0.681 
 315 E _   0.009 0.225 0.001 0.030 0.009 0.014 0.023 0.691 
 316 Y _   0.009 0.211 0.001 0.030 0.008 0.013 0.024 0.704 
 317 L _   0.009 0.192 0.001 0.029 0.008 0.013 0.025 0.723 
 318 A _   0.009 0.168 0.001 0.028 0.007 0.012 0.026 0.748 
 319 P _   0.009 0.139 0.001 0.025 0.007 0.011 0.028 0.780 
 320 E _   0.009 0.106 0.001 0.021 0.006 0.010 0.029 0.817 
 321 V _   0.009 0.073 0.001 0.016 0.005 0.009 0.030 0.857 
 322 L _   0.009 0.043 0.001 0.011 0.004 0.008 0.031 0.893 
 323 E _   0.009 0.022 0.000 0.007 0.003 0.007 0.032 0.920 
 324 D _   0.010 0.009 0.000 0.004 0.002 0.006 0.032 0.936 
 325 N _   0.013 0.003 0.000 0.003 0.002 0.006 0.032 0.941 
 326 D _   0.020 0.001 0.000 0.002 0.002 0.007 0.031 0.937 
 327 Y _   0.036 0.000 0.000 0.002 0.002 0.008 0.030 0.921 
 328 G _   0.069 0.000 0.000 0.002 0.003 0.011 0.028 0.886 
 329 R _   0.128 0.000 0.001 0.002 0.005 0.016 0.025 0.824 
 330 A _   0.217 0.000 0.001 0.002 0.008 0.021 0.022 0.729 
 331 V _   0.325 0.000 0.001 0.003 0.013 0.027 0.019 0.612 
 332 D _   0.439 0.000 0.001 0.003 0.019 0.032 0.016 0.489 
 333 W H   0.544 0.000 0.002 0.003 0.027 0.035 0.014 0.376 
 334 W H   0.628 0.000 0.002 0.003 0.034 0.037 0.012 0.284 
 335 G H   0.693 0.000 0.002 0.003 0.039 0.037 0.011 0.216 
 336 L H   0.737 0.000 0.002 0.003 0.042 0.035 0.011 0.170 
 337 G H   0.765 0.000 0.002 0.003 0.045 0.033 0.011 0.141 
 338 V H   0.783 0.000 0.002 0.003 0.045 0.031 0.011 0.124 
 339 V H   0.789 0.000 0.002 0.003 0.045 0.029 0.012 0.120 
 340 M H   0.782 0.000 0.002 0.003 0.045 0.027 0.014 0.126 
 341 Y H   0.761 0.001 0.002 0.004 0.044 0.026 0.016 0.147 
 342 E H   0.720 0.001 0.002 0.005 0.042 0.025 0.020 0.185 
 343 M H   0.659 0.001 0.003 0.006 0.038 0.024 0.026 0.243 
 344 M H   0.578 0.001 0.002 0.008 0.033 0.023 0.034 0.322 
 345 C H   0.480 0.001 0.002 0.008 0.026 0.021 0.043 0.419 
 346 G _   0.375 0.001 0.002 0.008 0.018 0.019 0.054 0.523 
 347 R _   0.276 0.000 0.001 0.007 0.012 0.016 0.064 0.623 
 348 L _   0.191 0.000 0.001 0.005 0.007 0.014 0.073 0.708 
 349 P _   0.125 0.000 0.001 0.003 0.005 0.011 0.080 0.774 
 350 F _   0.080 0.000 0.000 0.002 0.003 0.010 0.086 0.819 
 351 Y _   0.052 0.000 0.000 0.002 0.002 0.009 0.089 0.845 
 352 N _   0.039 0.000 0.000 0.001 0.002 0.010 0.092 0.855 
 353 Q _   0.034 0.000 0.000 0.001 0.002 0.012 0.094 0.855 
 354 D _   0.037 0.000 0.000 0.002 0.003 0.017 0.096 0.846 
 355 H _   0.045 0.001 0.000 0.003 0.005 0.023 0.098 0.825 
 356 E _   0.057 0.003 0.001 0.005 0.010 0.032 0.099 0.793 
 357 R _   0.072 0.012 0.001 0.010 0.018 0.042 0.100 0.745 
 358 L _   0.084 0.030 0.002 0.018 0.029 0.052 0.101 0.683 
 359 F _   0.094 0.057 0.003 0.030 0.040 0.059 0.103 0.615 
 360 E _   0.100 0.084 0.003 0.042 0.047 0.062 0.105 0.557 
 361 L _   0.103 0.103 0.003 0.052 0.051 0.063 0.108 0.518 
 362 I _   0.102 0.113 0.003 0.059 0.052 0.061 0.112 0.497 
 363 L _   0.099 0.118 0.003 0.061 0.050 0.058 0.118 0.493 
 364 M _   0.094 0.116 0.003 0.059 0.045 0.053 0.125 0.505 
 365 E _   0.086 0.109 0.003 0.053 0.039 0.047 0.133 0.530 
 366 E _   0.075 0.096 0.002 0.044 0.030 0.041 0.143 0.568 
 367 I _   0.064 0.077 0.002 0.033 0.022 0.034 0.154 0.614 
 368 R _   0.051 0.054 0.002 0.023 0.015 0.028 0.165 0.662 
 369 F _   0.041 0.035 0.001 0.014 0.009 0.022 0.174 0.704 
 370 P _   0.031 0.021 0.001 0.009 0.006 0.018 0.182 0.733 
 371 R _   0.023 0.015 0.000 0.005 0.004 0.014 0.187 0.751 
 372 T _   0.017 0.012 0.000 0.004 0.003 0.012 0.192 0.760 
 373 L _   0.013 0.011 0.000 0.004 0.002 0.012 0.195 0.763 
 374 S _   0.012 0.012 0.000 0.004 0.003 0.012 0.197 0.761 
 375 P _   0.011 0.014 0.000 0.007 0.003 0.012 0.199 0.753 
 376 E _   0.011 0.020 0.001 0.011 0.005 0.014 0.201 0.739 
 377 A _   0.011 0.029 0.001 0.017 0.006 0.015 0.203 0.718 
 378 K _   0.011 0.040 0.001 0.026 0.008 0.016 0.204 0.695 
 379 S _   0.011 0.049 0.001 0.033 0.009 0.016 0.206 0.674 
 380 L _   0.011 0.055 0.001 0.040 0.010 0.016 0.209 0.658 
 381 L _   0.010 0.058 0.001 0.042 0.010 0.016 0.213 0.649 
 382 A _   0.010 0.058 0.001 0.042 0.009 0.015 0.219 0.647 
 383 G _   0.009 0.055 0.001 0.037 0.008 0.013 0.225 0.651 
 384 L _   0.009 0.049 0.001 0.030 0.007 0.012 0.233 0.660 
 385 L _   0.008 0.040 0.001 0.023 0.005 0.010 0.241 0.672 
 386 K _   0.008 0.031 0.001 0.016 0.004 0.008 0.249 0.684 
 387 K _   0.007 0.022 0.000 0.010 0.003 0.007 0.257 0.694 
 388 D _   0.006 0.016 0.000 0.007 0.002 0.006 0.263 0.700 
 389 P _   0.005 0.012 0.000 0.005 0.002 0.005 0.268 0.703 
 390 K _   0.005 0.010 0.000 0.004 0.001 0.005 0.272 0.703 
 391 Q _   0.005 0.009 0.000 0.004 0.001 0.005 0.274 0.703 
 392 R _   0.005 0.008 0.000 0.004 0.001 0.005 0.276 0.702 
 393 L _   0.004 0.009 0.000 0.004 0.001 0.005 0.276 0.701 
 394 G _   0.004 0.010 0.000 0.004 0.001 0.005 0.275 0.700 
 395 G _   0.004 0.012 0.000 0.005 0.001 0.006 0.274 0.699 
 396 G _   0.004 0.015 0.000 0.005 0.002 0.007 0.271 0.696 
 397 P _   0.004 0.020 0.000 0.006 0.002 0.008 0.267 0.692 
 398 S _   0.005 0.028 0.000 0.008 0.003 0.010 0.263 0.683 
 399 D _   0.006 0.041 0.000 0.010 0.004 0.013 0.257 0.669 
 400 A _   0.007 0.062 0.001 0.014 0.006 0.016 0.250 0.645 
 401 K _   0.008 0.093 0.001 0.019 0.008 0.020 0.241 0.610 
 402 E _   0.010 0.134 0.001 0.024 0.012 0.023 0.232 0.564 
 403 V _   0.011 0.183 0.002 0.030 0.015 0.026 0.222 0.511 
 404 M _   0.012 0.231 0.002 0.036 0.017 0.028 0.213 0.461 
 405 E _   0.012 0.268 0.002 0.041 0.019 0.030 0.206 0.423 
 406 H _   0.013 0.292 0.001 0.044 0.020 0.030 0.201 0.398 
 407 R _   0.013 0.307 0.001 0.046 0.021 0.030 0.198 0.384 
 408 F _   0.014 0.314 0.001 0.045 0.021 0.030 0.196 0.379 
 409 F _   0.015 0.315 0.001 0.043 0.021 0.029 0.195 0.381 
 410 L _   0.015 0.311 0.001 0.040 0.020 0.028 0.196 0.389 
 411 S _   0.016 0.303 0.001 0.036 0.019 0.027 0.197 0.402 
 412 I _   0.017 0.290 0.001 0.032 0.017 0.025 0.199 0.418 
 413 N _   0.017 0.273 0.001 0.029 0.015 0.024 0.202 0.439 
 414 W _   0.017 0.252 0.001 0.025 0.014 0.023 0.206 0.462 
 415 Q _   0.018 0.230 0.001 0.023 0.012 0.021 0.210 0.485 
 416 D _   0.017 0.207 0.001 0.021 0.011 0.020 0.214 0.508 
 417 V _   0.017 0.185 0.001 0.019 0.010 0.019 0.219 0.530 
 418 V _   0.016 0.164 0.001 0.017 0.009 0.017 0.224 0.551 
 419 Q _   0.015 0.144 0.001 0.016 0.008 0.016 0.229 0.572 
 420 K _   0.014 0.126 0.001 0.014 0.007 0.015 0.234 0.590 
 421 K _   0.013 0.110 0.001 0.012 0.006 0.014 0.239 0.605 
 422 L _   0.012 0.098 0.001 0.011 0.005 0.013 0.243 0.619 
 423 L _   0.011 0.087 0.001 0.009 0.004 0.012 0.247 0.629 
 424 P _   0.009 0.080 0.000 0.009 0.004 0.011 0.251 0.636 
 425 P _   0.009 0.075 0.000 0.008 0.004 0.010 0.254 0.640 
 426 F _   0.008 0.072 0.000 0.008 0.004 0.010 0.257 0.641 
 427 K _   0.008 0.070 0.000 0.009 0.004 0.010 0.259 0.640 
 428 P _   0.008 0.069 0.000 0.010 0.004 0.010 0.262 0.637 
 429 Q _   0.007 0.069 0.001 0.011 0.004 0.010 0.265 0.633 
 430 V _   0.007 0.070 0.001 0.012 0.005 0.010 0.268 0.628 
 431 T _   0.007 0.070 0.001 0.013 0.005 0.010 0.271 0.624 
 432 S _   0.006 0.070 0.001 0.014 0.005 0.010 0.274 0.621 
 433 E _   0.006 0.069 0.001 0.014 0.005 0.009 0.278 0.619 
 434 V _   0.006 0.068 0.001 0.014 0.004 0.009 0.281 0.618 
 435 D _   0.006 0.066 0.000 0.012 0.004 0.009 0.285 0.618 
 436 T _   0.005 0.064 0.000 0.011 0.004 0.008 0.289 0.618 
 437 R _   0.005 0.063 0.000 0.010 0.003 0.008 0.292 0.618 
 438 Y _   0.005 0.062 0.000 0.009 0.003 0.008 0.296 0.617 
 439 F _   0.005 0.061 0.000 0.008 0.003 0.008 0.299 0.615 
 440 D _   0.005 0.063 0.000 0.009 0.003 0.009 0.302 0.609 
 441 D _   0.005 0.065 0.000 0.011 0.004 0.010 0.305 0.600 
 442 E _   0.006 0.070 0.001 0.014 0.005 0.011 0.307 0.587 
 443 F _   0.007 0.076 0.001 0.018 0.006 0.012 0.310 0.570 
 444 T _   0.007 0.082 0.001 0.023 0.008 0.013 0.314 0.551 
 445 A _   0.008 0.087 0.001 0.029 0.009 0.014 0.318 0.533 
 446 Q _   0.008 0.091 0.001 0.033 0.009 0.014 0.324 0.519 
 447 S _   0.008 0.091 0.001 0.035 0.010 0.014 0.331 0.510 
 448 I _   0.008 0.089 0.001 0.034 0.009 0.013 0.340 0.506 
 449 T _   0.007 0.084 0.001 0.030 0.008 0.012 0.351 0.506 
 450 I _   0.007 0.076 0.001 0.025 0.007 0.010 0.363 0.512 
 451 T _   0.006 0.065 0.001 0.018 0.005 0.009 0.375 0.520 
 452 P _   0.006 0.054 0.001 0.012 0.004 0.008 0.388 0.528 
 453 P _   0.005 0.045 0.000 0.008 0.003 0.007 0.399 0.532 
 454 D _   0.005 0.039 0.000 0.006 0.002 0.006 0.409 0.533 
 455 R _   0.004 0.037 0.000 0.005 0.002 0.006 0.417 0.529 
 456 Y _   0.004 0.036 0.000 0.005 0.002 0.006 0.424 0.522 
 457 D _   0.004 0.038 0.000 0.006 0.002 0.007 0.431 0.511 
 458 S _   0.005 0.041 0.000 0.008 0.003 0.008 0.437 0.497 
 459 L _   0.005 0.047 0.000 0.012 0.004 0.010 0.442 0.480 
 460 G _   0.005 0.054 0.001 0.016 0.005 0.011 0.448 0.461 
 461 L X   0.005 0.060 0.001 0.021 0.005 0.011 0.454 0.443 
 462 L X   0.005 0.065 0.001 0.024 0.006 0.012 0.460 0.427 
 463 E X   0.005 0.068 0.001 0.026 0.006 0.012 0.468 0.413 
 464 L X   0.005 0.069 0.001 0.026 0.007 0.012 0.477 0.403 
 465 D X   0.005 0.069 0.001 0.025 0.006 0.012 0.488 0.394 
 466 Q X   0.005 0.067 0.001 0.024 0.006 0.011 0.500 0.386 
 467 R X   0.005 0.063 0.001 0.022 0.006 0.011 0.514 0.378 
 468 T X   0.005 0.059 0.001 0.020 0.005 0.011 0.528 0.370 
 469 H X   0.006 0.055 0.001 0.018 0.005 0.010 0.544 0.362 
 470 F X   0.006 0.051 0.001 0.016 0.005 0.010 0.561 0.352 
 471 P X   0.006 0.046 0.001 0.015 0.004 0.009 0.577 0.342 
 472 Q X   0.005 0.042 0.000 0.014 0.004 0.009 0.592 0.334 
 473 F X   0.005 0.038 0.000 0.013 0.004 0.008 0.606 0.327 
 474 S X   0.004 0.034 0.000 0.012 0.003 0.007 0.619 0.321 
 475 Y X   0.003 0.031 0.000 0.011 0.003 0.005 0.631 0.315 
 476 S X   0.002 0.027 0.000 0.009 0.002 0.004 0.643 0.311 
 477 A X   0.001 0.023 0.000 0.007 0.001 0.002 0.654 0.310 
 478 S X   0.001 0.019 0.000 0.005 0.000 0.001 0.663 0.312 
 479 I X   0.000 0.015 0.000 0.003 0.000 0.000 0.665 0.315 
 480 R X   0.000 0.014 0.000 0.004 0.000 0.000 0.663 0.318 
 481 E X   0.002 0.014 0.001 0.012 0.003 0.002 0.649 0.316 
