#TopoPred_TM8: 8-state transmembrane topology prediction results by no_profile mode 
#probabilities are in the order of H E C I L F X _, the 8 transmembrane topology types used in PDBTM 
   1 M X   0.010 0.001 0.002 0.056 0.008 0.008 0.787 0.127 
   2 G X   0.004 0.001 0.000 0.033 0.002 0.004 0.810 0.146 
   3 G X   0.001 0.000 0.000 0.018 0.001 0.002 0.816 0.162 
   4 N X   0.001 0.000 0.000 0.011 0.000 0.002 0.814 0.171 
   5 H X   0.001 0.001 0.000 0.009 0.001 0.002 0.809 0.178 
   6 S X   0.001 0.001 0.000 0.007 0.001 0.003 0.801 0.186 
   7 H X   0.001 0.001 0.000 0.007 0.001 0.004 0.791 0.195 
   8 K X   0.002 0.002 0.000 0.007 0.001 0.004 0.778 0.206 
   9 P X   0.002 0.003 0.000 0.008 0.001 0.005 0.761 0.219 
  10 P X   0.002 0.005 0.000 0.010 0.002 0.006 0.741 0.234 
  11 V X   0.002 0.007 0.000 0.012 0.002 0.007 0.719 0.250 
  12 F X   0.002 0.010 0.000 0.013 0.003 0.009 0.694 0.269 
  13 D X   0.003 0.014 0.000 0.014 0.003 0.010 0.669 0.287 
  14 E X   0.003 0.017 0.001 0.015 0.004 0.012 0.643 0.305 
  15 N X   0.003 0.022 0.001 0.016 0.004 0.014 0.617 0.323 
  16 E X   0.004 0.027 0.001 0.016 0.005 0.017 0.590 0.339 
  17 E X   0.005 0.034 0.001 0.018 0.007 0.021 0.562 0.352 
  18 V X   0.007 0.044 0.001 0.020 0.009 0.025 0.532 0.361 
  19 N X   0.009 0.056 0.001 0.024 0.013 0.030 0.501 0.366 
  20 F X   0.012 0.071 0.002 0.029 0.017 0.035 0.468 0.367 
  21 D X   0.014 0.088 0.002 0.036 0.021 0.040 0.436 0.364 
  22 H X   0.017 0.104 0.002 0.043 0.026 0.043 0.406 0.359 
  23 F X   0.019 0.118 0.002 0.049 0.029 0.046 0.379 0.357 
  24 Q _   0.022 0.127 0.002 0.053 0.031 0.047 0.357 0.361 
  25 I _   0.024 0.132 0.002 0.054 0.031 0.047 0.338 0.372 
  26 L _   0.026 0.134 0.002 0.051 0.030 0.046 0.323 0.389 
  27 R _   0.027 0.131 0.002 0.046 0.028 0.044 0.309 0.413 
  28 A _   0.029 0.125 0.002 0.038 0.025 0.042 0.297 0.443 
  29 I _   0.030 0.115 0.002 0.029 0.022 0.039 0.287 0.476 
  30 G _   0.030 0.104 0.001 0.023 0.018 0.037 0.278 0.508 
  31 K _   0.030 0.095 0.001 0.018 0.016 0.035 0.270 0.536 
  32 G _   0.030 0.087 0.001 0.015 0.014 0.033 0.262 0.558 
  33 S _   0.029 0.082 0.001 0.014 0.013 0.032 0.255 0.574 
  34 F _   0.029 0.079 0.001 0.015 0.012 0.030 0.249 0.585 
  35 G _   0.028 0.077 0.001 0.017 0.012 0.028 0.243 0.594 
  36 K _   0.026 0.075 0.001 0.019 0.012 0.027 0.237 0.603 
  37 V _   0.024 0.073 0.001 0.021 0.011 0.025 0.232 0.613 
  38 C _   0.022 0.069 0.001 0.021 0.011 0.022 0.227 0.626 
  39 I _   0.020 0.064 0.001 0.020 0.009 0.020 0.223 0.643 
  40 V _   0.018 0.057 0.001 0.017 0.008 0.017 0.219 0.663 
  41 Q _   0.015 0.049 0.001 0.014 0.007 0.015 0.215 0.684 
  42 K _   0.013 0.041 0.001 0.012 0.005 0.013 0.211 0.704 
  43 R _   0.011 0.034 0.001 0.009 0.004 0.012 0.207 0.721 
  44 D _   0.010 0.029 0.000 0.008 0.004 0.011 0.203 0.735 
  45 T _   0.009 0.026 0.000 0.007 0.003 0.010 0.200 0.744 
  46 K _   0.008 0.024 0.000 0.008 0.003 0.010 0.196 0.750 
  47 K _   0.008 0.023 0.000 0.009 0.004 0.010 0.192 0.754 
  48 M _   0.008 0.023 0.000 0.010 0.004 0.010 0.187 0.756 
  49 Y _   0.008 0.024 0.001 0.012 0.004 0.010 0.183 0.758 
  50 A _   0.008 0.024 0.001 0.013 0.005 0.010 0.179 0.761 
  51 M _   0.008 0.023 0.001 0.014 0.005 0.010 0.174 0.766 
  52 K _   0.007 0.023 0.001 0.013 0.004 0.010 0.170 0.772 
  53 Y _   0.007 0.022 0.001 0.012 0.004 0.009 0.166 0.779 
  54 M _   0.007 0.020 0.000 0.011 0.004 0.009 0.163 0.787 
  55 N _   0.006 0.019 0.000 0.009 0.003 0.009 0.159 0.794 
  56 K _   0.006 0.018 0.000 0.008 0.003 0.009 0.155 0.800 
  57 Q _   0.006 0.017 0.000 0.007 0.003 0.009 0.151 0.805 
  58 K _   0.007 0.018 0.000 0.007 0.003 0.010 0.147 0.808 
  59 C _   0.007 0.018 0.000 0.007 0.003 0.011 0.143 0.810 
  60 I _   0.008 0.020 0.000 0.008 0.004 0.012 0.138 0.810 
  61 E _   0.009 0.023 0.001 0.009 0.005 0.014 0.133 0.807 
  62 R _   0.010 0.027 0.001 0.011 0.006 0.016 0.128 0.802 
  63 D _   0.011 0.032 0.001 0.014 0.007 0.018 0.123 0.794 
  64 E _   0.013 0.039 0.001 0.016 0.009 0.020 0.117 0.785 
  65 V _   0.014 0.045 0.001 0.019 0.011 0.023 0.112 0.775 
  66 R _   0.016 0.052 0.001 0.023 0.012 0.025 0.107 0.764 
  67 N _   0.017 0.058 0.001 0.026 0.014 0.027 0.102 0.754 
  68 V _   0.018 0.063 0.001 0.029 0.016 0.028 0.098 0.746 
  69 F _   0.020 0.066 0.001 0.031 0.016 0.029 0.094 0.742 
  70 R _   0.021 0.067 0.001 0.032 0.017 0.029 0.091 0.742 
  71 E _   0.021 0.067 0.001 0.031 0.016 0.029 0.088 0.747 
  72 L _   0.021 0.064 0.001 0.029 0.015 0.028 0.086 0.756 
  73 Q _   0.021 0.059 0.001 0.025 0.013 0.027 0.084 0.769 
  74 I _   0.021 0.053 0.001 0.020 0.012 0.026 0.083 0.784 
  75 M _   0.021 0.046 0.001 0.016 0.010 0.025 0.081 0.799 
  76 Q _   0.022 0.040 0.001 0.012 0.009 0.024 0.080 0.812 
  77 G _   0.022 0.036 0.001 0.010 0.008 0.024 0.078 0.820 
  78 L _   0.023 0.033 0.001 0.010 0.008 0.025 0.077 0.824 
  79 E _   0.024 0.032 0.001 0.010 0.009 0.025 0.075 0.823 
  80 H _   0.025 0.032 0.001 0.012 0.010 0.026 0.074 0.820 
  81 P _   0.026 0.032 0.001 0.015 0.011 0.027 0.073 0.814 
  82 F _   0.027 0.034 0.001 0.019 0.013 0.028 0.071 0.807 
  83 L _   0.028 0.034 0.001 0.023 0.014 0.028 0.070 0.801 
  84 V _   0.028 0.034 0.001 0.026 0.014 0.027 0.070 0.800 
  85 N _   0.027 0.032 0.001 0.026 0.014 0.026 0.069 0.805 
  86 L _   0.026 0.028 0.001 0.024 0.012 0.024 0.069 0.815 
  87 W _   0.025 0.023 0.001 0.019 0.010 0.022 0.068 0.831 
  88 Y _   0.024 0.015 0.001 0.014 0.008 0.020 0.068 0.849 
  89 S _   0.024 0.008 0.001 0.009 0.006 0.019 0.068 0.866 
  90 F _   0.025 0.004 0.001 0.005 0.004 0.018 0.067 0.877 
  91 Q _   0.028 0.001 0.000 0.003 0.004 0.018 0.066 0.880 
  92 D _   0.034 0.000 0.000 0.002 0.003 0.020 0.065 0.876 
  93 E _   0.044 0.000 0.000 0.002 0.004 0.023 0.063 0.862 
  94 E _   0.061 0.000 0.001 0.002 0.007 0.029 0.062 0.839 
  95 D _   0.083 0.001 0.001 0.004 0.011 0.036 0.060 0.804 
  96 M _   0.107 0.003 0.001 0.007 0.019 0.044 0.058 0.761 
  97 F _   0.129 0.009 0.002 0.012 0.028 0.052 0.056 0.712 
  98 M _   0.147 0.018 0.002 0.020 0.037 0.057 0.054 0.664 
  99 V _   0.159 0.027 0.002 0.028 0.044 0.060 0.053 0.626 
 100 V _   0.165 0.034 0.003 0.035 0.047 0.061 0.052 0.604 
 101 D _   0.164 0.038 0.003 0.039 0.047 0.059 0.052 0.599 
 102 L _   0.156 0.039 0.002 0.039 0.044 0.056 0.052 0.612 
 103 L _   0.145 0.037 0.002 0.036 0.038 0.051 0.053 0.639 
 104 L _   0.129 0.032 0.002 0.030 0.031 0.045 0.054 0.677 
 105 G _   0.111 0.025 0.002 0.023 0.024 0.039 0.055 0.722 
 106 G _   0.092 0.017 0.001 0.016 0.017 0.033 0.055 0.768 
 107 D _   0.074 0.010 0.001 0.011 0.011 0.027 0.056 0.809 
 108 L _   0.058 0.005 0.001 0.008 0.008 0.022 0.057 0.841 
 109 R _   0.046 0.003 0.001 0.006 0.005 0.018 0.057 0.864 
 110 Y _   0.036 0.002 0.000 0.005 0.004 0.016 0.057 0.881 
 111 H _   0.029 0.001 0.000 0.004 0.003 0.014 0.056 0.892 
 112 L _   0.025 0.001 0.000 0.004 0.003 0.013 0.056 0.898 
 113 Q _   0.024 0.000 0.000 0.004 0.003 0.012 0.055 0.901 
 114 Q _   0.025 0.000 0.000 0.004 0.003 0.013 0.054 0.900 
 115 N _   0.030 0.000 0.000 0.004 0.004 0.013 0.052 0.896 
 116 V _   0.037 0.000 0.000 0.004 0.004 0.014 0.051 0.889 
 117 H _   0.049 0.000 0.001 0.004 0.004 0.016 0.049 0.877 
 118 F _   0.068 0.000 0.001 0.004 0.005 0.018 0.046 0.859 
 119 T _   0.095 0.000 0.001 0.003 0.006 0.021 0.044 0.830 
 120 E _   0.135 0.000 0.001 0.003 0.008 0.025 0.041 0.787 
 121 G _   0.187 0.000 0.001 0.003 0.012 0.030 0.037 0.730 
 122 T _   0.250 0.000 0.001 0.003 0.016 0.035 0.034 0.661 
 123 V _   0.320 0.000 0.001 0.003 0.023 0.040 0.031 0.581 
 124 K _   0.387 0.000 0.002 0.003 0.030 0.045 0.029 0.503 
 125 L H   0.446 0.000 0.002 0.004 0.038 0.048 0.027 0.434 
 126 Y H   0.491 0.001 0.002 0.005 0.044 0.050 0.027 0.381 
 127 I H   0.520 0.001 0.002 0.007 0.048 0.050 0.026 0.345 
 128 C H   0.536 0.001 0.002 0.008 0.051 0.049 0.027 0.326 
 129 E H   0.539 0.002 0.002 0.009 0.050 0.047 0.027 0.324 
 130 L H   0.529 0.002 0.002 0.009 0.048 0.044 0.028 0.337 
 131 A H   0.506 0.002 0.002 0.008 0.043 0.041 0.030 0.367 
 132 L H   0.472 0.001 0.002 0.007 0.037 0.038 0.032 0.410 
 133 A _   0.428 0.001 0.002 0.006 0.030 0.035 0.035 0.464 
 134 L _   0.374 0.001 0.002 0.005 0.024 0.032 0.037 0.525 
 135 E _   0.318 0.000 0.001 0.005 0.018 0.029 0.041 0.587 
 136 Y _   0.265 0.000 0.001 0.005 0.015 0.026 0.044 0.643 
 137 L _   0.214 0.000 0.001 0.006 0.012 0.024 0.047 0.695 
 138 Q _   0.170 0.001 0.001 0.007 0.010 0.023 0.051 0.738 
 139 R _   0.131 0.001 0.001 0.009 0.009 0.021 0.054 0.774 
 140 Y _   0.099 0.001 0.001 0.011 0.008 0.019 0.057 0.803 
 141 H _   0.075 0.002 0.001 0.012 0.008 0.017 0.059 0.827 
 142 I _   0.055 0.002 0.001 0.012 0.007 0.015 0.062 0.846 
 143 I _   0.040 0.002 0.001 0.012 0.006 0.013 0.064 0.862 
 144 H _   0.029 0.002 0.001 0.011 0.005 0.011 0.066 0.876 
 145 R _   0.021 0.002 0.000 0.009 0.004 0.010 0.068 0.887 
 146 D _   0.015 0.001 0.000 0.007 0.003 0.008 0.069 0.896 
 147 I _   0.011 0.001 0.000 0.005 0.002 0.007 0.070 0.903 
 148 K _   0.008 0.001 0.000 0.005 0.002 0.006 0.071 0.907 
 149 P _   0.007 0.001 0.000 0.004 0.002 0.006 0.071 0.909 
 150 D _   0.006 0.001 0.000 0.004 0.002 0.006 0.071 0.910 
 151 N _   0.006 0.002 0.000 0.004 0.002 0.006 0.070 0.909 
 152 I _   0.006 0.003 0.000 0.005 0.002 0.007 0.069 0.906 
 153 L _   0.006 0.005 0.000 0.007 0.003 0.008 0.068 0.902 
 154 L _   0.007 0.008 0.000 0.008 0.003 0.010 0.067 0.897 
 155 D _   0.007 0.012 0.000 0.010 0.004 0.011 0.065 0.890 
 156 E _   0.007 0.016 0.001 0.012 0.005 0.013 0.064 0.883 
 157 H _   0.008 0.021 0.001 0.013 0.005 0.015 0.062 0.875 
 158 G _   0.009 0.027 0.001 0.014 0.006 0.017 0.060 0.866 
 159 H _   0.011 0.032 0.001 0.014 0.007 0.020 0.058 0.857 
 160 V _   0.013 0.039 0.001 0.015 0.009 0.022 0.056 0.845 
 161 H _   0.016 0.046 0.001 0.016 0.010 0.025 0.055 0.832 
 162 I _   0.019 0.054 0.001 0.017 0.012 0.029 0.053 0.814 
 163 T _   0.023 0.064 0.001 0.019 0.015 0.032 0.051 0.795 
 164 D _   0.027 0.075 0.001 0.021 0.018 0.035 0.049 0.772 
 165 F _   0.030 0.088 0.002 0.025 0.021 0.038 0.048 0.749 
 166 N _   0.033 0.100 0.002 0.028 0.024 0.040 0.046 0.727 
 167 I _   0.035 0.111 0.002 0.032 0.026 0.041 0.045 0.708 
 168 A _   0.037 0.119 0.002 0.036 0.027 0.041 0.045 0.694 
 169 T _   0.037 0.125 0.002 0.038 0.026 0.040 0.044 0.688 
 170 V _   0.036 0.127 0.002 0.038 0.025 0.038 0.044 0.690 
 171 V _   0.035 0.127 0.002 0.037 0.023 0.035 0.044 0.697 
 172 K _   0.033 0.124 0.001 0.034 0.020 0.033 0.045 0.710 
 173 G _   0.030 0.117 0.001 0.030 0.017 0.030 0.045 0.729 
 174 A _   0.027 0.108 0.001 0.026 0.015 0.027 0.046 0.751 
 175 E _   0.024 0.097 0.001 0.022 0.012 0.024 0.047 0.773 
 176 R _   0.021 0.086 0.001 0.018 0.010 0.021 0.048 0.795 
 177 A _   0.018 0.076 0.001 0.015 0.008 0.019 0.049 0.815 
 178 S _   0.016 0.067 0.001 0.012 0.006 0.017 0.050 0.832 
 179 S _   0.014 0.060 0.001 0.010 0.005 0.015 0.050 0.844 
 180 M _   0.013 0.055 0.001 0.009 0.005 0.014 0.051 0.853 
 181 A _   0.012 0.052 0.001 0.008 0.004 0.014 0.051 0.858 
 182 G _   0.011 0.051 0.000 0.008 0.004 0.014 0.051 0.861 
 183 T _   0.012 0.050 0.000 0.008 0.004 0.014 0.051 0.861 
 184 K _   0.012 0.052 0.001 0.008 0.005 0.015 0.051 0.857 
 185 P _   0.013 0.055 0.001 0.010 0.006 0.016 0.050 0.850 
 186 Y _   0.014 0.060 0.001 0.013 0.007 0.018 0.050 0.838 
 187 M _   0.015 0.068 0.001 0.017 0.009 0.020 0.050 0.821 
 188 A _   0.016 0.077 0.001 0.023 0.011 0.022 0.049 0.801 
 189 P _   0.016 0.088 0.001 0.030 0.013 0.023 0.049 0.780 
 190 E _   0.017 0.096 0.001 0.037 0.015 0.023 0.049 0.762 
 191 V _   0.017 0.102 0.001 0.043 0.016 0.023 0.049 0.750 
 192 F _   0.016 0.104 0.001 0.046 0.016 0.023 0.049 0.744 
 193 Q _   0.015 0.103 0.001 0.046 0.015 0.022 0.050 0.747 
 194 V _   0.014 0.097 0.001 0.044 0.014 0.020 0.052 0.758 
 195 Y _   0.013 0.087 0.001 0.038 0.012 0.018 0.054 0.777 
 196 M _   0.012 0.072 0.001 0.030 0.010 0.016 0.056 0.803 
 197 D _   0.011 0.053 0.001 0.022 0.008 0.014 0.058 0.833 
 198 R _   0.010 0.034 0.001 0.015 0.006 0.012 0.061 0.862 
 199 G _   0.009 0.018 0.001 0.009 0.004 0.011 0.062 0.886 
 200 P _   0.008 0.009 0.000 0.006 0.003 0.010 0.064 0.900 
 201 G _   0.008 0.004 0.000 0.004 0.002 0.010 0.064 0.908 
 202 Y _   0.009 0.002 0.000 0.003 0.002 0.012 0.064 0.908 
 203 S _   0.013 0.001 0.000 0.002 0.002 0.014 0.064 0.903 
 204 Y _   0.019 0.001 0.000 0.003 0.003 0.019 0.064 0.891 
 205 P _   0.029 0.002 0.001 0.004 0.006 0.027 0.063 0.869 
 206 V _   0.044 0.004 0.001 0.006 0.011 0.037 0.062 0.835 
 207 D _   0.062 0.011 0.001 0.010 0.020 0.049 0.060 0.787 
 208 W _   0.082 0.023 0.002 0.015 0.032 0.062 0.058 0.726 
 209 W _   0.099 0.043 0.003 0.023 0.045 0.072 0.056 0.659 
 210 S _   0.112 0.065 0.003 0.032 0.058 0.079 0.054 0.599 
 211 L _   0.121 0.084 0.003 0.040 0.066 0.082 0.053 0.551 
 212 G _   0.125 0.098 0.003 0.048 0.071 0.083 0.053 0.520 
 213 I _   0.127 0.107 0.003 0.052 0.072 0.081 0.053 0.505 
 214 T _   0.126 0.110 0.003 0.054 0.070 0.077 0.054 0.506 
 215 A _   0.121 0.109 0.003 0.052 0.064 0.072 0.056 0.522 
 216 Y _   0.114 0.103 0.003 0.047 0.056 0.066 0.058 0.553 
 217 E _   0.105 0.091 0.003 0.040 0.047 0.058 0.061 0.596 
 218 L _   0.092 0.074 0.002 0.032 0.036 0.051 0.064 0.647 
 219 L _   0.078 0.055 0.002 0.024 0.027 0.044 0.067 0.703 
 220 R _   0.064 0.036 0.002 0.017 0.019 0.037 0.070 0.755 
 221 G _   0.051 0.021 0.001 0.012 0.013 0.031 0.073 0.798 
 222 W _   0.040 0.012 0.001 0.009 0.009 0.026 0.075 0.828 
 223 R _   0.032 0.007 0.001 0.007 0.006 0.022 0.077 0.849 
 224 P _   0.026 0.004 0.001 0.005 0.005 0.019 0.078 0.862 
 225 Y _   0.022 0.003 0.000 0.005 0.004 0.018 0.079 0.869 
 226 E _   0.019 0.002 0.000 0.005 0.004 0.017 0.080 0.873 
 227 I _   0.018 0.002 0.000 0.005 0.004 0.017 0.081 0.874 
 228 H _   0.018 0.002 0.000 0.005 0.004 0.018 0.081 0.872 
 229 S _   0.019 0.002 0.001 0.006 0.005 0.019 0.081 0.867 
 230 V _   0.020 0.003 0.001 0.007 0.006 0.021 0.082 0.861 
 231 T _   0.022 0.004 0.001 0.008 0.008 0.024 0.082 0.852 
 232 P _   0.025 0.006 0.001 0.010 0.010 0.027 0.082 0.841 
 233 I _   0.028 0.009 0.001 0.013 0.012 0.030 0.082 0.826 
 234 D _   0.031 0.013 0.001 0.016 0.015 0.033 0.082 0.808 
 235 E _   0.035 0.017 0.001 0.021 0.019 0.035 0.082 0.790 
 236 I _   0.037 0.021 0.001 0.026 0.021 0.037 0.083 0.774 
 237 L _   0.038 0.024 0.002 0.030 0.023 0.038 0.084 0.761 
 238 N _   0.039 0.026 0.002 0.033 0.024 0.038 0.085 0.754 
 239 M _   0.038 0.026 0.002 0.034 0.023 0.037 0.087 0.755 
 240 F _   0.036 0.024 0.002 0.031 0.020 0.034 0.089 0.763 
 241 K _   0.034 0.021 0.001 0.027 0.017 0.031 0.092 0.777 
 242 V _   0.031 0.016 0.001 0.020 0.013 0.028 0.094 0.796 
 243 E _   0.029 0.010 0.001 0.013 0.009 0.025 0.097 0.815 
 244 R _   0.027 0.005 0.001 0.008 0.007 0.023 0.099 0.831 
 245 V _   0.026 0.002 0.001 0.005 0.005 0.022 0.100 0.840 
 246 H _   0.028 0.001 0.000 0.003 0.004 0.022 0.101 0.841 
 247 Y _   0.032 0.001 0.000 0.002 0.004 0.024 0.102 0.836 
 248 S _   0.039 0.001 0.000 0.002 0.005 0.027 0.102 0.823 
 249 S _   0.050 0.002 0.001 0.003 0.009 0.033 0.103 0.800 
 250 T _   0.065 0.005 0.001 0.006 0.014 0.039 0.104 0.766 
 251 W _   0.079 0.013 0.002 0.011 0.023 0.046 0.104 0.722 
 252 C _   0.091 0.030 0.002 0.020 0.032 0.052 0.105 0.669 
 253 K _   0.099 0.051 0.002 0.031 0.039 0.055 0.107 0.616 
 254 G _   0.102 0.069 0.003 0.041 0.044 0.056 0.109 0.577 
 255 M _   0.102 0.081 0.003 0.050 0.045 0.054 0.112 0.555 
 256 V _   0.098 0.087 0.002 0.054 0.043 0.051 0.116 0.549 
 257 A _   0.091 0.087 0.002 0.053 0.039 0.047 0.122 0.558 
 258 L _   0.082 0.083 0.002 0.048 0.034 0.041 0.128 0.581 
 259 L _   0.070 0.073 0.002 0.040 0.026 0.036 0.136 0.616 
 260 R _   0.057 0.059 0.002 0.031 0.019 0.029 0.144 0.658 
 261 K _   0.045 0.042 0.001 0.021 0.013 0.024 0.152 0.701 
 262 L _   0.035 0.027 0.001 0.014 0.008 0.019 0.159 0.737 
 263 L _   0.025 0.017 0.001 0.009 0.005 0.015 0.165 0.764 
 264 T _   0.018 0.011 0.000 0.006 0.003 0.012 0.169 0.780 
 265 K _   0.013 0.008 0.000 0.005 0.002 0.009 0.172 0.790 
 266 D _   0.010 0.006 0.000 0.004 0.002 0.008 0.175 0.795 
 267 P _   0.008 0.006 0.000 0.004 0.002 0.008 0.176 0.796 
 268 E _   0.007 0.006 0.000 0.004 0.002 0.007 0.177 0.796 
 269 S _   0.007 0.007 0.000 0.005 0.002 0.008 0.177 0.793 
 270 R _   0.007 0.010 0.000 0.006 0.003 0.008 0.177 0.789 
 271 V _   0.007 0.013 0.000 0.008 0.003 0.009 0.177 0.782 
 272 S _   0.007 0.019 0.000 0.010 0.004 0.011 0.177 0.773 
 273 S _   0.007 0.026 0.001 0.013 0.005 0.012 0.176 0.761 
 274 L _   0.007 0.034 0.001 0.016 0.006 0.013 0.175 0.748 
 275 H _   0.008 0.044 0.001 0.019 0.007 0.014 0.174 0.734 
 276 D _   0.008 0.053 0.001 0.022 0.008 0.015 0.173 0.720 
 277 I _   0.008 0.060 0.001 0.025 0.009 0.016 0.173 0.707 
 278 Q _   0.009 0.067 0.001 0.027 0.010 0.017 0.174 0.697 
 279 S _   0.009 0.071 0.001 0.028 0.010 0.017 0.175 0.690 
 280 V _   0.009 0.074 0.001 0.028 0.010 0.017 0.176 0.686 
 281 P _   0.009 0.075 0.001 0.026 0.010 0.017 0.178 0.684 
 282 Y _   0.010 0.075 0.001 0.024 0.009 0.016 0.181 0.685 
 283 L _   0.010 0.074 0.001 0.021 0.008 0.016 0.184 0.687 
 284 A _   0.010 0.072 0.001 0.018 0.007 0.016 0.187 0.689 
 285 D _   0.010 0.069 0.001 0.015 0.007 0.015 0.191 0.692 
 286 M _   0.010 0.067 0.001 0.013 0.006 0.015 0.194 0.693 
 287 N _   0.011 0.066 0.001 0.012 0.006 0.016 0.198 0.692 
 288 W _   0.011 0.065 0.001 0.011 0.006 0.016 0.201 0.688 
 289 D _   0.012 0.066 0.001 0.012 0.006 0.017 0.205 0.682 
 290 A _   0.013 0.068 0.001 0.014 0.007 0.017 0.208 0.672 
 291 V _   0.013 0.070 0.001 0.016 0.008 0.018 0.212 0.661 
 292 F _   0.014 0.073 0.001 0.019 0.009 0.019 0.216 0.649 
 293 K _   0.015 0.076 0.001 0.023 0.010 0.019 0.220 0.635 
 294 K _   0.015 0.079 0.001 0.026 0.011 0.019 0.225 0.623 
 295 A _   0.015 0.080 0.001 0.029 0.011 0.019 0.231 0.614 
 296 L _   0.015 0.079 0.001 0.030 0.011 0.018 0.238 0.608 
 297 M _   0.014 0.076 0.001 0.030 0.011 0.017 0.246 0.605 
 298 P _   0.013 0.071 0.001 0.028 0.010 0.016 0.255 0.606 
 299 G _   0.012 0.064 0.001 0.026 0.008 0.014 0.266 0.610 
 300 F _   0.012 0.054 0.001 0.022 0.007 0.012 0.277 0.616 
 301 V _   0.010 0.043 0.001 0.017 0.006 0.011 0.288 0.624 
 302 P _   0.009 0.032 0.001 0.013 0.004 0.009 0.299 0.633 
 303 N _   0.008 0.023 0.000 0.009 0.003 0.008 0.308 0.641 
 304 K _   0.007 0.016 0.000 0.006 0.002 0.006 0.316 0.646 
 305 G _   0.006 0.012 0.000 0.004 0.002 0.005 0.323 0.648 
 306 R _   0.005 0.010 0.000 0.003 0.001 0.005 0.328 0.648 
 307 L _   0.004 0.009 0.000 0.003 0.001 0.005 0.331 0.646 
 308 N _   0.005 0.010 0.000 0.003 0.001 0.006 0.334 0.641 
 309 C _   0.005 0.012 0.000 0.004 0.002 0.007 0.336 0.633 
 310 D _   0.006 0.018 0.000 0.008 0.003 0.010 0.337 0.618 
 311 P _   0.007 0.030 0.001 0.014 0.005 0.012 0.337 0.594 
 312 T _   0.008 0.050 0.001 0.022 0.007 0.015 0.337 0.561 
 313 F _   0.009 0.071 0.001 0.033 0.010 0.017 0.337 0.524 
 314 E _   0.009 0.089 0.001 0.043 0.011 0.018 0.338 0.491 
 315 L _   0.009 0.101 0.001 0.051 0.012 0.018 0.340 0.469 
 316 E _   0.009 0.107 0.001 0.055 0.012 0.018 0.344 0.455 
 317 E _   0.008 0.108 0.001 0.055 0.012 0.017 0.350 0.450 
 318 M _   0.008 0.105 0.001 0.050 0.010 0.015 0.358 0.452 
 319 I _   0.008 0.098 0.001 0.043 0.009 0.014 0.367 0.460 
 320 L _   0.008 0.085 0.001 0.034 0.007 0.012 0.379 0.473 
 321 E _   0.007 0.068 0.001 0.025 0.006 0.011 0.392 0.490 
 322 S _   0.007 0.050 0.001 0.017 0.004 0.009 0.405 0.506 
 323 K _   0.006 0.035 0.000 0.012 0.003 0.008 0.417 0.519 
 324 P _   0.006 0.024 0.000 0.008 0.002 0.007 0.427 0.527 
 325 L _   0.005 0.017 0.000 0.006 0.002 0.006 0.434 0.530 
 326 H _   0.005 0.014 0.000 0.005 0.001 0.005 0.439 0.530 
 327 K _   0.004 0.012 0.000 0.005 0.001 0.005 0.444 0.529 
 328 K _   0.004 0.011 0.000 0.005 0.001 0.005 0.447 0.527 
 329 K _   0.004 0.010 0.000 0.006 0.001 0.005 0.449 0.525 
 330 K _   0.004 0.010 0.000 0.007 0.002 0.005 0.450 0.522 
 331 R _   0.004 0.010 0.000 0.008 0.002 0.005 0.451 0.520 
 332 L _   0.004 0.010 0.000 0.009 0.002 0.006 0.451 0.518 
 333 A _   0.004 0.010 0.000 0.009 0.002 0.005 0.452 0.517 
 334 K _   0.004 0.010 0.000 0.009 0.002 0.005 0.452 0.517 
 335 N _   0.003 0.010 0.000 0.009 0.002 0.005 0.452 0.519 
 336 R _   0.003 0.010 0.000 0.008 0.002 0.005 0.451 0.521 
 337 S _   0.003 0.010 0.000 0.007 0.001 0.004 0.451 0.524 
 338 R _   0.003 0.009 0.000 0.006 0.001 0.004 0.449 0.527 
 339 D _   0.003 0.009 0.000 0.005 0.001 0.004 0.447 0.530 
 340 G _   0.003 0.010 0.000 0.004 0.001 0.004 0.445 0.534 
 341 T _   0.003 0.011 0.000 0.004 0.001 0.004 0.441 0.537 
 342 K _   0.003 0.012 0.000 0.004 0.001 0.005 0.436 0.539 
 343 D _   0.003 0.016 0.000 0.005 0.002 0.006 0.429 0.540 
 344 S _   0.003 0.022 0.000 0.007 0.002 0.007 0.421 0.538 
 345 C _   0.004 0.033 0.000 0.009 0.003 0.009 0.411 0.531 
 346 P _   0.004 0.052 0.001 0.013 0.004 0.012 0.398 0.517 
 347 L _   0.005 0.080 0.001 0.018 0.006 0.015 0.382 0.494 
 348 N _   0.006 0.118 0.001 0.022 0.008 0.017 0.364 0.463 
 349 G _   0.007 0.161 0.001 0.027 0.010 0.020 0.346 0.428 
 350 H _   0.007 0.203 0.001 0.030 0.012 0.022 0.330 0.394 
 351 L _   0.008 0.240 0.001 0.032 0.014 0.024 0.316 0.364 
 352 Q _   0.009 0.269 0.001 0.033 0.015 0.025 0.305 0.342 
 353 H _   0.010 0.291 0.001 0.034 0.016 0.026 0.296 0.325 
 354 C _   0.011 0.306 0.001 0.033 0.017 0.027 0.290 0.314 
 355 L E   0.012 0.317 0.001 0.033 0.018 0.027 0.284 0.306 
 356 E E   0.014 0.324 0.001 0.032 0.019 0.027 0.280 0.302 
 357 T E   0.015 0.328 0.001 0.031 0.018 0.027 0.278 0.301 
 358 V E   0.017 0.328 0.001 0.030 0.018 0.026 0.277 0.303 
 359 R E   0.018 0.326 0.001 0.030 0.017 0.025 0.276 0.307 
 360 E E   0.018 0.320 0.001 0.028 0.016 0.024 0.277 0.316 
 361 E _   0.019 0.309 0.001 0.026 0.015 0.022 0.278 0.329 
 362 F _   0.018 0.295 0.001 0.025 0.013 0.020 0.281 0.347 
 363 I _   0.018 0.276 0.001 0.022 0.012 0.019 0.284 0.368 
 364 I _   0.017 0.253 0.001 0.020 0.010 0.017 0.288 0.393 
 365 F _   0.016 0.228 0.001 0.018 0.009 0.016 0.292 0.421 
 366 N _   0.014 0.204 0.001 0.015 0.007 0.014 0.297 0.447 
 367 R _   0.013 0.182 0.001 0.013 0.006 0.013 0.302 0.471 
 368 E _   0.011 0.163 0.001 0.011 0.005 0.012 0.306 0.491 
 369 K _   0.010 0.148 0.001 0.010 0.004 0.011 0.309 0.507 
 370 L _   0.009 0.137 0.000 0.009 0.004 0.010 0.313 0.519 
 371 R _   0.008 0.128 0.000 0.009 0.003 0.009 0.315 0.527 
 372 R _   0.007 0.123 0.000 0.009 0.003 0.009 0.317 0.532 
 373 Q _   0.006 0.118 0.000 0.010 0.003 0.008 0.320 0.535 
 374 Q _   0.006 0.115 0.000 0.010 0.003 0.008 0.322 0.536 
 375 G _   0.006 0.112 0.000 0.011 0.003 0.008 0.324 0.537 
 376 Q _   0.005 0.108 0.000 0.012 0.003 0.007 0.326 0.538 
 377 G _   0.005 0.105 0.000 0.012 0.003 0.007 0.329 0.539 
 378 S _   0.005 0.101 0.000 0.011 0.003 0.007 0.331 0.542 
 379 Q _   0.005 0.096 0.000 0.010 0.003 0.006 0.334 0.546 
 380 L _   0.004 0.091 0.000 0.009 0.002 0.006 0.337 0.550 
 381 L _   0.004 0.087 0.000 0.008 0.002 0.005 0.339 0.555 
 382 D _   0.004 0.083 0.000 0.007 0.002 0.005 0.341 0.558 
 383 T _   0.004 0.081 0.000 0.006 0.002 0.005 0.342 0.560 
 384 D _   0.003 0.080 0.000 0.006 0.002 0.005 0.343 0.561 
 385 S _   0.003 0.081 0.000 0.006 0.002 0.005 0.343 0.559 
 386 R _   0.003 0.084 0.000 0.007 0.002 0.005 0.343 0.556 
 387 G _   0.003 0.088 0.000 0.008 0.002 0.006 0.342 0.550 
 388 G _   0.004 0.095 0.000 0.010 0.002 0.006 0.340 0.542 
 389 G _   0.004 0.103 0.000 0.012 0.003 0.007 0.338 0.533 
 390 Q _   0.003 0.111 0.000 0.014 0.003 0.007 0.336 0.525 
 391 A _   0.003 0.119 0.000 0.015 0.003 0.007 0.334 0.517 
 392 Q _   0.003 0.126 0.000 0.015 0.003 0.007 0.333 0.513 
 393 S _   0.003 0.132 0.000 0.014 0.003 0.007 0.332 0.510 
 394 K _   0.003 0.137 0.000 0.013 0.003 0.007 0.330 0.508 
 395 L _   0.003 0.142 0.000 0.011 0.002 0.007 0.329 0.506 
 396 Q _   0.003 0.147 0.000 0.010 0.002 0.007 0.328 0.503 
 397 D _   0.003 0.154 0.000 0.010 0.002 0.008 0.326 0.497 
 398 G _   0.003 0.163 0.000 0.010 0.003 0.009 0.324 0.487 
 399 C _   0.004 0.179 0.000 0.012 0.004 0.010 0.321 0.469 
 400 N _   0.005 0.206 0.001 0.015 0.005 0.012 0.316 0.439 
 401 N _   0.006 0.249 0.001 0.020 0.008 0.014 0.310 0.391 
 402 N _   0.007 0.311 0.001 0.027 0.011 0.016 0.303 0.324 
 403 L E   0.007 0.382 0.001 0.033 0.012 0.016 0.296 0.253 
 404 L E   0.006 0.442 0.001 0.037 0.012 0.015 0.292 0.195 
 405 T E   0.005 0.481 0.001 0.040 0.011 0.013 0.290 0.159 
 406 H E   0.004 0.502 0.001 0.042 0.010 0.012 0.290 0.140 
 407 T E   0.003 0.512 0.001 0.041 0.008 0.010 0.291 0.133 
 408 C E   0.003 0.514 0.001 0.039 0.007 0.008 0.295 0.133 
 409 T E   0.002 0.510 0.001 0.035 0.006 0.007 0.300 0.140 
 410 R E   0.002 0.494 0.001 0.030 0.004 0.004 0.308 0.158 
 411 G E   0.001 0.457 0.000 0.022 0.002 0.002 0.319 0.196 
 412 C E   0.001 0.400 0.000 0.015 0.001 0.001 0.327 0.255 
 413 S E   0.001 0.350 0.000 0.015 0.001 0.001 0.329 0.303 
 414 S X   0.003 0.321 0.002 0.024 0.005 0.004 0.323 0.317 
