#TopoPred_TM8: 8-state transmembrane topology prediction results by no_profile mode 
#probabilities are in the order of H E C I L F X _, the 8 transmembrane topology types used in PDBTM 
   1 M X   0.010 0.001 0.002 0.045 0.007 0.007 0.820 0.108 
   2 D X   0.004 0.000 0.000 0.025 0.001 0.003 0.843 0.124 
   3 H X   0.001 0.000 0.000 0.012 0.000 0.002 0.848 0.136 
   4 P X   0.001 0.000 0.000 0.007 0.000 0.002 0.847 0.143 
   5 S X   0.001 0.001 0.000 0.006 0.000 0.002 0.842 0.148 
   6 R X   0.001 0.001 0.000 0.005 0.001 0.003 0.834 0.155 
   7 E X   0.002 0.002 0.000 0.005 0.001 0.004 0.824 0.163 
   8 K X   0.002 0.003 0.000 0.006 0.001 0.005 0.808 0.174 
   9 D X   0.002 0.006 0.000 0.008 0.002 0.006 0.788 0.187 
  10 E X   0.003 0.011 0.000 0.012 0.003 0.008 0.761 0.202 
  11 R X   0.003 0.019 0.001 0.017 0.004 0.009 0.729 0.219 
  12 Q X   0.003 0.030 0.001 0.022 0.005 0.011 0.693 0.236 
  13 R X   0.003 0.042 0.001 0.028 0.006 0.012 0.656 0.251 
  14 T X   0.003 0.054 0.001 0.033 0.007 0.013 0.621 0.266 
  15 T X   0.004 0.066 0.001 0.038 0.007 0.014 0.589 0.281 
  16 K X   0.004 0.075 0.001 0.041 0.008 0.014 0.561 0.295 
  17 P X   0.004 0.083 0.001 0.043 0.008 0.014 0.536 0.311 
  18 M X   0.004 0.087 0.001 0.043 0.008 0.014 0.515 0.328 
  19 A X   0.004 0.090 0.001 0.041 0.008 0.013 0.497 0.346 
  20 Q X   0.004 0.090 0.001 0.038 0.007 0.012 0.482 0.365 
  21 R X   0.004 0.089 0.001 0.034 0.006 0.011 0.469 0.386 
  22 S X   0.004 0.086 0.001 0.029 0.005 0.010 0.458 0.407 
  23 A X   0.004 0.081 0.001 0.024 0.005 0.010 0.448 0.429 
  24 H _   0.004 0.075 0.001 0.018 0.004 0.009 0.438 0.451 
  25 C _   0.004 0.069 0.000 0.014 0.003 0.008 0.429 0.473 
  26 S _   0.004 0.064 0.000 0.010 0.003 0.008 0.419 0.493 
  27 R _   0.003 0.061 0.000 0.007 0.002 0.008 0.408 0.510 
  28 P _   0.004 0.060 0.000 0.006 0.002 0.008 0.395 0.525 
  29 S _   0.004 0.060 0.000 0.006 0.002 0.010 0.381 0.536 
  30 G _   0.006 0.064 0.000 0.007 0.004 0.013 0.364 0.542 
  31 S _   0.008 0.074 0.001 0.010 0.006 0.018 0.343 0.540 
  32 S _   0.011 0.097 0.001 0.017 0.012 0.024 0.315 0.522 
  33 S _   0.015 0.144 0.002 0.027 0.019 0.031 0.280 0.482 
  34 S _   0.017 0.216 0.003 0.039 0.027 0.036 0.240 0.421 
  35 S _   0.018 0.298 0.003 0.052 0.032 0.038 0.203 0.354 
  36 G E   0.018 0.367 0.003 0.062 0.034 0.039 0.175 0.302 
  37 V E   0.018 0.412 0.002 0.068 0.033 0.038 0.155 0.273 
  38 L E   0.018 0.435 0.002 0.072 0.032 0.036 0.142 0.262 
  39 M E   0.019 0.445 0.002 0.071 0.031 0.035 0.133 0.265 
  40 V E   0.019 0.444 0.002 0.067 0.029 0.033 0.126 0.279 
  41 G E   0.019 0.434 0.002 0.060 0.027 0.031 0.121 0.306 
  42 P E   0.020 0.411 0.002 0.051 0.024 0.028 0.117 0.347 
  43 N _   0.019 0.373 0.002 0.041 0.021 0.026 0.114 0.404 
  44 F _   0.019 0.323 0.002 0.032 0.017 0.024 0.112 0.471 
  45 R _   0.018 0.273 0.002 0.023 0.013 0.022 0.111 0.538 
  46 V _   0.016 0.232 0.001 0.017 0.010 0.020 0.110 0.594 
  47 G _   0.014 0.203 0.001 0.013 0.007 0.018 0.108 0.635 
  48 K _   0.012 0.186 0.001 0.011 0.006 0.016 0.106 0.662 
  49 K _   0.011 0.177 0.001 0.009 0.005 0.015 0.104 0.678 
  50 I _   0.010 0.173 0.001 0.010 0.005 0.014 0.101 0.687 
  51 G _   0.009 0.172 0.001 0.011 0.005 0.014 0.099 0.691 
  52 C _   0.009 0.173 0.001 0.013 0.005 0.014 0.095 0.690 
  53 G _   0.008 0.175 0.001 0.016 0.006 0.014 0.092 0.688 
  54 N _   0.008 0.177 0.001 0.020 0.007 0.014 0.089 0.685 
  55 F _   0.008 0.178 0.001 0.022 0.007 0.013 0.086 0.685 
  56 G _   0.008 0.176 0.001 0.023 0.007 0.013 0.084 0.688 
  57 E _   0.008 0.173 0.001 0.023 0.007 0.012 0.082 0.695 
  58 L _   0.007 0.166 0.001 0.021 0.006 0.012 0.080 0.707 
  59 R _   0.007 0.157 0.001 0.018 0.006 0.011 0.079 0.722 
  60 L _   0.007 0.146 0.001 0.015 0.005 0.010 0.078 0.740 
  61 G _   0.006 0.136 0.001 0.011 0.004 0.010 0.076 0.756 
  62 K _   0.006 0.128 0.000 0.009 0.003 0.009 0.075 0.769 
  63 N _   0.006 0.123 0.000 0.008 0.003 0.010 0.073 0.777 
  64 L _   0.007 0.121 0.000 0.008 0.003 0.010 0.072 0.779 
  65 Y _   0.007 0.122 0.000 0.009 0.004 0.011 0.070 0.777 
  66 T _   0.008 0.126 0.001 0.011 0.005 0.013 0.067 0.769 
  67 N _   0.009 0.133 0.001 0.015 0.006 0.014 0.065 0.757 
  68 E _   0.010 0.142 0.001 0.021 0.008 0.015 0.063 0.741 
  69 Y _   0.010 0.151 0.001 0.026 0.009 0.016 0.060 0.727 
  70 V _   0.011 0.158 0.001 0.030 0.010 0.016 0.058 0.716 
  71 A _   0.011 0.162 0.001 0.032 0.010 0.016 0.057 0.712 
  72 I _   0.011 0.161 0.001 0.032 0.009 0.016 0.055 0.715 
  73 K _   0.010 0.158 0.001 0.029 0.009 0.015 0.055 0.724 
  74 L _   0.010 0.150 0.001 0.025 0.008 0.014 0.054 0.739 
  75 E _   0.009 0.139 0.001 0.020 0.006 0.013 0.053 0.758 
  76 P _   0.009 0.127 0.001 0.015 0.005 0.012 0.053 0.778 
  77 I _   0.008 0.115 0.001 0.012 0.004 0.011 0.053 0.796 
  78 K _   0.008 0.106 0.000 0.009 0.004 0.011 0.052 0.809 
  79 S _   0.008 0.101 0.000 0.008 0.003 0.011 0.052 0.817 
  80 R _   0.008 0.099 0.000 0.008 0.003 0.011 0.051 0.819 
  81 A _   0.008 0.099 0.000 0.009 0.004 0.012 0.050 0.817 
  82 P _   0.009 0.102 0.001 0.011 0.005 0.013 0.049 0.811 
  83 Q _   0.009 0.107 0.001 0.015 0.006 0.014 0.047 0.802 
  84 L _   0.010 0.112 0.001 0.019 0.007 0.014 0.046 0.791 
  85 H _   0.010 0.117 0.001 0.024 0.008 0.015 0.045 0.780 
  86 L _   0.010 0.121 0.001 0.027 0.009 0.015 0.043 0.773 
  87 E _   0.010 0.121 0.001 0.030 0.009 0.015 0.043 0.771 
  88 Y _   0.010 0.119 0.001 0.030 0.009 0.015 0.042 0.774 
  89 R _   0.010 0.113 0.001 0.029 0.009 0.014 0.042 0.783 
  90 F _   0.009 0.104 0.001 0.026 0.008 0.013 0.042 0.797 
  91 Y _   0.009 0.091 0.001 0.021 0.007 0.012 0.042 0.817 
  92 K _   0.009 0.076 0.001 0.017 0.006 0.011 0.042 0.838 
  93 Q _   0.008 0.062 0.001 0.013 0.005 0.010 0.043 0.859 
  94 L _   0.008 0.050 0.001 0.010 0.004 0.010 0.043 0.875 
  95 G _   0.007 0.042 0.000 0.008 0.003 0.010 0.043 0.887 
  96 S _   0.007 0.037 0.000 0.007 0.003 0.010 0.042 0.893 
  97 A _   0.008 0.034 0.000 0.007 0.003 0.010 0.042 0.896 
  98 G _   0.008 0.032 0.000 0.009 0.004 0.011 0.041 0.895 
  99 E _   0.008 0.033 0.001 0.011 0.005 0.012 0.040 0.890 
 100 G _   0.009 0.033 0.001 0.014 0.006 0.014 0.040 0.884 
 101 L _   0.010 0.034 0.001 0.017 0.007 0.015 0.039 0.878 
 102 P _   0.010 0.035 0.001 0.020 0.008 0.016 0.038 0.872 
 103 Q _   0.011 0.035 0.001 0.022 0.008 0.017 0.037 0.869 
 104 V _   0.011 0.033 0.001 0.021 0.008 0.018 0.037 0.870 
 105 Y _   0.012 0.031 0.001 0.020 0.008 0.018 0.036 0.875 
 106 Y _   0.012 0.027 0.001 0.016 0.007 0.018 0.036 0.883 
 107 F _   0.013 0.023 0.001 0.012 0.006 0.019 0.036 0.890 
 108 G _   0.014 0.019 0.001 0.009 0.006 0.020 0.035 0.896 
 109 P _   0.017 0.017 0.001 0.007 0.005 0.022 0.035 0.897 
 110 C _   0.021 0.016 0.001 0.006 0.006 0.025 0.034 0.892 
 111 G _   0.026 0.017 0.001 0.006 0.008 0.030 0.033 0.879 
 112 K _   0.034 0.021 0.001 0.008 0.012 0.036 0.032 0.857 
 113 Y _   0.043 0.031 0.001 0.013 0.018 0.042 0.031 0.822 
 114 N _   0.051 0.050 0.002 0.021 0.025 0.048 0.029 0.774 
 115 A _   0.056 0.075 0.002 0.033 0.032 0.051 0.028 0.722 
 116 M _   0.060 0.098 0.002 0.044 0.036 0.053 0.027 0.679 
 117 V _   0.061 0.114 0.002 0.054 0.038 0.052 0.026 0.653 
 118 L _   0.060 0.122 0.002 0.059 0.038 0.050 0.025 0.644 
 119 E _   0.057 0.123 0.002 0.059 0.035 0.047 0.025 0.652 
 120 L _   0.052 0.119 0.002 0.054 0.031 0.042 0.025 0.675 
 121 L _   0.047 0.107 0.002 0.046 0.026 0.037 0.025 0.710 
 122 G _   0.042 0.089 0.002 0.035 0.021 0.032 0.026 0.754 
 123 P _   0.038 0.065 0.001 0.025 0.015 0.027 0.026 0.802 
 124 S _   0.034 0.042 0.001 0.017 0.011 0.023 0.027 0.846 
 125 L _   0.030 0.024 0.001 0.011 0.008 0.019 0.027 0.880 
 126 E _   0.028 0.012 0.001 0.008 0.005 0.016 0.027 0.902 
 127 D _   0.028 0.006 0.000 0.006 0.004 0.014 0.027 0.915 
 128 L _   0.030 0.003 0.000 0.004 0.003 0.012 0.026 0.920 
 129 F _   0.035 0.001 0.000 0.003 0.003 0.011 0.025 0.920 
 130 D _   0.044 0.001 0.000 0.003 0.003 0.011 0.024 0.914 
 131 L _   0.060 0.000 0.000 0.003 0.003 0.011 0.023 0.900 
 132 C _   0.086 0.000 0.000 0.002 0.003 0.011 0.021 0.876 
 133 D _   0.126 0.000 0.001 0.002 0.004 0.012 0.019 0.836 
 134 R _   0.184 0.000 0.001 0.002 0.005 0.014 0.016 0.778 
 135 T _   0.264 0.000 0.001 0.001 0.007 0.015 0.014 0.697 
 136 F _   0.363 0.000 0.001 0.001 0.010 0.017 0.011 0.597 
 137 T _   0.471 0.000 0.001 0.001 0.012 0.018 0.009 0.487 
 138 L H   0.577 0.000 0.001 0.001 0.015 0.019 0.007 0.379 
 139 K H   0.668 0.000 0.001 0.001 0.018 0.019 0.006 0.287 
 140 T H   0.737 0.000 0.001 0.001 0.021 0.019 0.005 0.216 
 141 V H   0.786 0.000 0.001 0.001 0.022 0.017 0.004 0.168 
 142 L H   0.818 0.000 0.001 0.001 0.022 0.016 0.004 0.137 
 143 M H   0.835 0.000 0.001 0.001 0.023 0.015 0.004 0.121 
 144 I H   0.839 0.000 0.001 0.001 0.023 0.014 0.005 0.117 
 145 A H   0.832 0.000 0.001 0.001 0.023 0.013 0.005 0.123 
 146 I H   0.811 0.000 0.001 0.001 0.023 0.013 0.007 0.143 
 147 Q H   0.772 0.000 0.002 0.002 0.023 0.013 0.008 0.180 
 148 L H   0.715 0.000 0.002 0.002 0.022 0.014 0.011 0.235 
 149 L H   0.639 0.000 0.002 0.002 0.020 0.014 0.015 0.308 
 150 S H   0.549 0.000 0.002 0.003 0.017 0.014 0.020 0.395 
 151 R _   0.451 0.000 0.001 0.003 0.014 0.014 0.027 0.489 
 152 M _   0.353 0.000 0.001 0.003 0.011 0.014 0.034 0.584 
 153 E _   0.265 0.000 0.001 0.004 0.009 0.014 0.041 0.667 
 154 Y _   0.194 0.000 0.001 0.004 0.007 0.013 0.047 0.733 
 155 V _   0.139 0.000 0.001 0.005 0.006 0.012 0.053 0.784 
 156 H _   0.099 0.000 0.001 0.005 0.005 0.012 0.058 0.820 
 157 S _   0.071 0.000 0.001 0.006 0.005 0.011 0.062 0.844 
 158 K _   0.050 0.001 0.001 0.006 0.004 0.011 0.066 0.860 
 159 N _   0.037 0.001 0.001 0.007 0.004 0.010 0.070 0.871 
 160 L _   0.027 0.001 0.000 0.007 0.004 0.010 0.073 0.877 
 161 I _   0.020 0.001 0.000 0.008 0.004 0.009 0.076 0.882 
 162 Y _   0.016 0.001 0.000 0.008 0.003 0.009 0.078 0.885 
 163 R _   0.013 0.002 0.000 0.007 0.003 0.009 0.080 0.886 
 164 D _   0.011 0.002 0.000 0.007 0.003 0.009 0.082 0.886 
 165 V _   0.009 0.002 0.000 0.008 0.003 0.008 0.084 0.885 
 166 K _   0.008 0.003 0.000 0.009 0.003 0.009 0.086 0.883 
 167 P _   0.008 0.003 0.000 0.009 0.004 0.009 0.087 0.879 
 168 E _   0.008 0.004 0.000 0.011 0.004 0.009 0.089 0.875 
 169 N _   0.008 0.004 0.000 0.012 0.004 0.010 0.090 0.871 
 170 F _   0.008 0.004 0.001 0.013 0.004 0.010 0.092 0.868 
 171 L _   0.008 0.005 0.001 0.013 0.004 0.010 0.094 0.867 
 172 I _   0.007 0.004 0.000 0.011 0.004 0.009 0.095 0.868 
 173 G _   0.007 0.004 0.000 0.010 0.003 0.009 0.097 0.870 
 174 R _   0.007 0.003 0.000 0.007 0.003 0.009 0.098 0.872 
 175 Q _   0.007 0.003 0.000 0.006 0.003 0.010 0.098 0.873 
 176 G _   0.008 0.003 0.000 0.004 0.002 0.011 0.099 0.872 
 177 N _   0.010 0.003 0.000 0.004 0.003 0.014 0.099 0.867 
 178 K _   0.015 0.004 0.000 0.004 0.004 0.018 0.099 0.855 
 179 K _   0.022 0.008 0.001 0.006 0.007 0.024 0.099 0.834 
 180 E _   0.031 0.019 0.001 0.009 0.012 0.032 0.098 0.798 
 181 H _   0.041 0.043 0.002 0.016 0.021 0.041 0.097 0.739 
 182 V _   0.050 0.089 0.003 0.028 0.032 0.049 0.095 0.656 
 183 I _   0.055 0.146 0.003 0.042 0.040 0.053 0.093 0.568 
 184 H _   0.058 0.195 0.003 0.055 0.044 0.054 0.093 0.498 
 185 I _   0.058 0.228 0.003 0.066 0.046 0.053 0.093 0.453 
 186 I _   0.058 0.246 0.002 0.073 0.045 0.051 0.095 0.430 
 187 D _   0.056 0.253 0.002 0.075 0.042 0.048 0.097 0.425 
 188 F _   0.053 0.252 0.002 0.073 0.038 0.044 0.101 0.436 
 189 G _   0.048 0.241 0.002 0.066 0.033 0.039 0.107 0.463 
 190 L _   0.043 0.218 0.002 0.056 0.027 0.034 0.113 0.507 
 191 A _   0.038 0.182 0.002 0.043 0.020 0.028 0.121 0.565 
 192 K _   0.032 0.136 0.002 0.031 0.014 0.023 0.130 0.632 
 193 E _   0.026 0.091 0.001 0.020 0.010 0.019 0.138 0.696 
 194 Y _   0.021 0.059 0.001 0.013 0.006 0.015 0.144 0.743 
 195 I _   0.016 0.040 0.000 0.008 0.004 0.012 0.148 0.772 
 196 D _   0.012 0.031 0.000 0.006 0.003 0.009 0.151 0.788 
 197 P _   0.009 0.027 0.000 0.005 0.002 0.008 0.153 0.796 
 198 E _   0.008 0.025 0.000 0.004 0.002 0.007 0.154 0.799 
 199 T _   0.007 0.025 0.000 0.005 0.002 0.007 0.155 0.799 
 200 K _   0.006 0.027 0.000 0.005 0.002 0.007 0.155 0.797 
 201 K _   0.006 0.029 0.000 0.007 0.002 0.007 0.154 0.794 
 202 H _   0.006 0.034 0.000 0.008 0.003 0.008 0.153 0.789 
 203 I _   0.005 0.039 0.000 0.009 0.003 0.008 0.152 0.783 
 204 P _   0.005 0.046 0.000 0.010 0.003 0.009 0.150 0.776 
 205 Y _   0.005 0.055 0.000 0.011 0.003 0.009 0.148 0.768 
 206 R _   0.005 0.064 0.000 0.012 0.004 0.010 0.146 0.758 
 207 E _   0.006 0.076 0.001 0.013 0.004 0.011 0.143 0.747 
 208 H _   0.006 0.090 0.001 0.015 0.005 0.012 0.140 0.731 
 209 K _   0.006 0.108 0.001 0.017 0.006 0.014 0.138 0.710 
 210 S _   0.007 0.129 0.001 0.021 0.008 0.015 0.135 0.685 
 211 L _   0.008 0.153 0.001 0.026 0.009 0.017 0.132 0.655 
 212 T _   0.009 0.179 0.001 0.031 0.011 0.018 0.129 0.623 
 213 G _   0.009 0.201 0.001 0.037 0.012 0.019 0.127 0.595 
 214 T _   0.010 0.218 0.001 0.041 0.013 0.019 0.125 0.573 
 215 A _   0.010 0.228 0.001 0.045 0.013 0.019 0.125 0.558 
 216 R _   0.010 0.234 0.001 0.047 0.013 0.019 0.125 0.551 
 217 Y _   0.010 0.234 0.001 0.047 0.013 0.018 0.126 0.550 
 218 M _   0.010 0.230 0.001 0.046 0.012 0.018 0.128 0.555 
 219 S _   0.011 0.220 0.001 0.043 0.011 0.017 0.131 0.567 
 220 I _   0.011 0.204 0.001 0.039 0.010 0.015 0.135 0.585 
 221 N _   0.011 0.181 0.001 0.034 0.009 0.014 0.139 0.610 
 222 T _   0.011 0.150 0.001 0.029 0.008 0.013 0.145 0.642 
 223 H _   0.011 0.115 0.001 0.024 0.007 0.012 0.151 0.680 
 224 L _   0.011 0.079 0.001 0.018 0.005 0.011 0.157 0.718 
 225 G _   0.010 0.048 0.001 0.013 0.004 0.009 0.162 0.754 
 226 K _   0.009 0.026 0.000 0.008 0.003 0.008 0.166 0.781 
 227 E _   0.007 0.012 0.000 0.005 0.002 0.007 0.168 0.799 
 228 Q _   0.007 0.005 0.000 0.003 0.001 0.006 0.168 0.809 
 229 S _   0.008 0.002 0.000 0.002 0.001 0.006 0.168 0.813 
 230 R _   0.010 0.000 0.000 0.002 0.001 0.007 0.167 0.812 
 231 R _   0.017 0.000 0.000 0.001 0.002 0.010 0.165 0.805 
 232 D _   0.031 0.000 0.000 0.002 0.003 0.016 0.162 0.787 
 233 D _   0.056 0.000 0.000 0.002 0.005 0.024 0.158 0.754 
 234 L _   0.097 0.001 0.001 0.004 0.010 0.036 0.152 0.700 
 235 E _   0.148 0.003 0.001 0.006 0.021 0.050 0.145 0.626 
 236 A _   0.200 0.010 0.002 0.010 0.036 0.064 0.138 0.541 
 237 L _   0.246 0.020 0.003 0.015 0.053 0.075 0.131 0.457 
 238 G _   0.281 0.034 0.003 0.022 0.068 0.081 0.126 0.386 
 239 H _   0.307 0.046 0.003 0.028 0.076 0.083 0.123 0.336 
 240 M H   0.321 0.053 0.003 0.033 0.080 0.081 0.121 0.308 
 241 F H   0.326 0.057 0.003 0.035 0.080 0.077 0.120 0.300 
 242 M H   0.324 0.058 0.003 0.035 0.077 0.072 0.121 0.311 
 243 Y _   0.312 0.054 0.003 0.032 0.069 0.065 0.123 0.341 
 244 F _   0.289 0.047 0.003 0.027 0.059 0.058 0.127 0.390 
 245 L _   0.257 0.037 0.003 0.022 0.046 0.049 0.131 0.456 
 246 R _   0.218 0.026 0.002 0.016 0.033 0.041 0.136 0.528 
 247 G _   0.177 0.016 0.002 0.012 0.022 0.034 0.141 0.597 
 248 S _   0.136 0.009 0.001 0.009 0.014 0.027 0.146 0.658 
 249 L _   0.101 0.006 0.001 0.007 0.009 0.022 0.150 0.705 
 250 P _   0.073 0.003 0.001 0.006 0.006 0.018 0.153 0.740 
 251 W _   0.052 0.002 0.001 0.006 0.004 0.015 0.156 0.765 
 252 Q _   0.036 0.002 0.000 0.005 0.004 0.012 0.158 0.782 
 253 G _   0.026 0.002 0.000 0.005 0.003 0.011 0.159 0.794 
 254 L _   0.018 0.002 0.000 0.006 0.003 0.010 0.160 0.802 
 255 K _   0.014 0.002 0.000 0.006 0.003 0.009 0.160 0.806 
 256 A _   0.011 0.002 0.000 0.006 0.003 0.008 0.160 0.809 
 257 D _   0.009 0.003 0.000 0.007 0.003 0.008 0.160 0.810 
 258 T _   0.008 0.003 0.000 0.008 0.003 0.008 0.159 0.809 
 259 L _   0.008 0.004 0.000 0.010 0.003 0.008 0.159 0.808 
 260 K _   0.008 0.005 0.000 0.011 0.003 0.008 0.158 0.806 
 261 E _   0.007 0.006 0.000 0.012 0.004 0.008 0.158 0.805 
 262 R _   0.007 0.006 0.000 0.013 0.004 0.008 0.157 0.804 
 263 Y _   0.007 0.007 0.000 0.012 0.003 0.008 0.157 0.806 
 264 Q _   0.006 0.007 0.000 0.011 0.003 0.007 0.156 0.809 
 265 K _   0.006 0.006 0.000 0.009 0.003 0.007 0.156 0.813 
 266 I _   0.005 0.006 0.000 0.008 0.002 0.006 0.155 0.817 
 267 G _   0.005 0.006 0.000 0.006 0.002 0.006 0.154 0.821 
 268 D _   0.005 0.006 0.000 0.005 0.002 0.006 0.152 0.824 
 269 T _   0.005 0.007 0.000 0.005 0.002 0.006 0.151 0.826 
 270 K _   0.005 0.008 0.000 0.005 0.002 0.006 0.148 0.826 
 271 R _   0.005 0.011 0.000 0.006 0.002 0.007 0.145 0.823 
 272 N _   0.005 0.016 0.000 0.008 0.003 0.009 0.142 0.817 
 273 T _   0.006 0.025 0.001 0.010 0.004 0.011 0.138 0.806 
 274 P _   0.007 0.038 0.001 0.014 0.005 0.013 0.133 0.790 
 275 I _   0.007 0.055 0.001 0.017 0.006 0.014 0.128 0.772 
 276 E _   0.008 0.072 0.001 0.021 0.007 0.016 0.123 0.754 
 277 A _   0.008 0.087 0.001 0.022 0.008 0.018 0.118 0.739 
 278 L _   0.008 0.099 0.001 0.023 0.008 0.019 0.113 0.728 
 279 C _   0.009 0.109 0.001 0.023 0.009 0.021 0.109 0.720 
 280 E _   0.010 0.117 0.001 0.022 0.009 0.023 0.106 0.713 
 281 N _   0.011 0.124 0.001 0.021 0.010 0.025 0.103 0.706 
 282 F _   0.013 0.130 0.001 0.020 0.011 0.027 0.099 0.698 
 283 P _   0.016 0.138 0.001 0.020 0.013 0.030 0.097 0.687 
 284 E _   0.019 0.146 0.001 0.020 0.014 0.032 0.094 0.673 
 285 E _   0.022 0.155 0.001 0.022 0.017 0.034 0.092 0.657 
 286 M _   0.025 0.165 0.001 0.025 0.019 0.036 0.090 0.639 
 287 A _   0.028 0.175 0.001 0.029 0.021 0.037 0.088 0.620 
 288 T _   0.030 0.184 0.002 0.033 0.023 0.038 0.086 0.606 
 289 Y _   0.031 0.190 0.002 0.036 0.023 0.037 0.085 0.597 
 290 L _   0.031 0.192 0.002 0.039 0.023 0.035 0.084 0.593 
 291 R _   0.030 0.191 0.002 0.041 0.022 0.033 0.084 0.596 
 292 Y _   0.029 0.186 0.002 0.041 0.021 0.031 0.085 0.607 
 293 V _   0.027 0.176 0.002 0.038 0.018 0.028 0.086 0.625 
 294 R _   0.025 0.158 0.001 0.034 0.016 0.025 0.087 0.653 
 295 R _   0.023 0.134 0.001 0.028 0.013 0.022 0.089 0.689 
 296 L _   0.021 0.105 0.001 0.022 0.010 0.020 0.091 0.730 
 297 D _   0.018 0.076 0.001 0.016 0.008 0.017 0.093 0.771 
 298 F _   0.016 0.052 0.001 0.010 0.005 0.015 0.094 0.806 
 299 F _   0.013 0.037 0.001 0.006 0.004 0.014 0.095 0.830 
 300 E _   0.012 0.029 0.000 0.004 0.003 0.013 0.095 0.843 
 301 K _   0.011 0.026 0.000 0.004 0.003 0.014 0.095 0.847 
 302 P _   0.012 0.026 0.000 0.004 0.003 0.016 0.094 0.844 
 303 D _   0.015 0.030 0.001 0.006 0.005 0.019 0.093 0.833 
 304 Y _   0.018 0.041 0.001 0.010 0.008 0.023 0.091 0.809 
 305 E _   0.021 0.064 0.001 0.017 0.013 0.027 0.088 0.769 
 306 Y _   0.023 0.101 0.002 0.027 0.017 0.030 0.085 0.716 
 307 L _   0.024 0.138 0.002 0.037 0.021 0.031 0.083 0.665 
 308 R _   0.023 0.166 0.002 0.046 0.022 0.032 0.081 0.628 
 309 T _   0.023 0.184 0.002 0.052 0.023 0.031 0.079 0.607 
 310 L _   0.022 0.193 0.002 0.053 0.022 0.030 0.079 0.600 
 311 F _   0.020 0.196 0.002 0.052 0.021 0.028 0.079 0.603 
 312 T _   0.019 0.193 0.001 0.047 0.018 0.026 0.079 0.615 
 313 D _   0.019 0.186 0.001 0.041 0.016 0.023 0.081 0.633 
 314 L _   0.017 0.173 0.001 0.034 0.013 0.021 0.082 0.658 
 315 F _   0.017 0.155 0.001 0.027 0.011 0.019 0.084 0.686 
 316 E _   0.015 0.136 0.001 0.021 0.009 0.017 0.087 0.715 
 317 K _   0.014 0.119 0.001 0.016 0.007 0.015 0.089 0.740 
 318 K _   0.013 0.105 0.001 0.012 0.005 0.014 0.091 0.760 
 319 G _   0.011 0.094 0.001 0.010 0.004 0.012 0.092 0.775 
 320 Y _   0.010 0.088 0.000 0.008 0.004 0.011 0.093 0.785 
 321 T _   0.009 0.085 0.000 0.008 0.003 0.011 0.094 0.790 
 322 F _   0.009 0.084 0.000 0.008 0.003 0.011 0.095 0.791 
 323 D _   0.009 0.084 0.000 0.008 0.004 0.011 0.095 0.789 
 324 Y _   0.008 0.087 0.000 0.010 0.004 0.011 0.095 0.784 
 325 A _   0.008 0.091 0.001 0.011 0.005 0.012 0.095 0.778 
 326 Y _   0.008 0.096 0.001 0.013 0.005 0.012 0.095 0.770 
 327 D _   0.008 0.103 0.001 0.015 0.006 0.012 0.095 0.762 
 328 W _   0.008 0.109 0.001 0.016 0.006 0.012 0.095 0.753 
 329 V _   0.008 0.115 0.001 0.017 0.006 0.012 0.095 0.745 
 330 G _   0.008 0.121 0.001 0.018 0.007 0.012 0.095 0.738 
 331 R _   0.008 0.125 0.001 0.018 0.007 0.012 0.096 0.733 
 332 P _   0.007 0.128 0.001 0.018 0.007 0.012 0.097 0.730 
 333 I _   0.007 0.131 0.001 0.018 0.006 0.012 0.098 0.727 
 334 P _   0.007 0.133 0.001 0.017 0.006 0.012 0.099 0.725 
 335 T _   0.007 0.134 0.001 0.016 0.006 0.012 0.101 0.724 
 336 P _   0.007 0.136 0.001 0.015 0.005 0.011 0.103 0.722 
 337 V _   0.007 0.138 0.001 0.015 0.005 0.011 0.104 0.720 
 338 G _   0.007 0.140 0.001 0.014 0.005 0.011 0.106 0.716 
 339 S _   0.007 0.143 0.001 0.014 0.005 0.011 0.107 0.712 
 340 V _   0.007 0.147 0.001 0.014 0.005 0.012 0.109 0.706 
 341 H _   0.007 0.152 0.001 0.015 0.005 0.012 0.111 0.697 
 342 V _   0.007 0.159 0.001 0.017 0.006 0.013 0.112 0.685 
 343 D _   0.007 0.167 0.001 0.020 0.007 0.013 0.114 0.671 
 344 S _   0.007 0.175 0.001 0.024 0.008 0.014 0.116 0.655 
 345 G _   0.008 0.183 0.001 0.029 0.009 0.015 0.118 0.638 
 346 A _   0.008 0.190 0.001 0.033 0.009 0.015 0.121 0.622 
 347 S _   0.009 0.194 0.001 0.037 0.010 0.016 0.124 0.610 
 348 A _   0.009 0.195 0.001 0.040 0.010 0.016 0.129 0.601 
 349 I _   0.009 0.191 0.001 0.040 0.010 0.015 0.134 0.599 
 350 T _   0.009 0.183 0.001 0.038 0.009 0.014 0.141 0.604 
 351 R _   0.009 0.169 0.001 0.034 0.008 0.013 0.150 0.615 
 352 E _   0.009 0.149 0.001 0.029 0.007 0.012 0.160 0.633 
 353 S _   0.008 0.123 0.001 0.023 0.006 0.011 0.171 0.657 
 354 H _   0.008 0.096 0.001 0.017 0.005 0.010 0.182 0.682 
 355 T _   0.007 0.074 0.001 0.012 0.004 0.008 0.193 0.702 
 356 H _   0.006 0.058 0.000 0.008 0.003 0.007 0.201 0.717 
 357 R _   0.006 0.048 0.000 0.006 0.002 0.006 0.207 0.724 
 358 D _   0.005 0.043 0.000 0.005 0.002 0.006 0.212 0.727 
 359 R _   0.005 0.041 0.000 0.004 0.002 0.006 0.216 0.726 
 360 P _   0.004 0.041 0.000 0.005 0.002 0.006 0.219 0.723 
 361 S _   0.004 0.043 0.000 0.006 0.002 0.007 0.220 0.716 
 362 Q _   0.005 0.048 0.000 0.008 0.003 0.008 0.222 0.706 
 363 Q _   0.005 0.056 0.000 0.012 0.003 0.009 0.223 0.692 
 364 Q _   0.005 0.066 0.001 0.016 0.004 0.010 0.223 0.674 
 365 P _   0.005 0.078 0.001 0.021 0.005 0.011 0.224 0.655 
 366 L _   0.005 0.089 0.001 0.026 0.006 0.012 0.225 0.636 
 367 R _   0.005 0.099 0.001 0.031 0.007 0.012 0.226 0.619 
 368 N _   0.005 0.106 0.001 0.034 0.007 0.012 0.228 0.606 
 369 Q _   0.005 0.110 0.001 0.036 0.007 0.012 0.231 0.597 
 370 V _   0.005 0.112 0.001 0.037 0.007 0.012 0.235 0.591 
 371 V _   0.005 0.111 0.001 0.036 0.007 0.012 0.240 0.588 
 372 S _   0.005 0.107 0.001 0.034 0.007 0.011 0.246 0.589 
 373 S _   0.005 0.101 0.001 0.031 0.006 0.010 0.254 0.593 
 374 T _   0.005 0.092 0.001 0.026 0.005 0.009 0.262 0.599 
 375 N _   0.005 0.081 0.001 0.022 0.005 0.009 0.271 0.607 
 376 G _   0.005 0.070 0.001 0.018 0.004 0.008 0.281 0.615 
 377 E _   0.005 0.059 0.000 0.014 0.003 0.007 0.289 0.623 
 378 L _   0.005 0.049 0.000 0.010 0.002 0.006 0.297 0.630 
 379 N _   0.004 0.042 0.000 0.008 0.002 0.005 0.304 0.635 
 380 V _   0.004 0.037 0.000 0.006 0.002 0.005 0.308 0.638 
 381 D _   0.004 0.034 0.000 0.005 0.001 0.005 0.312 0.639 
 382 D _   0.003 0.033 0.000 0.004 0.001 0.005 0.314 0.639 
 383 P _   0.003 0.033 0.000 0.004 0.001 0.005 0.316 0.638 
 384 T _   0.003 0.035 0.000 0.004 0.001 0.005 0.316 0.635 
 385 G _   0.003 0.038 0.000 0.005 0.002 0.006 0.316 0.629 
 386 A _   0.004 0.044 0.000 0.007 0.002 0.008 0.315 0.620 
 387 H _   0.004 0.056 0.000 0.009 0.003 0.010 0.312 0.605 
 388 S _   0.005 0.076 0.001 0.012 0.004 0.012 0.309 0.580 
 389 N _   0.006 0.108 0.001 0.016 0.007 0.015 0.304 0.543 
 390 A _   0.007 0.152 0.001 0.021 0.009 0.017 0.298 0.494 
 391 P _   0.008 0.205 0.001 0.025 0.011 0.020 0.292 0.438 
 392 I _   0.008 0.260 0.001 0.028 0.013 0.021 0.287 0.381 
 393 T _   0.008 0.311 0.001 0.030 0.014 0.022 0.284 0.330 
 394 A E   0.008 0.350 0.001 0.031 0.014 0.022 0.281 0.291 
 395 H E   0.009 0.380 0.001 0.030 0.014 0.023 0.281 0.262 
 396 A E   0.009 0.401 0.001 0.030 0.014 0.023 0.281 0.240 
 397 E E   0.009 0.416 0.001 0.028 0.014 0.023 0.283 0.225 
 398 V E   0.010 0.426 0.001 0.027 0.014 0.024 0.285 0.214 
 399 E E   0.010 0.432 0.001 0.025 0.014 0.023 0.289 0.206 
 400 V E   0.011 0.435 0.001 0.024 0.014 0.023 0.293 0.199 
 401 V E   0.011 0.437 0.001 0.024 0.014 0.023 0.298 0.193 
 402 E E   0.012 0.436 0.001 0.024 0.014 0.023 0.304 0.187 
 403 E E   0.012 0.434 0.001 0.025 0.013 0.022 0.311 0.183 
 404 A E   0.012 0.429 0.001 0.026 0.013 0.021 0.319 0.179 
 405 K E   0.011 0.421 0.001 0.028 0.013 0.020 0.329 0.176 
 406 C E   0.011 0.409 0.001 0.030 0.013 0.019 0.341 0.175 
 407 C E   0.011 0.392 0.001 0.032 0.013 0.018 0.356 0.177 
 408 C X   0.011 0.368 0.001 0.033 0.013 0.018 0.375 0.181 
 409 F X   0.011 0.336 0.002 0.034 0.013 0.017 0.399 0.188 
 410 F X   0.011 0.295 0.002 0.034 0.013 0.017 0.429 0.200 
 411 K X   0.012 0.245 0.002 0.032 0.012 0.016 0.466 0.215 
 412 R X   0.012 0.191 0.002 0.029 0.011 0.015 0.509 0.232 
 413 K X   0.011 0.139 0.001 0.024 0.009 0.014 0.553 0.249 
 414 R X   0.009 0.097 0.001 0.019 0.007 0.012 0.593 0.263 
 415 K X   0.007 0.066 0.001 0.015 0.005 0.009 0.627 0.270 
 416 K X   0.005 0.045 0.001 0.011 0.004 0.007 0.655 0.273 
 417 T X   0.003 0.029 0.000 0.008 0.002 0.005 0.678 0.274 
 418 A X   0.002 0.018 0.000 0.005 0.001 0.002 0.697 0.276 
 419 Q X   0.000 0.010 0.000 0.002 0.000 0.001 0.708 0.278 
 420 R X   0.000 0.007 0.000 0.001 0.000 0.000 0.710 0.281 
 421 H X   0.000 0.006 0.000 0.002 0.000 0.000 0.708 0.283 
 422 K X   0.002 0.006 0.001 0.009 0.002 0.002 0.696 0.283 
