#TopoPred_TM8: 8-state transmembrane topology prediction results by no_profile mode 
#probabilities are in the order of H E C I L F X _, the 8 transmembrane topology types used in PDBTM 
   1 M X   0.018 0.002 0.003 0.072 0.012 0.013 0.629 0.252 
   2 E X   0.007 0.001 0.000 0.047 0.003 0.008 0.646 0.287 
   3 L X   0.003 0.001 0.000 0.028 0.001 0.005 0.649 0.313 
   4 R X   0.002 0.001 0.000 0.020 0.001 0.005 0.644 0.328 
   5 V X   0.002 0.001 0.000 0.016 0.001 0.006 0.633 0.340 
   6 G X   0.003 0.002 0.000 0.014 0.002 0.008 0.619 0.353 
   7 N X   0.004 0.003 0.000 0.013 0.002 0.009 0.603 0.366 
   8 K X   0.004 0.004 0.000 0.014 0.003 0.010 0.584 0.380 
   9 Y X   0.005 0.006 0.000 0.015 0.003 0.011 0.564 0.396 
  10 R X   0.005 0.009 0.001 0.017 0.004 0.011 0.542 0.412 
  11 L X   0.005 0.012 0.001 0.018 0.005 0.012 0.519 0.429 
  12 G X   0.005 0.015 0.001 0.019 0.005 0.012 0.497 0.447 
  13 R X   0.005 0.018 0.001 0.019 0.005 0.012 0.476 0.464 
  14 K _   0.005 0.021 0.001 0.018 0.005 0.012 0.456 0.482 
  15 I _   0.005 0.024 0.001 0.017 0.005 0.012 0.437 0.498 
  16 G _   0.005 0.027 0.001 0.017 0.006 0.013 0.419 0.513 
  17 S _   0.006 0.030 0.001 0.017 0.006 0.014 0.402 0.525 
  18 G _   0.006 0.034 0.001 0.018 0.007 0.015 0.384 0.536 
  19 S _   0.007 0.038 0.001 0.020 0.008 0.016 0.367 0.544 
  20 F _   0.008 0.043 0.001 0.022 0.009 0.017 0.351 0.550 
  21 G _   0.008 0.047 0.001 0.024 0.010 0.018 0.336 0.556 
  22 D _   0.009 0.051 0.001 0.026 0.010 0.019 0.322 0.562 
  23 I _   0.010 0.054 0.001 0.026 0.010 0.019 0.310 0.569 
  24 Y _   0.010 0.056 0.001 0.026 0.010 0.019 0.299 0.578 
  25 L _   0.010 0.057 0.001 0.024 0.010 0.019 0.288 0.590 
  26 G _   0.011 0.057 0.001 0.022 0.009 0.019 0.279 0.603 
  27 A _   0.011 0.056 0.001 0.019 0.008 0.018 0.270 0.617 
  28 N _   0.011 0.055 0.001 0.016 0.007 0.018 0.262 0.631 
  29 I _   0.011 0.054 0.001 0.013 0.007 0.018 0.254 0.643 
  30 A _   0.011 0.053 0.001 0.012 0.007 0.018 0.246 0.652 
  31 S _   0.011 0.054 0.001 0.012 0.007 0.018 0.238 0.658 
  32 G _   0.012 0.056 0.001 0.013 0.007 0.019 0.230 0.661 
  33 E _   0.012 0.060 0.001 0.016 0.008 0.020 0.222 0.660 
  34 E _   0.013 0.065 0.001 0.021 0.010 0.020 0.214 0.656 
  35 V _   0.013 0.070 0.001 0.025 0.011 0.021 0.206 0.653 
  36 A _   0.014 0.074 0.001 0.030 0.012 0.021 0.198 0.650 
  37 I _   0.014 0.076 0.001 0.033 0.012 0.021 0.192 0.651 
  38 K _   0.014 0.076 0.001 0.034 0.012 0.020 0.186 0.657 
  39 L _   0.013 0.074 0.001 0.032 0.011 0.019 0.182 0.668 
  40 E _   0.013 0.068 0.001 0.029 0.010 0.017 0.178 0.684 
  41 C _   0.012 0.060 0.001 0.023 0.008 0.015 0.175 0.705 
  42 V _   0.011 0.050 0.001 0.018 0.007 0.014 0.172 0.727 
  43 K _   0.010 0.040 0.001 0.014 0.005 0.012 0.170 0.748 
  44 T _   0.009 0.031 0.001 0.010 0.004 0.011 0.167 0.766 
  45 K _   0.009 0.025 0.000 0.008 0.004 0.010 0.165 0.779 
  46 H _   0.008 0.021 0.000 0.006 0.003 0.010 0.162 0.789 
  47 P _   0.008 0.019 0.000 0.006 0.003 0.010 0.159 0.795 
  48 Q _   0.008 0.018 0.000 0.006 0.003 0.010 0.156 0.799 
  49 L _   0.008 0.018 0.000 0.006 0.003 0.011 0.152 0.801 
  50 H _   0.009 0.019 0.000 0.007 0.004 0.012 0.148 0.801 
  51 I _   0.010 0.021 0.001 0.008 0.004 0.014 0.143 0.799 
  52 E _   0.011 0.025 0.001 0.009 0.005 0.016 0.138 0.795 
  53 S _   0.012 0.030 0.001 0.012 0.007 0.018 0.132 0.788 
  54 K _   0.014 0.037 0.001 0.015 0.009 0.021 0.127 0.778 
  55 F _   0.015 0.045 0.001 0.018 0.011 0.023 0.121 0.765 
  56 Y _   0.017 0.053 0.001 0.022 0.014 0.026 0.115 0.752 
  57 K _   0.018 0.061 0.001 0.026 0.016 0.028 0.110 0.740 
  58 M _   0.019 0.068 0.001 0.030 0.017 0.029 0.105 0.730 
  59 M _   0.021 0.072 0.001 0.032 0.018 0.029 0.101 0.725 
  60 Q _   0.021 0.075 0.001 0.032 0.018 0.029 0.098 0.725 
  61 G _   0.021 0.075 0.001 0.032 0.018 0.029 0.095 0.729 
  62 G _   0.022 0.074 0.001 0.029 0.017 0.028 0.093 0.736 
  63 V _   0.021 0.071 0.001 0.027 0.015 0.027 0.091 0.747 
  64 G _   0.021 0.067 0.001 0.024 0.014 0.026 0.089 0.758 
  65 I _   0.021 0.062 0.001 0.022 0.013 0.025 0.088 0.769 
  66 P _   0.020 0.056 0.001 0.020 0.012 0.024 0.087 0.780 
  67 S _   0.020 0.051 0.001 0.018 0.011 0.023 0.086 0.790 
  68 I _   0.019 0.045 0.001 0.017 0.010 0.022 0.085 0.801 
  69 K _   0.018 0.039 0.001 0.015 0.009 0.021 0.085 0.813 
  70 W _   0.017 0.033 0.001 0.013 0.008 0.019 0.084 0.824 
  71 C _   0.016 0.028 0.001 0.011 0.007 0.019 0.083 0.836 
  72 G _   0.015 0.024 0.001 0.009 0.006 0.018 0.082 0.845 
  73 A _   0.015 0.021 0.001 0.007 0.005 0.018 0.082 0.853 
  74 E _   0.015 0.019 0.001 0.006 0.005 0.018 0.080 0.856 
  75 G _   0.016 0.019 0.001 0.006 0.005 0.020 0.079 0.855 
  76 D _   0.018 0.020 0.001 0.007 0.006 0.022 0.077 0.848 
  77 Y _   0.022 0.023 0.001 0.009 0.009 0.025 0.076 0.835 
  78 N _   0.025 0.030 0.001 0.013 0.012 0.029 0.074 0.816 
  79 V _   0.029 0.039 0.001 0.020 0.016 0.033 0.072 0.790 
  80 M _   0.032 0.051 0.002 0.028 0.020 0.035 0.070 0.762 
  81 V _   0.035 0.060 0.002 0.036 0.023 0.037 0.068 0.739 
  82 M _   0.036 0.066 0.002 0.042 0.025 0.037 0.067 0.725 
  83 E _   0.036 0.068 0.002 0.044 0.024 0.037 0.066 0.723 
  84 L _   0.035 0.067 0.002 0.042 0.023 0.035 0.066 0.730 
  85 L _   0.033 0.063 0.002 0.037 0.020 0.032 0.066 0.747 
  86 G _   0.031 0.055 0.001 0.031 0.017 0.030 0.067 0.769 
  87 P _   0.028 0.044 0.001 0.024 0.014 0.027 0.067 0.795 
  88 S _   0.026 0.033 0.001 0.017 0.011 0.024 0.068 0.820 
  89 L _   0.025 0.022 0.001 0.013 0.008 0.022 0.069 0.840 
  90 E _   0.023 0.015 0.001 0.010 0.007 0.020 0.069 0.856 
  91 D _   0.023 0.009 0.001 0.008 0.005 0.018 0.070 0.866 
  92 L _   0.023 0.006 0.001 0.006 0.005 0.017 0.070 0.873 
  93 F _   0.024 0.003 0.000 0.005 0.004 0.017 0.070 0.876 
  94 N _   0.026 0.002 0.000 0.005 0.004 0.017 0.069 0.876 
  95 F _   0.031 0.001 0.000 0.004 0.004 0.018 0.069 0.873 
  96 C _   0.037 0.001 0.000 0.004 0.004 0.019 0.068 0.867 
  97 S _   0.047 0.000 0.001 0.003 0.005 0.022 0.067 0.856 
  98 R _   0.061 0.000 0.001 0.003 0.006 0.025 0.065 0.839 
  99 K _   0.081 0.000 0.001 0.003 0.008 0.030 0.064 0.813 
 100 F _   0.106 0.000 0.001 0.004 0.012 0.035 0.062 0.780 
 101 S _   0.136 0.000 0.001 0.005 0.017 0.041 0.061 0.739 
 102 L _   0.167 0.001 0.001 0.007 0.023 0.047 0.059 0.696 
 103 K _   0.195 0.001 0.002 0.009 0.029 0.051 0.058 0.654 
 104 T _   0.220 0.002 0.002 0.011 0.035 0.054 0.058 0.618 
 105 V _   0.239 0.002 0.002 0.013 0.038 0.055 0.058 0.592 
 106 L _   0.252 0.003 0.002 0.013 0.039 0.055 0.059 0.577 
 107 L _   0.259 0.003 0.002 0.013 0.039 0.053 0.059 0.573 
 108 L _   0.258 0.002 0.002 0.011 0.036 0.051 0.061 0.578 
 109 A _   0.253 0.002 0.002 0.009 0.033 0.048 0.062 0.591 
 110 D _   0.243 0.001 0.002 0.008 0.028 0.045 0.064 0.609 
 111 Q _   0.227 0.001 0.001 0.007 0.024 0.042 0.067 0.631 
 112 M _   0.208 0.001 0.001 0.007 0.021 0.039 0.070 0.654 
 113 I _   0.187 0.001 0.001 0.007 0.018 0.036 0.073 0.677 
 114 S _   0.164 0.001 0.001 0.008 0.016 0.033 0.076 0.701 
 115 R _   0.142 0.001 0.001 0.009 0.014 0.030 0.080 0.722 
 116 I _   0.119 0.002 0.001 0.010 0.013 0.028 0.083 0.744 
 117 E _   0.097 0.002 0.001 0.011 0.011 0.025 0.087 0.765 
 118 Y _   0.079 0.002 0.001 0.012 0.010 0.023 0.090 0.783 
 119 I _   0.062 0.002 0.001 0.012 0.009 0.020 0.093 0.800 
 120 H _   0.049 0.002 0.001 0.012 0.008 0.018 0.097 0.814 
 121 S _   0.038 0.002 0.001 0.011 0.006 0.015 0.100 0.826 
 122 K _   0.029 0.002 0.001 0.010 0.005 0.013 0.103 0.837 
 123 N _   0.022 0.002 0.001 0.009 0.004 0.011 0.105 0.845 
 124 F _   0.017 0.002 0.000 0.008 0.004 0.010 0.108 0.851 
 125 I _   0.013 0.001 0.000 0.007 0.003 0.008 0.110 0.857 
 126 H _   0.010 0.001 0.000 0.006 0.003 0.007 0.111 0.861 
 127 R _   0.008 0.001 0.000 0.005 0.002 0.007 0.113 0.864 
 128 D _   0.007 0.001 0.000 0.004 0.002 0.006 0.113 0.866 
 129 V _   0.006 0.001 0.000 0.004 0.002 0.006 0.114 0.866 
 130 K _   0.006 0.002 0.000 0.004 0.002 0.007 0.114 0.866 
 131 P _   0.006 0.002 0.000 0.005 0.002 0.007 0.114 0.863 
 132 D _   0.006 0.003 0.000 0.006 0.003 0.008 0.113 0.859 
 133 N _   0.007 0.005 0.000 0.008 0.003 0.010 0.113 0.854 
 134 F _   0.008 0.007 0.000 0.009 0.004 0.012 0.112 0.848 
 135 L _   0.008 0.009 0.001 0.011 0.004 0.013 0.111 0.842 
 136 M _   0.009 0.012 0.001 0.012 0.005 0.015 0.110 0.837 
 137 G _   0.010 0.014 0.001 0.012 0.006 0.018 0.109 0.831 
 138 L _   0.012 0.017 0.001 0.011 0.006 0.020 0.108 0.825 
 139 G _   0.015 0.019 0.001 0.011 0.007 0.023 0.107 0.817 
 140 K _   0.020 0.023 0.001 0.011 0.009 0.027 0.105 0.804 
 141 K _   0.025 0.028 0.001 0.011 0.012 0.032 0.104 0.786 
 142 G _   0.032 0.037 0.001 0.014 0.016 0.037 0.103 0.759 
 143 N _   0.040 0.051 0.002 0.018 0.022 0.042 0.102 0.723 
 144 L _   0.046 0.071 0.002 0.026 0.028 0.046 0.101 0.680 
 145 V _   0.051 0.093 0.002 0.035 0.033 0.049 0.101 0.636 
 146 Y _   0.054 0.114 0.002 0.045 0.035 0.049 0.101 0.600 
 147 I _   0.054 0.127 0.002 0.054 0.036 0.048 0.102 0.577 
 148 I _   0.053 0.134 0.002 0.059 0.034 0.045 0.104 0.569 
 149 D _   0.049 0.135 0.002 0.060 0.031 0.041 0.106 0.575 
 150 F _   0.045 0.131 0.002 0.056 0.027 0.037 0.110 0.594 
 151 G _   0.040 0.119 0.002 0.047 0.022 0.032 0.114 0.625 
 152 L _   0.035 0.099 0.002 0.036 0.016 0.027 0.119 0.666 
 153 A _   0.029 0.073 0.001 0.025 0.012 0.022 0.124 0.713 
 154 K _   0.024 0.048 0.001 0.016 0.008 0.018 0.128 0.756 
 155 K _   0.019 0.030 0.001 0.010 0.005 0.015 0.132 0.789 
 156 Y _   0.015 0.019 0.000 0.007 0.004 0.012 0.134 0.808 
 157 R _   0.013 0.014 0.000 0.005 0.003 0.010 0.136 0.818 
 158 D _   0.011 0.012 0.000 0.005 0.002 0.009 0.138 0.822 
 159 A _   0.010 0.011 0.000 0.006 0.002 0.009 0.139 0.823 
 160 R _   0.009 0.011 0.000 0.007 0.003 0.009 0.139 0.821 
 161 T _   0.009 0.011 0.000 0.009 0.003 0.009 0.140 0.819 
 162 H _   0.008 0.012 0.000 0.010 0.003 0.009 0.140 0.817 
 163 Q _   0.008 0.012 0.000 0.011 0.003 0.008 0.140 0.817 
 164 H _   0.007 0.012 0.000 0.011 0.003 0.008 0.140 0.818 
 165 I _   0.006 0.012 0.000 0.010 0.003 0.007 0.140 0.821 
 166 P _   0.005 0.012 0.000 0.009 0.003 0.007 0.139 0.825 
 167 Y _   0.005 0.012 0.000 0.007 0.002 0.006 0.138 0.829 
 168 R _   0.004 0.012 0.000 0.006 0.002 0.006 0.137 0.833 
 169 E _   0.004 0.013 0.000 0.005 0.002 0.006 0.136 0.834 
 170 N _   0.004 0.014 0.000 0.005 0.002 0.006 0.134 0.834 
 171 K _   0.005 0.018 0.000 0.006 0.002 0.007 0.131 0.831 
 172 N _   0.005 0.024 0.000 0.008 0.003 0.009 0.128 0.823 
 173 L _   0.006 0.035 0.001 0.011 0.004 0.011 0.124 0.809 
 174 T _   0.007 0.051 0.001 0.015 0.005 0.013 0.120 0.788 
 175 G _   0.007 0.072 0.001 0.021 0.007 0.015 0.115 0.763 
 176 T _   0.008 0.094 0.001 0.026 0.009 0.016 0.110 0.737 
 177 A _   0.008 0.114 0.001 0.031 0.010 0.018 0.105 0.714 
 178 R _   0.008 0.130 0.001 0.035 0.011 0.019 0.101 0.695 
 179 Y _   0.009 0.143 0.001 0.038 0.012 0.019 0.098 0.681 
 180 A _   0.009 0.152 0.001 0.040 0.012 0.020 0.095 0.670 
 181 S _   0.010 0.157 0.001 0.042 0.013 0.020 0.093 0.664 
 182 I _   0.010 0.160 0.001 0.043 0.013 0.020 0.091 0.662 
 183 N _   0.011 0.159 0.001 0.044 0.013 0.020 0.090 0.662 
 184 T _   0.011 0.155 0.001 0.043 0.013 0.019 0.090 0.668 
 185 H _   0.012 0.146 0.001 0.041 0.012 0.018 0.091 0.679 
 186 L _   0.012 0.132 0.001 0.037 0.011 0.017 0.092 0.698 
 187 G _   0.012 0.111 0.001 0.031 0.009 0.016 0.093 0.726 
 188 I _   0.012 0.085 0.001 0.025 0.008 0.014 0.094 0.761 
 189 E _   0.012 0.055 0.001 0.017 0.006 0.013 0.096 0.800 
 190 Q _   0.012 0.029 0.001 0.011 0.004 0.012 0.097 0.835 
 191 S _   0.012 0.012 0.000 0.006 0.003 0.011 0.097 0.859 
 192 R _   0.014 0.004 0.000 0.003 0.002 0.011 0.096 0.870 
 193 R _   0.018 0.001 0.000 0.002 0.002 0.012 0.095 0.871 
 194 D _   0.026 0.000 0.000 0.001 0.002 0.014 0.094 0.862 
 195 D _   0.042 0.000 0.000 0.001 0.003 0.020 0.092 0.841 
 196 L _   0.071 0.000 0.001 0.002 0.006 0.029 0.089 0.803 
 197 E _   0.109 0.001 0.001 0.004 0.013 0.040 0.085 0.746 
 198 S _   0.153 0.004 0.001 0.007 0.024 0.053 0.082 0.675 
 199 L _   0.194 0.010 0.002 0.013 0.039 0.065 0.078 0.598 
 200 G _   0.225 0.021 0.003 0.021 0.052 0.073 0.075 0.530 
 201 Y _   0.246 0.031 0.003 0.029 0.061 0.077 0.073 0.480 
 202 V _   0.257 0.037 0.003 0.036 0.065 0.077 0.072 0.453 
 203 L _   0.257 0.040 0.003 0.039 0.065 0.075 0.072 0.448 
 204 M _   0.251 0.040 0.003 0.038 0.062 0.070 0.072 0.464 
 205 Y _   0.236 0.037 0.003 0.032 0.055 0.064 0.073 0.501 
 206 F _   0.213 0.030 0.003 0.025 0.045 0.056 0.075 0.552 
 207 N _   0.186 0.022 0.002 0.018 0.034 0.049 0.077 0.611 
 208 L _   0.157 0.015 0.002 0.013 0.024 0.042 0.079 0.669 
 209 G _   0.128 0.010 0.001 0.009 0.016 0.036 0.081 0.719 
 210 S _   0.102 0.007 0.001 0.007 0.011 0.030 0.082 0.759 
 211 L _   0.080 0.006 0.001 0.007 0.008 0.026 0.084 0.788 
 212 P _   0.063 0.006 0.001 0.007 0.007 0.023 0.085 0.808 
 213 W _   0.049 0.006 0.001 0.009 0.006 0.021 0.086 0.822 
 214 Q _   0.038 0.007 0.001 0.010 0.006 0.019 0.087 0.832 
 215 G _   0.030 0.008 0.001 0.011 0.006 0.017 0.087 0.840 
 216 L _   0.024 0.008 0.001 0.012 0.006 0.016 0.087 0.846 
 217 K _   0.019 0.009 0.001 0.012 0.005 0.014 0.088 0.852 
 218 A _   0.016 0.010 0.001 0.012 0.005 0.013 0.088 0.857 
 219 A _   0.013 0.011 0.001 0.011 0.004 0.011 0.088 0.862 
 220 T _   0.011 0.011 0.000 0.010 0.004 0.010 0.088 0.866 
 221 K _   0.010 0.011 0.000 0.009 0.003 0.009 0.087 0.869 
 222 R _   0.009 0.012 0.000 0.008 0.003 0.009 0.087 0.872 
 223 Q _   0.008 0.013 0.000 0.008 0.003 0.008 0.087 0.873 
 224 K _   0.007 0.014 0.000 0.008 0.003 0.008 0.086 0.874 
 225 Y _   0.007 0.016 0.000 0.007 0.003 0.008 0.086 0.873 
 226 E _   0.007 0.018 0.000 0.007 0.003 0.008 0.085 0.872 
 227 R _   0.007 0.021 0.000 0.008 0.003 0.008 0.083 0.869 
 228 I _   0.007 0.026 0.000 0.008 0.003 0.009 0.082 0.865 
 229 S _   0.007 0.033 0.000 0.009 0.003 0.010 0.080 0.858 
 230 E _   0.007 0.042 0.001 0.010 0.004 0.011 0.078 0.848 
 231 K _   0.008 0.055 0.001 0.012 0.005 0.012 0.075 0.832 
 232 K _   0.009 0.074 0.001 0.014 0.006 0.014 0.072 0.810 
 233 M _   0.009 0.100 0.001 0.017 0.008 0.015 0.069 0.781 
 234 S _   0.010 0.132 0.001 0.021 0.009 0.017 0.065 0.745 
 235 T _   0.010 0.170 0.001 0.025 0.011 0.018 0.062 0.704 
 236 P _   0.010 0.208 0.001 0.028 0.011 0.018 0.059 0.664 
 237 I _   0.010 0.243 0.001 0.030 0.012 0.018 0.056 0.629 
 238 E _   0.010 0.271 0.001 0.031 0.011 0.018 0.054 0.604 
 239 V _   0.010 0.289 0.001 0.030 0.011 0.018 0.052 0.589 
 240 L _   0.009 0.301 0.001 0.028 0.010 0.018 0.051 0.582 
 241 C _   0.009 0.308 0.001 0.025 0.009 0.018 0.050 0.580 
 242 K _   0.009 0.312 0.001 0.021 0.008 0.018 0.050 0.582 
 243 G _   0.009 0.315 0.001 0.018 0.008 0.018 0.049 0.583 
 244 Y _   0.010 0.317 0.001 0.015 0.007 0.018 0.048 0.583 
 245 P _   0.010 0.321 0.001 0.014 0.007 0.019 0.048 0.580 
 246 S _   0.011 0.329 0.001 0.014 0.008 0.020 0.047 0.571 
 247 E _   0.012 0.340 0.001 0.016 0.010 0.021 0.046 0.554 
 248 F _   0.013 0.358 0.001 0.020 0.011 0.022 0.045 0.530 
 249 S _   0.014 0.378 0.001 0.025 0.013 0.023 0.044 0.502 
 250 T _   0.014 0.398 0.001 0.032 0.015 0.022 0.043 0.474 
 251 Y _   0.014 0.413 0.001 0.039 0.015 0.022 0.043 0.454 
 252 L _   0.014 0.421 0.001 0.044 0.015 0.021 0.043 0.441 
 253 N _   0.014 0.421 0.001 0.047 0.015 0.020 0.044 0.438 
 254 F _   0.014 0.413 0.001 0.047 0.015 0.019 0.045 0.446 
 255 C _   0.014 0.393 0.001 0.045 0.014 0.017 0.047 0.468 
 256 R _   0.014 0.356 0.002 0.041 0.013 0.016 0.051 0.509 
 257 S _   0.014 0.294 0.002 0.034 0.011 0.015 0.055 0.575 
 258 L _   0.015 0.215 0.002 0.026 0.010 0.014 0.060 0.659 
 259 R _   0.014 0.137 0.001 0.018 0.007 0.013 0.066 0.745 
 260 F _   0.012 0.081 0.001 0.010 0.005 0.011 0.070 0.810 
 261 D _   0.010 0.051 0.000 0.006 0.003 0.010 0.072 0.848 
 262 D _   0.009 0.039 0.000 0.003 0.002 0.009 0.074 0.864 
 263 K _   0.008 0.035 0.000 0.003 0.002 0.010 0.074 0.868 
 264 P _   0.009 0.036 0.000 0.003 0.002 0.012 0.074 0.863 
 265 D _   0.011 0.042 0.000 0.005 0.004 0.016 0.073 0.847 
 266 Y _   0.015 0.063 0.001 0.011 0.008 0.021 0.072 0.810 
 267 S _   0.018 0.113 0.002 0.020 0.013 0.027 0.069 0.739 
 268 Y _   0.019 0.199 0.002 0.032 0.018 0.030 0.065 0.635 
 269 L _   0.017 0.296 0.002 0.043 0.021 0.030 0.061 0.530 
 270 R _   0.015 0.371 0.002 0.050 0.021 0.029 0.058 0.455 
 271 Q E   0.013 0.417 0.002 0.053 0.020 0.028 0.056 0.412 
 272 L E   0.012 0.442 0.001 0.054 0.019 0.026 0.055 0.391 
 273 F E   0.011 0.454 0.001 0.052 0.018 0.024 0.055 0.385 
 274 R E   0.011 0.456 0.001 0.049 0.017 0.023 0.055 0.388 
 275 N E   0.011 0.452 0.001 0.044 0.016 0.021 0.056 0.399 
 276 L E   0.011 0.439 0.001 0.038 0.014 0.020 0.058 0.418 
 277 F _   0.011 0.419 0.001 0.032 0.013 0.019 0.060 0.445 
 278 H _   0.011 0.392 0.001 0.027 0.011 0.018 0.063 0.477 
 279 R _   0.011 0.362 0.001 0.022 0.010 0.017 0.066 0.511 
 280 Q _   0.011 0.332 0.001 0.017 0.008 0.016 0.070 0.544 
 281 G _   0.011 0.307 0.001 0.014 0.007 0.016 0.072 0.572 
 282 F _   0.011 0.289 0.001 0.011 0.006 0.015 0.075 0.592 
 283 S _   0.010 0.278 0.001 0.010 0.005 0.015 0.077 0.604 
 284 Y _   0.010 0.272 0.001 0.009 0.005 0.015 0.079 0.609 
 285 D _   0.010 0.270 0.001 0.010 0.005 0.016 0.080 0.608 
 286 Y _   0.011 0.272 0.001 0.012 0.006 0.016 0.082 0.602 
 287 V _   0.011 0.277 0.001 0.015 0.007 0.017 0.083 0.590 
 288 F _   0.011 0.284 0.001 0.019 0.008 0.017 0.084 0.575 
 289 D _   0.011 0.292 0.001 0.024 0.009 0.018 0.085 0.558 
 290 W _   0.011 0.299 0.001 0.029 0.010 0.018 0.087 0.544 
 291 N _   0.011 0.302 0.001 0.034 0.011 0.017 0.089 0.534 
 292 M _   0.011 0.302 0.001 0.037 0.011 0.017 0.092 0.529 
 293 L _   0.011 0.297 0.001 0.038 0.011 0.016 0.096 0.531 
 294 K _   0.011 0.286 0.001 0.037 0.010 0.015 0.101 0.540 
 295 F _   0.011 0.268 0.001 0.034 0.009 0.014 0.106 0.557 
 296 G _   0.011 0.242 0.001 0.030 0.008 0.013 0.113 0.582 
 297 A _   0.010 0.209 0.001 0.026 0.007 0.012 0.121 0.613 
 298 A _   0.010 0.172 0.001 0.021 0.006 0.011 0.130 0.648 
 299 R _   0.010 0.137 0.001 0.017 0.005 0.010 0.139 0.682 
 300 N _   0.009 0.108 0.001 0.013 0.004 0.009 0.146 0.710 
 301 P _   0.008 0.087 0.000 0.010 0.003 0.008 0.152 0.731 
 302 E _   0.007 0.073 0.000 0.007 0.002 0.007 0.157 0.746 
 303 D _   0.007 0.064 0.000 0.006 0.002 0.006 0.160 0.755 
 304 V _   0.006 0.060 0.000 0.005 0.001 0.006 0.162 0.760 
 305 D _   0.005 0.058 0.000 0.005 0.001 0.006 0.163 0.763 
 306 R _   0.005 0.057 0.000 0.005 0.001 0.006 0.163 0.763 
 307 E _   0.005 0.059 0.000 0.005 0.002 0.006 0.162 0.761 
 308 R _   0.005 0.063 0.000 0.006 0.002 0.007 0.160 0.757 
 309 R _   0.005 0.071 0.000 0.008 0.002 0.008 0.157 0.749 
 310 E _   0.005 0.082 0.000 0.011 0.003 0.009 0.153 0.737 
 311 H _   0.005 0.099 0.000 0.014 0.004 0.010 0.149 0.720 
 312 E _   0.005 0.121 0.001 0.018 0.004 0.011 0.143 0.697 
 313 R _   0.005 0.148 0.001 0.022 0.005 0.012 0.138 0.670 
 314 E _   0.005 0.176 0.001 0.026 0.006 0.012 0.132 0.643 
 315 E _   0.005 0.201 0.001 0.029 0.007 0.012 0.128 0.618 
 316 R _   0.005 0.221 0.001 0.033 0.007 0.012 0.124 0.598 
 317 M _   0.005 0.235 0.001 0.035 0.007 0.012 0.121 0.584 
 318 G _   0.005 0.244 0.001 0.037 0.007 0.012 0.119 0.575 
 319 Q _   0.005 0.248 0.001 0.037 0.007 0.012 0.118 0.572 
 320 L _   0.005 0.249 0.001 0.036 0.007 0.011 0.118 0.574 
 321 R _   0.005 0.245 0.001 0.034 0.007 0.011 0.118 0.580 
 322 G _   0.006 0.237 0.001 0.031 0.006 0.010 0.119 0.591 
 323 S _   0.006 0.224 0.001 0.027 0.006 0.010 0.121 0.606 
 324 A _   0.006 0.207 0.001 0.023 0.005 0.009 0.123 0.625 
 325 T _   0.006 0.187 0.001 0.019 0.005 0.009 0.126 0.648 
 326 R _   0.006 0.167 0.001 0.015 0.004 0.008 0.129 0.670 
 327 A _   0.006 0.150 0.000 0.011 0.003 0.007 0.131 0.690 
 328 L _   0.005 0.137 0.000 0.009 0.003 0.007 0.133 0.707 
 329 P _   0.005 0.128 0.000 0.007 0.002 0.006 0.134 0.718 
 330 P _   0.005 0.123 0.000 0.006 0.002 0.006 0.134 0.724 
 331 G _   0.004 0.121 0.000 0.006 0.002 0.006 0.134 0.727 
 332 P _   0.004 0.121 0.000 0.006 0.002 0.006 0.133 0.726 
 333 P _   0.004 0.124 0.000 0.007 0.002 0.007 0.132 0.723 
 334 T _   0.004 0.130 0.000 0.009 0.003 0.007 0.131 0.716 
 335 G _   0.004 0.139 0.000 0.011 0.003 0.008 0.128 0.705 
 336 A _   0.004 0.151 0.000 0.013 0.004 0.009 0.126 0.693 
 337 T _   0.005 0.165 0.001 0.015 0.004 0.009 0.123 0.679 
 338 A _   0.005 0.179 0.001 0.016 0.005 0.010 0.120 0.665 
 339 N _   0.005 0.194 0.001 0.018 0.005 0.010 0.117 0.651 
 340 R _   0.005 0.208 0.001 0.019 0.005 0.011 0.115 0.636 
 341 L _   0.005 0.221 0.001 0.020 0.006 0.011 0.113 0.623 
 342 R _   0.005 0.232 0.001 0.022 0.006 0.012 0.111 0.612 
 343 S _   0.005 0.242 0.001 0.023 0.007 0.012 0.110 0.601 
 344 A _   0.006 0.250 0.001 0.024 0.007 0.012 0.109 0.591 
 345 A _   0.006 0.256 0.001 0.024 0.007 0.012 0.109 0.584 
 346 E _   0.006 0.259 0.001 0.024 0.007 0.012 0.109 0.581 
 347 P _   0.007 0.260 0.001 0.024 0.007 0.012 0.110 0.580 
 348 V _   0.007 0.258 0.001 0.023 0.007 0.011 0.111 0.582 
 349 A _   0.007 0.254 0.001 0.022 0.006 0.011 0.113 0.587 
 350 S _   0.007 0.247 0.001 0.020 0.006 0.011 0.115 0.594 
 351 T _   0.007 0.239 0.001 0.018 0.005 0.010 0.117 0.603 
 352 P _   0.007 0.229 0.001 0.017 0.005 0.010 0.120 0.612 
 353 A _   0.007 0.219 0.001 0.015 0.005 0.009 0.122 0.622 
 354 S _   0.006 0.208 0.001 0.014 0.004 0.009 0.125 0.633 
 355 R _   0.006 0.199 0.000 0.012 0.004 0.008 0.128 0.642 
 356 I _   0.006 0.191 0.000 0.011 0.003 0.008 0.130 0.650 
 357 Q _   0.005 0.184 0.000 0.010 0.003 0.007 0.133 0.657 
 358 P _   0.005 0.179 0.000 0.009 0.003 0.007 0.135 0.663 
 359 A _   0.005 0.176 0.000 0.008 0.002 0.007 0.136 0.666 
 360 G _   0.004 0.174 0.000 0.008 0.002 0.007 0.137 0.667 
 361 N _   0.004 0.174 0.000 0.008 0.002 0.007 0.138 0.666 
 362 T _   0.004 0.176 0.000 0.008 0.003 0.007 0.139 0.662 
 363 S _   0.005 0.181 0.000 0.009 0.003 0.008 0.139 0.656 
 364 P _   0.005 0.188 0.000 0.010 0.003 0.009 0.140 0.645 
 365 R _   0.005 0.197 0.000 0.012 0.004 0.009 0.140 0.632 
 366 A _   0.005 0.209 0.001 0.014 0.005 0.010 0.140 0.617 
 367 I _   0.005 0.222 0.001 0.015 0.005 0.011 0.140 0.601 
 368 S _   0.006 0.235 0.001 0.017 0.006 0.011 0.141 0.584 
 369 R _   0.006 0.247 0.001 0.018 0.006 0.012 0.142 0.568 
 370 V _   0.006 0.258 0.001 0.019 0.006 0.013 0.143 0.554 
 371 D _   0.006 0.267 0.001 0.020 0.007 0.013 0.144 0.542 
 372 R _   0.006 0.274 0.001 0.021 0.007 0.013 0.146 0.531 
 373 E _   0.006 0.280 0.001 0.022 0.007 0.014 0.149 0.522 
 374 R _   0.007 0.284 0.001 0.022 0.007 0.014 0.151 0.514 
 375 K _   0.007 0.287 0.001 0.023 0.008 0.014 0.154 0.506 
 376 V _   0.007 0.288 0.001 0.025 0.008 0.014 0.158 0.499 
 377 S _   0.007 0.288 0.001 0.026 0.008 0.014 0.162 0.493 
 378 M _   0.008 0.285 0.001 0.027 0.008 0.014 0.168 0.489 
 379 R _   0.008 0.280 0.001 0.028 0.008 0.013 0.174 0.487 
 380 L _   0.008 0.272 0.001 0.029 0.008 0.013 0.181 0.488 
 381 H _   0.008 0.260 0.001 0.028 0.008 0.012 0.190 0.494 
 382 R _   0.008 0.242 0.001 0.026 0.008 0.012 0.200 0.504 
 383 G _   0.008 0.221 0.001 0.023 0.007 0.011 0.211 0.518 
 384 A _   0.007 0.196 0.001 0.020 0.006 0.010 0.224 0.537 
 385 P _   0.007 0.170 0.001 0.015 0.005 0.009 0.237 0.556 
 386 A _   0.007 0.149 0.001 0.012 0.004 0.008 0.248 0.573 
 387 N _   0.006 0.132 0.000 0.009 0.003 0.007 0.258 0.585 
 388 V _   0.005 0.121 0.000 0.007 0.002 0.007 0.266 0.592 
 389 S _   0.005 0.116 0.000 0.005 0.002 0.006 0.272 0.594 
 390 S _   0.004 0.114 0.000 0.005 0.002 0.007 0.277 0.591 
 391 S _   0.004 0.114 0.000 0.006 0.002 0.007 0.281 0.586 
 392 D _   0.004 0.119 0.000 0.007 0.002 0.008 0.284 0.576 
 393 L _   0.005 0.126 0.000 0.009 0.003 0.009 0.286 0.561 
 394 T _   0.005 0.138 0.000 0.012 0.004 0.010 0.289 0.542 
 395 G _   0.005 0.154 0.001 0.016 0.005 0.011 0.290 0.518 
 396 R _   0.005 0.172 0.001 0.020 0.006 0.012 0.292 0.492 
 397 Q _   0.005 0.190 0.001 0.023 0.006 0.013 0.295 0.468 
 398 E _   0.005 0.204 0.001 0.027 0.007 0.013 0.298 0.445 
 399 V _   0.005 0.216 0.001 0.030 0.008 0.014 0.302 0.425 
 400 S _   0.005 0.224 0.001 0.032 0.008 0.014 0.307 0.409 
 401 R _   0.005 0.229 0.001 0.034 0.008 0.015 0.314 0.394 
 402 I _   0.006 0.231 0.001 0.036 0.009 0.015 0.321 0.381 
 403 P _   0.006 0.231 0.001 0.037 0.009 0.015 0.331 0.371 
 404 A _   0.007 0.227 0.001 0.037 0.009 0.015 0.343 0.362 
 405 S X   0.007 0.221 0.001 0.037 0.009 0.015 0.357 0.354 
 406 Q X   0.007 0.211 0.001 0.035 0.009 0.014 0.373 0.350 
 407 T X   0.007 0.197 0.001 0.033 0.008 0.013 0.391 0.349 
 408 S X   0.007 0.180 0.001 0.030 0.008 0.012 0.411 0.352 
 409 V X   0.006 0.159 0.001 0.027 0.007 0.011 0.432 0.358 
 410 P X   0.005 0.136 0.001 0.023 0.006 0.009 0.455 0.365 
 411 F X   0.004 0.111 0.001 0.018 0.004 0.006 0.480 0.376 
 412 D X   0.002 0.083 0.001 0.013 0.003 0.004 0.504 0.392 
 413 H X   0.001 0.055 0.000 0.007 0.001 0.001 0.522 0.412 
 414 L X   0.000 0.038 0.000 0.004 0.000 0.000 0.529 0.429 
 415 G X   0.000 0.031 0.000 0.005 0.000 0.001 0.528 0.435 
 416 K X   0.003 0.029 0.001 0.012 0.003 0.003 0.519 0.431 
