#TopoPred_TM8: 8-state transmembrane topology prediction results by no_profile mode 
#probabilities are in the order of H E C I L F X _, the 8 transmembrane topology types used in PDBTM 
   1 M X   0.016 0.001 0.002 0.047 0.010 0.015 0.669 0.240 
   2 P X   0.006 0.001 0.000 0.031 0.002 0.010 0.685 0.264 
   3 L X   0.003 0.001 0.000 0.022 0.001 0.010 0.686 0.276 
   4 A X   0.004 0.002 0.000 0.020 0.002 0.012 0.681 0.280 
   5 A X   0.006 0.004 0.000 0.021 0.003 0.017 0.669 0.279 
   6 Y X   0.010 0.008 0.001 0.024 0.006 0.023 0.650 0.279 
   7 C X   0.014 0.014 0.001 0.028 0.009 0.027 0.630 0.277 
   8 Y X   0.017 0.022 0.001 0.033 0.011 0.029 0.609 0.278 
   9 L X   0.018 0.031 0.001 0.037 0.013 0.029 0.588 0.282 
  10 R X   0.018 0.037 0.001 0.038 0.015 0.029 0.569 0.292 
  11 V X   0.018 0.041 0.001 0.037 0.015 0.028 0.553 0.307 
  12 V X   0.017 0.043 0.001 0.033 0.014 0.026 0.539 0.327 
  13 G X   0.016 0.044 0.001 0.028 0.013 0.024 0.528 0.346 
  14 K X   0.016 0.043 0.001 0.023 0.012 0.023 0.518 0.364 
  15 G X   0.016 0.042 0.001 0.020 0.011 0.022 0.510 0.379 
  16 S X   0.015 0.041 0.001 0.018 0.010 0.020 0.503 0.392 
  17 Y X   0.015 0.041 0.001 0.017 0.009 0.019 0.496 0.402 
  18 G X   0.014 0.040 0.001 0.018 0.008 0.018 0.491 0.411 
  19 E X   0.013 0.039 0.001 0.018 0.008 0.017 0.485 0.419 
  20 V X   0.013 0.038 0.001 0.018 0.007 0.015 0.481 0.428 
  21 T X   0.012 0.036 0.001 0.018 0.007 0.014 0.476 0.438 
  22 L X   0.010 0.033 0.001 0.016 0.006 0.012 0.472 0.450 
  23 V X   0.009 0.029 0.001 0.013 0.005 0.010 0.469 0.465 
  24 K _   0.008 0.025 0.000 0.010 0.004 0.009 0.465 0.480 
  25 H _   0.006 0.021 0.000 0.008 0.003 0.007 0.461 0.493 
  26 R _   0.005 0.018 0.000 0.006 0.002 0.006 0.457 0.505 
  27 R _   0.005 0.015 0.000 0.005 0.002 0.006 0.453 0.514 
  28 D _   0.004 0.014 0.000 0.004 0.002 0.006 0.448 0.521 
  29 G _   0.004 0.014 0.000 0.005 0.002 0.006 0.443 0.526 
  30 K _   0.004 0.015 0.000 0.006 0.002 0.006 0.437 0.528 
  31 Q _   0.004 0.017 0.000 0.009 0.003 0.007 0.431 0.529 
  32 Y _   0.005 0.020 0.000 0.012 0.003 0.007 0.424 0.528 
  33 V _   0.005 0.023 0.000 0.015 0.004 0.008 0.418 0.527 
  34 I _   0.005 0.025 0.001 0.018 0.004 0.008 0.411 0.527 
  35 K _   0.005 0.027 0.001 0.019 0.005 0.008 0.406 0.529 
  36 K _   0.005 0.027 0.001 0.019 0.004 0.008 0.401 0.534 
  37 L _   0.005 0.027 0.000 0.017 0.004 0.008 0.398 0.541 
  38 N _   0.005 0.025 0.000 0.015 0.003 0.007 0.395 0.550 
  39 L _   0.004 0.023 0.000 0.012 0.003 0.006 0.392 0.560 
  40 R _   0.004 0.021 0.000 0.009 0.002 0.006 0.389 0.569 
  41 N _   0.004 0.019 0.000 0.007 0.002 0.005 0.387 0.576 
  42 A _   0.004 0.017 0.000 0.006 0.002 0.005 0.384 0.583 
  43 S _   0.004 0.017 0.000 0.005 0.002 0.005 0.380 0.588 
  44 S _   0.004 0.017 0.000 0.005 0.002 0.005 0.376 0.592 
  45 R _   0.004 0.018 0.000 0.005 0.002 0.006 0.371 0.594 
  46 E _   0.004 0.020 0.000 0.007 0.002 0.007 0.365 0.595 
  47 R _   0.004 0.024 0.000 0.009 0.003 0.008 0.358 0.593 
  48 R _   0.005 0.029 0.000 0.013 0.004 0.009 0.351 0.589 
  49 A _   0.005 0.035 0.001 0.017 0.005 0.011 0.343 0.584 
  50 A _   0.005 0.041 0.001 0.021 0.006 0.012 0.336 0.578 
  51 E _   0.006 0.047 0.001 0.026 0.007 0.013 0.329 0.573 
  52 Q _   0.006 0.051 0.001 0.029 0.007 0.013 0.323 0.571 
  53 E _   0.006 0.052 0.001 0.030 0.008 0.013 0.318 0.571 
  54 A _   0.006 0.053 0.001 0.030 0.008 0.013 0.315 0.575 
  55 Q _   0.007 0.051 0.001 0.028 0.007 0.013 0.312 0.582 
  56 L _   0.007 0.048 0.001 0.025 0.007 0.012 0.310 0.591 
  57 L _   0.007 0.043 0.001 0.021 0.006 0.011 0.309 0.601 
  58 S _   0.007 0.037 0.001 0.017 0.005 0.011 0.308 0.613 
  59 Q _   0.008 0.030 0.001 0.014 0.005 0.010 0.308 0.625 
  60 L _   0.008 0.024 0.001 0.012 0.004 0.009 0.308 0.635 
  61 K _   0.008 0.019 0.000 0.010 0.004 0.009 0.308 0.643 
  62 H _   0.008 0.015 0.000 0.009 0.003 0.009 0.308 0.649 
  63 P _   0.008 0.011 0.000 0.008 0.003 0.008 0.308 0.654 
  64 N _   0.007 0.009 0.000 0.008 0.003 0.008 0.307 0.657 
  65 I _   0.007 0.007 0.000 0.008 0.003 0.008 0.306 0.661 
  66 V _   0.007 0.006 0.000 0.007 0.003 0.008 0.305 0.664 
  67 T _   0.007 0.004 0.000 0.007 0.003 0.008 0.303 0.668 
  68 Y _   0.007 0.003 0.000 0.006 0.003 0.008 0.301 0.672 
  69 K _   0.007 0.002 0.000 0.005 0.002 0.008 0.299 0.676 
  70 E _   0.007 0.002 0.000 0.004 0.002 0.009 0.296 0.680 
  71 S _   0.008 0.001 0.000 0.003 0.002 0.010 0.292 0.683 
  72 W _   0.010 0.001 0.000 0.003 0.002 0.012 0.288 0.683 
  73 E _   0.014 0.001 0.000 0.003 0.003 0.015 0.283 0.680 
  74 G _   0.022 0.002 0.000 0.003 0.005 0.021 0.277 0.670 
  75 G _   0.033 0.003 0.001 0.005 0.008 0.028 0.270 0.652 
  76 D _   0.049 0.008 0.001 0.007 0.014 0.037 0.262 0.622 
  77 G _   0.066 0.020 0.002 0.011 0.024 0.047 0.252 0.578 
  78 L _   0.084 0.042 0.002 0.017 0.037 0.056 0.242 0.519 
  79 L _   0.097 0.074 0.003 0.026 0.048 0.063 0.232 0.457 
  80 Y _   0.107 0.106 0.003 0.035 0.056 0.066 0.224 0.403 
  81 I _   0.112 0.134 0.003 0.043 0.059 0.065 0.218 0.365 
  82 V _   0.113 0.151 0.003 0.050 0.058 0.063 0.215 0.347 
  83 M _   0.110 0.160 0.003 0.055 0.055 0.059 0.214 0.346 
  84 G _   0.104 0.162 0.003 0.056 0.050 0.054 0.214 0.359 
  85 F _   0.096 0.157 0.002 0.052 0.043 0.048 0.215 0.387 
  86 C _   0.084 0.144 0.002 0.046 0.034 0.041 0.218 0.430 
  87 E _   0.071 0.123 0.002 0.038 0.026 0.035 0.221 0.485 
  88 G _   0.057 0.094 0.002 0.028 0.018 0.028 0.225 0.547 
  89 G _   0.045 0.065 0.001 0.020 0.012 0.023 0.229 0.605 
  90 D _   0.034 0.041 0.001 0.014 0.008 0.018 0.232 0.653 
  91 L _   0.026 0.024 0.001 0.010 0.005 0.014 0.234 0.687 
  92 Y _   0.019 0.014 0.000 0.007 0.003 0.011 0.235 0.710 
  93 R _   0.014 0.008 0.000 0.005 0.002 0.009 0.236 0.726 
  94 K _   0.011 0.005 0.000 0.005 0.002 0.007 0.235 0.736 
  95 L _   0.008 0.003 0.000 0.004 0.002 0.006 0.234 0.743 
  96 K _   0.007 0.002 0.000 0.004 0.002 0.006 0.231 0.748 
  97 E _   0.006 0.001 0.000 0.004 0.002 0.006 0.228 0.753 
  98 Q _   0.006 0.001 0.000 0.004 0.002 0.006 0.224 0.758 
  99 K _   0.006 0.001 0.000 0.004 0.002 0.006 0.220 0.762 
 100 G _   0.007 0.000 0.000 0.004 0.002 0.006 0.214 0.766 
 101 Q _   0.010 0.000 0.000 0.004 0.002 0.007 0.207 0.770 
 102 L _   0.016 0.000 0.000 0.004 0.002 0.009 0.198 0.770 
 103 L _   0.027 0.000 0.000 0.004 0.003 0.012 0.189 0.765 
 104 P _   0.048 0.000 0.001 0.004 0.004 0.016 0.177 0.750 
 105 E _   0.085 0.000 0.001 0.004 0.006 0.022 0.164 0.719 
 106 N _   0.141 0.000 0.001 0.004 0.010 0.029 0.147 0.668 
 107 Q _   0.216 0.000 0.001 0.004 0.016 0.037 0.130 0.597 
 108 V _   0.302 0.000 0.002 0.004 0.024 0.045 0.113 0.512 
 109 V _   0.388 0.000 0.002 0.004 0.033 0.051 0.098 0.423 
 110 E H   0.462 0.000 0.002 0.005 0.042 0.055 0.086 0.347 
 111 W H   0.518 0.001 0.002 0.005 0.050 0.057 0.078 0.289 
 112 F H   0.558 0.001 0.002 0.006 0.054 0.056 0.072 0.249 
 113 V H   0.582 0.002 0.002 0.007 0.057 0.055 0.069 0.226 
 114 Q H   0.593 0.002 0.002 0.009 0.057 0.052 0.066 0.218 
 115 I H   0.590 0.003 0.002 0.009 0.056 0.048 0.065 0.226 
 116 A H   0.574 0.003 0.002 0.010 0.052 0.045 0.065 0.250 
 117 M H   0.543 0.002 0.003 0.009 0.047 0.041 0.065 0.290 
 118 A H   0.499 0.002 0.002 0.009 0.039 0.037 0.066 0.346 
 119 L H   0.438 0.001 0.002 0.008 0.031 0.033 0.067 0.420 
 120 Q _   0.366 0.001 0.002 0.007 0.023 0.028 0.069 0.504 
 121 Y _   0.291 0.001 0.001 0.006 0.016 0.024 0.072 0.588 
 122 L _   0.221 0.000 0.001 0.006 0.012 0.021 0.074 0.665 
 123 H _   0.161 0.000 0.001 0.005 0.008 0.018 0.076 0.730 
 124 E _   0.115 0.000 0.001 0.005 0.006 0.015 0.078 0.779 
 125 K _   0.080 0.000 0.001 0.005 0.005 0.013 0.079 0.817 
 126 H _   0.055 0.000 0.001 0.005 0.004 0.012 0.079 0.844 
 127 I _   0.038 0.000 0.000 0.005 0.003 0.010 0.080 0.863 
 128 L _   0.027 0.000 0.000 0.005 0.003 0.010 0.079 0.876 
 129 H _   0.021 0.000 0.000 0.004 0.003 0.009 0.079 0.884 
 130 R _   0.016 0.000 0.000 0.004 0.003 0.009 0.078 0.889 
 131 D _   0.014 0.000 0.000 0.004 0.003 0.010 0.077 0.892 
 132 L _   0.013 0.000 0.000 0.004 0.003 0.011 0.075 0.893 
 133 K _   0.013 0.000 0.000 0.004 0.003 0.012 0.074 0.892 
 134 T _   0.015 0.001 0.000 0.005 0.004 0.014 0.072 0.889 
 135 Q _   0.017 0.001 0.001 0.006 0.005 0.016 0.070 0.883 
 136 N _   0.020 0.001 0.001 0.008 0.007 0.019 0.068 0.876 
 137 V _   0.024 0.001 0.001 0.010 0.008 0.022 0.066 0.868 
 138 F _   0.028 0.002 0.001 0.011 0.010 0.026 0.064 0.859 
 139 L _   0.033 0.002 0.001 0.012 0.011 0.029 0.061 0.850 
 140 T _   0.039 0.002 0.001 0.012 0.012 0.031 0.059 0.843 
 141 R _   0.045 0.002 0.001 0.011 0.013 0.034 0.057 0.836 
 142 T _   0.051 0.002 0.001 0.010 0.014 0.036 0.055 0.830 
 143 N _   0.060 0.002 0.001 0.009 0.015 0.039 0.053 0.822 
 144 I _   0.069 0.002 0.001 0.008 0.016 0.042 0.052 0.812 
 145 I _   0.080 0.002 0.001 0.007 0.017 0.045 0.050 0.798 
 146 K _   0.090 0.002 0.001 0.008 0.020 0.048 0.049 0.782 
 147 V _   0.101 0.003 0.001 0.009 0.023 0.051 0.047 0.764 
 148 G _   0.109 0.004 0.002 0.011 0.027 0.054 0.046 0.746 
 149 D _   0.115 0.006 0.002 0.015 0.031 0.056 0.045 0.730 
 150 L _   0.116 0.008 0.002 0.019 0.033 0.056 0.045 0.720 
 151 G _   0.114 0.010 0.002 0.023 0.034 0.055 0.044 0.718 
 152 I _   0.110 0.011 0.002 0.025 0.032 0.053 0.044 0.724 
 153 A _   0.102 0.011 0.002 0.024 0.029 0.049 0.044 0.739 
 154 R _   0.092 0.010 0.002 0.021 0.024 0.045 0.045 0.762 
 155 V _   0.080 0.008 0.001 0.017 0.018 0.040 0.045 0.791 
 156 L _   0.067 0.006 0.001 0.012 0.013 0.036 0.045 0.819 
 157 E _   0.057 0.004 0.001 0.008 0.010 0.033 0.045 0.843 
 158 N _   0.048 0.004 0.001 0.006 0.008 0.030 0.045 0.859 
 159 H _   0.043 0.003 0.001 0.004 0.007 0.029 0.044 0.868 
 160 C _   0.041 0.004 0.001 0.005 0.007 0.030 0.044 0.869 
 161 D _   0.040 0.007 0.001 0.006 0.009 0.031 0.043 0.863 
 162 M _   0.041 0.013 0.001 0.010 0.011 0.033 0.043 0.849 
 163 A _   0.042 0.023 0.001 0.016 0.015 0.035 0.042 0.826 
 164 S _   0.042 0.037 0.002 0.023 0.019 0.036 0.041 0.800 
 165 T _   0.042 0.052 0.002 0.031 0.021 0.036 0.040 0.776 
 166 L _   0.040 0.063 0.002 0.038 0.023 0.036 0.040 0.759 
 167 I _   0.038 0.070 0.002 0.043 0.023 0.034 0.040 0.751 
 168 G _   0.035 0.074 0.002 0.044 0.022 0.032 0.040 0.752 
 169 T _   0.032 0.074 0.001 0.043 0.020 0.030 0.040 0.759 
 170 P _   0.029 0.071 0.001 0.040 0.017 0.027 0.041 0.773 
 171 Y _   0.026 0.066 0.001 0.035 0.015 0.024 0.042 0.791 
 172 Y _   0.023 0.058 0.001 0.030 0.012 0.021 0.044 0.811 
 173 M _   0.020 0.049 0.001 0.026 0.009 0.018 0.045 0.832 
 174 S _   0.017 0.039 0.001 0.021 0.007 0.015 0.046 0.853 
 175 P _   0.015 0.030 0.001 0.017 0.006 0.013 0.048 0.872 
 176 E _   0.012 0.021 0.001 0.013 0.004 0.011 0.049 0.889 
 177 L _   0.011 0.014 0.000 0.010 0.003 0.009 0.049 0.903 
 178 F _   0.009 0.009 0.000 0.008 0.003 0.007 0.050 0.915 
 179 S _   0.008 0.005 0.000 0.005 0.002 0.006 0.049 0.925 
 180 N _   0.008 0.002 0.000 0.004 0.001 0.004 0.049 0.931 
 181 K _   0.009 0.001 0.000 0.002 0.001 0.004 0.047 0.935 
 182 P _   0.012 0.000 0.000 0.002 0.001 0.003 0.045 0.936 
 183 Y _   0.020 0.000 0.000 0.001 0.001 0.004 0.043 0.931 
 184 N _   0.038 0.000 0.000 0.001 0.002 0.005 0.040 0.914 
 185 Y _   0.080 0.000 0.000 0.001 0.003 0.007 0.035 0.874 
 186 K _   0.157 0.000 0.001 0.001 0.004 0.009 0.030 0.798 
 187 S _   0.277 0.000 0.001 0.001 0.006 0.012 0.023 0.679 
 188 D _   0.428 0.000 0.001 0.001 0.010 0.015 0.017 0.529 
 189 V H   0.580 0.000 0.001 0.001 0.014 0.016 0.011 0.376 
 190 W H   0.704 0.000 0.001 0.001 0.017 0.017 0.008 0.252 
 191 A H   0.789 0.000 0.001 0.001 0.020 0.016 0.005 0.167 
 192 L H   0.844 0.000 0.001 0.001 0.022 0.015 0.004 0.114 
 193 G H   0.875 0.000 0.001 0.001 0.022 0.013 0.003 0.084 
 194 C H   0.891 0.000 0.001 0.001 0.023 0.012 0.003 0.069 
 195 C H   0.894 0.000 0.001 0.001 0.023 0.011 0.003 0.066 
 196 V H   0.888 0.000 0.001 0.001 0.024 0.011 0.003 0.072 
 197 Y H   0.869 0.000 0.001 0.001 0.024 0.010 0.004 0.090 
 198 E H   0.834 0.000 0.002 0.001 0.024 0.011 0.005 0.123 
 199 M H   0.776 0.000 0.002 0.002 0.024 0.011 0.007 0.179 
 200 A H   0.694 0.000 0.002 0.002 0.022 0.012 0.009 0.259 
 201 T H   0.590 0.000 0.002 0.002 0.019 0.012 0.013 0.362 
 202 L _   0.472 0.000 0.002 0.003 0.015 0.012 0.018 0.478 
 203 K _   0.352 0.000 0.001 0.003 0.011 0.012 0.024 0.596 
 204 H _   0.249 0.000 0.001 0.003 0.008 0.011 0.030 0.698 
 205 A _   0.166 0.000 0.001 0.003 0.006 0.011 0.035 0.778 
 206 F _   0.109 0.000 0.001 0.003 0.004 0.010 0.039 0.834 
 207 N _   0.072 0.000 0.000 0.002 0.003 0.010 0.043 0.870 
 208 A _   0.050 0.000 0.000 0.003 0.003 0.010 0.045 0.888 
 209 K _   0.038 0.001 0.000 0.003 0.003 0.011 0.047 0.896 
 210 D _   0.032 0.003 0.000 0.004 0.004 0.014 0.049 0.895 
 211 M _   0.029 0.007 0.001 0.007 0.006 0.016 0.050 0.884 
 212 N _   0.028 0.015 0.001 0.013 0.008 0.020 0.052 0.863 
 213 S _   0.028 0.030 0.001 0.022 0.012 0.023 0.053 0.830 
 214 L _   0.028 0.049 0.001 0.033 0.016 0.026 0.055 0.792 
 215 V _   0.027 0.067 0.002 0.045 0.018 0.027 0.057 0.757 
 216 Y _   0.027 0.079 0.002 0.055 0.020 0.027 0.059 0.732 
 217 R _   0.025 0.085 0.002 0.060 0.020 0.027 0.062 0.720 
 218 I _   0.023 0.087 0.001 0.060 0.018 0.025 0.067 0.718 
 219 I _   0.021 0.084 0.001 0.056 0.016 0.023 0.072 0.727 
 220 E _   0.019 0.077 0.001 0.048 0.013 0.020 0.078 0.745 
 221 G _   0.016 0.065 0.001 0.037 0.010 0.017 0.084 0.770 
 222 K _   0.014 0.048 0.001 0.026 0.007 0.014 0.091 0.799 
 223 L _   0.012 0.031 0.001 0.017 0.005 0.011 0.097 0.827 
 224 P _   0.009 0.018 0.000 0.010 0.003 0.008 0.103 0.848 
 225 P _   0.007 0.010 0.000 0.005 0.002 0.007 0.106 0.862 
 226 M _   0.006 0.006 0.000 0.003 0.001 0.006 0.109 0.869 
 227 P _   0.005 0.005 0.000 0.002 0.001 0.006 0.110 0.871 
 228 R _   0.006 0.005 0.000 0.002 0.001 0.007 0.111 0.869 
 229 D _   0.007 0.006 0.000 0.003 0.002 0.009 0.111 0.862 
 230 Y _   0.010 0.011 0.000 0.005 0.003 0.013 0.110 0.847 
 231 S _   0.013 0.028 0.001 0.011 0.007 0.019 0.109 0.812 
 232 P _   0.017 0.070 0.001 0.022 0.013 0.026 0.106 0.744 
 233 E _   0.020 0.143 0.002 0.039 0.020 0.032 0.102 0.643 
 234 L _   0.020 0.223 0.002 0.058 0.024 0.034 0.098 0.541 
 235 A _   0.019 0.281 0.002 0.074 0.026 0.034 0.095 0.469 
 236 E _   0.018 0.313 0.002 0.084 0.025 0.033 0.094 0.431 
 237 L _   0.017 0.326 0.002 0.089 0.024 0.032 0.094 0.417 
 238 I _   0.016 0.327 0.002 0.087 0.023 0.029 0.096 0.419 
 239 R _   0.016 0.319 0.002 0.080 0.021 0.027 0.099 0.437 
 240 T _   0.015 0.296 0.002 0.069 0.019 0.024 0.103 0.473 
 241 M _   0.015 0.254 0.002 0.055 0.016 0.021 0.108 0.529 
 242 L _   0.015 0.190 0.002 0.039 0.013 0.019 0.116 0.606 
 243 S _   0.015 0.119 0.001 0.026 0.010 0.016 0.123 0.689 
 244 K _   0.013 0.063 0.001 0.015 0.007 0.014 0.130 0.757 
 245 R _   0.011 0.030 0.001 0.009 0.004 0.012 0.135 0.799 
 246 P _   0.009 0.015 0.000 0.005 0.003 0.010 0.138 0.819 
 247 E _   0.008 0.010 0.000 0.004 0.002 0.010 0.140 0.827 
 248 E _   0.008 0.008 0.000 0.003 0.002 0.010 0.141 0.829 
 249 R _   0.008 0.007 0.000 0.004 0.002 0.011 0.141 0.826 
 250 P _   0.009 0.008 0.000 0.006 0.003 0.012 0.141 0.821 
 251 S _   0.010 0.009 0.000 0.008 0.004 0.014 0.141 0.813 
 252 V _   0.011 0.012 0.001 0.012 0.005 0.017 0.140 0.803 
 253 R _   0.012 0.014 0.001 0.015 0.007 0.019 0.140 0.792 
 254 S _   0.013 0.016 0.001 0.018 0.008 0.021 0.139 0.784 
 255 I _   0.014 0.018 0.001 0.019 0.009 0.023 0.139 0.778 
 256 L _   0.015 0.018 0.001 0.018 0.009 0.025 0.139 0.775 
 257 R _   0.017 0.018 0.001 0.015 0.009 0.027 0.140 0.774 
 258 Q _   0.019 0.018 0.001 0.013 0.009 0.029 0.140 0.772 
 259 P _   0.023 0.017 0.001 0.010 0.009 0.032 0.140 0.767 
 260 Y _   0.028 0.018 0.001 0.008 0.011 0.036 0.140 0.758 
 261 I _   0.036 0.019 0.001 0.008 0.013 0.040 0.141 0.742 
 262 K _   0.045 0.023 0.001 0.009 0.017 0.046 0.141 0.719 
 263 R _   0.055 0.032 0.001 0.012 0.023 0.051 0.141 0.684 
 264 Q _   0.064 0.049 0.002 0.018 0.031 0.056 0.141 0.640 
 265 I _   0.070 0.074 0.002 0.027 0.039 0.058 0.142 0.588 
 266 S _   0.074 0.101 0.003 0.037 0.043 0.058 0.144 0.540 
 267 F _   0.074 0.123 0.003 0.048 0.045 0.057 0.146 0.505 
 268 F _   0.071 0.137 0.003 0.056 0.044 0.054 0.150 0.485 
 269 L _   0.068 0.144 0.002 0.061 0.041 0.049 0.155 0.479 
 270 E _   0.063 0.145 0.002 0.061 0.037 0.045 0.161 0.486 
 271 A _   0.056 0.141 0.002 0.057 0.031 0.039 0.168 0.505 
 272 T _   0.048 0.130 0.002 0.050 0.025 0.033 0.177 0.536 
 273 K _   0.041 0.112 0.002 0.040 0.018 0.027 0.187 0.573 
 274 I _   0.033 0.089 0.001 0.031 0.013 0.022 0.197 0.612 
 275 K _   0.027 0.065 0.001 0.023 0.009 0.018 0.208 0.649 
 276 T _   0.021 0.044 0.001 0.016 0.006 0.014 0.217 0.681 
 277 S _   0.016 0.028 0.001 0.011 0.004 0.011 0.225 0.705 
 278 K _   0.012 0.018 0.000 0.007 0.003 0.008 0.230 0.721 
 279 N _   0.009 0.012 0.000 0.005 0.002 0.006 0.233 0.732 
 280 N _   0.007 0.009 0.000 0.004 0.001 0.005 0.236 0.738 
 281 I _   0.005 0.008 0.000 0.003 0.001 0.004 0.236 0.742 
 282 K _   0.004 0.007 0.000 0.003 0.001 0.004 0.236 0.744 
 283 N _   0.004 0.008 0.000 0.003 0.001 0.005 0.235 0.745 
 284 G _   0.004 0.009 0.000 0.004 0.001 0.006 0.232 0.744 
 285 D _   0.004 0.014 0.000 0.005 0.002 0.007 0.228 0.739 
 286 S _   0.005 0.024 0.000 0.009 0.003 0.010 0.222 0.725 
 287 Q _   0.006 0.046 0.001 0.015 0.005 0.013 0.214 0.698 
 288 S _   0.008 0.086 0.001 0.025 0.009 0.017 0.203 0.652 
 289 K _   0.008 0.141 0.001 0.038 0.012 0.019 0.190 0.591 
 290 P _   0.008 0.196 0.002 0.050 0.014 0.020 0.178 0.532 
 291 F _   0.007 0.240 0.001 0.061 0.015 0.020 0.169 0.486 
 292 A _   0.007 0.266 0.001 0.069 0.015 0.020 0.163 0.458 
 293 T _   0.007 0.280 0.001 0.072 0.015 0.020 0.159 0.446 
 294 V _   0.007 0.285 0.001 0.071 0.015 0.019 0.157 0.446 
 295 V _   0.007 0.283 0.001 0.066 0.014 0.017 0.156 0.455 
 296 S _   0.007 0.274 0.001 0.058 0.013 0.016 0.156 0.475 
 297 G _   0.007 0.256 0.001 0.048 0.011 0.015 0.158 0.504 
 298 E _   0.008 0.228 0.001 0.037 0.010 0.014 0.161 0.542 
 299 A _   0.008 0.195 0.001 0.028 0.008 0.013 0.164 0.583 
 300 E _   0.008 0.162 0.001 0.021 0.006 0.012 0.168 0.623 
 301 S _   0.008 0.135 0.001 0.016 0.005 0.011 0.171 0.653 
 302 N _   0.007 0.116 0.001 0.013 0.004 0.011 0.174 0.674 
 303 H _   0.007 0.104 0.000 0.012 0.004 0.010 0.176 0.687 
 304 E _   0.007 0.095 0.000 0.011 0.003 0.010 0.178 0.695 
 305 V _   0.007 0.089 0.000 0.011 0.003 0.009 0.180 0.700 
 306 I _   0.007 0.085 0.000 0.011 0.003 0.009 0.181 0.703 
 307 H _   0.007 0.080 0.000 0.011 0.003 0.009 0.182 0.707 
 308 P _   0.006 0.076 0.000 0.011 0.003 0.008 0.183 0.712 
 309 Q _   0.006 0.072 0.000 0.010 0.003 0.008 0.184 0.717 
 310 P _   0.005 0.068 0.000 0.009 0.003 0.008 0.184 0.722 
 311 L _   0.005 0.066 0.000 0.008 0.003 0.008 0.184 0.726 
 312 S _   0.005 0.064 0.000 0.007 0.003 0.008 0.184 0.729 
 313 S _   0.005 0.065 0.000 0.007 0.003 0.009 0.184 0.728 
 314 E _   0.006 0.067 0.000 0.008 0.003 0.010 0.183 0.723 
 315 G _   0.006 0.072 0.000 0.011 0.004 0.011 0.182 0.713 
 316 S _   0.007 0.081 0.001 0.016 0.005 0.012 0.180 0.698 
 317 Q _   0.008 0.091 0.001 0.022 0.007 0.014 0.179 0.678 
 318 T _   0.008 0.101 0.001 0.029 0.008 0.015 0.178 0.660 
 319 Y _   0.008 0.109 0.001 0.035 0.009 0.015 0.178 0.645 
 320 I _   0.008 0.113 0.001 0.039 0.010 0.015 0.178 0.636 
 321 M _   0.008 0.115 0.001 0.040 0.009 0.015 0.180 0.633 
 322 G _   0.008 0.112 0.001 0.038 0.009 0.014 0.182 0.637 
 323 E _   0.008 0.106 0.001 0.034 0.008 0.013 0.185 0.647 
 324 G _   0.008 0.096 0.001 0.028 0.007 0.011 0.189 0.662 
 325 K _   0.007 0.082 0.001 0.021 0.005 0.010 0.193 0.681 
 326 C _   0.007 0.066 0.001 0.016 0.004 0.009 0.198 0.700 
 327 L _   0.006 0.052 0.000 0.011 0.003 0.008 0.202 0.717 
 328 S _   0.006 0.042 0.000 0.008 0.003 0.007 0.206 0.729 
 329 Q _   0.005 0.036 0.000 0.006 0.002 0.006 0.208 0.736 
 330 E _   0.005 0.032 0.000 0.005 0.002 0.006 0.210 0.739 
 331 K _   0.005 0.030 0.000 0.005 0.002 0.006 0.211 0.740 
 332 P _   0.005 0.030 0.000 0.006 0.002 0.006 0.212 0.739 
 333 R _   0.005 0.031 0.000 0.007 0.002 0.007 0.212 0.736 
 334 A _   0.005 0.033 0.000 0.008 0.002 0.007 0.212 0.732 
 335 S _   0.005 0.035 0.000 0.010 0.003 0.008 0.212 0.727 
 336 G _   0.005 0.039 0.000 0.012 0.003 0.009 0.211 0.721 
 337 L _   0.005 0.042 0.000 0.015 0.004 0.009 0.211 0.714 
 338 L _   0.005 0.045 0.001 0.017 0.004 0.010 0.210 0.708 
 339 K _   0.005 0.048 0.001 0.019 0.005 0.010 0.210 0.703 
 340 S _   0.005 0.050 0.001 0.020 0.005 0.010 0.210 0.698 
 341 P _   0.005 0.052 0.001 0.022 0.005 0.011 0.210 0.694 
 342 A _   0.006 0.053 0.001 0.023 0.006 0.011 0.211 0.690 
 343 S _   0.006 0.052 0.001 0.024 0.006 0.011 0.213 0.687 
 344 L _   0.006 0.051 0.001 0.024 0.006 0.011 0.215 0.686 
 345 K _   0.007 0.048 0.001 0.023 0.006 0.011 0.218 0.687 
 346 A _   0.007 0.044 0.001 0.020 0.005 0.010 0.221 0.691 
 347 H _   0.006 0.039 0.001 0.017 0.005 0.009 0.225 0.698 
 348 T _   0.006 0.032 0.001 0.014 0.004 0.009 0.229 0.707 
 349 C _   0.006 0.026 0.000 0.010 0.003 0.008 0.232 0.715 
 350 K _   0.005 0.020 0.000 0.007 0.002 0.008 0.235 0.722 
 351 Q _   0.005 0.017 0.000 0.005 0.002 0.008 0.237 0.727 
 352 D _   0.005 0.015 0.000 0.004 0.002 0.008 0.238 0.727 
 353 L _   0.006 0.015 0.000 0.004 0.002 0.009 0.239 0.725 
 354 S _   0.007 0.016 0.000 0.004 0.003 0.012 0.239 0.718 
 355 N _   0.010 0.020 0.000 0.006 0.004 0.015 0.239 0.705 
 356 T _   0.013 0.029 0.001 0.010 0.007 0.020 0.238 0.682 
 357 T _   0.016 0.048 0.001 0.016 0.011 0.024 0.237 0.647 
 358 E _   0.019 0.075 0.001 0.024 0.015 0.028 0.236 0.602 
 359 L _   0.020 0.102 0.002 0.032 0.019 0.031 0.235 0.559 
 360 A _   0.022 0.126 0.002 0.039 0.022 0.033 0.234 0.523 
 361 T _   0.023 0.142 0.002 0.044 0.024 0.034 0.235 0.498 
 362 I _   0.023 0.152 0.002 0.046 0.024 0.033 0.237 0.482 
 363 S _   0.023 0.157 0.002 0.047 0.024 0.033 0.241 0.474 
 364 S _   0.024 0.158 0.002 0.046 0.023 0.031 0.245 0.472 
 365 V _   0.023 0.155 0.002 0.044 0.021 0.029 0.251 0.475 
 366 N _   0.023 0.149 0.001 0.041 0.019 0.027 0.258 0.481 
 367 I _   0.022 0.140 0.001 0.037 0.017 0.025 0.267 0.492 
 368 D _   0.021 0.126 0.001 0.032 0.014 0.022 0.277 0.506 
 369 I _   0.019 0.108 0.001 0.028 0.012 0.020 0.288 0.523 
 370 L _   0.018 0.088 0.001 0.022 0.009 0.017 0.300 0.544 
 371 P _   0.016 0.067 0.001 0.018 0.007 0.015 0.312 0.564 
 372 A _   0.013 0.049 0.001 0.013 0.006 0.012 0.323 0.583 
 373 K _   0.011 0.034 0.001 0.010 0.004 0.010 0.332 0.598 
 374 G _   0.009 0.024 0.000 0.007 0.003 0.009 0.340 0.608 
 375 R _   0.007 0.018 0.000 0.005 0.002 0.008 0.346 0.612 
 376 D _   0.006 0.015 0.000 0.005 0.002 0.007 0.351 0.613 
 377 S _   0.006 0.014 0.000 0.005 0.002 0.007 0.355 0.611 
 378 V _   0.005 0.014 0.000 0.006 0.002 0.007 0.359 0.607 
 379 S _   0.005 0.014 0.000 0.008 0.003 0.007 0.362 0.601 
 380 D _   0.005 0.015 0.000 0.011 0.003 0.008 0.365 0.594 
 381 G _   0.005 0.015 0.000 0.013 0.004 0.008 0.369 0.586 
 382 F _   0.005 0.016 0.000 0.015 0.004 0.008 0.372 0.580 
 383 V _   0.005 0.016 0.000 0.016 0.004 0.008 0.376 0.575 
 384 Q _   0.004 0.015 0.000 0.016 0.004 0.007 0.381 0.572 
 385 E _   0.004 0.014 0.000 0.014 0.003 0.007 0.386 0.571 
 386 N _   0.004 0.012 0.000 0.012 0.003 0.006 0.391 0.572 
 387 Q _   0.004 0.010 0.000 0.009 0.002 0.006 0.396 0.574 
 388 P _   0.003 0.008 0.000 0.006 0.002 0.005 0.400 0.575 
 389 R _   0.003 0.007 0.000 0.004 0.001 0.005 0.404 0.575 
 390 Y _   0.003 0.007 0.000 0.003 0.001 0.005 0.407 0.573 
 391 L _   0.003 0.007 0.000 0.003 0.001 0.006 0.409 0.570 
 392 D _   0.004 0.008 0.000 0.003 0.002 0.008 0.411 0.564 
 393 A _   0.006 0.011 0.000 0.004 0.003 0.011 0.413 0.553 
 394 S _   0.008 0.017 0.000 0.006 0.004 0.014 0.413 0.536 
 395 N _   0.012 0.031 0.001 0.010 0.007 0.019 0.413 0.508 
 396 E _   0.015 0.055 0.001 0.015 0.011 0.024 0.412 0.466 
 397 L _   0.018 0.087 0.001 0.021 0.015 0.029 0.411 0.417 
 398 G X   0.020 0.121 0.002 0.027 0.019 0.033 0.411 0.367 
 399 G X   0.022 0.153 0.002 0.032 0.023 0.035 0.412 0.322 
 400 I X   0.023 0.178 0.002 0.037 0.025 0.037 0.414 0.286 
 401 C X   0.024 0.195 0.002 0.040 0.027 0.037 0.417 0.258 
 402 S X   0.024 0.206 0.002 0.043 0.028 0.037 0.422 0.238 
 403 I X   0.024 0.212 0.002 0.045 0.028 0.035 0.429 0.224 
 404 S X   0.024 0.214 0.002 0.046 0.028 0.034 0.438 0.214 
 405 Q X   0.023 0.212 0.002 0.047 0.026 0.031 0.450 0.209 
 406 V X   0.022 0.206 0.002 0.046 0.023 0.028 0.466 0.208 
 407 E X   0.020 0.194 0.002 0.043 0.020 0.025 0.484 0.212 
 408 E X   0.018 0.174 0.002 0.039 0.017 0.022 0.508 0.222 
 409 E X   0.016 0.147 0.002 0.033 0.014 0.018 0.535 0.236 
 410 M X   0.014 0.113 0.001 0.026 0.011 0.015 0.565 0.255 
 411 L X   0.011 0.078 0.001 0.019 0.008 0.012 0.596 0.275 
 412 Q X   0.009 0.048 0.001 0.013 0.005 0.010 0.623 0.291 
 413 D X   0.007 0.028 0.001 0.008 0.003 0.007 0.645 0.300 
 414 N X   0.005 0.016 0.000 0.005 0.002 0.005 0.662 0.304 
 415 T X   0.004 0.011 0.000 0.003 0.001 0.004 0.673 0.304 
 416 K X   0.003 0.008 0.000 0.002 0.001 0.003 0.682 0.301 
 417 S X   0.002 0.007 0.000 0.002 0.001 0.003 0.688 0.297 
 418 S X   0.002 0.007 0.000 0.002 0.001 0.004 0.692 0.292 
 419 A X   0.002 0.008 0.000 0.003 0.001 0.004 0.696 0.286 
 420 Q X   0.003 0.010 0.000 0.004 0.001 0.005 0.699 0.277 
 421 P X   0.003 0.014 0.000 0.007 0.002 0.006 0.701 0.266 
 422 E X   0.003 0.020 0.000 0.011 0.003 0.008 0.703 0.251 
 423 N X   0.004 0.027 0.000 0.016 0.004 0.009 0.705 0.234 
 424 L X   0.004 0.034 0.001 0.021 0.005 0.010 0.708 0.218 
 425 I X   0.004 0.039 0.001 0.026 0.006 0.010 0.711 0.203 
 426 P X   0.004 0.042 0.001 0.029 0.007 0.011 0.717 0.191 
 427 M X   0.004 0.043 0.001 0.031 0.007 0.010 0.725 0.180 
 428 W X   0.004 0.042 0.001 0.030 0.007 0.010 0.734 0.172 
 429 S X   0.004 0.041 0.001 0.028 0.007 0.009 0.747 0.164 
 430 S X   0.004 0.037 0.001 0.025 0.006 0.009 0.761 0.158 
 431 D X   0.003 0.032 0.001 0.021 0.005 0.008 0.778 0.152 
 432 I X   0.003 0.026 0.001 0.016 0.004 0.007 0.796 0.146 
 433 V X   0.003 0.020 0.000 0.012 0.003 0.006 0.815 0.140 
 434 T X   0.003 0.014 0.000 0.009 0.002 0.005 0.833 0.133 
 435 G X   0.003 0.010 0.000 0.006 0.002 0.004 0.849 0.126 
 436 E X   0.002 0.006 0.000 0.004 0.001 0.003 0.863 0.119 
 437 K X   0.002 0.004 0.000 0.003 0.001 0.003 0.875 0.111 
 438 N X   0.002 0.003 0.000 0.003 0.001 0.003 0.885 0.104 
 439 E X   0.002 0.002 0.000 0.002 0.001 0.002 0.893 0.098 
 440 P X   0.002 0.002 0.000 0.002 0.001 0.002 0.900 0.091 
 441 V X   0.002 0.001 0.000 0.002 0.001 0.002 0.906 0.086 
 442 K X   0.001 0.001 0.000 0.002 0.001 0.002 0.911 0.081 
 443 P X   0.001 0.001 0.000 0.002 0.001 0.002 0.916 0.078 
 444 L X   0.001 0.001 0.000 0.002 0.001 0.001 0.919 0.075 
 445 Q X   0.001 0.001 0.000 0.002 0.001 0.001 0.922 0.072 
 446 P X   0.001 0.001 0.000 0.002 0.000 0.001 0.925 0.071 
 447 L X   0.000 0.001 0.000 0.001 0.000 0.000 0.927 0.070 
 448 K X   0.000 0.000 0.000 0.001 0.000 0.000 0.928 0.070 
 449 K X   0.000 0.000 0.000 0.001 0.000 0.000 0.927 0.072 
 450 K X   0.000 0.000 0.000 0.001 0.000 0.000 0.923 0.075 
 451 K X   0.001 0.001 0.001 0.007 0.002 0.002 0.905 0.082 
