#TopoPred_TM8: 8-state transmembrane topology prediction results by no_profile mode 
#probabilities are in the order of H E C I L F X _, the 8 transmembrane topology types used in PDBTM 
   1 M X   0.015 0.001 0.002 0.068 0.011 0.013 0.694 0.195 
   2 S X   0.007 0.001 0.000 0.048 0.003 0.008 0.714 0.219 
   3 L X   0.003 0.000 0.000 0.033 0.001 0.006 0.719 0.237 
   4 I X   0.003 0.000 0.000 0.025 0.001 0.006 0.717 0.248 
   5 R X   0.003 0.001 0.000 0.021 0.001 0.007 0.709 0.257 
   6 K X   0.004 0.001 0.000 0.017 0.002 0.008 0.700 0.268 
   7 K X   0.005 0.001 0.000 0.014 0.002 0.008 0.689 0.280 
   8 G X   0.005 0.001 0.000 0.012 0.002 0.008 0.678 0.293 
   9 F X   0.005 0.001 0.000 0.010 0.002 0.007 0.665 0.308 
  10 Y X   0.005 0.001 0.000 0.009 0.002 0.007 0.652 0.324 
  11 K X   0.004 0.001 0.000 0.007 0.002 0.006 0.637 0.341 
  12 Q X   0.004 0.002 0.000 0.006 0.002 0.006 0.622 0.357 
  13 D X   0.004 0.002 0.000 0.006 0.002 0.006 0.607 0.373 
  14 V X   0.004 0.003 0.000 0.006 0.002 0.007 0.591 0.388 
  15 N X   0.004 0.004 0.000 0.007 0.003 0.007 0.574 0.401 
  16 K X   0.004 0.005 0.000 0.009 0.003 0.008 0.556 0.414 
  17 T X   0.005 0.008 0.001 0.012 0.004 0.010 0.536 0.425 
  18 A X   0.005 0.011 0.001 0.015 0.005 0.011 0.517 0.435 
  19 W X   0.006 0.014 0.001 0.018 0.006 0.012 0.497 0.446 
  20 E X   0.006 0.017 0.001 0.021 0.007 0.012 0.478 0.458 
  21 L _   0.006 0.019 0.001 0.021 0.007 0.013 0.461 0.472 
  22 P _   0.006 0.021 0.001 0.020 0.007 0.013 0.445 0.488 
  23 K _   0.006 0.021 0.001 0.018 0.006 0.012 0.430 0.505 
  24 T _   0.006 0.022 0.001 0.015 0.006 0.012 0.415 0.523 
  25 Y _   0.006 0.022 0.001 0.012 0.005 0.012 0.402 0.540 
  26 V _   0.006 0.022 0.001 0.011 0.005 0.013 0.389 0.555 
  27 S _   0.006 0.023 0.001 0.010 0.005 0.013 0.375 0.567 
  28 P _   0.007 0.025 0.001 0.009 0.005 0.015 0.362 0.576 
  29 T _   0.008 0.029 0.001 0.011 0.006 0.017 0.347 0.581 
  30 H _   0.010 0.036 0.001 0.013 0.008 0.019 0.332 0.581 
  31 V _   0.011 0.046 0.001 0.018 0.010 0.022 0.315 0.577 
  32 G _   0.013 0.059 0.001 0.024 0.013 0.025 0.297 0.568 
  33 S _   0.014 0.075 0.002 0.031 0.016 0.027 0.279 0.556 
  34 G _   0.015 0.091 0.002 0.038 0.019 0.028 0.262 0.545 
  35 A _   0.016 0.104 0.002 0.045 0.021 0.029 0.247 0.537 
  36 Y _   0.016 0.113 0.002 0.050 0.021 0.029 0.235 0.534 
  37 G _   0.016 0.117 0.002 0.053 0.021 0.028 0.224 0.539 
  38 S _   0.015 0.118 0.002 0.053 0.020 0.026 0.216 0.551 
  39 V _   0.015 0.115 0.001 0.049 0.017 0.024 0.209 0.569 
  40 C _   0.014 0.108 0.001 0.043 0.015 0.022 0.203 0.594 
  41 S _   0.013 0.097 0.001 0.035 0.012 0.019 0.198 0.625 
  42 A _   0.012 0.083 0.001 0.026 0.009 0.016 0.194 0.658 
  43 I _   0.011 0.067 0.001 0.019 0.007 0.014 0.190 0.691 
  44 D _   0.010 0.053 0.001 0.013 0.005 0.013 0.186 0.720 
  45 K _   0.009 0.043 0.001 0.010 0.004 0.011 0.182 0.741 
  46 R _   0.008 0.037 0.000 0.008 0.003 0.011 0.178 0.755 
  47 S _   0.007 0.033 0.000 0.008 0.003 0.010 0.173 0.765 
  48 G _   0.007 0.032 0.000 0.008 0.003 0.010 0.168 0.770 
  49 E _   0.007 0.032 0.000 0.010 0.004 0.011 0.163 0.773 
  50 K _   0.008 0.032 0.001 0.012 0.004 0.011 0.158 0.774 
  51 V _   0.008 0.033 0.001 0.014 0.005 0.012 0.153 0.775 
  52 A _   0.008 0.033 0.001 0.016 0.005 0.012 0.148 0.778 
  53 I _   0.008 0.033 0.001 0.016 0.005 0.012 0.143 0.783 
  54 K _   0.008 0.032 0.001 0.015 0.005 0.012 0.138 0.790 
  55 K _   0.008 0.030 0.001 0.013 0.005 0.012 0.133 0.798 
  56 L _   0.008 0.028 0.001 0.011 0.005 0.012 0.129 0.806 
  57 S _   0.008 0.027 0.001 0.010 0.004 0.012 0.125 0.813 
  58 R _   0.008 0.026 0.000 0.009 0.004 0.013 0.121 0.818 
  59 P _   0.009 0.025 0.001 0.008 0.005 0.014 0.118 0.819 
  60 F _   0.011 0.026 0.001 0.009 0.005 0.016 0.114 0.818 
  61 Q _   0.012 0.028 0.001 0.011 0.006 0.018 0.110 0.813 
  62 S _   0.014 0.031 0.001 0.014 0.008 0.020 0.106 0.806 
  63 E _   0.016 0.034 0.001 0.017 0.010 0.022 0.102 0.798 
  64 I _   0.018 0.037 0.001 0.020 0.011 0.024 0.098 0.791 
  65 F _   0.020 0.039 0.001 0.022 0.012 0.025 0.095 0.785 
  66 A _   0.021 0.040 0.001 0.024 0.013 0.026 0.091 0.783 
  67 K _   0.022 0.040 0.001 0.024 0.014 0.027 0.089 0.784 
  68 R _   0.023 0.039 0.001 0.023 0.014 0.027 0.086 0.788 
  69 A _   0.023 0.037 0.001 0.022 0.013 0.026 0.084 0.794 
  70 Y _   0.023 0.034 0.001 0.020 0.013 0.026 0.082 0.801 
  71 R _   0.023 0.030 0.001 0.018 0.012 0.025 0.080 0.810 
  72 E _   0.023 0.026 0.001 0.016 0.011 0.024 0.079 0.820 
  73 L _   0.023 0.022 0.001 0.014 0.009 0.023 0.078 0.830 
  74 L _   0.023 0.017 0.001 0.012 0.008 0.022 0.076 0.840 
  75 L _   0.023 0.014 0.001 0.010 0.007 0.021 0.075 0.849 
  76 L _   0.022 0.010 0.001 0.009 0.007 0.021 0.074 0.856 
  77 K _   0.023 0.008 0.001 0.007 0.006 0.021 0.072 0.862 
  78 H _   0.024 0.006 0.001 0.006 0.006 0.021 0.071 0.865 
  79 M _   0.026 0.006 0.001 0.006 0.006 0.023 0.069 0.864 
  80 Q _   0.029 0.005 0.001 0.006 0.007 0.024 0.067 0.861 
  81 H _   0.033 0.006 0.001 0.006 0.008 0.027 0.065 0.853 
  82 E _   0.038 0.008 0.001 0.008 0.011 0.030 0.064 0.841 
  83 N _   0.044 0.011 0.001 0.011 0.014 0.033 0.062 0.824 
  84 V _   0.049 0.016 0.001 0.016 0.018 0.037 0.060 0.804 
  85 I _   0.054 0.021 0.002 0.022 0.022 0.039 0.058 0.783 
  86 G _   0.057 0.026 0.002 0.027 0.025 0.041 0.056 0.766 
  87 L _   0.058 0.030 0.002 0.032 0.027 0.041 0.055 0.755 
  88 L _   0.057 0.032 0.002 0.035 0.027 0.040 0.054 0.753 
  89 D _   0.054 0.032 0.002 0.035 0.026 0.039 0.053 0.761 
  90 V _   0.049 0.030 0.002 0.032 0.023 0.036 0.053 0.776 
  91 F _   0.044 0.026 0.001 0.027 0.019 0.032 0.053 0.798 
  92 T _   0.038 0.020 0.001 0.021 0.014 0.029 0.053 0.824 
  93 P _   0.034 0.014 0.001 0.015 0.011 0.025 0.053 0.848 
  94 A _   0.030 0.008 0.001 0.010 0.008 0.023 0.053 0.868 
  95 S _   0.027 0.005 0.001 0.006 0.006 0.021 0.052 0.883 
  96 S _   0.025 0.003 0.000 0.004 0.004 0.020 0.052 0.891 
  97 L _   0.025 0.002 0.000 0.004 0.004 0.020 0.051 0.894 
  98 R _   0.027 0.002 0.000 0.003 0.005 0.021 0.050 0.891 
  99 N _   0.031 0.002 0.001 0.004 0.006 0.024 0.049 0.884 
 100 F _   0.035 0.003 0.001 0.006 0.008 0.027 0.048 0.872 
 101 Y _   0.041 0.005 0.001 0.009 0.012 0.031 0.047 0.854 
 102 D _   0.046 0.008 0.001 0.014 0.016 0.034 0.046 0.834 
 103 F _   0.051 0.012 0.001 0.020 0.020 0.037 0.045 0.814 
 104 Y _   0.055 0.016 0.002 0.025 0.023 0.039 0.044 0.798 
 105 L _   0.056 0.018 0.002 0.028 0.024 0.039 0.043 0.789 
 106 V _   0.055 0.019 0.002 0.029 0.024 0.038 0.043 0.790 
 107 M _   0.054 0.018 0.002 0.027 0.022 0.036 0.043 0.798 
 108 P _   0.051 0.016 0.001 0.022 0.019 0.034 0.043 0.813 
 109 F _   0.047 0.013 0.001 0.017 0.016 0.031 0.043 0.832 
 110 M _   0.042 0.010 0.001 0.013 0.013 0.028 0.043 0.850 
 111 Q _   0.037 0.007 0.001 0.010 0.010 0.026 0.043 0.866 
 112 T _   0.033 0.005 0.001 0.008 0.009 0.025 0.044 0.876 
 113 D _   0.030 0.004 0.001 0.007 0.008 0.023 0.044 0.883 
 114 L _   0.028 0.004 0.001 0.007 0.007 0.023 0.044 0.886 
 115 Q _   0.027 0.004 0.001 0.009 0.007 0.022 0.044 0.886 
 116 K _   0.027 0.004 0.001 0.010 0.008 0.022 0.043 0.885 
 117 I _   0.026 0.005 0.001 0.012 0.008 0.022 0.043 0.883 
 118 M _   0.026 0.005 0.001 0.012 0.008 0.022 0.043 0.883 
 119 G _   0.025 0.005 0.001 0.012 0.008 0.021 0.043 0.885 
 120 M _   0.025 0.005 0.001 0.011 0.008 0.021 0.042 0.888 
 121 E _   0.024 0.004 0.001 0.009 0.007 0.021 0.042 0.891 
 122 F _   0.024 0.004 0.001 0.008 0.007 0.021 0.042 0.894 
 123 S _   0.026 0.004 0.001 0.006 0.006 0.022 0.041 0.894 
 124 E _   0.027 0.004 0.001 0.006 0.007 0.024 0.041 0.891 
 125 E _   0.030 0.005 0.001 0.006 0.008 0.026 0.041 0.885 
 126 K _   0.034 0.007 0.001 0.007 0.010 0.029 0.040 0.873 
 127 I _   0.039 0.010 0.001 0.009 0.012 0.032 0.040 0.856 
 128 Q _   0.043 0.017 0.001 0.013 0.015 0.035 0.039 0.836 
 129 Y _   0.046 0.025 0.001 0.018 0.019 0.037 0.039 0.815 
 130 L _   0.048 0.033 0.002 0.023 0.021 0.039 0.038 0.796 
 131 V _   0.048 0.040 0.002 0.027 0.023 0.039 0.038 0.782 
 132 Y _   0.048 0.045 0.002 0.029 0.023 0.039 0.038 0.776 
 133 Q _   0.046 0.048 0.002 0.029 0.022 0.038 0.038 0.778 
 134 M _   0.044 0.048 0.001 0.027 0.021 0.036 0.038 0.784 
 135 L _   0.042 0.047 0.001 0.023 0.018 0.034 0.039 0.795 
 136 K _   0.039 0.046 0.001 0.019 0.016 0.032 0.039 0.808 
 137 G _   0.036 0.043 0.001 0.016 0.013 0.030 0.040 0.820 
 138 L _   0.034 0.041 0.001 0.014 0.012 0.028 0.041 0.830 
 139 K _   0.031 0.040 0.001 0.013 0.011 0.026 0.041 0.836 
 140 Y _   0.030 0.040 0.001 0.013 0.010 0.025 0.042 0.838 
 141 I _   0.028 0.041 0.001 0.015 0.010 0.024 0.043 0.837 
 142 H _   0.026 0.043 0.001 0.018 0.011 0.023 0.044 0.834 
 143 S _   0.025 0.044 0.001 0.021 0.011 0.022 0.045 0.831 
 144 A _   0.023 0.044 0.001 0.024 0.011 0.021 0.046 0.830 
 145 G _   0.021 0.043 0.001 0.025 0.010 0.019 0.047 0.832 
 146 V _   0.019 0.041 0.001 0.024 0.009 0.017 0.049 0.839 
 147 V _   0.017 0.037 0.001 0.022 0.008 0.015 0.051 0.849 
 148 H _   0.015 0.031 0.001 0.019 0.006 0.013 0.053 0.863 
 149 R _   0.013 0.025 0.001 0.015 0.005 0.011 0.054 0.877 
 150 D _   0.011 0.018 0.001 0.011 0.004 0.009 0.056 0.890 
 151 L _   0.009 0.013 0.000 0.008 0.003 0.008 0.057 0.901 
 152 K _   0.008 0.009 0.000 0.006 0.002 0.007 0.058 0.910 
 153 P _   0.007 0.006 0.000 0.005 0.002 0.006 0.059 0.915 
 154 G _   0.006 0.005 0.000 0.004 0.002 0.006 0.059 0.918 
 155 N _   0.005 0.004 0.000 0.004 0.002 0.005 0.059 0.920 
 156 L _   0.005 0.004 0.000 0.004 0.002 0.006 0.059 0.920 
 157 A _   0.005 0.005 0.000 0.004 0.002 0.006 0.058 0.919 
 158 V _   0.006 0.006 0.000 0.005 0.002 0.007 0.057 0.917 
 159 N _   0.006 0.008 0.000 0.006 0.003 0.009 0.055 0.913 
 160 E _   0.007 0.011 0.000 0.008 0.003 0.011 0.054 0.906 
 161 D _   0.008 0.016 0.001 0.011 0.005 0.013 0.051 0.896 
 162 C _   0.009 0.023 0.001 0.015 0.006 0.016 0.049 0.881 
 163 E _   0.010 0.032 0.001 0.021 0.008 0.019 0.046 0.863 
 164 L _   0.011 0.040 0.001 0.028 0.010 0.021 0.044 0.844 
 165 K _   0.012 0.048 0.001 0.034 0.012 0.023 0.042 0.828 
 166 I _   0.013 0.053 0.001 0.039 0.014 0.024 0.039 0.816 
 167 L _   0.014 0.056 0.001 0.042 0.015 0.025 0.038 0.810 
 168 D _   0.014 0.056 0.001 0.041 0.015 0.025 0.036 0.811 
 169 F _   0.015 0.054 0.001 0.038 0.014 0.024 0.035 0.819 
 170 G _   0.015 0.048 0.001 0.032 0.012 0.023 0.034 0.833 
 171 L _   0.015 0.041 0.001 0.026 0.011 0.022 0.034 0.850 
 172 A _   0.015 0.031 0.001 0.019 0.009 0.021 0.033 0.870 
 173 R _   0.016 0.022 0.001 0.014 0.007 0.021 0.032 0.887 
 174 H _   0.017 0.015 0.001 0.010 0.006 0.020 0.032 0.899 
 175 A _   0.018 0.011 0.001 0.008 0.006 0.021 0.031 0.905 
 176 D _   0.020 0.008 0.001 0.007 0.006 0.022 0.030 0.906 
 177 A _   0.024 0.007 0.001 0.007 0.007 0.023 0.029 0.902 
 178 E _   0.027 0.007 0.001 0.008 0.008 0.026 0.028 0.896 
 179 M _   0.031 0.007 0.001 0.010 0.010 0.028 0.027 0.887 
 180 T _   0.035 0.007 0.001 0.012 0.012 0.030 0.026 0.877 
 181 G _   0.038 0.008 0.001 0.015 0.013 0.032 0.025 0.868 
 182 Y _   0.041 0.008 0.001 0.016 0.015 0.033 0.024 0.862 
 183 V _   0.044 0.008 0.001 0.017 0.015 0.034 0.023 0.858 
 184 V _   0.046 0.007 0.001 0.016 0.015 0.034 0.022 0.858 
 185 T _   0.049 0.006 0.001 0.014 0.015 0.034 0.022 0.859 
 186 R _   0.052 0.005 0.001 0.011 0.014 0.034 0.021 0.862 
 187 W _   0.054 0.004 0.001 0.009 0.013 0.034 0.020 0.865 
 188 Y _   0.057 0.003 0.001 0.008 0.013 0.035 0.019 0.865 
 189 R _   0.059 0.002 0.001 0.008 0.013 0.035 0.018 0.864 
 190 A _   0.063 0.002 0.001 0.008 0.014 0.035 0.018 0.860 
 191 P _   0.068 0.002 0.001 0.009 0.015 0.035 0.017 0.853 
 192 E _   0.074 0.002 0.001 0.011 0.016 0.035 0.016 0.844 
 193 V _   0.081 0.003 0.001 0.013 0.017 0.035 0.015 0.835 
 194 I _   0.089 0.003 0.001 0.014 0.018 0.033 0.015 0.826 
 195 L _   0.098 0.003 0.001 0.014 0.017 0.031 0.014 0.821 
 196 S _   0.108 0.002 0.001 0.013 0.016 0.028 0.013 0.818 
 197 W _   0.119 0.002 0.001 0.010 0.013 0.025 0.012 0.817 
 198 M _   0.133 0.001 0.001 0.007 0.011 0.022 0.011 0.814 
 199 H _   0.151 0.000 0.001 0.004 0.008 0.019 0.011 0.806 
 200 Y _   0.175 0.000 0.001 0.002 0.007 0.016 0.010 0.790 
 201 N _   0.207 0.000 0.001 0.001 0.006 0.014 0.009 0.764 
 202 Q _   0.252 0.000 0.001 0.001 0.005 0.013 0.008 0.721 
 203 T _   0.318 0.000 0.001 0.001 0.006 0.012 0.007 0.656 
 204 V _   0.409 0.000 0.001 0.001 0.007 0.012 0.006 0.565 
 205 D H   0.519 0.000 0.001 0.001 0.009 0.012 0.005 0.454 
 206 I H   0.633 0.000 0.001 0.001 0.011 0.012 0.004 0.339 
 207 W H   0.729 0.000 0.001 0.001 0.013 0.011 0.003 0.242 
 208 S H   0.798 0.000 0.001 0.001 0.015 0.011 0.003 0.172 
 209 V H   0.843 0.000 0.001 0.001 0.017 0.010 0.003 0.126 
 210 G H   0.869 0.000 0.001 0.001 0.018 0.009 0.003 0.099 
 211 C H   0.880 0.000 0.001 0.001 0.019 0.009 0.003 0.088 
 212 I H   0.879 0.000 0.001 0.001 0.020 0.009 0.004 0.087 
 213 M H   0.866 0.000 0.001 0.001 0.020 0.009 0.005 0.098 
 214 A H   0.838 0.000 0.001 0.001 0.021 0.009 0.006 0.123 
 215 E H   0.789 0.000 0.002 0.002 0.021 0.010 0.009 0.167 
 216 M H   0.715 0.000 0.002 0.002 0.020 0.011 0.013 0.236 
 217 L H   0.614 0.000 0.002 0.003 0.018 0.012 0.020 0.331 
 218 T H   0.496 0.000 0.002 0.003 0.015 0.012 0.029 0.444 
 219 G _   0.376 0.000 0.001 0.004 0.011 0.012 0.039 0.557 
 220 K _   0.267 0.000 0.001 0.004 0.008 0.011 0.049 0.659 
 221 T _   0.180 0.000 0.001 0.004 0.006 0.010 0.058 0.741 
 222 L _   0.115 0.000 0.001 0.004 0.004 0.009 0.066 0.802 
 223 F _   0.071 0.000 0.000 0.003 0.003 0.008 0.071 0.844 
 224 K _   0.043 0.000 0.000 0.003 0.002 0.007 0.075 0.870 
 225 G _   0.027 0.000 0.000 0.002 0.002 0.007 0.078 0.884 
 226 K _   0.019 0.000 0.000 0.002 0.002 0.007 0.081 0.889 
 227 D _   0.015 0.000 0.000 0.002 0.002 0.009 0.082 0.890 
 228 Y _   0.015 0.001 0.000 0.003 0.002 0.011 0.084 0.885 
 229 L _   0.017 0.001 0.000 0.004 0.003 0.014 0.085 0.876 
 230 D _   0.021 0.003 0.001 0.005 0.005 0.019 0.085 0.860 
 231 Q _   0.026 0.008 0.001 0.009 0.008 0.025 0.086 0.838 
 232 L _   0.032 0.016 0.001 0.013 0.012 0.031 0.086 0.809 
 233 T _   0.038 0.026 0.001 0.018 0.017 0.036 0.086 0.777 
 234 Q _   0.043 0.037 0.001 0.023 0.021 0.041 0.087 0.747 
 235 I _   0.048 0.046 0.002 0.026 0.025 0.044 0.088 0.722 
 236 L _   0.052 0.054 0.002 0.028 0.027 0.046 0.089 0.702 
 237 K _   0.055 0.059 0.002 0.029 0.029 0.047 0.091 0.688 
 238 V _   0.057 0.063 0.002 0.029 0.029 0.047 0.093 0.679 
 239 T _   0.058 0.065 0.002 0.029 0.029 0.046 0.096 0.675 
 240 G _   0.057 0.066 0.002 0.029 0.028 0.044 0.100 0.674 
 241 V _   0.055 0.066 0.002 0.030 0.026 0.042 0.104 0.675 
 242 P _   0.052 0.065 0.002 0.030 0.023 0.039 0.109 0.680 
 243 G _   0.048 0.062 0.002 0.030 0.020 0.035 0.114 0.688 
 244 T _   0.043 0.058 0.001 0.029 0.017 0.031 0.120 0.700 
 245 E _   0.036 0.052 0.001 0.026 0.014 0.027 0.127 0.717 
 246 F _   0.030 0.044 0.001 0.022 0.011 0.023 0.133 0.736 
 247 V _   0.024 0.035 0.001 0.017 0.008 0.019 0.139 0.757 
 248 Q _   0.019 0.026 0.001 0.012 0.006 0.015 0.144 0.777 
 249 K _   0.014 0.019 0.001 0.009 0.004 0.012 0.149 0.793 
 250 L _   0.011 0.014 0.000 0.006 0.003 0.010 0.152 0.803 
 251 N _   0.009 0.012 0.000 0.005 0.002 0.009 0.155 0.808 
 252 D _   0.008 0.011 0.000 0.004 0.002 0.008 0.157 0.809 
 253 K _   0.008 0.011 0.000 0.005 0.002 0.008 0.159 0.807 
 254 A _   0.008 0.012 0.000 0.007 0.003 0.009 0.161 0.801 
 255 A _   0.008 0.014 0.000 0.010 0.004 0.010 0.162 0.791 
 256 K _   0.009 0.017 0.001 0.014 0.005 0.011 0.164 0.780 
 257 S _   0.009 0.021 0.001 0.018 0.006 0.012 0.166 0.768 
 258 Y _   0.009 0.023 0.001 0.022 0.006 0.012 0.168 0.758 
 259 I _   0.009 0.025 0.001 0.024 0.007 0.012 0.171 0.751 
 260 Q _   0.009 0.025 0.001 0.024 0.007 0.012 0.174 0.749 
 261 S _   0.009 0.024 0.001 0.021 0.006 0.011 0.178 0.751 
 262 L _   0.008 0.021 0.001 0.017 0.005 0.010 0.182 0.756 
 263 P _   0.008 0.018 0.000 0.013 0.004 0.009 0.186 0.762 
 264 Q _   0.007 0.015 0.000 0.010 0.003 0.008 0.191 0.767 
 265 T _   0.007 0.012 0.000 0.007 0.003 0.007 0.195 0.769 
 266 P _   0.007 0.010 0.000 0.006 0.002 0.007 0.198 0.770 
 267 R _   0.007 0.009 0.000 0.005 0.002 0.007 0.202 0.768 
 268 K _   0.007 0.009 0.000 0.006 0.002 0.007 0.205 0.764 
 269 D _   0.007 0.010 0.000 0.006 0.002 0.007 0.207 0.760 
 270 F _   0.007 0.011 0.000 0.008 0.003 0.007 0.210 0.754 
 271 T _   0.007 0.012 0.000 0.009 0.003 0.008 0.212 0.749 
 272 Q _   0.006 0.014 0.000 0.010 0.003 0.008 0.214 0.745 
 273 L _   0.006 0.015 0.000 0.010 0.003 0.008 0.216 0.741 
 274 F _   0.006 0.016 0.000 0.010 0.003 0.008 0.218 0.739 
 275 P _   0.005 0.017 0.000 0.009 0.003 0.007 0.219 0.738 
 276 R _   0.005 0.018 0.000 0.008 0.003 0.007 0.221 0.737 
 277 A _   0.005 0.020 0.000 0.008 0.003 0.007 0.222 0.736 
 278 S _   0.005 0.021 0.000 0.007 0.003 0.007 0.223 0.733 
 279 P _   0.005 0.024 0.000 0.008 0.003 0.008 0.224 0.728 
 280 Q _   0.005 0.028 0.000 0.009 0.003 0.009 0.225 0.720 
 281 A _   0.006 0.034 0.000 0.011 0.004 0.010 0.226 0.709 
 282 A _   0.006 0.041 0.001 0.014 0.005 0.011 0.227 0.696 
 283 D _   0.007 0.049 0.001 0.017 0.006 0.012 0.228 0.681 
 284 L _   0.007 0.056 0.001 0.020 0.006 0.012 0.229 0.668 
 285 L _   0.008 0.061 0.001 0.023 0.007 0.013 0.231 0.657 
 286 E _   0.008 0.065 0.001 0.024 0.007 0.013 0.234 0.649 
 287 K _   0.008 0.066 0.001 0.023 0.007 0.013 0.237 0.646 
 288 M _   0.008 0.066 0.001 0.020 0.006 0.012 0.241 0.646 
 289 L _   0.007 0.064 0.001 0.017 0.005 0.012 0.246 0.648 
 290 E _   0.007 0.062 0.001 0.013 0.004 0.011 0.251 0.651 
 291 L _   0.007 0.059 0.000 0.010 0.004 0.011 0.255 0.653 
 292 D _   0.007 0.057 0.000 0.008 0.003 0.011 0.260 0.653 
 293 V _   0.008 0.057 0.000 0.007 0.003 0.012 0.264 0.648 
 294 D _   0.009 0.059 0.000 0.007 0.004 0.014 0.267 0.640 
 295 K _   0.010 0.064 0.001 0.009 0.005 0.016 0.271 0.626 
 296 R _   0.012 0.074 0.001 0.012 0.007 0.018 0.274 0.603 
 297 L _   0.014 0.090 0.001 0.018 0.009 0.020 0.277 0.572 
 298 T _   0.014 0.110 0.001 0.026 0.012 0.022 0.280 0.534 
 299 A _   0.015 0.132 0.001 0.035 0.014 0.023 0.284 0.496 
 300 A _   0.015 0.148 0.001 0.044 0.015 0.023 0.289 0.465 
 301 Q _   0.014 0.159 0.001 0.051 0.016 0.023 0.295 0.441 
 302 A _   0.014 0.163 0.001 0.055 0.016 0.022 0.303 0.425 
 303 L _   0.013 0.163 0.001 0.056 0.015 0.020 0.314 0.418 
 304 T _   0.012 0.158 0.001 0.053 0.014 0.019 0.327 0.417 
 305 H _   0.011 0.146 0.001 0.047 0.012 0.016 0.343 0.423 
 306 P _   0.011 0.127 0.001 0.039 0.010 0.014 0.363 0.435 
 307 F _   0.010 0.102 0.001 0.030 0.008 0.012 0.385 0.451 
 308 F _   0.009 0.074 0.001 0.021 0.006 0.010 0.409 0.470 
 309 E _   0.008 0.048 0.001 0.014 0.004 0.008 0.430 0.486 
 310 P _   0.007 0.030 0.000 0.009 0.003 0.007 0.449 0.496 
 311 F _   0.006 0.019 0.000 0.006 0.002 0.005 0.462 0.500 
 312 R _   0.004 0.013 0.000 0.004 0.001 0.005 0.473 0.500 
 313 D _   0.004 0.010 0.000 0.003 0.001 0.004 0.480 0.497 
 314 P _   0.003 0.009 0.000 0.003 0.001 0.004 0.486 0.493 
 315 E X   0.003 0.009 0.000 0.004 0.001 0.004 0.491 0.488 
 316 E X   0.003 0.009 0.000 0.005 0.001 0.004 0.495 0.483 
 317 E X   0.003 0.009 0.000 0.006 0.001 0.005 0.498 0.478 
 318 T X   0.003 0.010 0.000 0.007 0.002 0.005 0.500 0.473 
 319 E X   0.003 0.011 0.000 0.008 0.002 0.005 0.502 0.469 
 320 A X   0.003 0.012 0.000 0.008 0.002 0.005 0.503 0.466 
 321 Q X   0.003 0.013 0.000 0.008 0.002 0.005 0.505 0.465 
 322 Q X   0.002 0.014 0.000 0.007 0.002 0.005 0.506 0.464 
 323 P X   0.002 0.015 0.000 0.006 0.002 0.004 0.507 0.463 
 324 F X   0.002 0.015 0.000 0.006 0.001 0.004 0.508 0.462 
 325 D X   0.002 0.017 0.000 0.005 0.001 0.004 0.509 0.461 
 326 D X   0.002 0.018 0.000 0.006 0.002 0.005 0.509 0.458 
 327 S X   0.003 0.021 0.000 0.006 0.002 0.005 0.509 0.454 
 328 L X   0.003 0.025 0.000 0.007 0.002 0.006 0.509 0.447 
 329 E X   0.003 0.031 0.000 0.009 0.003 0.007 0.508 0.439 
 330 H X   0.003 0.038 0.000 0.011 0.003 0.007 0.508 0.430 
 331 E X   0.003 0.045 0.000 0.013 0.004 0.008 0.507 0.420 
 332 K X   0.003 0.053 0.000 0.014 0.004 0.009 0.507 0.410 
 333 L X   0.004 0.059 0.000 0.015 0.004 0.009 0.506 0.402 
 334 T X   0.004 0.064 0.000 0.016 0.004 0.009 0.507 0.395 
 335 V X   0.004 0.068 0.001 0.015 0.005 0.010 0.508 0.390 
 336 D X   0.004 0.071 0.001 0.015 0.005 0.010 0.509 0.385 
 337 E X   0.004 0.074 0.000 0.014 0.005 0.011 0.511 0.381 
 338 W X   0.005 0.076 0.001 0.013 0.005 0.011 0.514 0.376 
 339 K X   0.005 0.079 0.001 0.012 0.005 0.012 0.517 0.369 
 340 Q X   0.006 0.081 0.001 0.013 0.006 0.013 0.520 0.360 
 341 H X   0.007 0.085 0.001 0.014 0.006 0.014 0.524 0.350 
 342 I X   0.007 0.089 0.001 0.016 0.007 0.015 0.528 0.337 
 343 Y X   0.008 0.094 0.001 0.018 0.008 0.016 0.532 0.323 
 344 K X   0.009 0.098 0.001 0.022 0.009 0.016 0.538 0.308 
 345 E X   0.009 0.102 0.001 0.025 0.010 0.016 0.544 0.293 
 346 I X   0.009 0.105 0.001 0.028 0.011 0.016 0.551 0.279 
 347 V X   0.009 0.105 0.001 0.030 0.011 0.016 0.561 0.268 
 348 N X   0.009 0.104 0.001 0.031 0.011 0.015 0.572 0.258 
 349 F X   0.008 0.100 0.001 0.030 0.010 0.014 0.585 0.251 
 350 S X   0.008 0.093 0.001 0.028 0.009 0.013 0.601 0.247 
 351 P X   0.007 0.084 0.001 0.025 0.008 0.012 0.619 0.244 
 352 I X   0.007 0.071 0.001 0.021 0.007 0.011 0.639 0.244 
 353 A X   0.006 0.058 0.001 0.017 0.005 0.009 0.659 0.245 
 354 R X   0.006 0.045 0.001 0.013 0.004 0.008 0.679 0.244 
 355 K X   0.005 0.035 0.000 0.009 0.003 0.007 0.698 0.242 
 356 D X   0.005 0.027 0.000 0.007 0.002 0.006 0.713 0.239 
 357 S X   0.004 0.022 0.000 0.006 0.002 0.005 0.726 0.235 
 358 R X   0.003 0.018 0.000 0.005 0.002 0.004 0.737 0.230 
 359 R X   0.003 0.016 0.000 0.005 0.001 0.003 0.747 0.225 
 360 R X   0.002 0.015 0.000 0.005 0.001 0.002 0.755 0.220 
 361 S X   0.001 0.013 0.000 0.004 0.001 0.001 0.763 0.217 
 362 G X   0.000 0.011 0.000 0.003 0.000 0.001 0.768 0.216 
 363 M X   0.000 0.010 0.000 0.002 0.000 0.000 0.769 0.218 
 364 K X   0.000 0.009 0.000 0.004 0.000 0.000 0.765 0.221 
 365 L X   0.002 0.009 0.001 0.011 0.003 0.002 0.749 0.222 
