#TopoPred_TM8: 8-state transmembrane topology prediction results by no_profile mode 
#probabilities are in the order of H E C I L F X _, the 8 transmembrane topology types used in PDBTM 
   1 M X   0.017 0.001 0.002 0.062 0.011 0.014 0.704 0.188 
   2 A X   0.008 0.001 0.000 0.044 0.003 0.010 0.724 0.210 
   3 T X   0.005 0.000 0.000 0.031 0.001 0.008 0.729 0.225 
   4 T X   0.004 0.001 0.000 0.025 0.001 0.009 0.726 0.234 
   5 A X   0.005 0.001 0.000 0.021 0.002 0.010 0.719 0.242 
   6 T X   0.006 0.001 0.000 0.018 0.003 0.011 0.709 0.254 
   7 C X   0.006 0.001 0.000 0.015 0.003 0.011 0.698 0.266 
   8 T X   0.007 0.001 0.000 0.013 0.003 0.010 0.686 0.280 
   9 R X   0.007 0.001 0.000 0.011 0.003 0.010 0.673 0.295 
  10 F X   0.006 0.002 0.000 0.009 0.003 0.009 0.660 0.311 
  11 T X   0.005 0.002 0.000 0.008 0.003 0.009 0.646 0.327 
  12 D X   0.005 0.002 0.000 0.007 0.003 0.008 0.633 0.342 
  13 D X   0.004 0.002 0.000 0.006 0.003 0.008 0.620 0.356 
  14 Y X   0.005 0.002 0.000 0.006 0.003 0.009 0.607 0.368 
  15 Q X   0.005 0.003 0.000 0.006 0.003 0.010 0.594 0.379 
  16 L X   0.006 0.004 0.000 0.006 0.004 0.011 0.580 0.389 
  17 F X   0.007 0.006 0.001 0.007 0.004 0.013 0.565 0.397 
  18 E X   0.008 0.008 0.001 0.009 0.005 0.016 0.549 0.404 
  19 E X   0.010 0.012 0.001 0.011 0.007 0.018 0.532 0.409 
  20 L X   0.012 0.017 0.001 0.013 0.009 0.022 0.514 0.412 
  21 G X   0.015 0.023 0.001 0.016 0.012 0.025 0.496 0.413 
  22 K X   0.017 0.029 0.001 0.019 0.015 0.028 0.478 0.413 
  23 G X   0.020 0.037 0.001 0.023 0.018 0.030 0.461 0.410 
  24 A X   0.022 0.044 0.001 0.027 0.021 0.032 0.445 0.407 
  25 F X   0.024 0.049 0.002 0.031 0.023 0.033 0.432 0.406 
  26 S X   0.026 0.054 0.002 0.034 0.023 0.033 0.420 0.408 
  27 V _   0.026 0.056 0.002 0.036 0.023 0.032 0.411 0.414 
  28 V _   0.026 0.056 0.001 0.036 0.021 0.030 0.403 0.427 
  29 R _   0.025 0.054 0.001 0.033 0.018 0.028 0.396 0.444 
  30 R _   0.023 0.049 0.001 0.028 0.015 0.025 0.391 0.467 
  31 C _   0.021 0.042 0.001 0.021 0.012 0.022 0.386 0.494 
  32 V _   0.019 0.034 0.001 0.015 0.009 0.019 0.382 0.522 
  33 K _   0.017 0.026 0.001 0.010 0.006 0.017 0.377 0.546 
  34 K _   0.015 0.021 0.001 0.007 0.005 0.015 0.373 0.565 
  35 T _   0.013 0.018 0.000 0.005 0.004 0.014 0.368 0.577 
  36 S _   0.013 0.017 0.000 0.005 0.004 0.014 0.363 0.585 
  37 T _   0.013 0.017 0.000 0.006 0.004 0.015 0.358 0.587 
  38 Q _   0.013 0.020 0.001 0.008 0.005 0.016 0.352 0.585 
  39 E _   0.014 0.025 0.001 0.012 0.007 0.017 0.346 0.579 
  40 Y _   0.015 0.031 0.001 0.018 0.009 0.018 0.339 0.569 
  41 A _   0.015 0.038 0.001 0.024 0.011 0.019 0.333 0.559 
  42 A _   0.015 0.043 0.001 0.030 0.012 0.019 0.328 0.552 
  43 K _   0.015 0.046 0.001 0.033 0.012 0.018 0.324 0.551 
  44 I _   0.015 0.047 0.001 0.034 0.011 0.017 0.321 0.554 
  45 I _   0.014 0.046 0.001 0.032 0.010 0.016 0.319 0.562 
  46 N _   0.013 0.042 0.001 0.028 0.009 0.014 0.318 0.576 
  47 T _   0.012 0.036 0.001 0.022 0.007 0.012 0.317 0.593 
  48 K _   0.010 0.028 0.001 0.017 0.005 0.010 0.317 0.612 
  49 K _   0.009 0.020 0.000 0.011 0.004 0.009 0.317 0.630 
  50 L _   0.008 0.013 0.000 0.007 0.003 0.007 0.316 0.646 
  51 S _   0.006 0.008 0.000 0.005 0.002 0.006 0.315 0.658 
  52 A _   0.005 0.006 0.000 0.003 0.001 0.005 0.313 0.666 
  53 R _   0.005 0.004 0.000 0.003 0.001 0.005 0.310 0.672 
  54 D _   0.005 0.004 0.000 0.003 0.001 0.006 0.306 0.676 
  55 H _   0.005 0.005 0.000 0.003 0.002 0.007 0.300 0.678 
  56 Q _   0.006 0.006 0.000 0.004 0.002 0.009 0.294 0.678 
  57 K _   0.007 0.010 0.000 0.007 0.003 0.011 0.287 0.675 
  58 L _   0.008 0.017 0.001 0.011 0.005 0.014 0.277 0.667 
  59 E _   0.010 0.029 0.001 0.016 0.007 0.018 0.267 0.653 
  60 R _   0.011 0.043 0.001 0.023 0.010 0.021 0.256 0.636 
  61 E _   0.012 0.057 0.001 0.030 0.012 0.023 0.245 0.619 
  62 A _   0.013 0.069 0.001 0.035 0.014 0.025 0.235 0.607 
  63 R _   0.014 0.078 0.001 0.039 0.016 0.026 0.227 0.599 
  64 I _   0.015 0.083 0.001 0.041 0.016 0.026 0.220 0.597 
  65 C _   0.016 0.085 0.001 0.041 0.016 0.026 0.214 0.600 
  66 R _   0.016 0.085 0.001 0.039 0.016 0.025 0.210 0.608 
  67 L _   0.016 0.081 0.001 0.036 0.015 0.024 0.206 0.620 
  68 L _   0.016 0.076 0.001 0.032 0.013 0.023 0.203 0.635 
  69 K _   0.016 0.069 0.001 0.028 0.012 0.021 0.201 0.653 
  70 H _   0.015 0.059 0.001 0.024 0.010 0.019 0.200 0.672 
  71 P _   0.014 0.049 0.001 0.020 0.009 0.017 0.198 0.691 
  72 N _   0.014 0.039 0.001 0.017 0.007 0.016 0.197 0.709 
  73 I _   0.013 0.030 0.001 0.014 0.006 0.014 0.196 0.727 
  74 V _   0.012 0.021 0.001 0.011 0.005 0.013 0.195 0.744 
  75 R _   0.011 0.013 0.001 0.008 0.004 0.012 0.193 0.759 
  76 L _   0.010 0.008 0.000 0.006 0.003 0.011 0.190 0.771 
  77 H _   0.009 0.004 0.000 0.005 0.003 0.011 0.188 0.781 
  78 D _   0.009 0.002 0.000 0.004 0.002 0.011 0.184 0.787 
  79 S _   0.011 0.001 0.000 0.003 0.002 0.013 0.180 0.790 
  80 I _   0.014 0.001 0.000 0.003 0.003 0.015 0.175 0.788 
  81 S _   0.019 0.001 0.000 0.003 0.004 0.020 0.170 0.783 
  82 E _   0.027 0.001 0.001 0.005 0.006 0.026 0.164 0.771 
  83 E _   0.037 0.002 0.001 0.007 0.010 0.033 0.158 0.753 
  84 G _   0.048 0.003 0.001 0.010 0.015 0.041 0.151 0.731 
  85 F _   0.061 0.005 0.001 0.014 0.022 0.048 0.144 0.705 
  86 H _   0.073 0.008 0.002 0.018 0.029 0.055 0.136 0.679 
  87 Y _   0.085 0.010 0.002 0.021 0.035 0.060 0.130 0.656 
  88 L _   0.097 0.012 0.002 0.023 0.040 0.064 0.124 0.638 
  89 V _   0.106 0.014 0.002 0.024 0.043 0.066 0.119 0.626 
  90 F _   0.114 0.014 0.002 0.023 0.043 0.066 0.116 0.622 
  91 D _   0.119 0.014 0.002 0.021 0.042 0.065 0.112 0.625 
  92 L _   0.121 0.013 0.002 0.019 0.039 0.063 0.110 0.634 
  93 V _   0.120 0.012 0.002 0.016 0.035 0.060 0.108 0.648 
  94 T _   0.116 0.010 0.002 0.014 0.030 0.057 0.107 0.664 
  95 G _   0.109 0.009 0.002 0.012 0.026 0.054 0.106 0.682 
  96 G _   0.102 0.009 0.001 0.011 0.023 0.051 0.105 0.698 
  97 E _   0.093 0.009 0.001 0.011 0.021 0.048 0.104 0.713 
  98 L _   0.084 0.009 0.001 0.012 0.019 0.045 0.103 0.725 
  99 F _   0.074 0.010 0.001 0.015 0.018 0.043 0.103 0.737 
 100 E _   0.064 0.011 0.001 0.017 0.017 0.040 0.102 0.747 
 101 D _   0.055 0.012 0.001 0.020 0.017 0.037 0.102 0.756 
 102 I _   0.047 0.012 0.001 0.023 0.015 0.033 0.101 0.766 
 103 V _   0.040 0.013 0.001 0.023 0.014 0.030 0.101 0.777 
 104 A _   0.033 0.012 0.001 0.023 0.012 0.026 0.102 0.791 
 105 R _   0.027 0.011 0.001 0.020 0.010 0.023 0.102 0.808 
 106 E _   0.021 0.009 0.001 0.016 0.007 0.019 0.102 0.825 
 107 Y _   0.017 0.006 0.001 0.011 0.005 0.016 0.102 0.841 
 108 Y _   0.014 0.004 0.000 0.008 0.004 0.014 0.101 0.855 
 109 S _   0.012 0.003 0.000 0.005 0.003 0.013 0.100 0.864 
 110 E _   0.011 0.002 0.000 0.004 0.003 0.013 0.099 0.868 
 111 A _   0.012 0.002 0.000 0.003 0.003 0.014 0.098 0.868 
 112 D _   0.014 0.003 0.000 0.004 0.003 0.016 0.096 0.863 
 113 A _   0.017 0.006 0.001 0.006 0.005 0.020 0.094 0.852 
 114 S _   0.022 0.012 0.001 0.009 0.009 0.025 0.092 0.831 
 115 H _   0.027 0.023 0.001 0.016 0.014 0.030 0.089 0.800 
 116 C _   0.032 0.040 0.002 0.025 0.019 0.035 0.086 0.762 
 117 I _   0.036 0.056 0.002 0.035 0.024 0.038 0.083 0.726 
 118 H _   0.039 0.068 0.002 0.042 0.027 0.040 0.080 0.701 
 119 Q _   0.041 0.076 0.002 0.047 0.028 0.041 0.079 0.688 
 120 I _   0.041 0.078 0.002 0.047 0.028 0.040 0.078 0.686 
 121 L _   0.041 0.078 0.002 0.043 0.026 0.038 0.077 0.696 
 122 E _   0.039 0.073 0.002 0.037 0.023 0.035 0.077 0.714 
 123 S _   0.036 0.066 0.001 0.030 0.019 0.032 0.078 0.737 
 124 V _   0.033 0.058 0.001 0.024 0.016 0.029 0.078 0.761 
 125 N _   0.030 0.049 0.001 0.019 0.013 0.026 0.079 0.784 
 126 H _   0.027 0.041 0.001 0.016 0.010 0.023 0.080 0.802 
 127 I _   0.024 0.035 0.001 0.014 0.008 0.020 0.081 0.817 
 128 H _   0.021 0.030 0.001 0.013 0.007 0.018 0.082 0.828 
 129 Q _   0.019 0.026 0.001 0.013 0.006 0.016 0.082 0.838 
 130 H _   0.016 0.022 0.001 0.012 0.005 0.014 0.083 0.848 
 131 D _   0.014 0.018 0.001 0.011 0.005 0.012 0.083 0.857 
 132 I _   0.012 0.015 0.001 0.010 0.004 0.011 0.083 0.865 
 133 V _   0.010 0.012 0.000 0.008 0.003 0.009 0.083 0.873 
 134 H _   0.009 0.010 0.000 0.007 0.003 0.008 0.083 0.880 
 135 R _   0.008 0.008 0.000 0.006 0.003 0.008 0.082 0.885 
 136 D _   0.007 0.007 0.000 0.006 0.002 0.007 0.081 0.889 
 137 L _   0.007 0.006 0.000 0.006 0.002 0.007 0.080 0.891 
 138 K _   0.006 0.006 0.000 0.006 0.002 0.007 0.079 0.892 
 139 P _   0.006 0.007 0.000 0.007 0.003 0.008 0.078 0.891 
 140 E _   0.007 0.008 0.000 0.008 0.003 0.009 0.076 0.889 
 141 N _   0.007 0.009 0.000 0.009 0.003 0.009 0.074 0.887 
 142 L _   0.007 0.010 0.000 0.011 0.004 0.010 0.072 0.885 
 143 L _   0.007 0.012 0.001 0.012 0.004 0.011 0.070 0.884 
 144 L _   0.008 0.013 0.001 0.012 0.004 0.011 0.068 0.883 
 145 A _   0.008 0.015 0.001 0.012 0.005 0.012 0.066 0.883 
 146 S _   0.008 0.016 0.001 0.012 0.005 0.013 0.064 0.883 
 147 K _   0.008 0.017 0.001 0.012 0.005 0.013 0.062 0.882 
 148 C _   0.009 0.018 0.001 0.011 0.005 0.014 0.060 0.881 
 149 K _   0.010 0.020 0.001 0.012 0.006 0.016 0.058 0.878 
 150 G _   0.012 0.022 0.001 0.012 0.006 0.017 0.056 0.873 
 151 A _   0.014 0.025 0.001 0.013 0.007 0.019 0.054 0.867 
 152 A _   0.017 0.028 0.001 0.014 0.008 0.021 0.052 0.859 
 153 V _   0.019 0.032 0.001 0.015 0.009 0.022 0.050 0.851 
 154 K _   0.021 0.036 0.001 0.016 0.011 0.024 0.048 0.843 
 155 L _   0.023 0.040 0.001 0.018 0.012 0.025 0.046 0.834 
 156 A _   0.025 0.044 0.001 0.019 0.013 0.026 0.045 0.827 
 157 D _   0.026 0.048 0.001 0.021 0.014 0.027 0.043 0.820 
 158 F _   0.027 0.051 0.001 0.022 0.014 0.027 0.042 0.816 
 159 G _   0.028 0.053 0.001 0.023 0.014 0.026 0.041 0.814 
 160 L _   0.028 0.054 0.001 0.023 0.013 0.026 0.040 0.815 
 161 A _   0.027 0.054 0.001 0.022 0.012 0.024 0.040 0.819 
 162 I _   0.026 0.053 0.001 0.020 0.011 0.023 0.039 0.827 
 163 E _   0.024 0.050 0.001 0.018 0.010 0.021 0.039 0.838 
 164 V _   0.022 0.047 0.001 0.014 0.008 0.020 0.038 0.850 
 165 Q _   0.020 0.044 0.001 0.012 0.007 0.018 0.038 0.861 
 166 G _   0.018 0.042 0.001 0.010 0.006 0.017 0.037 0.868 
 167 E _   0.017 0.041 0.001 0.009 0.006 0.017 0.037 0.872 
 168 Q _   0.017 0.042 0.001 0.009 0.006 0.017 0.036 0.873 
 169 Q _   0.017 0.044 0.001 0.010 0.006 0.018 0.035 0.869 
 170 A _   0.017 0.047 0.001 0.013 0.007 0.018 0.035 0.862 
 171 W _   0.017 0.052 0.001 0.017 0.009 0.019 0.034 0.852 
 172 F _   0.017 0.058 0.001 0.021 0.010 0.019 0.033 0.842 
 173 G _   0.017 0.062 0.001 0.025 0.011 0.019 0.033 0.834 
 174 F _   0.016 0.064 0.001 0.027 0.011 0.019 0.032 0.830 
 175 A _   0.015 0.065 0.001 0.028 0.010 0.018 0.032 0.831 
 176 G _   0.014 0.064 0.001 0.027 0.010 0.017 0.032 0.836 
 177 T _   0.014 0.061 0.001 0.025 0.009 0.016 0.032 0.844 
 178 P _   0.013 0.056 0.001 0.022 0.008 0.014 0.032 0.854 
 179 G _   0.012 0.049 0.001 0.020 0.007 0.013 0.033 0.865 
 180 Y _   0.012 0.042 0.001 0.017 0.006 0.012 0.033 0.877 
 181 L _   0.011 0.036 0.001 0.016 0.005 0.011 0.034 0.887 
 182 S _   0.010 0.029 0.001 0.014 0.005 0.010 0.034 0.896 
 183 P _   0.010 0.024 0.001 0.013 0.004 0.010 0.035 0.904 
 184 E _   0.009 0.018 0.000 0.012 0.004 0.009 0.035 0.913 
 185 V _   0.009 0.013 0.000 0.010 0.003 0.008 0.035 0.921 
 186 L _   0.008 0.009 0.000 0.008 0.003 0.007 0.035 0.930 
 187 R _   0.008 0.005 0.000 0.006 0.002 0.006 0.035 0.938 
 188 K _   0.009 0.002 0.000 0.004 0.002 0.005 0.034 0.944 
 189 D _   0.011 0.001 0.000 0.003 0.001 0.004 0.033 0.947 
 190 P _   0.016 0.000 0.000 0.002 0.001 0.004 0.031 0.945 
 191 Y _   0.027 0.000 0.000 0.001 0.002 0.004 0.029 0.936 
 192 G _   0.052 0.000 0.000 0.001 0.002 0.005 0.026 0.913 
 193 K _   0.102 0.000 0.000 0.001 0.003 0.007 0.023 0.865 
 194 P _   0.189 0.000 0.001 0.001 0.004 0.008 0.019 0.778 
 195 V _   0.314 0.000 0.001 0.001 0.006 0.010 0.014 0.654 
 196 D _   0.458 0.000 0.001 0.001 0.008 0.012 0.010 0.510 
 197 I H   0.607 0.000 0.001 0.001 0.011 0.012 0.007 0.361 
 198 W H   0.734 0.000 0.001 0.001 0.014 0.012 0.004 0.233 
 199 A H   0.822 0.000 0.001 0.001 0.015 0.011 0.003 0.146 
 200 C H   0.878 0.000 0.001 0.001 0.016 0.010 0.002 0.092 
 201 G H   0.909 0.000 0.001 0.001 0.017 0.009 0.002 0.062 
 202 V H   0.925 0.000 0.001 0.000 0.017 0.008 0.002 0.048 
 203 I H   0.930 0.000 0.001 0.000 0.017 0.007 0.002 0.043 
 204 L H   0.926 0.000 0.001 0.001 0.018 0.007 0.002 0.046 
 205 Y H   0.913 0.000 0.001 0.001 0.019 0.007 0.002 0.057 
 206 I H   0.888 0.000 0.001 0.001 0.020 0.007 0.003 0.079 
 207 L H   0.844 0.000 0.002 0.001 0.020 0.008 0.005 0.120 
 208 L H   0.775 0.000 0.002 0.002 0.020 0.009 0.008 0.185 
 209 V H   0.678 0.000 0.002 0.002 0.018 0.010 0.012 0.278 
 210 G H   0.557 0.000 0.002 0.003 0.015 0.010 0.019 0.394 
 211 Y _   0.428 0.000 0.001 0.003 0.011 0.010 0.027 0.519 
 212 P _   0.306 0.000 0.001 0.003 0.008 0.009 0.035 0.636 
 213 P _   0.205 0.000 0.001 0.003 0.005 0.008 0.043 0.734 
 214 F _   0.129 0.000 0.001 0.003 0.004 0.007 0.049 0.808 
 215 W _   0.077 0.000 0.000 0.003 0.003 0.006 0.053 0.858 
 216 D _   0.044 0.000 0.000 0.002 0.002 0.006 0.056 0.889 
 217 E _   0.026 0.000 0.000 0.002 0.002 0.005 0.059 0.906 
 218 D _   0.016 0.001 0.000 0.003 0.002 0.006 0.060 0.913 
 219 Q _   0.012 0.002 0.000 0.004 0.002 0.007 0.061 0.913 
 220 H _   0.010 0.004 0.000 0.006 0.002 0.008 0.062 0.908 
 221 K _   0.009 0.010 0.000 0.010 0.003 0.010 0.062 0.896 
 222 L _   0.009 0.019 0.001 0.016 0.005 0.012 0.062 0.878 
 223 Y _   0.009 0.030 0.001 0.023 0.006 0.014 0.061 0.856 
 224 Q _   0.009 0.041 0.001 0.031 0.008 0.015 0.061 0.835 
 225 Q _   0.009 0.049 0.001 0.037 0.009 0.015 0.061 0.819 
 226 I _   0.009 0.054 0.001 0.040 0.009 0.015 0.061 0.811 
 227 K _   0.008 0.056 0.001 0.040 0.009 0.015 0.062 0.809 
 228 A _   0.008 0.055 0.001 0.037 0.008 0.014 0.064 0.812 
 229 G _   0.008 0.052 0.001 0.032 0.007 0.013 0.065 0.821 
 230 A _   0.008 0.047 0.001 0.026 0.006 0.011 0.068 0.833 
 231 Y _   0.008 0.040 0.001 0.020 0.005 0.010 0.070 0.847 
 232 D _   0.007 0.033 0.001 0.014 0.004 0.009 0.072 0.861 
 233 F _   0.007 0.026 0.000 0.010 0.003 0.008 0.074 0.872 
 234 P _   0.006 0.022 0.000 0.007 0.002 0.007 0.075 0.880 
 235 S _   0.006 0.019 0.000 0.006 0.002 0.007 0.076 0.884 
 236 P _   0.005 0.018 0.000 0.005 0.002 0.007 0.077 0.886 
 237 E _   0.005 0.018 0.000 0.005 0.002 0.007 0.077 0.886 
 238 W _   0.006 0.019 0.000 0.005 0.002 0.008 0.077 0.884 
 239 D _   0.006 0.021 0.000 0.006 0.003 0.009 0.076 0.879 
 240 T _   0.006 0.026 0.000 0.008 0.003 0.010 0.075 0.870 
 241 V _   0.007 0.034 0.001 0.010 0.004 0.012 0.073 0.858 
 242 T _   0.008 0.045 0.001 0.013 0.005 0.015 0.072 0.841 
 243 P _   0.009 0.060 0.001 0.017 0.007 0.017 0.070 0.821 
 244 E _   0.010 0.076 0.001 0.021 0.009 0.019 0.068 0.797 
 245 A _   0.011 0.093 0.001 0.025 0.011 0.021 0.066 0.772 
 246 K _   0.012 0.110 0.001 0.029 0.013 0.023 0.064 0.748 
 247 N _   0.013 0.124 0.001 0.034 0.014 0.025 0.062 0.726 
 248 L _   0.014 0.136 0.001 0.038 0.016 0.026 0.061 0.707 
 249 I _   0.015 0.144 0.001 0.042 0.017 0.026 0.061 0.693 
 250 N _   0.016 0.149 0.001 0.044 0.017 0.026 0.060 0.686 
 251 Q _   0.017 0.149 0.001 0.044 0.017 0.025 0.061 0.685 
 252 M _   0.018 0.145 0.001 0.043 0.016 0.024 0.062 0.692 
 253 L _   0.017 0.137 0.001 0.039 0.014 0.022 0.063 0.706 
 254 T _   0.017 0.124 0.001 0.034 0.013 0.020 0.064 0.727 
 255 I _   0.016 0.107 0.001 0.028 0.011 0.019 0.066 0.752 
 256 N _   0.015 0.087 0.001 0.022 0.009 0.017 0.068 0.781 
 257 P _   0.014 0.067 0.001 0.017 0.007 0.015 0.070 0.809 
 258 A _   0.013 0.051 0.001 0.013 0.006 0.014 0.072 0.832 
 259 K _   0.012 0.038 0.001 0.010 0.004 0.013 0.073 0.849 
 260 R _   0.011 0.029 0.000 0.008 0.004 0.012 0.074 0.862 
 261 I _   0.010 0.023 0.000 0.007 0.003 0.011 0.075 0.871 
 262 T _   0.009 0.020 0.000 0.006 0.003 0.011 0.075 0.876 
 263 A _   0.009 0.018 0.000 0.006 0.003 0.011 0.075 0.878 
 264 D _   0.009 0.017 0.000 0.006 0.003 0.012 0.075 0.878 
 265 Q _   0.009 0.017 0.000 0.006 0.003 0.013 0.075 0.876 
 266 A _   0.010 0.018 0.000 0.007 0.004 0.014 0.074 0.873 
 267 L _   0.011 0.020 0.001 0.008 0.005 0.016 0.073 0.867 
 268 K _   0.012 0.022 0.001 0.009 0.006 0.018 0.072 0.860 
 269 H _   0.014 0.026 0.001 0.010 0.007 0.021 0.071 0.850 
 270 P _   0.016 0.031 0.001 0.012 0.009 0.025 0.069 0.837 
 271 W _   0.019 0.037 0.001 0.014 0.011 0.029 0.068 0.821 
 272 V _   0.022 0.043 0.001 0.017 0.014 0.032 0.067 0.804 
 273 C _   0.026 0.050 0.001 0.019 0.017 0.036 0.065 0.786 
 274 Q _   0.030 0.057 0.001 0.021 0.020 0.039 0.064 0.767 
 275 R _   0.033 0.063 0.001 0.024 0.022 0.042 0.063 0.751 
 276 S _   0.037 0.068 0.002 0.025 0.025 0.044 0.063 0.736 
 277 T _   0.040 0.073 0.002 0.027 0.026 0.046 0.062 0.724 
 278 V _   0.044 0.076 0.002 0.027 0.027 0.046 0.062 0.716 
 279 A _   0.047 0.078 0.002 0.028 0.028 0.046 0.062 0.710 
 280 S _   0.049 0.078 0.002 0.028 0.027 0.045 0.063 0.709 
 281 M _   0.050 0.077 0.002 0.027 0.026 0.044 0.063 0.711 
 282 M _   0.050 0.074 0.002 0.026 0.025 0.042 0.065 0.717 
 283 H _   0.049 0.070 0.002 0.024 0.023 0.040 0.066 0.727 
 284 R _   0.047 0.064 0.001 0.023 0.021 0.038 0.067 0.739 
 285 Q _   0.044 0.058 0.001 0.022 0.019 0.035 0.069 0.752 
 286 E _   0.041 0.052 0.001 0.021 0.016 0.032 0.071 0.766 
 287 T _   0.038 0.045 0.001 0.019 0.014 0.029 0.073 0.780 
 288 V _   0.035 0.038 0.001 0.018 0.012 0.026 0.076 0.794 
 289 E _   0.032 0.031 0.001 0.017 0.010 0.024 0.078 0.807 
 290 C _   0.030 0.024 0.001 0.014 0.009 0.021 0.080 0.821 
 291 L _   0.028 0.017 0.001 0.012 0.007 0.019 0.082 0.834 
 292 R _   0.027 0.011 0.001 0.009 0.006 0.017 0.084 0.845 
 293 K _   0.027 0.006 0.001 0.007 0.004 0.015 0.086 0.855 
 294 F _   0.030 0.003 0.000 0.005 0.003 0.014 0.086 0.859 
 295 N _   0.035 0.001 0.000 0.003 0.003 0.014 0.087 0.857 
 296 A _   0.045 0.000 0.000 0.002 0.003 0.015 0.087 0.847 
 297 R _   0.063 0.000 0.000 0.002 0.003 0.017 0.087 0.827 
 298 R _   0.093 0.000 0.001 0.002 0.005 0.021 0.086 0.793 
 299 K _   0.137 0.000 0.001 0.002 0.008 0.026 0.085 0.741 
 300 L _   0.194 0.000 0.001 0.002 0.013 0.034 0.085 0.671 
 301 K _   0.258 0.000 0.001 0.003 0.021 0.042 0.084 0.590 
 302 G _   0.318 0.001 0.002 0.005 0.032 0.049 0.084 0.510 
 303 A _   0.369 0.002 0.002 0.007 0.042 0.055 0.085 0.437 
 304 I H   0.407 0.003 0.002 0.010 0.051 0.058 0.087 0.380 
 305 L H   0.430 0.005 0.003 0.013 0.056 0.059 0.090 0.343 
 306 T H   0.438 0.007 0.003 0.016 0.059 0.058 0.095 0.326 
 307 T H   0.434 0.007 0.003 0.017 0.058 0.055 0.101 0.326 
 308 M H   0.417 0.007 0.003 0.016 0.054 0.052 0.108 0.342 
 309 L H   0.389 0.007 0.003 0.015 0.048 0.048 0.117 0.374 
 310 V _   0.349 0.005 0.002 0.014 0.040 0.043 0.128 0.418 
 311 S _   0.303 0.004 0.002 0.012 0.032 0.039 0.140 0.469 
 312 R _   0.252 0.003 0.002 0.011 0.024 0.034 0.153 0.521 
 313 N _   0.203 0.003 0.001 0.010 0.018 0.030 0.166 0.569 
 314 F _   0.159 0.002 0.001 0.010 0.013 0.026 0.179 0.610 
 315 S _   0.120 0.002 0.001 0.010 0.010 0.022 0.192 0.643 
 316 A _   0.089 0.002 0.001 0.011 0.008 0.019 0.204 0.668 
 317 A _   0.064 0.002 0.001 0.011 0.006 0.016 0.214 0.687 
 318 K _   0.046 0.002 0.001 0.010 0.005 0.013 0.223 0.701 
 319 S _   0.033 0.002 0.001 0.009 0.004 0.011 0.231 0.710 
 320 L _   0.023 0.002 0.000 0.008 0.003 0.009 0.238 0.717 
 321 L _   0.017 0.001 0.000 0.007 0.003 0.008 0.244 0.721 
 322 N _   0.012 0.001 0.000 0.006 0.002 0.007 0.249 0.723 
 323 K _   0.009 0.001 0.000 0.005 0.002 0.006 0.253 0.724 
 324 K _   0.007 0.001 0.000 0.004 0.002 0.005 0.256 0.724 
 325 S _   0.006 0.002 0.000 0.004 0.001 0.005 0.258 0.724 
 326 D _   0.005 0.002 0.000 0.004 0.001 0.005 0.260 0.723 
 327 G _   0.005 0.003 0.000 0.004 0.001 0.005 0.260 0.722 
 328 G _   0.004 0.004 0.000 0.004 0.001 0.005 0.260 0.720 
 329 V _   0.004 0.007 0.000 0.005 0.002 0.006 0.259 0.717 
 330 K _   0.005 0.011 0.000 0.006 0.002 0.007 0.258 0.712 
 331 K _   0.005 0.017 0.000 0.008 0.003 0.008 0.255 0.704 
 332 R _   0.005 0.028 0.000 0.012 0.004 0.010 0.252 0.690 
 333 K _   0.006 0.043 0.001 0.017 0.005 0.012 0.248 0.670 
 334 S _   0.006 0.064 0.001 0.024 0.007 0.013 0.243 0.643 
 335 S _   0.006 0.087 0.001 0.032 0.008 0.015 0.238 0.612 
 336 S _   0.006 0.108 0.001 0.041 0.010 0.016 0.235 0.584 
 337 S _   0.007 0.125 0.001 0.048 0.010 0.016 0.232 0.561 
 338 V _   0.007 0.134 0.001 0.054 0.011 0.016 0.231 0.546 
 339 H _   0.007 0.138 0.001 0.055 0.011 0.015 0.231 0.541 
 340 L _   0.007 0.138 0.001 0.053 0.010 0.014 0.233 0.545 
 341 M _   0.006 0.132 0.001 0.046 0.009 0.013 0.236 0.557 
 342 P _   0.006 0.121 0.001 0.038 0.007 0.011 0.239 0.576 
 343 Q _   0.006 0.104 0.001 0.028 0.006 0.010 0.244 0.602 
 344 S _   0.006 0.085 0.001 0.019 0.004 0.008 0.249 0.627 
 345 N _   0.005 0.068 0.000 0.013 0.003 0.007 0.254 0.649 
 346 N _   0.005 0.056 0.000 0.009 0.002 0.006 0.257 0.664 
 347 K _   0.004 0.049 0.000 0.006 0.002 0.006 0.260 0.673 
 348 N _   0.004 0.045 0.000 0.005 0.002 0.005 0.262 0.677 
 349 S _   0.004 0.043 0.000 0.005 0.001 0.005 0.263 0.678 
 350 L _   0.004 0.044 0.000 0.006 0.002 0.006 0.263 0.676 
 351 V _   0.004 0.045 0.000 0.007 0.002 0.006 0.263 0.673 
 352 S _   0.004 0.048 0.000 0.008 0.002 0.007 0.261 0.669 
 353 P _   0.004 0.053 0.000 0.009 0.002 0.007 0.260 0.664 
 354 A _   0.004 0.057 0.000 0.010 0.003 0.008 0.258 0.659 
 355 Q _   0.004 0.063 0.000 0.011 0.003 0.008 0.256 0.655 
 356 E _   0.004 0.069 0.000 0.012 0.003 0.009 0.254 0.650 
 357 P _   0.004 0.075 0.000 0.012 0.004 0.009 0.251 0.644 
 358 A _   0.005 0.083 0.000 0.013 0.004 0.010 0.249 0.636 
 359 P _   0.005 0.091 0.001 0.014 0.005 0.011 0.247 0.627 
 360 L _   0.005 0.100 0.001 0.016 0.005 0.012 0.245 0.616 
 361 Q _   0.006 0.111 0.001 0.018 0.006 0.013 0.243 0.603 
 362 T _   0.007 0.121 0.001 0.020 0.007 0.014 0.241 0.589 
 363 A _   0.007 0.131 0.001 0.023 0.008 0.015 0.240 0.576 
 364 M _   0.007 0.139 0.001 0.026 0.008 0.015 0.239 0.565 
 365 E _   0.007 0.145 0.001 0.028 0.009 0.015 0.239 0.556 
 366 P _   0.007 0.149 0.001 0.029 0.009 0.015 0.240 0.550 
 367 Q _   0.008 0.150 0.001 0.030 0.009 0.015 0.241 0.546 
 368 T _   0.008 0.150 0.001 0.030 0.009 0.014 0.243 0.546 
 369 T _   0.007 0.146 0.001 0.029 0.008 0.013 0.246 0.549 
 370 V _   0.007 0.140 0.001 0.027 0.008 0.012 0.250 0.554 
 371 V _   0.007 0.132 0.001 0.025 0.007 0.012 0.255 0.562 
 372 H _   0.007 0.122 0.001 0.022 0.006 0.011 0.260 0.573 
 373 N _   0.006 0.110 0.001 0.019 0.005 0.010 0.265 0.584 
 374 A _   0.006 0.098 0.001 0.016 0.005 0.009 0.270 0.595 
 375 T _   0.006 0.086 0.001 0.014 0.004 0.009 0.275 0.606 
 376 D _   0.005 0.076 0.000 0.012 0.003 0.008 0.280 0.614 
 377 G _   0.005 0.068 0.000 0.011 0.003 0.008 0.284 0.620 
 378 I _   0.005 0.062 0.000 0.010 0.003 0.007 0.288 0.624 
 379 K _   0.005 0.058 0.000 0.010 0.003 0.007 0.292 0.624 
 380 G _   0.005 0.055 0.000 0.011 0.003 0.007 0.295 0.624 
 381 S _   0.005 0.052 0.000 0.012 0.003 0.007 0.298 0.622 
 382 T _   0.005 0.050 0.000 0.014 0.003 0.008 0.301 0.620 
 383 E _   0.005 0.047 0.000 0.015 0.003 0.008 0.305 0.618 
 384 S _   0.004 0.044 0.000 0.015 0.003 0.007 0.309 0.617 
 385 C _   0.004 0.040 0.000 0.015 0.003 0.007 0.313 0.617 
 386 N _   0.004 0.036 0.000 0.014 0.003 0.007 0.317 0.618 
 387 T _   0.004 0.031 0.000 0.013 0.003 0.007 0.321 0.621 
 388 T _   0.004 0.026 0.000 0.011 0.002 0.006 0.325 0.624 
 389 T _   0.004 0.022 0.000 0.010 0.002 0.006 0.329 0.628 
 390 E _   0.004 0.018 0.000 0.009 0.002 0.005 0.332 0.630 
 391 D _   0.004 0.015 0.000 0.008 0.002 0.005 0.335 0.632 
 392 E _   0.003 0.013 0.000 0.007 0.002 0.005 0.337 0.632 
 393 D _   0.004 0.011 0.000 0.007 0.002 0.005 0.339 0.633 
 394 L _   0.004 0.010 0.000 0.007 0.002 0.005 0.340 0.632 
 395 K _   0.004 0.009 0.000 0.007 0.002 0.005 0.341 0.632 
 396 A _   0.004 0.008 0.000 0.008 0.002 0.005 0.341 0.632 
 397 R _   0.004 0.008 0.000 0.008 0.002 0.006 0.340 0.632 
 398 S _   0.004 0.007 0.000 0.009 0.002 0.006 0.340 0.633 
 399 P _   0.004 0.007 0.000 0.008 0.002 0.005 0.339 0.635 
 400 E _   0.004 0.006 0.000 0.008 0.002 0.005 0.337 0.638 
 401 G _   0.004 0.006 0.000 0.007 0.002 0.005 0.335 0.641 
 402 R _   0.004 0.005 0.000 0.007 0.002 0.005 0.333 0.645 
 403 S _   0.003 0.005 0.000 0.006 0.001 0.005 0.330 0.649 
 404 S _   0.003 0.005 0.000 0.006 0.001 0.005 0.327 0.653 
 405 R _   0.003 0.005 0.000 0.006 0.001 0.005 0.323 0.657 
 406 D _   0.003 0.005 0.000 0.006 0.002 0.005 0.318 0.661 
 407 R _   0.003 0.006 0.000 0.007 0.002 0.006 0.312 0.664 
 408 T _   0.003 0.007 0.000 0.008 0.002 0.006 0.306 0.667 
 409 A _   0.004 0.009 0.000 0.010 0.002 0.007 0.299 0.669 
 410 P _   0.004 0.011 0.000 0.012 0.003 0.008 0.292 0.671 
 411 S _   0.004 0.013 0.000 0.014 0.003 0.009 0.284 0.672 
 412 A _   0.004 0.015 0.000 0.016 0.004 0.009 0.277 0.674 
 413 G _   0.004 0.017 0.001 0.018 0.004 0.010 0.270 0.677 
 414 M _   0.004 0.018 0.001 0.018 0.004 0.010 0.263 0.681 
 415 Q _   0.004 0.019 0.001 0.018 0.005 0.010 0.257 0.686 
 416 P _   0.004 0.019 0.001 0.018 0.005 0.010 0.252 0.691 
 417 Q _   0.004 0.019 0.001 0.017 0.005 0.011 0.247 0.697 
 418 P _   0.005 0.018 0.001 0.016 0.004 0.011 0.242 0.704 
 419 S _   0.005 0.018 0.001 0.014 0.004 0.011 0.238 0.709 
 420 L _   0.005 0.017 0.001 0.013 0.004 0.012 0.234 0.714 
 421 C _   0.006 0.016 0.001 0.012 0.005 0.013 0.230 0.719 
 422 S _   0.007 0.015 0.001 0.012 0.005 0.014 0.226 0.721 
 423 S _   0.008 0.015 0.001 0.011 0.005 0.015 0.222 0.723 
 424 A _   0.010 0.014 0.001 0.011 0.006 0.017 0.218 0.723 
 425 M _   0.012 0.014 0.001 0.011 0.006 0.019 0.215 0.723 
 426 R _   0.015 0.014 0.001 0.010 0.007 0.021 0.211 0.721 
 427 K _   0.018 0.014 0.001 0.010 0.008 0.024 0.207 0.717 
 428 Q _   0.022 0.015 0.001 0.011 0.010 0.027 0.204 0.711 
 429 E _   0.027 0.016 0.001 0.011 0.012 0.029 0.200 0.703 
 430 I _   0.032 0.018 0.001 0.013 0.014 0.032 0.197 0.692 
 431 I _   0.037 0.021 0.001 0.015 0.017 0.035 0.194 0.679 
 432 K _   0.042 0.025 0.001 0.019 0.020 0.036 0.191 0.665 
 433 I _   0.045 0.029 0.002 0.023 0.022 0.037 0.189 0.652 
 434 T _   0.046 0.033 0.002 0.028 0.023 0.037 0.188 0.644 
 435 E _   0.045 0.035 0.002 0.031 0.023 0.035 0.187 0.642 
 436 Q _   0.042 0.036 0.002 0.032 0.021 0.032 0.187 0.648 
 437 L _   0.038 0.034 0.001 0.030 0.018 0.029 0.188 0.661 
 438 I _   0.033 0.031 0.001 0.026 0.015 0.025 0.189 0.680 
 439 E _   0.028 0.027 0.001 0.020 0.011 0.021 0.190 0.702 
 440 A _   0.023 0.021 0.001 0.015 0.008 0.017 0.191 0.724 
 441 I _   0.019 0.016 0.001 0.010 0.005 0.014 0.191 0.743 
 442 N _   0.015 0.013 0.000 0.007 0.004 0.012 0.191 0.757 
 443 N _   0.012 0.011 0.000 0.006 0.003 0.011 0.191 0.766 
 444 G _   0.011 0.010 0.000 0.005 0.003 0.010 0.191 0.771 
 445 D _   0.010 0.010 0.000 0.005 0.003 0.009 0.190 0.772 
 446 F _   0.009 0.011 0.000 0.006 0.003 0.009 0.189 0.772 
 447 E _   0.009 0.012 0.000 0.008 0.003 0.010 0.188 0.770 
 448 A _   0.009 0.015 0.000 0.009 0.004 0.010 0.186 0.767 
 449 Y _   0.008 0.017 0.001 0.011 0.004 0.010 0.185 0.765 
 450 T _   0.008 0.019 0.001 0.011 0.004 0.010 0.183 0.764 
 451 K _   0.007 0.022 0.001 0.012 0.004 0.009 0.182 0.763 
 452 I _   0.007 0.024 0.000 0.011 0.004 0.009 0.180 0.763 
 453 C _   0.007 0.026 0.000 0.011 0.004 0.009 0.179 0.764 
 454 D _   0.006 0.028 0.000 0.010 0.004 0.009 0.178 0.765 
 455 P _   0.006 0.031 0.000 0.009 0.003 0.009 0.176 0.764 
 456 G _   0.006 0.034 0.000 0.009 0.003 0.010 0.175 0.763 
 457 L _   0.006 0.038 0.000 0.009 0.004 0.010 0.173 0.759 
 458 T _   0.007 0.044 0.000 0.009 0.004 0.011 0.171 0.754 
 459 S _   0.007 0.052 0.001 0.010 0.004 0.012 0.169 0.745 
 460 F _   0.008 0.064 0.001 0.012 0.005 0.014 0.166 0.731 
 461 E _   0.008 0.080 0.001 0.014 0.006 0.015 0.163 0.713 
 462 P _   0.009 0.100 0.001 0.016 0.008 0.017 0.160 0.690 
 463 E _   0.010 0.127 0.001 0.018 0.009 0.019 0.156 0.660 
 464 A _   0.011 0.158 0.001 0.021 0.011 0.021 0.152 0.626 
 465 L _   0.011 0.189 0.001 0.024 0.012 0.022 0.149 0.591 
 466 G _   0.012 0.220 0.001 0.027 0.014 0.023 0.146 0.557 
 467 N _   0.012 0.249 0.001 0.030 0.015 0.024 0.143 0.526 
 468 L _   0.013 0.271 0.001 0.033 0.015 0.024 0.142 0.502 
 469 V _   0.013 0.287 0.001 0.035 0.016 0.024 0.140 0.484 
 470 E _   0.013 0.298 0.001 0.036 0.016 0.024 0.140 0.471 
 471 G _   0.013 0.304 0.001 0.037 0.016 0.024 0.140 0.464 
 472 M _   0.014 0.307 0.001 0.038 0.016 0.023 0.141 0.461 
 473 D _   0.014 0.305 0.001 0.038 0.015 0.023 0.143 0.461 
 474 F _   0.014 0.300 0.001 0.038 0.015 0.022 0.145 0.466 
 475 H _   0.014 0.289 0.001 0.037 0.014 0.020 0.148 0.476 
 476 K _   0.013 0.273 0.001 0.037 0.013 0.019 0.153 0.491 
 477 F _   0.013 0.250 0.001 0.035 0.012 0.018 0.158 0.513 
 478 Y _   0.013 0.218 0.001 0.032 0.011 0.016 0.165 0.544 
 479 F _   0.012 0.179 0.001 0.028 0.009 0.015 0.173 0.583 
 480 E _   0.012 0.135 0.001 0.023 0.008 0.013 0.181 0.627 
 481 N _   0.011 0.093 0.001 0.017 0.006 0.012 0.190 0.671 
 482 L _   0.010 0.057 0.001 0.012 0.005 0.010 0.197 0.709 
 483 L _   0.008 0.031 0.001 0.008 0.003 0.009 0.203 0.737 
 484 S _   0.007 0.017 0.000 0.005 0.002 0.007 0.207 0.754 
 485 K _   0.006 0.009 0.000 0.004 0.002 0.007 0.210 0.762 
 486 N _   0.005 0.006 0.000 0.003 0.002 0.007 0.212 0.765 
 487 S _   0.006 0.005 0.000 0.004 0.002 0.007 0.213 0.764 
 488 K _   0.006 0.004 0.000 0.005 0.002 0.008 0.214 0.760 
 489 P _   0.007 0.005 0.000 0.006 0.003 0.010 0.214 0.755 
 490 I _   0.007 0.005 0.000 0.009 0.004 0.011 0.215 0.748 
 491 H _   0.008 0.006 0.001 0.012 0.005 0.013 0.215 0.741 
 492 T _   0.008 0.007 0.001 0.014 0.006 0.015 0.215 0.735 
 493 T _   0.009 0.008 0.001 0.016 0.007 0.016 0.215 0.729 
 494 I _   0.009 0.008 0.001 0.017 0.007 0.017 0.215 0.726 
 495 L _   0.009 0.008 0.001 0.017 0.007 0.018 0.216 0.724 
 496 N _   0.010 0.008 0.001 0.015 0.007 0.019 0.217 0.722 
 497 P _   0.012 0.007 0.001 0.013 0.007 0.021 0.218 0.721 
 498 H _   0.013 0.007 0.001 0.011 0.007 0.022 0.219 0.719 
 499 V _   0.016 0.006 0.001 0.010 0.007 0.024 0.221 0.715 
 500 H _   0.020 0.006 0.001 0.008 0.007 0.027 0.222 0.708 
 501 V _   0.026 0.006 0.001 0.007 0.008 0.031 0.224 0.698 
 502 I _   0.033 0.006 0.001 0.007 0.010 0.035 0.225 0.683 
 503 G _   0.042 0.008 0.001 0.007 0.013 0.040 0.227 0.663 
 504 E _   0.052 0.011 0.001 0.008 0.017 0.046 0.229 0.636 
 505 D _   0.063 0.016 0.001 0.011 0.023 0.052 0.231 0.604 
 506 A _   0.074 0.025 0.002 0.014 0.031 0.057 0.233 0.565 
 507 A _   0.082 0.037 0.002 0.019 0.038 0.060 0.236 0.525 
 508 C _   0.086 0.051 0.002 0.026 0.043 0.061 0.241 0.489 
 509 I _   0.087 0.066 0.002 0.033 0.046 0.061 0.247 0.457 
 510 A _   0.085 0.077 0.002 0.041 0.046 0.058 0.255 0.435 
 511 Y _   0.081 0.085 0.002 0.046 0.044 0.054 0.265 0.423 
 512 I _   0.074 0.088 0.002 0.049 0.040 0.049 0.276 0.421 
 513 R _   0.065 0.088 0.002 0.049 0.034 0.043 0.290 0.428 
 514 L _   0.055 0.084 0.002 0.045 0.028 0.037 0.306 0.443 
 515 T _   0.045 0.076 0.002 0.039 0.022 0.031 0.323 0.462 
 516 Q _   0.036 0.064 0.001 0.032 0.016 0.025 0.342 0.484 
 517 Y _   0.028 0.050 0.001 0.024 0.011 0.020 0.361 0.505 
 518 I _   0.021 0.037 0.001 0.017 0.007 0.016 0.378 0.522 
 519 D _   0.016 0.026 0.001 0.012 0.005 0.012 0.394 0.536 
 520 G _   0.012 0.018 0.000 0.008 0.003 0.009 0.406 0.543 
 521 Q _   0.009 0.013 0.000 0.006 0.002 0.007 0.416 0.547 
 522 G _   0.007 0.011 0.000 0.004 0.002 0.006 0.424 0.548 
 523 R _   0.005 0.009 0.000 0.003 0.001 0.005 0.430 0.547 
 524 P _   0.004 0.009 0.000 0.003 0.001 0.004 0.434 0.544 
 525 R _   0.004 0.009 0.000 0.003 0.001 0.005 0.437 0.541 
 526 T _   0.004 0.011 0.000 0.004 0.001 0.005 0.440 0.535 
 527 S _   0.004 0.015 0.000 0.006 0.002 0.006 0.442 0.526 
 528 Q _   0.004 0.021 0.000 0.008 0.003 0.007 0.443 0.514 
 529 S _   0.004 0.031 0.000 0.012 0.004 0.008 0.443 0.497 
 530 E _   0.004 0.044 0.001 0.017 0.005 0.009 0.444 0.477 
 531 E _   0.004 0.057 0.001 0.021 0.005 0.010 0.445 0.458 
 532 T X   0.004 0.067 0.001 0.025 0.006 0.010 0.446 0.442 
 533 R X   0.004 0.074 0.001 0.026 0.006 0.010 0.449 0.430 
 534 V X   0.004 0.078 0.001 0.027 0.006 0.010 0.452 0.422 
 535 W X   0.004 0.080 0.001 0.025 0.006 0.010 0.457 0.418 
 536 H X   0.004 0.080 0.001 0.023 0.006 0.010 0.462 0.415 
 537 R X   0.004 0.079 0.001 0.020 0.005 0.010 0.469 0.412 
 538 R X   0.004 0.078 0.001 0.018 0.005 0.010 0.476 0.408 
 539 D X   0.004 0.076 0.001 0.016 0.005 0.009 0.485 0.404 
 540 G X   0.004 0.075 0.001 0.015 0.005 0.009 0.494 0.398 
 541 K X   0.005 0.073 0.001 0.015 0.004 0.009 0.503 0.390 
 542 W X   0.005 0.072 0.001 0.015 0.004 0.009 0.513 0.381 
 543 L X   0.005 0.071 0.001 0.015 0.004 0.009 0.522 0.372 
 544 N X   0.005 0.070 0.001 0.016 0.005 0.009 0.532 0.363 
 545 V X   0.005 0.068 0.001 0.016 0.004 0.009 0.543 0.355 
 546 H X   0.005 0.066 0.001 0.015 0.004 0.009 0.553 0.347 
 547 Y X   0.005 0.063 0.001 0.015 0.004 0.008 0.564 0.340 
 548 H X   0.005 0.060 0.000 0.014 0.004 0.008 0.575 0.334 
 549 C X   0.004 0.057 0.000 0.013 0.004 0.008 0.586 0.328 
 550 S X   0.004 0.054 0.000 0.013 0.003 0.007 0.596 0.322 
 551 G X   0.004 0.051 0.000 0.012 0.003 0.006 0.606 0.317 
 552 A X   0.003 0.049 0.000 0.012 0.003 0.005 0.616 0.312 
 553 P X   0.002 0.045 0.000 0.011 0.002 0.004 0.627 0.308 
 554 A X   0.001 0.042 0.000 0.009 0.001 0.002 0.637 0.307 
 555 A X   0.001 0.037 0.000 0.007 0.001 0.001 0.645 0.310 
 556 P X   0.000 0.032 0.000 0.005 0.000 0.000 0.647 0.315 
 557 L X   0.000 0.029 0.000 0.006 0.000 0.001 0.645 0.319 
 558 Q X   0.003 0.028 0.001 0.014 0.003 0.003 0.631 0.317 
