#TopoPred_TM8: 8-state transmembrane topology prediction results by no_profile mode 
#probabilities are in the order of H E C I L F X _, the 8 transmembrane topology types used in PDBTM 
   1 M X   0.016 0.002 0.002 0.048 0.009 0.012 0.530 0.382 
   2 S X   0.004 0.001 0.000 0.026 0.002 0.006 0.540 0.421 
   3 S X   0.001 0.001 0.000 0.016 0.001 0.005 0.539 0.437 
   4 N X   0.002 0.003 0.000 0.015 0.001 0.008 0.530 0.441 
   5 C X   0.005 0.010 0.000 0.021 0.004 0.016 0.510 0.433 
   6 T X   0.011 0.029 0.001 0.033 0.010 0.029 0.476 0.409 
   7 S X   0.018 0.074 0.002 0.052 0.019 0.041 0.431 0.363 
   8 T X   0.021 0.145 0.003 0.076 0.026 0.047 0.376 0.305 
   9 T X   0.021 0.218 0.003 0.098 0.030 0.048 0.326 0.256 
  10 A X   0.019 0.269 0.003 0.113 0.032 0.046 0.290 0.229 
  11 V E   0.018 0.295 0.002 0.119 0.032 0.043 0.267 0.225 
  12 A E   0.017 0.305 0.002 0.119 0.031 0.040 0.252 0.234 
  13 V E   0.018 0.306 0.002 0.111 0.029 0.037 0.242 0.257 
  14 A E   0.018 0.296 0.002 0.097 0.026 0.033 0.234 0.294 
  15 P _   0.018 0.271 0.002 0.079 0.023 0.029 0.229 0.349 
  16 L _   0.018 0.226 0.002 0.059 0.018 0.025 0.226 0.425 
  17 S _   0.018 0.164 0.002 0.041 0.014 0.022 0.223 0.517 
  18 A _   0.016 0.099 0.001 0.025 0.010 0.018 0.221 0.609 
  19 S _   0.014 0.051 0.001 0.014 0.006 0.015 0.218 0.680 
  20 K _   0.012 0.024 0.001 0.008 0.004 0.013 0.214 0.725 
  21 T _   0.009 0.011 0.000 0.005 0.003 0.011 0.209 0.751 
  22 K _   0.008 0.006 0.000 0.004 0.002 0.010 0.204 0.765 
  23 T _   0.008 0.004 0.000 0.003 0.002 0.010 0.198 0.774 
  24 K _   0.008 0.004 0.000 0.004 0.002 0.011 0.190 0.779 
  25 K _   0.009 0.004 0.000 0.006 0.003 0.013 0.182 0.781 
  26 K _   0.011 0.005 0.001 0.009 0.005 0.016 0.173 0.781 
  27 H _   0.013 0.006 0.001 0.014 0.007 0.018 0.163 0.779 
  28 F _   0.015 0.008 0.001 0.019 0.009 0.021 0.152 0.775 
  29 V _   0.017 0.010 0.001 0.024 0.011 0.023 0.142 0.772 
  30 C _   0.021 0.010 0.001 0.027 0.013 0.025 0.132 0.772 
  31 Q _   0.026 0.010 0.001 0.027 0.013 0.026 0.122 0.774 
  32 K _   0.033 0.009 0.001 0.025 0.013 0.026 0.114 0.779 
  33 V _   0.043 0.007 0.001 0.021 0.013 0.026 0.105 0.784 
  34 K _   0.058 0.005 0.001 0.015 0.011 0.025 0.097 0.787 
  35 L _   0.078 0.003 0.001 0.010 0.010 0.025 0.089 0.785 
  36 F _   0.106 0.001 0.001 0.006 0.009 0.024 0.081 0.772 
  37 R _   0.146 0.000 0.001 0.003 0.008 0.024 0.073 0.745 
  38 A _   0.195 0.000 0.001 0.002 0.009 0.024 0.064 0.704 
  39 S _   0.260 0.000 0.001 0.002 0.010 0.025 0.056 0.646 
  40 E _   0.338 0.000 0.001 0.002 0.013 0.027 0.048 0.572 
  41 P _   0.427 0.000 0.001 0.001 0.016 0.028 0.041 0.485 
  42 I H   0.514 0.000 0.001 0.002 0.022 0.029 0.035 0.397 
  43 L H   0.588 0.000 0.002 0.002 0.027 0.030 0.031 0.321 
  44 S H   0.642 0.000 0.002 0.002 0.031 0.030 0.029 0.265 
  45 V H   0.678 0.000 0.002 0.003 0.034 0.029 0.027 0.228 
  46 L H   0.695 0.000 0.002 0.003 0.035 0.028 0.027 0.210 
  47 M H   0.696 0.000 0.002 0.004 0.036 0.026 0.027 0.209 
  48 W H   0.681 0.000 0.002 0.004 0.036 0.025 0.028 0.224 
  49 G H   0.650 0.000 0.002 0.004 0.034 0.024 0.029 0.257 
  50 V H   0.602 0.000 0.002 0.004 0.031 0.022 0.031 0.307 
  51 N H   0.536 0.000 0.002 0.004 0.025 0.021 0.034 0.378 
  52 H _   0.456 0.000 0.002 0.004 0.020 0.019 0.037 0.462 
  53 T _   0.371 0.000 0.001 0.003 0.015 0.018 0.041 0.551 
  54 I _   0.291 0.000 0.001 0.003 0.010 0.016 0.045 0.634 
  55 N _   0.220 0.000 0.001 0.003 0.008 0.015 0.049 0.705 
  56 E _   0.162 0.000 0.001 0.003 0.006 0.014 0.053 0.762 
  57 L _   0.118 0.000 0.001 0.003 0.005 0.014 0.056 0.804 
  58 S _   0.087 0.000 0.001 0.004 0.005 0.014 0.059 0.830 
  59 N _   0.067 0.001 0.001 0.005 0.005 0.015 0.061 0.846 
  60 V _   0.052 0.002 0.001 0.007 0.006 0.015 0.063 0.854 
  61 P _   0.041 0.003 0.001 0.010 0.007 0.016 0.065 0.856 
  62 V _   0.034 0.005 0.001 0.013 0.007 0.016 0.067 0.855 
  63 P _   0.028 0.007 0.001 0.016 0.008 0.016 0.070 0.853 
  64 V _   0.024 0.009 0.001 0.018 0.008 0.016 0.072 0.852 
  65 M _   0.020 0.010 0.001 0.019 0.008 0.015 0.074 0.854 
  66 L _   0.017 0.010 0.001 0.018 0.007 0.014 0.076 0.857 
  67 M _   0.014 0.010 0.001 0.016 0.006 0.013 0.079 0.862 
  68 P _   0.012 0.010 0.001 0.014 0.005 0.012 0.081 0.866 
  69 D _   0.011 0.009 0.001 0.011 0.004 0.011 0.083 0.871 
  70 D _   0.009 0.008 0.000 0.010 0.004 0.010 0.085 0.873 
  71 F _   0.009 0.008 0.000 0.009 0.003 0.009 0.087 0.875 
  72 K _   0.008 0.008 0.000 0.008 0.003 0.009 0.089 0.874 
  73 A _   0.008 0.008 0.000 0.009 0.003 0.009 0.090 0.872 
  74 Y _   0.008 0.009 0.000 0.009 0.003 0.009 0.092 0.870 
  75 S _   0.007 0.010 0.000 0.010 0.003 0.009 0.093 0.867 
  76 K _   0.007 0.011 0.000 0.012 0.004 0.009 0.095 0.863 
  77 I _   0.007 0.012 0.000 0.013 0.004 0.009 0.096 0.860 
  78 K _   0.007 0.012 0.000 0.014 0.004 0.009 0.097 0.857 
  79 V _   0.007 0.013 0.000 0.014 0.004 0.009 0.098 0.855 
  80 D _   0.007 0.013 0.000 0.014 0.004 0.008 0.100 0.854 
  81 N _   0.007 0.013 0.000 0.013 0.004 0.008 0.101 0.854 
  82 H _   0.007 0.012 0.000 0.012 0.003 0.008 0.103 0.855 
  83 L _   0.006 0.012 0.000 0.011 0.003 0.007 0.104 0.857 
  84 F _   0.006 0.011 0.000 0.009 0.002 0.007 0.105 0.859 
  85 N _   0.005 0.011 0.000 0.007 0.002 0.006 0.106 0.861 
  86 K _   0.005 0.011 0.000 0.006 0.002 0.006 0.107 0.863 
  87 E _   0.005 0.011 0.000 0.005 0.002 0.006 0.107 0.864 
  88 N _   0.005 0.012 0.000 0.005 0.002 0.007 0.106 0.863 
  89 L _   0.005 0.014 0.000 0.005 0.002 0.008 0.105 0.861 
  90 P _   0.006 0.018 0.000 0.006 0.002 0.010 0.103 0.854 
  91 S _   0.007 0.026 0.000 0.008 0.003 0.012 0.101 0.843 
  92 R _   0.008 0.040 0.001 0.011 0.005 0.015 0.098 0.823 
  93 F _   0.010 0.063 0.001 0.015 0.007 0.018 0.095 0.792 
  94 K _   0.011 0.098 0.001 0.019 0.010 0.021 0.090 0.749 
  95 F _   0.013 0.145 0.001 0.024 0.012 0.024 0.085 0.695 
  96 K _   0.014 0.200 0.002 0.030 0.015 0.026 0.080 0.634 
  97 E _   0.014 0.256 0.002 0.034 0.017 0.028 0.075 0.574 
  98 Y _   0.014 0.309 0.002 0.038 0.019 0.028 0.071 0.520 
  99 C _   0.014 0.353 0.002 0.041 0.020 0.028 0.067 0.476 
 100 P _   0.015 0.387 0.002 0.044 0.020 0.027 0.064 0.441 
 101 M _   0.015 0.410 0.001 0.047 0.020 0.027 0.063 0.418 
 102 V E   0.015 0.425 0.001 0.049 0.019 0.025 0.062 0.403 
 103 F E   0.015 0.432 0.001 0.051 0.019 0.024 0.061 0.397 
 104 R E   0.015 0.433 0.001 0.051 0.018 0.023 0.061 0.398 
 105 N E   0.015 0.426 0.001 0.050 0.017 0.021 0.062 0.408 
 106 L _   0.014 0.411 0.001 0.047 0.015 0.020 0.064 0.427 
 107 R _   0.014 0.385 0.001 0.044 0.014 0.018 0.066 0.459 
 108 E _   0.014 0.344 0.001 0.039 0.012 0.016 0.069 0.504 
 109 R _   0.014 0.288 0.001 0.033 0.011 0.015 0.073 0.565 
 110 F _   0.013 0.223 0.001 0.026 0.009 0.013 0.077 0.637 
 111 G _   0.012 0.162 0.001 0.019 0.006 0.012 0.081 0.706 
 112 I _   0.010 0.115 0.001 0.013 0.005 0.010 0.084 0.762 
 113 D _   0.009 0.084 0.000 0.009 0.003 0.009 0.086 0.800 
 114 D _   0.007 0.066 0.000 0.006 0.002 0.008 0.087 0.823 
 115 Q _   0.006 0.058 0.000 0.005 0.002 0.007 0.088 0.835 
 116 D _   0.005 0.055 0.000 0.005 0.002 0.007 0.087 0.839 
 117 Y _   0.005 0.054 0.000 0.006 0.002 0.007 0.086 0.838 
 118 Q _   0.005 0.057 0.000 0.009 0.003 0.008 0.085 0.833 
 119 N _   0.006 0.062 0.000 0.013 0.003 0.010 0.083 0.823 
 120 S _   0.006 0.068 0.001 0.019 0.004 0.010 0.081 0.811 
 121 V _   0.006 0.074 0.001 0.024 0.005 0.011 0.079 0.800 
 122 T _   0.006 0.079 0.001 0.027 0.006 0.011 0.078 0.793 
 123 R _   0.006 0.081 0.001 0.027 0.006 0.011 0.076 0.792 
 124 S _   0.006 0.080 0.001 0.025 0.005 0.010 0.075 0.797 
 125 A _   0.005 0.078 0.001 0.021 0.005 0.009 0.075 0.806 
 126 P _   0.005 0.073 0.000 0.016 0.004 0.009 0.074 0.819 
 127 I _   0.005 0.069 0.000 0.011 0.003 0.008 0.074 0.830 
 128 N _   0.004 0.065 0.000 0.008 0.002 0.008 0.073 0.839 
 129 S _   0.005 0.064 0.000 0.006 0.002 0.008 0.072 0.843 
 130 D _   0.005 0.065 0.000 0.006 0.002 0.009 0.070 0.842 
 131 S _   0.006 0.069 0.000 0.008 0.003 0.011 0.069 0.834 
 132 Q _   0.007 0.080 0.001 0.011 0.005 0.014 0.066 0.816 
 133 G _   0.009 0.100 0.001 0.018 0.007 0.017 0.063 0.785 
 134 R _   0.009 0.130 0.001 0.027 0.010 0.020 0.059 0.744 
 135 C _   0.010 0.161 0.001 0.037 0.013 0.022 0.055 0.702 
 136 G _   0.010 0.185 0.001 0.045 0.014 0.023 0.052 0.670 
 137 T _   0.010 0.200 0.001 0.050 0.015 0.023 0.049 0.652 
 138 R _   0.010 0.207 0.001 0.051 0.015 0.023 0.047 0.647 
 139 F _   0.009 0.208 0.001 0.048 0.015 0.022 0.046 0.650 
 140 L _   0.009 0.204 0.001 0.044 0.014 0.022 0.045 0.661 
 141 T _   0.009 0.195 0.001 0.038 0.013 0.021 0.044 0.679 
 142 T _   0.010 0.182 0.001 0.032 0.012 0.020 0.044 0.699 
 143 Y _   0.010 0.167 0.001 0.027 0.011 0.020 0.044 0.720 
 144 D _   0.011 0.153 0.001 0.023 0.010 0.020 0.044 0.738 
 145 R _   0.011 0.140 0.001 0.021 0.010 0.019 0.045 0.753 
 146 R _   0.012 0.127 0.001 0.020 0.009 0.019 0.045 0.767 
 147 F _   0.012 0.116 0.001 0.019 0.009 0.019 0.046 0.778 
 148 V _   0.012 0.105 0.001 0.019 0.009 0.019 0.046 0.790 
 149 I _   0.012 0.094 0.001 0.018 0.008 0.018 0.046 0.801 
 150 K _   0.012 0.083 0.001 0.017 0.008 0.018 0.047 0.814 
 151 T _   0.012 0.072 0.001 0.015 0.008 0.018 0.047 0.827 
 152 V _   0.013 0.061 0.001 0.014 0.008 0.018 0.048 0.839 
 153 S _   0.013 0.051 0.001 0.013 0.007 0.018 0.048 0.849 
 154 S _   0.013 0.044 0.001 0.012 0.007 0.019 0.048 0.857 
 155 E _   0.014 0.037 0.001 0.011 0.007 0.019 0.049 0.862 
 156 D _   0.015 0.033 0.001 0.011 0.007 0.020 0.049 0.864 
 157 V _   0.016 0.030 0.001 0.012 0.008 0.021 0.049 0.863 
 158 A _   0.018 0.027 0.001 0.013 0.008 0.022 0.049 0.862 
 159 E _   0.019 0.024 0.001 0.013 0.009 0.023 0.050 0.861 
 160 M _   0.021 0.022 0.001 0.014 0.009 0.024 0.050 0.860 
 161 H _   0.022 0.019 0.001 0.013 0.009 0.025 0.050 0.861 
 162 N _   0.024 0.016 0.001 0.012 0.009 0.025 0.050 0.862 
 163 I _   0.026 0.014 0.001 0.011 0.010 0.026 0.051 0.862 
 164 L _   0.027 0.012 0.001 0.010 0.010 0.027 0.051 0.862 
 165 K _   0.029 0.010 0.001 0.010 0.010 0.028 0.051 0.860 
 166 K _   0.032 0.009 0.001 0.010 0.011 0.030 0.051 0.856 
 167 Y _   0.034 0.008 0.001 0.011 0.012 0.031 0.052 0.851 
 168 H _   0.037 0.008 0.001 0.012 0.013 0.032 0.052 0.845 
 169 Q _   0.039 0.008 0.001 0.013 0.014 0.032 0.053 0.839 
 170 F _   0.041 0.007 0.001 0.014 0.015 0.033 0.054 0.835 
 171 I _   0.043 0.007 0.001 0.014 0.014 0.032 0.055 0.833 
 172 V _   0.043 0.006 0.001 0.014 0.014 0.032 0.056 0.834 
 173 E _   0.043 0.005 0.001 0.012 0.013 0.031 0.057 0.837 
 174 C _   0.043 0.004 0.001 0.010 0.011 0.030 0.058 0.841 
 175 H _   0.043 0.003 0.001 0.009 0.011 0.030 0.060 0.844 
 176 G _   0.044 0.003 0.001 0.007 0.010 0.030 0.061 0.844 
 177 N _   0.045 0.002 0.001 0.007 0.010 0.031 0.062 0.842 
 178 T _   0.047 0.002 0.001 0.007 0.011 0.032 0.063 0.837 
 179 L _   0.048 0.002 0.001 0.008 0.012 0.033 0.065 0.831 
 180 L _   0.050 0.003 0.001 0.010 0.013 0.034 0.067 0.822 
 181 P _   0.051 0.004 0.001 0.012 0.015 0.035 0.068 0.814 
 182 Q _   0.051 0.005 0.001 0.015 0.016 0.035 0.070 0.807 
 183 F _   0.050 0.005 0.001 0.017 0.016 0.034 0.073 0.804 
 184 L _   0.048 0.005 0.001 0.018 0.016 0.033 0.075 0.804 
 185 G _   0.046 0.005 0.001 0.017 0.015 0.032 0.077 0.807 
 186 M _   0.043 0.005 0.001 0.015 0.013 0.031 0.080 0.812 
 187 Y _   0.041 0.004 0.001 0.012 0.011 0.029 0.083 0.820 
 188 R _   0.038 0.003 0.001 0.009 0.009 0.028 0.086 0.827 
 189 L _   0.037 0.002 0.001 0.007 0.008 0.027 0.088 0.831 
 190 T _   0.037 0.001 0.001 0.005 0.007 0.027 0.091 0.831 
 191 V _   0.038 0.001 0.001 0.004 0.007 0.029 0.093 0.827 
 192 D _   0.041 0.002 0.001 0.005 0.008 0.031 0.095 0.818 
 193 G _   0.046 0.003 0.001 0.006 0.010 0.034 0.097 0.804 
 194 V _   0.052 0.005 0.001 0.008 0.013 0.038 0.100 0.782 
 195 E _   0.059 0.009 0.001 0.011 0.018 0.043 0.102 0.757 
 196 T _   0.064 0.015 0.002 0.015 0.022 0.046 0.105 0.730 
 197 Y _   0.067 0.022 0.002 0.020 0.026 0.049 0.109 0.705 
 198 M _   0.068 0.028 0.002 0.024 0.030 0.051 0.113 0.685 
 199 V _   0.068 0.034 0.002 0.027 0.031 0.051 0.117 0.670 
 200 V _   0.066 0.038 0.002 0.028 0.031 0.050 0.123 0.662 
 201 T _   0.063 0.040 0.002 0.028 0.030 0.048 0.128 0.659 
 202 R _   0.059 0.042 0.002 0.028 0.028 0.046 0.135 0.660 
 203 N _   0.054 0.042 0.002 0.027 0.026 0.043 0.142 0.664 
 204 V _   0.048 0.042 0.002 0.027 0.023 0.040 0.150 0.669 
 205 F _   0.043 0.040 0.001 0.026 0.020 0.036 0.159 0.674 
 206 S _   0.037 0.038 0.001 0.025 0.017 0.032 0.168 0.680 
 207 H _   0.032 0.036 0.001 0.024 0.015 0.028 0.177 0.687 
 208 R _   0.027 0.032 0.001 0.022 0.012 0.025 0.187 0.694 
 209 L _   0.023 0.028 0.001 0.020 0.010 0.021 0.196 0.701 
 210 T _   0.019 0.024 0.001 0.017 0.008 0.017 0.205 0.708 
 211 V _   0.016 0.019 0.001 0.014 0.006 0.014 0.214 0.716 
 212 H _   0.013 0.015 0.001 0.011 0.004 0.012 0.222 0.722 
 213 R _   0.011 0.012 0.000 0.008 0.003 0.010 0.230 0.726 
 214 K _   0.009 0.009 0.000 0.007 0.003 0.009 0.236 0.728 
 215 Y _   0.008 0.007 0.000 0.006 0.002 0.008 0.242 0.727 
 216 D _   0.007 0.007 0.000 0.005 0.002 0.007 0.247 0.724 
 217 L _   0.007 0.006 0.000 0.006 0.002 0.007 0.251 0.720 
 218 K _   0.007 0.007 0.000 0.007 0.003 0.008 0.255 0.713 
 219 G _   0.007 0.007 0.000 0.010 0.003 0.008 0.260 0.705 
 220 S _   0.007 0.008 0.000 0.012 0.004 0.009 0.264 0.696 
 221 T _   0.007 0.009 0.000 0.015 0.004 0.009 0.268 0.687 
 222 V _   0.007 0.010 0.001 0.016 0.004 0.009 0.273 0.681 
 223 A _   0.007 0.009 0.000 0.016 0.004 0.008 0.278 0.677 
 224 R _   0.006 0.009 0.000 0.015 0.004 0.008 0.283 0.675 
 225 E _   0.006 0.008 0.000 0.012 0.003 0.007 0.288 0.676 
 226 A _   0.005 0.007 0.000 0.010 0.002 0.006 0.293 0.677 
 227 S _   0.005 0.005 0.000 0.007 0.002 0.005 0.297 0.678 
 228 D _   0.004 0.004 0.000 0.006 0.002 0.005 0.301 0.678 
 229 K _   0.004 0.004 0.000 0.005 0.002 0.005 0.304 0.677 
 230 E _   0.004 0.003 0.000 0.005 0.001 0.005 0.306 0.674 
 231 K _   0.004 0.003 0.000 0.006 0.002 0.005 0.309 0.671 
 232 A _   0.004 0.004 0.000 0.007 0.002 0.006 0.310 0.667 
 233 K _   0.005 0.004 0.000 0.008 0.002 0.006 0.312 0.663 
 234 D _   0.005 0.004 0.000 0.010 0.002 0.006 0.313 0.659 
 235 L _   0.005 0.005 0.000 0.011 0.003 0.006 0.314 0.656 
 236 P _   0.005 0.005 0.000 0.011 0.003 0.006 0.316 0.655 
 237 T _   0.004 0.005 0.000 0.010 0.002 0.006 0.316 0.655 
 238 F _   0.004 0.004 0.000 0.009 0.002 0.006 0.317 0.657 
 239 K _   0.004 0.004 0.000 0.008 0.002 0.005 0.318 0.659 
 240 D _   0.004 0.004 0.000 0.007 0.002 0.005 0.318 0.661 
 241 N _   0.003 0.003 0.000 0.006 0.002 0.005 0.318 0.662 
 242 D _   0.003 0.003 0.000 0.005 0.002 0.005 0.318 0.663 
 243 F _   0.003 0.003 0.000 0.006 0.002 0.005 0.317 0.664 
 244 L _   0.004 0.004 0.000 0.006 0.002 0.005 0.316 0.663 
 245 N _   0.004 0.005 0.000 0.008 0.002 0.006 0.314 0.661 
 246 E _   0.004 0.006 0.000 0.010 0.002 0.006 0.312 0.660 
 247 G _   0.004 0.006 0.000 0.011 0.003 0.007 0.310 0.658 
 248 Q _   0.004 0.007 0.000 0.013 0.003 0.007 0.308 0.657 
 249 K _   0.004 0.008 0.000 0.014 0.003 0.007 0.306 0.657 
 250 L _   0.004 0.008 0.000 0.014 0.003 0.007 0.304 0.659 
 251 H _   0.004 0.008 0.000 0.013 0.003 0.007 0.303 0.663 
 252 V _   0.004 0.007 0.000 0.011 0.003 0.006 0.301 0.667 
 253 G _   0.004 0.007 0.000 0.010 0.002 0.006 0.300 0.671 
 254 E _   0.004 0.006 0.000 0.008 0.002 0.006 0.299 0.675 
 255 E _   0.004 0.006 0.000 0.007 0.002 0.006 0.297 0.679 
 256 S _   0.004 0.005 0.000 0.006 0.002 0.006 0.296 0.681 
 257 K _   0.004 0.005 0.000 0.006 0.002 0.006 0.294 0.683 
 258 K _   0.004 0.006 0.000 0.006 0.002 0.007 0.292 0.684 
 259 N _   0.004 0.006 0.000 0.006 0.002 0.008 0.289 0.685 
 260 F _   0.005 0.007 0.000 0.007 0.003 0.009 0.286 0.684 
 261 L _   0.005 0.008 0.000 0.008 0.003 0.010 0.283 0.682 
 262 E _   0.006 0.009 0.000 0.009 0.004 0.012 0.279 0.680 
 263 K _   0.007 0.011 0.000 0.010 0.004 0.014 0.276 0.678 
 264 L _   0.008 0.013 0.001 0.011 0.005 0.016 0.273 0.675 
 265 K _   0.009 0.014 0.001 0.013 0.006 0.018 0.269 0.670 
 266 R _   0.011 0.016 0.001 0.014 0.008 0.021 0.266 0.664 
 267 D _   0.013 0.019 0.001 0.016 0.009 0.024 0.262 0.656 
 268 V _   0.016 0.021 0.001 0.018 0.011 0.027 0.260 0.647 
 269 E _   0.019 0.023 0.001 0.020 0.013 0.029 0.257 0.637 
 270 F _   0.023 0.024 0.001 0.021 0.015 0.031 0.255 0.629 
 271 L _   0.026 0.025 0.001 0.022 0.016 0.033 0.254 0.623 
 272 A _   0.029 0.025 0.001 0.021 0.016 0.034 0.253 0.621 
 273 Q _   0.032 0.024 0.001 0.018 0.016 0.034 0.253 0.621 
 274 L _   0.035 0.023 0.001 0.016 0.015 0.034 0.252 0.623 
 275 K _   0.037 0.022 0.001 0.013 0.015 0.034 0.253 0.625 
 276 I _   0.040 0.021 0.001 0.012 0.015 0.034 0.253 0.625 
 277 M _   0.042 0.021 0.001 0.012 0.015 0.034 0.254 0.622 
 278 D _   0.044 0.021 0.001 0.013 0.016 0.033 0.255 0.616 
 279 Y _   0.046 0.022 0.001 0.015 0.017 0.033 0.257 0.610 
 280 S _   0.046 0.024 0.001 0.018 0.017 0.031 0.260 0.603 
 281 L _   0.044 0.025 0.001 0.021 0.017 0.029 0.263 0.599 
 282 L _   0.041 0.025 0.001 0.024 0.016 0.027 0.267 0.599 
 283 V _   0.037 0.025 0.001 0.024 0.014 0.024 0.272 0.604 
 284 G _   0.032 0.023 0.001 0.022 0.011 0.021 0.277 0.613 
 285 I _   0.027 0.020 0.001 0.019 0.009 0.017 0.282 0.626 
 286 H _   0.022 0.016 0.001 0.015 0.006 0.014 0.287 0.639 
 287 D _   0.017 0.012 0.001 0.011 0.005 0.012 0.291 0.651 
 288 V _   0.014 0.009 0.000 0.008 0.003 0.009 0.295 0.661 
 289 D _   0.011 0.007 0.000 0.006 0.002 0.008 0.298 0.668 
 290 R _   0.009 0.005 0.000 0.004 0.002 0.007 0.300 0.672 
 291 A _   0.007 0.005 0.000 0.004 0.002 0.006 0.302 0.674 
 292 E _   0.006 0.004 0.000 0.004 0.002 0.006 0.303 0.674 
 293 Q _   0.006 0.005 0.000 0.005 0.002 0.006 0.304 0.672 
 294 E _   0.005 0.006 0.000 0.007 0.002 0.006 0.304 0.670 
 295 E _   0.005 0.007 0.000 0.009 0.002 0.007 0.303 0.666 
 296 M _   0.005 0.008 0.000 0.011 0.003 0.007 0.303 0.663 
 297 E _   0.005 0.010 0.000 0.013 0.003 0.007 0.302 0.660 
 298 V _   0.005 0.011 0.000 0.014 0.003 0.007 0.302 0.658 
 299 E _   0.005 0.011 0.000 0.014 0.003 0.007 0.302 0.658 
 300 E _   0.005 0.011 0.000 0.013 0.003 0.006 0.302 0.660 
 301 R _   0.004 0.011 0.000 0.011 0.002 0.006 0.301 0.664 
 302 A _   0.004 0.011 0.000 0.009 0.002 0.005 0.301 0.668 
 303 E _   0.004 0.010 0.000 0.007 0.002 0.005 0.300 0.672 
 304 D _   0.003 0.010 0.000 0.005 0.001 0.004 0.299 0.676 
 305 E _   0.003 0.010 0.000 0.004 0.001 0.004 0.297 0.679 
 306 E _   0.003 0.011 0.000 0.004 0.001 0.004 0.295 0.681 
 307 C _   0.003 0.013 0.000 0.005 0.001 0.005 0.291 0.682 
 308 E _   0.004 0.018 0.000 0.006 0.002 0.006 0.286 0.679 
 309 N _   0.004 0.026 0.000 0.009 0.003 0.008 0.278 0.671 
 310 D _   0.005 0.043 0.001 0.015 0.004 0.010 0.269 0.653 
 311 G _   0.005 0.070 0.001 0.024 0.006 0.013 0.257 0.624 
 312 V _   0.006 0.107 0.001 0.036 0.008 0.015 0.243 0.584 
 313 G _   0.006 0.143 0.001 0.048 0.010 0.016 0.231 0.544 
 314 G _   0.006 0.171 0.001 0.059 0.011 0.017 0.221 0.514 
 315 N _   0.006 0.187 0.001 0.066 0.012 0.017 0.214 0.497 
 316 L _   0.006 0.194 0.001 0.069 0.011 0.017 0.210 0.492 
 317 L _   0.006 0.195 0.001 0.067 0.011 0.016 0.207 0.497 
 318 C _   0.006 0.190 0.001 0.060 0.010 0.014 0.206 0.513 
 319 S _   0.006 0.178 0.001 0.049 0.008 0.013 0.206 0.539 
 320 Y _   0.006 0.157 0.001 0.037 0.007 0.011 0.207 0.574 
 321 G _   0.006 0.131 0.001 0.025 0.005 0.009 0.209 0.615 
 322 T _   0.005 0.105 0.001 0.015 0.004 0.008 0.210 0.652 
 323 P _   0.005 0.086 0.000 0.009 0.002 0.007 0.211 0.680 
 324 P _   0.004 0.076 0.000 0.006 0.002 0.006 0.210 0.696 
 325 D _   0.004 0.072 0.000 0.004 0.001 0.006 0.209 0.703 
 326 S _   0.004 0.072 0.000 0.005 0.002 0.007 0.206 0.704 
 327 P _   0.005 0.076 0.000 0.007 0.002 0.009 0.203 0.698 
 328 G _   0.006 0.089 0.001 0.011 0.004 0.012 0.197 0.679 
 329 N _   0.007 0.117 0.001 0.020 0.007 0.015 0.189 0.644 
 330 L _   0.008 0.162 0.001 0.032 0.010 0.018 0.178 0.591 
 331 L _   0.008 0.215 0.001 0.045 0.013 0.020 0.167 0.531 
 332 S _   0.007 0.257 0.001 0.057 0.014 0.020 0.158 0.485 
 333 F _   0.007 0.284 0.001 0.065 0.014 0.019 0.152 0.458 
 334 P _   0.006 0.298 0.001 0.069 0.014 0.019 0.148 0.445 
 335 R _   0.006 0.303 0.001 0.069 0.014 0.018 0.146 0.444 
 336 F _   0.006 0.301 0.001 0.065 0.013 0.016 0.145 0.454 
 337 F _   0.006 0.291 0.001 0.058 0.012 0.015 0.145 0.473 
 338 G _   0.006 0.272 0.001 0.048 0.011 0.014 0.146 0.502 
 339 P _   0.006 0.243 0.001 0.038 0.009 0.013 0.149 0.542 
 340 G _   0.006 0.207 0.001 0.028 0.008 0.012 0.152 0.586 
 341 E _   0.007 0.171 0.001 0.021 0.006 0.012 0.155 0.628 
 342 F _   0.006 0.143 0.001 0.016 0.005 0.011 0.158 0.660 
 343 D _   0.006 0.124 0.001 0.013 0.004 0.011 0.160 0.681 
 344 P _   0.006 0.112 0.000 0.013 0.004 0.011 0.162 0.692 
 345 S _   0.007 0.104 0.000 0.014 0.004 0.011 0.163 0.696 
 346 V _   0.007 0.099 0.001 0.017 0.005 0.012 0.164 0.696 
 347 D _   0.007 0.095 0.001 0.020 0.005 0.012 0.165 0.695 
 348 V _   0.008 0.090 0.001 0.022 0.006 0.012 0.167 0.695 
 349 Y _   0.008 0.083 0.001 0.023 0.006 0.012 0.169 0.699 
 350 A _   0.007 0.073 0.001 0.023 0.006 0.011 0.171 0.709 
 351 M _   0.007 0.059 0.001 0.020 0.005 0.010 0.173 0.725 
 352 K _   0.007 0.042 0.001 0.015 0.004 0.009 0.175 0.746 
 353 S _   0.006 0.026 0.000 0.010 0.003 0.009 0.177 0.768 
 354 H _   0.006 0.013 0.000 0.006 0.002 0.008 0.178 0.786 
 355 E _   0.006 0.005 0.000 0.004 0.002 0.008 0.179 0.796 
 356 S _   0.008 0.002 0.000 0.002 0.001 0.009 0.178 0.799 
 357 S _   0.012 0.001 0.000 0.002 0.002 0.012 0.177 0.794 
 358 P _   0.021 0.001 0.000 0.002 0.003 0.017 0.176 0.780 
 359 K _   0.038 0.001 0.000 0.003 0.005 0.025 0.173 0.753 
 360 K _   0.063 0.004 0.001 0.005 0.012 0.038 0.169 0.708 
 361 E _   0.093 0.014 0.002 0.009 0.025 0.052 0.165 0.641 
 362 V _   0.123 0.039 0.003 0.017 0.041 0.064 0.160 0.553 
 363 Y _   0.145 0.077 0.003 0.028 0.056 0.072 0.155 0.463 
 364 F _   0.159 0.116 0.003 0.039 0.066 0.075 0.152 0.390 
 365 M _   0.165 0.146 0.003 0.049 0.069 0.074 0.151 0.341 
 366 A _   0.166 0.164 0.003 0.057 0.068 0.071 0.152 0.319 
 367 I _   0.162 0.173 0.003 0.062 0.064 0.066 0.154 0.316 
 368 I _   0.152 0.173 0.003 0.062 0.058 0.059 0.159 0.333 
 369 D _   0.137 0.166 0.003 0.058 0.049 0.052 0.165 0.370 
 370 I _   0.118 0.148 0.003 0.049 0.039 0.044 0.172 0.426 
 371 L _   0.097 0.119 0.002 0.037 0.028 0.036 0.181 0.500 
 372 T _   0.075 0.081 0.002 0.025 0.018 0.028 0.190 0.581 
 373 P _   0.054 0.047 0.001 0.015 0.010 0.021 0.197 0.654 
 374 Y _   0.037 0.026 0.001 0.008 0.005 0.016 0.202 0.706 
 375 D _   0.023 0.016 0.000 0.005 0.003 0.012 0.205 0.735 
 376 T _   0.015 0.013 0.000 0.003 0.002 0.009 0.206 0.751 
 377 K _   0.011 0.012 0.000 0.002 0.002 0.009 0.207 0.757 
 378 K _   0.009 0.014 0.000 0.003 0.002 0.009 0.207 0.758 
 379 K _   0.008 0.019 0.000 0.005 0.002 0.010 0.205 0.751 
 380 A _   0.008 0.031 0.000 0.008 0.004 0.012 0.203 0.735 
 381 A _   0.009 0.056 0.001 0.013 0.006 0.014 0.199 0.704 
 382 H _   0.009 0.099 0.001 0.018 0.008 0.015 0.194 0.656 
 383 A _   0.008 0.153 0.001 0.024 0.009 0.016 0.188 0.599 
 384 A _   0.008 0.209 0.001 0.028 0.010 0.016 0.182 0.544 
 385 K _   0.007 0.258 0.001 0.031 0.011 0.016 0.178 0.498 
 386 T _   0.007 0.295 0.001 0.032 0.011 0.016 0.175 0.465 
 387 V _   0.006 0.322 0.001 0.032 0.010 0.015 0.173 0.440 
 388 K _   0.006 0.341 0.001 0.032 0.010 0.015 0.172 0.423 
 389 H _   0.006 0.355 0.001 0.031 0.010 0.015 0.172 0.410 
 390 G _   0.007 0.364 0.001 0.030 0.010 0.015 0.173 0.400 
 391 A _   0.007 0.370 0.001 0.029 0.010 0.014 0.175 0.394 
 392 G _   0.007 0.372 0.001 0.028 0.009 0.014 0.178 0.391 
 393 A _   0.008 0.371 0.001 0.026 0.008 0.013 0.181 0.391 
 394 E _   0.008 0.367 0.001 0.025 0.008 0.013 0.185 0.394 
 395 I _   0.007 0.360 0.001 0.023 0.007 0.012 0.190 0.399 
 396 S _   0.007 0.350 0.001 0.020 0.007 0.012 0.196 0.408 
 397 T _   0.007 0.338 0.001 0.017 0.006 0.011 0.202 0.418 
 398 V _   0.007 0.324 0.001 0.015 0.005 0.011 0.209 0.429 
 399 N _   0.006 0.311 0.001 0.012 0.004 0.010 0.216 0.439 
 400 P _   0.006 0.301 0.000 0.009 0.004 0.010 0.222 0.447 
 401 E _   0.006 0.294 0.000 0.008 0.003 0.011 0.227 0.451 
 402 Q _   0.006 0.290 0.000 0.007 0.003 0.011 0.231 0.451 
 403 Y _   0.007 0.290 0.000 0.007 0.003 0.012 0.235 0.446 
 404 S _   0.008 0.296 0.000 0.007 0.004 0.014 0.237 0.434 
 405 K _   0.009 0.308 0.001 0.009 0.006 0.015 0.240 0.413 
 406 R _   0.010 0.331 0.001 0.012 0.008 0.017 0.241 0.380 
 407 F E   0.011 0.366 0.001 0.016 0.010 0.018 0.243 0.335 
 408 N E   0.010 0.410 0.001 0.020 0.012 0.017 0.245 0.285 
 409 E E   0.009 0.451 0.001 0.024 0.012 0.015 0.247 0.241 
 410 F E   0.007 0.484 0.001 0.026 0.010 0.012 0.250 0.209 
 411 M E   0.005 0.501 0.001 0.027 0.008 0.009 0.255 0.193 
 412 S E   0.004 0.507 0.001 0.027 0.005 0.006 0.262 0.189 
 413 N E   0.002 0.504 0.000 0.023 0.002 0.003 0.269 0.196 
 414 I E   0.001 0.492 0.000 0.020 0.001 0.002 0.273 0.212 
 415 L E   0.001 0.470 0.000 0.020 0.001 0.002 0.273 0.233 
 416 T E   0.005 0.444 0.002 0.029 0.006 0.005 0.267 0.243 
