#TopoPred_TM8: 8-state transmembrane topology prediction results by no_profile mode 
#probabilities are in the order of H E C I L F X _, the 8 transmembrane topology types used in PDBTM 
   1 M X   0.006 0.001 0.002 0.034 0.006 0.006 0.898 0.048 
   2 P X   0.002 0.000 0.000 0.017 0.001 0.002 0.925 0.053 
   3 H X   0.001 0.000 0.000 0.008 0.000 0.001 0.932 0.057 
   4 P X   0.000 0.000 0.000 0.005 0.000 0.001 0.934 0.060 
   5 R X   0.000 0.000 0.000 0.004 0.000 0.001 0.932 0.062 
   6 R X   0.001 0.000 0.000 0.003 0.000 0.001 0.930 0.064 
   7 Y X   0.001 0.000 0.000 0.003 0.000 0.002 0.927 0.067 
   8 H X   0.001 0.001 0.000 0.003 0.001 0.002 0.923 0.070 
   9 S X   0.001 0.001 0.000 0.004 0.001 0.002 0.917 0.074 
  10 S X   0.001 0.002 0.000 0.005 0.001 0.003 0.910 0.079 
  11 E X   0.001 0.003 0.000 0.006 0.001 0.003 0.902 0.084 
  12 R X   0.001 0.004 0.000 0.007 0.001 0.003 0.895 0.089 
  13 G X   0.001 0.005 0.000 0.008 0.002 0.003 0.887 0.094 
  14 S X   0.001 0.006 0.000 0.009 0.002 0.004 0.880 0.099 
  15 R X   0.001 0.006 0.000 0.010 0.002 0.004 0.874 0.104 
  16 G X   0.001 0.007 0.000 0.010 0.002 0.004 0.868 0.108 
  17 S X   0.001 0.007 0.000 0.010 0.002 0.004 0.863 0.112 
  18 Y X   0.001 0.007 0.000 0.010 0.002 0.004 0.859 0.116 
  19 R X   0.001 0.007 0.000 0.009 0.002 0.003 0.856 0.121 
  20 E X   0.001 0.007 0.000 0.008 0.002 0.003 0.853 0.126 
  21 H X   0.001 0.007 0.000 0.006 0.001 0.003 0.851 0.130 
  22 Y X   0.001 0.006 0.000 0.005 0.001 0.003 0.848 0.135 
  23 R X   0.001 0.005 0.000 0.004 0.001 0.003 0.846 0.139 
  24 S X   0.001 0.005 0.000 0.003 0.001 0.002 0.844 0.143 
  25 R X   0.001 0.004 0.000 0.003 0.001 0.002 0.842 0.147 
  26 K X   0.001 0.004 0.000 0.003 0.001 0.002 0.839 0.149 
  27 H X   0.001 0.004 0.000 0.003 0.001 0.002 0.836 0.152 
  28 K X   0.001 0.004 0.000 0.003 0.001 0.002 0.833 0.154 
  29 R X   0.001 0.005 0.000 0.004 0.001 0.003 0.830 0.156 
  30 R X   0.002 0.005 0.000 0.004 0.001 0.003 0.827 0.158 
  31 R X   0.002 0.005 0.000 0.005 0.001 0.003 0.824 0.160 
  32 S X   0.002 0.006 0.000 0.005 0.001 0.003 0.821 0.162 
  33 R X   0.002 0.006 0.000 0.005 0.001 0.003 0.818 0.165 
  34 S X   0.002 0.006 0.000 0.005 0.001 0.003 0.815 0.167 
  35 W X   0.002 0.006 0.000 0.005 0.001 0.003 0.813 0.170 
  36 S X   0.002 0.006 0.000 0.005 0.001 0.003 0.810 0.172 
  37 S X   0.002 0.006 0.000 0.005 0.001 0.003 0.808 0.175 
  38 S X   0.002 0.006 0.000 0.004 0.001 0.003 0.806 0.177 
  39 S X   0.002 0.006 0.000 0.004 0.001 0.003 0.804 0.180 
  40 D X   0.002 0.006 0.000 0.004 0.001 0.003 0.802 0.181 
  41 R X   0.002 0.006 0.000 0.004 0.001 0.003 0.800 0.183 
  42 T X   0.002 0.006 0.000 0.004 0.001 0.003 0.798 0.185 
  43 R X   0.002 0.006 0.000 0.005 0.001 0.003 0.796 0.187 
  44 R X   0.002 0.007 0.000 0.005 0.001 0.003 0.794 0.188 
  45 R X   0.002 0.007 0.000 0.005 0.001 0.003 0.792 0.189 
  46 R X   0.002 0.007 0.000 0.005 0.001 0.003 0.791 0.191 
  47 R X   0.002 0.007 0.000 0.005 0.002 0.003 0.789 0.191 
  48 E X   0.002 0.007 0.000 0.006 0.002 0.003 0.788 0.192 
  49 D X   0.002 0.007 0.000 0.006 0.002 0.003 0.787 0.192 
  50 S X   0.002 0.008 0.000 0.006 0.002 0.004 0.786 0.193 
  51 Y X   0.002 0.008 0.000 0.007 0.002 0.003 0.786 0.193 
  52 H X   0.002 0.007 0.000 0.007 0.002 0.003 0.785 0.193 
  53 V X   0.002 0.007 0.000 0.007 0.002 0.003 0.785 0.193 
  54 R X   0.002 0.007 0.000 0.006 0.002 0.003 0.786 0.194 
  55 S X   0.002 0.006 0.000 0.006 0.001 0.003 0.786 0.196 
  56 R X   0.002 0.005 0.000 0.005 0.001 0.003 0.787 0.197 
  57 S X   0.002 0.005 0.000 0.004 0.001 0.002 0.787 0.199 
  58 S X   0.002 0.004 0.000 0.003 0.001 0.002 0.787 0.201 
  59 Y X   0.001 0.004 0.000 0.002 0.001 0.002 0.786 0.203 
  60 D X   0.001 0.004 0.000 0.002 0.001 0.002 0.785 0.206 
  61 D X   0.001 0.004 0.000 0.002 0.001 0.002 0.784 0.207 
  62 R X   0.001 0.004 0.000 0.002 0.001 0.002 0.781 0.209 
  63 S X   0.001 0.004 0.000 0.002 0.001 0.002 0.778 0.210 
  64 S X   0.001 0.006 0.000 0.003 0.001 0.003 0.774 0.211 
  65 D X   0.002 0.008 0.000 0.005 0.001 0.004 0.770 0.210 
  66 R X   0.002 0.011 0.000 0.008 0.002 0.004 0.764 0.208 
  67 R X   0.002 0.016 0.000 0.011 0.002 0.005 0.759 0.205 
  68 V X   0.002 0.020 0.000 0.014 0.003 0.006 0.753 0.202 
  69 Y X   0.002 0.024 0.000 0.017 0.004 0.006 0.748 0.199 
  70 D X   0.002 0.027 0.000 0.020 0.004 0.006 0.744 0.196 
  71 R X   0.002 0.028 0.000 0.021 0.004 0.006 0.742 0.195 
  72 R X   0.002 0.029 0.000 0.021 0.004 0.006 0.741 0.196 
  73 Y X   0.002 0.028 0.000 0.020 0.004 0.006 0.742 0.198 
  74 C X   0.002 0.027 0.000 0.018 0.003 0.005 0.743 0.201 
  75 G X   0.002 0.024 0.000 0.015 0.003 0.005 0.746 0.205 
  76 S X   0.002 0.020 0.000 0.012 0.002 0.004 0.749 0.210 
  77 Y X   0.002 0.016 0.000 0.009 0.002 0.004 0.752 0.215 
  78 R X   0.002 0.012 0.000 0.007 0.001 0.003 0.755 0.220 
  79 R X   0.002 0.009 0.000 0.005 0.001 0.003 0.757 0.224 
  80 N X   0.002 0.006 0.000 0.003 0.001 0.002 0.759 0.227 
  81 D X   0.002 0.004 0.000 0.003 0.001 0.002 0.759 0.229 
  82 Y X   0.001 0.003 0.000 0.002 0.001 0.002 0.759 0.231 
  83 S X   0.001 0.003 0.000 0.002 0.001 0.002 0.758 0.233 
  84 R X   0.001 0.002 0.000 0.002 0.001 0.002 0.757 0.235 
  85 D X   0.001 0.002 0.000 0.002 0.001 0.002 0.754 0.237 
  86 R X   0.001 0.002 0.000 0.003 0.001 0.002 0.751 0.239 
  87 G X   0.002 0.003 0.000 0.004 0.001 0.003 0.747 0.241 
  88 D X   0.002 0.003 0.000 0.004 0.001 0.003 0.743 0.244 
  89 A X   0.002 0.003 0.000 0.005 0.001 0.003 0.738 0.247 
  90 Y X   0.002 0.004 0.000 0.006 0.001 0.003 0.733 0.251 
  91 Y X   0.002 0.004 0.000 0.006 0.001 0.004 0.728 0.255 
  92 D X   0.002 0.004 0.000 0.007 0.001 0.004 0.723 0.259 
  93 T X   0.002 0.005 0.000 0.007 0.002 0.004 0.718 0.263 
  94 D X   0.002 0.005 0.000 0.007 0.002 0.004 0.713 0.267 
  95 Y X   0.002 0.006 0.000 0.007 0.002 0.004 0.708 0.271 
  96 R X   0.002 0.006 0.000 0.008 0.002 0.004 0.703 0.275 
  97 H X   0.002 0.006 0.000 0.008 0.002 0.004 0.699 0.279 
  98 S X   0.002 0.006 0.000 0.008 0.002 0.005 0.694 0.282 
  99 Y X   0.002 0.006 0.000 0.008 0.002 0.005 0.691 0.286 
 100 E X   0.002 0.006 0.000 0.008 0.002 0.005 0.687 0.289 
 101 Y X   0.002 0.006 0.000 0.008 0.002 0.004 0.684 0.293 
 102 Q X   0.002 0.006 0.000 0.008 0.002 0.004 0.681 0.297 
 103 R X   0.002 0.006 0.000 0.007 0.002 0.004 0.678 0.301 
 104 E X   0.002 0.005 0.000 0.006 0.002 0.004 0.675 0.305 
 105 N X   0.002 0.005 0.000 0.005 0.001 0.004 0.672 0.310 
 106 S X   0.002 0.005 0.000 0.005 0.001 0.004 0.669 0.314 
 107 S X   0.002 0.005 0.000 0.004 0.001 0.004 0.666 0.318 
 108 Y X   0.002 0.004 0.000 0.004 0.001 0.004 0.663 0.321 
 109 R X   0.002 0.004 0.000 0.004 0.001 0.004 0.659 0.325 
 110 S X   0.002 0.005 0.000 0.004 0.001 0.004 0.654 0.329 
 111 Q X   0.002 0.005 0.000 0.004 0.001 0.004 0.650 0.333 
 112 R X   0.002 0.006 0.000 0.005 0.001 0.004 0.644 0.337 
 113 S X   0.003 0.006 0.000 0.005 0.002 0.005 0.638 0.341 
 114 S X   0.003 0.008 0.000 0.006 0.002 0.005 0.631 0.345 
 115 R X   0.003 0.009 0.000 0.007 0.002 0.005 0.624 0.349 
 116 R X   0.003 0.011 0.000 0.008 0.002 0.006 0.617 0.352 
 117 K X   0.003 0.013 0.000 0.010 0.003 0.006 0.610 0.355 
 118 H X   0.003 0.015 0.000 0.011 0.003 0.007 0.603 0.358 
 119 R X   0.003 0.016 0.000 0.012 0.003 0.007 0.596 0.360 
 120 R X   0.004 0.018 0.000 0.013 0.004 0.008 0.590 0.363 
 121 R X   0.004 0.019 0.000 0.014 0.004 0.008 0.585 0.366 
 122 R X   0.004 0.020 0.000 0.015 0.004 0.008 0.580 0.369 
 123 R X   0.004 0.020 0.000 0.015 0.004 0.008 0.576 0.372 
 124 R X   0.004 0.020 0.000 0.015 0.004 0.008 0.573 0.376 
 125 S X   0.005 0.019 0.000 0.014 0.004 0.007 0.571 0.380 
 126 R X   0.005 0.018 0.000 0.013 0.003 0.007 0.569 0.385 
 127 T X   0.005 0.017 0.000 0.012 0.003 0.007 0.567 0.390 
 128 F X   0.004 0.015 0.000 0.010 0.003 0.006 0.566 0.395 
 129 S X   0.004 0.013 0.000 0.009 0.002 0.006 0.565 0.401 
 130 R X   0.004 0.011 0.000 0.008 0.002 0.005 0.563 0.407 
 131 S X   0.004 0.009 0.000 0.007 0.002 0.005 0.561 0.413 
 132 S X   0.004 0.007 0.000 0.006 0.002 0.004 0.559 0.418 
 133 S X   0.003 0.006 0.000 0.005 0.001 0.004 0.557 0.423 
 134 Q X   0.003 0.004 0.000 0.005 0.001 0.004 0.554 0.427 
 135 H X   0.003 0.004 0.000 0.005 0.001 0.004 0.551 0.432 
 136 S X   0.003 0.003 0.000 0.005 0.001 0.004 0.547 0.436 
 137 S X   0.003 0.003 0.000 0.005 0.001 0.004 0.542 0.442 
 138 R X   0.003 0.002 0.000 0.005 0.001 0.004 0.537 0.447 
 139 R X   0.003 0.002 0.000 0.005 0.001 0.004 0.531 0.454 
 140 A X   0.003 0.002 0.000 0.004 0.001 0.004 0.525 0.461 
 141 K X   0.002 0.001 0.000 0.004 0.001 0.004 0.517 0.470 
 142 S X   0.002 0.001 0.000 0.004 0.001 0.004 0.508 0.479 
 143 V X   0.003 0.001 0.000 0.004 0.001 0.005 0.498 0.488 
 144 E _   0.003 0.002 0.000 0.004 0.002 0.006 0.487 0.497 
 145 D _   0.003 0.002 0.000 0.005 0.002 0.008 0.474 0.505 
 146 D _   0.004 0.003 0.000 0.006 0.003 0.010 0.461 0.512 
 147 A _   0.006 0.006 0.000 0.009 0.004 0.014 0.445 0.516 
 148 E _   0.008 0.009 0.001 0.013 0.006 0.018 0.428 0.518 
 149 G _   0.010 0.014 0.001 0.018 0.009 0.023 0.409 0.516 
 150 H _   0.012 0.019 0.001 0.024 0.013 0.029 0.390 0.513 
 151 L _   0.015 0.024 0.001 0.031 0.016 0.033 0.371 0.509 
 152 I _   0.017 0.028 0.001 0.035 0.019 0.037 0.354 0.508 
 153 Y _   0.020 0.030 0.002 0.038 0.022 0.040 0.338 0.511 
 154 H _   0.022 0.031 0.002 0.038 0.023 0.042 0.324 0.518 
 155 V _   0.025 0.031 0.002 0.036 0.024 0.043 0.312 0.528 
 156 G _   0.028 0.029 0.002 0.032 0.023 0.043 0.302 0.541 
 157 D _   0.031 0.026 0.002 0.028 0.022 0.043 0.292 0.556 
 158 W _   0.034 0.022 0.001 0.023 0.021 0.042 0.284 0.573 
 159 L _   0.036 0.017 0.001 0.018 0.019 0.041 0.277 0.590 
 160 Q _   0.037 0.013 0.001 0.015 0.017 0.040 0.271 0.607 
 161 E _   0.038 0.010 0.001 0.012 0.015 0.038 0.265 0.621 
 162 R _   0.039 0.007 0.001 0.010 0.013 0.037 0.260 0.633 
 163 Y _   0.040 0.005 0.001 0.008 0.012 0.036 0.254 0.643 
 164 E _   0.041 0.004 0.001 0.008 0.011 0.035 0.250 0.651 
 165 I _   0.042 0.004 0.001 0.007 0.011 0.034 0.245 0.655 
 166 V _   0.044 0.004 0.001 0.008 0.011 0.034 0.240 0.658 
 167 S _   0.047 0.004 0.001 0.008 0.012 0.034 0.236 0.658 
 168 T _   0.048 0.004 0.001 0.009 0.013 0.035 0.231 0.658 
 169 L _   0.050 0.004 0.001 0.010 0.015 0.035 0.228 0.657 
 170 G _   0.051 0.005 0.001 0.012 0.016 0.035 0.224 0.657 
 171 E _   0.051 0.006 0.001 0.013 0.017 0.035 0.221 0.656 
 172 G _   0.051 0.006 0.001 0.015 0.018 0.034 0.218 0.657 
 173 T _   0.049 0.007 0.001 0.016 0.017 0.033 0.216 0.661 
 174 F _   0.046 0.007 0.001 0.017 0.017 0.031 0.214 0.668 
 175 G _   0.042 0.006 0.001 0.017 0.015 0.028 0.213 0.677 
 176 R _   0.038 0.006 0.001 0.016 0.013 0.025 0.212 0.688 
 177 V _   0.033 0.005 0.001 0.014 0.011 0.022 0.211 0.702 
 178 V _   0.028 0.004 0.001 0.012 0.008 0.019 0.211 0.717 
 179 Q _   0.023 0.003 0.001 0.009 0.006 0.017 0.210 0.731 
 180 C _   0.019 0.002 0.001 0.006 0.005 0.015 0.209 0.743 
 181 V _   0.017 0.001 0.000 0.005 0.004 0.013 0.207 0.752 
 182 D _   0.015 0.001 0.000 0.004 0.003 0.012 0.206 0.758 
 183 H _   0.014 0.001 0.000 0.003 0.003 0.012 0.204 0.762 
 184 R _   0.014 0.001 0.000 0.003 0.003 0.013 0.202 0.762 
 185 R _   0.015 0.002 0.000 0.004 0.004 0.015 0.199 0.760 
 186 G _   0.017 0.004 0.001 0.006 0.006 0.017 0.197 0.753 
 187 G _   0.019 0.008 0.001 0.010 0.008 0.019 0.193 0.742 
 188 A _   0.020 0.014 0.001 0.015 0.011 0.021 0.190 0.728 
 189 R _   0.021 0.021 0.001 0.021 0.013 0.023 0.187 0.713 
 190 V _   0.022 0.027 0.001 0.026 0.015 0.024 0.184 0.701 
 191 A _   0.022 0.031 0.001 0.030 0.015 0.024 0.182 0.694 
 192 L _   0.021 0.033 0.001 0.031 0.015 0.023 0.181 0.694 
 193 K _   0.020 0.034 0.001 0.030 0.013 0.021 0.180 0.701 
 194 I _   0.018 0.032 0.001 0.026 0.012 0.019 0.180 0.712 
 195 I _   0.016 0.029 0.001 0.021 0.009 0.017 0.180 0.726 
 196 K _   0.015 0.026 0.001 0.016 0.007 0.016 0.180 0.741 
 197 N _   0.013 0.022 0.001 0.011 0.005 0.014 0.180 0.754 
 198 V _   0.012 0.019 0.000 0.008 0.004 0.013 0.180 0.764 
 199 E _   0.011 0.017 0.000 0.006 0.003 0.012 0.179 0.771 
 200 K _   0.010 0.017 0.000 0.005 0.003 0.012 0.179 0.774 
 201 Y _   0.011 0.018 0.000 0.005 0.003 0.013 0.178 0.772 
 202 K _   0.012 0.020 0.000 0.007 0.004 0.014 0.176 0.766 
 203 E _   0.013 0.027 0.001 0.010 0.006 0.016 0.174 0.754 
 204 A _   0.014 0.038 0.001 0.015 0.008 0.018 0.172 0.734 
 205 A _   0.015 0.053 0.001 0.023 0.010 0.020 0.170 0.709 
 206 R _   0.015 0.070 0.001 0.031 0.012 0.021 0.168 0.682 
 207 L _   0.015 0.085 0.001 0.041 0.014 0.021 0.166 0.658 
 208 E _   0.015 0.095 0.001 0.048 0.014 0.021 0.165 0.641 
 209 I _   0.014 0.100 0.001 0.052 0.014 0.020 0.165 0.633 
 210 N _   0.014 0.100 0.001 0.053 0.013 0.019 0.167 0.633 
 211 V _   0.013 0.097 0.001 0.049 0.012 0.017 0.169 0.641 
 212 L _   0.012 0.089 0.001 0.043 0.010 0.015 0.173 0.658 
 213 E _   0.011 0.075 0.001 0.034 0.008 0.013 0.177 0.682 
 214 K _   0.010 0.056 0.001 0.024 0.006 0.011 0.181 0.710 
 215 I _   0.009 0.037 0.001 0.016 0.004 0.009 0.185 0.740 
 216 N _   0.008 0.020 0.000 0.009 0.003 0.007 0.189 0.764 
 217 E _   0.006 0.010 0.000 0.005 0.002 0.005 0.191 0.781 
 218 K _   0.005 0.005 0.000 0.003 0.001 0.004 0.191 0.790 
 219 D _   0.004 0.003 0.000 0.002 0.001 0.004 0.191 0.795 
 220 P _   0.004 0.002 0.000 0.002 0.001 0.005 0.190 0.797 
 221 D _   0.005 0.003 0.000 0.002 0.001 0.006 0.187 0.795 
 222 N _   0.006 0.004 0.000 0.004 0.002 0.010 0.184 0.789 
 223 K _   0.008 0.010 0.000 0.009 0.004 0.015 0.179 0.775 
 224 N _   0.010 0.022 0.001 0.019 0.007 0.021 0.172 0.747 
 225 L _   0.012 0.041 0.001 0.034 0.012 0.027 0.164 0.710 
 226 C _   0.014 0.059 0.001 0.051 0.016 0.031 0.155 0.674 
 227 V _   0.014 0.071 0.001 0.064 0.018 0.034 0.148 0.649 
 228 Q _   0.015 0.076 0.002 0.072 0.020 0.036 0.142 0.638 
 229 M _   0.016 0.077 0.002 0.071 0.020 0.036 0.138 0.641 
 230 F _   0.018 0.072 0.002 0.063 0.019 0.035 0.134 0.657 
 231 D _   0.022 0.062 0.002 0.050 0.017 0.034 0.132 0.682 
 232 W _   0.028 0.045 0.001 0.034 0.015 0.034 0.130 0.713 
 233 F _   0.039 0.025 0.001 0.020 0.012 0.034 0.128 0.740 
 234 D _   0.054 0.011 0.001 0.011 0.010 0.035 0.126 0.753 
 235 Y _   0.075 0.003 0.001 0.005 0.009 0.037 0.123 0.747 
 236 H _   0.106 0.001 0.001 0.003 0.009 0.039 0.121 0.719 
 237 G _   0.149 0.000 0.001 0.002 0.012 0.044 0.118 0.673 
 238 H _   0.206 0.001 0.001 0.003 0.018 0.050 0.115 0.606 
 239 M _   0.266 0.001 0.002 0.004 0.028 0.057 0.113 0.529 
 240 C _   0.320 0.004 0.002 0.006 0.041 0.063 0.111 0.453 
 241 I _   0.361 0.011 0.003 0.010 0.053 0.066 0.110 0.387 
 242 S H   0.387 0.020 0.003 0.014 0.062 0.067 0.110 0.338 
 243 F H   0.398 0.028 0.003 0.019 0.067 0.066 0.112 0.308 
 244 E H   0.397 0.035 0.003 0.024 0.069 0.063 0.114 0.295 
 245 L H   0.386 0.038 0.003 0.027 0.068 0.059 0.119 0.300 
 246 L H   0.365 0.039 0.003 0.028 0.064 0.054 0.124 0.323 
 247 G _   0.332 0.038 0.003 0.028 0.056 0.049 0.132 0.363 
 248 L _   0.289 0.034 0.003 0.027 0.045 0.042 0.141 0.420 
 249 S _   0.237 0.028 0.002 0.023 0.034 0.036 0.152 0.489 
 250 T _   0.184 0.020 0.002 0.019 0.023 0.029 0.163 0.560 
 251 F _   0.135 0.013 0.001 0.014 0.014 0.022 0.174 0.626 
 252 D _   0.093 0.007 0.001 0.010 0.008 0.017 0.184 0.680 
 253 F _   0.061 0.004 0.001 0.007 0.005 0.013 0.191 0.720 
 254 L _   0.039 0.002 0.000 0.004 0.003 0.009 0.196 0.746 
 255 K _   0.024 0.001 0.000 0.003 0.002 0.007 0.200 0.763 
 256 D _   0.016 0.000 0.000 0.002 0.001 0.006 0.202 0.772 
 257 N _   0.011 0.000 0.000 0.002 0.001 0.006 0.204 0.777 
 258 N _   0.009 0.000 0.000 0.002 0.001 0.006 0.204 0.777 
 259 Y _   0.010 0.000 0.000 0.002 0.001 0.008 0.204 0.775 
 260 L _   0.013 0.000 0.000 0.002 0.002 0.011 0.203 0.770 
 261 P _   0.019 0.000 0.000 0.002 0.002 0.015 0.201 0.759 
 262 Y _   0.028 0.001 0.000 0.003 0.004 0.022 0.199 0.742 
 263 P _   0.043 0.001 0.001 0.005 0.007 0.032 0.196 0.716 
 264 I _   0.062 0.003 0.001 0.007 0.013 0.043 0.191 0.680 
 265 H _   0.085 0.007 0.001 0.009 0.021 0.055 0.186 0.634 
 266 Q _   0.110 0.014 0.002 0.012 0.033 0.067 0.181 0.581 
 267 V _   0.137 0.024 0.002 0.015 0.046 0.077 0.176 0.522 
 268 R _   0.160 0.036 0.003 0.018 0.060 0.085 0.172 0.466 
 269 H _   0.179 0.050 0.003 0.021 0.071 0.089 0.169 0.417 
 270 M _   0.194 0.065 0.003 0.025 0.079 0.090 0.167 0.376 
 271 A _   0.204 0.077 0.003 0.028 0.084 0.089 0.167 0.349 
 272 F _   0.208 0.086 0.003 0.032 0.084 0.085 0.168 0.333 
 273 Q _   0.209 0.092 0.003 0.035 0.082 0.080 0.171 0.329 
 274 L _   0.203 0.095 0.003 0.037 0.076 0.074 0.175 0.337 
 275 C _   0.194 0.094 0.003 0.037 0.067 0.067 0.181 0.357 
 276 Q _   0.178 0.091 0.003 0.037 0.056 0.059 0.188 0.389 
 277 A _   0.158 0.083 0.003 0.034 0.044 0.051 0.197 0.432 
 278 V _   0.134 0.071 0.002 0.030 0.033 0.042 0.207 0.482 
 279 K _   0.108 0.056 0.002 0.024 0.022 0.034 0.218 0.536 
 280 F _   0.083 0.040 0.001 0.019 0.014 0.027 0.228 0.588 
 281 L _   0.061 0.025 0.001 0.014 0.009 0.020 0.237 0.632 
 282 H _   0.044 0.015 0.001 0.009 0.005 0.015 0.245 0.666 
 283 D _   0.030 0.008 0.000 0.006 0.003 0.012 0.250 0.690 
 284 N _   0.020 0.005 0.000 0.005 0.002 0.009 0.254 0.706 
 285 K _   0.014 0.003 0.000 0.003 0.002 0.007 0.256 0.715 
 286 L _   0.010 0.002 0.000 0.003 0.001 0.006 0.258 0.721 
 287 T _   0.007 0.002 0.000 0.002 0.001 0.005 0.258 0.725 
 288 H _   0.006 0.002 0.000 0.002 0.001 0.005 0.257 0.726 
 289 T _   0.005 0.003 0.000 0.003 0.001 0.006 0.256 0.726 
 290 D _   0.006 0.005 0.000 0.004 0.002 0.007 0.253 0.723 
 291 L _   0.006 0.009 0.000 0.007 0.003 0.009 0.250 0.716 
 292 K _   0.007 0.017 0.000 0.011 0.004 0.011 0.246 0.704 
 293 P _   0.008 0.030 0.001 0.016 0.006 0.013 0.241 0.685 
 294 E _   0.008 0.045 0.001 0.023 0.007 0.015 0.236 0.664 
 295 N _   0.009 0.060 0.001 0.030 0.009 0.016 0.231 0.644 
 296 I _   0.009 0.072 0.001 0.036 0.010 0.017 0.227 0.628 
 297 L _   0.009 0.080 0.001 0.039 0.010 0.017 0.224 0.619 
 298 F _   0.009 0.084 0.001 0.041 0.010 0.017 0.222 0.616 
 299 V _   0.009 0.085 0.001 0.040 0.010 0.016 0.221 0.618 
 300 N _   0.009 0.084 0.001 0.038 0.009 0.015 0.221 0.624 
 301 S _   0.009 0.079 0.001 0.033 0.008 0.014 0.221 0.634 
 302 D _   0.009 0.073 0.001 0.029 0.007 0.013 0.223 0.647 
 303 Y _   0.009 0.064 0.001 0.024 0.006 0.012 0.224 0.662 
 304 E _   0.009 0.053 0.001 0.019 0.005 0.010 0.226 0.677 
 305 L _   0.008 0.043 0.001 0.015 0.004 0.009 0.228 0.692 
 306 T _   0.007 0.034 0.000 0.012 0.003 0.008 0.230 0.706 
 307 Y _   0.007 0.026 0.000 0.009 0.003 0.007 0.230 0.717 
 308 N _   0.006 0.020 0.000 0.007 0.002 0.006 0.230 0.727 
 309 L _   0.005 0.016 0.000 0.006 0.002 0.006 0.229 0.735 
 310 E _   0.005 0.014 0.000 0.005 0.001 0.006 0.228 0.742 
 311 K _   0.004 0.012 0.000 0.004 0.001 0.005 0.225 0.747 
 312 K _   0.004 0.012 0.000 0.004 0.001 0.006 0.222 0.751 
 313 R _   0.004 0.013 0.000 0.004 0.001 0.007 0.217 0.754 
 314 D _   0.005 0.015 0.000 0.004 0.002 0.008 0.212 0.754 
 315 E _   0.006 0.020 0.000 0.006 0.003 0.011 0.204 0.749 
 316 R _   0.008 0.033 0.001 0.010 0.005 0.016 0.194 0.734 
 317 S _   0.011 0.058 0.001 0.016 0.009 0.021 0.181 0.704 
 318 V _   0.014 0.105 0.002 0.025 0.014 0.027 0.164 0.650 
 319 K _   0.016 0.173 0.002 0.036 0.021 0.032 0.144 0.576 
 320 S _   0.017 0.251 0.003 0.048 0.026 0.035 0.125 0.495 
 321 T _   0.017 0.324 0.003 0.059 0.029 0.036 0.109 0.424 
 322 A _   0.017 0.374 0.002 0.068 0.030 0.036 0.097 0.376 
 323 V E   0.017 0.404 0.002 0.074 0.029 0.035 0.089 0.350 
 324 R E   0.017 0.418 0.002 0.078 0.028 0.033 0.084 0.340 
 325 V E   0.017 0.422 0.002 0.077 0.027 0.032 0.080 0.344 
 326 V E   0.017 0.417 0.002 0.074 0.025 0.029 0.077 0.358 
 327 D E   0.018 0.400 0.002 0.066 0.023 0.027 0.076 0.388 
 328 F _   0.018 0.367 0.002 0.057 0.021 0.025 0.075 0.436 
 329 G _   0.018 0.313 0.002 0.046 0.018 0.023 0.075 0.505 
 330 S _   0.018 0.240 0.002 0.035 0.015 0.021 0.075 0.594 
 331 A _   0.017 0.164 0.002 0.025 0.011 0.019 0.076 0.687 
 332 T _   0.015 0.106 0.001 0.016 0.008 0.016 0.076 0.762 
 333 F _   0.012 0.070 0.001 0.010 0.005 0.014 0.076 0.812 
 334 D _   0.010 0.051 0.000 0.007 0.004 0.013 0.075 0.840 
 335 H _   0.009 0.043 0.000 0.006 0.003 0.012 0.073 0.855 
 336 E _   0.008 0.040 0.000 0.006 0.003 0.011 0.071 0.861 
 337 H _   0.007 0.039 0.000 0.007 0.003 0.012 0.069 0.863 
 338 H _   0.007 0.040 0.000 0.009 0.004 0.012 0.066 0.861 
 339 S _   0.008 0.042 0.001 0.012 0.005 0.013 0.063 0.856 
 340 T _   0.008 0.046 0.001 0.015 0.006 0.014 0.060 0.850 
 341 I _   0.009 0.050 0.001 0.018 0.007 0.016 0.057 0.844 
 342 V _   0.009 0.052 0.001 0.021 0.008 0.017 0.053 0.839 
 343 S _   0.009 0.054 0.001 0.022 0.008 0.017 0.051 0.838 
 344 T _   0.009 0.054 0.001 0.022 0.008 0.018 0.048 0.839 
 345 R _   0.010 0.054 0.001 0.020 0.009 0.019 0.045 0.842 
 346 H _   0.010 0.053 0.001 0.019 0.009 0.020 0.043 0.845 
 347 Y _   0.011 0.052 0.001 0.018 0.009 0.021 0.041 0.848 
 348 R _   0.012 0.051 0.001 0.018 0.009 0.022 0.039 0.848 
 349 A _   0.013 0.050 0.001 0.019 0.010 0.023 0.037 0.846 
 350 P _   0.015 0.050 0.001 0.021 0.012 0.025 0.035 0.841 
 351 E _   0.018 0.050 0.001 0.024 0.013 0.026 0.033 0.835 
 352 V _   0.020 0.050 0.001 0.028 0.014 0.027 0.031 0.829 
 353 I _   0.024 0.048 0.001 0.030 0.015 0.028 0.029 0.825 
 354 L _   0.028 0.045 0.001 0.030 0.016 0.028 0.028 0.825 
 355 E _   0.032 0.040 0.001 0.028 0.015 0.028 0.026 0.830 
 356 L _   0.039 0.031 0.001 0.024 0.014 0.027 0.025 0.839 
 357 G _   0.048 0.022 0.001 0.018 0.013 0.026 0.023 0.849 
 358 W _   0.061 0.012 0.001 0.012 0.011 0.025 0.022 0.856 
 359 S _   0.079 0.005 0.001 0.007 0.009 0.024 0.021 0.854 
 360 Q _   0.104 0.002 0.001 0.004 0.008 0.023 0.019 0.839 
 361 P _   0.141 0.000 0.001 0.003 0.007 0.023 0.017 0.807 
 362 C _   0.193 0.000 0.001 0.002 0.008 0.024 0.016 0.756 
 363 D _   0.262 0.000 0.001 0.002 0.010 0.025 0.014 0.686 
 364 V _   0.345 0.000 0.001 0.002 0.013 0.027 0.012 0.599 
 365 W _   0.435 0.000 0.001 0.002 0.018 0.029 0.010 0.504 
 366 S H   0.522 0.000 0.002 0.002 0.023 0.030 0.009 0.412 
 367 I H   0.597 0.000 0.002 0.002 0.028 0.031 0.008 0.332 
 368 G H   0.655 0.000 0.002 0.002 0.032 0.030 0.008 0.271 
 369 C H   0.697 0.000 0.002 0.002 0.035 0.030 0.007 0.227 
 370 I H   0.723 0.000 0.002 0.002 0.037 0.028 0.008 0.199 
 371 I H   0.737 0.000 0.002 0.002 0.039 0.027 0.008 0.184 
 372 F H   0.738 0.000 0.002 0.003 0.040 0.027 0.009 0.182 
 373 E H   0.726 0.000 0.002 0.003 0.041 0.026 0.010 0.192 
 374 Y H   0.699 0.000 0.002 0.004 0.041 0.026 0.012 0.216 
 375 Y H   0.656 0.001 0.002 0.005 0.040 0.026 0.015 0.255 
 376 V H   0.596 0.001 0.002 0.008 0.038 0.026 0.019 0.309 
 377 G H   0.519 0.001 0.003 0.010 0.034 0.026 0.025 0.383 
 378 F _   0.431 0.001 0.002 0.012 0.028 0.024 0.031 0.469 
 379 T _   0.339 0.001 0.002 0.012 0.021 0.022 0.039 0.564 
 380 L _   0.249 0.001 0.002 0.010 0.015 0.019 0.046 0.659 
 381 F _   0.170 0.001 0.001 0.008 0.009 0.016 0.052 0.744 
 382 Q _   0.108 0.000 0.001 0.005 0.005 0.013 0.056 0.811 
 383 T _   0.065 0.000 0.000 0.003 0.003 0.010 0.060 0.858 
 384 H _   0.040 0.000 0.000 0.002 0.002 0.009 0.062 0.884 
 385 D _   0.028 0.000 0.000 0.001 0.002 0.009 0.063 0.897 
 386 N _   0.022 0.000 0.000 0.001 0.002 0.011 0.064 0.899 
 387 R _   0.023 0.001 0.000 0.002 0.003 0.014 0.065 0.892 
 388 E _   0.026 0.003 0.000 0.004 0.005 0.019 0.066 0.877 
 389 H _   0.032 0.009 0.001 0.009 0.009 0.026 0.066 0.849 
 390 L _   0.038 0.024 0.001 0.017 0.015 0.033 0.066 0.806 
 391 A _   0.042 0.047 0.002 0.028 0.021 0.039 0.066 0.756 
 392 M _   0.045 0.067 0.002 0.038 0.026 0.042 0.066 0.713 
 393 M _   0.047 0.081 0.002 0.045 0.029 0.044 0.067 0.685 
 394 E _   0.048 0.089 0.002 0.047 0.030 0.044 0.068 0.671 
 395 R _   0.048 0.092 0.002 0.045 0.029 0.043 0.070 0.670 
 396 I _   0.047 0.091 0.002 0.040 0.027 0.041 0.072 0.680 
 397 L _   0.045 0.087 0.002 0.033 0.024 0.039 0.075 0.695 
 398 G _   0.043 0.081 0.001 0.027 0.020 0.036 0.078 0.715 
 399 P _   0.041 0.073 0.001 0.021 0.017 0.033 0.081 0.733 
 400 I _   0.038 0.067 0.001 0.017 0.014 0.031 0.084 0.747 
 401 P _   0.036 0.061 0.001 0.015 0.012 0.029 0.088 0.758 
 402 S _   0.033 0.057 0.001 0.014 0.010 0.027 0.091 0.766 
 403 R _   0.031 0.054 0.001 0.014 0.009 0.025 0.095 0.772 
 404 M _   0.028 0.051 0.001 0.014 0.009 0.023 0.098 0.777 
 405 I _   0.025 0.049 0.001 0.013 0.008 0.021 0.101 0.782 
 406 R _   0.022 0.047 0.001 0.013 0.007 0.019 0.104 0.787 
 407 K _   0.019 0.045 0.001 0.013 0.007 0.018 0.107 0.791 
 408 T _   0.017 0.043 0.001 0.013 0.006 0.016 0.110 0.794 
 409 R _   0.015 0.042 0.001 0.013 0.006 0.015 0.113 0.796 
 410 K _   0.014 0.040 0.001 0.013 0.006 0.014 0.116 0.797 
 411 Q _   0.012 0.039 0.001 0.014 0.006 0.013 0.119 0.796 
 412 K _   0.012 0.038 0.001 0.015 0.005 0.013 0.123 0.794 
 413 Y _   0.011 0.037 0.001 0.016 0.005 0.012 0.126 0.792 
 414 F _   0.010 0.036 0.001 0.016 0.005 0.011 0.130 0.792 
 415 Y _   0.009 0.034 0.001 0.016 0.005 0.010 0.134 0.792 
 416 R _   0.008 0.031 0.001 0.015 0.004 0.009 0.138 0.794 
 417 G _   0.008 0.028 0.000 0.013 0.004 0.008 0.142 0.798 
 418 R _   0.007 0.024 0.000 0.010 0.003 0.007 0.145 0.802 
 419 L _   0.006 0.021 0.000 0.008 0.003 0.006 0.149 0.807 
 420 D _   0.006 0.018 0.000 0.006 0.002 0.006 0.152 0.810 
 421 W _   0.005 0.016 0.000 0.005 0.002 0.005 0.154 0.812 
 422 D _   0.005 0.015 0.000 0.005 0.002 0.005 0.156 0.812 
 423 E _   0.005 0.015 0.000 0.005 0.002 0.005 0.157 0.811 
 424 N _   0.005 0.016 0.000 0.005 0.002 0.006 0.158 0.807 
 425 T _   0.005 0.019 0.000 0.007 0.002 0.007 0.159 0.801 
 426 S _   0.005 0.023 0.000 0.009 0.003 0.007 0.159 0.794 
 427 A _   0.005 0.028 0.000 0.011 0.003 0.008 0.160 0.785 
 428 G _   0.005 0.034 0.000 0.013 0.004 0.009 0.160 0.775 
 429 R _   0.005 0.039 0.001 0.015 0.004 0.009 0.160 0.767 
 430 Y _   0.005 0.044 0.001 0.016 0.004 0.009 0.160 0.761 
 431 V _   0.005 0.049 0.001 0.016 0.004 0.010 0.160 0.756 
 432 R _   0.005 0.052 0.001 0.016 0.004 0.010 0.161 0.752 
 433 E _   0.005 0.055 0.001 0.015 0.004 0.010 0.161 0.748 
 434 N _   0.005 0.058 0.001 0.015 0.004 0.010 0.162 0.744 
 435 C _   0.006 0.061 0.001 0.015 0.005 0.011 0.164 0.739 
 436 K _   0.006 0.064 0.001 0.015 0.005 0.011 0.165 0.733 
 437 P _   0.006 0.067 0.001 0.017 0.005 0.012 0.167 0.726 
 438 L _   0.007 0.070 0.001 0.018 0.006 0.012 0.168 0.718 
 439 R _   0.007 0.073 0.001 0.019 0.006 0.013 0.171 0.710 
 440 R _   0.007 0.075 0.001 0.020 0.006 0.013 0.173 0.704 
 441 Y _   0.007 0.076 0.001 0.020 0.006 0.013 0.176 0.701 
 442 L _   0.007 0.075 0.001 0.019 0.006 0.013 0.180 0.699 
 443 T _   0.007 0.073 0.001 0.018 0.006 0.013 0.183 0.699 
 444 S _   0.007 0.071 0.001 0.015 0.006 0.012 0.187 0.701 
 445 E _   0.007 0.068 0.001 0.013 0.005 0.012 0.191 0.703 
 446 A _   0.007 0.065 0.001 0.011 0.004 0.012 0.195 0.705 
 447 E _   0.008 0.063 0.000 0.009 0.004 0.012 0.199 0.704 
 448 E _   0.008 0.062 0.000 0.009 0.004 0.013 0.203 0.700 
 449 H _   0.009 0.062 0.001 0.009 0.005 0.014 0.207 0.694 
 450 H _   0.010 0.064 0.001 0.011 0.006 0.015 0.210 0.683 
 451 Q _   0.012 0.068 0.001 0.013 0.007 0.017 0.215 0.668 
 452 L _   0.013 0.073 0.001 0.017 0.009 0.018 0.219 0.651 
 453 F _   0.014 0.078 0.001 0.022 0.011 0.020 0.223 0.632 
 454 D _   0.015 0.082 0.001 0.026 0.012 0.020 0.229 0.614 
 455 L _   0.016 0.085 0.001 0.030 0.013 0.021 0.235 0.600 
 456 I _   0.016 0.086 0.001 0.032 0.013 0.020 0.243 0.589 
 457 E _   0.016 0.084 0.001 0.032 0.013 0.019 0.251 0.583 
 458 S _   0.016 0.080 0.001 0.029 0.011 0.018 0.262 0.583 
 459 M _   0.015 0.073 0.001 0.025 0.010 0.016 0.273 0.586 
 460 L _   0.014 0.064 0.001 0.020 0.008 0.015 0.285 0.593 
 461 E _   0.012 0.053 0.001 0.015 0.006 0.013 0.298 0.602 
 462 Y _   0.011 0.043 0.001 0.011 0.005 0.011 0.309 0.609 
 463 E _   0.010 0.036 0.000 0.008 0.004 0.010 0.320 0.612 
 464 P _   0.009 0.032 0.000 0.006 0.003 0.010 0.329 0.611 
 465 A _   0.008 0.030 0.000 0.005 0.003 0.010 0.337 0.607 
 466 K _   0.008 0.030 0.000 0.005 0.003 0.010 0.344 0.600 
 467 R _   0.008 0.032 0.000 0.005 0.003 0.011 0.350 0.589 
 468 L _   0.009 0.036 0.000 0.007 0.004 0.012 0.356 0.575 
 469 T _   0.009 0.044 0.001 0.010 0.005 0.014 0.362 0.556 
 470 L _   0.009 0.055 0.001 0.014 0.006 0.015 0.368 0.532 
 471 G _   0.010 0.069 0.001 0.018 0.008 0.017 0.373 0.505 
 472 E _   0.010 0.082 0.001 0.023 0.009 0.018 0.379 0.477 
 473 A _   0.010 0.094 0.001 0.028 0.010 0.019 0.386 0.452 
 474 L _   0.010 0.103 0.001 0.032 0.011 0.019 0.394 0.429 
 475 Q _   0.009 0.109 0.001 0.036 0.012 0.019 0.404 0.409 
 476 H X   0.009 0.113 0.001 0.039 0.013 0.019 0.415 0.391 
 477 P X   0.009 0.114 0.001 0.041 0.013 0.018 0.428 0.375 
 478 F X   0.009 0.113 0.001 0.042 0.012 0.018 0.444 0.361 
 479 F X   0.009 0.109 0.001 0.040 0.012 0.017 0.463 0.350 
 480 A X   0.008 0.102 0.001 0.037 0.011 0.015 0.485 0.341 
 481 R X   0.008 0.092 0.001 0.033 0.009 0.014 0.509 0.334 
 482 L X   0.007 0.079 0.001 0.028 0.008 0.012 0.536 0.329 
 483 R X   0.007 0.064 0.001 0.022 0.006 0.011 0.564 0.325 
 484 A X   0.006 0.049 0.001 0.017 0.005 0.009 0.592 0.320 
 485 E X   0.005 0.037 0.001 0.013 0.004 0.008 0.617 0.315 
 486 P X   0.005 0.028 0.000 0.010 0.003 0.007 0.640 0.307 
 487 P X   0.004 0.022 0.000 0.008 0.002 0.006 0.659 0.297 
 488 N X   0.004 0.018 0.000 0.007 0.002 0.006 0.677 0.287 
 489 K X   0.004 0.015 0.000 0.006 0.002 0.005 0.692 0.276 
 490 L X   0.003 0.013 0.000 0.006 0.002 0.005 0.704 0.267 
 491 W X   0.003 0.012 0.000 0.006 0.002 0.004 0.714 0.259 
 492 D X   0.002 0.011 0.000 0.006 0.002 0.004 0.723 0.252 
 493 S X   0.002 0.010 0.000 0.006 0.001 0.003 0.731 0.245 
 494 S X   0.001 0.010 0.000 0.006 0.001 0.002 0.738 0.241 
 495 R X   0.001 0.009 0.000 0.005 0.001 0.001 0.745 0.239 
 496 D X   0.000 0.007 0.000 0.003 0.000 0.001 0.750 0.238 
 497 I X   0.000 0.006 0.000 0.003 0.000 0.000 0.750 0.240 
 498 S X   0.000 0.006 0.000 0.004 0.000 0.000 0.747 0.243 
 499 R X   0.002 0.006 0.001 0.011 0.003 0.002 0.732 0.243 
