#TopoPred_TM8: 8-state transmembrane topology prediction results by no_profile mode 
#probabilities are in the order of H E C I L F X _, the 8 transmembrane topology types used in PDBTM 
   1 M X   0.021 0.001 0.003 0.059 0.014 0.022 0.731 0.149 
   2 L X   0.014 0.001 0.000 0.049 0.005 0.018 0.751 0.161 
   3 E X   0.012 0.001 0.000 0.044 0.003 0.017 0.756 0.167 
   4 I X   0.014 0.002 0.000 0.040 0.004 0.018 0.753 0.168 
   5 C X   0.018 0.003 0.001 0.039 0.005 0.020 0.745 0.169 
   6 L X   0.021 0.004 0.001 0.036 0.007 0.021 0.733 0.177 
   7 K X   0.022 0.005 0.001 0.033 0.008 0.020 0.722 0.188 
   8 L X   0.023 0.005 0.001 0.027 0.008 0.019 0.712 0.205 
   9 V X   0.021 0.005 0.001 0.022 0.007 0.016 0.703 0.225 
  10 G X   0.018 0.005 0.001 0.017 0.006 0.013 0.694 0.247 
  11 C X   0.014 0.004 0.001 0.012 0.004 0.011 0.685 0.270 
  12 K X   0.011 0.003 0.000 0.008 0.003 0.009 0.677 0.290 
  13 S X   0.008 0.002 0.000 0.005 0.002 0.007 0.669 0.306 
  14 K X   0.006 0.002 0.000 0.003 0.002 0.006 0.660 0.321 
  15 K X   0.005 0.002 0.000 0.003 0.001 0.005 0.651 0.333 
  16 G X   0.004 0.002 0.000 0.002 0.001 0.005 0.641 0.343 
  17 L X   0.004 0.003 0.000 0.003 0.002 0.006 0.629 0.353 
  18 S X   0.005 0.006 0.000 0.005 0.002 0.008 0.614 0.360 
  19 S X   0.005 0.013 0.001 0.008 0.004 0.010 0.596 0.363 
  20 S X   0.006 0.026 0.001 0.014 0.006 0.013 0.574 0.360 
  21 S X   0.007 0.047 0.001 0.023 0.009 0.015 0.547 0.351 
  22 S X   0.007 0.072 0.001 0.033 0.012 0.017 0.520 0.338 
  23 C X   0.007 0.096 0.001 0.042 0.013 0.018 0.496 0.326 
  24 Y X   0.007 0.114 0.001 0.049 0.014 0.018 0.477 0.319 
  25 L X   0.008 0.124 0.001 0.054 0.015 0.018 0.462 0.317 
  26 E X   0.008 0.130 0.001 0.056 0.014 0.018 0.451 0.322 
  27 E X   0.008 0.131 0.001 0.053 0.013 0.017 0.444 0.333 
  28 A X   0.008 0.128 0.001 0.048 0.012 0.016 0.438 0.350 
  29 L X   0.008 0.120 0.001 0.040 0.010 0.014 0.434 0.372 
  30 Q X   0.008 0.107 0.001 0.032 0.008 0.013 0.432 0.399 
  31 R X   0.008 0.091 0.001 0.023 0.006 0.011 0.431 0.429 
  32 P _   0.007 0.073 0.001 0.017 0.005 0.009 0.430 0.459 
  33 V _   0.007 0.057 0.000 0.012 0.004 0.008 0.428 0.484 
  34 A _   0.006 0.045 0.000 0.008 0.003 0.007 0.427 0.504 
  35 S _   0.005 0.037 0.000 0.006 0.002 0.006 0.425 0.518 
  36 D _   0.005 0.033 0.000 0.005 0.002 0.006 0.422 0.527 
  37 F _   0.004 0.031 0.000 0.005 0.002 0.006 0.418 0.534 
  38 E _   0.004 0.029 0.000 0.006 0.002 0.006 0.414 0.538 
  39 P _   0.004 0.029 0.000 0.007 0.002 0.006 0.409 0.542 
  40 Q _   0.004 0.030 0.000 0.009 0.003 0.007 0.404 0.543 
  41 G _   0.004 0.031 0.000 0.011 0.003 0.007 0.398 0.545 
  42 L _   0.004 0.032 0.000 0.013 0.003 0.008 0.392 0.547 
  43 S _   0.004 0.033 0.000 0.015 0.004 0.008 0.387 0.550 
  44 E _   0.004 0.033 0.000 0.016 0.004 0.008 0.382 0.553 
  45 A _   0.004 0.033 0.000 0.016 0.004 0.008 0.378 0.559 
  46 A _   0.004 0.032 0.000 0.015 0.003 0.007 0.373 0.565 
  47 R _   0.004 0.030 0.000 0.014 0.003 0.007 0.370 0.571 
  48 W _   0.004 0.029 0.000 0.013 0.003 0.007 0.366 0.578 
  49 N _   0.004 0.027 0.000 0.013 0.003 0.007 0.363 0.583 
  50 S _   0.004 0.025 0.000 0.013 0.003 0.007 0.360 0.588 
  51 K _   0.004 0.023 0.000 0.013 0.003 0.007 0.358 0.592 
  52 E _   0.004 0.022 0.000 0.013 0.003 0.007 0.355 0.597 
  53 N _   0.004 0.020 0.000 0.012 0.003 0.006 0.353 0.601 
  54 L _   0.004 0.018 0.000 0.011 0.003 0.006 0.351 0.607 
  55 L _   0.004 0.015 0.000 0.010 0.002 0.006 0.348 0.614 
  56 A _   0.004 0.013 0.000 0.008 0.002 0.005 0.345 0.622 
  57 G _   0.004 0.010 0.000 0.006 0.002 0.005 0.341 0.631 
  58 P _   0.004 0.009 0.000 0.004 0.001 0.005 0.337 0.640 
  59 S _   0.004 0.008 0.000 0.003 0.001 0.006 0.332 0.647 
  60 E _   0.004 0.008 0.000 0.003 0.001 0.007 0.325 0.652 
  61 N _   0.005 0.009 0.000 0.003 0.002 0.009 0.317 0.654 
  62 D _   0.007 0.013 0.000 0.005 0.003 0.013 0.308 0.650 
  63 P _   0.011 0.025 0.001 0.010 0.007 0.020 0.294 0.633 
  64 N _   0.016 0.057 0.001 0.020 0.014 0.028 0.274 0.590 
  65 L _   0.019 0.120 0.003 0.036 0.023 0.034 0.248 0.517 
  66 F _   0.020 0.201 0.003 0.054 0.029 0.038 0.222 0.432 
  67 V _   0.019 0.273 0.003 0.071 0.032 0.038 0.201 0.364 
  68 A _   0.018 0.315 0.002 0.083 0.031 0.037 0.186 0.328 
  69 L E   0.017 0.335 0.002 0.088 0.030 0.035 0.177 0.316 
  70 Y E   0.016 0.343 0.002 0.088 0.028 0.033 0.170 0.320 
  71 D E   0.016 0.340 0.002 0.082 0.026 0.030 0.166 0.338 
  72 F _   0.015 0.328 0.002 0.071 0.023 0.027 0.163 0.371 
  73 V _   0.015 0.301 0.002 0.058 0.019 0.024 0.162 0.420 
  74 A _   0.014 0.259 0.002 0.043 0.016 0.021 0.161 0.484 
  75 S _   0.014 0.207 0.002 0.030 0.012 0.018 0.161 0.556 
  76 G _   0.012 0.161 0.001 0.020 0.008 0.016 0.161 0.620 
  77 D _   0.011 0.128 0.001 0.013 0.006 0.014 0.161 0.666 
  78 N _   0.010 0.109 0.001 0.009 0.004 0.013 0.159 0.695 
  79 T _   0.008 0.100 0.000 0.007 0.003 0.012 0.158 0.712 
  80 L _   0.008 0.095 0.000 0.007 0.003 0.011 0.155 0.720 
  81 S _   0.007 0.095 0.000 0.008 0.003 0.011 0.153 0.723 
  82 I _   0.007 0.097 0.000 0.010 0.004 0.012 0.149 0.721 
  83 T _   0.007 0.101 0.001 0.013 0.005 0.012 0.145 0.716 
  84 K _   0.007 0.108 0.001 0.017 0.006 0.013 0.141 0.707 
  85 G _   0.007 0.116 0.001 0.022 0.007 0.014 0.136 0.697 
  86 E _   0.007 0.123 0.001 0.026 0.008 0.014 0.132 0.688 
  87 K _   0.008 0.128 0.001 0.029 0.008 0.014 0.129 0.683 
  88 L _   0.008 0.131 0.001 0.030 0.008 0.013 0.127 0.682 
  89 R _   0.007 0.130 0.001 0.030 0.008 0.013 0.125 0.686 
  90 V _   0.007 0.127 0.001 0.028 0.007 0.012 0.123 0.695 
  91 L _   0.007 0.122 0.001 0.024 0.006 0.011 0.122 0.707 
  92 G _   0.007 0.114 0.001 0.020 0.005 0.010 0.122 0.721 
  93 Y _   0.006 0.106 0.001 0.017 0.004 0.009 0.121 0.736 
  94 N _   0.006 0.097 0.001 0.014 0.004 0.009 0.121 0.749 
  95 H _   0.006 0.090 0.000 0.012 0.003 0.008 0.120 0.760 
  96 N _   0.006 0.084 0.000 0.010 0.003 0.008 0.120 0.768 
  97 G _   0.006 0.081 0.000 0.010 0.003 0.008 0.119 0.774 
  98 E _   0.006 0.078 0.000 0.010 0.003 0.008 0.118 0.777 
  99 W _   0.006 0.077 0.000 0.010 0.003 0.008 0.117 0.780 
 100 C _   0.005 0.076 0.000 0.010 0.003 0.008 0.116 0.782 
 101 E _   0.005 0.076 0.000 0.011 0.003 0.007 0.114 0.784 
 102 A _   0.005 0.076 0.000 0.011 0.003 0.007 0.112 0.786 
 103 Q _   0.005 0.076 0.000 0.011 0.003 0.007 0.110 0.788 
 104 T _   0.004 0.077 0.000 0.011 0.003 0.008 0.108 0.789 
 105 K _   0.004 0.078 0.000 0.011 0.003 0.008 0.105 0.790 
 106 N _   0.004 0.080 0.000 0.012 0.003 0.008 0.103 0.789 
 107 G _   0.005 0.082 0.000 0.013 0.004 0.008 0.101 0.787 
 108 Q _   0.005 0.086 0.000 0.014 0.004 0.009 0.098 0.784 
 109 G _   0.005 0.089 0.001 0.016 0.004 0.010 0.096 0.779 
 110 W _   0.005 0.093 0.001 0.018 0.005 0.010 0.094 0.774 
 111 V _   0.006 0.096 0.001 0.020 0.005 0.011 0.092 0.769 
 112 P _   0.006 0.098 0.001 0.022 0.006 0.011 0.090 0.766 
 113 S _   0.006 0.100 0.001 0.022 0.006 0.011 0.089 0.765 
 114 N _   0.006 0.100 0.001 0.023 0.006 0.011 0.088 0.765 
 115 Y _   0.006 0.099 0.001 0.022 0.006 0.011 0.087 0.767 
 116 I _   0.006 0.096 0.001 0.021 0.006 0.011 0.087 0.772 
 117 T _   0.006 0.093 0.001 0.020 0.005 0.011 0.087 0.777 
 118 P _   0.006 0.089 0.001 0.018 0.005 0.010 0.087 0.784 
 119 V _   0.006 0.085 0.001 0.017 0.005 0.010 0.087 0.790 
 120 N _   0.006 0.080 0.001 0.015 0.004 0.010 0.086 0.797 
 121 S _   0.006 0.075 0.001 0.014 0.004 0.010 0.086 0.804 
 122 L _   0.006 0.071 0.000 0.012 0.004 0.009 0.086 0.810 
 123 E _   0.006 0.067 0.000 0.011 0.004 0.009 0.086 0.816 
 124 K _   0.006 0.064 0.000 0.010 0.003 0.009 0.086 0.822 
 125 H _   0.005 0.061 0.000 0.009 0.003 0.009 0.085 0.826 
 126 S _   0.005 0.060 0.000 0.008 0.003 0.009 0.085 0.829 
 127 W _   0.005 0.059 0.000 0.008 0.003 0.010 0.084 0.831 
 128 Y _   0.006 0.059 0.000 0.008 0.003 0.011 0.083 0.830 
 129 H _   0.006 0.061 0.000 0.008 0.003 0.012 0.082 0.827 
 130 G _   0.007 0.065 0.000 0.008 0.004 0.014 0.080 0.821 
 131 P _   0.009 0.072 0.001 0.009 0.005 0.017 0.078 0.808 
 132 V _   0.012 0.083 0.001 0.012 0.007 0.022 0.076 0.788 
 133 S _   0.015 0.099 0.001 0.015 0.011 0.026 0.073 0.760 
 134 R _   0.020 0.123 0.001 0.019 0.015 0.032 0.070 0.721 
 135 N _   0.024 0.154 0.002 0.024 0.020 0.036 0.067 0.674 
 136 A _   0.028 0.188 0.002 0.029 0.024 0.040 0.064 0.625 
 137 A _   0.031 0.220 0.002 0.034 0.027 0.042 0.062 0.582 
 138 E _   0.033 0.244 0.002 0.037 0.029 0.043 0.061 0.551 
 139 Y _   0.035 0.260 0.002 0.038 0.029 0.043 0.060 0.532 
 140 L _   0.037 0.270 0.002 0.038 0.029 0.042 0.059 0.522 
 141 L _   0.037 0.275 0.002 0.037 0.028 0.041 0.059 0.522 
 142 S _   0.037 0.275 0.002 0.035 0.026 0.039 0.059 0.527 
 143 S _   0.036 0.272 0.002 0.033 0.024 0.037 0.059 0.536 
 144 G _   0.035 0.266 0.001 0.031 0.022 0.035 0.060 0.548 
 145 I _   0.034 0.258 0.001 0.031 0.020 0.032 0.062 0.562 
 146 N _   0.033 0.248 0.001 0.030 0.018 0.030 0.063 0.577 
 147 G _   0.031 0.234 0.001 0.030 0.016 0.027 0.065 0.595 
 148 S _   0.030 0.216 0.001 0.029 0.014 0.025 0.067 0.618 
 149 F _   0.028 0.193 0.001 0.027 0.012 0.022 0.070 0.647 
 150 L _   0.025 0.165 0.001 0.025 0.010 0.019 0.073 0.682 
 151 V _   0.021 0.134 0.001 0.021 0.008 0.017 0.076 0.721 
 152 R _   0.018 0.103 0.001 0.017 0.007 0.014 0.079 0.761 
 153 E _   0.015 0.077 0.001 0.012 0.005 0.012 0.081 0.798 
 154 S _   0.012 0.057 0.000 0.009 0.003 0.010 0.083 0.825 
 155 E _   0.010 0.045 0.000 0.006 0.003 0.009 0.084 0.844 
 156 S _   0.008 0.039 0.000 0.004 0.002 0.008 0.084 0.855 
 157 S _   0.007 0.036 0.000 0.004 0.002 0.008 0.083 0.860 
 158 P _   0.006 0.037 0.000 0.004 0.002 0.008 0.083 0.860 
 159 G _   0.006 0.040 0.000 0.005 0.002 0.009 0.081 0.855 
 160 Q _   0.007 0.048 0.000 0.007 0.003 0.011 0.079 0.843 
 161 R _   0.008 0.063 0.001 0.011 0.005 0.014 0.076 0.822 
 162 S _   0.010 0.089 0.001 0.016 0.007 0.017 0.072 0.789 
 163 I _   0.010 0.124 0.001 0.022 0.010 0.019 0.068 0.746 
 164 S _   0.010 0.165 0.001 0.028 0.012 0.021 0.064 0.699 
 165 L _   0.010 0.205 0.001 0.034 0.014 0.022 0.060 0.654 
 166 R _   0.011 0.240 0.001 0.039 0.015 0.022 0.056 0.616 
 167 Y _   0.011 0.266 0.001 0.042 0.016 0.023 0.053 0.588 
 168 E _   0.011 0.284 0.001 0.045 0.016 0.022 0.051 0.570 
 169 G _   0.011 0.295 0.001 0.046 0.016 0.022 0.050 0.560 
 170 R _   0.011 0.299 0.001 0.046 0.015 0.021 0.049 0.558 
 171 V _   0.011 0.299 0.001 0.044 0.014 0.020 0.049 0.562 
 172 Y _   0.011 0.293 0.001 0.040 0.013 0.019 0.049 0.573 
 173 H _   0.011 0.283 0.001 0.036 0.012 0.017 0.050 0.592 
 174 Y _   0.010 0.267 0.001 0.031 0.010 0.016 0.050 0.615 
 175 R _   0.010 0.246 0.001 0.025 0.009 0.014 0.051 0.643 
 176 I _   0.009 0.224 0.001 0.020 0.007 0.013 0.053 0.672 
 177 N _   0.009 0.203 0.001 0.016 0.006 0.012 0.054 0.700 
 178 T _   0.008 0.186 0.001 0.013 0.005 0.011 0.055 0.722 
 179 A _   0.007 0.173 0.001 0.011 0.004 0.010 0.055 0.739 
 180 S _   0.007 0.163 0.000 0.010 0.004 0.010 0.056 0.751 
 181 D _   0.006 0.157 0.000 0.009 0.003 0.009 0.056 0.758 
 182 G _   0.006 0.153 0.000 0.009 0.003 0.009 0.056 0.762 
 183 K _   0.006 0.151 0.000 0.009 0.003 0.009 0.056 0.765 
 184 L _   0.006 0.150 0.000 0.009 0.003 0.010 0.055 0.766 
 185 Y _   0.006 0.150 0.000 0.009 0.003 0.010 0.055 0.766 
 186 V _   0.006 0.152 0.000 0.010 0.004 0.011 0.054 0.764 
 187 S _   0.006 0.154 0.000 0.010 0.004 0.012 0.053 0.760 
 188 S _   0.007 0.158 0.001 0.010 0.004 0.013 0.052 0.754 
 189 E _   0.008 0.164 0.001 0.012 0.005 0.015 0.051 0.744 
 190 S _   0.009 0.173 0.001 0.013 0.007 0.018 0.049 0.730 
 191 R _   0.011 0.185 0.001 0.016 0.009 0.020 0.048 0.709 
 192 F _   0.012 0.200 0.001 0.020 0.011 0.023 0.047 0.685 
 193 N _   0.014 0.215 0.001 0.024 0.013 0.025 0.046 0.662 
 194 T _   0.015 0.228 0.001 0.028 0.015 0.026 0.045 0.641 
 195 L _   0.016 0.238 0.001 0.031 0.015 0.027 0.044 0.626 
 196 A _   0.017 0.244 0.001 0.032 0.016 0.028 0.044 0.618 
 197 E _   0.018 0.246 0.001 0.031 0.015 0.028 0.044 0.618 
 198 L _   0.018 0.243 0.001 0.028 0.014 0.027 0.044 0.624 
 199 V _   0.019 0.237 0.001 0.024 0.013 0.027 0.044 0.635 
 200 H _   0.019 0.229 0.001 0.019 0.012 0.026 0.045 0.648 
 201 H _   0.020 0.220 0.001 0.016 0.011 0.026 0.045 0.660 
 202 H _   0.021 0.213 0.001 0.014 0.011 0.026 0.046 0.668 
 203 S _   0.022 0.209 0.001 0.013 0.011 0.027 0.047 0.671 
 204 T _   0.023 0.207 0.001 0.014 0.011 0.027 0.047 0.668 
 205 V _   0.025 0.209 0.001 0.017 0.013 0.027 0.048 0.661 
 206 A _   0.026 0.211 0.001 0.022 0.014 0.027 0.049 0.650 
 207 D _   0.026 0.214 0.001 0.027 0.015 0.027 0.050 0.639 
 208 G _   0.027 0.216 0.001 0.032 0.016 0.026 0.051 0.631 
 209 L _   0.026 0.214 0.001 0.036 0.016 0.025 0.053 0.629 
 210 I _   0.025 0.207 0.001 0.038 0.015 0.023 0.055 0.635 
 211 T _   0.023 0.194 0.001 0.037 0.014 0.021 0.058 0.651 
 212 T _   0.021 0.173 0.001 0.034 0.012 0.019 0.061 0.679 
 213 L _   0.019 0.143 0.001 0.029 0.010 0.017 0.065 0.716 
 214 H _   0.016 0.106 0.001 0.022 0.008 0.014 0.069 0.763 
 215 Y _   0.014 0.071 0.001 0.016 0.006 0.012 0.073 0.808 
 216 P _   0.011 0.044 0.001 0.010 0.004 0.010 0.077 0.843 
 217 A _   0.009 0.029 0.000 0.007 0.003 0.008 0.079 0.865 
 218 P _   0.007 0.020 0.000 0.005 0.002 0.007 0.080 0.878 
 219 K _   0.006 0.017 0.000 0.004 0.002 0.007 0.081 0.883 
 220 R _   0.006 0.015 0.000 0.005 0.002 0.006 0.081 0.884 
 221 N _   0.006 0.015 0.000 0.006 0.002 0.007 0.081 0.883 
 222 K _   0.006 0.016 0.000 0.008 0.002 0.007 0.081 0.879 
 223 P _   0.006 0.019 0.000 0.010 0.003 0.008 0.080 0.873 
 224 T _   0.006 0.021 0.000 0.013 0.004 0.009 0.079 0.868 
 225 V _   0.006 0.023 0.000 0.015 0.004 0.009 0.078 0.864 
 226 Y _   0.006 0.025 0.000 0.015 0.004 0.009 0.078 0.863 
 227 G _   0.006 0.026 0.000 0.015 0.004 0.008 0.077 0.864 
 228 V _   0.005 0.027 0.000 0.013 0.003 0.008 0.076 0.867 
 229 S _   0.005 0.027 0.000 0.011 0.003 0.008 0.075 0.871 
 230 P _   0.005 0.028 0.000 0.009 0.003 0.007 0.074 0.875 
 231 N _   0.005 0.028 0.000 0.008 0.002 0.007 0.072 0.876 
 232 Y _   0.005 0.030 0.000 0.008 0.002 0.008 0.071 0.876 
 233 D _   0.005 0.034 0.000 0.008 0.003 0.009 0.069 0.872 
 234 K _   0.006 0.040 0.000 0.010 0.004 0.010 0.067 0.863 
 235 W _   0.007 0.050 0.001 0.013 0.004 0.011 0.064 0.850 
 236 E _   0.007 0.063 0.001 0.018 0.006 0.012 0.062 0.832 
 237 M _   0.007 0.076 0.001 0.022 0.007 0.013 0.059 0.815 
 238 E _   0.008 0.088 0.001 0.027 0.007 0.013 0.057 0.799 
 239 R _   0.007 0.097 0.001 0.029 0.008 0.013 0.055 0.789 
 240 T _   0.007 0.103 0.001 0.030 0.008 0.013 0.053 0.785 
 241 D _   0.007 0.105 0.001 0.029 0.007 0.012 0.052 0.787 
 242 I _   0.007 0.105 0.001 0.026 0.007 0.012 0.051 0.792 
 243 T _   0.006 0.103 0.001 0.023 0.006 0.011 0.050 0.800 
 244 M _   0.006 0.100 0.001 0.019 0.005 0.010 0.050 0.811 
 245 K _   0.006 0.095 0.001 0.015 0.004 0.009 0.049 0.821 
 246 H _   0.006 0.091 0.000 0.012 0.004 0.009 0.049 0.830 
 247 K _   0.006 0.087 0.000 0.010 0.003 0.008 0.049 0.837 
 248 L _   0.005 0.086 0.000 0.008 0.003 0.008 0.048 0.841 
 249 G _   0.006 0.086 0.000 0.008 0.003 0.009 0.047 0.842 
 250 G _   0.006 0.088 0.000 0.008 0.003 0.009 0.046 0.840 
 251 G _   0.006 0.092 0.000 0.009 0.004 0.010 0.044 0.834 
 252 Q _   0.007 0.098 0.001 0.011 0.004 0.012 0.043 0.825 
 253 Y _   0.008 0.107 0.001 0.013 0.005 0.013 0.041 0.812 
 254 G _   0.008 0.117 0.001 0.016 0.006 0.015 0.040 0.798 
 255 E _   0.009 0.128 0.001 0.018 0.007 0.016 0.038 0.783 
 256 V _   0.009 0.138 0.001 0.020 0.008 0.018 0.037 0.769 
 257 Y _   0.010 0.148 0.001 0.022 0.009 0.019 0.035 0.757 
 258 E _   0.010 0.156 0.001 0.023 0.010 0.020 0.034 0.747 
 259 G _   0.011 0.162 0.001 0.023 0.010 0.021 0.033 0.739 
 260 V _   0.012 0.167 0.001 0.023 0.011 0.022 0.031 0.732 
 261 W _   0.013 0.171 0.001 0.023 0.012 0.023 0.030 0.727 
 262 K _   0.013 0.174 0.001 0.024 0.012 0.023 0.030 0.723 
 263 K _   0.014 0.176 0.001 0.025 0.013 0.024 0.029 0.719 
 264 Y _   0.014 0.176 0.001 0.026 0.013 0.024 0.028 0.716 
 265 S _   0.015 0.176 0.001 0.028 0.014 0.024 0.028 0.714 
 266 L _   0.015 0.174 0.001 0.030 0.014 0.023 0.028 0.715 
 267 T _   0.015 0.170 0.001 0.030 0.013 0.022 0.028 0.720 
 268 V _   0.015 0.162 0.001 0.029 0.013 0.021 0.028 0.730 
 269 A _   0.015 0.152 0.001 0.027 0.012 0.020 0.028 0.744 
 270 V _   0.015 0.137 0.001 0.024 0.011 0.019 0.028 0.764 
 271 K _   0.015 0.118 0.001 0.020 0.009 0.018 0.029 0.789 
 272 T _   0.015 0.098 0.001 0.016 0.008 0.017 0.029 0.817 
 273 L _   0.014 0.079 0.001 0.012 0.007 0.016 0.030 0.841 
 274 K _   0.014 0.065 0.001 0.010 0.006 0.016 0.030 0.860 
 275 E _   0.013 0.055 0.001 0.008 0.005 0.016 0.030 0.871 
 276 D _   0.013 0.050 0.001 0.007 0.005 0.016 0.030 0.877 
 277 T _   0.014 0.048 0.001 0.008 0.005 0.017 0.030 0.877 
 278 M _   0.015 0.048 0.001 0.009 0.006 0.018 0.030 0.873 
 279 E _   0.017 0.049 0.001 0.012 0.007 0.020 0.030 0.865 
 280 V _   0.018 0.052 0.001 0.015 0.009 0.021 0.029 0.855 
 281 E _   0.019 0.055 0.001 0.019 0.010 0.022 0.029 0.845 
 282 E _   0.019 0.058 0.001 0.023 0.012 0.023 0.029 0.836 
 283 F _   0.019 0.059 0.001 0.026 0.012 0.023 0.028 0.832 
 284 L _   0.019 0.058 0.001 0.028 0.013 0.022 0.028 0.830 
 285 K _   0.019 0.057 0.001 0.028 0.012 0.022 0.029 0.833 
 286 E _   0.019 0.053 0.001 0.027 0.012 0.021 0.029 0.840 
 287 A _   0.018 0.047 0.001 0.025 0.010 0.019 0.029 0.851 
 288 A _   0.017 0.039 0.001 0.021 0.009 0.018 0.030 0.866 
 289 V _   0.017 0.029 0.001 0.016 0.007 0.016 0.030 0.883 
 290 M _   0.016 0.020 0.001 0.012 0.006 0.015 0.031 0.900 
 291 K _   0.015 0.012 0.001 0.008 0.004 0.014 0.031 0.914 
 292 E _   0.015 0.007 0.000 0.006 0.004 0.013 0.031 0.924 
 293 I _   0.015 0.004 0.000 0.004 0.003 0.014 0.031 0.929 
 294 K _   0.016 0.002 0.000 0.003 0.003 0.015 0.031 0.930 
 295 H _   0.018 0.002 0.000 0.003 0.004 0.017 0.030 0.926 
 296 P _   0.021 0.002 0.000 0.004 0.005 0.021 0.030 0.917 
 297 N _   0.027 0.003 0.001 0.007 0.007 0.025 0.029 0.902 
 298 L _   0.032 0.005 0.001 0.011 0.011 0.030 0.028 0.882 
 299 V _   0.038 0.008 0.001 0.017 0.015 0.035 0.027 0.858 
 300 Q _   0.043 0.011 0.001 0.023 0.019 0.040 0.026 0.836 
 301 L _   0.047 0.014 0.002 0.028 0.022 0.042 0.025 0.820 
 302 L _   0.049 0.015 0.002 0.031 0.024 0.044 0.024 0.810 
 303 G _   0.052 0.015 0.002 0.031 0.024 0.045 0.024 0.809 
 304 V _   0.054 0.013 0.002 0.026 0.022 0.045 0.023 0.815 
 305 C _   0.056 0.010 0.001 0.020 0.019 0.044 0.023 0.826 
 306 T _   0.059 0.007 0.001 0.014 0.016 0.043 0.023 0.837 
 307 R _   0.062 0.004 0.001 0.009 0.014 0.043 0.022 0.845 
 308 E _   0.066 0.002 0.001 0.006 0.012 0.044 0.022 0.847 
 309 P _   0.072 0.002 0.001 0.004 0.012 0.045 0.021 0.842 
 310 P _   0.079 0.002 0.001 0.004 0.014 0.048 0.021 0.832 
 311 F _   0.087 0.002 0.001 0.005 0.017 0.051 0.020 0.816 
 312 Y _   0.096 0.005 0.001 0.008 0.022 0.054 0.020 0.793 
 313 I _   0.104 0.009 0.002 0.013 0.029 0.058 0.019 0.766 
 314 I _   0.110 0.016 0.002 0.019 0.035 0.060 0.019 0.739 
 315 T _   0.111 0.023 0.002 0.026 0.039 0.060 0.019 0.720 
 316 E _   0.107 0.028 0.002 0.032 0.041 0.058 0.019 0.713 
 317 F _   0.100 0.030 0.002 0.035 0.040 0.055 0.019 0.718 
 318 M _   0.090 0.031 0.002 0.035 0.037 0.051 0.019 0.734 
 319 T _   0.080 0.030 0.002 0.033 0.033 0.046 0.019 0.757 
 320 Y _   0.069 0.027 0.002 0.029 0.027 0.040 0.020 0.787 
 321 G _   0.058 0.022 0.002 0.024 0.021 0.035 0.020 0.819 
 322 N _   0.049 0.017 0.001 0.019 0.015 0.030 0.021 0.848 
 323 L _   0.041 0.013 0.001 0.015 0.011 0.025 0.021 0.872 
 324 L _   0.036 0.009 0.001 0.012 0.008 0.021 0.021 0.892 
 325 D _   0.032 0.006 0.001 0.009 0.006 0.018 0.021 0.907 
 326 Y _   0.030 0.003 0.001 0.007 0.005 0.015 0.021 0.918 
 327 L _   0.031 0.002 0.000 0.006 0.004 0.014 0.021 0.923 
 328 R _   0.034 0.001 0.000 0.004 0.003 0.012 0.020 0.924 
 329 E _   0.042 0.000 0.000 0.003 0.003 0.012 0.020 0.919 
 330 C _   0.057 0.000 0.000 0.003 0.003 0.012 0.019 0.906 
 331 N _   0.082 0.000 0.000 0.002 0.004 0.012 0.017 0.882 
 332 R _   0.119 0.000 0.001 0.002 0.004 0.014 0.016 0.844 
 333 Q _   0.177 0.000 0.001 0.002 0.006 0.016 0.014 0.784 
 334 E _   0.258 0.000 0.001 0.002 0.008 0.019 0.012 0.700 
 335 V _   0.353 0.000 0.001 0.002 0.012 0.022 0.010 0.600 
 336 N _   0.458 0.000 0.001 0.002 0.017 0.025 0.008 0.489 
 337 A H   0.553 0.000 0.001 0.002 0.022 0.027 0.007 0.387 
 338 V H   0.632 0.000 0.002 0.002 0.027 0.028 0.006 0.304 
 339 V H   0.691 0.000 0.002 0.002 0.031 0.028 0.006 0.241 
 340 L H   0.729 0.000 0.002 0.003 0.033 0.027 0.006 0.200 
 341 L H   0.749 0.000 0.002 0.003 0.035 0.026 0.006 0.180 
 342 Y H   0.755 0.000 0.002 0.003 0.035 0.025 0.006 0.174 
 343 M H   0.746 0.000 0.002 0.003 0.035 0.024 0.007 0.184 
 344 A H   0.722 0.000 0.002 0.003 0.033 0.023 0.008 0.209 
 345 T H   0.683 0.000 0.002 0.003 0.030 0.022 0.009 0.250 
 346 Q H   0.627 0.000 0.002 0.003 0.027 0.022 0.011 0.307 
 347 I H   0.559 0.000 0.002 0.004 0.024 0.021 0.013 0.377 
 348 S H   0.485 0.000 0.002 0.004 0.020 0.021 0.016 0.453 
 349 S _   0.406 0.000 0.001 0.005 0.016 0.020 0.020 0.531 
 350 A _   0.329 0.000 0.001 0.006 0.014 0.019 0.023 0.607 
 351 M _   0.257 0.001 0.001 0.008 0.011 0.018 0.027 0.678 
 352 E _   0.192 0.001 0.001 0.008 0.009 0.017 0.030 0.741 
 353 Y _   0.139 0.001 0.001 0.008 0.007 0.015 0.033 0.796 
 354 L _   0.097 0.001 0.001 0.007 0.006 0.013 0.036 0.840 
 355 E _   0.066 0.000 0.001 0.006 0.004 0.011 0.037 0.874 
 356 K _   0.044 0.000 0.000 0.005 0.003 0.010 0.039 0.898 
 357 K _   0.030 0.000 0.000 0.004 0.003 0.009 0.040 0.914 
 358 N _   0.021 0.000 0.000 0.004 0.002 0.008 0.040 0.924 
 359 F _   0.016 0.001 0.000 0.004 0.002 0.008 0.040 0.929 
 360 I _   0.013 0.001 0.000 0.004 0.002 0.009 0.041 0.930 
 361 H _   0.011 0.002 0.000 0.005 0.003 0.010 0.040 0.929 
 362 R _   0.011 0.003 0.000 0.007 0.003 0.011 0.040 0.925 
 363 D _   0.011 0.005 0.000 0.008 0.004 0.012 0.039 0.919 
 364 L _   0.011 0.008 0.001 0.010 0.005 0.014 0.039 0.912 
 365 A _   0.012 0.011 0.001 0.012 0.006 0.015 0.038 0.905 
 366 A _   0.013 0.014 0.001 0.014 0.007 0.016 0.037 0.898 
 367 R _   0.013 0.017 0.001 0.015 0.008 0.018 0.036 0.893 
 368 N _   0.014 0.019 0.001 0.015 0.008 0.019 0.036 0.888 
 369 C _   0.016 0.021 0.001 0.014 0.008 0.020 0.035 0.884 
 370 L _   0.017 0.024 0.001 0.014 0.009 0.022 0.034 0.880 
 371 V _   0.019 0.026 0.001 0.013 0.009 0.023 0.034 0.875 
 372 G _   0.021 0.028 0.001 0.013 0.010 0.025 0.033 0.868 
 373 E _   0.023 0.032 0.001 0.014 0.011 0.027 0.033 0.860 
 374 N _   0.026 0.035 0.001 0.015 0.012 0.029 0.032 0.850 
 375 H _   0.029 0.040 0.001 0.016 0.013 0.030 0.032 0.839 
 376 L _   0.031 0.045 0.001 0.018 0.015 0.032 0.031 0.827 
 377 V _   0.033 0.050 0.001 0.020 0.016 0.032 0.031 0.817 
 378 K _   0.033 0.055 0.001 0.022 0.016 0.033 0.031 0.808 
 379 V _   0.033 0.060 0.001 0.024 0.017 0.032 0.031 0.803 
 380 A _   0.033 0.063 0.001 0.025 0.017 0.032 0.030 0.799 
 381 D _   0.032 0.065 0.001 0.026 0.017 0.031 0.030 0.798 
 382 F _   0.031 0.066 0.001 0.027 0.016 0.029 0.030 0.799 
 383 G _   0.029 0.066 0.001 0.027 0.016 0.028 0.031 0.803 
 384 L _   0.027 0.064 0.001 0.027 0.014 0.026 0.031 0.810 
 385 S _   0.024 0.061 0.001 0.026 0.013 0.023 0.032 0.820 
 386 R _   0.022 0.056 0.001 0.024 0.011 0.021 0.033 0.832 
 387 L _   0.019 0.050 0.001 0.022 0.009 0.018 0.033 0.848 
 388 M _   0.016 0.042 0.001 0.018 0.008 0.016 0.034 0.864 
 389 T _   0.014 0.035 0.001 0.015 0.006 0.014 0.035 0.881 
 390 G _   0.012 0.027 0.001 0.012 0.005 0.012 0.035 0.896 
 391 D _   0.011 0.021 0.000 0.009 0.004 0.010 0.036 0.909 
 392 T _   0.009 0.017 0.000 0.007 0.003 0.009 0.036 0.918 
 393 Y _   0.008 0.014 0.000 0.006 0.003 0.009 0.036 0.924 
 394 T _   0.008 0.013 0.000 0.005 0.003 0.008 0.036 0.927 
 395 A _   0.008 0.012 0.000 0.006 0.003 0.009 0.035 0.927 
 396 H _   0.008 0.013 0.000 0.007 0.003 0.009 0.035 0.925 
 397 A _   0.008 0.015 0.000 0.008 0.004 0.010 0.034 0.921 
 398 G _   0.008 0.018 0.001 0.011 0.005 0.012 0.033 0.914 
 399 A _   0.009 0.021 0.001 0.014 0.006 0.013 0.032 0.904 
 400 K _   0.010 0.026 0.001 0.018 0.007 0.014 0.031 0.894 
 401 F _   0.010 0.029 0.001 0.021 0.008 0.015 0.030 0.886 
 402 P _   0.010 0.032 0.001 0.024 0.009 0.016 0.029 0.880 
 403 I _   0.010 0.034 0.001 0.026 0.009 0.016 0.028 0.876 
 404 K _   0.010 0.035 0.001 0.026 0.009 0.016 0.027 0.876 
 405 W _   0.010 0.034 0.001 0.026 0.009 0.016 0.026 0.879 
 406 T _   0.010 0.032 0.001 0.024 0.009 0.015 0.026 0.883 
 407 A _   0.010 0.029 0.001 0.022 0.008 0.015 0.026 0.889 
 408 P _   0.011 0.026 0.001 0.020 0.007 0.014 0.025 0.896 
 409 E _   0.011 0.022 0.001 0.017 0.007 0.014 0.025 0.904 
 410 S _   0.012 0.017 0.001 0.014 0.006 0.013 0.025 0.912 
 411 L _   0.014 0.013 0.001 0.012 0.005 0.012 0.025 0.919 
 412 A _   0.016 0.009 0.001 0.010 0.005 0.012 0.024 0.924 
 413 Y _   0.021 0.005 0.001 0.007 0.004 0.012 0.024 0.927 
 414 N _   0.028 0.003 0.000 0.006 0.004 0.012 0.023 0.925 
 415 K _   0.040 0.001 0.000 0.004 0.004 0.012 0.022 0.916 
 416 F _   0.060 0.001 0.001 0.003 0.004 0.013 0.021 0.898 
 417 S _   0.092 0.000 0.001 0.003 0.005 0.014 0.019 0.867 
 418 I _   0.141 0.000 0.001 0.002 0.006 0.016 0.018 0.817 
 419 K _   0.209 0.000 0.001 0.002 0.008 0.019 0.016 0.746 
 420 S _   0.295 0.000 0.001 0.002 0.011 0.021 0.014 0.657 
 421 D _   0.392 0.000 0.001 0.002 0.014 0.024 0.012 0.555 
 422 V H   0.491 0.000 0.001 0.002 0.019 0.026 0.010 0.451 
 423 W H   0.582 0.000 0.002 0.002 0.023 0.027 0.009 0.355 
 424 A H   0.652 0.000 0.002 0.002 0.028 0.027 0.008 0.282 
 425 F H   0.702 0.000 0.002 0.002 0.031 0.026 0.008 0.228 
 426 G H   0.735 0.000 0.002 0.002 0.034 0.025 0.008 0.193 
 427 V H   0.754 0.000 0.002 0.002 0.036 0.024 0.009 0.173 
 428 L H   0.758 0.000 0.002 0.002 0.037 0.023 0.010 0.168 
 429 L H   0.747 0.000 0.002 0.003 0.037 0.022 0.012 0.177 
 430 W H   0.721 0.000 0.002 0.003 0.036 0.021 0.014 0.201 
 431 E H   0.676 0.000 0.002 0.004 0.034 0.021 0.018 0.243 
 432 I H   0.610 0.000 0.002 0.005 0.031 0.020 0.024 0.308 
 433 A H   0.522 0.000 0.002 0.006 0.025 0.018 0.030 0.395 
 434 T _   0.422 0.000 0.002 0.006 0.019 0.017 0.038 0.496 
 435 Y _   0.322 0.000 0.001 0.005 0.013 0.015 0.047 0.597 
 436 G _   0.229 0.000 0.001 0.004 0.009 0.013 0.055 0.690 
 437 M _   0.152 0.000 0.001 0.003 0.006 0.011 0.062 0.765 
 438 S _   0.097 0.000 0.001 0.003 0.004 0.009 0.067 0.819 
 439 P _   0.061 0.000 0.000 0.002 0.003 0.009 0.072 0.853 
 440 Y _   0.040 0.000 0.000 0.002 0.002 0.009 0.075 0.872 
 441 P _   0.028 0.001 0.000 0.002 0.002 0.010 0.077 0.879 
 442 G _   0.023 0.002 0.000 0.004 0.003 0.012 0.080 0.877 
 443 I _   0.021 0.006 0.001 0.007 0.005 0.014 0.081 0.866 
 444 D _   0.020 0.017 0.001 0.013 0.007 0.018 0.083 0.842 
 445 L _   0.019 0.035 0.001 0.023 0.010 0.021 0.084 0.807 
 446 S _   0.019 0.055 0.001 0.034 0.013 0.023 0.085 0.769 
 447 Q _   0.018 0.073 0.001 0.046 0.015 0.023 0.087 0.736 
 448 V _   0.016 0.084 0.001 0.054 0.016 0.023 0.090 0.714 
 449 Y _   0.015 0.090 0.001 0.058 0.016 0.022 0.093 0.705 
 450 E _   0.014 0.091 0.001 0.056 0.014 0.021 0.097 0.705 
 451 L _   0.013 0.087 0.001 0.050 0.012 0.019 0.102 0.715 
 452 L _   0.012 0.080 0.001 0.041 0.010 0.016 0.108 0.732 
 453 E _   0.011 0.068 0.001 0.031 0.008 0.014 0.115 0.753 
 454 K _   0.010 0.054 0.001 0.022 0.006 0.012 0.121 0.775 
 455 D _   0.009 0.040 0.001 0.014 0.004 0.010 0.127 0.795 
 456 Y _   0.008 0.029 0.000 0.010 0.003 0.008 0.132 0.810 
 457 R _   0.007 0.022 0.000 0.006 0.002 0.007 0.136 0.818 
 458 M _   0.006 0.019 0.000 0.005 0.002 0.006 0.139 0.823 
 459 E _   0.006 0.017 0.000 0.004 0.001 0.006 0.141 0.824 
 460 R _   0.005 0.017 0.000 0.003 0.001 0.007 0.142 0.823 
 461 P _   0.006 0.018 0.000 0.004 0.002 0.008 0.143 0.820 
 462 E _   0.006 0.022 0.000 0.005 0.002 0.010 0.142 0.813 
 463 G _   0.008 0.030 0.000 0.007 0.003 0.012 0.141 0.799 
 464 C _   0.010 0.047 0.001 0.010 0.005 0.016 0.139 0.772 
 465 P _   0.012 0.080 0.001 0.017 0.009 0.021 0.135 0.725 
 466 E _   0.014 0.137 0.002 0.026 0.014 0.026 0.130 0.651 
 467 K _   0.015 0.219 0.002 0.037 0.020 0.029 0.123 0.554 
 468 V _   0.015 0.308 0.002 0.049 0.023 0.030 0.118 0.454 
 469 Y E   0.014 0.381 0.002 0.060 0.025 0.030 0.114 0.376 
 470 E E   0.013 0.427 0.002 0.069 0.024 0.028 0.112 0.326 
 471 L E   0.012 0.451 0.002 0.075 0.023 0.027 0.111 0.300 
 472 M E   0.011 0.460 0.001 0.077 0.022 0.025 0.112 0.291 
 473 R E   0.011 0.459 0.001 0.076 0.021 0.023 0.114 0.294 
 474 A E   0.011 0.446 0.002 0.071 0.019 0.021 0.118 0.311 
 475 C E   0.011 0.416 0.002 0.063 0.018 0.019 0.125 0.346 
 476 W _   0.012 0.360 0.002 0.053 0.016 0.018 0.134 0.406 
 477 Q _   0.012 0.274 0.002 0.041 0.014 0.017 0.146 0.495 
 478 W _   0.012 0.176 0.002 0.028 0.011 0.015 0.160 0.596 
 479 N _   0.012 0.095 0.001 0.017 0.007 0.014 0.172 0.682 
 480 P _   0.010 0.047 0.001 0.009 0.004 0.012 0.181 0.735 
 481 S _   0.009 0.026 0.000 0.005 0.003 0.011 0.187 0.759 
 482 D _   0.008 0.019 0.000 0.003 0.002 0.012 0.190 0.766 
 483 R _   0.009 0.017 0.000 0.003 0.002 0.013 0.193 0.763 
 484 P _   0.011 0.018 0.000 0.003 0.003 0.017 0.194 0.753 
 485 S _   0.016 0.023 0.001 0.006 0.005 0.022 0.195 0.732 
 486 F _   0.022 0.039 0.001 0.011 0.010 0.029 0.195 0.694 
 487 A _   0.027 0.074 0.002 0.020 0.017 0.036 0.195 0.629 
 488 E _   0.031 0.130 0.002 0.032 0.025 0.041 0.193 0.545 
 489 I _   0.032 0.191 0.003 0.044 0.031 0.044 0.192 0.463 
 490 H _   0.033 0.237 0.002 0.056 0.035 0.044 0.193 0.400 
 491 Q _   0.032 0.266 0.002 0.064 0.036 0.044 0.195 0.361 
 492 A _   0.032 0.280 0.002 0.070 0.036 0.042 0.199 0.340 
 493 F _   0.031 0.285 0.002 0.072 0.035 0.039 0.204 0.332 
 494 E _   0.029 0.282 0.002 0.070 0.032 0.036 0.212 0.337 
 495 T _   0.028 0.270 0.002 0.064 0.028 0.032 0.223 0.354 
 496 M _   0.025 0.245 0.002 0.055 0.024 0.028 0.236 0.386 
 497 F _   0.022 0.206 0.002 0.043 0.019 0.023 0.253 0.431 
 498 Q _   0.020 0.157 0.002 0.032 0.014 0.020 0.272 0.484 
 499 E _   0.017 0.107 0.001 0.022 0.010 0.016 0.290 0.537 
 500 S _   0.014 0.067 0.001 0.014 0.006 0.013 0.306 0.579 
 501 S _   0.011 0.042 0.001 0.009 0.004 0.010 0.318 0.606 
 502 I _   0.008 0.029 0.000 0.006 0.003 0.008 0.327 0.619 
 503 S _   0.006 0.024 0.000 0.004 0.002 0.007 0.333 0.623 
 504 D _   0.005 0.021 0.000 0.004 0.002 0.007 0.338 0.623 
 505 E _   0.005 0.020 0.000 0.004 0.002 0.007 0.341 0.621 
 506 V _   0.005 0.021 0.000 0.004 0.002 0.008 0.344 0.616 
 507 E _   0.005 0.023 0.000 0.005 0.002 0.009 0.346 0.609 
 508 K _   0.006 0.027 0.000 0.006 0.003 0.010 0.348 0.599 
 509 E _   0.007 0.034 0.000 0.008 0.004 0.013 0.349 0.585 
 510 L _   0.008 0.045 0.001 0.010 0.005 0.015 0.349 0.567 
 511 G _   0.010 0.059 0.001 0.013 0.007 0.018 0.350 0.544 
 512 K _   0.012 0.078 0.001 0.016 0.009 0.022 0.350 0.513 
 513 Q _   0.014 0.101 0.001 0.020 0.012 0.025 0.350 0.478 
 514 G _   0.015 0.127 0.001 0.024 0.015 0.028 0.351 0.438 
 515 V _   0.017 0.155 0.001 0.029 0.018 0.030 0.353 0.396 
 516 R _   0.018 0.180 0.002 0.035 0.021 0.032 0.355 0.357 
 517 G X   0.019 0.200 0.002 0.041 0.023 0.032 0.359 0.324 
 518 A X   0.019 0.214 0.002 0.046 0.024 0.032 0.365 0.298 
 519 V X   0.019 0.223 0.002 0.050 0.025 0.031 0.372 0.279 
 520 S X   0.019 0.225 0.002 0.052 0.024 0.030 0.381 0.267 
 521 T X   0.019 0.223 0.002 0.052 0.023 0.028 0.393 0.261 
 522 L X   0.017 0.215 0.002 0.050 0.021 0.025 0.409 0.262 
 523 L X   0.016 0.199 0.002 0.045 0.018 0.023 0.428 0.269 
 524 Q X   0.015 0.175 0.002 0.039 0.016 0.020 0.452 0.282 
 525 A X   0.013 0.143 0.002 0.031 0.013 0.018 0.480 0.300 
 526 P X   0.012 0.106 0.001 0.024 0.010 0.015 0.511 0.320 
 527 E X   0.011 0.073 0.001 0.017 0.007 0.013 0.540 0.338 
 528 L X   0.009 0.049 0.001 0.012 0.005 0.011 0.566 0.348 
 529 P X   0.007 0.033 0.001 0.008 0.004 0.009 0.587 0.351 
 530 T X   0.006 0.024 0.000 0.006 0.003 0.008 0.604 0.348 
 531 K X   0.005 0.019 0.000 0.005 0.002 0.007 0.618 0.342 
 532 T X   0.005 0.017 0.000 0.005 0.002 0.007 0.631 0.333 
 533 R X   0.004 0.015 0.000 0.006 0.002 0.007 0.642 0.323 
 534 T X   0.004 0.015 0.000 0.008 0.002 0.007 0.653 0.311 
 535 S X   0.004 0.014 0.000 0.009 0.003 0.007 0.663 0.299 
 536 R X   0.004 0.014 0.000 0.011 0.003 0.007 0.674 0.287 
 537 R X   0.004 0.014 0.000 0.012 0.003 0.007 0.685 0.275 
 538 A X   0.004 0.013 0.000 0.012 0.003 0.006 0.697 0.264 
 539 A X   0.003 0.012 0.000 0.012 0.003 0.006 0.709 0.254 
 540 E X   0.003 0.011 0.000 0.011 0.003 0.006 0.722 0.244 
 541 H X   0.003 0.009 0.000 0.009 0.003 0.005 0.736 0.235 
 542 R X   0.003 0.007 0.000 0.008 0.002 0.005 0.749 0.226 
 543 D X   0.003 0.006 0.000 0.006 0.002 0.004 0.763 0.216 
 544 T X   0.002 0.005 0.000 0.005 0.002 0.004 0.775 0.207 
 545 T X   0.002 0.004 0.000 0.005 0.001 0.003 0.787 0.197 
 546 D X   0.002 0.003 0.000 0.004 0.001 0.003 0.798 0.188 
 547 V X   0.002 0.003 0.000 0.004 0.001 0.003 0.808 0.178 
 548 P X   0.002 0.003 0.000 0.005 0.001 0.003 0.817 0.169 
 549 E X   0.002 0.002 0.000 0.005 0.001 0.003 0.826 0.160 
 550 M X   0.002 0.002 0.000 0.005 0.001 0.003 0.834 0.152 
 551 P X   0.002 0.002 0.000 0.005 0.001 0.003 0.842 0.144 
 552 H X   0.002 0.002 0.000 0.005 0.001 0.003 0.850 0.137 
 553 S X   0.002 0.002 0.000 0.005 0.001 0.002 0.858 0.131 
 554 K X   0.001 0.001 0.000 0.004 0.001 0.002 0.865 0.126 
 555 G X   0.001 0.001 0.000 0.003 0.001 0.002 0.871 0.121 
 556 Q X   0.001 0.001 0.000 0.003 0.001 0.002 0.877 0.117 
 557 G X   0.001 0.001 0.000 0.002 0.001 0.001 0.881 0.113 
 558 E X   0.001 0.000 0.000 0.002 0.000 0.001 0.885 0.110 
 559 S X   0.001 0.000 0.000 0.001 0.000 0.001 0.888 0.108 
 560 D X   0.001 0.000 0.000 0.001 0.000 0.001 0.891 0.106 
 561 P X   0.001 0.000 0.000 0.001 0.000 0.001 0.893 0.104 
 562 L X   0.001 0.000 0.000 0.001 0.000 0.001 0.894 0.103 
 563 D X   0.001 0.001 0.000 0.001 0.000 0.001 0.894 0.101 
 564 H X   0.001 0.001 0.000 0.002 0.000 0.001 0.895 0.100 
 565 E X   0.001 0.001 0.000 0.002 0.001 0.002 0.895 0.099 
 566 P X   0.001 0.002 0.000 0.003 0.001 0.002 0.895 0.097 
 567 A X   0.001 0.002 0.000 0.004 0.001 0.002 0.894 0.095 
 568 V X   0.001 0.003 0.000 0.005 0.001 0.002 0.894 0.093 
 569 S X   0.001 0.003 0.000 0.006 0.001 0.002 0.894 0.092 
 570 P X   0.001 0.003 0.000 0.006 0.001 0.003 0.895 0.090 
 571 L X   0.001 0.003 0.000 0.007 0.001 0.002 0.896 0.089 
 572 L X   0.001 0.003 0.000 0.006 0.001 0.002 0.898 0.088 
 573 P X   0.001 0.003 0.000 0.005 0.001 0.002 0.901 0.087 
 574 R X   0.001 0.003 0.000 0.004 0.001 0.002 0.903 0.086 
 575 K X   0.001 0.002 0.000 0.003 0.001 0.002 0.906 0.085 
 576 E X   0.001 0.002 0.000 0.003 0.001 0.001 0.908 0.085 
 577 R X   0.001 0.001 0.000 0.002 0.000 0.001 0.910 0.084 
 578 G X   0.001 0.001 0.000 0.002 0.000 0.001 0.911 0.084 
 579 P X   0.001 0.001 0.000 0.001 0.000 0.001 0.912 0.083 
 580 P X   0.001 0.001 0.000 0.001 0.000 0.001 0.913 0.083 
 581 E X   0.001 0.001 0.000 0.001 0.000 0.001 0.913 0.083 
 582 G X   0.001 0.001 0.000 0.001 0.000 0.001 0.913 0.083 
 583 G X   0.001 0.001 0.000 0.001 0.000 0.001 0.913 0.083 
 584 L X   0.001 0.001 0.000 0.002 0.000 0.001 0.912 0.084 
 585 N X   0.001 0.001 0.000 0.002 0.000 0.001 0.910 0.085 
 586 E X   0.001 0.001 0.000 0.002 0.000 0.001 0.909 0.086 
 587 D X   0.001 0.001 0.000 0.002 0.000 0.001 0.907 0.088 
 588 E X   0.001 0.001 0.000 0.002 0.000 0.001 0.904 0.091 
 589 R X   0.001 0.001 0.000 0.002 0.000 0.001 0.901 0.094 
 590 L X   0.001 0.001 0.000 0.002 0.000 0.001 0.898 0.097 
 591 L X   0.001 0.002 0.000 0.002 0.000 0.002 0.894 0.100 
 592 P X   0.001 0.002 0.000 0.002 0.001 0.002 0.889 0.104 
 593 K X   0.001 0.003 0.000 0.003 0.001 0.002 0.883 0.107 
 594 D X   0.001 0.005 0.000 0.004 0.001 0.003 0.876 0.110 
 595 K X   0.001 0.008 0.000 0.006 0.002 0.004 0.869 0.111 
 596 K X   0.001 0.013 0.000 0.008 0.002 0.005 0.860 0.111 
 597 T X   0.002 0.018 0.000 0.012 0.003 0.005 0.850 0.109 
 598 N X   0.002 0.023 0.000 0.016 0.003 0.006 0.842 0.107 
 599 L X   0.002 0.027 0.000 0.019 0.004 0.006 0.835 0.106 
 600 F X   0.002 0.030 0.000 0.021 0.004 0.006 0.831 0.106 
 601 S X   0.002 0.031 0.000 0.022 0.004 0.006 0.828 0.108 
 602 A X   0.002 0.031 0.000 0.021 0.004 0.006 0.826 0.111 
 603 L X   0.002 0.029 0.000 0.018 0.003 0.005 0.826 0.116 
 604 I X   0.002 0.026 0.000 0.015 0.003 0.005 0.826 0.123 
 605 K X   0.002 0.022 0.000 0.011 0.002 0.004 0.828 0.130 
 606 K X   0.002 0.017 0.000 0.008 0.002 0.003 0.831 0.137 
 607 K X   0.002 0.013 0.000 0.005 0.001 0.003 0.833 0.142 
 608 K X   0.002 0.009 0.000 0.004 0.001 0.003 0.835 0.147 
 609 K X   0.002 0.007 0.000 0.003 0.001 0.002 0.837 0.149 
 610 T X   0.002 0.005 0.000 0.002 0.001 0.002 0.838 0.151 
 611 A X   0.001 0.004 0.000 0.002 0.001 0.002 0.838 0.152 
 612 P X   0.001 0.004 0.000 0.002 0.001 0.002 0.838 0.153 
 613 T X   0.001 0.003 0.000 0.002 0.001 0.002 0.837 0.154 
 614 P X   0.001 0.003 0.000 0.002 0.001 0.002 0.835 0.155 
 615 P X   0.001 0.003 0.000 0.003 0.001 0.002 0.834 0.156 
 616 K X   0.001 0.003 0.000 0.003 0.001 0.002 0.831 0.157 
 617 R X   0.001 0.004 0.000 0.004 0.001 0.002 0.829 0.158 
 618 S X   0.001 0.004 0.000 0.004 0.001 0.003 0.827 0.160 
 619 S X   0.001 0.004 0.000 0.005 0.001 0.003 0.824 0.161 
 620 S X   0.001 0.004 0.000 0.005 0.001 0.003 0.822 0.163 
 621 F X   0.001 0.004 0.000 0.005 0.001 0.003 0.820 0.165 
 622 R X   0.001 0.004 0.000 0.005 0.001 0.003 0.818 0.167 
 623 E X   0.001 0.004 0.000 0.005 0.001 0.002 0.816 0.170 
 624 M X   0.001 0.004 0.000 0.004 0.001 0.002 0.814 0.173 
 625 D X   0.001 0.004 0.000 0.004 0.001 0.002 0.811 0.176 
 626 G X   0.001 0.004 0.000 0.003 0.001 0.002 0.809 0.180 
 627 Q X   0.001 0.004 0.000 0.003 0.001 0.002 0.805 0.184 
 628 P X   0.001 0.004 0.000 0.003 0.001 0.002 0.802 0.188 
 629 E X   0.001 0.004 0.000 0.003 0.001 0.002 0.797 0.192 
 630 R X   0.001 0.005 0.000 0.003 0.001 0.002 0.793 0.195 
 631 R X   0.001 0.005 0.000 0.003 0.001 0.002 0.787 0.200 
 632 G X   0.001 0.006 0.000 0.004 0.001 0.003 0.780 0.204 
 633 A X   0.001 0.008 0.000 0.005 0.001 0.003 0.772 0.210 
 634 G X   0.001 0.009 0.000 0.005 0.001 0.003 0.763 0.216 
 635 E X   0.002 0.012 0.000 0.006 0.001 0.004 0.753 0.223 
 636 E X   0.002 0.015 0.000 0.006 0.002 0.004 0.742 0.230 
 637 E X   0.002 0.018 0.000 0.007 0.002 0.005 0.729 0.238 
 638 G X   0.002 0.024 0.000 0.008 0.002 0.006 0.715 0.244 
 639 R X   0.002 0.032 0.000 0.010 0.003 0.007 0.698 0.249 
 640 D X   0.003 0.044 0.001 0.013 0.004 0.009 0.679 0.248 
 641 I X   0.003 0.063 0.001 0.019 0.006 0.011 0.656 0.241 
 642 S X   0.004 0.090 0.001 0.026 0.008 0.012 0.632 0.228 
 643 N X   0.004 0.121 0.001 0.034 0.009 0.013 0.608 0.210 
 644 G X   0.004 0.148 0.001 0.042 0.010 0.014 0.588 0.193 
 645 A X   0.004 0.167 0.001 0.048 0.010 0.014 0.573 0.182 
 646 L X   0.004 0.177 0.001 0.052 0.010 0.013 0.564 0.178 
 647 A X   0.004 0.181 0.001 0.053 0.009 0.013 0.558 0.180 
 648 F X   0.004 0.181 0.001 0.050 0.009 0.012 0.554 0.189 
 649 T X   0.005 0.175 0.001 0.045 0.008 0.011 0.552 0.203 
 650 P X   0.005 0.163 0.001 0.038 0.007 0.010 0.553 0.224 
 651 L X   0.005 0.143 0.001 0.030 0.006 0.009 0.554 0.252 
 652 D X   0.005 0.117 0.001 0.022 0.005 0.008 0.558 0.285 
 653 T X   0.005 0.089 0.001 0.016 0.004 0.007 0.561 0.318 
 654 A X   0.005 0.066 0.000 0.011 0.003 0.006 0.564 0.346 
 655 D X   0.005 0.050 0.000 0.007 0.002 0.005 0.565 0.366 
 656 P X   0.004 0.040 0.000 0.005 0.001 0.005 0.565 0.380 
 657 A X   0.004 0.034 0.000 0.004 0.001 0.004 0.563 0.390 
 658 K X   0.003 0.032 0.000 0.003 0.001 0.004 0.559 0.398 
 659 S X   0.003 0.031 0.000 0.003 0.001 0.004 0.553 0.405 
 660 P X   0.003 0.031 0.000 0.004 0.001 0.004 0.546 0.412 
 661 K X   0.003 0.033 0.000 0.004 0.001 0.005 0.535 0.419 
 662 P X   0.003 0.037 0.000 0.006 0.002 0.005 0.521 0.426 
 663 S X   0.003 0.044 0.000 0.008 0.002 0.007 0.503 0.433 
