#TopoPred_TM8: 8-state transmembrane topology prediction results by no_profile mode 
#probabilities are in the order of H E C I L F X _, the 8 transmembrane topology types used in PDBTM 
   1 M X   0.010 0.001 0.003 0.059 0.011 0.011 0.829 0.077 
   2 V X   0.006 0.001 0.000 0.040 0.003 0.007 0.859 0.086 
   3 I X   0.003 0.000 0.000 0.026 0.001 0.005 0.869 0.094 
   4 M X   0.003 0.000 0.000 0.018 0.001 0.005 0.871 0.101 
   5 S X   0.004 0.000 0.000 0.013 0.001 0.005 0.870 0.107 
   6 E X   0.004 0.000 0.000 0.009 0.001 0.004 0.866 0.115 
   7 F X   0.004 0.000 0.000 0.006 0.001 0.004 0.862 0.123 
   8 S X   0.003 0.000 0.000 0.004 0.001 0.003 0.858 0.131 
   9 A X   0.003 0.000 0.000 0.003 0.001 0.003 0.852 0.138 
  10 D X   0.003 0.000 0.000 0.002 0.001 0.003 0.846 0.146 
  11 P X   0.002 0.000 0.000 0.002 0.001 0.002 0.838 0.155 
  12 A X   0.002 0.000 0.000 0.002 0.001 0.002 0.828 0.164 
  13 G X   0.002 0.001 0.000 0.002 0.001 0.003 0.816 0.175 
  14 Q X   0.002 0.001 0.000 0.003 0.001 0.003 0.801 0.188 
  15 G X   0.002 0.002 0.000 0.004 0.001 0.004 0.784 0.203 
  16 Q X   0.002 0.004 0.000 0.005 0.002 0.005 0.762 0.220 
  17 G X   0.003 0.008 0.000 0.007 0.002 0.007 0.736 0.238 
  18 Q X   0.003 0.014 0.001 0.010 0.003 0.008 0.704 0.256 
  19 Q X   0.004 0.025 0.001 0.014 0.005 0.011 0.667 0.274 
  20 K X   0.004 0.041 0.001 0.020 0.007 0.014 0.625 0.288 
  21 P X   0.005 0.064 0.001 0.026 0.009 0.016 0.580 0.299 
  22 L X   0.005 0.092 0.001 0.032 0.011 0.018 0.534 0.306 
  23 R X   0.006 0.122 0.002 0.039 0.013 0.020 0.490 0.310 
  24 V X   0.006 0.148 0.002 0.044 0.014 0.021 0.451 0.314 
  25 G X   0.006 0.169 0.002 0.047 0.014 0.021 0.419 0.321 
  26 F X   0.006 0.185 0.001 0.049 0.015 0.022 0.392 0.331 
  27 Y X   0.007 0.195 0.001 0.048 0.014 0.022 0.370 0.344 
  28 D _   0.007 0.200 0.001 0.045 0.014 0.022 0.352 0.359 
  29 I _   0.007 0.202 0.001 0.040 0.013 0.021 0.337 0.377 
  30 E _   0.008 0.202 0.001 0.035 0.012 0.021 0.324 0.397 
  31 R _   0.009 0.199 0.001 0.029 0.011 0.020 0.313 0.419 
  32 T _   0.009 0.195 0.001 0.024 0.010 0.020 0.303 0.439 
  33 L _   0.009 0.190 0.001 0.020 0.009 0.020 0.294 0.458 
  34 G _   0.010 0.185 0.001 0.018 0.008 0.019 0.285 0.474 
  35 K _   0.010 0.181 0.001 0.016 0.008 0.020 0.277 0.488 
  36 G _   0.011 0.178 0.001 0.015 0.008 0.020 0.268 0.499 
  37 N _   0.011 0.176 0.001 0.016 0.008 0.020 0.261 0.507 
  38 F _   0.012 0.175 0.001 0.017 0.009 0.020 0.253 0.513 
  39 A _   0.012 0.174 0.001 0.018 0.009 0.021 0.246 0.519 
  40 V _   0.013 0.173 0.001 0.019 0.010 0.021 0.239 0.525 
  41 V _   0.013 0.170 0.001 0.019 0.010 0.021 0.233 0.533 
  42 K _   0.013 0.166 0.001 0.019 0.010 0.020 0.228 0.543 
  43 L _   0.013 0.161 0.001 0.018 0.009 0.020 0.223 0.555 
  44 A _   0.014 0.154 0.001 0.016 0.009 0.020 0.218 0.568 
  45 R _   0.014 0.148 0.001 0.014 0.009 0.020 0.213 0.581 
  46 H _   0.015 0.141 0.001 0.013 0.008 0.020 0.209 0.592 
  47 R _   0.016 0.136 0.001 0.012 0.008 0.021 0.205 0.601 
  48 V _   0.016 0.132 0.001 0.012 0.008 0.021 0.202 0.607 
  49 T _   0.018 0.131 0.001 0.012 0.009 0.022 0.198 0.609 
  50 K _   0.019 0.131 0.001 0.014 0.010 0.022 0.195 0.608 
  51 T _   0.020 0.132 0.001 0.017 0.011 0.023 0.192 0.605 
  52 Q _   0.020 0.134 0.001 0.020 0.012 0.023 0.189 0.601 
  53 V _   0.020 0.135 0.001 0.024 0.013 0.023 0.187 0.597 
  54 A _   0.020 0.134 0.001 0.028 0.013 0.023 0.185 0.596 
  55 I _   0.020 0.131 0.001 0.030 0.013 0.022 0.184 0.599 
  56 K _   0.019 0.125 0.001 0.031 0.013 0.020 0.183 0.608 
  57 I _   0.018 0.115 0.001 0.029 0.011 0.018 0.184 0.625 
  58 I _   0.016 0.100 0.001 0.026 0.010 0.016 0.184 0.647 
  59 D _   0.015 0.080 0.001 0.021 0.008 0.014 0.186 0.676 
  60 K _   0.013 0.057 0.001 0.016 0.006 0.012 0.187 0.708 
  61 T _   0.011 0.037 0.001 0.011 0.004 0.010 0.188 0.738 
  62 R _   0.009 0.021 0.000 0.007 0.003 0.009 0.188 0.762 
  63 L _   0.008 0.012 0.000 0.005 0.002 0.008 0.187 0.778 
  64 D _   0.006 0.008 0.000 0.003 0.002 0.007 0.186 0.787 
  65 S _   0.006 0.006 0.000 0.003 0.002 0.007 0.184 0.792 
  66 S _   0.007 0.005 0.000 0.003 0.002 0.009 0.182 0.793 
  67 N _   0.008 0.006 0.000 0.004 0.002 0.011 0.179 0.790 
  68 L _   0.010 0.008 0.000 0.006 0.004 0.014 0.175 0.783 
  69 E _   0.012 0.012 0.001 0.010 0.006 0.018 0.170 0.770 
  70 K _   0.015 0.020 0.001 0.017 0.009 0.022 0.165 0.752 
  71 I _   0.017 0.029 0.001 0.025 0.013 0.026 0.160 0.730 
  72 Y _   0.019 0.037 0.001 0.033 0.016 0.029 0.154 0.711 
  73 R _   0.021 0.043 0.001 0.040 0.019 0.030 0.150 0.696 
  74 E _   0.022 0.046 0.001 0.044 0.020 0.031 0.147 0.689 
  75 V _   0.023 0.047 0.001 0.044 0.020 0.031 0.144 0.691 
  76 Q _   0.023 0.045 0.001 0.040 0.018 0.029 0.142 0.700 
  77 L _   0.023 0.040 0.001 0.034 0.016 0.028 0.141 0.718 
  78 M _   0.023 0.032 0.001 0.025 0.013 0.025 0.140 0.740 
  79 K _   0.022 0.023 0.001 0.018 0.010 0.023 0.139 0.764 
  80 L _   0.021 0.014 0.001 0.011 0.008 0.021 0.139 0.785 
  81 L _   0.020 0.008 0.001 0.007 0.006 0.020 0.138 0.799 
  82 N _   0.020 0.005 0.001 0.005 0.005 0.019 0.137 0.808 
  83 H _   0.021 0.003 0.000 0.004 0.005 0.019 0.136 0.812 
  84 P _   0.022 0.003 0.001 0.005 0.005 0.020 0.135 0.810 
  85 H _   0.024 0.003 0.001 0.006 0.006 0.021 0.133 0.806 
  86 I _   0.026 0.003 0.001 0.008 0.007 0.023 0.132 0.800 
  87 I _   0.029 0.004 0.001 0.010 0.009 0.025 0.131 0.793 
  88 K _   0.031 0.005 0.001 0.012 0.010 0.026 0.129 0.786 
  89 L _   0.032 0.006 0.001 0.013 0.011 0.027 0.128 0.782 
  90 Y _   0.033 0.006 0.001 0.013 0.011 0.028 0.126 0.782 
  91 Q _   0.033 0.007 0.001 0.012 0.011 0.029 0.125 0.784 
  92 V _   0.033 0.007 0.001 0.010 0.010 0.029 0.124 0.786 
  93 M _   0.034 0.007 0.001 0.009 0.010 0.029 0.123 0.788 
  94 E _   0.035 0.008 0.001 0.008 0.010 0.030 0.121 0.787 
  95 T _   0.037 0.009 0.001 0.008 0.011 0.032 0.120 0.783 
  96 K _   0.039 0.012 0.001 0.009 0.013 0.034 0.119 0.774 
  97 D _   0.042 0.017 0.001 0.012 0.015 0.035 0.118 0.760 
  98 M _   0.044 0.024 0.001 0.016 0.018 0.037 0.117 0.742 
  99 L _   0.045 0.033 0.002 0.022 0.021 0.037 0.117 0.724 
 100 Y _   0.045 0.042 0.002 0.028 0.022 0.037 0.116 0.709 
 101 I _   0.043 0.048 0.002 0.032 0.022 0.035 0.117 0.700 
 102 V _   0.040 0.052 0.002 0.035 0.021 0.033 0.117 0.699 
 103 T _   0.037 0.054 0.001 0.034 0.019 0.031 0.119 0.705 
 104 E _   0.033 0.053 0.001 0.031 0.017 0.028 0.120 0.718 
 105 F _   0.028 0.049 0.001 0.027 0.014 0.024 0.122 0.735 
 106 A _   0.024 0.045 0.001 0.022 0.011 0.021 0.124 0.752 
 107 K _   0.020 0.039 0.001 0.018 0.008 0.019 0.126 0.769 
 108 N _   0.017 0.035 0.001 0.015 0.007 0.016 0.128 0.782 
 109 G _   0.015 0.031 0.001 0.013 0.006 0.015 0.129 0.791 
 110 E _   0.014 0.028 0.001 0.012 0.005 0.013 0.131 0.796 
 111 M _   0.012 0.026 0.001 0.013 0.005 0.012 0.133 0.799 
 112 F _   0.012 0.024 0.001 0.013 0.004 0.011 0.135 0.801 
 113 D _   0.010 0.022 0.001 0.013 0.004 0.010 0.137 0.803 
 114 Y _   0.009 0.019 0.001 0.013 0.004 0.010 0.139 0.806 
 115 L _   0.008 0.017 0.000 0.012 0.004 0.009 0.140 0.810 
 116 T _   0.007 0.014 0.000 0.011 0.003 0.008 0.142 0.815 
 117 S _   0.006 0.011 0.000 0.009 0.003 0.007 0.143 0.821 
 118 N _   0.006 0.009 0.000 0.007 0.002 0.006 0.144 0.826 
 119 G _   0.005 0.007 0.000 0.006 0.002 0.006 0.145 0.830 
 120 H _   0.005 0.006 0.000 0.004 0.002 0.005 0.145 0.833 
 121 L _   0.004 0.005 0.000 0.004 0.001 0.006 0.145 0.835 
 122 S _   0.004 0.005 0.000 0.004 0.001 0.006 0.144 0.836 
 123 E _   0.005 0.006 0.000 0.004 0.002 0.007 0.142 0.835 
 124 N _   0.005 0.008 0.000 0.005 0.002 0.009 0.140 0.831 
 125 E _   0.007 0.011 0.000 0.006 0.003 0.013 0.136 0.824 
 126 A _   0.009 0.019 0.001 0.009 0.005 0.017 0.132 0.809 
 127 R _   0.012 0.033 0.001 0.013 0.007 0.023 0.127 0.784 
 128 K _   0.016 0.057 0.001 0.019 0.012 0.029 0.120 0.745 
 129 K _   0.020 0.091 0.002 0.028 0.018 0.035 0.113 0.693 
 130 F _   0.024 0.130 0.002 0.038 0.024 0.040 0.106 0.636 
 131 W _   0.026 0.168 0.002 0.049 0.029 0.044 0.099 0.583 
 132 Q _   0.029 0.196 0.002 0.058 0.033 0.045 0.094 0.542 
 133 I _   0.031 0.215 0.002 0.065 0.035 0.045 0.091 0.516 
 134 L _   0.033 0.223 0.002 0.068 0.035 0.044 0.088 0.507 
 135 S _   0.034 0.224 0.002 0.067 0.033 0.042 0.087 0.511 
 136 A _   0.034 0.219 0.002 0.061 0.030 0.039 0.086 0.529 
 137 V _   0.033 0.204 0.002 0.052 0.026 0.035 0.087 0.560 
 138 E _   0.031 0.180 0.002 0.042 0.022 0.031 0.087 0.604 
 139 Y _   0.029 0.147 0.002 0.032 0.017 0.027 0.088 0.658 
 140 C _   0.026 0.112 0.001 0.023 0.013 0.024 0.090 0.711 
 141 H _   0.023 0.082 0.001 0.016 0.009 0.020 0.091 0.756 
 142 D _   0.020 0.062 0.001 0.012 0.007 0.018 0.092 0.790 
 143 H _   0.017 0.049 0.001 0.009 0.005 0.015 0.092 0.812 
 144 H _   0.014 0.042 0.000 0.008 0.004 0.013 0.092 0.826 
 145 I _   0.012 0.038 0.000 0.007 0.004 0.012 0.092 0.835 
 146 V _   0.011 0.036 0.000 0.007 0.003 0.011 0.091 0.839 
 147 H _   0.010 0.036 0.000 0.008 0.003 0.011 0.090 0.842 
 148 R _   0.009 0.036 0.000 0.009 0.004 0.011 0.089 0.843 
 149 D _   0.008 0.037 0.000 0.010 0.004 0.010 0.087 0.842 
 150 L _   0.008 0.039 0.001 0.011 0.004 0.010 0.086 0.841 
 151 K _   0.008 0.041 0.001 0.012 0.004 0.010 0.084 0.840 
 152 T _   0.007 0.043 0.001 0.013 0.005 0.010 0.083 0.838 
 153 E _   0.007 0.045 0.001 0.014 0.005 0.010 0.081 0.837 
 154 N _   0.007 0.047 0.001 0.014 0.005 0.010 0.080 0.836 
 155 L _   0.007 0.049 0.001 0.014 0.005 0.010 0.079 0.836 
 156 L _   0.007 0.051 0.001 0.014 0.004 0.010 0.078 0.837 
 157 L _   0.007 0.052 0.001 0.013 0.004 0.010 0.076 0.837 
 158 D _   0.007 0.053 0.000 0.013 0.004 0.010 0.075 0.838 
 159 G _   0.006 0.054 0.001 0.013 0.004 0.010 0.074 0.839 
 160 N _   0.007 0.055 0.000 0.013 0.004 0.010 0.073 0.838 
 161 M _   0.007 0.057 0.001 0.013 0.004 0.011 0.072 0.835 
 162 D _   0.007 0.059 0.001 0.015 0.005 0.011 0.071 0.831 
 163 I _   0.008 0.062 0.001 0.017 0.005 0.012 0.069 0.825 
 164 K _   0.008 0.066 0.001 0.020 0.006 0.013 0.068 0.818 
 165 L _   0.009 0.069 0.001 0.023 0.007 0.013 0.068 0.811 
 166 A _   0.009 0.070 0.001 0.026 0.007 0.013 0.067 0.806 
 167 D _   0.009 0.071 0.001 0.028 0.008 0.013 0.067 0.804 
 168 F _   0.009 0.069 0.001 0.028 0.007 0.013 0.067 0.806 
 169 G _   0.009 0.066 0.001 0.027 0.007 0.012 0.067 0.813 
 170 F _   0.008 0.060 0.001 0.023 0.006 0.011 0.067 0.824 
 171 G _   0.008 0.052 0.001 0.019 0.005 0.010 0.068 0.837 
 172 N _   0.007 0.043 0.001 0.016 0.004 0.009 0.068 0.852 
 173 F _   0.007 0.034 0.000 0.012 0.004 0.009 0.069 0.865 
 174 Y _   0.006 0.027 0.000 0.009 0.003 0.008 0.069 0.876 
 175 K _   0.006 0.022 0.000 0.008 0.003 0.008 0.069 0.883 
 176 S _   0.006 0.019 0.000 0.008 0.003 0.008 0.069 0.887 
 177 G _   0.006 0.018 0.000 0.008 0.003 0.008 0.069 0.888 
 178 E _   0.006 0.017 0.000 0.009 0.003 0.008 0.069 0.887 
 179 P _   0.006 0.017 0.000 0.011 0.003 0.008 0.068 0.885 
 180 L _   0.007 0.017 0.000 0.013 0.004 0.009 0.067 0.883 
 181 S _   0.007 0.017 0.000 0.015 0.004 0.009 0.067 0.882 
 182 T _   0.006 0.016 0.001 0.015 0.004 0.009 0.066 0.883 
 183 W _   0.006 0.015 0.000 0.015 0.004 0.008 0.065 0.886 
 184 C _   0.006 0.014 0.000 0.014 0.004 0.008 0.064 0.890 
 185 G _   0.005 0.012 0.000 0.012 0.003 0.007 0.064 0.895 
 186 S _   0.005 0.011 0.000 0.011 0.003 0.007 0.063 0.901 
 187 P _   0.005 0.009 0.000 0.009 0.003 0.007 0.062 0.905 
 188 P _   0.005 0.008 0.000 0.009 0.003 0.007 0.061 0.908 
 189 Y _   0.005 0.008 0.000 0.009 0.003 0.007 0.060 0.909 
 190 A _   0.005 0.007 0.000 0.010 0.003 0.007 0.058 0.910 
 191 A _   0.005 0.007 0.000 0.011 0.003 0.007 0.057 0.910 
 192 P _   0.005 0.007 0.000 0.012 0.003 0.008 0.055 0.909 
 193 E _   0.005 0.007 0.000 0.013 0.004 0.008 0.053 0.909 
 194 V _   0.006 0.007 0.000 0.014 0.004 0.008 0.051 0.909 
 195 F _   0.006 0.006 0.000 0.014 0.004 0.008 0.050 0.912 
 196 E _   0.006 0.006 0.000 0.013 0.004 0.008 0.048 0.916 
 197 G _   0.006 0.004 0.000 0.011 0.003 0.008 0.046 0.921 
 198 K _   0.007 0.003 0.000 0.009 0.003 0.007 0.044 0.926 
 199 E _   0.010 0.002 0.000 0.007 0.003 0.007 0.042 0.929 
 200 Y _   0.015 0.001 0.000 0.005 0.002 0.007 0.040 0.929 
 201 E _   0.026 0.001 0.000 0.004 0.003 0.008 0.037 0.922 
 202 G _   0.047 0.000 0.000 0.003 0.003 0.009 0.034 0.904 
 203 P _   0.086 0.000 0.001 0.002 0.004 0.010 0.030 0.867 
 204 Q _   0.150 0.000 0.001 0.002 0.005 0.012 0.026 0.805 
 205 L _   0.243 0.000 0.001 0.002 0.007 0.014 0.021 0.713 
 206 D _   0.362 0.000 0.001 0.002 0.010 0.016 0.015 0.595 
 207 I H   0.494 0.000 0.001 0.001 0.012 0.017 0.011 0.463 
 208 W H   0.616 0.000 0.001 0.001 0.015 0.017 0.007 0.342 
 209 S H   0.716 0.000 0.001 0.001 0.017 0.016 0.005 0.242 
 210 L H   0.792 0.000 0.001 0.001 0.019 0.015 0.004 0.168 
 211 G H   0.842 0.000 0.001 0.001 0.020 0.013 0.003 0.120 
 212 V H   0.875 0.000 0.001 0.001 0.020 0.012 0.002 0.090 
 213 V H   0.891 0.000 0.001 0.001 0.020 0.010 0.002 0.075 
 214 L H   0.894 0.000 0.001 0.001 0.020 0.010 0.002 0.072 
 215 Y H   0.887 0.000 0.001 0.001 0.020 0.009 0.002 0.080 
 216 V H   0.867 0.000 0.001 0.001 0.020 0.009 0.003 0.098 
 217 L H   0.827 0.000 0.002 0.001 0.021 0.009 0.004 0.136 
 218 V H   0.763 0.000 0.002 0.002 0.020 0.010 0.005 0.198 
 219 C H   0.670 0.000 0.002 0.002 0.018 0.011 0.008 0.289 
 220 G H   0.557 0.000 0.002 0.003 0.015 0.011 0.011 0.402 
 221 S _   0.434 0.000 0.001 0.003 0.011 0.010 0.015 0.524 
 222 L _   0.313 0.000 0.001 0.003 0.008 0.010 0.020 0.645 
 223 P _   0.208 0.000 0.001 0.003 0.005 0.009 0.024 0.751 
 224 F _   0.129 0.000 0.001 0.002 0.004 0.008 0.026 0.831 
 225 D _   0.076 0.000 0.000 0.002 0.003 0.007 0.029 0.883 
 226 G _   0.046 0.000 0.000 0.002 0.002 0.007 0.030 0.914 
 227 P _   0.029 0.000 0.000 0.002 0.002 0.007 0.031 0.928 
 228 N _   0.022 0.001 0.000 0.002 0.002 0.008 0.032 0.933 
 229 L _   0.018 0.002 0.000 0.003 0.003 0.011 0.032 0.931 
 230 P _   0.017 0.005 0.000 0.006 0.004 0.014 0.032 0.921 
 231 T _   0.018 0.013 0.001 0.010 0.006 0.018 0.032 0.904 
 232 L _   0.018 0.025 0.001 0.015 0.008 0.021 0.032 0.880 
 233 R _   0.019 0.039 0.001 0.021 0.011 0.025 0.031 0.853 
 234 Q _   0.019 0.052 0.001 0.026 0.013 0.027 0.031 0.830 
 235 R _   0.020 0.063 0.001 0.029 0.015 0.030 0.031 0.812 
 236 V _   0.020 0.071 0.001 0.031 0.017 0.031 0.030 0.798 
 237 L _   0.021 0.076 0.001 0.032 0.018 0.032 0.030 0.789 
 238 E _   0.022 0.079 0.001 0.032 0.019 0.033 0.030 0.783 
 239 G _   0.023 0.080 0.001 0.032 0.019 0.033 0.031 0.780 
 240 R _   0.024 0.080 0.001 0.031 0.020 0.033 0.031 0.779 
 241 F _   0.025 0.078 0.001 0.031 0.019 0.033 0.032 0.781 
 242 R _   0.026 0.075 0.001 0.030 0.018 0.031 0.033 0.786 
 243 I _   0.025 0.069 0.001 0.029 0.016 0.030 0.035 0.794 
 244 P _   0.025 0.061 0.001 0.027 0.015 0.028 0.036 0.807 
 245 F _   0.024 0.051 0.001 0.023 0.013 0.026 0.038 0.825 
 246 F _   0.023 0.039 0.001 0.018 0.010 0.024 0.039 0.846 
 247 M _   0.021 0.027 0.001 0.013 0.008 0.022 0.041 0.867 
 248 S _   0.021 0.017 0.001 0.009 0.007 0.021 0.042 0.884 
 249 Q _   0.020 0.009 0.001 0.007 0.005 0.020 0.043 0.896 
 250 D _   0.021 0.005 0.001 0.005 0.005 0.020 0.043 0.901 
 251 C _   0.023 0.003 0.000 0.004 0.005 0.021 0.044 0.900 
 252 E _   0.026 0.003 0.001 0.005 0.006 0.023 0.044 0.893 
 253 S _   0.031 0.003 0.001 0.006 0.007 0.026 0.044 0.882 
 254 L _   0.037 0.003 0.001 0.008 0.010 0.029 0.045 0.866 
 255 I _   0.043 0.005 0.001 0.012 0.013 0.033 0.045 0.849 
 256 R _   0.049 0.006 0.001 0.015 0.016 0.035 0.045 0.834 
 257 R _   0.053 0.007 0.001 0.017 0.017 0.037 0.046 0.821 
 258 M _   0.057 0.007 0.001 0.018 0.018 0.038 0.046 0.814 
 259 L _   0.060 0.007 0.001 0.017 0.018 0.038 0.047 0.811 
 260 V _   0.062 0.006 0.001 0.015 0.017 0.038 0.048 0.812 
 261 V _   0.064 0.006 0.001 0.012 0.016 0.038 0.049 0.814 
 262 D _   0.066 0.005 0.001 0.010 0.015 0.037 0.050 0.816 
 263 P _   0.068 0.005 0.001 0.009 0.014 0.037 0.051 0.816 
 264 A _   0.069 0.005 0.001 0.008 0.014 0.037 0.053 0.814 
 265 R _   0.070 0.005 0.001 0.008 0.014 0.037 0.054 0.811 
 266 R _   0.069 0.006 0.001 0.009 0.014 0.037 0.056 0.808 
 267 I _   0.067 0.007 0.001 0.011 0.015 0.036 0.057 0.806 
 268 T _   0.063 0.008 0.001 0.013 0.015 0.035 0.059 0.806 
 269 I _   0.059 0.010 0.001 0.014 0.015 0.034 0.061 0.806 
 270 A _   0.054 0.012 0.001 0.016 0.014 0.032 0.063 0.808 
 271 Q _   0.049 0.013 0.001 0.016 0.014 0.030 0.065 0.812 
 272 I _   0.044 0.014 0.001 0.017 0.013 0.028 0.067 0.816 
 273 R _   0.039 0.015 0.001 0.017 0.012 0.026 0.069 0.822 
 274 Q _   0.033 0.015 0.001 0.016 0.011 0.023 0.071 0.828 
 275 H _   0.029 0.016 0.001 0.016 0.009 0.021 0.074 0.834 
 276 R _   0.024 0.015 0.001 0.016 0.008 0.019 0.076 0.840 
 277 W _   0.021 0.015 0.001 0.015 0.007 0.017 0.079 0.846 
 278 M _   0.018 0.015 0.001 0.014 0.006 0.014 0.081 0.852 
 279 R _   0.015 0.014 0.001 0.012 0.005 0.013 0.083 0.857 
 280 A _   0.013 0.013 0.001 0.010 0.004 0.011 0.086 0.863 
 281 E _   0.011 0.013 0.000 0.009 0.004 0.010 0.087 0.867 
 282 P _   0.009 0.012 0.000 0.007 0.003 0.009 0.089 0.870 
 283 C _   0.008 0.012 0.000 0.006 0.003 0.008 0.090 0.871 
 284 L _   0.008 0.013 0.000 0.006 0.003 0.008 0.091 0.870 
 285 P _   0.008 0.015 0.000 0.007 0.003 0.009 0.092 0.867 
 286 G _   0.008 0.018 0.000 0.008 0.003 0.009 0.093 0.861 
 287 P _   0.008 0.022 0.000 0.011 0.004 0.010 0.093 0.851 
 288 A _   0.008 0.028 0.001 0.015 0.005 0.011 0.093 0.838 
 289 C _   0.008 0.035 0.001 0.020 0.006 0.012 0.094 0.824 
 290 P _   0.008 0.042 0.001 0.026 0.007 0.013 0.094 0.810 
 291 A _   0.008 0.047 0.001 0.031 0.008 0.013 0.095 0.798 
 292 F _   0.008 0.050 0.001 0.033 0.008 0.013 0.096 0.792 
 293 S _   0.008 0.050 0.001 0.034 0.007 0.012 0.097 0.790 
 294 A _   0.007 0.049 0.001 0.032 0.007 0.012 0.100 0.793 
 295 H _   0.007 0.045 0.001 0.028 0.006 0.010 0.102 0.801 
 296 S _   0.006 0.040 0.001 0.022 0.005 0.009 0.105 0.812 
 297 Y _   0.006 0.032 0.001 0.017 0.004 0.008 0.108 0.825 
 298 T _   0.005 0.025 0.000 0.011 0.003 0.007 0.111 0.838 
 299 S _   0.005 0.019 0.000 0.007 0.002 0.006 0.113 0.847 
 300 N _   0.004 0.015 0.000 0.005 0.001 0.006 0.115 0.854 
 301 L _   0.004 0.013 0.000 0.003 0.001 0.006 0.116 0.856 
 302 G _   0.004 0.013 0.000 0.003 0.001 0.007 0.116 0.855 
 303 D _   0.005 0.015 0.000 0.004 0.002 0.009 0.116 0.850 
 304 Y _   0.008 0.020 0.000 0.005 0.003 0.013 0.115 0.836 
 305 D _   0.011 0.033 0.001 0.009 0.006 0.019 0.113 0.807 
 306 E _   0.016 0.064 0.001 0.017 0.011 0.026 0.110 0.755 
 307 Q _   0.020 0.121 0.002 0.027 0.017 0.033 0.106 0.674 
 308 A _   0.022 0.196 0.002 0.040 0.024 0.038 0.101 0.577 
 309 L _   0.024 0.263 0.002 0.051 0.028 0.040 0.098 0.494 
 310 G _   0.024 0.309 0.002 0.059 0.029 0.041 0.096 0.440 
 311 I _   0.025 0.334 0.002 0.063 0.030 0.041 0.095 0.411 
 312 M _   0.025 0.346 0.002 0.063 0.029 0.040 0.095 0.399 
 313 Q _   0.026 0.348 0.002 0.061 0.028 0.039 0.096 0.400 
 314 T _   0.026 0.343 0.002 0.055 0.027 0.037 0.098 0.412 
 315 L _   0.025 0.329 0.002 0.049 0.025 0.035 0.101 0.434 
 316 G _   0.025 0.306 0.002 0.043 0.023 0.033 0.105 0.464 
 317 V _   0.024 0.275 0.002 0.037 0.020 0.031 0.110 0.501 
 318 D _   0.024 0.240 0.002 0.032 0.018 0.029 0.116 0.540 
 319 R _   0.023 0.204 0.002 0.029 0.016 0.027 0.122 0.579 
 320 Q _   0.022 0.168 0.001 0.026 0.013 0.024 0.129 0.616 
 321 R _   0.020 0.133 0.001 0.023 0.011 0.022 0.136 0.653 
 322 T _   0.018 0.100 0.001 0.020 0.009 0.020 0.143 0.689 
 323 V _   0.016 0.070 0.001 0.017 0.007 0.017 0.149 0.722 
 324 E _   0.015 0.044 0.001 0.013 0.006 0.015 0.154 0.752 
 325 S _   0.014 0.024 0.001 0.009 0.004 0.013 0.158 0.776 
 326 L _   0.015 0.011 0.000 0.006 0.003 0.012 0.161 0.792 
 327 Q _   0.017 0.004 0.000 0.003 0.002 0.012 0.163 0.798 
 328 N _   0.022 0.001 0.000 0.002 0.002 0.013 0.164 0.795 
 329 S _   0.032 0.000 0.000 0.002 0.002 0.016 0.165 0.783 
 330 S _   0.050 0.000 0.000 0.002 0.004 0.020 0.165 0.758 
 331 Y _   0.082 0.000 0.001 0.002 0.007 0.029 0.165 0.714 
 332 N _   0.124 0.001 0.001 0.003 0.015 0.039 0.165 0.652 
 333 H _   0.171 0.004 0.002 0.006 0.027 0.051 0.165 0.575 
 334 F _   0.213 0.014 0.002 0.011 0.042 0.062 0.165 0.491 
 335 A _   0.244 0.030 0.003 0.020 0.055 0.068 0.167 0.414 
 336 A _   0.261 0.048 0.003 0.029 0.063 0.071 0.170 0.356 
 337 I _   0.267 0.061 0.003 0.038 0.066 0.069 0.175 0.321 
 338 Y _   0.262 0.068 0.003 0.044 0.066 0.066 0.182 0.309 
 339 Y _   0.249 0.071 0.003 0.046 0.062 0.061 0.190 0.318 
 340 L _   0.227 0.069 0.003 0.045 0.054 0.054 0.202 0.346 
 341 L _   0.199 0.062 0.003 0.039 0.045 0.047 0.215 0.390 
 342 L _   0.167 0.050 0.003 0.031 0.033 0.039 0.231 0.446 
 343 E _   0.132 0.035 0.002 0.022 0.022 0.032 0.247 0.508 
 344 R _   0.100 0.020 0.001 0.015 0.013 0.024 0.262 0.565 
 345 L _   0.072 0.011 0.001 0.009 0.008 0.019 0.274 0.607 
 346 K _   0.050 0.005 0.001 0.006 0.005 0.014 0.284 0.635 
 347 E _   0.034 0.003 0.000 0.005 0.003 0.011 0.292 0.652 
 348 Y _   0.024 0.002 0.000 0.004 0.002 0.009 0.297 0.662 
 349 R _   0.017 0.001 0.000 0.004 0.002 0.007 0.302 0.667 
 350 N _   0.012 0.001 0.000 0.004 0.002 0.007 0.305 0.669 
 351 A _   0.010 0.001 0.000 0.005 0.002 0.006 0.307 0.669 
 352 Q _   0.008 0.001 0.000 0.005 0.002 0.006 0.309 0.668 
 353 C _   0.007 0.002 0.000 0.006 0.002 0.006 0.310 0.667 
 354 A _   0.006 0.002 0.000 0.007 0.002 0.006 0.311 0.666 
 355 R _   0.006 0.002 0.000 0.007 0.002 0.006 0.311 0.666 
 356 P _   0.005 0.003 0.000 0.008 0.002 0.006 0.310 0.666 
 357 G _   0.005 0.003 0.000 0.008 0.002 0.006 0.310 0.667 
 358 P _   0.005 0.003 0.000 0.008 0.002 0.005 0.309 0.668 
 359 A _   0.004 0.003 0.000 0.007 0.002 0.005 0.308 0.670 
 360 R _   0.004 0.003 0.000 0.007 0.002 0.005 0.306 0.673 
 361 Q _   0.004 0.003 0.000 0.006 0.002 0.005 0.304 0.676 
 362 P _   0.004 0.003 0.000 0.005 0.001 0.005 0.301 0.680 
 363 R _   0.004 0.004 0.000 0.005 0.001 0.005 0.298 0.683 
 364 P _   0.003 0.005 0.000 0.005 0.001 0.005 0.294 0.687 
 365 R _   0.003 0.006 0.000 0.006 0.002 0.005 0.289 0.689 
 366 S _   0.004 0.008 0.000 0.007 0.002 0.006 0.283 0.690 
 367 S _   0.004 0.011 0.000 0.009 0.002 0.007 0.276 0.690 
 368 D _   0.004 0.016 0.000 0.012 0.003 0.008 0.269 0.687 
 369 L _   0.004 0.022 0.001 0.017 0.004 0.009 0.260 0.682 
 370 S _   0.005 0.029 0.001 0.022 0.005 0.011 0.252 0.676 
 371 G _   0.005 0.036 0.001 0.027 0.006 0.011 0.244 0.670 
 372 L _   0.005 0.041 0.001 0.031 0.006 0.012 0.237 0.667 
 373 E _   0.005 0.044 0.001 0.034 0.007 0.012 0.231 0.667 
 374 V _   0.005 0.045 0.001 0.033 0.007 0.012 0.226 0.671 
 375 P _   0.005 0.044 0.001 0.030 0.006 0.011 0.222 0.679 
 376 Q _   0.005 0.042 0.001 0.026 0.005 0.010 0.219 0.691 
 377 E _   0.005 0.038 0.001 0.021 0.005 0.009 0.217 0.705 
 378 G _   0.005 0.033 0.000 0.015 0.004 0.009 0.215 0.719 
 379 L _   0.005 0.028 0.000 0.011 0.003 0.008 0.213 0.731 
 380 S _   0.005 0.024 0.000 0.009 0.003 0.008 0.211 0.741 
 381 T _   0.005 0.022 0.000 0.007 0.002 0.008 0.208 0.748 
 382 D _   0.005 0.020 0.000 0.006 0.002 0.008 0.206 0.752 
 383 P _   0.005 0.020 0.000 0.006 0.003 0.009 0.203 0.754 
 384 F _   0.006 0.021 0.000 0.007 0.003 0.010 0.200 0.753 
 385 R _   0.006 0.022 0.000 0.009 0.003 0.011 0.196 0.752 
 386 P _   0.007 0.024 0.000 0.010 0.004 0.012 0.192 0.749 
 387 A _   0.007 0.027 0.001 0.012 0.005 0.014 0.188 0.747 
 388 L _   0.008 0.030 0.001 0.013 0.005 0.015 0.184 0.744 
 389 L _   0.009 0.032 0.001 0.013 0.006 0.017 0.180 0.743 
 390 C _   0.010 0.035 0.001 0.013 0.006 0.019 0.175 0.742 
 391 P _   0.011 0.037 0.001 0.012 0.007 0.021 0.171 0.739 
 392 Q _   0.014 0.040 0.001 0.012 0.008 0.024 0.167 0.735 
 393 P _   0.017 0.043 0.001 0.012 0.010 0.027 0.163 0.726 
 394 Q _   0.021 0.049 0.001 0.014 0.012 0.031 0.159 0.714 
 395 T _   0.025 0.056 0.001 0.016 0.016 0.035 0.155 0.696 
 396 L _   0.029 0.066 0.001 0.021 0.020 0.038 0.151 0.674 
 397 V _   0.033 0.077 0.002 0.027 0.023 0.041 0.147 0.651 
 398 Q _   0.036 0.086 0.002 0.033 0.026 0.042 0.144 0.632 
 399 S _   0.037 0.093 0.002 0.038 0.027 0.042 0.142 0.619 
 400 V _   0.038 0.097 0.002 0.042 0.027 0.040 0.140 0.614 
 401 L _   0.038 0.097 0.002 0.042 0.025 0.038 0.139 0.620 
 402 Q _   0.036 0.092 0.002 0.039 0.022 0.035 0.139 0.636 
 403 A _   0.033 0.084 0.001 0.033 0.019 0.032 0.139 0.659 
 404 E _   0.030 0.070 0.001 0.026 0.015 0.028 0.140 0.689 
 405 M _   0.027 0.054 0.001 0.019 0.011 0.025 0.141 0.722 
 406 D _   0.024 0.038 0.001 0.013 0.008 0.022 0.141 0.753 
 407 C _   0.021 0.027 0.001 0.008 0.006 0.019 0.141 0.776 
 408 E _   0.019 0.020 0.001 0.006 0.005 0.018 0.141 0.790 
 409 L _   0.017 0.017 0.000 0.005 0.004 0.017 0.141 0.798 
 410 Q _   0.016 0.016 0.000 0.005 0.004 0.017 0.140 0.800 
 411 S _   0.016 0.017 0.001 0.006 0.005 0.017 0.140 0.798 
 412 S _   0.017 0.019 0.001 0.009 0.006 0.018 0.138 0.791 
 413 L _   0.018 0.023 0.001 0.013 0.008 0.020 0.137 0.781 
 414 Q _   0.018 0.028 0.001 0.017 0.010 0.020 0.136 0.769 
 415 W _   0.019 0.032 0.001 0.022 0.011 0.021 0.135 0.759 
 416 P _   0.018 0.036 0.001 0.025 0.012 0.021 0.134 0.754 
 417 L _   0.018 0.037 0.001 0.025 0.011 0.020 0.134 0.753 
 418 F _   0.017 0.037 0.001 0.024 0.010 0.018 0.135 0.759 
 419 F _   0.015 0.035 0.001 0.021 0.009 0.017 0.135 0.767 
 420 P _   0.014 0.033 0.001 0.017 0.008 0.015 0.136 0.777 
 421 V _   0.013 0.030 0.001 0.013 0.006 0.014 0.136 0.786 
 422 D _   0.012 0.028 0.001 0.011 0.005 0.013 0.137 0.793 
 423 A _   0.012 0.027 0.001 0.009 0.005 0.013 0.138 0.796 
 424 S _   0.011 0.026 0.001 0.009 0.005 0.013 0.139 0.796 
 425 C _   0.012 0.026 0.001 0.011 0.005 0.013 0.140 0.793 
 426 S _   0.012 0.027 0.001 0.013 0.006 0.013 0.140 0.789 
 427 G _   0.011 0.028 0.001 0.015 0.006 0.013 0.141 0.784 
 428 V _   0.011 0.029 0.001 0.016 0.006 0.013 0.142 0.781 
 429 F _   0.010 0.030 0.001 0.017 0.006 0.012 0.144 0.781 
 430 R _   0.010 0.029 0.001 0.016 0.006 0.012 0.145 0.783 
 431 P _   0.009 0.028 0.001 0.014 0.005 0.011 0.146 0.787 
 432 R _   0.008 0.026 0.001 0.011 0.004 0.010 0.147 0.792 
 433 P _   0.007 0.025 0.000 0.009 0.004 0.009 0.149 0.797 
 434 V _   0.007 0.024 0.000 0.008 0.003 0.009 0.150 0.799 
 435 S _   0.007 0.024 0.000 0.007 0.003 0.009 0.151 0.799 
 436 P _   0.007 0.025 0.000 0.007 0.003 0.009 0.151 0.796 
 437 S _   0.007 0.028 0.000 0.009 0.004 0.010 0.152 0.789 
 438 S _   0.008 0.033 0.001 0.012 0.005 0.011 0.152 0.779 
 439 L _   0.008 0.039 0.001 0.016 0.006 0.012 0.153 0.764 
 440 L _   0.009 0.046 0.001 0.022 0.007 0.013 0.153 0.750 
 441 D _   0.009 0.052 0.001 0.026 0.008 0.014 0.154 0.737 
 442 T _   0.009 0.056 0.001 0.030 0.008 0.014 0.155 0.728 
 443 A _   0.009 0.058 0.001 0.032 0.008 0.014 0.157 0.722 
 444 I _   0.009 0.058 0.001 0.032 0.008 0.013 0.159 0.721 
 445 S _   0.008 0.056 0.001 0.029 0.007 0.012 0.162 0.724 
 446 E _   0.008 0.052 0.001 0.026 0.006 0.011 0.166 0.730 
 447 E _   0.008 0.046 0.001 0.021 0.005 0.010 0.170 0.739 
 448 A _   0.008 0.039 0.001 0.017 0.004 0.009 0.174 0.749 
 449 R _   0.007 0.032 0.000 0.013 0.003 0.008 0.178 0.758 
 450 Q _   0.007 0.025 0.000 0.010 0.003 0.007 0.182 0.765 
 451 G _   0.007 0.020 0.000 0.008 0.002 0.007 0.185 0.770 
 452 P _   0.006 0.017 0.000 0.007 0.002 0.006 0.188 0.773 
 453 G _   0.006 0.014 0.000 0.007 0.002 0.006 0.189 0.776 
 454 L _   0.006 0.013 0.000 0.006 0.002 0.006 0.191 0.777 
 455 E _   0.006 0.012 0.000 0.006 0.002 0.006 0.191 0.778 
 456 E _   0.005 0.011 0.000 0.006 0.002 0.006 0.191 0.780 
 457 E _   0.005 0.011 0.000 0.006 0.002 0.006 0.190 0.781 
 458 Q _   0.005 0.011 0.000 0.006 0.002 0.006 0.189 0.782 
 459 D _   0.004 0.012 0.000 0.006 0.002 0.006 0.187 0.783 
 460 T _   0.004 0.013 0.000 0.007 0.002 0.006 0.184 0.784 
 461 Q _   0.004 0.015 0.000 0.007 0.002 0.007 0.181 0.784 
 462 E _   0.004 0.017 0.000 0.007 0.002 0.007 0.178 0.784 
 463 S _   0.004 0.020 0.000 0.008 0.002 0.008 0.173 0.784 
 464 L _   0.004 0.024 0.000 0.009 0.003 0.009 0.169 0.783 
 465 P _   0.005 0.030 0.000 0.010 0.003 0.010 0.163 0.780 
 466 S _   0.005 0.038 0.000 0.011 0.004 0.012 0.157 0.773 
 467 S _   0.006 0.049 0.001 0.013 0.005 0.014 0.150 0.762 
 468 T _   0.007 0.065 0.001 0.017 0.006 0.017 0.142 0.745 
 469 G _   0.008 0.086 0.001 0.021 0.009 0.020 0.134 0.720 
 470 R _   0.009 0.113 0.001 0.027 0.011 0.023 0.125 0.689 
 471 R _   0.010 0.140 0.001 0.034 0.014 0.026 0.117 0.656 
 472 H _   0.011 0.164 0.001 0.040 0.016 0.029 0.110 0.627 
 473 T _   0.012 0.183 0.001 0.045 0.018 0.030 0.104 0.607 
 474 L _   0.013 0.195 0.001 0.047 0.018 0.031 0.100 0.595 
 475 A _   0.014 0.201 0.001 0.047 0.018 0.031 0.096 0.591 
 476 E _   0.014 0.202 0.001 0.044 0.018 0.032 0.092 0.596 
 477 V _   0.015 0.199 0.001 0.038 0.017 0.031 0.090 0.608 
 478 S _   0.017 0.192 0.001 0.031 0.015 0.031 0.088 0.625 
 479 T _   0.018 0.182 0.001 0.025 0.014 0.031 0.086 0.643 
 480 R _   0.020 0.171 0.001 0.019 0.013 0.032 0.084 0.660 
 481 L _   0.022 0.162 0.001 0.015 0.012 0.033 0.083 0.673 
 482 S _   0.024 0.156 0.001 0.013 0.012 0.034 0.082 0.679 
 483 P _   0.026 0.154 0.001 0.012 0.013 0.035 0.080 0.678 
 484 L _   0.028 0.156 0.001 0.014 0.014 0.036 0.079 0.672 
 485 T _   0.031 0.160 0.001 0.017 0.017 0.037 0.077 0.660 
 486 A _   0.032 0.167 0.001 0.022 0.019 0.037 0.076 0.645 
 487 P _   0.032 0.175 0.002 0.028 0.020 0.036 0.075 0.631 
 488 C _   0.032 0.181 0.002 0.034 0.021 0.035 0.074 0.621 
 489 I _   0.031 0.185 0.001 0.038 0.020 0.033 0.074 0.619 
 490 V _   0.028 0.184 0.001 0.040 0.019 0.030 0.074 0.623 
 491 V _   0.026 0.180 0.001 0.039 0.018 0.027 0.074 0.635 
 492 S _   0.023 0.170 0.001 0.037 0.015 0.024 0.074 0.655 
 493 P _   0.021 0.156 0.001 0.032 0.013 0.021 0.075 0.680 
 494 S _   0.018 0.136 0.001 0.027 0.010 0.018 0.077 0.712 
 495 T _   0.015 0.114 0.001 0.021 0.008 0.016 0.078 0.747 
 496 T _   0.013 0.093 0.001 0.016 0.006 0.013 0.079 0.778 
 497 A _   0.011 0.075 0.001 0.012 0.004 0.011 0.080 0.805 
 498 S _   0.009 0.063 0.000 0.009 0.003 0.010 0.081 0.825 
 499 P _   0.008 0.055 0.000 0.007 0.002 0.008 0.080 0.839 
 500 A _   0.006 0.051 0.000 0.005 0.002 0.007 0.080 0.847 
 501 E _   0.006 0.050 0.000 0.005 0.002 0.007 0.079 0.851 
 502 G _   0.005 0.051 0.000 0.005 0.002 0.008 0.077 0.851 
 503 T _   0.006 0.055 0.000 0.007 0.003 0.008 0.075 0.846 
 504 S _   0.006 0.064 0.000 0.010 0.004 0.010 0.072 0.835 
 505 S _   0.006 0.078 0.001 0.015 0.005 0.011 0.069 0.816 
 506 D _   0.007 0.096 0.001 0.021 0.006 0.013 0.065 0.791 
 507 S _   0.007 0.116 0.001 0.028 0.008 0.014 0.061 0.766 
 508 C _   0.007 0.133 0.001 0.034 0.008 0.014 0.058 0.744 
 509 L _   0.007 0.145 0.001 0.038 0.009 0.014 0.055 0.731 
 510 T _   0.006 0.152 0.001 0.039 0.009 0.014 0.053 0.727 
 511 F _   0.006 0.154 0.001 0.037 0.008 0.013 0.052 0.729 
 512 S _   0.006 0.153 0.001 0.033 0.007 0.012 0.050 0.738 
 513 A _   0.006 0.148 0.001 0.028 0.006 0.011 0.050 0.750 
 514 S _   0.005 0.141 0.001 0.023 0.005 0.010 0.049 0.766 
 515 K _   0.005 0.133 0.001 0.018 0.004 0.009 0.049 0.782 
 516 S _   0.005 0.124 0.000 0.013 0.004 0.009 0.048 0.796 
 517 P _   0.005 0.118 0.000 0.011 0.003 0.009 0.048 0.806 
 518 A _   0.005 0.114 0.000 0.009 0.003 0.009 0.048 0.813 
 519 G _   0.005 0.112 0.000 0.008 0.003 0.009 0.047 0.815 
 520 L _   0.006 0.112 0.000 0.008 0.003 0.010 0.046 0.814 
 521 S _   0.006 0.115 0.000 0.009 0.003 0.011 0.045 0.810 
 522 G _   0.007 0.120 0.000 0.010 0.004 0.013 0.044 0.802 
 523 T _   0.008 0.127 0.001 0.012 0.005 0.015 0.042 0.790 
 524 P _   0.009 0.138 0.001 0.014 0.006 0.017 0.040 0.775 
 525 A _   0.010 0.151 0.001 0.017 0.008 0.019 0.038 0.756 
 526 T _   0.011 0.165 0.001 0.020 0.010 0.022 0.037 0.735 
 527 Q _   0.013 0.180 0.001 0.023 0.011 0.024 0.035 0.714 
 528 G _   0.014 0.193 0.001 0.026 0.013 0.025 0.033 0.694 
 529 L _   0.015 0.204 0.001 0.029 0.015 0.027 0.032 0.678 
 530 L _   0.016 0.212 0.001 0.031 0.016 0.028 0.031 0.666 
 531 G _   0.017 0.217 0.001 0.032 0.017 0.028 0.030 0.658 
 532 A _   0.018 0.218 0.001 0.032 0.017 0.029 0.029 0.655 
 533 C _   0.019 0.217 0.001 0.032 0.017 0.029 0.029 0.656 
 534 S _   0.020 0.213 0.001 0.031 0.017 0.028 0.029 0.661 
 535 P _   0.021 0.206 0.001 0.030 0.017 0.028 0.029 0.669 
 536 V _   0.022 0.196 0.001 0.028 0.016 0.027 0.029 0.681 
 537 R _   0.023 0.183 0.001 0.027 0.015 0.026 0.029 0.696 
 538 L _   0.023 0.167 0.001 0.025 0.014 0.025 0.030 0.715 
 539 A _   0.023 0.147 0.001 0.023 0.013 0.024 0.031 0.739 
 540 S _   0.022 0.125 0.001 0.020 0.011 0.022 0.031 0.766 
 541 P _   0.021 0.103 0.001 0.017 0.010 0.021 0.032 0.794 
 542 F _   0.020 0.083 0.001 0.014 0.008 0.019 0.033 0.821 
 543 L _   0.019 0.065 0.001 0.011 0.007 0.018 0.034 0.845 
 544 G _   0.018 0.051 0.001 0.009 0.006 0.017 0.034 0.863 
 545 S _   0.017 0.042 0.001 0.008 0.005 0.017 0.035 0.876 
 546 Q _   0.016 0.037 0.001 0.007 0.005 0.017 0.035 0.883 
 547 S _   0.016 0.033 0.001 0.007 0.005 0.017 0.035 0.887 
 548 A _   0.016 0.032 0.001 0.007 0.005 0.018 0.035 0.887 
 549 T _   0.016 0.032 0.001 0.007 0.005 0.019 0.035 0.885 
 550 P _   0.017 0.033 0.001 0.008 0.006 0.020 0.034 0.880 
 551 V _   0.019 0.036 0.001 0.009 0.007 0.022 0.034 0.872 
 552 L _   0.021 0.039 0.001 0.010 0.008 0.024 0.034 0.863 
 553 Q _   0.023 0.044 0.001 0.011 0.009 0.027 0.033 0.853 
 554 A _   0.026 0.049 0.001 0.012 0.010 0.029 0.032 0.840 
 555 Q _   0.029 0.056 0.001 0.013 0.012 0.032 0.032 0.826 
 556 G _   0.032 0.063 0.001 0.013 0.014 0.036 0.031 0.809 
 557 G _   0.036 0.074 0.001 0.015 0.017 0.039 0.030 0.788 
 558 L _   0.040 0.088 0.001 0.017 0.020 0.042 0.030 0.762 
 559 G _   0.043 0.106 0.002 0.021 0.023 0.044 0.029 0.732 
 560 G _   0.046 0.127 0.002 0.025 0.027 0.046 0.029 0.698 
 561 A _   0.048 0.148 0.002 0.030 0.029 0.047 0.028 0.668 
 562 V _   0.049 0.167 0.002 0.036 0.030 0.046 0.028 0.643 
 563 L _   0.048 0.181 0.002 0.041 0.030 0.045 0.028 0.626 
 564 L _   0.046 0.189 0.002 0.045 0.029 0.042 0.028 0.619 
 565 P _   0.043 0.192 0.002 0.046 0.027 0.039 0.029 0.622 
 566 V _   0.039 0.190 0.002 0.046 0.024 0.035 0.030 0.634 
 567 S _   0.035 0.182 0.002 0.043 0.021 0.031 0.031 0.655 
 568 F _   0.030 0.168 0.001 0.037 0.017 0.027 0.033 0.686 
 569 Q _   0.026 0.148 0.001 0.030 0.013 0.023 0.034 0.723 
 570 E _   0.022 0.123 0.001 0.023 0.010 0.020 0.036 0.765 
 571 G _   0.018 0.098 0.001 0.016 0.007 0.016 0.038 0.805 
 572 R _   0.015 0.078 0.001 0.011 0.005 0.014 0.039 0.838 
 573 R _   0.012 0.064 0.000 0.007 0.004 0.012 0.040 0.861 
 574 A _   0.010 0.057 0.000 0.005 0.003 0.011 0.040 0.874 
 575 S _   0.009 0.054 0.000 0.004 0.002 0.010 0.040 0.879 
 576 D _   0.008 0.055 0.000 0.005 0.003 0.011 0.040 0.878 
 577 T _   0.009 0.059 0.000 0.006 0.003 0.012 0.040 0.872 
 578 S _   0.009 0.067 0.001 0.009 0.004 0.013 0.039 0.858 
 579 L _   0.010 0.082 0.001 0.013 0.006 0.015 0.038 0.835 
 580 T _   0.011 0.102 0.001 0.018 0.008 0.016 0.037 0.807 
 581 Q _   0.011 0.123 0.001 0.023 0.009 0.018 0.035 0.779 
 582 G _   0.012 0.141 0.001 0.028 0.010 0.018 0.034 0.755 
 583 L _   0.012 0.155 0.001 0.031 0.011 0.019 0.033 0.739 
 584 K _   0.012 0.163 0.001 0.032 0.011 0.019 0.033 0.730 
 585 A _   0.012 0.167 0.001 0.031 0.011 0.018 0.032 0.727 
 586 F _   0.012 0.168 0.001 0.029 0.010 0.018 0.032 0.730 
 587 R _   0.012 0.166 0.001 0.025 0.009 0.017 0.032 0.738 
 588 Q _   0.012 0.161 0.001 0.021 0.008 0.016 0.033 0.748 
 589 Q _   0.012 0.155 0.001 0.017 0.007 0.015 0.033 0.760 
 590 L _   0.011 0.148 0.001 0.014 0.006 0.014 0.034 0.772 
 591 R _   0.011 0.142 0.001 0.011 0.005 0.013 0.034 0.782 
 592 K _   0.011 0.138 0.001 0.010 0.005 0.013 0.034 0.789 
 593 T _   0.011 0.136 0.001 0.009 0.005 0.013 0.035 0.792 
 594 T _   0.011 0.136 0.001 0.009 0.005 0.013 0.035 0.792 
 595 R _   0.011 0.138 0.001 0.009 0.005 0.013 0.035 0.788 
 596 T _   0.011 0.142 0.001 0.010 0.005 0.014 0.035 0.783 
 597 K _   0.011 0.148 0.001 0.011 0.006 0.014 0.035 0.775 
 598 G _   0.011 0.155 0.001 0.012 0.006 0.014 0.035 0.766 
 599 F _   0.012 0.163 0.001 0.013 0.007 0.015 0.035 0.756 
 600 L _   0.011 0.171 0.001 0.014 0.007 0.015 0.035 0.746 
 601 G _   0.011 0.179 0.001 0.015 0.007 0.015 0.035 0.737 
 602 L _   0.011 0.187 0.001 0.015 0.007 0.016 0.035 0.728 
 603 N _   0.012 0.195 0.001 0.015 0.008 0.016 0.035 0.719 
 604 K _   0.012 0.204 0.001 0.016 0.008 0.017 0.035 0.708 
 605 I _   0.012 0.214 0.001 0.017 0.009 0.017 0.035 0.695 
 606 K _   0.013 0.224 0.001 0.019 0.009 0.018 0.035 0.681 
 607 G _   0.013 0.234 0.001 0.021 0.010 0.018 0.035 0.668 
 608 L _   0.014 0.243 0.001 0.023 0.010 0.018 0.036 0.656 
 609 A _   0.013 0.249 0.001 0.025 0.011 0.018 0.036 0.647 
 610 R _   0.013 0.252 0.001 0.026 0.010 0.017 0.037 0.643 
 611 Q _   0.012 0.253 0.001 0.027 0.010 0.016 0.038 0.643 
 612 V _   0.012 0.250 0.001 0.025 0.009 0.015 0.040 0.648 
 613 C _   0.011 0.244 0.001 0.023 0.008 0.014 0.041 0.657 
 614 Q _   0.010 0.235 0.001 0.020 0.007 0.013 0.043 0.670 
 615 A _   0.010 0.225 0.001 0.018 0.006 0.012 0.045 0.683 
 616 P _   0.009 0.213 0.001 0.015 0.006 0.011 0.047 0.697 
 617 A _   0.009 0.202 0.001 0.013 0.005 0.011 0.050 0.710 
 618 S _   0.009 0.193 0.001 0.012 0.004 0.010 0.052 0.719 
 619 R _   0.008 0.186 0.001 0.011 0.004 0.010 0.054 0.726 
 620 A _   0.008 0.181 0.000 0.012 0.004 0.010 0.056 0.730 
 621 S _   0.008 0.177 0.000 0.012 0.004 0.010 0.058 0.731 
 622 R _   0.008 0.174 0.001 0.013 0.004 0.010 0.060 0.731 
 623 G _   0.008 0.171 0.001 0.014 0.004 0.009 0.062 0.731 
 624 G _   0.008 0.168 0.001 0.015 0.004 0.009 0.064 0.732 
 625 L _   0.007 0.164 0.001 0.015 0.004 0.009 0.066 0.734 
 626 S _   0.007 0.159 0.000 0.015 0.004 0.009 0.068 0.738 
 627 P _   0.007 0.154 0.000 0.014 0.004 0.008 0.070 0.744 
 628 F _   0.006 0.148 0.000 0.012 0.003 0.007 0.072 0.751 
 629 H _   0.006 0.142 0.000 0.010 0.003 0.007 0.074 0.758 
 630 A _   0.005 0.137 0.000 0.009 0.002 0.006 0.076 0.765 
 631 P _   0.005 0.134 0.000 0.008 0.002 0.006 0.077 0.769 
 632 A _   0.004 0.132 0.000 0.007 0.002 0.006 0.078 0.771 
 633 Q _   0.004 0.133 0.000 0.007 0.002 0.006 0.078 0.770 
 634 S _   0.004 0.137 0.000 0.007 0.002 0.006 0.078 0.766 
 635 P _   0.004 0.143 0.000 0.008 0.002 0.007 0.078 0.758 
 636 G _   0.004 0.154 0.000 0.010 0.003 0.007 0.077 0.744 
 637 L _   0.004 0.170 0.000 0.012 0.003 0.008 0.076 0.727 
 638 H _   0.004 0.190 0.001 0.014 0.004 0.009 0.074 0.705 
 639 G _   0.004 0.212 0.001 0.016 0.004 0.010 0.073 0.680 
 640 G _   0.004 0.237 0.001 0.017 0.005 0.011 0.071 0.654 
 641 A _   0.004 0.263 0.001 0.018 0.005 0.011 0.070 0.628 
 642 A _   0.005 0.288 0.001 0.019 0.006 0.012 0.068 0.602 
 643 G _   0.005 0.313 0.001 0.019 0.006 0.013 0.067 0.576 
 644 S _   0.006 0.337 0.001 0.019 0.007 0.014 0.066 0.550 
 645 R _   0.006 0.362 0.001 0.020 0.008 0.016 0.065 0.521 
 646 E _   0.007 0.387 0.001 0.022 0.009 0.017 0.064 0.491 
 647 G _   0.008 0.412 0.001 0.025 0.011 0.018 0.064 0.462 
 648 W _   0.009 0.433 0.001 0.027 0.012 0.019 0.064 0.434 
 649 S E   0.010 0.450 0.001 0.030 0.013 0.020 0.065 0.411 
 650 L E   0.011 0.461 0.001 0.033 0.013 0.020 0.066 0.395 
 651 L E   0.011 0.466 0.001 0.035 0.014 0.020 0.068 0.385 
 652 E E   0.012 0.466 0.001 0.036 0.014 0.020 0.070 0.382 
 653 E E   0.013 0.460 0.001 0.036 0.014 0.019 0.073 0.385 
 654 V E   0.013 0.447 0.001 0.035 0.013 0.019 0.077 0.395 
 655 L E   0.014 0.425 0.001 0.034 0.013 0.018 0.082 0.414 
 656 E _   0.014 0.392 0.001 0.032 0.012 0.018 0.089 0.442 
 657 Q _   0.015 0.350 0.001 0.030 0.012 0.017 0.097 0.478 
 658 Q _   0.016 0.299 0.001 0.027 0.011 0.017 0.107 0.521 
 659 R _   0.016 0.246 0.001 0.025 0.010 0.016 0.118 0.568 
 660 L _   0.015 0.194 0.001 0.021 0.009 0.016 0.129 0.614 
 661 L _   0.015 0.149 0.001 0.018 0.007 0.015 0.140 0.655 
 662 Q _   0.014 0.114 0.001 0.016 0.006 0.013 0.150 0.688 
 663 L _   0.012 0.087 0.001 0.013 0.005 0.012 0.158 0.712 
