#TopoPred_TM8: 8-state transmembrane topology prediction results by no_profile mode 
#probabilities are in the order of H E C I L F X _, the 8 transmembrane topology types used in PDBTM 
   1 T X   0.016 0.001 0.002 0.058 0.010 0.011 0.639 0.262 
   2 M X   0.005 0.000 0.000 0.029 0.002 0.005 0.655 0.303 
   3 P X   0.001 0.000 0.000 0.011 0.000 0.002 0.656 0.328 
   4 P X   0.001 0.000 0.000 0.006 0.000 0.002 0.650 0.340 
   5 R X   0.001 0.000 0.000 0.005 0.001 0.004 0.640 0.349 
   6 P X   0.002 0.001 0.000 0.005 0.001 0.008 0.624 0.358 
   7 S X   0.004 0.001 0.000 0.008 0.002 0.013 0.605 0.366 
   8 S X   0.007 0.004 0.001 0.014 0.004 0.021 0.577 0.372 
   9 G X   0.011 0.009 0.001 0.024 0.008 0.031 0.541 0.376 
  10 E X   0.015 0.017 0.001 0.039 0.013 0.042 0.496 0.376 
  11 L X   0.018 0.027 0.002 0.057 0.021 0.052 0.446 0.377 
  12 W X   0.022 0.035 0.002 0.072 0.029 0.061 0.397 0.381 
  13 G _   0.028 0.039 0.003 0.080 0.036 0.068 0.355 0.390 
  14 I _   0.036 0.041 0.003 0.080 0.041 0.073 0.319 0.406 
  15 H _   0.045 0.041 0.003 0.074 0.045 0.077 0.288 0.427 
  16 L _   0.057 0.037 0.003 0.063 0.046 0.079 0.262 0.453 
  17 M _   0.071 0.031 0.003 0.049 0.046 0.080 0.238 0.482 
  18 P _   0.089 0.023 0.003 0.036 0.043 0.080 0.218 0.509 
  19 P _   0.107 0.015 0.002 0.025 0.039 0.078 0.200 0.534 
  20 R _   0.127 0.009 0.002 0.017 0.034 0.075 0.184 0.552 
  21 I _   0.148 0.005 0.002 0.012 0.029 0.072 0.169 0.563 
  22 L _   0.170 0.003 0.002 0.009 0.026 0.068 0.156 0.567 
  23 V _   0.193 0.001 0.002 0.007 0.023 0.065 0.144 0.566 
  24 E _   0.215 0.001 0.001 0.006 0.021 0.061 0.133 0.562 
  25 C _   0.238 0.000 0.001 0.005 0.020 0.058 0.122 0.555 
  26 L _   0.262 0.000 0.001 0.004 0.020 0.055 0.113 0.544 
  27 L _   0.285 0.000 0.001 0.004 0.020 0.053 0.104 0.533 
  28 P _   0.308 0.000 0.001 0.004 0.020 0.051 0.096 0.520 
  29 N _   0.331 0.000 0.001 0.003 0.020 0.049 0.089 0.506 
  30 G _   0.354 0.000 0.001 0.003 0.020 0.047 0.083 0.491 
  31 M _   0.376 0.000 0.001 0.003 0.021 0.046 0.078 0.475 
  32 I _   0.397 0.000 0.001 0.003 0.021 0.045 0.073 0.460 
  33 V _   0.414 0.000 0.001 0.003 0.021 0.044 0.069 0.447 
  34 T _   0.428 0.000 0.001 0.003 0.021 0.043 0.066 0.437 
  35 L H   0.436 0.000 0.001 0.003 0.022 0.042 0.064 0.432 
  36 E H   0.440 0.000 0.001 0.003 0.022 0.041 0.062 0.430 
  37 C H   0.442 0.000 0.001 0.003 0.023 0.041 0.060 0.429 
  38 L H   0.439 0.000 0.001 0.003 0.024 0.041 0.060 0.432 
  39 R _   0.433 0.000 0.001 0.003 0.025 0.041 0.059 0.437 
  40 E _   0.422 0.000 0.002 0.004 0.026 0.041 0.059 0.446 
  41 A _   0.406 0.001 0.002 0.005 0.027 0.041 0.060 0.459 
  42 T _   0.385 0.001 0.002 0.007 0.028 0.040 0.061 0.476 
  43 L _   0.359 0.002 0.002 0.009 0.029 0.039 0.062 0.498 
  44 I _   0.327 0.003 0.002 0.012 0.028 0.038 0.064 0.526 
  45 T _   0.291 0.003 0.002 0.014 0.027 0.037 0.067 0.560 
  46 I _   0.253 0.004 0.002 0.016 0.024 0.034 0.069 0.598 
  47 K _   0.213 0.004 0.002 0.016 0.021 0.032 0.072 0.640 
  48 H _   0.173 0.004 0.002 0.016 0.017 0.028 0.076 0.684 
  49 E _   0.136 0.004 0.001 0.015 0.014 0.025 0.079 0.727 
  50 L _   0.104 0.003 0.001 0.013 0.011 0.022 0.082 0.765 
  51 F _   0.077 0.002 0.001 0.011 0.008 0.019 0.084 0.798 
  52 K _   0.056 0.002 0.001 0.009 0.006 0.016 0.087 0.825 
  53 E _   0.040 0.002 0.001 0.007 0.004 0.013 0.088 0.844 
  54 A _   0.029 0.001 0.000 0.006 0.004 0.012 0.090 0.858 
  55 R _   0.021 0.001 0.000 0.006 0.003 0.010 0.091 0.867 
  56 K _   0.016 0.002 0.000 0.006 0.003 0.010 0.092 0.872 
  57 Y _   0.013 0.002 0.000 0.006 0.003 0.009 0.092 0.875 
  58 P _   0.011 0.002 0.000 0.006 0.003 0.009 0.093 0.876 
  59 L _   0.010 0.003 0.000 0.007 0.003 0.009 0.093 0.876 
  60 H _   0.009 0.003 0.000 0.007 0.003 0.009 0.093 0.876 
  61 Q _   0.009 0.004 0.000 0.007 0.003 0.009 0.093 0.875 
  62 L _   0.009 0.005 0.000 0.007 0.003 0.010 0.092 0.874 
  63 L _   0.009 0.006 0.000 0.007 0.003 0.010 0.091 0.872 
  64 Q _   0.009 0.008 0.000 0.007 0.004 0.011 0.091 0.870 
  65 D _   0.010 0.011 0.000 0.008 0.004 0.013 0.090 0.864 
  66 E _   0.012 0.014 0.001 0.009 0.005 0.015 0.089 0.856 
  67 S _   0.013 0.020 0.001 0.011 0.007 0.017 0.088 0.844 
  68 S _   0.016 0.027 0.001 0.014 0.009 0.020 0.086 0.827 
  69 Y _   0.018 0.037 0.001 0.019 0.011 0.022 0.085 0.807 
  70 I _   0.019 0.048 0.001 0.024 0.013 0.024 0.084 0.786 
  71 F _   0.021 0.057 0.001 0.030 0.015 0.025 0.083 0.767 
  72 V _   0.021 0.064 0.001 0.035 0.016 0.026 0.083 0.753 
  73 S _   0.022 0.069 0.001 0.037 0.016 0.026 0.083 0.746 
  74 V _   0.021 0.070 0.001 0.037 0.016 0.025 0.083 0.747 
  75 T _   0.020 0.069 0.001 0.035 0.015 0.023 0.084 0.753 
  76 Q _   0.019 0.065 0.001 0.031 0.013 0.022 0.085 0.765 
  77 E _   0.017 0.059 0.001 0.026 0.011 0.020 0.086 0.780 
  78 A _   0.016 0.052 0.001 0.021 0.009 0.018 0.088 0.796 
  79 E _   0.014 0.043 0.001 0.017 0.007 0.016 0.090 0.813 
  80 R _   0.013 0.035 0.001 0.013 0.006 0.014 0.091 0.827 
  81 E _   0.012 0.028 0.001 0.011 0.005 0.013 0.093 0.838 
  82 E _   0.011 0.023 0.001 0.009 0.004 0.012 0.094 0.846 
  83 F _   0.011 0.019 0.000 0.008 0.004 0.012 0.095 0.852 
  84 F _   0.010 0.016 0.000 0.007 0.004 0.012 0.096 0.855 
  85 D _   0.010 0.014 0.000 0.007 0.004 0.012 0.097 0.856 
  86 E _   0.010 0.013 0.000 0.007 0.004 0.012 0.098 0.855 
  87 T _   0.011 0.013 0.000 0.007 0.004 0.013 0.099 0.853 
  88 R _   0.012 0.012 0.001 0.007 0.004 0.014 0.099 0.850 
  89 R _   0.014 0.013 0.001 0.008 0.005 0.016 0.099 0.845 
  90 L _   0.015 0.014 0.001 0.009 0.006 0.018 0.100 0.838 
  91 C _   0.017 0.015 0.001 0.011 0.008 0.019 0.100 0.829 
  92 D _   0.020 0.017 0.001 0.013 0.009 0.021 0.101 0.818 
  93 L _   0.022 0.019 0.001 0.016 0.011 0.023 0.101 0.807 
  94 R _   0.025 0.021 0.001 0.018 0.012 0.024 0.102 0.796 
  95 L _   0.027 0.023 0.001 0.020 0.014 0.025 0.104 0.787 
  96 F _   0.028 0.024 0.001 0.022 0.014 0.025 0.105 0.780 
  97 Q _   0.028 0.025 0.001 0.024 0.015 0.025 0.107 0.776 
  98 P _   0.028 0.024 0.001 0.024 0.014 0.024 0.109 0.776 
  99 F _   0.027 0.023 0.001 0.023 0.013 0.022 0.112 0.779 
 100 L _   0.025 0.021 0.001 0.021 0.012 0.020 0.115 0.784 
 101 K _   0.023 0.018 0.001 0.019 0.010 0.018 0.118 0.791 
 102 V _   0.021 0.015 0.001 0.016 0.008 0.016 0.122 0.800 
 103 I _   0.019 0.011 0.001 0.013 0.006 0.014 0.125 0.810 
 104 E _   0.016 0.008 0.001 0.010 0.005 0.012 0.128 0.820 
 105 P _   0.014 0.005 0.000 0.008 0.004 0.010 0.131 0.828 
 106 V _   0.012 0.003 0.000 0.006 0.003 0.009 0.133 0.835 
 107 G _   0.010 0.002 0.000 0.004 0.002 0.008 0.134 0.839 
 108 N _   0.009 0.001 0.000 0.003 0.002 0.008 0.135 0.841 
 109 R _   0.009 0.001 0.000 0.003 0.002 0.009 0.135 0.841 
 110 E _   0.010 0.001 0.000 0.002 0.002 0.010 0.135 0.839 
 111 E _   0.013 0.001 0.000 0.003 0.003 0.013 0.134 0.833 
 112 K _   0.017 0.001 0.000 0.003 0.004 0.017 0.134 0.824 
 113 I _   0.024 0.003 0.001 0.005 0.005 0.022 0.132 0.808 
 114 L _   0.032 0.006 0.001 0.007 0.009 0.029 0.131 0.786 
 115 N _   0.043 0.012 0.001 0.010 0.014 0.037 0.129 0.755 
 116 R _   0.054 0.022 0.001 0.014 0.021 0.045 0.126 0.715 
 117 E _   0.066 0.037 0.002 0.019 0.029 0.053 0.124 0.670 
 118 I _   0.077 0.054 0.002 0.025 0.037 0.058 0.122 0.625 
 119 G _   0.085 0.070 0.002 0.030 0.044 0.062 0.121 0.585 
 120 F _   0.092 0.084 0.002 0.035 0.049 0.064 0.121 0.552 
 121 A _   0.096 0.096 0.003 0.040 0.052 0.063 0.121 0.529 
 122 I _   0.098 0.104 0.003 0.044 0.051 0.061 0.123 0.517 
 123 G _   0.096 0.107 0.002 0.046 0.049 0.058 0.125 0.517 
 124 M _   0.091 0.107 0.002 0.046 0.044 0.053 0.129 0.527 
 125 P _   0.084 0.103 0.002 0.044 0.038 0.047 0.134 0.549 
 126 V _   0.074 0.095 0.002 0.039 0.030 0.041 0.139 0.580 
 127 C _   0.063 0.081 0.002 0.033 0.023 0.034 0.145 0.618 
 128 E _   0.051 0.065 0.002 0.026 0.017 0.028 0.152 0.660 
 129 F _   0.040 0.047 0.001 0.019 0.011 0.023 0.158 0.702 
 130 D _   0.030 0.031 0.001 0.013 0.007 0.018 0.163 0.737 
 131 M _   0.022 0.020 0.001 0.008 0.005 0.014 0.168 0.763 
 132 V _   0.016 0.013 0.000 0.005 0.003 0.011 0.171 0.780 
 133 K _   0.012 0.010 0.000 0.004 0.002 0.010 0.173 0.789 
 134 D _   0.009 0.009 0.000 0.003 0.002 0.009 0.174 0.794 
 135 P _   0.008 0.009 0.000 0.003 0.002 0.009 0.175 0.794 
 136 E _   0.008 0.010 0.000 0.004 0.002 0.010 0.175 0.791 
 137 V _   0.009 0.014 0.000 0.005 0.003 0.011 0.175 0.783 
 138 Q _   0.009 0.021 0.000 0.008 0.004 0.013 0.174 0.770 
 139 D _   0.010 0.034 0.001 0.012 0.006 0.016 0.173 0.749 
 140 F _   0.011 0.053 0.001 0.016 0.008 0.018 0.171 0.720 
 141 R _   0.012 0.078 0.001 0.022 0.011 0.021 0.169 0.687 
 142 R _   0.013 0.104 0.001 0.028 0.013 0.022 0.167 0.652 
 143 N _   0.013 0.127 0.001 0.034 0.014 0.023 0.166 0.620 
 144 I _   0.013 0.147 0.001 0.040 0.016 0.024 0.165 0.593 
 145 L _   0.013 0.162 0.001 0.046 0.017 0.024 0.165 0.572 
 146 N _   0.014 0.170 0.001 0.050 0.017 0.024 0.166 0.557 
 147 V _   0.014 0.175 0.001 0.052 0.017 0.023 0.168 0.549 
 148 C _   0.015 0.174 0.001 0.052 0.016 0.022 0.172 0.548 
 149 K _   0.014 0.169 0.001 0.050 0.015 0.021 0.176 0.553 
 150 E _   0.014 0.158 0.001 0.045 0.013 0.019 0.182 0.567 
 151 A _   0.013 0.140 0.001 0.039 0.011 0.017 0.189 0.589 
 152 V _   0.013 0.115 0.001 0.031 0.009 0.015 0.197 0.619 
 153 D _   0.012 0.086 0.001 0.023 0.007 0.013 0.206 0.653 
 154 L _   0.011 0.057 0.001 0.015 0.005 0.011 0.214 0.686 
 155 R _   0.009 0.035 0.001 0.010 0.004 0.009 0.221 0.712 
 156 D _   0.008 0.021 0.000 0.006 0.003 0.008 0.226 0.728 
 157 L _   0.007 0.014 0.000 0.004 0.002 0.007 0.230 0.736 
 158 N _   0.006 0.010 0.000 0.004 0.002 0.006 0.233 0.739 
 159 S _   0.006 0.009 0.000 0.004 0.002 0.007 0.235 0.738 
 160 P _   0.006 0.009 0.000 0.005 0.002 0.008 0.236 0.734 
 161 H _   0.007 0.010 0.000 0.007 0.003 0.009 0.237 0.727 
 162 S _   0.007 0.012 0.000 0.012 0.004 0.010 0.238 0.717 
 163 R _   0.008 0.014 0.001 0.016 0.005 0.011 0.238 0.706 
 164 A _   0.009 0.017 0.001 0.021 0.006 0.012 0.239 0.695 
 165 M _   0.009 0.018 0.001 0.025 0.007 0.012 0.240 0.688 
 166 Y _   0.009 0.018 0.001 0.026 0.007 0.012 0.242 0.685 
 167 V _   0.008 0.018 0.001 0.025 0.006 0.011 0.245 0.687 
 168 Y _   0.008 0.016 0.001 0.021 0.005 0.010 0.247 0.692 
 169 P _   0.007 0.013 0.001 0.017 0.004 0.009 0.250 0.699 
 170 P _   0.006 0.010 0.000 0.012 0.003 0.008 0.253 0.707 
 171 N _   0.006 0.007 0.000 0.009 0.003 0.006 0.255 0.714 
 172 V _   0.005 0.005 0.000 0.006 0.002 0.006 0.257 0.718 
 173 E _   0.005 0.003 0.000 0.005 0.002 0.005 0.259 0.722 
 174 S _   0.005 0.002 0.000 0.004 0.002 0.005 0.259 0.723 
 175 S _   0.004 0.002 0.000 0.004 0.001 0.005 0.259 0.724 
 176 P _   0.004 0.001 0.000 0.005 0.002 0.005 0.259 0.724 
 177 E _   0.004 0.001 0.000 0.005 0.002 0.005 0.258 0.724 
 178 L _   0.004 0.001 0.000 0.006 0.002 0.006 0.256 0.724 
 179 P _   0.004 0.001 0.000 0.007 0.002 0.007 0.254 0.725 
 180 K _   0.004 0.001 0.000 0.007 0.002 0.007 0.252 0.726 
 181 H _   0.004 0.001 0.000 0.007 0.002 0.008 0.249 0.728 
 182 I _   0.005 0.001 0.000 0.007 0.002 0.009 0.246 0.730 
 183 Y _   0.006 0.001 0.000 0.006 0.002 0.011 0.242 0.731 
 184 N _   0.008 0.001 0.000 0.005 0.003 0.013 0.238 0.731 
 185 K _   0.013 0.001 0.000 0.005 0.003 0.017 0.233 0.727 
 186 L _   0.020 0.002 0.000 0.005 0.005 0.023 0.228 0.717 
 187 D _   0.034 0.003 0.001 0.005 0.008 0.031 0.222 0.697 
 188 K _   0.052 0.006 0.001 0.007 0.015 0.042 0.214 0.663 
 189 G _   0.076 0.014 0.002 0.010 0.026 0.054 0.205 0.614 
 190 Q _   0.101 0.030 0.002 0.015 0.040 0.066 0.196 0.550 
 191 I _   0.122 0.059 0.003 0.024 0.055 0.073 0.187 0.477 
 192 I _   0.136 0.093 0.003 0.035 0.064 0.077 0.180 0.412 
 193 V _   0.143 0.122 0.003 0.046 0.067 0.076 0.176 0.367 
 194 V _   0.143 0.140 0.003 0.056 0.066 0.072 0.174 0.345 
 195 I _   0.139 0.149 0.003 0.062 0.062 0.067 0.173 0.346 
 196 W _   0.129 0.149 0.003 0.063 0.056 0.060 0.174 0.366 
 197 V _   0.115 0.142 0.003 0.058 0.047 0.052 0.176 0.406 
 198 I _   0.098 0.125 0.003 0.049 0.037 0.044 0.180 0.465 
 199 V _   0.080 0.096 0.002 0.036 0.025 0.035 0.184 0.543 
 200 S _   0.061 0.061 0.002 0.023 0.016 0.026 0.188 0.624 
 201 P _   0.044 0.031 0.001 0.013 0.009 0.019 0.191 0.692 
 202 N _   0.030 0.014 0.001 0.007 0.005 0.014 0.192 0.737 
 203 N _   0.021 0.007 0.000 0.004 0.003 0.010 0.193 0.762 
 204 D _   0.014 0.004 0.000 0.003 0.002 0.008 0.192 0.776 
 205 K _   0.010 0.002 0.000 0.003 0.002 0.007 0.191 0.784 
 206 Q _   0.008 0.002 0.000 0.003 0.001 0.006 0.190 0.789 
 207 K _   0.007 0.002 0.000 0.003 0.002 0.006 0.188 0.791 
 208 Y _   0.006 0.003 0.000 0.004 0.002 0.007 0.185 0.792 
 209 T _   0.006 0.005 0.000 0.006 0.002 0.007 0.181 0.793 
 210 L _   0.006 0.007 0.000 0.007 0.003 0.008 0.176 0.793 
 211 K _   0.006 0.010 0.000 0.008 0.003 0.009 0.171 0.793 
 212 I _   0.006 0.014 0.000 0.009 0.003 0.010 0.165 0.792 
 213 N _   0.006 0.019 0.000 0.010 0.004 0.011 0.159 0.790 
 214 H _   0.007 0.026 0.001 0.011 0.004 0.013 0.152 0.787 
 215 D _   0.008 0.034 0.001 0.013 0.006 0.015 0.145 0.780 
 216 C _   0.009 0.046 0.001 0.015 0.007 0.018 0.137 0.767 
 217 V _   0.010 0.062 0.001 0.019 0.010 0.021 0.129 0.748 
 218 P _   0.012 0.084 0.001 0.025 0.012 0.024 0.120 0.721 
 219 E _   0.013 0.109 0.001 0.033 0.015 0.027 0.111 0.690 
 220 Q _   0.015 0.132 0.002 0.041 0.018 0.029 0.104 0.662 
 221 V _   0.016 0.150 0.002 0.047 0.019 0.030 0.097 0.640 
 222 I _   0.016 0.161 0.002 0.051 0.020 0.030 0.091 0.628 
 223 A _   0.017 0.166 0.001 0.053 0.020 0.030 0.087 0.626 
 224 E _   0.017 0.166 0.001 0.050 0.019 0.029 0.083 0.634 
 225 A _   0.017 0.161 0.001 0.045 0.018 0.028 0.080 0.649 
 226 I _   0.017 0.151 0.001 0.038 0.016 0.026 0.078 0.673 
 227 R _   0.016 0.136 0.001 0.031 0.014 0.024 0.076 0.702 
 228 K _   0.016 0.117 0.001 0.024 0.012 0.023 0.074 0.733 
 229 K _   0.016 0.097 0.001 0.019 0.010 0.022 0.073 0.762 
 230 T _   0.016 0.080 0.001 0.015 0.009 0.021 0.072 0.786 
 231 R _   0.016 0.067 0.001 0.013 0.008 0.020 0.071 0.805 
 232 S _   0.016 0.056 0.001 0.011 0.007 0.019 0.070 0.819 
 233 M _   0.016 0.049 0.001 0.011 0.007 0.019 0.069 0.829 
 234 L _   0.017 0.044 0.001 0.011 0.007 0.019 0.068 0.835 
 235 L _   0.017 0.039 0.001 0.011 0.007 0.019 0.067 0.840 
 236 S _   0.018 0.036 0.001 0.011 0.007 0.019 0.065 0.843 
 237 S _   0.019 0.033 0.001 0.011 0.007 0.019 0.064 0.845 
 238 E _   0.019 0.030 0.001 0.012 0.008 0.020 0.063 0.848 
 239 Q _   0.020 0.028 0.001 0.012 0.008 0.020 0.062 0.850 
 240 L _   0.021 0.025 0.001 0.012 0.008 0.020 0.061 0.851 
 241 K _   0.022 0.023 0.001 0.012 0.008 0.021 0.060 0.852 
 242 L _   0.023 0.022 0.001 0.012 0.009 0.021 0.059 0.853 
 243 C _   0.024 0.020 0.001 0.012 0.008 0.021 0.058 0.855 
 244 V _   0.025 0.018 0.001 0.012 0.008 0.021 0.058 0.857 
 245 L _   0.025 0.016 0.001 0.011 0.008 0.021 0.057 0.860 
 246 E _   0.026 0.015 0.001 0.010 0.008 0.021 0.056 0.863 
 247 Y _   0.026 0.014 0.001 0.010 0.008 0.021 0.055 0.865 
 248 Q _   0.026 0.013 0.001 0.009 0.008 0.022 0.055 0.867 
 249 G _   0.026 0.013 0.001 0.009 0.008 0.022 0.054 0.867 
 250 K _   0.026 0.013 0.001 0.009 0.008 0.023 0.053 0.866 
 251 Y _   0.027 0.014 0.001 0.010 0.009 0.024 0.052 0.864 
 252 I _   0.027 0.015 0.001 0.011 0.010 0.024 0.051 0.860 
 253 L _   0.028 0.017 0.001 0.013 0.011 0.025 0.050 0.855 
 254 K _   0.028 0.020 0.001 0.016 0.012 0.025 0.050 0.849 
 255 V _   0.028 0.022 0.001 0.018 0.013 0.026 0.049 0.844 
 256 C _   0.027 0.024 0.001 0.021 0.013 0.026 0.048 0.839 
 257 G _   0.027 0.025 0.001 0.023 0.014 0.025 0.048 0.837 
 258 C _   0.026 0.026 0.001 0.025 0.014 0.024 0.047 0.836 
 259 D _   0.025 0.025 0.001 0.026 0.013 0.023 0.047 0.839 
 260 E _   0.024 0.024 0.001 0.025 0.012 0.022 0.047 0.846 
 261 Y _   0.022 0.021 0.001 0.022 0.010 0.020 0.047 0.856 
 262 F _   0.020 0.017 0.001 0.018 0.009 0.018 0.047 0.869 
 263 L _   0.019 0.012 0.001 0.014 0.007 0.016 0.048 0.884 
 264 E _   0.018 0.008 0.001 0.010 0.005 0.014 0.047 0.897 
 265 K _   0.018 0.004 0.000 0.007 0.004 0.013 0.047 0.907 
 266 Y _   0.019 0.002 0.000 0.004 0.003 0.012 0.047 0.913 
 267 P _   0.022 0.001 0.000 0.003 0.003 0.012 0.046 0.914 
 268 L _   0.029 0.000 0.000 0.002 0.003 0.014 0.045 0.908 
 269 S _   0.041 0.000 0.000 0.002 0.003 0.016 0.043 0.894 
 270 Q _   0.062 0.000 0.000 0.002 0.004 0.021 0.041 0.869 
 271 Y _   0.092 0.000 0.001 0.002 0.007 0.027 0.039 0.831 
 272 K _   0.132 0.000 0.001 0.003 0.012 0.035 0.037 0.780 
 273 Y _   0.178 0.000 0.001 0.004 0.020 0.044 0.035 0.717 
 274 I _   0.226 0.001 0.002 0.007 0.030 0.053 0.032 0.649 
 275 R _   0.269 0.002 0.002 0.010 0.040 0.060 0.031 0.586 
 276 S _   0.305 0.004 0.002 0.013 0.048 0.064 0.029 0.534 
 277 C _   0.330 0.005 0.002 0.016 0.053 0.066 0.028 0.499 
 278 I _   0.345 0.006 0.003 0.017 0.054 0.066 0.028 0.481 
 279 M _   0.350 0.006 0.003 0.017 0.053 0.064 0.028 0.479 
 280 L _   0.346 0.006 0.002 0.015 0.050 0.061 0.028 0.491 
 281 G _   0.332 0.005 0.002 0.013 0.045 0.058 0.028 0.517 
 282 R _   0.311 0.004 0.002 0.011 0.038 0.054 0.029 0.551 
 283 M _   0.283 0.003 0.002 0.009 0.032 0.050 0.030 0.591 
 284 P _   0.252 0.002 0.002 0.008 0.026 0.046 0.031 0.633 
 285 N _   0.219 0.002 0.001 0.008 0.022 0.042 0.032 0.673 
 286 L _   0.186 0.002 0.001 0.009 0.018 0.039 0.033 0.712 
 287 M _   0.154 0.002 0.001 0.010 0.015 0.036 0.035 0.747 
 288 L _   0.125 0.003 0.001 0.011 0.013 0.032 0.036 0.779 
 289 M _   0.099 0.003 0.001 0.012 0.012 0.029 0.037 0.808 
 290 A _   0.077 0.003 0.001 0.012 0.010 0.026 0.037 0.833 
 291 K _   0.059 0.004 0.001 0.012 0.008 0.023 0.038 0.856 
 292 E _   0.045 0.004 0.001 0.011 0.007 0.020 0.038 0.874 
 293 S _   0.035 0.004 0.001 0.009 0.006 0.018 0.039 0.889 
 294 L _   0.028 0.004 0.001 0.008 0.005 0.017 0.039 0.899 
 295 Y _   0.023 0.004 0.001 0.008 0.005 0.016 0.039 0.905 
 296 S _   0.019 0.005 0.001 0.008 0.005 0.015 0.039 0.908 
 297 Q _   0.017 0.006 0.001 0.009 0.005 0.015 0.039 0.908 
 298 L _   0.016 0.008 0.001 0.011 0.006 0.015 0.038 0.906 
 299 P _   0.015 0.009 0.001 0.014 0.006 0.015 0.038 0.902 
 300 M _   0.015 0.011 0.001 0.016 0.007 0.015 0.038 0.898 
 301 D _   0.014 0.013 0.001 0.018 0.007 0.015 0.038 0.895 
 302 C _   0.013 0.014 0.001 0.018 0.007 0.015 0.038 0.895 
 303 F _   0.012 0.014 0.001 0.018 0.007 0.014 0.037 0.896 
 304 T _   0.012 0.014 0.001 0.017 0.006 0.013 0.037 0.900 
 305 M _   0.011 0.013 0.001 0.015 0.006 0.012 0.037 0.905 
 306 P _   0.010 0.012 0.001 0.013 0.005 0.011 0.037 0.911 
 307 S _   0.009 0.011 0.001 0.011 0.005 0.011 0.037 0.915 
 308 Y _   0.009 0.011 0.000 0.010 0.004 0.011 0.037 0.918 
 309 S _   0.009 0.010 0.000 0.010 0.004 0.011 0.036 0.920 
 310 R _   0.008 0.011 0.001 0.010 0.004 0.011 0.036 0.919 
 311 R _   0.009 0.011 0.001 0.012 0.005 0.011 0.036 0.917 
 312 I _   0.009 0.012 0.001 0.014 0.005 0.012 0.035 0.913 
 313 S _   0.009 0.013 0.001 0.016 0.006 0.012 0.035 0.909 
 314 T _   0.009 0.013 0.001 0.019 0.006 0.012 0.034 0.906 
 315 A _   0.008 0.013 0.001 0.020 0.007 0.012 0.034 0.905 
 316 T _   0.008 0.013 0.001 0.020 0.006 0.012 0.034 0.907 
 317 P _   0.008 0.011 0.001 0.018 0.006 0.012 0.033 0.911 
 318 Y _   0.008 0.010 0.001 0.016 0.005 0.011 0.033 0.916 
 319 M _   0.008 0.007 0.001 0.013 0.004 0.011 0.033 0.923 
 320 N _   0.008 0.005 0.000 0.010 0.004 0.011 0.033 0.930 
 321 G _   0.009 0.003 0.000 0.007 0.003 0.011 0.032 0.934 
 322 E _   0.011 0.002 0.000 0.005 0.003 0.012 0.032 0.935 
 323 T _   0.015 0.001 0.000 0.004 0.003 0.014 0.031 0.932 
 324 S _   0.021 0.001 0.000 0.004 0.004 0.016 0.030 0.924 
 325 T _   0.033 0.000 0.001 0.004 0.005 0.021 0.029 0.907 
 326 K _   0.050 0.000 0.001 0.005 0.008 0.026 0.028 0.882 
 327 S _   0.075 0.000 0.001 0.006 0.011 0.032 0.026 0.848 
 328 L _   0.105 0.001 0.001 0.007 0.015 0.039 0.025 0.807 
 329 W _   0.140 0.001 0.001 0.008 0.021 0.045 0.023 0.760 
 330 V _   0.178 0.001 0.002 0.009 0.026 0.050 0.022 0.712 
 331 I _   0.216 0.001 0.002 0.009 0.031 0.054 0.020 0.667 
 332 N _   0.253 0.001 0.002 0.008 0.036 0.057 0.019 0.624 
 333 S _   0.287 0.001 0.002 0.007 0.039 0.059 0.018 0.588 
 334 A _   0.318 0.001 0.002 0.006 0.041 0.059 0.017 0.556 
 335 L _   0.343 0.000 0.002 0.005 0.042 0.058 0.017 0.532 
 336 R _   0.361 0.000 0.002 0.005 0.043 0.057 0.017 0.515 
 337 I _   0.371 0.000 0.002 0.005 0.043 0.055 0.017 0.507 
 338 K _   0.374 0.001 0.002 0.006 0.042 0.053 0.017 0.506 
 339 I _   0.368 0.001 0.002 0.006 0.040 0.050 0.018 0.514 
 340 L _   0.352 0.001 0.002 0.007 0.038 0.048 0.019 0.532 
 341 C _   0.330 0.001 0.002 0.009 0.035 0.045 0.021 0.558 
 342 A _   0.299 0.001 0.002 0.010 0.032 0.041 0.022 0.593 
 343 T _   0.262 0.001 0.002 0.010 0.027 0.038 0.024 0.635 
 344 Y _   0.224 0.001 0.002 0.010 0.022 0.034 0.026 0.681 
 345 V _   0.184 0.001 0.001 0.010 0.017 0.030 0.028 0.729 
 346 N _   0.146 0.001 0.001 0.009 0.013 0.026 0.030 0.775 
 347 V _   0.113 0.001 0.001 0.007 0.010 0.022 0.032 0.815 
 348 N _   0.086 0.001 0.001 0.006 0.007 0.020 0.033 0.847 
 349 I _   0.064 0.001 0.001 0.005 0.005 0.018 0.034 0.872 
 350 R _   0.049 0.001 0.001 0.004 0.005 0.016 0.035 0.890 
 351 D _   0.038 0.001 0.000 0.004 0.004 0.016 0.036 0.901 
 352 I _   0.030 0.002 0.000 0.005 0.004 0.016 0.036 0.906 
 353 D _   0.026 0.005 0.001 0.006 0.005 0.017 0.036 0.905 
 354 K _   0.023 0.009 0.001 0.009 0.006 0.018 0.036 0.898 
 355 I _   0.021 0.017 0.001 0.012 0.008 0.020 0.036 0.885 
 356 Y _   0.020 0.028 0.001 0.018 0.010 0.021 0.035 0.867 
 357 V _   0.019 0.041 0.001 0.024 0.012 0.022 0.035 0.846 
 358 R _   0.018 0.053 0.001 0.029 0.014 0.022 0.035 0.828 
 359 T _   0.016 0.063 0.001 0.034 0.014 0.022 0.035 0.814 
 360 G _   0.015 0.069 0.001 0.037 0.014 0.022 0.035 0.806 
 361 I _   0.014 0.072 0.001 0.038 0.014 0.020 0.036 0.804 
 362 Y _   0.013 0.073 0.001 0.037 0.013 0.019 0.037 0.808 
 363 H _   0.012 0.072 0.001 0.034 0.011 0.017 0.038 0.815 
 364 G _   0.011 0.068 0.001 0.030 0.009 0.016 0.039 0.826 
 365 G _   0.010 0.063 0.001 0.025 0.008 0.014 0.041 0.839 
 366 E _   0.010 0.056 0.001 0.020 0.006 0.013 0.042 0.852 
 367 P _   0.009 0.049 0.001 0.016 0.005 0.011 0.044 0.864 
 368 L _   0.008 0.043 0.001 0.013 0.004 0.010 0.046 0.875 
 369 C _   0.008 0.038 0.000 0.012 0.004 0.010 0.047 0.882 
 370 D _   0.007 0.033 0.000 0.011 0.004 0.009 0.048 0.888 
 371 N _   0.007 0.030 0.000 0.011 0.003 0.009 0.049 0.890 
 372 V _   0.007 0.028 0.000 0.011 0.003 0.009 0.050 0.891 
 373 N _   0.007 0.027 0.000 0.011 0.004 0.009 0.051 0.891 
 374 T _   0.007 0.025 0.000 0.012 0.004 0.009 0.052 0.891 
 375 Q _   0.007 0.024 0.000 0.012 0.004 0.008 0.053 0.892 
 376 R _   0.006 0.022 0.000 0.012 0.004 0.008 0.054 0.893 
 377 V _   0.006 0.020 0.000 0.012 0.003 0.008 0.055 0.896 
 378 P _   0.005 0.018 0.000 0.011 0.003 0.008 0.055 0.899 
 379 C _   0.005 0.017 0.000 0.010 0.003 0.007 0.056 0.902 
 380 S _   0.005 0.015 0.000 0.009 0.003 0.007 0.056 0.904 
 381 N _   0.005 0.014 0.000 0.009 0.003 0.008 0.056 0.905 
 382 P _   0.005 0.014 0.000 0.009 0.003 0.008 0.056 0.904 
 383 R _   0.005 0.014 0.000 0.010 0.003 0.009 0.056 0.902 
 384 W _   0.006 0.014 0.000 0.012 0.004 0.009 0.056 0.899 
 385 N _   0.006 0.014 0.001 0.014 0.004 0.010 0.057 0.894 
 386 E _   0.006 0.014 0.001 0.016 0.005 0.011 0.057 0.890 
 387 W _   0.007 0.014 0.001 0.017 0.005 0.011 0.057 0.888 
 388 L _   0.007 0.014 0.001 0.018 0.005 0.012 0.057 0.887 
 389 N _   0.007 0.012 0.001 0.017 0.005 0.012 0.058 0.888 
 390 Y _   0.007 0.011 0.001 0.015 0.005 0.012 0.058 0.891 
 391 D _   0.008 0.008 0.001 0.013 0.004 0.012 0.059 0.895 
 392 I _   0.008 0.006 0.001 0.010 0.004 0.013 0.059 0.899 
 393 Y _   0.010 0.004 0.000 0.007 0.003 0.013 0.060 0.902 
 394 I _   0.013 0.002 0.000 0.005 0.003 0.015 0.060 0.901 
 395 P _   0.017 0.002 0.000 0.004 0.003 0.018 0.060 0.895 
 396 D _   0.026 0.001 0.000 0.003 0.004 0.022 0.059 0.883 
 397 L _   0.038 0.001 0.001 0.004 0.006 0.029 0.059 0.862 
 398 P _   0.056 0.002 0.001 0.004 0.010 0.038 0.058 0.831 
 399 R _   0.079 0.005 0.001 0.006 0.018 0.048 0.057 0.785 
 400 A _   0.103 0.014 0.002 0.010 0.029 0.059 0.055 0.728 
 401 A _   0.126 0.031 0.002 0.016 0.043 0.067 0.054 0.660 
 402 R _   0.143 0.056 0.003 0.025 0.055 0.073 0.053 0.592 
 403 L _   0.152 0.083 0.003 0.036 0.062 0.074 0.053 0.537 
 404 C _   0.155 0.105 0.003 0.047 0.064 0.072 0.053 0.501 
 405 L _   0.153 0.118 0.003 0.055 0.062 0.068 0.054 0.486 
 406 S _   0.146 0.124 0.003 0.060 0.057 0.063 0.056 0.491 
 407 I _   0.134 0.124 0.003 0.060 0.050 0.056 0.059 0.514 
 408 C _   0.118 0.117 0.003 0.055 0.041 0.048 0.062 0.556 
 409 S _   0.100 0.103 0.002 0.045 0.031 0.040 0.066 0.611 
 410 V _   0.082 0.081 0.002 0.034 0.022 0.032 0.070 0.676 
 411 K _   0.064 0.055 0.001 0.023 0.014 0.025 0.074 0.744 
 412 G _   0.047 0.031 0.001 0.014 0.008 0.019 0.078 0.802 
 413 R _   0.033 0.017 0.001 0.008 0.005 0.014 0.080 0.844 
 414 K _   0.022 0.009 0.000 0.005 0.003 0.011 0.081 0.869 
 415 G _   0.015 0.006 0.000 0.003 0.002 0.009 0.081 0.884 
 416 A _   0.011 0.005 0.000 0.002 0.001 0.008 0.081 0.891 
 417 K _   0.008 0.006 0.000 0.003 0.002 0.008 0.080 0.893 
 418 E _   0.008 0.008 0.000 0.004 0.002 0.009 0.079 0.890 
 419 E _   0.008 0.014 0.000 0.006 0.003 0.011 0.077 0.880 
 420 H _   0.009 0.028 0.001 0.011 0.005 0.013 0.074 0.859 
 421 C _   0.010 0.051 0.001 0.018 0.007 0.016 0.070 0.827 
 422 P _   0.010 0.084 0.001 0.026 0.010 0.018 0.066 0.784 
 423 L _   0.010 0.116 0.001 0.035 0.012 0.020 0.062 0.743 
 424 A _   0.010 0.141 0.001 0.043 0.013 0.021 0.059 0.711 
 425 W _   0.010 0.158 0.001 0.048 0.014 0.021 0.056 0.691 
 426 G _   0.010 0.167 0.001 0.050 0.014 0.021 0.055 0.681 
 427 N _   0.010 0.171 0.001 0.049 0.014 0.020 0.053 0.681 
 428 I _   0.010 0.169 0.001 0.045 0.013 0.020 0.053 0.689 
 429 N _   0.010 0.163 0.001 0.039 0.012 0.018 0.052 0.704 
 430 L _   0.011 0.152 0.001 0.032 0.010 0.017 0.053 0.725 
 431 F _   0.011 0.137 0.001 0.024 0.009 0.016 0.053 0.750 
 432 D _   0.010 0.121 0.001 0.018 0.007 0.015 0.053 0.774 
 433 Y _   0.010 0.107 0.001 0.014 0.006 0.015 0.054 0.794 
 434 T _   0.010 0.097 0.001 0.011 0.005 0.014 0.054 0.808 
 435 D _   0.010 0.091 0.001 0.009 0.005 0.014 0.054 0.816 
 436 T _   0.010 0.088 0.001 0.009 0.005 0.015 0.054 0.819 
 437 L _   0.011 0.087 0.001 0.010 0.005 0.016 0.054 0.816 
 438 V _   0.011 0.089 0.001 0.013 0.006 0.017 0.054 0.811 
 439 S _   0.012 0.091 0.001 0.015 0.007 0.017 0.053 0.803 
 440 G _   0.013 0.094 0.001 0.019 0.009 0.018 0.053 0.794 
 441 K _   0.013 0.097 0.001 0.022 0.010 0.019 0.052 0.786 
 442 M _   0.014 0.098 0.001 0.025 0.011 0.019 0.052 0.780 
 443 A _   0.014 0.098 0.001 0.027 0.011 0.019 0.052 0.778 
 444 L _   0.014 0.096 0.001 0.027 0.011 0.019 0.053 0.780 
 445 N _   0.014 0.091 0.001 0.025 0.010 0.018 0.054 0.786 
 446 L _   0.014 0.084 0.001 0.022 0.009 0.017 0.055 0.797 
 447 W _   0.014 0.075 0.001 0.019 0.008 0.016 0.056 0.811 
 448 P _   0.014 0.065 0.001 0.015 0.007 0.015 0.057 0.826 
 449 V _   0.013 0.056 0.001 0.012 0.006 0.014 0.058 0.840 
 450 P _   0.013 0.049 0.001 0.009 0.005 0.014 0.059 0.850 
 451 H _   0.012 0.045 0.001 0.008 0.004 0.014 0.060 0.856 
 452 G _   0.012 0.043 0.000 0.007 0.004 0.014 0.061 0.858 
 453 L _   0.013 0.043 0.001 0.008 0.005 0.015 0.061 0.855 
 454 E _   0.014 0.044 0.001 0.010 0.006 0.016 0.061 0.848 
 455 D _   0.014 0.048 0.001 0.014 0.007 0.017 0.062 0.838 
 456 L _   0.015 0.052 0.001 0.019 0.008 0.017 0.062 0.825 
 457 L _   0.015 0.058 0.001 0.025 0.010 0.018 0.062 0.812 
 458 N _   0.015 0.062 0.001 0.030 0.010 0.018 0.063 0.802 
 459 P _   0.015 0.064 0.001 0.033 0.010 0.017 0.063 0.797 
 460 I _   0.014 0.064 0.001 0.033 0.010 0.016 0.064 0.798 
 461 G _   0.013 0.061 0.001 0.031 0.009 0.015 0.066 0.805 
 462 V _   0.011 0.056 0.001 0.026 0.007 0.013 0.067 0.819 
 463 T _   0.010 0.049 0.001 0.020 0.005 0.011 0.069 0.836 
 464 G _   0.008 0.040 0.001 0.014 0.004 0.009 0.070 0.854 
 465 S _   0.007 0.033 0.000 0.009 0.003 0.008 0.071 0.870 
 466 N _   0.006 0.028 0.000 0.006 0.002 0.007 0.071 0.880 
 467 P _   0.005 0.026 0.000 0.004 0.002 0.007 0.071 0.885 
 468 N _   0.005 0.026 0.000 0.004 0.002 0.007 0.071 0.886 
 469 K _   0.006 0.028 0.000 0.005 0.002 0.008 0.070 0.881 
 470 E _   0.007 0.036 0.000 0.007 0.003 0.011 0.068 0.869 
 471 T _   0.008 0.053 0.001 0.011 0.005 0.014 0.066 0.843 
 472 P _   0.009 0.083 0.001 0.017 0.007 0.017 0.063 0.803 
 473 C _   0.010 0.127 0.001 0.024 0.010 0.019 0.059 0.750 
 474 L _   0.010 0.176 0.001 0.031 0.012 0.020 0.055 0.695 
 475 E _   0.010 0.218 0.001 0.036 0.013 0.021 0.052 0.649 
 476 L _   0.009 0.250 0.001 0.040 0.014 0.021 0.049 0.616 
 477 E _   0.009 0.270 0.001 0.041 0.014 0.021 0.047 0.596 
 478 F _   0.009 0.282 0.001 0.041 0.014 0.021 0.046 0.587 
 479 D _   0.010 0.287 0.001 0.039 0.013 0.020 0.045 0.585 
 480 W _   0.010 0.288 0.001 0.036 0.013 0.020 0.045 0.588 
 481 F _   0.010 0.286 0.001 0.032 0.012 0.019 0.045 0.595 
 482 S _   0.011 0.280 0.001 0.028 0.011 0.018 0.045 0.607 
 483 S _   0.011 0.271 0.001 0.024 0.010 0.017 0.046 0.621 
 484 V _   0.011 0.260 0.001 0.020 0.008 0.016 0.046 0.637 
 485 V _   0.011 0.250 0.001 0.017 0.007 0.015 0.047 0.651 
 486 K _   0.011 0.240 0.001 0.014 0.007 0.015 0.048 0.665 
 487 F _   0.011 0.231 0.001 0.012 0.006 0.014 0.049 0.677 
 488 P _   0.010 0.225 0.001 0.011 0.005 0.014 0.049 0.684 
 489 D _   0.010 0.222 0.001 0.011 0.005 0.014 0.050 0.688 
 490 M _   0.010 0.220 0.001 0.011 0.005 0.013 0.050 0.689 
 491 S _   0.010 0.221 0.001 0.012 0.005 0.013 0.051 0.688 
 492 V _   0.009 0.223 0.001 0.012 0.006 0.013 0.051 0.685 
 493 I _   0.009 0.225 0.001 0.013 0.006 0.013 0.051 0.682 
 494 E _   0.009 0.229 0.001 0.014 0.006 0.013 0.051 0.678 
 495 E _   0.009 0.232 0.001 0.014 0.006 0.013 0.052 0.675 
 496 H _   0.008 0.234 0.001 0.015 0.006 0.013 0.052 0.672 
 497 A _   0.008 0.237 0.001 0.015 0.006 0.013 0.052 0.669 
 498 N _   0.008 0.239 0.001 0.015 0.006 0.013 0.052 0.666 
 499 W _   0.008 0.241 0.001 0.015 0.006 0.013 0.053 0.663 
 500 S _   0.008 0.243 0.001 0.016 0.006 0.013 0.053 0.659 
 501 V _   0.009 0.245 0.001 0.017 0.007 0.013 0.054 0.654 
 502 S _   0.009 0.247 0.001 0.018 0.007 0.013 0.055 0.650 
 503 R _   0.009 0.247 0.001 0.019 0.007 0.013 0.056 0.647 
 504 E _   0.009 0.246 0.001 0.020 0.007 0.013 0.057 0.647 
 505 A _   0.009 0.244 0.001 0.020 0.007 0.013 0.059 0.648 
 506 G _   0.009 0.239 0.001 0.020 0.007 0.013 0.060 0.652 
 507 F _   0.008 0.233 0.001 0.019 0.006 0.012 0.062 0.658 
 508 S _   0.008 0.224 0.001 0.019 0.006 0.012 0.064 0.666 
 509 Y _   0.008 0.215 0.001 0.018 0.006 0.012 0.067 0.674 
 510 S _   0.008 0.205 0.001 0.018 0.006 0.011 0.069 0.683 
 511 H _   0.008 0.195 0.001 0.018 0.005 0.011 0.072 0.691 
 512 A _   0.008 0.185 0.001 0.018 0.005 0.011 0.075 0.698 
 513 G _   0.008 0.174 0.001 0.019 0.005 0.011 0.078 0.705 
 514 L _   0.008 0.164 0.001 0.019 0.005 0.011 0.081 0.711 
 515 S _   0.008 0.152 0.001 0.020 0.005 0.011 0.085 0.719 
 516 N _   0.009 0.138 0.001 0.020 0.005 0.010 0.089 0.729 
 517 R _   0.009 0.122 0.001 0.019 0.005 0.010 0.093 0.742 
 518 L _   0.009 0.104 0.001 0.018 0.004 0.009 0.098 0.758 
 519 A _   0.008 0.085 0.001 0.015 0.004 0.009 0.102 0.776 
 520 R _   0.008 0.067 0.000 0.013 0.003 0.008 0.107 0.794 
 521 D _   0.007 0.050 0.000 0.010 0.003 0.007 0.110 0.811 
 522 N _   0.007 0.038 0.000 0.008 0.002 0.006 0.113 0.826 
 523 E _   0.006 0.029 0.000 0.006 0.002 0.006 0.115 0.836 
 524 L _   0.005 0.024 0.000 0.005 0.001 0.005 0.116 0.843 
 525 R _   0.005 0.021 0.000 0.004 0.001 0.005 0.116 0.848 
 526 E _   0.004 0.020 0.000 0.004 0.001 0.005 0.116 0.850 
 527 N _   0.004 0.020 0.000 0.005 0.001 0.006 0.115 0.850 
 528 D _   0.004 0.021 0.000 0.006 0.002 0.006 0.113 0.848 
 529 K _   0.004 0.024 0.000 0.008 0.002 0.007 0.110 0.843 
 530 E _   0.005 0.029 0.000 0.011 0.003 0.008 0.108 0.837 
 531 Q _   0.005 0.034 0.000 0.015 0.003 0.009 0.104 0.829 
 532 L _   0.005 0.040 0.000 0.018 0.004 0.010 0.101 0.822 
 533 K _   0.005 0.045 0.001 0.020 0.004 0.010 0.098 0.817 
 534 A _   0.005 0.049 0.001 0.021 0.005 0.010 0.095 0.816 
 535 I _   0.005 0.051 0.001 0.020 0.004 0.010 0.092 0.817 
 536 S _   0.005 0.052 0.001 0.019 0.004 0.009 0.090 0.820 
 537 T _   0.005 0.052 0.000 0.017 0.004 0.009 0.088 0.825 
 538 R _   0.005 0.052 0.000 0.015 0.004 0.009 0.086 0.828 
 539 D _   0.005 0.052 0.000 0.014 0.004 0.009 0.085 0.831 
 540 P _   0.005 0.053 0.000 0.014 0.004 0.010 0.083 0.831 
 541 L _   0.006 0.053 0.000 0.014 0.004 0.010 0.082 0.830 
 542 S _   0.006 0.054 0.001 0.016 0.005 0.011 0.080 0.828 
 543 E _   0.007 0.055 0.001 0.017 0.005 0.011 0.079 0.825 
 544 I _   0.007 0.055 0.001 0.018 0.005 0.012 0.078 0.823 
 545 T _   0.007 0.055 0.001 0.019 0.006 0.012 0.077 0.823 
 546 E _   0.007 0.054 0.001 0.019 0.006 0.012 0.076 0.825 
 547 Q _   0.007 0.052 0.001 0.017 0.005 0.012 0.076 0.829 
 548 E _   0.007 0.049 0.001 0.015 0.005 0.012 0.075 0.835 
 549 K _   0.008 0.045 0.001 0.013 0.005 0.012 0.075 0.842 
 550 D _   0.008 0.042 0.001 0.011 0.005 0.013 0.074 0.848 
 551 F _   0.008 0.039 0.001 0.010 0.004 0.013 0.074 0.852 
 552 L _   0.009 0.037 0.001 0.009 0.005 0.014 0.073 0.853 
 553 W _   0.010 0.036 0.001 0.008 0.005 0.016 0.073 0.851 
 554 S _   0.012 0.036 0.001 0.009 0.006 0.017 0.072 0.847 
 555 H _   0.014 0.038 0.001 0.010 0.007 0.020 0.071 0.840 
 556 R _   0.016 0.040 0.001 0.011 0.008 0.022 0.071 0.832 
 557 H _   0.018 0.043 0.001 0.013 0.009 0.024 0.070 0.822 
 558 Y _   0.021 0.047 0.001 0.015 0.011 0.027 0.069 0.810 
 559 C _   0.024 0.051 0.001 0.016 0.013 0.029 0.068 0.798 
 560 V _   0.027 0.056 0.001 0.018 0.015 0.031 0.068 0.785 
 561 T _   0.030 0.061 0.001 0.020 0.017 0.033 0.067 0.771 
 562 I _   0.033 0.066 0.001 0.022 0.019 0.035 0.067 0.757 
 563 P _   0.035 0.071 0.001 0.025 0.021 0.036 0.067 0.744 
 564 E _   0.037 0.075 0.001 0.028 0.022 0.037 0.067 0.733 
 565 I _   0.038 0.078 0.002 0.031 0.023 0.037 0.068 0.725 
 566 L _   0.037 0.079 0.002 0.034 0.022 0.035 0.069 0.723 
 567 P _   0.035 0.078 0.002 0.034 0.021 0.033 0.070 0.726 
 568 K _   0.033 0.075 0.001 0.034 0.019 0.031 0.072 0.736 
 569 L _   0.029 0.069 0.001 0.031 0.016 0.027 0.074 0.752 
 570 L _   0.025 0.060 0.001 0.027 0.013 0.024 0.077 0.773 
 571 L _   0.021 0.049 0.001 0.021 0.010 0.020 0.079 0.799 
 572 S _   0.018 0.036 0.001 0.015 0.007 0.017 0.081 0.824 
 573 V _   0.015 0.026 0.001 0.010 0.005 0.015 0.083 0.846 
 574 K _   0.013 0.018 0.000 0.007 0.004 0.013 0.084 0.861 
 575 W _   0.011 0.014 0.000 0.005 0.003 0.012 0.085 0.870 
 576 N _   0.011 0.012 0.000 0.004 0.003 0.012 0.086 0.873 
 577 S _   0.012 0.012 0.000 0.004 0.003 0.013 0.086 0.870 
 578 R _   0.014 0.014 0.000 0.006 0.004 0.016 0.086 0.861 
 579 D _   0.017 0.019 0.001 0.009 0.007 0.019 0.085 0.843 
 580 E _   0.020 0.030 0.001 0.016 0.010 0.023 0.085 0.815 
 581 V _   0.023 0.045 0.001 0.027 0.014 0.026 0.084 0.779 
 582 A _   0.025 0.060 0.002 0.039 0.018 0.028 0.084 0.745 
 583 Q _   0.026 0.071 0.002 0.049 0.019 0.028 0.084 0.720 
 584 M _   0.026 0.077 0.002 0.055 0.020 0.028 0.085 0.708 
 585 Y _   0.025 0.078 0.001 0.056 0.019 0.026 0.086 0.709 
 586 C _   0.023 0.075 0.001 0.051 0.016 0.023 0.089 0.722 
 587 L _   0.020 0.066 0.001 0.042 0.013 0.020 0.091 0.745 
 588 V _   0.018 0.053 0.001 0.031 0.010 0.016 0.095 0.777 
 589 K _   0.015 0.036 0.001 0.019 0.006 0.013 0.098 0.811 
 590 D _   0.013 0.021 0.001 0.011 0.004 0.010 0.100 0.840 
 591 W _   0.010 0.012 0.000 0.006 0.003 0.008 0.102 0.859 
 592 P _   0.008 0.007 0.000 0.004 0.002 0.007 0.103 0.869 
 593 P _   0.007 0.005 0.000 0.003 0.002 0.007 0.103 0.873 
 594 I _   0.007 0.005 0.000 0.003 0.002 0.007 0.103 0.872 
 595 K _   0.007 0.006 0.000 0.005 0.002 0.009 0.102 0.868 
 596 P _   0.008 0.009 0.000 0.009 0.003 0.011 0.101 0.858 
 597 E _   0.009 0.014 0.001 0.016 0.005 0.012 0.100 0.844 
 598 Q _   0.010 0.019 0.001 0.023 0.006 0.014 0.098 0.829 
 599 A _   0.010 0.024 0.001 0.030 0.008 0.015 0.096 0.817 
 600 M _   0.009 0.026 0.001 0.033 0.008 0.015 0.095 0.812 
 601 E _   0.009 0.027 0.001 0.032 0.008 0.014 0.095 0.815 
 602 L _   0.008 0.025 0.001 0.028 0.007 0.012 0.095 0.824 
 603 L _   0.007 0.022 0.001 0.022 0.005 0.011 0.095 0.837 
 604 D _   0.007 0.017 0.001 0.015 0.004 0.010 0.095 0.852 
 605 C _   0.006 0.013 0.000 0.009 0.003 0.009 0.095 0.865 
 606 N _   0.006 0.009 0.000 0.005 0.002 0.008 0.095 0.874 
 607 Y _   0.006 0.007 0.000 0.004 0.002 0.009 0.094 0.878 
 608 P _   0.007 0.007 0.000 0.003 0.002 0.011 0.093 0.877 
 609 D _   0.010 0.008 0.000 0.004 0.003 0.015 0.091 0.869 
 610 P _   0.015 0.014 0.001 0.006 0.005 0.021 0.089 0.851 
 611 M _   0.022 0.030 0.001 0.011 0.010 0.029 0.085 0.813 
 612 V _   0.028 0.069 0.002 0.022 0.019 0.037 0.080 0.744 
 613 R _   0.031 0.135 0.003 0.037 0.028 0.044 0.073 0.650 
 614 G _   0.032 0.207 0.003 0.053 0.035 0.047 0.067 0.556 
 615 F _   0.031 0.262 0.003 0.067 0.038 0.048 0.062 0.489 
 616 A _   0.030 0.295 0.002 0.078 0.038 0.047 0.058 0.451 
 617 V _   0.029 0.310 0.002 0.083 0.038 0.045 0.057 0.436 
 618 R _   0.028 0.314 0.002 0.084 0.035 0.042 0.056 0.439 
 619 C _   0.027 0.308 0.002 0.079 0.032 0.039 0.056 0.457 
 620 L _   0.026 0.289 0.002 0.070 0.028 0.035 0.056 0.493 
 621 E _   0.025 0.252 0.002 0.057 0.024 0.031 0.058 0.551 
 622 K _   0.024 0.192 0.002 0.042 0.019 0.027 0.060 0.634 
 623 Y _   0.023 0.120 0.002 0.028 0.014 0.024 0.062 0.727 
 624 L _   0.022 0.059 0.001 0.016 0.009 0.021 0.064 0.809 
 625 T _   0.020 0.022 0.001 0.008 0.006 0.019 0.065 0.861 
 626 D _   0.019 0.007 0.000 0.004 0.003 0.017 0.065 0.885 
 627 D _   0.020 0.002 0.000 0.002 0.003 0.017 0.064 0.892 
 628 K _   0.024 0.001 0.000 0.002 0.003 0.019 0.063 0.889 
 629 L _   0.033 0.000 0.000 0.002 0.004 0.022 0.062 0.877 
 630 S _   0.046 0.001 0.001 0.003 0.006 0.029 0.061 0.854 
 631 Q _   0.064 0.002 0.001 0.005 0.011 0.037 0.059 0.821 
 632 Y _   0.082 0.005 0.001 0.010 0.019 0.046 0.057 0.779 
 633 L _   0.099 0.012 0.002 0.017 0.028 0.054 0.054 0.734 
 634 I _   0.114 0.020 0.002 0.026 0.037 0.059 0.052 0.690 
 635 Q _   0.123 0.026 0.002 0.034 0.043 0.062 0.051 0.658 
 636 L _   0.129 0.030 0.002 0.040 0.046 0.063 0.050 0.641 
 637 V _   0.131 0.032 0.002 0.041 0.045 0.061 0.049 0.638 
 638 Q _   0.130 0.031 0.002 0.038 0.042 0.058 0.049 0.650 
 639 V _   0.126 0.027 0.002 0.031 0.036 0.054 0.049 0.674 
 640 L _   0.120 0.020 0.002 0.023 0.029 0.049 0.049 0.708 
 641 K _   0.110 0.013 0.002 0.015 0.022 0.043 0.049 0.746 
 642 Y _   0.099 0.006 0.001 0.009 0.015 0.038 0.050 0.781 
 643 E _   0.088 0.003 0.001 0.005 0.010 0.035 0.050 0.808 
 644 Q _   0.079 0.001 0.001 0.003 0.008 0.032 0.050 0.827 
 645 Y _   0.074 0.000 0.001 0.003 0.006 0.030 0.050 0.836 
 646 L _   0.073 0.000 0.001 0.003 0.007 0.030 0.050 0.837 
 647 D _   0.073 0.001 0.001 0.004 0.008 0.031 0.049 0.833 
 648 N _   0.076 0.001 0.001 0.006 0.010 0.033 0.049 0.823 
 649 L _   0.080 0.003 0.001 0.010 0.013 0.035 0.049 0.810 
 650 L _   0.082 0.004 0.001 0.015 0.016 0.036 0.049 0.797 
 651 V _   0.082 0.006 0.001 0.019 0.018 0.036 0.049 0.789 
 652 R _   0.081 0.006 0.001 0.022 0.018 0.035 0.049 0.787 
 653 F _   0.078 0.006 0.001 0.021 0.017 0.034 0.049 0.794 
 654 L _   0.075 0.005 0.001 0.018 0.014 0.031 0.049 0.807 
 655 L _   0.071 0.004 0.001 0.013 0.011 0.029 0.050 0.822 
 656 K _   0.068 0.002 0.001 0.008 0.008 0.026 0.050 0.837 
 657 K _   0.066 0.001 0.001 0.005 0.006 0.024 0.050 0.848 
 658 A _   0.066 0.000 0.000 0.003 0.005 0.024 0.049 0.852 
 659 L _   0.070 0.000 0.000 0.002 0.004 0.024 0.049 0.850 
 660 T _   0.078 0.000 0.000 0.002 0.005 0.027 0.048 0.839 
 661 N _   0.092 0.000 0.001 0.002 0.007 0.031 0.048 0.819 
 662 Q _   0.109 0.001 0.001 0.003 0.012 0.037 0.047 0.790 
 663 R _   0.128 0.004 0.001 0.006 0.019 0.043 0.046 0.752 
