#TopoPred_TM8: 8-state transmembrane topology prediction results by no_profile mode 
#probabilities are in the order of H E C I L F X _, the 8 transmembrane topology types used in PDBTM 
   1 M X   0.009 0.001 0.001 0.027 0.006 0.007 0.749 0.199 
   2 D X   0.002 0.000 0.000 0.011 0.001 0.003 0.765 0.218 
   3 D X   0.001 0.000 0.000 0.005 0.000 0.002 0.767 0.225 
   4 Q X   0.001 0.001 0.000 0.004 0.000 0.003 0.764 0.227 
   5 Q X   0.002 0.002 0.000 0.006 0.001 0.007 0.757 0.225 
   6 A X   0.006 0.006 0.000 0.009 0.004 0.014 0.743 0.217 
   7 L X   0.011 0.019 0.001 0.016 0.007 0.021 0.725 0.201 
   8 N X   0.014 0.041 0.001 0.027 0.011 0.026 0.700 0.180 
   9 S X   0.015 0.069 0.001 0.038 0.015 0.028 0.674 0.159 
  10 I X   0.015 0.092 0.001 0.047 0.017 0.029 0.652 0.146 
  11 M X   0.015 0.106 0.001 0.053 0.019 0.029 0.636 0.142 
  12 Q X   0.015 0.112 0.001 0.054 0.019 0.028 0.625 0.146 
  13 D X   0.016 0.113 0.001 0.051 0.019 0.026 0.617 0.156 
  14 L X   0.016 0.111 0.001 0.045 0.018 0.024 0.613 0.173 
  15 A X   0.016 0.103 0.001 0.037 0.016 0.022 0.610 0.195 
  16 V X   0.016 0.091 0.001 0.028 0.013 0.020 0.609 0.223 
  17 L X   0.015 0.074 0.001 0.019 0.010 0.018 0.609 0.254 
  18 H X   0.014 0.058 0.001 0.013 0.007 0.016 0.609 0.282 
  19 K X   0.013 0.045 0.001 0.009 0.005 0.014 0.609 0.305 
  20 A X   0.011 0.036 0.000 0.006 0.004 0.013 0.608 0.321 
  21 S X   0.010 0.032 0.000 0.005 0.003 0.011 0.607 0.331 
  22 R X   0.009 0.029 0.000 0.005 0.003 0.011 0.605 0.337 
  23 P X   0.009 0.029 0.000 0.006 0.003 0.010 0.603 0.340 
  24 A X   0.008 0.028 0.000 0.008 0.003 0.010 0.601 0.341 
  25 L X   0.008 0.028 0.000 0.010 0.004 0.010 0.599 0.341 
  26 S X   0.008 0.028 0.000 0.012 0.004 0.009 0.597 0.341 
  27 L X   0.008 0.028 0.000 0.013 0.004 0.009 0.595 0.342 
  28 Q X   0.007 0.027 0.000 0.014 0.004 0.008 0.594 0.345 
  29 E X   0.007 0.025 0.000 0.013 0.004 0.008 0.594 0.350 
  30 T X   0.006 0.021 0.000 0.012 0.003 0.007 0.594 0.356 
  31 R X   0.006 0.017 0.000 0.010 0.003 0.006 0.594 0.364 
  32 K X   0.005 0.013 0.000 0.007 0.002 0.005 0.595 0.372 
  33 A X   0.005 0.009 0.000 0.005 0.002 0.004 0.595 0.380 
  34 K X   0.004 0.006 0.000 0.004 0.001 0.003 0.594 0.388 
  35 S X   0.003 0.004 0.000 0.003 0.001 0.003 0.592 0.393 
  36 S X   0.003 0.003 0.000 0.002 0.001 0.003 0.589 0.399 
  37 S X   0.003 0.002 0.000 0.002 0.001 0.002 0.585 0.404 
  38 P X   0.003 0.002 0.000 0.002 0.001 0.003 0.580 0.410 
  39 K X   0.003 0.003 0.000 0.002 0.001 0.003 0.573 0.415 
  40 K X   0.003 0.003 0.000 0.003 0.001 0.004 0.565 0.421 
  41 Q X   0.003 0.005 0.000 0.005 0.001 0.004 0.554 0.428 
  42 N X   0.003 0.008 0.000 0.007 0.002 0.005 0.541 0.433 
  43 D X   0.003 0.012 0.000 0.009 0.003 0.007 0.526 0.439 
  44 V X   0.004 0.019 0.000 0.013 0.003 0.008 0.510 0.444 
  45 R X   0.004 0.025 0.001 0.016 0.004 0.009 0.493 0.449 
  46 V X   0.004 0.032 0.001 0.018 0.004 0.009 0.476 0.456 
  47 K _   0.004 0.038 0.001 0.019 0.005 0.010 0.461 0.464 
  48 F _   0.004 0.043 0.001 0.020 0.005 0.010 0.446 0.472 
  49 E _   0.004 0.047 0.001 0.020 0.005 0.010 0.433 0.482 
  50 H _   0.004 0.050 0.001 0.019 0.005 0.010 0.421 0.491 
  51 R _   0.004 0.052 0.001 0.019 0.005 0.010 0.410 0.500 
  52 G _   0.004 0.055 0.001 0.018 0.005 0.010 0.400 0.508 
  53 E _   0.005 0.057 0.001 0.018 0.005 0.010 0.391 0.514 
  54 K _   0.005 0.059 0.001 0.018 0.005 0.010 0.382 0.520 
  55 R _   0.005 0.060 0.001 0.019 0.005 0.010 0.375 0.525 
  56 I _   0.005 0.061 0.001 0.019 0.005 0.010 0.368 0.530 
  57 L _   0.006 0.061 0.001 0.019 0.005 0.010 0.362 0.536 
  58 Q _   0.006 0.060 0.001 0.019 0.005 0.010 0.357 0.543 
  59 F _   0.006 0.058 0.001 0.018 0.005 0.009 0.353 0.551 
  60 P _   0.006 0.055 0.001 0.016 0.004 0.009 0.349 0.561 
  61 R _   0.005 0.051 0.000 0.014 0.004 0.008 0.345 0.572 
  62 P _   0.005 0.047 0.000 0.011 0.003 0.008 0.342 0.583 
  63 V _   0.005 0.043 0.000 0.009 0.003 0.007 0.339 0.594 
  64 K _   0.005 0.040 0.000 0.007 0.002 0.007 0.335 0.604 
  65 L _   0.005 0.038 0.000 0.006 0.002 0.007 0.331 0.612 
  66 E _   0.005 0.037 0.000 0.005 0.002 0.007 0.326 0.618 
  67 D _   0.005 0.037 0.000 0.005 0.002 0.008 0.320 0.622 
  68 L _   0.005 0.040 0.000 0.006 0.003 0.009 0.314 0.623 
  69 R _   0.006 0.045 0.000 0.009 0.004 0.011 0.306 0.619 
  70 S _   0.007 0.053 0.001 0.013 0.005 0.013 0.297 0.611 
  71 K _   0.008 0.067 0.001 0.019 0.007 0.015 0.287 0.596 
  72 A _   0.009 0.083 0.001 0.027 0.010 0.017 0.277 0.576 
  73 K _   0.009 0.098 0.001 0.035 0.012 0.019 0.267 0.559 
  74 I _   0.010 0.108 0.001 0.042 0.013 0.020 0.259 0.546 
  75 A _   0.010 0.114 0.001 0.047 0.014 0.020 0.253 0.541 
  76 F _   0.010 0.116 0.001 0.048 0.014 0.019 0.249 0.543 
  77 G _   0.010 0.114 0.001 0.046 0.013 0.018 0.245 0.552 
  78 Q _   0.010 0.107 0.001 0.041 0.011 0.017 0.243 0.570 
  79 S _   0.010 0.094 0.001 0.033 0.010 0.015 0.242 0.595 
  80 M _   0.010 0.077 0.001 0.024 0.008 0.014 0.241 0.626 
  81 D _   0.009 0.058 0.001 0.016 0.006 0.012 0.241 0.657 
  82 L _   0.009 0.042 0.001 0.010 0.004 0.011 0.240 0.683 
  83 H _   0.008 0.031 0.000 0.007 0.003 0.011 0.239 0.700 
  84 Y _   0.008 0.026 0.000 0.005 0.003 0.010 0.238 0.709 
  85 T _   0.008 0.024 0.000 0.006 0.003 0.011 0.236 0.713 
  86 N _   0.009 0.024 0.000 0.007 0.004 0.012 0.233 0.711 
  87 N _   0.010 0.026 0.001 0.011 0.005 0.013 0.230 0.704 
  88 E _   0.011 0.029 0.001 0.017 0.007 0.015 0.227 0.694 
  89 L _   0.012 0.032 0.001 0.023 0.008 0.016 0.224 0.684 
  90 V _   0.012 0.034 0.001 0.028 0.009 0.016 0.222 0.678 
  91 I _   0.012 0.035 0.001 0.031 0.009 0.016 0.220 0.677 
  92 P _   0.011 0.033 0.001 0.030 0.009 0.015 0.219 0.683 
  93 L _   0.010 0.030 0.001 0.026 0.008 0.013 0.218 0.695 
  94 T _   0.009 0.024 0.001 0.020 0.006 0.011 0.218 0.712 
  95 T _   0.007 0.017 0.001 0.013 0.004 0.010 0.217 0.731 
  96 Q _   0.006 0.011 0.000 0.009 0.003 0.008 0.216 0.746 
  97 D _   0.006 0.007 0.000 0.005 0.002 0.007 0.215 0.757 
  98 D _   0.005 0.004 0.000 0.004 0.002 0.007 0.214 0.763 
  99 L _   0.005 0.003 0.000 0.004 0.002 0.008 0.212 0.765 
 100 D _   0.006 0.003 0.000 0.004 0.002 0.009 0.210 0.765 
 101 K _   0.007 0.004 0.000 0.006 0.003 0.011 0.207 0.761 
 102 A _   0.009 0.005 0.000 0.009 0.004 0.013 0.204 0.755 
 103 V _   0.010 0.006 0.001 0.013 0.006 0.016 0.201 0.748 
 104 E _   0.011 0.007 0.001 0.017 0.007 0.018 0.198 0.741 
 105 L _   0.013 0.007 0.001 0.019 0.008 0.020 0.195 0.737 
 106 L _   0.014 0.007 0.001 0.019 0.009 0.022 0.192 0.737 
 107 D _   0.017 0.007 0.001 0.017 0.009 0.023 0.189 0.738 
 108 R _   0.020 0.005 0.001 0.014 0.009 0.025 0.187 0.740 
 109 S _   0.025 0.004 0.001 0.010 0.008 0.027 0.185 0.740 
 110 I _   0.032 0.003 0.001 0.007 0.009 0.030 0.182 0.736 
 111 H _   0.042 0.002 0.001 0.005 0.009 0.033 0.180 0.727 
 112 M _   0.055 0.002 0.001 0.005 0.011 0.037 0.178 0.710 
 113 K _   0.071 0.003 0.001 0.006 0.015 0.041 0.177 0.686 
 114 S _   0.088 0.004 0.001 0.007 0.021 0.046 0.175 0.657 
 115 L _   0.104 0.008 0.002 0.011 0.027 0.050 0.174 0.624 
 116 K _   0.117 0.013 0.002 0.016 0.033 0.053 0.174 0.592 
 117 I _   0.125 0.020 0.002 0.022 0.038 0.054 0.174 0.565 
 118 L _   0.128 0.025 0.002 0.027 0.039 0.053 0.176 0.549 
 119 L _   0.126 0.029 0.002 0.031 0.039 0.050 0.178 0.545 
 120 V _   0.119 0.031 0.002 0.033 0.036 0.047 0.181 0.552 
 121 I _   0.108 0.030 0.002 0.032 0.031 0.042 0.185 0.569 
 122 N _   0.094 0.028 0.002 0.029 0.026 0.037 0.190 0.595 
 123 G _   0.079 0.024 0.002 0.024 0.020 0.031 0.195 0.626 
 124 S _   0.064 0.019 0.001 0.018 0.014 0.026 0.200 0.657 
 125 T _   0.050 0.015 0.001 0.014 0.010 0.021 0.205 0.686 
 126 Q _   0.037 0.011 0.001 0.010 0.006 0.017 0.209 0.709 
 127 A _   0.027 0.008 0.001 0.008 0.005 0.014 0.212 0.726 
 128 T _   0.020 0.006 0.000 0.006 0.003 0.011 0.215 0.738 
 129 N _   0.015 0.005 0.000 0.006 0.003 0.009 0.217 0.745 
 130 L _   0.012 0.005 0.000 0.005 0.002 0.008 0.218 0.750 
 131 E _   0.009 0.005 0.000 0.005 0.002 0.007 0.219 0.752 
 132 P _   0.008 0.005 0.000 0.005 0.002 0.007 0.219 0.754 
 133 L _   0.007 0.006 0.000 0.005 0.002 0.006 0.219 0.755 
 134 P _   0.006 0.007 0.000 0.005 0.002 0.006 0.219 0.755 
 135 S _   0.005 0.008 0.000 0.005 0.002 0.006 0.218 0.755 
 136 L _   0.005 0.011 0.000 0.006 0.002 0.006 0.216 0.754 
 137 E _   0.005 0.015 0.000 0.007 0.002 0.007 0.214 0.750 
 138 D _   0.005 0.021 0.000 0.008 0.003 0.007 0.211 0.745 
 139 L _   0.005 0.029 0.000 0.010 0.003 0.008 0.208 0.737 
 140 D _   0.005 0.039 0.000 0.012 0.004 0.009 0.205 0.726 
 141 N _   0.006 0.053 0.001 0.014 0.004 0.010 0.201 0.712 
 142 T _   0.006 0.068 0.001 0.016 0.005 0.010 0.197 0.697 
 143 V _   0.006 0.083 0.001 0.018 0.005 0.011 0.193 0.682 
 144 F _   0.006 0.098 0.001 0.020 0.005 0.011 0.190 0.670 
 145 G _   0.006 0.111 0.001 0.020 0.005 0.011 0.186 0.659 
 146 A _   0.006 0.122 0.001 0.021 0.006 0.012 0.184 0.650 
 147 E _   0.005 0.133 0.001 0.021 0.006 0.012 0.181 0.641 
 148 R _   0.006 0.143 0.001 0.021 0.006 0.012 0.179 0.633 
 149 K _   0.006 0.152 0.001 0.023 0.006 0.012 0.177 0.624 
 150 K _   0.006 0.161 0.001 0.024 0.007 0.013 0.175 0.613 
 151 R _   0.007 0.169 0.001 0.028 0.007 0.013 0.175 0.601 
 152 L _   0.007 0.176 0.001 0.031 0.008 0.013 0.175 0.590 
 153 S _   0.007 0.180 0.001 0.034 0.008 0.013 0.175 0.581 
 154 I _   0.008 0.182 0.001 0.037 0.008 0.013 0.176 0.575 
 155 I _   0.008 0.180 0.001 0.037 0.008 0.013 0.179 0.575 
 156 G _   0.008 0.174 0.001 0.036 0.007 0.012 0.182 0.580 
 157 P _   0.008 0.163 0.001 0.032 0.007 0.011 0.186 0.592 
 158 T _   0.008 0.146 0.001 0.027 0.006 0.010 0.191 0.612 
 159 S _   0.008 0.123 0.001 0.021 0.005 0.009 0.197 0.637 
 160 R _   0.007 0.098 0.001 0.016 0.004 0.008 0.202 0.664 
 161 D _   0.007 0.077 0.000 0.011 0.003 0.007 0.207 0.688 
 162 R _   0.006 0.063 0.000 0.007 0.002 0.006 0.211 0.705 
 163 S _   0.005 0.054 0.000 0.005 0.001 0.005 0.213 0.716 
 164 S _   0.004 0.050 0.000 0.004 0.001 0.005 0.213 0.723 
 165 P _   0.004 0.049 0.000 0.004 0.001 0.005 0.213 0.725 
 166 P _   0.004 0.050 0.000 0.004 0.001 0.005 0.211 0.724 
 167 P _   0.004 0.055 0.000 0.005 0.002 0.006 0.208 0.720 
 168 G _   0.004 0.065 0.000 0.008 0.002 0.008 0.203 0.708 
 169 Y _   0.005 0.086 0.001 0.012 0.004 0.010 0.197 0.686 
 170 I _   0.005 0.122 0.001 0.019 0.006 0.012 0.187 0.648 
 171 P _   0.006 0.175 0.001 0.026 0.008 0.014 0.176 0.594 
 172 D _   0.006 0.240 0.001 0.033 0.009 0.015 0.164 0.532 
 173 E _   0.005 0.305 0.001 0.038 0.010 0.015 0.153 0.472 
 174 L _   0.005 0.358 0.001 0.041 0.010 0.014 0.145 0.426 
 175 H _   0.004 0.395 0.001 0.042 0.010 0.013 0.139 0.396 
 176 Q E   0.004 0.417 0.001 0.042 0.009 0.012 0.136 0.379 
 177 V E   0.004 0.430 0.001 0.040 0.008 0.011 0.134 0.372 
 178 A E   0.004 0.436 0.001 0.037 0.008 0.011 0.133 0.372 
 179 R E   0.004 0.436 0.001 0.033 0.007 0.010 0.132 0.377 
 180 N E   0.004 0.432 0.001 0.029 0.006 0.009 0.133 0.387 
 181 G E   0.004 0.423 0.001 0.024 0.006 0.009 0.134 0.400 
 182 S _   0.004 0.411 0.001 0.019 0.005 0.008 0.136 0.416 
 183 F _   0.004 0.398 0.001 0.016 0.004 0.008 0.138 0.431 
 184 T _   0.004 0.385 0.001 0.013 0.004 0.008 0.140 0.445 
 185 S _   0.004 0.374 0.000 0.012 0.004 0.008 0.142 0.455 
 186 I _   0.004 0.367 0.000 0.011 0.004 0.009 0.144 0.461 
 187 N _   0.005 0.361 0.000 0.012 0.004 0.009 0.146 0.463 
 188 S _   0.005 0.358 0.000 0.013 0.004 0.009 0.148 0.463 
 189 E _   0.005 0.356 0.000 0.014 0.004 0.010 0.150 0.460 
 190 G _   0.005 0.354 0.001 0.016 0.005 0.010 0.153 0.457 
 191 E _   0.005 0.351 0.001 0.018 0.005 0.010 0.155 0.455 
 192 F _   0.005 0.347 0.001 0.020 0.005 0.010 0.158 0.454 
 193 I _   0.005 0.340 0.001 0.021 0.006 0.010 0.162 0.455 
 194 P _   0.005 0.330 0.001 0.023 0.006 0.010 0.166 0.459 
 195 E _   0.005 0.318 0.001 0.023 0.006 0.010 0.171 0.465 
 196 S _   0.006 0.301 0.001 0.024 0.006 0.010 0.178 0.474 
 197 M _   0.006 0.280 0.001 0.024 0.006 0.010 0.186 0.486 
 198 D _   0.006 0.255 0.001 0.023 0.006 0.010 0.196 0.502 
 199 Q _   0.006 0.228 0.001 0.023 0.006 0.010 0.206 0.520 
 200 M _   0.006 0.198 0.001 0.022 0.006 0.010 0.218 0.539 
 201 L _   0.006 0.169 0.001 0.020 0.005 0.010 0.230 0.559 
 202 D _   0.006 0.141 0.001 0.018 0.005 0.009 0.242 0.578 
 203 P _   0.006 0.116 0.001 0.015 0.004 0.009 0.254 0.596 
 204 L _   0.005 0.095 0.001 0.013 0.003 0.008 0.264 0.611 
 205 S _   0.005 0.079 0.000 0.011 0.003 0.007 0.272 0.622 
 206 L _   0.004 0.066 0.000 0.010 0.002 0.007 0.279 0.631 
 207 S _   0.004 0.057 0.000 0.009 0.002 0.006 0.285 0.636 
 208 S _   0.004 0.051 0.000 0.008 0.002 0.006 0.290 0.639 
 209 P _   0.003 0.047 0.000 0.008 0.002 0.006 0.294 0.640 
 210 E _   0.003 0.044 0.000 0.008 0.002 0.006 0.297 0.639 
 211 N _   0.003 0.042 0.000 0.009 0.002 0.006 0.300 0.637 
 212 S _   0.003 0.041 0.000 0.011 0.002 0.006 0.302 0.634 
 213 G _   0.003 0.041 0.000 0.012 0.002 0.006 0.304 0.631 
 214 S _   0.003 0.040 0.000 0.014 0.003 0.007 0.306 0.627 
 215 G _   0.003 0.040 0.000 0.015 0.003 0.007 0.308 0.624 
 216 S _   0.003 0.039 0.000 0.016 0.003 0.007 0.311 0.621 
 217 C _   0.003 0.037 0.000 0.017 0.003 0.007 0.313 0.619 
 218 P _   0.003 0.035 0.000 0.017 0.003 0.007 0.316 0.618 
 219 S _   0.003 0.033 0.000 0.016 0.003 0.007 0.320 0.618 
 220 L _   0.004 0.030 0.000 0.015 0.003 0.007 0.323 0.619 
 221 D _   0.004 0.027 0.000 0.013 0.003 0.006 0.328 0.620 
 222 S _   0.004 0.023 0.000 0.011 0.002 0.006 0.332 0.622 
 223 P _   0.004 0.020 0.000 0.010 0.002 0.006 0.335 0.623 
 224 L _   0.004 0.017 0.000 0.008 0.002 0.005 0.339 0.625 
 225 D _   0.003 0.015 0.000 0.007 0.002 0.005 0.341 0.627 
 226 G _   0.003 0.013 0.000 0.006 0.001 0.005 0.343 0.627 
 227 E _   0.003 0.012 0.000 0.006 0.001 0.005 0.345 0.628 
 228 S _   0.003 0.011 0.000 0.006 0.001 0.005 0.346 0.627 
 229 Y _   0.003 0.011 0.000 0.006 0.002 0.005 0.346 0.626 
 230 P _   0.003 0.012 0.000 0.007 0.002 0.006 0.346 0.624 
 231 K _   0.004 0.013 0.000 0.009 0.002 0.006 0.345 0.620 
 232 S _   0.004 0.014 0.000 0.011 0.003 0.007 0.345 0.616 
 233 R _   0.004 0.016 0.000 0.014 0.003 0.008 0.344 0.612 
 234 M _   0.004 0.017 0.000 0.016 0.003 0.008 0.343 0.608 
 235 P _   0.004 0.018 0.000 0.017 0.003 0.008 0.343 0.606 
 236 R _   0.004 0.018 0.000 0.018 0.003 0.008 0.343 0.606 
 237 A _   0.004 0.018 0.000 0.017 0.003 0.008 0.343 0.607 
 238 Q _   0.004 0.017 0.000 0.015 0.003 0.007 0.344 0.610 
 239 S _   0.004 0.015 0.000 0.013 0.003 0.006 0.344 0.614 
 240 Y _   0.004 0.013 0.000 0.011 0.002 0.006 0.345 0.618 
 241 P _   0.004 0.012 0.000 0.009 0.002 0.005 0.346 0.622 
 242 D _   0.004 0.010 0.000 0.008 0.002 0.005 0.346 0.625 
 243 N _   0.004 0.009 0.000 0.007 0.002 0.005 0.346 0.628 
 244 H _   0.004 0.009 0.000 0.006 0.001 0.005 0.345 0.631 
 245 Q _   0.004 0.008 0.000 0.005 0.001 0.004 0.343 0.633 
 246 E _   0.003 0.008 0.000 0.005 0.001 0.004 0.341 0.636 
 247 F _   0.003 0.008 0.000 0.005 0.001 0.004 0.338 0.639 
 248 S _   0.003 0.009 0.000 0.005 0.001 0.005 0.334 0.642 
 249 D _   0.003 0.010 0.000 0.006 0.002 0.005 0.330 0.644 
 250 Y _   0.003 0.012 0.000 0.007 0.002 0.005 0.324 0.647 
 251 D _   0.003 0.015 0.000 0.008 0.002 0.006 0.318 0.648 
 252 N _   0.003 0.019 0.000 0.010 0.002 0.007 0.310 0.647 
 253 P _   0.004 0.025 0.000 0.012 0.003 0.007 0.303 0.646 
 254 I _   0.004 0.031 0.000 0.014 0.003 0.008 0.295 0.643 
 255 F _   0.004 0.038 0.000 0.016 0.004 0.009 0.287 0.641 
 256 E _   0.004 0.044 0.001 0.018 0.004 0.009 0.280 0.639 
 257 K _   0.004 0.050 0.001 0.020 0.005 0.010 0.273 0.638 
 258 F _   0.004 0.055 0.001 0.020 0.005 0.010 0.267 0.639 
 259 G _   0.004 0.058 0.001 0.020 0.005 0.010 0.261 0.641 
 260 K _   0.005 0.061 0.001 0.019 0.005 0.010 0.256 0.644 
 261 G _   0.005 0.063 0.001 0.018 0.005 0.010 0.252 0.647 
 262 G _   0.005 0.064 0.001 0.018 0.004 0.010 0.248 0.650 
 263 T _   0.005 0.065 0.001 0.017 0.004 0.010 0.245 0.653 
 264 Y _   0.005 0.066 0.001 0.016 0.004 0.010 0.242 0.656 
 265 P _   0.006 0.067 0.000 0.016 0.004 0.010 0.239 0.658 
 266 R _   0.006 0.067 0.001 0.017 0.004 0.010 0.236 0.659 
 267 R _   0.006 0.067 0.001 0.017 0.004 0.010 0.234 0.661 
 268 Y _   0.006 0.067 0.001 0.017 0.004 0.010 0.232 0.663 
 269 H _   0.006 0.066 0.001 0.017 0.004 0.009 0.230 0.666 
 270 V _   0.006 0.065 0.000 0.017 0.004 0.009 0.229 0.670 
 271 S _   0.006 0.063 0.000 0.016 0.004 0.009 0.227 0.676 
 272 Y _   0.006 0.060 0.000 0.014 0.003 0.008 0.226 0.682 
 273 H _   0.006 0.057 0.000 0.012 0.003 0.007 0.224 0.690 
 274 H _   0.005 0.053 0.000 0.010 0.003 0.007 0.223 0.699 
 275 Q _   0.005 0.050 0.000 0.008 0.002 0.006 0.221 0.708 
 276 E _   0.004 0.048 0.000 0.007 0.002 0.006 0.218 0.715 
 277 Y _   0.004 0.048 0.000 0.006 0.002 0.006 0.215 0.720 
 278 N _   0.004 0.049 0.000 0.005 0.002 0.006 0.210 0.724 
 279 D _   0.004 0.052 0.000 0.006 0.002 0.007 0.205 0.724 
 280 G _   0.005 0.058 0.000 0.007 0.002 0.008 0.199 0.720 
 281 R _   0.005 0.071 0.000 0.010 0.003 0.010 0.191 0.710 
 282 K _   0.006 0.092 0.001 0.014 0.005 0.011 0.181 0.691 
 283 T _   0.006 0.123 0.001 0.019 0.006 0.013 0.169 0.663 
 284 F _   0.006 0.162 0.001 0.024 0.008 0.014 0.157 0.628 
 285 P _   0.006 0.205 0.001 0.028 0.009 0.014 0.145 0.592 
 286 R _   0.006 0.243 0.001 0.032 0.009 0.014 0.134 0.561 
 287 A _   0.006 0.272 0.001 0.033 0.009 0.014 0.126 0.540 
 288 R _   0.005 0.293 0.001 0.033 0.008 0.013 0.119 0.527 
 289 R _   0.005 0.307 0.001 0.032 0.008 0.013 0.113 0.521 
 290 T _   0.005 0.316 0.001 0.030 0.007 0.012 0.109 0.519 
 291 Q _   0.005 0.321 0.001 0.029 0.007 0.012 0.105 0.520 
 292 G _   0.005 0.324 0.001 0.027 0.007 0.011 0.103 0.523 
 293 T _   0.005 0.324 0.001 0.025 0.006 0.011 0.100 0.528 
 294 S _   0.005 0.322 0.001 0.024 0.006 0.010 0.098 0.534 
 295 L _   0.005 0.319 0.001 0.023 0.006 0.010 0.097 0.540 
 296 R _   0.005 0.313 0.001 0.022 0.005 0.010 0.096 0.549 
 297 S _   0.005 0.306 0.001 0.021 0.005 0.009 0.095 0.559 
 298 P _   0.005 0.298 0.001 0.019 0.005 0.009 0.094 0.570 
 299 V _   0.005 0.287 0.001 0.017 0.004 0.008 0.093 0.584 
 300 S _   0.005 0.276 0.001 0.015 0.004 0.008 0.093 0.600 
 301 F _   0.005 0.264 0.000 0.013 0.003 0.007 0.092 0.616 
 302 S _   0.004 0.254 0.000 0.010 0.003 0.007 0.091 0.630 
 303 P _   0.004 0.246 0.000 0.009 0.002 0.006 0.090 0.642 
 304 T _   0.004 0.242 0.000 0.007 0.002 0.006 0.088 0.650 
 305 D _   0.004 0.241 0.000 0.007 0.002 0.007 0.086 0.653 
 306 H _   0.004 0.244 0.000 0.008 0.002 0.007 0.084 0.651 
 307 S _   0.004 0.252 0.000 0.009 0.003 0.008 0.081 0.642 
 308 L _   0.005 0.267 0.001 0.013 0.004 0.010 0.077 0.625 
 309 S _   0.005 0.291 0.001 0.017 0.006 0.011 0.072 0.598 
 310 T _   0.005 0.324 0.001 0.023 0.007 0.012 0.066 0.562 
 311 S _   0.005 0.359 0.001 0.030 0.008 0.012 0.061 0.523 
 312 S _   0.005 0.389 0.001 0.035 0.009 0.013 0.056 0.491 
 313 G _   0.005 0.411 0.001 0.040 0.009 0.013 0.053 0.469 
 314 S _   0.005 0.422 0.001 0.043 0.009 0.012 0.051 0.457 
 315 S _   0.005 0.426 0.001 0.043 0.009 0.012 0.050 0.455 
 316 I _   0.005 0.423 0.001 0.041 0.008 0.011 0.049 0.462 
 317 F _   0.005 0.412 0.001 0.037 0.008 0.011 0.049 0.477 
 318 T _   0.005 0.393 0.001 0.032 0.007 0.010 0.049 0.502 
 319 P _   0.005 0.366 0.001 0.026 0.007 0.010 0.050 0.535 
 320 E _   0.005 0.335 0.001 0.021 0.006 0.009 0.051 0.571 
 321 Y _   0.005 0.304 0.001 0.017 0.005 0.009 0.053 0.607 
 322 D _   0.005 0.279 0.001 0.014 0.004 0.009 0.054 0.635 
 323 D _   0.005 0.260 0.000 0.012 0.003 0.008 0.055 0.655 
 324 S _   0.005 0.248 0.000 0.011 0.003 0.008 0.055 0.669 
 325 R _   0.005 0.239 0.000 0.011 0.003 0.008 0.056 0.678 
 326 I _   0.005 0.234 0.000 0.011 0.003 0.008 0.056 0.684 
 327 R _   0.005 0.229 0.000 0.011 0.003 0.008 0.056 0.688 
 328 R _   0.004 0.226 0.000 0.011 0.003 0.008 0.056 0.692 
 329 R _   0.004 0.223 0.000 0.011 0.003 0.008 0.055 0.696 
 330 G _   0.004 0.220 0.000 0.010 0.003 0.008 0.055 0.699 
 331 S _   0.004 0.219 0.000 0.010 0.003 0.008 0.054 0.701 
 332 D _   0.004 0.220 0.000 0.010 0.003 0.009 0.054 0.700 
 333 I _   0.005 0.222 0.000 0.012 0.004 0.009 0.053 0.695 
 334 D _   0.005 0.228 0.000 0.014 0.004 0.011 0.052 0.685 
 335 N _   0.006 0.235 0.001 0.018 0.005 0.012 0.052 0.671 
 336 P _   0.007 0.244 0.001 0.023 0.007 0.013 0.051 0.655 
 337 T _   0.008 0.253 0.001 0.029 0.008 0.014 0.051 0.638 
 338 L _   0.008 0.258 0.001 0.034 0.009 0.014 0.050 0.627 
 339 T _   0.008 0.259 0.001 0.037 0.009 0.014 0.051 0.622 
 340 V _   0.008 0.256 0.001 0.037 0.009 0.014 0.051 0.624 
 341 M _   0.008 0.247 0.001 0.035 0.008 0.013 0.052 0.636 
 342 D _   0.008 0.231 0.001 0.030 0.007 0.012 0.054 0.657 
 343 I _   0.008 0.208 0.001 0.024 0.006 0.011 0.055 0.686 
 344 S _   0.008 0.180 0.001 0.018 0.005 0.010 0.057 0.721 
 345 P _   0.007 0.154 0.001 0.013 0.004 0.009 0.059 0.753 
 346 P _   0.007 0.135 0.000 0.009 0.003 0.009 0.060 0.778 
 347 S _   0.006 0.123 0.000 0.006 0.002 0.008 0.061 0.793 
 348 R _   0.006 0.118 0.000 0.005 0.002 0.008 0.061 0.800 
 349 S _   0.006 0.117 0.000 0.005 0.002 0.009 0.061 0.800 
 350 P _   0.007 0.121 0.000 0.006 0.003 0.010 0.060 0.793 
 351 R _   0.007 0.132 0.000 0.008 0.004 0.012 0.058 0.777 
 352 A _   0.008 0.155 0.001 0.012 0.005 0.015 0.056 0.748 
 353 P _   0.009 0.192 0.001 0.016 0.008 0.017 0.053 0.705 
 354 T _   0.010 0.243 0.001 0.021 0.010 0.018 0.049 0.648 
 355 N _   0.009 0.303 0.001 0.025 0.011 0.019 0.045 0.586 
 356 W _   0.009 0.363 0.001 0.028 0.012 0.019 0.042 0.527 
 357 R _   0.008 0.415 0.001 0.029 0.012 0.019 0.038 0.477 
 358 L E   0.007 0.457 0.001 0.029 0.012 0.018 0.036 0.439 
 359 G E   0.007 0.488 0.001 0.029 0.012 0.018 0.034 0.411 
 360 K E   0.007 0.511 0.001 0.028 0.011 0.018 0.033 0.391 
 361 L E   0.007 0.526 0.001 0.027 0.011 0.018 0.032 0.378 
 362 L E   0.008 0.537 0.001 0.026 0.011 0.017 0.031 0.368 
 363 G E   0.008 0.543 0.001 0.026 0.011 0.017 0.031 0.362 
 364 Q E   0.009 0.546 0.001 0.026 0.012 0.017 0.031 0.359 
 365 G E   0.010 0.545 0.001 0.026 0.012 0.017 0.031 0.358 
 366 A E   0.010 0.542 0.001 0.026 0.012 0.017 0.031 0.361 
 367 F E   0.011 0.534 0.001 0.027 0.012 0.017 0.032 0.366 
 368 G E   0.011 0.522 0.001 0.028 0.012 0.017 0.033 0.377 
 369 R E   0.012 0.502 0.001 0.028 0.012 0.016 0.035 0.394 
 370 V E   0.012 0.473 0.001 0.027 0.012 0.016 0.037 0.422 
 371 Y _   0.013 0.433 0.001 0.025 0.011 0.016 0.040 0.461 
 372 L _   0.013 0.384 0.001 0.023 0.010 0.016 0.043 0.510 
 373 C _   0.013 0.332 0.001 0.019 0.009 0.015 0.047 0.564 
 374 Y _   0.012 0.286 0.001 0.015 0.007 0.015 0.051 0.613 
 375 D _   0.011 0.252 0.001 0.011 0.006 0.015 0.054 0.650 
 376 V _   0.011 0.233 0.001 0.009 0.005 0.015 0.056 0.671 
 377 D _   0.010 0.223 0.000 0.009 0.004 0.015 0.058 0.681 
 378 T _   0.010 0.219 0.000 0.010 0.005 0.015 0.059 0.681 
 379 G _   0.011 0.220 0.001 0.013 0.006 0.016 0.060 0.673 
 380 R _   0.011 0.225 0.001 0.018 0.007 0.017 0.061 0.660 
 381 E _   0.012 0.230 0.001 0.025 0.008 0.018 0.063 0.643 
 382 L _   0.012 0.235 0.001 0.032 0.010 0.018 0.064 0.628 
 383 A _   0.012 0.237 0.001 0.038 0.011 0.018 0.066 0.618 
 384 V _   0.012 0.234 0.001 0.041 0.011 0.017 0.068 0.616 
 385 K _   0.011 0.225 0.001 0.041 0.010 0.016 0.072 0.623 
 386 Q _   0.011 0.208 0.001 0.038 0.010 0.015 0.076 0.641 
 387 V _   0.011 0.180 0.001 0.033 0.009 0.013 0.081 0.672 
 388 Q _   0.010 0.140 0.001 0.027 0.007 0.012 0.087 0.715 
 389 F _   0.010 0.095 0.001 0.020 0.006 0.010 0.094 0.765 
 390 D _   0.009 0.055 0.001 0.013 0.004 0.009 0.099 0.810 
 391 P _   0.007 0.028 0.000 0.008 0.003 0.007 0.104 0.843 
 392 D _   0.006 0.013 0.000 0.005 0.002 0.006 0.106 0.861 
 393 S _   0.005 0.006 0.000 0.003 0.001 0.006 0.108 0.871 
 394 P _   0.005 0.004 0.000 0.002 0.001 0.006 0.109 0.874 
 395 E _   0.005 0.003 0.000 0.002 0.001 0.007 0.108 0.874 
 396 T _   0.006 0.003 0.000 0.003 0.001 0.009 0.108 0.871 
 397 S _   0.008 0.004 0.000 0.004 0.002 0.012 0.106 0.863 
 398 K _   0.010 0.007 0.000 0.007 0.004 0.018 0.104 0.850 
 399 E _   0.014 0.014 0.001 0.012 0.007 0.024 0.100 0.827 
 400 V _   0.019 0.026 0.001 0.019 0.011 0.032 0.096 0.795 
 401 N _   0.023 0.042 0.001 0.029 0.017 0.039 0.092 0.757 
 402 A _   0.028 0.057 0.002 0.039 0.023 0.046 0.087 0.718 
 403 L _   0.032 0.068 0.002 0.048 0.028 0.051 0.084 0.688 
 404 E _   0.036 0.074 0.002 0.053 0.032 0.054 0.081 0.668 
 405 C _   0.040 0.077 0.002 0.054 0.034 0.055 0.078 0.660 
 406 E _   0.043 0.076 0.002 0.052 0.033 0.055 0.077 0.662 
 407 I _   0.046 0.070 0.002 0.045 0.031 0.054 0.076 0.676 
 408 Q _   0.049 0.061 0.002 0.035 0.028 0.052 0.075 0.698 
 409 L _   0.051 0.049 0.002 0.026 0.024 0.050 0.075 0.725 
 410 L _   0.053 0.036 0.001 0.017 0.020 0.047 0.075 0.750 
 411 K _   0.053 0.026 0.001 0.012 0.016 0.045 0.075 0.772 
 412 N _   0.054 0.020 0.001 0.008 0.014 0.043 0.074 0.786 
 413 L _   0.054 0.017 0.001 0.007 0.013 0.042 0.074 0.792 
 414 L _   0.055 0.016 0.001 0.008 0.013 0.041 0.074 0.792 
 415 H _   0.056 0.017 0.001 0.011 0.014 0.040 0.073 0.787 
 416 E _   0.056 0.019 0.001 0.015 0.016 0.039 0.073 0.781 
 417 R _   0.055 0.021 0.001 0.020 0.017 0.038 0.073 0.775 
 418 I _   0.052 0.024 0.001 0.025 0.018 0.036 0.074 0.771 
 419 V _   0.048 0.025 0.001 0.028 0.017 0.033 0.074 0.773 
 420 Q _   0.042 0.025 0.001 0.029 0.016 0.030 0.075 0.782 
 421 Y _   0.037 0.023 0.001 0.027 0.014 0.026 0.076 0.796 
 422 Y _   0.031 0.019 0.001 0.023 0.011 0.022 0.077 0.816 
 423 G _   0.025 0.015 0.001 0.017 0.008 0.018 0.078 0.837 
 424 C _   0.020 0.010 0.001 0.012 0.005 0.015 0.079 0.858 
 425 L _   0.016 0.005 0.000 0.007 0.004 0.013 0.079 0.875 
 426 R _   0.013 0.003 0.000 0.004 0.003 0.011 0.079 0.887 
 427 D _   0.011 0.002 0.000 0.003 0.002 0.011 0.079 0.893 
 428 P _   0.011 0.002 0.000 0.002 0.002 0.011 0.078 0.894 
 429 Q _   0.013 0.002 0.000 0.003 0.003 0.014 0.077 0.889 
 430 E _   0.016 0.005 0.000 0.004 0.005 0.018 0.075 0.877 
 431 K _   0.021 0.014 0.001 0.009 0.009 0.023 0.073 0.850 
 432 T _   0.026 0.036 0.001 0.019 0.015 0.030 0.070 0.803 
 433 L _   0.030 0.072 0.002 0.034 0.022 0.035 0.066 0.740 
 434 S _   0.031 0.109 0.002 0.050 0.027 0.037 0.063 0.680 
 435 I _   0.031 0.136 0.002 0.065 0.030 0.038 0.060 0.639 
 436 F _   0.031 0.149 0.002 0.074 0.030 0.037 0.058 0.618 
 437 M _   0.030 0.155 0.002 0.076 0.029 0.035 0.058 0.615 
 438 E _   0.028 0.153 0.002 0.072 0.026 0.032 0.058 0.629 
 439 Y _   0.025 0.143 0.002 0.062 0.023 0.028 0.058 0.658 
 440 M _   0.022 0.123 0.002 0.049 0.018 0.024 0.059 0.702 
 441 P _   0.020 0.095 0.001 0.034 0.013 0.021 0.060 0.756 
 442 G _   0.017 0.063 0.001 0.022 0.009 0.017 0.061 0.810 
 443 G _   0.014 0.037 0.001 0.013 0.006 0.014 0.062 0.853 
 444 S _   0.011 0.022 0.000 0.007 0.004 0.012 0.062 0.880 
 445 I _   0.010 0.016 0.000 0.005 0.003 0.011 0.062 0.894 
 446 K _   0.009 0.013 0.000 0.004 0.002 0.011 0.062 0.899 
 447 D _   0.009 0.013 0.000 0.004 0.003 0.012 0.061 0.899 
 448 Q _   0.009 0.014 0.000 0.006 0.003 0.013 0.059 0.894 
 449 L _   0.011 0.018 0.001 0.009 0.005 0.015 0.058 0.885 
 450 K _   0.012 0.023 0.001 0.014 0.007 0.017 0.056 0.870 
 451 A _   0.013 0.030 0.001 0.020 0.009 0.020 0.054 0.855 
 452 Y _   0.014 0.036 0.001 0.025 0.011 0.021 0.052 0.841 
 453 G _   0.014 0.040 0.001 0.029 0.012 0.023 0.050 0.831 
 454 A _   0.015 0.042 0.001 0.031 0.012 0.023 0.049 0.827 
 455 L _   0.016 0.042 0.001 0.030 0.012 0.024 0.048 0.828 
 456 T _   0.016 0.041 0.001 0.026 0.011 0.023 0.047 0.834 
 457 E _   0.016 0.038 0.001 0.022 0.010 0.023 0.046 0.843 
 458 N _   0.017 0.033 0.001 0.017 0.009 0.023 0.046 0.853 
 459 V _   0.018 0.029 0.001 0.013 0.008 0.023 0.045 0.863 
 460 T _   0.019 0.025 0.001 0.010 0.007 0.024 0.045 0.869 
 461 R _   0.021 0.023 0.001 0.008 0.007 0.025 0.044 0.871 
 462 K _   0.023 0.023 0.001 0.007 0.008 0.027 0.044 0.868 
 463 Y _   0.026 0.023 0.001 0.008 0.009 0.029 0.043 0.861 
 464 T _   0.029 0.026 0.001 0.009 0.011 0.032 0.042 0.850 
 465 R _   0.033 0.031 0.001 0.012 0.014 0.034 0.041 0.834 
 466 Q _   0.035 0.037 0.001 0.016 0.016 0.036 0.040 0.817 
 467 I _   0.038 0.045 0.001 0.020 0.019 0.038 0.040 0.800 
 468 L _   0.039 0.052 0.001 0.023 0.021 0.039 0.039 0.786 
 469 E _   0.039 0.057 0.002 0.026 0.022 0.039 0.039 0.777 
 470 G _   0.039 0.062 0.002 0.027 0.022 0.038 0.038 0.772 
 471 V _   0.039 0.064 0.001 0.027 0.022 0.037 0.038 0.773 
 472 H _   0.037 0.064 0.001 0.026 0.021 0.035 0.038 0.777 
 473 Y _   0.035 0.064 0.001 0.024 0.019 0.033 0.039 0.785 
 474 L _   0.033 0.062 0.001 0.023 0.017 0.031 0.039 0.795 
 475 H _   0.030 0.060 0.001 0.021 0.015 0.028 0.040 0.805 
 476 S _   0.028 0.057 0.001 0.019 0.013 0.026 0.041 0.816 
 477 N _   0.025 0.054 0.001 0.018 0.011 0.024 0.041 0.826 
 478 M _   0.023 0.052 0.001 0.017 0.010 0.021 0.042 0.835 
 479 I _   0.021 0.049 0.001 0.015 0.008 0.019 0.043 0.844 
 480 V _   0.018 0.046 0.001 0.014 0.007 0.018 0.044 0.851 
 481 H _   0.017 0.044 0.001 0.014 0.007 0.016 0.044 0.858 
 482 R _   0.015 0.042 0.001 0.014 0.006 0.015 0.045 0.863 
 483 D _   0.013 0.040 0.001 0.013 0.006 0.014 0.045 0.868 
 484 I _   0.012 0.039 0.001 0.014 0.006 0.013 0.046 0.871 
 485 K _   0.011 0.038 0.001 0.014 0.005 0.012 0.046 0.873 
 486 G _   0.010 0.037 0.001 0.014 0.005 0.012 0.047 0.875 
 487 A _   0.010 0.036 0.001 0.014 0.005 0.011 0.047 0.877 
 488 N _   0.009 0.035 0.001 0.014 0.005 0.010 0.048 0.879 
 489 I _   0.009 0.033 0.001 0.014 0.004 0.010 0.048 0.882 
 490 L _   0.008 0.032 0.001 0.013 0.004 0.009 0.048 0.885 
 491 R _   0.007 0.030 0.000 0.012 0.004 0.008 0.049 0.889 
 492 D _   0.007 0.028 0.000 0.011 0.003 0.008 0.049 0.893 
 493 S _   0.006 0.027 0.000 0.010 0.003 0.007 0.049 0.897 
 494 T _   0.006 0.025 0.000 0.009 0.003 0.007 0.050 0.900 
 495 G _   0.006 0.024 0.000 0.008 0.003 0.007 0.050 0.902 
 496 N _   0.006 0.024 0.000 0.007 0.002 0.007 0.049 0.903 
 497 V _   0.006 0.025 0.000 0.007 0.002 0.008 0.049 0.903 
 498 K _   0.006 0.026 0.000 0.007 0.003 0.008 0.049 0.901 
 499 L _   0.006 0.028 0.000 0.007 0.003 0.009 0.048 0.898 
 500 G _   0.006 0.030 0.000 0.008 0.003 0.010 0.047 0.895 
 501 D _   0.007 0.034 0.000 0.009 0.003 0.012 0.046 0.889 
 502 F _   0.008 0.040 0.000 0.010 0.004 0.013 0.045 0.880 
 503 G _   0.009 0.048 0.001 0.011 0.005 0.016 0.044 0.867 
 504 A _   0.010 0.058 0.001 0.013 0.007 0.019 0.042 0.850 
 505 S _   0.012 0.073 0.001 0.016 0.009 0.022 0.040 0.827 
 506 K _   0.014 0.092 0.001 0.020 0.012 0.026 0.038 0.798 
 507 R _   0.016 0.115 0.001 0.025 0.015 0.028 0.036 0.764 
 508 L _   0.018 0.138 0.001 0.030 0.017 0.031 0.034 0.730 
 509 Q _   0.019 0.159 0.002 0.036 0.020 0.032 0.032 0.700 
 510 T _   0.020 0.176 0.002 0.041 0.021 0.033 0.031 0.677 
 511 I _   0.021 0.186 0.002 0.045 0.022 0.032 0.030 0.663 
 512 C _   0.021 0.191 0.001 0.046 0.022 0.032 0.029 0.659 
 513 L _   0.021 0.191 0.001 0.045 0.021 0.030 0.028 0.662 
 514 S _   0.021 0.186 0.001 0.042 0.020 0.029 0.028 0.672 
 515 G _   0.021 0.177 0.001 0.038 0.018 0.027 0.028 0.689 
 516 T _   0.020 0.163 0.001 0.032 0.016 0.026 0.029 0.712 
 517 G _   0.020 0.145 0.001 0.027 0.014 0.024 0.029 0.739 
 518 M _   0.019 0.125 0.001 0.023 0.012 0.022 0.030 0.768 
 519 K _   0.018 0.105 0.001 0.019 0.010 0.021 0.030 0.795 
 520 S _   0.018 0.088 0.001 0.016 0.009 0.020 0.031 0.819 
 521 V _   0.016 0.074 0.001 0.014 0.008 0.018 0.031 0.837 
 522 T _   0.015 0.064 0.001 0.013 0.007 0.017 0.032 0.851 
 523 G _   0.014 0.056 0.001 0.013 0.007 0.017 0.032 0.861 
 524 T _   0.014 0.051 0.001 0.013 0.007 0.016 0.032 0.868 
 525 P _   0.013 0.046 0.001 0.014 0.007 0.015 0.032 0.873 
 526 Y _   0.012 0.042 0.001 0.014 0.007 0.015 0.032 0.878 
 527 W _   0.011 0.037 0.001 0.015 0.007 0.014 0.033 0.882 
 528 M _   0.010 0.033 0.001 0.015 0.007 0.014 0.033 0.887 
 529 S _   0.010 0.029 0.001 0.015 0.006 0.013 0.033 0.893 
 530 P _   0.010 0.025 0.001 0.015 0.006 0.012 0.033 0.898 
 531 E _   0.009 0.021 0.001 0.014 0.006 0.012 0.033 0.904 
 532 V _   0.010 0.017 0.001 0.013 0.005 0.011 0.034 0.910 
 533 I _   0.010 0.013 0.001 0.012 0.005 0.011 0.034 0.916 
 534 S _   0.012 0.009 0.001 0.010 0.004 0.011 0.034 0.920 
 535 G _   0.015 0.006 0.001 0.008 0.004 0.010 0.034 0.923 
 536 E _   0.020 0.003 0.000 0.006 0.004 0.010 0.033 0.923 
 537 G _   0.029 0.001 0.000 0.005 0.003 0.011 0.033 0.917 
 538 Y _   0.044 0.001 0.000 0.003 0.004 0.012 0.032 0.904 
 539 G _   0.069 0.000 0.000 0.002 0.004 0.013 0.031 0.880 
 540 R _   0.109 0.000 0.001 0.002 0.005 0.015 0.030 0.839 
 541 K _   0.169 0.000 0.001 0.002 0.007 0.018 0.028 0.776 
 542 A _   0.249 0.000 0.001 0.002 0.009 0.021 0.026 0.691 
 543 D _   0.345 0.000 0.001 0.002 0.014 0.025 0.025 0.589 
 544 I _   0.445 0.000 0.001 0.002 0.020 0.028 0.024 0.480 
 545 W H   0.531 0.000 0.002 0.002 0.027 0.031 0.023 0.384 
 546 S H   0.598 0.000 0.002 0.002 0.033 0.032 0.023 0.309 
 547 V H   0.642 0.000 0.002 0.003 0.038 0.032 0.024 0.258 
 548 A H   0.666 0.001 0.002 0.004 0.041 0.032 0.026 0.229 
 549 C H   0.671 0.001 0.002 0.006 0.042 0.030 0.029 0.218 
 550 T H   0.658 0.002 0.002 0.007 0.042 0.029 0.033 0.227 
 551 V H   0.627 0.002 0.002 0.008 0.039 0.027 0.038 0.257 
 552 V H   0.575 0.001 0.002 0.008 0.035 0.025 0.045 0.309 
 553 E H   0.501 0.001 0.002 0.007 0.028 0.022 0.053 0.386 
 554 M _   0.407 0.001 0.002 0.006 0.020 0.019 0.062 0.484 
 555 L _   0.308 0.000 0.001 0.004 0.012 0.016 0.072 0.587 
 556 T _   0.217 0.000 0.001 0.002 0.007 0.013 0.081 0.679 
 557 E _   0.147 0.000 0.001 0.001 0.004 0.011 0.088 0.748 
 558 K _   0.104 0.000 0.000 0.001 0.003 0.011 0.094 0.787 
 559 P _   0.083 0.000 0.000 0.001 0.002 0.012 0.099 0.803 
 560 P _   0.078 0.000 0.000 0.001 0.003 0.015 0.103 0.801 
 561 W _   0.085 0.000 0.000 0.001 0.004 0.020 0.107 0.783 
 562 A _   0.102 0.000 0.001 0.002 0.008 0.028 0.111 0.748 
 563 E _   0.126 0.002 0.001 0.004 0.016 0.039 0.115 0.696 
 564 F _   0.152 0.008 0.002 0.009 0.028 0.051 0.120 0.630 
 565 E _   0.173 0.023 0.003 0.017 0.043 0.061 0.126 0.555 
 566 A _   0.187 0.044 0.003 0.028 0.057 0.067 0.133 0.483 
 567 M _   0.194 0.064 0.003 0.039 0.065 0.069 0.141 0.425 
 568 A _   0.195 0.079 0.003 0.049 0.069 0.068 0.153 0.385 
 569 A _   0.190 0.087 0.003 0.056 0.068 0.065 0.167 0.364 
 570 I _   0.180 0.090 0.003 0.059 0.064 0.060 0.185 0.360 
 571 F _   0.163 0.089 0.003 0.057 0.056 0.054 0.206 0.372 
 572 K _   0.142 0.082 0.003 0.052 0.046 0.047 0.232 0.396 
 573 I _   0.119 0.069 0.003 0.043 0.035 0.039 0.261 0.431 
 574 A _   0.095 0.051 0.002 0.032 0.024 0.031 0.293 0.472 
 575 T _   0.072 0.033 0.002 0.021 0.014 0.024 0.322 0.512 
 576 Q _   0.052 0.018 0.001 0.013 0.008 0.017 0.348 0.543 
 577 P _   0.035 0.008 0.001 0.008 0.005 0.012 0.367 0.564 
 578 T _   0.023 0.004 0.000 0.005 0.003 0.009 0.382 0.575 
 579 N _   0.015 0.002 0.000 0.003 0.002 0.007 0.393 0.579 
 580 P _   0.010 0.001 0.000 0.002 0.001 0.005 0.401 0.579 
 581 K _   0.007 0.001 0.000 0.002 0.001 0.004 0.407 0.577 
 582 L _   0.005 0.001 0.000 0.002 0.001 0.004 0.412 0.575 
 583 P _   0.004 0.001 0.000 0.002 0.001 0.004 0.416 0.571 
 584 P _   0.004 0.001 0.000 0.003 0.001 0.005 0.418 0.568 
 585 H _   0.004 0.003 0.000 0.003 0.001 0.006 0.419 0.563 
 586 V _   0.004 0.005 0.000 0.004 0.002 0.007 0.420 0.558 
 587 S _   0.005 0.008 0.000 0.005 0.002 0.009 0.420 0.550 
 588 D _   0.006 0.014 0.000 0.007 0.003 0.011 0.419 0.538 
 589 Y _   0.007 0.024 0.001 0.010 0.005 0.014 0.418 0.522 
 590 T _   0.008 0.037 0.001 0.014 0.007 0.018 0.415 0.499 
 591 R _   0.010 0.057 0.001 0.019 0.010 0.021 0.413 0.469 
 592 D _   0.011 0.080 0.001 0.025 0.014 0.024 0.410 0.435 
 593 F X   0.012 0.104 0.001 0.032 0.017 0.026 0.408 0.399 
 594 L X   0.013 0.125 0.001 0.040 0.019 0.027 0.408 0.367 
 595 K X   0.013 0.139 0.001 0.047 0.021 0.028 0.408 0.342 
 596 R X   0.014 0.148 0.001 0.052 0.021 0.027 0.411 0.326 
 597 I X   0.014 0.151 0.001 0.054 0.021 0.026 0.415 0.318 
 598 F X   0.013 0.150 0.001 0.053 0.019 0.024 0.422 0.317 
 599 V X   0.013 0.144 0.001 0.048 0.017 0.023 0.430 0.324 
 600 E X   0.013 0.131 0.001 0.040 0.015 0.021 0.442 0.338 
 601 A X   0.013 0.111 0.001 0.030 0.012 0.019 0.455 0.359 
 602 K X   0.012 0.086 0.001 0.021 0.009 0.017 0.469 0.385 
 603 L X   0.012 0.061 0.001 0.013 0.006 0.016 0.483 0.409 
 604 R X   0.011 0.044 0.001 0.007 0.004 0.015 0.494 0.424 
 605 P X   0.011 0.035 0.000 0.004 0.003 0.015 0.502 0.429 
 606 S X   0.012 0.032 0.000 0.003 0.003 0.015 0.509 0.426 
 607 A X   0.014 0.032 0.000 0.003 0.003 0.017 0.514 0.417 
 608 D X   0.017 0.035 0.000 0.004 0.005 0.019 0.519 0.401 
 609 E X   0.020 0.044 0.001 0.007 0.008 0.021 0.524 0.375 
 610 L X   0.022 0.062 0.001 0.012 0.011 0.023 0.528 0.340 
 611 L X   0.021 0.087 0.001 0.018 0.014 0.023 0.533 0.302 
 612 R X   0.019 0.110 0.001 0.024 0.015 0.021 0.538 0.271 
 613 H X   0.016 0.127 0.001 0.027 0.013 0.018 0.546 0.251 
 614 M X   0.013 0.134 0.001 0.028 0.011 0.014 0.556 0.243 
 615 F X   0.009 0.136 0.001 0.026 0.007 0.009 0.568 0.245 
 616 V X   0.005 0.132 0.000 0.020 0.002 0.005 0.579 0.257 
 617 H X   0.002 0.123 0.000 0.014 0.001 0.002 0.584 0.274 
 618 Y X   0.001 0.112 0.000 0.012 0.001 0.002 0.582 0.290 
 619 H X   0.004 0.104 0.002 0.018 0.004 0.004 0.570 0.294 
