#TopoPred_TM8: 8-state transmembrane topology prediction results by no_profile mode 
#probabilities are in the order of H E C I L F X _, the 8 transmembrane topology types used in PDBTM 
   1 M X   0.010 0.001 0.002 0.046 0.009 0.010 0.826 0.096 
   2 S X   0.004 0.000 0.000 0.032 0.002 0.006 0.850 0.105 
   3 A X   0.002 0.000 0.000 0.024 0.001 0.005 0.857 0.110 
   4 A X   0.002 0.001 0.000 0.020 0.001 0.006 0.857 0.113 
   5 V X   0.003 0.001 0.000 0.019 0.001 0.007 0.854 0.115 
   6 T X   0.004 0.001 0.000 0.018 0.002 0.007 0.849 0.118 
   7 A X   0.005 0.001 0.000 0.017 0.002 0.008 0.845 0.122 
   8 G X   0.005 0.002 0.000 0.016 0.002 0.007 0.840 0.127 
   9 K X   0.005 0.002 0.000 0.014 0.002 0.007 0.836 0.134 
  10 L X   0.005 0.002 0.000 0.012 0.002 0.006 0.832 0.142 
  11 A X   0.004 0.002 0.000 0.009 0.002 0.005 0.828 0.150 
  12 R X   0.003 0.001 0.000 0.006 0.001 0.004 0.824 0.159 
  13 A X   0.003 0.001 0.000 0.004 0.001 0.003 0.821 0.167 
  14 P X   0.002 0.001 0.000 0.003 0.001 0.002 0.817 0.175 
  15 A X   0.002 0.000 0.000 0.002 0.001 0.002 0.812 0.181 
  16 D X   0.002 0.000 0.000 0.001 0.001 0.002 0.806 0.188 
  17 P X   0.002 0.000 0.000 0.001 0.001 0.002 0.799 0.195 
  18 G X   0.002 0.000 0.000 0.001 0.001 0.002 0.791 0.202 
  19 K X   0.002 0.001 0.000 0.002 0.001 0.003 0.781 0.211 
  20 A X   0.002 0.001 0.000 0.003 0.001 0.003 0.769 0.220 
  21 G X   0.003 0.002 0.000 0.005 0.002 0.004 0.754 0.230 
  22 V X   0.003 0.004 0.000 0.007 0.002 0.005 0.738 0.241 
  23 P X   0.003 0.006 0.000 0.009 0.003 0.006 0.719 0.252 
  24 G X   0.004 0.009 0.000 0.012 0.003 0.007 0.700 0.263 
  25 V X   0.004 0.012 0.001 0.014 0.004 0.008 0.681 0.276 
  26 A X   0.004 0.015 0.001 0.015 0.004 0.008 0.662 0.291 
  27 A X   0.004 0.018 0.001 0.016 0.004 0.008 0.644 0.306 
  28 P X   0.004 0.020 0.001 0.015 0.004 0.008 0.627 0.322 
  29 G X   0.004 0.021 0.001 0.014 0.004 0.008 0.610 0.339 
  30 A X   0.004 0.023 0.000 0.013 0.003 0.008 0.593 0.355 
  31 P X   0.004 0.024 0.000 0.011 0.003 0.008 0.577 0.373 
  32 A X   0.004 0.025 0.000 0.010 0.003 0.007 0.561 0.389 
  33 A X   0.004 0.027 0.000 0.009 0.003 0.008 0.543 0.405 
  34 A X   0.004 0.030 0.000 0.009 0.003 0.008 0.525 0.420 
  35 P X   0.004 0.034 0.000 0.010 0.003 0.008 0.506 0.433 
  36 P X   0.004 0.040 0.001 0.011 0.004 0.009 0.486 0.445 
  37 A X   0.005 0.049 0.001 0.013 0.004 0.010 0.464 0.454 
  38 K _   0.005 0.060 0.001 0.016 0.005 0.010 0.442 0.461 
  39 E _   0.005 0.072 0.001 0.019 0.006 0.011 0.420 0.467 
  40 I _   0.005 0.085 0.001 0.021 0.006 0.011 0.398 0.472 
  41 P _   0.005 0.097 0.001 0.022 0.006 0.012 0.379 0.478 
  42 E _   0.005 0.108 0.001 0.023 0.006 0.012 0.361 0.485 
  43 V _   0.005 0.116 0.001 0.022 0.006 0.011 0.345 0.494 
  44 L _   0.005 0.122 0.001 0.020 0.005 0.011 0.330 0.505 
  45 V _   0.005 0.128 0.001 0.018 0.005 0.011 0.316 0.517 
  46 D _   0.005 0.132 0.001 0.016 0.004 0.011 0.303 0.529 
  47 P _   0.005 0.137 0.001 0.014 0.004 0.011 0.289 0.539 
  48 R _   0.005 0.143 0.001 0.013 0.004 0.011 0.276 0.546 
  49 S _   0.005 0.151 0.001 0.013 0.005 0.012 0.263 0.551 
  50 R _   0.006 0.163 0.001 0.014 0.005 0.013 0.249 0.550 
  51 R _   0.006 0.179 0.001 0.016 0.006 0.014 0.234 0.544 
  52 R _   0.007 0.203 0.001 0.019 0.008 0.015 0.216 0.531 
  53 Y _   0.007 0.235 0.001 0.023 0.009 0.016 0.198 0.512 
  54 V _   0.007 0.272 0.001 0.026 0.010 0.016 0.180 0.488 
  55 R _   0.006 0.308 0.001 0.029 0.010 0.016 0.164 0.465 
  56 G _   0.006 0.342 0.001 0.032 0.011 0.016 0.149 0.444 
  57 R _   0.006 0.368 0.001 0.033 0.011 0.015 0.137 0.429 
  58 F _   0.006 0.387 0.001 0.034 0.010 0.015 0.127 0.419 
  59 L _   0.005 0.401 0.001 0.035 0.010 0.015 0.119 0.415 
  60 G _   0.005 0.409 0.001 0.035 0.010 0.015 0.112 0.413 
  61 K _   0.006 0.413 0.001 0.036 0.010 0.014 0.107 0.414 
  62 G _   0.006 0.414 0.001 0.036 0.010 0.014 0.102 0.418 
  63 G _   0.006 0.410 0.001 0.035 0.010 0.014 0.099 0.425 
  64 F _   0.007 0.402 0.001 0.034 0.010 0.013 0.097 0.437 
  65 A _   0.007 0.388 0.001 0.033 0.009 0.013 0.095 0.454 
  66 K _   0.007 0.366 0.001 0.031 0.009 0.013 0.094 0.479 
  67 C _   0.008 0.334 0.001 0.028 0.009 0.012 0.093 0.515 
  68 F _   0.008 0.294 0.001 0.024 0.008 0.012 0.093 0.559 
  69 E _   0.008 0.249 0.001 0.020 0.007 0.012 0.093 0.609 
  70 I _   0.008 0.206 0.001 0.016 0.006 0.011 0.094 0.658 
  71 S _   0.008 0.171 0.001 0.012 0.005 0.011 0.094 0.699 
  72 D _   0.008 0.147 0.001 0.009 0.004 0.011 0.093 0.728 
  73 A _   0.008 0.132 0.000 0.008 0.003 0.011 0.093 0.745 
  74 D _   0.008 0.124 0.000 0.007 0.003 0.011 0.091 0.754 
  75 T _   0.008 0.121 0.000 0.008 0.004 0.012 0.090 0.757 
  76 K _   0.009 0.121 0.000 0.010 0.004 0.013 0.088 0.754 
  77 E _   0.009 0.123 0.001 0.012 0.005 0.014 0.086 0.749 
  78 V _   0.010 0.127 0.001 0.016 0.006 0.015 0.084 0.741 
  79 F _   0.011 0.131 0.001 0.019 0.007 0.016 0.082 0.733 
  80 A _   0.011 0.134 0.001 0.022 0.008 0.016 0.081 0.727 
  81 G _   0.011 0.136 0.001 0.025 0.009 0.017 0.079 0.723 
  82 K _   0.011 0.135 0.001 0.026 0.009 0.017 0.078 0.723 
  83 I _   0.011 0.133 0.001 0.027 0.009 0.016 0.077 0.726 
  84 V _   0.011 0.128 0.001 0.026 0.009 0.016 0.077 0.733 
  85 P _   0.011 0.120 0.001 0.025 0.008 0.015 0.077 0.743 
  86 K _   0.010 0.110 0.001 0.023 0.008 0.014 0.077 0.757 
  87 S _   0.010 0.098 0.001 0.020 0.007 0.013 0.077 0.774 
  88 L _   0.010 0.084 0.001 0.017 0.006 0.012 0.078 0.793 
  89 L _   0.009 0.069 0.001 0.014 0.005 0.011 0.078 0.812 
  90 L _   0.008 0.056 0.001 0.011 0.004 0.011 0.079 0.830 
  91 K _   0.008 0.046 0.000 0.008 0.003 0.010 0.079 0.845 
  92 P _   0.007 0.039 0.000 0.007 0.003 0.010 0.078 0.855 
  93 H _   0.007 0.035 0.000 0.006 0.003 0.010 0.078 0.861 
  94 Q _   0.008 0.033 0.000 0.005 0.003 0.011 0.077 0.863 
  95 R _   0.008 0.033 0.000 0.006 0.003 0.012 0.076 0.861 
  96 E _   0.009 0.035 0.000 0.008 0.004 0.014 0.074 0.855 
  97 K _   0.011 0.038 0.001 0.011 0.006 0.017 0.073 0.844 
  98 M _   0.012 0.043 0.001 0.014 0.008 0.020 0.071 0.831 
  99 S _   0.014 0.049 0.001 0.019 0.010 0.023 0.069 0.815 
 100 M _   0.016 0.055 0.001 0.023 0.012 0.025 0.068 0.801 
 101 E _   0.017 0.059 0.001 0.025 0.013 0.027 0.066 0.791 
 102 I _   0.018 0.061 0.001 0.026 0.014 0.029 0.065 0.786 
 103 S _   0.019 0.062 0.001 0.025 0.014 0.030 0.064 0.786 
 104 I _   0.021 0.060 0.001 0.022 0.014 0.031 0.063 0.788 
 105 H _   0.023 0.058 0.001 0.019 0.013 0.032 0.062 0.791 
 106 R _   0.024 0.056 0.001 0.016 0.013 0.033 0.062 0.795 
 107 S _   0.027 0.054 0.001 0.014 0.013 0.034 0.061 0.796 
 108 L _   0.029 0.052 0.001 0.014 0.014 0.036 0.061 0.793 
 109 A _   0.032 0.052 0.001 0.015 0.016 0.037 0.060 0.787 
 110 H _   0.034 0.053 0.001 0.017 0.018 0.038 0.060 0.778 
 111 Q _   0.036 0.055 0.001 0.021 0.020 0.039 0.060 0.766 
 112 H _   0.039 0.058 0.001 0.027 0.021 0.039 0.060 0.755 
 113 V _   0.040 0.059 0.002 0.031 0.022 0.039 0.061 0.746 
 114 V _   0.041 0.058 0.002 0.034 0.022 0.037 0.061 0.744 
 115 G _   0.040 0.055 0.002 0.034 0.021 0.035 0.063 0.750 
 116 F _   0.039 0.049 0.002 0.031 0.018 0.033 0.064 0.765 
 117 H _   0.038 0.039 0.001 0.025 0.015 0.030 0.066 0.787 
 118 G _   0.037 0.026 0.001 0.017 0.011 0.027 0.067 0.812 
 119 F _   0.036 0.014 0.001 0.010 0.008 0.025 0.069 0.836 
 120 F _   0.036 0.006 0.001 0.006 0.006 0.024 0.070 0.852 
 121 E _   0.039 0.002 0.000 0.003 0.005 0.024 0.071 0.857 
 122 D _   0.045 0.001 0.000 0.002 0.004 0.025 0.071 0.851 
 123 N _   0.057 0.001 0.001 0.002 0.006 0.029 0.071 0.834 
 124 D _   0.075 0.001 0.001 0.003 0.009 0.035 0.072 0.806 
 125 F _   0.096 0.003 0.001 0.005 0.015 0.042 0.072 0.766 
 126 V _   0.119 0.010 0.002 0.010 0.024 0.050 0.072 0.714 
 127 F _   0.137 0.022 0.002 0.017 0.035 0.057 0.072 0.657 
 128 V _   0.150 0.038 0.003 0.027 0.043 0.061 0.073 0.606 
 129 V _   0.156 0.050 0.003 0.036 0.048 0.062 0.075 0.570 
 130 L _   0.155 0.058 0.003 0.042 0.050 0.061 0.077 0.554 
 131 E _   0.149 0.062 0.003 0.044 0.048 0.058 0.080 0.556 
 132 L _   0.139 0.061 0.003 0.042 0.044 0.054 0.084 0.573 
 133 C _   0.125 0.057 0.002 0.037 0.037 0.048 0.089 0.603 
 134 R _   0.109 0.050 0.002 0.031 0.030 0.042 0.094 0.643 
 135 R _   0.090 0.041 0.002 0.025 0.022 0.036 0.099 0.686 
 136 R _   0.072 0.031 0.001 0.019 0.015 0.029 0.105 0.728 
 137 S _   0.056 0.022 0.001 0.015 0.010 0.024 0.110 0.763 
 138 L _   0.043 0.015 0.001 0.012 0.007 0.019 0.114 0.790 
 139 L _   0.032 0.010 0.001 0.009 0.005 0.015 0.117 0.810 
 140 E _   0.024 0.006 0.000 0.007 0.004 0.012 0.120 0.826 
 141 L _   0.018 0.004 0.000 0.006 0.003 0.010 0.122 0.836 
 142 H _   0.014 0.003 0.000 0.005 0.002 0.009 0.124 0.844 
 143 K _   0.011 0.002 0.000 0.004 0.002 0.008 0.124 0.849 
 144 R _   0.009 0.001 0.000 0.004 0.002 0.007 0.125 0.853 
 145 R _   0.008 0.001 0.000 0.003 0.002 0.007 0.124 0.855 
 146 K _   0.007 0.001 0.000 0.003 0.002 0.007 0.124 0.856 
 147 A _   0.008 0.000 0.000 0.003 0.002 0.008 0.123 0.856 
 148 L _   0.009 0.001 0.000 0.003 0.002 0.010 0.121 0.854 
 149 T _   0.011 0.001 0.000 0.004 0.002 0.012 0.119 0.851 
 150 E _   0.014 0.001 0.000 0.004 0.003 0.016 0.116 0.845 
 151 P _   0.019 0.002 0.000 0.005 0.005 0.020 0.113 0.836 
 152 E _   0.026 0.004 0.001 0.007 0.007 0.026 0.109 0.821 
 153 A _   0.035 0.006 0.001 0.009 0.011 0.034 0.105 0.800 
 154 R _   0.045 0.011 0.001 0.011 0.016 0.042 0.100 0.773 
 155 Y _   0.058 0.017 0.001 0.015 0.024 0.050 0.095 0.740 
 156 Y _   0.071 0.025 0.002 0.019 0.032 0.058 0.091 0.703 
 157 L _   0.083 0.035 0.002 0.024 0.040 0.063 0.087 0.666 
 158 R _   0.094 0.044 0.002 0.029 0.046 0.067 0.083 0.634 
 159 Q _   0.102 0.052 0.002 0.034 0.050 0.068 0.081 0.611 
 160 I _   0.107 0.058 0.002 0.037 0.051 0.067 0.079 0.599 
 161 V _   0.109 0.060 0.002 0.038 0.049 0.065 0.077 0.599 
 162 L _   0.107 0.060 0.002 0.037 0.046 0.061 0.077 0.610 
 163 G _   0.103 0.057 0.002 0.034 0.040 0.056 0.077 0.631 
 164 C _   0.096 0.051 0.002 0.029 0.034 0.051 0.077 0.660 
 165 Q _   0.085 0.043 0.002 0.024 0.028 0.045 0.077 0.696 
 166 Y _   0.074 0.034 0.002 0.019 0.021 0.039 0.078 0.733 
 167 L _   0.062 0.026 0.001 0.014 0.016 0.034 0.079 0.768 
 168 H _   0.051 0.020 0.001 0.011 0.012 0.029 0.079 0.797 
 169 R _   0.042 0.015 0.001 0.009 0.009 0.025 0.080 0.819 
 170 N _   0.034 0.013 0.001 0.008 0.007 0.022 0.080 0.835 
 171 R _   0.028 0.011 0.001 0.008 0.006 0.019 0.080 0.846 
 172 V _   0.024 0.011 0.001 0.008 0.005 0.018 0.080 0.853 
 173 I _   0.020 0.011 0.001 0.009 0.005 0.016 0.080 0.858 
 174 H _   0.017 0.011 0.001 0.010 0.005 0.015 0.080 0.861 
 175 R _   0.015 0.011 0.001 0.011 0.005 0.014 0.080 0.863 
 176 D _   0.013 0.012 0.001 0.011 0.005 0.013 0.080 0.865 
 177 L _   0.012 0.012 0.001 0.012 0.005 0.013 0.079 0.867 
 178 K _   0.011 0.013 0.001 0.012 0.005 0.012 0.079 0.869 
 179 L _   0.010 0.013 0.001 0.012 0.005 0.011 0.079 0.871 
 180 G _   0.009 0.013 0.001 0.011 0.004 0.011 0.078 0.873 
 181 N _   0.009 0.013 0.001 0.011 0.004 0.010 0.078 0.875 
 182 L _   0.008 0.013 0.000 0.010 0.004 0.010 0.077 0.877 
 183 F _   0.008 0.014 0.000 0.009 0.004 0.010 0.077 0.878 
 184 L _   0.008 0.014 0.000 0.009 0.004 0.010 0.076 0.879 
 185 N _   0.008 0.015 0.000 0.009 0.004 0.010 0.076 0.879 
 186 E _   0.008 0.016 0.000 0.009 0.004 0.010 0.075 0.878 
 187 D _   0.008 0.018 0.000 0.009 0.004 0.011 0.074 0.875 
 188 L _   0.009 0.020 0.001 0.010 0.004 0.012 0.073 0.871 
 189 E _   0.010 0.024 0.001 0.011 0.005 0.013 0.072 0.865 
 190 V _   0.011 0.028 0.001 0.014 0.006 0.014 0.071 0.855 
 191 K _   0.012 0.034 0.001 0.017 0.007 0.015 0.070 0.844 
 192 I _   0.012 0.041 0.001 0.022 0.008 0.017 0.069 0.830 
 193 G _   0.013 0.048 0.001 0.027 0.010 0.018 0.068 0.817 
 194 D _   0.014 0.053 0.001 0.032 0.011 0.018 0.067 0.805 
 195 F _   0.014 0.056 0.001 0.035 0.011 0.018 0.067 0.798 
 196 G _   0.014 0.058 0.001 0.037 0.011 0.018 0.067 0.796 
 197 L _   0.013 0.056 0.001 0.036 0.010 0.017 0.067 0.799 
 198 A _   0.012 0.053 0.001 0.033 0.009 0.015 0.068 0.809 
 199 T _   0.011 0.047 0.001 0.028 0.007 0.013 0.069 0.824 
 200 K _   0.010 0.039 0.001 0.022 0.006 0.011 0.070 0.841 
 201 V _   0.009 0.030 0.001 0.016 0.004 0.010 0.071 0.860 
 202 E _   0.008 0.021 0.000 0.011 0.003 0.008 0.071 0.876 
 203 Y _   0.007 0.015 0.000 0.008 0.002 0.007 0.072 0.889 
 204 D _   0.006 0.010 0.000 0.006 0.002 0.006 0.072 0.898 
 205 G _   0.006 0.008 0.000 0.005 0.002 0.006 0.071 0.904 
 206 E _   0.005 0.007 0.000 0.004 0.002 0.006 0.070 0.907 
 207 R _   0.005 0.006 0.000 0.004 0.002 0.006 0.069 0.908 
 208 K _   0.005 0.006 0.000 0.005 0.002 0.006 0.067 0.908 
 209 K _   0.005 0.007 0.000 0.006 0.002 0.007 0.065 0.906 
 210 T _   0.006 0.009 0.000 0.008 0.003 0.008 0.062 0.904 
 211 L _   0.006 0.011 0.000 0.011 0.003 0.009 0.060 0.900 
 212 C _   0.006 0.014 0.000 0.013 0.004 0.010 0.056 0.896 
 213 G _   0.006 0.017 0.001 0.016 0.005 0.011 0.053 0.891 
 214 T _   0.007 0.019 0.001 0.019 0.006 0.012 0.050 0.886 
 215 P _   0.007 0.022 0.001 0.022 0.007 0.013 0.047 0.881 
 216 N _   0.007 0.024 0.001 0.025 0.007 0.014 0.044 0.878 
 217 Y _   0.008 0.025 0.001 0.027 0.008 0.015 0.042 0.875 
 218 I _   0.008 0.025 0.001 0.029 0.009 0.015 0.039 0.874 
 219 A _   0.009 0.025 0.001 0.029 0.009 0.015 0.037 0.876 
 220 P _   0.009 0.023 0.001 0.027 0.008 0.015 0.035 0.881 
 221 E _   0.010 0.020 0.001 0.024 0.008 0.014 0.034 0.889 
 222 V _   0.012 0.016 0.001 0.020 0.007 0.013 0.032 0.899 
 223 L _   0.015 0.011 0.001 0.015 0.006 0.012 0.030 0.910 
 224 S _   0.020 0.007 0.001 0.010 0.005 0.011 0.028 0.918 
 225 K _   0.029 0.003 0.001 0.006 0.004 0.010 0.026 0.921 
 226 K _   0.043 0.001 0.000 0.004 0.004 0.010 0.024 0.914 
 227 G _   0.066 0.000 0.000 0.002 0.004 0.010 0.022 0.896 
 228 H _   0.104 0.000 0.001 0.002 0.004 0.010 0.019 0.861 
 229 S _   0.164 0.000 0.001 0.001 0.005 0.010 0.016 0.803 
 230 F _   0.249 0.000 0.001 0.001 0.006 0.011 0.013 0.719 
 231 E _   0.362 0.000 0.001 0.001 0.007 0.011 0.010 0.608 
 232 V H   0.488 0.000 0.001 0.001 0.009 0.012 0.007 0.482 
 233 D H   0.615 0.000 0.001 0.001 0.011 0.011 0.005 0.356 
 234 V H   0.725 0.000 0.001 0.001 0.012 0.011 0.003 0.246 
 235 W H   0.808 0.000 0.001 0.001 0.013 0.010 0.002 0.165 
 236 S H   0.861 0.000 0.001 0.001 0.014 0.008 0.002 0.113 
 237 I H   0.892 0.000 0.001 0.000 0.014 0.007 0.002 0.083 
 238 G H   0.907 0.000 0.001 0.000 0.015 0.007 0.001 0.069 
 239 C H   0.910 0.000 0.001 0.000 0.015 0.006 0.001 0.065 
 240 I H   0.903 0.000 0.001 0.001 0.016 0.006 0.002 0.071 
 241 M H   0.884 0.000 0.001 0.001 0.017 0.007 0.002 0.088 
 242 Y H   0.850 0.000 0.001 0.001 0.018 0.007 0.003 0.120 
 243 T H   0.794 0.000 0.002 0.001 0.018 0.008 0.004 0.174 
 244 L H   0.709 0.000 0.002 0.001 0.017 0.009 0.007 0.256 
 245 L H   0.600 0.000 0.002 0.002 0.014 0.009 0.010 0.364 
 246 V _   0.475 0.000 0.001 0.002 0.011 0.010 0.014 0.487 
 247 G _   0.351 0.000 0.001 0.002 0.008 0.010 0.019 0.609 
 248 K _   0.247 0.000 0.001 0.002 0.006 0.010 0.023 0.711 
 249 P _   0.170 0.000 0.001 0.002 0.005 0.010 0.028 0.786 
 250 P _   0.114 0.000 0.001 0.002 0.004 0.010 0.031 0.838 
 251 F _   0.079 0.000 0.000 0.002 0.004 0.010 0.034 0.870 
 252 E _   0.056 0.001 0.000 0.004 0.004 0.012 0.037 0.887 
 253 T _   0.042 0.002 0.001 0.006 0.005 0.013 0.039 0.893 
 254 S _   0.033 0.004 0.001 0.010 0.006 0.015 0.041 0.891 
 255 C _   0.027 0.009 0.001 0.015 0.008 0.016 0.043 0.882 
 256 L _   0.023 0.014 0.001 0.022 0.009 0.017 0.045 0.869 
 257 K _   0.020 0.019 0.001 0.028 0.011 0.018 0.047 0.857 
 258 E _   0.018 0.023 0.001 0.032 0.011 0.018 0.049 0.849 
 259 T _   0.016 0.024 0.001 0.034 0.011 0.017 0.052 0.846 
 260 Y _   0.014 0.024 0.001 0.033 0.010 0.016 0.055 0.848 
 261 L _   0.013 0.023 0.001 0.029 0.009 0.014 0.058 0.854 
 262 R _   0.011 0.020 0.001 0.024 0.007 0.012 0.061 0.864 
 263 I _   0.010 0.016 0.001 0.018 0.005 0.011 0.065 0.874 
 264 K _   0.009 0.012 0.001 0.013 0.004 0.009 0.069 0.884 
 265 K _   0.008 0.008 0.000 0.009 0.003 0.008 0.072 0.892 
 266 N _   0.007 0.005 0.000 0.006 0.002 0.007 0.075 0.897 
 267 E _   0.006 0.003 0.000 0.004 0.002 0.007 0.077 0.900 
 268 Y _   0.006 0.002 0.000 0.003 0.002 0.007 0.078 0.901 
 269 S _   0.006 0.002 0.000 0.003 0.002 0.007 0.079 0.900 
 270 I _   0.007 0.002 0.000 0.003 0.002 0.009 0.080 0.897 
 271 P _   0.009 0.003 0.000 0.003 0.002 0.011 0.080 0.890 
 272 K _   0.012 0.006 0.000 0.005 0.003 0.015 0.080 0.878 
 273 H _   0.016 0.012 0.001 0.007 0.006 0.021 0.080 0.858 
 274 I _   0.022 0.026 0.001 0.011 0.010 0.027 0.079 0.824 
 275 N _   0.027 0.052 0.001 0.019 0.017 0.035 0.077 0.772 
 276 P _   0.032 0.094 0.002 0.029 0.024 0.041 0.075 0.703 
 277 V _   0.036 0.145 0.002 0.041 0.031 0.046 0.073 0.626 
 278 A _   0.037 0.190 0.002 0.055 0.035 0.047 0.072 0.561 
 279 A _   0.038 0.221 0.002 0.066 0.037 0.047 0.072 0.517 
 280 S _   0.038 0.239 0.002 0.073 0.037 0.046 0.072 0.494 
 281 L _   0.037 0.246 0.002 0.076 0.035 0.043 0.074 0.489 
 282 I _   0.035 0.244 0.002 0.073 0.031 0.039 0.076 0.499 
 283 Q _   0.032 0.234 0.002 0.066 0.027 0.035 0.079 0.525 
 284 K _   0.029 0.212 0.002 0.055 0.023 0.030 0.083 0.566 
 285 M _   0.026 0.176 0.002 0.042 0.018 0.026 0.088 0.623 
 286 L _   0.023 0.131 0.002 0.029 0.013 0.021 0.093 0.688 
 287 Q _   0.019 0.087 0.001 0.019 0.009 0.018 0.098 0.749 
 288 T _   0.016 0.056 0.001 0.012 0.006 0.015 0.102 0.793 
 289 D _   0.013 0.039 0.001 0.008 0.004 0.012 0.105 0.819 
 290 P _   0.010 0.030 0.000 0.006 0.003 0.011 0.107 0.833 
 291 T _   0.009 0.026 0.000 0.005 0.003 0.010 0.108 0.839 
 292 A _   0.008 0.025 0.000 0.005 0.003 0.010 0.109 0.840 
 293 R _   0.008 0.025 0.000 0.007 0.003 0.010 0.110 0.838 
 294 P _   0.007 0.026 0.000 0.008 0.003 0.010 0.110 0.834 
 295 T _   0.007 0.028 0.000 0.011 0.004 0.011 0.110 0.828 
 296 I _   0.007 0.031 0.001 0.013 0.004 0.011 0.110 0.822 
 297 N _   0.007 0.034 0.001 0.015 0.005 0.012 0.110 0.817 
 298 E _   0.007 0.036 0.001 0.016 0.005 0.012 0.110 0.813 
 299 L _   0.007 0.037 0.001 0.016 0.005 0.012 0.111 0.810 
 300 L _   0.007 0.038 0.001 0.015 0.005 0.013 0.111 0.809 
 301 N _   0.007 0.039 0.001 0.014 0.005 0.013 0.112 0.809 
 302 D _   0.008 0.039 0.001 0.013 0.005 0.014 0.112 0.808 
 303 E _   0.008 0.039 0.001 0.012 0.005 0.015 0.113 0.807 
 304 F _   0.009 0.040 0.001 0.011 0.005 0.016 0.114 0.804 
 305 F _   0.010 0.041 0.001 0.011 0.006 0.018 0.115 0.800 
 306 T _   0.012 0.042 0.001 0.011 0.006 0.020 0.115 0.793 
 307 S _   0.014 0.045 0.001 0.011 0.007 0.023 0.116 0.783 
 308 G _   0.017 0.050 0.001 0.012 0.009 0.026 0.116 0.769 
 309 Y _   0.020 0.057 0.001 0.014 0.011 0.029 0.117 0.751 
 310 I _   0.024 0.067 0.001 0.016 0.014 0.033 0.117 0.728 
 311 P _   0.028 0.079 0.001 0.019 0.018 0.037 0.118 0.701 
 312 A _   0.032 0.092 0.002 0.022 0.021 0.040 0.119 0.672 
 313 R _   0.036 0.106 0.002 0.025 0.024 0.042 0.121 0.645 
 314 L _   0.038 0.119 0.002 0.028 0.026 0.044 0.123 0.622 
 315 P _   0.039 0.129 0.002 0.031 0.028 0.044 0.125 0.602 
 316 I _   0.039 0.138 0.002 0.033 0.028 0.044 0.129 0.588 
 317 T _   0.039 0.143 0.002 0.034 0.027 0.042 0.133 0.581 
 318 C _   0.037 0.146 0.002 0.035 0.026 0.041 0.137 0.577 
 319 L _   0.035 0.147 0.002 0.035 0.024 0.038 0.142 0.576 
 320 T _   0.033 0.146 0.002 0.034 0.022 0.036 0.148 0.579 
 321 I _   0.030 0.142 0.001 0.034 0.020 0.033 0.155 0.585 
 322 P _   0.026 0.137 0.001 0.033 0.017 0.030 0.163 0.593 
 323 P _   0.024 0.129 0.001 0.032 0.015 0.026 0.171 0.602 
 324 R _   0.021 0.119 0.001 0.030 0.013 0.023 0.180 0.612 
 325 F _   0.018 0.107 0.001 0.028 0.011 0.020 0.190 0.625 
 326 S _   0.016 0.092 0.001 0.025 0.009 0.017 0.200 0.640 
 327 I _   0.014 0.075 0.001 0.021 0.007 0.015 0.211 0.656 
 328 A _   0.012 0.058 0.001 0.017 0.006 0.012 0.221 0.673 
 329 P _   0.010 0.043 0.001 0.013 0.004 0.010 0.231 0.688 
 330 S _   0.009 0.031 0.000 0.009 0.003 0.008 0.239 0.701 
 331 S _   0.007 0.022 0.000 0.007 0.002 0.007 0.245 0.709 
 332 L _   0.006 0.016 0.000 0.005 0.002 0.006 0.251 0.714 
 333 D _   0.005 0.013 0.000 0.004 0.001 0.005 0.255 0.716 
 334 P _   0.005 0.012 0.000 0.004 0.001 0.005 0.258 0.715 
 335 S _   0.004 0.011 0.000 0.004 0.001 0.005 0.260 0.713 
 336 N _   0.005 0.012 0.000 0.005 0.002 0.006 0.262 0.708 
 337 R _   0.005 0.014 0.000 0.008 0.002 0.007 0.263 0.702 
 338 K _   0.005 0.016 0.000 0.011 0.003 0.008 0.264 0.693 
 339 P _   0.005 0.020 0.000 0.015 0.003 0.009 0.264 0.683 
 340 L _   0.006 0.023 0.000 0.018 0.004 0.009 0.265 0.674 
 341 T _   0.006 0.026 0.001 0.021 0.004 0.010 0.266 0.666 
 342 V _   0.006 0.028 0.001 0.023 0.005 0.010 0.268 0.660 
 343 L _   0.006 0.028 0.001 0.023 0.005 0.010 0.270 0.658 
 344 N _   0.006 0.028 0.001 0.022 0.004 0.009 0.273 0.658 
 345 K _   0.006 0.026 0.000 0.019 0.004 0.008 0.276 0.660 
 346 G _   0.006 0.023 0.000 0.016 0.003 0.008 0.280 0.664 
 347 L _   0.006 0.020 0.000 0.012 0.003 0.007 0.284 0.668 
 348 E _   0.005 0.017 0.000 0.009 0.002 0.006 0.287 0.673 
 349 N _   0.005 0.015 0.000 0.007 0.002 0.005 0.289 0.677 
 350 P _   0.005 0.013 0.000 0.005 0.001 0.005 0.291 0.680 
 351 L _   0.005 0.012 0.000 0.004 0.001 0.005 0.291 0.682 
 352 P _   0.004 0.012 0.000 0.004 0.001 0.005 0.290 0.684 
 353 E _   0.004 0.012 0.000 0.004 0.001 0.005 0.288 0.686 
 354 R _   0.004 0.014 0.000 0.004 0.001 0.005 0.284 0.688 
 355 P _   0.004 0.017 0.000 0.005 0.001 0.006 0.279 0.688 
 356 R _   0.004 0.022 0.000 0.006 0.002 0.007 0.272 0.687 
 357 E _   0.005 0.033 0.000 0.008 0.003 0.009 0.261 0.680 
 358 K _   0.006 0.054 0.001 0.013 0.004 0.012 0.247 0.664 
 359 E _   0.006 0.092 0.001 0.018 0.007 0.015 0.228 0.633 
 360 E _   0.007 0.151 0.001 0.025 0.009 0.017 0.204 0.584 
 361 P _   0.008 0.234 0.002 0.031 0.012 0.019 0.177 0.517 
 362 V _   0.007 0.328 0.002 0.036 0.014 0.019 0.151 0.443 
 363 V E   0.006 0.417 0.002 0.038 0.014 0.019 0.129 0.376 
 364 R E   0.006 0.491 0.002 0.037 0.013 0.017 0.113 0.321 
 365 E E   0.005 0.546 0.001 0.035 0.012 0.016 0.101 0.284 
 366 T E   0.005 0.582 0.001 0.032 0.011 0.015 0.093 0.262 
 367 G E   0.004 0.606 0.001 0.028 0.010 0.014 0.087 0.249 
 368 E E   0.005 0.622 0.001 0.025 0.009 0.014 0.083 0.242 
 369 V E   0.005 0.632 0.001 0.022 0.008 0.014 0.080 0.238 
 370 V E   0.005 0.639 0.001 0.020 0.008 0.014 0.077 0.237 
 371 D E   0.006 0.643 0.001 0.018 0.008 0.014 0.075 0.236 
 372 C E   0.006 0.646 0.001 0.017 0.008 0.014 0.073 0.235 
 373 H E   0.007 0.648 0.001 0.017 0.008 0.014 0.072 0.234 
 374 L E   0.007 0.648 0.001 0.018 0.008 0.014 0.070 0.233 
 375 S E   0.007 0.648 0.001 0.020 0.009 0.013 0.069 0.233 
 376 D E   0.008 0.644 0.001 0.022 0.009 0.013 0.069 0.234 
 377 M E   0.008 0.636 0.001 0.025 0.009 0.013 0.069 0.240 
 378 L E   0.008 0.622 0.001 0.027 0.009 0.012 0.069 0.252 
 379 Q E   0.009 0.597 0.001 0.028 0.010 0.012 0.070 0.274 
 380 Q E   0.009 0.554 0.001 0.030 0.010 0.012 0.072 0.311 
 381 L E   0.010 0.488 0.002 0.030 0.011 0.012 0.076 0.371 
 382 H _   0.011 0.397 0.002 0.029 0.011 0.013 0.080 0.457 
 383 S _   0.012 0.295 0.002 0.025 0.009 0.013 0.086 0.558 
 384 V _   0.012 0.204 0.001 0.019 0.008 0.012 0.091 0.652 
 385 N _   0.011 0.137 0.001 0.014 0.005 0.011 0.096 0.725 
 386 A _   0.010 0.094 0.001 0.010 0.004 0.010 0.099 0.773 
 387 S _   0.008 0.071 0.000 0.008 0.003 0.009 0.101 0.801 
 388 K _   0.007 0.059 0.000 0.007 0.002 0.008 0.102 0.815 
 389 P _   0.006 0.053 0.000 0.007 0.002 0.008 0.102 0.822 
 390 S _   0.006 0.050 0.000 0.008 0.002 0.008 0.102 0.824 
 391 E _   0.006 0.049 0.000 0.009 0.003 0.009 0.102 0.823 
 392 R _   0.006 0.049 0.000 0.012 0.003 0.009 0.101 0.821 
 393 G _   0.006 0.049 0.000 0.014 0.003 0.010 0.100 0.818 
 394 L _   0.006 0.049 0.000 0.015 0.004 0.010 0.099 0.818 
 395 V _   0.006 0.048 0.000 0.015 0.004 0.010 0.097 0.820 
 396 R _   0.005 0.047 0.000 0.014 0.004 0.010 0.096 0.824 
 397 Q _   0.005 0.044 0.000 0.012 0.003 0.010 0.095 0.830 
 398 E _   0.005 0.042 0.000 0.009 0.003 0.010 0.094 0.835 
 399 E _   0.006 0.041 0.000 0.007 0.003 0.011 0.093 0.838 
 400 A _   0.007 0.041 0.000 0.007 0.003 0.013 0.091 0.838 
 401 E _   0.009 0.044 0.000 0.007 0.004 0.016 0.089 0.830 
 402 D _   0.013 0.050 0.001 0.009 0.006 0.021 0.087 0.814 
 403 P _   0.018 0.065 0.001 0.013 0.011 0.027 0.084 0.780 
 404 A _   0.023 0.096 0.002 0.023 0.018 0.034 0.080 0.725 
 405 C _   0.028 0.144 0.002 0.036 0.025 0.039 0.075 0.651 
 406 I _   0.030 0.196 0.002 0.051 0.031 0.042 0.071 0.576 
 407 P _   0.031 0.237 0.002 0.065 0.034 0.043 0.068 0.520 
 408 I _   0.031 0.260 0.002 0.076 0.034 0.042 0.066 0.489 
 409 F _   0.030 0.270 0.002 0.081 0.032 0.040 0.065 0.481 
 410 W _   0.028 0.270 0.002 0.079 0.030 0.037 0.065 0.489 
 411 V _   0.026 0.261 0.002 0.072 0.026 0.033 0.066 0.514 
 412 S _   0.024 0.240 0.002 0.060 0.022 0.028 0.067 0.557 
 413 K _   0.021 0.203 0.002 0.045 0.017 0.024 0.069 0.619 
 414 W _   0.019 0.155 0.002 0.030 0.012 0.020 0.071 0.692 
 415 V _   0.016 0.110 0.001 0.018 0.008 0.016 0.073 0.759 
 416 D _   0.013 0.080 0.001 0.010 0.005 0.013 0.074 0.804 
 417 Y _   0.010 0.065 0.000 0.006 0.003 0.012 0.075 0.829 
 418 S _   0.008 0.060 0.000 0.004 0.002 0.011 0.074 0.840 
 419 D _   0.008 0.059 0.000 0.005 0.002 0.010 0.074 0.842 
 420 K _   0.008 0.062 0.000 0.006 0.003 0.011 0.073 0.837 
 421 Y _   0.008 0.070 0.001 0.009 0.004 0.012 0.071 0.825 
 422 G _   0.008 0.084 0.001 0.013 0.005 0.013 0.069 0.807 
 423 L _   0.009 0.103 0.001 0.017 0.007 0.014 0.067 0.784 
 424 G _   0.008 0.123 0.001 0.020 0.007 0.015 0.064 0.762 
 425 Y _   0.008 0.141 0.001 0.022 0.008 0.015 0.062 0.743 
 426 Q _   0.008 0.155 0.001 0.023 0.008 0.015 0.060 0.730 
 427 L _   0.007 0.166 0.001 0.023 0.008 0.015 0.058 0.721 
 428 C _   0.007 0.175 0.001 0.023 0.008 0.015 0.056 0.715 
 429 D _   0.008 0.181 0.001 0.022 0.008 0.015 0.055 0.710 
 430 N _   0.008 0.187 0.001 0.021 0.008 0.015 0.054 0.705 
 431 S _   0.008 0.193 0.001 0.021 0.008 0.016 0.053 0.700 
 432 V _   0.009 0.198 0.001 0.021 0.008 0.016 0.053 0.694 
 433 G _   0.010 0.202 0.001 0.022 0.008 0.016 0.052 0.688 
 434 V _   0.010 0.206 0.001 0.023 0.009 0.017 0.051 0.682 
 435 L _   0.010 0.209 0.001 0.025 0.009 0.017 0.051 0.678 
 436 F _   0.010 0.210 0.001 0.026 0.009 0.016 0.051 0.676 
 437 N _   0.010 0.209 0.001 0.028 0.010 0.016 0.051 0.676 
 438 D _   0.010 0.206 0.001 0.028 0.010 0.016 0.051 0.678 
 439 S _   0.010 0.200 0.001 0.029 0.009 0.015 0.052 0.684 
 440 T _   0.010 0.191 0.001 0.028 0.009 0.014 0.053 0.694 
 441 R _   0.009 0.179 0.001 0.026 0.008 0.014 0.054 0.709 
 442 L _   0.009 0.163 0.001 0.024 0.007 0.013 0.056 0.728 
 443 I _   0.009 0.144 0.001 0.021 0.006 0.011 0.057 0.750 
 444 L _   0.008 0.123 0.001 0.017 0.005 0.010 0.059 0.776 
 445 Y _   0.008 0.103 0.001 0.014 0.004 0.009 0.061 0.800 
 446 N _   0.007 0.085 0.001 0.012 0.004 0.009 0.062 0.821 
 447 D _   0.006 0.072 0.000 0.010 0.003 0.008 0.063 0.837 
 448 G _   0.006 0.063 0.000 0.009 0.003 0.008 0.064 0.847 
 449 D _   0.006 0.057 0.000 0.008 0.003 0.008 0.065 0.853 
 450 S _   0.006 0.053 0.000 0.008 0.003 0.008 0.065 0.857 
 451 L _   0.006 0.051 0.000 0.009 0.003 0.008 0.066 0.858 
 452 Q _   0.006 0.049 0.000 0.009 0.003 0.008 0.066 0.859 
 453 Y _   0.006 0.049 0.000 0.010 0.003 0.008 0.066 0.858 
 454 I _   0.006 0.049 0.000 0.011 0.003 0.009 0.065 0.857 
 455 E _   0.005 0.049 0.000 0.012 0.004 0.009 0.065 0.856 
 456 R _   0.006 0.050 0.000 0.013 0.004 0.009 0.064 0.854 
 457 D _   0.006 0.050 0.000 0.014 0.004 0.010 0.064 0.851 
 458 G _   0.006 0.051 0.001 0.016 0.005 0.011 0.063 0.848 
 459 T _   0.006 0.052 0.001 0.018 0.005 0.011 0.063 0.844 
 460 E _   0.006 0.052 0.001 0.019 0.006 0.012 0.063 0.842 
 461 S _   0.007 0.051 0.001 0.020 0.006 0.012 0.063 0.841 
 462 Y _   0.007 0.050 0.001 0.020 0.006 0.012 0.063 0.842 
 463 L _   0.007 0.048 0.001 0.019 0.005 0.012 0.064 0.845 
 464 T _   0.007 0.044 0.001 0.016 0.005 0.012 0.064 0.851 
 465 V _   0.007 0.040 0.001 0.013 0.004 0.012 0.064 0.858 
 466 S _   0.007 0.036 0.000 0.011 0.004 0.012 0.065 0.865 
 467 S _   0.007 0.033 0.000 0.008 0.004 0.013 0.065 0.870 
 468 H _   0.008 0.031 0.000 0.007 0.003 0.014 0.065 0.871 
 469 P _   0.010 0.031 0.000 0.006 0.004 0.017 0.065 0.867 
 470 N _   0.013 0.032 0.001 0.007 0.006 0.021 0.064 0.856 
 471 S _   0.018 0.037 0.001 0.010 0.008 0.025 0.064 0.838 
 472 L _   0.023 0.045 0.001 0.014 0.013 0.031 0.063 0.810 
 473 M _   0.028 0.059 0.001 0.022 0.018 0.036 0.062 0.773 
 474 K _   0.033 0.075 0.002 0.031 0.023 0.040 0.061 0.735 
 475 K _   0.036 0.089 0.002 0.040 0.027 0.043 0.061 0.702 
 476 I _   0.038 0.099 0.002 0.047 0.030 0.044 0.061 0.681 
 477 T _   0.039 0.103 0.002 0.049 0.030 0.043 0.061 0.673 
 478 L _   0.039 0.103 0.002 0.048 0.028 0.041 0.062 0.677 
 479 L _   0.037 0.098 0.002 0.043 0.025 0.038 0.064 0.693 
 480 K _   0.035 0.089 0.002 0.036 0.022 0.035 0.065 0.717 
 481 Y _   0.032 0.075 0.001 0.027 0.017 0.031 0.067 0.749 
 482 F _   0.029 0.060 0.001 0.019 0.013 0.028 0.069 0.781 
 483 R _   0.025 0.046 0.001 0.014 0.010 0.025 0.071 0.807 
 484 N _   0.023 0.037 0.001 0.010 0.008 0.023 0.073 0.826 
 485 Y _   0.021 0.033 0.001 0.009 0.006 0.021 0.074 0.836 
 486 M _   0.020 0.030 0.001 0.009 0.006 0.020 0.075 0.839 
 487 S _   0.019 0.030 0.001 0.010 0.006 0.020 0.076 0.838 
 488 E _   0.019 0.030 0.001 0.013 0.007 0.019 0.077 0.833 
 489 H _   0.019 0.032 0.001 0.017 0.008 0.019 0.078 0.827 
 490 L _   0.018 0.033 0.001 0.021 0.009 0.018 0.079 0.822 
 491 L _   0.017 0.033 0.001 0.023 0.009 0.017 0.080 0.819 
 492 K _   0.016 0.032 0.001 0.024 0.009 0.016 0.081 0.820 
 493 A _   0.015 0.030 0.001 0.023 0.008 0.015 0.083 0.826 
 494 G _   0.014 0.026 0.001 0.020 0.007 0.013 0.085 0.834 
 495 A _   0.012 0.021 0.001 0.017 0.005 0.011 0.087 0.845 
 496 N _   0.011 0.016 0.001 0.013 0.004 0.010 0.089 0.857 
 497 I _   0.010 0.011 0.000 0.009 0.003 0.008 0.091 0.868 
 498 T _   0.009 0.007 0.000 0.006 0.002 0.007 0.092 0.877 
 499 P _   0.007 0.004 0.000 0.004 0.002 0.006 0.092 0.884 
 500 R _   0.007 0.003 0.000 0.003 0.002 0.006 0.092 0.887 
 501 E _   0.006 0.002 0.000 0.003 0.001 0.006 0.092 0.889 
 502 G _   0.006 0.002 0.000 0.003 0.002 0.008 0.091 0.888 
 503 D _   0.007 0.002 0.000 0.003 0.002 0.009 0.090 0.885 
 504 E _   0.008 0.004 0.000 0.005 0.003 0.012 0.088 0.880 
 505 L _   0.010 0.007 0.000 0.007 0.004 0.016 0.086 0.870 
 506 A _   0.012 0.012 0.001 0.010 0.006 0.020 0.083 0.856 
 507 R _   0.015 0.019 0.001 0.015 0.009 0.025 0.080 0.838 
 508 L _   0.017 0.027 0.001 0.019 0.011 0.029 0.076 0.819 
 509 P _   0.019 0.034 0.001 0.023 0.014 0.033 0.073 0.801 
 510 Y _   0.021 0.041 0.001 0.026 0.017 0.037 0.070 0.786 
 511 L _   0.024 0.046 0.001 0.028 0.020 0.040 0.067 0.774 
 512 R _   0.027 0.049 0.001 0.029 0.022 0.042 0.064 0.765 
 513 T _   0.030 0.051 0.001 0.028 0.024 0.044 0.062 0.759 
 514 W _   0.034 0.052 0.002 0.027 0.025 0.046 0.060 0.756 
 515 F _   0.036 0.052 0.002 0.026 0.026 0.046 0.059 0.754 
 516 R _   0.039 0.051 0.002 0.025 0.026 0.046 0.058 0.754 
 517 T _   0.041 0.050 0.002 0.025 0.025 0.045 0.057 0.755 
 518 R _   0.043 0.049 0.002 0.025 0.025 0.044 0.056 0.757 
 519 S _   0.044 0.047 0.002 0.025 0.023 0.042 0.056 0.762 
 520 A _   0.044 0.044 0.001 0.024 0.022 0.040 0.055 0.770 
 521 I _   0.043 0.040 0.001 0.023 0.019 0.037 0.055 0.781 
 522 I _   0.041 0.036 0.001 0.021 0.017 0.034 0.056 0.795 
 523 L _   0.038 0.030 0.001 0.019 0.015 0.031 0.056 0.811 
 524 H _   0.035 0.025 0.001 0.016 0.012 0.028 0.056 0.828 
 525 L _   0.032 0.019 0.001 0.013 0.010 0.025 0.056 0.844 
 526 S _   0.028 0.014 0.001 0.011 0.009 0.022 0.056 0.859 
 527 N _   0.026 0.010 0.001 0.010 0.007 0.020 0.056 0.869 
 528 G _   0.025 0.007 0.001 0.009 0.007 0.019 0.056 0.876 
 529 S _   0.025 0.005 0.001 0.008 0.006 0.018 0.056 0.881 
 530 V _   0.027 0.004 0.001 0.008 0.006 0.017 0.055 0.883 
 531 Q _   0.031 0.003 0.001 0.007 0.005 0.016 0.055 0.883 
 532 I _   0.036 0.002 0.001 0.006 0.005 0.016 0.054 0.880 
 533 N _   0.044 0.001 0.001 0.005 0.005 0.016 0.053 0.875 
 534 F _   0.057 0.001 0.001 0.004 0.005 0.016 0.052 0.866 
 535 F _   0.075 0.000 0.001 0.003 0.005 0.016 0.051 0.849 
 536 Q _   0.103 0.000 0.001 0.002 0.005 0.017 0.049 0.822 
 537 D _   0.142 0.000 0.001 0.002 0.006 0.019 0.047 0.782 
 538 H _   0.198 0.000 0.001 0.002 0.008 0.022 0.045 0.724 
 539 T _   0.270 0.000 0.001 0.002 0.012 0.025 0.043 0.647 
 540 K _   0.351 0.000 0.001 0.002 0.016 0.029 0.041 0.560 
 541 L _   0.431 0.000 0.001 0.002 0.023 0.032 0.040 0.471 
 542 I H   0.503 0.000 0.002 0.002 0.029 0.035 0.040 0.390 
 543 L H   0.556 0.000 0.002 0.003 0.036 0.036 0.040 0.327 
 544 C H   0.592 0.001 0.002 0.004 0.041 0.036 0.042 0.283 
 545 P H   0.612 0.001 0.002 0.005 0.044 0.035 0.044 0.257 
 546 L H   0.615 0.001 0.002 0.007 0.045 0.034 0.047 0.249 
 547 M H   0.602 0.002 0.002 0.008 0.044 0.032 0.052 0.258 
 548 A H   0.572 0.002 0.002 0.009 0.041 0.030 0.058 0.285 
 549 A H   0.524 0.001 0.002 0.009 0.036 0.028 0.066 0.333 
 550 V H   0.457 0.001 0.002 0.008 0.029 0.025 0.076 0.400 
 551 T _   0.378 0.001 0.002 0.007 0.022 0.022 0.087 0.481 
 552 Y _   0.294 0.000 0.001 0.006 0.015 0.019 0.099 0.566 
 553 I _   0.216 0.000 0.001 0.004 0.009 0.016 0.110 0.643 
 554 D _   0.151 0.000 0.001 0.003 0.006 0.014 0.120 0.705 
 555 E _   0.102 0.000 0.001 0.003 0.004 0.012 0.128 0.750 
 556 K _   0.069 0.000 0.000 0.002 0.003 0.011 0.135 0.779 
 557 R _   0.048 0.000 0.000 0.002 0.003 0.011 0.141 0.795 
 558 D _   0.035 0.000 0.000 0.002 0.003 0.012 0.145 0.802 
 559 F _   0.029 0.001 0.000 0.003 0.003 0.014 0.149 0.801 
 560 R _   0.026 0.002 0.000 0.005 0.004 0.016 0.153 0.794 
 561 T _   0.024 0.005 0.001 0.007 0.006 0.019 0.156 0.782 
 562 Y _   0.024 0.010 0.001 0.011 0.008 0.022 0.160 0.764 
 563 R _   0.024 0.017 0.001 0.016 0.011 0.025 0.163 0.742 
 564 L _   0.024 0.025 0.001 0.021 0.014 0.027 0.167 0.720 
 565 S _   0.025 0.032 0.001 0.026 0.016 0.029 0.171 0.699 
 566 L _   0.025 0.038 0.001 0.029 0.018 0.031 0.176 0.682 
 567 L _   0.025 0.041 0.001 0.030 0.018 0.031 0.182 0.670 
 568 E _   0.025 0.043 0.001 0.030 0.018 0.031 0.189 0.663 
 569 E _   0.025 0.043 0.001 0.028 0.017 0.030 0.196 0.659 
 570 Y _   0.024 0.042 0.001 0.025 0.016 0.030 0.205 0.657 
 571 G _   0.024 0.040 0.001 0.021 0.014 0.029 0.214 0.657 
 572 C _   0.024 0.037 0.001 0.018 0.012 0.028 0.223 0.657 
 573 C _   0.024 0.035 0.001 0.015 0.011 0.027 0.232 0.655 
 574 K _   0.024 0.033 0.001 0.012 0.010 0.027 0.242 0.652 
 575 E _   0.025 0.031 0.001 0.011 0.009 0.026 0.251 0.645 
 576 L _   0.025 0.031 0.001 0.011 0.009 0.027 0.261 0.636 
 577 A _   0.026 0.031 0.001 0.011 0.010 0.027 0.270 0.624 
 578 S _   0.027 0.032 0.001 0.012 0.011 0.028 0.280 0.609 
 579 R _   0.028 0.034 0.001 0.014 0.012 0.029 0.291 0.592 
 580 L _   0.028 0.037 0.001 0.017 0.013 0.029 0.302 0.572 
 581 R _   0.028 0.040 0.001 0.020 0.015 0.030 0.314 0.551 
 582 Y _   0.028 0.043 0.001 0.024 0.016 0.030 0.328 0.530 
 583 A _   0.027 0.046 0.001 0.027 0.017 0.029 0.343 0.511 
 584 R _   0.025 0.047 0.001 0.029 0.016 0.028 0.360 0.493 
 585 T _   0.023 0.047 0.001 0.031 0.016 0.026 0.378 0.478 
 586 M _   0.021 0.046 0.001 0.030 0.014 0.024 0.398 0.465 
 587 V _   0.018 0.044 0.001 0.029 0.012 0.022 0.420 0.455 
 588 D _   0.016 0.040 0.001 0.026 0.010 0.019 0.442 0.445 
 589 K X   0.014 0.036 0.001 0.022 0.008 0.017 0.465 0.436 
 590 L X   0.012 0.031 0.001 0.019 0.007 0.015 0.488 0.427 
 591 L X   0.011 0.026 0.001 0.016 0.006 0.013 0.510 0.418 
 592 S X   0.010 0.021 0.001 0.013 0.005 0.011 0.532 0.407 
 593 S X   0.008 0.018 0.001 0.011 0.004 0.010 0.552 0.396 
 594 R X   0.007 0.015 0.000 0.010 0.003 0.008 0.571 0.386 
 595 S X   0.006 0.012 0.000 0.009 0.003 0.007 0.587 0.376 
 596 A X   0.005 0.011 0.000 0.008 0.002 0.006 0.601 0.367 
 597 S X   0.004 0.009 0.000 0.008 0.002 0.005 0.615 0.358 
 598 N X   0.003 0.008 0.000 0.007 0.002 0.003 0.627 0.351 
 599 R X   0.001 0.007 0.000 0.005 0.001 0.002 0.637 0.347 
 600 L X   0.001 0.005 0.000 0.003 0.000 0.001 0.645 0.345 
 601 K X   0.000 0.004 0.000 0.002 0.000 0.000 0.647 0.346 
 602 A X   0.000 0.004 0.000 0.003 0.000 0.000 0.644 0.348 
 603 S X   0.003 0.004 0.001 0.011 0.003 0.002 0.632 0.345 
