#TopoPred_TM8: 8-state transmembrane topology prediction results by no_profile mode 
#probabilities are in the order of H E C I L F X _, the 8 transmembrane topology types used in PDBTM 
   1 M X   0.005 0.001 0.001 0.027 0.005 0.005 0.903 0.053 
   2 E X   0.001 0.000 0.000 0.011 0.001 0.001 0.928 0.058 
   3 S X   0.000 0.000 0.000 0.004 0.000 0.001 0.934 0.061 
   4 G X   0.000 0.000 0.000 0.003 0.000 0.001 0.934 0.062 
   5 G X   0.000 0.001 0.000 0.003 0.000 0.001 0.933 0.062 
   6 G X   0.000 0.001 0.000 0.003 0.000 0.002 0.930 0.062 
   7 N X   0.001 0.003 0.000 0.005 0.001 0.002 0.926 0.062 
   8 A X   0.001 0.006 0.000 0.008 0.001 0.003 0.920 0.061 
   9 P X   0.001 0.010 0.000 0.011 0.002 0.004 0.913 0.059 
  10 A X   0.001 0.014 0.000 0.015 0.002 0.005 0.904 0.057 
  11 G X   0.001 0.018 0.000 0.019 0.003 0.005 0.897 0.056 
  12 A X   0.001 0.021 0.000 0.022 0.003 0.005 0.892 0.055 
  13 L X   0.001 0.022 0.000 0.023 0.003 0.005 0.889 0.056 
  14 G X   0.001 0.022 0.000 0.023 0.003 0.005 0.888 0.058 
  15 A X   0.001 0.022 0.000 0.021 0.003 0.004 0.889 0.060 
  16 A X   0.001 0.020 0.000 0.017 0.002 0.004 0.891 0.064 
  17 S X   0.001 0.017 0.000 0.013 0.002 0.003 0.894 0.068 
  18 E X   0.001 0.014 0.000 0.009 0.001 0.003 0.898 0.073 
  19 S X   0.001 0.009 0.000 0.006 0.001 0.002 0.902 0.078 
  20 P X   0.001 0.006 0.000 0.004 0.001 0.002 0.905 0.082 
  21 Q X   0.001 0.003 0.000 0.002 0.000 0.001 0.906 0.085 
  22 C X   0.001 0.002 0.000 0.001 0.000 0.001 0.907 0.087 
  23 P X   0.001 0.001 0.000 0.001 0.000 0.001 0.907 0.089 
  24 P X   0.001 0.001 0.000 0.001 0.000 0.001 0.905 0.091 
  25 P X   0.001 0.001 0.000 0.001 0.000 0.001 0.903 0.093 
  26 P X   0.001 0.001 0.000 0.001 0.000 0.001 0.900 0.096 
  27 G X   0.001 0.001 0.000 0.002 0.000 0.001 0.895 0.099 
  28 V X   0.001 0.001 0.000 0.002 0.001 0.002 0.889 0.104 
  29 E X   0.001 0.002 0.000 0.003 0.001 0.002 0.882 0.109 
  30 G X   0.001 0.002 0.000 0.005 0.001 0.003 0.873 0.115 
  31 A X   0.001 0.003 0.000 0.006 0.001 0.003 0.864 0.122 
  32 A X   0.001 0.004 0.000 0.006 0.001 0.003 0.854 0.130 
  33 G X   0.001 0.005 0.000 0.006 0.001 0.003 0.843 0.139 
  34 P X   0.002 0.005 0.000 0.006 0.001 0.003 0.832 0.150 
  35 A X   0.001 0.006 0.000 0.006 0.001 0.004 0.820 0.161 
  36 E X   0.001 0.007 0.000 0.006 0.001 0.004 0.807 0.173 
  37 P X   0.001 0.008 0.000 0.006 0.001 0.004 0.794 0.184 
  38 D X   0.002 0.010 0.000 0.007 0.002 0.004 0.779 0.196 
  39 G X   0.002 0.012 0.000 0.008 0.002 0.005 0.763 0.208 
  40 A X   0.002 0.016 0.000 0.010 0.002 0.005 0.746 0.219 
  41 A X   0.002 0.019 0.000 0.012 0.002 0.006 0.729 0.229 
  42 E X   0.002 0.024 0.000 0.014 0.003 0.006 0.711 0.240 
  43 G X   0.002 0.028 0.000 0.016 0.003 0.006 0.693 0.251 
  44 A X   0.002 0.031 0.000 0.017 0.003 0.007 0.676 0.263 
  45 A X   0.002 0.034 0.000 0.017 0.003 0.006 0.661 0.275 
  46 G X   0.002 0.036 0.000 0.017 0.003 0.006 0.647 0.289 
  47 G X   0.002 0.037 0.000 0.015 0.003 0.006 0.633 0.304 
  48 S X   0.002 0.038 0.000 0.012 0.002 0.006 0.620 0.319 
  49 G X   0.002 0.038 0.000 0.010 0.002 0.005 0.607 0.334 
  50 E X   0.002 0.039 0.000 0.008 0.002 0.005 0.594 0.349 
  51 G X   0.002 0.040 0.000 0.007 0.002 0.006 0.579 0.363 
  52 E X   0.002 0.043 0.000 0.007 0.002 0.006 0.563 0.375 
  53 S X   0.003 0.048 0.000 0.008 0.002 0.008 0.544 0.386 
  54 G X   0.003 0.058 0.001 0.011 0.004 0.010 0.521 0.393 
  55 G X   0.004 0.078 0.001 0.016 0.006 0.013 0.491 0.392 
  56 G X   0.005 0.112 0.001 0.025 0.009 0.016 0.452 0.379 
  57 P X   0.006 0.166 0.002 0.036 0.013 0.019 0.407 0.351 
  58 R X   0.006 0.232 0.002 0.048 0.016 0.021 0.361 0.314 
  59 R X   0.006 0.295 0.002 0.059 0.017 0.021 0.322 0.278 
  60 A E   0.006 0.341 0.002 0.067 0.017 0.021 0.294 0.253 
  61 L E   0.005 0.369 0.001 0.072 0.016 0.020 0.276 0.241 
  62 R E   0.005 0.383 0.001 0.074 0.015 0.019 0.263 0.240 
  63 A E   0.006 0.388 0.001 0.072 0.014 0.017 0.255 0.247 
  64 V E   0.006 0.385 0.001 0.067 0.013 0.016 0.249 0.263 
  65 Y E   0.006 0.374 0.001 0.059 0.011 0.014 0.245 0.289 
  66 V E   0.006 0.352 0.001 0.049 0.010 0.013 0.243 0.326 
  67 R _   0.007 0.316 0.001 0.038 0.008 0.012 0.241 0.376 
  68 S _   0.007 0.269 0.001 0.028 0.007 0.011 0.241 0.436 
  69 E _   0.007 0.221 0.001 0.019 0.005 0.010 0.241 0.496 
  70 S _   0.006 0.182 0.001 0.013 0.004 0.009 0.240 0.545 
  71 S _   0.006 0.157 0.000 0.009 0.003 0.008 0.239 0.579 
  72 Q _   0.005 0.144 0.000 0.006 0.002 0.007 0.236 0.600 
  73 G _   0.004 0.137 0.000 0.005 0.002 0.007 0.232 0.612 
  74 G _   0.004 0.136 0.000 0.005 0.002 0.007 0.227 0.619 
  75 A _   0.004 0.138 0.000 0.006 0.002 0.008 0.221 0.621 
  76 A _   0.004 0.144 0.000 0.008 0.002 0.009 0.212 0.620 
  77 G _   0.005 0.155 0.000 0.010 0.003 0.011 0.202 0.613 
  78 G _   0.006 0.175 0.001 0.014 0.005 0.013 0.189 0.598 
  79 P _   0.006 0.203 0.001 0.018 0.007 0.016 0.174 0.575 
  80 E _   0.007 0.241 0.001 0.023 0.009 0.019 0.157 0.543 
  81 A _   0.008 0.283 0.001 0.027 0.011 0.021 0.141 0.508 
  82 G _   0.008 0.328 0.001 0.031 0.013 0.023 0.125 0.469 
  83 A _   0.009 0.372 0.002 0.035 0.015 0.025 0.111 0.432 
  84 R E   0.009 0.409 0.002 0.038 0.017 0.026 0.099 0.401 
  85 Q E   0.010 0.437 0.001 0.041 0.018 0.026 0.089 0.378 
  86 C E   0.010 0.457 0.001 0.043 0.018 0.026 0.081 0.362 
  87 L E   0.011 0.469 0.001 0.045 0.019 0.026 0.075 0.354 
  88 L E   0.012 0.474 0.001 0.045 0.019 0.026 0.071 0.353 
  89 R E   0.012 0.472 0.001 0.045 0.018 0.025 0.067 0.360 
  90 A E   0.013 0.463 0.001 0.042 0.018 0.024 0.064 0.374 
  91 C E   0.014 0.446 0.001 0.039 0.017 0.023 0.062 0.396 
  92 E _   0.016 0.419 0.002 0.035 0.017 0.022 0.060 0.429 
  93 A _   0.017 0.382 0.002 0.031 0.016 0.022 0.059 0.472 
  94 E _   0.018 0.337 0.002 0.027 0.014 0.021 0.059 0.522 
  95 G _   0.018 0.291 0.001 0.023 0.013 0.021 0.058 0.574 
  96 A _   0.019 0.247 0.001 0.020 0.011 0.020 0.058 0.623 
  97 H _   0.019 0.211 0.001 0.017 0.010 0.019 0.058 0.665 
  98 L _   0.018 0.181 0.001 0.015 0.009 0.019 0.058 0.701 
  99 T _   0.017 0.158 0.001 0.013 0.007 0.018 0.058 0.729 
 100 S _   0.016 0.141 0.001 0.012 0.007 0.017 0.057 0.750 
 101 V _   0.015 0.128 0.001 0.011 0.006 0.016 0.057 0.767 
 102 P _   0.013 0.118 0.001 0.010 0.005 0.015 0.056 0.781 
 103 F _   0.013 0.111 0.001 0.010 0.005 0.015 0.055 0.791 
 104 G _   0.012 0.106 0.001 0.009 0.005 0.015 0.054 0.798 
 105 E _   0.012 0.103 0.001 0.009 0.005 0.015 0.053 0.803 
 106 L _   0.012 0.101 0.001 0.010 0.005 0.015 0.052 0.804 
 107 D _   0.012 0.101 0.001 0.010 0.006 0.016 0.051 0.804 
 108 F _   0.012 0.103 0.001 0.012 0.007 0.017 0.049 0.800 
 109 G _   0.012 0.106 0.001 0.014 0.008 0.018 0.048 0.793 
 110 E _   0.013 0.110 0.001 0.017 0.009 0.019 0.047 0.785 
 111 T _   0.013 0.114 0.001 0.019 0.009 0.019 0.045 0.779 
 112 A _   0.014 0.117 0.001 0.020 0.010 0.020 0.044 0.774 
 113 V _   0.014 0.119 0.001 0.021 0.010 0.020 0.043 0.773 
 114 L _   0.014 0.120 0.001 0.020 0.010 0.020 0.042 0.773 
 115 D _   0.014 0.119 0.001 0.019 0.010 0.020 0.042 0.776 
 116 A _   0.014 0.118 0.001 0.018 0.010 0.020 0.041 0.779 
 117 F _   0.014 0.116 0.001 0.017 0.009 0.020 0.040 0.782 
 118 Y _   0.015 0.115 0.001 0.017 0.009 0.020 0.040 0.784 
 119 D _   0.015 0.114 0.001 0.018 0.010 0.020 0.040 0.783 
 120 A _   0.016 0.113 0.001 0.019 0.010 0.020 0.039 0.781 
 121 D _   0.017 0.113 0.001 0.021 0.011 0.020 0.039 0.778 
 122 V _   0.017 0.112 0.001 0.023 0.011 0.020 0.039 0.776 
 123 A _   0.017 0.110 0.001 0.025 0.011 0.020 0.039 0.776 
 124 V _   0.017 0.106 0.001 0.025 0.010 0.019 0.040 0.781 
 125 V _   0.017 0.100 0.001 0.024 0.010 0.018 0.040 0.791 
 126 D _   0.016 0.091 0.001 0.021 0.008 0.016 0.041 0.806 
 127 M _   0.014 0.080 0.001 0.017 0.007 0.015 0.042 0.824 
 128 S _   0.013 0.067 0.001 0.013 0.006 0.014 0.042 0.844 
 129 D _   0.012 0.057 0.001 0.009 0.005 0.013 0.043 0.861 
 130 V _   0.011 0.049 0.000 0.007 0.004 0.013 0.043 0.873 
 131 S _   0.010 0.046 0.000 0.005 0.003 0.013 0.043 0.880 
 132 R _   0.010 0.045 0.000 0.005 0.003 0.013 0.042 0.880 
 133 Q _   0.011 0.047 0.000 0.006 0.004 0.014 0.042 0.875 
 134 P _   0.012 0.053 0.001 0.009 0.006 0.016 0.041 0.863 
 135 S _   0.013 0.064 0.001 0.013 0.008 0.018 0.040 0.843 
 136 L _   0.014 0.080 0.001 0.019 0.010 0.020 0.039 0.817 
 137 F _   0.014 0.097 0.001 0.025 0.012 0.021 0.038 0.792 
 138 Y _   0.014 0.111 0.001 0.030 0.013 0.021 0.037 0.773 
 139 H _   0.013 0.121 0.001 0.033 0.013 0.021 0.036 0.761 
 140 L _   0.013 0.127 0.001 0.034 0.013 0.020 0.036 0.757 
 141 G _   0.012 0.129 0.001 0.031 0.011 0.019 0.036 0.761 
 142 V _   0.012 0.128 0.001 0.027 0.010 0.018 0.036 0.770 
 143 R _   0.011 0.124 0.001 0.022 0.009 0.017 0.036 0.781 
 144 E _   0.011 0.120 0.001 0.018 0.007 0.016 0.036 0.792 
 145 S _   0.011 0.116 0.001 0.015 0.006 0.015 0.036 0.800 
 146 F _   0.011 0.113 0.001 0.013 0.006 0.015 0.036 0.805 
 147 D _   0.011 0.112 0.001 0.013 0.006 0.015 0.037 0.806 
 148 M _   0.011 0.113 0.001 0.015 0.006 0.015 0.037 0.802 
 149 A _   0.011 0.114 0.001 0.018 0.007 0.015 0.037 0.797 
 150 N _   0.012 0.116 0.001 0.021 0.008 0.015 0.037 0.790 
 151 N _   0.012 0.117 0.001 0.023 0.008 0.015 0.037 0.786 
 152 V _   0.012 0.116 0.001 0.024 0.008 0.014 0.038 0.786 
 153 I _   0.011 0.113 0.001 0.024 0.007 0.013 0.039 0.792 
 154 L _   0.010 0.107 0.001 0.021 0.007 0.012 0.039 0.803 
 155 Y _   0.009 0.098 0.001 0.017 0.006 0.011 0.040 0.818 
 156 H _   0.008 0.088 0.001 0.013 0.005 0.010 0.041 0.834 
 157 D _   0.008 0.079 0.000 0.010 0.004 0.009 0.041 0.849 
 158 T _   0.007 0.072 0.000 0.008 0.003 0.009 0.042 0.859 
 159 D _   0.007 0.068 0.000 0.006 0.003 0.009 0.042 0.865 
 160 A _   0.007 0.068 0.000 0.006 0.003 0.009 0.042 0.865 
 161 D _   0.007 0.069 0.000 0.008 0.003 0.010 0.042 0.860 
 162 T _   0.008 0.075 0.000 0.011 0.004 0.012 0.041 0.850 
 163 A _   0.008 0.083 0.001 0.016 0.005 0.013 0.040 0.834 
 164 L _   0.009 0.094 0.001 0.022 0.007 0.014 0.039 0.814 
 165 S _   0.009 0.105 0.001 0.028 0.008 0.015 0.039 0.796 
 166 L _   0.009 0.113 0.001 0.034 0.009 0.015 0.038 0.781 
 167 K _   0.009 0.117 0.001 0.038 0.010 0.015 0.038 0.772 
 168 D _   0.009 0.118 0.001 0.038 0.010 0.015 0.038 0.772 
 169 M _   0.009 0.115 0.001 0.036 0.009 0.014 0.038 0.778 
 170 V _   0.008 0.108 0.001 0.032 0.008 0.013 0.039 0.790 
 171 T _   0.008 0.097 0.001 0.026 0.007 0.012 0.040 0.809 
 172 Q _   0.008 0.083 0.001 0.019 0.005 0.011 0.041 0.831 
 173 K _   0.007 0.069 0.001 0.014 0.004 0.010 0.042 0.853 
 174 N _   0.007 0.057 0.000 0.009 0.003 0.010 0.043 0.871 
 175 T _   0.006 0.049 0.000 0.006 0.003 0.009 0.044 0.882 
 176 A _   0.006 0.046 0.000 0.005 0.002 0.010 0.044 0.886 
 177 S _   0.007 0.045 0.000 0.005 0.003 0.011 0.044 0.884 
 178 S _   0.009 0.048 0.000 0.006 0.004 0.014 0.043 0.875 
 179 G _   0.011 0.056 0.001 0.009 0.006 0.018 0.043 0.857 
 180 N _   0.014 0.073 0.001 0.014 0.009 0.022 0.042 0.826 
 181 Y _   0.017 0.100 0.001 0.020 0.013 0.026 0.040 0.783 
 182 Y _   0.019 0.134 0.002 0.028 0.017 0.030 0.039 0.732 
 183 F _   0.020 0.169 0.002 0.036 0.020 0.032 0.037 0.684 
 184 I _   0.021 0.197 0.002 0.042 0.023 0.034 0.036 0.645 
 185 P _   0.021 0.217 0.002 0.046 0.024 0.035 0.035 0.619 
 186 Y _   0.021 0.230 0.002 0.048 0.025 0.035 0.035 0.604 
 187 I _   0.021 0.237 0.002 0.048 0.025 0.034 0.035 0.598 
 188 V _   0.021 0.240 0.002 0.047 0.024 0.033 0.036 0.598 
 189 T _   0.021 0.238 0.002 0.045 0.022 0.031 0.037 0.605 
 190 P _   0.020 0.232 0.001 0.042 0.020 0.029 0.038 0.618 
 191 C _   0.019 0.222 0.001 0.038 0.017 0.026 0.039 0.637 
 192 A _   0.018 0.208 0.001 0.034 0.015 0.024 0.041 0.659 
 193 D _   0.016 0.190 0.001 0.030 0.013 0.022 0.043 0.685 
 194 Y _   0.015 0.169 0.001 0.026 0.011 0.019 0.045 0.713 
 195 F _   0.013 0.147 0.001 0.023 0.009 0.017 0.047 0.743 
 196 C _   0.012 0.125 0.001 0.019 0.007 0.015 0.049 0.771 
 197 C _   0.011 0.105 0.001 0.017 0.006 0.014 0.051 0.797 
 198 E _   0.010 0.087 0.001 0.014 0.005 0.013 0.053 0.818 
 199 S _   0.009 0.073 0.001 0.013 0.004 0.012 0.054 0.835 
 200 D _   0.008 0.063 0.001 0.012 0.004 0.011 0.055 0.847 
 201 A _   0.008 0.054 0.000 0.011 0.004 0.010 0.056 0.856 
 202 Q _   0.007 0.048 0.000 0.011 0.004 0.010 0.057 0.862 
 203 R _   0.007 0.042 0.000 0.012 0.004 0.010 0.057 0.867 
 204 R _   0.007 0.038 0.000 0.013 0.004 0.010 0.058 0.870 
 205 A _   0.007 0.033 0.001 0.013 0.004 0.010 0.059 0.873 
 206 S _   0.007 0.029 0.001 0.013 0.004 0.010 0.060 0.877 
 207 E _   0.007 0.024 0.001 0.013 0.004 0.009 0.061 0.882 
 208 Y _   0.007 0.018 0.000 0.011 0.004 0.009 0.061 0.889 
 209 M _   0.007 0.013 0.000 0.009 0.003 0.009 0.062 0.896 
 210 Q _   0.007 0.009 0.000 0.007 0.003 0.009 0.062 0.903 
 211 P _   0.007 0.005 0.000 0.006 0.002 0.009 0.063 0.908 
 212 N _   0.007 0.003 0.000 0.004 0.002 0.010 0.062 0.910 
 213 W _   0.009 0.002 0.000 0.004 0.002 0.012 0.062 0.909 
 214 D _   0.012 0.001 0.000 0.003 0.003 0.015 0.061 0.905 
 215 N _   0.017 0.001 0.000 0.004 0.004 0.019 0.061 0.894 
 216 I _   0.025 0.001 0.001 0.005 0.006 0.026 0.059 0.878 
 217 L _   0.036 0.002 0.001 0.007 0.009 0.034 0.058 0.853 
 218 G _   0.050 0.003 0.001 0.010 0.014 0.043 0.056 0.823 
 219 P _   0.065 0.005 0.001 0.014 0.021 0.053 0.054 0.787 
 220 L _   0.079 0.007 0.002 0.018 0.029 0.061 0.052 0.752 
 221 C _   0.094 0.009 0.002 0.021 0.035 0.068 0.051 0.721 
 222 M _   0.107 0.010 0.002 0.023 0.041 0.072 0.049 0.696 
 223 P _   0.118 0.011 0.002 0.024 0.045 0.075 0.048 0.677 
 224 L _   0.128 0.011 0.002 0.023 0.047 0.077 0.048 0.665 
 225 V _   0.136 0.010 0.002 0.021 0.047 0.076 0.048 0.660 
 226 D _   0.141 0.009 0.002 0.019 0.045 0.074 0.048 0.662 
 227 R _   0.144 0.008 0.002 0.016 0.041 0.071 0.048 0.669 
 228 F _   0.143 0.007 0.002 0.014 0.037 0.067 0.049 0.680 
 229 I _   0.140 0.005 0.002 0.013 0.033 0.063 0.050 0.694 
 230 S _   0.136 0.004 0.002 0.011 0.028 0.058 0.051 0.710 
 231 L _   0.129 0.003 0.001 0.010 0.024 0.054 0.052 0.726 
 232 L _   0.121 0.003 0.001 0.008 0.020 0.050 0.053 0.743 
 233 K _   0.113 0.002 0.001 0.007 0.017 0.046 0.055 0.759 
 234 D _   0.104 0.002 0.001 0.007 0.015 0.043 0.056 0.772 
 235 I _   0.096 0.002 0.001 0.007 0.014 0.040 0.057 0.783 
 236 H _   0.088 0.003 0.001 0.007 0.013 0.038 0.058 0.791 
 237 V _   0.081 0.003 0.001 0.009 0.013 0.037 0.059 0.797 
 238 T _   0.074 0.005 0.001 0.011 0.014 0.035 0.061 0.799 
 239 S _   0.068 0.006 0.001 0.013 0.015 0.034 0.062 0.801 
 240 C _   0.061 0.008 0.001 0.016 0.015 0.032 0.063 0.802 
 241 V _   0.054 0.010 0.001 0.019 0.015 0.030 0.065 0.805 
 242 Y _   0.046 0.011 0.001 0.021 0.014 0.028 0.067 0.811 
 243 Y _   0.039 0.012 0.001 0.022 0.013 0.025 0.069 0.819 
 244 K _   0.033 0.012 0.001 0.022 0.011 0.022 0.071 0.828 
 245 E _   0.027 0.012 0.001 0.020 0.009 0.019 0.073 0.839 
 246 T _   0.022 0.011 0.001 0.017 0.007 0.017 0.075 0.850 
 247 L _   0.018 0.010 0.001 0.015 0.006 0.014 0.077 0.860 
 248 L _   0.014 0.008 0.001 0.013 0.005 0.012 0.079 0.869 
 249 N _   0.012 0.007 0.000 0.011 0.004 0.010 0.081 0.876 
 250 D _   0.010 0.006 0.000 0.009 0.003 0.009 0.082 0.881 
 251 I _   0.009 0.005 0.000 0.008 0.003 0.008 0.083 0.884 
 252 R _   0.008 0.004 0.000 0.007 0.002 0.007 0.084 0.887 
 253 K _   0.007 0.003 0.000 0.006 0.002 0.006 0.085 0.889 
 254 A _   0.007 0.003 0.000 0.006 0.002 0.006 0.085 0.891 
 255 R _   0.006 0.003 0.000 0.005 0.002 0.006 0.086 0.892 
 256 E _   0.006 0.003 0.000 0.005 0.002 0.006 0.085 0.893 
 257 K _   0.005 0.003 0.000 0.005 0.002 0.006 0.085 0.894 
 258 Y _   0.005 0.004 0.000 0.005 0.002 0.006 0.084 0.893 
 259 Q _   0.005 0.005 0.000 0.006 0.002 0.007 0.083 0.892 
 260 G _   0.006 0.006 0.000 0.008 0.003 0.008 0.081 0.888 
 261 E _   0.006 0.009 0.000 0.010 0.003 0.010 0.079 0.883 
 262 E _   0.007 0.012 0.000 0.013 0.004 0.011 0.077 0.875 
 263 L _   0.007 0.016 0.001 0.017 0.005 0.013 0.075 0.866 
 264 A _   0.007 0.020 0.001 0.022 0.006 0.014 0.073 0.857 
 265 K _   0.008 0.023 0.001 0.026 0.007 0.015 0.071 0.849 
 266 E _   0.008 0.025 0.001 0.029 0.008 0.016 0.069 0.844 
 267 L _   0.009 0.025 0.001 0.030 0.009 0.016 0.068 0.842 
 268 A _   0.009 0.025 0.001 0.029 0.009 0.017 0.067 0.844 
 269 R _   0.010 0.023 0.001 0.026 0.008 0.017 0.067 0.849 
 270 I _   0.011 0.019 0.001 0.022 0.008 0.017 0.066 0.856 
 271 K _   0.013 0.015 0.001 0.017 0.007 0.016 0.066 0.865 
 272 L _   0.015 0.010 0.001 0.012 0.006 0.017 0.066 0.874 
 273 R _   0.018 0.006 0.001 0.009 0.005 0.017 0.066 0.879 
 274 M _   0.023 0.003 0.001 0.006 0.005 0.018 0.066 0.879 
 275 D _   0.030 0.001 0.001 0.004 0.004 0.020 0.065 0.874 
 276 N _   0.042 0.001 0.001 0.003 0.005 0.023 0.065 0.861 
 277 T _   0.059 0.000 0.001 0.003 0.006 0.027 0.064 0.840 
 278 E _   0.082 0.000 0.001 0.003 0.009 0.033 0.063 0.809 
 279 V _   0.111 0.001 0.001 0.004 0.014 0.040 0.062 0.768 
 280 L _   0.143 0.002 0.001 0.006 0.021 0.047 0.061 0.719 
 281 T _   0.173 0.004 0.002 0.008 0.030 0.054 0.060 0.668 
 282 S _   0.199 0.009 0.002 0.012 0.039 0.060 0.060 0.619 
 283 D _   0.218 0.015 0.002 0.018 0.048 0.063 0.060 0.576 
 284 I _   0.230 0.022 0.003 0.024 0.053 0.064 0.060 0.543 
 285 I _   0.234 0.028 0.003 0.030 0.056 0.063 0.061 0.525 
 286 I _   0.230 0.031 0.003 0.034 0.055 0.060 0.063 0.523 
 287 N _   0.217 0.032 0.003 0.036 0.051 0.056 0.066 0.539 
 288 L _   0.197 0.031 0.003 0.035 0.044 0.050 0.070 0.571 
 289 L _   0.170 0.026 0.002 0.030 0.035 0.043 0.074 0.620 
 290 L _   0.140 0.019 0.002 0.023 0.025 0.036 0.078 0.678 
 291 S _   0.108 0.012 0.001 0.015 0.016 0.028 0.081 0.739 
 292 Y _   0.079 0.005 0.001 0.009 0.009 0.022 0.084 0.791 
 293 R _   0.056 0.002 0.001 0.005 0.005 0.017 0.086 0.828 
 294 D _   0.039 0.001 0.000 0.003 0.003 0.014 0.087 0.853 
 295 I _   0.030 0.000 0.000 0.002 0.002 0.013 0.088 0.866 
 296 Q _   0.025 0.000 0.000 0.001 0.002 0.013 0.088 0.870 
 297 D _   0.025 0.000 0.000 0.001 0.002 0.015 0.088 0.868 
 298 Y _   0.029 0.000 0.000 0.002 0.003 0.019 0.087 0.858 
 299 D _   0.038 0.002 0.001 0.003 0.006 0.026 0.086 0.839 
 300 A _   0.049 0.007 0.001 0.006 0.011 0.034 0.085 0.807 
 301 M _   0.061 0.021 0.001 0.012 0.020 0.043 0.083 0.759 
 302 V _   0.072 0.047 0.002 0.021 0.029 0.051 0.081 0.698 
 303 K _   0.078 0.082 0.003 0.031 0.038 0.056 0.079 0.633 
 304 L _   0.082 0.115 0.003 0.042 0.045 0.058 0.077 0.579 
 305 V _   0.083 0.140 0.003 0.052 0.048 0.058 0.076 0.540 
 306 E _   0.081 0.155 0.003 0.059 0.048 0.056 0.077 0.521 
 307 T _   0.078 0.162 0.002 0.062 0.046 0.053 0.078 0.518 
 308 L _   0.073 0.163 0.002 0.062 0.042 0.049 0.080 0.530 
 309 E _   0.066 0.157 0.002 0.057 0.036 0.043 0.083 0.556 
 310 M _   0.057 0.143 0.002 0.049 0.029 0.038 0.087 0.595 
 311 L _   0.048 0.121 0.002 0.039 0.022 0.031 0.091 0.646 
 312 P _   0.039 0.093 0.002 0.029 0.015 0.026 0.095 0.703 
 313 T _   0.030 0.063 0.001 0.019 0.010 0.021 0.099 0.757 
 314 C _   0.023 0.040 0.001 0.012 0.006 0.016 0.102 0.800 
 315 D _   0.017 0.025 0.001 0.007 0.004 0.013 0.104 0.828 
 316 L _   0.013 0.018 0.000 0.005 0.003 0.011 0.106 0.845 
 317 A _   0.010 0.015 0.000 0.003 0.002 0.010 0.106 0.853 
 318 D _   0.009 0.014 0.000 0.003 0.002 0.010 0.106 0.856 
 319 Q _   0.009 0.015 0.000 0.004 0.002 0.011 0.105 0.853 
 320 H _   0.010 0.020 0.000 0.006 0.004 0.013 0.104 0.843 
 321 N _   0.011 0.031 0.001 0.012 0.006 0.016 0.102 0.822 
 322 I _   0.012 0.051 0.001 0.021 0.009 0.019 0.099 0.788 
 323 K _   0.013 0.079 0.001 0.033 0.012 0.021 0.096 0.745 
 324 F _   0.013 0.106 0.001 0.046 0.015 0.022 0.093 0.703 
 325 H _   0.013 0.125 0.001 0.057 0.016 0.023 0.091 0.674 
 326 Y _   0.013 0.135 0.001 0.065 0.017 0.022 0.090 0.658 
 327 A _   0.012 0.139 0.001 0.067 0.016 0.021 0.090 0.654 
 328 F _   0.011 0.137 0.001 0.064 0.015 0.019 0.091 0.662 
 329 A _   0.011 0.129 0.001 0.056 0.013 0.017 0.092 0.681 
 330 L _   0.010 0.112 0.001 0.045 0.011 0.015 0.095 0.711 
 331 N _   0.010 0.088 0.001 0.032 0.008 0.013 0.098 0.750 
 332 R _   0.009 0.060 0.001 0.021 0.006 0.011 0.101 0.792 
 333 R _   0.008 0.035 0.001 0.012 0.004 0.009 0.104 0.828 
 334 N _   0.007 0.018 0.000 0.007 0.002 0.008 0.105 0.852 
 335 S _   0.006 0.009 0.000 0.004 0.002 0.007 0.106 0.865 
 336 T _   0.006 0.006 0.000 0.002 0.001 0.008 0.106 0.870 
 337 G _   0.007 0.005 0.000 0.002 0.001 0.009 0.106 0.870 
 338 D _   0.009 0.005 0.000 0.003 0.002 0.012 0.104 0.864 
 339 R _   0.014 0.008 0.000 0.004 0.004 0.018 0.102 0.849 
 340 E _   0.022 0.017 0.001 0.008 0.008 0.026 0.099 0.819 
 341 K _   0.030 0.043 0.001 0.016 0.016 0.036 0.094 0.763 
 342 A _   0.037 0.098 0.002 0.031 0.027 0.044 0.087 0.672 
 343 L _   0.040 0.171 0.003 0.050 0.036 0.049 0.081 0.570 
 344 Q _   0.041 0.236 0.003 0.069 0.040 0.050 0.075 0.486 
 345 I _   0.040 0.275 0.003 0.084 0.041 0.049 0.072 0.437 
 346 M _   0.039 0.293 0.002 0.093 0.039 0.046 0.070 0.416 
 347 L _   0.038 0.299 0.002 0.095 0.037 0.043 0.070 0.417 
 348 Q _   0.035 0.293 0.002 0.090 0.033 0.039 0.070 0.437 
 349 V _   0.032 0.274 0.002 0.078 0.028 0.034 0.072 0.479 
 350 L _   0.030 0.231 0.002 0.060 0.023 0.029 0.074 0.550 
 351 Q _   0.027 0.164 0.002 0.040 0.017 0.024 0.077 0.649 
 352 S _   0.023 0.090 0.002 0.023 0.011 0.020 0.080 0.753 
 353 C _   0.018 0.038 0.001 0.011 0.006 0.016 0.082 0.828 
 354 D _   0.013 0.016 0.000 0.005 0.003 0.014 0.082 0.866 
 355 H _   0.011 0.010 0.000 0.002 0.002 0.013 0.082 0.881 
 356 P _   0.011 0.008 0.000 0.002 0.002 0.013 0.081 0.883 
 357 G _   0.013 0.010 0.000 0.003 0.003 0.017 0.079 0.875 
 358 P _   0.018 0.017 0.001 0.006 0.006 0.022 0.077 0.853 
 359 D _   0.024 0.046 0.001 0.014 0.013 0.029 0.073 0.801 
 360 M _   0.027 0.116 0.002 0.027 0.022 0.035 0.068 0.702 
 361 F _   0.027 0.224 0.003 0.043 0.029 0.038 0.061 0.575 
 362 C _   0.024 0.330 0.003 0.057 0.031 0.037 0.055 0.463 
 363 L E   0.020 0.402 0.002 0.067 0.030 0.034 0.051 0.393 
 364 C E   0.018 0.442 0.002 0.073 0.028 0.032 0.049 0.356 
 365 G E   0.016 0.461 0.002 0.076 0.026 0.030 0.048 0.341 
 366 R E   0.015 0.468 0.002 0.075 0.024 0.027 0.048 0.341 
 367 I E   0.014 0.465 0.002 0.072 0.022 0.025 0.048 0.352 
 368 Y E   0.014 0.452 0.002 0.066 0.020 0.023 0.050 0.375 
 369 K E   0.014 0.424 0.002 0.059 0.017 0.020 0.052 0.412 
 370 D _   0.014 0.379 0.002 0.050 0.015 0.019 0.055 0.467 
 371 I _   0.014 0.315 0.002 0.042 0.013 0.017 0.059 0.539 
 372 F _   0.014 0.241 0.001 0.033 0.010 0.015 0.064 0.621 
 373 L _   0.013 0.169 0.001 0.025 0.008 0.013 0.069 0.702 
 374 D _   0.011 0.109 0.001 0.018 0.006 0.011 0.073 0.771 
 375 S _   0.010 0.068 0.001 0.012 0.004 0.009 0.076 0.821 
 376 D _   0.008 0.043 0.000 0.008 0.002 0.008 0.077 0.854 
 377 C _   0.006 0.029 0.000 0.005 0.002 0.006 0.078 0.874 
 378 K _   0.005 0.023 0.000 0.004 0.001 0.006 0.077 0.884 
 379 D _   0.004 0.021 0.000 0.003 0.001 0.006 0.076 0.888 
 380 D _   0.004 0.021 0.000 0.004 0.001 0.007 0.074 0.888 
 381 T _   0.005 0.022 0.000 0.005 0.002 0.009 0.072 0.885 
 382 S _   0.006 0.027 0.000 0.008 0.003 0.011 0.069 0.875 
 383 R _   0.007 0.037 0.001 0.014 0.005 0.014 0.064 0.858 
 384 D _   0.008 0.051 0.001 0.022 0.007 0.018 0.059 0.834 
 385 S _   0.009 0.068 0.001 0.032 0.010 0.021 0.054 0.805 
 386 A _   0.010 0.084 0.001 0.043 0.012 0.024 0.048 0.779 
 387 I _   0.010 0.095 0.001 0.051 0.014 0.026 0.043 0.759 
 388 E _   0.011 0.101 0.001 0.056 0.016 0.027 0.039 0.748 
 389 W _   0.012 0.102 0.001 0.058 0.017 0.028 0.036 0.747 
 390 Y _   0.014 0.100 0.001 0.055 0.017 0.027 0.033 0.753 
 391 R _   0.016 0.093 0.001 0.050 0.017 0.027 0.031 0.766 
 392 K _   0.019 0.080 0.001 0.042 0.016 0.026 0.029 0.787 
 393 G _   0.025 0.063 0.001 0.033 0.014 0.025 0.027 0.812 
 394 F _   0.034 0.042 0.001 0.023 0.013 0.024 0.025 0.838 
 395 E _   0.047 0.024 0.001 0.015 0.010 0.023 0.024 0.856 
 396 L _   0.066 0.011 0.001 0.009 0.009 0.021 0.022 0.861 
 397 Q _   0.092 0.004 0.001 0.005 0.007 0.020 0.020 0.851 
 398 S _   0.129 0.001 0.001 0.003 0.007 0.019 0.018 0.823 
 399 S _   0.182 0.000 0.001 0.002 0.007 0.018 0.015 0.775 
 400 L _   0.252 0.000 0.001 0.001 0.007 0.018 0.013 0.708 
 401 Y _   0.340 0.000 0.001 0.001 0.009 0.018 0.010 0.621 
 402 S _   0.442 0.000 0.001 0.001 0.011 0.018 0.008 0.519 
 403 G H   0.549 0.000 0.001 0.001 0.014 0.018 0.006 0.411 
 404 I H   0.646 0.000 0.001 0.001 0.016 0.017 0.004 0.314 
 405 N H   0.721 0.000 0.001 0.001 0.018 0.017 0.003 0.238 
 406 L H   0.773 0.000 0.001 0.001 0.020 0.015 0.003 0.186 
 407 A H   0.806 0.000 0.001 0.001 0.021 0.014 0.002 0.155 
 408 V H   0.821 0.000 0.001 0.001 0.021 0.013 0.002 0.140 
 409 L H   0.820 0.000 0.001 0.001 0.021 0.012 0.003 0.141 
 410 L H   0.804 0.000 0.001 0.001 0.021 0.012 0.003 0.157 
 411 I H   0.772 0.000 0.001 0.002 0.021 0.012 0.003 0.189 
 412 V H   0.722 0.000 0.002 0.002 0.019 0.012 0.004 0.239 
 413 A H   0.651 0.000 0.002 0.002 0.017 0.012 0.005 0.311 
 414 G H   0.563 0.000 0.001 0.002 0.014 0.012 0.007 0.400 
 415 Q _   0.468 0.000 0.001 0.001 0.011 0.012 0.009 0.498 
 416 Q _   0.375 0.000 0.001 0.001 0.008 0.012 0.011 0.591 
 417 F _   0.295 0.000 0.001 0.001 0.006 0.013 0.013 0.671 
 418 E _   0.231 0.000 0.001 0.001 0.006 0.014 0.015 0.733 
 419 T _   0.184 0.000 0.001 0.002 0.005 0.015 0.016 0.777 
 420 S _   0.153 0.000 0.001 0.002 0.005 0.017 0.018 0.804 
 421 L _   0.134 0.000 0.001 0.003 0.006 0.019 0.019 0.818 
 422 E _   0.120 0.001 0.001 0.004 0.007 0.022 0.021 0.824 
 423 L _   0.111 0.002 0.001 0.006 0.009 0.025 0.022 0.824 
 424 R _   0.104 0.003 0.001 0.008 0.012 0.028 0.023 0.820 
 425 K _   0.098 0.006 0.001 0.012 0.015 0.031 0.024 0.814 
 426 I _   0.092 0.009 0.001 0.015 0.017 0.033 0.026 0.807 
 427 G _   0.087 0.012 0.001 0.019 0.019 0.034 0.027 0.800 
 428 V _   0.082 0.016 0.001 0.022 0.021 0.034 0.029 0.795 
 429 R _   0.076 0.018 0.002 0.025 0.021 0.034 0.030 0.794 
 430 L _   0.070 0.020 0.001 0.027 0.021 0.033 0.032 0.796 
 431 N _   0.063 0.021 0.001 0.028 0.019 0.031 0.035 0.803 
 432 S _   0.055 0.020 0.001 0.027 0.017 0.028 0.037 0.814 
 433 L _   0.046 0.019 0.001 0.026 0.014 0.025 0.040 0.829 
 434 L _   0.038 0.016 0.001 0.022 0.011 0.022 0.042 0.847 
 435 G _   0.031 0.013 0.001 0.018 0.009 0.018 0.044 0.866 
 436 R _   0.025 0.010 0.001 0.014 0.006 0.015 0.046 0.883 
 437 K _   0.020 0.007 0.001 0.010 0.005 0.013 0.048 0.897 
 438 G _   0.015 0.004 0.000 0.007 0.003 0.011 0.050 0.909 
 439 S _   0.013 0.002 0.000 0.005 0.003 0.009 0.051 0.917 
 440 L _   0.011 0.001 0.000 0.004 0.002 0.008 0.051 0.922 
 441 E _   0.010 0.001 0.000 0.003 0.002 0.008 0.052 0.925 
 442 K _   0.011 0.000 0.000 0.003 0.002 0.008 0.052 0.925 
 443 M _   0.013 0.000 0.000 0.002 0.002 0.009 0.051 0.922 
 444 N _   0.018 0.000 0.000 0.002 0.002 0.012 0.051 0.915 
 445 N _   0.027 0.000 0.000 0.003 0.003 0.015 0.050 0.902 
 446 Y _   0.041 0.000 0.000 0.003 0.005 0.021 0.048 0.881 
 447 W _   0.063 0.000 0.001 0.004 0.008 0.028 0.046 0.850 
 448 D _   0.091 0.001 0.001 0.005 0.013 0.037 0.044 0.807 
 449 V _   0.125 0.001 0.001 0.007 0.022 0.047 0.042 0.754 
 450 G _   0.159 0.003 0.002 0.010 0.032 0.056 0.040 0.699 
 451 Q _   0.192 0.005 0.002 0.013 0.042 0.063 0.038 0.646 
 452 F _   0.219 0.007 0.002 0.016 0.051 0.068 0.037 0.601 
 453 F _   0.241 0.009 0.003 0.018 0.057 0.070 0.036 0.567 
 454 S _   0.255 0.010 0.003 0.020 0.059 0.069 0.035 0.548 
 455 V _   0.262 0.010 0.003 0.021 0.058 0.067 0.035 0.543 
 456 S _   0.259 0.010 0.003 0.020 0.054 0.063 0.036 0.555 
 457 M _   0.250 0.009 0.002 0.017 0.048 0.058 0.037 0.579 
 458 L _   0.234 0.007 0.002 0.014 0.039 0.052 0.038 0.614 
 459 A _   0.213 0.004 0.002 0.011 0.030 0.047 0.039 0.654 
 460 H _   0.188 0.003 0.001 0.008 0.023 0.041 0.040 0.696 
 461 D _   0.161 0.002 0.001 0.006 0.017 0.036 0.041 0.735 
 462 V _   0.136 0.001 0.001 0.005 0.013 0.032 0.042 0.769 
 463 G _   0.115 0.001 0.001 0.005 0.010 0.029 0.043 0.796 
 464 K _   0.096 0.001 0.001 0.006 0.009 0.027 0.044 0.817 
 465 A _   0.080 0.001 0.001 0.007 0.008 0.025 0.045 0.833 
 466 V _   0.067 0.001 0.001 0.008 0.008 0.024 0.046 0.846 
 467 Q _   0.055 0.001 0.001 0.009 0.008 0.022 0.047 0.857 
 468 A _   0.046 0.001 0.001 0.010 0.007 0.021 0.047 0.866 
 469 A _   0.039 0.001 0.001 0.010 0.007 0.020 0.048 0.874 
 470 E _   0.034 0.001 0.001 0.010 0.006 0.019 0.048 0.882 
 471 R _   0.030 0.001 0.001 0.009 0.006 0.018 0.048 0.888 
 472 L _   0.028 0.001 0.001 0.007 0.005 0.017 0.048 0.893 
 473 F _   0.027 0.001 0.001 0.006 0.005 0.017 0.048 0.897 
 474 K _   0.028 0.000 0.000 0.005 0.004 0.017 0.048 0.897 
 475 L _   0.031 0.000 0.000 0.004 0.004 0.018 0.048 0.894 
 476 K _   0.037 0.000 0.001 0.004 0.005 0.020 0.047 0.887 
 477 P _   0.046 0.000 0.001 0.004 0.005 0.023 0.047 0.875 
 478 P _   0.058 0.000 0.001 0.004 0.007 0.026 0.046 0.858 
 479 V _   0.075 0.000 0.001 0.004 0.009 0.031 0.046 0.834 
 480 W _   0.096 0.000 0.001 0.005 0.012 0.036 0.045 0.805 
 481 Y _   0.118 0.000 0.001 0.006 0.016 0.041 0.044 0.773 
 482 L _   0.139 0.001 0.001 0.007 0.020 0.046 0.044 0.741 
 483 R _   0.160 0.001 0.001 0.007 0.024 0.051 0.044 0.711 
 484 S _   0.179 0.001 0.002 0.008 0.028 0.054 0.044 0.684 
 485 L _   0.195 0.002 0.002 0.009 0.032 0.056 0.044 0.660 
 486 V _   0.208 0.002 0.002 0.010 0.034 0.057 0.045 0.642 
 487 Q _   0.218 0.003 0.002 0.011 0.036 0.057 0.045 0.628 
 488 N _   0.222 0.003 0.002 0.012 0.037 0.056 0.047 0.621 
 489 L _   0.222 0.004 0.002 0.013 0.036 0.054 0.048 0.621 
 490 L _   0.216 0.004 0.002 0.014 0.034 0.052 0.050 0.628 
 491 L _   0.205 0.004 0.002 0.014 0.032 0.048 0.053 0.642 
 492 I _   0.188 0.004 0.002 0.015 0.029 0.045 0.055 0.662 
 493 R _   0.168 0.004 0.002 0.015 0.025 0.040 0.058 0.689 
 494 R _   0.145 0.004 0.002 0.014 0.020 0.036 0.061 0.719 
 495 F _   0.122 0.003 0.001 0.013 0.016 0.031 0.064 0.749 
 496 K _   0.099 0.003 0.001 0.012 0.013 0.026 0.068 0.779 
 497 K _   0.078 0.002 0.001 0.010 0.009 0.022 0.070 0.807 
 498 T _   0.059 0.001 0.001 0.009 0.007 0.019 0.073 0.831 
 499 I _   0.045 0.001 0.001 0.007 0.005 0.015 0.075 0.851 
 500 I _   0.034 0.001 0.000 0.006 0.004 0.013 0.076 0.866 
 501 E _   0.026 0.000 0.000 0.004 0.003 0.011 0.077 0.877 
 502 H _   0.021 0.000 0.000 0.003 0.002 0.010 0.078 0.885 
 503 S _   0.018 0.000 0.000 0.003 0.002 0.010 0.078 0.890 
 504 P _   0.017 0.000 0.000 0.002 0.002 0.010 0.077 0.891 
 505 R _   0.019 0.000 0.000 0.002 0.002 0.012 0.076 0.888 
 506 Q _   0.025 0.000 0.000 0.002 0.003 0.015 0.075 0.881 
 507 E _   0.034 0.000 0.000 0.002 0.004 0.019 0.074 0.866 
 508 R _   0.048 0.000 0.001 0.003 0.007 0.026 0.072 0.842 
 509 L _   0.067 0.001 0.001 0.005 0.012 0.035 0.070 0.809 
 510 N _   0.088 0.004 0.001 0.008 0.020 0.044 0.067 0.768 
 511 F _   0.108 0.008 0.002 0.013 0.030 0.052 0.065 0.722 
 512 W _   0.125 0.015 0.002 0.021 0.040 0.058 0.063 0.676 
 513 L _   0.138 0.021 0.002 0.029 0.047 0.062 0.061 0.640 
 514 D _   0.145 0.025 0.003 0.035 0.051 0.062 0.060 0.619 
 515 I _   0.147 0.028 0.003 0.038 0.051 0.061 0.060 0.613 
 516 I _   0.144 0.027 0.003 0.037 0.048 0.057 0.060 0.623 
 517 F _   0.137 0.025 0.002 0.033 0.042 0.053 0.061 0.647 
 518 E _   0.126 0.020 0.002 0.026 0.033 0.047 0.062 0.682 
 519 A _   0.112 0.014 0.002 0.019 0.025 0.041 0.063 0.725 
 520 T _   0.096 0.008 0.001 0.012 0.017 0.035 0.063 0.768 
 521 N _   0.080 0.004 0.001 0.007 0.011 0.030 0.064 0.804 
 522 E _   0.066 0.001 0.001 0.004 0.007 0.027 0.064 0.830 
 523 V _   0.056 0.001 0.001 0.003 0.005 0.024 0.064 0.846 
 524 T _   0.049 0.001 0.000 0.003 0.005 0.024 0.064 0.854 
 525 N _   0.046 0.001 0.001 0.003 0.005 0.024 0.064 0.855 
 526 G _   0.045 0.002 0.001 0.005 0.007 0.026 0.064 0.851 
 527 L _   0.044 0.005 0.001 0.008 0.009 0.028 0.063 0.843 
 528 R _   0.044 0.010 0.001 0.012 0.012 0.030 0.063 0.829 
 529 F _   0.043 0.017 0.001 0.018 0.015 0.031 0.062 0.812 
 530 P _   0.041 0.025 0.001 0.023 0.017 0.032 0.062 0.798 
 531 V _   0.039 0.031 0.001 0.028 0.019 0.032 0.061 0.788 
 532 L _   0.037 0.036 0.001 0.031 0.019 0.032 0.061 0.783 
 533 V _   0.034 0.039 0.001 0.033 0.019 0.030 0.062 0.782 
 534 I _   0.032 0.040 0.001 0.032 0.018 0.029 0.062 0.786 
 535 E _   0.029 0.039 0.001 0.031 0.016 0.026 0.063 0.795 
 536 P _   0.026 0.037 0.001 0.028 0.014 0.024 0.064 0.806 
 537 T _   0.023 0.034 0.001 0.024 0.011 0.021 0.066 0.820 
 538 K _   0.020 0.030 0.001 0.021 0.009 0.018 0.067 0.834 
 539 V _   0.017 0.025 0.001 0.017 0.007 0.016 0.069 0.849 
 540 Y _   0.014 0.020 0.001 0.013 0.006 0.013 0.070 0.863 
 541 Q _   0.012 0.016 0.001 0.010 0.004 0.011 0.071 0.875 
 542 P _   0.010 0.013 0.000 0.008 0.003 0.009 0.072 0.884 
 543 S _   0.008 0.011 0.000 0.006 0.003 0.008 0.072 0.890 
 544 Y _   0.007 0.010 0.000 0.005 0.002 0.008 0.073 0.894 
 545 V _   0.007 0.010 0.000 0.005 0.002 0.007 0.073 0.897 
 546 S _   0.006 0.010 0.000 0.005 0.002 0.008 0.072 0.897 
 547 I _   0.006 0.011 0.000 0.005 0.002 0.008 0.071 0.895 
 548 N _   0.007 0.014 0.000 0.006 0.003 0.009 0.070 0.890 
 549 N _   0.008 0.018 0.000 0.008 0.004 0.011 0.069 0.882 
 550 E _   0.009 0.025 0.001 0.010 0.005 0.013 0.067 0.871 
 551 A _   0.010 0.035 0.001 0.012 0.006 0.015 0.065 0.857 
 552 E _   0.011 0.047 0.001 0.015 0.007 0.017 0.063 0.839 
 553 E _   0.012 0.061 0.001 0.018 0.009 0.020 0.061 0.818 
 554 R _   0.013 0.076 0.001 0.022 0.011 0.021 0.059 0.798 
 555 T _   0.014 0.091 0.001 0.025 0.012 0.023 0.057 0.777 
 556 V _   0.015 0.104 0.001 0.028 0.013 0.024 0.055 0.760 
 557 S _   0.015 0.115 0.001 0.030 0.014 0.024 0.054 0.747 
 558 L _   0.016 0.122 0.001 0.032 0.015 0.024 0.053 0.738 
 559 W _   0.016 0.126 0.001 0.032 0.014 0.024 0.052 0.734 
 560 H _   0.016 0.128 0.001 0.031 0.014 0.023 0.052 0.736 
 561 V _   0.015 0.127 0.001 0.029 0.013 0.022 0.052 0.741 
 562 S _   0.015 0.125 0.001 0.026 0.011 0.021 0.052 0.750 
 563 P _   0.014 0.120 0.001 0.023 0.010 0.019 0.052 0.761 
 564 T _   0.014 0.114 0.001 0.020 0.009 0.018 0.052 0.772 
 565 E _   0.013 0.108 0.001 0.017 0.008 0.017 0.052 0.785 
 566 M _   0.012 0.102 0.001 0.014 0.007 0.016 0.053 0.796 
 567 K _   0.012 0.096 0.001 0.012 0.006 0.015 0.053 0.806 
 568 Q _   0.011 0.091 0.001 0.011 0.005 0.014 0.053 0.814 
 569 M _   0.010 0.088 0.001 0.010 0.005 0.014 0.053 0.820 
 570 H _   0.010 0.086 0.001 0.009 0.005 0.013 0.053 0.824 
 571 E _   0.010 0.086 0.001 0.009 0.005 0.013 0.052 0.824 
 572 W _   0.010 0.087 0.001 0.009 0.005 0.014 0.052 0.822 
 573 N _   0.011 0.090 0.001 0.011 0.006 0.015 0.051 0.817 
 574 F _   0.011 0.095 0.001 0.013 0.006 0.016 0.051 0.808 
 575 T _   0.012 0.101 0.001 0.015 0.008 0.017 0.050 0.797 
 576 A _   0.012 0.107 0.001 0.019 0.009 0.018 0.050 0.784 
 577 S _   0.013 0.113 0.001 0.022 0.010 0.018 0.050 0.773 
 578 S _   0.013 0.118 0.001 0.025 0.011 0.019 0.049 0.765 
 579 I _   0.014 0.120 0.001 0.026 0.011 0.019 0.050 0.760 
 580 K _   0.014 0.120 0.001 0.026 0.010 0.018 0.050 0.760 
 581 G _   0.014 0.118 0.001 0.024 0.009 0.018 0.050 0.766 
 582 I _   0.014 0.114 0.001 0.021 0.008 0.017 0.051 0.774 
 583 S _   0.013 0.108 0.001 0.017 0.007 0.017 0.052 0.785 
 584 L _   0.013 0.101 0.001 0.014 0.006 0.016 0.053 0.796 
 585 S _   0.012 0.096 0.001 0.012 0.006 0.016 0.053 0.804 
 586 K _   0.012 0.093 0.001 0.011 0.006 0.017 0.054 0.807 
 587 F _   0.013 0.092 0.001 0.012 0.006 0.017 0.054 0.805 
 588 D _   0.013 0.093 0.001 0.015 0.007 0.018 0.055 0.798 
 589 E _   0.013 0.096 0.001 0.020 0.009 0.019 0.055 0.787 
 590 R _   0.014 0.100 0.001 0.027 0.010 0.019 0.055 0.775 
 591 C _   0.014 0.102 0.001 0.032 0.011 0.019 0.056 0.765 
 592 C _   0.013 0.102 0.001 0.036 0.011 0.018 0.057 0.762 
 593 F _   0.013 0.098 0.001 0.036 0.011 0.017 0.059 0.766 
 594 L _   0.011 0.089 0.001 0.033 0.009 0.015 0.061 0.780 
 595 Y _   0.010 0.075 0.001 0.027 0.008 0.013 0.063 0.803 
 596 V _   0.009 0.057 0.001 0.020 0.006 0.011 0.065 0.831 
 597 H _   0.008 0.038 0.001 0.013 0.004 0.009 0.067 0.859 
 598 D _   0.007 0.023 0.000 0.008 0.003 0.008 0.069 0.881 
 599 N _   0.006 0.014 0.000 0.005 0.002 0.008 0.071 0.894 
 600 S _   0.006 0.009 0.000 0.004 0.002 0.008 0.072 0.899 
 601 D _   0.006 0.008 0.000 0.004 0.002 0.009 0.072 0.899 
 602 D _   0.007 0.007 0.000 0.005 0.003 0.010 0.073 0.895 
 603 F _   0.008 0.008 0.000 0.008 0.004 0.013 0.073 0.887 
 604 Q _   0.010 0.009 0.001 0.011 0.005 0.015 0.073 0.877 
 605 I _   0.011 0.011 0.001 0.016 0.006 0.018 0.072 0.865 
 606 Y _   0.012 0.012 0.001 0.019 0.008 0.021 0.072 0.856 
 607 F _   0.013 0.012 0.001 0.020 0.009 0.023 0.072 0.851 
 608 S _   0.014 0.012 0.001 0.019 0.009 0.024 0.072 0.849 
 609 T _   0.016 0.011 0.001 0.017 0.009 0.026 0.072 0.848 
 610 E _   0.018 0.010 0.001 0.014 0.009 0.028 0.072 0.848 
 611 E _   0.022 0.009 0.001 0.011 0.009 0.031 0.072 0.845 
 612 Q _   0.029 0.008 0.001 0.009 0.010 0.034 0.072 0.838 
 613 C _   0.038 0.007 0.001 0.007 0.012 0.038 0.072 0.824 
 614 S _   0.050 0.008 0.001 0.008 0.015 0.043 0.072 0.802 
 615 R _   0.064 0.010 0.001 0.009 0.021 0.049 0.073 0.773 
 616 F _   0.079 0.014 0.002 0.013 0.027 0.054 0.073 0.738 
 617 F _   0.094 0.019 0.002 0.018 0.034 0.058 0.074 0.701 
 618 S _   0.106 0.025 0.002 0.023 0.040 0.061 0.075 0.668 
 619 L _   0.115 0.030 0.002 0.028 0.044 0.062 0.077 0.643 
 620 V _   0.120 0.033 0.002 0.031 0.045 0.060 0.079 0.630 
 621 K _   0.121 0.034 0.002 0.031 0.043 0.058 0.082 0.629 
 622 E _   0.117 0.033 0.002 0.029 0.039 0.054 0.086 0.640 
 623 M _   0.110 0.031 0.002 0.025 0.034 0.049 0.090 0.660 
 624 I _   0.100 0.027 0.002 0.021 0.027 0.044 0.095 0.684 
 625 T _   0.088 0.024 0.002 0.017 0.022 0.039 0.100 0.709 
 626 N _   0.074 0.021 0.001 0.014 0.017 0.035 0.105 0.733 
 627 T _   0.062 0.018 0.001 0.013 0.013 0.031 0.110 0.752 
 628 A _   0.051 0.017 0.001 0.013 0.011 0.027 0.114 0.765 
 629 G _   0.042 0.016 0.001 0.014 0.009 0.024 0.119 0.774 
 630 S _   0.034 0.016 0.001 0.015 0.008 0.022 0.123 0.780 
 631 T _   0.028 0.016 0.001 0.017 0.008 0.019 0.128 0.784 
 632 V _   0.023 0.016 0.001 0.017 0.007 0.017 0.132 0.788 
 633 E _   0.018 0.015 0.001 0.017 0.006 0.015 0.136 0.793 
 634 L _   0.015 0.014 0.001 0.016 0.005 0.013 0.140 0.797 
 635 E _   0.012 0.012 0.001 0.014 0.004 0.011 0.144 0.802 
 636 G _   0.010 0.010 0.000 0.012 0.004 0.009 0.147 0.807 
 637 E _   0.009 0.009 0.000 0.010 0.003 0.008 0.151 0.811 
 638 T _   0.008 0.007 0.000 0.008 0.002 0.007 0.153 0.814 
 639 D _   0.007 0.006 0.000 0.007 0.002 0.006 0.156 0.815 
 640 G _   0.006 0.005 0.000 0.007 0.002 0.006 0.158 0.816 
 641 D _   0.006 0.005 0.000 0.006 0.002 0.006 0.159 0.816 
 642 T _   0.005 0.005 0.000 0.006 0.002 0.006 0.160 0.815 
 643 L _   0.005 0.005 0.000 0.006 0.002 0.005 0.161 0.816 
 644 E _   0.005 0.005 0.000 0.006 0.002 0.005 0.160 0.816 
 645 Y _   0.004 0.006 0.000 0.006 0.002 0.005 0.160 0.817 
 646 E _   0.004 0.007 0.000 0.005 0.001 0.005 0.158 0.819 
 647 Y _   0.004 0.009 0.000 0.005 0.002 0.006 0.155 0.820 
 648 D _   0.004 0.011 0.000 0.006 0.002 0.006 0.152 0.819 
 649 H _   0.004 0.015 0.000 0.007 0.002 0.007 0.148 0.817 
 650 D _   0.004 0.023 0.000 0.008 0.003 0.009 0.143 0.809 
 651 A _   0.005 0.038 0.001 0.011 0.004 0.011 0.136 0.794 
 652 N _   0.006 0.062 0.001 0.016 0.006 0.015 0.127 0.767 
 653 G _   0.008 0.104 0.001 0.022 0.008 0.018 0.117 0.723 
 654 E _   0.009 0.164 0.001 0.029 0.011 0.021 0.104 0.661 
 655 R _   0.009 0.238 0.002 0.035 0.014 0.022 0.090 0.589 
 656 V _   0.009 0.312 0.002 0.041 0.016 0.023 0.078 0.518 
 657 V _   0.009 0.376 0.002 0.044 0.017 0.023 0.068 0.460 
 658 L E   0.009 0.424 0.002 0.046 0.017 0.023 0.061 0.418 
 659 G E   0.009 0.456 0.001 0.047 0.017 0.023 0.056 0.391 
 660 K E   0.009 0.477 0.001 0.047 0.017 0.022 0.052 0.374 
 661 G E   0.009 0.488 0.001 0.047 0.017 0.022 0.049 0.367 
 662 T E   0.010 0.492 0.001 0.045 0.016 0.021 0.047 0.367 
 663 Y E   0.010 0.490 0.001 0.043 0.015 0.020 0.046 0.374 
