#TopoPred_TM8: 8-state transmembrane topology prediction results by no_profile mode 
#probabilities are in the order of H E C I L F X _, the 8 transmembrane topology types used in PDBTM 
   1 M _   0.033 0.002 0.004 0.085 0.017 0.020 0.391 0.448 
   2 V _   0.015 0.001 0.000 0.050 0.004 0.011 0.400 0.518 
   3 F _   0.007 0.000 0.000 0.023 0.002 0.007 0.396 0.565 
   4 Q _   0.010 0.000 0.000 0.011 0.002 0.007 0.383 0.587 
   5 T _   0.023 0.000 0.000 0.007 0.002 0.009 0.359 0.600 
   6 R _   0.059 0.000 0.001 0.004 0.005 0.012 0.321 0.598 
   7 Y _   0.128 0.000 0.001 0.003 0.006 0.016 0.278 0.569 
   8 P _   0.241 0.000 0.001 0.002 0.009 0.020 0.224 0.502 
   9 S _   0.382 0.000 0.001 0.002 0.012 0.023 0.169 0.410 
  10 W H   0.513 0.000 0.002 0.002 0.017 0.025 0.124 0.317 
  11 I H   0.621 0.000 0.002 0.002 0.023 0.026 0.091 0.235 
  12 I H   0.704 0.000 0.002 0.002 0.027 0.025 0.070 0.171 
  13 L H   0.757 0.000 0.002 0.002 0.030 0.024 0.057 0.129 
  14 C H   0.791 0.000 0.002 0.002 0.031 0.022 0.050 0.104 
  15 Y H   0.808 0.000 0.002 0.002 0.031 0.020 0.045 0.092 
  16 I H   0.813 0.000 0.002 0.002 0.031 0.018 0.042 0.091 
  17 W H   0.806 0.000 0.002 0.002 0.031 0.017 0.041 0.101 
  18 L H   0.784 0.000 0.002 0.002 0.030 0.017 0.040 0.125 
  19 L H   0.744 0.000 0.002 0.002 0.028 0.016 0.041 0.166 
  20 R H   0.684 0.000 0.002 0.002 0.025 0.016 0.042 0.229 
  21 F H   0.603 0.000 0.002 0.002 0.021 0.016 0.044 0.312 
  22 A H   0.506 0.000 0.002 0.003 0.017 0.015 0.047 0.411 
  23 H _   0.404 0.000 0.001 0.003 0.013 0.015 0.050 0.514 
  24 T _   0.311 0.000 0.001 0.003 0.010 0.014 0.054 0.606 
  25 G _   0.235 0.000 0.001 0.003 0.008 0.014 0.058 0.681 
  26 E _   0.176 0.000 0.001 0.004 0.007 0.014 0.062 0.737 
  27 A _   0.130 0.000 0.001 0.005 0.006 0.014 0.065 0.778 
  28 Q _   0.097 0.001 0.001 0.007 0.006 0.014 0.068 0.807 
  29 A _   0.072 0.001 0.001 0.009 0.006 0.014 0.070 0.828 
  30 A _   0.053 0.002 0.001 0.010 0.006 0.013 0.073 0.843 
  31 K _   0.040 0.002 0.001 0.011 0.005 0.013 0.075 0.854 
  32 E _   0.030 0.002 0.001 0.011 0.005 0.012 0.077 0.863 
  33 V _   0.023 0.002 0.001 0.010 0.004 0.011 0.078 0.870 
  34 L _   0.018 0.003 0.000 0.009 0.004 0.010 0.080 0.876 
  35 L _   0.015 0.003 0.000 0.008 0.003 0.009 0.081 0.881 
  36 L _   0.012 0.002 0.000 0.007 0.003 0.009 0.082 0.885 
  37 D _   0.010 0.003 0.000 0.006 0.003 0.008 0.082 0.888 
  38 S _   0.009 0.003 0.000 0.006 0.003 0.008 0.083 0.888 
  39 K _   0.009 0.004 0.000 0.006 0.003 0.009 0.083 0.886 
  40 A _   0.009 0.005 0.000 0.008 0.003 0.009 0.083 0.882 
  41 Q _   0.010 0.007 0.000 0.010 0.004 0.010 0.083 0.875 
  42 Q _   0.010 0.009 0.001 0.014 0.005 0.011 0.083 0.868 
  43 T _   0.010 0.011 0.001 0.017 0.006 0.011 0.084 0.860 
  44 E _   0.011 0.013 0.001 0.020 0.006 0.011 0.084 0.855 
  45 L _   0.010 0.014 0.001 0.020 0.006 0.011 0.084 0.853 
  46 E _   0.009 0.014 0.001 0.019 0.005 0.010 0.085 0.856 
  47 W _   0.009 0.014 0.001 0.017 0.005 0.009 0.086 0.861 
  48 I _   0.008 0.013 0.000 0.013 0.004 0.008 0.086 0.868 
  49 S _   0.007 0.011 0.000 0.010 0.003 0.007 0.087 0.875 
  50 S _   0.006 0.010 0.000 0.008 0.002 0.006 0.087 0.880 
  51 P _   0.005 0.010 0.000 0.006 0.002 0.006 0.087 0.883 
  52 P _   0.005 0.010 0.000 0.006 0.002 0.006 0.087 0.884 
  53 N _   0.005 0.011 0.000 0.006 0.002 0.006 0.086 0.883 
  54 G _   0.005 0.013 0.000 0.008 0.002 0.007 0.086 0.879 
  55 W _   0.006 0.015 0.000 0.010 0.003 0.007 0.084 0.874 
  56 E _   0.006 0.019 0.000 0.012 0.003 0.008 0.083 0.869 
  57 E _   0.006 0.022 0.000 0.013 0.004 0.008 0.082 0.865 
  58 I _   0.005 0.026 0.000 0.014 0.004 0.008 0.080 0.862 
  59 S _   0.005 0.029 0.000 0.014 0.004 0.008 0.078 0.861 
  60 G _   0.005 0.031 0.000 0.013 0.003 0.008 0.077 0.862 
  61 L _   0.005 0.034 0.000 0.011 0.003 0.008 0.075 0.863 
  62 D _   0.005 0.036 0.000 0.010 0.003 0.009 0.074 0.863 
  63 E _   0.005 0.039 0.000 0.009 0.003 0.009 0.072 0.862 
  64 N _   0.006 0.044 0.000 0.009 0.003 0.010 0.071 0.857 
  65 Y _   0.007 0.051 0.000 0.010 0.004 0.012 0.069 0.847 
  66 T _   0.008 0.062 0.001 0.013 0.005 0.014 0.066 0.831 
  67 P _   0.009 0.080 0.001 0.018 0.007 0.016 0.064 0.805 
  68 I _   0.010 0.105 0.001 0.024 0.010 0.018 0.061 0.771 
  69 R _   0.011 0.132 0.001 0.032 0.012 0.020 0.058 0.734 
  70 T _   0.011 0.156 0.001 0.040 0.013 0.020 0.056 0.703 
  71 Y _   0.011 0.173 0.001 0.045 0.014 0.020 0.054 0.682 
  72 Q _   0.010 0.183 0.001 0.049 0.014 0.020 0.053 0.670 
  73 V _   0.010 0.187 0.001 0.049 0.013 0.019 0.052 0.669 
  74 C _   0.010 0.187 0.001 0.045 0.012 0.017 0.052 0.676 
  75 Q _   0.009 0.181 0.001 0.039 0.010 0.016 0.052 0.692 
  76 V _   0.008 0.170 0.001 0.032 0.008 0.014 0.053 0.713 
  77 M _   0.008 0.156 0.001 0.024 0.007 0.012 0.053 0.739 
  78 E _   0.007 0.139 0.001 0.018 0.005 0.011 0.054 0.765 
  79 P _   0.007 0.125 0.001 0.013 0.004 0.010 0.055 0.786 
  80 N _   0.006 0.115 0.000 0.010 0.003 0.009 0.055 0.801 
  81 Q _   0.006 0.108 0.000 0.008 0.003 0.009 0.055 0.810 
  82 N _   0.006 0.105 0.000 0.008 0.003 0.009 0.055 0.814 
  83 N _   0.006 0.104 0.000 0.009 0.003 0.009 0.055 0.814 
  84 W _   0.006 0.105 0.000 0.010 0.003 0.009 0.054 0.812 
  85 L _   0.006 0.107 0.000 0.011 0.004 0.010 0.054 0.808 
  86 R _   0.006 0.110 0.001 0.012 0.004 0.010 0.053 0.804 
  87 T _   0.006 0.112 0.001 0.013 0.004 0.011 0.052 0.801 
  88 N _   0.006 0.115 0.001 0.013 0.004 0.011 0.051 0.799 
  89 W _   0.006 0.117 0.001 0.012 0.004 0.012 0.050 0.797 
  90 I _   0.007 0.119 0.001 0.011 0.004 0.013 0.050 0.796 
  91 S _   0.008 0.122 0.001 0.011 0.005 0.014 0.049 0.791 
  92 K _   0.009 0.126 0.001 0.011 0.005 0.016 0.048 0.784 
  93 G _   0.011 0.134 0.001 0.012 0.007 0.019 0.046 0.770 
  94 N _   0.014 0.147 0.001 0.014 0.009 0.022 0.045 0.748 
  95 A _   0.016 0.166 0.001 0.018 0.012 0.026 0.044 0.717 
  96 Q _   0.019 0.193 0.001 0.024 0.016 0.028 0.042 0.677 
  97 R _   0.020 0.223 0.002 0.032 0.019 0.030 0.040 0.634 
  98 I _   0.021 0.251 0.002 0.039 0.021 0.031 0.039 0.597 
  99 F _   0.021 0.270 0.002 0.045 0.021 0.030 0.038 0.573 
 100 V _   0.021 0.282 0.001 0.049 0.021 0.029 0.038 0.560 
 101 E _   0.020 0.286 0.001 0.049 0.020 0.027 0.038 0.559 
 102 L _   0.019 0.283 0.001 0.046 0.018 0.025 0.038 0.569 
 103 K _   0.017 0.274 0.001 0.041 0.015 0.023 0.039 0.590 
 104 F _   0.016 0.256 0.001 0.032 0.012 0.020 0.040 0.622 
 105 T _   0.014 0.232 0.001 0.024 0.009 0.018 0.041 0.660 
 106 L _   0.013 0.207 0.001 0.016 0.007 0.016 0.042 0.697 
 107 R _   0.011 0.188 0.001 0.011 0.005 0.015 0.043 0.727 
 108 D _   0.010 0.176 0.000 0.008 0.004 0.014 0.044 0.744 
 109 C _   0.009 0.172 0.000 0.006 0.004 0.014 0.044 0.751 
 110 N _   0.010 0.172 0.000 0.007 0.004 0.014 0.044 0.749 
 111 S _   0.011 0.179 0.001 0.009 0.005 0.016 0.043 0.737 
 112 L _   0.012 0.194 0.001 0.012 0.007 0.017 0.043 0.715 
 113 P _   0.013 0.217 0.001 0.017 0.009 0.019 0.042 0.683 
 114 G _   0.013 0.246 0.001 0.023 0.011 0.020 0.041 0.646 
 115 V _   0.013 0.274 0.001 0.028 0.012 0.020 0.040 0.611 
 116 L _   0.013 0.295 0.001 0.032 0.013 0.021 0.039 0.586 
 117 G _   0.012 0.309 0.001 0.035 0.013 0.020 0.039 0.571 
 118 T _   0.012 0.317 0.001 0.035 0.013 0.020 0.039 0.563 
 119 C _   0.012 0.320 0.001 0.035 0.013 0.019 0.039 0.562 
 120 K _   0.012 0.319 0.001 0.034 0.012 0.019 0.040 0.564 
 121 E _   0.012 0.314 0.001 0.033 0.011 0.018 0.041 0.571 
 122 T _   0.011 0.306 0.001 0.031 0.011 0.017 0.042 0.581 
 123 F _   0.011 0.295 0.001 0.030 0.010 0.016 0.044 0.593 
 124 N _   0.011 0.280 0.001 0.030 0.009 0.015 0.046 0.608 
 125 L _   0.011 0.261 0.001 0.029 0.009 0.014 0.048 0.628 
 126 Y _   0.011 0.236 0.001 0.027 0.008 0.013 0.051 0.653 
 127 Y _   0.011 0.207 0.001 0.024 0.007 0.012 0.054 0.684 
 128 Y _   0.010 0.174 0.001 0.021 0.006 0.011 0.057 0.720 
 129 E _   0.009 0.141 0.001 0.017 0.005 0.010 0.060 0.758 
 130 T _   0.008 0.112 0.001 0.012 0.004 0.009 0.062 0.792 
 131 D _   0.007 0.090 0.000 0.009 0.003 0.008 0.064 0.819 
 132 Y _   0.006 0.076 0.000 0.006 0.002 0.007 0.065 0.837 
 133 D _   0.005 0.069 0.000 0.005 0.002 0.007 0.065 0.846 
 134 T _   0.005 0.067 0.000 0.005 0.002 0.007 0.065 0.850 
 135 G _   0.005 0.067 0.000 0.005 0.002 0.007 0.065 0.848 
 136 R _   0.005 0.071 0.000 0.007 0.002 0.008 0.064 0.842 
 137 N _   0.006 0.079 0.000 0.010 0.003 0.010 0.063 0.829 
 138 I _   0.006 0.093 0.001 0.014 0.005 0.011 0.061 0.810 
 139 R _   0.006 0.111 0.001 0.019 0.006 0.013 0.058 0.786 
 140 E _   0.007 0.132 0.001 0.024 0.007 0.014 0.056 0.760 
 141 N _   0.007 0.151 0.001 0.028 0.008 0.015 0.054 0.736 
 142 L _   0.007 0.167 0.001 0.031 0.009 0.015 0.052 0.717 
 143 Y _   0.007 0.178 0.001 0.034 0.009 0.016 0.051 0.704 
 144 V _   0.007 0.186 0.001 0.035 0.009 0.016 0.050 0.696 
 145 K _   0.008 0.190 0.001 0.035 0.009 0.016 0.050 0.692 
 146 I _   0.008 0.191 0.001 0.035 0.009 0.015 0.050 0.691 
 147 D _   0.008 0.189 0.001 0.033 0.009 0.015 0.050 0.695 
 148 T _   0.008 0.184 0.001 0.032 0.008 0.014 0.051 0.701 
 149 I _   0.009 0.177 0.001 0.029 0.008 0.014 0.052 0.711 
 150 A _   0.009 0.166 0.001 0.027 0.007 0.013 0.053 0.723 
 151 A _   0.009 0.153 0.001 0.025 0.007 0.012 0.055 0.739 
 152 D _   0.009 0.137 0.001 0.022 0.006 0.012 0.057 0.758 
 153 E _   0.009 0.118 0.001 0.019 0.005 0.011 0.058 0.778 
 154 S _   0.008 0.100 0.001 0.017 0.005 0.010 0.060 0.799 
 155 F _   0.008 0.082 0.001 0.014 0.004 0.009 0.062 0.820 
 156 T _   0.007 0.066 0.000 0.012 0.004 0.009 0.064 0.838 
 157 Q _   0.007 0.053 0.000 0.011 0.003 0.008 0.065 0.853 
 158 G _   0.006 0.043 0.000 0.009 0.003 0.008 0.066 0.866 
 159 D _   0.006 0.035 0.000 0.008 0.002 0.007 0.066 0.875 
 160 L _   0.005 0.029 0.000 0.007 0.002 0.007 0.067 0.882 
 161 G _   0.005 0.026 0.000 0.007 0.002 0.007 0.067 0.887 
 162 E _   0.005 0.023 0.000 0.007 0.002 0.007 0.066 0.890 
 163 R _   0.005 0.022 0.000 0.007 0.002 0.007 0.065 0.891 
 164 K _   0.005 0.021 0.000 0.008 0.002 0.007 0.065 0.891 
 165 M _   0.005 0.021 0.000 0.009 0.003 0.008 0.063 0.891 
 166 K _   0.005 0.021 0.000 0.011 0.003 0.008 0.062 0.888 
 167 L _   0.005 0.022 0.000 0.013 0.004 0.009 0.061 0.885 
 168 N _   0.006 0.023 0.001 0.016 0.004 0.010 0.060 0.881 
 169 T _   0.006 0.023 0.001 0.018 0.005 0.011 0.059 0.878 
 170 E _   0.007 0.023 0.001 0.019 0.005 0.011 0.058 0.876 
 171 V _   0.007 0.023 0.001 0.020 0.006 0.011 0.057 0.876 
 172 R _   0.007 0.021 0.001 0.019 0.005 0.012 0.057 0.878 
 173 E _   0.007 0.019 0.001 0.017 0.005 0.011 0.056 0.883 
 174 I _   0.007 0.016 0.001 0.015 0.005 0.011 0.056 0.890 
 175 G _   0.007 0.012 0.001 0.012 0.004 0.011 0.056 0.897 
 176 P _   0.008 0.009 0.000 0.010 0.004 0.012 0.055 0.902 
 177 L _   0.008 0.006 0.000 0.008 0.004 0.012 0.055 0.906 
 178 S _   0.010 0.004 0.000 0.007 0.003 0.014 0.054 0.908 
 179 K _   0.012 0.003 0.000 0.006 0.004 0.016 0.053 0.906 
 180 K _   0.015 0.002 0.000 0.006 0.004 0.018 0.052 0.901 
 181 G _   0.020 0.002 0.001 0.006 0.005 0.022 0.051 0.893 
 182 F _   0.028 0.001 0.001 0.007 0.007 0.027 0.050 0.880 
 183 Y _   0.038 0.001 0.001 0.008 0.009 0.032 0.048 0.863 
 184 L _   0.051 0.001 0.001 0.009 0.012 0.037 0.047 0.842 
 185 A _   0.068 0.001 0.001 0.010 0.015 0.043 0.045 0.816 
 186 F _   0.087 0.002 0.001 0.010 0.019 0.049 0.043 0.789 
 187 Q _   0.109 0.002 0.001 0.010 0.024 0.054 0.042 0.759 
 188 D _   0.133 0.002 0.002 0.009 0.028 0.059 0.040 0.727 
 189 V _   0.157 0.002 0.002 0.010 0.033 0.063 0.039 0.694 
 190 G _   0.180 0.002 0.002 0.010 0.038 0.066 0.038 0.663 
 191 A _   0.200 0.003 0.002 0.011 0.043 0.068 0.037 0.637 
 192 C _   0.215 0.003 0.002 0.012 0.045 0.068 0.037 0.618 
 193 I _   0.223 0.004 0.002 0.014 0.046 0.067 0.038 0.607 
 194 A _   0.226 0.004 0.002 0.015 0.045 0.065 0.038 0.605 
 195 L _   0.221 0.004 0.002 0.016 0.042 0.061 0.039 0.614 
 196 V _   0.209 0.004 0.002 0.015 0.037 0.057 0.041 0.635 
 197 S _   0.192 0.003 0.002 0.014 0.031 0.052 0.042 0.665 
 198 V _   0.171 0.002 0.002 0.011 0.024 0.046 0.043 0.700 
 199 K _   0.149 0.001 0.001 0.008 0.018 0.041 0.045 0.736 
 200 V _   0.127 0.001 0.001 0.006 0.013 0.037 0.046 0.769 
 201 Y _   0.108 0.000 0.001 0.004 0.010 0.034 0.047 0.796 
 202 Y _   0.093 0.000 0.001 0.003 0.008 0.032 0.047 0.815 
 203 K _   0.083 0.000 0.001 0.003 0.007 0.031 0.048 0.827 
 204 K _   0.077 0.000 0.001 0.003 0.008 0.032 0.049 0.831 
 205 C _   0.075 0.001 0.001 0.004 0.009 0.034 0.049 0.828 
 206 W _   0.074 0.002 0.001 0.006 0.012 0.036 0.050 0.819 
 207 S _   0.075 0.004 0.001 0.010 0.015 0.038 0.050 0.806 
 208 I _   0.076 0.008 0.001 0.015 0.019 0.041 0.051 0.789 
 209 I _   0.076 0.013 0.002 0.021 0.023 0.042 0.052 0.772 
 210 E _   0.075 0.017 0.002 0.026 0.026 0.042 0.053 0.759 
 211 N _   0.073 0.020 0.002 0.030 0.027 0.041 0.054 0.753 
 212 L _   0.068 0.021 0.002 0.031 0.026 0.039 0.056 0.756 
 213 A _   0.062 0.021 0.002 0.030 0.024 0.037 0.058 0.766 
 214 I _   0.055 0.019 0.002 0.026 0.020 0.033 0.061 0.784 
 215 F _   0.047 0.016 0.001 0.021 0.016 0.029 0.064 0.805 
 216 P _   0.040 0.013 0.001 0.016 0.012 0.025 0.066 0.826 
 217 D _   0.033 0.009 0.001 0.012 0.009 0.022 0.069 0.846 
 218 T _   0.027 0.007 0.001 0.008 0.006 0.019 0.071 0.861 
 219 V _   0.022 0.006 0.001 0.006 0.005 0.017 0.072 0.871 
 220 T _   0.019 0.005 0.000 0.005 0.004 0.016 0.074 0.877 
 221 G _   0.017 0.005 0.000 0.004 0.004 0.016 0.075 0.879 
 222 S _   0.016 0.006 0.000 0.005 0.004 0.016 0.075 0.877 
 223 E _   0.016 0.009 0.001 0.006 0.005 0.018 0.076 0.869 
 224 F _   0.016 0.015 0.001 0.009 0.007 0.020 0.076 0.856 
 225 S _   0.018 0.025 0.001 0.014 0.009 0.022 0.076 0.836 
 226 S _   0.019 0.039 0.001 0.020 0.012 0.024 0.076 0.809 
 227 L _   0.019 0.057 0.001 0.027 0.015 0.026 0.076 0.779 
 228 V _   0.020 0.073 0.001 0.035 0.017 0.026 0.076 0.752 
 229 E _   0.020 0.086 0.001 0.041 0.018 0.026 0.077 0.732 
 230 V _   0.020 0.093 0.001 0.044 0.018 0.026 0.078 0.720 
 231 R _   0.019 0.097 0.001 0.046 0.017 0.024 0.080 0.716 
 232 G _   0.018 0.098 0.001 0.044 0.015 0.023 0.082 0.719 
 233 T _   0.016 0.095 0.001 0.041 0.013 0.020 0.085 0.728 
 234 C _   0.015 0.089 0.001 0.036 0.011 0.018 0.089 0.741 
 235 V _   0.014 0.080 0.001 0.030 0.009 0.016 0.092 0.758 
 236 S _   0.012 0.069 0.001 0.024 0.007 0.014 0.097 0.776 
 237 S _   0.011 0.058 0.001 0.019 0.006 0.012 0.100 0.793 
 238 A _   0.010 0.047 0.001 0.015 0.004 0.011 0.104 0.808 
 239 E _   0.009 0.039 0.000 0.011 0.003 0.009 0.107 0.821 
 240 E _   0.008 0.032 0.000 0.008 0.003 0.008 0.109 0.831 
 241 E _   0.007 0.028 0.000 0.007 0.002 0.007 0.111 0.838 
 242 A _   0.006 0.025 0.000 0.006 0.002 0.007 0.112 0.843 
 243 E _   0.005 0.024 0.000 0.005 0.002 0.006 0.113 0.845 
 244 N _   0.005 0.024 0.000 0.005 0.002 0.007 0.113 0.845 
 245 A _   0.005 0.025 0.000 0.005 0.002 0.007 0.112 0.843 
 246 P _   0.005 0.029 0.000 0.006 0.002 0.008 0.111 0.838 
 247 R _   0.006 0.034 0.000 0.008 0.003 0.010 0.110 0.829 
 248 M _   0.006 0.043 0.000 0.011 0.004 0.012 0.108 0.816 
 249 H _   0.007 0.056 0.001 0.013 0.005 0.014 0.106 0.799 
 250 C _   0.008 0.071 0.001 0.017 0.006 0.016 0.103 0.778 
 251 S _   0.008 0.090 0.001 0.020 0.008 0.018 0.101 0.754 
 252 A _   0.009 0.110 0.001 0.023 0.010 0.020 0.098 0.728 
 253 E _   0.011 0.130 0.001 0.025 0.011 0.022 0.096 0.703 
 254 G _   0.013 0.148 0.001 0.027 0.012 0.024 0.095 0.681 
 255 E _   0.015 0.163 0.001 0.028 0.013 0.025 0.094 0.661 
 256 W _   0.016 0.175 0.001 0.029 0.014 0.026 0.093 0.645 
 257 L _   0.018 0.185 0.001 0.029 0.015 0.027 0.093 0.631 
 258 V _   0.019 0.193 0.001 0.029 0.016 0.028 0.093 0.620 
 259 P _   0.020 0.200 0.001 0.030 0.016 0.028 0.094 0.610 
 260 I _   0.022 0.204 0.001 0.031 0.016 0.028 0.095 0.603 
 261 G _   0.022 0.207 0.001 0.033 0.016 0.027 0.096 0.597 
 262 K _   0.022 0.208 0.001 0.034 0.016 0.026 0.098 0.594 
 263 C _   0.022 0.207 0.001 0.035 0.015 0.025 0.100 0.594 
 264 I _   0.021 0.203 0.001 0.036 0.014 0.023 0.103 0.598 
 265 C _   0.020 0.195 0.001 0.035 0.013 0.021 0.106 0.609 
 266 K _   0.018 0.182 0.001 0.033 0.011 0.019 0.110 0.625 
 267 A _   0.016 0.164 0.001 0.029 0.010 0.017 0.115 0.649 
 268 G _   0.014 0.141 0.001 0.024 0.008 0.014 0.119 0.678 
 269 Y _   0.012 0.116 0.001 0.018 0.006 0.012 0.124 0.711 
 270 Q _   0.011 0.092 0.001 0.013 0.004 0.010 0.128 0.741 
 271 Q _   0.009 0.074 0.000 0.009 0.003 0.008 0.131 0.766 
 272 K _   0.007 0.062 0.000 0.006 0.002 0.007 0.133 0.782 
 273 G _   0.006 0.056 0.000 0.005 0.002 0.006 0.135 0.791 
 274 D _   0.005 0.054 0.000 0.004 0.002 0.006 0.135 0.793 
 275 T _   0.005 0.055 0.000 0.005 0.002 0.007 0.135 0.791 
 276 C _   0.005 0.059 0.000 0.007 0.002 0.008 0.135 0.784 
 277 E _   0.005 0.067 0.000 0.011 0.003 0.009 0.134 0.770 
 278 P _   0.006 0.079 0.001 0.016 0.004 0.010 0.133 0.751 
 279 C _   0.006 0.094 0.001 0.022 0.005 0.011 0.131 0.730 
 280 G _   0.006 0.107 0.001 0.027 0.006 0.012 0.129 0.712 
 281 R _   0.006 0.117 0.001 0.030 0.007 0.012 0.129 0.699 
 282 G _   0.005 0.124 0.001 0.032 0.007 0.012 0.128 0.692 
 283 F _   0.005 0.126 0.001 0.030 0.006 0.011 0.128 0.692 
 284 Y _   0.005 0.126 0.001 0.027 0.006 0.011 0.129 0.695 
 285 K _   0.005 0.124 0.001 0.024 0.005 0.010 0.130 0.702 
 286 S _   0.004 0.120 0.001 0.020 0.004 0.010 0.132 0.709 
 287 S _   0.005 0.116 0.000 0.017 0.004 0.009 0.133 0.715 
 288 S _   0.005 0.113 0.000 0.015 0.004 0.009 0.135 0.719 
 289 Q _   0.005 0.111 0.000 0.014 0.004 0.009 0.137 0.720 
 290 D _   0.005 0.109 0.000 0.015 0.004 0.009 0.139 0.718 
 291 L _   0.006 0.108 0.000 0.017 0.004 0.010 0.141 0.714 
 292 Q _   0.006 0.108 0.001 0.019 0.005 0.010 0.143 0.709 
 293 C _   0.006 0.107 0.001 0.022 0.005 0.010 0.145 0.704 
 294 S _   0.006 0.105 0.001 0.024 0.005 0.010 0.148 0.701 
 295 R _   0.006 0.101 0.001 0.024 0.005 0.010 0.151 0.701 
 296 C _   0.006 0.095 0.001 0.024 0.005 0.010 0.155 0.705 
 297 P _   0.006 0.087 0.001 0.022 0.005 0.009 0.159 0.711 
 298 T _   0.006 0.076 0.001 0.019 0.004 0.009 0.164 0.721 
 299 H _   0.006 0.064 0.000 0.016 0.004 0.008 0.169 0.733 
 300 S _   0.006 0.052 0.000 0.013 0.003 0.007 0.173 0.745 
 301 F _   0.005 0.042 0.000 0.010 0.002 0.007 0.178 0.756 
 302 S _   0.005 0.034 0.000 0.008 0.002 0.006 0.181 0.764 
 303 D _   0.005 0.029 0.000 0.006 0.002 0.005 0.183 0.770 
 304 K _   0.004 0.026 0.000 0.006 0.001 0.005 0.185 0.773 
 305 E _   0.004 0.024 0.000 0.005 0.001 0.005 0.186 0.774 
 306 G _   0.004 0.024 0.000 0.006 0.001 0.005 0.186 0.774 
 307 S _   0.004 0.024 0.000 0.007 0.002 0.006 0.185 0.772 
 308 S _   0.004 0.026 0.000 0.009 0.002 0.007 0.184 0.768 
 309 R _   0.004 0.029 0.000 0.011 0.002 0.007 0.182 0.763 
 310 C _   0.004 0.033 0.000 0.014 0.003 0.008 0.181 0.757 
 311 E _   0.005 0.036 0.000 0.017 0.003 0.008 0.179 0.751 
 312 C _   0.005 0.040 0.000 0.020 0.004 0.009 0.177 0.746 
 313 E _   0.005 0.042 0.000 0.021 0.004 0.009 0.176 0.744 
 314 D _   0.005 0.043 0.000 0.020 0.004 0.009 0.174 0.744 
 315 G _   0.005 0.044 0.000 0.018 0.004 0.008 0.174 0.748 
 316 Y _   0.004 0.043 0.000 0.015 0.003 0.007 0.173 0.753 
 317 Y _   0.004 0.042 0.000 0.012 0.003 0.007 0.172 0.759 
 318 R _   0.004 0.042 0.000 0.010 0.002 0.006 0.171 0.765 
 319 A _   0.004 0.041 0.000 0.008 0.002 0.006 0.170 0.769 
 320 P _   0.004 0.042 0.000 0.007 0.002 0.006 0.168 0.772 
 321 S _   0.004 0.044 0.000 0.007 0.002 0.006 0.166 0.771 
 322 D _   0.004 0.049 0.000 0.008 0.002 0.007 0.163 0.767 
 323 P _   0.004 0.056 0.000 0.010 0.003 0.008 0.159 0.760 
 324 P _   0.005 0.068 0.000 0.012 0.003 0.009 0.155 0.747 
 325 Y _   0.005 0.083 0.001 0.016 0.004 0.010 0.151 0.732 
 326 V _   0.005 0.099 0.001 0.019 0.005 0.010 0.146 0.715 
 327 A _   0.005 0.115 0.001 0.021 0.005 0.011 0.142 0.702 
 328 C _   0.005 0.128 0.001 0.021 0.005 0.011 0.138 0.692 
 329 T _   0.005 0.138 0.001 0.020 0.005 0.011 0.134 0.687 
 330 R _   0.004 0.147 0.001 0.018 0.005 0.011 0.131 0.683 
 331 P _   0.004 0.155 0.001 0.016 0.004 0.011 0.128 0.681 
 332 P _   0.005 0.163 0.001 0.015 0.004 0.012 0.125 0.676 
 333 S _   0.005 0.173 0.001 0.014 0.005 0.012 0.122 0.669 
 334 A _   0.006 0.186 0.001 0.015 0.005 0.014 0.118 0.655 
 335 P _   0.007 0.204 0.001 0.016 0.007 0.016 0.115 0.635 
 336 Q _   0.008 0.229 0.001 0.019 0.008 0.017 0.111 0.606 
 337 N _   0.009 0.260 0.001 0.024 0.010 0.019 0.107 0.570 
 338 L _   0.010 0.294 0.001 0.028 0.012 0.020 0.103 0.531 
 339 I _   0.010 0.325 0.001 0.033 0.013 0.021 0.100 0.497 
 340 F _   0.010 0.350 0.001 0.037 0.014 0.021 0.098 0.469 
 341 N _   0.010 0.368 0.001 0.040 0.014 0.021 0.096 0.450 
 342 I _   0.010 0.378 0.001 0.042 0.014 0.020 0.095 0.439 
 343 N _   0.011 0.383 0.001 0.043 0.014 0.020 0.094 0.434 
 344 Q _   0.011 0.382 0.001 0.043 0.013 0.019 0.095 0.436 
 345 T _   0.011 0.377 0.001 0.043 0.013 0.018 0.096 0.443 
 346 T _   0.011 0.365 0.001 0.041 0.012 0.017 0.098 0.456 
 347 V _   0.011 0.345 0.001 0.039 0.011 0.016 0.100 0.478 
 348 S _   0.011 0.317 0.001 0.035 0.010 0.014 0.103 0.508 
 349 L _   0.011 0.278 0.001 0.031 0.009 0.013 0.108 0.549 
 350 E _   0.011 0.231 0.001 0.027 0.008 0.012 0.112 0.597 
 351 W _   0.010 0.182 0.001 0.021 0.006 0.011 0.117 0.651 
 352 S _   0.009 0.137 0.001 0.016 0.005 0.010 0.121 0.702 
 353 P _   0.008 0.103 0.001 0.011 0.003 0.008 0.124 0.742 
 354 P _   0.006 0.081 0.000 0.007 0.002 0.007 0.126 0.770 
 355 A _   0.005 0.070 0.000 0.005 0.002 0.006 0.126 0.786 
 356 D _   0.004 0.065 0.000 0.004 0.001 0.006 0.126 0.794 
 357 N _   0.004 0.064 0.000 0.004 0.001 0.006 0.124 0.796 
 358 G _   0.005 0.066 0.000 0.005 0.002 0.007 0.122 0.793 
 359 G _   0.006 0.075 0.000 0.007 0.003 0.010 0.118 0.781 
 360 R _   0.007 0.095 0.001 0.012 0.005 0.013 0.113 0.755 
 361 N _   0.008 0.133 0.001 0.021 0.008 0.016 0.105 0.709 
 362 D _   0.008 0.189 0.001 0.031 0.011 0.019 0.096 0.644 
 363 V _   0.008 0.252 0.002 0.042 0.013 0.020 0.087 0.576 
 364 T _   0.008 0.306 0.001 0.050 0.014 0.021 0.079 0.521 
 365 Y _   0.007 0.342 0.001 0.056 0.014 0.021 0.073 0.485 
 366 R _   0.007 0.363 0.001 0.059 0.014 0.020 0.069 0.466 
 367 I _   0.007 0.372 0.001 0.059 0.014 0.019 0.067 0.461 
 368 L _   0.007 0.374 0.001 0.056 0.013 0.019 0.065 0.465 
 369 C _   0.007 0.369 0.001 0.052 0.012 0.018 0.064 0.478 
 370 K _   0.007 0.356 0.001 0.046 0.012 0.017 0.063 0.499 
 371 R _   0.007 0.335 0.001 0.039 0.011 0.016 0.063 0.527 
 372 C _   0.008 0.308 0.001 0.033 0.010 0.015 0.064 0.561 
 373 S _   0.008 0.276 0.001 0.028 0.009 0.015 0.065 0.597 
 374 W _   0.008 0.245 0.001 0.024 0.008 0.014 0.066 0.633 
 375 E _   0.008 0.216 0.001 0.021 0.007 0.014 0.067 0.666 
 376 Q _   0.009 0.191 0.001 0.018 0.006 0.013 0.068 0.694 
 377 G _   0.009 0.170 0.001 0.016 0.006 0.013 0.069 0.718 
 378 E _   0.008 0.152 0.001 0.014 0.005 0.012 0.070 0.738 
 379 C _   0.008 0.137 0.001 0.013 0.005 0.012 0.070 0.755 
 380 V _   0.008 0.125 0.001 0.012 0.005 0.012 0.070 0.768 
 381 P _   0.008 0.116 0.001 0.012 0.005 0.012 0.070 0.777 
 382 C _   0.008 0.109 0.001 0.013 0.005 0.012 0.070 0.783 
 383 G _   0.008 0.104 0.001 0.014 0.005 0.012 0.070 0.786 
 384 S _   0.008 0.100 0.001 0.016 0.006 0.013 0.070 0.787 
 385 N _   0.009 0.096 0.001 0.018 0.006 0.013 0.070 0.787 
 386 I _   0.009 0.091 0.001 0.021 0.007 0.014 0.071 0.787 
 387 G _   0.009 0.085 0.001 0.022 0.007 0.014 0.071 0.791 
 388 Y _   0.009 0.078 0.001 0.021 0.007 0.014 0.071 0.799 
 389 M _   0.009 0.068 0.001 0.020 0.006 0.013 0.072 0.811 
 390 P _   0.008 0.056 0.001 0.017 0.006 0.013 0.073 0.828 
 391 Q _   0.008 0.043 0.001 0.013 0.005 0.012 0.073 0.846 
 392 Q _   0.008 0.030 0.001 0.009 0.004 0.012 0.074 0.862 
 393 T _   0.008 0.021 0.000 0.006 0.003 0.012 0.074 0.875 
 394 G _   0.009 0.016 0.000 0.005 0.003 0.014 0.074 0.880 
 395 L _   0.010 0.014 0.000 0.004 0.003 0.016 0.073 0.879 
 396 E _   0.014 0.014 0.000 0.004 0.004 0.020 0.072 0.870 
 397 D _   0.020 0.017 0.001 0.006 0.007 0.027 0.071 0.852 
 398 N _   0.027 0.023 0.001 0.011 0.012 0.034 0.070 0.822 
 399 Y _   0.035 0.036 0.001 0.019 0.019 0.043 0.068 0.780 
 400 V _   0.042 0.053 0.002 0.030 0.028 0.050 0.065 0.730 
 401 T _   0.048 0.070 0.002 0.041 0.034 0.055 0.064 0.686 
 402 V _   0.052 0.081 0.002 0.050 0.039 0.058 0.062 0.655 
 403 M _   0.055 0.087 0.002 0.055 0.041 0.059 0.062 0.640 
 404 D _   0.056 0.088 0.002 0.053 0.040 0.058 0.061 0.641 
 405 L _   0.057 0.084 0.002 0.047 0.037 0.056 0.062 0.654 
 406 L _   0.056 0.076 0.002 0.038 0.033 0.053 0.062 0.679 
 407 A _   0.055 0.065 0.002 0.029 0.028 0.050 0.063 0.709 
 408 H _   0.053 0.052 0.002 0.021 0.024 0.046 0.064 0.739 
 409 A _   0.050 0.041 0.001 0.015 0.019 0.043 0.065 0.765 
 410 N _   0.048 0.034 0.001 0.012 0.016 0.040 0.066 0.782 
 411 Y _   0.046 0.030 0.001 0.012 0.014 0.037 0.067 0.792 
 412 T _   0.044 0.028 0.001 0.013 0.013 0.035 0.068 0.797 
 413 F _   0.041 0.028 0.001 0.015 0.013 0.033 0.069 0.799 
 414 E _   0.039 0.027 0.001 0.018 0.013 0.031 0.071 0.801 
 415 V _   0.035 0.026 0.001 0.020 0.012 0.028 0.072 0.805 
 416 E _   0.031 0.024 0.001 0.021 0.011 0.025 0.073 0.813 
 417 A _   0.027 0.022 0.001 0.020 0.010 0.022 0.075 0.824 
 418 V _   0.023 0.018 0.001 0.017 0.008 0.019 0.077 0.838 
 419 N _   0.019 0.013 0.001 0.014 0.006 0.017 0.078 0.853 
 420 G _   0.016 0.009 0.001 0.010 0.005 0.014 0.079 0.866 
 421 V _   0.014 0.005 0.000 0.007 0.004 0.013 0.080 0.877 
 422 S _   0.013 0.002 0.000 0.005 0.003 0.012 0.081 0.885 
 423 D _   0.013 0.001 0.000 0.003 0.002 0.012 0.081 0.888 
 424 L _   0.014 0.001 0.000 0.002 0.002 0.013 0.080 0.888 
 425 S _   0.017 0.000 0.000 0.002 0.003 0.015 0.080 0.882 
 426 R _   0.024 0.001 0.000 0.002 0.004 0.019 0.079 0.871 
 427 S _   0.034 0.001 0.001 0.004 0.007 0.025 0.078 0.851 
 428 Q _   0.048 0.004 0.001 0.006 0.012 0.033 0.076 0.821 
 429 R _   0.064 0.009 0.001 0.011 0.020 0.042 0.074 0.779 
 430 L _   0.079 0.020 0.002 0.018 0.029 0.049 0.073 0.729 
 431 F _   0.092 0.034 0.002 0.028 0.038 0.055 0.071 0.680 
 432 A _   0.102 0.046 0.003 0.037 0.045 0.057 0.070 0.640 
 433 A _   0.107 0.055 0.003 0.044 0.048 0.058 0.070 0.616 
 434 V _   0.109 0.059 0.003 0.048 0.048 0.056 0.070 0.607 
 435 S _   0.107 0.060 0.003 0.047 0.045 0.053 0.071 0.614 
 436 I _   0.101 0.057 0.002 0.043 0.040 0.048 0.073 0.636 
 437 T _   0.092 0.049 0.002 0.036 0.032 0.042 0.075 0.671 
 438 T _   0.081 0.038 0.002 0.027 0.024 0.036 0.077 0.715 
 439 G _   0.068 0.026 0.001 0.018 0.017 0.030 0.080 0.761 
 440 Q _   0.054 0.015 0.001 0.011 0.011 0.025 0.082 0.802 
 441 A _   0.041 0.008 0.001 0.007 0.007 0.021 0.083 0.833 
 442 A _   0.031 0.005 0.000 0.004 0.004 0.018 0.084 0.853 
 443 P _   0.025 0.004 0.000 0.003 0.003 0.016 0.084 0.865 
 444 S _   0.021 0.004 0.000 0.003 0.003 0.015 0.084 0.870 
 445 Q _   0.019 0.005 0.000 0.004 0.003 0.016 0.084 0.869 
 446 V _   0.019 0.008 0.001 0.006 0.005 0.017 0.084 0.862 
 447 S _   0.019 0.015 0.001 0.010 0.007 0.019 0.083 0.847 
 448 G _   0.020 0.026 0.001 0.015 0.009 0.021 0.082 0.826 
 449 V _   0.020 0.040 0.001 0.021 0.011 0.023 0.080 0.803 
 450 M _   0.020 0.054 0.001 0.027 0.013 0.024 0.079 0.781 
 451 K _   0.020 0.065 0.001 0.031 0.014 0.025 0.079 0.765 
 452 E _   0.019 0.072 0.001 0.034 0.015 0.025 0.078 0.755 
 453 R _   0.019 0.077 0.001 0.035 0.014 0.024 0.078 0.752 
 454 V _   0.018 0.078 0.001 0.034 0.014 0.023 0.079 0.753 
 455 L _   0.017 0.078 0.001 0.032 0.013 0.022 0.080 0.758 
 456 Q _   0.017 0.076 0.001 0.030 0.011 0.020 0.081 0.764 
 457 R _   0.016 0.073 0.001 0.028 0.010 0.019 0.082 0.771 
 458 S _   0.015 0.068 0.001 0.026 0.009 0.017 0.084 0.779 
 459 V _   0.015 0.062 0.001 0.024 0.008 0.016 0.086 0.789 
 460 E _   0.014 0.054 0.001 0.021 0.007 0.014 0.089 0.800 
 461 L _   0.012 0.046 0.001 0.018 0.006 0.012 0.091 0.814 
 462 S _   0.011 0.036 0.001 0.015 0.005 0.011 0.093 0.829 
 463 W _   0.010 0.027 0.001 0.011 0.004 0.009 0.095 0.843 
 464 Q _   0.009 0.019 0.000 0.008 0.003 0.008 0.097 0.857 
 465 E _   0.007 0.013 0.000 0.006 0.002 0.007 0.098 0.867 
 466 P _   0.006 0.009 0.000 0.004 0.002 0.006 0.098 0.874 
 467 E _   0.006 0.008 0.000 0.003 0.002 0.006 0.098 0.878 
 468 H _   0.006 0.007 0.000 0.003 0.002 0.006 0.098 0.878 
 469 P _   0.006 0.008 0.000 0.004 0.002 0.007 0.097 0.875 
 470 N _   0.007 0.011 0.000 0.006 0.003 0.009 0.095 0.868 
 471 G _   0.009 0.017 0.001 0.011 0.004 0.012 0.093 0.853 
 472 V _   0.010 0.028 0.001 0.019 0.007 0.014 0.091 0.832 
 473 I _   0.011 0.041 0.001 0.028 0.009 0.016 0.088 0.807 
 474 T _   0.011 0.052 0.001 0.036 0.010 0.017 0.086 0.787 
 475 E _   0.011 0.059 0.001 0.042 0.011 0.018 0.084 0.774 
 476 Y _   0.011 0.063 0.001 0.044 0.011 0.017 0.083 0.770 
 477 E _   0.010 0.063 0.001 0.042 0.010 0.016 0.083 0.775 
 478 I _   0.009 0.060 0.001 0.037 0.009 0.015 0.082 0.786 
 479 K _   0.009 0.055 0.001 0.030 0.007 0.013 0.083 0.803 
 480 Y _   0.008 0.048 0.001 0.022 0.006 0.011 0.083 0.822 
 481 Y _   0.007 0.040 0.001 0.016 0.004 0.010 0.083 0.840 
 482 E _   0.007 0.033 0.000 0.011 0.003 0.009 0.083 0.854 
 483 K _   0.006 0.028 0.000 0.008 0.003 0.008 0.083 0.864 
 484 D _   0.006 0.025 0.000 0.007 0.002 0.008 0.082 0.870 
 485 Q _   0.006 0.024 0.000 0.007 0.002 0.008 0.082 0.872 
 486 R _   0.006 0.024 0.000 0.008 0.003 0.008 0.081 0.871 
 487 E _   0.006 0.025 0.000 0.010 0.003 0.008 0.079 0.869 
 488 R _   0.006 0.026 0.000 0.012 0.004 0.009 0.078 0.865 
 489 T _   0.006 0.028 0.000 0.015 0.004 0.009 0.076 0.862 
 490 Y _   0.006 0.029 0.001 0.017 0.004 0.010 0.074 0.859 
 491 S _   0.005 0.031 0.001 0.019 0.005 0.010 0.072 0.858 
 492 T _   0.005 0.031 0.001 0.019 0.005 0.009 0.071 0.858 
 493 V _   0.005 0.031 0.001 0.019 0.005 0.009 0.070 0.860 
 494 K _   0.005 0.030 0.001 0.019 0.004 0.009 0.068 0.864 
 495 T _   0.005 0.029 0.001 0.017 0.004 0.009 0.067 0.868 
 496 K _   0.005 0.027 0.000 0.016 0.004 0.008 0.066 0.873 
 497 S _   0.005 0.025 0.000 0.014 0.004 0.008 0.066 0.878 
 498 T _   0.005 0.023 0.000 0.013 0.003 0.008 0.065 0.883 
 499 S _   0.005 0.021 0.000 0.011 0.003 0.008 0.064 0.887 
 500 A _   0.005 0.020 0.000 0.010 0.003 0.009 0.063 0.890 
 501 S _   0.005 0.019 0.000 0.009 0.003 0.009 0.062 0.893 
 502 I _   0.005 0.018 0.000 0.008 0.003 0.010 0.061 0.893 
 503 N _   0.006 0.018 0.000 0.008 0.003 0.012 0.060 0.893 
 504 N _   0.008 0.018 0.000 0.007 0.003 0.014 0.059 0.890 
 505 L _   0.011 0.019 0.000 0.007 0.004 0.018 0.057 0.883 
 506 K _   0.014 0.022 0.001 0.008 0.006 0.022 0.056 0.872 
 507 P _   0.020 0.026 0.001 0.009 0.008 0.028 0.054 0.855 
 508 G _   0.027 0.034 0.001 0.011 0.012 0.035 0.051 0.828 
 509 T _   0.035 0.046 0.001 0.015 0.018 0.043 0.049 0.792 
 510 V _   0.044 0.067 0.002 0.020 0.026 0.051 0.046 0.744 
 511 Y _   0.053 0.097 0.002 0.026 0.035 0.058 0.043 0.686 
 512 V _   0.060 0.134 0.003 0.034 0.042 0.062 0.041 0.625 
 513 F _   0.064 0.169 0.003 0.042 0.048 0.064 0.038 0.573 
 514 Q _   0.065 0.198 0.003 0.050 0.050 0.063 0.037 0.535 
 515 I _   0.064 0.218 0.003 0.057 0.050 0.060 0.036 0.513 
 516 R _   0.061 0.229 0.002 0.062 0.047 0.056 0.035 0.507 
 517 A _   0.057 0.232 0.002 0.064 0.043 0.051 0.035 0.514 
 518 F _   0.052 0.228 0.002 0.062 0.038 0.046 0.036 0.537 
 519 T _   0.045 0.216 0.002 0.056 0.031 0.040 0.037 0.574 
 520 A _   0.039 0.195 0.002 0.047 0.024 0.033 0.038 0.622 
 521 A _   0.032 0.163 0.002 0.037 0.018 0.028 0.039 0.681 
 522 G _   0.026 0.125 0.001 0.026 0.012 0.022 0.041 0.746 
 523 Y _   0.021 0.089 0.001 0.017 0.008 0.018 0.042 0.804 
 524 G _   0.016 0.064 0.001 0.011 0.005 0.014 0.042 0.847 
 525 N _   0.013 0.049 0.000 0.007 0.003 0.012 0.042 0.874 
 526 Y _   0.010 0.041 0.000 0.005 0.003 0.010 0.042 0.889 
 527 S _   0.009 0.038 0.000 0.004 0.002 0.010 0.042 0.895 
 528 P _   0.008 0.038 0.000 0.005 0.002 0.010 0.041 0.896 
 529 R _   0.008 0.041 0.000 0.006 0.003 0.011 0.039 0.890 
 530 L _   0.008 0.048 0.001 0.009 0.004 0.013 0.038 0.879 
 531 D _   0.009 0.059 0.001 0.014 0.006 0.014 0.036 0.862 
 532 V _   0.010 0.074 0.001 0.020 0.007 0.016 0.033 0.839 
 533 A _   0.010 0.090 0.001 0.025 0.009 0.017 0.031 0.818 
 534 T _   0.010 0.103 0.001 0.029 0.010 0.018 0.029 0.801 
 535 L _   0.009 0.113 0.001 0.032 0.010 0.018 0.027 0.789 
 536 E _   0.009 0.119 0.001 0.034 0.011 0.019 0.025 0.783 
 537 E _   0.009 0.123 0.001 0.034 0.011 0.019 0.024 0.780 
 538 A _   0.009 0.124 0.001 0.034 0.011 0.018 0.022 0.781 
 539 T _   0.010 0.123 0.001 0.033 0.011 0.018 0.021 0.783 
 540 G _   0.010 0.120 0.001 0.032 0.011 0.018 0.020 0.787 
 541 K _   0.011 0.116 0.001 0.032 0.011 0.018 0.020 0.792 
 542 M _   0.012 0.109 0.001 0.031 0.011 0.017 0.019 0.800 
 543 F _   0.012 0.100 0.001 0.030 0.010 0.016 0.019 0.812 
 544 E _   0.013 0.088 0.001 0.027 0.010 0.015 0.019 0.828 
 545 A _   0.013 0.072 0.001 0.023 0.009 0.014 0.018 0.850 
 546 T _   0.014 0.053 0.001 0.019 0.007 0.013 0.018 0.875 
 547 A _   0.015 0.035 0.001 0.014 0.006 0.011 0.018 0.900 
 548 V _   0.017 0.019 0.001 0.009 0.005 0.010 0.018 0.923 
 549 S _   0.020 0.008 0.000 0.006 0.003 0.008 0.017 0.938 
 550 S _   0.025 0.003 0.000 0.003 0.003 0.007 0.016 0.943 
 551 E _   0.034 0.001 0.000 0.002 0.002 0.006 0.015 0.939 
 552 Q _   0.051 0.000 0.000 0.001 0.002 0.006 0.014 0.925 
 553 N _   0.078 0.000 0.000 0.001 0.002 0.006 0.013 0.900 
 554 P _   0.121 0.000 0.000 0.001 0.003 0.006 0.012 0.857 
 555 V _   0.185 0.000 0.001 0.001 0.004 0.006 0.010 0.794 
 556 I _   0.269 0.000 0.001 0.001 0.004 0.006 0.009 0.711 
 557 I _   0.370 0.000 0.001 0.000 0.005 0.007 0.007 0.609 
 558 I _   0.481 0.000 0.001 0.000 0.006 0.006 0.006 0.500 
 559 A H   0.592 0.000 0.001 0.000 0.006 0.006 0.005 0.389 
 560 V H   0.697 0.000 0.001 0.000 0.006 0.005 0.004 0.287 
 561 V H   0.779 0.000 0.001 0.000 0.006 0.004 0.003 0.206 
 562 A H   0.843 0.000 0.001 0.000 0.006 0.004 0.003 0.143 
 563 V H   0.891 0.000 0.001 0.000 0.006 0.003 0.002 0.097 
 564 A H   0.922 0.000 0.001 0.000 0.006 0.003 0.002 0.067 
 565 G H   0.943 0.000 0.001 0.000 0.006 0.002 0.002 0.047 
 566 T H   0.956 0.000 0.001 0.000 0.006 0.002 0.001 0.034 
 567 I H   0.963 0.000 0.001 0.000 0.006 0.002 0.001 0.027 
 568 I H   0.966 0.000 0.001 0.000 0.006 0.002 0.001 0.024 
 569 L H   0.965 0.000 0.001 0.000 0.007 0.002 0.001 0.024 
 570 V H   0.961 0.000 0.001 0.000 0.007 0.002 0.001 0.028 
 571 F H   0.953 0.000 0.001 0.000 0.008 0.002 0.001 0.034 
 572 M H   0.941 0.000 0.001 0.000 0.009 0.003 0.002 0.045 
 573 V H   0.922 0.000 0.001 0.000 0.010 0.003 0.002 0.062 
 574 F H   0.894 0.000 0.001 0.000 0.011 0.004 0.003 0.086 
 575 G H   0.855 0.000 0.001 0.001 0.013 0.005 0.004 0.121 
 576 F H   0.804 0.000 0.001 0.001 0.014 0.006 0.006 0.168 
 577 I H   0.737 0.000 0.001 0.001 0.015 0.007 0.010 0.228 
 578 I H   0.652 0.000 0.002 0.002 0.015 0.009 0.016 0.305 
 579 G H   0.551 0.000 0.002 0.003 0.014 0.010 0.025 0.395 
 580 R _   0.440 0.000 0.002 0.004 0.012 0.011 0.037 0.494 
 581 R _   0.330 0.000 0.001 0.005 0.010 0.011 0.050 0.593 
 582 H _   0.231 0.000 0.001 0.006 0.007 0.010 0.063 0.682 
 583 C _   0.152 0.000 0.001 0.006 0.005 0.009 0.074 0.754 
 584 G _   0.093 0.000 0.001 0.006 0.004 0.007 0.082 0.807 
 585 Y _   0.055 0.000 0.000 0.005 0.003 0.006 0.089 0.842 
 586 S _   0.031 0.000 0.000 0.004 0.002 0.005 0.094 0.863 
 587 K _   0.018 0.001 0.000 0.003 0.001 0.005 0.097 0.875 
 588 A _   0.011 0.001 0.000 0.003 0.001 0.004 0.099 0.880 
 589 D _   0.007 0.002 0.000 0.003 0.001 0.005 0.101 0.881 
 590 Q _   0.006 0.004 0.000 0.004 0.001 0.005 0.101 0.879 
 591 E _   0.005 0.008 0.000 0.006 0.002 0.007 0.101 0.871 
 592 G _   0.005 0.017 0.000 0.009 0.003 0.009 0.100 0.857 
 593 D _   0.006 0.033 0.001 0.014 0.004 0.011 0.098 0.833 
 594 E _   0.007 0.059 0.001 0.022 0.006 0.014 0.096 0.796 
 595 E _   0.007 0.090 0.001 0.031 0.008 0.016 0.093 0.754 
 596 L _   0.007 0.120 0.001 0.041 0.010 0.017 0.090 0.714 
 597 Y _   0.007 0.143 0.001 0.049 0.011 0.018 0.088 0.683 
 598 F _   0.007 0.157 0.001 0.054 0.011 0.018 0.087 0.663 
 599 H _   0.007 0.165 0.001 0.057 0.012 0.018 0.087 0.654 
 600 F _   0.007 0.168 0.001 0.056 0.011 0.018 0.087 0.651 
 601 K _   0.007 0.166 0.001 0.054 0.011 0.017 0.089 0.655 
 602 F _   0.008 0.161 0.001 0.049 0.010 0.016 0.091 0.664 
 603 P _   0.008 0.151 0.001 0.043 0.009 0.015 0.094 0.679 
 604 G _   0.008 0.136 0.001 0.037 0.008 0.014 0.097 0.698 
 605 T _   0.009 0.118 0.001 0.031 0.007 0.013 0.101 0.721 
 606 K _   0.009 0.097 0.001 0.026 0.006 0.012 0.106 0.744 
 607 T _   0.009 0.076 0.001 0.021 0.005 0.011 0.110 0.768 
 608 Y _   0.008 0.057 0.001 0.016 0.004 0.010 0.114 0.791 
 609 I _   0.008 0.040 0.000 0.013 0.003 0.008 0.117 0.810 
 610 D _   0.007 0.028 0.000 0.009 0.003 0.007 0.119 0.826 
 611 P _   0.006 0.019 0.000 0.007 0.002 0.006 0.120 0.839 
 612 E _   0.005 0.013 0.000 0.005 0.002 0.005 0.121 0.848 
 613 T _   0.005 0.010 0.000 0.004 0.001 0.005 0.121 0.854 
 614 Y _   0.004 0.009 0.000 0.003 0.001 0.005 0.120 0.857 
 615 E _   0.004 0.009 0.000 0.003 0.001 0.006 0.118 0.859 
 616 D _   0.004 0.010 0.000 0.004 0.002 0.007 0.116 0.857 
 617 P _   0.005 0.013 0.000 0.006 0.002 0.009 0.113 0.852 
 618 N _   0.006 0.018 0.000 0.010 0.004 0.011 0.109 0.841 
 619 R _   0.007 0.028 0.001 0.016 0.006 0.014 0.104 0.823 
 620 A _   0.008 0.041 0.001 0.024 0.008 0.017 0.099 0.801 
 621 V _   0.009 0.053 0.001 0.033 0.010 0.020 0.094 0.780 
 622 H _   0.010 0.062 0.001 0.039 0.012 0.021 0.090 0.765 
 623 Q _   0.010 0.067 0.001 0.043 0.013 0.022 0.086 0.759 
 624 F _   0.010 0.069 0.001 0.042 0.013 0.022 0.083 0.760 
 625 A _   0.010 0.068 0.001 0.039 0.012 0.022 0.080 0.768 
 626 K _   0.011 0.064 0.001 0.033 0.011 0.021 0.078 0.780 
 627 E _   0.011 0.058 0.001 0.026 0.010 0.020 0.077 0.796 
 628 L _   0.012 0.051 0.001 0.019 0.009 0.020 0.076 0.813 
 629 D _   0.013 0.044 0.001 0.014 0.007 0.019 0.074 0.827 
 630 A _   0.014 0.038 0.001 0.011 0.007 0.019 0.073 0.837 
 631 S _   0.016 0.034 0.001 0.009 0.006 0.019 0.072 0.842 
 632 C _   0.018 0.032 0.001 0.008 0.006 0.020 0.071 0.844 
 633 I _   0.019 0.032 0.001 0.009 0.007 0.021 0.070 0.842 
 634 K _   0.022 0.033 0.001 0.009 0.008 0.022 0.069 0.838 
 635 I _   0.023 0.035 0.001 0.011 0.009 0.023 0.067 0.831 
 636 E _   0.025 0.037 0.001 0.013 0.010 0.024 0.066 0.824 
 637 R _   0.026 0.041 0.001 0.015 0.011 0.025 0.064 0.816 
 638 V _   0.027 0.044 0.001 0.017 0.012 0.026 0.063 0.810 
 639 I _   0.027 0.048 0.001 0.018 0.013 0.026 0.062 0.805 
 640 G _   0.027 0.051 0.001 0.020 0.013 0.026 0.061 0.802 
 641 A _   0.026 0.053 0.001 0.022 0.013 0.025 0.060 0.800 
 642 G _   0.025 0.055 0.001 0.023 0.013 0.024 0.059 0.801 
 643 E _   0.023 0.055 0.001 0.023 0.012 0.023 0.059 0.804 
 644 F _   0.021 0.055 0.001 0.023 0.011 0.021 0.059 0.810 
 645 G _   0.019 0.053 0.001 0.021 0.010 0.019 0.059 0.818 
 646 E _   0.017 0.050 0.001 0.020 0.009 0.017 0.059 0.828 
 647 V _   0.015 0.046 0.001 0.018 0.007 0.015 0.059 0.839 
 648 C _   0.013 0.042 0.001 0.015 0.006 0.014 0.059 0.850 
 649 S _   0.011 0.038 0.001 0.013 0.005 0.012 0.060 0.860 
 650 G _   0.010 0.034 0.001 0.011 0.004 0.011 0.060 0.870 
 651 R _   0.009 0.031 0.000 0.009 0.004 0.010 0.060 0.877 
 652 L _   0.008 0.028 0.000 0.007 0.003 0.009 0.059 0.884 
 653 K _   0.008 0.027 0.000 0.006 0.003 0.009 0.059 0.888 
 654 L _   0.007 0.026 0.000 0.006 0.003 0.009 0.058 0.890 
 655 P _   0.007 0.027 0.000 0.006 0.003 0.010 0.057 0.890 
 656 G _   0.008 0.030 0.000 0.006 0.003 0.011 0.056 0.885 
 657 K _   0.009 0.035 0.000 0.008 0.004 0.013 0.055 0.876 
 658 R _   0.010 0.044 0.001 0.010 0.006 0.015 0.053 0.860 
 659 D _   0.012 0.060 0.001 0.015 0.008 0.018 0.051 0.836 
 660 V _   0.014 0.083 0.001 0.021 0.010 0.021 0.048 0.802 
 661 A _   0.015 0.110 0.001 0.028 0.013 0.023 0.046 0.764 
 662 V _   0.015 0.137 0.001 0.035 0.015 0.025 0.043 0.728 
 663 A _   0.016 0.158 0.001 0.042 0.017 0.025 0.041 0.700 
