#TopoPred_TM8: 8-state transmembrane topology prediction results by no_profile mode 
#probabilities are in the order of H E C I L F X _, the 8 transmembrane topology types used in PDBTM 
   1 M X   0.008 0.001 0.001 0.030 0.006 0.006 0.831 0.116 
   2 A X   0.002 0.001 0.000 0.016 0.001 0.003 0.851 0.126 
   3 D X   0.001 0.001 0.000 0.010 0.000 0.002 0.855 0.131 
   4 E X   0.001 0.001 0.000 0.009 0.000 0.003 0.854 0.132 
   5 D X   0.001 0.002 0.000 0.011 0.001 0.004 0.849 0.131 
   6 L X   0.002 0.004 0.000 0.014 0.002 0.006 0.842 0.130 
   7 I X   0.003 0.008 0.000 0.018 0.003 0.008 0.834 0.127 
   8 F X   0.003 0.011 0.000 0.022 0.003 0.008 0.825 0.126 
   9 R X   0.003 0.014 0.000 0.025 0.004 0.008 0.817 0.128 
  10 L X   0.003 0.016 0.000 0.026 0.004 0.008 0.811 0.131 
  11 E X   0.003 0.017 0.000 0.025 0.004 0.007 0.806 0.137 
  12 G X   0.003 0.017 0.000 0.022 0.004 0.007 0.803 0.145 
  13 V X   0.002 0.017 0.000 0.018 0.003 0.006 0.800 0.154 
  14 D X   0.002 0.015 0.000 0.014 0.002 0.005 0.799 0.162 
  15 G X   0.002 0.013 0.000 0.010 0.002 0.004 0.798 0.170 
  16 G X   0.002 0.012 0.000 0.008 0.001 0.004 0.797 0.177 
  17 Q X   0.002 0.010 0.000 0.006 0.001 0.003 0.795 0.183 
  18 S X   0.002 0.009 0.000 0.005 0.001 0.003 0.793 0.187 
  19 P X   0.002 0.008 0.000 0.004 0.001 0.003 0.791 0.192 
  20 R X   0.002 0.008 0.000 0.004 0.001 0.003 0.787 0.196 
  21 A X   0.002 0.008 0.000 0.004 0.001 0.002 0.783 0.200 
  22 G X   0.002 0.008 0.000 0.004 0.001 0.002 0.778 0.205 
  23 H X   0.001 0.008 0.000 0.004 0.001 0.002 0.773 0.211 
  24 D X   0.001 0.008 0.000 0.004 0.001 0.002 0.766 0.218 
  25 G X   0.001 0.008 0.000 0.004 0.001 0.002 0.757 0.226 
  26 D X   0.001 0.009 0.000 0.004 0.001 0.003 0.748 0.235 
  27 S X   0.001 0.010 0.000 0.004 0.001 0.003 0.736 0.245 
  28 D X   0.001 0.011 0.000 0.005 0.001 0.003 0.721 0.257 
  29 G X   0.002 0.015 0.000 0.006 0.001 0.004 0.704 0.268 
  30 D X   0.002 0.021 0.000 0.009 0.002 0.006 0.681 0.278 
  31 S X   0.002 0.034 0.001 0.014 0.004 0.009 0.651 0.286 
  32 D X   0.003 0.057 0.001 0.023 0.006 0.012 0.612 0.285 
  33 D X   0.004 0.096 0.001 0.036 0.009 0.015 0.563 0.275 
  34 E X   0.004 0.147 0.002 0.052 0.012 0.018 0.509 0.256 
  35 E X   0.004 0.200 0.002 0.067 0.014 0.018 0.461 0.233 
  36 G X   0.004 0.242 0.002 0.080 0.014 0.018 0.425 0.216 
  37 Y X   0.004 0.267 0.001 0.087 0.014 0.018 0.401 0.208 
  38 F X   0.004 0.281 0.001 0.091 0.013 0.017 0.385 0.209 
  39 I X   0.004 0.286 0.001 0.090 0.012 0.016 0.375 0.217 
  40 C X   0.004 0.284 0.001 0.084 0.011 0.014 0.368 0.234 
  41 P X   0.004 0.275 0.001 0.073 0.010 0.013 0.364 0.259 
  42 I X   0.004 0.256 0.001 0.060 0.009 0.012 0.363 0.296 
  43 T X   0.005 0.225 0.001 0.045 0.007 0.010 0.362 0.344 
  44 D _   0.005 0.186 0.001 0.031 0.006 0.009 0.363 0.399 
  45 D _   0.005 0.149 0.001 0.020 0.004 0.008 0.364 0.450 
  46 P _   0.004 0.122 0.000 0.013 0.003 0.007 0.364 0.488 
  47 S _   0.004 0.105 0.000 0.008 0.002 0.006 0.362 0.513 
  48 S _   0.003 0.097 0.000 0.006 0.002 0.005 0.359 0.528 
  49 N _   0.003 0.093 0.000 0.006 0.001 0.005 0.355 0.536 
  50 Q _   0.003 0.092 0.000 0.007 0.002 0.006 0.350 0.542 
  51 N _   0.003 0.093 0.000 0.009 0.002 0.006 0.343 0.544 
  52 V _   0.003 0.097 0.000 0.012 0.002 0.007 0.335 0.545 
  53 N _   0.003 0.102 0.000 0.015 0.003 0.008 0.326 0.544 
  54 S _   0.003 0.107 0.000 0.019 0.004 0.008 0.316 0.542 
  55 K _   0.003 0.113 0.001 0.022 0.004 0.009 0.307 0.542 
  56 V _   0.003 0.117 0.001 0.024 0.004 0.009 0.299 0.543 
  57 N _   0.003 0.120 0.001 0.026 0.004 0.009 0.291 0.546 
  58 K _   0.003 0.121 0.001 0.026 0.004 0.009 0.285 0.551 
  59 Y _   0.003 0.120 0.001 0.025 0.004 0.009 0.280 0.558 
  60 Y _   0.003 0.118 0.001 0.024 0.004 0.008 0.276 0.566 
  61 S _   0.004 0.114 0.000 0.022 0.004 0.008 0.273 0.575 
  62 N _   0.004 0.110 0.000 0.020 0.004 0.008 0.270 0.584 
  63 L _   0.004 0.105 0.000 0.018 0.003 0.008 0.268 0.594 
  64 T _   0.004 0.099 0.000 0.016 0.003 0.007 0.266 0.604 
  65 K _   0.004 0.094 0.000 0.014 0.003 0.007 0.264 0.614 
  66 S _   0.004 0.088 0.000 0.012 0.003 0.007 0.261 0.624 
  67 E _   0.004 0.083 0.000 0.011 0.002 0.006 0.259 0.634 
  68 R _   0.004 0.079 0.000 0.010 0.002 0.006 0.256 0.643 
  69 Y _   0.004 0.076 0.000 0.008 0.002 0.006 0.253 0.651 
  70 S _   0.004 0.074 0.000 0.008 0.002 0.006 0.249 0.658 
  71 S _   0.003 0.072 0.000 0.007 0.002 0.006 0.245 0.664 
  72 S _   0.003 0.073 0.000 0.007 0.002 0.006 0.240 0.669 
  73 G _   0.003 0.075 0.000 0.007 0.002 0.007 0.234 0.672 
  74 S _   0.004 0.079 0.000 0.008 0.002 0.008 0.226 0.673 
  75 P _   0.004 0.086 0.000 0.010 0.003 0.009 0.218 0.669 
  76 A _   0.005 0.098 0.001 0.013 0.004 0.011 0.208 0.661 
  77 N _   0.005 0.114 0.001 0.017 0.005 0.013 0.197 0.648 
  78 S _   0.006 0.136 0.001 0.022 0.007 0.014 0.185 0.630 
  79 F _   0.006 0.161 0.001 0.027 0.008 0.016 0.173 0.608 
  80 H _   0.006 0.188 0.001 0.033 0.010 0.017 0.161 0.585 
  81 F _   0.007 0.211 0.001 0.038 0.011 0.018 0.150 0.564 
  82 K _   0.007 0.230 0.001 0.043 0.012 0.019 0.141 0.548 
  83 E _   0.007 0.244 0.001 0.046 0.012 0.019 0.134 0.537 
  84 A _   0.007 0.252 0.001 0.048 0.012 0.019 0.128 0.533 
  85 W _   0.008 0.254 0.001 0.049 0.012 0.018 0.123 0.535 
  86 K _   0.008 0.252 0.001 0.047 0.012 0.017 0.120 0.542 
  87 H _   0.008 0.245 0.001 0.044 0.011 0.016 0.118 0.555 
  88 A _   0.009 0.232 0.001 0.040 0.010 0.016 0.116 0.576 
  89 I _   0.009 0.212 0.001 0.034 0.009 0.014 0.115 0.605 
  90 Q _   0.009 0.184 0.001 0.027 0.008 0.013 0.115 0.642 
  91 K _   0.010 0.152 0.001 0.021 0.007 0.012 0.115 0.683 
  92 A _   0.009 0.122 0.001 0.015 0.005 0.012 0.114 0.722 
  93 K _   0.009 0.098 0.001 0.010 0.004 0.011 0.114 0.754 
  94 H _   0.008 0.083 0.000 0.007 0.003 0.010 0.113 0.775 
  95 M _   0.008 0.075 0.000 0.005 0.003 0.010 0.111 0.787 
  96 P _   0.008 0.072 0.000 0.005 0.003 0.011 0.109 0.792 
  97 D _   0.009 0.072 0.000 0.006 0.003 0.012 0.107 0.790 
  98 P _   0.010 0.077 0.000 0.008 0.004 0.014 0.104 0.783 
  99 W _   0.012 0.085 0.001 0.011 0.006 0.016 0.100 0.769 
 100 A _   0.013 0.099 0.001 0.016 0.008 0.018 0.096 0.750 
 101 E _   0.013 0.115 0.001 0.021 0.010 0.020 0.092 0.729 
 102 F _   0.013 0.131 0.001 0.026 0.011 0.021 0.087 0.709 
 103 H _   0.013 0.144 0.001 0.030 0.013 0.022 0.083 0.694 
 104 L _   0.013 0.153 0.001 0.034 0.013 0.022 0.080 0.683 
 105 E _   0.013 0.159 0.001 0.035 0.013 0.022 0.077 0.679 
 106 D _   0.013 0.161 0.001 0.035 0.013 0.021 0.075 0.681 
 107 I _   0.013 0.159 0.001 0.033 0.012 0.020 0.073 0.688 
 108 A _   0.013 0.155 0.001 0.030 0.011 0.019 0.072 0.700 
 109 T _   0.013 0.148 0.001 0.025 0.010 0.017 0.071 0.716 
 110 E _   0.012 0.138 0.001 0.021 0.008 0.016 0.070 0.734 
 111 R _   0.011 0.128 0.001 0.017 0.007 0.015 0.069 0.753 
 112 A _   0.010 0.117 0.001 0.014 0.006 0.014 0.068 0.771 
 113 T _   0.009 0.109 0.001 0.012 0.005 0.013 0.067 0.785 
 114 R _   0.009 0.103 0.001 0.010 0.005 0.012 0.066 0.796 
 115 H _   0.008 0.099 0.001 0.010 0.004 0.012 0.065 0.802 
 116 R _   0.008 0.097 0.001 0.010 0.004 0.012 0.063 0.805 
 117 Y _   0.008 0.097 0.001 0.011 0.005 0.012 0.062 0.806 
 118 N _   0.008 0.097 0.001 0.012 0.005 0.012 0.061 0.805 
 119 A _   0.008 0.098 0.001 0.013 0.005 0.012 0.059 0.804 
 120 V _   0.008 0.100 0.001 0.013 0.005 0.012 0.058 0.803 
 121 T _   0.009 0.101 0.001 0.014 0.005 0.012 0.057 0.802 
 122 G _   0.009 0.102 0.001 0.014 0.006 0.012 0.055 0.802 
 123 E _   0.009 0.102 0.001 0.013 0.006 0.013 0.054 0.803 
 124 W _   0.009 0.103 0.001 0.013 0.006 0.013 0.053 0.802 
 125 L _   0.009 0.104 0.001 0.013 0.006 0.014 0.052 0.801 
 126 D _   0.010 0.105 0.001 0.013 0.006 0.015 0.051 0.798 
 127 D _   0.011 0.108 0.001 0.014 0.007 0.016 0.050 0.793 
 128 E _   0.012 0.112 0.001 0.015 0.007 0.016 0.049 0.787 
 129 V _   0.013 0.115 0.001 0.017 0.008 0.017 0.049 0.781 
 130 L _   0.013 0.119 0.001 0.018 0.008 0.018 0.048 0.776 
 131 I _   0.013 0.122 0.001 0.018 0.008 0.018 0.047 0.773 
 132 K _   0.013 0.123 0.001 0.018 0.008 0.018 0.047 0.772 
 133 M _   0.013 0.124 0.001 0.017 0.008 0.018 0.046 0.773 
 134 A _   0.013 0.124 0.001 0.015 0.008 0.018 0.046 0.775 
 135 S _   0.013 0.123 0.001 0.014 0.008 0.019 0.045 0.777 
 136 Q _   0.014 0.123 0.001 0.013 0.008 0.019 0.045 0.777 
 137 P _   0.015 0.125 0.001 0.013 0.008 0.020 0.045 0.774 
 138 F _   0.016 0.128 0.001 0.014 0.009 0.021 0.044 0.767 
 139 G _   0.017 0.132 0.001 0.017 0.010 0.023 0.044 0.757 
 140 R _   0.018 0.138 0.001 0.020 0.012 0.024 0.043 0.744 
 141 G _   0.019 0.144 0.001 0.025 0.013 0.024 0.043 0.731 
 142 A _   0.020 0.148 0.001 0.028 0.014 0.025 0.043 0.721 
 143 M _   0.020 0.149 0.001 0.031 0.015 0.024 0.043 0.716 
 144 R _   0.019 0.148 0.001 0.032 0.014 0.023 0.044 0.718 
 145 E _   0.019 0.142 0.001 0.030 0.013 0.022 0.045 0.727 
 146 C _   0.018 0.133 0.001 0.027 0.012 0.020 0.046 0.743 
 147 F _   0.016 0.120 0.001 0.023 0.010 0.019 0.047 0.763 
 148 R _   0.016 0.104 0.001 0.019 0.009 0.017 0.048 0.787 
 149 T _   0.014 0.088 0.001 0.014 0.007 0.016 0.050 0.810 
 150 K _   0.013 0.074 0.001 0.011 0.006 0.015 0.051 0.829 
 151 K _   0.012 0.065 0.001 0.009 0.005 0.014 0.052 0.842 
 152 L _   0.012 0.058 0.001 0.009 0.005 0.014 0.053 0.849 
 153 S _   0.012 0.055 0.001 0.009 0.005 0.013 0.054 0.852 
 154 N _   0.012 0.053 0.001 0.010 0.005 0.014 0.055 0.851 
 155 F _   0.012 0.052 0.001 0.012 0.005 0.014 0.056 0.849 
 156 L _   0.012 0.051 0.001 0.014 0.006 0.014 0.056 0.846 
 157 H _   0.012 0.050 0.001 0.015 0.006 0.014 0.057 0.845 
 158 A _   0.012 0.049 0.001 0.015 0.006 0.014 0.058 0.845 
 159 Q _   0.011 0.047 0.001 0.015 0.006 0.013 0.059 0.848 
 160 Q _   0.011 0.045 0.001 0.014 0.006 0.013 0.059 0.852 
 161 W _   0.010 0.043 0.001 0.012 0.005 0.012 0.060 0.857 
 162 K _   0.010 0.040 0.001 0.011 0.005 0.012 0.061 0.861 
 163 G _   0.010 0.038 0.001 0.010 0.005 0.012 0.061 0.864 
 164 A _   0.010 0.037 0.001 0.010 0.005 0.012 0.062 0.864 
 165 S _   0.010 0.037 0.001 0.010 0.005 0.012 0.063 0.862 
 166 N _   0.011 0.038 0.001 0.012 0.005 0.013 0.063 0.857 
 167 Y _   0.012 0.040 0.001 0.014 0.006 0.013 0.064 0.851 
 168 V _   0.012 0.042 0.001 0.016 0.007 0.014 0.065 0.845 
 169 A _   0.012 0.043 0.001 0.018 0.007 0.014 0.066 0.840 
 170 K _   0.012 0.043 0.001 0.018 0.007 0.014 0.067 0.838 
 171 R _   0.012 0.043 0.001 0.018 0.007 0.013 0.068 0.839 
 172 Y _   0.011 0.042 0.001 0.016 0.006 0.013 0.069 0.842 
 173 I _   0.011 0.040 0.001 0.014 0.005 0.012 0.071 0.848 
 174 E _   0.010 0.037 0.001 0.011 0.005 0.011 0.072 0.854 
 175 P _   0.009 0.036 0.000 0.009 0.004 0.010 0.073 0.859 
 176 V _   0.009 0.034 0.000 0.007 0.003 0.010 0.074 0.861 
 177 D _   0.009 0.034 0.000 0.006 0.003 0.010 0.075 0.861 
 178 R _   0.009 0.036 0.000 0.006 0.003 0.011 0.076 0.858 
 179 D _   0.010 0.040 0.000 0.007 0.004 0.012 0.076 0.851 
 180 V _   0.010 0.046 0.001 0.009 0.005 0.013 0.077 0.839 
 181 Y _   0.011 0.057 0.001 0.012 0.006 0.015 0.077 0.821 
 182 F _   0.011 0.072 0.001 0.016 0.007 0.016 0.077 0.800 
 183 E _   0.011 0.089 0.001 0.021 0.009 0.017 0.077 0.775 
 184 D _   0.012 0.106 0.001 0.025 0.010 0.018 0.077 0.751 
 185 V _   0.011 0.122 0.001 0.030 0.010 0.018 0.077 0.730 
 186 R _   0.011 0.134 0.001 0.034 0.011 0.018 0.078 0.714 
 187 L _   0.011 0.143 0.001 0.037 0.011 0.018 0.078 0.702 
 188 Q _   0.010 0.148 0.001 0.039 0.011 0.017 0.080 0.695 
 189 M _   0.010 0.149 0.001 0.040 0.011 0.017 0.082 0.691 
 190 E _   0.010 0.148 0.001 0.039 0.010 0.016 0.084 0.692 
 191 A _   0.010 0.143 0.001 0.038 0.009 0.015 0.087 0.697 
 192 K _   0.010 0.134 0.001 0.035 0.008 0.014 0.091 0.707 
 193 L _   0.010 0.121 0.001 0.031 0.007 0.013 0.095 0.722 
 194 W _   0.010 0.103 0.001 0.026 0.006 0.011 0.100 0.742 
 195 G _   0.010 0.082 0.001 0.021 0.005 0.010 0.106 0.765 
 196 E _   0.009 0.060 0.001 0.016 0.004 0.009 0.111 0.791 
 197 E _   0.008 0.039 0.000 0.011 0.003 0.008 0.115 0.814 
 198 Y _   0.007 0.024 0.000 0.008 0.002 0.007 0.119 0.834 
 199 N _   0.006 0.014 0.000 0.005 0.002 0.006 0.121 0.847 
 200 R _   0.005 0.008 0.000 0.003 0.001 0.005 0.122 0.855 
 201 H _   0.005 0.006 0.000 0.002 0.001 0.005 0.122 0.858 
 202 K _   0.005 0.005 0.000 0.002 0.001 0.007 0.122 0.858 
 203 P _   0.007 0.006 0.000 0.002 0.002 0.009 0.120 0.853 
 204 P _   0.010 0.009 0.000 0.004 0.003 0.014 0.118 0.841 
 205 K _   0.015 0.021 0.001 0.008 0.006 0.021 0.115 0.814 
 206 Q _   0.021 0.054 0.001 0.017 0.013 0.029 0.109 0.756 
 207 V _   0.026 0.126 0.002 0.031 0.022 0.037 0.101 0.655 
 208 D _   0.027 0.228 0.003 0.048 0.030 0.041 0.092 0.530 
 209 I _   0.026 0.323 0.003 0.065 0.033 0.042 0.085 0.424 
 210 M E   0.025 0.384 0.002 0.079 0.032 0.040 0.080 0.358 
 211 Q E   0.023 0.414 0.002 0.088 0.031 0.038 0.077 0.327 
 212 M E   0.022 0.426 0.002 0.091 0.029 0.035 0.076 0.320 
 213 C E   0.021 0.425 0.002 0.089 0.026 0.032 0.076 0.329 
 214 I E   0.020 0.412 0.002 0.081 0.023 0.029 0.077 0.356 
 215 I _   0.019 0.380 0.002 0.068 0.020 0.025 0.079 0.406 
 216 E _   0.019 0.320 0.002 0.052 0.017 0.022 0.082 0.486 
 217 L _   0.018 0.237 0.002 0.036 0.013 0.019 0.087 0.589 
 218 K _   0.017 0.152 0.001 0.022 0.009 0.017 0.091 0.691 
 219 D _   0.015 0.092 0.001 0.012 0.006 0.014 0.094 0.768 
 220 R _   0.012 0.062 0.000 0.006 0.003 0.012 0.096 0.809 
 221 P _   0.009 0.051 0.000 0.004 0.002 0.011 0.096 0.827 
 222 G _   0.008 0.048 0.000 0.003 0.002 0.010 0.096 0.832 
 223 K _   0.008 0.049 0.000 0.004 0.002 0.011 0.095 0.829 
 224 P _   0.009 0.056 0.000 0.007 0.003 0.013 0.093 0.818 
 225 L _   0.011 0.072 0.001 0.011 0.005 0.016 0.090 0.793 
 226 F _   0.011 0.101 0.001 0.018 0.008 0.018 0.087 0.756 
 227 H _   0.011 0.139 0.001 0.027 0.010 0.019 0.082 0.710 
 228 L _   0.010 0.177 0.001 0.036 0.012 0.020 0.078 0.665 
 229 E _   0.010 0.207 0.001 0.044 0.013 0.020 0.075 0.631 
 230 H _   0.009 0.226 0.001 0.049 0.013 0.019 0.073 0.610 
 231 Y _   0.009 0.238 0.001 0.051 0.013 0.019 0.071 0.599 
 232 I _   0.008 0.242 0.001 0.051 0.013 0.018 0.071 0.596 
 233 E _   0.008 0.241 0.001 0.049 0.012 0.017 0.071 0.601 
 234 G _   0.008 0.235 0.001 0.044 0.011 0.015 0.071 0.614 
 235 K _   0.008 0.223 0.001 0.039 0.009 0.014 0.072 0.634 
 236 Y _   0.008 0.204 0.001 0.032 0.008 0.013 0.074 0.661 
 237 I _   0.008 0.181 0.001 0.025 0.007 0.012 0.076 0.691 
 238 K _   0.007 0.158 0.001 0.020 0.005 0.010 0.077 0.721 
 239 Y _   0.007 0.136 0.001 0.015 0.004 0.009 0.079 0.748 
 240 N _   0.006 0.119 0.000 0.012 0.004 0.009 0.081 0.769 
 241 S _   0.006 0.107 0.000 0.010 0.003 0.008 0.082 0.784 
 242 N _   0.006 0.099 0.000 0.008 0.003 0.007 0.082 0.794 
 243 S _   0.005 0.094 0.000 0.008 0.002 0.007 0.083 0.800 
 244 G _   0.005 0.091 0.000 0.007 0.002 0.007 0.083 0.804 
 245 F _   0.005 0.090 0.000 0.007 0.002 0.007 0.082 0.806 
 246 V _   0.005 0.090 0.000 0.008 0.002 0.007 0.082 0.806 
 247 R _   0.005 0.091 0.000 0.008 0.003 0.008 0.081 0.804 
 248 D _   0.005 0.095 0.000 0.009 0.003 0.009 0.080 0.800 
 249 D _   0.005 0.100 0.000 0.010 0.003 0.010 0.078 0.793 
 250 N _   0.006 0.107 0.000 0.012 0.004 0.011 0.077 0.783 
 251 I _   0.006 0.116 0.001 0.014 0.005 0.013 0.075 0.771 
 252 R _   0.007 0.127 0.001 0.017 0.006 0.014 0.073 0.755 
 253 L _   0.007 0.138 0.001 0.021 0.007 0.016 0.072 0.739 
 254 T _   0.008 0.149 0.001 0.024 0.008 0.017 0.070 0.724 
 255 P _   0.008 0.157 0.001 0.027 0.009 0.018 0.069 0.712 
 256 Q _   0.008 0.164 0.001 0.029 0.009 0.019 0.068 0.703 
 257 A _   0.008 0.167 0.001 0.029 0.010 0.019 0.067 0.699 
 258 F _   0.009 0.167 0.001 0.028 0.010 0.020 0.066 0.699 
 259 S _   0.009 0.165 0.001 0.026 0.010 0.020 0.066 0.703 
 260 H _   0.010 0.161 0.001 0.023 0.009 0.021 0.066 0.710 
 261 F _   0.010 0.154 0.001 0.020 0.009 0.021 0.067 0.718 
 262 T _   0.012 0.147 0.001 0.016 0.008 0.022 0.067 0.727 
 263 F _   0.013 0.141 0.001 0.013 0.008 0.023 0.067 0.733 
 264 E _   0.015 0.136 0.001 0.012 0.009 0.025 0.068 0.734 
 265 R _   0.018 0.134 0.001 0.011 0.009 0.028 0.068 0.731 
 266 S _   0.022 0.134 0.001 0.012 0.011 0.030 0.068 0.722 
 267 G _   0.026 0.136 0.001 0.013 0.014 0.033 0.068 0.708 
 268 H _   0.031 0.142 0.001 0.016 0.017 0.036 0.069 0.688 
 269 Q _   0.036 0.150 0.001 0.021 0.020 0.038 0.069 0.664 
 270 L _   0.040 0.158 0.002 0.027 0.024 0.039 0.070 0.641 
 271 I _   0.043 0.164 0.002 0.032 0.026 0.039 0.071 0.623 
 272 V _   0.043 0.168 0.002 0.037 0.027 0.039 0.073 0.612 
 273 V _   0.043 0.168 0.002 0.040 0.027 0.037 0.075 0.609 
 274 D _   0.042 0.164 0.002 0.040 0.025 0.035 0.078 0.614 
 275 I _   0.040 0.156 0.002 0.039 0.023 0.032 0.082 0.627 
 276 Q _   0.037 0.142 0.002 0.035 0.020 0.029 0.086 0.650 
 277 G _   0.033 0.122 0.002 0.030 0.017 0.026 0.091 0.680 
 278 V _   0.029 0.097 0.001 0.025 0.013 0.023 0.096 0.715 
 279 G _   0.025 0.072 0.001 0.019 0.010 0.020 0.101 0.751 
 280 D _   0.021 0.050 0.001 0.015 0.008 0.017 0.106 0.783 
 281 L _   0.017 0.034 0.001 0.011 0.006 0.014 0.110 0.806 
 282 Y _   0.014 0.024 0.001 0.009 0.004 0.012 0.113 0.823 
 283 T _   0.012 0.017 0.000 0.007 0.003 0.011 0.116 0.833 
 284 D _   0.010 0.013 0.000 0.007 0.003 0.010 0.118 0.838 
 285 P _   0.009 0.011 0.000 0.007 0.003 0.009 0.120 0.841 
 286 Q _   0.008 0.009 0.000 0.008 0.003 0.009 0.122 0.841 
 287 I _   0.007 0.008 0.000 0.009 0.003 0.008 0.123 0.840 
 288 H _   0.007 0.007 0.000 0.010 0.003 0.008 0.124 0.840 
 289 T _   0.006 0.006 0.000 0.010 0.003 0.008 0.125 0.840 
 290 E _   0.006 0.005 0.000 0.010 0.003 0.007 0.126 0.842 
 291 T _   0.005 0.004 0.000 0.009 0.003 0.007 0.127 0.845 
 292 G _   0.005 0.003 0.000 0.007 0.002 0.007 0.127 0.849 
 293 T _   0.005 0.002 0.000 0.005 0.002 0.006 0.127 0.852 
 294 D _   0.006 0.001 0.000 0.004 0.002 0.007 0.127 0.854 
 295 F _   0.008 0.000 0.000 0.003 0.002 0.008 0.126 0.853 
 296 G _   0.013 0.000 0.000 0.002 0.002 0.011 0.124 0.848 
 297 D _   0.024 0.000 0.000 0.002 0.003 0.015 0.122 0.834 
 298 G _   0.045 0.000 0.000 0.003 0.005 0.023 0.119 0.805 
 299 N _   0.081 0.000 0.001 0.004 0.009 0.034 0.115 0.756 
 300 L _   0.131 0.001 0.001 0.006 0.018 0.049 0.110 0.685 
 301 G _   0.190 0.002 0.002 0.008 0.033 0.065 0.104 0.596 
 302 V _   0.248 0.004 0.002 0.013 0.051 0.079 0.099 0.504 
 303 R _   0.300 0.006 0.003 0.017 0.068 0.089 0.094 0.423 
 304 G _   0.339 0.009 0.003 0.021 0.080 0.094 0.091 0.364 
 305 M H   0.367 0.010 0.003 0.023 0.086 0.094 0.090 0.327 
 306 A H   0.386 0.010 0.003 0.022 0.087 0.092 0.089 0.310 
 307 L H   0.397 0.009 0.003 0.020 0.084 0.087 0.090 0.309 
 308 F H   0.399 0.008 0.003 0.016 0.078 0.082 0.091 0.324 
 309 F H   0.393 0.005 0.003 0.012 0.068 0.075 0.093 0.351 
 310 Y _   0.379 0.003 0.002 0.008 0.056 0.069 0.096 0.387 
 311 S _   0.361 0.001 0.002 0.005 0.043 0.063 0.100 0.425 
 312 H _   0.339 0.001 0.002 0.004 0.033 0.058 0.104 0.460 
 313 A _   0.317 0.000 0.001 0.003 0.026 0.054 0.109 0.489 
 314 C _   0.296 0.000 0.001 0.003 0.023 0.051 0.113 0.512 
 315 N _   0.276 0.001 0.001 0.005 0.022 0.049 0.119 0.528 
 316 R _   0.254 0.002 0.001 0.007 0.022 0.048 0.125 0.541 
 317 I _   0.232 0.004 0.002 0.012 0.024 0.047 0.131 0.549 
 318 C _   0.207 0.007 0.002 0.018 0.026 0.045 0.139 0.557 
 319 E _   0.180 0.009 0.002 0.025 0.026 0.042 0.148 0.567 
 320 S _   0.152 0.012 0.002 0.031 0.025 0.039 0.158 0.582 
 321 M _   0.124 0.013 0.002 0.033 0.022 0.035 0.169 0.603 
 322 G _   0.097 0.013 0.002 0.032 0.018 0.030 0.180 0.628 
 323 L _   0.074 0.012 0.001 0.028 0.014 0.025 0.192 0.654 
 324 A _   0.054 0.010 0.001 0.022 0.010 0.020 0.204 0.679 
 325 P _   0.038 0.008 0.001 0.016 0.007 0.016 0.214 0.701 
 326 F _   0.027 0.005 0.001 0.011 0.004 0.012 0.223 0.718 
 327 D _   0.018 0.004 0.000 0.007 0.003 0.009 0.230 0.728 
 328 L _   0.013 0.003 0.000 0.005 0.002 0.007 0.236 0.734 
 329 S _   0.009 0.002 0.000 0.004 0.002 0.006 0.241 0.736 
 330 P _   0.007 0.002 0.000 0.003 0.001 0.005 0.244 0.737 
 331 R _   0.006 0.002 0.000 0.003 0.001 0.005 0.247 0.735 
 332 E _   0.005 0.003 0.000 0.004 0.001 0.005 0.249 0.733 
 333 R _   0.005 0.004 0.000 0.004 0.001 0.005 0.250 0.730 
 334 D _   0.004 0.007 0.000 0.005 0.002 0.006 0.250 0.726 
 335 A _   0.004 0.010 0.000 0.006 0.002 0.007 0.250 0.720 
 336 V _   0.005 0.015 0.000 0.008 0.002 0.008 0.249 0.712 
 337 N _   0.005 0.023 0.000 0.009 0.003 0.009 0.248 0.702 
 338 Q _   0.005 0.032 0.000 0.011 0.004 0.010 0.247 0.690 
 339 N _   0.006 0.044 0.001 0.014 0.005 0.012 0.245 0.674 
 340 T _   0.006 0.058 0.001 0.016 0.006 0.013 0.243 0.656 
 341 K _   0.007 0.073 0.001 0.019 0.007 0.015 0.241 0.637 
 342 L _   0.007 0.089 0.001 0.023 0.008 0.016 0.240 0.616 
 343 L _   0.008 0.104 0.001 0.027 0.009 0.017 0.239 0.595 
 344 Q _   0.009 0.118 0.001 0.031 0.010 0.018 0.238 0.576 
 345 S _   0.009 0.129 0.001 0.034 0.011 0.019 0.238 0.559 
 346 A _   0.010 0.136 0.001 0.038 0.012 0.019 0.239 0.546 
 347 K _   0.010 0.141 0.001 0.040 0.012 0.019 0.240 0.537 
 348 T _   0.010 0.142 0.001 0.040 0.012 0.018 0.243 0.533 
 349 I _   0.011 0.140 0.001 0.039 0.011 0.017 0.247 0.534 
 350 L _   0.010 0.134 0.001 0.035 0.010 0.016 0.252 0.541 
 351 R _   0.010 0.125 0.001 0.030 0.009 0.014 0.258 0.553 
 352 G _   0.009 0.111 0.001 0.024 0.007 0.013 0.265 0.570 
 353 T _   0.009 0.095 0.001 0.018 0.006 0.011 0.272 0.588 
 354 E _   0.008 0.079 0.001 0.013 0.005 0.010 0.278 0.605 
 355 E _   0.007 0.067 0.000 0.010 0.004 0.009 0.284 0.618 
 356 K _   0.007 0.058 0.000 0.008 0.003 0.009 0.290 0.626 
 357 C _   0.006 0.054 0.000 0.007 0.003 0.008 0.294 0.628 
 358 G _   0.006 0.052 0.000 0.007 0.003 0.008 0.298 0.626 
 359 S _   0.006 0.051 0.000 0.008 0.003 0.008 0.301 0.622 
 360 P _   0.006 0.052 0.000 0.010 0.003 0.009 0.305 0.616 
 361 Q _   0.006 0.053 0.000 0.012 0.004 0.009 0.308 0.608 
 362 V _   0.006 0.054 0.001 0.014 0.004 0.009 0.311 0.601 
 363 R _   0.006 0.055 0.001 0.015 0.004 0.009 0.315 0.595 
 364 T _   0.006 0.055 0.001 0.016 0.004 0.009 0.319 0.591 
 365 L _   0.005 0.055 0.001 0.016 0.004 0.009 0.323 0.588 
 366 S _   0.005 0.053 0.000 0.015 0.004 0.008 0.328 0.586 
 367 G _   0.005 0.052 0.000 0.014 0.004 0.008 0.333 0.584 
 368 S _   0.005 0.050 0.000 0.014 0.004 0.008 0.338 0.582 
 369 R _   0.005 0.049 0.000 0.013 0.003 0.008 0.343 0.579 
 370 P _   0.005 0.047 0.000 0.013 0.003 0.007 0.349 0.575 
 371 P _   0.005 0.046 0.000 0.014 0.003 0.007 0.354 0.570 
 372 L _   0.005 0.045 0.000 0.014 0.003 0.007 0.360 0.566 
 373 L _   0.005 0.044 0.000 0.014 0.003 0.007 0.365 0.562 
 374 R _   0.004 0.042 0.000 0.013 0.003 0.006 0.371 0.560 
 375 P _   0.004 0.040 0.000 0.012 0.003 0.006 0.376 0.559 
 376 L _   0.004 0.037 0.000 0.010 0.002 0.005 0.382 0.560 
 377 S _   0.003 0.035 0.000 0.008 0.002 0.005 0.386 0.561 
 378 E _   0.003 0.033 0.000 0.006 0.001 0.004 0.390 0.563 
 379 N _   0.003 0.032 0.000 0.005 0.001 0.004 0.393 0.563 
 380 S _   0.002 0.032 0.000 0.004 0.001 0.004 0.395 0.561 
 381 G _   0.002 0.033 0.000 0.004 0.001 0.004 0.397 0.558 
 382 D _   0.003 0.036 0.000 0.006 0.001 0.005 0.398 0.552 
 383 E _   0.003 0.041 0.000 0.008 0.002 0.006 0.398 0.542 
 384 N _   0.003 0.051 0.000 0.012 0.003 0.007 0.397 0.527 
 385 M _   0.004 0.064 0.000 0.017 0.004 0.008 0.396 0.507 
 386 S _   0.004 0.079 0.001 0.023 0.005 0.009 0.395 0.485 
 387 D _   0.004 0.092 0.001 0.029 0.005 0.010 0.394 0.464 
 388 V _   0.004 0.102 0.001 0.034 0.006 0.010 0.395 0.448 
 389 T _   0.004 0.108 0.001 0.037 0.006 0.010 0.397 0.438 
 390 F _   0.004 0.110 0.001 0.037 0.006 0.010 0.400 0.432 
 391 D _   0.004 0.109 0.001 0.035 0.006 0.010 0.405 0.431 
 392 S _   0.004 0.106 0.001 0.031 0.005 0.009 0.412 0.433 
 393 L _   0.004 0.100 0.001 0.026 0.005 0.008 0.420 0.437 
 394 P _   0.004 0.092 0.001 0.021 0.004 0.008 0.429 0.442 
 395 S _   0.003 0.083 0.000 0.016 0.003 0.007 0.439 0.448 
 396 S _   0.003 0.075 0.000 0.012 0.003 0.006 0.448 0.453 
 397 P X   0.003 0.068 0.000 0.009 0.002 0.006 0.457 0.455 
 398 S X   0.003 0.063 0.000 0.007 0.002 0.005 0.464 0.456 
 399 S X   0.003 0.060 0.000 0.005 0.001 0.005 0.470 0.455 
 400 A X   0.003 0.059 0.000 0.005 0.001 0.005 0.475 0.452 
 401 T X   0.003 0.059 0.000 0.005 0.001 0.006 0.478 0.448 
 402 P X   0.003 0.062 0.000 0.005 0.002 0.006 0.481 0.441 
 403 H X   0.003 0.066 0.000 0.007 0.002 0.007 0.483 0.431 
 404 S X   0.004 0.074 0.000 0.009 0.003 0.009 0.484 0.417 
 405 Q X   0.004 0.087 0.000 0.013 0.004 0.010 0.485 0.397 
 406 K X   0.005 0.104 0.001 0.018 0.005 0.012 0.485 0.370 
 407 L X   0.005 0.124 0.001 0.024 0.007 0.013 0.486 0.340 
 408 D X   0.005 0.144 0.001 0.031 0.008 0.014 0.487 0.310 
 409 H X   0.005 0.160 0.001 0.037 0.009 0.014 0.490 0.284 
 410 L X   0.005 0.170 0.001 0.043 0.010 0.014 0.494 0.262 
 411 H X   0.005 0.176 0.001 0.047 0.010 0.014 0.500 0.247 
 412 W X   0.005 0.178 0.001 0.048 0.011 0.014 0.508 0.235 
 413 P X   0.005 0.176 0.001 0.048 0.010 0.013 0.519 0.228 
 414 V X   0.005 0.170 0.001 0.045 0.010 0.013 0.533 0.224 
 415 F X   0.005 0.158 0.001 0.041 0.009 0.012 0.551 0.224 
 416 S X   0.005 0.141 0.001 0.035 0.008 0.011 0.573 0.226 
 417 D X   0.005 0.119 0.001 0.030 0.007 0.010 0.599 0.229 
 418 L X   0.005 0.094 0.001 0.024 0.006 0.009 0.628 0.232 
 419 D X   0.004 0.071 0.001 0.019 0.005 0.008 0.658 0.234 
 420 N X   0.004 0.051 0.001 0.015 0.004 0.007 0.685 0.233 
 421 M X   0.004 0.036 0.000 0.011 0.003 0.006 0.710 0.229 
 422 A X   0.003 0.026 0.000 0.009 0.002 0.005 0.730 0.223 
 423 S X   0.003 0.019 0.000 0.007 0.002 0.005 0.748 0.217 
 424 R X   0.002 0.014 0.000 0.006 0.001 0.004 0.763 0.209 
 425 D X   0.002 0.011 0.000 0.005 0.001 0.004 0.775 0.202 
 426 H X   0.002 0.008 0.000 0.005 0.001 0.003 0.785 0.195 
 427 D X   0.002 0.007 0.000 0.004 0.001 0.003 0.794 0.189 
 428 H X   0.001 0.006 0.000 0.004 0.001 0.003 0.802 0.183 
 429 L X   0.001 0.005 0.000 0.004 0.001 0.003 0.809 0.177 
 430 D X   0.001 0.004 0.000 0.004 0.001 0.002 0.815 0.172 
 431 N X   0.001 0.003 0.000 0.004 0.001 0.002 0.821 0.167 
 432 H X   0.001 0.003 0.000 0.004 0.001 0.002 0.826 0.163 
 433 R X   0.001 0.002 0.000 0.003 0.001 0.002 0.830 0.160 
 434 E X   0.001 0.002 0.000 0.003 0.001 0.002 0.835 0.156 
 435 S X   0.001 0.002 0.000 0.003 0.001 0.002 0.838 0.153 
 436 E X   0.001 0.002 0.000 0.003 0.001 0.002 0.841 0.151 
 437 N X   0.001 0.001 0.000 0.003 0.001 0.002 0.844 0.149 
 438 S X   0.001 0.001 0.000 0.003 0.001 0.002 0.846 0.147 
 439 G X   0.001 0.001 0.000 0.003 0.001 0.002 0.847 0.145 
 440 D X   0.001 0.001 0.000 0.003 0.001 0.002 0.849 0.143 
 441 S X   0.001 0.001 0.000 0.003 0.001 0.002 0.850 0.142 
 442 G X   0.001 0.001 0.000 0.003 0.001 0.002 0.851 0.141 
 443 Y X   0.001 0.001 0.000 0.004 0.001 0.002 0.851 0.140 
 444 P X   0.001 0.001 0.000 0.004 0.001 0.002 0.852 0.139 
 445 S X   0.001 0.001 0.000 0.004 0.001 0.002 0.852 0.139 
 446 E X   0.001 0.001 0.000 0.004 0.001 0.002 0.852 0.139 
 447 K X   0.001 0.001 0.000 0.003 0.001 0.002 0.852 0.140 
 448 R X   0.001 0.001 0.000 0.003 0.001 0.002 0.851 0.141 
 449 G X   0.001 0.001 0.000 0.003 0.001 0.002 0.850 0.143 
 450 E X   0.001 0.001 0.000 0.002 0.001 0.002 0.849 0.145 
 451 L X   0.001 0.001 0.000 0.002 0.000 0.002 0.847 0.147 
 452 D X   0.001 0.001 0.000 0.002 0.000 0.002 0.844 0.150 
 453 D X   0.001 0.001 0.000 0.002 0.001 0.002 0.841 0.153 
 454 P X   0.001 0.001 0.000 0.002 0.001 0.002 0.837 0.157 
 455 E X   0.001 0.001 0.000 0.003 0.001 0.002 0.832 0.161 
 456 P X   0.001 0.001 0.000 0.004 0.001 0.002 0.826 0.165 
 457 R X   0.001 0.002 0.000 0.005 0.001 0.003 0.819 0.170 
 458 E X   0.001 0.002 0.000 0.006 0.001 0.003 0.811 0.175 
 459 H X   0.001 0.003 0.000 0.007 0.001 0.003 0.803 0.181 
 460 G X   0.001 0.003 0.000 0.008 0.001 0.004 0.795 0.188 
 461 H X   0.001 0.004 0.000 0.008 0.001 0.004 0.786 0.195 
 462 S X   0.001 0.004 0.000 0.008 0.002 0.004 0.777 0.203 
 463 Y X   0.001 0.005 0.000 0.008 0.001 0.004 0.769 0.212 
 464 S X   0.001 0.005 0.000 0.007 0.001 0.004 0.760 0.221 
 465 N X   0.001 0.005 0.000 0.007 0.001 0.003 0.751 0.231 
 466 R X   0.001 0.005 0.000 0.006 0.001 0.003 0.742 0.241 
 467 K X   0.001 0.006 0.000 0.005 0.001 0.003 0.732 0.251 
 468 Y X   0.001 0.006 0.000 0.005 0.001 0.003 0.721 0.262 
 469 E X   0.002 0.007 0.000 0.005 0.001 0.004 0.708 0.272 
 470 S X   0.002 0.009 0.000 0.005 0.001 0.004 0.694 0.284 
 471 D X   0.002 0.011 0.000 0.006 0.002 0.005 0.678 0.295 
 472 E X   0.002 0.015 0.000 0.008 0.002 0.006 0.660 0.306 
 473 D X   0.003 0.022 0.000 0.010 0.003 0.008 0.639 0.316 
 474 S X   0.003 0.032 0.001 0.013 0.004 0.010 0.614 0.324 
 475 L X   0.004 0.046 0.001 0.018 0.005 0.012 0.587 0.328 
 476 G X   0.004 0.064 0.001 0.024 0.007 0.014 0.557 0.328 
 477 S X   0.005 0.087 0.001 0.031 0.009 0.017 0.526 0.325 
 478 S X   0.005 0.109 0.001 0.039 0.011 0.018 0.498 0.319 
 479 G X   0.005 0.129 0.001 0.046 0.013 0.020 0.473 0.314 
 480 R X   0.006 0.144 0.001 0.052 0.014 0.020 0.452 0.311 
 481 V X   0.006 0.154 0.001 0.056 0.014 0.021 0.436 0.312 
 482 C X   0.007 0.158 0.001 0.058 0.014 0.020 0.423 0.318 
 483 V X   0.007 0.159 0.001 0.056 0.014 0.020 0.414 0.329 
 484 E X   0.007 0.155 0.001 0.052 0.013 0.019 0.407 0.346 
 485 K X   0.008 0.146 0.001 0.046 0.011 0.017 0.402 0.369 
 486 W _   0.008 0.130 0.001 0.037 0.010 0.016 0.398 0.400 
 487 N _   0.008 0.108 0.001 0.029 0.008 0.014 0.395 0.436 
 488 L _   0.008 0.083 0.001 0.021 0.007 0.013 0.393 0.475 
 489 L _   0.007 0.057 0.001 0.015 0.005 0.012 0.391 0.512 
 490 N _   0.007 0.037 0.001 0.010 0.004 0.011 0.389 0.542 
 491 S _   0.007 0.024 0.000 0.006 0.003 0.011 0.386 0.563 
 492 S _   0.007 0.017 0.000 0.004 0.002 0.011 0.382 0.577 
 493 R _   0.008 0.013 0.000 0.003 0.002 0.011 0.378 0.584 
 494 L _   0.009 0.012 0.000 0.003 0.002 0.013 0.372 0.587 
 495 H _   0.012 0.013 0.000 0.004 0.004 0.016 0.365 0.586 
 496 L _   0.016 0.015 0.001 0.005 0.006 0.021 0.358 0.578 
 497 P _   0.022 0.021 0.001 0.009 0.009 0.026 0.349 0.564 
 498 R _   0.028 0.033 0.001 0.014 0.015 0.031 0.339 0.540 
 499 A _   0.033 0.049 0.002 0.022 0.021 0.036 0.328 0.509 
 500 S _   0.038 0.068 0.002 0.031 0.026 0.039 0.318 0.479 
 501 A _   0.040 0.083 0.002 0.039 0.029 0.040 0.310 0.456 
 502 V _   0.042 0.094 0.002 0.046 0.030 0.040 0.304 0.442 
 503 A _   0.042 0.099 0.002 0.050 0.029 0.038 0.300 0.439 
 504 L _   0.041 0.100 0.002 0.050 0.027 0.036 0.297 0.447 
 505 E _   0.038 0.096 0.002 0.046 0.024 0.032 0.296 0.466 
 506 V _   0.035 0.088 0.002 0.039 0.020 0.028 0.296 0.494 
 507 Q _   0.030 0.073 0.001 0.031 0.015 0.024 0.296 0.530 
 508 R _   0.026 0.054 0.001 0.022 0.011 0.020 0.297 0.570 
 509 L _   0.021 0.035 0.001 0.015 0.007 0.016 0.297 0.608 
 510 N _   0.017 0.020 0.001 0.009 0.005 0.013 0.298 0.638 
 511 A _   0.014 0.011 0.000 0.006 0.003 0.011 0.297 0.659 
 512 L _   0.011 0.006 0.000 0.004 0.002 0.009 0.296 0.672 
 513 D _   0.009 0.003 0.000 0.003 0.002 0.008 0.294 0.681 
 514 L _   0.008 0.002 0.000 0.003 0.002 0.008 0.291 0.686 
 515 E _   0.008 0.002 0.000 0.003 0.002 0.008 0.287 0.689 
 516 K _   0.008 0.002 0.000 0.003 0.002 0.010 0.283 0.691 
 517 K _   0.010 0.003 0.000 0.004 0.003 0.012 0.278 0.690 
 518 I _   0.012 0.006 0.000 0.005 0.004 0.015 0.272 0.686 
 519 G _   0.015 0.010 0.001 0.007 0.006 0.019 0.266 0.677 
 520 K _   0.019 0.018 0.001 0.010 0.008 0.024 0.258 0.662 
 521 S _   0.023 0.030 0.001 0.014 0.012 0.029 0.249 0.642 
 522 I _   0.027 0.048 0.001 0.019 0.017 0.034 0.240 0.615 
 523 L _   0.031 0.068 0.002 0.024 0.021 0.038 0.231 0.585 
 524 G _   0.034 0.089 0.002 0.029 0.025 0.041 0.223 0.556 
 525 K _   0.037 0.109 0.002 0.035 0.028 0.042 0.216 0.531 
 526 V _   0.039 0.125 0.002 0.040 0.030 0.042 0.210 0.511 
 527 H _   0.040 0.137 0.002 0.044 0.030 0.041 0.206 0.499 
 528 L _   0.041 0.143 0.002 0.047 0.030 0.040 0.203 0.495 
 529 A _   0.039 0.145 0.002 0.048 0.027 0.037 0.201 0.500 
 530 M _   0.037 0.143 0.002 0.046 0.024 0.034 0.201 0.514 
 531 V _   0.034 0.136 0.002 0.042 0.021 0.030 0.201 0.535 
 532 R _   0.031 0.125 0.001 0.037 0.017 0.026 0.202 0.562 
 533 Y _   0.027 0.109 0.001 0.031 0.013 0.022 0.203 0.594 
 534 H _   0.023 0.089 0.001 0.025 0.010 0.019 0.204 0.629 
 535 E _   0.019 0.068 0.001 0.020 0.008 0.016 0.206 0.662 
 536 G _   0.016 0.049 0.001 0.015 0.006 0.013 0.208 0.693 
 537 G _   0.013 0.033 0.001 0.011 0.004 0.011 0.209 0.718 
 538 R _   0.011 0.021 0.000 0.009 0.003 0.009 0.209 0.738 
 539 F _   0.009 0.013 0.000 0.006 0.002 0.008 0.209 0.753 
 540 C _   0.007 0.008 0.000 0.005 0.002 0.007 0.207 0.764 
 541 E _   0.006 0.005 0.000 0.004 0.002 0.006 0.205 0.772 
 542 K _   0.005 0.003 0.000 0.003 0.001 0.006 0.202 0.779 
 543 G _   0.005 0.003 0.000 0.003 0.001 0.006 0.199 0.783 
 544 E _   0.005 0.002 0.000 0.003 0.002 0.007 0.194 0.787 
 545 E _   0.005 0.003 0.000 0.004 0.002 0.009 0.189 0.788 
 546 W _   0.007 0.003 0.000 0.006 0.003 0.012 0.182 0.787 
 547 D _   0.009 0.005 0.000 0.009 0.004 0.016 0.174 0.781 
 548 Q _   0.012 0.009 0.001 0.014 0.007 0.022 0.166 0.770 
 549 E _   0.015 0.013 0.001 0.021 0.011 0.027 0.156 0.755 
 550 S _   0.020 0.018 0.001 0.030 0.015 0.033 0.145 0.736 
 551 A _   0.025 0.022 0.001 0.038 0.019 0.038 0.136 0.719 
 552 V _   0.032 0.025 0.002 0.044 0.023 0.042 0.127 0.707 
 553 F _   0.039 0.025 0.002 0.045 0.024 0.044 0.119 0.702 
 554 H _   0.049 0.023 0.002 0.041 0.025 0.046 0.112 0.702 
 555 L _   0.061 0.019 0.002 0.034 0.024 0.046 0.106 0.707 
 556 E _   0.077 0.014 0.002 0.025 0.022 0.046 0.101 0.715 
 557 H _   0.097 0.008 0.001 0.015 0.019 0.045 0.096 0.719 
 558 A _   0.120 0.003 0.001 0.009 0.016 0.044 0.091 0.717 
 559 A _   0.148 0.001 0.001 0.005 0.014 0.043 0.086 0.703 
 560 N _   0.182 0.000 0.001 0.003 0.013 0.043 0.081 0.676 
 561 L _   0.221 0.000 0.001 0.002 0.014 0.044 0.077 0.639 
 562 G _   0.267 0.000 0.001 0.002 0.017 0.046 0.074 0.593 
 563 E _   0.314 0.000 0.001 0.003 0.021 0.048 0.070 0.543 
 564 L _   0.356 0.000 0.001 0.003 0.026 0.049 0.068 0.496 
 565 E _   0.391 0.000 0.002 0.005 0.031 0.050 0.066 0.455 
 566 A _   0.416 0.001 0.002 0.006 0.036 0.050 0.065 0.424 
 567 I H   0.432 0.001 0.002 0.007 0.038 0.049 0.065 0.406 
 568 V H   0.437 0.001 0.002 0.008 0.039 0.048 0.065 0.399 
 569 G H   0.431 0.001 0.002 0.009 0.038 0.045 0.067 0.407 
 570 L _   0.415 0.001 0.002 0.009 0.036 0.043 0.068 0.426 
 571 G _   0.389 0.001 0.002 0.008 0.032 0.040 0.071 0.458 
 572 L _   0.353 0.001 0.002 0.007 0.027 0.036 0.073 0.500 
 573 M _   0.311 0.001 0.002 0.006 0.022 0.033 0.077 0.549 
 574 Y _   0.265 0.001 0.001 0.006 0.017 0.030 0.080 0.600 
 575 S _   0.219 0.000 0.001 0.005 0.013 0.027 0.084 0.650 
 576 Q _   0.178 0.000 0.001 0.005 0.011 0.025 0.088 0.693 
 577 L _   0.142 0.001 0.001 0.005 0.009 0.023 0.092 0.728 
 578 P _   0.113 0.001 0.001 0.006 0.008 0.022 0.095 0.754 
 579 H _   0.089 0.002 0.001 0.008 0.008 0.021 0.098 0.772 
 580 H _   0.071 0.003 0.001 0.011 0.008 0.020 0.101 0.784 
 581 I _   0.056 0.005 0.001 0.015 0.008 0.020 0.104 0.791 
 582 L _   0.045 0.006 0.001 0.018 0.008 0.018 0.108 0.796 
 583 A _   0.036 0.008 0.001 0.020 0.008 0.017 0.111 0.800 
 584 D _   0.028 0.008 0.001 0.020 0.007 0.016 0.114 0.805 
 585 V _   0.023 0.008 0.001 0.019 0.006 0.014 0.117 0.812 
 586 S _   0.018 0.008 0.001 0.016 0.005 0.012 0.120 0.821 
 587 L _   0.014 0.007 0.000 0.013 0.004 0.010 0.123 0.829 
 588 K _   0.011 0.006 0.000 0.010 0.003 0.008 0.125 0.837 
 589 E _   0.009 0.005 0.000 0.007 0.002 0.007 0.127 0.843 
 590 T _   0.007 0.004 0.000 0.005 0.002 0.006 0.128 0.848 
 591 E _   0.006 0.004 0.000 0.004 0.001 0.005 0.129 0.851 
 592 E _   0.005 0.004 0.000 0.003 0.001 0.005 0.129 0.852 
 593 N _   0.005 0.006 0.000 0.003 0.001 0.005 0.128 0.851 
 594 K _   0.005 0.008 0.000 0.004 0.002 0.006 0.127 0.847 
 595 T _   0.006 0.015 0.000 0.006 0.002 0.008 0.125 0.838 
 596 K _   0.006 0.028 0.000 0.010 0.004 0.010 0.122 0.820 
 597 G _   0.007 0.051 0.001 0.016 0.005 0.012 0.118 0.790 
 598 F _   0.007 0.082 0.001 0.023 0.007 0.014 0.113 0.752 
 599 D _   0.007 0.115 0.001 0.030 0.008 0.015 0.109 0.714 
 600 Y _   0.007 0.142 0.001 0.035 0.009 0.015 0.106 0.685 
 601 L _   0.007 0.159 0.001 0.038 0.009 0.016 0.103 0.667 
 602 L _   0.007 0.170 0.001 0.037 0.009 0.015 0.101 0.660 
 603 K _   0.006 0.175 0.001 0.034 0.008 0.015 0.100 0.661 
 604 A _   0.006 0.176 0.001 0.028 0.007 0.014 0.100 0.668 
 605 A _   0.006 0.174 0.001 0.022 0.006 0.014 0.100 0.678 
 606 E _   0.006 0.171 0.001 0.016 0.005 0.013 0.100 0.688 
 607 A _   0.007 0.168 0.000 0.012 0.004 0.014 0.100 0.694 
 608 G _   0.008 0.167 0.000 0.010 0.004 0.015 0.100 0.696 
 609 D _   0.009 0.169 0.001 0.010 0.005 0.016 0.100 0.690 
 610 R _   0.011 0.177 0.001 0.012 0.006 0.019 0.099 0.676 
 611 Q _   0.013 0.191 0.001 0.017 0.009 0.021 0.098 0.649 
 612 S _   0.015 0.215 0.001 0.024 0.012 0.023 0.097 0.612 
 613 M _   0.016 0.243 0.001 0.035 0.015 0.025 0.096 0.570 
 614 I _   0.016 0.268 0.001 0.045 0.016 0.025 0.096 0.534 
 615 L _   0.016 0.283 0.001 0.053 0.017 0.024 0.096 0.510 
 616 V _   0.015 0.289 0.001 0.057 0.017 0.023 0.097 0.500 
 617 A _   0.015 0.288 0.001 0.057 0.016 0.022 0.099 0.502 
 618 R _   0.014 0.279 0.001 0.054 0.014 0.020 0.102 0.516 
 619 A _   0.013 0.259 0.001 0.047 0.013 0.018 0.107 0.542 
 620 F _   0.012 0.226 0.001 0.039 0.011 0.016 0.112 0.582 
 621 D _   0.012 0.180 0.001 0.031 0.009 0.014 0.119 0.634 
 622 S _   0.011 0.130 0.001 0.022 0.007 0.013 0.126 0.689 
 623 G _   0.011 0.087 0.001 0.015 0.005 0.011 0.133 0.736 
 624 Q _   0.009 0.057 0.001 0.010 0.004 0.010 0.139 0.771 
 625 N _   0.008 0.040 0.000 0.006 0.002 0.008 0.142 0.792 
 626 L _   0.007 0.031 0.000 0.004 0.002 0.008 0.145 0.803 
 627 S _   0.006 0.028 0.000 0.003 0.001 0.008 0.146 0.807 
 628 P _   0.006 0.027 0.000 0.003 0.002 0.010 0.146 0.806 
 629 D _   0.008 0.029 0.000 0.004 0.002 0.012 0.146 0.799 
 630 R _   0.010 0.037 0.000 0.006 0.004 0.017 0.144 0.781 
 631 C _   0.014 0.057 0.001 0.011 0.008 0.022 0.142 0.746 
 632 Q _   0.017 0.100 0.001 0.018 0.013 0.029 0.137 0.684 
 633 D _   0.020 0.172 0.002 0.027 0.019 0.033 0.132 0.594 
 634 W _   0.020 0.267 0.003 0.036 0.024 0.035 0.126 0.489 
 635 L _   0.019 0.360 0.002 0.043 0.026 0.035 0.121 0.395 
 636 E E   0.017 0.431 0.002 0.047 0.026 0.033 0.117 0.327 
 637 A E   0.016 0.476 0.002 0.049 0.025 0.031 0.115 0.285 
 638 L E   0.015 0.503 0.002 0.051 0.024 0.029 0.115 0.262 
 639 H E   0.015 0.516 0.001 0.052 0.023 0.027 0.115 0.251 
 640 W E   0.015 0.521 0.001 0.052 0.021 0.025 0.117 0.248 
 641 Y E   0.014 0.519 0.001 0.051 0.020 0.024 0.120 0.252 
 642 N E   0.014 0.509 0.001 0.049 0.018 0.022 0.124 0.262 
 643 T E   0.015 0.490 0.002 0.047 0.017 0.020 0.129 0.281 
 644 A E   0.015 0.458 0.002 0.044 0.016 0.019 0.137 0.310 
 645 L E   0.016 0.411 0.002 0.040 0.014 0.018 0.147 0.353 
 646 E _   0.016 0.349 0.002 0.035 0.013 0.017 0.160 0.409 
 647 M _   0.016 0.277 0.002 0.030 0.011 0.016 0.174 0.474 
 648 T _   0.016 0.207 0.001 0.025 0.009 0.014 0.189 0.540 
 649 D _   0.014 0.147 0.001 0.019 0.007 0.013 0.203 0.596 
 650 C _   0.012 0.104 0.001 0.015 0.005 0.011 0.214 0.639 
 651 D _   0.010 0.074 0.001 0.011 0.003 0.009 0.222 0.669 
 652 E _   0.009 0.055 0.000 0.008 0.003 0.008 0.228 0.688 
 653 G _   0.007 0.044 0.000 0.007 0.002 0.007 0.232 0.701 
 654 G _   0.006 0.037 0.000 0.005 0.002 0.006 0.235 0.709 
 655 E _   0.005 0.033 0.000 0.005 0.001 0.006 0.236 0.714 
 656 Y _   0.004 0.031 0.000 0.004 0.001 0.006 0.236 0.717 
 657 D _   0.004 0.031 0.000 0.004 0.001 0.006 0.236 0.718 
 658 G _   0.004 0.032 0.000 0.004 0.001 0.007 0.234 0.718 
 659 M _   0.004 0.036 0.000 0.005 0.002 0.008 0.231 0.714 
 660 Q _   0.005 0.043 0.000 0.007 0.003 0.010 0.226 0.705 
 661 D _   0.006 0.059 0.001 0.010 0.004 0.014 0.220 0.687 
 662 E _   0.008 0.088 0.001 0.015 0.007 0.018 0.212 0.652 
 663 P _   0.010 0.138 0.001 0.021 0.011 0.022 0.201 0.596 
