#TopoPred_TM8: 8-state transmembrane topology prediction results by no_profile mode 
#probabilities are in the order of H E C I L F X _, the 8 transmembrane topology types used in PDBTM 
   1 M X   0.018 0.001 0.002 0.057 0.011 0.013 0.635 0.263 
   2 S X   0.007 0.000 0.000 0.036 0.002 0.008 0.651 0.295 
   3 A X   0.003 0.000 0.000 0.022 0.001 0.006 0.653 0.314 
   4 E X   0.003 0.000 0.000 0.016 0.001 0.007 0.648 0.324 
   5 V X   0.004 0.000 0.000 0.015 0.002 0.010 0.637 0.332 
   6 R X   0.006 0.001 0.000 0.014 0.003 0.013 0.623 0.341 
   7 L X   0.008 0.001 0.000 0.015 0.004 0.015 0.607 0.350 
   8 R X   0.010 0.001 0.001 0.016 0.005 0.017 0.589 0.362 
   9 R X   0.011 0.002 0.001 0.017 0.005 0.018 0.571 0.375 
  10 L X   0.011 0.002 0.001 0.018 0.006 0.018 0.552 0.391 
  11 Q X   0.011 0.002 0.001 0.017 0.007 0.019 0.533 0.409 
  12 Q X   0.012 0.002 0.001 0.016 0.007 0.019 0.516 0.428 
  13 L X   0.013 0.002 0.001 0.013 0.007 0.019 0.501 0.445 
  14 V X   0.015 0.002 0.001 0.011 0.007 0.019 0.486 0.460 
  15 L _   0.017 0.001 0.001 0.009 0.006 0.019 0.472 0.474 
  16 D _   0.020 0.001 0.001 0.007 0.006 0.020 0.459 0.485 
  17 P _   0.025 0.001 0.001 0.006 0.006 0.022 0.446 0.494 
  18 G _   0.030 0.001 0.001 0.006 0.007 0.023 0.432 0.500 
  19 F _   0.038 0.000 0.001 0.006 0.007 0.026 0.419 0.503 
  20 L _   0.046 0.000 0.001 0.005 0.008 0.028 0.406 0.505 
  21 G _   0.056 0.000 0.001 0.005 0.010 0.031 0.392 0.504 
  22 L _   0.067 0.000 0.001 0.005 0.011 0.035 0.379 0.501 
  23 E _   0.079 0.000 0.001 0.005 0.013 0.038 0.367 0.497 
  24 P _   0.091 0.001 0.001 0.005 0.016 0.041 0.354 0.491 
  25 L _   0.104 0.001 0.001 0.006 0.019 0.044 0.343 0.483 
  26 L _   0.115 0.002 0.001 0.007 0.022 0.046 0.333 0.475 
  27 D _   0.124 0.003 0.001 0.009 0.025 0.048 0.323 0.467 
  28 L _   0.131 0.004 0.002 0.011 0.028 0.048 0.315 0.462 
  29 L _   0.133 0.005 0.002 0.014 0.029 0.048 0.308 0.462 
  30 L _   0.131 0.007 0.002 0.016 0.030 0.046 0.302 0.467 
  31 G _   0.125 0.008 0.002 0.018 0.029 0.043 0.296 0.478 
  32 V _   0.117 0.008 0.002 0.019 0.026 0.040 0.292 0.495 
  33 H _   0.105 0.008 0.002 0.019 0.023 0.036 0.289 0.519 
  34 Q _   0.091 0.007 0.001 0.017 0.019 0.032 0.286 0.547 
  35 E _   0.077 0.006 0.001 0.014 0.014 0.027 0.283 0.577 
  36 L _   0.063 0.004 0.001 0.012 0.011 0.023 0.281 0.606 
  37 G _   0.050 0.003 0.001 0.009 0.008 0.019 0.278 0.632 
  38 A _   0.039 0.002 0.001 0.007 0.006 0.016 0.276 0.654 
  39 S _   0.030 0.001 0.000 0.006 0.004 0.014 0.273 0.672 
  40 E _   0.023 0.001 0.000 0.005 0.003 0.012 0.270 0.686 
  41 L _   0.019 0.001 0.000 0.004 0.003 0.010 0.266 0.697 
  42 A _   0.015 0.001 0.000 0.003 0.002 0.010 0.263 0.706 
  43 Q _   0.013 0.000 0.000 0.003 0.002 0.009 0.259 0.713 
  44 D _   0.012 0.001 0.000 0.003 0.003 0.010 0.254 0.717 
  45 K _   0.012 0.001 0.000 0.004 0.003 0.011 0.249 0.721 
  46 Y _   0.013 0.001 0.000 0.005 0.004 0.012 0.243 0.722 
  47 V _   0.015 0.002 0.001 0.006 0.005 0.014 0.237 0.720 
  48 A _   0.017 0.004 0.001 0.008 0.006 0.017 0.231 0.716 
  49 D _   0.019 0.006 0.001 0.011 0.008 0.019 0.224 0.711 
  50 F _   0.022 0.009 0.001 0.015 0.010 0.021 0.218 0.704 
  51 L _   0.024 0.012 0.001 0.018 0.012 0.023 0.212 0.698 
  52 Q _   0.025 0.014 0.001 0.021 0.013 0.024 0.206 0.696 
  53 W _   0.026 0.016 0.001 0.022 0.014 0.024 0.201 0.697 
  54 A _   0.026 0.017 0.001 0.022 0.013 0.024 0.196 0.701 
  55 E _   0.025 0.017 0.001 0.021 0.013 0.023 0.192 0.708 
  56 P _   0.024 0.016 0.001 0.020 0.011 0.022 0.189 0.717 
  57 I _   0.023 0.016 0.001 0.018 0.010 0.020 0.185 0.726 
  58 V _   0.022 0.015 0.001 0.017 0.009 0.019 0.183 0.735 
  59 V _   0.021 0.013 0.001 0.016 0.008 0.018 0.180 0.743 
  60 R _   0.019 0.012 0.001 0.014 0.007 0.016 0.177 0.752 
  61 L _   0.018 0.010 0.001 0.013 0.006 0.015 0.175 0.762 
  62 K _   0.016 0.008 0.001 0.012 0.006 0.014 0.173 0.772 
  63 E _   0.014 0.007 0.001 0.010 0.005 0.012 0.171 0.782 
  64 V _   0.012 0.005 0.000 0.008 0.004 0.011 0.168 0.792 
  65 R _   0.011 0.004 0.000 0.006 0.003 0.010 0.165 0.801 
  66 L _   0.009 0.003 0.000 0.005 0.003 0.009 0.162 0.809 
  67 Q _   0.009 0.002 0.000 0.004 0.003 0.009 0.158 0.815 
  68 R _   0.009 0.002 0.000 0.004 0.003 0.010 0.155 0.819 
  69 D _   0.009 0.002 0.000 0.004 0.003 0.011 0.151 0.820 
  70 D _   0.011 0.002 0.000 0.005 0.003 0.013 0.146 0.820 
  71 F _   0.013 0.004 0.001 0.006 0.005 0.015 0.141 0.816 
  72 E _   0.016 0.006 0.001 0.008 0.006 0.018 0.136 0.809 
  73 I _   0.019 0.009 0.001 0.010 0.008 0.022 0.131 0.799 
  74 L _   0.023 0.014 0.001 0.014 0.011 0.025 0.125 0.787 
  75 K _   0.027 0.019 0.001 0.017 0.013 0.029 0.119 0.775 
  76 V _   0.030 0.024 0.001 0.020 0.016 0.032 0.114 0.764 
  77 I _   0.033 0.029 0.001 0.022 0.018 0.034 0.109 0.755 
  78 G _   0.036 0.033 0.001 0.023 0.019 0.035 0.104 0.748 
  79 R _   0.039 0.035 0.001 0.023 0.020 0.036 0.100 0.745 
  80 G _   0.040 0.037 0.001 0.023 0.021 0.037 0.096 0.745 
  81 A _   0.041 0.038 0.001 0.022 0.020 0.036 0.094 0.747 
  82 F _   0.040 0.039 0.001 0.022 0.019 0.035 0.091 0.752 
  83 S _   0.038 0.039 0.001 0.021 0.018 0.034 0.089 0.760 
  84 E _   0.036 0.038 0.001 0.020 0.016 0.032 0.087 0.770 
  85 V _   0.033 0.037 0.001 0.019 0.014 0.029 0.085 0.780 
  86 A _   0.031 0.036 0.001 0.018 0.012 0.027 0.084 0.791 
  87 V _   0.028 0.034 0.001 0.016 0.011 0.025 0.082 0.803 
  88 V _   0.026 0.032 0.001 0.014 0.009 0.022 0.081 0.815 
  89 K _   0.023 0.030 0.001 0.012 0.008 0.021 0.079 0.827 
  90 M _   0.020 0.028 0.001 0.010 0.007 0.019 0.078 0.836 
  91 K _   0.019 0.027 0.001 0.009 0.006 0.018 0.077 0.843 
  92 Q _   0.017 0.027 0.001 0.009 0.006 0.017 0.075 0.848 
  93 T _   0.016 0.027 0.001 0.010 0.006 0.017 0.074 0.850 
  94 G _   0.015 0.028 0.001 0.011 0.006 0.017 0.072 0.850 
  95 Q _   0.015 0.030 0.001 0.013 0.007 0.017 0.071 0.847 
  96 V _   0.015 0.033 0.001 0.015 0.008 0.017 0.069 0.842 
  97 Y _   0.015 0.035 0.001 0.017 0.008 0.017 0.068 0.838 
  98 A _   0.015 0.037 0.001 0.019 0.008 0.017 0.067 0.835 
  99 M _   0.014 0.038 0.001 0.020 0.008 0.016 0.066 0.835 
 100 K _   0.014 0.038 0.001 0.020 0.008 0.016 0.066 0.838 
 101 I _   0.013 0.037 0.001 0.018 0.007 0.015 0.065 0.844 
 102 M _   0.012 0.035 0.001 0.016 0.006 0.014 0.065 0.851 
 103 N _   0.012 0.033 0.001 0.013 0.006 0.013 0.065 0.858 
 104 K _   0.011 0.030 0.001 0.011 0.005 0.012 0.064 0.865 
 105 W _   0.011 0.028 0.001 0.010 0.005 0.012 0.064 0.870 
 106 D _   0.011 0.027 0.001 0.009 0.004 0.012 0.064 0.873 
 107 M _   0.011 0.026 0.001 0.009 0.004 0.012 0.064 0.873 
 108 L _   0.011 0.026 0.001 0.010 0.005 0.012 0.063 0.873 
 109 K _   0.011 0.027 0.001 0.011 0.005 0.013 0.063 0.870 
 110 R _   0.011 0.028 0.001 0.013 0.005 0.013 0.063 0.867 
 111 G _   0.011 0.029 0.001 0.014 0.006 0.013 0.062 0.863 
 112 E _   0.012 0.030 0.001 0.016 0.006 0.013 0.061 0.860 
 113 V _   0.011 0.031 0.001 0.018 0.007 0.013 0.061 0.858 
 114 S _   0.011 0.031 0.001 0.019 0.007 0.013 0.061 0.858 
 115 C _   0.011 0.030 0.001 0.019 0.007 0.013 0.061 0.860 
 116 F _   0.010 0.028 0.001 0.018 0.006 0.012 0.061 0.864 
 117 R _   0.010 0.026 0.001 0.016 0.006 0.011 0.061 0.870 
 118 E _   0.009 0.023 0.001 0.014 0.005 0.010 0.061 0.877 
 119 E _   0.008 0.019 0.001 0.012 0.004 0.010 0.061 0.885 
 120 R _   0.008 0.016 0.000 0.009 0.003 0.009 0.061 0.893 
 121 D _   0.007 0.014 0.000 0.007 0.003 0.009 0.061 0.899 
 122 V _   0.007 0.012 0.000 0.006 0.002 0.009 0.061 0.903 
 123 L _   0.007 0.012 0.000 0.005 0.002 0.009 0.060 0.904 
 124 V _   0.008 0.012 0.000 0.005 0.003 0.010 0.059 0.903 
 125 N _   0.009 0.014 0.000 0.006 0.003 0.013 0.058 0.897 
 126 G _   0.011 0.018 0.001 0.007 0.005 0.016 0.056 0.886 
 127 D _   0.014 0.026 0.001 0.011 0.007 0.020 0.054 0.868 
 128 R _   0.016 0.039 0.001 0.018 0.011 0.024 0.051 0.839 
 129 R _   0.019 0.057 0.001 0.027 0.015 0.029 0.049 0.804 
 130 W _   0.020 0.076 0.002 0.037 0.019 0.032 0.046 0.768 
 131 I _   0.021 0.091 0.002 0.048 0.022 0.034 0.043 0.739 
 132 T _   0.021 0.101 0.002 0.055 0.023 0.034 0.042 0.722 
 133 Q _   0.021 0.105 0.002 0.058 0.023 0.034 0.040 0.717 
 134 L _   0.021 0.104 0.002 0.057 0.022 0.032 0.039 0.723 
 135 H _   0.020 0.098 0.002 0.051 0.019 0.030 0.039 0.742 
 136 F _   0.019 0.086 0.001 0.042 0.016 0.027 0.039 0.770 
 137 A _   0.018 0.066 0.001 0.031 0.013 0.025 0.039 0.807 
 138 F _   0.017 0.043 0.001 0.020 0.010 0.023 0.038 0.847 
 139 Q _   0.017 0.024 0.001 0.012 0.007 0.021 0.038 0.879 
 140 D _   0.018 0.012 0.001 0.007 0.005 0.021 0.038 0.899 
 141 E _   0.019 0.006 0.000 0.005 0.005 0.021 0.037 0.907 
 142 N _   0.022 0.004 0.000 0.004 0.005 0.022 0.036 0.907 
 143 Y _   0.027 0.003 0.001 0.004 0.006 0.025 0.036 0.899 
 144 L _   0.034 0.003 0.001 0.005 0.008 0.029 0.035 0.886 
 145 Y _   0.043 0.004 0.001 0.008 0.011 0.033 0.033 0.868 
 146 L _   0.051 0.005 0.001 0.011 0.015 0.037 0.032 0.848 
 147 V _   0.058 0.007 0.001 0.014 0.018 0.041 0.031 0.829 
 148 M _   0.064 0.009 0.001 0.017 0.021 0.043 0.030 0.815 
 149 E _   0.068 0.010 0.002 0.018 0.023 0.045 0.029 0.806 
 150 Y _   0.071 0.010 0.002 0.018 0.024 0.045 0.028 0.802 
 151 Y _   0.072 0.010 0.001 0.017 0.024 0.045 0.027 0.803 
 152 V _   0.073 0.010 0.001 0.017 0.023 0.044 0.026 0.805 
 153 G _   0.073 0.010 0.001 0.016 0.022 0.043 0.026 0.810 
 154 G _   0.072 0.009 0.001 0.015 0.021 0.041 0.025 0.816 
 155 D _   0.070 0.009 0.001 0.015 0.019 0.038 0.025 0.822 
 156 L _   0.067 0.008 0.001 0.015 0.018 0.036 0.025 0.830 
 157 L _   0.063 0.008 0.001 0.015 0.016 0.033 0.024 0.840 
 158 T _   0.059 0.006 0.001 0.014 0.013 0.030 0.024 0.853 
 159 L _   0.054 0.005 0.001 0.013 0.011 0.026 0.024 0.866 
 160 L _   0.050 0.004 0.001 0.011 0.009 0.023 0.023 0.879 
 161 S _   0.047 0.003 0.001 0.009 0.007 0.021 0.023 0.890 
 162 K _   0.046 0.002 0.001 0.007 0.006 0.018 0.022 0.899 
 163 F _   0.047 0.001 0.001 0.005 0.005 0.016 0.021 0.903 
 164 G _   0.052 0.001 0.001 0.004 0.004 0.015 0.021 0.903 
 165 E _   0.061 0.000 0.000 0.003 0.004 0.014 0.020 0.897 
 166 R _   0.076 0.000 0.000 0.003 0.004 0.014 0.018 0.884 
 167 I _   0.099 0.000 0.001 0.002 0.004 0.014 0.017 0.862 
 168 P _   0.134 0.000 0.001 0.002 0.005 0.015 0.015 0.828 
 169 A _   0.183 0.000 0.001 0.002 0.006 0.016 0.013 0.779 
 170 E _   0.248 0.000 0.001 0.002 0.008 0.017 0.011 0.713 
 171 M _   0.330 0.000 0.001 0.002 0.010 0.019 0.009 0.629 
 172 A _   0.424 0.000 0.001 0.002 0.012 0.020 0.007 0.534 
 173 R H   0.517 0.000 0.001 0.001 0.016 0.021 0.006 0.438 
 174 F H   0.604 0.000 0.001 0.001 0.018 0.021 0.005 0.350 
 175 Y H   0.676 0.000 0.001 0.001 0.021 0.020 0.004 0.276 
 176 L H   0.734 0.000 0.001 0.001 0.022 0.019 0.003 0.219 
 177 A H   0.773 0.000 0.001 0.001 0.023 0.018 0.003 0.180 
 178 E H   0.800 0.000 0.001 0.001 0.023 0.017 0.003 0.155 
 179 I H   0.814 0.000 0.001 0.001 0.023 0.015 0.003 0.142 
 180 V H   0.817 0.000 0.001 0.001 0.022 0.014 0.003 0.141 
 181 M H   0.808 0.000 0.001 0.001 0.021 0.014 0.004 0.150 
 182 A H   0.787 0.000 0.001 0.001 0.021 0.014 0.004 0.171 
 183 I H   0.752 0.000 0.001 0.001 0.020 0.014 0.006 0.205 
 184 D H   0.704 0.000 0.001 0.002 0.020 0.015 0.007 0.251 
 185 S H   0.642 0.000 0.002 0.002 0.019 0.016 0.010 0.310 
 186 V H   0.567 0.000 0.002 0.003 0.018 0.017 0.013 0.380 
 187 H H   0.486 0.000 0.002 0.005 0.017 0.017 0.017 0.456 
 188 R _   0.401 0.000 0.002 0.007 0.015 0.018 0.022 0.536 
 189 L _   0.315 0.001 0.002 0.009 0.013 0.017 0.027 0.617 
 190 G _   0.235 0.001 0.001 0.010 0.011 0.016 0.031 0.695 
 191 Y _   0.167 0.001 0.001 0.009 0.008 0.014 0.036 0.764 
 192 V _   0.112 0.001 0.001 0.008 0.006 0.012 0.039 0.820 
 193 H _   0.073 0.001 0.001 0.007 0.004 0.011 0.042 0.862 
 194 R _   0.046 0.000 0.000 0.005 0.003 0.009 0.044 0.891 
 195 D _   0.029 0.000 0.000 0.004 0.002 0.008 0.045 0.910 
 196 I _   0.019 0.001 0.000 0.003 0.002 0.007 0.046 0.922 
 197 K _   0.013 0.001 0.000 0.003 0.002 0.007 0.047 0.928 
 198 P _   0.010 0.002 0.000 0.003 0.002 0.008 0.047 0.929 
 199 D _   0.009 0.003 0.000 0.004 0.002 0.009 0.047 0.926 
 200 N _   0.009 0.007 0.000 0.006 0.003 0.011 0.046 0.918 
 201 I _   0.010 0.014 0.000 0.008 0.004 0.014 0.045 0.905 
 202 L _   0.011 0.025 0.001 0.012 0.006 0.017 0.044 0.884 
 203 L _   0.012 0.041 0.001 0.018 0.008 0.020 0.042 0.857 
 204 D _   0.013 0.061 0.001 0.024 0.011 0.023 0.041 0.827 
 205 R _   0.014 0.079 0.001 0.030 0.014 0.026 0.039 0.798 
 206 C _   0.015 0.095 0.001 0.035 0.016 0.027 0.038 0.773 
 207 G _   0.016 0.106 0.001 0.039 0.018 0.029 0.036 0.754 
 208 H _   0.017 0.114 0.001 0.042 0.019 0.029 0.036 0.742 
 209 I _   0.018 0.118 0.001 0.043 0.019 0.029 0.035 0.737 
 210 R _   0.019 0.118 0.001 0.042 0.018 0.029 0.035 0.737 
 211 L _   0.019 0.116 0.001 0.039 0.017 0.028 0.035 0.745 
 212 A _   0.019 0.110 0.001 0.035 0.016 0.026 0.035 0.758 
 213 D _   0.019 0.100 0.001 0.030 0.014 0.024 0.036 0.776 
 214 F _   0.018 0.088 0.001 0.025 0.012 0.023 0.037 0.796 
 215 G _   0.017 0.073 0.001 0.021 0.010 0.021 0.037 0.819 
 216 S _   0.017 0.059 0.001 0.016 0.008 0.019 0.038 0.841 
 217 C _   0.016 0.046 0.001 0.013 0.007 0.018 0.039 0.860 
 218 L _   0.016 0.037 0.001 0.010 0.006 0.017 0.039 0.875 
 219 K _   0.015 0.030 0.001 0.008 0.005 0.017 0.039 0.885 
 220 L _   0.015 0.026 0.001 0.007 0.005 0.016 0.040 0.892 
 221 R _   0.015 0.023 0.001 0.006 0.005 0.017 0.039 0.894 
 222 A _   0.016 0.023 0.001 0.007 0.005 0.018 0.039 0.892 
 223 D _   0.017 0.024 0.001 0.008 0.006 0.019 0.039 0.887 
 224 G _   0.019 0.026 0.001 0.011 0.008 0.021 0.038 0.877 
 225 T _   0.021 0.030 0.001 0.014 0.010 0.023 0.038 0.863 
 226 V _   0.023 0.035 0.001 0.020 0.013 0.025 0.037 0.847 
 227 R _   0.024 0.040 0.001 0.025 0.015 0.026 0.037 0.832 
 228 S _   0.025 0.044 0.001 0.030 0.016 0.027 0.037 0.820 
 229 L _   0.026 0.045 0.001 0.033 0.017 0.026 0.037 0.815 
 230 V _   0.025 0.045 0.001 0.032 0.016 0.025 0.037 0.818 
 231 A _   0.024 0.043 0.001 0.029 0.014 0.024 0.038 0.829 
 232 V _   0.022 0.038 0.001 0.024 0.011 0.021 0.038 0.844 
 233 G _   0.020 0.032 0.001 0.017 0.009 0.019 0.039 0.862 
 234 T _   0.018 0.026 0.001 0.012 0.007 0.018 0.039 0.879 
 235 P _   0.017 0.022 0.001 0.008 0.005 0.017 0.040 0.892 
 236 D _   0.015 0.019 0.000 0.006 0.004 0.017 0.040 0.898 
 237 Y _   0.015 0.019 0.000 0.005 0.004 0.017 0.040 0.899 
 238 L _   0.016 0.021 0.001 0.007 0.005 0.019 0.040 0.893 
 239 S _   0.017 0.026 0.001 0.010 0.007 0.021 0.039 0.879 
 240 P _   0.018 0.038 0.001 0.017 0.010 0.023 0.039 0.855 
 241 E _   0.019 0.056 0.001 0.026 0.013 0.025 0.038 0.822 
 242 I _   0.019 0.075 0.001 0.037 0.016 0.026 0.037 0.788 
 243 L _   0.018 0.091 0.002 0.048 0.018 0.026 0.036 0.762 
 244 Q _   0.017 0.100 0.001 0.055 0.018 0.025 0.036 0.747 
 245 A _   0.016 0.103 0.001 0.058 0.018 0.024 0.037 0.743 
 246 V _   0.015 0.102 0.001 0.057 0.017 0.022 0.037 0.749 
 247 G _   0.013 0.097 0.001 0.051 0.014 0.019 0.038 0.765 
 248 G _   0.012 0.086 0.001 0.043 0.012 0.017 0.040 0.788 
 249 G _   0.011 0.069 0.001 0.033 0.009 0.015 0.042 0.820 
 250 P _   0.011 0.049 0.001 0.023 0.007 0.013 0.044 0.854 
 251 G _   0.010 0.029 0.001 0.014 0.005 0.011 0.045 0.886 
 252 T _   0.010 0.014 0.000 0.008 0.003 0.009 0.047 0.909 
 253 G _   0.010 0.005 0.000 0.005 0.002 0.009 0.047 0.922 
 254 S _   0.011 0.002 0.000 0.003 0.002 0.009 0.047 0.926 
 255 Y _   0.016 0.001 0.000 0.002 0.002 0.010 0.047 0.923 
 256 G _   0.026 0.000 0.000 0.002 0.002 0.013 0.046 0.910 
 257 P _   0.047 0.000 0.000 0.002 0.003 0.018 0.045 0.884 
 258 E _   0.084 0.000 0.001 0.002 0.006 0.027 0.043 0.837 
 259 C _   0.138 0.000 0.001 0.003 0.012 0.038 0.041 0.766 
 260 D _   0.204 0.001 0.001 0.005 0.023 0.051 0.039 0.675 
 261 W _   0.274 0.003 0.002 0.007 0.039 0.064 0.036 0.575 
 262 W _   0.334 0.007 0.003 0.010 0.057 0.074 0.034 0.482 
 263 A _   0.381 0.012 0.003 0.013 0.074 0.081 0.032 0.404 
 264 L H   0.416 0.020 0.003 0.017 0.086 0.083 0.031 0.343 
 265 G H   0.439 0.026 0.003 0.020 0.094 0.082 0.031 0.303 
 266 V H   0.453 0.032 0.003 0.023 0.096 0.079 0.032 0.281 
 267 F H   0.457 0.035 0.003 0.025 0.095 0.075 0.033 0.277 
 268 A H   0.449 0.036 0.004 0.026 0.090 0.069 0.035 0.292 
 269 Y H   0.428 0.035 0.003 0.026 0.081 0.063 0.038 0.325 
 270 E H   0.393 0.032 0.003 0.025 0.069 0.056 0.042 0.379 
 271 M _   0.344 0.027 0.003 0.023 0.054 0.048 0.046 0.453 
 272 F _   0.286 0.021 0.003 0.020 0.039 0.040 0.052 0.539 
 273 Y _   0.224 0.014 0.002 0.016 0.025 0.033 0.057 0.629 
 274 G _   0.165 0.009 0.001 0.012 0.015 0.026 0.062 0.709 
 275 Q _   0.116 0.005 0.001 0.009 0.009 0.020 0.067 0.774 
 276 T _   0.077 0.002 0.001 0.006 0.005 0.015 0.070 0.823 
 277 P _   0.050 0.001 0.000 0.004 0.003 0.011 0.072 0.858 
 278 F _   0.031 0.001 0.000 0.003 0.002 0.009 0.073 0.880 
 279 Y _   0.020 0.001 0.000 0.003 0.002 0.008 0.074 0.893 
 280 A _   0.014 0.001 0.000 0.003 0.002 0.007 0.074 0.899 
 281 D _   0.011 0.002 0.000 0.003 0.002 0.008 0.074 0.901 
 282 S _   0.010 0.004 0.000 0.004 0.002 0.009 0.073 0.898 
 283 T _   0.009 0.009 0.000 0.006 0.003 0.010 0.072 0.889 
 284 A _   0.010 0.019 0.001 0.010 0.005 0.012 0.070 0.873 
 285 E _   0.010 0.036 0.001 0.015 0.007 0.015 0.068 0.849 
 286 T _   0.010 0.058 0.001 0.021 0.008 0.016 0.065 0.820 
 287 Y _   0.010 0.079 0.001 0.027 0.010 0.017 0.063 0.793 
 288 G _   0.010 0.097 0.001 0.032 0.011 0.018 0.060 0.771 
 289 K _   0.010 0.110 0.001 0.034 0.011 0.018 0.059 0.757 
 290 I _   0.010 0.119 0.001 0.035 0.011 0.018 0.057 0.750 
 291 V _   0.010 0.124 0.001 0.034 0.011 0.017 0.056 0.748 
 292 H _   0.010 0.126 0.001 0.031 0.010 0.016 0.056 0.751 
 293 Y _   0.009 0.125 0.001 0.028 0.009 0.015 0.055 0.757 
 294 K _   0.009 0.123 0.001 0.025 0.008 0.014 0.055 0.765 
 295 E _   0.009 0.120 0.001 0.022 0.007 0.013 0.055 0.773 
 296 H _   0.009 0.116 0.001 0.019 0.006 0.012 0.056 0.782 
 297 L _   0.008 0.111 0.001 0.017 0.005 0.011 0.056 0.791 
 298 S _   0.008 0.107 0.001 0.015 0.005 0.010 0.056 0.799 
 299 L _   0.008 0.103 0.000 0.013 0.004 0.010 0.057 0.806 
 300 P _   0.007 0.100 0.000 0.011 0.004 0.009 0.057 0.813 
 301 L _   0.007 0.097 0.000 0.010 0.003 0.008 0.057 0.818 
 302 V _   0.007 0.095 0.000 0.008 0.003 0.008 0.056 0.822 
 303 D _   0.006 0.094 0.000 0.008 0.003 0.008 0.056 0.825 
 304 E _   0.006 0.095 0.000 0.007 0.003 0.008 0.055 0.825 
 305 G _   0.007 0.098 0.000 0.007 0.003 0.009 0.054 0.823 
 306 V _   0.007 0.103 0.000 0.008 0.003 0.010 0.053 0.816 
 307 P _   0.008 0.113 0.000 0.009 0.004 0.012 0.051 0.803 
 308 E _   0.009 0.129 0.001 0.011 0.005 0.013 0.049 0.783 
 309 E _   0.010 0.153 0.001 0.015 0.007 0.015 0.047 0.753 
 310 A _   0.011 0.184 0.001 0.019 0.009 0.016 0.044 0.716 
 311 R _   0.011 0.220 0.001 0.022 0.010 0.017 0.042 0.677 
 312 D _   0.011 0.256 0.001 0.026 0.011 0.017 0.040 0.639 
 313 F _   0.011 0.286 0.001 0.028 0.011 0.017 0.038 0.609 
 314 I _   0.010 0.308 0.001 0.029 0.010 0.016 0.036 0.589 
 315 Q _   0.010 0.322 0.001 0.028 0.009 0.015 0.036 0.578 
 316 R _   0.010 0.331 0.001 0.027 0.009 0.014 0.035 0.575 
 317 L _   0.009 0.334 0.001 0.024 0.008 0.013 0.035 0.577 
 318 L _   0.008 0.334 0.001 0.021 0.006 0.012 0.035 0.583 
 319 C _   0.008 0.332 0.001 0.017 0.005 0.011 0.035 0.592 
 320 P _   0.007 0.328 0.001 0.014 0.005 0.010 0.035 0.601 
 321 P _   0.007 0.326 0.000 0.012 0.004 0.009 0.035 0.608 
 322 E _   0.006 0.324 0.000 0.010 0.003 0.009 0.035 0.612 
 323 T _   0.006 0.324 0.000 0.009 0.003 0.009 0.034 0.614 
 324 R _   0.006 0.326 0.000 0.009 0.003 0.008 0.034 0.613 
 325 L _   0.006 0.330 0.000 0.010 0.003 0.009 0.034 0.609 
 326 G _   0.005 0.337 0.000 0.010 0.003 0.009 0.033 0.603 
 327 R _   0.005 0.345 0.000 0.010 0.003 0.009 0.032 0.595 
 328 G _   0.005 0.355 0.000 0.011 0.004 0.009 0.031 0.584 
 329 G _   0.005 0.368 0.001 0.012 0.004 0.009 0.030 0.571 
 330 A _   0.005 0.384 0.001 0.013 0.004 0.010 0.029 0.555 
 331 G _   0.005 0.402 0.001 0.014 0.005 0.011 0.027 0.535 
 332 D _   0.006 0.425 0.001 0.016 0.006 0.012 0.025 0.509 
 333 F _   0.006 0.454 0.001 0.019 0.007 0.012 0.024 0.477 
 334 R E   0.006 0.486 0.001 0.022 0.009 0.013 0.022 0.441 
 335 T E   0.006 0.519 0.001 0.027 0.009 0.013 0.020 0.405 
 336 H E   0.005 0.547 0.001 0.031 0.010 0.013 0.019 0.373 
 337 P E   0.005 0.567 0.001 0.036 0.010 0.013 0.018 0.350 
 338 F E   0.005 0.579 0.001 0.039 0.010 0.012 0.018 0.336 
 339 F E   0.005 0.583 0.001 0.040 0.010 0.012 0.018 0.332 
 340 F E   0.005 0.579 0.001 0.039 0.009 0.011 0.018 0.336 
 341 G E   0.005 0.567 0.001 0.038 0.009 0.011 0.019 0.351 
 342 L E   0.006 0.543 0.001 0.035 0.009 0.010 0.020 0.377 
 343 D E   0.006 0.503 0.001 0.031 0.009 0.010 0.021 0.418 
 344 W _   0.007 0.450 0.001 0.027 0.008 0.010 0.024 0.473 
 345 D _   0.008 0.388 0.001 0.022 0.008 0.011 0.026 0.537 
 346 G _   0.008 0.332 0.001 0.018 0.006 0.010 0.029 0.595 
 347 L _   0.008 0.288 0.001 0.014 0.005 0.010 0.032 0.642 
 348 R _   0.008 0.258 0.001 0.012 0.004 0.010 0.034 0.675 
 349 D _   0.007 0.239 0.000 0.010 0.003 0.009 0.035 0.697 
 350 S _   0.006 0.227 0.000 0.009 0.003 0.009 0.036 0.709 
 351 V _   0.006 0.221 0.000 0.009 0.003 0.009 0.037 0.715 
 352 P _   0.006 0.218 0.000 0.010 0.003 0.008 0.037 0.718 
 353 P _   0.006 0.216 0.000 0.011 0.003 0.008 0.037 0.719 
 354 F _   0.005 0.216 0.000 0.012 0.003 0.009 0.037 0.717 
 355 T _   0.005 0.216 0.000 0.013 0.003 0.009 0.037 0.716 
 356 P _   0.005 0.217 0.000 0.013 0.004 0.009 0.037 0.715 
 357 D _   0.005 0.217 0.000 0.014 0.004 0.008 0.037 0.715 
 358 F _   0.005 0.217 0.000 0.013 0.004 0.008 0.037 0.715 
 359 E _   0.005 0.217 0.000 0.013 0.003 0.008 0.037 0.716 
 360 G _   0.004 0.217 0.000 0.012 0.003 0.008 0.037 0.717 
 361 A _   0.004 0.218 0.000 0.012 0.003 0.008 0.037 0.718 
 362 T _   0.004 0.219 0.000 0.011 0.003 0.008 0.037 0.718 
 363 D _   0.004 0.221 0.000 0.010 0.003 0.008 0.036 0.717 
 364 T _   0.004 0.224 0.000 0.010 0.003 0.008 0.036 0.714 
 365 C _   0.004 0.230 0.000 0.011 0.003 0.009 0.035 0.708 
 366 N _   0.005 0.237 0.000 0.011 0.004 0.010 0.034 0.698 
 367 F _   0.005 0.247 0.001 0.013 0.004 0.011 0.034 0.686 
 368 D _   0.006 0.260 0.001 0.014 0.005 0.012 0.033 0.669 
 369 L _   0.006 0.276 0.001 0.016 0.006 0.013 0.032 0.649 
 370 V _   0.007 0.294 0.001 0.019 0.007 0.015 0.030 0.627 
 371 E _   0.008 0.314 0.001 0.021 0.008 0.016 0.029 0.602 
 372 D _   0.008 0.333 0.001 0.025 0.010 0.017 0.028 0.577 
 373 G _   0.009 0.352 0.001 0.029 0.011 0.018 0.027 0.552 
 374 L _   0.010 0.367 0.001 0.033 0.013 0.019 0.027 0.531 
 375 T _   0.011 0.377 0.001 0.036 0.014 0.020 0.026 0.515 
 376 A _   0.011 0.383 0.001 0.039 0.014 0.020 0.026 0.505 
 377 M _   0.012 0.383 0.001 0.041 0.015 0.020 0.027 0.502 
 378 V _   0.012 0.377 0.001 0.042 0.014 0.019 0.027 0.507 
 379 S _   0.013 0.365 0.001 0.040 0.014 0.018 0.029 0.521 
 380 G _   0.013 0.343 0.001 0.037 0.013 0.017 0.030 0.547 
 381 G _   0.013 0.309 0.001 0.033 0.011 0.016 0.032 0.584 
 382 G _   0.013 0.265 0.001 0.027 0.010 0.015 0.035 0.633 
 383 E _   0.012 0.216 0.001 0.021 0.008 0.015 0.037 0.689 
 384 T _   0.012 0.169 0.001 0.015 0.007 0.014 0.040 0.742 
 385 L _   0.011 0.135 0.001 0.011 0.005 0.013 0.042 0.783 
 386 S _   0.010 0.114 0.001 0.007 0.004 0.013 0.044 0.808 
 387 D _   0.009 0.105 0.000 0.006 0.003 0.013 0.045 0.819 
 388 I _   0.009 0.102 0.000 0.005 0.003 0.014 0.045 0.822 
 389 R _   0.010 0.103 0.000 0.006 0.004 0.015 0.045 0.816 
 390 E _   0.012 0.109 0.001 0.008 0.005 0.018 0.045 0.802 
 391 G _   0.014 0.124 0.001 0.011 0.007 0.021 0.045 0.777 
 392 A _   0.016 0.147 0.001 0.016 0.010 0.024 0.044 0.742 
 393 P _   0.017 0.177 0.001 0.021 0.013 0.027 0.043 0.699 
 394 L _   0.018 0.209 0.001 0.027 0.016 0.029 0.043 0.657 
 395 G _   0.019 0.237 0.002 0.031 0.018 0.030 0.042 0.621 
 396 V _   0.020 0.258 0.001 0.034 0.019 0.031 0.042 0.594 
 397 H _   0.021 0.272 0.001 0.035 0.020 0.031 0.043 0.577 
 398 L _   0.021 0.281 0.001 0.035 0.019 0.031 0.043 0.568 
 399 P _   0.021 0.285 0.001 0.034 0.019 0.030 0.044 0.565 
 400 F _   0.021 0.286 0.001 0.032 0.018 0.030 0.046 0.567 
 401 V _   0.020 0.284 0.001 0.030 0.017 0.028 0.047 0.572 
 402 G _   0.020 0.279 0.001 0.029 0.016 0.027 0.049 0.579 
 403 Y _   0.019 0.272 0.001 0.028 0.015 0.026 0.051 0.588 
 404 S _   0.019 0.263 0.001 0.028 0.013 0.024 0.054 0.598 
 405 Y _   0.018 0.253 0.001 0.028 0.013 0.023 0.057 0.608 
 406 S _   0.018 0.240 0.001 0.028 0.012 0.021 0.060 0.620 
 407 C _   0.017 0.225 0.001 0.028 0.011 0.019 0.063 0.635 
 408 M _   0.016 0.206 0.001 0.027 0.010 0.018 0.067 0.655 
 409 A _   0.015 0.182 0.001 0.026 0.009 0.016 0.072 0.679 
 410 L _   0.015 0.153 0.001 0.023 0.008 0.015 0.076 0.709 
 411 R _   0.014 0.121 0.001 0.020 0.007 0.013 0.082 0.744 
 412 D _   0.012 0.089 0.001 0.016 0.005 0.011 0.087 0.779 
 413 S _   0.011 0.062 0.001 0.012 0.004 0.010 0.091 0.810 
 414 E _   0.009 0.042 0.000 0.008 0.003 0.008 0.094 0.835 
 415 V _   0.008 0.030 0.000 0.006 0.002 0.007 0.097 0.851 
 416 P _   0.007 0.023 0.000 0.004 0.002 0.006 0.098 0.860 
 417 G _   0.006 0.020 0.000 0.004 0.002 0.006 0.099 0.863 
 418 P _   0.006 0.019 0.000 0.004 0.002 0.006 0.099 0.864 
 419 T _   0.006 0.020 0.000 0.005 0.002 0.007 0.099 0.861 
 420 P _   0.006 0.023 0.000 0.006 0.002 0.008 0.098 0.856 
 421 M _   0.006 0.027 0.000 0.009 0.003 0.009 0.097 0.847 
 422 E _   0.007 0.034 0.000 0.013 0.004 0.010 0.095 0.836 
 423 L _   0.007 0.042 0.001 0.017 0.005 0.011 0.094 0.824 
 424 E _   0.007 0.050 0.001 0.020 0.005 0.012 0.092 0.814 
 425 A _   0.007 0.056 0.001 0.022 0.006 0.012 0.090 0.806 
 426 E _   0.007 0.060 0.001 0.023 0.006 0.012 0.089 0.802 
 427 Q _   0.006 0.063 0.001 0.023 0.006 0.012 0.088 0.801 
 428 L _   0.006 0.064 0.001 0.022 0.006 0.011 0.087 0.802 
 429 L _   0.006 0.064 0.001 0.021 0.005 0.011 0.087 0.804 
 430 E _   0.006 0.063 0.001 0.020 0.005 0.011 0.087 0.807 
 431 P _   0.006 0.062 0.001 0.019 0.005 0.011 0.087 0.810 
 432 H _   0.007 0.060 0.001 0.018 0.005 0.010 0.087 0.812 
 433 V _   0.007 0.057 0.001 0.018 0.005 0.010 0.088 0.813 
 434 Q _   0.007 0.055 0.001 0.018 0.005 0.010 0.089 0.815 
 435 A _   0.008 0.051 0.001 0.018 0.005 0.010 0.090 0.818 
 436 P _   0.008 0.047 0.001 0.018 0.005 0.010 0.091 0.822 
 437 S _   0.008 0.042 0.001 0.016 0.004 0.009 0.092 0.828 
 438 L _   0.007 0.036 0.000 0.014 0.004 0.008 0.094 0.836 
 439 E _   0.007 0.029 0.000 0.012 0.003 0.008 0.095 0.846 
 440 P _   0.006 0.023 0.000 0.009 0.003 0.007 0.096 0.856 
 441 S _   0.006 0.018 0.000 0.007 0.002 0.006 0.096 0.865 
 442 V _   0.005 0.014 0.000 0.005 0.002 0.005 0.096 0.873 
 443 S _   0.005 0.011 0.000 0.004 0.001 0.005 0.095 0.878 
 444 P _   0.004 0.011 0.000 0.003 0.001 0.005 0.094 0.881 
 445 Q _   0.004 0.011 0.000 0.004 0.002 0.006 0.093 0.881 
 446 D _   0.005 0.012 0.000 0.005 0.002 0.007 0.091 0.879 
 447 E _   0.005 0.015 0.000 0.006 0.003 0.008 0.089 0.873 
 448 T _   0.006 0.022 0.000 0.009 0.004 0.010 0.086 0.863 
 449 A _   0.007 0.032 0.001 0.013 0.005 0.012 0.082 0.848 
 450 E _   0.008 0.045 0.001 0.018 0.006 0.014 0.079 0.830 
 451 V _   0.008 0.058 0.001 0.022 0.007 0.015 0.075 0.814 
 452 A _   0.008 0.070 0.001 0.024 0.008 0.016 0.071 0.801 
 453 V _   0.009 0.079 0.001 0.026 0.009 0.017 0.068 0.792 
 454 P _   0.009 0.085 0.001 0.025 0.009 0.017 0.066 0.788 
 455 A _   0.009 0.089 0.001 0.024 0.009 0.017 0.064 0.787 
 456 A _   0.010 0.092 0.001 0.023 0.009 0.018 0.062 0.787 
 457 V _   0.010 0.093 0.001 0.021 0.009 0.018 0.060 0.789 
 458 P _   0.011 0.094 0.001 0.019 0.008 0.018 0.059 0.790 
 459 A _   0.012 0.094 0.001 0.018 0.009 0.019 0.058 0.791 
 460 A _   0.012 0.094 0.001 0.018 0.009 0.019 0.057 0.791 
 461 E _   0.013 0.094 0.001 0.018 0.009 0.019 0.056 0.791 
 462 A _   0.014 0.094 0.001 0.018 0.009 0.019 0.055 0.791 
 463 E _   0.014 0.093 0.001 0.018 0.009 0.019 0.055 0.793 
 464 A _   0.015 0.091 0.001 0.017 0.008 0.018 0.054 0.795 
 465 E _   0.015 0.089 0.001 0.017 0.008 0.018 0.054 0.799 
 466 V _   0.014 0.087 0.001 0.016 0.008 0.017 0.054 0.804 
 467 T _   0.014 0.083 0.001 0.014 0.007 0.017 0.053 0.810 
 468 L _   0.014 0.079 0.001 0.013 0.007 0.016 0.053 0.817 
 469 R _   0.014 0.076 0.001 0.012 0.006 0.016 0.053 0.823 
 470 E _   0.014 0.073 0.001 0.011 0.006 0.016 0.053 0.828 
 471 L _   0.014 0.070 0.001 0.011 0.006 0.016 0.053 0.830 
 472 Q _   0.014 0.069 0.001 0.011 0.006 0.016 0.053 0.831 
 473 E _   0.014 0.068 0.001 0.012 0.006 0.016 0.053 0.830 
 474 A _   0.014 0.068 0.001 0.013 0.007 0.016 0.053 0.828 
 475 L _   0.014 0.068 0.001 0.014 0.007 0.016 0.053 0.827 
 476 E _   0.015 0.067 0.001 0.015 0.007 0.016 0.054 0.826 
 477 E _   0.014 0.066 0.001 0.015 0.007 0.016 0.054 0.828 
 478 E _   0.014 0.065 0.001 0.014 0.006 0.015 0.054 0.831 
 479 V _   0.013 0.063 0.001 0.013 0.006 0.015 0.055 0.835 
 480 L _   0.013 0.061 0.001 0.011 0.006 0.015 0.055 0.839 
 481 T _   0.013 0.060 0.001 0.010 0.005 0.015 0.055 0.841 
 482 R _   0.013 0.059 0.001 0.010 0.005 0.015 0.055 0.842 
 483 Q _   0.013 0.060 0.001 0.010 0.006 0.016 0.056 0.839 
 484 S _   0.014 0.062 0.001 0.013 0.007 0.016 0.056 0.832 
 485 L _   0.015 0.065 0.001 0.016 0.008 0.017 0.056 0.822 
 486 S _   0.015 0.069 0.001 0.021 0.009 0.018 0.057 0.810 
 487 R _   0.016 0.073 0.001 0.026 0.010 0.018 0.057 0.799 
 488 E _   0.016 0.075 0.001 0.030 0.011 0.018 0.058 0.791 
 489 M _   0.015 0.075 0.001 0.031 0.011 0.017 0.060 0.790 
 490 E _   0.014 0.072 0.001 0.030 0.010 0.016 0.061 0.796 
 491 A _   0.013 0.066 0.001 0.027 0.008 0.014 0.063 0.808 
 492 I _   0.012 0.057 0.001 0.021 0.007 0.012 0.065 0.826 
 493 R _   0.010 0.046 0.001 0.016 0.005 0.010 0.067 0.845 
 494 T _   0.009 0.035 0.001 0.011 0.004 0.009 0.069 0.863 
 495 D _   0.008 0.026 0.000 0.008 0.003 0.008 0.071 0.877 
 496 N _   0.007 0.021 0.000 0.006 0.002 0.007 0.072 0.884 
 497 Q _   0.006 0.019 0.000 0.005 0.002 0.007 0.073 0.888 
 498 N _   0.006 0.018 0.000 0.005 0.002 0.007 0.074 0.888 
 499 F _   0.006 0.018 0.000 0.007 0.002 0.007 0.074 0.885 
 500 A _   0.006 0.019 0.000 0.009 0.003 0.008 0.075 0.880 
 501 S _   0.007 0.021 0.000 0.011 0.003 0.009 0.075 0.874 
 502 Q _   0.007 0.023 0.000 0.014 0.004 0.009 0.074 0.869 
 503 L _   0.006 0.024 0.000 0.016 0.004 0.009 0.074 0.865 
 504 R _   0.006 0.026 0.000 0.016 0.004 0.009 0.074 0.864 
 505 E _   0.006 0.026 0.000 0.015 0.004 0.009 0.074 0.866 
 506 A _   0.006 0.026 0.000 0.013 0.004 0.008 0.074 0.869 
 507 E _   0.005 0.025 0.000 0.011 0.003 0.008 0.074 0.873 
 508 A _   0.005 0.024 0.000 0.009 0.003 0.008 0.075 0.877 
 509 R _   0.005 0.024 0.000 0.007 0.002 0.007 0.075 0.879 
 510 N _   0.005 0.024 0.000 0.006 0.002 0.008 0.075 0.879 
 511 R _   0.006 0.025 0.000 0.006 0.003 0.009 0.074 0.877 
 512 D _   0.007 0.028 0.000 0.007 0.003 0.010 0.074 0.871 
 513 L _   0.007 0.033 0.000 0.009 0.004 0.011 0.074 0.862 
 514 E _   0.008 0.040 0.001 0.011 0.005 0.012 0.073 0.850 
 515 A _   0.009 0.048 0.001 0.013 0.006 0.014 0.073 0.837 
 516 H _   0.010 0.057 0.001 0.016 0.006 0.015 0.072 0.823 
 517 V _   0.010 0.066 0.001 0.017 0.007 0.016 0.071 0.812 
 518 R _   0.010 0.073 0.001 0.018 0.007 0.016 0.071 0.802 
 519 Q _   0.011 0.079 0.001 0.018 0.007 0.017 0.071 0.796 
 520 L _   0.011 0.084 0.001 0.018 0.007 0.017 0.071 0.792 
 521 Q _   0.011 0.087 0.001 0.017 0.007 0.018 0.071 0.789 
 522 E _   0.011 0.090 0.001 0.016 0.007 0.018 0.071 0.786 
 523 R _   0.012 0.094 0.001 0.015 0.007 0.018 0.071 0.783 
 524 M _   0.012 0.098 0.001 0.014 0.007 0.019 0.071 0.778 
 525 E _   0.013 0.103 0.001 0.014 0.008 0.020 0.071 0.770 
 526 L _   0.015 0.109 0.001 0.015 0.009 0.020 0.071 0.761 
 527 L _   0.015 0.116 0.001 0.017 0.009 0.021 0.072 0.749 
 528 Q _   0.016 0.123 0.001 0.019 0.010 0.022 0.072 0.736 
 529 A _   0.017 0.132 0.001 0.022 0.012 0.022 0.072 0.722 
 530 E _   0.018 0.139 0.001 0.026 0.013 0.022 0.073 0.708 
 531 G _   0.019 0.145 0.001 0.029 0.013 0.022 0.074 0.696 
 532 A _   0.019 0.149 0.001 0.031 0.013 0.022 0.076 0.688 
 533 T _   0.020 0.150 0.001 0.033 0.013 0.021 0.078 0.684 
 534 A _   0.019 0.148 0.001 0.033 0.013 0.020 0.081 0.685 
 535 V _   0.018 0.142 0.001 0.033 0.012 0.019 0.084 0.691 
 536 T _   0.017 0.134 0.001 0.031 0.011 0.017 0.088 0.701 
 537 G _   0.016 0.122 0.001 0.028 0.009 0.016 0.092 0.716 
 538 V _   0.015 0.107 0.001 0.025 0.008 0.015 0.097 0.732 
 539 P _   0.014 0.090 0.001 0.022 0.007 0.013 0.102 0.751 
 540 S _   0.013 0.072 0.001 0.019 0.006 0.012 0.108 0.770 
 541 P _   0.012 0.054 0.001 0.015 0.005 0.011 0.113 0.789 
 542 R _   0.011 0.039 0.001 0.012 0.004 0.009 0.118 0.807 
 543 A _   0.010 0.027 0.000 0.010 0.003 0.008 0.122 0.821 
 544 T _   0.008 0.018 0.000 0.007 0.002 0.007 0.125 0.833 
 545 D _   0.007 0.012 0.000 0.006 0.002 0.006 0.127 0.841 
 546 P _   0.006 0.009 0.000 0.004 0.001 0.005 0.128 0.847 
 547 P _   0.005 0.007 0.000 0.003 0.001 0.004 0.128 0.851 
 548 S _   0.004 0.006 0.000 0.003 0.001 0.004 0.127 0.854 
 549 H _   0.004 0.006 0.000 0.003 0.001 0.005 0.126 0.855 
 550 L _   0.004 0.007 0.000 0.003 0.001 0.006 0.124 0.855 
 551 D _   0.005 0.010 0.000 0.004 0.002 0.007 0.121 0.852 
 552 G _   0.006 0.015 0.000 0.007 0.003 0.010 0.116 0.843 
 553 P _   0.007 0.028 0.001 0.011 0.004 0.013 0.111 0.825 
 554 P _   0.009 0.050 0.001 0.018 0.007 0.017 0.104 0.794 
 555 A _   0.010 0.082 0.001 0.027 0.010 0.021 0.096 0.753 
 556 V _   0.011 0.119 0.001 0.038 0.013 0.023 0.088 0.707 
 557 A _   0.012 0.149 0.001 0.048 0.015 0.025 0.081 0.669 
 558 V _   0.012 0.170 0.001 0.055 0.017 0.026 0.075 0.644 
 559 G _   0.012 0.181 0.001 0.059 0.017 0.026 0.070 0.633 
 560 Q _   0.012 0.186 0.001 0.059 0.017 0.025 0.067 0.634 
 561 C _   0.012 0.184 0.001 0.055 0.016 0.023 0.065 0.644 
 562 P _   0.011 0.177 0.001 0.049 0.014 0.022 0.063 0.663 
 563 L _   0.011 0.163 0.001 0.041 0.012 0.020 0.062 0.691 
 564 V _   0.011 0.142 0.001 0.032 0.010 0.018 0.061 0.725 
 565 G _   0.010 0.118 0.001 0.024 0.008 0.016 0.060 0.762 
 566 P _   0.010 0.094 0.001 0.018 0.007 0.015 0.059 0.796 
 567 G _   0.010 0.075 0.001 0.014 0.006 0.014 0.058 0.823 
 568 P _   0.010 0.061 0.001 0.011 0.005 0.013 0.057 0.842 
 569 M _   0.010 0.052 0.001 0.010 0.004 0.013 0.056 0.854 
 570 H _   0.010 0.047 0.001 0.010 0.004 0.013 0.055 0.861 
 571 R _   0.010 0.043 0.001 0.011 0.005 0.013 0.054 0.864 
 572 R _   0.010 0.041 0.001 0.013 0.005 0.013 0.052 0.865 
 573 H _   0.011 0.038 0.001 0.015 0.006 0.013 0.050 0.866 
 574 L _   0.011 0.036 0.001 0.017 0.006 0.013 0.049 0.868 
 575 L _   0.011 0.033 0.001 0.018 0.006 0.013 0.047 0.871 
 576 L _   0.011 0.029 0.001 0.017 0.006 0.012 0.046 0.878 
 577 P _   0.011 0.023 0.001 0.015 0.005 0.011 0.044 0.889 
 578 A _   0.012 0.017 0.001 0.012 0.005 0.010 0.043 0.900 
 579 R _   0.015 0.011 0.001 0.009 0.004 0.009 0.041 0.912 
 580 V _   0.018 0.005 0.000 0.006 0.003 0.008 0.039 0.920 
 581 P _   0.025 0.002 0.000 0.004 0.003 0.007 0.037 0.922 
 582 R _   0.038 0.001 0.000 0.002 0.002 0.007 0.035 0.915 
 583 P _   0.061 0.000 0.000 0.001 0.003 0.007 0.032 0.896 
 584 G _   0.100 0.000 0.000 0.001 0.003 0.007 0.028 0.859 
 585 L _   0.164 0.000 0.001 0.001 0.004 0.008 0.024 0.798 
 586 S _   0.255 0.000 0.001 0.001 0.005 0.009 0.020 0.710 
 587 E _   0.369 0.000 0.001 0.001 0.006 0.009 0.016 0.598 
 588 A H   0.497 0.000 0.001 0.001 0.007 0.009 0.012 0.473 
 589 L H   0.620 0.000 0.001 0.001 0.008 0.009 0.009 0.352 
 590 S H   0.724 0.000 0.001 0.001 0.009 0.008 0.007 0.251 
 591 L H   0.803 0.000 0.001 0.000 0.009 0.007 0.005 0.175 
 592 L H   0.857 0.000 0.001 0.000 0.008 0.005 0.005 0.124 
 593 L H   0.891 0.000 0.001 0.000 0.007 0.004 0.004 0.092 
 594 F H   0.913 0.000 0.001 0.000 0.006 0.003 0.004 0.073 
 595 A H   0.925 0.000 0.001 0.000 0.006 0.003 0.004 0.062 
 596 V H   0.933 0.000 0.001 0.000 0.005 0.002 0.004 0.055 
 597 V H   0.938 0.000 0.001 0.000 0.004 0.002 0.004 0.051 
 598 L H   0.941 0.000 0.001 0.000 0.004 0.002 0.004 0.048 
 599 S H   0.942 0.000 0.000 0.000 0.004 0.002 0.005 0.047 
 600 R H   0.944 0.000 0.000 0.000 0.004 0.002 0.005 0.045 
 601 A H   0.945 0.000 0.000 0.000 0.004 0.002 0.005 0.043 
 602 A H   0.946 0.000 0.001 0.000 0.004 0.002 0.005 0.042 
 603 A H   0.945 0.000 0.001 0.000 0.005 0.002 0.006 0.042 
 604 L H   0.942 0.000 0.001 0.000 0.006 0.002 0.006 0.044 
 605 G H   0.936 0.000 0.001 0.000 0.006 0.002 0.007 0.047 
 606 C H   0.929 0.000 0.001 0.000 0.007 0.003 0.008 0.052 
 607 I H   0.916 0.000 0.001 0.000 0.008 0.003 0.010 0.061 
 608 G H   0.899 0.000 0.001 0.000 0.009 0.004 0.012 0.075 
 609 L H   0.874 0.000 0.001 0.000 0.010 0.005 0.016 0.093 
 610 V H   0.842 0.000 0.001 0.001 0.012 0.006 0.022 0.118 
 611 A H   0.798 0.000 0.001 0.001 0.013 0.007 0.030 0.150 
 612 H H   0.744 0.000 0.001 0.001 0.014 0.009 0.043 0.188 
 613 A H   0.677 0.000 0.001 0.001 0.015 0.011 0.062 0.232 
 614 G H   0.603 0.000 0.002 0.002 0.015 0.014 0.087 0.278 
 615 Q H   0.524 0.000 0.002 0.003 0.016 0.016 0.119 0.321 
 616 L H   0.439 0.000 0.002 0.005 0.016 0.018 0.158 0.362 
 617 T _   0.357 0.000 0.002 0.007 0.016 0.020 0.202 0.396 
 618 A _   0.280 0.001 0.002 0.011 0.015 0.021 0.248 0.423 
 619 V _   0.211 0.001 0.002 0.014 0.014 0.020 0.295 0.444 
 620 W _   0.151 0.001 0.001 0.016 0.012 0.019 0.338 0.462 
 621 R _   0.102 0.001 0.001 0.017 0.010 0.017 0.377 0.474 
 622 R _   0.065 0.001 0.001 0.016 0.008 0.014 0.412 0.482 
 623 P _   0.039 0.001 0.001 0.014 0.006 0.011 0.443 0.484 
 624 G _   0.020 0.001 0.001 0.011 0.004 0.007 0.471 0.485 
 625 A X   0.008 0.001 0.000 0.007 0.002 0.004 0.494 0.484 
 626 A X   0.002 0.001 0.000 0.004 0.000 0.001 0.508 0.484 
 627 R X   0.000 0.000 0.000 0.002 0.000 0.000 0.513 0.484 
 628 A X   0.000 0.001 0.000 0.002 0.000 0.000 0.513 0.484 
 629 P X   0.003 0.001 0.001 0.009 0.003 0.003 0.504 0.477 
