#TopoPred_TM8: 8-state transmembrane topology prediction results by no_profile mode 
#probabilities are in the order of H E C I L F X _, the 8 transmembrane topology types used in PDBTM 
   1 M X   0.018 0.001 0.003 0.072 0.012 0.016 0.671 0.207 
   2 S X   0.009 0.001 0.000 0.053 0.003 0.011 0.690 0.233 
   3 L X   0.005 0.001 0.000 0.038 0.002 0.009 0.695 0.251 
   4 H X   0.004 0.001 0.000 0.029 0.002 0.009 0.692 0.264 
   5 F X   0.005 0.001 0.000 0.023 0.002 0.010 0.683 0.275 
   6 L X   0.006 0.001 0.000 0.019 0.003 0.011 0.671 0.289 
   7 Y X   0.007 0.001 0.000 0.015 0.003 0.011 0.658 0.305 
   8 Y X   0.007 0.002 0.000 0.012 0.003 0.011 0.644 0.322 
   9 C X   0.007 0.002 0.000 0.009 0.003 0.011 0.628 0.340 
  10 S X   0.007 0.003 0.000 0.008 0.003 0.011 0.611 0.358 
  11 E X   0.006 0.003 0.000 0.007 0.003 0.011 0.593 0.375 
  12 P X   0.006 0.005 0.000 0.007 0.004 0.012 0.575 0.390 
  13 T X   0.007 0.007 0.001 0.009 0.004 0.013 0.556 0.403 
  14 L X   0.008 0.011 0.001 0.011 0.006 0.015 0.537 0.412 
  15 D X   0.009 0.018 0.001 0.015 0.008 0.017 0.515 0.417 
  16 V X   0.010 0.027 0.001 0.021 0.010 0.020 0.493 0.417 
  17 K X   0.011 0.038 0.001 0.028 0.012 0.021 0.472 0.417 
  18 I X   0.011 0.047 0.001 0.033 0.014 0.022 0.453 0.419 
  19 A X   0.012 0.053 0.001 0.036 0.014 0.022 0.436 0.426 
  20 F _   0.012 0.056 0.001 0.036 0.014 0.021 0.422 0.438 
  21 C _   0.012 0.057 0.001 0.033 0.012 0.021 0.409 0.455 
  22 Q _   0.011 0.056 0.001 0.028 0.011 0.019 0.399 0.475 
  23 G _   0.011 0.054 0.001 0.021 0.009 0.018 0.389 0.497 
  24 F _   0.010 0.051 0.001 0.016 0.007 0.017 0.380 0.518 
  25 D _   0.010 0.048 0.001 0.012 0.006 0.016 0.372 0.534 
  26 K _   0.010 0.046 0.001 0.010 0.006 0.016 0.365 0.546 
  27 Q _   0.010 0.046 0.001 0.010 0.006 0.016 0.357 0.554 
  28 V _   0.011 0.048 0.001 0.012 0.006 0.017 0.349 0.557 
  29 D _   0.011 0.051 0.001 0.015 0.007 0.017 0.341 0.556 
  30 V _   0.012 0.055 0.001 0.020 0.009 0.018 0.333 0.553 
  31 S _   0.012 0.059 0.001 0.025 0.010 0.018 0.325 0.550 
  32 Y _   0.013 0.062 0.001 0.029 0.011 0.018 0.318 0.549 
  33 I _   0.012 0.063 0.001 0.031 0.010 0.017 0.312 0.553 
  34 A _   0.012 0.062 0.001 0.031 0.010 0.016 0.307 0.562 
  35 K _   0.011 0.058 0.001 0.028 0.008 0.014 0.303 0.577 
  36 H _   0.010 0.051 0.001 0.023 0.007 0.012 0.300 0.597 
  37 Y _   0.009 0.043 0.001 0.017 0.005 0.010 0.297 0.618 
  38 N _   0.008 0.034 0.001 0.013 0.004 0.009 0.294 0.638 
  39 M _   0.007 0.026 0.000 0.009 0.003 0.008 0.291 0.656 
  40 S _   0.006 0.021 0.000 0.006 0.002 0.007 0.288 0.669 
  41 K _   0.005 0.017 0.000 0.005 0.002 0.006 0.285 0.679 
  42 S _   0.005 0.016 0.000 0.004 0.002 0.006 0.281 0.686 
  43 K _   0.005 0.015 0.000 0.004 0.002 0.007 0.276 0.690 
  44 V _   0.005 0.016 0.000 0.005 0.002 0.007 0.271 0.693 
  45 D _   0.006 0.019 0.000 0.007 0.003 0.009 0.265 0.693 
  46 N _   0.006 0.023 0.000 0.009 0.004 0.010 0.258 0.690 
  47 Q _   0.007 0.028 0.001 0.012 0.005 0.012 0.250 0.687 
  48 F _   0.007 0.034 0.001 0.014 0.006 0.013 0.242 0.682 
  49 Y _   0.008 0.041 0.001 0.017 0.007 0.015 0.235 0.677 
  50 S _   0.009 0.048 0.001 0.019 0.008 0.016 0.227 0.672 
  51 V _   0.009 0.054 0.001 0.022 0.009 0.018 0.220 0.668 
  52 E _   0.010 0.060 0.001 0.024 0.010 0.019 0.214 0.663 
  53 V _   0.011 0.065 0.001 0.025 0.011 0.020 0.208 0.659 
  54 G _   0.012 0.068 0.001 0.028 0.012 0.021 0.203 0.656 
  55 D _   0.013 0.071 0.001 0.030 0.012 0.021 0.199 0.653 
  56 S _   0.014 0.073 0.001 0.031 0.013 0.021 0.195 0.653 
  57 T _   0.014 0.072 0.001 0.033 0.013 0.021 0.192 0.654 
  58 F _   0.014 0.071 0.001 0.033 0.012 0.020 0.189 0.660 
  59 T _   0.014 0.066 0.001 0.031 0.011 0.019 0.188 0.670 
  60 V _   0.013 0.060 0.001 0.028 0.010 0.017 0.187 0.684 
  61 L _   0.012 0.051 0.001 0.024 0.008 0.016 0.186 0.703 
  62 K _   0.011 0.039 0.001 0.019 0.007 0.014 0.185 0.725 
  63 R _   0.010 0.027 0.001 0.014 0.005 0.012 0.184 0.747 
  64 Y _   0.009 0.017 0.001 0.010 0.004 0.011 0.183 0.766 
  65 Q _   0.008 0.009 0.000 0.006 0.003 0.010 0.182 0.781 
  66 N _   0.008 0.004 0.000 0.004 0.002 0.010 0.180 0.791 
  67 L _   0.009 0.002 0.000 0.003 0.002 0.010 0.178 0.796 
  68 K _   0.011 0.001 0.000 0.003 0.002 0.011 0.175 0.797 
  69 P _   0.016 0.001 0.000 0.002 0.003 0.014 0.171 0.793 
  70 I _   0.024 0.001 0.000 0.003 0.004 0.019 0.167 0.782 
  71 G _   0.037 0.001 0.001 0.004 0.006 0.026 0.162 0.763 
  72 S _   0.056 0.002 0.001 0.005 0.011 0.036 0.156 0.734 
  73 G _   0.079 0.004 0.001 0.008 0.019 0.046 0.149 0.693 
  74 A _   0.105 0.008 0.002 0.012 0.030 0.057 0.142 0.645 
  75 Q _   0.128 0.013 0.002 0.017 0.041 0.066 0.136 0.597 
  76 G _   0.147 0.020 0.002 0.022 0.051 0.072 0.131 0.555 
  77 I _   0.161 0.026 0.003 0.027 0.058 0.075 0.127 0.524 
  78 V _   0.170 0.030 0.003 0.031 0.061 0.076 0.124 0.506 
  79 C _   0.172 0.032 0.003 0.033 0.060 0.073 0.122 0.503 
  80 A _   0.170 0.033 0.003 0.033 0.057 0.070 0.121 0.514 
  81 A _   0.161 0.031 0.003 0.031 0.051 0.064 0.121 0.538 
  82 Y _   0.149 0.028 0.002 0.026 0.042 0.058 0.122 0.572 
  83 D _   0.133 0.023 0.002 0.021 0.034 0.051 0.123 0.614 
  84 A _   0.114 0.017 0.002 0.017 0.025 0.045 0.124 0.656 
  85 V _   0.096 0.013 0.001 0.013 0.018 0.039 0.125 0.695 
  86 L _   0.079 0.010 0.001 0.010 0.013 0.033 0.126 0.727 
  87 D _   0.065 0.008 0.001 0.009 0.010 0.029 0.127 0.751 
  88 R _   0.053 0.007 0.001 0.009 0.008 0.025 0.128 0.769 
  89 N _   0.043 0.006 0.001 0.010 0.007 0.023 0.129 0.782 
  90 V _   0.036 0.006 0.001 0.011 0.007 0.020 0.129 0.791 
  91 A _   0.030 0.006 0.001 0.012 0.006 0.018 0.130 0.798 
  92 I _   0.025 0.006 0.001 0.012 0.006 0.016 0.130 0.804 
  93 K _   0.021 0.005 0.001 0.012 0.005 0.015 0.130 0.811 
  94 K _   0.018 0.005 0.001 0.012 0.005 0.013 0.130 0.817 
  95 L _   0.015 0.004 0.001 0.010 0.004 0.011 0.130 0.825 
  96 S _   0.012 0.003 0.000 0.009 0.004 0.010 0.130 0.832 
  97 R _   0.010 0.002 0.000 0.007 0.003 0.008 0.130 0.838 
  98 P _   0.008 0.002 0.000 0.006 0.002 0.008 0.130 0.844 
  99 F _   0.007 0.001 0.000 0.005 0.002 0.007 0.129 0.849 
 100 Q _   0.007 0.001 0.000 0.004 0.002 0.007 0.128 0.852 
 101 N _   0.006 0.001 0.000 0.003 0.002 0.007 0.126 0.855 
 102 Q _   0.006 0.001 0.000 0.003 0.002 0.007 0.124 0.856 
 103 T _   0.007 0.001 0.000 0.003 0.002 0.009 0.122 0.857 
 104 H _   0.008 0.001 0.000 0.004 0.002 0.011 0.118 0.855 
 105 A _   0.010 0.002 0.000 0.005 0.003 0.014 0.115 0.851 
 106 K _   0.013 0.003 0.001 0.007 0.005 0.018 0.111 0.843 
 107 R _   0.016 0.005 0.001 0.011 0.008 0.023 0.106 0.830 
 108 A _   0.020 0.009 0.001 0.016 0.011 0.028 0.101 0.814 
 109 Y _   0.025 0.013 0.001 0.022 0.015 0.032 0.096 0.795 
 110 R _   0.029 0.017 0.001 0.029 0.019 0.037 0.091 0.777 
 111 E _   0.033 0.019 0.002 0.034 0.022 0.039 0.087 0.763 
 112 L _   0.037 0.021 0.002 0.036 0.024 0.041 0.083 0.757 
 113 V _   0.041 0.020 0.002 0.035 0.023 0.041 0.080 0.758 
 114 L _   0.045 0.018 0.002 0.030 0.022 0.041 0.077 0.766 
 115 M _   0.048 0.015 0.001 0.024 0.019 0.039 0.074 0.779 
 116 K _   0.052 0.010 0.001 0.017 0.016 0.038 0.072 0.793 
 117 C _   0.056 0.006 0.001 0.011 0.014 0.037 0.070 0.806 
 118 V _   0.061 0.003 0.001 0.007 0.011 0.036 0.068 0.813 
 119 N _   0.067 0.002 0.001 0.005 0.010 0.035 0.067 0.814 
 120 H _   0.075 0.001 0.001 0.004 0.010 0.036 0.065 0.809 
 121 K _   0.084 0.001 0.001 0.004 0.011 0.037 0.063 0.799 
 122 N _   0.095 0.001 0.001 0.005 0.013 0.039 0.062 0.784 
 123 I _   0.105 0.002 0.001 0.007 0.017 0.041 0.060 0.766 
 124 I _   0.113 0.003 0.001 0.011 0.021 0.043 0.059 0.749 
 125 S _   0.117 0.005 0.002 0.015 0.024 0.043 0.058 0.736 
 126 L _   0.118 0.006 0.002 0.019 0.025 0.043 0.058 0.730 
 127 L _   0.115 0.007 0.002 0.021 0.025 0.041 0.057 0.732 
 128 N _   0.108 0.007 0.002 0.021 0.023 0.038 0.057 0.742 
 129 V _   0.099 0.006 0.002 0.019 0.020 0.035 0.057 0.761 
 130 F _   0.087 0.005 0.001 0.016 0.016 0.031 0.057 0.786 
 131 T _   0.075 0.003 0.001 0.011 0.012 0.027 0.057 0.813 
 132 P _   0.064 0.002 0.001 0.007 0.008 0.023 0.057 0.837 
 133 Q _   0.055 0.001 0.001 0.004 0.006 0.020 0.057 0.856 
 134 K _   0.048 0.000 0.000 0.003 0.004 0.019 0.056 0.870 
 135 T _   0.043 0.000 0.000 0.002 0.003 0.018 0.055 0.877 
 136 L _   0.043 0.000 0.000 0.002 0.003 0.018 0.054 0.879 
 137 E _   0.046 0.000 0.000 0.002 0.004 0.020 0.053 0.874 
 138 E _   0.052 0.000 0.001 0.002 0.005 0.024 0.052 0.864 
 139 F _   0.061 0.000 0.001 0.004 0.008 0.028 0.051 0.847 
 140 Q _   0.072 0.001 0.001 0.006 0.012 0.033 0.049 0.826 
 141 D _   0.083 0.002 0.001 0.009 0.016 0.038 0.048 0.803 
 142 V _   0.094 0.003 0.001 0.013 0.021 0.042 0.046 0.780 
 143 Y _   0.104 0.004 0.002 0.016 0.024 0.044 0.045 0.762 
 144 L _   0.110 0.004 0.002 0.018 0.025 0.045 0.044 0.751 
 145 V _   0.114 0.004 0.002 0.017 0.025 0.045 0.043 0.749 
 146 M _   0.117 0.004 0.002 0.015 0.023 0.044 0.042 0.754 
 147 E _   0.117 0.003 0.001 0.011 0.020 0.043 0.041 0.763 
 148 L _   0.116 0.002 0.001 0.008 0.017 0.041 0.041 0.775 
 149 M _   0.114 0.001 0.001 0.006 0.015 0.039 0.040 0.784 
 150 D _   0.112 0.001 0.001 0.005 0.014 0.038 0.040 0.790 
 151 A _   0.111 0.001 0.001 0.005 0.013 0.038 0.039 0.792 
 152 N _   0.112 0.001 0.001 0.006 0.014 0.038 0.039 0.789 
 153 L _   0.111 0.002 0.001 0.008 0.015 0.038 0.039 0.786 
 154 C _   0.109 0.002 0.001 0.011 0.016 0.037 0.039 0.783 
 155 Q _   0.104 0.003 0.001 0.015 0.017 0.036 0.039 0.784 
 156 V _   0.098 0.004 0.001 0.017 0.017 0.035 0.039 0.789 
 157 I _   0.091 0.004 0.001 0.017 0.015 0.032 0.039 0.800 
 158 Q _   0.083 0.003 0.001 0.015 0.013 0.030 0.039 0.816 
 159 M _   0.074 0.003 0.001 0.012 0.010 0.027 0.039 0.835 
 160 E _   0.067 0.002 0.001 0.008 0.008 0.024 0.039 0.852 
 161 L _   0.062 0.001 0.001 0.005 0.006 0.022 0.039 0.866 
 162 D _   0.059 0.000 0.000 0.003 0.004 0.021 0.038 0.873 
 163 H _   0.061 0.000 0.000 0.002 0.004 0.021 0.037 0.874 
 164 E _   0.067 0.000 0.000 0.002 0.004 0.023 0.037 0.867 
 165 R _   0.080 0.000 0.001 0.002 0.006 0.027 0.036 0.850 
 166 M _   0.098 0.000 0.001 0.002 0.008 0.032 0.035 0.824 
 167 S _   0.120 0.001 0.001 0.004 0.013 0.038 0.034 0.790 
 168 Y _   0.144 0.002 0.001 0.006 0.020 0.045 0.032 0.748 
 169 L _   0.166 0.004 0.002 0.011 0.029 0.051 0.031 0.706 
 170 L _   0.184 0.007 0.002 0.016 0.037 0.056 0.031 0.668 
 171 Y _   0.196 0.010 0.002 0.020 0.042 0.058 0.030 0.641 
 172 Q _   0.201 0.012 0.002 0.023 0.044 0.058 0.030 0.629 
 173 M _   0.200 0.013 0.002 0.024 0.044 0.057 0.030 0.631 
 174 L _   0.193 0.012 0.002 0.022 0.040 0.054 0.030 0.647 
 175 C _   0.180 0.011 0.002 0.019 0.035 0.050 0.031 0.673 
 176 G _   0.164 0.009 0.002 0.015 0.029 0.046 0.032 0.705 
 177 I _   0.145 0.007 0.002 0.011 0.023 0.041 0.032 0.739 
 178 K _   0.124 0.005 0.001 0.009 0.018 0.037 0.033 0.772 
 179 H _   0.105 0.005 0.001 0.008 0.015 0.034 0.033 0.798 
 180 L _   0.089 0.005 0.001 0.009 0.013 0.032 0.034 0.819 
 181 H _   0.074 0.005 0.001 0.010 0.012 0.029 0.035 0.834 
 182 S _   0.062 0.005 0.001 0.012 0.011 0.027 0.036 0.846 
 183 A _   0.050 0.006 0.001 0.015 0.011 0.025 0.036 0.856 
 184 G _   0.041 0.007 0.001 0.017 0.010 0.023 0.037 0.865 
 185 I _   0.034 0.007 0.001 0.017 0.009 0.020 0.038 0.874 
 186 I _   0.028 0.007 0.001 0.017 0.008 0.018 0.038 0.884 
 187 H _   0.022 0.006 0.001 0.015 0.007 0.015 0.039 0.895 
 188 R _   0.018 0.005 0.001 0.012 0.006 0.013 0.040 0.905 
 189 D _   0.015 0.004 0.001 0.010 0.005 0.012 0.040 0.915 
 190 L _   0.012 0.003 0.000 0.008 0.004 0.010 0.041 0.922 
 191 K _   0.010 0.002 0.000 0.006 0.003 0.009 0.041 0.928 
 192 P _   0.009 0.002 0.000 0.005 0.003 0.009 0.041 0.932 
 193 S _   0.008 0.001 0.000 0.005 0.002 0.009 0.041 0.933 
 194 N _   0.008 0.001 0.000 0.005 0.003 0.009 0.041 0.933 
 195 I _   0.008 0.002 0.000 0.005 0.003 0.010 0.041 0.931 
 196 V _   0.009 0.002 0.000 0.006 0.003 0.011 0.040 0.929 
 197 V _   0.010 0.003 0.000 0.007 0.004 0.012 0.039 0.925 
 198 K _   0.011 0.004 0.001 0.008 0.004 0.015 0.038 0.920 
 199 S _   0.012 0.005 0.001 0.009 0.006 0.017 0.037 0.913 
 200 D _   0.014 0.007 0.001 0.011 0.007 0.020 0.036 0.905 
 201 C _   0.016 0.009 0.001 0.013 0.009 0.023 0.035 0.895 
 202 T _   0.018 0.012 0.001 0.015 0.011 0.027 0.034 0.883 
 203 L _   0.021 0.015 0.001 0.018 0.013 0.030 0.032 0.870 
 204 K _   0.024 0.018 0.001 0.022 0.015 0.033 0.031 0.855 
 205 I _   0.028 0.021 0.001 0.025 0.017 0.036 0.030 0.842 
 206 L _   0.031 0.022 0.001 0.027 0.019 0.038 0.029 0.831 
 207 D _   0.034 0.023 0.001 0.028 0.020 0.039 0.028 0.825 
 208 F _   0.037 0.023 0.001 0.027 0.020 0.040 0.028 0.823 
 209 G _   0.040 0.021 0.001 0.025 0.020 0.041 0.027 0.825 
 210 L _   0.043 0.018 0.001 0.021 0.019 0.041 0.027 0.831 
 211 A _   0.046 0.015 0.001 0.017 0.017 0.040 0.026 0.839 
 212 R _   0.048 0.011 0.001 0.013 0.015 0.040 0.026 0.846 
 213 T _   0.051 0.008 0.001 0.010 0.014 0.040 0.026 0.850 
 214 A _   0.056 0.007 0.001 0.008 0.013 0.041 0.025 0.849 
 215 G _   0.061 0.006 0.001 0.007 0.014 0.042 0.025 0.844 
 216 T _   0.068 0.006 0.001 0.008 0.015 0.043 0.025 0.834 
 217 S _   0.074 0.006 0.001 0.009 0.018 0.045 0.024 0.823 
 218 F _   0.080 0.007 0.001 0.011 0.021 0.046 0.024 0.810 
 219 M _   0.084 0.009 0.001 0.014 0.023 0.047 0.024 0.798 
 220 M _   0.086 0.010 0.002 0.017 0.025 0.047 0.024 0.788 
 221 T _   0.087 0.012 0.002 0.020 0.026 0.046 0.024 0.784 
 222 P _   0.084 0.012 0.002 0.021 0.026 0.045 0.024 0.785 
 223 Y _   0.081 0.012 0.002 0.021 0.025 0.042 0.025 0.793 
 224 V _   0.076 0.012 0.002 0.019 0.022 0.039 0.025 0.805 
 225 V _   0.069 0.010 0.001 0.017 0.019 0.036 0.026 0.821 
 226 T _   0.062 0.009 0.001 0.015 0.016 0.033 0.026 0.838 
 227 R _   0.054 0.007 0.001 0.012 0.013 0.030 0.027 0.856 
 228 Y _   0.045 0.006 0.001 0.010 0.011 0.028 0.027 0.872 
 229 Y _   0.038 0.005 0.001 0.009 0.009 0.025 0.028 0.884 
 230 R _   0.032 0.005 0.001 0.009 0.009 0.024 0.028 0.893 
 231 A _   0.027 0.004 0.001 0.010 0.008 0.022 0.028 0.900 
 232 P _   0.024 0.005 0.001 0.011 0.008 0.021 0.029 0.902 
 233 E _   0.022 0.005 0.001 0.013 0.008 0.020 0.029 0.903 
 234 V _   0.020 0.005 0.001 0.014 0.008 0.020 0.029 0.902 
 235 I _   0.019 0.006 0.001 0.015 0.008 0.019 0.029 0.902 
 236 L _   0.019 0.005 0.001 0.016 0.008 0.019 0.029 0.903 
 237 G _   0.018 0.005 0.001 0.015 0.008 0.018 0.030 0.906 
 238 M _   0.019 0.004 0.001 0.012 0.007 0.017 0.030 0.910 
 239 G _   0.021 0.003 0.001 0.010 0.006 0.017 0.030 0.914 
 240 Y _   0.025 0.002 0.001 0.007 0.005 0.017 0.030 0.915 
 241 K _   0.031 0.001 0.000 0.004 0.004 0.018 0.030 0.911 
 242 E _   0.043 0.000 0.001 0.003 0.004 0.020 0.030 0.899 
 243 N _   0.062 0.000 0.001 0.002 0.005 0.023 0.030 0.877 
 244 V _   0.091 0.000 0.001 0.002 0.008 0.028 0.029 0.841 
 245 D _   0.130 0.000 0.001 0.003 0.012 0.035 0.029 0.790 
 246 I _   0.179 0.000 0.001 0.004 0.019 0.044 0.028 0.724 
 247 W _   0.227 0.001 0.002 0.006 0.029 0.053 0.028 0.654 
 248 S _   0.269 0.003 0.002 0.009 0.041 0.060 0.028 0.588 
 249 V _   0.302 0.006 0.003 0.013 0.051 0.065 0.028 0.531 
 250 G _   0.325 0.009 0.003 0.018 0.059 0.068 0.029 0.490 
 251 C _   0.337 0.012 0.003 0.021 0.063 0.068 0.030 0.466 
 252 I _   0.338 0.014 0.003 0.023 0.064 0.066 0.032 0.460 
 253 M _   0.329 0.014 0.003 0.023 0.061 0.063 0.035 0.472 
 254 G _   0.311 0.014 0.003 0.022 0.055 0.058 0.038 0.500 
 255 E _   0.283 0.012 0.003 0.019 0.047 0.053 0.041 0.541 
 256 M _   0.248 0.010 0.002 0.017 0.038 0.048 0.045 0.592 
 257 V _   0.208 0.008 0.002 0.015 0.029 0.042 0.049 0.648 
 258 R _   0.168 0.006 0.002 0.012 0.021 0.036 0.054 0.702 
 259 H _   0.131 0.005 0.001 0.011 0.015 0.030 0.058 0.748 
 260 K _   0.099 0.004 0.001 0.010 0.011 0.026 0.062 0.787 
 261 I _   0.074 0.003 0.001 0.010 0.008 0.022 0.066 0.817 
 262 L _   0.053 0.003 0.001 0.009 0.006 0.018 0.069 0.841 
 263 F _   0.038 0.002 0.001 0.008 0.005 0.015 0.072 0.859 
 264 P _   0.027 0.002 0.000 0.007 0.004 0.013 0.075 0.872 
 265 G _   0.020 0.002 0.000 0.006 0.003 0.011 0.076 0.881 
 266 R _   0.015 0.002 0.000 0.005 0.003 0.010 0.078 0.887 
 267 D _   0.012 0.002 0.000 0.004 0.003 0.010 0.079 0.889 
 268 Y _   0.011 0.003 0.000 0.004 0.002 0.010 0.080 0.889 
 269 I _   0.011 0.005 0.000 0.005 0.003 0.011 0.080 0.886 
 270 D _   0.011 0.009 0.000 0.006 0.004 0.013 0.080 0.878 
 271 Q _   0.012 0.015 0.001 0.008 0.005 0.015 0.080 0.864 
 272 W _   0.014 0.028 0.001 0.011 0.007 0.017 0.080 0.842 
 273 N _   0.015 0.048 0.001 0.016 0.009 0.020 0.079 0.811 
 274 K _   0.016 0.073 0.001 0.022 0.012 0.022 0.079 0.775 
 275 V _   0.017 0.099 0.001 0.027 0.014 0.023 0.078 0.741 
 276 I _   0.017 0.121 0.001 0.032 0.015 0.024 0.078 0.713 
 277 E _   0.016 0.137 0.001 0.034 0.015 0.024 0.078 0.694 
 278 Q _   0.016 0.147 0.001 0.035 0.015 0.024 0.079 0.684 
 279 L _   0.016 0.153 0.001 0.034 0.014 0.023 0.080 0.679 
 280 G _   0.015 0.155 0.001 0.032 0.013 0.022 0.081 0.681 
 281 T _   0.014 0.155 0.001 0.029 0.012 0.021 0.083 0.686 
 282 P _   0.013 0.152 0.001 0.025 0.011 0.020 0.085 0.693 
 283 C _   0.013 0.149 0.001 0.022 0.009 0.018 0.087 0.700 
 284 P _   0.012 0.145 0.001 0.020 0.008 0.017 0.090 0.706 
 285 E _   0.012 0.141 0.001 0.019 0.008 0.016 0.092 0.711 
 286 F _   0.011 0.137 0.001 0.018 0.007 0.015 0.095 0.716 
 287 M _   0.011 0.133 0.001 0.017 0.007 0.015 0.097 0.720 
 288 K _   0.011 0.129 0.001 0.016 0.006 0.014 0.100 0.723 
 289 K _   0.010 0.125 0.001 0.016 0.006 0.013 0.103 0.726 
 290 L _   0.010 0.120 0.001 0.016 0.006 0.012 0.106 0.729 
 291 Q _   0.009 0.116 0.001 0.015 0.006 0.011 0.109 0.733 
 292 P _   0.009 0.111 0.001 0.015 0.005 0.011 0.113 0.736 
 293 T _   0.008 0.105 0.001 0.014 0.005 0.010 0.116 0.740 
 294 V _   0.008 0.100 0.001 0.013 0.005 0.010 0.120 0.744 
 295 R _   0.007 0.094 0.001 0.012 0.004 0.009 0.124 0.749 
 296 N _   0.007 0.089 0.000 0.010 0.004 0.009 0.127 0.754 
 297 Y _   0.007 0.085 0.000 0.009 0.003 0.008 0.131 0.757 
 298 V _   0.006 0.082 0.000 0.008 0.003 0.008 0.134 0.759 
 299 E _   0.006 0.080 0.000 0.007 0.003 0.008 0.136 0.759 
 300 N _   0.006 0.081 0.000 0.007 0.003 0.009 0.139 0.756 
 301 R _   0.006 0.083 0.000 0.007 0.003 0.010 0.140 0.750 
 302 P _   0.007 0.088 0.000 0.009 0.004 0.011 0.142 0.739 
 303 K _   0.007 0.097 0.001 0.012 0.005 0.012 0.143 0.722 
 304 Y _   0.008 0.110 0.001 0.017 0.006 0.014 0.145 0.699 
 305 A _   0.009 0.127 0.001 0.023 0.008 0.016 0.146 0.670 
 306 G _   0.009 0.145 0.001 0.031 0.010 0.017 0.148 0.640 
 307 L _   0.009 0.159 0.001 0.038 0.011 0.018 0.150 0.615 
 308 T _   0.009 0.168 0.001 0.043 0.012 0.018 0.153 0.596 
 309 F _   0.009 0.173 0.001 0.047 0.012 0.018 0.157 0.584 
 310 P _   0.009 0.173 0.001 0.047 0.012 0.017 0.162 0.579 
 311 K _   0.009 0.169 0.001 0.045 0.011 0.016 0.169 0.580 
 312 L _   0.009 0.160 0.001 0.042 0.010 0.015 0.177 0.587 
 313 F _   0.009 0.145 0.001 0.036 0.009 0.014 0.187 0.600 
 314 P _   0.009 0.125 0.001 0.030 0.008 0.012 0.199 0.616 
 315 D _   0.008 0.101 0.001 0.025 0.006 0.011 0.212 0.636 
 316 S _   0.008 0.077 0.001 0.019 0.005 0.010 0.225 0.655 
 317 L _   0.008 0.055 0.001 0.014 0.004 0.009 0.237 0.672 
 318 F _   0.007 0.038 0.000 0.011 0.003 0.008 0.248 0.686 
 319 P _   0.006 0.026 0.000 0.008 0.002 0.006 0.256 0.695 
 320 A _   0.005 0.019 0.000 0.006 0.002 0.006 0.262 0.700 
 321 D _   0.005 0.014 0.000 0.005 0.001 0.005 0.267 0.703 
 322 S _   0.004 0.012 0.000 0.004 0.001 0.005 0.270 0.704 
 323 E _   0.004 0.010 0.000 0.004 0.001 0.005 0.273 0.704 
 324 H _   0.004 0.010 0.000 0.004 0.001 0.005 0.274 0.703 
 325 N _   0.004 0.011 0.000 0.004 0.001 0.005 0.274 0.700 
 326 K _   0.004 0.012 0.000 0.005 0.002 0.006 0.274 0.697 
 327 L _   0.004 0.014 0.000 0.007 0.002 0.007 0.273 0.692 
 328 K _   0.004 0.018 0.000 0.008 0.003 0.009 0.272 0.686 
 329 A _   0.005 0.022 0.000 0.010 0.003 0.010 0.271 0.678 
 330 S _   0.005 0.027 0.000 0.013 0.004 0.012 0.269 0.670 
 331 Q _   0.006 0.033 0.001 0.015 0.005 0.013 0.267 0.661 
 332 A _   0.006 0.039 0.001 0.017 0.006 0.015 0.266 0.651 
 333 R _   0.007 0.044 0.001 0.018 0.007 0.017 0.265 0.642 
 334 D _   0.009 0.049 0.001 0.020 0.008 0.018 0.264 0.632 
 335 L _   0.010 0.053 0.001 0.021 0.009 0.020 0.264 0.622 
 336 L _   0.011 0.056 0.001 0.023 0.010 0.021 0.264 0.613 
 337 S _   0.013 0.059 0.001 0.025 0.012 0.022 0.265 0.603 
 338 K _   0.015 0.061 0.001 0.026 0.013 0.023 0.267 0.595 
 339 M _   0.016 0.062 0.001 0.028 0.013 0.023 0.269 0.589 
 340 L _   0.017 0.061 0.001 0.028 0.013 0.022 0.272 0.585 
 341 V _   0.017 0.059 0.001 0.027 0.012 0.022 0.277 0.585 
 342 I _   0.017 0.055 0.001 0.025 0.012 0.020 0.282 0.588 
 343 D _   0.017 0.050 0.001 0.023 0.010 0.019 0.287 0.593 
 344 P _   0.016 0.043 0.001 0.019 0.009 0.017 0.293 0.601 
 345 A _   0.015 0.036 0.001 0.015 0.008 0.016 0.300 0.610 
 346 K _   0.014 0.028 0.001 0.012 0.006 0.014 0.306 0.618 
 347 R _   0.013 0.021 0.001 0.009 0.005 0.013 0.313 0.625 
 348 I _   0.012 0.016 0.000 0.008 0.004 0.011 0.319 0.630 
 349 S _   0.011 0.013 0.000 0.006 0.004 0.011 0.324 0.632 
 350 V _   0.010 0.011 0.000 0.006 0.003 0.010 0.328 0.631 
 351 D _   0.010 0.010 0.000 0.006 0.003 0.010 0.332 0.628 
 352 D _   0.010 0.009 0.000 0.007 0.004 0.010 0.336 0.624 
 353 A _   0.010 0.009 0.000 0.008 0.004 0.010 0.340 0.619 
 354 L _   0.010 0.010 0.000 0.009 0.004 0.010 0.344 0.612 
 355 Q _   0.009 0.010 0.001 0.010 0.005 0.010 0.348 0.606 
 356 H _   0.009 0.010 0.001 0.012 0.005 0.010 0.353 0.600 
 357 P _   0.009 0.011 0.001 0.013 0.005 0.010 0.357 0.595 
 358 Y _   0.009 0.011 0.001 0.013 0.005 0.010 0.362 0.590 
 359 I _   0.008 0.010 0.001 0.013 0.005 0.009 0.367 0.587 
 360 N _   0.008 0.010 0.001 0.013 0.004 0.009 0.373 0.583 
 361 V _   0.008 0.009 0.000 0.012 0.004 0.008 0.378 0.581 
 362 W _   0.007 0.008 0.000 0.010 0.003 0.008 0.384 0.579 
 363 Y _   0.007 0.007 0.000 0.009 0.003 0.007 0.389 0.578 
 364 D _   0.006 0.006 0.000 0.008 0.003 0.006 0.394 0.577 
 365 P _   0.006 0.005 0.000 0.007 0.002 0.006 0.399 0.575 
 366 A _   0.005 0.004 0.000 0.006 0.002 0.005 0.403 0.574 
 367 E _   0.005 0.004 0.000 0.006 0.002 0.005 0.406 0.573 
 368 V _   0.005 0.003 0.000 0.005 0.002 0.005 0.409 0.572 
 369 E _   0.004 0.003 0.000 0.005 0.001 0.004 0.411 0.571 
 370 A _   0.004 0.003 0.000 0.005 0.001 0.004 0.412 0.570 
 371 P _   0.004 0.003 0.000 0.005 0.001 0.004 0.413 0.569 
 372 P _   0.004 0.003 0.000 0.005 0.001 0.004 0.414 0.568 
 373 P _   0.004 0.004 0.000 0.005 0.001 0.004 0.413 0.568 
 374 Q _   0.004 0.004 0.000 0.005 0.001 0.004 0.413 0.568 
 375 I _   0.003 0.005 0.000 0.005 0.001 0.004 0.412 0.568 
 376 Y _   0.003 0.006 0.000 0.005 0.001 0.005 0.410 0.569 
 377 D _   0.003 0.007 0.000 0.005 0.001 0.005 0.408 0.570 
 378 K _   0.003 0.008 0.000 0.005 0.002 0.005 0.405 0.571 
 379 Q _   0.003 0.010 0.000 0.005 0.002 0.005 0.402 0.572 
 380 L _   0.003 0.014 0.000 0.006 0.002 0.006 0.397 0.572 
 381 D _   0.003 0.018 0.000 0.007 0.002 0.007 0.392 0.570 
 382 E _   0.004 0.025 0.000 0.008 0.003 0.008 0.386 0.566 
 383 R _   0.004 0.036 0.000 0.010 0.004 0.010 0.379 0.557 
 384 E _   0.005 0.051 0.001 0.013 0.005 0.012 0.370 0.543 
 385 H _   0.006 0.072 0.001 0.017 0.006 0.014 0.361 0.523 
 386 T _   0.007 0.098 0.001 0.022 0.008 0.016 0.351 0.497 
 387 I _   0.007 0.127 0.001 0.027 0.010 0.018 0.341 0.468 
 388 E _   0.008 0.154 0.001 0.032 0.012 0.019 0.332 0.441 
 389 E _   0.009 0.177 0.001 0.036 0.013 0.020 0.325 0.418 
 390 W _   0.009 0.195 0.001 0.040 0.014 0.021 0.320 0.401 
 391 K _   0.009 0.206 0.001 0.043 0.014 0.021 0.316 0.390 
 392 E _   0.010 0.212 0.001 0.045 0.014 0.020 0.313 0.384 
 393 L _   0.010 0.214 0.001 0.045 0.014 0.019 0.312 0.385 
 394 I _   0.010 0.212 0.001 0.044 0.013 0.018 0.312 0.389 
 395 Y _   0.010 0.206 0.001 0.041 0.012 0.017 0.314 0.399 
 396 K _   0.010 0.194 0.001 0.036 0.011 0.015 0.316 0.416 
 397 E _   0.010 0.176 0.001 0.031 0.009 0.014 0.320 0.438 
 398 V _   0.010 0.153 0.001 0.026 0.008 0.012 0.324 0.466 
 399 M _   0.009 0.126 0.001 0.020 0.006 0.011 0.329 0.497 
 400 N _   0.009 0.100 0.001 0.015 0.005 0.010 0.334 0.528 
 401 S _   0.008 0.078 0.001 0.011 0.004 0.008 0.337 0.554 
 402 E _   0.007 0.063 0.000 0.008 0.003 0.007 0.340 0.572 
 403 E _   0.006 0.053 0.000 0.006 0.002 0.006 0.342 0.584 
 404 K _   0.005 0.048 0.000 0.005 0.002 0.006 0.343 0.591 
 405 T _   0.005 0.045 0.000 0.005 0.002 0.006 0.343 0.595 
 406 K _   0.004 0.044 0.000 0.005 0.002 0.006 0.343 0.596 
 407 N _   0.004 0.045 0.000 0.006 0.002 0.006 0.341 0.595 
 408 G _   0.004 0.047 0.000 0.008 0.002 0.006 0.340 0.594 
 409 V _   0.004 0.049 0.000 0.009 0.002 0.006 0.337 0.591 
 410 V _   0.004 0.052 0.000 0.010 0.003 0.006 0.335 0.589 
 411 K _   0.004 0.055 0.000 0.011 0.003 0.006 0.332 0.588 
 412 G _   0.004 0.058 0.000 0.011 0.003 0.006 0.330 0.587 
 413 Q _   0.004 0.062 0.000 0.012 0.003 0.006 0.327 0.587 
 414 P _   0.003 0.065 0.000 0.012 0.003 0.006 0.325 0.587 
 415 S _   0.003 0.068 0.000 0.012 0.003 0.006 0.322 0.586 
 416 P _   0.003 0.071 0.000 0.012 0.003 0.006 0.320 0.585 
 417 S _   0.003 0.075 0.000 0.012 0.003 0.006 0.317 0.583 
 418 G _   0.003 0.080 0.000 0.013 0.003 0.007 0.314 0.580 
 419 A _   0.003 0.085 0.000 0.013 0.003 0.007 0.312 0.577 
 420 A _   0.003 0.091 0.000 0.014 0.003 0.007 0.309 0.573 
 421 V _   0.003 0.096 0.000 0.014 0.003 0.007 0.307 0.571 
 422 N _   0.003 0.101 0.000 0.014 0.003 0.007 0.304 0.568 
 423 S _   0.003 0.106 0.000 0.013 0.003 0.006 0.301 0.567 
 424 S _   0.003 0.111 0.000 0.013 0.003 0.006 0.299 0.565 
 425 E _   0.003 0.116 0.000 0.012 0.003 0.006 0.297 0.563 
 426 S _   0.003 0.121 0.000 0.012 0.003 0.006 0.294 0.561 
 427 L _   0.003 0.127 0.000 0.011 0.003 0.006 0.292 0.558 
 428 P _   0.003 0.134 0.000 0.011 0.003 0.006 0.290 0.553 
 429 P _   0.003 0.142 0.000 0.012 0.003 0.007 0.287 0.546 
 430 S _   0.003 0.153 0.000 0.012 0.003 0.007 0.284 0.536 
 431 S _   0.003 0.166 0.000 0.013 0.003 0.007 0.282 0.525 
 432 S _   0.003 0.180 0.000 0.014 0.004 0.008 0.279 0.511 
 433 V _   0.003 0.197 0.001 0.016 0.004 0.008 0.276 0.495 
 434 N _   0.004 0.214 0.001 0.017 0.004 0.008 0.274 0.478 
 435 D _   0.004 0.231 0.001 0.018 0.005 0.009 0.271 0.462 
 436 I _   0.004 0.247 0.001 0.019 0.005 0.009 0.270 0.446 
 437 S _   0.004 0.261 0.001 0.020 0.005 0.009 0.269 0.433 
 438 S _   0.004 0.272 0.001 0.020 0.005 0.008 0.268 0.422 
 439 M _   0.004 0.280 0.001 0.020 0.005 0.008 0.269 0.414 
 440 S _   0.003 0.285 0.000 0.019 0.004 0.008 0.270 0.409 
 441 T _   0.003 0.288 0.000 0.018 0.004 0.008 0.272 0.407 
 442 D _   0.003 0.289 0.000 0.017 0.004 0.007 0.274 0.405 
 443 Q _   0.003 0.289 0.000 0.015 0.003 0.007 0.277 0.406 
 444 T _   0.003 0.288 0.000 0.013 0.003 0.006 0.280 0.407 
 445 L _   0.003 0.286 0.000 0.011 0.003 0.006 0.283 0.408 
 446 A _   0.003 0.285 0.000 0.009 0.002 0.006 0.286 0.409 
 447 S _   0.003 0.285 0.000 0.008 0.002 0.006 0.289 0.408 
 448 D _   0.003 0.286 0.000 0.008 0.002 0.006 0.291 0.404 
 449 T _   0.003 0.289 0.000 0.008 0.002 0.006 0.293 0.398 
 450 D _   0.003 0.296 0.000 0.009 0.002 0.007 0.294 0.388 
 451 S _   0.003 0.306 0.000 0.011 0.003 0.008 0.295 0.374 
 452 S _   0.004 0.320 0.000 0.013 0.004 0.008 0.296 0.355 
 453 L E   0.004 0.338 0.001 0.017 0.004 0.009 0.297 0.331 
 454 E E   0.004 0.357 0.001 0.020 0.005 0.010 0.298 0.305 
 455 A E   0.004 0.375 0.001 0.024 0.006 0.010 0.299 0.281 
 456 S E   0.004 0.390 0.001 0.027 0.006 0.009 0.301 0.263 
 457 A E   0.003 0.399 0.001 0.029 0.006 0.008 0.304 0.250 
 458 G E   0.003 0.404 0.001 0.030 0.005 0.007 0.308 0.242 
 459 P E   0.002 0.404 0.001 0.029 0.004 0.006 0.314 0.240 
 460 L E   0.002 0.397 0.000 0.026 0.003 0.004 0.322 0.246 
 461 G E   0.001 0.380 0.000 0.021 0.001 0.002 0.331 0.263 
 462 C E   0.000 0.352 0.000 0.016 0.001 0.001 0.336 0.293 
 463 C X   0.001 0.324 0.000 0.016 0.001 0.001 0.337 0.321 
 464 R X   0.003 0.303 0.002 0.025 0.004 0.004 0.330 0.329 
