#TopoPred_TM8: 8-state transmembrane topology prediction results by no_profile mode 
#probabilities are in the order of H E C I L F X _, the 8 transmembrane topology types used in PDBTM 
   1 M X   0.011 0.001 0.002 0.048 0.008 0.008 0.782 0.141 
   2 G X   0.004 0.001 0.000 0.027 0.001 0.004 0.803 0.160 
   3 N X   0.001 0.000 0.000 0.014 0.000 0.002 0.808 0.174 
   4 Y X   0.001 0.000 0.000 0.009 0.000 0.002 0.806 0.181 
   5 K X   0.001 0.001 0.000 0.008 0.001 0.003 0.801 0.186 
   6 S X   0.001 0.001 0.000 0.008 0.001 0.004 0.792 0.193 
   7 R X   0.002 0.002 0.000 0.008 0.001 0.005 0.782 0.200 
   8 P X   0.002 0.003 0.000 0.009 0.001 0.006 0.770 0.208 
   9 T X   0.003 0.005 0.000 0.011 0.002 0.006 0.755 0.218 
  10 Q X   0.003 0.007 0.000 0.013 0.002 0.007 0.737 0.229 
  11 T X   0.003 0.010 0.000 0.015 0.003 0.007 0.719 0.243 
  12 C X   0.002 0.012 0.000 0.015 0.003 0.008 0.700 0.259 
  13 T X   0.002 0.015 0.000 0.014 0.003 0.008 0.681 0.276 
  14 D X   0.002 0.017 0.000 0.013 0.003 0.008 0.663 0.293 
  15 E X   0.003 0.019 0.000 0.011 0.003 0.009 0.645 0.310 
  16 W X   0.003 0.022 0.000 0.010 0.003 0.009 0.626 0.326 
  17 K X   0.003 0.026 0.000 0.011 0.003 0.011 0.606 0.339 
  18 K X   0.004 0.032 0.001 0.012 0.005 0.013 0.584 0.349 
  19 K X   0.005 0.043 0.001 0.016 0.007 0.016 0.560 0.353 
  20 V X   0.007 0.060 0.001 0.022 0.009 0.019 0.532 0.351 
  21 S X   0.008 0.083 0.001 0.030 0.013 0.021 0.503 0.341 
  22 E X   0.009 0.108 0.002 0.040 0.015 0.023 0.474 0.328 
  23 S X   0.010 0.131 0.002 0.050 0.017 0.024 0.450 0.316 
  24 Y X   0.011 0.146 0.002 0.058 0.018 0.024 0.430 0.310 
  25 V X   0.012 0.155 0.001 0.063 0.018 0.024 0.416 0.311 
  26 I X   0.012 0.158 0.001 0.064 0.017 0.023 0.405 0.320 
  27 T X   0.012 0.156 0.001 0.060 0.016 0.021 0.397 0.338 
  28 I X   0.012 0.147 0.001 0.052 0.013 0.019 0.391 0.364 
  29 E _   0.012 0.131 0.001 0.042 0.011 0.016 0.386 0.400 
  30 R _   0.011 0.107 0.001 0.030 0.008 0.014 0.383 0.446 
  31 L _   0.010 0.078 0.001 0.020 0.006 0.012 0.379 0.494 
  32 E _   0.009 0.053 0.001 0.012 0.004 0.009 0.376 0.536 
  33 D _   0.007 0.036 0.000 0.007 0.003 0.008 0.371 0.567 
  34 D _   0.006 0.028 0.000 0.005 0.002 0.007 0.366 0.587 
  35 L _   0.005 0.024 0.000 0.003 0.001 0.006 0.359 0.601 
  36 Q _   0.005 0.023 0.000 0.003 0.001 0.006 0.350 0.610 
  37 I _   0.005 0.024 0.000 0.004 0.002 0.007 0.340 0.617 
  38 K _   0.005 0.028 0.000 0.006 0.003 0.009 0.327 0.621 
  39 E _   0.006 0.036 0.001 0.010 0.004 0.011 0.311 0.621 
  40 K _   0.007 0.050 0.001 0.016 0.006 0.013 0.292 0.615 
  41 E _   0.007 0.069 0.001 0.024 0.008 0.015 0.271 0.605 
  42 L _   0.007 0.090 0.001 0.031 0.010 0.017 0.250 0.593 
  43 T _   0.007 0.109 0.001 0.038 0.011 0.018 0.231 0.584 
  44 E _   0.008 0.123 0.001 0.043 0.012 0.019 0.214 0.579 
  45 L _   0.008 0.133 0.001 0.047 0.012 0.019 0.201 0.580 
  46 R _   0.008 0.138 0.001 0.048 0.012 0.019 0.189 0.585 
  47 N _   0.008 0.139 0.001 0.047 0.012 0.018 0.180 0.595 
  48 I _   0.008 0.137 0.001 0.044 0.011 0.017 0.173 0.608 
  49 F _   0.008 0.132 0.001 0.040 0.010 0.016 0.166 0.626 
  50 G _   0.008 0.124 0.001 0.035 0.009 0.015 0.161 0.646 
  51 S _   0.008 0.113 0.001 0.030 0.008 0.014 0.156 0.669 
  52 D _   0.008 0.099 0.001 0.026 0.007 0.013 0.152 0.693 
  53 E _   0.008 0.084 0.001 0.022 0.006 0.012 0.148 0.717 
  54 A _   0.008 0.069 0.001 0.019 0.006 0.012 0.145 0.741 
  55 F _   0.008 0.055 0.001 0.016 0.005 0.011 0.142 0.763 
  56 S _   0.008 0.042 0.001 0.014 0.004 0.010 0.138 0.783 
  57 K _   0.008 0.031 0.001 0.012 0.004 0.009 0.135 0.801 
  58 V _   0.008 0.021 0.000 0.010 0.003 0.009 0.131 0.817 
  59 N _   0.008 0.014 0.000 0.009 0.003 0.008 0.127 0.830 
  60 L _   0.010 0.008 0.000 0.007 0.003 0.008 0.123 0.840 
  61 N _   0.013 0.004 0.000 0.005 0.003 0.008 0.118 0.847 
  62 Y _   0.020 0.002 0.000 0.004 0.003 0.009 0.112 0.850 
  63 R _   0.031 0.001 0.000 0.003 0.003 0.010 0.106 0.846 
  64 T _   0.052 0.000 0.000 0.003 0.003 0.012 0.098 0.832 
  65 E _   0.087 0.000 0.001 0.002 0.004 0.015 0.089 0.802 
  66 N _   0.144 0.000 0.001 0.002 0.007 0.019 0.079 0.749 
  67 G _   0.227 0.000 0.001 0.002 0.010 0.024 0.067 0.669 
  68 L _   0.329 0.000 0.001 0.002 0.017 0.030 0.055 0.565 
  69 S _   0.432 0.000 0.002 0.002 0.025 0.036 0.045 0.458 
  70 L H   0.516 0.000 0.002 0.003 0.034 0.040 0.038 0.367 
  71 L H   0.577 0.001 0.002 0.004 0.040 0.041 0.034 0.301 
  72 H H   0.613 0.001 0.002 0.005 0.044 0.041 0.031 0.262 
  73 L H   0.628 0.002 0.002 0.007 0.046 0.040 0.029 0.246 
  74 C H   0.627 0.002 0.002 0.009 0.045 0.037 0.028 0.249 
  75 C H   0.610 0.002 0.002 0.009 0.043 0.035 0.027 0.272 
  76 I H   0.575 0.002 0.002 0.008 0.037 0.032 0.027 0.317 
  77 C H   0.522 0.001 0.002 0.006 0.030 0.028 0.027 0.383 
  78 G _   0.453 0.000 0.002 0.004 0.022 0.025 0.027 0.467 
  79 G _   0.376 0.000 0.001 0.002 0.015 0.023 0.027 0.556 
  80 K _   0.301 0.000 0.001 0.002 0.010 0.021 0.028 0.638 
  81 K _   0.238 0.000 0.001 0.002 0.008 0.021 0.028 0.704 
  82 S _   0.190 0.000 0.001 0.002 0.007 0.021 0.028 0.751 
  83 H _   0.156 0.000 0.001 0.003 0.008 0.022 0.029 0.781 
  84 I _   0.129 0.001 0.001 0.007 0.009 0.024 0.029 0.799 
  85 R _   0.107 0.004 0.001 0.013 0.012 0.026 0.030 0.808 
  86 T _   0.088 0.007 0.001 0.020 0.014 0.027 0.030 0.814 
  87 L _   0.072 0.010 0.001 0.026 0.015 0.026 0.030 0.820 
  88 M _   0.057 0.012 0.001 0.029 0.015 0.025 0.031 0.830 
  89 L _   0.045 0.012 0.001 0.028 0.013 0.023 0.031 0.846 
  90 K _   0.035 0.011 0.001 0.025 0.011 0.021 0.032 0.865 
  91 G _   0.027 0.009 0.001 0.019 0.009 0.018 0.032 0.885 
  92 L _   0.021 0.007 0.001 0.013 0.006 0.016 0.032 0.904 
  93 R _   0.018 0.005 0.001 0.008 0.004 0.014 0.033 0.918 
  94 P _   0.015 0.003 0.000 0.006 0.003 0.013 0.033 0.928 
  95 S _   0.013 0.002 0.000 0.004 0.003 0.012 0.032 0.932 
  96 R _   0.013 0.002 0.000 0.004 0.003 0.013 0.032 0.933 
  97 L _   0.014 0.003 0.000 0.004 0.003 0.015 0.032 0.929 
  98 T _   0.016 0.004 0.000 0.006 0.005 0.017 0.031 0.921 
  99 R _   0.018 0.008 0.001 0.010 0.007 0.020 0.030 0.906 
 100 N _   0.020 0.013 0.001 0.016 0.011 0.024 0.029 0.887 
 101 G _   0.023 0.020 0.001 0.024 0.014 0.027 0.028 0.864 
 102 F _   0.024 0.026 0.001 0.031 0.017 0.029 0.027 0.843 
 103 T _   0.026 0.031 0.001 0.038 0.019 0.031 0.026 0.828 
 104 A _   0.027 0.033 0.001 0.041 0.020 0.031 0.025 0.822 
 105 L _   0.027 0.032 0.001 0.039 0.019 0.031 0.025 0.826 
 106 H _   0.027 0.029 0.001 0.034 0.017 0.029 0.024 0.838 
 107 L _   0.027 0.024 0.001 0.026 0.014 0.028 0.024 0.856 
 108 A _   0.027 0.017 0.001 0.018 0.011 0.026 0.024 0.876 
 109 V _   0.028 0.010 0.001 0.011 0.008 0.025 0.023 0.893 
 110 Y _   0.029 0.005 0.001 0.007 0.007 0.024 0.023 0.904 
 111 K _   0.032 0.003 0.001 0.004 0.006 0.025 0.023 0.907 
 112 D _   0.036 0.002 0.001 0.004 0.006 0.026 0.022 0.903 
 113 N _   0.043 0.002 0.001 0.004 0.008 0.029 0.021 0.892 
 114 A _   0.050 0.003 0.001 0.006 0.011 0.032 0.021 0.876 
 115 E _   0.059 0.004 0.001 0.010 0.015 0.035 0.020 0.856 
 116 L _   0.066 0.007 0.001 0.015 0.019 0.037 0.019 0.835 
 117 I _   0.072 0.010 0.002 0.021 0.022 0.039 0.019 0.816 
 118 T _   0.076 0.012 0.002 0.025 0.024 0.039 0.018 0.806 
 119 S _   0.077 0.013 0.002 0.027 0.023 0.037 0.018 0.804 
 120 L _   0.075 0.012 0.002 0.026 0.022 0.034 0.017 0.812 
 121 L _   0.073 0.011 0.001 0.022 0.018 0.031 0.017 0.827 
 122 H _   0.070 0.008 0.001 0.016 0.015 0.027 0.017 0.846 
 123 S _   0.067 0.005 0.001 0.012 0.011 0.023 0.016 0.864 
 124 G _   0.066 0.003 0.001 0.008 0.008 0.020 0.016 0.879 
 125 A _   0.068 0.001 0.001 0.005 0.006 0.017 0.015 0.887 
 126 D _   0.073 0.000 0.001 0.003 0.005 0.015 0.015 0.888 
 127 I _   0.084 0.000 0.000 0.002 0.004 0.014 0.014 0.881 
 128 Q _   0.101 0.000 0.000 0.002 0.004 0.013 0.013 0.867 
 129 Q _   0.125 0.000 0.001 0.002 0.004 0.013 0.012 0.843 
 130 V _   0.161 0.000 0.001 0.002 0.005 0.013 0.011 0.808 
 131 G _   0.211 0.000 0.001 0.001 0.006 0.014 0.009 0.758 
 132 Y _   0.273 0.000 0.001 0.001 0.007 0.015 0.008 0.696 
 133 G _   0.350 0.000 0.001 0.001 0.008 0.015 0.006 0.618 
 134 G _   0.438 0.000 0.001 0.001 0.011 0.016 0.005 0.528 
 135 L H   0.528 0.000 0.001 0.001 0.013 0.017 0.004 0.436 
 136 T H   0.613 0.000 0.001 0.001 0.015 0.017 0.003 0.350 
 137 A H   0.685 0.000 0.001 0.001 0.017 0.016 0.002 0.277 
 138 L H   0.739 0.000 0.001 0.001 0.019 0.016 0.002 0.223 
 139 H H   0.777 0.000 0.001 0.001 0.020 0.015 0.002 0.185 
 140 I H   0.801 0.000 0.001 0.001 0.020 0.014 0.002 0.161 
 141 A H   0.812 0.000 0.001 0.001 0.020 0.013 0.002 0.151 
 142 T H   0.811 0.000 0.001 0.001 0.020 0.012 0.002 0.152 
 143 I H   0.799 0.000 0.001 0.001 0.021 0.012 0.002 0.164 
 144 A H   0.774 0.000 0.001 0.001 0.020 0.013 0.003 0.188 
 145 G H   0.736 0.000 0.001 0.001 0.020 0.013 0.003 0.225 
 146 H H   0.683 0.000 0.001 0.002 0.019 0.014 0.004 0.278 
 147 L H   0.615 0.000 0.001 0.002 0.017 0.014 0.005 0.344 
 148 E H   0.539 0.000 0.001 0.002 0.015 0.015 0.007 0.420 
 149 A _   0.458 0.000 0.001 0.003 0.014 0.016 0.009 0.500 
 150 A _   0.378 0.000 0.001 0.003 0.012 0.016 0.011 0.579 
 151 D _   0.304 0.000 0.001 0.004 0.010 0.016 0.014 0.651 
 152 V _   0.240 0.000 0.001 0.005 0.009 0.016 0.016 0.713 
 153 L _   0.186 0.000 0.001 0.005 0.008 0.016 0.018 0.766 
 154 L _   0.143 0.000 0.001 0.005 0.007 0.015 0.019 0.809 
 155 Q _   0.109 0.000 0.001 0.005 0.006 0.015 0.021 0.844 
 156 H _   0.084 0.000 0.001 0.005 0.005 0.015 0.022 0.869 
 157 G _   0.067 0.000 0.001 0.004 0.004 0.015 0.023 0.887 
 158 A _   0.056 0.000 0.000 0.004 0.004 0.015 0.023 0.897 
 159 N _   0.051 0.000 0.000 0.003 0.004 0.017 0.024 0.901 
 160 V _   0.051 0.000 0.000 0.003 0.004 0.019 0.024 0.899 
 161 N _   0.054 0.000 0.001 0.003 0.005 0.022 0.024 0.890 
 162 I _   0.062 0.000 0.001 0.004 0.007 0.026 0.024 0.876 
 163 Q _   0.072 0.000 0.001 0.005 0.009 0.032 0.024 0.856 
 164 D _   0.085 0.001 0.001 0.007 0.013 0.038 0.024 0.831 
 165 A _   0.098 0.001 0.001 0.009 0.018 0.044 0.024 0.804 
 166 V _   0.111 0.002 0.001 0.011 0.024 0.049 0.024 0.776 
 167 F _   0.123 0.003 0.002 0.014 0.028 0.053 0.024 0.753 
 168 F _   0.132 0.004 0.002 0.015 0.032 0.056 0.025 0.734 
 169 T _   0.140 0.004 0.002 0.017 0.034 0.058 0.025 0.721 
 170 P _   0.146 0.004 0.002 0.017 0.035 0.058 0.026 0.712 
 171 L _   0.149 0.004 0.002 0.016 0.034 0.057 0.027 0.711 
 172 H _   0.150 0.004 0.002 0.015 0.031 0.056 0.028 0.715 
 173 I _   0.149 0.003 0.002 0.012 0.028 0.053 0.029 0.724 
 174 A _   0.147 0.002 0.001 0.010 0.024 0.051 0.030 0.735 
 175 A _   0.142 0.001 0.001 0.008 0.020 0.049 0.032 0.746 
 176 Y _   0.137 0.001 0.001 0.006 0.017 0.046 0.033 0.758 
 177 Y _   0.131 0.001 0.001 0.005 0.015 0.045 0.035 0.768 
 178 G _   0.126 0.001 0.001 0.004 0.014 0.044 0.036 0.774 
 179 H _   0.122 0.001 0.001 0.005 0.014 0.044 0.037 0.776 
 180 E _   0.118 0.001 0.001 0.006 0.015 0.044 0.039 0.775 
 181 Q _   0.115 0.002 0.001 0.008 0.018 0.045 0.041 0.771 
 182 V _   0.110 0.004 0.001 0.011 0.020 0.045 0.042 0.766 
 183 T _   0.105 0.007 0.002 0.015 0.023 0.045 0.044 0.760 
 184 R _   0.098 0.009 0.002 0.020 0.024 0.044 0.046 0.757 
 185 L _   0.090 0.011 0.002 0.024 0.025 0.042 0.049 0.758 
 186 L _   0.080 0.013 0.002 0.026 0.024 0.039 0.052 0.765 
 187 L _   0.070 0.013 0.002 0.026 0.021 0.035 0.055 0.778 
 188 K _   0.059 0.013 0.001 0.025 0.018 0.031 0.058 0.795 
 189 F _   0.049 0.012 0.001 0.021 0.014 0.026 0.061 0.815 
 190 G _   0.040 0.010 0.001 0.017 0.011 0.022 0.065 0.834 
 191 A _   0.033 0.008 0.001 0.014 0.008 0.019 0.068 0.850 
 192 D _   0.026 0.006 0.001 0.011 0.006 0.016 0.071 0.863 
 193 V _   0.021 0.005 0.001 0.009 0.005 0.014 0.074 0.873 
 194 N _   0.017 0.004 0.000 0.007 0.004 0.012 0.076 0.879 
 195 V _   0.014 0.003 0.000 0.006 0.003 0.011 0.078 0.883 
 196 S _   0.012 0.003 0.000 0.006 0.003 0.010 0.080 0.886 
 197 G _   0.011 0.003 0.000 0.006 0.003 0.009 0.082 0.887 
 198 E _   0.010 0.003 0.000 0.005 0.003 0.009 0.083 0.887 
 199 V _   0.009 0.003 0.000 0.005 0.003 0.009 0.084 0.887 
 200 G _   0.008 0.003 0.000 0.005 0.003 0.010 0.085 0.886 
 201 D _   0.008 0.004 0.000 0.005 0.003 0.011 0.085 0.883 
 202 R _   0.009 0.006 0.000 0.005 0.003 0.012 0.085 0.879 
 203 P _   0.011 0.008 0.000 0.006 0.004 0.015 0.085 0.872 
 204 L _   0.013 0.012 0.001 0.007 0.005 0.018 0.084 0.861 
 205 H _   0.016 0.019 0.001 0.009 0.007 0.022 0.084 0.843 
 206 L _   0.020 0.031 0.001 0.011 0.010 0.027 0.083 0.818 
 207 A _   0.024 0.049 0.001 0.014 0.014 0.032 0.082 0.784 
 208 S _   0.030 0.074 0.002 0.019 0.019 0.037 0.081 0.740 
 209 A _   0.035 0.105 0.002 0.024 0.024 0.041 0.080 0.690 
 210 K _   0.039 0.140 0.002 0.029 0.028 0.044 0.079 0.639 
 211 G _   0.042 0.172 0.002 0.035 0.032 0.046 0.078 0.593 
 212 F _   0.044 0.200 0.002 0.040 0.034 0.046 0.078 0.556 
 213 L _   0.045 0.220 0.002 0.046 0.035 0.045 0.079 0.527 
 214 N _   0.046 0.233 0.002 0.050 0.034 0.044 0.081 0.511 
 215 I _   0.045 0.240 0.002 0.053 0.032 0.041 0.083 0.504 
 216 A _   0.043 0.240 0.002 0.054 0.030 0.038 0.086 0.507 
 217 K _   0.041 0.235 0.002 0.052 0.026 0.034 0.090 0.520 
 218 L _   0.037 0.222 0.002 0.048 0.022 0.030 0.095 0.543 
 219 L _   0.033 0.201 0.002 0.042 0.018 0.026 0.101 0.577 
 220 M _   0.029 0.172 0.001 0.035 0.014 0.023 0.107 0.620 
 221 E _   0.024 0.137 0.001 0.028 0.010 0.019 0.114 0.666 
 222 E _   0.020 0.103 0.001 0.021 0.008 0.016 0.121 0.710 
 223 G _   0.017 0.074 0.001 0.016 0.005 0.013 0.127 0.748 
 224 S _   0.014 0.052 0.001 0.012 0.004 0.011 0.131 0.776 
 225 K _   0.011 0.038 0.000 0.009 0.003 0.009 0.135 0.795 
 226 A _   0.009 0.028 0.000 0.007 0.002 0.007 0.138 0.808 
 227 D _   0.007 0.023 0.000 0.005 0.002 0.006 0.139 0.817 
 228 V _   0.006 0.020 0.000 0.004 0.001 0.006 0.140 0.822 
 229 N _   0.005 0.018 0.000 0.004 0.001 0.005 0.140 0.825 
 230 A _   0.005 0.018 0.000 0.004 0.001 0.005 0.139 0.827 
 231 Q _   0.005 0.019 0.000 0.004 0.001 0.006 0.138 0.827 
 232 D _   0.005 0.022 0.000 0.005 0.002 0.007 0.135 0.825 
 233 N _   0.005 0.028 0.000 0.006 0.002 0.009 0.132 0.818 
 234 E _   0.006 0.038 0.000 0.009 0.003 0.011 0.127 0.805 
 235 D _   0.007 0.058 0.001 0.013 0.005 0.014 0.121 0.781 
 236 H _   0.008 0.090 0.001 0.019 0.007 0.018 0.114 0.744 
 237 V _   0.009 0.135 0.001 0.025 0.010 0.021 0.105 0.694 
 238 P _   0.009 0.185 0.001 0.031 0.012 0.023 0.096 0.642 
 239 L _   0.009 0.231 0.001 0.037 0.013 0.024 0.088 0.596 
 240 H _   0.009 0.266 0.001 0.040 0.014 0.025 0.081 0.562 
 241 F _   0.009 0.291 0.001 0.041 0.015 0.026 0.076 0.540 
 242 C _   0.010 0.306 0.001 0.041 0.016 0.026 0.072 0.528 
 243 S _   0.010 0.315 0.001 0.040 0.016 0.027 0.069 0.522 
 244 R _   0.011 0.319 0.001 0.038 0.016 0.027 0.066 0.522 
 245 F _   0.012 0.319 0.001 0.035 0.016 0.027 0.064 0.525 
 246 G _   0.013 0.317 0.001 0.033 0.017 0.027 0.063 0.529 
 247 H _   0.014 0.312 0.001 0.032 0.017 0.027 0.062 0.535 
 248 H _   0.016 0.304 0.001 0.032 0.016 0.027 0.061 0.543 
 249 D _   0.017 0.294 0.001 0.031 0.016 0.026 0.061 0.554 
 250 I _   0.018 0.280 0.001 0.031 0.016 0.026 0.061 0.567 
 251 V _   0.020 0.261 0.001 0.030 0.016 0.025 0.061 0.586 
 252 K _   0.020 0.237 0.001 0.028 0.015 0.024 0.062 0.612 
 253 Y _   0.021 0.205 0.001 0.026 0.014 0.023 0.063 0.647 
 254 L _   0.021 0.169 0.001 0.023 0.013 0.022 0.064 0.688 
 255 L _   0.020 0.132 0.001 0.019 0.011 0.021 0.066 0.729 
 256 Q _   0.019 0.099 0.001 0.016 0.010 0.020 0.067 0.768 
 257 S _   0.018 0.073 0.001 0.013 0.008 0.019 0.068 0.800 
 258 D _   0.017 0.055 0.001 0.011 0.007 0.018 0.069 0.822 
 259 L _   0.016 0.044 0.001 0.010 0.006 0.017 0.069 0.836 
 260 E _   0.016 0.037 0.001 0.009 0.006 0.017 0.070 0.845 
 261 V _   0.016 0.033 0.001 0.010 0.006 0.016 0.070 0.848 
 262 Q _   0.016 0.030 0.001 0.011 0.006 0.016 0.070 0.850 
 263 P _   0.015 0.027 0.001 0.012 0.006 0.016 0.070 0.852 
 264 H _   0.015 0.025 0.001 0.013 0.007 0.015 0.071 0.854 
 265 V _   0.015 0.023 0.001 0.013 0.006 0.015 0.071 0.857 
 266 V _   0.014 0.020 0.001 0.013 0.006 0.014 0.071 0.861 
 267 N _   0.013 0.018 0.001 0.012 0.006 0.013 0.071 0.865 
 268 I _   0.012 0.015 0.001 0.011 0.005 0.013 0.072 0.871 
 269 Y _   0.012 0.013 0.001 0.010 0.005 0.012 0.072 0.876 
 270 G _   0.011 0.011 0.001 0.009 0.005 0.012 0.072 0.881 
 271 D _   0.010 0.009 0.000 0.008 0.004 0.011 0.072 0.885 
 272 T _   0.010 0.008 0.000 0.008 0.004 0.011 0.071 0.887 
 273 P _   0.009 0.007 0.000 0.007 0.004 0.011 0.071 0.889 
 274 L _   0.009 0.007 0.000 0.007 0.004 0.012 0.070 0.890 
 275 H _   0.009 0.007 0.000 0.007 0.004 0.012 0.070 0.890 
 276 L _   0.009 0.008 0.000 0.008 0.004 0.013 0.069 0.889 
 277 A _   0.010 0.008 0.001 0.008 0.004 0.014 0.068 0.887 
 278 C _   0.011 0.009 0.001 0.008 0.005 0.016 0.067 0.883 
 279 Y _   0.012 0.011 0.001 0.009 0.006 0.018 0.066 0.879 
 280 N _   0.014 0.013 0.001 0.009 0.007 0.020 0.065 0.871 
 281 G _   0.017 0.016 0.001 0.010 0.008 0.024 0.063 0.861 
 282 K _   0.021 0.020 0.001 0.012 0.011 0.027 0.062 0.846 
 283 F _   0.025 0.026 0.001 0.015 0.014 0.031 0.061 0.828 
 284 E _   0.030 0.033 0.001 0.018 0.017 0.035 0.059 0.807 
 285 V _   0.035 0.041 0.001 0.022 0.021 0.038 0.058 0.785 
 286 A _   0.038 0.050 0.002 0.026 0.024 0.040 0.057 0.764 
 287 K _   0.041 0.058 0.002 0.030 0.026 0.041 0.056 0.746 
 288 E _   0.043 0.064 0.002 0.034 0.027 0.041 0.056 0.734 
 289 I _   0.043 0.067 0.002 0.036 0.026 0.040 0.056 0.730 
 290 I _   0.042 0.069 0.002 0.036 0.025 0.038 0.056 0.734 
 291 Q _   0.039 0.068 0.002 0.034 0.022 0.035 0.057 0.744 
 292 I _   0.035 0.064 0.001 0.031 0.019 0.031 0.058 0.760 
 293 S _   0.031 0.059 0.001 0.026 0.015 0.028 0.059 0.781 
 294 G _   0.027 0.052 0.001 0.021 0.012 0.025 0.060 0.803 
 295 T _   0.023 0.045 0.001 0.016 0.009 0.022 0.061 0.823 
 296 E _   0.020 0.038 0.001 0.012 0.007 0.019 0.062 0.841 
 297 S _   0.017 0.033 0.001 0.009 0.006 0.017 0.062 0.856 
 298 L _   0.014 0.030 0.001 0.007 0.005 0.016 0.063 0.865 
 299 T _   0.013 0.029 0.000 0.007 0.004 0.015 0.063 0.870 
 300 K _   0.012 0.029 0.000 0.007 0.004 0.015 0.063 0.871 
 301 E _   0.012 0.030 0.001 0.007 0.004 0.015 0.063 0.868 
 302 N _   0.012 0.034 0.001 0.009 0.005 0.016 0.062 0.861 
 303 I _   0.012 0.039 0.001 0.012 0.007 0.017 0.062 0.851 
 304 F _   0.013 0.046 0.001 0.015 0.008 0.018 0.061 0.839 
 305 S _   0.013 0.053 0.001 0.018 0.009 0.019 0.060 0.826 
 306 E _   0.014 0.059 0.001 0.021 0.010 0.020 0.060 0.815 
 307 T _   0.014 0.065 0.001 0.024 0.011 0.020 0.060 0.806 
 308 A _   0.014 0.068 0.001 0.025 0.012 0.021 0.060 0.800 
 309 F _   0.014 0.070 0.001 0.025 0.011 0.020 0.060 0.799 
 310 H _   0.014 0.070 0.001 0.023 0.011 0.020 0.060 0.801 
 311 S _   0.014 0.069 0.001 0.021 0.010 0.020 0.061 0.804 
 312 A _   0.014 0.067 0.001 0.019 0.009 0.019 0.062 0.809 
 313 C _   0.014 0.064 0.001 0.016 0.008 0.019 0.063 0.815 
 314 T _   0.014 0.061 0.001 0.014 0.008 0.018 0.064 0.820 
 315 Y _   0.014 0.058 0.001 0.012 0.007 0.018 0.065 0.824 
 316 G _   0.015 0.057 0.001 0.011 0.007 0.018 0.067 0.825 
 317 K _   0.016 0.057 0.001 0.011 0.007 0.019 0.068 0.823 
 318 S _   0.016 0.057 0.001 0.012 0.008 0.020 0.069 0.818 
 319 I _   0.018 0.059 0.001 0.014 0.008 0.020 0.070 0.810 
 320 D _   0.019 0.062 0.001 0.016 0.010 0.021 0.072 0.800 
 321 L _   0.019 0.065 0.001 0.019 0.011 0.022 0.073 0.790 
 322 V _   0.020 0.067 0.001 0.022 0.012 0.022 0.075 0.781 
 323 K _   0.020 0.069 0.001 0.025 0.012 0.022 0.077 0.775 
 324 F _   0.019 0.069 0.001 0.026 0.012 0.021 0.079 0.772 
 325 L _   0.018 0.067 0.001 0.026 0.012 0.020 0.082 0.773 
 326 L _   0.017 0.064 0.001 0.025 0.011 0.019 0.086 0.778 
 327 D _   0.016 0.059 0.001 0.023 0.010 0.017 0.089 0.785 
 328 Q _   0.014 0.054 0.001 0.021 0.008 0.016 0.093 0.793 
 329 N _   0.013 0.048 0.001 0.018 0.007 0.014 0.097 0.802 
 330 V _   0.012 0.041 0.001 0.016 0.006 0.013 0.101 0.810 
 331 I _   0.011 0.035 0.001 0.014 0.005 0.011 0.105 0.818 
 332 N _   0.010 0.030 0.001 0.012 0.004 0.010 0.109 0.824 
 333 I _   0.009 0.024 0.000 0.010 0.004 0.009 0.112 0.831 
 334 N _   0.008 0.020 0.000 0.009 0.003 0.008 0.115 0.836 
 335 H _   0.007 0.017 0.000 0.007 0.003 0.007 0.118 0.840 
 336 Q _   0.006 0.015 0.000 0.006 0.002 0.007 0.119 0.844 
 337 G _   0.006 0.013 0.000 0.005 0.002 0.007 0.121 0.846 
 338 R _   0.005 0.012 0.000 0.005 0.002 0.007 0.122 0.847 
 339 D _   0.005 0.013 0.000 0.005 0.002 0.007 0.122 0.846 
 340 G _   0.005 0.014 0.000 0.005 0.002 0.009 0.122 0.843 
 341 H _   0.006 0.017 0.000 0.006 0.003 0.011 0.121 0.836 
 342 T _   0.007 0.023 0.000 0.007 0.003 0.013 0.120 0.826 
 343 G _   0.009 0.032 0.001 0.009 0.005 0.017 0.119 0.809 
 344 L _   0.011 0.047 0.001 0.012 0.007 0.021 0.117 0.785 
 345 H _   0.014 0.066 0.001 0.016 0.010 0.026 0.115 0.754 
 346 S _   0.017 0.091 0.001 0.019 0.014 0.032 0.112 0.714 
 347 A _   0.021 0.119 0.001 0.023 0.018 0.037 0.109 0.670 
 348 C _   0.026 0.150 0.002 0.027 0.024 0.042 0.107 0.622 
 349 Y _   0.031 0.182 0.002 0.031 0.030 0.047 0.104 0.573 
 350 H _   0.036 0.211 0.002 0.036 0.036 0.050 0.102 0.527 
 351 G _   0.041 0.237 0.002 0.041 0.040 0.052 0.101 0.486 
 352 H _   0.045 0.257 0.002 0.046 0.042 0.052 0.101 0.454 
 353 I _   0.048 0.270 0.002 0.051 0.043 0.050 0.102 0.435 
 354 R _   0.048 0.275 0.002 0.054 0.041 0.048 0.104 0.428 
 355 L _   0.048 0.273 0.002 0.054 0.038 0.045 0.107 0.433 
 356 V _   0.046 0.264 0.002 0.051 0.034 0.041 0.111 0.451 
 357 Q _   0.043 0.245 0.002 0.046 0.029 0.036 0.117 0.483 
 358 F _   0.039 0.214 0.002 0.038 0.023 0.031 0.123 0.530 
 359 L _   0.034 0.173 0.002 0.029 0.017 0.027 0.130 0.588 
 360 L _   0.029 0.131 0.001 0.021 0.013 0.023 0.137 0.645 
 361 D _   0.024 0.098 0.001 0.014 0.009 0.020 0.144 0.691 
 362 N _   0.019 0.077 0.001 0.011 0.006 0.017 0.149 0.720 
 363 G _   0.016 0.065 0.001 0.009 0.005 0.015 0.153 0.736 
 364 A _   0.014 0.059 0.000 0.009 0.004 0.014 0.156 0.742 
 365 D _   0.013 0.056 0.000 0.011 0.004 0.013 0.160 0.742 
 366 M _   0.012 0.055 0.001 0.014 0.004 0.013 0.163 0.739 
 367 N _   0.012 0.053 0.001 0.016 0.005 0.013 0.166 0.735 
 368 L _   0.011 0.051 0.001 0.018 0.005 0.012 0.169 0.733 
 369 V _   0.010 0.048 0.001 0.019 0.005 0.011 0.173 0.734 
 370 A _   0.009 0.044 0.001 0.018 0.004 0.010 0.176 0.738 
 371 C _   0.008 0.038 0.000 0.015 0.004 0.009 0.180 0.746 
 372 D _   0.007 0.031 0.000 0.012 0.003 0.007 0.183 0.756 
 373 P _   0.006 0.025 0.000 0.008 0.002 0.006 0.186 0.766 
 374 S _   0.005 0.020 0.000 0.006 0.002 0.005 0.188 0.774 
 375 R _   0.005 0.017 0.000 0.004 0.001 0.005 0.189 0.780 
 376 S _   0.004 0.015 0.000 0.003 0.001 0.005 0.189 0.783 
 377 S _   0.004 0.015 0.000 0.003 0.001 0.005 0.189 0.783 
 378 G _   0.004 0.017 0.000 0.003 0.001 0.007 0.187 0.780 
 379 E _   0.005 0.024 0.000 0.005 0.002 0.009 0.184 0.770 
 380 K _   0.007 0.040 0.001 0.009 0.004 0.012 0.180 0.747 
 381 D _   0.009 0.078 0.001 0.016 0.007 0.017 0.173 0.700 
 382 E _   0.010 0.146 0.001 0.025 0.011 0.020 0.163 0.623 
 383 Q _   0.010 0.238 0.002 0.034 0.015 0.022 0.152 0.527 
 384 T _   0.009 0.326 0.002 0.041 0.016 0.022 0.142 0.442 
 385 C E   0.008 0.393 0.002 0.044 0.015 0.022 0.136 0.381 
 386 L E   0.007 0.434 0.001 0.044 0.014 0.021 0.132 0.347 
 387 M E   0.007 0.456 0.001 0.042 0.013 0.020 0.129 0.331 
 388 W E   0.007 0.468 0.001 0.038 0.012 0.020 0.128 0.326 
 389 A E   0.007 0.472 0.001 0.033 0.011 0.020 0.128 0.328 
 390 Y E   0.008 0.472 0.001 0.027 0.011 0.019 0.128 0.334 
 391 E E   0.008 0.468 0.001 0.023 0.010 0.020 0.129 0.341 
 392 K E   0.009 0.463 0.001 0.019 0.010 0.020 0.130 0.347 
 393 G E   0.011 0.459 0.001 0.018 0.010 0.021 0.132 0.350 
 394 H E   0.012 0.456 0.001 0.018 0.010 0.021 0.133 0.348 
 395 D E   0.013 0.456 0.001 0.020 0.011 0.021 0.135 0.343 
 396 A E   0.014 0.456 0.001 0.023 0.011 0.021 0.137 0.336 
 397 I E   0.015 0.454 0.001 0.027 0.012 0.021 0.140 0.330 
 398 V E   0.016 0.449 0.001 0.031 0.012 0.020 0.143 0.328 
 399 T E   0.016 0.439 0.001 0.033 0.012 0.019 0.148 0.332 
 400 L E   0.016 0.420 0.001 0.035 0.012 0.018 0.153 0.345 
 401 L E   0.016 0.387 0.001 0.034 0.012 0.017 0.161 0.371 
 402 K _   0.016 0.338 0.002 0.032 0.012 0.016 0.172 0.412 
 403 H _   0.016 0.273 0.002 0.029 0.011 0.016 0.185 0.469 
 404 Y _   0.016 0.201 0.001 0.024 0.010 0.015 0.200 0.533 
 405 K _   0.015 0.138 0.001 0.019 0.007 0.014 0.215 0.591 
 406 R _   0.013 0.092 0.001 0.015 0.005 0.012 0.227 0.634 
 407 P _   0.012 0.062 0.001 0.011 0.004 0.011 0.237 0.662 
 408 Q _   0.010 0.044 0.000 0.009 0.003 0.009 0.245 0.679 
 409 D _   0.009 0.033 0.000 0.008 0.002 0.008 0.250 0.690 
 410 E _   0.008 0.026 0.000 0.007 0.002 0.007 0.254 0.696 
 411 L _   0.007 0.021 0.000 0.006 0.002 0.007 0.256 0.701 
 412 P _   0.006 0.018 0.000 0.006 0.002 0.006 0.258 0.704 
 413 C _   0.005 0.016 0.000 0.006 0.002 0.006 0.258 0.707 
 414 N _   0.005 0.015 0.000 0.006 0.001 0.005 0.258 0.711 
 415 E _   0.004 0.014 0.000 0.005 0.001 0.005 0.256 0.714 
 416 Y _   0.004 0.013 0.000 0.005 0.001 0.005 0.254 0.718 
 417 S _   0.004 0.014 0.000 0.005 0.001 0.005 0.251 0.721 
 418 Q _   0.003 0.015 0.000 0.005 0.001 0.005 0.246 0.724 
 419 P _   0.003 0.017 0.000 0.006 0.002 0.005 0.241 0.726 
 420 G _   0.003 0.020 0.000 0.007 0.002 0.006 0.235 0.727 
 421 G _   0.004 0.025 0.000 0.008 0.002 0.007 0.227 0.727 
 422 D _   0.004 0.033 0.000 0.011 0.003 0.008 0.218 0.723 
 423 G _   0.004 0.045 0.001 0.013 0.004 0.009 0.208 0.716 
 424 S _   0.005 0.059 0.001 0.017 0.004 0.010 0.197 0.707 
 425 Y _   0.005 0.077 0.001 0.020 0.005 0.011 0.186 0.695 
 426 V _   0.005 0.095 0.001 0.023 0.006 0.012 0.175 0.682 
 427 S _   0.005 0.113 0.001 0.026 0.007 0.013 0.165 0.670 
 428 V _   0.005 0.129 0.001 0.028 0.007 0.013 0.156 0.661 
 429 P _   0.005 0.142 0.001 0.029 0.007 0.013 0.148 0.655 
 430 S _   0.005 0.152 0.001 0.029 0.007 0.013 0.141 0.652 
 431 P _   0.005 0.159 0.001 0.028 0.007 0.013 0.135 0.652 
 432 L _   0.005 0.163 0.001 0.026 0.007 0.013 0.130 0.655 
 433 G _   0.005 0.166 0.001 0.024 0.006 0.013 0.125 0.660 
 434 K _   0.006 0.167 0.001 0.020 0.006 0.013 0.121 0.667 
 435 I _   0.006 0.167 0.001 0.017 0.005 0.013 0.117 0.674 
 436 K _   0.006 0.167 0.001 0.014 0.005 0.013 0.114 0.681 
 437 S _   0.006 0.167 0.001 0.012 0.004 0.013 0.110 0.686 
 438 M _   0.007 0.169 0.001 0.011 0.004 0.014 0.107 0.688 
 439 T _   0.007 0.172 0.001 0.011 0.005 0.015 0.103 0.686 
 440 K _   0.008 0.179 0.001 0.012 0.006 0.017 0.099 0.678 
 441 E _   0.009 0.189 0.001 0.015 0.008 0.019 0.094 0.665 
 442 K _   0.011 0.205 0.001 0.020 0.010 0.021 0.089 0.644 
 443 A _   0.012 0.223 0.001 0.026 0.012 0.023 0.084 0.619 
 444 D _   0.013 0.241 0.001 0.032 0.014 0.024 0.080 0.594 
 445 I _   0.014 0.255 0.001 0.038 0.015 0.025 0.076 0.575 
 446 L _   0.015 0.262 0.001 0.043 0.016 0.025 0.073 0.565 
 447 L _   0.015 0.264 0.001 0.045 0.016 0.024 0.070 0.563 
 448 L _   0.015 0.259 0.001 0.045 0.016 0.023 0.069 0.572 
 449 R _   0.015 0.247 0.001 0.041 0.015 0.022 0.068 0.591 
 450 A _   0.015 0.226 0.001 0.035 0.013 0.020 0.067 0.622 
 451 G _   0.015 0.194 0.001 0.028 0.012 0.019 0.067 0.665 
 452 L _   0.014 0.156 0.001 0.021 0.010 0.018 0.067 0.713 
 453 P _   0.014 0.120 0.001 0.015 0.008 0.017 0.067 0.758 
 454 S _   0.014 0.094 0.001 0.011 0.006 0.016 0.066 0.792 
 455 H _   0.013 0.078 0.001 0.008 0.005 0.016 0.066 0.814 
 456 F _   0.013 0.070 0.000 0.007 0.004 0.015 0.065 0.826 
 457 H _   0.013 0.066 0.000 0.006 0.004 0.016 0.064 0.830 
 458 L _   0.013 0.066 0.001 0.007 0.005 0.017 0.063 0.830 
 459 Q _   0.014 0.068 0.001 0.009 0.006 0.018 0.061 0.825 
 460 L _   0.015 0.072 0.001 0.011 0.007 0.020 0.059 0.816 
 461 S _   0.016 0.078 0.001 0.014 0.009 0.021 0.057 0.804 
 462 E _   0.017 0.086 0.001 0.017 0.010 0.022 0.055 0.791 
 463 I _   0.018 0.094 0.001 0.020 0.012 0.023 0.053 0.778 
 464 E _   0.019 0.101 0.001 0.022 0.013 0.024 0.051 0.767 
 465 F _   0.020 0.107 0.001 0.024 0.014 0.024 0.050 0.759 
 466 H _   0.021 0.111 0.001 0.025 0.014 0.024 0.049 0.755 
 467 E _   0.021 0.114 0.001 0.025 0.014 0.024 0.048 0.754 
 468 I _   0.021 0.114 0.001 0.024 0.013 0.023 0.047 0.757 
 469 I _   0.020 0.114 0.001 0.023 0.012 0.022 0.047 0.762 
 470 G _   0.019 0.112 0.001 0.021 0.011 0.021 0.046 0.768 
 471 S _   0.018 0.109 0.001 0.020 0.010 0.020 0.046 0.776 
 472 G _   0.018 0.106 0.001 0.018 0.009 0.018 0.046 0.784 
 473 S _   0.016 0.102 0.001 0.016 0.008 0.017 0.046 0.794 
 474 F _   0.015 0.097 0.001 0.015 0.007 0.016 0.046 0.803 
 475 G _   0.013 0.094 0.001 0.013 0.006 0.015 0.046 0.812 
 476 K _   0.012 0.090 0.001 0.012 0.005 0.014 0.046 0.821 
 477 V _   0.011 0.088 0.001 0.010 0.005 0.013 0.046 0.827 
 478 Y _   0.010 0.087 0.001 0.009 0.004 0.013 0.045 0.831 
 479 K _   0.010 0.087 0.000 0.008 0.004 0.012 0.045 0.833 
 480 G _   0.009 0.089 0.000 0.009 0.004 0.013 0.044 0.832 
 481 R _   0.010 0.093 0.001 0.009 0.005 0.014 0.043 0.826 
 482 C _   0.010 0.101 0.001 0.012 0.006 0.015 0.042 0.815 
 483 R _   0.010 0.112 0.001 0.015 0.007 0.016 0.041 0.798 
 484 N _   0.011 0.128 0.001 0.020 0.009 0.018 0.040 0.774 
 485 K _   0.011 0.147 0.001 0.026 0.011 0.019 0.038 0.746 
 486 I _   0.011 0.166 0.001 0.034 0.013 0.020 0.037 0.718 
 487 V _   0.012 0.182 0.001 0.041 0.014 0.021 0.036 0.693 
 488 A _   0.012 0.193 0.001 0.047 0.015 0.021 0.035 0.677 
 489 I _   0.012 0.197 0.001 0.051 0.015 0.020 0.035 0.669 
 490 K _   0.011 0.197 0.001 0.052 0.014 0.020 0.035 0.669 
 491 R _   0.011 0.191 0.001 0.050 0.013 0.018 0.036 0.680 
 492 Y _   0.010 0.177 0.001 0.045 0.012 0.017 0.037 0.701 
 493 R _   0.010 0.155 0.001 0.037 0.010 0.015 0.038 0.733 
 494 A _   0.009 0.125 0.001 0.029 0.008 0.013 0.040 0.775 
 495 N _   0.009 0.090 0.001 0.021 0.007 0.012 0.041 0.820 
 496 T _   0.008 0.059 0.001 0.014 0.005 0.011 0.043 0.860 
 497 Y _   0.007 0.036 0.001 0.009 0.003 0.010 0.044 0.890 
 498 C _   0.007 0.022 0.000 0.006 0.003 0.010 0.045 0.908 
 499 S _   0.007 0.016 0.000 0.004 0.002 0.010 0.045 0.915 
 500 K _   0.007 0.013 0.000 0.004 0.002 0.012 0.045 0.916 
 501 S _   0.009 0.013 0.000 0.004 0.003 0.015 0.045 0.911 
 502 D _   0.013 0.014 0.000 0.006 0.004 0.020 0.044 0.899 
 503 V _   0.018 0.017 0.001 0.010 0.007 0.026 0.043 0.878 
 504 D _   0.025 0.023 0.001 0.016 0.012 0.033 0.042 0.848 
 505 M _   0.031 0.032 0.001 0.024 0.019 0.041 0.040 0.812 
 506 F _   0.038 0.041 0.002 0.033 0.025 0.048 0.038 0.776 
 507 C _   0.044 0.048 0.002 0.041 0.031 0.053 0.037 0.745 
 508 R _   0.049 0.051 0.002 0.047 0.035 0.056 0.036 0.725 
 509 E _   0.054 0.052 0.002 0.048 0.036 0.058 0.035 0.714 
 510 V _   0.058 0.050 0.002 0.046 0.036 0.058 0.035 0.715 
 511 S _   0.063 0.045 0.002 0.039 0.033 0.057 0.035 0.726 
 512 I _   0.067 0.037 0.002 0.030 0.029 0.055 0.036 0.744 
 513 L _   0.071 0.026 0.002 0.021 0.024 0.053 0.036 0.767 
 514 C _   0.074 0.016 0.001 0.013 0.019 0.050 0.037 0.789 
 515 Q _   0.076 0.009 0.001 0.008 0.016 0.049 0.037 0.804 
 516 L _   0.078 0.005 0.001 0.006 0.014 0.048 0.037 0.811 
 517 N _   0.082 0.004 0.001 0.005 0.013 0.048 0.037 0.810 
 518 H _   0.086 0.004 0.001 0.005 0.015 0.049 0.037 0.802 
 519 P _   0.091 0.005 0.001 0.008 0.018 0.050 0.037 0.788 
 520 C _   0.095 0.008 0.001 0.014 0.023 0.051 0.038 0.770 
 521 V _   0.096 0.013 0.002 0.022 0.027 0.051 0.038 0.751 
 522 I _   0.094 0.017 0.002 0.030 0.029 0.050 0.039 0.739 
 523 Q _   0.088 0.020 0.002 0.036 0.029 0.047 0.040 0.737 
 524 F _   0.080 0.021 0.002 0.038 0.027 0.042 0.041 0.749 
 525 V _   0.069 0.020 0.002 0.035 0.023 0.037 0.043 0.772 
 526 G _   0.057 0.016 0.002 0.028 0.018 0.031 0.044 0.804 
 527 A _   0.046 0.011 0.001 0.019 0.012 0.026 0.045 0.839 
 528 C _   0.036 0.006 0.001 0.011 0.008 0.021 0.046 0.871 
 529 L _   0.028 0.003 0.001 0.006 0.005 0.017 0.047 0.895 
 530 N _   0.022 0.001 0.000 0.003 0.003 0.015 0.047 0.908 
 531 D _   0.019 0.000 0.000 0.002 0.002 0.014 0.047 0.914 
 532 P _   0.019 0.000 0.000 0.002 0.003 0.015 0.047 0.914 
 533 S _   0.021 0.001 0.000 0.002 0.003 0.018 0.047 0.908 
 534 Q _   0.025 0.002 0.001 0.004 0.005 0.021 0.046 0.896 
 535 F _   0.031 0.004 0.001 0.007 0.008 0.026 0.046 0.877 
 536 A _   0.037 0.009 0.001 0.012 0.013 0.032 0.045 0.852 
 537 I _   0.042 0.016 0.001 0.017 0.017 0.036 0.044 0.826 
 538 V _   0.047 0.022 0.001 0.021 0.021 0.040 0.043 0.805 
 539 T _   0.050 0.027 0.002 0.024 0.024 0.043 0.042 0.789 
 540 Q _   0.052 0.030 0.002 0.025 0.025 0.044 0.042 0.780 
 541 Y _   0.054 0.032 0.002 0.024 0.026 0.045 0.041 0.776 
 542 I _   0.055 0.033 0.002 0.023 0.026 0.045 0.041 0.776 
 543 S _   0.055 0.033 0.002 0.021 0.025 0.044 0.042 0.779 
 544 G _   0.054 0.032 0.001 0.020 0.024 0.042 0.042 0.785 
 545 G _   0.053 0.032 0.001 0.019 0.022 0.041 0.042 0.790 
 546 S _   0.052 0.031 0.001 0.019 0.020 0.039 0.043 0.795 
 547 L _   0.049 0.030 0.001 0.020 0.019 0.036 0.044 0.801 
 548 F _   0.046 0.028 0.001 0.020 0.017 0.033 0.045 0.810 
 549 S _   0.041 0.026 0.001 0.019 0.015 0.030 0.046 0.822 
 550 L _   0.036 0.023 0.001 0.018 0.013 0.027 0.047 0.835 
 551 L _   0.032 0.019 0.001 0.016 0.011 0.024 0.048 0.849 
 552 H _   0.027 0.015 0.001 0.014 0.009 0.021 0.049 0.864 
 553 E _   0.023 0.011 0.001 0.011 0.007 0.018 0.050 0.879 
 554 Q _   0.020 0.007 0.001 0.009 0.005 0.016 0.051 0.891 
 555 K _   0.017 0.005 0.001 0.007 0.004 0.014 0.051 0.901 
 556 R _   0.015 0.003 0.000 0.005 0.003 0.013 0.052 0.908 
 557 I _   0.015 0.002 0.000 0.004 0.003 0.013 0.052 0.911 
 558 L _   0.015 0.001 0.000 0.004 0.003 0.013 0.052 0.912 
 559 D _   0.016 0.001 0.000 0.004 0.003 0.014 0.051 0.910 
 560 L _   0.019 0.001 0.000 0.004 0.004 0.016 0.051 0.904 
 561 Q _   0.022 0.002 0.001 0.005 0.005 0.019 0.050 0.895 
 562 S _   0.027 0.004 0.001 0.006 0.007 0.023 0.050 0.883 
 563 K _   0.033 0.006 0.001 0.009 0.010 0.027 0.049 0.866 
 564 L _   0.038 0.010 0.001 0.011 0.013 0.031 0.048 0.848 
 565 I _   0.044 0.016 0.001 0.015 0.016 0.034 0.047 0.826 
 566 I _   0.049 0.023 0.001 0.019 0.019 0.037 0.047 0.805 
 567 A _   0.052 0.029 0.002 0.023 0.022 0.039 0.046 0.788 
 568 V _   0.055 0.035 0.002 0.025 0.023 0.040 0.046 0.773 
 569 D _   0.057 0.039 0.002 0.027 0.024 0.041 0.046 0.766 
 570 V _   0.057 0.041 0.002 0.027 0.023 0.040 0.046 0.765 
 571 A _   0.055 0.042 0.002 0.025 0.022 0.038 0.046 0.770 
 572 K _   0.052 0.042 0.001 0.023 0.019 0.036 0.047 0.780 
 573 G _   0.047 0.041 0.001 0.019 0.016 0.034 0.047 0.794 
 574 M _   0.043 0.039 0.001 0.016 0.014 0.031 0.048 0.808 
 575 E _   0.038 0.038 0.001 0.014 0.012 0.029 0.049 0.821 
 576 Y _   0.033 0.037 0.001 0.013 0.010 0.026 0.049 0.831 
 577 L _   0.029 0.037 0.001 0.012 0.009 0.025 0.050 0.837 
 578 H _   0.025 0.038 0.001 0.013 0.009 0.023 0.050 0.839 
 579 N _   0.023 0.040 0.001 0.016 0.009 0.022 0.051 0.839 
 580 L _   0.020 0.043 0.001 0.018 0.009 0.021 0.051 0.837 
 581 T _   0.018 0.044 0.001 0.020 0.009 0.019 0.052 0.836 
 582 Q _   0.016 0.045 0.001 0.021 0.009 0.018 0.053 0.836 
 583 P _   0.015 0.045 0.001 0.021 0.008 0.016 0.054 0.840 
 584 I _   0.013 0.044 0.001 0.019 0.007 0.014 0.055 0.846 
 585 I _   0.011 0.042 0.001 0.016 0.006 0.012 0.056 0.855 
 586 H _   0.010 0.039 0.001 0.013 0.005 0.011 0.057 0.865 
 587 R _   0.008 0.036 0.000 0.010 0.004 0.010 0.058 0.874 
 588 D _   0.007 0.034 0.000 0.008 0.003 0.009 0.059 0.880 
 589 L _   0.007 0.033 0.000 0.006 0.003 0.008 0.059 0.883 
 590 N _   0.006 0.034 0.000 0.006 0.003 0.008 0.060 0.883 
 591 S _   0.006 0.036 0.000 0.006 0.003 0.009 0.060 0.879 
 592 H _   0.007 0.042 0.000 0.008 0.003 0.010 0.060 0.870 
 593 N _   0.008 0.052 0.001 0.010 0.004 0.011 0.059 0.855 
 594 I _   0.008 0.067 0.001 0.013 0.005 0.013 0.058 0.834 
 595 L _   0.009 0.087 0.001 0.016 0.006 0.014 0.057 0.809 
 596 L _   0.009 0.108 0.001 0.018 0.007 0.015 0.056 0.784 
 597 Y _   0.010 0.130 0.001 0.021 0.008 0.016 0.055 0.759 
 598 E _   0.010 0.150 0.001 0.022 0.009 0.017 0.055 0.736 
 599 D _   0.010 0.169 0.001 0.023 0.010 0.018 0.054 0.716 
 600 G _   0.010 0.186 0.001 0.024 0.010 0.019 0.053 0.695 
 601 H _   0.011 0.202 0.001 0.025 0.011 0.020 0.053 0.677 
 602 A _   0.011 0.217 0.001 0.027 0.011 0.020 0.053 0.659 
 603 V _   0.012 0.230 0.001 0.029 0.012 0.021 0.053 0.643 
 604 V _   0.013 0.241 0.001 0.031 0.012 0.021 0.053 0.628 
 605 A _   0.013 0.249 0.001 0.033 0.012 0.021 0.054 0.617 
 606 D _   0.013 0.254 0.001 0.035 0.012 0.020 0.055 0.610 
 607 F _   0.013 0.255 0.001 0.036 0.012 0.020 0.056 0.607 
 608 G _   0.013 0.253 0.001 0.037 0.012 0.019 0.058 0.609 
 609 E _   0.013 0.246 0.001 0.036 0.011 0.018 0.060 0.615 
 610 S _   0.013 0.233 0.001 0.035 0.010 0.017 0.063 0.629 
 611 R _   0.012 0.215 0.001 0.032 0.009 0.016 0.066 0.649 
 612 F _   0.012 0.189 0.001 0.029 0.008 0.014 0.070 0.675 
 613 L _   0.012 0.158 0.001 0.025 0.007 0.013 0.075 0.708 
 614 Q _   0.011 0.124 0.001 0.021 0.006 0.012 0.080 0.744 
 615 S _   0.011 0.091 0.001 0.017 0.005 0.011 0.085 0.779 
 616 L _   0.010 0.063 0.001 0.013 0.004 0.010 0.089 0.811 
 617 D _   0.009 0.041 0.000 0.010 0.003 0.008 0.093 0.836 
 618 E _   0.008 0.026 0.000 0.007 0.002 0.007 0.095 0.854 
 619 D _   0.007 0.016 0.000 0.006 0.002 0.006 0.097 0.866 
 620 N _   0.006 0.011 0.000 0.004 0.002 0.006 0.097 0.874 
 621 M _   0.005 0.008 0.000 0.003 0.001 0.006 0.097 0.879 
 622 T _   0.005 0.006 0.000 0.003 0.001 0.006 0.097 0.882 
 623 K _   0.005 0.006 0.000 0.003 0.001 0.007 0.095 0.883 
 624 Q _   0.005 0.006 0.000 0.004 0.002 0.009 0.093 0.881 
 625 P _   0.007 0.008 0.000 0.005 0.002 0.012 0.090 0.876 
 626 G _   0.009 0.011 0.000 0.007 0.004 0.016 0.087 0.866 
 627 N _   0.011 0.019 0.001 0.012 0.006 0.021 0.082 0.848 
 628 L _   0.015 0.032 0.001 0.018 0.010 0.028 0.076 0.820 
 629 R _   0.019 0.049 0.001 0.027 0.015 0.035 0.070 0.784 
 630 W _   0.022 0.067 0.002 0.037 0.020 0.040 0.064 0.748 
 631 M _   0.025 0.082 0.002 0.047 0.025 0.045 0.058 0.716 
 632 A _   0.027 0.093 0.002 0.055 0.029 0.048 0.053 0.694 
 633 P _   0.030 0.099 0.002 0.060 0.031 0.049 0.048 0.682 
 634 E _   0.033 0.100 0.002 0.060 0.032 0.049 0.045 0.679 
 635 V _   0.037 0.097 0.002 0.056 0.031 0.048 0.041 0.686 
 636 F _   0.042 0.090 0.002 0.050 0.030 0.047 0.039 0.701 
 637 T _   0.047 0.077 0.002 0.041 0.027 0.045 0.037 0.724 
 638 Q _   0.054 0.058 0.002 0.031 0.024 0.044 0.035 0.752 
 639 C _   0.062 0.038 0.002 0.022 0.020 0.041 0.033 0.781 
 640 T _   0.073 0.021 0.001 0.014 0.016 0.039 0.031 0.804 
 641 R _   0.085 0.010 0.001 0.009 0.013 0.037 0.029 0.816 
 642 Y _   0.102 0.004 0.001 0.006 0.011 0.034 0.027 0.815 
 643 T _   0.125 0.001 0.001 0.004 0.009 0.033 0.025 0.802 
 644 I _   0.155 0.000 0.001 0.003 0.009 0.032 0.023 0.777 
 645 K _   0.195 0.000 0.001 0.002 0.010 0.032 0.021 0.740 
 646 A _   0.244 0.000 0.001 0.002 0.011 0.032 0.019 0.691 
 647 D _   0.300 0.000 0.001 0.002 0.014 0.033 0.016 0.633 
 648 V _   0.362 0.000 0.001 0.002 0.018 0.034 0.014 0.568 
 649 F _   0.425 0.000 0.001 0.002 0.023 0.035 0.013 0.501 
 650 S H   0.481 0.000 0.002 0.002 0.027 0.036 0.011 0.440 
 651 Y H   0.529 0.000 0.002 0.003 0.032 0.036 0.010 0.388 
 652 A H   0.566 0.000 0.002 0.003 0.035 0.036 0.010 0.348 
 653 L H   0.591 0.000 0.002 0.003 0.038 0.035 0.009 0.321 
 654 C H   0.603 0.000 0.002 0.004 0.039 0.034 0.010 0.308 
 655 L H   0.601 0.000 0.002 0.004 0.039 0.032 0.010 0.311 
 656 W H   0.587 0.001 0.002 0.005 0.038 0.031 0.011 0.326 
 657 E H   0.557 0.001 0.002 0.005 0.035 0.029 0.012 0.358 
 658 I H   0.514 0.001 0.002 0.006 0.032 0.028 0.013 0.405 
 659 L _   0.456 0.001 0.002 0.006 0.027 0.026 0.015 0.467 
 660 T _   0.390 0.000 0.002 0.006 0.022 0.024 0.016 0.540 
 661 G _   0.319 0.000 0.001 0.006 0.016 0.022 0.018 0.617 
 662 E _   0.251 0.000 0.001 0.005 0.012 0.020 0.020 0.690 
 663 I _   0.189 0.000 0.001 0.005 0.009 0.018 0.022 0.755 
