#TopoPred_TM8: 8-state transmembrane topology prediction results by no_profile mode 
#probabilities are in the order of H E C I L F X _, the 8 transmembrane topology types used in PDBTM 
   1 M X   0.010 0.001 0.002 0.051 0.008 0.008 0.779 0.140 
   2 Q X   0.004 0.001 0.000 0.030 0.002 0.004 0.801 0.159 
   3 R X   0.001 0.000 0.000 0.016 0.001 0.002 0.806 0.174 
   4 D X   0.001 0.000 0.000 0.010 0.000 0.002 0.804 0.182 
   5 H X   0.001 0.001 0.000 0.009 0.001 0.003 0.799 0.188 
   6 T X   0.001 0.001 0.000 0.008 0.001 0.004 0.791 0.195 
   7 M X   0.002 0.002 0.000 0.008 0.001 0.005 0.781 0.201 
   8 D X   0.002 0.003 0.000 0.010 0.001 0.006 0.769 0.209 
   9 Y X   0.002 0.004 0.000 0.012 0.002 0.006 0.755 0.217 
  10 K X   0.002 0.007 0.000 0.016 0.003 0.007 0.740 0.225 
  11 E X   0.002 0.010 0.000 0.020 0.004 0.008 0.723 0.233 
  12 S X   0.002 0.012 0.001 0.024 0.004 0.008 0.707 0.241 
  13 C X   0.003 0.014 0.001 0.026 0.005 0.009 0.694 0.250 
  14 P X   0.003 0.015 0.001 0.027 0.005 0.009 0.682 0.258 
  15 S X   0.003 0.016 0.001 0.027 0.005 0.008 0.673 0.268 
  16 V X   0.003 0.016 0.000 0.025 0.004 0.008 0.665 0.278 
  17 S X   0.003 0.015 0.000 0.022 0.004 0.007 0.659 0.290 
  18 I X   0.003 0.013 0.000 0.018 0.003 0.007 0.653 0.303 
  19 P X   0.003 0.011 0.000 0.013 0.003 0.006 0.648 0.316 
  20 S X   0.003 0.008 0.000 0.010 0.002 0.005 0.642 0.329 
  21 S X   0.003 0.006 0.000 0.007 0.002 0.004 0.637 0.342 
  22 D X   0.002 0.004 0.000 0.005 0.001 0.004 0.631 0.353 
  23 E X   0.002 0.003 0.000 0.003 0.001 0.004 0.624 0.363 
  24 H X   0.002 0.002 0.000 0.003 0.001 0.004 0.615 0.372 
  25 R X   0.002 0.002 0.000 0.003 0.001 0.005 0.606 0.381 
  26 E X   0.003 0.002 0.000 0.003 0.001 0.006 0.595 0.390 
  27 K X   0.004 0.002 0.000 0.004 0.002 0.008 0.582 0.398 
  28 K X   0.005 0.004 0.000 0.006 0.003 0.011 0.568 0.404 
  29 K X   0.006 0.006 0.001 0.008 0.004 0.015 0.552 0.409 
  30 R X   0.008 0.009 0.001 0.011 0.007 0.019 0.534 0.411 
  31 F X   0.011 0.014 0.001 0.015 0.010 0.024 0.515 0.411 
  32 T X   0.013 0.019 0.001 0.019 0.013 0.029 0.496 0.410 
  33 V X   0.017 0.024 0.001 0.023 0.016 0.033 0.479 0.408 
  34 Y X   0.021 0.028 0.001 0.025 0.019 0.037 0.463 0.407 
  35 K X   0.025 0.031 0.001 0.025 0.021 0.040 0.448 0.409 
  36 V X   0.029 0.032 0.001 0.024 0.022 0.043 0.436 0.412 
  37 L X   0.034 0.033 0.001 0.022 0.023 0.045 0.425 0.417 
  38 V _   0.038 0.034 0.001 0.020 0.023 0.046 0.415 0.423 
  39 S _   0.042 0.033 0.001 0.017 0.023 0.047 0.406 0.430 
  40 V _   0.046 0.033 0.001 0.015 0.023 0.047 0.398 0.436 
  41 G _   0.049 0.033 0.001 0.014 0.023 0.047 0.391 0.442 
  42 R _   0.052 0.034 0.001 0.013 0.023 0.047 0.385 0.445 
  43 S _   0.054 0.035 0.001 0.014 0.023 0.047 0.379 0.448 
  44 E _   0.054 0.036 0.001 0.015 0.023 0.045 0.375 0.450 
  45 W _   0.054 0.038 0.001 0.017 0.023 0.044 0.370 0.452 
  46 F _   0.052 0.040 0.001 0.020 0.023 0.041 0.367 0.456 
  47 V _   0.048 0.041 0.001 0.023 0.022 0.038 0.364 0.463 
  48 F _   0.044 0.041 0.001 0.024 0.020 0.035 0.362 0.472 
  49 R _   0.040 0.040 0.001 0.024 0.018 0.031 0.361 0.486 
  50 R _   0.034 0.037 0.001 0.023 0.015 0.027 0.360 0.502 
  51 Y _   0.029 0.033 0.001 0.020 0.012 0.023 0.360 0.521 
  52 A _   0.024 0.028 0.001 0.017 0.009 0.019 0.361 0.540 
  53 E _   0.020 0.023 0.001 0.014 0.007 0.016 0.361 0.559 
  54 F _   0.016 0.017 0.001 0.010 0.005 0.013 0.362 0.576 
  55 D _   0.013 0.012 0.000 0.008 0.004 0.011 0.362 0.590 
  56 K _   0.011 0.009 0.000 0.006 0.003 0.009 0.362 0.601 
  57 L _   0.009 0.006 0.000 0.004 0.002 0.008 0.361 0.609 
  58 Y _   0.008 0.005 0.000 0.004 0.002 0.007 0.359 0.615 
  59 N _   0.007 0.004 0.000 0.003 0.002 0.006 0.357 0.619 
  60 T _   0.006 0.004 0.000 0.003 0.002 0.006 0.355 0.622 
  61 L _   0.006 0.005 0.000 0.004 0.002 0.007 0.352 0.624 
  62 K _   0.006 0.006 0.000 0.004 0.002 0.008 0.348 0.625 
  63 K _   0.007 0.008 0.000 0.006 0.003 0.009 0.343 0.624 
  64 Q _   0.007 0.012 0.000 0.007 0.004 0.010 0.338 0.621 
  65 F _   0.008 0.018 0.001 0.010 0.005 0.011 0.332 0.616 
  66 P _   0.008 0.026 0.001 0.013 0.006 0.013 0.325 0.608 
  67 A _   0.009 0.036 0.001 0.017 0.007 0.014 0.319 0.598 
  68 M _   0.009 0.046 0.001 0.021 0.008 0.015 0.312 0.587 
  69 A _   0.009 0.055 0.001 0.025 0.009 0.016 0.306 0.578 
  70 L _   0.010 0.063 0.001 0.028 0.010 0.016 0.301 0.572 
  71 K _   0.010 0.068 0.001 0.031 0.010 0.016 0.297 0.568 
  72 I _   0.010 0.071 0.001 0.032 0.010 0.016 0.294 0.567 
  73 P _   0.010 0.072 0.001 0.031 0.010 0.015 0.292 0.570 
  74 A _   0.010 0.071 0.001 0.030 0.009 0.014 0.291 0.575 
  75 K _   0.010 0.067 0.001 0.026 0.008 0.013 0.291 0.584 
  76 R _   0.009 0.062 0.001 0.022 0.006 0.011 0.292 0.597 
  77 I _   0.009 0.054 0.001 0.017 0.005 0.010 0.292 0.611 
  78 F _   0.008 0.046 0.001 0.013 0.004 0.009 0.293 0.627 
  79 G _   0.007 0.039 0.000 0.009 0.003 0.008 0.294 0.640 
  80 D _   0.006 0.033 0.000 0.006 0.002 0.007 0.294 0.651 
  81 N _   0.006 0.029 0.000 0.005 0.002 0.006 0.294 0.658 
  82 F _   0.005 0.028 0.000 0.004 0.002 0.006 0.293 0.662 
  83 D _   0.005 0.028 0.000 0.004 0.002 0.007 0.291 0.664 
  84 P _   0.005 0.030 0.000 0.004 0.002 0.008 0.288 0.663 
  85 D _   0.005 0.034 0.000 0.006 0.003 0.009 0.285 0.657 
  86 F _   0.006 0.044 0.000 0.008 0.004 0.011 0.280 0.646 
  87 I _   0.007 0.059 0.001 0.012 0.005 0.013 0.275 0.629 
  88 K _   0.007 0.080 0.001 0.015 0.007 0.015 0.268 0.606 
  89 Q _   0.008 0.106 0.001 0.019 0.008 0.017 0.262 0.580 
  90 R _   0.008 0.133 0.001 0.023 0.009 0.018 0.255 0.552 
  91 R _   0.008 0.159 0.001 0.026 0.011 0.020 0.249 0.526 
  92 A _   0.009 0.182 0.001 0.029 0.012 0.021 0.244 0.503 
  93 G _   0.009 0.202 0.001 0.031 0.013 0.022 0.239 0.482 
  94 L _   0.010 0.218 0.001 0.033 0.014 0.023 0.236 0.464 
  95 N _   0.011 0.230 0.001 0.035 0.015 0.023 0.234 0.450 
  96 E _   0.012 0.238 0.001 0.037 0.016 0.024 0.233 0.440 
  97 F _   0.013 0.243 0.001 0.039 0.016 0.024 0.232 0.433 
  98 I _   0.013 0.244 0.001 0.040 0.016 0.023 0.233 0.430 
  99 Q _   0.014 0.242 0.001 0.040 0.016 0.022 0.234 0.431 
 100 N _   0.014 0.234 0.001 0.038 0.015 0.021 0.237 0.438 
 101 L _   0.014 0.221 0.001 0.036 0.014 0.020 0.241 0.453 
 102 V _   0.014 0.201 0.001 0.031 0.012 0.018 0.246 0.476 
 103 R _   0.014 0.173 0.001 0.026 0.011 0.017 0.253 0.506 
 104 Y _   0.013 0.140 0.001 0.020 0.009 0.015 0.260 0.542 
 105 P _   0.013 0.108 0.001 0.014 0.006 0.014 0.266 0.578 
 106 E _   0.011 0.084 0.001 0.009 0.005 0.013 0.272 0.605 
 107 L _   0.010 0.070 0.000 0.006 0.003 0.012 0.276 0.622 
 108 Y _   0.009 0.064 0.000 0.005 0.003 0.011 0.279 0.629 
 109 N _   0.009 0.062 0.000 0.005 0.003 0.012 0.281 0.628 
 110 H _   0.009 0.063 0.000 0.006 0.004 0.013 0.283 0.621 
 111 P _   0.010 0.069 0.001 0.010 0.005 0.015 0.284 0.606 
 112 D _   0.011 0.080 0.001 0.017 0.007 0.017 0.284 0.583 
 113 V _   0.012 0.095 0.001 0.026 0.009 0.018 0.285 0.554 
 114 R _   0.013 0.108 0.001 0.036 0.011 0.019 0.286 0.526 
 115 A _   0.013 0.117 0.001 0.043 0.012 0.019 0.289 0.507 
 116 F _   0.012 0.121 0.001 0.047 0.012 0.018 0.292 0.497 
 117 L _   0.011 0.120 0.001 0.047 0.011 0.017 0.297 0.495 
 118 Q _   0.010 0.115 0.001 0.043 0.010 0.015 0.303 0.502 
 119 M _   0.010 0.104 0.001 0.037 0.008 0.013 0.311 0.515 
 120 D _   0.009 0.088 0.001 0.029 0.007 0.012 0.321 0.535 
 121 S _   0.009 0.067 0.001 0.021 0.005 0.010 0.331 0.557 
 122 P _   0.008 0.047 0.001 0.014 0.004 0.008 0.340 0.578 
 123 K _   0.007 0.032 0.000 0.010 0.002 0.007 0.348 0.593 
 124 H _   0.007 0.022 0.000 0.006 0.002 0.006 0.354 0.603 
 125 Q _   0.006 0.015 0.000 0.005 0.001 0.005 0.358 0.609 
 126 S _   0.005 0.012 0.000 0.004 0.001 0.004 0.361 0.613 
 127 D _   0.004 0.011 0.000 0.003 0.001 0.004 0.361 0.615 
 128 P _   0.004 0.010 0.000 0.003 0.001 0.004 0.361 0.617 
 129 S _   0.004 0.010 0.000 0.003 0.001 0.004 0.358 0.619 
 130 E _   0.003 0.011 0.000 0.004 0.001 0.005 0.354 0.621 
 131 D _   0.003 0.014 0.000 0.005 0.001 0.005 0.348 0.623 
 132 E _   0.004 0.018 0.000 0.007 0.002 0.006 0.341 0.623 
 133 D _   0.004 0.026 0.000 0.009 0.002 0.008 0.331 0.620 
 134 E _   0.004 0.038 0.000 0.013 0.003 0.009 0.318 0.614 
 135 R _   0.004 0.056 0.001 0.018 0.004 0.011 0.303 0.603 
 136 S _   0.004 0.079 0.001 0.024 0.006 0.012 0.286 0.588 
 137 S _   0.004 0.103 0.001 0.030 0.007 0.013 0.269 0.572 
 138 Q _   0.004 0.127 0.001 0.036 0.007 0.013 0.254 0.557 
 139 K _   0.004 0.147 0.001 0.041 0.008 0.013 0.241 0.545 
 140 L _   0.004 0.162 0.001 0.044 0.008 0.013 0.230 0.539 
 141 H _   0.004 0.171 0.001 0.045 0.008 0.013 0.221 0.537 
 142 S _   0.004 0.177 0.001 0.046 0.008 0.012 0.214 0.538 
 143 T _   0.004 0.179 0.001 0.044 0.007 0.012 0.209 0.544 
 144 S _   0.004 0.177 0.001 0.042 0.007 0.011 0.206 0.552 
 145 Q _   0.004 0.173 0.001 0.038 0.006 0.011 0.203 0.564 
 146 N _   0.005 0.165 0.001 0.034 0.006 0.010 0.201 0.579 
 147 I _   0.005 0.155 0.001 0.029 0.005 0.009 0.200 0.596 
 148 N _   0.005 0.141 0.001 0.024 0.005 0.009 0.200 0.616 
 149 L _   0.005 0.126 0.001 0.019 0.004 0.008 0.200 0.637 
 150 G _   0.005 0.110 0.000 0.015 0.003 0.008 0.199 0.659 
 151 P _   0.005 0.096 0.000 0.012 0.003 0.007 0.199 0.678 
 152 S _   0.005 0.085 0.000 0.009 0.002 0.006 0.198 0.695 
 153 G _   0.004 0.077 0.000 0.007 0.002 0.006 0.196 0.708 
 154 N _   0.004 0.073 0.000 0.006 0.002 0.006 0.194 0.716 
 155 P _   0.004 0.071 0.000 0.005 0.002 0.006 0.190 0.722 
 156 H _   0.004 0.072 0.000 0.005 0.002 0.007 0.186 0.724 
 157 A _   0.004 0.075 0.000 0.006 0.002 0.008 0.181 0.724 
 158 K _   0.005 0.082 0.000 0.008 0.003 0.009 0.174 0.719 
 159 P _   0.005 0.095 0.001 0.011 0.004 0.011 0.166 0.707 
 160 T _   0.006 0.116 0.001 0.015 0.006 0.014 0.156 0.687 
 161 D _   0.007 0.145 0.001 0.020 0.007 0.016 0.145 0.659 
 162 F _   0.007 0.178 0.001 0.025 0.009 0.017 0.134 0.628 
 163 D _   0.007 0.211 0.001 0.029 0.011 0.019 0.124 0.598 
 164 F _   0.008 0.241 0.001 0.032 0.011 0.019 0.115 0.573 
 165 L _   0.008 0.264 0.001 0.033 0.012 0.020 0.108 0.554 
 166 K _   0.008 0.282 0.001 0.034 0.012 0.020 0.102 0.541 
 167 V _   0.008 0.293 0.001 0.034 0.012 0.020 0.097 0.534 
 168 I _   0.009 0.301 0.001 0.033 0.012 0.020 0.093 0.531 
 169 G _   0.010 0.306 0.001 0.032 0.012 0.020 0.089 0.530 
 170 K _   0.010 0.308 0.001 0.032 0.012 0.020 0.086 0.531 
 171 G _   0.011 0.307 0.001 0.031 0.012 0.020 0.084 0.534 
 172 S _   0.011 0.303 0.001 0.032 0.012 0.020 0.082 0.539 
 173 F _   0.012 0.296 0.001 0.032 0.012 0.019 0.081 0.547 
 174 G _   0.012 0.286 0.001 0.032 0.012 0.018 0.080 0.559 
 175 K _   0.012 0.270 0.001 0.031 0.011 0.018 0.079 0.577 
 176 V _   0.013 0.249 0.001 0.029 0.010 0.017 0.079 0.602 
 177 L _   0.013 0.222 0.001 0.026 0.010 0.016 0.079 0.634 
 178 L _   0.012 0.187 0.001 0.023 0.008 0.015 0.080 0.674 
 179 A _   0.012 0.149 0.001 0.018 0.007 0.013 0.080 0.718 
 180 K _   0.011 0.113 0.001 0.014 0.006 0.012 0.081 0.761 
 181 R _   0.010 0.085 0.001 0.010 0.005 0.011 0.081 0.796 
 182 K _   0.009 0.066 0.001 0.008 0.004 0.011 0.081 0.821 
 183 L _   0.009 0.055 0.000 0.006 0.003 0.010 0.080 0.836 
 184 D _   0.008 0.049 0.000 0.005 0.003 0.011 0.079 0.844 
 185 G _   0.009 0.047 0.000 0.006 0.003 0.011 0.078 0.846 
 186 K _   0.010 0.047 0.000 0.007 0.004 0.012 0.077 0.843 
 187 F _   0.011 0.049 0.001 0.009 0.005 0.014 0.075 0.837 
 188 Y _   0.012 0.053 0.001 0.013 0.006 0.015 0.073 0.828 
 189 A _   0.013 0.058 0.001 0.017 0.007 0.017 0.071 0.816 
 190 V _   0.013 0.063 0.001 0.022 0.009 0.018 0.069 0.806 
 191 K _   0.013 0.067 0.001 0.025 0.010 0.018 0.068 0.798 
 192 V _   0.014 0.069 0.001 0.028 0.010 0.018 0.066 0.794 
 193 L _   0.014 0.069 0.001 0.029 0.010 0.018 0.066 0.794 
 194 Q _   0.014 0.066 0.001 0.028 0.010 0.017 0.065 0.799 
 195 K _   0.013 0.062 0.001 0.026 0.009 0.016 0.065 0.808 
 196 K _   0.012 0.056 0.001 0.022 0.008 0.015 0.065 0.821 
 197 I _   0.011 0.048 0.001 0.018 0.007 0.014 0.065 0.837 
 198 V _   0.011 0.039 0.001 0.014 0.005 0.013 0.065 0.853 
 199 L _   0.010 0.031 0.001 0.011 0.004 0.012 0.065 0.867 
 200 N _   0.010 0.025 0.000 0.008 0.004 0.011 0.065 0.878 
 201 R _   0.009 0.020 0.000 0.007 0.003 0.010 0.064 0.885 
 202 K _   0.009 0.018 0.000 0.006 0.003 0.010 0.064 0.890 
 203 E _   0.009 0.016 0.000 0.006 0.003 0.011 0.063 0.891 
 204 Q _   0.010 0.016 0.000 0.006 0.004 0.012 0.062 0.889 
 205 K _   0.010 0.017 0.000 0.008 0.004 0.013 0.061 0.885 
 206 H _   0.011 0.019 0.001 0.011 0.006 0.015 0.060 0.877 
 207 I _   0.013 0.022 0.001 0.014 0.007 0.017 0.059 0.868 
 208 M _   0.014 0.025 0.001 0.018 0.008 0.018 0.057 0.858 
 209 A _   0.015 0.028 0.001 0.022 0.010 0.019 0.056 0.849 
 210 E _   0.016 0.030 0.001 0.024 0.011 0.020 0.055 0.844 
 211 R _   0.016 0.030 0.001 0.025 0.011 0.020 0.055 0.842 
 212 N _   0.016 0.029 0.001 0.024 0.011 0.020 0.054 0.845 
 213 V _   0.016 0.027 0.001 0.022 0.010 0.019 0.054 0.851 
 214 L _   0.016 0.024 0.001 0.019 0.009 0.018 0.054 0.859 
 215 L _   0.016 0.020 0.001 0.015 0.008 0.018 0.054 0.869 
 216 K _   0.016 0.016 0.001 0.012 0.006 0.017 0.054 0.878 
 217 N _   0.016 0.013 0.001 0.009 0.006 0.017 0.054 0.885 
 218 V _   0.016 0.010 0.001 0.007 0.005 0.017 0.054 0.889 
 219 K _   0.017 0.009 0.001 0.007 0.005 0.017 0.054 0.890 
 220 H _   0.018 0.009 0.001 0.007 0.006 0.018 0.054 0.888 
 221 P _   0.019 0.009 0.001 0.009 0.007 0.019 0.053 0.883 
 222 F _   0.021 0.010 0.001 0.011 0.008 0.021 0.053 0.877 
 223 L _   0.021 0.010 0.001 0.013 0.009 0.022 0.053 0.871 
 224 V _   0.022 0.011 0.001 0.015 0.010 0.023 0.052 0.865 
 225 G _   0.022 0.012 0.001 0.017 0.011 0.024 0.052 0.861 
 226 L _   0.022 0.012 0.001 0.018 0.011 0.024 0.052 0.860 
 227 H _   0.023 0.011 0.001 0.017 0.010 0.024 0.052 0.862 
 228 Y _   0.022 0.010 0.001 0.014 0.010 0.024 0.052 0.867 
 229 S _   0.022 0.009 0.001 0.012 0.009 0.024 0.051 0.873 
 230 F _   0.022 0.007 0.001 0.010 0.008 0.024 0.051 0.877 
 231 Q _   0.023 0.007 0.001 0.008 0.008 0.024 0.051 0.879 
 232 T _   0.024 0.006 0.001 0.007 0.008 0.025 0.051 0.878 
 233 T _   0.027 0.006 0.001 0.007 0.008 0.026 0.051 0.874 
 234 E _   0.029 0.007 0.001 0.008 0.009 0.028 0.051 0.867 
 235 K _   0.033 0.008 0.001 0.009 0.011 0.030 0.050 0.858 
 236 L _   0.037 0.010 0.001 0.011 0.012 0.032 0.050 0.848 
 237 Y _   0.040 0.012 0.001 0.012 0.014 0.034 0.050 0.837 
 238 F _   0.044 0.014 0.001 0.014 0.015 0.036 0.050 0.826 
 239 V _   0.047 0.017 0.001 0.015 0.017 0.037 0.050 0.817 
 240 L _   0.049 0.019 0.001 0.015 0.018 0.038 0.050 0.809 
 241 D _   0.051 0.021 0.001 0.016 0.018 0.039 0.051 0.803 
 242 F _   0.052 0.023 0.001 0.016 0.019 0.039 0.051 0.798 
 243 V _   0.053 0.025 0.001 0.017 0.020 0.040 0.051 0.792 
 244 N _   0.054 0.028 0.001 0.019 0.020 0.040 0.052 0.786 
 245 G _   0.053 0.030 0.001 0.021 0.020 0.039 0.053 0.782 
 246 G _   0.052 0.032 0.001 0.024 0.020 0.038 0.054 0.779 
 247 E _   0.050 0.033 0.001 0.027 0.020 0.036 0.055 0.778 
 248 L _   0.046 0.033 0.001 0.028 0.018 0.033 0.056 0.783 
 249 F _   0.041 0.032 0.001 0.028 0.016 0.030 0.058 0.794 
 250 F _   0.035 0.029 0.001 0.026 0.014 0.027 0.059 0.808 
 251 H _   0.030 0.025 0.001 0.023 0.011 0.023 0.061 0.826 
 252 L _   0.025 0.020 0.001 0.018 0.009 0.020 0.063 0.845 
 253 Q _   0.020 0.014 0.001 0.014 0.006 0.016 0.064 0.865 
 254 R _   0.016 0.009 0.001 0.010 0.005 0.014 0.065 0.881 
 255 E _   0.013 0.005 0.000 0.007 0.003 0.012 0.066 0.894 
 256 R _   0.011 0.002 0.000 0.004 0.003 0.011 0.066 0.902 
 257 S _   0.010 0.001 0.000 0.003 0.002 0.010 0.066 0.906 
 258 F _   0.011 0.001 0.000 0.003 0.002 0.011 0.066 0.907 
 259 P _   0.013 0.000 0.000 0.003 0.002 0.012 0.065 0.904 
 260 E _   0.017 0.000 0.000 0.003 0.003 0.015 0.064 0.897 
 261 H _   0.025 0.000 0.000 0.003 0.004 0.020 0.063 0.885 
 262 R _   0.036 0.001 0.001 0.005 0.006 0.026 0.061 0.865 
 263 A _   0.051 0.001 0.001 0.006 0.011 0.034 0.059 0.838 
 264 R _   0.069 0.002 0.001 0.009 0.017 0.043 0.056 0.803 
 265 F _   0.089 0.004 0.002 0.012 0.025 0.051 0.053 0.763 
 266 Y _   0.111 0.007 0.002 0.016 0.034 0.059 0.051 0.721 
 267 A _   0.132 0.009 0.002 0.020 0.042 0.065 0.048 0.681 
 268 A _   0.152 0.011 0.002 0.023 0.049 0.069 0.047 0.648 
 269 E _   0.169 0.013 0.002 0.024 0.053 0.070 0.045 0.623 
 270 I _   0.183 0.014 0.003 0.024 0.054 0.070 0.044 0.609 
 271 A _   0.193 0.013 0.002 0.022 0.052 0.068 0.044 0.606 
 272 S _   0.197 0.012 0.002 0.020 0.048 0.064 0.044 0.613 
 273 A _   0.195 0.010 0.002 0.017 0.043 0.060 0.044 0.629 
 274 L _   0.187 0.008 0.002 0.014 0.037 0.055 0.045 0.652 
 275 G _   0.176 0.006 0.002 0.011 0.031 0.050 0.045 0.678 
 276 Y _   0.160 0.005 0.002 0.010 0.026 0.046 0.046 0.705 
 277 L _   0.142 0.004 0.001 0.010 0.021 0.041 0.048 0.731 
 278 H _   0.125 0.004 0.001 0.011 0.018 0.037 0.049 0.756 
 279 S _   0.107 0.003 0.001 0.011 0.015 0.033 0.050 0.779 
 280 I _   0.089 0.003 0.001 0.012 0.013 0.029 0.052 0.802 
 281 K _   0.072 0.003 0.001 0.012 0.010 0.025 0.053 0.824 
 282 I _   0.057 0.002 0.001 0.011 0.008 0.021 0.054 0.846 
 283 V _   0.044 0.002 0.001 0.010 0.006 0.018 0.055 0.865 
 284 Y _   0.033 0.001 0.001 0.008 0.005 0.015 0.055 0.882 
 285 R _   0.025 0.001 0.000 0.006 0.004 0.013 0.055 0.896 
 286 D _   0.019 0.001 0.000 0.004 0.003 0.011 0.055 0.906 
 287 L _   0.015 0.000 0.000 0.003 0.002 0.010 0.055 0.913 
 288 K _   0.014 0.000 0.000 0.003 0.002 0.011 0.054 0.916 
 289 P _   0.014 0.000 0.000 0.003 0.002 0.011 0.054 0.916 
 290 E _   0.015 0.000 0.000 0.003 0.003 0.013 0.052 0.913 
 291 N _   0.019 0.000 0.000 0.003 0.004 0.016 0.051 0.906 
 292 I _   0.025 0.001 0.001 0.004 0.005 0.021 0.050 0.893 
 293 L _   0.033 0.002 0.001 0.006 0.008 0.027 0.048 0.875 
 294 L _   0.043 0.004 0.001 0.009 0.012 0.033 0.046 0.852 
 295 D _   0.052 0.007 0.001 0.012 0.017 0.040 0.044 0.826 
 296 S _   0.062 0.010 0.001 0.016 0.023 0.046 0.041 0.799 
 297 V _   0.071 0.014 0.002 0.020 0.029 0.051 0.039 0.773 
 298 G _   0.080 0.018 0.002 0.024 0.033 0.055 0.038 0.751 
 299 H _   0.085 0.021 0.002 0.026 0.036 0.057 0.036 0.736 
 300 V _   0.090 0.022 0.002 0.027 0.036 0.058 0.035 0.729 
 301 V _   0.092 0.023 0.002 0.027 0.035 0.057 0.035 0.729 
 302 L _   0.091 0.023 0.002 0.025 0.033 0.054 0.034 0.738 
 303 T _   0.088 0.021 0.002 0.022 0.030 0.052 0.034 0.752 
 304 D _   0.082 0.019 0.002 0.019 0.026 0.048 0.033 0.770 
 305 F _   0.075 0.017 0.001 0.017 0.022 0.045 0.033 0.789 
 306 G _   0.068 0.015 0.001 0.014 0.019 0.041 0.033 0.807 
 307 L _   0.061 0.014 0.001 0.013 0.016 0.038 0.033 0.824 
 308 C _   0.053 0.013 0.001 0.012 0.014 0.035 0.033 0.840 
 309 K _   0.047 0.012 0.001 0.012 0.012 0.032 0.033 0.851 
 310 E _   0.041 0.012 0.001 0.012 0.011 0.029 0.033 0.861 
 311 G _   0.035 0.012 0.001 0.012 0.010 0.027 0.033 0.871 
 312 I _   0.031 0.012 0.001 0.012 0.009 0.024 0.032 0.879 
 313 A _   0.027 0.012 0.001 0.013 0.009 0.022 0.032 0.885 
 314 I _   0.023 0.012 0.001 0.013 0.008 0.020 0.032 0.891 
 315 S _   0.021 0.012 0.001 0.012 0.007 0.019 0.031 0.897 
 316 D _   0.018 0.013 0.001 0.012 0.007 0.018 0.031 0.901 
 317 T _   0.016 0.013 0.001 0.012 0.007 0.017 0.030 0.905 
 318 T _   0.015 0.013 0.001 0.011 0.006 0.016 0.030 0.909 
 319 T _   0.014 0.013 0.001 0.011 0.006 0.015 0.029 0.911 
 320 T _   0.013 0.014 0.001 0.011 0.006 0.015 0.029 0.912 
 321 F _   0.012 0.015 0.001 0.011 0.006 0.014 0.028 0.913 
 322 C _   0.012 0.016 0.001 0.012 0.006 0.014 0.027 0.913 
 323 G _   0.011 0.018 0.001 0.012 0.006 0.014 0.027 0.911 
 324 T _   0.011 0.020 0.001 0.014 0.006 0.015 0.026 0.908 
 325 P _   0.011 0.022 0.001 0.016 0.007 0.015 0.025 0.903 
 326 E _   0.011 0.024 0.001 0.018 0.008 0.016 0.025 0.897 
 327 Y _   0.011 0.027 0.001 0.021 0.008 0.016 0.024 0.892 
 328 L _   0.012 0.028 0.001 0.024 0.009 0.017 0.023 0.886 
 329 A _   0.012 0.030 0.001 0.027 0.010 0.017 0.023 0.882 
 330 P _   0.012 0.030 0.001 0.029 0.010 0.016 0.022 0.880 
 331 E _   0.012 0.029 0.001 0.028 0.009 0.016 0.022 0.883 
 332 V _   0.013 0.026 0.001 0.026 0.009 0.015 0.022 0.889 
 333 I _   0.014 0.022 0.001 0.022 0.007 0.013 0.022 0.900 
 334 R _   0.015 0.016 0.001 0.016 0.006 0.012 0.022 0.913 
 335 K _   0.017 0.010 0.001 0.011 0.004 0.010 0.021 0.926 
 336 Q _   0.021 0.004 0.000 0.006 0.003 0.009 0.021 0.934 
 337 P _   0.028 0.001 0.000 0.003 0.003 0.009 0.020 0.935 
 338 Y _   0.042 0.000 0.000 0.002 0.002 0.009 0.020 0.924 
 339 D _   0.069 0.000 0.000 0.001 0.003 0.010 0.018 0.898 
 340 N _   0.118 0.000 0.000 0.001 0.004 0.012 0.017 0.847 
 341 T _   0.204 0.000 0.001 0.001 0.006 0.016 0.015 0.758 
 342 V _   0.319 0.000 0.001 0.001 0.010 0.021 0.013 0.636 
 343 D _   0.446 0.000 0.001 0.002 0.015 0.025 0.011 0.500 
 344 W H   0.560 0.000 0.002 0.002 0.023 0.030 0.009 0.375 
 345 W H   0.647 0.000 0.002 0.002 0.030 0.032 0.008 0.278 
 346 C H   0.706 0.000 0.002 0.003 0.036 0.033 0.008 0.213 
 347 L H   0.742 0.000 0.002 0.003 0.040 0.032 0.008 0.172 
 348 G H   0.761 0.001 0.002 0.004 0.042 0.031 0.008 0.151 
 349 A H   0.768 0.001 0.002 0.004 0.044 0.029 0.009 0.143 
 350 V H   0.762 0.001 0.002 0.005 0.044 0.028 0.010 0.149 
 351 L H   0.741 0.001 0.002 0.005 0.042 0.026 0.012 0.171 
 352 Y H   0.703 0.001 0.002 0.005 0.039 0.025 0.014 0.211 
 353 E H   0.642 0.000 0.002 0.005 0.035 0.024 0.017 0.275 
 354 M H   0.560 0.000 0.002 0.005 0.029 0.022 0.022 0.359 
 355 L H   0.464 0.000 0.002 0.004 0.022 0.021 0.028 0.459 
 356 Y _   0.365 0.000 0.001 0.004 0.016 0.019 0.034 0.561 
 357 G _   0.275 0.000 0.001 0.004 0.011 0.017 0.040 0.652 
 358 L _   0.201 0.000 0.001 0.003 0.008 0.016 0.046 0.725 
 359 P _   0.144 0.000 0.001 0.003 0.006 0.015 0.051 0.779 
 360 P _   0.103 0.000 0.001 0.003 0.005 0.014 0.055 0.817 
 361 F _   0.075 0.000 0.001 0.004 0.005 0.014 0.059 0.842 
 362 Y _   0.056 0.001 0.001 0.005 0.005 0.015 0.062 0.857 
 363 C _   0.043 0.001 0.001 0.007 0.005 0.015 0.065 0.863 
 364 R _   0.034 0.002 0.001 0.009 0.006 0.016 0.068 0.864 
 365 D _   0.028 0.004 0.001 0.012 0.007 0.016 0.071 0.862 
 366 V _   0.023 0.005 0.001 0.015 0.008 0.017 0.074 0.857 
 367 A _   0.020 0.006 0.001 0.018 0.008 0.017 0.077 0.853 
 368 E _   0.018 0.007 0.001 0.019 0.008 0.016 0.080 0.850 
 369 M _   0.016 0.008 0.001 0.020 0.008 0.016 0.083 0.849 
 370 Y _   0.014 0.007 0.001 0.019 0.007 0.015 0.087 0.850 
 371 D _   0.013 0.006 0.001 0.017 0.007 0.013 0.090 0.853 
 372 N _   0.012 0.005 0.001 0.014 0.005 0.012 0.094 0.857 
 373 I _   0.011 0.004 0.001 0.011 0.004 0.011 0.097 0.861 
 374 L _   0.010 0.003 0.000 0.008 0.004 0.011 0.101 0.864 
 375 H _   0.011 0.002 0.000 0.006 0.003 0.010 0.103 0.865 
 376 K _   0.012 0.001 0.000 0.004 0.003 0.011 0.106 0.864 
 377 P _   0.014 0.000 0.000 0.003 0.002 0.012 0.108 0.860 
 378 L _   0.019 0.000 0.000 0.003 0.003 0.014 0.109 0.852 
 379 S _   0.026 0.000 0.000 0.003 0.003 0.017 0.111 0.839 
 380 L _   0.038 0.000 0.000 0.003 0.005 0.022 0.112 0.820 
 381 R _   0.055 0.001 0.001 0.003 0.007 0.029 0.113 0.791 
 382 P _   0.078 0.002 0.001 0.004 0.012 0.037 0.114 0.752 
 383 G _   0.105 0.005 0.001 0.006 0.020 0.047 0.114 0.702 
 384 V _   0.132 0.011 0.002 0.009 0.031 0.057 0.115 0.642 
 385 S _   0.159 0.024 0.002 0.014 0.043 0.065 0.117 0.576 
 386 L _   0.180 0.042 0.003 0.021 0.055 0.070 0.119 0.511 
 387 T _   0.192 0.062 0.003 0.029 0.063 0.072 0.123 0.456 
 388 A _   0.198 0.079 0.003 0.038 0.067 0.071 0.128 0.416 
 389 W _   0.196 0.091 0.003 0.046 0.066 0.068 0.134 0.395 
 390 S _   0.188 0.097 0.003 0.051 0.062 0.063 0.143 0.393 
 391 I _   0.174 0.097 0.003 0.052 0.055 0.057 0.154 0.408 
 392 L _   0.154 0.093 0.003 0.049 0.045 0.049 0.167 0.440 
 393 E _   0.131 0.083 0.003 0.042 0.035 0.041 0.182 0.484 
 394 E _   0.106 0.066 0.002 0.033 0.024 0.033 0.198 0.537 
 395 L _   0.081 0.046 0.002 0.023 0.016 0.026 0.213 0.594 
 396 L _   0.060 0.027 0.001 0.014 0.009 0.019 0.227 0.642 
 397 E _   0.042 0.015 0.001 0.008 0.005 0.014 0.238 0.677 
 398 K _   0.028 0.008 0.000 0.005 0.003 0.010 0.247 0.698 
 399 D _   0.018 0.005 0.000 0.003 0.002 0.008 0.252 0.710 
 400 R _   0.013 0.004 0.000 0.003 0.001 0.006 0.257 0.716 
 401 Q _   0.009 0.004 0.000 0.003 0.001 0.006 0.260 0.717 
 402 N _   0.007 0.005 0.000 0.003 0.001 0.006 0.262 0.716 
 403 R _   0.006 0.007 0.000 0.004 0.002 0.006 0.263 0.713 
 404 L _   0.006 0.011 0.000 0.005 0.002 0.007 0.263 0.706 
 405 G _   0.006 0.017 0.000 0.008 0.003 0.008 0.263 0.696 
 406 A _   0.006 0.026 0.000 0.010 0.003 0.009 0.262 0.683 
 407 K _   0.006 0.038 0.001 0.013 0.004 0.009 0.260 0.669 
 408 E _   0.005 0.049 0.001 0.015 0.004 0.010 0.259 0.656 
 409 D _   0.005 0.060 0.001 0.016 0.005 0.010 0.258 0.644 
 410 F _   0.005 0.069 0.001 0.017 0.005 0.010 0.258 0.635 
 411 L _   0.005 0.077 0.001 0.017 0.005 0.011 0.258 0.627 
 412 E _   0.005 0.084 0.001 0.016 0.005 0.011 0.258 0.621 
 413 I _   0.005 0.089 0.001 0.015 0.005 0.011 0.259 0.615 
 414 Q _   0.006 0.094 0.001 0.014 0.005 0.011 0.260 0.609 
 415 N _   0.006 0.100 0.001 0.014 0.005 0.012 0.261 0.602 
 416 H _   0.007 0.106 0.001 0.014 0.005 0.013 0.262 0.593 
 417 P _   0.007 0.113 0.001 0.015 0.006 0.014 0.264 0.581 
 418 F _   0.008 0.121 0.001 0.016 0.006 0.015 0.265 0.568 
 419 F _   0.008 0.130 0.001 0.019 0.007 0.015 0.267 0.552 
 420 E _   0.009 0.139 0.001 0.022 0.008 0.016 0.270 0.536 
 421 S _   0.009 0.148 0.001 0.025 0.009 0.016 0.272 0.520 
 422 L _   0.009 0.155 0.001 0.029 0.009 0.017 0.275 0.505 
 423 S _   0.009 0.160 0.001 0.032 0.010 0.017 0.279 0.492 
 424 W _   0.009 0.163 0.001 0.035 0.010 0.016 0.283 0.482 
 425 A _   0.009 0.163 0.001 0.037 0.010 0.016 0.289 0.475 
 426 D _   0.009 0.160 0.001 0.037 0.010 0.015 0.296 0.470 
 427 L _   0.009 0.153 0.001 0.037 0.010 0.014 0.306 0.470 
 428 V _   0.009 0.142 0.001 0.034 0.009 0.013 0.317 0.474 
 429 Q _   0.009 0.126 0.001 0.030 0.008 0.012 0.330 0.483 
 430 K _   0.009 0.105 0.001 0.025 0.007 0.011 0.345 0.496 
 431 K _   0.009 0.082 0.001 0.020 0.006 0.010 0.361 0.512 
 432 I _   0.008 0.059 0.001 0.015 0.004 0.009 0.377 0.527 
 433 P _   0.008 0.040 0.000 0.011 0.003 0.007 0.391 0.540 
 434 P _   0.007 0.026 0.000 0.007 0.002 0.006 0.402 0.549 
 435 P _   0.006 0.018 0.000 0.005 0.002 0.005 0.411 0.553 
 436 F _   0.005 0.013 0.000 0.004 0.001 0.005 0.417 0.554 
 437 N _   0.005 0.010 0.000 0.003 0.001 0.004 0.422 0.554 
 438 P _   0.004 0.009 0.000 0.003 0.001 0.004 0.425 0.553 
 439 N _   0.004 0.009 0.000 0.003 0.001 0.004 0.427 0.552 
 440 V _   0.004 0.009 0.000 0.003 0.001 0.004 0.428 0.551 
 441 A _   0.004 0.010 0.000 0.004 0.001 0.004 0.427 0.550 
 442 G _   0.003 0.011 0.000 0.004 0.001 0.005 0.425 0.549 
 443 P _   0.003 0.014 0.000 0.005 0.001 0.005 0.423 0.549 
 444 D _   0.003 0.018 0.000 0.006 0.002 0.006 0.418 0.547 
 445 D _   0.003 0.024 0.000 0.007 0.002 0.007 0.413 0.543 
 446 I _   0.004 0.033 0.000 0.009 0.003 0.008 0.407 0.537 
 447 R _   0.004 0.048 0.000 0.011 0.004 0.010 0.398 0.525 
 448 N _   0.005 0.069 0.001 0.015 0.005 0.011 0.388 0.506 
 449 F _   0.005 0.099 0.001 0.019 0.007 0.013 0.377 0.479 
 450 D _   0.005 0.136 0.001 0.024 0.008 0.014 0.365 0.446 
 451 T _   0.005 0.176 0.001 0.029 0.010 0.015 0.354 0.411 
 452 A _   0.005 0.212 0.001 0.032 0.010 0.016 0.344 0.379 
 453 F _   0.005 0.241 0.001 0.035 0.011 0.015 0.337 0.355 
 454 T _   0.005 0.262 0.001 0.036 0.011 0.015 0.331 0.339 
 455 E _   0.005 0.275 0.001 0.037 0.010 0.015 0.328 0.329 
 456 E X   0.005 0.283 0.001 0.036 0.010 0.014 0.325 0.325 
 457 T _   0.005 0.287 0.001 0.034 0.010 0.014 0.325 0.325 
 458 V _   0.005 0.287 0.001 0.031 0.009 0.013 0.325 0.329 
 459 P _   0.005 0.284 0.001 0.028 0.008 0.013 0.326 0.336 
 460 Y _   0.005 0.277 0.001 0.024 0.007 0.012 0.328 0.346 
 461 S _   0.005 0.268 0.001 0.019 0.006 0.011 0.331 0.358 
 462 V _   0.005 0.259 0.001 0.015 0.006 0.011 0.334 0.370 
 463 C _   0.005 0.250 0.001 0.012 0.005 0.010 0.337 0.380 
 464 V _   0.005 0.242 0.001 0.010 0.004 0.010 0.340 0.388 
 465 S _   0.005 0.237 0.000 0.009 0.004 0.010 0.342 0.392 
 466 S _   0.005 0.235 0.000 0.008 0.004 0.011 0.344 0.393 
 467 D _   0.005 0.236 0.000 0.009 0.004 0.011 0.346 0.389 
 468 Y _   0.006 0.239 0.001 0.010 0.005 0.011 0.347 0.381 
 469 S _   0.006 0.245 0.001 0.012 0.006 0.012 0.349 0.370 
 470 I _   0.006 0.251 0.001 0.015 0.006 0.013 0.351 0.358 
 471 V X   0.006 0.258 0.001 0.017 0.007 0.013 0.353 0.346 
 472 N X   0.007 0.262 0.001 0.018 0.007 0.013 0.356 0.336 
 473 A X   0.006 0.265 0.001 0.019 0.007 0.013 0.359 0.329 
 474 S X   0.007 0.266 0.001 0.018 0.007 0.013 0.363 0.325 
 475 V X   0.007 0.264 0.001 0.018 0.007 0.013 0.368 0.322 
 476 L X   0.007 0.262 0.001 0.017 0.007 0.013 0.374 0.320 
 477 E X   0.007 0.258 0.001 0.016 0.007 0.014 0.380 0.317 
 478 A X   0.007 0.255 0.001 0.017 0.007 0.014 0.387 0.313 
 479 D X   0.007 0.251 0.001 0.018 0.007 0.014 0.395 0.306 
 480 D X   0.008 0.248 0.001 0.020 0.008 0.015 0.404 0.297 
 481 A X   0.008 0.244 0.001 0.023 0.008 0.015 0.413 0.288 
 482 F X   0.008 0.239 0.001 0.026 0.009 0.015 0.424 0.279 
 483 V X   0.008 0.231 0.001 0.029 0.009 0.014 0.437 0.271 
 484 G X   0.008 0.219 0.001 0.030 0.009 0.014 0.452 0.266 
 485 F X   0.008 0.202 0.001 0.030 0.009 0.013 0.471 0.266 
 486 S X   0.008 0.179 0.001 0.028 0.008 0.013 0.492 0.271 
 487 Y X   0.007 0.150 0.001 0.025 0.008 0.012 0.517 0.281 
 488 A X   0.007 0.119 0.001 0.021 0.007 0.010 0.543 0.293 
 489 P X   0.006 0.091 0.001 0.017 0.006 0.009 0.568 0.303 
 490 P X   0.005 0.068 0.001 0.013 0.004 0.007 0.592 0.310 
 491 S X   0.003 0.050 0.000 0.010 0.003 0.005 0.613 0.316 
 492 E X   0.002 0.034 0.000 0.007 0.001 0.003 0.631 0.322 
 493 D X   0.001 0.023 0.000 0.004 0.000 0.001 0.644 0.328 
 494 L X   0.000 0.017 0.000 0.003 0.000 0.000 0.647 0.333 
 495 F X   0.000 0.015 0.000 0.004 0.000 0.000 0.645 0.336 
 496 L X   0.003 0.014 0.001 0.011 0.003 0.003 0.633 0.332 
