#TopoPred_TM8: 8-state transmembrane topology prediction results by no_profile mode 
#probabilities are in the order of H E C I L F X _, the 8 transmembrane topology types used in PDBTM 
   1 M X   0.016 0.000 0.002 0.018 0.011 0.013 0.886 0.055 
   2 A X   0.012 0.000 0.000 0.011 0.003 0.010 0.909 0.054 
   3 A X   0.012 0.000 0.000 0.008 0.002 0.009 0.916 0.053 
   4 V X   0.015 0.001 0.000 0.008 0.002 0.009 0.916 0.050 
   5 I X   0.018 0.001 0.000 0.008 0.003 0.010 0.913 0.047 
   6 L X   0.021 0.001 0.000 0.007 0.004 0.010 0.909 0.047 
   7 E X   0.022 0.002 0.000 0.007 0.005 0.009 0.905 0.049 
   8 S X   0.022 0.002 0.000 0.007 0.005 0.009 0.902 0.053 
   9 I X   0.021 0.002 0.000 0.006 0.004 0.008 0.900 0.058 
  10 F X   0.019 0.002 0.000 0.005 0.004 0.006 0.898 0.066 
  11 L X   0.015 0.001 0.000 0.004 0.003 0.005 0.897 0.074 
  12 K X   0.012 0.001 0.000 0.003 0.002 0.004 0.895 0.082 
  13 R X   0.009 0.001 0.000 0.002 0.001 0.003 0.894 0.089 
  14 S X   0.006 0.000 0.000 0.002 0.001 0.002 0.893 0.095 
  15 Q X   0.004 0.000 0.000 0.001 0.001 0.002 0.891 0.101 
  16 Q X   0.003 0.000 0.000 0.001 0.000 0.001 0.889 0.105 
  17 K X   0.002 0.000 0.000 0.001 0.000 0.001 0.886 0.109 
  18 K X   0.002 0.000 0.000 0.001 0.000 0.001 0.882 0.114 
  19 K X   0.001 0.000 0.000 0.001 0.000 0.001 0.877 0.119 
  20 T X   0.001 0.000 0.000 0.001 0.000 0.002 0.871 0.124 
  21 S X   0.002 0.001 0.000 0.001 0.001 0.003 0.864 0.129 
  22 P X   0.002 0.002 0.000 0.002 0.001 0.004 0.854 0.135 
  23 L X   0.003 0.004 0.000 0.004 0.002 0.006 0.841 0.139 
  24 N X   0.004 0.011 0.000 0.006 0.004 0.009 0.824 0.141 
  25 F X   0.005 0.022 0.001 0.010 0.007 0.012 0.803 0.139 
  26 K X   0.006 0.041 0.001 0.016 0.010 0.015 0.779 0.132 
  27 K X   0.007 0.063 0.001 0.021 0.012 0.018 0.755 0.123 
  28 R X   0.007 0.084 0.001 0.026 0.015 0.019 0.733 0.115 
  29 L X   0.008 0.101 0.001 0.029 0.016 0.019 0.717 0.109 
  30 F X   0.008 0.112 0.001 0.032 0.016 0.019 0.705 0.106 
  31 L X   0.009 0.119 0.001 0.034 0.016 0.019 0.696 0.107 
  32 L X   0.009 0.122 0.001 0.034 0.015 0.018 0.690 0.110 
  33 T X   0.010 0.122 0.001 0.033 0.014 0.017 0.686 0.117 
  34 V X   0.010 0.119 0.001 0.030 0.013 0.016 0.684 0.127 
  35 H X   0.010 0.113 0.001 0.026 0.011 0.014 0.683 0.141 
  36 K X   0.010 0.103 0.001 0.022 0.009 0.013 0.684 0.158 
  37 L X   0.010 0.088 0.001 0.018 0.008 0.011 0.686 0.178 
  38 S X   0.009 0.072 0.001 0.014 0.006 0.010 0.689 0.200 
  39 Y X   0.008 0.056 0.001 0.011 0.005 0.008 0.692 0.220 
  40 Y X   0.007 0.042 0.000 0.008 0.003 0.007 0.694 0.237 
  41 E X   0.006 0.031 0.000 0.007 0.003 0.006 0.696 0.251 
  42 Y X   0.005 0.024 0.000 0.005 0.002 0.005 0.697 0.261 
  43 D X   0.004 0.019 0.000 0.004 0.002 0.005 0.697 0.269 
  44 F X   0.004 0.015 0.000 0.004 0.001 0.004 0.697 0.275 
  45 E X   0.003 0.013 0.000 0.003 0.001 0.004 0.695 0.280 
  46 R X   0.003 0.012 0.000 0.003 0.001 0.003 0.693 0.285 
  47 G X   0.002 0.011 0.000 0.003 0.001 0.003 0.690 0.289 
  48 R X   0.002 0.011 0.000 0.003 0.001 0.003 0.687 0.294 
  49 R X   0.002 0.011 0.000 0.003 0.001 0.003 0.682 0.298 
  50 G X   0.002 0.012 0.000 0.003 0.001 0.004 0.676 0.302 
  51 S X   0.002 0.014 0.000 0.004 0.001 0.005 0.669 0.305 
  52 K X   0.003 0.017 0.000 0.005 0.002 0.006 0.661 0.306 
  53 K X   0.003 0.023 0.000 0.007 0.003 0.008 0.651 0.304 
  54 G X   0.004 0.034 0.001 0.009 0.004 0.010 0.639 0.298 
  55 S X   0.005 0.052 0.001 0.013 0.006 0.013 0.624 0.285 
  56 I X   0.006 0.078 0.001 0.018 0.009 0.015 0.608 0.264 
  57 D X   0.007 0.111 0.001 0.024 0.012 0.017 0.590 0.238 
  58 V X   0.008 0.146 0.001 0.030 0.014 0.019 0.573 0.209 
  59 E X   0.008 0.177 0.001 0.036 0.015 0.019 0.560 0.184 
  60 K X   0.008 0.201 0.001 0.041 0.016 0.019 0.550 0.164 
  61 I X   0.008 0.216 0.001 0.046 0.016 0.018 0.544 0.151 
  62 T X   0.008 0.223 0.001 0.049 0.015 0.018 0.541 0.145 
  63 C X   0.009 0.225 0.001 0.049 0.014 0.017 0.540 0.145 
  64 V X   0.009 0.223 0.001 0.048 0.013 0.015 0.541 0.150 
  65 E X   0.009 0.214 0.001 0.045 0.012 0.014 0.545 0.161 
  66 T X   0.009 0.197 0.001 0.039 0.010 0.013 0.551 0.180 
  67 V X   0.009 0.169 0.001 0.032 0.009 0.011 0.560 0.210 
  68 V X   0.009 0.129 0.001 0.024 0.007 0.010 0.571 0.250 
  69 P X   0.008 0.087 0.001 0.017 0.005 0.008 0.582 0.292 
  70 E X   0.008 0.053 0.001 0.010 0.003 0.007 0.592 0.326 
  71 K X   0.007 0.031 0.000 0.006 0.002 0.005 0.598 0.350 
  72 N X   0.005 0.019 0.000 0.004 0.001 0.004 0.602 0.363 
  73 P X   0.004 0.014 0.000 0.003 0.001 0.004 0.604 0.371 
  74 P X   0.004 0.011 0.000 0.002 0.001 0.003 0.604 0.375 
  75 P X   0.003 0.010 0.000 0.002 0.001 0.003 0.602 0.379 
  76 E X   0.003 0.010 0.000 0.002 0.001 0.003 0.599 0.382 
  77 R X   0.003 0.010 0.000 0.003 0.001 0.004 0.593 0.386 
  78 Q X   0.003 0.012 0.000 0.004 0.001 0.004 0.585 0.391 
  79 I X   0.003 0.014 0.000 0.005 0.001 0.005 0.574 0.397 
  80 P X   0.003 0.018 0.000 0.007 0.002 0.006 0.561 0.404 
  81 R X   0.003 0.024 0.000 0.009 0.002 0.007 0.544 0.411 
  82 R X   0.003 0.032 0.000 0.011 0.003 0.009 0.524 0.418 
  83 G X   0.003 0.043 0.001 0.013 0.004 0.010 0.502 0.424 
  84 E X   0.004 0.059 0.001 0.016 0.005 0.012 0.477 0.427 
  85 E X   0.004 0.081 0.001 0.019 0.006 0.015 0.450 0.425 
  86 S X   0.005 0.108 0.001 0.023 0.008 0.017 0.420 0.417 
  87 S _   0.006 0.143 0.001 0.028 0.011 0.020 0.390 0.401 
  88 E _   0.007 0.184 0.002 0.033 0.013 0.022 0.360 0.379 
  89 M _   0.008 0.225 0.002 0.038 0.015 0.024 0.333 0.355 
  90 E _   0.008 0.261 0.002 0.043 0.017 0.026 0.309 0.334 
  91 Q _   0.009 0.289 0.002 0.046 0.018 0.027 0.290 0.320 
  92 I _   0.010 0.308 0.001 0.049 0.019 0.027 0.275 0.312 
  93 S E   0.010 0.318 0.001 0.049 0.019 0.027 0.264 0.311 
  94 I E   0.011 0.323 0.001 0.048 0.019 0.027 0.254 0.317 
  95 I _   0.012 0.322 0.001 0.045 0.018 0.026 0.247 0.328 
  96 E _   0.013 0.316 0.001 0.040 0.017 0.025 0.242 0.345 
  97 R _   0.014 0.304 0.001 0.035 0.016 0.024 0.237 0.368 
  98 F _   0.014 0.287 0.001 0.030 0.015 0.023 0.234 0.396 
  99 P _   0.014 0.266 0.001 0.025 0.013 0.022 0.231 0.427 
 100 Y _   0.014 0.244 0.001 0.021 0.011 0.020 0.229 0.460 
 101 P _   0.014 0.222 0.001 0.017 0.010 0.019 0.227 0.490 
 102 F _   0.013 0.204 0.001 0.015 0.008 0.018 0.226 0.516 
 103 Q _   0.012 0.188 0.001 0.013 0.007 0.017 0.224 0.537 
 104 V _   0.012 0.177 0.001 0.012 0.007 0.016 0.222 0.554 
 105 V _   0.011 0.169 0.001 0.011 0.006 0.015 0.220 0.567 
 106 Y _   0.010 0.162 0.001 0.011 0.006 0.015 0.218 0.578 
 107 D _   0.010 0.157 0.001 0.011 0.006 0.014 0.216 0.586 
 108 E _   0.009 0.153 0.001 0.011 0.006 0.014 0.214 0.593 
 109 G _   0.009 0.149 0.001 0.011 0.005 0.013 0.212 0.599 
 110 P _   0.009 0.146 0.001 0.011 0.005 0.013 0.210 0.604 
 111 L _   0.009 0.144 0.001 0.011 0.005 0.013 0.208 0.609 
 112 Y _   0.009 0.141 0.001 0.011 0.005 0.013 0.206 0.613 
 113 V _   0.008 0.140 0.001 0.011 0.005 0.013 0.205 0.617 
 114 F _   0.008 0.138 0.001 0.011 0.006 0.014 0.203 0.619 
 115 S _   0.009 0.137 0.001 0.011 0.006 0.014 0.201 0.621 
 116 P _   0.009 0.137 0.001 0.011 0.006 0.015 0.200 0.622 
 117 T _   0.009 0.137 0.001 0.011 0.006 0.015 0.198 0.622 
 118 E _   0.010 0.139 0.001 0.012 0.006 0.016 0.197 0.620 
 119 E _   0.010 0.141 0.001 0.013 0.007 0.017 0.195 0.617 
 120 L _   0.011 0.143 0.001 0.013 0.007 0.018 0.194 0.613 
 121 R _   0.011 0.147 0.001 0.015 0.008 0.018 0.193 0.607 
 122 K _   0.012 0.150 0.001 0.017 0.009 0.019 0.191 0.600 
 123 R _   0.013 0.155 0.001 0.019 0.010 0.020 0.190 0.593 
 124 W _   0.013 0.158 0.001 0.022 0.011 0.020 0.190 0.585 
 125 I _   0.013 0.160 0.001 0.024 0.012 0.020 0.190 0.579 
 126 H _   0.014 0.161 0.001 0.027 0.012 0.020 0.190 0.575 
 127 Q _   0.014 0.159 0.001 0.028 0.012 0.020 0.191 0.575 
 128 L _   0.014 0.155 0.001 0.028 0.012 0.019 0.193 0.579 
 129 K _   0.014 0.147 0.001 0.027 0.011 0.018 0.196 0.586 
 130 N _   0.013 0.137 0.001 0.024 0.010 0.017 0.199 0.599 
 131 V _   0.013 0.122 0.001 0.021 0.009 0.015 0.203 0.615 
 132 I _   0.012 0.106 0.001 0.018 0.008 0.014 0.208 0.634 
 133 R _   0.012 0.089 0.001 0.014 0.006 0.013 0.212 0.653 
 134 Y _   0.011 0.074 0.001 0.011 0.005 0.012 0.216 0.669 
 135 N _   0.010 0.063 0.001 0.009 0.004 0.012 0.220 0.681 
 136 S _   0.010 0.055 0.000 0.007 0.004 0.011 0.224 0.689 
 137 D _   0.009 0.051 0.000 0.006 0.003 0.011 0.226 0.693 
 138 L _   0.009 0.049 0.000 0.006 0.003 0.011 0.229 0.693 
 139 V _   0.009 0.049 0.000 0.006 0.003 0.011 0.231 0.691 
 140 Q _   0.009 0.050 0.000 0.006 0.004 0.012 0.232 0.685 
 141 K _   0.010 0.054 0.001 0.008 0.004 0.013 0.233 0.677 
 142 Y _   0.010 0.060 0.001 0.009 0.006 0.015 0.234 0.665 
 143 H _   0.011 0.069 0.001 0.012 0.007 0.016 0.235 0.649 
 144 P _   0.012 0.081 0.001 0.015 0.009 0.018 0.236 0.629 
 145 C _   0.012 0.094 0.001 0.019 0.010 0.019 0.237 0.607 
 146 F _   0.012 0.108 0.001 0.023 0.012 0.020 0.238 0.586 
 147 W _   0.012 0.119 0.001 0.026 0.013 0.020 0.240 0.568 
 148 I _   0.012 0.129 0.001 0.029 0.013 0.021 0.243 0.553 
 149 D _   0.012 0.135 0.001 0.030 0.013 0.020 0.247 0.543 
 150 G _   0.012 0.138 0.001 0.029 0.012 0.019 0.252 0.538 
 151 Q _   0.011 0.138 0.001 0.027 0.011 0.018 0.257 0.537 
 152 Y _   0.010 0.136 0.001 0.023 0.009 0.017 0.263 0.540 
 153 L _   0.010 0.132 0.001 0.019 0.008 0.016 0.269 0.545 
 154 C _   0.009 0.128 0.001 0.016 0.007 0.015 0.275 0.550 
 155 C _   0.008 0.124 0.001 0.013 0.006 0.014 0.281 0.554 
 156 S _   0.008 0.121 0.001 0.011 0.005 0.014 0.286 0.554 
 157 Q _   0.008 0.120 0.001 0.011 0.005 0.014 0.292 0.550 
 158 T _   0.008 0.120 0.001 0.012 0.005 0.014 0.297 0.542 
 159 A _   0.009 0.123 0.001 0.014 0.006 0.015 0.303 0.529 
 160 K _   0.009 0.128 0.001 0.018 0.007 0.016 0.309 0.512 
 161 N _   0.009 0.134 0.001 0.024 0.009 0.016 0.315 0.492 
 162 A _   0.009 0.139 0.001 0.030 0.010 0.017 0.322 0.472 
 163 M _   0.009 0.142 0.001 0.036 0.011 0.017 0.330 0.454 
 164 G _   0.009 0.143 0.001 0.040 0.011 0.017 0.341 0.439 
 165 C _   0.009 0.140 0.001 0.041 0.011 0.016 0.353 0.428 
 166 Q _   0.009 0.134 0.001 0.040 0.011 0.015 0.369 0.422 
 167 I _   0.008 0.122 0.001 0.037 0.010 0.014 0.388 0.420 
 168 L _   0.008 0.106 0.001 0.031 0.009 0.012 0.409 0.423 
 169 E X   0.008 0.086 0.001 0.025 0.007 0.011 0.434 0.428 
 170 N X   0.007 0.065 0.001 0.020 0.006 0.010 0.459 0.434 
 171 R X   0.007 0.046 0.001 0.014 0.004 0.009 0.482 0.437 
 172 N X   0.006 0.031 0.001 0.011 0.003 0.008 0.504 0.437 
 173 G X   0.005 0.021 0.000 0.008 0.003 0.007 0.523 0.432 
 174 S X   0.005 0.015 0.000 0.007 0.002 0.006 0.539 0.426 
 175 L X   0.005 0.011 0.000 0.006 0.002 0.005 0.552 0.418 
 176 K X   0.004 0.009 0.000 0.006 0.002 0.005 0.564 0.410 
 177 P X   0.004 0.007 0.000 0.006 0.002 0.005 0.574 0.402 
 178 G X   0.004 0.006 0.000 0.006 0.002 0.005 0.583 0.394 
 179 S X   0.004 0.005 0.000 0.006 0.002 0.005 0.591 0.387 
 180 S X   0.003 0.005 0.000 0.006 0.002 0.005 0.598 0.380 
 181 H X   0.003 0.004 0.000 0.006 0.002 0.005 0.605 0.375 
 182 R X   0.003 0.004 0.000 0.006 0.002 0.004 0.611 0.369 
 183 K X   0.003 0.003 0.000 0.006 0.001 0.004 0.617 0.365 
 184 T X   0.003 0.003 0.000 0.005 0.001 0.004 0.622 0.361 
 185 K X   0.003 0.002 0.000 0.005 0.001 0.004 0.627 0.358 
 186 K X   0.003 0.002 0.000 0.004 0.001 0.003 0.631 0.356 
 187 P X   0.003 0.002 0.000 0.004 0.001 0.003 0.634 0.354 
 188 L X   0.002 0.001 0.000 0.003 0.001 0.003 0.636 0.352 
 189 P X   0.002 0.001 0.000 0.003 0.001 0.003 0.638 0.351 
 190 P X   0.002 0.001 0.000 0.003 0.001 0.003 0.638 0.351 
 191 T X   0.002 0.001 0.000 0.003 0.001 0.003 0.638 0.350 
 192 P X   0.002 0.002 0.000 0.004 0.001 0.003 0.638 0.350 
 193 E X   0.002 0.002 0.000 0.004 0.001 0.003 0.637 0.351 
 194 E X   0.002 0.002 0.000 0.004 0.001 0.003 0.635 0.351 
 195 D X   0.002 0.002 0.000 0.005 0.001 0.004 0.633 0.353 
 196 Q X   0.003 0.003 0.000 0.005 0.001 0.004 0.630 0.355 
 197 I X   0.002 0.003 0.000 0.005 0.001 0.004 0.626 0.358 
 198 L X   0.002 0.004 0.000 0.005 0.001 0.004 0.622 0.362 
 199 K X   0.002 0.004 0.000 0.005 0.001 0.004 0.617 0.366 
 200 K X   0.002 0.005 0.000 0.005 0.001 0.004 0.612 0.372 
 201 P X   0.002 0.005 0.000 0.005 0.001 0.004 0.605 0.377 
 202 L X   0.002 0.007 0.000 0.004 0.001 0.004 0.598 0.383 
 203 P X   0.002 0.008 0.000 0.005 0.001 0.005 0.590 0.389 
 204 P X   0.002 0.010 0.000 0.005 0.002 0.005 0.581 0.394 
 205 E X   0.003 0.014 0.000 0.006 0.002 0.006 0.570 0.398 
 206 P X   0.003 0.020 0.000 0.008 0.002 0.008 0.558 0.401 
 207 A X   0.004 0.028 0.000 0.010 0.003 0.009 0.544 0.402 
 208 A X   0.004 0.040 0.001 0.012 0.004 0.011 0.528 0.400 
 209 A X   0.005 0.055 0.001 0.014 0.005 0.013 0.510 0.396 
 210 P X   0.005 0.073 0.001 0.017 0.007 0.016 0.491 0.390 
 211 V X   0.006 0.094 0.001 0.019 0.008 0.019 0.472 0.380 
 212 S X   0.007 0.118 0.001 0.022 0.011 0.022 0.453 0.367 
 213 T X   0.009 0.143 0.001 0.025 0.013 0.024 0.434 0.352 
 214 S X   0.010 0.169 0.001 0.027 0.016 0.027 0.416 0.333 
 215 E X   0.012 0.197 0.002 0.030 0.018 0.029 0.400 0.313 
 216 L X   0.013 0.223 0.002 0.034 0.020 0.030 0.386 0.293 
 217 K X   0.014 0.245 0.002 0.037 0.021 0.030 0.375 0.276 
 218 K X   0.015 0.262 0.001 0.040 0.022 0.029 0.366 0.264 
 219 V X   0.016 0.273 0.001 0.043 0.021 0.028 0.360 0.258 
 220 V X   0.017 0.278 0.001 0.045 0.021 0.027 0.355 0.257 
 221 A X   0.017 0.278 0.001 0.045 0.019 0.025 0.353 0.262 
 222 L X   0.017 0.273 0.001 0.043 0.017 0.023 0.352 0.274 
 223 Y X   0.017 0.261 0.001 0.040 0.016 0.021 0.352 0.293 
 224 D X   0.016 0.239 0.001 0.035 0.014 0.018 0.354 0.322 
 225 Y _   0.015 0.207 0.001 0.030 0.012 0.016 0.358 0.360 
 226 M _   0.015 0.167 0.001 0.025 0.009 0.014 0.362 0.407 
 227 P _   0.014 0.123 0.001 0.019 0.007 0.013 0.367 0.456 
 228 M _   0.012 0.085 0.001 0.014 0.005 0.011 0.372 0.500 
 229 N _   0.010 0.058 0.001 0.009 0.004 0.009 0.375 0.534 
 230 A _   0.008 0.040 0.000 0.007 0.002 0.007 0.377 0.558 
 231 N _   0.007 0.030 0.000 0.005 0.002 0.006 0.377 0.573 
 232 D _   0.006 0.025 0.000 0.004 0.001 0.005 0.376 0.583 
 233 L _   0.005 0.022 0.000 0.003 0.001 0.005 0.374 0.589 
 234 Q _   0.004 0.022 0.000 0.003 0.001 0.005 0.371 0.593 
 235 L _   0.004 0.022 0.000 0.004 0.001 0.006 0.367 0.596 
 236 R _   0.004 0.025 0.000 0.005 0.002 0.006 0.361 0.596 
 237 K _   0.004 0.030 0.000 0.007 0.003 0.008 0.355 0.593 
 238 G _   0.005 0.038 0.000 0.011 0.003 0.009 0.347 0.587 
 239 D _   0.005 0.049 0.001 0.015 0.005 0.010 0.338 0.577 
 240 E _   0.006 0.062 0.001 0.020 0.006 0.012 0.329 0.566 
 241 Y _   0.006 0.074 0.001 0.024 0.007 0.012 0.320 0.556 
 242 F _   0.006 0.084 0.001 0.028 0.007 0.013 0.312 0.549 
 243 I _   0.006 0.091 0.001 0.031 0.007 0.013 0.306 0.545 
 244 L _   0.006 0.096 0.001 0.032 0.007 0.013 0.301 0.544 
 245 E _   0.006 0.098 0.001 0.032 0.007 0.013 0.297 0.546 
 246 E _   0.006 0.097 0.001 0.031 0.007 0.012 0.294 0.551 
 247 S _   0.006 0.095 0.001 0.029 0.007 0.012 0.293 0.558 
 248 N _   0.006 0.091 0.001 0.027 0.006 0.011 0.292 0.567 
 249 L _   0.007 0.085 0.001 0.024 0.005 0.010 0.291 0.577 
 250 P _   0.007 0.077 0.001 0.020 0.005 0.009 0.291 0.590 
 251 W _   0.007 0.068 0.001 0.017 0.004 0.009 0.292 0.603 
 252 W _   0.007 0.059 0.000 0.014 0.003 0.008 0.292 0.618 
 253 R _   0.006 0.049 0.000 0.011 0.003 0.007 0.291 0.632 
 254 A _   0.006 0.041 0.000 0.008 0.002 0.006 0.291 0.645 
 255 R _   0.005 0.035 0.000 0.007 0.002 0.006 0.289 0.656 
 256 D _   0.005 0.031 0.000 0.005 0.002 0.005 0.287 0.665 
 257 K _   0.004 0.029 0.000 0.005 0.001 0.005 0.284 0.671 
 258 N _   0.004 0.028 0.000 0.004 0.001 0.005 0.280 0.676 
 259 G _   0.004 0.029 0.000 0.005 0.002 0.005 0.276 0.679 
 260 Q _   0.004 0.031 0.000 0.006 0.002 0.006 0.270 0.681 
 261 E _   0.004 0.035 0.000 0.007 0.002 0.007 0.263 0.681 
 262 G _   0.004 0.042 0.000 0.009 0.003 0.008 0.255 0.679 
 263 Y _   0.005 0.051 0.000 0.011 0.003 0.009 0.245 0.675 
 264 I _   0.005 0.062 0.001 0.014 0.004 0.010 0.235 0.670 
 265 P _   0.005 0.075 0.001 0.016 0.005 0.010 0.225 0.663 
 266 S _   0.005 0.090 0.001 0.017 0.005 0.011 0.215 0.657 
 267 N _   0.005 0.104 0.001 0.018 0.005 0.012 0.205 0.650 
 268 Y _   0.005 0.119 0.001 0.019 0.006 0.013 0.195 0.642 
 269 V _   0.006 0.134 0.001 0.019 0.006 0.014 0.186 0.634 
 270 T _   0.006 0.150 0.001 0.020 0.007 0.015 0.176 0.625 
 271 E _   0.007 0.168 0.001 0.021 0.008 0.016 0.167 0.613 
 272 A _   0.007 0.187 0.001 0.023 0.009 0.017 0.158 0.598 
 273 E _   0.008 0.208 0.001 0.025 0.010 0.019 0.149 0.580 
 274 D _   0.008 0.229 0.001 0.028 0.011 0.020 0.141 0.561 
 275 S _   0.009 0.249 0.001 0.032 0.012 0.021 0.133 0.542 
 276 I _   0.010 0.265 0.001 0.036 0.013 0.021 0.127 0.527 
 277 E _   0.011 0.276 0.001 0.039 0.014 0.021 0.122 0.517 
 278 M _   0.011 0.281 0.001 0.040 0.014 0.021 0.118 0.515 
 279 Y _   0.011 0.281 0.001 0.040 0.013 0.020 0.115 0.520 
 280 E _   0.011 0.275 0.001 0.037 0.012 0.019 0.113 0.532 
 281 W _   0.011 0.263 0.001 0.033 0.011 0.017 0.111 0.553 
 282 Y _   0.010 0.246 0.001 0.028 0.010 0.016 0.110 0.580 
 283 S _   0.010 0.223 0.001 0.023 0.008 0.015 0.109 0.610 
 284 K _   0.010 0.199 0.001 0.019 0.007 0.014 0.109 0.641 
 285 H _   0.010 0.176 0.001 0.016 0.006 0.013 0.108 0.670 
 286 M _   0.010 0.158 0.001 0.014 0.005 0.012 0.108 0.693 
 287 T _   0.009 0.143 0.001 0.013 0.005 0.012 0.108 0.710 
 288 R _   0.009 0.132 0.001 0.012 0.004 0.011 0.107 0.723 
 289 S _   0.008 0.124 0.001 0.012 0.004 0.011 0.107 0.733 
 290 Q _   0.008 0.116 0.001 0.012 0.004 0.010 0.106 0.742 
 291 A _   0.008 0.110 0.001 0.012 0.004 0.010 0.105 0.751 
 292 E _   0.007 0.104 0.001 0.012 0.004 0.009 0.104 0.759 
 293 Q _   0.007 0.098 0.000 0.012 0.004 0.009 0.103 0.768 
 294 L _   0.006 0.093 0.000 0.011 0.003 0.009 0.101 0.776 
 295 L _   0.006 0.088 0.000 0.010 0.003 0.008 0.100 0.784 
 296 K _   0.006 0.084 0.000 0.010 0.003 0.008 0.098 0.790 
 297 Q _   0.006 0.081 0.000 0.010 0.003 0.008 0.097 0.794 
 298 E _   0.006 0.079 0.000 0.011 0.004 0.009 0.095 0.796 
 299 G _   0.006 0.078 0.000 0.012 0.004 0.009 0.094 0.797 
 300 K _   0.006 0.078 0.000 0.014 0.004 0.009 0.092 0.796 
 301 E _   0.007 0.077 0.001 0.016 0.005 0.010 0.091 0.795 
 302 G _   0.007 0.076 0.001 0.017 0.005 0.010 0.089 0.795 
 303 G _   0.007 0.075 0.001 0.017 0.005 0.010 0.088 0.797 
 304 F _   0.007 0.072 0.001 0.017 0.005 0.010 0.087 0.802 
 305 I _   0.007 0.069 0.001 0.015 0.004 0.009 0.086 0.809 
 306 V _   0.007 0.064 0.000 0.013 0.004 0.009 0.085 0.818 
 307 R _   0.006 0.060 0.000 0.010 0.003 0.009 0.084 0.827 
 308 D _   0.006 0.056 0.000 0.008 0.003 0.009 0.083 0.835 
 309 S _   0.006 0.054 0.000 0.007 0.003 0.009 0.082 0.840 
 310 S _   0.006 0.054 0.000 0.006 0.003 0.010 0.080 0.841 
 311 K _   0.007 0.056 0.000 0.007 0.003 0.011 0.078 0.836 
 312 A _   0.008 0.063 0.001 0.010 0.005 0.014 0.076 0.824 
 313 G _   0.010 0.076 0.001 0.016 0.007 0.016 0.073 0.802 
 314 K _   0.011 0.096 0.001 0.024 0.010 0.018 0.069 0.771 
 315 Y _   0.011 0.119 0.001 0.034 0.012 0.020 0.065 0.737 
 316 T _   0.012 0.139 0.001 0.043 0.014 0.021 0.062 0.708 
 317 V _   0.011 0.152 0.001 0.050 0.015 0.021 0.060 0.690 
 318 S _   0.011 0.158 0.001 0.053 0.014 0.020 0.058 0.685 
 319 V _   0.011 0.158 0.001 0.051 0.013 0.019 0.057 0.690 
 320 F _   0.010 0.153 0.001 0.044 0.012 0.017 0.057 0.706 
 321 A _   0.009 0.142 0.001 0.035 0.010 0.016 0.056 0.731 
 322 K _   0.009 0.126 0.001 0.025 0.008 0.014 0.056 0.761 
 323 S _   0.008 0.108 0.001 0.017 0.006 0.013 0.056 0.792 
 324 T _   0.008 0.094 0.001 0.010 0.004 0.012 0.056 0.815 
 325 G _   0.007 0.086 0.000 0.007 0.003 0.012 0.056 0.829 
 326 D _   0.008 0.083 0.000 0.006 0.003 0.013 0.055 0.832 
 327 P _   0.009 0.085 0.000 0.006 0.004 0.015 0.054 0.827 
 328 Q _   0.011 0.092 0.001 0.009 0.006 0.017 0.052 0.812 
 329 G _   0.014 0.108 0.001 0.014 0.009 0.021 0.050 0.784 
 330 V _   0.015 0.135 0.001 0.022 0.012 0.023 0.048 0.743 
 331 I _   0.016 0.167 0.001 0.031 0.015 0.025 0.045 0.698 
 332 R _   0.016 0.196 0.002 0.039 0.017 0.026 0.043 0.661 
 333 H _   0.016 0.214 0.001 0.044 0.018 0.026 0.042 0.639 
 334 Y _   0.015 0.224 0.001 0.045 0.017 0.025 0.041 0.630 
 335 V _   0.015 0.227 0.001 0.044 0.016 0.024 0.041 0.632 
 336 V _   0.014 0.225 0.001 0.039 0.014 0.022 0.040 0.643 
 337 C _   0.013 0.219 0.001 0.033 0.012 0.021 0.041 0.661 
 338 S _   0.012 0.207 0.001 0.026 0.010 0.019 0.041 0.684 
 339 T _   0.011 0.194 0.001 0.019 0.008 0.018 0.041 0.707 
 340 P _   0.011 0.181 0.001 0.015 0.007 0.017 0.042 0.728 
 341 Q _   0.010 0.171 0.001 0.011 0.006 0.016 0.042 0.743 
 342 S _   0.010 0.164 0.001 0.010 0.005 0.016 0.042 0.752 
 343 Q _   0.010 0.162 0.001 0.009 0.005 0.017 0.042 0.755 
 344 Y _   0.010 0.162 0.001 0.009 0.005 0.017 0.042 0.754 
 345 Y _   0.011 0.166 0.001 0.010 0.006 0.018 0.041 0.748 
 346 L _   0.011 0.173 0.001 0.012 0.007 0.019 0.041 0.737 
 347 A _   0.012 0.183 0.001 0.014 0.008 0.021 0.040 0.722 
 348 E _   0.014 0.195 0.001 0.016 0.009 0.022 0.039 0.704 
 349 K _   0.015 0.208 0.001 0.019 0.011 0.024 0.038 0.684 
 350 H _   0.016 0.222 0.001 0.022 0.013 0.025 0.037 0.664 
 351 L _   0.017 0.235 0.001 0.026 0.015 0.026 0.036 0.643 
 352 F _   0.018 0.247 0.001 0.031 0.017 0.026 0.036 0.624 
 353 S _   0.019 0.256 0.001 0.035 0.018 0.027 0.035 0.609 
 354 T _   0.020 0.261 0.001 0.038 0.018 0.026 0.036 0.600 
 355 I _   0.020 0.261 0.001 0.040 0.018 0.025 0.036 0.598 
 356 P _   0.020 0.257 0.001 0.039 0.017 0.024 0.037 0.604 
 357 E _   0.020 0.248 0.001 0.037 0.015 0.022 0.038 0.618 
 358 L _   0.019 0.231 0.001 0.032 0.013 0.021 0.040 0.643 
 359 I _   0.018 0.207 0.001 0.025 0.011 0.019 0.042 0.677 
 360 N _   0.016 0.180 0.001 0.018 0.008 0.017 0.044 0.716 
 361 Y _   0.014 0.154 0.001 0.013 0.006 0.015 0.045 0.751 
 362 H _   0.013 0.137 0.001 0.009 0.005 0.014 0.047 0.775 
 363 Q _   0.011 0.128 0.000 0.007 0.004 0.014 0.047 0.788 
 364 H _   0.011 0.125 0.000 0.007 0.004 0.014 0.048 0.792 
 365 N _   0.011 0.127 0.000 0.008 0.004 0.015 0.048 0.786 
 366 S _   0.012 0.133 0.001 0.012 0.006 0.016 0.048 0.773 
 367 A _   0.013 0.147 0.001 0.018 0.008 0.018 0.048 0.748 
 368 G _   0.013 0.165 0.001 0.027 0.010 0.019 0.047 0.717 
 369 L _   0.014 0.181 0.001 0.036 0.012 0.020 0.047 0.689 
 370 I _   0.014 0.193 0.001 0.044 0.013 0.020 0.047 0.668 
 371 S _   0.013 0.198 0.001 0.049 0.013 0.019 0.048 0.658 
 372 R _   0.013 0.197 0.001 0.051 0.013 0.018 0.049 0.658 
 373 L _   0.013 0.191 0.001 0.048 0.012 0.017 0.051 0.668 
 374 K _   0.012 0.177 0.001 0.042 0.010 0.015 0.054 0.688 
 375 Y _   0.011 0.154 0.001 0.035 0.009 0.013 0.057 0.720 
 376 P _   0.011 0.124 0.001 0.026 0.007 0.012 0.060 0.759 
 377 V _   0.010 0.093 0.001 0.018 0.005 0.010 0.064 0.800 
 378 S _   0.008 0.066 0.001 0.012 0.003 0.008 0.067 0.835 
 379 Q _   0.007 0.049 0.000 0.007 0.002 0.007 0.068 0.859 
 380 Q _   0.006 0.040 0.000 0.005 0.002 0.006 0.069 0.873 
 381 N _   0.005 0.036 0.000 0.004 0.001 0.005 0.069 0.879 
 382 K _   0.004 0.035 0.000 0.003 0.001 0.006 0.069 0.881 
 383 N _   0.005 0.037 0.000 0.005 0.002 0.007 0.068 0.877 
 384 A _   0.005 0.044 0.000 0.007 0.003 0.009 0.066 0.866 
 385 P _   0.006 0.059 0.001 0.012 0.004 0.011 0.063 0.844 
 386 S _   0.007 0.085 0.001 0.020 0.006 0.014 0.059 0.808 
 387 T _   0.008 0.121 0.001 0.031 0.009 0.016 0.055 0.761 
 388 A _   0.008 0.157 0.001 0.041 0.010 0.017 0.051 0.715 
 389 G _   0.008 0.185 0.001 0.050 0.012 0.018 0.047 0.679 
 390 L _   0.007 0.202 0.001 0.056 0.012 0.018 0.045 0.658 
 391 G _   0.007 0.210 0.001 0.058 0.012 0.017 0.043 0.651 
 392 Y _   0.007 0.211 0.001 0.056 0.011 0.016 0.042 0.655 
 393 G _   0.007 0.206 0.001 0.049 0.010 0.015 0.042 0.669 
 394 S _   0.007 0.195 0.001 0.040 0.009 0.014 0.042 0.694 
 395 W _   0.007 0.177 0.001 0.029 0.007 0.013 0.042 0.725 
 396 E _   0.007 0.157 0.001 0.020 0.005 0.011 0.042 0.757 
 397 I _   0.006 0.139 0.001 0.013 0.004 0.011 0.042 0.784 
 398 D _   0.006 0.128 0.000 0.008 0.003 0.010 0.042 0.802 
 399 P _   0.006 0.122 0.000 0.006 0.003 0.011 0.042 0.810 
 400 K _   0.007 0.122 0.000 0.006 0.003 0.012 0.041 0.809 
 401 D _   0.008 0.126 0.000 0.007 0.004 0.014 0.040 0.801 
 402 L _   0.009 0.137 0.001 0.010 0.005 0.016 0.038 0.782 
 403 T _   0.011 0.158 0.001 0.015 0.008 0.019 0.036 0.753 
 404 F _   0.012 0.188 0.001 0.020 0.010 0.021 0.034 0.714 
 405 L _   0.013 0.220 0.001 0.026 0.012 0.022 0.032 0.675 
 406 K _   0.013 0.249 0.001 0.030 0.013 0.023 0.029 0.641 
 407 E _   0.013 0.272 0.001 0.033 0.014 0.023 0.028 0.616 
 408 L _   0.013 0.287 0.001 0.035 0.015 0.023 0.026 0.600 
 409 G _   0.013 0.296 0.001 0.035 0.015 0.023 0.025 0.592 
 410 T _   0.013 0.301 0.001 0.035 0.015 0.022 0.025 0.588 
 411 G _   0.014 0.302 0.001 0.034 0.014 0.022 0.024 0.589 
 412 Q _   0.014 0.299 0.001 0.033 0.014 0.021 0.024 0.595 
 413 F _   0.014 0.293 0.001 0.031 0.013 0.020 0.024 0.604 
 414 G _   0.014 0.282 0.001 0.030 0.012 0.019 0.024 0.618 
 415 V _   0.013 0.267 0.001 0.027 0.011 0.018 0.025 0.638 
 416 V _   0.013 0.248 0.001 0.024 0.010 0.017 0.025 0.661 
 417 K _   0.012 0.226 0.001 0.021 0.009 0.016 0.026 0.688 
 418 Y _   0.012 0.203 0.001 0.018 0.008 0.015 0.027 0.718 
 419 G _   0.011 0.180 0.001 0.015 0.006 0.014 0.027 0.745 
 420 K _   0.010 0.161 0.001 0.013 0.006 0.013 0.028 0.769 
 421 W _   0.009 0.147 0.001 0.011 0.005 0.012 0.028 0.787 
 422 R _   0.009 0.137 0.001 0.010 0.004 0.012 0.028 0.799 
 423 G _   0.008 0.131 0.001 0.010 0.004 0.012 0.028 0.805 
 424 Q _   0.008 0.128 0.001 0.012 0.005 0.012 0.028 0.807 
 425 Y _   0.008 0.127 0.001 0.014 0.005 0.012 0.028 0.805 
 426 D _   0.008 0.127 0.001 0.017 0.006 0.013 0.028 0.800 
 427 V _   0.008 0.126 0.001 0.021 0.007 0.013 0.028 0.795 
 428 A _   0.009 0.125 0.001 0.024 0.007 0.014 0.028 0.792 
 429 I _   0.009 0.122 0.001 0.027 0.008 0.013 0.028 0.792 
 430 K _   0.009 0.116 0.001 0.027 0.008 0.013 0.029 0.798 
 431 M _   0.009 0.106 0.001 0.025 0.007 0.012 0.029 0.811 
 432 I _   0.009 0.091 0.001 0.021 0.006 0.012 0.030 0.830 
 433 K _   0.008 0.074 0.001 0.017 0.005 0.011 0.031 0.853 
 434 E _   0.008 0.056 0.001 0.013 0.004 0.010 0.032 0.877 
 435 G _   0.007 0.040 0.000 0.009 0.004 0.009 0.032 0.898 
 436 S _   0.007 0.030 0.000 0.006 0.003 0.009 0.033 0.911 
 437 M _   0.007 0.025 0.000 0.005 0.003 0.010 0.033 0.918 
 438 S _   0.008 0.022 0.000 0.005 0.003 0.011 0.033 0.919 
 439 E _   0.009 0.022 0.000 0.006 0.003 0.013 0.032 0.915 
 440 D _   0.010 0.023 0.000 0.008 0.005 0.016 0.032 0.906 
 441 E _   0.012 0.027 0.001 0.013 0.007 0.019 0.031 0.891 
 442 F _   0.014 0.032 0.001 0.019 0.009 0.022 0.030 0.873 
 443 I _   0.016 0.038 0.001 0.027 0.012 0.025 0.029 0.853 
 444 E _   0.017 0.042 0.001 0.033 0.014 0.027 0.028 0.838 
 445 E _   0.018 0.044 0.001 0.037 0.015 0.028 0.027 0.829 
 446 A _   0.019 0.043 0.001 0.038 0.016 0.028 0.027 0.828 
 447 K _   0.020 0.040 0.001 0.035 0.015 0.028 0.027 0.834 
 448 V _   0.021 0.035 0.001 0.029 0.013 0.027 0.027 0.847 
 449 M _   0.022 0.027 0.001 0.021 0.011 0.027 0.027 0.865 
 450 M _   0.023 0.018 0.001 0.015 0.009 0.026 0.027 0.881 
 451 N _   0.025 0.011 0.001 0.010 0.008 0.026 0.026 0.893 
 452 L _   0.028 0.006 0.001 0.007 0.007 0.026 0.026 0.899 
 453 S _   0.032 0.003 0.001 0.005 0.007 0.028 0.026 0.899 
 454 H _   0.038 0.002 0.001 0.005 0.007 0.030 0.026 0.892 
 455 E _   0.044 0.002 0.001 0.006 0.009 0.032 0.025 0.880 
 456 K _   0.053 0.003 0.001 0.008 0.012 0.035 0.025 0.864 
 457 L _   0.061 0.003 0.001 0.011 0.015 0.038 0.025 0.846 
 458 V _   0.069 0.004 0.001 0.015 0.018 0.040 0.024 0.829 
 459 Q _   0.075 0.005 0.001 0.018 0.020 0.041 0.024 0.816 
 460 L _   0.079 0.006 0.001 0.019 0.020 0.041 0.024 0.810 
 461 Y _   0.081 0.005 0.001 0.018 0.019 0.040 0.024 0.810 
 462 G _   0.083 0.004 0.001 0.016 0.018 0.039 0.023 0.815 
 463 V _   0.085 0.003 0.001 0.012 0.015 0.038 0.023 0.822 
 464 C _   0.087 0.002 0.001 0.009 0.013 0.036 0.023 0.829 
 465 T _   0.090 0.001 0.001 0.006 0.011 0.035 0.023 0.833 
 466 K _   0.094 0.000 0.001 0.004 0.009 0.035 0.023 0.833 
 467 Q _   0.101 0.000 0.001 0.003 0.009 0.036 0.023 0.827 
 468 R _   0.110 0.000 0.001 0.003 0.010 0.038 0.023 0.816 
 469 P _   0.121 0.000 0.001 0.003 0.011 0.041 0.023 0.800 
 470 I _   0.134 0.000 0.001 0.004 0.014 0.044 0.023 0.780 
 471 F _   0.148 0.001 0.001 0.006 0.018 0.048 0.022 0.756 
 472 I _   0.162 0.001 0.001 0.007 0.022 0.051 0.022 0.731 
 473 I _   0.175 0.002 0.002 0.010 0.027 0.055 0.022 0.708 
 474 T _   0.184 0.003 0.002 0.012 0.031 0.057 0.023 0.689 
 475 E _   0.188 0.004 0.002 0.013 0.034 0.058 0.023 0.678 
 476 Y _   0.189 0.004 0.002 0.013 0.035 0.058 0.023 0.674 
 477 M _   0.187 0.004 0.002 0.014 0.035 0.057 0.024 0.676 
 478 A _   0.181 0.005 0.002 0.014 0.034 0.056 0.025 0.683 
 479 N _   0.174 0.005 0.002 0.014 0.033 0.054 0.026 0.693 
 480 G _   0.165 0.005 0.002 0.013 0.030 0.051 0.027 0.707 
 481 C _   0.155 0.005 0.002 0.013 0.026 0.048 0.028 0.724 
 482 L _   0.142 0.004 0.002 0.013 0.023 0.044 0.030 0.741 
 483 L _   0.128 0.004 0.001 0.013 0.020 0.041 0.031 0.761 
 484 N _   0.113 0.004 0.001 0.012 0.017 0.037 0.033 0.782 
 485 Y _   0.099 0.003 0.001 0.011 0.014 0.034 0.034 0.804 
 486 L _   0.084 0.002 0.001 0.010 0.012 0.030 0.035 0.825 
 487 R _   0.071 0.002 0.001 0.008 0.009 0.027 0.037 0.845 
 488 E _   0.060 0.001 0.001 0.007 0.007 0.024 0.038 0.862 
 489 M _   0.051 0.001 0.001 0.005 0.006 0.022 0.038 0.875 
 490 R _   0.044 0.001 0.001 0.004 0.005 0.021 0.039 0.885 
 491 H _   0.039 0.000 0.001 0.004 0.005 0.020 0.039 0.891 
 492 R _   0.036 0.001 0.001 0.004 0.005 0.020 0.040 0.894 
 493 F _   0.034 0.001 0.001 0.005 0.006 0.021 0.040 0.893 
 494 Q _   0.034 0.001 0.001 0.006 0.006 0.022 0.040 0.890 
 495 T _   0.034 0.002 0.001 0.007 0.008 0.023 0.040 0.885 
 496 Q _   0.035 0.003 0.001 0.009 0.009 0.025 0.040 0.879 
 497 Q _   0.036 0.004 0.001 0.010 0.010 0.026 0.041 0.873 
 498 L _   0.037 0.005 0.001 0.012 0.011 0.027 0.041 0.867 
 499 L _   0.038 0.006 0.001 0.012 0.012 0.028 0.041 0.862 
 500 E _   0.039 0.008 0.001 0.013 0.013 0.028 0.041 0.858 
 501 M _   0.040 0.009 0.001 0.013 0.013 0.029 0.041 0.855 
 502 C _   0.041 0.010 0.001 0.013 0.013 0.029 0.041 0.852 
 503 K _   0.042 0.011 0.001 0.014 0.014 0.029 0.041 0.848 
 504 D _   0.043 0.013 0.001 0.015 0.014 0.029 0.041 0.843 
 505 V _   0.043 0.014 0.001 0.017 0.015 0.029 0.042 0.839 
 506 C _   0.044 0.015 0.001 0.019 0.015 0.029 0.042 0.836 
 507 E _   0.042 0.016 0.001 0.020 0.015 0.028 0.043 0.835 
 508 A _   0.040 0.017 0.001 0.021 0.014 0.026 0.044 0.838 
 509 M _   0.038 0.016 0.001 0.020 0.012 0.024 0.045 0.844 
 510 E _   0.033 0.015 0.001 0.018 0.011 0.022 0.046 0.855 
 511 Y _   0.029 0.013 0.001 0.015 0.009 0.019 0.047 0.867 
 512 L _   0.025 0.011 0.001 0.012 0.007 0.017 0.047 0.880 
 513 E _   0.021 0.008 0.001 0.010 0.006 0.015 0.048 0.891 
 514 S _   0.018 0.007 0.001 0.008 0.005 0.014 0.049 0.900 
 515 K _   0.016 0.006 0.000 0.007 0.004 0.012 0.049 0.906 
 516 Q _   0.014 0.005 0.000 0.006 0.004 0.012 0.049 0.910 
 517 F _   0.013 0.005 0.000 0.006 0.003 0.011 0.050 0.911 
 518 L _   0.012 0.006 0.000 0.006 0.004 0.011 0.050 0.911 
 519 H _   0.012 0.006 0.000 0.008 0.004 0.011 0.049 0.909 
 520 R _   0.012 0.008 0.001 0.009 0.004 0.012 0.049 0.906 
 521 D _   0.012 0.009 0.001 0.010 0.005 0.012 0.049 0.903 
 522 L _   0.012 0.011 0.001 0.012 0.005 0.013 0.048 0.899 
 523 A _   0.012 0.013 0.001 0.013 0.006 0.013 0.048 0.896 
 524 A _   0.012 0.014 0.001 0.013 0.006 0.013 0.048 0.894 
 525 R _   0.012 0.016 0.001 0.013 0.006 0.013 0.047 0.892 
 526 N _   0.012 0.017 0.001 0.013 0.006 0.013 0.047 0.892 
 527 C _   0.012 0.018 0.001 0.012 0.006 0.013 0.047 0.891 
 528 L _   0.012 0.020 0.001 0.012 0.006 0.013 0.046 0.891 
 529 V _   0.012 0.021 0.001 0.011 0.005 0.013 0.046 0.890 
 530 N _   0.012 0.022 0.001 0.011 0.005 0.014 0.046 0.889 
 531 D _   0.012 0.024 0.001 0.011 0.005 0.014 0.045 0.887 
 532 Q _   0.012 0.026 0.001 0.011 0.006 0.015 0.045 0.884 
 533 G _   0.013 0.029 0.001 0.012 0.006 0.015 0.045 0.879 
 534 V _   0.013 0.033 0.001 0.014 0.007 0.016 0.044 0.873 
 535 V _   0.013 0.038 0.001 0.016 0.007 0.017 0.044 0.865 
 536 K _   0.013 0.043 0.001 0.019 0.008 0.017 0.043 0.856 
 537 V _   0.013 0.048 0.001 0.022 0.009 0.018 0.042 0.847 
 538 S _   0.013 0.053 0.001 0.025 0.010 0.018 0.042 0.838 
 539 D _   0.013 0.057 0.001 0.028 0.010 0.018 0.042 0.831 
 540 F _   0.013 0.059 0.001 0.030 0.010 0.018 0.042 0.827 
 541 G _   0.012 0.060 0.001 0.031 0.010 0.017 0.042 0.827 
 542 L _   0.012 0.058 0.001 0.030 0.009 0.016 0.042 0.831 
 543 S _   0.011 0.055 0.001 0.028 0.008 0.014 0.043 0.839 
 544 R _   0.010 0.050 0.001 0.025 0.007 0.013 0.043 0.851 
 545 Y _   0.009 0.043 0.001 0.020 0.006 0.011 0.044 0.866 
 546 V _   0.009 0.036 0.001 0.015 0.004 0.010 0.045 0.881 
 547 L _   0.008 0.029 0.000 0.012 0.004 0.008 0.046 0.894 
 548 D _   0.007 0.023 0.000 0.009 0.003 0.007 0.046 0.905 
 549 D _   0.006 0.019 0.000 0.007 0.002 0.007 0.047 0.913 
 550 E _   0.006 0.016 0.000 0.005 0.002 0.006 0.047 0.917 
 551 Y _   0.006 0.015 0.000 0.005 0.002 0.006 0.046 0.920 
 552 T _   0.006 0.015 0.000 0.005 0.002 0.007 0.046 0.919 
 553 S _   0.006 0.016 0.000 0.006 0.002 0.008 0.045 0.917 
 554 S _   0.006 0.018 0.000 0.008 0.003 0.009 0.044 0.912 
 555 V _   0.006 0.022 0.000 0.011 0.004 0.010 0.042 0.904 
 556 G _   0.007 0.026 0.001 0.014 0.005 0.011 0.041 0.896 
 557 S _   0.007 0.031 0.001 0.017 0.005 0.012 0.039 0.887 
 558 K _   0.008 0.036 0.001 0.019 0.006 0.013 0.038 0.880 
 559 F _   0.008 0.039 0.001 0.020 0.007 0.014 0.037 0.875 
 560 P _   0.008 0.042 0.001 0.020 0.007 0.014 0.036 0.872 
 561 V _   0.008 0.044 0.001 0.020 0.007 0.015 0.035 0.871 
 562 R _   0.008 0.045 0.001 0.020 0.007 0.015 0.034 0.870 
 563 W _   0.008 0.046 0.001 0.020 0.007 0.016 0.033 0.869 
 564 S _   0.009 0.046 0.001 0.021 0.008 0.016 0.032 0.866 
 565 P _   0.010 0.047 0.001 0.023 0.009 0.017 0.031 0.863 
 566 P _   0.011 0.047 0.001 0.025 0.009 0.018 0.031 0.859 
 567 E _   0.012 0.046 0.001 0.027 0.010 0.018 0.030 0.856 
 568 V _   0.012 0.044 0.001 0.028 0.010 0.018 0.030 0.857 
 569 L _   0.013 0.041 0.001 0.027 0.009 0.017 0.030 0.862 
 570 M _   0.015 0.035 0.001 0.024 0.009 0.016 0.030 0.871 
 571 Y _   0.017 0.027 0.001 0.019 0.007 0.015 0.029 0.885 
 572 S _   0.020 0.017 0.001 0.014 0.006 0.014 0.029 0.899 
 573 K _   0.026 0.009 0.001 0.009 0.005 0.013 0.028 0.908 
 574 F _   0.037 0.004 0.001 0.005 0.004 0.013 0.028 0.909 
 575 S _   0.055 0.001 0.000 0.003 0.004 0.013 0.027 0.897 
 576 S _   0.086 0.000 0.000 0.002 0.004 0.014 0.026 0.867 
 577 K _   0.138 0.000 0.001 0.002 0.005 0.017 0.024 0.814 
 578 S _   0.216 0.000 0.001 0.002 0.008 0.020 0.022 0.731 
 579 D _   0.318 0.000 0.001 0.002 0.012 0.025 0.020 0.622 
 580 I _   0.429 0.000 0.001 0.002 0.019 0.029 0.019 0.501 
 581 W H   0.530 0.000 0.002 0.002 0.026 0.033 0.017 0.390 
 582 A H   0.606 0.000 0.002 0.003 0.033 0.035 0.017 0.305 
 583 F H   0.661 0.000 0.002 0.003 0.037 0.035 0.017 0.245 
 584 G H   0.693 0.000 0.002 0.004 0.040 0.034 0.018 0.209 
 585 V H   0.709 0.001 0.002 0.005 0.041 0.033 0.019 0.191 
 586 L H   0.709 0.001 0.002 0.005 0.041 0.031 0.021 0.191 
 587 M H   0.694 0.001 0.002 0.005 0.040 0.029 0.024 0.206 
 588 W H   0.663 0.001 0.002 0.005 0.037 0.028 0.027 0.238 
 589 E H   0.616 0.000 0.002 0.005 0.033 0.026 0.032 0.285 
 590 I H   0.550 0.000 0.002 0.005 0.028 0.025 0.039 0.350 
 591 Y H   0.471 0.000 0.002 0.005 0.023 0.024 0.047 0.428 
 592 S _   0.387 0.000 0.002 0.005 0.018 0.022 0.056 0.509 
 593 L _   0.306 0.000 0.001 0.006 0.014 0.020 0.067 0.585 
 594 G _   0.233 0.000 0.001 0.007 0.011 0.019 0.077 0.652 
 595 K _   0.172 0.000 0.001 0.008 0.009 0.017 0.086 0.707 
 596 M _   0.121 0.000 0.001 0.008 0.007 0.015 0.095 0.753 
 597 P _   0.083 0.001 0.001 0.007 0.005 0.013 0.102 0.788 
 598 Y _   0.056 0.000 0.001 0.006 0.004 0.011 0.108 0.813 
 599 E _   0.037 0.000 0.000 0.005 0.003 0.010 0.113 0.831 
 600 R _   0.025 0.000 0.000 0.004 0.003 0.009 0.116 0.843 
 601 F _   0.017 0.001 0.000 0.003 0.002 0.008 0.119 0.849 
 602 T _   0.013 0.001 0.000 0.003 0.002 0.008 0.121 0.851 
 603 N _   0.011 0.001 0.000 0.003 0.002 0.010 0.123 0.849 
 604 S _   0.011 0.003 0.000 0.004 0.003 0.011 0.124 0.843 
 605 E _   0.012 0.006 0.000 0.006 0.004 0.014 0.126 0.831 
 606 T _   0.014 0.013 0.001 0.011 0.007 0.018 0.126 0.810 
 607 A _   0.016 0.026 0.001 0.018 0.010 0.022 0.127 0.781 
 608 E _   0.017 0.042 0.001 0.027 0.014 0.025 0.128 0.746 
 609 H _   0.018 0.058 0.001 0.037 0.017 0.027 0.128 0.713 
 610 I _   0.019 0.070 0.001 0.046 0.019 0.028 0.130 0.687 
 611 A _   0.019 0.077 0.001 0.052 0.020 0.029 0.132 0.671 
 612 Q _   0.018 0.080 0.001 0.053 0.019 0.028 0.136 0.664 
 613 G _   0.018 0.078 0.001 0.050 0.018 0.027 0.140 0.667 
 614 L _   0.017 0.073 0.001 0.044 0.016 0.025 0.145 0.679 
 615 R _   0.016 0.063 0.001 0.035 0.013 0.023 0.151 0.698 
 616 L _   0.015 0.049 0.001 0.025 0.011 0.021 0.157 0.721 
 617 Y _   0.014 0.033 0.001 0.017 0.008 0.019 0.164 0.744 
 618 R _   0.014 0.021 0.001 0.010 0.006 0.018 0.170 0.761 
 619 P _   0.013 0.014 0.001 0.006 0.004 0.017 0.175 0.770 
 620 H _   0.014 0.010 0.000 0.004 0.004 0.017 0.178 0.772 
 621 L _   0.016 0.009 0.000 0.004 0.004 0.019 0.182 0.766 
 622 A _   0.018 0.010 0.000 0.004 0.005 0.022 0.185 0.755 
 623 S _   0.023 0.012 0.001 0.007 0.008 0.025 0.188 0.737 
 624 E _   0.028 0.019 0.001 0.011 0.012 0.029 0.191 0.709 
 625 K _   0.031 0.030 0.001 0.019 0.017 0.033 0.194 0.674 
 626 V _   0.034 0.044 0.002 0.030 0.023 0.036 0.198 0.633 
 627 Y _   0.036 0.058 0.002 0.041 0.027 0.038 0.202 0.597 
 628 T _   0.036 0.067 0.002 0.050 0.029 0.037 0.208 0.571 
 629 I _   0.035 0.072 0.002 0.056 0.028 0.036 0.215 0.556 
 630 M _   0.032 0.072 0.002 0.057 0.026 0.033 0.225 0.553 
 631 Y _   0.029 0.069 0.002 0.052 0.023 0.030 0.235 0.560 
 632 S _   0.025 0.061 0.002 0.043 0.018 0.026 0.248 0.577 
 633 C _   0.021 0.049 0.001 0.033 0.013 0.021 0.261 0.600 
 634 W _   0.017 0.034 0.001 0.022 0.009 0.017 0.274 0.626 
 635 H _   0.014 0.019 0.001 0.013 0.006 0.014 0.285 0.649 
 636 E _   0.011 0.009 0.000 0.007 0.003 0.012 0.294 0.663 
 637 K _   0.009 0.005 0.000 0.004 0.002 0.010 0.300 0.670 
 638 A _   0.008 0.003 0.000 0.002 0.002 0.010 0.305 0.670 
 639 D _   0.009 0.002 0.000 0.002 0.002 0.011 0.309 0.665 
 640 E _   0.011 0.003 0.000 0.002 0.002 0.014 0.312 0.655 
 641 R _   0.015 0.005 0.000 0.004 0.004 0.018 0.315 0.638 
 642 P _   0.022 0.013 0.001 0.007 0.008 0.025 0.317 0.607 
 643 T _   0.029 0.035 0.001 0.014 0.016 0.033 0.319 0.555 
 644 F _   0.034 0.077 0.002 0.024 0.024 0.039 0.320 0.479 
 645 K _   0.038 0.132 0.003 0.037 0.031 0.043 0.322 0.395 
 646 I X   0.038 0.181 0.003 0.049 0.035 0.044 0.326 0.324 
 647 L X   0.038 0.215 0.002 0.060 0.036 0.043 0.332 0.274 
 648 L X   0.036 0.233 0.002 0.068 0.035 0.042 0.341 0.243 
 649 S X   0.034 0.241 0.002 0.071 0.033 0.039 0.353 0.228 
 650 N X   0.030 0.241 0.002 0.069 0.030 0.035 0.369 0.224 
 651 I X   0.026 0.233 0.002 0.064 0.026 0.030 0.388 0.231 
 652 L X   0.021 0.217 0.002 0.055 0.021 0.025 0.411 0.248 
 653 D X   0.017 0.190 0.002 0.044 0.016 0.020 0.440 0.273 
 654 V X   0.012 0.148 0.001 0.031 0.011 0.014 0.473 0.310 
 655 M X   0.007 0.096 0.001 0.019 0.005 0.007 0.510 0.355 
 656 D X   0.002 0.044 0.000 0.007 0.001 0.003 0.539 0.403 
 657 E X   0.000 0.018 0.000 0.003 0.000 0.001 0.547 0.430 
 658 E X   0.000 0.012 0.000 0.002 0.000 0.001 0.547 0.438 
 659 S X   0.002 0.011 0.001 0.007 0.002 0.002 0.538 0.436 
