#TopoPred_TM8: 8-state transmembrane topology prediction results by no_profile mode 
#probabilities are in the order of H E C I L F X _, the 8 transmembrane topology types used in PDBTM 
   1 Q X   0.015 0.001 0.002 0.067 0.011 0.011 0.685 0.208 
   2 L X   0.006 0.001 0.000 0.041 0.002 0.006 0.704 0.240 
   3 T X   0.002 0.000 0.000 0.021 0.001 0.003 0.707 0.265 
   4 P X   0.001 0.000 0.000 0.013 0.001 0.003 0.702 0.279 
   5 T X   0.001 0.000 0.000 0.010 0.001 0.004 0.693 0.291 
   6 N X   0.002 0.000 0.000 0.008 0.001 0.005 0.680 0.304 
   7 S X   0.003 0.000 0.000 0.007 0.001 0.005 0.665 0.318 
   8 L X   0.004 0.000 0.000 0.007 0.002 0.006 0.645 0.335 
   9 K X   0.005 0.000 0.000 0.008 0.002 0.008 0.621 0.356 
  10 R X   0.007 0.000 0.000 0.009 0.003 0.009 0.592 0.380 
  11 G X   0.011 0.000 0.001 0.009 0.004 0.011 0.558 0.406 
  12 G X   0.019 0.000 0.001 0.010 0.005 0.013 0.520 0.433 
  13 A X   0.035 0.000 0.001 0.010 0.006 0.016 0.476 0.456 
  14 H _   0.064 0.000 0.001 0.009 0.008 0.019 0.428 0.471 
  15 H _   0.112 0.000 0.001 0.007 0.011 0.022 0.373 0.474 
  16 R _   0.182 0.000 0.002 0.005 0.013 0.025 0.313 0.460 
  17 R _   0.273 0.000 0.002 0.004 0.016 0.026 0.252 0.427 
  18 C H   0.381 0.000 0.002 0.003 0.018 0.027 0.195 0.375 
  19 E H   0.492 0.000 0.002 0.002 0.019 0.025 0.147 0.312 
  20 V H   0.600 0.000 0.002 0.001 0.020 0.023 0.110 0.244 
  21 A H   0.692 0.000 0.002 0.001 0.020 0.020 0.085 0.181 
  22 L H   0.763 0.000 0.001 0.001 0.019 0.017 0.068 0.131 
  23 L H   0.813 0.000 0.001 0.001 0.019 0.014 0.058 0.095 
  24 G H   0.847 0.000 0.001 0.001 0.018 0.011 0.052 0.071 
  25 C H   0.867 0.000 0.001 0.001 0.017 0.009 0.049 0.056 
  26 G H   0.878 0.000 0.001 0.000 0.017 0.008 0.047 0.049 
  27 A H   0.880 0.000 0.001 0.000 0.016 0.007 0.047 0.048 
  28 V H   0.876 0.000 0.001 0.000 0.016 0.007 0.047 0.051 
  29 L H   0.864 0.000 0.001 0.001 0.017 0.007 0.049 0.061 
  30 A H   0.842 0.000 0.001 0.001 0.017 0.008 0.052 0.079 
  31 A H   0.805 0.000 0.001 0.001 0.018 0.009 0.058 0.108 
  32 T H   0.753 0.000 0.001 0.001 0.018 0.010 0.068 0.149 
  33 G H   0.684 0.000 0.002 0.002 0.018 0.011 0.083 0.201 
  34 L H   0.596 0.000 0.002 0.002 0.017 0.013 0.106 0.264 
  35 G H   0.500 0.000 0.002 0.003 0.016 0.014 0.135 0.331 
  36 F H   0.403 0.000 0.002 0.004 0.014 0.015 0.170 0.393 
  37 D _   0.315 0.000 0.002 0.005 0.012 0.015 0.207 0.445 
  38 L _   0.238 0.000 0.001 0.006 0.010 0.015 0.244 0.485 
  39 L _   0.175 0.000 0.001 0.007 0.009 0.015 0.279 0.515 
  40 E _   0.126 0.000 0.001 0.008 0.007 0.014 0.311 0.532 
  41 A _   0.090 0.001 0.001 0.009 0.006 0.013 0.340 0.540 
  42 G _   0.064 0.001 0.001 0.010 0.005 0.012 0.366 0.541 
  43 K _   0.046 0.001 0.001 0.010 0.005 0.011 0.389 0.538 
  44 C _   0.034 0.001 0.001 0.010 0.004 0.010 0.411 0.530 
  45 Q _   0.025 0.001 0.000 0.009 0.004 0.009 0.431 0.521 
  46 L _   0.019 0.001 0.000 0.009 0.003 0.008 0.448 0.511 
  47 L _   0.014 0.001 0.000 0.008 0.003 0.007 0.464 0.502 
  48 P _   0.011 0.001 0.000 0.007 0.002 0.006 0.478 0.494 
  49 L X   0.009 0.001 0.000 0.006 0.002 0.005 0.490 0.487 
  50 E X   0.007 0.001 0.000 0.005 0.001 0.004 0.500 0.481 
  51 E X   0.006 0.001 0.000 0.004 0.001 0.004 0.508 0.477 
  52 P X   0.005 0.000 0.000 0.003 0.001 0.003 0.514 0.473 
  53 E X   0.004 0.000 0.000 0.002 0.001 0.003 0.519 0.470 
  54 P X   0.004 0.001 0.000 0.002 0.001 0.003 0.521 0.469 
  55 P X   0.003 0.001 0.000 0.002 0.001 0.003 0.523 0.468 
  56 A X   0.003 0.001 0.000 0.002 0.001 0.003 0.523 0.467 
  57 R X   0.003 0.002 0.000 0.003 0.001 0.003 0.522 0.467 
  58 E X   0.003 0.003 0.000 0.003 0.001 0.004 0.519 0.466 
  59 E X   0.003 0.006 0.000 0.005 0.001 0.005 0.516 0.464 
  60 K X   0.003 0.010 0.000 0.007 0.002 0.006 0.511 0.460 
  61 K X   0.003 0.017 0.000 0.011 0.003 0.007 0.505 0.454 
  62 R X   0.004 0.025 0.000 0.015 0.003 0.009 0.499 0.445 
  63 R X   0.004 0.034 0.001 0.021 0.004 0.010 0.493 0.435 
  64 E X   0.004 0.041 0.001 0.026 0.005 0.010 0.487 0.426 
  65 G X   0.004 0.046 0.001 0.029 0.006 0.011 0.484 0.420 
  66 L X   0.004 0.049 0.001 0.031 0.006 0.011 0.481 0.417 
  67 F X   0.005 0.050 0.001 0.031 0.006 0.010 0.481 0.417 
  68 Q X   0.005 0.049 0.001 0.029 0.005 0.010 0.481 0.421 
  69 R X   0.005 0.045 0.001 0.025 0.005 0.009 0.483 0.428 
  70 S X   0.005 0.040 0.000 0.020 0.004 0.008 0.485 0.437 
  71 S X   0.005 0.033 0.000 0.016 0.003 0.007 0.488 0.448 
  72 R X   0.005 0.025 0.000 0.011 0.003 0.006 0.492 0.458 
  73 P X   0.005 0.018 0.000 0.008 0.002 0.005 0.495 0.467 
  74 R X   0.005 0.013 0.000 0.006 0.002 0.005 0.497 0.473 
  75 R X   0.004 0.009 0.000 0.004 0.001 0.004 0.498 0.478 
  76 S X   0.004 0.007 0.000 0.004 0.001 0.004 0.498 0.482 
  77 T X   0.004 0.006 0.000 0.003 0.001 0.004 0.498 0.485 
  78 S X   0.003 0.005 0.000 0.003 0.001 0.004 0.496 0.488 
  79 P X   0.003 0.005 0.000 0.003 0.001 0.004 0.493 0.491 
  80 P _   0.003 0.005 0.000 0.004 0.001 0.004 0.489 0.494 
  81 S _   0.003 0.005 0.000 0.004 0.001 0.004 0.484 0.498 
  82 R _   0.003 0.006 0.000 0.005 0.001 0.005 0.478 0.503 
  83 K _   0.003 0.007 0.000 0.006 0.002 0.005 0.470 0.507 
  84 L _   0.003 0.009 0.000 0.007 0.002 0.006 0.462 0.511 
  85 F _   0.003 0.012 0.000 0.009 0.002 0.006 0.453 0.514 
  86 K _   0.003 0.015 0.000 0.011 0.003 0.007 0.443 0.517 
  87 K _   0.003 0.019 0.000 0.013 0.003 0.008 0.434 0.519 
  88 E _   0.003 0.023 0.000 0.014 0.004 0.009 0.425 0.521 
  89 E _   0.004 0.027 0.001 0.015 0.004 0.010 0.416 0.523 
  90 P _   0.004 0.030 0.001 0.016 0.004 0.010 0.408 0.527 
  91 M _   0.004 0.033 0.001 0.015 0.004 0.011 0.401 0.532 
  92 L _   0.005 0.034 0.000 0.013 0.004 0.012 0.394 0.538 
  93 L _   0.005 0.036 0.000 0.011 0.004 0.013 0.387 0.543 
  94 L _   0.006 0.037 0.000 0.010 0.004 0.015 0.381 0.548 
  95 G _   0.008 0.038 0.001 0.008 0.004 0.017 0.374 0.549 
  96 D _   0.011 0.041 0.001 0.008 0.006 0.021 0.366 0.547 
  97 P _   0.015 0.047 0.001 0.009 0.008 0.026 0.358 0.537 
  98 S _   0.021 0.058 0.001 0.011 0.013 0.032 0.349 0.515 
  99 A _   0.028 0.079 0.002 0.015 0.020 0.038 0.338 0.481 
 100 S _   0.034 0.111 0.002 0.020 0.027 0.043 0.326 0.436 
 101 L _   0.039 0.152 0.002 0.027 0.033 0.045 0.315 0.386 
 102 T _   0.040 0.190 0.002 0.034 0.035 0.046 0.306 0.346 
 103 L _   0.041 0.217 0.002 0.040 0.036 0.044 0.300 0.321 
 104 L _   0.040 0.233 0.002 0.044 0.035 0.042 0.296 0.309 
 105 S _   0.039 0.241 0.002 0.045 0.033 0.039 0.293 0.308 
 106 L _   0.037 0.241 0.002 0.044 0.030 0.036 0.292 0.318 
 107 S _   0.035 0.235 0.002 0.040 0.027 0.033 0.292 0.336 
 108 S _   0.032 0.223 0.002 0.035 0.023 0.030 0.293 0.362 
 109 I _   0.029 0.203 0.002 0.030 0.019 0.026 0.296 0.395 
 110 S _   0.025 0.177 0.001 0.025 0.015 0.023 0.299 0.433 
 111 E _   0.022 0.148 0.001 0.021 0.012 0.020 0.304 0.471 
 112 C _   0.019 0.120 0.001 0.017 0.009 0.018 0.308 0.507 
 113 N _   0.016 0.095 0.001 0.015 0.007 0.016 0.313 0.538 
 114 S _   0.014 0.076 0.001 0.012 0.006 0.013 0.316 0.562 
 115 T _   0.011 0.060 0.001 0.010 0.004 0.012 0.320 0.582 
 116 R _   0.009 0.048 0.000 0.008 0.004 0.010 0.322 0.597 
 117 S _   0.008 0.040 0.000 0.007 0.003 0.009 0.324 0.609 
 118 L _   0.007 0.034 0.000 0.006 0.002 0.008 0.326 0.617 
 119 L _   0.006 0.030 0.000 0.005 0.002 0.007 0.327 0.622 
 120 R _   0.005 0.028 0.000 0.005 0.002 0.007 0.327 0.625 
 121 S _   0.005 0.028 0.000 0.005 0.002 0.008 0.327 0.625 
 122 D _   0.006 0.029 0.000 0.006 0.003 0.009 0.326 0.622 
 123 S _   0.006 0.031 0.000 0.008 0.003 0.010 0.325 0.615 
 124 D _   0.007 0.035 0.001 0.011 0.005 0.011 0.324 0.605 
 125 E _   0.008 0.041 0.001 0.016 0.006 0.013 0.323 0.591 
 126 I _   0.010 0.048 0.001 0.021 0.008 0.014 0.323 0.576 
 127 V _   0.011 0.053 0.001 0.026 0.009 0.015 0.323 0.562 
 128 V _   0.011 0.057 0.001 0.030 0.010 0.016 0.323 0.551 
 129 Y _   0.011 0.059 0.001 0.032 0.010 0.015 0.325 0.546 
 130 E _   0.011 0.059 0.001 0.031 0.010 0.015 0.328 0.546 
 131 M _   0.011 0.056 0.001 0.028 0.009 0.014 0.331 0.550 
 132 P _   0.010 0.052 0.001 0.024 0.008 0.013 0.336 0.557 
 133 V _   0.009 0.045 0.001 0.020 0.006 0.011 0.341 0.566 
 134 S _   0.008 0.038 0.001 0.015 0.005 0.010 0.346 0.576 
 135 P _   0.008 0.031 0.000 0.012 0.004 0.009 0.351 0.585 
 136 V _   0.007 0.026 0.000 0.009 0.003 0.008 0.356 0.591 
 137 E _   0.006 0.022 0.000 0.007 0.002 0.007 0.360 0.595 
 138 A _   0.005 0.020 0.000 0.006 0.002 0.006 0.363 0.598 
 139 P _   0.005 0.018 0.000 0.005 0.002 0.005 0.365 0.600 
 140 P _   0.004 0.017 0.000 0.005 0.002 0.005 0.366 0.601 
 141 L _   0.004 0.017 0.000 0.005 0.002 0.005 0.367 0.601 
 142 S _   0.004 0.017 0.000 0.004 0.002 0.005 0.367 0.601 
 143 P _   0.004 0.018 0.000 0.005 0.002 0.005 0.366 0.600 
 144 C _   0.004 0.021 0.000 0.005 0.002 0.006 0.365 0.598 
 145 T _   0.004 0.025 0.000 0.007 0.002 0.007 0.363 0.592 
 146 H _   0.004 0.032 0.000 0.009 0.003 0.008 0.360 0.583 
 147 N _   0.005 0.042 0.001 0.013 0.004 0.010 0.357 0.568 
 148 P _   0.005 0.057 0.001 0.019 0.006 0.011 0.354 0.547 
 149 L _   0.006 0.075 0.001 0.027 0.007 0.013 0.350 0.522 
 150 V _   0.006 0.092 0.001 0.035 0.009 0.014 0.347 0.497 
 151 N _   0.006 0.104 0.001 0.042 0.010 0.014 0.345 0.478 
 152 V _   0.006 0.111 0.001 0.047 0.010 0.014 0.345 0.465 
 153 R _   0.006 0.114 0.001 0.049 0.010 0.014 0.346 0.460 
 154 V _   0.006 0.113 0.001 0.047 0.010 0.013 0.349 0.461 
 155 E _   0.006 0.108 0.001 0.041 0.009 0.012 0.353 0.470 
 156 R _   0.006 0.098 0.001 0.033 0.007 0.011 0.359 0.485 
 157 F _   0.006 0.083 0.001 0.024 0.006 0.009 0.367 0.505 
 158 K _   0.005 0.065 0.001 0.016 0.004 0.008 0.374 0.527 
 159 R _   0.005 0.050 0.000 0.010 0.003 0.007 0.381 0.544 
 160 D _   0.004 0.040 0.000 0.006 0.002 0.006 0.386 0.555 
 161 P _   0.004 0.035 0.000 0.004 0.002 0.006 0.390 0.559 
 162 N _   0.004 0.034 0.000 0.004 0.001 0.006 0.393 0.558 
 163 Q _   0.005 0.035 0.000 0.004 0.002 0.008 0.395 0.552 
 164 S _   0.006 0.038 0.000 0.007 0.003 0.009 0.396 0.541 
 165 L _   0.007 0.045 0.000 0.011 0.004 0.011 0.397 0.523 
 166 T _   0.008 0.057 0.001 0.018 0.006 0.013 0.398 0.499 
 167 P _   0.008 0.071 0.001 0.027 0.008 0.015 0.398 0.472 
 168 T _   0.008 0.082 0.001 0.035 0.010 0.016 0.400 0.448 
 169 H _   0.008 0.089 0.001 0.041 0.010 0.016 0.403 0.431 
 170 V _   0.008 0.093 0.001 0.044 0.010 0.016 0.407 0.420 
 171 T _   0.008 0.092 0.001 0.044 0.010 0.015 0.413 0.417 
 172 L X   0.007 0.089 0.001 0.040 0.009 0.014 0.421 0.420 
 173 T X   0.007 0.081 0.001 0.034 0.008 0.012 0.430 0.428 
 174 T X   0.007 0.069 0.001 0.026 0.006 0.011 0.441 0.439 
 175 P X   0.006 0.055 0.001 0.019 0.005 0.009 0.453 0.452 
 176 S X   0.006 0.041 0.001 0.014 0.004 0.008 0.464 0.464 
 177 Q X   0.005 0.030 0.000 0.010 0.003 0.007 0.474 0.472 
 178 P X   0.005 0.022 0.000 0.007 0.002 0.006 0.482 0.476 
 179 S X   0.004 0.017 0.000 0.005 0.002 0.005 0.488 0.478 
 180 S X   0.004 0.015 0.000 0.004 0.001 0.004 0.493 0.479 
 181 H X   0.003 0.013 0.000 0.004 0.001 0.004 0.496 0.478 
 182 R X   0.003 0.012 0.000 0.004 0.001 0.004 0.498 0.478 
 183 R X   0.003 0.012 0.000 0.004 0.001 0.004 0.499 0.477 
 184 T X   0.003 0.012 0.000 0.004 0.001 0.004 0.499 0.477 
 185 P X   0.002 0.014 0.000 0.004 0.001 0.004 0.498 0.476 
 186 S X   0.002 0.016 0.000 0.005 0.001 0.005 0.496 0.474 
 187 D X   0.003 0.020 0.000 0.007 0.002 0.005 0.493 0.471 
 188 G X   0.003 0.025 0.000 0.009 0.002 0.006 0.489 0.464 
 189 A X   0.003 0.033 0.000 0.013 0.003 0.007 0.485 0.455 
 190 L X   0.003 0.043 0.000 0.018 0.004 0.008 0.480 0.443 
 191 K X   0.003 0.053 0.001 0.023 0.005 0.009 0.476 0.430 
 192 P X   0.004 0.062 0.001 0.028 0.005 0.010 0.473 0.418 
 193 E X   0.004 0.068 0.001 0.033 0.006 0.010 0.470 0.408 
 194 T X   0.004 0.072 0.001 0.036 0.006 0.010 0.470 0.402 
 195 L X   0.004 0.073 0.001 0.036 0.006 0.010 0.470 0.400 
 196 L X   0.004 0.072 0.001 0.034 0.006 0.009 0.473 0.401 
 197 A X   0.004 0.068 0.001 0.030 0.005 0.009 0.476 0.407 
 198 S X   0.004 0.062 0.001 0.025 0.005 0.008 0.481 0.416 
 199 R X   0.004 0.052 0.000 0.019 0.004 0.007 0.487 0.427 
 200 S X   0.004 0.042 0.000 0.013 0.003 0.006 0.493 0.439 
 201 P X   0.003 0.033 0.000 0.009 0.002 0.005 0.498 0.449 
 202 S X   0.003 0.026 0.000 0.006 0.001 0.004 0.502 0.457 
 203 S X   0.003 0.022 0.000 0.004 0.001 0.004 0.505 0.462 
 204 N X   0.003 0.020 0.000 0.003 0.001 0.003 0.506 0.464 
 205 G X   0.002 0.019 0.000 0.003 0.001 0.003 0.506 0.465 
 206 L X   0.002 0.019 0.000 0.004 0.001 0.004 0.505 0.464 
 207 S X   0.003 0.020 0.000 0.005 0.001 0.004 0.504 0.462 
 208 P X   0.003 0.022 0.000 0.008 0.002 0.005 0.502 0.458 
 209 S X   0.003 0.026 0.000 0.011 0.002 0.006 0.499 0.452 
 210 P X   0.003 0.031 0.000 0.016 0.003 0.007 0.495 0.444 
 211 G X   0.003 0.035 0.000 0.021 0.004 0.008 0.492 0.436 
 212 A X   0.004 0.039 0.000 0.025 0.004 0.008 0.491 0.429 
 213 G X   0.004 0.041 0.001 0.028 0.005 0.009 0.490 0.424 
 214 M X   0.004 0.041 0.001 0.028 0.005 0.008 0.491 0.424 
 215 L X   0.004 0.039 0.000 0.026 0.004 0.008 0.492 0.427 
 216 K X   0.004 0.036 0.000 0.022 0.004 0.007 0.495 0.433 
 217 T X   0.003 0.030 0.000 0.017 0.003 0.006 0.498 0.441 
 218 P X   0.003 0.024 0.000 0.012 0.002 0.005 0.502 0.450 
 219 S X   0.003 0.018 0.000 0.009 0.002 0.005 0.506 0.458 
 220 P X   0.003 0.014 0.000 0.006 0.001 0.004 0.509 0.463 
 221 S X   0.003 0.011 0.000 0.005 0.001 0.004 0.511 0.466 
 222 R X   0.003 0.009 0.000 0.004 0.001 0.004 0.512 0.467 
 223 D X   0.003 0.008 0.000 0.004 0.001 0.004 0.513 0.467 
 224 P X   0.003 0.007 0.000 0.004 0.001 0.004 0.513 0.467 
 225 G X   0.003 0.007 0.000 0.005 0.001 0.004 0.512 0.467 
 226 E X   0.003 0.007 0.000 0.006 0.001 0.004 0.511 0.467 
 227 F X   0.003 0.007 0.000 0.006 0.002 0.004 0.509 0.468 
 228 P X   0.003 0.007 0.000 0.007 0.002 0.004 0.507 0.470 
 229 R X   0.003 0.007 0.000 0.006 0.002 0.004 0.505 0.473 
 230 L X   0.003 0.007 0.000 0.006 0.002 0.004 0.502 0.476 
 231 P X   0.003 0.007 0.000 0.006 0.002 0.004 0.499 0.479 
 232 D X   0.003 0.008 0.000 0.006 0.002 0.004 0.496 0.482 
 233 P X   0.003 0.008 0.000 0.006 0.002 0.005 0.493 0.484 
 234 N X   0.003 0.009 0.000 0.006 0.002 0.005 0.489 0.486 
 235 V _   0.003 0.010 0.000 0.007 0.002 0.006 0.486 0.486 
 236 V _   0.003 0.011 0.000 0.009 0.002 0.006 0.482 0.486 
 237 F _   0.004 0.013 0.000 0.010 0.003 0.007 0.478 0.486 
 238 P _   0.004 0.015 0.000 0.012 0.003 0.007 0.474 0.486 
 239 P _   0.004 0.016 0.000 0.013 0.003 0.007 0.470 0.486 
 240 T _   0.004 0.017 0.000 0.014 0.003 0.007 0.466 0.488 
 241 P _   0.004 0.018 0.000 0.014 0.003 0.007 0.463 0.491 
 242 R _   0.004 0.018 0.000 0.013 0.003 0.007 0.460 0.494 
 243 R _   0.004 0.018 0.000 0.012 0.003 0.006 0.458 0.499 
 244 W _   0.004 0.017 0.000 0.010 0.003 0.006 0.456 0.505 
 245 N _   0.003 0.017 0.000 0.009 0.002 0.005 0.453 0.510 
 246 T _   0.003 0.016 0.000 0.007 0.002 0.005 0.451 0.515 
 247 Q _   0.003 0.016 0.000 0.006 0.002 0.005 0.448 0.519 
 248 Q _   0.003 0.016 0.000 0.006 0.002 0.005 0.445 0.523 
 249 D _   0.003 0.017 0.000 0.006 0.002 0.005 0.442 0.526 
 250 S _   0.003 0.018 0.000 0.006 0.002 0.005 0.438 0.528 
 251 T _   0.003 0.020 0.000 0.007 0.002 0.006 0.433 0.528 
 252 L _   0.004 0.024 0.000 0.009 0.003 0.007 0.428 0.527 
 253 E _   0.004 0.028 0.000 0.011 0.003 0.007 0.422 0.524 
 254 R _   0.004 0.033 0.000 0.015 0.004 0.008 0.416 0.519 
 255 P _   0.004 0.039 0.001 0.018 0.004 0.009 0.411 0.514 
 256 K _   0.005 0.043 0.001 0.021 0.005 0.009 0.407 0.510 
 257 T _   0.005 0.046 0.001 0.023 0.005 0.009 0.403 0.507 
 258 L _   0.005 0.048 0.001 0.024 0.005 0.009 0.400 0.507 
 259 E _   0.005 0.048 0.001 0.024 0.005 0.009 0.399 0.510 
 260 F _   0.005 0.047 0.001 0.021 0.005 0.008 0.398 0.515 
 261 L _   0.005 0.044 0.000 0.018 0.004 0.008 0.398 0.523 
 262 P _   0.005 0.041 0.000 0.014 0.003 0.007 0.398 0.533 
 263 R _   0.004 0.036 0.000 0.010 0.002 0.006 0.398 0.543 
 264 P _   0.004 0.032 0.000 0.007 0.002 0.005 0.398 0.551 
 265 R _   0.004 0.029 0.000 0.005 0.002 0.005 0.397 0.558 
 266 P _   0.004 0.028 0.000 0.004 0.001 0.005 0.395 0.562 
 267 S _   0.004 0.028 0.000 0.004 0.001 0.005 0.393 0.565 
 268 A _   0.004 0.030 0.000 0.004 0.002 0.006 0.390 0.564 
 269 N _   0.004 0.034 0.000 0.006 0.002 0.008 0.386 0.560 
 270 R _   0.005 0.043 0.000 0.009 0.003 0.010 0.380 0.549 
 271 Q _   0.006 0.061 0.001 0.014 0.005 0.012 0.372 0.529 
 272 R _   0.007 0.087 0.001 0.021 0.007 0.014 0.362 0.500 
 273 L _   0.007 0.119 0.001 0.030 0.009 0.015 0.352 0.466 
 274 D _   0.007 0.148 0.001 0.038 0.011 0.016 0.344 0.436 
 275 P _   0.007 0.169 0.001 0.045 0.011 0.016 0.337 0.414 
 276 W _   0.006 0.181 0.001 0.050 0.011 0.016 0.332 0.402 
 277 W _   0.006 0.187 0.001 0.051 0.011 0.015 0.329 0.398 
 278 F _   0.006 0.188 0.001 0.050 0.010 0.014 0.328 0.402 
 279 V _   0.006 0.184 0.001 0.046 0.009 0.013 0.328 0.412 
 280 S _   0.006 0.176 0.001 0.040 0.008 0.012 0.330 0.428 
 281 P _   0.006 0.162 0.001 0.033 0.007 0.011 0.332 0.449 
 282 S _   0.006 0.143 0.001 0.026 0.006 0.010 0.335 0.474 
 283 H _   0.006 0.122 0.001 0.019 0.005 0.009 0.338 0.500 
 284 A _   0.006 0.103 0.001 0.015 0.004 0.008 0.341 0.523 
 285 R _   0.005 0.088 0.000 0.011 0.003 0.007 0.344 0.542 
 286 S _   0.005 0.076 0.000 0.009 0.002 0.006 0.345 0.556 
 287 T _   0.004 0.069 0.000 0.007 0.002 0.006 0.345 0.566 
 288 S _   0.004 0.065 0.000 0.006 0.002 0.005 0.345 0.573 
 289 P _   0.004 0.063 0.000 0.006 0.001 0.005 0.343 0.577 
 290 A _   0.003 0.062 0.000 0.006 0.002 0.005 0.341 0.580 
 291 N _   0.003 0.063 0.000 0.007 0.002 0.005 0.337 0.583 
 292 S _   0.003 0.064 0.000 0.007 0.002 0.005 0.333 0.585 
 293 S _   0.003 0.067 0.000 0.008 0.002 0.006 0.328 0.587 
 294 S _   0.003 0.071 0.000 0.009 0.002 0.006 0.322 0.588 
 295 T _   0.003 0.076 0.000 0.010 0.002 0.006 0.315 0.588 
 296 E _   0.003 0.084 0.000 0.011 0.002 0.007 0.307 0.586 
 297 T _   0.003 0.095 0.000 0.012 0.003 0.008 0.298 0.581 
 298 P _   0.003 0.109 0.001 0.014 0.003 0.008 0.288 0.573 
 299 S _   0.004 0.129 0.001 0.017 0.004 0.009 0.277 0.560 
 300 N _   0.004 0.155 0.001 0.020 0.005 0.010 0.264 0.540 
 301 L _   0.004 0.186 0.001 0.024 0.006 0.011 0.252 0.515 
 302 D _   0.004 0.220 0.001 0.028 0.007 0.012 0.241 0.487 
 303 S _   0.004 0.251 0.001 0.032 0.008 0.012 0.231 0.462 
 304 C _   0.004 0.275 0.001 0.035 0.008 0.012 0.223 0.442 
 305 F _   0.004 0.292 0.001 0.036 0.008 0.012 0.217 0.430 
 306 A _   0.004 0.303 0.001 0.036 0.008 0.012 0.213 0.425 
 307 S _   0.004 0.307 0.001 0.034 0.007 0.011 0.210 0.426 
 308 S _   0.004 0.307 0.001 0.031 0.007 0.011 0.209 0.431 
 309 S _   0.004 0.303 0.001 0.027 0.006 0.010 0.208 0.441 
 310 S _   0.004 0.296 0.001 0.023 0.005 0.010 0.208 0.454 
 311 T _   0.004 0.287 0.001 0.019 0.005 0.009 0.208 0.468 
 312 V _   0.005 0.277 0.001 0.015 0.004 0.009 0.209 0.480 
 313 E _   0.005 0.267 0.001 0.013 0.004 0.009 0.210 0.492 
 314 E _   0.005 0.259 0.000 0.011 0.004 0.009 0.212 0.500 
 315 R _   0.005 0.253 0.000 0.010 0.004 0.009 0.213 0.505 
 316 P _   0.005 0.249 0.000 0.011 0.004 0.009 0.214 0.507 
 317 G _   0.006 0.248 0.000 0.012 0.004 0.010 0.216 0.505 
 318 L _   0.006 0.247 0.000 0.013 0.004 0.010 0.217 0.502 
 319 P _   0.006 0.247 0.001 0.015 0.005 0.010 0.218 0.498 
 320 A _   0.007 0.246 0.001 0.017 0.005 0.011 0.220 0.493 
 321 L _   0.007 0.244 0.001 0.019 0.006 0.011 0.223 0.491 
 322 L _   0.007 0.239 0.001 0.019 0.006 0.010 0.226 0.492 
 323 P _   0.007 0.231 0.001 0.019 0.006 0.010 0.230 0.497 
 324 F _   0.006 0.220 0.001 0.018 0.006 0.010 0.234 0.506 
 325 Q _   0.006 0.206 0.001 0.016 0.005 0.009 0.239 0.518 
 326 A _   0.006 0.190 0.001 0.014 0.005 0.009 0.245 0.531 
 327 G _   0.006 0.175 0.001 0.012 0.004 0.008 0.250 0.544 
 328 P _   0.005 0.161 0.000 0.011 0.004 0.008 0.256 0.555 
 329 L _   0.005 0.151 0.000 0.010 0.003 0.008 0.261 0.562 
 330 P _   0.005 0.143 0.000 0.009 0.003 0.008 0.266 0.566 
 331 P _   0.005 0.137 0.000 0.010 0.003 0.008 0.270 0.566 
 332 T _   0.005 0.134 0.000 0.010 0.003 0.008 0.275 0.565 
 333 E _   0.005 0.131 0.000 0.012 0.003 0.008 0.279 0.562 
 334 R _   0.005 0.128 0.000 0.013 0.003 0.008 0.283 0.559 
 335 T _   0.005 0.125 0.000 0.014 0.004 0.008 0.288 0.556 
 336 L _   0.005 0.122 0.000 0.014 0.004 0.008 0.293 0.554 
 337 L _   0.005 0.118 0.000 0.014 0.004 0.007 0.298 0.554 
 338 D _   0.005 0.114 0.000 0.013 0.003 0.007 0.303 0.555 
 339 L _   0.004 0.108 0.000 0.012 0.003 0.007 0.309 0.557 
 340 D _   0.004 0.102 0.000 0.010 0.003 0.006 0.314 0.560 
 341 A _   0.004 0.097 0.000 0.008 0.002 0.006 0.319 0.563 
 342 E _   0.004 0.093 0.000 0.007 0.002 0.006 0.324 0.565 
 343 G _   0.004 0.090 0.000 0.006 0.002 0.006 0.327 0.565 
 344 Q _   0.004 0.090 0.000 0.005 0.002 0.006 0.330 0.564 
 345 S _   0.004 0.091 0.000 0.005 0.002 0.006 0.332 0.559 
 346 Q _   0.004 0.096 0.000 0.007 0.002 0.007 0.334 0.550 
 347 D _   0.005 0.104 0.000 0.009 0.003 0.009 0.335 0.535 
 348 S _   0.005 0.120 0.001 0.013 0.004 0.010 0.335 0.512 
 349 T _   0.006 0.143 0.001 0.018 0.006 0.012 0.335 0.480 
 350 V _   0.006 0.170 0.001 0.024 0.007 0.013 0.335 0.445 
 351 P _   0.006 0.195 0.001 0.030 0.008 0.013 0.336 0.411 
 352 L _   0.006 0.213 0.001 0.035 0.008 0.013 0.338 0.387 
 353 C _   0.005 0.224 0.001 0.036 0.008 0.012 0.341 0.372 
 354 R _   0.005 0.229 0.001 0.035 0.008 0.012 0.346 0.364 
 355 A _   0.005 0.229 0.001 0.032 0.007 0.011 0.352 0.364 
 356 E _   0.005 0.225 0.001 0.026 0.006 0.010 0.360 0.368 
 357 L _   0.004 0.218 0.001 0.020 0.005 0.009 0.368 0.375 
 358 N _   0.004 0.209 0.001 0.015 0.004 0.008 0.377 0.382 
 359 T _   0.004 0.201 0.000 0.010 0.003 0.008 0.386 0.388 
 360 H X   0.004 0.196 0.000 0.008 0.002 0.008 0.393 0.389 
 361 R X   0.004 0.194 0.000 0.007 0.002 0.008 0.399 0.385 
 362 P X   0.005 0.195 0.000 0.008 0.003 0.008 0.405 0.376 
 363 A X   0.005 0.200 0.000 0.010 0.003 0.009 0.410 0.363 
 364 P X   0.005 0.208 0.000 0.013 0.004 0.009 0.414 0.346 
 365 Y X   0.005 0.218 0.001 0.018 0.005 0.009 0.418 0.327 
 366 E X   0.004 0.228 0.001 0.022 0.005 0.009 0.422 0.310 
 367 I X   0.004 0.235 0.001 0.025 0.005 0.008 0.426 0.297 
 368 Q X   0.003 0.238 0.000 0.025 0.004 0.006 0.432 0.291 
 369 Q X   0.002 0.236 0.000 0.024 0.003 0.004 0.440 0.292 
 370 E X   0.001 0.228 0.000 0.020 0.001 0.002 0.447 0.301 
 371 F X   0.000 0.215 0.000 0.015 0.000 0.001 0.450 0.318 
 372 W X   0.000 0.201 0.000 0.015 0.000 0.001 0.449 0.333 
 373 S X   0.003 0.190 0.002 0.023 0.004 0.003 0.439 0.336 
