#TopoPred_TM8: 8-state transmembrane topology prediction results by no_profile mode 
#probabilities are in the order of H E C I L F X _, the 8 transmembrane topology types used in PDBTM 
   1 M X   0.019 0.003 0.002 0.067 0.011 0.013 0.561 0.324 
   2 S X   0.007 0.002 0.000 0.043 0.002 0.007 0.574 0.365 
   3 G X   0.002 0.002 0.000 0.027 0.001 0.005 0.574 0.389 
   4 P X   0.002 0.003 0.000 0.022 0.001 0.006 0.566 0.399 
   5 R X   0.003 0.006 0.000 0.022 0.002 0.009 0.552 0.405 
   6 A X   0.004 0.011 0.000 0.025 0.003 0.013 0.531 0.411 
   7 G X   0.006 0.020 0.001 0.028 0.005 0.017 0.507 0.416 
   8 F X   0.007 0.032 0.001 0.033 0.006 0.019 0.479 0.423 
   9 Y X   0.008 0.045 0.001 0.037 0.008 0.020 0.449 0.432 
  10 R _   0.008 0.059 0.001 0.039 0.009 0.021 0.419 0.444 
  11 Q _   0.007 0.070 0.001 0.039 0.010 0.020 0.392 0.461 
  12 E _   0.007 0.078 0.001 0.037 0.010 0.019 0.369 0.479 
  13 L _   0.007 0.084 0.001 0.033 0.009 0.019 0.350 0.497 
  14 N _   0.007 0.088 0.001 0.030 0.009 0.018 0.333 0.515 
  15 K _   0.007 0.091 0.001 0.026 0.008 0.017 0.318 0.531 
  16 T _   0.008 0.094 0.001 0.024 0.008 0.017 0.305 0.545 
  17 V _   0.008 0.096 0.001 0.022 0.008 0.017 0.292 0.556 
  18 W _   0.008 0.099 0.001 0.022 0.007 0.016 0.281 0.566 
  19 E _   0.008 0.101 0.001 0.021 0.007 0.016 0.269 0.576 
  20 V _   0.008 0.103 0.001 0.021 0.007 0.015 0.259 0.586 
  21 P _   0.008 0.104 0.001 0.020 0.007 0.015 0.248 0.596 
  22 Q _   0.008 0.104 0.001 0.019 0.007 0.014 0.239 0.608 
  23 R _   0.008 0.104 0.001 0.018 0.007 0.014 0.229 0.620 
  24 L _   0.008 0.103 0.001 0.017 0.006 0.013 0.220 0.632 
  25 Q _   0.007 0.102 0.001 0.015 0.006 0.013 0.212 0.645 
  26 G _   0.007 0.101 0.001 0.014 0.005 0.012 0.204 0.656 
  27 L _   0.007 0.100 0.001 0.013 0.005 0.012 0.196 0.666 
  28 R _   0.007 0.100 0.001 0.012 0.005 0.012 0.188 0.675 
  29 P _   0.007 0.101 0.001 0.012 0.005 0.013 0.180 0.681 
  30 V _   0.007 0.104 0.001 0.013 0.006 0.013 0.172 0.684 
  31 G _   0.008 0.107 0.001 0.014 0.006 0.014 0.164 0.685 
  32 S _   0.008 0.110 0.001 0.016 0.007 0.015 0.157 0.686 
  33 G _   0.009 0.114 0.001 0.018 0.008 0.016 0.150 0.685 
  34 A _   0.010 0.117 0.001 0.019 0.009 0.017 0.143 0.684 
  35 Y _   0.011 0.120 0.001 0.021 0.010 0.018 0.136 0.683 
  36 G _   0.011 0.122 0.001 0.022 0.010 0.019 0.131 0.685 
  37 S _   0.012 0.123 0.001 0.022 0.010 0.019 0.125 0.688 
  38 V _   0.012 0.123 0.001 0.022 0.010 0.020 0.120 0.692 
  39 C _   0.013 0.121 0.001 0.021 0.010 0.020 0.116 0.697 
  40 S _   0.014 0.120 0.001 0.020 0.010 0.020 0.112 0.703 
  41 A _   0.014 0.117 0.001 0.020 0.010 0.020 0.108 0.709 
  42 Y _   0.015 0.114 0.001 0.019 0.010 0.020 0.105 0.716 
  43 D _   0.015 0.111 0.001 0.019 0.010 0.020 0.102 0.723 
  44 A _   0.015 0.108 0.001 0.019 0.010 0.020 0.099 0.729 
  45 R _   0.015 0.104 0.001 0.019 0.010 0.020 0.097 0.735 
  46 L _   0.015 0.100 0.001 0.019 0.009 0.019 0.094 0.742 
  47 R _   0.014 0.095 0.001 0.019 0.009 0.019 0.092 0.751 
  48 Q _   0.014 0.089 0.001 0.019 0.009 0.018 0.091 0.761 
  49 K _   0.014 0.082 0.001 0.018 0.008 0.017 0.089 0.772 
  50 V _   0.013 0.074 0.001 0.017 0.007 0.016 0.087 0.784 
  51 A _   0.013 0.065 0.001 0.015 0.007 0.016 0.086 0.798 
  52 V _   0.012 0.057 0.001 0.013 0.006 0.015 0.084 0.812 
  53 K _   0.012 0.049 0.001 0.010 0.005 0.014 0.083 0.825 
  54 K _   0.012 0.042 0.001 0.008 0.005 0.014 0.082 0.835 
  55 L _   0.012 0.038 0.001 0.007 0.004 0.015 0.080 0.843 
  56 S _   0.013 0.035 0.001 0.007 0.005 0.016 0.078 0.846 
  57 R _   0.014 0.034 0.001 0.007 0.005 0.017 0.077 0.845 
  58 P _   0.016 0.034 0.001 0.008 0.006 0.019 0.075 0.841 
  59 F _   0.018 0.036 0.001 0.010 0.007 0.021 0.073 0.833 
  60 Q _   0.021 0.040 0.001 0.013 0.009 0.024 0.071 0.822 
  61 S _   0.023 0.044 0.001 0.016 0.011 0.026 0.069 0.809 
  62 L _   0.025 0.048 0.001 0.020 0.014 0.028 0.067 0.796 
  63 I _   0.027 0.052 0.001 0.023 0.015 0.029 0.065 0.787 
  64 H _   0.029 0.054 0.001 0.025 0.016 0.030 0.064 0.781 
  65 A _   0.029 0.055 0.001 0.026 0.017 0.030 0.063 0.779 
  66 R _   0.029 0.054 0.001 0.026 0.017 0.029 0.062 0.782 
  67 R _   0.029 0.052 0.001 0.025 0.016 0.028 0.061 0.789 
  68 T _   0.028 0.048 0.001 0.023 0.015 0.027 0.061 0.798 
  69 Y _   0.026 0.043 0.001 0.021 0.013 0.025 0.061 0.810 
  70 R _   0.025 0.037 0.001 0.019 0.012 0.024 0.061 0.823 
  71 E _   0.023 0.030 0.001 0.017 0.010 0.022 0.061 0.836 
  72 L _   0.022 0.024 0.001 0.014 0.008 0.020 0.061 0.850 
  73 R _   0.020 0.018 0.001 0.012 0.007 0.018 0.061 0.863 
  74 L _   0.018 0.013 0.001 0.009 0.006 0.017 0.061 0.875 
  75 L _   0.017 0.009 0.001 0.007 0.005 0.016 0.060 0.884 
  76 K _   0.016 0.006 0.001 0.006 0.004 0.015 0.060 0.891 
  77 H _   0.017 0.005 0.000 0.005 0.004 0.015 0.059 0.894 
  78 L _   0.018 0.004 0.000 0.005 0.004 0.016 0.059 0.895 
  79 K _   0.019 0.003 0.001 0.005 0.005 0.017 0.058 0.892 
  80 H _   0.022 0.004 0.001 0.005 0.006 0.019 0.057 0.886 
  81 E _   0.026 0.005 0.001 0.007 0.007 0.022 0.056 0.876 
  82 N _   0.031 0.007 0.001 0.010 0.010 0.025 0.055 0.863 
  83 V _   0.036 0.010 0.001 0.013 0.013 0.028 0.054 0.846 
  84 I _   0.040 0.014 0.001 0.018 0.016 0.031 0.052 0.827 
  85 G _   0.044 0.017 0.001 0.024 0.019 0.033 0.051 0.810 
  86 L _   0.047 0.020 0.002 0.028 0.021 0.034 0.051 0.797 
  87 L _   0.049 0.022 0.002 0.031 0.022 0.034 0.050 0.790 
  88 D _   0.048 0.022 0.002 0.033 0.022 0.033 0.050 0.791 
  89 V _   0.047 0.021 0.002 0.031 0.020 0.031 0.050 0.800 
  90 F _   0.044 0.018 0.001 0.026 0.016 0.028 0.050 0.816 
  91 T _   0.042 0.013 0.001 0.020 0.012 0.025 0.051 0.837 
  92 P _   0.039 0.008 0.001 0.013 0.009 0.021 0.051 0.857 
  93 A _   0.038 0.004 0.001 0.008 0.006 0.019 0.051 0.873 
  94 T _   0.038 0.002 0.000 0.005 0.004 0.017 0.051 0.884 
  95 S _   0.041 0.000 0.000 0.002 0.003 0.016 0.050 0.887 
  96 I _   0.048 0.000 0.000 0.002 0.003 0.016 0.049 0.882 
  97 E _   0.063 0.000 0.000 0.001 0.003 0.019 0.048 0.866 
  98 D _   0.088 0.000 0.001 0.001 0.005 0.024 0.046 0.835 
  99 F _   0.123 0.000 0.001 0.002 0.009 0.030 0.045 0.790 
 100 S _   0.167 0.000 0.001 0.003 0.015 0.039 0.043 0.731 
 101 E _   0.211 0.001 0.001 0.004 0.026 0.049 0.042 0.665 
 102 V _   0.249 0.004 0.002 0.008 0.038 0.057 0.040 0.602 
 103 Y _   0.275 0.009 0.002 0.014 0.049 0.062 0.040 0.548 
 104 L _   0.290 0.015 0.003 0.022 0.056 0.064 0.040 0.511 
 105 V _   0.294 0.020 0.003 0.028 0.060 0.063 0.040 0.492 
 106 T _   0.288 0.022 0.003 0.031 0.059 0.060 0.041 0.495 
 107 T _   0.272 0.022 0.003 0.031 0.054 0.056 0.042 0.519 
 108 L _   0.247 0.020 0.003 0.028 0.047 0.051 0.044 0.560 
 109 M _   0.214 0.016 0.002 0.022 0.037 0.044 0.046 0.618 
 110 G _   0.177 0.010 0.002 0.015 0.026 0.037 0.048 0.683 
 111 A _   0.139 0.006 0.001 0.010 0.017 0.031 0.051 0.745 
 112 D _   0.106 0.003 0.001 0.007 0.011 0.025 0.052 0.795 
 113 L _   0.080 0.001 0.001 0.005 0.007 0.021 0.054 0.831 
 114 N _   0.060 0.001 0.001 0.004 0.005 0.018 0.055 0.856 
 115 N _   0.046 0.001 0.001 0.004 0.004 0.016 0.056 0.872 
 116 I _   0.037 0.000 0.000 0.005 0.004 0.015 0.056 0.882 
 117 V _   0.030 0.000 0.000 0.005 0.004 0.015 0.057 0.889 
 118 K _   0.027 0.000 0.000 0.005 0.004 0.014 0.057 0.893 
 119 C _   0.025 0.000 0.000 0.005 0.004 0.015 0.056 0.895 
 120 Q _   0.024 0.000 0.000 0.005 0.004 0.015 0.056 0.895 
 121 A _   0.026 0.000 0.000 0.004 0.004 0.017 0.055 0.893 
 122 L _   0.031 0.000 0.000 0.003 0.004 0.019 0.054 0.888 
 123 S _   0.038 0.000 0.000 0.003 0.005 0.022 0.053 0.878 
 124 D _   0.050 0.000 0.001 0.003 0.007 0.027 0.052 0.860 
 125 E _   0.067 0.001 0.001 0.004 0.010 0.034 0.050 0.834 
 126 H _   0.089 0.001 0.001 0.005 0.015 0.042 0.049 0.798 
 127 V _   0.111 0.003 0.001 0.009 0.023 0.050 0.047 0.756 
 128 Q _   0.132 0.006 0.002 0.013 0.031 0.057 0.046 0.713 
 129 F _   0.150 0.010 0.002 0.019 0.039 0.062 0.045 0.674 
 130 L _   0.161 0.014 0.002 0.024 0.044 0.065 0.044 0.646 
 131 V _   0.168 0.016 0.002 0.027 0.047 0.065 0.044 0.631 
 132 Y _   0.169 0.017 0.002 0.028 0.046 0.064 0.044 0.630 
 133 Q _   0.165 0.017 0.002 0.026 0.043 0.061 0.044 0.642 
 134 L _   0.157 0.015 0.002 0.022 0.038 0.057 0.044 0.664 
 135 L _   0.145 0.012 0.002 0.017 0.032 0.053 0.045 0.693 
 136 R _   0.132 0.010 0.002 0.013 0.026 0.049 0.046 0.724 
 137 G _   0.118 0.007 0.001 0.009 0.020 0.044 0.047 0.752 
 138 L _   0.104 0.006 0.001 0.008 0.016 0.041 0.048 0.776 
 139 K _   0.091 0.006 0.001 0.007 0.014 0.038 0.049 0.794 
 140 Y _   0.080 0.007 0.001 0.009 0.013 0.036 0.049 0.805 
 141 I _   0.070 0.008 0.001 0.011 0.013 0.034 0.050 0.811 
 142 H _   0.061 0.010 0.001 0.015 0.014 0.032 0.051 0.814 
 143 S _   0.053 0.013 0.001 0.019 0.014 0.031 0.052 0.816 
 144 A _   0.046 0.015 0.001 0.023 0.014 0.028 0.054 0.818 
 145 G _   0.040 0.016 0.001 0.026 0.013 0.026 0.055 0.823 
 146 I _   0.034 0.016 0.001 0.026 0.012 0.023 0.057 0.832 
 147 I _   0.028 0.015 0.001 0.024 0.010 0.020 0.059 0.844 
 148 H _   0.023 0.013 0.001 0.020 0.008 0.017 0.061 0.857 
 149 R _   0.019 0.010 0.001 0.016 0.006 0.014 0.062 0.872 
 150 D _   0.015 0.008 0.001 0.012 0.005 0.011 0.064 0.886 
 151 L _   0.012 0.005 0.000 0.008 0.003 0.009 0.065 0.897 
 152 K _   0.009 0.003 0.000 0.006 0.002 0.008 0.067 0.905 
 153 P _   0.008 0.002 0.000 0.004 0.002 0.007 0.067 0.910 
 154 S _   0.007 0.002 0.000 0.003 0.002 0.006 0.067 0.913 
 155 N _   0.006 0.002 0.000 0.003 0.002 0.006 0.067 0.914 
 156 V _   0.006 0.002 0.000 0.003 0.002 0.007 0.067 0.913 
 157 A _   0.007 0.003 0.000 0.004 0.002 0.008 0.066 0.910 
 158 V _   0.008 0.005 0.000 0.005 0.003 0.010 0.065 0.904 
 159 N _   0.009 0.009 0.000 0.007 0.004 0.013 0.063 0.895 
 160 E _   0.011 0.016 0.001 0.010 0.006 0.016 0.061 0.880 
 161 D _   0.013 0.027 0.001 0.015 0.008 0.019 0.058 0.859 
 162 C _   0.015 0.042 0.001 0.022 0.011 0.023 0.055 0.832 
 163 E _   0.016 0.058 0.001 0.030 0.014 0.026 0.053 0.802 
 164 L _   0.017 0.074 0.001 0.039 0.017 0.028 0.050 0.775 
 165 R _   0.018 0.085 0.001 0.046 0.019 0.029 0.048 0.754 
 166 I _   0.019 0.092 0.001 0.052 0.019 0.029 0.046 0.742 
 167 L _   0.019 0.095 0.001 0.054 0.019 0.028 0.045 0.739 
 168 D _   0.019 0.094 0.001 0.051 0.018 0.026 0.044 0.746 
 169 F _   0.018 0.088 0.001 0.046 0.016 0.024 0.044 0.763 
 170 G _   0.017 0.078 0.001 0.037 0.013 0.022 0.044 0.787 
 171 L _   0.016 0.062 0.001 0.028 0.010 0.020 0.044 0.818 
 172 A _   0.015 0.044 0.001 0.019 0.008 0.017 0.044 0.852 
 173 R _   0.013 0.028 0.001 0.012 0.006 0.016 0.044 0.881 
 174 Q _   0.012 0.017 0.001 0.008 0.004 0.014 0.044 0.901 
 175 A _   0.012 0.011 0.000 0.005 0.003 0.014 0.043 0.912 
 176 D _   0.012 0.009 0.000 0.004 0.003 0.014 0.042 0.916 
 177 E _   0.013 0.008 0.000 0.004 0.003 0.016 0.041 0.914 
 178 E _   0.015 0.009 0.000 0.006 0.004 0.018 0.040 0.908 
 179 M _   0.017 0.010 0.001 0.008 0.006 0.021 0.038 0.898 
 180 T _   0.020 0.014 0.001 0.012 0.009 0.024 0.036 0.884 
 181 G _   0.022 0.018 0.001 0.017 0.011 0.028 0.035 0.868 
 182 Y _   0.025 0.023 0.001 0.022 0.014 0.031 0.033 0.853 
 183 V _   0.027 0.026 0.001 0.025 0.016 0.033 0.031 0.840 
 184 A _   0.029 0.029 0.001 0.027 0.018 0.035 0.029 0.833 
 185 T _   0.031 0.030 0.001 0.026 0.019 0.036 0.027 0.830 
 186 R _   0.033 0.029 0.001 0.025 0.019 0.037 0.026 0.830 
 187 W _   0.034 0.028 0.001 0.023 0.019 0.038 0.025 0.832 
 188 Y _   0.036 0.027 0.001 0.021 0.019 0.038 0.023 0.835 
 189 R _   0.038 0.025 0.001 0.020 0.019 0.038 0.022 0.837 
 190 A _   0.040 0.024 0.001 0.019 0.019 0.037 0.021 0.838 
 191 P _   0.043 0.023 0.001 0.020 0.019 0.036 0.020 0.837 
 192 E _   0.047 0.022 0.001 0.021 0.018 0.035 0.019 0.836 
 193 I _   0.051 0.020 0.001 0.022 0.018 0.033 0.019 0.836 
 194 M _   0.056 0.018 0.001 0.021 0.017 0.031 0.018 0.838 
 195 L _   0.062 0.015 0.001 0.019 0.015 0.029 0.017 0.842 
 196 N _   0.070 0.011 0.001 0.015 0.013 0.026 0.016 0.848 
 197 W _   0.080 0.006 0.001 0.011 0.011 0.022 0.015 0.854 
 198 M _   0.093 0.003 0.001 0.007 0.008 0.019 0.014 0.855 
 199 H _   0.111 0.001 0.001 0.004 0.006 0.017 0.013 0.848 
 200 Y _   0.137 0.000 0.001 0.002 0.005 0.015 0.012 0.829 
 201 N _   0.175 0.000 0.001 0.001 0.005 0.013 0.011 0.795 
 202 Q _   0.231 0.000 0.001 0.001 0.005 0.013 0.009 0.740 
 203 T _   0.313 0.000 0.001 0.001 0.006 0.013 0.008 0.658 
 204 V _   0.422 0.000 0.001 0.001 0.008 0.014 0.007 0.547 
 205 D H   0.543 0.000 0.001 0.001 0.011 0.014 0.005 0.424 
 206 I H   0.655 0.000 0.001 0.001 0.014 0.015 0.004 0.310 
 207 W H   0.739 0.000 0.001 0.001 0.017 0.014 0.004 0.224 
 208 S H   0.795 0.000 0.001 0.001 0.019 0.014 0.003 0.167 
 209 V H   0.829 0.000 0.001 0.001 0.021 0.013 0.003 0.132 
 210 G H   0.845 0.000 0.001 0.001 0.022 0.012 0.003 0.114 
 211 C H   0.847 0.000 0.001 0.001 0.023 0.012 0.004 0.111 
 212 I H   0.835 0.000 0.001 0.002 0.024 0.012 0.005 0.121 
 213 M H   0.806 0.000 0.002 0.002 0.024 0.012 0.006 0.148 
 214 A H   0.758 0.000 0.002 0.002 0.023 0.013 0.008 0.194 
 215 E H   0.685 0.000 0.002 0.003 0.021 0.013 0.011 0.265 
 216 L H   0.588 0.000 0.002 0.003 0.018 0.014 0.015 0.360 
 217 L H   0.476 0.000 0.002 0.003 0.015 0.014 0.020 0.470 
 218 Q _   0.364 0.000 0.001 0.004 0.011 0.013 0.026 0.581 
 219 G _   0.263 0.000 0.001 0.004 0.008 0.012 0.032 0.679 
 220 K _   0.182 0.000 0.001 0.004 0.006 0.011 0.038 0.758 
 221 A _   0.121 0.000 0.001 0.004 0.005 0.010 0.042 0.817 
 222 L _   0.078 0.000 0.001 0.004 0.004 0.009 0.046 0.859 
 223 F _   0.049 0.000 0.000 0.004 0.003 0.008 0.048 0.887 
 224 P _   0.031 0.000 0.000 0.003 0.002 0.008 0.050 0.904 
 225 G _   0.021 0.000 0.000 0.003 0.002 0.008 0.052 0.914 
 226 S _   0.016 0.000 0.000 0.003 0.002 0.008 0.052 0.918 
 227 D _   0.014 0.000 0.000 0.003 0.002 0.010 0.053 0.917 
 228 Y _   0.015 0.001 0.000 0.003 0.003 0.013 0.053 0.912 
 229 I _   0.018 0.002 0.000 0.004 0.004 0.016 0.053 0.902 
 230 D _   0.023 0.004 0.001 0.007 0.007 0.022 0.053 0.885 
 231 Q _   0.028 0.009 0.001 0.011 0.010 0.028 0.052 0.861 
 232 L _   0.034 0.017 0.001 0.017 0.016 0.034 0.052 0.830 
 233 K _   0.039 0.026 0.002 0.025 0.021 0.039 0.052 0.797 
 234 R _   0.043 0.035 0.002 0.032 0.025 0.042 0.051 0.770 
 235 I _   0.046 0.041 0.002 0.036 0.028 0.044 0.052 0.752 
 236 M _   0.047 0.045 0.002 0.038 0.028 0.044 0.052 0.744 
 237 E _   0.047 0.046 0.002 0.036 0.027 0.043 0.053 0.747 
 238 V _   0.047 0.044 0.002 0.031 0.024 0.041 0.055 0.756 
 239 V _   0.045 0.041 0.002 0.025 0.021 0.039 0.056 0.770 
 240 G _   0.043 0.038 0.001 0.019 0.018 0.037 0.058 0.786 
 241 T _   0.040 0.034 0.001 0.015 0.015 0.035 0.059 0.801 
 242 P _   0.037 0.031 0.001 0.012 0.013 0.033 0.061 0.812 
 243 S _   0.035 0.029 0.001 0.011 0.011 0.032 0.063 0.818 
 244 P _   0.033 0.028 0.001 0.011 0.010 0.030 0.064 0.822 
 245 E _   0.031 0.029 0.001 0.011 0.010 0.029 0.066 0.823 
 246 V _   0.029 0.030 0.001 0.012 0.010 0.028 0.068 0.822 
 247 L _   0.028 0.032 0.001 0.013 0.010 0.028 0.069 0.820 
 248 A _   0.026 0.034 0.001 0.014 0.010 0.027 0.071 0.819 
 249 K _   0.024 0.036 0.001 0.014 0.010 0.026 0.072 0.817 
 250 I _   0.023 0.039 0.001 0.015 0.010 0.025 0.073 0.814 
 251 S _   0.022 0.041 0.001 0.016 0.010 0.025 0.074 0.811 
 252 S _   0.021 0.044 0.001 0.018 0.011 0.024 0.076 0.805 
 253 E _   0.021 0.047 0.001 0.020 0.012 0.024 0.078 0.799 
 254 H _   0.020 0.049 0.001 0.023 0.012 0.024 0.080 0.791 
 255 A _   0.020 0.051 0.001 0.026 0.013 0.023 0.083 0.784 
 256 R _   0.020 0.052 0.001 0.028 0.013 0.022 0.086 0.779 
 257 T _   0.019 0.051 0.001 0.029 0.012 0.021 0.089 0.778 
 258 Y _   0.018 0.049 0.001 0.029 0.011 0.019 0.094 0.780 
 259 I _   0.016 0.045 0.001 0.027 0.010 0.017 0.098 0.786 
 260 Q _   0.015 0.039 0.001 0.023 0.008 0.015 0.103 0.796 
 261 S _   0.013 0.031 0.001 0.019 0.006 0.013 0.109 0.808 
 262 L _   0.011 0.023 0.001 0.014 0.005 0.011 0.114 0.822 
 263 P _   0.010 0.015 0.000 0.010 0.004 0.009 0.118 0.834 
 264 P _   0.008 0.009 0.000 0.007 0.003 0.008 0.122 0.843 
 265 M _   0.007 0.005 0.000 0.005 0.002 0.007 0.125 0.849 
 266 P _   0.006 0.004 0.000 0.003 0.002 0.007 0.127 0.851 
 267 Q _   0.006 0.003 0.000 0.003 0.002 0.007 0.129 0.850 
 268 K _   0.006 0.003 0.000 0.003 0.002 0.008 0.130 0.847 
 269 D _   0.007 0.003 0.000 0.004 0.002 0.010 0.131 0.841 
 270 L _   0.009 0.004 0.000 0.006 0.003 0.013 0.132 0.833 
 271 S _   0.010 0.007 0.001 0.008 0.005 0.016 0.133 0.821 
 272 S _   0.012 0.010 0.001 0.011 0.006 0.019 0.133 0.807 
 273 I _   0.015 0.013 0.001 0.014 0.008 0.023 0.133 0.792 
 274 F _   0.018 0.016 0.001 0.017 0.010 0.027 0.134 0.777 
 275 R _   0.021 0.019 0.001 0.018 0.012 0.031 0.135 0.764 
 276 G _   0.025 0.021 0.001 0.018 0.013 0.034 0.136 0.751 
 277 A _   0.031 0.023 0.001 0.016 0.015 0.038 0.137 0.738 
 278 N _   0.038 0.024 0.001 0.015 0.017 0.042 0.139 0.723 
 279 P _   0.046 0.026 0.001 0.014 0.020 0.046 0.141 0.705 
 280 L _   0.056 0.029 0.001 0.014 0.024 0.049 0.143 0.683 
 281 A _   0.065 0.033 0.002 0.017 0.028 0.053 0.146 0.657 
 282 I _   0.073 0.039 0.002 0.020 0.032 0.055 0.150 0.629 
 283 D _   0.078 0.046 0.002 0.027 0.036 0.055 0.154 0.603 
 284 L _   0.079 0.051 0.002 0.034 0.037 0.054 0.160 0.582 
 285 L _   0.077 0.055 0.002 0.040 0.036 0.051 0.167 0.571 
 286 G _   0.073 0.056 0.002 0.043 0.034 0.047 0.176 0.570 
 287 R _   0.066 0.054 0.002 0.042 0.029 0.042 0.186 0.580 
 288 M _   0.057 0.048 0.002 0.036 0.023 0.036 0.196 0.602 
 289 L _   0.047 0.039 0.002 0.028 0.016 0.030 0.208 0.632 
 290 V _   0.037 0.027 0.001 0.018 0.011 0.024 0.218 0.663 
 291 L _   0.028 0.016 0.001 0.011 0.007 0.020 0.228 0.690 
 292 D _   0.022 0.009 0.001 0.006 0.004 0.016 0.235 0.708 
 293 S _   0.017 0.006 0.000 0.003 0.003 0.015 0.241 0.716 
 294 D _   0.015 0.005 0.000 0.002 0.002 0.014 0.245 0.717 
 295 Q _   0.014 0.005 0.000 0.002 0.003 0.016 0.248 0.711 
 296 R _   0.016 0.008 0.000 0.004 0.004 0.019 0.252 0.697 
 297 V _   0.020 0.017 0.001 0.008 0.007 0.023 0.254 0.670 
 298 S _   0.023 0.044 0.001 0.016 0.013 0.029 0.256 0.618 
 299 A _   0.025 0.098 0.002 0.029 0.020 0.033 0.257 0.536 
 300 A _   0.025 0.171 0.002 0.044 0.025 0.035 0.258 0.440 
 301 E _   0.024 0.232 0.002 0.059 0.027 0.035 0.261 0.360 
 302 A _   0.022 0.270 0.002 0.071 0.027 0.033 0.265 0.308 
 303 L E   0.021 0.290 0.002 0.079 0.027 0.032 0.273 0.278 
 304 A E   0.019 0.297 0.002 0.082 0.025 0.029 0.283 0.263 
 305 H X   0.018 0.295 0.002 0.080 0.023 0.027 0.296 0.260 
 306 A X   0.016 0.284 0.002 0.074 0.020 0.024 0.314 0.265 
 307 Y X   0.015 0.261 0.002 0.064 0.018 0.021 0.338 0.281 
 308 F X   0.014 0.222 0.002 0.051 0.014 0.018 0.370 0.309 
 309 S X   0.013 0.169 0.002 0.038 0.011 0.015 0.407 0.345 
 310 Q X   0.012 0.115 0.001 0.026 0.008 0.013 0.446 0.379 
 311 Y X   0.010 0.073 0.001 0.016 0.005 0.010 0.479 0.406 
 312 H X   0.008 0.046 0.000 0.010 0.003 0.008 0.504 0.421 
 313 D X   0.006 0.032 0.000 0.006 0.002 0.006 0.521 0.426 
 314 P X   0.005 0.026 0.000 0.004 0.001 0.004 0.533 0.427 
 315 E X   0.004 0.023 0.000 0.003 0.001 0.004 0.541 0.425 
 316 D X   0.003 0.021 0.000 0.003 0.001 0.003 0.546 0.422 
 317 E X   0.003 0.021 0.000 0.003 0.001 0.003 0.549 0.420 
 318 P X   0.003 0.023 0.000 0.003 0.001 0.004 0.550 0.417 
 319 E X   0.002 0.025 0.000 0.004 0.001 0.004 0.550 0.414 
 320 A X   0.002 0.029 0.000 0.005 0.001 0.005 0.548 0.409 
 321 E X   0.002 0.037 0.000 0.007 0.002 0.005 0.544 0.403 
 322 P X   0.003 0.047 0.000 0.008 0.002 0.006 0.539 0.394 
 323 Y X   0.003 0.062 0.000 0.010 0.002 0.007 0.532 0.383 
 324 D X   0.003 0.082 0.000 0.013 0.003 0.008 0.524 0.367 
 325 E X   0.003 0.107 0.001 0.015 0.004 0.009 0.515 0.347 
 326 S X   0.003 0.137 0.001 0.017 0.004 0.009 0.506 0.323 
 327 V X   0.003 0.170 0.001 0.019 0.005 0.009 0.496 0.297 
 328 E X   0.003 0.203 0.001 0.020 0.005 0.010 0.488 0.270 
 329 A X   0.003 0.236 0.001 0.020 0.005 0.010 0.481 0.245 
 330 K X   0.003 0.265 0.001 0.021 0.005 0.010 0.475 0.222 
 331 E X   0.003 0.289 0.001 0.020 0.005 0.009 0.471 0.202 
 332 R X   0.002 0.308 0.001 0.020 0.005 0.009 0.468 0.187 
 333 T X   0.003 0.323 0.001 0.019 0.005 0.010 0.466 0.174 
 334 L X   0.003 0.334 0.001 0.019 0.005 0.010 0.466 0.163 
 335 E X   0.003 0.343 0.001 0.019 0.005 0.010 0.466 0.153 
 336 E X   0.003 0.350 0.001 0.019 0.006 0.010 0.467 0.144 
 337 W X   0.003 0.356 0.001 0.020 0.006 0.011 0.469 0.135 
 338 K X   0.004 0.360 0.001 0.021 0.006 0.011 0.471 0.126 
 339 E X   0.004 0.362 0.001 0.024 0.007 0.011 0.475 0.117 
 340 L X   0.004 0.362 0.001 0.026 0.008 0.011 0.480 0.107 
 341 T X   0.005 0.360 0.001 0.029 0.008 0.011 0.486 0.099 
 342 Y X   0.005 0.355 0.001 0.032 0.009 0.011 0.495 0.093 
 343 Q X   0.005 0.345 0.001 0.034 0.009 0.011 0.508 0.088 
 344 E X   0.005 0.327 0.001 0.036 0.010 0.011 0.525 0.085 
 345 V X   0.006 0.299 0.001 0.036 0.010 0.011 0.551 0.086 
 346 L X   0.006 0.256 0.002 0.035 0.011 0.011 0.588 0.091 
 347 S X   0.006 0.199 0.002 0.032 0.011 0.011 0.639 0.099 
 348 F X   0.007 0.135 0.002 0.027 0.009 0.010 0.701 0.108 
 349 K X   0.006 0.079 0.001 0.020 0.007 0.009 0.765 0.113 
 350 P X   0.005 0.041 0.001 0.013 0.004 0.007 0.817 0.113 
 351 P X   0.004 0.019 0.000 0.007 0.002 0.005 0.854 0.108 
 352 E X   0.003 0.009 0.000 0.004 0.001 0.003 0.879 0.100 
 353 P X   0.002 0.005 0.000 0.002 0.001 0.002 0.895 0.093 
 354 P X   0.001 0.003 0.000 0.001 0.000 0.001 0.905 0.087 
 355 K X   0.001 0.003 0.000 0.001 0.000 0.001 0.912 0.082 
 356 P X   0.001 0.003 0.000 0.001 0.000 0.001 0.916 0.078 
 357 P X   0.001 0.003 0.000 0.001 0.000 0.001 0.919 0.075 
 358 G X   0.001 0.003 0.000 0.002 0.000 0.001 0.921 0.072 
 359 S X   0.000 0.003 0.000 0.002 0.000 0.001 0.923 0.070 
 360 L X   0.000 0.004 0.000 0.003 0.000 0.001 0.924 0.068 
 361 E X   0.000 0.004 0.000 0.003 0.000 0.000 0.925 0.068 
 362 I X   0.000 0.004 0.000 0.003 0.000 0.000 0.923 0.069 
 363 E X   0.000 0.004 0.000 0.005 0.000 0.000 0.917 0.073 
 364 Q X   0.002 0.005 0.001 0.014 0.003 0.002 0.895 0.078 
