#TopoPred_TM8: 8-state transmembrane topology prediction results by no_profile mode 
#probabilities are in the order of H E C I L F X _, the 8 transmembrane topology types used in PDBTM 
   1 M X   0.004 0.000 0.001 0.028 0.005 0.004 0.939 0.018 
   2 S X   0.001 0.000 0.000 0.013 0.001 0.001 0.967 0.017 
   3 N X   0.000 0.000 0.000 0.005 0.000 0.001 0.976 0.017 
   4 N X   0.000 0.000 0.000 0.003 0.000 0.000 0.979 0.018 
   5 G X   0.000 0.000 0.000 0.002 0.000 0.000 0.979 0.018 
   6 L X   0.000 0.000 0.000 0.002 0.000 0.001 0.979 0.018 
   7 D X   0.000 0.000 0.000 0.001 0.000 0.001 0.978 0.019 
   8 I X   0.000 0.000 0.000 0.001 0.000 0.001 0.977 0.021 
   9 Q X   0.000 0.000 0.000 0.001 0.000 0.001 0.975 0.023 
  10 D X   0.000 0.000 0.000 0.001 0.000 0.001 0.971 0.026 
  11 K X   0.000 0.001 0.000 0.001 0.000 0.001 0.967 0.029 
  12 P X   0.000 0.001 0.000 0.002 0.000 0.001 0.961 0.034 
  13 P X   0.000 0.002 0.000 0.002 0.001 0.002 0.954 0.038 
  14 A X   0.001 0.005 0.000 0.003 0.001 0.002 0.945 0.043 
  15 P X   0.001 0.009 0.000 0.005 0.002 0.003 0.932 0.048 
  16 P X   0.001 0.017 0.000 0.008 0.002 0.005 0.915 0.050 
  17 M X   0.001 0.030 0.001 0.013 0.003 0.006 0.896 0.051 
  18 R X   0.001 0.045 0.001 0.017 0.004 0.006 0.875 0.049 
  19 N X   0.001 0.060 0.001 0.022 0.005 0.006 0.858 0.047 
  20 T X   0.001 0.072 0.001 0.026 0.005 0.006 0.845 0.045 
  21 S X   0.001 0.079 0.000 0.028 0.005 0.006 0.836 0.045 
  22 T X   0.001 0.083 0.000 0.029 0.004 0.006 0.831 0.046 
  23 M X   0.001 0.085 0.000 0.029 0.004 0.005 0.828 0.048 
  24 I X   0.001 0.085 0.000 0.027 0.004 0.005 0.827 0.051 
  25 G X   0.001 0.083 0.000 0.025 0.004 0.005 0.827 0.056 
  26 A X   0.001 0.079 0.000 0.021 0.003 0.004 0.829 0.061 
  27 G X   0.001 0.072 0.000 0.018 0.003 0.004 0.833 0.069 
  28 S X   0.001 0.063 0.000 0.014 0.003 0.004 0.838 0.077 
  29 K X   0.002 0.052 0.000 0.011 0.002 0.004 0.844 0.084 
  30 D X   0.002 0.042 0.000 0.009 0.002 0.004 0.851 0.091 
  31 A X   0.002 0.032 0.000 0.007 0.002 0.003 0.858 0.096 
  32 G X   0.002 0.025 0.000 0.006 0.001 0.003 0.864 0.099 
  33 T X   0.002 0.020 0.000 0.005 0.001 0.003 0.869 0.101 
  34 L X   0.002 0.016 0.000 0.004 0.001 0.002 0.873 0.103 
  35 N X   0.001 0.012 0.000 0.003 0.001 0.002 0.876 0.103 
  36 H X   0.001 0.010 0.000 0.003 0.001 0.002 0.879 0.104 
  37 G X   0.001 0.008 0.000 0.003 0.001 0.002 0.881 0.105 
  38 S X   0.001 0.006 0.000 0.002 0.001 0.002 0.882 0.106 
  39 K X   0.001 0.005 0.000 0.002 0.000 0.002 0.883 0.107 
  40 P X   0.001 0.004 0.000 0.002 0.000 0.001 0.883 0.108 
  41 L X   0.001 0.003 0.000 0.002 0.000 0.001 0.883 0.110 
  42 P X   0.001 0.003 0.000 0.002 0.000 0.001 0.882 0.112 
  43 P X   0.001 0.002 0.000 0.001 0.000 0.001 0.879 0.114 
  44 N X   0.001 0.002 0.000 0.001 0.000 0.001 0.876 0.118 
  45 P X   0.001 0.002 0.000 0.001 0.000 0.001 0.872 0.122 
  46 E X   0.001 0.002 0.000 0.002 0.000 0.002 0.866 0.127 
  47 E X   0.001 0.003 0.000 0.002 0.001 0.002 0.859 0.133 
  48 K X   0.001 0.003 0.000 0.003 0.001 0.002 0.850 0.140 
  49 K X   0.001 0.005 0.000 0.004 0.001 0.003 0.840 0.146 
  50 K X   0.001 0.008 0.000 0.006 0.001 0.004 0.826 0.153 
  51 K X   0.002 0.012 0.000 0.009 0.002 0.005 0.811 0.158 
  52 D X   0.002 0.018 0.000 0.014 0.003 0.006 0.794 0.162 
  53 R X   0.002 0.026 0.000 0.019 0.004 0.007 0.778 0.163 
  54 F X   0.002 0.032 0.001 0.024 0.004 0.008 0.764 0.165 
  55 Y X   0.003 0.036 0.001 0.028 0.005 0.008 0.752 0.168 
  56 R X   0.003 0.039 0.000 0.030 0.005 0.008 0.744 0.172 
  57 S X   0.003 0.040 0.000 0.029 0.005 0.008 0.738 0.178 
  58 I X   0.003 0.039 0.000 0.026 0.004 0.007 0.733 0.187 
  59 L X   0.003 0.037 0.000 0.022 0.003 0.006 0.730 0.198 
  60 P X   0.003 0.032 0.000 0.017 0.003 0.005 0.728 0.212 
  61 G X   0.003 0.027 0.000 0.012 0.002 0.005 0.726 0.225 
  62 D X   0.002 0.021 0.000 0.008 0.001 0.004 0.725 0.238 
  63 K X   0.002 0.017 0.000 0.005 0.001 0.003 0.722 0.249 
  64 T X   0.002 0.014 0.000 0.003 0.001 0.003 0.719 0.258 
  65 N X   0.002 0.013 0.000 0.002 0.001 0.003 0.715 0.265 
  66 K X   0.002 0.012 0.000 0.002 0.001 0.003 0.709 0.271 
  67 K X   0.002 0.012 0.000 0.003 0.001 0.003 0.702 0.277 
  68 K X   0.002 0.013 0.000 0.003 0.001 0.003 0.693 0.283 
  69 E X   0.002 0.015 0.000 0.005 0.001 0.004 0.682 0.290 
  70 K X   0.002 0.019 0.000 0.007 0.002 0.005 0.668 0.296 
  71 E X   0.003 0.025 0.000 0.009 0.002 0.006 0.652 0.303 
  72 R X   0.003 0.032 0.000 0.011 0.003 0.007 0.635 0.310 
  73 P X   0.003 0.039 0.000 0.013 0.003 0.008 0.618 0.317 
  74 E X   0.003 0.047 0.001 0.014 0.004 0.008 0.600 0.324 
  75 I X   0.003 0.055 0.001 0.014 0.004 0.009 0.583 0.332 
  76 S X   0.003 0.062 0.001 0.014 0.004 0.010 0.567 0.340 
  77 L X   0.003 0.070 0.001 0.014 0.004 0.011 0.551 0.346 
  78 P X   0.004 0.080 0.001 0.014 0.005 0.012 0.535 0.351 
  79 S X   0.004 0.092 0.001 0.014 0.006 0.014 0.518 0.352 
  80 D X   0.005 0.107 0.001 0.016 0.007 0.016 0.500 0.349 
  81 F X   0.006 0.127 0.001 0.018 0.009 0.018 0.481 0.340 
  82 E X   0.007 0.154 0.001 0.021 0.011 0.019 0.461 0.325 
  83 H X   0.008 0.186 0.001 0.023 0.013 0.021 0.441 0.306 
  84 T X   0.008 0.222 0.002 0.026 0.015 0.021 0.422 0.285 
  85 I X   0.008 0.257 0.002 0.028 0.015 0.021 0.405 0.264 
  86 H X   0.008 0.287 0.001 0.029 0.015 0.020 0.391 0.247 
  87 V X   0.008 0.311 0.001 0.029 0.015 0.020 0.380 0.236 
  88 G X   0.008 0.328 0.001 0.028 0.014 0.019 0.372 0.229 
  89 F X   0.008 0.339 0.001 0.027 0.013 0.018 0.366 0.227 
  90 D X   0.008 0.345 0.001 0.025 0.012 0.018 0.362 0.229 
  91 A X   0.008 0.348 0.001 0.023 0.011 0.017 0.359 0.234 
  92 V X   0.008 0.347 0.001 0.020 0.010 0.016 0.357 0.241 
  93 T X   0.008 0.344 0.001 0.017 0.009 0.016 0.356 0.250 
  94 G X   0.008 0.340 0.001 0.015 0.008 0.015 0.355 0.259 
  95 E X   0.008 0.335 0.001 0.012 0.007 0.015 0.355 0.268 
  96 F X   0.008 0.330 0.001 0.011 0.006 0.014 0.354 0.276 
  97 T X   0.008 0.327 0.001 0.010 0.006 0.014 0.354 0.280 
  98 G X   0.008 0.325 0.001 0.010 0.006 0.014 0.354 0.282 
  99 M X   0.008 0.325 0.001 0.011 0.006 0.015 0.353 0.281 
 100 P X   0.008 0.327 0.001 0.012 0.007 0.015 0.353 0.278 
 101 E X   0.008 0.329 0.001 0.015 0.007 0.015 0.353 0.272 
 102 Q X   0.009 0.332 0.001 0.018 0.008 0.015 0.354 0.265 
 103 W X   0.009 0.333 0.001 0.021 0.009 0.014 0.355 0.259 
 104 A X   0.008 0.331 0.001 0.024 0.009 0.014 0.357 0.256 
 105 R X   0.008 0.326 0.001 0.026 0.009 0.013 0.360 0.256 
 106 L X   0.008 0.316 0.001 0.028 0.009 0.012 0.365 0.261 
 107 L X   0.008 0.298 0.001 0.028 0.009 0.012 0.373 0.272 
 108 Q X   0.008 0.269 0.001 0.027 0.009 0.011 0.383 0.292 
 109 T X   0.008 0.228 0.001 0.025 0.008 0.011 0.396 0.323 
 110 S X   0.009 0.177 0.001 0.021 0.007 0.010 0.412 0.362 
 111 N X   0.008 0.125 0.001 0.017 0.006 0.009 0.430 0.403 
 112 I X   0.008 0.082 0.001 0.012 0.004 0.008 0.446 0.439 
 113 T _   0.007 0.052 0.000 0.008 0.003 0.007 0.458 0.465 
 114 K _   0.005 0.034 0.000 0.005 0.002 0.006 0.467 0.480 
 115 S _   0.004 0.026 0.000 0.003 0.001 0.005 0.472 0.488 
 116 E _   0.004 0.022 0.000 0.002 0.001 0.005 0.476 0.491 
 117 Q _   0.003 0.021 0.000 0.002 0.001 0.005 0.478 0.490 
 118 K _   0.004 0.022 0.000 0.003 0.001 0.006 0.478 0.486 
 119 K X   0.005 0.025 0.000 0.004 0.002 0.008 0.478 0.478 
 120 N X   0.006 0.035 0.000 0.008 0.004 0.011 0.476 0.460 
 121 P X   0.007 0.057 0.001 0.014 0.006 0.014 0.472 0.428 
 122 Q X   0.008 0.095 0.001 0.024 0.010 0.017 0.466 0.378 
 123 A X   0.008 0.141 0.001 0.036 0.012 0.019 0.460 0.323 
 124 V X   0.008 0.179 0.001 0.048 0.014 0.019 0.456 0.275 
 125 L X   0.008 0.203 0.001 0.057 0.015 0.019 0.454 0.244 
 126 D X   0.007 0.214 0.001 0.062 0.015 0.019 0.455 0.227 
 127 V X   0.007 0.218 0.001 0.064 0.014 0.018 0.458 0.220 
 128 L X   0.007 0.216 0.001 0.061 0.013 0.016 0.464 0.222 
 129 E X   0.007 0.207 0.001 0.055 0.012 0.015 0.472 0.231 
 130 F X   0.006 0.188 0.001 0.047 0.011 0.013 0.484 0.250 
 131 Y X   0.006 0.157 0.001 0.036 0.009 0.012 0.499 0.279 
 132 N X   0.007 0.118 0.001 0.026 0.007 0.010 0.518 0.313 
 133 S X   0.006 0.079 0.001 0.017 0.005 0.009 0.536 0.347 
 134 K X   0.006 0.051 0.001 0.010 0.004 0.007 0.552 0.369 
 135 K X   0.005 0.035 0.000 0.006 0.002 0.006 0.564 0.381 
 136 T X   0.004 0.027 0.000 0.004 0.002 0.005 0.572 0.385 
 137 S X   0.003 0.023 0.000 0.004 0.001 0.005 0.578 0.385 
 138 N X   0.003 0.022 0.000 0.004 0.001 0.005 0.583 0.381 
 139 S X   0.003 0.022 0.000 0.005 0.002 0.005 0.587 0.376 
 140 Q X   0.003 0.022 0.000 0.008 0.002 0.006 0.590 0.369 
 141 K X   0.003 0.023 0.000 0.010 0.002 0.006 0.593 0.362 
 142 Y X   0.003 0.024 0.000 0.012 0.003 0.006 0.596 0.355 
 143 M X   0.003 0.025 0.000 0.014 0.003 0.006 0.599 0.349 
 144 S X   0.003 0.025 0.000 0.015 0.003 0.006 0.604 0.345 
 145 F X   0.003 0.024 0.000 0.014 0.003 0.006 0.608 0.342 
 146 T X   0.003 0.022 0.000 0.012 0.002 0.005 0.613 0.341 
 147 D X   0.003 0.020 0.000 0.010 0.002 0.005 0.619 0.341 
 148 K X   0.002 0.018 0.000 0.008 0.002 0.004 0.624 0.342 
 149 S X   0.002 0.016 0.000 0.006 0.001 0.003 0.628 0.343 
 150 A X   0.002 0.015 0.000 0.004 0.001 0.003 0.632 0.343 
 151 E X   0.002 0.014 0.000 0.003 0.001 0.003 0.635 0.342 
 152 D X   0.002 0.014 0.000 0.003 0.001 0.003 0.636 0.341 
 153 Y X   0.002 0.015 0.000 0.003 0.001 0.003 0.637 0.340 
 154 N X   0.002 0.016 0.000 0.003 0.001 0.003 0.637 0.337 
 155 S X   0.002 0.020 0.000 0.004 0.001 0.004 0.636 0.332 
 156 S X   0.002 0.025 0.000 0.006 0.002 0.005 0.634 0.326 
 157 N X   0.002 0.033 0.000 0.009 0.002 0.006 0.632 0.316 
 158 A X   0.003 0.043 0.000 0.012 0.003 0.007 0.629 0.303 
 159 L X   0.003 0.055 0.000 0.015 0.004 0.008 0.626 0.290 
 160 N X   0.003 0.067 0.000 0.019 0.004 0.008 0.623 0.275 
 161 V X   0.003 0.078 0.001 0.022 0.005 0.009 0.621 0.262 
 162 K X   0.003 0.086 0.001 0.025 0.005 0.009 0.620 0.251 
 163 A X   0.003 0.091 0.001 0.028 0.006 0.009 0.621 0.242 
 164 V X   0.003 0.094 0.001 0.030 0.006 0.010 0.622 0.235 
 165 S X   0.003 0.096 0.001 0.030 0.006 0.010 0.626 0.229 
 166 E X   0.003 0.095 0.001 0.030 0.006 0.009 0.631 0.224 
 167 T X   0.003 0.093 0.001 0.029 0.006 0.009 0.638 0.221 
 168 P X   0.004 0.089 0.001 0.027 0.006 0.009 0.647 0.219 
 169 A X   0.004 0.082 0.001 0.025 0.005 0.008 0.658 0.217 
 170 V X   0.004 0.074 0.001 0.022 0.005 0.008 0.670 0.216 
 171 P X   0.004 0.064 0.001 0.019 0.004 0.007 0.684 0.217 
 172 P X   0.004 0.052 0.001 0.016 0.003 0.006 0.700 0.218 
 173 V X   0.004 0.040 0.000 0.013 0.003 0.006 0.715 0.220 
 174 S X   0.003 0.029 0.000 0.010 0.002 0.005 0.729 0.222 
 175 E X   0.003 0.020 0.000 0.007 0.002 0.004 0.741 0.223 
 176 D X   0.003 0.013 0.000 0.005 0.001 0.003 0.751 0.224 
 177 E X   0.002 0.009 0.000 0.004 0.001 0.003 0.758 0.224 
 178 D X   0.002 0.006 0.000 0.003 0.001 0.002 0.763 0.223 
 179 D X   0.002 0.004 0.000 0.002 0.001 0.002 0.767 0.223 
 180 D X   0.002 0.003 0.000 0.002 0.000 0.002 0.768 0.223 
 181 D X   0.002 0.003 0.000 0.002 0.000 0.002 0.769 0.223 
 182 D X   0.001 0.003 0.000 0.002 0.000 0.002 0.768 0.224 
 183 D X   0.001 0.003 0.000 0.002 0.000 0.002 0.766 0.225 
 184 A X   0.001 0.003 0.000 0.002 0.001 0.002 0.764 0.227 
 185 T X   0.001 0.004 0.000 0.003 0.001 0.002 0.759 0.230 
 186 P X   0.002 0.004 0.000 0.003 0.001 0.003 0.754 0.234 
 187 P X   0.002 0.006 0.000 0.004 0.001 0.003 0.747 0.238 
 188 P X   0.002 0.008 0.000 0.005 0.001 0.004 0.738 0.242 
 189 V X   0.002 0.011 0.000 0.006 0.001 0.004 0.728 0.247 
 190 I X   0.002 0.015 0.000 0.007 0.002 0.005 0.717 0.252 
 191 A X   0.002 0.019 0.000 0.008 0.002 0.006 0.705 0.257 
 192 P X   0.002 0.025 0.000 0.009 0.002 0.006 0.693 0.262 
 193 R X   0.002 0.030 0.000 0.010 0.003 0.007 0.681 0.266 
 194 P X   0.002 0.037 0.000 0.011 0.003 0.008 0.669 0.270 
 195 E X   0.002 0.044 0.000 0.012 0.003 0.008 0.657 0.273 
 196 H X   0.003 0.051 0.000 0.012 0.004 0.009 0.646 0.275 
 197 T X   0.003 0.060 0.001 0.013 0.004 0.009 0.634 0.276 
 198 K X   0.003 0.069 0.001 0.014 0.005 0.010 0.624 0.275 
 199 S X   0.003 0.079 0.001 0.016 0.005 0.010 0.613 0.273 
 200 V X   0.003 0.089 0.001 0.017 0.006 0.011 0.604 0.269 
 201 Y X   0.004 0.099 0.001 0.019 0.007 0.012 0.595 0.264 
 202 T X   0.004 0.108 0.001 0.021 0.007 0.012 0.588 0.260 
 203 R X   0.004 0.115 0.001 0.023 0.008 0.012 0.581 0.256 
 204 S X   0.004 0.120 0.001 0.024 0.008 0.012 0.577 0.254 
 205 V X   0.004 0.123 0.001 0.024 0.008 0.012 0.573 0.254 
 206 I X   0.005 0.125 0.001 0.024 0.008 0.012 0.571 0.256 
 207 E X   0.005 0.124 0.001 0.022 0.007 0.012 0.570 0.259 
 208 P X   0.005 0.122 0.001 0.021 0.007 0.011 0.570 0.264 
 209 L X   0.005 0.118 0.001 0.019 0.007 0.011 0.571 0.269 
 210 P X   0.005 0.113 0.001 0.017 0.006 0.010 0.572 0.275 
 211 V X   0.005 0.107 0.001 0.015 0.006 0.010 0.575 0.281 
 212 T X   0.005 0.101 0.001 0.014 0.005 0.010 0.577 0.287 
 213 P X   0.005 0.094 0.001 0.013 0.005 0.009 0.581 0.292 
 214 T X   0.005 0.088 0.001 0.013 0.005 0.009 0.584 0.296 
 215 R X   0.005 0.082 0.001 0.012 0.004 0.009 0.589 0.299 
 216 D X   0.005 0.076 0.000 0.012 0.004 0.008 0.593 0.302 
 217 V X   0.005 0.070 0.000 0.012 0.004 0.008 0.597 0.304 
 218 A X   0.004 0.064 0.000 0.012 0.004 0.007 0.602 0.306 
 219 T X   0.004 0.058 0.000 0.012 0.003 0.007 0.607 0.309 
 220 S X   0.004 0.051 0.000 0.011 0.003 0.006 0.613 0.312 
 221 P X   0.004 0.044 0.000 0.010 0.003 0.006 0.619 0.315 
 222 I X   0.004 0.036 0.000 0.009 0.003 0.005 0.624 0.318 
 223 S X   0.003 0.030 0.000 0.008 0.002 0.005 0.630 0.322 
 224 P X   0.003 0.023 0.000 0.007 0.002 0.004 0.635 0.325 
 225 T X   0.003 0.018 0.000 0.006 0.002 0.004 0.640 0.328 
 226 E X   0.003 0.014 0.000 0.005 0.001 0.004 0.644 0.330 
 227 N X   0.003 0.011 0.000 0.004 0.001 0.003 0.647 0.331 
 228 N X   0.002 0.009 0.000 0.004 0.001 0.003 0.649 0.331 
 229 T X   0.002 0.008 0.000 0.004 0.001 0.003 0.651 0.331 
 230 T X   0.002 0.007 0.000 0.004 0.001 0.003 0.652 0.331 
 231 P X   0.002 0.007 0.000 0.004 0.001 0.003 0.652 0.330 
 232 P X   0.002 0.006 0.000 0.005 0.001 0.004 0.652 0.330 
 233 D X   0.002 0.006 0.000 0.005 0.001 0.004 0.651 0.329 
 234 A X   0.003 0.006 0.000 0.006 0.001 0.004 0.650 0.330 
 235 L X   0.003 0.006 0.000 0.006 0.001 0.004 0.649 0.330 
 236 T X   0.003 0.006 0.000 0.006 0.001 0.004 0.648 0.332 
 237 R X   0.003 0.006 0.000 0.006 0.001 0.004 0.646 0.334 
 238 N X   0.002 0.005 0.000 0.006 0.001 0.004 0.644 0.337 
 239 T X   0.002 0.005 0.000 0.005 0.001 0.004 0.642 0.341 
 240 E X   0.002 0.005 0.000 0.005 0.001 0.003 0.639 0.345 
 241 K X   0.002 0.005 0.000 0.004 0.001 0.003 0.635 0.350 
 242 Q X   0.002 0.005 0.000 0.004 0.001 0.003 0.630 0.356 
 243 K X   0.002 0.005 0.000 0.003 0.001 0.003 0.623 0.362 
 244 K X   0.002 0.005 0.000 0.003 0.001 0.003 0.616 0.369 
 245 K X   0.002 0.007 0.000 0.004 0.001 0.004 0.606 0.377 
 246 P X   0.002 0.009 0.000 0.005 0.001 0.005 0.594 0.384 
 247 K X   0.003 0.014 0.000 0.007 0.002 0.007 0.578 0.389 
 248 M X   0.003 0.024 0.000 0.010 0.003 0.010 0.558 0.391 
 249 S X   0.004 0.042 0.001 0.015 0.005 0.013 0.533 0.387 
 250 D X   0.005 0.070 0.001 0.022 0.008 0.016 0.502 0.375 
 251 E X   0.006 0.109 0.001 0.031 0.011 0.020 0.467 0.354 
 252 E X   0.007 0.154 0.002 0.041 0.014 0.022 0.433 0.328 
 253 I X   0.007 0.198 0.002 0.050 0.016 0.024 0.401 0.302 
 254 L X   0.008 0.232 0.002 0.057 0.018 0.024 0.377 0.282 
 255 E X   0.008 0.255 0.002 0.064 0.019 0.024 0.358 0.271 
 256 K X   0.008 0.269 0.001 0.067 0.019 0.024 0.345 0.267 
 257 L X   0.009 0.275 0.001 0.068 0.018 0.023 0.335 0.271 
 258 R X   0.010 0.275 0.001 0.067 0.017 0.022 0.328 0.281 
 259 S X   0.010 0.268 0.001 0.062 0.016 0.020 0.324 0.299 
 260 I _   0.011 0.253 0.001 0.055 0.014 0.019 0.321 0.326 
 261 V _   0.011 0.227 0.001 0.046 0.012 0.017 0.319 0.367 
 262 S _   0.012 0.188 0.001 0.036 0.010 0.015 0.319 0.419 
 263 V _   0.012 0.142 0.001 0.026 0.008 0.013 0.319 0.478 
 264 G _   0.011 0.097 0.001 0.018 0.006 0.012 0.319 0.536 
 265 D _   0.010 0.062 0.001 0.011 0.004 0.010 0.318 0.584 
 266 P _   0.009 0.041 0.000 0.007 0.003 0.009 0.316 0.615 
 267 K _   0.007 0.031 0.000 0.005 0.002 0.008 0.313 0.634 
 268 K _   0.006 0.026 0.000 0.004 0.002 0.007 0.309 0.646 
 269 K _   0.006 0.024 0.000 0.004 0.002 0.007 0.305 0.653 
 270 Y _   0.005 0.024 0.000 0.004 0.002 0.008 0.299 0.658 
 271 T _   0.006 0.026 0.000 0.006 0.002 0.009 0.291 0.660 
 272 R _   0.006 0.031 0.000 0.008 0.003 0.010 0.283 0.660 
 273 F _   0.006 0.037 0.001 0.010 0.004 0.011 0.273 0.658 
 274 E _   0.006 0.046 0.001 0.013 0.005 0.012 0.262 0.655 
 275 K _   0.006 0.056 0.001 0.015 0.006 0.014 0.251 0.651 
 276 I _   0.006 0.067 0.001 0.017 0.006 0.015 0.240 0.647 
 277 G _   0.007 0.077 0.001 0.019 0.007 0.016 0.230 0.643 
 278 Q _   0.007 0.087 0.001 0.020 0.008 0.018 0.220 0.639 
 279 G _   0.008 0.096 0.001 0.021 0.009 0.019 0.211 0.635 
 280 A _   0.009 0.104 0.001 0.022 0.010 0.021 0.203 0.630 
 281 S _   0.011 0.112 0.001 0.022 0.011 0.023 0.195 0.625 
 282 G _   0.012 0.118 0.001 0.023 0.012 0.025 0.188 0.620 
 283 T _   0.014 0.124 0.001 0.023 0.013 0.026 0.182 0.615 
 284 V _   0.016 0.130 0.001 0.023 0.014 0.028 0.177 0.611 
 285 Y _   0.018 0.134 0.001 0.023 0.015 0.028 0.172 0.608 
 286 T _   0.020 0.138 0.001 0.023 0.015 0.029 0.168 0.607 
 287 A _   0.021 0.140 0.001 0.022 0.015 0.029 0.165 0.607 
 288 M _   0.022 0.141 0.001 0.021 0.015 0.029 0.161 0.609 
 289 D _   0.023 0.142 0.001 0.020 0.014 0.029 0.159 0.612 
 290 V _   0.023 0.143 0.001 0.020 0.014 0.028 0.156 0.614 
 291 A _   0.023 0.144 0.001 0.021 0.014 0.028 0.154 0.616 
 292 T _   0.022 0.144 0.001 0.022 0.014 0.027 0.152 0.618 
 293 G _   0.022 0.144 0.001 0.024 0.014 0.026 0.150 0.619 
 294 Q _   0.021 0.144 0.001 0.026 0.013 0.024 0.149 0.621 
 295 E _   0.019 0.142 0.001 0.029 0.013 0.023 0.148 0.625 
 296 V _   0.018 0.138 0.001 0.030 0.012 0.021 0.148 0.632 
 297 A _   0.017 0.131 0.001 0.030 0.011 0.019 0.148 0.643 
 298 I _   0.015 0.120 0.001 0.028 0.010 0.017 0.149 0.659 
 299 K _   0.014 0.105 0.001 0.025 0.008 0.015 0.150 0.681 
 300 Q _   0.012 0.086 0.001 0.021 0.007 0.013 0.151 0.708 
 301 M _   0.011 0.064 0.001 0.016 0.005 0.011 0.153 0.739 
 302 N _   0.009 0.044 0.001 0.011 0.004 0.010 0.154 0.767 
 303 L _   0.008 0.028 0.000 0.008 0.003 0.009 0.154 0.790 
 304 Q _   0.007 0.018 0.000 0.005 0.002 0.008 0.154 0.806 
 305 Q _   0.006 0.014 0.000 0.003 0.002 0.007 0.153 0.815 
 306 Q _   0.006 0.012 0.000 0.003 0.002 0.008 0.151 0.818 
 307 P _   0.007 0.012 0.000 0.003 0.002 0.010 0.149 0.817 
 308 K _   0.009 0.014 0.000 0.004 0.003 0.013 0.146 0.810 
 309 K _   0.012 0.021 0.001 0.008 0.005 0.018 0.142 0.793 
 310 E _   0.016 0.038 0.001 0.015 0.010 0.023 0.137 0.759 
 311 L _   0.020 0.071 0.002 0.027 0.016 0.029 0.130 0.707 
 312 I _   0.022 0.113 0.002 0.043 0.021 0.033 0.122 0.645 
 313 I _   0.023 0.152 0.002 0.058 0.025 0.035 0.115 0.590 
 314 N _   0.023 0.177 0.002 0.071 0.027 0.035 0.110 0.554 
 315 E _   0.023 0.190 0.002 0.079 0.027 0.034 0.107 0.537 
 316 I _   0.022 0.194 0.002 0.081 0.026 0.032 0.105 0.537 
 317 L _   0.021 0.191 0.002 0.077 0.024 0.030 0.104 0.551 
 318 V _   0.020 0.179 0.002 0.067 0.021 0.027 0.104 0.581 
 319 M _   0.018 0.155 0.002 0.054 0.017 0.023 0.104 0.627 
 320 R _   0.017 0.118 0.002 0.039 0.013 0.020 0.105 0.687 
 321 E _   0.014 0.077 0.001 0.025 0.009 0.016 0.107 0.750 
 322 N _   0.012 0.042 0.001 0.015 0.006 0.013 0.108 0.802 
 323 K _   0.010 0.020 0.001 0.009 0.004 0.011 0.108 0.838 
 324 N _   0.008 0.009 0.000 0.005 0.003 0.009 0.107 0.858 
 325 P _   0.007 0.004 0.000 0.004 0.002 0.009 0.106 0.867 
 326 N _   0.007 0.003 0.000 0.004 0.002 0.009 0.105 0.872 
 327 I _   0.007 0.002 0.000 0.004 0.002 0.009 0.103 0.873 
 328 V _   0.008 0.001 0.000 0.005 0.003 0.011 0.100 0.872 
 329 N _   0.010 0.001 0.000 0.006 0.003 0.013 0.098 0.869 
 330 Y _   0.012 0.001 0.000 0.007 0.004 0.016 0.094 0.865 
 331 L _   0.015 0.001 0.001 0.008 0.005 0.019 0.091 0.859 
 332 D _   0.021 0.001 0.001 0.009 0.007 0.023 0.087 0.852 
 333 S _   0.029 0.001 0.001 0.009 0.008 0.028 0.082 0.842 
 334 Y _   0.040 0.001 0.001 0.009 0.010 0.033 0.078 0.828 
 335 L _   0.056 0.001 0.001 0.008 0.013 0.038 0.073 0.809 
 336 V _   0.078 0.001 0.001 0.008 0.016 0.044 0.069 0.783 
 337 G _   0.104 0.001 0.001 0.007 0.021 0.051 0.064 0.751 
 338 D _   0.134 0.001 0.002 0.007 0.028 0.057 0.059 0.712 
 339 E _   0.167 0.001 0.002 0.008 0.035 0.063 0.055 0.668 
 340 L _   0.198 0.002 0.002 0.010 0.043 0.067 0.052 0.626 
 341 W _   0.226 0.003 0.002 0.011 0.051 0.070 0.049 0.589 
 342 V _   0.247 0.004 0.002 0.014 0.056 0.071 0.046 0.561 
 343 V _   0.260 0.004 0.003 0.016 0.057 0.069 0.045 0.546 
 344 M _   0.265 0.005 0.003 0.017 0.055 0.066 0.044 0.545 
 345 E _   0.262 0.005 0.003 0.016 0.051 0.062 0.044 0.558 
 346 Y _   0.251 0.004 0.002 0.014 0.044 0.056 0.043 0.585 
 347 L _   0.231 0.003 0.002 0.012 0.036 0.051 0.043 0.622 
 348 A _   0.207 0.002 0.002 0.009 0.028 0.045 0.044 0.664 
 349 G _   0.179 0.001 0.001 0.007 0.021 0.040 0.044 0.707 
 350 G _   0.153 0.001 0.001 0.005 0.015 0.035 0.044 0.745 
 351 S _   0.130 0.000 0.001 0.005 0.012 0.032 0.044 0.777 
 352 L _   0.110 0.000 0.001 0.005 0.010 0.029 0.044 0.801 
 353 T _   0.095 0.000 0.001 0.005 0.009 0.027 0.045 0.818 
 354 D _   0.082 0.000 0.001 0.006 0.008 0.026 0.045 0.832 
 355 V _   0.072 0.001 0.001 0.007 0.008 0.025 0.045 0.842 
 356 V _   0.064 0.001 0.001 0.007 0.008 0.024 0.045 0.850 
 357 T _   0.058 0.001 0.001 0.007 0.008 0.023 0.045 0.857 
 358 E _   0.054 0.001 0.001 0.007 0.007 0.023 0.045 0.863 
 359 T _   0.052 0.001 0.001 0.006 0.007 0.023 0.044 0.867 
 360 C _   0.052 0.000 0.001 0.005 0.006 0.023 0.044 0.869 
 361 M _   0.054 0.000 0.001 0.004 0.006 0.024 0.044 0.867 
 362 D _   0.060 0.000 0.001 0.004 0.006 0.026 0.043 0.861 
 363 E _   0.069 0.000 0.001 0.003 0.007 0.028 0.042 0.849 
 364 G _   0.082 0.000 0.001 0.003 0.008 0.032 0.042 0.832 
 365 Q _   0.099 0.000 0.001 0.004 0.011 0.037 0.041 0.808 
 366 I _   0.118 0.000 0.001 0.005 0.015 0.042 0.040 0.779 
 367 A _   0.139 0.001 0.001 0.006 0.020 0.047 0.039 0.746 
 368 A _   0.160 0.002 0.002 0.008 0.026 0.052 0.039 0.712 
 369 V _   0.178 0.003 0.002 0.010 0.033 0.056 0.038 0.681 
 370 C _   0.192 0.005 0.002 0.012 0.038 0.059 0.038 0.655 
 371 R _   0.201 0.006 0.002 0.015 0.042 0.060 0.038 0.636 
 372 E _   0.204 0.008 0.002 0.017 0.045 0.060 0.038 0.625 
 373 C _   0.203 0.009 0.002 0.019 0.045 0.059 0.039 0.625 
 374 L _   0.196 0.010 0.002 0.020 0.043 0.056 0.040 0.634 
 375 Q _   0.184 0.010 0.002 0.020 0.038 0.052 0.042 0.652 
 376 A _   0.168 0.009 0.002 0.019 0.033 0.047 0.044 0.678 
 377 L _   0.149 0.008 0.002 0.017 0.027 0.042 0.045 0.710 
 378 E _   0.127 0.007 0.002 0.015 0.021 0.036 0.048 0.744 
 379 F _   0.105 0.006 0.001 0.013 0.016 0.031 0.050 0.778 
 380 L _   0.084 0.005 0.001 0.011 0.012 0.026 0.051 0.810 
 381 H _   0.066 0.004 0.001 0.010 0.009 0.022 0.053 0.836 
 382 S _   0.050 0.003 0.001 0.009 0.007 0.019 0.055 0.857 
 383 N _   0.039 0.002 0.001 0.008 0.005 0.016 0.056 0.874 
 384 Q _   0.030 0.002 0.001 0.007 0.004 0.013 0.057 0.886 
 385 V _   0.023 0.002 0.000 0.006 0.004 0.012 0.057 0.896 
 386 I _   0.018 0.002 0.000 0.006 0.003 0.010 0.058 0.903 
 387 H _   0.014 0.002 0.000 0.005 0.003 0.010 0.058 0.908 
 388 R _   0.012 0.002 0.000 0.005 0.003 0.009 0.058 0.912 
 389 D _   0.010 0.003 0.000 0.005 0.003 0.009 0.057 0.913 
 390 I _   0.010 0.004 0.000 0.005 0.003 0.010 0.056 0.912 
 391 K _   0.009 0.007 0.000 0.006 0.003 0.011 0.056 0.907 
 392 S _   0.010 0.012 0.001 0.008 0.004 0.012 0.054 0.899 
 393 D _   0.011 0.019 0.001 0.011 0.006 0.014 0.053 0.886 
 394 N _   0.011 0.029 0.001 0.015 0.007 0.015 0.052 0.869 
 395 I _   0.012 0.041 0.001 0.019 0.008 0.017 0.050 0.851 
 396 L _   0.012 0.052 0.001 0.023 0.009 0.018 0.049 0.836 
 397 L _   0.012 0.060 0.001 0.025 0.010 0.019 0.048 0.825 
 398 G _   0.012 0.066 0.001 0.025 0.010 0.019 0.047 0.820 
 399 M _   0.012 0.069 0.001 0.024 0.010 0.019 0.046 0.819 
 400 D _   0.012 0.071 0.001 0.021 0.009 0.019 0.046 0.821 
 401 G _   0.012 0.071 0.001 0.018 0.008 0.019 0.045 0.825 
 402 S _   0.013 0.071 0.001 0.016 0.008 0.019 0.045 0.828 
 403 V _   0.013 0.072 0.001 0.014 0.007 0.020 0.045 0.828 
 404 K _   0.014 0.073 0.001 0.014 0.008 0.020 0.044 0.825 
 405 L _   0.015 0.076 0.001 0.015 0.009 0.021 0.044 0.819 
 406 T _   0.017 0.080 0.001 0.018 0.010 0.022 0.044 0.809 
 407 D _   0.017 0.085 0.001 0.023 0.011 0.023 0.043 0.797 
 408 F _   0.018 0.089 0.001 0.028 0.013 0.023 0.043 0.785 
 409 G _   0.018 0.092 0.001 0.033 0.013 0.023 0.043 0.777 
 410 F _   0.018 0.092 0.001 0.035 0.013 0.022 0.044 0.776 
 411 C _   0.017 0.089 0.001 0.035 0.013 0.021 0.044 0.781 
 412 A _   0.016 0.083 0.001 0.032 0.011 0.019 0.045 0.792 
 413 Q _   0.015 0.072 0.001 0.027 0.010 0.017 0.046 0.812 
 414 I _   0.014 0.058 0.001 0.020 0.008 0.015 0.048 0.836 
 415 T _   0.012 0.042 0.001 0.014 0.006 0.014 0.049 0.862 
 416 P _   0.011 0.030 0.001 0.010 0.004 0.013 0.050 0.882 
 417 E _   0.010 0.021 0.000 0.007 0.003 0.012 0.050 0.896 
 418 Q _   0.010 0.017 0.000 0.005 0.003 0.012 0.051 0.903 
 419 S _   0.010 0.015 0.000 0.004 0.003 0.012 0.051 0.904 
 420 K _   0.011 0.015 0.000 0.005 0.003 0.014 0.051 0.901 
 421 R _   0.012 0.016 0.000 0.006 0.005 0.016 0.051 0.893 
 422 S _   0.015 0.020 0.001 0.009 0.006 0.019 0.050 0.880 
 423 T _   0.017 0.026 0.001 0.014 0.009 0.022 0.050 0.861 
 424 M _   0.019 0.034 0.001 0.019 0.012 0.026 0.049 0.840 
 425 V _   0.021 0.043 0.001 0.025 0.015 0.028 0.048 0.819 
 426 G _   0.023 0.050 0.001 0.030 0.017 0.030 0.048 0.801 
 427 T _   0.024 0.055 0.001 0.033 0.019 0.032 0.047 0.789 
 428 P _   0.025 0.057 0.001 0.035 0.021 0.032 0.047 0.780 
 429 Y _   0.026 0.058 0.001 0.036 0.021 0.032 0.048 0.778 
 430 W _   0.026 0.057 0.001 0.034 0.021 0.032 0.048 0.780 
 431 M _   0.026 0.054 0.001 0.033 0.019 0.031 0.049 0.786 
 432 A _   0.025 0.050 0.001 0.030 0.017 0.029 0.051 0.797 
 433 P _   0.024 0.044 0.001 0.027 0.015 0.027 0.052 0.809 
 434 E _   0.023 0.038 0.001 0.023 0.013 0.025 0.054 0.824 
 435 V _   0.022 0.030 0.001 0.020 0.011 0.023 0.055 0.838 
 436 V _   0.022 0.023 0.001 0.016 0.009 0.021 0.057 0.853 
 437 T _   0.022 0.015 0.001 0.012 0.007 0.019 0.058 0.866 
 438 R _   0.022 0.009 0.001 0.009 0.006 0.017 0.059 0.877 
 439 K _   0.024 0.005 0.001 0.006 0.005 0.016 0.060 0.883 
 440 A _   0.028 0.002 0.000 0.005 0.004 0.016 0.060 0.885 
 441 Y _   0.035 0.001 0.000 0.003 0.004 0.016 0.060 0.880 
 442 G _   0.048 0.000 0.000 0.003 0.004 0.018 0.060 0.867 
 443 P _   0.069 0.000 0.001 0.002 0.005 0.021 0.060 0.843 
 444 K _   0.103 0.000 0.001 0.002 0.006 0.025 0.059 0.803 
 445 V _   0.148 0.000 0.001 0.002 0.010 0.031 0.059 0.749 
 446 D _   0.204 0.000 0.001 0.003 0.016 0.039 0.058 0.678 
 447 I _   0.267 0.001 0.001 0.004 0.026 0.047 0.058 0.597 
 448 W _   0.321 0.002 0.002 0.005 0.038 0.055 0.058 0.519 
 449 S _   0.367 0.004 0.002 0.008 0.051 0.060 0.059 0.449 
 450 L H   0.399 0.009 0.003 0.012 0.062 0.064 0.061 0.391 
 451 G H   0.417 0.016 0.003 0.016 0.069 0.064 0.064 0.351 
 452 I H   0.423 0.022 0.003 0.021 0.072 0.063 0.068 0.328 
 453 M H   0.415 0.026 0.003 0.026 0.071 0.060 0.074 0.324 
 454 A H   0.395 0.028 0.003 0.030 0.067 0.056 0.082 0.339 
 455 I _   0.363 0.029 0.003 0.032 0.059 0.051 0.091 0.373 
 456 E _   0.316 0.027 0.003 0.032 0.049 0.044 0.103 0.426 
 457 M _   0.261 0.022 0.003 0.028 0.037 0.037 0.116 0.495 
 458 I _   0.202 0.016 0.002 0.023 0.024 0.030 0.130 0.572 
 459 E _   0.146 0.010 0.001 0.016 0.015 0.023 0.144 0.645 
 460 G _   0.099 0.005 0.001 0.010 0.008 0.017 0.155 0.704 
 461 E _   0.063 0.002 0.001 0.006 0.004 0.012 0.164 0.748 
 462 P _   0.038 0.001 0.000 0.004 0.002 0.009 0.169 0.776 
 463 P _   0.022 0.000 0.000 0.002 0.002 0.007 0.173 0.793 
 464 Y _   0.014 0.000 0.000 0.002 0.001 0.006 0.176 0.802 
 465 L _   0.009 0.000 0.000 0.001 0.001 0.006 0.177 0.805 
 466 N _   0.008 0.001 0.000 0.002 0.001 0.008 0.178 0.802 
 467 E _   0.009 0.003 0.000 0.003 0.002 0.011 0.177 0.793 
 468 N _   0.012 0.012 0.001 0.007 0.005 0.015 0.176 0.773 
 469 P _   0.015 0.035 0.001 0.016 0.009 0.021 0.174 0.729 
 470 L _   0.017 0.082 0.002 0.030 0.015 0.026 0.170 0.658 
 471 R _   0.018 0.141 0.002 0.048 0.019 0.029 0.165 0.577 
 472 A _   0.017 0.189 0.002 0.065 0.022 0.030 0.162 0.513 
 473 L _   0.016 0.217 0.002 0.076 0.022 0.030 0.161 0.476 
 474 Y _   0.015 0.230 0.002 0.082 0.022 0.028 0.162 0.459 
 475 L _   0.014 0.234 0.001 0.082 0.020 0.026 0.164 0.458 
 476 I _   0.013 0.230 0.001 0.076 0.019 0.024 0.167 0.470 
 477 A _   0.012 0.216 0.002 0.066 0.016 0.021 0.172 0.495 
 478 T _   0.012 0.190 0.001 0.052 0.013 0.018 0.179 0.535 
 479 N _   0.011 0.151 0.001 0.038 0.010 0.016 0.187 0.585 
 480 G _   0.011 0.107 0.001 0.025 0.008 0.013 0.196 0.640 
 481 T _   0.009 0.069 0.001 0.015 0.005 0.011 0.203 0.687 
 482 P _   0.008 0.045 0.000 0.008 0.003 0.009 0.208 0.717 
 483 E _   0.007 0.033 0.000 0.005 0.002 0.008 0.212 0.733 
 484 L _   0.006 0.027 0.000 0.003 0.002 0.008 0.214 0.739 
 485 Q _   0.006 0.026 0.000 0.003 0.002 0.009 0.215 0.740 
 486 N _   0.007 0.027 0.000 0.004 0.002 0.010 0.215 0.735 
 487 P _   0.008 0.033 0.000 0.005 0.003 0.013 0.215 0.722 
 488 E _   0.010 0.046 0.001 0.009 0.005 0.017 0.213 0.699 
 489 K _   0.012 0.073 0.001 0.015 0.009 0.021 0.210 0.659 
 490 L _   0.014 0.112 0.001 0.023 0.012 0.024 0.207 0.606 
 491 S _   0.014 0.156 0.002 0.031 0.015 0.027 0.204 0.550 
 492 A _   0.015 0.195 0.002 0.038 0.018 0.028 0.201 0.504 
 493 I _   0.015 0.222 0.001 0.044 0.019 0.028 0.200 0.470 
 494 F _   0.015 0.239 0.001 0.048 0.020 0.028 0.200 0.449 
 495 R _   0.015 0.249 0.001 0.049 0.020 0.028 0.201 0.437 
 496 D _   0.015 0.252 0.001 0.048 0.020 0.027 0.203 0.434 
 497 F _   0.015 0.250 0.001 0.047 0.019 0.026 0.206 0.435 
 498 L _   0.016 0.244 0.001 0.044 0.018 0.024 0.210 0.442 
 499 N _   0.015 0.233 0.001 0.041 0.016 0.023 0.216 0.454 
 500 R _   0.015 0.216 0.001 0.037 0.015 0.021 0.223 0.471 
 501 C _   0.015 0.192 0.001 0.033 0.013 0.019 0.232 0.494 
 502 L _   0.014 0.164 0.001 0.029 0.011 0.017 0.242 0.522 
 503 E _   0.013 0.131 0.001 0.024 0.009 0.015 0.253 0.553 
 504 M _   0.012 0.099 0.001 0.018 0.007 0.014 0.263 0.585 
 505 D _   0.011 0.071 0.001 0.014 0.005 0.012 0.273 0.614 
 506 V _   0.010 0.049 0.001 0.009 0.004 0.010 0.280 0.637 
 507 E _   0.008 0.035 0.000 0.007 0.003 0.009 0.286 0.652 
 508 K _   0.007 0.027 0.000 0.005 0.002 0.009 0.291 0.659 
 509 R _   0.006 0.023 0.000 0.004 0.002 0.009 0.295 0.661 
 510 G _   0.006 0.021 0.000 0.004 0.002 0.009 0.297 0.660 
 511 S _   0.007 0.021 0.000 0.005 0.002 0.010 0.300 0.655 
 512 A _   0.008 0.023 0.000 0.006 0.003 0.012 0.302 0.645 
 513 K _   0.009 0.027 0.001 0.009 0.005 0.014 0.303 0.632 
 514 E _   0.010 0.034 0.001 0.013 0.007 0.016 0.305 0.614 
 515 L _   0.012 0.042 0.001 0.018 0.008 0.019 0.306 0.594 
 516 L _   0.012 0.049 0.001 0.023 0.010 0.020 0.308 0.576 
 517 Q _   0.013 0.054 0.001 0.028 0.012 0.021 0.311 0.560 
 518 H _   0.013 0.058 0.001 0.030 0.013 0.022 0.315 0.548 
 519 Q _   0.014 0.059 0.001 0.031 0.013 0.022 0.320 0.541 
 520 F _   0.014 0.059 0.001 0.029 0.012 0.021 0.326 0.538 
 521 L _   0.014 0.056 0.001 0.025 0.011 0.020 0.333 0.540 
 522 K _   0.014 0.052 0.001 0.020 0.009 0.020 0.341 0.544 
 523 I _   0.014 0.047 0.001 0.015 0.008 0.019 0.349 0.548 
 524 A _   0.014 0.042 0.001 0.011 0.006 0.018 0.357 0.552 
 525 K _   0.014 0.038 0.001 0.008 0.005 0.018 0.364 0.552 
 526 P _   0.014 0.037 0.001 0.006 0.005 0.018 0.371 0.549 
 527 L _   0.015 0.037 0.001 0.006 0.005 0.019 0.377 0.540 
 528 S _   0.016 0.039 0.001 0.008 0.006 0.021 0.383 0.526 
 529 S _   0.018 0.046 0.001 0.012 0.008 0.023 0.388 0.504 
 530 L _   0.019 0.057 0.001 0.019 0.011 0.026 0.394 0.473 
 531 T _   0.020 0.073 0.001 0.028 0.015 0.027 0.400 0.436 
 532 P X   0.020 0.090 0.001 0.040 0.017 0.028 0.407 0.397 
 533 L X   0.020 0.103 0.001 0.051 0.019 0.028 0.415 0.364 
 534 I X   0.019 0.110 0.001 0.058 0.019 0.027 0.426 0.339 
 535 A X   0.018 0.113 0.001 0.061 0.018 0.025 0.440 0.324 
 536 A X   0.015 0.111 0.001 0.059 0.016 0.023 0.456 0.318 
 537 A X   0.013 0.105 0.001 0.053 0.014 0.019 0.475 0.320 
 538 K X   0.010 0.093 0.001 0.043 0.011 0.016 0.497 0.328 
 539 E X   0.008 0.077 0.001 0.032 0.008 0.012 0.522 0.340 
 540 A X   0.006 0.055 0.001 0.021 0.005 0.008 0.549 0.356 
 541 T X   0.003 0.033 0.000 0.011 0.002 0.004 0.574 0.372 
 542 K X   0.001 0.014 0.000 0.004 0.001 0.001 0.592 0.387 
 543 N X   0.000 0.006 0.000 0.001 0.000 0.000 0.597 0.395 
 544 N X   0.000 0.004 0.000 0.002 0.000 0.000 0.596 0.398 
 545 H X   0.002 0.004 0.001 0.007 0.002 0.002 0.586 0.396 
