#TopoPred_TM8: 8-state transmembrane topology prediction results by no_profile mode 
#probabilities are in the order of H E C I L F X _, the 8 transmembrane topology types used in PDBTM 
   1 M X   0.015 0.001 0.002 0.044 0.010 0.012 0.639 0.277 
   2 Q X   0.005 0.001 0.000 0.023 0.002 0.007 0.653 0.309 
   3 S X   0.002 0.000 0.000 0.013 0.001 0.006 0.654 0.325 
   4 T X   0.002 0.001 0.000 0.009 0.001 0.008 0.648 0.331 
   5 S X   0.005 0.002 0.000 0.010 0.002 0.014 0.634 0.333 
   6 N X   0.010 0.005 0.001 0.013 0.005 0.022 0.613 0.331 
   7 H X   0.017 0.014 0.001 0.018 0.009 0.031 0.588 0.322 
   8 L X   0.024 0.031 0.001 0.026 0.014 0.039 0.556 0.309 
   9 W X   0.028 0.055 0.002 0.036 0.019 0.043 0.522 0.295 
  10 L X   0.030 0.080 0.002 0.046 0.024 0.045 0.490 0.284 
  11 L X   0.030 0.098 0.002 0.052 0.028 0.046 0.462 0.282 
  12 S X   0.031 0.109 0.002 0.054 0.030 0.045 0.441 0.287 
  13 D X   0.033 0.115 0.002 0.053 0.030 0.044 0.424 0.298 
  14 I X   0.034 0.117 0.002 0.050 0.030 0.043 0.411 0.314 
  15 L X   0.035 0.116 0.002 0.045 0.028 0.040 0.401 0.334 
  16 G X   0.035 0.112 0.002 0.040 0.025 0.037 0.392 0.357 
  17 Q X   0.034 0.106 0.002 0.035 0.021 0.034 0.385 0.383 
  18 G _   0.031 0.098 0.001 0.031 0.018 0.031 0.379 0.411 
  19 A _   0.029 0.087 0.001 0.027 0.015 0.027 0.374 0.440 
  20 T _   0.025 0.076 0.001 0.023 0.012 0.024 0.370 0.469 
  21 A _   0.022 0.063 0.001 0.020 0.010 0.020 0.366 0.498 
  22 N _   0.019 0.050 0.001 0.017 0.007 0.017 0.362 0.527 
  23 V _   0.016 0.038 0.001 0.013 0.006 0.014 0.358 0.554 
  24 F _   0.013 0.027 0.001 0.010 0.004 0.012 0.354 0.579 
  25 R _   0.010 0.018 0.000 0.007 0.003 0.010 0.349 0.601 
  26 G _   0.008 0.012 0.000 0.005 0.002 0.009 0.344 0.618 
  27 R _   0.007 0.009 0.000 0.004 0.002 0.008 0.338 0.632 
  28 H _   0.007 0.007 0.000 0.003 0.002 0.009 0.331 0.642 
  29 K _   0.007 0.007 0.000 0.003 0.002 0.010 0.323 0.648 
  30 K _   0.008 0.008 0.000 0.004 0.003 0.012 0.314 0.652 
  31 T _   0.009 0.010 0.000 0.006 0.004 0.015 0.303 0.651 
  32 G _   0.012 0.017 0.001 0.010 0.007 0.020 0.291 0.642 
  33 D _   0.015 0.031 0.001 0.017 0.011 0.024 0.276 0.624 
  34 L _   0.018 0.050 0.001 0.026 0.016 0.029 0.261 0.600 
  35 F _   0.020 0.070 0.002 0.035 0.020 0.032 0.245 0.577 
  36 A _   0.021 0.085 0.002 0.043 0.023 0.034 0.232 0.560 
  37 I _   0.022 0.095 0.002 0.048 0.025 0.035 0.220 0.552 
  38 K _   0.023 0.100 0.002 0.050 0.025 0.035 0.211 0.555 
  39 V _   0.023 0.101 0.002 0.047 0.024 0.034 0.204 0.565 
  40 F _   0.023 0.098 0.002 0.043 0.022 0.033 0.197 0.582 
  41 N _   0.023 0.091 0.002 0.036 0.020 0.031 0.192 0.605 
  42 N _   0.023 0.082 0.001 0.029 0.017 0.029 0.188 0.631 
  43 I _   0.022 0.071 0.001 0.023 0.014 0.027 0.184 0.658 
  44 S _   0.021 0.059 0.001 0.017 0.011 0.025 0.181 0.684 
  45 F _   0.020 0.049 0.001 0.013 0.009 0.023 0.179 0.706 
  46 L _   0.019 0.041 0.001 0.011 0.008 0.022 0.176 0.723 
  47 R _   0.018 0.036 0.001 0.009 0.007 0.021 0.173 0.736 
  48 P _   0.017 0.033 0.001 0.008 0.006 0.020 0.169 0.744 
  49 V _   0.017 0.032 0.001 0.009 0.007 0.020 0.166 0.748 
  50 D _   0.018 0.032 0.001 0.010 0.007 0.021 0.162 0.748 
  51 V _   0.018 0.034 0.001 0.013 0.008 0.021 0.159 0.746 
  52 Q _   0.019 0.035 0.001 0.017 0.010 0.022 0.156 0.741 
  53 M _   0.020 0.037 0.001 0.020 0.011 0.022 0.152 0.737 
  54 R _   0.019 0.038 0.001 0.024 0.012 0.022 0.150 0.735 
  55 E _   0.018 0.037 0.001 0.026 0.012 0.021 0.148 0.738 
  56 F _   0.017 0.035 0.001 0.025 0.011 0.019 0.146 0.745 
  57 E _   0.016 0.032 0.001 0.023 0.010 0.018 0.144 0.757 
  58 V _   0.015 0.027 0.001 0.019 0.008 0.016 0.143 0.772 
  59 L _   0.014 0.021 0.001 0.014 0.006 0.014 0.142 0.788 
  60 K _   0.012 0.015 0.001 0.010 0.005 0.013 0.141 0.804 
  61 K _   0.011 0.010 0.000 0.007 0.004 0.012 0.140 0.816 
  62 L _   0.011 0.007 0.000 0.005 0.003 0.011 0.138 0.824 
  63 N _   0.011 0.006 0.000 0.004 0.003 0.011 0.137 0.829 
  64 H _   0.011 0.006 0.000 0.004 0.003 0.013 0.135 0.829 
  65 K _   0.013 0.006 0.000 0.005 0.004 0.015 0.132 0.825 
  66 N _   0.016 0.008 0.001 0.007 0.005 0.018 0.129 0.816 
  67 I _   0.019 0.013 0.001 0.011 0.008 0.021 0.126 0.802 
  68 V _   0.022 0.019 0.001 0.017 0.011 0.025 0.122 0.783 
  69 K _   0.024 0.027 0.001 0.025 0.014 0.028 0.119 0.762 
  70 L _   0.025 0.034 0.001 0.032 0.017 0.030 0.116 0.745 
  71 F _   0.026 0.038 0.001 0.037 0.019 0.031 0.113 0.735 
  72 A _   0.025 0.040 0.001 0.039 0.019 0.031 0.111 0.734 
  73 I _   0.025 0.039 0.001 0.037 0.018 0.030 0.110 0.741 
  74 E _   0.023 0.036 0.001 0.031 0.015 0.028 0.109 0.757 
  75 E _   0.022 0.030 0.001 0.024 0.012 0.026 0.108 0.776 
  76 E _   0.021 0.024 0.001 0.017 0.010 0.024 0.107 0.797 
  77 T _   0.020 0.017 0.001 0.011 0.007 0.023 0.107 0.814 
  78 T _   0.019 0.013 0.001 0.007 0.006 0.023 0.106 0.825 
  79 T _   0.019 0.011 0.001 0.005 0.005 0.023 0.105 0.830 
  80 R _   0.021 0.010 0.001 0.005 0.006 0.025 0.104 0.829 
  81 H _   0.024 0.012 0.001 0.006 0.007 0.027 0.103 0.821 
  82 K _   0.029 0.015 0.001 0.008 0.009 0.031 0.101 0.806 
  83 V _   0.034 0.021 0.001 0.011 0.013 0.035 0.100 0.785 
  84 L _   0.040 0.030 0.001 0.016 0.017 0.039 0.098 0.759 
  85 I _   0.044 0.041 0.002 0.021 0.021 0.041 0.096 0.735 
  86 M _   0.047 0.051 0.002 0.025 0.024 0.043 0.095 0.714 
  87 E _   0.049 0.059 0.002 0.027 0.026 0.044 0.094 0.699 
  88 F _   0.050 0.064 0.002 0.029 0.027 0.044 0.094 0.691 
  89 C _   0.050 0.068 0.002 0.029 0.027 0.044 0.093 0.687 
  90 P _   0.049 0.071 0.002 0.030 0.027 0.042 0.094 0.686 
  91 C _   0.048 0.072 0.002 0.031 0.026 0.040 0.094 0.687 
  92 G _   0.046 0.073 0.002 0.032 0.024 0.038 0.095 0.690 
  93 S _   0.043 0.072 0.001 0.034 0.022 0.035 0.097 0.696 
  94 L _   0.040 0.070 0.001 0.035 0.019 0.031 0.099 0.705 
  95 Y _   0.035 0.065 0.001 0.033 0.016 0.028 0.101 0.720 
  96 T _   0.030 0.058 0.001 0.030 0.013 0.023 0.104 0.740 
  97 V _   0.025 0.048 0.001 0.025 0.010 0.019 0.107 0.765 
  98 L _   0.020 0.036 0.001 0.019 0.007 0.016 0.109 0.793 
  99 E _   0.015 0.023 0.001 0.013 0.005 0.012 0.111 0.820 
 100 E _   0.011 0.013 0.000 0.008 0.003 0.009 0.112 0.842 
 101 P _   0.009 0.007 0.000 0.005 0.002 0.008 0.113 0.857 
 102 S _   0.007 0.004 0.000 0.003 0.001 0.007 0.113 0.866 
 103 N _   0.006 0.002 0.000 0.002 0.001 0.006 0.112 0.870 
 104 A _   0.006 0.002 0.000 0.002 0.001 0.007 0.111 0.870 
 105 Y _   0.007 0.003 0.000 0.003 0.002 0.009 0.109 0.868 
 106 G _   0.010 0.005 0.000 0.004 0.003 0.013 0.106 0.859 
 107 L _   0.013 0.010 0.001 0.007 0.005 0.019 0.103 0.843 
 108 P _   0.019 0.021 0.001 0.011 0.009 0.026 0.099 0.815 
 109 E _   0.024 0.042 0.001 0.018 0.014 0.034 0.093 0.773 
 110 S _   0.030 0.071 0.002 0.026 0.021 0.041 0.087 0.723 
 111 E _   0.035 0.101 0.002 0.034 0.027 0.047 0.081 0.674 
 112 F _   0.038 0.126 0.002 0.041 0.032 0.051 0.076 0.634 
 113 L _   0.041 0.145 0.002 0.046 0.036 0.053 0.072 0.605 
 114 I _   0.044 0.157 0.002 0.050 0.038 0.053 0.069 0.587 
 115 V _   0.045 0.164 0.002 0.051 0.038 0.053 0.067 0.580 
 116 L _   0.046 0.166 0.002 0.050 0.037 0.051 0.065 0.584 
 117 R _   0.046 0.163 0.002 0.047 0.035 0.048 0.064 0.596 
 118 D _   0.045 0.156 0.002 0.042 0.031 0.044 0.063 0.617 
 119 V _   0.043 0.145 0.002 0.036 0.026 0.040 0.063 0.644 
 120 V _   0.040 0.130 0.002 0.030 0.022 0.036 0.063 0.677 
 121 G _   0.037 0.112 0.001 0.025 0.017 0.032 0.064 0.712 
 122 G _   0.033 0.095 0.001 0.020 0.014 0.028 0.064 0.746 
 123 M _   0.029 0.080 0.001 0.016 0.011 0.025 0.065 0.775 
 124 N _   0.025 0.068 0.001 0.013 0.009 0.022 0.065 0.798 
 125 H _   0.022 0.058 0.001 0.011 0.007 0.019 0.065 0.817 
 126 L _   0.018 0.052 0.001 0.010 0.006 0.017 0.065 0.831 
 127 R _   0.016 0.048 0.001 0.010 0.005 0.015 0.065 0.841 
 128 E _   0.014 0.045 0.001 0.009 0.005 0.014 0.065 0.848 
 129 N _   0.012 0.043 0.001 0.009 0.004 0.013 0.064 0.853 
 130 G _   0.011 0.042 0.001 0.010 0.004 0.012 0.064 0.857 
 131 I _   0.010 0.042 0.001 0.010 0.004 0.011 0.063 0.859 
 132 V _   0.009 0.042 0.001 0.009 0.004 0.011 0.063 0.861 
 133 H _   0.009 0.042 0.000 0.009 0.004 0.010 0.062 0.863 
 134 R _   0.009 0.043 0.000 0.009 0.004 0.010 0.061 0.864 
 135 D _   0.008 0.044 0.000 0.009 0.004 0.010 0.060 0.864 
 136 I _   0.008 0.046 0.000 0.009 0.004 0.011 0.059 0.862 
 137 K _   0.008 0.050 0.001 0.010 0.004 0.012 0.058 0.858 
 138 P _   0.009 0.055 0.001 0.011 0.005 0.013 0.057 0.850 
 139 G _   0.009 0.063 0.001 0.014 0.006 0.014 0.055 0.837 
 140 N _   0.010 0.073 0.001 0.017 0.007 0.015 0.054 0.823 
 141 I _   0.011 0.084 0.001 0.021 0.008 0.016 0.053 0.807 
 142 M _   0.011 0.094 0.001 0.024 0.009 0.016 0.052 0.792 
 143 R _   0.011 0.102 0.001 0.027 0.010 0.016 0.051 0.782 
 144 V _   0.011 0.107 0.001 0.028 0.010 0.016 0.050 0.777 
 145 I _   0.010 0.109 0.001 0.028 0.009 0.016 0.050 0.777 
 146 G _   0.010 0.109 0.001 0.026 0.009 0.015 0.050 0.781 
 147 E _   0.009 0.106 0.001 0.023 0.008 0.014 0.051 0.788 
 148 D _   0.009 0.103 0.001 0.020 0.007 0.013 0.051 0.797 
 149 G _   0.009 0.098 0.001 0.017 0.006 0.012 0.051 0.807 
 150 Q _   0.008 0.093 0.001 0.014 0.005 0.011 0.052 0.816 
 151 S _   0.008 0.089 0.001 0.012 0.004 0.011 0.053 0.823 
 152 V _   0.008 0.085 0.000 0.012 0.004 0.010 0.053 0.828 
 153 Y _   0.007 0.083 0.000 0.012 0.004 0.010 0.053 0.830 
 154 K _   0.007 0.082 0.000 0.012 0.004 0.010 0.054 0.830 
 155 L _   0.007 0.081 0.001 0.014 0.004 0.010 0.054 0.830 
 156 T _   0.007 0.081 0.001 0.015 0.004 0.010 0.054 0.828 
 157 D _   0.007 0.080 0.001 0.016 0.005 0.010 0.055 0.827 
 158 F _   0.007 0.079 0.001 0.017 0.005 0.010 0.055 0.827 
 159 G _   0.007 0.077 0.001 0.016 0.005 0.010 0.056 0.830 
 160 A _   0.007 0.074 0.001 0.015 0.004 0.009 0.056 0.834 
 161 A _   0.006 0.069 0.000 0.013 0.004 0.009 0.057 0.841 
 162 R _   0.006 0.065 0.000 0.011 0.003 0.008 0.058 0.848 
 163 E _   0.006 0.061 0.000 0.009 0.003 0.008 0.058 0.854 
 164 L _   0.006 0.058 0.000 0.008 0.003 0.008 0.059 0.859 
 165 E _   0.006 0.056 0.000 0.007 0.003 0.009 0.059 0.861 
 166 D _   0.006 0.057 0.000 0.007 0.003 0.010 0.059 0.859 
 167 D _   0.007 0.059 0.000 0.009 0.003 0.011 0.058 0.852 
 168 E _   0.008 0.065 0.001 0.012 0.005 0.013 0.058 0.840 
 169 Q _   0.009 0.074 0.001 0.017 0.006 0.015 0.057 0.821 
 170 F _   0.010 0.085 0.001 0.024 0.008 0.017 0.056 0.798 
 171 V _   0.011 0.095 0.001 0.032 0.010 0.018 0.056 0.777 
 172 S _   0.011 0.102 0.001 0.038 0.012 0.019 0.056 0.761 
 173 L _   0.011 0.106 0.001 0.042 0.012 0.019 0.056 0.753 
 174 Y _   0.011 0.105 0.001 0.042 0.012 0.018 0.057 0.753 
 175 G _   0.011 0.101 0.001 0.039 0.011 0.017 0.058 0.762 
 176 T _   0.011 0.093 0.001 0.033 0.010 0.016 0.059 0.778 
 177 E _   0.010 0.081 0.001 0.026 0.008 0.014 0.061 0.799 
 178 E _   0.010 0.066 0.001 0.019 0.006 0.013 0.063 0.823 
 179 Y _   0.009 0.052 0.001 0.013 0.005 0.012 0.065 0.843 
 180 L _   0.009 0.042 0.000 0.010 0.004 0.011 0.066 0.858 
 181 H _   0.009 0.036 0.000 0.008 0.003 0.011 0.068 0.865 
 182 P _   0.009 0.033 0.000 0.009 0.003 0.011 0.069 0.867 
 183 D _   0.009 0.031 0.000 0.010 0.004 0.011 0.069 0.865 
 184 M _   0.010 0.031 0.001 0.013 0.005 0.012 0.070 0.860 
 185 Y _   0.010 0.031 0.001 0.016 0.005 0.012 0.071 0.854 
 186 E _   0.010 0.030 0.001 0.019 0.006 0.012 0.072 0.850 
 187 R _   0.010 0.029 0.001 0.021 0.006 0.012 0.073 0.849 
 188 A _   0.009 0.027 0.001 0.020 0.006 0.011 0.074 0.852 
 189 V _   0.008 0.023 0.001 0.018 0.005 0.010 0.075 0.860 
 190 L _   0.008 0.018 0.001 0.015 0.004 0.009 0.076 0.871 
 191 R _   0.007 0.012 0.000 0.011 0.003 0.008 0.077 0.882 
 192 K _   0.006 0.007 0.000 0.007 0.002 0.007 0.077 0.892 
 193 D _   0.006 0.004 0.000 0.005 0.002 0.007 0.077 0.899 
 194 H _   0.007 0.002 0.000 0.003 0.002 0.007 0.077 0.902 
 195 Q _   0.008 0.001 0.000 0.003 0.002 0.008 0.077 0.902 
 196 K _   0.012 0.000 0.000 0.002 0.002 0.010 0.076 0.898 
 197 K _   0.019 0.000 0.000 0.002 0.002 0.013 0.074 0.888 
 198 Y _   0.032 0.000 0.000 0.003 0.003 0.018 0.073 0.870 
 199 G _   0.053 0.000 0.001 0.004 0.006 0.025 0.070 0.841 
 200 A _   0.083 0.001 0.001 0.005 0.010 0.035 0.067 0.800 
 201 T _   0.121 0.001 0.001 0.006 0.016 0.046 0.063 0.746 
 202 V _   0.165 0.002 0.002 0.008 0.026 0.057 0.059 0.682 
 203 D _   0.211 0.004 0.002 0.009 0.038 0.068 0.056 0.614 
 204 L _   0.254 0.006 0.002 0.011 0.051 0.076 0.052 0.547 
 205 W _   0.291 0.010 0.003 0.013 0.064 0.082 0.050 0.488 
 206 S _   0.319 0.014 0.003 0.015 0.074 0.085 0.048 0.442 
 207 I _   0.338 0.019 0.003 0.018 0.080 0.085 0.047 0.409 
 208 G _   0.347 0.024 0.003 0.022 0.082 0.083 0.047 0.393 
 209 V _   0.346 0.027 0.003 0.025 0.081 0.079 0.047 0.391 
 210 T _   0.335 0.029 0.003 0.027 0.076 0.074 0.048 0.407 
 211 F _   0.315 0.029 0.003 0.027 0.069 0.068 0.050 0.439 
 212 Y _   0.286 0.027 0.003 0.025 0.058 0.061 0.052 0.487 
 213 H _   0.249 0.023 0.003 0.023 0.046 0.054 0.055 0.548 
 214 A _   0.206 0.019 0.002 0.020 0.035 0.046 0.057 0.615 
 215 A _   0.163 0.015 0.002 0.016 0.025 0.039 0.060 0.680 
 216 T _   0.126 0.012 0.001 0.014 0.017 0.032 0.063 0.736 
 217 G _   0.094 0.009 0.001 0.012 0.012 0.027 0.065 0.780 
 218 S _   0.070 0.008 0.001 0.011 0.009 0.022 0.067 0.812 
 219 L _   0.051 0.007 0.001 0.011 0.007 0.019 0.069 0.836 
 220 P _   0.037 0.006 0.001 0.011 0.005 0.016 0.071 0.853 
 221 F _   0.027 0.005 0.001 0.010 0.005 0.013 0.072 0.867 
 222 R _   0.020 0.005 0.000 0.009 0.004 0.011 0.073 0.878 
 223 P _   0.014 0.004 0.000 0.008 0.003 0.009 0.074 0.887 
 224 F _   0.011 0.004 0.000 0.006 0.002 0.008 0.074 0.895 
 225 E _   0.008 0.003 0.000 0.005 0.002 0.007 0.073 0.900 
 226 G _   0.007 0.003 0.000 0.004 0.002 0.006 0.073 0.904 
 227 P _   0.006 0.004 0.000 0.004 0.002 0.006 0.072 0.906 
 228 R _   0.006 0.005 0.000 0.004 0.002 0.007 0.070 0.905 
 229 R _   0.006 0.008 0.000 0.005 0.002 0.008 0.069 0.901 
 230 N _   0.007 0.014 0.000 0.008 0.003 0.010 0.067 0.890 
 231 K _   0.008 0.026 0.001 0.012 0.005 0.013 0.064 0.872 
 232 E _   0.009 0.044 0.001 0.019 0.007 0.015 0.061 0.845 
 233 V _   0.010 0.066 0.001 0.026 0.010 0.017 0.057 0.812 
 234 M _   0.010 0.087 0.001 0.034 0.011 0.018 0.054 0.784 
 235 Y _   0.011 0.103 0.001 0.039 0.012 0.019 0.051 0.763 
 236 K _   0.011 0.113 0.001 0.043 0.013 0.019 0.049 0.751 
 237 I _   0.010 0.118 0.001 0.042 0.013 0.019 0.048 0.749 
 238 I _   0.010 0.119 0.001 0.039 0.012 0.018 0.047 0.754 
 239 T _   0.010 0.116 0.001 0.034 0.010 0.017 0.046 0.765 
 240 G _   0.010 0.112 0.001 0.028 0.009 0.016 0.046 0.779 
 241 K _   0.009 0.105 0.001 0.023 0.008 0.015 0.046 0.794 
 242 P _   0.009 0.098 0.001 0.018 0.006 0.014 0.045 0.808 
 243 S _   0.009 0.093 0.001 0.016 0.006 0.013 0.045 0.818 
 244 G _   0.009 0.088 0.001 0.014 0.005 0.013 0.045 0.825 
 245 A _   0.009 0.086 0.001 0.015 0.005 0.013 0.045 0.827 
 246 I _   0.009 0.084 0.001 0.017 0.006 0.013 0.044 0.827 
 247 S _   0.009 0.083 0.001 0.019 0.006 0.013 0.044 0.826 
 248 G _   0.009 0.082 0.001 0.021 0.006 0.013 0.044 0.824 
 249 V _   0.009 0.079 0.001 0.023 0.007 0.012 0.043 0.826 
 250 Q _   0.008 0.075 0.001 0.023 0.007 0.012 0.043 0.831 
 251 K _   0.008 0.069 0.001 0.022 0.006 0.011 0.044 0.840 
 252 A _   0.007 0.060 0.001 0.020 0.006 0.010 0.044 0.852 
 253 E _   0.007 0.050 0.001 0.017 0.005 0.009 0.044 0.868 
 254 N _   0.006 0.038 0.001 0.014 0.004 0.009 0.045 0.884 
 255 G _   0.006 0.028 0.000 0.011 0.003 0.008 0.045 0.898 
 256 P _   0.006 0.020 0.000 0.008 0.003 0.007 0.045 0.910 
 257 I _   0.006 0.014 0.000 0.007 0.003 0.007 0.045 0.918 
 258 D _   0.006 0.010 0.000 0.006 0.002 0.008 0.045 0.923 
 259 W _   0.006 0.007 0.000 0.006 0.002 0.008 0.045 0.925 
 260 S _   0.006 0.006 0.000 0.006 0.003 0.009 0.045 0.925 
 261 G _   0.007 0.005 0.000 0.007 0.003 0.010 0.044 0.924 
 262 D _   0.008 0.004 0.000 0.008 0.003 0.012 0.043 0.922 
 263 M _   0.010 0.003 0.000 0.008 0.004 0.014 0.042 0.918 
 264 P _   0.013 0.003 0.001 0.009 0.005 0.017 0.041 0.913 
 265 V _   0.018 0.002 0.001 0.009 0.005 0.020 0.039 0.905 
 266 S _   0.027 0.002 0.001 0.009 0.007 0.024 0.037 0.894 
 267 C _   0.039 0.002 0.001 0.009 0.008 0.028 0.036 0.877 
 268 S _   0.058 0.001 0.001 0.008 0.011 0.034 0.034 0.854 
 269 L _   0.084 0.001 0.001 0.007 0.014 0.039 0.032 0.821 
 270 S _   0.117 0.001 0.001 0.007 0.018 0.045 0.030 0.781 
 271 R _   0.156 0.001 0.001 0.006 0.023 0.051 0.028 0.734 
 272 G _   0.199 0.001 0.002 0.006 0.029 0.056 0.026 0.681 
 273 L _   0.243 0.001 0.002 0.006 0.035 0.060 0.024 0.629 
 274 Q _   0.282 0.001 0.002 0.007 0.040 0.062 0.023 0.583 
 275 V _   0.315 0.001 0.002 0.007 0.045 0.063 0.023 0.544 
 276 L _   0.338 0.002 0.002 0.009 0.048 0.062 0.022 0.516 
 277 L _   0.351 0.003 0.002 0.010 0.049 0.061 0.022 0.501 
 278 T _   0.354 0.003 0.002 0.012 0.049 0.058 0.023 0.499 
 279 P _   0.347 0.004 0.002 0.013 0.046 0.054 0.024 0.510 
 280 V _   0.328 0.004 0.002 0.014 0.041 0.049 0.025 0.535 
 281 L _   0.300 0.004 0.002 0.015 0.035 0.044 0.026 0.573 
 282 A _   0.262 0.004 0.002 0.014 0.028 0.039 0.028 0.623 
 283 N _   0.219 0.003 0.002 0.013 0.021 0.033 0.030 0.680 
 284 I _   0.175 0.002 0.001 0.010 0.015 0.028 0.031 0.738 
 285 L _   0.134 0.001 0.001 0.008 0.010 0.023 0.032 0.792 
 286 E _   0.098 0.001 0.001 0.006 0.006 0.019 0.033 0.837 
 287 A _   0.070 0.000 0.001 0.004 0.005 0.016 0.033 0.872 
 288 D _   0.049 0.000 0.000 0.003 0.003 0.014 0.033 0.896 
 289 Q _   0.036 0.000 0.000 0.003 0.003 0.013 0.033 0.911 
 290 E _   0.028 0.000 0.000 0.003 0.003 0.013 0.033 0.919 
 291 K _   0.024 0.001 0.000 0.004 0.003 0.014 0.032 0.922 
 292 C _   0.022 0.001 0.000 0.006 0.004 0.016 0.031 0.919 
 293 W _   0.022 0.002 0.001 0.009 0.006 0.018 0.030 0.912 
 294 G _   0.023 0.003 0.001 0.013 0.008 0.020 0.029 0.903 
 295 F _   0.025 0.005 0.001 0.017 0.010 0.022 0.028 0.893 
 296 D _   0.027 0.006 0.001 0.021 0.011 0.024 0.027 0.884 
 297 Q _   0.031 0.006 0.001 0.021 0.012 0.025 0.026 0.878 
 298 F _   0.037 0.005 0.001 0.020 0.012 0.025 0.025 0.876 
 299 F _   0.045 0.004 0.001 0.016 0.011 0.025 0.024 0.875 
 300 A _   0.056 0.003 0.001 0.012 0.010 0.025 0.023 0.872 
 301 E _   0.072 0.002 0.001 0.008 0.009 0.025 0.021 0.863 
 302 T _   0.095 0.001 0.001 0.005 0.008 0.025 0.020 0.845 
 303 S _   0.127 0.000 0.001 0.003 0.008 0.027 0.019 0.814 
 304 D _   0.168 0.000 0.001 0.003 0.010 0.029 0.018 0.771 
 305 I _   0.222 0.000 0.001 0.002 0.013 0.032 0.017 0.713 
 306 L _   0.282 0.000 0.001 0.003 0.017 0.036 0.016 0.646 
 307 H _   0.341 0.000 0.001 0.003 0.022 0.039 0.015 0.579 
 308 R _   0.393 0.000 0.002 0.004 0.029 0.042 0.014 0.516 
 309 M _   0.435 0.000 0.002 0.004 0.034 0.044 0.014 0.467 
 310 V H   0.465 0.001 0.002 0.005 0.038 0.044 0.014 0.431 
 311 I H   0.483 0.001 0.002 0.007 0.041 0.044 0.014 0.409 
 312 H H   0.487 0.001 0.002 0.008 0.042 0.043 0.014 0.402 
 313 V H   0.480 0.001 0.002 0.008 0.042 0.041 0.015 0.410 
 314 F H   0.461 0.001 0.002 0.008 0.039 0.039 0.016 0.432 
 315 S _   0.429 0.001 0.002 0.008 0.035 0.037 0.018 0.470 
 316 L _   0.385 0.001 0.002 0.008 0.030 0.034 0.020 0.521 
 317 Q _   0.332 0.001 0.002 0.007 0.024 0.031 0.021 0.582 
 318 Q _   0.274 0.001 0.002 0.006 0.019 0.029 0.024 0.647 
 319 M _   0.218 0.000 0.001 0.006 0.014 0.026 0.026 0.709 
 320 T _   0.170 0.000 0.001 0.005 0.011 0.023 0.027 0.763 
 321 A _   0.129 0.000 0.001 0.005 0.008 0.021 0.029 0.807 
 322 H _   0.100 0.000 0.001 0.004 0.006 0.019 0.030 0.839 
 323 K _   0.078 0.000 0.001 0.004 0.005 0.019 0.031 0.863 
 324 I _   0.064 0.000 0.001 0.003 0.004 0.018 0.032 0.877 
 325 Y _   0.056 0.000 0.000 0.003 0.004 0.019 0.032 0.885 
 326 I _   0.053 0.000 0.000 0.003 0.004 0.021 0.032 0.885 
 327 H _   0.055 0.000 0.001 0.003 0.006 0.024 0.032 0.879 
 328 S _   0.061 0.001 0.001 0.004 0.008 0.029 0.032 0.865 
 329 Y _   0.070 0.002 0.001 0.005 0.012 0.035 0.032 0.842 
 330 N _   0.081 0.006 0.001 0.008 0.018 0.042 0.032 0.812 
 331 T _   0.093 0.013 0.002 0.013 0.026 0.048 0.031 0.773 
 332 A _   0.103 0.024 0.002 0.020 0.035 0.054 0.031 0.731 
 333 T _   0.109 0.038 0.002 0.029 0.042 0.057 0.031 0.693 
 334 I _   0.112 0.050 0.003 0.037 0.046 0.057 0.031 0.664 
 335 F _   0.112 0.058 0.003 0.044 0.047 0.056 0.032 0.650 
 336 H _   0.107 0.061 0.003 0.047 0.045 0.053 0.033 0.651 
 337 E _   0.099 0.062 0.002 0.047 0.041 0.049 0.034 0.666 
 338 L _   0.089 0.058 0.002 0.042 0.035 0.044 0.036 0.694 
 339 V _   0.076 0.050 0.002 0.035 0.028 0.038 0.038 0.733 
 340 Y _   0.063 0.040 0.002 0.026 0.020 0.032 0.040 0.777 
 341 K _   0.051 0.028 0.001 0.018 0.014 0.026 0.042 0.820 
 342 Q _   0.040 0.018 0.001 0.012 0.009 0.021 0.044 0.856 
 343 T _   0.031 0.011 0.001 0.008 0.006 0.017 0.045 0.882 
 344 K _   0.023 0.007 0.000 0.005 0.004 0.014 0.047 0.899 
 345 I _   0.018 0.005 0.000 0.004 0.003 0.012 0.047 0.909 
 346 I _   0.015 0.005 0.000 0.004 0.003 0.011 0.048 0.914 
 347 S _   0.013 0.005 0.000 0.005 0.003 0.011 0.048 0.915 
 348 S _   0.012 0.006 0.000 0.006 0.003 0.011 0.048 0.914 
 349 N _   0.012 0.008 0.000 0.007 0.004 0.012 0.047 0.909 
 350 Q _   0.012 0.011 0.001 0.009 0.005 0.012 0.047 0.904 
 351 E _   0.012 0.014 0.001 0.011 0.005 0.013 0.046 0.898 
 352 L _   0.012 0.018 0.001 0.013 0.006 0.014 0.046 0.891 
 353 I _   0.012 0.021 0.001 0.015 0.007 0.014 0.045 0.885 
 354 Y _   0.012 0.025 0.001 0.017 0.007 0.014 0.045 0.880 
 355 E _   0.012 0.028 0.001 0.018 0.007 0.014 0.045 0.876 
 356 G _   0.011 0.030 0.001 0.018 0.007 0.014 0.045 0.874 
 357 R _   0.011 0.031 0.001 0.018 0.007 0.014 0.045 0.872 
 358 R _   0.011 0.032 0.001 0.018 0.007 0.014 0.045 0.872 
 359 L _   0.011 0.033 0.001 0.018 0.007 0.014 0.045 0.872 
 360 V _   0.011 0.033 0.001 0.018 0.006 0.013 0.045 0.874 
 361 L _   0.010 0.032 0.001 0.017 0.006 0.013 0.045 0.875 
 362 E _   0.010 0.031 0.001 0.017 0.006 0.013 0.046 0.877 
 363 P _   0.010 0.030 0.001 0.017 0.006 0.012 0.046 0.878 
 364 G _   0.010 0.028 0.001 0.017 0.006 0.012 0.047 0.881 
 365 R _   0.009 0.026 0.001 0.016 0.005 0.011 0.047 0.885 
 366 L _   0.009 0.024 0.001 0.015 0.005 0.010 0.048 0.889 
 367 A _   0.008 0.020 0.001 0.013 0.004 0.010 0.048 0.895 
 368 Q _   0.008 0.017 0.000 0.011 0.004 0.009 0.049 0.902 
 369 H _   0.007 0.014 0.000 0.009 0.003 0.008 0.049 0.909 
 370 F _   0.007 0.011 0.000 0.007 0.003 0.008 0.049 0.915 
 371 P _   0.007 0.010 0.000 0.006 0.003 0.008 0.049 0.918 
 372 K _   0.007 0.009 0.000 0.005 0.003 0.009 0.049 0.919 
 373 T _   0.007 0.009 0.000 0.005 0.003 0.010 0.049 0.918 
 374 T _   0.008 0.009 0.000 0.006 0.003 0.011 0.048 0.913 
 375 E _   0.009 0.011 0.000 0.008 0.004 0.013 0.047 0.907 
 376 E _   0.011 0.013 0.001 0.010 0.006 0.016 0.047 0.897 
 377 N _   0.012 0.017 0.001 0.013 0.007 0.018 0.046 0.885 
 378 P _   0.014 0.021 0.001 0.016 0.009 0.021 0.045 0.874 
 379 I _   0.015 0.025 0.001 0.019 0.010 0.023 0.044 0.863 
 380 F _   0.017 0.028 0.001 0.020 0.011 0.024 0.043 0.855 
 381 V _   0.018 0.031 0.001 0.021 0.012 0.026 0.042 0.849 
 382 V _   0.019 0.032 0.001 0.020 0.013 0.027 0.042 0.846 
 383 S _   0.021 0.033 0.001 0.018 0.013 0.029 0.041 0.844 
 384 R _   0.023 0.033 0.001 0.016 0.012 0.030 0.041 0.844 
 385 E _   0.025 0.034 0.001 0.014 0.012 0.031 0.041 0.843 
 386 P _   0.027 0.035 0.001 0.013 0.013 0.032 0.040 0.838 
 387 L _   0.030 0.037 0.001 0.013 0.014 0.033 0.040 0.831 
 388 N _   0.033 0.040 0.001 0.014 0.015 0.035 0.040 0.822 
 389 T _   0.036 0.045 0.001 0.017 0.016 0.035 0.040 0.810 
 390 I _   0.037 0.051 0.001 0.020 0.018 0.036 0.040 0.796 
 391 G _   0.039 0.056 0.001 0.025 0.019 0.036 0.040 0.784 
 392 L _   0.039 0.061 0.001 0.029 0.020 0.035 0.040 0.775 
 393 I _   0.038 0.064 0.001 0.031 0.019 0.033 0.041 0.773 
 394 Y _   0.035 0.065 0.001 0.032 0.018 0.031 0.041 0.777 
 395 E _   0.032 0.064 0.001 0.031 0.016 0.029 0.042 0.785 
 396 K _   0.028 0.061 0.001 0.030 0.014 0.026 0.043 0.797 
 397 I _   0.025 0.056 0.001 0.027 0.012 0.023 0.044 0.812 
 398 S _   0.022 0.050 0.001 0.024 0.010 0.020 0.045 0.828 
 399 L _   0.019 0.043 0.001 0.021 0.008 0.017 0.046 0.845 
 400 P _   0.016 0.035 0.001 0.018 0.006 0.015 0.047 0.862 
 401 K _   0.014 0.027 0.001 0.015 0.005 0.012 0.048 0.877 
 402 V _   0.012 0.020 0.001 0.012 0.004 0.010 0.049 0.892 
 403 H _   0.010 0.014 0.000 0.010 0.003 0.008 0.050 0.905 
 404 P _   0.009 0.008 0.000 0.007 0.002 0.007 0.050 0.917 
 405 R _   0.008 0.004 0.000 0.005 0.002 0.005 0.049 0.926 
 406 Y _   0.007 0.002 0.000 0.003 0.001 0.004 0.048 0.933 
 407 D _   0.008 0.001 0.000 0.002 0.001 0.004 0.047 0.937 
 408 L _   0.011 0.000 0.000 0.002 0.001 0.003 0.045 0.937 
 409 D _   0.019 0.000 0.000 0.001 0.001 0.004 0.043 0.932 
 410 G _   0.037 0.000 0.000 0.001 0.002 0.005 0.039 0.916 
 411 D _   0.075 0.000 0.000 0.001 0.003 0.006 0.035 0.879 
 412 A _   0.147 0.000 0.001 0.001 0.004 0.008 0.029 0.809 
 413 S _   0.256 0.000 0.001 0.001 0.006 0.010 0.022 0.704 
 414 M _   0.391 0.000 0.001 0.001 0.008 0.012 0.016 0.571 
 415 A H   0.530 0.000 0.001 0.001 0.010 0.013 0.011 0.435 
 416 K H   0.655 0.000 0.001 0.001 0.012 0.012 0.007 0.312 
 417 A H   0.756 0.000 0.001 0.001 0.012 0.011 0.004 0.215 
 418 I H   0.829 0.000 0.001 0.001 0.012 0.009 0.003 0.145 
 419 T H   0.880 0.000 0.001 0.000 0.011 0.008 0.002 0.098 
 420 G H   0.913 0.000 0.001 0.000 0.011 0.006 0.001 0.068 
 421 V H   0.934 0.000 0.001 0.000 0.010 0.005 0.001 0.049 
 422 V H   0.945 0.000 0.001 0.000 0.010 0.004 0.001 0.039 
 423 C H   0.951 0.000 0.001 0.000 0.009 0.004 0.001 0.035 
 424 Y H   0.950 0.000 0.001 0.000 0.010 0.003 0.000 0.036 
 425 A H   0.945 0.000 0.001 0.000 0.010 0.003 0.000 0.041 
 426 C H   0.935 0.000 0.001 0.000 0.010 0.003 0.001 0.050 
 427 R H   0.917 0.000 0.001 0.000 0.010 0.004 0.001 0.067 
 428 I H   0.891 0.000 0.001 0.000 0.011 0.004 0.001 0.091 
 429 A H   0.857 0.000 0.001 0.000 0.012 0.005 0.001 0.123 
 430 S H   0.814 0.000 0.001 0.001 0.012 0.006 0.002 0.164 
 431 T H   0.760 0.000 0.001 0.001 0.012 0.007 0.003 0.217 
 432 L H   0.694 0.000 0.001 0.001 0.012 0.008 0.004 0.281 
 433 L H   0.619 0.000 0.001 0.001 0.011 0.009 0.005 0.354 
 434 L H   0.540 0.000 0.001 0.001 0.010 0.010 0.007 0.432 
 435 Y _   0.460 0.000 0.001 0.001 0.008 0.011 0.009 0.510 
 436 Q _   0.388 0.000 0.001 0.001 0.007 0.012 0.011 0.579 
 437 E _   0.329 0.000 0.001 0.001 0.007 0.014 0.013 0.636 
 438 L _   0.285 0.000 0.001 0.001 0.006 0.016 0.015 0.677 
 439 M _   0.252 0.000 0.001 0.002 0.007 0.018 0.017 0.704 
 440 R _   0.227 0.000 0.001 0.003 0.009 0.021 0.019 0.721 
 441 K _   0.207 0.001 0.001 0.005 0.011 0.025 0.021 0.730 
 442 G _   0.190 0.003 0.001 0.009 0.015 0.028 0.023 0.731 
 443 I _   0.173 0.006 0.002 0.016 0.019 0.031 0.025 0.727 
 444 R _   0.154 0.011 0.002 0.025 0.023 0.033 0.028 0.725 
 445 W _   0.135 0.015 0.002 0.032 0.024 0.032 0.031 0.729 
 446 L _   0.114 0.017 0.002 0.037 0.023 0.031 0.034 0.742 
 447 I _   0.094 0.017 0.002 0.037 0.020 0.028 0.038 0.764 
 448 E _   0.075 0.016 0.001 0.032 0.016 0.024 0.042 0.793 
 449 L _   0.057 0.013 0.001 0.025 0.012 0.020 0.046 0.826 
 450 I _   0.041 0.009 0.001 0.017 0.008 0.016 0.049 0.858 
 451 K _   0.029 0.005 0.001 0.011 0.005 0.013 0.052 0.884 
 452 D _   0.021 0.003 0.000 0.007 0.003 0.010 0.054 0.902 
 453 D _   0.014 0.001 0.000 0.004 0.002 0.008 0.056 0.914 
 454 Y _   0.011 0.001 0.000 0.003 0.002 0.007 0.057 0.921 
 455 N _   0.009 0.000 0.000 0.002 0.001 0.007 0.058 0.923 
 456 E _   0.008 0.000 0.000 0.002 0.001 0.007 0.058 0.923 
 457 T _   0.008 0.000 0.000 0.002 0.002 0.009 0.058 0.920 
 458 V _   0.010 0.001 0.000 0.003 0.002 0.011 0.058 0.915 
 459 H _   0.013 0.001 0.000 0.004 0.003 0.015 0.057 0.906 
 460 K _   0.016 0.003 0.001 0.006 0.005 0.020 0.056 0.893 
 461 K _   0.021 0.005 0.001 0.009 0.008 0.025 0.055 0.875 
 462 T _   0.027 0.009 0.001 0.013 0.012 0.031 0.054 0.853 
 463 E _   0.032 0.014 0.001 0.018 0.017 0.037 0.052 0.828 
 464 V _   0.039 0.020 0.001 0.023 0.022 0.043 0.051 0.801 
 465 V _   0.045 0.025 0.002 0.028 0.027 0.047 0.050 0.777 
 466 I _   0.051 0.028 0.002 0.031 0.031 0.050 0.049 0.757 
 467 T _   0.056 0.031 0.002 0.034 0.033 0.052 0.048 0.744 
 468 L _   0.059 0.032 0.002 0.035 0.034 0.052 0.048 0.738 
 469 D _   0.060 0.031 0.002 0.033 0.033 0.050 0.049 0.742 
 470 F _   0.060 0.029 0.002 0.030 0.030 0.047 0.049 0.753 
 471 C _   0.058 0.025 0.002 0.026 0.026 0.044 0.050 0.770 
 472 I _   0.055 0.020 0.002 0.021 0.021 0.040 0.051 0.792 
 473 R _   0.051 0.014 0.001 0.015 0.017 0.036 0.052 0.814 
 474 N _   0.046 0.010 0.001 0.011 0.013 0.032 0.053 0.834 
 475 I _   0.042 0.006 0.001 0.009 0.010 0.029 0.053 0.850 
 476 E _   0.039 0.004 0.001 0.007 0.008 0.026 0.054 0.861 
 477 K _   0.036 0.003 0.001 0.006 0.007 0.024 0.054 0.868 
 478 T _   0.033 0.003 0.001 0.006 0.007 0.023 0.055 0.873 
 479 V _   0.032 0.002 0.001 0.006 0.006 0.022 0.055 0.876 
 480 K _   0.030 0.002 0.001 0.007 0.007 0.022 0.055 0.876 
 481 V _   0.029 0.003 0.001 0.007 0.007 0.022 0.055 0.877 
 482 Y _   0.027 0.003 0.001 0.008 0.007 0.022 0.056 0.877 
 483 E _   0.026 0.004 0.001 0.009 0.007 0.022 0.056 0.876 
 484 K _   0.026 0.005 0.001 0.009 0.008 0.022 0.056 0.875 
 485 L _   0.025 0.006 0.001 0.009 0.008 0.022 0.055 0.874 
 486 M _   0.024 0.007 0.001 0.010 0.008 0.022 0.055 0.873 
 487 K _   0.024 0.008 0.001 0.010 0.008 0.023 0.055 0.870 
 488 I _   0.024 0.010 0.001 0.012 0.009 0.023 0.055 0.865 
 489 N _   0.025 0.013 0.001 0.014 0.010 0.024 0.055 0.859 
 490 L _   0.026 0.016 0.001 0.016 0.011 0.024 0.054 0.852 
 491 E _   0.026 0.018 0.001 0.018 0.011 0.025 0.054 0.846 
 492 A _   0.027 0.021 0.001 0.019 0.012 0.024 0.055 0.842 
 493 A _   0.027 0.022 0.001 0.019 0.011 0.024 0.055 0.841 
 494 E _   0.026 0.023 0.001 0.018 0.011 0.023 0.055 0.843 
 495 L _   0.025 0.023 0.001 0.016 0.010 0.022 0.055 0.848 
 496 G _   0.024 0.022 0.001 0.014 0.009 0.021 0.056 0.853 
 497 E _   0.023 0.022 0.001 0.012 0.008 0.020 0.056 0.858 
 498 I _   0.022 0.021 0.001 0.011 0.007 0.020 0.057 0.862 
 499 S _   0.022 0.021 0.001 0.010 0.007 0.019 0.057 0.863 
 500 D _   0.021 0.021 0.001 0.010 0.007 0.019 0.058 0.863 
 501 I _   0.021 0.022 0.001 0.010 0.007 0.019 0.058 0.862 
 502 H _   0.020 0.024 0.001 0.011 0.007 0.019 0.059 0.859 
 503 T _   0.020 0.026 0.001 0.011 0.007 0.019 0.059 0.856 
 504 K _   0.019 0.028 0.001 0.012 0.007 0.019 0.060 0.854 
 505 L _   0.018 0.030 0.001 0.011 0.007 0.019 0.060 0.853 
 506 L _   0.018 0.032 0.001 0.011 0.007 0.019 0.060 0.852 
 507 R _   0.017 0.035 0.001 0.011 0.007 0.019 0.061 0.850 
 508 L _   0.017 0.038 0.001 0.011 0.007 0.019 0.061 0.846 
 509 S _   0.017 0.043 0.001 0.012 0.008 0.019 0.061 0.839 
 510 S _   0.017 0.048 0.001 0.014 0.009 0.020 0.061 0.829 
 511 S _   0.018 0.055 0.001 0.017 0.010 0.020 0.062 0.816 
 512 Q _   0.018 0.063 0.001 0.021 0.011 0.021 0.062 0.802 
 513 G _   0.019 0.071 0.001 0.026 0.012 0.021 0.063 0.788 
 514 T _   0.019 0.077 0.001 0.030 0.013 0.021 0.064 0.777 
 515 I _   0.018 0.080 0.001 0.032 0.013 0.020 0.065 0.770 
 516 E _   0.017 0.081 0.001 0.032 0.012 0.019 0.067 0.770 
 517 T _   0.016 0.080 0.001 0.030 0.011 0.017 0.069 0.777 
 518 S _   0.014 0.075 0.001 0.026 0.009 0.015 0.071 0.788 
 519 L _   0.013 0.069 0.001 0.021 0.007 0.013 0.074 0.802 
 520 Q _   0.011 0.061 0.001 0.016 0.005 0.011 0.076 0.819 
 521 D _   0.009 0.053 0.001 0.012 0.004 0.010 0.079 0.833 
 522 I _   0.008 0.047 0.000 0.009 0.003 0.009 0.081 0.843 
 523 D _   0.007 0.043 0.000 0.007 0.003 0.008 0.082 0.849 
 524 S _   0.006 0.041 0.000 0.006 0.002 0.007 0.084 0.852 
 525 R _   0.006 0.041 0.000 0.006 0.002 0.007 0.085 0.852 
 526 L _   0.006 0.042 0.000 0.007 0.003 0.008 0.085 0.849 
 527 S _   0.006 0.045 0.000 0.009 0.003 0.008 0.086 0.843 
 528 P _   0.006 0.049 0.000 0.011 0.003 0.009 0.086 0.835 
 529 G _   0.006 0.054 0.001 0.014 0.004 0.010 0.086 0.824 
 530 G _   0.006 0.061 0.001 0.018 0.005 0.011 0.087 0.811 
 531 S _   0.007 0.069 0.001 0.023 0.006 0.012 0.087 0.796 
 532 L _   0.007 0.075 0.001 0.028 0.007 0.013 0.087 0.782 
 533 A _   0.008 0.080 0.001 0.032 0.008 0.014 0.088 0.770 
 534 D _   0.008 0.082 0.001 0.036 0.008 0.014 0.089 0.761 
 535 A _   0.008 0.083 0.001 0.038 0.009 0.014 0.092 0.756 
 536 W _   0.009 0.081 0.001 0.038 0.008 0.014 0.094 0.755 
 537 A _   0.009 0.076 0.001 0.035 0.008 0.013 0.098 0.760 
 538 H _   0.009 0.067 0.001 0.030 0.007 0.012 0.102 0.772 
 539 Q _   0.008 0.054 0.001 0.024 0.006 0.011 0.107 0.789 
 540 E _   0.008 0.039 0.001 0.018 0.004 0.009 0.111 0.810 
 541 G _   0.007 0.024 0.000 0.012 0.003 0.008 0.115 0.830 
 542 T _   0.006 0.013 0.000 0.007 0.002 0.007 0.118 0.846 
 543 H _   0.005 0.006 0.000 0.004 0.002 0.006 0.121 0.856 
 544 P _   0.005 0.002 0.000 0.003 0.001 0.006 0.122 0.861 
 545 K _   0.006 0.001 0.000 0.002 0.001 0.007 0.122 0.861 
 546 D _   0.008 0.001 0.000 0.002 0.001 0.009 0.122 0.858 
 547 R _   0.013 0.000 0.000 0.002 0.002 0.013 0.121 0.849 
 548 N _   0.023 0.001 0.000 0.003 0.003 0.019 0.120 0.832 
 549 V _   0.038 0.002 0.001 0.004 0.006 0.028 0.118 0.804 
 550 E _   0.061 0.005 0.001 0.007 0.011 0.040 0.115 0.761 
 551 K _   0.088 0.013 0.001 0.010 0.021 0.053 0.111 0.703 
 552 L _   0.117 0.026 0.002 0.015 0.034 0.066 0.106 0.634 
 553 Q _   0.145 0.044 0.002 0.020 0.048 0.076 0.102 0.563 
 554 V _   0.168 0.064 0.003 0.024 0.061 0.082 0.099 0.499 
 555 L _   0.186 0.085 0.003 0.030 0.070 0.085 0.097 0.444 
 556 L _   0.198 0.102 0.003 0.035 0.075 0.084 0.096 0.406 
 557 N _   0.205 0.114 0.003 0.040 0.076 0.081 0.097 0.384 
 558 C _   0.206 0.122 0.003 0.045 0.072 0.076 0.098 0.378 
 559 M _   0.200 0.124 0.003 0.048 0.066 0.069 0.101 0.389 
 560 T _   0.186 0.121 0.003 0.048 0.056 0.061 0.105 0.420 
 561 E _   0.165 0.112 0.003 0.044 0.045 0.052 0.110 0.468 
 562 I _   0.141 0.095 0.002 0.037 0.033 0.043 0.117 0.532 
 563 Y _   0.114 0.072 0.002 0.028 0.023 0.034 0.123 0.605 
 564 Y _   0.087 0.046 0.001 0.019 0.014 0.026 0.129 0.679 
 565 Q _   0.062 0.024 0.001 0.012 0.008 0.019 0.134 0.740 
 566 F _   0.042 0.012 0.001 0.007 0.004 0.014 0.137 0.783 
 567 K _   0.028 0.006 0.000 0.004 0.003 0.010 0.140 0.810 
 568 K _   0.018 0.003 0.000 0.003 0.002 0.008 0.141 0.826 
 569 D _   0.012 0.002 0.000 0.002 0.001 0.006 0.141 0.834 
 570 K _   0.008 0.002 0.000 0.003 0.001 0.006 0.141 0.838 
 571 A _   0.007 0.003 0.000 0.004 0.002 0.006 0.140 0.839 
 572 E _   0.007 0.004 0.000 0.005 0.002 0.007 0.139 0.837 
 573 R _   0.007 0.006 0.000 0.008 0.002 0.008 0.136 0.832 
 574 R _   0.007 0.010 0.000 0.011 0.003 0.009 0.134 0.826 
 575 L _   0.006 0.014 0.000 0.015 0.004 0.009 0.131 0.819 
 576 A _   0.006 0.018 0.001 0.019 0.005 0.010 0.128 0.814 
 577 Y _   0.006 0.020 0.001 0.020 0.005 0.010 0.126 0.811 
 578 N _   0.006 0.022 0.001 0.021 0.005 0.010 0.124 0.811 
 579 E _   0.006 0.023 0.001 0.020 0.005 0.010 0.123 0.813 
 580 E _   0.006 0.022 0.001 0.018 0.004 0.010 0.122 0.818 
 581 Q _   0.006 0.021 0.000 0.015 0.004 0.009 0.121 0.824 
 582 I _   0.006 0.020 0.000 0.012 0.003 0.008 0.120 0.830 
 583 H _   0.006 0.018 0.000 0.009 0.003 0.008 0.119 0.836 
 584 K _   0.006 0.017 0.000 0.008 0.002 0.008 0.118 0.841 
 585 F _   0.006 0.017 0.000 0.006 0.002 0.008 0.116 0.844 
 586 D _   0.006 0.017 0.000 0.006 0.002 0.009 0.115 0.845 
 587 K _   0.006 0.019 0.000 0.006 0.003 0.010 0.113 0.843 
 588 Q _   0.007 0.022 0.000 0.008 0.003 0.011 0.110 0.838 
 589 K _   0.008 0.027 0.001 0.010 0.004 0.013 0.108 0.829 
 590 L _   0.009 0.034 0.001 0.014 0.006 0.015 0.105 0.817 
 591 Y _   0.010 0.044 0.001 0.018 0.008 0.017 0.101 0.801 
 592 Y _   0.011 0.054 0.001 0.023 0.009 0.018 0.098 0.785 
 593 H _   0.012 0.064 0.001 0.028 0.011 0.020 0.095 0.770 
 594 A _   0.012 0.071 0.001 0.033 0.012 0.020 0.092 0.759 
 595 T _   0.013 0.076 0.001 0.035 0.013 0.020 0.090 0.753 
 596 K _   0.013 0.078 0.001 0.035 0.013 0.020 0.088 0.752 
 597 A _   0.013 0.077 0.001 0.034 0.012 0.019 0.087 0.757 
 598 M _   0.013 0.074 0.001 0.030 0.011 0.018 0.086 0.768 
 599 T _   0.012 0.068 0.001 0.026 0.010 0.017 0.086 0.781 
 600 H _   0.012 0.061 0.001 0.021 0.008 0.015 0.085 0.797 
 601 F _   0.011 0.053 0.001 0.017 0.007 0.014 0.085 0.812 
 602 T _   0.011 0.045 0.001 0.013 0.006 0.013 0.085 0.826 
 603 D _   0.010 0.039 0.001 0.011 0.005 0.012 0.085 0.837 
 604 E _   0.010 0.035 0.001 0.009 0.004 0.012 0.085 0.844 
 605 C _   0.010 0.032 0.000 0.009 0.004 0.012 0.084 0.849 
 606 V _   0.010 0.030 0.000 0.009 0.004 0.012 0.084 0.851 
 607 K _   0.010 0.028 0.001 0.009 0.004 0.012 0.083 0.852 
 608 K _   0.010 0.028 0.001 0.010 0.004 0.012 0.083 0.853 
 609 Y _   0.010 0.027 0.001 0.010 0.005 0.012 0.082 0.853 
 610 E _   0.010 0.027 0.001 0.010 0.005 0.012 0.081 0.854 
 611 A _   0.010 0.027 0.001 0.010 0.005 0.012 0.081 0.855 
 612 F _   0.010 0.027 0.001 0.010 0.004 0.012 0.080 0.857 
 613 L _   0.010 0.027 0.001 0.009 0.004 0.013 0.079 0.858 
 614 N _   0.011 0.027 0.001 0.008 0.005 0.013 0.078 0.857 
 615 K _   0.011 0.028 0.001 0.008 0.005 0.014 0.077 0.856 
 616 S _   0.012 0.030 0.001 0.009 0.005 0.016 0.076 0.852 
 617 E _   0.013 0.032 0.001 0.010 0.006 0.017 0.075 0.846 
 618 E _   0.015 0.037 0.001 0.011 0.007 0.019 0.074 0.836 
 619 W _   0.017 0.042 0.001 0.013 0.009 0.021 0.073 0.825 
 620 I _   0.019 0.048 0.001 0.016 0.010 0.023 0.071 0.812 
 621 R _   0.020 0.054 0.001 0.019 0.011 0.025 0.070 0.800 
 622 K _   0.021 0.059 0.001 0.021 0.013 0.026 0.069 0.790 
 623 M _   0.022 0.063 0.001 0.023 0.013 0.026 0.069 0.783 
 624 L _   0.022 0.066 0.001 0.024 0.014 0.026 0.068 0.779 
 625 H _   0.022 0.067 0.001 0.024 0.014 0.026 0.068 0.779 
 626 L _   0.022 0.066 0.001 0.024 0.013 0.025 0.068 0.781 
 627 R _   0.022 0.065 0.001 0.022 0.013 0.024 0.068 0.786 
 628 K _   0.021 0.062 0.001 0.021 0.012 0.023 0.068 0.794 
 629 Q _   0.020 0.058 0.001 0.019 0.010 0.021 0.069 0.802 
 630 L _   0.019 0.054 0.001 0.017 0.009 0.019 0.070 0.811 
 631 L _   0.018 0.049 0.001 0.015 0.008 0.018 0.070 0.820 
 632 S _   0.017 0.045 0.001 0.013 0.007 0.017 0.071 0.829 
 633 L _   0.016 0.041 0.001 0.012 0.006 0.015 0.072 0.836 
 634 T _   0.015 0.037 0.001 0.011 0.006 0.014 0.073 0.842 
 635 N _   0.014 0.034 0.001 0.011 0.005 0.014 0.074 0.847 
 636 Q _   0.014 0.032 0.001 0.011 0.005 0.013 0.074 0.850 
 637 C _   0.013 0.030 0.001 0.011 0.005 0.013 0.075 0.852 
 638 F _   0.013 0.029 0.001 0.011 0.005 0.012 0.076 0.853 
 639 D _   0.012 0.028 0.001 0.012 0.005 0.012 0.077 0.853 
 640 I _   0.012 0.027 0.001 0.012 0.005 0.012 0.077 0.854 
 641 E _   0.011 0.026 0.001 0.012 0.005 0.012 0.078 0.856 
 642 E _   0.011 0.025 0.001 0.012 0.005 0.011 0.079 0.858 
 643 E _   0.010 0.024 0.001 0.011 0.004 0.011 0.079 0.860 
 644 V _   0.010 0.022 0.001 0.011 0.004 0.010 0.080 0.863 
 645 S _   0.009 0.021 0.000 0.010 0.004 0.010 0.080 0.865 
 646 K _   0.009 0.021 0.000 0.009 0.004 0.010 0.081 0.867 
 647 Y _   0.009 0.020 0.000 0.009 0.004 0.009 0.081 0.868 
 648 Q _   0.008 0.020 0.000 0.009 0.004 0.009 0.081 0.868 
 649 E _   0.008 0.020 0.000 0.009 0.004 0.010 0.082 0.867 
 650 Y _   0.008 0.021 0.000 0.009 0.004 0.010 0.082 0.866 
 651 T _   0.008 0.022 0.000 0.009 0.004 0.010 0.082 0.864 
 652 N _   0.008 0.023 0.000 0.010 0.004 0.010 0.082 0.861 
 653 E _   0.008 0.025 0.001 0.011 0.004 0.011 0.082 0.858 
 654 L _   0.008 0.027 0.001 0.011 0.005 0.011 0.082 0.855 
 655 Q _   0.009 0.029 0.001 0.012 0.005 0.012 0.083 0.851 
 656 E _   0.009 0.031 0.001 0.013 0.005 0.012 0.083 0.847 
 657 T _   0.009 0.033 0.001 0.014 0.006 0.013 0.082 0.843 
 658 L _   0.009 0.035 0.001 0.014 0.006 0.013 0.083 0.839 
 659 P _   0.009 0.037 0.001 0.015 0.006 0.014 0.083 0.835 
 660 Q _   0.010 0.039 0.001 0.016 0.006 0.014 0.083 0.831 
 661 K _   0.010 0.041 0.001 0.016 0.007 0.015 0.084 0.827 
 662 M _   0.010 0.042 0.001 0.016 0.007 0.015 0.084 0.825 
 663 F _   0.011 0.043 0.001 0.016 0.007 0.015 0.085 0.822 
