#TopoPred_TM8: 8-state transmembrane topology prediction results by no_profile mode 
#probabilities are in the order of H E C I L F X _, the 8 transmembrane topology types used in PDBTM 
   1 M X   0.016 0.001 0.002 0.048 0.010 0.011 0.596 0.316 
   2 A X   0.005 0.001 0.000 0.024 0.002 0.005 0.609 0.354 
   3 E X   0.001 0.000 0.000 0.012 0.001 0.003 0.609 0.373 
   4 K X   0.001 0.001 0.000 0.009 0.001 0.004 0.603 0.381 
   5 G X   0.002 0.002 0.000 0.011 0.001 0.008 0.590 0.386 
   6 D X   0.005 0.005 0.000 0.014 0.003 0.013 0.569 0.390 
   7 C X   0.008 0.011 0.001 0.022 0.005 0.019 0.544 0.391 
   8 I X   0.010 0.024 0.001 0.033 0.008 0.025 0.511 0.388 
   9 A X   0.011 0.040 0.001 0.047 0.012 0.029 0.474 0.385 
  10 S X   0.011 0.057 0.002 0.060 0.016 0.032 0.436 0.387 
  11 V X   0.011 0.069 0.002 0.070 0.018 0.033 0.403 0.394 
  12 Y _   0.011 0.075 0.002 0.073 0.020 0.034 0.377 0.409 
  13 G _   0.011 0.078 0.002 0.071 0.020 0.033 0.356 0.429 
  14 Y _   0.011 0.077 0.002 0.064 0.020 0.033 0.338 0.455 
  15 D _   0.011 0.073 0.002 0.055 0.018 0.032 0.324 0.484 
  16 L _   0.012 0.066 0.001 0.045 0.016 0.030 0.312 0.517 
  17 G _   0.012 0.057 0.001 0.035 0.014 0.029 0.301 0.549 
  18 G _   0.013 0.048 0.001 0.026 0.012 0.028 0.292 0.580 
  19 R _   0.013 0.038 0.001 0.020 0.010 0.028 0.283 0.608 
  20 F _   0.014 0.030 0.001 0.015 0.009 0.027 0.274 0.630 
  21 V _   0.015 0.024 0.001 0.012 0.008 0.028 0.265 0.647 
  22 D _   0.016 0.020 0.001 0.010 0.008 0.029 0.256 0.660 
  23 F _   0.018 0.017 0.001 0.009 0.008 0.030 0.248 0.669 
  24 Q _   0.022 0.015 0.001 0.009 0.009 0.033 0.239 0.673 
  25 P _   0.027 0.015 0.001 0.009 0.011 0.036 0.229 0.672 
  26 L _   0.033 0.015 0.001 0.010 0.013 0.040 0.220 0.668 
  27 G _   0.040 0.016 0.001 0.011 0.018 0.044 0.211 0.659 
  28 F _   0.048 0.018 0.001 0.014 0.022 0.048 0.201 0.647 
  29 G _   0.056 0.021 0.002 0.018 0.028 0.052 0.193 0.631 
  30 V _   0.063 0.024 0.002 0.022 0.033 0.055 0.185 0.616 
  31 N _   0.069 0.027 0.002 0.027 0.037 0.056 0.178 0.604 
  32 G _   0.072 0.029 0.002 0.031 0.038 0.056 0.172 0.599 
  33 L _   0.074 0.029 0.002 0.033 0.037 0.054 0.167 0.604 
  34 V _   0.073 0.028 0.002 0.032 0.034 0.050 0.164 0.617 
  35 L _   0.070 0.025 0.002 0.028 0.029 0.046 0.160 0.640 
  36 S _   0.064 0.020 0.002 0.023 0.023 0.041 0.158 0.669 
  37 A _   0.058 0.014 0.001 0.016 0.018 0.036 0.155 0.701 
  38 V _   0.052 0.008 0.001 0.011 0.013 0.032 0.153 0.730 
  39 D _   0.047 0.004 0.001 0.007 0.009 0.029 0.150 0.753 
  40 S _   0.043 0.002 0.001 0.005 0.007 0.027 0.148 0.768 
  41 R _   0.041 0.001 0.001 0.004 0.006 0.026 0.146 0.776 
  42 A _   0.040 0.001 0.001 0.003 0.006 0.026 0.143 0.779 
  43 C _   0.042 0.001 0.001 0.004 0.007 0.027 0.141 0.776 
  44 R _   0.044 0.002 0.001 0.006 0.009 0.029 0.138 0.770 
  45 K _   0.046 0.004 0.001 0.010 0.012 0.031 0.136 0.761 
  46 V _   0.048 0.006 0.001 0.014 0.015 0.032 0.134 0.750 
  47 A _   0.049 0.009 0.001 0.019 0.017 0.033 0.131 0.741 
  48 V _   0.048 0.011 0.001 0.023 0.018 0.032 0.130 0.737 
  49 K _   0.046 0.012 0.001 0.024 0.018 0.031 0.128 0.738 
  50 K _   0.043 0.012 0.001 0.024 0.017 0.029 0.127 0.746 
  51 I _   0.039 0.011 0.001 0.022 0.015 0.027 0.127 0.759 
  52 A _   0.034 0.009 0.001 0.018 0.012 0.024 0.127 0.775 
  53 L _   0.029 0.007 0.001 0.013 0.009 0.021 0.126 0.793 
  54 S _   0.025 0.005 0.001 0.009 0.007 0.018 0.126 0.809 
  55 D _   0.022 0.003 0.001 0.007 0.005 0.017 0.126 0.820 
  56 A _   0.020 0.002 0.000 0.005 0.004 0.015 0.125 0.828 
  57 R _   0.019 0.002 0.000 0.004 0.004 0.015 0.124 0.832 
  58 S _   0.019 0.002 0.000 0.004 0.004 0.015 0.123 0.833 
  59 M _   0.020 0.002 0.000 0.004 0.004 0.016 0.122 0.831 
  60 K _   0.022 0.003 0.001 0.006 0.006 0.018 0.120 0.825 
  61 H _   0.024 0.005 0.001 0.008 0.007 0.020 0.119 0.815 
  62 A _   0.027 0.007 0.001 0.012 0.010 0.023 0.117 0.803 
  63 L _   0.029 0.011 0.001 0.018 0.012 0.025 0.116 0.789 
  64 R _   0.030 0.015 0.001 0.023 0.015 0.026 0.115 0.775 
  65 E _   0.031 0.018 0.001 0.027 0.016 0.026 0.114 0.767 
  66 I _   0.031 0.019 0.001 0.030 0.016 0.025 0.114 0.764 
  67 K _   0.029 0.020 0.001 0.030 0.015 0.024 0.114 0.768 
  68 I _   0.027 0.019 0.001 0.027 0.013 0.021 0.115 0.778 
  69 I _   0.024 0.016 0.001 0.022 0.010 0.019 0.115 0.792 
  70 R _   0.021 0.013 0.001 0.016 0.008 0.016 0.116 0.809 
  71 R _   0.017 0.009 0.001 0.011 0.006 0.014 0.117 0.825 
  72 L _   0.015 0.006 0.000 0.008 0.004 0.012 0.118 0.837 
  73 D _   0.012 0.004 0.000 0.006 0.003 0.010 0.118 0.846 
  74 H _   0.011 0.003 0.000 0.004 0.003 0.010 0.117 0.851 
  75 D _   0.010 0.003 0.000 0.004 0.003 0.010 0.117 0.853 
  76 N _   0.010 0.004 0.000 0.006 0.003 0.010 0.116 0.851 
  77 I _   0.010 0.005 0.000 0.008 0.004 0.011 0.115 0.847 
  78 V _   0.011 0.006 0.001 0.012 0.005 0.012 0.114 0.840 
  79 K _   0.011 0.008 0.001 0.016 0.006 0.013 0.113 0.832 
  80 V _   0.011 0.010 0.001 0.020 0.007 0.013 0.112 0.825 
  81 Y _   0.011 0.012 0.001 0.023 0.007 0.013 0.112 0.822 
  82 E _   0.010 0.012 0.001 0.024 0.007 0.013 0.111 0.822 
  83 V _   0.010 0.011 0.001 0.022 0.007 0.012 0.111 0.827 
  84 L _   0.009 0.010 0.001 0.018 0.005 0.011 0.111 0.836 
  85 G _   0.008 0.007 0.001 0.014 0.004 0.009 0.111 0.846 
  86 P _   0.007 0.005 0.000 0.010 0.003 0.008 0.111 0.856 
  87 K _   0.006 0.003 0.000 0.006 0.002 0.008 0.111 0.863 
  88 G _   0.006 0.002 0.000 0.004 0.002 0.007 0.110 0.868 
  89 T _   0.006 0.001 0.000 0.003 0.002 0.008 0.109 0.871 
  90 D _   0.008 0.000 0.000 0.003 0.002 0.009 0.108 0.870 
  91 L _   0.011 0.000 0.000 0.003 0.002 0.012 0.106 0.866 
  92 Q _   0.016 0.000 0.000 0.003 0.003 0.016 0.103 0.857 
  93 G _   0.025 0.001 0.001 0.004 0.005 0.021 0.101 0.843 
  94 E _   0.039 0.001 0.001 0.006 0.008 0.028 0.097 0.820 
  95 L _   0.057 0.002 0.001 0.008 0.013 0.037 0.093 0.790 
  96 F _   0.079 0.003 0.001 0.010 0.019 0.046 0.088 0.752 
  97 K _   0.104 0.005 0.002 0.013 0.028 0.055 0.084 0.710 
  98 F _   0.127 0.008 0.002 0.016 0.038 0.062 0.080 0.668 
  99 S _   0.151 0.010 0.002 0.018 0.046 0.067 0.076 0.629 
 100 V _   0.172 0.013 0.002 0.021 0.052 0.070 0.074 0.597 
 101 A _   0.187 0.014 0.003 0.023 0.055 0.070 0.072 0.577 
 102 Y _   0.198 0.015 0.003 0.024 0.055 0.068 0.070 0.567 
 103 I _   0.202 0.015 0.003 0.024 0.051 0.065 0.070 0.571 
 104 V _   0.200 0.014 0.002 0.021 0.046 0.060 0.070 0.587 
 105 Q _   0.191 0.011 0.002 0.018 0.038 0.054 0.070 0.615 
 106 E _   0.174 0.008 0.002 0.014 0.030 0.048 0.071 0.653 
 107 Y _   0.152 0.005 0.002 0.011 0.023 0.042 0.071 0.694 
 108 M _   0.129 0.003 0.001 0.008 0.016 0.036 0.072 0.734 
 109 E _   0.106 0.002 0.001 0.006 0.012 0.032 0.072 0.770 
 110 T _   0.086 0.001 0.001 0.005 0.009 0.028 0.073 0.798 
 111 D _   0.069 0.001 0.001 0.005 0.007 0.025 0.073 0.819 
 112 L _   0.056 0.001 0.001 0.005 0.006 0.023 0.073 0.835 
 113 A _   0.046 0.001 0.001 0.006 0.006 0.021 0.073 0.845 
 114 R _   0.039 0.001 0.001 0.008 0.006 0.020 0.072 0.853 
 115 L _   0.033 0.002 0.001 0.009 0.006 0.019 0.072 0.859 
 116 L _   0.028 0.002 0.001 0.010 0.006 0.019 0.071 0.864 
 117 E _   0.024 0.002 0.001 0.010 0.006 0.018 0.071 0.868 
 118 Q _   0.021 0.002 0.001 0.010 0.006 0.017 0.070 0.873 
 119 G _   0.020 0.002 0.001 0.009 0.006 0.017 0.069 0.877 
 120 T _   0.019 0.002 0.001 0.007 0.005 0.017 0.068 0.881 
 121 L _   0.020 0.002 0.001 0.006 0.005 0.017 0.067 0.883 
 122 A _   0.021 0.001 0.001 0.005 0.005 0.018 0.066 0.882 
 123 E _   0.023 0.002 0.001 0.005 0.005 0.020 0.065 0.879 
 124 E _   0.028 0.002 0.001 0.005 0.006 0.023 0.064 0.872 
 125 H _   0.033 0.003 0.001 0.006 0.008 0.026 0.062 0.860 
 126 A _   0.040 0.005 0.001 0.008 0.011 0.030 0.061 0.845 
 127 K _   0.047 0.007 0.001 0.011 0.014 0.033 0.060 0.825 
 128 L _   0.054 0.011 0.001 0.015 0.018 0.037 0.059 0.805 
 129 F _   0.060 0.015 0.001 0.020 0.022 0.039 0.058 0.786 
 130 M _   0.063 0.019 0.002 0.024 0.024 0.040 0.057 0.772 
 131 Y _   0.065 0.021 0.002 0.026 0.025 0.040 0.056 0.765 
 132 Q _   0.064 0.022 0.002 0.027 0.025 0.039 0.056 0.765 
 133 L _   0.062 0.022 0.002 0.026 0.023 0.037 0.056 0.771 
 134 L _   0.059 0.021 0.001 0.024 0.021 0.035 0.056 0.783 
 135 R _   0.054 0.019 0.001 0.021 0.018 0.031 0.057 0.799 
 136 G _   0.049 0.016 0.001 0.017 0.015 0.028 0.058 0.816 
 137 L _   0.043 0.013 0.001 0.014 0.012 0.025 0.058 0.833 
 138 K _   0.037 0.011 0.001 0.012 0.010 0.022 0.059 0.848 
 139 Y _   0.032 0.009 0.001 0.011 0.008 0.020 0.060 0.860 
 140 I _   0.027 0.007 0.001 0.010 0.007 0.017 0.061 0.870 
 141 H _   0.023 0.006 0.001 0.010 0.006 0.016 0.061 0.878 
 142 S _   0.019 0.005 0.001 0.010 0.005 0.014 0.062 0.885 
 143 A _   0.016 0.004 0.001 0.009 0.005 0.013 0.062 0.891 
 144 N _   0.014 0.003 0.001 0.008 0.004 0.011 0.062 0.896 
 145 V _   0.013 0.002 0.000 0.007 0.004 0.010 0.062 0.901 
 146 L _   0.011 0.002 0.000 0.006 0.003 0.010 0.062 0.905 
 147 H _   0.011 0.001 0.000 0.005 0.003 0.009 0.062 0.909 
 148 R _   0.010 0.001 0.000 0.004 0.003 0.009 0.061 0.911 
 149 D _   0.010 0.001 0.000 0.004 0.003 0.010 0.061 0.911 
 150 L _   0.011 0.001 0.000 0.004 0.003 0.011 0.060 0.910 
 151 K _   0.013 0.001 0.000 0.004 0.003 0.013 0.059 0.906 
 152 P _   0.016 0.001 0.000 0.005 0.004 0.016 0.058 0.900 
 153 A _   0.019 0.002 0.001 0.006 0.006 0.019 0.056 0.890 
 154 N _   0.024 0.003 0.001 0.008 0.008 0.023 0.055 0.878 
 155 I _   0.028 0.005 0.001 0.011 0.010 0.027 0.054 0.865 
 156 F _   0.033 0.006 0.001 0.013 0.012 0.031 0.052 0.852 
 157 I _   0.037 0.008 0.001 0.014 0.014 0.035 0.051 0.840 
 158 S _   0.041 0.010 0.001 0.015 0.016 0.038 0.049 0.830 
 159 T _   0.046 0.011 0.001 0.015 0.017 0.041 0.048 0.822 
 160 E _   0.050 0.012 0.001 0.014 0.018 0.043 0.047 0.814 
 161 D _   0.055 0.014 0.001 0.013 0.019 0.045 0.046 0.807 
 162 L _   0.059 0.015 0.001 0.012 0.019 0.047 0.045 0.800 
 163 V _   0.064 0.018 0.001 0.012 0.020 0.049 0.044 0.791 
 164 L _   0.069 0.021 0.001 0.013 0.022 0.050 0.043 0.781 
 165 K _   0.071 0.026 0.001 0.015 0.024 0.051 0.042 0.769 
 166 I _   0.074 0.032 0.002 0.018 0.026 0.052 0.042 0.755 
 167 G _   0.074 0.040 0.002 0.023 0.029 0.051 0.041 0.740 
 168 D _   0.073 0.047 0.002 0.029 0.030 0.050 0.041 0.729 
 169 F _   0.070 0.053 0.002 0.034 0.030 0.048 0.041 0.722 
 170 G _   0.066 0.057 0.002 0.038 0.029 0.045 0.041 0.722 
 171 L _   0.060 0.059 0.002 0.040 0.027 0.041 0.042 0.730 
 172 A _   0.053 0.058 0.002 0.039 0.023 0.036 0.043 0.747 
 173 R _   0.045 0.054 0.002 0.036 0.019 0.031 0.044 0.770 
 174 I _   0.037 0.048 0.001 0.030 0.014 0.026 0.045 0.799 
 175 V _   0.030 0.039 0.001 0.023 0.010 0.021 0.046 0.830 
 176 D _   0.023 0.029 0.001 0.016 0.007 0.017 0.047 0.859 
 177 Q _   0.018 0.021 0.001 0.010 0.005 0.014 0.048 0.883 
 178 H _   0.014 0.015 0.000 0.007 0.003 0.011 0.048 0.901 
 179 Y _   0.011 0.012 0.000 0.004 0.002 0.010 0.048 0.912 
 180 S _   0.009 0.011 0.000 0.003 0.002 0.009 0.048 0.917 
 181 H _   0.009 0.011 0.000 0.004 0.002 0.010 0.047 0.918 
 182 K _   0.009 0.013 0.000 0.005 0.003 0.011 0.046 0.913 
 183 G _   0.010 0.019 0.000 0.007 0.004 0.013 0.045 0.902 
 184 Y _   0.011 0.030 0.001 0.012 0.006 0.016 0.043 0.881 
 185 L _   0.013 0.049 0.001 0.018 0.009 0.019 0.041 0.851 
 186 S _   0.013 0.073 0.001 0.026 0.011 0.021 0.039 0.816 
 187 E _   0.014 0.095 0.001 0.034 0.013 0.022 0.036 0.784 
 188 G _   0.014 0.112 0.001 0.041 0.014 0.023 0.035 0.760 
 189 L _   0.014 0.122 0.001 0.045 0.015 0.023 0.033 0.746 
 190 V _   0.014 0.128 0.001 0.047 0.015 0.023 0.032 0.740 
 191 T _   0.014 0.129 0.001 0.046 0.015 0.022 0.031 0.742 
 192 K _   0.014 0.126 0.001 0.043 0.014 0.021 0.031 0.750 
 193 W _   0.013 0.120 0.001 0.039 0.013 0.019 0.031 0.764 
 194 Y _   0.013 0.110 0.001 0.035 0.011 0.018 0.031 0.782 
 195 R _   0.012 0.097 0.001 0.031 0.010 0.016 0.031 0.802 
 196 S _   0.012 0.082 0.001 0.026 0.008 0.015 0.031 0.826 
 197 P _   0.011 0.065 0.001 0.021 0.007 0.013 0.032 0.850 
 198 R _   0.011 0.048 0.001 0.017 0.005 0.011 0.032 0.874 
 199 L _   0.011 0.033 0.001 0.013 0.004 0.010 0.032 0.897 
 200 L _   0.011 0.019 0.000 0.009 0.003 0.008 0.032 0.917 
 201 L _   0.012 0.010 0.000 0.006 0.002 0.007 0.031 0.932 
 202 S _   0.014 0.004 0.000 0.004 0.002 0.006 0.030 0.940 
 203 P _   0.020 0.001 0.000 0.002 0.002 0.005 0.029 0.940 
 204 N _   0.032 0.000 0.000 0.002 0.002 0.005 0.027 0.932 
 205 N _   0.057 0.000 0.000 0.001 0.002 0.006 0.025 0.908 
 206 Y _   0.103 0.000 0.000 0.001 0.003 0.008 0.022 0.863 
 207 T _   0.181 0.000 0.001 0.001 0.004 0.009 0.018 0.786 
 208 K _   0.291 0.000 0.001 0.001 0.006 0.011 0.014 0.676 
 209 A _   0.422 0.000 0.001 0.001 0.008 0.012 0.010 0.546 
 210 I H   0.556 0.000 0.001 0.001 0.010 0.013 0.007 0.412 
 211 D H   0.676 0.000 0.001 0.001 0.012 0.012 0.004 0.294 
 212 M H   0.769 0.000 0.001 0.001 0.012 0.011 0.003 0.203 
 213 W H   0.837 0.000 0.001 0.001 0.012 0.009 0.002 0.138 
 214 A H   0.882 0.000 0.001 0.000 0.012 0.008 0.001 0.095 
 215 A H   0.910 0.000 0.001 0.000 0.012 0.007 0.001 0.069 
 216 G H   0.927 0.000 0.001 0.000 0.011 0.006 0.001 0.054 
 217 C H   0.936 0.000 0.001 0.000 0.011 0.005 0.001 0.047 
 218 I H   0.939 0.000 0.001 0.000 0.010 0.004 0.001 0.045 
 219 L H   0.937 0.000 0.001 0.000 0.010 0.004 0.001 0.047 
 220 A H   0.930 0.000 0.001 0.000 0.010 0.004 0.001 0.055 
 221 E H   0.916 0.000 0.001 0.000 0.010 0.004 0.001 0.068 
 222 M H   0.895 0.000 0.001 0.000 0.010 0.005 0.001 0.088 
 223 L H   0.865 0.000 0.001 0.000 0.011 0.005 0.002 0.116 
 224 T H   0.826 0.000 0.001 0.001 0.011 0.006 0.002 0.152 
 225 G H   0.777 0.000 0.001 0.001 0.012 0.007 0.003 0.199 
 226 R H   0.717 0.000 0.001 0.001 0.013 0.009 0.005 0.255 
 227 M H   0.646 0.000 0.001 0.001 0.012 0.010 0.007 0.322 
 228 L H   0.567 0.000 0.001 0.002 0.012 0.011 0.010 0.397 
 229 F H   0.484 0.000 0.001 0.002 0.010 0.012 0.013 0.477 
 230 A _   0.403 0.000 0.001 0.002 0.009 0.012 0.017 0.555 
 231 G _   0.330 0.000 0.001 0.002 0.008 0.013 0.020 0.627 
 232 A _   0.270 0.000 0.001 0.002 0.006 0.013 0.023 0.685 
 233 H _   0.224 0.000 0.001 0.002 0.005 0.014 0.026 0.728 
 234 E _   0.192 0.000 0.001 0.002 0.005 0.015 0.029 0.756 
 235 L _   0.171 0.000 0.001 0.002 0.005 0.017 0.032 0.772 
 236 E _   0.158 0.000 0.001 0.002 0.006 0.020 0.034 0.778 
 237 Q _   0.151 0.001 0.001 0.004 0.009 0.024 0.037 0.775 
 238 M _   0.146 0.002 0.001 0.006 0.012 0.027 0.039 0.766 
 239 Q _   0.142 0.004 0.001 0.011 0.016 0.031 0.042 0.754 
 240 L _   0.137 0.007 0.002 0.017 0.020 0.033 0.045 0.739 
 241 I _   0.129 0.011 0.002 0.024 0.023 0.034 0.049 0.728 
 242 L _   0.119 0.014 0.002 0.030 0.024 0.034 0.054 0.724 
 243 E _   0.105 0.015 0.002 0.033 0.023 0.032 0.058 0.730 
 244 T _   0.091 0.015 0.002 0.033 0.021 0.029 0.064 0.745 
 245 I _   0.076 0.014 0.001 0.029 0.017 0.026 0.070 0.767 
 246 P _   0.060 0.012 0.001 0.023 0.012 0.022 0.076 0.793 
 247 V _   0.046 0.008 0.001 0.017 0.008 0.017 0.081 0.821 
 248 I _   0.034 0.005 0.001 0.010 0.005 0.014 0.086 0.845 
 249 R _   0.024 0.002 0.000 0.006 0.003 0.011 0.089 0.864 
 250 E _   0.017 0.001 0.000 0.003 0.002 0.009 0.092 0.876 
 251 E _   0.013 0.000 0.000 0.002 0.002 0.008 0.094 0.882 
 252 D _   0.011 0.000 0.000 0.001 0.001 0.008 0.095 0.884 
 253 K _   0.011 0.000 0.000 0.002 0.002 0.010 0.095 0.881 
 254 D _   0.012 0.001 0.000 0.002 0.002 0.013 0.096 0.873 
 255 E _   0.016 0.003 0.000 0.004 0.004 0.017 0.096 0.858 
 256 L _   0.022 0.009 0.001 0.009 0.008 0.023 0.096 0.833 
 257 L _   0.027 0.021 0.001 0.016 0.013 0.029 0.095 0.798 
 258 R _   0.030 0.037 0.001 0.025 0.017 0.034 0.095 0.760 
 259 V _   0.032 0.051 0.002 0.035 0.022 0.037 0.095 0.728 
 260 M _   0.033 0.061 0.002 0.041 0.024 0.039 0.095 0.705 
 261 P _   0.034 0.066 0.002 0.044 0.026 0.040 0.096 0.693 
 262 S _   0.035 0.068 0.002 0.043 0.026 0.039 0.097 0.690 
 263 F _   0.035 0.067 0.002 0.040 0.025 0.038 0.099 0.695 
 264 V _   0.034 0.063 0.002 0.035 0.023 0.036 0.102 0.706 
 265 S _   0.034 0.057 0.001 0.029 0.020 0.033 0.105 0.720 
 266 S _   0.032 0.049 0.001 0.024 0.017 0.031 0.109 0.736 
 267 T _   0.030 0.041 0.001 0.020 0.014 0.028 0.112 0.753 
 268 W _   0.028 0.033 0.001 0.017 0.012 0.025 0.116 0.767 
 269 E _   0.026 0.027 0.001 0.014 0.009 0.023 0.120 0.780 
 270 V _   0.023 0.021 0.001 0.012 0.008 0.021 0.124 0.790 
 271 K _   0.020 0.017 0.001 0.011 0.007 0.019 0.127 0.798 
 272 R _   0.018 0.014 0.001 0.010 0.006 0.017 0.130 0.805 
 273 P _   0.016 0.011 0.001 0.009 0.005 0.015 0.133 0.810 
 274 L _   0.014 0.009 0.001 0.009 0.005 0.014 0.135 0.813 
 275 R _   0.013 0.008 0.001 0.008 0.004 0.013 0.138 0.816 
 276 K _   0.011 0.007 0.001 0.008 0.004 0.013 0.140 0.817 
 277 L _   0.011 0.006 0.000 0.007 0.004 0.012 0.142 0.818 
 278 L _   0.011 0.005 0.000 0.006 0.004 0.012 0.144 0.818 
 279 P _   0.011 0.005 0.000 0.006 0.004 0.013 0.145 0.817 
 280 E _   0.012 0.005 0.000 0.006 0.004 0.014 0.147 0.814 
 281 V _   0.013 0.005 0.000 0.006 0.004 0.015 0.148 0.808 
 282 N _   0.016 0.006 0.001 0.006 0.005 0.018 0.149 0.799 
 283 S _   0.019 0.008 0.001 0.007 0.007 0.021 0.150 0.787 
 284 E _   0.023 0.012 0.001 0.010 0.009 0.024 0.151 0.770 
 285 A _   0.028 0.017 0.001 0.013 0.012 0.028 0.152 0.748 
 286 I _   0.032 0.025 0.001 0.018 0.016 0.031 0.154 0.724 
 287 D _   0.035 0.032 0.001 0.023 0.019 0.034 0.156 0.699 
 288 F _   0.037 0.039 0.002 0.028 0.021 0.035 0.158 0.679 
 289 L _   0.038 0.044 0.002 0.032 0.022 0.035 0.162 0.665 
 290 E _   0.038 0.047 0.002 0.033 0.022 0.034 0.166 0.659 
 291 K _   0.036 0.048 0.002 0.032 0.020 0.032 0.171 0.660 
 292 I _   0.033 0.047 0.001 0.028 0.017 0.029 0.176 0.668 
 293 L _   0.030 0.043 0.001 0.023 0.014 0.026 0.182 0.681 
 294 T _   0.026 0.039 0.001 0.017 0.011 0.023 0.188 0.695 
 295 F _   0.023 0.035 0.001 0.013 0.008 0.021 0.194 0.706 
 296 N _   0.020 0.032 0.001 0.010 0.006 0.019 0.199 0.713 
 297 P _   0.018 0.031 0.001 0.008 0.005 0.018 0.204 0.716 
 298 M _   0.016 0.031 0.001 0.008 0.005 0.017 0.208 0.714 
 299 D _   0.015 0.033 0.001 0.009 0.005 0.017 0.213 0.708 
 300 R _   0.015 0.036 0.001 0.012 0.006 0.017 0.217 0.697 
 301 L _   0.014 0.041 0.001 0.015 0.007 0.018 0.221 0.683 
 302 T _   0.014 0.047 0.001 0.020 0.008 0.018 0.225 0.667 
 303 A _   0.014 0.053 0.001 0.025 0.009 0.018 0.229 0.651 
 304 E _   0.013 0.058 0.001 0.029 0.010 0.018 0.235 0.637 
 305 M _   0.013 0.061 0.001 0.032 0.010 0.017 0.240 0.626 
 306 G _   0.012 0.062 0.001 0.033 0.010 0.016 0.247 0.619 
 307 L _   0.011 0.061 0.001 0.033 0.009 0.015 0.255 0.615 
 308 Q _   0.010 0.057 0.001 0.030 0.008 0.014 0.265 0.614 
 309 H _   0.010 0.052 0.001 0.027 0.007 0.012 0.275 0.616 
 310 P _   0.009 0.046 0.001 0.023 0.006 0.011 0.286 0.619 
 311 Y _   0.008 0.038 0.001 0.019 0.005 0.010 0.298 0.622 
 312 M _   0.008 0.030 0.001 0.015 0.004 0.008 0.309 0.626 
 313 S _   0.007 0.023 0.000 0.011 0.003 0.007 0.319 0.629 
 314 P _   0.006 0.017 0.000 0.009 0.002 0.006 0.329 0.630 
 315 Y _   0.006 0.013 0.000 0.007 0.002 0.005 0.336 0.631 
 316 S _   0.005 0.010 0.000 0.005 0.001 0.005 0.342 0.631 
 317 C _   0.004 0.008 0.000 0.004 0.001 0.004 0.347 0.631 
 318 P _   0.004 0.007 0.000 0.004 0.001 0.004 0.350 0.630 
 319 E _   0.003 0.007 0.000 0.004 0.001 0.004 0.352 0.629 
 320 D _   0.003 0.007 0.000 0.004 0.001 0.004 0.353 0.628 
 321 E _   0.003 0.008 0.000 0.004 0.001 0.004 0.353 0.627 
 322 P _   0.003 0.010 0.000 0.005 0.001 0.005 0.352 0.624 
 323 T _   0.003 0.013 0.000 0.006 0.002 0.006 0.350 0.621 
 324 S _   0.003 0.017 0.000 0.007 0.002 0.007 0.348 0.615 
 325 Q _   0.003 0.024 0.000 0.009 0.003 0.008 0.345 0.608 
 326 H _   0.004 0.033 0.000 0.011 0.003 0.009 0.341 0.599 
 327 P _   0.004 0.043 0.000 0.012 0.003 0.010 0.338 0.589 
 328 F _   0.004 0.055 0.001 0.013 0.004 0.011 0.334 0.578 
 329 R _   0.005 0.069 0.001 0.014 0.005 0.012 0.330 0.565 
 330 I _   0.005 0.084 0.001 0.015 0.005 0.014 0.325 0.550 
 331 E _   0.006 0.101 0.001 0.017 0.007 0.016 0.321 0.531 
 332 D _   0.007 0.122 0.001 0.019 0.008 0.018 0.317 0.507 
 333 E _   0.008 0.148 0.001 0.022 0.011 0.021 0.312 0.476 
 334 I _   0.010 0.179 0.001 0.027 0.013 0.023 0.308 0.439 
 335 D _   0.011 0.213 0.001 0.033 0.016 0.024 0.304 0.398 
 336 D _   0.012 0.243 0.001 0.039 0.017 0.025 0.301 0.361 
 337 I _   0.013 0.266 0.001 0.046 0.018 0.025 0.299 0.332 
 338 V _   0.013 0.280 0.001 0.050 0.018 0.025 0.299 0.313 
 339 L _   0.013 0.285 0.001 0.053 0.018 0.024 0.301 0.305 
 340 M _   0.013 0.285 0.001 0.053 0.017 0.022 0.304 0.305 
 341 A _   0.012 0.277 0.001 0.050 0.016 0.021 0.309 0.315 
 342 A _   0.012 0.260 0.001 0.044 0.014 0.019 0.315 0.334 
 343 N _   0.011 0.232 0.001 0.037 0.012 0.017 0.324 0.365 
 344 Q _   0.011 0.192 0.001 0.030 0.011 0.015 0.335 0.405 
 345 S _   0.011 0.148 0.001 0.023 0.008 0.014 0.348 0.448 
 346 Q _   0.010 0.108 0.001 0.017 0.007 0.012 0.360 0.486 
 347 L _   0.009 0.078 0.001 0.012 0.005 0.011 0.370 0.515 
 348 S _   0.008 0.058 0.000 0.009 0.003 0.009 0.379 0.534 
 349 N _   0.006 0.045 0.000 0.007 0.003 0.008 0.386 0.545 
 350 W _   0.006 0.038 0.000 0.006 0.002 0.007 0.391 0.550 
 351 D _   0.005 0.033 0.000 0.006 0.002 0.007 0.394 0.552 
 352 T _   0.005 0.031 0.000 0.006 0.002 0.007 0.397 0.552 
 353 C _   0.004 0.029 0.000 0.007 0.002 0.006 0.400 0.551 
 354 S _   0.004 0.028 0.000 0.008 0.002 0.006 0.402 0.548 
 355 S _   0.004 0.028 0.000 0.009 0.002 0.007 0.404 0.546 
 356 R _   0.004 0.028 0.000 0.010 0.003 0.007 0.406 0.543 
 357 Y _   0.004 0.027 0.000 0.011 0.003 0.007 0.408 0.539 
 358 P _   0.004 0.027 0.000 0.012 0.003 0.007 0.410 0.537 
 359 V _   0.004 0.026 0.000 0.013 0.003 0.007 0.412 0.534 
 360 S _   0.004 0.025 0.000 0.013 0.003 0.007 0.415 0.532 
 361 L _   0.004 0.024 0.000 0.013 0.003 0.007 0.419 0.530 
 362 S _   0.004 0.023 0.000 0.012 0.003 0.007 0.423 0.528 
 363 S _   0.004 0.021 0.000 0.012 0.003 0.006 0.427 0.527 
 364 D _   0.004 0.018 0.000 0.011 0.003 0.006 0.431 0.527 
 365 L _   0.004 0.016 0.000 0.010 0.002 0.006 0.435 0.526 
 366 E _   0.004 0.014 0.000 0.009 0.002 0.006 0.440 0.525 
 367 W _   0.004 0.012 0.000 0.008 0.002 0.005 0.444 0.524 
 368 R _   0.004 0.011 0.000 0.007 0.002 0.005 0.448 0.523 
 369 P _   0.004 0.010 0.000 0.007 0.002 0.005 0.451 0.521 
 370 D _   0.004 0.009 0.000 0.006 0.002 0.005 0.454 0.520 
 371 R _   0.004 0.008 0.000 0.006 0.002 0.005 0.457 0.518 
 372 C _   0.004 0.008 0.000 0.006 0.002 0.005 0.460 0.515 
 373 Q _   0.004 0.007 0.000 0.007 0.002 0.005 0.462 0.514 
 374 D _   0.004 0.007 0.000 0.007 0.002 0.005 0.464 0.512 
 375 A _   0.004 0.007 0.000 0.007 0.002 0.005 0.465 0.510 
 376 S _   0.004 0.007 0.000 0.007 0.002 0.005 0.466 0.509 
 377 E _   0.004 0.007 0.000 0.007 0.002 0.005 0.467 0.509 
 378 V _   0.004 0.006 0.000 0.006 0.002 0.004 0.468 0.510 
 379 Q _   0.003 0.006 0.000 0.006 0.001 0.004 0.467 0.512 
 380 R _   0.003 0.006 0.000 0.005 0.001 0.004 0.466 0.514 
 381 D _   0.003 0.007 0.000 0.005 0.001 0.004 0.465 0.516 
 382 P _   0.003 0.007 0.000 0.005 0.001 0.004 0.463 0.517 
 383 R _   0.003 0.008 0.000 0.005 0.001 0.004 0.460 0.519 
 384 A _   0.003 0.010 0.000 0.006 0.001 0.005 0.457 0.519 
 385 G _   0.003 0.012 0.000 0.007 0.002 0.005 0.453 0.519 
 386 S _   0.003 0.015 0.000 0.009 0.002 0.006 0.448 0.516 
 387 A _   0.003 0.020 0.000 0.012 0.003 0.006 0.443 0.513 
 388 P _   0.003 0.024 0.000 0.015 0.003 0.007 0.437 0.509 
 389 L _   0.003 0.029 0.000 0.018 0.004 0.007 0.432 0.506 
 390 A _   0.004 0.032 0.000 0.020 0.004 0.008 0.428 0.504 
 391 E _   0.004 0.034 0.000 0.021 0.004 0.008 0.425 0.504 
 392 D _   0.004 0.035 0.000 0.020 0.004 0.007 0.423 0.507 
 393 V _   0.004 0.035 0.000 0.018 0.003 0.007 0.421 0.513 
 394 Q _   0.004 0.034 0.000 0.015 0.003 0.006 0.420 0.519 
 395 V _   0.003 0.032 0.000 0.011 0.002 0.006 0.419 0.527 
 396 D _   0.003 0.030 0.000 0.008 0.002 0.005 0.417 0.534 
 397 P _   0.003 0.029 0.000 0.006 0.001 0.005 0.416 0.540 
 398 R _   0.003 0.029 0.000 0.004 0.001 0.005 0.413 0.545 
 399 K _   0.003 0.029 0.000 0.004 0.001 0.005 0.410 0.548 
 400 D _   0.003 0.032 0.000 0.004 0.001 0.006 0.405 0.549 
 401 S _   0.004 0.038 0.000 0.006 0.002 0.007 0.399 0.544 
 402 H _   0.005 0.051 0.000 0.009 0.003 0.010 0.390 0.532 
 403 S _   0.006 0.077 0.001 0.014 0.006 0.012 0.378 0.507 
 404 S _   0.006 0.120 0.001 0.020 0.008 0.014 0.363 0.468 
 405 S _   0.006 0.176 0.001 0.027 0.010 0.015 0.347 0.417 
 406 E _   0.006 0.230 0.001 0.032 0.010 0.015 0.334 0.372 
 407 R _   0.005 0.271 0.001 0.034 0.010 0.015 0.323 0.341 
 408 F _   0.005 0.298 0.001 0.034 0.009 0.014 0.316 0.323 
 409 L _   0.004 0.315 0.001 0.033 0.008 0.013 0.311 0.315 
 410 E E   0.004 0.323 0.001 0.031 0.008 0.013 0.308 0.313 
 411 Q E   0.004 0.327 0.001 0.028 0.007 0.012 0.305 0.315 
 412 S E   0.004 0.328 0.001 0.026 0.007 0.012 0.304 0.319 
 413 H E   0.004 0.327 0.001 0.023 0.007 0.011 0.304 0.323 
 414 S _   0.005 0.324 0.001 0.022 0.006 0.011 0.304 0.328 
 415 S _   0.005 0.319 0.001 0.021 0.006 0.011 0.305 0.332 
 416 M _   0.005 0.315 0.001 0.021 0.006 0.011 0.306 0.334 
 417 E _   0.006 0.308 0.001 0.022 0.007 0.011 0.308 0.337 
 418 R _   0.006 0.300 0.001 0.024 0.007 0.011 0.311 0.340 
 419 A _   0.007 0.289 0.001 0.024 0.007 0.011 0.315 0.347 
 420 F _   0.007 0.273 0.001 0.024 0.007 0.011 0.320 0.358 
 421 E _   0.007 0.251 0.001 0.024 0.007 0.010 0.326 0.374 
 422 A _   0.007 0.223 0.001 0.022 0.007 0.010 0.333 0.396 
 423 D _   0.007 0.190 0.001 0.020 0.006 0.010 0.342 0.424 
 424 Y _   0.007 0.155 0.001 0.017 0.006 0.009 0.352 0.453 
 425 G _   0.007 0.121 0.001 0.014 0.005 0.009 0.362 0.482 
 426 R _   0.006 0.094 0.001 0.011 0.004 0.008 0.371 0.505 
 427 S _   0.006 0.074 0.000 0.008 0.003 0.007 0.379 0.523 
 428 C _   0.005 0.061 0.000 0.006 0.002 0.006 0.385 0.534 
 429 D _   0.004 0.053 0.000 0.005 0.002 0.006 0.389 0.540 
 430 Y _   0.004 0.049 0.000 0.005 0.002 0.006 0.392 0.542 
 431 K _   0.004 0.048 0.000 0.005 0.002 0.006 0.394 0.541 
 432 V _   0.004 0.048 0.000 0.006 0.002 0.007 0.396 0.538 
 433 G _   0.004 0.049 0.000 0.008 0.002 0.007 0.397 0.532 
 434 S _   0.004 0.052 0.000 0.011 0.003 0.008 0.398 0.523 
 435 P _   0.005 0.056 0.000 0.015 0.004 0.009 0.398 0.512 
 436 S _   0.005 0.060 0.001 0.020 0.005 0.010 0.399 0.500 
 437 Y _   0.005 0.064 0.001 0.025 0.006 0.011 0.401 0.487 
 438 L _   0.005 0.067 0.001 0.029 0.007 0.012 0.403 0.477 
 439 D _   0.006 0.067 0.001 0.032 0.007 0.012 0.407 0.469 
 440 K _   0.006 0.066 0.001 0.032 0.007 0.011 0.412 0.466 
 441 L _   0.006 0.062 0.001 0.029 0.006 0.010 0.418 0.467 
 442 L _   0.006 0.055 0.001 0.025 0.006 0.009 0.426 0.472 
 443 W _   0.005 0.046 0.001 0.020 0.005 0.008 0.435 0.481 
 444 R _   0.005 0.035 0.001 0.015 0.004 0.007 0.443 0.491 
 445 D _   0.005 0.024 0.000 0.010 0.003 0.006 0.452 0.501 
 446 N _   0.004 0.015 0.000 0.006 0.002 0.005 0.458 0.509 
 447 K _   0.004 0.010 0.000 0.004 0.001 0.004 0.463 0.513 
 448 P _   0.003 0.008 0.000 0.003 0.001 0.004 0.467 0.514 
 449 H _   0.003 0.006 0.000 0.002 0.001 0.004 0.470 0.513 
 450 H _   0.003 0.006 0.000 0.002 0.001 0.004 0.471 0.511 
 451 Y _   0.004 0.007 0.000 0.003 0.001 0.005 0.472 0.507 
 452 S _   0.004 0.009 0.000 0.005 0.002 0.006 0.472 0.502 
 453 E _   0.004 0.012 0.000 0.007 0.003 0.007 0.472 0.494 
 454 P _   0.005 0.017 0.000 0.011 0.003 0.009 0.471 0.483 
 455 K _   0.005 0.023 0.000 0.014 0.004 0.010 0.470 0.472 
 456 L X   0.005 0.029 0.001 0.017 0.005 0.010 0.469 0.464 
 457 I X   0.005 0.033 0.001 0.020 0.005 0.010 0.469 0.457 
 458 L X   0.005 0.036 0.001 0.021 0.006 0.010 0.469 0.453 
 459 D X   0.005 0.037 0.001 0.021 0.006 0.010 0.470 0.451 
 460 L X   0.005 0.038 0.001 0.020 0.005 0.010 0.472 0.450 
 461 S X   0.005 0.037 0.001 0.018 0.005 0.009 0.474 0.451 
 462 H X   0.005 0.036 0.001 0.016 0.005 0.009 0.478 0.452 
 463 W X   0.005 0.034 0.000 0.014 0.004 0.009 0.481 0.452 
 464 K X   0.005 0.033 0.000 0.013 0.004 0.008 0.485 0.452 
 465 Q X   0.005 0.031 0.000 0.012 0.003 0.008 0.490 0.452 
 466 A X   0.005 0.029 0.000 0.011 0.003 0.007 0.494 0.451 
 467 A X   0.005 0.027 0.000 0.010 0.003 0.007 0.498 0.449 
 468 G X   0.005 0.026 0.000 0.010 0.003 0.007 0.502 0.446 
 469 A X   0.005 0.025 0.000 0.010 0.003 0.007 0.507 0.443 
 470 P X   0.005 0.024 0.000 0.010 0.003 0.007 0.511 0.440 
 471 P X   0.005 0.023 0.000 0.011 0.003 0.007 0.516 0.436 
 472 T X   0.005 0.021 0.000 0.011 0.003 0.007 0.521 0.433 
 473 A X   0.004 0.020 0.000 0.011 0.003 0.006 0.526 0.429 
 474 T X   0.004 0.018 0.000 0.011 0.003 0.006 0.532 0.426 
 475 G X   0.004 0.016 0.000 0.010 0.003 0.006 0.537 0.423 
 476 L X   0.004 0.014 0.000 0.009 0.002 0.005 0.543 0.422 
 477 A X   0.003 0.012 0.000 0.008 0.002 0.005 0.548 0.420 
 478 D X   0.003 0.010 0.000 0.007 0.002 0.005 0.554 0.420 
 479 T X   0.003 0.008 0.000 0.005 0.002 0.004 0.558 0.420 
 480 G X   0.003 0.007 0.000 0.004 0.001 0.004 0.562 0.420 
 481 A X   0.002 0.006 0.000 0.003 0.001 0.004 0.564 0.420 
 482 R X   0.003 0.005 0.000 0.002 0.001 0.004 0.566 0.418 
 483 E X   0.003 0.005 0.000 0.002 0.001 0.005 0.567 0.416 
 484 D X   0.004 0.006 0.000 0.002 0.001 0.007 0.567 0.411 
 485 E X   0.006 0.009 0.000 0.004 0.003 0.011 0.567 0.401 
 486 P X   0.009 0.017 0.001 0.006 0.005 0.015 0.565 0.381 
 487 A X   0.013 0.037 0.001 0.011 0.010 0.021 0.562 0.345 
 488 S X   0.016 0.075 0.002 0.020 0.017 0.027 0.557 0.287 
 489 L X   0.018 0.126 0.002 0.030 0.022 0.030 0.553 0.220 
 490 F X   0.018 0.172 0.002 0.040 0.025 0.031 0.551 0.163 
 491 L X   0.017 0.202 0.002 0.048 0.026 0.030 0.551 0.126 
 492 E X   0.016 0.218 0.001 0.053 0.025 0.028 0.554 0.104 
 493 I X   0.015 0.225 0.001 0.055 0.024 0.027 0.560 0.093 
 494 A X   0.014 0.226 0.001 0.054 0.023 0.025 0.568 0.089 
 495 Q X   0.014 0.222 0.001 0.051 0.021 0.023 0.580 0.089 
 496 W X   0.013 0.210 0.002 0.046 0.019 0.020 0.596 0.093 
 497 V X   0.013 0.190 0.002 0.040 0.017 0.019 0.618 0.101 
 498 K X   0.012 0.161 0.002 0.034 0.015 0.017 0.647 0.112 
 499 S X   0.011 0.125 0.002 0.028 0.013 0.015 0.683 0.124 
 500 T X   0.010 0.088 0.001 0.022 0.010 0.013 0.721 0.134 
 501 Q X   0.009 0.058 0.001 0.017 0.007 0.011 0.758 0.140 
 502 G X   0.007 0.036 0.001 0.012 0.005 0.009 0.789 0.141 
 503 G X   0.006 0.022 0.000 0.009 0.003 0.007 0.814 0.139 
 504 P X   0.004 0.013 0.000 0.006 0.002 0.005 0.835 0.135 
 505 E X   0.003 0.007 0.000 0.004 0.001 0.004 0.850 0.130 
 506 H X   0.003 0.004 0.000 0.003 0.001 0.003 0.862 0.125 
 507 A X   0.002 0.003 0.000 0.002 0.001 0.002 0.871 0.120 
 508 S X   0.002 0.002 0.000 0.002 0.001 0.002 0.877 0.116 
 509 P X   0.001 0.001 0.000 0.001 0.000 0.001 0.882 0.112 
 510 P X   0.001 0.001 0.000 0.001 0.000 0.001 0.886 0.109 
 511 A X   0.001 0.001 0.000 0.001 0.000 0.001 0.889 0.106 
 512 D X   0.001 0.001 0.000 0.001 0.000 0.001 0.891 0.105 
 513 D X   0.001 0.001 0.000 0.001 0.000 0.001 0.892 0.103 
 514 P X   0.001 0.001 0.000 0.002 0.000 0.001 0.893 0.102 
 515 E X   0.001 0.001 0.000 0.002 0.000 0.001 0.893 0.101 
 516 R X   0.001 0.001 0.000 0.002 0.000 0.001 0.893 0.101 
 517 R X   0.001 0.001 0.000 0.002 0.001 0.001 0.893 0.101 
 518 L X   0.001 0.001 0.000 0.002 0.001 0.001 0.892 0.102 
 519 S X   0.001 0.001 0.000 0.002 0.001 0.001 0.891 0.102 
 520 A X   0.001 0.001 0.000 0.002 0.001 0.001 0.890 0.104 
 521 S X   0.001 0.001 0.000 0.002 0.000 0.001 0.889 0.105 
 522 P X   0.001 0.001 0.000 0.002 0.000 0.001 0.887 0.108 
 523 P X   0.001 0.001 0.000 0.002 0.000 0.001 0.884 0.110 
 524 G X   0.001 0.001 0.000 0.002 0.000 0.001 0.881 0.113 
 525 R X   0.001 0.002 0.000 0.002 0.000 0.001 0.878 0.116 
 526 P X   0.001 0.002 0.000 0.002 0.001 0.002 0.874 0.119 
 527 A X   0.001 0.003 0.000 0.002 0.001 0.002 0.869 0.122 
 528 P X   0.001 0.005 0.000 0.003 0.001 0.002 0.862 0.126 
 529 V X   0.001 0.007 0.000 0.003 0.001 0.003 0.855 0.129 
 530 D X   0.001 0.010 0.000 0.004 0.001 0.004 0.846 0.132 
 531 G X   0.002 0.015 0.000 0.006 0.002 0.005 0.836 0.134 
 532 G X   0.002 0.022 0.000 0.007 0.002 0.006 0.825 0.135 
 533 A X   0.002 0.032 0.000 0.009 0.003 0.008 0.812 0.134 
 534 S X   0.003 0.044 0.001 0.010 0.004 0.009 0.798 0.131 
 535 P X   0.003 0.059 0.001 0.012 0.005 0.011 0.784 0.125 
 536 Q X   0.003 0.077 0.001 0.014 0.007 0.012 0.769 0.117 
 537 F X   0.004 0.097 0.001 0.016 0.009 0.014 0.754 0.106 
 538 D X   0.004 0.119 0.001 0.018 0.010 0.015 0.740 0.093 
 539 L X   0.005 0.140 0.001 0.020 0.011 0.015 0.728 0.080 
 540 D X   0.005 0.159 0.001 0.022 0.012 0.015 0.718 0.068 
 541 V X   0.005 0.172 0.001 0.025 0.012 0.015 0.712 0.059 
 542 F X   0.005 0.181 0.001 0.027 0.012 0.014 0.708 0.052 
 543 I X   0.005 0.186 0.001 0.028 0.012 0.013 0.706 0.049 
 544 S X   0.005 0.188 0.001 0.029 0.011 0.012 0.706 0.047 
 545 R X   0.005 0.186 0.001 0.029 0.010 0.011 0.709 0.048 
 546 A X   0.005 0.181 0.001 0.028 0.010 0.010 0.713 0.052 
 547 L X   0.006 0.170 0.001 0.026 0.009 0.009 0.721 0.059 
 548 K X   0.006 0.151 0.001 0.023 0.008 0.009 0.732 0.070 
 549 L X   0.006 0.123 0.001 0.020 0.007 0.008 0.748 0.087 
 550 C X   0.006 0.090 0.001 0.016 0.006 0.007 0.767 0.108 
 551 T X   0.006 0.057 0.001 0.011 0.004 0.006 0.787 0.128 
 552 K X   0.005 0.033 0.000 0.007 0.003 0.005 0.804 0.143 
 553 P X   0.004 0.019 0.000 0.005 0.002 0.004 0.816 0.151 
 554 E X   0.003 0.011 0.000 0.003 0.001 0.003 0.824 0.155 
 555 D X   0.002 0.007 0.000 0.002 0.001 0.002 0.829 0.157 
 556 L X   0.002 0.006 0.000 0.001 0.000 0.002 0.832 0.157 
 557 P X   0.001 0.005 0.000 0.001 0.000 0.001 0.834 0.157 
 558 D X   0.001 0.005 0.000 0.001 0.000 0.001 0.834 0.157 
 559 N X   0.001 0.005 0.000 0.001 0.000 0.002 0.833 0.158 
 560 K X   0.001 0.006 0.000 0.002 0.001 0.002 0.831 0.158 
 561 L X   0.001 0.007 0.000 0.003 0.001 0.002 0.828 0.158 
 562 G X   0.001 0.010 0.000 0.004 0.001 0.003 0.824 0.157 
 563 D X   0.001 0.014 0.000 0.005 0.001 0.003 0.820 0.156 
 564 L X   0.001 0.018 0.000 0.007 0.002 0.003 0.815 0.154 
 565 N X   0.001 0.022 0.000 0.008 0.002 0.004 0.810 0.153 
 566 G X   0.001 0.027 0.000 0.008 0.002 0.004 0.806 0.153 
 567 A X   0.001 0.030 0.000 0.008 0.002 0.004 0.802 0.153 
 568 C X   0.001 0.033 0.000 0.007 0.002 0.004 0.798 0.154 
 569 I X   0.001 0.035 0.000 0.007 0.002 0.004 0.796 0.156 
 570 P X   0.001 0.038 0.000 0.006 0.001 0.004 0.793 0.156 
 571 E X   0.001 0.040 0.000 0.006 0.001 0.004 0.790 0.157 
 572 H X   0.001 0.043 0.000 0.006 0.002 0.005 0.787 0.155 
 573 P X   0.002 0.048 0.000 0.007 0.002 0.005 0.784 0.152 
 574 G X   0.002 0.054 0.000 0.009 0.002 0.006 0.780 0.147 
 575 D X   0.002 0.062 0.000 0.011 0.003 0.006 0.776 0.139 
 576 L X   0.002 0.070 0.000 0.014 0.004 0.007 0.772 0.130 
 577 V X   0.003 0.078 0.000 0.017 0.004 0.007 0.769 0.121 
 578 Q X   0.003 0.084 0.000 0.020 0.004 0.007 0.767 0.115 
 579 T X   0.002 0.087 0.000 0.021 0.004 0.006 0.766 0.112 
 580 E X   0.002 0.088 0.000 0.021 0.004 0.006 0.767 0.112 
 581 A X   0.002 0.087 0.000 0.020 0.003 0.005 0.768 0.114 
 582 F X   0.001 0.084 0.000 0.018 0.003 0.004 0.771 0.119 
 583 S X   0.001 0.078 0.000 0.014 0.002 0.002 0.776 0.127 
 584 K X   0.000 0.066 0.000 0.009 0.001 0.001 0.781 0.142 
 585 E X   0.000 0.053 0.000 0.005 0.000 0.000 0.782 0.159 
 586 R X   0.000 0.045 0.000 0.005 0.000 0.000 0.779 0.171 
 587 W X   0.002 0.041 0.001 0.011 0.003 0.002 0.763 0.178 
