#TopoPred_TM8: 8-state transmembrane topology prediction results by no_profile mode 
#probabilities are in the order of H E C I L F X _, the 8 transmembrane topology types used in PDBTM 
   1 M X   0.004 0.000 0.002 0.034 0.007 0.005 0.931 0.016 
   2 G X   0.001 0.000 0.000 0.017 0.001 0.002 0.963 0.015 
   3 L X   0.000 0.000 0.000 0.008 0.000 0.001 0.975 0.015 
   4 V X   0.000 0.000 0.000 0.004 0.000 0.001 0.978 0.016 
   5 S X   0.000 0.000 0.000 0.003 0.000 0.001 0.980 0.016 
   6 S X   0.000 0.000 0.000 0.002 0.000 0.001 0.980 0.017 
   7 K X   0.000 0.000 0.000 0.001 0.000 0.001 0.980 0.018 
   8 K X   0.000 0.000 0.000 0.001 0.000 0.001 0.980 0.018 
   9 P X   0.000 0.000 0.000 0.001 0.000 0.001 0.979 0.019 
  10 D X   0.000 0.000 0.000 0.001 0.000 0.001 0.977 0.021 
  11 K X   0.000 0.000 0.000 0.001 0.000 0.001 0.975 0.023 
  12 E X   0.000 0.000 0.000 0.001 0.000 0.001 0.972 0.025 
  13 K X   0.000 0.000 0.000 0.001 0.000 0.001 0.969 0.028 
  14 P X   0.000 0.000 0.000 0.001 0.000 0.001 0.965 0.032 
  15 I X   0.000 0.000 0.000 0.002 0.000 0.001 0.959 0.037 
  16 K X   0.001 0.001 0.000 0.002 0.000 0.001 0.953 0.042 
  17 E X   0.001 0.001 0.000 0.002 0.001 0.002 0.946 0.048 
  18 K X   0.001 0.001 0.000 0.003 0.001 0.002 0.938 0.054 
  19 D X   0.001 0.002 0.000 0.004 0.001 0.002 0.930 0.061 
  20 K X   0.001 0.003 0.000 0.005 0.001 0.003 0.921 0.067 
  21 G X   0.001 0.003 0.000 0.007 0.001 0.003 0.911 0.073 
  22 Q X   0.001 0.004 0.000 0.008 0.002 0.003 0.902 0.079 
  23 W X   0.001 0.005 0.000 0.010 0.002 0.004 0.893 0.085 
  24 S X   0.001 0.006 0.000 0.011 0.002 0.004 0.885 0.090 
  25 P X   0.001 0.006 0.000 0.012 0.002 0.004 0.879 0.096 
  26 L X   0.001 0.006 0.000 0.011 0.002 0.004 0.873 0.102 
  27 K X   0.001 0.006 0.000 0.010 0.002 0.003 0.869 0.108 
  28 V X   0.001 0.006 0.000 0.008 0.001 0.003 0.865 0.116 
  29 S X   0.001 0.005 0.000 0.006 0.001 0.003 0.861 0.123 
  30 A X   0.001 0.004 0.000 0.004 0.001 0.002 0.856 0.131 
  31 Q X   0.001 0.003 0.000 0.003 0.001 0.002 0.852 0.139 
  32 D X   0.001 0.003 0.000 0.002 0.001 0.002 0.846 0.146 
  33 K X   0.001 0.002 0.000 0.001 0.000 0.002 0.840 0.153 
  34 D X   0.001 0.003 0.000 0.001 0.001 0.002 0.832 0.160 
  35 A X   0.001 0.003 0.000 0.002 0.001 0.003 0.823 0.167 
  36 P X   0.002 0.005 0.000 0.004 0.001 0.005 0.810 0.173 
  37 P X   0.003 0.010 0.000 0.007 0.002 0.007 0.794 0.177 
  38 L X   0.003 0.019 0.001 0.013 0.004 0.009 0.774 0.178 
  39 P X   0.004 0.033 0.001 0.021 0.006 0.011 0.749 0.175 
  40 P X   0.004 0.049 0.001 0.031 0.008 0.012 0.725 0.170 
  41 L X   0.004 0.061 0.001 0.039 0.009 0.013 0.706 0.167 
  42 V X   0.004 0.069 0.001 0.045 0.009 0.013 0.691 0.168 
  43 V X   0.004 0.072 0.001 0.047 0.009 0.013 0.681 0.174 
  44 F X   0.004 0.073 0.001 0.045 0.008 0.012 0.673 0.183 
  45 N X   0.004 0.071 0.001 0.041 0.007 0.011 0.668 0.197 
  46 H X   0.004 0.065 0.001 0.034 0.006 0.009 0.665 0.216 
  47 L X   0.004 0.055 0.001 0.026 0.005 0.008 0.663 0.239 
  48 T X   0.004 0.042 0.000 0.018 0.004 0.007 0.661 0.264 
  49 P X   0.004 0.029 0.000 0.011 0.002 0.005 0.660 0.288 
  50 P X   0.003 0.019 0.000 0.007 0.002 0.004 0.658 0.307 
  51 P X   0.003 0.013 0.000 0.004 0.001 0.004 0.654 0.321 
  52 P X   0.002 0.010 0.000 0.003 0.001 0.003 0.649 0.332 
  53 D X   0.002 0.008 0.000 0.002 0.001 0.003 0.642 0.342 
  54 E X   0.002 0.008 0.000 0.002 0.001 0.003 0.633 0.351 
  55 H X   0.002 0.009 0.000 0.002 0.001 0.005 0.621 0.359 
  56 L X   0.003 0.012 0.000 0.004 0.002 0.007 0.604 0.367 
  57 D X   0.005 0.019 0.000 0.008 0.004 0.011 0.582 0.372 
  58 E X   0.006 0.039 0.001 0.016 0.007 0.016 0.548 0.366 
  59 D X   0.008 0.080 0.002 0.027 0.013 0.021 0.503 0.345 
  60 K X   0.009 0.147 0.002 0.043 0.018 0.025 0.449 0.307 
  61 H X   0.009 0.223 0.003 0.059 0.022 0.027 0.394 0.263 
  62 F X   0.008 0.286 0.002 0.072 0.023 0.027 0.352 0.229 
  63 V E   0.008 0.326 0.002 0.082 0.022 0.026 0.324 0.210 
  64 V E   0.008 0.348 0.002 0.087 0.021 0.025 0.306 0.205 
  65 A E   0.008 0.356 0.001 0.087 0.020 0.023 0.293 0.211 
  66 L E   0.008 0.356 0.001 0.083 0.018 0.022 0.285 0.227 
  67 Y E   0.008 0.346 0.001 0.075 0.016 0.020 0.279 0.254 
  68 D E   0.009 0.323 0.002 0.063 0.014 0.018 0.275 0.296 
  69 Y _   0.009 0.282 0.002 0.049 0.012 0.016 0.273 0.357 
  70 T _   0.009 0.224 0.001 0.036 0.010 0.014 0.272 0.434 
  71 A _   0.009 0.162 0.001 0.024 0.007 0.012 0.271 0.512 
  72 M _   0.009 0.112 0.001 0.015 0.005 0.011 0.270 0.577 
  73 N _   0.008 0.081 0.000 0.010 0.003 0.009 0.268 0.620 
  74 D _   0.006 0.064 0.000 0.006 0.002 0.008 0.266 0.646 
  75 R _   0.006 0.057 0.000 0.005 0.002 0.008 0.262 0.661 
  76 D _   0.005 0.053 0.000 0.005 0.002 0.007 0.257 0.670 
  77 L _   0.005 0.053 0.000 0.006 0.002 0.008 0.251 0.675 
  78 Q _   0.005 0.054 0.000 0.007 0.003 0.009 0.244 0.678 
  79 M _   0.006 0.057 0.000 0.010 0.003 0.010 0.236 0.678 
  80 L _   0.006 0.062 0.001 0.013 0.004 0.011 0.227 0.677 
  81 K _   0.006 0.068 0.001 0.016 0.005 0.012 0.217 0.676 
  82 G _   0.006 0.073 0.001 0.018 0.006 0.013 0.208 0.675 
  83 E _   0.006 0.078 0.001 0.020 0.006 0.014 0.200 0.675 
  84 K _   0.007 0.081 0.001 0.020 0.007 0.015 0.192 0.677 
  85 L _   0.007 0.084 0.001 0.020 0.007 0.016 0.185 0.681 
  86 Q _   0.007 0.085 0.001 0.019 0.007 0.017 0.179 0.686 
  87 V _   0.008 0.085 0.001 0.017 0.007 0.017 0.173 0.692 
  88 L _   0.009 0.086 0.001 0.015 0.007 0.019 0.168 0.697 
  89 K _   0.010 0.086 0.001 0.014 0.007 0.020 0.162 0.699 
  90 G _   0.013 0.087 0.001 0.013 0.008 0.022 0.157 0.699 
  91 T _   0.015 0.089 0.001 0.014 0.009 0.025 0.152 0.695 
  92 G _   0.018 0.093 0.001 0.015 0.011 0.028 0.147 0.687 
  93 D _   0.022 0.097 0.001 0.017 0.014 0.031 0.142 0.676 
  94 W _   0.025 0.103 0.001 0.021 0.016 0.033 0.138 0.663 
  95 W _   0.028 0.110 0.001 0.025 0.019 0.035 0.133 0.649 
  96 L _   0.030 0.115 0.001 0.030 0.021 0.036 0.129 0.638 
  97 A _   0.031 0.119 0.002 0.033 0.022 0.035 0.126 0.631 
  98 R _   0.032 0.120 0.002 0.036 0.022 0.034 0.123 0.631 
  99 S _   0.031 0.118 0.002 0.036 0.022 0.033 0.121 0.638 
 100 L _   0.030 0.112 0.002 0.035 0.020 0.031 0.120 0.651 
 101 V _   0.029 0.103 0.001 0.031 0.017 0.028 0.119 0.671 
 102 T _   0.027 0.090 0.001 0.026 0.015 0.025 0.118 0.698 
 103 G _   0.025 0.073 0.001 0.021 0.012 0.023 0.118 0.728 
 104 R _   0.022 0.056 0.001 0.015 0.009 0.021 0.118 0.758 
 105 E _   0.019 0.041 0.001 0.011 0.007 0.019 0.117 0.784 
 106 G _   0.017 0.031 0.001 0.008 0.005 0.017 0.117 0.804 
 107 Y _   0.016 0.025 0.000 0.005 0.004 0.017 0.116 0.816 
 108 V _   0.015 0.023 0.000 0.005 0.004 0.017 0.115 0.822 
 109 P _   0.016 0.022 0.000 0.004 0.004 0.018 0.113 0.821 
 110 S _   0.018 0.024 0.001 0.005 0.005 0.021 0.111 0.815 
 111 N _   0.021 0.030 0.001 0.008 0.007 0.024 0.108 0.801 
 112 F _   0.024 0.042 0.001 0.011 0.010 0.028 0.106 0.778 
 113 V _   0.028 0.061 0.001 0.016 0.014 0.032 0.102 0.746 
 114 A _   0.030 0.085 0.002 0.022 0.018 0.035 0.099 0.710 
 115 R _   0.032 0.111 0.002 0.027 0.021 0.037 0.095 0.675 
 116 V _   0.033 0.135 0.002 0.033 0.024 0.039 0.092 0.642 
 117 E _   0.034 0.155 0.002 0.037 0.026 0.039 0.090 0.617 
 118 S _   0.035 0.169 0.002 0.041 0.026 0.038 0.088 0.601 
 119 L _   0.035 0.178 0.002 0.045 0.026 0.037 0.087 0.591 
 120 E _   0.034 0.182 0.002 0.046 0.025 0.035 0.086 0.589 
 121 M _   0.033 0.181 0.002 0.047 0.023 0.033 0.086 0.596 
 122 E _   0.030 0.176 0.002 0.045 0.020 0.030 0.087 0.610 
 123 R _   0.027 0.165 0.001 0.041 0.017 0.026 0.089 0.634 
 124 W _   0.024 0.146 0.001 0.035 0.014 0.022 0.091 0.667 
 125 F _   0.021 0.121 0.001 0.028 0.010 0.019 0.093 0.707 
 126 F _   0.018 0.093 0.001 0.020 0.008 0.015 0.095 0.749 
 127 R _   0.015 0.067 0.001 0.014 0.005 0.013 0.097 0.789 
 128 S _   0.012 0.046 0.001 0.009 0.004 0.010 0.098 0.820 
 129 Q _   0.010 0.034 0.000 0.006 0.003 0.009 0.099 0.840 
 130 G _   0.008 0.027 0.000 0.005 0.002 0.007 0.099 0.852 
 131 R _   0.007 0.024 0.000 0.004 0.002 0.007 0.098 0.858 
 132 K _   0.006 0.023 0.000 0.004 0.002 0.007 0.097 0.860 
 133 E _   0.006 0.024 0.000 0.005 0.002 0.007 0.096 0.859 
 134 A _   0.006 0.026 0.000 0.007 0.003 0.008 0.094 0.855 
 135 E _   0.006 0.031 0.000 0.009 0.003 0.009 0.092 0.849 
 136 R _   0.007 0.037 0.001 0.012 0.004 0.010 0.089 0.840 
 137 Q _   0.007 0.044 0.001 0.015 0.005 0.011 0.086 0.831 
 138 L _   0.007 0.051 0.001 0.017 0.005 0.012 0.084 0.823 
 139 L _   0.007 0.058 0.001 0.018 0.006 0.013 0.081 0.816 
 140 A _   0.007 0.063 0.001 0.019 0.006 0.014 0.079 0.810 
 141 P _   0.008 0.068 0.001 0.020 0.007 0.014 0.077 0.805 
 142 I _   0.009 0.072 0.001 0.021 0.007 0.015 0.075 0.800 
 143 N _   0.009 0.076 0.001 0.022 0.008 0.016 0.073 0.795 
 144 K _   0.010 0.079 0.001 0.024 0.009 0.016 0.072 0.789 
 145 A _   0.011 0.081 0.001 0.026 0.009 0.017 0.071 0.784 
 146 G _   0.011 0.082 0.001 0.028 0.010 0.017 0.070 0.781 
 147 S _   0.012 0.082 0.001 0.029 0.010 0.017 0.069 0.781 
 148 F _   0.012 0.080 0.001 0.028 0.009 0.016 0.069 0.784 
 149 L _   0.012 0.076 0.001 0.026 0.009 0.015 0.069 0.793 
 150 I _   0.012 0.069 0.001 0.023 0.008 0.014 0.069 0.805 
 151 R _   0.011 0.061 0.001 0.019 0.006 0.013 0.069 0.820 
 152 E _   0.010 0.052 0.001 0.015 0.005 0.012 0.070 0.836 
 153 S _   0.009 0.044 0.001 0.011 0.004 0.010 0.070 0.851 
 154 E _   0.008 0.037 0.000 0.009 0.003 0.010 0.070 0.863 
 155 T _   0.008 0.033 0.000 0.007 0.003 0.009 0.069 0.871 
 156 N _   0.007 0.031 0.000 0.007 0.003 0.009 0.069 0.874 
 157 K _   0.007 0.030 0.000 0.007 0.003 0.009 0.068 0.875 
 158 G _   0.007 0.030 0.000 0.008 0.003 0.010 0.067 0.874 
 159 A _   0.008 0.032 0.000 0.009 0.004 0.010 0.066 0.871 
 160 F _   0.008 0.034 0.001 0.011 0.004 0.011 0.065 0.866 
 161 S _   0.008 0.037 0.001 0.013 0.005 0.011 0.064 0.862 
 162 L _   0.008 0.039 0.001 0.014 0.005 0.012 0.062 0.859 
 163 S _   0.008 0.042 0.001 0.015 0.005 0.012 0.061 0.856 
 164 V _   0.008 0.043 0.001 0.015 0.006 0.013 0.060 0.854 
 165 K _   0.008 0.045 0.001 0.015 0.006 0.013 0.059 0.853 
 166 D _   0.009 0.047 0.001 0.015 0.006 0.014 0.058 0.851 
 167 V _   0.009 0.048 0.001 0.016 0.006 0.014 0.057 0.849 
 168 T _   0.010 0.049 0.001 0.016 0.007 0.015 0.056 0.846 
 169 T _   0.010 0.051 0.001 0.017 0.007 0.015 0.056 0.843 
 170 Q _   0.010 0.052 0.001 0.018 0.008 0.016 0.055 0.840 
 171 G _   0.011 0.053 0.001 0.019 0.008 0.016 0.055 0.838 
 172 E _   0.011 0.053 0.001 0.020 0.008 0.016 0.054 0.837 
 173 L _   0.011 0.052 0.001 0.020 0.008 0.016 0.054 0.838 
 174 I _   0.011 0.051 0.001 0.019 0.008 0.016 0.054 0.841 
 175 K _   0.011 0.049 0.001 0.018 0.007 0.016 0.054 0.844 
 176 H _   0.011 0.047 0.001 0.017 0.007 0.015 0.054 0.848 
 177 Y _   0.011 0.045 0.001 0.016 0.007 0.015 0.054 0.852 
 178 K _   0.010 0.043 0.001 0.015 0.006 0.015 0.054 0.856 
 179 I _   0.010 0.040 0.001 0.014 0.006 0.015 0.054 0.859 
 180 R _   0.010 0.038 0.001 0.013 0.006 0.015 0.055 0.862 
 181 C _   0.011 0.037 0.001 0.013 0.006 0.015 0.055 0.863 
 182 L _   0.011 0.035 0.001 0.013 0.006 0.016 0.055 0.864 
 183 D _   0.011 0.033 0.001 0.013 0.006 0.016 0.055 0.864 
 184 E _   0.012 0.032 0.001 0.012 0.007 0.017 0.056 0.864 
 185 G _   0.013 0.031 0.001 0.012 0.007 0.018 0.056 0.864 
 186 G _   0.014 0.029 0.001 0.011 0.007 0.019 0.056 0.863 
 187 Y _   0.015 0.029 0.001 0.010 0.007 0.021 0.056 0.862 
 188 Y _   0.017 0.028 0.001 0.010 0.007 0.023 0.057 0.859 
 189 I _   0.019 0.029 0.001 0.009 0.007 0.025 0.057 0.853 
 190 S _   0.022 0.030 0.001 0.009 0.008 0.028 0.057 0.845 
 191 P _   0.026 0.033 0.001 0.009 0.010 0.032 0.057 0.833 
 192 R _   0.030 0.038 0.001 0.011 0.013 0.036 0.057 0.814 
 193 I _   0.035 0.047 0.001 0.013 0.017 0.041 0.056 0.789 
 194 T _   0.040 0.061 0.002 0.018 0.023 0.045 0.056 0.756 
 195 F _   0.043 0.081 0.002 0.026 0.028 0.048 0.056 0.717 
 196 P _   0.045 0.103 0.002 0.036 0.032 0.049 0.056 0.677 
 197 S _   0.046 0.122 0.002 0.046 0.035 0.048 0.056 0.645 
 198 L _   0.045 0.135 0.002 0.054 0.035 0.046 0.057 0.627 
 199 Q _   0.042 0.142 0.002 0.059 0.033 0.043 0.059 0.621 
 200 A _   0.039 0.142 0.002 0.059 0.029 0.039 0.061 0.628 
 201 L _   0.035 0.137 0.002 0.054 0.025 0.034 0.063 0.650 
 202 V _   0.031 0.125 0.002 0.045 0.020 0.029 0.066 0.682 
 203 Q _   0.026 0.105 0.001 0.034 0.015 0.024 0.070 0.724 
 204 H _   0.022 0.080 0.001 0.024 0.010 0.020 0.073 0.770 
 205 Y _   0.018 0.056 0.001 0.015 0.007 0.016 0.077 0.811 
 206 S _   0.014 0.038 0.001 0.009 0.005 0.013 0.079 0.841 
 207 K _   0.012 0.028 0.000 0.006 0.003 0.012 0.081 0.858 
 208 K _   0.010 0.023 0.000 0.005 0.002 0.011 0.082 0.867 
 209 G _   0.009 0.021 0.000 0.004 0.002 0.010 0.083 0.869 
 210 D _   0.010 0.022 0.000 0.005 0.003 0.011 0.084 0.865 
 211 G _   0.010 0.024 0.000 0.008 0.004 0.012 0.084 0.857 
 212 L _   0.011 0.029 0.001 0.012 0.005 0.013 0.084 0.845 
 213 C _   0.012 0.035 0.001 0.017 0.006 0.015 0.084 0.830 
 214 Q _   0.012 0.042 0.001 0.023 0.008 0.016 0.084 0.814 
 215 R _   0.013 0.047 0.001 0.028 0.009 0.016 0.084 0.802 
 216 L _   0.012 0.050 0.001 0.032 0.009 0.016 0.085 0.794 
 217 T _   0.012 0.051 0.001 0.033 0.009 0.016 0.086 0.792 
 218 L _   0.012 0.051 0.001 0.032 0.009 0.015 0.087 0.794 
 219 P _   0.011 0.048 0.001 0.029 0.008 0.014 0.090 0.800 
 220 C _   0.011 0.043 0.001 0.024 0.006 0.012 0.092 0.811 
 221 V _   0.010 0.036 0.001 0.019 0.005 0.011 0.095 0.824 
 222 R _   0.009 0.029 0.001 0.015 0.004 0.009 0.097 0.837 
 223 P _   0.008 0.023 0.000 0.010 0.003 0.008 0.099 0.849 
 224 A _   0.007 0.018 0.000 0.007 0.002 0.007 0.100 0.858 
 225 P _   0.006 0.015 0.000 0.005 0.002 0.006 0.101 0.865 
 226 Q _   0.006 0.013 0.000 0.004 0.001 0.005 0.101 0.869 
 227 N _   0.005 0.012 0.000 0.004 0.001 0.005 0.101 0.871 
 228 P _   0.005 0.013 0.000 0.004 0.001 0.006 0.100 0.871 
 229 W _   0.005 0.015 0.000 0.004 0.002 0.007 0.098 0.869 
 230 A _   0.006 0.019 0.000 0.006 0.002 0.008 0.096 0.863 
 231 Q _   0.006 0.028 0.000 0.008 0.003 0.010 0.093 0.853 
 232 D _   0.007 0.042 0.001 0.010 0.004 0.012 0.088 0.837 
 233 E _   0.007 0.062 0.001 0.014 0.005 0.014 0.083 0.813 
 234 W _   0.008 0.090 0.001 0.018 0.007 0.015 0.078 0.784 
 235 E _   0.008 0.121 0.001 0.021 0.008 0.017 0.072 0.751 
 236 I _   0.009 0.153 0.001 0.025 0.009 0.018 0.066 0.718 
 237 P _   0.009 0.183 0.001 0.028 0.011 0.020 0.061 0.688 
 238 R _   0.009 0.209 0.001 0.030 0.011 0.020 0.057 0.663 
 239 Q _   0.009 0.228 0.001 0.031 0.012 0.021 0.053 0.644 
 240 S _   0.010 0.243 0.001 0.032 0.012 0.021 0.050 0.631 
 241 L _   0.010 0.253 0.001 0.032 0.013 0.022 0.047 0.622 
 242 R _   0.011 0.258 0.001 0.031 0.012 0.022 0.045 0.619 
 243 L _   0.011 0.260 0.001 0.029 0.012 0.022 0.043 0.622 
 244 V _   0.012 0.258 0.001 0.025 0.011 0.021 0.042 0.629 
 245 R _   0.012 0.255 0.001 0.022 0.010 0.021 0.041 0.638 
 246 K _   0.013 0.249 0.001 0.018 0.009 0.021 0.040 0.649 
 247 L _   0.013 0.244 0.001 0.016 0.009 0.021 0.038 0.657 
 248 G _   0.014 0.239 0.001 0.015 0.009 0.022 0.037 0.663 
 249 S _   0.015 0.237 0.001 0.015 0.010 0.022 0.036 0.664 
 250 G _   0.017 0.237 0.001 0.016 0.011 0.023 0.035 0.660 
 251 Q _   0.018 0.238 0.001 0.020 0.012 0.024 0.034 0.653 
 252 F _   0.019 0.240 0.001 0.024 0.013 0.024 0.033 0.645 
 253 G _   0.020 0.241 0.001 0.029 0.014 0.024 0.033 0.639 
 254 E _   0.020 0.238 0.001 0.032 0.015 0.023 0.032 0.638 
 255 V _   0.019 0.231 0.001 0.033 0.015 0.022 0.032 0.646 
 256 W _   0.018 0.218 0.001 0.032 0.014 0.021 0.032 0.664 
 257 M _   0.017 0.197 0.001 0.029 0.012 0.019 0.032 0.691 
 258 G _   0.016 0.169 0.001 0.024 0.011 0.018 0.033 0.728 
 259 Y _   0.015 0.136 0.001 0.019 0.009 0.016 0.033 0.771 
 260 Y _   0.014 0.105 0.001 0.014 0.007 0.015 0.034 0.811 
 261 K _   0.012 0.082 0.001 0.011 0.006 0.014 0.034 0.841 
 262 N _   0.011 0.068 0.001 0.008 0.005 0.013 0.034 0.860 
 263 N _   0.010 0.061 0.000 0.008 0.004 0.013 0.034 0.869 
 264 M _   0.010 0.058 0.000 0.009 0.004 0.014 0.034 0.871 
 265 K _   0.011 0.057 0.001 0.011 0.005 0.014 0.033 0.869 
 266 V _   0.011 0.057 0.001 0.014 0.006 0.015 0.033 0.864 
 267 A _   0.012 0.058 0.001 0.017 0.007 0.016 0.032 0.858 
 268 I _   0.012 0.058 0.001 0.020 0.008 0.016 0.032 0.853 
 269 K _   0.012 0.057 0.001 0.022 0.008 0.016 0.031 0.853 
 270 T _   0.011 0.054 0.001 0.022 0.008 0.016 0.031 0.857 
 271 L _   0.011 0.050 0.001 0.020 0.008 0.015 0.031 0.865 
 272 K _   0.011 0.043 0.001 0.017 0.007 0.015 0.031 0.876 
 273 E _   0.010 0.037 0.001 0.013 0.006 0.014 0.031 0.888 
 274 G _   0.010 0.030 0.001 0.010 0.005 0.014 0.031 0.899 
 275 T _   0.011 0.025 0.001 0.008 0.005 0.014 0.031 0.905 
 276 M _   0.011 0.022 0.001 0.008 0.005 0.015 0.031 0.908 
 277 S _   0.013 0.021 0.001 0.007 0.005 0.017 0.030 0.906 
 278 P _   0.015 0.020 0.001 0.008 0.006 0.018 0.030 0.901 
 279 E _   0.017 0.021 0.001 0.010 0.007 0.020 0.030 0.893 
 280 A _   0.020 0.022 0.001 0.013 0.009 0.023 0.029 0.883 
 281 F _   0.022 0.023 0.001 0.016 0.011 0.025 0.029 0.873 
 282 L _   0.024 0.024 0.001 0.020 0.013 0.027 0.029 0.863 
 283 G _   0.026 0.025 0.001 0.022 0.014 0.028 0.028 0.856 
 284 E _   0.028 0.024 0.001 0.023 0.014 0.028 0.028 0.853 
 285 A _   0.029 0.022 0.001 0.022 0.014 0.029 0.028 0.855 
 286 N _   0.030 0.020 0.001 0.020 0.013 0.028 0.028 0.860 
 287 V _   0.031 0.016 0.001 0.017 0.012 0.028 0.028 0.867 
 288 M _   0.033 0.012 0.001 0.013 0.011 0.027 0.028 0.875 
 289 K _   0.035 0.008 0.001 0.010 0.009 0.026 0.028 0.882 
 290 A _   0.036 0.005 0.001 0.008 0.008 0.026 0.028 0.888 
 291 L _   0.038 0.003 0.001 0.006 0.008 0.026 0.028 0.890 
 292 Q _   0.041 0.002 0.001 0.005 0.007 0.026 0.028 0.890 
 293 H _   0.045 0.001 0.001 0.005 0.008 0.027 0.028 0.886 
 294 E _   0.049 0.001 0.001 0.005 0.009 0.029 0.028 0.879 
 295 R _   0.056 0.001 0.001 0.006 0.010 0.030 0.027 0.869 
 296 L _   0.062 0.001 0.001 0.007 0.011 0.032 0.027 0.858 
 297 V _   0.068 0.001 0.001 0.009 0.013 0.034 0.027 0.847 
 298 R _   0.073 0.001 0.001 0.010 0.014 0.035 0.027 0.838 
 299 L _   0.077 0.002 0.001 0.011 0.015 0.036 0.027 0.832 
 300 Y _   0.081 0.002 0.001 0.011 0.015 0.036 0.027 0.828 
 301 A _   0.084 0.001 0.001 0.010 0.015 0.036 0.027 0.826 
 302 V _   0.086 0.001 0.001 0.009 0.014 0.036 0.027 0.826 
 303 V _   0.089 0.001 0.001 0.008 0.013 0.036 0.027 0.826 
 304 T _   0.092 0.001 0.001 0.006 0.011 0.036 0.027 0.827 
 305 K _   0.095 0.000 0.001 0.005 0.011 0.036 0.027 0.825 
 306 E _   0.100 0.000 0.001 0.004 0.010 0.038 0.027 0.820 
 307 P _   0.107 0.000 0.001 0.004 0.011 0.040 0.027 0.810 
 308 I _   0.114 0.001 0.001 0.004 0.013 0.043 0.027 0.798 
 309 Y _   0.123 0.001 0.001 0.005 0.016 0.046 0.027 0.781 
 310 I _   0.133 0.002 0.001 0.006 0.020 0.050 0.027 0.761 
 311 V _   0.143 0.005 0.002 0.008 0.026 0.054 0.027 0.736 
 312 T _   0.150 0.010 0.002 0.012 0.032 0.057 0.027 0.711 
 313 E _   0.153 0.016 0.002 0.016 0.037 0.059 0.027 0.690 
 314 Y _   0.152 0.022 0.002 0.020 0.041 0.060 0.028 0.675 
 315 M _   0.147 0.028 0.002 0.025 0.043 0.059 0.029 0.668 
 316 A _   0.138 0.034 0.002 0.029 0.043 0.056 0.030 0.667 
 317 R _   0.127 0.037 0.002 0.033 0.041 0.053 0.031 0.677 
 318 G _   0.113 0.039 0.002 0.034 0.036 0.048 0.032 0.695 
 319 C _   0.098 0.038 0.002 0.034 0.031 0.043 0.034 0.719 
 320 L _   0.082 0.036 0.002 0.032 0.025 0.038 0.036 0.749 
 321 L _   0.067 0.032 0.002 0.028 0.019 0.032 0.039 0.781 
 322 D _   0.052 0.027 0.001 0.023 0.014 0.027 0.041 0.815 
 323 F _   0.040 0.020 0.001 0.018 0.010 0.022 0.043 0.847 
 324 L _   0.030 0.014 0.001 0.013 0.007 0.017 0.044 0.874 
 325 K _   0.022 0.008 0.001 0.009 0.005 0.014 0.046 0.896 
 326 T _   0.016 0.005 0.000 0.006 0.003 0.011 0.046 0.912 
 327 D _   0.012 0.002 0.000 0.004 0.002 0.009 0.047 0.922 
 328 E _   0.010 0.001 0.000 0.003 0.002 0.008 0.047 0.928 
 329 G _   0.009 0.001 0.000 0.003 0.002 0.008 0.047 0.931 
 330 S _   0.009 0.000 0.000 0.003 0.002 0.009 0.046 0.931 
 331 R _   0.010 0.000 0.000 0.003 0.002 0.010 0.045 0.928 
 332 L _   0.012 0.001 0.000 0.004 0.003 0.013 0.045 0.923 
 333 S _   0.015 0.001 0.000 0.005 0.004 0.016 0.043 0.916 
 334 L _   0.018 0.001 0.001 0.007 0.006 0.019 0.042 0.906 
 335 P _   0.022 0.002 0.001 0.009 0.007 0.023 0.041 0.895 
 336 R _   0.028 0.003 0.001 0.011 0.009 0.027 0.039 0.882 
 337 L _   0.035 0.003 0.001 0.012 0.012 0.031 0.037 0.869 
 338 I _   0.042 0.004 0.001 0.013 0.014 0.035 0.036 0.856 
 339 D _   0.051 0.004 0.001 0.013 0.016 0.039 0.034 0.842 
 340 M _   0.061 0.004 0.001 0.012 0.018 0.042 0.033 0.829 
 341 S _   0.071 0.005 0.001 0.012 0.020 0.045 0.031 0.815 
 342 A _   0.082 0.005 0.001 0.012 0.022 0.047 0.030 0.801 
 343 Q _   0.092 0.006 0.001 0.012 0.024 0.049 0.029 0.787 
 344 I _   0.101 0.007 0.001 0.013 0.026 0.050 0.028 0.774 
 345 A _   0.107 0.008 0.002 0.015 0.027 0.051 0.028 0.763 
 346 E _   0.111 0.009 0.002 0.017 0.028 0.050 0.027 0.756 
 347 G _   0.112 0.010 0.002 0.019 0.028 0.049 0.027 0.754 
 348 M _   0.110 0.011 0.002 0.021 0.027 0.046 0.027 0.757 
 349 A _   0.104 0.011 0.002 0.021 0.025 0.043 0.026 0.767 
 350 Y _   0.096 0.010 0.002 0.021 0.022 0.039 0.026 0.784 
 351 I _   0.085 0.008 0.001 0.018 0.018 0.035 0.027 0.807 
 352 E _   0.075 0.006 0.001 0.015 0.014 0.030 0.027 0.831 
 353 R _   0.065 0.004 0.001 0.011 0.010 0.026 0.027 0.855 
 354 M _   0.058 0.003 0.001 0.008 0.007 0.022 0.026 0.875 
 355 N _   0.053 0.001 0.001 0.005 0.005 0.019 0.026 0.890 
 356 S _   0.051 0.001 0.000 0.004 0.004 0.017 0.025 0.898 
 357 I _   0.054 0.000 0.000 0.003 0.004 0.016 0.024 0.898 
 358 H _   0.062 0.000 0.000 0.002 0.004 0.016 0.023 0.892 
 359 R _   0.077 0.000 0.000 0.002 0.004 0.017 0.022 0.876 
 360 D _   0.102 0.000 0.001 0.002 0.005 0.020 0.021 0.850 
 361 L _   0.136 0.000 0.001 0.003 0.007 0.023 0.019 0.811 
 362 R _   0.180 0.000 0.001 0.003 0.010 0.026 0.018 0.762 
 363 A _   0.232 0.000 0.001 0.003 0.013 0.030 0.016 0.704 
 364 A _   0.288 0.000 0.001 0.003 0.017 0.034 0.014 0.642 
 365 N _   0.345 0.000 0.001 0.004 0.021 0.037 0.013 0.580 
 366 I _   0.399 0.000 0.002 0.004 0.024 0.039 0.012 0.521 
 367 L _   0.446 0.000 0.002 0.004 0.027 0.040 0.011 0.471 
 368 V H   0.485 0.000 0.002 0.004 0.030 0.040 0.010 0.430 
 369 S H   0.514 0.000 0.002 0.003 0.031 0.040 0.010 0.401 
 370 E H   0.532 0.000 0.002 0.003 0.032 0.039 0.009 0.382 
 371 A H   0.542 0.000 0.002 0.003 0.032 0.038 0.010 0.374 
 372 L H   0.541 0.000 0.002 0.003 0.032 0.037 0.010 0.376 
 373 C H   0.533 0.000 0.002 0.003 0.031 0.036 0.010 0.385 
 374 C H   0.516 0.000 0.002 0.004 0.030 0.035 0.011 0.402 
 375 K H   0.494 0.000 0.002 0.004 0.028 0.034 0.012 0.426 
 376 I H   0.464 0.000 0.002 0.005 0.027 0.034 0.013 0.455 
 377 A _   0.427 0.001 0.002 0.006 0.027 0.033 0.014 0.490 
 378 D _   0.385 0.001 0.002 0.008 0.026 0.033 0.016 0.530 
 379 F _   0.338 0.001 0.002 0.011 0.024 0.031 0.018 0.575 
 380 G _   0.287 0.002 0.002 0.013 0.022 0.030 0.020 0.624 
 381 L _   0.236 0.002 0.002 0.015 0.019 0.027 0.022 0.677 
 382 A _   0.185 0.002 0.002 0.015 0.016 0.025 0.025 0.731 
 383 R _   0.139 0.002 0.001 0.014 0.012 0.021 0.027 0.783 
 384 I _   0.100 0.002 0.001 0.012 0.009 0.018 0.029 0.830 
 385 I _   0.070 0.001 0.001 0.009 0.006 0.015 0.030 0.867 
 386 D _   0.048 0.001 0.001 0.007 0.005 0.012 0.031 0.895 
 387 S _   0.033 0.001 0.000 0.006 0.003 0.011 0.032 0.914 
 388 E _   0.023 0.001 0.000 0.005 0.003 0.009 0.032 0.927 
 389 Y _   0.016 0.000 0.000 0.004 0.002 0.008 0.033 0.935 
 390 T _   0.012 0.000 0.000 0.004 0.002 0.008 0.033 0.940 
 391 A _   0.010 0.001 0.000 0.005 0.002 0.008 0.032 0.942 
 392 Q _   0.009 0.001 0.000 0.005 0.003 0.008 0.032 0.943 
 393 E _   0.008 0.001 0.000 0.006 0.003 0.009 0.031 0.942 
 394 G _   0.008 0.001 0.000 0.007 0.003 0.009 0.031 0.940 
 395 A _   0.008 0.001 0.000 0.008 0.004 0.010 0.030 0.938 
 396 K _   0.009 0.002 0.000 0.009 0.004 0.012 0.029 0.936 
 397 F _   0.010 0.002 0.001 0.010 0.005 0.013 0.027 0.933 
 398 P _   0.012 0.002 0.001 0.010 0.005 0.014 0.026 0.930 
 399 I _   0.014 0.002 0.001 0.010 0.006 0.016 0.025 0.927 
 400 K _   0.018 0.002 0.001 0.010 0.006 0.018 0.024 0.922 
 401 W _   0.023 0.002 0.001 0.010 0.007 0.021 0.023 0.915 
 402 T _   0.031 0.002 0.001 0.009 0.008 0.023 0.021 0.904 
 403 A _   0.043 0.001 0.001 0.009 0.010 0.026 0.020 0.889 
 404 P _   0.059 0.001 0.001 0.009 0.012 0.030 0.019 0.869 
 405 E _   0.079 0.001 0.001 0.009 0.014 0.033 0.017 0.845 
 406 A _   0.105 0.001 0.001 0.010 0.017 0.036 0.016 0.815 
 407 I _   0.134 0.001 0.001 0.010 0.020 0.038 0.014 0.781 
 408 H _   0.169 0.001 0.002 0.010 0.022 0.039 0.013 0.745 
 409 F _   0.203 0.001 0.002 0.009 0.023 0.039 0.011 0.712 
 410 G _   0.238 0.001 0.002 0.008 0.023 0.038 0.010 0.681 
 411 V _   0.275 0.001 0.002 0.007 0.022 0.035 0.009 0.650 
 412 F _   0.311 0.000 0.001 0.005 0.019 0.032 0.008 0.623 
 413 T _   0.349 0.000 0.001 0.003 0.016 0.029 0.007 0.594 
 414 I _   0.390 0.000 0.001 0.002 0.014 0.025 0.006 0.562 
 415 K _   0.436 0.000 0.001 0.001 0.012 0.022 0.005 0.523 
 416 A H   0.487 0.000 0.001 0.001 0.010 0.019 0.004 0.476 
 417 D H   0.544 0.000 0.001 0.001 0.010 0.017 0.004 0.422 
 418 V H   0.607 0.000 0.001 0.001 0.011 0.016 0.003 0.361 
 419 W H   0.671 0.000 0.001 0.001 0.012 0.015 0.003 0.298 
 420 S H   0.727 0.000 0.001 0.001 0.013 0.014 0.002 0.242 
 421 F H   0.772 0.000 0.001 0.001 0.015 0.013 0.002 0.196 
 422 G H   0.806 0.000 0.001 0.001 0.017 0.012 0.002 0.161 
 423 V H   0.827 0.000 0.001 0.001 0.019 0.012 0.002 0.138 
 424 L H   0.836 0.000 0.001 0.001 0.020 0.011 0.003 0.128 
 425 L H   0.833 0.000 0.001 0.001 0.021 0.011 0.003 0.129 
 426 M H   0.818 0.000 0.001 0.001 0.022 0.011 0.004 0.141 
 427 E H   0.789 0.000 0.002 0.002 0.023 0.012 0.006 0.168 
 428 V H   0.740 0.000 0.002 0.002 0.023 0.012 0.008 0.213 
 429 V H   0.668 0.000 0.002 0.003 0.022 0.013 0.011 0.282 
 430 T H   0.575 0.000 0.002 0.003 0.019 0.013 0.015 0.372 
 431 Y H   0.473 0.000 0.002 0.004 0.016 0.013 0.021 0.472 
 432 G _   0.368 0.000 0.001 0.004 0.012 0.013 0.027 0.574 
 433 R _   0.272 0.000 0.001 0.004 0.009 0.012 0.033 0.668 
 434 V _   0.191 0.000 0.001 0.004 0.007 0.011 0.039 0.747 
 435 P _   0.127 0.000 0.001 0.004 0.005 0.010 0.044 0.810 
 436 Y _   0.082 0.000 0.000 0.003 0.003 0.009 0.047 0.855 
 437 P _   0.052 0.000 0.000 0.003 0.003 0.008 0.050 0.883 
 438 G _   0.034 0.001 0.000 0.003 0.002 0.008 0.052 0.900 
 439 M _   0.023 0.002 0.000 0.003 0.002 0.008 0.054 0.908 
 440 S _   0.017 0.003 0.000 0.004 0.003 0.009 0.055 0.908 
 441 N _   0.014 0.008 0.000 0.006 0.003 0.011 0.055 0.901 
 442 P _   0.013 0.017 0.001 0.010 0.005 0.013 0.055 0.885 
 443 E _   0.013 0.034 0.001 0.017 0.007 0.015 0.055 0.859 
 444 V _   0.012 0.057 0.001 0.025 0.009 0.017 0.055 0.824 
 445 I _   0.012 0.082 0.001 0.035 0.011 0.019 0.055 0.786 
 446 R _   0.012 0.102 0.001 0.044 0.013 0.020 0.055 0.754 
 447 N _   0.011 0.116 0.001 0.052 0.013 0.020 0.055 0.731 
 448 L _   0.011 0.124 0.001 0.056 0.014 0.019 0.056 0.718 
 449 E _   0.011 0.126 0.001 0.057 0.013 0.019 0.058 0.715 
 450 R _   0.010 0.124 0.001 0.055 0.012 0.017 0.060 0.720 
 451 G _   0.010 0.116 0.001 0.048 0.011 0.016 0.064 0.735 
 452 Y _   0.009 0.102 0.001 0.039 0.009 0.014 0.068 0.759 
 453 R _   0.009 0.082 0.001 0.029 0.007 0.012 0.072 0.789 
 454 M _   0.008 0.061 0.001 0.019 0.005 0.010 0.076 0.820 
 455 P _   0.007 0.041 0.000 0.012 0.003 0.008 0.080 0.848 
 456 R _   0.006 0.028 0.000 0.007 0.002 0.007 0.083 0.867 
 457 P _   0.005 0.021 0.000 0.004 0.002 0.007 0.084 0.877 
 458 D _   0.005 0.018 0.000 0.003 0.001 0.007 0.085 0.880 
 459 T _   0.006 0.018 0.000 0.003 0.001 0.008 0.086 0.879 
 460 C _   0.007 0.020 0.000 0.004 0.002 0.011 0.086 0.871 
 461 P _   0.010 0.028 0.000 0.007 0.004 0.015 0.085 0.851 
 462 P _   0.014 0.051 0.001 0.013 0.008 0.021 0.082 0.808 
 463 E _   0.017 0.103 0.002 0.024 0.015 0.027 0.079 0.732 
 464 L _   0.019 0.188 0.002 0.039 0.021 0.032 0.075 0.624 
 465 Y _   0.018 0.280 0.003 0.054 0.025 0.033 0.070 0.516 
 466 R _   0.017 0.350 0.002 0.067 0.026 0.033 0.067 0.437 
 467 G _   0.015 0.392 0.002 0.076 0.026 0.031 0.066 0.393 
 468 V E   0.014 0.413 0.002 0.080 0.025 0.030 0.065 0.372 
 469 I E   0.013 0.420 0.002 0.080 0.023 0.028 0.066 0.368 
 470 A E   0.013 0.418 0.002 0.076 0.022 0.026 0.067 0.377 
 471 E E   0.013 0.405 0.002 0.068 0.020 0.024 0.069 0.399 
 472 C _   0.013 0.377 0.002 0.059 0.018 0.022 0.072 0.437 
 473 W _   0.013 0.330 0.002 0.048 0.016 0.020 0.077 0.494 
 474 R _   0.013 0.269 0.002 0.038 0.014 0.019 0.083 0.563 
 475 S _   0.013 0.202 0.002 0.029 0.011 0.017 0.089 0.636 
 476 R _   0.013 0.144 0.001 0.022 0.009 0.016 0.095 0.701 
 477 P _   0.012 0.103 0.001 0.016 0.006 0.014 0.100 0.749 
 478 E _   0.010 0.076 0.001 0.012 0.005 0.013 0.104 0.780 
 479 E _   0.009 0.059 0.000 0.009 0.004 0.011 0.107 0.800 
 480 R _   0.008 0.049 0.000 0.008 0.003 0.010 0.109 0.813 
 481 P _   0.007 0.042 0.000 0.007 0.003 0.010 0.110 0.820 
 482 T _   0.007 0.038 0.000 0.006 0.003 0.010 0.111 0.825 
 483 F _   0.007 0.036 0.000 0.006 0.003 0.010 0.112 0.827 
 484 D _   0.006 0.035 0.000 0.006 0.003 0.010 0.112 0.827 
 485 C _   0.007 0.036 0.000 0.006 0.003 0.012 0.112 0.824 
 486 T _   0.008 0.037 0.000 0.007 0.003 0.014 0.111 0.820 
 487 P _   0.009 0.040 0.000 0.008 0.004 0.016 0.111 0.812 
 488 G _   0.011 0.046 0.001 0.009 0.006 0.020 0.109 0.798 
 489 R _   0.014 0.056 0.001 0.011 0.008 0.024 0.108 0.778 
 490 V _   0.018 0.071 0.001 0.014 0.011 0.030 0.106 0.750 
 491 T _   0.022 0.093 0.001 0.018 0.016 0.035 0.104 0.710 
 492 R _   0.026 0.125 0.002 0.023 0.022 0.040 0.101 0.661 
 493 P _   0.030 0.164 0.002 0.030 0.028 0.044 0.099 0.603 
 494 L _   0.032 0.205 0.002 0.038 0.034 0.047 0.096 0.546 
 495 C _   0.033 0.240 0.002 0.047 0.037 0.047 0.095 0.498 
 496 A _   0.034 0.267 0.002 0.055 0.038 0.047 0.094 0.463 
 497 A _   0.034 0.283 0.002 0.060 0.038 0.045 0.095 0.443 
 498 S _   0.034 0.289 0.002 0.063 0.036 0.042 0.096 0.438 
 499 F _   0.033 0.288 0.002 0.061 0.032 0.039 0.098 0.447 
 500 V _   0.030 0.278 0.002 0.057 0.028 0.035 0.102 0.468 
 501 E _   0.027 0.257 0.002 0.049 0.023 0.031 0.106 0.505 
 502 G _   0.024 0.224 0.002 0.039 0.019 0.027 0.111 0.555 
 503 C _   0.022 0.182 0.002 0.029 0.014 0.023 0.116 0.612 
 504 N _   0.019 0.138 0.001 0.021 0.011 0.020 0.122 0.667 
 505 S _   0.017 0.103 0.001 0.014 0.008 0.018 0.127 0.711 
 506 D _   0.015 0.080 0.001 0.010 0.006 0.016 0.131 0.741 
 507 L _   0.013 0.067 0.001 0.008 0.004 0.014 0.135 0.758 
 508 A _   0.012 0.060 0.000 0.007 0.004 0.013 0.137 0.766 
 509 R _   0.011 0.057 0.000 0.007 0.004 0.013 0.140 0.769 
 510 S _   0.010 0.055 0.000 0.008 0.004 0.013 0.142 0.768 
 511 S _   0.010 0.056 0.000 0.009 0.004 0.013 0.143 0.764 
 512 G _   0.010 0.057 0.001 0.011 0.005 0.014 0.145 0.757 
 513 V _   0.010 0.059 0.001 0.013 0.006 0.014 0.147 0.750 
 514 L _   0.011 0.061 0.001 0.016 0.006 0.015 0.148 0.742 
 515 S _   0.011 0.063 0.001 0.018 0.007 0.016 0.151 0.734 
 516 P _   0.012 0.064 0.001 0.021 0.008 0.016 0.153 0.726 
 517 S _   0.012 0.065 0.001 0.022 0.009 0.016 0.156 0.719 
 518 K _   0.012 0.064 0.001 0.024 0.009 0.016 0.160 0.714 
 519 V _   0.012 0.062 0.001 0.024 0.009 0.016 0.165 0.712 
 520 F _   0.012 0.058 0.001 0.023 0.008 0.015 0.170 0.713 
 521 R _   0.011 0.053 0.001 0.021 0.007 0.013 0.176 0.718 
 522 T _   0.011 0.046 0.001 0.017 0.006 0.012 0.182 0.726 
 523 G _   0.010 0.038 0.001 0.014 0.005 0.011 0.187 0.735 
 524 K _   0.009 0.031 0.000 0.010 0.004 0.009 0.193 0.744 
 525 R _   0.008 0.025 0.000 0.008 0.003 0.008 0.197 0.750 
 526 L _   0.007 0.021 0.000 0.006 0.003 0.007 0.201 0.754 
 527 S _   0.006 0.019 0.000 0.005 0.002 0.007 0.205 0.756 
 528 S _   0.006 0.018 0.000 0.005 0.002 0.007 0.208 0.754 
 529 S _   0.006 0.019 0.000 0.005 0.002 0.007 0.210 0.750 
 530 K _   0.006 0.020 0.000 0.007 0.003 0.008 0.212 0.744 
 531 A _   0.006 0.023 0.000 0.008 0.003 0.008 0.214 0.737 
 532 P _   0.006 0.026 0.000 0.010 0.004 0.009 0.216 0.728 
 533 V _   0.007 0.030 0.001 0.012 0.004 0.009 0.217 0.719 
 534 L _   0.007 0.034 0.001 0.014 0.005 0.010 0.219 0.711 
 535 G _   0.007 0.038 0.001 0.016 0.005 0.010 0.221 0.703 
 536 T _   0.006 0.041 0.001 0.017 0.005 0.010 0.223 0.697 
 537 P _   0.006 0.043 0.001 0.017 0.005 0.011 0.226 0.691 
 538 R _   0.007 0.045 0.001 0.017 0.005 0.011 0.229 0.686 
 539 A _   0.007 0.046 0.001 0.017 0.005 0.011 0.232 0.682 
 540 G _   0.007 0.047 0.001 0.017 0.005 0.011 0.236 0.678 
 541 R _   0.007 0.047 0.001 0.017 0.005 0.011 0.240 0.673 
 542 V _   0.007 0.047 0.001 0.016 0.005 0.010 0.244 0.669 
 543 P _   0.007 0.047 0.001 0.016 0.005 0.010 0.249 0.665 
 544 A _   0.006 0.047 0.001 0.015 0.005 0.010 0.254 0.662 
 545 S _   0.006 0.046 0.001 0.014 0.004 0.009 0.259 0.660 
 546 A _   0.006 0.045 0.001 0.013 0.004 0.009 0.265 0.657 
 547 P _   0.006 0.043 0.000 0.012 0.004 0.009 0.271 0.655 
 548 C _   0.006 0.042 0.000 0.012 0.004 0.009 0.276 0.652 
 549 V _   0.006 0.041 0.000 0.011 0.004 0.008 0.282 0.648 
 550 D _   0.006 0.040 0.000 0.011 0.004 0.008 0.288 0.643 
 551 P _   0.006 0.039 0.000 0.011 0.004 0.009 0.294 0.637 
 552 A _   0.006 0.039 0.000 0.012 0.004 0.009 0.300 0.630 
 553 L _   0.006 0.039 0.000 0.012 0.004 0.009 0.306 0.624 
 554 P _   0.007 0.039 0.000 0.013 0.004 0.009 0.312 0.617 
 555 R _   0.007 0.038 0.000 0.013 0.004 0.009 0.318 0.611 
 556 Y _   0.006 0.037 0.000 0.013 0.004 0.009 0.325 0.605 
 557 R _   0.006 0.036 0.000 0.013 0.004 0.008 0.332 0.600 
 558 S _   0.006 0.035 0.000 0.012 0.003 0.008 0.339 0.596 
 559 Q _   0.006 0.034 0.000 0.011 0.003 0.007 0.346 0.593 
 560 T _   0.005 0.032 0.000 0.010 0.003 0.007 0.353 0.589 
 561 G _   0.005 0.031 0.000 0.009 0.003 0.006 0.360 0.586 
 562 S _   0.005 0.030 0.000 0.008 0.002 0.006 0.366 0.583 
 563 R _   0.005 0.029 0.000 0.007 0.002 0.006 0.372 0.579 
 564 G _   0.004 0.029 0.000 0.007 0.002 0.006 0.378 0.574 
 565 R _   0.004 0.030 0.000 0.006 0.002 0.006 0.382 0.570 
 566 Q _   0.004 0.030 0.000 0.006 0.002 0.006 0.386 0.565 
 567 Q _   0.004 0.032 0.000 0.006 0.002 0.006 0.390 0.560 
 568 G _   0.003 0.034 0.000 0.006 0.002 0.006 0.393 0.555 
 569 Q _   0.003 0.038 0.000 0.007 0.002 0.007 0.395 0.548 
 570 P _   0.004 0.043 0.000 0.007 0.002 0.008 0.397 0.539 
 571 Q _   0.004 0.051 0.000 0.008 0.003 0.009 0.398 0.528 
 572 P _   0.004 0.061 0.000 0.009 0.003 0.010 0.398 0.513 
 573 R _   0.005 0.077 0.001 0.011 0.004 0.012 0.398 0.491 
 574 L _   0.006 0.099 0.001 0.015 0.006 0.015 0.398 0.461 
 575 R _   0.007 0.130 0.001 0.019 0.009 0.017 0.397 0.420 
 576 S X   0.008 0.169 0.001 0.024 0.012 0.020 0.396 0.370 
 577 S X   0.009 0.213 0.001 0.031 0.015 0.022 0.396 0.315 
 578 T X   0.010 0.255 0.002 0.037 0.017 0.023 0.396 0.261 
 579 A X   0.010 0.289 0.001 0.044 0.018 0.023 0.398 0.216 
 580 G X   0.010 0.311 0.001 0.050 0.019 0.023 0.403 0.182 
 581 L X   0.010 0.324 0.001 0.055 0.019 0.023 0.409 0.158 
 582 F X   0.010 0.330 0.001 0.058 0.019 0.022 0.418 0.142 
 583 C X   0.010 0.329 0.001 0.058 0.018 0.021 0.430 0.133 
 584 N X   0.010 0.321 0.001 0.057 0.017 0.020 0.446 0.128 
 585 K X   0.010 0.305 0.002 0.054 0.016 0.019 0.468 0.127 
 586 V X   0.010 0.277 0.002 0.050 0.016 0.018 0.497 0.131 
 587 T X   0.011 0.235 0.002 0.044 0.014 0.017 0.537 0.140 
 588 S X   0.011 0.181 0.002 0.037 0.013 0.015 0.589 0.151 
 589 V X   0.010 0.125 0.002 0.030 0.010 0.014 0.646 0.162 
 590 R X   0.009 0.078 0.001 0.022 0.007 0.012 0.701 0.170 
 591 K X   0.008 0.044 0.001 0.014 0.005 0.009 0.745 0.174 
 592 K X   0.006 0.024 0.000 0.009 0.003 0.006 0.779 0.173 
 593 K X   0.004 0.013 0.000 0.005 0.002 0.004 0.804 0.168 
 594 K X   0.002 0.006 0.000 0.003 0.001 0.002 0.821 0.164 
 595 K X   0.001 0.003 0.000 0.002 0.000 0.001 0.833 0.161 
 596 K X   0.000 0.001 0.000 0.001 0.000 0.000 0.839 0.159 
 597 K X   0.000 0.001 0.000 0.000 0.000 0.000 0.840 0.159 
 598 K X   0.000 0.001 0.000 0.001 0.000 0.000 0.837 0.161 
 599 K X   0.002 0.001 0.001 0.007 0.002 0.002 0.823 0.163 
