#TopoPred_TM8: 8-state transmembrane topology prediction results by no_profile mode 
#probabilities are in the order of H E C I L F X _, the 8 transmembrane topology types used in PDBTM 
   1 M X   0.011 0.001 0.002 0.047 0.009 0.009 0.797 0.124 
   2 D X   0.004 0.000 0.000 0.028 0.002 0.005 0.821 0.140 
   3 L X   0.002 0.000 0.000 0.016 0.001 0.003 0.827 0.151 
   4 V X   0.001 0.000 0.000 0.010 0.001 0.003 0.826 0.159 
   5 G X   0.001 0.000 0.000 0.008 0.001 0.003 0.821 0.165 
   6 V X   0.002 0.000 0.000 0.006 0.001 0.004 0.814 0.172 
   7 A X   0.002 0.001 0.000 0.006 0.001 0.004 0.806 0.180 
   8 S X   0.003 0.001 0.000 0.005 0.001 0.005 0.796 0.189 
   9 P X   0.003 0.001 0.000 0.006 0.002 0.005 0.785 0.198 
  10 E X   0.003 0.002 0.000 0.007 0.002 0.006 0.772 0.207 
  11 P X   0.003 0.003 0.000 0.009 0.003 0.006 0.758 0.217 
  12 G X   0.003 0.005 0.000 0.011 0.003 0.007 0.744 0.227 
  13 T X   0.003 0.006 0.000 0.012 0.003 0.007 0.731 0.237 
  14 A X   0.003 0.008 0.000 0.013 0.004 0.007 0.718 0.247 
  15 A X   0.003 0.009 0.000 0.014 0.004 0.007 0.706 0.258 
  16 A X   0.003 0.009 0.000 0.013 0.003 0.007 0.695 0.269 
  17 W X   0.003 0.010 0.000 0.012 0.003 0.007 0.684 0.281 
  18 G X   0.003 0.010 0.000 0.010 0.003 0.006 0.674 0.293 
  19 P X   0.003 0.010 0.000 0.009 0.003 0.006 0.665 0.304 
  20 S X   0.003 0.010 0.000 0.008 0.003 0.006 0.656 0.314 
  21 K X   0.003 0.010 0.000 0.007 0.002 0.007 0.647 0.324 
  22 C X   0.003 0.011 0.000 0.006 0.002 0.007 0.639 0.332 
  23 P X   0.003 0.011 0.000 0.006 0.003 0.008 0.630 0.338 
  24 W X   0.004 0.013 0.000 0.007 0.003 0.009 0.621 0.344 
  25 A X   0.004 0.015 0.000 0.007 0.004 0.011 0.611 0.348 
  26 I X   0.005 0.018 0.001 0.008 0.005 0.013 0.601 0.350 
  27 P X   0.007 0.021 0.001 0.010 0.006 0.015 0.590 0.351 
  28 Q X   0.008 0.026 0.001 0.011 0.007 0.017 0.579 0.350 
  29 N X   0.010 0.031 0.001 0.013 0.009 0.020 0.568 0.348 
  30 T X   0.012 0.038 0.001 0.015 0.012 0.023 0.557 0.343 
  31 I X   0.014 0.045 0.001 0.017 0.014 0.025 0.547 0.337 
  32 S X   0.017 0.051 0.001 0.020 0.017 0.027 0.537 0.331 
  33 C X   0.019 0.058 0.001 0.022 0.018 0.028 0.529 0.325 
  34 S X   0.021 0.063 0.001 0.025 0.020 0.028 0.522 0.321 
  35 L X   0.022 0.066 0.001 0.028 0.020 0.027 0.516 0.320 
  36 A X   0.023 0.068 0.001 0.029 0.019 0.026 0.512 0.321 
  37 D X   0.023 0.067 0.001 0.029 0.018 0.025 0.509 0.327 
  38 V X   0.023 0.064 0.001 0.027 0.016 0.023 0.508 0.338 
  39 M X   0.022 0.059 0.001 0.024 0.013 0.020 0.507 0.353 
  40 S X   0.020 0.051 0.001 0.020 0.011 0.018 0.508 0.372 
  41 E X   0.018 0.040 0.001 0.016 0.008 0.015 0.509 0.393 
  42 Q X   0.016 0.028 0.001 0.012 0.006 0.013 0.510 0.415 
  43 L X   0.013 0.017 0.001 0.008 0.004 0.011 0.510 0.435 
  44 A X   0.011 0.010 0.000 0.005 0.003 0.009 0.511 0.451 
  45 K X   0.009 0.005 0.000 0.004 0.002 0.008 0.510 0.462 
  46 E X   0.008 0.003 0.000 0.003 0.002 0.007 0.509 0.469 
  47 L X   0.007 0.002 0.000 0.002 0.002 0.006 0.507 0.474 
  48 Q X   0.006 0.002 0.000 0.002 0.002 0.007 0.504 0.477 
  49 L X   0.006 0.002 0.000 0.003 0.002 0.007 0.501 0.479 
  50 E X   0.007 0.002 0.000 0.003 0.002 0.008 0.498 0.479 
  51 E X   0.008 0.003 0.000 0.004 0.003 0.009 0.494 0.478 
  52 E X   0.009 0.004 0.000 0.006 0.004 0.011 0.489 0.476 
  53 A X   0.010 0.007 0.001 0.007 0.005 0.013 0.485 0.473 
  54 A X   0.012 0.010 0.001 0.009 0.006 0.015 0.480 0.468 
  55 V X   0.013 0.013 0.001 0.011 0.007 0.016 0.475 0.464 
  56 F X   0.014 0.017 0.001 0.012 0.008 0.018 0.470 0.458 
  57 P X   0.015 0.022 0.001 0.014 0.010 0.020 0.466 0.452 
  58 E X   0.017 0.026 0.001 0.016 0.011 0.021 0.462 0.446 
  59 V X   0.018 0.030 0.001 0.018 0.012 0.022 0.459 0.439 
  60 A X   0.019 0.034 0.001 0.020 0.014 0.023 0.456 0.433 
  61 V X   0.020 0.038 0.001 0.023 0.014 0.023 0.455 0.427 
  62 A X   0.020 0.040 0.001 0.025 0.015 0.023 0.454 0.422 
  63 E X   0.020 0.042 0.001 0.027 0.015 0.022 0.454 0.419 
  64 G X   0.019 0.042 0.001 0.028 0.014 0.021 0.456 0.419 
  65 P X   0.017 0.041 0.001 0.027 0.013 0.019 0.458 0.423 
  66 F X   0.016 0.038 0.001 0.025 0.011 0.017 0.462 0.430 
  67 I X   0.014 0.033 0.001 0.021 0.009 0.015 0.466 0.441 
  68 T X   0.012 0.026 0.001 0.016 0.007 0.013 0.471 0.454 
  69 G X   0.010 0.019 0.001 0.011 0.005 0.011 0.476 0.468 
  70 E _   0.008 0.013 0.000 0.007 0.003 0.009 0.479 0.480 
  71 N _   0.007 0.009 0.000 0.004 0.002 0.008 0.482 0.488 
  72 I _   0.006 0.007 0.000 0.002 0.002 0.008 0.484 0.491 
  73 D _   0.006 0.006 0.000 0.002 0.002 0.009 0.484 0.490 
  74 T _   0.008 0.007 0.000 0.002 0.002 0.011 0.485 0.485 
  75 S X   0.010 0.010 0.000 0.004 0.004 0.014 0.484 0.473 
  76 S X   0.014 0.021 0.001 0.009 0.008 0.018 0.483 0.447 
  77 D X   0.017 0.046 0.001 0.018 0.013 0.023 0.480 0.402 
  78 L X   0.018 0.086 0.002 0.031 0.018 0.026 0.476 0.343 
  79 M X   0.018 0.122 0.002 0.044 0.021 0.027 0.474 0.291 
  80 L X   0.018 0.145 0.002 0.056 0.022 0.027 0.475 0.257 
  81 A X   0.017 0.156 0.001 0.062 0.022 0.026 0.478 0.238 
  82 Q X   0.016 0.159 0.001 0.063 0.020 0.024 0.484 0.232 
  83 M X   0.015 0.156 0.001 0.060 0.018 0.022 0.492 0.236 
  84 L X   0.014 0.146 0.001 0.052 0.016 0.019 0.504 0.248 
  85 Q X   0.013 0.127 0.001 0.041 0.013 0.016 0.519 0.270 
  86 M X   0.012 0.097 0.001 0.029 0.010 0.014 0.537 0.300 
  87 E X   0.011 0.064 0.001 0.019 0.007 0.011 0.558 0.330 
  88 Y X   0.009 0.037 0.001 0.011 0.005 0.009 0.576 0.353 
  89 D X   0.007 0.021 0.000 0.007 0.003 0.007 0.589 0.366 
  90 R X   0.006 0.012 0.000 0.004 0.002 0.006 0.600 0.370 
  91 E X   0.005 0.009 0.000 0.003 0.001 0.005 0.607 0.370 
  92 Y X   0.004 0.007 0.000 0.003 0.001 0.004 0.613 0.368 
  93 D X   0.004 0.006 0.000 0.003 0.001 0.004 0.617 0.364 
  94 A X   0.003 0.006 0.000 0.004 0.001 0.004 0.621 0.361 
  95 Q X   0.003 0.006 0.000 0.005 0.001 0.004 0.623 0.358 
  96 L X   0.003 0.006 0.000 0.005 0.001 0.004 0.626 0.355 
  97 R X   0.003 0.006 0.000 0.006 0.001 0.004 0.627 0.353 
  98 R X   0.003 0.006 0.000 0.006 0.001 0.004 0.629 0.351 
  99 E X   0.002 0.006 0.000 0.005 0.001 0.004 0.630 0.351 
 100 E X   0.002 0.006 0.000 0.005 0.001 0.004 0.631 0.351 
 101 K X   0.002 0.006 0.000 0.004 0.001 0.003 0.632 0.351 
 102 K X   0.002 0.006 0.000 0.004 0.001 0.003 0.633 0.351 
 103 F X   0.002 0.007 0.000 0.004 0.001 0.003 0.633 0.350 
 104 N X   0.002 0.008 0.000 0.004 0.001 0.004 0.632 0.349 
 105 G X   0.002 0.010 0.000 0.004 0.001 0.004 0.631 0.347 
 106 D X   0.003 0.012 0.000 0.006 0.002 0.005 0.630 0.343 
 107 S X   0.003 0.017 0.000 0.008 0.002 0.006 0.628 0.336 
 108 K X   0.003 0.023 0.000 0.011 0.003 0.007 0.626 0.326 
 109 V X   0.004 0.031 0.000 0.015 0.004 0.008 0.623 0.315 
 110 S X   0.004 0.038 0.001 0.019 0.005 0.009 0.621 0.304 
 111 I X   0.004 0.045 0.001 0.023 0.006 0.010 0.619 0.293 
 112 S X   0.004 0.050 0.001 0.027 0.006 0.010 0.619 0.284 
 113 F X   0.004 0.052 0.001 0.029 0.006 0.010 0.619 0.278 
 114 E X   0.004 0.054 0.001 0.030 0.007 0.010 0.621 0.274 
 115 N X   0.004 0.053 0.001 0.030 0.006 0.009 0.625 0.272 
 116 Y X   0.004 0.051 0.001 0.027 0.006 0.009 0.630 0.273 
 117 R X   0.004 0.047 0.001 0.024 0.005 0.008 0.636 0.275 
 118 K X   0.004 0.041 0.001 0.020 0.004 0.007 0.644 0.279 
 119 V X   0.004 0.034 0.000 0.016 0.003 0.006 0.653 0.283 
 120 H X   0.003 0.027 0.000 0.012 0.003 0.005 0.661 0.288 
 121 P X   0.003 0.020 0.000 0.009 0.002 0.004 0.669 0.293 
 122 Y X   0.003 0.014 0.000 0.006 0.001 0.004 0.676 0.296 
 123 E X   0.003 0.010 0.000 0.004 0.001 0.003 0.681 0.298 
 124 D X   0.002 0.007 0.000 0.003 0.001 0.003 0.685 0.298 
 125 S X   0.002 0.006 0.000 0.003 0.001 0.003 0.688 0.298 
 126 D X   0.002 0.005 0.000 0.003 0.001 0.003 0.690 0.297 
 127 S X   0.002 0.004 0.000 0.003 0.001 0.003 0.691 0.296 
 128 S X   0.002 0.004 0.000 0.004 0.001 0.003 0.691 0.295 
 129 E X   0.002 0.005 0.000 0.005 0.001 0.003 0.691 0.293 
 130 D X   0.002 0.005 0.000 0.006 0.001 0.004 0.691 0.291 
 131 E X   0.002 0.005 0.000 0.008 0.002 0.004 0.690 0.289 
 132 V X   0.002 0.005 0.000 0.009 0.002 0.004 0.690 0.288 
 133 D X   0.002 0.006 0.000 0.009 0.002 0.004 0.689 0.288 
 134 W X   0.002 0.005 0.000 0.009 0.002 0.004 0.689 0.288 
 135 Q X   0.002 0.005 0.000 0.008 0.002 0.004 0.689 0.290 
 136 D X   0.002 0.004 0.000 0.007 0.001 0.004 0.689 0.292 
 137 T X   0.002 0.003 0.000 0.006 0.001 0.003 0.689 0.295 
 138 R X   0.002 0.003 0.000 0.004 0.001 0.003 0.689 0.297 
 139 D X   0.002 0.002 0.000 0.004 0.001 0.003 0.689 0.300 
 140 D X   0.002 0.002 0.000 0.003 0.001 0.003 0.687 0.302 
 141 P X   0.002 0.002 0.000 0.003 0.001 0.002 0.685 0.305 
 142 Y X   0.002 0.002 0.000 0.003 0.001 0.002 0.682 0.309 
 143 R X   0.002 0.002 0.000 0.003 0.001 0.002 0.678 0.313 
 144 P X   0.002 0.002 0.000 0.003 0.001 0.003 0.672 0.318 
 145 A X   0.002 0.002 0.000 0.003 0.001 0.003 0.664 0.325 
 146 K X   0.002 0.003 0.000 0.004 0.001 0.003 0.654 0.333 
 147 P X   0.002 0.004 0.000 0.005 0.001 0.004 0.641 0.342 
 148 V X   0.002 0.007 0.000 0.006 0.002 0.004 0.627 0.352 
 149 P X   0.002 0.010 0.000 0.008 0.002 0.005 0.609 0.363 
 150 T X   0.003 0.015 0.000 0.010 0.003 0.006 0.590 0.374 
 151 P X   0.003 0.021 0.000 0.013 0.003 0.007 0.569 0.383 
 152 K X   0.003 0.029 0.001 0.017 0.004 0.008 0.547 0.392 
 153 K X   0.003 0.037 0.001 0.020 0.004 0.009 0.526 0.400 
 154 G X   0.003 0.045 0.001 0.022 0.005 0.009 0.506 0.409 
 155 F X   0.003 0.052 0.001 0.024 0.005 0.009 0.487 0.419 
 156 I X   0.003 0.058 0.001 0.025 0.005 0.009 0.470 0.429 
 157 G X   0.003 0.063 0.001 0.024 0.005 0.009 0.456 0.440 
 158 K _   0.003 0.066 0.001 0.022 0.004 0.009 0.443 0.453 
 159 G _   0.003 0.067 0.001 0.019 0.004 0.008 0.431 0.466 
 160 K _   0.003 0.069 0.000 0.016 0.004 0.008 0.420 0.480 
 161 D _   0.003 0.069 0.000 0.014 0.003 0.008 0.410 0.492 
 162 I _   0.003 0.070 0.000 0.012 0.003 0.007 0.400 0.503 
 163 T _   0.003 0.072 0.000 0.011 0.003 0.007 0.391 0.513 
 164 T _   0.003 0.074 0.000 0.010 0.003 0.008 0.381 0.521 
 165 K _   0.004 0.078 0.000 0.011 0.003 0.008 0.370 0.526 
 166 H _   0.004 0.083 0.000 0.012 0.004 0.008 0.359 0.530 
 167 D _   0.004 0.090 0.001 0.014 0.004 0.009 0.347 0.531 
 168 E _   0.004 0.098 0.001 0.016 0.005 0.010 0.335 0.532 
 169 V _   0.004 0.107 0.001 0.018 0.005 0.010 0.323 0.531 
 170 V _   0.004 0.116 0.001 0.020 0.006 0.010 0.311 0.531 
 171 C _   0.005 0.124 0.001 0.021 0.006 0.011 0.301 0.532 
 172 G _   0.004 0.131 0.001 0.021 0.006 0.011 0.291 0.535 
 173 R _   0.005 0.135 0.001 0.021 0.006 0.011 0.283 0.539 
 174 K _   0.005 0.139 0.001 0.020 0.006 0.011 0.275 0.544 
 175 N _   0.005 0.141 0.001 0.019 0.005 0.011 0.269 0.550 
 176 T _   0.005 0.142 0.001 0.017 0.005 0.011 0.263 0.556 
 177 A _   0.005 0.143 0.001 0.016 0.005 0.010 0.257 0.562 
 178 R _   0.005 0.144 0.001 0.015 0.005 0.011 0.252 0.567 
 179 M _   0.006 0.144 0.001 0.015 0.005 0.011 0.248 0.571 
 180 E _   0.006 0.145 0.001 0.014 0.005 0.011 0.244 0.575 
 181 N _   0.006 0.146 0.001 0.014 0.005 0.011 0.240 0.578 
 182 F _   0.006 0.146 0.001 0.013 0.005 0.011 0.236 0.581 
 183 A _   0.007 0.147 0.001 0.013 0.005 0.011 0.233 0.583 
 184 P _   0.007 0.147 0.001 0.013 0.005 0.011 0.230 0.586 
 185 E _   0.007 0.147 0.001 0.012 0.005 0.012 0.227 0.588 
 186 F _   0.008 0.148 0.001 0.012 0.005 0.012 0.225 0.590 
 187 Q _   0.008 0.148 0.001 0.012 0.005 0.012 0.223 0.591 
 188 V _   0.008 0.149 0.001 0.012 0.006 0.013 0.221 0.591 
 189 G _   0.009 0.151 0.001 0.012 0.006 0.013 0.219 0.589 
 190 D _   0.009 0.154 0.001 0.013 0.006 0.014 0.217 0.587 
 191 G _   0.010 0.156 0.001 0.013 0.007 0.014 0.215 0.584 
 192 I _   0.010 0.159 0.001 0.014 0.007 0.015 0.214 0.581 
 193 G _   0.010 0.162 0.001 0.015 0.007 0.015 0.212 0.578 
 194 M _   0.010 0.164 0.001 0.015 0.007 0.015 0.211 0.576 
 195 D _   0.010 0.165 0.001 0.015 0.007 0.015 0.211 0.575 
 196 L _   0.010 0.166 0.001 0.015 0.007 0.015 0.210 0.576 
 197 K _   0.010 0.166 0.001 0.015 0.007 0.015 0.209 0.576 
 198 L _   0.010 0.166 0.001 0.015 0.007 0.015 0.209 0.576 
 199 S _   0.010 0.166 0.001 0.016 0.007 0.015 0.209 0.575 
 200 N _   0.010 0.166 0.001 0.017 0.008 0.015 0.210 0.573 
 201 H _   0.011 0.166 0.001 0.019 0.008 0.015 0.210 0.570 
 202 V _   0.011 0.165 0.001 0.021 0.008 0.015 0.211 0.568 
 203 F _   0.011 0.162 0.001 0.022 0.008 0.015 0.213 0.567 
 204 N _   0.011 0.158 0.001 0.024 0.008 0.015 0.215 0.568 
 205 A _   0.011 0.150 0.001 0.024 0.008 0.014 0.218 0.573 
 206 L _   0.011 0.140 0.001 0.023 0.008 0.014 0.222 0.582 
 207 K _   0.011 0.125 0.001 0.021 0.007 0.013 0.226 0.596 
 208 Q _   0.010 0.108 0.001 0.019 0.007 0.012 0.231 0.612 
 209 H _   0.010 0.090 0.001 0.017 0.006 0.011 0.237 0.629 
 210 A _   0.010 0.072 0.001 0.015 0.005 0.010 0.242 0.646 
 211 Y _   0.009 0.056 0.001 0.013 0.004 0.010 0.247 0.660 
 212 S _   0.009 0.043 0.000 0.011 0.004 0.009 0.252 0.672 
 213 E _   0.008 0.033 0.000 0.010 0.003 0.008 0.257 0.681 
 214 E _   0.008 0.026 0.000 0.009 0.003 0.008 0.260 0.687 
 215 R _   0.007 0.020 0.000 0.008 0.002 0.007 0.263 0.692 
 216 R _   0.007 0.015 0.000 0.007 0.002 0.007 0.266 0.696 
 217 S _   0.006 0.012 0.000 0.007 0.002 0.006 0.268 0.699 
 218 A _   0.006 0.009 0.000 0.007 0.002 0.006 0.269 0.701 
 219 R _   0.006 0.007 0.000 0.006 0.002 0.006 0.270 0.703 
 220 L _   0.005 0.006 0.000 0.006 0.002 0.006 0.270 0.706 
 221 H _   0.005 0.005 0.000 0.006 0.002 0.005 0.269 0.708 
 222 E _   0.005 0.004 0.000 0.006 0.002 0.005 0.268 0.710 
 223 K _   0.005 0.003 0.000 0.006 0.002 0.005 0.267 0.713 
 224 K _   0.004 0.003 0.000 0.006 0.002 0.005 0.265 0.715 
 225 E _   0.004 0.002 0.000 0.006 0.002 0.005 0.262 0.718 
 226 H _   0.004 0.002 0.000 0.006 0.002 0.006 0.259 0.721 
 227 S _   0.004 0.002 0.000 0.006 0.002 0.006 0.256 0.724 
 228 T _   0.004 0.002 0.000 0.007 0.002 0.006 0.252 0.728 
 229 A _   0.004 0.002 0.000 0.007 0.002 0.006 0.247 0.732 
 230 E _   0.004 0.002 0.000 0.006 0.002 0.007 0.242 0.736 
 231 K _   0.004 0.002 0.000 0.006 0.002 0.008 0.236 0.741 
 232 A _   0.005 0.002 0.000 0.006 0.002 0.009 0.230 0.746 
 233 V _   0.005 0.002 0.000 0.006 0.003 0.010 0.224 0.750 
 234 D _   0.006 0.002 0.000 0.007 0.003 0.012 0.217 0.752 
 235 P _   0.007 0.002 0.000 0.008 0.004 0.015 0.210 0.752 
 236 K _   0.010 0.003 0.001 0.010 0.006 0.019 0.202 0.750 
 237 T _   0.013 0.004 0.001 0.013 0.008 0.023 0.194 0.745 
 238 R _   0.017 0.004 0.001 0.016 0.010 0.028 0.186 0.738 
 239 L _   0.022 0.005 0.001 0.018 0.012 0.033 0.179 0.730 
 240 L _   0.028 0.005 0.001 0.020 0.015 0.037 0.171 0.723 
 241 M _   0.034 0.005 0.001 0.019 0.016 0.041 0.164 0.718 
 242 Y _   0.043 0.005 0.001 0.017 0.017 0.044 0.157 0.715 
 243 K _   0.054 0.004 0.001 0.014 0.018 0.047 0.151 0.711 
 244 M _   0.067 0.003 0.001 0.011 0.019 0.049 0.145 0.704 
 245 V _   0.082 0.002 0.001 0.009 0.021 0.052 0.139 0.693 
 246 N _   0.099 0.002 0.001 0.008 0.024 0.055 0.134 0.676 
 247 S _   0.118 0.002 0.001 0.007 0.027 0.058 0.129 0.656 
 248 G _   0.136 0.002 0.002 0.008 0.031 0.061 0.126 0.634 
 249 M _   0.153 0.003 0.002 0.010 0.036 0.062 0.122 0.612 
 250 L _   0.165 0.004 0.002 0.013 0.039 0.063 0.120 0.594 
 251 E _   0.171 0.006 0.002 0.016 0.041 0.062 0.119 0.583 
 252 T _   0.171 0.007 0.002 0.019 0.041 0.060 0.118 0.583 
 253 I _   0.164 0.007 0.002 0.020 0.038 0.056 0.118 0.595 
 254 T _   0.153 0.007 0.002 0.018 0.033 0.052 0.118 0.617 
 255 G _   0.139 0.006 0.002 0.016 0.027 0.047 0.118 0.645 
 256 C _   0.122 0.005 0.001 0.012 0.021 0.043 0.119 0.677 
 257 I _   0.104 0.004 0.001 0.009 0.016 0.039 0.119 0.708 
 258 S _   0.087 0.004 0.001 0.007 0.012 0.035 0.120 0.734 
 259 T _   0.072 0.004 0.001 0.006 0.010 0.033 0.120 0.755 
 260 G _   0.060 0.005 0.001 0.006 0.010 0.032 0.120 0.766 
 261 K _   0.052 0.008 0.001 0.009 0.010 0.031 0.120 0.769 
 262 E _   0.045 0.013 0.001 0.013 0.012 0.031 0.120 0.765 
 263 S _   0.039 0.021 0.001 0.020 0.013 0.030 0.121 0.755 
 264 V _   0.034 0.030 0.001 0.028 0.015 0.029 0.121 0.742 
 265 V _   0.029 0.039 0.001 0.037 0.015 0.028 0.121 0.730 
 266 F _   0.025 0.044 0.001 0.042 0.015 0.026 0.122 0.723 
 267 H _   0.022 0.047 0.001 0.045 0.014 0.023 0.124 0.724 
 268 A _   0.018 0.047 0.001 0.043 0.013 0.021 0.126 0.731 
 269 Y _   0.015 0.044 0.001 0.038 0.010 0.017 0.129 0.744 
 270 G _   0.013 0.038 0.001 0.031 0.008 0.015 0.133 0.762 
 271 G _   0.011 0.030 0.001 0.022 0.006 0.012 0.137 0.782 
 272 S _   0.009 0.022 0.001 0.015 0.004 0.009 0.140 0.801 
 273 M _   0.007 0.015 0.000 0.009 0.003 0.007 0.143 0.816 
 274 E _   0.006 0.010 0.000 0.005 0.002 0.006 0.145 0.826 
 275 D _   0.005 0.007 0.000 0.003 0.001 0.005 0.146 0.832 
 276 E _   0.004 0.006 0.000 0.003 0.001 0.005 0.146 0.835 
 277 K _   0.004 0.006 0.000 0.002 0.001 0.005 0.145 0.836 
 278 E _   0.005 0.008 0.000 0.003 0.001 0.007 0.143 0.833 
 279 D _   0.006 0.012 0.000 0.004 0.002 0.010 0.141 0.824 
 280 S _   0.009 0.024 0.001 0.008 0.004 0.014 0.137 0.804 
 281 K _   0.012 0.053 0.001 0.013 0.008 0.020 0.131 0.762 
 282 V _   0.016 0.110 0.002 0.022 0.013 0.026 0.122 0.690 
 283 I _   0.018 0.204 0.002 0.031 0.020 0.031 0.111 0.582 
 284 P _   0.019 0.314 0.003 0.040 0.025 0.034 0.100 0.465 
 285 T E   0.018 0.418 0.003 0.046 0.028 0.034 0.091 0.362 
 286 E E   0.017 0.498 0.002 0.050 0.028 0.033 0.084 0.288 
 287 C E   0.015 0.549 0.002 0.052 0.027 0.031 0.081 0.242 
 288 A E   0.015 0.580 0.002 0.053 0.026 0.030 0.078 0.217 
 289 I E   0.015 0.595 0.001 0.054 0.024 0.028 0.077 0.206 
 290 K E   0.015 0.600 0.001 0.053 0.023 0.026 0.078 0.205 
 291 V E   0.015 0.597 0.001 0.051 0.021 0.024 0.078 0.212 
 292 F E   0.015 0.584 0.001 0.049 0.020 0.022 0.080 0.228 
 293 K E   0.015 0.558 0.002 0.046 0.018 0.021 0.084 0.256 
 294 T E   0.015 0.513 0.002 0.043 0.017 0.019 0.088 0.302 
 295 T E   0.016 0.446 0.002 0.039 0.016 0.019 0.095 0.368 
 296 L _   0.017 0.360 0.002 0.035 0.014 0.018 0.103 0.451 
 297 N _   0.017 0.268 0.002 0.029 0.012 0.017 0.113 0.542 
 298 E _   0.016 0.184 0.001 0.023 0.009 0.015 0.123 0.628 
 299 F _   0.015 0.119 0.001 0.017 0.007 0.013 0.130 0.697 
 300 K _   0.013 0.075 0.001 0.012 0.005 0.012 0.136 0.747 
 301 N _   0.011 0.047 0.000 0.009 0.003 0.010 0.141 0.779 
 302 R _   0.009 0.032 0.000 0.007 0.002 0.008 0.143 0.798 
 303 D _   0.008 0.024 0.000 0.005 0.002 0.008 0.145 0.809 
 304 K _   0.007 0.019 0.000 0.005 0.002 0.007 0.146 0.814 
 305 Y _   0.006 0.017 0.000 0.005 0.002 0.007 0.146 0.817 
 306 I _   0.006 0.016 0.000 0.006 0.002 0.007 0.146 0.817 
 307 K _   0.006 0.016 0.000 0.008 0.002 0.008 0.145 0.816 
 308 D _   0.006 0.016 0.000 0.009 0.003 0.008 0.144 0.814 
 309 D _   0.006 0.016 0.000 0.011 0.003 0.008 0.142 0.813 
 310 F _   0.006 0.016 0.000 0.012 0.003 0.009 0.141 0.813 
 311 R _   0.006 0.017 0.000 0.012 0.003 0.009 0.139 0.814 
 312 F _   0.005 0.016 0.000 0.012 0.003 0.008 0.137 0.817 
 313 K _   0.005 0.016 0.000 0.011 0.003 0.008 0.135 0.821 
 314 D _   0.005 0.015 0.000 0.010 0.003 0.008 0.134 0.825 
 315 R _   0.005 0.015 0.000 0.008 0.003 0.008 0.132 0.829 
 316 F _   0.005 0.015 0.000 0.007 0.002 0.008 0.129 0.833 
 317 S _   0.005 0.015 0.000 0.006 0.002 0.009 0.127 0.834 
 318 K _   0.006 0.016 0.000 0.006 0.003 0.011 0.124 0.833 
 319 L _   0.007 0.019 0.000 0.007 0.004 0.013 0.121 0.829 
 320 N _   0.009 0.024 0.001 0.010 0.005 0.016 0.118 0.818 
 321 P _   0.012 0.032 0.001 0.014 0.007 0.019 0.114 0.801 
 322 R _   0.014 0.045 0.001 0.020 0.010 0.023 0.109 0.777 
 323 K _   0.016 0.060 0.001 0.028 0.014 0.026 0.105 0.749 
 324 I _   0.018 0.074 0.001 0.037 0.017 0.029 0.100 0.723 
 325 I _   0.019 0.084 0.001 0.044 0.019 0.030 0.097 0.705 
 326 R _   0.020 0.090 0.001 0.049 0.019 0.030 0.094 0.697 
 327 M _   0.019 0.091 0.001 0.049 0.019 0.029 0.093 0.699 
 328 W _   0.019 0.088 0.001 0.045 0.017 0.027 0.091 0.710 
 329 A _   0.018 0.081 0.001 0.039 0.015 0.025 0.090 0.729 
 330 E _   0.017 0.070 0.001 0.031 0.013 0.023 0.090 0.755 
 331 K _   0.016 0.056 0.001 0.023 0.010 0.021 0.090 0.783 
 332 E _   0.015 0.041 0.001 0.017 0.008 0.019 0.090 0.810 
 333 M _   0.014 0.028 0.001 0.012 0.006 0.017 0.090 0.832 
 334 H _   0.014 0.019 0.001 0.009 0.005 0.016 0.089 0.847 
 335 N _   0.014 0.013 0.001 0.008 0.005 0.016 0.089 0.856 
 336 L _   0.015 0.009 0.001 0.007 0.005 0.016 0.088 0.860 
 337 A _   0.016 0.007 0.001 0.007 0.005 0.017 0.087 0.860 
 338 R _   0.018 0.006 0.001 0.008 0.005 0.018 0.086 0.858 
 339 M _   0.021 0.005 0.001 0.009 0.006 0.019 0.085 0.855 
 340 Q _   0.025 0.004 0.001 0.009 0.007 0.020 0.084 0.851 
 341 R _   0.031 0.003 0.001 0.009 0.007 0.021 0.083 0.845 
 342 A _   0.037 0.002 0.001 0.009 0.008 0.023 0.082 0.839 
 343 G _   0.046 0.002 0.001 0.008 0.008 0.025 0.080 0.830 
 344 I _   0.057 0.001 0.001 0.007 0.009 0.027 0.079 0.819 
 345 P _   0.071 0.001 0.001 0.006 0.009 0.029 0.078 0.805 
 346 C _   0.087 0.001 0.001 0.005 0.010 0.031 0.077 0.788 
 347 P _   0.107 0.000 0.001 0.005 0.011 0.033 0.076 0.766 
 348 T _   0.130 0.000 0.001 0.004 0.012 0.036 0.075 0.741 
 349 V _   0.155 0.000 0.001 0.004 0.013 0.039 0.074 0.713 
 350 V _   0.183 0.000 0.001 0.003 0.015 0.042 0.074 0.681 
 351 L _   0.211 0.000 0.001 0.003 0.019 0.046 0.073 0.646 
 352 L _   0.240 0.000 0.001 0.003 0.023 0.050 0.073 0.609 
 353 K _   0.267 0.001 0.002 0.004 0.029 0.053 0.073 0.571 
 354 K _   0.287 0.002 0.002 0.005 0.036 0.056 0.074 0.538 
 355 H _   0.300 0.003 0.002 0.008 0.043 0.057 0.076 0.510 
 356 I _   0.306 0.007 0.002 0.012 0.048 0.058 0.079 0.489 
 357 L _   0.302 0.011 0.003 0.018 0.051 0.056 0.082 0.478 
 358 V _   0.290 0.014 0.003 0.024 0.050 0.053 0.087 0.478 
 359 M _   0.269 0.017 0.003 0.029 0.047 0.049 0.093 0.494 
 360 S _   0.238 0.017 0.003 0.030 0.041 0.044 0.100 0.526 
 361 F _   0.202 0.016 0.002 0.029 0.033 0.038 0.108 0.573 
 362 I _   0.163 0.013 0.002 0.024 0.024 0.031 0.117 0.627 
 363 G _   0.124 0.010 0.001 0.018 0.016 0.025 0.125 0.682 
 364 H _   0.091 0.006 0.001 0.012 0.010 0.019 0.132 0.729 
 365 D _   0.064 0.003 0.001 0.008 0.006 0.015 0.138 0.766 
 366 Q _   0.043 0.002 0.000 0.005 0.004 0.011 0.142 0.792 
 367 V _   0.029 0.001 0.000 0.004 0.002 0.009 0.146 0.808 
 368 P _   0.020 0.001 0.000 0.004 0.002 0.007 0.148 0.818 
 369 A _   0.014 0.001 0.000 0.004 0.002 0.007 0.150 0.823 
 370 P _   0.010 0.001 0.000 0.004 0.002 0.006 0.151 0.825 
 371 K _   0.008 0.002 0.000 0.004 0.002 0.006 0.152 0.826 
 372 L _   0.007 0.003 0.000 0.005 0.002 0.006 0.152 0.826 
 373 K _   0.006 0.004 0.000 0.006 0.002 0.006 0.151 0.825 
 374 E _   0.006 0.006 0.000 0.006 0.002 0.007 0.150 0.824 
 375 V _   0.005 0.008 0.000 0.006 0.002 0.007 0.148 0.823 
 376 K _   0.005 0.011 0.000 0.007 0.002 0.008 0.146 0.821 
 377 L _   0.005 0.015 0.000 0.008 0.003 0.009 0.144 0.817 
 378 N _   0.005 0.021 0.000 0.009 0.003 0.010 0.141 0.811 
 379 S _   0.006 0.029 0.000 0.010 0.004 0.012 0.137 0.802 
 380 E _   0.007 0.040 0.001 0.012 0.005 0.014 0.134 0.788 
 381 E _   0.008 0.055 0.001 0.015 0.006 0.017 0.129 0.770 
 382 M _   0.009 0.072 0.001 0.018 0.007 0.019 0.125 0.749 
 383 K _   0.010 0.091 0.001 0.021 0.009 0.022 0.121 0.725 
 384 E _   0.012 0.110 0.001 0.024 0.011 0.025 0.117 0.701 
 385 A _   0.013 0.127 0.001 0.026 0.013 0.028 0.113 0.679 
 386 Y _   0.014 0.142 0.001 0.028 0.015 0.030 0.109 0.661 
 387 Y _   0.016 0.154 0.001 0.030 0.016 0.032 0.107 0.644 
 388 Q _   0.018 0.163 0.001 0.031 0.018 0.034 0.104 0.631 
 389 T _   0.020 0.169 0.001 0.032 0.019 0.035 0.102 0.621 
 390 L _   0.022 0.174 0.001 0.032 0.020 0.036 0.101 0.614 
 391 H _   0.024 0.175 0.001 0.032 0.021 0.037 0.100 0.610 
 392 L _   0.026 0.175 0.001 0.031 0.021 0.037 0.100 0.611 
 393 M _   0.027 0.171 0.001 0.029 0.020 0.036 0.100 0.615 
 394 R _   0.028 0.166 0.001 0.027 0.020 0.035 0.100 0.623 
 395 Q _   0.028 0.158 0.001 0.026 0.019 0.034 0.100 0.634 
 396 L _   0.028 0.148 0.001 0.024 0.018 0.033 0.101 0.646 
 397 Y _   0.028 0.138 0.001 0.023 0.017 0.032 0.103 0.659 
 398 H _   0.028 0.126 0.001 0.022 0.016 0.030 0.104 0.672 
 399 E _   0.027 0.115 0.001 0.021 0.015 0.029 0.106 0.686 
 400 C _   0.026 0.102 0.001 0.021 0.014 0.027 0.109 0.700 
 401 T _   0.025 0.089 0.001 0.020 0.012 0.025 0.111 0.716 
 402 L _   0.024 0.075 0.001 0.018 0.011 0.024 0.114 0.733 
 403 V _   0.022 0.061 0.001 0.016 0.010 0.022 0.117 0.751 
 404 H _   0.021 0.047 0.001 0.014 0.008 0.021 0.120 0.769 
 405 A _   0.020 0.034 0.001 0.011 0.007 0.019 0.122 0.786 
 406 D _   0.019 0.024 0.001 0.009 0.006 0.019 0.124 0.799 
 407 L _   0.018 0.017 0.001 0.007 0.005 0.018 0.126 0.808 
 408 S _   0.019 0.012 0.001 0.006 0.005 0.019 0.128 0.811 
 409 E _   0.020 0.010 0.001 0.005 0.005 0.020 0.130 0.809 
 410 Y _   0.023 0.009 0.001 0.005 0.006 0.022 0.131 0.804 
 411 N _   0.026 0.010 0.001 0.006 0.007 0.024 0.132 0.794 
 412 M _   0.030 0.011 0.001 0.008 0.009 0.027 0.133 0.779 
 413 L _   0.035 0.014 0.001 0.012 0.012 0.030 0.134 0.761 
 414 W _   0.040 0.019 0.001 0.016 0.016 0.033 0.136 0.741 
 415 H _   0.043 0.023 0.001 0.021 0.019 0.035 0.138 0.720 
 416 A _   0.046 0.028 0.002 0.026 0.022 0.036 0.140 0.702 
 417 G _   0.048 0.031 0.002 0.029 0.023 0.036 0.142 0.688 
 418 K _   0.048 0.033 0.002 0.032 0.023 0.035 0.146 0.681 
 419 V _   0.047 0.034 0.002 0.032 0.022 0.033 0.150 0.680 
 420 W _   0.045 0.032 0.001 0.031 0.020 0.031 0.156 0.684 
 421 L _   0.041 0.030 0.001 0.028 0.017 0.028 0.161 0.693 
 422 I _   0.037 0.025 0.001 0.024 0.014 0.024 0.168 0.707 
 423 D _   0.031 0.020 0.001 0.019 0.011 0.020 0.174 0.723 
 424 V _   0.026 0.014 0.001 0.014 0.008 0.017 0.180 0.739 
 425 S _   0.021 0.009 0.001 0.010 0.005 0.014 0.186 0.754 
 426 Q _   0.017 0.005 0.000 0.007 0.004 0.011 0.190 0.766 
 427 S _   0.013 0.003 0.000 0.004 0.003 0.009 0.194 0.774 
 428 V _   0.011 0.002 0.000 0.003 0.002 0.008 0.196 0.778 
 429 E _   0.009 0.001 0.000 0.002 0.002 0.008 0.198 0.779 
 430 P _   0.009 0.001 0.000 0.002 0.002 0.009 0.199 0.778 
 431 T _   0.010 0.002 0.000 0.003 0.002 0.010 0.200 0.773 
 432 H _   0.011 0.003 0.000 0.004 0.004 0.013 0.200 0.764 
 433 P _   0.013 0.008 0.001 0.008 0.006 0.017 0.200 0.748 
 434 H _   0.016 0.016 0.001 0.013 0.009 0.020 0.200 0.725 
 435 G _   0.017 0.027 0.001 0.020 0.012 0.024 0.200 0.698 
 436 L _   0.019 0.039 0.001 0.028 0.015 0.026 0.199 0.673 
 437 E _   0.020 0.048 0.001 0.033 0.017 0.027 0.200 0.654 
 438 F _   0.020 0.053 0.001 0.036 0.017 0.027 0.201 0.644 
 439 L _   0.019 0.055 0.001 0.035 0.017 0.027 0.203 0.643 
 440 F _   0.019 0.054 0.001 0.031 0.015 0.025 0.205 0.649 
 441 R _   0.018 0.051 0.001 0.026 0.013 0.024 0.208 0.658 
 442 D _   0.017 0.047 0.001 0.020 0.011 0.022 0.212 0.670 
 443 C _   0.016 0.042 0.001 0.016 0.009 0.020 0.215 0.680 
 444 R _   0.016 0.038 0.001 0.013 0.008 0.019 0.219 0.686 
 445 N _   0.015 0.035 0.001 0.011 0.007 0.018 0.222 0.690 
 446 V _   0.015 0.033 0.001 0.011 0.007 0.017 0.226 0.690 
 447 S _   0.015 0.032 0.001 0.012 0.007 0.017 0.230 0.688 
 448 Q _   0.014 0.032 0.001 0.013 0.007 0.016 0.233 0.684 
 449 F _   0.014 0.031 0.001 0.014 0.007 0.015 0.237 0.682 
 450 F _   0.013 0.031 0.001 0.014 0.006 0.014 0.241 0.680 
 451 Q _   0.011 0.029 0.001 0.014 0.006 0.013 0.245 0.681 
 452 K _   0.010 0.028 0.001 0.013 0.006 0.013 0.249 0.681 
 453 G _   0.009 0.026 0.001 0.012 0.005 0.012 0.252 0.683 
 454 G _   0.008 0.025 0.001 0.010 0.004 0.011 0.256 0.685 
 455 V _   0.008 0.023 0.000 0.009 0.004 0.011 0.260 0.685 
 456 K _   0.008 0.022 0.000 0.007 0.004 0.011 0.263 0.685 
 457 E _   0.008 0.022 0.000 0.007 0.003 0.011 0.266 0.682 
 458 A _   0.008 0.022 0.000 0.007 0.004 0.012 0.269 0.678 
 459 L _   0.009 0.024 0.000 0.007 0.004 0.013 0.272 0.671 
 460 S _   0.010 0.026 0.001 0.008 0.005 0.015 0.274 0.661 
 461 E _   0.011 0.031 0.001 0.010 0.006 0.017 0.277 0.647 
 462 R _   0.013 0.037 0.001 0.014 0.008 0.019 0.280 0.628 
 463 E _   0.015 0.046 0.001 0.018 0.011 0.022 0.283 0.605 
 464 L _   0.017 0.055 0.001 0.024 0.013 0.024 0.286 0.580 
 465 F _   0.018 0.063 0.001 0.030 0.016 0.025 0.291 0.555 
 466 N _   0.019 0.070 0.001 0.036 0.018 0.026 0.296 0.534 
 467 A _   0.019 0.074 0.001 0.041 0.018 0.026 0.303 0.517 
 468 V _   0.019 0.075 0.001 0.043 0.018 0.025 0.312 0.506 
 469 S _   0.019 0.074 0.001 0.042 0.017 0.023 0.322 0.501 
 470 G _   0.018 0.069 0.001 0.038 0.015 0.021 0.335 0.503 
 471 L _   0.017 0.061 0.001 0.032 0.012 0.018 0.349 0.509 
 472 N _   0.015 0.049 0.001 0.024 0.009 0.016 0.365 0.521 
 473 I _   0.013 0.036 0.001 0.017 0.007 0.013 0.380 0.534 
 474 T _   0.011 0.024 0.001 0.010 0.005 0.011 0.394 0.545 
 475 A _   0.009 0.016 0.000 0.006 0.003 0.010 0.405 0.551 
 476 D _   0.008 0.012 0.000 0.004 0.002 0.009 0.414 0.552 
 477 N _   0.007 0.010 0.000 0.003 0.002 0.009 0.421 0.548 
 478 E _   0.007 0.011 0.000 0.003 0.002 0.009 0.427 0.540 
 479 A _   0.008 0.013 0.000 0.005 0.003 0.011 0.433 0.527 
 480 D _   0.009 0.018 0.000 0.009 0.005 0.013 0.438 0.508 
 481 F _   0.010 0.028 0.001 0.016 0.007 0.016 0.443 0.478 
 482 L X   0.011 0.044 0.001 0.027 0.010 0.018 0.449 0.441 
 483 A X   0.011 0.058 0.001 0.039 0.012 0.019 0.455 0.404 
 484 E X   0.011 0.068 0.001 0.048 0.014 0.020 0.463 0.374 
 485 I X   0.011 0.074 0.001 0.054 0.014 0.020 0.474 0.353 
 486 E X   0.010 0.075 0.001 0.055 0.014 0.018 0.487 0.339 
 487 A X   0.009 0.073 0.001 0.051 0.012 0.017 0.504 0.332 
 488 L X   0.009 0.067 0.001 0.044 0.011 0.015 0.524 0.330 
 489 E X   0.008 0.057 0.001 0.034 0.009 0.013 0.548 0.331 
 490 K X   0.007 0.044 0.001 0.024 0.006 0.010 0.574 0.333 
 491 M X   0.006 0.030 0.001 0.015 0.004 0.008 0.600 0.335 
 492 N X   0.005 0.019 0.000 0.009 0.003 0.006 0.623 0.334 
 493 E X   0.004 0.013 0.000 0.006 0.002 0.005 0.641 0.329 
 494 D X   0.003 0.010 0.000 0.004 0.001 0.004 0.655 0.322 
 495 H X   0.003 0.008 0.000 0.003 0.001 0.004 0.666 0.315 
 496 V X   0.003 0.008 0.000 0.003 0.001 0.004 0.675 0.306 
 497 Q X   0.003 0.008 0.000 0.004 0.001 0.004 0.683 0.297 
 498 K X   0.003 0.009 0.000 0.005 0.002 0.005 0.690 0.286 
 499 N X   0.003 0.010 0.000 0.008 0.002 0.006 0.696 0.274 
 500 G X   0.003 0.013 0.000 0.012 0.003 0.007 0.703 0.260 
 501 R X   0.003 0.015 0.000 0.017 0.003 0.007 0.709 0.244 
 502 K X   0.003 0.017 0.000 0.021 0.004 0.008 0.717 0.229 
 503 A X   0.003 0.018 0.000 0.024 0.005 0.008 0.727 0.215 
 504 A X   0.003 0.018 0.001 0.025 0.005 0.008 0.738 0.203 
 505 S X   0.003 0.017 0.000 0.023 0.004 0.007 0.752 0.193 
 506 F X   0.003 0.016 0.000 0.020 0.004 0.006 0.767 0.184 
 507 L X   0.003 0.013 0.000 0.016 0.003 0.006 0.784 0.176 
 508 K X   0.002 0.010 0.000 0.012 0.002 0.005 0.801 0.168 
 509 D X   0.002 0.007 0.000 0.008 0.002 0.004 0.818 0.159 
 510 D X   0.002 0.005 0.000 0.005 0.001 0.003 0.832 0.151 
 511 G X   0.002 0.003 0.000 0.004 0.001 0.002 0.843 0.144 
 512 D X   0.001 0.002 0.000 0.003 0.001 0.002 0.853 0.138 
 513 P X   0.001 0.002 0.000 0.002 0.001 0.002 0.861 0.132 
 514 P X   0.001 0.002 0.000 0.002 0.001 0.001 0.867 0.127 
 515 L X   0.000 0.001 0.000 0.002 0.000 0.001 0.872 0.124 
 516 L X   0.000 0.001 0.000 0.001 0.000 0.000 0.875 0.122 
 517 Y X   0.000 0.001 0.000 0.001 0.000 0.000 0.875 0.123 
 518 D X   0.000 0.001 0.000 0.002 0.000 0.000 0.870 0.126 
 519 E X   0.002 0.001 0.001 0.010 0.002 0.002 0.852 0.129 
