#TopoPred_TM8: 8-state transmembrane topology prediction results by no_profile mode 
#probabilities are in the order of H E C I L F X _, the 8 transmembrane topology types used in PDBTM 
   1 M X   0.020 0.003 0.003 0.078 0.013 0.014 0.589 0.281 
   2 P X   0.008 0.002 0.000 0.047 0.003 0.007 0.604 0.328 
   3 T X   0.002 0.002 0.000 0.024 0.001 0.004 0.605 0.362 
   4 Q X   0.001 0.002 0.000 0.015 0.001 0.005 0.597 0.379 
   5 R X   0.002 0.005 0.000 0.014 0.001 0.007 0.582 0.390 
   6 D X   0.003 0.010 0.000 0.015 0.003 0.011 0.560 0.398 
   7 S X   0.005 0.024 0.001 0.021 0.005 0.016 0.530 0.398 
   8 S X   0.008 0.056 0.001 0.034 0.009 0.021 0.484 0.387 
   9 T X   0.009 0.118 0.002 0.052 0.014 0.026 0.422 0.356 
  10 M X   0.008 0.206 0.003 0.073 0.019 0.027 0.352 0.312 
  11 S X   0.007 0.290 0.003 0.088 0.020 0.026 0.292 0.274 
  12 H E   0.006 0.346 0.002 0.096 0.019 0.023 0.254 0.254 
  13 T E   0.005 0.377 0.002 0.096 0.017 0.021 0.230 0.251 
  14 V E   0.005 0.392 0.001 0.092 0.016 0.020 0.215 0.260 
  15 A E   0.005 0.396 0.001 0.083 0.014 0.018 0.204 0.279 
  16 G E   0.005 0.392 0.001 0.069 0.012 0.016 0.195 0.309 
  17 G E   0.006 0.380 0.001 0.052 0.010 0.014 0.189 0.349 
  18 G _   0.006 0.359 0.001 0.036 0.008 0.013 0.184 0.394 
  19 S _   0.006 0.334 0.001 0.023 0.006 0.012 0.179 0.440 
  20 G _   0.005 0.313 0.001 0.015 0.004 0.011 0.175 0.477 
  21 D _   0.005 0.300 0.000 0.010 0.003 0.011 0.170 0.500 
  22 H _   0.005 0.295 0.000 0.008 0.003 0.011 0.165 0.513 
  23 S _   0.005 0.296 0.000 0.008 0.003 0.012 0.159 0.517 
  24 H _   0.005 0.303 0.001 0.010 0.004 0.013 0.152 0.512 
  25 Q _   0.006 0.319 0.001 0.013 0.006 0.014 0.143 0.498 
  26 V _   0.007 0.345 0.001 0.018 0.008 0.016 0.132 0.474 
  27 R _   0.007 0.377 0.001 0.022 0.009 0.017 0.121 0.447 
  28 V _   0.007 0.408 0.001 0.025 0.010 0.017 0.111 0.421 
  29 K E   0.007 0.433 0.001 0.027 0.011 0.018 0.102 0.402 
  30 A E   0.007 0.452 0.001 0.027 0.011 0.018 0.095 0.389 
  31 Y E   0.007 0.465 0.001 0.026 0.011 0.018 0.089 0.382 
  32 Y E   0.007 0.474 0.001 0.025 0.011 0.019 0.085 0.378 
  33 R E   0.008 0.479 0.001 0.024 0.011 0.019 0.081 0.377 
  34 G E   0.009 0.483 0.001 0.022 0.012 0.019 0.078 0.377 
  35 D E   0.009 0.485 0.001 0.021 0.011 0.020 0.075 0.378 
  36 I E   0.010 0.485 0.001 0.019 0.011 0.020 0.073 0.381 
  37 M E   0.011 0.485 0.001 0.018 0.011 0.020 0.071 0.384 
  38 I E   0.011 0.483 0.001 0.017 0.010 0.020 0.069 0.389 
  39 T E   0.011 0.479 0.001 0.016 0.010 0.020 0.067 0.395 
  40 H E   0.011 0.475 0.001 0.015 0.010 0.020 0.066 0.402 
  41 F E   0.012 0.471 0.001 0.014 0.009 0.020 0.065 0.408 
  42 E E   0.012 0.466 0.001 0.014 0.009 0.020 0.063 0.415 
  43 P E   0.012 0.463 0.001 0.013 0.009 0.021 0.062 0.419 
  44 S E   0.013 0.461 0.001 0.013 0.010 0.021 0.061 0.420 
  45 I E   0.013 0.461 0.001 0.014 0.010 0.021 0.060 0.419 
  46 S E   0.014 0.463 0.001 0.016 0.011 0.021 0.059 0.415 
  47 F E   0.014 0.465 0.001 0.019 0.012 0.021 0.058 0.409 
  48 E E   0.014 0.467 0.001 0.022 0.013 0.021 0.057 0.404 
  49 G E   0.014 0.466 0.001 0.025 0.013 0.021 0.057 0.402 
  50 L E   0.014 0.461 0.001 0.028 0.013 0.020 0.057 0.406 
  51 C E   0.014 0.451 0.001 0.029 0.013 0.019 0.058 0.414 
  52 N E   0.014 0.435 0.001 0.030 0.013 0.018 0.059 0.431 
  53 E _   0.014 0.408 0.001 0.029 0.013 0.017 0.060 0.457 
  54 V _   0.014 0.371 0.001 0.027 0.012 0.017 0.062 0.496 
  55 R _   0.014 0.322 0.001 0.024 0.011 0.016 0.065 0.546 
  56 D _   0.014 0.267 0.001 0.021 0.010 0.016 0.069 0.602 
  57 M _   0.014 0.215 0.001 0.017 0.008 0.015 0.072 0.658 
  58 C _   0.013 0.172 0.001 0.014 0.007 0.014 0.075 0.705 
  59 S _   0.011 0.143 0.001 0.011 0.005 0.014 0.077 0.737 
  60 F _   0.010 0.126 0.001 0.010 0.005 0.013 0.079 0.757 
  61 D _   0.009 0.116 0.000 0.010 0.004 0.013 0.081 0.767 
  62 N _   0.009 0.110 0.000 0.010 0.004 0.013 0.082 0.771 
  63 E _   0.009 0.107 0.001 0.013 0.004 0.013 0.083 0.771 
  64 Q _   0.009 0.106 0.001 0.015 0.005 0.013 0.083 0.767 
  65 L _   0.009 0.105 0.001 0.019 0.006 0.013 0.084 0.764 
  66 F _   0.009 0.103 0.001 0.021 0.006 0.013 0.085 0.762 
  67 T _   0.009 0.099 0.001 0.023 0.006 0.012 0.086 0.763 
  68 M _   0.009 0.094 0.001 0.023 0.006 0.012 0.088 0.767 
  69 K _   0.008 0.086 0.001 0.022 0.006 0.011 0.090 0.776 
  70 W _   0.008 0.075 0.001 0.019 0.005 0.010 0.092 0.789 
  71 I _   0.008 0.063 0.001 0.016 0.005 0.009 0.095 0.805 
  72 D _   0.007 0.051 0.001 0.012 0.004 0.008 0.097 0.821 
  73 E _   0.007 0.040 0.000 0.009 0.003 0.008 0.099 0.835 
  74 E _   0.006 0.033 0.000 0.006 0.002 0.007 0.100 0.845 
  75 G _   0.006 0.028 0.000 0.005 0.002 0.007 0.101 0.851 
  76 D _   0.006 0.027 0.000 0.004 0.002 0.007 0.101 0.853 
  77 P _   0.006 0.027 0.000 0.004 0.002 0.008 0.101 0.852 
  78 C _   0.006 0.029 0.000 0.005 0.002 0.009 0.101 0.847 
  79 T _   0.007 0.034 0.000 0.007 0.003 0.011 0.099 0.837 
  80 V _   0.008 0.045 0.001 0.011 0.005 0.014 0.097 0.819 
  81 S _   0.009 0.062 0.001 0.017 0.007 0.017 0.095 0.793 
  82 S _   0.010 0.086 0.001 0.025 0.009 0.019 0.091 0.758 
  83 Q _   0.010 0.113 0.001 0.034 0.012 0.021 0.088 0.720 
  84 L _   0.011 0.139 0.001 0.043 0.014 0.023 0.085 0.684 
  85 E _   0.011 0.158 0.001 0.052 0.015 0.023 0.083 0.656 
  86 L _   0.011 0.170 0.001 0.059 0.016 0.023 0.081 0.639 
  87 E _   0.011 0.175 0.001 0.062 0.016 0.023 0.081 0.631 
  88 E _   0.012 0.175 0.001 0.062 0.016 0.022 0.081 0.632 
  89 A _   0.012 0.168 0.001 0.057 0.014 0.020 0.082 0.645 
  90 F _   0.012 0.155 0.001 0.049 0.012 0.018 0.084 0.669 
  91 R _   0.011 0.132 0.001 0.039 0.010 0.016 0.086 0.705 
  92 L _   0.011 0.100 0.001 0.028 0.008 0.014 0.089 0.749 
  93 Y _   0.010 0.067 0.001 0.017 0.006 0.013 0.091 0.795 
  94 E _   0.009 0.041 0.001 0.010 0.004 0.011 0.093 0.831 
  95 L _   0.009 0.026 0.000 0.006 0.003 0.011 0.094 0.852 
  96 N _   0.008 0.020 0.000 0.003 0.002 0.011 0.094 0.861 
  97 K _   0.009 0.018 0.000 0.003 0.002 0.012 0.094 0.862 
  98 D _   0.011 0.019 0.000 0.004 0.003 0.015 0.093 0.855 
  99 S _   0.015 0.025 0.001 0.006 0.005 0.019 0.092 0.837 
 100 E _   0.020 0.042 0.001 0.013 0.009 0.024 0.090 0.801 
 101 L _   0.023 0.079 0.002 0.024 0.015 0.029 0.087 0.742 
 102 L _   0.025 0.131 0.002 0.038 0.020 0.032 0.083 0.669 
 103 I _   0.026 0.181 0.002 0.052 0.023 0.033 0.080 0.604 
 104 H _   0.025 0.215 0.002 0.062 0.024 0.032 0.078 0.561 
 105 V _   0.024 0.234 0.002 0.069 0.024 0.031 0.077 0.539 
 106 F _   0.023 0.242 0.002 0.071 0.022 0.029 0.077 0.534 
 107 P _   0.021 0.242 0.002 0.068 0.021 0.027 0.078 0.541 
 108 C _   0.020 0.235 0.001 0.062 0.018 0.024 0.080 0.560 
 109 V _   0.018 0.219 0.001 0.053 0.015 0.021 0.083 0.590 
 110 P _   0.017 0.193 0.001 0.042 0.012 0.019 0.086 0.630 
 111 E _   0.015 0.160 0.001 0.031 0.009 0.016 0.090 0.677 
 112 R _   0.014 0.126 0.001 0.022 0.007 0.013 0.094 0.723 
 113 P _   0.012 0.097 0.001 0.015 0.005 0.011 0.097 0.762 
 114 G _   0.010 0.076 0.000 0.010 0.003 0.009 0.099 0.792 
 115 M _   0.008 0.063 0.000 0.007 0.002 0.008 0.100 0.811 
 116 P _   0.007 0.056 0.000 0.005 0.002 0.007 0.101 0.823 
 117 C _   0.006 0.053 0.000 0.004 0.001 0.006 0.100 0.829 
 118 P _   0.005 0.053 0.000 0.004 0.001 0.006 0.099 0.831 
 119 G _   0.005 0.055 0.000 0.005 0.002 0.007 0.097 0.829 
 120 E _   0.005 0.062 0.000 0.006 0.002 0.008 0.094 0.821 
 121 D _   0.006 0.077 0.000 0.009 0.003 0.010 0.090 0.803 
 122 K _   0.007 0.105 0.001 0.014 0.005 0.013 0.085 0.771 
 123 S _   0.008 0.150 0.001 0.020 0.007 0.015 0.077 0.722 
 124 I _   0.008 0.211 0.001 0.026 0.010 0.017 0.069 0.658 
 125 Y _   0.008 0.279 0.001 0.032 0.011 0.017 0.061 0.591 
 126 R _   0.007 0.342 0.001 0.036 0.012 0.017 0.054 0.530 
 127 R _   0.006 0.391 0.001 0.038 0.012 0.017 0.048 0.487 
 128 G _   0.006 0.424 0.001 0.038 0.011 0.016 0.044 0.459 
 129 A E   0.006 0.445 0.001 0.037 0.011 0.016 0.041 0.443 
 130 R E   0.006 0.457 0.001 0.035 0.010 0.015 0.039 0.437 
 131 R E   0.006 0.462 0.001 0.032 0.009 0.015 0.038 0.437 
 132 W E   0.006 0.463 0.001 0.028 0.009 0.014 0.036 0.442 
 133 R E   0.007 0.460 0.001 0.025 0.008 0.014 0.036 0.450 
 134 K _   0.007 0.454 0.001 0.022 0.008 0.014 0.035 0.460 
 135 L _   0.007 0.447 0.001 0.020 0.007 0.013 0.035 0.470 
 136 Y _   0.007 0.438 0.001 0.019 0.007 0.013 0.034 0.481 
 137 C _   0.008 0.429 0.001 0.018 0.007 0.013 0.034 0.490 
 138 A _   0.008 0.420 0.001 0.018 0.007 0.013 0.034 0.500 
 139 N _   0.008 0.409 0.001 0.018 0.007 0.013 0.034 0.511 
 140 G _   0.008 0.396 0.001 0.018 0.007 0.013 0.034 0.523 
 141 H _   0.008 0.381 0.001 0.018 0.007 0.013 0.034 0.538 
 142 T _   0.008 0.364 0.001 0.018 0.007 0.012 0.035 0.556 
 143 F _   0.008 0.343 0.001 0.016 0.006 0.012 0.035 0.578 
 144 Q _   0.008 0.320 0.001 0.015 0.006 0.012 0.035 0.603 
 145 A _   0.008 0.299 0.001 0.013 0.005 0.013 0.036 0.626 
 146 K _   0.008 0.280 0.001 0.011 0.005 0.013 0.036 0.647 
 147 R _   0.008 0.266 0.001 0.010 0.005 0.013 0.036 0.662 
 148 F _   0.008 0.257 0.001 0.009 0.004 0.014 0.036 0.671 
 149 N _   0.009 0.252 0.001 0.009 0.005 0.015 0.036 0.674 
 150 R _   0.010 0.251 0.001 0.009 0.005 0.016 0.035 0.672 
 151 R _   0.011 0.253 0.001 0.010 0.006 0.018 0.035 0.665 
 152 A _   0.013 0.258 0.001 0.012 0.008 0.020 0.034 0.654 
 153 H _   0.015 0.264 0.001 0.014 0.009 0.022 0.034 0.641 
 154 C _   0.016 0.272 0.001 0.017 0.011 0.024 0.033 0.625 
 155 A _   0.018 0.281 0.001 0.020 0.013 0.025 0.033 0.609 
 156 I _   0.020 0.288 0.001 0.023 0.015 0.026 0.032 0.594 
 157 C _   0.021 0.295 0.001 0.026 0.017 0.027 0.032 0.581 
 158 T _   0.023 0.298 0.001 0.029 0.018 0.028 0.032 0.571 
 159 D _   0.024 0.299 0.001 0.031 0.019 0.028 0.032 0.566 
 160 R _   0.025 0.296 0.001 0.032 0.019 0.027 0.032 0.567 
 161 I _   0.025 0.289 0.001 0.032 0.018 0.026 0.033 0.575 
 162 W _   0.024 0.276 0.001 0.031 0.017 0.025 0.034 0.591 
 163 G _   0.023 0.256 0.001 0.028 0.015 0.024 0.036 0.616 
 164 L _   0.022 0.230 0.001 0.025 0.014 0.022 0.038 0.649 
 165 G _   0.020 0.200 0.001 0.021 0.012 0.021 0.040 0.686 
 166 R _   0.019 0.169 0.001 0.016 0.010 0.019 0.042 0.724 
 167 Q _   0.017 0.143 0.001 0.013 0.008 0.018 0.044 0.756 
 168 G _   0.015 0.125 0.001 0.010 0.006 0.017 0.045 0.780 
 169 Y _   0.014 0.114 0.001 0.009 0.005 0.017 0.047 0.794 
 170 K _   0.013 0.108 0.001 0.008 0.005 0.016 0.048 0.801 
 171 C _   0.012 0.105 0.001 0.009 0.005 0.016 0.049 0.803 
 172 I _   0.012 0.105 0.001 0.011 0.006 0.017 0.050 0.800 
 173 N _   0.012 0.106 0.001 0.012 0.006 0.017 0.050 0.795 
 174 C _   0.013 0.107 0.001 0.014 0.007 0.018 0.051 0.789 
 175 K _   0.013 0.109 0.001 0.016 0.007 0.018 0.052 0.784 
 176 L _   0.013 0.110 0.001 0.016 0.008 0.019 0.053 0.781 
 177 L _   0.013 0.109 0.001 0.016 0.008 0.019 0.054 0.780 
 178 V _   0.013 0.109 0.001 0.015 0.008 0.019 0.055 0.780 
 179 H _   0.014 0.108 0.001 0.014 0.008 0.020 0.056 0.780 
 180 K _   0.015 0.108 0.001 0.013 0.008 0.021 0.057 0.778 
 181 K _   0.016 0.109 0.001 0.014 0.009 0.022 0.058 0.772 
 182 C _   0.018 0.111 0.001 0.015 0.010 0.023 0.059 0.763 
 183 H _   0.020 0.115 0.001 0.019 0.012 0.024 0.060 0.750 
 184 K _   0.021 0.119 0.001 0.023 0.013 0.025 0.062 0.736 
 185 L _   0.022 0.123 0.001 0.028 0.014 0.025 0.063 0.723 
 186 V _   0.023 0.125 0.001 0.032 0.015 0.024 0.066 0.713 
 187 T _   0.022 0.125 0.001 0.035 0.015 0.023 0.068 0.711 
 188 I _   0.021 0.121 0.001 0.034 0.014 0.022 0.071 0.715 
 189 E _   0.020 0.113 0.001 0.031 0.012 0.019 0.075 0.728 
 190 C _   0.018 0.100 0.001 0.026 0.010 0.017 0.079 0.748 
 191 G _   0.016 0.084 0.001 0.021 0.008 0.015 0.083 0.772 
 192 R _   0.015 0.066 0.001 0.016 0.006 0.013 0.088 0.795 
 193 H _   0.013 0.050 0.001 0.012 0.005 0.012 0.092 0.817 
 194 S _   0.011 0.038 0.001 0.009 0.004 0.010 0.095 0.832 
 195 L _   0.010 0.031 0.000 0.008 0.003 0.010 0.098 0.840 
 196 P _   0.009 0.027 0.000 0.007 0.003 0.009 0.101 0.843 
 197 Q _   0.009 0.025 0.000 0.008 0.003 0.009 0.103 0.843 
 198 E _   0.009 0.023 0.000 0.009 0.003 0.009 0.105 0.841 
 199 P _   0.008 0.023 0.000 0.011 0.003 0.009 0.107 0.838 
 200 V _   0.008 0.022 0.000 0.012 0.004 0.009 0.109 0.835 
 201 M _   0.008 0.021 0.000 0.013 0.004 0.009 0.111 0.834 
 202 P _   0.007 0.020 0.000 0.013 0.003 0.008 0.112 0.835 
 203 M _   0.007 0.018 0.000 0.011 0.003 0.008 0.114 0.839 
 204 D _   0.006 0.016 0.000 0.010 0.003 0.007 0.115 0.842 
 205 Q _   0.005 0.015 0.000 0.008 0.002 0.006 0.116 0.847 
 206 S _   0.005 0.013 0.000 0.006 0.002 0.006 0.117 0.851 
 207 S _   0.004 0.013 0.000 0.005 0.002 0.006 0.117 0.853 
 208 M _   0.004 0.013 0.000 0.006 0.002 0.006 0.117 0.852 
 209 H _   0.004 0.014 0.000 0.007 0.002 0.007 0.116 0.850 
 210 S _   0.005 0.017 0.000 0.009 0.003 0.008 0.115 0.844 
 211 D _   0.005 0.021 0.000 0.013 0.004 0.009 0.114 0.833 
 212 H _   0.006 0.027 0.001 0.019 0.005 0.011 0.113 0.819 
 213 A _   0.006 0.034 0.001 0.026 0.006 0.012 0.111 0.804 
 214 Q _   0.007 0.039 0.001 0.032 0.007 0.012 0.111 0.792 
 215 T _   0.007 0.042 0.001 0.035 0.007 0.013 0.110 0.785 
 216 V _   0.007 0.043 0.001 0.036 0.007 0.012 0.110 0.784 
 217 I _   0.007 0.042 0.001 0.033 0.006 0.011 0.111 0.789 
 218 P _   0.006 0.039 0.001 0.028 0.005 0.010 0.112 0.799 
 219 Y _   0.006 0.034 0.001 0.022 0.004 0.009 0.113 0.811 
 220 N _   0.006 0.028 0.000 0.016 0.003 0.008 0.115 0.825 
 221 P _   0.005 0.023 0.000 0.011 0.002 0.007 0.116 0.836 
 222 S _   0.005 0.019 0.000 0.007 0.002 0.006 0.117 0.844 
 223 S _   0.004 0.016 0.000 0.006 0.002 0.005 0.117 0.849 
 224 H _   0.004 0.015 0.000 0.005 0.001 0.005 0.117 0.852 
 225 E _   0.004 0.015 0.000 0.005 0.002 0.005 0.116 0.852 
 226 S _   0.004 0.016 0.000 0.006 0.002 0.006 0.115 0.850 
 227 L _   0.004 0.019 0.000 0.009 0.002 0.007 0.113 0.846 
 228 D _   0.004 0.022 0.000 0.011 0.003 0.007 0.111 0.841 
 229 Q _   0.005 0.026 0.000 0.015 0.003 0.008 0.108 0.834 
 230 V _   0.005 0.031 0.000 0.018 0.004 0.009 0.105 0.829 
 231 G _   0.005 0.034 0.001 0.020 0.004 0.009 0.103 0.824 
 232 E _   0.005 0.037 0.001 0.022 0.004 0.009 0.100 0.823 
 233 E _   0.005 0.039 0.001 0.022 0.004 0.009 0.098 0.823 
 234 K _   0.004 0.039 0.000 0.020 0.004 0.009 0.097 0.827 
 235 E _   0.004 0.038 0.000 0.018 0.004 0.008 0.095 0.831 
 236 A _   0.004 0.037 0.000 0.016 0.003 0.008 0.094 0.837 
 237 M _   0.004 0.035 0.000 0.014 0.003 0.007 0.093 0.843 
 238 N _   0.004 0.034 0.000 0.012 0.003 0.007 0.092 0.848 
 239 T _   0.004 0.032 0.000 0.010 0.002 0.007 0.091 0.853 
 240 R _   0.004 0.031 0.000 0.009 0.002 0.007 0.090 0.857 
 241 E _   0.004 0.030 0.000 0.008 0.002 0.007 0.089 0.859 
 242 S _   0.004 0.030 0.000 0.008 0.002 0.007 0.087 0.860 
 243 G _   0.004 0.031 0.000 0.009 0.002 0.007 0.086 0.860 
 244 K _   0.004 0.032 0.000 0.009 0.003 0.008 0.084 0.859 
 245 A _   0.005 0.034 0.000 0.010 0.003 0.009 0.082 0.857 
 246 S _   0.005 0.037 0.000 0.012 0.004 0.010 0.080 0.853 
 247 S _   0.005 0.040 0.000 0.013 0.004 0.011 0.077 0.849 
 248 S _   0.006 0.043 0.001 0.015 0.005 0.012 0.075 0.845 
 249 L _   0.006 0.045 0.001 0.016 0.005 0.013 0.073 0.842 
 250 G _   0.007 0.048 0.001 0.016 0.006 0.014 0.071 0.838 
 251 L _   0.007 0.050 0.001 0.017 0.006 0.015 0.069 0.834 
 252 Q _   0.008 0.052 0.001 0.018 0.007 0.017 0.067 0.830 
 253 D _   0.010 0.054 0.001 0.018 0.008 0.018 0.065 0.826 
 254 F _   0.011 0.055 0.001 0.019 0.009 0.020 0.064 0.822 
 255 D _   0.013 0.056 0.001 0.019 0.010 0.022 0.063 0.817 
 256 L _   0.015 0.056 0.001 0.019 0.010 0.023 0.062 0.813 
 257 L _   0.017 0.056 0.001 0.019 0.011 0.024 0.061 0.810 
 258 R _   0.019 0.056 0.001 0.019 0.011 0.025 0.060 0.808 
 259 V _   0.022 0.055 0.001 0.018 0.012 0.026 0.060 0.807 
 260 I _   0.024 0.054 0.001 0.017 0.012 0.027 0.059 0.806 
 261 G _   0.026 0.052 0.001 0.016 0.012 0.028 0.059 0.806 
 262 R _   0.028 0.051 0.001 0.015 0.013 0.028 0.059 0.805 
 263 G _   0.030 0.050 0.001 0.015 0.013 0.029 0.059 0.803 
 264 S _   0.031 0.050 0.001 0.016 0.014 0.029 0.059 0.800 
 265 Y _   0.032 0.049 0.001 0.017 0.014 0.030 0.059 0.797 
 266 A _   0.032 0.049 0.001 0.019 0.015 0.029 0.060 0.795 
 267 K _   0.031 0.049 0.001 0.021 0.015 0.028 0.060 0.795 
 268 V _   0.030 0.048 0.001 0.022 0.014 0.027 0.061 0.797 
 269 L _   0.029 0.045 0.001 0.022 0.013 0.025 0.062 0.803 
 270 L _   0.027 0.042 0.001 0.020 0.011 0.023 0.064 0.813 
 271 V _   0.024 0.037 0.001 0.017 0.009 0.020 0.065 0.826 
 272 R _   0.021 0.031 0.001 0.014 0.008 0.018 0.066 0.841 
 273 L _   0.018 0.026 0.001 0.011 0.006 0.016 0.067 0.856 
 274 K _   0.016 0.021 0.001 0.008 0.005 0.015 0.068 0.867 
 275 K _   0.015 0.018 0.000 0.006 0.004 0.014 0.068 0.874 
 276 T _   0.014 0.017 0.000 0.005 0.004 0.014 0.069 0.877 
 277 D _   0.014 0.017 0.000 0.006 0.004 0.015 0.069 0.875 
 278 R _   0.015 0.019 0.001 0.008 0.005 0.016 0.069 0.868 
 279 I _   0.016 0.024 0.001 0.011 0.006 0.017 0.069 0.856 
 280 Y _   0.017 0.031 0.001 0.017 0.008 0.019 0.069 0.839 
 281 A _   0.017 0.039 0.001 0.025 0.010 0.020 0.069 0.819 
 282 M _   0.018 0.047 0.001 0.033 0.012 0.021 0.069 0.800 
 283 K _   0.017 0.052 0.001 0.039 0.013 0.021 0.069 0.788 
 284 V _   0.017 0.054 0.001 0.042 0.013 0.020 0.070 0.784 
 285 V _   0.016 0.053 0.001 0.040 0.012 0.018 0.072 0.788 
 286 K _   0.015 0.049 0.001 0.036 0.010 0.016 0.074 0.799 
 287 K _   0.014 0.043 0.001 0.029 0.008 0.014 0.076 0.816 
 288 E _   0.012 0.033 0.001 0.021 0.006 0.012 0.079 0.837 
 289 L _   0.011 0.023 0.001 0.014 0.004 0.009 0.081 0.858 
 290 V _   0.009 0.014 0.000 0.008 0.003 0.008 0.083 0.875 
 291 N _   0.008 0.008 0.000 0.005 0.002 0.006 0.084 0.887 
 292 D _   0.006 0.005 0.000 0.003 0.001 0.006 0.085 0.893 
 293 D _   0.006 0.004 0.000 0.003 0.001 0.006 0.085 0.895 
 294 E _   0.006 0.004 0.000 0.003 0.001 0.006 0.085 0.895 
 295 D _   0.006 0.004 0.000 0.004 0.002 0.007 0.084 0.892 
 296 I _   0.007 0.006 0.000 0.006 0.002 0.009 0.083 0.886 
 297 D _   0.008 0.010 0.000 0.009 0.004 0.011 0.081 0.877 
 298 W _   0.009 0.015 0.001 0.014 0.005 0.014 0.079 0.863 
 299 V _   0.010 0.022 0.001 0.021 0.007 0.016 0.077 0.847 
 300 Q _   0.010 0.029 0.001 0.027 0.008 0.017 0.074 0.834 
 301 T _   0.010 0.033 0.001 0.031 0.009 0.018 0.072 0.825 
 302 E _   0.009 0.036 0.001 0.033 0.010 0.018 0.071 0.822 
 303 K _   0.009 0.036 0.001 0.032 0.010 0.018 0.070 0.825 
 304 H _   0.009 0.035 0.001 0.029 0.009 0.017 0.069 0.832 
 305 V _   0.008 0.032 0.001 0.024 0.008 0.016 0.068 0.843 
 306 F _   0.008 0.028 0.001 0.018 0.006 0.015 0.068 0.856 
 307 E _   0.008 0.024 0.001 0.013 0.005 0.015 0.067 0.867 
 308 Q _   0.009 0.020 0.000 0.009 0.004 0.015 0.067 0.875 
 309 A _   0.010 0.018 0.000 0.007 0.004 0.016 0.066 0.879 
 310 S _   0.012 0.017 0.000 0.007 0.005 0.018 0.065 0.877 
 311 N _   0.014 0.017 0.001 0.007 0.006 0.021 0.064 0.870 
 312 H _   0.018 0.019 0.001 0.010 0.008 0.025 0.063 0.857 
 313 P _   0.023 0.023 0.001 0.014 0.012 0.030 0.061 0.837 
 314 F _   0.027 0.029 0.001 0.020 0.016 0.034 0.060 0.813 
 315 L _   0.031 0.034 0.001 0.027 0.019 0.038 0.058 0.791 
 316 V _   0.034 0.038 0.002 0.033 0.022 0.040 0.057 0.774 
 317 G _   0.036 0.041 0.002 0.037 0.023 0.041 0.056 0.765 
 318 L _   0.037 0.040 0.002 0.037 0.023 0.041 0.055 0.765 
 319 H _   0.038 0.037 0.002 0.033 0.022 0.040 0.055 0.773 
 320 S _   0.039 0.032 0.001 0.026 0.019 0.039 0.055 0.789 
 321 C _   0.039 0.024 0.001 0.019 0.016 0.038 0.054 0.807 
 322 F _   0.041 0.017 0.001 0.013 0.014 0.037 0.054 0.823 
 323 Q _   0.042 0.012 0.001 0.009 0.012 0.037 0.054 0.834 
 324 T _   0.045 0.008 0.001 0.006 0.011 0.037 0.054 0.837 
 325 E _   0.049 0.007 0.001 0.006 0.011 0.038 0.054 0.834 
 326 S _   0.055 0.007 0.001 0.006 0.012 0.039 0.054 0.825 
 327 R _   0.061 0.008 0.001 0.008 0.015 0.041 0.054 0.811 
 328 L _   0.066 0.010 0.001 0.011 0.018 0.042 0.054 0.797 
 329 F _   0.070 0.013 0.001 0.015 0.020 0.043 0.055 0.782 
 330 F _   0.072 0.016 0.002 0.018 0.022 0.044 0.055 0.772 
 331 V _   0.073 0.018 0.002 0.020 0.022 0.043 0.056 0.767 
 332 I _   0.070 0.019 0.002 0.020 0.022 0.041 0.057 0.769 
 333 E _   0.067 0.019 0.001 0.018 0.020 0.039 0.058 0.776 
 334 Y _   0.062 0.019 0.001 0.016 0.018 0.037 0.060 0.787 
 335 V _   0.058 0.018 0.001 0.015 0.016 0.035 0.061 0.796 
 336 N _   0.053 0.018 0.001 0.014 0.015 0.033 0.063 0.803 
 337 G _   0.049 0.018 0.001 0.014 0.014 0.032 0.064 0.809 
 338 G _   0.045 0.018 0.001 0.015 0.013 0.030 0.066 0.811 
 339 D _   0.041 0.019 0.001 0.017 0.012 0.028 0.068 0.813 
 340 L _   0.037 0.020 0.001 0.020 0.012 0.026 0.070 0.814 
 341 M _   0.033 0.020 0.001 0.022 0.011 0.024 0.072 0.818 
 342 F _   0.028 0.019 0.001 0.022 0.010 0.021 0.074 0.826 
 343 H _   0.023 0.017 0.001 0.020 0.008 0.018 0.076 0.836 
 344 M _   0.019 0.014 0.001 0.017 0.007 0.016 0.079 0.848 
 345 Q _   0.015 0.011 0.001 0.014 0.005 0.013 0.081 0.861 
 346 R _   0.012 0.008 0.000 0.010 0.004 0.011 0.082 0.873 
 347 Q _   0.010 0.005 0.000 0.007 0.003 0.009 0.084 0.883 
 348 R _   0.008 0.003 0.000 0.005 0.002 0.008 0.085 0.889 
 349 K _   0.007 0.002 0.000 0.004 0.002 0.007 0.085 0.893 
 350 L _   0.007 0.001 0.000 0.003 0.002 0.008 0.085 0.895 
 351 P _   0.007 0.001 0.000 0.003 0.002 0.009 0.085 0.894 
 352 E _   0.008 0.001 0.000 0.003 0.002 0.011 0.084 0.891 
 353 E _   0.011 0.001 0.000 0.004 0.003 0.014 0.083 0.884 
 354 H _   0.015 0.002 0.000 0.005 0.004 0.018 0.082 0.872 
 355 A _   0.021 0.005 0.001 0.008 0.007 0.024 0.080 0.855 
 356 R _   0.028 0.008 0.001 0.012 0.012 0.031 0.077 0.831 
 357 F _   0.036 0.014 0.001 0.017 0.017 0.038 0.075 0.802 
 358 Y _   0.044 0.019 0.002 0.023 0.023 0.044 0.072 0.773 
 359 S _   0.052 0.024 0.002 0.028 0.028 0.049 0.070 0.746 
 360 A _   0.060 0.028 0.002 0.032 0.032 0.052 0.068 0.725 
 361 E _   0.068 0.030 0.002 0.034 0.034 0.054 0.067 0.712 
 362 I _   0.074 0.031 0.002 0.032 0.034 0.054 0.066 0.707 
 363 S _   0.078 0.029 0.002 0.029 0.033 0.053 0.066 0.711 
 364 L _   0.081 0.026 0.002 0.024 0.030 0.051 0.065 0.720 
 365 A _   0.083 0.023 0.002 0.019 0.026 0.049 0.065 0.733 
 366 L _   0.081 0.019 0.001 0.015 0.023 0.046 0.066 0.749 
 367 N _   0.078 0.015 0.001 0.012 0.020 0.043 0.066 0.764 
 368 Y _   0.075 0.013 0.001 0.011 0.017 0.040 0.067 0.777 
 369 L _   0.070 0.011 0.001 0.010 0.015 0.038 0.067 0.788 
 370 H _   0.066 0.010 0.001 0.010 0.014 0.035 0.068 0.795 
 371 E _   0.061 0.010 0.001 0.012 0.013 0.033 0.069 0.802 
 372 R _   0.055 0.011 0.001 0.013 0.012 0.031 0.070 0.808 
 373 G _   0.049 0.011 0.001 0.015 0.012 0.028 0.071 0.814 
 374 I _   0.043 0.011 0.001 0.016 0.011 0.025 0.071 0.822 
 375 I _   0.036 0.011 0.001 0.016 0.010 0.023 0.072 0.831 
 376 Y _   0.031 0.011 0.001 0.016 0.009 0.020 0.073 0.840 
 377 R _   0.025 0.010 0.001 0.015 0.008 0.018 0.074 0.849 
 378 D _   0.021 0.009 0.001 0.013 0.006 0.015 0.075 0.859 
 379 L _   0.017 0.008 0.001 0.012 0.005 0.013 0.076 0.868 
 380 K _   0.014 0.007 0.001 0.010 0.004 0.011 0.077 0.876 
 381 L _   0.012 0.006 0.000 0.008 0.004 0.010 0.078 0.882 
 382 D _   0.010 0.005 0.000 0.007 0.003 0.009 0.079 0.887 
 383 N _   0.009 0.004 0.000 0.007 0.003 0.008 0.079 0.890 
 384 V _   0.008 0.004 0.000 0.006 0.003 0.007 0.079 0.892 
 385 L _   0.008 0.004 0.000 0.006 0.002 0.007 0.079 0.893 
 386 L _   0.008 0.004 0.000 0.007 0.003 0.007 0.079 0.893 
 387 D _   0.007 0.005 0.000 0.007 0.003 0.007 0.078 0.892 
 388 S _   0.007 0.005 0.000 0.008 0.003 0.007 0.078 0.892 
 389 E _   0.007 0.006 0.000 0.008 0.003 0.008 0.077 0.890 
 390 G _   0.007 0.007 0.000 0.009 0.003 0.008 0.076 0.889 
 391 H _   0.007 0.008 0.000 0.010 0.003 0.008 0.075 0.888 
 392 I _   0.007 0.009 0.000 0.011 0.004 0.009 0.074 0.886 
 393 K _   0.007 0.011 0.000 0.012 0.004 0.009 0.073 0.884 
 394 L _   0.007 0.012 0.000 0.013 0.004 0.009 0.072 0.883 
 395 T _   0.007 0.013 0.000 0.014 0.004 0.009 0.071 0.882 
 396 D _   0.007 0.014 0.000 0.014 0.004 0.009 0.070 0.881 
 397 Y _   0.007 0.015 0.001 0.015 0.004 0.009 0.069 0.881 
 398 G _   0.007 0.015 0.000 0.015 0.004 0.009 0.068 0.881 
 399 M _   0.007 0.015 0.000 0.015 0.004 0.009 0.067 0.883 
 400 C _   0.006 0.015 0.000 0.015 0.004 0.009 0.066 0.885 
 401 K _   0.006 0.015 0.000 0.014 0.004 0.008 0.065 0.887 
 402 E _   0.006 0.014 0.000 0.013 0.003 0.008 0.064 0.891 
 403 G _   0.006 0.014 0.000 0.011 0.003 0.007 0.063 0.895 
 404 L _   0.005 0.013 0.000 0.010 0.003 0.007 0.062 0.899 
 405 R _   0.005 0.012 0.000 0.009 0.003 0.007 0.061 0.903 
 406 P _   0.005 0.012 0.000 0.008 0.002 0.007 0.060 0.905 
 407 G _   0.005 0.012 0.000 0.008 0.002 0.007 0.058 0.907 
 408 D _   0.005 0.013 0.000 0.009 0.003 0.007 0.056 0.907 
 409 T _   0.005 0.014 0.000 0.009 0.003 0.008 0.054 0.907 
 410 T _   0.005 0.015 0.000 0.010 0.003 0.008 0.052 0.906 
 411 S _   0.005 0.017 0.000 0.012 0.004 0.008 0.050 0.904 
 412 T _   0.005 0.019 0.000 0.013 0.004 0.009 0.048 0.902 
 413 F _   0.005 0.020 0.001 0.015 0.004 0.010 0.046 0.900 
 414 C _   0.005 0.022 0.001 0.016 0.005 0.010 0.043 0.898 
 415 G _   0.005 0.024 0.001 0.017 0.005 0.011 0.041 0.896 
 416 T _   0.005 0.026 0.001 0.018 0.005 0.011 0.039 0.894 
 417 P _   0.006 0.028 0.001 0.020 0.006 0.012 0.036 0.892 
 418 N _   0.006 0.029 0.001 0.022 0.006 0.013 0.034 0.889 
 419 Y _   0.007 0.030 0.001 0.024 0.007 0.013 0.032 0.886 
 420 I _   0.007 0.031 0.001 0.026 0.008 0.014 0.030 0.883 
 421 A _   0.008 0.031 0.001 0.028 0.008 0.014 0.029 0.882 
 422 P _   0.009 0.030 0.001 0.028 0.008 0.015 0.027 0.883 
 423 E _   0.010 0.028 0.001 0.027 0.008 0.014 0.026 0.886 
 424 I _   0.011 0.024 0.001 0.024 0.008 0.014 0.024 0.893 
 425 L _   0.014 0.020 0.001 0.020 0.007 0.013 0.023 0.902 
 426 R _   0.019 0.014 0.001 0.015 0.006 0.012 0.022 0.911 
 427 G _   0.027 0.008 0.001 0.010 0.005 0.012 0.021 0.917 
 428 E _   0.039 0.003 0.001 0.006 0.004 0.011 0.019 0.916 
 429 D _   0.060 0.001 0.000 0.003 0.004 0.010 0.018 0.903 
 430 Y _   0.094 0.000 0.001 0.002 0.004 0.010 0.016 0.873 
 431 G _   0.148 0.000 0.001 0.001 0.005 0.011 0.014 0.821 
 432 F _   0.231 0.000 0.001 0.001 0.006 0.011 0.011 0.739 
 433 S _   0.344 0.000 0.001 0.001 0.007 0.012 0.009 0.626 
 434 V _   0.476 0.000 0.001 0.001 0.009 0.013 0.007 0.494 
 435 D H   0.609 0.000 0.001 0.001 0.011 0.013 0.005 0.360 
 436 W H   0.723 0.000 0.001 0.001 0.013 0.012 0.003 0.246 
 437 W H   0.805 0.000 0.001 0.001 0.015 0.011 0.003 0.165 
 438 A H   0.858 0.000 0.001 0.001 0.016 0.010 0.002 0.112 
 439 L H   0.890 0.000 0.001 0.001 0.016 0.009 0.002 0.082 
 440 G H   0.905 0.000 0.001 0.001 0.017 0.008 0.002 0.066 
 441 V H   0.910 0.000 0.001 0.001 0.017 0.008 0.002 0.061 
 442 L H   0.905 0.000 0.001 0.001 0.018 0.007 0.003 0.065 
 443 M H   0.890 0.000 0.001 0.001 0.018 0.008 0.003 0.079 
 444 F H   0.861 0.000 0.001 0.001 0.019 0.008 0.005 0.106 
 445 E H   0.811 0.000 0.001 0.001 0.019 0.009 0.007 0.151 
 446 M H   0.740 0.000 0.002 0.001 0.018 0.010 0.011 0.219 
 447 M H   0.648 0.000 0.002 0.002 0.016 0.011 0.016 0.305 
 448 A H   0.543 0.000 0.001 0.002 0.014 0.012 0.024 0.404 
 449 G _   0.437 0.000 0.001 0.003 0.012 0.013 0.033 0.502 
 450 R _   0.340 0.000 0.001 0.004 0.010 0.013 0.043 0.589 
 451 S _   0.256 0.000 0.001 0.006 0.009 0.014 0.053 0.661 
 452 P _   0.188 0.001 0.001 0.008 0.008 0.014 0.063 0.717 
 453 F _   0.134 0.001 0.001 0.010 0.007 0.013 0.072 0.761 
 454 D _   0.092 0.001 0.001 0.012 0.006 0.012 0.081 0.795 
 455 I _   0.061 0.001 0.001 0.012 0.005 0.011 0.088 0.820 
 456 V _   0.040 0.001 0.001 0.011 0.004 0.009 0.094 0.839 
 457 G _   0.026 0.001 0.000 0.009 0.003 0.008 0.099 0.853 
 458 S _   0.017 0.001 0.000 0.007 0.002 0.006 0.103 0.863 
 459 S _   0.011 0.001 0.000 0.005 0.002 0.005 0.106 0.871 
 460 D _   0.007 0.001 0.000 0.003 0.001 0.004 0.108 0.875 
 461 N _   0.005 0.000 0.000 0.002 0.001 0.004 0.110 0.877 
 462 P _   0.004 0.001 0.000 0.002 0.001 0.004 0.110 0.877 
 463 D _   0.004 0.001 0.000 0.002 0.001 0.006 0.110 0.875 
 464 Q _   0.005 0.003 0.000 0.003 0.002 0.008 0.110 0.870 
 465 N _   0.007 0.007 0.000 0.005 0.003 0.011 0.109 0.858 
 466 T _   0.009 0.017 0.001 0.010 0.005 0.016 0.107 0.836 
 467 E _   0.011 0.038 0.001 0.018 0.008 0.022 0.104 0.799 
 468 D _   0.014 0.068 0.001 0.028 0.012 0.027 0.100 0.750 
 469 Y _   0.015 0.104 0.002 0.039 0.017 0.031 0.096 0.697 
 470 L _   0.016 0.133 0.002 0.050 0.020 0.034 0.093 0.653 
 471 F _   0.017 0.152 0.002 0.058 0.022 0.036 0.090 0.624 
 472 Q _   0.017 0.163 0.002 0.062 0.023 0.036 0.089 0.608 
 473 V _   0.018 0.167 0.002 0.062 0.023 0.036 0.088 0.605 
 474 I _   0.019 0.165 0.002 0.058 0.022 0.035 0.088 0.612 
 475 L _   0.019 0.158 0.002 0.050 0.020 0.034 0.089 0.628 
 476 E _   0.020 0.144 0.002 0.040 0.018 0.033 0.090 0.653 
 477 K _   0.021 0.124 0.001 0.030 0.015 0.032 0.092 0.685 
 478 Q _   0.022 0.103 0.001 0.021 0.012 0.031 0.094 0.717 
 479 I _   0.023 0.084 0.001 0.014 0.010 0.030 0.096 0.742 
 480 R _   0.024 0.072 0.001 0.009 0.008 0.031 0.097 0.758 
 481 I _   0.026 0.066 0.001 0.007 0.007 0.031 0.098 0.764 
 482 P _   0.029 0.064 0.001 0.006 0.008 0.033 0.099 0.761 
 483 R _   0.032 0.067 0.001 0.007 0.009 0.036 0.100 0.748 
 484 S _   0.037 0.074 0.001 0.010 0.013 0.039 0.100 0.726 
 485 L _   0.041 0.090 0.001 0.016 0.018 0.042 0.100 0.693 
 486 S _   0.043 0.113 0.002 0.024 0.023 0.044 0.100 0.652 
 487 V _   0.044 0.140 0.002 0.034 0.027 0.044 0.100 0.609 
 488 K _   0.044 0.163 0.002 0.044 0.029 0.043 0.101 0.574 
 489 A _   0.043 0.178 0.002 0.053 0.029 0.041 0.103 0.552 
 490 A _   0.041 0.186 0.002 0.058 0.028 0.038 0.105 0.543 
 491 S _   0.038 0.186 0.002 0.059 0.025 0.034 0.109 0.547 
 492 V _   0.035 0.181 0.002 0.055 0.021 0.030 0.114 0.563 
 493 L _   0.030 0.167 0.002 0.048 0.017 0.026 0.120 0.590 
 494 K _   0.026 0.143 0.001 0.038 0.013 0.021 0.127 0.629 
 495 S _   0.022 0.110 0.001 0.028 0.010 0.017 0.135 0.676 
 496 F _   0.019 0.077 0.001 0.019 0.007 0.014 0.142 0.722 
 497 L _   0.015 0.051 0.001 0.011 0.004 0.011 0.149 0.759 
 498 N _   0.012 0.034 0.000 0.007 0.003 0.008 0.153 0.783 
 499 K _   0.009 0.026 0.000 0.004 0.002 0.007 0.156 0.796 
 500 D _   0.007 0.022 0.000 0.003 0.001 0.006 0.158 0.802 
 501 P _   0.006 0.021 0.000 0.003 0.001 0.006 0.159 0.804 
 502 K _   0.006 0.022 0.000 0.004 0.001 0.006 0.159 0.802 
 503 E _   0.006 0.026 0.000 0.005 0.002 0.007 0.158 0.796 
 504 R _   0.006 0.033 0.000 0.007 0.003 0.008 0.157 0.786 
 505 L _   0.006 0.046 0.000 0.011 0.003 0.009 0.155 0.770 
 506 G _   0.006 0.063 0.001 0.014 0.004 0.010 0.152 0.750 
 507 C _   0.006 0.082 0.001 0.017 0.005 0.011 0.149 0.729 
 508 H _   0.006 0.101 0.001 0.020 0.005 0.011 0.146 0.710 
 509 P _   0.005 0.118 0.001 0.021 0.006 0.011 0.143 0.694 
 510 Q _   0.005 0.133 0.001 0.022 0.006 0.011 0.141 0.682 
 511 T _   0.005 0.144 0.001 0.022 0.006 0.011 0.140 0.672 
 512 G _   0.005 0.154 0.001 0.021 0.006 0.011 0.138 0.664 
 513 F _   0.005 0.162 0.001 0.021 0.006 0.012 0.137 0.656 
 514 A _   0.005 0.169 0.001 0.021 0.006 0.012 0.137 0.650 
 515 D _   0.005 0.176 0.001 0.021 0.006 0.012 0.137 0.643 
 516 I _   0.006 0.181 0.001 0.021 0.006 0.012 0.137 0.637 
 517 Q _   0.006 0.186 0.001 0.021 0.006 0.012 0.137 0.632 
 518 G _   0.006 0.189 0.001 0.021 0.006 0.012 0.138 0.628 
 519 H _   0.006 0.190 0.001 0.021 0.006 0.012 0.139 0.625 
 520 P _   0.006 0.191 0.001 0.021 0.006 0.012 0.141 0.623 
 521 F _   0.006 0.190 0.001 0.020 0.006 0.011 0.143 0.623 
 522 F _   0.006 0.187 0.001 0.019 0.006 0.011 0.145 0.625 
 523 R _   0.006 0.184 0.001 0.019 0.006 0.011 0.148 0.627 
 524 N _   0.006 0.179 0.001 0.018 0.006 0.011 0.151 0.628 
 525 V _   0.006 0.175 0.001 0.018 0.006 0.011 0.154 0.630 
 526 D _   0.007 0.170 0.001 0.017 0.006 0.011 0.158 0.631 
 527 W _   0.007 0.165 0.001 0.018 0.006 0.011 0.162 0.631 
 528 D _   0.007 0.160 0.001 0.019 0.006 0.011 0.167 0.630 
 529 M _   0.008 0.154 0.001 0.020 0.006 0.012 0.172 0.628 
 530 M _   0.008 0.148 0.001 0.020 0.006 0.011 0.177 0.628 
 531 E _   0.008 0.140 0.001 0.021 0.006 0.011 0.184 0.630 
 532 Q _   0.008 0.129 0.001 0.020 0.006 0.011 0.191 0.635 
 533 K _   0.008 0.117 0.001 0.019 0.006 0.010 0.198 0.641 
 534 Q _   0.008 0.104 0.001 0.017 0.005 0.010 0.206 0.650 
 535 V _   0.007 0.090 0.001 0.014 0.005 0.009 0.214 0.660 
 536 V _   0.007 0.077 0.001 0.012 0.004 0.008 0.222 0.670 
 537 P _   0.006 0.066 0.000 0.009 0.003 0.008 0.230 0.677 
 538 P _   0.006 0.058 0.000 0.008 0.003 0.007 0.237 0.681 
 539 F _   0.006 0.053 0.000 0.007 0.002 0.007 0.242 0.683 
 540 K _   0.005 0.049 0.000 0.007 0.002 0.007 0.248 0.681 
 541 P _   0.005 0.048 0.000 0.007 0.003 0.007 0.252 0.677 
 542 N _   0.005 0.048 0.000 0.009 0.003 0.008 0.257 0.670 
 543 I _   0.005 0.049 0.000 0.011 0.003 0.008 0.261 0.661 
 544 S _   0.006 0.050 0.000 0.014 0.004 0.009 0.265 0.652 
 545 G _   0.006 0.051 0.000 0.016 0.004 0.009 0.270 0.644 
 546 E _   0.006 0.051 0.001 0.017 0.004 0.009 0.275 0.636 
 547 F _   0.005 0.051 0.001 0.018 0.004 0.009 0.280 0.632 
 548 G _   0.005 0.049 0.001 0.017 0.004 0.008 0.286 0.630 
 549 L _   0.005 0.046 0.000 0.015 0.004 0.008 0.292 0.630 
 550 D _   0.004 0.043 0.000 0.013 0.003 0.007 0.298 0.631 
 551 N _   0.004 0.040 0.000 0.011 0.003 0.007 0.304 0.631 
 552 F _   0.004 0.037 0.000 0.009 0.003 0.007 0.310 0.629 
 553 D _   0.004 0.035 0.000 0.009 0.003 0.007 0.316 0.626 
 554 S _   0.004 0.034 0.000 0.009 0.003 0.007 0.322 0.620 
 555 Q _   0.005 0.034 0.000 0.011 0.003 0.008 0.327 0.613 
 556 F _   0.005 0.034 0.000 0.013 0.003 0.008 0.333 0.603 
 557 T _   0.005 0.035 0.000 0.015 0.004 0.009 0.339 0.593 
 558 N _   0.005 0.036 0.001 0.018 0.004 0.009 0.345 0.582 
 559 E _   0.005 0.036 0.001 0.019 0.005 0.009 0.352 0.574 
 560 P _   0.006 0.035 0.001 0.019 0.004 0.009 0.359 0.568 
 561 V _   0.005 0.033 0.001 0.017 0.004 0.008 0.367 0.565 
 562 Q _   0.005 0.030 0.000 0.015 0.003 0.007 0.376 0.563 
 563 L _   0.005 0.027 0.000 0.012 0.003 0.006 0.384 0.563 
 564 T _   0.004 0.023 0.000 0.009 0.002 0.006 0.392 0.564 
 565 P _   0.004 0.021 0.000 0.007 0.002 0.005 0.399 0.563 
 566 D _   0.004 0.019 0.000 0.005 0.002 0.005 0.405 0.561 
 567 D _   0.003 0.019 0.000 0.004 0.001 0.004 0.410 0.558 
 568 D _   0.003 0.019 0.000 0.004 0.001 0.005 0.414 0.554 
 569 D _   0.003 0.021 0.000 0.004 0.001 0.005 0.417 0.548 
 570 I _   0.004 0.024 0.000 0.005 0.002 0.006 0.419 0.541 
 571 V _   0.004 0.029 0.000 0.006 0.002 0.006 0.420 0.532 
 572 R _   0.004 0.037 0.000 0.008 0.003 0.007 0.421 0.520 
 573 K _   0.004 0.049 0.000 0.010 0.003 0.008 0.421 0.505 
 574 I _   0.004 0.062 0.000 0.012 0.004 0.009 0.421 0.489 
 575 D _   0.004 0.077 0.001 0.013 0.004 0.009 0.421 0.472 
 576 Q _   0.004 0.091 0.001 0.014 0.004 0.010 0.420 0.455 
 577 S _   0.004 0.106 0.001 0.015 0.005 0.011 0.420 0.438 
 578 E X   0.004 0.121 0.001 0.016 0.005 0.012 0.421 0.420 
 579 F X   0.005 0.136 0.001 0.016 0.006 0.012 0.422 0.403 
 580 E X   0.005 0.150 0.001 0.017 0.006 0.013 0.423 0.385 
 581 G X   0.005 0.163 0.001 0.017 0.006 0.014 0.425 0.367 
 582 F X   0.006 0.176 0.001 0.017 0.007 0.015 0.428 0.349 
 583 E X   0.007 0.189 0.001 0.018 0.008 0.016 0.431 0.331 
 584 Y X   0.008 0.202 0.001 0.019 0.008 0.017 0.434 0.312 
 585 I X   0.009 0.214 0.001 0.019 0.009 0.018 0.437 0.292 
 586 N X   0.010 0.225 0.001 0.020 0.010 0.019 0.442 0.274 
 587 P X   0.010 0.235 0.001 0.022 0.011 0.019 0.446 0.256 
 588 L X   0.010 0.244 0.001 0.023 0.011 0.018 0.452 0.241 
 589 L X   0.009 0.249 0.001 0.025 0.011 0.016 0.458 0.230 
 590 M X   0.008 0.253 0.001 0.026 0.010 0.014 0.466 0.222 
 591 S X   0.006 0.252 0.001 0.025 0.008 0.011 0.476 0.221 
 592 A X   0.004 0.247 0.001 0.022 0.005 0.007 0.488 0.226 
 593 E X   0.002 0.233 0.000 0.017 0.002 0.003 0.500 0.242 
 594 E X   0.001 0.213 0.000 0.012 0.001 0.002 0.505 0.266 
 595 C X   0.001 0.193 0.000 0.012 0.001 0.002 0.505 0.287 
 596 V X   0.004 0.180 0.002 0.019 0.004 0.004 0.494 0.293 
