#TopoPred_TM8: 8-state transmembrane topology prediction results by no_profile mode 
#probabilities are in the order of H E C I L F X _, the 8 transmembrane topology types used in PDBTM 
   1 M X   0.012 0.001 0.002 0.046 0.008 0.009 0.722 0.200 
   2 Q X   0.004 0.001 0.000 0.024 0.001 0.004 0.741 0.226 
   3 K X   0.001 0.001 0.000 0.012 0.000 0.002 0.743 0.241 
   4 Y X   0.001 0.001 0.000 0.008 0.000 0.002 0.740 0.248 
   5 E X   0.001 0.003 0.000 0.008 0.001 0.004 0.732 0.252 
   6 K X   0.002 0.006 0.000 0.009 0.002 0.007 0.719 0.255 
   7 L X   0.003 0.013 0.000 0.013 0.003 0.009 0.703 0.256 
   8 E X   0.005 0.027 0.001 0.018 0.004 0.012 0.680 0.253 
   9 K X   0.005 0.048 0.001 0.025 0.006 0.014 0.652 0.248 
  10 I X   0.005 0.075 0.001 0.033 0.008 0.016 0.621 0.240 
  11 G X   0.005 0.101 0.001 0.040 0.009 0.016 0.593 0.235 
  12 E X   0.004 0.121 0.001 0.044 0.010 0.016 0.571 0.233 
  13 G X   0.004 0.133 0.001 0.045 0.010 0.015 0.555 0.236 
  14 T X   0.004 0.140 0.001 0.044 0.010 0.015 0.543 0.244 
  15 Y X   0.004 0.144 0.001 0.041 0.009 0.014 0.534 0.254 
  16 G X   0.004 0.144 0.001 0.036 0.008 0.013 0.527 0.267 
  17 T X   0.004 0.141 0.001 0.030 0.007 0.012 0.522 0.283 
  18 V X   0.005 0.136 0.001 0.023 0.006 0.011 0.517 0.301 
  19 F X   0.004 0.130 0.001 0.017 0.005 0.010 0.513 0.320 
  20 K X   0.004 0.124 0.000 0.012 0.004 0.009 0.509 0.337 
  21 A X   0.004 0.119 0.000 0.009 0.003 0.009 0.505 0.351 
  22 K X   0.004 0.116 0.000 0.007 0.003 0.009 0.501 0.360 
  23 N X   0.004 0.115 0.000 0.007 0.003 0.009 0.495 0.365 
  24 R X   0.005 0.117 0.000 0.008 0.003 0.010 0.490 0.366 
  25 E X   0.005 0.122 0.001 0.011 0.004 0.011 0.483 0.363 
  26 T X   0.005 0.130 0.001 0.016 0.006 0.012 0.476 0.355 
  27 H X   0.006 0.140 0.001 0.023 0.007 0.013 0.468 0.343 
  28 E X   0.006 0.149 0.001 0.030 0.008 0.013 0.461 0.331 
  29 I X   0.006 0.156 0.001 0.036 0.009 0.013 0.455 0.323 
  30 V X   0.006 0.159 0.001 0.040 0.009 0.013 0.451 0.320 
  31 A X   0.006 0.158 0.001 0.042 0.009 0.013 0.450 0.322 
  32 L X   0.006 0.152 0.001 0.040 0.009 0.012 0.450 0.330 
  33 K X   0.006 0.140 0.001 0.036 0.008 0.011 0.451 0.347 
  34 R X   0.006 0.119 0.001 0.029 0.007 0.009 0.454 0.374 
  35 V X   0.006 0.090 0.001 0.022 0.005 0.008 0.459 0.409 
  36 R X   0.006 0.058 0.001 0.015 0.004 0.007 0.463 0.447 
  37 L _   0.005 0.031 0.000 0.009 0.003 0.006 0.467 0.479 
  38 D _   0.004 0.014 0.000 0.005 0.002 0.005 0.469 0.501 
  39 D _   0.003 0.006 0.000 0.002 0.001 0.004 0.469 0.514 
  40 D _   0.003 0.003 0.000 0.001 0.001 0.004 0.468 0.520 
  41 D _   0.003 0.002 0.000 0.001 0.001 0.005 0.465 0.523 
  42 E _   0.004 0.002 0.000 0.001 0.001 0.007 0.461 0.524 
  43 G _   0.007 0.003 0.000 0.002 0.002 0.010 0.455 0.520 
  44 V _   0.011 0.007 0.000 0.005 0.004 0.017 0.446 0.509 
  45 P _   0.017 0.020 0.001 0.010 0.009 0.025 0.434 0.483 
  46 S _   0.023 0.049 0.002 0.020 0.017 0.035 0.417 0.438 
  47 S X   0.028 0.094 0.002 0.033 0.026 0.042 0.397 0.378 
  48 A X   0.030 0.138 0.002 0.046 0.033 0.046 0.380 0.324 
  49 L X   0.032 0.169 0.002 0.057 0.036 0.048 0.367 0.289 
  50 R X   0.033 0.186 0.002 0.065 0.037 0.048 0.358 0.271 
  51 E X   0.033 0.194 0.002 0.068 0.037 0.046 0.352 0.267 
  52 I X   0.034 0.194 0.002 0.066 0.035 0.044 0.349 0.276 
  53 C X   0.034 0.187 0.002 0.059 0.032 0.040 0.347 0.298 
  54 L X   0.033 0.171 0.002 0.050 0.028 0.037 0.347 0.331 
  55 L _   0.032 0.143 0.002 0.038 0.024 0.033 0.349 0.379 
  56 K _   0.031 0.105 0.002 0.027 0.019 0.029 0.351 0.436 
  57 E _   0.028 0.067 0.001 0.017 0.014 0.026 0.354 0.492 
  58 L _   0.025 0.040 0.001 0.011 0.009 0.022 0.357 0.535 
  59 K _   0.022 0.024 0.001 0.008 0.007 0.019 0.358 0.562 
  60 H _   0.019 0.017 0.000 0.006 0.005 0.017 0.359 0.576 
  61 K _   0.017 0.014 0.000 0.006 0.004 0.016 0.359 0.584 
  62 N _   0.016 0.012 0.000 0.007 0.004 0.014 0.359 0.587 
  63 I _   0.014 0.012 0.000 0.008 0.004 0.013 0.359 0.589 
  64 V _   0.013 0.011 0.001 0.009 0.004 0.013 0.359 0.590 
  65 R _   0.012 0.010 0.001 0.010 0.004 0.012 0.359 0.592 
  66 L _   0.011 0.010 0.001 0.010 0.004 0.011 0.358 0.596 
  67 H _   0.010 0.008 0.000 0.009 0.004 0.010 0.358 0.601 
  68 D _   0.009 0.007 0.000 0.007 0.003 0.009 0.357 0.608 
  69 V _   0.008 0.006 0.000 0.005 0.002 0.008 0.356 0.614 
  70 L _   0.007 0.005 0.000 0.004 0.002 0.008 0.354 0.620 
  71 H _   0.007 0.005 0.000 0.003 0.002 0.008 0.352 0.623 
  72 S _   0.008 0.005 0.000 0.003 0.002 0.009 0.349 0.623 
  73 D _   0.009 0.007 0.000 0.004 0.003 0.011 0.346 0.620 
  74 K _   0.011 0.012 0.001 0.007 0.005 0.014 0.342 0.610 
  75 K _   0.013 0.023 0.001 0.012 0.007 0.017 0.337 0.591 
  76 L _   0.014 0.041 0.001 0.020 0.011 0.020 0.332 0.562 
  77 T _   0.015 0.063 0.001 0.030 0.014 0.021 0.326 0.530 
  78 L _   0.015 0.081 0.001 0.039 0.015 0.022 0.321 0.505 
  79 V _   0.015 0.092 0.001 0.045 0.016 0.022 0.318 0.491 
  80 F _   0.014 0.098 0.001 0.048 0.015 0.021 0.316 0.487 
  81 E _   0.013 0.099 0.001 0.047 0.014 0.020 0.315 0.492 
  82 F _   0.012 0.095 0.001 0.042 0.012 0.018 0.316 0.504 
  83 C _   0.011 0.088 0.001 0.036 0.010 0.016 0.317 0.521 
  84 D _   0.010 0.078 0.001 0.029 0.008 0.014 0.319 0.541 
  85 Q _   0.009 0.064 0.001 0.023 0.007 0.012 0.322 0.563 
  86 D _   0.008 0.051 0.001 0.017 0.005 0.011 0.325 0.582 
  87 L _   0.008 0.038 0.001 0.014 0.004 0.009 0.328 0.599 
  88 K _   0.007 0.028 0.000 0.011 0.003 0.008 0.330 0.611 
  89 K _   0.006 0.021 0.000 0.009 0.003 0.007 0.332 0.621 
  90 Y _   0.006 0.014 0.000 0.007 0.002 0.006 0.334 0.630 
  91 F _   0.005 0.010 0.000 0.006 0.002 0.006 0.334 0.637 
  92 D _   0.005 0.006 0.000 0.005 0.002 0.005 0.333 0.644 
  93 S _   0.004 0.004 0.000 0.004 0.001 0.005 0.332 0.650 
  94 C _   0.004 0.002 0.000 0.003 0.001 0.005 0.330 0.655 
  95 N _   0.004 0.002 0.000 0.003 0.001 0.005 0.327 0.659 
  96 G _   0.005 0.001 0.000 0.002 0.001 0.007 0.323 0.661 
  97 D _   0.006 0.001 0.000 0.002 0.001 0.009 0.318 0.662 
  98 L _   0.010 0.002 0.000 0.003 0.002 0.014 0.311 0.658 
  99 D _   0.016 0.003 0.000 0.004 0.004 0.021 0.304 0.648 
 100 P _   0.026 0.007 0.001 0.006 0.008 0.031 0.293 0.628 
 101 E _   0.040 0.015 0.001 0.010 0.015 0.044 0.280 0.594 
 102 I _   0.056 0.033 0.002 0.016 0.025 0.057 0.264 0.546 
 103 V _   0.073 0.058 0.002 0.023 0.038 0.069 0.248 0.489 
 104 K _   0.087 0.087 0.003 0.030 0.050 0.077 0.233 0.434 
 105 S _   0.098 0.112 0.003 0.036 0.060 0.083 0.220 0.389 
 106 F _   0.107 0.131 0.003 0.040 0.067 0.085 0.209 0.358 
 107 L _   0.113 0.143 0.003 0.043 0.071 0.085 0.202 0.340 
 108 F _   0.117 0.150 0.003 0.043 0.073 0.082 0.196 0.335 
 109 Q _   0.119 0.152 0.003 0.042 0.071 0.078 0.193 0.343 
 110 L _   0.118 0.150 0.003 0.040 0.066 0.073 0.190 0.360 
 111 L _   0.115 0.143 0.003 0.037 0.059 0.067 0.189 0.388 
 112 K _   0.109 0.133 0.003 0.033 0.050 0.060 0.189 0.424 
 113 G _   0.101 0.119 0.002 0.028 0.041 0.053 0.190 0.465 
 114 L _   0.091 0.103 0.002 0.025 0.032 0.047 0.191 0.511 
 115 G _   0.078 0.086 0.002 0.021 0.024 0.040 0.193 0.556 
 116 F _   0.066 0.070 0.001 0.018 0.018 0.034 0.195 0.598 
 117 C _   0.054 0.055 0.001 0.016 0.013 0.028 0.197 0.636 
 118 H _   0.042 0.043 0.001 0.014 0.010 0.024 0.199 0.668 
 119 S _   0.033 0.032 0.001 0.012 0.007 0.020 0.200 0.695 
 120 R _   0.026 0.024 0.001 0.011 0.006 0.016 0.201 0.716 
 121 N _   0.020 0.018 0.001 0.009 0.004 0.013 0.202 0.732 
 122 V _   0.016 0.013 0.000 0.008 0.004 0.011 0.202 0.746 
 123 L _   0.013 0.010 0.000 0.007 0.003 0.010 0.202 0.755 
 124 H _   0.010 0.007 0.000 0.006 0.003 0.008 0.202 0.763 
 125 R _   0.009 0.006 0.000 0.006 0.002 0.008 0.201 0.769 
 126 D _   0.008 0.004 0.000 0.006 0.002 0.007 0.200 0.773 
 127 L _   0.007 0.004 0.000 0.006 0.002 0.007 0.199 0.776 
 128 K _   0.007 0.003 0.000 0.006 0.002 0.007 0.197 0.778 
 129 P _   0.006 0.003 0.000 0.007 0.002 0.007 0.195 0.779 
 130 Q _   0.006 0.003 0.000 0.007 0.003 0.007 0.193 0.781 
 131 N _   0.006 0.003 0.000 0.008 0.003 0.007 0.191 0.782 
 132 L _   0.006 0.003 0.000 0.008 0.003 0.007 0.188 0.785 
 133 L _   0.006 0.003 0.000 0.008 0.003 0.007 0.186 0.787 
 134 I _   0.006 0.002 0.000 0.008 0.003 0.007 0.183 0.791 
 135 N _   0.005 0.002 0.000 0.007 0.002 0.007 0.180 0.795 
 136 R _   0.005 0.002 0.000 0.007 0.002 0.007 0.177 0.800 
 137 N _   0.005 0.002 0.000 0.006 0.002 0.007 0.173 0.804 
 138 G _   0.005 0.002 0.000 0.005 0.002 0.008 0.169 0.808 
 139 E _   0.006 0.002 0.000 0.005 0.002 0.009 0.164 0.811 
 140 L _   0.007 0.002 0.000 0.006 0.003 0.011 0.159 0.812 
 141 K _   0.008 0.003 0.000 0.006 0.003 0.014 0.154 0.811 
 142 L _   0.010 0.004 0.001 0.008 0.005 0.018 0.147 0.808 
 143 A _   0.013 0.006 0.001 0.010 0.007 0.022 0.140 0.801 
 144 D _   0.017 0.008 0.001 0.014 0.009 0.028 0.132 0.791 
 145 F _   0.022 0.011 0.001 0.018 0.013 0.034 0.124 0.777 
 146 G _   0.028 0.014 0.001 0.022 0.017 0.039 0.116 0.761 
 147 L _   0.034 0.017 0.002 0.026 0.021 0.044 0.109 0.746 
 148 A _   0.041 0.019 0.002 0.028 0.025 0.049 0.102 0.735 
 149 R _   0.047 0.020 0.002 0.029 0.027 0.051 0.096 0.727 
 150 A _   0.054 0.020 0.002 0.028 0.028 0.053 0.091 0.724 
 151 F _   0.059 0.019 0.002 0.025 0.028 0.054 0.087 0.725 
 152 G _   0.065 0.018 0.002 0.022 0.027 0.054 0.083 0.731 
 153 I _   0.070 0.016 0.002 0.018 0.025 0.053 0.079 0.738 
 154 P _   0.074 0.014 0.001 0.014 0.023 0.052 0.076 0.745 
 155 V _   0.076 0.013 0.001 0.012 0.022 0.051 0.073 0.751 
 156 R _   0.078 0.012 0.001 0.011 0.021 0.050 0.071 0.756 
 157 C _   0.078 0.011 0.001 0.011 0.021 0.049 0.068 0.759 
 158 Y _   0.077 0.012 0.001 0.013 0.022 0.048 0.066 0.761 
 159 S _   0.074 0.013 0.001 0.015 0.022 0.047 0.064 0.763 
 160 A _   0.071 0.014 0.002 0.018 0.022 0.044 0.063 0.767 
 161 E _   0.067 0.014 0.002 0.021 0.022 0.042 0.061 0.772 
 162 V _   0.062 0.015 0.001 0.022 0.020 0.039 0.060 0.781 
 163 V _   0.056 0.014 0.001 0.022 0.018 0.035 0.059 0.795 
 164 T _   0.049 0.012 0.001 0.020 0.015 0.031 0.058 0.812 
 165 L _   0.042 0.010 0.001 0.017 0.013 0.027 0.058 0.832 
 166 W _   0.035 0.008 0.001 0.013 0.010 0.024 0.057 0.852 
 167 Y _   0.029 0.005 0.001 0.010 0.008 0.021 0.056 0.870 
 168 R _   0.025 0.003 0.001 0.007 0.006 0.019 0.055 0.884 
 169 P _   0.021 0.002 0.001 0.006 0.005 0.018 0.054 0.892 
 170 P _   0.020 0.002 0.001 0.005 0.005 0.018 0.053 0.896 
 171 D _   0.020 0.001 0.001 0.006 0.005 0.018 0.052 0.896 
 172 V _   0.022 0.002 0.001 0.007 0.006 0.019 0.051 0.893 
 173 L _   0.025 0.002 0.001 0.009 0.007 0.019 0.050 0.887 
 174 F _   0.029 0.002 0.001 0.011 0.008 0.020 0.048 0.880 
 175 G _   0.035 0.002 0.001 0.012 0.009 0.021 0.047 0.873 
 176 A _   0.043 0.002 0.001 0.012 0.009 0.021 0.045 0.866 
 177 K _   0.055 0.002 0.001 0.011 0.009 0.022 0.043 0.858 
 178 L _   0.071 0.001 0.001 0.008 0.009 0.022 0.041 0.847 
 179 Y _   0.094 0.001 0.001 0.006 0.009 0.022 0.039 0.829 
 180 S _   0.126 0.000 0.001 0.004 0.009 0.022 0.037 0.801 
 181 T _   0.170 0.000 0.001 0.003 0.009 0.023 0.035 0.760 
 182 S _   0.227 0.000 0.001 0.002 0.010 0.024 0.033 0.703 
 183 I _   0.299 0.000 0.001 0.002 0.013 0.026 0.031 0.628 
 184 D _   0.381 0.000 0.001 0.002 0.017 0.028 0.029 0.542 
 185 M H   0.463 0.000 0.001 0.002 0.022 0.030 0.028 0.454 
 186 W H   0.536 0.000 0.002 0.002 0.027 0.031 0.027 0.374 
 187 S H   0.592 0.000 0.002 0.002 0.032 0.032 0.028 0.312 
 188 A H   0.628 0.000 0.002 0.003 0.037 0.032 0.028 0.269 
 189 G H   0.648 0.001 0.002 0.004 0.039 0.031 0.030 0.245 
 190 C H   0.652 0.001 0.002 0.005 0.040 0.030 0.032 0.237 
 191 I H   0.639 0.001 0.002 0.006 0.040 0.029 0.036 0.246 
 192 F H   0.611 0.001 0.002 0.007 0.039 0.028 0.040 0.271 
 193 A H   0.564 0.001 0.002 0.008 0.035 0.027 0.046 0.316 
 194 E H   0.502 0.001 0.002 0.008 0.031 0.026 0.054 0.377 
 195 L _   0.426 0.001 0.002 0.008 0.025 0.024 0.063 0.452 
 196 A _   0.345 0.001 0.002 0.008 0.019 0.022 0.072 0.532 
 197 N _   0.268 0.001 0.001 0.008 0.014 0.020 0.083 0.606 
 198 A _   0.201 0.001 0.001 0.008 0.010 0.018 0.093 0.668 
 199 G _   0.146 0.001 0.001 0.009 0.008 0.015 0.103 0.717 
 200 R _   0.104 0.001 0.001 0.009 0.006 0.013 0.112 0.755 
 201 P _   0.072 0.001 0.001 0.008 0.005 0.012 0.119 0.783 
 202 L _   0.048 0.001 0.000 0.008 0.004 0.010 0.126 0.805 
 203 F _   0.031 0.001 0.000 0.006 0.003 0.008 0.131 0.820 
 204 P _   0.020 0.001 0.000 0.005 0.002 0.007 0.135 0.831 
 205 G _   0.013 0.001 0.000 0.004 0.002 0.006 0.137 0.838 
 206 N _   0.009 0.001 0.000 0.003 0.001 0.005 0.139 0.842 
 207 D _   0.007 0.001 0.000 0.002 0.001 0.006 0.140 0.843 
 208 V _   0.007 0.002 0.000 0.002 0.001 0.007 0.140 0.841 
 209 D _   0.008 0.004 0.000 0.003 0.002 0.009 0.139 0.834 
 210 D _   0.010 0.011 0.000 0.006 0.004 0.014 0.138 0.818 
 211 Q _   0.014 0.031 0.001 0.011 0.008 0.019 0.135 0.781 
 212 L _   0.017 0.082 0.002 0.022 0.014 0.025 0.131 0.707 
 213 K _   0.018 0.166 0.002 0.037 0.020 0.030 0.125 0.602 
 214 R _   0.017 0.257 0.002 0.052 0.023 0.031 0.119 0.498 
 215 I _   0.016 0.324 0.002 0.064 0.023 0.030 0.116 0.425 
 216 F _   0.015 0.360 0.002 0.071 0.022 0.029 0.114 0.387 
 217 R E   0.014 0.377 0.001 0.074 0.021 0.027 0.114 0.372 
 218 L E   0.013 0.382 0.001 0.072 0.020 0.026 0.115 0.372 
 219 L _   0.012 0.378 0.001 0.066 0.018 0.024 0.117 0.384 
 220 G _   0.012 0.363 0.001 0.058 0.017 0.021 0.120 0.408 
 221 T _   0.012 0.336 0.002 0.048 0.015 0.020 0.125 0.444 
 222 P _   0.012 0.296 0.002 0.039 0.013 0.018 0.131 0.489 
 223 T _   0.012 0.249 0.001 0.031 0.011 0.017 0.138 0.540 
 224 E _   0.013 0.202 0.001 0.025 0.009 0.016 0.146 0.588 
 225 E _   0.012 0.164 0.001 0.020 0.007 0.015 0.154 0.627 
 226 Q _   0.012 0.133 0.001 0.017 0.006 0.014 0.161 0.656 
 227 W _   0.011 0.110 0.001 0.015 0.005 0.013 0.167 0.678 
 228 P _   0.010 0.093 0.001 0.014 0.004 0.012 0.172 0.694 
 229 S _   0.010 0.079 0.001 0.012 0.004 0.011 0.177 0.707 
 230 M _   0.009 0.068 0.000 0.011 0.003 0.010 0.181 0.718 
 231 T _   0.008 0.058 0.000 0.010 0.003 0.009 0.184 0.728 
 232 K _   0.007 0.050 0.000 0.008 0.003 0.008 0.187 0.737 
 233 L _   0.006 0.043 0.000 0.007 0.002 0.007 0.189 0.745 
 234 P _   0.005 0.039 0.000 0.005 0.002 0.007 0.190 0.751 
 235 D _   0.005 0.037 0.000 0.005 0.002 0.007 0.191 0.754 
 236 Y _   0.005 0.036 0.000 0.004 0.002 0.007 0.191 0.755 
 237 K _   0.005 0.037 0.000 0.004 0.002 0.008 0.190 0.754 
 238 P _   0.006 0.041 0.000 0.005 0.002 0.009 0.189 0.748 
 239 Y _   0.007 0.049 0.000 0.007 0.003 0.011 0.186 0.735 
 240 P _   0.008 0.065 0.001 0.011 0.005 0.014 0.183 0.713 
 241 M _   0.009 0.093 0.001 0.015 0.008 0.017 0.179 0.678 
 242 Y _   0.010 0.132 0.001 0.020 0.010 0.019 0.174 0.633 
 243 P _   0.010 0.181 0.001 0.026 0.012 0.020 0.170 0.580 
 244 A _   0.010 0.230 0.001 0.030 0.014 0.021 0.165 0.529 
 245 T _   0.010 0.271 0.001 0.033 0.014 0.021 0.162 0.488 
 246 T _   0.009 0.303 0.001 0.035 0.014 0.020 0.159 0.458 
 247 S _   0.008 0.326 0.001 0.036 0.014 0.020 0.158 0.438 
 248 L _   0.008 0.340 0.001 0.035 0.013 0.019 0.158 0.426 
 249 V _   0.008 0.349 0.001 0.034 0.012 0.018 0.158 0.420 
 250 N _   0.008 0.353 0.001 0.032 0.011 0.017 0.159 0.418 
 251 V _   0.008 0.353 0.001 0.029 0.010 0.016 0.161 0.421 
 252 V _   0.008 0.349 0.001 0.026 0.009 0.015 0.164 0.428 
 253 P _   0.008 0.342 0.001 0.023 0.009 0.015 0.167 0.437 
 254 K _   0.008 0.332 0.001 0.020 0.008 0.014 0.171 0.447 
 255 L _   0.008 0.321 0.001 0.017 0.007 0.014 0.175 0.458 
 256 N _   0.008 0.309 0.001 0.015 0.007 0.014 0.179 0.468 
 257 A _   0.008 0.300 0.001 0.014 0.006 0.013 0.183 0.475 
 258 T _   0.008 0.292 0.001 0.013 0.006 0.013 0.188 0.480 
 259 G _   0.008 0.285 0.001 0.013 0.006 0.013 0.192 0.482 
 260 R _   0.008 0.280 0.001 0.014 0.006 0.013 0.197 0.482 
 261 D _   0.008 0.276 0.001 0.014 0.006 0.013 0.202 0.481 
 262 L _   0.008 0.271 0.001 0.015 0.006 0.013 0.207 0.480 
 263 L _   0.008 0.265 0.001 0.016 0.006 0.012 0.213 0.479 
 264 Q _   0.008 0.259 0.001 0.016 0.006 0.012 0.219 0.480 
 265 N _   0.008 0.251 0.001 0.015 0.006 0.012 0.225 0.483 
 266 L _   0.008 0.241 0.001 0.014 0.006 0.012 0.233 0.486 
 267 L _   0.008 0.232 0.001 0.012 0.005 0.012 0.240 0.490 
 268 K _   0.008 0.223 0.001 0.011 0.005 0.012 0.248 0.493 
 269 C _   0.008 0.216 0.001 0.009 0.004 0.012 0.256 0.493 
 270 N _   0.008 0.212 0.001 0.009 0.004 0.013 0.263 0.490 
 271 P _   0.009 0.210 0.001 0.009 0.004 0.013 0.270 0.483 
 272 V _   0.009 0.212 0.001 0.010 0.005 0.015 0.277 0.472 
 273 Q _   0.010 0.216 0.001 0.012 0.006 0.016 0.284 0.456 
 274 R _   0.010 0.223 0.001 0.016 0.007 0.017 0.290 0.435 
 275 I _   0.011 0.233 0.001 0.021 0.008 0.018 0.297 0.411 
 276 S _   0.011 0.242 0.001 0.026 0.010 0.019 0.304 0.386 
 277 A _   0.011 0.251 0.001 0.032 0.011 0.019 0.313 0.362 
 278 E _   0.010 0.256 0.001 0.038 0.012 0.019 0.322 0.342 
 279 E X   0.010 0.257 0.001 0.042 0.012 0.019 0.334 0.325 
 280 A X   0.010 0.255 0.001 0.044 0.012 0.018 0.347 0.312 
 281 L X   0.010 0.248 0.001 0.044 0.012 0.017 0.364 0.304 
 282 Q X   0.010 0.235 0.001 0.042 0.011 0.016 0.384 0.301 
 283 H X   0.009 0.214 0.001 0.039 0.010 0.015 0.409 0.303 
 284 P X   0.008 0.187 0.001 0.034 0.009 0.013 0.436 0.311 
 285 Y X   0.007 0.153 0.001 0.029 0.008 0.011 0.466 0.324 
 286 F X   0.006 0.119 0.001 0.023 0.006 0.009 0.500 0.336 
 287 S X   0.005 0.082 0.001 0.016 0.005 0.006 0.534 0.351 
 288 D X   0.002 0.049 0.000 0.010 0.002 0.003 0.565 0.368 
 289 F X   0.001 0.024 0.000 0.004 0.001 0.001 0.585 0.384 
 290 C X   0.000 0.013 0.000 0.002 0.000 0.000 0.591 0.393 
 291 P X   0.000 0.010 0.000 0.002 0.000 0.000 0.591 0.397 
 292 P X   0.002 0.009 0.001 0.008 0.002 0.002 0.581 0.394 
