#TopoPred_TM8: 8-state transmembrane topology prediction results by no_profile mode 
#probabilities are in the order of H E C I L F X _, the 8 transmembrane topology types used in PDBTM 
   1 M X   0.020 0.004 0.003 0.079 0.013 0.019 0.551 0.312 
   2 E X   0.009 0.004 0.000 0.058 0.003 0.013 0.564 0.348 
   3 H X   0.004 0.005 0.000 0.044 0.002 0.012 0.565 0.369 
   4 I X   0.004 0.007 0.000 0.038 0.002 0.014 0.557 0.377 
   5 Q X   0.006 0.013 0.000 0.037 0.004 0.018 0.541 0.381 
   6 G X   0.008 0.022 0.001 0.037 0.006 0.022 0.519 0.385 
   7 A X   0.010 0.037 0.001 0.038 0.008 0.025 0.495 0.387 
   8 W X   0.012 0.055 0.001 0.039 0.010 0.026 0.468 0.389 
   9 K X   0.012 0.075 0.001 0.040 0.011 0.026 0.442 0.393 
  10 T X   0.011 0.095 0.001 0.041 0.012 0.025 0.416 0.398 
  11 I _   0.010 0.112 0.001 0.040 0.013 0.024 0.394 0.407 
  12 S _   0.009 0.125 0.001 0.038 0.013 0.022 0.375 0.416 
  13 N _   0.009 0.136 0.001 0.036 0.012 0.021 0.359 0.426 
  14 G _   0.008 0.144 0.001 0.033 0.011 0.020 0.346 0.437 
  15 F _   0.008 0.150 0.001 0.031 0.010 0.019 0.334 0.447 
  16 G _   0.008 0.155 0.001 0.028 0.009 0.018 0.324 0.457 
  17 F _   0.008 0.158 0.001 0.025 0.009 0.017 0.315 0.468 
  18 K _   0.008 0.160 0.001 0.023 0.008 0.016 0.307 0.479 
  19 D _   0.007 0.161 0.001 0.020 0.007 0.016 0.299 0.490 
  20 A _   0.007 0.161 0.001 0.017 0.006 0.015 0.292 0.500 
  21 V _   0.007 0.162 0.001 0.014 0.005 0.015 0.285 0.510 
  22 F _   0.008 0.163 0.001 0.012 0.005 0.015 0.278 0.518 
  23 D _   0.008 0.165 0.001 0.011 0.005 0.016 0.271 0.523 
  24 G _   0.009 0.170 0.001 0.010 0.006 0.018 0.264 0.522 
  25 S _   0.011 0.179 0.001 0.011 0.007 0.020 0.256 0.515 
  26 S _   0.013 0.194 0.001 0.014 0.010 0.023 0.246 0.500 
  27 C _   0.015 0.218 0.001 0.018 0.014 0.025 0.236 0.473 
  28 I _   0.016 0.254 0.002 0.024 0.018 0.027 0.225 0.434 
  29 S _   0.016 0.300 0.002 0.032 0.021 0.028 0.214 0.386 
  30 P E   0.016 0.346 0.002 0.039 0.022 0.028 0.205 0.342 
  31 T E   0.016 0.381 0.002 0.046 0.022 0.027 0.198 0.308 
  32 I E   0.016 0.404 0.002 0.052 0.022 0.026 0.193 0.287 
  33 V E   0.015 0.415 0.001 0.055 0.020 0.024 0.191 0.279 
  34 Q E   0.015 0.417 0.001 0.056 0.019 0.022 0.190 0.280 
  35 Q E   0.014 0.411 0.001 0.055 0.017 0.020 0.190 0.292 
  36 F E   0.013 0.395 0.001 0.051 0.015 0.018 0.192 0.314 
  37 G E   0.013 0.363 0.002 0.045 0.014 0.017 0.195 0.352 
  38 Y _   0.012 0.315 0.002 0.039 0.012 0.015 0.200 0.404 
  39 Q _   0.012 0.252 0.001 0.032 0.010 0.014 0.207 0.472 
  40 R _   0.012 0.185 0.001 0.024 0.008 0.013 0.215 0.542 
  41 R _   0.011 0.128 0.001 0.018 0.006 0.011 0.222 0.603 
  42 A _   0.009 0.087 0.001 0.013 0.004 0.009 0.227 0.649 
  43 S _   0.008 0.061 0.000 0.009 0.003 0.008 0.231 0.680 
  44 D _   0.006 0.045 0.000 0.007 0.002 0.007 0.233 0.700 
  45 D _   0.005 0.036 0.000 0.005 0.002 0.006 0.233 0.712 
  46 G _   0.004 0.031 0.000 0.005 0.001 0.005 0.233 0.720 
  47 K _   0.004 0.029 0.000 0.004 0.001 0.005 0.231 0.726 
  48 L _   0.004 0.028 0.000 0.004 0.001 0.005 0.228 0.729 
  49 T _   0.004 0.028 0.000 0.005 0.001 0.006 0.224 0.732 
  50 D _   0.004 0.030 0.000 0.006 0.002 0.007 0.219 0.733 
  51 P _   0.004 0.034 0.000 0.007 0.002 0.008 0.213 0.731 
  52 S _   0.005 0.042 0.000 0.010 0.003 0.010 0.205 0.725 
  53 K _   0.005 0.055 0.001 0.015 0.005 0.013 0.195 0.712 
  54 T _   0.006 0.074 0.001 0.020 0.007 0.016 0.184 0.692 
  55 S _   0.007 0.099 0.001 0.028 0.009 0.019 0.171 0.665 
  56 N _   0.008 0.127 0.001 0.037 0.012 0.021 0.160 0.635 
  57 T _   0.009 0.151 0.001 0.045 0.014 0.023 0.149 0.609 
  58 I _   0.009 0.169 0.001 0.052 0.015 0.023 0.140 0.590 
  59 R _   0.009 0.180 0.001 0.056 0.016 0.024 0.133 0.581 
  60 V _   0.009 0.185 0.001 0.056 0.016 0.023 0.128 0.582 
  61 F _   0.010 0.185 0.001 0.053 0.015 0.023 0.124 0.590 
  62 L _   0.010 0.180 0.001 0.048 0.014 0.021 0.120 0.605 
  63 P _   0.010 0.170 0.001 0.040 0.013 0.020 0.118 0.627 
  64 N _   0.010 0.156 0.001 0.033 0.011 0.019 0.116 0.654 
  65 K _   0.010 0.138 0.001 0.025 0.010 0.018 0.115 0.683 
  66 Q _   0.010 0.120 0.001 0.020 0.008 0.018 0.114 0.709 
  67 R _   0.010 0.105 0.001 0.016 0.007 0.017 0.113 0.731 
  68 T _   0.010 0.094 0.001 0.013 0.006 0.017 0.112 0.747 
  69 V _   0.010 0.086 0.001 0.012 0.006 0.016 0.111 0.758 
  70 V _   0.010 0.080 0.001 0.012 0.006 0.016 0.109 0.765 
  71 N _   0.011 0.077 0.001 0.012 0.006 0.017 0.108 0.769 
  72 V _   0.011 0.074 0.001 0.013 0.006 0.017 0.107 0.772 
  73 R _   0.011 0.071 0.001 0.013 0.007 0.017 0.105 0.774 
  74 N _   0.012 0.069 0.001 0.014 0.007 0.018 0.104 0.775 
  75 G _   0.012 0.066 0.001 0.015 0.008 0.018 0.102 0.777 
  76 M _   0.012 0.064 0.001 0.016 0.008 0.019 0.101 0.779 
  77 S _   0.013 0.061 0.001 0.016 0.009 0.019 0.100 0.782 
  78 L _   0.014 0.058 0.001 0.017 0.009 0.020 0.099 0.784 
  79 H _   0.014 0.055 0.001 0.017 0.009 0.020 0.098 0.786 
  80 D _   0.015 0.051 0.001 0.017 0.009 0.020 0.097 0.789 
  81 C _   0.016 0.047 0.001 0.017 0.009 0.021 0.097 0.792 
  82 L _   0.017 0.043 0.001 0.017 0.009 0.021 0.097 0.795 
  83 M _   0.017 0.038 0.001 0.016 0.009 0.021 0.097 0.801 
  84 K _   0.018 0.032 0.001 0.015 0.008 0.021 0.097 0.807 
  85 A _   0.020 0.026 0.001 0.013 0.008 0.022 0.097 0.814 
  86 L _   0.021 0.021 0.001 0.011 0.007 0.022 0.097 0.820 
  87 K _   0.023 0.016 0.001 0.008 0.006 0.023 0.097 0.825 
  88 V _   0.027 0.013 0.001 0.006 0.006 0.024 0.097 0.826 
  89 R _   0.031 0.012 0.001 0.005 0.006 0.027 0.097 0.822 
  90 G _   0.037 0.011 0.001 0.005 0.008 0.030 0.096 0.812 
  91 L _   0.045 0.013 0.001 0.006 0.010 0.034 0.096 0.796 
  92 Q _   0.053 0.017 0.001 0.008 0.015 0.039 0.095 0.772 
  93 P _   0.062 0.027 0.001 0.013 0.021 0.044 0.095 0.737 
  94 E _   0.068 0.044 0.002 0.021 0.028 0.048 0.094 0.695 
  95 C _   0.072 0.065 0.002 0.031 0.033 0.050 0.094 0.652 
  96 C _   0.074 0.084 0.002 0.043 0.036 0.050 0.095 0.617 
  97 A _   0.072 0.098 0.002 0.053 0.036 0.048 0.096 0.595 
  98 V _   0.068 0.105 0.002 0.058 0.034 0.044 0.098 0.590 
  99 F _   0.062 0.106 0.002 0.058 0.030 0.040 0.101 0.599 
 100 R _   0.055 0.102 0.002 0.054 0.025 0.035 0.105 0.623 
 101 L _   0.046 0.092 0.002 0.045 0.020 0.029 0.109 0.658 
 102 L _   0.037 0.075 0.001 0.034 0.014 0.024 0.114 0.701 
 103 H _   0.029 0.054 0.001 0.023 0.010 0.019 0.119 0.745 
 104 E _   0.022 0.034 0.001 0.015 0.006 0.015 0.123 0.783 
 105 H _   0.017 0.020 0.001 0.009 0.004 0.011 0.127 0.812 
 106 K _   0.013 0.012 0.000 0.006 0.003 0.009 0.129 0.829 
 107 G _   0.010 0.007 0.000 0.004 0.002 0.007 0.130 0.839 
 108 K _   0.008 0.005 0.000 0.004 0.002 0.006 0.131 0.844 
 109 K _   0.006 0.004 0.000 0.004 0.001 0.006 0.131 0.847 
 110 A _   0.006 0.004 0.000 0.004 0.001 0.006 0.130 0.848 
 111 R _   0.005 0.005 0.000 0.004 0.002 0.006 0.129 0.849 
 112 L _   0.005 0.006 0.000 0.005 0.002 0.007 0.127 0.848 
 113 D _   0.005 0.007 0.000 0.006 0.002 0.008 0.125 0.847 
 114 W _   0.006 0.010 0.000 0.007 0.002 0.009 0.122 0.844 
 115 N _   0.006 0.014 0.000 0.008 0.003 0.011 0.118 0.839 
 116 T _   0.007 0.020 0.001 0.011 0.004 0.013 0.114 0.830 
 117 D _   0.008 0.029 0.001 0.014 0.006 0.016 0.110 0.816 
 118 A _   0.010 0.042 0.001 0.019 0.008 0.019 0.105 0.797 
 119 A _   0.011 0.056 0.001 0.025 0.010 0.022 0.099 0.775 
 120 S _   0.013 0.071 0.001 0.032 0.013 0.024 0.095 0.751 
 121 L _   0.014 0.083 0.001 0.039 0.015 0.026 0.090 0.731 
 122 I _   0.015 0.092 0.001 0.044 0.017 0.028 0.087 0.716 
 123 G _   0.017 0.097 0.001 0.047 0.017 0.028 0.084 0.709 
 124 E _   0.017 0.098 0.001 0.047 0.018 0.028 0.082 0.709 
 125 E _   0.018 0.096 0.001 0.044 0.017 0.027 0.080 0.717 
 126 L _   0.018 0.090 0.001 0.039 0.016 0.026 0.079 0.731 
 127 Q _   0.018 0.080 0.001 0.032 0.014 0.024 0.078 0.752 
 128 V _   0.018 0.068 0.001 0.026 0.012 0.023 0.078 0.775 
 129 D _   0.018 0.054 0.001 0.020 0.010 0.021 0.078 0.798 
 130 F _   0.018 0.041 0.001 0.016 0.008 0.020 0.078 0.819 
 131 L _   0.017 0.030 0.001 0.013 0.007 0.018 0.078 0.836 
 132 D _   0.017 0.022 0.001 0.011 0.006 0.017 0.078 0.849 
 133 H _   0.016 0.016 0.001 0.009 0.005 0.017 0.077 0.859 
 134 V _   0.016 0.011 0.001 0.008 0.005 0.016 0.077 0.866 
 135 P _   0.016 0.008 0.001 0.008 0.005 0.016 0.076 0.871 
 136 L _   0.017 0.005 0.001 0.007 0.004 0.016 0.075 0.875 
 137 T _   0.019 0.003 0.001 0.006 0.004 0.017 0.074 0.876 
 138 T _   0.022 0.002 0.001 0.005 0.004 0.018 0.073 0.875 
 139 H _   0.027 0.001 0.001 0.005 0.005 0.020 0.071 0.871 
 140 N _   0.034 0.001 0.001 0.004 0.005 0.022 0.069 0.863 
 141 F _   0.045 0.000 0.001 0.004 0.006 0.026 0.067 0.850 
 142 A _   0.060 0.000 0.001 0.004 0.008 0.030 0.065 0.831 
 143 R _   0.081 0.000 0.001 0.005 0.012 0.036 0.062 0.804 
 144 K _   0.106 0.000 0.001 0.005 0.016 0.041 0.060 0.771 
 145 T _   0.133 0.001 0.001 0.006 0.021 0.047 0.057 0.734 
 146 F _   0.161 0.001 0.002 0.008 0.027 0.052 0.055 0.695 
 147 L _   0.187 0.001 0.002 0.009 0.033 0.056 0.053 0.659 
 148 K _   0.210 0.002 0.002 0.010 0.037 0.058 0.052 0.628 
 149 L _   0.230 0.002 0.002 0.011 0.040 0.059 0.051 0.604 
 150 A _   0.244 0.003 0.002 0.011 0.042 0.059 0.050 0.590 
 151 F _   0.252 0.003 0.002 0.011 0.041 0.057 0.050 0.584 
 152 C _   0.255 0.003 0.002 0.011 0.039 0.055 0.050 0.586 
 153 D _   0.252 0.002 0.002 0.010 0.036 0.052 0.050 0.596 
 154 I _   0.244 0.002 0.002 0.009 0.032 0.049 0.051 0.611 
 155 C _   0.231 0.002 0.002 0.009 0.028 0.046 0.052 0.630 
 156 Q _   0.214 0.002 0.002 0.009 0.025 0.042 0.053 0.654 
 157 K _   0.193 0.002 0.001 0.008 0.021 0.039 0.055 0.681 
 158 F _   0.170 0.002 0.001 0.008 0.018 0.036 0.057 0.709 
 159 L _   0.146 0.002 0.001 0.009 0.015 0.033 0.058 0.737 
 160 L _   0.122 0.002 0.001 0.009 0.013 0.030 0.060 0.763 
 161 N _   0.100 0.002 0.001 0.010 0.012 0.027 0.061 0.787 
 162 G _   0.081 0.002 0.001 0.011 0.010 0.025 0.063 0.806 
 163 F _   0.066 0.003 0.001 0.011 0.009 0.023 0.064 0.823 
 164 R _   0.053 0.003 0.001 0.012 0.009 0.021 0.066 0.836 
 165 C _   0.042 0.003 0.001 0.012 0.008 0.018 0.067 0.848 
 166 Q _   0.033 0.003 0.001 0.012 0.007 0.016 0.068 0.859 
 167 T _   0.026 0.003 0.001 0.011 0.006 0.015 0.070 0.869 
 168 C _   0.020 0.003 0.001 0.010 0.005 0.013 0.070 0.878 
 169 G _   0.016 0.003 0.001 0.009 0.004 0.011 0.071 0.885 
 170 Y _   0.013 0.003 0.000 0.008 0.003 0.010 0.072 0.891 
 171 K _   0.010 0.003 0.000 0.006 0.003 0.009 0.072 0.896 
 172 F _   0.009 0.003 0.000 0.005 0.003 0.009 0.072 0.899 
 173 H _   0.008 0.003 0.000 0.005 0.002 0.008 0.072 0.901 
 174 E _   0.007 0.004 0.000 0.005 0.002 0.009 0.071 0.901 
 175 H _   0.007 0.005 0.000 0.005 0.003 0.010 0.070 0.899 
 176 C _   0.008 0.008 0.000 0.006 0.003 0.011 0.069 0.894 
 177 S _   0.008 0.012 0.001 0.008 0.004 0.013 0.068 0.886 
 178 T _   0.010 0.018 0.001 0.011 0.005 0.015 0.067 0.874 
 179 K _   0.011 0.026 0.001 0.013 0.007 0.018 0.065 0.859 
 180 V _   0.013 0.036 0.001 0.016 0.008 0.020 0.063 0.842 
 181 P _   0.014 0.046 0.001 0.018 0.010 0.023 0.062 0.826 
 182 T _   0.016 0.056 0.001 0.019 0.011 0.025 0.060 0.810 
 183 M _   0.018 0.066 0.001 0.020 0.013 0.028 0.059 0.796 
 184 C _   0.020 0.074 0.001 0.020 0.014 0.030 0.058 0.783 
 185 V _   0.023 0.082 0.001 0.021 0.016 0.033 0.057 0.768 
 186 D _   0.026 0.091 0.001 0.022 0.018 0.035 0.056 0.752 
 187 W _   0.028 0.100 0.001 0.024 0.020 0.037 0.055 0.735 
 188 S _   0.031 0.110 0.001 0.027 0.022 0.038 0.054 0.717 
 189 N _   0.033 0.120 0.002 0.032 0.023 0.038 0.054 0.698 
 190 I _   0.034 0.128 0.002 0.036 0.024 0.037 0.054 0.684 
 191 R _   0.034 0.133 0.002 0.040 0.024 0.036 0.054 0.677 
 192 Q _   0.033 0.134 0.002 0.042 0.023 0.033 0.055 0.678 
 193 L _   0.032 0.132 0.002 0.041 0.020 0.030 0.056 0.687 
 194 L _   0.029 0.125 0.001 0.038 0.017 0.027 0.058 0.705 
 195 L _   0.025 0.113 0.001 0.032 0.014 0.023 0.059 0.732 
 196 F _   0.022 0.096 0.001 0.025 0.011 0.020 0.061 0.764 
 197 P _   0.018 0.078 0.001 0.018 0.008 0.016 0.063 0.797 
 198 N _   0.015 0.061 0.001 0.013 0.006 0.014 0.064 0.827 
 199 S _   0.013 0.048 0.001 0.008 0.004 0.012 0.066 0.849 
 200 T _   0.011 0.041 0.000 0.006 0.003 0.010 0.066 0.863 
 201 I _   0.009 0.038 0.000 0.004 0.002 0.010 0.066 0.870 
 202 G _   0.009 0.037 0.000 0.004 0.002 0.010 0.066 0.872 
 203 D _   0.009 0.039 0.000 0.005 0.003 0.011 0.065 0.868 
 204 S _   0.010 0.045 0.000 0.006 0.004 0.013 0.064 0.858 
 205 G _   0.011 0.058 0.001 0.009 0.005 0.016 0.062 0.838 
 206 V _   0.012 0.083 0.001 0.014 0.008 0.019 0.060 0.803 
 207 P _   0.014 0.124 0.001 0.019 0.011 0.022 0.057 0.753 
 208 A _   0.014 0.176 0.002 0.025 0.013 0.024 0.054 0.692 
 209 L _   0.014 0.232 0.002 0.031 0.016 0.025 0.050 0.631 
 210 P _   0.014 0.281 0.002 0.035 0.017 0.025 0.048 0.579 
 211 S _   0.013 0.320 0.002 0.038 0.017 0.025 0.046 0.540 
 212 L _   0.013 0.346 0.001 0.040 0.017 0.025 0.044 0.514 
 213 T _   0.013 0.362 0.001 0.040 0.017 0.025 0.044 0.499 
 214 M _   0.013 0.371 0.001 0.039 0.016 0.024 0.043 0.492 
 215 R _   0.013 0.374 0.001 0.038 0.015 0.023 0.043 0.492 
 216 R _   0.013 0.373 0.001 0.035 0.014 0.022 0.044 0.498 
 217 M _   0.013 0.366 0.001 0.033 0.013 0.021 0.045 0.508 
 218 R _   0.013 0.356 0.001 0.030 0.012 0.019 0.046 0.522 
 219 E _   0.013 0.343 0.001 0.028 0.011 0.018 0.047 0.538 
 220 S _   0.013 0.326 0.001 0.026 0.010 0.017 0.049 0.557 
 221 V _   0.013 0.306 0.001 0.025 0.010 0.016 0.051 0.578 
 222 S _   0.013 0.284 0.001 0.024 0.009 0.015 0.053 0.601 
 223 R _   0.013 0.258 0.001 0.022 0.008 0.015 0.056 0.628 
 224 M _   0.013 0.230 0.001 0.020 0.007 0.014 0.058 0.657 
 225 P _   0.012 0.200 0.001 0.018 0.006 0.013 0.061 0.689 
 226 V _   0.011 0.171 0.001 0.015 0.005 0.012 0.064 0.722 
 227 S _   0.010 0.145 0.001 0.012 0.004 0.011 0.066 0.751 
 228 S _   0.009 0.126 0.001 0.009 0.004 0.010 0.068 0.774 
 229 Q _   0.008 0.113 0.000 0.007 0.003 0.009 0.069 0.790 
 230 H _   0.007 0.106 0.000 0.006 0.003 0.009 0.070 0.799 
 231 R _   0.007 0.103 0.000 0.006 0.003 0.009 0.070 0.801 
 232 Y _   0.007 0.104 0.000 0.008 0.003 0.010 0.070 0.798 
 233 S _   0.007 0.108 0.000 0.011 0.004 0.011 0.070 0.790 
 234 T _   0.007 0.116 0.001 0.016 0.005 0.012 0.069 0.775 
 235 P _   0.008 0.126 0.001 0.021 0.006 0.013 0.069 0.757 
 236 H _   0.008 0.136 0.001 0.028 0.007 0.013 0.068 0.740 
 237 A _   0.008 0.143 0.001 0.033 0.008 0.013 0.068 0.728 
 238 F _   0.007 0.146 0.001 0.035 0.008 0.013 0.068 0.723 
 239 T _   0.007 0.145 0.001 0.034 0.007 0.012 0.069 0.725 
 240 F _   0.007 0.141 0.001 0.031 0.006 0.011 0.070 0.733 
 241 N _   0.006 0.134 0.001 0.026 0.006 0.010 0.071 0.747 
 242 T _   0.006 0.123 0.001 0.021 0.005 0.009 0.073 0.764 
 243 S _   0.005 0.111 0.000 0.015 0.004 0.008 0.074 0.783 
 244 S _   0.005 0.100 0.000 0.011 0.003 0.007 0.076 0.799 
 245 P _   0.005 0.092 0.000 0.008 0.002 0.006 0.077 0.810 
 246 S _   0.004 0.088 0.000 0.007 0.002 0.006 0.077 0.816 
 247 S _   0.004 0.086 0.000 0.006 0.002 0.006 0.077 0.817 
 248 E _   0.004 0.087 0.000 0.007 0.002 0.007 0.077 0.815 
 249 G _   0.005 0.090 0.000 0.009 0.002 0.008 0.077 0.809 
 250 S _   0.005 0.096 0.000 0.011 0.003 0.008 0.076 0.800 
 251 L _   0.005 0.104 0.000 0.014 0.004 0.009 0.075 0.789 
 252 S _   0.005 0.112 0.001 0.016 0.004 0.010 0.074 0.779 
 253 Q _   0.005 0.120 0.001 0.017 0.004 0.010 0.073 0.770 
 254 R _   0.005 0.127 0.001 0.017 0.004 0.010 0.072 0.764 
 255 Q _   0.005 0.132 0.001 0.016 0.004 0.010 0.071 0.760 
 256 R _   0.005 0.136 0.001 0.015 0.004 0.010 0.071 0.758 
 257 S _   0.005 0.141 0.000 0.013 0.004 0.011 0.070 0.756 
 258 T _   0.005 0.146 0.000 0.012 0.004 0.011 0.069 0.752 
 259 S _   0.006 0.152 0.001 0.012 0.005 0.012 0.068 0.744 
 260 T _   0.006 0.163 0.001 0.013 0.005 0.014 0.068 0.730 
 261 P _   0.007 0.179 0.001 0.015 0.007 0.015 0.066 0.709 
 262 N _   0.008 0.200 0.001 0.019 0.009 0.017 0.065 0.681 
 263 V _   0.009 0.225 0.001 0.022 0.010 0.018 0.064 0.649 
 264 H _   0.010 0.251 0.001 0.026 0.011 0.019 0.063 0.619 
 265 M _   0.010 0.273 0.001 0.028 0.012 0.019 0.063 0.594 
 266 V _   0.010 0.289 0.001 0.029 0.012 0.019 0.062 0.576 
 267 S _   0.010 0.300 0.001 0.029 0.012 0.019 0.062 0.566 
 268 T _   0.010 0.306 0.001 0.027 0.011 0.019 0.063 0.562 
 269 T _   0.010 0.309 0.001 0.025 0.010 0.018 0.064 0.562 
 270 L _   0.010 0.311 0.001 0.022 0.010 0.018 0.065 0.564 
 271 P _   0.010 0.310 0.001 0.020 0.009 0.018 0.066 0.566 
 272 V _   0.010 0.310 0.001 0.019 0.009 0.018 0.067 0.566 
 273 D _   0.010 0.310 0.001 0.018 0.009 0.018 0.068 0.566 
 274 S _   0.010 0.311 0.001 0.019 0.009 0.017 0.070 0.563 
 275 R _   0.010 0.311 0.001 0.020 0.009 0.017 0.072 0.559 
 276 M _   0.010 0.312 0.001 0.022 0.009 0.017 0.074 0.555 
 277 I _   0.010 0.311 0.001 0.024 0.009 0.016 0.076 0.553 
 278 E _   0.010 0.307 0.001 0.025 0.009 0.016 0.078 0.554 
 279 D _   0.010 0.301 0.001 0.025 0.008 0.015 0.081 0.560 
 280 A _   0.009 0.291 0.001 0.024 0.008 0.014 0.084 0.569 
 281 I _   0.009 0.278 0.001 0.022 0.007 0.013 0.088 0.582 
 282 R _   0.008 0.262 0.001 0.021 0.007 0.012 0.092 0.597 
 283 S _   0.008 0.244 0.001 0.019 0.006 0.012 0.096 0.614 
 284 H _   0.007 0.226 0.001 0.018 0.006 0.011 0.100 0.631 
 285 S _   0.007 0.209 0.001 0.017 0.005 0.011 0.105 0.645 
 286 E _   0.007 0.193 0.001 0.017 0.005 0.011 0.110 0.657 
 287 S _   0.007 0.179 0.001 0.017 0.005 0.010 0.114 0.667 
 288 A _   0.007 0.167 0.001 0.017 0.005 0.010 0.119 0.675 
 289 S _   0.006 0.155 0.001 0.018 0.005 0.010 0.124 0.682 
 290 P _   0.006 0.142 0.001 0.018 0.004 0.010 0.130 0.689 
 291 S _   0.006 0.129 0.001 0.018 0.004 0.009 0.135 0.697 
 292 A _   0.006 0.115 0.001 0.017 0.004 0.009 0.141 0.707 
 293 L _   0.006 0.099 0.001 0.016 0.004 0.009 0.147 0.718 
 294 S _   0.006 0.083 0.001 0.015 0.004 0.008 0.153 0.730 
 295 S _   0.006 0.068 0.000 0.013 0.003 0.008 0.159 0.743 
 296 S _   0.006 0.055 0.000 0.011 0.003 0.007 0.165 0.753 
 297 P _   0.005 0.044 0.000 0.010 0.002 0.007 0.170 0.761 
 298 N _   0.005 0.036 0.000 0.009 0.002 0.007 0.175 0.765 
 299 N _   0.005 0.031 0.000 0.008 0.002 0.007 0.179 0.767 
 300 L _   0.005 0.027 0.000 0.008 0.002 0.007 0.182 0.768 
 301 S _   0.006 0.024 0.000 0.008 0.002 0.007 0.185 0.768 
 302 P _   0.005 0.021 0.000 0.008 0.002 0.007 0.188 0.767 
 303 T _   0.005 0.019 0.000 0.009 0.002 0.007 0.190 0.767 
 304 G _   0.005 0.018 0.000 0.008 0.002 0.007 0.192 0.767 
 305 W _   0.005 0.017 0.000 0.008 0.002 0.006 0.193 0.769 
 306 S _   0.005 0.016 0.000 0.007 0.002 0.006 0.194 0.770 
 307 Q _   0.004 0.015 0.000 0.007 0.002 0.006 0.195 0.771 
 308 P _   0.004 0.015 0.000 0.006 0.002 0.006 0.195 0.772 
 309 K _   0.004 0.015 0.000 0.006 0.002 0.006 0.195 0.772 
 310 T _   0.004 0.016 0.000 0.007 0.002 0.006 0.194 0.771 
 311 P _   0.004 0.018 0.000 0.008 0.002 0.007 0.193 0.768 
 312 V _   0.004 0.021 0.000 0.010 0.003 0.008 0.191 0.762 
 313 P _   0.005 0.025 0.000 0.013 0.003 0.008 0.190 0.755 
 314 A _   0.005 0.030 0.000 0.016 0.004 0.009 0.188 0.747 
 315 Q _   0.005 0.034 0.001 0.020 0.005 0.010 0.186 0.739 
 316 R _   0.005 0.038 0.001 0.023 0.005 0.010 0.185 0.734 
 317 E _   0.005 0.040 0.001 0.024 0.005 0.010 0.185 0.730 
 318 R _   0.005 0.041 0.001 0.025 0.005 0.010 0.184 0.729 
 319 A _   0.005 0.041 0.001 0.024 0.005 0.009 0.185 0.731 
 320 P _   0.005 0.039 0.001 0.022 0.004 0.009 0.186 0.734 
 321 V _   0.005 0.036 0.000 0.019 0.004 0.008 0.187 0.739 
 322 S _   0.005 0.033 0.000 0.016 0.004 0.008 0.189 0.745 
 323 G _   0.005 0.028 0.000 0.013 0.003 0.007 0.190 0.752 
 324 T _   0.005 0.024 0.000 0.011 0.003 0.007 0.192 0.758 
 325 Q _   0.005 0.020 0.000 0.009 0.002 0.006 0.193 0.763 
 326 E _   0.005 0.017 0.000 0.008 0.002 0.006 0.194 0.767 
 327 K _   0.005 0.015 0.000 0.007 0.002 0.006 0.195 0.770 
 328 N _   0.005 0.013 0.000 0.007 0.002 0.006 0.195 0.772 
 329 K _   0.005 0.013 0.000 0.007 0.002 0.006 0.195 0.773 
 330 I _   0.005 0.012 0.000 0.007 0.002 0.006 0.194 0.774 
 331 R _   0.005 0.012 0.000 0.007 0.002 0.006 0.193 0.775 
 332 P _   0.005 0.012 0.000 0.007 0.002 0.006 0.192 0.776 
 333 R _   0.004 0.012 0.000 0.007 0.002 0.006 0.189 0.778 
 334 G _   0.004 0.013 0.000 0.007 0.002 0.006 0.187 0.780 
 335 Q _   0.004 0.014 0.000 0.007 0.002 0.007 0.183 0.783 
 336 R _   0.004 0.015 0.000 0.006 0.002 0.007 0.179 0.786 
 337 D _   0.004 0.017 0.000 0.007 0.002 0.008 0.175 0.786 
 338 S _   0.005 0.021 0.000 0.007 0.003 0.010 0.170 0.785 
 339 S _   0.006 0.027 0.000 0.009 0.003 0.013 0.163 0.779 
 340 Y _   0.007 0.038 0.001 0.011 0.005 0.016 0.156 0.765 
 341 Y _   0.009 0.057 0.001 0.016 0.008 0.021 0.147 0.742 
 342 W _   0.012 0.086 0.001 0.021 0.011 0.026 0.137 0.706 
 343 E _   0.014 0.125 0.002 0.028 0.015 0.031 0.126 0.660 
 344 I _   0.016 0.168 0.002 0.034 0.020 0.035 0.114 0.610 
 345 E _   0.018 0.211 0.002 0.040 0.024 0.039 0.104 0.563 
 346 A _   0.020 0.246 0.002 0.045 0.027 0.041 0.094 0.525 
 347 S _   0.021 0.272 0.002 0.048 0.030 0.043 0.087 0.497 
 348 E _   0.023 0.289 0.002 0.050 0.032 0.044 0.081 0.480 
 349 V _   0.025 0.299 0.002 0.050 0.032 0.044 0.076 0.472 
 350 M _   0.027 0.303 0.002 0.049 0.032 0.043 0.072 0.472 
 351 L _   0.028 0.302 0.002 0.046 0.031 0.041 0.070 0.481 
 352 S _   0.028 0.295 0.002 0.042 0.029 0.040 0.067 0.497 
 353 T _   0.029 0.283 0.002 0.037 0.026 0.037 0.066 0.520 
 354 R _   0.028 0.266 0.002 0.032 0.023 0.035 0.065 0.549 
 355 I _   0.027 0.245 0.002 0.028 0.020 0.033 0.064 0.580 
 356 G _   0.026 0.224 0.001 0.025 0.018 0.031 0.063 0.612 
 357 S _   0.025 0.203 0.001 0.023 0.016 0.029 0.062 0.640 
 358 G _   0.024 0.184 0.001 0.021 0.014 0.027 0.062 0.665 
 359 S _   0.023 0.167 0.001 0.020 0.013 0.025 0.062 0.689 
 360 F _   0.021 0.150 0.001 0.020 0.011 0.024 0.062 0.711 
 361 G _   0.020 0.133 0.001 0.019 0.010 0.022 0.062 0.733 
 362 T _   0.018 0.116 0.001 0.018 0.009 0.020 0.062 0.756 
 363 V _   0.016 0.100 0.001 0.016 0.008 0.018 0.062 0.780 
 364 Y _   0.014 0.085 0.001 0.014 0.007 0.017 0.062 0.802 
 365 K _   0.012 0.072 0.001 0.011 0.006 0.015 0.061 0.821 
 366 G _   0.011 0.062 0.001 0.010 0.005 0.014 0.061 0.836 
 367 K _   0.011 0.056 0.001 0.008 0.005 0.014 0.061 0.846 
 368 W _   0.010 0.052 0.001 0.008 0.004 0.014 0.060 0.851 
 369 H _   0.010 0.050 0.001 0.009 0.005 0.014 0.059 0.851 
 370 G _   0.011 0.051 0.001 0.011 0.006 0.015 0.058 0.848 
 371 D _   0.012 0.052 0.001 0.014 0.007 0.016 0.057 0.841 
 372 V _   0.013 0.054 0.001 0.019 0.008 0.017 0.056 0.832 
 373 A _   0.013 0.057 0.001 0.023 0.009 0.018 0.056 0.824 
 374 V _   0.014 0.057 0.001 0.026 0.010 0.018 0.055 0.818 
 375 K _   0.014 0.057 0.001 0.028 0.010 0.018 0.055 0.818 
 376 I _   0.013 0.054 0.001 0.027 0.010 0.017 0.055 0.823 
 377 L _   0.013 0.048 0.001 0.024 0.009 0.016 0.055 0.834 
 378 K _   0.012 0.041 0.001 0.020 0.008 0.015 0.056 0.849 
 379 V _   0.011 0.032 0.001 0.016 0.006 0.013 0.056 0.865 
 380 V _   0.010 0.023 0.001 0.011 0.005 0.012 0.057 0.881 
 381 D _   0.010 0.016 0.001 0.008 0.004 0.011 0.057 0.893 
 382 P _   0.009 0.011 0.000 0.006 0.003 0.011 0.057 0.902 
 383 T _   0.009 0.009 0.000 0.005 0.003 0.011 0.057 0.906 
 384 P _   0.010 0.007 0.000 0.005 0.003 0.012 0.056 0.906 
 385 E _   0.011 0.007 0.000 0.005 0.004 0.014 0.056 0.904 
 386 Q _   0.012 0.008 0.000 0.006 0.004 0.016 0.055 0.898 
 387 F _   0.014 0.009 0.001 0.009 0.006 0.019 0.054 0.890 
 388 Q _   0.016 0.011 0.001 0.012 0.008 0.022 0.053 0.878 
 389 A _   0.018 0.014 0.001 0.016 0.010 0.025 0.051 0.865 
 390 F _   0.020 0.017 0.001 0.020 0.013 0.028 0.050 0.851 
 391 R _   0.022 0.020 0.001 0.024 0.015 0.031 0.049 0.839 
 392 N _   0.024 0.021 0.001 0.028 0.016 0.033 0.048 0.829 
 393 E _   0.027 0.022 0.001 0.029 0.017 0.034 0.047 0.823 
 394 V _   0.030 0.021 0.001 0.028 0.017 0.034 0.046 0.822 
 395 A _   0.032 0.019 0.001 0.025 0.016 0.035 0.046 0.825 
 396 V _   0.035 0.016 0.001 0.020 0.015 0.035 0.045 0.832 
 397 L _   0.039 0.012 0.001 0.015 0.013 0.035 0.045 0.841 
 398 R _   0.042 0.008 0.001 0.010 0.011 0.035 0.045 0.848 
 399 K _   0.047 0.005 0.001 0.007 0.010 0.036 0.044 0.850 
 400 T _   0.053 0.004 0.001 0.005 0.010 0.038 0.044 0.846 
 401 R _   0.060 0.003 0.001 0.005 0.012 0.040 0.043 0.836 
 402 H _   0.069 0.004 0.001 0.006 0.015 0.044 0.043 0.819 
 403 V _   0.080 0.006 0.001 0.009 0.020 0.048 0.042 0.794 
 404 N _   0.089 0.011 0.002 0.015 0.026 0.051 0.042 0.764 
 405 I _   0.096 0.018 0.002 0.024 0.032 0.053 0.042 0.734 
 406 L _   0.099 0.024 0.002 0.033 0.035 0.053 0.042 0.711 
 407 L _   0.097 0.028 0.002 0.039 0.036 0.051 0.042 0.704 
 408 F _   0.092 0.029 0.002 0.040 0.034 0.048 0.043 0.712 
 409 M _   0.083 0.027 0.002 0.037 0.029 0.043 0.045 0.733 
 410 G _   0.074 0.022 0.002 0.029 0.023 0.038 0.046 0.766 
 411 Y _   0.063 0.016 0.001 0.020 0.017 0.033 0.047 0.804 
 412 M _   0.052 0.009 0.001 0.011 0.011 0.028 0.048 0.839 
 413 T _   0.042 0.005 0.001 0.006 0.007 0.025 0.049 0.864 
 414 K _   0.036 0.003 0.001 0.004 0.005 0.023 0.050 0.879 
 415 D _   0.032 0.002 0.000 0.003 0.005 0.022 0.050 0.885 
 416 N _   0.031 0.003 0.001 0.004 0.005 0.023 0.050 0.883 
 417 L _   0.031 0.005 0.001 0.007 0.007 0.024 0.050 0.875 
 418 A _   0.032 0.009 0.001 0.013 0.010 0.026 0.050 0.860 
 419 I _   0.032 0.014 0.001 0.020 0.013 0.027 0.050 0.841 
 420 V _   0.032 0.020 0.001 0.028 0.015 0.028 0.050 0.826 
 421 T _   0.031 0.023 0.001 0.033 0.016 0.027 0.051 0.817 
 422 Q _   0.028 0.025 0.001 0.035 0.015 0.025 0.051 0.818 
 423 W _   0.025 0.024 0.001 0.032 0.014 0.023 0.052 0.828 
 424 C _   0.022 0.021 0.001 0.027 0.011 0.020 0.053 0.844 
 425 E _   0.019 0.017 0.001 0.020 0.009 0.018 0.054 0.862 
 426 G _   0.016 0.012 0.001 0.014 0.006 0.015 0.055 0.880 
 427 S _   0.014 0.008 0.001 0.009 0.005 0.014 0.056 0.894 
 428 S _   0.012 0.005 0.000 0.006 0.004 0.012 0.057 0.904 
 429 L _   0.011 0.003 0.000 0.004 0.003 0.012 0.057 0.909 
 430 Y _   0.011 0.002 0.000 0.004 0.003 0.012 0.058 0.910 
 431 K _   0.012 0.002 0.000 0.004 0.003 0.013 0.058 0.909 
 432 H _   0.013 0.002 0.000 0.004 0.003 0.014 0.057 0.906 
 433 L _   0.015 0.002 0.000 0.005 0.004 0.017 0.057 0.900 
 434 H _   0.018 0.003 0.001 0.006 0.005 0.020 0.056 0.891 
 435 V _   0.022 0.005 0.001 0.008 0.007 0.023 0.055 0.880 
 436 Q _   0.026 0.007 0.001 0.009 0.009 0.027 0.054 0.866 
 437 E _   0.032 0.010 0.001 0.011 0.012 0.032 0.053 0.850 
 438 T _   0.039 0.013 0.001 0.012 0.015 0.036 0.052 0.831 
 439 K _   0.045 0.018 0.001 0.014 0.019 0.040 0.051 0.811 
 440 F _   0.052 0.023 0.001 0.017 0.023 0.044 0.051 0.790 
 441 Q _   0.058 0.028 0.002 0.019 0.026 0.047 0.050 0.771 
 442 M _   0.062 0.034 0.002 0.022 0.028 0.048 0.050 0.754 
 443 F _   0.065 0.039 0.002 0.025 0.030 0.048 0.050 0.742 
 444 Q _   0.067 0.043 0.002 0.027 0.030 0.047 0.050 0.734 
 445 L _   0.065 0.046 0.002 0.029 0.029 0.045 0.050 0.734 
 446 I _   0.063 0.047 0.002 0.030 0.027 0.043 0.051 0.738 
 447 D _   0.059 0.046 0.002 0.029 0.024 0.039 0.052 0.748 
 448 I _   0.054 0.044 0.002 0.028 0.021 0.035 0.053 0.763 
 449 A _   0.048 0.041 0.001 0.024 0.017 0.031 0.054 0.782 
 450 R _   0.041 0.036 0.001 0.021 0.014 0.027 0.055 0.804 
 451 Q _   0.035 0.030 0.001 0.017 0.011 0.024 0.057 0.826 
 452 T _   0.029 0.024 0.001 0.014 0.008 0.020 0.058 0.846 
 453 A _   0.023 0.019 0.001 0.011 0.006 0.017 0.059 0.864 
 454 Q _   0.019 0.016 0.001 0.009 0.005 0.015 0.059 0.877 
 455 G _   0.016 0.013 0.000 0.007 0.004 0.013 0.060 0.886 
 456 M _   0.013 0.012 0.000 0.007 0.004 0.012 0.060 0.892 
 457 D _   0.012 0.011 0.000 0.007 0.004 0.012 0.060 0.894 
 458 Y _   0.011 0.012 0.000 0.008 0.004 0.011 0.060 0.893 
 459 L _   0.010 0.012 0.001 0.010 0.004 0.012 0.060 0.891 
 460 H _   0.010 0.014 0.001 0.012 0.005 0.012 0.060 0.887 
 461 A _   0.010 0.015 0.001 0.015 0.006 0.012 0.060 0.882 
 462 K _   0.009 0.016 0.001 0.017 0.006 0.012 0.060 0.879 
 463 N _   0.009 0.016 0.001 0.018 0.006 0.012 0.060 0.878 
 464 I _   0.009 0.016 0.001 0.017 0.006 0.011 0.061 0.879 
 465 I _   0.009 0.015 0.001 0.016 0.005 0.011 0.061 0.883 
 466 H _   0.008 0.014 0.001 0.013 0.004 0.010 0.062 0.888 
 467 R _   0.008 0.012 0.000 0.010 0.004 0.010 0.062 0.894 
 468 D _   0.007 0.010 0.000 0.008 0.003 0.010 0.062 0.899 
 469 M _   0.007 0.009 0.000 0.006 0.003 0.010 0.062 0.902 
 470 K _   0.008 0.009 0.000 0.005 0.003 0.011 0.062 0.902 
 471 S _   0.009 0.009 0.000 0.005 0.003 0.013 0.062 0.899 
 472 N _   0.012 0.011 0.000 0.005 0.004 0.016 0.061 0.890 
 473 N _   0.015 0.016 0.001 0.007 0.006 0.020 0.061 0.875 
 474 I _   0.020 0.026 0.001 0.010 0.009 0.025 0.059 0.850 
 475 F _   0.025 0.043 0.001 0.014 0.013 0.031 0.058 0.814 
 476 L _   0.030 0.068 0.002 0.020 0.018 0.037 0.056 0.770 
 477 H _   0.035 0.096 0.002 0.025 0.023 0.042 0.054 0.724 
 478 E _   0.038 0.123 0.002 0.030 0.027 0.045 0.053 0.682 
 479 G _   0.042 0.146 0.002 0.033 0.030 0.048 0.052 0.648 
 480 L _   0.044 0.164 0.002 0.035 0.032 0.049 0.051 0.623 
 481 T _   0.047 0.177 0.002 0.035 0.033 0.050 0.051 0.606 
 482 V _   0.049 0.186 0.002 0.035 0.033 0.049 0.051 0.595 
 483 K _   0.050 0.193 0.002 0.035 0.033 0.048 0.051 0.588 
 484 I _   0.050 0.197 0.002 0.036 0.032 0.047 0.052 0.585 
 485 G _   0.049 0.198 0.002 0.037 0.030 0.044 0.053 0.586 
 486 D _   0.047 0.197 0.002 0.038 0.028 0.042 0.055 0.592 
 487 F _   0.044 0.192 0.002 0.038 0.025 0.038 0.057 0.604 
 488 G _   0.041 0.184 0.002 0.037 0.022 0.034 0.059 0.621 
 489 L _   0.036 0.170 0.002 0.035 0.019 0.030 0.062 0.646 
 490 A _   0.031 0.150 0.001 0.032 0.015 0.026 0.066 0.678 
 491 T _   0.027 0.125 0.001 0.026 0.012 0.023 0.069 0.716 
 492 V _   0.022 0.097 0.001 0.021 0.009 0.019 0.073 0.757 
 493 K _   0.019 0.072 0.001 0.015 0.007 0.016 0.076 0.794 
 494 S _   0.016 0.051 0.001 0.011 0.005 0.014 0.079 0.824 
 495 R _   0.013 0.037 0.001 0.008 0.004 0.012 0.081 0.845 
 496 W _   0.011 0.029 0.000 0.006 0.003 0.010 0.083 0.858 
 497 S _   0.009 0.024 0.000 0.005 0.002 0.010 0.084 0.865 
 498 G _   0.008 0.022 0.000 0.005 0.002 0.009 0.085 0.868 
 499 S _   0.008 0.022 0.000 0.005 0.002 0.010 0.085 0.868 
 500 Q _   0.008 0.023 0.000 0.006 0.003 0.011 0.085 0.865 
 501 Q _   0.008 0.025 0.000 0.006 0.003 0.012 0.085 0.860 
 502 V _   0.009 0.029 0.000 0.007 0.004 0.013 0.084 0.853 
 503 E _   0.010 0.035 0.001 0.009 0.005 0.016 0.083 0.842 
 504 Q _   0.012 0.044 0.001 0.010 0.006 0.019 0.082 0.827 
 505 P _   0.014 0.058 0.001 0.013 0.008 0.022 0.080 0.804 
 506 T _   0.017 0.080 0.001 0.017 0.012 0.026 0.078 0.770 
 507 G _   0.019 0.110 0.002 0.022 0.016 0.030 0.076 0.725 
 508 S _   0.022 0.150 0.002 0.029 0.021 0.033 0.073 0.670 
 509 V _   0.024 0.196 0.002 0.037 0.025 0.035 0.071 0.611 
 510 L _   0.024 0.237 0.002 0.047 0.027 0.036 0.069 0.558 
 511 W _   0.024 0.269 0.002 0.055 0.028 0.035 0.068 0.519 
 512 M _   0.023 0.289 0.002 0.062 0.028 0.034 0.068 0.495 
 513 A _   0.023 0.298 0.002 0.065 0.027 0.032 0.069 0.485 
 514 P _   0.022 0.300 0.002 0.066 0.024 0.030 0.070 0.487 
 515 E _   0.021 0.294 0.002 0.062 0.022 0.027 0.072 0.501 
 516 V _   0.020 0.278 0.002 0.056 0.019 0.024 0.075 0.527 
 517 I _   0.018 0.249 0.002 0.047 0.016 0.021 0.079 0.568 
 518 R _   0.017 0.206 0.002 0.038 0.013 0.018 0.084 0.623 
 519 M _   0.016 0.152 0.001 0.028 0.010 0.016 0.090 0.687 
 520 Q _   0.014 0.100 0.001 0.019 0.007 0.014 0.095 0.750 
 521 D _   0.011 0.061 0.001 0.012 0.005 0.012 0.099 0.799 
 522 N _   0.009 0.037 0.000 0.008 0.003 0.010 0.102 0.830 
 523 N _   0.007 0.025 0.000 0.005 0.002 0.009 0.104 0.848 
 524 P _   0.006 0.019 0.000 0.004 0.002 0.009 0.105 0.855 
 525 F _   0.006 0.017 0.000 0.003 0.002 0.009 0.105 0.857 
 526 S _   0.007 0.017 0.000 0.004 0.002 0.011 0.105 0.854 
 527 F _   0.008 0.020 0.000 0.005 0.003 0.014 0.104 0.846 
 528 Q _   0.011 0.025 0.000 0.007 0.004 0.018 0.102 0.831 
 529 S _   0.015 0.038 0.001 0.010 0.007 0.024 0.100 0.805 
 530 D _   0.020 0.061 0.001 0.015 0.012 0.031 0.097 0.763 
 531 V _   0.025 0.098 0.002 0.021 0.019 0.039 0.093 0.703 
 532 Y _   0.031 0.148 0.002 0.028 0.027 0.045 0.088 0.631 
 533 S _   0.036 0.204 0.003 0.034 0.035 0.050 0.084 0.554 
 534 Y _   0.040 0.259 0.003 0.041 0.041 0.053 0.080 0.482 
 535 G _   0.043 0.307 0.003 0.046 0.046 0.054 0.078 0.422 
 536 I _   0.046 0.343 0.003 0.051 0.048 0.054 0.076 0.378 
 537 V E   0.048 0.367 0.002 0.055 0.049 0.053 0.076 0.349 
 538 L E   0.049 0.379 0.002 0.058 0.048 0.051 0.076 0.336 
 539 Y E   0.049 0.383 0.002 0.059 0.046 0.048 0.078 0.335 
 540 E E   0.048 0.380 0.002 0.058 0.042 0.044 0.080 0.345 
 541 L _   0.045 0.367 0.002 0.056 0.037 0.040 0.084 0.368 
 542 M _   0.041 0.343 0.002 0.052 0.032 0.035 0.089 0.406 
 543 T _   0.037 0.304 0.002 0.045 0.026 0.031 0.095 0.459 
 544 G _   0.032 0.249 0.002 0.038 0.021 0.027 0.102 0.529 
 545 E _   0.027 0.184 0.002 0.030 0.016 0.023 0.111 0.608 
 546 L _   0.023 0.123 0.001 0.021 0.011 0.019 0.118 0.684 
 547 P _   0.018 0.076 0.001 0.014 0.007 0.016 0.125 0.744 
 548 Y _   0.014 0.048 0.001 0.008 0.004 0.013 0.129 0.783 
 549 S _   0.010 0.034 0.000 0.005 0.003 0.012 0.132 0.804 
 550 H _   0.009 0.028 0.000 0.004 0.002 0.011 0.133 0.813 
 551 I _   0.008 0.027 0.000 0.003 0.002 0.011 0.134 0.814 
 552 N _   0.009 0.028 0.000 0.004 0.003 0.013 0.135 0.807 
 553 N _   0.011 0.035 0.001 0.007 0.005 0.017 0.134 0.790 
 554 R _   0.015 0.053 0.001 0.013 0.009 0.021 0.133 0.755 
 555 D _   0.017 0.090 0.001 0.023 0.014 0.026 0.131 0.697 
 556 Q _   0.019 0.147 0.002 0.037 0.019 0.029 0.129 0.618 
 557 I _   0.018 0.205 0.002 0.052 0.023 0.030 0.127 0.543 
 558 I _   0.018 0.247 0.002 0.065 0.024 0.030 0.126 0.488 
 559 F _   0.017 0.271 0.002 0.073 0.024 0.029 0.126 0.457 
 560 M _   0.016 0.282 0.002 0.077 0.024 0.028 0.128 0.443 
 561 V _   0.016 0.284 0.002 0.077 0.022 0.026 0.132 0.442 
 562 G _   0.015 0.278 0.002 0.071 0.020 0.024 0.136 0.453 
 563 R _   0.014 0.262 0.002 0.062 0.018 0.022 0.143 0.478 
 564 G _   0.013 0.232 0.002 0.052 0.015 0.019 0.151 0.516 
 565 Y _   0.013 0.189 0.002 0.040 0.012 0.017 0.162 0.566 
 566 A _   0.012 0.140 0.001 0.029 0.009 0.015 0.173 0.620 
 567 S _   0.011 0.095 0.001 0.021 0.007 0.013 0.184 0.669 
 568 P _   0.010 0.061 0.001 0.014 0.005 0.011 0.193 0.706 
 569 D _   0.008 0.039 0.000 0.010 0.003 0.009 0.200 0.731 
 570 L _   0.007 0.026 0.000 0.007 0.002 0.007 0.206 0.745 
 571 S _   0.006 0.018 0.000 0.005 0.002 0.006 0.209 0.753 
 572 K _   0.005 0.014 0.000 0.004 0.002 0.006 0.212 0.757 
 573 L _   0.005 0.012 0.000 0.004 0.001 0.006 0.213 0.758 
 574 Y _   0.004 0.011 0.000 0.004 0.001 0.006 0.214 0.758 
 575 K _   0.004 0.012 0.000 0.004 0.002 0.007 0.214 0.756 
 576 N _   0.005 0.013 0.000 0.005 0.002 0.008 0.214 0.752 
 577 C _   0.006 0.016 0.000 0.007 0.003 0.010 0.213 0.745 
 578 P _   0.007 0.020 0.000 0.011 0.004 0.013 0.212 0.733 
 579 K _   0.008 0.027 0.001 0.016 0.006 0.015 0.210 0.717 
 580 A _   0.010 0.036 0.001 0.022 0.008 0.017 0.208 0.698 
 581 M _   0.011 0.044 0.001 0.028 0.010 0.019 0.207 0.679 
 582 K _   0.011 0.051 0.001 0.034 0.012 0.021 0.206 0.664 
 583 R _   0.012 0.055 0.001 0.038 0.013 0.021 0.206 0.653 
 584 L _   0.012 0.057 0.001 0.040 0.013 0.021 0.207 0.649 
 585 V _   0.012 0.056 0.001 0.038 0.012 0.020 0.209 0.651 
 586 A _   0.012 0.053 0.001 0.034 0.011 0.019 0.212 0.657 
 587 D _   0.012 0.048 0.001 0.028 0.010 0.017 0.215 0.669 
 588 C _   0.012 0.040 0.001 0.022 0.008 0.016 0.218 0.684 
 589 V _   0.011 0.031 0.001 0.016 0.006 0.015 0.222 0.699 
 590 K _   0.011 0.023 0.001 0.011 0.005 0.014 0.225 0.712 
 591 K _   0.011 0.016 0.000 0.007 0.004 0.013 0.228 0.720 
 592 V _   0.011 0.013 0.000 0.005 0.003 0.013 0.230 0.725 
 593 K _   0.011 0.011 0.000 0.004 0.003 0.014 0.232 0.726 
 594 E _   0.012 0.010 0.000 0.004 0.003 0.015 0.233 0.722 
 595 E _   0.014 0.011 0.000 0.004 0.004 0.017 0.234 0.716 
 596 R _   0.017 0.013 0.000 0.005 0.005 0.021 0.234 0.705 
 597 P _   0.021 0.018 0.001 0.006 0.007 0.025 0.234 0.688 
 598 L _   0.026 0.028 0.001 0.009 0.010 0.030 0.233 0.662 
 599 F _   0.031 0.045 0.001 0.012 0.015 0.035 0.232 0.627 
 600 P _   0.036 0.071 0.002 0.017 0.021 0.040 0.231 0.581 
 601 Q _   0.040 0.106 0.002 0.023 0.027 0.044 0.231 0.528 
 602 I _   0.042 0.145 0.002 0.031 0.032 0.045 0.231 0.472 
 603 L _   0.043 0.179 0.002 0.038 0.035 0.046 0.232 0.426 
 604 S _   0.042 0.204 0.002 0.045 0.036 0.045 0.234 0.391 
 605 S _   0.042 0.221 0.002 0.050 0.035 0.042 0.238 0.369 
 606 I _   0.040 0.230 0.002 0.054 0.034 0.040 0.244 0.357 
 607 E _   0.038 0.231 0.002 0.054 0.031 0.036 0.251 0.356 
 608 L _   0.035 0.227 0.002 0.052 0.027 0.032 0.261 0.364 
 609 L _   0.031 0.215 0.002 0.047 0.023 0.028 0.273 0.381 
 610 Q _   0.027 0.194 0.002 0.041 0.018 0.024 0.287 0.406 
 611 H _   0.024 0.164 0.002 0.033 0.014 0.021 0.303 0.439 
 612 S _   0.020 0.129 0.001 0.025 0.011 0.017 0.320 0.476 
 613 L _   0.016 0.095 0.001 0.019 0.008 0.014 0.338 0.509 
 614 P _   0.013 0.068 0.001 0.013 0.005 0.011 0.353 0.535 
 615 K _   0.010 0.050 0.001 0.009 0.003 0.009 0.365 0.553 
 616 I _   0.008 0.038 0.000 0.006 0.002 0.007 0.375 0.563 
 617 N _   0.006 0.032 0.000 0.004 0.002 0.006 0.382 0.567 
 618 R _   0.005 0.030 0.000 0.004 0.001 0.005 0.387 0.568 
 619 S _   0.004 0.029 0.000 0.003 0.001 0.005 0.391 0.566 
 620 A _   0.004 0.030 0.000 0.004 0.001 0.005 0.394 0.562 
 621 S _   0.004 0.032 0.000 0.005 0.002 0.006 0.396 0.556 
 622 E _   0.004 0.037 0.000 0.006 0.002 0.006 0.397 0.547 
 623 P _   0.004 0.046 0.000 0.009 0.003 0.007 0.398 0.533 
 624 S _   0.004 0.058 0.000 0.011 0.003 0.008 0.398 0.516 
 625 L _   0.005 0.072 0.001 0.014 0.004 0.009 0.398 0.498 
 626 H _   0.005 0.088 0.001 0.016 0.005 0.010 0.398 0.478 
 627 R _   0.005 0.103 0.001 0.018 0.005 0.010 0.399 0.460 
 628 A _   0.005 0.116 0.001 0.019 0.005 0.011 0.399 0.444 
 629 A _   0.005 0.128 0.001 0.019 0.006 0.011 0.401 0.430 
 630 H _   0.005 0.137 0.001 0.019 0.006 0.012 0.403 0.418 
 631 T X   0.005 0.145 0.001 0.019 0.006 0.012 0.406 0.406 
 632 E X   0.005 0.152 0.001 0.019 0.006 0.013 0.410 0.394 
 633 D X   0.006 0.158 0.001 0.020 0.006 0.013 0.414 0.382 
 634 I X   0.006 0.164 0.001 0.021 0.007 0.014 0.418 0.369 
 635 N X   0.007 0.170 0.001 0.022 0.007 0.015 0.423 0.355 
 636 A X   0.008 0.174 0.001 0.024 0.008 0.015 0.428 0.342 
 637 C X   0.008 0.178 0.001 0.025 0.008 0.015 0.435 0.330 
 638 T X   0.008 0.180 0.001 0.027 0.008 0.015 0.442 0.319 
 639 L X   0.008 0.179 0.001 0.028 0.008 0.014 0.450 0.311 
 640 T X   0.007 0.177 0.001 0.028 0.008 0.013 0.459 0.306 
 641 T X   0.006 0.172 0.001 0.027 0.008 0.012 0.470 0.305 
 642 S X   0.005 0.165 0.001 0.025 0.007 0.010 0.482 0.306 
 643 P X   0.004 0.154 0.001 0.022 0.005 0.007 0.495 0.311 
 644 R X   0.002 0.137 0.001 0.018 0.003 0.004 0.511 0.323 
 645 L X   0.001 0.114 0.000 0.011 0.001 0.002 0.525 0.345 
 646 P X   0.000 0.092 0.000 0.007 0.000 0.001 0.531 0.369 
 647 V X   0.000 0.079 0.000 0.007 0.000 0.001 0.531 0.381 
 648 F X   0.003 0.074 0.001 0.014 0.003 0.003 0.520 0.381 
