#TopoPred_TM8: 8-state transmembrane topology prediction results by no_profile mode 
#probabilities are in the order of H E C I L F X _, the 8 transmembrane topology types used in PDBTM 
   1 M _   0.061 0.000 0.002 0.010 0.014 0.021 0.252 0.639 
   2 G _   0.053 0.000 0.000 0.003 0.004 0.015 0.255 0.670 
   3 P _   0.066 0.000 0.000 0.002 0.003 0.015 0.251 0.662 
   4 G _   0.154 0.000 0.001 0.002 0.007 0.019 0.234 0.583 
   5 V _   0.307 0.000 0.001 0.002 0.014 0.025 0.198 0.452 
   6 L H   0.466 0.000 0.002 0.002 0.025 0.029 0.151 0.324 
   7 L H   0.586 0.000 0.002 0.002 0.031 0.029 0.120 0.229 
   8 L H   0.664 0.000 0.002 0.002 0.034 0.027 0.100 0.171 
   9 L H   0.708 0.000 0.002 0.002 0.034 0.024 0.088 0.142 
  10 L H   0.728 0.000 0.002 0.002 0.033 0.021 0.081 0.132 
  11 V H   0.731 0.000 0.002 0.002 0.032 0.019 0.076 0.138 
  12 A H   0.717 0.000 0.002 0.002 0.030 0.017 0.073 0.159 
  13 T H   0.685 0.000 0.002 0.002 0.027 0.015 0.071 0.198 
  14 A H   0.633 0.000 0.002 0.002 0.023 0.014 0.070 0.255 
  15 W H   0.564 0.000 0.002 0.002 0.019 0.013 0.070 0.331 
  16 H H   0.481 0.000 0.001 0.002 0.014 0.012 0.072 0.418 
  17 G _   0.390 0.000 0.001 0.002 0.010 0.012 0.074 0.511 
  18 Q _   0.301 0.000 0.001 0.002 0.008 0.011 0.076 0.601 
  19 G _   0.223 0.000 0.001 0.002 0.006 0.010 0.078 0.679 
  20 I _   0.161 0.000 0.001 0.003 0.005 0.010 0.080 0.741 
  21 P _   0.112 0.000 0.001 0.003 0.004 0.009 0.082 0.789 
  22 V _   0.078 0.000 0.000 0.003 0.003 0.009 0.083 0.824 
  23 I _   0.054 0.000 0.000 0.003 0.003 0.009 0.083 0.847 
  24 E _   0.039 0.000 0.000 0.003 0.003 0.010 0.083 0.862 
  25 P _   0.029 0.000 0.000 0.003 0.003 0.010 0.083 0.871 
  26 S _   0.024 0.001 0.000 0.003 0.003 0.012 0.082 0.875 
  27 V _   0.021 0.002 0.000 0.004 0.003 0.014 0.081 0.874 
  28 P _   0.021 0.005 0.001 0.005 0.004 0.017 0.079 0.868 
  29 E _   0.022 0.010 0.001 0.007 0.006 0.021 0.077 0.856 
  30 L _   0.023 0.020 0.001 0.010 0.009 0.025 0.074 0.837 
  31 V _   0.026 0.037 0.001 0.013 0.012 0.030 0.071 0.810 
  32 V _   0.028 0.062 0.001 0.018 0.017 0.034 0.068 0.772 
  33 K _   0.029 0.096 0.002 0.023 0.021 0.037 0.064 0.729 
  34 P _   0.030 0.136 0.002 0.028 0.025 0.039 0.061 0.680 
  35 G _   0.029 0.179 0.002 0.034 0.027 0.040 0.058 0.631 
  36 A _   0.029 0.218 0.002 0.039 0.029 0.039 0.055 0.589 
  37 T _   0.028 0.249 0.002 0.043 0.028 0.038 0.053 0.558 
  38 V _   0.027 0.270 0.002 0.047 0.027 0.036 0.052 0.539 
  39 T _   0.025 0.284 0.002 0.048 0.025 0.033 0.052 0.530 
  40 L _   0.024 0.291 0.002 0.049 0.023 0.030 0.052 0.530 
  41 R _   0.022 0.292 0.001 0.047 0.020 0.027 0.052 0.538 
  42 C _   0.020 0.287 0.001 0.044 0.017 0.024 0.053 0.553 
  43 V _   0.018 0.278 0.001 0.039 0.015 0.022 0.054 0.573 
  44 G _   0.016 0.263 0.001 0.035 0.012 0.019 0.056 0.599 
  45 N _   0.015 0.243 0.001 0.029 0.010 0.017 0.058 0.628 
  46 G _   0.013 0.219 0.001 0.024 0.008 0.015 0.060 0.660 
  47 S _   0.013 0.193 0.001 0.019 0.006 0.013 0.062 0.693 
  48 V _   0.011 0.168 0.001 0.015 0.005 0.011 0.064 0.725 
  49 E _   0.009 0.148 0.001 0.011 0.004 0.010 0.066 0.751 
  50 W _   0.008 0.134 0.000 0.008 0.003 0.008 0.067 0.771 
  51 D _   0.007 0.125 0.000 0.007 0.002 0.008 0.068 0.784 
  52 G _   0.006 0.121 0.000 0.006 0.002 0.007 0.068 0.790 
  53 P _   0.005 0.121 0.000 0.006 0.002 0.007 0.067 0.792 
  54 P _   0.005 0.123 0.000 0.007 0.002 0.007 0.066 0.789 
  55 S _   0.005 0.129 0.000 0.008 0.002 0.008 0.065 0.782 
  56 P _   0.005 0.139 0.000 0.011 0.003 0.008 0.063 0.770 
  57 H _   0.005 0.154 0.000 0.013 0.004 0.009 0.061 0.754 
  58 W _   0.005 0.171 0.001 0.016 0.004 0.009 0.059 0.736 
  59 T _   0.004 0.190 0.001 0.018 0.004 0.009 0.056 0.718 
  60 L _   0.004 0.208 0.001 0.020 0.005 0.009 0.054 0.701 
  61 Y _   0.004 0.226 0.001 0.020 0.004 0.009 0.051 0.686 
  62 S _   0.003 0.241 0.001 0.020 0.004 0.008 0.049 0.673 
  63 D _   0.003 0.255 0.001 0.020 0.004 0.008 0.047 0.662 
  64 G _   0.003 0.269 0.001 0.020 0.004 0.008 0.045 0.650 
  65 S _   0.003 0.282 0.001 0.020 0.004 0.008 0.044 0.639 
  66 S _   0.003 0.294 0.001 0.020 0.004 0.008 0.042 0.627 
  67 S _   0.003 0.305 0.001 0.021 0.004 0.008 0.041 0.616 
  68 I _   0.004 0.316 0.001 0.022 0.005 0.009 0.040 0.605 
  69 L _   0.004 0.325 0.001 0.023 0.005 0.009 0.039 0.595 
  70 S _   0.004 0.331 0.001 0.024 0.005 0.009 0.038 0.588 
  71 T _   0.004 0.337 0.001 0.024 0.005 0.010 0.038 0.581 
  72 N _   0.004 0.340 0.001 0.025 0.006 0.010 0.038 0.577 
  73 N _   0.005 0.341 0.001 0.026 0.006 0.010 0.038 0.574 
  74 A _   0.005 0.340 0.001 0.027 0.006 0.011 0.038 0.573 
  75 T _   0.005 0.336 0.001 0.028 0.006 0.011 0.039 0.574 
  76 F _   0.006 0.329 0.001 0.029 0.007 0.011 0.040 0.577 
  77 Q _   0.006 0.319 0.001 0.030 0.007 0.011 0.041 0.584 
  78 N _   0.007 0.305 0.001 0.031 0.007 0.011 0.043 0.595 
  79 T _   0.007 0.286 0.001 0.030 0.007 0.012 0.046 0.611 
  80 G _   0.008 0.260 0.001 0.030 0.007 0.011 0.049 0.634 
  81 T _   0.008 0.227 0.001 0.028 0.007 0.011 0.052 0.666 
  82 Y _   0.008 0.187 0.001 0.024 0.006 0.011 0.056 0.706 
  83 R _   0.008 0.146 0.001 0.020 0.005 0.010 0.060 0.750 
  84 C _   0.008 0.107 0.001 0.015 0.004 0.009 0.064 0.793 
  85 T _   0.007 0.077 0.000 0.010 0.003 0.008 0.066 0.829 
  86 E _   0.005 0.057 0.000 0.007 0.002 0.007 0.068 0.853 
  87 P _   0.005 0.047 0.000 0.005 0.002 0.006 0.068 0.867 
  88 G _   0.004 0.043 0.000 0.004 0.001 0.006 0.069 0.872 
  89 D _   0.004 0.042 0.000 0.004 0.002 0.007 0.068 0.872 
  90 P _   0.005 0.044 0.000 0.006 0.002 0.009 0.067 0.867 
  91 L _   0.006 0.051 0.000 0.009 0.003 0.012 0.065 0.852 
  92 G _   0.008 0.065 0.001 0.017 0.006 0.015 0.063 0.826 
  93 G _   0.009 0.088 0.001 0.028 0.009 0.019 0.060 0.786 
  94 S _   0.010 0.115 0.001 0.041 0.012 0.022 0.057 0.743 
  95 A _   0.010 0.136 0.001 0.054 0.014 0.023 0.054 0.706 
  96 A _   0.011 0.150 0.001 0.063 0.016 0.024 0.052 0.684 
  97 I _   0.011 0.155 0.001 0.067 0.016 0.024 0.050 0.675 
  98 H _   0.010 0.155 0.001 0.065 0.015 0.023 0.050 0.680 
  99 L _   0.010 0.148 0.001 0.059 0.014 0.021 0.050 0.697 
 100 Y _   0.010 0.133 0.001 0.048 0.012 0.019 0.050 0.727 
 101 V _   0.009 0.110 0.001 0.036 0.010 0.017 0.051 0.766 
 102 K _   0.009 0.083 0.001 0.024 0.008 0.016 0.051 0.808 
 103 D _   0.009 0.057 0.001 0.015 0.006 0.014 0.052 0.846 
 104 P _   0.009 0.040 0.001 0.009 0.004 0.014 0.052 0.872 
 105 A _   0.009 0.031 0.000 0.006 0.003 0.014 0.052 0.885 
 106 R _   0.010 0.027 0.000 0.005 0.003 0.014 0.052 0.888 
 107 P _   0.011 0.027 0.000 0.005 0.004 0.016 0.051 0.884 
 108 W _   0.014 0.029 0.001 0.008 0.006 0.019 0.050 0.873 
 109 N _   0.016 0.035 0.001 0.013 0.008 0.022 0.049 0.855 
 110 V _   0.018 0.045 0.001 0.021 0.012 0.026 0.047 0.830 
 111 L _   0.020 0.055 0.001 0.030 0.015 0.028 0.046 0.805 
 112 A _   0.021 0.063 0.001 0.038 0.017 0.029 0.045 0.785 
 113 Q _   0.021 0.068 0.001 0.044 0.018 0.029 0.044 0.774 
 114 E _   0.021 0.069 0.001 0.045 0.018 0.029 0.043 0.773 
 115 V _   0.020 0.067 0.001 0.043 0.017 0.027 0.043 0.781 
 116 V _   0.019 0.061 0.001 0.037 0.015 0.025 0.043 0.798 
 117 V _   0.018 0.052 0.001 0.029 0.012 0.023 0.043 0.821 
 118 F _   0.017 0.039 0.001 0.021 0.010 0.021 0.044 0.847 
 119 E _   0.016 0.027 0.001 0.014 0.008 0.019 0.044 0.871 
 120 D _   0.015 0.016 0.001 0.010 0.006 0.018 0.044 0.889 
 121 Q _   0.015 0.010 0.001 0.007 0.005 0.018 0.044 0.901 
 122 D _   0.016 0.006 0.000 0.006 0.004 0.018 0.044 0.906 
 123 A _   0.017 0.004 0.000 0.005 0.004 0.019 0.044 0.906 
 124 L _   0.020 0.003 0.001 0.005 0.005 0.020 0.044 0.903 
 125 L _   0.024 0.003 0.001 0.006 0.006 0.022 0.043 0.896 
 126 P _   0.028 0.003 0.001 0.007 0.007 0.025 0.042 0.888 
 127 C _   0.033 0.003 0.001 0.008 0.009 0.028 0.041 0.877 
 128 L _   0.039 0.004 0.001 0.009 0.011 0.031 0.041 0.864 
 129 L _   0.047 0.005 0.001 0.010 0.013 0.034 0.040 0.850 
 130 T _   0.055 0.006 0.001 0.011 0.016 0.038 0.039 0.835 
 131 D _   0.065 0.007 0.001 0.012 0.018 0.041 0.038 0.818 
 132 P _   0.075 0.008 0.001 0.012 0.021 0.044 0.038 0.801 
 133 V _   0.084 0.010 0.001 0.013 0.023 0.047 0.037 0.786 
 134 L _   0.091 0.011 0.001 0.013 0.024 0.048 0.037 0.773 
 135 E _   0.095 0.013 0.002 0.014 0.025 0.049 0.037 0.765 
 136 A _   0.097 0.015 0.002 0.015 0.025 0.049 0.038 0.759 
 137 G _   0.096 0.017 0.002 0.016 0.025 0.048 0.038 0.759 
 138 V _   0.092 0.019 0.002 0.016 0.024 0.047 0.039 0.761 
 139 S _   0.087 0.022 0.002 0.017 0.023 0.046 0.039 0.765 
 140 L _   0.081 0.024 0.001 0.018 0.022 0.044 0.040 0.770 
 141 V _   0.074 0.026 0.001 0.020 0.021 0.042 0.041 0.776 
 142 R _   0.065 0.028 0.001 0.022 0.020 0.039 0.041 0.784 
 143 V _   0.056 0.029 0.001 0.024 0.018 0.036 0.042 0.792 
 144 R _   0.048 0.030 0.001 0.025 0.017 0.033 0.044 0.802 
 145 G _   0.040 0.031 0.001 0.026 0.015 0.029 0.045 0.814 
 146 R _   0.033 0.030 0.001 0.026 0.013 0.026 0.046 0.826 
 147 P _   0.027 0.028 0.001 0.024 0.011 0.022 0.047 0.840 
 148 L _   0.022 0.025 0.001 0.020 0.008 0.019 0.049 0.856 
 149 M _   0.017 0.021 0.001 0.016 0.006 0.016 0.050 0.872 
 150 R _   0.014 0.017 0.001 0.012 0.005 0.013 0.051 0.887 
 151 H _   0.011 0.014 0.000 0.009 0.004 0.011 0.052 0.899 
 152 T _   0.009 0.012 0.000 0.006 0.003 0.010 0.053 0.907 
 153 N _   0.008 0.010 0.000 0.005 0.002 0.009 0.053 0.912 
 154 Y _   0.007 0.010 0.000 0.004 0.002 0.009 0.053 0.913 
 155 S _   0.008 0.011 0.000 0.004 0.002 0.010 0.053 0.911 
 156 F _   0.009 0.014 0.000 0.005 0.003 0.012 0.052 0.903 
 157 S _   0.011 0.021 0.001 0.008 0.005 0.015 0.052 0.888 
 158 P _   0.013 0.035 0.001 0.013 0.008 0.019 0.050 0.861 
 159 W _   0.015 0.059 0.001 0.021 0.011 0.023 0.048 0.821 
 160 H _   0.017 0.092 0.002 0.030 0.016 0.026 0.046 0.772 
 161 G _   0.018 0.126 0.002 0.042 0.019 0.029 0.044 0.721 
 162 F _   0.018 0.153 0.002 0.052 0.022 0.030 0.043 0.681 
 163 T _   0.018 0.170 0.002 0.059 0.023 0.030 0.042 0.655 
 164 I _   0.018 0.179 0.002 0.064 0.024 0.030 0.041 0.642 
 165 H _   0.018 0.181 0.002 0.064 0.023 0.029 0.041 0.642 
 166 R _   0.018 0.178 0.002 0.060 0.021 0.027 0.042 0.653 
 167 A _   0.017 0.167 0.002 0.053 0.019 0.025 0.043 0.675 
 168 K _   0.016 0.148 0.002 0.043 0.015 0.022 0.044 0.709 
 169 F _   0.015 0.121 0.001 0.032 0.012 0.020 0.046 0.752 
 170 I _   0.014 0.091 0.001 0.023 0.009 0.018 0.048 0.797 
 171 Q _   0.012 0.064 0.001 0.015 0.007 0.016 0.049 0.836 
 172 S _   0.011 0.044 0.001 0.010 0.005 0.014 0.050 0.865 
 173 Q _   0.010 0.033 0.000 0.006 0.004 0.014 0.051 0.882 
 174 D _   0.010 0.027 0.000 0.005 0.003 0.013 0.051 0.890 
 175 Y _   0.010 0.025 0.000 0.005 0.003 0.014 0.051 0.891 
 176 Q _   0.011 0.026 0.000 0.005 0.004 0.016 0.051 0.886 
 177 C _   0.013 0.028 0.001 0.007 0.005 0.019 0.051 0.876 
 178 S _   0.016 0.034 0.001 0.011 0.007 0.022 0.050 0.860 
 179 A _   0.019 0.042 0.001 0.015 0.010 0.025 0.049 0.839 
 180 L _   0.022 0.051 0.001 0.020 0.013 0.029 0.048 0.817 
 181 M _   0.025 0.061 0.001 0.024 0.016 0.032 0.047 0.795 
 182 G _   0.028 0.069 0.001 0.027 0.018 0.034 0.046 0.777 
 183 G _   0.031 0.074 0.001 0.028 0.020 0.036 0.046 0.764 
 184 R _   0.034 0.078 0.001 0.029 0.021 0.037 0.045 0.755 
 185 K _   0.036 0.080 0.001 0.028 0.022 0.037 0.046 0.750 
 186 V _   0.038 0.080 0.001 0.027 0.022 0.037 0.046 0.748 
 187 M _   0.038 0.079 0.001 0.027 0.022 0.037 0.046 0.749 
 188 S _   0.039 0.078 0.001 0.027 0.021 0.035 0.047 0.751 
 189 I _   0.039 0.076 0.001 0.028 0.020 0.034 0.048 0.754 
 190 S _   0.038 0.073 0.001 0.028 0.019 0.031 0.050 0.761 
 191 I _   0.036 0.069 0.001 0.028 0.017 0.029 0.051 0.770 
 192 R _   0.033 0.063 0.001 0.027 0.015 0.026 0.053 0.783 
 193 L _   0.029 0.054 0.001 0.024 0.012 0.023 0.055 0.801 
 194 K _   0.026 0.044 0.001 0.020 0.010 0.019 0.057 0.823 
 195 V _   0.022 0.032 0.001 0.016 0.008 0.016 0.059 0.846 
 196 Q _   0.018 0.021 0.001 0.011 0.006 0.014 0.061 0.869 
 197 K _   0.015 0.011 0.001 0.008 0.004 0.011 0.062 0.888 
 198 V _   0.012 0.006 0.000 0.005 0.003 0.010 0.063 0.901 
 199 I _   0.010 0.003 0.000 0.003 0.002 0.009 0.063 0.909 
 200 P _   0.010 0.001 0.000 0.003 0.002 0.009 0.063 0.912 
 201 G _   0.010 0.001 0.000 0.002 0.002 0.010 0.063 0.911 
 202 P _   0.011 0.001 0.000 0.003 0.002 0.011 0.063 0.908 
 203 P _   0.014 0.002 0.000 0.004 0.003 0.014 0.062 0.901 
 204 A _   0.017 0.003 0.001 0.005 0.005 0.018 0.062 0.890 
 205 L _   0.020 0.005 0.001 0.008 0.007 0.023 0.060 0.875 
 206 T _   0.024 0.009 0.001 0.011 0.010 0.027 0.059 0.858 
 207 L _   0.027 0.015 0.001 0.015 0.013 0.032 0.058 0.840 
 208 V _   0.030 0.020 0.001 0.018 0.015 0.036 0.057 0.822 
 209 P _   0.033 0.026 0.001 0.020 0.017 0.039 0.055 0.808 
 210 A _   0.035 0.030 0.001 0.022 0.018 0.042 0.054 0.797 
 211 E _   0.037 0.034 0.001 0.022 0.019 0.044 0.053 0.790 
 212 L _   0.039 0.036 0.001 0.020 0.020 0.046 0.053 0.784 
 213 V _   0.042 0.038 0.001 0.019 0.020 0.048 0.052 0.780 
 214 R _   0.044 0.040 0.001 0.017 0.021 0.049 0.051 0.776 
 215 I _   0.046 0.042 0.001 0.016 0.022 0.051 0.051 0.771 
 216 R _   0.049 0.045 0.001 0.016 0.023 0.052 0.050 0.764 
 217 G _   0.050 0.049 0.001 0.017 0.024 0.052 0.050 0.756 
 218 E _   0.052 0.054 0.002 0.019 0.025 0.052 0.050 0.746 
 219 A _   0.053 0.060 0.002 0.021 0.026 0.052 0.050 0.737 
 220 A _   0.053 0.065 0.002 0.023 0.026 0.050 0.051 0.730 
 221 Q _   0.052 0.070 0.002 0.025 0.026 0.048 0.051 0.726 
 222 I _   0.050 0.074 0.002 0.027 0.025 0.045 0.052 0.725 
 223 V _   0.046 0.076 0.002 0.027 0.023 0.042 0.053 0.730 
 224 C _   0.043 0.077 0.001 0.027 0.021 0.039 0.054 0.738 
 225 S _   0.039 0.076 0.001 0.025 0.019 0.035 0.056 0.749 
 226 A _   0.035 0.073 0.001 0.023 0.016 0.032 0.057 0.761 
 227 S _   0.032 0.070 0.001 0.021 0.014 0.029 0.059 0.773 
 228 S _   0.029 0.067 0.001 0.020 0.012 0.027 0.061 0.784 
 229 V _   0.025 0.063 0.001 0.019 0.011 0.024 0.063 0.793 
 230 D _   0.023 0.059 0.001 0.019 0.010 0.022 0.065 0.801 
 231 V _   0.021 0.056 0.001 0.019 0.009 0.020 0.067 0.807 
 232 N _   0.019 0.052 0.001 0.019 0.008 0.018 0.070 0.813 
 233 F _   0.017 0.047 0.001 0.018 0.007 0.017 0.072 0.820 
 234 D _   0.016 0.042 0.001 0.017 0.006 0.015 0.075 0.828 
 235 V _   0.014 0.037 0.001 0.015 0.006 0.013 0.077 0.838 
 236 F _   0.012 0.031 0.001 0.012 0.005 0.011 0.080 0.848 
 237 L _   0.010 0.026 0.000 0.010 0.004 0.010 0.082 0.858 
 238 Q _   0.009 0.021 0.000 0.008 0.003 0.009 0.084 0.865 
 239 H _   0.008 0.018 0.000 0.007 0.003 0.008 0.085 0.869 
 240 N _   0.007 0.017 0.000 0.007 0.003 0.008 0.087 0.871 
 241 N _   0.007 0.016 0.000 0.008 0.003 0.008 0.088 0.870 
 242 T _   0.007 0.016 0.000 0.009 0.003 0.009 0.089 0.866 
 243 K _   0.008 0.017 0.000 0.011 0.003 0.009 0.090 0.862 
 244 L _   0.008 0.017 0.000 0.014 0.004 0.009 0.090 0.857 
 245 A _   0.008 0.018 0.000 0.015 0.004 0.009 0.091 0.854 
 246 I _   0.008 0.018 0.000 0.015 0.004 0.009 0.092 0.853 
 247 P _   0.007 0.017 0.000 0.014 0.004 0.008 0.093 0.856 
 248 Q _   0.007 0.016 0.000 0.012 0.003 0.008 0.093 0.860 
 249 Q _   0.006 0.015 0.000 0.010 0.003 0.007 0.094 0.866 
 250 S _   0.006 0.013 0.000 0.007 0.002 0.006 0.094 0.871 
 251 D _   0.005 0.012 0.000 0.005 0.002 0.006 0.094 0.875 
 252 F _   0.005 0.012 0.000 0.004 0.002 0.006 0.094 0.877 
 253 H _   0.005 0.013 0.000 0.004 0.002 0.007 0.093 0.876 
 254 N _   0.005 0.015 0.000 0.005 0.002 0.008 0.092 0.872 
 255 N _   0.006 0.022 0.000 0.008 0.003 0.010 0.090 0.861 
 256 R _   0.007 0.034 0.001 0.012 0.005 0.012 0.087 0.842 
 257 Y _   0.008 0.052 0.001 0.019 0.007 0.014 0.084 0.815 
 258 Q _   0.009 0.075 0.001 0.026 0.008 0.016 0.081 0.783 
 259 K _   0.009 0.097 0.001 0.034 0.010 0.017 0.078 0.754 
 260 V _   0.009 0.113 0.001 0.041 0.011 0.018 0.076 0.732 
 261 L _   0.008 0.123 0.001 0.044 0.011 0.018 0.074 0.720 
 262 T _   0.008 0.127 0.001 0.045 0.011 0.017 0.073 0.717 
 263 L _   0.008 0.128 0.001 0.043 0.011 0.017 0.072 0.720 
 264 N _   0.008 0.125 0.001 0.039 0.010 0.016 0.072 0.729 
 265 L _   0.008 0.119 0.001 0.034 0.009 0.015 0.072 0.743 
 266 D _   0.008 0.109 0.001 0.028 0.008 0.013 0.073 0.760 
 267 Q _   0.008 0.098 0.001 0.022 0.006 0.012 0.074 0.779 
 268 V _   0.007 0.086 0.001 0.018 0.005 0.012 0.075 0.797 
 269 D _   0.007 0.075 0.001 0.015 0.005 0.011 0.075 0.811 
 270 F _   0.007 0.067 0.001 0.013 0.004 0.010 0.076 0.823 
 271 Q _   0.007 0.060 0.000 0.012 0.004 0.010 0.077 0.830 
 272 H _   0.007 0.055 0.000 0.011 0.004 0.010 0.077 0.836 
 273 A _   0.007 0.052 0.000 0.012 0.004 0.010 0.077 0.839 
 274 G _   0.007 0.049 0.000 0.013 0.004 0.010 0.077 0.840 
 275 N _   0.007 0.047 0.001 0.014 0.005 0.011 0.077 0.840 
 276 Y _   0.007 0.045 0.001 0.016 0.005 0.011 0.077 0.839 
 277 S _   0.007 0.043 0.001 0.017 0.005 0.011 0.077 0.839 
 278 C _   0.007 0.040 0.001 0.018 0.005 0.011 0.077 0.841 
 279 V _   0.007 0.036 0.001 0.018 0.005 0.011 0.077 0.844 
 280 A _   0.007 0.032 0.001 0.017 0.005 0.011 0.078 0.850 
 281 S _   0.007 0.026 0.001 0.014 0.005 0.011 0.078 0.858 
 282 N _   0.007 0.020 0.001 0.011 0.004 0.011 0.078 0.867 
 283 V _   0.007 0.015 0.000 0.008 0.003 0.012 0.078 0.875 
 284 Q _   0.008 0.011 0.000 0.006 0.003 0.013 0.078 0.881 
 285 G _   0.010 0.008 0.000 0.004 0.003 0.015 0.078 0.881 
 286 K _   0.014 0.007 0.000 0.004 0.003 0.018 0.077 0.877 
 287 H _   0.020 0.007 0.000 0.004 0.005 0.024 0.076 0.864 
 288 S _   0.030 0.010 0.001 0.005 0.009 0.031 0.074 0.840 
 289 T _   0.043 0.017 0.001 0.009 0.016 0.041 0.072 0.801 
 290 S _   0.058 0.033 0.002 0.016 0.027 0.051 0.070 0.743 
 291 M _   0.072 0.062 0.003 0.027 0.039 0.060 0.067 0.671 
 292 F _   0.081 0.094 0.003 0.041 0.049 0.065 0.065 0.602 
 293 F _   0.087 0.120 0.003 0.053 0.054 0.066 0.064 0.552 
 294 R _   0.089 0.136 0.003 0.063 0.055 0.065 0.063 0.526 
 295 V _   0.089 0.142 0.003 0.067 0.054 0.061 0.064 0.520 
 296 V _   0.086 0.142 0.003 0.066 0.050 0.057 0.065 0.533 
 297 E _   0.080 0.134 0.003 0.059 0.043 0.051 0.066 0.564 
 298 S _   0.072 0.117 0.003 0.048 0.035 0.044 0.069 0.613 
 299 A _   0.063 0.091 0.002 0.035 0.026 0.037 0.072 0.675 
 300 Y _   0.053 0.058 0.002 0.023 0.018 0.030 0.075 0.742 
 301 L _   0.042 0.031 0.001 0.013 0.011 0.024 0.077 0.800 
 302 N _   0.033 0.014 0.001 0.008 0.007 0.019 0.079 0.840 
 303 L _   0.025 0.006 0.000 0.004 0.004 0.016 0.080 0.864 
 304 S _   0.020 0.003 0.000 0.003 0.003 0.014 0.080 0.876 
 305 S _   0.018 0.002 0.000 0.003 0.003 0.013 0.080 0.881 
 306 E _   0.016 0.002 0.000 0.003 0.003 0.013 0.080 0.882 
 307 Q _   0.017 0.003 0.000 0.004 0.003 0.014 0.080 0.879 
 308 N _   0.018 0.004 0.001 0.006 0.005 0.016 0.079 0.872 
 309 L _   0.019 0.007 0.001 0.008 0.006 0.018 0.078 0.862 
 310 I _   0.021 0.012 0.001 0.011 0.008 0.020 0.077 0.850 
 311 Q _   0.022 0.017 0.001 0.014 0.009 0.021 0.076 0.838 
 312 E _   0.023 0.022 0.001 0.017 0.011 0.023 0.076 0.828 
 313 V _   0.024 0.027 0.001 0.018 0.011 0.024 0.075 0.821 
 314 T _   0.024 0.031 0.001 0.018 0.011 0.024 0.074 0.817 
 315 V _   0.024 0.033 0.001 0.016 0.011 0.024 0.074 0.815 
 316 G _   0.024 0.036 0.001 0.015 0.011 0.024 0.074 0.815 
 317 E _   0.024 0.039 0.001 0.014 0.010 0.024 0.074 0.813 
 318 G _   0.024 0.042 0.001 0.013 0.010 0.024 0.074 0.811 
 319 L _   0.024 0.046 0.001 0.013 0.010 0.024 0.074 0.808 
 320 N _   0.023 0.051 0.001 0.013 0.010 0.024 0.075 0.803 
 321 L _   0.023 0.057 0.001 0.014 0.010 0.024 0.075 0.796 
 322 K _   0.022 0.064 0.001 0.016 0.010 0.024 0.075 0.788 
 323 V _   0.022 0.071 0.001 0.017 0.010 0.023 0.076 0.780 
 324 M _   0.021 0.079 0.001 0.017 0.010 0.023 0.076 0.774 
 325 V _   0.020 0.086 0.001 0.017 0.010 0.022 0.076 0.768 
 326 E _   0.019 0.092 0.001 0.017 0.009 0.022 0.077 0.763 
 327 A _   0.018 0.097 0.001 0.017 0.009 0.021 0.078 0.759 
 328 Y _   0.017 0.103 0.001 0.017 0.009 0.021 0.078 0.754 
 329 P _   0.016 0.109 0.001 0.017 0.009 0.021 0.079 0.747 
 330 G _   0.017 0.115 0.001 0.019 0.009 0.021 0.080 0.738 
 331 L _   0.017 0.122 0.001 0.021 0.010 0.022 0.081 0.726 
 332 Q _   0.017 0.130 0.001 0.025 0.011 0.022 0.082 0.712 
 333 G _   0.017 0.137 0.001 0.030 0.012 0.022 0.084 0.697 
 334 F _   0.017 0.142 0.001 0.034 0.012 0.021 0.086 0.685 
 335 N _   0.016 0.145 0.001 0.038 0.012 0.020 0.089 0.677 
 336 W _   0.016 0.144 0.001 0.040 0.012 0.019 0.093 0.675 
 337 T _   0.015 0.139 0.001 0.040 0.011 0.017 0.097 0.680 
 338 Y _   0.014 0.130 0.001 0.036 0.009 0.016 0.102 0.693 
 339 L _   0.012 0.114 0.001 0.030 0.008 0.013 0.107 0.713 
 340 G _   0.011 0.094 0.001 0.024 0.006 0.012 0.113 0.739 
 341 P _   0.010 0.072 0.001 0.017 0.004 0.010 0.119 0.767 
 342 F _   0.009 0.053 0.000 0.012 0.003 0.008 0.124 0.791 
 343 S _   0.007 0.039 0.000 0.008 0.002 0.007 0.128 0.809 
 344 D _   0.006 0.030 0.000 0.006 0.002 0.006 0.130 0.821 
 345 H _   0.005 0.026 0.000 0.004 0.001 0.005 0.132 0.826 
 346 Q _   0.004 0.024 0.000 0.004 0.001 0.005 0.133 0.829 
 347 P _   0.004 0.023 0.000 0.004 0.001 0.005 0.133 0.829 
 348 E _   0.004 0.025 0.000 0.005 0.001 0.006 0.132 0.827 
 349 P _   0.004 0.028 0.000 0.007 0.002 0.006 0.130 0.823 
 350 K _   0.004 0.033 0.000 0.009 0.002 0.007 0.127 0.818 
 351 L _   0.004 0.040 0.000 0.011 0.003 0.008 0.124 0.810 
 352 A _   0.004 0.049 0.000 0.013 0.003 0.009 0.120 0.802 
 353 N _   0.004 0.058 0.000 0.014 0.003 0.009 0.116 0.794 
 354 A _   0.004 0.069 0.000 0.016 0.004 0.010 0.111 0.786 
 355 T _   0.004 0.080 0.001 0.016 0.004 0.011 0.107 0.777 
 356 T _   0.005 0.092 0.001 0.017 0.004 0.012 0.102 0.767 
 357 K _   0.005 0.104 0.001 0.019 0.005 0.013 0.098 0.755 
 358 D _   0.006 0.119 0.001 0.021 0.006 0.014 0.093 0.740 
 359 T _   0.006 0.134 0.001 0.025 0.007 0.015 0.089 0.722 
 360 Y _   0.007 0.151 0.001 0.030 0.008 0.016 0.085 0.702 
 361 R _   0.007 0.166 0.001 0.035 0.010 0.017 0.081 0.682 
 362 H _   0.008 0.179 0.001 0.040 0.011 0.018 0.078 0.666 
 363 T _   0.008 0.187 0.001 0.044 0.011 0.018 0.076 0.655 
 364 F _   0.008 0.191 0.001 0.046 0.011 0.017 0.074 0.652 
 365 T _   0.008 0.190 0.001 0.045 0.011 0.016 0.073 0.656 
 366 L _   0.008 0.184 0.001 0.042 0.010 0.015 0.072 0.668 
 367 S _   0.008 0.174 0.001 0.036 0.009 0.014 0.072 0.686 
 368 L _   0.008 0.157 0.001 0.030 0.008 0.013 0.073 0.711 
 369 P _   0.008 0.136 0.001 0.023 0.006 0.011 0.073 0.742 
 370 R _   0.007 0.113 0.001 0.017 0.005 0.010 0.074 0.773 
 371 L _   0.007 0.093 0.001 0.012 0.004 0.010 0.074 0.799 
 372 K _   0.007 0.079 0.000 0.009 0.003 0.009 0.074 0.818 
 373 P _   0.006 0.070 0.000 0.008 0.003 0.009 0.074 0.830 
 374 S _   0.006 0.066 0.000 0.007 0.003 0.009 0.073 0.835 
 375 E _   0.006 0.064 0.000 0.008 0.003 0.009 0.073 0.837 
 376 A _   0.007 0.064 0.000 0.009 0.003 0.010 0.072 0.835 
 377 G _   0.007 0.065 0.000 0.011 0.004 0.010 0.070 0.832 
 378 R _   0.007 0.067 0.001 0.013 0.004 0.011 0.069 0.828 
 379 Y _   0.007 0.069 0.001 0.015 0.005 0.011 0.068 0.825 
 380 S _   0.007 0.070 0.001 0.015 0.005 0.012 0.066 0.824 
 381 F _   0.007 0.070 0.001 0.015 0.005 0.012 0.065 0.825 
 382 L _   0.007 0.070 0.001 0.014 0.005 0.012 0.064 0.827 
 383 A _   0.007 0.070 0.001 0.013 0.005 0.013 0.063 0.829 
 384 R _   0.008 0.070 0.001 0.012 0.005 0.013 0.061 0.830 
 385 N _   0.008 0.070 0.001 0.012 0.005 0.015 0.060 0.829 
 386 P _   0.010 0.072 0.001 0.013 0.006 0.016 0.059 0.824 
 387 G _   0.011 0.075 0.001 0.015 0.007 0.018 0.058 0.814 
 388 G _   0.013 0.080 0.001 0.019 0.009 0.021 0.056 0.801 
 389 W _   0.015 0.085 0.001 0.024 0.012 0.023 0.055 0.785 
 390 R _   0.017 0.090 0.001 0.031 0.014 0.025 0.053 0.770 
 391 A _   0.018 0.093 0.001 0.036 0.015 0.026 0.052 0.759 
 392 L _   0.018 0.093 0.001 0.039 0.016 0.026 0.052 0.756 
 393 T _   0.018 0.090 0.001 0.039 0.016 0.025 0.051 0.759 
 394 F _   0.018 0.084 0.001 0.037 0.015 0.024 0.051 0.770 
 395 E _   0.018 0.073 0.001 0.032 0.013 0.023 0.051 0.790 
 396 L _   0.018 0.057 0.001 0.025 0.011 0.021 0.052 0.816 
 397 T _   0.018 0.038 0.001 0.017 0.009 0.020 0.052 0.845 
 398 L _   0.019 0.021 0.001 0.011 0.007 0.019 0.052 0.870 
 399 R _   0.019 0.010 0.001 0.007 0.005 0.019 0.052 0.887 
 400 Y _   0.021 0.004 0.000 0.004 0.004 0.020 0.052 0.894 
 401 P _   0.026 0.002 0.000 0.003 0.004 0.022 0.052 0.892 
 402 P _   0.034 0.001 0.000 0.002 0.005 0.026 0.051 0.881 
 403 E _   0.046 0.001 0.001 0.003 0.007 0.032 0.050 0.860 
 404 V _   0.062 0.003 0.001 0.004 0.011 0.040 0.049 0.830 
 405 S _   0.081 0.006 0.001 0.007 0.019 0.048 0.047 0.790 
 406 V _   0.099 0.014 0.002 0.012 0.028 0.057 0.046 0.743 
 407 I _   0.114 0.027 0.002 0.017 0.037 0.064 0.045 0.694 
 408 W _   0.124 0.041 0.002 0.023 0.046 0.069 0.044 0.651 
 409 T _   0.130 0.053 0.003 0.027 0.052 0.072 0.043 0.620 
 410 F _   0.133 0.064 0.003 0.030 0.055 0.072 0.042 0.601 
 411 I _   0.132 0.071 0.003 0.032 0.056 0.071 0.042 0.592 
 412 N _   0.129 0.076 0.003 0.034 0.056 0.069 0.043 0.592 
 413 G _   0.122 0.079 0.003 0.034 0.052 0.065 0.044 0.601 
 414 S _   0.114 0.080 0.002 0.034 0.047 0.060 0.045 0.617 
 415 G _   0.103 0.080 0.002 0.034 0.041 0.055 0.046 0.639 
 416 T _   0.092 0.077 0.002 0.033 0.034 0.049 0.048 0.665 
 417 L _   0.078 0.073 0.002 0.031 0.028 0.043 0.051 0.695 
 418 L _   0.064 0.066 0.002 0.028 0.021 0.036 0.053 0.730 
 419 C _   0.051 0.057 0.001 0.023 0.016 0.030 0.055 0.766 
 420 A _   0.040 0.048 0.001 0.018 0.011 0.025 0.058 0.799 
 421 A _   0.030 0.039 0.001 0.014 0.008 0.021 0.060 0.828 
 422 S _   0.023 0.032 0.001 0.010 0.005 0.017 0.061 0.851 
 423 G _   0.018 0.027 0.000 0.007 0.004 0.015 0.062 0.866 
 424 Y _   0.014 0.025 0.000 0.006 0.003 0.013 0.063 0.875 
 425 P _   0.012 0.024 0.000 0.006 0.003 0.013 0.063 0.878 
 426 Q _   0.011 0.025 0.000 0.008 0.004 0.013 0.064 0.876 
 427 P _   0.011 0.027 0.001 0.010 0.004 0.013 0.064 0.869 
 428 N _   0.011 0.032 0.001 0.015 0.006 0.014 0.064 0.858 
 429 V _   0.011 0.037 0.001 0.020 0.007 0.015 0.064 0.845 
 430 T _   0.011 0.041 0.001 0.026 0.008 0.015 0.065 0.834 
 431 W _   0.010 0.044 0.001 0.029 0.008 0.015 0.065 0.828 
 432 L _   0.010 0.044 0.001 0.030 0.008 0.014 0.066 0.827 
 433 Q _   0.009 0.043 0.001 0.028 0.007 0.013 0.068 0.832 
 434 C _   0.008 0.040 0.001 0.023 0.006 0.011 0.069 0.842 
 435 S _   0.007 0.035 0.001 0.017 0.005 0.010 0.070 0.855 
 436 G _   0.006 0.030 0.000 0.012 0.004 0.009 0.071 0.867 
 437 H _   0.006 0.026 0.000 0.009 0.003 0.008 0.072 0.876 
 438 T _   0.005 0.023 0.000 0.007 0.002 0.007 0.073 0.881 
 439 D _   0.005 0.022 0.000 0.006 0.002 0.008 0.074 0.882 
 440 R _   0.006 0.023 0.000 0.007 0.003 0.008 0.074 0.879 
 441 C _   0.006 0.025 0.000 0.010 0.003 0.010 0.074 0.872 
 442 D _   0.007 0.029 0.001 0.015 0.004 0.011 0.074 0.859 
 443 E _   0.008 0.034 0.001 0.021 0.006 0.012 0.074 0.844 
 444 A _   0.009 0.039 0.001 0.027 0.007 0.013 0.074 0.830 
 445 Q _   0.009 0.042 0.001 0.032 0.008 0.014 0.075 0.820 
 446 V _   0.009 0.043 0.001 0.033 0.008 0.013 0.075 0.817 
 447 L _   0.009 0.042 0.001 0.032 0.007 0.013 0.077 0.820 
 448 Q _   0.008 0.039 0.001 0.027 0.006 0.011 0.078 0.830 
 449 V _   0.008 0.033 0.001 0.020 0.005 0.010 0.080 0.844 
 450 W _   0.007 0.026 0.000 0.014 0.004 0.009 0.081 0.859 
 451 D _   0.006 0.020 0.000 0.009 0.003 0.007 0.082 0.872 
 452 D _   0.006 0.015 0.000 0.006 0.002 0.007 0.083 0.880 
 453 P _   0.005 0.013 0.000 0.004 0.002 0.007 0.084 0.885 
 454 Y _   0.005 0.012 0.000 0.004 0.002 0.007 0.084 0.886 
 455 P _   0.006 0.013 0.000 0.004 0.002 0.008 0.083 0.884 
 456 E _   0.006 0.015 0.000 0.005 0.002 0.010 0.082 0.879 
 457 V _   0.008 0.020 0.000 0.007 0.003 0.013 0.081 0.869 
 458 L _   0.009 0.029 0.001 0.009 0.004 0.016 0.079 0.854 
 459 S _   0.010 0.042 0.001 0.012 0.006 0.019 0.076 0.833 
 460 Q _   0.012 0.060 0.001 0.015 0.008 0.023 0.073 0.807 
 461 E _   0.014 0.080 0.001 0.018 0.010 0.028 0.070 0.779 
 462 P _   0.017 0.103 0.001 0.020 0.013 0.032 0.066 0.747 
 463 F _   0.020 0.126 0.001 0.022 0.017 0.037 0.063 0.713 
 464 H _   0.024 0.152 0.002 0.024 0.022 0.041 0.060 0.675 
 465 K _   0.029 0.182 0.002 0.026 0.027 0.046 0.057 0.632 
 466 V _   0.033 0.216 0.002 0.030 0.032 0.049 0.054 0.586 
 467 T _   0.036 0.251 0.002 0.035 0.036 0.050 0.051 0.539 
 468 V _   0.039 0.282 0.002 0.041 0.039 0.050 0.049 0.498 
 469 Q _   0.041 0.307 0.002 0.046 0.039 0.049 0.048 0.468 
 470 S _   0.042 0.322 0.002 0.051 0.039 0.047 0.047 0.450 
 471 L _   0.042 0.329 0.002 0.055 0.037 0.044 0.047 0.445 
 472 L _   0.040 0.329 0.002 0.056 0.034 0.040 0.047 0.452 
 473 T _   0.038 0.321 0.002 0.054 0.030 0.036 0.048 0.472 
 474 V _   0.035 0.302 0.002 0.049 0.025 0.032 0.050 0.506 
 475 E _   0.031 0.270 0.002 0.042 0.021 0.028 0.052 0.554 
 476 T _   0.027 0.225 0.002 0.034 0.017 0.024 0.054 0.617 
 477 L _   0.024 0.172 0.002 0.026 0.013 0.021 0.057 0.686 
 478 E _   0.020 0.123 0.001 0.019 0.009 0.018 0.060 0.750 
 479 H _   0.016 0.085 0.001 0.014 0.007 0.015 0.062 0.800 
 480 N _   0.013 0.061 0.001 0.010 0.005 0.013 0.063 0.835 
 481 Q _   0.010 0.047 0.000 0.008 0.003 0.011 0.064 0.856 
 482 T _   0.008 0.039 0.000 0.007 0.003 0.010 0.064 0.869 
 483 Y _   0.007 0.034 0.000 0.006 0.002 0.009 0.064 0.876 
 484 E _   0.006 0.032 0.000 0.006 0.002 0.009 0.064 0.880 
 485 C _   0.006 0.031 0.000 0.006 0.002 0.009 0.063 0.882 
 486 R _   0.006 0.032 0.000 0.007 0.002 0.009 0.062 0.882 
 487 A _   0.006 0.033 0.000 0.007 0.003 0.010 0.060 0.880 
 488 H _   0.006 0.036 0.000 0.008 0.003 0.011 0.059 0.876 
 489 N _   0.007 0.041 0.000 0.009 0.004 0.013 0.056 0.869 
 490 S _   0.009 0.048 0.001 0.010 0.005 0.016 0.054 0.857 
 491 V _   0.011 0.059 0.001 0.013 0.007 0.020 0.051 0.837 
 492 G _   0.014 0.077 0.001 0.018 0.011 0.025 0.048 0.807 
 493 S _   0.018 0.104 0.001 0.025 0.016 0.030 0.044 0.764 
 494 G _   0.021 0.139 0.002 0.034 0.021 0.034 0.040 0.709 
 495 S _   0.024 0.176 0.002 0.045 0.027 0.037 0.036 0.653 
 496 W _   0.026 0.210 0.002 0.057 0.030 0.039 0.032 0.604 
 497 A _   0.027 0.233 0.002 0.068 0.032 0.039 0.029 0.569 
 498 F _   0.027 0.247 0.002 0.075 0.033 0.038 0.028 0.551 
 499 I _   0.027 0.251 0.002 0.079 0.031 0.036 0.026 0.547 
 500 P _   0.027 0.248 0.002 0.077 0.029 0.033 0.025 0.558 
 501 I _   0.026 0.236 0.002 0.071 0.026 0.030 0.025 0.585 
 502 S _   0.025 0.210 0.002 0.059 0.021 0.026 0.025 0.631 
 503 A _   0.023 0.167 0.002 0.045 0.017 0.022 0.025 0.699 
 504 G _   0.022 0.110 0.002 0.030 0.012 0.018 0.025 0.780 
 505 A _   0.021 0.056 0.001 0.017 0.008 0.014 0.025 0.858 
 506 H _   0.019 0.020 0.001 0.008 0.005 0.010 0.025 0.913 
 507 T _   0.018 0.005 0.000 0.003 0.003 0.007 0.024 0.940 
 508 H _   0.021 0.001 0.000 0.001 0.002 0.005 0.023 0.947 
 509 P _   0.029 0.000 0.000 0.001 0.001 0.005 0.021 0.942 
 510 P _   0.050 0.000 0.000 0.001 0.002 0.005 0.019 0.923 
 511 D _   0.094 0.000 0.000 0.001 0.002 0.005 0.017 0.880 
 512 E _   0.167 0.000 0.001 0.001 0.004 0.006 0.015 0.807 
 513 F _   0.270 0.000 0.001 0.001 0.005 0.007 0.012 0.705 
 514 L _   0.388 0.000 0.001 0.001 0.005 0.007 0.010 0.588 
 515 F H   0.503 0.000 0.001 0.001 0.006 0.007 0.008 0.474 
 516 T H   0.610 0.000 0.001 0.000 0.006 0.006 0.006 0.370 
 517 P H   0.705 0.000 0.001 0.000 0.006 0.005 0.005 0.277 
 518 V H   0.784 0.000 0.001 0.000 0.006 0.005 0.004 0.201 
 519 V H   0.845 0.000 0.001 0.000 0.005 0.004 0.003 0.142 
 520 V H   0.891 0.000 0.001 0.000 0.005 0.003 0.002 0.098 
 521 A H   0.924 0.000 0.001 0.000 0.005 0.002 0.002 0.067 
 522 C H   0.945 0.000 0.001 0.000 0.005 0.002 0.002 0.046 
 523 M H   0.958 0.000 0.001 0.000 0.004 0.002 0.002 0.034 
 524 S H   0.964 0.000 0.001 0.000 0.005 0.002 0.001 0.027 
 525 I H   0.967 0.000 0.001 0.000 0.005 0.002 0.001 0.024 
 526 M H   0.967 0.000 0.001 0.000 0.005 0.002 0.001 0.024 
 527 A H   0.964 0.000 0.001 0.000 0.006 0.002 0.001 0.026 
 528 L H   0.956 0.000 0.001 0.000 0.007 0.002 0.001 0.033 
 529 L H   0.945 0.000 0.001 0.000 0.008 0.002 0.001 0.043 
 530 L H   0.926 0.000 0.001 0.000 0.008 0.003 0.001 0.060 
 531 L H   0.899 0.000 0.001 0.000 0.009 0.003 0.002 0.085 
 532 L H   0.860 0.000 0.001 0.000 0.010 0.004 0.002 0.122 
 533 L H   0.808 0.000 0.001 0.001 0.011 0.005 0.003 0.172 
 534 L H   0.737 0.000 0.001 0.001 0.011 0.005 0.005 0.240 
 535 L H   0.649 0.000 0.001 0.001 0.010 0.006 0.007 0.325 
 536 L H   0.543 0.000 0.001 0.001 0.009 0.006 0.011 0.428 
 537 L _   0.428 0.000 0.001 0.001 0.007 0.007 0.015 0.541 
 538 Y _   0.316 0.000 0.001 0.001 0.005 0.006 0.020 0.650 
 539 K _   0.217 0.000 0.001 0.001 0.004 0.006 0.025 0.747 
 540 Y _   0.137 0.000 0.000 0.001 0.003 0.005 0.029 0.824 
 541 K _   0.083 0.000 0.000 0.001 0.002 0.005 0.032 0.875 
 542 Q _   0.050 0.000 0.000 0.001 0.002 0.005 0.034 0.907 
 543 K _   0.031 0.000 0.000 0.002 0.002 0.005 0.036 0.924 
 544 P _   0.021 0.001 0.000 0.002 0.002 0.006 0.037 0.931 
 545 K _   0.016 0.002 0.000 0.004 0.002 0.008 0.038 0.930 
 546 Y _   0.014 0.006 0.000 0.006 0.003 0.010 0.039 0.922 
 547 Q _   0.013 0.014 0.001 0.011 0.005 0.012 0.039 0.906 
 548 V _   0.012 0.028 0.001 0.018 0.007 0.014 0.038 0.883 
 549 R _   0.011 0.044 0.001 0.025 0.009 0.016 0.038 0.856 
 550 W _   0.011 0.059 0.001 0.032 0.010 0.017 0.038 0.832 
 551 K _   0.010 0.070 0.001 0.038 0.011 0.018 0.038 0.814 
 552 I _   0.010 0.076 0.001 0.040 0.012 0.018 0.038 0.805 
 553 I _   0.010 0.080 0.001 0.040 0.011 0.017 0.039 0.802 
 554 E _   0.010 0.080 0.001 0.036 0.010 0.016 0.040 0.806 
 555 S _   0.009 0.077 0.001 0.031 0.009 0.015 0.042 0.815 
 556 Y _   0.009 0.073 0.001 0.026 0.008 0.014 0.043 0.826 
 557 E _   0.009 0.068 0.001 0.021 0.007 0.013 0.045 0.837 
 558 G _   0.009 0.062 0.001 0.017 0.006 0.013 0.046 0.846 
 559 N _   0.009 0.057 0.001 0.015 0.005 0.012 0.048 0.853 
 560 S _   0.009 0.053 0.001 0.014 0.005 0.012 0.050 0.856 
 561 Y _   0.009 0.050 0.001 0.014 0.005 0.012 0.051 0.858 
 562 T _   0.010 0.047 0.001 0.015 0.005 0.012 0.053 0.859 
 563 F _   0.009 0.045 0.001 0.015 0.005 0.011 0.055 0.859 
 564 I _   0.009 0.042 0.001 0.016 0.005 0.011 0.056 0.860 
 565 D _   0.009 0.040 0.001 0.016 0.005 0.011 0.058 0.862 
 566 P _   0.009 0.036 0.001 0.015 0.004 0.010 0.059 0.866 
 567 T _   0.008 0.033 0.001 0.014 0.004 0.009 0.061 0.870 
 568 Q _   0.008 0.029 0.000 0.013 0.004 0.009 0.062 0.875 
 569 L _   0.007 0.025 0.000 0.011 0.003 0.008 0.064 0.881 
 570 P _   0.007 0.022 0.000 0.010 0.003 0.008 0.065 0.886 
 571 Y _   0.006 0.019 0.000 0.009 0.003 0.007 0.066 0.890 
 572 N _   0.006 0.016 0.000 0.008 0.003 0.007 0.067 0.893 
 573 E _   0.006 0.015 0.000 0.008 0.002 0.007 0.067 0.895 
 574 K _   0.005 0.014 0.000 0.007 0.002 0.006 0.068 0.897 
 575 W _   0.005 0.013 0.000 0.007 0.002 0.006 0.068 0.898 
 576 E _   0.005 0.013 0.000 0.007 0.002 0.006 0.068 0.900 
 577 F _   0.005 0.013 0.000 0.006 0.002 0.006 0.067 0.901 
 578 P _   0.004 0.013 0.000 0.006 0.002 0.007 0.066 0.901 
 579 R _   0.005 0.014 0.000 0.006 0.002 0.007 0.065 0.900 
 580 N _   0.005 0.016 0.000 0.007 0.002 0.008 0.064 0.898 
 581 N _   0.005 0.019 0.000 0.008 0.003 0.009 0.062 0.893 
 582 L _   0.006 0.024 0.000 0.010 0.004 0.011 0.061 0.884 
 583 Q _   0.007 0.030 0.001 0.012 0.005 0.014 0.059 0.873 
 584 F _   0.008 0.038 0.001 0.015 0.006 0.016 0.057 0.859 
 585 G _   0.009 0.047 0.001 0.019 0.008 0.019 0.055 0.842 
 586 K _   0.011 0.055 0.001 0.023 0.010 0.022 0.053 0.827 
 587 T _   0.012 0.062 0.001 0.025 0.011 0.024 0.051 0.813 
 588 L _   0.014 0.068 0.001 0.027 0.013 0.026 0.049 0.803 
 589 G _   0.016 0.072 0.001 0.027 0.014 0.028 0.048 0.794 
 590 A _   0.018 0.074 0.001 0.027 0.015 0.030 0.047 0.789 
 591 G _   0.020 0.075 0.001 0.025 0.015 0.032 0.046 0.786 
 592 A _   0.022 0.074 0.001 0.024 0.016 0.033 0.045 0.784 
 593 F _   0.024 0.073 0.001 0.023 0.017 0.034 0.045 0.783 
 594 G _   0.027 0.072 0.001 0.022 0.017 0.035 0.044 0.781 
 595 K _   0.029 0.070 0.001 0.023 0.018 0.035 0.044 0.780 
 596 V _   0.031 0.068 0.001 0.023 0.018 0.035 0.044 0.779 
 597 V _   0.032 0.066 0.001 0.024 0.018 0.035 0.044 0.779 
 598 E _   0.032 0.063 0.001 0.025 0.018 0.034 0.045 0.781 
 599 A _   0.032 0.058 0.001 0.025 0.017 0.033 0.045 0.788 
 600 T _   0.032 0.052 0.001 0.023 0.015 0.031 0.046 0.800 
 601 A _   0.031 0.043 0.001 0.020 0.013 0.029 0.047 0.815 
 602 F _   0.029 0.034 0.001 0.016 0.011 0.028 0.048 0.833 
 603 G _   0.028 0.024 0.001 0.012 0.009 0.026 0.049 0.851 
 604 L _   0.027 0.017 0.001 0.008 0.007 0.025 0.050 0.864 
 605 G _   0.028 0.012 0.001 0.006 0.006 0.025 0.050 0.872 
 606 K _   0.030 0.010 0.001 0.005 0.006 0.026 0.050 0.872 
 607 E _   0.033 0.010 0.001 0.005 0.007 0.028 0.051 0.866 
 608 D _   0.038 0.011 0.001 0.006 0.009 0.031 0.051 0.853 
 609 A _   0.044 0.015 0.001 0.010 0.012 0.034 0.051 0.833 
 610 V _   0.050 0.022 0.001 0.015 0.017 0.037 0.051 0.806 
 611 L _   0.054 0.032 0.002 0.024 0.021 0.040 0.052 0.776 
 612 K _   0.057 0.042 0.002 0.034 0.025 0.041 0.052 0.748 
 613 V _   0.057 0.050 0.002 0.042 0.026 0.040 0.053 0.730 
 614 A _   0.055 0.054 0.002 0.047 0.026 0.038 0.055 0.724 
 615 V _   0.051 0.055 0.002 0.047 0.024 0.035 0.057 0.731 
 616 K _   0.045 0.052 0.002 0.043 0.020 0.031 0.059 0.750 
 617 M _   0.038 0.045 0.001 0.035 0.016 0.026 0.061 0.777 
 618 L _   0.031 0.035 0.001 0.026 0.011 0.021 0.064 0.809 
 619 K _   0.025 0.024 0.001 0.017 0.008 0.017 0.067 0.842 
 620 S _   0.019 0.014 0.001 0.011 0.005 0.013 0.069 0.869 
 621 T _   0.014 0.007 0.000 0.006 0.003 0.010 0.070 0.889 
 622 A _   0.011 0.003 0.000 0.004 0.002 0.009 0.071 0.900 
 623 H _   0.009 0.002 0.000 0.003 0.002 0.008 0.071 0.906 
 624 A _   0.008 0.001 0.000 0.002 0.002 0.008 0.071 0.908 
 625 D _   0.008 0.001 0.000 0.003 0.002 0.008 0.071 0.908 
 626 E _   0.009 0.001 0.000 0.003 0.002 0.010 0.070 0.905 
 627 K _   0.010 0.002 0.000 0.005 0.003 0.013 0.069 0.898 
 628 E _   0.013 0.004 0.000 0.007 0.005 0.016 0.067 0.887 
 629 A _   0.015 0.007 0.001 0.012 0.007 0.020 0.065 0.873 
 630 L _   0.018 0.011 0.001 0.017 0.010 0.024 0.063 0.856 
 631 M _   0.021 0.016 0.001 0.022 0.013 0.028 0.061 0.838 
 632 S _   0.024 0.019 0.001 0.027 0.016 0.031 0.059 0.822 
 633 E _   0.027 0.022 0.001 0.031 0.018 0.033 0.057 0.811 
 634 L _   0.030 0.022 0.001 0.032 0.019 0.034 0.056 0.804 
 635 K _   0.032 0.022 0.001 0.031 0.019 0.035 0.055 0.805 
 636 I _   0.034 0.020 0.001 0.028 0.018 0.034 0.054 0.810 
 637 M _   0.036 0.016 0.001 0.023 0.016 0.033 0.054 0.820 
 638 S _   0.038 0.012 0.001 0.017 0.014 0.031 0.054 0.833 
 639 H _   0.040 0.008 0.001 0.012 0.011 0.030 0.053 0.844 
 640 L _   0.043 0.004 0.001 0.008 0.009 0.029 0.053 0.852 
 641 G _   0.046 0.002 0.001 0.006 0.008 0.029 0.053 0.856 
 642 Q _   0.050 0.001 0.001 0.004 0.007 0.029 0.053 0.855 
 643 H _   0.056 0.001 0.001 0.004 0.007 0.030 0.053 0.849 
 644 E _   0.064 0.000 0.001 0.004 0.008 0.032 0.052 0.838 
 645 N _   0.074 0.000 0.001 0.005 0.010 0.034 0.052 0.823 
 646 I _   0.085 0.001 0.001 0.006 0.013 0.037 0.052 0.805 
 647 V _   0.095 0.001 0.001 0.009 0.016 0.040 0.052 0.786 
 648 N _   0.105 0.001 0.001 0.011 0.019 0.043 0.052 0.768 
 649 L _   0.113 0.002 0.001 0.012 0.021 0.044 0.052 0.754 
 650 L _   0.119 0.002 0.002 0.013 0.021 0.045 0.052 0.745 
 651 G _   0.123 0.002 0.002 0.012 0.021 0.046 0.053 0.742 
 652 A _   0.125 0.001 0.001 0.010 0.020 0.046 0.053 0.743 
 653 C _   0.126 0.001 0.001 0.008 0.018 0.045 0.054 0.747 
 654 T _   0.127 0.001 0.001 0.006 0.016 0.045 0.055 0.749 
 655 H _   0.130 0.000 0.001 0.005 0.015 0.046 0.056 0.748 
 656 G _   0.134 0.000 0.001 0.004 0.015 0.047 0.056 0.741 
 657 G _   0.140 0.001 0.001 0.004 0.017 0.050 0.057 0.731 
 658 P _   0.146 0.001 0.001 0.005 0.019 0.052 0.059 0.716 
 659 V _   0.151 0.002 0.001 0.007 0.023 0.055 0.060 0.699 
 660 L _   0.156 0.004 0.002 0.010 0.028 0.058 0.062 0.681 
 661 V _   0.158 0.006 0.002 0.013 0.033 0.060 0.064 0.664 
 662 I _   0.157 0.009 0.002 0.016 0.036 0.060 0.067 0.653 
 663 T _   0.152 0.011 0.002 0.018 0.037 0.059 0.070 0.650 
