#TopoPred_TM8: 8-state transmembrane topology prediction results by no_profile mode 
#probabilities are in the order of H E C I L F X _, the 8 transmembrane topology types used in PDBTM 
   1 M X   0.020 0.002 0.003 0.065 0.012 0.012 0.463 0.424 
   2 K _   0.005 0.001 0.000 0.031 0.002 0.005 0.473 0.484 
   3 S _   0.001 0.000 0.000 0.011 0.000 0.002 0.470 0.515 
   4 G _   0.001 0.000 0.000 0.005 0.000 0.002 0.461 0.530 
   5 S _   0.005 0.000 0.000 0.004 0.001 0.004 0.447 0.540 
   6 G _   0.019 0.000 0.000 0.004 0.002 0.007 0.424 0.543 
   7 G _   0.054 0.000 0.001 0.004 0.004 0.013 0.393 0.531 
   8 G _   0.124 0.000 0.001 0.005 0.007 0.020 0.347 0.496 
   9 S _   0.229 0.000 0.001 0.005 0.011 0.028 0.288 0.438 
  10 P _   0.351 0.000 0.002 0.005 0.019 0.035 0.223 0.364 
  11 T H   0.472 0.000 0.002 0.005 0.029 0.041 0.162 0.288 
  12 S H   0.579 0.000 0.003 0.005 0.039 0.043 0.115 0.217 
  13 L H   0.662 0.000 0.003 0.004 0.045 0.042 0.083 0.161 
  14 W H   0.724 0.000 0.002 0.003 0.048 0.039 0.063 0.121 
  15 G H   0.767 0.000 0.002 0.003 0.047 0.035 0.051 0.096 
  16 L H   0.794 0.000 0.002 0.002 0.045 0.030 0.043 0.084 
  17 L H   0.808 0.000 0.002 0.002 0.042 0.026 0.039 0.081 
  18 F H   0.809 0.000 0.002 0.002 0.039 0.023 0.036 0.089 
  19 L H   0.797 0.000 0.002 0.002 0.036 0.021 0.034 0.109 
  20 S H   0.769 0.000 0.002 0.002 0.033 0.019 0.033 0.142 
  21 A H   0.724 0.000 0.002 0.002 0.029 0.018 0.033 0.193 
  22 A H   0.659 0.000 0.002 0.002 0.024 0.017 0.033 0.263 
  23 L H   0.578 0.000 0.002 0.002 0.019 0.016 0.035 0.349 
  24 S H   0.487 0.000 0.001 0.002 0.015 0.015 0.036 0.444 
  25 L _   0.394 0.000 0.001 0.002 0.011 0.014 0.039 0.538 
  26 W _   0.307 0.000 0.001 0.003 0.009 0.013 0.041 0.626 
  27 P _   0.234 0.000 0.001 0.003 0.007 0.013 0.044 0.698 
  28 T _   0.175 0.000 0.001 0.004 0.006 0.013 0.046 0.756 
  29 S _   0.129 0.000 0.001 0.005 0.006 0.013 0.048 0.799 
  30 G _   0.095 0.000 0.001 0.006 0.005 0.012 0.050 0.831 
  31 E _   0.069 0.001 0.001 0.007 0.005 0.012 0.051 0.853 
  32 I _   0.051 0.001 0.001 0.008 0.005 0.012 0.053 0.870 
  33 C _   0.037 0.001 0.001 0.009 0.005 0.012 0.054 0.882 
  34 G _   0.028 0.002 0.001 0.010 0.005 0.011 0.054 0.890 
  35 P _   0.021 0.002 0.001 0.010 0.004 0.010 0.055 0.897 
  36 G _   0.016 0.002 0.000 0.010 0.004 0.010 0.056 0.902 
  37 I _   0.013 0.002 0.000 0.009 0.004 0.009 0.056 0.907 
  38 D _   0.010 0.002 0.000 0.009 0.003 0.009 0.056 0.910 
  39 I _   0.009 0.002 0.000 0.008 0.003 0.008 0.057 0.913 
  40 R _   0.008 0.001 0.000 0.007 0.003 0.008 0.057 0.916 
  41 N _   0.007 0.001 0.000 0.007 0.003 0.008 0.057 0.918 
  42 D _   0.006 0.001 0.000 0.006 0.003 0.008 0.056 0.919 
  43 Y _   0.006 0.001 0.000 0.006 0.003 0.008 0.056 0.920 
  44 Q _   0.006 0.001 0.000 0.006 0.003 0.009 0.055 0.920 
  45 Q _   0.007 0.001 0.000 0.006 0.003 0.010 0.054 0.919 
  46 L _   0.008 0.001 0.000 0.006 0.003 0.011 0.053 0.917 
  47 K _   0.010 0.001 0.000 0.006 0.003 0.014 0.052 0.913 
  48 R _   0.013 0.001 0.000 0.006 0.004 0.016 0.051 0.907 
  49 L _   0.018 0.001 0.001 0.006 0.005 0.020 0.049 0.898 
  50 E _   0.027 0.002 0.001 0.007 0.007 0.025 0.048 0.884 
  51 N _   0.038 0.002 0.001 0.007 0.010 0.032 0.046 0.864 
  52 C _   0.055 0.003 0.001 0.008 0.013 0.039 0.044 0.837 
  53 T _   0.075 0.005 0.001 0.009 0.019 0.047 0.042 0.803 
  54 V _   0.096 0.008 0.002 0.011 0.026 0.055 0.040 0.763 
  55 I _   0.118 0.012 0.002 0.013 0.035 0.062 0.038 0.720 
  56 E _   0.139 0.018 0.002 0.017 0.043 0.068 0.036 0.677 
  57 G _   0.154 0.026 0.002 0.021 0.050 0.071 0.035 0.641 
  58 Y _   0.165 0.033 0.003 0.026 0.055 0.072 0.034 0.613 
  59 L _   0.169 0.039 0.003 0.032 0.057 0.070 0.033 0.597 
  60 H _   0.166 0.043 0.003 0.036 0.055 0.067 0.033 0.597 
  61 I _   0.158 0.045 0.003 0.039 0.050 0.062 0.033 0.610 
  62 L _   0.145 0.044 0.002 0.039 0.044 0.055 0.034 0.637 
  63 L _   0.127 0.041 0.002 0.036 0.036 0.048 0.034 0.675 
  64 I _   0.108 0.035 0.002 0.031 0.027 0.041 0.035 0.722 
  65 S _   0.088 0.026 0.002 0.023 0.019 0.033 0.036 0.773 
  66 K _   0.070 0.017 0.001 0.016 0.013 0.026 0.036 0.820 
  67 A _   0.056 0.010 0.001 0.011 0.008 0.020 0.036 0.859 
  68 E _   0.045 0.004 0.001 0.006 0.005 0.015 0.036 0.887 
  69 D _   0.037 0.002 0.000 0.004 0.003 0.012 0.036 0.906 
  70 Y _   0.034 0.001 0.000 0.003 0.002 0.010 0.035 0.916 
  71 R _   0.035 0.000 0.000 0.002 0.002 0.009 0.033 0.918 
  72 S _   0.042 0.000 0.000 0.002 0.002 0.009 0.032 0.913 
  73 Y _   0.057 0.000 0.000 0.002 0.002 0.010 0.030 0.899 
  74 R _   0.083 0.000 0.000 0.002 0.003 0.011 0.028 0.873 
  75 F _   0.125 0.000 0.001 0.002 0.005 0.013 0.025 0.830 
  76 P _   0.188 0.000 0.001 0.002 0.006 0.016 0.021 0.765 
  77 K _   0.270 0.000 0.001 0.002 0.009 0.019 0.018 0.681 
  78 L _   0.362 0.000 0.001 0.002 0.013 0.022 0.014 0.586 
  79 T _   0.461 0.000 0.001 0.002 0.016 0.024 0.011 0.485 
  80 V H   0.547 0.000 0.001 0.002 0.020 0.025 0.008 0.396 
  81 I H   0.624 0.000 0.001 0.002 0.023 0.025 0.006 0.319 
  82 T H   0.685 0.000 0.001 0.002 0.026 0.024 0.005 0.257 
  83 E H   0.731 0.000 0.001 0.002 0.028 0.023 0.004 0.211 
  84 Y H   0.762 0.000 0.001 0.001 0.029 0.022 0.004 0.181 
  85 L H   0.780 0.000 0.001 0.001 0.030 0.020 0.004 0.163 
  86 L H   0.785 0.000 0.001 0.002 0.031 0.019 0.004 0.158 
  87 L H   0.780 0.000 0.002 0.002 0.031 0.019 0.004 0.163 
  88 F H   0.761 0.000 0.002 0.002 0.031 0.018 0.004 0.182 
  89 R H   0.726 0.000 0.002 0.003 0.030 0.018 0.005 0.216 
  90 V H   0.675 0.000 0.002 0.003 0.028 0.018 0.006 0.268 
  91 A H   0.604 0.000 0.002 0.004 0.024 0.018 0.007 0.340 
  92 G H   0.522 0.000 0.002 0.004 0.020 0.017 0.009 0.425 
  93 L _   0.433 0.000 0.001 0.004 0.015 0.016 0.011 0.519 
  94 E _   0.343 0.000 0.001 0.003 0.011 0.015 0.013 0.613 
  95 S _   0.263 0.000 0.001 0.003 0.008 0.014 0.015 0.696 
  96 L _   0.196 0.000 0.001 0.003 0.006 0.013 0.016 0.765 
  97 G _   0.147 0.000 0.001 0.002 0.005 0.013 0.018 0.815 
  98 D _   0.113 0.000 0.001 0.002 0.004 0.013 0.019 0.848 
  99 L _   0.091 0.000 0.000 0.002 0.004 0.014 0.020 0.869 
 100 F _   0.078 0.000 0.000 0.003 0.004 0.016 0.020 0.879 
 101 P _   0.072 0.000 0.001 0.003 0.005 0.018 0.021 0.881 
 102 N _   0.069 0.000 0.001 0.004 0.006 0.021 0.021 0.878 
 103 L _   0.070 0.000 0.001 0.006 0.007 0.024 0.021 0.870 
 104 T _   0.074 0.001 0.001 0.007 0.009 0.027 0.022 0.860 
 105 V _   0.080 0.001 0.001 0.008 0.011 0.031 0.022 0.848 
 106 I _   0.088 0.001 0.001 0.009 0.012 0.034 0.022 0.834 
 107 R _   0.098 0.001 0.001 0.008 0.013 0.037 0.022 0.820 
 108 G _   0.111 0.001 0.001 0.007 0.014 0.039 0.022 0.805 
 109 W _   0.125 0.001 0.001 0.006 0.015 0.042 0.022 0.788 
 110 K _   0.141 0.000 0.001 0.005 0.018 0.045 0.022 0.768 
 111 L _   0.158 0.001 0.001 0.005 0.021 0.049 0.022 0.745 
 112 F _   0.175 0.001 0.001 0.005 0.025 0.052 0.022 0.718 
 113 Y _   0.192 0.001 0.002 0.006 0.031 0.055 0.023 0.690 
 114 N _   0.206 0.003 0.002 0.008 0.037 0.057 0.023 0.663 
 115 Y _   0.217 0.005 0.002 0.013 0.042 0.058 0.024 0.639 
 116 A _   0.221 0.008 0.002 0.018 0.045 0.058 0.026 0.623 
 117 L _   0.219 0.010 0.002 0.022 0.045 0.055 0.027 0.618 
 118 V _   0.210 0.012 0.002 0.025 0.043 0.052 0.029 0.626 
 119 I _   0.194 0.012 0.002 0.026 0.038 0.047 0.032 0.650 
 120 F _   0.171 0.011 0.002 0.023 0.031 0.041 0.034 0.686 
 121 E _   0.143 0.009 0.002 0.019 0.024 0.035 0.037 0.730 
 122 M _   0.115 0.006 0.001 0.014 0.017 0.029 0.040 0.776 
 123 T _   0.089 0.004 0.001 0.010 0.012 0.024 0.042 0.818 
 124 N _   0.065 0.002 0.001 0.007 0.007 0.020 0.044 0.854 
 125 L _   0.047 0.001 0.001 0.005 0.005 0.016 0.046 0.879 
 126 K _   0.034 0.001 0.000 0.004 0.004 0.014 0.047 0.896 
 127 D _   0.026 0.001 0.000 0.004 0.003 0.013 0.048 0.905 
 128 I _   0.020 0.002 0.000 0.004 0.003 0.012 0.049 0.910 
 129 G _   0.017 0.003 0.000 0.005 0.003 0.012 0.049 0.910 
 130 L _   0.016 0.005 0.000 0.006 0.004 0.013 0.050 0.907 
 131 Y _   0.015 0.009 0.001 0.008 0.005 0.014 0.050 0.899 
 132 N _   0.015 0.014 0.001 0.012 0.006 0.016 0.050 0.887 
 133 L _   0.015 0.022 0.001 0.016 0.008 0.017 0.049 0.871 
 134 R _   0.015 0.031 0.001 0.021 0.010 0.019 0.049 0.854 
 135 N _   0.015 0.040 0.001 0.027 0.012 0.020 0.049 0.837 
 136 I _   0.015 0.047 0.001 0.032 0.013 0.021 0.049 0.822 
 137 T _   0.015 0.052 0.001 0.037 0.014 0.021 0.050 0.811 
 138 R _   0.015 0.055 0.001 0.039 0.013 0.021 0.051 0.805 
 139 G _   0.014 0.055 0.001 0.039 0.013 0.020 0.052 0.806 
 140 A _   0.014 0.053 0.001 0.036 0.012 0.019 0.054 0.813 
 141 I _   0.013 0.048 0.001 0.031 0.010 0.017 0.056 0.825 
 142 R _   0.012 0.041 0.001 0.024 0.008 0.015 0.058 0.841 
 143 I _   0.011 0.032 0.001 0.017 0.006 0.014 0.060 0.859 
 144 E _   0.010 0.024 0.001 0.011 0.004 0.013 0.062 0.875 
 145 K _   0.009 0.018 0.000 0.007 0.003 0.013 0.063 0.886 
 146 N _   0.009 0.014 0.000 0.005 0.003 0.013 0.064 0.892 
 147 A _   0.010 0.012 0.000 0.004 0.003 0.014 0.065 0.891 
 148 D _   0.012 0.013 0.000 0.004 0.003 0.017 0.066 0.885 
 149 L _   0.016 0.015 0.000 0.005 0.005 0.021 0.066 0.872 
 150 C _   0.022 0.020 0.001 0.007 0.007 0.027 0.066 0.850 
 151 Y _   0.029 0.033 0.001 0.011 0.012 0.034 0.066 0.814 
 152 L _   0.037 0.055 0.002 0.016 0.019 0.041 0.066 0.765 
 153 S _   0.044 0.086 0.002 0.023 0.027 0.048 0.065 0.706 
 154 T _   0.051 0.123 0.002 0.030 0.034 0.053 0.064 0.642 
 155 V _   0.056 0.160 0.003 0.037 0.040 0.056 0.064 0.584 
 156 D _   0.060 0.191 0.003 0.044 0.045 0.057 0.065 0.536 
 157 W _   0.063 0.213 0.003 0.049 0.047 0.056 0.066 0.502 
 158 S _   0.064 0.227 0.002 0.054 0.047 0.055 0.068 0.483 
 159 L _   0.064 0.234 0.002 0.056 0.044 0.052 0.071 0.477 
 160 I _   0.062 0.234 0.002 0.056 0.041 0.048 0.075 0.482 
 161 L _   0.058 0.229 0.002 0.054 0.035 0.043 0.080 0.498 
 162 D _   0.053 0.217 0.002 0.049 0.030 0.038 0.086 0.525 
 163 A _   0.047 0.198 0.002 0.044 0.024 0.033 0.093 0.560 
 164 V _   0.040 0.172 0.002 0.037 0.019 0.028 0.101 0.601 
 165 S _   0.034 0.142 0.001 0.030 0.014 0.024 0.109 0.646 
 166 N _   0.028 0.110 0.001 0.024 0.010 0.020 0.117 0.689 
 167 N _   0.023 0.082 0.001 0.019 0.007 0.017 0.124 0.727 
 168 Y _   0.018 0.060 0.001 0.014 0.005 0.013 0.130 0.758 
 169 I _   0.015 0.044 0.001 0.011 0.004 0.011 0.135 0.781 
 170 V _   0.011 0.034 0.000 0.008 0.003 0.009 0.138 0.797 
 171 G _   0.009 0.027 0.000 0.006 0.002 0.007 0.140 0.809 
 172 N _   0.007 0.024 0.000 0.005 0.002 0.006 0.141 0.816 
 173 K _   0.006 0.022 0.000 0.004 0.001 0.006 0.141 0.820 
 174 P _   0.005 0.022 0.000 0.004 0.001 0.005 0.140 0.822 
 175 P _   0.005 0.023 0.000 0.004 0.001 0.006 0.139 0.821 
 176 K _   0.005 0.027 0.000 0.005 0.002 0.006 0.136 0.818 
 177 E _   0.005 0.034 0.000 0.007 0.002 0.007 0.133 0.811 
 178 C _   0.005 0.046 0.000 0.010 0.003 0.008 0.128 0.799 
 179 G _   0.005 0.065 0.001 0.014 0.004 0.009 0.122 0.781 
 180 D _   0.005 0.089 0.001 0.018 0.005 0.010 0.115 0.757 
 181 L _   0.005 0.119 0.001 0.022 0.005 0.011 0.108 0.730 
 182 C _   0.005 0.148 0.001 0.025 0.006 0.011 0.100 0.704 
 183 P _   0.005 0.176 0.001 0.027 0.006 0.011 0.093 0.681 
 184 G _   0.004 0.200 0.001 0.029 0.006 0.011 0.087 0.661 
 185 T _   0.004 0.221 0.001 0.029 0.006 0.011 0.082 0.646 
 186 M _   0.004 0.236 0.001 0.029 0.006 0.011 0.077 0.636 
 187 E _   0.004 0.249 0.001 0.029 0.006 0.010 0.073 0.627 
 188 E _   0.004 0.259 0.001 0.029 0.006 0.010 0.070 0.622 
 189 K _   0.004 0.266 0.001 0.028 0.006 0.010 0.068 0.618 
 190 P _   0.004 0.271 0.001 0.027 0.006 0.010 0.065 0.617 
 191 M _   0.004 0.273 0.001 0.026 0.005 0.009 0.064 0.618 
 192 C _   0.004 0.273 0.001 0.025 0.005 0.009 0.062 0.621 
 193 E _   0.004 0.270 0.001 0.023 0.005 0.009 0.062 0.626 
 194 K _   0.004 0.266 0.001 0.021 0.005 0.008 0.061 0.634 
 195 T _   0.004 0.259 0.001 0.019 0.004 0.008 0.061 0.644 
 196 T _   0.004 0.251 0.001 0.016 0.004 0.008 0.060 0.656 
 197 I _   0.004 0.244 0.000 0.014 0.004 0.008 0.060 0.667 
 198 N _   0.004 0.236 0.000 0.012 0.003 0.007 0.060 0.676 
 199 N _   0.004 0.231 0.000 0.011 0.003 0.007 0.059 0.684 
 200 E _   0.004 0.227 0.000 0.010 0.003 0.008 0.059 0.689 
 201 Y _   0.005 0.225 0.000 0.010 0.003 0.008 0.058 0.691 
 202 N _   0.005 0.226 0.000 0.010 0.003 0.008 0.057 0.690 
 203 Y _   0.005 0.228 0.000 0.011 0.003 0.009 0.056 0.687 
 204 R _   0.005 0.233 0.000 0.013 0.004 0.009 0.055 0.680 
 205 C _   0.005 0.239 0.001 0.015 0.004 0.010 0.054 0.672 
 206 W _   0.005 0.245 0.001 0.017 0.005 0.011 0.053 0.663 
 207 T _   0.006 0.252 0.001 0.019 0.005 0.011 0.052 0.655 
 208 T _   0.006 0.258 0.001 0.020 0.006 0.011 0.051 0.648 
 209 N _   0.006 0.262 0.001 0.022 0.006 0.011 0.050 0.642 
 210 R _   0.006 0.265 0.001 0.023 0.006 0.011 0.049 0.639 
 211 C _   0.006 0.266 0.001 0.023 0.006 0.011 0.049 0.638 
 212 Q _   0.006 0.265 0.001 0.023 0.006 0.011 0.049 0.639 
 213 K _   0.006 0.262 0.001 0.023 0.006 0.011 0.049 0.642 
 214 M _   0.006 0.258 0.001 0.023 0.006 0.010 0.049 0.648 
 215 C _   0.006 0.251 0.001 0.022 0.006 0.010 0.049 0.656 
 216 P _   0.006 0.242 0.001 0.021 0.005 0.010 0.050 0.665 
 217 S _   0.006 0.232 0.001 0.020 0.005 0.009 0.050 0.676 
 218 T _   0.006 0.220 0.001 0.019 0.005 0.009 0.051 0.689 
 219 C _   0.006 0.207 0.001 0.018 0.005 0.009 0.052 0.703 
 220 G _   0.006 0.194 0.001 0.016 0.004 0.009 0.053 0.717 
 221 K _   0.006 0.180 0.001 0.015 0.004 0.008 0.054 0.733 
 222 R _   0.006 0.167 0.000 0.013 0.003 0.008 0.055 0.748 
 223 A _   0.005 0.156 0.000 0.011 0.003 0.007 0.055 0.762 
 224 C _   0.005 0.147 0.000 0.010 0.003 0.007 0.056 0.773 
 225 T _   0.005 0.141 0.000 0.009 0.002 0.007 0.056 0.781 
 226 E _   0.004 0.138 0.000 0.008 0.002 0.007 0.055 0.786 
 227 N _   0.004 0.137 0.000 0.009 0.002 0.007 0.055 0.787 
 228 N _   0.004 0.138 0.000 0.010 0.003 0.007 0.054 0.784 
 229 E _   0.004 0.142 0.000 0.012 0.003 0.008 0.053 0.777 
 230 C _   0.004 0.148 0.000 0.016 0.004 0.009 0.051 0.767 
 231 C _   0.005 0.155 0.001 0.021 0.004 0.009 0.050 0.755 
 232 H _   0.005 0.162 0.001 0.025 0.005 0.010 0.049 0.744 
 233 P _   0.005 0.168 0.001 0.029 0.006 0.010 0.048 0.734 
 234 E _   0.005 0.171 0.001 0.031 0.006 0.010 0.047 0.729 
 235 C _   0.005 0.171 0.001 0.031 0.006 0.010 0.046 0.730 
 236 L _   0.005 0.167 0.001 0.029 0.005 0.009 0.046 0.737 
 237 G _   0.005 0.160 0.001 0.025 0.005 0.009 0.047 0.749 
 238 S _   0.005 0.151 0.001 0.020 0.004 0.008 0.047 0.765 
 239 C _   0.004 0.140 0.000 0.015 0.003 0.007 0.047 0.783 
 240 S _   0.004 0.130 0.000 0.010 0.002 0.007 0.047 0.799 
 241 A _   0.004 0.123 0.000 0.007 0.002 0.007 0.047 0.809 
 242 P _   0.004 0.121 0.000 0.006 0.002 0.007 0.047 0.813 
 243 D _   0.004 0.122 0.000 0.006 0.002 0.009 0.046 0.811 
 244 N _   0.005 0.129 0.000 0.008 0.003 0.011 0.044 0.799 
 245 D _   0.007 0.145 0.001 0.011 0.005 0.015 0.042 0.774 
 246 T _   0.010 0.181 0.001 0.017 0.008 0.019 0.039 0.725 
 247 A _   0.011 0.243 0.002 0.026 0.012 0.022 0.035 0.649 
 248 C _   0.012 0.320 0.002 0.034 0.016 0.024 0.030 0.562 
 249 V _   0.012 0.396 0.002 0.040 0.018 0.025 0.026 0.481 
 250 A E   0.011 0.454 0.002 0.044 0.018 0.025 0.023 0.423 
 251 C E   0.011 0.493 0.001 0.045 0.018 0.024 0.021 0.387 
 252 R E   0.010 0.516 0.001 0.045 0.018 0.024 0.019 0.366 
 253 H E   0.011 0.528 0.001 0.043 0.018 0.023 0.018 0.357 
 254 Y E   0.011 0.532 0.001 0.041 0.018 0.023 0.018 0.356 
 255 Y E   0.011 0.531 0.001 0.039 0.017 0.022 0.017 0.361 
 256 Y E   0.012 0.524 0.001 0.036 0.017 0.021 0.017 0.372 
 257 A E   0.012 0.513 0.001 0.033 0.015 0.020 0.018 0.387 
 258 G E   0.012 0.496 0.001 0.030 0.014 0.019 0.018 0.408 
 259 V E   0.013 0.475 0.001 0.027 0.013 0.018 0.019 0.435 
 260 C _   0.013 0.447 0.001 0.024 0.011 0.017 0.019 0.467 
 261 V _   0.012 0.417 0.001 0.021 0.010 0.016 0.020 0.503 
 262 P _   0.012 0.387 0.001 0.017 0.008 0.016 0.021 0.538 
 263 A _   0.011 0.360 0.001 0.014 0.007 0.015 0.022 0.571 
 264 C _   0.010 0.338 0.001 0.012 0.006 0.014 0.022 0.597 
 265 P _   0.009 0.324 0.001 0.010 0.005 0.014 0.022 0.616 
 266 P _   0.009 0.315 0.001 0.009 0.005 0.013 0.022 0.627 
 267 N _   0.008 0.311 0.001 0.009 0.004 0.013 0.022 0.631 
 268 T _   0.008 0.312 0.001 0.010 0.005 0.013 0.022 0.630 
 269 Y _   0.008 0.315 0.001 0.011 0.005 0.013 0.022 0.625 
 270 R _   0.008 0.321 0.001 0.013 0.006 0.013 0.021 0.617 
 271 F _   0.008 0.328 0.001 0.015 0.006 0.013 0.021 0.608 
 272 E _   0.007 0.335 0.001 0.016 0.006 0.013 0.021 0.600 
 273 G _   0.007 0.341 0.001 0.017 0.007 0.013 0.020 0.594 
 274 W _   0.007 0.346 0.001 0.017 0.007 0.013 0.020 0.590 
 275 R _   0.007 0.349 0.001 0.017 0.007 0.013 0.019 0.588 
 276 C _   0.007 0.351 0.001 0.017 0.007 0.013 0.019 0.586 
 277 V _   0.007 0.353 0.001 0.017 0.007 0.013 0.019 0.583 
 278 D _   0.007 0.356 0.001 0.018 0.007 0.014 0.018 0.579 
 279 R _   0.008 0.358 0.001 0.020 0.008 0.014 0.018 0.573 
 280 D _   0.008 0.360 0.001 0.022 0.009 0.014 0.018 0.568 
 281 F _   0.008 0.361 0.001 0.025 0.009 0.014 0.018 0.563 
 282 C _   0.009 0.359 0.001 0.028 0.009 0.014 0.018 0.562 
 283 A _   0.009 0.354 0.001 0.029 0.009 0.014 0.019 0.565 
 284 N _   0.009 0.343 0.001 0.029 0.009 0.013 0.019 0.576 
 285 I _   0.009 0.327 0.001 0.027 0.009 0.013 0.020 0.595 
 286 L _   0.009 0.302 0.001 0.024 0.008 0.012 0.021 0.623 
 287 S _   0.009 0.272 0.001 0.019 0.007 0.012 0.022 0.659 
 288 A _   0.009 0.238 0.001 0.015 0.006 0.011 0.023 0.697 
 289 E _   0.008 0.209 0.001 0.011 0.004 0.011 0.024 0.732 
 290 S _   0.008 0.189 0.000 0.008 0.004 0.011 0.025 0.756 
 291 S _   0.008 0.179 0.000 0.006 0.003 0.011 0.025 0.768 
 292 D _   0.008 0.176 0.000 0.006 0.003 0.012 0.025 0.770 
 293 S _   0.009 0.177 0.000 0.007 0.004 0.013 0.025 0.765 
 294 E _   0.010 0.184 0.001 0.009 0.005 0.014 0.025 0.751 
 295 G _   0.011 0.198 0.001 0.013 0.007 0.016 0.025 0.730 
 296 F _   0.012 0.215 0.001 0.018 0.008 0.017 0.024 0.705 
 297 V _   0.012 0.234 0.001 0.022 0.009 0.018 0.024 0.681 
 298 I _   0.011 0.249 0.001 0.025 0.010 0.018 0.023 0.662 
 299 H _   0.011 0.260 0.001 0.027 0.010 0.018 0.023 0.650 
 300 D _   0.010 0.267 0.001 0.027 0.010 0.018 0.023 0.644 
 301 G _   0.010 0.270 0.001 0.026 0.010 0.017 0.023 0.643 
 302 E _   0.010 0.271 0.001 0.024 0.009 0.017 0.023 0.645 
 303 C _   0.010 0.269 0.001 0.022 0.009 0.016 0.024 0.650 
 304 M _   0.009 0.266 0.001 0.020 0.008 0.016 0.024 0.656 
 305 Q _   0.009 0.262 0.001 0.019 0.008 0.015 0.025 0.662 
 306 E _   0.008 0.258 0.001 0.018 0.007 0.014 0.026 0.667 
 307 C _   0.008 0.254 0.001 0.018 0.007 0.014 0.026 0.672 
 308 P _   0.008 0.250 0.001 0.018 0.007 0.014 0.027 0.677 
 309 S _   0.008 0.245 0.001 0.017 0.006 0.013 0.028 0.681 
 310 G _   0.008 0.240 0.001 0.017 0.006 0.013 0.028 0.686 
 311 F _   0.008 0.235 0.001 0.016 0.006 0.013 0.029 0.692 
 312 I _   0.008 0.229 0.001 0.016 0.006 0.013 0.030 0.698 
 313 R _   0.008 0.223 0.001 0.016 0.006 0.013 0.031 0.703 
 314 N _   0.008 0.218 0.001 0.016 0.006 0.013 0.032 0.707 
 315 G _   0.008 0.213 0.001 0.017 0.006 0.013 0.033 0.710 
 316 S _   0.008 0.209 0.001 0.018 0.007 0.013 0.034 0.711 
 317 Q _   0.009 0.205 0.001 0.020 0.007 0.014 0.035 0.710 
 318 S _   0.009 0.200 0.001 0.022 0.008 0.014 0.036 0.710 
 319 M _   0.009 0.195 0.001 0.025 0.008 0.014 0.037 0.711 
 320 Y _   0.009 0.187 0.001 0.026 0.008 0.014 0.039 0.715 
 321 C _   0.010 0.177 0.001 0.027 0.008 0.013 0.041 0.723 
 322 I _   0.009 0.163 0.001 0.027 0.008 0.013 0.044 0.736 
 323 P _   0.009 0.145 0.001 0.025 0.007 0.012 0.046 0.754 
 324 C _   0.009 0.124 0.001 0.022 0.006 0.011 0.049 0.777 
 325 E _   0.008 0.100 0.001 0.020 0.006 0.010 0.052 0.803 
 326 G _   0.008 0.077 0.001 0.016 0.005 0.010 0.055 0.828 
 327 P _   0.007 0.058 0.001 0.013 0.004 0.009 0.058 0.851 
 328 C _   0.007 0.042 0.000 0.011 0.003 0.008 0.060 0.868 
 329 P _   0.006 0.031 0.000 0.009 0.003 0.008 0.062 0.881 
 330 K _   0.006 0.023 0.000 0.008 0.002 0.007 0.063 0.890 
 331 V _   0.005 0.018 0.000 0.008 0.002 0.007 0.064 0.896 
 332 C _   0.005 0.014 0.000 0.007 0.002 0.007 0.065 0.900 
 333 E _   0.005 0.011 0.000 0.007 0.002 0.007 0.065 0.903 
 334 E _   0.005 0.009 0.000 0.007 0.002 0.007 0.065 0.906 
 335 E _   0.004 0.008 0.000 0.006 0.002 0.007 0.064 0.908 
 336 K _   0.005 0.007 0.000 0.006 0.002 0.008 0.063 0.909 
 337 K _   0.005 0.006 0.000 0.006 0.002 0.009 0.062 0.910 
 338 T _   0.005 0.006 0.000 0.006 0.002 0.010 0.061 0.909 
 339 K _   0.006 0.006 0.000 0.006 0.003 0.012 0.060 0.906 
 340 T _   0.008 0.007 0.000 0.007 0.003 0.015 0.058 0.901 
 341 I _   0.011 0.008 0.000 0.008 0.004 0.020 0.056 0.892 
 342 D _   0.015 0.010 0.001 0.010 0.006 0.026 0.054 0.879 
 343 S _   0.021 0.013 0.001 0.012 0.009 0.033 0.052 0.859 
 344 V _   0.030 0.016 0.001 0.015 0.014 0.041 0.049 0.833 
 345 T _   0.040 0.021 0.001 0.019 0.020 0.050 0.046 0.803 
 346 S _   0.051 0.026 0.002 0.023 0.027 0.057 0.044 0.770 
 347 A _   0.062 0.032 0.002 0.027 0.035 0.064 0.041 0.739 
 348 Q _   0.072 0.036 0.002 0.030 0.040 0.068 0.039 0.712 
 349 M _   0.082 0.039 0.002 0.032 0.045 0.071 0.037 0.693 
 350 L _   0.089 0.040 0.002 0.032 0.047 0.071 0.036 0.683 
 351 Q _   0.094 0.040 0.002 0.032 0.047 0.070 0.034 0.680 
 352 G _   0.097 0.039 0.002 0.029 0.045 0.068 0.034 0.686 
 353 C _   0.098 0.036 0.002 0.026 0.042 0.064 0.033 0.699 
 354 T _   0.097 0.032 0.002 0.023 0.037 0.060 0.033 0.717 
 355 I _   0.093 0.027 0.002 0.020 0.032 0.056 0.032 0.738 
 356 F _   0.087 0.023 0.002 0.017 0.027 0.051 0.032 0.761 
 357 K _   0.080 0.019 0.001 0.016 0.023 0.046 0.032 0.782 
 358 G _   0.073 0.016 0.001 0.015 0.019 0.042 0.032 0.802 
 359 N _   0.065 0.014 0.001 0.014 0.016 0.037 0.032 0.820 
 360 L _   0.057 0.012 0.001 0.014 0.014 0.033 0.032 0.837 
 361 L _   0.050 0.010 0.001 0.013 0.012 0.029 0.032 0.853 
 362 I _   0.044 0.008 0.001 0.013 0.010 0.025 0.032 0.867 
 363 N _   0.038 0.006 0.001 0.011 0.008 0.022 0.032 0.880 
 364 I _   0.034 0.004 0.001 0.010 0.007 0.019 0.032 0.893 
 365 R _   0.030 0.003 0.001 0.008 0.005 0.017 0.032 0.904 
 366 R _   0.029 0.002 0.001 0.006 0.004 0.015 0.031 0.912 
 367 G _   0.030 0.001 0.000 0.005 0.004 0.014 0.030 0.916 
 368 N _   0.033 0.000 0.000 0.004 0.003 0.013 0.029 0.916 
 369 N _   0.041 0.000 0.000 0.003 0.003 0.013 0.028 0.911 
 370 I _   0.055 0.000 0.000 0.002 0.003 0.014 0.027 0.897 
 371 A _   0.079 0.000 0.000 0.002 0.004 0.016 0.025 0.873 
 372 S _   0.117 0.000 0.001 0.002 0.005 0.019 0.023 0.833 
 373 E _   0.170 0.000 0.001 0.002 0.008 0.024 0.020 0.775 
 374 L _   0.236 0.000 0.001 0.002 0.012 0.029 0.018 0.702 
 375 E _   0.309 0.000 0.001 0.003 0.017 0.034 0.015 0.620 
 376 N _   0.384 0.000 0.002 0.003 0.024 0.038 0.013 0.535 
 377 F _   0.453 0.000 0.002 0.004 0.031 0.041 0.011 0.457 
 378 M H   0.511 0.000 0.002 0.005 0.036 0.043 0.010 0.392 
 379 G H   0.555 0.001 0.002 0.005 0.040 0.043 0.009 0.345 
 380 L H   0.584 0.001 0.002 0.006 0.041 0.042 0.009 0.316 
 381 I H   0.599 0.001 0.002 0.006 0.041 0.040 0.009 0.303 
 382 E H   0.601 0.001 0.002 0.006 0.038 0.037 0.009 0.306 
 383 V H   0.592 0.001 0.002 0.006 0.034 0.034 0.009 0.322 
 384 V H   0.571 0.001 0.002 0.005 0.029 0.032 0.009 0.351 
 385 T H   0.542 0.000 0.002 0.004 0.024 0.029 0.010 0.390 
 386 G H   0.505 0.000 0.001 0.003 0.018 0.027 0.010 0.435 
 387 Y _   0.467 0.000 0.001 0.002 0.013 0.025 0.011 0.481 
 388 V _   0.431 0.000 0.001 0.002 0.010 0.023 0.012 0.521 
 389 K _   0.402 0.000 0.001 0.001 0.008 0.023 0.012 0.553 
 390 I _   0.380 0.000 0.001 0.001 0.007 0.023 0.013 0.575 
 391 R _   0.366 0.000 0.001 0.001 0.008 0.024 0.013 0.587 
 392 H _   0.360 0.000 0.001 0.002 0.009 0.026 0.014 0.588 
 393 S _   0.363 0.000 0.001 0.002 0.011 0.029 0.014 0.580 
 394 H _   0.368 0.000 0.001 0.003 0.014 0.032 0.015 0.567 
 395 A _   0.376 0.000 0.001 0.004 0.018 0.035 0.016 0.550 
 396 L _   0.382 0.000 0.001 0.005 0.022 0.037 0.017 0.536 
 397 V _   0.385 0.001 0.002 0.006 0.025 0.039 0.018 0.525 
 398 S _   0.384 0.001 0.002 0.007 0.028 0.040 0.019 0.520 
 399 L _   0.377 0.001 0.002 0.008 0.029 0.040 0.021 0.522 
 400 S _   0.366 0.001 0.002 0.008 0.029 0.040 0.022 0.532 
 401 F _   0.348 0.001 0.002 0.007 0.028 0.040 0.025 0.549 
 402 L _   0.325 0.001 0.002 0.007 0.027 0.039 0.027 0.573 
 403 K _   0.297 0.001 0.002 0.008 0.025 0.038 0.030 0.600 
 404 N _   0.265 0.001 0.002 0.008 0.022 0.036 0.033 0.632 
 405 L _   0.231 0.002 0.001 0.009 0.020 0.035 0.037 0.665 
 406 R _   0.197 0.002 0.001 0.010 0.018 0.033 0.040 0.699 
 407 L _   0.164 0.002 0.001 0.012 0.015 0.030 0.044 0.731 
 408 I _   0.134 0.003 0.001 0.013 0.013 0.028 0.047 0.761 
 409 L _   0.106 0.003 0.001 0.013 0.012 0.026 0.051 0.788 
 410 G _   0.082 0.004 0.001 0.013 0.010 0.023 0.054 0.813 
 411 E _   0.063 0.004 0.001 0.013 0.009 0.021 0.057 0.833 
 412 E _   0.047 0.004 0.001 0.012 0.007 0.018 0.059 0.850 
 413 Q _   0.036 0.004 0.001 0.012 0.006 0.017 0.062 0.862 
 414 L _   0.028 0.005 0.001 0.012 0.006 0.015 0.064 0.871 
 415 E _   0.022 0.005 0.001 0.012 0.005 0.013 0.066 0.876 
 416 G _   0.017 0.005 0.001 0.012 0.005 0.012 0.068 0.880 
 417 N _   0.014 0.005 0.001 0.012 0.004 0.011 0.071 0.882 
 418 Y _   0.012 0.005 0.001 0.012 0.004 0.010 0.073 0.883 
 419 S _   0.011 0.005 0.000 0.011 0.004 0.009 0.075 0.885 
 420 F _   0.009 0.005 0.000 0.010 0.003 0.009 0.077 0.886 
 421 Y _   0.008 0.005 0.000 0.009 0.003 0.008 0.079 0.887 
 422 V _   0.007 0.004 0.000 0.009 0.003 0.007 0.081 0.888 
 423 L _   0.007 0.004 0.000 0.008 0.003 0.007 0.082 0.889 
 424 D _   0.006 0.004 0.000 0.008 0.002 0.007 0.084 0.889 
 425 N _   0.006 0.004 0.000 0.008 0.003 0.007 0.085 0.887 
 426 Q _   0.006 0.004 0.000 0.008 0.003 0.007 0.086 0.885 
 427 N _   0.006 0.005 0.000 0.009 0.003 0.007 0.088 0.882 
 428 L _   0.006 0.005 0.000 0.010 0.003 0.008 0.089 0.879 
 429 Q _   0.006 0.005 0.000 0.011 0.003 0.008 0.090 0.877 
 430 Q _   0.006 0.006 0.000 0.011 0.003 0.008 0.091 0.876 
 431 L _   0.006 0.006 0.000 0.010 0.003 0.007 0.091 0.876 
 432 W _   0.006 0.005 0.000 0.009 0.003 0.007 0.092 0.878 
 433 D _   0.005 0.005 0.000 0.008 0.002 0.007 0.092 0.880 
 434 W _   0.005 0.005 0.000 0.006 0.002 0.007 0.092 0.881 
 435 D _   0.005 0.005 0.000 0.006 0.002 0.007 0.092 0.882 
 436 H _   0.005 0.006 0.000 0.005 0.002 0.008 0.092 0.881 
 437 R _   0.006 0.007 0.000 0.006 0.003 0.009 0.092 0.877 
 438 N _   0.007 0.010 0.000 0.007 0.003 0.011 0.091 0.870 
 439 L _   0.009 0.015 0.001 0.009 0.005 0.014 0.090 0.859 
 440 T _   0.010 0.022 0.001 0.013 0.006 0.016 0.089 0.842 
 441 I _   0.012 0.032 0.001 0.018 0.009 0.019 0.087 0.822 
 442 K _   0.013 0.043 0.001 0.024 0.011 0.022 0.086 0.800 
 443 A _   0.015 0.053 0.001 0.029 0.013 0.024 0.085 0.782 
 444 G _   0.016 0.059 0.001 0.032 0.014 0.025 0.084 0.769 
 445 K _   0.016 0.064 0.001 0.032 0.014 0.026 0.084 0.763 
 446 M _   0.017 0.065 0.001 0.031 0.014 0.026 0.084 0.763 
 447 Y _   0.017 0.065 0.001 0.027 0.013 0.025 0.084 0.768 
 448 F _   0.017 0.063 0.001 0.023 0.012 0.025 0.085 0.775 
 449 A _   0.017 0.060 0.001 0.019 0.011 0.024 0.085 0.784 
 450 F _   0.017 0.057 0.001 0.015 0.009 0.024 0.086 0.792 
 451 N _   0.017 0.054 0.001 0.012 0.008 0.023 0.087 0.798 
 452 P _   0.018 0.053 0.001 0.010 0.008 0.023 0.088 0.799 
 453 K _   0.019 0.054 0.001 0.010 0.008 0.024 0.089 0.796 
 454 L _   0.021 0.056 0.001 0.011 0.009 0.025 0.089 0.788 
 455 C _   0.023 0.061 0.001 0.013 0.010 0.026 0.090 0.777 
 456 V _   0.024 0.068 0.001 0.016 0.012 0.027 0.090 0.761 
 457 S _   0.025 0.077 0.001 0.021 0.014 0.028 0.091 0.744 
 458 E _   0.025 0.086 0.001 0.026 0.015 0.028 0.092 0.726 
 459 I _   0.025 0.094 0.001 0.031 0.016 0.027 0.093 0.712 
 460 Y _   0.025 0.099 0.001 0.034 0.017 0.026 0.095 0.703 
 461 R _   0.024 0.101 0.001 0.036 0.016 0.025 0.097 0.700 
 462 M _   0.022 0.101 0.001 0.035 0.015 0.023 0.100 0.703 
 463 E _   0.020 0.097 0.001 0.033 0.013 0.021 0.103 0.711 
 464 E _   0.018 0.091 0.001 0.029 0.011 0.019 0.107 0.724 
 465 V _   0.016 0.083 0.001 0.025 0.009 0.016 0.111 0.739 
 466 T _   0.014 0.074 0.001 0.020 0.007 0.014 0.115 0.756 
 467 G _   0.012 0.064 0.001 0.016 0.005 0.012 0.119 0.771 
 468 T _   0.011 0.055 0.001 0.013 0.004 0.011 0.122 0.783 
 469 K _   0.010 0.048 0.000 0.011 0.003 0.009 0.125 0.793 
 470 G _   0.008 0.042 0.000 0.010 0.003 0.008 0.128 0.800 
 471 R _   0.007 0.038 0.000 0.009 0.003 0.008 0.131 0.804 
 472 Q _   0.007 0.036 0.000 0.008 0.002 0.007 0.132 0.807 
 473 S _   0.006 0.034 0.000 0.008 0.002 0.006 0.134 0.810 
 474 K _   0.005 0.033 0.000 0.008 0.002 0.006 0.135 0.811 
 475 G _   0.005 0.032 0.000 0.008 0.002 0.006 0.135 0.812 
 476 D _   0.005 0.032 0.000 0.007 0.002 0.006 0.135 0.813 
 477 I _   0.004 0.033 0.000 0.007 0.002 0.006 0.135 0.813 
 478 N _   0.004 0.035 0.000 0.007 0.002 0.006 0.134 0.813 
 479 T _   0.004 0.037 0.000 0.007 0.002 0.006 0.132 0.812 
 480 R _   0.004 0.041 0.000 0.007 0.002 0.006 0.130 0.809 
 481 N _   0.004 0.047 0.000 0.008 0.002 0.007 0.127 0.805 
 482 N _   0.004 0.056 0.000 0.009 0.002 0.007 0.124 0.797 
 483 G _   0.004 0.069 0.000 0.011 0.003 0.009 0.119 0.784 
 484 E _   0.005 0.090 0.001 0.014 0.004 0.010 0.114 0.762 
 485 R _   0.005 0.121 0.001 0.019 0.005 0.012 0.107 0.730 
 486 A _   0.006 0.162 0.001 0.024 0.007 0.014 0.099 0.688 
 487 S _   0.006 0.211 0.001 0.030 0.008 0.015 0.091 0.638 
 488 C _   0.006 0.262 0.001 0.036 0.010 0.015 0.083 0.587 
 489 E _   0.005 0.308 0.001 0.042 0.010 0.016 0.077 0.541 
 490 S _   0.005 0.342 0.001 0.047 0.011 0.016 0.072 0.507 
 491 D _   0.005 0.364 0.001 0.049 0.011 0.015 0.068 0.486 
 492 V _   0.005 0.376 0.001 0.050 0.010 0.015 0.066 0.476 
 493 L _   0.005 0.380 0.001 0.049 0.010 0.015 0.065 0.476 
 494 H _   0.006 0.377 0.001 0.045 0.010 0.014 0.064 0.484 
 495 F _   0.006 0.366 0.001 0.038 0.009 0.014 0.064 0.502 
 496 T _   0.006 0.347 0.001 0.031 0.008 0.013 0.064 0.530 
 497 S _   0.007 0.322 0.001 0.023 0.007 0.013 0.065 0.563 
 498 T _   0.007 0.294 0.001 0.017 0.006 0.013 0.066 0.597 
 499 T _   0.007 0.273 0.001 0.012 0.005 0.013 0.067 0.623 
 500 T _   0.007 0.260 0.000 0.010 0.004 0.014 0.067 0.637 
 501 S _   0.008 0.255 0.000 0.009 0.005 0.016 0.067 0.640 
 502 K _   0.009 0.255 0.001 0.012 0.006 0.017 0.067 0.634 
 503 N _   0.011 0.261 0.001 0.016 0.008 0.019 0.067 0.618 
 504 R _   0.012 0.272 0.001 0.024 0.010 0.021 0.066 0.594 
 505 I _   0.013 0.284 0.001 0.033 0.013 0.022 0.066 0.569 
 506 I _   0.013 0.292 0.001 0.042 0.014 0.022 0.066 0.549 
 507 I _   0.013 0.294 0.001 0.048 0.015 0.022 0.067 0.540 
 508 T _   0.013 0.288 0.001 0.049 0.015 0.021 0.068 0.544 
 509 W _   0.013 0.273 0.001 0.047 0.014 0.020 0.071 0.562 
 510 H _   0.012 0.244 0.002 0.040 0.013 0.018 0.074 0.597 
 511 R _   0.012 0.198 0.002 0.031 0.011 0.017 0.078 0.651 
 512 Y _   0.012 0.144 0.001 0.021 0.009 0.016 0.082 0.715 
 513 R _   0.011 0.097 0.001 0.012 0.006 0.015 0.087 0.770 
 514 P _   0.011 0.069 0.001 0.007 0.004 0.015 0.090 0.804 
 515 P _   0.011 0.058 0.000 0.005 0.003 0.015 0.092 0.816 
 516 D _   0.012 0.055 0.000 0.004 0.003 0.017 0.093 0.816 
 517 Y _   0.014 0.057 0.000 0.005 0.005 0.020 0.094 0.805 
 518 R _   0.017 0.067 0.001 0.009 0.008 0.024 0.095 0.778 
 519 D _   0.020 0.093 0.001 0.018 0.013 0.028 0.095 0.731 
 520 L _   0.022 0.136 0.002 0.031 0.018 0.031 0.095 0.666 
 521 I _   0.022 0.182 0.002 0.044 0.021 0.032 0.095 0.602 
 522 S _   0.021 0.216 0.002 0.056 0.023 0.032 0.095 0.556 
 523 F _   0.019 0.235 0.002 0.063 0.023 0.031 0.097 0.531 
 524 T _   0.018 0.244 0.002 0.066 0.022 0.029 0.099 0.521 
 525 V _   0.017 0.246 0.002 0.064 0.020 0.027 0.102 0.523 
 526 Y _   0.015 0.240 0.001 0.058 0.018 0.024 0.106 0.537 
 527 Y _   0.014 0.227 0.001 0.050 0.015 0.021 0.111 0.560 
 528 K _   0.013 0.207 0.001 0.041 0.013 0.019 0.117 0.589 
 529 E _   0.012 0.181 0.001 0.033 0.010 0.017 0.124 0.622 
 530 A _   0.011 0.154 0.001 0.026 0.008 0.015 0.132 0.654 
 531 P _   0.010 0.130 0.001 0.021 0.006 0.013 0.139 0.680 
 532 F _   0.009 0.110 0.001 0.017 0.005 0.012 0.145 0.701 
 533 K _   0.008 0.095 0.001 0.015 0.004 0.011 0.150 0.716 
 534 N _   0.008 0.083 0.000 0.013 0.004 0.009 0.155 0.727 
 535 V _   0.007 0.074 0.000 0.012 0.003 0.009 0.159 0.735 
 536 T _   0.006 0.067 0.000 0.011 0.003 0.008 0.163 0.742 
 537 E _   0.006 0.061 0.000 0.010 0.003 0.007 0.166 0.748 
 538 Y _   0.005 0.056 0.000 0.009 0.002 0.006 0.168 0.754 
 539 D _   0.004 0.052 0.000 0.008 0.002 0.006 0.169 0.758 
 540 G _   0.004 0.049 0.000 0.007 0.002 0.006 0.170 0.761 
 541 Q _   0.004 0.048 0.000 0.007 0.002 0.006 0.171 0.763 
 542 D _   0.004 0.048 0.000 0.007 0.002 0.006 0.171 0.762 
 543 A _   0.004 0.050 0.000 0.008 0.002 0.006 0.170 0.760 
 544 C _   0.004 0.053 0.000 0.011 0.002 0.007 0.169 0.754 
 545 G _   0.004 0.058 0.000 0.014 0.003 0.008 0.168 0.744 
 546 S _   0.004 0.065 0.000 0.020 0.004 0.009 0.166 0.732 
 547 N _   0.004 0.072 0.001 0.026 0.005 0.010 0.165 0.717 
 548 S _   0.005 0.078 0.001 0.033 0.006 0.011 0.164 0.703 
 549 W _   0.005 0.082 0.001 0.038 0.006 0.012 0.164 0.692 
 550 N _   0.006 0.084 0.001 0.042 0.007 0.012 0.165 0.685 
 551 M _   0.006 0.082 0.001 0.042 0.007 0.012 0.166 0.684 
 552 V _   0.006 0.078 0.001 0.039 0.006 0.011 0.169 0.690 
 553 D _   0.006 0.069 0.001 0.033 0.006 0.010 0.173 0.702 
 554 V _   0.007 0.056 0.001 0.025 0.005 0.009 0.177 0.721 
 555 D _   0.006 0.039 0.000 0.017 0.003 0.008 0.182 0.744 
 556 L _   0.006 0.024 0.000 0.011 0.002 0.006 0.186 0.765 
 557 P _   0.005 0.013 0.000 0.006 0.002 0.005 0.188 0.780 
 558 P _   0.004 0.007 0.000 0.004 0.001 0.004 0.190 0.790 
 559 N _   0.004 0.004 0.000 0.002 0.001 0.004 0.190 0.795 
 560 K _   0.004 0.003 0.000 0.002 0.001 0.004 0.189 0.797 
 561 D _   0.004 0.003 0.000 0.002 0.001 0.006 0.187 0.797 
 562 V _   0.005 0.004 0.000 0.003 0.002 0.008 0.184 0.793 
 563 E _   0.006 0.008 0.000 0.006 0.003 0.012 0.179 0.785 
 564 P _   0.008 0.016 0.001 0.011 0.005 0.016 0.173 0.770 
 565 G _   0.010 0.030 0.001 0.019 0.007 0.021 0.165 0.746 
 566 I _   0.011 0.047 0.001 0.029 0.010 0.026 0.157 0.720 
 567 L _   0.011 0.062 0.001 0.037 0.012 0.029 0.149 0.699 
 568 L _   0.011 0.072 0.001 0.042 0.014 0.031 0.142 0.687 
 569 H _   0.011 0.077 0.001 0.044 0.015 0.033 0.136 0.683 
 570 G _   0.012 0.079 0.001 0.042 0.015 0.034 0.131 0.686 
 571 L _   0.013 0.079 0.001 0.037 0.015 0.035 0.127 0.694 
 572 K _   0.014 0.075 0.001 0.031 0.014 0.036 0.123 0.706 
 573 P _   0.016 0.070 0.001 0.024 0.013 0.037 0.120 0.718 
 574 W _   0.019 0.065 0.001 0.018 0.013 0.039 0.118 0.728 
 575 T _   0.023 0.061 0.001 0.014 0.012 0.041 0.115 0.733 
 576 Q _   0.028 0.058 0.001 0.011 0.013 0.043 0.113 0.733 
 577 Y _   0.034 0.058 0.001 0.010 0.015 0.047 0.110 0.726 
 578 A _   0.040 0.060 0.001 0.011 0.018 0.050 0.107 0.711 
 579 V _   0.047 0.066 0.001 0.014 0.023 0.054 0.104 0.691 
 580 Y _   0.053 0.075 0.002 0.019 0.028 0.056 0.102 0.665 
 581 V _   0.057 0.088 0.002 0.026 0.033 0.057 0.099 0.638 
 582 K _   0.060 0.100 0.002 0.035 0.036 0.056 0.097 0.614 
 583 A _   0.060 0.110 0.002 0.043 0.037 0.054 0.096 0.598 
 584 V _   0.057 0.115 0.002 0.048 0.036 0.050 0.096 0.595 
 585 T _   0.053 0.116 0.002 0.051 0.033 0.045 0.096 0.603 
 586 L _   0.047 0.112 0.002 0.049 0.029 0.040 0.097 0.625 
 587 T _   0.041 0.102 0.002 0.042 0.023 0.034 0.098 0.657 
 588 M _   0.035 0.087 0.002 0.034 0.018 0.028 0.100 0.697 
 589 V _   0.028 0.067 0.001 0.025 0.012 0.023 0.102 0.742 
 590 E _   0.022 0.046 0.001 0.016 0.008 0.019 0.103 0.785 
 591 N _   0.018 0.030 0.001 0.010 0.005 0.015 0.104 0.818 
 592 D _   0.014 0.020 0.000 0.006 0.003 0.012 0.105 0.839 
 593 H _   0.011 0.016 0.000 0.004 0.002 0.011 0.105 0.850 
 594 I _   0.010 0.015 0.000 0.003 0.002 0.011 0.104 0.855 
 595 R _   0.010 0.015 0.000 0.004 0.003 0.012 0.103 0.854 
 596 G _   0.011 0.018 0.000 0.005 0.003 0.013 0.102 0.847 
 597 A _   0.012 0.025 0.001 0.008 0.005 0.016 0.100 0.833 
 598 K _   0.013 0.039 0.001 0.013 0.008 0.018 0.097 0.810 
 599 S _   0.014 0.060 0.001 0.020 0.010 0.020 0.094 0.779 
 600 E _   0.014 0.083 0.001 0.027 0.012 0.022 0.091 0.748 
 601 I _   0.014 0.103 0.001 0.033 0.014 0.023 0.089 0.722 
 602 L _   0.014 0.118 0.001 0.037 0.014 0.023 0.087 0.706 
 603 Y _   0.014 0.126 0.001 0.038 0.014 0.022 0.086 0.699 
 604 I _   0.013 0.131 0.001 0.036 0.013 0.021 0.085 0.699 
 605 R _   0.012 0.131 0.001 0.033 0.012 0.020 0.085 0.706 
 606 T _   0.012 0.129 0.001 0.028 0.010 0.018 0.085 0.717 
 607 N _   0.011 0.125 0.001 0.022 0.009 0.017 0.086 0.729 
 608 A _   0.010 0.121 0.001 0.018 0.007 0.016 0.086 0.741 
 609 S _   0.010 0.117 0.001 0.015 0.006 0.015 0.087 0.750 
 610 V _   0.010 0.114 0.001 0.014 0.006 0.014 0.087 0.755 
 611 P _   0.009 0.113 0.001 0.014 0.006 0.014 0.087 0.756 
 612 S _   0.009 0.113 0.001 0.015 0.006 0.014 0.088 0.755 
 613 I _   0.009 0.115 0.001 0.017 0.006 0.014 0.088 0.751 
 614 P _   0.009 0.116 0.001 0.019 0.006 0.013 0.088 0.748 
 615 L _   0.009 0.116 0.001 0.020 0.006 0.013 0.089 0.747 
 616 D _   0.008 0.115 0.001 0.020 0.006 0.012 0.089 0.749 
 617 V _   0.008 0.112 0.001 0.019 0.006 0.012 0.090 0.754 
 618 L _   0.007 0.109 0.001 0.017 0.005 0.011 0.091 0.761 
 619 S _   0.007 0.104 0.001 0.014 0.004 0.010 0.091 0.769 
 620 A _   0.006 0.100 0.000 0.012 0.004 0.009 0.092 0.776 
 621 S _   0.006 0.097 0.000 0.011 0.004 0.009 0.092 0.781 
 622 N _   0.006 0.095 0.000 0.011 0.004 0.009 0.093 0.782 
 623 S _   0.006 0.095 0.000 0.013 0.004 0.010 0.093 0.779 
 624 S _   0.006 0.096 0.001 0.015 0.004 0.010 0.094 0.773 
 625 S _   0.007 0.098 0.001 0.019 0.005 0.011 0.095 0.765 
 626 Q _   0.007 0.099 0.001 0.024 0.006 0.012 0.095 0.756 
 627 L _   0.007 0.100 0.001 0.027 0.007 0.012 0.097 0.750 
 628 I _   0.007 0.098 0.001 0.028 0.007 0.012 0.099 0.749 
 629 V _   0.007 0.094 0.001 0.027 0.007 0.011 0.101 0.752 
 630 K _   0.007 0.087 0.001 0.024 0.006 0.010 0.104 0.762 
 631 W _   0.007 0.076 0.001 0.019 0.005 0.009 0.107 0.776 
 632 N _   0.006 0.065 0.001 0.014 0.004 0.008 0.110 0.792 
 633 P _   0.006 0.054 0.000 0.010 0.003 0.007 0.113 0.807 
 634 P _   0.005 0.046 0.000 0.007 0.002 0.007 0.115 0.818 
 635 S _   0.005 0.041 0.000 0.005 0.002 0.007 0.117 0.823 
 636 L _   0.005 0.040 0.000 0.004 0.002 0.007 0.118 0.823 
 637 P _   0.006 0.041 0.000 0.004 0.002 0.009 0.119 0.819 
 638 N _   0.007 0.046 0.000 0.006 0.003 0.011 0.119 0.807 
 639 G _   0.009 0.057 0.001 0.010 0.005 0.014 0.119 0.787 
 640 N _   0.010 0.077 0.001 0.017 0.007 0.017 0.118 0.753 
 641 L _   0.011 0.106 0.001 0.025 0.010 0.019 0.117 0.710 
 642 S _   0.012 0.136 0.001 0.034 0.012 0.021 0.116 0.668 
 643 Y _   0.012 0.159 0.001 0.042 0.013 0.022 0.116 0.635 
 644 Y _   0.012 0.174 0.001 0.048 0.014 0.022 0.116 0.613 
 645 I _   0.011 0.182 0.001 0.050 0.014 0.021 0.117 0.603 
 646 V _   0.011 0.184 0.001 0.049 0.013 0.020 0.120 0.603 
 647 R _   0.010 0.181 0.001 0.045 0.012 0.019 0.122 0.611 
 648 W _   0.010 0.172 0.001 0.038 0.010 0.017 0.126 0.625 
 649 Q _   0.009 0.159 0.001 0.032 0.009 0.015 0.131 0.645 
 650 R _   0.008 0.141 0.001 0.026 0.008 0.014 0.136 0.667 
 651 Q _   0.008 0.123 0.001 0.021 0.006 0.013 0.141 0.687 
 652 P _   0.008 0.106 0.001 0.017 0.005 0.012 0.146 0.705 
 653 Q _   0.008 0.092 0.001 0.015 0.005 0.011 0.152 0.718 
 654 D _   0.007 0.082 0.001 0.014 0.004 0.010 0.156 0.726 
 655 G _   0.007 0.073 0.000 0.013 0.004 0.010 0.161 0.732 
 656 Y _   0.007 0.065 0.000 0.013 0.004 0.009 0.166 0.736 
 657 L _   0.007 0.058 0.000 0.012 0.003 0.008 0.170 0.741 
 658 Y _   0.006 0.051 0.000 0.011 0.003 0.008 0.173 0.747 
 659 R _   0.006 0.045 0.000 0.010 0.003 0.007 0.176 0.753 
 660 H _   0.005 0.039 0.000 0.009 0.002 0.006 0.179 0.759 
 661 N _   0.005 0.034 0.000 0.007 0.002 0.006 0.182 0.764 
 662 Y _   0.004 0.031 0.000 0.006 0.002 0.006 0.184 0.767 
 663 C _   0.004 0.029 0.000 0.006 0.002 0.006 0.185 0.769 
