#TopoPred_TM8: 8-state transmembrane topology prediction results by no_profile mode 
#probabilities are in the order of H E C I L F X _, the 8 transmembrane topology types used in PDBTM 
   1 M X   0.013 0.001 0.002 0.045 0.009 0.010 0.738 0.182 
   2 E X   0.005 0.001 0.000 0.027 0.002 0.006 0.756 0.203 
   3 P X   0.002 0.001 0.000 0.018 0.001 0.004 0.759 0.216 
   4 L X   0.001 0.002 0.000 0.015 0.001 0.005 0.756 0.221 
   5 K X   0.002 0.003 0.000 0.015 0.001 0.007 0.747 0.224 
   6 S X   0.003 0.006 0.000 0.017 0.002 0.009 0.734 0.227 
   7 L X   0.004 0.011 0.000 0.021 0.003 0.011 0.719 0.228 
   8 F X   0.005 0.018 0.001 0.026 0.005 0.012 0.702 0.230 
   9 L X   0.005 0.026 0.001 0.031 0.005 0.013 0.685 0.234 
  10 K X   0.005 0.032 0.001 0.034 0.006 0.012 0.669 0.241 
  11 S X   0.004 0.036 0.001 0.035 0.006 0.011 0.655 0.251 
  12 P X   0.004 0.038 0.001 0.033 0.006 0.010 0.644 0.264 
  13 L X   0.004 0.039 0.001 0.029 0.005 0.009 0.636 0.278 
  14 G X   0.003 0.038 0.001 0.024 0.004 0.008 0.629 0.293 
  15 S X   0.003 0.037 0.000 0.019 0.003 0.007 0.623 0.307 
  16 W X   0.003 0.035 0.000 0.016 0.003 0.006 0.618 0.320 
  17 N X   0.003 0.033 0.000 0.013 0.002 0.005 0.613 0.331 
  18 G X   0.003 0.031 0.000 0.011 0.002 0.005 0.608 0.340 
  19 S X   0.002 0.030 0.000 0.009 0.002 0.005 0.603 0.348 
  20 G X   0.002 0.029 0.000 0.009 0.002 0.004 0.598 0.355 
  21 S X   0.002 0.028 0.000 0.009 0.002 0.004 0.593 0.361 
  22 G X   0.002 0.028 0.000 0.009 0.002 0.004 0.587 0.367 
  23 G X   0.002 0.027 0.000 0.010 0.002 0.004 0.582 0.373 
  24 G X   0.002 0.027 0.000 0.010 0.002 0.004 0.576 0.378 
  25 G X   0.002 0.026 0.000 0.009 0.002 0.004 0.571 0.385 
  26 G X   0.002 0.025 0.000 0.009 0.002 0.004 0.565 0.392 
  27 G X   0.002 0.025 0.000 0.008 0.002 0.004 0.560 0.399 
  28 G X   0.002 0.024 0.000 0.008 0.002 0.004 0.554 0.406 
  29 G X   0.002 0.024 0.000 0.007 0.001 0.004 0.548 0.414 
  30 G X   0.002 0.024 0.000 0.006 0.001 0.004 0.541 0.422 
  31 R X   0.002 0.024 0.000 0.006 0.001 0.004 0.532 0.430 
  32 P X   0.002 0.025 0.000 0.006 0.001 0.005 0.523 0.438 
  33 E X   0.002 0.027 0.000 0.006 0.002 0.005 0.511 0.446 
  34 G X   0.002 0.031 0.000 0.007 0.002 0.006 0.498 0.453 
  35 S X   0.003 0.038 0.000 0.009 0.002 0.008 0.481 0.459 
  36 P _   0.003 0.050 0.001 0.012 0.004 0.010 0.460 0.461 
  37 K _   0.004 0.070 0.001 0.017 0.005 0.013 0.433 0.456 
  38 A _   0.005 0.104 0.001 0.024 0.008 0.016 0.401 0.440 
  39 A _   0.006 0.155 0.002 0.032 0.011 0.019 0.363 0.411 
  40 G _   0.007 0.221 0.002 0.042 0.015 0.022 0.323 0.370 
  41 Y _   0.007 0.294 0.002 0.050 0.017 0.022 0.285 0.322 
  42 A E   0.006 0.360 0.002 0.057 0.018 0.022 0.255 0.279 
  43 N E   0.006 0.409 0.002 0.063 0.017 0.021 0.233 0.248 
  44 P E   0.006 0.440 0.001 0.066 0.016 0.020 0.219 0.231 
  45 V E   0.006 0.457 0.001 0.068 0.015 0.019 0.209 0.224 
  46 W E   0.007 0.463 0.001 0.067 0.014 0.018 0.203 0.227 
  47 T E   0.007 0.461 0.001 0.064 0.013 0.017 0.199 0.238 
  48 A E   0.007 0.449 0.001 0.058 0.012 0.016 0.196 0.260 
  49 L E   0.008 0.425 0.001 0.050 0.011 0.014 0.195 0.295 
  50 F E   0.008 0.384 0.001 0.041 0.010 0.013 0.195 0.347 
  51 D _   0.009 0.328 0.001 0.031 0.008 0.012 0.196 0.414 
  52 Y _   0.009 0.268 0.001 0.022 0.006 0.011 0.198 0.485 
  53 E _   0.008 0.218 0.001 0.015 0.005 0.010 0.198 0.545 
  54 P _   0.007 0.186 0.000 0.010 0.003 0.009 0.198 0.586 
  55 S _   0.006 0.169 0.000 0.007 0.002 0.008 0.197 0.611 
  56 G _   0.005 0.160 0.000 0.006 0.002 0.007 0.194 0.625 
  57 Q _   0.005 0.157 0.000 0.006 0.002 0.007 0.191 0.633 
  58 D _   0.004 0.158 0.000 0.006 0.002 0.007 0.187 0.636 
  59 E _   0.004 0.162 0.000 0.008 0.002 0.008 0.181 0.635 
  60 L _   0.005 0.170 0.000 0.010 0.003 0.008 0.174 0.630 
  61 A _   0.005 0.182 0.000 0.012 0.003 0.009 0.166 0.623 
  62 L _   0.004 0.196 0.001 0.015 0.004 0.009 0.157 0.614 
  63 R _   0.004 0.213 0.001 0.017 0.004 0.010 0.148 0.603 
  64 K _   0.004 0.231 0.001 0.019 0.005 0.010 0.139 0.592 
  65 G _   0.004 0.248 0.001 0.020 0.005 0.010 0.130 0.582 
  66 D _   0.004 0.265 0.001 0.021 0.005 0.010 0.122 0.571 
  67 R _   0.004 0.281 0.001 0.022 0.006 0.010 0.115 0.562 
  68 V _   0.004 0.296 0.001 0.022 0.006 0.010 0.109 0.553 
  69 E _   0.004 0.308 0.001 0.022 0.006 0.010 0.104 0.545 
  70 V _   0.004 0.319 0.001 0.021 0.005 0.010 0.099 0.540 
  71 L _   0.004 0.326 0.001 0.021 0.005 0.010 0.095 0.537 
  72 S _   0.004 0.332 0.001 0.020 0.005 0.010 0.092 0.537 
  73 R _   0.004 0.335 0.001 0.018 0.005 0.010 0.089 0.538 
  74 D _   0.004 0.337 0.001 0.016 0.004 0.009 0.086 0.542 
  75 A _   0.005 0.339 0.001 0.014 0.004 0.009 0.084 0.545 
  76 A _   0.005 0.340 0.000 0.012 0.004 0.010 0.082 0.547 
  77 I _   0.005 0.343 0.000 0.011 0.004 0.010 0.079 0.548 
  78 S _   0.005 0.347 0.000 0.010 0.004 0.011 0.077 0.545 
  79 G _   0.006 0.355 0.001 0.011 0.004 0.012 0.074 0.538 
  80 D _   0.007 0.366 0.001 0.012 0.005 0.013 0.071 0.525 
  81 E _   0.008 0.383 0.001 0.014 0.006 0.014 0.068 0.506 
  82 G _   0.008 0.405 0.001 0.016 0.008 0.016 0.065 0.482 
  83 W _   0.009 0.430 0.001 0.019 0.009 0.017 0.061 0.454 
  84 W E   0.009 0.458 0.001 0.021 0.011 0.018 0.058 0.424 
  85 A E   0.010 0.485 0.001 0.024 0.012 0.018 0.055 0.396 
  86 G E   0.010 0.508 0.001 0.026 0.012 0.018 0.052 0.372 
  87 Q E   0.010 0.527 0.001 0.028 0.013 0.018 0.050 0.354 
  88 V E   0.010 0.540 0.001 0.029 0.013 0.018 0.049 0.341 
  89 G E   0.010 0.548 0.001 0.031 0.013 0.017 0.048 0.332 
  90 G E   0.010 0.551 0.001 0.032 0.013 0.017 0.048 0.329 
  91 Q E   0.010 0.550 0.001 0.033 0.012 0.016 0.048 0.330 
  92 V E   0.010 0.543 0.001 0.034 0.012 0.016 0.048 0.335 
  93 G E   0.010 0.529 0.001 0.035 0.012 0.015 0.050 0.348 
  94 I E   0.011 0.506 0.001 0.035 0.012 0.015 0.051 0.370 
  95 F E   0.011 0.470 0.001 0.035 0.012 0.014 0.054 0.403 
  96 P _   0.011 0.420 0.001 0.034 0.011 0.014 0.058 0.451 
  97 S _   0.012 0.356 0.002 0.031 0.011 0.014 0.062 0.512 
  98 N _   0.012 0.282 0.001 0.028 0.010 0.013 0.068 0.585 
  99 Y _   0.012 0.207 0.001 0.023 0.008 0.013 0.074 0.662 
 100 V _   0.011 0.142 0.001 0.018 0.006 0.011 0.079 0.731 
 101 S _   0.010 0.095 0.001 0.013 0.004 0.010 0.083 0.784 
 102 R _   0.008 0.064 0.000 0.009 0.003 0.008 0.086 0.821 
 103 G _   0.007 0.046 0.000 0.006 0.002 0.007 0.087 0.844 
 104 G _   0.005 0.037 0.000 0.005 0.002 0.007 0.088 0.857 
 105 G _   0.005 0.033 0.000 0.004 0.001 0.006 0.088 0.863 
 106 P _   0.004 0.032 0.000 0.004 0.002 0.007 0.087 0.864 
 107 P _   0.005 0.033 0.000 0.005 0.002 0.008 0.086 0.861 
 108 P _   0.005 0.036 0.000 0.007 0.002 0.010 0.084 0.855 
 109 C _   0.006 0.043 0.000 0.009 0.003 0.012 0.082 0.844 
 110 E _   0.007 0.052 0.001 0.013 0.005 0.015 0.079 0.828 
 111 V _   0.008 0.065 0.001 0.017 0.006 0.018 0.076 0.808 
 112 A _   0.009 0.079 0.001 0.020 0.008 0.022 0.072 0.788 
 113 S _   0.010 0.093 0.001 0.023 0.010 0.025 0.069 0.770 
 114 F _   0.012 0.104 0.001 0.025 0.011 0.028 0.066 0.753 
 115 Q _   0.013 0.114 0.001 0.027 0.013 0.031 0.063 0.737 
 116 E _   0.016 0.122 0.001 0.027 0.016 0.034 0.060 0.724 
 117 L _   0.018 0.129 0.001 0.027 0.018 0.036 0.058 0.713 
 118 R _   0.022 0.134 0.001 0.026 0.020 0.039 0.056 0.702 
 119 L _   0.026 0.139 0.001 0.026 0.022 0.041 0.054 0.692 
 120 E _   0.030 0.143 0.001 0.026 0.023 0.042 0.053 0.681 
 121 E _   0.034 0.147 0.002 0.027 0.025 0.043 0.052 0.672 
 122 V _   0.037 0.149 0.002 0.027 0.025 0.043 0.051 0.665 
 123 I _   0.040 0.151 0.002 0.028 0.025 0.042 0.051 0.662 
 124 G _   0.042 0.150 0.002 0.029 0.024 0.041 0.050 0.663 
 125 I _   0.042 0.147 0.002 0.029 0.023 0.039 0.050 0.669 
 126 G _   0.041 0.141 0.002 0.027 0.022 0.037 0.050 0.680 
 127 G _   0.039 0.133 0.002 0.025 0.020 0.034 0.051 0.697 
 128 F _   0.036 0.122 0.001 0.022 0.017 0.032 0.051 0.718 
 129 G _   0.033 0.109 0.001 0.019 0.014 0.029 0.052 0.743 
 130 K _   0.029 0.096 0.001 0.015 0.011 0.026 0.053 0.768 
 131 V _   0.025 0.086 0.001 0.012 0.009 0.024 0.053 0.791 
 132 Y _   0.022 0.078 0.001 0.009 0.007 0.022 0.054 0.807 
 133 R _   0.019 0.074 0.001 0.008 0.006 0.020 0.054 0.817 
 134 G _   0.017 0.073 0.001 0.008 0.006 0.020 0.054 0.821 
 135 S _   0.016 0.074 0.001 0.010 0.006 0.020 0.053 0.819 
 136 W _   0.016 0.079 0.001 0.014 0.007 0.020 0.053 0.811 
 137 R _   0.015 0.085 0.001 0.019 0.009 0.020 0.053 0.798 
 138 G _   0.015 0.092 0.001 0.026 0.010 0.020 0.052 0.783 
 139 E _   0.014 0.099 0.001 0.033 0.011 0.020 0.052 0.769 
 140 L _   0.014 0.103 0.001 0.038 0.012 0.020 0.053 0.760 
 141 V _   0.013 0.104 0.001 0.041 0.012 0.019 0.053 0.757 
 142 A _   0.013 0.102 0.001 0.041 0.011 0.017 0.054 0.762 
 143 V _   0.012 0.095 0.001 0.038 0.010 0.015 0.056 0.774 
 144 K _   0.011 0.083 0.001 0.032 0.008 0.013 0.058 0.794 
 145 A _   0.010 0.066 0.001 0.024 0.007 0.011 0.060 0.820 
 146 A _   0.009 0.047 0.001 0.017 0.005 0.010 0.062 0.850 
 147 R _   0.008 0.028 0.000 0.011 0.003 0.008 0.064 0.877 
 148 Q _   0.007 0.015 0.000 0.007 0.002 0.007 0.065 0.897 
 149 D _   0.006 0.007 0.000 0.004 0.002 0.006 0.066 0.909 
 150 P _   0.005 0.004 0.000 0.003 0.001 0.006 0.066 0.914 
 151 D _   0.005 0.003 0.000 0.003 0.001 0.006 0.066 0.916 
 152 E _   0.006 0.002 0.000 0.003 0.002 0.008 0.066 0.914 
 153 D _   0.007 0.002 0.000 0.004 0.002 0.010 0.065 0.910 
 154 I _   0.009 0.003 0.000 0.006 0.003 0.013 0.064 0.902 
 155 S _   0.011 0.005 0.000 0.009 0.005 0.017 0.062 0.891 
 156 V _   0.013 0.007 0.001 0.013 0.006 0.022 0.060 0.878 
 157 T _   0.015 0.009 0.001 0.017 0.009 0.027 0.058 0.865 
 158 A _   0.018 0.012 0.001 0.020 0.011 0.031 0.055 0.851 
 159 E _   0.021 0.013 0.001 0.022 0.013 0.036 0.053 0.840 
 160 S _   0.025 0.014 0.001 0.023 0.016 0.040 0.051 0.831 
 161 V _   0.030 0.014 0.001 0.022 0.018 0.044 0.049 0.822 
 162 R _   0.036 0.014 0.001 0.021 0.020 0.047 0.047 0.814 
 163 Q _   0.043 0.014 0.001 0.020 0.023 0.050 0.045 0.804 
 164 E _   0.051 0.013 0.001 0.019 0.025 0.052 0.044 0.795 
 165 A _   0.059 0.012 0.002 0.019 0.026 0.054 0.042 0.786 
 166 R _   0.067 0.011 0.002 0.018 0.027 0.054 0.041 0.779 
 167 L _   0.074 0.010 0.002 0.017 0.027 0.053 0.040 0.776 
 168 F _   0.080 0.009 0.002 0.016 0.026 0.052 0.040 0.776 
 169 A _   0.084 0.007 0.002 0.014 0.024 0.049 0.039 0.780 
 170 M _   0.087 0.005 0.001 0.012 0.021 0.047 0.039 0.787 
 171 L _   0.089 0.004 0.001 0.010 0.018 0.044 0.039 0.795 
 172 A _   0.088 0.003 0.001 0.008 0.016 0.042 0.039 0.804 
 173 H _   0.087 0.002 0.001 0.007 0.014 0.039 0.039 0.812 
 174 P _   0.086 0.001 0.001 0.006 0.013 0.037 0.038 0.817 
 175 N _   0.085 0.001 0.001 0.006 0.012 0.036 0.038 0.821 
 176 I _   0.084 0.001 0.001 0.007 0.012 0.035 0.038 0.822 
 177 I _   0.082 0.001 0.001 0.008 0.013 0.034 0.038 0.822 
 178 A _   0.079 0.002 0.001 0.010 0.013 0.033 0.038 0.824 
 179 L _   0.075 0.002 0.001 0.011 0.013 0.032 0.039 0.828 
 180 K _   0.069 0.002 0.001 0.012 0.013 0.030 0.039 0.835 
 181 A _   0.062 0.002 0.001 0.011 0.011 0.028 0.039 0.845 
 182 V _   0.055 0.002 0.001 0.010 0.010 0.026 0.039 0.858 
 183 C _   0.048 0.001 0.001 0.008 0.008 0.024 0.039 0.871 
 184 L _   0.042 0.001 0.001 0.006 0.007 0.022 0.039 0.882 
 185 E _   0.038 0.001 0.001 0.005 0.006 0.021 0.039 0.890 
 186 E _   0.035 0.001 0.001 0.004 0.006 0.021 0.038 0.894 
 187 P _   0.034 0.001 0.001 0.005 0.006 0.022 0.038 0.894 
 188 N _   0.035 0.002 0.001 0.006 0.007 0.023 0.038 0.888 
 189 L _   0.035 0.004 0.001 0.009 0.010 0.025 0.037 0.879 
 190 C _   0.037 0.007 0.001 0.013 0.012 0.026 0.037 0.867 
 191 L _   0.037 0.011 0.001 0.019 0.014 0.027 0.036 0.853 
 192 V _   0.037 0.015 0.001 0.025 0.016 0.028 0.036 0.843 
 193 M _   0.035 0.017 0.001 0.028 0.016 0.027 0.036 0.840 
 194 E _   0.031 0.018 0.001 0.029 0.015 0.025 0.036 0.844 
 195 Y _   0.028 0.017 0.001 0.027 0.013 0.023 0.036 0.855 
 196 A _   0.024 0.015 0.001 0.022 0.011 0.021 0.036 0.869 
 197 A _   0.021 0.013 0.001 0.017 0.009 0.018 0.037 0.884 
 198 G _   0.018 0.010 0.001 0.013 0.007 0.016 0.037 0.899 
 199 G _   0.015 0.007 0.001 0.010 0.005 0.015 0.037 0.910 
 200 P _   0.014 0.006 0.001 0.008 0.005 0.014 0.037 0.917 
 201 L _   0.013 0.004 0.000 0.008 0.004 0.013 0.037 0.920 
 202 S _   0.013 0.004 0.000 0.007 0.004 0.013 0.037 0.921 
 203 R _   0.013 0.003 0.001 0.008 0.004 0.013 0.037 0.921 
 204 A _   0.013 0.003 0.001 0.009 0.005 0.014 0.037 0.920 
 205 L _   0.013 0.003 0.001 0.009 0.005 0.015 0.036 0.918 
 206 A _   0.014 0.002 0.001 0.009 0.005 0.016 0.036 0.917 
 207 G _   0.016 0.002 0.001 0.009 0.005 0.016 0.035 0.916 
 208 R _   0.019 0.001 0.001 0.007 0.005 0.018 0.035 0.914 
 209 R _   0.023 0.001 0.001 0.006 0.005 0.019 0.034 0.911 
 210 V _   0.028 0.001 0.001 0.005 0.005 0.022 0.034 0.904 
 211 P _   0.037 0.000 0.001 0.004 0.006 0.026 0.033 0.893 
 212 P _   0.050 0.000 0.001 0.004 0.008 0.030 0.032 0.875 
 213 H _   0.067 0.000 0.001 0.004 0.011 0.036 0.031 0.849 
 214 V _   0.088 0.001 0.001 0.005 0.016 0.044 0.030 0.815 
 215 L _   0.111 0.001 0.001 0.007 0.023 0.052 0.030 0.775 
 216 V _   0.133 0.003 0.002 0.011 0.031 0.059 0.029 0.733 
 217 N _   0.153 0.005 0.002 0.015 0.038 0.064 0.028 0.695 
 218 W _   0.166 0.007 0.002 0.019 0.044 0.068 0.028 0.667 
 219 A _   0.173 0.008 0.002 0.023 0.046 0.069 0.028 0.649 
 220 V _   0.176 0.009 0.002 0.025 0.046 0.068 0.029 0.645 
 221 Q _   0.174 0.009 0.002 0.024 0.043 0.065 0.029 0.655 
 222 I _   0.167 0.008 0.002 0.021 0.038 0.062 0.030 0.674 
 223 A _   0.156 0.006 0.002 0.016 0.031 0.057 0.030 0.701 
 224 R _   0.143 0.004 0.002 0.011 0.024 0.053 0.031 0.731 
 225 G _   0.131 0.002 0.001 0.008 0.019 0.049 0.032 0.758 
 226 M _   0.120 0.001 0.001 0.005 0.015 0.046 0.033 0.779 
 227 H _   0.111 0.001 0.001 0.004 0.012 0.044 0.033 0.794 
 228 Y _   0.104 0.001 0.001 0.004 0.012 0.044 0.034 0.801 
 229 L _   0.098 0.001 0.001 0.005 0.013 0.044 0.034 0.803 
 230 H _   0.095 0.003 0.001 0.008 0.016 0.045 0.035 0.798 
 231 C _   0.092 0.006 0.001 0.012 0.019 0.046 0.035 0.789 
 232 E _   0.089 0.010 0.002 0.018 0.022 0.046 0.036 0.778 
 233 A _   0.084 0.014 0.002 0.025 0.025 0.045 0.037 0.769 
 234 L _   0.078 0.017 0.002 0.030 0.025 0.043 0.038 0.767 
 235 V _   0.070 0.019 0.002 0.032 0.024 0.040 0.039 0.773 
 236 P _   0.062 0.019 0.002 0.031 0.021 0.036 0.041 0.788 
 237 V _   0.054 0.018 0.001 0.027 0.017 0.031 0.043 0.808 
 238 I _   0.045 0.015 0.001 0.021 0.013 0.027 0.044 0.833 
 239 H _   0.037 0.012 0.001 0.015 0.010 0.023 0.046 0.856 
 240 R _   0.030 0.009 0.001 0.010 0.007 0.020 0.047 0.876 
 241 D _   0.025 0.007 0.001 0.007 0.005 0.017 0.048 0.890 
 242 L _   0.021 0.006 0.000 0.006 0.004 0.016 0.049 0.898 
 243 K _   0.018 0.006 0.000 0.006 0.004 0.015 0.050 0.901 
 244 S _   0.016 0.007 0.000 0.007 0.004 0.015 0.051 0.899 
 245 N _   0.016 0.009 0.001 0.010 0.005 0.015 0.051 0.892 
 246 N _   0.016 0.013 0.001 0.015 0.006 0.016 0.052 0.882 
 247 I _   0.016 0.016 0.001 0.020 0.007 0.016 0.052 0.872 
 248 L _   0.015 0.019 0.001 0.024 0.008 0.016 0.053 0.864 
 249 L _   0.014 0.020 0.001 0.026 0.008 0.015 0.053 0.862 
 250 L _   0.013 0.020 0.001 0.026 0.007 0.014 0.054 0.864 
 251 Q _   0.012 0.019 0.001 0.023 0.006 0.012 0.055 0.872 
 252 P _   0.010 0.016 0.001 0.018 0.005 0.010 0.057 0.883 
 253 I _   0.009 0.013 0.000 0.013 0.004 0.009 0.058 0.895 
 254 E _   0.007 0.010 0.000 0.009 0.003 0.008 0.058 0.905 
 255 S _   0.006 0.007 0.000 0.006 0.002 0.007 0.059 0.913 
 256 D _   0.006 0.006 0.000 0.004 0.002 0.006 0.059 0.917 
 257 D _   0.005 0.006 0.000 0.003 0.001 0.006 0.058 0.919 
 258 M _   0.006 0.007 0.000 0.003 0.002 0.007 0.058 0.918 
 259 E _   0.006 0.009 0.000 0.004 0.002 0.009 0.056 0.913 
 260 H _   0.008 0.015 0.000 0.007 0.003 0.011 0.055 0.902 
 261 K _   0.009 0.027 0.001 0.011 0.005 0.014 0.052 0.881 
 262 T _   0.010 0.048 0.001 0.017 0.008 0.018 0.049 0.849 
 263 L _   0.012 0.077 0.001 0.025 0.011 0.021 0.046 0.808 
 264 K _   0.013 0.109 0.001 0.033 0.013 0.024 0.042 0.764 
 265 I _   0.013 0.137 0.001 0.041 0.016 0.026 0.039 0.727 
 266 T _   0.014 0.157 0.001 0.047 0.017 0.027 0.036 0.699 
 267 D _   0.014 0.169 0.001 0.052 0.019 0.028 0.034 0.683 
 268 F _   0.015 0.175 0.001 0.053 0.019 0.028 0.033 0.677 
 269 G _   0.015 0.176 0.001 0.051 0.019 0.027 0.031 0.679 
 270 L _   0.016 0.171 0.001 0.047 0.017 0.027 0.031 0.690 
 271 A _   0.016 0.161 0.001 0.041 0.016 0.025 0.030 0.710 
 272 R _   0.016 0.145 0.001 0.033 0.014 0.024 0.030 0.736 
 273 E _   0.016 0.125 0.001 0.025 0.012 0.023 0.030 0.768 
 274 W _   0.015 0.104 0.001 0.019 0.010 0.022 0.030 0.800 
 275 H _   0.015 0.086 0.001 0.014 0.008 0.021 0.030 0.826 
 276 K _   0.015 0.072 0.001 0.010 0.007 0.021 0.029 0.844 
 277 T _   0.015 0.064 0.001 0.009 0.006 0.021 0.029 0.855 
 278 T _   0.016 0.060 0.001 0.008 0.006 0.022 0.028 0.859 
 279 Q _   0.018 0.058 0.001 0.008 0.007 0.023 0.027 0.858 
 280 M _   0.020 0.058 0.001 0.009 0.008 0.025 0.027 0.853 
 281 S _   0.022 0.060 0.001 0.011 0.009 0.027 0.026 0.843 
 282 A _   0.025 0.064 0.001 0.014 0.011 0.029 0.025 0.831 
 283 A _   0.028 0.068 0.001 0.017 0.014 0.031 0.024 0.818 
 284 G _   0.030 0.073 0.001 0.020 0.016 0.033 0.023 0.804 
 285 T _   0.033 0.077 0.001 0.023 0.018 0.035 0.022 0.791 
 286 Y _   0.036 0.080 0.001 0.026 0.020 0.036 0.021 0.780 
 287 A _   0.037 0.083 0.001 0.029 0.021 0.036 0.020 0.773 
 288 W _   0.037 0.084 0.001 0.031 0.022 0.036 0.019 0.770 
 289 M _   0.038 0.083 0.002 0.032 0.022 0.035 0.019 0.770 
 290 A _   0.037 0.081 0.001 0.033 0.021 0.033 0.018 0.776 
 291 P _   0.036 0.077 0.001 0.032 0.020 0.031 0.018 0.785 
 292 E _   0.034 0.070 0.001 0.031 0.017 0.029 0.018 0.799 
 293 V _   0.033 0.061 0.001 0.028 0.015 0.026 0.018 0.818 
 294 I _   0.032 0.050 0.001 0.023 0.012 0.023 0.018 0.841 
 295 K _   0.032 0.037 0.001 0.018 0.010 0.020 0.017 0.865 
 296 A _   0.032 0.023 0.001 0.013 0.007 0.017 0.017 0.888 
 297 S _   0.034 0.012 0.001 0.009 0.006 0.015 0.017 0.907 
 298 T _   0.039 0.005 0.001 0.005 0.004 0.013 0.016 0.916 
 299 F _   0.048 0.002 0.000 0.003 0.003 0.012 0.015 0.916 
 300 S _   0.065 0.000 0.000 0.002 0.003 0.011 0.014 0.904 
 301 K _   0.094 0.000 0.000 0.001 0.003 0.011 0.013 0.877 
 302 G _   0.141 0.000 0.001 0.001 0.004 0.012 0.011 0.829 
 303 S _   0.216 0.000 0.001 0.001 0.006 0.014 0.010 0.752 
 304 D _   0.315 0.000 0.001 0.001 0.009 0.017 0.008 0.649 
 305 V _   0.430 0.000 0.001 0.001 0.013 0.020 0.006 0.529 
 306 W H   0.540 0.000 0.001 0.002 0.018 0.022 0.004 0.412 
 307 S H   0.630 0.000 0.001 0.002 0.023 0.023 0.003 0.317 
 308 F H   0.694 0.000 0.002 0.002 0.027 0.023 0.003 0.249 
 309 G H   0.737 0.000 0.002 0.002 0.029 0.023 0.002 0.205 
 310 V H   0.762 0.000 0.002 0.002 0.031 0.021 0.002 0.179 
 311 L H   0.771 0.000 0.002 0.002 0.031 0.020 0.002 0.171 
 312 L H   0.764 0.000 0.002 0.003 0.031 0.019 0.002 0.179 
 313 W H   0.743 0.000 0.002 0.003 0.030 0.018 0.003 0.202 
 314 E H   0.702 0.000 0.002 0.003 0.028 0.017 0.003 0.245 
 315 L H   0.644 0.000 0.002 0.003 0.024 0.016 0.004 0.308 
 316 L H   0.568 0.000 0.002 0.003 0.019 0.015 0.004 0.390 
 317 T H   0.484 0.000 0.001 0.002 0.013 0.014 0.005 0.481 
 318 G _   0.404 0.000 0.001 0.002 0.009 0.012 0.006 0.566 
 319 E _   0.341 0.000 0.001 0.001 0.006 0.011 0.007 0.633 
 320 V _   0.297 0.000 0.001 0.001 0.004 0.011 0.007 0.679 
 321 P _   0.275 0.000 0.000 0.001 0.004 0.011 0.008 0.701 
 322 Y _   0.270 0.000 0.000 0.001 0.004 0.013 0.008 0.704 
 323 R _   0.282 0.000 0.001 0.001 0.005 0.016 0.008 0.689 
 324 G _   0.309 0.000 0.001 0.001 0.007 0.020 0.008 0.654 
 325 I _   0.350 0.000 0.001 0.001 0.011 0.025 0.009 0.603 
 326 D _   0.394 0.000 0.001 0.002 0.018 0.031 0.009 0.545 
 327 C _   0.438 0.000 0.002 0.003 0.026 0.036 0.009 0.485 
 328 L H   0.473 0.001 0.002 0.005 0.035 0.041 0.010 0.434 
 329 A H   0.498 0.001 0.002 0.007 0.043 0.043 0.011 0.394 
 330 V H   0.510 0.002 0.002 0.010 0.048 0.045 0.012 0.371 
 331 A H   0.508 0.003 0.003 0.012 0.051 0.045 0.014 0.364 
 332 Y H   0.494 0.004 0.003 0.013 0.051 0.044 0.016 0.376 
 333 G H   0.468 0.004 0.003 0.013 0.049 0.042 0.018 0.402 
 334 V _   0.433 0.004 0.003 0.013 0.044 0.040 0.022 0.442 
 335 A _   0.386 0.003 0.002 0.013 0.037 0.037 0.025 0.495 
 336 V _   0.330 0.003 0.002 0.012 0.030 0.034 0.030 0.560 
 337 N _   0.270 0.002 0.002 0.010 0.022 0.030 0.034 0.630 
 338 K _   0.212 0.001 0.001 0.009 0.016 0.026 0.039 0.695 
 339 L _   0.161 0.001 0.001 0.008 0.011 0.022 0.043 0.754 
 340 T _   0.117 0.001 0.001 0.006 0.008 0.019 0.047 0.802 
 341 L _   0.082 0.000 0.001 0.005 0.005 0.016 0.050 0.841 
 342 P _   0.057 0.000 0.000 0.004 0.004 0.014 0.052 0.868 
 343 I _   0.041 0.000 0.000 0.003 0.003 0.013 0.053 0.886 
 344 P _   0.031 0.001 0.000 0.003 0.003 0.013 0.055 0.895 
 345 S _   0.025 0.001 0.000 0.003 0.003 0.014 0.055 0.898 
 346 T _   0.023 0.003 0.000 0.004 0.004 0.017 0.056 0.893 
 347 C _   0.023 0.008 0.001 0.006 0.006 0.020 0.056 0.880 
 348 P _   0.025 0.021 0.001 0.011 0.010 0.025 0.055 0.852 
 349 E _   0.026 0.047 0.001 0.020 0.014 0.029 0.055 0.808 
 350 P _   0.026 0.085 0.002 0.031 0.019 0.032 0.054 0.750 
 351 F _   0.026 0.127 0.002 0.044 0.023 0.034 0.053 0.691 
 352 A _   0.025 0.159 0.002 0.056 0.025 0.034 0.053 0.646 
 353 Q _   0.024 0.179 0.002 0.065 0.025 0.033 0.053 0.619 
 354 L _   0.022 0.189 0.002 0.069 0.024 0.031 0.054 0.608 
 355 M _   0.021 0.191 0.002 0.070 0.022 0.029 0.056 0.610 
 356 A _   0.019 0.186 0.002 0.065 0.020 0.026 0.058 0.625 
 357 D _   0.017 0.173 0.002 0.056 0.016 0.023 0.061 0.652 
 358 C _   0.016 0.150 0.001 0.045 0.013 0.019 0.065 0.690 
 359 W _   0.015 0.118 0.001 0.033 0.010 0.016 0.069 0.737 
 360 A _   0.014 0.082 0.001 0.022 0.007 0.014 0.074 0.787 
 361 Q _   0.012 0.050 0.001 0.013 0.005 0.012 0.077 0.831 
 362 D _   0.010 0.029 0.000 0.008 0.003 0.010 0.080 0.861 
 363 P _   0.008 0.017 0.000 0.004 0.002 0.009 0.081 0.877 
 364 H _   0.008 0.013 0.000 0.003 0.002 0.008 0.082 0.885 
 365 R _   0.008 0.011 0.000 0.002 0.002 0.009 0.082 0.886 
 366 R _   0.009 0.012 0.000 0.003 0.002 0.011 0.082 0.881 
 367 P _   0.011 0.016 0.000 0.004 0.003 0.015 0.081 0.869 
 368 D _   0.015 0.027 0.001 0.008 0.006 0.020 0.079 0.845 
 369 F _   0.019 0.052 0.001 0.014 0.010 0.025 0.077 0.801 
 370 A _   0.022 0.098 0.002 0.023 0.015 0.030 0.074 0.737 
 371 S _   0.023 0.156 0.002 0.032 0.020 0.033 0.070 0.664 
 372 I _   0.023 0.211 0.002 0.040 0.022 0.035 0.067 0.600 
 373 L _   0.023 0.252 0.002 0.046 0.023 0.035 0.065 0.556 
 374 Q _   0.023 0.278 0.002 0.049 0.023 0.034 0.063 0.530 
 375 Q _   0.022 0.292 0.002 0.049 0.022 0.033 0.062 0.517 
 376 L _   0.021 0.299 0.001 0.048 0.021 0.032 0.062 0.515 
 377 E _   0.021 0.300 0.001 0.045 0.020 0.030 0.062 0.520 
 378 A _   0.021 0.296 0.001 0.041 0.018 0.028 0.063 0.531 
 379 L _   0.021 0.287 0.001 0.038 0.017 0.026 0.064 0.546 
 380 E _   0.020 0.275 0.001 0.035 0.015 0.024 0.065 0.563 
 381 A _   0.020 0.259 0.001 0.032 0.013 0.023 0.067 0.584 
 382 Q _   0.019 0.239 0.001 0.029 0.012 0.021 0.070 0.609 
 383 V _   0.019 0.215 0.001 0.027 0.010 0.019 0.073 0.637 
 384 L _   0.018 0.186 0.001 0.024 0.009 0.017 0.076 0.670 
 385 R _   0.016 0.155 0.001 0.020 0.008 0.015 0.079 0.706 
 386 E _   0.014 0.123 0.001 0.016 0.006 0.013 0.082 0.744 
 387 M _   0.013 0.095 0.001 0.013 0.005 0.012 0.084 0.778 
 388 P _   0.011 0.074 0.001 0.009 0.004 0.010 0.086 0.806 
 389 R _   0.009 0.059 0.000 0.007 0.003 0.009 0.088 0.825 
 390 D _   0.008 0.051 0.000 0.005 0.002 0.008 0.088 0.836 
 391 S _   0.007 0.047 0.000 0.005 0.002 0.008 0.089 0.842 
 392 F _   0.007 0.046 0.000 0.005 0.002 0.008 0.089 0.843 
 393 H _   0.007 0.047 0.000 0.006 0.002 0.008 0.089 0.841 
 394 S _   0.007 0.050 0.000 0.007 0.003 0.009 0.088 0.836 
 395 M _   0.007 0.055 0.000 0.010 0.004 0.010 0.087 0.827 
 396 Q _   0.007 0.064 0.001 0.013 0.005 0.011 0.085 0.814 
 397 E _   0.007 0.073 0.001 0.017 0.006 0.012 0.084 0.800 
 398 G _   0.008 0.082 0.001 0.020 0.006 0.013 0.083 0.788 
 399 W _   0.008 0.090 0.001 0.023 0.007 0.014 0.082 0.776 
 400 K _   0.008 0.096 0.001 0.026 0.008 0.014 0.081 0.766 
 401 R _   0.008 0.100 0.001 0.027 0.008 0.014 0.081 0.760 
 402 E _   0.009 0.103 0.001 0.028 0.008 0.014 0.081 0.756 
 403 I _   0.009 0.103 0.001 0.029 0.008 0.014 0.082 0.754 
 404 Q _   0.009 0.102 0.001 0.028 0.008 0.014 0.083 0.756 
 405 G _   0.009 0.098 0.001 0.026 0.007 0.013 0.084 0.761 
 406 L _   0.009 0.092 0.001 0.024 0.007 0.012 0.086 0.769 
 407 F _   0.009 0.085 0.001 0.021 0.006 0.011 0.088 0.779 
 408 D _   0.009 0.075 0.001 0.018 0.005 0.011 0.091 0.790 
 409 E _   0.008 0.065 0.001 0.016 0.005 0.010 0.093 0.802 
 410 L _   0.008 0.055 0.001 0.013 0.004 0.009 0.096 0.815 
 411 R _   0.007 0.045 0.000 0.010 0.003 0.008 0.098 0.827 
 412 A _   0.007 0.038 0.000 0.009 0.003 0.008 0.100 0.837 
 413 K _   0.006 0.032 0.000 0.007 0.002 0.007 0.101 0.844 
 414 E _   0.006 0.028 0.000 0.006 0.002 0.007 0.102 0.848 
 415 K _   0.006 0.026 0.000 0.006 0.002 0.007 0.103 0.850 
 416 E _   0.006 0.025 0.000 0.006 0.002 0.007 0.103 0.851 
 417 L _   0.006 0.025 0.000 0.007 0.002 0.007 0.103 0.850 
 418 L _   0.006 0.025 0.000 0.008 0.003 0.008 0.103 0.847 
 419 S _   0.006 0.026 0.000 0.009 0.003 0.009 0.103 0.843 
 420 R _   0.006 0.028 0.000 0.012 0.004 0.009 0.103 0.838 
 421 E _   0.007 0.030 0.000 0.014 0.004 0.010 0.103 0.832 
 422 E _   0.007 0.031 0.001 0.016 0.005 0.011 0.103 0.827 
 423 E _   0.008 0.033 0.001 0.018 0.005 0.011 0.103 0.822 
 424 L _   0.008 0.033 0.001 0.019 0.005 0.011 0.103 0.819 
 425 T _   0.008 0.033 0.001 0.020 0.005 0.011 0.104 0.818 
 426 R _   0.008 0.031 0.001 0.019 0.005 0.011 0.105 0.820 
 427 A _   0.008 0.029 0.001 0.018 0.005 0.010 0.107 0.823 
 428 A _   0.008 0.026 0.001 0.015 0.005 0.010 0.108 0.828 
 429 R _   0.007 0.022 0.000 0.013 0.004 0.009 0.110 0.834 
 430 E _   0.007 0.019 0.000 0.011 0.004 0.009 0.111 0.839 
 431 Q _   0.007 0.015 0.000 0.009 0.003 0.008 0.113 0.844 
 432 R _   0.007 0.012 0.000 0.008 0.003 0.008 0.114 0.848 
 433 S _   0.006 0.009 0.000 0.007 0.003 0.008 0.116 0.850 
 434 Q _   0.006 0.008 0.000 0.007 0.003 0.008 0.117 0.851 
 435 A _   0.007 0.006 0.000 0.007 0.003 0.009 0.118 0.851 
 436 E _   0.007 0.006 0.000 0.007 0.003 0.009 0.118 0.850 
 437 Q _   0.007 0.005 0.000 0.007 0.003 0.010 0.119 0.849 
 438 L _   0.008 0.004 0.000 0.007 0.003 0.011 0.119 0.846 
 439 R _   0.009 0.004 0.000 0.007 0.004 0.012 0.119 0.844 
 440 R _   0.010 0.004 0.000 0.008 0.004 0.014 0.120 0.840 
 441 R _   0.012 0.004 0.001 0.008 0.005 0.016 0.120 0.836 
 442 E _   0.015 0.004 0.001 0.008 0.006 0.018 0.120 0.829 
 443 H _   0.019 0.004 0.001 0.008 0.006 0.021 0.120 0.821 
 444 L _   0.024 0.004 0.001 0.009 0.008 0.025 0.120 0.810 
 445 L _   0.031 0.004 0.001 0.009 0.010 0.028 0.120 0.797 
 446 A _   0.039 0.005 0.001 0.010 0.012 0.032 0.120 0.781 
 447 Q _   0.048 0.005 0.001 0.010 0.014 0.036 0.121 0.764 
 448 W _   0.058 0.006 0.001 0.011 0.016 0.039 0.122 0.747 
 449 E _   0.067 0.007 0.001 0.011 0.019 0.042 0.122 0.730 
 450 L _   0.076 0.009 0.001 0.012 0.021 0.045 0.124 0.713 
 451 E _   0.084 0.010 0.001 0.013 0.024 0.047 0.125 0.696 
 452 V _   0.091 0.012 0.002 0.014 0.026 0.048 0.127 0.680 
 453 F _   0.097 0.015 0.002 0.015 0.028 0.048 0.129 0.666 
 454 E _   0.099 0.017 0.002 0.018 0.029 0.048 0.132 0.656 
 455 R _   0.099 0.020 0.002 0.021 0.029 0.046 0.136 0.649 
 456 E _   0.096 0.022 0.002 0.024 0.028 0.043 0.140 0.646 
 457 L _   0.089 0.023 0.002 0.026 0.026 0.040 0.145 0.649 
 458 T _   0.081 0.023 0.002 0.027 0.023 0.036 0.152 0.658 
 459 L _   0.070 0.022 0.001 0.026 0.019 0.031 0.158 0.673 
 460 L _   0.059 0.019 0.001 0.023 0.014 0.026 0.165 0.693 
 461 L _   0.048 0.015 0.001 0.018 0.010 0.021 0.172 0.714 
 462 Q _   0.037 0.011 0.001 0.013 0.007 0.017 0.178 0.735 
 463 Q _   0.028 0.008 0.001 0.009 0.005 0.013 0.184 0.752 
 464 V _   0.021 0.005 0.000 0.006 0.003 0.010 0.189 0.766 
 465 D _   0.016 0.003 0.000 0.004 0.002 0.008 0.192 0.774 
 466 R _   0.012 0.002 0.000 0.003 0.002 0.007 0.195 0.778 
 467 E _   0.010 0.002 0.000 0.003 0.002 0.007 0.197 0.780 
 468 R _   0.008 0.002 0.000 0.003 0.002 0.007 0.199 0.778 
 469 P _   0.008 0.004 0.000 0.004 0.002 0.007 0.200 0.774 
 470 H _   0.008 0.006 0.000 0.006 0.003 0.008 0.201 0.767 
 471 V _   0.008 0.010 0.000 0.010 0.004 0.009 0.202 0.758 
 472 R _   0.008 0.015 0.001 0.014 0.005 0.010 0.202 0.746 
 473 R _   0.008 0.020 0.001 0.018 0.005 0.011 0.202 0.734 
 474 R _   0.008 0.024 0.001 0.022 0.006 0.011 0.203 0.725 
 475 R _   0.008 0.027 0.001 0.024 0.006 0.011 0.204 0.719 
 476 G _   0.007 0.028 0.001 0.024 0.006 0.011 0.206 0.716 
 477 T _   0.006 0.028 0.001 0.023 0.006 0.010 0.209 0.717 
 478 F _   0.006 0.027 0.001 0.020 0.005 0.009 0.211 0.721 
 479 K _   0.006 0.025 0.000 0.016 0.004 0.008 0.215 0.726 
 480 R _   0.005 0.023 0.000 0.013 0.003 0.007 0.218 0.731 
 481 S _   0.005 0.020 0.000 0.010 0.003 0.006 0.221 0.735 
 482 K _   0.004 0.018 0.000 0.007 0.002 0.006 0.224 0.738 
 483 L _   0.004 0.017 0.000 0.006 0.002 0.005 0.226 0.739 
 484 R _   0.004 0.016 0.000 0.005 0.002 0.005 0.228 0.739 
 485 A _   0.004 0.016 0.000 0.005 0.002 0.006 0.229 0.737 
 486 R _   0.004 0.017 0.000 0.006 0.002 0.006 0.230 0.734 
 487 D _   0.004 0.019 0.000 0.007 0.002 0.007 0.231 0.729 
 488 G _   0.005 0.022 0.000 0.008 0.003 0.008 0.232 0.722 
 489 G _   0.005 0.026 0.000 0.010 0.003 0.008 0.233 0.715 
 490 E _   0.006 0.030 0.000 0.012 0.004 0.009 0.233 0.706 
 491 R _   0.006 0.034 0.001 0.013 0.004 0.010 0.234 0.698 
 492 I _   0.006 0.038 0.001 0.014 0.005 0.011 0.234 0.691 
 493 S _   0.006 0.041 0.001 0.015 0.005 0.011 0.236 0.685 
 494 M _   0.007 0.044 0.001 0.015 0.005 0.012 0.237 0.679 
 495 P _   0.007 0.047 0.001 0.016 0.006 0.012 0.239 0.673 
 496 L _   0.008 0.049 0.001 0.016 0.006 0.013 0.241 0.666 
 497 D _   0.008 0.051 0.001 0.017 0.007 0.014 0.243 0.660 
 498 F _   0.009 0.053 0.001 0.019 0.007 0.014 0.246 0.652 
 499 K _   0.009 0.054 0.001 0.020 0.007 0.014 0.249 0.645 
 500 H _   0.010 0.055 0.001 0.021 0.008 0.014 0.253 0.638 
 501 R _   0.010 0.055 0.001 0.022 0.008 0.014 0.258 0.633 
 502 I _   0.009 0.054 0.001 0.023 0.008 0.013 0.263 0.629 
 503 T _   0.009 0.052 0.001 0.022 0.007 0.012 0.269 0.628 
 504 V _   0.008 0.048 0.001 0.020 0.006 0.011 0.275 0.631 
 505 Q _   0.008 0.043 0.001 0.017 0.005 0.010 0.282 0.635 
 506 A _   0.007 0.038 0.001 0.013 0.004 0.009 0.288 0.640 
 507 S _   0.006 0.032 0.000 0.010 0.003 0.008 0.294 0.645 
 508 P _   0.006 0.027 0.000 0.008 0.003 0.007 0.300 0.649 
 509 G _   0.005 0.023 0.000 0.007 0.002 0.007 0.305 0.650 
 510 L _   0.005 0.021 0.000 0.006 0.002 0.007 0.309 0.649 
 511 D _   0.005 0.020 0.000 0.006 0.002 0.007 0.313 0.646 
 512 R _   0.005 0.020 0.000 0.008 0.003 0.007 0.317 0.639 
 513 R _   0.006 0.021 0.000 0.010 0.003 0.007 0.321 0.632 
 514 R _   0.006 0.022 0.000 0.012 0.004 0.008 0.325 0.624 
 515 N _   0.006 0.023 0.000 0.014 0.004 0.008 0.329 0.615 
 516 V _   0.006 0.023 0.001 0.016 0.004 0.008 0.334 0.608 
 517 F _   0.006 0.023 0.001 0.016 0.004 0.008 0.339 0.605 
 518 E _   0.005 0.021 0.000 0.014 0.004 0.007 0.344 0.603 
 519 V _   0.005 0.020 0.000 0.012 0.003 0.006 0.350 0.604 
 520 G _   0.004 0.017 0.000 0.009 0.003 0.006 0.355 0.606 
 521 P _   0.004 0.015 0.000 0.007 0.002 0.005 0.360 0.607 
 522 G _   0.004 0.014 0.000 0.005 0.002 0.005 0.364 0.607 
 523 D _   0.004 0.013 0.000 0.004 0.001 0.005 0.368 0.606 
 524 S _   0.004 0.013 0.000 0.004 0.002 0.005 0.371 0.602 
 525 P _   0.004 0.014 0.000 0.005 0.002 0.006 0.374 0.595 
 526 T _   0.005 0.018 0.000 0.007 0.003 0.008 0.376 0.584 
 527 F _   0.005 0.024 0.000 0.010 0.004 0.009 0.378 0.569 
 528 P _   0.006 0.033 0.001 0.016 0.005 0.011 0.380 0.550 
 529 R _   0.006 0.043 0.001 0.022 0.006 0.012 0.381 0.529 
 530 F _   0.006 0.052 0.001 0.027 0.007 0.012 0.384 0.512 
 531 R _   0.006 0.057 0.001 0.030 0.007 0.012 0.387 0.499 
 532 A _   0.006 0.061 0.001 0.032 0.007 0.012 0.392 0.491 
 533 I _   0.005 0.061 0.001 0.030 0.007 0.011 0.397 0.487 
 534 Q _   0.005 0.060 0.001 0.027 0.006 0.010 0.404 0.487 
 535 L _   0.005 0.057 0.001 0.023 0.005 0.009 0.413 0.488 
 536 E _   0.004 0.053 0.001 0.018 0.004 0.008 0.422 0.490 
 537 P _   0.004 0.048 0.000 0.014 0.004 0.008 0.431 0.491 
 538 A _   0.004 0.043 0.000 0.011 0.003 0.007 0.441 0.490 
 539 E _   0.004 0.039 0.000 0.010 0.003 0.007 0.450 0.487 
 540 P _   0.004 0.036 0.000 0.009 0.003 0.007 0.459 0.482 
 541 G _   0.004 0.034 0.000 0.009 0.003 0.007 0.468 0.476 
 542 Q X   0.004 0.033 0.000 0.009 0.003 0.007 0.476 0.468 
 543 A X   0.005 0.032 0.000 0.010 0.003 0.007 0.483 0.460 
 544 W X   0.005 0.031 0.000 0.011 0.003 0.007 0.491 0.452 
 545 G X   0.004 0.030 0.000 0.012 0.003 0.007 0.499 0.445 
 546 R X   0.004 0.029 0.000 0.012 0.003 0.006 0.507 0.438 
 547 Q X   0.004 0.027 0.000 0.011 0.003 0.006 0.516 0.433 
 548 S X   0.004 0.025 0.000 0.010 0.002 0.005 0.524 0.429 
 549 P X   0.003 0.023 0.000 0.008 0.002 0.005 0.532 0.426 
 550 R X   0.003 0.020 0.000 0.007 0.002 0.004 0.539 0.424 
 551 R X   0.003 0.019 0.000 0.005 0.001 0.004 0.546 0.422 
 552 L X   0.003 0.017 0.000 0.004 0.001 0.004 0.551 0.420 
 553 E X   0.002 0.017 0.000 0.003 0.001 0.004 0.555 0.418 
 554 D X   0.002 0.017 0.000 0.003 0.001 0.004 0.558 0.415 
 555 S X   0.002 0.018 0.000 0.003 0.001 0.004 0.561 0.410 
 556 S X   0.003 0.021 0.000 0.005 0.001 0.005 0.562 0.403 
 557 N X   0.003 0.027 0.000 0.007 0.002 0.007 0.562 0.391 
 558 G X   0.004 0.039 0.000 0.012 0.004 0.009 0.561 0.371 
 559 E X   0.004 0.057 0.001 0.020 0.005 0.011 0.560 0.341 
 560 R X   0.005 0.079 0.001 0.031 0.007 0.012 0.559 0.306 
 561 R X   0.005 0.097 0.001 0.041 0.009 0.013 0.559 0.275 
 562 A X   0.005 0.109 0.001 0.049 0.010 0.014 0.562 0.251 
 563 C X   0.005 0.114 0.001 0.053 0.010 0.013 0.566 0.238 
 564 W X   0.005 0.115 0.001 0.053 0.009 0.012 0.574 0.231 
 565 A X   0.004 0.112 0.001 0.049 0.008 0.011 0.584 0.230 
 566 W X   0.004 0.104 0.001 0.041 0.007 0.010 0.597 0.235 
 567 G X   0.004 0.091 0.001 0.032 0.006 0.008 0.613 0.245 
 568 P X   0.004 0.073 0.001 0.022 0.005 0.007 0.632 0.256 
 569 S X   0.003 0.055 0.001 0.014 0.003 0.006 0.651 0.266 
 570 S X   0.003 0.040 0.000 0.009 0.002 0.005 0.668 0.273 
 571 P X   0.003 0.031 0.000 0.005 0.001 0.004 0.682 0.274 
 572 K X   0.002 0.026 0.000 0.004 0.001 0.003 0.692 0.272 
 573 P X   0.002 0.024 0.000 0.003 0.001 0.003 0.699 0.268 
 574 G X   0.002 0.023 0.000 0.003 0.001 0.003 0.705 0.264 
 575 E X   0.002 0.023 0.000 0.003 0.001 0.003 0.709 0.259 
 576 A X   0.002 0.024 0.000 0.004 0.001 0.003 0.712 0.254 
 577 Q X   0.002 0.026 0.000 0.005 0.001 0.004 0.714 0.249 
 578 N X   0.002 0.027 0.000 0.006 0.001 0.004 0.716 0.244 
 579 G X   0.002 0.030 0.000 0.007 0.001 0.004 0.718 0.238 
 580 R X   0.002 0.032 0.000 0.008 0.002 0.005 0.719 0.233 
 581 R X   0.002 0.035 0.000 0.010 0.002 0.005 0.721 0.226 
 582 R X   0.002 0.037 0.000 0.012 0.002 0.005 0.723 0.218 
 583 S X   0.002 0.040 0.000 0.014 0.003 0.006 0.726 0.209 
 584 R X   0.002 0.042 0.000 0.017 0.003 0.006 0.729 0.200 
 585 M X   0.002 0.044 0.000 0.020 0.004 0.007 0.734 0.189 
 586 D X   0.002 0.045 0.000 0.023 0.004 0.007 0.740 0.179 
 587 E X   0.002 0.045 0.000 0.024 0.004 0.007 0.748 0.170 
 588 A X   0.002 0.043 0.000 0.024 0.004 0.007 0.758 0.161 
 589 T X   0.002 0.040 0.000 0.022 0.004 0.006 0.770 0.155 
 590 W X   0.002 0.035 0.000 0.019 0.004 0.006 0.784 0.150 
 591 Y X   0.002 0.029 0.000 0.015 0.003 0.005 0.800 0.146 
 592 L X   0.002 0.022 0.000 0.011 0.002 0.004 0.816 0.142 
 593 D X   0.002 0.015 0.000 0.008 0.002 0.003 0.832 0.138 
 594 S X   0.002 0.010 0.000 0.005 0.001 0.003 0.846 0.133 
 595 D X   0.001 0.006 0.000 0.003 0.001 0.002 0.858 0.127 
 596 D X   0.001 0.004 0.000 0.003 0.001 0.002 0.867 0.122 
 597 S X   0.001 0.003 0.000 0.002 0.001 0.002 0.875 0.116 
 598 S X   0.001 0.003 0.000 0.002 0.001 0.002 0.881 0.111 
 599 P X   0.001 0.003 0.000 0.002 0.001 0.002 0.886 0.106 
 600 L X   0.001 0.002 0.000 0.003 0.001 0.002 0.890 0.101 
 601 G X   0.001 0.002 0.000 0.003 0.001 0.002 0.894 0.096 
 602 S X   0.001 0.002 0.000 0.004 0.001 0.002 0.898 0.092 
 603 P X   0.001 0.002 0.000 0.004 0.001 0.002 0.902 0.088 
 604 S X   0.001 0.002 0.000 0.004 0.001 0.002 0.906 0.084 
 605 T X   0.001 0.002 0.000 0.004 0.001 0.002 0.909 0.081 
 606 P X   0.001 0.002 0.000 0.004 0.001 0.002 0.914 0.077 
 607 P X   0.001 0.001 0.000 0.003 0.001 0.002 0.918 0.074 
 608 A X   0.001 0.001 0.000 0.003 0.001 0.001 0.922 0.071 
 609 L X   0.001 0.001 0.000 0.002 0.000 0.001 0.926 0.069 
 610 N X   0.001 0.001 0.000 0.002 0.000 0.001 0.929 0.067 
 611 G X   0.001 0.000 0.000 0.001 0.000 0.001 0.931 0.065 
 612 N X   0.001 0.000 0.000 0.001 0.000 0.001 0.933 0.064 
 613 P X   0.001 0.000 0.000 0.001 0.000 0.001 0.934 0.063 
 614 P X   0.001 0.000 0.000 0.001 0.000 0.001 0.935 0.062 
 615 R X   0.001 0.000 0.000 0.001 0.000 0.001 0.936 0.062 
 616 P X   0.001 0.000 0.000 0.001 0.000 0.001 0.935 0.062 
 617 S X   0.001 0.000 0.000 0.001 0.000 0.001 0.934 0.063 
 618 L X   0.001 0.000 0.000 0.001 0.000 0.001 0.933 0.064 
 619 E X   0.001 0.000 0.000 0.001 0.000 0.001 0.931 0.066 
 620 P X   0.001 0.000 0.000 0.001 0.000 0.001 0.928 0.069 
 621 E X   0.001 0.000 0.000 0.001 0.000 0.001 0.925 0.072 
 622 E X   0.001 0.000 0.000 0.002 0.000 0.001 0.921 0.075 
 623 P X   0.001 0.000 0.000 0.002 0.000 0.001 0.916 0.079 
 624 K X   0.001 0.000 0.000 0.002 0.001 0.001 0.911 0.084 
 625 R X   0.001 0.000 0.000 0.003 0.001 0.002 0.905 0.089 
 626 P X   0.001 0.000 0.000 0.003 0.001 0.002 0.899 0.095 
 627 V X   0.001 0.000 0.000 0.003 0.001 0.002 0.892 0.101 
 628 P X   0.001 0.000 0.000 0.004 0.001 0.002 0.885 0.107 
 629 A X   0.001 0.000 0.000 0.004 0.001 0.002 0.877 0.114 
 630 E X   0.001 0.000 0.000 0.004 0.001 0.003 0.869 0.122 
 631 R X   0.001 0.000 0.000 0.003 0.001 0.003 0.861 0.130 
 632 G X   0.001 0.000 0.000 0.003 0.001 0.003 0.852 0.139 
 633 S X   0.002 0.000 0.000 0.003 0.001 0.003 0.843 0.147 
 634 S X   0.002 0.000 0.000 0.003 0.001 0.004 0.833 0.156 
 635 S X   0.004 0.000 0.000 0.003 0.001 0.005 0.822 0.164 
 636 G X   0.007 0.000 0.000 0.003 0.002 0.007 0.810 0.170 
 637 T X   0.013 0.000 0.000 0.003 0.003 0.010 0.796 0.174 
 638 P X   0.023 0.000 0.000 0.003 0.004 0.013 0.781 0.175 
 639 K X   0.038 0.000 0.001 0.003 0.006 0.016 0.763 0.172 
 640 L X   0.059 0.000 0.001 0.003 0.009 0.020 0.744 0.164 
 641 I X   0.084 0.000 0.001 0.003 0.012 0.023 0.724 0.151 
 642 Q X   0.112 0.000 0.001 0.003 0.016 0.026 0.706 0.136 
 643 R X   0.141 0.000 0.001 0.002 0.020 0.027 0.690 0.118 
 644 A X   0.168 0.000 0.001 0.002 0.023 0.028 0.678 0.100 
 645 L X   0.191 0.000 0.001 0.002 0.025 0.028 0.670 0.084 
 646 L X   0.208 0.000 0.001 0.002 0.027 0.027 0.665 0.070 
 647 R X   0.221 0.000 0.001 0.002 0.029 0.026 0.662 0.059 
 648 G X   0.229 0.000 0.001 0.002 0.030 0.024 0.663 0.052 
 649 T X   0.231 0.000 0.001 0.002 0.030 0.022 0.666 0.047 
 650 A X   0.229 0.000 0.001 0.003 0.029 0.021 0.672 0.045 
 651 L X   0.220 0.001 0.001 0.004 0.028 0.019 0.682 0.046 
 652 L X   0.206 0.001 0.001 0.005 0.025 0.018 0.695 0.049 
 653 A X   0.187 0.001 0.001 0.006 0.023 0.016 0.712 0.055 
 654 S X   0.162 0.001 0.001 0.006 0.019 0.014 0.734 0.062 
 655 L X   0.133 0.001 0.001 0.007 0.014 0.012 0.761 0.071 
 656 G X   0.103 0.001 0.001 0.006 0.010 0.010 0.791 0.079 
 657 L X   0.074 0.000 0.001 0.006 0.006 0.008 0.821 0.084 
 658 G X   0.051 0.000 0.001 0.004 0.004 0.006 0.849 0.085 
 659 R X   0.032 0.000 0.000 0.003 0.002 0.004 0.873 0.084 
 660 D X   0.020 0.000 0.000 0.002 0.002 0.003 0.892 0.081 
 661 L X   0.011 0.000 0.000 0.002 0.001 0.002 0.907 0.076 
 662 Q X   0.006 0.000 0.000 0.001 0.001 0.002 0.919 0.071 
 663 P X   0.003 0.000 0.000 0.001 0.000 0.001 0.927 0.067 
