#TopoPred_TM8: 8-state transmembrane topology prediction results by no_profile mode 
#probabilities are in the order of H E C I L F X _, the 8 transmembrane topology types used in PDBTM 
   1 M X   0.008 0.001 0.002 0.049 0.008 0.008 0.845 0.079 
   2 G X   0.003 0.000 0.000 0.029 0.002 0.004 0.872 0.090 
   3 C X   0.001 0.000 0.000 0.015 0.001 0.002 0.880 0.100 
   4 I X   0.001 0.000 0.000 0.009 0.000 0.002 0.880 0.107 
   5 K X   0.001 0.000 0.000 0.007 0.000 0.002 0.877 0.113 
   6 S X   0.001 0.000 0.000 0.005 0.001 0.002 0.873 0.118 
   7 K X   0.001 0.000 0.000 0.004 0.001 0.002 0.867 0.125 
   8 E X   0.001 0.001 0.000 0.004 0.001 0.003 0.859 0.132 
   9 N X   0.002 0.001 0.000 0.004 0.001 0.003 0.849 0.140 
  10 K X   0.002 0.002 0.000 0.005 0.001 0.004 0.837 0.149 
  11 S X   0.002 0.003 0.000 0.007 0.001 0.004 0.823 0.160 
  12 P X   0.002 0.004 0.000 0.009 0.002 0.005 0.806 0.172 
  13 A X   0.002 0.006 0.000 0.010 0.002 0.005 0.789 0.185 
  14 I X   0.002 0.008 0.000 0.011 0.002 0.006 0.770 0.200 
  15 K X   0.002 0.010 0.000 0.012 0.002 0.006 0.751 0.216 
  16 Y X   0.002 0.012 0.000 0.012 0.002 0.006 0.732 0.233 
  17 R X   0.002 0.015 0.000 0.011 0.002 0.006 0.713 0.250 
  18 P X   0.002 0.017 0.000 0.011 0.003 0.006 0.694 0.267 
  19 E X   0.002 0.019 0.000 0.011 0.003 0.007 0.674 0.284 
  20 N X   0.003 0.022 0.000 0.011 0.003 0.007 0.654 0.300 
  21 T X   0.003 0.026 0.000 0.011 0.003 0.007 0.632 0.317 
  22 P X   0.003 0.032 0.000 0.012 0.003 0.008 0.609 0.332 
  23 E X   0.003 0.039 0.001 0.014 0.004 0.009 0.584 0.347 
  24 P X   0.003 0.049 0.001 0.016 0.004 0.010 0.556 0.360 
  25 V X   0.004 0.063 0.001 0.019 0.005 0.011 0.526 0.371 
  26 S X   0.004 0.080 0.001 0.023 0.006 0.013 0.494 0.380 
  27 T X   0.004 0.100 0.001 0.026 0.007 0.014 0.462 0.386 
  28 S X   0.005 0.122 0.001 0.030 0.008 0.015 0.430 0.389 
  29 V X   0.005 0.145 0.001 0.035 0.009 0.015 0.401 0.390 
  30 S _   0.005 0.166 0.001 0.038 0.010 0.016 0.374 0.390 
  31 H _   0.005 0.185 0.001 0.041 0.010 0.016 0.350 0.391 
  32 Y _   0.005 0.200 0.001 0.043 0.010 0.016 0.331 0.394 
  33 G _   0.005 0.211 0.001 0.043 0.010 0.015 0.315 0.400 
  34 A _   0.005 0.218 0.001 0.041 0.009 0.014 0.302 0.410 
  35 E _   0.005 0.221 0.001 0.038 0.008 0.013 0.291 0.422 
  36 P _   0.005 0.221 0.001 0.033 0.007 0.012 0.282 0.439 
  37 T _   0.005 0.218 0.001 0.027 0.006 0.011 0.274 0.458 
  38 T _   0.005 0.214 0.001 0.021 0.005 0.010 0.267 0.478 
  39 V _   0.005 0.209 0.001 0.016 0.004 0.009 0.259 0.498 
  40 S _   0.004 0.204 0.000 0.012 0.003 0.009 0.252 0.515 
  41 P _   0.004 0.201 0.000 0.009 0.003 0.008 0.244 0.530 
  42 C _   0.004 0.202 0.000 0.008 0.003 0.009 0.235 0.539 
  43 P _   0.004 0.206 0.000 0.009 0.003 0.010 0.224 0.544 
  44 S _   0.005 0.216 0.001 0.010 0.004 0.011 0.212 0.541 
  45 S _   0.006 0.237 0.001 0.014 0.006 0.013 0.196 0.528 
  46 S _   0.006 0.273 0.001 0.020 0.008 0.015 0.176 0.501 
  47 A _   0.007 0.328 0.002 0.026 0.011 0.016 0.152 0.458 
  48 K _   0.007 0.395 0.002 0.031 0.012 0.017 0.128 0.408 
  49 G E   0.006 0.461 0.002 0.034 0.013 0.016 0.107 0.363 
  50 T E   0.005 0.516 0.001 0.034 0.012 0.015 0.089 0.327 
  51 A E   0.005 0.558 0.001 0.033 0.011 0.014 0.076 0.301 
  52 V E   0.004 0.588 0.001 0.032 0.010 0.013 0.066 0.285 
  53 N E   0.004 0.609 0.001 0.030 0.009 0.013 0.059 0.276 
  54 F E   0.004 0.622 0.001 0.028 0.009 0.012 0.053 0.271 
  55 S E   0.004 0.630 0.001 0.027 0.008 0.012 0.049 0.270 
  56 S E   0.004 0.634 0.001 0.025 0.008 0.011 0.045 0.272 
  57 L E   0.005 0.634 0.001 0.024 0.008 0.011 0.042 0.276 
  58 S E   0.005 0.631 0.001 0.023 0.007 0.010 0.040 0.283 
  59 M E   0.005 0.624 0.001 0.022 0.007 0.010 0.038 0.293 
  60 T E   0.005 0.613 0.001 0.020 0.006 0.010 0.037 0.308 
  61 P E   0.005 0.599 0.001 0.019 0.006 0.009 0.036 0.326 
  62 F E   0.005 0.581 0.001 0.017 0.006 0.009 0.034 0.347 
  63 G E   0.005 0.562 0.001 0.016 0.005 0.009 0.033 0.369 
  64 G E   0.005 0.543 0.001 0.015 0.005 0.009 0.033 0.389 
  65 S E   0.005 0.525 0.001 0.015 0.005 0.009 0.032 0.408 
  66 S E   0.005 0.509 0.001 0.015 0.005 0.010 0.031 0.425 
  67 G E   0.005 0.495 0.001 0.015 0.005 0.010 0.030 0.439 
  68 V E   0.005 0.483 0.001 0.016 0.005 0.010 0.029 0.451 
  69 T E   0.005 0.470 0.001 0.018 0.005 0.010 0.029 0.462 
  70 P _   0.005 0.457 0.001 0.019 0.006 0.011 0.028 0.475 
  71 F _   0.005 0.442 0.001 0.020 0.006 0.011 0.027 0.488 
  72 G _   0.005 0.426 0.001 0.021 0.006 0.011 0.027 0.503 
  73 G _   0.005 0.408 0.001 0.022 0.007 0.011 0.027 0.520 
  74 A _   0.005 0.386 0.001 0.024 0.007 0.012 0.026 0.539 
  75 S _   0.006 0.359 0.001 0.025 0.008 0.012 0.026 0.563 
  76 S _   0.006 0.326 0.001 0.026 0.008 0.013 0.027 0.593 
  77 S _   0.006 0.290 0.001 0.026 0.009 0.014 0.027 0.626 
  78 F _   0.007 0.250 0.001 0.026 0.009 0.015 0.028 0.664 
  79 S _   0.008 0.205 0.001 0.024 0.009 0.017 0.029 0.707 
  80 V _   0.009 0.159 0.001 0.022 0.009 0.018 0.030 0.752 
  81 V _   0.011 0.115 0.001 0.019 0.008 0.021 0.031 0.794 
  82 P _   0.014 0.078 0.001 0.015 0.008 0.023 0.032 0.829 
  83 S _   0.018 0.050 0.001 0.012 0.007 0.027 0.032 0.853 
  84 S _   0.024 0.031 0.001 0.009 0.007 0.031 0.033 0.864 
  85 Y _   0.034 0.021 0.001 0.007 0.008 0.036 0.033 0.861 
  86 P _   0.048 0.016 0.001 0.006 0.009 0.043 0.033 0.844 
  87 A _   0.068 0.014 0.001 0.006 0.013 0.051 0.033 0.814 
  88 G _   0.094 0.014 0.001 0.007 0.019 0.060 0.033 0.772 
  89 L _   0.123 0.017 0.002 0.008 0.029 0.071 0.032 0.718 
  90 T _   0.150 0.025 0.002 0.012 0.041 0.079 0.032 0.659 
  91 G _   0.173 0.037 0.003 0.017 0.054 0.086 0.032 0.598 
  92 G _   0.189 0.055 0.003 0.023 0.065 0.090 0.032 0.543 
  93 V _   0.199 0.072 0.003 0.031 0.072 0.090 0.033 0.500 
  94 T _   0.202 0.087 0.003 0.038 0.075 0.087 0.034 0.473 
  95 I _   0.200 0.096 0.003 0.043 0.074 0.083 0.036 0.465 
  96 F _   0.191 0.100 0.003 0.046 0.070 0.077 0.038 0.474 
  97 V _   0.178 0.101 0.003 0.046 0.063 0.070 0.042 0.498 
  98 A _   0.158 0.096 0.003 0.045 0.053 0.062 0.045 0.538 
  99 L _   0.135 0.087 0.003 0.040 0.042 0.053 0.050 0.590 
 100 Y _   0.111 0.073 0.002 0.033 0.031 0.044 0.054 0.651 
 101 D _   0.087 0.056 0.002 0.026 0.022 0.036 0.059 0.712 
 102 Y _   0.066 0.039 0.001 0.019 0.014 0.029 0.063 0.768 
 103 E _   0.048 0.026 0.001 0.014 0.009 0.022 0.067 0.813 
 104 A _   0.034 0.016 0.001 0.010 0.006 0.017 0.070 0.847 
 105 R _   0.024 0.010 0.000 0.007 0.004 0.013 0.072 0.870 
 106 T _   0.017 0.007 0.000 0.005 0.003 0.010 0.073 0.885 
 107 T _   0.012 0.005 0.000 0.004 0.002 0.009 0.074 0.894 
 108 E _   0.009 0.005 0.000 0.004 0.002 0.008 0.074 0.898 
 109 D _   0.008 0.005 0.000 0.004 0.002 0.008 0.074 0.900 
 110 L _   0.007 0.006 0.000 0.005 0.002 0.008 0.073 0.898 
 111 S _   0.007 0.008 0.000 0.006 0.003 0.009 0.073 0.894 
 112 F _   0.008 0.012 0.000 0.009 0.004 0.010 0.071 0.887 
 113 K _   0.008 0.018 0.001 0.012 0.005 0.011 0.070 0.875 
 114 K _   0.008 0.025 0.001 0.017 0.006 0.013 0.068 0.862 
 115 G _   0.009 0.033 0.001 0.021 0.007 0.014 0.067 0.849 
 116 E _   0.009 0.039 0.001 0.024 0.008 0.014 0.065 0.839 
 117 R _   0.009 0.044 0.001 0.026 0.008 0.014 0.064 0.834 
 118 F _   0.009 0.046 0.001 0.025 0.008 0.014 0.064 0.833 
 119 Q _   0.009 0.047 0.001 0.023 0.007 0.013 0.063 0.836 
 120 I _   0.008 0.047 0.001 0.020 0.006 0.013 0.063 0.842 
 121 I _   0.008 0.046 0.001 0.016 0.005 0.012 0.063 0.848 
 122 N _   0.008 0.045 0.001 0.013 0.005 0.011 0.063 0.854 
 123 N _   0.008 0.044 0.000 0.011 0.004 0.011 0.063 0.858 
 124 T _   0.008 0.044 0.000 0.009 0.004 0.011 0.063 0.860 
 125 E _   0.009 0.045 0.000 0.009 0.004 0.012 0.063 0.858 
 126 G _   0.009 0.048 0.001 0.010 0.005 0.013 0.062 0.853 
 127 D _   0.010 0.053 0.001 0.012 0.005 0.014 0.061 0.844 
 128 W _   0.010 0.059 0.001 0.016 0.006 0.015 0.061 0.833 
 129 W _   0.011 0.067 0.001 0.020 0.008 0.016 0.060 0.819 
 130 E _   0.011 0.075 0.001 0.024 0.009 0.016 0.059 0.806 
 131 A _   0.011 0.081 0.001 0.028 0.009 0.017 0.058 0.795 
 132 R _   0.011 0.085 0.001 0.030 0.010 0.016 0.058 0.789 
 133 S _   0.010 0.087 0.001 0.031 0.009 0.016 0.058 0.787 
 134 I _   0.010 0.087 0.001 0.030 0.009 0.015 0.058 0.790 
 135 A _   0.010 0.085 0.001 0.028 0.008 0.014 0.059 0.796 
 136 T _   0.009 0.080 0.001 0.024 0.007 0.013 0.060 0.806 
 137 G _   0.009 0.074 0.001 0.021 0.006 0.012 0.061 0.818 
 138 K _   0.008 0.066 0.001 0.017 0.005 0.011 0.062 0.830 
 139 N _   0.008 0.059 0.001 0.014 0.004 0.010 0.063 0.841 
 140 G _   0.008 0.052 0.000 0.011 0.004 0.009 0.065 0.851 
 141 Y _   0.007 0.047 0.000 0.009 0.003 0.008 0.065 0.858 
 142 I _   0.007 0.044 0.000 0.008 0.003 0.008 0.066 0.863 
 143 P _   0.007 0.041 0.000 0.008 0.003 0.008 0.067 0.867 
 144 S _   0.007 0.040 0.000 0.007 0.002 0.008 0.067 0.869 
 145 N _   0.006 0.040 0.000 0.007 0.002 0.008 0.067 0.869 
 146 Y _   0.006 0.041 0.000 0.007 0.003 0.008 0.067 0.868 
 147 V _   0.006 0.043 0.000 0.007 0.003 0.008 0.066 0.866 
 148 A _   0.006 0.047 0.000 0.008 0.003 0.009 0.065 0.861 
 149 P _   0.007 0.053 0.000 0.009 0.003 0.010 0.064 0.854 
 150 A _   0.007 0.062 0.001 0.011 0.004 0.011 0.062 0.841 
 151 D _   0.007 0.076 0.001 0.014 0.005 0.013 0.060 0.823 
 152 S _   0.008 0.095 0.001 0.019 0.007 0.014 0.058 0.798 
 153 I _   0.009 0.119 0.001 0.025 0.009 0.016 0.056 0.766 
 154 Q _   0.009 0.144 0.001 0.032 0.010 0.017 0.054 0.734 
 155 A _   0.009 0.164 0.001 0.038 0.011 0.017 0.052 0.707 
 156 E _   0.009 0.178 0.001 0.043 0.011 0.017 0.051 0.689 
 157 E _   0.009 0.185 0.001 0.046 0.011 0.017 0.050 0.680 
 158 W _   0.009 0.187 0.001 0.045 0.011 0.016 0.050 0.681 
 159 Y _   0.009 0.184 0.001 0.041 0.009 0.015 0.050 0.691 
 160 F _   0.008 0.176 0.001 0.035 0.008 0.013 0.051 0.708 
 161 G _   0.008 0.163 0.001 0.028 0.007 0.012 0.052 0.731 
 162 K _   0.007 0.146 0.001 0.021 0.005 0.010 0.054 0.756 
 163 M _   0.007 0.128 0.001 0.015 0.004 0.009 0.055 0.780 
 164 G _   0.006 0.114 0.000 0.011 0.003 0.008 0.056 0.800 
 165 R _   0.006 0.103 0.000 0.009 0.003 0.008 0.057 0.814 
 166 K _   0.006 0.097 0.000 0.008 0.002 0.007 0.058 0.822 
 167 D _   0.006 0.093 0.000 0.008 0.002 0.007 0.058 0.825 
 168 A _   0.006 0.092 0.000 0.008 0.002 0.007 0.058 0.826 
 169 E _   0.006 0.092 0.000 0.009 0.003 0.007 0.058 0.826 
 170 R _   0.006 0.093 0.000 0.009 0.003 0.008 0.058 0.824 
 171 L _   0.006 0.094 0.000 0.009 0.003 0.008 0.057 0.823 
 172 L _   0.005 0.096 0.000 0.009 0.003 0.008 0.056 0.822 
 173 L _   0.005 0.098 0.000 0.009 0.003 0.008 0.055 0.821 
 174 N _   0.005 0.101 0.000 0.009 0.003 0.009 0.054 0.819 
 175 P _   0.005 0.106 0.000 0.009 0.003 0.010 0.053 0.814 
 176 G _   0.006 0.113 0.000 0.010 0.004 0.011 0.051 0.804 
 177 N _   0.007 0.126 0.001 0.012 0.005 0.013 0.050 0.787 
 178 Q _   0.009 0.144 0.001 0.016 0.007 0.015 0.048 0.762 
 179 R _   0.010 0.169 0.001 0.021 0.009 0.017 0.046 0.728 
 180 G _   0.010 0.196 0.001 0.028 0.011 0.018 0.044 0.692 
 181 I _   0.011 0.221 0.001 0.034 0.012 0.019 0.042 0.661 
 182 F _   0.011 0.238 0.001 0.038 0.012 0.019 0.040 0.640 
 183 L _   0.011 0.249 0.001 0.039 0.012 0.019 0.040 0.630 
 184 V _   0.010 0.253 0.001 0.038 0.012 0.018 0.039 0.629 
 185 R _   0.010 0.253 0.001 0.035 0.011 0.017 0.039 0.635 
 186 E _   0.009 0.248 0.001 0.030 0.009 0.016 0.039 0.648 
 187 S _   0.009 0.239 0.001 0.024 0.008 0.014 0.039 0.666 
 188 E _   0.008 0.227 0.001 0.019 0.007 0.014 0.039 0.684 
 189 T _   0.008 0.216 0.001 0.016 0.006 0.013 0.040 0.701 
 190 T _   0.008 0.208 0.001 0.014 0.005 0.012 0.040 0.713 
 191 K _   0.008 0.202 0.001 0.013 0.005 0.012 0.040 0.720 
 192 G _   0.008 0.198 0.001 0.013 0.005 0.012 0.041 0.724 
 193 A _   0.008 0.195 0.001 0.014 0.005 0.012 0.041 0.725 
 194 Y _   0.008 0.194 0.001 0.016 0.005 0.012 0.041 0.724 
 195 S _   0.008 0.192 0.001 0.017 0.006 0.012 0.041 0.724 
 196 L _   0.008 0.189 0.001 0.019 0.006 0.011 0.041 0.725 
 197 S _   0.008 0.185 0.001 0.020 0.006 0.011 0.042 0.728 
 198 I _   0.008 0.178 0.001 0.020 0.006 0.011 0.042 0.735 
 199 R _   0.007 0.170 0.001 0.019 0.006 0.010 0.043 0.744 
 200 D _   0.007 0.159 0.001 0.018 0.005 0.010 0.044 0.756 
 201 W _   0.007 0.147 0.001 0.016 0.005 0.009 0.045 0.769 
 202 D _   0.007 0.134 0.001 0.014 0.004 0.009 0.047 0.784 
 203 E _   0.007 0.122 0.001 0.012 0.004 0.008 0.048 0.799 
 204 I _   0.007 0.111 0.000 0.010 0.003 0.008 0.049 0.812 
 205 R _   0.006 0.103 0.000 0.009 0.003 0.008 0.049 0.822 
 206 G _   0.006 0.097 0.000 0.008 0.003 0.007 0.050 0.828 
 207 D _   0.006 0.093 0.000 0.008 0.003 0.007 0.050 0.832 
 208 N _   0.006 0.091 0.000 0.008 0.003 0.007 0.050 0.834 
 209 V _   0.006 0.091 0.000 0.009 0.003 0.008 0.050 0.834 
 210 K _   0.006 0.092 0.000 0.009 0.003 0.008 0.050 0.832 
 211 H _   0.006 0.094 0.000 0.010 0.003 0.008 0.050 0.829 
 212 Y _   0.006 0.096 0.000 0.010 0.003 0.009 0.049 0.826 
 213 K _   0.006 0.100 0.000 0.011 0.003 0.009 0.048 0.823 
 214 I _   0.006 0.104 0.000 0.010 0.003 0.009 0.047 0.820 
 215 R _   0.006 0.108 0.000 0.010 0.003 0.010 0.046 0.816 
 216 K _   0.006 0.114 0.000 0.010 0.004 0.010 0.045 0.811 
 217 L _   0.006 0.122 0.000 0.010 0.004 0.012 0.044 0.802 
 218 D _   0.007 0.134 0.001 0.011 0.005 0.013 0.042 0.787 
 219 N _   0.008 0.151 0.001 0.014 0.006 0.015 0.040 0.765 
 220 G _   0.009 0.174 0.001 0.017 0.008 0.017 0.038 0.735 
 221 G _   0.010 0.205 0.001 0.021 0.010 0.019 0.036 0.697 
 222 Y _   0.011 0.239 0.001 0.026 0.012 0.021 0.034 0.656 
 223 Y _   0.012 0.270 0.001 0.030 0.013 0.022 0.032 0.620 
 224 I _   0.012 0.295 0.001 0.033 0.014 0.022 0.030 0.593 
 225 T _   0.012 0.311 0.001 0.034 0.014 0.022 0.029 0.576 
 226 T _   0.011 0.321 0.001 0.034 0.013 0.022 0.028 0.569 
 227 R _   0.011 0.326 0.001 0.032 0.012 0.021 0.028 0.569 
 228 A _   0.011 0.326 0.001 0.030 0.012 0.020 0.028 0.573 
 229 Q _   0.011 0.323 0.001 0.027 0.011 0.019 0.027 0.580 
 230 F _   0.010 0.318 0.001 0.025 0.010 0.019 0.027 0.589 
 231 D _   0.010 0.310 0.001 0.024 0.010 0.018 0.027 0.599 
 232 T _   0.010 0.302 0.001 0.023 0.009 0.017 0.028 0.610 
 233 L _   0.011 0.292 0.001 0.022 0.009 0.017 0.028 0.620 
 234 Q _   0.011 0.282 0.001 0.022 0.009 0.016 0.028 0.631 
 235 K _   0.011 0.269 0.001 0.022 0.009 0.016 0.029 0.645 
 236 L _   0.011 0.254 0.001 0.021 0.008 0.015 0.029 0.662 
 237 V _   0.010 0.236 0.001 0.019 0.008 0.014 0.030 0.682 
 238 K _   0.010 0.216 0.001 0.017 0.007 0.014 0.031 0.705 
 239 H _   0.010 0.195 0.001 0.015 0.006 0.013 0.032 0.728 
 240 Y _   0.010 0.176 0.001 0.012 0.006 0.013 0.032 0.750 
 241 T _   0.009 0.161 0.001 0.011 0.005 0.013 0.033 0.767 
 242 E _   0.009 0.151 0.001 0.009 0.005 0.013 0.033 0.779 
 243 H _   0.010 0.144 0.001 0.008 0.004 0.014 0.033 0.786 
 244 A _   0.010 0.140 0.001 0.008 0.005 0.014 0.033 0.788 
 245 D _   0.011 0.140 0.001 0.009 0.005 0.015 0.033 0.785 
 246 G _   0.012 0.143 0.001 0.012 0.006 0.017 0.033 0.777 
 247 L _   0.014 0.147 0.001 0.014 0.008 0.018 0.033 0.766 
 248 C _   0.015 0.152 0.001 0.018 0.009 0.019 0.032 0.753 
 249 H _   0.016 0.158 0.001 0.022 0.011 0.020 0.032 0.741 
 250 K _   0.017 0.162 0.001 0.026 0.012 0.021 0.032 0.730 
 251 L _   0.017 0.164 0.001 0.029 0.013 0.021 0.032 0.723 
 252 T _   0.017 0.163 0.001 0.031 0.013 0.020 0.032 0.723 
 253 T _   0.016 0.159 0.001 0.031 0.012 0.019 0.033 0.727 
 254 V _   0.016 0.152 0.001 0.030 0.012 0.018 0.034 0.737 
 255 C _   0.015 0.142 0.001 0.028 0.010 0.017 0.035 0.752 
 256 P _   0.014 0.128 0.001 0.025 0.009 0.016 0.036 0.771 
 257 T _   0.013 0.111 0.001 0.022 0.008 0.014 0.038 0.793 
 258 V _   0.013 0.093 0.001 0.018 0.007 0.013 0.039 0.817 
 259 K _   0.012 0.075 0.001 0.015 0.005 0.012 0.041 0.840 
 260 P _   0.010 0.060 0.001 0.012 0.004 0.011 0.042 0.860 
 261 Q _   0.009 0.048 0.000 0.010 0.004 0.009 0.043 0.876 
 262 T _   0.008 0.040 0.000 0.008 0.003 0.009 0.044 0.888 
 263 Q _   0.007 0.033 0.000 0.007 0.003 0.008 0.044 0.897 
 264 G _   0.006 0.030 0.000 0.007 0.002 0.008 0.044 0.903 
 265 L _   0.006 0.027 0.000 0.007 0.002 0.007 0.044 0.906 
 266 A _   0.006 0.026 0.000 0.007 0.002 0.007 0.044 0.907 
 267 K _   0.006 0.026 0.000 0.008 0.003 0.008 0.043 0.907 
 268 D _   0.006 0.026 0.000 0.009 0.003 0.008 0.043 0.906 
 269 A _   0.006 0.027 0.000 0.010 0.003 0.009 0.042 0.903 
 270 W _   0.006 0.028 0.000 0.011 0.003 0.009 0.041 0.901 
 271 E _   0.006 0.029 0.000 0.012 0.004 0.010 0.040 0.899 
 272 I _   0.006 0.030 0.000 0.012 0.004 0.010 0.039 0.898 
 273 P _   0.007 0.031 0.001 0.013 0.004 0.011 0.039 0.896 
 274 R _   0.007 0.031 0.001 0.013 0.005 0.012 0.038 0.894 
 275 E _   0.007 0.032 0.001 0.013 0.005 0.013 0.037 0.892 
 276 S _   0.008 0.032 0.001 0.013 0.005 0.014 0.037 0.891 
 277 L _   0.009 0.033 0.001 0.013 0.005 0.015 0.036 0.889 
 278 R _   0.010 0.033 0.001 0.013 0.006 0.017 0.035 0.886 
 279 L _   0.011 0.034 0.001 0.013 0.006 0.018 0.035 0.883 
 280 E _   0.013 0.035 0.001 0.013 0.007 0.020 0.034 0.878 
 281 V _   0.015 0.036 0.001 0.013 0.008 0.022 0.034 0.872 
 282 K _   0.018 0.037 0.001 0.013 0.009 0.025 0.033 0.865 
 283 L _   0.021 0.039 0.001 0.013 0.010 0.028 0.032 0.855 
 284 G _   0.025 0.041 0.001 0.014 0.013 0.031 0.032 0.844 
 285 Q _   0.029 0.043 0.001 0.016 0.015 0.034 0.031 0.830 
 286 G _   0.033 0.046 0.001 0.018 0.018 0.037 0.031 0.816 
 287 C _   0.037 0.050 0.001 0.021 0.021 0.039 0.030 0.800 
 288 F _   0.041 0.053 0.002 0.024 0.023 0.041 0.030 0.786 
 289 G _   0.044 0.056 0.002 0.027 0.025 0.041 0.030 0.775 
 290 E _   0.046 0.058 0.002 0.029 0.025 0.041 0.030 0.769 
 291 V _   0.046 0.058 0.002 0.030 0.024 0.039 0.030 0.770 
 292 W _   0.045 0.056 0.002 0.029 0.023 0.037 0.031 0.778 
 293 M _   0.043 0.052 0.001 0.026 0.020 0.034 0.032 0.792 
 294 G _   0.040 0.046 0.001 0.022 0.017 0.031 0.032 0.810 
 295 T _   0.036 0.040 0.001 0.018 0.014 0.028 0.033 0.830 
 296 W _   0.032 0.033 0.001 0.015 0.011 0.025 0.034 0.850 
 297 N _   0.028 0.027 0.001 0.012 0.009 0.022 0.035 0.867 
 298 G _   0.024 0.023 0.001 0.010 0.007 0.020 0.035 0.880 
 299 T _   0.021 0.020 0.001 0.008 0.006 0.019 0.036 0.889 
 300 T _   0.019 0.019 0.001 0.008 0.006 0.017 0.036 0.894 
 301 K _   0.017 0.019 0.001 0.008 0.005 0.017 0.037 0.897 
 302 V _   0.016 0.019 0.001 0.009 0.005 0.016 0.037 0.898 
 303 A _   0.015 0.020 0.001 0.009 0.005 0.016 0.037 0.897 
 304 I _   0.014 0.021 0.001 0.010 0.006 0.016 0.037 0.896 
 305 K _   0.014 0.023 0.001 0.010 0.006 0.016 0.037 0.894 
 306 T _   0.014 0.025 0.001 0.010 0.006 0.016 0.037 0.892 
 307 L _   0.014 0.027 0.001 0.010 0.006 0.016 0.037 0.890 
 308 K _   0.014 0.029 0.001 0.010 0.006 0.017 0.037 0.886 
 309 P _   0.014 0.032 0.001 0.011 0.007 0.018 0.037 0.881 
 310 G _   0.015 0.036 0.001 0.011 0.007 0.019 0.037 0.874 
 311 T _   0.016 0.042 0.001 0.013 0.008 0.020 0.036 0.863 
 312 M _   0.018 0.048 0.001 0.015 0.010 0.022 0.036 0.850 
 313 M _   0.019 0.056 0.001 0.019 0.011 0.023 0.036 0.834 
 314 P _   0.020 0.064 0.001 0.022 0.013 0.024 0.036 0.819 
 315 E _   0.020 0.071 0.001 0.027 0.014 0.025 0.037 0.806 
 316 A _   0.020 0.076 0.001 0.031 0.014 0.025 0.037 0.796 
 317 F _   0.020 0.079 0.001 0.033 0.015 0.024 0.037 0.790 
 318 L _   0.019 0.080 0.001 0.034 0.014 0.023 0.038 0.790 
 319 Q _   0.018 0.078 0.001 0.034 0.013 0.022 0.039 0.795 
 320 E _   0.017 0.074 0.001 0.032 0.012 0.020 0.041 0.804 
 321 A _   0.015 0.066 0.001 0.028 0.010 0.018 0.042 0.820 
 322 Q _   0.014 0.056 0.001 0.023 0.008 0.016 0.044 0.839 
 323 I _   0.013 0.043 0.001 0.018 0.006 0.014 0.045 0.860 
 324 M _   0.011 0.031 0.001 0.013 0.005 0.012 0.047 0.881 
 325 K _   0.010 0.021 0.001 0.009 0.004 0.011 0.048 0.898 
 326 K _   0.009 0.013 0.000 0.006 0.003 0.010 0.049 0.910 
 327 L _   0.008 0.009 0.000 0.005 0.002 0.009 0.049 0.917 
 328 R _   0.008 0.006 0.000 0.004 0.002 0.010 0.049 0.920 
 329 H _   0.008 0.006 0.000 0.004 0.002 0.011 0.049 0.919 
 330 D _   0.010 0.006 0.000 0.004 0.003 0.013 0.049 0.915 
 331 K _   0.012 0.007 0.000 0.006 0.004 0.015 0.049 0.907 
 332 L _   0.014 0.009 0.001 0.008 0.005 0.019 0.048 0.895 
 333 V _   0.018 0.012 0.001 0.011 0.008 0.023 0.048 0.880 
 334 P _   0.022 0.017 0.001 0.014 0.010 0.027 0.047 0.863 
 335 L _   0.025 0.021 0.001 0.017 0.012 0.031 0.046 0.846 
 336 Y _   0.029 0.025 0.001 0.019 0.015 0.034 0.045 0.830 
 337 A _   0.034 0.029 0.001 0.020 0.017 0.038 0.045 0.816 
 338 V _   0.038 0.032 0.001 0.019 0.018 0.041 0.045 0.806 
 339 V _   0.043 0.034 0.001 0.018 0.020 0.043 0.044 0.796 
 340 S _   0.048 0.036 0.001 0.016 0.020 0.045 0.044 0.788 
 341 E _   0.052 0.038 0.001 0.015 0.021 0.047 0.045 0.779 
 342 E _   0.056 0.041 0.001 0.015 0.023 0.049 0.045 0.770 
 343 P _   0.059 0.046 0.001 0.016 0.024 0.050 0.046 0.759 
 344 I _   0.060 0.051 0.002 0.018 0.025 0.051 0.046 0.747 
 345 Y _   0.059 0.058 0.002 0.020 0.026 0.050 0.047 0.738 
 346 I _   0.058 0.064 0.002 0.024 0.027 0.049 0.048 0.729 
 347 V _   0.055 0.071 0.002 0.027 0.026 0.047 0.049 0.723 
 348 T _   0.051 0.076 0.002 0.030 0.025 0.044 0.051 0.722 
 349 E _   0.046 0.079 0.002 0.031 0.023 0.040 0.052 0.727 
 350 F _   0.040 0.079 0.002 0.031 0.021 0.036 0.054 0.737 
 351 M _   0.034 0.078 0.001 0.030 0.018 0.032 0.056 0.750 
 352 S _   0.029 0.076 0.001 0.028 0.015 0.028 0.058 0.764 
 353 K _   0.025 0.072 0.001 0.026 0.013 0.025 0.061 0.778 
 354 G _   0.022 0.067 0.001 0.024 0.010 0.022 0.063 0.792 
 355 S _   0.019 0.061 0.001 0.022 0.009 0.019 0.066 0.804 
 356 L _   0.017 0.055 0.001 0.021 0.007 0.017 0.069 0.814 
 357 L _   0.015 0.048 0.001 0.019 0.006 0.015 0.071 0.825 
 358 D _   0.013 0.040 0.001 0.017 0.005 0.013 0.074 0.837 
 359 F _   0.012 0.032 0.001 0.014 0.004 0.011 0.077 0.850 
 360 L _   0.010 0.024 0.000 0.011 0.004 0.009 0.079 0.862 
 361 K _   0.009 0.017 0.000 0.009 0.003 0.008 0.081 0.874 
 362 E _   0.007 0.011 0.000 0.006 0.002 0.007 0.083 0.883 
 363 G _   0.006 0.007 0.000 0.005 0.002 0.006 0.084 0.890 
 364 D _   0.006 0.005 0.000 0.004 0.002 0.006 0.084 0.894 
 365 G _   0.005 0.004 0.000 0.003 0.001 0.006 0.084 0.896 
 366 K _   0.005 0.004 0.000 0.003 0.001 0.006 0.084 0.896 
 367 Y _   0.006 0.004 0.000 0.003 0.002 0.008 0.083 0.895 
 368 L _   0.007 0.005 0.000 0.004 0.002 0.010 0.081 0.891 
 369 K _   0.008 0.008 0.000 0.006 0.003 0.013 0.079 0.883 
 370 L _   0.010 0.013 0.000 0.009 0.004 0.016 0.077 0.871 
 371 P _   0.012 0.021 0.001 0.013 0.007 0.021 0.074 0.852 
 372 Q _   0.014 0.033 0.001 0.018 0.010 0.025 0.071 0.828 
 373 L _   0.017 0.047 0.001 0.024 0.013 0.030 0.067 0.800 
 374 V _   0.019 0.060 0.001 0.030 0.016 0.034 0.064 0.775 
 375 D _   0.022 0.070 0.001 0.035 0.019 0.037 0.062 0.754 
 376 M _   0.025 0.077 0.001 0.038 0.021 0.039 0.059 0.740 
 377 A _   0.027 0.080 0.002 0.038 0.022 0.040 0.057 0.733 
 378 A _   0.029 0.082 0.002 0.036 0.023 0.041 0.056 0.732 
 379 Q _   0.032 0.080 0.002 0.033 0.022 0.041 0.055 0.736 
 380 I _   0.034 0.077 0.001 0.029 0.022 0.041 0.054 0.742 
 381 A _   0.036 0.072 0.001 0.025 0.021 0.040 0.053 0.751 
 382 D _   0.038 0.067 0.001 0.022 0.020 0.039 0.053 0.761 
 383 G _   0.039 0.061 0.001 0.020 0.018 0.038 0.053 0.769 
 384 M _   0.040 0.056 0.001 0.020 0.018 0.037 0.053 0.776 
 385 A _   0.040 0.051 0.001 0.020 0.017 0.035 0.053 0.783 
 386 Y _   0.039 0.046 0.001 0.020 0.016 0.033 0.054 0.791 
 387 I _   0.037 0.041 0.001 0.019 0.015 0.031 0.054 0.802 
 388 E _   0.034 0.035 0.001 0.018 0.013 0.029 0.055 0.816 
 389 R _   0.031 0.028 0.001 0.016 0.011 0.026 0.055 0.832 
 390 M _   0.027 0.021 0.001 0.014 0.009 0.023 0.056 0.849 
 391 N _   0.025 0.014 0.001 0.011 0.007 0.021 0.057 0.865 
 392 Y _   0.022 0.009 0.001 0.008 0.006 0.019 0.057 0.878 
 393 I _   0.021 0.005 0.001 0.006 0.005 0.018 0.057 0.887 
 394 H _   0.021 0.003 0.001 0.005 0.005 0.017 0.057 0.892 
 395 R _   0.021 0.002 0.001 0.004 0.004 0.018 0.057 0.893 
 396 D _   0.024 0.001 0.001 0.004 0.005 0.019 0.057 0.890 
 397 L _   0.027 0.001 0.001 0.005 0.005 0.021 0.057 0.884 
 398 R _   0.032 0.001 0.001 0.005 0.007 0.023 0.056 0.876 
 399 A _   0.038 0.001 0.001 0.006 0.008 0.026 0.056 0.864 
 400 A _   0.045 0.001 0.001 0.007 0.010 0.029 0.055 0.852 
 401 N _   0.053 0.001 0.001 0.008 0.011 0.031 0.055 0.839 
 402 I _   0.060 0.002 0.001 0.009 0.013 0.034 0.055 0.826 
 403 L _   0.068 0.002 0.001 0.010 0.014 0.037 0.054 0.814 
 404 V _   0.075 0.002 0.001 0.010 0.016 0.039 0.054 0.803 
 405 G _   0.082 0.003 0.001 0.009 0.017 0.041 0.054 0.793 
 406 E _   0.087 0.003 0.001 0.009 0.018 0.043 0.054 0.785 
 407 N _   0.092 0.003 0.001 0.009 0.018 0.044 0.055 0.778 
 408 L _   0.095 0.004 0.001 0.009 0.019 0.045 0.055 0.772 
 409 V _   0.096 0.005 0.001 0.009 0.020 0.045 0.056 0.768 
 410 C _   0.097 0.006 0.001 0.011 0.020 0.045 0.056 0.764 
 411 K _   0.094 0.008 0.001 0.013 0.021 0.044 0.057 0.761 
 412 I _   0.091 0.011 0.001 0.016 0.021 0.043 0.058 0.758 
 413 A _   0.085 0.014 0.002 0.020 0.022 0.042 0.060 0.756 
 414 D _   0.078 0.017 0.002 0.024 0.022 0.039 0.061 0.757 
 415 F _   0.070 0.020 0.002 0.028 0.021 0.037 0.063 0.761 
 416 G _   0.062 0.021 0.001 0.030 0.019 0.033 0.065 0.770 
 417 L _   0.052 0.021 0.001 0.029 0.016 0.029 0.067 0.784 
 418 A _   0.043 0.019 0.001 0.027 0.013 0.025 0.069 0.803 
 419 R _   0.034 0.016 0.001 0.022 0.010 0.020 0.072 0.824 
 420 L _   0.026 0.013 0.001 0.017 0.007 0.016 0.074 0.845 
 421 I _   0.020 0.009 0.001 0.012 0.005 0.013 0.076 0.865 
 422 E _   0.015 0.006 0.000 0.008 0.003 0.010 0.077 0.879 
 423 D _   0.012 0.004 0.000 0.006 0.002 0.008 0.078 0.889 
 424 N _   0.009 0.003 0.000 0.004 0.002 0.007 0.078 0.895 
 425 E _   0.008 0.003 0.000 0.004 0.002 0.006 0.078 0.899 
 426 Y _   0.007 0.003 0.000 0.003 0.002 0.006 0.078 0.900 
 427 T _   0.007 0.004 0.000 0.004 0.002 0.007 0.078 0.899 
 428 A _   0.007 0.005 0.000 0.005 0.002 0.008 0.077 0.896 
 429 R _   0.007 0.008 0.000 0.007 0.003 0.009 0.075 0.891 
 430 Q _   0.007 0.013 0.000 0.009 0.004 0.010 0.074 0.884 
 431 G _   0.007 0.018 0.001 0.011 0.004 0.011 0.072 0.875 
 432 A _   0.008 0.025 0.001 0.014 0.005 0.012 0.070 0.865 
 433 K _   0.008 0.032 0.001 0.016 0.006 0.014 0.068 0.856 
 434 F _   0.008 0.039 0.001 0.017 0.006 0.015 0.066 0.849 
 435 P _   0.009 0.044 0.001 0.017 0.007 0.016 0.064 0.842 
 436 I _   0.009 0.050 0.001 0.018 0.007 0.017 0.062 0.835 
 437 K _   0.010 0.055 0.001 0.019 0.008 0.019 0.061 0.828 
 438 W _   0.011 0.061 0.001 0.019 0.009 0.020 0.059 0.820 
 439 T _   0.012 0.066 0.001 0.021 0.010 0.022 0.058 0.811 
 440 A _   0.013 0.071 0.001 0.023 0.011 0.023 0.057 0.801 
 441 P _   0.014 0.075 0.001 0.025 0.012 0.025 0.055 0.792 
 442 E _   0.015 0.079 0.001 0.027 0.013 0.026 0.054 0.784 
 443 A _   0.016 0.082 0.001 0.029 0.014 0.027 0.054 0.778 
 444 A _   0.017 0.083 0.001 0.030 0.014 0.027 0.053 0.775 
 445 L _   0.017 0.082 0.001 0.029 0.014 0.027 0.052 0.777 
 446 Y _   0.018 0.078 0.001 0.027 0.013 0.027 0.052 0.784 
 447 G _   0.018 0.073 0.001 0.023 0.012 0.026 0.052 0.795 
 448 R _   0.018 0.066 0.001 0.019 0.011 0.026 0.052 0.807 
 449 F _   0.018 0.058 0.001 0.015 0.010 0.026 0.052 0.820 
 450 T _   0.020 0.051 0.001 0.011 0.009 0.026 0.052 0.830 
 451 I _   0.022 0.046 0.001 0.009 0.008 0.028 0.052 0.835 
 452 K _   0.025 0.044 0.001 0.008 0.008 0.029 0.052 0.833 
 453 S _   0.030 0.044 0.001 0.008 0.010 0.032 0.052 0.825 
 454 D _   0.035 0.046 0.001 0.009 0.012 0.035 0.052 0.809 
 455 V _   0.043 0.052 0.001 0.012 0.016 0.039 0.052 0.785 
 456 W _   0.050 0.061 0.002 0.017 0.021 0.043 0.051 0.755 
 457 S _   0.055 0.072 0.002 0.022 0.026 0.046 0.051 0.725 
 458 F _   0.059 0.084 0.002 0.029 0.030 0.047 0.051 0.697 
 459 G _   0.061 0.093 0.002 0.035 0.033 0.047 0.052 0.677 
 460 I _   0.062 0.099 0.002 0.039 0.033 0.046 0.053 0.665 
 461 L _   0.060 0.102 0.002 0.040 0.033 0.044 0.055 0.664 
 462 Q _   0.057 0.101 0.002 0.039 0.030 0.041 0.057 0.673 
 463 T _   0.052 0.096 0.002 0.036 0.027 0.038 0.059 0.691 
 464 E _   0.046 0.089 0.002 0.032 0.022 0.034 0.062 0.714 
 465 L _   0.039 0.079 0.001 0.027 0.018 0.029 0.065 0.741 
 466 V _   0.033 0.068 0.001 0.022 0.014 0.025 0.069 0.769 
 467 T _   0.027 0.056 0.001 0.017 0.010 0.021 0.072 0.795 
 468 K _   0.022 0.046 0.001 0.013 0.007 0.018 0.075 0.817 
 469 G _   0.018 0.038 0.001 0.010 0.006 0.015 0.078 0.834 
 470 R _   0.015 0.033 0.001 0.008 0.004 0.013 0.080 0.846 
 471 V _   0.012 0.029 0.000 0.007 0.003 0.012 0.082 0.854 
 472 P _   0.011 0.027 0.000 0.006 0.003 0.011 0.084 0.858 
 473 Y _   0.010 0.027 0.000 0.005 0.003 0.011 0.085 0.859 
 474 P _   0.010 0.028 0.000 0.005 0.003 0.011 0.086 0.856 
 475 G _   0.010 0.031 0.000 0.007 0.004 0.012 0.086 0.849 
 476 M _   0.011 0.038 0.001 0.008 0.005 0.014 0.087 0.836 
 477 V _   0.012 0.048 0.001 0.012 0.006 0.016 0.087 0.818 
 478 N _   0.013 0.063 0.001 0.016 0.008 0.018 0.087 0.793 
 479 R _   0.014 0.081 0.001 0.021 0.010 0.019 0.088 0.766 
 480 E _   0.014 0.100 0.001 0.025 0.012 0.020 0.088 0.739 
 481 V _   0.014 0.116 0.001 0.030 0.012 0.021 0.089 0.717 
 482 L _   0.014 0.127 0.001 0.032 0.013 0.020 0.090 0.702 
 483 E _   0.014 0.134 0.001 0.033 0.012 0.020 0.092 0.694 
 484 Q _   0.013 0.137 0.001 0.032 0.012 0.019 0.094 0.692 
 485 V _   0.012 0.137 0.001 0.030 0.011 0.018 0.097 0.695 
 486 E _   0.011 0.135 0.001 0.027 0.009 0.016 0.100 0.700 
 487 R _   0.011 0.130 0.001 0.023 0.008 0.015 0.104 0.709 
 488 G _   0.010 0.124 0.001 0.019 0.007 0.014 0.108 0.718 
 489 Y _   0.009 0.117 0.001 0.015 0.006 0.013 0.112 0.728 
 490 R _   0.008 0.111 0.001 0.013 0.005 0.012 0.116 0.735 
 491 M _   0.008 0.106 0.001 0.010 0.004 0.011 0.119 0.740 
 492 P _   0.008 0.103 0.000 0.009 0.004 0.011 0.123 0.742 
 493 C _   0.007 0.102 0.000 0.008 0.003 0.011 0.125 0.742 
 494 P _   0.007 0.103 0.000 0.008 0.003 0.012 0.128 0.738 
 495 Q _   0.008 0.106 0.000 0.009 0.004 0.013 0.130 0.731 
 496 G _   0.008 0.112 0.001 0.010 0.005 0.014 0.132 0.717 
 497 C _   0.009 0.123 0.001 0.014 0.006 0.016 0.133 0.697 
 498 P _   0.010 0.140 0.001 0.019 0.009 0.018 0.135 0.668 
 499 E _   0.011 0.162 0.001 0.027 0.011 0.020 0.136 0.632 
 500 S _   0.012 0.185 0.001 0.036 0.014 0.022 0.138 0.592 
 501 L _   0.012 0.205 0.001 0.046 0.016 0.023 0.140 0.556 
 502 H _   0.013 0.219 0.001 0.055 0.017 0.023 0.144 0.528 
 503 E _   0.013 0.225 0.001 0.061 0.017 0.022 0.149 0.511 
 504 L _   0.013 0.226 0.001 0.063 0.017 0.021 0.155 0.504 
 505 M _   0.012 0.219 0.001 0.061 0.016 0.020 0.163 0.507 
 506 N _   0.012 0.203 0.001 0.055 0.014 0.018 0.174 0.522 
 507 L _   0.011 0.175 0.001 0.045 0.012 0.016 0.188 0.552 
 508 C _   0.011 0.134 0.001 0.033 0.009 0.014 0.204 0.595 
 509 W _   0.010 0.087 0.001 0.021 0.007 0.012 0.220 0.642 
 510 K _   0.009 0.050 0.001 0.012 0.004 0.010 0.234 0.681 
 511 K _   0.007 0.027 0.000 0.006 0.003 0.008 0.244 0.704 
 512 D _   0.006 0.017 0.000 0.003 0.002 0.007 0.251 0.713 
 513 P _   0.005 0.014 0.000 0.002 0.001 0.007 0.256 0.714 
 514 D _   0.006 0.014 0.000 0.002 0.001 0.009 0.259 0.708 
 515 E _   0.008 0.016 0.000 0.003 0.003 0.012 0.262 0.695 
 516 R _   0.012 0.027 0.001 0.007 0.005 0.018 0.263 0.668 
 517 P _   0.016 0.057 0.001 0.014 0.010 0.024 0.264 0.613 
 518 T _   0.019 0.125 0.002 0.025 0.017 0.030 0.263 0.519 
 519 F _   0.018 0.223 0.002 0.038 0.022 0.032 0.261 0.403 
 520 E E   0.016 0.315 0.002 0.048 0.024 0.032 0.261 0.302 
 521 Y E   0.014 0.379 0.002 0.055 0.023 0.030 0.263 0.234 
 522 I E   0.012 0.416 0.002 0.059 0.022 0.029 0.266 0.194 
 523 Q E   0.011 0.435 0.001 0.061 0.021 0.027 0.271 0.172 
 524 S E   0.010 0.443 0.001 0.061 0.020 0.025 0.279 0.160 
 525 F E   0.010 0.443 0.001 0.060 0.020 0.024 0.288 0.154 
 526 L E   0.010 0.437 0.001 0.057 0.019 0.023 0.301 0.152 
 527 E E   0.010 0.423 0.002 0.054 0.018 0.022 0.318 0.154 
 528 D E   0.010 0.399 0.002 0.051 0.017 0.020 0.340 0.160 
 529 Y X   0.010 0.365 0.002 0.048 0.017 0.020 0.370 0.168 
 530 F X   0.011 0.321 0.002 0.045 0.016 0.019 0.406 0.180 
 531 T X   0.011 0.270 0.002 0.041 0.014 0.018 0.450 0.193 
 532 A X   0.011 0.215 0.002 0.037 0.013 0.017 0.500 0.205 
 533 T X   0.011 0.161 0.002 0.031 0.010 0.015 0.552 0.218 
 534 E X   0.009 0.114 0.001 0.025 0.008 0.013 0.602 0.229 
 535 P X   0.008 0.077 0.001 0.019 0.006 0.011 0.643 0.236 
 536 Q X   0.006 0.051 0.001 0.014 0.004 0.008 0.676 0.240 
 537 Y X   0.004 0.033 0.000 0.010 0.003 0.006 0.704 0.240 
 538 Q X   0.003 0.020 0.000 0.006 0.002 0.004 0.725 0.239 
 539 P X   0.001 0.012 0.000 0.004 0.001 0.002 0.742 0.239 
 540 G X   0.000 0.006 0.000 0.002 0.000 0.001 0.751 0.240 
 541 E X   0.000 0.004 0.000 0.001 0.000 0.000 0.753 0.241 
 542 N X   0.000 0.003 0.000 0.002 0.000 0.000 0.751 0.243 
 543 L X   0.002 0.003 0.001 0.008 0.002 0.002 0.738 0.243 
