#TopoPred_TM8: 8-state transmembrane topology prediction results by no_profile mode 
#probabilities are in the order of H E C I L F X _, the 8 transmembrane topology types used in PDBTM 
   1 M X   0.010 0.001 0.002 0.036 0.007 0.007 0.793 0.145 
   2 L X   0.003 0.000 0.000 0.018 0.001 0.003 0.813 0.161 
   3 E X   0.001 0.000 0.000 0.010 0.000 0.002 0.817 0.170 
   4 R X   0.001 0.001 0.000 0.008 0.000 0.002 0.814 0.174 
   5 P X   0.001 0.001 0.000 0.009 0.001 0.004 0.809 0.175 
   6 P X   0.002 0.003 0.000 0.011 0.001 0.006 0.800 0.177 
   7 A X   0.003 0.006 0.000 0.014 0.002 0.007 0.790 0.177 
   8 L X   0.004 0.010 0.000 0.019 0.003 0.009 0.777 0.179 
   9 A X   0.004 0.014 0.000 0.024 0.004 0.009 0.763 0.182 
  10 M X   0.004 0.017 0.001 0.027 0.004 0.009 0.751 0.187 
  11 P X   0.003 0.019 0.001 0.028 0.005 0.009 0.740 0.196 
  12 M X   0.003 0.020 0.000 0.026 0.004 0.008 0.731 0.207 
  13 P X   0.003 0.020 0.000 0.022 0.004 0.007 0.724 0.220 
  14 T X   0.003 0.019 0.000 0.017 0.003 0.006 0.719 0.233 
  15 E X   0.003 0.017 0.000 0.012 0.002 0.005 0.714 0.246 
  16 G X   0.002 0.016 0.000 0.008 0.002 0.005 0.710 0.257 
  17 T X   0.002 0.014 0.000 0.006 0.001 0.004 0.705 0.267 
  18 P X   0.002 0.013 0.000 0.004 0.001 0.004 0.699 0.276 
  19 P X   0.002 0.013 0.000 0.004 0.001 0.004 0.693 0.284 
  20 P X   0.002 0.014 0.000 0.003 0.001 0.004 0.685 0.291 
  21 L X   0.002 0.015 0.000 0.004 0.001 0.004 0.675 0.298 
  22 S X   0.002 0.018 0.000 0.005 0.002 0.005 0.664 0.304 
  23 G X   0.003 0.024 0.000 0.007 0.002 0.006 0.649 0.309 
  24 T X   0.003 0.033 0.000 0.010 0.003 0.008 0.632 0.310 
  25 P X   0.004 0.049 0.001 0.014 0.005 0.009 0.611 0.308 
  26 I X   0.004 0.073 0.001 0.019 0.007 0.011 0.587 0.299 
  27 P X   0.004 0.101 0.001 0.025 0.008 0.012 0.562 0.286 
  28 V X   0.004 0.132 0.001 0.030 0.009 0.013 0.539 0.272 
  29 P X   0.004 0.158 0.001 0.034 0.009 0.013 0.520 0.260 
  30 A X   0.004 0.178 0.001 0.036 0.009 0.013 0.505 0.254 
  31 Y X   0.004 0.190 0.001 0.037 0.009 0.013 0.494 0.253 
  32 F X   0.004 0.198 0.001 0.036 0.008 0.012 0.486 0.255 
  33 R X   0.004 0.201 0.001 0.034 0.008 0.011 0.480 0.261 
  34 H X   0.004 0.201 0.001 0.031 0.007 0.011 0.476 0.270 
  35 A X   0.004 0.198 0.001 0.028 0.006 0.010 0.472 0.281 
  36 E X   0.004 0.193 0.001 0.024 0.006 0.009 0.470 0.293 
  37 P X   0.004 0.186 0.001 0.021 0.005 0.009 0.469 0.305 
  38 G X   0.004 0.178 0.001 0.019 0.005 0.009 0.469 0.317 
  39 F X   0.005 0.168 0.001 0.017 0.004 0.008 0.469 0.328 
  40 S X   0.005 0.157 0.000 0.016 0.004 0.008 0.470 0.340 
  41 L X   0.005 0.146 0.000 0.016 0.004 0.008 0.471 0.351 
  42 K X   0.005 0.134 0.000 0.015 0.004 0.008 0.472 0.361 
  43 R X   0.005 0.121 0.000 0.014 0.004 0.008 0.474 0.373 
  44 P X   0.005 0.108 0.000 0.014 0.003 0.007 0.476 0.386 
  45 R X   0.006 0.094 0.000 0.013 0.003 0.007 0.479 0.399 
  46 G X   0.005 0.080 0.000 0.012 0.003 0.007 0.481 0.412 
  47 L X   0.005 0.066 0.000 0.010 0.003 0.006 0.483 0.426 
  48 S X   0.005 0.053 0.000 0.009 0.002 0.006 0.484 0.440 
  49 R X   0.005 0.042 0.000 0.007 0.002 0.005 0.485 0.453 
  50 S X   0.004 0.034 0.000 0.006 0.001 0.005 0.485 0.466 
  51 L X   0.004 0.028 0.000 0.004 0.001 0.004 0.483 0.476 
  52 P _   0.003 0.024 0.000 0.004 0.001 0.004 0.480 0.485 
  53 P _   0.003 0.022 0.000 0.003 0.001 0.004 0.475 0.493 
  54 P _   0.003 0.022 0.000 0.003 0.001 0.004 0.468 0.500 
  55 P _   0.003 0.022 0.000 0.003 0.001 0.004 0.459 0.507 
  56 P _   0.003 0.026 0.000 0.004 0.001 0.006 0.447 0.512 
  57 A _   0.004 0.033 0.000 0.007 0.003 0.008 0.430 0.514 
  58 K _   0.005 0.051 0.001 0.013 0.005 0.011 0.407 0.508 
  59 G _   0.006 0.086 0.001 0.021 0.008 0.015 0.375 0.488 
  60 S _   0.007 0.145 0.002 0.032 0.011 0.018 0.335 0.450 
  61 I _   0.007 0.223 0.002 0.042 0.014 0.020 0.293 0.400 
  62 P _   0.006 0.298 0.002 0.048 0.015 0.020 0.257 0.354 
  63 I E   0.006 0.355 0.002 0.051 0.014 0.019 0.231 0.323 
  64 S E   0.005 0.392 0.001 0.050 0.013 0.017 0.213 0.308 
  65 R E   0.005 0.413 0.001 0.048 0.011 0.016 0.201 0.305 
  66 L E   0.005 0.423 0.001 0.044 0.010 0.015 0.192 0.311 
  67 F E   0.005 0.427 0.001 0.038 0.009 0.014 0.185 0.322 
  68 P E   0.005 0.426 0.001 0.032 0.008 0.013 0.180 0.337 
  69 P E   0.005 0.421 0.001 0.026 0.007 0.012 0.175 0.354 
  70 R E   0.005 0.413 0.001 0.020 0.006 0.011 0.172 0.372 
  71 T E   0.005 0.405 0.001 0.016 0.005 0.011 0.169 0.389 
  72 P _   0.005 0.397 0.001 0.013 0.004 0.010 0.166 0.403 
  73 G _   0.005 0.391 0.000 0.011 0.004 0.010 0.163 0.414 
  74 W _   0.005 0.387 0.000 0.010 0.004 0.010 0.160 0.422 
  75 H _   0.005 0.385 0.000 0.010 0.004 0.010 0.157 0.428 
  76 Q _   0.005 0.385 0.000 0.010 0.004 0.010 0.154 0.431 
  77 L _   0.005 0.387 0.000 0.011 0.004 0.010 0.151 0.432 
  78 Q _   0.005 0.390 0.000 0.011 0.004 0.010 0.147 0.432 
  79 P _   0.005 0.393 0.001 0.012 0.004 0.010 0.143 0.431 
  80 R _   0.005 0.397 0.001 0.013 0.005 0.010 0.140 0.429 
  81 R _   0.005 0.401 0.001 0.015 0.005 0.010 0.137 0.427 
  82 V _   0.005 0.404 0.001 0.016 0.005 0.010 0.133 0.425 
  83 S _   0.005 0.406 0.001 0.018 0.006 0.010 0.131 0.423 
  84 F _   0.005 0.407 0.001 0.020 0.006 0.010 0.128 0.422 
  85 R _   0.006 0.405 0.001 0.022 0.006 0.010 0.126 0.423 
  86 G _   0.006 0.402 0.001 0.024 0.006 0.010 0.125 0.426 
  87 E _   0.006 0.395 0.001 0.026 0.007 0.010 0.124 0.433 
  88 A _   0.006 0.383 0.001 0.027 0.007 0.010 0.123 0.443 
  89 S _   0.007 0.364 0.001 0.026 0.007 0.010 0.124 0.461 
  90 E _   0.007 0.338 0.001 0.026 0.007 0.010 0.125 0.487 
  91 T _   0.008 0.302 0.001 0.024 0.006 0.010 0.127 0.523 
  92 L _   0.008 0.258 0.001 0.021 0.006 0.010 0.129 0.568 
  93 Q _   0.008 0.210 0.001 0.017 0.005 0.009 0.131 0.619 
  94 S _   0.007 0.166 0.001 0.013 0.004 0.009 0.133 0.668 
  95 P _   0.007 0.132 0.000 0.009 0.003 0.008 0.134 0.707 
  96 G _   0.006 0.112 0.000 0.006 0.002 0.007 0.135 0.732 
  97 Y _   0.005 0.102 0.000 0.004 0.002 0.007 0.134 0.746 
  98 D _   0.005 0.098 0.000 0.004 0.002 0.008 0.132 0.752 
  99 P _   0.005 0.099 0.000 0.005 0.002 0.009 0.130 0.751 
 100 S _   0.006 0.105 0.000 0.007 0.003 0.011 0.126 0.742 
 101 R _   0.007 0.121 0.001 0.011 0.005 0.014 0.122 0.720 
 102 P _   0.009 0.152 0.001 0.018 0.008 0.018 0.115 0.680 
 103 E _   0.009 0.201 0.001 0.027 0.011 0.020 0.106 0.624 
 104 S _   0.009 0.255 0.001 0.035 0.013 0.022 0.098 0.566 
 105 F _   0.009 0.302 0.001 0.042 0.014 0.022 0.091 0.518 
 106 F _   0.009 0.334 0.001 0.047 0.014 0.022 0.085 0.488 
 107 Q _   0.008 0.353 0.001 0.049 0.014 0.022 0.081 0.472 
 108 Q _   0.008 0.362 0.001 0.049 0.014 0.021 0.079 0.467 
 109 S _   0.008 0.364 0.001 0.046 0.014 0.020 0.077 0.470 
 110 F _   0.008 0.360 0.001 0.042 0.013 0.019 0.075 0.481 
 111 Q _   0.009 0.350 0.001 0.036 0.012 0.018 0.075 0.499 
 112 R _   0.009 0.334 0.001 0.031 0.011 0.017 0.074 0.522 
 113 L _   0.010 0.314 0.001 0.025 0.010 0.017 0.075 0.548 
 114 S _   0.010 0.293 0.001 0.021 0.009 0.016 0.075 0.575 
 115 R _   0.011 0.271 0.001 0.018 0.008 0.016 0.076 0.600 
 116 L _   0.011 0.252 0.001 0.015 0.007 0.016 0.076 0.622 
 117 G _   0.011 0.237 0.001 0.014 0.007 0.015 0.077 0.638 
 118 H _   0.012 0.226 0.001 0.014 0.007 0.015 0.077 0.648 
 119 G _   0.012 0.218 0.001 0.015 0.007 0.015 0.078 0.655 
 120 S _   0.012 0.211 0.001 0.017 0.007 0.015 0.078 0.660 
 121 Y _   0.012 0.204 0.001 0.019 0.007 0.015 0.078 0.664 
 122 G _   0.012 0.197 0.001 0.020 0.007 0.014 0.079 0.669 
 123 E _   0.012 0.187 0.001 0.021 0.007 0.014 0.080 0.677 
 124 V _   0.011 0.175 0.001 0.021 0.007 0.013 0.081 0.691 
 125 F _   0.011 0.159 0.001 0.020 0.007 0.012 0.082 0.709 
 126 K _   0.010 0.140 0.001 0.017 0.006 0.011 0.084 0.731 
 127 V _   0.009 0.120 0.001 0.014 0.005 0.010 0.085 0.756 
 128 R _   0.008 0.102 0.001 0.011 0.004 0.009 0.086 0.779 
 129 S _   0.007 0.088 0.000 0.008 0.003 0.009 0.087 0.797 
 130 K _   0.007 0.079 0.000 0.007 0.003 0.008 0.087 0.808 
 131 E _   0.006 0.075 0.000 0.006 0.002 0.008 0.087 0.814 
 132 D _   0.007 0.073 0.000 0.007 0.003 0.009 0.087 0.814 
 133 G _   0.007 0.074 0.000 0.008 0.003 0.010 0.087 0.810 
 134 R _   0.008 0.077 0.000 0.011 0.004 0.011 0.086 0.802 
 135 L _   0.008 0.082 0.001 0.016 0.005 0.012 0.085 0.791 
 136 Y _   0.009 0.087 0.001 0.021 0.006 0.013 0.084 0.779 
 137 A _   0.009 0.092 0.001 0.026 0.007 0.013 0.084 0.769 
 138 V _   0.009 0.094 0.001 0.029 0.008 0.013 0.083 0.763 
 139 K _   0.009 0.094 0.001 0.031 0.008 0.013 0.084 0.761 
 140 R _   0.009 0.091 0.001 0.030 0.007 0.013 0.084 0.765 
 141 S _   0.009 0.085 0.001 0.028 0.007 0.012 0.085 0.775 
 142 M _   0.008 0.075 0.001 0.023 0.006 0.011 0.087 0.789 
 143 S _   0.008 0.062 0.001 0.018 0.005 0.009 0.088 0.808 
 144 P _   0.007 0.049 0.001 0.014 0.004 0.008 0.090 0.828 
 145 F _   0.006 0.036 0.000 0.010 0.003 0.007 0.091 0.846 
 146 R _   0.006 0.028 0.000 0.007 0.002 0.006 0.091 0.860 
 147 G _   0.005 0.022 0.000 0.005 0.002 0.006 0.091 0.869 
 148 P _   0.005 0.020 0.000 0.004 0.001 0.005 0.091 0.874 
 149 K _   0.004 0.019 0.000 0.004 0.002 0.006 0.090 0.875 
 150 D _   0.005 0.020 0.000 0.006 0.002 0.007 0.088 0.873 
 151 R _   0.005 0.023 0.000 0.008 0.002 0.008 0.086 0.868 
 152 A _   0.005 0.027 0.000 0.012 0.003 0.009 0.083 0.859 
 153 R _   0.006 0.034 0.001 0.017 0.004 0.010 0.080 0.848 
 154 K _   0.006 0.040 0.001 0.022 0.005 0.011 0.077 0.838 
 155 L _   0.006 0.045 0.001 0.026 0.006 0.012 0.075 0.830 
 156 A _   0.006 0.049 0.001 0.028 0.006 0.012 0.072 0.826 
 157 E _   0.006 0.050 0.001 0.028 0.006 0.012 0.070 0.827 
 158 V _   0.006 0.050 0.001 0.026 0.006 0.011 0.069 0.832 
 159 G _   0.006 0.047 0.001 0.022 0.005 0.011 0.068 0.841 
 160 S _   0.006 0.044 0.001 0.018 0.005 0.010 0.067 0.851 
 161 H _   0.006 0.039 0.000 0.013 0.004 0.009 0.066 0.862 
 162 E _   0.006 0.036 0.000 0.010 0.003 0.009 0.065 0.870 
 163 K _   0.006 0.033 0.000 0.008 0.003 0.009 0.064 0.876 
 164 V _   0.007 0.031 0.000 0.006 0.003 0.010 0.064 0.878 
 165 G _   0.008 0.032 0.000 0.006 0.003 0.011 0.063 0.877 
 166 Q _   0.009 0.033 0.000 0.007 0.004 0.013 0.061 0.872 
 167 H _   0.011 0.038 0.001 0.009 0.005 0.015 0.060 0.863 
 168 P _   0.012 0.045 0.001 0.011 0.006 0.018 0.058 0.850 
 169 C _   0.013 0.054 0.001 0.014 0.008 0.020 0.056 0.833 
 170 C _   0.015 0.066 0.001 0.018 0.010 0.023 0.054 0.815 
 171 V _   0.016 0.079 0.001 0.021 0.011 0.024 0.051 0.797 
 172 R _   0.017 0.090 0.001 0.023 0.013 0.026 0.049 0.781 
 173 L _   0.017 0.100 0.001 0.024 0.013 0.027 0.047 0.769 
 174 E _   0.018 0.108 0.001 0.025 0.014 0.028 0.046 0.760 
 175 Q _   0.018 0.115 0.001 0.025 0.014 0.029 0.044 0.754 
 176 A _   0.019 0.119 0.001 0.024 0.014 0.029 0.043 0.750 
 177 W _   0.020 0.122 0.001 0.023 0.015 0.029 0.042 0.748 
 178 E _   0.021 0.125 0.001 0.023 0.015 0.029 0.041 0.746 
 179 E _   0.022 0.127 0.001 0.024 0.015 0.029 0.040 0.742 
 180 G _   0.022 0.129 0.001 0.025 0.015 0.029 0.039 0.739 
 181 G _   0.023 0.130 0.001 0.027 0.015 0.028 0.039 0.738 
 182 I _   0.023 0.129 0.001 0.028 0.015 0.027 0.038 0.737 
 183 L _   0.023 0.126 0.001 0.030 0.015 0.026 0.038 0.741 
 184 Y _   0.022 0.121 0.001 0.029 0.014 0.025 0.038 0.749 
 185 L _   0.021 0.112 0.001 0.028 0.013 0.023 0.038 0.763 
 186 Q _   0.019 0.099 0.001 0.026 0.012 0.021 0.039 0.783 
 187 T _   0.017 0.083 0.001 0.022 0.010 0.019 0.039 0.808 
 188 E _   0.015 0.065 0.001 0.017 0.008 0.017 0.040 0.836 
 189 L _   0.014 0.047 0.001 0.013 0.006 0.016 0.040 0.863 
 190 C _   0.012 0.034 0.001 0.010 0.005 0.014 0.040 0.884 
 191 G _   0.011 0.024 0.001 0.007 0.004 0.014 0.040 0.899 
 192 P _   0.010 0.019 0.000 0.006 0.004 0.014 0.040 0.907 
 193 S _   0.011 0.016 0.000 0.006 0.004 0.014 0.040 0.910 
 194 L _   0.011 0.015 0.000 0.007 0.004 0.015 0.039 0.908 
 195 Q _   0.012 0.015 0.001 0.009 0.005 0.017 0.038 0.903 
 196 Q _   0.014 0.015 0.001 0.012 0.007 0.019 0.037 0.895 
 197 H _   0.015 0.016 0.001 0.015 0.009 0.022 0.036 0.886 
 198 C _   0.017 0.017 0.001 0.018 0.010 0.024 0.035 0.877 
 199 E _   0.020 0.018 0.001 0.021 0.012 0.026 0.035 0.869 
 200 A _   0.022 0.017 0.001 0.021 0.013 0.028 0.034 0.864 
 201 W _   0.026 0.016 0.001 0.021 0.013 0.029 0.033 0.861 
 202 G _   0.030 0.015 0.001 0.019 0.013 0.030 0.033 0.859 
 203 A _   0.035 0.012 0.001 0.016 0.013 0.032 0.032 0.859 
 204 S _   0.041 0.009 0.001 0.014 0.013 0.033 0.031 0.857 
 205 L _   0.048 0.007 0.001 0.011 0.013 0.035 0.031 0.854 
 206 P _   0.057 0.005 0.001 0.010 0.013 0.036 0.031 0.847 
 207 E _   0.068 0.003 0.001 0.008 0.013 0.038 0.031 0.838 
 208 A _   0.080 0.002 0.001 0.007 0.013 0.040 0.030 0.826 
 209 Q _   0.092 0.002 0.001 0.007 0.014 0.042 0.030 0.812 
 210 V _   0.106 0.001 0.001 0.006 0.015 0.044 0.030 0.796 
 211 W _   0.120 0.001 0.001 0.006 0.016 0.046 0.030 0.779 
 212 G _   0.134 0.001 0.001 0.006 0.018 0.047 0.030 0.762 
 213 Y _   0.148 0.001 0.001 0.006 0.020 0.049 0.030 0.745 
 214 L _   0.161 0.001 0.001 0.007 0.023 0.051 0.030 0.727 
 215 R _   0.171 0.002 0.001 0.007 0.026 0.052 0.030 0.711 
 216 D _   0.179 0.002 0.002 0.008 0.028 0.053 0.030 0.698 
 217 T _   0.183 0.003 0.002 0.010 0.030 0.052 0.031 0.689 
 218 L _   0.184 0.004 0.002 0.012 0.031 0.051 0.032 0.685 
 219 L _   0.180 0.004 0.002 0.013 0.031 0.049 0.033 0.687 
 220 A _   0.172 0.005 0.002 0.014 0.030 0.046 0.034 0.696 
 221 L _   0.160 0.005 0.002 0.015 0.027 0.043 0.036 0.713 
 222 A _   0.143 0.005 0.002 0.015 0.023 0.039 0.037 0.735 
 223 H _   0.126 0.005 0.001 0.014 0.020 0.034 0.039 0.761 
 224 L _   0.108 0.004 0.001 0.012 0.016 0.030 0.041 0.787 
 225 H _   0.091 0.004 0.001 0.011 0.013 0.026 0.043 0.811 
 226 S _   0.075 0.003 0.001 0.010 0.010 0.023 0.045 0.833 
 227 Q _   0.061 0.002 0.001 0.009 0.008 0.020 0.047 0.852 
 228 G _   0.049 0.002 0.001 0.008 0.006 0.017 0.049 0.868 
 229 L _   0.039 0.002 0.001 0.007 0.005 0.015 0.050 0.881 
 230 V _   0.031 0.002 0.001 0.007 0.004 0.013 0.052 0.891 
 231 H _   0.025 0.001 0.000 0.006 0.004 0.012 0.053 0.898 
 232 L _   0.020 0.001 0.000 0.006 0.003 0.011 0.054 0.904 
 233 D _   0.016 0.001 0.000 0.006 0.003 0.010 0.055 0.909 
 234 V _   0.014 0.002 0.000 0.006 0.003 0.009 0.055 0.911 
 235 K _   0.012 0.002 0.000 0.006 0.003 0.009 0.055 0.911 
 236 P _   0.011 0.003 0.000 0.007 0.003 0.010 0.056 0.910 
 237 A _   0.011 0.003 0.000 0.008 0.004 0.010 0.056 0.907 
 238 N _   0.011 0.004 0.000 0.010 0.004 0.010 0.056 0.905 
 239 I _   0.010 0.006 0.001 0.011 0.004 0.010 0.056 0.902 
 240 F _   0.010 0.007 0.001 0.012 0.004 0.011 0.056 0.900 
 241 L _   0.009 0.008 0.001 0.012 0.004 0.011 0.056 0.900 
 242 G _   0.009 0.008 0.001 0.011 0.004 0.010 0.056 0.901 
 243 P _   0.008 0.009 0.000 0.010 0.004 0.010 0.055 0.903 
 244 R _   0.008 0.009 0.000 0.009 0.004 0.011 0.055 0.905 
 245 G _   0.008 0.010 0.000 0.007 0.003 0.011 0.055 0.906 
 246 R _   0.009 0.011 0.000 0.006 0.003 0.012 0.054 0.905 
 247 C _   0.010 0.013 0.000 0.006 0.004 0.014 0.053 0.901 
 248 K _   0.012 0.017 0.000 0.007 0.005 0.016 0.052 0.891 
 249 L _   0.015 0.024 0.001 0.009 0.007 0.020 0.051 0.875 
 250 G _   0.018 0.039 0.001 0.012 0.010 0.023 0.050 0.847 
 251 D _   0.022 0.062 0.001 0.018 0.013 0.027 0.048 0.809 
 252 F _   0.024 0.096 0.002 0.025 0.017 0.030 0.046 0.760 
 253 G _   0.026 0.132 0.002 0.033 0.020 0.032 0.044 0.711 
 254 L _   0.027 0.163 0.002 0.041 0.022 0.033 0.042 0.670 
 255 L _   0.027 0.185 0.002 0.047 0.023 0.032 0.041 0.643 
 256 V _   0.026 0.198 0.002 0.051 0.023 0.032 0.041 0.627 
 257 E _   0.025 0.205 0.002 0.053 0.022 0.030 0.041 0.623 
 258 L _   0.024 0.205 0.001 0.052 0.020 0.028 0.041 0.628 
 259 G _   0.022 0.201 0.001 0.049 0.018 0.026 0.042 0.641 
 260 T _   0.021 0.191 0.001 0.045 0.016 0.023 0.043 0.661 
 261 A _   0.020 0.174 0.001 0.039 0.013 0.021 0.044 0.687 
 262 G _   0.019 0.152 0.001 0.033 0.011 0.018 0.046 0.720 
 263 A _   0.017 0.124 0.001 0.027 0.009 0.016 0.048 0.758 
 264 G _   0.015 0.094 0.001 0.022 0.007 0.014 0.050 0.797 
 265 E _   0.013 0.066 0.001 0.016 0.005 0.012 0.052 0.835 
 266 V _   0.011 0.042 0.001 0.012 0.004 0.010 0.053 0.868 
 267 Q _   0.009 0.025 0.000 0.008 0.003 0.008 0.054 0.893 
 268 E _   0.007 0.014 0.000 0.006 0.002 0.007 0.054 0.910 
 269 G _   0.006 0.008 0.000 0.004 0.002 0.006 0.054 0.920 
 270 D _   0.005 0.005 0.000 0.003 0.001 0.006 0.053 0.926 
 271 P _   0.005 0.004 0.000 0.004 0.002 0.006 0.052 0.928 
 272 R _   0.005 0.003 0.000 0.005 0.002 0.007 0.050 0.928 
 273 Y _   0.006 0.003 0.000 0.006 0.002 0.008 0.048 0.926 
 274 M _   0.006 0.004 0.000 0.009 0.003 0.010 0.046 0.922 
 275 A _   0.007 0.004 0.000 0.012 0.004 0.011 0.043 0.917 
 276 P _   0.009 0.005 0.001 0.015 0.005 0.013 0.041 0.913 
 277 E _   0.011 0.005 0.001 0.017 0.006 0.014 0.038 0.909 
 278 L _   0.015 0.005 0.001 0.017 0.006 0.014 0.035 0.907 
 279 L _   0.021 0.004 0.001 0.016 0.007 0.015 0.032 0.905 
 280 Q _   0.032 0.003 0.001 0.013 0.007 0.015 0.029 0.900 
 281 G _   0.049 0.002 0.001 0.010 0.007 0.016 0.026 0.889 
 282 S _   0.078 0.001 0.001 0.006 0.008 0.016 0.023 0.867 
 283 Y _   0.122 0.000 0.001 0.004 0.008 0.016 0.020 0.829 
 284 G _   0.184 0.000 0.001 0.002 0.009 0.017 0.017 0.771 
 285 T _   0.267 0.000 0.001 0.002 0.009 0.017 0.013 0.691 
 286 A _   0.366 0.000 0.001 0.001 0.010 0.016 0.010 0.594 
 287 A _   0.479 0.000 0.001 0.001 0.012 0.016 0.008 0.484 
 288 D H   0.596 0.000 0.001 0.001 0.013 0.015 0.005 0.369 
 289 V H   0.698 0.000 0.001 0.001 0.014 0.013 0.004 0.269 
 290 F H   0.779 0.000 0.001 0.001 0.015 0.012 0.003 0.190 
 291 S H   0.833 0.000 0.001 0.001 0.015 0.010 0.002 0.137 
 292 L H   0.868 0.000 0.001 0.001 0.016 0.009 0.002 0.104 
 293 G H   0.886 0.000 0.001 0.001 0.016 0.008 0.002 0.087 
 294 L H   0.892 0.000 0.001 0.001 0.017 0.008 0.002 0.080 
 295 T H   0.888 0.000 0.001 0.001 0.017 0.008 0.002 0.084 
 296 I H   0.874 0.000 0.001 0.001 0.018 0.008 0.002 0.097 
 297 L H   0.846 0.000 0.001 0.001 0.018 0.008 0.003 0.123 
 298 E H   0.800 0.000 0.001 0.001 0.018 0.009 0.004 0.167 
 299 V H   0.730 0.000 0.002 0.002 0.018 0.009 0.006 0.234 
 300 A H   0.636 0.000 0.002 0.002 0.016 0.010 0.008 0.326 
 301 C H   0.530 0.000 0.001 0.002 0.013 0.010 0.012 0.431 
 302 N _   0.419 0.000 0.001 0.003 0.010 0.010 0.016 0.541 
 303 M _   0.311 0.000 0.001 0.003 0.007 0.010 0.020 0.648 
 304 E _   0.220 0.000 0.001 0.003 0.006 0.009 0.024 0.738 
 305 L _   0.147 0.000 0.001 0.003 0.004 0.009 0.028 0.809 
 306 P _   0.095 0.000 0.000 0.003 0.003 0.008 0.030 0.860 
 307 H _   0.061 0.000 0.000 0.003 0.003 0.008 0.032 0.892 
 308 G _   0.040 0.000 0.000 0.004 0.003 0.008 0.034 0.911 
 309 G _   0.028 0.001 0.000 0.005 0.003 0.008 0.035 0.920 
 310 E _   0.020 0.001 0.000 0.006 0.003 0.009 0.036 0.924 
 311 G _   0.016 0.002 0.000 0.008 0.003 0.009 0.037 0.925 
 312 W _   0.013 0.003 0.000 0.010 0.004 0.009 0.037 0.923 
 313 Q _   0.011 0.004 0.000 0.011 0.004 0.010 0.037 0.922 
 314 Q _   0.009 0.005 0.000 0.012 0.004 0.010 0.038 0.921 
 315 L _   0.008 0.006 0.000 0.013 0.004 0.010 0.038 0.922 
 316 R _   0.007 0.006 0.000 0.012 0.004 0.010 0.038 0.923 
 317 Q _   0.006 0.006 0.000 0.012 0.004 0.010 0.038 0.924 
 318 G _   0.006 0.006 0.000 0.011 0.004 0.010 0.038 0.925 
 319 Y _   0.006 0.006 0.000 0.010 0.004 0.010 0.038 0.925 
 320 L _   0.006 0.006 0.000 0.010 0.004 0.011 0.039 0.924 
 321 P _   0.007 0.006 0.000 0.009 0.004 0.012 0.039 0.922 
 322 P _   0.008 0.006 0.000 0.009 0.004 0.013 0.039 0.920 
 323 E _   0.009 0.007 0.001 0.009 0.004 0.015 0.039 0.916 
 324 F _   0.012 0.007 0.001 0.008 0.005 0.018 0.039 0.911 
 325 T _   0.016 0.007 0.001 0.008 0.005 0.021 0.038 0.903 
 326 A _   0.021 0.009 0.001 0.008 0.007 0.025 0.038 0.892 
 327 G _   0.030 0.010 0.001 0.008 0.009 0.031 0.037 0.874 
 328 L _   0.041 0.014 0.001 0.009 0.014 0.038 0.036 0.848 
 329 S _   0.056 0.020 0.001 0.011 0.020 0.045 0.035 0.812 
 330 S _   0.072 0.032 0.002 0.015 0.029 0.052 0.034 0.764 
 331 E _   0.087 0.051 0.002 0.023 0.039 0.058 0.034 0.706 
 332 L _   0.099 0.075 0.003 0.033 0.047 0.062 0.033 0.649 
 333 R _   0.107 0.097 0.003 0.045 0.051 0.062 0.033 0.603 
 334 S _   0.110 0.112 0.003 0.056 0.051 0.059 0.033 0.576 
 335 V _   0.108 0.119 0.003 0.064 0.048 0.055 0.034 0.569 
 336 L _   0.103 0.120 0.003 0.065 0.043 0.050 0.036 0.582 
 337 V _   0.093 0.114 0.002 0.060 0.035 0.044 0.038 0.615 
 338 M _   0.080 0.098 0.002 0.049 0.027 0.036 0.040 0.667 
 339 M _   0.066 0.072 0.002 0.034 0.019 0.029 0.042 0.736 
 340 L _   0.051 0.040 0.001 0.020 0.011 0.022 0.044 0.811 
 341 E _   0.037 0.016 0.001 0.009 0.006 0.016 0.046 0.870 
 342 P _   0.025 0.005 0.000 0.004 0.003 0.011 0.046 0.906 
 343 D _   0.016 0.001 0.000 0.002 0.002 0.009 0.046 0.924 
 344 P _   0.013 0.000 0.000 0.001 0.001 0.009 0.045 0.931 
 345 K _   0.013 0.000 0.000 0.001 0.001 0.010 0.044 0.931 
 346 L _   0.016 0.000 0.000 0.002 0.002 0.013 0.043 0.925 
 347 R _   0.022 0.001 0.000 0.003 0.004 0.018 0.041 0.911 
 348 A _   0.030 0.003 0.001 0.008 0.008 0.025 0.039 0.887 
 349 T _   0.038 0.009 0.001 0.016 0.013 0.031 0.036 0.854 
 350 A _   0.047 0.018 0.001 0.029 0.019 0.037 0.033 0.816 
 351 E _   0.054 0.025 0.002 0.041 0.025 0.041 0.030 0.784 
 352 A _   0.062 0.029 0.002 0.048 0.028 0.042 0.027 0.762 
 353 L _   0.070 0.030 0.002 0.049 0.028 0.042 0.025 0.754 
 354 L _   0.078 0.029 0.002 0.045 0.027 0.040 0.023 0.757 
 355 A _   0.088 0.024 0.002 0.036 0.024 0.036 0.021 0.769 
 356 L _   0.102 0.017 0.002 0.025 0.020 0.032 0.019 0.785 
 357 P _   0.119 0.008 0.001 0.014 0.014 0.028 0.018 0.798 
 358 V _   0.138 0.003 0.001 0.006 0.010 0.023 0.016 0.802 
 359 L _   0.161 0.001 0.001 0.003 0.007 0.019 0.015 0.794 
 360 R _   0.193 0.000 0.001 0.001 0.005 0.017 0.013 0.771 
 361 Q _   0.236 0.000 0.001 0.001 0.005 0.015 0.011 0.731 
 362 P _   0.299 0.000 0.001 0.001 0.006 0.015 0.009 0.670 
 363 R _   0.383 0.000 0.001 0.001 0.007 0.015 0.008 0.586 
 364 A _   0.478 0.000 0.001 0.001 0.010 0.015 0.006 0.490 
 365 W H   0.572 0.000 0.001 0.001 0.013 0.015 0.004 0.394 
 366 G H   0.650 0.000 0.001 0.001 0.015 0.015 0.003 0.314 
 367 V H   0.706 0.000 0.001 0.001 0.018 0.014 0.003 0.257 
 368 L H   0.741 0.000 0.001 0.001 0.019 0.013 0.002 0.222 
 369 W H   0.756 0.000 0.001 0.001 0.019 0.012 0.002 0.208 
 370 C H   0.754 0.000 0.001 0.001 0.019 0.011 0.002 0.210 
 371 M H   0.737 0.000 0.001 0.001 0.018 0.010 0.002 0.229 
 372 A H   0.704 0.000 0.001 0.001 0.016 0.009 0.003 0.265 
 373 A H   0.651 0.000 0.001 0.001 0.013 0.008 0.003 0.323 
 374 E H   0.583 0.000 0.001 0.001 0.010 0.007 0.004 0.395 
 375 A H   0.510 0.000 0.001 0.000 0.006 0.006 0.004 0.472 
 376 L _   0.447 0.000 0.001 0.000 0.004 0.005 0.005 0.539 
 377 S _   0.404 0.000 0.000 0.000 0.003 0.004 0.005 0.583 
 378 R _   0.386 0.000 0.000 0.000 0.003 0.004 0.005 0.602 
 379 G _   0.393 0.000 0.000 0.000 0.003 0.004 0.005 0.595 
 380 W _   0.429 0.000 0.000 0.000 0.003 0.004 0.005 0.558 
 381 A H   0.494 0.000 0.001 0.000 0.004 0.005 0.005 0.491 
 382 L H   0.587 0.000 0.001 0.000 0.006 0.005 0.004 0.396 
 383 W H   0.688 0.000 0.001 0.000 0.007 0.005 0.004 0.294 
 384 Q H   0.774 0.000 0.001 0.000 0.008 0.005 0.003 0.209 
 385 A H   0.835 0.000 0.001 0.000 0.009 0.005 0.003 0.148 
 386 L H   0.876 0.000 0.001 0.000 0.009 0.004 0.002 0.108 
 387 L H   0.900 0.000 0.001 0.000 0.009 0.004 0.002 0.084 
 388 A H   0.913 0.000 0.001 0.000 0.009 0.003 0.002 0.071 
 389 L H   0.917 0.000 0.001 0.000 0.009 0.003 0.003 0.067 
 390 L H   0.914 0.000 0.001 0.000 0.009 0.003 0.003 0.069 
 391 C H   0.904 0.000 0.001 0.000 0.010 0.004 0.004 0.078 
 392 W H   0.883 0.000 0.001 0.000 0.010 0.004 0.005 0.096 
 393 L H   0.851 0.000 0.001 0.000 0.011 0.005 0.006 0.126 
 394 W H   0.805 0.000 0.001 0.001 0.011 0.006 0.009 0.167 
 395 H H   0.747 0.000 0.001 0.001 0.012 0.007 0.014 0.219 
 396 G H   0.675 0.000 0.001 0.001 0.011 0.008 0.020 0.284 
 397 L H   0.590 0.000 0.001 0.001 0.011 0.009 0.029 0.358 
 398 A H   0.499 0.000 0.001 0.002 0.010 0.010 0.040 0.438 
 399 H _   0.409 0.000 0.001 0.002 0.009 0.011 0.054 0.514 
 400 P _   0.323 0.000 0.001 0.003 0.008 0.012 0.068 0.585 
 401 A _   0.248 0.000 0.001 0.005 0.008 0.012 0.082 0.644 
 402 S _   0.184 0.000 0.001 0.007 0.007 0.013 0.097 0.691 
 403 W _   0.134 0.001 0.001 0.009 0.006 0.012 0.110 0.727 
 404 L _   0.094 0.001 0.001 0.010 0.006 0.012 0.122 0.754 
 405 Q _   0.065 0.001 0.001 0.011 0.005 0.011 0.133 0.773 
 406 P _   0.045 0.001 0.001 0.011 0.004 0.010 0.142 0.786 
 407 L _   0.030 0.001 0.000 0.009 0.003 0.009 0.150 0.796 
 408 G _   0.020 0.001 0.000 0.008 0.003 0.007 0.157 0.804 
 409 P _   0.013 0.001 0.000 0.006 0.002 0.006 0.162 0.809 
 410 P _   0.009 0.001 0.000 0.005 0.002 0.005 0.166 0.812 
 411 A _   0.007 0.002 0.000 0.004 0.001 0.005 0.168 0.813 
 412 T _   0.005 0.002 0.000 0.003 0.001 0.005 0.170 0.813 
 413 P _   0.005 0.004 0.000 0.003 0.001 0.005 0.171 0.811 
 414 P _   0.005 0.007 0.000 0.004 0.002 0.006 0.171 0.805 
 415 G _   0.005 0.014 0.000 0.007 0.002 0.008 0.170 0.793 
 416 S _   0.006 0.030 0.000 0.012 0.004 0.010 0.168 0.770 
 417 P _   0.006 0.060 0.001 0.020 0.006 0.013 0.165 0.729 
 418 P _   0.007 0.104 0.001 0.030 0.008 0.015 0.161 0.674 
 419 C _   0.006 0.154 0.001 0.042 0.010 0.016 0.156 0.616 
 420 S _   0.006 0.196 0.001 0.052 0.010 0.016 0.152 0.567 
 421 L _   0.005 0.225 0.001 0.060 0.011 0.015 0.150 0.533 
 422 L _   0.005 0.242 0.001 0.065 0.010 0.015 0.149 0.514 
 423 L _   0.005 0.250 0.001 0.065 0.010 0.014 0.150 0.507 
 424 D _   0.004 0.251 0.001 0.063 0.009 0.013 0.151 0.508 
 425 S _   0.004 0.247 0.001 0.057 0.008 0.012 0.154 0.516 
 426 S _   0.005 0.236 0.001 0.049 0.007 0.011 0.159 0.533 
 427 L _   0.005 0.218 0.001 0.040 0.006 0.010 0.165 0.555 
 428 S _   0.005 0.194 0.001 0.030 0.005 0.009 0.172 0.584 
 429 S _   0.005 0.167 0.001 0.022 0.004 0.008 0.180 0.614 
 430 N _   0.005 0.141 0.001 0.015 0.003 0.007 0.187 0.641 
 431 W _   0.004 0.122 0.000 0.011 0.002 0.007 0.193 0.661 
 432 D _   0.004 0.109 0.000 0.007 0.002 0.006 0.197 0.675 
 433 D _   0.004 0.101 0.000 0.005 0.001 0.006 0.200 0.683 
 434 D _   0.003 0.098 0.000 0.005 0.001 0.006 0.201 0.686 
 435 S _   0.003 0.098 0.000 0.005 0.001 0.007 0.202 0.684 
 436 L _   0.004 0.101 0.000 0.005 0.002 0.008 0.201 0.678 
 437 G _   0.005 0.111 0.000 0.008 0.003 0.011 0.200 0.663 
 438 P _   0.007 0.131 0.001 0.012 0.005 0.014 0.197 0.633 
 439 S _   0.009 0.170 0.001 0.019 0.008 0.018 0.193 0.582 
 440 L _   0.010 0.236 0.002 0.028 0.013 0.022 0.187 0.503 
 441 S _   0.011 0.323 0.002 0.037 0.017 0.025 0.180 0.405 
 442 P E   0.010 0.416 0.002 0.046 0.020 0.025 0.174 0.306 
 443 E E   0.009 0.492 0.002 0.054 0.021 0.024 0.170 0.228 
 444 A E   0.008 0.540 0.002 0.059 0.020 0.023 0.169 0.181 
 445 V E   0.008 0.564 0.001 0.062 0.019 0.021 0.169 0.156 
 446 L E   0.007 0.575 0.001 0.063 0.018 0.020 0.171 0.145 
 447 A E   0.007 0.575 0.001 0.063 0.017 0.019 0.175 0.143 
 448 R E   0.008 0.567 0.001 0.060 0.017 0.018 0.181 0.148 
 449 T E   0.008 0.546 0.002 0.056 0.016 0.017 0.191 0.164 
 450 V E   0.009 0.505 0.002 0.052 0.017 0.016 0.205 0.194 
 451 G E   0.010 0.438 0.002 0.046 0.017 0.016 0.227 0.243 
 452 S E   0.012 0.348 0.002 0.040 0.016 0.017 0.257 0.308 
 453 T _   0.013 0.252 0.002 0.032 0.014 0.016 0.293 0.378 
 454 S _   0.012 0.168 0.002 0.025 0.011 0.015 0.328 0.439 
 455 T _   0.011 0.111 0.001 0.018 0.007 0.014 0.357 0.481 
 456 P _   0.010 0.075 0.001 0.013 0.005 0.012 0.380 0.505 
 457 R _   0.008 0.055 0.001 0.010 0.003 0.010 0.397 0.516 
 458 S _   0.007 0.044 0.000 0.008 0.003 0.009 0.410 0.520 
 459 R _   0.006 0.037 0.000 0.007 0.002 0.008 0.420 0.520 
 460 C _   0.005 0.034 0.000 0.007 0.002 0.007 0.428 0.517 
 461 T _   0.005 0.031 0.000 0.007 0.002 0.007 0.435 0.513 
 462 P _   0.004 0.030 0.000 0.008 0.002 0.006 0.441 0.508 
 463 R _   0.004 0.029 0.000 0.009 0.002 0.006 0.447 0.503 
 464 D _   0.004 0.029 0.000 0.009 0.002 0.006 0.452 0.497 
 465 A _   0.004 0.028 0.000 0.009 0.002 0.006 0.457 0.493 
 466 L _   0.004 0.028 0.000 0.009 0.002 0.005 0.462 0.490 
 467 D _   0.003 0.027 0.000 0.009 0.002 0.005 0.467 0.487 
 468 L _   0.003 0.027 0.000 0.008 0.002 0.005 0.471 0.484 
 469 S _   0.003 0.026 0.000 0.007 0.002 0.005 0.475 0.482 
 470 D _   0.003 0.026 0.000 0.006 0.001 0.004 0.478 0.481 
 471 I X   0.003 0.026 0.000 0.005 0.001 0.004 0.481 0.479 
 472 N X   0.003 0.027 0.000 0.005 0.001 0.004 0.483 0.477 
 473 S X   0.003 0.028 0.000 0.005 0.001 0.004 0.484 0.474 
 474 E X   0.003 0.031 0.000 0.005 0.001 0.005 0.485 0.471 
 475 P X   0.003 0.035 0.000 0.006 0.002 0.005 0.484 0.465 
 476 P X   0.003 0.041 0.000 0.007 0.002 0.006 0.483 0.458 
 477 R X   0.003 0.050 0.000 0.008 0.002 0.007 0.481 0.448 
 478 G X   0.003 0.063 0.000 0.010 0.003 0.008 0.479 0.434 
 479 S X   0.004 0.079 0.000 0.013 0.004 0.009 0.475 0.416 
 480 F X   0.004 0.100 0.001 0.015 0.004 0.010 0.471 0.395 
 481 P X   0.004 0.124 0.001 0.018 0.005 0.011 0.467 0.370 
 482 S X   0.004 0.151 0.001 0.021 0.006 0.012 0.463 0.343 
 483 F X   0.004 0.180 0.001 0.024 0.007 0.013 0.458 0.314 
 484 E X   0.004 0.208 0.001 0.028 0.008 0.013 0.455 0.283 
 485 P X   0.004 0.235 0.001 0.032 0.008 0.014 0.453 0.254 
 486 R X   0.004 0.256 0.001 0.037 0.009 0.014 0.451 0.228 
 487 N X   0.004 0.272 0.001 0.041 0.009 0.014 0.452 0.208 
 488 L X   0.005 0.281 0.001 0.044 0.010 0.013 0.454 0.193 
 489 L X   0.005 0.284 0.001 0.046 0.009 0.013 0.458 0.184 
 490 S X   0.005 0.283 0.001 0.046 0.009 0.012 0.464 0.181 
 491 L X   0.004 0.276 0.001 0.044 0.009 0.011 0.472 0.183 
 492 F X   0.004 0.262 0.001 0.039 0.008 0.010 0.482 0.193 
 493 E X   0.004 0.240 0.001 0.034 0.007 0.008 0.497 0.208 
 494 D X   0.003 0.204 0.001 0.027 0.006 0.007 0.517 0.235 
 495 T X   0.002 0.153 0.001 0.019 0.004 0.004 0.543 0.274 
 496 L X   0.001 0.092 0.000 0.010 0.001 0.002 0.568 0.326 
 497 D X   0.000 0.052 0.000 0.005 0.000 0.001 0.577 0.365 
 498 P X   0.000 0.039 0.000 0.004 0.000 0.001 0.577 0.380 
 499 T X   0.002 0.035 0.001 0.010 0.002 0.002 0.567 0.380 
