#TopoPred_TM8: 8-state transmembrane topology prediction results by no_profile mode 
#probabilities are in the order of H E C I L F X _, the 8 transmembrane topology types used in PDBTM 
   1 M X   0.009 0.001 0.002 0.031 0.007 0.007 0.778 0.165 
   2 D X   0.003 0.000 0.000 0.015 0.001 0.003 0.796 0.182 
   3 E X   0.001 0.000 0.000 0.007 0.000 0.002 0.800 0.190 
   4 Q X   0.001 0.000 0.000 0.005 0.000 0.003 0.797 0.193 
   5 E X   0.002 0.001 0.000 0.005 0.001 0.005 0.791 0.194 
   6 A X   0.004 0.002 0.000 0.007 0.002 0.010 0.782 0.194 
   7 L X   0.007 0.006 0.000 0.010 0.004 0.014 0.770 0.190 
   8 N X   0.010 0.014 0.001 0.015 0.006 0.018 0.753 0.184 
   9 S X   0.012 0.026 0.001 0.021 0.009 0.021 0.735 0.176 
  10 I X   0.013 0.039 0.001 0.028 0.012 0.023 0.716 0.168 
  11 M X   0.013 0.050 0.001 0.033 0.014 0.024 0.700 0.164 
  12 N X   0.014 0.057 0.001 0.037 0.016 0.024 0.688 0.163 
  13 D X   0.015 0.060 0.001 0.037 0.016 0.023 0.680 0.167 
  14 L X   0.016 0.061 0.001 0.036 0.016 0.022 0.674 0.174 
  15 V X   0.016 0.060 0.001 0.032 0.014 0.021 0.670 0.186 
  16 A X   0.016 0.056 0.001 0.027 0.012 0.019 0.667 0.202 
  17 L X   0.015 0.050 0.001 0.021 0.010 0.017 0.666 0.220 
  18 Q X   0.014 0.043 0.001 0.016 0.008 0.015 0.665 0.239 
  19 M X   0.013 0.034 0.001 0.012 0.006 0.013 0.664 0.258 
  20 N X   0.011 0.028 0.000 0.009 0.005 0.011 0.663 0.274 
  21 R X   0.010 0.022 0.000 0.007 0.004 0.010 0.661 0.285 
  22 R X   0.009 0.019 0.000 0.006 0.003 0.009 0.660 0.294 
  23 H X   0.008 0.017 0.000 0.006 0.003 0.008 0.659 0.301 
  24 R X   0.007 0.015 0.000 0.006 0.002 0.007 0.657 0.306 
  25 M X   0.006 0.013 0.000 0.007 0.002 0.006 0.655 0.310 
  26 P X   0.005 0.012 0.000 0.007 0.002 0.006 0.653 0.315 
  27 G X   0.005 0.011 0.000 0.007 0.002 0.005 0.650 0.319 
  28 Y X   0.004 0.010 0.000 0.007 0.002 0.005 0.648 0.324 
  29 E X   0.004 0.009 0.000 0.006 0.002 0.004 0.645 0.330 
  30 T X   0.003 0.007 0.000 0.006 0.002 0.004 0.642 0.336 
  31 M X   0.003 0.006 0.000 0.005 0.001 0.003 0.639 0.343 
  32 K X   0.003 0.005 0.000 0.004 0.001 0.003 0.635 0.349 
  33 N X   0.003 0.004 0.000 0.003 0.001 0.003 0.630 0.356 
  34 K X   0.002 0.004 0.000 0.003 0.001 0.003 0.625 0.363 
  35 D X   0.002 0.004 0.000 0.003 0.001 0.003 0.618 0.370 
  36 T X   0.002 0.004 0.000 0.003 0.001 0.003 0.609 0.378 
  37 G X   0.002 0.004 0.000 0.004 0.001 0.003 0.599 0.386 
  38 H X   0.002 0.006 0.000 0.005 0.001 0.004 0.586 0.396 
  39 S X   0.002 0.008 0.000 0.007 0.002 0.005 0.572 0.405 
  40 N X   0.002 0.011 0.000 0.009 0.002 0.006 0.556 0.414 
  41 R X   0.003 0.015 0.000 0.012 0.003 0.007 0.537 0.423 
  42 Q X   0.003 0.020 0.000 0.015 0.003 0.007 0.518 0.432 
  43 S X   0.003 0.027 0.001 0.018 0.004 0.008 0.499 0.441 
  44 D X   0.003 0.033 0.001 0.020 0.004 0.009 0.480 0.450 
  45 V X   0.003 0.038 0.001 0.021 0.005 0.009 0.463 0.460 
  46 R _   0.003 0.043 0.001 0.021 0.005 0.010 0.447 0.471 
  47 I _   0.004 0.046 0.001 0.020 0.005 0.010 0.432 0.484 
  48 K _   0.004 0.049 0.001 0.018 0.004 0.010 0.418 0.496 
  49 F _   0.004 0.051 0.001 0.016 0.004 0.010 0.405 0.509 
  50 E _   0.004 0.054 0.001 0.015 0.004 0.010 0.393 0.519 
  51 H _   0.004 0.057 0.001 0.014 0.004 0.011 0.381 0.528 
  52 N _   0.005 0.061 0.001 0.015 0.005 0.012 0.369 0.533 
  53 G _   0.005 0.067 0.001 0.017 0.006 0.014 0.357 0.534 
  54 E _   0.006 0.074 0.001 0.020 0.007 0.015 0.345 0.532 
  55 R _   0.007 0.083 0.001 0.025 0.008 0.016 0.332 0.527 
  56 R _   0.008 0.092 0.001 0.030 0.010 0.017 0.321 0.522 
  57 I _   0.008 0.098 0.001 0.034 0.010 0.017 0.311 0.520 
  58 I _   0.008 0.101 0.001 0.036 0.011 0.017 0.303 0.523 
  59 A _   0.008 0.102 0.001 0.035 0.010 0.016 0.297 0.531 
  60 F _   0.008 0.099 0.001 0.032 0.009 0.015 0.291 0.545 
  61 S _   0.008 0.094 0.001 0.027 0.008 0.014 0.286 0.563 
  62 R _   0.008 0.086 0.001 0.021 0.006 0.012 0.282 0.584 
  63 P _   0.007 0.077 0.001 0.015 0.005 0.011 0.278 0.606 
  64 V _   0.007 0.069 0.001 0.011 0.004 0.011 0.275 0.624 
  65 K _   0.006 0.062 0.000 0.008 0.003 0.010 0.271 0.638 
  66 Y _   0.006 0.059 0.000 0.006 0.003 0.010 0.267 0.647 
  67 E _   0.007 0.059 0.000 0.006 0.003 0.011 0.263 0.651 
  68 D _   0.008 0.061 0.000 0.007 0.004 0.013 0.257 0.651 
  69 V _   0.009 0.067 0.001 0.009 0.005 0.015 0.251 0.644 
  70 E _   0.010 0.078 0.001 0.013 0.007 0.017 0.244 0.631 
  71 H _   0.011 0.094 0.001 0.018 0.010 0.019 0.236 0.611 
  72 K _   0.012 0.115 0.001 0.025 0.012 0.021 0.227 0.586 
  73 V _   0.012 0.135 0.001 0.033 0.014 0.022 0.219 0.562 
  74 T _   0.013 0.150 0.001 0.039 0.016 0.023 0.213 0.545 
  75 T _   0.012 0.159 0.001 0.044 0.016 0.023 0.208 0.536 
  76 V _   0.012 0.164 0.001 0.046 0.016 0.022 0.204 0.535 
  77 F _   0.012 0.164 0.001 0.045 0.015 0.021 0.202 0.541 
  78 G _   0.012 0.159 0.001 0.041 0.014 0.019 0.200 0.554 
  79 Q _   0.011 0.150 0.001 0.035 0.012 0.018 0.200 0.573 
  80 P _   0.011 0.136 0.001 0.028 0.010 0.016 0.200 0.599 
  81 L _   0.010 0.118 0.001 0.021 0.008 0.014 0.200 0.628 
  82 D _   0.010 0.100 0.001 0.015 0.006 0.013 0.201 0.654 
  83 L _   0.009 0.086 0.001 0.011 0.005 0.012 0.201 0.674 
  84 H _   0.008 0.077 0.000 0.009 0.004 0.011 0.201 0.688 
  85 Y _   0.008 0.071 0.000 0.009 0.004 0.011 0.201 0.695 
  86 M _   0.008 0.069 0.000 0.010 0.004 0.011 0.201 0.697 
  87 N _   0.008 0.068 0.001 0.012 0.004 0.011 0.200 0.696 
  88 N _   0.008 0.067 0.001 0.015 0.005 0.012 0.199 0.693 
  89 E _   0.009 0.067 0.001 0.018 0.006 0.012 0.199 0.689 
  90 L _   0.009 0.066 0.001 0.020 0.006 0.012 0.199 0.688 
  91 S _   0.008 0.063 0.001 0.021 0.006 0.011 0.199 0.691 
  92 I _   0.008 0.059 0.001 0.020 0.005 0.010 0.199 0.698 
  93 L _   0.007 0.052 0.001 0.017 0.005 0.009 0.200 0.709 
  94 L _   0.007 0.044 0.001 0.013 0.004 0.008 0.201 0.722 
  95 K _   0.006 0.036 0.000 0.010 0.003 0.007 0.201 0.736 
  96 N _   0.006 0.029 0.000 0.007 0.002 0.006 0.201 0.748 
  97 Q _   0.005 0.025 0.000 0.005 0.002 0.006 0.201 0.756 
  98 D _   0.005 0.023 0.000 0.004 0.002 0.006 0.200 0.760 
  99 D _   0.005 0.022 0.000 0.004 0.002 0.007 0.199 0.761 
 100 L _   0.005 0.023 0.000 0.005 0.002 0.008 0.198 0.759 
 101 D _   0.006 0.026 0.000 0.007 0.003 0.009 0.196 0.753 
 102 K _   0.006 0.031 0.000 0.010 0.003 0.010 0.193 0.745 
 103 A _   0.007 0.038 0.001 0.013 0.004 0.012 0.190 0.735 
 104 I _   0.007 0.045 0.001 0.015 0.005 0.013 0.187 0.726 
 105 D _   0.008 0.051 0.001 0.016 0.005 0.015 0.185 0.720 
 106 I _   0.008 0.056 0.001 0.016 0.006 0.016 0.182 0.716 
 107 L _   0.008 0.060 0.001 0.015 0.006 0.017 0.179 0.714 
 108 D _   0.009 0.063 0.001 0.013 0.006 0.019 0.176 0.713 
 109 R _   0.011 0.066 0.001 0.012 0.006 0.022 0.174 0.709 
 110 S _   0.013 0.071 0.001 0.011 0.008 0.025 0.171 0.700 
 111 S _   0.017 0.078 0.001 0.013 0.010 0.029 0.168 0.684 
 112 S _   0.021 0.093 0.001 0.016 0.015 0.033 0.164 0.656 
 113 M _   0.025 0.119 0.002 0.024 0.020 0.037 0.161 0.612 
 114 K _   0.029 0.155 0.002 0.035 0.025 0.039 0.157 0.559 
 115 S _   0.031 0.191 0.002 0.047 0.028 0.040 0.154 0.508 
 116 L _   0.031 0.218 0.002 0.059 0.029 0.039 0.152 0.471 
 117 R _   0.031 0.233 0.002 0.067 0.028 0.037 0.151 0.452 
 118 I _   0.029 0.239 0.002 0.070 0.026 0.034 0.152 0.449 
 119 L _   0.027 0.236 0.002 0.068 0.023 0.030 0.154 0.460 
 120 L _   0.024 0.224 0.002 0.061 0.019 0.026 0.157 0.486 
 121 L _   0.021 0.200 0.002 0.050 0.016 0.022 0.162 0.528 
 122 S _   0.019 0.162 0.001 0.037 0.012 0.018 0.167 0.584 
 123 Q _   0.016 0.117 0.001 0.025 0.008 0.015 0.173 0.645 
 124 D _   0.013 0.078 0.001 0.015 0.005 0.012 0.178 0.698 
 125 R _   0.010 0.052 0.000 0.009 0.003 0.009 0.182 0.735 
 126 N _   0.008 0.039 0.000 0.005 0.002 0.007 0.183 0.756 
 127 H _   0.006 0.033 0.000 0.003 0.001 0.006 0.184 0.766 
 128 N _   0.005 0.031 0.000 0.003 0.001 0.006 0.184 0.770 
 129 S _   0.005 0.032 0.000 0.003 0.001 0.006 0.182 0.770 
 130 S _   0.005 0.036 0.000 0.005 0.002 0.007 0.180 0.766 
 131 S _   0.005 0.045 0.000 0.008 0.003 0.009 0.176 0.754 
 132 P _   0.006 0.062 0.001 0.012 0.004 0.011 0.171 0.733 
 133 H _   0.006 0.091 0.001 0.019 0.006 0.013 0.164 0.700 
 134 S _   0.006 0.127 0.001 0.027 0.008 0.015 0.157 0.659 
 135 G _   0.006 0.165 0.001 0.035 0.009 0.016 0.150 0.618 
 136 V _   0.006 0.197 0.001 0.041 0.010 0.016 0.144 0.585 
 137 S _   0.006 0.218 0.001 0.045 0.011 0.016 0.140 0.564 
 138 R _   0.006 0.231 0.001 0.047 0.011 0.016 0.137 0.552 
 139 Q _   0.006 0.237 0.001 0.046 0.010 0.015 0.136 0.549 
 140 V _   0.006 0.238 0.001 0.043 0.010 0.014 0.135 0.553 
 141 R _   0.006 0.235 0.001 0.038 0.009 0.014 0.136 0.562 
 142 I _   0.006 0.228 0.001 0.032 0.008 0.013 0.137 0.576 
 143 K _   0.006 0.217 0.001 0.026 0.007 0.012 0.138 0.594 
 144 A _   0.006 0.204 0.001 0.021 0.006 0.011 0.140 0.611 
 145 S _   0.006 0.190 0.001 0.018 0.005 0.011 0.142 0.627 
 146 Q _   0.006 0.178 0.001 0.015 0.005 0.010 0.145 0.639 
 147 S _   0.006 0.168 0.001 0.015 0.004 0.010 0.147 0.648 
 148 A _   0.007 0.160 0.001 0.015 0.004 0.010 0.149 0.654 
 149 G _   0.007 0.154 0.001 0.015 0.005 0.010 0.152 0.656 
 150 D _   0.007 0.148 0.001 0.017 0.005 0.010 0.154 0.658 
 151 I _   0.008 0.141 0.001 0.018 0.005 0.010 0.157 0.661 
 152 N _   0.008 0.132 0.001 0.018 0.005 0.010 0.161 0.666 
 153 T _   0.008 0.121 0.001 0.017 0.005 0.009 0.164 0.675 
 154 I _   0.007 0.108 0.001 0.015 0.004 0.009 0.168 0.688 
 155 Y _   0.007 0.094 0.001 0.013 0.004 0.008 0.171 0.703 
 156 Q _   0.006 0.081 0.000 0.010 0.003 0.008 0.174 0.717 
 157 P _   0.005 0.071 0.000 0.008 0.002 0.007 0.177 0.729 
 158 P _   0.005 0.064 0.000 0.007 0.002 0.007 0.179 0.736 
 159 E _   0.005 0.060 0.000 0.007 0.002 0.007 0.180 0.739 
 160 P _   0.005 0.058 0.000 0.007 0.002 0.007 0.181 0.739 
 161 R _   0.005 0.058 0.000 0.009 0.002 0.008 0.182 0.736 
 162 S _   0.005 0.059 0.000 0.011 0.003 0.008 0.182 0.731 
 163 R _   0.005 0.061 0.000 0.015 0.003 0.009 0.182 0.724 
 164 H _   0.005 0.063 0.000 0.019 0.004 0.009 0.183 0.717 
 165 L _   0.005 0.064 0.000 0.021 0.004 0.009 0.183 0.712 
 166 S _   0.006 0.064 0.001 0.023 0.004 0.009 0.184 0.709 
 167 V _   0.005 0.063 0.001 0.023 0.004 0.009 0.185 0.710 
 168 S _   0.006 0.059 0.000 0.021 0.004 0.008 0.187 0.715 
 169 S _   0.005 0.054 0.000 0.018 0.003 0.008 0.189 0.722 
 170 Q _   0.005 0.048 0.000 0.015 0.003 0.007 0.191 0.731 
 171 N _   0.005 0.042 0.000 0.011 0.002 0.006 0.193 0.741 
 172 P _   0.005 0.036 0.000 0.008 0.002 0.006 0.194 0.749 
 173 G _   0.004 0.032 0.000 0.006 0.001 0.005 0.195 0.756 
 174 R _   0.004 0.029 0.000 0.005 0.001 0.005 0.194 0.761 
 175 S _   0.004 0.028 0.000 0.004 0.001 0.005 0.193 0.765 
 176 S _   0.004 0.029 0.000 0.004 0.001 0.005 0.191 0.766 
 177 P _   0.004 0.031 0.000 0.004 0.001 0.006 0.188 0.766 
 178 P _   0.004 0.036 0.000 0.006 0.002 0.007 0.183 0.762 
 179 P _   0.005 0.047 0.000 0.008 0.003 0.009 0.175 0.752 
 180 G _   0.006 0.070 0.001 0.013 0.004 0.012 0.165 0.730 
 181 Y _   0.007 0.108 0.001 0.019 0.006 0.014 0.152 0.693 
 182 V _   0.007 0.169 0.001 0.027 0.009 0.017 0.134 0.636 
 183 P _   0.007 0.247 0.002 0.034 0.011 0.018 0.116 0.566 
 184 E _   0.006 0.330 0.002 0.040 0.012 0.018 0.098 0.493 
 185 R _   0.005 0.404 0.002 0.044 0.012 0.017 0.084 0.432 
 186 Q E   0.005 0.459 0.001 0.046 0.012 0.015 0.073 0.390 
 187 Q E   0.004 0.494 0.001 0.047 0.010 0.014 0.066 0.365 
 188 H E   0.004 0.514 0.001 0.046 0.009 0.012 0.061 0.353 
 189 I E   0.004 0.525 0.001 0.043 0.008 0.011 0.058 0.349 
 190 A E   0.004 0.528 0.001 0.040 0.008 0.010 0.056 0.353 
 191 R E   0.004 0.525 0.001 0.035 0.007 0.010 0.054 0.364 
 192 Q E   0.004 0.515 0.001 0.030 0.006 0.009 0.053 0.382 
 193 G E   0.004 0.499 0.001 0.025 0.005 0.008 0.053 0.406 
 194 S E   0.004 0.477 0.001 0.019 0.005 0.008 0.052 0.434 
 195 Y _   0.004 0.453 0.001 0.015 0.004 0.007 0.052 0.463 
 196 T _   0.004 0.432 0.001 0.012 0.004 0.007 0.052 0.489 
 197 S _   0.004 0.416 0.000 0.010 0.003 0.007 0.052 0.507 
 198 I _   0.004 0.406 0.000 0.008 0.003 0.007 0.052 0.519 
 199 N _   0.004 0.401 0.000 0.008 0.003 0.008 0.052 0.525 
 200 S _   0.005 0.399 0.000 0.008 0.003 0.008 0.051 0.526 
 201 E _   0.005 0.401 0.000 0.009 0.003 0.008 0.050 0.524 
 202 G _   0.005 0.405 0.000 0.010 0.003 0.008 0.049 0.518 
 203 E _   0.005 0.411 0.000 0.012 0.004 0.009 0.048 0.512 
 204 F _   0.005 0.417 0.000 0.013 0.004 0.009 0.046 0.505 
 205 I _   0.005 0.423 0.000 0.014 0.004 0.009 0.045 0.500 
 206 P _   0.005 0.428 0.001 0.015 0.004 0.009 0.044 0.495 
 207 E _   0.004 0.432 0.001 0.016 0.005 0.009 0.043 0.491 
 208 T _   0.004 0.434 0.001 0.016 0.005 0.009 0.043 0.489 
 209 S _   0.004 0.434 0.001 0.017 0.005 0.009 0.042 0.489 
 210 E _   0.004 0.433 0.001 0.017 0.005 0.009 0.042 0.490 
 211 Q _   0.004 0.430 0.001 0.017 0.005 0.008 0.042 0.494 
 212 C _   0.004 0.425 0.001 0.017 0.004 0.008 0.042 0.499 
 213 M _   0.004 0.419 0.001 0.016 0.004 0.008 0.042 0.506 
 214 L _   0.004 0.411 0.001 0.016 0.004 0.008 0.042 0.514 
 215 D _   0.004 0.401 0.001 0.015 0.004 0.007 0.043 0.525 
 216 P _   0.004 0.390 0.001 0.015 0.004 0.007 0.043 0.536 
 217 L _   0.004 0.379 0.000 0.014 0.004 0.007 0.044 0.548 
 218 S _   0.004 0.366 0.000 0.013 0.003 0.007 0.045 0.561 
 219 S _   0.004 0.354 0.000 0.013 0.003 0.007 0.045 0.573 
 220 A _   0.004 0.343 0.000 0.013 0.003 0.007 0.046 0.584 
 221 E _   0.004 0.333 0.000 0.012 0.003 0.007 0.047 0.593 
 222 N _   0.004 0.325 0.000 0.013 0.003 0.007 0.048 0.600 
 223 S _   0.004 0.317 0.000 0.013 0.003 0.007 0.049 0.607 
 224 L _   0.004 0.309 0.000 0.014 0.003 0.007 0.050 0.612 
 225 S _   0.004 0.301 0.000 0.015 0.003 0.007 0.051 0.618 
 226 G _   0.004 0.292 0.000 0.015 0.004 0.007 0.052 0.624 
 227 S _   0.004 0.283 0.000 0.016 0.004 0.008 0.053 0.632 
 228 C _   0.005 0.271 0.001 0.016 0.004 0.008 0.055 0.641 
 229 Q _   0.005 0.259 0.001 0.015 0.004 0.008 0.057 0.653 
 230 S _   0.005 0.244 0.000 0.014 0.004 0.007 0.059 0.666 
 231 L _   0.005 0.230 0.000 0.013 0.003 0.007 0.061 0.681 
 232 D _   0.005 0.216 0.000 0.012 0.003 0.007 0.063 0.694 
 233 R _   0.005 0.204 0.000 0.010 0.003 0.007 0.065 0.706 
 234 S _   0.004 0.194 0.000 0.009 0.003 0.007 0.067 0.715 
 235 A _   0.004 0.188 0.000 0.009 0.002 0.007 0.069 0.721 
 236 D _   0.004 0.184 0.000 0.009 0.002 0.008 0.070 0.723 
 237 S _   0.005 0.182 0.000 0.009 0.003 0.008 0.071 0.722 
 238 P _   0.005 0.182 0.000 0.010 0.003 0.009 0.072 0.719 
 239 S _   0.005 0.184 0.000 0.012 0.003 0.010 0.073 0.712 
 240 F _   0.006 0.187 0.000 0.015 0.004 0.010 0.074 0.704 
 241 R _   0.006 0.190 0.001 0.019 0.005 0.011 0.074 0.694 
 242 K _   0.006 0.193 0.001 0.022 0.006 0.012 0.075 0.685 
 243 S _   0.006 0.195 0.001 0.026 0.006 0.012 0.077 0.678 
 244 R _   0.007 0.194 0.001 0.028 0.007 0.012 0.078 0.673 
 245 M _   0.007 0.191 0.001 0.030 0.007 0.012 0.081 0.671 
 246 S _   0.007 0.184 0.001 0.030 0.007 0.012 0.084 0.675 
 247 R _   0.008 0.173 0.001 0.029 0.007 0.012 0.087 0.684 
 248 A _   0.008 0.157 0.001 0.026 0.006 0.011 0.092 0.699 
 249 Q _   0.008 0.136 0.001 0.023 0.006 0.010 0.096 0.720 
 250 S _   0.008 0.111 0.001 0.019 0.005 0.010 0.102 0.746 
 251 F _   0.008 0.086 0.001 0.015 0.004 0.009 0.107 0.771 
 252 P _   0.007 0.065 0.000 0.012 0.003 0.008 0.111 0.793 
 253 D _   0.007 0.049 0.000 0.009 0.003 0.007 0.115 0.810 
 254 N _   0.006 0.038 0.000 0.007 0.002 0.007 0.118 0.821 
 255 R _   0.006 0.032 0.000 0.006 0.002 0.006 0.120 0.828 
 256 Q _   0.006 0.028 0.000 0.005 0.002 0.006 0.121 0.832 
 257 E _   0.005 0.026 0.000 0.005 0.002 0.006 0.122 0.833 
 258 Y _   0.005 0.025 0.000 0.006 0.002 0.006 0.122 0.833 
 259 S _   0.005 0.026 0.000 0.007 0.002 0.007 0.122 0.831 
 260 D _   0.005 0.027 0.000 0.008 0.002 0.007 0.121 0.829 
 261 R _   0.005 0.029 0.000 0.009 0.003 0.007 0.120 0.826 
 262 E _   0.005 0.032 0.000 0.010 0.003 0.008 0.119 0.823 
 263 T _   0.005 0.035 0.000 0.011 0.003 0.008 0.117 0.821 
 264 Q _   0.005 0.037 0.000 0.012 0.003 0.008 0.116 0.819 
 265 L _   0.005 0.040 0.000 0.012 0.003 0.008 0.114 0.818 
 266 Y _   0.005 0.043 0.000 0.011 0.003 0.008 0.112 0.817 
 267 D _   0.004 0.046 0.000 0.011 0.003 0.008 0.110 0.816 
 268 K _   0.005 0.050 0.000 0.011 0.003 0.008 0.109 0.813 
 269 G _   0.005 0.055 0.000 0.012 0.003 0.009 0.107 0.809 
 270 V _   0.005 0.061 0.000 0.013 0.004 0.010 0.105 0.802 
 271 K _   0.006 0.068 0.001 0.015 0.004 0.010 0.103 0.794 
 272 G _   0.006 0.075 0.001 0.017 0.005 0.011 0.101 0.784 
 273 G _   0.006 0.083 0.001 0.020 0.006 0.012 0.099 0.773 
 274 T _   0.007 0.091 0.001 0.022 0.006 0.012 0.097 0.764 
 275 Y _   0.007 0.097 0.001 0.024 0.007 0.013 0.096 0.755 
 276 P _   0.007 0.102 0.001 0.026 0.007 0.013 0.095 0.750 
 277 R _   0.007 0.105 0.001 0.027 0.007 0.013 0.095 0.746 
 278 R _   0.007 0.106 0.001 0.027 0.007 0.012 0.095 0.746 
 279 Y _   0.007 0.105 0.001 0.026 0.006 0.012 0.095 0.748 
 280 H _   0.007 0.103 0.001 0.024 0.006 0.011 0.095 0.753 
 281 V _   0.007 0.099 0.001 0.021 0.005 0.010 0.096 0.760 
 282 S _   0.007 0.095 0.001 0.018 0.005 0.009 0.097 0.769 
 283 V _   0.006 0.089 0.001 0.015 0.004 0.009 0.098 0.779 
 284 H _   0.006 0.083 0.000 0.012 0.003 0.008 0.099 0.788 
 285 H _   0.006 0.079 0.000 0.009 0.003 0.007 0.099 0.797 
 286 K _   0.005 0.075 0.000 0.007 0.002 0.007 0.099 0.804 
 287 D _   0.005 0.073 0.000 0.006 0.002 0.007 0.099 0.807 
 288 Y _   0.005 0.074 0.000 0.006 0.002 0.007 0.098 0.808 
 289 S _   0.005 0.077 0.000 0.006 0.002 0.008 0.097 0.804 
 290 D _   0.005 0.084 0.000 0.008 0.003 0.009 0.095 0.796 
 291 G _   0.006 0.096 0.000 0.010 0.004 0.010 0.093 0.781 
 292 R _   0.007 0.114 0.001 0.013 0.005 0.012 0.090 0.759 
 293 R _   0.007 0.139 0.001 0.017 0.006 0.013 0.087 0.731 
 294 T _   0.007 0.167 0.001 0.020 0.007 0.014 0.083 0.701 
 295 F _   0.007 0.196 0.001 0.022 0.007 0.015 0.080 0.672 
 296 P _   0.007 0.224 0.001 0.023 0.008 0.015 0.077 0.645 
 297 R _   0.007 0.248 0.001 0.024 0.008 0.016 0.074 0.622 
 298 I _   0.007 0.270 0.001 0.025 0.009 0.016 0.071 0.602 
 299 R _   0.007 0.289 0.001 0.025 0.009 0.017 0.069 0.583 
 300 R _   0.008 0.307 0.001 0.026 0.010 0.018 0.067 0.564 
 301 H _   0.008 0.324 0.001 0.028 0.011 0.018 0.065 0.544 
 302 Q _   0.009 0.339 0.001 0.031 0.012 0.019 0.064 0.525 
 303 G _   0.009 0.352 0.001 0.035 0.013 0.019 0.063 0.509 
 304 N _   0.010 0.360 0.001 0.038 0.013 0.019 0.063 0.496 
 305 L _   0.010 0.364 0.001 0.041 0.013 0.018 0.063 0.490 
 306 F _   0.010 0.362 0.001 0.042 0.013 0.018 0.064 0.491 
 307 T _   0.010 0.354 0.001 0.041 0.012 0.017 0.065 0.500 
 308 L _   0.010 0.338 0.001 0.038 0.011 0.015 0.066 0.520 
 309 V _   0.010 0.311 0.001 0.034 0.010 0.014 0.069 0.552 
 310 P _   0.010 0.272 0.001 0.028 0.009 0.013 0.072 0.595 
 311 S _   0.010 0.227 0.001 0.022 0.008 0.012 0.075 0.645 
 312 S _   0.009 0.183 0.001 0.016 0.006 0.011 0.079 0.695 
 313 R _   0.009 0.147 0.001 0.012 0.004 0.010 0.082 0.735 
 314 S _   0.008 0.125 0.000 0.008 0.003 0.009 0.084 0.763 
 315 L _   0.007 0.112 0.000 0.006 0.003 0.009 0.085 0.778 
 316 S _   0.006 0.107 0.000 0.006 0.002 0.009 0.086 0.784 
 317 T _   0.006 0.106 0.000 0.006 0.002 0.009 0.086 0.784 
 318 N _   0.006 0.108 0.000 0.008 0.003 0.010 0.086 0.778 
 319 G _   0.007 0.115 0.000 0.011 0.004 0.011 0.086 0.766 
 320 E _   0.007 0.126 0.001 0.016 0.005 0.012 0.085 0.747 
 321 N _   0.008 0.139 0.001 0.023 0.007 0.014 0.084 0.725 
 322 M _   0.008 0.151 0.001 0.029 0.008 0.014 0.083 0.705 
 323 G _   0.008 0.160 0.001 0.034 0.009 0.015 0.083 0.690 
 324 L _   0.008 0.165 0.001 0.038 0.009 0.015 0.083 0.681 
 325 A _   0.008 0.166 0.001 0.039 0.009 0.014 0.084 0.679 
 326 V _   0.008 0.163 0.001 0.038 0.009 0.014 0.085 0.683 
 327 Q _   0.008 0.156 0.001 0.034 0.008 0.013 0.087 0.694 
 328 Y _   0.008 0.144 0.001 0.030 0.007 0.012 0.090 0.710 
 329 L _   0.007 0.129 0.001 0.025 0.006 0.011 0.093 0.729 
 330 D _   0.007 0.111 0.001 0.020 0.005 0.010 0.096 0.750 
 331 P _   0.007 0.094 0.001 0.016 0.004 0.009 0.099 0.770 
 332 R _   0.007 0.080 0.000 0.013 0.003 0.008 0.102 0.788 
 333 G _   0.006 0.068 0.000 0.010 0.003 0.007 0.104 0.801 
 334 R _   0.006 0.060 0.000 0.008 0.002 0.007 0.105 0.812 
 335 L _   0.005 0.054 0.000 0.007 0.002 0.006 0.106 0.819 
 336 R _   0.005 0.051 0.000 0.006 0.002 0.006 0.107 0.824 
 337 S _   0.004 0.049 0.000 0.006 0.002 0.006 0.107 0.826 
 338 A _   0.004 0.049 0.000 0.006 0.002 0.006 0.106 0.826 
 339 D _   0.004 0.051 0.000 0.007 0.002 0.007 0.105 0.824 
 340 S _   0.004 0.054 0.000 0.009 0.002 0.007 0.103 0.820 
 341 E _   0.005 0.060 0.000 0.011 0.003 0.008 0.101 0.812 
 342 N _   0.005 0.067 0.000 0.014 0.004 0.009 0.099 0.802 
 343 A _   0.005 0.075 0.001 0.018 0.004 0.010 0.097 0.790 
 344 L _   0.005 0.084 0.001 0.022 0.005 0.011 0.095 0.778 
 345 S _   0.006 0.091 0.001 0.025 0.005 0.011 0.093 0.769 
 346 V _   0.006 0.096 0.001 0.026 0.006 0.011 0.091 0.763 
 347 Q _   0.006 0.099 0.001 0.026 0.006 0.011 0.090 0.762 
 348 E _   0.006 0.099 0.001 0.025 0.005 0.010 0.090 0.764 
 349 R _   0.006 0.098 0.001 0.021 0.005 0.010 0.089 0.770 
 350 N _   0.006 0.095 0.001 0.018 0.004 0.009 0.089 0.779 
 351 V _   0.006 0.091 0.000 0.014 0.003 0.008 0.089 0.788 
 352 P _   0.006 0.087 0.000 0.010 0.003 0.008 0.089 0.796 
 353 T _   0.006 0.085 0.000 0.008 0.002 0.008 0.089 0.802 
 354 K _   0.005 0.084 0.000 0.007 0.002 0.008 0.089 0.805 
 355 S _   0.006 0.086 0.000 0.006 0.002 0.008 0.088 0.804 
 356 P _   0.006 0.091 0.000 0.007 0.003 0.009 0.086 0.798 
 357 S _   0.007 0.100 0.000 0.008 0.003 0.010 0.084 0.787 
 358 A _   0.007 0.116 0.001 0.011 0.004 0.012 0.082 0.767 
 359 P _   0.008 0.141 0.001 0.014 0.006 0.013 0.079 0.738 
 360 I _   0.008 0.175 0.001 0.018 0.007 0.014 0.075 0.702 
 361 N _   0.008 0.212 0.001 0.021 0.008 0.015 0.072 0.664 
 362 W _   0.008 0.250 0.001 0.022 0.008 0.015 0.068 0.628 
 363 R _   0.007 0.285 0.001 0.023 0.008 0.016 0.065 0.595 
 364 R _   0.007 0.316 0.001 0.023 0.009 0.016 0.062 0.567 
 365 G _   0.006 0.343 0.001 0.023 0.009 0.016 0.059 0.543 
 366 K _   0.007 0.366 0.001 0.022 0.009 0.016 0.057 0.522 
 367 L _   0.007 0.388 0.001 0.022 0.009 0.016 0.055 0.503 
 368 L _   0.007 0.408 0.001 0.022 0.009 0.016 0.054 0.483 
 369 G _   0.007 0.427 0.001 0.023 0.010 0.017 0.052 0.463 
 370 Q _   0.008 0.444 0.001 0.024 0.010 0.017 0.051 0.445 
 371 G E   0.008 0.459 0.001 0.025 0.011 0.017 0.050 0.428 
 372 A E   0.009 0.471 0.001 0.027 0.011 0.017 0.050 0.415 
 373 F E   0.009 0.477 0.001 0.029 0.012 0.017 0.049 0.406 
 374 G E   0.009 0.480 0.001 0.030 0.012 0.016 0.050 0.402 
 375 R E   0.009 0.477 0.001 0.030 0.011 0.016 0.051 0.405 
 376 V E   0.010 0.468 0.001 0.029 0.011 0.015 0.052 0.414 
 377 Y E   0.010 0.453 0.001 0.028 0.010 0.015 0.054 0.430 
 378 L _   0.010 0.430 0.001 0.025 0.010 0.014 0.056 0.454 
 379 C _   0.010 0.400 0.001 0.022 0.009 0.014 0.059 0.485 
 380 Y _   0.010 0.367 0.001 0.019 0.008 0.014 0.062 0.519 
 381 D _   0.010 0.336 0.001 0.017 0.007 0.013 0.066 0.550 
 382 V _   0.009 0.311 0.001 0.015 0.006 0.013 0.069 0.575 
 383 D _   0.009 0.293 0.001 0.014 0.006 0.013 0.072 0.593 
 384 T _   0.009 0.279 0.001 0.015 0.005 0.013 0.075 0.604 
 385 G _   0.009 0.269 0.001 0.016 0.005 0.013 0.077 0.610 
 386 R _   0.009 0.260 0.001 0.018 0.006 0.013 0.080 0.613 
 387 E _   0.009 0.252 0.001 0.021 0.006 0.013 0.082 0.616 
 388 L _   0.009 0.242 0.001 0.024 0.006 0.013 0.085 0.619 
 389 A _   0.009 0.230 0.001 0.026 0.007 0.013 0.089 0.626 
 390 S _   0.009 0.213 0.001 0.027 0.007 0.012 0.093 0.639 
 391 K _   0.009 0.190 0.001 0.026 0.007 0.012 0.098 0.658 
 392 Q _   0.009 0.160 0.001 0.024 0.006 0.011 0.103 0.686 
 393 V _   0.009 0.125 0.001 0.020 0.005 0.010 0.109 0.720 
 394 Q _   0.009 0.088 0.001 0.016 0.005 0.009 0.115 0.757 
 395 F _   0.008 0.056 0.001 0.012 0.003 0.008 0.120 0.792 
 396 D _   0.007 0.032 0.000 0.008 0.003 0.007 0.124 0.819 
 397 P _   0.006 0.018 0.000 0.005 0.002 0.006 0.127 0.836 
 398 D _   0.005 0.010 0.000 0.003 0.001 0.006 0.128 0.846 
 399 S _   0.004 0.007 0.000 0.003 0.001 0.006 0.129 0.850 
 400 P _   0.004 0.006 0.000 0.002 0.001 0.007 0.128 0.851 
 401 E _   0.005 0.006 0.000 0.003 0.001 0.008 0.127 0.849 
 402 T _   0.007 0.007 0.000 0.004 0.002 0.012 0.125 0.843 
 403 S _   0.009 0.012 0.000 0.007 0.004 0.016 0.122 0.830 
 404 K _   0.013 0.023 0.001 0.012 0.007 0.023 0.118 0.805 
 405 E _   0.017 0.043 0.001 0.020 0.012 0.030 0.112 0.766 
 406 V _   0.021 0.072 0.002 0.031 0.018 0.036 0.106 0.715 
 407 S _   0.023 0.103 0.002 0.044 0.024 0.042 0.099 0.663 
 408 A _   0.026 0.127 0.002 0.057 0.029 0.045 0.094 0.620 
 409 L _   0.028 0.143 0.002 0.066 0.032 0.047 0.090 0.592 
 410 E _   0.030 0.150 0.002 0.071 0.034 0.048 0.087 0.579 
 411 C _   0.032 0.152 0.002 0.071 0.033 0.046 0.085 0.580 
 412 E _   0.032 0.147 0.002 0.066 0.031 0.044 0.083 0.594 
 413 I _   0.033 0.135 0.002 0.056 0.028 0.041 0.083 0.622 
 414 Q _   0.034 0.113 0.002 0.043 0.024 0.038 0.083 0.663 
 415 L _   0.034 0.084 0.002 0.031 0.019 0.035 0.083 0.713 
 416 L _   0.033 0.053 0.001 0.020 0.014 0.032 0.084 0.763 
 417 K _   0.032 0.028 0.001 0.012 0.011 0.029 0.084 0.804 
 418 N _   0.030 0.014 0.001 0.007 0.008 0.027 0.083 0.830 
 419 L _   0.029 0.008 0.001 0.005 0.006 0.025 0.083 0.844 
 420 Q _   0.029 0.006 0.001 0.004 0.006 0.025 0.082 0.848 
 421 H _   0.030 0.005 0.001 0.005 0.006 0.025 0.082 0.847 
 422 E _   0.031 0.005 0.001 0.007 0.007 0.025 0.081 0.843 
 423 R _   0.032 0.006 0.001 0.010 0.009 0.026 0.080 0.836 
 424 I _   0.032 0.007 0.001 0.014 0.011 0.027 0.079 0.829 
 425 V _   0.032 0.008 0.001 0.018 0.012 0.027 0.078 0.823 
 426 Q _   0.031 0.009 0.001 0.020 0.013 0.027 0.077 0.822 
 427 Y _   0.030 0.009 0.001 0.020 0.012 0.026 0.077 0.825 
 428 Y _   0.029 0.008 0.001 0.018 0.011 0.024 0.077 0.832 
 429 G _   0.027 0.007 0.001 0.015 0.009 0.023 0.076 0.842 
 430 C _   0.025 0.005 0.001 0.011 0.007 0.021 0.076 0.853 
 431 L _   0.024 0.004 0.001 0.008 0.006 0.020 0.076 0.862 
 432 R _   0.023 0.003 0.001 0.005 0.005 0.020 0.075 0.869 
 433 D _   0.024 0.002 0.000 0.004 0.005 0.021 0.074 0.870 
 434 R _   0.026 0.002 0.000 0.004 0.005 0.022 0.073 0.867 
 435 A _   0.030 0.003 0.001 0.004 0.006 0.025 0.072 0.859 
 436 E _   0.035 0.006 0.001 0.006 0.010 0.029 0.071 0.842 
 437 K _   0.042 0.013 0.001 0.011 0.014 0.034 0.069 0.817 
 438 T _   0.047 0.026 0.002 0.019 0.020 0.038 0.067 0.781 
 439 L _   0.051 0.044 0.002 0.030 0.026 0.040 0.066 0.742 
 440 T _   0.052 0.060 0.002 0.042 0.030 0.041 0.064 0.709 
 441 I _   0.051 0.071 0.002 0.051 0.031 0.040 0.064 0.690 
 442 F _   0.049 0.076 0.002 0.056 0.030 0.038 0.064 0.684 
 443 M _   0.046 0.077 0.002 0.056 0.027 0.035 0.064 0.693 
 444 E _   0.040 0.074 0.002 0.051 0.023 0.031 0.065 0.714 
 445 Y _   0.034 0.065 0.002 0.042 0.018 0.026 0.066 0.747 
 446 M _   0.028 0.051 0.001 0.030 0.013 0.021 0.068 0.787 
 447 P _   0.022 0.035 0.001 0.020 0.008 0.017 0.069 0.827 
 448 G _   0.017 0.021 0.001 0.012 0.005 0.014 0.070 0.861 
 449 G _   0.013 0.013 0.000 0.007 0.003 0.011 0.070 0.883 
 450 S _   0.010 0.008 0.000 0.004 0.002 0.009 0.070 0.896 
 451 V _   0.008 0.007 0.000 0.003 0.002 0.009 0.070 0.901 
 452 K _   0.008 0.007 0.000 0.003 0.002 0.010 0.069 0.902 
 453 D _   0.009 0.008 0.000 0.004 0.003 0.011 0.067 0.898 
 454 Q _   0.010 0.013 0.000 0.006 0.004 0.014 0.065 0.887 
 455 L _   0.012 0.022 0.001 0.011 0.006 0.017 0.063 0.868 
 456 K _   0.014 0.039 0.001 0.017 0.009 0.021 0.060 0.840 
 457 A _   0.015 0.059 0.001 0.025 0.012 0.024 0.057 0.807 
 458 Y _   0.016 0.079 0.001 0.032 0.015 0.027 0.053 0.777 
 459 G _   0.017 0.093 0.001 0.038 0.017 0.028 0.051 0.754 
 460 A _   0.018 0.102 0.001 0.040 0.017 0.029 0.049 0.742 
 461 L _   0.019 0.106 0.001 0.040 0.017 0.029 0.047 0.739 
 462 T _   0.020 0.107 0.001 0.037 0.017 0.029 0.046 0.744 
 463 E _   0.020 0.104 0.001 0.031 0.015 0.028 0.045 0.754 
 464 S _   0.020 0.099 0.001 0.025 0.014 0.028 0.045 0.768 
 465 V _   0.021 0.093 0.001 0.019 0.012 0.027 0.044 0.783 
 466 T _   0.021 0.086 0.001 0.015 0.010 0.026 0.044 0.796 
 467 R _   0.022 0.081 0.001 0.012 0.009 0.026 0.043 0.805 
 468 K _   0.022 0.078 0.001 0.011 0.009 0.026 0.043 0.809 
 469 Y _   0.022 0.078 0.001 0.011 0.009 0.027 0.042 0.810 
 470 T _   0.023 0.078 0.001 0.011 0.010 0.027 0.042 0.807 
 471 R _   0.023 0.081 0.001 0.013 0.011 0.028 0.042 0.801 
 472 Q _   0.024 0.085 0.001 0.015 0.012 0.028 0.041 0.794 
 473 I _   0.024 0.089 0.001 0.017 0.013 0.028 0.040 0.787 
 474 L _   0.024 0.093 0.001 0.019 0.013 0.028 0.040 0.782 
 475 E _   0.024 0.096 0.001 0.020 0.014 0.028 0.040 0.778 
 476 G _   0.024 0.098 0.001 0.021 0.014 0.027 0.039 0.776 
 477 M _   0.023 0.099 0.001 0.020 0.014 0.026 0.039 0.777 
 478 S _   0.023 0.099 0.001 0.020 0.013 0.025 0.039 0.779 
 479 Y _   0.022 0.098 0.001 0.020 0.013 0.024 0.040 0.782 
 480 L _   0.021 0.097 0.001 0.020 0.012 0.023 0.040 0.786 
 481 H _   0.020 0.095 0.001 0.020 0.012 0.022 0.041 0.790 
 482 S _   0.019 0.093 0.001 0.019 0.011 0.021 0.041 0.794 
 483 N _   0.018 0.090 0.001 0.019 0.010 0.020 0.042 0.799 
 484 M _   0.018 0.087 0.001 0.019 0.009 0.019 0.043 0.804 
 485 I _   0.017 0.083 0.001 0.019 0.009 0.018 0.044 0.810 
 486 V _   0.016 0.079 0.001 0.018 0.008 0.016 0.045 0.818 
 487 H _   0.014 0.074 0.001 0.017 0.007 0.015 0.046 0.825 
 488 R _   0.013 0.069 0.001 0.017 0.007 0.014 0.047 0.833 
 489 D _   0.012 0.064 0.001 0.016 0.006 0.013 0.048 0.841 
 490 I _   0.011 0.059 0.001 0.015 0.006 0.012 0.049 0.847 
 491 K _   0.010 0.054 0.001 0.015 0.005 0.012 0.050 0.854 
 492 G _   0.010 0.050 0.001 0.014 0.005 0.011 0.051 0.859 
 493 A _   0.009 0.046 0.001 0.013 0.004 0.010 0.052 0.864 
 494 N _   0.009 0.042 0.001 0.013 0.004 0.010 0.053 0.870 
 495 I _   0.008 0.039 0.000 0.012 0.004 0.009 0.054 0.875 
 496 L _   0.007 0.035 0.000 0.011 0.003 0.008 0.054 0.880 
 497 R _   0.007 0.032 0.000 0.010 0.003 0.008 0.055 0.884 
 498 D _   0.006 0.030 0.000 0.009 0.003 0.008 0.056 0.888 
 499 S _   0.006 0.028 0.000 0.008 0.003 0.007 0.056 0.892 
 500 A _   0.006 0.026 0.000 0.008 0.003 0.007 0.056 0.894 
 501 G _   0.006 0.025 0.000 0.008 0.003 0.007 0.056 0.895 
 502 N _   0.006 0.025 0.000 0.008 0.003 0.008 0.057 0.894 
 503 V _   0.006 0.026 0.000 0.008 0.003 0.008 0.056 0.893 
 504 K _   0.006 0.027 0.000 0.008 0.003 0.009 0.056 0.891 
 505 L _   0.006 0.028 0.000 0.008 0.003 0.010 0.056 0.888 
 506 G _   0.007 0.030 0.000 0.008 0.003 0.011 0.055 0.885 
 507 D _   0.007 0.033 0.000 0.009 0.004 0.013 0.054 0.880 
 508 F _   0.008 0.037 0.000 0.009 0.004 0.015 0.053 0.873 
 509 G _   0.010 0.042 0.001 0.010 0.005 0.018 0.052 0.863 
 510 A _   0.012 0.051 0.001 0.011 0.007 0.021 0.051 0.847 
 511 S _   0.014 0.062 0.001 0.014 0.009 0.025 0.049 0.826 
 512 K _   0.017 0.079 0.001 0.017 0.012 0.029 0.047 0.797 
 513 R _   0.020 0.101 0.001 0.021 0.016 0.033 0.046 0.762 
 514 L _   0.023 0.125 0.002 0.027 0.020 0.036 0.044 0.724 
 515 Q _   0.025 0.150 0.002 0.032 0.023 0.039 0.042 0.687 
 516 T _   0.027 0.171 0.002 0.038 0.026 0.040 0.041 0.656 
 517 I _   0.028 0.186 0.002 0.042 0.027 0.040 0.040 0.634 
 518 C _   0.029 0.196 0.002 0.044 0.028 0.040 0.040 0.623 
 519 M _   0.030 0.200 0.002 0.044 0.027 0.039 0.039 0.619 
 520 S _   0.030 0.199 0.002 0.043 0.026 0.037 0.040 0.622 
 521 G _   0.030 0.195 0.002 0.040 0.025 0.036 0.040 0.632 
 522 T _   0.030 0.186 0.002 0.036 0.023 0.034 0.041 0.649 
 523 G _   0.028 0.173 0.002 0.032 0.020 0.032 0.042 0.672 
 524 M _   0.027 0.156 0.001 0.028 0.018 0.029 0.044 0.697 
 525 R _   0.026 0.137 0.001 0.024 0.015 0.027 0.045 0.724 
 526 S _   0.024 0.118 0.001 0.020 0.013 0.025 0.047 0.751 
 527 V _   0.022 0.101 0.001 0.018 0.011 0.023 0.049 0.775 
 528 T _   0.020 0.086 0.001 0.016 0.010 0.022 0.051 0.795 
 529 G _   0.018 0.075 0.001 0.015 0.009 0.020 0.052 0.811 
 530 T _   0.017 0.065 0.001 0.014 0.008 0.019 0.054 0.823 
 531 P _   0.015 0.058 0.001 0.014 0.007 0.018 0.055 0.832 
 532 Y _   0.014 0.051 0.001 0.014 0.007 0.016 0.057 0.840 
 533 W _   0.012 0.045 0.001 0.014 0.007 0.015 0.058 0.846 
 534 M _   0.011 0.040 0.001 0.015 0.007 0.015 0.060 0.852 
 535 S _   0.010 0.035 0.001 0.015 0.006 0.014 0.062 0.857 
 536 P _   0.010 0.031 0.001 0.014 0.006 0.013 0.063 0.862 
 537 E _   0.009 0.027 0.001 0.014 0.006 0.013 0.065 0.866 
 538 V _   0.009 0.022 0.001 0.014 0.005 0.012 0.066 0.871 
 539 I _   0.008 0.018 0.001 0.013 0.005 0.012 0.068 0.875 
 540 S _   0.009 0.014 0.001 0.012 0.005 0.011 0.069 0.880 
 541 G _   0.009 0.010 0.001 0.010 0.004 0.011 0.071 0.884 
 542 E _   0.010 0.007 0.000 0.008 0.004 0.012 0.072 0.887 
 543 G _   0.011 0.004 0.000 0.007 0.004 0.012 0.073 0.888 
 544 Y _   0.014 0.002 0.000 0.005 0.003 0.013 0.074 0.887 
 545 G _   0.020 0.001 0.000 0.004 0.004 0.015 0.074 0.882 
 546 R _   0.029 0.001 0.000 0.003 0.004 0.018 0.075 0.870 
 547 K _   0.045 0.000 0.001 0.003 0.005 0.022 0.075 0.850 
 548 A _   0.068 0.000 0.001 0.003 0.008 0.028 0.075 0.818 
 549 D _   0.100 0.000 0.001 0.004 0.013 0.036 0.074 0.772 
 550 V _   0.141 0.001 0.001 0.005 0.021 0.045 0.074 0.713 
 551 W _   0.183 0.003 0.002 0.007 0.032 0.054 0.074 0.646 
 552 S _   0.221 0.007 0.002 0.010 0.045 0.061 0.075 0.578 
 553 L _   0.251 0.014 0.003 0.016 0.057 0.066 0.077 0.518 
 554 G _   0.269 0.021 0.003 0.023 0.064 0.067 0.080 0.472 
 555 C _   0.277 0.028 0.003 0.031 0.067 0.066 0.084 0.446 
 556 T _   0.273 0.031 0.003 0.036 0.065 0.062 0.089 0.441 
 557 V _   0.259 0.032 0.003 0.038 0.059 0.057 0.096 0.457 
 558 V _   0.236 0.030 0.003 0.035 0.050 0.050 0.104 0.492 
 559 E _   0.205 0.025 0.003 0.029 0.039 0.043 0.113 0.544 
 560 M _   0.168 0.017 0.002 0.021 0.027 0.035 0.123 0.608 
 561 L _   0.129 0.009 0.001 0.012 0.016 0.027 0.131 0.675 
 562 T _   0.092 0.003 0.001 0.006 0.008 0.021 0.138 0.731 
 563 E _   0.063 0.001 0.000 0.003 0.004 0.016 0.143 0.769 
 564 K _   0.044 0.000 0.000 0.001 0.003 0.014 0.147 0.790 
 565 P _   0.035 0.000 0.000 0.001 0.002 0.013 0.149 0.799 
 566 P _   0.033 0.000 0.000 0.001 0.002 0.015 0.152 0.797 
 567 W _   0.038 0.000 0.000 0.001 0.003 0.019 0.154 0.785 
 568 A _   0.049 0.001 0.000 0.002 0.006 0.026 0.155 0.761 
 569 E _   0.066 0.003 0.001 0.004 0.012 0.035 0.157 0.722 
 570 Y _   0.085 0.011 0.001 0.009 0.021 0.045 0.159 0.668 
 571 E _   0.101 0.028 0.002 0.018 0.034 0.055 0.161 0.602 
 572 A _   0.113 0.052 0.003 0.029 0.045 0.061 0.163 0.536 
 573 M _   0.120 0.074 0.003 0.039 0.053 0.064 0.167 0.480 
 574 A _   0.124 0.090 0.003 0.048 0.057 0.064 0.172 0.442 
 575 A _   0.124 0.100 0.003 0.054 0.058 0.062 0.179 0.421 
 576 I _   0.120 0.103 0.003 0.056 0.055 0.058 0.189 0.416 
 577 F _   0.112 0.102 0.003 0.055 0.049 0.052 0.200 0.427 
 578 K _   0.102 0.095 0.003 0.049 0.042 0.046 0.214 0.449 
 579 I _   0.089 0.083 0.002 0.041 0.033 0.040 0.230 0.482 
 580 A _   0.074 0.065 0.002 0.032 0.024 0.033 0.248 0.522 
 581 T _   0.060 0.044 0.002 0.022 0.016 0.027 0.265 0.564 
 582 Q _   0.046 0.026 0.001 0.015 0.010 0.021 0.281 0.600 
 583 P _   0.034 0.014 0.001 0.009 0.006 0.016 0.294 0.626 
 584 T _   0.024 0.007 0.000 0.006 0.004 0.012 0.304 0.642 
 585 N _   0.017 0.004 0.000 0.004 0.003 0.009 0.312 0.650 
 586 P _   0.013 0.002 0.000 0.003 0.002 0.008 0.318 0.654 
 587 Q _   0.009 0.001 0.000 0.003 0.002 0.006 0.323 0.655 
 588 L _   0.007 0.001 0.000 0.003 0.001 0.006 0.327 0.654 
 589 P _   0.006 0.001 0.000 0.003 0.001 0.006 0.330 0.653 
 590 S _   0.006 0.001 0.000 0.003 0.002 0.006 0.332 0.650 
 591 H _   0.006 0.001 0.000 0.003 0.002 0.007 0.334 0.647 
 592 I _   0.006 0.002 0.000 0.004 0.002 0.008 0.334 0.643 
 593 S _   0.007 0.003 0.000 0.004 0.003 0.010 0.335 0.638 
 594 E _   0.008 0.005 0.000 0.006 0.003 0.013 0.335 0.630 
 595 H _   0.010 0.009 0.000 0.007 0.005 0.016 0.335 0.618 
 596 G _   0.012 0.015 0.001 0.010 0.007 0.019 0.334 0.602 
 597 R _   0.015 0.024 0.001 0.014 0.010 0.023 0.333 0.580 
 598 D _   0.018 0.035 0.001 0.020 0.014 0.027 0.332 0.552 
 599 F _   0.020 0.049 0.001 0.027 0.019 0.031 0.331 0.522 
 600 L _   0.022 0.061 0.002 0.035 0.022 0.033 0.332 0.494 
 601 R _   0.024 0.070 0.002 0.042 0.024 0.034 0.334 0.471 
 602 R _   0.025 0.075 0.002 0.047 0.025 0.034 0.337 0.456 
 603 I _   0.025 0.076 0.002 0.049 0.024 0.033 0.342 0.450 
 604 F _   0.024 0.075 0.002 0.046 0.022 0.031 0.349 0.452 
 605 V _   0.024 0.069 0.001 0.040 0.019 0.028 0.356 0.461 
 606 E _   0.023 0.060 0.001 0.032 0.015 0.026 0.366 0.478 
 607 A _   0.021 0.046 0.001 0.023 0.012 0.023 0.376 0.498 
 608 R _   0.020 0.030 0.001 0.014 0.008 0.021 0.385 0.520 
 609 Q _   0.018 0.018 0.001 0.008 0.006 0.020 0.394 0.535 
 610 R _   0.018 0.010 0.000 0.005 0.004 0.019 0.400 0.543 
 611 P _   0.018 0.007 0.000 0.003 0.003 0.019 0.406 0.543 
 612 S _   0.020 0.007 0.000 0.002 0.003 0.021 0.410 0.536 
 613 A _   0.025 0.007 0.000 0.003 0.005 0.023 0.414 0.523 
 614 E _   0.031 0.010 0.001 0.004 0.007 0.027 0.418 0.503 
 615 E _   0.038 0.019 0.001 0.006 0.012 0.031 0.421 0.472 
 616 L _   0.044 0.038 0.001 0.010 0.018 0.035 0.424 0.429 
 617 L X   0.047 0.068 0.002 0.016 0.024 0.037 0.428 0.379 
 618 T X   0.046 0.101 0.002 0.021 0.027 0.036 0.433 0.332 
 619 H X   0.043 0.128 0.002 0.026 0.028 0.033 0.441 0.299 
 620 H X   0.038 0.147 0.002 0.030 0.025 0.029 0.451 0.279 
 621 F X   0.031 0.156 0.002 0.031 0.020 0.023 0.464 0.274 
 622 A X   0.022 0.158 0.001 0.028 0.012 0.016 0.481 0.282 
 623 Q X   0.013 0.152 0.001 0.021 0.004 0.009 0.496 0.304 
 624 L X   0.006 0.139 0.000 0.014 0.001 0.005 0.503 0.332 
 625 M X   0.003 0.122 0.000 0.011 0.001 0.004 0.503 0.355 
 626 Y X   0.007 0.111 0.002 0.017 0.006 0.007 0.492 0.359 
