#TopoPred_TM8: 8-state transmembrane topology prediction results by no_profile mode 
#probabilities are in the order of H E C I L F X _, the 8 transmembrane topology types used in PDBTM 
   1 M X   0.007 0.000 0.001 0.032 0.006 0.006 0.899 0.048 
   2 A X   0.003 0.000 0.000 0.015 0.001 0.002 0.925 0.055 
   3 G X   0.001 0.000 0.000 0.005 0.000 0.001 0.932 0.061 
   4 G X   0.000 0.000 0.000 0.002 0.000 0.001 0.932 0.065 
   5 P X   0.000 0.000 0.000 0.001 0.000 0.001 0.929 0.068 
   6 G X   0.001 0.000 0.000 0.001 0.000 0.001 0.925 0.072 
   7 P X   0.001 0.000 0.000 0.001 0.000 0.002 0.918 0.078 
   8 G X   0.001 0.001 0.000 0.002 0.001 0.003 0.906 0.087 
   9 E X   0.002 0.002 0.000 0.003 0.001 0.005 0.888 0.100 
  10 P X   0.002 0.005 0.000 0.006 0.002 0.008 0.861 0.116 
  11 A X   0.003 0.012 0.001 0.012 0.004 0.013 0.822 0.135 
  12 A X   0.004 0.026 0.001 0.019 0.007 0.018 0.771 0.153 
  13 P X   0.005 0.050 0.001 0.029 0.010 0.023 0.712 0.169 
  14 G X   0.006 0.079 0.002 0.038 0.014 0.028 0.651 0.182 
  15 A X   0.007 0.109 0.002 0.045 0.016 0.032 0.596 0.194 
  16 Q X   0.007 0.133 0.002 0.049 0.017 0.035 0.550 0.207 
  17 H X   0.008 0.151 0.002 0.050 0.018 0.038 0.511 0.223 
  18 F X   0.008 0.163 0.002 0.048 0.019 0.040 0.478 0.241 
  19 L X   0.010 0.171 0.002 0.044 0.021 0.043 0.450 0.260 
  20 Y X   0.011 0.176 0.002 0.039 0.022 0.046 0.425 0.280 
  21 E X   0.014 0.180 0.002 0.034 0.023 0.048 0.403 0.298 
  22 V X   0.016 0.182 0.002 0.030 0.024 0.050 0.382 0.313 
  23 P X   0.020 0.185 0.002 0.028 0.026 0.052 0.363 0.323 
  24 P X   0.024 0.189 0.002 0.028 0.029 0.054 0.345 0.331 
  25 W _   0.028 0.192 0.002 0.029 0.031 0.055 0.328 0.335 
  26 V _   0.031 0.196 0.002 0.032 0.033 0.054 0.313 0.339 
  27 M _   0.033 0.198 0.002 0.036 0.034 0.053 0.301 0.345 
  28 C _   0.034 0.198 0.002 0.039 0.033 0.050 0.289 0.354 
  29 R _   0.033 0.194 0.002 0.042 0.032 0.047 0.280 0.370 
  30 F _   0.033 0.186 0.002 0.041 0.029 0.043 0.272 0.394 
  31 Y _   0.031 0.172 0.002 0.039 0.025 0.039 0.266 0.426 
  32 K _   0.029 0.150 0.002 0.034 0.021 0.035 0.260 0.467 
  33 V _   0.027 0.121 0.002 0.028 0.017 0.031 0.256 0.519 
  34 M _   0.024 0.087 0.001 0.021 0.013 0.028 0.252 0.574 
  35 D _   0.022 0.055 0.001 0.015 0.010 0.025 0.247 0.625 
  36 A _   0.021 0.032 0.001 0.010 0.007 0.022 0.243 0.665 
  37 L _   0.020 0.018 0.001 0.006 0.005 0.021 0.238 0.692 
  38 E _   0.019 0.011 0.000 0.004 0.004 0.020 0.233 0.708 
  39 P _   0.020 0.009 0.000 0.003 0.004 0.021 0.227 0.715 
  40 A _   0.023 0.009 0.000 0.004 0.005 0.024 0.221 0.715 
  41 D _   0.027 0.010 0.001 0.005 0.007 0.027 0.214 0.708 
  42 W _   0.033 0.014 0.001 0.009 0.011 0.031 0.206 0.695 
  43 C _   0.038 0.022 0.001 0.016 0.016 0.036 0.198 0.673 
  44 Q _   0.042 0.032 0.002 0.024 0.021 0.039 0.189 0.650 
  45 F _   0.045 0.041 0.002 0.033 0.025 0.040 0.182 0.632 
  46 A _   0.046 0.048 0.002 0.039 0.026 0.040 0.176 0.622 
  47 A _   0.045 0.052 0.002 0.043 0.026 0.039 0.171 0.622 
  48 L _   0.043 0.053 0.002 0.042 0.024 0.037 0.167 0.633 
  49 I _   0.040 0.050 0.002 0.037 0.021 0.033 0.163 0.653 
  50 V _   0.036 0.045 0.001 0.031 0.017 0.030 0.160 0.679 
  51 R _   0.032 0.038 0.001 0.024 0.014 0.026 0.158 0.707 
  52 D _   0.028 0.030 0.001 0.018 0.011 0.023 0.156 0.733 
  53 Q _   0.025 0.022 0.001 0.014 0.008 0.020 0.154 0.757 
  54 T _   0.021 0.016 0.001 0.011 0.007 0.018 0.152 0.775 
  55 E _   0.019 0.011 0.001 0.009 0.005 0.016 0.150 0.789 
  56 L _   0.016 0.008 0.001 0.008 0.005 0.015 0.148 0.799 
  57 R _   0.015 0.006 0.000 0.007 0.004 0.014 0.146 0.807 
  58 L _   0.014 0.005 0.000 0.006 0.004 0.013 0.144 0.814 
  59 C _   0.013 0.004 0.000 0.006 0.004 0.012 0.141 0.820 
  60 E _   0.012 0.003 0.000 0.006 0.004 0.013 0.138 0.824 
  61 R _   0.012 0.003 0.000 0.006 0.004 0.013 0.135 0.827 
  62 S _   0.013 0.003 0.000 0.006 0.004 0.014 0.131 0.828 
  63 G _   0.014 0.003 0.001 0.007 0.005 0.016 0.127 0.827 
  64 Q _   0.016 0.004 0.001 0.008 0.006 0.018 0.124 0.823 
  65 R _   0.019 0.005 0.001 0.011 0.008 0.020 0.120 0.816 
  66 T _   0.023 0.006 0.001 0.014 0.010 0.023 0.116 0.807 
  67 A _   0.026 0.008 0.001 0.018 0.012 0.025 0.112 0.797 
  68 S _   0.030 0.009 0.001 0.022 0.014 0.027 0.109 0.788 
  69 V _   0.034 0.010 0.001 0.024 0.015 0.028 0.106 0.782 
  70 L _   0.038 0.010 0.001 0.024 0.015 0.028 0.103 0.781 
  71 W _   0.044 0.009 0.001 0.022 0.014 0.027 0.100 0.783 
  72 P _   0.051 0.007 0.001 0.018 0.013 0.026 0.098 0.786 
  73 W _   0.061 0.005 0.001 0.013 0.011 0.025 0.096 0.788 
  74 I _   0.074 0.003 0.001 0.009 0.009 0.024 0.093 0.787 
  75 N _   0.092 0.001 0.001 0.005 0.008 0.024 0.091 0.778 
  76 R _   0.117 0.000 0.001 0.003 0.007 0.024 0.089 0.759 
  77 N _   0.152 0.000 0.001 0.002 0.007 0.025 0.086 0.727 
  78 A _   0.196 0.000 0.001 0.002 0.009 0.027 0.084 0.682 
  79 R _   0.250 0.000 0.001 0.002 0.011 0.029 0.081 0.626 
  80 V _   0.312 0.000 0.001 0.002 0.014 0.032 0.079 0.559 
  81 A _   0.373 0.000 0.001 0.002 0.019 0.035 0.078 0.492 
  82 D H   0.431 0.000 0.002 0.003 0.025 0.038 0.077 0.426 
  83 L H   0.478 0.000 0.002 0.003 0.030 0.039 0.077 0.370 
  84 V H   0.513 0.000 0.002 0.004 0.035 0.040 0.078 0.328 
  85 H H   0.534 0.001 0.002 0.005 0.038 0.040 0.080 0.300 
  86 I H   0.542 0.001 0.002 0.006 0.040 0.039 0.083 0.287 
  87 L H   0.538 0.001 0.002 0.007 0.040 0.038 0.088 0.287 
  88 T H   0.523 0.001 0.002 0.007 0.038 0.036 0.093 0.301 
  89 H H   0.496 0.001 0.002 0.006 0.034 0.034 0.100 0.327 
  90 L H   0.458 0.001 0.002 0.006 0.029 0.032 0.109 0.364 
  91 Q H   0.412 0.000 0.002 0.005 0.024 0.030 0.119 0.408 
  92 L _   0.360 0.000 0.002 0.004 0.019 0.028 0.131 0.455 
  93 L _   0.308 0.000 0.001 0.004 0.016 0.026 0.143 0.501 
  94 R _   0.258 0.000 0.001 0.005 0.013 0.024 0.157 0.542 
  95 A _   0.211 0.000 0.001 0.006 0.011 0.023 0.171 0.577 
  96 R _   0.170 0.001 0.001 0.008 0.010 0.022 0.184 0.604 
  97 D _   0.135 0.001 0.001 0.010 0.010 0.021 0.198 0.625 
  98 I _   0.106 0.001 0.001 0.012 0.009 0.019 0.211 0.640 
  99 I _   0.082 0.002 0.001 0.014 0.009 0.018 0.224 0.652 
 100 T _   0.062 0.002 0.001 0.014 0.007 0.016 0.236 0.661 
 101 A _   0.046 0.002 0.001 0.014 0.006 0.014 0.248 0.669 
 102 W _   0.034 0.002 0.001 0.012 0.005 0.012 0.259 0.676 
 103 H _   0.025 0.002 0.001 0.010 0.004 0.010 0.268 0.681 
 104 P _   0.018 0.001 0.000 0.008 0.003 0.008 0.277 0.685 
 105 P _   0.013 0.001 0.000 0.006 0.002 0.007 0.284 0.686 
 106 A _   0.010 0.001 0.000 0.005 0.002 0.006 0.290 0.686 
 107 P _   0.008 0.001 0.000 0.004 0.002 0.005 0.295 0.685 
 108 L _   0.007 0.001 0.000 0.004 0.002 0.005 0.299 0.683 
 109 P _   0.006 0.001 0.000 0.004 0.002 0.005 0.302 0.680 
 110 S _   0.006 0.001 0.000 0.005 0.002 0.005 0.304 0.677 
 111 P _   0.005 0.002 0.000 0.005 0.002 0.005 0.306 0.675 
 112 G _   0.005 0.002 0.000 0.006 0.002 0.005 0.307 0.672 
 113 T _   0.005 0.003 0.000 0.006 0.002 0.005 0.308 0.671 
 114 T _   0.005 0.004 0.000 0.007 0.002 0.005 0.308 0.671 
 115 A _   0.004 0.004 0.000 0.006 0.002 0.005 0.307 0.671 
 116 P _   0.004 0.005 0.000 0.006 0.002 0.005 0.306 0.672 
 117 R _   0.004 0.007 0.000 0.006 0.002 0.005 0.304 0.674 
 118 P _   0.003 0.008 0.000 0.006 0.002 0.005 0.301 0.674 
 119 S _   0.003 0.011 0.000 0.007 0.002 0.005 0.298 0.674 
 120 S _   0.003 0.015 0.000 0.008 0.002 0.006 0.293 0.672 
 121 I _   0.004 0.021 0.000 0.010 0.002 0.007 0.289 0.668 
 122 P _   0.004 0.030 0.000 0.012 0.003 0.007 0.283 0.661 
 123 A _   0.004 0.040 0.000 0.015 0.004 0.008 0.277 0.651 
 124 P _   0.004 0.052 0.001 0.019 0.004 0.009 0.271 0.641 
 125 A _   0.004 0.063 0.001 0.021 0.004 0.009 0.265 0.632 
 126 E _   0.004 0.072 0.001 0.023 0.005 0.009 0.260 0.627 
 127 A _   0.004 0.079 0.001 0.023 0.005 0.009 0.255 0.625 
 128 E _   0.004 0.084 0.001 0.022 0.004 0.009 0.251 0.625 
 129 A _   0.004 0.087 0.000 0.020 0.004 0.008 0.248 0.628 
 130 W _   0.004 0.089 0.000 0.017 0.004 0.008 0.246 0.632 
 131 S _   0.004 0.090 0.000 0.014 0.003 0.008 0.244 0.637 
 132 P _   0.004 0.091 0.000 0.012 0.003 0.008 0.242 0.640 
 133 R _   0.004 0.093 0.000 0.011 0.003 0.008 0.240 0.642 
 134 K _   0.004 0.095 0.000 0.011 0.003 0.008 0.238 0.641 
 135 L _   0.004 0.098 0.000 0.011 0.003 0.008 0.236 0.639 
 136 P _   0.004 0.103 0.000 0.013 0.003 0.009 0.234 0.634 
 137 S _   0.005 0.109 0.000 0.015 0.004 0.010 0.231 0.626 
 138 S _   0.005 0.116 0.001 0.019 0.005 0.010 0.228 0.617 
 139 A _   0.005 0.123 0.001 0.023 0.006 0.011 0.226 0.606 
 140 S _   0.006 0.129 0.001 0.026 0.006 0.012 0.224 0.596 
 141 T _   0.006 0.133 0.001 0.030 0.007 0.012 0.223 0.589 
 142 F _   0.006 0.134 0.001 0.032 0.007 0.012 0.223 0.585 
 143 L _   0.006 0.133 0.001 0.032 0.007 0.011 0.223 0.586 
 144 S _   0.006 0.129 0.001 0.030 0.007 0.011 0.225 0.592 
 145 P _   0.006 0.121 0.001 0.026 0.006 0.010 0.227 0.602 
 146 A _   0.006 0.110 0.001 0.022 0.005 0.009 0.230 0.617 
 147 F _   0.006 0.097 0.001 0.017 0.004 0.008 0.233 0.635 
 148 P _   0.005 0.083 0.000 0.012 0.003 0.007 0.236 0.652 
 149 G _   0.005 0.071 0.000 0.009 0.003 0.007 0.239 0.667 
 150 S _   0.005 0.064 0.000 0.006 0.002 0.006 0.241 0.676 
 151 Q _   0.004 0.059 0.000 0.005 0.002 0.006 0.242 0.681 
 152 T _   0.004 0.058 0.000 0.005 0.002 0.007 0.242 0.682 
 153 H _   0.005 0.059 0.000 0.006 0.002 0.008 0.242 0.678 
 154 S _   0.005 0.064 0.000 0.008 0.003 0.009 0.242 0.669 
 155 G _   0.006 0.073 0.000 0.013 0.004 0.011 0.240 0.653 
 156 P _   0.006 0.087 0.001 0.019 0.006 0.012 0.239 0.631 
 157 E _   0.007 0.102 0.001 0.027 0.007 0.014 0.237 0.606 
 158 L _   0.007 0.116 0.001 0.034 0.008 0.014 0.236 0.583 
 159 G _   0.007 0.126 0.001 0.040 0.009 0.015 0.235 0.567 
 160 L _   0.007 0.131 0.001 0.044 0.009 0.015 0.236 0.558 
 161 V _   0.007 0.132 0.001 0.044 0.009 0.014 0.238 0.555 
 162 P _   0.007 0.130 0.001 0.043 0.008 0.013 0.240 0.557 
 163 S _   0.007 0.124 0.001 0.039 0.008 0.012 0.244 0.565 
 164 P _   0.007 0.113 0.001 0.033 0.007 0.011 0.250 0.577 
 165 A _   0.007 0.099 0.001 0.027 0.006 0.010 0.256 0.594 
 166 S _   0.007 0.082 0.001 0.021 0.005 0.009 0.263 0.613 
 167 L _   0.007 0.065 0.001 0.016 0.004 0.008 0.269 0.631 
 168 W _   0.007 0.050 0.000 0.012 0.003 0.007 0.274 0.647 
 169 P _   0.006 0.039 0.000 0.009 0.002 0.006 0.278 0.659 
 170 P _   0.005 0.032 0.000 0.007 0.002 0.006 0.281 0.667 
 171 P _   0.005 0.028 0.000 0.006 0.001 0.005 0.282 0.673 
 172 P _   0.004 0.025 0.000 0.005 0.001 0.005 0.282 0.677 
 173 S _   0.004 0.024 0.000 0.005 0.001 0.005 0.281 0.680 
 174 P _   0.004 0.024 0.000 0.005 0.001 0.005 0.279 0.682 
 175 A _   0.004 0.025 0.000 0.005 0.001 0.005 0.276 0.683 
 176 P _   0.004 0.027 0.000 0.006 0.002 0.006 0.271 0.685 
 177 S _   0.004 0.031 0.000 0.007 0.002 0.006 0.265 0.685 
 178 S _   0.004 0.038 0.000 0.008 0.002 0.007 0.257 0.684 
 179 T _   0.004 0.047 0.000 0.010 0.003 0.008 0.247 0.680 
 180 K _   0.004 0.062 0.000 0.013 0.003 0.010 0.235 0.672 
 181 P _   0.004 0.084 0.001 0.016 0.004 0.012 0.221 0.658 
 182 G _   0.005 0.115 0.001 0.020 0.006 0.014 0.204 0.635 
 183 P _   0.006 0.159 0.001 0.025 0.008 0.016 0.185 0.601 
 184 E _   0.006 0.216 0.001 0.030 0.010 0.018 0.164 0.555 
 185 S _   0.006 0.282 0.002 0.035 0.012 0.019 0.142 0.501 
 186 S _   0.006 0.350 0.002 0.038 0.013 0.020 0.123 0.447 
 187 V E   0.006 0.410 0.002 0.040 0.014 0.020 0.108 0.400 
 188 S E   0.006 0.458 0.001 0.040 0.013 0.020 0.096 0.366 
 189 L E   0.006 0.491 0.001 0.039 0.013 0.019 0.087 0.344 
 190 L E   0.006 0.513 0.001 0.037 0.012 0.019 0.080 0.332 
 191 Q E   0.006 0.527 0.001 0.034 0.011 0.019 0.075 0.327 
 192 G E   0.006 0.535 0.001 0.030 0.011 0.019 0.071 0.327 
 193 A E   0.007 0.539 0.001 0.027 0.011 0.019 0.067 0.330 
 194 R E   0.008 0.539 0.001 0.024 0.011 0.020 0.064 0.334 
 195 P E   0.008 0.539 0.001 0.021 0.011 0.020 0.061 0.338 
 196 F E   0.009 0.537 0.001 0.020 0.011 0.020 0.059 0.341 
 197 P E   0.010 0.537 0.001 0.021 0.012 0.021 0.057 0.343 
 198 F E   0.011 0.536 0.001 0.022 0.012 0.020 0.055 0.343 
 199 C E   0.011 0.534 0.001 0.025 0.013 0.020 0.053 0.343 
 200 W E   0.012 0.531 0.001 0.028 0.013 0.020 0.052 0.344 
 201 P E   0.012 0.524 0.001 0.031 0.013 0.019 0.051 0.349 
 202 L E   0.012 0.511 0.001 0.033 0.013 0.018 0.050 0.361 
 203 C E   0.012 0.489 0.001 0.035 0.014 0.018 0.050 0.382 
 204 E E   0.012 0.453 0.002 0.035 0.014 0.017 0.051 0.417 
 205 I _   0.013 0.400 0.002 0.034 0.013 0.016 0.052 0.470 
 206 S _   0.013 0.326 0.002 0.031 0.013 0.016 0.053 0.545 
 207 R _   0.014 0.240 0.002 0.027 0.011 0.016 0.055 0.635 
 208 G _   0.013 0.157 0.001 0.021 0.009 0.015 0.058 0.725 
 209 T _   0.012 0.090 0.001 0.015 0.007 0.014 0.059 0.801 
 210 H _   0.011 0.047 0.001 0.011 0.005 0.012 0.060 0.853 
 211 N _   0.009 0.023 0.001 0.007 0.004 0.012 0.060 0.884 
 212 F _   0.008 0.011 0.000 0.005 0.003 0.011 0.060 0.901 
 213 S _   0.009 0.006 0.000 0.004 0.002 0.012 0.059 0.907 
 214 E _   0.011 0.003 0.000 0.004 0.003 0.013 0.058 0.908 
 215 E _   0.015 0.002 0.000 0.004 0.003 0.016 0.056 0.903 
 216 L _   0.023 0.001 0.000 0.005 0.004 0.019 0.054 0.893 
 217 K _   0.035 0.001 0.001 0.006 0.006 0.024 0.052 0.876 
 218 I _   0.054 0.001 0.001 0.007 0.009 0.030 0.049 0.850 
 219 G _   0.081 0.001 0.001 0.008 0.013 0.037 0.045 0.814 
 220 E _   0.117 0.001 0.001 0.009 0.018 0.045 0.042 0.767 
 221 G _   0.160 0.001 0.002 0.009 0.025 0.053 0.038 0.713 
 222 G _   0.210 0.001 0.002 0.009 0.033 0.060 0.035 0.651 
 223 F _   0.259 0.001 0.002 0.009 0.041 0.066 0.032 0.591 
 224 G _   0.307 0.001 0.002 0.008 0.047 0.069 0.029 0.536 
 225 C _   0.350 0.001 0.002 0.008 0.052 0.071 0.027 0.488 
 226 V _   0.385 0.001 0.002 0.008 0.055 0.071 0.026 0.452 
 227 Y _   0.412 0.001 0.002 0.008 0.056 0.069 0.026 0.426 
 228 R H   0.429 0.001 0.002 0.007 0.055 0.067 0.025 0.413 
 229 A H   0.437 0.001 0.002 0.007 0.054 0.064 0.026 0.409 
 230 V H   0.438 0.001 0.002 0.007 0.051 0.060 0.026 0.414 
 231 M _   0.428 0.001 0.002 0.007 0.048 0.057 0.027 0.429 
 232 R _   0.408 0.002 0.002 0.008 0.045 0.054 0.028 0.453 
 233 N _   0.380 0.002 0.002 0.010 0.041 0.050 0.030 0.485 
 234 T _   0.344 0.002 0.002 0.012 0.037 0.046 0.033 0.524 
 235 V _   0.302 0.003 0.002 0.014 0.032 0.042 0.036 0.569 
 236 Y _   0.256 0.003 0.002 0.016 0.026 0.038 0.039 0.620 
 237 A _   0.207 0.003 0.002 0.016 0.021 0.033 0.042 0.676 
 238 V _   0.162 0.003 0.001 0.015 0.016 0.028 0.045 0.730 
 239 K _   0.120 0.002 0.001 0.012 0.011 0.023 0.048 0.782 
 240 R _   0.086 0.002 0.001 0.009 0.008 0.019 0.050 0.826 
 241 L _   0.059 0.001 0.001 0.007 0.005 0.015 0.052 0.861 
 242 K _   0.039 0.001 0.000 0.005 0.003 0.012 0.053 0.886 
 243 E _   0.026 0.001 0.000 0.004 0.003 0.011 0.054 0.902 
 244 N _   0.019 0.001 0.000 0.003 0.002 0.010 0.054 0.910 
 245 A _   0.015 0.001 0.000 0.003 0.002 0.010 0.054 0.913 
 246 D _   0.014 0.002 0.000 0.004 0.003 0.011 0.054 0.913 
 247 L _   0.013 0.003 0.000 0.005 0.003 0.013 0.054 0.908 
 248 E _   0.014 0.006 0.000 0.007 0.004 0.015 0.053 0.900 
 249 W _   0.015 0.011 0.001 0.009 0.005 0.018 0.052 0.889 
 250 T _   0.016 0.018 0.001 0.011 0.007 0.020 0.051 0.875 
 251 A _   0.018 0.027 0.001 0.014 0.009 0.023 0.050 0.858 
 252 V _   0.019 0.037 0.001 0.018 0.012 0.027 0.048 0.838 
 253 K _   0.022 0.048 0.001 0.022 0.014 0.029 0.047 0.817 
 254 Q _   0.023 0.059 0.001 0.026 0.017 0.032 0.046 0.796 
 255 S _   0.026 0.068 0.001 0.030 0.020 0.034 0.045 0.776 
 256 F _   0.027 0.076 0.001 0.035 0.021 0.035 0.044 0.760 
 257 L _   0.028 0.082 0.002 0.039 0.022 0.035 0.044 0.749 
 258 T _   0.028 0.085 0.002 0.041 0.022 0.034 0.044 0.745 
 259 E _   0.027 0.085 0.002 0.041 0.021 0.032 0.044 0.747 
 260 V _   0.026 0.082 0.001 0.039 0.019 0.030 0.045 0.758 
 261 E _   0.025 0.076 0.001 0.035 0.017 0.027 0.046 0.774 
 262 Q _   0.023 0.066 0.001 0.028 0.014 0.024 0.047 0.797 
 263 L _   0.021 0.053 0.001 0.022 0.011 0.021 0.048 0.822 
 264 S _   0.019 0.039 0.001 0.016 0.009 0.019 0.049 0.848 
 265 R _   0.017 0.028 0.001 0.011 0.006 0.017 0.050 0.870 
 266 F _   0.015 0.019 0.001 0.008 0.005 0.015 0.051 0.886 
 267 R _   0.014 0.015 0.000 0.006 0.004 0.015 0.051 0.895 
 268 H _   0.013 0.013 0.000 0.005 0.004 0.015 0.052 0.899 
 269 P _   0.013 0.012 0.000 0.005 0.004 0.015 0.052 0.898 
 270 N _   0.014 0.012 0.001 0.006 0.004 0.017 0.052 0.894 
 271 I _   0.015 0.014 0.001 0.008 0.006 0.019 0.051 0.886 
 272 V _   0.017 0.017 0.001 0.010 0.007 0.022 0.051 0.875 
 273 D _   0.019 0.021 0.001 0.012 0.009 0.025 0.050 0.863 
 274 F _   0.021 0.025 0.001 0.014 0.010 0.028 0.050 0.850 
 275 A _   0.024 0.030 0.001 0.016 0.012 0.032 0.049 0.837 
 276 G _   0.026 0.034 0.001 0.016 0.014 0.035 0.048 0.825 
 277 Y _   0.029 0.039 0.001 0.016 0.015 0.038 0.048 0.814 
 278 C _   0.033 0.044 0.001 0.015 0.018 0.041 0.047 0.801 
 279 A _   0.037 0.050 0.001 0.016 0.020 0.044 0.046 0.784 
 280 Q _   0.042 0.058 0.001 0.017 0.024 0.048 0.046 0.763 
 281 N _   0.047 0.070 0.002 0.020 0.028 0.050 0.045 0.737 
 282 G _   0.050 0.085 0.002 0.026 0.033 0.052 0.045 0.707 
 283 F _   0.053 0.102 0.002 0.033 0.036 0.052 0.045 0.677 
 284 Y _   0.054 0.116 0.002 0.041 0.038 0.051 0.045 0.652 
 285 C _   0.054 0.127 0.002 0.049 0.038 0.049 0.046 0.636 
 286 L _   0.052 0.132 0.002 0.053 0.036 0.046 0.047 0.632 
 287 V _   0.049 0.132 0.002 0.055 0.033 0.042 0.049 0.639 
 288 Y _   0.044 0.128 0.002 0.051 0.028 0.037 0.051 0.659 
 289 G _   0.039 0.117 0.002 0.045 0.023 0.032 0.054 0.689 
 290 F _   0.034 0.099 0.002 0.036 0.018 0.027 0.057 0.728 
 291 L _   0.028 0.077 0.001 0.027 0.013 0.023 0.060 0.772 
 292 P _   0.023 0.053 0.001 0.019 0.009 0.019 0.063 0.814 
 293 N _   0.018 0.033 0.001 0.012 0.006 0.015 0.066 0.849 
 294 G _   0.014 0.021 0.001 0.008 0.004 0.013 0.067 0.872 
 295 S _   0.012 0.014 0.000 0.006 0.003 0.011 0.069 0.886 
 296 L _   0.010 0.010 0.000 0.005 0.003 0.010 0.069 0.892 
 297 E _   0.009 0.008 0.000 0.005 0.003 0.010 0.070 0.895 
 298 D _   0.009 0.008 0.000 0.006 0.003 0.010 0.070 0.894 
 299 R _   0.009 0.008 0.000 0.008 0.003 0.010 0.070 0.892 
 300 L _   0.009 0.008 0.000 0.010 0.004 0.010 0.070 0.888 
 301 H _   0.008 0.008 0.000 0.012 0.004 0.011 0.070 0.885 
 302 C _   0.008 0.008 0.001 0.014 0.005 0.011 0.070 0.883 
 303 Q _   0.008 0.008 0.001 0.015 0.005 0.011 0.070 0.882 
 304 T _   0.008 0.008 0.001 0.014 0.005 0.011 0.070 0.883 
 305 Q _   0.008 0.007 0.001 0.013 0.005 0.011 0.070 0.886 
 306 A _   0.008 0.005 0.001 0.011 0.004 0.011 0.070 0.890 
 307 C _   0.008 0.004 0.000 0.009 0.004 0.011 0.070 0.893 
 308 P _   0.009 0.003 0.000 0.007 0.003 0.012 0.070 0.896 
 309 P _   0.011 0.002 0.000 0.006 0.003 0.013 0.070 0.896 
 310 L _   0.013 0.001 0.000 0.005 0.003 0.014 0.070 0.893 
 311 S _   0.019 0.001 0.000 0.004 0.004 0.017 0.069 0.886 
 312 W _   0.027 0.001 0.000 0.004 0.004 0.021 0.068 0.875 
 313 P _   0.039 0.001 0.001 0.004 0.006 0.026 0.067 0.856 
 314 Q _   0.057 0.001 0.001 0.005 0.009 0.032 0.066 0.829 
 315 R _   0.081 0.002 0.001 0.006 0.014 0.040 0.064 0.793 
 316 L _   0.110 0.003 0.001 0.007 0.021 0.049 0.062 0.746 
 317 D _   0.142 0.006 0.002 0.009 0.030 0.058 0.060 0.694 
 318 I _   0.173 0.011 0.002 0.012 0.040 0.065 0.059 0.639 
 319 L _   0.200 0.017 0.002 0.016 0.051 0.070 0.057 0.586 
 320 L _   0.220 0.026 0.003 0.021 0.060 0.073 0.057 0.540 
 321 G _   0.236 0.034 0.003 0.027 0.065 0.073 0.057 0.506 
 322 T _   0.242 0.040 0.003 0.032 0.066 0.071 0.058 0.488 
 323 A _   0.241 0.043 0.003 0.035 0.063 0.067 0.060 0.488 
 324 R _   0.229 0.044 0.003 0.037 0.057 0.061 0.062 0.506 
 325 A _   0.210 0.042 0.003 0.036 0.049 0.054 0.065 0.541 
 326 I _   0.185 0.037 0.003 0.031 0.039 0.047 0.069 0.589 
 327 Q _   0.155 0.030 0.002 0.025 0.028 0.039 0.073 0.649 
 328 F _   0.123 0.021 0.002 0.018 0.018 0.031 0.077 0.712 
 329 L _   0.092 0.012 0.001 0.012 0.011 0.024 0.080 0.768 
 330 H _   0.066 0.007 0.001 0.008 0.007 0.018 0.082 0.812 
 331 Q _   0.045 0.004 0.000 0.005 0.004 0.014 0.084 0.842 
 332 D _   0.031 0.003 0.000 0.004 0.003 0.011 0.085 0.862 
 333 S _   0.021 0.003 0.000 0.004 0.002 0.010 0.086 0.874 
 334 P _   0.015 0.003 0.000 0.004 0.002 0.009 0.086 0.880 
 335 S _   0.012 0.003 0.000 0.004 0.002 0.008 0.086 0.883 
 336 L _   0.010 0.005 0.000 0.005 0.002 0.008 0.086 0.883 
 337 I _   0.009 0.007 0.000 0.006 0.002 0.008 0.085 0.882 
 338 H _   0.008 0.010 0.000 0.008 0.003 0.008 0.084 0.880 
 339 G _   0.007 0.015 0.000 0.009 0.003 0.008 0.082 0.876 
 340 D _   0.007 0.021 0.000 0.009 0.003 0.009 0.080 0.872 
 341 I _   0.006 0.028 0.000 0.010 0.003 0.009 0.077 0.865 
 342 K _   0.006 0.036 0.001 0.012 0.004 0.010 0.075 0.857 
 343 S _   0.006 0.046 0.001 0.013 0.004 0.010 0.072 0.847 
 344 S _   0.007 0.058 0.001 0.015 0.005 0.011 0.069 0.835 
 345 N _   0.007 0.072 0.001 0.016 0.005 0.011 0.067 0.821 
 346 V _   0.007 0.088 0.001 0.018 0.006 0.012 0.064 0.805 
 347 L _   0.007 0.104 0.001 0.020 0.006 0.012 0.061 0.790 
 348 L _   0.007 0.118 0.001 0.021 0.006 0.012 0.059 0.776 
 349 D _   0.007 0.131 0.001 0.020 0.006 0.012 0.057 0.767 
 350 E _   0.007 0.141 0.001 0.020 0.006 0.012 0.055 0.760 
 351 R _   0.007 0.149 0.001 0.018 0.005 0.012 0.053 0.756 
 352 L _   0.006 0.155 0.001 0.016 0.005 0.012 0.051 0.753 
 353 T _   0.006 0.162 0.001 0.015 0.005 0.012 0.049 0.750 
 354 P _   0.007 0.169 0.001 0.014 0.005 0.013 0.048 0.745 
 355 K _   0.007 0.178 0.001 0.014 0.005 0.013 0.046 0.736 
 356 L _   0.008 0.191 0.001 0.015 0.006 0.014 0.044 0.722 
 357 G _   0.008 0.208 0.001 0.017 0.007 0.016 0.042 0.701 
 358 D _   0.009 0.230 0.001 0.021 0.009 0.017 0.040 0.673 
 359 F _   0.009 0.255 0.001 0.027 0.010 0.018 0.037 0.642 
 360 G _   0.010 0.278 0.001 0.033 0.011 0.018 0.035 0.613 
 361 L _   0.010 0.296 0.001 0.038 0.012 0.019 0.033 0.591 
 362 A _   0.010 0.307 0.001 0.043 0.013 0.018 0.032 0.576 
 363 R _   0.010 0.311 0.001 0.045 0.013 0.018 0.031 0.571 
 364 F _   0.009 0.309 0.001 0.045 0.012 0.017 0.030 0.576 
 365 S _   0.009 0.301 0.001 0.042 0.012 0.016 0.030 0.589 
 366 R _   0.009 0.283 0.001 0.037 0.010 0.015 0.031 0.614 
 367 F _   0.009 0.256 0.001 0.030 0.009 0.014 0.031 0.650 
 368 A _   0.009 0.222 0.001 0.023 0.007 0.013 0.032 0.693 
 369 G _   0.009 0.186 0.001 0.016 0.006 0.012 0.033 0.737 
 370 S _   0.008 0.157 0.001 0.011 0.004 0.012 0.034 0.773 
 371 S _   0.008 0.138 0.000 0.008 0.004 0.012 0.034 0.796 
 372 P _   0.008 0.129 0.000 0.006 0.003 0.012 0.034 0.807 
 373 S _   0.009 0.126 0.000 0.006 0.003 0.013 0.034 0.809 
 374 Q _   0.010 0.127 0.000 0.007 0.004 0.015 0.033 0.802 
 375 S _   0.012 0.134 0.001 0.010 0.006 0.018 0.032 0.788 
 376 S _   0.013 0.146 0.001 0.015 0.008 0.021 0.031 0.764 
 377 M _   0.015 0.162 0.001 0.021 0.011 0.023 0.030 0.737 
 378 V _   0.016 0.178 0.001 0.027 0.013 0.025 0.029 0.711 
 379 A _   0.016 0.191 0.001 0.032 0.015 0.026 0.028 0.691 
 380 R _   0.016 0.199 0.001 0.035 0.016 0.026 0.027 0.679 
 381 T _   0.017 0.202 0.001 0.036 0.016 0.026 0.027 0.675 
 382 Q _   0.017 0.201 0.001 0.035 0.016 0.026 0.027 0.678 
 383 T _   0.017 0.197 0.001 0.032 0.016 0.025 0.027 0.685 
 384 V _   0.017 0.190 0.001 0.030 0.015 0.025 0.027 0.695 
 385 R _   0.017 0.180 0.001 0.027 0.014 0.024 0.027 0.709 
 386 G _   0.017 0.168 0.001 0.025 0.013 0.023 0.028 0.725 
 387 T _   0.017 0.155 0.001 0.022 0.012 0.022 0.029 0.742 
 388 L _   0.017 0.141 0.001 0.020 0.011 0.021 0.030 0.760 
 389 A _   0.016 0.127 0.001 0.018 0.010 0.020 0.030 0.777 
 390 Y _   0.016 0.113 0.001 0.017 0.009 0.019 0.031 0.794 
 391 L _   0.015 0.101 0.001 0.015 0.008 0.019 0.032 0.810 
 392 P _   0.014 0.090 0.001 0.014 0.008 0.018 0.033 0.822 
 393 E _   0.014 0.081 0.001 0.014 0.007 0.018 0.033 0.831 
 394 E _   0.014 0.074 0.001 0.014 0.007 0.018 0.034 0.839 
 395 Y _   0.014 0.067 0.001 0.015 0.007 0.018 0.034 0.844 
 396 I _   0.014 0.061 0.001 0.016 0.008 0.018 0.035 0.848 
 397 K _   0.013 0.055 0.001 0.017 0.008 0.018 0.036 0.853 
 398 T _   0.013 0.048 0.001 0.017 0.008 0.018 0.037 0.858 
 399 G _   0.014 0.040 0.001 0.016 0.008 0.018 0.037 0.866 
 400 R _   0.014 0.032 0.001 0.014 0.007 0.018 0.038 0.875 
 401 L _   0.015 0.024 0.001 0.012 0.006 0.018 0.039 0.885 
 402 A _   0.016 0.016 0.001 0.009 0.005 0.019 0.039 0.894 
 403 V _   0.019 0.010 0.001 0.007 0.005 0.020 0.040 0.899 
 404 D _   0.024 0.007 0.001 0.005 0.005 0.022 0.040 0.896 
 405 T _   0.033 0.005 0.001 0.004 0.006 0.026 0.040 0.886 
 406 D _   0.045 0.005 0.001 0.004 0.008 0.031 0.040 0.866 
 407 T _   0.062 0.006 0.001 0.005 0.013 0.038 0.040 0.836 
 408 F _   0.082 0.009 0.001 0.008 0.020 0.046 0.040 0.795 
 409 S _   0.103 0.015 0.002 0.012 0.029 0.053 0.040 0.746 
 410 F _   0.121 0.026 0.002 0.019 0.038 0.059 0.040 0.694 
 411 G _   0.135 0.039 0.003 0.027 0.046 0.062 0.040 0.649 
 412 V _   0.145 0.050 0.003 0.034 0.050 0.063 0.041 0.614 
 413 V _   0.148 0.057 0.003 0.039 0.052 0.062 0.042 0.597 
 414 V _   0.147 0.060 0.003 0.041 0.050 0.060 0.044 0.595 
 415 L _   0.140 0.060 0.003 0.040 0.047 0.056 0.047 0.609 
 416 E _   0.128 0.056 0.002 0.036 0.041 0.051 0.050 0.637 
 417 T _   0.112 0.049 0.002 0.030 0.033 0.045 0.053 0.676 
 418 L _   0.094 0.040 0.002 0.024 0.025 0.039 0.056 0.720 
 419 A _   0.076 0.030 0.001 0.018 0.018 0.033 0.060 0.764 
 420 G _   0.059 0.022 0.001 0.014 0.013 0.028 0.063 0.801 
 421 Q _   0.045 0.017 0.001 0.011 0.009 0.023 0.066 0.829 
 422 R _   0.034 0.013 0.001 0.009 0.007 0.020 0.068 0.849 
 423 A _   0.026 0.011 0.001 0.008 0.005 0.017 0.070 0.862 
 424 V _   0.021 0.009 0.001 0.008 0.004 0.015 0.071 0.871 
 425 K _   0.017 0.008 0.001 0.009 0.004 0.013 0.073 0.876 
 426 T _   0.014 0.008 0.000 0.009 0.004 0.012 0.074 0.879 
 427 H _   0.012 0.007 0.000 0.009 0.004 0.011 0.075 0.881 
 428 G _   0.010 0.007 0.000 0.009 0.004 0.010 0.076 0.883 
 429 A _   0.009 0.007 0.000 0.009 0.004 0.009 0.077 0.885 
 430 R _   0.008 0.007 0.000 0.009 0.003 0.009 0.078 0.886 
 431 T _   0.007 0.006 0.000 0.008 0.003 0.008 0.079 0.888 
 432 K _   0.007 0.006 0.000 0.008 0.003 0.008 0.079 0.889 
 433 Y _   0.006 0.006 0.000 0.007 0.003 0.007 0.080 0.890 
 434 L _   0.006 0.006 0.000 0.007 0.003 0.007 0.080 0.890 
 435 K _   0.006 0.007 0.000 0.007 0.003 0.008 0.080 0.890 
 436 D _   0.006 0.008 0.000 0.007 0.003 0.008 0.080 0.888 
 437 L _   0.006 0.009 0.000 0.008 0.003 0.009 0.080 0.884 
 438 V _   0.007 0.012 0.000 0.009 0.004 0.010 0.079 0.879 
 439 E _   0.008 0.015 0.001 0.011 0.004 0.012 0.079 0.871 
 440 E _   0.008 0.018 0.001 0.013 0.005 0.014 0.078 0.862 
 441 E _   0.009 0.022 0.001 0.015 0.007 0.016 0.078 0.853 
 442 A _   0.011 0.025 0.001 0.018 0.008 0.017 0.078 0.843 
 443 E _   0.012 0.029 0.001 0.020 0.009 0.019 0.078 0.834 
 444 E _   0.013 0.031 0.001 0.021 0.009 0.021 0.078 0.826 
 445 A _   0.014 0.033 0.001 0.022 0.010 0.022 0.078 0.820 
 446 G _   0.016 0.034 0.001 0.021 0.011 0.023 0.078 0.816 
 447 V _   0.017 0.034 0.001 0.021 0.011 0.024 0.079 0.814 
 448 A _   0.019 0.033 0.001 0.019 0.011 0.025 0.080 0.813 
 449 L _   0.020 0.031 0.001 0.017 0.011 0.026 0.081 0.814 
 450 R _   0.021 0.029 0.001 0.015 0.011 0.026 0.082 0.815 
 451 S _   0.022 0.027 0.001 0.014 0.011 0.027 0.084 0.816 
 452 T _   0.023 0.025 0.001 0.013 0.011 0.028 0.085 0.815 
 453 Q _   0.025 0.023 0.001 0.012 0.011 0.028 0.087 0.812 
 454 S _   0.027 0.022 0.001 0.012 0.011 0.029 0.089 0.808 
 455 T _   0.030 0.022 0.001 0.013 0.011 0.030 0.091 0.803 
 456 L _   0.032 0.021 0.001 0.013 0.012 0.031 0.093 0.797 
 457 Q _   0.035 0.021 0.001 0.013 0.012 0.032 0.096 0.791 
 458 A _   0.038 0.020 0.001 0.012 0.012 0.032 0.098 0.786 
 459 G _   0.041 0.020 0.001 0.011 0.012 0.033 0.101 0.782 
 460 L _   0.044 0.020 0.001 0.011 0.012 0.034 0.103 0.776 
 461 A _   0.048 0.020 0.001 0.010 0.012 0.035 0.106 0.768 
 462 A _   0.052 0.021 0.001 0.010 0.013 0.037 0.109 0.757 
 463 D _   0.057 0.023 0.001 0.010 0.015 0.039 0.112 0.742 
 464 A _   0.062 0.027 0.001 0.012 0.018 0.041 0.116 0.724 
 465 W _   0.066 0.033 0.001 0.016 0.020 0.042 0.120 0.701 
 466 A _   0.069 0.042 0.002 0.022 0.023 0.043 0.125 0.675 
 467 A _   0.069 0.052 0.002 0.029 0.026 0.043 0.130 0.649 
 468 P _   0.069 0.061 0.002 0.037 0.027 0.042 0.137 0.627 
 469 I _   0.066 0.067 0.002 0.043 0.026 0.039 0.144 0.613 
 470 A _   0.061 0.069 0.002 0.046 0.024 0.036 0.153 0.607 
 471 M _   0.055 0.069 0.002 0.046 0.022 0.033 0.164 0.610 
 472 Q _   0.048 0.065 0.002 0.043 0.018 0.028 0.176 0.620 
 473 I _   0.040 0.058 0.001 0.037 0.014 0.024 0.190 0.635 
 474 Y _   0.034 0.047 0.001 0.029 0.011 0.020 0.204 0.654 
 475 K _   0.027 0.035 0.001 0.022 0.007 0.016 0.218 0.674 
 476 K _   0.022 0.023 0.001 0.015 0.005 0.012 0.232 0.690 
 477 H _   0.017 0.013 0.000 0.010 0.003 0.009 0.243 0.703 
 478 L _   0.013 0.007 0.000 0.006 0.002 0.007 0.252 0.711 
 479 D _   0.010 0.004 0.000 0.004 0.001 0.005 0.259 0.716 
 480 P _   0.007 0.002 0.000 0.003 0.001 0.004 0.264 0.719 
 481 R _   0.005 0.001 0.000 0.002 0.001 0.003 0.267 0.721 
 482 P _   0.004 0.000 0.000 0.001 0.001 0.003 0.268 0.722 
 483 G _   0.004 0.000 0.000 0.001 0.001 0.004 0.267 0.723 
 484 P _   0.004 0.000 0.000 0.001 0.001 0.005 0.266 0.723 
 485 C _   0.005 0.001 0.000 0.002 0.001 0.008 0.263 0.721 
 486 P _   0.009 0.003 0.000 0.003 0.002 0.013 0.258 0.713 
 487 P _   0.015 0.009 0.000 0.005 0.005 0.021 0.250 0.694 
 488 E _   0.024 0.028 0.001 0.011 0.012 0.033 0.239 0.653 
 489 L _   0.034 0.079 0.002 0.019 0.023 0.046 0.222 0.574 
 490 G _   0.042 0.171 0.003 0.030 0.037 0.057 0.201 0.459 
 491 L _   0.045 0.290 0.004 0.041 0.046 0.061 0.180 0.333 
 492 G E   0.044 0.389 0.003 0.048 0.050 0.060 0.165 0.241 
 493 L E   0.043 0.455 0.003 0.053 0.049 0.057 0.155 0.186 
 494 G E   0.042 0.490 0.002 0.055 0.048 0.054 0.149 0.160 
 495 Q E   0.042 0.507 0.002 0.056 0.046 0.051 0.145 0.151 
 496 L E   0.042 0.511 0.002 0.056 0.044 0.047 0.143 0.153 
 497 A E   0.043 0.506 0.002 0.054 0.042 0.044 0.143 0.166 
 498 C E   0.043 0.489 0.002 0.051 0.039 0.040 0.144 0.192 
 499 C E   0.043 0.455 0.003 0.046 0.035 0.036 0.147 0.236 
 500 C E   0.042 0.396 0.003 0.041 0.031 0.032 0.152 0.303 
 501 L _   0.042 0.315 0.003 0.035 0.026 0.029 0.158 0.393 
 502 H _   0.040 0.219 0.003 0.028 0.020 0.026 0.166 0.499 
 503 R _   0.036 0.134 0.002 0.021 0.015 0.023 0.174 0.597 
 504 R _   0.031 0.072 0.001 0.014 0.010 0.019 0.180 0.674 
 505 A _   0.024 0.036 0.001 0.009 0.006 0.015 0.185 0.724 
 506 K _   0.019 0.018 0.000 0.005 0.004 0.013 0.188 0.754 
 507 R _   0.014 0.010 0.000 0.004 0.003 0.011 0.189 0.769 
 508 R _   0.011 0.007 0.000 0.003 0.002 0.010 0.190 0.777 
 509 P _   0.010 0.005 0.000 0.003 0.002 0.009 0.190 0.780 
 510 P _   0.009 0.005 0.000 0.003 0.002 0.010 0.190 0.781 
 511 M _   0.009 0.006 0.000 0.004 0.003 0.011 0.189 0.778 
 512 T _   0.010 0.008 0.000 0.006 0.003 0.013 0.187 0.773 
 513 Q _   0.011 0.011 0.001 0.007 0.004 0.015 0.185 0.766 
 514 V _   0.012 0.015 0.001 0.009 0.005 0.017 0.183 0.758 
 515 Y _   0.014 0.020 0.001 0.011 0.007 0.020 0.180 0.747 
 516 E _   0.016 0.027 0.001 0.013 0.009 0.023 0.177 0.734 
 517 R _   0.018 0.035 0.001 0.015 0.011 0.027 0.174 0.718 
 518 L _   0.021 0.044 0.001 0.018 0.014 0.030 0.172 0.700 
 519 E _   0.025 0.054 0.001 0.020 0.017 0.033 0.169 0.681 
 520 K _   0.028 0.064 0.001 0.023 0.020 0.035 0.167 0.661 
 521 L _   0.031 0.074 0.001 0.026 0.022 0.037 0.165 0.642 
 522 Q _   0.034 0.083 0.002 0.030 0.024 0.038 0.164 0.625 
 523 A _   0.036 0.090 0.002 0.033 0.025 0.038 0.164 0.612 
 524 V _   0.038 0.095 0.002 0.035 0.024 0.037 0.164 0.605 
 525 V _   0.038 0.097 0.002 0.035 0.023 0.035 0.166 0.603 
 526 A _   0.038 0.097 0.002 0.034 0.022 0.033 0.168 0.607 
 527 G _   0.036 0.094 0.001 0.032 0.019 0.031 0.170 0.617 
 528 V _   0.034 0.088 0.001 0.029 0.016 0.028 0.173 0.631 
 529 P _   0.031 0.081 0.001 0.025 0.014 0.025 0.177 0.646 
 530 G _   0.028 0.072 0.001 0.022 0.012 0.022 0.181 0.663 
 531 H _   0.024 0.063 0.001 0.019 0.010 0.020 0.185 0.679 
 532 S _   0.021 0.053 0.001 0.017 0.008 0.017 0.189 0.694 
 533 E _   0.018 0.045 0.001 0.015 0.006 0.015 0.193 0.707 
 534 A _   0.016 0.038 0.001 0.013 0.005 0.013 0.197 0.717 
 535 A _   0.013 0.031 0.001 0.012 0.004 0.011 0.201 0.726 
 536 S _   0.012 0.026 0.000 0.010 0.004 0.010 0.204 0.735 
 537 C _   0.010 0.021 0.000 0.009 0.003 0.008 0.207 0.741 
 538 I _   0.008 0.017 0.000 0.008 0.003 0.007 0.209 0.747 
 539 P _   0.007 0.014 0.000 0.007 0.002 0.006 0.211 0.752 
 540 P _   0.006 0.012 0.000 0.006 0.002 0.006 0.213 0.755 
 541 S _   0.006 0.011 0.000 0.005 0.002 0.005 0.213 0.758 
 542 P _   0.005 0.010 0.000 0.005 0.002 0.005 0.214 0.760 
 543 Q _   0.005 0.010 0.000 0.005 0.002 0.005 0.214 0.760 
 544 E _   0.004 0.010 0.000 0.005 0.002 0.005 0.213 0.760 
 545 N _   0.004 0.011 0.000 0.006 0.002 0.006 0.212 0.758 
 546 S _   0.004 0.013 0.000 0.007 0.002 0.006 0.211 0.756 
 547 Y _   0.005 0.016 0.000 0.008 0.002 0.006 0.209 0.753 
 548 V _   0.005 0.019 0.000 0.010 0.003 0.007 0.206 0.750 
 549 S _   0.005 0.023 0.000 0.011 0.003 0.007 0.204 0.747 
 550 S _   0.005 0.027 0.000 0.012 0.003 0.007 0.201 0.745 
 551 T _   0.004 0.031 0.000 0.012 0.003 0.007 0.198 0.743 
 552 G _   0.004 0.035 0.000 0.012 0.003 0.007 0.195 0.743 
 553 R _   0.004 0.039 0.000 0.012 0.003 0.007 0.192 0.742 
 554 A _   0.004 0.043 0.000 0.012 0.003 0.008 0.190 0.741 
 555 H _   0.004 0.047 0.000 0.012 0.003 0.008 0.187 0.739 
 556 S _   0.004 0.052 0.000 0.013 0.003 0.008 0.184 0.735 
 557 G _   0.004 0.057 0.000 0.013 0.004 0.008 0.182 0.731 
 558 A _   0.005 0.064 0.000 0.015 0.004 0.009 0.179 0.725 
 559 A _   0.005 0.070 0.000 0.016 0.004 0.009 0.177 0.719 
 560 P _   0.005 0.076 0.001 0.017 0.004 0.009 0.175 0.714 
 561 W _   0.005 0.081 0.001 0.017 0.004 0.009 0.173 0.709 
 562 Q _   0.005 0.085 0.001 0.017 0.004 0.009 0.172 0.707 
 563 P _   0.005 0.088 0.001 0.017 0.004 0.009 0.171 0.706 
 564 L _   0.005 0.090 0.000 0.016 0.004 0.009 0.170 0.706 
 565 A _   0.005 0.092 0.000 0.015 0.004 0.009 0.170 0.706 
 566 A _   0.005 0.093 0.000 0.014 0.004 0.009 0.169 0.707 
 567 P _   0.005 0.095 0.000 0.013 0.003 0.009 0.169 0.706 
 568 S _   0.005 0.096 0.000 0.013 0.004 0.009 0.168 0.704 
 569 G _   0.005 0.099 0.000 0.014 0.004 0.009 0.168 0.700 
 570 A _   0.005 0.102 0.000 0.017 0.004 0.010 0.168 0.694 
 571 S _   0.006 0.106 0.001 0.019 0.005 0.010 0.167 0.686 
 572 A _   0.006 0.109 0.001 0.023 0.005 0.011 0.167 0.678 
 573 Q _   0.006 0.110 0.001 0.026 0.006 0.011 0.168 0.672 
 574 A _   0.007 0.111 0.001 0.027 0.006 0.011 0.169 0.668 
 575 A _   0.007 0.109 0.001 0.028 0.006 0.011 0.170 0.668 
 576 E _   0.007 0.104 0.001 0.027 0.006 0.011 0.173 0.672 
 577 Q _   0.007 0.097 0.001 0.024 0.005 0.010 0.176 0.681 
 578 L _   0.007 0.086 0.001 0.020 0.005 0.009 0.179 0.693 
 579 Q _   0.007 0.072 0.001 0.016 0.004 0.008 0.183 0.709 
 580 R _   0.007 0.059 0.000 0.012 0.003 0.007 0.187 0.725 
 581 G _   0.006 0.047 0.000 0.009 0.002 0.007 0.190 0.738 
 582 P _   0.005 0.039 0.000 0.006 0.002 0.006 0.192 0.749 
 583 N _   0.005 0.034 0.000 0.005 0.001 0.005 0.193 0.756 
 584 Q _   0.004 0.032 0.000 0.004 0.001 0.005 0.194 0.760 
 585 P _   0.004 0.031 0.000 0.003 0.001 0.006 0.193 0.761 
 586 V _   0.004 0.033 0.000 0.004 0.001 0.007 0.191 0.760 
 587 E _   0.005 0.037 0.000 0.005 0.002 0.009 0.188 0.754 
 588 S _   0.006 0.049 0.000 0.007 0.003 0.011 0.184 0.739 
 589 D _   0.009 0.075 0.001 0.012 0.006 0.016 0.177 0.705 
 590 E _   0.011 0.128 0.001 0.019 0.010 0.020 0.167 0.643 
 591 S _   0.012 0.217 0.002 0.028 0.016 0.024 0.154 0.547 
 592 L _   0.012 0.335 0.002 0.037 0.020 0.025 0.140 0.428 
 593 G E   0.011 0.453 0.002 0.043 0.021 0.025 0.128 0.317 
 594 G E   0.010 0.546 0.002 0.047 0.020 0.023 0.119 0.234 
 595 L E   0.008 0.604 0.002 0.048 0.018 0.021 0.114 0.185 
 596 S E   0.008 0.635 0.001 0.050 0.017 0.019 0.112 0.160 
 597 A E   0.007 0.649 0.001 0.050 0.016 0.018 0.111 0.149 
 598 A E   0.008 0.652 0.001 0.050 0.015 0.017 0.111 0.147 
 599 L E   0.008 0.648 0.001 0.049 0.015 0.016 0.112 0.152 
 600 R E   0.009 0.632 0.001 0.047 0.014 0.015 0.115 0.166 
 601 S E   0.010 0.601 0.002 0.045 0.014 0.015 0.120 0.194 
 602 W E   0.011 0.544 0.002 0.042 0.015 0.015 0.128 0.243 
 603 H E   0.013 0.460 0.002 0.039 0.014 0.015 0.141 0.316 
 604 L _   0.015 0.352 0.002 0.034 0.013 0.015 0.158 0.411 
 605 T _   0.016 0.242 0.002 0.027 0.011 0.014 0.176 0.513 
 606 P _   0.015 0.153 0.001 0.019 0.008 0.013 0.193 0.598 
 607 S _   0.013 0.094 0.001 0.013 0.005 0.011 0.205 0.659 
 608 C _   0.010 0.061 0.000 0.008 0.003 0.009 0.213 0.694 
 609 P _   0.008 0.044 0.000 0.006 0.002 0.008 0.219 0.713 
 610 L _   0.006 0.037 0.000 0.005 0.002 0.007 0.222 0.721 
 611 D _   0.006 0.034 0.000 0.005 0.001 0.006 0.224 0.724 
 612 P _   0.005 0.033 0.000 0.005 0.002 0.006 0.225 0.723 
 613 A _   0.005 0.033 0.000 0.007 0.002 0.007 0.226 0.721 
 614 P _   0.005 0.035 0.000 0.009 0.002 0.007 0.225 0.716 
 615 L _   0.005 0.038 0.000 0.011 0.003 0.008 0.224 0.711 
 616 R _   0.005 0.041 0.000 0.013 0.003 0.008 0.223 0.706 
 617 E _   0.005 0.045 0.000 0.015 0.003 0.008 0.222 0.701 
 618 A _   0.004 0.047 0.000 0.017 0.003 0.008 0.221 0.699 
 619 G _   0.004 0.049 0.000 0.017 0.003 0.008 0.220 0.698 
 620 C _   0.004 0.050 0.000 0.016 0.003 0.008 0.220 0.698 
 621 P _   0.004 0.051 0.000 0.015 0.003 0.007 0.219 0.699 
 622 Q _   0.004 0.051 0.000 0.014 0.003 0.007 0.219 0.701 
 623 G _   0.004 0.051 0.000 0.013 0.003 0.007 0.219 0.703 
 624 D _   0.004 0.050 0.000 0.012 0.003 0.007 0.219 0.705 
 625 T _   0.004 0.050 0.000 0.011 0.002 0.007 0.219 0.706 
 626 A _   0.004 0.050 0.000 0.011 0.002 0.006 0.219 0.707 
 627 G _   0.004 0.051 0.000 0.010 0.002 0.006 0.218 0.708 
 628 E _   0.004 0.051 0.000 0.010 0.002 0.006 0.217 0.708 
 629 S _   0.004 0.052 0.000 0.010 0.002 0.006 0.216 0.709 
 630 S _   0.004 0.054 0.000 0.009 0.002 0.006 0.215 0.710 
 631 W _   0.004 0.056 0.000 0.009 0.002 0.006 0.213 0.710 
 632 G _   0.004 0.059 0.000 0.008 0.002 0.007 0.211 0.710 
 633 S _   0.004 0.063 0.000 0.008 0.002 0.007 0.207 0.708 
 634 G _   0.004 0.069 0.000 0.009 0.002 0.008 0.204 0.704 
 635 P _   0.004 0.079 0.000 0.010 0.003 0.010 0.199 0.695 
 636 G _   0.005 0.095 0.001 0.013 0.004 0.011 0.193 0.678 
 637 S _   0.006 0.121 0.001 0.017 0.006 0.014 0.186 0.649 
 638 R _   0.007 0.164 0.001 0.024 0.009 0.016 0.177 0.602 
 639 P _   0.007 0.224 0.001 0.032 0.012 0.018 0.167 0.538 
 640 T _   0.007 0.296 0.002 0.041 0.014 0.019 0.156 0.464 
 641 A _   0.007 0.364 0.002 0.050 0.015 0.019 0.148 0.396 
 642 V E   0.006 0.414 0.001 0.057 0.015 0.018 0.142 0.347 
 643 E E   0.006 0.444 0.001 0.061 0.014 0.017 0.138 0.319 
 644 G E   0.005 0.459 0.001 0.063 0.013 0.016 0.136 0.306 
 645 L E   0.005 0.463 0.001 0.062 0.013 0.015 0.136 0.304 
 646 A E   0.005 0.460 0.001 0.059 0.012 0.014 0.137 0.312 
 647 L E   0.005 0.447 0.001 0.053 0.011 0.013 0.139 0.330 
 648 G E   0.006 0.422 0.001 0.046 0.011 0.013 0.142 0.359 
 649 S _   0.006 0.383 0.001 0.038 0.010 0.012 0.148 0.401 
 650 S _   0.007 0.330 0.001 0.031 0.009 0.012 0.155 0.456 
 651 A _   0.007 0.274 0.001 0.024 0.007 0.011 0.163 0.512 
 652 S _   0.007 0.225 0.001 0.017 0.006 0.011 0.171 0.562 
 653 S _   0.007 0.189 0.001 0.013 0.004 0.010 0.178 0.598 
 654 S _   0.006 0.165 0.001 0.010 0.003 0.009 0.183 0.622 
 655 S _   0.006 0.151 0.000 0.008 0.003 0.009 0.187 0.636 
 656 E _   0.005 0.143 0.000 0.007 0.003 0.009 0.190 0.642 
 657 P _   0.005 0.139 0.000 0.007 0.003 0.009 0.193 0.644 
 658 P _   0.005 0.138 0.000 0.008 0.003 0.009 0.195 0.643 
 659 Q _   0.005 0.138 0.000 0.008 0.003 0.009 0.197 0.639 
 660 I _   0.006 0.139 0.000 0.009 0.003 0.009 0.198 0.635 
 661 I _   0.006 0.142 0.000 0.010 0.003 0.010 0.200 0.628 
 662 I _   0.006 0.147 0.000 0.010 0.004 0.011 0.201 0.621 
 663 N _   0.006 0.152 0.001 0.011 0.004 0.011 0.203 0.612 
