#TopoPred_TM8: 8-state transmembrane topology prediction results by no_profile mode 
#probabilities are in the order of H E C I L F X _, the 8 transmembrane topology types used in PDBTM 
   1 M X   0.010 0.001 0.002 0.035 0.007 0.007 0.756 0.183 
   2 E X   0.003 0.001 0.000 0.015 0.001 0.003 0.774 0.204 
   3 S X   0.001 0.000 0.000 0.007 0.000 0.001 0.777 0.214 
   4 E X   0.000 0.001 0.000 0.005 0.000 0.002 0.775 0.217 
   5 D X   0.001 0.002 0.000 0.006 0.001 0.004 0.768 0.218 
   6 L X   0.003 0.006 0.000 0.008 0.002 0.008 0.756 0.217 
   7 S X   0.005 0.016 0.000 0.013 0.004 0.012 0.740 0.209 
   8 G X   0.007 0.037 0.001 0.022 0.006 0.016 0.717 0.194 
   9 R X   0.007 0.069 0.001 0.031 0.009 0.019 0.688 0.175 
  10 E X   0.007 0.105 0.001 0.041 0.012 0.020 0.657 0.155 
  11 L X   0.007 0.134 0.001 0.049 0.013 0.020 0.633 0.142 
  12 T X   0.006 0.152 0.001 0.053 0.014 0.020 0.616 0.137 
  13 I X   0.006 0.162 0.001 0.055 0.014 0.019 0.605 0.137 
  14 D X   0.006 0.167 0.001 0.055 0.014 0.018 0.597 0.141 
  15 S X   0.007 0.168 0.001 0.052 0.013 0.017 0.592 0.150 
  16 I X   0.007 0.165 0.001 0.048 0.012 0.016 0.590 0.161 
  17 M X   0.007 0.157 0.001 0.042 0.011 0.014 0.589 0.177 
  18 N X   0.008 0.144 0.001 0.035 0.009 0.013 0.590 0.199 
  19 K X   0.008 0.124 0.001 0.029 0.008 0.012 0.593 0.226 
  20 V X   0.008 0.100 0.001 0.022 0.006 0.010 0.596 0.258 
  21 R X   0.007 0.074 0.001 0.016 0.005 0.009 0.599 0.289 
  22 D X   0.007 0.052 0.000 0.012 0.003 0.008 0.601 0.317 
  23 I X   0.006 0.035 0.000 0.008 0.003 0.006 0.603 0.339 
  24 K X   0.005 0.024 0.000 0.006 0.002 0.005 0.603 0.355 
  25 N X   0.004 0.017 0.000 0.004 0.001 0.004 0.602 0.367 
  26 K X   0.003 0.013 0.000 0.003 0.001 0.004 0.600 0.375 
  27 F X   0.003 0.011 0.000 0.003 0.001 0.004 0.597 0.382 
  28 K X   0.003 0.010 0.000 0.003 0.001 0.003 0.593 0.387 
  29 N X   0.003 0.009 0.000 0.004 0.001 0.004 0.588 0.393 
  30 E X   0.002 0.009 0.000 0.004 0.001 0.004 0.581 0.398 
  31 D X   0.002 0.010 0.000 0.005 0.001 0.004 0.574 0.403 
  32 L X   0.003 0.011 0.000 0.007 0.002 0.005 0.565 0.409 
  33 T X   0.003 0.012 0.000 0.008 0.002 0.005 0.556 0.414 
  34 D X   0.003 0.013 0.000 0.010 0.002 0.006 0.546 0.419 
  35 E X   0.003 0.015 0.000 0.012 0.003 0.006 0.536 0.424 
  36 L X   0.003 0.017 0.000 0.014 0.003 0.007 0.527 0.429 
  37 S X   0.003 0.018 0.000 0.015 0.003 0.007 0.518 0.435 
  38 L X   0.003 0.019 0.000 0.016 0.003 0.007 0.510 0.442 
  39 N X   0.003 0.019 0.000 0.016 0.003 0.007 0.502 0.449 
  40 K X   0.003 0.019 0.000 0.014 0.003 0.007 0.495 0.458 
  41 I X   0.003 0.019 0.000 0.013 0.003 0.006 0.489 0.467 
  42 S X   0.003 0.018 0.000 0.010 0.002 0.006 0.483 0.477 
  43 A _   0.003 0.017 0.000 0.008 0.002 0.006 0.476 0.487 
  44 D _   0.003 0.017 0.000 0.006 0.002 0.006 0.470 0.496 
  45 T _   0.003 0.017 0.000 0.005 0.002 0.006 0.463 0.504 
  46 T _   0.003 0.018 0.000 0.005 0.002 0.007 0.455 0.510 
  47 D _   0.004 0.020 0.000 0.006 0.002 0.009 0.446 0.512 
  48 N _   0.005 0.025 0.000 0.008 0.004 0.012 0.435 0.510 
  49 S _   0.007 0.035 0.001 0.013 0.006 0.016 0.422 0.499 
  50 G _   0.009 0.055 0.001 0.022 0.010 0.020 0.406 0.476 
  51 T _   0.011 0.083 0.002 0.034 0.015 0.024 0.388 0.444 
  52 V _   0.012 0.111 0.002 0.048 0.019 0.027 0.370 0.411 
  53 N _   0.013 0.132 0.002 0.060 0.021 0.028 0.357 0.387 
  54 Q _   0.014 0.144 0.002 0.068 0.022 0.028 0.347 0.376 
  55 I _   0.014 0.148 0.001 0.070 0.021 0.027 0.340 0.378 
  56 M _   0.014 0.146 0.001 0.066 0.020 0.026 0.336 0.391 
  57 M _   0.013 0.138 0.002 0.056 0.017 0.023 0.333 0.418 
  58 M _   0.013 0.120 0.001 0.043 0.014 0.021 0.331 0.457 
  59 A _   0.012 0.093 0.001 0.029 0.011 0.018 0.330 0.505 
  60 N _   0.012 0.064 0.001 0.018 0.008 0.016 0.330 0.552 
  61 N _   0.011 0.042 0.001 0.010 0.005 0.015 0.329 0.587 
  62 P _   0.010 0.030 0.000 0.006 0.004 0.014 0.328 0.607 
  63 E _   0.010 0.025 0.000 0.005 0.003 0.014 0.326 0.616 
  64 D _   0.011 0.024 0.000 0.006 0.004 0.014 0.324 0.618 
  65 W _   0.012 0.024 0.000 0.008 0.004 0.015 0.322 0.615 
  66 L _   0.012 0.025 0.001 0.012 0.006 0.016 0.319 0.609 
  67 S _   0.013 0.027 0.001 0.017 0.007 0.016 0.316 0.603 
  68 L _   0.013 0.028 0.001 0.021 0.008 0.016 0.313 0.600 
  69 L _   0.013 0.028 0.001 0.023 0.008 0.016 0.311 0.600 
  70 L _   0.012 0.027 0.001 0.023 0.008 0.014 0.310 0.606 
  71 K _   0.011 0.024 0.001 0.020 0.007 0.013 0.308 0.617 
  72 L _   0.010 0.019 0.001 0.015 0.005 0.011 0.308 0.631 
  73 E _   0.008 0.014 0.001 0.011 0.004 0.010 0.307 0.646 
  74 K _   0.008 0.009 0.000 0.007 0.003 0.009 0.306 0.658 
  75 N _   0.007 0.006 0.000 0.004 0.002 0.008 0.305 0.667 
  76 S _   0.007 0.005 0.000 0.003 0.002 0.008 0.303 0.672 
  77 V _   0.007 0.004 0.000 0.003 0.002 0.009 0.301 0.674 
  78 P _   0.009 0.004 0.000 0.003 0.002 0.010 0.298 0.672 
  79 L _   0.011 0.006 0.000 0.004 0.003 0.013 0.295 0.667 
  80 S _   0.014 0.009 0.001 0.006 0.005 0.016 0.291 0.657 
  81 D _   0.017 0.016 0.001 0.010 0.007 0.020 0.287 0.642 
  82 A _   0.020 0.026 0.001 0.014 0.010 0.024 0.282 0.622 
  83 L _   0.023 0.038 0.001 0.019 0.013 0.027 0.277 0.601 
  84 L _   0.025 0.050 0.001 0.024 0.016 0.029 0.272 0.583 
  85 N _   0.027 0.059 0.001 0.027 0.018 0.030 0.269 0.568 
  86 K _   0.029 0.066 0.001 0.029 0.019 0.031 0.266 0.559 
  87 L _   0.030 0.071 0.001 0.030 0.019 0.031 0.265 0.554 
  88 I _   0.030 0.074 0.001 0.031 0.018 0.030 0.264 0.553 
  89 G _   0.029 0.074 0.001 0.031 0.018 0.028 0.263 0.555 
  90 R _   0.028 0.074 0.001 0.030 0.016 0.027 0.264 0.560 
  91 Y _   0.027 0.072 0.001 0.029 0.014 0.025 0.265 0.567 
  92 S _   0.025 0.068 0.001 0.028 0.013 0.022 0.267 0.576 
  93 Q _   0.022 0.063 0.001 0.027 0.011 0.020 0.270 0.587 
  94 A _   0.020 0.055 0.001 0.024 0.009 0.017 0.273 0.601 
  95 I _   0.017 0.047 0.001 0.020 0.007 0.015 0.276 0.618 
  96 E _   0.015 0.037 0.001 0.016 0.005 0.012 0.279 0.636 
  97 A _   0.012 0.026 0.001 0.012 0.004 0.010 0.281 0.654 
  98 L _   0.010 0.018 0.000 0.008 0.003 0.008 0.283 0.671 
  99 P _   0.008 0.011 0.000 0.005 0.002 0.006 0.283 0.684 
 100 P _   0.006 0.007 0.000 0.003 0.001 0.005 0.283 0.694 
 101 D _   0.005 0.005 0.000 0.002 0.001 0.005 0.281 0.700 
 102 K _   0.004 0.005 0.000 0.002 0.001 0.005 0.279 0.704 
 103 Y _   0.005 0.005 0.000 0.002 0.001 0.006 0.275 0.706 
 104 G _   0.006 0.007 0.000 0.003 0.002 0.008 0.270 0.704 
 105 Q _   0.008 0.013 0.000 0.005 0.003 0.012 0.263 0.695 
 106 N _   0.011 0.030 0.001 0.010 0.006 0.018 0.253 0.671 
 107 E _   0.014 0.070 0.001 0.019 0.012 0.024 0.238 0.623 
 108 S _   0.016 0.143 0.002 0.030 0.018 0.028 0.219 0.545 
 109 F _   0.016 0.241 0.003 0.041 0.022 0.030 0.198 0.450 
 110 A _   0.014 0.332 0.002 0.051 0.023 0.030 0.181 0.367 
 111 R E   0.012 0.401 0.002 0.058 0.023 0.028 0.167 0.309 
 112 I E   0.011 0.442 0.002 0.062 0.022 0.026 0.159 0.276 
 113 Q E   0.010 0.465 0.001 0.065 0.021 0.025 0.153 0.260 
 114 V E   0.010 0.475 0.001 0.065 0.019 0.023 0.150 0.256 
 115 R E   0.010 0.476 0.001 0.064 0.018 0.022 0.148 0.261 
 116 F E   0.010 0.469 0.001 0.061 0.017 0.020 0.147 0.274 
 117 A E   0.011 0.451 0.001 0.056 0.016 0.019 0.148 0.298 
 118 E E   0.011 0.418 0.002 0.050 0.015 0.017 0.151 0.336 
 119 L _   0.012 0.366 0.002 0.043 0.013 0.016 0.155 0.393 
 120 K _   0.013 0.295 0.002 0.036 0.012 0.015 0.160 0.468 
 121 A _   0.013 0.215 0.001 0.027 0.010 0.014 0.166 0.553 
 122 I _   0.013 0.141 0.001 0.019 0.007 0.013 0.172 0.634 
 123 Q _   0.011 0.087 0.001 0.013 0.005 0.011 0.176 0.697 
 124 E _   0.009 0.055 0.000 0.008 0.003 0.009 0.179 0.737 
 125 P _   0.007 0.038 0.000 0.005 0.002 0.008 0.180 0.759 
 126 D _   0.006 0.031 0.000 0.004 0.002 0.008 0.180 0.770 
 127 D _   0.006 0.029 0.000 0.004 0.002 0.008 0.179 0.773 
 128 A _   0.006 0.028 0.000 0.005 0.002 0.009 0.177 0.772 
 129 R _   0.006 0.030 0.000 0.007 0.003 0.011 0.175 0.767 
 130 D _   0.007 0.033 0.000 0.011 0.004 0.012 0.173 0.759 
 131 Y _   0.007 0.038 0.001 0.016 0.005 0.014 0.170 0.749 
 132 F _   0.008 0.043 0.001 0.020 0.006 0.016 0.167 0.740 
 133 Q _   0.008 0.046 0.001 0.022 0.007 0.017 0.164 0.735 
 134 M _   0.008 0.048 0.001 0.023 0.007 0.018 0.161 0.734 
 135 A _   0.009 0.048 0.001 0.021 0.007 0.019 0.159 0.737 
 136 R _   0.010 0.047 0.001 0.017 0.007 0.020 0.157 0.741 
 137 A _   0.012 0.045 0.001 0.014 0.007 0.022 0.156 0.745 
 138 N _   0.015 0.044 0.001 0.010 0.007 0.025 0.154 0.746 
 139 C _   0.020 0.043 0.001 0.008 0.008 0.028 0.152 0.740 
 140 K _   0.027 0.045 0.001 0.008 0.010 0.033 0.151 0.726 
 141 K _   0.036 0.050 0.001 0.009 0.014 0.038 0.149 0.703 
 142 F _   0.047 0.061 0.001 0.012 0.020 0.044 0.147 0.667 
 143 A _   0.057 0.083 0.002 0.018 0.028 0.050 0.144 0.618 
 144 F _   0.065 0.116 0.002 0.027 0.035 0.053 0.142 0.559 
 145 V _   0.069 0.152 0.003 0.038 0.040 0.053 0.141 0.505 
 146 H _   0.071 0.180 0.002 0.048 0.041 0.052 0.140 0.466 
 147 I _   0.070 0.196 0.002 0.056 0.040 0.049 0.141 0.445 
 148 S _   0.068 0.204 0.002 0.059 0.038 0.045 0.143 0.441 
 149 F _   0.063 0.204 0.002 0.059 0.034 0.041 0.146 0.451 
 150 A _   0.057 0.196 0.002 0.056 0.029 0.036 0.150 0.474 
 151 Q _   0.049 0.179 0.002 0.048 0.024 0.031 0.156 0.512 
 152 F _   0.042 0.149 0.002 0.038 0.018 0.026 0.163 0.563 
 153 E _   0.034 0.110 0.002 0.028 0.013 0.021 0.170 0.622 
 154 L _   0.028 0.070 0.001 0.019 0.009 0.017 0.178 0.680 
 155 S _   0.021 0.039 0.001 0.012 0.005 0.013 0.184 0.726 
 156 Q _   0.015 0.020 0.000 0.007 0.003 0.010 0.188 0.756 
 157 G _   0.011 0.010 0.000 0.005 0.002 0.008 0.191 0.774 
 158 N _   0.008 0.006 0.000 0.003 0.001 0.006 0.192 0.783 
 159 V _   0.006 0.004 0.000 0.003 0.001 0.006 0.193 0.788 
 160 K _   0.006 0.003 0.000 0.003 0.001 0.005 0.193 0.790 
 161 K _   0.005 0.003 0.000 0.003 0.001 0.006 0.192 0.790 
 162 S _   0.005 0.004 0.000 0.004 0.002 0.007 0.190 0.789 
 163 K _   0.006 0.005 0.000 0.005 0.002 0.008 0.188 0.786 
 164 Q _   0.006 0.007 0.000 0.008 0.003 0.010 0.185 0.781 
 165 L _   0.007 0.011 0.000 0.010 0.004 0.012 0.182 0.774 
 166 L _   0.008 0.015 0.001 0.013 0.005 0.014 0.178 0.767 
 167 Q _   0.009 0.019 0.001 0.015 0.006 0.016 0.175 0.761 
 168 K _   0.010 0.023 0.001 0.016 0.007 0.018 0.171 0.755 
 169 A _   0.011 0.026 0.001 0.016 0.007 0.020 0.169 0.751 
 170 V _   0.013 0.029 0.001 0.015 0.008 0.021 0.166 0.748 
 171 E _   0.015 0.031 0.001 0.014 0.008 0.024 0.163 0.744 
 172 R _   0.019 0.033 0.001 0.012 0.009 0.026 0.161 0.739 
 173 G _   0.023 0.037 0.001 0.012 0.010 0.029 0.159 0.729 
 174 A _   0.028 0.041 0.001 0.012 0.013 0.033 0.157 0.715 
 175 V _   0.034 0.048 0.001 0.014 0.016 0.036 0.155 0.695 
 176 P _   0.040 0.059 0.001 0.017 0.020 0.040 0.153 0.670 
 177 L _   0.045 0.073 0.002 0.022 0.023 0.042 0.152 0.641 
 178 E _   0.049 0.087 0.002 0.028 0.026 0.043 0.151 0.614 
 179 M _   0.051 0.099 0.002 0.034 0.027 0.043 0.151 0.594 
 180 L _   0.050 0.107 0.002 0.039 0.027 0.041 0.151 0.582 
 181 E _   0.048 0.111 0.002 0.041 0.025 0.038 0.153 0.581 
 182 I _   0.045 0.112 0.002 0.041 0.023 0.035 0.155 0.589 
 183 A _   0.040 0.108 0.001 0.038 0.019 0.031 0.158 0.604 
 184 L _   0.036 0.100 0.001 0.033 0.016 0.027 0.161 0.626 
 185 R _   0.031 0.089 0.001 0.027 0.012 0.023 0.165 0.651 
 186 N _   0.027 0.075 0.001 0.022 0.010 0.020 0.169 0.677 
 187 L _   0.023 0.060 0.001 0.017 0.007 0.017 0.174 0.701 
 188 N _   0.019 0.047 0.001 0.014 0.006 0.014 0.178 0.721 
 189 L _   0.016 0.037 0.001 0.011 0.004 0.012 0.181 0.737 
 190 Q _   0.014 0.028 0.000 0.010 0.003 0.011 0.185 0.749 
 191 K _   0.012 0.022 0.000 0.008 0.003 0.009 0.187 0.758 
 192 K _   0.010 0.018 0.000 0.007 0.002 0.008 0.189 0.766 
 193 Q _   0.009 0.015 0.000 0.006 0.002 0.007 0.190 0.772 
 194 L _   0.007 0.012 0.000 0.005 0.002 0.006 0.190 0.777 
 195 L _   0.006 0.011 0.000 0.005 0.002 0.006 0.189 0.781 
 196 S _   0.005 0.011 0.000 0.004 0.001 0.006 0.188 0.785 
 197 E _   0.005 0.011 0.000 0.004 0.001 0.006 0.186 0.788 
 198 E _   0.005 0.012 0.000 0.004 0.001 0.006 0.183 0.789 
 199 E _   0.005 0.014 0.000 0.004 0.002 0.008 0.178 0.788 
 200 K _   0.006 0.020 0.000 0.006 0.003 0.010 0.173 0.782 
 201 K _   0.008 0.034 0.001 0.009 0.004 0.013 0.165 0.766 
 202 N _   0.010 0.064 0.001 0.014 0.008 0.018 0.155 0.730 
 203 L _   0.013 0.124 0.002 0.022 0.013 0.023 0.141 0.664 
 204 S _   0.014 0.220 0.002 0.032 0.018 0.026 0.124 0.564 
 205 A _   0.014 0.337 0.003 0.040 0.021 0.026 0.107 0.453 
 206 S E   0.012 0.439 0.002 0.044 0.021 0.025 0.094 0.363 
 207 T E   0.011 0.512 0.002 0.045 0.019 0.023 0.085 0.304 
 208 V E   0.010 0.556 0.001 0.044 0.017 0.021 0.079 0.271 
 209 L E   0.009 0.581 0.001 0.042 0.015 0.019 0.075 0.257 
 210 T E   0.008 0.592 0.001 0.039 0.014 0.018 0.073 0.255 
 211 A E   0.008 0.595 0.001 0.036 0.012 0.017 0.072 0.260 
 212 Q E   0.008 0.591 0.001 0.032 0.011 0.016 0.071 0.270 
 213 E E   0.008 0.582 0.001 0.029 0.010 0.015 0.070 0.285 
 214 S E   0.008 0.567 0.001 0.027 0.010 0.014 0.071 0.303 
 215 F E   0.008 0.548 0.001 0.025 0.009 0.013 0.071 0.324 
 216 S E   0.009 0.526 0.001 0.024 0.009 0.013 0.072 0.346 
 217 G E   0.009 0.501 0.001 0.024 0.008 0.013 0.074 0.370 
 218 S E   0.009 0.473 0.001 0.024 0.008 0.013 0.076 0.396 
 219 L E   0.009 0.439 0.001 0.025 0.008 0.012 0.078 0.427 
 220 G _   0.010 0.399 0.001 0.024 0.008 0.012 0.082 0.465 
 221 H _   0.010 0.352 0.001 0.023 0.007 0.012 0.085 0.510 
 222 L _   0.010 0.300 0.001 0.021 0.007 0.011 0.089 0.561 
 223 Q _   0.009 0.250 0.001 0.017 0.006 0.011 0.093 0.613 
 224 N _   0.009 0.206 0.001 0.014 0.004 0.010 0.097 0.660 
 225 R _   0.008 0.173 0.001 0.010 0.003 0.009 0.100 0.696 
 226 N _   0.007 0.152 0.000 0.008 0.003 0.008 0.102 0.721 
 227 N _   0.006 0.140 0.000 0.006 0.002 0.008 0.103 0.735 
 228 S _   0.005 0.134 0.000 0.006 0.002 0.008 0.104 0.742 
 229 C _   0.005 0.132 0.000 0.006 0.002 0.008 0.104 0.743 
 230 D _   0.005 0.134 0.000 0.007 0.002 0.009 0.103 0.739 
 231 S _   0.006 0.139 0.000 0.010 0.003 0.010 0.102 0.730 
 232 R _   0.006 0.148 0.000 0.014 0.004 0.011 0.101 0.716 
 233 G _   0.006 0.161 0.001 0.019 0.005 0.012 0.099 0.698 
 234 Q _   0.006 0.175 0.001 0.025 0.006 0.013 0.097 0.677 
 235 T _   0.006 0.187 0.001 0.031 0.007 0.014 0.095 0.659 
 236 T _   0.006 0.195 0.001 0.036 0.008 0.014 0.094 0.645 
 237 K _   0.007 0.199 0.001 0.040 0.008 0.014 0.094 0.638 
 238 A _   0.007 0.199 0.001 0.041 0.008 0.013 0.094 0.637 
 239 R _   0.007 0.195 0.001 0.039 0.008 0.012 0.096 0.643 
 240 F _   0.007 0.185 0.001 0.035 0.007 0.012 0.097 0.656 
 241 L _   0.007 0.169 0.001 0.030 0.006 0.010 0.100 0.677 
 242 Y _   0.007 0.147 0.001 0.023 0.005 0.009 0.103 0.705 
 243 G _   0.006 0.124 0.001 0.017 0.004 0.008 0.106 0.734 
 244 E _   0.006 0.102 0.000 0.012 0.003 0.007 0.108 0.761 
 245 N _   0.005 0.087 0.000 0.008 0.002 0.006 0.110 0.780 
 246 M _   0.005 0.077 0.000 0.006 0.002 0.006 0.111 0.793 
 247 P _   0.005 0.072 0.000 0.005 0.002 0.006 0.112 0.799 
 248 P _   0.004 0.071 0.000 0.005 0.002 0.006 0.112 0.800 
 249 Q _   0.005 0.072 0.000 0.006 0.002 0.007 0.111 0.797 
 250 D _   0.005 0.077 0.000 0.008 0.002 0.008 0.110 0.789 
 251 A _   0.005 0.085 0.000 0.012 0.003 0.009 0.108 0.777 
 252 E _   0.006 0.096 0.001 0.016 0.004 0.010 0.106 0.761 
 253 I _   0.006 0.108 0.001 0.021 0.005 0.011 0.104 0.745 
 254 G _   0.006 0.118 0.001 0.025 0.006 0.011 0.102 0.732 
 255 Y _   0.006 0.125 0.001 0.027 0.006 0.011 0.100 0.724 
 256 R _   0.006 0.129 0.001 0.028 0.006 0.011 0.100 0.720 
 257 N _   0.006 0.130 0.001 0.026 0.006 0.011 0.099 0.722 
 258 S _   0.006 0.128 0.001 0.023 0.005 0.010 0.099 0.728 
 259 L _   0.005 0.125 0.001 0.019 0.004 0.009 0.099 0.737 
 260 R _   0.005 0.120 0.000 0.015 0.004 0.009 0.100 0.747 
 261 Q _   0.005 0.115 0.000 0.012 0.003 0.008 0.100 0.758 
 262 T _   0.005 0.111 0.000 0.009 0.002 0.008 0.100 0.765 
 263 N _   0.005 0.109 0.000 0.007 0.002 0.007 0.100 0.769 
 264 K _   0.005 0.109 0.000 0.007 0.002 0.008 0.099 0.770 
 265 T _   0.005 0.112 0.000 0.007 0.002 0.008 0.098 0.767 
 266 K _   0.005 0.119 0.000 0.009 0.003 0.010 0.096 0.757 
 267 Q _   0.006 0.132 0.001 0.012 0.004 0.011 0.094 0.740 
 268 S _   0.006 0.152 0.001 0.017 0.006 0.013 0.091 0.714 
 269 C _   0.007 0.180 0.001 0.024 0.007 0.014 0.088 0.680 
 270 P _   0.007 0.210 0.001 0.032 0.009 0.015 0.085 0.642 
 271 F _   0.007 0.238 0.001 0.039 0.010 0.016 0.082 0.608 
 272 G _   0.007 0.258 0.001 0.046 0.011 0.016 0.080 0.582 
 273 R _   0.006 0.271 0.001 0.051 0.011 0.015 0.079 0.565 
 274 V _   0.006 0.276 0.001 0.053 0.011 0.015 0.079 0.558 
 275 P _   0.006 0.276 0.001 0.052 0.011 0.014 0.079 0.560 
 276 V _   0.006 0.269 0.001 0.049 0.010 0.013 0.081 0.570 
 277 N _   0.007 0.256 0.001 0.043 0.009 0.012 0.083 0.588 
 278 L _   0.007 0.235 0.001 0.037 0.008 0.011 0.086 0.615 
 279 L _   0.007 0.205 0.001 0.029 0.007 0.011 0.090 0.650 
 280 N _   0.007 0.171 0.001 0.023 0.006 0.010 0.095 0.688 
 281 S _   0.007 0.137 0.001 0.016 0.004 0.009 0.099 0.726 
 282 P _   0.007 0.110 0.000 0.011 0.003 0.008 0.103 0.758 
 283 D _   0.006 0.092 0.000 0.008 0.002 0.007 0.105 0.779 
 284 C _   0.005 0.082 0.000 0.005 0.002 0.007 0.107 0.792 
 285 D _   0.005 0.077 0.000 0.004 0.002 0.007 0.107 0.798 
 286 V _   0.005 0.076 0.000 0.004 0.002 0.007 0.107 0.799 
 287 K _   0.005 0.079 0.000 0.005 0.002 0.008 0.106 0.794 
 288 T _   0.006 0.086 0.000 0.007 0.003 0.010 0.105 0.782 
 289 D _   0.007 0.105 0.001 0.012 0.005 0.013 0.102 0.755 
 290 D _   0.009 0.140 0.001 0.019 0.008 0.016 0.099 0.708 
 291 S _   0.009 0.192 0.001 0.028 0.011 0.019 0.094 0.645 
 292 V _   0.009 0.252 0.001 0.039 0.013 0.020 0.089 0.576 
 293 V _   0.008 0.303 0.001 0.048 0.014 0.020 0.086 0.519 
 294 P _   0.008 0.335 0.001 0.055 0.014 0.020 0.083 0.483 
 295 C _   0.008 0.352 0.001 0.057 0.014 0.019 0.082 0.466 
 296 F _   0.007 0.358 0.001 0.056 0.013 0.018 0.082 0.464 
 297 M _   0.007 0.356 0.001 0.052 0.012 0.017 0.082 0.472 
 298 K _   0.007 0.346 0.001 0.045 0.011 0.016 0.084 0.491 
 299 R _   0.007 0.328 0.001 0.036 0.009 0.014 0.086 0.518 
 300 Q _   0.007 0.302 0.001 0.028 0.008 0.013 0.088 0.554 
 301 T _   0.007 0.272 0.001 0.020 0.006 0.012 0.091 0.590 
 302 S _   0.006 0.249 0.001 0.015 0.005 0.011 0.094 0.618 
 303 R _   0.006 0.232 0.001 0.012 0.004 0.011 0.097 0.637 
 304 S _   0.006 0.222 0.000 0.011 0.004 0.011 0.099 0.647 
 305 E _   0.006 0.216 0.000 0.012 0.004 0.011 0.100 0.649 
 306 C _   0.006 0.214 0.001 0.014 0.004 0.011 0.102 0.647 
 307 R _   0.007 0.213 0.001 0.018 0.005 0.011 0.103 0.642 
 308 D _   0.007 0.212 0.001 0.022 0.006 0.012 0.105 0.637 
 309 L _   0.007 0.209 0.001 0.025 0.006 0.011 0.107 0.634 
 310 V _   0.007 0.204 0.001 0.027 0.006 0.011 0.109 0.635 
 311 V _   0.007 0.194 0.001 0.027 0.006 0.011 0.112 0.642 
 312 P _   0.007 0.180 0.001 0.025 0.006 0.010 0.116 0.656 
 313 G _   0.006 0.161 0.001 0.021 0.005 0.009 0.120 0.675 
 314 S _   0.006 0.139 0.001 0.017 0.005 0.009 0.124 0.699 
 315 K _   0.006 0.117 0.001 0.013 0.004 0.008 0.128 0.723 
 316 P _   0.005 0.100 0.000 0.009 0.003 0.007 0.132 0.743 
 317 S _   0.005 0.088 0.000 0.007 0.002 0.006 0.135 0.756 
 318 G _   0.004 0.082 0.000 0.006 0.002 0.006 0.137 0.763 
 319 N _   0.004 0.079 0.000 0.006 0.002 0.006 0.138 0.765 
 320 D _   0.004 0.079 0.000 0.007 0.002 0.007 0.139 0.762 
 321 S _   0.005 0.081 0.000 0.008 0.002 0.008 0.139 0.756 
 322 C _   0.005 0.085 0.000 0.011 0.003 0.009 0.139 0.747 
 323 E _   0.005 0.091 0.000 0.015 0.004 0.010 0.139 0.735 
 324 L _   0.005 0.098 0.001 0.018 0.005 0.010 0.139 0.724 
 325 R _   0.005 0.103 0.001 0.022 0.005 0.011 0.140 0.714 
 326 N _   0.005 0.107 0.001 0.024 0.005 0.011 0.140 0.706 
 327 L _   0.005 0.110 0.001 0.025 0.006 0.011 0.141 0.702 
 328 K _   0.005 0.110 0.001 0.025 0.006 0.011 0.142 0.700 
 329 S _   0.005 0.109 0.001 0.024 0.006 0.011 0.144 0.700 
 330 V _   0.005 0.106 0.001 0.023 0.005 0.011 0.147 0.702 
 331 Q _   0.006 0.102 0.001 0.022 0.005 0.010 0.150 0.704 
 332 N _   0.006 0.097 0.001 0.021 0.005 0.010 0.153 0.707 
 333 S _   0.006 0.091 0.001 0.020 0.005 0.010 0.157 0.710 
 334 H _   0.006 0.084 0.001 0.019 0.005 0.010 0.162 0.714 
 335 F _   0.006 0.077 0.001 0.017 0.004 0.009 0.166 0.719 
 336 K _   0.006 0.068 0.001 0.015 0.004 0.009 0.171 0.726 
 337 E _   0.006 0.060 0.000 0.012 0.003 0.008 0.176 0.734 
 338 P _   0.005 0.052 0.000 0.010 0.003 0.008 0.180 0.742 
 339 L _   0.005 0.046 0.000 0.007 0.002 0.007 0.183 0.749 
 340 V _   0.005 0.042 0.000 0.005 0.002 0.007 0.186 0.753 
 341 S _   0.005 0.040 0.000 0.004 0.002 0.008 0.188 0.754 
 342 D _   0.005 0.040 0.000 0.004 0.002 0.009 0.189 0.750 
 343 E _   0.007 0.042 0.000 0.006 0.003 0.011 0.190 0.741 
 344 K _   0.008 0.050 0.000 0.009 0.004 0.014 0.191 0.724 
 345 S _   0.010 0.065 0.001 0.014 0.007 0.017 0.191 0.694 
 346 S _   0.012 0.091 0.001 0.024 0.011 0.021 0.190 0.650 
 347 E _   0.013 0.123 0.001 0.037 0.014 0.024 0.190 0.597 
 348 L _   0.014 0.151 0.001 0.049 0.017 0.025 0.190 0.553 
 349 I _   0.014 0.168 0.001 0.058 0.018 0.025 0.192 0.522 
 350 I _   0.014 0.177 0.001 0.063 0.018 0.025 0.195 0.506 
 351 T _   0.014 0.178 0.001 0.063 0.017 0.023 0.199 0.504 
 352 D _   0.013 0.173 0.001 0.059 0.016 0.022 0.205 0.512 
 353 S _   0.012 0.160 0.001 0.050 0.014 0.019 0.213 0.530 
 354 I _   0.011 0.138 0.001 0.039 0.011 0.017 0.223 0.559 
 355 T _   0.011 0.109 0.001 0.028 0.009 0.015 0.234 0.594 
 356 L _   0.010 0.079 0.001 0.018 0.007 0.013 0.245 0.627 
 357 K _   0.009 0.055 0.001 0.012 0.005 0.011 0.255 0.653 
 358 N _   0.008 0.041 0.000 0.008 0.003 0.010 0.263 0.667 
 359 K _   0.007 0.034 0.000 0.006 0.002 0.009 0.269 0.672 
 360 T _   0.006 0.031 0.000 0.006 0.002 0.008 0.274 0.672 
 361 E _   0.006 0.029 0.000 0.006 0.002 0.009 0.279 0.668 
 362 S _   0.006 0.030 0.000 0.008 0.003 0.009 0.282 0.661 
 363 S _   0.006 0.031 0.000 0.011 0.003 0.009 0.286 0.652 
 364 L _   0.007 0.032 0.000 0.015 0.004 0.010 0.289 0.643 
 365 L _   0.007 0.034 0.001 0.018 0.005 0.010 0.293 0.634 
 366 A _   0.007 0.034 0.001 0.020 0.005 0.010 0.297 0.627 
 367 K _   0.006 0.034 0.001 0.020 0.005 0.010 0.302 0.623 
 368 L _   0.006 0.032 0.001 0.020 0.005 0.009 0.307 0.621 
 369 E _   0.006 0.029 0.001 0.018 0.004 0.009 0.313 0.621 
 370 E _   0.006 0.026 0.000 0.015 0.004 0.008 0.319 0.621 
 371 T _   0.006 0.021 0.000 0.013 0.003 0.007 0.326 0.623 
 372 K _   0.006 0.017 0.000 0.011 0.003 0.007 0.333 0.623 
 373 E _   0.006 0.014 0.000 0.009 0.002 0.006 0.339 0.623 
 374 Y _   0.006 0.011 0.000 0.007 0.002 0.006 0.345 0.623 
 375 Q _   0.006 0.008 0.000 0.006 0.002 0.006 0.351 0.621 
 376 E _   0.005 0.007 0.000 0.006 0.002 0.005 0.355 0.619 
 377 P _   0.005 0.005 0.000 0.006 0.002 0.005 0.359 0.618 
 378 E _   0.005 0.005 0.000 0.005 0.002 0.005 0.362 0.616 
 379 V _   0.005 0.004 0.000 0.005 0.001 0.005 0.364 0.616 
 380 P _   0.004 0.003 0.000 0.005 0.001 0.005 0.366 0.615 
 381 E _   0.004 0.003 0.000 0.005 0.001 0.005 0.366 0.615 
 382 S _   0.004 0.003 0.000 0.005 0.001 0.005 0.366 0.616 
 383 N _   0.004 0.003 0.000 0.005 0.001 0.005 0.366 0.616 
 384 Q _   0.004 0.003 0.000 0.005 0.001 0.005 0.365 0.617 
 385 K _   0.004 0.003 0.000 0.006 0.002 0.005 0.363 0.618 
 386 Q _   0.004 0.004 0.000 0.007 0.002 0.005 0.360 0.618 
 387 W _   0.004 0.005 0.000 0.008 0.002 0.006 0.358 0.619 
 388 Q _   0.004 0.005 0.000 0.009 0.002 0.006 0.354 0.620 
 389 S _   0.004 0.006 0.000 0.010 0.002 0.006 0.351 0.621 
 390 K _   0.004 0.007 0.000 0.011 0.002 0.006 0.347 0.623 
 391 R _   0.004 0.008 0.000 0.011 0.003 0.007 0.343 0.624 
 392 K _   0.004 0.009 0.000 0.012 0.003 0.007 0.339 0.626 
 393 S _   0.004 0.010 0.000 0.012 0.003 0.007 0.336 0.629 
 394 E _   0.004 0.010 0.000 0.012 0.003 0.006 0.332 0.632 
 395 C _   0.004 0.011 0.000 0.012 0.003 0.006 0.329 0.636 
 396 I _   0.004 0.011 0.000 0.011 0.002 0.006 0.325 0.640 
 397 N _   0.004 0.011 0.000 0.010 0.002 0.006 0.322 0.645 
 398 Q _   0.004 0.012 0.000 0.008 0.002 0.006 0.318 0.650 
 399 N _   0.004 0.012 0.000 0.007 0.002 0.006 0.314 0.655 
 400 P _   0.004 0.012 0.000 0.006 0.002 0.006 0.309 0.660 
 401 A _   0.004 0.014 0.000 0.006 0.002 0.006 0.304 0.664 
 402 A _   0.004 0.016 0.000 0.006 0.002 0.007 0.298 0.667 
 403 S _   0.004 0.019 0.000 0.008 0.003 0.008 0.291 0.667 
 404 S _   0.005 0.026 0.000 0.010 0.003 0.010 0.283 0.663 
 405 N _   0.006 0.036 0.001 0.014 0.005 0.011 0.274 0.654 
 406 H _   0.006 0.049 0.001 0.020 0.006 0.013 0.264 0.640 
 407 W _   0.007 0.066 0.001 0.027 0.008 0.015 0.254 0.622 
 408 Q _   0.007 0.082 0.001 0.033 0.010 0.016 0.245 0.606 
 409 I _   0.008 0.094 0.001 0.039 0.010 0.017 0.237 0.594 
 410 P _   0.008 0.102 0.001 0.042 0.011 0.017 0.231 0.589 
 411 E _   0.008 0.105 0.001 0.043 0.011 0.016 0.226 0.590 
 412 L _   0.008 0.105 0.001 0.040 0.010 0.016 0.223 0.598 
 413 A _   0.008 0.102 0.001 0.034 0.009 0.014 0.220 0.612 
 414 R _   0.008 0.096 0.001 0.027 0.007 0.013 0.218 0.630 
 415 K _   0.007 0.087 0.001 0.021 0.006 0.012 0.217 0.650 
 416 V _   0.007 0.077 0.001 0.015 0.005 0.011 0.215 0.669 
 417 N _   0.007 0.069 0.000 0.010 0.004 0.010 0.214 0.685 
 418 T _   0.007 0.064 0.000 0.008 0.003 0.010 0.212 0.696 
 419 E _   0.007 0.062 0.000 0.006 0.003 0.010 0.210 0.702 
 420 Q _   0.007 0.062 0.000 0.007 0.003 0.011 0.207 0.703 
 421 K _   0.008 0.064 0.000 0.008 0.004 0.012 0.204 0.699 
 422 H _   0.009 0.070 0.001 0.011 0.005 0.014 0.200 0.691 
 423 T _   0.009 0.078 0.001 0.016 0.007 0.015 0.196 0.678 
 424 T _   0.010 0.089 0.001 0.022 0.008 0.016 0.192 0.661 
 425 F _   0.010 0.100 0.001 0.029 0.010 0.017 0.188 0.645 
 426 E _   0.010 0.108 0.001 0.034 0.011 0.018 0.184 0.634 
 427 Q _   0.010 0.113 0.001 0.038 0.011 0.017 0.182 0.628 
 428 P _   0.010 0.114 0.001 0.039 0.011 0.016 0.180 0.630 
 429 V _   0.010 0.111 0.001 0.037 0.010 0.015 0.179 0.637 
 430 F _   0.009 0.105 0.001 0.033 0.009 0.014 0.178 0.650 
 431 S _   0.009 0.095 0.001 0.027 0.008 0.013 0.178 0.669 
 432 V _   0.008 0.082 0.001 0.022 0.006 0.011 0.179 0.690 
 433 S _   0.008 0.068 0.001 0.017 0.005 0.010 0.180 0.711 
 434 K _   0.008 0.055 0.001 0.013 0.004 0.009 0.181 0.730 
 435 Q _   0.007 0.044 0.000 0.010 0.003 0.008 0.182 0.745 
 436 S _   0.007 0.037 0.000 0.008 0.003 0.008 0.182 0.755 
 437 P _   0.006 0.032 0.000 0.007 0.002 0.007 0.182 0.762 
 438 P _   0.006 0.029 0.000 0.007 0.002 0.007 0.182 0.766 
 439 I _   0.006 0.028 0.000 0.007 0.002 0.007 0.181 0.768 
 440 S _   0.006 0.027 0.000 0.008 0.003 0.007 0.179 0.769 
 441 T _   0.006 0.028 0.000 0.009 0.003 0.008 0.178 0.769 
 442 S _   0.006 0.028 0.000 0.010 0.003 0.008 0.176 0.769 
 443 K _   0.006 0.029 0.000 0.011 0.003 0.008 0.174 0.769 
 444 W _   0.005 0.029 0.000 0.012 0.003 0.008 0.172 0.770 
 445 F _   0.005 0.030 0.000 0.012 0.003 0.008 0.169 0.772 
 446 D _   0.005 0.031 0.000 0.012 0.003 0.008 0.167 0.773 
 447 P _   0.005 0.032 0.000 0.013 0.003 0.008 0.165 0.775 
 448 K _   0.005 0.033 0.000 0.012 0.003 0.007 0.163 0.777 
 449 S _   0.005 0.034 0.000 0.012 0.003 0.007 0.160 0.779 
 450 I _   0.005 0.034 0.000 0.011 0.003 0.007 0.158 0.782 
 451 C _   0.004 0.035 0.000 0.010 0.003 0.007 0.155 0.785 
 452 K _   0.004 0.036 0.000 0.010 0.002 0.007 0.152 0.788 
 453 T _   0.004 0.038 0.000 0.009 0.002 0.007 0.149 0.791 
 454 P _   0.004 0.040 0.000 0.008 0.002 0.007 0.146 0.792 
 455 S _   0.004 0.043 0.000 0.008 0.002 0.007 0.142 0.792 
 456 S _   0.004 0.049 0.000 0.009 0.003 0.008 0.137 0.789 
 457 N _   0.005 0.057 0.000 0.011 0.003 0.009 0.132 0.782 
 458 T _   0.005 0.071 0.001 0.014 0.004 0.011 0.126 0.768 
 459 L _   0.006 0.090 0.001 0.019 0.006 0.013 0.119 0.746 
 460 D _   0.007 0.116 0.001 0.026 0.008 0.015 0.111 0.716 
 461 D _   0.007 0.144 0.001 0.033 0.010 0.016 0.104 0.685 
 462 Y _   0.007 0.170 0.001 0.041 0.011 0.017 0.097 0.654 
 463 M _   0.008 0.190 0.001 0.049 0.013 0.018 0.092 0.630 
 464 S _   0.008 0.202 0.001 0.053 0.013 0.018 0.087 0.617 
 465 C _   0.008 0.208 0.001 0.055 0.013 0.018 0.084 0.612 
 466 F _   0.008 0.208 0.001 0.054 0.013 0.017 0.083 0.616 
 467 R _   0.008 0.203 0.001 0.050 0.012 0.016 0.082 0.629 
 468 T _   0.008 0.191 0.001 0.043 0.010 0.015 0.081 0.651 
 469 P _   0.008 0.173 0.001 0.035 0.009 0.013 0.081 0.680 
 470 V _   0.008 0.149 0.001 0.027 0.007 0.012 0.082 0.714 
 471 V _   0.008 0.123 0.001 0.020 0.006 0.011 0.083 0.748 
 472 K _   0.008 0.101 0.001 0.015 0.005 0.010 0.083 0.777 
 473 N _   0.008 0.084 0.001 0.012 0.004 0.010 0.084 0.799 
 474 D _   0.008 0.072 0.000 0.010 0.003 0.009 0.084 0.814 
 475 F _   0.007 0.064 0.000 0.009 0.003 0.009 0.085 0.823 
 476 P _   0.007 0.059 0.000 0.009 0.003 0.009 0.084 0.828 
 477 P _   0.007 0.056 0.000 0.010 0.003 0.009 0.084 0.831 
 478 A _   0.007 0.054 0.000 0.010 0.003 0.009 0.083 0.833 
 479 C _   0.007 0.052 0.000 0.011 0.004 0.009 0.083 0.834 
 480 Q _   0.007 0.051 0.000 0.011 0.004 0.009 0.082 0.837 
 481 L _   0.007 0.049 0.000 0.011 0.004 0.009 0.080 0.840 
 482 S _   0.006 0.048 0.000 0.010 0.003 0.009 0.079 0.843 
 483 T _   0.006 0.047 0.000 0.010 0.003 0.009 0.078 0.846 
 484 P _   0.006 0.046 0.000 0.010 0.004 0.009 0.077 0.847 
 485 Y _   0.006 0.046 0.000 0.010 0.004 0.010 0.076 0.848 
 486 G _   0.006 0.047 0.000 0.011 0.004 0.011 0.074 0.847 
 487 Q _   0.007 0.048 0.001 0.012 0.004 0.011 0.073 0.844 
 488 P _   0.007 0.049 0.001 0.013 0.005 0.012 0.072 0.841 
 489 A _   0.008 0.051 0.001 0.014 0.005 0.013 0.070 0.838 
 490 C _   0.008 0.052 0.001 0.015 0.006 0.014 0.069 0.836 
 491 F _   0.008 0.053 0.001 0.016 0.006 0.015 0.067 0.834 
 492 Q _   0.009 0.054 0.001 0.016 0.007 0.015 0.066 0.833 
 493 Q _   0.009 0.054 0.001 0.016 0.007 0.016 0.065 0.833 
 494 Q _   0.010 0.054 0.001 0.016 0.007 0.017 0.064 0.832 
 495 Q _   0.011 0.054 0.001 0.016 0.008 0.018 0.063 0.831 
 496 H _   0.012 0.053 0.001 0.016 0.008 0.019 0.062 0.829 
 497 Q _   0.013 0.053 0.001 0.016 0.009 0.021 0.061 0.826 
 498 I _   0.015 0.053 0.001 0.017 0.010 0.022 0.060 0.823 
 499 L _   0.017 0.053 0.001 0.017 0.010 0.023 0.060 0.820 
 500 A _   0.018 0.052 0.001 0.018 0.011 0.024 0.059 0.817 
 501 T _   0.020 0.051 0.001 0.019 0.012 0.025 0.059 0.814 
 502 P _   0.021 0.050 0.001 0.020 0.013 0.025 0.058 0.812 
 503 L _   0.022 0.047 0.001 0.021 0.013 0.025 0.058 0.812 
 504 Q _   0.022 0.044 0.001 0.021 0.013 0.025 0.058 0.814 
 505 N _   0.023 0.041 0.001 0.021 0.013 0.025 0.058 0.818 
 506 L _   0.023 0.036 0.001 0.020 0.012 0.024 0.059 0.825 
 507 Q _   0.023 0.030 0.001 0.017 0.011 0.023 0.059 0.836 
 508 V _   0.022 0.023 0.001 0.015 0.009 0.021 0.060 0.848 
 509 L _   0.021 0.017 0.001 0.012 0.008 0.020 0.060 0.862 
 510 A _   0.020 0.011 0.001 0.009 0.006 0.019 0.061 0.873 
 511 S _   0.020 0.007 0.001 0.007 0.005 0.018 0.061 0.882 
 512 S _   0.021 0.004 0.001 0.005 0.005 0.018 0.061 0.887 
 513 S _   0.023 0.002 0.000 0.004 0.004 0.019 0.060 0.887 
 514 A _   0.026 0.001 0.001 0.004 0.005 0.021 0.060 0.883 
 515 N _   0.032 0.001 0.001 0.004 0.006 0.023 0.059 0.874 
 516 E _   0.039 0.001 0.001 0.005 0.007 0.027 0.059 0.862 
 517 C _   0.048 0.002 0.001 0.006 0.009 0.031 0.058 0.845 
 518 I _   0.057 0.003 0.001 0.007 0.013 0.036 0.058 0.825 
 519 S _   0.067 0.005 0.001 0.010 0.017 0.040 0.057 0.803 
 520 V _   0.075 0.008 0.001 0.012 0.021 0.045 0.057 0.781 
 521 K _   0.082 0.011 0.002 0.015 0.025 0.048 0.056 0.760 
 522 G _   0.087 0.015 0.002 0.018 0.029 0.050 0.056 0.743 
 523 R _   0.089 0.018 0.002 0.021 0.032 0.051 0.056 0.731 
 524 I _   0.088 0.021 0.002 0.024 0.033 0.051 0.057 0.723 
 525 Y _   0.085 0.024 0.002 0.027 0.033 0.050 0.058 0.722 
 526 S _   0.080 0.025 0.002 0.029 0.032 0.047 0.059 0.727 
 527 I _   0.073 0.025 0.002 0.029 0.029 0.043 0.061 0.738 
 528 L _   0.065 0.024 0.002 0.027 0.024 0.039 0.063 0.755 
 529 K _   0.056 0.022 0.001 0.024 0.020 0.034 0.065 0.777 
 530 Q _   0.047 0.019 0.001 0.019 0.015 0.030 0.067 0.802 
 531 I _   0.039 0.015 0.001 0.015 0.011 0.025 0.069 0.825 
 532 G _   0.032 0.012 0.001 0.011 0.008 0.021 0.071 0.845 
 533 S _   0.026 0.009 0.001 0.008 0.006 0.019 0.072 0.859 
 534 G _   0.021 0.008 0.001 0.007 0.005 0.017 0.073 0.868 
 535 G _   0.019 0.007 0.001 0.007 0.005 0.015 0.075 0.872 
 536 S _   0.017 0.008 0.001 0.007 0.005 0.015 0.076 0.873 
 537 S _   0.016 0.008 0.001 0.009 0.005 0.015 0.077 0.870 
 538 K _   0.015 0.009 0.001 0.010 0.005 0.015 0.078 0.867 
 539 V _   0.014 0.010 0.001 0.012 0.006 0.014 0.079 0.864 
 540 F _   0.013 0.012 0.001 0.013 0.006 0.014 0.080 0.862 
 541 Q _   0.012 0.012 0.001 0.013 0.006 0.014 0.081 0.861 
 542 V _   0.012 0.013 0.001 0.013 0.006 0.013 0.082 0.861 
 543 L _   0.011 0.013 0.001 0.012 0.005 0.013 0.083 0.862 
 544 N _   0.010 0.013 0.001 0.011 0.005 0.012 0.084 0.863 
 545 E _   0.010 0.014 0.001 0.010 0.005 0.012 0.086 0.863 
 546 K _   0.010 0.014 0.001 0.009 0.005 0.012 0.087 0.862 
 547 K _   0.011 0.015 0.001 0.010 0.005 0.013 0.088 0.858 
 548 Q _   0.011 0.017 0.001 0.011 0.005 0.014 0.089 0.852 
 549 I _   0.012 0.020 0.001 0.013 0.006 0.014 0.091 0.844 
 550 Y _   0.012 0.023 0.001 0.016 0.007 0.015 0.092 0.834 
 551 A _   0.013 0.026 0.001 0.020 0.008 0.016 0.093 0.823 
 552 I _   0.013 0.029 0.001 0.024 0.009 0.016 0.095 0.814 
 553 K _   0.013 0.031 0.001 0.026 0.009 0.016 0.097 0.807 
 554 Y _   0.013 0.031 0.001 0.027 0.009 0.015 0.100 0.804 
 555 V _   0.012 0.030 0.001 0.026 0.008 0.014 0.103 0.806 
 556 N _   0.011 0.028 0.001 0.023 0.007 0.013 0.106 0.811 
 557 L _   0.010 0.025 0.001 0.019 0.006 0.011 0.109 0.819 
 558 E _   0.009 0.020 0.001 0.015 0.004 0.010 0.113 0.829 
 559 E _   0.008 0.016 0.000 0.011 0.003 0.008 0.116 0.838 
 560 A _   0.007 0.012 0.000 0.008 0.002 0.007 0.118 0.846 
 561 D _   0.006 0.009 0.000 0.005 0.002 0.006 0.120 0.851 
 562 N _   0.005 0.008 0.000 0.004 0.002 0.006 0.121 0.854 
 563 Q _   0.005 0.008 0.000 0.004 0.002 0.006 0.122 0.854 
 564 T _   0.005 0.008 0.000 0.004 0.002 0.007 0.122 0.852 
 565 L _   0.006 0.010 0.000 0.005 0.002 0.008 0.121 0.848 
 566 D _   0.007 0.014 0.000 0.007 0.003 0.010 0.120 0.839 
 567 S _   0.008 0.021 0.001 0.011 0.004 0.013 0.119 0.824 
 568 Y _   0.009 0.033 0.001 0.016 0.006 0.016 0.118 0.802 
 569 R _   0.010 0.048 0.001 0.024 0.009 0.018 0.116 0.775 
 570 N _   0.011 0.063 0.001 0.032 0.011 0.020 0.114 0.748 
 571 E _   0.011 0.075 0.001 0.040 0.013 0.022 0.113 0.725 
 572 I _   0.012 0.083 0.001 0.045 0.014 0.023 0.112 0.709 
 573 A _   0.012 0.087 0.001 0.048 0.015 0.023 0.112 0.702 
 574 Y _   0.012 0.087 0.001 0.047 0.014 0.022 0.113 0.703 
 575 L _   0.013 0.084 0.001 0.042 0.013 0.021 0.115 0.711 
 576 N _   0.012 0.077 0.001 0.035 0.012 0.020 0.117 0.726 
 577 K _   0.012 0.066 0.001 0.028 0.010 0.018 0.119 0.745 
 578 L _   0.012 0.053 0.001 0.021 0.008 0.017 0.122 0.767 
 579 Q _   0.011 0.040 0.001 0.015 0.007 0.015 0.125 0.786 
 580 Q _   0.011 0.030 0.001 0.011 0.005 0.014 0.128 0.801 
 581 H _   0.010 0.023 0.001 0.009 0.005 0.014 0.130 0.809 
 582 S _   0.010 0.019 0.000 0.007 0.004 0.014 0.132 0.814 
 583 D _   0.011 0.016 0.000 0.008 0.004 0.014 0.134 0.814 
 584 K _   0.011 0.015 0.001 0.008 0.005 0.014 0.135 0.811 
 585 I _   0.012 0.015 0.001 0.009 0.005 0.015 0.136 0.807 
 586 I _   0.013 0.015 0.001 0.011 0.006 0.015 0.138 0.803 
 587 R _   0.013 0.014 0.001 0.011 0.006 0.016 0.139 0.799 
 588 L _   0.014 0.014 0.001 0.011 0.006 0.017 0.141 0.797 
 589 Y _   0.014 0.013 0.001 0.011 0.006 0.017 0.142 0.796 
 590 D _   0.014 0.013 0.001 0.009 0.006 0.018 0.143 0.796 
 591 Y _   0.015 0.012 0.001 0.008 0.006 0.019 0.145 0.794 
 592 E _   0.017 0.013 0.001 0.007 0.006 0.020 0.146 0.790 
 593 I _   0.019 0.014 0.001 0.007 0.007 0.023 0.147 0.783 
 594 T _   0.022 0.016 0.001 0.008 0.008 0.025 0.148 0.771 
 595 D _   0.026 0.021 0.001 0.010 0.011 0.029 0.149 0.753 
 596 Q _   0.030 0.030 0.001 0.014 0.015 0.032 0.150 0.728 
 597 Y _   0.033 0.043 0.001 0.020 0.019 0.036 0.152 0.696 
 598 I _   0.035 0.058 0.002 0.028 0.023 0.038 0.153 0.662 
 599 Y _   0.036 0.073 0.002 0.037 0.026 0.038 0.155 0.633 
 600 M _   0.036 0.083 0.002 0.044 0.027 0.038 0.159 0.612 
 601 V _   0.034 0.089 0.002 0.048 0.026 0.036 0.163 0.602 
 602 M _   0.032 0.091 0.002 0.049 0.024 0.033 0.168 0.601 
 603 E _   0.029 0.089 0.002 0.046 0.021 0.030 0.175 0.610 
 604 C _   0.025 0.083 0.001 0.040 0.017 0.026 0.182 0.626 
 605 G _   0.022 0.073 0.001 0.033 0.014 0.022 0.190 0.645 
 606 N _   0.019 0.060 0.001 0.026 0.010 0.019 0.198 0.666 
 607 I _   0.017 0.047 0.001 0.020 0.008 0.016 0.206 0.685 
 608 D _   0.015 0.035 0.001 0.015 0.006 0.014 0.215 0.701 
 609 L _   0.013 0.025 0.001 0.011 0.004 0.012 0.222 0.712 
 610 N _   0.011 0.017 0.000 0.009 0.003 0.010 0.228 0.720 
 611 S _   0.010 0.012 0.000 0.008 0.003 0.009 0.234 0.725 
 612 W _   0.009 0.008 0.000 0.006 0.002 0.007 0.238 0.728 
 613 L _   0.008 0.006 0.000 0.006 0.002 0.007 0.242 0.731 
 614 K _   0.007 0.004 0.000 0.005 0.002 0.006 0.244 0.732 
 615 K _   0.006 0.003 0.000 0.004 0.002 0.005 0.246 0.734 
 616 K _   0.005 0.002 0.000 0.004 0.001 0.005 0.247 0.735 
 617 K _   0.005 0.001 0.000 0.004 0.001 0.005 0.247 0.736 
 618 S _   0.005 0.001 0.000 0.004 0.001 0.005 0.247 0.737 
 619 I _   0.004 0.001 0.000 0.004 0.001 0.005 0.246 0.737 
 620 D _   0.004 0.001 0.000 0.004 0.002 0.006 0.245 0.738 
 621 P _   0.004 0.001 0.000 0.004 0.002 0.007 0.242 0.739 
 622 W _   0.005 0.001 0.000 0.005 0.002 0.008 0.240 0.739 
 623 E _   0.005 0.002 0.000 0.005 0.002 0.010 0.236 0.739 
 624 R _   0.006 0.002 0.000 0.006 0.003 0.012 0.232 0.738 
 625 K _   0.008 0.003 0.000 0.006 0.003 0.016 0.227 0.735 
 626 S _   0.011 0.005 0.000 0.007 0.005 0.020 0.222 0.729 
 627 Y _   0.016 0.007 0.001 0.009 0.007 0.026 0.216 0.719 
 628 W _   0.022 0.011 0.001 0.011 0.011 0.033 0.210 0.702 
 629 K _   0.031 0.017 0.001 0.014 0.016 0.040 0.203 0.678 
 630 N _   0.042 0.024 0.001 0.018 0.023 0.047 0.195 0.649 
 631 M _   0.053 0.033 0.002 0.023 0.029 0.054 0.189 0.618 
 632 L _   0.063 0.042 0.002 0.028 0.036 0.058 0.183 0.589 
 633 E _   0.071 0.050 0.002 0.032 0.041 0.061 0.178 0.565 
 634 A _   0.078 0.056 0.002 0.036 0.044 0.061 0.174 0.549 
 635 V _   0.083 0.059 0.002 0.038 0.045 0.060 0.171 0.542 
 636 H _   0.085 0.060 0.002 0.038 0.044 0.057 0.169 0.544 
 637 T _   0.084 0.059 0.002 0.037 0.040 0.053 0.169 0.556 
 638 I _   0.081 0.055 0.002 0.034 0.035 0.048 0.169 0.576 
 639 H _   0.075 0.049 0.002 0.030 0.029 0.043 0.170 0.603 
 640 Q _   0.066 0.040 0.002 0.026 0.023 0.037 0.171 0.636 
 641 H _   0.056 0.030 0.001 0.020 0.016 0.031 0.173 0.672 
 642 G _   0.046 0.020 0.001 0.014 0.011 0.025 0.174 0.708 
 643 I _   0.037 0.011 0.001 0.010 0.007 0.021 0.175 0.738 
 644 V _   0.029 0.006 0.001 0.006 0.005 0.017 0.175 0.761 
 645 H _   0.024 0.002 0.000 0.004 0.003 0.014 0.175 0.777 
 646 S _   0.020 0.001 0.000 0.003 0.003 0.013 0.174 0.787 
 647 D _   0.019 0.000 0.000 0.002 0.002 0.013 0.172 0.791 
 648 L _   0.021 0.000 0.000 0.002 0.002 0.014 0.170 0.791 
 649 K _   0.025 0.000 0.000 0.002 0.003 0.016 0.168 0.786 
 650 P _   0.033 0.000 0.000 0.003 0.004 0.019 0.165 0.776 
 651 A _   0.044 0.000 0.001 0.003 0.006 0.025 0.163 0.759 
 652 N _   0.060 0.001 0.001 0.005 0.009 0.031 0.159 0.735 
 653 F _   0.078 0.001 0.001 0.006 0.013 0.038 0.156 0.706 
 654 L _   0.098 0.002 0.001 0.008 0.019 0.044 0.152 0.675 
 655 I _   0.118 0.004 0.002 0.010 0.025 0.051 0.149 0.642 
 656 V _   0.137 0.005 0.002 0.012 0.031 0.056 0.146 0.611 
 657 D _   0.152 0.007 0.002 0.014 0.037 0.060 0.144 0.584 
 658 G _   0.166 0.009 0.002 0.015 0.041 0.062 0.143 0.562 
 659 M _   0.176 0.011 0.002 0.015 0.043 0.063 0.143 0.547 
 660 L _   0.180 0.013 0.002 0.016 0.044 0.062 0.143 0.539 
 661 K _   0.179 0.015 0.002 0.018 0.043 0.060 0.145 0.538 
 662 L _   0.173 0.016 0.002 0.020 0.041 0.057 0.147 0.545 
 663 I _   0.161 0.017 0.002 0.021 0.038 0.053 0.150 0.558 
