#TopoPred_TM8: 8-state transmembrane topology prediction results by no_profile mode 
#probabilities are in the order of H E C I L F X _, the 8 transmembrane topology types used in PDBTM 
   1 M X   0.017 0.002 0.002 0.058 0.010 0.012 0.602 0.298 
   2 K X   0.006 0.002 0.000 0.034 0.002 0.006 0.616 0.336 
   3 E X   0.002 0.002 0.000 0.020 0.001 0.004 0.616 0.356 
   4 Q X   0.001 0.002 0.000 0.016 0.001 0.005 0.610 0.365 
   5 P X   0.002 0.005 0.000 0.016 0.001 0.007 0.597 0.370 
   6 V X   0.004 0.010 0.000 0.019 0.003 0.011 0.578 0.374 
   7 L X   0.005 0.020 0.001 0.023 0.004 0.015 0.556 0.377 
   8 E X   0.006 0.033 0.001 0.029 0.006 0.017 0.528 0.380 
   9 R X   0.007 0.050 0.001 0.035 0.007 0.019 0.497 0.384 
  10 L X   0.007 0.068 0.001 0.040 0.009 0.020 0.464 0.391 
  11 Q X   0.006 0.083 0.001 0.043 0.010 0.020 0.435 0.401 
  12 S _   0.006 0.094 0.001 0.044 0.011 0.020 0.410 0.414 
  13 Q _   0.006 0.103 0.001 0.043 0.011 0.020 0.389 0.427 
  14 K _   0.006 0.108 0.001 0.042 0.011 0.019 0.372 0.441 
  15 S _   0.007 0.112 0.001 0.039 0.010 0.019 0.357 0.455 
  16 W _   0.007 0.114 0.001 0.037 0.010 0.018 0.344 0.469 
  17 I _   0.008 0.114 0.001 0.034 0.010 0.018 0.333 0.483 
  18 K _   0.008 0.113 0.001 0.032 0.009 0.017 0.322 0.498 
  19 G _   0.008 0.110 0.001 0.029 0.009 0.017 0.313 0.514 
  20 V _   0.008 0.106 0.001 0.026 0.008 0.016 0.304 0.531 
  21 F _   0.008 0.101 0.001 0.024 0.008 0.016 0.296 0.547 
  22 D _   0.009 0.096 0.001 0.022 0.008 0.015 0.288 0.562 
  23 K _   0.009 0.090 0.001 0.021 0.007 0.015 0.282 0.576 
  24 R _   0.009 0.084 0.001 0.020 0.007 0.014 0.276 0.589 
  25 E _   0.008 0.078 0.001 0.020 0.007 0.014 0.270 0.601 
  26 C _   0.009 0.072 0.001 0.020 0.007 0.014 0.265 0.613 
  27 S _   0.008 0.065 0.001 0.020 0.007 0.013 0.261 0.625 
  28 T _   0.008 0.058 0.001 0.019 0.006 0.012 0.256 0.639 
  29 I _   0.008 0.049 0.001 0.018 0.006 0.011 0.252 0.655 
  30 I _   0.007 0.039 0.001 0.015 0.005 0.011 0.248 0.674 
  31 P _   0.007 0.028 0.001 0.012 0.004 0.010 0.245 0.693 
  32 S _   0.007 0.018 0.001 0.009 0.004 0.009 0.240 0.712 
  33 S _   0.007 0.010 0.000 0.007 0.003 0.009 0.236 0.727 
  34 K _   0.007 0.005 0.000 0.005 0.002 0.009 0.231 0.739 
  35 N _   0.008 0.003 0.000 0.004 0.002 0.010 0.226 0.746 
  36 P _   0.011 0.001 0.000 0.003 0.002 0.012 0.221 0.749 
  37 H _   0.015 0.001 0.000 0.003 0.003 0.015 0.214 0.748 
  38 R _   0.023 0.000 0.000 0.004 0.004 0.020 0.207 0.741 
  39 C _   0.036 0.000 0.001 0.005 0.006 0.026 0.198 0.728 
  40 T _   0.054 0.000 0.001 0.006 0.010 0.034 0.189 0.707 
  41 P _   0.078 0.001 0.001 0.007 0.015 0.042 0.178 0.678 
  42 V _   0.106 0.001 0.001 0.008 0.021 0.052 0.167 0.643 
  43 C _   0.137 0.001 0.002 0.009 0.029 0.060 0.156 0.605 
  44 Q _   0.169 0.001 0.002 0.010 0.038 0.068 0.147 0.565 
  45 V _   0.201 0.001 0.002 0.010 0.047 0.074 0.138 0.527 
  46 C _   0.231 0.002 0.002 0.010 0.054 0.078 0.131 0.492 
  47 Q _   0.256 0.002 0.002 0.010 0.060 0.080 0.125 0.464 
  48 N _   0.274 0.003 0.003 0.011 0.064 0.080 0.121 0.445 
  49 L _   0.286 0.003 0.003 0.011 0.065 0.079 0.118 0.435 
  50 I _   0.292 0.004 0.003 0.012 0.065 0.076 0.116 0.432 
  51 R _   0.289 0.005 0.003 0.013 0.063 0.072 0.115 0.440 
  52 C _   0.277 0.005 0.003 0.015 0.059 0.068 0.114 0.459 
  53 Y _   0.258 0.006 0.003 0.016 0.053 0.063 0.115 0.487 
  54 C _   0.233 0.006 0.002 0.016 0.046 0.057 0.116 0.523 
  55 G _   0.204 0.006 0.002 0.017 0.038 0.051 0.118 0.564 
  56 R _   0.173 0.005 0.002 0.016 0.030 0.045 0.120 0.609 
  57 L _   0.140 0.005 0.002 0.015 0.023 0.038 0.122 0.655 
  58 I _   0.110 0.004 0.001 0.013 0.017 0.033 0.125 0.698 
  59 G _   0.085 0.003 0.001 0.011 0.012 0.027 0.127 0.734 
  60 D _   0.064 0.003 0.001 0.010 0.009 0.023 0.129 0.763 
  61 H _   0.048 0.002 0.001 0.009 0.007 0.019 0.130 0.784 
  62 A _   0.036 0.002 0.001 0.008 0.005 0.017 0.131 0.800 
  63 G _   0.027 0.002 0.001 0.007 0.005 0.015 0.132 0.811 
  64 I _   0.021 0.003 0.001 0.008 0.004 0.013 0.133 0.818 
  65 D _   0.017 0.003 0.000 0.009 0.004 0.012 0.133 0.822 
  66 Y _   0.014 0.003 0.000 0.010 0.004 0.011 0.134 0.824 
  67 S _   0.012 0.004 0.000 0.011 0.004 0.011 0.134 0.825 
  68 W _   0.010 0.004 0.001 0.012 0.004 0.010 0.134 0.825 
  69 T _   0.009 0.005 0.000 0.012 0.004 0.009 0.134 0.826 
  70 I _   0.008 0.005 0.000 0.012 0.004 0.009 0.135 0.828 
  71 S _   0.007 0.005 0.000 0.011 0.003 0.008 0.135 0.831 
  72 A _   0.007 0.005 0.000 0.009 0.003 0.007 0.134 0.834 
  73 A _   0.006 0.004 0.000 0.008 0.003 0.007 0.134 0.838 
  74 K _   0.006 0.004 0.000 0.007 0.002 0.007 0.134 0.840 
  75 G _   0.005 0.004 0.000 0.007 0.002 0.006 0.133 0.842 
  76 K _   0.005 0.005 0.000 0.007 0.002 0.007 0.132 0.842 
  77 E _   0.005 0.005 0.000 0.008 0.002 0.007 0.131 0.841 
  78 S _   0.006 0.006 0.000 0.009 0.003 0.008 0.129 0.839 
  79 E _   0.006 0.008 0.000 0.011 0.003 0.008 0.128 0.835 
  80 Q _   0.006 0.009 0.000 0.013 0.004 0.009 0.127 0.832 
  81 W _   0.007 0.010 0.000 0.015 0.004 0.009 0.125 0.829 
  82 S _   0.007 0.011 0.000 0.016 0.004 0.009 0.124 0.828 
  83 V _   0.007 0.012 0.001 0.016 0.004 0.009 0.123 0.829 
  84 E _   0.006 0.011 0.000 0.015 0.004 0.009 0.122 0.832 
  85 K _   0.006 0.011 0.000 0.013 0.003 0.008 0.121 0.837 
  86 H _   0.006 0.010 0.000 0.010 0.003 0.008 0.120 0.843 
  87 T _   0.005 0.010 0.000 0.008 0.003 0.007 0.119 0.848 
  88 T _   0.005 0.009 0.000 0.007 0.002 0.007 0.117 0.851 
  89 K _   0.005 0.009 0.000 0.006 0.002 0.007 0.116 0.853 
  90 S _   0.005 0.010 0.000 0.007 0.002 0.008 0.114 0.853 
  91 P _   0.006 0.012 0.000 0.008 0.003 0.008 0.112 0.851 
  92 T _   0.006 0.015 0.000 0.011 0.004 0.010 0.110 0.845 
  93 D _   0.007 0.019 0.001 0.015 0.005 0.011 0.107 0.837 
  94 T _   0.007 0.024 0.001 0.020 0.006 0.012 0.104 0.826 
  95 F _   0.008 0.029 0.001 0.026 0.007 0.013 0.101 0.815 
  96 G _   0.008 0.033 0.001 0.030 0.008 0.014 0.099 0.808 
  97 T _   0.008 0.034 0.001 0.032 0.008 0.013 0.097 0.806 
  98 I _   0.008 0.035 0.001 0.031 0.008 0.013 0.096 0.809 
  99 N _   0.007 0.033 0.001 0.028 0.007 0.012 0.095 0.817 
 100 F _   0.007 0.030 0.001 0.023 0.006 0.011 0.095 0.829 
 101 Q _   0.007 0.026 0.001 0.017 0.004 0.009 0.094 0.843 
 102 D _   0.006 0.021 0.000 0.012 0.003 0.008 0.093 0.856 
 103 G _   0.006 0.018 0.000 0.008 0.003 0.008 0.092 0.865 
 104 E _   0.005 0.016 0.000 0.007 0.002 0.007 0.091 0.871 
 105 H _   0.005 0.015 0.000 0.006 0.002 0.008 0.090 0.874 
 106 T _   0.006 0.015 0.000 0.007 0.003 0.009 0.088 0.873 
 107 H _   0.006 0.016 0.000 0.009 0.003 0.010 0.086 0.869 
 108 H _   0.007 0.018 0.000 0.013 0.004 0.011 0.084 0.862 
 109 A _   0.008 0.021 0.001 0.017 0.005 0.012 0.082 0.854 
 110 K _   0.008 0.023 0.001 0.021 0.006 0.013 0.080 0.848 
 111 Y _   0.008 0.025 0.001 0.022 0.007 0.014 0.078 0.846 
 112 I _   0.008 0.025 0.001 0.022 0.007 0.014 0.076 0.848 
 113 R _   0.008 0.024 0.001 0.020 0.006 0.014 0.075 0.854 
 114 T _   0.008 0.022 0.001 0.016 0.005 0.013 0.073 0.862 
 115 S _   0.008 0.019 0.001 0.012 0.005 0.013 0.072 0.871 
 116 Y _   0.008 0.017 0.000 0.009 0.004 0.014 0.071 0.877 
 117 D _   0.009 0.015 0.000 0.007 0.004 0.015 0.070 0.880 
 118 T _   0.011 0.015 0.000 0.006 0.004 0.017 0.068 0.878 
 119 K _   0.014 0.015 0.001 0.007 0.006 0.019 0.067 0.871 
 120 L _   0.017 0.018 0.001 0.010 0.008 0.023 0.065 0.858 
 121 D _   0.021 0.023 0.001 0.015 0.011 0.027 0.063 0.840 
 122 H _   0.025 0.029 0.001 0.022 0.015 0.030 0.061 0.818 
 123 L _   0.027 0.035 0.001 0.029 0.018 0.032 0.059 0.798 
 124 L _   0.029 0.039 0.001 0.035 0.020 0.033 0.058 0.784 
 125 H _   0.030 0.041 0.001 0.038 0.020 0.033 0.056 0.779 
 126 L _   0.030 0.041 0.001 0.038 0.020 0.032 0.055 0.783 
 127 M _   0.030 0.037 0.001 0.034 0.018 0.030 0.055 0.795 
 128 L _   0.029 0.032 0.001 0.027 0.015 0.028 0.054 0.814 
 129 K _   0.028 0.023 0.001 0.020 0.012 0.025 0.054 0.836 
 130 E _   0.028 0.015 0.001 0.014 0.009 0.023 0.054 0.856 
 131 W _   0.027 0.008 0.001 0.009 0.007 0.021 0.053 0.873 
 132 K _   0.027 0.004 0.001 0.006 0.005 0.020 0.053 0.885 
 133 M _   0.028 0.002 0.000 0.004 0.005 0.019 0.052 0.890 
 134 E _   0.030 0.001 0.000 0.003 0.004 0.020 0.052 0.890 
 135 L _   0.033 0.001 0.000 0.003 0.005 0.021 0.051 0.886 
 136 P _   0.039 0.001 0.001 0.003 0.006 0.023 0.050 0.879 
 137 K _   0.045 0.001 0.001 0.004 0.007 0.026 0.049 0.867 
 138 L _   0.052 0.002 0.001 0.006 0.010 0.029 0.048 0.852 
 139 V _   0.059 0.004 0.001 0.009 0.014 0.033 0.047 0.834 
 140 I _   0.065 0.006 0.001 0.012 0.018 0.037 0.045 0.815 
 141 S _   0.069 0.010 0.001 0.017 0.022 0.039 0.045 0.797 
 142 V _   0.071 0.013 0.002 0.022 0.024 0.041 0.044 0.783 
 143 H _   0.070 0.016 0.002 0.026 0.026 0.041 0.043 0.775 
 144 G _   0.068 0.018 0.002 0.029 0.026 0.040 0.043 0.775 
 145 G _   0.064 0.018 0.002 0.029 0.024 0.038 0.043 0.783 
 146 I _   0.058 0.017 0.002 0.027 0.021 0.035 0.043 0.798 
 147 Q _   0.051 0.014 0.001 0.022 0.017 0.032 0.044 0.818 
 148 N _   0.044 0.011 0.001 0.017 0.014 0.028 0.044 0.841 
 149 F _   0.038 0.007 0.001 0.012 0.010 0.025 0.044 0.863 
 150 T _   0.032 0.004 0.001 0.008 0.007 0.022 0.044 0.882 
 151 M _   0.027 0.002 0.001 0.006 0.006 0.020 0.044 0.895 
 152 P _   0.024 0.001 0.000 0.004 0.005 0.019 0.044 0.903 
 153 S _   0.023 0.001 0.000 0.004 0.004 0.019 0.043 0.905 
 154 K _   0.023 0.001 0.001 0.004 0.005 0.020 0.043 0.904 
 155 F _   0.025 0.001 0.001 0.005 0.006 0.022 0.042 0.899 
 156 K _   0.028 0.002 0.001 0.007 0.007 0.024 0.042 0.890 
 157 E _   0.030 0.002 0.001 0.010 0.010 0.027 0.041 0.879 
 158 I _   0.033 0.003 0.001 0.013 0.012 0.029 0.040 0.867 
 159 F _   0.037 0.004 0.001 0.016 0.014 0.032 0.039 0.856 
 160 S _   0.039 0.005 0.001 0.018 0.015 0.033 0.039 0.849 
 161 Q _   0.043 0.005 0.001 0.019 0.016 0.034 0.038 0.844 
 162 G _   0.047 0.005 0.001 0.018 0.016 0.035 0.038 0.841 
 163 L _   0.051 0.004 0.001 0.015 0.015 0.035 0.037 0.841 
 164 V _   0.055 0.003 0.001 0.012 0.014 0.035 0.037 0.843 
 165 K _   0.061 0.002 0.001 0.009 0.012 0.036 0.036 0.843 
 166 A _   0.066 0.001 0.001 0.006 0.011 0.036 0.036 0.842 
 167 A _   0.074 0.001 0.001 0.005 0.011 0.037 0.036 0.835 
 168 E _   0.082 0.001 0.001 0.004 0.012 0.039 0.035 0.825 
 169 T _   0.092 0.001 0.001 0.004 0.014 0.042 0.035 0.811 
 170 T _   0.102 0.002 0.001 0.005 0.017 0.045 0.035 0.793 
 171 G _   0.113 0.003 0.001 0.008 0.022 0.049 0.035 0.770 
 172 A _   0.122 0.006 0.002 0.011 0.027 0.051 0.035 0.746 
 173 W _   0.129 0.010 0.002 0.016 0.032 0.053 0.035 0.723 
 174 I _   0.130 0.014 0.002 0.022 0.035 0.053 0.035 0.708 
 175 I _   0.127 0.018 0.002 0.026 0.037 0.052 0.036 0.703 
 176 T _   0.119 0.020 0.002 0.028 0.035 0.049 0.037 0.709 
 177 E _   0.107 0.021 0.002 0.028 0.032 0.046 0.039 0.726 
 178 G _   0.094 0.020 0.002 0.026 0.027 0.041 0.040 0.749 
 179 I _   0.080 0.019 0.002 0.023 0.022 0.036 0.042 0.776 
 180 N _   0.066 0.017 0.001 0.020 0.017 0.032 0.044 0.804 
 181 T _   0.052 0.015 0.001 0.016 0.013 0.028 0.045 0.829 
 182 G _   0.041 0.013 0.001 0.014 0.010 0.024 0.047 0.850 
 183 V _   0.033 0.011 0.001 0.013 0.008 0.021 0.048 0.865 
 184 S _   0.026 0.010 0.001 0.012 0.007 0.018 0.049 0.876 
 185 K _   0.021 0.009 0.001 0.012 0.006 0.016 0.051 0.885 
 186 H _   0.016 0.009 0.001 0.011 0.005 0.014 0.052 0.892 
 187 V _   0.013 0.008 0.001 0.011 0.004 0.012 0.053 0.898 
 188 G _   0.011 0.008 0.000 0.010 0.004 0.011 0.054 0.902 
 189 D _   0.010 0.007 0.000 0.009 0.003 0.010 0.054 0.906 
 190 A _   0.008 0.006 0.000 0.008 0.003 0.009 0.055 0.911 
 191 L _   0.007 0.006 0.000 0.007 0.003 0.008 0.055 0.914 
 192 K _   0.007 0.006 0.000 0.005 0.002 0.008 0.055 0.917 
 193 S _   0.006 0.006 0.000 0.005 0.002 0.008 0.055 0.918 
 194 H _   0.007 0.006 0.000 0.004 0.002 0.009 0.054 0.916 
 195 S _   0.008 0.008 0.000 0.005 0.003 0.011 0.053 0.911 
 196 S _   0.010 0.012 0.000 0.007 0.004 0.014 0.052 0.899 
 197 H _   0.013 0.021 0.001 0.011 0.007 0.018 0.051 0.879 
 198 S _   0.016 0.037 0.001 0.017 0.010 0.023 0.049 0.847 
 199 L _   0.019 0.059 0.001 0.026 0.015 0.027 0.047 0.806 
 200 R _   0.021 0.083 0.002 0.035 0.019 0.030 0.045 0.765 
 201 K _   0.023 0.103 0.002 0.044 0.021 0.032 0.044 0.732 
 202 I _   0.024 0.115 0.002 0.051 0.023 0.033 0.042 0.710 
 203 W _   0.025 0.121 0.002 0.053 0.023 0.032 0.042 0.701 
 204 T _   0.025 0.123 0.002 0.052 0.023 0.031 0.042 0.703 
 205 V _   0.025 0.120 0.002 0.047 0.021 0.029 0.042 0.714 
 206 G _   0.024 0.112 0.001 0.040 0.018 0.027 0.043 0.734 
 207 I _   0.024 0.100 0.001 0.032 0.015 0.025 0.044 0.759 
 208 P _   0.022 0.084 0.001 0.025 0.012 0.022 0.045 0.788 
 209 P _   0.020 0.068 0.001 0.019 0.010 0.020 0.046 0.816 
 210 W _   0.019 0.054 0.001 0.014 0.007 0.018 0.048 0.840 
 211 G _   0.017 0.043 0.001 0.011 0.006 0.016 0.049 0.858 
 212 V _   0.015 0.036 0.001 0.008 0.005 0.015 0.049 0.871 
 213 I _   0.014 0.031 0.000 0.007 0.004 0.014 0.050 0.880 
 214 E _   0.013 0.029 0.000 0.006 0.003 0.013 0.050 0.886 
 215 N _   0.012 0.027 0.000 0.006 0.003 0.013 0.050 0.888 
 216 Q _   0.012 0.028 0.000 0.005 0.003 0.013 0.050 0.889 
 217 R _   0.012 0.029 0.000 0.006 0.004 0.014 0.049 0.886 
 218 D _   0.013 0.033 0.000 0.007 0.004 0.015 0.048 0.879 
 219 L _   0.014 0.040 0.001 0.009 0.006 0.017 0.047 0.867 
 220 I _   0.015 0.052 0.001 0.013 0.008 0.020 0.046 0.846 
 221 G _   0.016 0.071 0.001 0.018 0.011 0.022 0.044 0.816 
 222 K _   0.018 0.095 0.001 0.026 0.013 0.024 0.043 0.780 
 223 D _   0.018 0.119 0.001 0.034 0.015 0.025 0.041 0.746 
 224 V _   0.019 0.137 0.001 0.041 0.017 0.025 0.040 0.720 
 225 V _   0.018 0.148 0.001 0.046 0.017 0.025 0.040 0.706 
 226 C _   0.018 0.153 0.001 0.047 0.016 0.023 0.040 0.703 
 227 L _   0.016 0.152 0.001 0.045 0.014 0.021 0.040 0.710 
 228 Y _   0.015 0.147 0.001 0.039 0.012 0.019 0.040 0.727 
 229 Q _   0.013 0.136 0.001 0.030 0.009 0.017 0.041 0.752 
 230 T _   0.012 0.122 0.001 0.022 0.007 0.014 0.042 0.781 
 231 L _   0.010 0.107 0.001 0.014 0.005 0.013 0.042 0.808 
 232 D _   0.009 0.095 0.000 0.009 0.004 0.011 0.042 0.829 
 233 N _   0.008 0.088 0.000 0.007 0.003 0.011 0.043 0.841 
 234 P _   0.008 0.086 0.000 0.005 0.003 0.011 0.042 0.845 
 235 L _   0.008 0.087 0.000 0.006 0.003 0.011 0.042 0.843 
 236 S _   0.009 0.092 0.000 0.008 0.004 0.013 0.041 0.834 
 237 K _   0.009 0.104 0.001 0.011 0.005 0.014 0.040 0.816 
 238 L _   0.010 0.123 0.001 0.016 0.007 0.016 0.038 0.789 
 239 T _   0.010 0.148 0.001 0.022 0.009 0.017 0.036 0.757 
 240 T _   0.010 0.174 0.001 0.028 0.010 0.018 0.034 0.725 
 241 L _   0.010 0.195 0.001 0.033 0.011 0.018 0.033 0.699 
 242 N _   0.010 0.210 0.001 0.037 0.012 0.018 0.031 0.681 
 243 S _   0.010 0.219 0.001 0.039 0.012 0.018 0.030 0.671 
 244 M _   0.010 0.223 0.001 0.040 0.012 0.017 0.030 0.667 
 245 H _   0.010 0.222 0.001 0.039 0.011 0.016 0.030 0.671 
 246 S _   0.010 0.216 0.001 0.037 0.010 0.015 0.030 0.681 
 247 H _   0.009 0.206 0.001 0.033 0.010 0.014 0.031 0.697 
 248 F _   0.009 0.190 0.001 0.029 0.008 0.013 0.031 0.718 
 249 I _   0.009 0.170 0.001 0.025 0.007 0.012 0.033 0.744 
 250 L _   0.009 0.146 0.001 0.020 0.006 0.011 0.034 0.773 
 251 S _   0.009 0.122 0.001 0.016 0.005 0.010 0.035 0.802 
 252 D _   0.008 0.102 0.001 0.013 0.004 0.009 0.036 0.826 
 253 D _   0.008 0.086 0.000 0.011 0.004 0.009 0.037 0.846 
 254 G _   0.007 0.074 0.000 0.009 0.003 0.008 0.038 0.860 
 255 T _   0.007 0.066 0.000 0.008 0.003 0.008 0.039 0.869 
 256 V _   0.007 0.061 0.000 0.008 0.003 0.008 0.039 0.875 
 257 G _   0.006 0.057 0.000 0.009 0.003 0.008 0.039 0.878 
 258 K _   0.006 0.055 0.000 0.009 0.003 0.008 0.039 0.879 
 259 Y _   0.006 0.053 0.000 0.010 0.003 0.008 0.039 0.880 
 260 G _   0.006 0.052 0.000 0.011 0.003 0.008 0.039 0.880 
 261 N _   0.006 0.052 0.000 0.012 0.003 0.009 0.038 0.880 
 262 E _   0.006 0.051 0.000 0.012 0.004 0.009 0.038 0.881 
 263 M _   0.006 0.050 0.000 0.012 0.003 0.009 0.038 0.882 
 264 K _   0.006 0.049 0.000 0.012 0.003 0.009 0.037 0.884 
 265 L _   0.006 0.048 0.000 0.011 0.003 0.009 0.037 0.885 
 266 R _   0.006 0.047 0.000 0.011 0.004 0.010 0.037 0.886 
 267 R _   0.006 0.046 0.000 0.011 0.004 0.010 0.036 0.886 
 268 N _   0.006 0.046 0.000 0.012 0.004 0.011 0.036 0.885 
 269 L _   0.007 0.046 0.001 0.013 0.005 0.012 0.036 0.882 
 270 E _   0.008 0.046 0.001 0.014 0.005 0.013 0.035 0.877 
 271 K _   0.009 0.047 0.001 0.017 0.006 0.014 0.035 0.872 
 272 Y _   0.010 0.047 0.001 0.019 0.007 0.015 0.035 0.866 
 273 L _   0.010 0.047 0.001 0.021 0.008 0.016 0.035 0.862 
 274 S _   0.011 0.046 0.001 0.022 0.008 0.017 0.035 0.861 
 275 L _   0.012 0.043 0.001 0.022 0.008 0.017 0.035 0.862 
 276 Q _   0.012 0.039 0.001 0.020 0.008 0.017 0.035 0.867 
 277 K _   0.013 0.034 0.001 0.018 0.008 0.017 0.035 0.874 
 278 I _   0.013 0.028 0.001 0.015 0.007 0.017 0.035 0.883 
 279 H _   0.014 0.022 0.001 0.012 0.007 0.016 0.036 0.892 
 280 C _   0.015 0.016 0.001 0.010 0.006 0.017 0.036 0.900 
 281 R _   0.016 0.012 0.001 0.008 0.006 0.017 0.037 0.904 
 282 S _   0.018 0.009 0.001 0.007 0.006 0.018 0.037 0.905 
 283 R _   0.021 0.007 0.001 0.006 0.006 0.019 0.037 0.903 
 284 Q _   0.024 0.007 0.001 0.007 0.007 0.021 0.037 0.897 
 285 G _   0.027 0.007 0.001 0.008 0.009 0.023 0.037 0.888 
 286 V _   0.031 0.007 0.001 0.010 0.010 0.025 0.038 0.878 
 287 P _   0.034 0.008 0.001 0.013 0.012 0.027 0.038 0.867 
 288 V _   0.037 0.009 0.001 0.015 0.014 0.028 0.038 0.858 
 289 V _   0.039 0.010 0.001 0.017 0.014 0.029 0.039 0.851 
 290 G _   0.040 0.010 0.001 0.018 0.014 0.029 0.039 0.849 
 291 L _   0.040 0.010 0.001 0.016 0.014 0.028 0.040 0.852 
 292 V _   0.039 0.009 0.001 0.014 0.012 0.027 0.040 0.858 
 293 V _   0.038 0.007 0.001 0.010 0.010 0.026 0.041 0.867 
 294 E _   0.036 0.006 0.001 0.008 0.009 0.025 0.042 0.873 
 295 G _   0.035 0.005 0.001 0.006 0.008 0.025 0.042 0.877 
 296 G _   0.035 0.005 0.001 0.006 0.008 0.025 0.043 0.877 
 297 P _   0.036 0.006 0.001 0.007 0.009 0.026 0.043 0.872 
 298 N _   0.037 0.008 0.001 0.010 0.011 0.028 0.044 0.862 
 299 V _   0.038 0.012 0.001 0.015 0.013 0.028 0.044 0.850 
 300 I _   0.037 0.016 0.001 0.021 0.014 0.029 0.045 0.837 
 301 L _   0.035 0.020 0.001 0.028 0.015 0.028 0.046 0.827 
 302 S _   0.032 0.022 0.001 0.031 0.015 0.026 0.047 0.826 
 303 V _   0.027 0.022 0.001 0.032 0.014 0.023 0.048 0.832 
 304 W _   0.023 0.021 0.001 0.029 0.011 0.020 0.050 0.845 
 305 E _   0.019 0.018 0.001 0.023 0.009 0.017 0.051 0.862 
 306 T _   0.015 0.014 0.001 0.016 0.006 0.014 0.052 0.882 
 307 V _   0.012 0.010 0.001 0.010 0.004 0.011 0.053 0.899 
 308 K _   0.009 0.007 0.000 0.006 0.003 0.009 0.054 0.911 
 309 D _   0.008 0.005 0.000 0.004 0.002 0.008 0.054 0.919 
 310 K _   0.007 0.005 0.000 0.003 0.002 0.008 0.054 0.921 
 311 D _   0.007 0.005 0.000 0.003 0.002 0.009 0.054 0.920 
 312 P _   0.008 0.007 0.000 0.004 0.003 0.011 0.054 0.913 
 313 V _   0.010 0.014 0.000 0.006 0.004 0.014 0.053 0.899 
 314 V _   0.013 0.027 0.001 0.010 0.006 0.018 0.051 0.874 
 315 V _   0.015 0.051 0.001 0.016 0.010 0.022 0.049 0.836 
 316 C _   0.017 0.084 0.001 0.022 0.013 0.027 0.047 0.788 
 317 E _   0.019 0.119 0.002 0.029 0.016 0.030 0.044 0.741 
 318 G _   0.020 0.149 0.002 0.033 0.019 0.033 0.042 0.702 
 319 T _   0.020 0.173 0.002 0.036 0.021 0.034 0.041 0.672 
 320 G _   0.021 0.191 0.002 0.039 0.022 0.035 0.039 0.651 
 321 R _   0.022 0.203 0.002 0.040 0.023 0.036 0.038 0.636 
 322 A _   0.023 0.210 0.002 0.041 0.023 0.035 0.038 0.628 
 323 A _   0.024 0.213 0.001 0.041 0.023 0.034 0.038 0.625 
 324 D _   0.024 0.213 0.001 0.041 0.022 0.033 0.038 0.628 
 325 L _   0.023 0.208 0.001 0.040 0.020 0.031 0.038 0.638 
 326 L _   0.023 0.199 0.001 0.037 0.018 0.028 0.039 0.654 
 327 A _   0.022 0.185 0.001 0.034 0.016 0.026 0.040 0.676 
 328 F _   0.020 0.165 0.001 0.030 0.014 0.023 0.041 0.706 
 329 T _   0.019 0.139 0.001 0.025 0.012 0.021 0.043 0.741 
 330 H _   0.017 0.110 0.001 0.021 0.010 0.019 0.044 0.778 
 331 K _   0.015 0.082 0.001 0.017 0.008 0.017 0.046 0.814 
 332 H _   0.014 0.059 0.001 0.013 0.006 0.015 0.047 0.844 
 333 L _   0.013 0.042 0.001 0.011 0.005 0.014 0.048 0.867 
 334 A _   0.012 0.030 0.001 0.009 0.004 0.013 0.049 0.883 
 335 D _   0.011 0.021 0.000 0.008 0.004 0.012 0.050 0.893 
 336 E _   0.011 0.016 0.000 0.007 0.003 0.012 0.050 0.900 
 337 G _   0.011 0.012 0.000 0.006 0.003 0.013 0.050 0.904 
 338 M _   0.012 0.010 0.000 0.006 0.003 0.014 0.050 0.905 
 339 L _   0.014 0.009 0.000 0.005 0.003 0.015 0.050 0.903 
 340 R _   0.016 0.008 0.000 0.005 0.004 0.018 0.049 0.899 
 341 P _   0.020 0.009 0.001 0.006 0.005 0.021 0.048 0.891 
 342 Q _   0.026 0.010 0.001 0.006 0.007 0.026 0.047 0.877 
 343 V _   0.034 0.013 0.001 0.008 0.010 0.032 0.046 0.856 
 344 K _   0.045 0.020 0.001 0.011 0.015 0.039 0.045 0.825 
 345 E _   0.055 0.031 0.002 0.016 0.023 0.046 0.044 0.785 
 346 E _   0.066 0.047 0.002 0.023 0.030 0.051 0.042 0.738 
 347 I _   0.074 0.067 0.002 0.032 0.037 0.055 0.041 0.691 
 348 I _   0.079 0.084 0.002 0.042 0.041 0.057 0.040 0.655 
 349 C _   0.082 0.095 0.002 0.049 0.043 0.056 0.040 0.633 
 350 M _   0.081 0.101 0.002 0.054 0.042 0.054 0.041 0.626 
 351 I _   0.079 0.102 0.002 0.054 0.038 0.050 0.041 0.633 
 352 Q _   0.074 0.097 0.002 0.051 0.034 0.045 0.042 0.655 
 353 N _   0.067 0.087 0.002 0.043 0.028 0.040 0.044 0.690 
 354 T _   0.060 0.069 0.002 0.033 0.021 0.034 0.046 0.736 
 355 F _   0.053 0.046 0.001 0.023 0.015 0.028 0.047 0.786 
 356 N _   0.047 0.025 0.001 0.014 0.010 0.023 0.049 0.831 
 357 F _   0.043 0.010 0.001 0.007 0.006 0.019 0.050 0.865 
 358 S _   0.040 0.003 0.000 0.004 0.004 0.016 0.050 0.883 
 359 L _   0.041 0.001 0.000 0.002 0.002 0.014 0.050 0.889 
 360 K _   0.048 0.000 0.000 0.001 0.002 0.015 0.049 0.884 
 361 Q _   0.064 0.000 0.000 0.001 0.003 0.017 0.048 0.867 
 362 S _   0.093 0.000 0.000 0.001 0.004 0.021 0.047 0.833 
 363 K _   0.137 0.000 0.001 0.002 0.008 0.027 0.045 0.780 
 364 H _   0.195 0.000 0.001 0.003 0.014 0.036 0.044 0.707 
 365 L _   0.258 0.000 0.001 0.004 0.023 0.045 0.042 0.625 
 366 F _   0.315 0.001 0.002 0.007 0.035 0.053 0.041 0.546 
 367 Q _   0.361 0.002 0.002 0.010 0.046 0.058 0.041 0.480 
 368 I _   0.393 0.004 0.002 0.013 0.053 0.060 0.041 0.434 
 369 L H   0.412 0.005 0.003 0.015 0.057 0.060 0.042 0.406 
 370 M H   0.419 0.006 0.003 0.015 0.058 0.059 0.043 0.398 
 371 E H   0.416 0.005 0.003 0.015 0.056 0.056 0.045 0.405 
 372 C _   0.402 0.005 0.003 0.013 0.051 0.053 0.047 0.427 
 373 M _   0.377 0.004 0.002 0.011 0.045 0.049 0.050 0.461 
 374 V _   0.343 0.003 0.002 0.010 0.038 0.045 0.054 0.505 
 375 H _   0.303 0.003 0.002 0.009 0.031 0.041 0.058 0.552 
 376 R _   0.259 0.002 0.002 0.010 0.025 0.037 0.063 0.602 
 377 D _   0.214 0.002 0.002 0.012 0.020 0.033 0.068 0.649 
 378 C _   0.171 0.003 0.001 0.013 0.016 0.029 0.074 0.693 
 379 I _   0.132 0.003 0.001 0.015 0.013 0.025 0.079 0.733 
 380 T _   0.097 0.002 0.001 0.015 0.010 0.021 0.084 0.770 
 381 I _   0.069 0.002 0.001 0.013 0.007 0.017 0.088 0.802 
 382 F _   0.048 0.002 0.001 0.010 0.005 0.014 0.092 0.829 
 383 D _   0.032 0.001 0.000 0.008 0.004 0.011 0.094 0.850 
 384 A _   0.022 0.001 0.000 0.005 0.002 0.009 0.096 0.865 
 385 D _   0.015 0.000 0.000 0.003 0.002 0.007 0.097 0.876 
 386 S _   0.011 0.000 0.000 0.002 0.001 0.007 0.097 0.881 
 387 E _   0.010 0.000 0.000 0.001 0.001 0.007 0.097 0.883 
 388 E _   0.012 0.000 0.000 0.001 0.001 0.009 0.096 0.880 
 389 Q _   0.018 0.000 0.000 0.002 0.002 0.013 0.095 0.870 
 390 Q _   0.028 0.001 0.000 0.002 0.004 0.020 0.093 0.851 
 391 D _   0.045 0.004 0.001 0.005 0.009 0.030 0.090 0.816 
 392 L _   0.067 0.014 0.001 0.010 0.019 0.043 0.086 0.759 
 393 D _   0.089 0.039 0.002 0.020 0.033 0.055 0.082 0.680 
 394 L _   0.105 0.078 0.003 0.034 0.046 0.064 0.077 0.593 
 395 A _   0.116 0.114 0.003 0.049 0.055 0.068 0.074 0.521 
 396 I _   0.122 0.140 0.003 0.062 0.059 0.068 0.072 0.474 
 397 L _   0.123 0.153 0.003 0.070 0.059 0.066 0.071 0.455 
 398 T _   0.121 0.156 0.003 0.072 0.056 0.062 0.071 0.459 
 399 A _   0.114 0.152 0.003 0.068 0.051 0.056 0.072 0.484 
 400 L _   0.103 0.138 0.003 0.058 0.042 0.049 0.073 0.533 
 401 L _   0.089 0.112 0.003 0.044 0.032 0.041 0.075 0.604 
 402 K _   0.073 0.076 0.002 0.029 0.022 0.034 0.078 0.686 
 403 G _   0.057 0.040 0.001 0.017 0.014 0.027 0.080 0.764 
 404 T _   0.043 0.017 0.001 0.009 0.008 0.021 0.081 0.821 
 405 N _   0.031 0.007 0.001 0.005 0.004 0.016 0.082 0.854 
 406 L _   0.023 0.003 0.000 0.003 0.003 0.014 0.082 0.872 
 407 S _   0.018 0.002 0.000 0.002 0.002 0.012 0.081 0.881 
 408 A _   0.016 0.001 0.000 0.003 0.002 0.012 0.081 0.884 
 409 S _   0.015 0.002 0.000 0.004 0.003 0.013 0.080 0.883 
 410 E _   0.016 0.003 0.000 0.006 0.004 0.015 0.079 0.877 
 411 Q _   0.017 0.005 0.001 0.009 0.006 0.017 0.077 0.868 
 412 L _   0.018 0.009 0.001 0.014 0.008 0.019 0.075 0.856 
 413 N _   0.019 0.013 0.001 0.020 0.010 0.021 0.074 0.843 
 414 L _   0.020 0.016 0.001 0.024 0.012 0.022 0.072 0.832 
 415 A _   0.021 0.018 0.001 0.027 0.012 0.023 0.071 0.827 
 416 M _   0.021 0.019 0.001 0.028 0.012 0.022 0.070 0.827 
 417 A _   0.020 0.019 0.001 0.025 0.012 0.022 0.069 0.832 
 418 W _   0.020 0.017 0.001 0.021 0.010 0.020 0.069 0.841 
 419 D _   0.019 0.014 0.001 0.017 0.009 0.019 0.069 0.853 
 420 R _   0.019 0.012 0.001 0.013 0.007 0.018 0.069 0.863 
 421 V _   0.018 0.010 0.001 0.009 0.006 0.017 0.068 0.871 
 422 D _   0.018 0.008 0.001 0.008 0.005 0.016 0.068 0.876 
 423 I _   0.019 0.008 0.001 0.007 0.005 0.016 0.068 0.877 
 424 A _   0.020 0.008 0.001 0.008 0.006 0.017 0.067 0.875 
 425 K _   0.021 0.009 0.001 0.010 0.007 0.018 0.067 0.870 
 426 K _   0.022 0.010 0.001 0.013 0.008 0.018 0.066 0.863 
 427 H _   0.022 0.012 0.001 0.016 0.009 0.019 0.066 0.856 
 428 I _   0.022 0.013 0.001 0.020 0.010 0.019 0.066 0.851 
 429 L _   0.021 0.014 0.001 0.021 0.010 0.018 0.066 0.850 
 430 I _   0.019 0.013 0.001 0.021 0.009 0.017 0.066 0.854 
 431 Y _   0.017 0.012 0.001 0.019 0.008 0.015 0.066 0.861 
 432 E _   0.015 0.010 0.001 0.016 0.006 0.013 0.066 0.872 
 433 Q _   0.013 0.008 0.001 0.012 0.005 0.012 0.066 0.884 
 434 H _   0.011 0.006 0.000 0.009 0.004 0.010 0.066 0.895 
 435 W _   0.009 0.004 0.000 0.006 0.003 0.009 0.066 0.903 
 436 K _   0.008 0.003 0.000 0.005 0.003 0.008 0.065 0.908 
 437 P _   0.007 0.002 0.000 0.004 0.002 0.008 0.064 0.911 
 438 D _   0.007 0.002 0.000 0.005 0.002 0.009 0.064 0.911 
 439 A _   0.008 0.002 0.000 0.005 0.003 0.010 0.062 0.909 
 440 L _   0.009 0.003 0.000 0.007 0.004 0.011 0.061 0.906 
 441 E _   0.010 0.003 0.001 0.009 0.004 0.013 0.059 0.901 
 442 Q _   0.010 0.004 0.001 0.012 0.005 0.014 0.058 0.896 
 443 A _   0.011 0.005 0.001 0.014 0.007 0.016 0.056 0.891 
 444 M _   0.013 0.005 0.001 0.015 0.007 0.017 0.054 0.888 
 445 S _   0.014 0.005 0.001 0.015 0.008 0.019 0.052 0.885 
 446 D _   0.017 0.005 0.001 0.015 0.008 0.020 0.051 0.884 
 447 A _   0.019 0.004 0.001 0.014 0.008 0.021 0.050 0.883 
 448 L _   0.022 0.004 0.001 0.012 0.008 0.022 0.049 0.883 
 449 V _   0.026 0.003 0.001 0.010 0.008 0.024 0.047 0.881 
 450 M _   0.031 0.002 0.001 0.008 0.008 0.025 0.046 0.879 
 451 D _   0.038 0.001 0.001 0.006 0.008 0.027 0.045 0.873 
 452 R _   0.046 0.001 0.001 0.006 0.008 0.030 0.044 0.865 
 453 V _   0.055 0.001 0.001 0.005 0.010 0.033 0.043 0.853 
 454 D _   0.066 0.001 0.001 0.006 0.012 0.036 0.041 0.837 
 455 F _   0.078 0.001 0.001 0.007 0.014 0.040 0.040 0.820 
 456 V _   0.090 0.001 0.001 0.008 0.017 0.043 0.039 0.800 
 457 K _   0.101 0.002 0.001 0.009 0.020 0.046 0.038 0.782 
 458 L _   0.110 0.003 0.001 0.011 0.022 0.048 0.037 0.767 
 459 L _   0.117 0.003 0.002 0.012 0.024 0.050 0.037 0.756 
 460 I _   0.121 0.004 0.002 0.013 0.025 0.050 0.036 0.749 
 461 E _   0.123 0.004 0.002 0.012 0.025 0.050 0.036 0.749 
 462 Y _   0.123 0.004 0.002 0.011 0.023 0.049 0.036 0.753 
 463 G _   0.121 0.004 0.001 0.010 0.022 0.047 0.036 0.759 
 464 V _   0.117 0.004 0.001 0.010 0.020 0.046 0.036 0.765 
 465 N _   0.113 0.005 0.001 0.009 0.019 0.045 0.036 0.772 
 466 L _   0.107 0.005 0.001 0.009 0.019 0.044 0.036 0.779 
 467 H _   0.100 0.007 0.001 0.011 0.018 0.043 0.036 0.785 
 468 R _   0.092 0.008 0.001 0.013 0.019 0.041 0.037 0.789 
 469 F _   0.084 0.011 0.001 0.016 0.019 0.040 0.037 0.793 
 470 L _   0.075 0.013 0.001 0.020 0.019 0.037 0.038 0.797 
 471 T _   0.065 0.016 0.001 0.023 0.018 0.035 0.038 0.804 
 472 I _   0.056 0.017 0.001 0.026 0.017 0.032 0.039 0.812 
 473 P _   0.047 0.018 0.001 0.027 0.015 0.028 0.040 0.823 
 474 R _   0.039 0.018 0.001 0.026 0.013 0.025 0.041 0.837 
 475 L _   0.032 0.017 0.001 0.024 0.011 0.021 0.042 0.853 
 476 E _   0.025 0.014 0.001 0.020 0.008 0.018 0.043 0.871 
 477 E _   0.020 0.012 0.001 0.015 0.006 0.015 0.044 0.888 
 478 L _   0.015 0.009 0.001 0.011 0.004 0.012 0.044 0.904 
 479 Y _   0.012 0.006 0.000 0.008 0.003 0.010 0.045 0.916 
 480 N _   0.009 0.004 0.000 0.005 0.002 0.009 0.045 0.925 
 481 T _   0.008 0.003 0.000 0.004 0.002 0.008 0.044 0.930 
 482 K _   0.007 0.003 0.000 0.003 0.002 0.008 0.044 0.932 
 483 Q _   0.008 0.003 0.000 0.003 0.002 0.009 0.043 0.931 
 484 G _   0.008 0.005 0.000 0.004 0.003 0.011 0.042 0.926 
 485 P _   0.010 0.008 0.000 0.007 0.004 0.014 0.041 0.916 
 486 T _   0.012 0.014 0.001 0.011 0.006 0.018 0.039 0.899 
 487 N _   0.014 0.024 0.001 0.017 0.009 0.022 0.037 0.875 
 488 T _   0.016 0.037 0.001 0.026 0.013 0.026 0.035 0.846 
 489 L _   0.018 0.048 0.001 0.035 0.017 0.030 0.032 0.818 
 490 L _   0.020 0.057 0.001 0.043 0.020 0.032 0.030 0.797 
 491 H _   0.021 0.062 0.001 0.048 0.021 0.033 0.029 0.785 
 492 H _   0.022 0.063 0.002 0.049 0.021 0.033 0.027 0.782 
 493 L _   0.024 0.062 0.002 0.047 0.021 0.033 0.026 0.786 
 494 V _   0.026 0.057 0.002 0.041 0.019 0.032 0.025 0.798 
 495 Q _   0.028 0.048 0.001 0.034 0.017 0.030 0.025 0.816 
 496 D _   0.032 0.036 0.001 0.025 0.015 0.029 0.024 0.838 
 497 V _   0.037 0.023 0.001 0.018 0.012 0.027 0.024 0.859 
 498 K _   0.043 0.013 0.001 0.011 0.009 0.026 0.023 0.873 
 499 Q _   0.052 0.006 0.001 0.007 0.008 0.025 0.023 0.879 
 500 H _   0.065 0.002 0.001 0.005 0.007 0.024 0.022 0.874 
 501 T _   0.083 0.001 0.001 0.003 0.007 0.025 0.021 0.860 
 502 L _   0.109 0.000 0.001 0.003 0.007 0.026 0.020 0.834 
 503 L _   0.145 0.000 0.001 0.003 0.008 0.027 0.018 0.796 
 504 S _   0.190 0.000 0.001 0.003 0.011 0.030 0.017 0.748 
 505 G _   0.245 0.000 0.001 0.003 0.013 0.032 0.016 0.690 
 506 Y _   0.305 0.000 0.001 0.003 0.016 0.034 0.015 0.626 
 507 R _   0.363 0.000 0.001 0.003 0.019 0.036 0.013 0.564 
 508 I _   0.420 0.000 0.002 0.003 0.022 0.037 0.013 0.504 
 509 T H   0.471 0.000 0.001 0.003 0.024 0.037 0.012 0.451 
 510 L H   0.513 0.000 0.002 0.003 0.027 0.038 0.012 0.406 
 511 I H   0.549 0.000 0.002 0.002 0.029 0.038 0.012 0.369 
 512 D H   0.575 0.000 0.002 0.002 0.031 0.038 0.012 0.340 
 513 I H   0.592 0.000 0.002 0.002 0.034 0.037 0.013 0.320 
 514 G H   0.601 0.000 0.002 0.003 0.036 0.037 0.014 0.308 
 515 L H   0.598 0.000 0.002 0.004 0.038 0.037 0.015 0.306 
 516 V H   0.585 0.001 0.002 0.005 0.040 0.037 0.017 0.313 
 517 V H   0.560 0.001 0.002 0.007 0.042 0.037 0.020 0.331 
 518 E H   0.521 0.002 0.002 0.010 0.042 0.037 0.024 0.364 
 519 Y H   0.470 0.002 0.003 0.012 0.039 0.035 0.028 0.410 
 520 L _   0.409 0.003 0.002 0.014 0.035 0.033 0.034 0.470 
 521 I _   0.341 0.003 0.002 0.015 0.029 0.031 0.040 0.541 
 522 G _   0.271 0.002 0.002 0.014 0.022 0.027 0.046 0.615 
 523 R _   0.205 0.002 0.001 0.011 0.016 0.023 0.053 0.688 
 524 A _   0.147 0.001 0.001 0.009 0.010 0.020 0.059 0.753 
 525 Y _   0.101 0.001 0.001 0.006 0.007 0.017 0.063 0.804 
 526 R _   0.068 0.001 0.001 0.005 0.005 0.014 0.067 0.839 
 527 S _   0.045 0.001 0.000 0.004 0.004 0.013 0.070 0.862 
 528 N _   0.031 0.002 0.000 0.004 0.003 0.012 0.073 0.874 
 529 Y _   0.023 0.003 0.000 0.005 0.003 0.012 0.075 0.878 
 530 T _   0.019 0.006 0.000 0.006 0.004 0.013 0.077 0.875 
 531 R _   0.016 0.011 0.001 0.010 0.005 0.014 0.078 0.865 
 532 K _   0.015 0.020 0.001 0.014 0.006 0.015 0.079 0.850 
 533 H _   0.014 0.030 0.001 0.019 0.008 0.016 0.080 0.832 
 534 F _   0.013 0.041 0.001 0.024 0.009 0.017 0.082 0.814 
 535 R _   0.012 0.050 0.001 0.028 0.010 0.017 0.084 0.799 
 536 A _   0.012 0.056 0.001 0.031 0.010 0.017 0.086 0.788 
 537 L _   0.011 0.060 0.001 0.032 0.010 0.016 0.088 0.781 
 538 Y _   0.011 0.062 0.001 0.032 0.009 0.015 0.091 0.779 
 539 N _   0.011 0.061 0.001 0.030 0.008 0.015 0.095 0.779 
 540 N _   0.010 0.059 0.001 0.027 0.008 0.014 0.099 0.782 
 541 L _   0.010 0.055 0.001 0.024 0.007 0.013 0.103 0.787 
 542 Y _   0.010 0.051 0.001 0.021 0.006 0.012 0.108 0.792 
 543 R _   0.010 0.045 0.001 0.018 0.005 0.011 0.113 0.798 
 544 K _   0.009 0.040 0.001 0.015 0.004 0.010 0.118 0.803 
 545 Y _   0.008 0.035 0.000 0.013 0.004 0.009 0.123 0.808 
 546 K _   0.008 0.030 0.000 0.012 0.003 0.008 0.127 0.811 
 547 H _   0.007 0.026 0.000 0.010 0.003 0.007 0.131 0.814 
 548 Q _   0.007 0.023 0.000 0.009 0.002 0.007 0.134 0.818 
 549 R _   0.006 0.020 0.000 0.008 0.002 0.006 0.137 0.820 
 550 H _   0.005 0.019 0.000 0.007 0.002 0.006 0.139 0.823 
 551 S _   0.005 0.017 0.000 0.006 0.002 0.005 0.140 0.825 
 552 S _   0.004 0.017 0.000 0.005 0.001 0.005 0.141 0.827 
 553 G _   0.004 0.017 0.000 0.004 0.001 0.005 0.141 0.827 
 554 N _   0.004 0.019 0.000 0.005 0.001 0.006 0.141 0.825 
 555 R _   0.004 0.022 0.000 0.005 0.002 0.007 0.140 0.821 
 556 N _   0.004 0.028 0.000 0.007 0.002 0.008 0.138 0.812 
 557 E _   0.005 0.040 0.000 0.010 0.003 0.011 0.135 0.795 
 558 S _   0.007 0.060 0.001 0.014 0.005 0.014 0.131 0.768 
 559 A _   0.008 0.094 0.001 0.021 0.008 0.017 0.127 0.726 
 560 E _   0.009 0.137 0.001 0.029 0.010 0.020 0.121 0.673 
 561 S _   0.009 0.184 0.001 0.037 0.013 0.022 0.116 0.618 
 562 T _   0.010 0.227 0.001 0.046 0.015 0.023 0.111 0.566 
 563 L _   0.010 0.259 0.001 0.053 0.017 0.024 0.108 0.528 
 564 H _   0.011 0.279 0.001 0.059 0.017 0.024 0.105 0.504 
 565 S _   0.011 0.289 0.001 0.062 0.018 0.024 0.104 0.491 
 566 Q _   0.011 0.292 0.001 0.062 0.018 0.023 0.104 0.488 
 567 F _   0.012 0.288 0.001 0.059 0.017 0.022 0.105 0.497 
 568 I _   0.012 0.276 0.001 0.052 0.015 0.021 0.107 0.515 
 569 R _   0.012 0.254 0.001 0.044 0.014 0.019 0.110 0.545 
 570 T _   0.013 0.220 0.001 0.035 0.012 0.018 0.114 0.588 
 571 A _   0.013 0.180 0.001 0.025 0.010 0.016 0.118 0.637 
 572 Q _   0.013 0.140 0.001 0.018 0.007 0.015 0.123 0.684 
 573 P _   0.012 0.110 0.001 0.012 0.006 0.014 0.126 0.720 
 574 Y _   0.011 0.092 0.001 0.009 0.004 0.013 0.129 0.741 
 575 K _   0.010 0.082 0.000 0.008 0.004 0.013 0.131 0.752 
 576 F _   0.010 0.078 0.000 0.008 0.004 0.013 0.133 0.754 
 577 K _   0.010 0.077 0.000 0.010 0.004 0.013 0.134 0.752 
 578 E _   0.010 0.077 0.001 0.013 0.005 0.013 0.135 0.745 
 579 K _   0.010 0.079 0.001 0.018 0.006 0.013 0.137 0.737 
 580 S _   0.010 0.080 0.001 0.021 0.006 0.013 0.138 0.731 
 581 I _   0.009 0.080 0.001 0.024 0.007 0.013 0.140 0.727 
 582 V _   0.009 0.078 0.001 0.026 0.007 0.013 0.142 0.727 
 583 L _   0.008 0.073 0.001 0.025 0.006 0.012 0.144 0.730 
 584 H _   0.008 0.067 0.001 0.023 0.006 0.011 0.147 0.738 
 585 K _   0.008 0.058 0.001 0.020 0.005 0.010 0.150 0.749 
 586 S _   0.007 0.047 0.001 0.017 0.004 0.009 0.154 0.761 
 587 R _   0.007 0.036 0.000 0.014 0.004 0.008 0.157 0.773 
 588 K _   0.007 0.027 0.000 0.011 0.003 0.008 0.160 0.784 
 589 K _   0.006 0.019 0.000 0.009 0.002 0.007 0.163 0.792 
 590 S _   0.006 0.013 0.000 0.008 0.002 0.006 0.165 0.799 
 591 K _   0.006 0.009 0.000 0.007 0.002 0.006 0.166 0.805 
 592 E _   0.005 0.006 0.000 0.006 0.002 0.005 0.167 0.809 
 593 Q _   0.005 0.004 0.000 0.005 0.001 0.005 0.166 0.813 
 594 N _   0.004 0.003 0.000 0.004 0.001 0.005 0.165 0.817 
 595 V _   0.004 0.002 0.000 0.004 0.001 0.005 0.163 0.821 
 596 S _   0.004 0.002 0.000 0.004 0.001 0.005 0.161 0.824 
 597 D _   0.004 0.001 0.000 0.004 0.001 0.006 0.157 0.826 
 598 D _   0.004 0.002 0.000 0.005 0.002 0.007 0.153 0.828 
 599 P _   0.004 0.002 0.000 0.006 0.002 0.009 0.148 0.828 
 600 E _   0.005 0.002 0.000 0.008 0.003 0.012 0.143 0.826 
 601 S _   0.007 0.003 0.000 0.011 0.004 0.015 0.136 0.823 
 602 T _   0.008 0.004 0.001 0.013 0.005 0.019 0.129 0.819 
 603 G _   0.011 0.005 0.001 0.016 0.007 0.024 0.122 0.815 
 604 F _   0.015 0.006 0.001 0.017 0.008 0.029 0.115 0.810 
 605 L _   0.020 0.006 0.001 0.017 0.010 0.034 0.107 0.805 
 606 Y _   0.028 0.006 0.001 0.016 0.013 0.039 0.100 0.796 
 607 P _   0.041 0.006 0.001 0.015 0.017 0.046 0.092 0.782 
 608 Y _   0.059 0.006 0.001 0.013 0.022 0.053 0.085 0.760 
 609 N _   0.081 0.007 0.002 0.013 0.029 0.060 0.078 0.731 
 610 D _   0.107 0.008 0.002 0.014 0.036 0.066 0.072 0.696 
 611 L _   0.134 0.009 0.002 0.016 0.043 0.071 0.066 0.658 
 612 L _   0.159 0.011 0.002 0.020 0.048 0.073 0.062 0.625 
 613 V _   0.179 0.013 0.002 0.023 0.050 0.073 0.058 0.602 
 614 W _   0.192 0.013 0.002 0.025 0.050 0.070 0.055 0.592 
 615 A _   0.199 0.013 0.002 0.024 0.047 0.066 0.053 0.596 
 616 V _   0.200 0.011 0.002 0.021 0.041 0.061 0.050 0.613 
 617 L _   0.194 0.009 0.002 0.017 0.034 0.055 0.048 0.642 
 618 M _   0.183 0.006 0.002 0.012 0.026 0.048 0.047 0.677 
 619 K _   0.168 0.003 0.001 0.008 0.020 0.043 0.045 0.713 
 620 R _   0.153 0.001 0.001 0.005 0.015 0.037 0.043 0.744 
 621 Q _   0.139 0.001 0.001 0.004 0.011 0.033 0.042 0.770 
 622 K _   0.127 0.000 0.001 0.004 0.009 0.030 0.040 0.788 
 623 M _   0.119 0.000 0.001 0.004 0.008 0.027 0.039 0.801 
 624 A _   0.113 0.000 0.001 0.005 0.008 0.025 0.038 0.809 
 625 M _   0.111 0.000 0.001 0.006 0.008 0.023 0.036 0.814 
 626 F _   0.110 0.000 0.001 0.007 0.008 0.021 0.035 0.818 
 627 F _   0.112 0.000 0.001 0.007 0.007 0.019 0.033 0.820 
 628 W _   0.118 0.000 0.001 0.006 0.007 0.017 0.031 0.820 
 629 Q _   0.127 0.000 0.001 0.004 0.006 0.015 0.029 0.818 
 630 H _   0.143 0.000 0.001 0.003 0.005 0.014 0.026 0.809 
 631 G _   0.167 0.000 0.001 0.002 0.004 0.012 0.024 0.791 
 632 E _   0.202 0.000 0.001 0.001 0.004 0.012 0.021 0.760 
 633 E _   0.254 0.000 0.001 0.001 0.005 0.011 0.018 0.710 
 634 A _   0.328 0.000 0.001 0.001 0.006 0.012 0.016 0.637 
 635 T _   0.422 0.000 0.001 0.001 0.007 0.012 0.013 0.544 
 636 V H   0.531 0.000 0.001 0.001 0.010 0.013 0.011 0.435 
 637 K H   0.634 0.000 0.001 0.001 0.012 0.013 0.009 0.330 
 638 A H   0.719 0.000 0.001 0.001 0.015 0.013 0.007 0.243 
 639 V H   0.780 0.000 0.001 0.001 0.018 0.013 0.006 0.181 
 640 I H   0.819 0.000 0.001 0.001 0.019 0.012 0.006 0.142 
 641 A H   0.838 0.000 0.001 0.001 0.020 0.012 0.006 0.121 
 642 C H   0.844 0.000 0.001 0.001 0.021 0.011 0.006 0.114 
 643 I H   0.837 0.000 0.001 0.001 0.022 0.011 0.007 0.119 
 644 L H   0.816 0.000 0.001 0.002 0.023 0.012 0.008 0.137 
 645 Y H   0.777 0.000 0.002 0.002 0.023 0.012 0.010 0.174 
 646 R H   0.713 0.000 0.002 0.002 0.022 0.013 0.014 0.235 
 647 A H   0.627 0.000 0.002 0.003 0.019 0.013 0.018 0.318 
 648 M H   0.528 0.000 0.002 0.003 0.016 0.013 0.024 0.415 
 649 A _   0.419 0.000 0.001 0.003 0.012 0.013 0.031 0.521 
 650 H _   0.316 0.000 0.001 0.004 0.009 0.012 0.039 0.619 
 651 E _   0.228 0.000 0.001 0.004 0.007 0.012 0.046 0.702 
 652 A _   0.158 0.000 0.001 0.005 0.006 0.011 0.052 0.767 
 653 K _   0.107 0.000 0.001 0.005 0.005 0.010 0.058 0.813 
 654 E _   0.072 0.000 0.001 0.006 0.004 0.009 0.063 0.845 
 655 S _   0.047 0.001 0.000 0.006 0.003 0.009 0.067 0.866 
 656 H _   0.032 0.001 0.000 0.007 0.003 0.008 0.070 0.880 
 657 M _   0.022 0.001 0.000 0.007 0.003 0.007 0.073 0.888 
 658 V _   0.016 0.001 0.000 0.006 0.002 0.007 0.075 0.893 
 659 D _   0.012 0.001 0.000 0.006 0.002 0.007 0.076 0.896 
 660 D _   0.009 0.001 0.000 0.006 0.002 0.006 0.078 0.898 
 661 A _   0.008 0.001 0.000 0.005 0.002 0.006 0.079 0.899 
 662 S _   0.007 0.001 0.000 0.004 0.002 0.006 0.079 0.901 
 663 E _   0.006 0.002 0.000 0.004 0.002 0.006 0.079 0.901 
