#TopoPred_TM8: 8-state transmembrane topology prediction results by no_profile mode 
#probabilities are in the order of H E C I L F X _, the 8 transmembrane topology types used in PDBTM 
   1 M X   0.018 0.001 0.002 0.045 0.010 0.011 0.589 0.324 
   2 T X   0.005 0.000 0.000 0.019 0.002 0.004 0.602 0.367 
   3 L X   0.002 0.000 0.000 0.006 0.000 0.002 0.602 0.387 
   4 G X   0.003 0.000 0.000 0.003 0.001 0.003 0.594 0.397 
   5 S X   0.010 0.000 0.000 0.002 0.001 0.006 0.579 0.401 
   6 P X   0.040 0.000 0.001 0.002 0.004 0.013 0.552 0.389 
   7 R X   0.099 0.000 0.001 0.002 0.007 0.023 0.517 0.351 
   8 K X   0.181 0.000 0.001 0.003 0.012 0.034 0.476 0.294 
   9 G X   0.256 0.000 0.001 0.003 0.021 0.044 0.438 0.235 
  10 L X   0.312 0.002 0.002 0.006 0.034 0.051 0.406 0.187 
  11 L X   0.349 0.006 0.002 0.009 0.045 0.054 0.382 0.152 
  12 M H   0.371 0.010 0.002 0.013 0.052 0.054 0.366 0.131 
  13 L H   0.383 0.014 0.002 0.017 0.055 0.051 0.355 0.122 
  14 L H   0.385 0.017 0.003 0.019 0.055 0.047 0.348 0.126 
  15 M H   0.376 0.018 0.003 0.021 0.052 0.043 0.344 0.144 
  16 A H   0.355 0.018 0.003 0.020 0.047 0.038 0.341 0.178 
  17 L X   0.318 0.015 0.003 0.018 0.039 0.033 0.340 0.234 
  18 V X   0.269 0.011 0.002 0.014 0.029 0.027 0.340 0.308 
  19 T _   0.212 0.006 0.002 0.010 0.018 0.021 0.341 0.392 
  20 Q _   0.154 0.002 0.001 0.006 0.010 0.015 0.341 0.471 
  21 G _   0.103 0.001 0.001 0.003 0.005 0.011 0.341 0.535 
  22 D _   0.065 0.000 0.000 0.002 0.003 0.008 0.339 0.583 
  23 P _   0.039 0.000 0.000 0.001 0.002 0.006 0.337 0.615 
  24 V _   0.023 0.000 0.000 0.001 0.001 0.005 0.334 0.635 
  25 K _   0.015 0.000 0.000 0.001 0.001 0.005 0.330 0.647 
  26 P _   0.011 0.000 0.000 0.002 0.001 0.006 0.326 0.653 
  27 S _   0.010 0.001 0.000 0.004 0.002 0.008 0.320 0.654 
  28 R _   0.009 0.004 0.000 0.009 0.004 0.010 0.313 0.651 
  29 G _   0.010 0.010 0.001 0.016 0.006 0.013 0.303 0.641 
  30 P _   0.010 0.018 0.001 0.026 0.008 0.015 0.293 0.628 
  31 L _   0.010 0.026 0.001 0.037 0.010 0.017 0.284 0.616 
  32 V _   0.009 0.031 0.001 0.044 0.011 0.017 0.276 0.611 
  33 T _   0.009 0.033 0.001 0.047 0.011 0.017 0.269 0.613 
  34 C _   0.008 0.033 0.001 0.044 0.011 0.016 0.264 0.623 
  35 T _   0.008 0.030 0.001 0.038 0.009 0.014 0.260 0.640 
  36 C _   0.007 0.026 0.001 0.029 0.007 0.013 0.257 0.661 
  37 E _   0.006 0.019 0.001 0.020 0.005 0.011 0.254 0.684 
  38 S _   0.006 0.012 0.000 0.012 0.004 0.010 0.251 0.705 
  39 P _   0.005 0.007 0.000 0.007 0.002 0.009 0.248 0.721 
  40 H _   0.005 0.004 0.000 0.004 0.002 0.009 0.244 0.731 
  41 C _   0.006 0.003 0.000 0.003 0.002 0.011 0.240 0.736 
  42 K _   0.009 0.003 0.000 0.002 0.002 0.013 0.234 0.736 
  43 G _   0.014 0.004 0.000 0.003 0.004 0.019 0.228 0.729 
  44 P _   0.022 0.008 0.001 0.005 0.008 0.027 0.219 0.711 
  45 T _   0.032 0.022 0.001 0.010 0.016 0.037 0.207 0.673 
  46 C _   0.043 0.059 0.002 0.019 0.030 0.048 0.192 0.607 
  47 R _   0.051 0.127 0.004 0.031 0.043 0.055 0.175 0.514 
  48 G _   0.053 0.214 0.004 0.044 0.052 0.058 0.159 0.416 
  49 A _   0.053 0.290 0.004 0.057 0.053 0.056 0.148 0.340 
  50 W E   0.051 0.339 0.003 0.066 0.050 0.053 0.140 0.298 
  51 C E   0.049 0.366 0.002 0.071 0.046 0.049 0.136 0.281 
  52 T E   0.046 0.377 0.002 0.073 0.042 0.045 0.133 0.281 
  53 V E   0.043 0.378 0.002 0.071 0.037 0.040 0.132 0.296 
  54 V E   0.040 0.369 0.002 0.065 0.031 0.035 0.132 0.325 
  55 L _   0.035 0.346 0.002 0.056 0.026 0.031 0.133 0.371 
  56 V _   0.031 0.305 0.002 0.045 0.020 0.026 0.135 0.435 
  57 R _   0.028 0.248 0.002 0.034 0.015 0.022 0.138 0.514 
  58 E _   0.024 0.186 0.001 0.024 0.011 0.019 0.140 0.595 
  59 E _   0.020 0.136 0.001 0.016 0.007 0.015 0.143 0.662 
  60 G _   0.015 0.102 0.001 0.011 0.005 0.012 0.144 0.710 
  61 R _   0.012 0.084 0.000 0.007 0.003 0.010 0.144 0.739 
  62 H _   0.009 0.075 0.000 0.005 0.002 0.009 0.144 0.756 
  63 P _   0.007 0.072 0.000 0.005 0.002 0.008 0.142 0.764 
  64 Q _   0.006 0.072 0.000 0.005 0.002 0.008 0.140 0.768 
  65 E _   0.006 0.075 0.000 0.006 0.002 0.008 0.137 0.767 
  66 H _   0.005 0.081 0.000 0.007 0.003 0.009 0.133 0.762 
  67 R _   0.006 0.092 0.000 0.010 0.003 0.010 0.128 0.751 
  68 G _   0.006 0.110 0.001 0.013 0.004 0.011 0.122 0.734 
  69 C _   0.006 0.133 0.001 0.017 0.005 0.012 0.115 0.712 
  70 G _   0.006 0.160 0.001 0.021 0.006 0.012 0.107 0.686 
  71 N _   0.006 0.189 0.001 0.024 0.007 0.013 0.100 0.660 
  72 L _   0.006 0.215 0.001 0.026 0.007 0.014 0.094 0.637 
  73 H _   0.006 0.238 0.001 0.028 0.008 0.014 0.088 0.619 
  74 R _   0.006 0.256 0.001 0.028 0.008 0.014 0.083 0.604 
  75 E _   0.006 0.271 0.001 0.028 0.008 0.014 0.079 0.593 
  76 L _   0.006 0.282 0.001 0.028 0.008 0.014 0.075 0.586 
  77 C _   0.006 0.290 0.001 0.027 0.008 0.014 0.072 0.581 
  78 R _   0.006 0.297 0.001 0.027 0.008 0.014 0.069 0.577 
  79 G _   0.007 0.302 0.001 0.027 0.008 0.014 0.067 0.575 
  80 R _   0.007 0.305 0.001 0.027 0.008 0.014 0.065 0.574 
  81 P _   0.007 0.306 0.001 0.027 0.008 0.014 0.064 0.575 
  82 T _   0.007 0.305 0.001 0.027 0.008 0.013 0.062 0.577 
  83 E _   0.007 0.303 0.001 0.026 0.008 0.013 0.061 0.582 
  84 F _   0.007 0.298 0.001 0.025 0.007 0.012 0.061 0.590 
  85 V _   0.007 0.291 0.001 0.024 0.007 0.012 0.060 0.600 
  86 N _   0.006 0.282 0.001 0.022 0.006 0.011 0.059 0.613 
  87 H _   0.006 0.270 0.001 0.019 0.005 0.010 0.059 0.629 
  88 Y _   0.006 0.257 0.001 0.017 0.005 0.009 0.059 0.647 
  89 C _   0.005 0.245 0.001 0.014 0.004 0.009 0.058 0.664 
  90 C _   0.005 0.233 0.000 0.012 0.003 0.008 0.058 0.679 
  91 D _   0.005 0.225 0.000 0.010 0.003 0.008 0.057 0.691 
  92 S _   0.005 0.219 0.000 0.008 0.003 0.008 0.057 0.700 
  93 H _   0.005 0.216 0.000 0.008 0.003 0.009 0.056 0.703 
  94 L _   0.005 0.217 0.000 0.009 0.003 0.010 0.054 0.701 
  95 C _   0.006 0.222 0.000 0.011 0.004 0.011 0.053 0.693 
  96 N _   0.007 0.233 0.001 0.015 0.005 0.013 0.051 0.677 
  97 H _   0.008 0.248 0.001 0.021 0.007 0.014 0.048 0.653 
  98 N _   0.008 0.266 0.001 0.030 0.009 0.016 0.046 0.624 
  99 V _   0.009 0.283 0.001 0.039 0.011 0.017 0.044 0.596 
 100 S _   0.010 0.295 0.001 0.047 0.012 0.018 0.042 0.574 
 101 L _   0.011 0.300 0.001 0.054 0.013 0.018 0.041 0.562 
 102 V _   0.011 0.299 0.001 0.056 0.013 0.018 0.041 0.561 
 103 L _   0.011 0.289 0.001 0.055 0.012 0.017 0.041 0.573 
 104 E _   0.011 0.268 0.001 0.050 0.012 0.016 0.042 0.599 
 105 A _   0.012 0.229 0.001 0.043 0.010 0.014 0.044 0.646 
 106 T _   0.012 0.172 0.001 0.033 0.009 0.013 0.046 0.715 
 107 Q _   0.012 0.106 0.001 0.022 0.007 0.011 0.048 0.794 
 108 P _   0.011 0.053 0.001 0.013 0.004 0.008 0.050 0.861 
 109 P _   0.009 0.021 0.000 0.007 0.003 0.006 0.050 0.903 
 110 S _   0.009 0.007 0.000 0.003 0.002 0.005 0.050 0.925 
 111 E _   0.009 0.002 0.000 0.002 0.001 0.004 0.049 0.933 
 112 Q _   0.013 0.000 0.000 0.001 0.001 0.004 0.047 0.934 
 113 P _   0.023 0.000 0.000 0.001 0.001 0.004 0.045 0.925 
 114 G _   0.046 0.000 0.000 0.001 0.002 0.005 0.042 0.904 
 115 T _   0.089 0.000 0.000 0.001 0.003 0.007 0.037 0.862 
 116 D _   0.161 0.000 0.001 0.001 0.004 0.009 0.032 0.792 
 117 G _   0.254 0.000 0.001 0.001 0.006 0.011 0.026 0.701 
 118 Q _   0.356 0.000 0.001 0.001 0.007 0.012 0.020 0.603 
 119 L _   0.454 0.000 0.001 0.001 0.008 0.011 0.016 0.508 
 120 A H   0.541 0.000 0.001 0.001 0.008 0.010 0.012 0.427 
 121 L H   0.615 0.000 0.001 0.001 0.007 0.009 0.010 0.357 
 122 I H   0.679 0.000 0.001 0.000 0.006 0.007 0.008 0.298 
 123 L H   0.734 0.000 0.001 0.000 0.006 0.006 0.007 0.247 
 124 G H   0.786 0.000 0.001 0.000 0.005 0.004 0.006 0.197 
 125 P H   0.833 0.000 0.001 0.000 0.005 0.004 0.005 0.152 
 126 V H   0.874 0.000 0.001 0.000 0.004 0.003 0.004 0.113 
 127 L H   0.908 0.000 0.001 0.000 0.004 0.003 0.004 0.081 
 128 A H   0.933 0.000 0.001 0.000 0.004 0.002 0.003 0.057 
 129 L H   0.950 0.000 0.001 0.000 0.004 0.002 0.003 0.041 
 130 L H   0.959 0.000 0.001 0.000 0.005 0.002 0.002 0.031 
 131 A H   0.963 0.000 0.001 0.000 0.005 0.002 0.002 0.027 
 132 L H   0.963 0.000 0.001 0.000 0.006 0.002 0.002 0.027 
 133 V H   0.958 0.000 0.001 0.000 0.007 0.002 0.002 0.031 
 134 A H   0.949 0.000 0.001 0.000 0.007 0.002 0.001 0.039 
 135 L H   0.934 0.000 0.001 0.000 0.008 0.003 0.002 0.052 
 136 G H   0.912 0.000 0.001 0.000 0.009 0.003 0.002 0.073 
 137 V H   0.880 0.000 0.001 0.000 0.009 0.004 0.002 0.104 
 138 L H   0.834 0.000 0.001 0.000 0.010 0.004 0.002 0.147 
 139 G H   0.773 0.000 0.001 0.001 0.010 0.005 0.003 0.206 
 140 L H   0.694 0.000 0.001 0.001 0.010 0.006 0.005 0.283 
 141 W H   0.598 0.000 0.001 0.001 0.009 0.007 0.007 0.376 
 142 H H   0.490 0.000 0.001 0.001 0.008 0.008 0.010 0.481 
 143 V _   0.381 0.000 0.001 0.002 0.007 0.008 0.014 0.588 
 144 R _   0.279 0.000 0.001 0.002 0.006 0.008 0.017 0.686 
 145 R _   0.193 0.000 0.001 0.003 0.005 0.008 0.021 0.770 
 146 R _   0.127 0.000 0.001 0.003 0.004 0.008 0.024 0.834 
 147 Q _   0.081 0.000 0.000 0.003 0.003 0.007 0.026 0.880 
 148 E _   0.050 0.000 0.000 0.003 0.002 0.007 0.027 0.910 
 149 K _   0.032 0.001 0.000 0.003 0.002 0.006 0.028 0.928 
 150 Q _   0.021 0.001 0.000 0.004 0.002 0.007 0.029 0.937 
 151 R _   0.014 0.003 0.000 0.004 0.002 0.007 0.029 0.940 
 152 G _   0.011 0.006 0.000 0.006 0.002 0.008 0.029 0.938 
 153 L _   0.010 0.011 0.000 0.007 0.003 0.009 0.029 0.932 
 154 H _   0.009 0.018 0.000 0.010 0.004 0.010 0.028 0.921 
 155 S _   0.008 0.028 0.001 0.013 0.005 0.011 0.027 0.907 
 156 E _   0.008 0.039 0.001 0.017 0.006 0.012 0.027 0.891 
 157 L _   0.008 0.050 0.001 0.021 0.006 0.012 0.026 0.876 
 158 G _   0.008 0.060 0.001 0.025 0.007 0.013 0.025 0.862 
 159 E _   0.008 0.068 0.001 0.027 0.008 0.013 0.025 0.851 
 160 S _   0.008 0.073 0.001 0.029 0.008 0.013 0.025 0.845 
 161 S _   0.008 0.076 0.001 0.029 0.008 0.013 0.024 0.841 
 162 L _   0.008 0.077 0.001 0.028 0.007 0.013 0.024 0.841 
 163 I _   0.008 0.076 0.001 0.027 0.007 0.012 0.025 0.845 
 164 L _   0.008 0.073 0.001 0.024 0.006 0.012 0.025 0.852 
 165 K _   0.007 0.069 0.001 0.021 0.006 0.011 0.026 0.860 
 166 A _   0.007 0.063 0.001 0.017 0.005 0.011 0.026 0.870 
 167 S _   0.007 0.058 0.001 0.015 0.004 0.010 0.027 0.879 
 168 E _   0.007 0.053 0.000 0.013 0.004 0.009 0.027 0.887 
 169 Q _   0.007 0.049 0.000 0.012 0.004 0.009 0.028 0.892 
 170 G _   0.007 0.046 0.000 0.012 0.004 0.009 0.028 0.894 
 171 D _   0.007 0.044 0.000 0.012 0.004 0.010 0.028 0.895 
 172 S _   0.007 0.042 0.000 0.013 0.004 0.010 0.029 0.894 
 173 M _   0.007 0.041 0.001 0.015 0.004 0.010 0.029 0.893 
 174 L _   0.007 0.040 0.001 0.016 0.005 0.010 0.029 0.892 
 175 G _   0.007 0.038 0.001 0.017 0.005 0.010 0.030 0.893 
 176 D _   0.007 0.035 0.001 0.017 0.005 0.010 0.030 0.895 
 177 L _   0.007 0.031 0.001 0.017 0.005 0.010 0.031 0.900 
 178 L _   0.007 0.026 0.001 0.015 0.004 0.009 0.031 0.907 
 179 D _   0.006 0.021 0.000 0.012 0.004 0.009 0.031 0.916 
 180 S _   0.006 0.016 0.000 0.010 0.003 0.008 0.032 0.924 
 181 D _   0.006 0.011 0.000 0.008 0.003 0.008 0.032 0.932 
 182 C _   0.006 0.008 0.000 0.006 0.002 0.009 0.032 0.937 
 183 T _   0.006 0.006 0.000 0.005 0.002 0.009 0.032 0.939 
 184 T _   0.007 0.005 0.000 0.005 0.003 0.011 0.032 0.938 
 185 G _   0.008 0.004 0.000 0.006 0.003 0.013 0.031 0.934 
 186 S _   0.011 0.004 0.000 0.007 0.004 0.016 0.031 0.927 
 187 G _   0.014 0.005 0.001 0.009 0.006 0.021 0.030 0.916 
 188 S _   0.018 0.005 0.001 0.011 0.008 0.026 0.029 0.901 
 189 G _   0.024 0.006 0.001 0.014 0.011 0.031 0.028 0.884 
 190 L _   0.030 0.007 0.001 0.017 0.014 0.037 0.027 0.866 
 191 P _   0.038 0.008 0.001 0.019 0.017 0.041 0.027 0.849 
 192 F _   0.046 0.008 0.001 0.020 0.020 0.046 0.026 0.833 
 193 L _   0.054 0.008 0.001 0.019 0.022 0.049 0.025 0.821 
 194 V _   0.064 0.007 0.001 0.017 0.024 0.052 0.025 0.810 
 195 Q _   0.073 0.006 0.001 0.015 0.024 0.054 0.024 0.802 
 196 R _   0.082 0.006 0.001 0.013 0.025 0.055 0.024 0.794 
 197 T _   0.090 0.005 0.001 0.011 0.025 0.055 0.024 0.788 
 198 V _   0.098 0.004 0.001 0.010 0.026 0.055 0.024 0.781 
 199 A _   0.105 0.004 0.001 0.010 0.026 0.055 0.024 0.775 
 200 R _   0.110 0.004 0.002 0.011 0.026 0.054 0.024 0.770 
 201 Q _   0.112 0.004 0.002 0.012 0.026 0.052 0.025 0.768 
 202 V _   0.112 0.004 0.002 0.012 0.025 0.050 0.025 0.769 
 203 A _   0.109 0.005 0.002 0.013 0.024 0.047 0.026 0.775 
 204 L _   0.104 0.005 0.001 0.013 0.021 0.044 0.026 0.785 
 205 V _   0.096 0.004 0.001 0.013 0.019 0.040 0.027 0.799 
 206 E _   0.087 0.004 0.001 0.012 0.016 0.037 0.028 0.816 
 207 C _   0.077 0.003 0.001 0.010 0.014 0.033 0.028 0.833 
 208 V _   0.068 0.003 0.001 0.008 0.011 0.031 0.029 0.850 
 209 G _   0.058 0.003 0.001 0.007 0.009 0.028 0.029 0.864 
 210 K _   0.050 0.002 0.001 0.007 0.008 0.026 0.030 0.876 
 211 G _   0.044 0.003 0.001 0.006 0.008 0.025 0.030 0.884 
 212 R _   0.038 0.003 0.001 0.007 0.007 0.024 0.030 0.889 
 213 Y _   0.033 0.004 0.001 0.008 0.007 0.024 0.031 0.892 
 214 G _   0.030 0.006 0.001 0.009 0.008 0.024 0.031 0.891 
 215 E _   0.028 0.008 0.001 0.011 0.008 0.024 0.031 0.890 
 216 V _   0.026 0.010 0.001 0.012 0.009 0.024 0.031 0.887 
 217 W _   0.025 0.013 0.001 0.013 0.009 0.024 0.031 0.884 
 218 R _   0.024 0.016 0.001 0.013 0.009 0.024 0.031 0.881 
 219 G _   0.024 0.019 0.001 0.014 0.010 0.024 0.031 0.878 
 220 L _   0.023 0.022 0.001 0.014 0.010 0.025 0.031 0.874 
 221 W _   0.023 0.025 0.001 0.015 0.011 0.025 0.031 0.869 
 222 H _   0.023 0.028 0.001 0.016 0.012 0.026 0.031 0.862 
 223 G _   0.024 0.032 0.001 0.019 0.013 0.027 0.031 0.854 
 224 E _   0.024 0.037 0.001 0.022 0.014 0.027 0.031 0.843 
 225 S _   0.025 0.041 0.001 0.026 0.015 0.028 0.032 0.832 
 226 V _   0.026 0.044 0.001 0.030 0.016 0.027 0.032 0.824 
 227 A _   0.025 0.046 0.001 0.032 0.015 0.026 0.033 0.822 
 228 V _   0.024 0.046 0.001 0.032 0.014 0.024 0.034 0.825 
 229 K _   0.022 0.043 0.001 0.030 0.013 0.022 0.035 0.834 
 230 I _   0.020 0.039 0.001 0.026 0.011 0.020 0.036 0.848 
 231 F _   0.017 0.032 0.001 0.021 0.008 0.017 0.037 0.866 
 232 S _   0.015 0.025 0.001 0.015 0.006 0.015 0.038 0.885 
 233 S _   0.013 0.017 0.001 0.010 0.005 0.013 0.039 0.903 
 234 R _   0.011 0.012 0.000 0.007 0.004 0.011 0.040 0.915 
 235 D _   0.010 0.009 0.000 0.005 0.003 0.010 0.040 0.923 
 236 E _   0.009 0.007 0.000 0.004 0.003 0.010 0.040 0.926 
 237 Q _   0.009 0.007 0.000 0.004 0.003 0.011 0.040 0.926 
 238 S _   0.010 0.007 0.000 0.005 0.003 0.012 0.040 0.923 
 239 W _   0.011 0.009 0.000 0.006 0.004 0.014 0.039 0.916 
 240 F _   0.012 0.011 0.001 0.009 0.005 0.016 0.039 0.907 
 241 R _   0.014 0.016 0.001 0.012 0.007 0.018 0.038 0.895 
 242 E _   0.015 0.020 0.001 0.015 0.009 0.020 0.037 0.882 
 243 T _   0.016 0.025 0.001 0.018 0.010 0.022 0.037 0.871 
 244 E _   0.017 0.029 0.001 0.020 0.011 0.024 0.036 0.861 
 245 I _   0.018 0.032 0.001 0.021 0.012 0.026 0.036 0.855 
 246 Y _   0.020 0.034 0.001 0.020 0.012 0.027 0.035 0.850 
 247 N _   0.022 0.035 0.001 0.019 0.012 0.028 0.035 0.848 
 248 T _   0.024 0.036 0.001 0.017 0.012 0.029 0.035 0.847 
 249 V _   0.026 0.036 0.001 0.014 0.011 0.030 0.035 0.847 
 250 L _   0.027 0.037 0.001 0.013 0.011 0.031 0.035 0.845 
 251 L _   0.029 0.038 0.001 0.012 0.012 0.032 0.035 0.841 
 252 R _   0.032 0.041 0.001 0.012 0.013 0.034 0.034 0.833 
 253 H _   0.035 0.046 0.001 0.014 0.015 0.036 0.034 0.819 
 254 D _   0.038 0.054 0.001 0.018 0.019 0.038 0.033 0.799 
 255 N _   0.041 0.065 0.002 0.025 0.022 0.040 0.033 0.773 
 256 I _   0.043 0.077 0.002 0.033 0.025 0.040 0.033 0.747 
 257 L _   0.044 0.087 0.002 0.043 0.027 0.039 0.033 0.726 
 258 G _   0.043 0.093 0.002 0.050 0.027 0.037 0.033 0.716 
 259 F _   0.041 0.094 0.002 0.052 0.025 0.035 0.034 0.718 
 260 I _   0.037 0.090 0.002 0.050 0.022 0.031 0.035 0.734 
 261 A _   0.032 0.081 0.002 0.043 0.017 0.027 0.036 0.763 
 262 S _   0.026 0.065 0.001 0.032 0.013 0.022 0.038 0.802 
 263 D _   0.022 0.045 0.001 0.021 0.009 0.018 0.039 0.845 
 264 M _   0.017 0.026 0.001 0.012 0.005 0.015 0.040 0.884 
 265 T _   0.014 0.013 0.000 0.006 0.003 0.012 0.040 0.911 
 266 S _   0.011 0.007 0.000 0.003 0.002 0.011 0.041 0.924 
 267 R _   0.010 0.006 0.000 0.002 0.002 0.011 0.040 0.929 
 268 N _   0.011 0.006 0.000 0.002 0.002 0.013 0.040 0.926 
 269 S _   0.013 0.008 0.000 0.004 0.004 0.016 0.039 0.916 
 270 S _   0.017 0.016 0.001 0.009 0.007 0.021 0.037 0.893 
 271 T _   0.021 0.036 0.001 0.018 0.012 0.026 0.036 0.851 
 272 Q _   0.023 0.066 0.002 0.031 0.017 0.030 0.033 0.798 
 273 L _   0.025 0.096 0.002 0.044 0.021 0.033 0.031 0.749 
 274 W _   0.025 0.116 0.002 0.054 0.023 0.034 0.030 0.717 
 275 L _   0.025 0.126 0.002 0.060 0.024 0.034 0.028 0.701 
 276 I _   0.024 0.130 0.002 0.060 0.023 0.032 0.028 0.701 
 277 T _   0.022 0.128 0.002 0.055 0.021 0.030 0.027 0.714 
 278 H _   0.021 0.119 0.002 0.047 0.018 0.028 0.027 0.738 
 279 Y _   0.020 0.104 0.001 0.037 0.015 0.025 0.028 0.770 
 280 H _   0.019 0.084 0.001 0.027 0.012 0.022 0.028 0.807 
 281 E _   0.017 0.063 0.001 0.020 0.009 0.020 0.028 0.841 
 282 H _   0.016 0.046 0.001 0.014 0.007 0.018 0.028 0.869 
 283 G _   0.016 0.033 0.001 0.011 0.006 0.017 0.029 0.888 
 284 S _   0.016 0.025 0.001 0.010 0.005 0.016 0.029 0.900 
 285 L _   0.016 0.019 0.001 0.009 0.005 0.015 0.028 0.906 
 286 Y _   0.017 0.015 0.001 0.009 0.005 0.015 0.028 0.910 
 287 D _   0.018 0.012 0.001 0.010 0.005 0.015 0.028 0.913 
 288 F _   0.020 0.009 0.001 0.009 0.005 0.015 0.027 0.915 
 289 L _   0.023 0.007 0.001 0.009 0.005 0.014 0.026 0.916 
 290 Q _   0.027 0.005 0.001 0.008 0.005 0.015 0.026 0.915 
 291 R _   0.035 0.003 0.001 0.006 0.004 0.015 0.025 0.912 
 292 Q _   0.046 0.001 0.001 0.005 0.004 0.015 0.023 0.904 
 293 T _   0.063 0.001 0.001 0.004 0.005 0.016 0.022 0.889 
 294 L _   0.089 0.000 0.001 0.003 0.005 0.018 0.020 0.863 
 295 E _   0.128 0.000 0.001 0.003 0.007 0.020 0.018 0.824 
 296 P _   0.182 0.000 0.001 0.002 0.009 0.023 0.016 0.767 
 297 H _   0.252 0.000 0.001 0.002 0.011 0.025 0.014 0.693 
 298 L _   0.330 0.000 0.001 0.003 0.015 0.028 0.012 0.611 
 299 A _   0.410 0.000 0.001 0.003 0.020 0.030 0.010 0.527 
 300 L H   0.487 0.000 0.002 0.003 0.023 0.031 0.008 0.446 
 301 R H   0.553 0.000 0.002 0.003 0.027 0.031 0.007 0.378 
 302 L H   0.609 0.000 0.002 0.003 0.029 0.030 0.006 0.322 
 303 A H   0.653 0.000 0.002 0.003 0.029 0.028 0.006 0.280 
 304 V H   0.685 0.000 0.002 0.002 0.028 0.026 0.005 0.252 
 305 S H   0.705 0.000 0.001 0.002 0.026 0.024 0.005 0.236 
 306 A H   0.715 0.000 0.001 0.002 0.025 0.022 0.005 0.230 
 307 A H   0.713 0.000 0.001 0.002 0.023 0.021 0.006 0.234 
 308 C H   0.703 0.000 0.001 0.001 0.022 0.020 0.006 0.247 
 309 G H   0.683 0.000 0.001 0.001 0.020 0.019 0.007 0.268 
 310 L H   0.653 0.000 0.001 0.002 0.019 0.019 0.008 0.297 
 311 A H   0.613 0.000 0.001 0.002 0.019 0.020 0.010 0.335 
 312 H H   0.567 0.000 0.001 0.003 0.019 0.020 0.012 0.379 
 313 L H   0.513 0.000 0.002 0.004 0.019 0.021 0.014 0.428 
 314 H _   0.453 0.000 0.002 0.005 0.018 0.022 0.017 0.483 
 315 V _   0.388 0.001 0.002 0.007 0.017 0.022 0.021 0.542 
 316 E _   0.322 0.001 0.002 0.009 0.016 0.021 0.025 0.604 
 317 I _   0.258 0.001 0.001 0.011 0.014 0.021 0.029 0.664 
 318 F _   0.200 0.001 0.001 0.011 0.012 0.020 0.033 0.722 
 319 G _   0.148 0.001 0.001 0.011 0.010 0.018 0.037 0.773 
 320 T _   0.106 0.001 0.001 0.010 0.008 0.016 0.040 0.817 
 321 Q _   0.074 0.001 0.001 0.009 0.006 0.014 0.043 0.852 
 322 G _   0.050 0.001 0.001 0.008 0.005 0.013 0.046 0.877 
 323 K _   0.034 0.001 0.001 0.007 0.004 0.011 0.048 0.894 
 324 P _   0.023 0.001 0.000 0.007 0.003 0.010 0.050 0.906 
 325 A _   0.017 0.001 0.000 0.006 0.003 0.009 0.051 0.912 
 326 I _   0.013 0.001 0.000 0.006 0.003 0.008 0.053 0.916 
 327 A _   0.010 0.001 0.000 0.006 0.003 0.008 0.053 0.918 
 328 H _   0.009 0.001 0.000 0.006 0.003 0.008 0.054 0.919 
 329 R _   0.008 0.001 0.000 0.006 0.003 0.008 0.055 0.919 
 330 D _   0.007 0.001 0.000 0.007 0.003 0.009 0.055 0.918 
 331 F _   0.007 0.001 0.000 0.007 0.003 0.010 0.055 0.916 
 332 K _   0.007 0.001 0.000 0.007 0.003 0.011 0.056 0.914 
 333 S _   0.008 0.001 0.000 0.008 0.004 0.012 0.056 0.911 
 334 R _   0.009 0.002 0.000 0.008 0.004 0.014 0.056 0.907 
 335 N _   0.011 0.002 0.001 0.008 0.005 0.016 0.056 0.902 
 336 V _   0.014 0.002 0.001 0.008 0.005 0.019 0.056 0.896 
 337 L _   0.019 0.002 0.001 0.008 0.006 0.022 0.056 0.887 
 338 V _   0.025 0.002 0.001 0.008 0.007 0.026 0.055 0.876 
 339 K _   0.034 0.002 0.001 0.008 0.009 0.031 0.055 0.861 
 340 S _   0.047 0.003 0.001 0.008 0.011 0.036 0.054 0.840 
 341 N _   0.063 0.004 0.001 0.008 0.015 0.043 0.054 0.813 
 342 L _   0.083 0.005 0.001 0.008 0.020 0.050 0.053 0.779 
 343 Q _   0.104 0.008 0.002 0.009 0.027 0.057 0.053 0.741 
 344 C _   0.125 0.013 0.002 0.011 0.035 0.063 0.053 0.698 
 345 C _   0.146 0.021 0.002 0.014 0.043 0.068 0.053 0.654 
 346 I _   0.161 0.033 0.002 0.019 0.050 0.071 0.053 0.611 
 347 A _   0.172 0.045 0.003 0.024 0.055 0.072 0.054 0.574 
 348 D _   0.178 0.057 0.003 0.030 0.057 0.070 0.056 0.549 
 349 L _   0.177 0.066 0.003 0.036 0.057 0.068 0.058 0.535 
 350 G _   0.173 0.072 0.003 0.040 0.054 0.063 0.060 0.534 
 351 L _   0.162 0.075 0.003 0.043 0.049 0.058 0.064 0.548 
 352 A _   0.145 0.073 0.003 0.042 0.042 0.051 0.068 0.575 
 353 V _   0.125 0.069 0.002 0.040 0.034 0.044 0.073 0.613 
 354 M _   0.103 0.060 0.002 0.034 0.025 0.037 0.079 0.659 
 355 H _   0.082 0.049 0.002 0.027 0.018 0.030 0.085 0.708 
 356 S _   0.062 0.037 0.001 0.021 0.011 0.024 0.090 0.754 
 357 Q _   0.046 0.026 0.001 0.015 0.007 0.019 0.095 0.792 
 358 G _   0.033 0.017 0.001 0.011 0.005 0.014 0.099 0.821 
 359 S _   0.024 0.011 0.000 0.008 0.003 0.011 0.102 0.841 
 360 D _   0.017 0.007 0.000 0.006 0.002 0.009 0.104 0.855 
 361 Y _   0.012 0.005 0.000 0.005 0.002 0.007 0.105 0.863 
 362 L _   0.009 0.004 0.000 0.004 0.002 0.006 0.106 0.869 
 363 D _   0.007 0.003 0.000 0.004 0.001 0.005 0.106 0.873 
 364 I _   0.006 0.003 0.000 0.003 0.001 0.005 0.106 0.876 
 365 G _   0.005 0.003 0.000 0.003 0.001 0.005 0.104 0.878 
 366 N _   0.005 0.004 0.000 0.004 0.001 0.005 0.102 0.879 
 367 N _   0.005 0.006 0.000 0.005 0.002 0.006 0.099 0.878 
 368 P _   0.005 0.010 0.000 0.006 0.002 0.007 0.096 0.874 
 369 R _   0.005 0.016 0.000 0.008 0.003 0.009 0.091 0.867 
 370 V _   0.006 0.026 0.000 0.012 0.004 0.011 0.086 0.855 
 371 G _   0.006 0.041 0.001 0.017 0.005 0.013 0.080 0.837 
 372 T _   0.007 0.060 0.001 0.022 0.007 0.015 0.073 0.815 
 373 K _   0.007 0.081 0.001 0.029 0.008 0.016 0.066 0.792 
 374 R _   0.007 0.099 0.001 0.034 0.009 0.017 0.060 0.772 
 375 Y _   0.007 0.114 0.001 0.038 0.010 0.018 0.055 0.758 
 376 M _   0.007 0.124 0.001 0.041 0.011 0.018 0.050 0.748 
 377 A _   0.007 0.130 0.001 0.043 0.011 0.018 0.046 0.744 
 378 P _   0.007 0.133 0.001 0.043 0.011 0.018 0.043 0.745 
 379 E _   0.007 0.133 0.001 0.042 0.011 0.017 0.040 0.749 
 380 V _   0.007 0.130 0.001 0.039 0.010 0.017 0.038 0.757 
 381 L _   0.008 0.124 0.001 0.036 0.010 0.017 0.036 0.769 
 382 D _   0.008 0.115 0.001 0.033 0.009 0.016 0.034 0.783 
 383 E _   0.009 0.102 0.001 0.029 0.009 0.016 0.033 0.801 
 384 Q _   0.010 0.087 0.001 0.025 0.008 0.015 0.032 0.821 
 385 I _   0.012 0.070 0.001 0.022 0.008 0.015 0.031 0.842 
 386 R _   0.014 0.052 0.001 0.018 0.007 0.015 0.030 0.863 
 387 T _   0.018 0.036 0.001 0.014 0.007 0.015 0.029 0.881 
 388 D _   0.025 0.022 0.001 0.011 0.006 0.014 0.027 0.894 
 389 C _   0.035 0.012 0.001 0.008 0.005 0.014 0.026 0.900 
 390 F _   0.051 0.005 0.001 0.006 0.005 0.014 0.024 0.895 
 391 E _   0.074 0.002 0.001 0.004 0.005 0.014 0.022 0.879 
 392 S _   0.110 0.001 0.001 0.003 0.005 0.014 0.020 0.847 
 393 Y _   0.166 0.000 0.001 0.002 0.006 0.015 0.017 0.794 
 394 K _   0.243 0.000 0.001 0.001 0.007 0.015 0.014 0.718 
 395 W _   0.343 0.000 0.001 0.001 0.009 0.016 0.011 0.619 
 396 T _   0.460 0.000 0.001 0.001 0.011 0.017 0.008 0.501 
 397 D H   0.576 0.000 0.001 0.001 0.014 0.017 0.006 0.385 
 398 I H   0.678 0.000 0.001 0.001 0.016 0.016 0.005 0.283 
 399 W H   0.758 0.000 0.001 0.001 0.017 0.015 0.004 0.203 
 400 A H   0.814 0.000 0.001 0.001 0.019 0.014 0.003 0.148 
 401 F H   0.852 0.000 0.001 0.001 0.019 0.012 0.003 0.112 
 402 G H   0.875 0.000 0.001 0.001 0.019 0.011 0.003 0.091 
 403 L H   0.885 0.000 0.001 0.001 0.019 0.010 0.003 0.082 
 404 V H   0.884 0.000 0.001 0.001 0.019 0.009 0.003 0.082 
 405 L H   0.874 0.000 0.001 0.001 0.019 0.009 0.004 0.091 
 406 W H   0.854 0.000 0.001 0.001 0.020 0.010 0.005 0.109 
 407 E H   0.821 0.000 0.001 0.001 0.020 0.010 0.007 0.139 
 408 I H   0.774 0.000 0.001 0.001 0.020 0.011 0.011 0.181 
 409 A H   0.714 0.000 0.002 0.001 0.020 0.013 0.015 0.236 
 410 R H   0.641 0.000 0.002 0.002 0.019 0.014 0.022 0.300 
 411 R H   0.559 0.000 0.002 0.002 0.018 0.015 0.031 0.372 
 412 T H   0.476 0.000 0.002 0.003 0.017 0.016 0.042 0.443 
 413 I _   0.395 0.000 0.002 0.005 0.016 0.017 0.055 0.510 
 414 V _   0.319 0.000 0.002 0.006 0.014 0.018 0.069 0.572 
 415 N _   0.252 0.000 0.001 0.008 0.013 0.018 0.083 0.624 
 416 G _   0.194 0.001 0.001 0.009 0.012 0.018 0.097 0.668 
 417 I _   0.147 0.001 0.001 0.010 0.010 0.018 0.110 0.702 
 418 V _   0.111 0.001 0.001 0.011 0.009 0.017 0.123 0.727 
 419 E _   0.083 0.001 0.001 0.011 0.008 0.016 0.135 0.745 
 420 D _   0.061 0.001 0.001 0.011 0.007 0.015 0.147 0.757 
 421 Y _   0.044 0.002 0.001 0.012 0.006 0.014 0.157 0.765 
 422 R _   0.033 0.002 0.001 0.011 0.005 0.012 0.167 0.768 
 423 P _   0.024 0.002 0.001 0.011 0.005 0.011 0.177 0.769 
 424 P _   0.018 0.002 0.001 0.011 0.004 0.010 0.187 0.768 
 425 F _   0.014 0.002 0.000 0.010 0.004 0.009 0.195 0.767 
 426 Y _   0.011 0.002 0.000 0.009 0.003 0.008 0.203 0.765 
 427 D _   0.008 0.001 0.000 0.008 0.003 0.007 0.210 0.763 
 428 V _   0.007 0.001 0.000 0.006 0.002 0.006 0.216 0.762 
 429 V _   0.006 0.001 0.000 0.005 0.002 0.005 0.221 0.760 
 430 P _   0.005 0.001 0.000 0.004 0.001 0.005 0.225 0.759 
 431 N _   0.004 0.001 0.000 0.003 0.001 0.004 0.227 0.758 
 432 D _   0.004 0.001 0.000 0.003 0.001 0.004 0.230 0.756 
 433 P _   0.004 0.002 0.000 0.003 0.001 0.005 0.231 0.753 
 434 S _   0.004 0.003 0.000 0.004 0.002 0.006 0.232 0.749 
 435 F _   0.005 0.006 0.000 0.006 0.002 0.008 0.232 0.741 
 436 E _   0.006 0.012 0.000 0.009 0.003 0.010 0.232 0.728 
 437 D _   0.007 0.022 0.001 0.013 0.005 0.013 0.231 0.709 
 438 M _   0.008 0.036 0.001 0.020 0.007 0.015 0.230 0.684 
 439 K _   0.009 0.052 0.001 0.028 0.009 0.018 0.228 0.655 
 440 K _   0.010 0.066 0.001 0.036 0.011 0.019 0.228 0.630 
 441 V _   0.010 0.075 0.001 0.042 0.013 0.020 0.228 0.611 
 442 V _   0.010 0.081 0.001 0.046 0.013 0.020 0.229 0.600 
 443 C _   0.010 0.082 0.001 0.046 0.013 0.020 0.232 0.596 
 444 V _   0.010 0.081 0.001 0.043 0.012 0.019 0.235 0.599 
 445 D _   0.010 0.075 0.001 0.036 0.011 0.017 0.240 0.609 
 446 Q _   0.010 0.066 0.001 0.029 0.009 0.016 0.246 0.623 
 447 Q _   0.009 0.054 0.001 0.021 0.007 0.014 0.252 0.641 
 448 T _   0.009 0.042 0.001 0.014 0.006 0.013 0.258 0.657 
 449 P _   0.008 0.032 0.001 0.009 0.004 0.012 0.264 0.670 
 450 T _   0.008 0.026 0.000 0.006 0.003 0.011 0.269 0.677 
 451 I _   0.008 0.023 0.000 0.005 0.003 0.011 0.272 0.678 
 452 P _   0.008 0.022 0.000 0.004 0.003 0.012 0.276 0.675 
 453 N _   0.009 0.022 0.000 0.005 0.003 0.013 0.278 0.669 
 454 R _   0.010 0.025 0.000 0.006 0.004 0.015 0.281 0.659 
 455 L _   0.012 0.030 0.001 0.007 0.005 0.018 0.282 0.645 
 456 A _   0.014 0.039 0.001 0.010 0.007 0.021 0.284 0.625 
 457 A _   0.016 0.051 0.001 0.014 0.010 0.024 0.285 0.599 
 458 D _   0.017 0.068 0.001 0.018 0.013 0.027 0.287 0.570 
 459 P _   0.019 0.087 0.001 0.023 0.016 0.030 0.288 0.535 
 460 V _   0.021 0.107 0.001 0.030 0.020 0.033 0.290 0.498 
 461 L _   0.022 0.126 0.002 0.037 0.023 0.035 0.293 0.463 
 462 S _   0.023 0.140 0.002 0.045 0.026 0.035 0.297 0.432 
 463 G _   0.023 0.150 0.002 0.051 0.027 0.035 0.302 0.409 
 464 L _   0.023 0.154 0.002 0.056 0.027 0.034 0.309 0.395 
 465 A _   0.022 0.154 0.002 0.058 0.026 0.032 0.319 0.388 
 466 Q _   0.021 0.148 0.002 0.055 0.023 0.029 0.331 0.391 
 467 M _   0.020 0.136 0.002 0.049 0.020 0.026 0.346 0.402 
 468 M _   0.018 0.116 0.002 0.039 0.016 0.022 0.363 0.423 
 469 R _   0.017 0.087 0.001 0.029 0.012 0.019 0.383 0.452 
 470 E _   0.014 0.056 0.001 0.019 0.009 0.016 0.402 0.482 
 471 C _   0.012 0.030 0.001 0.011 0.006 0.014 0.420 0.507 
 472 W _   0.010 0.015 0.000 0.006 0.004 0.012 0.433 0.519 
 473 Y _   0.009 0.009 0.000 0.003 0.002 0.011 0.443 0.522 
 474 P _   0.009 0.007 0.000 0.002 0.002 0.011 0.451 0.517 
 475 N _   0.010 0.007 0.000 0.002 0.002 0.013 0.458 0.508 
 476 P _   0.012 0.008 0.000 0.004 0.004 0.016 0.464 0.492 
 477 S X   0.015 0.014 0.001 0.006 0.006 0.020 0.470 0.468 
 478 A X   0.019 0.026 0.001 0.012 0.010 0.024 0.476 0.432 
 479 R X   0.021 0.047 0.001 0.021 0.015 0.028 0.482 0.385 
 480 L X   0.021 0.072 0.002 0.031 0.019 0.031 0.489 0.335 
 481 T X   0.021 0.094 0.002 0.042 0.022 0.032 0.497 0.290 
 482 A X   0.020 0.110 0.002 0.050 0.024 0.032 0.507 0.256 
 483 L X   0.019 0.118 0.002 0.056 0.024 0.031 0.519 0.231 
 484 R X   0.018 0.122 0.002 0.058 0.023 0.029 0.535 0.213 
 485 I X   0.017 0.122 0.002 0.057 0.022 0.027 0.553 0.200 
 486 K X   0.015 0.117 0.002 0.054 0.020 0.025 0.576 0.191 
 487 K X   0.013 0.109 0.002 0.048 0.017 0.022 0.604 0.185 
 488 T X   0.012 0.096 0.001 0.041 0.014 0.019 0.637 0.181 
 489 L X   0.010 0.078 0.001 0.033 0.011 0.016 0.674 0.177 
 490 Q X   0.009 0.059 0.001 0.025 0.008 0.013 0.712 0.173 
 491 K X   0.008 0.040 0.001 0.018 0.006 0.010 0.749 0.168 
 492 I X   0.006 0.026 0.001 0.012 0.004 0.008 0.782 0.161 
 493 S X   0.005 0.015 0.000 0.008 0.003 0.006 0.809 0.153 
 494 N X   0.004 0.009 0.000 0.006 0.002 0.004 0.830 0.146 
 495 S X   0.003 0.005 0.000 0.004 0.001 0.003 0.845 0.138 
 496 P X   0.002 0.003 0.000 0.003 0.001 0.002 0.857 0.131 
 497 E X   0.002 0.002 0.000 0.002 0.001 0.002 0.867 0.125 
 498 K X   0.001 0.001 0.000 0.002 0.000 0.001 0.874 0.120 
 499 P X   0.000 0.001 0.000 0.001 0.000 0.001 0.880 0.117 
 500 K X   0.000 0.001 0.000 0.001 0.000 0.000 0.883 0.115 
 501 V X   0.000 0.000 0.000 0.001 0.000 0.000 0.883 0.116 
 502 I X   0.000 0.001 0.000 0.002 0.000 0.000 0.879 0.118 
 503 Q X   0.002 0.001 0.001 0.009 0.002 0.002 0.862 0.122 
