#TopoPred_TM8: 8-state transmembrane topology prediction results by no_profile mode 
#probabilities are in the order of H E C I L F X _, the 8 transmembrane topology types used in PDBTM 
   1 M X   0.013 0.001 0.002 0.052 0.009 0.011 0.730 0.181 
   2 L X   0.005 0.001 0.000 0.033 0.002 0.006 0.750 0.203 
   3 K X   0.002 0.001 0.000 0.022 0.001 0.005 0.754 0.216 
   4 V X   0.002 0.001 0.000 0.018 0.001 0.005 0.751 0.223 
   5 K X   0.002 0.001 0.000 0.017 0.001 0.007 0.744 0.228 
   6 R X   0.003 0.002 0.000 0.017 0.002 0.008 0.734 0.234 
   7 L X   0.004 0.003 0.000 0.017 0.002 0.009 0.723 0.240 
   8 E X   0.005 0.004 0.000 0.018 0.003 0.010 0.711 0.249 
   9 E X   0.005 0.005 0.000 0.017 0.003 0.010 0.699 0.260 
  10 F X   0.005 0.006 0.000 0.016 0.003 0.009 0.687 0.273 
  11 N X   0.004 0.007 0.000 0.014 0.003 0.008 0.675 0.288 
  12 T X   0.004 0.007 0.000 0.011 0.003 0.008 0.664 0.303 
  13 C X   0.004 0.007 0.000 0.008 0.002 0.007 0.653 0.318 
  14 Y X   0.003 0.008 0.000 0.006 0.002 0.007 0.643 0.331 
  15 N X   0.004 0.008 0.000 0.005 0.002 0.007 0.632 0.342 
  16 S X   0.004 0.010 0.000 0.005 0.002 0.008 0.620 0.350 
  17 N X   0.005 0.014 0.000 0.006 0.003 0.010 0.606 0.355 
  18 Q X   0.006 0.021 0.001 0.009 0.005 0.012 0.590 0.356 
  19 L X   0.007 0.034 0.001 0.013 0.007 0.015 0.572 0.352 
  20 E X   0.008 0.053 0.001 0.019 0.009 0.017 0.552 0.342 
  21 K X   0.009 0.073 0.001 0.024 0.011 0.018 0.532 0.332 
  22 M X   0.009 0.092 0.001 0.028 0.012 0.019 0.515 0.324 
  23 A X   0.009 0.106 0.001 0.030 0.012 0.019 0.501 0.321 
  24 F X   0.010 0.115 0.001 0.030 0.012 0.019 0.489 0.324 
  25 F X   0.010 0.121 0.001 0.029 0.011 0.019 0.479 0.330 
  26 Q X   0.010 0.123 0.001 0.026 0.011 0.018 0.471 0.339 
  27 C X   0.010 0.124 0.001 0.023 0.010 0.018 0.464 0.351 
  28 R X   0.009 0.124 0.001 0.020 0.009 0.017 0.458 0.362 
  29 E X   0.009 0.124 0.001 0.019 0.008 0.016 0.453 0.370 
  30 E X   0.009 0.123 0.001 0.018 0.007 0.016 0.449 0.376 
  31 V X   0.010 0.123 0.001 0.019 0.007 0.015 0.444 0.381 
  32 E X   0.010 0.124 0.001 0.020 0.007 0.015 0.441 0.383 
  33 K X   0.010 0.123 0.001 0.022 0.007 0.014 0.437 0.385 
  34 V X   0.010 0.122 0.001 0.024 0.007 0.014 0.435 0.389 
  35 K X   0.009 0.118 0.001 0.025 0.007 0.013 0.433 0.395 
  36 C X   0.009 0.112 0.001 0.024 0.006 0.011 0.432 0.405 
  37 F X   0.008 0.102 0.001 0.022 0.006 0.010 0.432 0.419 
  38 L _   0.008 0.088 0.001 0.019 0.005 0.009 0.432 0.438 
  39 E _   0.007 0.071 0.001 0.015 0.004 0.008 0.433 0.461 
  40 K _   0.007 0.054 0.000 0.012 0.003 0.007 0.434 0.485 
  41 N _   0.006 0.039 0.000 0.008 0.002 0.006 0.434 0.506 
  42 S _   0.005 0.028 0.000 0.006 0.002 0.005 0.433 0.522 
  43 G _   0.004 0.021 0.000 0.004 0.001 0.004 0.431 0.534 
  44 D _   0.003 0.018 0.000 0.003 0.001 0.003 0.428 0.543 
  45 Q _   0.003 0.016 0.000 0.003 0.001 0.003 0.423 0.550 
  46 D _   0.003 0.016 0.000 0.003 0.001 0.004 0.417 0.556 
  47 S _   0.003 0.017 0.000 0.004 0.001 0.004 0.409 0.562 
  48 R _   0.003 0.019 0.000 0.006 0.002 0.005 0.398 0.567 
  49 S _   0.003 0.024 0.000 0.009 0.002 0.007 0.385 0.570 
  50 G _   0.003 0.032 0.000 0.013 0.003 0.008 0.368 0.572 
  51 H _   0.004 0.043 0.001 0.018 0.004 0.009 0.350 0.571 
  52 N _   0.004 0.056 0.001 0.024 0.005 0.011 0.330 0.570 
  53 E _   0.004 0.069 0.001 0.029 0.006 0.011 0.311 0.570 
  54 A _   0.004 0.080 0.001 0.032 0.006 0.012 0.294 0.572 
  55 K _   0.004 0.088 0.001 0.033 0.006 0.012 0.280 0.577 
  56 E _   0.004 0.093 0.001 0.033 0.006 0.012 0.267 0.584 
  57 V _   0.004 0.097 0.001 0.032 0.006 0.012 0.256 0.593 
  58 W _   0.004 0.099 0.001 0.029 0.006 0.011 0.247 0.603 
  59 S _   0.004 0.099 0.001 0.027 0.005 0.011 0.239 0.614 
  60 N _   0.004 0.099 0.001 0.024 0.005 0.011 0.233 0.624 
  61 A _   0.005 0.097 0.001 0.022 0.005 0.010 0.227 0.632 
  62 D _   0.005 0.095 0.001 0.021 0.005 0.010 0.222 0.641 
  63 L _   0.006 0.093 0.001 0.019 0.005 0.010 0.217 0.650 
  64 T _   0.006 0.090 0.001 0.018 0.004 0.010 0.213 0.658 
  65 E _   0.006 0.086 0.001 0.016 0.004 0.010 0.209 0.668 
  66 R _   0.006 0.082 0.000 0.015 0.004 0.009 0.206 0.678 
  67 M _   0.006 0.078 0.000 0.013 0.004 0.009 0.202 0.689 
  68 P _   0.005 0.074 0.000 0.011 0.003 0.009 0.198 0.699 
  69 V _   0.005 0.071 0.000 0.010 0.003 0.008 0.193 0.708 
  70 K _   0.005 0.069 0.000 0.009 0.003 0.009 0.189 0.716 
  71 S _   0.006 0.068 0.000 0.009 0.003 0.009 0.185 0.720 
  72 K _   0.006 0.069 0.000 0.010 0.003 0.010 0.180 0.722 
  73 R _   0.006 0.071 0.000 0.012 0.004 0.010 0.175 0.721 
  74 T _   0.007 0.074 0.001 0.016 0.005 0.011 0.170 0.717 
  75 S _   0.007 0.078 0.001 0.020 0.006 0.012 0.165 0.711 
  76 A _   0.008 0.081 0.001 0.024 0.007 0.013 0.161 0.706 
  77 L _   0.008 0.083 0.001 0.027 0.007 0.013 0.157 0.704 
  78 A _   0.008 0.082 0.001 0.028 0.007 0.012 0.154 0.707 
  79 V _   0.008 0.080 0.001 0.027 0.007 0.012 0.152 0.714 
  80 D _   0.008 0.074 0.001 0.023 0.006 0.011 0.150 0.727 
  81 I _   0.008 0.066 0.001 0.019 0.005 0.010 0.148 0.744 
  82 P _   0.007 0.056 0.001 0.014 0.004 0.009 0.146 0.762 
  83 A _   0.007 0.047 0.000 0.010 0.003 0.008 0.145 0.779 
  84 P _   0.007 0.040 0.000 0.007 0.003 0.008 0.143 0.793 
  85 P _   0.007 0.036 0.000 0.005 0.002 0.008 0.141 0.802 
  86 A _   0.006 0.034 0.000 0.004 0.002 0.008 0.138 0.806 
  87 P _   0.007 0.035 0.000 0.005 0.002 0.009 0.135 0.806 
  88 F _   0.008 0.039 0.000 0.006 0.003 0.011 0.131 0.802 
  89 D _   0.009 0.047 0.001 0.009 0.004 0.013 0.126 0.792 
  90 H _   0.010 0.060 0.001 0.013 0.006 0.015 0.120 0.776 
  91 R _   0.010 0.079 0.001 0.018 0.008 0.016 0.113 0.754 
  92 I _   0.010 0.100 0.001 0.024 0.010 0.018 0.107 0.731 
  93 V _   0.010 0.120 0.001 0.028 0.011 0.018 0.100 0.712 
  94 T _   0.010 0.134 0.001 0.030 0.011 0.019 0.095 0.700 
  95 A _   0.010 0.144 0.001 0.031 0.011 0.019 0.091 0.694 
  96 K _   0.009 0.150 0.001 0.030 0.011 0.018 0.087 0.694 
  97 Q _   0.009 0.153 0.001 0.028 0.010 0.018 0.084 0.697 
  98 G _   0.009 0.153 0.001 0.025 0.010 0.017 0.081 0.703 
  99 A _   0.009 0.152 0.001 0.022 0.009 0.016 0.079 0.711 
 100 V _   0.009 0.150 0.001 0.019 0.008 0.016 0.077 0.720 
 101 N _   0.010 0.147 0.001 0.016 0.007 0.016 0.075 0.728 
 102 S _   0.010 0.145 0.001 0.014 0.007 0.015 0.074 0.735 
 103 F _   0.010 0.143 0.001 0.013 0.006 0.015 0.072 0.740 
 104 Y _   0.010 0.141 0.001 0.012 0.006 0.016 0.070 0.743 
 105 T _   0.010 0.141 0.001 0.012 0.006 0.016 0.069 0.744 
 106 V _   0.011 0.142 0.001 0.013 0.007 0.017 0.067 0.742 
 107 S _   0.011 0.145 0.001 0.015 0.008 0.017 0.065 0.738 
 108 K _   0.011 0.149 0.001 0.017 0.009 0.018 0.064 0.732 
 109 T _   0.012 0.153 0.001 0.020 0.009 0.018 0.062 0.724 
 110 E _   0.012 0.157 0.001 0.023 0.010 0.019 0.061 0.717 
 111 I _   0.013 0.159 0.001 0.026 0.011 0.019 0.059 0.712 
 112 L _   0.013 0.160 0.001 0.028 0.011 0.019 0.058 0.710 
 113 G _   0.013 0.158 0.001 0.029 0.011 0.018 0.058 0.712 
 114 G _   0.012 0.153 0.001 0.028 0.011 0.018 0.057 0.720 
 115 G _   0.012 0.144 0.001 0.026 0.010 0.017 0.057 0.732 
 116 R _   0.012 0.133 0.001 0.022 0.009 0.016 0.058 0.749 
 117 F _   0.011 0.119 0.001 0.019 0.008 0.015 0.058 0.769 
 118 G _   0.011 0.105 0.001 0.015 0.007 0.014 0.059 0.789 
 119 Q _   0.010 0.092 0.001 0.012 0.005 0.014 0.059 0.808 
 120 V _   0.010 0.082 0.001 0.009 0.005 0.013 0.059 0.821 
 121 H _   0.010 0.075 0.000 0.008 0.004 0.014 0.059 0.830 
 122 K _   0.010 0.072 0.000 0.007 0.004 0.014 0.059 0.833 
 123 C _   0.011 0.071 0.000 0.007 0.004 0.015 0.059 0.832 
 124 E _   0.012 0.073 0.001 0.008 0.005 0.017 0.058 0.827 
 125 E _   0.013 0.077 0.001 0.009 0.006 0.019 0.058 0.817 
 126 T _   0.015 0.084 0.001 0.012 0.008 0.021 0.057 0.803 
 127 A _   0.017 0.094 0.001 0.015 0.010 0.023 0.056 0.784 
 128 T _   0.019 0.107 0.001 0.018 0.012 0.025 0.055 0.763 
 129 G _   0.021 0.120 0.001 0.023 0.014 0.027 0.054 0.740 
 130 L _   0.023 0.133 0.001 0.028 0.016 0.028 0.053 0.718 
 131 K _   0.024 0.144 0.001 0.033 0.018 0.029 0.053 0.698 
 132 L _   0.025 0.152 0.001 0.037 0.019 0.029 0.053 0.684 
 133 A _   0.025 0.157 0.001 0.041 0.019 0.029 0.053 0.674 
 134 A _   0.025 0.159 0.001 0.044 0.019 0.028 0.054 0.671 
 135 K _   0.024 0.157 0.001 0.044 0.017 0.026 0.055 0.676 
 136 I _   0.023 0.150 0.001 0.042 0.015 0.023 0.056 0.689 
 137 I _   0.022 0.137 0.001 0.038 0.013 0.021 0.059 0.710 
 138 K _   0.020 0.119 0.001 0.032 0.011 0.018 0.061 0.740 
 139 T _   0.017 0.094 0.001 0.025 0.008 0.015 0.064 0.776 
 140 R _   0.015 0.067 0.001 0.018 0.006 0.013 0.066 0.815 
 141 G _   0.012 0.044 0.001 0.012 0.004 0.011 0.068 0.849 
 142 M _   0.010 0.027 0.000 0.008 0.003 0.009 0.069 0.874 
 143 K _   0.008 0.018 0.000 0.005 0.002 0.007 0.070 0.889 
 144 D _   0.007 0.014 0.000 0.003 0.002 0.007 0.070 0.898 
 145 K _   0.006 0.012 0.000 0.003 0.002 0.007 0.070 0.901 
 146 E _   0.006 0.012 0.000 0.003 0.002 0.007 0.069 0.900 
 147 E _   0.007 0.014 0.000 0.005 0.002 0.009 0.068 0.896 
 148 V _   0.007 0.019 0.000 0.008 0.003 0.011 0.066 0.885 
 149 K _   0.008 0.028 0.001 0.013 0.005 0.013 0.064 0.868 
 150 N _   0.009 0.040 0.001 0.019 0.007 0.015 0.062 0.848 
 151 E _   0.010 0.053 0.001 0.025 0.008 0.017 0.060 0.827 
 152 I _   0.010 0.062 0.001 0.030 0.010 0.018 0.058 0.811 
 153 S _   0.010 0.068 0.001 0.033 0.010 0.019 0.056 0.802 
 154 V _   0.011 0.071 0.001 0.032 0.010 0.019 0.055 0.800 
 155 M _   0.011 0.072 0.001 0.030 0.010 0.019 0.054 0.804 
 156 N _   0.011 0.070 0.001 0.025 0.009 0.019 0.053 0.812 
 157 Q _   0.011 0.067 0.001 0.021 0.008 0.018 0.053 0.820 
 158 L _   0.012 0.063 0.001 0.017 0.008 0.018 0.053 0.829 
 159 D _   0.012 0.060 0.001 0.015 0.007 0.019 0.052 0.834 
 160 H _   0.013 0.058 0.001 0.015 0.007 0.019 0.052 0.835 
 161 A _   0.014 0.057 0.001 0.016 0.008 0.019 0.052 0.833 
 162 N _   0.015 0.057 0.001 0.018 0.009 0.020 0.052 0.828 
 163 L _   0.016 0.057 0.001 0.022 0.010 0.020 0.052 0.823 
 164 I _   0.016 0.056 0.001 0.024 0.010 0.020 0.052 0.821 
 165 Q _   0.016 0.054 0.001 0.026 0.010 0.019 0.052 0.822 
 166 L _   0.015 0.050 0.001 0.025 0.009 0.018 0.052 0.831 
 167 Y _   0.014 0.043 0.001 0.021 0.008 0.016 0.052 0.845 
 168 D _   0.013 0.034 0.001 0.017 0.007 0.014 0.053 0.862 
 169 A _   0.012 0.025 0.001 0.012 0.005 0.013 0.053 0.880 
 170 F _   0.011 0.017 0.001 0.008 0.004 0.012 0.053 0.894 
 171 E _   0.010 0.012 0.000 0.005 0.003 0.012 0.053 0.904 
 172 S _   0.010 0.010 0.000 0.004 0.003 0.012 0.053 0.907 
 173 K _   0.011 0.010 0.000 0.004 0.003 0.013 0.052 0.906 
 174 N _   0.013 0.011 0.000 0.005 0.004 0.015 0.052 0.900 
 175 D _   0.016 0.014 0.001 0.008 0.006 0.018 0.051 0.887 
 176 I _   0.019 0.021 0.001 0.012 0.009 0.022 0.050 0.868 
 177 V _   0.021 0.031 0.001 0.018 0.012 0.025 0.048 0.844 
 178 L _   0.023 0.042 0.001 0.024 0.014 0.027 0.047 0.821 
 179 V _   0.024 0.051 0.001 0.030 0.016 0.029 0.046 0.803 
 180 M _   0.024 0.057 0.001 0.033 0.017 0.030 0.045 0.793 
 181 E _   0.024 0.060 0.001 0.034 0.018 0.029 0.044 0.789 
 182 Y _   0.023 0.062 0.001 0.033 0.017 0.029 0.044 0.792 
 183 V _   0.022 0.061 0.001 0.030 0.016 0.028 0.044 0.798 
 184 D _   0.021 0.060 0.001 0.028 0.015 0.026 0.044 0.805 
 185 G _   0.020 0.057 0.001 0.026 0.013 0.025 0.044 0.813 
 186 G _   0.019 0.054 0.001 0.025 0.012 0.024 0.044 0.821 
 187 E _   0.018 0.051 0.001 0.024 0.011 0.022 0.045 0.829 
 188 L _   0.017 0.046 0.001 0.023 0.010 0.020 0.045 0.838 
 189 F _   0.016 0.040 0.001 0.021 0.009 0.019 0.046 0.849 
 190 D _   0.014 0.034 0.001 0.019 0.008 0.017 0.047 0.861 
 191 R _   0.013 0.026 0.001 0.016 0.006 0.015 0.047 0.875 
 192 I _   0.012 0.019 0.001 0.012 0.005 0.014 0.048 0.890 
 193 I _   0.011 0.012 0.001 0.009 0.004 0.013 0.048 0.902 
 194 D _   0.011 0.007 0.000 0.007 0.003 0.012 0.048 0.911 
 195 E _   0.012 0.004 0.000 0.005 0.003 0.013 0.048 0.917 
 196 S _   0.013 0.002 0.000 0.003 0.003 0.014 0.048 0.918 
 197 Y _   0.017 0.001 0.000 0.003 0.003 0.016 0.047 0.914 
 198 N _   0.022 0.001 0.000 0.003 0.004 0.019 0.046 0.904 
 199 L _   0.031 0.001 0.001 0.004 0.006 0.025 0.045 0.888 
 200 T _   0.044 0.001 0.001 0.005 0.009 0.032 0.044 0.864 
 201 E _   0.061 0.002 0.001 0.008 0.014 0.040 0.043 0.832 
 202 L _   0.080 0.003 0.001 0.011 0.020 0.048 0.041 0.795 
 203 D _   0.099 0.005 0.002 0.015 0.028 0.055 0.040 0.757 
 204 T _   0.117 0.007 0.002 0.019 0.034 0.061 0.039 0.721 
 205 I _   0.133 0.008 0.002 0.022 0.039 0.065 0.037 0.693 
 206 L _   0.146 0.009 0.002 0.023 0.042 0.066 0.037 0.674 
 207 F _   0.156 0.009 0.002 0.022 0.042 0.066 0.036 0.666 
 208 M _   0.161 0.008 0.002 0.020 0.040 0.064 0.036 0.668 
 209 K _   0.164 0.006 0.002 0.016 0.036 0.062 0.037 0.677 
 210 Q _   0.163 0.005 0.002 0.013 0.031 0.059 0.037 0.692 
 211 I _   0.159 0.003 0.002 0.009 0.026 0.055 0.038 0.709 
 212 C _   0.153 0.002 0.001 0.007 0.021 0.052 0.038 0.726 
 213 E _   0.147 0.001 0.001 0.005 0.018 0.049 0.039 0.740 
 214 G _   0.141 0.001 0.001 0.005 0.016 0.047 0.039 0.750 
 215 I _   0.135 0.001 0.001 0.005 0.016 0.046 0.040 0.757 
 216 R _   0.128 0.002 0.001 0.006 0.017 0.045 0.040 0.761 
 217 H _   0.121 0.003 0.001 0.009 0.018 0.044 0.041 0.763 
 218 M _   0.112 0.004 0.001 0.012 0.020 0.043 0.042 0.765 
 219 H _   0.102 0.006 0.002 0.017 0.021 0.042 0.043 0.767 
 220 Q _   0.091 0.008 0.002 0.021 0.021 0.039 0.045 0.773 
 221 M _   0.078 0.010 0.002 0.024 0.020 0.036 0.046 0.785 
 222 Y _   0.067 0.010 0.001 0.024 0.018 0.032 0.048 0.800 
 223 I _   0.056 0.010 0.001 0.022 0.015 0.028 0.049 0.819 
 224 L _   0.047 0.009 0.001 0.019 0.012 0.024 0.051 0.838 
 225 H _   0.038 0.007 0.001 0.015 0.009 0.021 0.052 0.857 
 226 L _   0.030 0.005 0.001 0.011 0.007 0.017 0.054 0.875 
 227 D _   0.024 0.004 0.001 0.008 0.005 0.015 0.055 0.888 
 228 L _   0.020 0.003 0.000 0.006 0.004 0.013 0.056 0.897 
 229 K _   0.016 0.002 0.000 0.005 0.004 0.012 0.057 0.903 
 230 P _   0.014 0.002 0.000 0.005 0.003 0.011 0.058 0.906 
 231 E _   0.013 0.002 0.000 0.005 0.003 0.010 0.059 0.907 
 232 N _   0.012 0.002 0.000 0.006 0.003 0.010 0.059 0.906 
 233 I _   0.012 0.003 0.000 0.007 0.004 0.010 0.059 0.904 
 234 L _   0.012 0.003 0.000 0.007 0.004 0.011 0.060 0.903 
 235 C _   0.011 0.004 0.000 0.008 0.004 0.011 0.060 0.902 
 236 V _   0.011 0.005 0.000 0.008 0.004 0.011 0.059 0.901 
 237 N _   0.011 0.006 0.000 0.008 0.004 0.012 0.059 0.900 
 238 R _   0.011 0.007 0.000 0.007 0.004 0.012 0.059 0.898 
 239 D _   0.012 0.009 0.000 0.007 0.004 0.014 0.058 0.896 
 240 A _   0.013 0.011 0.001 0.008 0.005 0.015 0.058 0.890 
 241 K _   0.014 0.015 0.001 0.009 0.006 0.017 0.057 0.881 
 242 Q _   0.016 0.022 0.001 0.012 0.007 0.019 0.056 0.867 
 243 I _   0.018 0.032 0.001 0.016 0.010 0.022 0.055 0.847 
 244 K _   0.020 0.045 0.001 0.023 0.012 0.024 0.054 0.821 
 245 I _   0.021 0.059 0.001 0.031 0.015 0.025 0.053 0.795 
 246 I _   0.023 0.071 0.001 0.039 0.016 0.026 0.052 0.771 
 247 D _   0.023 0.079 0.001 0.045 0.017 0.025 0.052 0.757 
 248 F _   0.022 0.082 0.001 0.048 0.016 0.024 0.052 0.752 
 249 G _   0.021 0.082 0.001 0.047 0.015 0.023 0.053 0.758 
 250 L _   0.019 0.077 0.001 0.042 0.013 0.020 0.054 0.773 
 251 A _   0.017 0.067 0.001 0.034 0.010 0.017 0.056 0.797 
 252 R _   0.015 0.053 0.001 0.025 0.008 0.015 0.057 0.826 
 253 R _   0.013 0.038 0.001 0.017 0.005 0.012 0.058 0.856 
 254 Y _   0.011 0.025 0.000 0.010 0.004 0.010 0.059 0.881 
 255 K _   0.009 0.016 0.000 0.007 0.003 0.008 0.060 0.898 
 256 P _   0.007 0.011 0.000 0.005 0.002 0.007 0.060 0.908 
 257 R _   0.006 0.009 0.000 0.004 0.002 0.006 0.059 0.913 
 258 E _   0.006 0.008 0.000 0.004 0.002 0.006 0.059 0.915 
 259 K _   0.006 0.008 0.000 0.004 0.002 0.007 0.058 0.915 
 260 L _   0.006 0.010 0.000 0.006 0.002 0.008 0.056 0.913 
 261 K _   0.006 0.012 0.000 0.008 0.003 0.009 0.054 0.908 
 262 V _   0.006 0.015 0.000 0.010 0.004 0.010 0.052 0.902 
 263 N _   0.007 0.020 0.001 0.013 0.005 0.012 0.049 0.894 
 264 F _   0.007 0.025 0.001 0.017 0.006 0.013 0.047 0.885 
 265 G _   0.008 0.030 0.001 0.021 0.007 0.015 0.044 0.875 
 266 T _   0.009 0.035 0.001 0.024 0.008 0.016 0.041 0.866 
 267 P _   0.009 0.038 0.001 0.027 0.009 0.018 0.039 0.859 
 268 E _   0.010 0.041 0.001 0.029 0.010 0.019 0.037 0.853 
 269 F _   0.011 0.042 0.001 0.030 0.011 0.019 0.035 0.850 
 270 L _   0.012 0.042 0.001 0.031 0.012 0.020 0.034 0.849 
 271 A _   0.013 0.041 0.001 0.030 0.012 0.020 0.032 0.852 
 272 P _   0.014 0.038 0.001 0.028 0.011 0.020 0.031 0.857 
 273 E _   0.015 0.034 0.001 0.025 0.011 0.019 0.030 0.865 
 274 V _   0.016 0.029 0.001 0.022 0.010 0.018 0.029 0.875 
 275 V _   0.018 0.023 0.001 0.019 0.009 0.017 0.028 0.885 
 276 N _   0.022 0.017 0.001 0.015 0.008 0.016 0.028 0.894 
 277 Y _   0.026 0.011 0.001 0.012 0.007 0.015 0.027 0.901 
 278 D _   0.033 0.006 0.001 0.008 0.006 0.014 0.026 0.905 
 279 F _   0.044 0.003 0.001 0.006 0.005 0.013 0.025 0.904 
 280 V _   0.060 0.001 0.001 0.004 0.005 0.013 0.023 0.894 
 281 S _   0.085 0.000 0.001 0.003 0.004 0.012 0.021 0.873 
 282 F _   0.123 0.000 0.001 0.002 0.005 0.012 0.019 0.839 
 283 P _   0.180 0.000 0.001 0.001 0.005 0.013 0.017 0.783 
 284 T _   0.260 0.000 0.001 0.001 0.007 0.013 0.015 0.704 
 285 D _   0.361 0.000 0.001 0.001 0.009 0.014 0.012 0.601 
 286 M H   0.481 0.000 0.001 0.001 0.012 0.015 0.010 0.480 
 287 W H   0.600 0.000 0.001 0.001 0.015 0.016 0.008 0.359 
 288 S H   0.702 0.000 0.001 0.001 0.018 0.015 0.007 0.256 
 289 V H   0.776 0.000 0.001 0.001 0.020 0.014 0.006 0.181 
 290 G H   0.825 0.000 0.001 0.001 0.021 0.013 0.006 0.132 
 291 V H   0.855 0.000 0.001 0.001 0.022 0.012 0.006 0.102 
 292 I H   0.869 0.000 0.001 0.001 0.023 0.011 0.007 0.088 
 293 A H   0.869 0.000 0.001 0.001 0.024 0.011 0.008 0.086 
 294 Y H   0.858 0.000 0.001 0.001 0.025 0.011 0.009 0.094 
 295 M H   0.831 0.000 0.002 0.001 0.026 0.011 0.012 0.116 
 296 L H   0.785 0.000 0.002 0.002 0.026 0.012 0.016 0.157 
 297 L H   0.713 0.000 0.002 0.003 0.026 0.013 0.023 0.220 
 298 S H   0.616 0.000 0.002 0.004 0.024 0.014 0.034 0.307 
 299 G H   0.504 0.000 0.002 0.004 0.019 0.014 0.048 0.409 
 300 L _   0.389 0.000 0.002 0.005 0.015 0.013 0.064 0.513 
 301 S _   0.281 0.000 0.001 0.005 0.010 0.012 0.081 0.610 
 302 P _   0.189 0.000 0.001 0.005 0.007 0.011 0.096 0.692 
 303 F _   0.119 0.000 0.001 0.004 0.005 0.009 0.108 0.754 
 304 L _   0.072 0.000 0.000 0.003 0.003 0.008 0.118 0.795 
 305 G _   0.042 0.000 0.000 0.003 0.002 0.007 0.125 0.820 
 306 D _   0.027 0.000 0.000 0.002 0.002 0.007 0.130 0.832 
 307 N _   0.018 0.001 0.000 0.002 0.002 0.008 0.135 0.834 
 308 D _   0.015 0.002 0.000 0.003 0.002 0.010 0.138 0.830 
 309 A _   0.015 0.005 0.000 0.005 0.003 0.013 0.141 0.817 
 310 E _   0.016 0.014 0.001 0.010 0.006 0.017 0.144 0.792 
 311 T _   0.018 0.034 0.001 0.019 0.010 0.022 0.146 0.751 
 312 L _   0.019 0.065 0.001 0.032 0.014 0.025 0.148 0.695 
 313 N _   0.019 0.099 0.002 0.047 0.018 0.028 0.150 0.638 
 314 N _   0.019 0.124 0.002 0.060 0.020 0.029 0.154 0.593 
 315 I _   0.018 0.139 0.002 0.069 0.021 0.029 0.158 0.565 
 316 L _   0.017 0.145 0.002 0.072 0.021 0.028 0.164 0.551 
 317 A _   0.016 0.145 0.002 0.070 0.020 0.026 0.172 0.550 
 318 C _   0.015 0.139 0.002 0.063 0.017 0.023 0.181 0.560 
 319 R _   0.013 0.126 0.001 0.052 0.015 0.020 0.193 0.579 
 320 W _   0.012 0.106 0.001 0.040 0.011 0.017 0.207 0.606 
 321 D _   0.011 0.081 0.001 0.028 0.008 0.014 0.221 0.635 
 322 L _   0.009 0.058 0.001 0.019 0.006 0.012 0.235 0.661 
 323 E _   0.008 0.040 0.001 0.012 0.004 0.010 0.246 0.679 
 324 D _   0.007 0.029 0.000 0.008 0.003 0.008 0.256 0.689 
 325 E _   0.006 0.023 0.000 0.005 0.002 0.007 0.263 0.693 
 326 E _   0.005 0.020 0.000 0.004 0.002 0.007 0.269 0.693 
 327 F _   0.005 0.019 0.000 0.004 0.002 0.007 0.273 0.690 
 328 Q _   0.005 0.019 0.000 0.005 0.002 0.008 0.277 0.685 
 329 D _   0.005 0.021 0.000 0.006 0.002 0.009 0.280 0.677 
 330 I _   0.006 0.024 0.000 0.007 0.003 0.011 0.283 0.665 
 331 S _   0.007 0.030 0.000 0.010 0.004 0.013 0.285 0.651 
 332 E _   0.008 0.038 0.001 0.013 0.006 0.015 0.287 0.632 
 333 E _   0.010 0.047 0.001 0.017 0.007 0.018 0.290 0.611 
 334 A _   0.011 0.057 0.001 0.021 0.009 0.020 0.293 0.589 
 335 K _   0.012 0.066 0.001 0.025 0.011 0.022 0.296 0.566 
 336 E _   0.013 0.074 0.001 0.029 0.013 0.024 0.301 0.546 
 337 F _   0.014 0.080 0.001 0.032 0.015 0.025 0.306 0.528 
 338 I _   0.015 0.083 0.001 0.034 0.016 0.026 0.312 0.513 
 339 S _   0.016 0.085 0.001 0.034 0.016 0.026 0.320 0.502 
 340 K _   0.016 0.084 0.001 0.034 0.016 0.025 0.329 0.495 
 341 L _   0.016 0.081 0.001 0.032 0.015 0.024 0.340 0.491 
 342 L _   0.016 0.076 0.001 0.028 0.013 0.023 0.352 0.490 
 343 I _   0.015 0.069 0.001 0.024 0.012 0.021 0.365 0.493 
 344 K _   0.014 0.061 0.001 0.019 0.010 0.019 0.379 0.496 
 345 E _   0.014 0.052 0.001 0.015 0.008 0.018 0.393 0.499 
 346 K _   0.013 0.045 0.001 0.012 0.007 0.016 0.406 0.500 
 347 S _   0.012 0.040 0.001 0.010 0.006 0.015 0.419 0.498 
 348 W _   0.011 0.036 0.001 0.009 0.005 0.015 0.431 0.492 
 349 R _   0.011 0.034 0.001 0.009 0.005 0.014 0.443 0.483 
 350 I _   0.011 0.033 0.001 0.010 0.005 0.014 0.454 0.472 
 351 S X   0.010 0.033 0.001 0.012 0.006 0.014 0.466 0.458 
 352 A X   0.010 0.033 0.001 0.015 0.006 0.014 0.478 0.443 
 353 S X   0.010 0.033 0.001 0.017 0.007 0.014 0.491 0.428 
 354 E X   0.010 0.032 0.001 0.018 0.007 0.013 0.505 0.414 
 355 A X   0.009 0.031 0.001 0.019 0.007 0.012 0.520 0.402 
 356 L X   0.008 0.029 0.001 0.018 0.006 0.011 0.535 0.390 
 357 K X   0.008 0.027 0.001 0.017 0.006 0.010 0.552 0.381 
 358 H X   0.007 0.023 0.001 0.015 0.005 0.009 0.570 0.371 
 359 P X   0.006 0.020 0.001 0.012 0.004 0.008 0.587 0.362 
 360 W X   0.005 0.016 0.000 0.010 0.003 0.007 0.605 0.352 
 361 L X   0.005 0.013 0.000 0.009 0.003 0.006 0.622 0.341 
 362 S X   0.005 0.011 0.000 0.007 0.002 0.006 0.638 0.330 
 363 D X   0.004 0.009 0.000 0.007 0.002 0.005 0.653 0.319 
 364 H X   0.004 0.008 0.000 0.006 0.002 0.005 0.667 0.308 
 365 K X   0.003 0.007 0.000 0.006 0.002 0.005 0.680 0.297 
 366 L X   0.003 0.007 0.000 0.006 0.002 0.004 0.692 0.286 
 367 H X   0.003 0.006 0.000 0.006 0.002 0.004 0.703 0.276 
 368 S X   0.003 0.006 0.000 0.006 0.002 0.004 0.713 0.266 
 369 R X   0.003 0.006 0.000 0.006 0.001 0.004 0.723 0.258 
 370 L X   0.002 0.006 0.000 0.005 0.001 0.003 0.732 0.250 
 371 N X   0.002 0.006 0.000 0.005 0.001 0.003 0.740 0.243 
 372 A X   0.002 0.006 0.000 0.004 0.001 0.003 0.747 0.237 
 373 Q X   0.002 0.006 0.000 0.004 0.001 0.003 0.753 0.231 
 374 K X   0.002 0.006 0.000 0.003 0.001 0.003 0.759 0.226 
 375 K X   0.002 0.007 0.000 0.003 0.001 0.003 0.763 0.222 
 376 K X   0.002 0.007 0.000 0.003 0.001 0.003 0.767 0.217 
 377 N X   0.002 0.008 0.000 0.004 0.001 0.003 0.770 0.212 
 378 R X   0.002 0.010 0.000 0.004 0.001 0.003 0.773 0.207 
 379 G X   0.002 0.013 0.000 0.005 0.001 0.003 0.775 0.201 
 380 S X   0.002 0.016 0.000 0.007 0.001 0.003 0.776 0.195 
 381 D X   0.002 0.019 0.000 0.009 0.002 0.003 0.777 0.189 
 382 A X   0.001 0.023 0.000 0.010 0.002 0.003 0.778 0.182 
 383 Q X   0.001 0.025 0.000 0.011 0.002 0.003 0.780 0.178 
 384 D X   0.001 0.026 0.000 0.011 0.001 0.002 0.782 0.177 
 385 F X   0.000 0.027 0.000 0.010 0.000 0.001 0.784 0.178 
 386 V X   0.000 0.026 0.000 0.008 0.000 0.000 0.783 0.182 
 387 T X   0.000 0.026 0.000 0.009 0.000 0.000 0.778 0.186 
 388 K X   0.002 0.025 0.001 0.018 0.003 0.003 0.758 0.189 
