#TopoPred_TM8: 8-state transmembrane topology prediction results by no_profile mode 
#probabilities are in the order of H E C I L F X _, the 8 transmembrane topology types used in PDBTM 
   1 M X   0.004 0.000 0.001 0.022 0.005 0.004 0.935 0.028 
   2 P X   0.001 0.000 0.000 0.008 0.001 0.001 0.960 0.028 
   3 H X   0.000 0.000 0.000 0.003 0.000 0.000 0.967 0.029 
   4 E X   0.000 0.000 0.000 0.001 0.000 0.000 0.969 0.029 
   5 P X   0.000 0.000 0.000 0.001 0.000 0.000 0.969 0.029 
   6 H X   0.000 0.000 0.000 0.001 0.000 0.001 0.968 0.030 
   7 E X   0.000 0.000 0.000 0.001 0.000 0.001 0.966 0.031 
   8 P X   0.001 0.000 0.000 0.002 0.000 0.001 0.964 0.032 
   9 L X   0.001 0.000 0.000 0.003 0.000 0.001 0.961 0.034 
  10 T X   0.001 0.001 0.000 0.003 0.001 0.002 0.957 0.036 
  11 P X   0.001 0.001 0.000 0.004 0.001 0.002 0.953 0.039 
  12 P X   0.001 0.001 0.000 0.005 0.001 0.002 0.949 0.042 
  13 F X   0.001 0.001 0.000 0.004 0.001 0.002 0.946 0.045 
  14 S X   0.001 0.001 0.000 0.004 0.001 0.002 0.943 0.049 
  15 A X   0.001 0.001 0.000 0.003 0.001 0.002 0.940 0.053 
  16 L X   0.001 0.001 0.000 0.003 0.001 0.002 0.937 0.056 
  17 P X   0.001 0.001 0.000 0.002 0.001 0.001 0.934 0.060 
  18 D X   0.001 0.001 0.000 0.002 0.000 0.001 0.931 0.064 
  19 P X   0.001 0.001 0.000 0.002 0.000 0.001 0.927 0.068 
  20 A X   0.001 0.001 0.000 0.002 0.000 0.001 0.923 0.072 
  21 G X   0.001 0.001 0.000 0.002 0.001 0.002 0.918 0.076 
  22 A X   0.001 0.001 0.000 0.002 0.001 0.002 0.913 0.081 
  23 P X   0.001 0.001 0.000 0.003 0.001 0.002 0.907 0.086 
  24 S X   0.001 0.002 0.000 0.003 0.001 0.002 0.900 0.091 
  25 R X   0.001 0.002 0.000 0.004 0.001 0.003 0.893 0.096 
  26 R X   0.001 0.003 0.000 0.005 0.001 0.003 0.885 0.101 
  27 Q X   0.001 0.003 0.000 0.006 0.001 0.003 0.878 0.106 
  28 S X   0.001 0.004 0.000 0.007 0.002 0.003 0.871 0.112 
  29 R X   0.001 0.004 0.000 0.007 0.002 0.003 0.865 0.117 
  30 Q X   0.001 0.004 0.000 0.007 0.002 0.003 0.859 0.123 
  31 R X   0.001 0.004 0.000 0.006 0.001 0.003 0.854 0.130 
  32 P X   0.001 0.004 0.000 0.005 0.001 0.003 0.849 0.136 
  33 Q X   0.001 0.004 0.000 0.004 0.001 0.003 0.843 0.143 
  34 L X   0.001 0.004 0.000 0.004 0.001 0.002 0.838 0.149 
  35 S X   0.001 0.004 0.000 0.003 0.001 0.002 0.832 0.156 
  36 S X   0.001 0.005 0.000 0.003 0.001 0.003 0.826 0.161 
  37 D X   0.001 0.005 0.000 0.004 0.001 0.003 0.819 0.167 
  38 S X   0.001 0.006 0.000 0.005 0.001 0.003 0.812 0.171 
  39 P X   0.002 0.007 0.000 0.006 0.002 0.004 0.804 0.176 
  40 S X   0.002 0.009 0.000 0.008 0.002 0.005 0.795 0.179 
  41 A X   0.002 0.012 0.000 0.011 0.003 0.005 0.786 0.182 
  42 F X   0.002 0.014 0.000 0.013 0.003 0.005 0.777 0.185 
  43 R X   0.002 0.015 0.000 0.014 0.003 0.006 0.770 0.189 
  44 A X   0.002 0.016 0.000 0.015 0.003 0.006 0.763 0.194 
  45 S X   0.002 0.017 0.000 0.015 0.003 0.005 0.758 0.200 
  46 R X   0.002 0.016 0.000 0.014 0.003 0.005 0.753 0.206 
  47 S X   0.002 0.016 0.000 0.013 0.003 0.005 0.750 0.212 
  48 H X   0.002 0.015 0.000 0.011 0.002 0.005 0.747 0.219 
  49 S X   0.002 0.013 0.000 0.009 0.002 0.004 0.744 0.225 
  50 R X   0.002 0.012 0.000 0.008 0.002 0.004 0.742 0.230 
  51 N X   0.002 0.010 0.000 0.007 0.002 0.004 0.740 0.235 
  52 A X   0.002 0.009 0.000 0.006 0.001 0.003 0.739 0.239 
  53 T X   0.002 0.008 0.000 0.005 0.001 0.003 0.736 0.244 
  54 R X   0.002 0.007 0.000 0.005 0.001 0.003 0.734 0.248 
  55 S X   0.002 0.006 0.000 0.004 0.001 0.003 0.731 0.252 
  56 H X   0.002 0.005 0.000 0.004 0.001 0.003 0.728 0.257 
  57 S X   0.002 0.004 0.000 0.004 0.001 0.003 0.725 0.261 
  58 H X   0.002 0.004 0.000 0.004 0.001 0.003 0.721 0.266 
  59 S X   0.002 0.003 0.000 0.004 0.001 0.003 0.716 0.270 
  60 H X   0.002 0.003 0.000 0.004 0.001 0.003 0.711 0.275 
  61 S X   0.002 0.003 0.000 0.005 0.001 0.003 0.706 0.280 
  62 P X   0.002 0.003 0.000 0.006 0.001 0.003 0.700 0.285 
  63 R X   0.002 0.003 0.000 0.006 0.001 0.004 0.693 0.290 
  64 H X   0.002 0.003 0.000 0.007 0.002 0.004 0.687 0.295 
  65 S X   0.002 0.004 0.000 0.008 0.002 0.004 0.680 0.301 
  66 L X   0.002 0.004 0.000 0.008 0.002 0.004 0.673 0.307 
  67 R X   0.002 0.004 0.000 0.009 0.002 0.004 0.666 0.314 
  68 H X   0.002 0.004 0.000 0.008 0.002 0.004 0.660 0.321 
  69 S X   0.002 0.003 0.000 0.008 0.002 0.004 0.653 0.328 
  70 P X   0.002 0.003 0.000 0.008 0.002 0.004 0.647 0.334 
  71 G X   0.002 0.003 0.000 0.008 0.002 0.004 0.641 0.341 
  72 S X   0.002 0.003 0.000 0.008 0.002 0.004 0.635 0.347 
  73 G X   0.002 0.003 0.000 0.007 0.002 0.004 0.629 0.353 
  74 S X   0.002 0.003 0.000 0.007 0.002 0.004 0.623 0.359 
  75 C X   0.002 0.002 0.000 0.007 0.002 0.005 0.616 0.365 
  76 G X   0.002 0.002 0.000 0.007 0.002 0.005 0.610 0.372 
  77 S X   0.002 0.002 0.000 0.007 0.002 0.006 0.604 0.378 
  78 S X   0.002 0.002 0.000 0.006 0.002 0.006 0.597 0.385 
  79 S X   0.003 0.002 0.000 0.005 0.002 0.007 0.590 0.391 
  80 G X   0.004 0.001 0.000 0.005 0.002 0.009 0.583 0.396 
  81 H X   0.005 0.001 0.000 0.005 0.003 0.012 0.575 0.399 
  82 R X   0.009 0.001 0.000 0.005 0.004 0.016 0.566 0.399 
  83 P X   0.014 0.002 0.001 0.005 0.006 0.021 0.556 0.395 
  84 C X   0.022 0.003 0.001 0.007 0.009 0.028 0.545 0.385 
  85 A X   0.034 0.004 0.001 0.009 0.015 0.036 0.533 0.368 
  86 D X   0.047 0.006 0.001 0.012 0.022 0.044 0.521 0.346 
  87 I X   0.062 0.009 0.002 0.015 0.030 0.051 0.510 0.321 
  88 L X   0.075 0.012 0.002 0.019 0.037 0.055 0.500 0.299 
  89 E X   0.086 0.015 0.002 0.022 0.042 0.057 0.493 0.283 
  90 V X   0.096 0.016 0.002 0.023 0.045 0.058 0.488 0.273 
  91 G X   0.102 0.016 0.002 0.022 0.045 0.057 0.484 0.271 
  92 M X   0.106 0.016 0.002 0.020 0.042 0.054 0.483 0.278 
  93 L X   0.106 0.014 0.002 0.017 0.037 0.050 0.483 0.292 
  94 L X   0.103 0.011 0.002 0.013 0.031 0.046 0.483 0.311 
  95 S X   0.097 0.008 0.001 0.010 0.025 0.041 0.485 0.332 
  96 K X   0.088 0.006 0.001 0.008 0.020 0.037 0.487 0.353 
  97 I X   0.078 0.005 0.001 0.007 0.015 0.033 0.490 0.372 
  98 N X   0.068 0.004 0.001 0.006 0.012 0.029 0.492 0.387 
  99 S X   0.059 0.004 0.001 0.007 0.010 0.026 0.495 0.399 
 100 L X   0.051 0.004 0.001 0.008 0.009 0.023 0.498 0.407 
 101 A X   0.043 0.004 0.001 0.010 0.008 0.020 0.501 0.414 
 102 H X   0.036 0.004 0.001 0.010 0.007 0.018 0.504 0.421 
 103 L X   0.029 0.004 0.001 0.011 0.006 0.015 0.507 0.427 
 104 R X   0.023 0.004 0.001 0.010 0.005 0.013 0.510 0.434 
 105 A X   0.019 0.003 0.000 0.009 0.004 0.011 0.513 0.441 
 106 A X   0.015 0.003 0.000 0.008 0.003 0.009 0.516 0.447 
 107 P X   0.012 0.002 0.000 0.006 0.003 0.007 0.518 0.452 
 108 C X   0.009 0.002 0.000 0.005 0.002 0.006 0.520 0.455 
 109 N X   0.008 0.002 0.000 0.004 0.002 0.006 0.521 0.458 
 110 D X   0.007 0.001 0.000 0.004 0.002 0.005 0.522 0.459 
 111 L X   0.006 0.001 0.000 0.004 0.001 0.005 0.523 0.459 
 112 H X   0.006 0.001 0.000 0.004 0.001 0.005 0.523 0.460 
 113 A X   0.005 0.001 0.000 0.005 0.001 0.004 0.522 0.460 
 114 T X   0.005 0.001 0.000 0.005 0.001 0.004 0.521 0.462 
 115 K X   0.005 0.002 0.000 0.005 0.001 0.004 0.519 0.464 
 116 L X   0.004 0.002 0.000 0.005 0.001 0.004 0.517 0.467 
 117 A X   0.004 0.002 0.000 0.004 0.001 0.004 0.513 0.472 
 118 P X   0.004 0.002 0.000 0.004 0.001 0.004 0.508 0.477 
 119 G X   0.003 0.002 0.000 0.004 0.001 0.004 0.503 0.483 
 120 K X   0.003 0.003 0.000 0.004 0.001 0.004 0.495 0.490 
 121 E _   0.003 0.004 0.000 0.004 0.001 0.004 0.486 0.497 
 122 K _   0.003 0.006 0.000 0.004 0.001 0.005 0.475 0.504 
 123 E _   0.003 0.010 0.000 0.006 0.002 0.006 0.461 0.511 
 124 P _   0.004 0.018 0.000 0.008 0.003 0.008 0.444 0.516 
 125 L _   0.004 0.031 0.001 0.012 0.004 0.010 0.422 0.516 
 126 E _   0.005 0.053 0.001 0.017 0.006 0.013 0.396 0.510 
 127 S _   0.005 0.086 0.001 0.023 0.008 0.015 0.365 0.496 
 128 Q _   0.006 0.128 0.001 0.028 0.010 0.017 0.332 0.476 
 129 Y _   0.006 0.175 0.002 0.034 0.011 0.019 0.300 0.454 
 130 Q _   0.006 0.220 0.002 0.037 0.012 0.020 0.270 0.433 
 131 V _   0.006 0.261 0.002 0.039 0.013 0.021 0.244 0.414 
 132 G _   0.006 0.294 0.001 0.039 0.013 0.022 0.223 0.401 
 133 P _   0.007 0.320 0.001 0.038 0.014 0.023 0.205 0.392 
 134 L _   0.008 0.340 0.001 0.036 0.014 0.024 0.190 0.386 
 135 L _   0.008 0.355 0.001 0.035 0.015 0.025 0.177 0.383 
 136 G _   0.009 0.367 0.001 0.034 0.016 0.026 0.166 0.380 
 137 S _   0.011 0.375 0.001 0.033 0.017 0.027 0.156 0.379 
 138 G E   0.012 0.383 0.001 0.033 0.018 0.028 0.148 0.377 
 139 G E   0.013 0.388 0.001 0.034 0.019 0.028 0.140 0.376 
 140 F E   0.015 0.390 0.001 0.035 0.020 0.029 0.134 0.376 
 141 G E   0.016 0.390 0.001 0.037 0.020 0.028 0.128 0.379 
 142 S _   0.016 0.386 0.001 0.038 0.020 0.027 0.124 0.387 
 143 V _   0.017 0.376 0.001 0.038 0.019 0.026 0.121 0.401 
 144 Y _   0.017 0.359 0.002 0.037 0.018 0.025 0.118 0.425 
 145 S _   0.017 0.333 0.002 0.034 0.017 0.023 0.117 0.458 
 146 G _   0.017 0.297 0.002 0.030 0.015 0.022 0.115 0.502 
 147 I _   0.016 0.253 0.002 0.025 0.013 0.021 0.115 0.556 
 148 R _   0.016 0.208 0.001 0.020 0.011 0.019 0.114 0.611 
 149 V _   0.015 0.168 0.001 0.015 0.009 0.018 0.114 0.660 
 150 S _   0.013 0.141 0.001 0.011 0.007 0.017 0.113 0.696 
 151 D _   0.012 0.125 0.001 0.010 0.006 0.017 0.112 0.719 
 152 N _   0.012 0.116 0.001 0.009 0.005 0.016 0.110 0.730 
 153 L _   0.011 0.112 0.001 0.010 0.005 0.016 0.109 0.735 
 154 P _   0.012 0.111 0.001 0.013 0.006 0.017 0.107 0.734 
 155 V _   0.012 0.112 0.001 0.016 0.007 0.017 0.105 0.731 
 156 A _   0.012 0.112 0.001 0.020 0.008 0.017 0.103 0.727 
 157 I _   0.012 0.112 0.001 0.023 0.009 0.017 0.101 0.725 
 158 K _   0.012 0.110 0.001 0.025 0.009 0.016 0.100 0.727 
 159 H _   0.011 0.105 0.001 0.025 0.009 0.016 0.099 0.735 
 160 V _   0.011 0.098 0.001 0.024 0.008 0.014 0.098 0.746 
 161 E _   0.010 0.088 0.001 0.021 0.007 0.013 0.098 0.762 
 162 K _   0.009 0.076 0.001 0.018 0.006 0.012 0.097 0.780 
 163 D _   0.009 0.064 0.001 0.015 0.005 0.011 0.097 0.799 
 164 R _   0.009 0.053 0.001 0.012 0.004 0.010 0.097 0.815 
 165 I _   0.008 0.043 0.000 0.010 0.004 0.009 0.097 0.829 
 166 S _   0.007 0.036 0.000 0.008 0.003 0.009 0.096 0.839 
 167 D _   0.007 0.032 0.000 0.007 0.003 0.008 0.096 0.847 
 168 W _   0.007 0.029 0.000 0.006 0.003 0.008 0.094 0.853 
 169 G _   0.007 0.027 0.000 0.006 0.003 0.008 0.093 0.856 
 170 E _   0.007 0.026 0.000 0.006 0.003 0.009 0.091 0.858 
 171 L _   0.007 0.027 0.000 0.006 0.003 0.009 0.089 0.859 
 172 P _   0.007 0.028 0.000 0.007 0.003 0.011 0.087 0.857 
 173 N _   0.008 0.031 0.000 0.008 0.004 0.012 0.084 0.852 
 174 G _   0.009 0.037 0.001 0.010 0.005 0.015 0.081 0.843 
 175 T _   0.010 0.045 0.001 0.013 0.007 0.017 0.078 0.829 
 176 R _   0.012 0.056 0.001 0.017 0.009 0.020 0.074 0.810 
 177 V _   0.013 0.069 0.001 0.023 0.011 0.023 0.070 0.789 
 178 P _   0.014 0.082 0.001 0.029 0.014 0.026 0.067 0.768 
 179 M _   0.014 0.093 0.001 0.034 0.015 0.028 0.064 0.751 
 180 E _   0.015 0.100 0.001 0.037 0.016 0.029 0.061 0.741 
 181 V _   0.015 0.103 0.001 0.038 0.017 0.030 0.059 0.737 
 182 V _   0.016 0.104 0.001 0.036 0.016 0.031 0.057 0.739 
 183 L _   0.017 0.101 0.001 0.031 0.015 0.031 0.055 0.748 
 184 L _   0.018 0.096 0.001 0.025 0.013 0.031 0.054 0.761 
 185 K _   0.019 0.089 0.001 0.019 0.012 0.032 0.053 0.775 
 186 K _   0.021 0.082 0.001 0.015 0.011 0.033 0.052 0.785 
 187 V _   0.024 0.077 0.001 0.011 0.011 0.034 0.051 0.790 
 188 S _   0.028 0.074 0.001 0.010 0.012 0.037 0.050 0.789 
 189 S _   0.033 0.075 0.001 0.010 0.014 0.040 0.049 0.778 
 190 G _   0.040 0.078 0.001 0.013 0.018 0.043 0.047 0.760 
 191 F _   0.046 0.085 0.001 0.018 0.022 0.046 0.046 0.734 
 192 S _   0.052 0.094 0.002 0.026 0.026 0.047 0.046 0.707 
 193 G _   0.055 0.103 0.002 0.034 0.029 0.048 0.045 0.684 
 194 V _   0.058 0.108 0.002 0.040 0.031 0.047 0.045 0.669 
 195 I _   0.058 0.110 0.002 0.044 0.031 0.045 0.045 0.666 
 196 R _   0.056 0.107 0.002 0.043 0.029 0.042 0.045 0.675 
 197 L _   0.053 0.099 0.002 0.039 0.025 0.038 0.046 0.699 
 198 L _   0.047 0.084 0.002 0.032 0.021 0.034 0.047 0.733 
 199 D _   0.042 0.064 0.002 0.024 0.016 0.029 0.049 0.775 
 200 W _   0.035 0.043 0.001 0.016 0.012 0.025 0.050 0.817 
 201 F _   0.029 0.026 0.001 0.011 0.008 0.021 0.051 0.852 
 202 E _   0.024 0.016 0.001 0.007 0.006 0.018 0.052 0.876 
 203 R _   0.021 0.011 0.001 0.006 0.005 0.016 0.052 0.889 
 204 P _   0.018 0.009 0.000 0.005 0.004 0.015 0.053 0.895 
 205 D _   0.017 0.008 0.000 0.006 0.004 0.015 0.053 0.897 
 206 S _   0.016 0.008 0.001 0.008 0.005 0.015 0.053 0.895 
 207 F _   0.016 0.009 0.001 0.011 0.005 0.015 0.053 0.891 
 208 V _   0.015 0.010 0.001 0.014 0.006 0.015 0.052 0.887 
 209 L _   0.015 0.010 0.001 0.016 0.007 0.015 0.052 0.885 
 210 I _   0.014 0.010 0.001 0.017 0.007 0.014 0.052 0.886 
 211 L _   0.013 0.009 0.001 0.016 0.006 0.013 0.052 0.890 
 212 E _   0.012 0.008 0.001 0.013 0.005 0.012 0.052 0.897 
 213 R _   0.011 0.006 0.001 0.010 0.004 0.011 0.052 0.905 
 214 P _   0.010 0.004 0.000 0.007 0.003 0.010 0.051 0.912 
 215 E _   0.009 0.003 0.000 0.005 0.003 0.010 0.051 0.918 
 216 P _   0.009 0.003 0.000 0.004 0.003 0.010 0.050 0.920 
 217 V _   0.010 0.002 0.000 0.004 0.003 0.011 0.049 0.920 
 218 Q _   0.011 0.003 0.000 0.004 0.003 0.013 0.048 0.916 
 219 D _   0.014 0.004 0.000 0.006 0.005 0.016 0.047 0.908 
 220 L _   0.017 0.007 0.001 0.009 0.007 0.020 0.046 0.895 
 221 F _   0.019 0.011 0.001 0.014 0.010 0.024 0.044 0.877 
 222 D _   0.023 0.016 0.001 0.021 0.013 0.027 0.042 0.858 
 223 F _   0.025 0.021 0.001 0.027 0.016 0.030 0.040 0.839 
 224 I _   0.028 0.024 0.001 0.033 0.018 0.033 0.039 0.824 
 225 T _   0.031 0.026 0.001 0.035 0.020 0.034 0.037 0.815 
 226 E _   0.035 0.026 0.001 0.035 0.020 0.035 0.036 0.813 
 227 R _   0.038 0.024 0.001 0.032 0.019 0.034 0.035 0.817 
 228 G _   0.043 0.020 0.001 0.026 0.017 0.034 0.034 0.825 
 229 A _   0.049 0.014 0.001 0.019 0.014 0.033 0.034 0.835 
 230 L _   0.057 0.009 0.001 0.013 0.012 0.031 0.033 0.844 
 231 Q _   0.068 0.004 0.001 0.008 0.009 0.030 0.032 0.847 
 232 E _   0.082 0.002 0.001 0.005 0.008 0.030 0.031 0.842 
 233 E _   0.101 0.001 0.001 0.003 0.007 0.031 0.030 0.827 
 234 L _   0.126 0.000 0.001 0.002 0.008 0.032 0.029 0.802 
 235 A _   0.160 0.000 0.001 0.002 0.010 0.035 0.028 0.765 
 236 R _   0.201 0.000 0.001 0.002 0.014 0.039 0.027 0.717 
 237 S _   0.245 0.000 0.001 0.003 0.020 0.044 0.026 0.661 
 238 F _   0.288 0.000 0.002 0.004 0.027 0.048 0.025 0.605 
 239 F _   0.324 0.001 0.002 0.007 0.035 0.051 0.025 0.556 
 240 W _   0.348 0.002 0.002 0.009 0.041 0.053 0.025 0.520 
 241 Q _   0.362 0.003 0.002 0.012 0.044 0.053 0.025 0.498 
 242 V _   0.365 0.003 0.002 0.014 0.045 0.051 0.026 0.493 
 243 L _   0.358 0.004 0.002 0.014 0.043 0.049 0.027 0.503 
 244 E _   0.339 0.003 0.002 0.013 0.038 0.045 0.028 0.531 
 245 A _   0.310 0.003 0.002 0.011 0.032 0.041 0.030 0.571 
 246 V _   0.273 0.002 0.002 0.009 0.026 0.037 0.031 0.621 
 247 R _   0.231 0.001 0.001 0.007 0.020 0.033 0.033 0.673 
 248 H _   0.189 0.001 0.001 0.006 0.015 0.029 0.035 0.723 
 249 C _   0.150 0.001 0.001 0.006 0.012 0.026 0.037 0.766 
 250 H _   0.118 0.001 0.001 0.008 0.010 0.023 0.039 0.800 
 251 N _   0.091 0.002 0.001 0.009 0.009 0.021 0.041 0.827 
 252 C _   0.068 0.002 0.001 0.011 0.008 0.019 0.043 0.848 
 253 G _   0.051 0.003 0.001 0.012 0.007 0.017 0.044 0.865 
 254 V _   0.038 0.003 0.001 0.013 0.006 0.015 0.045 0.879 
 255 L _   0.028 0.003 0.001 0.012 0.005 0.013 0.046 0.891 
 256 H _   0.021 0.003 0.001 0.011 0.004 0.011 0.047 0.902 
 257 R _   0.015 0.003 0.000 0.009 0.004 0.010 0.048 0.911 
 258 D _   0.012 0.003 0.000 0.007 0.003 0.008 0.048 0.918 
 259 I _   0.009 0.003 0.000 0.006 0.003 0.008 0.049 0.922 
 260 K _   0.008 0.004 0.000 0.005 0.002 0.007 0.049 0.925 
 261 D _   0.007 0.004 0.000 0.005 0.002 0.007 0.049 0.925 
 262 E _   0.007 0.006 0.000 0.006 0.002 0.007 0.048 0.924 
 263 N _   0.007 0.008 0.000 0.006 0.003 0.008 0.048 0.920 
 264 I _   0.007 0.012 0.000 0.008 0.003 0.008 0.047 0.914 
 265 L _   0.007 0.017 0.000 0.009 0.003 0.009 0.047 0.907 
 266 I _   0.007 0.023 0.001 0.011 0.004 0.010 0.046 0.898 
 267 D _   0.008 0.030 0.001 0.013 0.005 0.011 0.045 0.889 
 268 L _   0.008 0.038 0.001 0.014 0.005 0.012 0.043 0.880 
 269 N _   0.008 0.045 0.001 0.015 0.005 0.013 0.042 0.871 
 270 R _   0.008 0.053 0.001 0.016 0.006 0.013 0.041 0.862 
 271 G _   0.008 0.060 0.001 0.016 0.006 0.014 0.040 0.854 
 272 E _   0.009 0.068 0.001 0.016 0.006 0.015 0.039 0.845 
 273 L _   0.010 0.076 0.001 0.017 0.007 0.016 0.038 0.836 
 274 K _   0.010 0.084 0.001 0.018 0.007 0.017 0.037 0.826 
 275 L _   0.011 0.093 0.001 0.019 0.008 0.018 0.036 0.815 
 276 I _   0.011 0.102 0.001 0.021 0.009 0.018 0.036 0.803 
 277 D _   0.012 0.110 0.001 0.023 0.010 0.019 0.035 0.790 
 278 F _   0.012 0.118 0.001 0.026 0.011 0.020 0.034 0.778 
 279 G _   0.013 0.125 0.001 0.030 0.012 0.020 0.033 0.766 
 280 S _   0.014 0.130 0.001 0.033 0.012 0.021 0.033 0.757 
 281 G _   0.014 0.132 0.001 0.035 0.013 0.021 0.033 0.751 
 282 A _   0.015 0.132 0.001 0.036 0.013 0.020 0.033 0.750 
 283 L _   0.015 0.128 0.001 0.036 0.012 0.019 0.033 0.756 
 284 L _   0.015 0.121 0.001 0.033 0.011 0.018 0.034 0.767 
 285 K _   0.014 0.110 0.001 0.030 0.010 0.016 0.035 0.784 
 286 D _   0.014 0.095 0.001 0.025 0.008 0.015 0.035 0.806 
 287 T _   0.013 0.077 0.001 0.020 0.007 0.013 0.036 0.832 
 288 V _   0.012 0.059 0.001 0.016 0.006 0.012 0.038 0.856 
 289 Y _   0.011 0.043 0.001 0.013 0.005 0.011 0.038 0.879 
 290 T _   0.010 0.030 0.001 0.010 0.004 0.010 0.039 0.897 
 291 D _   0.009 0.020 0.000 0.008 0.003 0.009 0.040 0.910 
 292 F _   0.009 0.014 0.000 0.007 0.003 0.008 0.040 0.919 
 293 D _   0.008 0.010 0.000 0.006 0.003 0.008 0.040 0.926 
 294 G _   0.007 0.007 0.000 0.005 0.002 0.008 0.040 0.930 
 295 T _   0.007 0.006 0.000 0.005 0.002 0.008 0.039 0.932 
 296 R _   0.007 0.005 0.000 0.006 0.003 0.008 0.038 0.932 
 297 V _   0.007 0.005 0.000 0.007 0.003 0.009 0.037 0.932 
 298 Y _   0.007 0.005 0.000 0.008 0.004 0.010 0.036 0.930 
 299 S _   0.008 0.005 0.000 0.010 0.004 0.011 0.034 0.926 
 300 P _   0.009 0.006 0.001 0.013 0.005 0.012 0.033 0.922 
 301 P _   0.009 0.007 0.001 0.016 0.006 0.013 0.032 0.917 
 302 E _   0.011 0.007 0.001 0.018 0.007 0.014 0.030 0.913 
 303 W _   0.012 0.007 0.001 0.018 0.007 0.015 0.029 0.912 
 304 I _   0.015 0.006 0.001 0.018 0.007 0.015 0.027 0.912 
 305 R _   0.018 0.005 0.001 0.015 0.007 0.014 0.026 0.914 
 306 Y _   0.024 0.004 0.001 0.012 0.006 0.014 0.024 0.916 
 307 H _   0.034 0.002 0.001 0.008 0.005 0.013 0.023 0.913 
 308 R _   0.050 0.001 0.001 0.005 0.005 0.013 0.021 0.904 
 309 Y _   0.077 0.000 0.001 0.003 0.005 0.013 0.019 0.882 
 310 H _   0.117 0.000 0.001 0.002 0.005 0.013 0.017 0.844 
 311 G _   0.178 0.000 0.001 0.002 0.006 0.014 0.014 0.785 
 312 R _   0.265 0.000 0.001 0.001 0.008 0.015 0.012 0.698 
 313 S _   0.377 0.000 0.001 0.001 0.010 0.016 0.009 0.585 
 314 A H   0.496 0.000 0.001 0.001 0.013 0.017 0.007 0.465 
 315 A H   0.610 0.000 0.001 0.001 0.016 0.017 0.005 0.349 
 316 V H   0.707 0.000 0.001 0.001 0.018 0.017 0.004 0.252 
 317 W H   0.775 0.000 0.001 0.001 0.020 0.015 0.003 0.185 
 318 S H   0.819 0.000 0.001 0.001 0.021 0.014 0.003 0.141 
 319 L H   0.846 0.000 0.001 0.001 0.022 0.013 0.003 0.115 
 320 G H   0.858 0.000 0.001 0.001 0.022 0.012 0.003 0.104 
 321 I H   0.859 0.000 0.001 0.001 0.023 0.011 0.003 0.102 
 322 L H   0.847 0.000 0.001 0.001 0.023 0.011 0.004 0.113 
 323 L H   0.821 0.000 0.001 0.001 0.023 0.011 0.005 0.137 
 324 Y H   0.779 0.000 0.002 0.002 0.023 0.011 0.006 0.177 
 325 D H   0.715 0.000 0.002 0.002 0.022 0.012 0.009 0.238 
 326 M H   0.628 0.000 0.002 0.003 0.020 0.012 0.013 0.323 
 327 V H   0.523 0.000 0.002 0.003 0.016 0.012 0.018 0.425 
 328 C _   0.411 0.000 0.001 0.003 0.013 0.012 0.024 0.535 
 329 G _   0.305 0.000 0.001 0.003 0.009 0.012 0.031 0.639 
 330 D _   0.215 0.000 0.001 0.003 0.007 0.011 0.037 0.727 
 331 I _   0.143 0.000 0.001 0.003 0.005 0.010 0.042 0.797 
 332 P _   0.092 0.000 0.001 0.002 0.003 0.009 0.046 0.847 
 333 F _   0.059 0.000 0.000 0.002 0.003 0.009 0.049 0.878 
 334 E _   0.040 0.000 0.000 0.002 0.002 0.010 0.051 0.894 
 335 H _   0.029 0.000 0.000 0.002 0.003 0.011 0.053 0.901 
 336 D _   0.025 0.001 0.000 0.003 0.003 0.014 0.054 0.899 
 337 E _   0.024 0.003 0.000 0.005 0.005 0.018 0.056 0.889 
 338 E _   0.025 0.008 0.001 0.009 0.008 0.023 0.057 0.870 
 339 I _   0.027 0.017 0.001 0.017 0.012 0.029 0.057 0.840 
 340 I _   0.029 0.031 0.001 0.027 0.018 0.034 0.058 0.802 
 341 R _   0.031 0.044 0.002 0.039 0.022 0.038 0.059 0.765 
 342 G _   0.031 0.054 0.002 0.049 0.026 0.041 0.061 0.737 
 343 Q _   0.032 0.059 0.002 0.055 0.028 0.042 0.063 0.720 
 344 V _   0.032 0.059 0.002 0.056 0.027 0.042 0.065 0.716 
 345 F _   0.032 0.056 0.002 0.051 0.025 0.041 0.069 0.725 
 346 F _   0.032 0.049 0.002 0.041 0.021 0.039 0.073 0.744 
 347 R _   0.032 0.037 0.001 0.029 0.017 0.038 0.077 0.769 
 348 Q _   0.034 0.023 0.001 0.018 0.013 0.036 0.081 0.794 
 349 R _   0.036 0.012 0.001 0.010 0.010 0.035 0.085 0.810 
 350 V _   0.040 0.006 0.001 0.005 0.008 0.036 0.088 0.816 
 351 S _   0.047 0.003 0.001 0.003 0.007 0.037 0.091 0.810 
 352 S _   0.058 0.003 0.001 0.003 0.009 0.041 0.094 0.792 
 353 E _   0.075 0.004 0.001 0.004 0.013 0.046 0.096 0.761 
 354 C _   0.094 0.007 0.001 0.007 0.021 0.053 0.099 0.717 
 355 Q _   0.114 0.017 0.002 0.013 0.032 0.060 0.102 0.659 
 356 H _   0.129 0.034 0.003 0.023 0.044 0.064 0.106 0.596 
 357 L _   0.138 0.055 0.003 0.036 0.052 0.065 0.112 0.540 
 358 I _   0.140 0.070 0.003 0.049 0.055 0.064 0.118 0.500 
 359 R _   0.136 0.079 0.003 0.058 0.055 0.060 0.127 0.481 
 360 W _   0.128 0.082 0.003 0.061 0.052 0.055 0.138 0.481 
 361 C _   0.116 0.080 0.003 0.057 0.045 0.049 0.150 0.500 
 362 L _   0.100 0.072 0.003 0.049 0.036 0.041 0.165 0.534 
 363 A _   0.082 0.057 0.002 0.036 0.026 0.034 0.181 0.581 
 364 L _   0.064 0.039 0.002 0.024 0.017 0.026 0.197 0.631 
 365 R _   0.048 0.023 0.001 0.014 0.010 0.020 0.211 0.673 
 366 P _   0.034 0.013 0.001 0.007 0.006 0.015 0.223 0.702 
 367 S _   0.024 0.008 0.000 0.004 0.003 0.012 0.231 0.717 
 368 D _   0.017 0.006 0.000 0.003 0.002 0.010 0.238 0.723 
 369 R _   0.013 0.006 0.000 0.003 0.002 0.009 0.244 0.723 
 370 P _   0.010 0.006 0.000 0.004 0.002 0.009 0.249 0.720 
 371 T _   0.009 0.008 0.000 0.005 0.002 0.009 0.253 0.713 
 372 F _   0.009 0.012 0.000 0.006 0.003 0.010 0.256 0.703 
 373 E _   0.008 0.019 0.000 0.008 0.004 0.010 0.260 0.690 
 374 E _   0.008 0.028 0.001 0.010 0.004 0.011 0.262 0.676 
 375 I _   0.008 0.038 0.001 0.012 0.005 0.012 0.265 0.660 
 376 Q _   0.008 0.050 0.001 0.014 0.005 0.013 0.268 0.643 
 377 N _   0.008 0.061 0.001 0.015 0.006 0.013 0.270 0.626 
 378 H _   0.008 0.073 0.001 0.015 0.006 0.014 0.274 0.609 
 379 P _   0.008 0.086 0.001 0.016 0.007 0.015 0.277 0.591 
 380 W _   0.008 0.099 0.001 0.017 0.007 0.016 0.281 0.571 
 381 M _   0.009 0.112 0.001 0.018 0.008 0.017 0.285 0.551 
 382 Q _   0.009 0.126 0.001 0.019 0.008 0.018 0.289 0.529 
 383 D _   0.010 0.140 0.001 0.021 0.009 0.018 0.294 0.507 
 384 V _   0.010 0.153 0.001 0.022 0.010 0.019 0.299 0.485 
 385 L _   0.011 0.166 0.001 0.024 0.010 0.020 0.305 0.463 
 386 L _   0.011 0.177 0.001 0.026 0.011 0.021 0.311 0.442 
 387 P _   0.011 0.187 0.001 0.029 0.011 0.021 0.318 0.422 
 388 Q _   0.012 0.195 0.001 0.031 0.012 0.021 0.326 0.401 
 389 E _   0.012 0.201 0.001 0.035 0.013 0.022 0.335 0.382 
 390 T _   0.012 0.205 0.001 0.038 0.013 0.021 0.345 0.365 
 391 A X   0.012 0.206 0.001 0.041 0.013 0.021 0.357 0.349 
 392 E X   0.012 0.204 0.001 0.043 0.013 0.020 0.371 0.336 
 393 I X   0.011 0.199 0.001 0.044 0.012 0.019 0.388 0.325 
 394 H X   0.011 0.190 0.001 0.042 0.011 0.017 0.408 0.319 
 395 L X   0.010 0.174 0.001 0.039 0.010 0.016 0.432 0.318 
 396 H X   0.009 0.153 0.001 0.034 0.009 0.014 0.457 0.324 
 397 S X   0.008 0.125 0.001 0.028 0.008 0.011 0.486 0.334 
 398 L X   0.006 0.095 0.001 0.021 0.006 0.009 0.516 0.346 
 399 S X   0.004 0.064 0.001 0.014 0.004 0.006 0.546 0.360 
 400 P X   0.002 0.036 0.000 0.008 0.002 0.003 0.573 0.374 
 401 G X   0.001 0.016 0.000 0.004 0.000 0.001 0.591 0.387 
 402 P X   0.000 0.008 0.000 0.002 0.000 0.000 0.596 0.394 
 403 S X   0.000 0.006 0.000 0.002 0.000 0.000 0.596 0.396 
 404 K X   0.002 0.006 0.001 0.008 0.002 0.002 0.586 0.393 
