#TopoPred_TM8: 8-state transmembrane topology prediction results by no_profile mode 
#probabilities are in the order of H E C I L F X _, the 8 transmembrane topology types used in PDBTM 
   1 M X   0.013 0.001 0.002 0.051 0.009 0.010 0.724 0.189 
   2 S X   0.005 0.001 0.000 0.031 0.002 0.005 0.743 0.214 
   3 T X   0.002 0.001 0.000 0.018 0.001 0.004 0.746 0.229 
   4 G X   0.001 0.001 0.000 0.014 0.001 0.004 0.742 0.236 
   5 D X   0.002 0.002 0.000 0.014 0.001 0.006 0.734 0.242 
   6 S X   0.003 0.003 0.000 0.015 0.002 0.008 0.722 0.247 
   7 F X   0.004 0.006 0.000 0.018 0.003 0.010 0.709 0.251 
   8 E X   0.005 0.010 0.000 0.022 0.004 0.011 0.693 0.255 
   9 T X   0.005 0.014 0.001 0.027 0.005 0.012 0.676 0.261 
  10 R X   0.005 0.018 0.001 0.031 0.005 0.012 0.660 0.268 
  11 F X   0.004 0.020 0.001 0.033 0.006 0.012 0.646 0.278 
  12 E X   0.004 0.022 0.001 0.032 0.006 0.011 0.635 0.290 
  13 K X   0.004 0.022 0.001 0.029 0.005 0.010 0.626 0.303 
  14 M X   0.004 0.022 0.001 0.025 0.005 0.009 0.618 0.318 
  15 D X   0.004 0.020 0.000 0.020 0.004 0.008 0.612 0.333 
  16 N X   0.004 0.018 0.000 0.015 0.003 0.007 0.607 0.347 
  17 L X   0.004 0.016 0.000 0.011 0.002 0.006 0.602 0.360 
  18 L X   0.003 0.014 0.000 0.008 0.002 0.005 0.596 0.371 
  19 R X   0.003 0.012 0.000 0.006 0.001 0.005 0.591 0.381 
  20 D X   0.003 0.011 0.000 0.005 0.001 0.004 0.584 0.391 
  21 P X   0.003 0.011 0.000 0.004 0.001 0.004 0.577 0.400 
  22 K X   0.003 0.011 0.000 0.004 0.001 0.004 0.567 0.409 
  23 S X   0.003 0.012 0.000 0.004 0.001 0.005 0.556 0.419 
  24 E X   0.003 0.013 0.000 0.005 0.002 0.005 0.543 0.429 
  25 V X   0.003 0.017 0.000 0.006 0.002 0.006 0.527 0.438 
  26 N X   0.004 0.022 0.000 0.008 0.003 0.008 0.508 0.446 
  27 S X   0.004 0.032 0.001 0.011 0.004 0.010 0.486 0.452 
  28 D X   0.005 0.048 0.001 0.016 0.005 0.012 0.460 0.453 
  29 C _   0.005 0.070 0.001 0.022 0.007 0.015 0.431 0.449 
  30 L _   0.006 0.099 0.001 0.028 0.009 0.017 0.401 0.439 
  31 L _   0.006 0.129 0.001 0.035 0.011 0.018 0.371 0.427 
  32 D _   0.006 0.157 0.001 0.041 0.012 0.019 0.346 0.417 
  33 G _   0.007 0.180 0.001 0.046 0.013 0.020 0.324 0.409 
  34 L _   0.007 0.195 0.001 0.048 0.013 0.020 0.307 0.408 
  35 D _   0.007 0.205 0.001 0.049 0.013 0.020 0.293 0.411 
  36 A _   0.008 0.210 0.001 0.049 0.013 0.019 0.282 0.418 
  37 L _   0.008 0.210 0.001 0.047 0.012 0.019 0.273 0.430 
  38 V _   0.008 0.207 0.001 0.043 0.011 0.018 0.266 0.446 
  39 Y _   0.008 0.200 0.001 0.039 0.010 0.017 0.260 0.465 
  40 D _   0.008 0.190 0.001 0.034 0.009 0.015 0.255 0.486 
  41 L _   0.009 0.175 0.001 0.030 0.008 0.014 0.252 0.511 
  42 D _   0.009 0.158 0.001 0.026 0.007 0.013 0.248 0.538 
  43 F _   0.009 0.139 0.001 0.022 0.006 0.012 0.246 0.566 
  44 P _   0.008 0.119 0.001 0.019 0.005 0.011 0.243 0.594 
  45 A _   0.008 0.099 0.001 0.015 0.005 0.010 0.241 0.621 
  46 L _   0.007 0.082 0.001 0.013 0.004 0.009 0.238 0.646 
  47 R _   0.007 0.068 0.000 0.010 0.003 0.008 0.235 0.668 
  48 K _   0.006 0.058 0.000 0.008 0.003 0.008 0.231 0.686 
  49 N _   0.005 0.050 0.000 0.007 0.002 0.007 0.227 0.700 
  50 K _   0.005 0.046 0.000 0.007 0.002 0.007 0.223 0.710 
  51 N _   0.005 0.044 0.000 0.007 0.002 0.007 0.218 0.717 
  52 I _   0.005 0.043 0.000 0.007 0.003 0.007 0.212 0.722 
  53 D _   0.005 0.043 0.000 0.009 0.003 0.008 0.207 0.725 
  54 N _   0.005 0.045 0.000 0.010 0.003 0.009 0.201 0.727 
  55 F _   0.006 0.046 0.000 0.012 0.004 0.009 0.194 0.728 
  56 L _   0.006 0.048 0.001 0.014 0.004 0.010 0.188 0.729 
  57 S _   0.006 0.050 0.001 0.016 0.005 0.010 0.181 0.731 
  58 R _   0.006 0.051 0.001 0.017 0.005 0.010 0.176 0.734 
  59 Y _   0.006 0.052 0.001 0.018 0.005 0.011 0.170 0.738 
  60 K _   0.006 0.053 0.001 0.018 0.005 0.011 0.165 0.742 
  61 D _   0.006 0.053 0.001 0.018 0.005 0.011 0.160 0.747 
  62 T _   0.006 0.052 0.001 0.017 0.005 0.011 0.156 0.752 
  63 I _   0.006 0.052 0.001 0.017 0.005 0.011 0.152 0.757 
  64 N _   0.006 0.051 0.001 0.017 0.005 0.011 0.148 0.761 
  65 K _   0.007 0.049 0.001 0.017 0.005 0.011 0.145 0.765 
  66 I _   0.007 0.048 0.001 0.017 0.005 0.011 0.142 0.770 
  67 R _   0.007 0.046 0.001 0.017 0.005 0.011 0.139 0.776 
  68 D _   0.007 0.043 0.001 0.016 0.005 0.010 0.136 0.783 
  69 L _   0.007 0.040 0.001 0.014 0.005 0.010 0.133 0.791 
  70 R _   0.007 0.036 0.001 0.012 0.004 0.010 0.131 0.799 
  71 M _   0.007 0.033 0.000 0.010 0.004 0.010 0.128 0.807 
  72 K _   0.007 0.031 0.000 0.009 0.004 0.010 0.126 0.814 
  73 A _   0.007 0.029 0.000 0.007 0.003 0.010 0.123 0.819 
  74 E _   0.008 0.028 0.000 0.007 0.003 0.011 0.120 0.822 
  75 D _   0.008 0.028 0.000 0.007 0.004 0.012 0.118 0.822 
  76 Y _   0.010 0.030 0.001 0.008 0.004 0.014 0.114 0.820 
  77 E _   0.011 0.033 0.001 0.009 0.005 0.016 0.111 0.814 
  78 V _   0.013 0.038 0.001 0.011 0.007 0.018 0.108 0.805 
  79 V _   0.015 0.045 0.001 0.013 0.008 0.021 0.104 0.792 
  80 K _   0.018 0.054 0.001 0.017 0.010 0.024 0.100 0.777 
  81 V _   0.020 0.063 0.001 0.020 0.013 0.027 0.096 0.760 
  82 I _   0.022 0.072 0.001 0.024 0.015 0.029 0.092 0.744 
  83 G _   0.024 0.081 0.001 0.027 0.018 0.031 0.089 0.729 
  84 R _   0.026 0.087 0.001 0.031 0.019 0.032 0.086 0.717 
  85 G _   0.027 0.092 0.001 0.033 0.020 0.033 0.084 0.709 
  86 A _   0.027 0.094 0.001 0.035 0.021 0.033 0.082 0.707 
  87 F _   0.027 0.094 0.001 0.035 0.020 0.032 0.081 0.710 
  88 G _   0.026 0.091 0.001 0.034 0.018 0.030 0.080 0.720 
  89 E _   0.024 0.085 0.001 0.031 0.016 0.028 0.080 0.735 
  90 V _   0.023 0.077 0.001 0.026 0.013 0.025 0.079 0.755 
  91 Q _   0.021 0.066 0.001 0.021 0.011 0.023 0.079 0.778 
  92 L _   0.020 0.054 0.001 0.016 0.009 0.021 0.080 0.801 
  93 V _   0.018 0.042 0.001 0.011 0.007 0.019 0.080 0.822 
  94 R _   0.017 0.034 0.001 0.008 0.005 0.018 0.079 0.838 
  95 H _   0.016 0.029 0.001 0.006 0.005 0.018 0.079 0.847 
  96 K _   0.016 0.027 0.000 0.005 0.005 0.018 0.078 0.850 
  97 S _   0.017 0.027 0.001 0.006 0.005 0.020 0.078 0.848 
  98 T _   0.019 0.029 0.001 0.007 0.006 0.022 0.077 0.840 
  99 R _   0.021 0.033 0.001 0.010 0.008 0.024 0.076 0.826 
 100 K _   0.023 0.041 0.001 0.015 0.011 0.027 0.074 0.807 
 101 V _   0.025 0.050 0.001 0.021 0.014 0.029 0.073 0.786 
 102 Y _   0.027 0.060 0.001 0.027 0.016 0.030 0.072 0.766 
 103 A _   0.028 0.068 0.001 0.032 0.018 0.030 0.071 0.752 
 104 M _   0.028 0.072 0.001 0.036 0.019 0.030 0.070 0.743 
 105 K _   0.028 0.074 0.001 0.038 0.018 0.029 0.070 0.741 
 106 L _   0.027 0.073 0.001 0.037 0.017 0.027 0.071 0.746 
 107 L _   0.025 0.069 0.001 0.034 0.016 0.025 0.071 0.758 
 108 S _   0.024 0.062 0.001 0.030 0.013 0.022 0.073 0.775 
 109 K _   0.022 0.052 0.001 0.025 0.011 0.020 0.074 0.796 
 110 F _   0.019 0.040 0.001 0.019 0.008 0.017 0.075 0.819 
 111 E _   0.017 0.028 0.001 0.014 0.006 0.015 0.077 0.842 
 112 M _   0.015 0.018 0.001 0.010 0.005 0.012 0.078 0.862 
 113 I _   0.013 0.011 0.000 0.007 0.003 0.011 0.078 0.877 
 114 K _   0.011 0.006 0.000 0.005 0.003 0.010 0.078 0.887 
 115 R _   0.010 0.004 0.000 0.004 0.002 0.009 0.078 0.893 
 116 S _   0.009 0.003 0.000 0.003 0.002 0.009 0.077 0.895 
 117 D _   0.009 0.003 0.000 0.004 0.002 0.010 0.076 0.895 
 118 S _   0.010 0.003 0.000 0.005 0.003 0.012 0.075 0.891 
 119 A _   0.011 0.004 0.000 0.007 0.004 0.014 0.074 0.885 
 120 F _   0.013 0.006 0.001 0.010 0.006 0.016 0.072 0.877 
 121 F _   0.014 0.009 0.001 0.014 0.007 0.019 0.070 0.867 
 122 W _   0.015 0.011 0.001 0.018 0.009 0.021 0.068 0.857 
 123 E _   0.016 0.014 0.001 0.021 0.011 0.023 0.066 0.849 
 124 E _   0.018 0.015 0.001 0.022 0.012 0.025 0.064 0.844 
 125 R _   0.019 0.016 0.001 0.022 0.012 0.026 0.063 0.842 
 126 D _   0.021 0.016 0.001 0.020 0.012 0.026 0.062 0.843 
 127 I _   0.023 0.015 0.001 0.017 0.011 0.027 0.060 0.845 
 128 M _   0.026 0.014 0.001 0.014 0.011 0.028 0.060 0.847 
 129 A _   0.029 0.013 0.001 0.011 0.010 0.029 0.059 0.848 
 130 F _   0.033 0.012 0.001 0.009 0.010 0.031 0.058 0.846 
 131 A _   0.037 0.012 0.001 0.009 0.011 0.032 0.057 0.840 
 132 N _   0.042 0.013 0.001 0.009 0.013 0.034 0.056 0.832 
 133 S _   0.046 0.015 0.001 0.011 0.015 0.037 0.056 0.819 
 134 P _   0.051 0.018 0.001 0.015 0.018 0.039 0.055 0.802 
 135 W _   0.054 0.023 0.001 0.021 0.021 0.040 0.054 0.785 
 136 V _   0.056 0.028 0.002 0.027 0.023 0.040 0.054 0.770 
 137 V _   0.056 0.031 0.002 0.032 0.024 0.039 0.054 0.762 
 138 Q _   0.053 0.032 0.002 0.034 0.023 0.037 0.054 0.764 
 139 L _   0.048 0.031 0.002 0.033 0.021 0.033 0.055 0.776 
 140 F _   0.042 0.028 0.001 0.029 0.017 0.029 0.056 0.797 
 141 Y _   0.036 0.023 0.001 0.022 0.013 0.025 0.056 0.823 
 142 A _   0.029 0.018 0.001 0.015 0.009 0.021 0.057 0.849 
 143 F _   0.024 0.012 0.001 0.010 0.006 0.018 0.057 0.872 
 144 Q _   0.019 0.009 0.001 0.006 0.005 0.016 0.057 0.888 
 145 D _   0.017 0.007 0.000 0.004 0.004 0.014 0.057 0.896 
 146 D _   0.015 0.007 0.000 0.004 0.004 0.014 0.057 0.899 
 147 R _   0.015 0.008 0.000 0.005 0.004 0.015 0.057 0.896 
 148 Y _   0.015 0.010 0.001 0.008 0.005 0.016 0.056 0.889 
 149 L _   0.016 0.015 0.001 0.013 0.007 0.017 0.055 0.877 
 150 Y _   0.016 0.020 0.001 0.018 0.009 0.018 0.054 0.863 
 151 M _   0.016 0.026 0.001 0.024 0.010 0.019 0.054 0.849 
 152 V _   0.016 0.031 0.001 0.028 0.011 0.019 0.053 0.840 
 153 M _   0.015 0.033 0.001 0.030 0.011 0.019 0.053 0.837 
 154 E _   0.014 0.034 0.001 0.030 0.011 0.018 0.053 0.840 
 155 Y _   0.013 0.033 0.001 0.027 0.010 0.016 0.053 0.847 
 156 M _   0.012 0.031 0.001 0.024 0.008 0.015 0.053 0.856 
 157 P _   0.011 0.028 0.001 0.021 0.007 0.014 0.053 0.866 
 158 G _   0.010 0.024 0.001 0.018 0.006 0.012 0.054 0.876 
 159 G _   0.009 0.020 0.001 0.015 0.005 0.011 0.054 0.884 
 160 D _   0.009 0.017 0.001 0.013 0.004 0.010 0.055 0.890 
 161 L _   0.009 0.014 0.001 0.012 0.004 0.010 0.056 0.896 
 162 V _   0.008 0.011 0.000 0.011 0.004 0.009 0.056 0.902 
 163 N _   0.008 0.008 0.000 0.009 0.003 0.008 0.056 0.907 
 164 L _   0.007 0.006 0.000 0.008 0.003 0.008 0.056 0.912 
 165 M _   0.007 0.004 0.000 0.007 0.002 0.007 0.056 0.917 
 166 S _   0.007 0.002 0.000 0.005 0.002 0.007 0.055 0.920 
 167 N _   0.008 0.001 0.000 0.004 0.002 0.007 0.055 0.922 
 168 Y _   0.010 0.001 0.000 0.004 0.002 0.008 0.053 0.922 
 169 D _   0.015 0.000 0.000 0.003 0.002 0.010 0.052 0.918 
 170 V _   0.023 0.000 0.000 0.003 0.003 0.012 0.050 0.908 
 171 P _   0.039 0.000 0.000 0.003 0.004 0.016 0.048 0.889 
 172 E _   0.066 0.000 0.001 0.004 0.006 0.021 0.045 0.858 
 173 K _   0.106 0.000 0.001 0.004 0.009 0.027 0.041 0.812 
 174 W _   0.159 0.000 0.001 0.005 0.013 0.034 0.037 0.749 
 175 A _   0.222 0.000 0.001 0.006 0.019 0.041 0.033 0.676 
 176 R _   0.293 0.000 0.002 0.006 0.027 0.048 0.029 0.595 
 177 F _   0.363 0.000 0.002 0.006 0.034 0.052 0.026 0.517 
 178 Y _   0.428 0.000 0.002 0.005 0.039 0.054 0.023 0.447 
 179 T H   0.484 0.000 0.002 0.005 0.043 0.055 0.022 0.389 
 180 A H   0.531 0.000 0.002 0.005 0.046 0.054 0.020 0.343 
 181 E H   0.567 0.000 0.002 0.005 0.046 0.051 0.019 0.309 
 182 V H   0.596 0.000 0.002 0.004 0.046 0.049 0.019 0.284 
 183 V H   0.613 0.000 0.002 0.004 0.044 0.046 0.019 0.272 
 184 L H   0.619 0.000 0.002 0.004 0.042 0.043 0.020 0.270 
 185 A H   0.616 0.000 0.002 0.004 0.040 0.041 0.021 0.278 
 186 L H   0.601 0.000 0.002 0.004 0.038 0.039 0.022 0.295 
 187 D H   0.576 0.000 0.002 0.004 0.036 0.037 0.024 0.321 
 188 A H   0.541 0.001 0.002 0.005 0.034 0.036 0.027 0.355 
 189 I H   0.494 0.001 0.002 0.007 0.032 0.035 0.030 0.399 
 190 H _   0.440 0.001 0.002 0.009 0.030 0.033 0.035 0.450 
 191 S _   0.380 0.002 0.002 0.012 0.027 0.031 0.040 0.506 
 192 M _   0.316 0.003 0.002 0.015 0.023 0.029 0.046 0.566 
 193 G _   0.252 0.003 0.002 0.017 0.019 0.026 0.052 0.629 
 194 F _   0.192 0.003 0.001 0.017 0.014 0.023 0.058 0.692 
 195 I _   0.138 0.003 0.001 0.015 0.011 0.019 0.064 0.750 
 196 H _   0.096 0.002 0.001 0.012 0.007 0.016 0.069 0.796 
 197 R _   0.065 0.002 0.001 0.009 0.005 0.013 0.073 0.832 
 198 D _   0.043 0.001 0.000 0.007 0.003 0.010 0.077 0.858 
 199 V _   0.028 0.001 0.000 0.005 0.002 0.008 0.079 0.876 
 200 K _   0.019 0.001 0.000 0.004 0.002 0.007 0.081 0.886 
 201 P _   0.013 0.001 0.000 0.004 0.002 0.006 0.083 0.892 
 202 D _   0.010 0.001 0.000 0.004 0.002 0.006 0.083 0.895 
 203 N _   0.008 0.001 0.000 0.004 0.002 0.006 0.084 0.896 
 204 M _   0.007 0.002 0.000 0.004 0.002 0.006 0.084 0.896 
 205 L _   0.006 0.003 0.000 0.005 0.002 0.006 0.083 0.894 
 206 L _   0.006 0.005 0.000 0.006 0.002 0.007 0.082 0.892 
 207 D _   0.006 0.008 0.000 0.007 0.002 0.008 0.080 0.889 
 208 K _   0.006 0.013 0.000 0.008 0.003 0.009 0.078 0.884 
 209 S _   0.006 0.018 0.000 0.010 0.003 0.010 0.076 0.877 
 210 G _   0.006 0.026 0.000 0.012 0.004 0.011 0.073 0.867 
 211 H _   0.006 0.036 0.001 0.015 0.005 0.012 0.070 0.855 
 212 L _   0.007 0.047 0.001 0.018 0.006 0.014 0.067 0.840 
 213 K _   0.008 0.059 0.001 0.022 0.007 0.015 0.064 0.824 
 214 L _   0.008 0.070 0.001 0.026 0.008 0.016 0.062 0.809 
 215 A _   0.009 0.078 0.001 0.029 0.009 0.016 0.060 0.798 
 216 D _   0.009 0.085 0.001 0.032 0.009 0.017 0.058 0.790 
 217 F _   0.009 0.088 0.001 0.032 0.010 0.017 0.056 0.787 
 218 G _   0.009 0.089 0.001 0.031 0.009 0.016 0.055 0.788 
 219 T _   0.010 0.088 0.001 0.029 0.009 0.016 0.055 0.794 
 220 C _   0.010 0.085 0.001 0.025 0.008 0.015 0.054 0.803 
 221 M _   0.009 0.080 0.001 0.021 0.007 0.014 0.054 0.813 
 222 K _   0.009 0.075 0.001 0.017 0.006 0.014 0.054 0.824 
 223 M _   0.009 0.069 0.001 0.014 0.006 0.013 0.054 0.835 
 224 N _   0.009 0.064 0.001 0.012 0.005 0.013 0.053 0.843 
 225 K _   0.009 0.061 0.001 0.011 0.005 0.012 0.053 0.847 
 226 E _   0.010 0.060 0.001 0.011 0.005 0.013 0.053 0.849 
 227 G _   0.010 0.059 0.001 0.012 0.005 0.013 0.052 0.849 
 228 M _   0.010 0.059 0.001 0.013 0.006 0.013 0.052 0.846 
 229 V _   0.011 0.059 0.001 0.015 0.006 0.014 0.052 0.842 
 230 R _   0.011 0.060 0.001 0.017 0.007 0.014 0.051 0.839 
 231 C _   0.011 0.060 0.001 0.019 0.007 0.014 0.051 0.837 
 232 D _   0.011 0.059 0.001 0.020 0.008 0.014 0.051 0.837 
 233 T _   0.011 0.057 0.001 0.020 0.007 0.014 0.051 0.839 
 234 A _   0.011 0.054 0.001 0.019 0.007 0.013 0.052 0.844 
 235 V _   0.010 0.050 0.001 0.017 0.006 0.012 0.052 0.851 
 236 G _   0.010 0.046 0.001 0.015 0.006 0.012 0.052 0.859 
 237 T _   0.009 0.041 0.001 0.014 0.005 0.011 0.053 0.866 
 238 P _   0.009 0.037 0.001 0.012 0.005 0.011 0.053 0.872 
 239 D _   0.008 0.034 0.001 0.012 0.004 0.010 0.053 0.877 
 240 Y _   0.008 0.032 0.001 0.012 0.004 0.010 0.054 0.880 
 241 I _   0.008 0.030 0.001 0.013 0.004 0.010 0.054 0.881 
 242 S _   0.008 0.029 0.001 0.014 0.005 0.010 0.054 0.880 
 243 P _   0.008 0.027 0.001 0.015 0.005 0.010 0.054 0.880 
 244 E _   0.008 0.026 0.001 0.017 0.005 0.010 0.054 0.880 
 245 V _   0.007 0.024 0.001 0.017 0.005 0.010 0.054 0.881 
 246 L _   0.007 0.022 0.001 0.017 0.005 0.010 0.054 0.885 
 247 K _   0.007 0.019 0.001 0.015 0.004 0.009 0.055 0.890 
 248 S _   0.006 0.016 0.000 0.013 0.004 0.008 0.055 0.897 
 249 Q _   0.006 0.012 0.000 0.011 0.003 0.008 0.055 0.905 
 250 G _   0.006 0.008 0.000 0.009 0.003 0.007 0.055 0.912 
 251 G _   0.006 0.005 0.000 0.007 0.002 0.007 0.055 0.918 
 252 D _   0.007 0.003 0.000 0.005 0.002 0.007 0.054 0.921 
 253 G _   0.009 0.002 0.000 0.004 0.002 0.008 0.054 0.921 
 254 Y _   0.013 0.001 0.000 0.004 0.002 0.009 0.053 0.918 
 255 Y _   0.022 0.000 0.000 0.003 0.002 0.011 0.052 0.909 
 256 G _   0.037 0.000 0.000 0.003 0.003 0.014 0.050 0.892 
 257 R _   0.064 0.000 0.001 0.003 0.005 0.019 0.048 0.861 
 258 E _   0.107 0.000 0.001 0.003 0.008 0.025 0.045 0.812 
 259 C _   0.167 0.000 0.001 0.004 0.012 0.032 0.042 0.743 
 260 D _   0.242 0.000 0.001 0.004 0.018 0.039 0.039 0.656 
 261 W _   0.323 0.000 0.002 0.004 0.027 0.047 0.035 0.562 
 262 W _   0.401 0.000 0.002 0.004 0.037 0.052 0.033 0.470 
 263 S H   0.466 0.000 0.002 0.005 0.047 0.056 0.031 0.393 
 264 V H   0.518 0.001 0.002 0.005 0.055 0.057 0.030 0.331 
 265 G H   0.555 0.001 0.002 0.006 0.061 0.057 0.030 0.288 
 266 V H   0.577 0.002 0.002 0.007 0.064 0.055 0.030 0.262 
 267 F H   0.584 0.002 0.003 0.008 0.065 0.052 0.032 0.254 
 268 L H   0.577 0.002 0.003 0.009 0.063 0.049 0.034 0.262 
 269 Y H   0.555 0.002 0.003 0.010 0.059 0.046 0.037 0.289 
 270 E H   0.515 0.002 0.003 0.010 0.052 0.042 0.040 0.335 
 271 M H   0.457 0.002 0.003 0.010 0.043 0.037 0.045 0.403 
 272 L _   0.385 0.001 0.002 0.008 0.032 0.033 0.051 0.487 
 273 V _   0.309 0.001 0.002 0.007 0.022 0.028 0.057 0.574 
 274 G _   0.235 0.000 0.001 0.005 0.014 0.024 0.063 0.657 
 275 D _   0.170 0.000 0.001 0.004 0.009 0.021 0.069 0.726 
 276 T _   0.121 0.000 0.001 0.003 0.006 0.018 0.073 0.776 
 277 P _   0.086 0.000 0.001 0.003 0.005 0.017 0.077 0.811 
 278 F _   0.062 0.001 0.001 0.003 0.005 0.017 0.080 0.831 
 279 Y _   0.047 0.002 0.001 0.005 0.005 0.018 0.083 0.840 
 280 A _   0.037 0.005 0.001 0.007 0.006 0.019 0.085 0.840 
 281 D _   0.031 0.012 0.001 0.011 0.008 0.021 0.087 0.829 
 282 S _   0.027 0.025 0.001 0.017 0.010 0.022 0.089 0.808 
 283 L _   0.024 0.042 0.001 0.026 0.013 0.024 0.091 0.780 
 284 V _   0.021 0.060 0.001 0.034 0.015 0.024 0.093 0.751 
 285 G _   0.019 0.074 0.001 0.042 0.016 0.024 0.095 0.728 
 286 T _   0.018 0.083 0.001 0.048 0.016 0.024 0.098 0.712 
 287 Y _   0.016 0.088 0.001 0.050 0.016 0.023 0.102 0.704 
 288 S _   0.015 0.089 0.001 0.049 0.015 0.021 0.106 0.703 
 289 K _   0.014 0.087 0.001 0.045 0.013 0.019 0.112 0.709 
 290 I _   0.013 0.082 0.001 0.040 0.011 0.017 0.118 0.718 
 291 M _   0.012 0.074 0.001 0.034 0.009 0.016 0.125 0.730 
 292 N _   0.011 0.064 0.001 0.028 0.007 0.014 0.132 0.743 
 293 H _   0.010 0.053 0.001 0.023 0.006 0.012 0.140 0.755 
 294 K _   0.009 0.043 0.001 0.018 0.005 0.011 0.148 0.765 
 295 N _   0.009 0.033 0.001 0.015 0.004 0.009 0.155 0.775 
 296 S _   0.008 0.024 0.000 0.012 0.003 0.008 0.162 0.782 
 297 L _   0.007 0.017 0.000 0.010 0.003 0.007 0.168 0.788 
 298 T _   0.006 0.012 0.000 0.008 0.002 0.006 0.173 0.793 
 299 F _   0.005 0.008 0.000 0.006 0.002 0.005 0.176 0.797 
 300 P _   0.005 0.006 0.000 0.005 0.001 0.005 0.179 0.800 
 301 D _   0.004 0.004 0.000 0.004 0.001 0.004 0.180 0.802 
 302 D _   0.004 0.003 0.000 0.003 0.001 0.004 0.181 0.804 
 303 N _   0.004 0.003 0.000 0.003 0.001 0.005 0.181 0.804 
 304 D _   0.004 0.004 0.000 0.003 0.001 0.007 0.179 0.802 
 305 I _   0.005 0.005 0.000 0.003 0.002 0.009 0.178 0.797 
 306 S _   0.008 0.009 0.000 0.005 0.003 0.014 0.175 0.786 
 307 K _   0.012 0.021 0.001 0.009 0.006 0.020 0.170 0.761 
 308 E _   0.017 0.045 0.001 0.016 0.011 0.028 0.164 0.717 
 309 A _   0.022 0.091 0.002 0.027 0.018 0.036 0.156 0.649 
 310 K _   0.025 0.151 0.002 0.039 0.026 0.042 0.147 0.567 
 311 N _   0.027 0.210 0.002 0.051 0.031 0.045 0.140 0.493 
 312 L _   0.029 0.252 0.002 0.061 0.034 0.047 0.134 0.441 
 313 I _   0.030 0.277 0.002 0.068 0.035 0.046 0.130 0.411 
 314 C _   0.031 0.289 0.002 0.071 0.035 0.045 0.128 0.398 
 315 A _   0.031 0.291 0.002 0.071 0.034 0.042 0.128 0.401 
 316 F _   0.030 0.286 0.002 0.066 0.031 0.039 0.128 0.418 
 317 L _   0.029 0.270 0.002 0.058 0.028 0.035 0.130 0.449 
 318 T _   0.028 0.243 0.002 0.047 0.023 0.031 0.132 0.493 
 319 D _   0.026 0.204 0.002 0.036 0.019 0.028 0.135 0.550 
 320 R _   0.024 0.159 0.002 0.026 0.014 0.024 0.139 0.611 
 321 E _   0.022 0.120 0.001 0.018 0.010 0.021 0.143 0.665 
 322 V _   0.019 0.092 0.001 0.012 0.007 0.019 0.145 0.706 
 323 R _   0.016 0.076 0.001 0.008 0.005 0.017 0.147 0.731 
 324 L _   0.014 0.067 0.000 0.006 0.004 0.015 0.148 0.744 
 325 G _   0.012 0.064 0.000 0.006 0.004 0.014 0.149 0.750 
 326 R _   0.012 0.064 0.000 0.006 0.004 0.014 0.149 0.750 
 327 N _   0.011 0.067 0.001 0.008 0.005 0.015 0.149 0.745 
 328 G _   0.011 0.073 0.001 0.011 0.006 0.016 0.149 0.734 
 329 V _   0.011 0.080 0.001 0.015 0.007 0.017 0.148 0.720 
 330 E _   0.012 0.089 0.001 0.020 0.008 0.017 0.147 0.705 
 331 E _   0.012 0.097 0.001 0.023 0.009 0.018 0.147 0.692 
 332 I _   0.012 0.102 0.001 0.026 0.010 0.018 0.148 0.683 
 333 K _   0.012 0.105 0.001 0.027 0.010 0.017 0.149 0.680 
 334 R _   0.011 0.105 0.001 0.026 0.009 0.017 0.150 0.681 
 335 H _   0.010 0.103 0.001 0.023 0.008 0.016 0.152 0.687 
 336 L _   0.010 0.099 0.001 0.019 0.007 0.015 0.154 0.695 
 337 F _   0.009 0.093 0.001 0.016 0.006 0.014 0.157 0.704 
 338 F _   0.009 0.088 0.001 0.012 0.005 0.013 0.159 0.713 
 339 K _   0.009 0.084 0.001 0.010 0.004 0.013 0.162 0.718 
 340 N _   0.009 0.081 0.000 0.008 0.004 0.013 0.164 0.720 
 341 D _   0.009 0.080 0.000 0.008 0.004 0.014 0.166 0.719 
 342 Q _   0.010 0.082 0.001 0.008 0.005 0.014 0.168 0.713 
 343 W _   0.011 0.085 0.001 0.009 0.005 0.016 0.169 0.704 
 344 A _   0.011 0.092 0.001 0.012 0.006 0.017 0.171 0.690 
 345 W _   0.012 0.101 0.001 0.015 0.008 0.018 0.172 0.674 
 346 E _   0.013 0.111 0.001 0.018 0.009 0.020 0.173 0.654 
 347 T _   0.014 0.123 0.001 0.022 0.011 0.021 0.175 0.634 
 348 L _   0.014 0.134 0.001 0.026 0.012 0.021 0.176 0.615 
 349 R _   0.014 0.144 0.001 0.029 0.013 0.022 0.179 0.598 
 350 D _   0.014 0.151 0.001 0.032 0.013 0.022 0.182 0.584 
 351 T _   0.014 0.155 0.001 0.035 0.014 0.021 0.185 0.574 
 352 V _   0.014 0.157 0.001 0.037 0.013 0.021 0.190 0.567 
 353 A _   0.013 0.157 0.001 0.037 0.013 0.020 0.195 0.564 
 354 P _   0.013 0.154 0.001 0.037 0.012 0.018 0.201 0.564 
 355 V _   0.013 0.148 0.001 0.035 0.011 0.017 0.209 0.567 
 356 V _   0.012 0.138 0.001 0.032 0.010 0.016 0.217 0.574 
 357 P _   0.011 0.125 0.001 0.029 0.008 0.014 0.227 0.584 
 358 D _   0.010 0.109 0.001 0.025 0.007 0.013 0.237 0.597 
 359 L _   0.010 0.092 0.001 0.021 0.006 0.011 0.248 0.611 
 360 S _   0.009 0.075 0.001 0.017 0.005 0.010 0.258 0.625 
 361 S _   0.008 0.060 0.001 0.013 0.004 0.009 0.268 0.638 
 362 D _   0.007 0.048 0.000 0.011 0.003 0.008 0.276 0.647 
 363 I _   0.007 0.039 0.000 0.009 0.002 0.007 0.283 0.652 
 364 D _   0.006 0.033 0.000 0.008 0.002 0.006 0.289 0.655 
 365 T _   0.006 0.028 0.000 0.007 0.002 0.006 0.294 0.657 
 366 S _   0.005 0.025 0.000 0.006 0.002 0.005 0.298 0.658 
 367 N _   0.005 0.023 0.000 0.006 0.001 0.005 0.301 0.658 
 368 F _   0.004 0.022 0.000 0.006 0.001 0.005 0.302 0.659 
 369 D _   0.004 0.022 0.000 0.006 0.001 0.005 0.303 0.659 
 370 D _   0.004 0.022 0.000 0.005 0.001 0.005 0.303 0.659 
 371 L _   0.004 0.023 0.000 0.005 0.001 0.005 0.302 0.660 
 372 E _   0.003 0.025 0.000 0.005 0.001 0.005 0.299 0.660 
 373 E _   0.003 0.028 0.000 0.006 0.001 0.006 0.296 0.660 
 374 D _   0.003 0.032 0.000 0.007 0.002 0.006 0.292 0.658 
 375 K _   0.004 0.041 0.000 0.008 0.002 0.008 0.286 0.652 
 376 G _   0.004 0.054 0.000 0.011 0.003 0.009 0.278 0.641 
 377 E _   0.005 0.075 0.001 0.014 0.004 0.011 0.269 0.623 
 378 E _   0.005 0.105 0.001 0.018 0.005 0.013 0.258 0.596 
 379 E _   0.006 0.145 0.001 0.022 0.007 0.014 0.245 0.560 
 380 T _   0.006 0.192 0.001 0.025 0.008 0.016 0.233 0.519 
 381 F _   0.006 0.242 0.001 0.027 0.009 0.017 0.221 0.477 
 382 P _   0.006 0.292 0.001 0.028 0.010 0.017 0.210 0.436 
 383 I _   0.006 0.338 0.001 0.028 0.010 0.017 0.201 0.398 
 384 P E   0.006 0.378 0.001 0.027 0.010 0.018 0.193 0.366 
 385 K E   0.006 0.413 0.001 0.026 0.010 0.018 0.187 0.338 
 386 A E   0.006 0.443 0.001 0.025 0.011 0.018 0.182 0.314 
 387 F E   0.007 0.468 0.001 0.024 0.011 0.018 0.178 0.293 
 388 V E   0.007 0.491 0.001 0.023 0.012 0.018 0.175 0.273 
 389 G E   0.007 0.511 0.001 0.023 0.012 0.018 0.172 0.255 
 390 N E   0.008 0.528 0.001 0.024 0.012 0.018 0.171 0.240 
 391 Q E   0.008 0.541 0.001 0.025 0.012 0.017 0.169 0.227 
 392 L E   0.008 0.550 0.001 0.026 0.012 0.017 0.169 0.218 
 393 P E   0.008 0.555 0.001 0.027 0.012 0.016 0.170 0.212 
 394 F E   0.008 0.555 0.001 0.028 0.011 0.015 0.171 0.211 
 395 V E   0.008 0.551 0.001 0.028 0.011 0.015 0.173 0.214 
 396 G E   0.008 0.541 0.001 0.029 0.011 0.014 0.176 0.221 
 397 F E   0.008 0.524 0.001 0.029 0.010 0.014 0.180 0.234 
 398 T E   0.008 0.499 0.001 0.029 0.010 0.013 0.186 0.254 
 399 Y E   0.008 0.464 0.001 0.029 0.010 0.013 0.193 0.281 
 400 Y E   0.009 0.419 0.001 0.028 0.010 0.013 0.203 0.316 
 401 S E   0.009 0.370 0.001 0.027 0.009 0.013 0.215 0.355 
 402 N _   0.009 0.319 0.001 0.026 0.008 0.013 0.228 0.396 
 403 R _   0.009 0.270 0.001 0.024 0.007 0.012 0.242 0.435 
 404 R _   0.008 0.225 0.001 0.022 0.006 0.012 0.255 0.471 
 405 Y _   0.008 0.185 0.001 0.019 0.005 0.011 0.268 0.503 
 406 L _   0.007 0.152 0.001 0.017 0.004 0.010 0.279 0.530 
 407 S _   0.007 0.124 0.001 0.015 0.004 0.009 0.288 0.553 
 408 S _   0.006 0.102 0.000 0.013 0.003 0.008 0.296 0.572 
 409 A _   0.005 0.084 0.000 0.010 0.002 0.007 0.303 0.587 
 410 N _   0.005 0.072 0.000 0.009 0.002 0.006 0.308 0.599 
 411 P _   0.004 0.063 0.000 0.007 0.002 0.006 0.311 0.606 
 412 N _   0.004 0.058 0.000 0.006 0.001 0.005 0.313 0.612 
 413 D _   0.004 0.054 0.000 0.006 0.001 0.005 0.315 0.615 
 414 N _   0.003 0.052 0.000 0.006 0.001 0.005 0.315 0.617 
 415 R _   0.003 0.051 0.000 0.006 0.001 0.005 0.314 0.619 
 416 T _   0.003 0.052 0.000 0.006 0.001 0.005 0.313 0.619 
 417 S _   0.003 0.053 0.000 0.006 0.001 0.006 0.311 0.619 
 418 S _   0.003 0.056 0.000 0.007 0.002 0.006 0.307 0.618 
 419 N _   0.003 0.061 0.000 0.008 0.002 0.007 0.303 0.615 
 420 A _   0.003 0.069 0.000 0.009 0.002 0.008 0.298 0.610 
 421 D _   0.004 0.080 0.000 0.011 0.003 0.010 0.292 0.601 
 422 K _   0.004 0.095 0.000 0.013 0.004 0.011 0.285 0.587 
 423 S _   0.005 0.115 0.001 0.016 0.005 0.013 0.278 0.568 
 424 L _   0.005 0.140 0.001 0.020 0.006 0.015 0.269 0.543 
 425 Q _   0.006 0.169 0.001 0.025 0.008 0.016 0.261 0.515 
 426 E _   0.006 0.198 0.001 0.029 0.009 0.018 0.254 0.485 
 427 S _   0.007 0.225 0.001 0.033 0.010 0.019 0.247 0.459 
 428 L _   0.007 0.246 0.001 0.037 0.011 0.019 0.242 0.437 
 429 Q _   0.008 0.261 0.001 0.040 0.012 0.019 0.239 0.421 
 430 K _   0.008 0.270 0.001 0.042 0.012 0.019 0.236 0.410 
 431 T _   0.009 0.274 0.001 0.043 0.013 0.019 0.235 0.406 
 432 I _   0.009 0.273 0.001 0.042 0.012 0.018 0.236 0.408 
 433 Y _   0.010 0.268 0.001 0.040 0.012 0.018 0.237 0.415 
 434 K _   0.010 0.257 0.001 0.037 0.011 0.017 0.239 0.428 
 435 L _   0.010 0.240 0.001 0.033 0.010 0.015 0.243 0.447 
 436 E _   0.010 0.215 0.001 0.029 0.009 0.014 0.248 0.473 
 437 E _   0.010 0.184 0.001 0.024 0.008 0.013 0.254 0.504 
 438 Q _   0.010 0.150 0.001 0.020 0.007 0.012 0.261 0.538 
 439 L _   0.010 0.118 0.001 0.016 0.006 0.011 0.267 0.571 
 440 H _   0.009 0.091 0.001 0.013 0.005 0.010 0.273 0.599 
 441 N _   0.008 0.071 0.001 0.011 0.004 0.009 0.278 0.619 
 442 E _   0.008 0.057 0.000 0.009 0.003 0.008 0.281 0.633 
 443 M _   0.007 0.047 0.000 0.008 0.003 0.008 0.284 0.643 
 444 Q _   0.006 0.040 0.000 0.007 0.002 0.007 0.287 0.650 
 445 L _   0.006 0.035 0.000 0.007 0.002 0.007 0.289 0.654 
 446 K _   0.005 0.032 0.000 0.007 0.002 0.007 0.290 0.657 
 447 D _   0.005 0.030 0.000 0.007 0.002 0.007 0.290 0.659 
 448 E _   0.005 0.028 0.000 0.007 0.002 0.006 0.290 0.660 
 449 M _   0.005 0.027 0.000 0.007 0.002 0.006 0.290 0.662 
 450 E _   0.005 0.026 0.000 0.008 0.002 0.006 0.290 0.662 
 451 Q _   0.005 0.026 0.000 0.008 0.002 0.006 0.289 0.663 
 452 K _   0.005 0.026 0.000 0.008 0.002 0.006 0.288 0.664 
 453 C _   0.004 0.027 0.000 0.008 0.002 0.007 0.287 0.664 
 454 R _   0.004 0.028 0.000 0.009 0.003 0.007 0.286 0.664 
 455 T _   0.004 0.029 0.000 0.010 0.003 0.007 0.285 0.662 
 456 S _   0.004 0.031 0.000 0.011 0.003 0.007 0.283 0.660 
 457 N _   0.005 0.033 0.000 0.013 0.003 0.008 0.282 0.657 
 458 I _   0.005 0.035 0.000 0.014 0.004 0.008 0.280 0.653 
 459 K _   0.005 0.038 0.000 0.016 0.004 0.008 0.279 0.649 
 460 L _   0.005 0.040 0.000 0.018 0.004 0.009 0.278 0.645 
 461 D _   0.005 0.041 0.001 0.020 0.004 0.009 0.278 0.642 
 462 K _   0.006 0.042 0.001 0.020 0.004 0.009 0.278 0.641 
 463 I _   0.005 0.041 0.000 0.019 0.004 0.008 0.279 0.642 
 464 M _   0.005 0.039 0.000 0.018 0.004 0.008 0.280 0.645 
 465 K _   0.005 0.037 0.000 0.015 0.003 0.007 0.282 0.650 
 466 E _   0.005 0.033 0.000 0.012 0.003 0.006 0.283 0.657 
 467 L _   0.005 0.030 0.000 0.009 0.002 0.006 0.285 0.663 
 468 D _   0.004 0.027 0.000 0.007 0.002 0.005 0.285 0.670 
 469 E _   0.004 0.024 0.000 0.005 0.001 0.005 0.286 0.675 
 470 E _   0.004 0.023 0.000 0.004 0.001 0.005 0.285 0.678 
 471 G _   0.003 0.024 0.000 0.004 0.001 0.005 0.284 0.679 
 472 N _   0.004 0.025 0.000 0.004 0.001 0.005 0.282 0.679 
 473 Q _   0.004 0.029 0.000 0.005 0.002 0.006 0.279 0.675 
 474 R _   0.004 0.036 0.000 0.007 0.002 0.008 0.275 0.668 
 475 R _   0.005 0.049 0.000 0.009 0.003 0.010 0.269 0.654 
 476 N _   0.006 0.069 0.001 0.013 0.005 0.011 0.263 0.632 
 477 L _   0.006 0.096 0.001 0.017 0.006 0.013 0.256 0.604 
 478 E _   0.006 0.126 0.001 0.021 0.007 0.014 0.249 0.575 
 479 S _   0.007 0.156 0.001 0.024 0.008 0.015 0.242 0.547 
 480 T _   0.007 0.182 0.001 0.026 0.009 0.016 0.237 0.522 
 481 V _   0.007 0.204 0.001 0.028 0.009 0.017 0.232 0.502 
 482 S _   0.007 0.221 0.001 0.029 0.010 0.017 0.229 0.486 
 483 Q _   0.007 0.232 0.001 0.030 0.010 0.017 0.227 0.476 
 484 I _   0.008 0.240 0.001 0.030 0.010 0.017 0.225 0.469 
 485 E _   0.008 0.245 0.001 0.030 0.010 0.017 0.225 0.465 
 486 K _   0.009 0.246 0.001 0.029 0.010 0.017 0.225 0.464 
 487 E _   0.009 0.245 0.001 0.028 0.010 0.016 0.226 0.465 
 488 K _   0.010 0.241 0.001 0.027 0.009 0.016 0.228 0.469 
 489 M _   0.010 0.235 0.001 0.026 0.009 0.015 0.230 0.476 
 490 L _   0.010 0.225 0.001 0.024 0.008 0.014 0.234 0.485 
 491 L _   0.010 0.212 0.001 0.023 0.007 0.013 0.238 0.496 
 492 Q _   0.010 0.197 0.001 0.021 0.007 0.012 0.242 0.510 
 493 H _   0.010 0.179 0.001 0.020 0.006 0.012 0.248 0.525 
 494 R _   0.009 0.159 0.001 0.018 0.006 0.011 0.254 0.541 
 495 I _   0.009 0.139 0.001 0.017 0.005 0.011 0.260 0.558 
 496 N _   0.009 0.119 0.001 0.016 0.005 0.010 0.267 0.574 
 497 E _   0.009 0.100 0.001 0.014 0.004 0.009 0.274 0.589 
 498 Y _   0.008 0.082 0.001 0.013 0.004 0.009 0.280 0.604 
 499 Q _   0.008 0.066 0.000 0.011 0.003 0.008 0.286 0.618 
 500 R _   0.007 0.052 0.000 0.009 0.003 0.007 0.291 0.630 
 501 K _   0.006 0.042 0.000 0.008 0.002 0.006 0.295 0.641 
 502 A _   0.005 0.034 0.000 0.006 0.002 0.005 0.298 0.650 
 503 E _   0.005 0.029 0.000 0.005 0.001 0.005 0.299 0.656 
 504 Q _   0.004 0.026 0.000 0.004 0.001 0.004 0.299 0.661 
 505 E _   0.004 0.024 0.000 0.004 0.001 0.004 0.299 0.664 
 506 N _   0.003 0.024 0.000 0.004 0.001 0.004 0.298 0.666 
 507 E _   0.003 0.024 0.000 0.004 0.001 0.005 0.295 0.667 
 508 K _   0.003 0.026 0.000 0.005 0.002 0.005 0.292 0.666 
 509 R _   0.003 0.031 0.000 0.007 0.002 0.006 0.288 0.662 
 510 R _   0.004 0.037 0.000 0.010 0.003 0.007 0.284 0.654 
 511 N _   0.004 0.047 0.000 0.014 0.004 0.009 0.279 0.644 
 512 V _   0.004 0.057 0.001 0.019 0.005 0.010 0.274 0.631 
 513 E _   0.004 0.068 0.001 0.024 0.005 0.011 0.269 0.619 
 514 N _   0.005 0.075 0.001 0.028 0.006 0.011 0.265 0.609 
 515 E _   0.005 0.081 0.001 0.031 0.006 0.011 0.262 0.604 
 516 V _   0.005 0.083 0.001 0.031 0.007 0.011 0.260 0.602 
 517 S _   0.005 0.084 0.001 0.030 0.006 0.011 0.259 0.604 
 518 T _   0.005 0.082 0.001 0.028 0.006 0.011 0.259 0.609 
 519 L _   0.005 0.078 0.001 0.025 0.006 0.010 0.260 0.616 
 520 K _   0.005 0.072 0.001 0.022 0.005 0.010 0.261 0.625 
 521 D _   0.005 0.065 0.001 0.018 0.004 0.009 0.264 0.634 
 522 Q _   0.005 0.057 0.000 0.016 0.004 0.009 0.266 0.643 
 523 L _   0.006 0.049 0.000 0.013 0.003 0.008 0.269 0.651 
 524 E _   0.006 0.042 0.000 0.011 0.003 0.008 0.271 0.659 
 525 D _   0.005 0.036 0.000 0.010 0.003 0.007 0.274 0.665 
 526 L _   0.005 0.031 0.000 0.009 0.003 0.007 0.276 0.669 
 527 K _   0.005 0.026 0.000 0.008 0.002 0.007 0.277 0.673 
 528 K _   0.005 0.023 0.000 0.008 0.002 0.006 0.279 0.677 
 529 V _   0.005 0.020 0.000 0.007 0.002 0.006 0.280 0.680 
 530 S _   0.005 0.018 0.000 0.007 0.002 0.006 0.280 0.682 
 531 Q _   0.005 0.016 0.000 0.007 0.002 0.006 0.281 0.684 
 532 N _   0.005 0.014 0.000 0.007 0.002 0.006 0.281 0.685 
 533 S _   0.005 0.013 0.000 0.007 0.002 0.006 0.281 0.686 
 534 Q _   0.005 0.013 0.000 0.007 0.002 0.006 0.281 0.687 
 535 L _   0.005 0.012 0.000 0.007 0.002 0.006 0.280 0.688 
 536 A _   0.005 0.012 0.000 0.007 0.002 0.006 0.279 0.688 
 537 N _   0.005 0.012 0.000 0.008 0.002 0.006 0.278 0.689 
 538 E _   0.005 0.012 0.000 0.008 0.002 0.006 0.277 0.689 
 539 K _   0.005 0.013 0.000 0.009 0.002 0.007 0.276 0.689 
 540 L _   0.005 0.013 0.000 0.009 0.003 0.007 0.274 0.689 
 541 S _   0.005 0.013 0.000 0.010 0.003 0.007 0.273 0.690 
 542 Q _   0.005 0.013 0.000 0.010 0.003 0.007 0.272 0.690 
 543 L _   0.005 0.013 0.000 0.010 0.003 0.007 0.271 0.691 
 544 Q _   0.005 0.013 0.000 0.010 0.003 0.007 0.269 0.693 
 545 K _   0.005 0.013 0.000 0.009 0.002 0.006 0.268 0.696 
 546 Q _   0.005 0.013 0.000 0.008 0.002 0.006 0.267 0.698 
 547 L _   0.004 0.013 0.000 0.008 0.002 0.006 0.265 0.701 
 548 E _   0.004 0.013 0.000 0.007 0.002 0.006 0.263 0.704 
 549 E _   0.004 0.013 0.000 0.006 0.002 0.006 0.261 0.707 
 550 A _   0.004 0.014 0.000 0.006 0.002 0.006 0.259 0.709 
 551 N _   0.004 0.015 0.000 0.006 0.002 0.006 0.256 0.709 
 552 D _   0.004 0.017 0.000 0.007 0.002 0.007 0.253 0.709 
 553 L _   0.005 0.020 0.000 0.008 0.003 0.008 0.250 0.707 
 554 L _   0.005 0.024 0.000 0.009 0.003 0.009 0.246 0.703 
 555 R _   0.006 0.029 0.000 0.011 0.004 0.010 0.242 0.697 
 556 T _   0.006 0.035 0.001 0.013 0.005 0.011 0.239 0.691 
 557 E _   0.006 0.041 0.001 0.016 0.005 0.012 0.235 0.684 
 558 S _   0.007 0.048 0.001 0.018 0.006 0.013 0.231 0.677 
 559 D _   0.007 0.054 0.001 0.020 0.007 0.014 0.228 0.670 
 560 T _   0.008 0.058 0.001 0.021 0.007 0.014 0.225 0.665 
 561 A _   0.009 0.062 0.001 0.022 0.008 0.015 0.223 0.661 
 562 V _   0.009 0.065 0.001 0.022 0.008 0.015 0.221 0.660 
 563 R _   0.009 0.066 0.001 0.021 0.007 0.014 0.219 0.662 
 564 L _   0.009 0.066 0.001 0.020 0.007 0.014 0.219 0.665 
 565 R _   0.009 0.064 0.001 0.018 0.007 0.013 0.218 0.671 
 566 K _   0.009 0.062 0.001 0.015 0.006 0.013 0.218 0.676 
 567 S _   0.008 0.060 0.001 0.014 0.006 0.012 0.218 0.682 
 568 H _   0.008 0.058 0.001 0.012 0.005 0.012 0.218 0.686 
 569 T _   0.008 0.056 0.001 0.011 0.005 0.011 0.218 0.690 
 570 E _   0.008 0.055 0.001 0.011 0.005 0.011 0.219 0.691 
 571 M _   0.008 0.054 0.001 0.011 0.005 0.011 0.219 0.692 
 572 S _   0.008 0.054 0.001 0.011 0.005 0.011 0.219 0.691 
 573 K _   0.008 0.054 0.001 0.012 0.005 0.011 0.220 0.690 
 574 S _   0.008 0.053 0.001 0.012 0.005 0.011 0.220 0.690 
 575 I _   0.008 0.053 0.001 0.013 0.005 0.010 0.221 0.690 
 576 S _   0.008 0.052 0.001 0.013 0.005 0.010 0.222 0.689 
 577 Q _   0.008 0.052 0.001 0.013 0.005 0.010 0.223 0.689 
 578 L _   0.008 0.051 0.001 0.013 0.005 0.010 0.224 0.690 
 579 E _   0.007 0.049 0.001 0.013 0.005 0.010 0.226 0.690 
 580 S _   0.007 0.048 0.001 0.012 0.004 0.010 0.227 0.691 
 581 L _   0.007 0.047 0.001 0.012 0.004 0.010 0.229 0.690 
 582 N _   0.007 0.045 0.000 0.012 0.004 0.010 0.231 0.690 
 583 R _   0.007 0.044 0.000 0.013 0.004 0.010 0.232 0.689 
 584 E _   0.007 0.043 0.001 0.014 0.004 0.010 0.234 0.687 
 585 L _   0.007 0.042 0.001 0.014 0.004 0.010 0.236 0.685 
 586 Q _   0.007 0.041 0.001 0.015 0.004 0.010 0.239 0.683 
 587 E _   0.007 0.040 0.001 0.016 0.004 0.009 0.241 0.681 
 588 R _   0.007 0.038 0.001 0.016 0.004 0.009 0.244 0.680 
 589 N _   0.007 0.036 0.001 0.016 0.004 0.009 0.248 0.679 
 590 R _   0.007 0.033 0.001 0.015 0.004 0.008 0.251 0.680 
 591 I _   0.007 0.029 0.000 0.014 0.004 0.008 0.255 0.683 
 592 L _   0.007 0.025 0.000 0.012 0.003 0.007 0.259 0.687 
 593 E _   0.006 0.021 0.000 0.010 0.003 0.007 0.263 0.691 
 594 N _   0.006 0.017 0.000 0.007 0.002 0.006 0.266 0.696 
 595 S _   0.005 0.014 0.000 0.006 0.002 0.005 0.268 0.701 
 596 K _   0.004 0.012 0.000 0.004 0.001 0.005 0.270 0.704 
 597 S _   0.004 0.011 0.000 0.003 0.001 0.005 0.270 0.706 
 598 Q _   0.004 0.011 0.000 0.003 0.001 0.005 0.270 0.706 
 599 T _   0.004 0.012 0.000 0.003 0.001 0.006 0.269 0.704 
 600 D _   0.005 0.015 0.000 0.005 0.002 0.008 0.267 0.698 
 601 K _   0.006 0.024 0.000 0.008 0.003 0.011 0.264 0.685 
 602 D _   0.008 0.042 0.001 0.013 0.006 0.014 0.258 0.658 
 603 Y _   0.009 0.076 0.001 0.023 0.009 0.017 0.252 0.613 
 604 Y _   0.009 0.125 0.001 0.036 0.012 0.020 0.244 0.552 
 605 Q _   0.009 0.174 0.002 0.049 0.015 0.021 0.236 0.493 
 606 L _   0.009 0.211 0.001 0.062 0.016 0.022 0.231 0.448 
 607 Q _   0.009 0.232 0.001 0.070 0.016 0.021 0.228 0.422 
 608 A _   0.008 0.241 0.001 0.074 0.016 0.021 0.227 0.411 
 609 I _   0.008 0.243 0.001 0.073 0.015 0.019 0.228 0.412 
 610 L _   0.008 0.238 0.001 0.067 0.014 0.018 0.230 0.424 
 611 E _   0.008 0.223 0.001 0.057 0.012 0.016 0.234 0.449 
 612 A _   0.008 0.195 0.001 0.045 0.010 0.014 0.240 0.487 
 613 E _   0.008 0.156 0.001 0.032 0.008 0.012 0.247 0.536 
 614 R _   0.008 0.112 0.001 0.020 0.006 0.011 0.255 0.587 
 615 R _   0.007 0.077 0.001 0.012 0.004 0.009 0.262 0.629 
 616 D _   0.006 0.057 0.000 0.006 0.003 0.008 0.266 0.653 
 617 R _   0.005 0.048 0.000 0.004 0.002 0.008 0.269 0.664 
 618 G _   0.005 0.045 0.000 0.003 0.002 0.009 0.271 0.665 
 619 H _   0.006 0.045 0.000 0.004 0.002 0.010 0.272 0.661 
 620 D _   0.008 0.049 0.000 0.005 0.003 0.013 0.272 0.650 
 621 S _   0.010 0.060 0.001 0.008 0.005 0.016 0.271 0.629 
 622 E _   0.012 0.083 0.001 0.014 0.008 0.020 0.270 0.593 
 623 M _   0.014 0.116 0.001 0.021 0.011 0.024 0.267 0.546 
 624 I _   0.015 0.153 0.001 0.028 0.014 0.026 0.265 0.496 
 625 G _   0.015 0.187 0.001 0.035 0.017 0.028 0.264 0.454 
 626 D _   0.015 0.211 0.001 0.040 0.018 0.029 0.264 0.423 
 627 L _   0.016 0.226 0.001 0.042 0.019 0.029 0.264 0.402 
 628 Q _   0.016 0.234 0.001 0.043 0.020 0.029 0.266 0.391 
 629 A _   0.017 0.236 0.001 0.042 0.020 0.028 0.270 0.385 
 630 R _   0.017 0.235 0.001 0.041 0.019 0.027 0.274 0.384 
 631 I _   0.017 0.230 0.001 0.039 0.018 0.026 0.280 0.388 
 632 T _   0.017 0.220 0.001 0.037 0.017 0.025 0.288 0.395 
 633 S _   0.017 0.206 0.001 0.034 0.015 0.023 0.297 0.406 
 634 L _   0.016 0.188 0.001 0.031 0.013 0.021 0.309 0.421 
 635 Q _   0.015 0.165 0.001 0.028 0.012 0.019 0.321 0.438 
 636 E _   0.014 0.140 0.001 0.025 0.010 0.017 0.334 0.459 
 637 E _   0.013 0.112 0.001 0.021 0.008 0.015 0.348 0.481 
 638 V _   0.012 0.086 0.001 0.017 0.007 0.013 0.362 0.502 
 639 K _   0.011 0.063 0.001 0.013 0.005 0.011 0.375 0.521 
 640 H _   0.010 0.044 0.001 0.010 0.004 0.009 0.386 0.536 
 641 L _   0.008 0.031 0.000 0.008 0.003 0.008 0.396 0.545 
 642 K _   0.007 0.022 0.000 0.007 0.002 0.007 0.404 0.550 
 643 H _   0.006 0.017 0.000 0.006 0.002 0.006 0.411 0.552 
 644 N _   0.005 0.013 0.000 0.005 0.002 0.006 0.416 0.552 
 645 L _   0.005 0.011 0.000 0.005 0.002 0.005 0.421 0.550 
 646 E _   0.005 0.010 0.000 0.005 0.002 0.005 0.425 0.548 
 647 K _   0.005 0.009 0.000 0.006 0.002 0.005 0.428 0.546 
 648 V _   0.004 0.008 0.000 0.006 0.002 0.005 0.430 0.544 
 649 E _   0.004 0.008 0.000 0.007 0.002 0.005 0.432 0.541 
 650 G _   0.004 0.008 0.000 0.007 0.002 0.005 0.434 0.540 
 651 E _   0.004 0.007 0.000 0.008 0.002 0.005 0.435 0.538 
 652 R _   0.004 0.007 0.000 0.008 0.002 0.005 0.437 0.536 
 653 K _   0.004 0.007 0.000 0.008 0.002 0.005 0.438 0.535 
 654 E _   0.004 0.007 0.000 0.008 0.002 0.005 0.440 0.534 
 655 A _   0.004 0.006 0.000 0.008 0.002 0.005 0.441 0.533 
 656 Q _   0.004 0.006 0.000 0.008 0.002 0.005 0.443 0.533 
 657 D _   0.004 0.005 0.000 0.008 0.002 0.005 0.444 0.533 
 658 M _   0.004 0.005 0.000 0.007 0.002 0.005 0.445 0.533 
 659 L _   0.003 0.004 0.000 0.007 0.002 0.004 0.445 0.535 
 660 N _   0.003 0.004 0.000 0.006 0.001 0.004 0.445 0.536 
 661 H _   0.003 0.003 0.000 0.005 0.001 0.004 0.445 0.538 
 662 S _   0.003 0.003 0.000 0.005 0.001 0.004 0.444 0.541 
 663 E _   0.003 0.003 0.000 0.004 0.001 0.004 0.443 0.543 
