#TopoPred_TM8: 8-state transmembrane topology prediction results by no_profile mode 
#probabilities are in the order of H E C I L F X _, the 8 transmembrane topology types used in PDBTM 
   1 M X   0.006 0.000 0.001 0.027 0.006 0.005 0.889 0.065 
   2 P X   0.002 0.000 0.000 0.012 0.001 0.002 0.913 0.071 
   3 A X   0.000 0.000 0.000 0.005 0.000 0.001 0.919 0.074 
   4 S X   0.000 0.000 0.000 0.004 0.000 0.001 0.919 0.076 
   5 E X   0.000 0.000 0.000 0.004 0.000 0.002 0.917 0.076 
   6 L X   0.001 0.001 0.000 0.004 0.001 0.002 0.914 0.077 
   7 K X   0.001 0.002 0.000 0.005 0.001 0.003 0.910 0.077 
   8 A X   0.002 0.003 0.000 0.007 0.001 0.004 0.905 0.078 
   9 S X   0.002 0.004 0.000 0.010 0.002 0.005 0.899 0.079 
  10 E X   0.002 0.006 0.000 0.012 0.002 0.005 0.894 0.080 
  11 I X   0.002 0.007 0.000 0.013 0.002 0.005 0.889 0.081 
  12 P X   0.002 0.007 0.000 0.014 0.003 0.005 0.886 0.084 
  13 F X   0.002 0.007 0.000 0.013 0.002 0.004 0.884 0.087 
  14 H X   0.002 0.007 0.000 0.012 0.002 0.004 0.883 0.090 
  15 P X   0.002 0.007 0.000 0.010 0.002 0.004 0.882 0.094 
  16 S X   0.002 0.006 0.000 0.008 0.001 0.003 0.883 0.097 
  17 I X   0.002 0.005 0.000 0.006 0.001 0.003 0.883 0.101 
  18 K X   0.002 0.004 0.000 0.004 0.001 0.002 0.883 0.104 
  19 T X   0.002 0.003 0.000 0.003 0.001 0.002 0.883 0.107 
  20 Q X   0.001 0.002 0.000 0.002 0.001 0.002 0.883 0.110 
  21 D X   0.001 0.001 0.000 0.002 0.000 0.001 0.881 0.112 
  22 P X   0.001 0.001 0.000 0.001 0.000 0.001 0.879 0.116 
  23 K X   0.001 0.001 0.000 0.001 0.000 0.001 0.876 0.119 
  24 A X   0.001 0.001 0.000 0.001 0.000 0.001 0.871 0.124 
  25 E X   0.001 0.001 0.000 0.001 0.000 0.001 0.865 0.130 
  26 E X   0.001 0.001 0.000 0.001 0.000 0.002 0.857 0.137 
  27 K X   0.001 0.001 0.000 0.002 0.001 0.002 0.847 0.146 
  28 S X   0.001 0.002 0.000 0.002 0.001 0.003 0.834 0.156 
  29 P X   0.002 0.005 0.000 0.004 0.002 0.005 0.816 0.166 
  30 K X   0.003 0.011 0.000 0.007 0.003 0.009 0.792 0.175 
  31 K X   0.004 0.026 0.001 0.012 0.006 0.013 0.759 0.180 
  32 Q X   0.006 0.056 0.001 0.021 0.010 0.017 0.713 0.175 
  33 K X   0.007 0.106 0.002 0.031 0.015 0.021 0.660 0.158 
  34 V X   0.007 0.166 0.002 0.042 0.018 0.022 0.607 0.135 
  35 T X   0.006 0.218 0.002 0.051 0.019 0.022 0.566 0.115 
  36 L X   0.006 0.254 0.002 0.058 0.018 0.021 0.538 0.104 
  37 T X   0.006 0.274 0.001 0.061 0.017 0.020 0.521 0.100 
  38 A X   0.006 0.284 0.001 0.062 0.016 0.019 0.509 0.103 
  39 A X   0.006 0.286 0.001 0.061 0.015 0.018 0.502 0.112 
  40 E X   0.006 0.283 0.001 0.057 0.014 0.016 0.497 0.126 
  41 A X   0.007 0.271 0.001 0.050 0.012 0.015 0.495 0.149 
  42 L X   0.007 0.247 0.001 0.042 0.011 0.014 0.494 0.183 
  43 K X   0.008 0.209 0.001 0.034 0.010 0.013 0.496 0.230 
  44 L X   0.009 0.158 0.001 0.026 0.009 0.012 0.499 0.287 
  45 F X   0.009 0.104 0.001 0.018 0.007 0.011 0.504 0.346 
  46 K X   0.009 0.061 0.001 0.012 0.005 0.010 0.507 0.396 
  47 N X   0.008 0.032 0.000 0.008 0.003 0.009 0.509 0.431 
  48 Q X   0.007 0.015 0.000 0.005 0.002 0.008 0.509 0.454 
  49 L X   0.006 0.007 0.000 0.003 0.002 0.007 0.508 0.467 
  50 S X   0.006 0.003 0.000 0.002 0.001 0.007 0.505 0.475 
  51 P X   0.006 0.002 0.000 0.002 0.001 0.008 0.502 0.480 
  52 Y X   0.008 0.001 0.000 0.002 0.001 0.009 0.497 0.482 
  53 E X   0.011 0.001 0.000 0.002 0.002 0.012 0.491 0.481 
  54 Q X   0.017 0.001 0.000 0.003 0.003 0.017 0.483 0.475 
  55 S X   0.026 0.002 0.001 0.004 0.006 0.023 0.474 0.464 
  56 E X   0.038 0.006 0.001 0.006 0.011 0.031 0.464 0.445 
  57 I X   0.051 0.013 0.001 0.009 0.018 0.039 0.451 0.417 
  58 L X   0.065 0.027 0.002 0.013 0.029 0.047 0.437 0.380 
  59 G X   0.077 0.048 0.002 0.019 0.039 0.053 0.424 0.339 
  60 Y X   0.086 0.071 0.002 0.026 0.046 0.056 0.413 0.300 
  61 A X   0.091 0.091 0.002 0.033 0.049 0.056 0.405 0.272 
  62 E X   0.093 0.105 0.002 0.040 0.049 0.054 0.400 0.257 
  63 L X   0.092 0.113 0.002 0.044 0.047 0.051 0.397 0.254 
  64 W X   0.088 0.115 0.002 0.046 0.043 0.046 0.397 0.263 
  65 F X   0.081 0.112 0.002 0.044 0.037 0.041 0.398 0.284 
  66 L X   0.072 0.104 0.002 0.039 0.030 0.035 0.400 0.317 
  67 G X   0.062 0.089 0.002 0.032 0.022 0.030 0.404 0.359 
  68 L X   0.051 0.068 0.001 0.024 0.016 0.024 0.408 0.407 
  69 E _   0.041 0.046 0.001 0.016 0.010 0.019 0.413 0.455 
  70 A _   0.031 0.027 0.001 0.010 0.006 0.015 0.416 0.494 
  71 K _   0.023 0.014 0.000 0.007 0.004 0.011 0.418 0.522 
  72 K _   0.017 0.008 0.000 0.005 0.002 0.009 0.419 0.539 
  73 L _   0.012 0.005 0.000 0.004 0.002 0.007 0.420 0.551 
  74 D _   0.009 0.003 0.000 0.003 0.002 0.006 0.419 0.557 
  75 T _   0.008 0.002 0.000 0.003 0.001 0.006 0.417 0.562 
  76 A _   0.007 0.002 0.000 0.004 0.002 0.005 0.415 0.565 
  77 P _   0.006 0.002 0.000 0.005 0.002 0.005 0.412 0.568 
  78 E _   0.006 0.002 0.000 0.005 0.002 0.005 0.409 0.572 
  79 K _   0.005 0.002 0.000 0.006 0.002 0.005 0.404 0.576 
  80 F _   0.005 0.002 0.000 0.006 0.002 0.005 0.399 0.581 
  81 S _   0.004 0.002 0.000 0.005 0.002 0.005 0.394 0.588 
  82 K _   0.004 0.002 0.000 0.005 0.002 0.005 0.387 0.594 
  83 T _   0.004 0.002 0.000 0.005 0.002 0.005 0.380 0.602 
  84 S _   0.004 0.003 0.000 0.005 0.002 0.005 0.372 0.609 
  85 F _   0.004 0.004 0.000 0.005 0.002 0.006 0.364 0.615 
  86 D _   0.004 0.005 0.000 0.006 0.002 0.007 0.354 0.621 
  87 D _   0.004 0.007 0.000 0.008 0.003 0.009 0.344 0.625 
  88 E _   0.005 0.011 0.000 0.010 0.004 0.010 0.332 0.628 
  89 H _   0.006 0.016 0.001 0.013 0.005 0.012 0.319 0.628 
  90 G _   0.006 0.022 0.001 0.017 0.006 0.014 0.306 0.627 
  91 F _   0.007 0.028 0.001 0.020 0.008 0.016 0.293 0.626 
  92 Y _   0.008 0.034 0.001 0.023 0.009 0.018 0.281 0.627 
  93 L _   0.008 0.039 0.001 0.024 0.009 0.020 0.270 0.629 
  94 K _   0.009 0.042 0.001 0.024 0.010 0.021 0.259 0.635 
  95 V _   0.010 0.044 0.001 0.023 0.010 0.022 0.250 0.641 
  96 L _   0.011 0.045 0.001 0.020 0.010 0.023 0.241 0.649 
  97 H _   0.012 0.047 0.001 0.018 0.010 0.024 0.233 0.655 
  98 D _   0.014 0.048 0.001 0.017 0.011 0.026 0.225 0.659 
  99 H _   0.016 0.050 0.001 0.016 0.012 0.027 0.218 0.660 
 100 I _   0.019 0.052 0.001 0.017 0.013 0.029 0.211 0.658 
 101 A _   0.021 0.056 0.001 0.019 0.014 0.030 0.204 0.654 
 102 Y _   0.023 0.059 0.001 0.021 0.016 0.032 0.198 0.650 
 103 R _   0.025 0.062 0.001 0.023 0.017 0.032 0.192 0.646 
 104 Y _   0.026 0.065 0.001 0.025 0.017 0.032 0.187 0.646 
 105 E _   0.027 0.066 0.001 0.024 0.017 0.031 0.183 0.650 
 106 V _   0.026 0.066 0.001 0.023 0.016 0.030 0.179 0.659 
 107 L _   0.026 0.065 0.001 0.020 0.014 0.029 0.176 0.670 
 108 E _   0.024 0.063 0.001 0.018 0.012 0.027 0.173 0.682 
 109 T _   0.024 0.061 0.001 0.015 0.011 0.026 0.170 0.693 
 110 I _   0.023 0.059 0.001 0.014 0.010 0.025 0.167 0.701 
 111 G _   0.022 0.059 0.001 0.014 0.010 0.024 0.164 0.706 
 112 K _   0.021 0.059 0.001 0.016 0.010 0.024 0.161 0.707 
 113 G _   0.020 0.061 0.001 0.019 0.011 0.023 0.159 0.705 
 114 S _   0.019 0.062 0.001 0.024 0.011 0.023 0.157 0.703 
 115 F _   0.018 0.063 0.001 0.028 0.012 0.021 0.155 0.702 
 116 G _   0.017 0.062 0.001 0.030 0.011 0.020 0.154 0.705 
 117 Q _   0.016 0.059 0.001 0.030 0.010 0.018 0.153 0.713 
 118 V _   0.014 0.053 0.001 0.027 0.009 0.016 0.153 0.728 
 119 A _   0.012 0.044 0.001 0.022 0.007 0.013 0.153 0.747 
 120 K _   0.011 0.033 0.001 0.016 0.005 0.011 0.153 0.770 
 121 C _   0.009 0.022 0.001 0.010 0.004 0.009 0.153 0.792 
 122 L _   0.008 0.014 0.000 0.006 0.003 0.008 0.152 0.810 
 123 D _   0.006 0.009 0.000 0.004 0.002 0.007 0.151 0.820 
 124 H _   0.006 0.007 0.000 0.003 0.002 0.007 0.149 0.826 
 125 K _   0.006 0.006 0.000 0.003 0.002 0.008 0.147 0.827 
 126 N _   0.008 0.007 0.000 0.004 0.002 0.010 0.145 0.824 
 127 N _   0.010 0.010 0.000 0.007 0.004 0.013 0.141 0.814 
 128 E _   0.012 0.017 0.001 0.013 0.006 0.016 0.138 0.798 
 129 L _   0.014 0.027 0.001 0.022 0.009 0.019 0.133 0.776 
 130 V _   0.015 0.037 0.001 0.031 0.012 0.022 0.129 0.754 
 131 A _   0.016 0.045 0.001 0.039 0.014 0.023 0.125 0.738 
 132 L _   0.016 0.049 0.001 0.043 0.014 0.024 0.122 0.731 
 133 K _   0.016 0.050 0.001 0.043 0.014 0.023 0.120 0.733 
 134 I _   0.016 0.048 0.001 0.038 0.013 0.022 0.118 0.744 
 135 I _   0.015 0.044 0.001 0.031 0.011 0.021 0.117 0.761 
 136 R _   0.015 0.036 0.001 0.022 0.009 0.019 0.116 0.782 
 137 N _   0.014 0.028 0.001 0.014 0.006 0.018 0.115 0.803 
 138 K _   0.014 0.021 0.001 0.009 0.005 0.017 0.114 0.820 
 139 K _   0.013 0.017 0.000 0.006 0.004 0.017 0.113 0.829 
 140 R _   0.014 0.016 0.000 0.004 0.004 0.017 0.112 0.832 
 141 F _   0.016 0.016 0.000 0.004 0.004 0.019 0.110 0.830 
 142 H _   0.019 0.020 0.001 0.006 0.006 0.022 0.108 0.819 
 143 Q _   0.022 0.028 0.001 0.010 0.009 0.026 0.106 0.799 
 144 Q _   0.025 0.047 0.001 0.017 0.013 0.029 0.102 0.765 
 145 A _   0.027 0.074 0.002 0.027 0.018 0.032 0.099 0.722 
 146 L _   0.028 0.102 0.002 0.038 0.021 0.033 0.095 0.681 
 147 M _   0.028 0.125 0.002 0.049 0.023 0.033 0.093 0.649 
 148 E _   0.028 0.139 0.002 0.057 0.023 0.032 0.091 0.630 
 149 L _   0.026 0.145 0.002 0.061 0.022 0.030 0.090 0.624 
 150 K _   0.025 0.146 0.002 0.061 0.020 0.028 0.090 0.630 
 151 I _   0.023 0.141 0.001 0.056 0.018 0.025 0.090 0.647 
 152 L _   0.021 0.129 0.001 0.048 0.014 0.021 0.091 0.674 
 153 E _   0.019 0.110 0.001 0.039 0.011 0.018 0.093 0.709 
 154 A _   0.017 0.084 0.001 0.029 0.009 0.015 0.094 0.752 
 155 L _   0.015 0.056 0.001 0.019 0.006 0.012 0.096 0.795 
 156 R _   0.012 0.033 0.001 0.012 0.004 0.010 0.097 0.831 
 157 K _   0.010 0.017 0.000 0.007 0.003 0.008 0.098 0.857 
 158 K _   0.008 0.008 0.000 0.004 0.002 0.006 0.098 0.873 
 159 D _   0.006 0.005 0.000 0.003 0.001 0.006 0.097 0.882 
 160 K _   0.005 0.003 0.000 0.003 0.001 0.005 0.095 0.887 
 161 D _   0.005 0.002 0.000 0.003 0.001 0.006 0.093 0.889 
 162 N _   0.006 0.003 0.000 0.004 0.002 0.007 0.091 0.888 
 163 T _   0.006 0.003 0.000 0.006 0.002 0.010 0.087 0.885 
 164 Y _   0.008 0.005 0.000 0.010 0.004 0.012 0.083 0.878 
 165 N _   0.009 0.008 0.001 0.016 0.005 0.015 0.078 0.868 
 166 V _   0.010 0.011 0.001 0.022 0.007 0.019 0.073 0.857 
 167 V _   0.012 0.013 0.001 0.028 0.009 0.021 0.068 0.847 
 168 H _   0.014 0.015 0.001 0.032 0.011 0.024 0.063 0.840 
 169 M _   0.018 0.015 0.001 0.032 0.012 0.025 0.059 0.838 
 170 K _   0.023 0.013 0.001 0.029 0.012 0.026 0.055 0.840 
 171 D _   0.030 0.011 0.001 0.024 0.012 0.027 0.051 0.844 
 172 F _   0.042 0.007 0.001 0.017 0.011 0.027 0.047 0.847 
 173 F _   0.060 0.004 0.001 0.011 0.010 0.028 0.044 0.842 
 174 Y _   0.087 0.002 0.001 0.006 0.009 0.029 0.040 0.826 
 175 F _   0.125 0.001 0.001 0.004 0.010 0.030 0.036 0.794 
 176 R _   0.178 0.000 0.001 0.003 0.012 0.033 0.032 0.742 
 177 N _   0.248 0.000 0.001 0.002 0.015 0.036 0.028 0.670 
 178 H _   0.329 0.000 0.001 0.002 0.020 0.039 0.024 0.583 
 179 F _   0.411 0.000 0.002 0.003 0.027 0.042 0.021 0.494 
 180 C H   0.485 0.000 0.002 0.003 0.035 0.045 0.018 0.411 
 181 I H   0.544 0.001 0.002 0.004 0.042 0.045 0.016 0.346 
 182 T H   0.585 0.001 0.002 0.005 0.047 0.045 0.015 0.300 
 183 F H   0.608 0.002 0.002 0.006 0.049 0.044 0.014 0.274 
 184 E H   0.616 0.002 0.002 0.007 0.051 0.042 0.014 0.266 
 185 L H   0.610 0.003 0.002 0.008 0.050 0.040 0.014 0.273 
 186 L H   0.589 0.003 0.002 0.009 0.048 0.037 0.015 0.297 
 187 G H   0.551 0.003 0.002 0.010 0.044 0.035 0.015 0.340 
 188 I H   0.497 0.003 0.002 0.011 0.037 0.032 0.016 0.401 
 189 N _   0.429 0.002 0.002 0.011 0.030 0.028 0.018 0.480 
 190 L _   0.351 0.002 0.002 0.010 0.022 0.025 0.019 0.569 
 191 Y _   0.275 0.001 0.001 0.008 0.014 0.021 0.021 0.658 
 192 E _   0.205 0.001 0.001 0.007 0.009 0.017 0.022 0.738 
 193 L _   0.147 0.000 0.001 0.005 0.006 0.013 0.023 0.805 
 194 M _   0.106 0.000 0.000 0.003 0.004 0.011 0.023 0.853 
 195 K _   0.080 0.000 0.000 0.002 0.002 0.009 0.023 0.883 
 196 N _   0.068 0.000 0.000 0.002 0.002 0.008 0.022 0.897 
 197 N _   0.067 0.000 0.000 0.001 0.002 0.009 0.022 0.899 
 198 N _   0.077 0.000 0.000 0.001 0.002 0.010 0.021 0.888 
 199 F _   0.102 0.000 0.000 0.002 0.003 0.013 0.019 0.861 
 200 Q _   0.143 0.000 0.001 0.002 0.005 0.017 0.018 0.815 
 201 G _   0.201 0.000 0.001 0.003 0.009 0.022 0.015 0.749 
 202 F _   0.274 0.000 0.001 0.004 0.013 0.027 0.013 0.667 
 203 S _   0.353 0.000 0.001 0.005 0.019 0.032 0.011 0.580 
 204 L _   0.429 0.000 0.002 0.005 0.024 0.035 0.009 0.496 
 205 S H   0.499 0.000 0.002 0.005 0.028 0.036 0.007 0.421 
 206 I H   0.560 0.000 0.002 0.004 0.031 0.036 0.006 0.361 
 207 V H   0.610 0.000 0.002 0.004 0.031 0.034 0.005 0.314 
 208 R H   0.649 0.000 0.002 0.003 0.030 0.032 0.004 0.279 
 209 R H   0.678 0.000 0.002 0.002 0.029 0.030 0.004 0.256 
 210 F H   0.699 0.000 0.001 0.002 0.027 0.027 0.004 0.240 
 211 T H   0.711 0.000 0.001 0.002 0.025 0.025 0.003 0.232 
 212 L H   0.715 0.000 0.001 0.001 0.023 0.024 0.003 0.232 
 213 S H   0.713 0.000 0.001 0.001 0.022 0.023 0.003 0.237 
 214 V H   0.705 0.000 0.001 0.001 0.020 0.022 0.004 0.246 
 215 L H   0.692 0.000 0.001 0.001 0.020 0.021 0.004 0.260 
 216 K H   0.675 0.000 0.001 0.002 0.020 0.021 0.005 0.277 
 217 C H   0.651 0.000 0.001 0.002 0.020 0.022 0.005 0.299 
 218 L H   0.622 0.000 0.001 0.002 0.020 0.022 0.006 0.326 
 219 Q H   0.586 0.000 0.001 0.003 0.020 0.023 0.007 0.359 
 220 M H   0.543 0.000 0.001 0.004 0.021 0.023 0.009 0.399 
 221 L H   0.495 0.000 0.002 0.005 0.021 0.024 0.010 0.444 
 222 S _   0.442 0.000 0.002 0.006 0.021 0.024 0.012 0.493 
 223 V _   0.385 0.001 0.002 0.008 0.020 0.024 0.015 0.546 
 224 E _   0.325 0.001 0.002 0.010 0.018 0.023 0.017 0.604 
 225 K _   0.265 0.001 0.002 0.011 0.015 0.022 0.020 0.665 
 226 I _   0.208 0.001 0.001 0.011 0.012 0.020 0.022 0.724 
 227 I _   0.157 0.001 0.001 0.010 0.010 0.018 0.025 0.779 
 228 H _   0.114 0.001 0.001 0.008 0.007 0.015 0.027 0.827 
 229 C _   0.080 0.001 0.001 0.006 0.005 0.013 0.028 0.866 
 230 D _   0.055 0.001 0.001 0.005 0.004 0.011 0.029 0.895 
 231 L _   0.038 0.001 0.000 0.004 0.003 0.010 0.030 0.914 
 232 K _   0.027 0.001 0.000 0.004 0.003 0.010 0.030 0.925 
 233 P _   0.020 0.001 0.000 0.004 0.003 0.009 0.031 0.931 
 234 E _   0.016 0.003 0.000 0.005 0.003 0.010 0.031 0.932 
 235 N _   0.014 0.005 0.000 0.007 0.004 0.011 0.031 0.929 
 236 I _   0.013 0.008 0.001 0.009 0.004 0.012 0.030 0.924 
 237 V _   0.012 0.013 0.001 0.011 0.005 0.012 0.030 0.915 
 238 L _   0.011 0.019 0.001 0.014 0.006 0.013 0.029 0.907 
 239 Y _   0.011 0.024 0.001 0.016 0.006 0.014 0.028 0.900 
 240 Q _   0.010 0.029 0.001 0.017 0.007 0.014 0.028 0.894 
 241 K _   0.010 0.033 0.001 0.018 0.007 0.014 0.027 0.890 
 242 G _   0.009 0.036 0.001 0.019 0.007 0.014 0.027 0.887 
 243 Q _   0.009 0.039 0.001 0.019 0.007 0.014 0.026 0.884 
 244 A _   0.009 0.041 0.001 0.019 0.007 0.014 0.026 0.882 
 245 S _   0.009 0.044 0.001 0.020 0.007 0.014 0.026 0.879 
 246 V _   0.009 0.045 0.001 0.020 0.007 0.014 0.026 0.877 
 247 K _   0.010 0.046 0.001 0.020 0.007 0.014 0.026 0.876 
 248 V _   0.010 0.047 0.001 0.020 0.007 0.014 0.026 0.876 
 249 I _   0.010 0.046 0.001 0.019 0.007 0.014 0.026 0.877 
 250 D _   0.010 0.045 0.001 0.018 0.007 0.014 0.026 0.881 
 251 F _   0.010 0.043 0.001 0.016 0.006 0.013 0.026 0.885 
 252 G _   0.010 0.041 0.001 0.014 0.006 0.013 0.026 0.891 
 253 S _   0.010 0.038 0.001 0.011 0.005 0.013 0.026 0.896 
 254 S _   0.010 0.036 0.001 0.009 0.005 0.014 0.026 0.900 
 255 C _   0.010 0.035 0.001 0.009 0.005 0.015 0.026 0.901 
 256 Y _   0.011 0.035 0.001 0.009 0.005 0.016 0.026 0.898 
 257 E _   0.012 0.037 0.001 0.010 0.006 0.018 0.025 0.891 
 258 H _   0.014 0.041 0.001 0.012 0.007 0.020 0.025 0.880 
 259 Q _   0.015 0.047 0.001 0.016 0.009 0.022 0.024 0.865 
 260 K _   0.016 0.054 0.001 0.022 0.012 0.023 0.024 0.848 
 261 V _   0.017 0.060 0.001 0.027 0.014 0.025 0.023 0.833 
 262 Y _   0.017 0.065 0.001 0.032 0.015 0.025 0.023 0.821 
 263 T _   0.017 0.067 0.001 0.035 0.016 0.025 0.023 0.815 
 264 Y _   0.017 0.068 0.001 0.036 0.016 0.025 0.023 0.815 
 265 I _   0.017 0.065 0.001 0.034 0.015 0.024 0.023 0.821 
 266 Q _   0.016 0.061 0.001 0.030 0.013 0.023 0.023 0.833 
 267 S _   0.016 0.053 0.001 0.025 0.012 0.021 0.024 0.848 
 268 R _   0.015 0.044 0.001 0.021 0.010 0.020 0.024 0.865 
 269 F _   0.014 0.035 0.001 0.016 0.009 0.019 0.025 0.881 
 270 Y _   0.014 0.027 0.001 0.013 0.008 0.018 0.025 0.895 
 271 R _   0.013 0.021 0.001 0.011 0.007 0.017 0.025 0.904 
 272 S _   0.014 0.017 0.001 0.010 0.006 0.017 0.026 0.910 
 273 P _   0.014 0.014 0.001 0.010 0.006 0.017 0.026 0.912 
 274 E _   0.016 0.011 0.001 0.011 0.006 0.017 0.026 0.912 
 275 V _   0.018 0.009 0.001 0.011 0.007 0.018 0.026 0.910 
 276 I _   0.020 0.008 0.001 0.011 0.007 0.018 0.027 0.909 
 277 L _   0.023 0.006 0.001 0.011 0.007 0.019 0.027 0.907 
 278 G _   0.027 0.004 0.001 0.009 0.007 0.020 0.027 0.906 
 279 H _   0.033 0.003 0.001 0.008 0.006 0.021 0.027 0.902 
 280 P _   0.042 0.002 0.001 0.006 0.006 0.022 0.026 0.895 
 281 Y _   0.054 0.001 0.001 0.005 0.007 0.024 0.026 0.883 
 282 D _   0.072 0.000 0.001 0.004 0.007 0.027 0.026 0.864 
 283 V _   0.097 0.000 0.001 0.003 0.008 0.030 0.025 0.835 
 284 A _   0.128 0.000 0.001 0.003 0.011 0.035 0.025 0.798 
 285 I _   0.166 0.000 0.001 0.003 0.015 0.041 0.024 0.750 
 286 D _   0.207 0.000 0.001 0.004 0.021 0.047 0.024 0.697 
 287 M _   0.250 0.001 0.002 0.005 0.029 0.052 0.023 0.639 
 288 W _   0.287 0.001 0.002 0.006 0.037 0.057 0.023 0.586 
 289 S _   0.317 0.003 0.002 0.008 0.046 0.060 0.023 0.541 
 290 L _   0.337 0.005 0.002 0.011 0.053 0.062 0.024 0.506 
 291 G _   0.350 0.007 0.003 0.014 0.058 0.061 0.025 0.481 
 292 C _   0.354 0.010 0.003 0.017 0.060 0.060 0.026 0.471 
 293 I _   0.347 0.011 0.003 0.020 0.059 0.057 0.028 0.475 
 294 T _   0.332 0.012 0.003 0.022 0.054 0.053 0.030 0.494 
 295 A _   0.306 0.012 0.003 0.022 0.048 0.048 0.033 0.529 
 296 E _   0.270 0.011 0.002 0.021 0.039 0.042 0.036 0.578 
 297 L _   0.228 0.009 0.002 0.019 0.030 0.036 0.039 0.637 
 298 Y _   0.182 0.006 0.002 0.016 0.021 0.030 0.043 0.701 
 299 T _   0.138 0.004 0.001 0.012 0.013 0.023 0.046 0.762 
 300 G _   0.101 0.002 0.001 0.008 0.008 0.018 0.049 0.813 
 301 Y _   0.072 0.001 0.001 0.005 0.005 0.014 0.051 0.851 
 302 P _   0.053 0.000 0.000 0.003 0.003 0.011 0.052 0.877 
 303 L _   0.041 0.000 0.000 0.002 0.002 0.009 0.053 0.892 
 304 F _   0.036 0.000 0.000 0.002 0.002 0.008 0.053 0.899 
 305 P _   0.039 0.000 0.000 0.001 0.002 0.009 0.053 0.896 
 306 G _   0.050 0.000 0.000 0.001 0.002 0.010 0.052 0.884 
 307 E _   0.075 0.000 0.000 0.001 0.003 0.014 0.051 0.855 
 308 N _   0.119 0.000 0.001 0.002 0.005 0.020 0.049 0.804 
 309 E _   0.181 0.000 0.001 0.002 0.009 0.028 0.047 0.731 
 310 V _   0.260 0.000 0.001 0.003 0.016 0.037 0.045 0.638 
 311 E _   0.336 0.000 0.002 0.004 0.026 0.045 0.044 0.543 
 312 Q _   0.403 0.001 0.002 0.005 0.037 0.053 0.042 0.457 
 313 L H   0.455 0.001 0.002 0.007 0.048 0.057 0.042 0.388 
 314 A H   0.490 0.002 0.002 0.009 0.055 0.059 0.043 0.340 
 315 C H   0.511 0.003 0.003 0.011 0.059 0.059 0.044 0.311 
 316 I H   0.519 0.003 0.003 0.012 0.059 0.057 0.046 0.300 
 317 M H   0.513 0.003 0.003 0.013 0.056 0.054 0.049 0.308 
 318 E H   0.496 0.003 0.003 0.012 0.051 0.050 0.053 0.332 
 319 V H   0.468 0.002 0.002 0.010 0.044 0.046 0.058 0.369 
 320 L H   0.427 0.002 0.002 0.008 0.036 0.043 0.063 0.420 
 321 G _   0.378 0.001 0.002 0.006 0.028 0.039 0.069 0.477 
 322 L _   0.325 0.001 0.001 0.005 0.021 0.036 0.076 0.535 
 323 P _   0.274 0.001 0.001 0.004 0.016 0.034 0.083 0.587 
 324 P _   0.228 0.001 0.001 0.005 0.013 0.032 0.090 0.630 
 325 A _   0.188 0.001 0.001 0.006 0.012 0.031 0.097 0.664 
 326 G _   0.152 0.002 0.001 0.008 0.012 0.031 0.104 0.690 
 327 F _   0.122 0.004 0.001 0.011 0.012 0.031 0.111 0.708 
 328 I _   0.096 0.008 0.001 0.015 0.013 0.030 0.118 0.719 
 329 Q _   0.075 0.011 0.001 0.020 0.013 0.029 0.125 0.725 
 330 T _   0.058 0.015 0.001 0.024 0.014 0.028 0.132 0.729 
 331 A _   0.044 0.017 0.001 0.027 0.013 0.026 0.140 0.731 
 332 S _   0.034 0.019 0.001 0.029 0.012 0.023 0.147 0.734 
 333 R _   0.026 0.020 0.001 0.028 0.011 0.021 0.156 0.737 
 334 R _   0.021 0.019 0.001 0.027 0.009 0.018 0.165 0.739 
 335 Q _   0.017 0.018 0.001 0.024 0.008 0.016 0.174 0.742 
 336 T _   0.014 0.016 0.001 0.021 0.007 0.014 0.184 0.744 
 337 F _   0.012 0.014 0.001 0.018 0.005 0.012 0.194 0.745 
 338 F _   0.010 0.012 0.001 0.014 0.004 0.010 0.203 0.745 
 339 D _   0.009 0.009 0.000 0.012 0.003 0.009 0.212 0.745 
 340 S _   0.008 0.007 0.000 0.009 0.003 0.007 0.221 0.744 
 341 K _   0.007 0.006 0.000 0.008 0.002 0.007 0.228 0.742 
 342 G _   0.006 0.005 0.000 0.007 0.002 0.006 0.235 0.739 
 343 F _   0.006 0.004 0.000 0.006 0.002 0.005 0.241 0.736 
 344 P _   0.005 0.003 0.000 0.006 0.002 0.005 0.246 0.732 
 345 K _   0.005 0.003 0.000 0.006 0.002 0.005 0.250 0.729 
 346 N _   0.005 0.003 0.000 0.006 0.002 0.005 0.253 0.725 
 347 I _   0.005 0.003 0.000 0.006 0.002 0.005 0.256 0.722 
 348 T _   0.005 0.004 0.000 0.007 0.002 0.005 0.258 0.720 
 349 N _   0.004 0.004 0.000 0.007 0.002 0.005 0.260 0.717 
 350 N _   0.004 0.005 0.000 0.007 0.002 0.005 0.261 0.716 
 351 R _   0.004 0.005 0.000 0.007 0.002 0.005 0.261 0.715 
 352 G _   0.004 0.006 0.000 0.007 0.002 0.005 0.261 0.715 
 353 K _   0.004 0.007 0.000 0.006 0.002 0.005 0.260 0.716 
 354 K _   0.004 0.008 0.000 0.006 0.002 0.005 0.259 0.717 
 355 R _   0.003 0.010 0.000 0.005 0.002 0.006 0.257 0.717 
 356 Y _   0.003 0.012 0.000 0.005 0.002 0.006 0.254 0.717 
 357 P _   0.004 0.017 0.000 0.006 0.002 0.007 0.250 0.712 
 358 D _   0.004 0.026 0.000 0.008 0.003 0.009 0.246 0.703 
 359 S _   0.005 0.041 0.001 0.012 0.004 0.012 0.240 0.684 
 360 K _   0.007 0.068 0.001 0.017 0.007 0.015 0.233 0.653 
 361 D _   0.008 0.105 0.001 0.025 0.009 0.018 0.225 0.609 
 362 L _   0.008 0.147 0.001 0.033 0.011 0.020 0.216 0.562 
 363 T _   0.008 0.183 0.001 0.039 0.013 0.022 0.210 0.524 
 364 M _   0.008 0.207 0.001 0.043 0.013 0.022 0.205 0.499 
 365 V _   0.008 0.220 0.001 0.045 0.013 0.023 0.202 0.488 
 366 L _   0.008 0.226 0.001 0.043 0.013 0.022 0.200 0.487 
 367 K _   0.008 0.227 0.001 0.037 0.012 0.022 0.199 0.493 
 368 T _   0.009 0.223 0.001 0.031 0.011 0.022 0.198 0.505 
 369 Y _   0.009 0.215 0.001 0.024 0.010 0.022 0.198 0.519 
 370 D _   0.010 0.206 0.001 0.018 0.009 0.023 0.199 0.533 
 371 T _   0.012 0.198 0.001 0.014 0.009 0.024 0.200 0.543 
 372 S _   0.013 0.193 0.001 0.012 0.009 0.025 0.201 0.547 
 373 F _   0.015 0.190 0.001 0.011 0.009 0.026 0.201 0.545 
 374 L _   0.018 0.191 0.001 0.012 0.010 0.028 0.202 0.538 
 375 D _   0.020 0.195 0.001 0.015 0.012 0.029 0.203 0.526 
 376 F _   0.022 0.200 0.001 0.018 0.015 0.030 0.203 0.511 
 377 L _   0.023 0.205 0.001 0.023 0.017 0.031 0.205 0.496 
 378 R _   0.025 0.209 0.001 0.027 0.018 0.031 0.206 0.484 
 379 R _   0.025 0.210 0.001 0.030 0.019 0.030 0.209 0.476 
 380 C _   0.025 0.209 0.001 0.031 0.019 0.029 0.212 0.474 
 381 L _   0.024 0.203 0.001 0.032 0.018 0.027 0.217 0.477 
 382 V _   0.024 0.194 0.001 0.030 0.017 0.025 0.222 0.486 
 383 W _   0.022 0.180 0.001 0.028 0.015 0.023 0.229 0.501 
 384 E _   0.021 0.162 0.001 0.025 0.013 0.021 0.237 0.520 
 385 P _   0.019 0.140 0.001 0.021 0.011 0.019 0.246 0.542 
 386 S _   0.018 0.117 0.001 0.017 0.009 0.018 0.256 0.566 
 387 L _   0.016 0.096 0.001 0.013 0.007 0.016 0.265 0.587 
 388 R _   0.014 0.080 0.001 0.010 0.006 0.015 0.273 0.603 
 389 M _   0.012 0.069 0.001 0.008 0.004 0.014 0.280 0.613 
 390 T _   0.011 0.063 0.000 0.007 0.004 0.013 0.286 0.616 
 391 P _   0.011 0.060 0.000 0.007 0.004 0.013 0.291 0.614 
 392 D _   0.010 0.060 0.000 0.008 0.004 0.014 0.295 0.608 
 393 Q _   0.011 0.061 0.001 0.011 0.005 0.014 0.300 0.597 
 394 A _   0.011 0.065 0.001 0.015 0.006 0.015 0.305 0.583 
 395 L _   0.011 0.068 0.001 0.020 0.008 0.016 0.310 0.566 
 396 K _   0.012 0.071 0.001 0.026 0.009 0.016 0.315 0.551 
 397 H _   0.012 0.073 0.001 0.030 0.009 0.016 0.322 0.538 
 398 A _   0.011 0.072 0.001 0.032 0.009 0.015 0.330 0.530 
 399 W _   0.010 0.069 0.001 0.031 0.008 0.014 0.340 0.527 
 400 I _   0.010 0.063 0.001 0.028 0.007 0.012 0.351 0.529 
 401 H _   0.009 0.053 0.001 0.023 0.006 0.010 0.363 0.535 
 402 Q _   0.008 0.041 0.001 0.017 0.005 0.009 0.375 0.544 
 403 S _   0.007 0.029 0.001 0.012 0.003 0.007 0.387 0.554 
 404 R _   0.006 0.019 0.000 0.008 0.002 0.006 0.397 0.561 
 405 N _   0.005 0.012 0.000 0.005 0.002 0.005 0.406 0.565 
 406 L _   0.005 0.008 0.000 0.004 0.001 0.004 0.413 0.565 
 407 K _   0.004 0.006 0.000 0.003 0.001 0.004 0.418 0.564 
 408 P _   0.004 0.006 0.000 0.003 0.001 0.004 0.421 0.561 
 409 Q _   0.004 0.006 0.000 0.003 0.001 0.004 0.424 0.558 
 410 P _   0.004 0.006 0.000 0.004 0.001 0.005 0.426 0.554 
 411 R _   0.004 0.007 0.000 0.006 0.002 0.005 0.427 0.549 
 412 P _   0.004 0.009 0.000 0.008 0.002 0.006 0.428 0.543 
 413 Q _   0.004 0.012 0.000 0.010 0.003 0.007 0.428 0.536 
 414 T _   0.004 0.014 0.000 0.013 0.003 0.007 0.428 0.530 
 415 L _   0.004 0.016 0.000 0.015 0.003 0.007 0.429 0.525 
 416 R _   0.004 0.018 0.000 0.016 0.004 0.008 0.430 0.520 
 417 K _   0.004 0.019 0.000 0.017 0.004 0.007 0.432 0.517 
 418 S _   0.004 0.019 0.000 0.016 0.004 0.007 0.434 0.515 
 419 N _   0.004 0.019 0.000 0.015 0.003 0.007 0.437 0.514 
 420 S _   0.004 0.018 0.000 0.014 0.003 0.006 0.440 0.514 
 421 F _   0.004 0.017 0.000 0.012 0.003 0.006 0.443 0.515 
 422 F _   0.004 0.016 0.000 0.010 0.002 0.005 0.447 0.516 
 423 P _   0.003 0.014 0.000 0.008 0.002 0.005 0.450 0.517 
 424 S _   0.003 0.013 0.000 0.007 0.002 0.005 0.453 0.517 
 425 E _   0.003 0.013 0.000 0.006 0.002 0.005 0.455 0.517 
 426 T _   0.003 0.012 0.000 0.006 0.002 0.005 0.457 0.516 
 427 R _   0.003 0.012 0.000 0.006 0.002 0.005 0.459 0.514 
 428 K _   0.003 0.013 0.000 0.006 0.002 0.005 0.460 0.511 
 429 D _   0.003 0.014 0.000 0.007 0.002 0.005 0.461 0.507 
 430 K _   0.003 0.015 0.000 0.008 0.002 0.005 0.462 0.503 
 431 V _   0.003 0.017 0.000 0.010 0.002 0.006 0.463 0.499 
 432 Q _   0.003 0.019 0.000 0.011 0.002 0.006 0.463 0.496 
 433 G _   0.003 0.020 0.000 0.011 0.003 0.006 0.464 0.494 
 434 C _   0.003 0.021 0.000 0.011 0.002 0.006 0.465 0.492 
 435 H _   0.003 0.022 0.000 0.010 0.002 0.006 0.466 0.491 
 436 H _   0.003 0.022 0.000 0.010 0.002 0.005 0.467 0.490 
 437 S _   0.003 0.023 0.000 0.009 0.002 0.005 0.468 0.489 
 438 S _   0.003 0.024 0.000 0.009 0.002 0.006 0.470 0.487 
 439 R _   0.003 0.025 0.000 0.010 0.002 0.006 0.471 0.483 
 440 K _   0.003 0.026 0.000 0.011 0.003 0.006 0.472 0.479 
 441 A X   0.003 0.028 0.000 0.013 0.003 0.007 0.473 0.472 
 442 D X   0.004 0.030 0.000 0.016 0.003 0.007 0.475 0.465 
 443 E X   0.004 0.031 0.000 0.019 0.004 0.008 0.477 0.456 
 444 I X   0.004 0.032 0.000 0.021 0.004 0.008 0.480 0.449 
 445 T X   0.005 0.032 0.001 0.021 0.004 0.008 0.485 0.445 
 446 K X   0.005 0.031 0.000 0.021 0.004 0.008 0.490 0.442 
 447 E X   0.004 0.028 0.000 0.018 0.004 0.007 0.496 0.441 
 448 T X   0.004 0.024 0.000 0.015 0.003 0.006 0.503 0.443 
 449 T X   0.004 0.020 0.000 0.011 0.003 0.006 0.510 0.446 
 450 E X   0.004 0.015 0.000 0.008 0.002 0.005 0.516 0.449 
 451 K X   0.004 0.011 0.000 0.006 0.002 0.004 0.522 0.451 
 452 T X   0.003 0.009 0.000 0.004 0.001 0.004 0.527 0.451 
 453 K X   0.003 0.007 0.000 0.003 0.001 0.004 0.531 0.450 
 454 D X   0.003 0.007 0.000 0.003 0.001 0.004 0.534 0.449 
 455 S X   0.003 0.007 0.000 0.004 0.001 0.004 0.536 0.446 
 456 P X   0.003 0.007 0.000 0.004 0.001 0.004 0.537 0.443 
 457 T X   0.003 0.008 0.000 0.006 0.001 0.004 0.538 0.440 
 458 K X   0.003 0.008 0.000 0.007 0.002 0.005 0.538 0.437 
 459 H X   0.003 0.010 0.000 0.008 0.002 0.005 0.538 0.435 
 460 V X   0.003 0.011 0.000 0.008 0.002 0.005 0.538 0.434 
 461 Q X   0.003 0.011 0.000 0.008 0.002 0.005 0.537 0.434 
 462 H X   0.002 0.012 0.000 0.008 0.002 0.005 0.537 0.434 
 463 S X   0.002 0.013 0.000 0.007 0.002 0.004 0.536 0.436 
 464 G X   0.002 0.013 0.000 0.006 0.002 0.004 0.535 0.437 
 465 D X   0.002 0.014 0.000 0.006 0.001 0.004 0.535 0.438 
 466 Q X   0.002 0.015 0.000 0.005 0.001 0.004 0.534 0.438 
 467 Q X   0.002 0.017 0.000 0.005 0.002 0.005 0.532 0.437 
 468 D X   0.003 0.020 0.000 0.006 0.002 0.006 0.531 0.434 
 469 C X   0.003 0.024 0.000 0.008 0.002 0.006 0.528 0.428 
 470 L X   0.003 0.030 0.000 0.010 0.003 0.008 0.526 0.419 
 471 Q X   0.004 0.038 0.000 0.014 0.004 0.009 0.523 0.408 
 472 H X   0.004 0.047 0.001 0.018 0.005 0.010 0.521 0.395 
 473 G X   0.005 0.055 0.001 0.023 0.006 0.011 0.519 0.381 
 474 A X   0.005 0.062 0.001 0.027 0.007 0.011 0.518 0.369 
 475 D X   0.005 0.067 0.001 0.031 0.007 0.011 0.518 0.360 
 476 T X   0.005 0.069 0.001 0.032 0.007 0.011 0.520 0.355 
 477 V X   0.006 0.069 0.001 0.032 0.007 0.011 0.523 0.353 
 478 Q X   0.005 0.066 0.001 0.029 0.007 0.010 0.528 0.354 
 479 L X   0.005 0.062 0.001 0.025 0.006 0.009 0.534 0.359 
 480 P X   0.005 0.054 0.001 0.020 0.005 0.008 0.541 0.367 
 481 Q X   0.005 0.045 0.000 0.014 0.003 0.007 0.548 0.377 
 482 L X   0.004 0.036 0.000 0.010 0.002 0.006 0.555 0.387 
 483 V X   0.004 0.029 0.000 0.006 0.002 0.005 0.560 0.395 
 484 D X   0.003 0.024 0.000 0.004 0.001 0.004 0.563 0.401 
 485 A X   0.003 0.022 0.000 0.003 0.001 0.004 0.565 0.403 
 486 P X   0.002 0.022 0.000 0.002 0.001 0.004 0.566 0.403 
 487 K X   0.003 0.023 0.000 0.003 0.001 0.005 0.566 0.400 
 488 K X   0.003 0.027 0.000 0.004 0.002 0.006 0.564 0.393 
 489 S X   0.004 0.037 0.000 0.008 0.003 0.008 0.561 0.379 
 490 E X   0.005 0.058 0.001 0.014 0.005 0.010 0.556 0.351 
 491 A X   0.005 0.091 0.001 0.023 0.007 0.012 0.549 0.312 
 492 A X   0.005 0.126 0.001 0.033 0.009 0.013 0.543 0.270 
 493 V X   0.005 0.153 0.001 0.042 0.010 0.013 0.539 0.238 
 494 G X   0.005 0.169 0.001 0.048 0.010 0.013 0.538 0.217 
 495 A X   0.004 0.176 0.001 0.051 0.010 0.013 0.539 0.205 
 496 E X   0.004 0.178 0.001 0.052 0.010 0.013 0.542 0.201 
 497 V X   0.004 0.175 0.001 0.049 0.010 0.012 0.548 0.202 
 498 S X   0.004 0.167 0.001 0.043 0.009 0.011 0.556 0.209 
 499 M X   0.004 0.152 0.001 0.036 0.008 0.010 0.569 0.221 
 500 T X   0.004 0.130 0.001 0.028 0.007 0.009 0.584 0.237 
 501 S X   0.004 0.104 0.001 0.020 0.006 0.008 0.602 0.255 
 502 P X   0.004 0.080 0.001 0.014 0.004 0.007 0.620 0.270 
 503 G X   0.004 0.063 0.000 0.009 0.003 0.006 0.635 0.279 
 504 Q X   0.003 0.052 0.000 0.006 0.002 0.006 0.646 0.283 
 505 S X   0.003 0.046 0.000 0.005 0.002 0.005 0.656 0.283 
 506 K X   0.003 0.043 0.000 0.004 0.001 0.005 0.663 0.281 
 507 N X   0.003 0.042 0.000 0.005 0.001 0.005 0.668 0.276 
 508 F X   0.003 0.042 0.000 0.005 0.002 0.006 0.673 0.269 
 509 S X   0.003 0.044 0.000 0.007 0.002 0.006 0.677 0.261 
 510 L X   0.003 0.046 0.000 0.009 0.003 0.007 0.682 0.251 
 511 K X   0.003 0.048 0.000 0.012 0.003 0.007 0.686 0.240 
 512 N X   0.003 0.050 0.000 0.014 0.003 0.007 0.690 0.232 
 513 T X   0.003 0.051 0.000 0.016 0.004 0.006 0.695 0.225 
 514 N X   0.003 0.051 0.000 0.016 0.003 0.005 0.701 0.219 
 515 V X   0.002 0.050 0.000 0.015 0.003 0.004 0.709 0.217 
 516 L X   0.001 0.048 0.000 0.013 0.002 0.003 0.717 0.217 
 517 P X   0.001 0.042 0.000 0.008 0.001 0.001 0.724 0.222 
 518 P X   0.000 0.036 0.000 0.005 0.000 0.000 0.726 0.231 
 519 I X   0.000 0.032 0.000 0.005 0.000 0.000 0.724 0.238 
 520 V X   0.002 0.030 0.001 0.012 0.003 0.002 0.709 0.240 
