#TopoPred_TM8: 8-state transmembrane topology prediction results by no_profile mode 
#probabilities are in the order of H E C I L F X _, the 8 transmembrane topology types used in PDBTM 
   1 M X   0.004 0.000 0.001 0.026 0.006 0.004 0.941 0.017 
   2 R X   0.001 0.000 0.000 0.012 0.001 0.002 0.970 0.015 
   3 H X   0.000 0.000 0.000 0.005 0.000 0.001 0.979 0.015 
   4 S X   0.000 0.000 0.000 0.003 0.000 0.001 0.982 0.015 
   5 K X   0.000 0.000 0.000 0.002 0.000 0.001 0.983 0.014 
   6 R X   0.000 0.000 0.000 0.002 0.000 0.001 0.983 0.014 
   7 T X   0.000 0.000 0.000 0.001 0.000 0.001 0.983 0.015 
   8 Y X   0.000 0.000 0.000 0.001 0.000 0.001 0.983 0.015 
   9 C X   0.000 0.000 0.000 0.001 0.000 0.001 0.982 0.016 
  10 P X   0.000 0.000 0.000 0.001 0.000 0.001 0.982 0.016 
  11 D X   0.000 0.000 0.000 0.001 0.000 0.001 0.981 0.017 
  12 W X   0.000 0.000 0.000 0.001 0.000 0.001 0.980 0.018 
  13 D X   0.000 0.000 0.000 0.001 0.000 0.001 0.979 0.020 
  14 D X   0.000 0.000 0.000 0.001 0.000 0.001 0.977 0.021 
  15 K X   0.000 0.000 0.000 0.001 0.000 0.001 0.976 0.022 
  16 D X   0.000 0.000 0.000 0.001 0.000 0.001 0.974 0.023 
  17 W X   0.000 0.000 0.000 0.001 0.000 0.001 0.972 0.025 
  18 D X   0.000 0.000 0.000 0.001 0.000 0.001 0.971 0.026 
  19 Y X   0.000 0.000 0.000 0.002 0.000 0.001 0.968 0.028 
  20 G X   0.000 0.000 0.000 0.002 0.000 0.001 0.966 0.030 
  21 K X   0.000 0.000 0.000 0.002 0.000 0.001 0.964 0.031 
  22 W X   0.000 0.000 0.000 0.002 0.000 0.001 0.962 0.033 
  23 R X   0.000 0.000 0.000 0.002 0.000 0.001 0.960 0.035 
  24 S X   0.000 0.000 0.000 0.002 0.000 0.001 0.958 0.037 
  25 S X   0.000 0.000 0.000 0.002 0.000 0.001 0.956 0.039 
  26 S X   0.000 0.000 0.000 0.002 0.000 0.001 0.954 0.041 
  27 S X   0.000 0.000 0.000 0.002 0.000 0.001 0.953 0.043 
  28 H X   0.000 0.000 0.000 0.002 0.000 0.001 0.951 0.045 
  29 K X   0.000 0.000 0.000 0.002 0.000 0.001 0.949 0.047 
  30 R X   0.001 0.001 0.000 0.002 0.000 0.001 0.947 0.049 
  31 R X   0.001 0.001 0.000 0.002 0.000 0.001 0.944 0.051 
  32 K X   0.001 0.001 0.000 0.002 0.000 0.001 0.942 0.054 
  33 R X   0.001 0.001 0.000 0.002 0.000 0.001 0.939 0.056 
  34 S X   0.001 0.001 0.000 0.002 0.000 0.001 0.937 0.059 
  35 H X   0.001 0.001 0.000 0.002 0.001 0.001 0.934 0.061 
  36 S X   0.001 0.001 0.000 0.002 0.001 0.001 0.931 0.064 
  37 S X   0.001 0.001 0.000 0.002 0.001 0.001 0.927 0.067 
  38 A X   0.001 0.001 0.000 0.002 0.001 0.001 0.924 0.070 
  39 Q X   0.001 0.001 0.000 0.003 0.001 0.001 0.920 0.073 
  40 E X   0.001 0.001 0.000 0.003 0.001 0.002 0.917 0.076 
  41 N X   0.001 0.001 0.000 0.003 0.001 0.002 0.913 0.080 
  42 K X   0.001 0.002 0.000 0.003 0.001 0.002 0.909 0.083 
  43 R X   0.001 0.002 0.000 0.003 0.001 0.002 0.905 0.087 
  44 C X   0.001 0.002 0.000 0.003 0.001 0.002 0.901 0.090 
  45 K X   0.001 0.002 0.000 0.003 0.001 0.002 0.897 0.094 
  46 Y X   0.001 0.003 0.000 0.003 0.001 0.002 0.893 0.097 
  47 N X   0.001 0.003 0.000 0.004 0.001 0.002 0.889 0.101 
  48 H X   0.001 0.003 0.000 0.004 0.001 0.002 0.885 0.104 
  49 S X   0.001 0.004 0.000 0.004 0.001 0.002 0.881 0.107 
  50 K X   0.001 0.004 0.000 0.005 0.001 0.002 0.877 0.110 
  51 M X   0.001 0.005 0.000 0.005 0.001 0.003 0.873 0.112 
  52 C X   0.001 0.005 0.000 0.006 0.001 0.003 0.869 0.114 
  53 D X   0.001 0.006 0.000 0.007 0.001 0.003 0.866 0.116 
  54 S X   0.001 0.006 0.000 0.008 0.002 0.003 0.863 0.118 
  55 H X   0.001 0.006 0.000 0.008 0.002 0.003 0.860 0.120 
  56 Y X   0.001 0.006 0.000 0.008 0.002 0.003 0.858 0.122 
  57 L X   0.001 0.006 0.000 0.007 0.002 0.003 0.857 0.124 
  58 E X   0.001 0.005 0.000 0.006 0.001 0.003 0.857 0.126 
  59 S X   0.001 0.005 0.000 0.005 0.001 0.002 0.856 0.129 
  60 R X   0.001 0.004 0.000 0.004 0.001 0.002 0.856 0.131 
  61 S X   0.001 0.003 0.000 0.003 0.001 0.002 0.856 0.134 
  62 I X   0.001 0.002 0.000 0.002 0.001 0.002 0.855 0.136 
  63 N X   0.001 0.002 0.000 0.002 0.001 0.002 0.855 0.138 
  64 E X   0.001 0.002 0.000 0.002 0.001 0.002 0.853 0.140 
  65 K X   0.001 0.002 0.000 0.002 0.001 0.002 0.852 0.142 
  66 D X   0.001 0.002 0.000 0.002 0.001 0.002 0.849 0.144 
  67 Y X   0.001 0.002 0.000 0.002 0.001 0.002 0.847 0.145 
  68 H X   0.001 0.002 0.000 0.003 0.001 0.002 0.844 0.146 
  69 S X   0.001 0.003 0.000 0.004 0.001 0.003 0.840 0.147 
  70 R X   0.001 0.003 0.000 0.006 0.001 0.003 0.837 0.148 
  71 R X   0.001 0.003 0.000 0.007 0.002 0.003 0.834 0.149 
  72 Y X   0.002 0.004 0.000 0.008 0.002 0.003 0.831 0.151 
  73 I X   0.002 0.004 0.000 0.008 0.002 0.003 0.829 0.152 
  74 D X   0.002 0.004 0.000 0.007 0.002 0.003 0.828 0.155 
  75 E X   0.002 0.004 0.000 0.006 0.001 0.003 0.826 0.158 
  76 Y X   0.001 0.003 0.000 0.005 0.001 0.003 0.825 0.161 
  77 R X   0.001 0.003 0.000 0.004 0.001 0.002 0.824 0.164 
  78 N X   0.001 0.002 0.000 0.003 0.001 0.002 0.823 0.166 
  79 D X   0.001 0.002 0.000 0.003 0.001 0.002 0.822 0.169 
  80 Y X   0.001 0.002 0.000 0.003 0.001 0.002 0.821 0.171 
  81 T X   0.001 0.002 0.000 0.003 0.001 0.002 0.819 0.173 
  82 Q X   0.001 0.002 0.000 0.003 0.001 0.002 0.817 0.175 
  83 G X   0.001 0.002 0.000 0.003 0.001 0.002 0.814 0.177 
  84 C X   0.001 0.002 0.000 0.003 0.001 0.002 0.811 0.180 
  85 E X   0.001 0.002 0.000 0.004 0.001 0.002 0.807 0.183 
  86 P X   0.001 0.002 0.000 0.004 0.001 0.002 0.803 0.186 
  87 G X   0.001 0.002 0.000 0.004 0.001 0.003 0.799 0.190 
  88 H X   0.001 0.002 0.000 0.005 0.001 0.003 0.795 0.194 
  89 R X   0.001 0.002 0.000 0.005 0.001 0.003 0.790 0.198 
  90 Q X   0.001 0.002 0.000 0.005 0.001 0.003 0.786 0.202 
  91 R X   0.001 0.002 0.000 0.005 0.001 0.003 0.781 0.206 
  92 D X   0.001 0.002 0.000 0.005 0.001 0.003 0.777 0.210 
  93 H X   0.001 0.002 0.000 0.005 0.001 0.003 0.773 0.214 
  94 E X   0.001 0.002 0.000 0.005 0.001 0.003 0.768 0.219 
  95 S X   0.001 0.003 0.000 0.005 0.001 0.003 0.763 0.224 
  96 R X   0.001 0.003 0.000 0.005 0.001 0.003 0.758 0.228 
  97 Y X   0.001 0.003 0.000 0.005 0.001 0.003 0.753 0.233 
  98 Q X   0.001 0.003 0.000 0.005 0.001 0.003 0.748 0.239 
  99 N X   0.001 0.003 0.000 0.005 0.001 0.003 0.742 0.244 
 100 H X   0.002 0.003 0.000 0.005 0.001 0.003 0.736 0.249 
 101 S X   0.002 0.003 0.000 0.005 0.001 0.003 0.730 0.255 
 102 S X   0.002 0.004 0.000 0.006 0.001 0.003 0.724 0.260 
 103 K X   0.002 0.004 0.000 0.006 0.001 0.004 0.717 0.265 
 104 S X   0.002 0.005 0.000 0.007 0.002 0.004 0.710 0.271 
 105 S X   0.002 0.005 0.000 0.008 0.002 0.004 0.704 0.276 
 106 G X   0.002 0.005 0.000 0.008 0.002 0.004 0.697 0.281 
 107 R X   0.002 0.006 0.000 0.008 0.002 0.004 0.690 0.288 
 108 S X   0.002 0.006 0.000 0.008 0.002 0.004 0.684 0.294 
 109 G X   0.002 0.006 0.000 0.007 0.002 0.004 0.677 0.301 
 110 R X   0.002 0.006 0.000 0.007 0.002 0.004 0.671 0.308 
 111 S X   0.002 0.006 0.000 0.006 0.002 0.004 0.665 0.316 
 112 S X   0.002 0.006 0.000 0.006 0.001 0.004 0.658 0.322 
 113 Y X   0.002 0.006 0.000 0.006 0.002 0.004 0.651 0.329 
 114 K X   0.002 0.007 0.000 0.006 0.002 0.005 0.644 0.334 
 115 S X   0.003 0.008 0.000 0.007 0.002 0.005 0.637 0.339 
 116 K X   0.003 0.009 0.000 0.008 0.002 0.006 0.629 0.343 
 117 H X   0.003 0.011 0.000 0.010 0.003 0.006 0.621 0.346 
 118 R X   0.003 0.012 0.000 0.013 0.003 0.007 0.613 0.349 
 119 I X   0.003 0.014 0.000 0.015 0.003 0.007 0.606 0.352 
 120 H X   0.003 0.015 0.000 0.016 0.004 0.007 0.599 0.356 
 121 H X   0.003 0.015 0.000 0.017 0.004 0.007 0.593 0.361 
 122 S X   0.003 0.015 0.000 0.016 0.003 0.007 0.587 0.368 
 123 T X   0.003 0.014 0.000 0.015 0.003 0.006 0.583 0.375 
 124 S X   0.003 0.013 0.000 0.013 0.003 0.006 0.579 0.383 
 125 H X   0.003 0.012 0.000 0.011 0.002 0.005 0.576 0.391 
 126 R X   0.003 0.010 0.000 0.009 0.002 0.005 0.572 0.399 
 127 R X   0.003 0.008 0.000 0.007 0.002 0.005 0.569 0.406 
 128 S X   0.003 0.007 0.000 0.006 0.002 0.004 0.565 0.413 
 129 H X   0.003 0.006 0.000 0.006 0.001 0.004 0.561 0.418 
 130 G X   0.003 0.006 0.000 0.006 0.001 0.004 0.557 0.423 
 131 K X   0.003 0.005 0.000 0.006 0.002 0.004 0.552 0.428 
 132 S X   0.003 0.005 0.000 0.007 0.002 0.005 0.546 0.432 
 133 H X   0.003 0.005 0.000 0.008 0.002 0.005 0.541 0.436 
 134 R X   0.003 0.005 0.000 0.008 0.002 0.005 0.535 0.441 
 135 R X   0.003 0.005 0.000 0.009 0.002 0.005 0.530 0.446 
 136 K X   0.003 0.004 0.000 0.009 0.002 0.005 0.524 0.453 
 137 R X   0.003 0.004 0.000 0.008 0.002 0.005 0.518 0.460 
 138 T X   0.003 0.004 0.000 0.007 0.002 0.005 0.511 0.468 
 139 R X   0.003 0.003 0.000 0.006 0.002 0.004 0.504 0.478 
 140 S X   0.003 0.003 0.000 0.005 0.001 0.004 0.496 0.488 
 141 V _   0.003 0.003 0.000 0.004 0.001 0.004 0.487 0.498 
 142 E _   0.003 0.003 0.000 0.004 0.001 0.005 0.477 0.508 
 143 D _   0.003 0.004 0.000 0.004 0.002 0.005 0.465 0.517 
 144 D _   0.003 0.005 0.000 0.005 0.002 0.007 0.452 0.526 
 145 E _   0.004 0.008 0.000 0.008 0.003 0.009 0.436 0.532 
 146 E _   0.005 0.013 0.001 0.011 0.004 0.011 0.419 0.536 
 147 G _   0.006 0.021 0.001 0.017 0.006 0.014 0.399 0.537 
 148 H _   0.007 0.030 0.001 0.024 0.008 0.017 0.378 0.536 
 149 L _   0.007 0.040 0.001 0.030 0.010 0.019 0.358 0.535 
 150 I _   0.008 0.048 0.001 0.034 0.011 0.021 0.339 0.538 
 151 C _   0.008 0.053 0.001 0.037 0.012 0.022 0.323 0.544 
 152 Q _   0.009 0.056 0.001 0.036 0.013 0.023 0.308 0.554 
 153 S _   0.010 0.057 0.001 0.034 0.013 0.023 0.295 0.567 
 154 G _   0.010 0.057 0.001 0.031 0.013 0.023 0.283 0.581 
 155 D _   0.011 0.056 0.001 0.028 0.012 0.024 0.273 0.595 
 156 V _   0.013 0.054 0.001 0.025 0.012 0.024 0.264 0.607 
 157 L _   0.013 0.052 0.001 0.023 0.012 0.024 0.256 0.620 
 158 S _   0.014 0.049 0.001 0.021 0.011 0.024 0.249 0.631 
 159 A _   0.015 0.046 0.001 0.020 0.011 0.023 0.242 0.642 
 160 R _   0.015 0.043 0.001 0.019 0.010 0.022 0.236 0.653 
 161 Y _   0.016 0.040 0.001 0.017 0.010 0.022 0.230 0.665 
 162 E _   0.016 0.037 0.001 0.016 0.009 0.021 0.225 0.677 
 163 I _   0.016 0.033 0.001 0.014 0.008 0.020 0.220 0.688 
 164 V _   0.016 0.031 0.001 0.013 0.008 0.019 0.215 0.699 
 165 D _   0.016 0.028 0.001 0.012 0.007 0.019 0.210 0.709 
 166 T _   0.016 0.026 0.001 0.011 0.007 0.018 0.205 0.717 
 167 L _   0.016 0.024 0.001 0.011 0.007 0.018 0.200 0.723 
 168 G _   0.016 0.023 0.001 0.011 0.007 0.018 0.196 0.727 
 169 E _   0.016 0.023 0.001 0.012 0.008 0.019 0.191 0.730 
 170 G _   0.016 0.023 0.001 0.014 0.008 0.019 0.187 0.731 
 171 A _   0.016 0.023 0.001 0.016 0.009 0.019 0.183 0.733 
 172 F _   0.016 0.024 0.001 0.018 0.009 0.018 0.179 0.735 
 173 G _   0.016 0.023 0.001 0.019 0.009 0.018 0.176 0.739 
 174 K _   0.015 0.023 0.001 0.019 0.009 0.017 0.173 0.745 
 175 V _   0.014 0.021 0.001 0.018 0.008 0.015 0.170 0.754 
 176 V _   0.012 0.019 0.001 0.016 0.007 0.014 0.167 0.764 
 177 E _   0.011 0.016 0.001 0.013 0.006 0.012 0.165 0.776 
 178 C _   0.010 0.014 0.001 0.010 0.005 0.011 0.162 0.788 
 179 I _   0.009 0.011 0.000 0.008 0.004 0.010 0.159 0.798 
 180 D _   0.008 0.009 0.000 0.006 0.003 0.010 0.156 0.807 
 181 H _   0.008 0.009 0.000 0.005 0.003 0.010 0.153 0.812 
 182 K _   0.008 0.009 0.000 0.005 0.003 0.011 0.149 0.815 
 183 A _   0.009 0.010 0.000 0.006 0.004 0.012 0.145 0.814 
 184 G _   0.010 0.013 0.001 0.008 0.005 0.014 0.141 0.809 
 185 G _   0.011 0.018 0.001 0.011 0.007 0.016 0.136 0.800 
 186 R _   0.013 0.026 0.001 0.017 0.009 0.018 0.131 0.786 
 187 H _   0.013 0.035 0.001 0.022 0.011 0.020 0.126 0.772 
 188 V _   0.014 0.043 0.001 0.028 0.012 0.021 0.121 0.760 
 189 A _   0.014 0.049 0.001 0.031 0.013 0.021 0.117 0.753 
 190 V _   0.014 0.053 0.001 0.032 0.013 0.021 0.114 0.752 
 191 K _   0.013 0.054 0.001 0.031 0.012 0.020 0.111 0.758 
 192 I _   0.012 0.053 0.001 0.027 0.011 0.019 0.109 0.768 
 193 V _   0.012 0.051 0.001 0.022 0.009 0.018 0.107 0.780 
 194 K _   0.011 0.048 0.001 0.017 0.008 0.017 0.105 0.793 
 195 N _   0.011 0.045 0.001 0.013 0.006 0.017 0.103 0.804 
 196 V _   0.011 0.042 0.001 0.010 0.005 0.017 0.102 0.813 
 197 D _   0.011 0.041 0.001 0.008 0.005 0.017 0.100 0.817 
 198 R _   0.012 0.041 0.001 0.008 0.005 0.018 0.098 0.817 
 199 Y _   0.013 0.044 0.001 0.008 0.006 0.019 0.096 0.813 
 200 C _   0.015 0.049 0.001 0.010 0.007 0.021 0.093 0.803 
 201 E _   0.017 0.058 0.001 0.014 0.009 0.024 0.090 0.787 
 202 A _   0.019 0.073 0.001 0.019 0.012 0.026 0.087 0.763 
 203 A _   0.020 0.091 0.001 0.026 0.015 0.028 0.084 0.734 
 204 R _   0.021 0.110 0.001 0.035 0.018 0.029 0.080 0.705 
 205 S _   0.021 0.127 0.002 0.044 0.020 0.030 0.078 0.679 
 206 E _   0.022 0.138 0.002 0.052 0.021 0.029 0.076 0.662 
 207 I _   0.021 0.143 0.002 0.057 0.021 0.028 0.074 0.654 
 208 Q _   0.021 0.143 0.001 0.058 0.019 0.026 0.074 0.658 
 209 V _   0.020 0.138 0.001 0.055 0.017 0.024 0.074 0.671 
 210 L _   0.018 0.126 0.001 0.048 0.015 0.021 0.074 0.696 
 211 E _   0.017 0.105 0.001 0.038 0.012 0.018 0.075 0.733 
 212 H _   0.015 0.076 0.001 0.027 0.009 0.016 0.077 0.779 
 213 L _   0.013 0.045 0.001 0.017 0.006 0.013 0.078 0.827 
 214 N _   0.011 0.021 0.001 0.009 0.004 0.011 0.078 0.864 
 215 T _   0.010 0.008 0.000 0.005 0.002 0.009 0.078 0.888 
 216 T _   0.009 0.002 0.000 0.002 0.002 0.009 0.077 0.898 
 217 D _   0.010 0.001 0.000 0.002 0.001 0.010 0.076 0.900 
 218 P _   0.013 0.001 0.000 0.002 0.002 0.013 0.074 0.896 
 219 N _   0.021 0.001 0.000 0.002 0.003 0.019 0.071 0.882 
 220 S _   0.034 0.002 0.001 0.005 0.007 0.028 0.068 0.855 
 221 T _   0.051 0.007 0.001 0.012 0.015 0.040 0.063 0.811 
 222 F _   0.071 0.018 0.002 0.024 0.027 0.052 0.058 0.749 
 223 R _   0.089 0.033 0.002 0.041 0.039 0.061 0.052 0.683 
 224 C _   0.106 0.044 0.003 0.056 0.048 0.067 0.047 0.631 
 225 V _   0.121 0.050 0.003 0.065 0.052 0.069 0.043 0.597 
 226 Q _   0.137 0.051 0.003 0.066 0.053 0.068 0.039 0.582 
 227 M _   0.154 0.048 0.003 0.059 0.051 0.065 0.037 0.584 
 228 L _   0.174 0.039 0.003 0.045 0.045 0.061 0.034 0.599 
 229 E _   0.196 0.026 0.003 0.029 0.036 0.055 0.032 0.623 
 230 W _   0.220 0.012 0.002 0.015 0.027 0.049 0.031 0.645 
 231 F _   0.244 0.003 0.001 0.006 0.018 0.043 0.029 0.655 
 232 E _   0.270 0.001 0.001 0.003 0.013 0.038 0.027 0.648 
 233 H _   0.303 0.000 0.001 0.001 0.010 0.034 0.026 0.625 
 234 H _   0.347 0.000 0.001 0.001 0.010 0.033 0.024 0.584 
 235 G _   0.403 0.000 0.001 0.001 0.012 0.033 0.023 0.527 
 236 H H   0.466 0.000 0.001 0.001 0.016 0.033 0.022 0.460 
 237 I H   0.525 0.000 0.001 0.002 0.022 0.034 0.021 0.394 
 238 C H   0.573 0.000 0.002 0.003 0.028 0.035 0.021 0.338 
 239 I H   0.603 0.001 0.002 0.004 0.034 0.035 0.021 0.300 
 240 V H   0.618 0.001 0.002 0.006 0.038 0.034 0.022 0.280 
 241 F H   0.615 0.002 0.002 0.007 0.040 0.033 0.023 0.278 
 242 E H   0.596 0.002 0.002 0.008 0.040 0.032 0.025 0.295 
 243 L H   0.558 0.002 0.002 0.009 0.038 0.030 0.028 0.332 
 244 L H   0.503 0.001 0.002 0.009 0.034 0.028 0.031 0.392 
 245 G _   0.430 0.001 0.002 0.007 0.027 0.025 0.035 0.472 
 246 L _   0.346 0.001 0.002 0.006 0.020 0.022 0.040 0.564 
 247 S _   0.263 0.000 0.001 0.005 0.013 0.019 0.044 0.654 
 248 T _   0.190 0.000 0.001 0.004 0.009 0.017 0.049 0.732 
 249 Y _   0.132 0.000 0.001 0.003 0.006 0.015 0.052 0.791 
 250 D _   0.091 0.000 0.001 0.003 0.004 0.013 0.056 0.833 
 251 F _   0.063 0.000 0.000 0.003 0.004 0.013 0.058 0.859 
 252 I _   0.046 0.000 0.000 0.003 0.003 0.013 0.060 0.873 
 253 K _   0.036 0.001 0.000 0.004 0.004 0.014 0.062 0.880 
 254 E _   0.030 0.001 0.000 0.005 0.004 0.015 0.063 0.881 
 255 N _   0.027 0.002 0.001 0.006 0.005 0.017 0.064 0.877 
 256 G _   0.025 0.004 0.001 0.008 0.006 0.019 0.065 0.871 
 257 F _   0.025 0.007 0.001 0.011 0.008 0.022 0.066 0.862 
 258 L _   0.025 0.009 0.001 0.012 0.009 0.024 0.067 0.853 
 259 P _   0.026 0.012 0.001 0.013 0.010 0.026 0.068 0.844 
 260 F _   0.027 0.015 0.001 0.014 0.011 0.028 0.069 0.835 
 261 R _   0.029 0.017 0.001 0.014 0.012 0.030 0.070 0.827 
 262 L _   0.031 0.020 0.001 0.014 0.013 0.033 0.071 0.817 
 263 D _   0.033 0.023 0.001 0.014 0.014 0.035 0.073 0.806 
 264 H _   0.037 0.027 0.001 0.015 0.016 0.037 0.074 0.793 
 265 I _   0.041 0.032 0.001 0.017 0.018 0.039 0.076 0.776 
 266 R _   0.044 0.038 0.001 0.019 0.020 0.041 0.077 0.759 
 267 K _   0.047 0.044 0.002 0.023 0.022 0.041 0.080 0.741 
 268 M _   0.049 0.051 0.002 0.026 0.023 0.042 0.082 0.726 
 269 A _   0.048 0.055 0.002 0.029 0.024 0.041 0.085 0.715 
 270 Y _   0.047 0.058 0.002 0.031 0.023 0.039 0.089 0.710 
 271 Q _   0.044 0.060 0.002 0.032 0.022 0.037 0.092 0.712 
 272 I _   0.041 0.059 0.001 0.031 0.020 0.034 0.097 0.718 
 273 C _   0.038 0.057 0.001 0.029 0.017 0.031 0.101 0.726 
 274 K _   0.034 0.054 0.001 0.027 0.015 0.027 0.106 0.736 
 275 S _   0.030 0.049 0.001 0.024 0.012 0.024 0.112 0.747 
 276 V _   0.026 0.044 0.001 0.021 0.010 0.021 0.117 0.759 
 277 N _   0.023 0.038 0.001 0.019 0.008 0.018 0.123 0.771 
 278 F _   0.019 0.032 0.001 0.016 0.006 0.016 0.128 0.782 
 279 L _   0.016 0.026 0.001 0.014 0.005 0.013 0.133 0.792 
 280 H _   0.013 0.021 0.001 0.012 0.004 0.011 0.138 0.801 
 281 S _   0.011 0.016 0.000 0.009 0.003 0.009 0.142 0.808 
 282 N _   0.009 0.012 0.000 0.007 0.003 0.008 0.146 0.815 
 283 K _   0.008 0.009 0.000 0.006 0.002 0.007 0.148 0.819 
 284 L _   0.007 0.008 0.000 0.005 0.002 0.006 0.150 0.823 
 285 T _   0.006 0.007 0.000 0.004 0.002 0.006 0.151 0.825 
 286 H _   0.005 0.007 0.000 0.004 0.001 0.006 0.152 0.825 
 287 T _   0.005 0.007 0.000 0.004 0.002 0.006 0.152 0.824 
 288 D _   0.006 0.009 0.000 0.005 0.002 0.008 0.151 0.819 
 289 L _   0.006 0.013 0.000 0.007 0.003 0.009 0.150 0.810 
 290 K _   0.007 0.022 0.001 0.012 0.004 0.012 0.149 0.794 
 291 P _   0.009 0.035 0.001 0.019 0.006 0.014 0.147 0.770 
 292 E _   0.010 0.052 0.001 0.028 0.008 0.016 0.144 0.740 
 293 N _   0.010 0.068 0.001 0.037 0.010 0.018 0.142 0.713 
 294 I _   0.011 0.080 0.001 0.046 0.011 0.019 0.141 0.690 
 295 L _   0.011 0.088 0.001 0.051 0.012 0.019 0.141 0.678 
 296 F _   0.011 0.090 0.001 0.052 0.012 0.018 0.141 0.675 
 297 V _   0.011 0.089 0.001 0.049 0.011 0.017 0.143 0.681 
 298 Q _   0.010 0.084 0.001 0.043 0.009 0.015 0.145 0.694 
 299 S _   0.009 0.074 0.001 0.034 0.007 0.013 0.147 0.714 
 300 D _   0.009 0.061 0.001 0.026 0.006 0.011 0.150 0.737 
 301 Y _   0.008 0.046 0.001 0.018 0.004 0.010 0.154 0.760 
 302 T _   0.007 0.033 0.000 0.012 0.003 0.008 0.156 0.780 
 303 E _   0.007 0.024 0.000 0.008 0.002 0.007 0.158 0.794 
 304 A _   0.006 0.018 0.000 0.006 0.002 0.006 0.159 0.804 
 305 Y _   0.005 0.015 0.000 0.004 0.001 0.005 0.159 0.809 
 306 N _   0.005 0.014 0.000 0.004 0.001 0.005 0.158 0.813 
 307 P _   0.004 0.014 0.000 0.004 0.001 0.005 0.156 0.814 
 308 K _   0.004 0.015 0.000 0.005 0.002 0.006 0.154 0.814 
 309 I _   0.004 0.017 0.000 0.006 0.002 0.006 0.151 0.813 
 310 K _   0.004 0.021 0.000 0.008 0.002 0.007 0.147 0.809 
 311 R _   0.005 0.027 0.000 0.010 0.003 0.008 0.143 0.804 
 312 D _   0.005 0.035 0.000 0.013 0.004 0.009 0.138 0.797 
 313 E _   0.005 0.043 0.001 0.015 0.004 0.010 0.132 0.789 
 314 R _   0.005 0.052 0.001 0.018 0.005 0.011 0.127 0.781 
 315 T _   0.005 0.061 0.001 0.019 0.005 0.011 0.122 0.775 
 316 L _   0.006 0.068 0.001 0.021 0.006 0.012 0.118 0.769 
 317 I _   0.006 0.075 0.001 0.022 0.006 0.013 0.114 0.764 
 318 N _   0.006 0.081 0.001 0.023 0.006 0.014 0.110 0.759 
 319 P _   0.007 0.087 0.001 0.025 0.007 0.014 0.106 0.754 
 320 D _   0.007 0.092 0.001 0.027 0.008 0.015 0.103 0.748 
 321 I _   0.008 0.096 0.001 0.030 0.008 0.016 0.100 0.741 
 322 K _   0.009 0.099 0.001 0.033 0.009 0.016 0.097 0.736 
 323 V _   0.010 0.100 0.001 0.035 0.010 0.016 0.095 0.733 
 324 V _   0.010 0.100 0.001 0.037 0.010 0.016 0.094 0.733 
 325 D _   0.010 0.096 0.001 0.036 0.009 0.016 0.093 0.739 
 326 F _   0.010 0.090 0.001 0.033 0.009 0.015 0.092 0.751 
 327 G _   0.010 0.079 0.001 0.029 0.007 0.013 0.092 0.769 
 328 S _   0.009 0.065 0.001 0.023 0.006 0.012 0.092 0.793 
 329 A _   0.008 0.049 0.001 0.017 0.005 0.010 0.091 0.819 
 330 T _   0.007 0.035 0.001 0.012 0.004 0.009 0.091 0.843 
 331 Y _   0.006 0.024 0.000 0.008 0.003 0.008 0.090 0.861 
 332 D _   0.006 0.017 0.000 0.006 0.002 0.007 0.089 0.873 
 333 D _   0.005 0.014 0.000 0.005 0.002 0.007 0.087 0.880 
 334 E _   0.005 0.012 0.000 0.005 0.002 0.008 0.085 0.883 
 335 H _   0.005 0.012 0.000 0.006 0.002 0.008 0.083 0.883 
 336 H _   0.006 0.012 0.000 0.008 0.003 0.010 0.080 0.881 
 337 S _   0.006 0.014 0.000 0.010 0.004 0.012 0.077 0.878 
 338 T _   0.007 0.015 0.001 0.013 0.005 0.013 0.073 0.873 
 339 L _   0.007 0.017 0.001 0.016 0.006 0.015 0.069 0.869 
 340 V _   0.008 0.018 0.001 0.017 0.006 0.017 0.065 0.867 
 341 S _   0.009 0.019 0.001 0.018 0.007 0.019 0.062 0.867 
 342 T _   0.010 0.019 0.001 0.017 0.008 0.021 0.058 0.866 
 343 R _   0.012 0.019 0.001 0.016 0.008 0.024 0.055 0.865 
 344 H _   0.015 0.019 0.001 0.015 0.010 0.027 0.051 0.862 
 345 Y _   0.019 0.019 0.001 0.015 0.011 0.031 0.048 0.856 
 346 R _   0.025 0.020 0.001 0.016 0.014 0.035 0.045 0.845 
 347 A _   0.032 0.021 0.001 0.018 0.018 0.039 0.041 0.829 
 348 P _   0.041 0.023 0.001 0.023 0.022 0.043 0.038 0.808 
 349 E _   0.053 0.025 0.002 0.028 0.027 0.047 0.035 0.785 
 350 V _   0.065 0.027 0.002 0.033 0.030 0.048 0.032 0.763 
 351 I _   0.079 0.027 0.002 0.036 0.032 0.049 0.029 0.746 
 352 L _   0.093 0.026 0.002 0.035 0.032 0.048 0.027 0.738 
 353 A _   0.107 0.022 0.002 0.031 0.030 0.045 0.024 0.738 
 354 L _   0.123 0.017 0.002 0.025 0.026 0.041 0.022 0.744 
 355 G _   0.140 0.010 0.002 0.016 0.021 0.037 0.020 0.752 
 356 W _   0.161 0.004 0.001 0.009 0.016 0.033 0.019 0.758 
 357 S _   0.184 0.001 0.001 0.004 0.012 0.028 0.017 0.753 
 358 Q _   0.214 0.000 0.001 0.002 0.009 0.025 0.015 0.734 
 359 P _   0.257 0.000 0.001 0.001 0.008 0.022 0.013 0.699 
 360 C _   0.316 0.000 0.001 0.001 0.008 0.021 0.011 0.643 
 361 D _   0.390 0.000 0.001 0.001 0.009 0.020 0.009 0.570 
 362 V H   0.480 0.000 0.001 0.001 0.011 0.020 0.008 0.480 
 363 W H   0.571 0.000 0.001 0.001 0.014 0.020 0.006 0.386 
 364 S H   0.654 0.000 0.001 0.001 0.018 0.020 0.005 0.301 
 365 I H   0.721 0.000 0.001 0.001 0.021 0.019 0.004 0.232 
 366 G H   0.767 0.000 0.001 0.001 0.024 0.018 0.004 0.184 
 367 C H   0.799 0.000 0.001 0.001 0.025 0.017 0.004 0.152 
 368 I H   0.816 0.000 0.001 0.001 0.027 0.016 0.004 0.134 
 369 L H   0.821 0.000 0.001 0.001 0.028 0.016 0.004 0.128 
 370 I H   0.815 0.000 0.001 0.001 0.029 0.016 0.005 0.132 
 371 E H   0.795 0.000 0.002 0.002 0.030 0.016 0.006 0.149 
 372 Y H   0.759 0.000 0.002 0.002 0.031 0.016 0.008 0.181 
 373 Y H   0.704 0.000 0.002 0.004 0.031 0.017 0.011 0.231 
 374 L H   0.628 0.000 0.002 0.005 0.029 0.018 0.015 0.302 
 375 G H   0.535 0.000 0.002 0.007 0.026 0.018 0.021 0.391 
 376 F _   0.431 0.001 0.002 0.008 0.021 0.018 0.028 0.492 
 377 T _   0.326 0.000 0.002 0.008 0.015 0.016 0.035 0.598 
 378 V _   0.229 0.000 0.001 0.007 0.010 0.014 0.041 0.697 
 379 F _   0.152 0.000 0.001 0.005 0.006 0.012 0.047 0.777 
 380 P _   0.095 0.000 0.001 0.003 0.004 0.010 0.051 0.836 
 381 T _   0.059 0.000 0.000 0.002 0.003 0.009 0.053 0.873 
 382 H _   0.039 0.000 0.000 0.001 0.002 0.009 0.055 0.893 
 383 D _   0.030 0.000 0.000 0.001 0.002 0.010 0.057 0.900 
 384 S _   0.028 0.000 0.000 0.002 0.002 0.013 0.058 0.896 
 385 K _   0.032 0.001 0.000 0.003 0.004 0.019 0.059 0.882 
 386 E _   0.038 0.006 0.001 0.006 0.009 0.026 0.059 0.855 
 387 H _   0.047 0.020 0.001 0.013 0.015 0.034 0.059 0.810 
 388 L _   0.054 0.049 0.002 0.025 0.024 0.042 0.060 0.745 
 389 A _   0.058 0.084 0.002 0.040 0.031 0.046 0.060 0.679 
 390 M _   0.059 0.112 0.002 0.051 0.035 0.048 0.061 0.632 
 391 M _   0.059 0.128 0.002 0.058 0.036 0.048 0.062 0.606 
 392 E _   0.058 0.135 0.002 0.060 0.035 0.047 0.064 0.601 
 393 R _   0.054 0.135 0.002 0.055 0.032 0.044 0.067 0.611 
 394 I _   0.050 0.130 0.002 0.047 0.028 0.040 0.070 0.634 
 395 L _   0.045 0.120 0.002 0.037 0.023 0.036 0.074 0.664 
 396 G _   0.040 0.105 0.002 0.027 0.018 0.032 0.078 0.698 
 397 P _   0.035 0.090 0.001 0.020 0.013 0.028 0.082 0.730 
 398 L _   0.031 0.078 0.001 0.015 0.010 0.025 0.086 0.754 
 399 P _   0.027 0.069 0.001 0.012 0.008 0.023 0.090 0.770 
 400 K _   0.024 0.064 0.001 0.011 0.007 0.021 0.093 0.779 
 401 H _   0.021 0.061 0.001 0.011 0.006 0.019 0.096 0.783 
 402 M _   0.019 0.060 0.001 0.013 0.006 0.018 0.099 0.785 
 403 I _   0.017 0.059 0.001 0.014 0.006 0.017 0.102 0.785 
 404 Q _   0.015 0.058 0.001 0.016 0.006 0.016 0.104 0.784 
 405 K _   0.014 0.057 0.001 0.017 0.006 0.015 0.107 0.784 
 406 T _   0.012 0.055 0.001 0.017 0.006 0.014 0.110 0.785 
 407 R _   0.011 0.052 0.001 0.017 0.006 0.013 0.113 0.787 
 408 K _   0.011 0.049 0.001 0.017 0.005 0.012 0.116 0.790 
 409 R _   0.010 0.045 0.001 0.016 0.005 0.011 0.119 0.794 
 410 K _   0.009 0.041 0.001 0.015 0.004 0.010 0.123 0.798 
 411 Y _   0.008 0.036 0.000 0.013 0.004 0.009 0.127 0.802 
 412 F _   0.008 0.032 0.000 0.012 0.003 0.008 0.130 0.806 
 413 H _   0.007 0.028 0.000 0.010 0.003 0.007 0.134 0.810 
 414 H _   0.007 0.024 0.000 0.009 0.003 0.007 0.137 0.814 
 415 D _   0.006 0.021 0.000 0.007 0.002 0.006 0.140 0.818 
 416 R _   0.006 0.018 0.000 0.006 0.002 0.005 0.142 0.821 
 417 L _   0.005 0.017 0.000 0.005 0.002 0.005 0.143 0.823 
 418 D _   0.005 0.016 0.000 0.004 0.001 0.005 0.144 0.824 
 419 W _   0.004 0.017 0.000 0.004 0.001 0.005 0.144 0.823 
 420 D _   0.004 0.018 0.000 0.005 0.002 0.006 0.144 0.821 
 421 E _   0.005 0.022 0.000 0.006 0.002 0.007 0.143 0.816 
 422 H _   0.005 0.027 0.000 0.008 0.003 0.008 0.142 0.807 
 423 S _   0.006 0.036 0.000 0.010 0.003 0.009 0.141 0.795 
 424 S _   0.006 0.049 0.001 0.013 0.004 0.010 0.138 0.778 
 425 A _   0.006 0.063 0.001 0.017 0.005 0.011 0.136 0.760 
 426 G _   0.006 0.078 0.001 0.020 0.006 0.012 0.134 0.743 
 427 R _   0.006 0.091 0.001 0.022 0.006 0.013 0.132 0.728 
 428 Y _   0.006 0.101 0.001 0.023 0.007 0.013 0.131 0.717 
 429 V _   0.006 0.109 0.001 0.023 0.007 0.013 0.130 0.711 
 430 S _   0.006 0.114 0.001 0.022 0.007 0.013 0.129 0.707 
 431 R _   0.006 0.118 0.001 0.021 0.006 0.014 0.129 0.704 
 432 R _   0.007 0.122 0.001 0.020 0.007 0.014 0.129 0.702 
 433 C _   0.007 0.124 0.001 0.019 0.007 0.014 0.130 0.699 
 434 K _   0.007 0.127 0.001 0.019 0.007 0.014 0.131 0.695 
 435 P _   0.008 0.129 0.001 0.019 0.007 0.014 0.132 0.691 
 436 L _   0.008 0.130 0.001 0.020 0.007 0.015 0.133 0.686 
 437 K _   0.009 0.131 0.001 0.020 0.007 0.015 0.135 0.683 
 438 E _   0.009 0.131 0.001 0.020 0.007 0.015 0.137 0.681 
 439 F _   0.009 0.129 0.001 0.019 0.007 0.014 0.139 0.683 
 440 M _   0.009 0.125 0.001 0.017 0.007 0.014 0.141 0.686 
 441 L _   0.009 0.121 0.001 0.015 0.006 0.014 0.144 0.690 
 442 S _   0.009 0.116 0.001 0.013 0.006 0.014 0.147 0.695 
 443 Q _   0.009 0.111 0.001 0.011 0.005 0.014 0.150 0.699 
 444 D _   0.010 0.107 0.001 0.010 0.005 0.015 0.152 0.701 
 445 V _   0.011 0.105 0.001 0.009 0.005 0.016 0.155 0.698 
 446 E _   0.012 0.105 0.001 0.010 0.006 0.017 0.158 0.692 
 447 H _   0.013 0.108 0.001 0.012 0.007 0.018 0.160 0.681 
 448 E _   0.015 0.112 0.001 0.015 0.009 0.020 0.163 0.665 
 449 R _   0.016 0.118 0.001 0.020 0.011 0.021 0.166 0.647 
 450 L _   0.017 0.125 0.001 0.026 0.012 0.022 0.169 0.628 
 451 F _   0.017 0.129 0.001 0.031 0.014 0.022 0.173 0.612 
 452 D _   0.017 0.132 0.001 0.035 0.014 0.022 0.178 0.601 
 453 L _   0.017 0.131 0.001 0.036 0.014 0.021 0.184 0.596 
 454 I _   0.017 0.127 0.001 0.035 0.013 0.019 0.191 0.597 
 455 Q _   0.016 0.119 0.001 0.031 0.011 0.018 0.199 0.605 
 456 K _   0.014 0.107 0.001 0.026 0.009 0.016 0.208 0.620 
 457 M _   0.013 0.090 0.001 0.019 0.007 0.014 0.217 0.639 
 458 L _   0.011 0.074 0.001 0.013 0.005 0.012 0.226 0.658 
 459 E _   0.010 0.061 0.001 0.008 0.004 0.011 0.234 0.672 
 460 Y _   0.008 0.053 0.000 0.005 0.003 0.010 0.240 0.680 
 461 D _   0.008 0.050 0.000 0.004 0.002 0.010 0.245 0.681 
 462 P _   0.008 0.050 0.000 0.004 0.002 0.011 0.249 0.676 
 463 A _   0.009 0.054 0.000 0.005 0.003 0.012 0.252 0.664 
 464 K _   0.010 0.065 0.001 0.008 0.005 0.015 0.254 0.642 
 465 R _   0.012 0.087 0.001 0.013 0.007 0.018 0.256 0.606 
 466 I _   0.012 0.123 0.001 0.019 0.010 0.020 0.258 0.556 
 467 T _   0.012 0.168 0.001 0.026 0.012 0.022 0.260 0.499 
 468 L _   0.011 0.210 0.001 0.033 0.013 0.022 0.262 0.448 
 469 R _   0.011 0.242 0.001 0.037 0.014 0.022 0.265 0.407 
 470 E _   0.010 0.264 0.001 0.040 0.014 0.022 0.269 0.378 
 471 A _   0.010 0.277 0.001 0.042 0.014 0.022 0.275 0.359 
 472 L _   0.010 0.285 0.001 0.042 0.014 0.021 0.282 0.345 
 473 K _   0.010 0.287 0.001 0.041 0.013 0.021 0.290 0.336 
 474 H _   0.010 0.286 0.001 0.040 0.012 0.020 0.300 0.330 
 475 P _   0.010 0.281 0.001 0.038 0.012 0.018 0.312 0.327 
 476 F _   0.009 0.273 0.001 0.037 0.011 0.017 0.325 0.327 
 477 F X   0.008 0.260 0.001 0.034 0.010 0.015 0.340 0.331 
 478 D X   0.007 0.243 0.001 0.031 0.009 0.012 0.358 0.338 
 479 L X   0.006 0.219 0.001 0.027 0.007 0.009 0.378 0.353 
 480 L X   0.004 0.184 0.001 0.021 0.004 0.006 0.402 0.378 
 481 K X   0.002 0.137 0.000 0.013 0.002 0.003 0.424 0.419 
 482 K _   0.000 0.099 0.000 0.007 0.000 0.001 0.434 0.458 
 483 S _   0.000 0.081 0.000 0.007 0.000 0.001 0.434 0.476 
 484 I _   0.003 0.074 0.001 0.014 0.003 0.003 0.427 0.474 
