#TopoPred_TM8: 8-state transmembrane topology prediction results by no_profile mode 
#probabilities are in the order of H E C I L F X _, the 8 transmembrane topology types used in PDBTM 
   1 M X   0.020 0.001 0.003 0.079 0.013 0.016 0.585 0.282 
   2 A X   0.009 0.001 0.000 0.056 0.004 0.011 0.602 0.318 
   3 T X   0.004 0.001 0.000 0.039 0.002 0.009 0.604 0.342 
   4 C X   0.004 0.001 0.000 0.029 0.002 0.009 0.599 0.356 
   5 I X   0.005 0.001 0.000 0.024 0.002 0.010 0.588 0.369 
   6 G X   0.006 0.001 0.000 0.020 0.003 0.012 0.574 0.385 
   7 E X   0.007 0.001 0.000 0.017 0.003 0.013 0.558 0.400 
   8 K X   0.008 0.002 0.000 0.015 0.004 0.013 0.542 0.417 
   9 I X   0.008 0.002 0.001 0.014 0.004 0.013 0.524 0.434 
  10 E X   0.008 0.003 0.001 0.013 0.004 0.013 0.506 0.452 
  11 D X   0.007 0.004 0.001 0.013 0.005 0.013 0.488 0.470 
  12 F _   0.007 0.004 0.001 0.013 0.005 0.013 0.471 0.486 
  13 K _   0.007 0.005 0.001 0.013 0.005 0.013 0.455 0.501 
  14 V _   0.007 0.006 0.001 0.014 0.006 0.013 0.439 0.514 
  15 G _   0.007 0.007 0.001 0.014 0.006 0.014 0.424 0.527 
  16 N _   0.008 0.008 0.001 0.015 0.006 0.015 0.409 0.539 
  17 L _   0.008 0.008 0.001 0.015 0.007 0.016 0.394 0.551 
  18 L _   0.009 0.009 0.001 0.016 0.007 0.016 0.380 0.561 
  19 G _   0.009 0.010 0.001 0.017 0.008 0.017 0.367 0.572 
  20 K _   0.010 0.010 0.001 0.018 0.008 0.018 0.353 0.581 
  21 G _   0.010 0.010 0.001 0.018 0.009 0.019 0.341 0.591 
  22 S _   0.011 0.010 0.001 0.019 0.009 0.020 0.329 0.600 
  23 F _   0.012 0.010 0.001 0.018 0.009 0.020 0.319 0.610 
  24 A _   0.013 0.009 0.001 0.017 0.009 0.021 0.309 0.620 
  25 G _   0.015 0.008 0.001 0.016 0.009 0.021 0.299 0.631 
  26 V _   0.016 0.007 0.001 0.013 0.008 0.022 0.290 0.643 
  27 Y _   0.017 0.006 0.001 0.011 0.008 0.022 0.282 0.654 
  28 R _   0.020 0.005 0.001 0.009 0.007 0.023 0.273 0.663 
  29 A _   0.023 0.004 0.001 0.007 0.007 0.025 0.265 0.669 
  30 E _   0.027 0.003 0.001 0.006 0.008 0.027 0.256 0.671 
  31 S _   0.032 0.004 0.001 0.006 0.010 0.030 0.248 0.670 
  32 I _   0.038 0.005 0.001 0.007 0.012 0.034 0.240 0.664 
  33 H _   0.044 0.006 0.001 0.009 0.016 0.037 0.231 0.654 
  34 T _   0.051 0.010 0.001 0.014 0.020 0.040 0.223 0.641 
  35 G _   0.056 0.015 0.002 0.019 0.024 0.043 0.216 0.626 
  36 L _   0.060 0.020 0.002 0.026 0.027 0.044 0.209 0.613 
  37 E _   0.061 0.024 0.002 0.031 0.028 0.043 0.203 0.609 
  38 V _   0.059 0.026 0.002 0.034 0.028 0.041 0.198 0.613 
  39 A _   0.056 0.026 0.002 0.034 0.026 0.038 0.193 0.625 
  40 I _   0.051 0.024 0.002 0.030 0.022 0.035 0.190 0.646 
  41 K _   0.046 0.021 0.001 0.025 0.018 0.031 0.187 0.672 
  42 M _   0.039 0.017 0.001 0.019 0.013 0.026 0.184 0.700 
  43 I _   0.033 0.012 0.001 0.013 0.010 0.023 0.182 0.728 
  44 D _   0.027 0.008 0.001 0.009 0.007 0.019 0.179 0.750 
  45 K _   0.022 0.006 0.001 0.006 0.005 0.017 0.176 0.767 
  46 K _   0.019 0.005 0.000 0.005 0.004 0.015 0.174 0.778 
  47 A _   0.017 0.004 0.000 0.005 0.004 0.014 0.171 0.785 
  48 M _   0.015 0.004 0.000 0.005 0.004 0.014 0.167 0.789 
  49 Y _   0.015 0.005 0.001 0.007 0.004 0.014 0.164 0.790 
  50 K _   0.015 0.007 0.001 0.009 0.005 0.015 0.160 0.789 
  51 A _   0.015 0.009 0.001 0.012 0.006 0.015 0.157 0.787 
  52 G _   0.015 0.011 0.001 0.014 0.007 0.015 0.153 0.784 
  53 M _   0.015 0.012 0.001 0.015 0.007 0.016 0.150 0.783 
  54 V _   0.015 0.013 0.001 0.016 0.007 0.016 0.147 0.785 
  55 Q _   0.014 0.014 0.001 0.015 0.007 0.015 0.144 0.789 
  56 R _   0.014 0.014 0.001 0.014 0.007 0.015 0.142 0.794 
  57 V _   0.013 0.014 0.001 0.013 0.006 0.014 0.139 0.800 
  58 Q _   0.013 0.013 0.001 0.011 0.006 0.014 0.137 0.805 
  59 N _   0.012 0.013 0.001 0.010 0.005 0.014 0.135 0.809 
  60 E _   0.012 0.013 0.001 0.010 0.005 0.014 0.134 0.812 
  61 V _   0.012 0.013 0.001 0.009 0.005 0.014 0.132 0.815 
  62 K _   0.012 0.014 0.001 0.009 0.005 0.014 0.130 0.816 
  63 I _   0.012 0.015 0.001 0.009 0.005 0.014 0.128 0.816 
  64 H _   0.012 0.016 0.001 0.009 0.005 0.015 0.126 0.816 
  65 C _   0.012 0.018 0.001 0.010 0.006 0.016 0.123 0.815 
  66 Q _   0.012 0.020 0.001 0.011 0.006 0.017 0.121 0.813 
  67 L _   0.012 0.023 0.001 0.013 0.007 0.018 0.118 0.808 
  68 K _   0.013 0.027 0.001 0.015 0.008 0.019 0.115 0.802 
  69 H _   0.013 0.032 0.001 0.019 0.010 0.021 0.112 0.793 
  70 P _   0.014 0.037 0.001 0.024 0.012 0.022 0.109 0.781 
  71 S _   0.015 0.042 0.001 0.029 0.013 0.022 0.107 0.770 
  72 I _   0.016 0.046 0.001 0.034 0.014 0.023 0.105 0.761 
  73 L _   0.016 0.049 0.001 0.037 0.014 0.022 0.103 0.757 
  74 E _   0.016 0.048 0.001 0.037 0.014 0.021 0.102 0.760 
  75 L _   0.015 0.045 0.001 0.034 0.012 0.020 0.102 0.771 
  76 Y _   0.014 0.040 0.001 0.028 0.010 0.018 0.101 0.789 
  77 N _   0.013 0.032 0.001 0.020 0.008 0.016 0.101 0.810 
  78 Y _   0.012 0.023 0.001 0.013 0.005 0.014 0.101 0.831 
  79 F _   0.011 0.016 0.000 0.008 0.004 0.013 0.100 0.848 
  80 E _   0.011 0.012 0.000 0.005 0.003 0.013 0.099 0.857 
  81 D _   0.011 0.011 0.000 0.003 0.003 0.014 0.098 0.859 
  82 S _   0.013 0.012 0.000 0.004 0.004 0.016 0.096 0.855 
  83 N _   0.016 0.015 0.001 0.006 0.006 0.020 0.094 0.841 
  84 Y _   0.021 0.027 0.001 0.011 0.010 0.025 0.091 0.814 
  85 V _   0.024 0.051 0.001 0.022 0.016 0.029 0.088 0.768 
  86 Y _   0.026 0.087 0.002 0.035 0.021 0.033 0.084 0.713 
  87 L _   0.027 0.118 0.002 0.049 0.024 0.034 0.080 0.666 
  88 V _   0.027 0.139 0.002 0.059 0.025 0.034 0.078 0.637 
  89 L _   0.026 0.149 0.002 0.064 0.025 0.033 0.076 0.626 
  90 E _   0.024 0.152 0.002 0.064 0.024 0.031 0.075 0.629 
  91 M _   0.021 0.150 0.002 0.059 0.021 0.028 0.075 0.644 
  92 C _   0.019 0.140 0.002 0.051 0.018 0.025 0.075 0.670 
  93 H _   0.018 0.125 0.001 0.041 0.014 0.022 0.076 0.703 
  94 N _   0.016 0.105 0.001 0.032 0.011 0.019 0.077 0.739 
  95 G _   0.014 0.083 0.001 0.024 0.008 0.016 0.078 0.775 
  96 E _   0.013 0.063 0.001 0.018 0.006 0.014 0.080 0.805 
  97 M _   0.012 0.046 0.001 0.014 0.005 0.012 0.081 0.829 
  98 N _   0.011 0.034 0.001 0.012 0.004 0.011 0.081 0.847 
  99 R _   0.010 0.024 0.000 0.010 0.003 0.010 0.082 0.861 
 100 Y _   0.008 0.017 0.000 0.009 0.003 0.009 0.082 0.872 
 101 L _   0.008 0.012 0.000 0.008 0.003 0.008 0.081 0.880 
 102 K _   0.007 0.009 0.000 0.007 0.002 0.007 0.080 0.887 
 103 N _   0.007 0.006 0.000 0.006 0.002 0.007 0.079 0.892 
 104 R _   0.007 0.004 0.000 0.006 0.002 0.006 0.078 0.897 
 105 V _   0.007 0.003 0.000 0.005 0.002 0.006 0.076 0.900 
 106 K _   0.008 0.002 0.000 0.005 0.002 0.006 0.074 0.903 
 107 P _   0.011 0.001 0.000 0.004 0.002 0.007 0.071 0.903 
 108 F _   0.016 0.001 0.000 0.004 0.002 0.008 0.068 0.901 
 109 S _   0.027 0.000 0.000 0.004 0.003 0.009 0.064 0.893 
 110 E _   0.048 0.000 0.000 0.003 0.003 0.011 0.059 0.875 
 111 N _   0.083 0.000 0.001 0.003 0.005 0.014 0.053 0.842 
 112 E _   0.140 0.000 0.001 0.003 0.007 0.018 0.046 0.785 
 113 A _   0.222 0.000 0.001 0.003 0.010 0.022 0.038 0.704 
 114 R _   0.326 0.000 0.001 0.003 0.015 0.026 0.030 0.600 
 115 H _   0.439 0.000 0.002 0.002 0.020 0.029 0.022 0.486 
 116 F H   0.545 0.000 0.002 0.002 0.026 0.031 0.016 0.378 
 117 M H   0.633 0.000 0.002 0.002 0.031 0.031 0.012 0.288 
 118 H H   0.701 0.000 0.002 0.002 0.034 0.030 0.009 0.221 
 119 Q H   0.747 0.000 0.002 0.002 0.036 0.028 0.008 0.178 
 120 I H   0.777 0.000 0.002 0.002 0.036 0.026 0.007 0.151 
 121 I H   0.792 0.000 0.002 0.002 0.035 0.023 0.006 0.139 
 122 T H   0.794 0.000 0.002 0.002 0.034 0.022 0.006 0.140 
 123 G H   0.784 0.000 0.002 0.002 0.032 0.020 0.006 0.154 
 124 M H   0.758 0.000 0.002 0.002 0.030 0.019 0.006 0.182 
 125 L H   0.714 0.000 0.002 0.002 0.027 0.019 0.007 0.230 
 126 Y H   0.651 0.000 0.002 0.002 0.023 0.018 0.008 0.296 
 127 L H   0.571 0.000 0.002 0.002 0.020 0.018 0.009 0.379 
 128 H H   0.483 0.000 0.001 0.002 0.016 0.018 0.010 0.469 
 129 S _   0.398 0.000 0.001 0.002 0.013 0.018 0.012 0.555 
 130 H _   0.321 0.000 0.001 0.003 0.011 0.018 0.014 0.632 
 131 G _   0.257 0.000 0.001 0.003 0.009 0.018 0.016 0.695 
 132 I _   0.205 0.000 0.001 0.004 0.008 0.019 0.018 0.745 
 133 L _   0.163 0.000 0.001 0.005 0.008 0.019 0.019 0.785 
 134 H _   0.130 0.000 0.001 0.005 0.008 0.020 0.020 0.816 
 135 R _   0.104 0.001 0.001 0.006 0.008 0.020 0.021 0.839 
 136 D _   0.085 0.001 0.001 0.006 0.008 0.021 0.022 0.856 
 137 L _   0.071 0.001 0.001 0.007 0.008 0.021 0.023 0.867 
 138 T _   0.060 0.002 0.001 0.008 0.009 0.022 0.024 0.875 
 139 L _   0.052 0.002 0.001 0.010 0.009 0.023 0.025 0.878 
 140 S _   0.047 0.003 0.001 0.011 0.010 0.023 0.025 0.880 
 141 N _   0.043 0.004 0.001 0.012 0.010 0.023 0.026 0.881 
 142 L _   0.040 0.004 0.001 0.013 0.010 0.024 0.027 0.881 
 143 L _   0.038 0.005 0.001 0.013 0.010 0.023 0.028 0.882 
 144 L _   0.036 0.005 0.001 0.012 0.010 0.023 0.028 0.885 
 145 T _   0.034 0.005 0.001 0.011 0.009 0.023 0.029 0.887 
 146 R _   0.033 0.005 0.001 0.010 0.009 0.023 0.030 0.890 
 147 N _   0.032 0.006 0.001 0.009 0.008 0.023 0.030 0.892 
 148 M _   0.032 0.006 0.001 0.009 0.008 0.023 0.031 0.891 
 149 N _   0.033 0.007 0.001 0.009 0.008 0.024 0.031 0.888 
 150 I _   0.034 0.008 0.001 0.010 0.009 0.024 0.032 0.882 
 151 K _   0.035 0.011 0.001 0.012 0.010 0.025 0.033 0.873 
 152 I _   0.036 0.014 0.001 0.016 0.012 0.026 0.033 0.862 
 153 A _   0.036 0.018 0.001 0.020 0.013 0.027 0.034 0.851 
 154 D _   0.035 0.021 0.001 0.024 0.014 0.027 0.035 0.843 
 155 F _   0.034 0.024 0.001 0.028 0.014 0.026 0.036 0.839 
 156 G _   0.031 0.025 0.001 0.029 0.014 0.024 0.037 0.840 
 157 L _   0.028 0.024 0.001 0.029 0.012 0.022 0.038 0.846 
 158 A _   0.024 0.023 0.001 0.026 0.011 0.020 0.039 0.856 
 159 T _   0.021 0.020 0.001 0.022 0.009 0.017 0.041 0.869 
 160 Q _   0.018 0.016 0.001 0.017 0.007 0.015 0.042 0.885 
 161 L _   0.015 0.011 0.001 0.012 0.005 0.012 0.043 0.900 
 162 K _   0.013 0.008 0.000 0.009 0.004 0.010 0.044 0.912 
 163 M _   0.011 0.005 0.000 0.006 0.003 0.009 0.045 0.921 
 164 P _   0.009 0.003 0.000 0.005 0.002 0.008 0.045 0.927 
 165 H _   0.008 0.003 0.000 0.005 0.002 0.007 0.045 0.930 
 166 E _   0.008 0.002 0.000 0.005 0.002 0.007 0.045 0.930 
 167 K _   0.008 0.002 0.000 0.006 0.002 0.007 0.045 0.930 
 168 H _   0.007 0.003 0.000 0.007 0.003 0.008 0.044 0.928 
 169 Y _   0.008 0.003 0.000 0.008 0.003 0.008 0.043 0.926 
 170 T _   0.008 0.004 0.000 0.010 0.004 0.009 0.042 0.924 
 171 L _   0.007 0.004 0.000 0.011 0.004 0.009 0.041 0.923 
 172 C _   0.007 0.004 0.000 0.011 0.004 0.009 0.040 0.924 
 173 G _   0.007 0.004 0.000 0.011 0.004 0.009 0.039 0.925 
 174 T _   0.007 0.004 0.000 0.011 0.004 0.009 0.038 0.927 
 175 P _   0.007 0.004 0.000 0.010 0.004 0.009 0.037 0.929 
 176 N _   0.006 0.004 0.000 0.010 0.004 0.009 0.036 0.930 
 177 Y _   0.007 0.004 0.000 0.010 0.004 0.010 0.035 0.931 
 178 I _   0.007 0.004 0.000 0.010 0.004 0.010 0.033 0.930 
 179 S _   0.007 0.005 0.001 0.012 0.005 0.011 0.032 0.928 
 180 P _   0.008 0.005 0.001 0.013 0.005 0.012 0.031 0.926 
 181 E _   0.009 0.005 0.001 0.015 0.006 0.013 0.029 0.922 
 182 I _   0.010 0.006 0.001 0.016 0.006 0.014 0.028 0.919 
 183 A _   0.012 0.006 0.001 0.017 0.007 0.014 0.026 0.918 
 184 T _   0.015 0.005 0.001 0.016 0.007 0.014 0.025 0.917 
 185 R _   0.020 0.004 0.001 0.014 0.007 0.014 0.023 0.917 
 186 S _   0.028 0.003 0.001 0.011 0.007 0.014 0.022 0.915 
 187 A _   0.041 0.002 0.001 0.008 0.006 0.014 0.020 0.908 
 188 H _   0.060 0.001 0.001 0.006 0.006 0.014 0.018 0.895 
 189 G _   0.091 0.000 0.001 0.003 0.006 0.013 0.016 0.869 
 190 L _   0.138 0.000 0.001 0.002 0.006 0.014 0.014 0.825 
 191 E _   0.206 0.000 0.001 0.002 0.007 0.014 0.012 0.759 
 192 S _   0.296 0.000 0.001 0.001 0.008 0.015 0.010 0.669 
 193 D _   0.408 0.000 0.001 0.001 0.010 0.015 0.008 0.556 
 194 V H   0.531 0.000 0.001 0.001 0.013 0.016 0.006 0.433 
 195 W H   0.645 0.000 0.001 0.001 0.015 0.015 0.004 0.318 
 196 S H   0.734 0.000 0.001 0.001 0.018 0.015 0.003 0.228 
 197 L H   0.797 0.000 0.001 0.001 0.020 0.014 0.003 0.165 
 198 G H   0.837 0.000 0.001 0.001 0.021 0.013 0.002 0.125 
 199 C H   0.858 0.000 0.001 0.001 0.022 0.012 0.002 0.104 
 200 M H   0.864 0.000 0.001 0.001 0.023 0.011 0.003 0.098 
 201 F H   0.857 0.000 0.001 0.001 0.024 0.011 0.003 0.103 
 202 Y H   0.837 0.000 0.001 0.001 0.024 0.011 0.004 0.122 
 203 T H   0.798 0.000 0.002 0.002 0.024 0.011 0.005 0.158 
 204 L H   0.734 0.000 0.002 0.003 0.024 0.012 0.007 0.219 
 205 L H   0.643 0.000 0.002 0.003 0.021 0.012 0.010 0.309 
 206 I H   0.529 0.000 0.002 0.004 0.017 0.012 0.014 0.423 
 207 G _   0.406 0.000 0.001 0.004 0.013 0.012 0.019 0.546 
 208 R _   0.289 0.000 0.001 0.004 0.009 0.010 0.023 0.663 
 209 P _   0.191 0.000 0.001 0.003 0.006 0.009 0.028 0.761 
 210 P _   0.118 0.000 0.001 0.003 0.004 0.008 0.031 0.835 
 211 F _   0.069 0.000 0.000 0.003 0.003 0.007 0.034 0.884 
 212 D _   0.039 0.000 0.000 0.003 0.002 0.006 0.035 0.914 
 213 T _   0.023 0.000 0.000 0.002 0.002 0.006 0.036 0.930 
 214 D _   0.015 0.001 0.000 0.003 0.002 0.006 0.037 0.936 
 215 T _   0.011 0.002 0.000 0.003 0.002 0.007 0.037 0.936 
 216 V _   0.010 0.005 0.000 0.005 0.003 0.009 0.037 0.931 
 217 K _   0.009 0.012 0.000 0.008 0.004 0.011 0.037 0.919 
 218 N _   0.010 0.024 0.001 0.012 0.005 0.013 0.036 0.900 
 219 T _   0.010 0.040 0.001 0.017 0.007 0.016 0.035 0.874 
 220 L _   0.010 0.060 0.001 0.023 0.009 0.018 0.034 0.845 
 221 N _   0.011 0.078 0.001 0.028 0.011 0.019 0.033 0.818 
 222 K _   0.011 0.093 0.001 0.031 0.012 0.021 0.033 0.798 
 223 V _   0.012 0.103 0.001 0.033 0.012 0.022 0.032 0.785 
 224 V _   0.012 0.110 0.001 0.033 0.012 0.022 0.032 0.778 
 225 L _   0.013 0.113 0.001 0.031 0.012 0.022 0.032 0.776 
 226 A _   0.013 0.114 0.001 0.027 0.012 0.022 0.032 0.779 
 227 D _   0.014 0.113 0.001 0.023 0.011 0.022 0.033 0.784 
 228 Y _   0.014 0.110 0.001 0.019 0.010 0.022 0.033 0.790 
 229 E _   0.015 0.108 0.001 0.017 0.009 0.022 0.034 0.795 
 230 M _   0.016 0.106 0.001 0.014 0.009 0.022 0.035 0.798 
 231 P _   0.017 0.105 0.001 0.013 0.008 0.023 0.035 0.799 
 232 S _   0.018 0.105 0.001 0.012 0.008 0.023 0.036 0.797 
 233 F _   0.019 0.106 0.001 0.013 0.009 0.024 0.036 0.792 
 234 L _   0.020 0.109 0.001 0.014 0.010 0.024 0.037 0.786 
 235 S _   0.021 0.112 0.001 0.016 0.011 0.025 0.037 0.777 
 236 I _   0.022 0.116 0.001 0.018 0.012 0.025 0.038 0.768 
 237 E _   0.023 0.120 0.001 0.021 0.013 0.026 0.038 0.758 
 238 A _   0.023 0.124 0.001 0.023 0.013 0.025 0.039 0.751 
 239 K _   0.023 0.126 0.001 0.026 0.014 0.025 0.040 0.745 
 240 D _   0.023 0.126 0.001 0.028 0.014 0.024 0.041 0.743 
 241 L _   0.022 0.124 0.001 0.029 0.013 0.023 0.043 0.745 
 242 I _   0.021 0.120 0.001 0.028 0.012 0.021 0.045 0.751 
 243 H _   0.020 0.113 0.001 0.026 0.011 0.019 0.046 0.763 
 244 Q _   0.018 0.103 0.001 0.023 0.009 0.017 0.049 0.779 
 245 L _   0.017 0.090 0.001 0.019 0.008 0.015 0.051 0.799 
 246 L _   0.015 0.076 0.001 0.015 0.006 0.014 0.053 0.821 
 247 R _   0.013 0.062 0.001 0.011 0.005 0.012 0.055 0.842 
 248 R _   0.011 0.051 0.000 0.008 0.003 0.011 0.057 0.859 
 249 N _   0.009 0.045 0.000 0.006 0.003 0.010 0.058 0.870 
 250 P _   0.009 0.042 0.000 0.005 0.002 0.010 0.058 0.874 
 251 A _   0.008 0.042 0.000 0.005 0.002 0.010 0.058 0.874 
 252 D _   0.009 0.044 0.000 0.006 0.003 0.011 0.058 0.868 
 253 R _   0.010 0.050 0.000 0.008 0.004 0.013 0.058 0.856 
 254 L _   0.011 0.062 0.001 0.012 0.006 0.015 0.057 0.837 
 255 S _   0.012 0.080 0.001 0.018 0.008 0.017 0.056 0.809 
 256 L _   0.012 0.101 0.001 0.026 0.010 0.018 0.055 0.777 
 257 S _   0.012 0.121 0.001 0.034 0.012 0.019 0.054 0.747 
 258 S _   0.012 0.136 0.001 0.041 0.013 0.020 0.054 0.724 
 259 V _   0.012 0.146 0.001 0.047 0.013 0.020 0.053 0.708 
 260 L _   0.012 0.150 0.001 0.049 0.013 0.019 0.054 0.702 
 261 D _   0.012 0.149 0.001 0.048 0.012 0.018 0.055 0.704 
 262 H _   0.012 0.144 0.001 0.045 0.011 0.017 0.056 0.715 
 263 P _   0.011 0.132 0.001 0.039 0.010 0.015 0.059 0.734 
 264 F _   0.011 0.115 0.001 0.031 0.008 0.013 0.061 0.760 
 265 M _   0.010 0.093 0.001 0.023 0.006 0.011 0.064 0.792 
 266 S _   0.009 0.069 0.001 0.016 0.005 0.010 0.066 0.824 
 267 R _   0.008 0.050 0.000 0.011 0.003 0.008 0.068 0.851 
 268 N _   0.007 0.037 0.000 0.007 0.002 0.007 0.070 0.870 
 269 S _   0.006 0.029 0.000 0.005 0.002 0.006 0.070 0.881 
 270 S _   0.005 0.026 0.000 0.004 0.002 0.006 0.070 0.887 
 271 T _   0.005 0.025 0.000 0.004 0.002 0.006 0.070 0.888 
 272 K _   0.005 0.027 0.000 0.005 0.002 0.007 0.069 0.885 
 273 S _   0.005 0.030 0.000 0.008 0.003 0.008 0.068 0.878 
 274 K _   0.005 0.036 0.000 0.011 0.003 0.009 0.067 0.868 
 275 D _   0.006 0.044 0.001 0.016 0.004 0.010 0.065 0.854 
 276 L _   0.006 0.053 0.001 0.020 0.005 0.011 0.063 0.841 
 277 G _   0.006 0.061 0.001 0.022 0.006 0.012 0.061 0.832 
 278 T _   0.006 0.066 0.001 0.023 0.006 0.012 0.060 0.828 
 279 V _   0.005 0.070 0.001 0.021 0.005 0.012 0.059 0.827 
 280 E _   0.005 0.072 0.001 0.018 0.005 0.012 0.057 0.830 
 281 D _   0.006 0.073 0.001 0.015 0.004 0.013 0.056 0.833 
 282 S _   0.006 0.075 0.000 0.012 0.004 0.014 0.055 0.834 
 283 I _   0.007 0.077 0.000 0.010 0.004 0.016 0.054 0.831 
 284 D _   0.009 0.083 0.001 0.010 0.005 0.019 0.052 0.821 
 285 S _   0.012 0.096 0.001 0.012 0.008 0.023 0.050 0.798 
 286 G _   0.017 0.122 0.001 0.016 0.013 0.029 0.047 0.754 
 287 H _   0.021 0.173 0.002 0.024 0.020 0.034 0.044 0.683 
 288 A _   0.023 0.246 0.003 0.034 0.027 0.037 0.040 0.591 
 289 T _   0.024 0.327 0.003 0.043 0.030 0.038 0.036 0.500 
 290 I _   0.023 0.392 0.002 0.050 0.030 0.037 0.033 0.432 
 291 S E   0.022 0.432 0.002 0.054 0.029 0.035 0.032 0.394 
 292 T E   0.021 0.454 0.002 0.054 0.027 0.033 0.031 0.378 
 293 A E   0.021 0.462 0.002 0.051 0.025 0.031 0.031 0.378 
 294 I E   0.020 0.462 0.002 0.046 0.023 0.029 0.031 0.389 
 295 T E   0.018 0.454 0.001 0.039 0.020 0.026 0.031 0.410 
 296 A E   0.017 0.438 0.001 0.032 0.017 0.024 0.032 0.438 
 297 S _   0.016 0.416 0.001 0.026 0.014 0.022 0.033 0.472 
 298 S _   0.015 0.391 0.001 0.021 0.012 0.020 0.034 0.506 
 299 S _   0.014 0.369 0.001 0.017 0.010 0.019 0.035 0.534 
 300 T _   0.013 0.351 0.001 0.015 0.008 0.018 0.036 0.557 
 301 S _   0.012 0.337 0.001 0.014 0.007 0.017 0.038 0.575 
 302 I _   0.012 0.326 0.001 0.014 0.007 0.016 0.039 0.587 
 303 S _   0.011 0.316 0.001 0.014 0.006 0.015 0.040 0.597 
 304 G _   0.011 0.307 0.001 0.014 0.006 0.014 0.041 0.607 
 305 S _   0.010 0.299 0.001 0.014 0.006 0.014 0.042 0.615 
 306 L _   0.010 0.290 0.001 0.014 0.006 0.013 0.043 0.624 
 307 F _   0.009 0.281 0.001 0.014 0.006 0.013 0.044 0.633 
 308 D _   0.009 0.273 0.001 0.014 0.006 0.013 0.045 0.640 
 309 K _   0.009 0.265 0.001 0.014 0.006 0.012 0.047 0.647 
 310 R _   0.009 0.258 0.001 0.014 0.005 0.012 0.048 0.653 
 311 R _   0.009 0.252 0.001 0.014 0.005 0.012 0.049 0.658 
 312 L _   0.009 0.247 0.001 0.014 0.005 0.012 0.051 0.662 
 313 L _   0.008 0.241 0.001 0.014 0.005 0.012 0.053 0.666 
 314 I _   0.008 0.236 0.001 0.015 0.005 0.012 0.054 0.669 
 315 G _   0.008 0.231 0.001 0.015 0.005 0.011 0.056 0.672 
 316 Q _   0.008 0.226 0.001 0.016 0.005 0.011 0.058 0.675 
 317 P _   0.008 0.220 0.001 0.017 0.006 0.011 0.060 0.678 
 318 L _   0.008 0.214 0.001 0.018 0.006 0.012 0.062 0.680 
 319 P _   0.009 0.208 0.001 0.019 0.006 0.012 0.064 0.683 
 320 N _   0.009 0.200 0.001 0.020 0.006 0.012 0.067 0.686 
 321 K _   0.009 0.192 0.001 0.021 0.006 0.012 0.069 0.691 
 322 M _   0.009 0.181 0.001 0.021 0.006 0.011 0.073 0.698 
 323 T _   0.009 0.168 0.001 0.021 0.005 0.011 0.076 0.709 
 324 V _   0.009 0.154 0.001 0.019 0.005 0.010 0.080 0.723 
 325 F _   0.008 0.137 0.001 0.017 0.004 0.009 0.083 0.740 
 326 P _   0.008 0.120 0.001 0.014 0.004 0.008 0.087 0.759 
 327 K _   0.007 0.105 0.000 0.011 0.003 0.008 0.090 0.776 
 328 N _   0.006 0.093 0.000 0.009 0.002 0.007 0.092 0.790 
 329 K _   0.005 0.085 0.000 0.007 0.002 0.006 0.094 0.800 
 330 S _   0.005 0.080 0.000 0.006 0.002 0.006 0.095 0.807 
 331 S _   0.004 0.077 0.000 0.006 0.002 0.006 0.095 0.810 
 332 T _   0.004 0.077 0.000 0.006 0.002 0.006 0.095 0.811 
 333 D _   0.004 0.078 0.000 0.007 0.002 0.006 0.094 0.809 
 334 F _   0.004 0.082 0.000 0.008 0.002 0.006 0.093 0.805 
 335 S _   0.004 0.088 0.000 0.010 0.002 0.007 0.091 0.798 
 336 S _   0.004 0.096 0.000 0.012 0.003 0.007 0.089 0.790 
 337 S _   0.004 0.106 0.000 0.014 0.003 0.008 0.086 0.780 
 338 G _   0.004 0.117 0.000 0.016 0.003 0.008 0.083 0.767 
 339 D _   0.004 0.130 0.000 0.019 0.004 0.009 0.081 0.754 
 340 G _   0.004 0.143 0.001 0.022 0.004 0.009 0.078 0.740 
 341 N _   0.004 0.156 0.001 0.024 0.005 0.010 0.075 0.726 
 342 S _   0.004 0.166 0.001 0.027 0.005 0.010 0.073 0.714 
 343 F _   0.004 0.174 0.001 0.029 0.005 0.010 0.072 0.705 
 344 Y _   0.004 0.179 0.001 0.029 0.005 0.010 0.071 0.700 
 345 T _   0.004 0.181 0.001 0.029 0.005 0.010 0.071 0.699 
 346 Q _   0.004 0.181 0.001 0.027 0.005 0.009 0.071 0.702 
 347 W _   0.004 0.178 0.001 0.024 0.004 0.009 0.071 0.709 
 348 G _   0.004 0.172 0.000 0.020 0.004 0.008 0.072 0.719 
 349 N _   0.004 0.166 0.000 0.015 0.003 0.007 0.073 0.731 
 350 Q _   0.004 0.160 0.000 0.012 0.003 0.007 0.073 0.741 
 351 E _   0.004 0.154 0.000 0.009 0.002 0.006 0.074 0.750 
 352 T _   0.004 0.151 0.000 0.008 0.002 0.006 0.074 0.755 
 353 S _   0.004 0.151 0.000 0.007 0.002 0.006 0.074 0.755 
 354 N _   0.004 0.154 0.000 0.008 0.002 0.007 0.073 0.751 
 355 S _   0.004 0.161 0.000 0.009 0.003 0.008 0.073 0.742 
 356 G _   0.005 0.173 0.000 0.012 0.003 0.009 0.072 0.727 
 357 R _   0.005 0.188 0.001 0.015 0.004 0.009 0.070 0.707 
 358 G _   0.005 0.205 0.001 0.019 0.005 0.010 0.069 0.687 
 359 R _   0.005 0.220 0.001 0.021 0.005 0.010 0.068 0.670 
 360 V _   0.005 0.232 0.001 0.023 0.005 0.010 0.067 0.658 
 361 I _   0.005 0.239 0.001 0.022 0.005 0.009 0.067 0.653 
 362 Q _   0.004 0.242 0.001 0.020 0.004 0.009 0.066 0.652 
 363 D _   0.004 0.244 0.000 0.017 0.004 0.008 0.066 0.655 
 364 A _   0.004 0.243 0.000 0.014 0.003 0.008 0.066 0.660 
 365 E _   0.004 0.243 0.000 0.012 0.003 0.008 0.067 0.663 
 366 E _   0.004 0.243 0.000 0.010 0.003 0.008 0.067 0.665 
 367 R _   0.004 0.245 0.000 0.010 0.003 0.008 0.067 0.662 
 368 P _   0.005 0.250 0.000 0.011 0.003 0.009 0.067 0.654 
 369 H _   0.005 0.259 0.000 0.014 0.004 0.010 0.067 0.641 
 370 S _   0.005 0.271 0.001 0.018 0.005 0.010 0.066 0.624 
 371 R _   0.006 0.284 0.001 0.022 0.006 0.011 0.066 0.604 
 372 Y _   0.006 0.296 0.001 0.027 0.007 0.011 0.066 0.586 
 373 L _   0.006 0.304 0.001 0.030 0.007 0.011 0.066 0.575 
 374 R _   0.006 0.307 0.001 0.031 0.007 0.011 0.067 0.570 
 375 R _   0.006 0.305 0.001 0.031 0.007 0.011 0.069 0.571 
 376 A _   0.006 0.298 0.001 0.029 0.006 0.010 0.071 0.579 
 377 Y _   0.006 0.286 0.001 0.025 0.006 0.009 0.073 0.594 
 378 S _   0.006 0.268 0.001 0.021 0.005 0.009 0.076 0.615 
 379 S _   0.006 0.247 0.001 0.016 0.004 0.008 0.080 0.638 
 380 D _   0.005 0.228 0.000 0.012 0.003 0.007 0.083 0.660 
 381 R _   0.005 0.212 0.000 0.009 0.002 0.007 0.086 0.678 
 382 S _   0.005 0.202 0.000 0.007 0.002 0.007 0.088 0.690 
 383 G _   0.004 0.197 0.000 0.006 0.002 0.007 0.089 0.695 
 384 T _   0.004 0.196 0.000 0.006 0.002 0.007 0.090 0.696 
 385 S _   0.005 0.199 0.000 0.006 0.002 0.008 0.090 0.690 
 386 N _   0.005 0.209 0.000 0.008 0.003 0.009 0.089 0.676 
 387 S _   0.006 0.228 0.001 0.011 0.004 0.011 0.088 0.651 
 388 Q _   0.006 0.260 0.001 0.015 0.006 0.013 0.086 0.612 
 389 S _   0.007 0.307 0.001 0.020 0.008 0.014 0.084 0.560 
 390 Q _   0.007 0.362 0.001 0.024 0.009 0.015 0.081 0.501 
 391 A _   0.006 0.418 0.001 0.028 0.010 0.015 0.078 0.443 
 392 K E   0.006 0.466 0.001 0.030 0.010 0.015 0.077 0.397 
 393 T E   0.005 0.502 0.001 0.030 0.009 0.014 0.076 0.363 
 394 Y E   0.005 0.527 0.001 0.029 0.009 0.013 0.075 0.340 
 395 T E   0.005 0.543 0.001 0.028 0.008 0.013 0.076 0.326 
 396 M E   0.005 0.552 0.001 0.027 0.008 0.013 0.076 0.318 
 397 E E   0.005 0.558 0.001 0.026 0.008 0.013 0.078 0.313 
 398 R E   0.005 0.559 0.001 0.026 0.008 0.012 0.079 0.309 
 399 C E   0.005 0.558 0.001 0.026 0.008 0.012 0.081 0.308 
 400 H E   0.006 0.555 0.001 0.027 0.008 0.012 0.084 0.307 
 401 S E   0.006 0.548 0.001 0.028 0.009 0.012 0.088 0.308 
 402 A E   0.007 0.538 0.001 0.030 0.009 0.012 0.092 0.312 
 403 E E   0.007 0.522 0.001 0.031 0.009 0.012 0.098 0.320 
 404 M E   0.008 0.498 0.001 0.032 0.009 0.012 0.105 0.335 
 405 L E   0.008 0.463 0.001 0.032 0.009 0.012 0.115 0.359 
 406 S E   0.009 0.415 0.001 0.031 0.009 0.012 0.127 0.396 
 407 V _   0.009 0.353 0.001 0.029 0.009 0.012 0.142 0.446 
 408 S _   0.009 0.283 0.001 0.025 0.008 0.012 0.159 0.503 
 409 K _   0.009 0.219 0.001 0.021 0.007 0.011 0.176 0.557 
 410 R _   0.008 0.167 0.001 0.016 0.005 0.010 0.191 0.601 
 411 S _   0.007 0.131 0.001 0.013 0.004 0.009 0.204 0.632 
 412 G _   0.006 0.108 0.000 0.011 0.003 0.008 0.213 0.650 
 413 G _   0.006 0.094 0.000 0.010 0.002 0.008 0.221 0.659 
 414 G _   0.005 0.086 0.000 0.009 0.002 0.007 0.226 0.664 
 415 E _   0.005 0.080 0.000 0.009 0.002 0.007 0.231 0.665 
 416 N _   0.005 0.076 0.000 0.009 0.002 0.007 0.235 0.666 
 417 E _   0.004 0.073 0.000 0.009 0.002 0.007 0.238 0.666 
 418 E _   0.004 0.071 0.000 0.009 0.002 0.006 0.241 0.667 
 419 R _   0.004 0.069 0.000 0.008 0.002 0.006 0.243 0.669 
 420 Y _   0.003 0.068 0.000 0.007 0.002 0.006 0.244 0.671 
 421 S _   0.003 0.068 0.000 0.006 0.002 0.006 0.245 0.671 
 422 P _   0.003 0.069 0.000 0.006 0.002 0.006 0.245 0.669 
 423 T _   0.003 0.072 0.000 0.006 0.002 0.007 0.245 0.664 
 424 D _   0.004 0.080 0.000 0.008 0.002 0.009 0.244 0.653 
 425 N _   0.005 0.094 0.000 0.012 0.004 0.011 0.242 0.632 
 426 N _   0.006 0.120 0.001 0.019 0.006 0.014 0.239 0.595 
 427 A _   0.007 0.159 0.001 0.029 0.009 0.016 0.235 0.544 
 428 N _   0.007 0.204 0.001 0.041 0.011 0.018 0.231 0.487 
 429 I _   0.007 0.241 0.001 0.053 0.012 0.019 0.228 0.438 
 430 F _   0.007 0.265 0.001 0.062 0.013 0.019 0.227 0.407 
 431 N _   0.007 0.276 0.001 0.066 0.013 0.018 0.228 0.391 
 432 F _   0.007 0.279 0.001 0.066 0.012 0.017 0.230 0.387 
 433 F _   0.006 0.276 0.001 0.062 0.011 0.016 0.234 0.394 
 434 K _   0.006 0.264 0.001 0.055 0.010 0.015 0.239 0.410 
 435 E _   0.006 0.243 0.001 0.046 0.009 0.013 0.246 0.436 
 436 K _   0.006 0.212 0.001 0.037 0.008 0.012 0.256 0.469 
 437 T _   0.006 0.175 0.001 0.028 0.007 0.011 0.266 0.505 
 438 S _   0.007 0.139 0.001 0.022 0.005 0.010 0.277 0.540 
 439 S _   0.006 0.109 0.001 0.017 0.004 0.009 0.287 0.566 
 440 S _   0.006 0.086 0.000 0.014 0.003 0.008 0.295 0.586 
 441 S _   0.006 0.070 0.000 0.011 0.003 0.008 0.302 0.600 
 442 G _   0.005 0.058 0.000 0.010 0.002 0.007 0.307 0.610 
 443 S _   0.005 0.049 0.000 0.009 0.002 0.006 0.311 0.617 
 444 F _   0.004 0.043 0.000 0.008 0.002 0.006 0.314 0.623 
 445 E _   0.004 0.038 0.000 0.007 0.002 0.005 0.316 0.628 
 446 R _   0.003 0.034 0.000 0.006 0.001 0.005 0.317 0.632 
 447 P _   0.003 0.032 0.000 0.006 0.001 0.005 0.318 0.635 
 448 D _   0.003 0.031 0.000 0.005 0.001 0.005 0.317 0.637 
 449 N _   0.003 0.031 0.000 0.006 0.001 0.005 0.316 0.638 
 450 N _   0.003 0.032 0.000 0.007 0.002 0.006 0.314 0.636 
 451 Q _   0.003 0.034 0.000 0.008 0.002 0.006 0.312 0.633 
 452 A _   0.003 0.038 0.000 0.011 0.002 0.007 0.310 0.628 
 453 L _   0.004 0.042 0.000 0.014 0.003 0.008 0.307 0.623 
 454 S _   0.004 0.047 0.000 0.017 0.004 0.009 0.304 0.616 
 455 N _   0.004 0.051 0.000 0.020 0.004 0.009 0.301 0.610 
 456 H _   0.004 0.054 0.001 0.022 0.004 0.010 0.299 0.606 
 457 L _   0.004 0.056 0.001 0.024 0.005 0.010 0.297 0.603 
 458 C _   0.004 0.057 0.001 0.024 0.005 0.010 0.297 0.602 
 459 P _   0.005 0.057 0.001 0.023 0.005 0.009 0.297 0.604 
 460 G _   0.005 0.055 0.001 0.021 0.005 0.009 0.297 0.607 
 461 K _   0.005 0.052 0.001 0.019 0.004 0.009 0.298 0.612 
 462 T _   0.005 0.048 0.000 0.016 0.004 0.008 0.300 0.619 
 463 P _   0.005 0.044 0.000 0.013 0.003 0.007 0.302 0.626 
 464 F _   0.005 0.040 0.000 0.010 0.003 0.007 0.303 0.633 
 465 P _   0.004 0.037 0.000 0.007 0.002 0.006 0.303 0.640 
 466 F _   0.004 0.034 0.000 0.005 0.002 0.006 0.303 0.644 
 467 A _   0.004 0.034 0.000 0.004 0.002 0.006 0.303 0.647 
 468 D _   0.004 0.034 0.000 0.004 0.002 0.007 0.301 0.647 
 469 P _   0.005 0.037 0.000 0.005 0.002 0.009 0.299 0.643 
 470 T _   0.006 0.044 0.000 0.006 0.003 0.011 0.295 0.634 
 471 P _   0.007 0.059 0.001 0.010 0.005 0.014 0.290 0.614 
 472 Q _   0.008 0.087 0.001 0.015 0.008 0.017 0.284 0.579 
 473 T _   0.010 0.134 0.001 0.022 0.011 0.020 0.276 0.527 
 474 E _   0.010 0.190 0.002 0.029 0.014 0.022 0.267 0.467 
 475 T _   0.009 0.246 0.002 0.034 0.016 0.022 0.260 0.411 
 476 V _   0.009 0.291 0.002 0.038 0.016 0.022 0.254 0.368 
 477 Q _   0.009 0.323 0.001 0.040 0.016 0.022 0.250 0.340 
 478 Q E   0.008 0.343 0.001 0.040 0.015 0.021 0.248 0.323 
 479 W E   0.008 0.353 0.001 0.039 0.015 0.020 0.248 0.315 
 480 F E   0.008 0.357 0.001 0.038 0.014 0.020 0.248 0.313 
 481 G E   0.009 0.357 0.001 0.035 0.014 0.019 0.250 0.316 
 482 N E   0.009 0.353 0.001 0.032 0.013 0.019 0.253 0.321 
 483 L E   0.009 0.344 0.001 0.030 0.012 0.018 0.256 0.329 
 484 Q _   0.010 0.333 0.001 0.027 0.011 0.018 0.261 0.339 
 485 I _   0.010 0.318 0.001 0.025 0.011 0.017 0.266 0.351 
 486 N _   0.011 0.302 0.001 0.024 0.010 0.016 0.273 0.363 
 487 A _   0.011 0.284 0.001 0.023 0.009 0.016 0.279 0.376 
 488 H _   0.011 0.264 0.001 0.023 0.009 0.015 0.287 0.390 
 489 L _   0.011 0.242 0.001 0.022 0.009 0.015 0.296 0.405 
 490 R _   0.011 0.218 0.001 0.022 0.008 0.014 0.305 0.420 
 491 K _   0.010 0.192 0.001 0.022 0.008 0.013 0.316 0.438 
 492 T _   0.010 0.163 0.001 0.020 0.007 0.012 0.327 0.459 
 493 T _   0.009 0.134 0.001 0.019 0.006 0.011 0.339 0.480 
 494 E _   0.009 0.106 0.001 0.016 0.005 0.010 0.351 0.501 
 495 Y _   0.008 0.081 0.001 0.014 0.005 0.009 0.362 0.520 
 496 D _   0.007 0.060 0.001 0.011 0.004 0.008 0.373 0.536 
 497 S _   0.007 0.044 0.000 0.009 0.003 0.008 0.382 0.547 
 498 I _   0.006 0.033 0.000 0.008 0.002 0.007 0.389 0.556 
 499 S _   0.005 0.025 0.000 0.007 0.002 0.006 0.395 0.560 
 500 P _   0.005 0.020 0.000 0.006 0.002 0.006 0.399 0.562 
 501 N _   0.005 0.017 0.000 0.006 0.002 0.006 0.403 0.562 
 502 R _   0.005 0.014 0.000 0.006 0.002 0.005 0.406 0.561 
 503 D _   0.004 0.013 0.000 0.007 0.002 0.005 0.409 0.560 
 504 F _   0.004 0.012 0.000 0.007 0.002 0.005 0.411 0.559 
 505 Q _   0.004 0.011 0.000 0.007 0.002 0.005 0.412 0.558 
 506 G _   0.004 0.010 0.000 0.007 0.002 0.005 0.413 0.558 
 507 H _   0.004 0.009 0.000 0.007 0.002 0.005 0.413 0.559 
 508 P _   0.004 0.009 0.000 0.007 0.002 0.005 0.413 0.561 
 509 D _   0.003 0.008 0.000 0.006 0.002 0.005 0.413 0.563 
 510 L _   0.003 0.008 0.000 0.006 0.001 0.005 0.412 0.565 
 511 Q _   0.003 0.008 0.000 0.006 0.001 0.005 0.410 0.567 
 512 K _   0.003 0.008 0.000 0.006 0.001 0.005 0.408 0.569 
 513 D _   0.003 0.009 0.000 0.006 0.002 0.005 0.405 0.570 
 514 T _   0.003 0.010 0.000 0.007 0.002 0.005 0.402 0.571 
 515 S _   0.003 0.012 0.000 0.008 0.002 0.006 0.398 0.571 
 516 K _   0.003 0.014 0.000 0.010 0.002 0.006 0.393 0.570 
 517 N _   0.004 0.017 0.000 0.012 0.003 0.007 0.388 0.570 
 518 A _   0.004 0.019 0.000 0.014 0.003 0.007 0.383 0.569 
 519 W _   0.004 0.022 0.000 0.015 0.003 0.007 0.378 0.570 
 520 T _   0.004 0.024 0.000 0.016 0.003 0.007 0.373 0.573 
 521 D _   0.004 0.026 0.000 0.016 0.003 0.007 0.369 0.577 
 522 T _   0.003 0.027 0.000 0.014 0.003 0.007 0.364 0.582 
 523 K _   0.003 0.027 0.000 0.013 0.002 0.006 0.360 0.589 
 524 V _   0.003 0.028 0.000 0.011 0.002 0.006 0.355 0.595 
 525 K _   0.003 0.028 0.000 0.009 0.002 0.005 0.350 0.602 
 526 K _   0.003 0.030 0.000 0.008 0.002 0.005 0.345 0.608 
 527 N _   0.003 0.031 0.000 0.007 0.002 0.005 0.339 0.612 
 528 S _   0.003 0.034 0.000 0.007 0.002 0.005 0.332 0.616 
 529 D _   0.003 0.039 0.000 0.008 0.002 0.006 0.324 0.617 
 530 A _   0.003 0.047 0.000 0.009 0.002 0.007 0.315 0.616 
 531 S _   0.004 0.058 0.000 0.011 0.003 0.008 0.304 0.612 
 532 D _   0.004 0.073 0.001 0.014 0.004 0.009 0.292 0.604 
 533 N _   0.004 0.093 0.001 0.017 0.004 0.010 0.278 0.593 
 534 A _   0.004 0.117 0.001 0.020 0.005 0.011 0.263 0.579 
 535 H _   0.004 0.143 0.001 0.022 0.006 0.012 0.248 0.564 
 536 S _   0.004 0.169 0.001 0.025 0.006 0.013 0.234 0.548 
 537 V _   0.004 0.194 0.001 0.027 0.007 0.013 0.222 0.532 
 538 K _   0.004 0.217 0.001 0.028 0.007 0.014 0.210 0.518 
 539 Q _   0.005 0.237 0.001 0.030 0.008 0.014 0.200 0.505 
 540 Q _   0.005 0.254 0.001 0.031 0.008 0.014 0.192 0.494 
 541 N _   0.005 0.267 0.001 0.032 0.009 0.015 0.185 0.486 
 542 T _   0.005 0.276 0.001 0.032 0.009 0.015 0.180 0.482 
 543 M _   0.006 0.282 0.001 0.032 0.009 0.014 0.176 0.481 
 544 K _   0.006 0.284 0.001 0.030 0.008 0.014 0.173 0.484 
 545 Y _   0.007 0.282 0.001 0.027 0.008 0.014 0.171 0.491 
 546 M _   0.007 0.278 0.001 0.023 0.007 0.013 0.169 0.502 
 547 T _   0.007 0.271 0.001 0.019 0.006 0.013 0.168 0.516 
 548 A _   0.007 0.262 0.001 0.015 0.005 0.012 0.167 0.530 
 549 L _   0.007 0.254 0.001 0.012 0.005 0.012 0.166 0.543 
 550 H _   0.007 0.247 0.001 0.011 0.005 0.013 0.165 0.552 
 551 S _   0.008 0.244 0.001 0.010 0.005 0.013 0.164 0.556 
 552 K _   0.009 0.244 0.001 0.011 0.005 0.014 0.163 0.554 
 553 P _   0.010 0.246 0.001 0.013 0.006 0.015 0.162 0.548 
 554 E _   0.010 0.252 0.001 0.017 0.007 0.016 0.160 0.537 
 555 I _   0.011 0.259 0.001 0.021 0.009 0.017 0.159 0.523 
 556 I _   0.012 0.265 0.001 0.027 0.010 0.017 0.158 0.511 
 557 Q _   0.012 0.267 0.001 0.031 0.010 0.017 0.158 0.503 
 558 Q _   0.012 0.266 0.001 0.035 0.011 0.016 0.159 0.501 
 559 E _   0.011 0.260 0.001 0.036 0.010 0.015 0.160 0.506 
 560 C _   0.011 0.247 0.001 0.035 0.010 0.014 0.162 0.520 
 561 V _   0.011 0.225 0.001 0.032 0.009 0.013 0.166 0.543 
 562 F _   0.011 0.193 0.001 0.028 0.008 0.012 0.170 0.577 
 563 G _   0.011 0.153 0.001 0.023 0.007 0.011 0.176 0.619 
 564 S _   0.010 0.112 0.001 0.017 0.005 0.010 0.181 0.663 
 565 D _   0.010 0.077 0.001 0.013 0.004 0.009 0.186 0.701 
 566 P _   0.008 0.052 0.000 0.009 0.003 0.008 0.190 0.729 
 567 L _   0.007 0.037 0.000 0.006 0.002 0.007 0.192 0.748 
 568 S _   0.006 0.028 0.000 0.005 0.002 0.006 0.193 0.760 
 569 E _   0.005 0.024 0.000 0.004 0.002 0.006 0.193 0.766 
 570 Q _   0.005 0.021 0.000 0.004 0.001 0.006 0.193 0.769 
 571 S _   0.005 0.021 0.000 0.005 0.002 0.006 0.191 0.770 
 572 K _   0.005 0.022 0.000 0.006 0.002 0.006 0.189 0.770 
 573 T _   0.005 0.023 0.000 0.008 0.002 0.007 0.186 0.769 
 574 R _   0.005 0.026 0.000 0.009 0.003 0.007 0.183 0.768 
 575 G _   0.005 0.029 0.000 0.011 0.003 0.008 0.179 0.766 
 576 M _   0.004 0.032 0.000 0.012 0.003 0.008 0.175 0.765 
 577 E _   0.004 0.035 0.000 0.013 0.003 0.008 0.171 0.765 
 578 P _   0.004 0.038 0.000 0.013 0.003 0.009 0.167 0.766 
 579 P _   0.004 0.041 0.000 0.012 0.003 0.009 0.163 0.767 
 580 W _   0.004 0.044 0.000 0.012 0.003 0.010 0.159 0.768 
 581 G _   0.005 0.047 0.000 0.011 0.003 0.010 0.155 0.768 
 582 Y _   0.005 0.051 0.000 0.011 0.004 0.012 0.151 0.766 
 583 Q _   0.006 0.057 0.001 0.012 0.004 0.014 0.146 0.760 
 584 N _   0.007 0.065 0.001 0.013 0.006 0.016 0.142 0.751 
 585 R _   0.009 0.075 0.001 0.015 0.007 0.019 0.137 0.737 
 586 T _   0.010 0.089 0.001 0.019 0.009 0.022 0.132 0.719 
 587 L _   0.012 0.106 0.001 0.023 0.012 0.025 0.126 0.695 
 588 R _   0.014 0.124 0.001 0.028 0.015 0.028 0.121 0.671 
 589 S _   0.016 0.141 0.001 0.033 0.017 0.030 0.116 0.646 
 590 I _   0.017 0.155 0.001 0.039 0.020 0.031 0.111 0.625 
 591 T _   0.018 0.166 0.002 0.043 0.021 0.032 0.107 0.610 
 592 S _   0.020 0.172 0.002 0.047 0.022 0.032 0.104 0.601 
 593 P _   0.020 0.174 0.002 0.049 0.022 0.032 0.102 0.599 
 594 L _   0.021 0.172 0.002 0.048 0.022 0.031 0.101 0.604 
 595 V _   0.021 0.165 0.002 0.045 0.021 0.029 0.100 0.617 
 596 A _   0.021 0.153 0.002 0.041 0.019 0.027 0.100 0.638 
 597 H _   0.020 0.134 0.001 0.035 0.016 0.025 0.100 0.668 
 598 R _   0.020 0.110 0.001 0.029 0.014 0.023 0.100 0.703 
 599 L _   0.019 0.082 0.001 0.022 0.011 0.021 0.101 0.742 
 600 K _   0.018 0.056 0.001 0.016 0.008 0.019 0.102 0.780 
 601 P _   0.016 0.035 0.001 0.012 0.006 0.017 0.102 0.810 
 602 I _   0.015 0.021 0.001 0.008 0.005 0.016 0.102 0.832 
 603 R _   0.013 0.013 0.000 0.006 0.004 0.015 0.102 0.845 
 604 Q _   0.013 0.009 0.000 0.005 0.004 0.015 0.101 0.852 
 605 K _   0.014 0.007 0.000 0.005 0.004 0.016 0.100 0.854 
 606 T _   0.015 0.005 0.001 0.006 0.005 0.017 0.099 0.852 
 607 K _   0.017 0.005 0.001 0.007 0.005 0.019 0.098 0.849 
 608 K _   0.019 0.005 0.001 0.008 0.007 0.021 0.097 0.843 
 609 A _   0.022 0.005 0.001 0.010 0.008 0.023 0.096 0.836 
 610 V _   0.026 0.005 0.001 0.011 0.010 0.026 0.095 0.827 
 611 V _   0.030 0.005 0.001 0.012 0.011 0.028 0.093 0.820 
 612 S _   0.034 0.006 0.001 0.012 0.012 0.030 0.092 0.812 
 613 I _   0.039 0.006 0.001 0.012 0.014 0.032 0.091 0.805 
 614 L _   0.045 0.006 0.001 0.012 0.015 0.035 0.090 0.797 
 615 D _   0.050 0.006 0.001 0.012 0.016 0.036 0.090 0.789 
 616 S _   0.055 0.006 0.001 0.012 0.018 0.038 0.089 0.782 
 617 E _   0.059 0.006 0.001 0.013 0.019 0.039 0.089 0.775 
 618 E _   0.062 0.006 0.001 0.014 0.020 0.039 0.089 0.769 
 619 V _   0.064 0.006 0.001 0.015 0.020 0.039 0.090 0.765 
 620 C _   0.065 0.007 0.001 0.016 0.019 0.038 0.090 0.763 
 621 V _   0.064 0.007 0.001 0.017 0.019 0.036 0.091 0.765 
 622 E _   0.061 0.006 0.001 0.017 0.017 0.034 0.093 0.771 
 623 L _   0.057 0.006 0.001 0.015 0.015 0.031 0.094 0.782 
 624 V _   0.052 0.004 0.001 0.013 0.012 0.028 0.095 0.794 
 625 K _   0.046 0.003 0.001 0.010 0.010 0.025 0.096 0.808 
 626 E _   0.040 0.002 0.001 0.007 0.008 0.023 0.097 0.822 
 627 Y _   0.035 0.002 0.001 0.006 0.006 0.021 0.098 0.832 
 628 A _   0.031 0.001 0.001 0.005 0.006 0.020 0.099 0.838 
 629 S _   0.028 0.001 0.001 0.005 0.006 0.020 0.099 0.841 
 630 Q _   0.027 0.001 0.001 0.005 0.006 0.020 0.100 0.840 
 631 E _   0.027 0.002 0.001 0.007 0.007 0.020 0.100 0.836 
 632 Y _   0.027 0.003 0.001 0.010 0.008 0.021 0.101 0.830 
 633 V _   0.027 0.004 0.001 0.013 0.009 0.021 0.102 0.823 
 634 K _   0.026 0.006 0.001 0.016 0.010 0.021 0.102 0.817 
 635 E _   0.025 0.007 0.001 0.018 0.011 0.021 0.103 0.815 
 636 V _   0.024 0.007 0.001 0.018 0.010 0.020 0.104 0.816 
 637 L _   0.022 0.007 0.001 0.017 0.009 0.018 0.105 0.820 
 638 Q _   0.020 0.007 0.001 0.014 0.008 0.017 0.107 0.827 
 639 I _   0.018 0.006 0.001 0.012 0.007 0.015 0.108 0.834 
 640 S _   0.016 0.005 0.001 0.009 0.006 0.014 0.109 0.840 
 641 S _   0.015 0.005 0.001 0.008 0.005 0.013 0.110 0.844 
 642 D _   0.014 0.005 0.001 0.007 0.005 0.013 0.111 0.845 
 643 G _   0.014 0.005 0.001 0.007 0.005 0.013 0.112 0.844 
 644 N _   0.014 0.006 0.001 0.008 0.005 0.013 0.113 0.841 
 645 T _   0.014 0.007 0.001 0.010 0.005 0.013 0.114 0.836 
 646 I _   0.014 0.009 0.001 0.011 0.006 0.014 0.115 0.831 
 647 T _   0.014 0.011 0.001 0.013 0.006 0.014 0.115 0.826 
 648 I _   0.013 0.013 0.001 0.015 0.006 0.014 0.116 0.823 
 649 Y _   0.012 0.014 0.001 0.016 0.006 0.013 0.117 0.821 
 650 Y _   0.011 0.016 0.001 0.016 0.006 0.013 0.118 0.820 
 651 P _   0.010 0.017 0.001 0.016 0.006 0.012 0.119 0.820 
 652 N _   0.009 0.017 0.001 0.016 0.006 0.012 0.120 0.819 
 653 G _   0.009 0.018 0.001 0.016 0.005 0.011 0.121 0.818 
 654 G _   0.008 0.018 0.001 0.017 0.005 0.011 0.123 0.817 
 655 R _   0.008 0.019 0.001 0.018 0.005 0.011 0.124 0.815 
 656 G _   0.008 0.019 0.001 0.018 0.005 0.010 0.126 0.815 
 657 F _   0.007 0.018 0.001 0.017 0.005 0.009 0.127 0.815 
 658 P _   0.007 0.017 0.001 0.016 0.004 0.009 0.129 0.817 
 659 L _   0.006 0.016 0.000 0.014 0.004 0.008 0.131 0.821 
 660 A _   0.006 0.014 0.000 0.012 0.003 0.007 0.133 0.825 
 661 D _   0.005 0.012 0.000 0.010 0.002 0.006 0.134 0.830 
 662 R _   0.005 0.011 0.000 0.007 0.002 0.006 0.135 0.834 
 663 P _   0.005 0.009 0.000 0.006 0.002 0.005 0.136 0.837 
