#TopoPred_TM8: 8-state transmembrane topology prediction results by no_profile mode 
#probabilities are in the order of H E C I L F X _, the 8 transmembrane topology types used in PDBTM 
   1 M X   0.004 0.000 0.001 0.029 0.005 0.004 0.938 0.018 
   2 A X   0.001 0.000 0.000 0.013 0.001 0.001 0.967 0.017 
   3 E X   0.000 0.000 0.000 0.005 0.000 0.001 0.976 0.017 
   4 P X   0.000 0.000 0.000 0.003 0.000 0.000 0.979 0.017 
   5 L X   0.000 0.000 0.000 0.002 0.000 0.001 0.979 0.018 
   6 K X   0.000 0.000 0.000 0.002 0.000 0.001 0.979 0.018 
   7 E X   0.000 0.000 0.000 0.001 0.000 0.001 0.979 0.019 
   8 E X   0.000 0.000 0.000 0.001 0.000 0.001 0.978 0.020 
   9 D X   0.000 0.000 0.000 0.001 0.000 0.001 0.976 0.021 
  10 G X   0.000 0.000 0.000 0.001 0.000 0.001 0.974 0.023 
  11 E X   0.000 0.000 0.000 0.001 0.000 0.001 0.971 0.026 
  12 D X   0.000 0.000 0.000 0.001 0.000 0.001 0.967 0.029 
  13 G X   0.001 0.000 0.000 0.001 0.000 0.001 0.963 0.034 
  14 S X   0.001 0.000 0.000 0.002 0.000 0.001 0.957 0.039 
  15 A X   0.001 0.000 0.000 0.002 0.000 0.001 0.950 0.046 
  16 E X   0.001 0.000 0.000 0.002 0.000 0.001 0.941 0.054 
  17 P X   0.001 0.000 0.000 0.002 0.001 0.002 0.930 0.064 
  18 P X   0.001 0.001 0.000 0.002 0.001 0.002 0.916 0.077 
  19 G X   0.001 0.001 0.000 0.003 0.001 0.003 0.898 0.093 
  20 P X   0.001 0.003 0.000 0.004 0.001 0.005 0.874 0.111 
  21 V X   0.002 0.006 0.000 0.006 0.002 0.008 0.844 0.130 
  22 K X   0.003 0.014 0.001 0.010 0.004 0.012 0.805 0.150 
  23 A X   0.005 0.031 0.001 0.017 0.007 0.018 0.754 0.167 
  24 E X   0.006 0.062 0.002 0.026 0.013 0.025 0.689 0.177 
  25 P X   0.008 0.113 0.003 0.038 0.019 0.031 0.611 0.178 
  26 A X   0.009 0.174 0.003 0.048 0.024 0.035 0.534 0.172 
  27 H X   0.009 0.236 0.003 0.056 0.027 0.038 0.467 0.164 
  28 T X   0.010 0.288 0.003 0.061 0.028 0.038 0.414 0.159 
  29 A X   0.010 0.326 0.002 0.063 0.028 0.039 0.374 0.158 
  30 A E   0.010 0.350 0.002 0.065 0.028 0.038 0.344 0.163 
  31 S E   0.011 0.364 0.002 0.064 0.028 0.038 0.321 0.172 
  32 V E   0.013 0.371 0.002 0.061 0.028 0.037 0.303 0.186 
  33 A E   0.014 0.371 0.002 0.057 0.027 0.036 0.288 0.204 
  34 A E   0.016 0.366 0.002 0.053 0.026 0.035 0.277 0.227 
  35 K E   0.018 0.353 0.002 0.047 0.024 0.033 0.267 0.255 
  36 N E   0.020 0.334 0.002 0.042 0.022 0.032 0.260 0.289 
  37 L _   0.021 0.307 0.002 0.037 0.020 0.030 0.253 0.329 
  38 A _   0.023 0.274 0.002 0.032 0.018 0.029 0.248 0.374 
  39 L _   0.023 0.236 0.002 0.028 0.016 0.027 0.244 0.423 
  40 L _   0.023 0.196 0.002 0.025 0.015 0.025 0.240 0.474 
  41 K _   0.023 0.157 0.001 0.022 0.013 0.023 0.237 0.524 
  42 A _   0.021 0.122 0.001 0.019 0.011 0.021 0.234 0.571 
  43 R _   0.020 0.092 0.001 0.016 0.009 0.019 0.231 0.612 
  44 S _   0.018 0.067 0.001 0.014 0.007 0.017 0.228 0.647 
  45 F _   0.016 0.048 0.001 0.012 0.006 0.015 0.225 0.678 
  46 D _   0.014 0.033 0.001 0.010 0.005 0.013 0.222 0.703 
  47 V _   0.012 0.022 0.001 0.008 0.004 0.012 0.218 0.723 
  48 T _   0.011 0.014 0.000 0.007 0.003 0.011 0.214 0.740 
  49 F _   0.010 0.010 0.000 0.005 0.003 0.010 0.210 0.752 
  50 D _   0.009 0.007 0.000 0.005 0.003 0.010 0.204 0.762 
  51 V _   0.009 0.006 0.000 0.004 0.003 0.010 0.199 0.769 
  52 G _   0.009 0.005 0.000 0.004 0.003 0.011 0.193 0.773 
  53 D _   0.010 0.005 0.000 0.005 0.004 0.013 0.186 0.775 
  54 E _   0.012 0.007 0.001 0.007 0.005 0.016 0.179 0.775 
  55 Y _   0.014 0.009 0.001 0.009 0.006 0.019 0.172 0.771 
  56 E _   0.016 0.012 0.001 0.011 0.009 0.022 0.164 0.765 
  57 I _   0.018 0.017 0.001 0.015 0.011 0.025 0.156 0.757 
  58 I _   0.021 0.023 0.001 0.018 0.013 0.028 0.148 0.748 
  59 E _   0.022 0.028 0.001 0.021 0.015 0.031 0.140 0.741 
  60 T _   0.024 0.033 0.001 0.023 0.017 0.033 0.133 0.735 
  61 I _   0.026 0.037 0.001 0.024 0.019 0.035 0.126 0.732 
  62 G _   0.027 0.040 0.001 0.025 0.020 0.036 0.120 0.730 
  63 N _   0.028 0.043 0.001 0.025 0.020 0.037 0.115 0.731 
  64 G _   0.029 0.044 0.001 0.025 0.020 0.037 0.110 0.733 
  65 A _   0.030 0.045 0.001 0.025 0.020 0.036 0.107 0.737 
  66 Y _   0.030 0.045 0.001 0.024 0.019 0.035 0.103 0.742 
  67 G _   0.030 0.044 0.001 0.024 0.018 0.034 0.100 0.749 
  68 V _   0.029 0.043 0.001 0.023 0.016 0.032 0.098 0.759 
  69 V _   0.028 0.041 0.001 0.022 0.015 0.030 0.095 0.769 
  70 S _   0.026 0.038 0.001 0.020 0.013 0.028 0.093 0.781 
  71 S _   0.024 0.035 0.001 0.018 0.012 0.025 0.091 0.794 
  72 A _   0.023 0.031 0.001 0.016 0.010 0.023 0.089 0.806 
  73 R _   0.021 0.027 0.001 0.014 0.009 0.021 0.088 0.818 
  74 R _   0.019 0.024 0.001 0.013 0.008 0.020 0.086 0.830 
  75 R _   0.017 0.021 0.001 0.011 0.007 0.018 0.085 0.840 
  76 L _   0.015 0.018 0.001 0.011 0.006 0.017 0.083 0.848 
  77 T _   0.014 0.016 0.001 0.010 0.006 0.016 0.082 0.854 
  78 G _   0.014 0.015 0.001 0.010 0.006 0.015 0.080 0.859 
  79 Q _   0.013 0.014 0.001 0.010 0.006 0.015 0.079 0.862 
  80 Q _   0.013 0.014 0.001 0.011 0.006 0.014 0.077 0.865 
  81 V _   0.012 0.013 0.001 0.011 0.006 0.014 0.076 0.867 
  82 A _   0.012 0.013 0.001 0.011 0.006 0.014 0.074 0.870 
  83 I _   0.012 0.013 0.001 0.010 0.006 0.014 0.073 0.872 
  84 K _   0.012 0.012 0.001 0.010 0.006 0.014 0.071 0.874 
  85 K _   0.012 0.012 0.001 0.010 0.006 0.015 0.069 0.876 
  86 I _   0.013 0.012 0.001 0.009 0.006 0.015 0.068 0.876 
  87 P _   0.013 0.013 0.001 0.009 0.006 0.016 0.066 0.876 
  88 N _   0.014 0.013 0.001 0.010 0.006 0.017 0.065 0.873 
  89 A _   0.016 0.014 0.001 0.011 0.007 0.018 0.064 0.870 
  90 F _   0.017 0.016 0.001 0.012 0.008 0.019 0.062 0.866 
  91 D _   0.018 0.017 0.001 0.013 0.009 0.020 0.061 0.860 
  92 V _   0.019 0.019 0.001 0.015 0.009 0.022 0.060 0.855 
  93 V _   0.021 0.021 0.001 0.016 0.010 0.023 0.059 0.850 
  94 T _   0.022 0.023 0.001 0.016 0.011 0.023 0.057 0.847 
  95 N _   0.022 0.024 0.001 0.017 0.011 0.024 0.056 0.845 
  96 A _   0.023 0.024 0.001 0.017 0.011 0.024 0.056 0.844 
  97 K _   0.023 0.025 0.001 0.017 0.011 0.024 0.055 0.844 
  98 R _   0.023 0.025 0.001 0.017 0.011 0.024 0.054 0.844 
  99 T _   0.022 0.025 0.001 0.018 0.011 0.024 0.053 0.846 
 100 L _   0.022 0.025 0.001 0.018 0.011 0.023 0.053 0.847 
 101 R _   0.021 0.025 0.001 0.019 0.011 0.022 0.052 0.849 
 102 E _   0.020 0.024 0.001 0.019 0.010 0.021 0.052 0.853 
 103 L _   0.019 0.022 0.001 0.019 0.010 0.020 0.052 0.858 
 104 K _   0.018 0.021 0.001 0.017 0.009 0.018 0.052 0.865 
 105 I _   0.016 0.018 0.001 0.016 0.008 0.017 0.052 0.873 
 106 L _   0.015 0.015 0.001 0.013 0.007 0.015 0.051 0.882 
 107 K _   0.014 0.012 0.001 0.011 0.006 0.014 0.051 0.891 
 108 H _   0.013 0.010 0.001 0.009 0.005 0.013 0.051 0.900 
 109 F _   0.012 0.008 0.000 0.007 0.004 0.012 0.051 0.906 
 110 K _   0.012 0.006 0.000 0.006 0.004 0.012 0.050 0.910 
 111 H _   0.011 0.005 0.000 0.006 0.004 0.012 0.050 0.911 
 112 D _   0.012 0.005 0.000 0.006 0.004 0.013 0.049 0.910 
 113 N _   0.013 0.006 0.001 0.007 0.005 0.014 0.049 0.906 
 114 I _   0.014 0.007 0.001 0.009 0.006 0.015 0.048 0.901 
 115 I _   0.016 0.008 0.001 0.012 0.007 0.016 0.047 0.893 
 116 A _   0.017 0.010 0.001 0.014 0.008 0.018 0.046 0.886 
 117 I _   0.018 0.011 0.001 0.017 0.009 0.019 0.045 0.879 
 118 K _   0.018 0.013 0.001 0.019 0.010 0.020 0.044 0.875 
 119 D _   0.018 0.013 0.001 0.019 0.010 0.020 0.044 0.874 
 120 I _   0.018 0.013 0.001 0.019 0.010 0.020 0.043 0.876 
 121 L _   0.018 0.013 0.001 0.017 0.009 0.019 0.043 0.881 
 122 R _   0.017 0.012 0.001 0.014 0.008 0.019 0.043 0.886 
 123 P _   0.017 0.010 0.001 0.012 0.007 0.019 0.042 0.892 
 124 T _   0.016 0.009 0.001 0.009 0.006 0.018 0.042 0.898 
 125 V _   0.016 0.009 0.001 0.008 0.006 0.018 0.042 0.901 
 126 P _   0.017 0.008 0.001 0.007 0.006 0.019 0.041 0.902 
 127 Y _   0.018 0.009 0.001 0.007 0.006 0.020 0.040 0.900 
 128 G _   0.019 0.010 0.001 0.007 0.007 0.022 0.040 0.894 
 129 E _   0.022 0.013 0.001 0.009 0.008 0.025 0.039 0.884 
 130 F _   0.024 0.017 0.001 0.011 0.010 0.027 0.038 0.871 
 131 K _   0.026 0.023 0.001 0.014 0.013 0.030 0.037 0.855 
 132 S _   0.028 0.031 0.001 0.018 0.016 0.032 0.037 0.838 
 133 V _   0.029 0.039 0.001 0.023 0.018 0.034 0.036 0.820 
 134 Y _   0.030 0.046 0.001 0.028 0.020 0.035 0.035 0.805 
 135 V _   0.030 0.052 0.001 0.032 0.021 0.035 0.034 0.795 
 136 V _   0.030 0.055 0.001 0.033 0.021 0.035 0.034 0.790 
 137 L _   0.029 0.056 0.001 0.033 0.020 0.034 0.034 0.792 
 138 D _   0.028 0.055 0.001 0.031 0.019 0.032 0.034 0.800 
 139 L _   0.027 0.052 0.001 0.028 0.017 0.030 0.034 0.811 
 140 M _   0.025 0.047 0.001 0.024 0.015 0.028 0.034 0.824 
 141 E _   0.024 0.041 0.001 0.021 0.013 0.026 0.035 0.839 
 142 S _   0.022 0.035 0.001 0.017 0.011 0.024 0.035 0.854 
 143 D _   0.021 0.029 0.001 0.015 0.010 0.023 0.036 0.866 
 144 L _   0.020 0.023 0.001 0.014 0.008 0.021 0.036 0.876 
 145 H _   0.019 0.019 0.001 0.012 0.007 0.020 0.037 0.885 
 146 Q _   0.019 0.015 0.001 0.011 0.007 0.019 0.037 0.892 
 147 I _   0.018 0.011 0.001 0.010 0.006 0.018 0.038 0.898 
 148 I _   0.019 0.008 0.001 0.009 0.005 0.018 0.038 0.902 
 149 H _   0.019 0.006 0.001 0.007 0.005 0.018 0.038 0.906 
 150 S _   0.021 0.004 0.001 0.006 0.005 0.019 0.038 0.908 
 151 S _   0.023 0.002 0.001 0.005 0.005 0.020 0.038 0.906 
 152 Q _   0.028 0.002 0.001 0.004 0.005 0.022 0.037 0.901 
 153 P _   0.034 0.001 0.001 0.004 0.006 0.025 0.037 0.892 
 154 L _   0.043 0.001 0.001 0.004 0.007 0.030 0.037 0.877 
 155 T _   0.055 0.002 0.001 0.005 0.010 0.035 0.036 0.857 
 156 L _   0.069 0.003 0.001 0.006 0.015 0.041 0.035 0.829 
 157 E _   0.084 0.006 0.001 0.009 0.021 0.048 0.035 0.797 
 158 H _   0.098 0.011 0.002 0.013 0.028 0.054 0.034 0.762 
 159 V _   0.109 0.018 0.002 0.018 0.034 0.058 0.033 0.727 
 160 R _   0.117 0.024 0.002 0.023 0.040 0.061 0.033 0.700 
 161 Y _   0.122 0.030 0.002 0.027 0.043 0.062 0.033 0.681 
 162 F _   0.123 0.034 0.002 0.030 0.044 0.061 0.033 0.672 
 163 L _   0.120 0.036 0.002 0.031 0.043 0.059 0.034 0.674 
 164 Y _   0.114 0.037 0.002 0.031 0.039 0.055 0.035 0.687 
 165 Q _   0.106 0.035 0.002 0.028 0.034 0.051 0.036 0.708 
 166 L _   0.095 0.032 0.002 0.024 0.028 0.046 0.037 0.736 
 167 L _   0.083 0.028 0.002 0.019 0.022 0.041 0.038 0.766 
 168 R _   0.072 0.024 0.001 0.015 0.017 0.037 0.040 0.795 
 169 G _   0.061 0.020 0.001 0.012 0.013 0.032 0.041 0.820 
 170 L _   0.052 0.017 0.001 0.010 0.010 0.029 0.042 0.839 
 171 K _   0.043 0.016 0.001 0.009 0.009 0.026 0.042 0.853 
 172 Y _   0.037 0.016 0.001 0.010 0.008 0.024 0.043 0.861 
 173 M _   0.031 0.016 0.001 0.012 0.008 0.022 0.044 0.865 
 174 H _   0.027 0.017 0.001 0.014 0.008 0.021 0.045 0.867 
 175 S _   0.024 0.019 0.001 0.017 0.008 0.020 0.045 0.867 
 176 A _   0.021 0.019 0.001 0.019 0.008 0.018 0.046 0.868 
 177 Q _   0.018 0.019 0.001 0.020 0.008 0.016 0.047 0.871 
 178 V _   0.016 0.019 0.001 0.019 0.007 0.015 0.048 0.876 
 179 I _   0.014 0.017 0.001 0.017 0.006 0.013 0.049 0.884 
 180 H _   0.012 0.015 0.001 0.014 0.005 0.011 0.050 0.892 
 181 R _   0.010 0.013 0.000 0.011 0.004 0.010 0.050 0.901 
 182 D _   0.009 0.011 0.000 0.009 0.003 0.008 0.051 0.908 
 183 L _   0.008 0.010 0.000 0.007 0.003 0.007 0.052 0.914 
 184 K _   0.007 0.009 0.000 0.006 0.002 0.007 0.052 0.918 
 185 P _   0.006 0.008 0.000 0.005 0.002 0.007 0.052 0.919 
 186 S _   0.006 0.009 0.000 0.005 0.002 0.007 0.052 0.919 
 187 N _   0.006 0.010 0.000 0.006 0.002 0.007 0.051 0.918 
 188 L _   0.006 0.012 0.000 0.006 0.003 0.008 0.051 0.914 
 189 L _   0.006 0.016 0.000 0.008 0.003 0.009 0.050 0.908 
 190 V _   0.007 0.021 0.000 0.009 0.003 0.010 0.048 0.901 
 191 N _   0.007 0.027 0.001 0.011 0.004 0.011 0.047 0.892 
 192 E _   0.008 0.036 0.001 0.012 0.005 0.013 0.045 0.881 
 193 N _   0.008 0.045 0.001 0.014 0.006 0.015 0.044 0.868 
 194 C _   0.009 0.057 0.001 0.016 0.007 0.017 0.042 0.851 
 195 E _   0.010 0.071 0.001 0.019 0.008 0.019 0.040 0.832 
 196 L _   0.012 0.086 0.001 0.023 0.010 0.021 0.038 0.809 
 197 K _   0.013 0.103 0.001 0.028 0.012 0.023 0.036 0.784 
 198 I _   0.014 0.119 0.001 0.034 0.015 0.025 0.034 0.759 
 199 G _   0.015 0.132 0.001 0.040 0.016 0.026 0.032 0.736 
 200 D _   0.017 0.142 0.001 0.045 0.018 0.027 0.031 0.719 
 201 F _   0.017 0.148 0.001 0.049 0.018 0.027 0.030 0.710 
 202 G _   0.017 0.149 0.001 0.050 0.018 0.026 0.030 0.709 
 203 M _   0.017 0.146 0.001 0.048 0.017 0.025 0.029 0.716 
 204 A _   0.017 0.137 0.001 0.044 0.015 0.023 0.030 0.733 
 205 R _   0.016 0.121 0.001 0.037 0.013 0.021 0.030 0.760 
 206 G _   0.015 0.098 0.001 0.029 0.011 0.020 0.031 0.796 
 207 L _   0.014 0.072 0.001 0.021 0.009 0.018 0.031 0.835 
 208 C _   0.013 0.047 0.001 0.014 0.006 0.016 0.032 0.871 
 209 T _   0.012 0.029 0.001 0.009 0.005 0.015 0.032 0.898 
 210 S _   0.012 0.018 0.000 0.006 0.004 0.015 0.032 0.914 
 211 P _   0.012 0.013 0.000 0.004 0.003 0.016 0.031 0.920 
 212 A _   0.014 0.011 0.000 0.004 0.003 0.018 0.031 0.919 
 213 E _   0.017 0.011 0.000 0.005 0.005 0.021 0.030 0.911 
 214 H _   0.021 0.013 0.001 0.007 0.007 0.025 0.029 0.898 
 215 Q _   0.026 0.017 0.001 0.011 0.011 0.030 0.027 0.877 
 216 Y _   0.031 0.023 0.001 0.016 0.015 0.036 0.026 0.851 
 217 F _   0.036 0.032 0.001 0.023 0.020 0.040 0.024 0.823 
 218 M _   0.040 0.039 0.002 0.030 0.025 0.044 0.023 0.798 
 219 T _   0.043 0.044 0.002 0.035 0.028 0.046 0.022 0.780 
 220 E _   0.046 0.047 0.002 0.038 0.029 0.047 0.021 0.771 
 221 Y _   0.048 0.047 0.002 0.038 0.029 0.047 0.020 0.770 
 222 V _   0.050 0.046 0.002 0.035 0.028 0.046 0.019 0.775 
 223 A _   0.051 0.042 0.002 0.031 0.026 0.044 0.018 0.787 
 224 T _   0.052 0.035 0.002 0.025 0.023 0.042 0.018 0.803 
 225 R _   0.052 0.028 0.001 0.020 0.020 0.040 0.017 0.821 
 226 W _   0.052 0.021 0.001 0.016 0.017 0.037 0.017 0.839 
 227 Y _   0.053 0.014 0.001 0.012 0.014 0.035 0.017 0.854 
 228 R _   0.054 0.009 0.001 0.010 0.012 0.033 0.016 0.864 
 229 A _   0.057 0.006 0.001 0.009 0.011 0.031 0.016 0.869 
 230 P _   0.062 0.004 0.001 0.008 0.010 0.030 0.015 0.870 
 231 E _   0.069 0.003 0.001 0.007 0.010 0.028 0.014 0.867 
 232 L _   0.080 0.002 0.001 0.007 0.010 0.027 0.013 0.859 
 233 M _   0.094 0.002 0.001 0.007 0.010 0.025 0.013 0.849 
 234 L _   0.111 0.001 0.001 0.007 0.010 0.024 0.012 0.834 
 235 S _   0.133 0.001 0.001 0.006 0.010 0.022 0.011 0.817 
 236 L _   0.159 0.000 0.001 0.004 0.009 0.020 0.010 0.796 
 237 H _   0.190 0.000 0.001 0.003 0.009 0.018 0.009 0.770 
 238 E _   0.228 0.000 0.001 0.002 0.008 0.016 0.007 0.737 
 239 Y _   0.273 0.000 0.001 0.001 0.007 0.014 0.006 0.697 
 240 T _   0.330 0.000 0.001 0.001 0.007 0.013 0.005 0.643 
 241 Q _   0.399 0.000 0.001 0.001 0.007 0.012 0.004 0.577 
 242 A _   0.482 0.000 0.001 0.001 0.007 0.011 0.004 0.495 
 243 I H   0.578 0.000 0.001 0.001 0.008 0.010 0.003 0.400 
 244 D H   0.674 0.000 0.001 0.001 0.009 0.009 0.002 0.304 
 245 L H   0.755 0.000 0.001 0.001 0.010 0.008 0.002 0.223 
 246 W H   0.816 0.000 0.001 0.000 0.011 0.008 0.001 0.163 
 247 S H   0.856 0.000 0.001 0.000 0.012 0.007 0.001 0.123 
 248 V H   0.879 0.000 0.001 0.000 0.013 0.006 0.001 0.099 
 249 G H   0.890 0.000 0.001 0.000 0.014 0.006 0.001 0.088 
 250 C H   0.889 0.000 0.001 0.001 0.015 0.006 0.001 0.088 
 251 I H   0.877 0.000 0.001 0.001 0.016 0.007 0.001 0.098 
 252 F H   0.854 0.000 0.001 0.001 0.016 0.007 0.001 0.119 
 253 G H   0.813 0.000 0.001 0.001 0.017 0.008 0.002 0.157 
 254 E H   0.750 0.000 0.002 0.002 0.017 0.009 0.002 0.218 
 255 M H   0.662 0.000 0.002 0.002 0.016 0.010 0.003 0.305 
 256 L H   0.555 0.000 0.002 0.003 0.014 0.010 0.005 0.412 
 257 A _   0.438 0.000 0.001 0.003 0.011 0.010 0.007 0.530 
 258 R _   0.328 0.000 0.001 0.003 0.008 0.009 0.008 0.643 
 259 R _   0.233 0.000 0.001 0.003 0.005 0.008 0.010 0.740 
 260 Q _   0.163 0.000 0.001 0.002 0.004 0.007 0.010 0.812 
 261 L _   0.117 0.000 0.000 0.002 0.003 0.006 0.011 0.861 
 262 F _   0.093 0.000 0.000 0.001 0.002 0.006 0.011 0.886 
 263 P _   0.085 0.000 0.000 0.001 0.002 0.006 0.011 0.895 
 264 G _   0.092 0.000 0.000 0.001 0.002 0.006 0.011 0.888 
 265 K _   0.116 0.000 0.000 0.001 0.002 0.008 0.010 0.862 
 266 N _   0.164 0.000 0.000 0.001 0.004 0.011 0.010 0.810 
 267 Y _   0.243 0.000 0.001 0.001 0.006 0.015 0.008 0.725 
 268 V _   0.345 0.000 0.001 0.002 0.011 0.020 0.007 0.614 
 269 H _   0.454 0.000 0.001 0.002 0.017 0.025 0.006 0.496 
 270 Q H   0.552 0.000 0.002 0.002 0.024 0.028 0.005 0.387 
 271 L H   0.628 0.000 0.002 0.002 0.030 0.030 0.005 0.303 
 272 Q H   0.681 0.000 0.002 0.003 0.035 0.031 0.005 0.244 
 273 L H   0.713 0.000 0.002 0.003 0.038 0.030 0.005 0.209 
 274 I H   0.728 0.000 0.002 0.004 0.039 0.028 0.005 0.194 
 275 M H   0.728 0.001 0.002 0.004 0.038 0.027 0.006 0.195 
 276 M H   0.713 0.000 0.002 0.004 0.036 0.025 0.006 0.214 
 277 V H   0.680 0.000 0.002 0.004 0.032 0.023 0.008 0.251 
 278 L H   0.630 0.000 0.002 0.003 0.027 0.022 0.009 0.306 
 279 G H   0.564 0.000 0.002 0.002 0.022 0.020 0.011 0.379 
 280 T H   0.488 0.000 0.001 0.002 0.016 0.019 0.013 0.460 
 281 P _   0.412 0.000 0.001 0.002 0.012 0.019 0.016 0.539 
 282 S _   0.342 0.000 0.001 0.001 0.009 0.019 0.018 0.609 
 283 P _   0.284 0.000 0.001 0.002 0.008 0.020 0.021 0.665 
 284 A _   0.240 0.000 0.001 0.002 0.007 0.021 0.024 0.705 
 285 V _   0.205 0.000 0.001 0.003 0.008 0.023 0.027 0.733 
 286 I _   0.179 0.001 0.001 0.004 0.009 0.026 0.029 0.751 
 287 Q _   0.157 0.002 0.001 0.006 0.011 0.029 0.032 0.762 
 288 A _   0.139 0.004 0.001 0.009 0.014 0.032 0.034 0.766 
 289 V _   0.124 0.007 0.001 0.013 0.017 0.035 0.037 0.765 
 290 G _   0.110 0.012 0.002 0.018 0.020 0.037 0.039 0.762 
 291 A _   0.096 0.017 0.002 0.024 0.023 0.038 0.042 0.758 
 292 E _   0.084 0.022 0.002 0.028 0.024 0.038 0.045 0.756 
 293 R _   0.073 0.026 0.002 0.032 0.024 0.037 0.048 0.757 
 294 V _   0.063 0.028 0.002 0.035 0.024 0.036 0.052 0.760 
 295 R _   0.054 0.029 0.002 0.036 0.022 0.033 0.057 0.769 
 296 A _   0.044 0.028 0.001 0.034 0.019 0.029 0.062 0.782 
 297 Y _   0.036 0.026 0.001 0.030 0.015 0.026 0.067 0.798 
 298 I _   0.030 0.022 0.001 0.025 0.012 0.022 0.073 0.816 
 299 Q _   0.024 0.018 0.001 0.019 0.009 0.018 0.078 0.833 
 300 S _   0.019 0.013 0.001 0.014 0.007 0.015 0.083 0.848 
 301 L _   0.016 0.009 0.001 0.010 0.005 0.013 0.088 0.859 
 302 P _   0.013 0.006 0.000 0.007 0.004 0.011 0.092 0.867 
 303 P _   0.011 0.004 0.000 0.006 0.003 0.010 0.096 0.869 
 304 R _   0.010 0.004 0.000 0.005 0.003 0.009 0.099 0.869 
 305 Q _   0.010 0.003 0.000 0.006 0.003 0.009 0.102 0.866 
 306 P _   0.010 0.003 0.000 0.007 0.003 0.010 0.106 0.862 
 307 V _   0.009 0.004 0.000 0.008 0.004 0.010 0.109 0.856 
 308 P _   0.010 0.004 0.001 0.009 0.004 0.010 0.112 0.850 
 309 W _   0.010 0.005 0.001 0.011 0.005 0.011 0.115 0.844 
 310 E _   0.009 0.005 0.001 0.011 0.005 0.011 0.118 0.840 
 311 T _   0.009 0.005 0.001 0.011 0.005 0.012 0.121 0.837 
 312 V _   0.009 0.005 0.001 0.010 0.004 0.012 0.124 0.836 
 313 Y _   0.009 0.005 0.000 0.008 0.004 0.012 0.127 0.835 
 314 P _   0.009 0.005 0.000 0.007 0.004 0.013 0.130 0.832 
 315 G _   0.010 0.005 0.000 0.006 0.004 0.014 0.132 0.828 
 316 A _   0.012 0.006 0.000 0.006 0.004 0.017 0.134 0.821 
 317 D _   0.015 0.007 0.001 0.007 0.006 0.020 0.136 0.810 
 318 R _   0.018 0.010 0.001 0.008 0.008 0.024 0.139 0.793 
 319 Q _   0.022 0.015 0.001 0.012 0.011 0.028 0.141 0.771 
 320 A _   0.026 0.022 0.001 0.018 0.015 0.033 0.143 0.742 
 321 L _   0.029 0.031 0.001 0.025 0.019 0.036 0.145 0.712 
 322 S _   0.032 0.039 0.002 0.033 0.023 0.039 0.148 0.684 
 323 L _   0.033 0.045 0.002 0.040 0.025 0.040 0.152 0.663 
 324 L _   0.034 0.048 0.002 0.043 0.025 0.040 0.157 0.650 
 325 G _   0.035 0.048 0.002 0.043 0.025 0.039 0.162 0.646 
 326 R _   0.035 0.045 0.002 0.039 0.022 0.038 0.169 0.651 
 327 M _   0.034 0.039 0.002 0.031 0.019 0.035 0.176 0.664 
 328 L _   0.033 0.030 0.001 0.023 0.015 0.033 0.184 0.682 
 329 R _   0.031 0.021 0.001 0.015 0.011 0.031 0.192 0.699 
 330 F _   0.030 0.013 0.001 0.009 0.008 0.029 0.199 0.711 
 331 E _   0.030 0.009 0.001 0.005 0.006 0.029 0.205 0.715 
 332 P _   0.031 0.008 0.001 0.004 0.006 0.029 0.210 0.712 
 333 S _   0.035 0.008 0.001 0.004 0.006 0.031 0.215 0.701 
 334 A _   0.039 0.010 0.001 0.005 0.009 0.035 0.219 0.681 
 335 R _   0.045 0.017 0.001 0.009 0.013 0.039 0.224 0.652 
 336 I _   0.050 0.033 0.002 0.016 0.019 0.043 0.229 0.609 
 337 S _   0.053 0.059 0.002 0.026 0.025 0.046 0.234 0.555 
 338 A _   0.053 0.087 0.002 0.038 0.030 0.047 0.240 0.501 
 339 A _   0.052 0.112 0.002 0.049 0.033 0.046 0.248 0.457 
 340 A _   0.050 0.128 0.002 0.058 0.034 0.045 0.257 0.426 
 341 A _   0.047 0.137 0.002 0.063 0.033 0.042 0.269 0.407 
 342 L _   0.043 0.139 0.002 0.065 0.031 0.039 0.282 0.399 
 343 R _   0.039 0.137 0.002 0.063 0.027 0.034 0.299 0.399 
 344 H _   0.034 0.130 0.002 0.057 0.022 0.030 0.319 0.406 
 345 P _   0.029 0.118 0.002 0.049 0.018 0.026 0.342 0.417 
 346 F _   0.024 0.099 0.001 0.040 0.013 0.021 0.367 0.433 
 347 L _   0.021 0.076 0.001 0.030 0.010 0.017 0.395 0.450 
 348 A _   0.017 0.053 0.001 0.021 0.007 0.014 0.421 0.467 
 349 K _   0.013 0.033 0.001 0.014 0.004 0.010 0.444 0.479 
 350 Y _   0.010 0.019 0.000 0.009 0.003 0.008 0.463 0.488 
 351 H _   0.008 0.010 0.000 0.006 0.002 0.006 0.477 0.492 
 352 D _   0.006 0.005 0.000 0.004 0.001 0.004 0.486 0.494 
 353 P X   0.004 0.003 0.000 0.002 0.001 0.003 0.493 0.493 
 354 D X   0.003 0.002 0.000 0.002 0.001 0.003 0.498 0.492 
 355 D X   0.003 0.001 0.000 0.002 0.001 0.002 0.501 0.491 
 356 E X   0.002 0.001 0.000 0.002 0.001 0.002 0.502 0.490 
 357 P X   0.002 0.001 0.000 0.002 0.001 0.003 0.501 0.489 
 358 D X   0.002 0.002 0.000 0.003 0.001 0.003 0.500 0.489 
 359 C X   0.003 0.004 0.000 0.004 0.001 0.004 0.497 0.487 
 360 A X   0.003 0.006 0.000 0.006 0.002 0.006 0.493 0.484 
 361 P X   0.003 0.011 0.000 0.009 0.002 0.007 0.488 0.480 
 362 P X   0.003 0.017 0.000 0.013 0.003 0.009 0.482 0.473 
 363 F X   0.004 0.024 0.000 0.017 0.004 0.010 0.475 0.466 
 364 D X   0.004 0.030 0.001 0.020 0.005 0.011 0.470 0.460 
 365 F X   0.004 0.034 0.001 0.023 0.006 0.012 0.465 0.456 
 366 A X   0.004 0.038 0.001 0.024 0.006 0.012 0.461 0.454 
 367 F X   0.004 0.039 0.001 0.024 0.006 0.012 0.458 0.456 
 368 D _   0.004 0.040 0.001 0.022 0.006 0.012 0.455 0.459 
 369 R _   0.004 0.040 0.001 0.020 0.006 0.012 0.454 0.464 
 370 E _   0.005 0.038 0.001 0.017 0.005 0.012 0.453 0.469 
 371 A _   0.005 0.037 0.001 0.014 0.005 0.013 0.453 0.474 
 372 L _   0.006 0.035 0.001 0.011 0.005 0.013 0.453 0.478 
 373 T _   0.006 0.033 0.000 0.009 0.004 0.013 0.452 0.480 
 374 R _   0.007 0.032 0.000 0.008 0.005 0.014 0.452 0.480 
 375 E _   0.009 0.032 0.001 0.008 0.005 0.016 0.452 0.477 
 376 R _   0.011 0.033 0.001 0.009 0.006 0.017 0.452 0.471 
 377 I _   0.013 0.035 0.001 0.010 0.008 0.019 0.453 0.462 
 378 K X   0.015 0.037 0.001 0.012 0.009 0.021 0.453 0.452 
 379 E X   0.017 0.041 0.001 0.015 0.011 0.022 0.454 0.440 
 380 A X   0.018 0.044 0.001 0.018 0.013 0.023 0.455 0.428 
 381 I X   0.019 0.047 0.001 0.020 0.014 0.024 0.458 0.417 
 382 V X   0.020 0.049 0.001 0.022 0.014 0.024 0.461 0.409 
 383 A X   0.020 0.049 0.001 0.023 0.014 0.023 0.466 0.405 
 384 E X   0.019 0.048 0.001 0.022 0.013 0.022 0.471 0.404 
 385 I X   0.018 0.045 0.001 0.020 0.012 0.020 0.478 0.405 
 386 E X   0.017 0.042 0.001 0.017 0.010 0.019 0.485 0.408 
 387 D X   0.016 0.037 0.001 0.014 0.009 0.017 0.493 0.412 
 388 F X   0.015 0.032 0.001 0.012 0.007 0.016 0.501 0.416 
 389 H X   0.013 0.028 0.001 0.010 0.006 0.015 0.510 0.418 
 390 A X   0.012 0.025 0.001 0.008 0.005 0.014 0.518 0.417 
 391 R X   0.011 0.023 0.001 0.008 0.005 0.013 0.526 0.414 
 392 R X   0.010 0.022 0.001 0.008 0.005 0.012 0.534 0.408 
 393 E X   0.010 0.021 0.001 0.009 0.005 0.012 0.543 0.401 
 394 G X   0.009 0.020 0.001 0.010 0.005 0.012 0.551 0.392 
 395 I X   0.009 0.020 0.001 0.011 0.005 0.012 0.560 0.383 
 396 R X   0.009 0.020 0.001 0.012 0.005 0.011 0.569 0.373 
 397 Q X   0.008 0.019 0.001 0.013 0.005 0.011 0.579 0.364 
 398 Q X   0.008 0.019 0.001 0.013 0.005 0.010 0.590 0.355 
 399 I X   0.007 0.017 0.001 0.013 0.005 0.010 0.601 0.346 
 400 R X   0.007 0.016 0.001 0.012 0.005 0.009 0.613 0.337 
 401 F X   0.006 0.015 0.001 0.012 0.005 0.009 0.626 0.328 
 402 Q X   0.006 0.013 0.001 0.011 0.004 0.008 0.639 0.318 
 403 P X   0.005 0.012 0.000 0.010 0.004 0.008 0.653 0.307 
 404 S X   0.005 0.011 0.000 0.010 0.004 0.007 0.668 0.295 
 405 L X   0.005 0.009 0.000 0.010 0.004 0.007 0.682 0.283 
 406 Q X   0.004 0.008 0.000 0.009 0.003 0.006 0.697 0.271 
 407 P X   0.004 0.007 0.000 0.009 0.003 0.006 0.712 0.259 
 408 V X   0.004 0.006 0.000 0.008 0.003 0.005 0.726 0.247 
 409 A X   0.003 0.005 0.000 0.007 0.002 0.005 0.741 0.236 
 410 S X   0.003 0.004 0.000 0.006 0.002 0.004 0.754 0.226 
 411 E X   0.003 0.003 0.000 0.005 0.002 0.004 0.767 0.217 
 412 P X   0.002 0.002 0.000 0.004 0.001 0.003 0.779 0.208 
 413 G X   0.002 0.002 0.000 0.003 0.001 0.003 0.789 0.199 
 414 C X   0.002 0.002 0.000 0.003 0.001 0.003 0.799 0.191 
 415 P X   0.002 0.001 0.000 0.003 0.001 0.003 0.807 0.183 
 416 D X   0.002 0.001 0.000 0.003 0.001 0.003 0.815 0.175 
 417 V X   0.002 0.002 0.000 0.003 0.001 0.003 0.822 0.167 
 418 E X   0.002 0.002 0.000 0.004 0.001 0.003 0.829 0.160 
 419 M X   0.002 0.002 0.000 0.005 0.001 0.003 0.835 0.152 
 420 P X   0.002 0.002 0.000 0.005 0.001 0.003 0.841 0.145 
 421 S X   0.002 0.003 0.000 0.006 0.001 0.003 0.847 0.138 
 422 P X   0.001 0.003 0.000 0.007 0.002 0.003 0.854 0.130 
 423 W X   0.001 0.003 0.000 0.007 0.002 0.004 0.861 0.122 
 424 A X   0.001 0.003 0.000 0.008 0.002 0.004 0.868 0.115 
 425 P X   0.001 0.003 0.000 0.008 0.002 0.004 0.876 0.106 
 426 S X   0.001 0.003 0.000 0.008 0.002 0.003 0.884 0.098 
 427 G X   0.002 0.003 0.000 0.008 0.002 0.003 0.893 0.090 
 428 D X   0.001 0.003 0.000 0.007 0.002 0.003 0.902 0.081 
 429 C X   0.001 0.002 0.000 0.006 0.001 0.003 0.912 0.073 
 430 A X   0.001 0.002 0.000 0.006 0.001 0.003 0.922 0.065 
 431 M X   0.001 0.001 0.000 0.004 0.001 0.002 0.931 0.058 
 432 E X   0.001 0.001 0.000 0.003 0.001 0.002 0.940 0.052 
 433 S X   0.001 0.001 0.000 0.003 0.001 0.001 0.948 0.046 
 434 P X   0.001 0.000 0.000 0.002 0.000 0.001 0.954 0.041 
 435 P X   0.001 0.000 0.000 0.001 0.000 0.001 0.960 0.037 
 436 P X   0.001 0.000 0.000 0.001 0.000 0.001 0.964 0.033 
 437 A X   0.000 0.000 0.000 0.001 0.000 0.001 0.967 0.031 
 438 P X   0.000 0.000 0.000 0.000 0.000 0.000 0.970 0.029 
 439 P X   0.000 0.000 0.000 0.000 0.000 0.000 0.971 0.028 
 440 P X   0.000 0.000 0.000 0.000 0.000 0.000 0.972 0.027 
 441 C X   0.000 0.000 0.000 0.000 0.000 0.000 0.973 0.026 
 442 P X   0.000 0.000 0.000 0.000 0.000 0.000 0.973 0.026 
 443 G X   0.000 0.000 0.000 0.000 0.000 0.000 0.973 0.026 
 444 P X   0.000 0.000 0.000 0.001 0.000 0.001 0.972 0.026 
 445 A X   0.000 0.000 0.000 0.001 0.000 0.001 0.971 0.026 
 446 P X   0.000 0.001 0.000 0.002 0.000 0.001 0.970 0.026 
 447 D X   0.000 0.001 0.000 0.003 0.001 0.001 0.969 0.025 
 448 T X   0.001 0.001 0.000 0.004 0.001 0.002 0.967 0.025 
 449 I X   0.001 0.002 0.000 0.005 0.001 0.002 0.966 0.024 
 450 D X   0.001 0.002 0.000 0.005 0.001 0.002 0.966 0.024 
 451 L X   0.001 0.002 0.000 0.005 0.001 0.002 0.966 0.023 
 452 T X   0.001 0.002 0.000 0.005 0.001 0.002 0.967 0.023 
 453 L X   0.000 0.002 0.000 0.004 0.001 0.001 0.968 0.023 
 454 Q X   0.000 0.001 0.000 0.003 0.001 0.001 0.970 0.023 
 455 P X   0.000 0.001 0.000 0.002 0.000 0.001 0.971 0.023 
 456 P X   0.000 0.001 0.000 0.002 0.000 0.001 0.973 0.023 
 457 P X   0.000 0.001 0.000 0.001 0.000 0.001 0.974 0.023 
 458 P X   0.000 0.000 0.000 0.001 0.000 0.000 0.975 0.023 
 459 V X   0.000 0.000 0.000 0.000 0.000 0.000 0.975 0.023 
 460 S X   0.000 0.000 0.000 0.000 0.000 0.000 0.975 0.024 
 461 E X   0.000 0.000 0.000 0.000 0.000 0.000 0.974 0.024 
 462 P X   0.000 0.000 0.000 0.000 0.000 0.000 0.973 0.025 
 463 A X   0.000 0.000 0.000 0.000 0.000 0.000 0.972 0.026 
 464 P X   0.000 0.000 0.000 0.001 0.000 0.001 0.970 0.028 
 465 P X   0.000 0.000 0.000 0.001 0.000 0.001 0.967 0.030 
 466 K X   0.000 0.001 0.000 0.001 0.000 0.001 0.964 0.033 
 467 K X   0.000 0.001 0.000 0.001 0.000 0.001 0.959 0.036 
 468 D X   0.000 0.002 0.000 0.002 0.000 0.001 0.954 0.039 
 469 G X   0.001 0.003 0.000 0.002 0.001 0.002 0.948 0.043 
 470 A X   0.001 0.005 0.000 0.003 0.001 0.002 0.941 0.048 
 471 I X   0.001 0.007 0.000 0.004 0.001 0.003 0.933 0.052 
 472 S X   0.001 0.011 0.000 0.004 0.001 0.004 0.923 0.055 
 473 D X   0.001 0.017 0.000 0.006 0.002 0.004 0.913 0.057 
 474 N X   0.001 0.025 0.000 0.008 0.003 0.006 0.900 0.057 
 475 T X   0.002 0.036 0.001 0.010 0.004 0.007 0.886 0.055 
 476 K X   0.002 0.051 0.001 0.012 0.005 0.007 0.872 0.051 
 477 A X   0.002 0.066 0.001 0.015 0.006 0.008 0.858 0.045 
 478 A X   0.002 0.080 0.001 0.017 0.006 0.008 0.847 0.039 
 479 L X   0.002 0.091 0.001 0.019 0.006 0.008 0.839 0.034 
 480 K X   0.002 0.098 0.000 0.021 0.006 0.008 0.834 0.031 
 481 A X   0.002 0.102 0.000 0.022 0.006 0.008 0.831 0.029 
 482 A X   0.002 0.103 0.000 0.022 0.006 0.007 0.830 0.029 
 483 L X   0.002 0.103 0.000 0.022 0.006 0.007 0.831 0.029 
 484 L X   0.002 0.101 0.000 0.020 0.006 0.007 0.833 0.030 
 485 K X   0.002 0.096 0.000 0.019 0.005 0.006 0.838 0.033 
 486 S X   0.003 0.088 0.001 0.017 0.005 0.006 0.844 0.037 
 487 L X   0.003 0.076 0.001 0.015 0.005 0.005 0.854 0.042 
 488 R X   0.003 0.060 0.001 0.012 0.004 0.005 0.867 0.048 
 489 S X   0.003 0.044 0.001 0.009 0.003 0.004 0.881 0.055 
 490 R X   0.003 0.029 0.000 0.007 0.003 0.004 0.895 0.059 
 491 L X   0.003 0.018 0.000 0.005 0.002 0.003 0.908 0.062 
 492 R X   0.002 0.010 0.000 0.003 0.001 0.003 0.918 0.062 
 493 D X   0.002 0.006 0.000 0.002 0.001 0.002 0.925 0.061 
 494 G X   0.001 0.004 0.000 0.002 0.001 0.002 0.931 0.060 
 495 P X   0.001 0.002 0.000 0.001 0.000 0.001 0.935 0.058 
 496 S X   0.001 0.002 0.000 0.001 0.000 0.001 0.938 0.057 
 497 A X   0.001 0.001 0.000 0.001 0.000 0.001 0.941 0.055 
 498 P X   0.001 0.001 0.000 0.001 0.000 0.001 0.942 0.054 
 499 L X   0.001 0.001 0.000 0.001 0.000 0.001 0.943 0.054 
 500 E X   0.001 0.000 0.000 0.001 0.000 0.001 0.944 0.053 
 501 A X   0.000 0.000 0.000 0.001 0.000 0.001 0.944 0.054 
 502 P X   0.000 0.000 0.000 0.001 0.000 0.001 0.944 0.054 
 503 E X   0.000 0.000 0.000 0.001 0.000 0.001 0.943 0.054 
 504 P X   0.000 0.001 0.000 0.001 0.000 0.001 0.942 0.055 
 505 R X   0.000 0.001 0.000 0.001 0.000 0.001 0.941 0.056 
 506 K X   0.001 0.001 0.000 0.002 0.000 0.001 0.939 0.056 
 507 P X   0.001 0.001 0.000 0.002 0.001 0.001 0.937 0.056 
 508 V X   0.001 0.002 0.000 0.003 0.001 0.002 0.935 0.057 
 509 T X   0.001 0.002 0.000 0.004 0.001 0.002 0.934 0.057 
 510 A X   0.001 0.003 0.000 0.005 0.001 0.002 0.932 0.057 
 511 Q X   0.001 0.003 0.000 0.005 0.001 0.002 0.931 0.057 
 512 E X   0.001 0.003 0.000 0.005 0.001 0.002 0.931 0.057 
 513 R X   0.001 0.003 0.000 0.005 0.001 0.002 0.931 0.058 
 514 Q X   0.001 0.003 0.000 0.004 0.001 0.002 0.932 0.058 
 515 R X   0.001 0.002 0.000 0.003 0.001 0.002 0.932 0.059 
 516 E X   0.001 0.002 0.000 0.003 0.001 0.001 0.933 0.059 
 517 R X   0.001 0.002 0.000 0.002 0.001 0.001 0.934 0.059 
 518 E X   0.001 0.001 0.000 0.002 0.000 0.001 0.935 0.060 
 519 E X   0.001 0.001 0.000 0.001 0.000 0.001 0.936 0.060 
 520 K X   0.001 0.001 0.000 0.001 0.000 0.001 0.936 0.060 
 521 R X   0.001 0.001 0.000 0.001 0.000 0.001 0.937 0.060 
 522 R X   0.001 0.001 0.000 0.001 0.000 0.001 0.937 0.060 
 523 R X   0.001 0.001 0.000 0.001 0.000 0.001 0.936 0.060 
 524 R X   0.001 0.001 0.000 0.001 0.000 0.001 0.936 0.060 
 525 Q X   0.001 0.001 0.000 0.001 0.000 0.001 0.935 0.061 
 526 E X   0.001 0.001 0.000 0.001 0.000 0.001 0.934 0.062 
 527 R X   0.001 0.001 0.000 0.001 0.000 0.001 0.933 0.063 
 528 A X   0.001 0.001 0.000 0.002 0.000 0.001 0.932 0.064 
 529 K X   0.001 0.001 0.000 0.002 0.000 0.001 0.930 0.066 
 530 E X   0.001 0.001 0.000 0.002 0.000 0.001 0.928 0.067 
 531 R X   0.001 0.001 0.000 0.002 0.000 0.001 0.926 0.069 
 532 E X   0.001 0.001 0.000 0.002 0.000 0.001 0.924 0.071 
 533 K X   0.001 0.001 0.000 0.002 0.000 0.001 0.922 0.073 
 534 R X   0.001 0.001 0.000 0.002 0.000 0.001 0.919 0.076 
 535 R X   0.001 0.001 0.000 0.002 0.001 0.001 0.916 0.078 
 536 Q X   0.001 0.002 0.000 0.002 0.001 0.001 0.913 0.081 
 537 E X   0.001 0.002 0.000 0.003 0.001 0.002 0.909 0.083 
 538 R X   0.001 0.002 0.000 0.003 0.001 0.002 0.905 0.086 
 539 E X   0.001 0.003 0.000 0.003 0.001 0.002 0.901 0.089 
 540 R X   0.001 0.003 0.000 0.004 0.001 0.002 0.897 0.092 
 541 K X   0.001 0.004 0.000 0.004 0.001 0.002 0.893 0.095 
 542 E X   0.001 0.004 0.000 0.004 0.001 0.002 0.890 0.098 
 543 R X   0.001 0.004 0.000 0.004 0.001 0.002 0.886 0.101 
 544 G X   0.001 0.005 0.000 0.004 0.001 0.002 0.883 0.104 
 545 A X   0.001 0.005 0.000 0.004 0.001 0.002 0.880 0.108 
 546 G X   0.001 0.005 0.000 0.003 0.001 0.002 0.877 0.111 
 547 A X   0.001 0.005 0.000 0.003 0.001 0.002 0.874 0.115 
 548 S X   0.001 0.005 0.000 0.003 0.001 0.002 0.870 0.119 
 549 G X   0.001 0.006 0.000 0.002 0.001 0.002 0.866 0.122 
 550 G X   0.001 0.006 0.000 0.003 0.001 0.002 0.862 0.125 
 551 P X   0.001 0.008 0.000 0.003 0.001 0.002 0.857 0.128 
 552 S X   0.001 0.010 0.000 0.005 0.001 0.003 0.851 0.129 
 553 T X   0.001 0.013 0.000 0.007 0.002 0.004 0.845 0.128 
 554 D X   0.001 0.017 0.000 0.010 0.002 0.005 0.838 0.126 
 555 P X   0.002 0.022 0.000 0.014 0.003 0.005 0.831 0.123 
 556 L X   0.002 0.026 0.000 0.017 0.003 0.005 0.826 0.121 
 557 A X   0.002 0.028 0.000 0.019 0.004 0.005 0.822 0.120 
 558 G X   0.002 0.029 0.000 0.019 0.004 0.005 0.820 0.121 
 559 L X   0.002 0.029 0.000 0.017 0.003 0.005 0.819 0.124 
 560 V X   0.002 0.028 0.000 0.015 0.003 0.005 0.820 0.129 
 561 L X   0.001 0.026 0.000 0.011 0.002 0.004 0.821 0.135 
 562 S X   0.001 0.023 0.000 0.008 0.002 0.004 0.822 0.140 
 563 D X   0.001 0.020 0.000 0.005 0.001 0.003 0.824 0.145 
 564 N X   0.001 0.017 0.000 0.003 0.001 0.003 0.826 0.148 
 565 D X   0.001 0.016 0.000 0.002 0.001 0.003 0.827 0.149 
 566 R X   0.002 0.016 0.000 0.002 0.001 0.004 0.827 0.148 
 567 S X   0.002 0.017 0.000 0.003 0.001 0.004 0.827 0.146 
 568 L X   0.002 0.018 0.000 0.004 0.002 0.005 0.827 0.141 
 569 L X   0.003 0.021 0.000 0.006 0.002 0.006 0.827 0.136 
 570 E X   0.003 0.024 0.000 0.008 0.003 0.006 0.826 0.129 
 571 R X   0.003 0.026 0.000 0.010 0.004 0.007 0.826 0.124 
 572 W X   0.003 0.028 0.000 0.012 0.004 0.007 0.826 0.119 
 573 T X   0.003 0.029 0.000 0.013 0.004 0.007 0.828 0.116 
 574 R X   0.003 0.030 0.000 0.012 0.004 0.007 0.830 0.114 
 575 M X   0.003 0.029 0.000 0.012 0.004 0.006 0.833 0.113 
 576 A X   0.003 0.028 0.000 0.011 0.004 0.006 0.837 0.111 
 577 R X   0.003 0.026 0.000 0.009 0.003 0.006 0.842 0.110 
 578 P X   0.003 0.025 0.000 0.008 0.003 0.005 0.848 0.108 
 579 A X   0.003 0.023 0.000 0.008 0.003 0.005 0.854 0.105 
 580 A X   0.003 0.021 0.000 0.007 0.003 0.005 0.860 0.102 
 581 P X   0.003 0.019 0.000 0.007 0.002 0.005 0.867 0.097 
 582 A X   0.002 0.018 0.000 0.007 0.002 0.004 0.873 0.093 
 583 L X   0.002 0.016 0.000 0.007 0.002 0.004 0.881 0.088 
 584 T X   0.002 0.014 0.000 0.007 0.002 0.004 0.888 0.083 
 585 S X   0.002 0.013 0.000 0.006 0.002 0.004 0.896 0.077 
 586 V X   0.002 0.011 0.000 0.006 0.002 0.003 0.904 0.072 
 587 P X   0.002 0.009 0.000 0.005 0.002 0.003 0.913 0.066 
 588 A X   0.002 0.007 0.000 0.005 0.001 0.003 0.922 0.061 
 589 P X   0.001 0.005 0.000 0.004 0.001 0.002 0.930 0.056 
 590 A X   0.001 0.004 0.000 0.003 0.001 0.002 0.938 0.051 
 591 P X   0.001 0.002 0.000 0.002 0.001 0.002 0.946 0.046 
 592 A X   0.001 0.002 0.000 0.002 0.001 0.001 0.952 0.042 
 593 P X   0.001 0.001 0.000 0.001 0.000 0.001 0.958 0.037 
 594 T X   0.001 0.001 0.000 0.001 0.000 0.001 0.962 0.033 
 595 P X   0.001 0.000 0.000 0.001 0.000 0.001 0.967 0.029 
 596 T X   0.001 0.000 0.000 0.001 0.000 0.001 0.971 0.026 
 597 P X   0.001 0.000 0.000 0.001 0.000 0.001 0.974 0.023 
 598 T X   0.000 0.000 0.000 0.001 0.000 0.001 0.977 0.020 
 599 P X   0.000 0.000 0.000 0.001 0.000 0.001 0.980 0.017 
 600 V X   0.000 0.000 0.000 0.001 0.000 0.001 0.982 0.015 
 601 Q X   0.000 0.000 0.000 0.001 0.000 0.001 0.984 0.014 
 602 P X   0.000 0.000 0.000 0.001 0.000 0.000 0.986 0.012 
 603 T X   0.000 0.000 0.000 0.001 0.000 0.000 0.988 0.011 
 604 S X   0.000 0.000 0.000 0.000 0.000 0.000 0.989 0.010 
 605 P X   0.000 0.000 0.000 0.000 0.000 0.000 0.990 0.009 
 606 P X   0.000 0.000 0.000 0.000 0.000 0.000 0.991 0.009 
 607 P X   0.000 0.000 0.000 0.000 0.000 0.000 0.991 0.008 
 608 G X   0.000 0.000 0.000 0.000 0.000 0.000 0.991 0.008 
 609 P X   0.000 0.000 0.000 0.000 0.000 0.000 0.992 0.007 
 610 V X   0.000 0.000 0.000 0.000 0.000 0.000 0.992 0.007 
 611 A X   0.000 0.000 0.000 0.000 0.000 0.000 0.992 0.007 
 612 Q X   0.000 0.000 0.000 0.001 0.000 0.000 0.992 0.007 
 613 P X   0.000 0.000 0.000 0.001 0.000 0.000 0.992 0.007 
 614 T X   0.000 0.000 0.000 0.001 0.000 0.000 0.991 0.007 
 615 G X   0.000 0.000 0.000 0.001 0.000 0.000 0.991 0.007 
 616 P X   0.000 0.000 0.000 0.001 0.000 0.000 0.991 0.007 
 617 Q X   0.000 0.000 0.000 0.001 0.000 0.000 0.991 0.007 
 618 P X   0.000 0.000 0.000 0.001 0.000 0.000 0.991 0.007 
 619 Q X   0.000 0.000 0.000 0.001 0.000 0.000 0.991 0.007 
 620 S X   0.000 0.000 0.000 0.001 0.000 0.000 0.991 0.007 
 621 A X   0.000 0.000 0.000 0.001 0.000 0.000 0.991 0.007 
 622 G X   0.000 0.000 0.000 0.001 0.000 0.000 0.991 0.007 
 623 S X   0.000 0.000 0.000 0.001 0.000 0.000 0.991 0.007 
 624 T X   0.000 0.000 0.000 0.001 0.000 0.000 0.991 0.007 
 625 S X   0.000 0.000 0.000 0.001 0.000 0.000 0.991 0.007 
 626 G X   0.000 0.000 0.000 0.001 0.000 0.000 0.992 0.006 
 627 P X   0.000 0.000 0.000 0.001 0.000 0.000 0.992 0.006 
 628 V X   0.000 0.000 0.000 0.001 0.000 0.000 0.993 0.006 
 629 P X   0.000 0.000 0.000 0.001 0.000 0.000 0.993 0.005 
 630 Q X   0.000 0.000 0.000 0.001 0.000 0.000 0.994 0.005 
 631 P X   0.000 0.000 0.000 0.001 0.000 0.000 0.994 0.005 
 632 A X   0.000 0.000 0.000 0.000 0.000 0.000 0.995 0.004 
 633 C X   0.000 0.000 0.000 0.000 0.000 0.000 0.995 0.004 
 634 P X   0.000 0.000 0.000 0.000 0.000 0.000 0.995 0.004 
 635 P X   0.000 0.000 0.000 0.000 0.000 0.000 0.996 0.004 
 636 P X   0.000 0.000 0.000 0.000 0.000 0.000 0.996 0.004 
 637 G X   0.000 0.000 0.000 0.000 0.000 0.000 0.996 0.004 
 638 P X   0.000 0.000 0.000 0.000 0.000 0.000 0.995 0.004 
 639 A X   0.000 0.000 0.000 0.000 0.000 0.000 0.995 0.004 
 640 P X   0.000 0.000 0.000 0.000 0.000 0.000 0.995 0.005 
 641 H X   0.000 0.000 0.000 0.000 0.000 0.000 0.994 0.005 
 642 P X   0.000 0.000 0.000 0.000 0.000 0.000 0.993 0.006 
 643 T X   0.000 0.000 0.000 0.000 0.000 0.000 0.992 0.007 
 644 G X   0.000 0.000 0.000 0.000 0.000 0.000 0.991 0.008 
 645 P X   0.000 0.000 0.000 0.000 0.000 0.000 0.989 0.010 
 646 P X   0.000 0.000 0.000 0.000 0.000 0.000 0.987 0.012 
 647 G X   0.000 0.000 0.000 0.000 0.000 0.000 0.984 0.015 
 648 P X   0.000 0.000 0.000 0.000 0.000 0.001 0.979 0.019 
 649 I X   0.000 0.000 0.000 0.000 0.000 0.001 0.974 0.024 
 650 P X   0.001 0.000 0.000 0.001 0.000 0.001 0.966 0.031 
 651 V X   0.001 0.000 0.000 0.001 0.000 0.002 0.956 0.039 
 652 P X   0.001 0.000 0.000 0.001 0.001 0.004 0.944 0.048 
 653 A X   0.002 0.002 0.000 0.003 0.002 0.007 0.927 0.058 
 654 P X   0.003 0.005 0.000 0.005 0.004 0.012 0.903 0.068 
 655 P X   0.005 0.014 0.001 0.010 0.007 0.017 0.871 0.075 
 656 Q X   0.006 0.036 0.001 0.016 0.012 0.021 0.829 0.077 
 657 I X   0.007 0.072 0.002 0.023 0.017 0.024 0.781 0.073 
 658 A X   0.007 0.117 0.002 0.030 0.020 0.025 0.734 0.064 
 659 T X   0.006 0.161 0.002 0.034 0.021 0.024 0.696 0.055 
 660 S X   0.006 0.196 0.002 0.038 0.020 0.022 0.669 0.048 
 661 T X   0.005 0.220 0.001 0.040 0.019 0.020 0.651 0.044 
 662 S X   0.005 0.234 0.001 0.041 0.017 0.018 0.639 0.044 
 663 L X   0.005 0.241 0.001 0.042 0.016 0.017 0.632 0.046 
