#TopoPred_TM8: 8-state transmembrane topology prediction results by no_profile mode 
#probabilities are in the order of H E C I L F X _, the 8 transmembrane topology types used in PDBTM 
   1 M X   0.014 0.001 0.002 0.035 0.008 0.008 0.588 0.344 
   2 E X   0.003 0.000 0.000 0.014 0.001 0.003 0.600 0.379 
   3 G X   0.001 0.000 0.000 0.005 0.000 0.002 0.600 0.392 
   4 D X   0.001 0.000 0.000 0.004 0.000 0.003 0.593 0.397 
   5 G X   0.003 0.002 0.000 0.007 0.002 0.010 0.580 0.396 
   6 G X   0.010 0.010 0.001 0.013 0.006 0.023 0.556 0.383 
   7 T X   0.019 0.035 0.001 0.025 0.014 0.038 0.520 0.348 
   8 P X   0.026 0.096 0.003 0.046 0.024 0.050 0.467 0.289 
   9 W X   0.027 0.188 0.004 0.070 0.032 0.055 0.404 0.220 
  10 A X   0.025 0.269 0.003 0.089 0.036 0.054 0.351 0.173 
  11 L X   0.022 0.316 0.003 0.100 0.037 0.052 0.316 0.154 
  12 A E   0.021 0.338 0.002 0.103 0.037 0.049 0.295 0.155 
  13 L E   0.021 0.346 0.002 0.100 0.036 0.046 0.280 0.168 
  14 L E   0.022 0.344 0.002 0.090 0.035 0.043 0.270 0.195 
  15 R E   0.023 0.331 0.002 0.077 0.032 0.039 0.262 0.234 
  16 T E   0.023 0.305 0.002 0.062 0.029 0.036 0.256 0.288 
  17 F _   0.024 0.266 0.002 0.047 0.025 0.032 0.251 0.353 
  18 D _   0.024 0.218 0.002 0.035 0.020 0.029 0.248 0.424 
  19 A _   0.023 0.173 0.002 0.026 0.015 0.026 0.246 0.490 
  20 G _   0.021 0.135 0.001 0.019 0.011 0.023 0.243 0.546 
  21 E _   0.019 0.108 0.001 0.015 0.008 0.020 0.241 0.588 
  22 F _   0.017 0.089 0.001 0.011 0.006 0.018 0.238 0.620 
  23 T _   0.014 0.077 0.001 0.009 0.005 0.016 0.234 0.643 
  24 G _   0.012 0.069 0.001 0.008 0.004 0.014 0.230 0.661 
  25 W _   0.011 0.065 0.000 0.007 0.004 0.013 0.225 0.674 
  26 E _   0.010 0.063 0.000 0.007 0.004 0.013 0.220 0.683 
  27 K _   0.009 0.062 0.000 0.007 0.004 0.013 0.215 0.690 
  28 V _   0.009 0.063 0.001 0.008 0.004 0.014 0.209 0.693 
  29 G _   0.009 0.067 0.001 0.009 0.005 0.014 0.202 0.692 
  30 S _   0.010 0.071 0.001 0.011 0.006 0.016 0.196 0.689 
  31 G _   0.010 0.078 0.001 0.014 0.007 0.017 0.189 0.684 
  32 G _   0.011 0.085 0.001 0.016 0.008 0.019 0.183 0.678 
  33 F _   0.011 0.092 0.001 0.018 0.009 0.020 0.176 0.672 
  34 G _   0.012 0.098 0.001 0.019 0.009 0.021 0.171 0.669 
  35 Q _   0.012 0.103 0.001 0.019 0.010 0.023 0.165 0.667 
  36 V _   0.013 0.107 0.001 0.018 0.010 0.024 0.160 0.667 
  37 Y _   0.015 0.110 0.001 0.016 0.010 0.026 0.156 0.667 
  38 K _   0.016 0.113 0.001 0.015 0.010 0.028 0.151 0.665 
  39 V _   0.018 0.117 0.001 0.014 0.011 0.030 0.147 0.661 
  40 R _   0.021 0.123 0.001 0.015 0.013 0.032 0.143 0.653 
  41 H _   0.024 0.132 0.001 0.016 0.015 0.034 0.139 0.638 
  42 V _   0.026 0.145 0.001 0.020 0.018 0.036 0.134 0.618 
  43 H _   0.028 0.161 0.002 0.025 0.021 0.037 0.130 0.596 
  44 W _   0.029 0.177 0.002 0.032 0.023 0.038 0.127 0.573 
  45 K _   0.030 0.191 0.002 0.039 0.025 0.037 0.124 0.554 
  46 T _   0.029 0.201 0.002 0.044 0.025 0.036 0.121 0.542 
  47 W _   0.028 0.205 0.002 0.048 0.024 0.033 0.120 0.540 
  48 L _   0.026 0.204 0.002 0.049 0.022 0.030 0.119 0.548 
  49 A _   0.024 0.198 0.001 0.047 0.019 0.027 0.119 0.565 
  50 I _   0.022 0.185 0.001 0.042 0.016 0.024 0.120 0.590 
  51 K _   0.020 0.164 0.001 0.036 0.013 0.020 0.121 0.625 
  52 C _   0.017 0.135 0.001 0.029 0.010 0.017 0.123 0.668 
  53 S _   0.015 0.101 0.001 0.022 0.008 0.015 0.125 0.714 
  54 P _   0.013 0.069 0.001 0.016 0.006 0.012 0.126 0.757 
  55 S _   0.011 0.044 0.001 0.011 0.004 0.010 0.128 0.792 
  56 L _   0.009 0.027 0.000 0.008 0.003 0.008 0.128 0.816 
  57 H _   0.007 0.017 0.000 0.006 0.002 0.007 0.128 0.833 
  58 V _   0.006 0.012 0.000 0.004 0.002 0.006 0.127 0.843 
  59 D _   0.006 0.009 0.000 0.004 0.002 0.006 0.125 0.848 
  60 D _   0.005 0.008 0.000 0.004 0.002 0.006 0.123 0.851 
  61 R _   0.005 0.007 0.000 0.005 0.002 0.007 0.121 0.852 
  62 E _   0.005 0.008 0.000 0.007 0.002 0.007 0.118 0.852 
  63 R _   0.006 0.009 0.000 0.009 0.003 0.008 0.115 0.850 
  64 M _   0.006 0.010 0.000 0.012 0.004 0.009 0.111 0.848 
  65 E _   0.006 0.011 0.000 0.015 0.004 0.010 0.107 0.847 
  66 L _   0.006 0.012 0.001 0.017 0.005 0.011 0.103 0.847 
  67 L _   0.006 0.012 0.001 0.018 0.005 0.011 0.099 0.849 
  68 E _   0.006 0.012 0.001 0.017 0.005 0.012 0.096 0.852 
  69 E _   0.006 0.011 0.001 0.016 0.005 0.012 0.092 0.857 
  70 A _   0.007 0.010 0.001 0.014 0.005 0.012 0.089 0.862 
  71 K _   0.007 0.009 0.001 0.012 0.005 0.013 0.086 0.867 
  72 K _   0.009 0.007 0.001 0.011 0.005 0.014 0.084 0.870 
  73 M _   0.010 0.006 0.001 0.010 0.005 0.015 0.081 0.872 
  74 E _   0.013 0.006 0.001 0.009 0.005 0.017 0.079 0.871 
  75 M _   0.016 0.005 0.001 0.009 0.006 0.019 0.076 0.867 
  76 A _   0.020 0.005 0.001 0.009 0.007 0.022 0.074 0.862 
  77 K _   0.025 0.005 0.001 0.010 0.009 0.025 0.072 0.854 
  78 F _   0.031 0.004 0.001 0.011 0.010 0.027 0.069 0.846 
  79 R _   0.036 0.004 0.001 0.011 0.012 0.030 0.067 0.838 
  80 Y _   0.042 0.004 0.001 0.012 0.013 0.032 0.065 0.830 
  81 I _   0.047 0.004 0.001 0.012 0.015 0.034 0.064 0.823 
  82 L _   0.052 0.004 0.001 0.012 0.015 0.036 0.062 0.818 
  83 P _   0.056 0.004 0.001 0.012 0.016 0.037 0.061 0.814 
  84 V _   0.059 0.004 0.001 0.011 0.015 0.037 0.059 0.812 
  85 Y _   0.062 0.004 0.001 0.010 0.015 0.038 0.058 0.811 
  86 G _   0.064 0.004 0.001 0.009 0.015 0.038 0.057 0.811 
  87 I _   0.066 0.004 0.001 0.008 0.015 0.039 0.056 0.810 
  88 C _   0.067 0.004 0.001 0.008 0.015 0.040 0.056 0.810 
  89 R _   0.067 0.005 0.001 0.008 0.015 0.040 0.055 0.809 
  90 E _   0.067 0.007 0.001 0.009 0.016 0.041 0.054 0.805 
  91 P _   0.066 0.009 0.001 0.010 0.018 0.042 0.053 0.800 
  92 V _   0.065 0.013 0.001 0.013 0.020 0.042 0.053 0.793 
  93 G _   0.063 0.017 0.001 0.017 0.021 0.042 0.052 0.785 
  94 L _   0.060 0.022 0.002 0.021 0.022 0.041 0.052 0.780 
  95 V _   0.056 0.026 0.002 0.025 0.022 0.040 0.052 0.777 
  96 M _   0.051 0.029 0.002 0.028 0.022 0.037 0.052 0.779 
  97 E _   0.045 0.030 0.002 0.029 0.020 0.034 0.053 0.786 
  98 Y _   0.039 0.030 0.001 0.028 0.018 0.031 0.053 0.800 
  99 M _   0.033 0.028 0.001 0.026 0.015 0.027 0.054 0.816 
 100 E _   0.027 0.026 0.001 0.022 0.012 0.024 0.055 0.833 
 101 T _   0.023 0.023 0.001 0.019 0.009 0.020 0.056 0.850 
 102 G _   0.019 0.019 0.001 0.016 0.007 0.018 0.056 0.864 
 103 S _   0.016 0.015 0.001 0.013 0.006 0.015 0.057 0.876 
 104 L _   0.014 0.012 0.001 0.011 0.005 0.013 0.058 0.885 
 105 E _   0.012 0.010 0.001 0.010 0.004 0.012 0.059 0.893 
 106 K _   0.011 0.007 0.000 0.009 0.004 0.011 0.059 0.899 
 107 L _   0.010 0.006 0.000 0.008 0.003 0.010 0.060 0.904 
 108 L _   0.009 0.004 0.000 0.007 0.003 0.010 0.060 0.907 
 109 A _   0.008 0.003 0.000 0.006 0.003 0.009 0.060 0.910 
 110 S _   0.008 0.002 0.000 0.006 0.003 0.009 0.059 0.912 
 111 E _   0.009 0.002 0.000 0.005 0.003 0.010 0.059 0.913 
 112 P _   0.010 0.001 0.000 0.005 0.003 0.011 0.058 0.912 
 113 L _   0.011 0.001 0.000 0.005 0.003 0.013 0.057 0.909 
 114 P _   0.013 0.001 0.000 0.005 0.004 0.015 0.056 0.905 
 115 W _   0.017 0.001 0.001 0.006 0.005 0.018 0.055 0.897 
 116 D _   0.022 0.001 0.001 0.007 0.006 0.022 0.054 0.887 
 117 L _   0.028 0.002 0.001 0.008 0.008 0.027 0.052 0.875 
 118 R _   0.036 0.002 0.001 0.009 0.010 0.032 0.051 0.859 
 119 F _   0.046 0.003 0.001 0.010 0.013 0.037 0.049 0.841 
 120 R _   0.057 0.003 0.001 0.010 0.016 0.042 0.048 0.821 
 121 I _   0.068 0.004 0.001 0.011 0.020 0.047 0.047 0.801 
 122 I _   0.080 0.005 0.001 0.012 0.023 0.052 0.045 0.781 
 123 H _   0.093 0.006 0.002 0.012 0.027 0.056 0.044 0.760 
 124 E _   0.104 0.008 0.002 0.013 0.030 0.059 0.044 0.741 
 125 T _   0.115 0.009 0.002 0.014 0.033 0.061 0.043 0.724 
 126 A _   0.124 0.011 0.002 0.014 0.035 0.062 0.043 0.709 
 127 V _   0.130 0.013 0.002 0.016 0.037 0.062 0.043 0.698 
 128 G _   0.134 0.015 0.002 0.016 0.038 0.061 0.043 0.691 
 129 M _   0.134 0.016 0.002 0.018 0.037 0.059 0.043 0.690 
 130 N _   0.131 0.018 0.002 0.019 0.036 0.056 0.044 0.695 
 131 F _   0.124 0.019 0.002 0.020 0.033 0.053 0.045 0.704 
 132 L _   0.115 0.019 0.002 0.021 0.030 0.049 0.046 0.717 
 133 H _   0.104 0.019 0.002 0.022 0.027 0.045 0.047 0.735 
 134 C _   0.090 0.018 0.002 0.022 0.023 0.040 0.049 0.757 
 135 M _   0.076 0.017 0.001 0.020 0.018 0.034 0.051 0.781 
 136 A _   0.063 0.015 0.001 0.018 0.014 0.029 0.052 0.806 
 137 P _   0.051 0.013 0.001 0.015 0.011 0.024 0.054 0.831 
 138 P _   0.040 0.011 0.001 0.012 0.008 0.020 0.056 0.852 
 139 L _   0.031 0.009 0.001 0.010 0.006 0.017 0.057 0.871 
 140 L _   0.024 0.007 0.001 0.007 0.004 0.014 0.057 0.886 
 141 H _   0.018 0.006 0.000 0.006 0.003 0.012 0.058 0.897 
 142 L _   0.014 0.006 0.000 0.005 0.003 0.010 0.058 0.904 
 143 D _   0.012 0.006 0.000 0.004 0.003 0.010 0.058 0.907 
 144 L _   0.010 0.007 0.000 0.005 0.003 0.010 0.058 0.907 
 145 K _   0.009 0.010 0.000 0.006 0.003 0.010 0.057 0.905 
 146 P _   0.009 0.015 0.000 0.007 0.004 0.011 0.056 0.897 
 147 A _   0.010 0.024 0.001 0.010 0.005 0.012 0.054 0.885 
 148 N _   0.010 0.036 0.001 0.013 0.006 0.013 0.053 0.868 
 149 I _   0.011 0.052 0.001 0.016 0.007 0.014 0.051 0.849 
 150 L _   0.011 0.068 0.001 0.019 0.008 0.015 0.049 0.829 
 151 L _   0.010 0.083 0.001 0.021 0.008 0.016 0.047 0.814 
 152 D _   0.010 0.095 0.001 0.021 0.008 0.016 0.046 0.802 
 153 A _   0.010 0.105 0.001 0.021 0.008 0.016 0.044 0.794 
 154 H _   0.010 0.113 0.001 0.020 0.008 0.016 0.043 0.789 
 155 Y _   0.010 0.120 0.001 0.020 0.008 0.016 0.042 0.783 
 156 H _   0.010 0.127 0.001 0.019 0.008 0.016 0.041 0.778 
 157 V _   0.010 0.135 0.001 0.020 0.008 0.017 0.040 0.770 
 158 K _   0.010 0.143 0.001 0.021 0.008 0.017 0.039 0.760 
 159 I _   0.011 0.152 0.001 0.024 0.009 0.017 0.038 0.749 
 160 S _   0.011 0.160 0.001 0.026 0.009 0.017 0.037 0.738 
 161 D _   0.011 0.167 0.001 0.030 0.010 0.017 0.037 0.729 
 162 F _   0.010 0.171 0.001 0.032 0.010 0.016 0.036 0.723 
 163 G _   0.010 0.172 0.001 0.033 0.010 0.016 0.036 0.722 
 164 L _   0.009 0.170 0.001 0.033 0.009 0.015 0.036 0.727 
 165 A _   0.009 0.165 0.001 0.030 0.008 0.014 0.037 0.736 
 166 K _   0.008 0.156 0.001 0.027 0.007 0.012 0.037 0.751 
 167 C _   0.008 0.144 0.001 0.023 0.006 0.011 0.038 0.770 
 168 N _   0.007 0.129 0.001 0.018 0.005 0.010 0.039 0.790 
 169 G _   0.007 0.114 0.001 0.014 0.004 0.009 0.040 0.811 
 170 L _   0.006 0.101 0.000 0.011 0.003 0.009 0.041 0.829 
 171 S _   0.006 0.090 0.000 0.008 0.003 0.008 0.041 0.843 
 172 H _   0.006 0.083 0.000 0.006 0.002 0.009 0.041 0.852 
 173 S _   0.006 0.080 0.000 0.006 0.002 0.009 0.041 0.856 
 174 H _   0.007 0.079 0.000 0.006 0.003 0.011 0.041 0.854 
 175 D _   0.008 0.082 0.000 0.007 0.004 0.013 0.040 0.845 
 176 L _   0.011 0.090 0.001 0.010 0.005 0.017 0.039 0.827 
 177 S _   0.014 0.106 0.001 0.015 0.009 0.021 0.038 0.797 
 178 M _   0.017 0.130 0.001 0.023 0.013 0.025 0.037 0.754 
 179 D _   0.020 0.161 0.002 0.033 0.018 0.029 0.035 0.703 
 180 G _   0.023 0.191 0.002 0.044 0.022 0.032 0.034 0.653 
 181 L _   0.024 0.213 0.002 0.053 0.024 0.033 0.033 0.618 
 182 F _   0.026 0.226 0.002 0.060 0.026 0.033 0.032 0.596 
 183 G _   0.026 0.230 0.002 0.062 0.026 0.033 0.032 0.589 
 184 T _   0.027 0.228 0.002 0.060 0.024 0.031 0.033 0.596 
 185 I _   0.026 0.218 0.002 0.055 0.022 0.029 0.034 0.614 
 186 A _   0.024 0.199 0.002 0.048 0.019 0.026 0.035 0.646 
 187 Y _   0.023 0.170 0.002 0.039 0.016 0.024 0.037 0.690 
 188 L _   0.021 0.133 0.001 0.029 0.013 0.021 0.038 0.743 
 189 P _   0.019 0.095 0.001 0.022 0.010 0.019 0.040 0.794 
 190 P _   0.017 0.065 0.001 0.016 0.007 0.017 0.042 0.836 
 191 E _   0.014 0.044 0.001 0.012 0.006 0.015 0.043 0.866 
 192 R _   0.013 0.030 0.001 0.010 0.004 0.013 0.044 0.886 
 193 I _   0.011 0.021 0.000 0.009 0.004 0.012 0.044 0.898 
 194 R _   0.010 0.016 0.000 0.008 0.004 0.011 0.044 0.906 
 195 E _   0.010 0.012 0.000 0.008 0.004 0.011 0.044 0.911 
 196 K _   0.010 0.009 0.000 0.008 0.004 0.011 0.044 0.914 
 197 S _   0.011 0.007 0.000 0.008 0.004 0.010 0.044 0.916 
 198 R _   0.013 0.005 0.000 0.008 0.004 0.010 0.043 0.917 
 199 L _   0.017 0.003 0.000 0.007 0.003 0.011 0.042 0.916 
 200 F _   0.025 0.002 0.000 0.006 0.003 0.011 0.041 0.912 
 201 D _   0.038 0.001 0.000 0.004 0.004 0.012 0.040 0.901 
 202 T _   0.060 0.000 0.001 0.003 0.004 0.013 0.038 0.881 
 203 K _   0.096 0.000 0.001 0.003 0.005 0.016 0.036 0.844 
 204 H _   0.153 0.000 0.001 0.002 0.007 0.019 0.034 0.785 
 205 D _   0.231 0.000 0.001 0.002 0.010 0.023 0.031 0.701 
 206 V _   0.331 0.000 0.001 0.002 0.016 0.028 0.028 0.593 
 207 Y _   0.438 0.000 0.002 0.002 0.024 0.033 0.026 0.475 
 208 S H   0.532 0.000 0.002 0.002 0.032 0.036 0.025 0.371 
 209 F H   0.601 0.001 0.002 0.003 0.040 0.038 0.024 0.291 
 210 A H   0.648 0.001 0.002 0.004 0.046 0.038 0.025 0.235 
 211 I H   0.674 0.003 0.002 0.006 0.049 0.037 0.026 0.202 
 212 V H   0.680 0.004 0.002 0.009 0.051 0.036 0.028 0.191 
 213 I H   0.668 0.005 0.003 0.011 0.051 0.034 0.031 0.199 
 214 W H   0.637 0.006 0.003 0.012 0.049 0.032 0.034 0.227 
 215 G H   0.584 0.005 0.003 0.013 0.044 0.030 0.040 0.280 
 216 V H   0.507 0.004 0.003 0.014 0.037 0.027 0.047 0.362 
 217 L _   0.409 0.003 0.002 0.012 0.027 0.023 0.055 0.469 
 218 T _   0.304 0.002 0.002 0.009 0.017 0.018 0.064 0.585 
 219 Q _   0.206 0.001 0.001 0.006 0.010 0.014 0.072 0.691 
 220 K _   0.129 0.000 0.001 0.004 0.005 0.011 0.078 0.772 
 221 K _   0.074 0.000 0.000 0.003 0.003 0.008 0.083 0.829 
 222 P _   0.041 0.000 0.000 0.002 0.002 0.007 0.086 0.862 
 223 F _   0.024 0.000 0.000 0.002 0.001 0.006 0.088 0.878 
 224 A _   0.016 0.000 0.000 0.002 0.001 0.007 0.090 0.884 
 225 D _   0.013 0.001 0.000 0.002 0.002 0.008 0.091 0.883 
 226 E _   0.013 0.003 0.000 0.004 0.003 0.011 0.091 0.874 
 227 K _   0.014 0.010 0.001 0.008 0.005 0.014 0.092 0.856 
 228 N _   0.016 0.025 0.001 0.015 0.008 0.018 0.091 0.825 
 229 I _   0.017 0.049 0.001 0.026 0.012 0.022 0.090 0.782 
 230 L _   0.018 0.074 0.001 0.037 0.015 0.025 0.090 0.739 
 231 H _   0.019 0.093 0.001 0.048 0.018 0.027 0.090 0.705 
 232 I _   0.019 0.105 0.001 0.055 0.019 0.027 0.090 0.682 
 233 M _   0.019 0.111 0.001 0.057 0.019 0.027 0.092 0.673 
 234 V _   0.019 0.112 0.001 0.055 0.018 0.026 0.094 0.674 
 235 K _   0.018 0.108 0.001 0.049 0.016 0.024 0.097 0.686 
 236 V _   0.017 0.100 0.001 0.040 0.014 0.021 0.101 0.705 
 237 V _   0.016 0.087 0.001 0.031 0.011 0.019 0.106 0.729 
 238 K _   0.015 0.072 0.001 0.022 0.009 0.017 0.110 0.755 
 239 G _   0.013 0.057 0.001 0.015 0.006 0.014 0.115 0.778 
 240 H _   0.012 0.046 0.001 0.010 0.005 0.013 0.118 0.796 
 241 R _   0.010 0.038 0.000 0.007 0.004 0.011 0.122 0.807 
 242 P _   0.009 0.034 0.000 0.006 0.003 0.011 0.124 0.812 
 243 E _   0.009 0.033 0.000 0.005 0.003 0.010 0.126 0.813 
 244 L _   0.008 0.033 0.000 0.006 0.003 0.011 0.128 0.811 
 245 P _   0.008 0.035 0.000 0.006 0.003 0.012 0.129 0.806 
 246 P _   0.008 0.039 0.000 0.008 0.004 0.013 0.130 0.798 
 247 V _   0.009 0.044 0.001 0.009 0.004 0.015 0.130 0.788 
 248 C _   0.010 0.051 0.001 0.011 0.005 0.017 0.131 0.775 
 249 R _   0.011 0.060 0.001 0.013 0.006 0.019 0.131 0.760 
 250 A _   0.012 0.070 0.001 0.014 0.008 0.022 0.131 0.743 
 251 R _   0.014 0.082 0.001 0.015 0.009 0.025 0.131 0.723 
 252 P _   0.016 0.095 0.001 0.017 0.011 0.028 0.131 0.700 
 253 R _   0.019 0.111 0.001 0.020 0.015 0.032 0.131 0.672 
 254 A _   0.021 0.131 0.001 0.024 0.019 0.035 0.131 0.637 
 255 C _   0.024 0.154 0.002 0.029 0.023 0.038 0.132 0.598 
 256 S _   0.027 0.178 0.002 0.036 0.027 0.040 0.133 0.559 
 257 H _   0.028 0.200 0.002 0.045 0.029 0.040 0.134 0.521 
 258 L _   0.030 0.216 0.002 0.053 0.030 0.039 0.137 0.492 
 259 I _   0.030 0.226 0.002 0.060 0.030 0.038 0.140 0.474 
 260 R _   0.030 0.229 0.002 0.063 0.029 0.035 0.145 0.467 
 261 L _   0.029 0.225 0.002 0.061 0.027 0.033 0.152 0.473 
 262 M _   0.027 0.212 0.002 0.056 0.023 0.029 0.160 0.491 
 263 Q _   0.025 0.188 0.002 0.047 0.019 0.025 0.170 0.524 
 264 R _   0.023 0.151 0.002 0.036 0.015 0.021 0.182 0.570 
 265 C _   0.020 0.106 0.001 0.025 0.011 0.018 0.194 0.625 
 266 W _   0.017 0.066 0.001 0.015 0.007 0.015 0.206 0.673 
 267 Q _   0.013 0.039 0.001 0.009 0.005 0.012 0.215 0.706 
 268 G _   0.011 0.026 0.000 0.005 0.003 0.010 0.222 0.723 
 269 D _   0.009 0.020 0.000 0.004 0.002 0.009 0.227 0.729 
 270 P _   0.008 0.019 0.000 0.003 0.002 0.009 0.230 0.728 
 271 R _   0.008 0.019 0.000 0.004 0.002 0.010 0.233 0.722 
 272 V _   0.009 0.023 0.000 0.007 0.003 0.012 0.236 0.710 
 273 R _   0.009 0.030 0.001 0.012 0.005 0.014 0.238 0.692 
 274 P _   0.010 0.041 0.001 0.020 0.007 0.016 0.239 0.666 
 275 T _   0.010 0.055 0.001 0.029 0.009 0.018 0.241 0.637 
 276 F _   0.011 0.067 0.001 0.038 0.011 0.018 0.243 0.611 
 277 Q _   0.010 0.075 0.001 0.045 0.012 0.019 0.247 0.591 
 278 E _   0.010 0.079 0.001 0.049 0.012 0.018 0.251 0.580 
 279 I _   0.009 0.079 0.001 0.049 0.011 0.017 0.257 0.575 
 280 T _   0.009 0.077 0.001 0.046 0.010 0.015 0.265 0.577 
 281 S _   0.008 0.071 0.001 0.040 0.009 0.014 0.274 0.585 
 282 E _   0.008 0.061 0.001 0.032 0.007 0.012 0.284 0.597 
 283 T _   0.007 0.048 0.001 0.023 0.005 0.010 0.295 0.611 
 284 E _   0.007 0.035 0.001 0.016 0.004 0.008 0.305 0.625 
 285 D _   0.006 0.024 0.000 0.011 0.003 0.007 0.314 0.636 
 286 L _   0.005 0.016 0.000 0.007 0.002 0.006 0.321 0.643 
 287 C _   0.005 0.011 0.000 0.005 0.001 0.005 0.326 0.647 
 288 E _   0.004 0.008 0.000 0.004 0.001 0.004 0.330 0.648 
 289 K _   0.004 0.007 0.000 0.003 0.001 0.004 0.332 0.648 
 290 P _   0.004 0.007 0.000 0.004 0.001 0.004 0.333 0.647 
 291 D _   0.004 0.007 0.000 0.005 0.001 0.005 0.333 0.645 
 292 D _   0.004 0.009 0.000 0.007 0.002 0.006 0.332 0.641 
 293 E _   0.004 0.011 0.000 0.009 0.002 0.007 0.331 0.636 
 294 V _   0.005 0.013 0.000 0.013 0.003 0.008 0.329 0.629 
 295 K _   0.005 0.016 0.000 0.017 0.003 0.009 0.327 0.622 
 296 E _   0.005 0.018 0.000 0.021 0.004 0.009 0.325 0.617 
 297 T _   0.005 0.020 0.000 0.022 0.004 0.009 0.325 0.615 
 298 A _   0.005 0.020 0.000 0.022 0.004 0.009 0.324 0.615 
 299 H _   0.005 0.019 0.000 0.020 0.003 0.008 0.324 0.619 
 300 D _   0.005 0.018 0.000 0.016 0.003 0.007 0.324 0.626 
 301 L _   0.005 0.016 0.000 0.012 0.002 0.006 0.324 0.634 
 302 D _   0.004 0.013 0.000 0.009 0.002 0.005 0.324 0.642 
 303 V _   0.004 0.011 0.000 0.006 0.001 0.005 0.323 0.649 
 304 K _   0.004 0.010 0.000 0.004 0.001 0.004 0.322 0.655 
 305 S _   0.003 0.010 0.000 0.003 0.001 0.004 0.319 0.660 
 306 P _   0.003 0.011 0.000 0.003 0.001 0.004 0.314 0.663 
 307 P _   0.004 0.013 0.000 0.004 0.001 0.005 0.308 0.664 
 308 E _   0.004 0.019 0.000 0.006 0.002 0.007 0.300 0.662 
 309 P _   0.005 0.031 0.000 0.010 0.003 0.010 0.288 0.653 
 310 R _   0.006 0.057 0.001 0.016 0.005 0.013 0.272 0.631 
 311 S _   0.006 0.100 0.001 0.025 0.008 0.015 0.250 0.594 
 312 E _   0.006 0.158 0.001 0.036 0.010 0.017 0.225 0.546 
 313 V _   0.006 0.220 0.002 0.045 0.011 0.017 0.201 0.499 
 314 V _   0.005 0.273 0.001 0.051 0.012 0.017 0.181 0.460 
 315 P _   0.005 0.310 0.001 0.056 0.011 0.016 0.166 0.435 
 316 A _   0.004 0.333 0.001 0.058 0.011 0.015 0.156 0.422 
 317 R _   0.004 0.345 0.001 0.057 0.010 0.014 0.148 0.420 
 318 L _   0.004 0.349 0.001 0.055 0.010 0.014 0.143 0.424 
 319 K _   0.004 0.347 0.001 0.051 0.009 0.013 0.140 0.436 
 320 R _   0.005 0.339 0.001 0.045 0.008 0.012 0.138 0.453 
 321 A _   0.005 0.323 0.001 0.037 0.007 0.011 0.137 0.479 
 322 S _   0.005 0.301 0.001 0.030 0.006 0.010 0.136 0.511 
 323 A _   0.005 0.273 0.001 0.023 0.005 0.010 0.137 0.547 
 324 P _   0.006 0.245 0.001 0.016 0.004 0.009 0.137 0.583 
 325 T _   0.005 0.221 0.000 0.011 0.003 0.008 0.137 0.614 
 326 F _   0.005 0.204 0.000 0.008 0.003 0.008 0.136 0.635 
 327 D _   0.005 0.195 0.000 0.006 0.002 0.008 0.135 0.648 
 328 N _   0.005 0.191 0.000 0.006 0.002 0.009 0.134 0.653 
 329 D _   0.006 0.192 0.000 0.006 0.003 0.010 0.131 0.652 
 330 Y _   0.007 0.199 0.000 0.008 0.004 0.012 0.128 0.642 
 331 S _   0.008 0.213 0.001 0.012 0.005 0.014 0.125 0.623 
 332 L _   0.008 0.234 0.001 0.017 0.007 0.015 0.120 0.596 
 333 S _   0.009 0.261 0.001 0.023 0.009 0.016 0.116 0.565 
 334 E _   0.009 0.286 0.001 0.029 0.010 0.017 0.112 0.536 
 335 L _   0.009 0.304 0.001 0.033 0.011 0.017 0.109 0.517 
 336 L _   0.008 0.314 0.001 0.035 0.011 0.016 0.107 0.508 
 337 S _   0.008 0.318 0.001 0.035 0.010 0.016 0.105 0.506 
 338 Q _   0.008 0.317 0.001 0.034 0.010 0.015 0.105 0.512 
 339 L _   0.008 0.311 0.001 0.031 0.009 0.014 0.105 0.522 
 340 D _   0.008 0.300 0.001 0.027 0.008 0.013 0.105 0.538 
 341 S _   0.008 0.285 0.001 0.024 0.007 0.012 0.106 0.557 
 342 G _   0.008 0.268 0.001 0.021 0.006 0.012 0.107 0.577 
 343 V _   0.008 0.251 0.001 0.019 0.006 0.011 0.109 0.595 
 344 S _   0.008 0.234 0.001 0.018 0.005 0.011 0.111 0.612 
 345 Q _   0.008 0.218 0.001 0.017 0.005 0.011 0.113 0.627 
 346 A _   0.008 0.203 0.001 0.017 0.005 0.011 0.115 0.641 
 347 V _   0.008 0.188 0.001 0.016 0.005 0.010 0.117 0.655 
 348 E _   0.008 0.174 0.001 0.015 0.004 0.010 0.119 0.669 
 349 G _   0.008 0.160 0.001 0.014 0.004 0.009 0.120 0.684 
 350 P _   0.007 0.147 0.000 0.013 0.004 0.009 0.122 0.698 
 351 E _   0.007 0.134 0.000 0.012 0.003 0.008 0.123 0.712 
 352 E _   0.007 0.124 0.000 0.010 0.003 0.008 0.124 0.724 
 353 L _   0.006 0.115 0.000 0.009 0.002 0.007 0.125 0.735 
 354 S _   0.006 0.108 0.000 0.008 0.002 0.007 0.125 0.744 
 355 R _   0.005 0.104 0.000 0.007 0.002 0.007 0.125 0.750 
 356 S _   0.005 0.101 0.000 0.007 0.002 0.006 0.125 0.754 
 357 S _   0.004 0.101 0.000 0.007 0.002 0.006 0.124 0.755 
 358 S _   0.004 0.102 0.000 0.007 0.002 0.007 0.122 0.755 
 359 E _   0.004 0.105 0.000 0.008 0.002 0.007 0.120 0.754 
 360 S _   0.004 0.110 0.000 0.009 0.002 0.007 0.117 0.750 
 361 K _   0.004 0.117 0.000 0.010 0.002 0.008 0.114 0.745 
 362 L _   0.004 0.126 0.000 0.011 0.003 0.008 0.110 0.737 
 363 P _   0.004 0.139 0.000 0.012 0.003 0.009 0.106 0.726 
 364 S _   0.004 0.156 0.001 0.014 0.004 0.010 0.100 0.711 
 365 S _   0.004 0.179 0.001 0.017 0.005 0.011 0.094 0.690 
 366 G _   0.005 0.208 0.001 0.020 0.006 0.012 0.088 0.662 
 367 S _   0.005 0.243 0.001 0.023 0.007 0.013 0.081 0.628 
 368 G _   0.005 0.285 0.001 0.026 0.008 0.014 0.074 0.588 
 369 K _   0.005 0.330 0.001 0.029 0.009 0.014 0.067 0.544 
 370 R _   0.005 0.374 0.001 0.032 0.010 0.014 0.062 0.503 
 371 L _   0.005 0.411 0.001 0.034 0.010 0.014 0.057 0.468 
 372 S _   0.005 0.440 0.001 0.036 0.010 0.014 0.053 0.442 
 373 G E   0.005 0.460 0.001 0.037 0.010 0.013 0.050 0.425 
 374 V E   0.005 0.472 0.001 0.037 0.009 0.013 0.048 0.415 
 375 S E   0.005 0.477 0.001 0.036 0.009 0.012 0.047 0.413 
 376 S E   0.005 0.477 0.001 0.035 0.009 0.012 0.046 0.416 
 377 V E   0.006 0.472 0.001 0.032 0.008 0.012 0.046 0.424 
 378 D E   0.006 0.461 0.001 0.029 0.008 0.011 0.046 0.439 
 379 S _   0.006 0.444 0.001 0.025 0.007 0.011 0.046 0.459 
 380 A _   0.006 0.422 0.001 0.022 0.007 0.011 0.047 0.485 
 381 F _   0.006 0.396 0.001 0.019 0.006 0.011 0.048 0.513 
 382 S _   0.006 0.372 0.001 0.016 0.005 0.011 0.049 0.540 
 383 S _   0.006 0.351 0.001 0.015 0.005 0.011 0.050 0.562 
 384 R _   0.006 0.335 0.001 0.014 0.005 0.011 0.051 0.579 
 385 G _   0.006 0.322 0.001 0.014 0.005 0.011 0.052 0.590 
 386 S _   0.007 0.313 0.001 0.015 0.005 0.011 0.052 0.597 
 387 L _   0.007 0.304 0.001 0.017 0.005 0.011 0.053 0.602 
 388 S _   0.007 0.295 0.001 0.019 0.006 0.011 0.054 0.607 
 389 L _   0.007 0.284 0.001 0.021 0.006 0.012 0.055 0.613 
 390 S _   0.008 0.271 0.001 0.023 0.006 0.011 0.057 0.624 
 391 F _   0.008 0.253 0.001 0.023 0.006 0.011 0.059 0.639 
 392 E _   0.008 0.230 0.001 0.022 0.006 0.011 0.061 0.660 
 393 R _   0.008 0.202 0.001 0.020 0.006 0.011 0.064 0.688 
 394 E _   0.008 0.170 0.001 0.018 0.005 0.010 0.067 0.721 
 395 P _   0.008 0.138 0.001 0.015 0.005 0.010 0.069 0.754 
 396 S _   0.008 0.112 0.001 0.012 0.004 0.009 0.072 0.782 
 397 T _   0.007 0.092 0.000 0.010 0.003 0.009 0.074 0.804 
 398 S _   0.007 0.078 0.000 0.009 0.003 0.008 0.076 0.819 
 399 D _   0.006 0.069 0.000 0.008 0.003 0.008 0.077 0.829 
 400 L _   0.006 0.063 0.000 0.007 0.002 0.007 0.078 0.836 
 401 G _   0.005 0.060 0.000 0.007 0.002 0.007 0.078 0.839 
 402 T _   0.005 0.058 0.000 0.007 0.002 0.007 0.078 0.841 
 403 T _   0.005 0.058 0.000 0.007 0.002 0.008 0.078 0.842 
 404 D _   0.005 0.059 0.000 0.008 0.003 0.008 0.077 0.841 
 405 V _   0.005 0.061 0.000 0.009 0.003 0.009 0.076 0.838 
 406 Q _   0.005 0.065 0.000 0.010 0.003 0.010 0.074 0.832 
 407 K _   0.005 0.071 0.000 0.011 0.004 0.011 0.073 0.824 
 408 K _   0.006 0.079 0.001 0.014 0.005 0.013 0.071 0.812 
 409 K _   0.007 0.089 0.001 0.017 0.006 0.014 0.070 0.797 
 410 L _   0.008 0.100 0.001 0.021 0.008 0.016 0.068 0.779 
 411 V _   0.009 0.111 0.001 0.025 0.009 0.017 0.067 0.761 
 412 D _   0.009 0.120 0.001 0.029 0.010 0.018 0.066 0.746 
 413 A _   0.010 0.127 0.001 0.031 0.011 0.019 0.065 0.736 
 414 I _   0.011 0.131 0.001 0.032 0.011 0.020 0.065 0.730 
 415 V _   0.012 0.132 0.001 0.031 0.011 0.020 0.065 0.729 
 416 S _   0.012 0.130 0.001 0.029 0.011 0.020 0.065 0.732 
 417 G _   0.012 0.127 0.001 0.027 0.011 0.019 0.065 0.737 
 418 D _   0.013 0.121 0.001 0.025 0.010 0.019 0.066 0.744 
 419 T _   0.013 0.115 0.001 0.024 0.010 0.019 0.067 0.752 
 420 S _   0.013 0.107 0.001 0.022 0.009 0.018 0.069 0.760 
 421 K _   0.013 0.099 0.001 0.022 0.009 0.017 0.070 0.769 
 422 L _   0.014 0.090 0.001 0.021 0.008 0.017 0.072 0.778 
 423 M _   0.013 0.081 0.001 0.020 0.008 0.016 0.074 0.787 
 424 K _   0.013 0.071 0.001 0.019 0.007 0.015 0.076 0.799 
 425 I _   0.012 0.059 0.001 0.017 0.006 0.013 0.078 0.813 
 426 L _   0.011 0.047 0.001 0.014 0.005 0.012 0.080 0.829 
 427 Q _   0.010 0.036 0.001 0.011 0.005 0.011 0.082 0.844 
 428 P _   0.009 0.025 0.001 0.009 0.004 0.010 0.084 0.858 
 429 Q _   0.008 0.018 0.000 0.007 0.003 0.010 0.085 0.869 
 430 D _   0.008 0.012 0.000 0.005 0.003 0.010 0.086 0.875 
 431 V _   0.008 0.009 0.000 0.004 0.003 0.010 0.087 0.878 
 432 D _   0.009 0.008 0.000 0.004 0.003 0.011 0.087 0.878 
 433 L _   0.011 0.008 0.000 0.004 0.003 0.013 0.087 0.874 
 434 A _   0.014 0.008 0.000 0.004 0.004 0.016 0.087 0.867 
 435 L _   0.017 0.010 0.001 0.006 0.005 0.020 0.086 0.856 
 436 D _   0.022 0.014 0.001 0.007 0.007 0.024 0.085 0.839 
 437 S _   0.028 0.020 0.001 0.010 0.011 0.029 0.084 0.816 
 438 G _   0.035 0.030 0.001 0.015 0.016 0.034 0.083 0.786 
 439 A _   0.042 0.043 0.002 0.020 0.021 0.039 0.082 0.752 
 440 S _   0.048 0.057 0.002 0.025 0.026 0.043 0.081 0.718 
 441 L _   0.053 0.068 0.002 0.031 0.030 0.046 0.081 0.690 
 442 L _   0.056 0.077 0.002 0.035 0.031 0.047 0.081 0.670 
 443 H _   0.058 0.082 0.002 0.037 0.031 0.046 0.082 0.662 
 444 L _   0.057 0.083 0.002 0.036 0.030 0.044 0.084 0.664 
 445 A _   0.056 0.082 0.002 0.033 0.026 0.042 0.086 0.674 
 446 V _   0.053 0.078 0.002 0.027 0.022 0.039 0.088 0.691 
 447 E _   0.049 0.072 0.001 0.022 0.018 0.036 0.090 0.712 
 448 A _   0.044 0.065 0.001 0.016 0.014 0.033 0.093 0.734 
 449 G _   0.039 0.060 0.001 0.013 0.012 0.031 0.095 0.750 
 450 Q _   0.036 0.056 0.001 0.011 0.010 0.029 0.097 0.761 
 451 E _   0.032 0.055 0.001 0.012 0.009 0.027 0.099 0.764 
 452 E _   0.030 0.056 0.001 0.014 0.010 0.026 0.101 0.763 
 453 C _   0.027 0.057 0.001 0.018 0.010 0.025 0.103 0.759 
 454 A _   0.025 0.059 0.001 0.023 0.011 0.024 0.105 0.752 
 455 K _   0.023 0.061 0.001 0.027 0.011 0.022 0.108 0.747 
 456 W _   0.020 0.061 0.001 0.030 0.010 0.020 0.111 0.746 
 457 L _   0.018 0.059 0.001 0.031 0.010 0.018 0.115 0.749 
 458 L _   0.016 0.054 0.001 0.029 0.008 0.016 0.120 0.757 
 459 L _   0.013 0.047 0.001 0.024 0.007 0.013 0.124 0.771 
 460 N _   0.012 0.037 0.001 0.019 0.005 0.011 0.129 0.787 
 461 N _   0.010 0.026 0.001 0.014 0.004 0.009 0.134 0.803 
 462 A _   0.009 0.017 0.000 0.010 0.003 0.007 0.138 0.817 
 463 N _   0.007 0.010 0.000 0.006 0.002 0.006 0.141 0.827 
 464 P _   0.006 0.005 0.000 0.004 0.002 0.005 0.144 0.834 
 465 N _   0.005 0.003 0.000 0.003 0.001 0.005 0.145 0.837 
 466 L _   0.005 0.002 0.000 0.003 0.001 0.004 0.146 0.839 
 467 S _   0.004 0.001 0.000 0.002 0.001 0.005 0.146 0.840 
 468 N _   0.004 0.001 0.000 0.003 0.001 0.005 0.145 0.840 
 469 R _   0.004 0.001 0.000 0.003 0.001 0.007 0.144 0.839 
 470 R _   0.005 0.002 0.000 0.004 0.002 0.009 0.142 0.836 
 471 G _   0.007 0.003 0.000 0.005 0.003 0.013 0.139 0.831 
 472 S _   0.009 0.004 0.000 0.008 0.004 0.018 0.135 0.821 
 473 T _   0.012 0.007 0.001 0.012 0.006 0.024 0.131 0.807 
 474 P _   0.017 0.012 0.001 0.016 0.009 0.031 0.126 0.788 
 475 L _   0.022 0.016 0.001 0.020 0.013 0.038 0.121 0.767 
 476 H _   0.029 0.020 0.001 0.024 0.017 0.045 0.117 0.746 
 477 M _   0.037 0.024 0.001 0.026 0.022 0.052 0.113 0.725 
 478 A _   0.047 0.026 0.002 0.026 0.025 0.058 0.109 0.707 
 479 V _   0.058 0.027 0.002 0.025 0.028 0.062 0.106 0.693 
 480 E _   0.069 0.028 0.002 0.022 0.030 0.066 0.103 0.681 
 481 R _   0.081 0.027 0.002 0.018 0.032 0.069 0.101 0.671 
 482 R _   0.092 0.027 0.002 0.015 0.033 0.071 0.099 0.661 
 483 V _   0.102 0.028 0.002 0.013 0.034 0.072 0.097 0.652 
 484 R _   0.110 0.030 0.002 0.013 0.036 0.073 0.096 0.640 
 485 G _   0.116 0.033 0.002 0.015 0.038 0.073 0.095 0.629 
 486 V _   0.119 0.038 0.002 0.019 0.039 0.071 0.095 0.618 
 487 V _   0.119 0.044 0.002 0.024 0.039 0.068 0.095 0.609 
 488 E _   0.115 0.050 0.002 0.031 0.039 0.063 0.095 0.605 
 489 L _   0.107 0.055 0.002 0.036 0.036 0.058 0.096 0.609 
 490 L _   0.097 0.056 0.002 0.040 0.033 0.052 0.098 0.622 
 491 L _   0.084 0.055 0.002 0.040 0.028 0.045 0.100 0.646 
 492 A _   0.071 0.051 0.002 0.037 0.022 0.038 0.103 0.677 
 493 R _   0.057 0.044 0.001 0.030 0.017 0.031 0.105 0.714 
 494 K _   0.045 0.034 0.001 0.023 0.011 0.024 0.108 0.753 
 495 I _   0.034 0.024 0.001 0.016 0.007 0.019 0.111 0.788 
 496 S _   0.025 0.016 0.001 0.010 0.005 0.014 0.113 0.817 
 497 V _   0.018 0.010 0.000 0.006 0.003 0.011 0.114 0.838 
 498 N _   0.013 0.007 0.000 0.004 0.002 0.009 0.114 0.851 
 499 A _   0.010 0.006 0.000 0.003 0.002 0.008 0.114 0.858 
 500 K _   0.008 0.006 0.000 0.003 0.002 0.008 0.113 0.861 
 501 D _   0.008 0.007 0.000 0.003 0.002 0.009 0.111 0.859 
 502 E _   0.009 0.010 0.000 0.005 0.003 0.011 0.109 0.852 
 503 D _   0.010 0.020 0.001 0.010 0.005 0.014 0.106 0.834 
 504 Q _   0.012 0.040 0.001 0.018 0.008 0.017 0.102 0.802 
 505 W _   0.012 0.070 0.001 0.030 0.011 0.020 0.097 0.758 
 506 T _   0.013 0.100 0.001 0.044 0.014 0.022 0.092 0.714 
 507 A _   0.013 0.122 0.001 0.056 0.015 0.023 0.089 0.681 
 508 L _   0.012 0.134 0.001 0.063 0.016 0.022 0.086 0.665 
 509 H _   0.012 0.138 0.001 0.064 0.015 0.021 0.085 0.663 
 510 F _   0.011 0.137 0.001 0.060 0.013 0.019 0.085 0.674 
 511 A _   0.010 0.128 0.001 0.051 0.011 0.017 0.085 0.696 
 512 A _   0.009 0.113 0.001 0.039 0.009 0.014 0.086 0.729 
 513 Q _   0.009 0.091 0.001 0.027 0.007 0.012 0.087 0.768 
 514 N _   0.008 0.067 0.001 0.017 0.005 0.010 0.088 0.804 
 515 G _   0.007 0.049 0.000 0.011 0.003 0.009 0.088 0.833 
 516 D _   0.006 0.038 0.000 0.007 0.002 0.008 0.089 0.850 
 517 E _   0.006 0.032 0.000 0.006 0.002 0.008 0.089 0.858 
 518 S _   0.006 0.030 0.000 0.006 0.002 0.008 0.088 0.860 
 519 S _   0.006 0.029 0.000 0.007 0.002 0.008 0.088 0.859 
 520 T _   0.007 0.030 0.000 0.010 0.003 0.009 0.087 0.854 
 521 R _   0.007 0.032 0.000 0.013 0.004 0.010 0.085 0.849 
 522 L _   0.007 0.034 0.001 0.016 0.005 0.011 0.084 0.843 
 523 L _   0.007 0.036 0.001 0.019 0.005 0.011 0.083 0.839 
 524 L _   0.007 0.036 0.001 0.020 0.005 0.011 0.082 0.839 
 525 E _   0.007 0.036 0.001 0.019 0.005 0.010 0.081 0.842 
 526 K _   0.006 0.034 0.001 0.017 0.005 0.010 0.080 0.848 
 527 N _   0.006 0.032 0.000 0.014 0.004 0.009 0.080 0.855 
 528 A _   0.006 0.029 0.000 0.012 0.004 0.008 0.079 0.861 
 529 S _   0.006 0.027 0.000 0.010 0.003 0.008 0.079 0.867 
 530 V _   0.006 0.025 0.000 0.008 0.003 0.008 0.078 0.871 
 531 N _   0.006 0.024 0.000 0.007 0.003 0.008 0.078 0.874 
 532 E _   0.006 0.024 0.000 0.007 0.003 0.008 0.077 0.874 
 533 V _   0.007 0.025 0.000 0.007 0.003 0.009 0.076 0.872 
 534 D _   0.007 0.027 0.000 0.008 0.003 0.010 0.075 0.869 
 535 F _   0.008 0.030 0.000 0.010 0.004 0.011 0.073 0.865 
 536 E _   0.008 0.033 0.001 0.011 0.005 0.012 0.071 0.859 
 537 G _   0.008 0.038 0.001 0.013 0.005 0.013 0.070 0.852 
 538 R _   0.008 0.042 0.001 0.015 0.006 0.014 0.068 0.846 
 539 T _   0.008 0.047 0.001 0.017 0.007 0.016 0.066 0.838 
 540 P _   0.009 0.052 0.001 0.018 0.007 0.017 0.064 0.832 
 541 M _   0.009 0.056 0.001 0.019 0.008 0.018 0.063 0.827 
 542 H _   0.010 0.060 0.001 0.019 0.008 0.019 0.061 0.823 
 543 V _   0.010 0.063 0.001 0.018 0.008 0.020 0.060 0.820 
 544 A _   0.011 0.065 0.001 0.017 0.008 0.021 0.059 0.818 
 545 C _   0.012 0.067 0.001 0.016 0.008 0.022 0.058 0.817 
 546 Q _   0.014 0.068 0.001 0.014 0.009 0.024 0.057 0.813 
 547 H _   0.016 0.070 0.001 0.014 0.009 0.026 0.056 0.808 
 548 G _   0.019 0.074 0.001 0.014 0.011 0.028 0.055 0.799 
 549 Q _   0.023 0.078 0.001 0.014 0.013 0.031 0.054 0.785 
 550 E _   0.028 0.085 0.001 0.017 0.016 0.034 0.053 0.766 
 551 N _   0.032 0.094 0.001 0.021 0.019 0.037 0.052 0.742 
 552 I _   0.037 0.105 0.002 0.025 0.023 0.039 0.051 0.717 
 553 V _   0.041 0.116 0.002 0.031 0.025 0.040 0.051 0.694 
 554 R _   0.044 0.124 0.002 0.037 0.027 0.040 0.051 0.675 
 555 I _   0.045 0.129 0.002 0.041 0.027 0.039 0.051 0.666 
 556 L _   0.044 0.130 0.002 0.043 0.026 0.037 0.052 0.666 
 557 L _   0.041 0.126 0.002 0.043 0.024 0.034 0.053 0.677 
 558 R _   0.038 0.118 0.002 0.039 0.021 0.031 0.054 0.698 
 559 R _   0.034 0.104 0.001 0.034 0.017 0.027 0.056 0.727 
 560 G _   0.029 0.085 0.001 0.027 0.013 0.023 0.058 0.763 
 561 V _   0.025 0.063 0.001 0.021 0.010 0.019 0.060 0.800 
 562 D _   0.021 0.043 0.001 0.015 0.007 0.016 0.062 0.835 
 563 V _   0.017 0.027 0.001 0.010 0.005 0.014 0.064 0.863 
 564 S _   0.014 0.016 0.000 0.007 0.003 0.012 0.065 0.883 
 565 L _   0.012 0.010 0.000 0.005 0.003 0.010 0.066 0.895 
 566 Q _   0.010 0.006 0.000 0.004 0.002 0.009 0.066 0.902 
 567 G _   0.009 0.005 0.000 0.003 0.002 0.010 0.066 0.905 
 568 K _   0.009 0.005 0.000 0.004 0.002 0.010 0.065 0.905 
 569 D _   0.009 0.005 0.000 0.004 0.003 0.012 0.064 0.902 
 570 A _   0.011 0.007 0.000 0.006 0.004 0.014 0.063 0.896 
 571 W _   0.013 0.009 0.001 0.008 0.005 0.017 0.061 0.885 
 572 L _   0.015 0.014 0.001 0.011 0.007 0.021 0.060 0.872 
 573 P _   0.018 0.019 0.001 0.015 0.010 0.024 0.058 0.855 
 574 L _   0.021 0.025 0.001 0.019 0.012 0.028 0.056 0.839 
 575 H _   0.024 0.030 0.001 0.022 0.015 0.031 0.054 0.825 
 576 Y _   0.027 0.034 0.001 0.024 0.017 0.033 0.052 0.812 
 577 A _   0.030 0.037 0.001 0.024 0.018 0.035 0.051 0.803 
 578 A _   0.034 0.038 0.001 0.024 0.019 0.036 0.050 0.797 
 579 W _   0.037 0.039 0.001 0.023 0.020 0.037 0.049 0.794 
 580 Q _   0.040 0.039 0.001 0.021 0.020 0.037 0.049 0.793 
 581 G _   0.042 0.039 0.001 0.020 0.019 0.037 0.048 0.793 
 582 H _   0.044 0.039 0.001 0.020 0.018 0.036 0.048 0.794 
 583 L _   0.044 0.038 0.001 0.020 0.018 0.035 0.048 0.796 
 584 P _   0.044 0.037 0.001 0.020 0.017 0.033 0.048 0.800 
 585 I _   0.043 0.036 0.001 0.020 0.015 0.031 0.049 0.805 
 586 V _   0.040 0.034 0.001 0.020 0.014 0.029 0.049 0.813 
 587 K _   0.037 0.031 0.001 0.019 0.013 0.026 0.049 0.823 
 588 L _   0.033 0.028 0.001 0.017 0.011 0.024 0.050 0.836 
 589 L _   0.029 0.025 0.001 0.015 0.009 0.021 0.050 0.849 
 590 A _   0.025 0.021 0.001 0.013 0.008 0.019 0.051 0.862 
 591 K _   0.022 0.017 0.001 0.011 0.006 0.017 0.051 0.875 
 592 Q _   0.019 0.014 0.001 0.010 0.005 0.015 0.051 0.885 
 593 P _   0.017 0.012 0.001 0.009 0.005 0.013 0.051 0.892 
 594 G _   0.015 0.011 0.001 0.009 0.005 0.012 0.052 0.896 
 595 V _   0.014 0.010 0.001 0.009 0.004 0.012 0.052 0.898 
 596 S _   0.013 0.009 0.001 0.010 0.004 0.011 0.052 0.900 
 597 V _   0.012 0.008 0.001 0.010 0.004 0.011 0.052 0.902 
 598 N _   0.012 0.007 0.001 0.010 0.004 0.010 0.052 0.904 
 599 A _   0.011 0.006 0.000 0.010 0.004 0.010 0.052 0.908 
 600 Q _   0.010 0.005 0.000 0.009 0.003 0.009 0.051 0.913 
 601 T _   0.009 0.004 0.000 0.007 0.003 0.009 0.051 0.918 
 602 L _   0.008 0.003 0.000 0.006 0.003 0.008 0.050 0.922 
 603 D _   0.007 0.002 0.000 0.005 0.003 0.008 0.049 0.925 
 604 G _   0.007 0.002 0.000 0.005 0.003 0.009 0.048 0.926 
 605 R _   0.008 0.002 0.000 0.005 0.003 0.010 0.047 0.925 
 606 T _   0.008 0.002 0.000 0.006 0.003 0.012 0.046 0.922 
 607 P _   0.010 0.002 0.000 0.008 0.004 0.014 0.044 0.917 
 608 L _   0.012 0.003 0.001 0.010 0.005 0.016 0.042 0.911 
 609 H _   0.014 0.003 0.001 0.013 0.007 0.019 0.040 0.903 
 610 L _   0.018 0.003 0.001 0.015 0.008 0.022 0.038 0.895 
 611 A _   0.023 0.003 0.001 0.016 0.009 0.025 0.036 0.886 
 612 A _   0.031 0.003 0.001 0.015 0.010 0.028 0.034 0.878 
 613 Q _   0.042 0.003 0.001 0.013 0.011 0.031 0.032 0.867 
 614 R _   0.058 0.002 0.001 0.011 0.013 0.034 0.030 0.852 
 615 G _   0.079 0.001 0.001 0.009 0.015 0.037 0.027 0.829 
 616 H _   0.110 0.001 0.001 0.008 0.017 0.041 0.025 0.797 
 617 Y _   0.146 0.001 0.001 0.006 0.021 0.045 0.023 0.757 
 618 R _   0.188 0.000 0.002 0.006 0.025 0.049 0.021 0.710 
 619 V _   0.234 0.000 0.002 0.006 0.029 0.052 0.019 0.658 
 620 A _   0.278 0.000 0.002 0.006 0.032 0.053 0.017 0.610 
 621 R _   0.318 0.001 0.002 0.006 0.035 0.054 0.016 0.568 
 622 I _   0.352 0.001 0.002 0.007 0.036 0.053 0.015 0.534 
 623 L _   0.377 0.001 0.002 0.006 0.036 0.051 0.015 0.513 
 624 I _   0.395 0.000 0.002 0.005 0.034 0.049 0.015 0.501 
 625 D _   0.404 0.000 0.002 0.005 0.031 0.046 0.014 0.497 
 626 L _   0.406 0.000 0.002 0.004 0.028 0.044 0.014 0.502 
 627 C _   0.402 0.000 0.001 0.003 0.026 0.042 0.015 0.511 
 628 S _   0.393 0.000 0.001 0.003 0.023 0.040 0.015 0.524 
 629 D _   0.380 0.000 0.001 0.003 0.022 0.038 0.015 0.541 
 630 V _   0.363 0.000 0.001 0.003 0.021 0.037 0.016 0.558 
 631 N _   0.343 0.000 0.001 0.004 0.020 0.036 0.017 0.577 
 632 V _   0.320 0.000 0.001 0.005 0.020 0.036 0.018 0.598 
 633 C _   0.294 0.001 0.002 0.007 0.020 0.035 0.020 0.622 
 634 S _   0.264 0.001 0.002 0.008 0.020 0.034 0.021 0.651 
 635 L _   0.231 0.001 0.002 0.009 0.018 0.032 0.023 0.685 
 636 L _   0.196 0.001 0.001 0.009 0.016 0.031 0.024 0.721 
 637 A _   0.162 0.001 0.001 0.009 0.014 0.029 0.026 0.758 
 638 Q _   0.130 0.001 0.001 0.008 0.012 0.026 0.027 0.794 
 639 T _   0.103 0.001 0.001 0.007 0.010 0.024 0.028 0.825 
 640 P _   0.081 0.001 0.001 0.007 0.008 0.023 0.029 0.850 
 641 L _   0.064 0.001 0.001 0.007 0.007 0.021 0.030 0.868 
 642 H _   0.052 0.002 0.001 0.007 0.007 0.020 0.031 0.881 
 643 V _   0.042 0.002 0.001 0.007 0.006 0.020 0.032 0.890 
 644 A _   0.035 0.003 0.001 0.008 0.006 0.019 0.032 0.896 
 645 A _   0.030 0.004 0.001 0.008 0.006 0.019 0.032 0.900 
 646 E _   0.026 0.006 0.001 0.008 0.006 0.019 0.033 0.902 
 647 T _   0.024 0.007 0.001 0.008 0.006 0.019 0.033 0.902 
 648 G _   0.022 0.010 0.001 0.009 0.007 0.020 0.033 0.898 
 649 H _   0.022 0.014 0.001 0.011 0.008 0.021 0.032 0.891 
 650 T _   0.022 0.019 0.001 0.013 0.009 0.023 0.032 0.881 
 651 S _   0.022 0.025 0.001 0.017 0.011 0.024 0.032 0.868 
 652 T _   0.022 0.033 0.001 0.022 0.013 0.025 0.032 0.852 
 653 A _   0.022 0.041 0.001 0.027 0.014 0.025 0.032 0.838 
 654 R _   0.022 0.047 0.001 0.032 0.015 0.025 0.032 0.827 
 655 L _   0.021 0.050 0.001 0.035 0.015 0.024 0.032 0.822 
 656 L _   0.019 0.052 0.001 0.036 0.014 0.023 0.033 0.823 
 657 L _   0.018 0.051 0.001 0.034 0.013 0.021 0.033 0.830 
 658 H _   0.016 0.047 0.001 0.030 0.011 0.019 0.034 0.842 
 659 R _   0.015 0.042 0.001 0.025 0.009 0.017 0.035 0.857 
 660 G _   0.013 0.035 0.001 0.019 0.007 0.015 0.036 0.874 
 661 A _   0.012 0.028 0.001 0.014 0.006 0.013 0.037 0.890 
 662 G _   0.011 0.022 0.001 0.010 0.004 0.011 0.038 0.903 
 663 K _   0.010 0.017 0.000 0.008 0.003 0.011 0.038 0.913 
