#TopoPred_TM8: 8-state transmembrane topology prediction results by no_profile mode 
#probabilities are in the order of H E C I L F X _, the 8 transmembrane topology types used in PDBTM 
   1 M X   0.009 0.001 0.001 0.028 0.007 0.007 0.797 0.150 
   2 D X   0.003 0.000 0.000 0.015 0.001 0.004 0.814 0.162 
   3 T X   0.001 0.001 0.000 0.010 0.000 0.003 0.817 0.167 
   4 K X   0.001 0.001 0.000 0.010 0.001 0.004 0.815 0.168 
   5 S X   0.002 0.003 0.000 0.013 0.001 0.007 0.807 0.166 
   6 I X   0.004 0.007 0.000 0.018 0.003 0.010 0.795 0.162 
   7 L X   0.006 0.013 0.000 0.025 0.005 0.013 0.782 0.157 
   8 E X   0.006 0.020 0.001 0.033 0.006 0.014 0.767 0.154 
   9 E X   0.007 0.025 0.001 0.038 0.007 0.014 0.754 0.155 
  10 L X   0.006 0.028 0.001 0.040 0.007 0.014 0.744 0.160 
  11 L X   0.006 0.030 0.001 0.038 0.007 0.012 0.736 0.170 
  12 L X   0.005 0.029 0.001 0.034 0.006 0.011 0.731 0.183 
  13 K X   0.005 0.027 0.001 0.027 0.005 0.009 0.727 0.199 
  14 R X   0.004 0.023 0.000 0.020 0.004 0.008 0.725 0.216 
  15 S X   0.004 0.018 0.000 0.014 0.003 0.006 0.723 0.231 
  16 Q X   0.004 0.013 0.000 0.009 0.002 0.005 0.722 0.245 
  17 Q X   0.003 0.009 0.000 0.006 0.001 0.004 0.720 0.257 
  18 K X   0.003 0.006 0.000 0.004 0.001 0.004 0.717 0.266 
  19 K X   0.003 0.005 0.000 0.002 0.001 0.003 0.712 0.274 
  20 K X   0.002 0.004 0.000 0.002 0.001 0.003 0.707 0.281 
  21 M X   0.002 0.004 0.000 0.002 0.001 0.003 0.699 0.289 
  22 S X   0.002 0.004 0.000 0.002 0.001 0.004 0.690 0.296 
  23 P X   0.003 0.006 0.000 0.003 0.001 0.005 0.678 0.304 
  24 N X   0.003 0.009 0.000 0.005 0.002 0.007 0.663 0.310 
  25 N X   0.004 0.017 0.001 0.009 0.004 0.010 0.643 0.313 
  26 Y X   0.006 0.033 0.001 0.015 0.007 0.014 0.617 0.309 
  27 K X   0.007 0.060 0.001 0.024 0.010 0.017 0.585 0.296 
  28 E X   0.007 0.095 0.002 0.035 0.013 0.019 0.552 0.277 
  29 R X   0.007 0.129 0.002 0.045 0.015 0.020 0.523 0.260 
  30 L X   0.007 0.153 0.001 0.053 0.015 0.020 0.500 0.250 
  31 F X   0.007 0.167 0.001 0.057 0.015 0.020 0.483 0.249 
  32 V X   0.007 0.174 0.001 0.058 0.015 0.019 0.471 0.254 
  33 L X   0.007 0.176 0.001 0.056 0.014 0.018 0.462 0.266 
  34 T X   0.007 0.174 0.001 0.051 0.012 0.016 0.455 0.283 
  35 K X   0.008 0.166 0.001 0.044 0.011 0.015 0.450 0.306 
  36 T X   0.008 0.151 0.001 0.036 0.009 0.013 0.447 0.335 
  37 N X   0.007 0.132 0.001 0.028 0.007 0.012 0.445 0.368 
  38 L X   0.007 0.108 0.001 0.022 0.006 0.011 0.443 0.402 
  39 S X   0.007 0.086 0.001 0.016 0.005 0.009 0.442 0.434 
  40 Y _   0.007 0.066 0.001 0.013 0.004 0.008 0.440 0.461 
  41 Y _   0.006 0.052 0.000 0.010 0.003 0.007 0.438 0.483 
  42 E _   0.005 0.042 0.000 0.008 0.002 0.006 0.435 0.501 
  43 Y _   0.005 0.035 0.000 0.006 0.002 0.006 0.432 0.515 
  44 D _   0.004 0.030 0.000 0.005 0.002 0.005 0.427 0.526 
  45 K _   0.004 0.027 0.000 0.005 0.002 0.005 0.421 0.537 
  46 M _   0.004 0.026 0.000 0.005 0.002 0.005 0.413 0.546 
  47 K _   0.003 0.026 0.000 0.005 0.002 0.005 0.405 0.554 
  48 R _   0.003 0.027 0.000 0.005 0.002 0.006 0.395 0.562 
  49 G _   0.004 0.029 0.000 0.006 0.002 0.007 0.383 0.568 
  50 S _   0.004 0.033 0.000 0.008 0.003 0.008 0.371 0.573 
  51 R _   0.004 0.040 0.001 0.011 0.004 0.009 0.356 0.575 
  52 K _   0.005 0.050 0.001 0.014 0.005 0.011 0.341 0.574 
  53 G _   0.006 0.063 0.001 0.018 0.006 0.013 0.324 0.569 
  54 S _   0.006 0.078 0.001 0.022 0.007 0.014 0.308 0.562 
  55 I _   0.007 0.094 0.001 0.027 0.009 0.016 0.293 0.555 
  56 E _   0.007 0.107 0.001 0.031 0.010 0.017 0.279 0.548 
  57 I _   0.008 0.118 0.001 0.033 0.010 0.017 0.267 0.545 
  58 K _   0.008 0.125 0.001 0.035 0.010 0.017 0.257 0.546 
  59 K _   0.009 0.130 0.001 0.035 0.010 0.017 0.249 0.549 
  60 I _   0.009 0.132 0.001 0.033 0.010 0.017 0.243 0.556 
  61 R _   0.009 0.131 0.001 0.031 0.009 0.016 0.237 0.566 
  62 C _   0.009 0.128 0.001 0.028 0.008 0.015 0.233 0.579 
  63 V _   0.009 0.122 0.001 0.024 0.007 0.014 0.229 0.594 
  64 E _   0.009 0.116 0.001 0.020 0.006 0.012 0.226 0.610 
  65 K _   0.009 0.108 0.001 0.016 0.005 0.011 0.223 0.627 
  66 V _   0.008 0.100 0.001 0.013 0.004 0.011 0.220 0.643 
  67 N _   0.008 0.093 0.000 0.011 0.004 0.010 0.217 0.657 
  68 L _   0.007 0.087 0.000 0.009 0.003 0.009 0.214 0.670 
  69 E _   0.007 0.083 0.000 0.008 0.003 0.009 0.211 0.680 
  70 E _   0.006 0.081 0.000 0.007 0.003 0.008 0.207 0.688 
  71 Q _   0.006 0.080 0.000 0.007 0.003 0.009 0.203 0.693 
  72 T _   0.006 0.081 0.000 0.007 0.003 0.009 0.198 0.696 
  73 P _   0.006 0.083 0.000 0.008 0.003 0.010 0.193 0.696 
  74 V _   0.007 0.088 0.000 0.009 0.004 0.010 0.188 0.693 
  75 E _   0.007 0.096 0.001 0.011 0.005 0.012 0.182 0.687 
  76 R _   0.007 0.105 0.001 0.013 0.005 0.013 0.176 0.680 
  77 Q _   0.008 0.115 0.001 0.015 0.006 0.014 0.170 0.672 
  78 Y _   0.008 0.126 0.001 0.016 0.007 0.015 0.165 0.663 
  79 P _   0.008 0.137 0.001 0.018 0.008 0.016 0.159 0.654 
  80 F _   0.009 0.147 0.001 0.019 0.008 0.017 0.153 0.645 
  81 Q _   0.009 0.157 0.001 0.021 0.009 0.018 0.148 0.636 
  82 I _   0.010 0.167 0.001 0.023 0.010 0.019 0.144 0.627 
  83 V _   0.011 0.177 0.001 0.025 0.011 0.020 0.139 0.616 
  84 Y _   0.012 0.186 0.001 0.028 0.012 0.021 0.135 0.606 
  85 K _   0.012 0.193 0.001 0.032 0.013 0.021 0.132 0.596 
  86 D _   0.013 0.199 0.001 0.035 0.014 0.021 0.129 0.589 
  87 G _   0.013 0.201 0.001 0.038 0.014 0.021 0.127 0.586 
  88 L _   0.013 0.200 0.001 0.039 0.013 0.020 0.126 0.588 
  89 L _   0.013 0.194 0.001 0.038 0.012 0.018 0.125 0.598 
  90 Y _   0.013 0.182 0.001 0.035 0.011 0.017 0.125 0.617 
  91 V _   0.012 0.164 0.001 0.030 0.010 0.015 0.126 0.643 
  92 Y _   0.011 0.139 0.001 0.024 0.008 0.013 0.126 0.677 
  93 A _   0.010 0.111 0.001 0.018 0.006 0.012 0.127 0.715 
  94 S _   0.009 0.085 0.001 0.012 0.005 0.010 0.128 0.750 
  95 N _   0.008 0.065 0.000 0.009 0.003 0.009 0.128 0.776 
  96 E _   0.007 0.054 0.000 0.006 0.003 0.009 0.128 0.793 
  97 E _   0.007 0.048 0.000 0.005 0.002 0.008 0.127 0.802 
  98 S _   0.007 0.046 0.000 0.005 0.002 0.009 0.126 0.805 
  99 R _   0.007 0.046 0.000 0.006 0.003 0.009 0.125 0.804 
 100 S _   0.007 0.049 0.000 0.009 0.003 0.010 0.123 0.798 
 101 Q _   0.008 0.053 0.001 0.013 0.004 0.011 0.120 0.790 
 102 W _   0.008 0.058 0.001 0.017 0.005 0.012 0.118 0.781 
 103 L _   0.008 0.064 0.001 0.021 0.006 0.013 0.115 0.772 
 104 K _   0.008 0.067 0.001 0.024 0.007 0.013 0.113 0.767 
 105 A _   0.008 0.069 0.001 0.024 0.007 0.013 0.111 0.767 
 106 L _   0.008 0.069 0.001 0.022 0.006 0.012 0.110 0.771 
 107 Q _   0.008 0.067 0.001 0.019 0.006 0.012 0.109 0.779 
 108 K _   0.007 0.064 0.001 0.016 0.005 0.011 0.109 0.788 
 109 E _   0.007 0.060 0.001 0.012 0.004 0.011 0.108 0.797 
 110 I _   0.007 0.058 0.000 0.010 0.004 0.011 0.107 0.803 
 111 R _   0.007 0.056 0.000 0.008 0.004 0.011 0.107 0.807 
 112 G _   0.008 0.056 0.000 0.008 0.004 0.011 0.106 0.807 
 113 N _   0.008 0.058 0.000 0.008 0.004 0.012 0.105 0.803 
 114 P _   0.009 0.062 0.001 0.010 0.005 0.014 0.104 0.796 
 115 H _   0.010 0.068 0.001 0.012 0.006 0.015 0.102 0.786 
 116 L _   0.011 0.075 0.001 0.014 0.007 0.017 0.101 0.774 
 117 L _   0.011 0.083 0.001 0.017 0.008 0.018 0.099 0.763 
 118 V _   0.011 0.091 0.001 0.019 0.009 0.019 0.098 0.752 
 119 K _   0.012 0.098 0.001 0.020 0.009 0.020 0.097 0.744 
 120 Y _   0.012 0.104 0.001 0.021 0.010 0.020 0.095 0.737 
 121 H _   0.012 0.108 0.001 0.022 0.011 0.021 0.094 0.731 
 122 S _   0.013 0.111 0.001 0.023 0.011 0.022 0.094 0.724 
 123 G _   0.014 0.114 0.001 0.024 0.012 0.023 0.093 0.718 
 124 F _   0.015 0.117 0.001 0.025 0.013 0.024 0.093 0.712 
 125 F _   0.016 0.118 0.001 0.027 0.014 0.024 0.093 0.707 
 126 V _   0.016 0.118 0.001 0.029 0.014 0.024 0.094 0.703 
 127 D _   0.017 0.117 0.001 0.030 0.014 0.024 0.095 0.702 
 128 G _   0.017 0.114 0.001 0.030 0.014 0.023 0.096 0.705 
 129 K _   0.016 0.107 0.001 0.029 0.013 0.022 0.098 0.714 
 130 F _   0.015 0.097 0.001 0.027 0.011 0.021 0.100 0.727 
 131 L _   0.015 0.085 0.001 0.023 0.010 0.019 0.102 0.746 
 132 C _   0.014 0.069 0.001 0.019 0.009 0.018 0.104 0.767 
 133 C _   0.013 0.054 0.001 0.014 0.007 0.017 0.106 0.788 
 134 Q _   0.012 0.040 0.001 0.011 0.006 0.016 0.108 0.807 
 135 Q _   0.012 0.031 0.001 0.008 0.005 0.016 0.110 0.819 
 136 S _   0.012 0.025 0.000 0.006 0.004 0.016 0.111 0.826 
 137 C _   0.013 0.022 0.000 0.005 0.004 0.017 0.112 0.827 
 138 K _   0.015 0.021 0.000 0.005 0.004 0.019 0.113 0.822 
 139 A _   0.018 0.022 0.001 0.006 0.006 0.022 0.114 0.813 
 140 A _   0.022 0.025 0.001 0.008 0.008 0.026 0.114 0.797 
 141 P _   0.027 0.032 0.001 0.012 0.012 0.030 0.114 0.773 
 142 G _   0.033 0.042 0.001 0.017 0.016 0.034 0.114 0.742 
 143 C _   0.039 0.053 0.001 0.023 0.021 0.038 0.114 0.710 
 144 T _   0.043 0.064 0.002 0.029 0.025 0.041 0.115 0.680 
 145 L _   0.046 0.073 0.002 0.034 0.028 0.043 0.117 0.657 
 146 W _   0.047 0.079 0.002 0.038 0.030 0.043 0.119 0.642 
 147 E _   0.047 0.082 0.002 0.040 0.030 0.042 0.122 0.635 
 148 A _   0.046 0.083 0.002 0.039 0.028 0.039 0.126 0.637 
 149 Y _   0.043 0.080 0.002 0.037 0.025 0.036 0.130 0.646 
 150 A _   0.040 0.076 0.002 0.033 0.021 0.033 0.136 0.660 
 151 N _   0.036 0.068 0.001 0.029 0.018 0.029 0.141 0.677 
 152 L _   0.031 0.059 0.001 0.024 0.014 0.025 0.148 0.697 
 153 H _   0.027 0.048 0.001 0.020 0.011 0.022 0.154 0.717 
 154 T _   0.023 0.038 0.001 0.016 0.008 0.018 0.160 0.735 
 155 A _   0.020 0.029 0.001 0.013 0.006 0.016 0.165 0.750 
 156 V _   0.016 0.022 0.001 0.010 0.005 0.014 0.170 0.762 
 157 N _   0.014 0.016 0.001 0.008 0.004 0.012 0.175 0.770 
 158 E _   0.012 0.012 0.000 0.007 0.004 0.010 0.179 0.775 
 159 E _   0.011 0.010 0.000 0.006 0.003 0.009 0.182 0.777 
 160 K _   0.010 0.008 0.000 0.006 0.003 0.009 0.186 0.778 
 161 H _   0.009 0.007 0.000 0.006 0.003 0.008 0.189 0.778 
 162 R _   0.008 0.007 0.000 0.006 0.003 0.008 0.191 0.777 
 163 V _   0.008 0.007 0.000 0.006 0.003 0.008 0.194 0.775 
 164 P _   0.007 0.007 0.000 0.006 0.003 0.008 0.196 0.772 
 165 T _   0.007 0.008 0.000 0.007 0.003 0.008 0.198 0.769 
 166 F _   0.007 0.009 0.000 0.007 0.003 0.008 0.199 0.766 
 167 P _   0.007 0.010 0.000 0.008 0.003 0.009 0.201 0.761 
 168 D _   0.007 0.011 0.000 0.009 0.004 0.009 0.203 0.757 
 169 R _   0.007 0.014 0.000 0.009 0.004 0.010 0.204 0.751 
 170 V _   0.008 0.016 0.001 0.011 0.004 0.011 0.206 0.744 
 171 L _   0.008 0.019 0.001 0.012 0.005 0.011 0.208 0.737 
 172 K _   0.008 0.023 0.001 0.014 0.005 0.012 0.209 0.728 
 173 I _   0.009 0.026 0.001 0.016 0.006 0.013 0.211 0.719 
 174 P _   0.009 0.030 0.001 0.018 0.007 0.013 0.214 0.709 
 175 R _   0.009 0.033 0.001 0.019 0.007 0.014 0.216 0.700 
 176 A _   0.010 0.035 0.001 0.021 0.007 0.014 0.220 0.692 
 177 V _   0.010 0.037 0.001 0.022 0.008 0.014 0.224 0.686 
 178 P _   0.010 0.037 0.001 0.022 0.007 0.013 0.229 0.681 
 179 V _   0.009 0.036 0.001 0.020 0.007 0.013 0.234 0.680 
 180 L _   0.009 0.035 0.001 0.018 0.006 0.012 0.240 0.680 
 181 K _   0.009 0.032 0.001 0.015 0.005 0.011 0.246 0.682 
 182 M _   0.008 0.029 0.001 0.012 0.004 0.010 0.252 0.684 
 183 D _   0.007 0.026 0.000 0.010 0.004 0.009 0.258 0.685 
 184 A _   0.007 0.024 0.000 0.009 0.003 0.009 0.263 0.685 
 185 P _   0.007 0.023 0.000 0.009 0.003 0.009 0.268 0.682 
 186 S _   0.007 0.022 0.000 0.009 0.003 0.009 0.273 0.677 
 187 S _   0.007 0.021 0.000 0.011 0.003 0.009 0.278 0.670 
 188 S _   0.007 0.021 0.000 0.013 0.004 0.009 0.283 0.663 
 189 T _   0.007 0.021 0.000 0.015 0.004 0.009 0.289 0.655 
 190 T _   0.007 0.020 0.000 0.016 0.004 0.009 0.294 0.649 
 191 L _   0.007 0.019 0.000 0.016 0.004 0.009 0.300 0.645 
 192 A _   0.006 0.017 0.000 0.015 0.004 0.008 0.306 0.643 
 193 Q _   0.006 0.015 0.000 0.013 0.003 0.007 0.312 0.643 
 194 Y _   0.005 0.012 0.000 0.011 0.003 0.006 0.318 0.645 
 195 D _   0.005 0.009 0.000 0.008 0.002 0.006 0.323 0.646 
 196 N _   0.004 0.007 0.000 0.007 0.002 0.005 0.328 0.647 
 197 E _   0.004 0.005 0.000 0.005 0.001 0.004 0.332 0.647 
 198 S _   0.004 0.004 0.000 0.004 0.001 0.004 0.335 0.647 
 199 K _   0.004 0.004 0.000 0.004 0.001 0.004 0.337 0.645 
 200 K _   0.004 0.003 0.000 0.004 0.001 0.004 0.339 0.644 
 201 N _   0.004 0.003 0.000 0.004 0.001 0.004 0.339 0.644 
 202 Y _   0.004 0.004 0.000 0.005 0.001 0.004 0.339 0.643 
 203 G _   0.004 0.004 0.000 0.005 0.001 0.005 0.338 0.643 
 204 S _   0.003 0.005 0.000 0.006 0.001 0.005 0.336 0.643 
 205 Q _   0.003 0.006 0.000 0.006 0.002 0.005 0.333 0.643 
 206 P _   0.003 0.008 0.000 0.007 0.002 0.006 0.330 0.644 
 207 P _   0.003 0.010 0.000 0.009 0.002 0.006 0.326 0.643 
 208 S _   0.004 0.012 0.000 0.010 0.002 0.007 0.322 0.643 
 209 S _   0.004 0.015 0.000 0.012 0.003 0.007 0.317 0.641 
 210 S _   0.004 0.018 0.000 0.014 0.003 0.008 0.313 0.640 
 211 T _   0.004 0.021 0.000 0.015 0.003 0.008 0.309 0.639 
 212 S _   0.004 0.024 0.000 0.016 0.003 0.008 0.306 0.639 
 213 L _   0.004 0.026 0.000 0.017 0.003 0.008 0.302 0.640 
 214 A _   0.004 0.027 0.000 0.016 0.003 0.008 0.299 0.643 
 215 Q _   0.004 0.028 0.000 0.014 0.003 0.007 0.296 0.648 
 216 Y _   0.003 0.028 0.000 0.013 0.003 0.007 0.293 0.652 
 217 D _   0.003 0.029 0.000 0.011 0.003 0.006 0.291 0.657 
 218 S _   0.003 0.029 0.000 0.010 0.002 0.006 0.288 0.660 
 219 N _   0.003 0.030 0.000 0.009 0.002 0.006 0.286 0.663 
 220 S _   0.004 0.031 0.000 0.009 0.002 0.006 0.284 0.663 
 221 K _   0.004 0.033 0.000 0.009 0.003 0.007 0.281 0.663 
 222 K _   0.004 0.035 0.000 0.010 0.003 0.007 0.279 0.662 
 223 I _   0.004 0.038 0.000 0.011 0.003 0.008 0.277 0.659 
 224 Y _   0.005 0.041 0.000 0.012 0.003 0.008 0.274 0.656 
 225 G _   0.005 0.044 0.000 0.014 0.004 0.009 0.271 0.653 
 226 S _   0.005 0.048 0.000 0.015 0.004 0.009 0.269 0.649 
 227 Q _   0.005 0.051 0.001 0.017 0.005 0.010 0.267 0.645 
 228 P _   0.006 0.054 0.001 0.018 0.005 0.010 0.266 0.641 
 229 N _   0.006 0.056 0.001 0.019 0.005 0.010 0.264 0.638 
 230 F _   0.006 0.057 0.001 0.020 0.006 0.010 0.264 0.637 
 231 N _   0.006 0.057 0.001 0.020 0.005 0.010 0.264 0.637 
 232 M _   0.006 0.055 0.001 0.019 0.005 0.010 0.265 0.639 
 233 Q _   0.006 0.053 0.001 0.017 0.005 0.009 0.266 0.643 
 234 Y _   0.006 0.050 0.000 0.014 0.004 0.009 0.268 0.649 
 235 I _   0.005 0.046 0.000 0.012 0.003 0.008 0.269 0.656 
 236 P _   0.005 0.042 0.000 0.009 0.003 0.007 0.270 0.662 
 237 R _   0.005 0.039 0.000 0.007 0.002 0.007 0.271 0.667 
 238 E _   0.005 0.038 0.000 0.006 0.002 0.007 0.272 0.669 
 239 D _   0.005 0.037 0.000 0.007 0.002 0.007 0.272 0.669 
 240 F _   0.005 0.038 0.000 0.008 0.003 0.008 0.272 0.665 
 241 P _   0.005 0.041 0.000 0.010 0.003 0.009 0.272 0.658 
 242 D _   0.006 0.044 0.000 0.014 0.004 0.010 0.272 0.649 
 243 W _   0.006 0.049 0.001 0.019 0.005 0.011 0.272 0.637 
 244 W _   0.007 0.053 0.001 0.023 0.006 0.012 0.272 0.627 
 245 Q _   0.007 0.055 0.001 0.026 0.007 0.012 0.272 0.621 
 246 V _   0.006 0.056 0.001 0.027 0.006 0.011 0.273 0.619 
 247 R _   0.006 0.055 0.001 0.026 0.006 0.010 0.275 0.622 
 248 K _   0.006 0.052 0.001 0.023 0.005 0.009 0.277 0.628 
 249 L _   0.005 0.047 0.001 0.019 0.004 0.008 0.280 0.636 
 250 K _   0.005 0.042 0.000 0.015 0.004 0.008 0.283 0.644 
 251 S _   0.005 0.036 0.000 0.012 0.003 0.007 0.286 0.651 
 252 S _   0.004 0.031 0.000 0.010 0.002 0.006 0.288 0.657 
 253 S _   0.004 0.027 0.000 0.008 0.002 0.006 0.291 0.661 
 254 S _   0.004 0.024 0.000 0.008 0.002 0.006 0.293 0.663 
 255 S _   0.004 0.022 0.000 0.008 0.002 0.005 0.294 0.664 
 256 E _   0.004 0.021 0.000 0.008 0.002 0.005 0.295 0.664 
 257 D _   0.004 0.020 0.000 0.008 0.002 0.005 0.296 0.664 
 258 V _   0.004 0.020 0.000 0.008 0.002 0.005 0.296 0.665 
 259 A _   0.004 0.019 0.000 0.008 0.002 0.005 0.296 0.665 
 260 S _   0.004 0.019 0.000 0.008 0.002 0.005 0.296 0.666 
 261 S _   0.003 0.018 0.000 0.008 0.002 0.005 0.295 0.668 
 262 N _   0.003 0.018 0.000 0.008 0.002 0.005 0.295 0.669 
 263 Q _   0.003 0.018 0.000 0.007 0.002 0.005 0.294 0.670 
 264 K _   0.003 0.018 0.000 0.007 0.002 0.005 0.293 0.671 
 265 E _   0.003 0.019 0.000 0.007 0.002 0.005 0.291 0.672 
 266 R _   0.003 0.020 0.000 0.007 0.002 0.006 0.290 0.671 
 267 N _   0.003 0.022 0.000 0.008 0.002 0.006 0.288 0.670 
 268 V _   0.004 0.025 0.000 0.009 0.002 0.007 0.286 0.667 
 269 N _   0.004 0.028 0.000 0.011 0.003 0.008 0.283 0.662 
 270 H _   0.004 0.033 0.000 0.014 0.003 0.009 0.281 0.656 
 271 T _   0.004 0.038 0.000 0.018 0.004 0.010 0.279 0.647 
 272 T _   0.005 0.043 0.001 0.022 0.005 0.010 0.276 0.638 
 273 S _   0.005 0.047 0.001 0.026 0.006 0.011 0.275 0.630 
 274 K _   0.006 0.050 0.001 0.029 0.006 0.011 0.274 0.623 
 275 I _   0.006 0.052 0.001 0.031 0.006 0.012 0.274 0.619 
 276 S _   0.006 0.052 0.001 0.031 0.006 0.011 0.275 0.618 
 277 W _   0.006 0.050 0.001 0.029 0.006 0.011 0.277 0.621 
 278 E _   0.006 0.047 0.001 0.026 0.005 0.010 0.279 0.628 
 279 F _   0.006 0.041 0.001 0.021 0.004 0.009 0.281 0.637 
 280 P _   0.006 0.035 0.000 0.016 0.003 0.008 0.284 0.648 
 281 E _   0.005 0.028 0.000 0.013 0.003 0.007 0.287 0.658 
 282 S _   0.005 0.021 0.000 0.009 0.002 0.006 0.289 0.667 
 283 S _   0.005 0.017 0.000 0.007 0.002 0.005 0.290 0.674 
 284 S _   0.004 0.013 0.000 0.006 0.001 0.005 0.291 0.680 
 285 S _   0.004 0.011 0.000 0.005 0.001 0.004 0.290 0.684 
 286 E _   0.004 0.010 0.000 0.004 0.001 0.004 0.289 0.688 
 287 E _   0.003 0.010 0.000 0.004 0.001 0.004 0.286 0.691 
 288 E _   0.003 0.010 0.000 0.004 0.001 0.004 0.282 0.695 
 289 E _   0.003 0.010 0.000 0.005 0.001 0.005 0.278 0.698 
 290 N _   0.003 0.012 0.000 0.006 0.001 0.005 0.271 0.702 
 291 L _   0.003 0.014 0.000 0.007 0.002 0.006 0.264 0.705 
 292 D _   0.003 0.018 0.000 0.009 0.002 0.007 0.255 0.706 
 293 D _   0.004 0.024 0.000 0.011 0.003 0.008 0.246 0.705 
 294 Y _   0.004 0.031 0.000 0.015 0.004 0.009 0.236 0.701 
 295 D _   0.004 0.040 0.001 0.019 0.004 0.010 0.226 0.696 
 296 W _   0.005 0.050 0.001 0.023 0.005 0.011 0.216 0.690 
 297 F _   0.005 0.058 0.001 0.027 0.006 0.012 0.207 0.685 
 298 A _   0.005 0.065 0.001 0.030 0.006 0.013 0.199 0.682 
 299 G _   0.005 0.069 0.001 0.032 0.007 0.013 0.192 0.682 
 300 N _   0.005 0.071 0.001 0.031 0.007 0.013 0.187 0.685 
 301 I _   0.005 0.072 0.001 0.030 0.006 0.012 0.182 0.692 
 302 S _   0.006 0.070 0.001 0.027 0.006 0.012 0.178 0.700 
 303 R _   0.006 0.067 0.001 0.024 0.006 0.011 0.175 0.710 
 304 S _   0.006 0.063 0.001 0.021 0.005 0.011 0.172 0.721 
 305 Q _   0.006 0.058 0.001 0.018 0.005 0.010 0.170 0.732 
 306 S _   0.006 0.052 0.001 0.016 0.004 0.010 0.169 0.743 
 307 E _   0.006 0.047 0.000 0.014 0.004 0.009 0.167 0.753 
 308 Q _   0.006 0.042 0.000 0.012 0.004 0.009 0.165 0.762 
 309 L _   0.006 0.037 0.000 0.011 0.003 0.009 0.163 0.770 
 310 L _   0.006 0.033 0.000 0.010 0.003 0.009 0.161 0.777 
 311 R _   0.006 0.030 0.000 0.009 0.003 0.009 0.159 0.783 
 312 Q _   0.006 0.028 0.000 0.009 0.003 0.009 0.157 0.788 
 313 K _   0.006 0.026 0.000 0.009 0.003 0.010 0.154 0.792 
 314 G _   0.006 0.024 0.000 0.010 0.004 0.010 0.152 0.794 
 315 K _   0.006 0.023 0.000 0.010 0.004 0.011 0.149 0.795 
 316 E _   0.007 0.023 0.001 0.011 0.004 0.012 0.147 0.795 
 317 G _   0.008 0.022 0.001 0.012 0.005 0.013 0.144 0.795 
 318 A _   0.009 0.021 0.001 0.012 0.005 0.015 0.142 0.795 
 319 F _   0.011 0.021 0.001 0.011 0.005 0.016 0.140 0.796 
 320 M _   0.012 0.020 0.001 0.010 0.006 0.018 0.137 0.796 
 321 V _   0.014 0.019 0.001 0.009 0.006 0.020 0.135 0.795 
 322 R _   0.018 0.019 0.001 0.008 0.007 0.024 0.133 0.792 
 323 N _   0.023 0.019 0.001 0.008 0.008 0.028 0.130 0.784 
 324 S _   0.030 0.021 0.001 0.008 0.011 0.033 0.127 0.770 
 325 S _   0.040 0.025 0.001 0.009 0.015 0.039 0.125 0.747 
 326 Q _   0.050 0.033 0.001 0.013 0.021 0.045 0.122 0.715 
 327 V _   0.061 0.047 0.002 0.019 0.030 0.051 0.119 0.673 
 328 G _   0.069 0.067 0.002 0.028 0.037 0.054 0.116 0.627 
 329 M _   0.074 0.087 0.002 0.038 0.042 0.055 0.114 0.587 
 330 Y _   0.076 0.102 0.003 0.048 0.044 0.054 0.113 0.560 
 331 T _   0.075 0.111 0.002 0.056 0.043 0.052 0.113 0.548 
 332 V _   0.071 0.115 0.002 0.059 0.040 0.047 0.114 0.553 
 333 S _   0.064 0.112 0.002 0.057 0.035 0.042 0.115 0.572 
 334 L _   0.056 0.104 0.002 0.050 0.028 0.036 0.118 0.605 
 335 F _   0.047 0.088 0.002 0.040 0.021 0.030 0.121 0.651 
 336 S _   0.038 0.066 0.001 0.028 0.014 0.024 0.124 0.704 
 337 K _   0.030 0.043 0.001 0.018 0.009 0.019 0.127 0.753 
 338 A _   0.022 0.024 0.001 0.011 0.006 0.015 0.129 0.792 
 339 V _   0.016 0.013 0.000 0.007 0.003 0.011 0.130 0.818 
 340 N _   0.012 0.008 0.000 0.004 0.002 0.009 0.131 0.833 
 341 D _   0.010 0.005 0.000 0.003 0.002 0.008 0.131 0.841 
 342 K _   0.008 0.005 0.000 0.003 0.002 0.007 0.130 0.844 
 343 K _   0.008 0.005 0.000 0.004 0.002 0.007 0.129 0.845 
 344 G _   0.008 0.006 0.000 0.005 0.002 0.008 0.128 0.843 
 345 T _   0.008 0.008 0.000 0.007 0.003 0.009 0.126 0.840 
 346 V _   0.008 0.010 0.000 0.009 0.004 0.009 0.124 0.835 
 347 K _   0.008 0.014 0.001 0.012 0.004 0.010 0.121 0.830 
 348 H _   0.008 0.017 0.001 0.014 0.005 0.011 0.119 0.827 
 349 Y _   0.007 0.021 0.001 0.015 0.005 0.011 0.116 0.825 
 350 H _   0.007 0.023 0.001 0.015 0.005 0.011 0.114 0.825 
 351 V _   0.007 0.025 0.001 0.015 0.005 0.010 0.112 0.826 
 352 H _   0.006 0.027 0.001 0.014 0.004 0.010 0.109 0.829 
 353 T _   0.006 0.029 0.000 0.013 0.004 0.010 0.107 0.831 
 354 N _   0.006 0.031 0.001 0.012 0.004 0.011 0.105 0.831 
 355 A _   0.006 0.034 0.001 0.012 0.004 0.011 0.103 0.830 
 356 E _   0.007 0.037 0.001 0.013 0.005 0.012 0.100 0.827 
 357 N _   0.007 0.041 0.001 0.014 0.005 0.013 0.098 0.821 
 358 K _   0.008 0.046 0.001 0.016 0.006 0.014 0.096 0.815 
 359 L _   0.008 0.051 0.001 0.018 0.007 0.014 0.093 0.808 
 360 Y _   0.009 0.056 0.001 0.019 0.007 0.015 0.091 0.801 
 361 L _   0.009 0.060 0.001 0.021 0.008 0.015 0.089 0.797 
 362 A _   0.010 0.064 0.001 0.021 0.008 0.016 0.087 0.794 
 363 E _   0.010 0.066 0.001 0.021 0.008 0.016 0.086 0.793 
 364 N _   0.010 0.067 0.001 0.020 0.008 0.016 0.085 0.795 
 365 Y _   0.011 0.067 0.001 0.018 0.007 0.016 0.083 0.797 
 366 C _   0.011 0.067 0.001 0.017 0.007 0.016 0.083 0.799 
 367 F _   0.011 0.067 0.001 0.017 0.007 0.016 0.082 0.800 
 368 D _   0.012 0.066 0.001 0.017 0.007 0.016 0.081 0.800 
 369 S _   0.012 0.066 0.001 0.017 0.007 0.016 0.081 0.800 
 370 I _   0.012 0.066 0.001 0.017 0.007 0.016 0.080 0.800 
 371 P _   0.012 0.066 0.001 0.018 0.007 0.016 0.080 0.800 
 372 K _   0.012 0.064 0.001 0.017 0.007 0.015 0.080 0.803 
 373 L _   0.012 0.063 0.001 0.016 0.006 0.015 0.080 0.808 
 374 I _   0.011 0.060 0.001 0.014 0.006 0.014 0.080 0.814 
 375 H _   0.010 0.058 0.001 0.012 0.005 0.013 0.080 0.822 
 376 Y _   0.010 0.056 0.001 0.010 0.004 0.013 0.079 0.829 
 377 H _   0.009 0.054 0.000 0.008 0.004 0.013 0.079 0.833 
 378 Q _   0.009 0.054 0.000 0.007 0.004 0.013 0.078 0.834 
 379 H _   0.010 0.057 0.000 0.008 0.004 0.014 0.077 0.830 
 380 N _   0.011 0.062 0.001 0.010 0.006 0.016 0.076 0.819 
 381 S _   0.012 0.071 0.001 0.014 0.007 0.018 0.075 0.802 
 382 A _   0.014 0.086 0.001 0.020 0.010 0.020 0.073 0.777 
 383 G _   0.015 0.103 0.001 0.028 0.012 0.022 0.071 0.747 
 384 M _   0.016 0.119 0.001 0.036 0.014 0.023 0.070 0.720 
 385 I _   0.016 0.131 0.001 0.042 0.016 0.023 0.069 0.701 
 386 T _   0.016 0.136 0.001 0.046 0.016 0.023 0.069 0.692 
 387 R _   0.016 0.138 0.001 0.047 0.015 0.022 0.069 0.692 
 388 L _   0.015 0.135 0.001 0.044 0.014 0.021 0.070 0.700 
 389 R _   0.014 0.128 0.001 0.040 0.013 0.019 0.071 0.715 
 390 H _   0.013 0.116 0.001 0.034 0.011 0.017 0.072 0.736 
 391 P _   0.013 0.099 0.001 0.028 0.009 0.015 0.074 0.762 
 392 V _   0.012 0.080 0.001 0.022 0.007 0.013 0.076 0.789 
 393 S _   0.010 0.062 0.001 0.017 0.005 0.011 0.078 0.816 
 394 T _   0.010 0.046 0.001 0.012 0.004 0.010 0.080 0.838 
 395 K _   0.008 0.034 0.000 0.009 0.003 0.008 0.081 0.856 
 396 A _   0.007 0.026 0.000 0.007 0.002 0.007 0.082 0.868 
 397 N _   0.006 0.021 0.000 0.005 0.002 0.007 0.082 0.877 
 398 K _   0.006 0.018 0.000 0.005 0.002 0.006 0.081 0.883 
 399 V _   0.005 0.017 0.000 0.004 0.002 0.006 0.080 0.885 
 400 P _   0.005 0.017 0.000 0.004 0.002 0.007 0.079 0.886 
 401 D _   0.006 0.018 0.000 0.005 0.002 0.008 0.077 0.884 
 402 S _   0.006 0.022 0.000 0.006 0.003 0.009 0.075 0.878 
 403 V _   0.007 0.028 0.000 0.008 0.004 0.011 0.073 0.869 
 404 S _   0.008 0.037 0.001 0.011 0.005 0.013 0.070 0.855 
 405 L _   0.009 0.049 0.001 0.015 0.006 0.016 0.066 0.837 
 406 G _   0.010 0.064 0.001 0.019 0.008 0.018 0.063 0.817 
 407 N _   0.011 0.079 0.001 0.022 0.010 0.021 0.059 0.797 
 408 G _   0.013 0.092 0.001 0.025 0.011 0.023 0.056 0.780 
 409 I _   0.014 0.102 0.001 0.026 0.012 0.024 0.054 0.767 
 410 W _   0.015 0.110 0.001 0.026 0.013 0.026 0.051 0.759 
 411 E _   0.016 0.115 0.001 0.025 0.013 0.026 0.049 0.754 
 412 L _   0.017 0.118 0.001 0.024 0.013 0.027 0.047 0.752 
 413 K _   0.018 0.120 0.001 0.022 0.013 0.027 0.046 0.753 
 414 R _   0.019 0.121 0.001 0.021 0.013 0.027 0.045 0.754 
 415 E _   0.019 0.122 0.001 0.020 0.012 0.027 0.043 0.755 
 416 E _   0.020 0.123 0.001 0.019 0.012 0.027 0.042 0.755 
 417 I _   0.021 0.123 0.001 0.019 0.012 0.027 0.041 0.756 
 418 T _   0.021 0.123 0.001 0.018 0.011 0.026 0.041 0.759 
 419 L _   0.021 0.122 0.001 0.017 0.011 0.026 0.040 0.763 
 420 L _   0.021 0.120 0.001 0.015 0.010 0.025 0.039 0.769 
 421 K _   0.021 0.117 0.001 0.014 0.009 0.024 0.038 0.775 
 422 E _   0.021 0.116 0.001 0.013 0.009 0.024 0.037 0.780 
 423 L _   0.021 0.115 0.001 0.012 0.009 0.024 0.037 0.782 
 424 G _   0.021 0.115 0.001 0.013 0.010 0.024 0.036 0.781 
 425 S _   0.022 0.117 0.001 0.014 0.011 0.024 0.035 0.776 
 426 G _   0.023 0.121 0.001 0.017 0.012 0.025 0.035 0.767 
 427 Q _   0.024 0.125 0.001 0.021 0.013 0.025 0.034 0.757 
 428 F _   0.024 0.129 0.001 0.026 0.014 0.025 0.034 0.748 
 429 G _   0.023 0.131 0.001 0.030 0.014 0.024 0.033 0.743 
 430 V _   0.022 0.131 0.001 0.032 0.014 0.023 0.033 0.744 
 431 V _   0.021 0.127 0.001 0.031 0.013 0.021 0.033 0.752 
 432 Q _   0.019 0.119 0.001 0.029 0.012 0.019 0.034 0.767 
 433 L _   0.017 0.108 0.001 0.024 0.010 0.017 0.034 0.789 
 434 G _   0.015 0.093 0.001 0.019 0.008 0.015 0.035 0.814 
 435 K _   0.014 0.077 0.001 0.014 0.006 0.013 0.036 0.839 
 436 W _   0.012 0.064 0.001 0.010 0.005 0.012 0.036 0.860 
 437 K _   0.011 0.055 0.000 0.008 0.004 0.011 0.037 0.874 
 438 G _   0.009 0.050 0.000 0.007 0.003 0.010 0.037 0.882 
 439 Q _   0.009 0.048 0.000 0.007 0.003 0.010 0.037 0.885 
 440 Y _   0.009 0.048 0.000 0.008 0.004 0.011 0.037 0.883 
 441 D _   0.009 0.050 0.001 0.011 0.004 0.011 0.037 0.878 
 442 V _   0.009 0.052 0.001 0.014 0.005 0.012 0.036 0.870 
 443 A _   0.010 0.055 0.001 0.018 0.006 0.013 0.036 0.861 
 444 V _   0.010 0.058 0.001 0.021 0.007 0.013 0.036 0.855 
 445 K _   0.010 0.059 0.001 0.022 0.007 0.013 0.036 0.853 
 446 M _   0.009 0.058 0.001 0.022 0.007 0.012 0.036 0.855 
 447 I _   0.009 0.056 0.001 0.020 0.006 0.012 0.036 0.861 
 448 K _   0.008 0.052 0.001 0.017 0.005 0.011 0.037 0.870 
 449 E _   0.008 0.047 0.001 0.013 0.004 0.010 0.037 0.880 
 450 G _   0.007 0.042 0.000 0.010 0.004 0.010 0.038 0.889 
 451 S _   0.007 0.038 0.000 0.008 0.003 0.009 0.038 0.895 
 452 M _   0.007 0.036 0.000 0.007 0.003 0.010 0.038 0.899 
 453 S _   0.007 0.035 0.000 0.007 0.003 0.010 0.038 0.898 
 454 E _   0.008 0.036 0.000 0.008 0.004 0.011 0.038 0.895 
 455 D _   0.009 0.039 0.000 0.011 0.004 0.013 0.037 0.887 
 456 E _   0.009 0.042 0.001 0.014 0.006 0.014 0.037 0.876 
 457 F _   0.010 0.047 0.001 0.019 0.007 0.016 0.036 0.863 
 458 F _   0.011 0.052 0.001 0.025 0.009 0.017 0.036 0.851 
 459 Q _   0.011 0.055 0.001 0.029 0.010 0.018 0.035 0.841 
 460 E _   0.011 0.056 0.001 0.032 0.011 0.018 0.035 0.835 
 461 A _   0.011 0.056 0.001 0.033 0.011 0.018 0.035 0.836 
 462 Q _   0.011 0.052 0.001 0.031 0.010 0.017 0.035 0.842 
 463 T _   0.011 0.047 0.001 0.026 0.009 0.016 0.036 0.854 
 464 M _   0.011 0.039 0.001 0.021 0.008 0.015 0.036 0.869 
 465 M _   0.011 0.030 0.001 0.016 0.006 0.014 0.037 0.884 
 466 K _   0.011 0.022 0.001 0.012 0.005 0.013 0.038 0.899 
 467 L _   0.011 0.015 0.001 0.009 0.004 0.013 0.038 0.909 
 468 S _   0.011 0.011 0.000 0.007 0.004 0.013 0.038 0.915 
 469 H _   0.011 0.009 0.000 0.006 0.004 0.013 0.038 0.917 
 470 P _   0.012 0.008 0.000 0.007 0.004 0.014 0.038 0.915 
 471 K _   0.014 0.008 0.001 0.008 0.005 0.016 0.038 0.911 
 472 L _   0.015 0.008 0.001 0.010 0.006 0.017 0.038 0.904 
 473 V _   0.016 0.009 0.001 0.012 0.007 0.019 0.038 0.898 
 474 K _   0.017 0.009 0.001 0.014 0.008 0.020 0.038 0.893 
 475 F _   0.018 0.009 0.001 0.015 0.008 0.020 0.038 0.891 
 476 Y _   0.018 0.009 0.001 0.014 0.009 0.021 0.038 0.891 
 477 G _   0.018 0.009 0.001 0.013 0.009 0.022 0.037 0.891 
 478 V _   0.019 0.008 0.001 0.012 0.008 0.022 0.037 0.892 
 479 C _   0.020 0.007 0.001 0.010 0.008 0.024 0.037 0.893 
 480 S _   0.022 0.007 0.001 0.009 0.008 0.025 0.037 0.892 
 481 K _   0.024 0.007 0.001 0.008 0.009 0.027 0.037 0.888 
 482 E _   0.027 0.008 0.001 0.008 0.010 0.029 0.036 0.881 
 483 Y _   0.030 0.009 0.001 0.009 0.011 0.032 0.036 0.872 
 484 P _   0.033 0.011 0.001 0.011 0.013 0.035 0.036 0.860 
 485 I _   0.036 0.015 0.001 0.013 0.015 0.037 0.036 0.847 
 486 Y _   0.039 0.019 0.001 0.015 0.017 0.040 0.035 0.833 
 487 I _   0.042 0.023 0.001 0.017 0.019 0.042 0.035 0.821 
 488 V _   0.043 0.028 0.001 0.018 0.021 0.043 0.035 0.810 
 489 T _   0.044 0.033 0.001 0.019 0.022 0.044 0.035 0.802 
 490 E _   0.043 0.037 0.001 0.020 0.023 0.044 0.035 0.797 
 491 Y _   0.043 0.040 0.001 0.021 0.023 0.043 0.035 0.793 
 492 I _   0.041 0.044 0.001 0.022 0.023 0.043 0.036 0.790 
 493 S _   0.040 0.048 0.001 0.024 0.023 0.041 0.036 0.786 
 494 N _   0.038 0.052 0.001 0.027 0.022 0.040 0.036 0.783 
 495 G _   0.036 0.055 0.001 0.030 0.021 0.037 0.037 0.782 
 496 C _   0.034 0.056 0.001 0.032 0.020 0.035 0.038 0.784 
 497 L _   0.032 0.057 0.001 0.034 0.018 0.032 0.039 0.788 
 498 L _   0.028 0.055 0.001 0.033 0.016 0.028 0.040 0.797 
 499 N _   0.025 0.051 0.001 0.031 0.014 0.025 0.041 0.813 
 500 Y _   0.021 0.044 0.001 0.027 0.011 0.021 0.043 0.832 
 501 L _   0.018 0.036 0.001 0.021 0.009 0.018 0.044 0.854 
 502 R _   0.015 0.026 0.001 0.016 0.006 0.015 0.045 0.876 
 503 S _   0.013 0.016 0.001 0.011 0.004 0.013 0.046 0.896 
 504 H _   0.011 0.009 0.000 0.007 0.003 0.011 0.047 0.911 
 505 G _   0.010 0.004 0.000 0.005 0.002 0.010 0.048 0.921 
 506 K _   0.010 0.002 0.000 0.003 0.002 0.010 0.047 0.925 
 507 G _   0.011 0.001 0.000 0.003 0.002 0.011 0.047 0.925 
 508 L _   0.014 0.001 0.000 0.003 0.002 0.013 0.047 0.920 
 509 E _   0.021 0.000 0.000 0.003 0.003 0.017 0.046 0.910 
 510 P _   0.031 0.000 0.000 0.004 0.005 0.023 0.045 0.892 
 511 S _   0.045 0.001 0.001 0.005 0.008 0.030 0.043 0.867 
 512 Q _   0.065 0.001 0.001 0.007 0.013 0.038 0.042 0.833 
 513 L _   0.089 0.002 0.001 0.010 0.019 0.046 0.040 0.793 
 514 L _   0.115 0.003 0.002 0.012 0.026 0.054 0.038 0.749 
 515 E _   0.142 0.004 0.002 0.014 0.034 0.061 0.036 0.706 
 516 M _   0.166 0.005 0.002 0.016 0.041 0.066 0.035 0.669 
 517 C _   0.189 0.006 0.002 0.016 0.046 0.069 0.034 0.637 
 518 Y _   0.210 0.007 0.002 0.016 0.050 0.070 0.033 0.611 
 519 D _   0.225 0.008 0.002 0.016 0.052 0.070 0.033 0.594 
 520 V _   0.237 0.008 0.002 0.016 0.052 0.068 0.033 0.584 
 521 C _   0.242 0.008 0.002 0.016 0.050 0.065 0.033 0.583 
 522 E _   0.240 0.008 0.002 0.016 0.047 0.061 0.034 0.592 
 523 G _   0.233 0.007 0.002 0.015 0.041 0.056 0.035 0.610 
 524 M _   0.218 0.006 0.002 0.014 0.035 0.051 0.036 0.638 
 525 A _   0.197 0.005 0.002 0.012 0.028 0.046 0.037 0.673 
 526 F _   0.170 0.003 0.002 0.011 0.022 0.040 0.039 0.713 
 527 L _   0.142 0.002 0.001 0.009 0.017 0.035 0.040 0.754 
 528 E _   0.114 0.002 0.001 0.007 0.012 0.030 0.041 0.792 
 529 S _   0.090 0.001 0.001 0.006 0.009 0.026 0.042 0.824 
 530 H _   0.070 0.001 0.001 0.006 0.007 0.023 0.043 0.849 
 531 Q _   0.055 0.001 0.001 0.006 0.006 0.021 0.044 0.867 
 532 F _   0.043 0.001 0.001 0.006 0.006 0.019 0.044 0.880 
 533 I _   0.034 0.002 0.001 0.007 0.006 0.018 0.045 0.888 
 534 H _   0.028 0.003 0.001 0.008 0.006 0.017 0.045 0.892 
 535 R _   0.024 0.004 0.001 0.010 0.006 0.017 0.045 0.895 
 536 D _   0.021 0.005 0.001 0.011 0.006 0.016 0.045 0.896 
 537 L _   0.018 0.006 0.001 0.012 0.006 0.016 0.045 0.897 
 538 A _   0.016 0.007 0.001 0.012 0.006 0.015 0.045 0.897 
 539 A _   0.015 0.008 0.001 0.012 0.006 0.015 0.045 0.898 
 540 R _   0.014 0.009 0.001 0.011 0.006 0.014 0.045 0.900 
 541 N _   0.014 0.010 0.001 0.011 0.005 0.014 0.044 0.901 
 542 C _   0.013 0.011 0.001 0.010 0.005 0.014 0.044 0.902 
 543 L _   0.013 0.013 0.001 0.010 0.005 0.014 0.044 0.901 
 544 V _   0.013 0.014 0.001 0.010 0.005 0.014 0.044 0.899 
 545 D _   0.013 0.017 0.001 0.010 0.005 0.015 0.043 0.896 
 546 R _   0.013 0.020 0.001 0.010 0.006 0.016 0.043 0.892 
 547 D _   0.014 0.023 0.001 0.011 0.006 0.017 0.042 0.885 
 548 L _   0.014 0.028 0.001 0.013 0.007 0.018 0.041 0.878 
 549 C _   0.015 0.034 0.001 0.015 0.008 0.019 0.041 0.868 
 550 V _   0.016 0.040 0.001 0.018 0.009 0.021 0.040 0.855 
 551 K _   0.016 0.048 0.001 0.021 0.011 0.022 0.039 0.842 
 552 V _   0.017 0.055 0.001 0.025 0.012 0.022 0.038 0.828 
 553 S _   0.018 0.062 0.001 0.030 0.013 0.023 0.038 0.815 
 554 D _   0.018 0.067 0.001 0.034 0.014 0.023 0.038 0.805 
 555 F _   0.019 0.070 0.001 0.036 0.015 0.023 0.038 0.800 
 556 G _   0.018 0.070 0.001 0.037 0.014 0.022 0.038 0.800 
 557 M _   0.017 0.067 0.001 0.035 0.013 0.020 0.039 0.807 
 558 T _   0.017 0.062 0.001 0.031 0.012 0.019 0.040 0.819 
 559 R _   0.015 0.054 0.001 0.026 0.010 0.016 0.041 0.837 
 560 Y _   0.014 0.043 0.001 0.020 0.007 0.014 0.042 0.859 
 561 V _   0.012 0.033 0.001 0.014 0.006 0.012 0.043 0.879 
 562 L _   0.011 0.024 0.001 0.010 0.004 0.011 0.044 0.896 
 563 D _   0.010 0.018 0.000 0.007 0.003 0.010 0.044 0.908 
 564 D _   0.009 0.014 0.000 0.006 0.003 0.009 0.045 0.915 
 565 Q _   0.008 0.012 0.000 0.005 0.003 0.009 0.045 0.918 
 566 Y _   0.008 0.011 0.000 0.005 0.003 0.009 0.045 0.918 
 567 V _   0.009 0.012 0.000 0.006 0.003 0.010 0.045 0.915 
 568 S _   0.009 0.013 0.000 0.008 0.004 0.011 0.044 0.910 
 569 S _   0.010 0.016 0.001 0.010 0.005 0.012 0.044 0.904 
 570 V _   0.010 0.018 0.001 0.012 0.005 0.013 0.043 0.898 
 571 G _   0.010 0.021 0.001 0.013 0.006 0.014 0.042 0.892 
 572 T _   0.011 0.024 0.001 0.014 0.006 0.015 0.041 0.887 
 573 K _   0.011 0.027 0.001 0.015 0.007 0.016 0.041 0.883 
 574 F _   0.011 0.029 0.001 0.014 0.007 0.017 0.040 0.880 
 575 P _   0.012 0.032 0.001 0.014 0.007 0.018 0.039 0.878 
 576 V _   0.013 0.034 0.001 0.015 0.008 0.019 0.038 0.873 
 577 K _   0.013 0.037 0.001 0.016 0.009 0.020 0.037 0.867 
 578 W _   0.014 0.041 0.001 0.018 0.010 0.022 0.037 0.857 
 579 S _   0.015 0.046 0.001 0.023 0.012 0.023 0.036 0.845 
 580 A _   0.016 0.051 0.001 0.028 0.013 0.024 0.035 0.831 
 581 P _   0.017 0.055 0.001 0.034 0.014 0.024 0.035 0.820 
 582 E _   0.017 0.057 0.001 0.038 0.015 0.024 0.034 0.814 
 583 V _   0.017 0.056 0.001 0.040 0.014 0.022 0.034 0.815 
 584 F _   0.017 0.052 0.001 0.037 0.013 0.021 0.034 0.824 
 585 H _   0.017 0.045 0.001 0.032 0.011 0.018 0.034 0.841 
 586 Y _   0.018 0.035 0.001 0.024 0.009 0.016 0.034 0.864 
 587 F _   0.019 0.022 0.001 0.015 0.006 0.014 0.035 0.889 
 588 K _   0.023 0.010 0.001 0.009 0.004 0.012 0.034 0.907 
 589 Y _   0.029 0.004 0.000 0.004 0.003 0.011 0.034 0.915 
 590 S _   0.041 0.001 0.000 0.002 0.003 0.010 0.033 0.910 
 591 S _   0.065 0.000 0.000 0.001 0.003 0.011 0.032 0.888 
 592 K _   0.108 0.000 0.000 0.001 0.004 0.013 0.030 0.843 
 593 S _   0.182 0.000 0.001 0.001 0.006 0.016 0.028 0.765 
 594 D _   0.286 0.000 0.001 0.002 0.010 0.021 0.026 0.654 
 595 V _   0.407 0.000 0.001 0.002 0.016 0.026 0.025 0.523 
 596 W H   0.520 0.000 0.002 0.002 0.024 0.030 0.023 0.399 
 597 A H   0.608 0.000 0.002 0.003 0.031 0.033 0.022 0.301 
 598 F H   0.671 0.000 0.002 0.003 0.038 0.033 0.022 0.230 
 599 G H   0.711 0.001 0.002 0.004 0.042 0.033 0.023 0.185 
 600 I H   0.732 0.001 0.002 0.004 0.044 0.032 0.025 0.159 
 601 L H   0.737 0.001 0.002 0.005 0.046 0.031 0.027 0.151 
 602 M H   0.727 0.001 0.002 0.006 0.046 0.029 0.031 0.157 
 603 W H   0.700 0.002 0.002 0.007 0.045 0.028 0.036 0.180 
 604 E H   0.655 0.002 0.003 0.008 0.042 0.027 0.044 0.220 
 605 V H   0.587 0.002 0.003 0.009 0.037 0.025 0.054 0.284 
 606 F H   0.497 0.001 0.002 0.009 0.029 0.023 0.067 0.370 
 607 S _   0.398 0.001 0.002 0.009 0.022 0.020 0.082 0.466 
 608 L _   0.300 0.001 0.002 0.008 0.015 0.017 0.098 0.559 
 609 G _   0.211 0.001 0.001 0.007 0.009 0.014 0.113 0.643 
 610 K _   0.139 0.000 0.001 0.006 0.006 0.011 0.126 0.711 
 611 Q _   0.086 0.000 0.001 0.004 0.004 0.009 0.136 0.761 
 612 P _   0.050 0.000 0.000 0.003 0.002 0.007 0.143 0.793 
 613 Y _   0.029 0.000 0.000 0.003 0.002 0.006 0.148 0.812 
 614 D _   0.017 0.000 0.000 0.002 0.001 0.005 0.152 0.821 
 615 L _   0.011 0.000 0.000 0.002 0.001 0.005 0.155 0.824 
 616 Y _   0.009 0.001 0.000 0.003 0.001 0.006 0.157 0.823 
 617 D _   0.008 0.002 0.000 0.004 0.002 0.008 0.158 0.817 
 618 N _   0.008 0.006 0.000 0.007 0.003 0.010 0.159 0.807 
 619 S _   0.008 0.012 0.001 0.011 0.004 0.012 0.160 0.792 
 620 Q _   0.009 0.021 0.001 0.017 0.006 0.015 0.160 0.771 
 621 V _   0.009 0.032 0.001 0.025 0.008 0.017 0.160 0.748 
 622 V _   0.010 0.042 0.001 0.032 0.010 0.019 0.160 0.727 
 623 L _   0.010 0.049 0.001 0.037 0.011 0.020 0.161 0.711 
 624 K _   0.010 0.053 0.001 0.040 0.012 0.020 0.163 0.702 
 625 V _   0.010 0.054 0.001 0.040 0.012 0.020 0.165 0.697 
 626 S _   0.010 0.054 0.001 0.038 0.012 0.020 0.168 0.697 
 627 Q _   0.010 0.051 0.001 0.035 0.011 0.020 0.172 0.701 
 628 G _   0.010 0.046 0.001 0.030 0.010 0.019 0.177 0.708 
 629 H _   0.010 0.039 0.001 0.024 0.009 0.018 0.182 0.717 
 630 R _   0.010 0.030 0.001 0.018 0.007 0.017 0.188 0.727 
 631 L _   0.011 0.023 0.001 0.013 0.006 0.017 0.194 0.736 
 632 Y _   0.011 0.016 0.001 0.009 0.005 0.016 0.199 0.743 
 633 R _   0.012 0.011 0.000 0.006 0.004 0.017 0.203 0.745 
 634 P _   0.014 0.009 0.000 0.005 0.004 0.018 0.207 0.744 
 635 H _   0.018 0.007 0.000 0.004 0.004 0.021 0.210 0.736 
 636 L _   0.023 0.008 0.001 0.004 0.006 0.025 0.213 0.722 
 637 A _   0.031 0.009 0.001 0.005 0.009 0.031 0.215 0.699 
 638 S _   0.041 0.015 0.001 0.008 0.015 0.038 0.218 0.664 
 639 D _   0.052 0.028 0.002 0.014 0.023 0.046 0.220 0.616 
 640 T _   0.061 0.050 0.002 0.023 0.033 0.052 0.223 0.555 
 641 I _   0.066 0.080 0.003 0.035 0.042 0.055 0.227 0.492 
 642 Y _   0.069 0.105 0.003 0.048 0.047 0.056 0.233 0.441 
 643 Q _   0.068 0.121 0.003 0.058 0.048 0.055 0.240 0.409 
 644 I _   0.066 0.129 0.003 0.064 0.046 0.051 0.249 0.393 
 645 M _   0.061 0.130 0.002 0.064 0.042 0.047 0.261 0.392 
 646 Y _   0.055 0.126 0.002 0.060 0.037 0.042 0.275 0.404 
 647 S _   0.048 0.114 0.002 0.051 0.030 0.036 0.292 0.428 
 648 C _   0.040 0.094 0.002 0.039 0.022 0.030 0.311 0.462 
 649 W _   0.033 0.068 0.002 0.027 0.015 0.024 0.331 0.500 
 650 H _   0.026 0.043 0.001 0.016 0.009 0.020 0.350 0.534 
 651 E _   0.019 0.026 0.001 0.009 0.006 0.016 0.365 0.558 
 652 L _   0.014 0.016 0.000 0.005 0.003 0.013 0.377 0.570 
 653 P _   0.011 0.013 0.000 0.003 0.002 0.011 0.385 0.573 
 654 E _   0.010 0.012 0.000 0.003 0.002 0.011 0.392 0.570 
 655 K _   0.009 0.012 0.000 0.003 0.002 0.012 0.398 0.563 
 656 R _   0.010 0.016 0.000 0.005 0.003 0.013 0.403 0.550 
 657 P _   0.011 0.024 0.001 0.009 0.005 0.016 0.407 0.528 
 658 T _   0.012 0.041 0.001 0.015 0.008 0.018 0.411 0.494 
 659 F _   0.012 0.066 0.001 0.025 0.010 0.020 0.415 0.450 
 660 Q X   0.012 0.093 0.001 0.036 0.013 0.022 0.419 0.404 
 661 Q X   0.012 0.115 0.001 0.047 0.014 0.022 0.425 0.363 
 662 L X   0.011 0.129 0.001 0.056 0.015 0.022 0.433 0.332 
 663 L X   0.011 0.136 0.001 0.062 0.016 0.022 0.443 0.309 
