#TopoPred_TM8: 8-state transmembrane topology prediction results by no_profile mode 
#probabilities are in the order of H E C I L F X _, the 8 transmembrane topology types used in PDBTM 
   1 M X   0.017 0.002 0.002 0.054 0.010 0.012 0.590 0.312 
   2 S X   0.005 0.001 0.000 0.031 0.002 0.006 0.604 0.350 
   3 T X   0.002 0.001 0.000 0.018 0.001 0.005 0.604 0.370 
   4 E X   0.001 0.002 0.000 0.015 0.001 0.006 0.597 0.378 
   5 A X   0.003 0.006 0.000 0.016 0.002 0.010 0.582 0.381 
   6 D X   0.005 0.014 0.001 0.020 0.004 0.015 0.559 0.382 
   7 E X   0.008 0.030 0.001 0.027 0.007 0.021 0.531 0.376 
   8 G X   0.010 0.057 0.001 0.035 0.010 0.025 0.495 0.367 
   9 I X   0.011 0.092 0.002 0.043 0.012 0.027 0.456 0.357 
  10 T X   0.010 0.127 0.002 0.049 0.014 0.027 0.419 0.351 
  11 F X   0.009 0.155 0.002 0.051 0.015 0.027 0.389 0.353 
  12 S X   0.009 0.173 0.001 0.049 0.015 0.026 0.365 0.362 
  13 V _   0.008 0.185 0.001 0.045 0.014 0.025 0.346 0.375 
  14 P _   0.009 0.193 0.001 0.038 0.013 0.024 0.330 0.391 
  15 P _   0.009 0.198 0.001 0.032 0.012 0.024 0.317 0.408 
  16 F _   0.009 0.201 0.001 0.026 0.011 0.023 0.305 0.424 
  17 A _   0.010 0.205 0.001 0.022 0.010 0.022 0.294 0.436 
  18 P _   0.010 0.209 0.001 0.019 0.010 0.022 0.283 0.446 
  19 S _   0.010 0.214 0.001 0.018 0.010 0.021 0.273 0.453 
  20 G _   0.010 0.221 0.001 0.018 0.010 0.021 0.263 0.456 
  21 F _   0.010 0.229 0.001 0.018 0.010 0.020 0.253 0.458 
  22 C _   0.010 0.238 0.001 0.019 0.010 0.020 0.244 0.459 
  23 T _   0.010 0.248 0.001 0.019 0.010 0.019 0.235 0.458 
  24 I _   0.010 0.257 0.001 0.019 0.009 0.018 0.227 0.458 
  25 P _   0.009 0.266 0.001 0.019 0.009 0.018 0.219 0.459 
  26 E _   0.009 0.274 0.001 0.019 0.009 0.017 0.213 0.459 
  27 G _   0.009 0.281 0.001 0.018 0.008 0.016 0.206 0.460 
  28 G _   0.009 0.288 0.001 0.018 0.008 0.016 0.200 0.460 
  29 I _   0.009 0.295 0.001 0.018 0.008 0.015 0.195 0.460 
  30 C _   0.008 0.302 0.001 0.019 0.008 0.015 0.189 0.458 
  31 R _   0.008 0.308 0.001 0.020 0.008 0.015 0.185 0.456 
  32 R _   0.008 0.315 0.001 0.022 0.008 0.014 0.180 0.452 
  33 G _   0.008 0.321 0.001 0.024 0.008 0.014 0.177 0.447 
  34 G _   0.008 0.326 0.001 0.027 0.008 0.014 0.174 0.444 
  35 A _   0.007 0.328 0.001 0.029 0.008 0.013 0.171 0.442 
  36 A _   0.008 0.327 0.001 0.031 0.008 0.013 0.170 0.443 
  37 A _   0.008 0.322 0.001 0.031 0.008 0.012 0.169 0.449 
  38 V _   0.008 0.312 0.001 0.031 0.007 0.012 0.169 0.460 
  39 G _   0.008 0.295 0.001 0.029 0.007 0.011 0.170 0.479 
  40 E _   0.008 0.270 0.001 0.027 0.006 0.010 0.172 0.506 
  41 G _   0.008 0.236 0.001 0.023 0.006 0.010 0.175 0.542 
  42 E _   0.008 0.196 0.001 0.019 0.005 0.009 0.178 0.583 
  43 E _   0.008 0.157 0.001 0.015 0.004 0.009 0.181 0.626 
  44 H _   0.008 0.124 0.000 0.011 0.003 0.008 0.183 0.662 
  45 Q _   0.007 0.102 0.000 0.008 0.002 0.007 0.185 0.689 
  46 L _   0.006 0.089 0.000 0.006 0.002 0.006 0.185 0.707 
  47 P _   0.005 0.082 0.000 0.004 0.001 0.006 0.185 0.717 
  48 P _   0.004 0.080 0.000 0.004 0.001 0.006 0.183 0.722 
  49 P _   0.004 0.080 0.000 0.005 0.001 0.006 0.179 0.723 
  50 P _   0.004 0.085 0.000 0.006 0.002 0.007 0.175 0.721 
  51 P _   0.005 0.094 0.000 0.008 0.003 0.009 0.168 0.713 
  52 G _   0.005 0.111 0.001 0.012 0.004 0.011 0.160 0.697 
  53 S _   0.006 0.139 0.001 0.017 0.005 0.013 0.148 0.671 
  54 F _   0.006 0.178 0.001 0.022 0.007 0.014 0.135 0.637 
  55 W _   0.006 0.228 0.001 0.027 0.008 0.015 0.120 0.594 
  56 N _   0.006 0.283 0.001 0.032 0.010 0.016 0.105 0.547 
  57 V _   0.006 0.339 0.001 0.035 0.010 0.016 0.092 0.501 
  58 E _   0.005 0.389 0.001 0.036 0.011 0.015 0.080 0.462 
  59 S E   0.005 0.431 0.001 0.037 0.010 0.015 0.070 0.431 
  60 A E   0.005 0.465 0.001 0.037 0.010 0.014 0.063 0.405 
  61 A E   0.005 0.490 0.001 0.037 0.010 0.014 0.057 0.387 
  62 A E   0.004 0.508 0.001 0.037 0.009 0.013 0.052 0.375 
  63 P E   0.004 0.520 0.001 0.037 0.009 0.013 0.048 0.368 
  64 G E   0.005 0.526 0.001 0.037 0.009 0.012 0.045 0.366 
  65 I E   0.005 0.527 0.001 0.036 0.009 0.012 0.043 0.368 
  66 G E   0.005 0.524 0.001 0.034 0.008 0.011 0.042 0.375 
  67 C E   0.005 0.514 0.001 0.032 0.008 0.011 0.040 0.389 
  68 P E   0.005 0.498 0.001 0.029 0.007 0.010 0.040 0.409 
  69 A E   0.006 0.474 0.001 0.026 0.007 0.010 0.039 0.437 
  70 A _   0.006 0.444 0.001 0.022 0.006 0.010 0.039 0.472 
  71 T _   0.006 0.410 0.001 0.019 0.006 0.009 0.039 0.511 
  72 S _   0.005 0.377 0.001 0.016 0.005 0.009 0.038 0.548 
  73 S _   0.005 0.350 0.001 0.014 0.004 0.009 0.038 0.579 
  74 S _   0.005 0.328 0.001 0.012 0.004 0.009 0.038 0.604 
  75 S _   0.005 0.313 0.000 0.011 0.003 0.008 0.037 0.622 
  76 A _   0.005 0.302 0.000 0.011 0.003 0.008 0.036 0.634 
  77 T _   0.004 0.294 0.000 0.011 0.003 0.008 0.036 0.642 
  78 R _   0.004 0.288 0.000 0.012 0.003 0.008 0.035 0.649 
  79 G _   0.004 0.284 0.000 0.012 0.004 0.008 0.034 0.654 
  80 R _   0.004 0.279 0.000 0.013 0.004 0.009 0.033 0.658 
  81 G _   0.004 0.275 0.000 0.013 0.004 0.009 0.032 0.662 
  82 S _   0.004 0.271 0.001 0.013 0.004 0.009 0.031 0.667 
  83 S _   0.005 0.266 0.000 0.013 0.004 0.010 0.030 0.672 
  84 V _   0.005 0.263 0.001 0.013 0.004 0.010 0.029 0.675 
  85 G _   0.005 0.260 0.001 0.013 0.005 0.011 0.028 0.677 
  86 G _   0.006 0.258 0.001 0.014 0.005 0.012 0.027 0.677 
  87 G _   0.007 0.257 0.001 0.015 0.006 0.013 0.026 0.675 
  88 S _   0.008 0.257 0.001 0.016 0.007 0.014 0.026 0.671 
  89 R _   0.008 0.257 0.001 0.019 0.008 0.016 0.025 0.667 
  90 R _   0.009 0.257 0.001 0.022 0.009 0.017 0.024 0.662 
  91 T _   0.009 0.256 0.001 0.024 0.010 0.017 0.023 0.659 
  92 T _   0.010 0.252 0.001 0.027 0.011 0.018 0.023 0.659 
  93 V _   0.010 0.246 0.001 0.028 0.011 0.018 0.023 0.663 
  94 A _   0.010 0.237 0.001 0.028 0.011 0.018 0.022 0.672 
  95 Y _   0.011 0.223 0.001 0.027 0.011 0.018 0.022 0.687 
  96 V _   0.011 0.204 0.001 0.025 0.011 0.018 0.023 0.708 
  97 I _   0.012 0.181 0.001 0.022 0.010 0.018 0.023 0.734 
  98 N _   0.012 0.155 0.001 0.019 0.009 0.018 0.023 0.763 
  99 E _   0.013 0.130 0.001 0.016 0.009 0.019 0.024 0.790 
 100 A _   0.013 0.109 0.001 0.014 0.008 0.019 0.024 0.812 
 101 S _   0.014 0.093 0.001 0.012 0.008 0.020 0.024 0.828 
 102 Q _   0.015 0.082 0.001 0.012 0.008 0.021 0.024 0.838 
 103 G _   0.016 0.075 0.001 0.012 0.008 0.022 0.024 0.842 
 104 Q _   0.017 0.069 0.001 0.014 0.009 0.023 0.024 0.842 
 105 L _   0.019 0.065 0.001 0.016 0.010 0.024 0.024 0.841 
 106 V _   0.020 0.061 0.001 0.018 0.011 0.026 0.024 0.840 
 107 V _   0.022 0.056 0.001 0.019 0.011 0.026 0.024 0.840 
 108 A _   0.023 0.049 0.001 0.020 0.011 0.027 0.024 0.844 
 109 E _   0.025 0.041 0.001 0.018 0.011 0.027 0.024 0.852 
 110 S _   0.028 0.031 0.001 0.015 0.010 0.027 0.024 0.862 
 111 E _   0.032 0.022 0.001 0.012 0.010 0.028 0.024 0.871 
 112 A _   0.037 0.014 0.001 0.009 0.009 0.028 0.024 0.878 
 113 L _   0.044 0.008 0.001 0.007 0.008 0.030 0.024 0.879 
 114 Q _   0.053 0.004 0.001 0.005 0.008 0.031 0.024 0.874 
 115 S _   0.065 0.002 0.001 0.004 0.009 0.034 0.024 0.861 
 116 L _   0.081 0.002 0.001 0.004 0.011 0.037 0.023 0.842 
 117 R _   0.100 0.001 0.001 0.005 0.014 0.041 0.023 0.816 
 118 E _   0.120 0.002 0.001 0.006 0.018 0.045 0.022 0.786 
 119 A _   0.139 0.003 0.001 0.008 0.023 0.049 0.022 0.754 
 120 C _   0.158 0.004 0.002 0.010 0.029 0.053 0.022 0.723 
 121 E _   0.172 0.006 0.002 0.013 0.033 0.054 0.022 0.698 
 122 T _   0.181 0.008 0.002 0.016 0.036 0.055 0.022 0.680 
 123 V _   0.185 0.010 0.002 0.019 0.038 0.054 0.023 0.669 
 124 G _   0.184 0.012 0.002 0.021 0.038 0.052 0.023 0.668 
 125 A _   0.177 0.012 0.002 0.022 0.036 0.050 0.024 0.677 
 126 T _   0.166 0.012 0.002 0.021 0.032 0.046 0.025 0.696 
 127 L _   0.149 0.011 0.002 0.019 0.027 0.041 0.026 0.724 
 128 E _   0.129 0.009 0.002 0.016 0.022 0.036 0.028 0.758 
 129 T _   0.107 0.007 0.001 0.013 0.017 0.032 0.029 0.794 
 130 L _   0.085 0.005 0.001 0.011 0.012 0.027 0.030 0.829 
 131 H _   0.065 0.003 0.001 0.008 0.009 0.023 0.031 0.860 
 132 F _   0.049 0.003 0.001 0.006 0.006 0.020 0.032 0.884 
 133 G _   0.038 0.002 0.001 0.005 0.005 0.017 0.033 0.899 
 134 K _   0.030 0.002 0.001 0.005 0.004 0.016 0.033 0.909 
 135 L _   0.024 0.003 0.001 0.006 0.004 0.015 0.033 0.915 
 136 D _   0.020 0.003 0.001 0.007 0.005 0.015 0.033 0.917 
 137 F _   0.018 0.005 0.001 0.008 0.005 0.015 0.033 0.916 
 138 G _   0.016 0.006 0.001 0.010 0.006 0.015 0.033 0.912 
 139 E _   0.015 0.009 0.001 0.013 0.007 0.016 0.033 0.908 
 140 T _   0.015 0.011 0.001 0.014 0.007 0.016 0.032 0.904 
 141 T _   0.014 0.013 0.001 0.015 0.007 0.016 0.032 0.902 
 142 V _   0.014 0.014 0.001 0.015 0.007 0.016 0.032 0.901 
 143 L _   0.013 0.015 0.001 0.014 0.007 0.016 0.032 0.902 
 144 D _   0.013 0.016 0.001 0.013 0.006 0.016 0.032 0.904 
 145 R _   0.013 0.017 0.001 0.012 0.006 0.016 0.032 0.905 
 146 F _   0.013 0.018 0.001 0.011 0.006 0.016 0.031 0.904 
 147 Y _   0.013 0.020 0.001 0.011 0.007 0.017 0.031 0.901 
 148 N _   0.014 0.022 0.001 0.013 0.007 0.018 0.031 0.894 
 149 A _   0.015 0.026 0.001 0.015 0.009 0.019 0.031 0.885 
 150 D _   0.017 0.030 0.001 0.019 0.010 0.021 0.030 0.873 
 151 I _   0.018 0.035 0.001 0.023 0.011 0.021 0.030 0.861 
 152 A _   0.018 0.039 0.001 0.026 0.012 0.022 0.030 0.851 
 153 V _   0.019 0.041 0.001 0.029 0.012 0.022 0.030 0.846 
 154 V _   0.019 0.042 0.001 0.029 0.012 0.021 0.030 0.846 
 155 E _   0.018 0.040 0.001 0.027 0.011 0.020 0.031 0.851 
 156 M _   0.017 0.037 0.001 0.023 0.010 0.019 0.031 0.861 
 157 S _   0.016 0.033 0.001 0.018 0.008 0.018 0.032 0.874 
 158 D _   0.015 0.027 0.001 0.014 0.007 0.017 0.033 0.887 
 159 A _   0.014 0.023 0.001 0.010 0.006 0.016 0.033 0.898 
 160 F _   0.014 0.019 0.001 0.007 0.005 0.015 0.033 0.906 
 161 R _   0.013 0.017 0.000 0.006 0.004 0.015 0.034 0.910 
 162 Q _   0.014 0.017 0.000 0.006 0.004 0.016 0.034 0.909 
 163 P _   0.014 0.018 0.001 0.006 0.005 0.017 0.034 0.904 
 164 S _   0.016 0.021 0.001 0.008 0.006 0.019 0.033 0.895 
 165 L _   0.017 0.026 0.001 0.011 0.008 0.021 0.033 0.882 
 166 F _   0.018 0.033 0.001 0.015 0.010 0.023 0.033 0.867 
 167 Y _   0.019 0.040 0.001 0.019 0.011 0.025 0.032 0.853 
 168 H _   0.020 0.046 0.001 0.021 0.013 0.026 0.032 0.841 
 169 L _   0.020 0.051 0.001 0.023 0.013 0.027 0.032 0.833 
 170 G _   0.020 0.055 0.001 0.023 0.013 0.027 0.032 0.829 
 171 V _   0.021 0.057 0.001 0.021 0.013 0.027 0.032 0.829 
 172 R _   0.021 0.058 0.001 0.019 0.012 0.027 0.031 0.831 
 173 E _   0.022 0.058 0.001 0.017 0.012 0.028 0.031 0.831 
 174 S _   0.023 0.059 0.001 0.015 0.012 0.028 0.031 0.830 
 175 F _   0.024 0.061 0.001 0.015 0.013 0.029 0.031 0.825 
 176 S _   0.026 0.065 0.001 0.017 0.014 0.030 0.031 0.815 
 177 M _   0.027 0.070 0.001 0.022 0.016 0.031 0.031 0.802 
 178 A _   0.028 0.075 0.001 0.027 0.017 0.031 0.031 0.788 
 179 N _   0.029 0.081 0.001 0.034 0.019 0.031 0.032 0.774 
 180 N _   0.029 0.084 0.001 0.039 0.019 0.029 0.032 0.767 
 181 I _   0.028 0.084 0.001 0.041 0.018 0.027 0.033 0.768 
 182 I _   0.026 0.080 0.001 0.040 0.016 0.025 0.034 0.778 
 183 L _   0.023 0.073 0.001 0.035 0.013 0.022 0.036 0.798 
 184 Y _   0.020 0.061 0.001 0.027 0.010 0.018 0.037 0.825 
 185 C _   0.017 0.045 0.001 0.019 0.008 0.015 0.038 0.857 
 186 D _   0.014 0.029 0.001 0.012 0.005 0.013 0.039 0.887 
 187 T _   0.011 0.018 0.000 0.007 0.003 0.011 0.040 0.909 
 188 N _   0.009 0.011 0.000 0.004 0.002 0.010 0.040 0.922 
 189 S _   0.008 0.009 0.000 0.003 0.002 0.009 0.040 0.928 
 190 D _   0.008 0.008 0.000 0.003 0.002 0.010 0.040 0.928 
 191 S _   0.009 0.009 0.000 0.004 0.003 0.012 0.039 0.923 
 192 L _   0.011 0.013 0.000 0.006 0.004 0.016 0.038 0.910 
 193 Q _   0.014 0.023 0.001 0.011 0.007 0.020 0.037 0.887 
 194 S _   0.016 0.042 0.001 0.018 0.011 0.025 0.035 0.852 
 195 L _   0.018 0.067 0.001 0.028 0.015 0.029 0.033 0.809 
 196 K _   0.020 0.091 0.002 0.037 0.019 0.032 0.031 0.770 
 197 E _   0.021 0.109 0.002 0.044 0.021 0.034 0.029 0.741 
 198 I _   0.021 0.121 0.002 0.048 0.022 0.034 0.028 0.724 
 199 I _   0.021 0.127 0.002 0.049 0.022 0.034 0.027 0.718 
 200 C _   0.022 0.128 0.002 0.046 0.022 0.034 0.027 0.721 
 201 Q _   0.022 0.125 0.001 0.041 0.020 0.033 0.026 0.732 
 202 K _   0.022 0.119 0.001 0.034 0.018 0.031 0.026 0.748 
 203 N _   0.022 0.110 0.001 0.027 0.016 0.030 0.026 0.769 
 204 T _   0.021 0.100 0.001 0.020 0.013 0.029 0.026 0.788 
 205 M _   0.021 0.091 0.001 0.016 0.011 0.028 0.026 0.806 
 206 C _   0.021 0.085 0.001 0.013 0.010 0.028 0.026 0.818 
 207 T _   0.021 0.081 0.001 0.011 0.009 0.028 0.026 0.823 
 208 G _   0.021 0.081 0.001 0.012 0.010 0.028 0.025 0.822 
 209 N _   0.022 0.082 0.001 0.014 0.011 0.028 0.025 0.817 
 210 Y _   0.023 0.085 0.001 0.017 0.012 0.029 0.025 0.808 
 211 T _   0.023 0.090 0.001 0.021 0.014 0.029 0.024 0.798 
 212 F _   0.023 0.094 0.001 0.025 0.016 0.030 0.024 0.787 
 213 V _   0.023 0.097 0.001 0.029 0.017 0.029 0.024 0.780 
 214 P _   0.022 0.098 0.001 0.031 0.017 0.028 0.023 0.779 
 215 Y _   0.021 0.097 0.001 0.031 0.016 0.027 0.023 0.784 
 216 M _   0.019 0.093 0.001 0.030 0.015 0.025 0.024 0.794 
 217 I _   0.017 0.086 0.001 0.026 0.013 0.023 0.024 0.809 
 218 T _   0.016 0.078 0.001 0.023 0.011 0.021 0.024 0.826 
 219 P _   0.014 0.069 0.001 0.018 0.009 0.019 0.025 0.844 
 220 H _   0.013 0.061 0.001 0.015 0.007 0.017 0.025 0.861 
 221 N _   0.012 0.053 0.001 0.012 0.006 0.016 0.025 0.875 
 222 K _   0.011 0.048 0.001 0.010 0.005 0.015 0.025 0.885 
 223 V _   0.011 0.045 0.001 0.009 0.005 0.015 0.025 0.890 
 224 Y _   0.011 0.044 0.001 0.009 0.005 0.015 0.025 0.892 
 225 C _   0.011 0.044 0.001 0.009 0.005 0.015 0.024 0.891 
 226 C _   0.011 0.045 0.001 0.011 0.006 0.016 0.024 0.887 
 227 D _   0.012 0.047 0.001 0.014 0.007 0.017 0.023 0.879 
 228 S _   0.013 0.050 0.001 0.017 0.008 0.019 0.023 0.869 
 229 S _   0.013 0.053 0.001 0.021 0.010 0.020 0.022 0.859 
 230 F _   0.014 0.055 0.001 0.025 0.011 0.021 0.022 0.850 
 231 M _   0.015 0.057 0.001 0.028 0.012 0.022 0.021 0.844 
 232 K _   0.016 0.056 0.001 0.030 0.013 0.022 0.021 0.841 
 233 G _   0.017 0.053 0.001 0.030 0.013 0.022 0.021 0.844 
 234 L _   0.018 0.048 0.001 0.027 0.012 0.022 0.021 0.851 
 235 T _   0.019 0.041 0.001 0.023 0.011 0.021 0.021 0.864 
 236 E _   0.020 0.031 0.001 0.018 0.009 0.020 0.021 0.879 
 237 L _   0.022 0.020 0.001 0.013 0.008 0.020 0.022 0.895 
 238 M _   0.024 0.012 0.001 0.009 0.006 0.020 0.022 0.907 
 239 Q _   0.028 0.006 0.001 0.006 0.005 0.020 0.022 0.912 
 240 P _   0.035 0.003 0.001 0.005 0.005 0.022 0.021 0.909 
 241 N _   0.045 0.001 0.001 0.004 0.006 0.024 0.021 0.899 
 242 F _   0.060 0.001 0.001 0.004 0.007 0.027 0.021 0.881 
 243 E _   0.080 0.001 0.001 0.004 0.009 0.031 0.020 0.854 
 244 L _   0.105 0.000 0.001 0.005 0.012 0.035 0.020 0.822 
 245 L _   0.132 0.001 0.001 0.006 0.015 0.039 0.019 0.787 
 246 L _   0.159 0.001 0.001 0.007 0.018 0.043 0.019 0.752 
 247 G _   0.186 0.001 0.001 0.008 0.021 0.046 0.018 0.719 
 248 P _   0.212 0.001 0.002 0.008 0.023 0.048 0.018 0.689 
 249 I _   0.236 0.001 0.002 0.007 0.024 0.050 0.018 0.663 
 250 C _   0.258 0.001 0.002 0.006 0.025 0.051 0.017 0.642 
 251 L _   0.274 0.000 0.001 0.005 0.025 0.051 0.017 0.624 
 252 P _   0.288 0.000 0.001 0.005 0.026 0.052 0.018 0.611 
 253 L _   0.296 0.000 0.001 0.004 0.026 0.053 0.018 0.601 
 254 V _   0.300 0.001 0.001 0.005 0.027 0.053 0.019 0.595 
 255 D _   0.299 0.001 0.002 0.005 0.029 0.053 0.019 0.592 
 256 R _   0.293 0.001 0.002 0.007 0.030 0.052 0.020 0.594 
 257 F _   0.282 0.002 0.002 0.010 0.031 0.051 0.022 0.600 
 258 I _   0.265 0.003 0.002 0.013 0.031 0.050 0.023 0.613 
 259 Q _   0.243 0.004 0.002 0.016 0.030 0.047 0.025 0.633 
 260 L _   0.215 0.005 0.002 0.018 0.028 0.044 0.027 0.662 
 261 L _   0.184 0.005 0.002 0.018 0.024 0.039 0.029 0.698 
 262 K _   0.153 0.004 0.002 0.017 0.020 0.035 0.031 0.738 
 263 V _   0.123 0.004 0.001 0.014 0.015 0.030 0.033 0.780 
 264 A _   0.095 0.003 0.001 0.011 0.011 0.025 0.035 0.819 
 265 Q _   0.072 0.002 0.001 0.008 0.008 0.021 0.037 0.852 
 266 A _   0.054 0.001 0.001 0.006 0.006 0.018 0.038 0.877 
 267 S _   0.041 0.001 0.001 0.005 0.004 0.016 0.039 0.894 
 268 S _   0.031 0.001 0.000 0.004 0.004 0.014 0.039 0.905 
 269 S _   0.025 0.001 0.000 0.005 0.004 0.014 0.040 0.911 
 270 Q _   0.021 0.002 0.000 0.006 0.004 0.013 0.040 0.913 
 271 Y _   0.019 0.002 0.001 0.008 0.005 0.013 0.040 0.912 
 272 F _   0.017 0.004 0.001 0.010 0.005 0.013 0.041 0.909 
 273 R _   0.016 0.005 0.001 0.012 0.006 0.014 0.041 0.906 
 274 E _   0.015 0.006 0.001 0.014 0.006 0.013 0.041 0.903 
 275 S _   0.014 0.007 0.001 0.016 0.006 0.013 0.041 0.903 
 276 I _   0.013 0.007 0.001 0.016 0.006 0.013 0.041 0.903 
 277 L _   0.012 0.007 0.001 0.016 0.006 0.012 0.042 0.904 
 278 N _   0.012 0.007 0.001 0.014 0.005 0.011 0.042 0.908 
 279 D _   0.011 0.006 0.001 0.013 0.005 0.010 0.042 0.912 
 280 I _   0.010 0.005 0.001 0.011 0.004 0.010 0.043 0.916 
 281 R _   0.010 0.004 0.000 0.009 0.004 0.009 0.043 0.920 
 282 K _   0.009 0.003 0.000 0.007 0.003 0.009 0.043 0.924 
 283 A _   0.009 0.003 0.000 0.006 0.003 0.008 0.043 0.927 
 284 R _   0.009 0.002 0.000 0.005 0.003 0.009 0.043 0.929 
 285 N _   0.009 0.002 0.000 0.005 0.003 0.009 0.043 0.929 
 286 L _   0.009 0.002 0.000 0.005 0.003 0.010 0.043 0.928 
 287 Y _   0.009 0.003 0.000 0.006 0.003 0.011 0.042 0.925 
 288 T _   0.010 0.004 0.000 0.007 0.004 0.013 0.041 0.921 
 289 G _   0.012 0.005 0.001 0.009 0.005 0.015 0.040 0.913 
 290 K _   0.013 0.008 0.001 0.013 0.007 0.017 0.039 0.904 
 291 E _   0.014 0.010 0.001 0.017 0.008 0.019 0.038 0.894 
 292 L _   0.016 0.013 0.001 0.021 0.010 0.021 0.037 0.883 
 293 A _   0.017 0.015 0.001 0.025 0.011 0.022 0.035 0.874 
 294 A _   0.019 0.016 0.001 0.027 0.012 0.023 0.034 0.868 
 295 E _   0.020 0.016 0.001 0.027 0.012 0.023 0.034 0.867 
 296 L _   0.022 0.015 0.001 0.026 0.012 0.022 0.033 0.869 
 297 A _   0.025 0.013 0.001 0.022 0.011 0.022 0.033 0.874 
 298 R _   0.028 0.010 0.001 0.018 0.009 0.021 0.032 0.881 
 299 I _   0.033 0.007 0.001 0.013 0.008 0.020 0.032 0.888 
 300 R _   0.040 0.004 0.001 0.008 0.006 0.019 0.031 0.891 
 301 Q _   0.050 0.002 0.001 0.005 0.005 0.019 0.030 0.888 
 302 R _   0.066 0.001 0.001 0.004 0.005 0.020 0.030 0.876 
 303 V _   0.089 0.000 0.001 0.003 0.005 0.021 0.028 0.853 
 304 D _   0.122 0.000 0.001 0.002 0.006 0.023 0.027 0.818 
 305 N _   0.167 0.000 0.001 0.002 0.008 0.026 0.026 0.769 
 306 I _   0.223 0.000 0.001 0.002 0.011 0.030 0.025 0.707 
 307 E _   0.287 0.000 0.001 0.003 0.016 0.035 0.024 0.634 
 308 V _   0.352 0.000 0.001 0.003 0.022 0.040 0.023 0.559 
 309 L _   0.409 0.000 0.002 0.004 0.030 0.044 0.022 0.489 
 310 T H   0.456 0.001 0.002 0.004 0.037 0.046 0.022 0.432 
 311 A H   0.489 0.001 0.002 0.005 0.043 0.048 0.023 0.389 
 312 D H   0.510 0.002 0.002 0.007 0.048 0.048 0.023 0.360 
 313 I H   0.519 0.003 0.002 0.009 0.050 0.047 0.025 0.345 
 314 V H   0.513 0.004 0.002 0.011 0.051 0.046 0.027 0.346 
 315 I H   0.495 0.004 0.003 0.013 0.050 0.043 0.030 0.363 
 316 N H   0.462 0.005 0.003 0.015 0.046 0.040 0.033 0.396 
 317 L _   0.415 0.005 0.003 0.016 0.040 0.037 0.038 0.448 
 318 L _   0.354 0.004 0.002 0.015 0.032 0.032 0.043 0.517 
 319 L _   0.285 0.003 0.002 0.013 0.023 0.028 0.049 0.597 
 320 S _   0.215 0.002 0.001 0.010 0.015 0.022 0.054 0.680 
 321 Y _   0.152 0.001 0.001 0.007 0.009 0.018 0.059 0.754 
 322 R _   0.102 0.000 0.001 0.004 0.005 0.014 0.062 0.812 
 323 D _   0.065 0.000 0.000 0.003 0.003 0.011 0.065 0.852 
 324 I _   0.042 0.000 0.000 0.002 0.002 0.010 0.066 0.877 
 325 Q _   0.029 0.000 0.000 0.001 0.002 0.010 0.067 0.890 
 326 D _   0.023 0.000 0.000 0.002 0.002 0.011 0.068 0.894 
 327 Y _   0.022 0.001 0.000 0.002 0.003 0.014 0.068 0.889 
 328 D _   0.025 0.004 0.001 0.005 0.005 0.019 0.068 0.874 
 329 S _   0.028 0.014 0.001 0.010 0.010 0.025 0.067 0.844 
 330 I _   0.032 0.039 0.001 0.020 0.016 0.032 0.066 0.793 
 331 V _   0.035 0.077 0.002 0.033 0.022 0.037 0.065 0.730 
 332 K _   0.035 0.114 0.002 0.047 0.027 0.039 0.063 0.672 
 333 L _   0.035 0.140 0.002 0.059 0.029 0.040 0.063 0.632 
 334 V _   0.034 0.155 0.002 0.066 0.030 0.040 0.063 0.610 
 335 E _   0.033 0.161 0.002 0.068 0.029 0.038 0.064 0.605 
 336 T _   0.031 0.161 0.002 0.065 0.027 0.036 0.065 0.613 
 337 L _   0.029 0.154 0.002 0.058 0.024 0.033 0.068 0.633 
 338 E _   0.027 0.140 0.002 0.048 0.020 0.029 0.071 0.663 
 339 K _   0.025 0.118 0.002 0.037 0.016 0.026 0.074 0.703 
 340 L _   0.022 0.091 0.001 0.026 0.012 0.022 0.078 0.746 
 341 P _   0.019 0.065 0.001 0.018 0.008 0.019 0.082 0.788 
 342 T _   0.017 0.044 0.001 0.012 0.006 0.016 0.085 0.820 
 343 F _   0.014 0.031 0.001 0.008 0.004 0.014 0.087 0.842 
 344 D _   0.012 0.023 0.000 0.005 0.003 0.013 0.089 0.854 
 345 L _   0.011 0.020 0.000 0.004 0.003 0.012 0.089 0.860 
 346 A _   0.011 0.019 0.000 0.004 0.003 0.013 0.090 0.861 
 347 S _   0.011 0.021 0.000 0.004 0.003 0.014 0.089 0.856 
 348 H _   0.013 0.025 0.000 0.006 0.005 0.017 0.088 0.845 
 349 H _   0.015 0.036 0.001 0.011 0.007 0.020 0.087 0.824 
 350 H _   0.017 0.056 0.001 0.018 0.011 0.023 0.085 0.789 
 351 V _   0.018 0.086 0.001 0.029 0.015 0.026 0.083 0.742 
 352 K _   0.018 0.119 0.002 0.042 0.018 0.027 0.081 0.693 
 353 F _   0.018 0.144 0.002 0.054 0.020 0.027 0.080 0.655 
 354 H _   0.018 0.159 0.002 0.062 0.020 0.027 0.079 0.632 
 355 Y _   0.018 0.166 0.001 0.067 0.020 0.026 0.080 0.623 
 356 A _   0.017 0.167 0.001 0.066 0.018 0.024 0.081 0.626 
 357 F _   0.016 0.161 0.001 0.061 0.016 0.021 0.083 0.641 
 358 A _   0.015 0.148 0.001 0.051 0.013 0.019 0.086 0.667 
 359 L _   0.013 0.125 0.001 0.040 0.011 0.016 0.089 0.705 
 360 N _   0.012 0.095 0.001 0.028 0.008 0.013 0.094 0.749 
 361 R _   0.011 0.064 0.001 0.018 0.005 0.011 0.097 0.793 
 362 R _   0.009 0.039 0.001 0.011 0.004 0.009 0.101 0.827 
 363 N _   0.008 0.024 0.000 0.007 0.002 0.007 0.103 0.849 
 364 L _   0.006 0.016 0.000 0.004 0.002 0.006 0.104 0.862 
 365 P _   0.005 0.012 0.000 0.003 0.001 0.006 0.104 0.868 
 366 G _   0.005 0.011 0.000 0.003 0.001 0.006 0.103 0.869 
 367 D _   0.006 0.012 0.000 0.003 0.002 0.008 0.102 0.867 
 368 R _   0.007 0.015 0.000 0.005 0.002 0.010 0.101 0.860 
 369 A _   0.009 0.022 0.000 0.008 0.004 0.013 0.098 0.846 
 370 K _   0.011 0.036 0.001 0.013 0.006 0.017 0.095 0.822 
 371 A _   0.012 0.059 0.001 0.020 0.009 0.021 0.090 0.786 
 372 L _   0.014 0.088 0.001 0.029 0.013 0.025 0.086 0.745 
 373 D _   0.015 0.115 0.001 0.038 0.016 0.028 0.081 0.706 
 374 I _   0.016 0.137 0.001 0.046 0.018 0.029 0.078 0.675 
 375 M _   0.016 0.150 0.001 0.051 0.019 0.030 0.075 0.656 
 376 I _   0.017 0.157 0.001 0.054 0.020 0.031 0.074 0.647 
 377 P _   0.018 0.158 0.001 0.052 0.019 0.030 0.073 0.649 
 378 M _   0.018 0.153 0.001 0.048 0.018 0.030 0.072 0.660 
 379 V _   0.018 0.143 0.001 0.040 0.016 0.029 0.072 0.680 
 380 Q _   0.018 0.127 0.001 0.031 0.013 0.027 0.073 0.709 
 381 S _   0.018 0.107 0.001 0.022 0.011 0.026 0.073 0.742 
 382 E _   0.018 0.088 0.001 0.015 0.008 0.026 0.074 0.770 
 383 G _   0.018 0.075 0.001 0.009 0.007 0.026 0.074 0.790 
 384 Q _   0.020 0.068 0.001 0.006 0.006 0.027 0.074 0.798 
 385 V _   0.022 0.066 0.001 0.006 0.006 0.029 0.073 0.796 
 386 A _   0.026 0.069 0.001 0.007 0.008 0.033 0.073 0.784 
 387 S _   0.031 0.079 0.001 0.010 0.012 0.037 0.071 0.759 
 388 D _   0.036 0.102 0.002 0.016 0.018 0.042 0.070 0.715 
 389 M _   0.039 0.140 0.002 0.024 0.025 0.045 0.068 0.656 
 390 Y _   0.041 0.184 0.002 0.034 0.030 0.046 0.066 0.596 
 391 C _   0.042 0.223 0.002 0.043 0.033 0.046 0.065 0.547 
 392 L _   0.041 0.250 0.002 0.049 0.034 0.045 0.065 0.515 
 393 V _   0.040 0.266 0.002 0.053 0.033 0.043 0.065 0.498 
 394 G _   0.038 0.273 0.002 0.054 0.031 0.041 0.066 0.494 
 395 R _   0.036 0.274 0.002 0.053 0.029 0.038 0.067 0.502 
 396 I _   0.034 0.268 0.002 0.049 0.026 0.034 0.069 0.518 
 397 Y _   0.032 0.255 0.002 0.045 0.022 0.031 0.072 0.541 
 398 K _   0.029 0.235 0.002 0.040 0.019 0.028 0.076 0.572 
 399 D _   0.026 0.209 0.001 0.034 0.015 0.024 0.080 0.610 
 400 M _   0.023 0.178 0.001 0.030 0.012 0.021 0.084 0.650 
 401 F _   0.020 0.145 0.001 0.025 0.010 0.019 0.089 0.691 
 402 L _   0.018 0.113 0.001 0.021 0.008 0.016 0.094 0.729 
 403 D _   0.015 0.084 0.001 0.017 0.006 0.014 0.098 0.765 
 404 S _   0.013 0.060 0.001 0.014 0.005 0.012 0.102 0.795 
 405 N _   0.011 0.041 0.001 0.011 0.003 0.010 0.105 0.819 
 406 F _   0.009 0.027 0.000 0.008 0.003 0.008 0.107 0.838 
 407 T _   0.008 0.018 0.000 0.006 0.002 0.007 0.108 0.851 
 408 D _   0.006 0.013 0.000 0.005 0.002 0.006 0.108 0.860 
 409 T _   0.005 0.009 0.000 0.004 0.002 0.006 0.108 0.865 
 410 E _   0.005 0.008 0.000 0.004 0.001 0.005 0.107 0.869 
 411 S _   0.005 0.007 0.000 0.004 0.002 0.006 0.106 0.870 
 412 R _   0.005 0.007 0.000 0.005 0.002 0.006 0.104 0.870 
 413 D _   0.005 0.008 0.000 0.007 0.002 0.007 0.102 0.868 
 414 H _   0.005 0.010 0.000 0.010 0.003 0.009 0.099 0.864 
 415 G _   0.005 0.012 0.000 0.014 0.004 0.010 0.096 0.858 
 416 A _   0.006 0.015 0.001 0.019 0.005 0.012 0.092 0.851 
 417 S _   0.006 0.017 0.001 0.023 0.006 0.013 0.089 0.845 
 418 W _   0.006 0.019 0.001 0.027 0.007 0.013 0.086 0.841 
 419 F _   0.006 0.020 0.001 0.028 0.007 0.014 0.083 0.841 
 420 K _   0.007 0.020 0.001 0.028 0.007 0.014 0.081 0.844 
 421 K _   0.007 0.018 0.001 0.025 0.007 0.014 0.079 0.850 
 422 A _   0.007 0.016 0.001 0.022 0.006 0.013 0.077 0.858 
 423 F _   0.008 0.012 0.001 0.017 0.005 0.013 0.076 0.868 
 424 E _   0.009 0.009 0.001 0.013 0.005 0.013 0.074 0.877 
 425 S _   0.010 0.006 0.000 0.009 0.004 0.014 0.073 0.884 
 426 E _   0.014 0.003 0.000 0.007 0.004 0.015 0.071 0.886 
 427 P _   0.019 0.002 0.000 0.005 0.004 0.016 0.070 0.884 
 428 T _   0.029 0.001 0.000 0.004 0.004 0.019 0.067 0.875 
 429 L _   0.045 0.000 0.001 0.003 0.005 0.024 0.065 0.858 
 430 Q _   0.067 0.000 0.001 0.003 0.008 0.030 0.062 0.829 
 431 S _   0.099 0.000 0.001 0.004 0.012 0.038 0.059 0.787 
 432 G _   0.139 0.001 0.001 0.005 0.021 0.047 0.055 0.730 
 433 I _   0.181 0.003 0.002 0.008 0.032 0.057 0.052 0.667 
 434 N _   0.221 0.006 0.002 0.011 0.044 0.064 0.049 0.603 
 435 Y _   0.253 0.011 0.003 0.016 0.054 0.069 0.046 0.549 
 436 A _   0.274 0.016 0.003 0.022 0.062 0.071 0.045 0.508 
 437 V _   0.286 0.020 0.003 0.027 0.064 0.070 0.044 0.486 
 438 L _   0.287 0.022 0.003 0.030 0.063 0.067 0.044 0.485 
 439 L _   0.278 0.022 0.003 0.029 0.058 0.062 0.044 0.504 
 440 L _   0.258 0.019 0.003 0.026 0.050 0.056 0.044 0.543 
 441 A _   0.231 0.015 0.002 0.021 0.040 0.049 0.045 0.597 
 442 A _   0.198 0.010 0.002 0.015 0.029 0.042 0.046 0.658 
 443 G _   0.163 0.005 0.001 0.010 0.020 0.035 0.047 0.719 
 444 H _   0.130 0.002 0.001 0.006 0.012 0.030 0.047 0.772 
 445 Q _   0.101 0.001 0.001 0.004 0.008 0.025 0.048 0.812 
 446 F _   0.080 0.000 0.001 0.003 0.006 0.022 0.048 0.841 
 447 E _   0.064 0.000 0.001 0.003 0.005 0.020 0.048 0.860 
 448 S _   0.054 0.000 0.000 0.003 0.004 0.020 0.048 0.871 
 449 S _   0.047 0.001 0.001 0.004 0.005 0.020 0.048 0.875 
 450 F _   0.044 0.001 0.001 0.005 0.006 0.021 0.047 0.875 
 451 E _   0.043 0.003 0.001 0.007 0.007 0.023 0.047 0.871 
 452 L _   0.042 0.005 0.001 0.009 0.009 0.025 0.046 0.864 
 453 R _   0.042 0.008 0.001 0.012 0.011 0.026 0.045 0.855 
 454 K _   0.043 0.012 0.001 0.016 0.013 0.028 0.044 0.844 
 455 V _   0.042 0.016 0.001 0.020 0.015 0.028 0.044 0.835 
 456 G _   0.041 0.019 0.001 0.024 0.016 0.028 0.043 0.827 
 457 V _   0.040 0.022 0.001 0.027 0.016 0.028 0.043 0.822 
 458 K _   0.039 0.024 0.001 0.030 0.016 0.026 0.043 0.821 
 459 L _   0.037 0.024 0.001 0.030 0.015 0.024 0.043 0.825 
 460 S _   0.033 0.023 0.001 0.029 0.013 0.022 0.043 0.836 
 461 S _   0.029 0.021 0.001 0.025 0.010 0.019 0.044 0.851 
 462 L _   0.024 0.017 0.001 0.021 0.008 0.016 0.044 0.869 
 463 L _   0.021 0.012 0.001 0.015 0.006 0.013 0.044 0.888 
 464 G _   0.018 0.007 0.001 0.010 0.004 0.010 0.044 0.906 
 465 K _   0.016 0.004 0.000 0.006 0.003 0.008 0.044 0.919 
 466 K _   0.015 0.002 0.000 0.004 0.002 0.007 0.043 0.928 
 467 G _   0.016 0.001 0.000 0.002 0.001 0.006 0.042 0.932 
 468 N _   0.020 0.000 0.000 0.002 0.001 0.006 0.040 0.931 
 469 L _   0.030 0.000 0.000 0.001 0.002 0.006 0.038 0.922 
 470 E _   0.052 0.000 0.000 0.001 0.002 0.008 0.035 0.901 
 471 K _   0.093 0.000 0.000 0.001 0.003 0.010 0.032 0.859 
 472 L _   0.160 0.000 0.001 0.002 0.005 0.014 0.028 0.790 
 473 Q _   0.255 0.000 0.001 0.002 0.009 0.019 0.023 0.692 
 474 S _   0.366 0.000 0.001 0.002 0.014 0.024 0.018 0.574 
 475 Y H   0.477 0.000 0.001 0.002 0.021 0.027 0.014 0.457 
 476 W H   0.571 0.000 0.002 0.002 0.027 0.029 0.011 0.357 
 477 E H   0.645 0.000 0.002 0.003 0.033 0.030 0.009 0.279 
 478 V H   0.700 0.000 0.002 0.003 0.036 0.029 0.007 0.223 
 479 G H   0.734 0.000 0.002 0.003 0.037 0.028 0.006 0.190 
 480 F H   0.752 0.000 0.002 0.003 0.037 0.026 0.006 0.174 
 481 F H   0.754 0.000 0.002 0.003 0.036 0.024 0.006 0.174 
 482 L H   0.742 0.000 0.002 0.003 0.034 0.022 0.006 0.190 
 483 G H   0.714 0.000 0.002 0.003 0.031 0.021 0.006 0.223 
 484 A H   0.666 0.000 0.002 0.003 0.027 0.020 0.007 0.275 
 485 S H   0.597 0.000 0.002 0.002 0.022 0.018 0.008 0.350 
 486 V H   0.518 0.000 0.001 0.002 0.016 0.017 0.009 0.436 
 487 L _   0.433 0.000 0.001 0.002 0.012 0.016 0.010 0.525 
 488 A _   0.352 0.000 0.001 0.002 0.009 0.016 0.012 0.608 
 489 N _   0.283 0.000 0.001 0.002 0.008 0.016 0.013 0.677 
 490 D _   0.228 0.000 0.001 0.002 0.007 0.017 0.014 0.731 
 491 H _   0.185 0.000 0.001 0.003 0.007 0.017 0.016 0.771 
 492 M _   0.152 0.000 0.001 0.005 0.008 0.018 0.017 0.800 
 493 R _   0.125 0.001 0.001 0.007 0.008 0.019 0.018 0.821 
 494 V _   0.102 0.001 0.001 0.009 0.009 0.020 0.019 0.839 
 495 I _   0.083 0.002 0.001 0.012 0.009 0.020 0.020 0.854 
 496 Q _   0.067 0.002 0.001 0.013 0.009 0.020 0.021 0.868 
 497 A _   0.054 0.002 0.001 0.013 0.008 0.019 0.021 0.882 
 498 S _   0.044 0.002 0.001 0.012 0.008 0.018 0.022 0.894 
 499 E _   0.037 0.002 0.001 0.011 0.007 0.017 0.022 0.905 
 500 K _   0.032 0.001 0.001 0.009 0.006 0.015 0.022 0.913 
 501 L _   0.029 0.001 0.001 0.007 0.005 0.015 0.023 0.920 
 502 F _   0.028 0.001 0.000 0.006 0.004 0.014 0.023 0.924 
 503 K _   0.030 0.001 0.000 0.005 0.004 0.014 0.023 0.924 
 504 L _   0.034 0.000 0.000 0.004 0.004 0.014 0.023 0.920 
 505 K _   0.041 0.000 0.000 0.004 0.004 0.015 0.022 0.913 
 506 T _   0.053 0.000 0.001 0.003 0.004 0.017 0.022 0.900 
 507 P _   0.070 0.000 0.001 0.003 0.005 0.019 0.021 0.881 
 508 A _   0.095 0.000 0.001 0.003 0.007 0.022 0.020 0.852 
 509 W _   0.130 0.000 0.001 0.003 0.008 0.026 0.019 0.812 
 510 Y _   0.174 0.000 0.001 0.003 0.011 0.030 0.018 0.762 
 511 L _   0.222 0.000 0.001 0.003 0.015 0.035 0.017 0.706 
 512 K _   0.275 0.000 0.001 0.004 0.021 0.039 0.017 0.643 
 513 S _   0.324 0.000 0.002 0.004 0.027 0.043 0.016 0.584 
 514 I _   0.369 0.000 0.002 0.005 0.032 0.046 0.016 0.531 
 515 V _   0.405 0.001 0.002 0.006 0.037 0.047 0.016 0.487 
 516 E _   0.430 0.001 0.002 0.007 0.040 0.048 0.016 0.457 
 517 T H   0.443 0.001 0.002 0.008 0.042 0.047 0.017 0.441 
 518 I H   0.446 0.001 0.002 0.008 0.041 0.045 0.017 0.438 
 519 L _   0.436 0.001 0.002 0.009 0.040 0.043 0.019 0.451 
 520 I _   0.415 0.001 0.002 0.008 0.036 0.040 0.020 0.477 
 521 Y _   0.383 0.001 0.002 0.008 0.032 0.037 0.022 0.515 
 522 K _   0.341 0.001 0.002 0.008 0.026 0.034 0.025 0.564 
 523 H _   0.294 0.001 0.002 0.007 0.021 0.030 0.027 0.619 
 524 F _   0.245 0.000 0.001 0.006 0.016 0.027 0.030 0.675 
 525 V _   0.196 0.000 0.001 0.006 0.012 0.024 0.032 0.729 
 526 K _   0.153 0.000 0.001 0.005 0.009 0.021 0.034 0.777 
 527 L _   0.118 0.000 0.001 0.004 0.007 0.019 0.036 0.815 
 528 T _   0.090 0.000 0.001 0.004 0.005 0.017 0.038 0.845 
 529 T _   0.070 0.000 0.001 0.004 0.004 0.016 0.039 0.867 
 530 E _   0.056 0.000 0.000 0.003 0.004 0.015 0.040 0.881 
 531 Q _   0.047 0.000 0.000 0.003 0.004 0.015 0.041 0.889 
 532 P _   0.043 0.000 0.000 0.003 0.004 0.016 0.041 0.892 
 533 V _   0.043 0.000 0.000 0.003 0.004 0.018 0.041 0.890 
 534 A _   0.047 0.000 0.001 0.003 0.005 0.020 0.041 0.884 
 535 K _   0.053 0.000 0.001 0.003 0.006 0.023 0.041 0.873 
 536 Q _   0.062 0.000 0.001 0.004 0.007 0.027 0.041 0.857 
 537 E _   0.075 0.000 0.001 0.005 0.010 0.032 0.040 0.837 
 538 L _   0.090 0.001 0.001 0.006 0.014 0.038 0.040 0.811 
 539 V _   0.107 0.001 0.001 0.007 0.019 0.043 0.039 0.781 
 540 D _   0.125 0.002 0.001 0.009 0.025 0.048 0.039 0.750 
 541 F _   0.142 0.004 0.002 0.012 0.031 0.052 0.039 0.718 
 542 W _   0.157 0.005 0.002 0.016 0.036 0.055 0.039 0.690 
 543 M _   0.167 0.006 0.002 0.019 0.039 0.056 0.040 0.670 
 544 D _   0.171 0.007 0.002 0.022 0.040 0.055 0.041 0.662 
 545 F _   0.171 0.007 0.002 0.022 0.037 0.052 0.042 0.666 
 546 L _   0.164 0.006 0.002 0.020 0.033 0.048 0.044 0.683 
 547 V _   0.154 0.005 0.002 0.016 0.027 0.043 0.046 0.708 
 548 E _   0.140 0.003 0.001 0.011 0.020 0.039 0.048 0.737 
 549 A _   0.126 0.002 0.001 0.007 0.015 0.034 0.049 0.766 
 550 T _   0.112 0.001 0.001 0.005 0.010 0.030 0.051 0.791 
 551 K _   0.098 0.000 0.001 0.003 0.008 0.028 0.052 0.811 
 552 T _   0.088 0.000 0.001 0.002 0.006 0.026 0.053 0.823 
 553 D _   0.082 0.000 0.001 0.002 0.006 0.026 0.054 0.828 
 554 V _   0.078 0.000 0.001 0.003 0.007 0.027 0.055 0.828 
 555 T _   0.077 0.001 0.001 0.004 0.008 0.029 0.056 0.823 
 556 V _   0.077 0.002 0.001 0.007 0.011 0.031 0.057 0.814 
 557 V _   0.075 0.005 0.001 0.010 0.014 0.033 0.059 0.803 
 558 R _   0.073 0.008 0.001 0.014 0.017 0.034 0.060 0.792 
 559 F _   0.070 0.012 0.001 0.019 0.019 0.035 0.061 0.782 
 560 P _   0.065 0.015 0.002 0.023 0.020 0.035 0.063 0.777 
 561 V _   0.059 0.018 0.002 0.025 0.020 0.034 0.065 0.778 
 562 L _   0.053 0.019 0.001 0.026 0.019 0.032 0.067 0.783 
 563 I _   0.046 0.020 0.001 0.025 0.018 0.030 0.069 0.792 
 564 L _   0.040 0.019 0.001 0.023 0.015 0.027 0.071 0.803 
 565 E _   0.034 0.018 0.001 0.021 0.013 0.024 0.074 0.815 
 566 P _   0.028 0.016 0.001 0.019 0.011 0.021 0.076 0.827 
 567 T _   0.023 0.015 0.001 0.016 0.009 0.019 0.079 0.839 
 568 K _   0.019 0.013 0.001 0.014 0.007 0.016 0.082 0.849 
 569 I _   0.016 0.011 0.001 0.012 0.006 0.014 0.084 0.858 
 570 Y _   0.013 0.009 0.001 0.010 0.005 0.012 0.086 0.865 
 571 Q _   0.011 0.008 0.000 0.009 0.004 0.010 0.088 0.871 
 572 P _   0.009 0.007 0.000 0.007 0.003 0.009 0.090 0.875 
 573 S _   0.008 0.006 0.000 0.006 0.003 0.008 0.091 0.879 
 574 Y _   0.007 0.005 0.000 0.005 0.002 0.007 0.092 0.880 
 575 L _   0.006 0.005 0.000 0.005 0.002 0.007 0.092 0.881 
 576 S _   0.006 0.006 0.000 0.005 0.002 0.008 0.093 0.880 
 577 I _   0.007 0.007 0.000 0.005 0.002 0.009 0.093 0.877 
 578 N _   0.007 0.009 0.000 0.006 0.003 0.010 0.093 0.872 
 579 N _   0.008 0.013 0.000 0.008 0.004 0.012 0.092 0.863 
 580 E _   0.010 0.019 0.001 0.010 0.005 0.014 0.091 0.850 
 581 V _   0.011 0.029 0.001 0.014 0.007 0.017 0.090 0.831 
 582 E _   0.013 0.043 0.001 0.019 0.009 0.020 0.089 0.806 
 583 E _   0.015 0.059 0.001 0.026 0.012 0.022 0.087 0.777 
 584 K _   0.015 0.076 0.001 0.034 0.014 0.024 0.086 0.749 
 585 T _   0.016 0.091 0.001 0.042 0.016 0.025 0.086 0.723 
 586 I _   0.017 0.101 0.001 0.049 0.017 0.025 0.086 0.704 
 587 S _   0.017 0.106 0.001 0.053 0.017 0.024 0.086 0.695 
 588 I _   0.016 0.107 0.001 0.054 0.016 0.023 0.088 0.695 
 589 W _   0.015 0.104 0.001 0.050 0.014 0.021 0.090 0.704 
 590 H _   0.014 0.096 0.001 0.043 0.012 0.018 0.093 0.723 
 591 V _   0.012 0.083 0.001 0.034 0.009 0.015 0.096 0.750 
 592 L _   0.011 0.065 0.001 0.024 0.007 0.013 0.099 0.781 
 593 P _   0.009 0.048 0.001 0.016 0.005 0.010 0.101 0.811 
 594 D _   0.008 0.033 0.000 0.010 0.003 0.008 0.103 0.834 
 595 D _   0.006 0.025 0.000 0.006 0.002 0.007 0.105 0.849 
 596 K _   0.005 0.020 0.000 0.004 0.002 0.006 0.105 0.857 
 597 K _   0.005 0.019 0.000 0.004 0.002 0.006 0.105 0.860 
 598 G _   0.005 0.019 0.000 0.004 0.002 0.006 0.105 0.859 
 599 I _   0.005 0.020 0.000 0.005 0.002 0.007 0.104 0.856 
 600 H _   0.005 0.024 0.000 0.007 0.003 0.009 0.102 0.850 
 601 E _   0.006 0.031 0.000 0.009 0.003 0.010 0.100 0.840 
 602 W _   0.006 0.040 0.001 0.012 0.004 0.012 0.098 0.826 
 603 N _   0.007 0.052 0.001 0.016 0.006 0.014 0.095 0.810 
 604 F _   0.007 0.064 0.001 0.020 0.007 0.017 0.092 0.793 
 605 S _   0.008 0.077 0.001 0.023 0.009 0.019 0.089 0.775 
 606 A _   0.009 0.088 0.001 0.027 0.010 0.021 0.086 0.758 
 607 S _   0.010 0.098 0.001 0.030 0.012 0.023 0.084 0.743 
 608 S _   0.011 0.105 0.001 0.032 0.013 0.025 0.082 0.730 
 609 V _   0.013 0.109 0.001 0.033 0.014 0.027 0.081 0.721 
 610 R _   0.014 0.111 0.001 0.033 0.014 0.029 0.080 0.717 
 611 G _   0.016 0.111 0.001 0.031 0.015 0.030 0.080 0.716 
 612 V _   0.018 0.108 0.001 0.027 0.014 0.031 0.080 0.719 
 613 S _   0.021 0.103 0.001 0.023 0.014 0.033 0.080 0.726 
 614 I _   0.023 0.098 0.001 0.019 0.013 0.034 0.080 0.732 
 615 S _   0.026 0.092 0.001 0.015 0.013 0.036 0.080 0.737 
 616 K _   0.029 0.088 0.001 0.013 0.014 0.037 0.081 0.737 
 617 F _   0.032 0.087 0.001 0.013 0.016 0.039 0.081 0.731 
 618 E _   0.035 0.087 0.001 0.015 0.018 0.041 0.081 0.721 
 619 E _   0.038 0.090 0.001 0.020 0.020 0.042 0.082 0.707 
 620 R _   0.039 0.094 0.001 0.026 0.023 0.042 0.083 0.692 
 621 C _   0.039 0.097 0.002 0.033 0.024 0.041 0.084 0.679 
 622 C _   0.038 0.098 0.002 0.039 0.024 0.038 0.086 0.674 
 623 F _   0.037 0.095 0.002 0.041 0.023 0.035 0.089 0.679 
 624 L _   0.034 0.087 0.002 0.038 0.020 0.032 0.092 0.695 
 625 Y _   0.030 0.074 0.002 0.032 0.016 0.028 0.095 0.724 
 626 V _   0.027 0.054 0.001 0.023 0.012 0.024 0.099 0.760 
 627 L _   0.024 0.033 0.001 0.014 0.008 0.020 0.103 0.797 
 628 H _   0.021 0.016 0.001 0.008 0.006 0.018 0.105 0.826 
 629 N _   0.019 0.006 0.000 0.004 0.004 0.017 0.108 0.842 
 630 S _   0.019 0.003 0.000 0.003 0.003 0.017 0.109 0.846 
 631 D _   0.021 0.002 0.000 0.002 0.003 0.018 0.110 0.843 
 632 D _   0.025 0.002 0.000 0.003 0.004 0.022 0.112 0.832 
 633 F _   0.031 0.004 0.001 0.005 0.007 0.026 0.113 0.815 
 634 Q _   0.037 0.007 0.001 0.009 0.011 0.032 0.114 0.790 
 635 I _   0.042 0.014 0.001 0.016 0.015 0.037 0.115 0.760 
 636 Y _   0.046 0.022 0.001 0.022 0.019 0.040 0.116 0.733 
 637 F _   0.048 0.029 0.002 0.027 0.022 0.042 0.117 0.714 
 638 C _   0.048 0.033 0.002 0.028 0.023 0.043 0.119 0.704 
 639 T _   0.048 0.035 0.002 0.027 0.022 0.043 0.121 0.702 
 640 E _   0.047 0.035 0.001 0.023 0.021 0.042 0.124 0.706 
 641 L _   0.045 0.035 0.001 0.019 0.019 0.041 0.126 0.713 
 642 H _   0.044 0.034 0.001 0.015 0.017 0.040 0.129 0.719 
 643 C _   0.043 0.033 0.001 0.013 0.016 0.039 0.132 0.722 
 644 K _   0.042 0.034 0.001 0.013 0.016 0.038 0.135 0.721 
 645 K _   0.042 0.037 0.001 0.014 0.016 0.037 0.138 0.714 
 646 F _   0.041 0.041 0.001 0.018 0.017 0.036 0.142 0.703 
 647 F _   0.040 0.046 0.001 0.024 0.017 0.035 0.146 0.690 
 648 E _   0.037 0.051 0.001 0.031 0.018 0.033 0.150 0.678 
 649 M _   0.035 0.055 0.001 0.036 0.017 0.030 0.156 0.670 
 650 V _   0.031 0.056 0.001 0.039 0.016 0.028 0.161 0.667 
 651 N _   0.027 0.055 0.001 0.039 0.014 0.024 0.168 0.671 
 652 T _   0.024 0.051 0.001 0.035 0.012 0.021 0.175 0.680 
 653 I _   0.020 0.045 0.001 0.030 0.009 0.018 0.183 0.694 
 654 T _   0.017 0.037 0.001 0.023 0.007 0.015 0.191 0.710 
 655 E _   0.014 0.027 0.001 0.016 0.005 0.012 0.198 0.727 
 656 E _   0.011 0.019 0.000 0.011 0.003 0.009 0.205 0.740 
 657 K _   0.009 0.012 0.000 0.008 0.002 0.008 0.210 0.750 
 658 G _   0.007 0.009 0.000 0.006 0.002 0.006 0.215 0.755 
 659 R _   0.006 0.006 0.000 0.005 0.001 0.005 0.218 0.758 
 660 S _   0.005 0.005 0.000 0.004 0.001 0.005 0.220 0.759 
 661 T _   0.005 0.005 0.000 0.004 0.001 0.005 0.221 0.759 
 662 E _   0.004 0.005 0.000 0.005 0.001 0.005 0.222 0.757 
 663 E _   0.004 0.005 0.000 0.006 0.002 0.005 0.222 0.756 
