#TopoPred_TM8: 8-state transmembrane topology prediction results by no_profile mode 
#probabilities are in the order of H E C I L F X _, the 8 transmembrane topology types used in PDBTM 
   1 M X   0.017 0.001 0.002 0.056 0.011 0.013 0.603 0.296 
   2 P X   0.006 0.001 0.000 0.036 0.002 0.008 0.617 0.330 
   3 A X   0.002 0.001 0.000 0.024 0.001 0.006 0.618 0.348 
   4 R X   0.002 0.001 0.000 0.020 0.001 0.007 0.612 0.356 
   5 I X   0.003 0.003 0.000 0.021 0.002 0.010 0.599 0.362 
   6 G X   0.005 0.005 0.000 0.023 0.004 0.013 0.581 0.369 
   7 Y X   0.007 0.009 0.001 0.026 0.005 0.016 0.561 0.376 
   8 Y X   0.008 0.014 0.001 0.030 0.006 0.017 0.539 0.386 
   9 E X   0.008 0.019 0.001 0.032 0.007 0.018 0.517 0.398 
  10 I X   0.008 0.024 0.001 0.033 0.008 0.017 0.495 0.416 
  11 D X   0.007 0.027 0.001 0.030 0.008 0.016 0.475 0.436 
  12 R _   0.006 0.028 0.001 0.026 0.007 0.015 0.457 0.459 
  13 T _   0.006 0.030 0.001 0.021 0.006 0.014 0.441 0.480 
  14 I _   0.006 0.030 0.001 0.017 0.006 0.014 0.427 0.499 
  15 G _   0.006 0.031 0.001 0.014 0.005 0.014 0.414 0.515 
  16 K _   0.006 0.032 0.001 0.012 0.005 0.014 0.402 0.528 
  17 G _   0.007 0.034 0.001 0.012 0.005 0.015 0.389 0.537 
  18 N _   0.007 0.038 0.001 0.012 0.006 0.016 0.376 0.544 
  19 F _   0.009 0.043 0.001 0.014 0.007 0.018 0.362 0.547 
  20 A _   0.010 0.049 0.001 0.016 0.008 0.020 0.349 0.548 
  21 V _   0.011 0.055 0.001 0.018 0.009 0.021 0.336 0.548 
  22 V _   0.012 0.062 0.001 0.020 0.010 0.023 0.323 0.548 
  23 K _   0.013 0.068 0.001 0.021 0.011 0.024 0.312 0.550 
  24 R _   0.014 0.073 0.001 0.021 0.012 0.026 0.301 0.552 
  25 A _   0.015 0.078 0.001 0.021 0.013 0.027 0.291 0.554 
  26 T _   0.017 0.081 0.001 0.021 0.013 0.028 0.282 0.558 
  27 H _   0.018 0.084 0.001 0.021 0.014 0.028 0.273 0.560 
  28 L _   0.020 0.087 0.001 0.021 0.015 0.029 0.266 0.562 
  29 V _   0.022 0.090 0.001 0.021 0.015 0.030 0.258 0.563 
  30 T _   0.023 0.093 0.001 0.022 0.016 0.030 0.252 0.563 
  31 K _   0.025 0.096 0.001 0.024 0.016 0.030 0.246 0.561 
  32 A _   0.025 0.099 0.001 0.027 0.017 0.029 0.241 0.561 
  33 K _   0.025 0.100 0.001 0.029 0.017 0.028 0.236 0.563 
  34 V _   0.025 0.100 0.001 0.031 0.016 0.027 0.233 0.567 
  35 A _   0.024 0.098 0.001 0.032 0.015 0.025 0.230 0.575 
  36 I _   0.023 0.093 0.001 0.032 0.013 0.022 0.228 0.588 
  37 K _   0.021 0.085 0.001 0.029 0.012 0.020 0.227 0.605 
  38 I _   0.019 0.074 0.001 0.026 0.010 0.017 0.226 0.628 
  39 I _   0.017 0.059 0.001 0.021 0.008 0.015 0.225 0.655 
  40 D _   0.014 0.042 0.001 0.016 0.006 0.012 0.224 0.685 
  41 K _   0.012 0.027 0.001 0.011 0.004 0.010 0.223 0.712 
  42 T _   0.009 0.014 0.000 0.007 0.003 0.008 0.222 0.736 
  43 Q _   0.008 0.007 0.000 0.005 0.002 0.007 0.219 0.752 
  44 L _   0.006 0.003 0.000 0.003 0.002 0.006 0.216 0.764 
  45 D _   0.006 0.001 0.000 0.002 0.001 0.006 0.212 0.771 
  46 E _   0.006 0.001 0.000 0.002 0.001 0.007 0.207 0.775 
  47 E _   0.008 0.000 0.000 0.002 0.002 0.009 0.201 0.777 
  48 N _   0.012 0.000 0.000 0.003 0.002 0.013 0.194 0.775 
  49 L _   0.019 0.000 0.000 0.004 0.004 0.018 0.185 0.769 
  50 K _   0.029 0.001 0.001 0.007 0.007 0.026 0.175 0.756 
  51 K _   0.042 0.002 0.001 0.010 0.011 0.035 0.163 0.736 
  52 I _   0.058 0.003 0.001 0.015 0.018 0.044 0.151 0.711 
  53 F _   0.076 0.004 0.002 0.019 0.025 0.053 0.138 0.683 
  54 R _   0.097 0.006 0.002 0.023 0.032 0.060 0.125 0.655 
  55 E _   0.119 0.007 0.002 0.025 0.038 0.065 0.114 0.630 
  56 V _   0.141 0.007 0.002 0.025 0.042 0.068 0.105 0.610 
  57 Q _   0.162 0.007 0.002 0.023 0.043 0.069 0.097 0.597 
  58 I _   0.181 0.006 0.002 0.019 0.042 0.068 0.090 0.591 
  59 M _   0.198 0.005 0.002 0.016 0.039 0.066 0.084 0.591 
  60 K _   0.210 0.003 0.002 0.012 0.035 0.062 0.079 0.597 
  61 M _   0.219 0.002 0.002 0.009 0.030 0.059 0.074 0.606 
  62 L _   0.224 0.001 0.002 0.006 0.025 0.055 0.071 0.616 
  63 C _   0.226 0.001 0.001 0.005 0.021 0.051 0.068 0.627 
  64 H _   0.227 0.000 0.001 0.004 0.018 0.048 0.065 0.637 
  65 P _   0.227 0.000 0.001 0.004 0.016 0.045 0.063 0.644 
  66 H _   0.229 0.000 0.001 0.004 0.015 0.043 0.060 0.648 
  67 I _   0.229 0.000 0.001 0.004 0.014 0.042 0.058 0.650 
  68 I _   0.230 0.000 0.001 0.004 0.014 0.041 0.057 0.652 
  69 R _   0.229 0.000 0.001 0.004 0.015 0.041 0.055 0.654 
  70 L _   0.226 0.000 0.001 0.005 0.015 0.041 0.054 0.658 
  71 Y _   0.221 0.000 0.001 0.005 0.016 0.040 0.053 0.664 
  72 Q _   0.214 0.000 0.001 0.005 0.016 0.040 0.052 0.672 
  73 V _   0.205 0.000 0.001 0.005 0.017 0.040 0.051 0.680 
  74 M _   0.195 0.000 0.001 0.005 0.017 0.040 0.050 0.690 
  75 E _   0.185 0.001 0.001 0.006 0.018 0.040 0.049 0.700 
  76 T _   0.175 0.001 0.001 0.007 0.018 0.040 0.049 0.709 
  77 E _   0.163 0.001 0.001 0.008 0.019 0.040 0.049 0.720 
  78 R _   0.150 0.001 0.001 0.009 0.019 0.039 0.049 0.731 
  79 M _   0.136 0.002 0.001 0.011 0.019 0.038 0.049 0.745 
  80 I _   0.121 0.002 0.001 0.012 0.018 0.036 0.049 0.761 
  81 Y _   0.106 0.002 0.001 0.012 0.017 0.034 0.049 0.779 
  82 L _   0.090 0.002 0.001 0.012 0.015 0.031 0.049 0.799 
  83 V _   0.077 0.002 0.001 0.011 0.013 0.029 0.050 0.819 
  84 T _   0.065 0.002 0.001 0.009 0.010 0.026 0.050 0.837 
  85 E _   0.054 0.001 0.001 0.008 0.008 0.024 0.050 0.853 
  86 Y _   0.046 0.001 0.001 0.006 0.007 0.022 0.050 0.867 
  87 A _   0.039 0.001 0.001 0.005 0.006 0.021 0.050 0.877 
  88 S _   0.035 0.001 0.001 0.005 0.006 0.021 0.050 0.882 
  89 G _   0.033 0.002 0.001 0.005 0.006 0.021 0.049 0.884 
  90 G _   0.032 0.003 0.001 0.006 0.007 0.022 0.049 0.881 
  91 E _   0.033 0.004 0.001 0.007 0.008 0.024 0.048 0.875 
  92 I _   0.034 0.008 0.001 0.010 0.010 0.026 0.047 0.864 
  93 F _   0.034 0.012 0.001 0.015 0.013 0.027 0.047 0.851 
  94 D _   0.034 0.017 0.001 0.020 0.015 0.028 0.046 0.838 
  95 H _   0.034 0.022 0.001 0.025 0.017 0.029 0.045 0.827 
  96 L _   0.033 0.025 0.001 0.029 0.017 0.028 0.045 0.821 
  97 V _   0.031 0.027 0.001 0.032 0.017 0.027 0.045 0.819 
  98 A _   0.029 0.028 0.001 0.032 0.016 0.026 0.045 0.824 
  99 H _   0.027 0.027 0.001 0.030 0.014 0.023 0.045 0.833 
 100 G _   0.024 0.024 0.001 0.026 0.011 0.021 0.046 0.847 
 101 R _   0.022 0.019 0.001 0.021 0.009 0.018 0.046 0.863 
 102 M _   0.020 0.014 0.001 0.015 0.007 0.016 0.047 0.880 
 103 A _   0.018 0.009 0.001 0.011 0.005 0.014 0.047 0.896 
 104 E _   0.018 0.005 0.000 0.007 0.004 0.012 0.047 0.908 
 105 K _   0.018 0.002 0.000 0.004 0.003 0.011 0.046 0.914 
 106 E _   0.021 0.001 0.000 0.003 0.002 0.011 0.046 0.916 
 107 A _   0.026 0.000 0.000 0.002 0.002 0.012 0.045 0.911 
 108 R _   0.037 0.000 0.000 0.002 0.003 0.014 0.044 0.900 
 109 R _   0.056 0.000 0.000 0.002 0.004 0.018 0.042 0.878 
 110 K _   0.084 0.000 0.001 0.002 0.006 0.023 0.040 0.844 
 111 F _   0.125 0.000 0.001 0.003 0.009 0.030 0.038 0.794 
 112 K _   0.173 0.000 0.001 0.004 0.016 0.039 0.036 0.732 
 113 Q _   0.226 0.000 0.001 0.005 0.024 0.047 0.033 0.662 
 114 I _   0.278 0.001 0.002 0.007 0.035 0.054 0.031 0.592 
 115 V _   0.323 0.002 0.002 0.008 0.045 0.060 0.030 0.531 
 116 T _   0.358 0.003 0.002 0.010 0.053 0.063 0.029 0.482 
 117 A _   0.381 0.004 0.003 0.012 0.058 0.064 0.028 0.450 
 118 V _   0.391 0.006 0.003 0.014 0.061 0.063 0.028 0.435 
 119 Y _   0.389 0.006 0.003 0.015 0.061 0.060 0.029 0.437 
 120 F _   0.375 0.007 0.003 0.015 0.058 0.057 0.030 0.455 
 121 C _   0.351 0.006 0.003 0.016 0.053 0.053 0.031 0.488 
 122 H _   0.317 0.006 0.003 0.015 0.045 0.048 0.033 0.534 
 123 C _   0.275 0.005 0.002 0.014 0.036 0.043 0.035 0.590 
 124 R _   0.228 0.004 0.002 0.013 0.027 0.037 0.037 0.651 
 125 N _   0.181 0.003 0.002 0.012 0.020 0.032 0.039 0.712 
 126 I _   0.138 0.003 0.001 0.010 0.014 0.027 0.041 0.766 
 127 V _   0.102 0.002 0.001 0.009 0.010 0.022 0.043 0.811 
 128 H _   0.072 0.002 0.001 0.008 0.007 0.018 0.045 0.847 
 129 R _   0.050 0.002 0.001 0.007 0.005 0.016 0.046 0.874 
 130 D _   0.035 0.002 0.001 0.006 0.004 0.013 0.046 0.892 
 131 L _   0.025 0.002 0.000 0.006 0.004 0.012 0.047 0.904 
 132 K _   0.018 0.003 0.000 0.006 0.003 0.011 0.047 0.912 
 133 A _   0.014 0.004 0.000 0.006 0.003 0.010 0.047 0.916 
 134 E _   0.011 0.005 0.000 0.007 0.003 0.010 0.047 0.918 
 135 N _   0.010 0.006 0.000 0.007 0.003 0.009 0.046 0.917 
 136 L _   0.009 0.009 0.000 0.008 0.003 0.010 0.046 0.915 
 137 L _   0.009 0.012 0.000 0.009 0.004 0.010 0.045 0.912 
 138 L _   0.009 0.015 0.000 0.009 0.004 0.011 0.044 0.907 
 139 D _   0.009 0.020 0.001 0.010 0.004 0.011 0.044 0.901 
 140 A _   0.009 0.025 0.001 0.012 0.005 0.012 0.043 0.894 
 141 N _   0.010 0.031 0.001 0.013 0.006 0.013 0.042 0.885 
 142 L _   0.010 0.038 0.001 0.015 0.006 0.015 0.041 0.874 
 143 N _   0.011 0.046 0.001 0.016 0.007 0.016 0.040 0.863 
 144 I _   0.012 0.054 0.001 0.018 0.008 0.017 0.039 0.851 
 145 K _   0.013 0.061 0.001 0.020 0.009 0.018 0.039 0.840 
 146 I _   0.014 0.067 0.001 0.021 0.009 0.018 0.038 0.833 
 147 A _   0.014 0.072 0.001 0.020 0.009 0.018 0.038 0.828 
 148 D _   0.014 0.075 0.001 0.020 0.008 0.018 0.037 0.827 
 149 F _   0.014 0.077 0.001 0.018 0.008 0.018 0.037 0.827 
 150 G _   0.014 0.079 0.001 0.016 0.008 0.018 0.037 0.828 
 151 F _   0.014 0.080 0.001 0.015 0.007 0.018 0.037 0.829 
 152 S _   0.014 0.081 0.001 0.014 0.007 0.019 0.036 0.828 
 153 N _   0.014 0.084 0.001 0.014 0.008 0.019 0.036 0.824 
 154 L _   0.014 0.088 0.001 0.016 0.008 0.020 0.036 0.818 
 155 F _   0.014 0.092 0.001 0.019 0.009 0.020 0.036 0.809 
 156 T _   0.015 0.098 0.001 0.023 0.010 0.020 0.036 0.798 
 157 P _   0.015 0.104 0.001 0.027 0.011 0.021 0.036 0.786 
 158 G _   0.015 0.108 0.001 0.032 0.012 0.020 0.036 0.776 
 159 Q _   0.015 0.109 0.001 0.035 0.012 0.020 0.036 0.771 
 160 L _   0.015 0.108 0.001 0.036 0.012 0.019 0.037 0.773 
 161 L _   0.014 0.103 0.001 0.035 0.011 0.017 0.038 0.781 
 162 K _   0.013 0.095 0.001 0.031 0.010 0.015 0.039 0.797 
 163 T _   0.012 0.081 0.001 0.026 0.008 0.014 0.040 0.819 
 164 W _   0.011 0.065 0.001 0.020 0.006 0.012 0.042 0.844 
 165 C _   0.010 0.049 0.001 0.014 0.005 0.010 0.043 0.868 
 166 G _   0.008 0.036 0.000 0.010 0.004 0.009 0.044 0.888 
 167 S _   0.007 0.027 0.000 0.008 0.003 0.008 0.045 0.902 
 168 P _   0.007 0.021 0.000 0.007 0.002 0.007 0.045 0.910 
 169 P _   0.006 0.018 0.000 0.007 0.002 0.007 0.045 0.914 
 170 Y _   0.006 0.017 0.000 0.008 0.002 0.008 0.045 0.914 
 171 A _   0.007 0.016 0.000 0.010 0.003 0.008 0.045 0.911 
 172 A _   0.007 0.016 0.000 0.013 0.003 0.009 0.044 0.907 
 173 P _   0.007 0.017 0.000 0.016 0.004 0.009 0.044 0.904 
 174 E _   0.007 0.017 0.001 0.018 0.004 0.009 0.043 0.901 
 175 L _   0.007 0.016 0.001 0.019 0.004 0.009 0.042 0.902 
 176 F _   0.007 0.014 0.001 0.018 0.004 0.008 0.042 0.907 
 177 E _   0.006 0.012 0.000 0.015 0.004 0.008 0.041 0.915 
 178 G _   0.006 0.008 0.000 0.011 0.003 0.006 0.040 0.924 
 179 K _   0.006 0.005 0.000 0.008 0.002 0.005 0.039 0.934 
 180 E _   0.007 0.002 0.000 0.005 0.002 0.005 0.038 0.941 
 181 Y _   0.009 0.001 0.000 0.003 0.001 0.004 0.037 0.944 
 182 D _   0.015 0.000 0.000 0.002 0.001 0.004 0.035 0.942 
 183 G _   0.030 0.000 0.000 0.002 0.002 0.005 0.032 0.929 
 184 P _   0.062 0.000 0.000 0.001 0.002 0.006 0.029 0.898 
 185 K _   0.126 0.000 0.001 0.001 0.004 0.008 0.025 0.835 
 186 V _   0.229 0.000 0.001 0.001 0.006 0.011 0.020 0.733 
 187 D _   0.366 0.000 0.001 0.001 0.008 0.013 0.014 0.596 
 188 I H   0.514 0.000 0.001 0.001 0.011 0.015 0.010 0.448 
 189 W H   0.645 0.000 0.001 0.001 0.013 0.015 0.006 0.318 
 190 S H   0.747 0.000 0.001 0.001 0.015 0.014 0.004 0.217 
 191 L H   0.820 0.000 0.001 0.001 0.017 0.013 0.002 0.146 
 192 G H   0.869 0.000 0.001 0.001 0.017 0.011 0.002 0.099 
 193 V H   0.900 0.000 0.001 0.001 0.017 0.010 0.001 0.071 
 194 V H   0.916 0.000 0.001 0.001 0.017 0.008 0.001 0.056 
 195 L H   0.921 0.000 0.001 0.000 0.017 0.008 0.001 0.052 
 196 Y H   0.918 0.000 0.001 0.000 0.017 0.007 0.001 0.055 
 197 V H   0.906 0.000 0.001 0.001 0.018 0.007 0.001 0.066 
 198 L H   0.881 0.000 0.001 0.001 0.018 0.007 0.002 0.090 
 199 V H   0.839 0.000 0.001 0.001 0.019 0.008 0.002 0.130 
 200 C H   0.774 0.000 0.002 0.001 0.019 0.009 0.003 0.192 
 201 G H   0.688 0.000 0.002 0.002 0.018 0.010 0.005 0.276 
 202 A H   0.585 0.000 0.002 0.002 0.015 0.010 0.007 0.379 
 203 L _   0.468 0.000 0.001 0.002 0.012 0.011 0.011 0.495 
 204 P _   0.352 0.000 0.001 0.002 0.009 0.010 0.014 0.611 
 205 F _   0.250 0.000 0.001 0.002 0.007 0.010 0.017 0.713 
 206 D _   0.169 0.000 0.001 0.002 0.005 0.010 0.019 0.794 
 207 G _   0.111 0.000 0.001 0.002 0.004 0.009 0.022 0.851 
 208 S _   0.074 0.000 0.000 0.002 0.003 0.010 0.023 0.887 
 209 T _   0.052 0.000 0.000 0.003 0.003 0.010 0.025 0.906 
 210 L _   0.038 0.000 0.000 0.004 0.003 0.011 0.026 0.917 
 211 Q _   0.030 0.001 0.000 0.005 0.004 0.013 0.027 0.920 
 212 N _   0.025 0.002 0.001 0.007 0.005 0.015 0.027 0.918 
 213 L _   0.022 0.003 0.001 0.010 0.006 0.017 0.028 0.913 
 214 R _   0.021 0.004 0.001 0.013 0.007 0.018 0.029 0.907 
 215 A _   0.020 0.006 0.001 0.015 0.008 0.020 0.029 0.901 
 216 R _   0.020 0.007 0.001 0.015 0.009 0.022 0.030 0.897 
 217 V _   0.020 0.007 0.001 0.016 0.010 0.023 0.030 0.893 
 218 L _   0.021 0.007 0.001 0.015 0.010 0.024 0.031 0.890 
 219 S _   0.022 0.007 0.001 0.014 0.010 0.026 0.031 0.888 
 220 G _   0.024 0.007 0.001 0.013 0.011 0.028 0.032 0.883 
 221 K _   0.027 0.007 0.001 0.013 0.011 0.029 0.033 0.878 
 222 F _   0.030 0.007 0.001 0.013 0.012 0.031 0.034 0.872 
 223 R _   0.033 0.007 0.001 0.013 0.013 0.032 0.035 0.866 
 224 I _   0.036 0.007 0.001 0.013 0.013 0.034 0.036 0.860 
 225 P _   0.039 0.007 0.001 0.013 0.013 0.035 0.037 0.854 
 226 F _   0.043 0.007 0.001 0.012 0.013 0.036 0.038 0.849 
 227 F _   0.046 0.007 0.001 0.011 0.014 0.038 0.039 0.844 
 228 M _   0.050 0.006 0.001 0.010 0.014 0.039 0.040 0.840 
 229 S _   0.055 0.006 0.001 0.009 0.014 0.040 0.041 0.833 
 230 T _   0.060 0.007 0.001 0.008 0.015 0.042 0.043 0.825 
 231 E _   0.065 0.008 0.001 0.009 0.017 0.044 0.044 0.813 
 232 C _   0.071 0.010 0.001 0.010 0.020 0.046 0.045 0.797 
 233 E _   0.076 0.013 0.002 0.014 0.024 0.047 0.047 0.777 
 234 H _   0.081 0.018 0.002 0.019 0.028 0.048 0.048 0.756 
 235 L _   0.084 0.023 0.002 0.026 0.030 0.047 0.051 0.737 
 236 I _   0.083 0.028 0.002 0.032 0.031 0.046 0.054 0.724 
 237 R _   0.079 0.030 0.002 0.037 0.030 0.042 0.057 0.723 
 238 H _   0.072 0.030 0.002 0.038 0.027 0.038 0.061 0.732 
 239 M _   0.063 0.028 0.002 0.035 0.022 0.033 0.065 0.752 
 240 L _   0.053 0.024 0.001 0.028 0.017 0.028 0.070 0.780 
 241 V _   0.043 0.017 0.001 0.019 0.011 0.023 0.074 0.811 
 242 L _   0.034 0.011 0.001 0.012 0.007 0.018 0.078 0.840 
 243 D _   0.025 0.006 0.001 0.007 0.005 0.015 0.080 0.862 
 244 P _   0.019 0.003 0.000 0.004 0.003 0.012 0.082 0.875 
 245 N _   0.016 0.003 0.000 0.003 0.002 0.011 0.084 0.882 
 246 K _   0.013 0.003 0.000 0.003 0.002 0.011 0.085 0.883 
 247 R _   0.013 0.003 0.000 0.004 0.003 0.012 0.086 0.879 
 248 L _   0.013 0.006 0.000 0.006 0.004 0.013 0.087 0.871 
 249 S _   0.014 0.012 0.001 0.009 0.005 0.015 0.087 0.857 
 250 M _   0.014 0.022 0.001 0.015 0.007 0.017 0.087 0.836 
 251 E _   0.014 0.034 0.001 0.023 0.009 0.018 0.087 0.813 
 252 Q _   0.014 0.046 0.001 0.030 0.011 0.019 0.087 0.792 
 253 I _   0.014 0.054 0.001 0.036 0.012 0.019 0.087 0.777 
 254 C _   0.013 0.060 0.001 0.039 0.012 0.019 0.088 0.768 
 255 K _   0.012 0.062 0.001 0.040 0.012 0.018 0.090 0.765 
 256 H _   0.012 0.062 0.001 0.038 0.011 0.017 0.091 0.768 
 257 K _   0.011 0.059 0.001 0.035 0.009 0.015 0.094 0.776 
 258 W _   0.011 0.053 0.001 0.029 0.008 0.014 0.097 0.788 
 259 M _   0.010 0.045 0.001 0.023 0.006 0.012 0.101 0.802 
 260 K _   0.009 0.036 0.001 0.017 0.005 0.010 0.104 0.818 
 261 L _   0.008 0.028 0.000 0.012 0.003 0.009 0.107 0.833 
 262 G _   0.007 0.021 0.000 0.007 0.003 0.007 0.109 0.845 
 263 D _   0.007 0.016 0.000 0.005 0.002 0.007 0.111 0.852 
 264 A _   0.006 0.014 0.000 0.004 0.002 0.006 0.112 0.856 
 265 D _   0.006 0.013 0.000 0.003 0.002 0.007 0.113 0.856 
 266 P _   0.007 0.014 0.000 0.004 0.002 0.008 0.113 0.852 
 267 N _   0.008 0.018 0.000 0.006 0.003 0.010 0.112 0.842 
 268 F _   0.009 0.028 0.001 0.010 0.005 0.013 0.111 0.823 
 269 D _   0.011 0.045 0.001 0.017 0.007 0.016 0.110 0.793 
 270 R _   0.012 0.070 0.001 0.027 0.010 0.019 0.108 0.754 
 271 L _   0.013 0.095 0.001 0.038 0.012 0.021 0.106 0.715 
 272 I _   0.012 0.115 0.001 0.047 0.013 0.021 0.105 0.685 
 273 A _   0.012 0.126 0.001 0.054 0.014 0.021 0.104 0.668 
 274 E _   0.011 0.132 0.001 0.056 0.013 0.020 0.104 0.662 
 275 C _   0.011 0.132 0.001 0.054 0.013 0.019 0.105 0.665 
 276 Q _   0.010 0.127 0.001 0.049 0.011 0.017 0.107 0.677 
 277 Q _   0.010 0.118 0.001 0.042 0.010 0.015 0.109 0.696 
 278 L _   0.009 0.102 0.001 0.033 0.008 0.014 0.112 0.721 
 279 K _   0.009 0.082 0.001 0.025 0.006 0.012 0.116 0.750 
 280 E _   0.008 0.061 0.001 0.017 0.005 0.010 0.119 0.779 
 281 E _   0.008 0.044 0.000 0.011 0.003 0.009 0.122 0.803 
 282 R _   0.007 0.032 0.000 0.007 0.002 0.007 0.124 0.820 
 283 Q _   0.006 0.026 0.000 0.005 0.002 0.007 0.125 0.830 
 284 V _   0.005 0.023 0.000 0.004 0.002 0.007 0.126 0.834 
 285 D _   0.005 0.022 0.000 0.003 0.002 0.007 0.125 0.835 
 286 P _   0.006 0.024 0.000 0.004 0.002 0.009 0.124 0.831 
 287 L _   0.008 0.028 0.000 0.007 0.003 0.011 0.123 0.820 
 288 N _   0.009 0.040 0.001 0.011 0.005 0.014 0.121 0.799 
 289 E _   0.011 0.059 0.001 0.019 0.008 0.018 0.118 0.766 
 290 D _   0.013 0.086 0.001 0.029 0.011 0.020 0.115 0.725 
 291 V _   0.013 0.110 0.001 0.040 0.013 0.022 0.112 0.687 
 292 L _   0.014 0.128 0.001 0.049 0.015 0.023 0.110 0.661 
 293 L _   0.013 0.137 0.001 0.054 0.015 0.023 0.109 0.648 
 294 A _   0.013 0.140 0.001 0.054 0.014 0.022 0.108 0.647 
 295 M _   0.012 0.137 0.001 0.050 0.013 0.020 0.109 0.657 
 296 E _   0.012 0.129 0.001 0.042 0.011 0.018 0.110 0.676 
 297 D _   0.011 0.115 0.001 0.033 0.009 0.016 0.111 0.703 
 298 M _   0.010 0.097 0.001 0.024 0.007 0.015 0.113 0.733 
 299 G _   0.010 0.078 0.001 0.017 0.006 0.013 0.116 0.761 
 300 L _   0.009 0.062 0.001 0.012 0.005 0.012 0.117 0.782 
 301 D _   0.009 0.051 0.000 0.009 0.004 0.011 0.119 0.796 
 302 K _   0.008 0.045 0.000 0.008 0.003 0.011 0.120 0.804 
 303 E _   0.008 0.041 0.000 0.009 0.003 0.011 0.121 0.807 
 304 Q _   0.008 0.039 0.000 0.009 0.004 0.011 0.121 0.807 
 305 T _   0.008 0.038 0.000 0.011 0.004 0.011 0.121 0.807 
 306 L _   0.008 0.037 0.000 0.011 0.004 0.011 0.122 0.807 
 307 Q _   0.007 0.036 0.000 0.012 0.004 0.011 0.122 0.808 
 308 S _   0.007 0.035 0.000 0.011 0.004 0.011 0.122 0.810 
 309 L _   0.007 0.034 0.000 0.010 0.004 0.011 0.121 0.813 
 310 R _   0.007 0.032 0.000 0.009 0.003 0.011 0.121 0.816 
 311 S _   0.007 0.032 0.000 0.007 0.003 0.012 0.121 0.818 
 312 D _   0.008 0.032 0.000 0.007 0.003 0.013 0.120 0.816 
 313 A _   0.010 0.034 0.000 0.007 0.004 0.016 0.119 0.810 
 314 Y _   0.014 0.038 0.001 0.008 0.006 0.019 0.118 0.797 
 315 D _   0.018 0.047 0.001 0.012 0.009 0.023 0.116 0.774 
 316 H _   0.022 0.063 0.001 0.018 0.014 0.028 0.115 0.739 
 317 Y _   0.027 0.087 0.002 0.027 0.020 0.033 0.113 0.692 
 318 S _   0.031 0.114 0.002 0.040 0.024 0.036 0.111 0.642 
 319 A _   0.034 0.136 0.002 0.052 0.027 0.037 0.110 0.602 
 320 I _   0.035 0.149 0.002 0.061 0.028 0.037 0.110 0.578 
 321 Y _   0.035 0.154 0.002 0.065 0.027 0.035 0.111 0.570 
 322 S _   0.033 0.153 0.002 0.063 0.025 0.032 0.114 0.578 
 323 L _   0.031 0.144 0.002 0.057 0.021 0.029 0.117 0.601 
 324 L _   0.027 0.125 0.002 0.045 0.017 0.025 0.120 0.639 
 325 C _   0.024 0.096 0.001 0.032 0.012 0.020 0.125 0.690 
 326 D _   0.020 0.062 0.001 0.020 0.009 0.017 0.129 0.743 
 327 R _   0.016 0.034 0.001 0.011 0.006 0.013 0.132 0.786 
 328 H _   0.013 0.018 0.000 0.006 0.003 0.011 0.135 0.813 
 329 K _   0.010 0.011 0.000 0.004 0.002 0.009 0.136 0.827 
 330 R _   0.009 0.008 0.000 0.003 0.002 0.008 0.137 0.832 
 331 H _   0.008 0.008 0.000 0.003 0.002 0.008 0.138 0.832 
 332 K _   0.008 0.008 0.000 0.005 0.002 0.009 0.138 0.830 
 333 T _   0.008 0.010 0.000 0.007 0.003 0.010 0.138 0.824 
 334 L _   0.009 0.012 0.000 0.010 0.004 0.011 0.137 0.817 
 335 R _   0.009 0.016 0.001 0.012 0.005 0.012 0.136 0.810 
 336 L _   0.009 0.019 0.001 0.014 0.005 0.012 0.135 0.805 
 337 G _   0.009 0.021 0.001 0.015 0.005 0.012 0.135 0.803 
 338 A _   0.009 0.023 0.001 0.015 0.005 0.012 0.134 0.802 
 339 L _   0.008 0.024 0.001 0.014 0.005 0.012 0.133 0.803 
 340 P _   0.009 0.025 0.001 0.013 0.005 0.012 0.133 0.803 
 341 S _   0.009 0.026 0.001 0.012 0.005 0.013 0.133 0.802 
 342 M _   0.010 0.027 0.001 0.012 0.006 0.013 0.133 0.799 
 343 P _   0.010 0.029 0.001 0.013 0.006 0.014 0.133 0.794 
 344 R _   0.011 0.031 0.001 0.015 0.007 0.015 0.133 0.788 
 345 A _   0.012 0.033 0.001 0.017 0.007 0.015 0.134 0.781 
 346 L _   0.012 0.035 0.001 0.019 0.008 0.016 0.134 0.776 
 347 A _   0.012 0.036 0.001 0.020 0.008 0.015 0.135 0.773 
 348 F _   0.012 0.036 0.001 0.019 0.008 0.015 0.136 0.774 
 349 Q _   0.011 0.035 0.001 0.018 0.007 0.014 0.137 0.777 
 350 A _   0.010 0.034 0.001 0.016 0.006 0.014 0.138 0.781 
 351 P _   0.010 0.032 0.001 0.013 0.006 0.013 0.140 0.786 
 352 V _   0.009 0.030 0.001 0.012 0.005 0.013 0.141 0.790 
 353 N _   0.009 0.029 0.001 0.010 0.005 0.013 0.142 0.791 
 354 I _   0.010 0.028 0.001 0.009 0.005 0.013 0.144 0.791 
 355 Q _   0.010 0.028 0.001 0.009 0.005 0.014 0.145 0.788 
 356 A _   0.011 0.028 0.001 0.010 0.005 0.015 0.147 0.784 
 357 E _   0.012 0.029 0.001 0.010 0.006 0.016 0.148 0.778 
 358 Q _   0.013 0.031 0.001 0.011 0.007 0.017 0.149 0.771 
 359 A _   0.015 0.033 0.001 0.013 0.008 0.019 0.151 0.762 
 360 G _   0.016 0.035 0.001 0.014 0.009 0.020 0.153 0.752 
 361 T _   0.018 0.038 0.001 0.016 0.010 0.021 0.155 0.742 
 362 A _   0.020 0.041 0.001 0.018 0.011 0.022 0.157 0.731 
 363 M _   0.021 0.043 0.001 0.020 0.012 0.023 0.160 0.720 
 364 N _   0.022 0.045 0.001 0.022 0.013 0.024 0.163 0.710 
 365 I _   0.023 0.047 0.001 0.024 0.014 0.024 0.167 0.702 
 366 S _   0.023 0.047 0.001 0.025 0.014 0.023 0.172 0.696 
 367 V _   0.023 0.047 0.001 0.026 0.013 0.022 0.177 0.692 
 368 P _   0.022 0.045 0.001 0.026 0.012 0.021 0.183 0.690 
 369 Q _   0.021 0.042 0.001 0.024 0.011 0.019 0.190 0.692 
 370 V _   0.019 0.038 0.001 0.021 0.009 0.017 0.197 0.697 
 371 Q _   0.017 0.033 0.001 0.018 0.008 0.015 0.204 0.704 
 372 L _   0.015 0.027 0.001 0.015 0.006 0.013 0.212 0.712 
 373 I _   0.013 0.021 0.001 0.012 0.005 0.011 0.218 0.720 
 374 N _   0.011 0.017 0.000 0.009 0.004 0.010 0.224 0.725 
 375 P _   0.009 0.013 0.000 0.007 0.003 0.009 0.229 0.728 
 376 E _   0.008 0.011 0.000 0.007 0.003 0.008 0.234 0.729 
 377 N _   0.008 0.010 0.000 0.007 0.002 0.008 0.238 0.727 
 378 Q _   0.007 0.009 0.000 0.007 0.002 0.008 0.242 0.724 
 379 I _   0.007 0.009 0.000 0.008 0.003 0.008 0.246 0.719 
 380 V _   0.007 0.009 0.000 0.010 0.003 0.008 0.249 0.714 
 381 E _   0.007 0.009 0.000 0.011 0.003 0.008 0.252 0.709 
 382 P _   0.007 0.009 0.000 0.012 0.003 0.008 0.256 0.705 
 383 D _   0.006 0.009 0.000 0.013 0.003 0.007 0.259 0.702 
 384 G _   0.006 0.008 0.000 0.012 0.003 0.007 0.262 0.701 
 385 T _   0.006 0.008 0.000 0.011 0.002 0.007 0.265 0.701 
 386 L _   0.006 0.007 0.000 0.009 0.002 0.006 0.267 0.703 
 387 N _   0.005 0.006 0.000 0.008 0.002 0.005 0.269 0.705 
 388 L _   0.005 0.005 0.000 0.006 0.001 0.005 0.271 0.708 
 389 D _   0.004 0.004 0.000 0.004 0.001 0.004 0.271 0.711 
 390 S _   0.004 0.004 0.000 0.004 0.001 0.004 0.270 0.714 
 391 D _   0.003 0.004 0.000 0.003 0.001 0.004 0.268 0.716 
 392 E _   0.003 0.005 0.000 0.003 0.001 0.004 0.265 0.718 
 393 G _   0.003 0.006 0.000 0.003 0.001 0.006 0.261 0.719 
 394 E _   0.004 0.010 0.000 0.005 0.002 0.008 0.255 0.717 
 395 E _   0.005 0.020 0.000 0.007 0.003 0.011 0.246 0.708 
 396 P _   0.007 0.040 0.001 0.013 0.005 0.015 0.233 0.686 
 397 S _   0.009 0.081 0.001 0.020 0.009 0.021 0.216 0.643 
 398 P _   0.011 0.150 0.002 0.031 0.014 0.026 0.194 0.572 
 399 E _   0.012 0.243 0.002 0.042 0.019 0.029 0.170 0.484 
 400 A _   0.011 0.330 0.002 0.051 0.021 0.031 0.150 0.404 
 401 L E   0.011 0.394 0.002 0.057 0.022 0.031 0.135 0.348 
 402 V E   0.011 0.435 0.002 0.060 0.022 0.030 0.125 0.315 
 403 R E   0.011 0.457 0.001 0.062 0.022 0.029 0.118 0.300 
 404 Y E   0.011 0.466 0.001 0.061 0.022 0.028 0.113 0.297 
 405 L E   0.011 0.467 0.001 0.058 0.021 0.027 0.109 0.304 
 406 S E   0.012 0.460 0.001 0.053 0.021 0.026 0.107 0.319 
 407 M E   0.013 0.444 0.002 0.047 0.020 0.025 0.106 0.344 
 408 R E   0.014 0.418 0.002 0.041 0.018 0.023 0.105 0.380 
 409 R _   0.014 0.381 0.002 0.034 0.016 0.022 0.106 0.425 
 410 H _   0.015 0.337 0.002 0.028 0.014 0.021 0.106 0.476 
 411 T _   0.015 0.294 0.001 0.023 0.012 0.019 0.108 0.528 
 412 V _   0.015 0.254 0.001 0.019 0.010 0.018 0.109 0.575 
 413 G _   0.014 0.222 0.001 0.016 0.008 0.017 0.110 0.613 
 414 V _   0.013 0.199 0.001 0.013 0.007 0.016 0.110 0.642 
 415 A _   0.012 0.181 0.001 0.012 0.006 0.015 0.111 0.663 
 416 D _   0.012 0.169 0.001 0.011 0.005 0.014 0.111 0.677 
 417 P _   0.011 0.161 0.001 0.011 0.005 0.014 0.110 0.687 
 418 R _   0.010 0.156 0.001 0.011 0.005 0.014 0.110 0.694 
 419 T _   0.010 0.152 0.001 0.012 0.005 0.013 0.110 0.698 
 420 E _   0.009 0.149 0.001 0.014 0.005 0.013 0.109 0.700 
 421 V _   0.009 0.147 0.001 0.015 0.005 0.013 0.108 0.701 
 422 M _   0.009 0.146 0.001 0.017 0.006 0.013 0.108 0.701 
 423 E _   0.009 0.143 0.001 0.019 0.006 0.013 0.107 0.702 
 424 D _   0.009 0.140 0.001 0.020 0.006 0.012 0.107 0.704 
 425 L _   0.009 0.135 0.001 0.021 0.006 0.012 0.108 0.708 
 426 Q _   0.009 0.128 0.001 0.021 0.006 0.011 0.108 0.715 
 427 K _   0.009 0.119 0.001 0.020 0.006 0.011 0.109 0.726 
 428 L _   0.009 0.107 0.001 0.018 0.005 0.010 0.111 0.740 
 429 L _   0.008 0.093 0.001 0.015 0.005 0.009 0.112 0.758 
 430 P _   0.008 0.078 0.001 0.012 0.004 0.008 0.113 0.776 
 431 G _   0.007 0.065 0.000 0.009 0.003 0.008 0.115 0.792 
 432 F _   0.007 0.055 0.000 0.007 0.002 0.007 0.115 0.806 
 433 P _   0.006 0.049 0.000 0.005 0.002 0.007 0.115 0.815 
 434 G _   0.006 0.046 0.000 0.004 0.002 0.007 0.115 0.820 
 435 V _   0.006 0.046 0.000 0.004 0.002 0.007 0.114 0.820 
 436 N _   0.007 0.048 0.000 0.005 0.002 0.009 0.113 0.817 
 437 P _   0.007 0.054 0.000 0.006 0.003 0.010 0.111 0.808 
 438 Q _   0.008 0.066 0.001 0.009 0.004 0.013 0.108 0.791 
 439 A _   0.009 0.086 0.001 0.013 0.006 0.015 0.105 0.765 
 440 P _   0.010 0.113 0.001 0.018 0.008 0.017 0.101 0.734 
 441 F _   0.010 0.143 0.001 0.022 0.009 0.018 0.097 0.701 
 442 L _   0.009 0.172 0.001 0.025 0.010 0.019 0.093 0.670 
 443 Q _   0.009 0.197 0.001 0.027 0.011 0.019 0.090 0.646 
 444 V _   0.009 0.217 0.001 0.029 0.011 0.019 0.087 0.626 
 445 A _   0.009 0.232 0.001 0.029 0.011 0.020 0.085 0.612 
 446 P _   0.009 0.243 0.001 0.030 0.012 0.020 0.084 0.602 
 447 N _   0.010 0.251 0.001 0.029 0.012 0.020 0.083 0.595 
 448 V _   0.011 0.255 0.001 0.030 0.012 0.020 0.082 0.590 
 449 N _   0.011 0.258 0.001 0.030 0.012 0.019 0.082 0.588 
 450 F _   0.012 0.257 0.001 0.030 0.012 0.019 0.082 0.588 
 451 M _   0.012 0.254 0.001 0.030 0.011 0.018 0.083 0.590 
 452 H _   0.013 0.248 0.001 0.029 0.011 0.018 0.084 0.597 
 453 N _   0.013 0.238 0.001 0.028 0.010 0.017 0.085 0.608 
 454 L _   0.013 0.224 0.001 0.026 0.009 0.016 0.087 0.623 
 455 L _   0.013 0.207 0.001 0.024 0.008 0.015 0.089 0.643 
 456 P _   0.013 0.186 0.001 0.021 0.007 0.014 0.092 0.666 
 457 M _   0.012 0.165 0.001 0.018 0.007 0.013 0.094 0.690 
 458 Q _   0.012 0.142 0.001 0.015 0.006 0.012 0.097 0.715 
 459 N _   0.011 0.122 0.001 0.013 0.005 0.011 0.099 0.739 
 460 L _   0.010 0.106 0.001 0.011 0.004 0.010 0.101 0.758 
 461 Q _   0.009 0.093 0.000 0.009 0.003 0.009 0.103 0.773 
 462 P _   0.008 0.084 0.000 0.008 0.003 0.008 0.104 0.784 
 463 T _   0.008 0.078 0.000 0.007 0.003 0.008 0.105 0.792 
 464 G _   0.007 0.074 0.000 0.007 0.002 0.008 0.105 0.797 
 465 Q _   0.006 0.072 0.000 0.007 0.002 0.007 0.105 0.800 
 466 L _   0.006 0.071 0.000 0.007 0.002 0.007 0.104 0.802 
 467 E _   0.006 0.072 0.000 0.007 0.002 0.008 0.103 0.802 
 468 Y _   0.006 0.074 0.000 0.007 0.002 0.008 0.102 0.800 
 469 K _   0.006 0.078 0.000 0.008 0.003 0.008 0.100 0.797 
 470 E _   0.006 0.084 0.000 0.009 0.003 0.009 0.098 0.790 
 471 Q _   0.006 0.092 0.000 0.010 0.004 0.010 0.096 0.781 
 472 S _   0.006 0.103 0.001 0.012 0.004 0.011 0.093 0.769 
 473 L _   0.007 0.118 0.001 0.014 0.005 0.012 0.091 0.753 
 474 L _   0.007 0.134 0.001 0.016 0.006 0.013 0.088 0.735 
 475 Q _   0.007 0.153 0.001 0.019 0.007 0.014 0.085 0.715 
 476 P _   0.008 0.172 0.001 0.022 0.008 0.014 0.082 0.694 
 477 P _   0.008 0.189 0.001 0.025 0.008 0.015 0.080 0.675 
 478 T _   0.008 0.204 0.001 0.027 0.009 0.015 0.078 0.659 
 479 L _   0.008 0.216 0.001 0.029 0.009 0.015 0.076 0.646 
 480 Q _   0.008 0.224 0.001 0.031 0.009 0.015 0.075 0.638 
 481 L _   0.008 0.228 0.001 0.032 0.009 0.014 0.074 0.633 
 482 L _   0.008 0.230 0.001 0.033 0.009 0.014 0.074 0.631 
 483 N _   0.008 0.228 0.001 0.033 0.009 0.013 0.075 0.634 
 484 G _   0.008 0.223 0.001 0.032 0.008 0.013 0.075 0.640 
 485 M _   0.008 0.215 0.001 0.030 0.008 0.012 0.076 0.651 
 486 G _   0.008 0.202 0.001 0.027 0.007 0.011 0.078 0.666 
 487 P _   0.008 0.184 0.001 0.023 0.006 0.010 0.080 0.687 
 488 L _   0.008 0.162 0.001 0.020 0.005 0.010 0.082 0.712 
 489 G _   0.008 0.137 0.001 0.015 0.004 0.009 0.085 0.741 
 490 R _   0.007 0.115 0.001 0.011 0.003 0.008 0.087 0.768 
 491 R _   0.006 0.097 0.000 0.008 0.003 0.007 0.089 0.789 
 492 A _   0.006 0.086 0.000 0.006 0.002 0.007 0.090 0.803 
 493 S _   0.005 0.080 0.000 0.005 0.002 0.007 0.090 0.811 
 494 D _   0.005 0.078 0.000 0.005 0.002 0.007 0.090 0.813 
 495 G _   0.005 0.079 0.000 0.006 0.002 0.008 0.090 0.809 
 496 G _   0.006 0.084 0.000 0.008 0.003 0.010 0.089 0.800 
 497 A _   0.007 0.093 0.001 0.012 0.004 0.012 0.088 0.783 
 498 N _   0.008 0.107 0.001 0.018 0.006 0.014 0.087 0.759 
 499 I _   0.008 0.124 0.001 0.026 0.008 0.015 0.085 0.733 
 500 Q _   0.008 0.138 0.001 0.033 0.009 0.016 0.084 0.710 
 501 L _   0.008 0.147 0.001 0.039 0.010 0.017 0.083 0.695 
 502 H _   0.008 0.151 0.001 0.042 0.010 0.017 0.083 0.688 
 503 A _   0.009 0.151 0.001 0.042 0.010 0.016 0.084 0.688 
 504 Q _   0.009 0.147 0.001 0.038 0.009 0.015 0.085 0.696 
 505 Q _   0.008 0.137 0.001 0.033 0.008 0.014 0.087 0.712 
 506 L _   0.008 0.123 0.001 0.026 0.007 0.013 0.089 0.733 
 507 L _   0.008 0.105 0.001 0.019 0.006 0.012 0.091 0.758 
 508 K _   0.008 0.088 0.001 0.013 0.004 0.011 0.094 0.782 
 509 R _   0.008 0.074 0.000 0.008 0.003 0.010 0.096 0.800 
 510 P _   0.007 0.066 0.000 0.006 0.003 0.010 0.097 0.810 
 511 R _   0.008 0.063 0.000 0.005 0.002 0.011 0.098 0.813 
 512 G _   0.009 0.063 0.000 0.005 0.003 0.013 0.098 0.810 
 513 P _   0.011 0.067 0.000 0.006 0.004 0.015 0.098 0.798 
 514 S _   0.013 0.079 0.001 0.009 0.006 0.019 0.097 0.776 
 515 P _   0.016 0.103 0.001 0.015 0.010 0.023 0.096 0.736 
 516 L _   0.018 0.144 0.001 0.024 0.014 0.026 0.094 0.679 
 517 V _   0.018 0.195 0.002 0.034 0.018 0.028 0.092 0.614 
 518 T _   0.017 0.243 0.002 0.043 0.020 0.028 0.091 0.556 
 519 M _   0.016 0.280 0.002 0.051 0.021 0.028 0.090 0.512 
 520 T _   0.015 0.303 0.002 0.057 0.020 0.027 0.090 0.485 
 521 P _   0.014 0.316 0.001 0.061 0.019 0.025 0.091 0.472 
 522 A _   0.013 0.320 0.001 0.061 0.018 0.024 0.093 0.468 
 523 V _   0.013 0.318 0.001 0.060 0.017 0.022 0.096 0.473 
 524 P _   0.012 0.309 0.001 0.056 0.015 0.020 0.100 0.487 
 525 A _   0.012 0.292 0.001 0.051 0.013 0.018 0.105 0.508 
 526 V _   0.011 0.264 0.001 0.044 0.011 0.016 0.111 0.540 
 527 T _   0.011 0.226 0.001 0.037 0.010 0.015 0.119 0.581 
 528 P _   0.011 0.181 0.001 0.030 0.008 0.013 0.128 0.628 
 529 V _   0.011 0.136 0.001 0.023 0.006 0.012 0.136 0.676 
 530 D _   0.010 0.096 0.001 0.017 0.004 0.010 0.143 0.720 
 531 E _   0.008 0.066 0.000 0.011 0.003 0.008 0.149 0.754 
 532 E _   0.007 0.047 0.000 0.008 0.002 0.007 0.152 0.777 
 533 S _   0.005 0.037 0.000 0.005 0.001 0.006 0.154 0.791 
 534 S _   0.005 0.032 0.000 0.004 0.001 0.005 0.155 0.798 
 535 D _   0.004 0.029 0.000 0.004 0.001 0.005 0.155 0.801 
 536 G _   0.004 0.029 0.000 0.005 0.001 0.005 0.154 0.801 
 537 E _   0.004 0.031 0.000 0.007 0.002 0.006 0.152 0.799 
 538 P _   0.004 0.035 0.000 0.010 0.002 0.007 0.150 0.792 
 539 D _   0.004 0.040 0.000 0.014 0.003 0.008 0.146 0.784 
 540 Q _   0.005 0.047 0.000 0.019 0.004 0.009 0.143 0.774 
 541 E _   0.005 0.054 0.001 0.023 0.004 0.010 0.139 0.765 
 542 A _   0.005 0.059 0.001 0.026 0.005 0.010 0.136 0.760 
 543 V _   0.005 0.061 0.001 0.027 0.005 0.010 0.133 0.759 
 544 Q _   0.004 0.062 0.001 0.025 0.005 0.010 0.131 0.762 
 545 S _   0.004 0.061 0.000 0.022 0.004 0.009 0.130 0.769 
 546 S _   0.004 0.059 0.000 0.018 0.004 0.008 0.128 0.778 
 547 T _   0.004 0.056 0.000 0.014 0.003 0.007 0.127 0.787 
 548 Y _   0.004 0.054 0.000 0.010 0.002 0.007 0.126 0.796 
 549 K _   0.004 0.052 0.000 0.008 0.002 0.007 0.125 0.802 
 550 D _   0.004 0.051 0.000 0.007 0.002 0.007 0.124 0.806 
 551 S _   0.004 0.052 0.000 0.007 0.002 0.007 0.122 0.806 
 552 N _   0.005 0.055 0.000 0.007 0.002 0.008 0.119 0.803 
 553 T _   0.005 0.061 0.000 0.009 0.003 0.009 0.116 0.795 
 554 L _   0.006 0.071 0.000 0.012 0.004 0.011 0.113 0.783 
 555 H _   0.006 0.084 0.001 0.015 0.005 0.012 0.109 0.768 
 556 L _   0.007 0.098 0.001 0.019 0.006 0.013 0.106 0.751 
 557 P _   0.007 0.111 0.001 0.022 0.007 0.014 0.102 0.736 
 558 T _   0.007 0.122 0.001 0.024 0.007 0.014 0.099 0.726 
 559 E _   0.007 0.129 0.001 0.025 0.007 0.014 0.097 0.720 
 560 R _   0.007 0.135 0.001 0.024 0.007 0.014 0.095 0.718 
 561 F _   0.007 0.137 0.001 0.022 0.007 0.014 0.093 0.720 
 562 S _   0.007 0.138 0.001 0.019 0.006 0.014 0.092 0.723 
 563 P _   0.007 0.138 0.001 0.017 0.006 0.013 0.091 0.727 
 564 V _   0.007 0.138 0.001 0.014 0.005 0.013 0.090 0.732 
 565 R _   0.007 0.138 0.001 0.012 0.005 0.014 0.089 0.735 
 566 R _   0.008 0.139 0.001 0.011 0.005 0.015 0.088 0.735 
 567 F _   0.009 0.141 0.001 0.010 0.005 0.016 0.087 0.731 
 568 S _   0.010 0.147 0.001 0.011 0.006 0.017 0.085 0.723 
 569 D _   0.011 0.155 0.001 0.013 0.008 0.020 0.084 0.709 
 570 G _   0.013 0.169 0.001 0.016 0.010 0.022 0.082 0.688 
 571 A _   0.014 0.187 0.001 0.021 0.012 0.024 0.080 0.661 
 572 A _   0.016 0.207 0.001 0.026 0.015 0.025 0.078 0.632 
 573 S _   0.017 0.226 0.001 0.032 0.016 0.026 0.076 0.606 
 574 I _   0.017 0.240 0.001 0.037 0.018 0.026 0.075 0.585 
 575 Q _   0.018 0.249 0.001 0.042 0.018 0.026 0.074 0.572 
 576 A _   0.018 0.253 0.001 0.044 0.018 0.025 0.074 0.568 
 577 F _   0.018 0.251 0.001 0.044 0.017 0.024 0.074 0.571 
 578 K _   0.017 0.243 0.001 0.042 0.016 0.022 0.075 0.582 
 579 A _   0.017 0.228 0.001 0.038 0.014 0.020 0.077 0.604 
 580 H _   0.016 0.205 0.001 0.033 0.012 0.018 0.080 0.634 
 581 L _   0.016 0.174 0.001 0.027 0.010 0.017 0.083 0.673 
 582 E _   0.015 0.139 0.001 0.021 0.008 0.015 0.087 0.714 
 583 K _   0.014 0.106 0.001 0.015 0.006 0.013 0.090 0.754 
 584 M _   0.012 0.080 0.001 0.011 0.005 0.011 0.093 0.786 
 585 G _   0.011 0.063 0.000 0.008 0.004 0.010 0.096 0.808 
 586 N _   0.010 0.052 0.000 0.006 0.003 0.009 0.098 0.822 
 587 N _   0.009 0.047 0.000 0.005 0.002 0.009 0.099 0.829 
 588 S _   0.008 0.044 0.000 0.005 0.002 0.009 0.100 0.831 
 589 S _   0.008 0.043 0.000 0.006 0.002 0.009 0.101 0.831 
 590 I _   0.008 0.044 0.000 0.007 0.003 0.009 0.101 0.828 
 591 K _   0.008 0.046 0.000 0.008 0.003 0.010 0.101 0.823 
 592 Q _   0.008 0.050 0.000 0.010 0.004 0.010 0.101 0.816 
 593 L _   0.008 0.054 0.001 0.012 0.004 0.011 0.100 0.809 
 594 Q _   0.008 0.059 0.001 0.014 0.005 0.011 0.100 0.803 
 595 Q _   0.008 0.063 0.001 0.016 0.005 0.011 0.100 0.797 
 596 E _   0.007 0.066 0.001 0.017 0.005 0.011 0.099 0.793 
 597 C _   0.007 0.069 0.001 0.018 0.005 0.011 0.099 0.790 
 598 E _   0.007 0.070 0.001 0.018 0.005 0.011 0.100 0.789 
 599 Q _   0.007 0.071 0.001 0.017 0.005 0.010 0.100 0.789 
 600 L _   0.007 0.071 0.001 0.016 0.005 0.010 0.101 0.790 
 601 Q _   0.007 0.070 0.001 0.015 0.004 0.009 0.102 0.792 
 602 K _   0.007 0.069 0.001 0.014 0.004 0.009 0.103 0.794 
 603 M _   0.006 0.067 0.000 0.012 0.004 0.008 0.105 0.797 
 604 Y _   0.006 0.066 0.000 0.011 0.003 0.008 0.106 0.799 
 605 G _   0.006 0.064 0.000 0.010 0.003 0.008 0.107 0.801 
 606 G _   0.006 0.063 0.000 0.009 0.003 0.008 0.109 0.802 
 607 Q _   0.006 0.062 0.000 0.008 0.003 0.008 0.110 0.802 
 608 I _   0.006 0.063 0.000 0.008 0.003 0.008 0.111 0.800 
 609 D _   0.007 0.064 0.000 0.008 0.003 0.008 0.112 0.798 
 610 E _   0.007 0.066 0.000 0.008 0.003 0.009 0.113 0.794 
 611 R _   0.007 0.069 0.000 0.009 0.004 0.010 0.114 0.788 
 612 T _   0.007 0.073 0.000 0.010 0.004 0.010 0.114 0.781 
 613 L _   0.007 0.078 0.001 0.012 0.004 0.011 0.115 0.772 
 614 E _   0.008 0.084 0.001 0.014 0.005 0.012 0.116 0.762 
 615 K _   0.008 0.090 0.001 0.015 0.006 0.013 0.116 0.751 
 616 T _   0.008 0.096 0.001 0.017 0.006 0.013 0.117 0.741 
 617 Q _   0.008 0.101 0.001 0.019 0.007 0.014 0.119 0.731 
 618 Q _   0.009 0.105 0.001 0.020 0.007 0.014 0.120 0.724 
 619 Q _   0.009 0.107 0.001 0.020 0.007 0.014 0.122 0.720 
 620 H _   0.009 0.108 0.001 0.019 0.007 0.014 0.125 0.718 
 621 M _   0.009 0.107 0.001 0.018 0.006 0.014 0.127 0.718 
 622 L _   0.009 0.105 0.001 0.016 0.006 0.013 0.130 0.720 
 623 Y _   0.009 0.102 0.001 0.014 0.005 0.013 0.133 0.722 
 624 Q _   0.009 0.100 0.001 0.012 0.005 0.013 0.136 0.724 
 625 Q _   0.009 0.098 0.001 0.011 0.005 0.013 0.139 0.723 
 626 E _   0.010 0.097 0.001 0.011 0.005 0.014 0.142 0.721 
 627 Q _   0.010 0.098 0.001 0.012 0.005 0.014 0.145 0.714 
 628 H _   0.011 0.100 0.001 0.014 0.006 0.015 0.148 0.704 
 629 H _   0.012 0.104 0.001 0.018 0.007 0.016 0.151 0.691 
 630 Q _   0.013 0.108 0.001 0.022 0.008 0.017 0.155 0.677 
 631 I _   0.013 0.111 0.001 0.026 0.009 0.017 0.159 0.663 
 632 L _   0.014 0.113 0.001 0.030 0.010 0.017 0.163 0.653 
 633 Q _   0.014 0.112 0.001 0.032 0.010 0.016 0.169 0.647 
 634 Q _   0.013 0.108 0.001 0.032 0.009 0.015 0.175 0.647 
 635 Q _   0.013 0.100 0.001 0.029 0.008 0.014 0.182 0.653 
 636 I _   0.012 0.089 0.001 0.025 0.007 0.012 0.191 0.663 
 637 Q _   0.011 0.074 0.001 0.020 0.006 0.011 0.199 0.678 
 638 D _   0.010 0.058 0.001 0.015 0.004 0.009 0.208 0.694 
 639 S _   0.009 0.044 0.000 0.011 0.003 0.008 0.216 0.708 
 640 I _   0.008 0.033 0.000 0.007 0.002 0.007 0.223 0.719 
 641 C _   0.007 0.027 0.000 0.005 0.002 0.005 0.228 0.726 
 642 P _   0.006 0.023 0.000 0.004 0.001 0.005 0.231 0.730 
 643 P _   0.005 0.022 0.000 0.003 0.001 0.005 0.233 0.731 
 644 Q _   0.005 0.022 0.000 0.003 0.001 0.005 0.234 0.730 
 645 P _   0.004 0.024 0.000 0.004 0.001 0.005 0.234 0.727 
 646 S _   0.005 0.029 0.000 0.005 0.002 0.006 0.233 0.721 
 647 P _   0.005 0.038 0.000 0.007 0.002 0.008 0.230 0.709 
 648 P _   0.005 0.055 0.000 0.010 0.003 0.009 0.227 0.690 
 649 L _   0.005 0.080 0.001 0.014 0.004 0.011 0.222 0.663 
 650 Q _   0.006 0.112 0.001 0.017 0.005 0.012 0.216 0.631 
 651 A _   0.005 0.150 0.001 0.020 0.006 0.013 0.210 0.595 
 652 A _   0.005 0.188 0.001 0.022 0.007 0.014 0.203 0.560 
 653 C _   0.005 0.226 0.001 0.023 0.007 0.014 0.198 0.526 
 654 E _   0.005 0.263 0.001 0.024 0.008 0.015 0.193 0.492 
 655 N _   0.005 0.297 0.001 0.025 0.008 0.015 0.188 0.460 
 656 Q _   0.006 0.329 0.001 0.025 0.009 0.016 0.185 0.429 
 657 P _   0.006 0.359 0.001 0.027 0.009 0.017 0.182 0.400 
 658 A E   0.007 0.385 0.001 0.028 0.010 0.017 0.180 0.372 
 659 L E   0.007 0.407 0.001 0.031 0.011 0.017 0.178 0.348 
 660 L E   0.008 0.424 0.001 0.034 0.011 0.018 0.177 0.327 
 661 T E   0.008 0.437 0.001 0.037 0.012 0.017 0.177 0.311 
 662 H E   0.008 0.443 0.001 0.040 0.012 0.017 0.178 0.300 
 663 Q E   0.009 0.445 0.001 0.042 0.012 0.016 0.180 0.295 
