#TopoPred_TM8: 8-state transmembrane topology prediction results by no_profile mode 
#probabilities are in the order of H E C I L F X _, the 8 transmembrane topology types used in PDBTM 
   1 M X   0.014 0.001 0.002 0.036 0.010 0.014 0.780 0.144 
   2 A X   0.007 0.000 0.000 0.023 0.002 0.010 0.800 0.157 
   3 F X   0.005 0.000 0.000 0.016 0.001 0.009 0.804 0.164 
   4 A X   0.006 0.001 0.000 0.014 0.002 0.011 0.801 0.166 
   5 N X   0.009 0.002 0.000 0.013 0.003 0.014 0.793 0.166 
   6 F X   0.013 0.003 0.001 0.014 0.005 0.018 0.780 0.168 
   7 R X   0.017 0.005 0.001 0.017 0.007 0.020 0.767 0.168 
   8 R X   0.020 0.008 0.001 0.020 0.009 0.020 0.753 0.169 
   9 I X   0.021 0.011 0.001 0.023 0.010 0.020 0.740 0.174 
  10 L X   0.020 0.013 0.001 0.025 0.011 0.019 0.730 0.181 
  11 R X   0.019 0.013 0.001 0.025 0.010 0.017 0.721 0.194 
  12 L X   0.016 0.013 0.001 0.023 0.009 0.015 0.714 0.209 
  13 S X   0.014 0.012 0.001 0.019 0.007 0.013 0.708 0.226 
  14 T X   0.012 0.010 0.001 0.014 0.006 0.011 0.703 0.245 
  15 F X   0.010 0.007 0.000 0.010 0.004 0.009 0.698 0.263 
  16 E X   0.008 0.004 0.000 0.006 0.003 0.007 0.693 0.278 
  17 K X   0.006 0.003 0.000 0.004 0.002 0.006 0.689 0.290 
  18 R X   0.005 0.002 0.000 0.003 0.001 0.005 0.683 0.300 
  19 K X   0.004 0.001 0.000 0.003 0.001 0.004 0.678 0.308 
  20 S X   0.004 0.001 0.000 0.003 0.001 0.004 0.672 0.315 
  21 R X   0.004 0.001 0.000 0.004 0.001 0.004 0.665 0.321 
  22 E X   0.004 0.001 0.000 0.005 0.002 0.004 0.657 0.327 
  23 Y X   0.004 0.002 0.000 0.006 0.002 0.004 0.649 0.333 
  24 E X   0.004 0.002 0.000 0.006 0.002 0.005 0.641 0.340 
  25 H X   0.004 0.002 0.000 0.007 0.002 0.005 0.632 0.348 
  26 V X   0.003 0.002 0.000 0.006 0.002 0.005 0.623 0.358 
  27 R X   0.003 0.003 0.000 0.006 0.002 0.005 0.613 0.369 
  28 R X   0.003 0.003 0.000 0.005 0.002 0.005 0.603 0.380 
  29 D X   0.003 0.003 0.000 0.004 0.002 0.005 0.592 0.391 
  30 L X   0.003 0.003 0.000 0.004 0.002 0.005 0.581 0.402 
  31 D X   0.003 0.005 0.000 0.004 0.002 0.006 0.568 0.411 
  32 P X   0.004 0.007 0.000 0.006 0.003 0.008 0.554 0.417 
  33 N X   0.005 0.012 0.001 0.009 0.004 0.010 0.538 0.420 
  34 E X   0.007 0.022 0.001 0.014 0.006 0.013 0.520 0.418 
  35 V X   0.008 0.036 0.001 0.020 0.009 0.015 0.499 0.412 
  36 W X   0.008 0.052 0.001 0.028 0.011 0.017 0.479 0.404 
  37 E X   0.009 0.066 0.001 0.035 0.012 0.018 0.461 0.399 
  38 I X   0.009 0.076 0.001 0.040 0.013 0.018 0.445 0.398 
  39 V X   0.009 0.083 0.001 0.042 0.013 0.018 0.432 0.403 
  40 G X   0.009 0.086 0.001 0.041 0.012 0.018 0.421 0.412 
  41 E _   0.008 0.086 0.001 0.039 0.011 0.017 0.413 0.425 
  42 L _   0.008 0.084 0.001 0.035 0.010 0.016 0.405 0.440 
  43 G _   0.008 0.080 0.001 0.031 0.009 0.014 0.400 0.457 
  44 D _   0.008 0.074 0.001 0.027 0.008 0.013 0.395 0.475 
  45 G _   0.008 0.067 0.001 0.023 0.006 0.012 0.391 0.492 
  46 A _   0.007 0.059 0.001 0.019 0.005 0.011 0.388 0.510 
  47 F _   0.007 0.050 0.001 0.016 0.004 0.010 0.385 0.527 
  48 G _   0.007 0.042 0.001 0.013 0.004 0.009 0.382 0.544 
  49 K _   0.006 0.034 0.000 0.011 0.003 0.008 0.378 0.560 
  50 V _   0.006 0.027 0.000 0.008 0.002 0.007 0.374 0.575 
  51 Y _   0.005 0.021 0.000 0.006 0.002 0.006 0.370 0.589 
  52 K _   0.004 0.018 0.000 0.005 0.002 0.006 0.365 0.601 
  53 A _   0.004 0.016 0.000 0.004 0.002 0.006 0.358 0.610 
  54 K _   0.004 0.016 0.000 0.004 0.002 0.006 0.351 0.617 
  55 N _   0.005 0.016 0.000 0.004 0.002 0.008 0.343 0.622 
  56 K _   0.006 0.019 0.000 0.006 0.003 0.010 0.333 0.623 
  57 E _   0.007 0.026 0.001 0.010 0.005 0.013 0.321 0.618 
  58 T _   0.008 0.039 0.001 0.017 0.007 0.016 0.306 0.605 
  59 G _   0.010 0.058 0.001 0.028 0.010 0.019 0.290 0.583 
  60 A _   0.010 0.080 0.001 0.040 0.013 0.021 0.274 0.560 
  61 L _   0.011 0.096 0.001 0.052 0.015 0.023 0.260 0.542 
  62 A _   0.011 0.107 0.001 0.060 0.016 0.023 0.249 0.533 
  63 A _   0.011 0.111 0.001 0.064 0.016 0.023 0.240 0.533 
  64 A _   0.011 0.111 0.001 0.062 0.015 0.022 0.234 0.543 
  65 K _   0.011 0.107 0.001 0.056 0.014 0.020 0.229 0.563 
  66 V _   0.011 0.096 0.001 0.046 0.012 0.018 0.225 0.592 
  67 I _   0.010 0.079 0.001 0.035 0.009 0.016 0.223 0.628 
  68 E _   0.009 0.057 0.001 0.024 0.007 0.014 0.220 0.668 
  69 T _   0.009 0.036 0.001 0.015 0.005 0.012 0.218 0.705 
  70 K _   0.008 0.020 0.000 0.009 0.003 0.010 0.215 0.734 
  71 S _   0.007 0.010 0.000 0.005 0.002 0.010 0.212 0.753 
  72 E _   0.007 0.006 0.000 0.004 0.002 0.010 0.208 0.763 
  73 E _   0.007 0.004 0.000 0.003 0.002 0.011 0.204 0.768 
  74 E _   0.009 0.004 0.000 0.003 0.002 0.013 0.199 0.770 
  75 L _   0.011 0.005 0.000 0.005 0.004 0.016 0.193 0.766 
  76 E _   0.015 0.007 0.001 0.008 0.006 0.021 0.186 0.758 
  77 D _   0.019 0.011 0.001 0.013 0.009 0.026 0.178 0.744 
  78 Y _   0.023 0.017 0.001 0.020 0.014 0.032 0.169 0.724 
  79 I _   0.027 0.024 0.001 0.029 0.020 0.037 0.160 0.703 
  80 V _   0.031 0.030 0.002 0.037 0.024 0.041 0.151 0.683 
  81 E _   0.035 0.034 0.002 0.043 0.027 0.043 0.144 0.672 
  82 I _   0.037 0.036 0.002 0.045 0.028 0.044 0.138 0.669 
  83 E _   0.038 0.036 0.002 0.043 0.028 0.043 0.134 0.676 
  84 I _   0.039 0.033 0.002 0.037 0.025 0.042 0.130 0.693 
  85 L _   0.038 0.028 0.002 0.029 0.021 0.039 0.127 0.717 
  86 A _   0.036 0.021 0.001 0.021 0.017 0.037 0.124 0.744 
  87 T _   0.035 0.014 0.001 0.014 0.013 0.034 0.121 0.769 
  88 C _   0.033 0.009 0.001 0.009 0.010 0.032 0.118 0.788 
  89 D _   0.031 0.007 0.001 0.007 0.009 0.031 0.115 0.800 
  90 H _   0.031 0.006 0.001 0.006 0.008 0.031 0.112 0.805 
  91 P _   0.032 0.006 0.001 0.008 0.009 0.031 0.109 0.804 
  92 Y _   0.034 0.007 0.001 0.011 0.011 0.032 0.106 0.798 
  93 I _   0.036 0.008 0.001 0.016 0.014 0.033 0.103 0.790 
  94 V _   0.037 0.010 0.001 0.021 0.016 0.033 0.100 0.782 
  95 K _   0.038 0.011 0.001 0.025 0.016 0.033 0.097 0.778 
  96 L _   0.037 0.011 0.001 0.026 0.016 0.032 0.095 0.781 
  97 L _   0.036 0.010 0.001 0.024 0.014 0.030 0.093 0.791 
  98 G _   0.034 0.008 0.001 0.019 0.012 0.027 0.091 0.807 
  99 A _   0.033 0.005 0.001 0.013 0.009 0.025 0.089 0.824 
 100 Y _   0.033 0.003 0.001 0.008 0.007 0.024 0.087 0.838 
 101 Y _   0.034 0.001 0.001 0.004 0.005 0.023 0.085 0.846 
 102 H _   0.038 0.000 0.000 0.003 0.005 0.023 0.083 0.847 
 103 D _   0.045 0.000 0.000 0.002 0.005 0.025 0.080 0.841 
 104 G _   0.057 0.000 0.001 0.002 0.007 0.029 0.078 0.826 
 105 K _   0.072 0.000 0.001 0.004 0.010 0.034 0.076 0.803 
 106 L _   0.089 0.001 0.001 0.006 0.015 0.040 0.073 0.775 
 107 W _   0.106 0.002 0.001 0.009 0.021 0.045 0.071 0.744 
 108 I _   0.121 0.003 0.002 0.014 0.027 0.049 0.069 0.716 
 109 M _   0.131 0.005 0.002 0.017 0.031 0.051 0.067 0.697 
 110 I _   0.136 0.005 0.002 0.019 0.032 0.052 0.066 0.687 
 111 E _   0.137 0.006 0.002 0.018 0.032 0.051 0.065 0.689 
 112 F _   0.134 0.005 0.002 0.016 0.030 0.049 0.064 0.699 
 113 C _   0.130 0.004 0.002 0.013 0.027 0.047 0.064 0.714 
 114 P _   0.123 0.003 0.001 0.010 0.023 0.045 0.064 0.731 
 115 G _   0.115 0.003 0.001 0.008 0.020 0.042 0.064 0.747 
 116 G _   0.107 0.002 0.001 0.008 0.018 0.040 0.064 0.760 
 117 A _   0.098 0.002 0.001 0.009 0.016 0.038 0.064 0.771 
 118 V _   0.090 0.003 0.001 0.010 0.015 0.036 0.065 0.780 
 119 D _   0.081 0.003 0.001 0.013 0.015 0.034 0.065 0.788 
 120 A _   0.071 0.004 0.001 0.015 0.014 0.031 0.066 0.799 
 121 I _   0.061 0.004 0.001 0.016 0.012 0.028 0.067 0.811 
 122 M _   0.051 0.004 0.001 0.015 0.011 0.025 0.068 0.825 
 123 L _   0.042 0.003 0.001 0.013 0.009 0.022 0.068 0.841 
 124 E _   0.035 0.003 0.001 0.011 0.007 0.019 0.069 0.857 
 125 L _   0.029 0.002 0.001 0.008 0.005 0.017 0.069 0.870 
 126 D _   0.024 0.001 0.000 0.006 0.004 0.015 0.069 0.881 
 127 R _   0.022 0.001 0.000 0.004 0.003 0.015 0.068 0.887 
 128 G _   0.021 0.000 0.000 0.003 0.003 0.015 0.068 0.890 
 129 L _   0.023 0.000 0.000 0.002 0.003 0.016 0.067 0.888 
 130 T _   0.027 0.000 0.000 0.002 0.003 0.019 0.066 0.882 
 131 E _   0.034 0.000 0.000 0.003 0.005 0.023 0.065 0.870 
 132 P _   0.043 0.001 0.001 0.004 0.007 0.028 0.064 0.853 
 133 Q _   0.055 0.002 0.001 0.006 0.011 0.035 0.062 0.828 
 134 I _   0.069 0.005 0.001 0.008 0.017 0.043 0.060 0.796 
 135 Q _   0.083 0.011 0.002 0.013 0.024 0.051 0.058 0.758 
 136 V _   0.096 0.018 0.002 0.018 0.033 0.058 0.056 0.720 
 137 V _   0.106 0.026 0.002 0.024 0.040 0.062 0.054 0.685 
 138 C _   0.112 0.034 0.002 0.029 0.045 0.065 0.053 0.659 
 139 R _   0.115 0.039 0.002 0.034 0.048 0.065 0.052 0.645 
 140 Q _   0.114 0.041 0.002 0.036 0.047 0.064 0.052 0.643 
 141 M _   0.111 0.042 0.002 0.036 0.045 0.060 0.052 0.652 
 142 L _   0.105 0.040 0.002 0.033 0.040 0.056 0.053 0.672 
 143 E _   0.096 0.036 0.002 0.028 0.034 0.051 0.054 0.700 
 144 A _   0.087 0.030 0.002 0.023 0.027 0.045 0.055 0.733 
 145 L _   0.076 0.023 0.001 0.018 0.021 0.039 0.055 0.766 
 146 N _   0.066 0.017 0.001 0.014 0.016 0.034 0.056 0.796 
 147 F _   0.056 0.012 0.001 0.011 0.012 0.030 0.057 0.820 
 148 L _   0.047 0.009 0.001 0.009 0.009 0.026 0.058 0.840 
 149 H _   0.040 0.007 0.001 0.008 0.008 0.023 0.059 0.855 
 150 S _   0.034 0.005 0.001 0.008 0.007 0.021 0.060 0.866 
 151 K _   0.029 0.004 0.001 0.008 0.006 0.019 0.060 0.874 
 152 R _   0.025 0.003 0.001 0.007 0.005 0.017 0.060 0.881 
 153 I _   0.022 0.003 0.001 0.007 0.005 0.016 0.061 0.887 
 154 I _   0.020 0.003 0.001 0.006 0.004 0.015 0.061 0.891 
 155 H _   0.019 0.002 0.001 0.006 0.004 0.014 0.060 0.894 
 156 R _   0.018 0.002 0.000 0.005 0.004 0.014 0.060 0.895 
 157 D _   0.018 0.003 0.000 0.005 0.004 0.015 0.060 0.895 
 158 L _   0.018 0.003 0.001 0.005 0.005 0.016 0.059 0.893 
 159 K _   0.020 0.004 0.001 0.006 0.005 0.018 0.059 0.888 
 160 A _   0.022 0.007 0.001 0.008 0.007 0.020 0.058 0.878 
 161 G _   0.025 0.010 0.001 0.010 0.009 0.022 0.057 0.866 
 162 N _   0.027 0.016 0.001 0.013 0.011 0.025 0.056 0.851 
 163 V _   0.029 0.022 0.001 0.017 0.013 0.026 0.056 0.835 
 164 L _   0.031 0.029 0.001 0.021 0.015 0.028 0.055 0.820 
 165 M _   0.032 0.034 0.001 0.024 0.016 0.028 0.055 0.810 
 166 T _   0.031 0.037 0.001 0.025 0.016 0.028 0.054 0.806 
 167 L _   0.030 0.039 0.001 0.025 0.015 0.027 0.054 0.808 
 168 E _   0.028 0.040 0.001 0.024 0.014 0.026 0.054 0.812 
 169 G _   0.026 0.040 0.001 0.022 0.013 0.025 0.055 0.818 
 170 D _   0.025 0.039 0.001 0.020 0.012 0.024 0.055 0.825 
 171 I _   0.023 0.038 0.001 0.019 0.011 0.022 0.055 0.831 
 172 R _   0.022 0.036 0.001 0.018 0.010 0.021 0.056 0.836 
 173 L _   0.021 0.035 0.001 0.017 0.009 0.019 0.057 0.841 
 174 A _   0.019 0.033 0.001 0.017 0.008 0.018 0.058 0.845 
 175 D _   0.018 0.031 0.001 0.017 0.008 0.017 0.058 0.850 
 176 F _   0.016 0.029 0.001 0.016 0.007 0.015 0.059 0.856 
 177 G _   0.014 0.026 0.001 0.015 0.006 0.014 0.060 0.863 
 178 V _   0.013 0.023 0.001 0.014 0.005 0.013 0.061 0.871 
 179 S _   0.012 0.020 0.001 0.012 0.005 0.011 0.062 0.877 
 180 A _   0.011 0.017 0.001 0.010 0.004 0.011 0.063 0.884 
 181 K _   0.010 0.014 0.000 0.009 0.004 0.010 0.063 0.890 
 182 N _   0.009 0.012 0.000 0.007 0.003 0.009 0.064 0.895 
 183 L _   0.009 0.011 0.000 0.006 0.003 0.009 0.064 0.898 
 184 K _   0.008 0.010 0.000 0.006 0.003 0.009 0.064 0.900 
 185 T _   0.008 0.010 0.000 0.005 0.003 0.009 0.064 0.901 
 186 L _   0.008 0.010 0.000 0.005 0.003 0.010 0.064 0.900 
 187 Q _   0.009 0.011 0.000 0.006 0.003 0.011 0.063 0.897 
 188 K _   0.009 0.014 0.000 0.007 0.004 0.012 0.062 0.892 
 189 R _   0.010 0.017 0.000 0.008 0.004 0.014 0.061 0.884 
 190 D _   0.011 0.023 0.001 0.009 0.005 0.016 0.060 0.874 
 191 S _   0.013 0.031 0.001 0.011 0.007 0.019 0.059 0.860 
 192 F _   0.015 0.042 0.001 0.014 0.008 0.022 0.057 0.842 
 193 I _   0.017 0.055 0.001 0.016 0.010 0.025 0.056 0.821 
 194 G _   0.019 0.069 0.001 0.019 0.012 0.027 0.054 0.798 
 195 T _   0.021 0.085 0.001 0.022 0.014 0.030 0.053 0.774 
 196 P _   0.024 0.100 0.001 0.024 0.017 0.032 0.051 0.750 
 197 Y _   0.025 0.116 0.001 0.026 0.019 0.034 0.050 0.728 
 198 W _   0.027 0.130 0.001 0.029 0.021 0.036 0.049 0.708 
 199 M _   0.028 0.144 0.002 0.032 0.022 0.037 0.048 0.689 
 200 A _   0.028 0.156 0.002 0.036 0.024 0.037 0.047 0.670 
 201 P _   0.028 0.168 0.002 0.041 0.025 0.036 0.046 0.654 
 202 E _   0.027 0.176 0.002 0.046 0.025 0.035 0.046 0.644 
 203 V _   0.026 0.180 0.002 0.050 0.024 0.033 0.046 0.638 
 204 V _   0.025 0.180 0.002 0.053 0.022 0.031 0.047 0.640 
 205 M _   0.023 0.176 0.002 0.053 0.020 0.028 0.048 0.651 
 206 C _   0.021 0.165 0.002 0.050 0.017 0.024 0.050 0.672 
 207 E _   0.019 0.145 0.001 0.043 0.014 0.021 0.052 0.704 
 208 T _   0.017 0.116 0.001 0.034 0.011 0.018 0.054 0.750 
 209 M _   0.015 0.079 0.001 0.024 0.008 0.014 0.056 0.802 
 210 K _   0.013 0.044 0.001 0.015 0.005 0.011 0.058 0.852 
 211 D _   0.012 0.019 0.001 0.008 0.003 0.009 0.059 0.889 
 212 T _   0.012 0.006 0.000 0.004 0.002 0.007 0.060 0.909 
 213 P _   0.013 0.002 0.000 0.002 0.001 0.006 0.060 0.916 
 214 Y _   0.019 0.000 0.000 0.001 0.001 0.007 0.059 0.912 
 215 D _   0.035 0.000 0.000 0.001 0.002 0.008 0.057 0.896 
 216 Y _   0.067 0.000 0.000 0.001 0.003 0.012 0.056 0.861 
 217 K _   0.126 0.000 0.001 0.002 0.005 0.018 0.053 0.796 
 218 A _   0.211 0.000 0.001 0.002 0.010 0.025 0.050 0.701 
 219 D _   0.311 0.000 0.001 0.003 0.017 0.034 0.047 0.588 
 220 I _   0.409 0.000 0.002 0.003 0.027 0.041 0.044 0.474 
 221 W H   0.491 0.000 0.002 0.004 0.037 0.047 0.042 0.376 
 222 S H   0.552 0.001 0.002 0.005 0.047 0.050 0.041 0.303 
 223 L H   0.592 0.002 0.002 0.006 0.055 0.051 0.042 0.251 
 224 G H   0.615 0.003 0.002 0.008 0.059 0.050 0.043 0.220 
 225 I H   0.623 0.004 0.003 0.009 0.062 0.048 0.045 0.207 
 226 T H   0.615 0.005 0.003 0.011 0.061 0.045 0.048 0.211 
 227 L H   0.592 0.005 0.003 0.013 0.058 0.042 0.053 0.233 
 228 I H   0.552 0.005 0.003 0.014 0.053 0.039 0.060 0.275 
 229 E H   0.491 0.004 0.003 0.014 0.044 0.034 0.068 0.341 
 230 M _   0.413 0.003 0.003 0.013 0.033 0.029 0.078 0.427 
 231 A _   0.324 0.002 0.002 0.010 0.022 0.024 0.089 0.526 
 232 Q _   0.238 0.001 0.001 0.007 0.013 0.019 0.099 0.621 
 233 I _   0.163 0.000 0.001 0.004 0.007 0.015 0.108 0.702 
 234 E _   0.103 0.000 0.001 0.003 0.004 0.011 0.115 0.764 
 235 P _   0.063 0.000 0.000 0.002 0.003 0.009 0.119 0.803 
 236 P _   0.039 0.000 0.000 0.001 0.002 0.008 0.123 0.825 
 237 H _   0.027 0.000 0.000 0.001 0.002 0.009 0.126 0.835 
 238 H _   0.022 0.001 0.000 0.002 0.002 0.011 0.128 0.835 
 239 E _   0.021 0.002 0.000 0.004 0.003 0.014 0.129 0.827 
 240 L _   0.022 0.008 0.001 0.008 0.006 0.019 0.130 0.807 
 241 N _   0.023 0.024 0.001 0.016 0.011 0.024 0.131 0.771 
 242 P _   0.025 0.051 0.001 0.029 0.016 0.028 0.131 0.719 
 243 M _   0.024 0.081 0.002 0.044 0.020 0.030 0.132 0.667 
 244 R _   0.024 0.104 0.002 0.057 0.022 0.031 0.133 0.627 
 245 V _   0.023 0.118 0.002 0.066 0.023 0.031 0.135 0.604 
 246 L _   0.021 0.123 0.002 0.069 0.022 0.029 0.139 0.595 
 247 L _   0.020 0.122 0.002 0.066 0.020 0.027 0.143 0.600 
 248 K _   0.018 0.116 0.002 0.057 0.018 0.024 0.149 0.617 
 249 I _   0.016 0.103 0.001 0.045 0.014 0.021 0.156 0.643 
 250 A _   0.014 0.083 0.001 0.032 0.011 0.018 0.164 0.676 
 251 K _   0.013 0.061 0.001 0.021 0.008 0.015 0.172 0.710 
 252 S _   0.011 0.041 0.001 0.013 0.005 0.012 0.179 0.737 
 253 D _   0.009 0.028 0.000 0.008 0.004 0.011 0.185 0.754 
 254 P _   0.008 0.021 0.000 0.005 0.003 0.010 0.190 0.763 
 255 P _   0.008 0.018 0.000 0.004 0.002 0.009 0.193 0.765 
 256 T _   0.007 0.017 0.000 0.004 0.002 0.009 0.196 0.764 
 257 L _   0.008 0.018 0.000 0.004 0.002 0.010 0.198 0.759 
 258 L _   0.008 0.020 0.000 0.005 0.003 0.012 0.200 0.751 
 259 T _   0.009 0.025 0.000 0.007 0.004 0.014 0.201 0.739 
 260 P _   0.010 0.034 0.001 0.010 0.005 0.017 0.201 0.722 
 261 S _   0.012 0.046 0.001 0.013 0.007 0.019 0.202 0.699 
 262 K _   0.013 0.064 0.001 0.018 0.010 0.022 0.202 0.669 
 263 W _   0.014 0.086 0.001 0.024 0.013 0.025 0.202 0.636 
 264 S _   0.015 0.108 0.001 0.030 0.016 0.027 0.203 0.600 
 265 V _   0.016 0.130 0.001 0.038 0.018 0.028 0.204 0.565 
 266 E _   0.017 0.147 0.001 0.045 0.020 0.028 0.206 0.536 
 267 F _   0.017 0.159 0.002 0.051 0.021 0.028 0.209 0.515 
 268 R _   0.017 0.165 0.001 0.055 0.021 0.027 0.213 0.501 
 269 D _   0.017 0.166 0.001 0.057 0.020 0.025 0.219 0.495 
 270 F _   0.017 0.163 0.001 0.055 0.018 0.023 0.227 0.497 
 271 L _   0.016 0.153 0.001 0.050 0.015 0.021 0.236 0.507 
 272 K _   0.015 0.137 0.001 0.043 0.013 0.018 0.247 0.526 
 273 I _   0.014 0.113 0.001 0.034 0.010 0.016 0.260 0.553 
 274 A _   0.012 0.084 0.001 0.024 0.008 0.013 0.274 0.584 
 275 L _   0.011 0.055 0.001 0.016 0.005 0.011 0.287 0.614 
 276 D _   0.009 0.033 0.001 0.010 0.004 0.009 0.297 0.638 
 277 K _   0.007 0.019 0.000 0.006 0.002 0.007 0.305 0.653 
 278 N _   0.006 0.012 0.000 0.004 0.002 0.006 0.310 0.661 
 279 P _   0.005 0.008 0.000 0.003 0.001 0.005 0.314 0.663 
 280 E _   0.005 0.007 0.000 0.002 0.001 0.006 0.317 0.662 
 281 T _   0.005 0.008 0.000 0.002 0.001 0.007 0.318 0.659 
 282 R _   0.006 0.009 0.000 0.003 0.002 0.008 0.319 0.653 
 283 P _   0.007 0.013 0.000 0.006 0.003 0.011 0.318 0.641 
 284 S _   0.009 0.023 0.001 0.010 0.005 0.015 0.317 0.621 
 285 A _   0.010 0.040 0.001 0.016 0.008 0.018 0.315 0.592 
 286 A _   0.011 0.062 0.001 0.024 0.011 0.022 0.312 0.556 
 287 Q _   0.012 0.084 0.001 0.033 0.014 0.024 0.310 0.521 
 288 L _   0.013 0.101 0.001 0.040 0.016 0.026 0.309 0.493 
 289 L _   0.013 0.112 0.001 0.046 0.018 0.026 0.310 0.475 
 290 E _   0.013 0.117 0.001 0.049 0.018 0.026 0.311 0.465 
 291 H _   0.013 0.118 0.001 0.048 0.018 0.025 0.314 0.463 
 292 P _   0.013 0.115 0.001 0.045 0.017 0.024 0.319 0.467 
 293 F _   0.013 0.108 0.001 0.039 0.016 0.022 0.325 0.476 
 294 V _   0.013 0.097 0.001 0.032 0.013 0.020 0.332 0.492 
 295 S _   0.013 0.082 0.001 0.024 0.011 0.019 0.340 0.510 
 296 S _   0.012 0.067 0.001 0.018 0.009 0.017 0.348 0.528 
 297 I _   0.012 0.053 0.001 0.013 0.007 0.016 0.356 0.543 
 298 T _   0.011 0.042 0.001 0.009 0.005 0.015 0.363 0.554 
 299 S _   0.010 0.036 0.001 0.007 0.004 0.014 0.370 0.558 
 300 N _   0.010 0.032 0.000 0.006 0.004 0.013 0.375 0.558 
 301 K _   0.010 0.031 0.000 0.006 0.004 0.014 0.381 0.554 
 302 A _   0.011 0.031 0.000 0.007 0.004 0.014 0.386 0.547 
 303 L _   0.011 0.032 0.001 0.008 0.005 0.015 0.390 0.538 
 304 R _   0.012 0.035 0.001 0.010 0.006 0.015 0.395 0.527 
 305 E _   0.012 0.038 0.001 0.012 0.007 0.016 0.400 0.514 
 306 L _   0.012 0.043 0.001 0.015 0.007 0.017 0.404 0.501 
 307 V _   0.013 0.047 0.001 0.018 0.008 0.017 0.410 0.486 
 308 A _   0.012 0.052 0.001 0.021 0.009 0.018 0.415 0.472 
 309 E _   0.013 0.055 0.001 0.024 0.010 0.018 0.422 0.457 
 310 A _   0.013 0.058 0.001 0.027 0.011 0.018 0.430 0.443 
 311 K X   0.012 0.060 0.001 0.030 0.011 0.018 0.439 0.430 
 312 A X   0.012 0.060 0.001 0.032 0.011 0.017 0.450 0.417 
 313 E X   0.012 0.060 0.001 0.033 0.010 0.016 0.463 0.407 
 314 V X   0.011 0.057 0.001 0.031 0.009 0.014 0.478 0.399 
 315 M X   0.010 0.052 0.001 0.029 0.008 0.013 0.494 0.393 
 316 E X   0.009 0.046 0.001 0.024 0.007 0.011 0.512 0.391 
 317 E X   0.008 0.037 0.001 0.019 0.005 0.009 0.531 0.390 
 318 I X   0.007 0.028 0.001 0.014 0.004 0.007 0.549 0.390 
 319 E X   0.006 0.020 0.000 0.009 0.003 0.006 0.566 0.390 
 320 D X   0.005 0.014 0.000 0.006 0.002 0.005 0.580 0.389 
 321 G X   0.004 0.010 0.000 0.004 0.001 0.004 0.591 0.386 
 322 R X   0.003 0.008 0.000 0.003 0.001 0.003 0.599 0.383 
 323 D X   0.002 0.007 0.000 0.002 0.001 0.003 0.606 0.378 
 324 E X   0.002 0.007 0.000 0.002 0.001 0.003 0.611 0.374 
 325 G X   0.002 0.007 0.000 0.003 0.001 0.003 0.615 0.369 
 326 E X   0.002 0.009 0.000 0.003 0.001 0.003 0.618 0.364 
 327 E X   0.002 0.011 0.000 0.005 0.001 0.004 0.619 0.357 
 328 E X   0.002 0.015 0.000 0.007 0.002 0.005 0.620 0.349 
 329 D X   0.002 0.020 0.000 0.010 0.002 0.006 0.621 0.339 
 330 A X   0.002 0.027 0.000 0.014 0.003 0.007 0.621 0.327 
 331 V X   0.002 0.033 0.000 0.018 0.003 0.007 0.621 0.314 
 332 D X   0.003 0.039 0.000 0.022 0.004 0.008 0.622 0.302 
 333 A X   0.003 0.043 0.000 0.025 0.005 0.008 0.625 0.291 
 334 A X   0.003 0.046 0.001 0.027 0.005 0.009 0.628 0.282 
 335 S X   0.003 0.047 0.001 0.028 0.005 0.009 0.634 0.274 
 336 T X   0.003 0.047 0.001 0.028 0.005 0.008 0.641 0.268 
 337 L X   0.003 0.045 0.001 0.026 0.005 0.008 0.650 0.264 
 338 E X   0.003 0.042 0.001 0.023 0.004 0.008 0.660 0.260 
 339 N X   0.003 0.038 0.000 0.019 0.004 0.007 0.672 0.257 
 340 H X   0.003 0.033 0.000 0.016 0.003 0.006 0.685 0.253 
 341 T X   0.003 0.027 0.000 0.013 0.003 0.006 0.698 0.250 
 342 Q X   0.003 0.022 0.000 0.011 0.003 0.005 0.711 0.245 
 343 N X   0.003 0.018 0.000 0.009 0.002 0.005 0.724 0.239 
 344 S X   0.003 0.015 0.000 0.008 0.002 0.005 0.737 0.231 
 345 S X   0.003 0.012 0.000 0.007 0.002 0.004 0.748 0.224 
 346 E X   0.003 0.009 0.000 0.006 0.002 0.004 0.759 0.217 
 347 V X   0.002 0.008 0.000 0.006 0.002 0.004 0.769 0.209 
 348 S X   0.002 0.006 0.000 0.005 0.001 0.003 0.779 0.202 
 349 P X   0.002 0.005 0.000 0.005 0.001 0.003 0.788 0.196 
 350 P X   0.002 0.004 0.000 0.004 0.001 0.003 0.796 0.190 
 351 S X   0.002 0.003 0.000 0.004 0.001 0.003 0.802 0.186 
 352 L X   0.002 0.002 0.000 0.003 0.001 0.002 0.808 0.181 
 353 N X   0.001 0.002 0.000 0.003 0.001 0.002 0.814 0.177 
 354 A X   0.001 0.001 0.000 0.002 0.001 0.002 0.818 0.174 
 355 D X   0.001 0.001 0.000 0.002 0.001 0.002 0.822 0.171 
 356 K X   0.001 0.001 0.000 0.002 0.001 0.002 0.825 0.169 
 357 P X   0.001 0.001 0.000 0.002 0.001 0.002 0.827 0.167 
 358 L X   0.001 0.001 0.000 0.002 0.001 0.002 0.828 0.166 
 359 E X   0.001 0.001 0.000 0.002 0.001 0.002 0.829 0.164 
 360 E X   0.001 0.001 0.000 0.002 0.001 0.002 0.830 0.164 
 361 S X   0.001 0.001 0.000 0.003 0.001 0.002 0.830 0.163 
 362 P X   0.001 0.001 0.000 0.003 0.001 0.002 0.830 0.163 
 363 S X   0.001 0.001 0.000 0.003 0.001 0.002 0.829 0.162 
 364 T X   0.001 0.001 0.000 0.003 0.001 0.002 0.829 0.163 
 365 P X   0.001 0.001 0.000 0.004 0.001 0.002 0.828 0.163 
 366 L X   0.001 0.001 0.000 0.004 0.001 0.002 0.828 0.163 
 367 A X   0.001 0.001 0.000 0.004 0.001 0.002 0.827 0.164 
 368 P X   0.001 0.001 0.000 0.004 0.001 0.002 0.826 0.165 
 369 S X   0.001 0.001 0.000 0.004 0.001 0.002 0.825 0.166 
 370 Q X   0.001 0.001 0.000 0.003 0.001 0.002 0.823 0.168 
 371 S X   0.001 0.001 0.000 0.003 0.001 0.002 0.822 0.170 
 372 Q X   0.001 0.001 0.000 0.003 0.001 0.002 0.820 0.172 
 373 D X   0.001 0.001 0.000 0.003 0.001 0.002 0.818 0.174 
 374 S X   0.001 0.001 0.000 0.003 0.001 0.002 0.816 0.176 
 375 V X   0.001 0.001 0.000 0.003 0.001 0.002 0.814 0.178 
 376 N X   0.001 0.001 0.000 0.003 0.001 0.002 0.811 0.181 
 377 E X   0.001 0.001 0.000 0.003 0.001 0.002 0.807 0.185 
 378 P X   0.001 0.001 0.000 0.003 0.001 0.002 0.803 0.188 
 379 C X   0.001 0.001 0.000 0.003 0.001 0.002 0.799 0.193 
 380 S X   0.001 0.001 0.000 0.003 0.001 0.002 0.794 0.197 
 381 Q X   0.001 0.001 0.000 0.003 0.001 0.002 0.789 0.202 
 382 P X   0.001 0.001 0.000 0.003 0.001 0.002 0.783 0.208 
 383 S X   0.001 0.001 0.000 0.003 0.001 0.003 0.777 0.214 
 384 G X   0.001 0.001 0.000 0.004 0.001 0.003 0.769 0.220 
 385 D X   0.002 0.002 0.000 0.004 0.001 0.003 0.761 0.226 
 386 R X   0.002 0.002 0.000 0.005 0.001 0.004 0.752 0.233 
 387 S X   0.002 0.003 0.000 0.007 0.002 0.004 0.743 0.239 
 388 L X   0.002 0.004 0.000 0.008 0.002 0.005 0.734 0.245 
 389 Q X   0.002 0.005 0.000 0.010 0.002 0.005 0.725 0.250 
 390 T X   0.002 0.005 0.000 0.011 0.003 0.005 0.717 0.257 
 391 T X   0.002 0.006 0.000 0.011 0.003 0.005 0.709 0.263 
 392 S X   0.002 0.006 0.000 0.011 0.003 0.005 0.702 0.270 
 393 P X   0.002 0.006 0.000 0.010 0.003 0.005 0.695 0.277 
 394 P X   0.002 0.006 0.000 0.009 0.002 0.005 0.690 0.285 
 395 V X   0.002 0.006 0.000 0.008 0.002 0.004 0.684 0.293 
 396 V X   0.002 0.006 0.000 0.006 0.002 0.004 0.678 0.301 
 397 A X   0.002 0.005 0.000 0.005 0.002 0.004 0.672 0.309 
 398 P X   0.002 0.005 0.000 0.004 0.001 0.004 0.666 0.317 
 399 G X   0.002 0.005 0.000 0.004 0.001 0.004 0.659 0.324 
 400 N X   0.003 0.006 0.000 0.004 0.001 0.004 0.652 0.330 
 401 E X   0.003 0.007 0.000 0.005 0.002 0.005 0.644 0.335 
 402 N X   0.003 0.009 0.000 0.006 0.002 0.006 0.635 0.339 
 403 G X   0.003 0.012 0.000 0.008 0.003 0.007 0.626 0.342 
 404 L X   0.004 0.016 0.000 0.010 0.003 0.007 0.615 0.344 
 405 A X   0.004 0.020 0.000 0.012 0.004 0.008 0.605 0.346 
 406 V X   0.004 0.024 0.001 0.015 0.004 0.009 0.596 0.348 
 407 P X   0.004 0.027 0.001 0.016 0.005 0.009 0.587 0.352 
 408 V X   0.004 0.029 0.001 0.016 0.005 0.009 0.580 0.358 
 409 P X   0.004 0.030 0.000 0.014 0.004 0.008 0.573 0.366 
 410 L X   0.004 0.030 0.000 0.012 0.004 0.008 0.567 0.374 
 411 R X   0.004 0.031 0.000 0.010 0.003 0.008 0.562 0.382 
 412 K X   0.004 0.030 0.000 0.008 0.003 0.008 0.557 0.389 
 413 S X   0.004 0.030 0.000 0.007 0.003 0.008 0.552 0.395 
 414 R X   0.004 0.031 0.000 0.006 0.003 0.009 0.547 0.399 
 415 P X   0.005 0.033 0.000 0.006 0.003 0.010 0.543 0.399 
 416 V X   0.006 0.037 0.000 0.008 0.004 0.011 0.537 0.397 
 417 S X   0.007 0.044 0.001 0.010 0.005 0.012 0.532 0.390 
 418 M X   0.008 0.052 0.001 0.014 0.007 0.014 0.526 0.380 
 419 D X   0.008 0.062 0.001 0.018 0.008 0.015 0.520 0.368 
 420 A X   0.009 0.072 0.001 0.022 0.009 0.015 0.515 0.357 
 421 R X   0.009 0.079 0.001 0.026 0.010 0.015 0.511 0.350 
 422 I X   0.009 0.084 0.001 0.028 0.010 0.015 0.508 0.346 
 423 Q X   0.009 0.086 0.001 0.029 0.009 0.014 0.506 0.346 
 424 V X   0.008 0.086 0.001 0.029 0.009 0.014 0.505 0.349 
 425 A X   0.008 0.084 0.001 0.027 0.008 0.013 0.505 0.355 
 426 Q X   0.007 0.080 0.001 0.024 0.007 0.011 0.506 0.363 
 427 E X   0.007 0.074 0.001 0.021 0.006 0.010 0.509 0.373 
 428 K X   0.007 0.066 0.001 0.018 0.005 0.009 0.512 0.383 
 429 Q X   0.006 0.056 0.001 0.015 0.004 0.008 0.515 0.395 
 430 V X   0.006 0.047 0.000 0.012 0.003 0.007 0.519 0.406 
 431 A X   0.005 0.037 0.000 0.010 0.003 0.006 0.522 0.416 
 432 E X   0.005 0.030 0.000 0.008 0.002 0.006 0.525 0.425 
 433 Q X   0.004 0.023 0.000 0.007 0.002 0.005 0.527 0.432 
 434 G X   0.004 0.018 0.000 0.005 0.002 0.004 0.529 0.438 
 435 G X   0.004 0.014 0.000 0.005 0.001 0.004 0.530 0.442 
 436 D X   0.003 0.012 0.000 0.004 0.001 0.004 0.530 0.446 
 437 L X   0.003 0.010 0.000 0.004 0.001 0.004 0.530 0.448 
 438 S X   0.003 0.009 0.000 0.004 0.001 0.004 0.529 0.450 
 439 P X   0.003 0.009 0.000 0.004 0.001 0.004 0.527 0.452 
 440 A X   0.003 0.009 0.000 0.005 0.001 0.004 0.525 0.453 
 441 A X   0.003 0.009 0.000 0.006 0.001 0.004 0.522 0.454 
 442 N X   0.003 0.009 0.000 0.007 0.002 0.005 0.519 0.455 
 443 R X   0.003 0.010 0.000 0.007 0.002 0.005 0.516 0.457 
 444 S X   0.003 0.010 0.000 0.008 0.002 0.005 0.512 0.460 
 445 Q X   0.003 0.011 0.000 0.008 0.002 0.005 0.508 0.463 
 446 K X   0.003 0.011 0.000 0.007 0.002 0.005 0.504 0.468 
 447 A X   0.003 0.011 0.000 0.006 0.002 0.005 0.499 0.474 
 448 S X   0.003 0.012 0.000 0.006 0.002 0.005 0.494 0.480 
 449 Q X   0.003 0.013 0.000 0.005 0.002 0.005 0.488 0.485 
 450 S _   0.003 0.014 0.000 0.005 0.002 0.006 0.481 0.490 
 451 R _   0.003 0.017 0.000 0.006 0.002 0.006 0.473 0.493 
 452 P _   0.004 0.022 0.000 0.008 0.003 0.008 0.463 0.492 
 453 N _   0.004 0.032 0.001 0.012 0.004 0.010 0.452 0.486 
 454 S _   0.005 0.048 0.001 0.018 0.006 0.012 0.439 0.473 
 455 S _   0.005 0.068 0.001 0.026 0.008 0.014 0.425 0.453 
 456 A _   0.006 0.090 0.001 0.035 0.009 0.015 0.411 0.433 
 457 L _   0.006 0.107 0.001 0.043 0.010 0.015 0.400 0.417 
 458 E _   0.006 0.118 0.001 0.048 0.010 0.015 0.391 0.409 
 459 T _   0.006 0.124 0.001 0.050 0.010 0.015 0.386 0.409 
 460 L _   0.006 0.125 0.001 0.049 0.009 0.014 0.382 0.415 
 461 G _   0.006 0.122 0.001 0.044 0.008 0.013 0.379 0.427 
 462 G _   0.006 0.115 0.001 0.037 0.007 0.011 0.378 0.445 
 463 E _   0.006 0.104 0.001 0.029 0.006 0.010 0.378 0.467 
 464 K _   0.006 0.090 0.001 0.021 0.005 0.009 0.379 0.491 
 465 L _   0.006 0.075 0.000 0.014 0.003 0.008 0.379 0.514 
 466 A _   0.005 0.062 0.000 0.010 0.003 0.007 0.380 0.533 
 467 N _   0.005 0.053 0.000 0.007 0.002 0.006 0.380 0.546 
 468 G _   0.005 0.048 0.000 0.006 0.002 0.006 0.379 0.555 
 469 S _   0.004 0.045 0.000 0.006 0.002 0.006 0.377 0.561 
 470 L _   0.004 0.044 0.000 0.006 0.002 0.006 0.374 0.564 
 471 E _   0.004 0.044 0.000 0.007 0.002 0.006 0.371 0.566 
 472 P _   0.004 0.045 0.000 0.008 0.002 0.006 0.367 0.567 
 473 P _   0.004 0.046 0.000 0.010 0.002 0.007 0.362 0.568 
 474 A _   0.004 0.048 0.000 0.012 0.003 0.007 0.357 0.569 
 475 Q _   0.004 0.050 0.000 0.013 0.003 0.007 0.351 0.572 
 476 A _   0.004 0.051 0.000 0.013 0.003 0.007 0.346 0.576 
 477 A _   0.004 0.052 0.000 0.012 0.003 0.006 0.341 0.582 
 478 P _   0.004 0.053 0.000 0.011 0.002 0.006 0.335 0.589 
 479 G _   0.003 0.053 0.000 0.009 0.002 0.006 0.329 0.598 
 480 P _   0.003 0.054 0.000 0.008 0.002 0.006 0.322 0.606 
 481 S _   0.003 0.055 0.000 0.007 0.002 0.006 0.315 0.613 
 482 K _   0.003 0.058 0.000 0.007 0.002 0.006 0.306 0.618 
 483 R _   0.003 0.064 0.000 0.008 0.002 0.007 0.295 0.620 
 484 D _   0.004 0.076 0.000 0.010 0.003 0.009 0.282 0.616 
 485 S _   0.005 0.100 0.001 0.016 0.005 0.011 0.264 0.600 
 486 D _   0.005 0.142 0.001 0.024 0.008 0.014 0.241 0.566 
 487 C _   0.006 0.205 0.002 0.034 0.010 0.015 0.213 0.515 
 488 S _   0.006 0.278 0.002 0.044 0.012 0.016 0.186 0.457 
 489 S _   0.005 0.343 0.002 0.052 0.012 0.016 0.163 0.407 
 490 L E   0.004 0.387 0.001 0.057 0.011 0.015 0.148 0.376 
 491 C E   0.004 0.413 0.001 0.059 0.011 0.014 0.137 0.362 
 492 T E   0.004 0.426 0.001 0.058 0.010 0.013 0.129 0.359 
 493 S E   0.004 0.430 0.001 0.056 0.009 0.012 0.124 0.364 
 494 E E   0.003 0.427 0.001 0.051 0.009 0.011 0.121 0.376 
 495 S E   0.004 0.418 0.001 0.045 0.008 0.011 0.119 0.396 
 496 M _   0.004 0.400 0.001 0.038 0.007 0.010 0.118 0.421 
 497 D _   0.004 0.375 0.001 0.033 0.007 0.010 0.118 0.453 
 498 Y _   0.005 0.344 0.001 0.027 0.006 0.010 0.118 0.490 
 499 G _   0.005 0.310 0.001 0.023 0.005 0.009 0.119 0.527 
 500 T _   0.005 0.278 0.001 0.019 0.005 0.009 0.120 0.563 
 501 N _   0.005 0.250 0.001 0.016 0.004 0.009 0.121 0.594 
 502 L _   0.005 0.226 0.001 0.014 0.004 0.009 0.122 0.620 
 503 S _   0.005 0.208 0.000 0.012 0.003 0.008 0.123 0.641 
 504 T _   0.005 0.195 0.000 0.011 0.003 0.008 0.123 0.656 
 505 D _   0.004 0.186 0.000 0.011 0.003 0.008 0.122 0.666 
 506 L _   0.004 0.179 0.000 0.011 0.003 0.008 0.122 0.672 
 507 S _   0.005 0.175 0.000 0.012 0.003 0.009 0.121 0.675 
 508 L _   0.005 0.171 0.000 0.014 0.004 0.009 0.121 0.676 
 509 N _   0.005 0.169 0.000 0.016 0.004 0.010 0.121 0.675 
 510 K _   0.006 0.166 0.001 0.019 0.005 0.010 0.120 0.675 
 511 E _   0.006 0.161 0.001 0.020 0.005 0.010 0.121 0.676 
 512 M _   0.006 0.155 0.001 0.021 0.005 0.010 0.121 0.679 
 513 G _   0.007 0.147 0.001 0.021 0.005 0.010 0.122 0.687 
 514 S _   0.007 0.135 0.001 0.020 0.005 0.010 0.124 0.699 
 515 L _   0.007 0.120 0.001 0.018 0.005 0.010 0.125 0.715 
 516 S _   0.007 0.103 0.001 0.015 0.004 0.009 0.127 0.734 
 517 I _   0.007 0.086 0.001 0.012 0.004 0.009 0.129 0.753 
 518 K _   0.006 0.072 0.000 0.010 0.003 0.008 0.131 0.770 
 519 D _   0.006 0.062 0.000 0.008 0.003 0.008 0.132 0.782 
 520 P _   0.006 0.055 0.000 0.006 0.002 0.008 0.132 0.790 
 521 K _   0.006 0.051 0.000 0.006 0.002 0.008 0.132 0.795 
 522 L _   0.005 0.050 0.000 0.006 0.002 0.008 0.132 0.796 
 523 Y _   0.006 0.050 0.000 0.006 0.002 0.009 0.131 0.795 
 524 K _   0.006 0.053 0.000 0.007 0.003 0.010 0.130 0.791 
 525 K _   0.006 0.057 0.000 0.009 0.004 0.011 0.128 0.784 
 526 T _   0.007 0.064 0.001 0.011 0.005 0.013 0.126 0.774 
 527 L _   0.007 0.072 0.001 0.013 0.006 0.015 0.124 0.762 
 528 K _   0.008 0.081 0.001 0.015 0.007 0.016 0.122 0.750 
 529 R _   0.009 0.091 0.001 0.017 0.008 0.018 0.120 0.737 
 530 T _   0.010 0.100 0.001 0.018 0.009 0.020 0.118 0.725 
 531 R _   0.011 0.108 0.001 0.019 0.010 0.022 0.116 0.714 
 532 K _   0.013 0.115 0.001 0.019 0.011 0.024 0.115 0.703 
 533 F _   0.015 0.122 0.001 0.019 0.012 0.026 0.114 0.692 
 534 V _   0.017 0.129 0.001 0.019 0.013 0.028 0.113 0.679 
 535 V _   0.020 0.137 0.001 0.019 0.014 0.030 0.113 0.665 
 536 D _   0.023 0.146 0.001 0.021 0.016 0.031 0.113 0.649 
 537 G _   0.027 0.155 0.001 0.023 0.019 0.033 0.112 0.629 
 538 V _   0.030 0.166 0.001 0.026 0.021 0.034 0.113 0.609 
 539 E _   0.032 0.175 0.002 0.031 0.023 0.034 0.114 0.589 
 540 V _   0.033 0.182 0.002 0.036 0.023 0.034 0.115 0.575 
 541 S _   0.033 0.187 0.002 0.040 0.023 0.032 0.117 0.566 
 542 I _   0.031 0.187 0.002 0.043 0.022 0.030 0.120 0.564 
 543 T _   0.029 0.183 0.002 0.044 0.020 0.028 0.124 0.571 
 544 T _   0.026 0.174 0.001 0.042 0.017 0.025 0.129 0.586 
 545 S _   0.023 0.158 0.001 0.037 0.014 0.021 0.134 0.611 
 546 K _   0.020 0.135 0.001 0.031 0.011 0.018 0.141 0.644 
 547 I _   0.016 0.106 0.001 0.023 0.008 0.015 0.147 0.683 
 548 I _   0.013 0.078 0.001 0.016 0.006 0.012 0.154 0.720 
 549 S _   0.011 0.055 0.001 0.011 0.004 0.010 0.159 0.750 
 550 E _   0.009 0.040 0.000 0.007 0.003 0.008 0.163 0.771 
 551 D _   0.007 0.031 0.000 0.005 0.002 0.006 0.165 0.784 
 552 E _   0.006 0.026 0.000 0.003 0.001 0.006 0.167 0.790 
 553 K _   0.005 0.025 0.000 0.003 0.001 0.006 0.168 0.792 
 554 K _   0.005 0.026 0.000 0.004 0.001 0.006 0.168 0.790 
 555 D _   0.005 0.028 0.000 0.005 0.002 0.007 0.168 0.785 
 556 E _   0.005 0.034 0.000 0.007 0.003 0.008 0.167 0.776 
 557 E _   0.006 0.043 0.000 0.011 0.003 0.009 0.165 0.762 
 558 M _   0.006 0.055 0.001 0.015 0.004 0.010 0.164 0.746 
 559 R _   0.006 0.067 0.001 0.018 0.005 0.011 0.162 0.729 
 560 F _   0.006 0.078 0.001 0.022 0.006 0.012 0.161 0.715 
 561 L _   0.006 0.086 0.001 0.024 0.006 0.012 0.160 0.705 
 562 R _   0.006 0.092 0.001 0.024 0.006 0.012 0.160 0.699 
 563 R _   0.006 0.096 0.001 0.024 0.006 0.012 0.160 0.696 
 564 Q _   0.006 0.098 0.001 0.024 0.006 0.012 0.161 0.694 
 565 E _   0.006 0.098 0.001 0.023 0.006 0.012 0.162 0.693 
 566 L _   0.006 0.098 0.001 0.022 0.006 0.011 0.164 0.693 
 567 R _   0.007 0.096 0.001 0.022 0.006 0.011 0.166 0.692 
 568 E _   0.007 0.094 0.001 0.022 0.005 0.011 0.168 0.692 
 569 L _   0.007 0.091 0.001 0.021 0.005 0.011 0.171 0.693 
 570 R _   0.007 0.086 0.001 0.021 0.005 0.010 0.175 0.695 
 571 L _   0.007 0.080 0.001 0.020 0.005 0.010 0.179 0.699 
 572 L _   0.007 0.072 0.001 0.018 0.005 0.009 0.183 0.705 
 573 Q _   0.007 0.062 0.001 0.016 0.004 0.009 0.188 0.712 
 574 K _   0.007 0.052 0.001 0.014 0.004 0.008 0.193 0.721 
 575 E _   0.007 0.042 0.000 0.012 0.003 0.008 0.198 0.730 
 576 E _   0.007 0.032 0.000 0.010 0.003 0.007 0.203 0.738 
 577 H _   0.007 0.024 0.000 0.008 0.002 0.006 0.207 0.745 
 578 R _   0.006 0.018 0.000 0.007 0.002 0.006 0.211 0.750 
 579 N _   0.006 0.014 0.000 0.006 0.002 0.005 0.214 0.753 
 580 Q _   0.005 0.011 0.000 0.005 0.002 0.005 0.217 0.756 
 581 T _   0.005 0.009 0.000 0.004 0.001 0.005 0.218 0.758 
 582 Q _   0.005 0.008 0.000 0.004 0.001 0.005 0.219 0.759 
 583 L _   0.004 0.007 0.000 0.004 0.001 0.005 0.219 0.759 
 584 S _   0.004 0.007 0.000 0.004 0.001 0.005 0.219 0.759 
 585 N _   0.004 0.008 0.000 0.005 0.002 0.006 0.218 0.758 
 586 K _   0.004 0.009 0.000 0.006 0.002 0.006 0.217 0.755 
 587 H _   0.005 0.011 0.000 0.008 0.002 0.007 0.215 0.752 
 588 E _   0.005 0.014 0.000 0.010 0.003 0.008 0.213 0.747 
 589 L _   0.005 0.017 0.000 0.013 0.004 0.009 0.210 0.741 
 590 Q _   0.006 0.021 0.000 0.016 0.004 0.010 0.208 0.735 
 591 L _   0.006 0.024 0.001 0.018 0.005 0.010 0.206 0.731 
 592 E _   0.006 0.026 0.001 0.020 0.005 0.010 0.205 0.728 
 593 Q _   0.006 0.027 0.001 0.020 0.005 0.010 0.203 0.728 
 594 M _   0.006 0.027 0.001 0.020 0.005 0.010 0.203 0.729 
 595 H _   0.006 0.027 0.001 0.018 0.005 0.010 0.203 0.731 
 596 K _   0.006 0.026 0.001 0.017 0.004 0.009 0.203 0.735 
 597 R _   0.006 0.024 0.000 0.015 0.004 0.009 0.204 0.739 
 598 F _   0.006 0.022 0.000 0.013 0.004 0.008 0.204 0.743 
 599 E _   0.006 0.019 0.000 0.011 0.003 0.008 0.205 0.747 
 600 Q _   0.006 0.017 0.000 0.010 0.003 0.007 0.206 0.751 
 601 E _   0.005 0.015 0.000 0.008 0.003 0.007 0.207 0.754 
 602 I _   0.005 0.014 0.000 0.007 0.002 0.006 0.207 0.757 
 603 N _   0.005 0.013 0.000 0.007 0.002 0.006 0.207 0.759 
 604 A _   0.005 0.012 0.000 0.007 0.002 0.006 0.208 0.760 
 605 K _   0.005 0.011 0.000 0.006 0.002 0.006 0.207 0.761 
 606 K _   0.006 0.011 0.000 0.007 0.002 0.006 0.207 0.760 
 607 K _   0.005 0.011 0.000 0.007 0.002 0.007 0.207 0.760 
 608 F _   0.005 0.012 0.000 0.008 0.003 0.007 0.206 0.758 
 609 F _   0.005 0.012 0.000 0.009 0.003 0.007 0.206 0.757 
 610 D _   0.005 0.013 0.000 0.010 0.003 0.007 0.205 0.756 
 611 T _   0.005 0.013 0.000 0.011 0.003 0.007 0.205 0.755 
 612 E _   0.006 0.013 0.000 0.011 0.003 0.007 0.205 0.754 
 613 L _   0.006 0.014 0.000 0.011 0.003 0.007 0.204 0.755 
 614 E _   0.005 0.013 0.000 0.011 0.003 0.007 0.204 0.756 
 615 N _   0.005 0.013 0.000 0.010 0.003 0.007 0.204 0.758 
 616 L _   0.005 0.013 0.000 0.010 0.003 0.007 0.204 0.759 
 617 E _   0.005 0.012 0.000 0.009 0.002 0.006 0.203 0.762 
 618 R _   0.005 0.012 0.000 0.008 0.002 0.006 0.203 0.764 
 619 Q _   0.005 0.011 0.000 0.008 0.002 0.006 0.202 0.765 
 620 Q _   0.005 0.011 0.000 0.008 0.002 0.006 0.202 0.767 
 621 K _   0.005 0.011 0.000 0.008 0.002 0.006 0.201 0.767 
 622 Q _   0.005 0.011 0.000 0.008 0.002 0.006 0.200 0.768 
 623 Q _   0.005 0.011 0.000 0.008 0.002 0.006 0.199 0.768 
 624 V _   0.005 0.012 0.000 0.008 0.002 0.006 0.198 0.769 
 625 E _   0.005 0.012 0.000 0.008 0.002 0.006 0.197 0.769 
 626 K _   0.005 0.013 0.000 0.008 0.002 0.006 0.196 0.770 
 627 M _   0.005 0.013 0.000 0.008 0.002 0.006 0.195 0.771 
 628 E _   0.004 0.014 0.000 0.008 0.002 0.006 0.193 0.773 
 629 Q _   0.004 0.014 0.000 0.007 0.002 0.006 0.192 0.774 
 630 D _   0.004 0.015 0.000 0.007 0.002 0.006 0.190 0.775 
 631 H _   0.004 0.017 0.000 0.007 0.002 0.006 0.188 0.774 
 632 A _   0.005 0.018 0.000 0.008 0.003 0.007 0.186 0.773 
 633 V _   0.005 0.021 0.000 0.009 0.003 0.007 0.184 0.770 
 634 R _   0.005 0.024 0.000 0.011 0.003 0.008 0.182 0.766 
 635 R _   0.006 0.027 0.000 0.013 0.004 0.009 0.180 0.761 
 636 R _   0.006 0.030 0.001 0.015 0.004 0.009 0.178 0.756 
 637 E _   0.006 0.033 0.001 0.018 0.005 0.010 0.177 0.751 
 638 E _   0.006 0.035 0.001 0.020 0.005 0.010 0.176 0.747 
 639 A _   0.007 0.037 0.001 0.021 0.006 0.010 0.175 0.745 
 640 R _   0.007 0.037 0.001 0.020 0.005 0.010 0.175 0.745 
 641 R _   0.007 0.036 0.001 0.019 0.005 0.009 0.175 0.748 
 642 I _   0.007 0.033 0.001 0.017 0.004 0.009 0.176 0.753 
 643 R _   0.006 0.030 0.000 0.014 0.004 0.008 0.177 0.760 
 644 L _   0.006 0.026 0.000 0.011 0.003 0.007 0.178 0.768 
 645 E _   0.006 0.022 0.000 0.008 0.003 0.007 0.179 0.775 
 646 Q _   0.005 0.019 0.000 0.006 0.002 0.006 0.180 0.781 
 647 D _   0.005 0.016 0.000 0.005 0.002 0.006 0.181 0.785 
 648 R _   0.005 0.015 0.000 0.004 0.002 0.006 0.181 0.787 
 649 D _   0.005 0.015 0.000 0.005 0.002 0.006 0.181 0.786 
 650 Y _   0.005 0.016 0.000 0.006 0.002 0.007 0.180 0.783 
 651 T _   0.006 0.017 0.000 0.007 0.003 0.008 0.180 0.778 
 652 R _   0.006 0.020 0.000 0.010 0.003 0.009 0.179 0.772 
 653 F _   0.006 0.024 0.000 0.014 0.004 0.010 0.178 0.765 
 654 Q _   0.006 0.027 0.001 0.017 0.005 0.010 0.177 0.758 
 655 E _   0.006 0.030 0.001 0.020 0.005 0.010 0.176 0.752 
 656 Q _   0.006 0.032 0.001 0.021 0.005 0.010 0.175 0.750 
 657 L _   0.006 0.033 0.001 0.021 0.005 0.010 0.175 0.750 
 658 K _   0.006 0.032 0.001 0.020 0.005 0.009 0.175 0.753 
 659 L _   0.005 0.031 0.001 0.017 0.004 0.009 0.176 0.757 
 660 M _   0.005 0.028 0.000 0.015 0.004 0.008 0.177 0.763 
 661 K _   0.005 0.026 0.000 0.012 0.003 0.007 0.178 0.767 
 662 K _   0.005 0.023 0.000 0.010 0.003 0.007 0.180 0.772 
 663 E _   0.005 0.021 0.000 0.009 0.003 0.006 0.181 0.775 
