#TopoPred_TM8: 8-state transmembrane topology prediction results by no_profile mode 
#probabilities are in the order of H E C I L F X _, the 8 transmembrane topology types used in PDBTM 
   1 M X   0.018 0.002 0.002 0.062 0.011 0.012 0.571 0.321 
   2 E X   0.006 0.001 0.000 0.035 0.002 0.006 0.585 0.365 
   3 D X   0.001 0.001 0.000 0.019 0.001 0.004 0.585 0.389 
   4 Y X   0.001 0.002 0.000 0.013 0.001 0.004 0.578 0.401 
   5 T X   0.002 0.004 0.000 0.013 0.001 0.007 0.565 0.407 
   6 K X   0.004 0.009 0.000 0.016 0.003 0.012 0.544 0.412 
   7 I X   0.006 0.020 0.001 0.021 0.005 0.017 0.519 0.412 
   8 E X   0.008 0.041 0.001 0.029 0.007 0.022 0.486 0.407 
   9 K X   0.009 0.073 0.001 0.039 0.011 0.025 0.445 0.396 
  10 I X   0.009 0.115 0.002 0.050 0.014 0.027 0.400 0.383 
  11 G _   0.009 0.154 0.002 0.059 0.017 0.028 0.359 0.373 
  12 E _   0.008 0.184 0.002 0.064 0.018 0.028 0.327 0.369 
  13 G _   0.008 0.203 0.002 0.066 0.018 0.027 0.303 0.372 
  14 T _   0.008 0.215 0.002 0.065 0.018 0.027 0.285 0.381 
  15 Y _   0.009 0.220 0.001 0.061 0.017 0.026 0.270 0.395 
  16 G _   0.009 0.221 0.001 0.055 0.016 0.024 0.259 0.415 
  17 V _   0.009 0.217 0.001 0.047 0.014 0.023 0.249 0.439 
  18 V _   0.009 0.210 0.001 0.038 0.012 0.021 0.241 0.466 
  19 Y _   0.010 0.200 0.001 0.030 0.010 0.020 0.234 0.496 
  20 K _   0.009 0.189 0.001 0.023 0.008 0.018 0.227 0.524 
  21 G _   0.009 0.178 0.001 0.017 0.007 0.017 0.220 0.550 
  22 R _   0.009 0.170 0.001 0.014 0.006 0.016 0.214 0.570 
  23 H _   0.008 0.164 0.001 0.012 0.006 0.016 0.208 0.585 
  24 K _   0.008 0.161 0.001 0.012 0.005 0.015 0.201 0.595 
  25 T _   0.008 0.161 0.001 0.013 0.006 0.016 0.195 0.601 
  26 T _   0.008 0.162 0.001 0.016 0.007 0.016 0.188 0.602 
  27 G _   0.009 0.165 0.001 0.020 0.008 0.016 0.181 0.601 
  28 Q _   0.009 0.168 0.001 0.024 0.009 0.016 0.175 0.598 
  29 V _   0.009 0.170 0.001 0.029 0.009 0.016 0.169 0.597 
  30 V _   0.009 0.169 0.001 0.032 0.010 0.016 0.163 0.600 
  31 A _   0.009 0.165 0.001 0.033 0.010 0.016 0.159 0.608 
  32 M _   0.009 0.157 0.001 0.032 0.010 0.015 0.156 0.621 
  33 K _   0.009 0.144 0.001 0.029 0.009 0.014 0.153 0.641 
  34 K _   0.009 0.125 0.001 0.025 0.008 0.013 0.151 0.669 
  35 I _   0.009 0.102 0.001 0.020 0.007 0.012 0.149 0.700 
  36 R _   0.008 0.078 0.001 0.016 0.006 0.012 0.147 0.732 
  37 L _   0.008 0.057 0.001 0.012 0.005 0.011 0.146 0.761 
  38 E _   0.008 0.040 0.001 0.008 0.004 0.011 0.144 0.783 
  39 S _   0.008 0.030 0.000 0.006 0.003 0.012 0.142 0.798 
  40 E _   0.009 0.025 0.000 0.005 0.003 0.013 0.140 0.806 
  41 E _   0.011 0.022 0.000 0.004 0.003 0.015 0.137 0.808 
  42 E _   0.013 0.022 0.000 0.005 0.004 0.018 0.133 0.805 
  43 G _   0.017 0.023 0.001 0.006 0.006 0.022 0.130 0.796 
  44 V _   0.023 0.027 0.001 0.009 0.009 0.027 0.125 0.779 
  45 P _   0.029 0.035 0.001 0.013 0.013 0.034 0.120 0.755 
  46 S _   0.036 0.046 0.001 0.019 0.019 0.040 0.114 0.724 
  47 T _   0.043 0.060 0.002 0.026 0.026 0.045 0.109 0.690 
  48 A _   0.048 0.073 0.002 0.033 0.031 0.049 0.104 0.660 
  49 I _   0.051 0.083 0.002 0.040 0.035 0.051 0.100 0.638 
  50 R _   0.053 0.089 0.002 0.045 0.036 0.051 0.097 0.626 
  51 E _   0.053 0.092 0.002 0.047 0.036 0.050 0.094 0.625 
  52 I _   0.052 0.091 0.002 0.046 0.034 0.047 0.093 0.635 
  53 S _   0.051 0.086 0.002 0.042 0.030 0.043 0.091 0.655 
  54 L _   0.048 0.077 0.002 0.036 0.026 0.039 0.091 0.682 
  55 L _   0.044 0.063 0.002 0.029 0.021 0.035 0.091 0.716 
  56 K _   0.040 0.047 0.001 0.021 0.016 0.030 0.090 0.754 
  57 E _   0.035 0.030 0.001 0.015 0.012 0.026 0.090 0.790 
  58 L _   0.030 0.018 0.001 0.011 0.009 0.023 0.090 0.819 
  59 R _   0.026 0.010 0.001 0.007 0.006 0.020 0.090 0.839 
  60 H _   0.023 0.006 0.001 0.006 0.005 0.018 0.089 0.852 
  61 P _   0.022 0.004 0.000 0.005 0.004 0.017 0.088 0.859 
  62 N _   0.021 0.003 0.001 0.006 0.004 0.016 0.087 0.862 
  63 I _   0.022 0.003 0.001 0.007 0.005 0.017 0.086 0.861 
  64 V _   0.024 0.002 0.001 0.008 0.005 0.017 0.085 0.858 
  65 S _   0.027 0.002 0.001 0.009 0.006 0.017 0.083 0.855 
  66 L _   0.032 0.002 0.001 0.009 0.006 0.018 0.082 0.850 
  67 Q _   0.038 0.002 0.001 0.009 0.006 0.018 0.080 0.846 
  68 D _   0.047 0.001 0.001 0.008 0.006 0.019 0.078 0.840 
  69 V _   0.060 0.001 0.001 0.006 0.006 0.019 0.076 0.832 
  70 L _   0.078 0.000 0.001 0.004 0.006 0.020 0.074 0.818 
  71 M _   0.105 0.000 0.001 0.003 0.006 0.021 0.071 0.793 
  72 Q _   0.143 0.000 0.001 0.002 0.007 0.024 0.068 0.755 
  73 D _   0.194 0.000 0.001 0.002 0.010 0.028 0.065 0.701 
  74 S _   0.256 0.000 0.001 0.002 0.015 0.033 0.062 0.631 
  75 R _   0.325 0.000 0.001 0.002 0.022 0.039 0.059 0.551 
  76 L _   0.389 0.000 0.002 0.003 0.031 0.043 0.057 0.474 
  77 Y H   0.442 0.001 0.002 0.005 0.040 0.047 0.057 0.407 
  78 L H   0.477 0.003 0.002 0.008 0.046 0.048 0.057 0.359 
  79 I H   0.496 0.005 0.002 0.011 0.050 0.047 0.058 0.330 
  80 F H   0.499 0.007 0.003 0.014 0.051 0.046 0.060 0.321 
  81 E H   0.486 0.008 0.003 0.016 0.049 0.043 0.063 0.332 
  82 F H   0.459 0.008 0.003 0.017 0.045 0.040 0.066 0.361 
  83 L H   0.419 0.007 0.003 0.016 0.039 0.036 0.071 0.409 
  84 S _   0.366 0.006 0.002 0.014 0.031 0.031 0.076 0.474 
  85 M _   0.303 0.004 0.002 0.011 0.022 0.026 0.082 0.551 
  86 D _   0.238 0.002 0.001 0.008 0.015 0.022 0.088 0.627 
  87 L _   0.177 0.001 0.001 0.006 0.009 0.017 0.093 0.695 
  88 K _   0.127 0.001 0.001 0.005 0.006 0.014 0.098 0.749 
  89 K _   0.086 0.000 0.001 0.004 0.004 0.011 0.102 0.792 
  90 Y _   0.057 0.000 0.000 0.003 0.003 0.009 0.105 0.822 
  91 L _   0.037 0.000 0.000 0.003 0.002 0.008 0.107 0.842 
  92 D _   0.025 0.000 0.000 0.003 0.002 0.007 0.108 0.854 
  93 S _   0.018 0.000 0.000 0.003 0.002 0.007 0.109 0.862 
  94 I _   0.013 0.000 0.000 0.003 0.002 0.006 0.109 0.866 
  95 P _   0.011 0.000 0.000 0.004 0.002 0.007 0.108 0.868 
  96 P _   0.010 0.000 0.000 0.004 0.002 0.007 0.108 0.869 
  97 G _   0.009 0.000 0.000 0.005 0.002 0.008 0.106 0.869 
  98 Q _   0.009 0.000 0.000 0.005 0.003 0.009 0.105 0.869 
  99 Y _   0.010 0.000 0.000 0.005 0.003 0.010 0.103 0.868 
 100 M _   0.013 0.000 0.000 0.006 0.003 0.011 0.100 0.866 
 101 D _   0.017 0.000 0.000 0.005 0.003 0.013 0.097 0.863 
 102 S _   0.025 0.000 0.000 0.005 0.004 0.016 0.094 0.855 
 103 S _   0.038 0.000 0.001 0.005 0.005 0.019 0.090 0.842 
 104 L _   0.060 0.000 0.001 0.005 0.007 0.024 0.086 0.819 
 105 V _   0.093 0.000 0.001 0.005 0.009 0.029 0.080 0.783 
 106 K _   0.139 0.000 0.001 0.004 0.014 0.036 0.075 0.731 
 107 S _   0.196 0.000 0.001 0.005 0.020 0.043 0.069 0.666 
 108 Y _   0.262 0.000 0.002 0.005 0.027 0.050 0.063 0.591 
 109 L _   0.328 0.000 0.002 0.006 0.036 0.055 0.058 0.514 
 110 Y _   0.388 0.001 0.002 0.006 0.045 0.059 0.054 0.444 
 111 Q H   0.438 0.001 0.002 0.007 0.052 0.061 0.052 0.388 
 112 I H   0.477 0.001 0.002 0.007 0.056 0.061 0.050 0.346 
 113 L H   0.504 0.001 0.002 0.007 0.059 0.059 0.049 0.319 
 114 Q H   0.518 0.002 0.002 0.007 0.059 0.057 0.049 0.306 
 115 G H   0.522 0.002 0.002 0.008 0.057 0.054 0.050 0.305 
 116 I H   0.515 0.002 0.002 0.008 0.054 0.051 0.051 0.317 
 117 V H   0.495 0.002 0.002 0.008 0.050 0.047 0.054 0.342 
 118 F H   0.460 0.002 0.002 0.009 0.045 0.044 0.057 0.381 
 119 C _   0.413 0.002 0.002 0.010 0.039 0.040 0.061 0.432 
 120 H _   0.358 0.002 0.002 0.011 0.032 0.037 0.065 0.491 
 121 S _   0.299 0.002 0.002 0.012 0.026 0.033 0.071 0.556 
 122 R _   0.238 0.002 0.002 0.012 0.019 0.029 0.077 0.622 
 123 R _   0.181 0.002 0.001 0.012 0.014 0.024 0.082 0.683 
 124 V _   0.133 0.001 0.001 0.011 0.010 0.021 0.087 0.736 
 125 L _   0.094 0.001 0.001 0.009 0.007 0.017 0.091 0.779 
 126 H _   0.066 0.001 0.001 0.008 0.005 0.014 0.095 0.811 
 127 R _   0.045 0.001 0.001 0.007 0.004 0.011 0.098 0.834 
 128 D _   0.031 0.001 0.000 0.006 0.003 0.010 0.100 0.850 
 129 L _   0.021 0.001 0.000 0.005 0.003 0.008 0.102 0.860 
 130 K _   0.015 0.001 0.000 0.005 0.002 0.007 0.103 0.866 
 131 P _   0.012 0.000 0.000 0.005 0.002 0.007 0.104 0.871 
 132 Q _   0.009 0.000 0.000 0.005 0.002 0.006 0.104 0.873 
 133 N _   0.008 0.001 0.000 0.005 0.002 0.006 0.104 0.875 
 134 L _   0.007 0.001 0.000 0.005 0.002 0.006 0.104 0.876 
 135 L _   0.006 0.001 0.000 0.005 0.002 0.006 0.103 0.877 
 136 I _   0.006 0.001 0.000 0.005 0.002 0.006 0.102 0.878 
 137 D _   0.006 0.001 0.000 0.005 0.002 0.007 0.100 0.879 
 138 D _   0.006 0.001 0.000 0.005 0.002 0.008 0.099 0.879 
 139 K _   0.006 0.001 0.000 0.005 0.002 0.010 0.096 0.879 
 140 G _   0.007 0.001 0.000 0.006 0.003 0.012 0.094 0.877 
 141 T _   0.009 0.002 0.000 0.007 0.004 0.014 0.091 0.873 
 142 I _   0.011 0.003 0.001 0.008 0.005 0.018 0.088 0.867 
 143 K _   0.014 0.004 0.001 0.010 0.006 0.023 0.084 0.858 
 144 L _   0.018 0.006 0.001 0.013 0.009 0.028 0.080 0.846 
 145 A _   0.023 0.007 0.001 0.015 0.012 0.033 0.076 0.831 
 146 D _   0.030 0.009 0.001 0.018 0.016 0.039 0.072 0.814 
 147 F _   0.037 0.011 0.001 0.021 0.020 0.045 0.068 0.797 
 148 G _   0.045 0.013 0.002 0.023 0.024 0.050 0.064 0.779 
 149 L _   0.054 0.014 0.002 0.025 0.028 0.054 0.061 0.762 
 150 A _   0.063 0.015 0.002 0.025 0.031 0.056 0.058 0.750 
 151 R _   0.072 0.015 0.002 0.025 0.033 0.058 0.055 0.741 
 152 A _   0.078 0.014 0.002 0.023 0.033 0.058 0.053 0.739 
 153 F _   0.083 0.013 0.002 0.021 0.032 0.057 0.051 0.741 
 154 G _   0.087 0.011 0.002 0.019 0.030 0.055 0.050 0.747 
 155 I _   0.090 0.009 0.002 0.016 0.027 0.053 0.048 0.755 
 156 P _   0.091 0.007 0.001 0.013 0.024 0.051 0.047 0.765 
 157 I _   0.091 0.005 0.001 0.011 0.021 0.048 0.046 0.775 
 158 R _   0.089 0.004 0.001 0.009 0.019 0.046 0.046 0.786 
 159 V _   0.085 0.003 0.001 0.008 0.017 0.044 0.045 0.796 
 160 Y _   0.081 0.003 0.001 0.008 0.016 0.042 0.045 0.805 
 161 T _   0.077 0.002 0.001 0.008 0.015 0.040 0.044 0.812 
 162 H _   0.072 0.003 0.001 0.009 0.015 0.039 0.044 0.819 
 163 E _   0.067 0.003 0.001 0.010 0.014 0.037 0.043 0.824 
 164 V _   0.063 0.003 0.001 0.011 0.014 0.036 0.043 0.829 
 165 V _   0.058 0.003 0.001 0.012 0.014 0.034 0.043 0.835 
 166 T _   0.053 0.004 0.001 0.012 0.013 0.032 0.043 0.841 
 167 L _   0.048 0.004 0.001 0.012 0.013 0.031 0.043 0.848 
 168 W _   0.043 0.004 0.001 0.012 0.012 0.029 0.043 0.856 
 169 Y _   0.038 0.004 0.001 0.012 0.011 0.028 0.043 0.863 
 170 R _   0.034 0.004 0.001 0.012 0.011 0.027 0.042 0.870 
 171 S _   0.031 0.004 0.001 0.012 0.010 0.026 0.042 0.874 
 172 P _   0.029 0.004 0.001 0.012 0.010 0.025 0.042 0.877 
 173 E _   0.028 0.004 0.001 0.013 0.010 0.024 0.042 0.878 
 174 V _   0.027 0.005 0.001 0.014 0.010 0.023 0.042 0.878 
 175 L _   0.028 0.005 0.001 0.015 0.010 0.022 0.042 0.878 
 176 L _   0.029 0.004 0.001 0.015 0.009 0.021 0.042 0.878 
 177 G _   0.030 0.004 0.001 0.014 0.009 0.020 0.042 0.880 
 178 S _   0.033 0.003 0.001 0.012 0.008 0.019 0.042 0.883 
 179 A _   0.038 0.002 0.001 0.009 0.007 0.017 0.042 0.884 
 180 R _   0.045 0.001 0.001 0.006 0.006 0.017 0.042 0.882 
 181 Y _   0.057 0.000 0.001 0.004 0.005 0.017 0.042 0.875 
 182 S _   0.075 0.000 0.001 0.002 0.005 0.017 0.041 0.859 
 183 T _   0.104 0.000 0.001 0.002 0.005 0.018 0.040 0.830 
 184 P _   0.146 0.000 0.001 0.002 0.006 0.021 0.040 0.785 
 185 V _   0.207 0.000 0.001 0.002 0.009 0.025 0.039 0.717 
 186 D _   0.281 0.000 0.001 0.002 0.015 0.031 0.038 0.633 
 187 I _   0.360 0.000 0.001 0.002 0.023 0.037 0.038 0.539 
 188 W _   0.432 0.000 0.002 0.003 0.033 0.042 0.038 0.450 
 189 S H   0.486 0.001 0.002 0.004 0.043 0.046 0.039 0.380 
 190 I H   0.521 0.003 0.002 0.007 0.052 0.048 0.040 0.327 
 191 G H   0.540 0.005 0.003 0.010 0.058 0.048 0.043 0.293 
 192 T H   0.542 0.007 0.003 0.014 0.061 0.048 0.047 0.279 
 193 I H   0.528 0.009 0.003 0.017 0.061 0.046 0.052 0.284 
 194 F H   0.499 0.010 0.003 0.019 0.058 0.043 0.059 0.308 
 195 A H   0.452 0.010 0.003 0.020 0.052 0.040 0.067 0.355 
 196 E _   0.391 0.009 0.003 0.020 0.043 0.036 0.078 0.421 
 197 L _   0.319 0.007 0.003 0.018 0.033 0.031 0.089 0.502 
 198 A _   0.242 0.005 0.002 0.014 0.022 0.026 0.101 0.588 
 199 T _   0.173 0.003 0.001 0.011 0.014 0.020 0.113 0.666 
 200 K _   0.116 0.002 0.001 0.008 0.008 0.016 0.123 0.727 
 201 K _   0.073 0.001 0.001 0.006 0.005 0.012 0.131 0.772 
 202 P _   0.045 0.000 0.000 0.004 0.003 0.009 0.137 0.801 
 203 L _   0.027 0.000 0.000 0.003 0.002 0.008 0.141 0.818 
 204 F _   0.017 0.000 0.000 0.002 0.002 0.007 0.144 0.828 
 205 H _   0.012 0.000 0.000 0.002 0.001 0.007 0.146 0.831 
 206 G _   0.010 0.000 0.000 0.002 0.001 0.008 0.148 0.830 
 207 D _   0.011 0.001 0.000 0.002 0.002 0.011 0.149 0.824 
 208 S _   0.014 0.003 0.000 0.004 0.003 0.015 0.149 0.811 
 209 E _   0.019 0.010 0.001 0.007 0.006 0.021 0.148 0.787 
 210 I _   0.027 0.028 0.001 0.013 0.013 0.030 0.147 0.742 
 211 D _   0.034 0.067 0.002 0.024 0.022 0.038 0.145 0.669 
 212 Q _   0.038 0.126 0.003 0.041 0.031 0.044 0.142 0.576 
 213 L _   0.039 0.184 0.003 0.058 0.037 0.046 0.140 0.492 
 214 F _   0.039 0.226 0.003 0.074 0.040 0.046 0.140 0.432 
 215 R _   0.038 0.248 0.002 0.085 0.040 0.045 0.142 0.401 
 216 I _   0.036 0.257 0.002 0.089 0.038 0.042 0.145 0.391 
 217 F _   0.034 0.256 0.002 0.087 0.034 0.038 0.149 0.400 
 218 R _   0.031 0.245 0.002 0.077 0.029 0.033 0.156 0.426 
 219 A _   0.027 0.220 0.002 0.063 0.024 0.029 0.164 0.471 
 220 L _   0.024 0.178 0.002 0.045 0.018 0.024 0.174 0.535 
 221 G _   0.020 0.125 0.002 0.029 0.013 0.019 0.185 0.608 
 222 T _   0.016 0.078 0.001 0.017 0.008 0.016 0.194 0.669 
 223 P _   0.013 0.050 0.001 0.009 0.005 0.013 0.201 0.708 
 224 N _   0.010 0.037 0.000 0.006 0.003 0.011 0.206 0.727 
 225 N _   0.008 0.032 0.000 0.005 0.002 0.010 0.210 0.733 
 226 E _   0.008 0.030 0.000 0.005 0.002 0.010 0.212 0.732 
 227 V _   0.008 0.031 0.000 0.007 0.003 0.010 0.215 0.726 
 228 W _   0.008 0.033 0.000 0.011 0.004 0.011 0.217 0.717 
 229 P _   0.008 0.037 0.001 0.016 0.005 0.012 0.218 0.704 
 230 E _   0.008 0.041 0.001 0.021 0.006 0.012 0.220 0.692 
 231 V _   0.008 0.044 0.001 0.024 0.006 0.012 0.223 0.682 
 232 E _   0.007 0.045 0.001 0.026 0.006 0.012 0.226 0.677 
 233 S _   0.007 0.045 0.001 0.025 0.006 0.011 0.230 0.676 
 234 L _   0.006 0.043 0.001 0.022 0.006 0.010 0.234 0.679 
 235 Q _   0.006 0.039 0.001 0.018 0.005 0.009 0.239 0.684 
 236 D _   0.006 0.034 0.000 0.014 0.004 0.008 0.244 0.691 
 237 Y _   0.005 0.029 0.000 0.010 0.003 0.007 0.249 0.696 
 238 K _   0.005 0.026 0.000 0.008 0.002 0.006 0.253 0.700 
 239 N _   0.004 0.024 0.000 0.006 0.002 0.006 0.257 0.701 
 240 T _   0.004 0.023 0.000 0.005 0.002 0.006 0.260 0.700 
 241 F _   0.004 0.023 0.000 0.005 0.002 0.006 0.262 0.696 
 242 P _   0.005 0.025 0.000 0.006 0.002 0.007 0.264 0.691 
 243 K _   0.005 0.028 0.000 0.008 0.003 0.008 0.266 0.683 
 244 W _   0.005 0.033 0.000 0.011 0.003 0.009 0.267 0.672 
 245 K _   0.005 0.040 0.001 0.015 0.004 0.010 0.267 0.658 
 246 P _   0.005 0.047 0.001 0.020 0.005 0.010 0.268 0.643 
 247 G _   0.005 0.054 0.001 0.024 0.006 0.011 0.269 0.630 
 248 S _   0.005 0.059 0.001 0.028 0.007 0.011 0.272 0.618 
 249 L _   0.005 0.062 0.001 0.030 0.007 0.011 0.274 0.609 
 250 A _   0.005 0.064 0.001 0.030 0.007 0.011 0.278 0.604 
 251 S _   0.005 0.063 0.001 0.028 0.006 0.010 0.283 0.603 
 252 H _   0.005 0.060 0.001 0.025 0.005 0.009 0.289 0.605 
 253 V _   0.005 0.056 0.001 0.020 0.005 0.009 0.296 0.610 
 254 K _   0.004 0.051 0.000 0.015 0.004 0.008 0.302 0.615 
 255 N _   0.004 0.046 0.000 0.011 0.003 0.007 0.309 0.620 
 256 L _   0.004 0.041 0.000 0.008 0.002 0.007 0.315 0.622 
 257 D _   0.004 0.038 0.000 0.006 0.002 0.007 0.321 0.622 
 258 E _   0.004 0.037 0.000 0.005 0.002 0.007 0.325 0.619 
 259 N _   0.005 0.038 0.000 0.005 0.002 0.008 0.329 0.613 
 260 G _   0.005 0.040 0.000 0.007 0.003 0.010 0.332 0.602 
 261 L _   0.007 0.046 0.000 0.010 0.004 0.012 0.335 0.586 
 262 D _   0.008 0.056 0.001 0.015 0.006 0.014 0.338 0.563 
 263 L _   0.009 0.069 0.001 0.021 0.008 0.016 0.341 0.535 
 264 L _   0.009 0.082 0.001 0.028 0.010 0.018 0.345 0.508 
 265 S _   0.010 0.091 0.001 0.034 0.011 0.018 0.350 0.485 
 266 K _   0.010 0.097 0.001 0.038 0.012 0.018 0.356 0.468 
 267 M _   0.010 0.099 0.001 0.039 0.012 0.018 0.363 0.458 
 268 L _   0.009 0.098 0.001 0.036 0.011 0.017 0.373 0.454 
 269 I _   0.009 0.095 0.001 0.032 0.010 0.016 0.384 0.454 
 270 Y _   0.009 0.089 0.001 0.026 0.008 0.014 0.397 0.457 
 271 D _   0.008 0.080 0.001 0.020 0.007 0.013 0.410 0.461 
 272 P _   0.008 0.072 0.001 0.015 0.006 0.012 0.424 0.463 
 273 A _   0.007 0.066 0.001 0.011 0.004 0.012 0.437 0.462 
 274 K _   0.007 0.061 0.000 0.009 0.004 0.011 0.450 0.457 
 275 R X   0.007 0.059 0.000 0.009 0.004 0.011 0.461 0.449 
 276 I X   0.007 0.058 0.000 0.010 0.004 0.011 0.471 0.438 
 277 S X   0.007 0.059 0.001 0.013 0.005 0.012 0.482 0.423 
 278 G X   0.007 0.061 0.001 0.016 0.005 0.012 0.492 0.406 
 279 K X   0.007 0.063 0.001 0.021 0.006 0.013 0.503 0.387 
 280 M X   0.007 0.064 0.001 0.025 0.007 0.013 0.516 0.369 
 281 A X   0.007 0.064 0.001 0.027 0.007 0.012 0.530 0.352 
 282 L X   0.006 0.062 0.001 0.028 0.007 0.012 0.546 0.338 
 283 N X   0.006 0.058 0.001 0.027 0.007 0.011 0.564 0.326 
 284 H X   0.005 0.053 0.001 0.025 0.006 0.010 0.585 0.316 
 285 P X   0.005 0.045 0.001 0.021 0.005 0.009 0.607 0.306 
 286 Y X   0.005 0.037 0.001 0.017 0.004 0.008 0.631 0.297 
 287 F X   0.005 0.028 0.001 0.013 0.004 0.007 0.655 0.287 
 288 N X   0.004 0.021 0.000 0.010 0.003 0.006 0.677 0.278 
 289 D X   0.003 0.016 0.000 0.008 0.002 0.005 0.695 0.270 
 290 L X   0.003 0.012 0.000 0.006 0.002 0.004 0.711 0.262 
 291 D X   0.002 0.010 0.000 0.005 0.001 0.003 0.724 0.254 
 292 N X   0.002 0.008 0.000 0.004 0.001 0.002 0.736 0.247 
 293 Q X   0.001 0.006 0.000 0.003 0.001 0.001 0.745 0.243 
 294 I X   0.000 0.005 0.000 0.002 0.000 0.000 0.751 0.241 
 295 K X   0.000 0.004 0.000 0.002 0.000 0.000 0.752 0.242 
 296 K X   0.000 0.004 0.000 0.003 0.000 0.000 0.749 0.244 
 297 M X   0.002 0.004 0.001 0.011 0.003 0.002 0.734 0.243 
