#TopoPred_TM8: 8-state transmembrane topology prediction results by no_profile mode 
#probabilities are in the order of H E C I L F X _, the 8 transmembrane topology types used in PDBTM 
   1 M X   0.015 0.002 0.002 0.053 0.009 0.010 0.670 0.239 
   2 A X   0.005 0.002 0.000 0.028 0.002 0.004 0.687 0.273 
   3 P X   0.001 0.002 0.000 0.014 0.000 0.003 0.688 0.292 
   4 P X   0.001 0.002 0.000 0.010 0.000 0.003 0.683 0.300 
   5 S X   0.001 0.005 0.000 0.011 0.001 0.005 0.672 0.305 
   6 E X   0.003 0.011 0.000 0.013 0.002 0.008 0.655 0.308 
   7 E X   0.004 0.024 0.000 0.018 0.003 0.012 0.631 0.307 
   8 T X   0.005 0.047 0.001 0.025 0.006 0.016 0.598 0.303 
   9 P X   0.006 0.081 0.001 0.033 0.008 0.019 0.556 0.295 
  10 L X   0.006 0.125 0.001 0.040 0.010 0.022 0.510 0.287 
  11 I X   0.005 0.169 0.002 0.044 0.011 0.022 0.465 0.281 
  12 P X   0.005 0.206 0.001 0.045 0.012 0.023 0.428 0.280 
  13 Q X   0.005 0.235 0.001 0.043 0.012 0.023 0.398 0.282 
  14 R X   0.005 0.257 0.001 0.041 0.012 0.024 0.374 0.286 
  15 S X   0.006 0.273 0.001 0.037 0.012 0.025 0.354 0.293 
  16 C X   0.007 0.286 0.001 0.033 0.013 0.026 0.337 0.298 
  17 S X   0.008 0.297 0.001 0.030 0.013 0.028 0.322 0.302 
  18 L X   0.009 0.307 0.001 0.028 0.014 0.029 0.308 0.304 
  19 L E   0.011 0.317 0.001 0.027 0.015 0.030 0.295 0.303 
  20 S E   0.013 0.326 0.001 0.027 0.017 0.031 0.283 0.301 
  21 T E   0.015 0.336 0.001 0.029 0.018 0.031 0.272 0.297 
  22 E E   0.017 0.344 0.001 0.032 0.019 0.031 0.262 0.293 
  23 A E   0.019 0.349 0.001 0.035 0.020 0.030 0.254 0.291 
  24 G E   0.021 0.351 0.001 0.038 0.020 0.029 0.248 0.292 
  25 A E   0.022 0.349 0.001 0.040 0.020 0.027 0.243 0.297 
  26 L E   0.023 0.341 0.001 0.041 0.018 0.025 0.240 0.310 
  27 H _   0.023 0.325 0.001 0.040 0.017 0.023 0.238 0.333 
  28 V _   0.023 0.297 0.002 0.037 0.015 0.021 0.237 0.368 
  29 L _   0.022 0.252 0.002 0.033 0.013 0.019 0.237 0.421 
  30 L _   0.021 0.192 0.002 0.027 0.011 0.017 0.239 0.492 
  31 P _   0.019 0.126 0.001 0.020 0.008 0.014 0.240 0.571 
  32 A _   0.017 0.071 0.001 0.013 0.006 0.012 0.240 0.640 
  33 R _   0.013 0.035 0.001 0.008 0.004 0.010 0.240 0.689 
  34 G _   0.010 0.017 0.000 0.005 0.002 0.008 0.238 0.720 
  35 P _   0.008 0.010 0.000 0.003 0.002 0.007 0.235 0.736 
  36 G _   0.006 0.007 0.000 0.003 0.001 0.006 0.230 0.746 
  37 P _   0.006 0.006 0.000 0.003 0.002 0.007 0.225 0.752 
  38 P _   0.006 0.006 0.000 0.004 0.002 0.008 0.219 0.755 
  39 Q _   0.006 0.008 0.000 0.006 0.003 0.010 0.211 0.756 
  40 R _   0.007 0.011 0.000 0.010 0.004 0.012 0.202 0.754 
  41 L _   0.007 0.015 0.001 0.015 0.005 0.015 0.191 0.751 
  42 S _   0.008 0.021 0.001 0.020 0.007 0.017 0.180 0.747 
  43 F _   0.008 0.025 0.001 0.024 0.008 0.019 0.169 0.745 
  44 S _   0.008 0.029 0.001 0.028 0.010 0.021 0.158 0.745 
  45 F _   0.009 0.031 0.001 0.029 0.011 0.023 0.148 0.747 
  46 G _   0.010 0.033 0.001 0.030 0.012 0.024 0.140 0.751 
  47 D _   0.012 0.033 0.001 0.029 0.012 0.026 0.132 0.756 
  48 H _   0.014 0.032 0.001 0.027 0.013 0.028 0.124 0.761 
  49 L _   0.018 0.030 0.001 0.026 0.014 0.029 0.118 0.764 
  50 A _   0.022 0.028 0.001 0.024 0.015 0.031 0.112 0.767 
  51 E _   0.028 0.025 0.001 0.023 0.015 0.033 0.107 0.769 
  52 D _   0.035 0.022 0.001 0.021 0.015 0.034 0.102 0.770 
  53 L _   0.043 0.018 0.001 0.019 0.015 0.035 0.097 0.771 
  54 C _   0.054 0.014 0.001 0.017 0.015 0.035 0.093 0.771 
  55 V _   0.066 0.011 0.001 0.015 0.015 0.035 0.089 0.769 
  56 Q _   0.079 0.007 0.001 0.012 0.014 0.035 0.085 0.767 
  57 A _   0.095 0.004 0.001 0.009 0.012 0.035 0.081 0.762 
  58 A _   0.112 0.002 0.001 0.006 0.011 0.035 0.078 0.755 
  59 K _   0.131 0.001 0.001 0.005 0.011 0.035 0.074 0.743 
  60 A _   0.155 0.000 0.001 0.003 0.011 0.035 0.070 0.724 
  61 S _   0.182 0.000 0.001 0.003 0.011 0.036 0.067 0.700 
  62 G _   0.213 0.000 0.001 0.002 0.012 0.038 0.064 0.669 
  63 I _   0.247 0.000 0.001 0.002 0.015 0.040 0.061 0.634 
  64 L _   0.282 0.000 0.001 0.003 0.018 0.043 0.058 0.595 
  65 P _   0.314 0.000 0.001 0.003 0.023 0.046 0.056 0.556 
  66 V _   0.343 0.000 0.002 0.004 0.029 0.048 0.054 0.520 
  67 Y _   0.363 0.001 0.002 0.006 0.034 0.050 0.053 0.491 
  68 H _   0.376 0.002 0.002 0.007 0.039 0.050 0.053 0.471 
  69 S _   0.379 0.002 0.002 0.009 0.042 0.050 0.053 0.462 
  70 L _   0.373 0.003 0.002 0.012 0.043 0.049 0.053 0.465 
  71 F _   0.357 0.004 0.002 0.013 0.042 0.047 0.054 0.481 
  72 A _   0.332 0.004 0.002 0.014 0.038 0.044 0.056 0.510 
  73 L _   0.299 0.004 0.002 0.014 0.033 0.040 0.058 0.551 
  74 A _   0.261 0.003 0.002 0.013 0.027 0.036 0.060 0.598 
  75 T _   0.220 0.003 0.002 0.011 0.021 0.031 0.063 0.649 
  76 E _   0.179 0.002 0.001 0.010 0.015 0.027 0.066 0.701 
  77 D _   0.140 0.001 0.001 0.008 0.011 0.023 0.068 0.747 
  78 L _   0.107 0.001 0.001 0.007 0.008 0.020 0.070 0.787 
  79 S _   0.079 0.001 0.001 0.006 0.006 0.017 0.072 0.818 
  80 C _   0.058 0.001 0.001 0.005 0.005 0.015 0.074 0.842 
  81 W _   0.042 0.000 0.001 0.005 0.004 0.013 0.075 0.860 
  82 F _   0.031 0.000 0.000 0.005 0.004 0.012 0.076 0.872 
  83 P _   0.023 0.000 0.000 0.005 0.003 0.011 0.076 0.880 
  84 P _   0.019 0.001 0.000 0.005 0.003 0.010 0.076 0.885 
  85 S _   0.015 0.001 0.000 0.005 0.003 0.010 0.076 0.889 
  86 H _   0.013 0.001 0.000 0.006 0.003 0.010 0.076 0.891 
  87 I _   0.012 0.001 0.000 0.006 0.003 0.010 0.076 0.892 
  88 F _   0.011 0.001 0.000 0.006 0.003 0.011 0.075 0.893 
  89 S _   0.011 0.001 0.000 0.006 0.003 0.012 0.074 0.893 
  90 V _   0.011 0.001 0.000 0.006 0.004 0.013 0.073 0.892 
  91 E _   0.012 0.002 0.000 0.006 0.004 0.015 0.072 0.889 
  92 D _   0.014 0.003 0.001 0.006 0.005 0.017 0.070 0.885 
  93 A _   0.017 0.004 0.001 0.007 0.006 0.020 0.069 0.877 
  94 S _   0.021 0.006 0.001 0.009 0.008 0.024 0.067 0.865 
  95 T _   0.025 0.009 0.001 0.011 0.011 0.028 0.065 0.849 
  96 Q _   0.030 0.014 0.001 0.015 0.015 0.033 0.063 0.830 
  97 V _   0.034 0.020 0.001 0.020 0.019 0.036 0.061 0.809 
  98 L _   0.038 0.026 0.002 0.025 0.022 0.039 0.059 0.789 
  99 L _   0.041 0.030 0.002 0.029 0.024 0.041 0.058 0.774 
 100 Y _   0.043 0.033 0.002 0.031 0.025 0.041 0.057 0.767 
 101 R _   0.044 0.034 0.002 0.031 0.025 0.041 0.056 0.768 
 102 I _   0.043 0.033 0.002 0.028 0.023 0.039 0.056 0.776 
 103 R _   0.041 0.031 0.001 0.024 0.020 0.037 0.056 0.789 
 104 F _   0.039 0.028 0.001 0.020 0.017 0.035 0.055 0.805 
 105 Y _   0.035 0.025 0.001 0.016 0.014 0.032 0.055 0.820 
 106 F _   0.033 0.022 0.001 0.013 0.012 0.030 0.055 0.834 
 107 P _   0.030 0.020 0.001 0.011 0.011 0.028 0.056 0.843 
 108 N _   0.028 0.019 0.001 0.011 0.010 0.027 0.056 0.848 
 109 W _   0.027 0.019 0.001 0.012 0.009 0.026 0.055 0.851 
 110 F _   0.025 0.019 0.001 0.013 0.009 0.025 0.055 0.853 
 111 G _   0.024 0.019 0.001 0.015 0.010 0.024 0.055 0.853 
 112 L _   0.022 0.019 0.001 0.016 0.010 0.023 0.055 0.854 
 113 E _   0.020 0.019 0.001 0.017 0.010 0.021 0.055 0.856 
 114 K _   0.018 0.018 0.001 0.018 0.009 0.020 0.055 0.860 
 115 C _   0.017 0.017 0.001 0.017 0.009 0.019 0.055 0.866 
 116 H _   0.016 0.015 0.001 0.015 0.008 0.018 0.055 0.873 
 117 R _   0.014 0.013 0.001 0.013 0.007 0.016 0.055 0.881 
 118 F _   0.013 0.010 0.001 0.011 0.006 0.015 0.055 0.889 
 119 G _   0.013 0.008 0.001 0.009 0.005 0.015 0.055 0.894 
 120 L _   0.013 0.006 0.001 0.007 0.004 0.015 0.055 0.898 
 121 R _   0.014 0.005 0.001 0.006 0.004 0.015 0.055 0.899 
 122 K _   0.016 0.005 0.000 0.006 0.004 0.017 0.055 0.898 
 123 D _   0.018 0.004 0.001 0.005 0.005 0.018 0.055 0.894 
 124 L _   0.022 0.005 0.001 0.006 0.006 0.021 0.054 0.885 
 125 A _   0.028 0.006 0.001 0.007 0.007 0.024 0.054 0.874 
 126 S _   0.034 0.008 0.001 0.008 0.010 0.028 0.053 0.859 
 127 A _   0.042 0.010 0.001 0.011 0.012 0.032 0.053 0.839 
 128 I _   0.049 0.015 0.001 0.013 0.016 0.036 0.052 0.818 
 129 L _   0.057 0.020 0.001 0.017 0.019 0.039 0.052 0.795 
 130 D _   0.063 0.025 0.002 0.021 0.023 0.042 0.051 0.774 
 131 L _   0.067 0.030 0.002 0.024 0.026 0.044 0.051 0.757 
 132 P _   0.069 0.033 0.002 0.027 0.027 0.044 0.051 0.746 
 133 V _   0.069 0.036 0.002 0.029 0.027 0.043 0.052 0.742 
 134 L _   0.067 0.037 0.002 0.030 0.026 0.041 0.053 0.745 
 135 E _   0.062 0.036 0.002 0.030 0.024 0.038 0.054 0.755 
 136 H _   0.056 0.034 0.001 0.028 0.020 0.034 0.055 0.771 
 137 L _   0.049 0.031 0.001 0.025 0.017 0.030 0.057 0.791 
 138 F _   0.042 0.026 0.001 0.020 0.013 0.026 0.058 0.814 
 139 A _   0.034 0.021 0.001 0.016 0.010 0.022 0.060 0.837 
 140 Q _   0.028 0.015 0.001 0.013 0.007 0.018 0.061 0.857 
 141 H _   0.022 0.011 0.001 0.010 0.005 0.015 0.062 0.874 
 142 R _   0.017 0.008 0.001 0.007 0.004 0.013 0.063 0.887 
 143 S _   0.014 0.006 0.000 0.006 0.003 0.011 0.063 0.896 
 144 D _   0.012 0.005 0.000 0.005 0.003 0.010 0.063 0.901 
 145 L _   0.010 0.005 0.000 0.005 0.003 0.009 0.063 0.904 
 146 V _   0.010 0.005 0.000 0.006 0.003 0.009 0.063 0.904 
 147 S _   0.009 0.005 0.000 0.007 0.003 0.010 0.063 0.902 
 148 G _   0.009 0.006 0.000 0.009 0.004 0.010 0.063 0.899 
 149 R _   0.009 0.007 0.001 0.010 0.004 0.011 0.062 0.896 
 150 L _   0.009 0.008 0.001 0.012 0.005 0.011 0.062 0.893 
 151 P _   0.009 0.009 0.001 0.013 0.005 0.012 0.061 0.891 
 152 V _   0.009 0.009 0.001 0.013 0.005 0.013 0.061 0.890 
 153 G _   0.009 0.009 0.001 0.012 0.005 0.013 0.060 0.890 
 154 L _   0.009 0.009 0.001 0.011 0.005 0.014 0.060 0.891 
 155 S _   0.010 0.009 0.001 0.009 0.004 0.015 0.059 0.892 
 156 L _   0.012 0.009 0.001 0.008 0.004 0.016 0.059 0.892 
 157 K _   0.014 0.009 0.000 0.007 0.005 0.018 0.058 0.888 
 158 E _   0.018 0.010 0.001 0.006 0.005 0.022 0.057 0.881 
 159 Q _   0.023 0.013 0.001 0.006 0.007 0.026 0.056 0.868 
 160 G _   0.031 0.018 0.001 0.008 0.011 0.031 0.055 0.845 
 161 E _   0.042 0.028 0.001 0.011 0.016 0.038 0.054 0.809 
 162 C _   0.053 0.046 0.002 0.017 0.023 0.044 0.052 0.763 
 163 L _   0.062 0.070 0.002 0.025 0.030 0.049 0.051 0.711 
 164 S _   0.069 0.094 0.002 0.033 0.036 0.052 0.050 0.663 
 165 L _   0.074 0.115 0.002 0.042 0.039 0.052 0.049 0.626 
 166 A _   0.076 0.128 0.002 0.049 0.040 0.051 0.050 0.604 
 167 V _   0.076 0.134 0.002 0.052 0.039 0.049 0.050 0.597 
 168 L _   0.074 0.136 0.002 0.052 0.036 0.046 0.051 0.603 
 169 D _   0.070 0.131 0.002 0.049 0.032 0.041 0.053 0.622 
 170 L _   0.064 0.121 0.002 0.043 0.026 0.036 0.055 0.653 
 171 A _   0.057 0.103 0.002 0.036 0.020 0.031 0.057 0.694 
 172 R _   0.048 0.080 0.001 0.027 0.015 0.026 0.060 0.742 
 173 M _   0.040 0.056 0.001 0.019 0.010 0.021 0.062 0.790 
 174 A _   0.031 0.035 0.001 0.013 0.007 0.017 0.065 0.831 
 175 R _   0.024 0.020 0.001 0.009 0.005 0.014 0.066 0.863 
 176 E _   0.018 0.011 0.000 0.006 0.003 0.011 0.067 0.883 
 177 Q _   0.014 0.007 0.000 0.004 0.002 0.009 0.067 0.896 
 178 A _   0.011 0.005 0.000 0.003 0.002 0.009 0.067 0.903 
 179 Q _   0.009 0.004 0.000 0.003 0.002 0.008 0.066 0.906 
 180 R _   0.008 0.004 0.000 0.004 0.002 0.009 0.066 0.906 
 181 P _   0.009 0.005 0.000 0.006 0.003 0.010 0.064 0.903 
 182 G _   0.009 0.007 0.000 0.008 0.004 0.012 0.063 0.897 
 183 E _   0.010 0.010 0.001 0.012 0.005 0.014 0.061 0.888 
 184 L _   0.011 0.014 0.001 0.017 0.007 0.015 0.059 0.877 
 185 L _   0.011 0.018 0.001 0.022 0.008 0.017 0.057 0.867 
 186 K _   0.012 0.020 0.001 0.026 0.010 0.018 0.055 0.859 
 187 T _   0.012 0.022 0.001 0.028 0.010 0.019 0.053 0.855 
 188 V _   0.012 0.022 0.001 0.029 0.011 0.019 0.052 0.855 
 189 S _   0.012 0.021 0.001 0.027 0.010 0.019 0.051 0.858 
 190 Y _   0.012 0.019 0.001 0.024 0.009 0.019 0.050 0.865 
 191 K _   0.013 0.016 0.001 0.020 0.008 0.019 0.049 0.874 
 192 A _   0.014 0.012 0.001 0.015 0.007 0.018 0.049 0.883 
 193 C _   0.015 0.009 0.001 0.011 0.006 0.019 0.048 0.892 
 194 L _   0.017 0.005 0.001 0.008 0.005 0.019 0.048 0.897 
 195 P _   0.020 0.003 0.001 0.006 0.005 0.021 0.047 0.898 
 196 P _   0.025 0.002 0.001 0.005 0.006 0.023 0.046 0.893 
 197 S _   0.032 0.002 0.001 0.005 0.007 0.026 0.045 0.883 
 198 L _   0.042 0.002 0.001 0.005 0.009 0.031 0.044 0.867 
 199 R _   0.054 0.002 0.001 0.007 0.012 0.036 0.042 0.846 
 200 D _   0.068 0.003 0.001 0.009 0.016 0.041 0.041 0.821 
 201 L _   0.082 0.004 0.001 0.011 0.021 0.046 0.040 0.793 
 202 I _   0.096 0.005 0.002 0.014 0.026 0.050 0.039 0.768 
 203 Q _   0.107 0.007 0.002 0.017 0.030 0.053 0.038 0.746 
 204 G _   0.117 0.008 0.002 0.019 0.033 0.055 0.037 0.730 
 205 L _   0.124 0.008 0.002 0.020 0.034 0.055 0.037 0.721 
 206 S _   0.127 0.008 0.002 0.019 0.033 0.054 0.036 0.721 
 207 F _   0.127 0.007 0.002 0.017 0.031 0.052 0.036 0.728 
 208 V _   0.123 0.006 0.002 0.015 0.027 0.049 0.037 0.742 
 209 T _   0.118 0.004 0.002 0.012 0.023 0.046 0.037 0.759 
 210 R _   0.110 0.003 0.001 0.009 0.019 0.042 0.037 0.777 
 211 R _   0.102 0.002 0.001 0.007 0.015 0.039 0.038 0.795 
 212 R _   0.093 0.001 0.001 0.006 0.012 0.037 0.038 0.812 
 213 I _   0.085 0.001 0.001 0.005 0.010 0.035 0.038 0.825 
 214 R _   0.077 0.001 0.001 0.005 0.009 0.033 0.039 0.835 
 215 R _   0.071 0.001 0.001 0.005 0.009 0.033 0.039 0.842 
 216 T _   0.066 0.002 0.001 0.006 0.010 0.033 0.039 0.844 
 217 V _   0.062 0.003 0.001 0.008 0.011 0.033 0.039 0.843 
 218 R _   0.058 0.006 0.001 0.011 0.013 0.034 0.039 0.839 
 219 R _   0.054 0.009 0.001 0.015 0.015 0.034 0.039 0.834 
 220 A _   0.050 0.012 0.001 0.019 0.016 0.034 0.039 0.829 
 221 L _   0.046 0.015 0.001 0.023 0.017 0.033 0.039 0.826 
 222 R _   0.042 0.017 0.001 0.026 0.017 0.031 0.039 0.827 
 223 R _   0.037 0.018 0.001 0.026 0.016 0.029 0.039 0.834 
 224 V _   0.032 0.017 0.001 0.024 0.013 0.026 0.040 0.846 
 225 A _   0.028 0.016 0.001 0.020 0.011 0.024 0.040 0.859 
 226 A _   0.025 0.014 0.001 0.016 0.009 0.021 0.040 0.874 
 227 C _   0.022 0.012 0.001 0.011 0.007 0.019 0.041 0.887 
 228 Q _   0.020 0.010 0.001 0.008 0.005 0.018 0.041 0.898 
 229 A _   0.018 0.008 0.000 0.006 0.005 0.017 0.041 0.904 
 230 D _   0.018 0.008 0.000 0.005 0.005 0.017 0.041 0.906 
 231 R _   0.019 0.009 0.001 0.006 0.005 0.018 0.040 0.902 
 232 H _   0.020 0.011 0.001 0.008 0.006 0.020 0.040 0.894 
 233 S _   0.022 0.016 0.001 0.012 0.009 0.021 0.040 0.880 
 234 L _   0.024 0.022 0.001 0.018 0.011 0.023 0.039 0.862 
 235 M _   0.025 0.029 0.001 0.026 0.013 0.024 0.039 0.843 
 236 A _   0.025 0.034 0.001 0.033 0.015 0.024 0.039 0.828 
 237 K _   0.025 0.037 0.001 0.037 0.015 0.024 0.039 0.822 
 238 Y _   0.024 0.038 0.001 0.037 0.014 0.022 0.040 0.824 
 239 I _   0.022 0.036 0.001 0.034 0.013 0.020 0.040 0.833 
 240 M _   0.020 0.033 0.001 0.029 0.010 0.018 0.041 0.849 
 241 D _   0.018 0.027 0.001 0.021 0.008 0.015 0.042 0.869 
 242 L _   0.015 0.019 0.001 0.014 0.006 0.013 0.043 0.889 
 243 E _   0.013 0.013 0.000 0.009 0.004 0.011 0.044 0.906 
 244 R _   0.011 0.009 0.000 0.006 0.003 0.010 0.044 0.917 
 245 L _   0.010 0.006 0.000 0.004 0.002 0.009 0.044 0.924 
 246 D _   0.009 0.006 0.000 0.003 0.002 0.009 0.044 0.926 
 247 P _   0.010 0.006 0.000 0.003 0.002 0.011 0.044 0.924 
 248 A _   0.011 0.008 0.000 0.005 0.003 0.013 0.043 0.917 
 249 G _   0.013 0.013 0.001 0.007 0.005 0.015 0.042 0.905 
 250 A _   0.016 0.022 0.001 0.011 0.007 0.018 0.040 0.885 
 251 A _   0.018 0.036 0.001 0.017 0.010 0.021 0.039 0.859 
 252 E _   0.019 0.052 0.001 0.023 0.013 0.024 0.037 0.831 
 253 T _   0.020 0.067 0.001 0.030 0.015 0.026 0.035 0.807 
 254 F _   0.020 0.078 0.001 0.034 0.017 0.027 0.034 0.789 
 255 H _   0.020 0.086 0.001 0.037 0.017 0.027 0.033 0.778 
 256 V _   0.020 0.090 0.001 0.038 0.017 0.026 0.032 0.774 
 257 G _   0.020 0.092 0.001 0.037 0.016 0.025 0.032 0.777 
 258 L _   0.019 0.090 0.001 0.033 0.015 0.024 0.032 0.786 
 259 P _   0.018 0.086 0.001 0.028 0.013 0.022 0.032 0.800 
 260 G _   0.017 0.080 0.001 0.023 0.010 0.020 0.032 0.816 
 261 A _   0.016 0.073 0.001 0.018 0.008 0.018 0.032 0.834 
 262 L _   0.015 0.065 0.001 0.014 0.007 0.017 0.033 0.849 
 263 G _   0.014 0.059 0.001 0.011 0.006 0.016 0.033 0.862 
 264 G _   0.013 0.056 0.001 0.009 0.005 0.015 0.033 0.869 
 265 H _   0.013 0.054 0.001 0.008 0.005 0.015 0.032 0.872 
 266 D _   0.013 0.054 0.001 0.009 0.005 0.015 0.032 0.872 
 267 G _   0.013 0.056 0.001 0.010 0.006 0.015 0.032 0.868 
 268 L _   0.013 0.059 0.001 0.012 0.006 0.016 0.031 0.861 
 269 G _   0.014 0.062 0.001 0.015 0.007 0.016 0.031 0.854 
 270 L _   0.014 0.066 0.001 0.017 0.008 0.017 0.031 0.847 
 271 L _   0.014 0.068 0.001 0.018 0.008 0.017 0.031 0.844 
 272 R _   0.013 0.070 0.001 0.018 0.008 0.016 0.030 0.843 
 273 V _   0.013 0.070 0.001 0.018 0.008 0.016 0.030 0.844 
 274 A _   0.012 0.070 0.001 0.017 0.007 0.015 0.030 0.848 
 275 G _   0.012 0.068 0.001 0.015 0.007 0.015 0.030 0.851 
 276 D _   0.012 0.067 0.001 0.014 0.006 0.015 0.031 0.854 
 277 G _   0.012 0.066 0.001 0.013 0.006 0.015 0.031 0.856 
 278 G _   0.013 0.065 0.001 0.013 0.006 0.015 0.031 0.856 
 279 I _   0.013 0.065 0.001 0.013 0.006 0.015 0.031 0.855 
 280 A _   0.013 0.065 0.001 0.014 0.007 0.015 0.032 0.854 
 281 W _   0.013 0.065 0.001 0.014 0.007 0.015 0.032 0.853 
 282 T _   0.013 0.064 0.001 0.015 0.007 0.015 0.032 0.853 
 283 Q _   0.012 0.064 0.001 0.015 0.007 0.015 0.033 0.854 
 284 G _   0.011 0.063 0.001 0.015 0.007 0.015 0.033 0.855 
 285 E _   0.011 0.062 0.001 0.015 0.006 0.015 0.034 0.857 
 286 Q _   0.011 0.060 0.001 0.015 0.006 0.014 0.034 0.860 
 287 E _   0.010 0.059 0.001 0.014 0.006 0.014 0.034 0.862 
 288 V _   0.010 0.058 0.001 0.014 0.006 0.014 0.035 0.864 
 289 L _   0.010 0.056 0.001 0.013 0.006 0.013 0.035 0.866 
 290 Q _   0.010 0.055 0.001 0.012 0.006 0.013 0.036 0.868 
 291 P _   0.010 0.054 0.001 0.012 0.006 0.013 0.036 0.868 
 292 F _   0.010 0.053 0.001 0.012 0.006 0.013 0.036 0.869 
 293 C _   0.011 0.052 0.001 0.012 0.006 0.014 0.037 0.868 
 294 D _   0.011 0.051 0.001 0.013 0.006 0.014 0.037 0.867 
 295 F _   0.011 0.051 0.001 0.013 0.006 0.014 0.038 0.865 
 296 P _   0.012 0.051 0.001 0.015 0.007 0.015 0.038 0.861 
 297 E _   0.013 0.052 0.001 0.016 0.008 0.015 0.039 0.857 
 298 I _   0.013 0.052 0.001 0.018 0.008 0.016 0.040 0.853 
 299 V _   0.014 0.052 0.001 0.019 0.008 0.016 0.040 0.850 
 300 D _   0.014 0.052 0.001 0.021 0.008 0.016 0.041 0.848 
 301 I _   0.013 0.051 0.001 0.021 0.008 0.015 0.042 0.849 
 302 S _   0.013 0.048 0.001 0.020 0.008 0.014 0.043 0.853 
 303 I _   0.012 0.045 0.001 0.018 0.007 0.013 0.044 0.860 
 304 K _   0.011 0.040 0.001 0.016 0.006 0.012 0.045 0.869 
 305 Q _   0.010 0.036 0.001 0.012 0.005 0.011 0.046 0.879 
 306 A _   0.009 0.031 0.000 0.010 0.004 0.010 0.047 0.889 
 307 P _   0.008 0.028 0.000 0.007 0.003 0.010 0.048 0.895 
 308 R _   0.008 0.026 0.000 0.006 0.003 0.010 0.048 0.899 
 309 V _   0.008 0.026 0.000 0.006 0.003 0.010 0.049 0.899 
 310 G _   0.008 0.027 0.000 0.007 0.003 0.011 0.049 0.894 
 311 P _   0.009 0.031 0.000 0.009 0.004 0.013 0.049 0.885 
 312 A _   0.011 0.037 0.001 0.012 0.006 0.015 0.048 0.870 
 313 G _   0.012 0.045 0.001 0.018 0.008 0.017 0.048 0.850 
 314 E _   0.013 0.055 0.001 0.025 0.010 0.019 0.048 0.830 
 315 H _   0.014 0.063 0.001 0.031 0.012 0.020 0.048 0.811 
 316 R _   0.014 0.069 0.001 0.037 0.013 0.020 0.048 0.798 
 317 L _   0.014 0.071 0.001 0.039 0.013 0.020 0.049 0.793 
 318 V _   0.013 0.071 0.001 0.039 0.012 0.019 0.050 0.795 
 319 T _   0.013 0.067 0.001 0.036 0.011 0.018 0.051 0.804 
 320 V _   0.012 0.061 0.001 0.030 0.010 0.016 0.053 0.818 
 321 T _   0.011 0.051 0.001 0.024 0.008 0.014 0.055 0.837 
 322 R _   0.010 0.040 0.001 0.018 0.006 0.013 0.057 0.856 
 323 T _   0.009 0.029 0.001 0.013 0.005 0.011 0.058 0.874 
 324 D _   0.008 0.020 0.000 0.010 0.004 0.010 0.060 0.887 
 325 N _   0.008 0.014 0.000 0.008 0.003 0.010 0.061 0.895 
 326 Q _   0.007 0.010 0.000 0.007 0.003 0.009 0.063 0.900 
 327 I _   0.007 0.008 0.000 0.007 0.003 0.010 0.063 0.902 
 328 L _   0.008 0.006 0.000 0.007 0.003 0.010 0.064 0.903 
 329 E _   0.008 0.005 0.000 0.007 0.003 0.011 0.064 0.902 
 330 A _   0.009 0.004 0.000 0.007 0.003 0.012 0.064 0.900 
 331 E _   0.010 0.004 0.000 0.006 0.003 0.014 0.064 0.898 
 332 F _   0.013 0.003 0.000 0.006 0.004 0.016 0.063 0.894 
 333 P _   0.017 0.003 0.000 0.006 0.004 0.020 0.063 0.886 
 334 G _   0.025 0.003 0.001 0.006 0.005 0.025 0.062 0.873 
 335 L _   0.037 0.004 0.001 0.006 0.008 0.031 0.061 0.853 
 336 P _   0.053 0.006 0.001 0.006 0.012 0.040 0.059 0.822 
 337 E _   0.076 0.010 0.001 0.008 0.019 0.050 0.058 0.778 
 338 A _   0.101 0.019 0.002 0.011 0.030 0.061 0.056 0.721 
 339 L _   0.126 0.034 0.002 0.016 0.042 0.070 0.054 0.655 
 340 S _   0.149 0.055 0.003 0.022 0.054 0.077 0.053 0.587 
 341 F _   0.166 0.080 0.003 0.030 0.063 0.080 0.052 0.527 
 342 V _   0.176 0.102 0.003 0.038 0.067 0.079 0.052 0.483 
 343 A _   0.181 0.116 0.003 0.045 0.067 0.076 0.052 0.459 
 344 L _   0.180 0.123 0.003 0.049 0.065 0.072 0.054 0.454 
 345 V _   0.174 0.125 0.003 0.050 0.060 0.067 0.056 0.465 
 346 D _   0.163 0.121 0.003 0.048 0.053 0.060 0.058 0.493 
 347 G _   0.148 0.111 0.003 0.043 0.044 0.053 0.062 0.537 
 348 Y _   0.129 0.093 0.002 0.035 0.034 0.045 0.066 0.596 
 349 F _   0.107 0.068 0.002 0.026 0.024 0.037 0.071 0.665 
 350 R _   0.085 0.042 0.002 0.018 0.016 0.029 0.075 0.733 
 351 L _   0.063 0.023 0.001 0.011 0.010 0.023 0.079 0.791 
 352 T _   0.045 0.011 0.001 0.007 0.006 0.018 0.082 0.832 
 353 T _   0.031 0.005 0.000 0.005 0.004 0.014 0.083 0.858 
 354 D _   0.022 0.003 0.000 0.003 0.003 0.011 0.084 0.873 
 355 S _   0.016 0.002 0.000 0.003 0.002 0.010 0.085 0.881 
 356 Q _   0.013 0.002 0.000 0.003 0.002 0.009 0.085 0.885 
 357 H _   0.011 0.002 0.000 0.004 0.002 0.009 0.085 0.886 
 358 F _   0.010 0.003 0.000 0.005 0.003 0.009 0.085 0.885 
 359 F _   0.009 0.004 0.000 0.007 0.003 0.009 0.084 0.883 
 360 C _   0.009 0.006 0.000 0.008 0.003 0.010 0.083 0.880 
 361 K _   0.009 0.008 0.000 0.009 0.004 0.010 0.082 0.877 
 362 E _   0.008 0.011 0.001 0.010 0.004 0.011 0.081 0.874 
 363 V _   0.008 0.014 0.001 0.011 0.005 0.011 0.080 0.871 
 364 A _   0.009 0.017 0.001 0.012 0.005 0.012 0.078 0.867 
 365 P _   0.009 0.021 0.001 0.012 0.005 0.013 0.077 0.862 
 366 P _   0.009 0.025 0.001 0.013 0.006 0.014 0.076 0.856 
 367 R _   0.010 0.029 0.001 0.015 0.006 0.015 0.074 0.850 
 368 L _   0.010 0.033 0.001 0.016 0.007 0.016 0.073 0.844 
 369 L _   0.011 0.037 0.001 0.017 0.008 0.017 0.072 0.838 
 370 E _   0.012 0.041 0.001 0.017 0.008 0.018 0.071 0.833 
 371 E _   0.012 0.044 0.001 0.017 0.008 0.018 0.070 0.829 
 372 V _   0.013 0.047 0.001 0.017 0.008 0.019 0.069 0.826 
 373 A _   0.014 0.049 0.001 0.016 0.008 0.019 0.069 0.824 
 374 E _   0.015 0.051 0.001 0.015 0.008 0.020 0.068 0.823 
 375 Q _   0.015 0.052 0.001 0.014 0.008 0.021 0.067 0.821 
 376 C _   0.016 0.054 0.001 0.014 0.009 0.021 0.067 0.818 
 377 H _   0.018 0.056 0.001 0.014 0.010 0.023 0.067 0.812 
 378 G _   0.020 0.059 0.001 0.016 0.011 0.024 0.066 0.804 
 379 P _   0.021 0.064 0.001 0.018 0.012 0.025 0.066 0.792 
 380 I _   0.023 0.068 0.001 0.022 0.014 0.026 0.066 0.780 
 381 T _   0.025 0.072 0.001 0.026 0.015 0.026 0.066 0.768 
 382 L _   0.025 0.075 0.001 0.030 0.016 0.026 0.067 0.760 
 383 D _   0.025 0.076 0.001 0.033 0.015 0.025 0.068 0.756 
 384 F _   0.024 0.075 0.001 0.033 0.015 0.024 0.069 0.759 
 385 A _   0.022 0.072 0.001 0.032 0.013 0.022 0.071 0.767 
 386 I _   0.020 0.066 0.001 0.029 0.011 0.020 0.072 0.781 
 387 N _   0.018 0.058 0.001 0.024 0.009 0.017 0.074 0.799 
 388 K _   0.016 0.047 0.001 0.019 0.007 0.015 0.076 0.818 
 389 L _   0.014 0.037 0.001 0.014 0.006 0.013 0.078 0.838 
 390 K _   0.012 0.028 0.001 0.010 0.004 0.011 0.080 0.855 
 391 T _   0.010 0.021 0.000 0.007 0.003 0.009 0.081 0.868 
 392 G _   0.009 0.017 0.000 0.006 0.003 0.009 0.082 0.875 
 393 G _   0.008 0.015 0.000 0.005 0.002 0.008 0.082 0.879 
 394 S _   0.007 0.014 0.000 0.006 0.003 0.008 0.082 0.879 
 395 R _   0.007 0.014 0.000 0.007 0.003 0.009 0.082 0.877 
 396 P _   0.008 0.015 0.000 0.009 0.004 0.010 0.082 0.872 
 397 G _   0.008 0.017 0.001 0.012 0.004 0.011 0.081 0.866 
 398 S _   0.008 0.019 0.001 0.015 0.005 0.011 0.081 0.861 
 399 Y _   0.008 0.020 0.001 0.017 0.005 0.012 0.080 0.857 
 400 V _   0.008 0.021 0.001 0.018 0.005 0.012 0.080 0.856 
 401 L _   0.007 0.020 0.001 0.016 0.005 0.012 0.080 0.858 
 402 R _   0.007 0.019 0.001 0.014 0.004 0.012 0.080 0.863 
 403 R _   0.007 0.018 0.000 0.011 0.004 0.012 0.080 0.869 
 404 S _   0.007 0.017 0.000 0.008 0.003 0.012 0.079 0.873 
 405 P _   0.008 0.016 0.000 0.006 0.003 0.014 0.079 0.874 
 406 Q _   0.011 0.017 0.000 0.005 0.004 0.016 0.078 0.870 
 407 D _   0.014 0.019 0.001 0.006 0.006 0.021 0.076 0.857 
 408 F _   0.020 0.028 0.001 0.009 0.010 0.027 0.075 0.830 
 409 D _   0.028 0.050 0.001 0.017 0.018 0.035 0.072 0.780 
 410 S _   0.033 0.092 0.002 0.030 0.027 0.041 0.069 0.705 
 411 F _   0.037 0.149 0.003 0.048 0.034 0.044 0.066 0.619 
 412 L _   0.037 0.196 0.003 0.067 0.037 0.045 0.064 0.551 
 413 L _   0.036 0.224 0.002 0.080 0.037 0.043 0.063 0.514 
 414 T _   0.035 0.236 0.002 0.087 0.035 0.041 0.063 0.502 
 415 V _   0.033 0.238 0.002 0.086 0.032 0.037 0.064 0.508 
 416 C _   0.030 0.231 0.002 0.079 0.027 0.033 0.066 0.533 
 417 V _   0.027 0.211 0.002 0.066 0.023 0.028 0.068 0.576 
 418 Q _   0.024 0.174 0.002 0.049 0.017 0.023 0.072 0.638 
 419 N _   0.021 0.124 0.002 0.032 0.012 0.019 0.075 0.713 
 420 P _   0.018 0.074 0.001 0.019 0.008 0.015 0.079 0.786 
 421 L _   0.014 0.038 0.001 0.011 0.005 0.012 0.081 0.838 
 422 G _   0.011 0.020 0.000 0.006 0.003 0.010 0.082 0.867 
 423 P _   0.008 0.013 0.000 0.003 0.002 0.009 0.083 0.881 
 424 D _   0.007 0.011 0.000 0.003 0.002 0.009 0.083 0.886 
 425 Y _   0.007 0.011 0.000 0.003 0.002 0.009 0.082 0.886 
 426 K _   0.007 0.012 0.000 0.004 0.002 0.011 0.081 0.882 
 427 G _   0.009 0.017 0.000 0.006 0.003 0.013 0.079 0.872 
 428 C _   0.010 0.026 0.001 0.009 0.005 0.017 0.077 0.857 
 429 L _   0.012 0.040 0.001 0.013 0.007 0.020 0.074 0.834 
 430 I _   0.013 0.060 0.001 0.018 0.009 0.024 0.070 0.805 
 431 R _   0.015 0.083 0.001 0.023 0.012 0.028 0.066 0.772 
 432 R _   0.016 0.107 0.001 0.028 0.016 0.032 0.062 0.739 
 433 S _   0.018 0.131 0.002 0.033 0.019 0.035 0.058 0.704 
 434 P _   0.019 0.154 0.002 0.039 0.023 0.038 0.054 0.671 
 435 T _   0.021 0.172 0.002 0.046 0.027 0.039 0.051 0.642 
 436 G _   0.022 0.185 0.002 0.053 0.029 0.041 0.049 0.619 
 437 T _   0.024 0.193 0.002 0.059 0.030 0.041 0.047 0.604 
 438 F _   0.025 0.195 0.002 0.062 0.030 0.040 0.046 0.601 
 439 L _   0.026 0.191 0.002 0.062 0.028 0.038 0.046 0.608 
 440 L _   0.026 0.179 0.002 0.057 0.025 0.036 0.046 0.630 
 441 V _   0.026 0.156 0.002 0.047 0.022 0.033 0.046 0.668 
 442 G _   0.027 0.121 0.002 0.036 0.018 0.031 0.047 0.719 
 443 L _   0.028 0.078 0.002 0.023 0.013 0.029 0.047 0.780 
 444 S _   0.029 0.038 0.001 0.013 0.010 0.028 0.048 0.834 
 445 R _   0.030 0.014 0.001 0.007 0.007 0.027 0.048 0.867 
 446 P _   0.032 0.004 0.001 0.003 0.005 0.027 0.047 0.880 
 447 H _   0.038 0.002 0.000 0.002 0.005 0.029 0.046 0.878 
 448 S _   0.047 0.001 0.001 0.002 0.006 0.033 0.045 0.865 
 449 S _   0.060 0.001 0.001 0.004 0.010 0.038 0.044 0.842 
 450 L _   0.076 0.002 0.001 0.007 0.016 0.045 0.043 0.810 
 451 R _   0.093 0.005 0.002 0.012 0.024 0.051 0.042 0.772 
 452 E _   0.105 0.009 0.002 0.020 0.031 0.055 0.041 0.738 
 453 L _   0.114 0.012 0.002 0.027 0.036 0.056 0.040 0.713 
 454 L _   0.119 0.014 0.002 0.031 0.038 0.056 0.040 0.700 
 455 A _   0.120 0.015 0.002 0.032 0.037 0.054 0.040 0.701 
 456 T _   0.119 0.013 0.002 0.028 0.034 0.051 0.040 0.713 
 457 C _   0.115 0.011 0.002 0.022 0.028 0.047 0.040 0.736 
 458 W _   0.109 0.007 0.002 0.015 0.022 0.042 0.040 0.763 
 459 D _   0.102 0.004 0.001 0.009 0.016 0.038 0.041 0.789 
 460 G _   0.095 0.002 0.001 0.006 0.011 0.035 0.041 0.810 
 461 G _   0.090 0.001 0.001 0.003 0.008 0.033 0.041 0.823 
 462 L _   0.087 0.000 0.001 0.003 0.007 0.032 0.041 0.829 
 463 H _   0.087 0.000 0.001 0.002 0.007 0.033 0.041 0.829 
 464 V _   0.089 0.001 0.001 0.003 0.008 0.035 0.041 0.822 
 465 D _   0.093 0.001 0.001 0.005 0.011 0.037 0.042 0.810 
 466 G _   0.096 0.004 0.001 0.008 0.016 0.040 0.042 0.793 
 467 V _   0.099 0.009 0.001 0.013 0.021 0.043 0.042 0.771 
 468 A _   0.098 0.017 0.002 0.021 0.026 0.045 0.042 0.749 
 469 V _   0.094 0.025 0.002 0.029 0.030 0.045 0.042 0.733 
 470 T _   0.087 0.031 0.002 0.037 0.031 0.044 0.043 0.725 
 471 L _   0.077 0.035 0.002 0.042 0.030 0.041 0.044 0.729 
 472 T _   0.066 0.036 0.002 0.042 0.027 0.037 0.046 0.744 
 473 S _   0.055 0.034 0.002 0.039 0.022 0.033 0.047 0.768 
 474 C _   0.044 0.030 0.001 0.032 0.017 0.027 0.049 0.798 
 475 C _   0.034 0.024 0.001 0.024 0.012 0.022 0.051 0.831 
 476 I _   0.026 0.018 0.001 0.016 0.008 0.018 0.052 0.861 
 477 P _   0.020 0.012 0.001 0.010 0.005 0.014 0.054 0.885 
 478 R _   0.015 0.009 0.000 0.006 0.003 0.012 0.054 0.901 
 479 P _   0.012 0.007 0.000 0.004 0.002 0.010 0.054 0.909 
 480 K _   0.010 0.007 0.000 0.004 0.002 0.010 0.054 0.913 
 481 E _   0.009 0.008 0.000 0.004 0.002 0.010 0.054 0.912 
 482 K _   0.010 0.010 0.000 0.006 0.003 0.012 0.053 0.905 
 483 S _   0.011 0.016 0.001 0.010 0.005 0.013 0.053 0.892 
 484 N _   0.012 0.027 0.001 0.017 0.007 0.015 0.051 0.870 
 485 L _   0.013 0.041 0.001 0.025 0.009 0.017 0.050 0.845 
 486 I _   0.013 0.054 0.001 0.032 0.010 0.018 0.049 0.822 
 487 V _   0.013 0.063 0.001 0.038 0.011 0.018 0.048 0.807 
 488 V _   0.013 0.067 0.001 0.040 0.011 0.018 0.048 0.802 
 489 Q _   0.012 0.068 0.001 0.038 0.010 0.017 0.048 0.807 
 490 R _   0.011 0.065 0.001 0.032 0.009 0.015 0.048 0.819 
 491 G _   0.010 0.060 0.001 0.025 0.007 0.013 0.048 0.835 
 492 H _   0.010 0.054 0.001 0.017 0.005 0.012 0.049 0.853 
 493 S _   0.009 0.047 0.000 0.012 0.004 0.010 0.049 0.869 
 494 P _   0.008 0.042 0.000 0.008 0.003 0.009 0.049 0.880 
 495 P _   0.008 0.040 0.000 0.006 0.003 0.009 0.050 0.885 
 496 T _   0.008 0.039 0.000 0.006 0.003 0.009 0.049 0.886 
 497 S _   0.008 0.041 0.000 0.006 0.003 0.010 0.049 0.883 
 498 S _   0.008 0.045 0.000 0.008 0.003 0.011 0.048 0.876 
 499 L _   0.009 0.052 0.001 0.010 0.004 0.012 0.048 0.866 
 500 V _   0.009 0.062 0.001 0.012 0.005 0.013 0.046 0.853 
 501 Q _   0.009 0.073 0.001 0.014 0.006 0.013 0.045 0.839 
 502 P _   0.009 0.084 0.001 0.016 0.006 0.014 0.044 0.826 
 503 Q _   0.009 0.095 0.001 0.018 0.007 0.015 0.042 0.813 
 504 S _   0.009 0.105 0.001 0.020 0.007 0.015 0.041 0.802 
 505 Q _   0.009 0.114 0.001 0.021 0.008 0.016 0.040 0.791 
 506 Y _   0.009 0.123 0.001 0.023 0.008 0.016 0.039 0.781 
 507 Q _   0.009 0.130 0.001 0.025 0.009 0.016 0.038 0.771 
 508 L _   0.009 0.136 0.001 0.027 0.009 0.016 0.037 0.764 
 509 S _   0.010 0.140 0.001 0.029 0.009 0.016 0.037 0.758 
 510 Q _   0.010 0.142 0.001 0.030 0.009 0.016 0.036 0.757 
 511 M _   0.010 0.141 0.001 0.029 0.009 0.015 0.036 0.759 
 512 T _   0.009 0.137 0.001 0.027 0.008 0.014 0.036 0.766 
 513 F _   0.009 0.131 0.001 0.025 0.008 0.013 0.037 0.777 
 514 H _   0.009 0.122 0.001 0.021 0.007 0.012 0.037 0.791 
 515 K _   0.008 0.112 0.001 0.018 0.006 0.011 0.038 0.807 
 516 I _   0.008 0.101 0.001 0.015 0.005 0.010 0.038 0.822 
 517 P _   0.008 0.092 0.001 0.013 0.004 0.010 0.039 0.835 
 518 A _   0.008 0.084 0.001 0.011 0.004 0.010 0.039 0.844 
 519 D _   0.008 0.078 0.000 0.010 0.004 0.009 0.039 0.852 
 520 S _   0.008 0.073 0.000 0.010 0.004 0.009 0.040 0.857 
 521 L _   0.007 0.070 0.000 0.010 0.004 0.009 0.040 0.860 
 522 E _   0.007 0.068 0.000 0.010 0.004 0.009 0.040 0.862 
 523 W _   0.007 0.066 0.000 0.010 0.004 0.009 0.040 0.864 
 524 H _   0.007 0.065 0.000 0.010 0.004 0.010 0.039 0.865 
 525 E _   0.007 0.064 0.000 0.010 0.004 0.010 0.039 0.865 
 526 N _   0.007 0.064 0.000 0.010 0.004 0.010 0.039 0.865 
 527 L _   0.007 0.065 0.000 0.010 0.004 0.011 0.038 0.864 
 528 G _   0.008 0.066 0.001 0.011 0.004 0.011 0.037 0.862 
 529 H _   0.008 0.067 0.001 0.012 0.005 0.012 0.037 0.858 
 530 G _   0.009 0.070 0.001 0.014 0.006 0.013 0.036 0.853 
 531 S _   0.009 0.073 0.001 0.016 0.006 0.014 0.035 0.846 
 532 F _   0.010 0.076 0.001 0.018 0.007 0.015 0.035 0.839 
 533 T _   0.010 0.079 0.001 0.021 0.008 0.015 0.034 0.832 
 534 K _   0.011 0.081 0.001 0.023 0.009 0.016 0.034 0.826 
 535 I _   0.011 0.082 0.001 0.024 0.009 0.016 0.033 0.824 
 536 Y _   0.011 0.082 0.001 0.024 0.009 0.015 0.033 0.824 
 537 R _   0.011 0.080 0.001 0.024 0.009 0.015 0.033 0.828 
 538 G _   0.010 0.077 0.001 0.022 0.008 0.014 0.033 0.834 
 539 C _   0.010 0.072 0.001 0.020 0.007 0.013 0.034 0.844 
 540 R _   0.009 0.066 0.001 0.017 0.006 0.012 0.034 0.854 
 541 H _   0.009 0.059 0.001 0.014 0.005 0.011 0.034 0.866 
 542 E _   0.008 0.053 0.001 0.012 0.004 0.011 0.035 0.877 
 543 V _   0.008 0.048 0.000 0.009 0.004 0.010 0.035 0.886 
 544 V _   0.008 0.044 0.000 0.008 0.003 0.010 0.035 0.892 
 545 D _   0.008 0.043 0.000 0.007 0.003 0.010 0.034 0.895 
 546 G _   0.008 0.043 0.000 0.007 0.003 0.011 0.034 0.894 
 547 E _   0.009 0.044 0.000 0.008 0.004 0.012 0.033 0.889 
 548 A _   0.010 0.049 0.001 0.011 0.005 0.014 0.032 0.878 
 549 R _   0.011 0.056 0.001 0.015 0.007 0.016 0.031 0.863 
 550 K _   0.012 0.066 0.001 0.022 0.009 0.018 0.030 0.842 
 551 T _   0.013 0.076 0.001 0.030 0.011 0.020 0.029 0.820 
 552 E _   0.013 0.085 0.001 0.038 0.013 0.021 0.028 0.801 
 553 V _   0.013 0.090 0.001 0.044 0.014 0.021 0.027 0.788 
 554 L _   0.013 0.092 0.001 0.047 0.014 0.021 0.027 0.784 
 555 L _   0.013 0.090 0.001 0.046 0.013 0.020 0.027 0.790 
 556 K _   0.012 0.083 0.001 0.041 0.012 0.018 0.027 0.805 
 557 V _   0.012 0.071 0.001 0.033 0.010 0.017 0.027 0.829 
 558 M _   0.011 0.054 0.001 0.024 0.008 0.015 0.028 0.860 
 559 D _   0.011 0.035 0.001 0.015 0.006 0.014 0.028 0.891 
 560 A _   0.011 0.019 0.001 0.009 0.004 0.013 0.028 0.915 
 561 K _   0.011 0.010 0.000 0.005 0.003 0.013 0.028 0.929 
 562 H _   0.013 0.005 0.000 0.003 0.003 0.014 0.028 0.933 
 563 K _   0.017 0.004 0.000 0.003 0.003 0.017 0.027 0.929 
 564 N _   0.024 0.004 0.000 0.004 0.004 0.021 0.026 0.917 
 565 C _   0.035 0.005 0.001 0.006 0.008 0.027 0.025 0.894 
 566 M _   0.050 0.008 0.001 0.011 0.013 0.034 0.023 0.859 
 567 E _   0.066 0.014 0.001 0.019 0.020 0.042 0.022 0.816 
 568 S _   0.082 0.021 0.002 0.027 0.027 0.047 0.020 0.774 
 569 F _   0.098 0.026 0.002 0.035 0.033 0.050 0.018 0.738 
 570 L _   0.112 0.028 0.002 0.040 0.036 0.051 0.017 0.714 
 571 E _   0.125 0.029 0.002 0.040 0.036 0.050 0.016 0.702 
 572 A _   0.139 0.026 0.002 0.036 0.034 0.048 0.015 0.701 
 573 A _   0.152 0.021 0.002 0.029 0.029 0.044 0.014 0.709 
 574 S _   0.167 0.015 0.002 0.019 0.023 0.039 0.013 0.722 
 575 L _   0.183 0.007 0.001 0.011 0.017 0.034 0.013 0.734 
 576 M _   0.199 0.003 0.001 0.005 0.012 0.029 0.012 0.740 
 577 S _   0.218 0.001 0.001 0.003 0.008 0.025 0.011 0.734 
 578 Q _   0.242 0.000 0.001 0.001 0.006 0.022 0.010 0.717 
 579 V _   0.275 0.000 0.001 0.001 0.006 0.021 0.009 0.688 
 580 S _   0.321 0.000 0.001 0.001 0.007 0.020 0.008 0.643 
 581 Y _   0.381 0.000 0.001 0.001 0.008 0.021 0.007 0.581 
 582 R _   0.451 0.000 0.001 0.001 0.011 0.022 0.006 0.508 
 583 H H   0.523 0.000 0.001 0.001 0.015 0.023 0.005 0.431 
 584 L H   0.585 0.000 0.001 0.002 0.019 0.024 0.004 0.364 
 585 V H   0.634 0.000 0.001 0.002 0.023 0.024 0.004 0.311 
 586 L H   0.668 0.000 0.002 0.003 0.025 0.023 0.004 0.275 
 587 L H   0.687 0.000 0.002 0.003 0.026 0.022 0.004 0.256 
 588 H H   0.694 0.000 0.002 0.003 0.026 0.021 0.004 0.250 
 589 G H   0.688 0.000 0.002 0.003 0.025 0.020 0.004 0.258 
 590 V H   0.669 0.000 0.002 0.003 0.022 0.018 0.005 0.281 
 591 C H   0.639 0.000 0.001 0.002 0.018 0.017 0.005 0.316 
 592 M H   0.599 0.000 0.001 0.002 0.014 0.016 0.006 0.362 
 593 A H   0.554 0.000 0.001 0.001 0.010 0.015 0.007 0.411 
 594 G H   0.513 0.000 0.001 0.001 0.008 0.015 0.008 0.455 
 595 D _   0.479 0.000 0.001 0.001 0.006 0.015 0.008 0.489 
 596 S _   0.455 0.000 0.001 0.001 0.006 0.017 0.009 0.512 
 597 T _   0.444 0.000 0.001 0.001 0.007 0.019 0.010 0.519 
 598 M _   0.442 0.000 0.001 0.001 0.008 0.022 0.011 0.515 
 599 V _   0.446 0.000 0.001 0.002 0.012 0.025 0.012 0.503 
 600 Q _   0.451 0.000 0.001 0.002 0.017 0.030 0.013 0.486 
 601 E _   0.453 0.001 0.001 0.004 0.023 0.034 0.014 0.470 
 602 F _   0.449 0.001 0.002 0.007 0.029 0.037 0.016 0.459 
 603 V _   0.439 0.003 0.002 0.010 0.035 0.039 0.018 0.454 
 604 H _   0.420 0.004 0.002 0.014 0.038 0.041 0.021 0.460 
 605 L _   0.395 0.005 0.002 0.017 0.040 0.041 0.024 0.476 
 606 G _   0.363 0.005 0.002 0.018 0.038 0.040 0.028 0.505 
 607 A _   0.324 0.005 0.002 0.018 0.034 0.038 0.033 0.545 
 608 I _   0.283 0.005 0.002 0.017 0.029 0.035 0.038 0.592 
 609 D _   0.237 0.004 0.002 0.015 0.023 0.031 0.043 0.646 
 610 M _   0.191 0.003 0.001 0.012 0.017 0.028 0.048 0.700 
 611 Y _   0.150 0.002 0.001 0.009 0.012 0.024 0.053 0.750 
 612 L _   0.113 0.001 0.001 0.007 0.008 0.020 0.058 0.792 
 613 R _   0.084 0.001 0.001 0.005 0.006 0.018 0.062 0.825 
 614 K _   0.061 0.000 0.001 0.004 0.004 0.016 0.065 0.849 
 615 R _   0.046 0.000 0.000 0.003 0.004 0.015 0.068 0.864 
 616 G _   0.036 0.000 0.000 0.003 0.003 0.015 0.070 0.873 
 617 H _   0.031 0.000 0.000 0.003 0.003 0.015 0.072 0.875 
 618 L _   0.028 0.001 0.000 0.003 0.004 0.017 0.073 0.874 
 619 V _   0.028 0.002 0.000 0.004 0.004 0.019 0.074 0.868 
 620 P _   0.029 0.003 0.001 0.006 0.006 0.022 0.076 0.858 
 621 A _   0.031 0.006 0.001 0.007 0.008 0.025 0.077 0.844 
 622 S _   0.035 0.012 0.001 0.009 0.010 0.030 0.077 0.826 
 623 W _   0.038 0.019 0.001 0.012 0.014 0.034 0.078 0.804 
 624 K _   0.042 0.029 0.001 0.016 0.017 0.037 0.079 0.777 
 625 L _   0.045 0.042 0.002 0.020 0.021 0.041 0.080 0.749 
 626 Q _   0.048 0.055 0.002 0.025 0.024 0.043 0.082 0.722 
 627 V _   0.049 0.068 0.002 0.030 0.027 0.044 0.084 0.697 
 628 V _   0.050 0.079 0.002 0.034 0.028 0.044 0.086 0.676 
 629 K _   0.050 0.087 0.002 0.039 0.029 0.042 0.089 0.662 
 630 Q _   0.048 0.092 0.002 0.042 0.028 0.040 0.092 0.655 
 631 L _   0.046 0.094 0.002 0.043 0.026 0.038 0.097 0.655 
 632 A _   0.042 0.093 0.002 0.042 0.023 0.034 0.102 0.663 
 633 Y _   0.037 0.088 0.002 0.039 0.019 0.030 0.108 0.677 
 634 A _   0.033 0.080 0.001 0.035 0.016 0.026 0.114 0.695 
 635 L _   0.028 0.069 0.001 0.029 0.012 0.022 0.121 0.718 
 636 N _   0.023 0.055 0.001 0.023 0.009 0.018 0.128 0.742 
 637 Y _   0.019 0.041 0.001 0.017 0.007 0.015 0.135 0.766 
 638 L _   0.016 0.028 0.001 0.012 0.005 0.012 0.141 0.786 
 639 E _   0.012 0.019 0.000 0.008 0.003 0.010 0.146 0.802 
 640 D _   0.010 0.012 0.000 0.006 0.002 0.008 0.149 0.813 
 641 K _   0.008 0.009 0.000 0.004 0.002 0.007 0.152 0.819 
 642 G _   0.007 0.007 0.000 0.003 0.001 0.006 0.154 0.822 
 643 L _   0.006 0.007 0.000 0.003 0.001 0.006 0.155 0.822 
 644 P _   0.006 0.007 0.000 0.003 0.002 0.007 0.155 0.820 
 645 H _   0.007 0.009 0.000 0.004 0.002 0.008 0.155 0.814 
 646 G _   0.008 0.014 0.000 0.007 0.003 0.011 0.154 0.803 
 647 N _   0.009 0.025 0.001 0.012 0.005 0.014 0.153 0.783 
 648 V _   0.010 0.044 0.001 0.019 0.008 0.017 0.150 0.752 
 649 S _   0.011 0.070 0.001 0.029 0.010 0.019 0.148 0.712 
 650 A _   0.011 0.097 0.001 0.041 0.013 0.021 0.145 0.671 
 651 R _   0.011 0.119 0.001 0.052 0.014 0.022 0.143 0.638 
 652 K _   0.011 0.133 0.001 0.060 0.015 0.022 0.142 0.616 
 653 V _   0.011 0.139 0.001 0.064 0.015 0.021 0.143 0.605 
 654 L _   0.011 0.141 0.001 0.064 0.014 0.020 0.144 0.605 
 655 L _   0.010 0.137 0.001 0.059 0.013 0.018 0.146 0.615 
 656 A _   0.010 0.126 0.001 0.050 0.011 0.016 0.150 0.635 
 657 R _   0.010 0.109 0.001 0.039 0.009 0.014 0.154 0.664 
 658 E _   0.009 0.086 0.001 0.028 0.007 0.012 0.159 0.697 
 659 G _   0.009 0.061 0.001 0.019 0.005 0.010 0.164 0.731 
 660 A _   0.008 0.040 0.001 0.013 0.004 0.009 0.168 0.758 
 661 D _   0.007 0.025 0.000 0.009 0.003 0.008 0.172 0.776 
 662 G _   0.007 0.017 0.000 0.007 0.002 0.007 0.174 0.787 
 663 S _   0.006 0.012 0.000 0.005 0.002 0.006 0.176 0.793 
