#TopoPred_TM8: 8-state transmembrane topology prediction results by no_profile mode 
#probabilities are in the order of H E C I L F X _, the 8 transmembrane topology types used in PDBTM 
   1 M X   0.005 0.000 0.002 0.031 0.006 0.005 0.930 0.020 
   2 A X   0.002 0.000 0.000 0.015 0.001 0.002 0.960 0.021 
   3 R X   0.001 0.000 0.000 0.006 0.000 0.001 0.970 0.022 
   4 A X   0.000 0.000 0.000 0.004 0.000 0.001 0.972 0.023 
   5 R X   0.000 0.000 0.000 0.002 0.000 0.001 0.972 0.024 
   6 P X   0.000 0.000 0.000 0.001 0.000 0.001 0.971 0.026 
   7 P X   0.001 0.000 0.000 0.001 0.000 0.001 0.970 0.028 
   8 P X   0.001 0.000 0.000 0.001 0.000 0.001 0.966 0.031 
   9 P X   0.001 0.000 0.000 0.001 0.000 0.001 0.961 0.036 
  10 P X   0.001 0.000 0.000 0.001 0.000 0.001 0.954 0.044 
  11 S X   0.001 0.000 0.000 0.001 0.000 0.002 0.942 0.054 
  12 P X   0.002 0.000 0.000 0.001 0.001 0.003 0.927 0.067 
  13 P X   0.003 0.000 0.000 0.001 0.001 0.005 0.906 0.083 
  14 P X   0.006 0.000 0.000 0.002 0.002 0.010 0.879 0.101 
  15 G X   0.013 0.000 0.000 0.003 0.003 0.018 0.843 0.119 
  16 L X   0.026 0.000 0.001 0.004 0.006 0.029 0.798 0.137 
  17 L X   0.045 0.000 0.001 0.006 0.010 0.043 0.745 0.151 
  18 P X   0.070 0.000 0.001 0.008 0.017 0.057 0.687 0.160 
  19 L X   0.098 0.000 0.002 0.010 0.026 0.071 0.627 0.166 
  20 L X   0.129 0.001 0.002 0.012 0.037 0.083 0.568 0.169 
  21 P X   0.161 0.001 0.003 0.012 0.048 0.092 0.515 0.169 
  22 P X   0.191 0.001 0.003 0.012 0.058 0.097 0.469 0.169 
  23 L X   0.218 0.001 0.003 0.012 0.066 0.099 0.432 0.169 
  24 L X   0.242 0.002 0.003 0.012 0.070 0.099 0.402 0.171 
  25 L X   0.261 0.002 0.003 0.011 0.072 0.096 0.379 0.176 
  26 L X   0.276 0.002 0.003 0.011 0.071 0.091 0.361 0.185 
  27 P X   0.286 0.002 0.003 0.011 0.066 0.085 0.347 0.200 
  28 L X   0.291 0.002 0.002 0.010 0.060 0.078 0.336 0.221 
  29 L X   0.289 0.002 0.002 0.009 0.051 0.070 0.326 0.249 
  30 L X   0.282 0.001 0.002 0.008 0.042 0.063 0.319 0.283 
  31 L _   0.267 0.001 0.002 0.007 0.034 0.056 0.313 0.321 
  32 P _   0.248 0.001 0.002 0.006 0.026 0.049 0.308 0.361 
  33 A _   0.226 0.000 0.001 0.005 0.020 0.044 0.303 0.400 
  34 G _   0.203 0.000 0.001 0.005 0.016 0.039 0.299 0.436 
  35 C _   0.180 0.000 0.001 0.005 0.013 0.035 0.296 0.469 
  36 R _   0.159 0.000 0.001 0.005 0.011 0.032 0.293 0.499 
  37 A _   0.137 0.000 0.001 0.005 0.010 0.030 0.290 0.527 
  38 L _   0.118 0.000 0.001 0.005 0.009 0.027 0.288 0.552 
  39 E _   0.100 0.001 0.001 0.006 0.008 0.026 0.285 0.574 
  40 E _   0.084 0.001 0.001 0.006 0.007 0.024 0.282 0.595 
  41 T _   0.071 0.001 0.001 0.006 0.007 0.023 0.280 0.612 
  42 L _   0.061 0.001 0.001 0.006 0.007 0.023 0.277 0.625 
  43 M _   0.053 0.002 0.001 0.006 0.007 0.023 0.273 0.635 
  44 D _   0.048 0.003 0.001 0.007 0.008 0.023 0.270 0.641 
  45 T _   0.044 0.004 0.001 0.008 0.008 0.023 0.267 0.644 
  46 K _   0.040 0.006 0.001 0.011 0.010 0.023 0.264 0.645 
  47 W _   0.037 0.009 0.001 0.015 0.011 0.024 0.261 0.643 
  48 V _   0.034 0.012 0.001 0.019 0.012 0.023 0.259 0.641 
  49 T _   0.031 0.014 0.001 0.023 0.012 0.022 0.256 0.639 
  50 S _   0.029 0.016 0.001 0.025 0.012 0.021 0.255 0.641 
  51 E _   0.026 0.016 0.001 0.026 0.011 0.019 0.254 0.648 
  52 L _   0.022 0.016 0.001 0.023 0.009 0.017 0.253 0.658 
  53 A _   0.019 0.014 0.001 0.020 0.007 0.014 0.253 0.672 
  54 W _   0.015 0.012 0.001 0.015 0.006 0.012 0.252 0.687 
  55 T _   0.013 0.009 0.001 0.011 0.004 0.010 0.251 0.701 
  56 S _   0.010 0.007 0.000 0.008 0.003 0.008 0.250 0.713 
  57 H _   0.008 0.006 0.000 0.006 0.002 0.007 0.249 0.722 
  58 P _   0.007 0.005 0.000 0.005 0.002 0.006 0.247 0.728 
  59 E _   0.006 0.005 0.000 0.005 0.002 0.006 0.245 0.732 
  60 S _   0.006 0.005 0.000 0.005 0.002 0.006 0.242 0.735 
  61 G _   0.005 0.006 0.000 0.006 0.002 0.006 0.239 0.737 
  62 W _   0.005 0.007 0.000 0.007 0.002 0.006 0.234 0.738 
  63 E _   0.005 0.009 0.000 0.008 0.002 0.006 0.230 0.740 
  64 E _   0.005 0.011 0.000 0.009 0.003 0.007 0.224 0.742 
  65 V _   0.005 0.013 0.000 0.009 0.003 0.007 0.218 0.744 
  66 S _   0.005 0.016 0.000 0.010 0.003 0.008 0.212 0.747 
  67 G _   0.004 0.020 0.000 0.010 0.003 0.008 0.206 0.749 
  68 Y _   0.005 0.024 0.000 0.010 0.003 0.009 0.199 0.750 
  69 D _   0.005 0.030 0.000 0.011 0.004 0.010 0.192 0.748 
  70 E _   0.006 0.038 0.001 0.013 0.005 0.012 0.185 0.743 
  71 A _   0.006 0.048 0.001 0.016 0.006 0.014 0.177 0.733 
  72 M _   0.007 0.063 0.001 0.020 0.007 0.016 0.168 0.718 
  73 N _   0.008 0.080 0.001 0.025 0.009 0.017 0.159 0.699 
  74 P _   0.009 0.100 0.001 0.032 0.011 0.019 0.151 0.678 
  75 I _   0.009 0.117 0.001 0.038 0.013 0.020 0.143 0.658 
  76 R _   0.010 0.130 0.001 0.044 0.014 0.021 0.137 0.643 
  77 T _   0.010 0.138 0.001 0.048 0.014 0.021 0.132 0.636 
  78 Y _   0.010 0.142 0.001 0.049 0.014 0.020 0.128 0.635 
  79 Q _   0.010 0.142 0.001 0.048 0.014 0.020 0.125 0.642 
  80 V _   0.009 0.138 0.001 0.043 0.012 0.018 0.123 0.655 
  81 C _   0.009 0.129 0.001 0.037 0.011 0.017 0.121 0.674 
  82 N _   0.009 0.117 0.001 0.029 0.009 0.016 0.120 0.699 
  83 V _   0.009 0.102 0.001 0.022 0.007 0.014 0.119 0.726 
  84 R _   0.008 0.086 0.001 0.015 0.005 0.013 0.119 0.752 
  85 E _   0.008 0.073 0.001 0.010 0.004 0.013 0.117 0.773 
  86 S _   0.008 0.065 0.000 0.007 0.003 0.013 0.116 0.787 
  87 S _   0.008 0.061 0.000 0.006 0.003 0.014 0.114 0.793 
  88 Q _   0.009 0.061 0.000 0.006 0.004 0.016 0.112 0.793 
  89 N _   0.011 0.063 0.001 0.007 0.005 0.018 0.109 0.785 
  90 N _   0.014 0.070 0.001 0.011 0.007 0.022 0.106 0.770 
  91 W _   0.016 0.083 0.001 0.016 0.011 0.026 0.102 0.745 
  92 L _   0.019 0.101 0.001 0.023 0.014 0.029 0.098 0.714 
  93 R _   0.021 0.119 0.001 0.030 0.017 0.032 0.095 0.685 
  94 T _   0.023 0.132 0.001 0.036 0.020 0.033 0.091 0.664 
  95 G _   0.024 0.139 0.002 0.038 0.021 0.034 0.089 0.653 
  96 F _   0.024 0.143 0.001 0.038 0.020 0.034 0.087 0.652 
  97 I _   0.025 0.142 0.001 0.034 0.019 0.034 0.086 0.658 
  98 W _   0.026 0.138 0.001 0.028 0.017 0.033 0.085 0.671 
  99 R _   0.026 0.132 0.001 0.022 0.015 0.032 0.085 0.686 
 100 R _   0.026 0.126 0.001 0.017 0.014 0.032 0.084 0.700 
 101 D _   0.026 0.120 0.001 0.014 0.012 0.031 0.084 0.712 
 102 V _   0.026 0.117 0.001 0.012 0.011 0.031 0.084 0.718 
 103 Q _   0.026 0.117 0.001 0.013 0.011 0.031 0.084 0.718 
 104 R _   0.026 0.120 0.001 0.015 0.012 0.031 0.083 0.711 
 105 V _   0.026 0.126 0.001 0.019 0.014 0.031 0.083 0.700 
 106 Y _   0.026 0.133 0.001 0.025 0.015 0.030 0.082 0.687 
 107 V _   0.025 0.139 0.001 0.032 0.016 0.029 0.082 0.676 
 108 E _   0.024 0.143 0.001 0.037 0.016 0.027 0.082 0.669 
 109 L _   0.022 0.143 0.001 0.040 0.016 0.025 0.083 0.670 
 110 K _   0.020 0.140 0.001 0.039 0.015 0.023 0.084 0.678 
 111 F _   0.018 0.131 0.001 0.036 0.013 0.020 0.085 0.695 
 112 T _   0.016 0.117 0.001 0.031 0.010 0.017 0.087 0.720 
 113 V _   0.014 0.098 0.001 0.024 0.008 0.015 0.089 0.751 
 114 R _   0.012 0.076 0.001 0.018 0.006 0.012 0.092 0.783 
 115 D _   0.011 0.056 0.001 0.013 0.004 0.010 0.094 0.811 
 116 C _   0.009 0.042 0.000 0.009 0.003 0.008 0.095 0.833 
 117 N _   0.008 0.032 0.000 0.006 0.002 0.007 0.096 0.848 
 118 S _   0.006 0.028 0.000 0.005 0.002 0.007 0.097 0.856 
 119 I _   0.006 0.026 0.000 0.004 0.002 0.006 0.097 0.860 
 120 P _   0.006 0.026 0.000 0.004 0.002 0.007 0.096 0.860 
 121 N _   0.006 0.028 0.000 0.005 0.002 0.008 0.094 0.857 
 122 I _   0.006 0.033 0.000 0.007 0.003 0.009 0.092 0.850 
 123 P _   0.007 0.041 0.000 0.010 0.004 0.011 0.090 0.838 
 124 G _   0.007 0.055 0.001 0.014 0.005 0.013 0.086 0.819 
 125 S _   0.008 0.075 0.001 0.019 0.007 0.015 0.082 0.794 
 126 C _   0.008 0.100 0.001 0.025 0.008 0.016 0.077 0.763 
 127 K _   0.008 0.128 0.001 0.032 0.010 0.018 0.073 0.730 
 128 E _   0.008 0.152 0.001 0.039 0.012 0.019 0.069 0.700 
 129 T _   0.008 0.171 0.001 0.045 0.012 0.019 0.066 0.678 
 130 F _   0.008 0.183 0.001 0.049 0.013 0.019 0.063 0.664 
 131 N _   0.008 0.188 0.001 0.051 0.012 0.018 0.062 0.659 
 132 L _   0.008 0.190 0.001 0.050 0.012 0.017 0.061 0.662 
 133 F _   0.008 0.186 0.001 0.046 0.011 0.016 0.060 0.673 
 134 Y _   0.008 0.177 0.001 0.040 0.009 0.014 0.060 0.691 
 135 Y _   0.007 0.162 0.001 0.032 0.008 0.013 0.061 0.716 
 136 E _   0.007 0.143 0.001 0.024 0.006 0.011 0.061 0.745 
 137 A _   0.007 0.123 0.001 0.018 0.005 0.010 0.062 0.775 
 138 D _   0.007 0.105 0.001 0.013 0.004 0.009 0.063 0.799 
 139 S _   0.006 0.092 0.000 0.010 0.003 0.009 0.063 0.817 
 140 D _   0.006 0.085 0.000 0.008 0.003 0.009 0.063 0.827 
 141 V _   0.006 0.081 0.000 0.008 0.003 0.009 0.063 0.831 
 142 A _   0.006 0.079 0.000 0.009 0.003 0.009 0.062 0.831 
 143 S _   0.007 0.080 0.000 0.010 0.004 0.010 0.061 0.828 
 144 A _   0.007 0.082 0.001 0.013 0.004 0.011 0.060 0.822 
 145 S _   0.007 0.085 0.001 0.016 0.005 0.012 0.059 0.815 
 146 S _   0.008 0.088 0.001 0.019 0.006 0.012 0.058 0.809 
 147 P _   0.008 0.090 0.001 0.021 0.007 0.013 0.057 0.804 
 148 F _   0.008 0.090 0.001 0.023 0.007 0.013 0.056 0.802 
 149 W _   0.008 0.089 0.001 0.023 0.007 0.013 0.056 0.803 
 150 M _   0.008 0.087 0.001 0.022 0.007 0.013 0.056 0.806 
 151 E _   0.009 0.083 0.001 0.021 0.007 0.012 0.056 0.812 
 152 N _   0.009 0.078 0.001 0.019 0.006 0.012 0.056 0.819 
 153 P _   0.009 0.072 0.001 0.017 0.006 0.012 0.056 0.827 
 154 Y _   0.009 0.066 0.001 0.016 0.005 0.011 0.057 0.835 
 155 V _   0.009 0.061 0.001 0.014 0.005 0.011 0.057 0.842 
 156 K _   0.009 0.056 0.001 0.014 0.005 0.011 0.058 0.848 
 157 V _   0.009 0.052 0.001 0.013 0.004 0.010 0.059 0.853 
 158 D _   0.008 0.048 0.001 0.013 0.004 0.010 0.059 0.858 
 159 T _   0.008 0.044 0.000 0.012 0.004 0.009 0.059 0.863 
 160 I _   0.008 0.040 0.000 0.012 0.004 0.009 0.060 0.868 
 161 A _   0.007 0.037 0.000 0.011 0.003 0.008 0.060 0.873 
 162 P _   0.007 0.034 0.000 0.010 0.003 0.008 0.060 0.879 
 163 D _   0.006 0.031 0.000 0.009 0.003 0.008 0.059 0.883 
 164 E _   0.006 0.029 0.000 0.008 0.003 0.007 0.059 0.887 
 165 S _   0.005 0.028 0.000 0.008 0.003 0.007 0.058 0.890 
 166 F _   0.005 0.028 0.000 0.008 0.003 0.007 0.058 0.892 
 167 S _   0.005 0.028 0.000 0.008 0.003 0.007 0.057 0.891 
 168 R _   0.005 0.029 0.000 0.009 0.003 0.008 0.056 0.889 
 169 L _   0.006 0.031 0.000 0.011 0.003 0.009 0.054 0.885 
 170 D _   0.006 0.033 0.000 0.013 0.004 0.009 0.053 0.881 
 171 A _   0.006 0.036 0.001 0.015 0.005 0.010 0.052 0.876 
 172 G _   0.006 0.038 0.001 0.018 0.005 0.011 0.051 0.871 
 173 R _   0.006 0.040 0.001 0.019 0.005 0.011 0.050 0.868 
 174 V _   0.006 0.041 0.001 0.020 0.006 0.011 0.049 0.867 
 175 N _   0.007 0.041 0.001 0.020 0.006 0.011 0.048 0.867 
 176 T _   0.007 0.040 0.001 0.019 0.006 0.011 0.047 0.869 
 177 K _   0.007 0.038 0.001 0.018 0.005 0.012 0.047 0.873 
 178 V _   0.007 0.036 0.001 0.016 0.005 0.012 0.046 0.877 
 179 R _   0.007 0.034 0.001 0.014 0.005 0.012 0.046 0.881 
 180 S _   0.007 0.032 0.001 0.013 0.005 0.012 0.046 0.885 
 181 F _   0.008 0.030 0.001 0.012 0.005 0.012 0.045 0.888 
 182 G _   0.008 0.028 0.001 0.012 0.005 0.013 0.045 0.889 
 183 P _   0.009 0.028 0.001 0.012 0.005 0.014 0.045 0.887 
 184 L _   0.009 0.027 0.001 0.013 0.006 0.016 0.044 0.884 
 185 S _   0.010 0.027 0.001 0.015 0.007 0.017 0.043 0.880 
 186 K _   0.011 0.027 0.001 0.017 0.008 0.019 0.043 0.874 
 187 A _   0.012 0.027 0.001 0.019 0.009 0.021 0.042 0.870 
 188 G _   0.014 0.026 0.001 0.020 0.009 0.022 0.042 0.866 
 189 F _   0.015 0.024 0.001 0.021 0.010 0.023 0.041 0.864 
 190 Y _   0.018 0.021 0.001 0.019 0.010 0.025 0.041 0.865 
 191 L _   0.021 0.018 0.001 0.017 0.010 0.026 0.041 0.867 
 192 A _   0.025 0.013 0.001 0.014 0.009 0.027 0.041 0.870 
 193 F _   0.031 0.009 0.001 0.010 0.009 0.029 0.041 0.870 
 194 Q _   0.039 0.006 0.001 0.008 0.009 0.031 0.040 0.866 
 195 D _   0.050 0.004 0.001 0.006 0.010 0.034 0.040 0.855 
 196 Q _   0.066 0.003 0.001 0.005 0.012 0.039 0.039 0.836 
 197 G _   0.086 0.003 0.001 0.005 0.016 0.044 0.039 0.807 
 198 A _   0.108 0.004 0.001 0.007 0.021 0.049 0.039 0.771 
 199 C _   0.130 0.006 0.002 0.010 0.028 0.055 0.039 0.731 
 200 M _   0.149 0.009 0.002 0.014 0.036 0.059 0.039 0.693 
 201 S _   0.163 0.013 0.002 0.020 0.041 0.061 0.039 0.660 
 202 L _   0.171 0.017 0.002 0.026 0.044 0.061 0.040 0.639 
 203 I _   0.173 0.018 0.002 0.029 0.044 0.059 0.041 0.632 
 204 S _   0.169 0.019 0.002 0.030 0.042 0.056 0.042 0.640 
 205 V _   0.159 0.017 0.002 0.027 0.037 0.051 0.044 0.663 
 206 R _   0.145 0.014 0.002 0.022 0.030 0.046 0.046 0.696 
 207 A _   0.129 0.009 0.002 0.015 0.023 0.041 0.048 0.733 
 208 F _   0.111 0.005 0.001 0.010 0.016 0.036 0.049 0.771 
 209 Y _   0.094 0.002 0.001 0.006 0.011 0.032 0.051 0.803 
 210 K _   0.079 0.001 0.001 0.004 0.008 0.029 0.052 0.826 
 211 K _   0.068 0.001 0.001 0.003 0.006 0.027 0.053 0.841 
 212 C _   0.061 0.001 0.001 0.003 0.006 0.027 0.054 0.847 
 213 A _   0.057 0.001 0.001 0.004 0.007 0.028 0.055 0.846 
 214 S _   0.054 0.003 0.001 0.007 0.010 0.030 0.056 0.838 
 215 T _   0.053 0.007 0.001 0.013 0.013 0.032 0.057 0.824 
 216 T _   0.052 0.013 0.001 0.020 0.016 0.033 0.058 0.807 
 217 A _   0.050 0.018 0.002 0.027 0.019 0.033 0.059 0.792 
 218 G _   0.047 0.022 0.002 0.033 0.020 0.033 0.060 0.782 
 219 F _   0.044 0.024 0.002 0.036 0.020 0.031 0.062 0.780 
 220 A _   0.040 0.024 0.002 0.035 0.019 0.029 0.064 0.787 
 221 L _   0.035 0.023 0.001 0.031 0.016 0.026 0.067 0.800 
 222 F _   0.031 0.019 0.001 0.025 0.013 0.023 0.070 0.818 
 223 P _   0.026 0.015 0.001 0.019 0.010 0.020 0.073 0.836 
 224 E _   0.022 0.010 0.001 0.013 0.007 0.017 0.075 0.853 
 225 T _   0.018 0.006 0.001 0.009 0.005 0.015 0.078 0.868 
 226 L _   0.016 0.003 0.000 0.006 0.004 0.013 0.080 0.877 
 227 T _   0.014 0.002 0.000 0.004 0.003 0.012 0.082 0.882 
 228 G _   0.013 0.001 0.000 0.004 0.003 0.012 0.083 0.883 
 229 A _   0.013 0.001 0.000 0.004 0.003 0.013 0.084 0.882 
 230 E _   0.014 0.001 0.000 0.004 0.004 0.015 0.085 0.877 
 231 P _   0.015 0.002 0.001 0.006 0.005 0.017 0.086 0.869 
 232 T _   0.018 0.003 0.001 0.008 0.007 0.019 0.086 0.857 
 233 S _   0.021 0.005 0.001 0.012 0.009 0.022 0.087 0.843 
 234 L _   0.024 0.008 0.001 0.016 0.012 0.025 0.088 0.827 
 235 V _   0.026 0.010 0.001 0.019 0.014 0.027 0.089 0.812 
 236 I _   0.028 0.012 0.001 0.022 0.016 0.029 0.090 0.801 
 237 A _   0.029 0.013 0.001 0.024 0.017 0.030 0.092 0.794 
 238 P _   0.030 0.013 0.001 0.023 0.017 0.030 0.094 0.792 
 239 G _   0.030 0.013 0.001 0.021 0.016 0.030 0.096 0.794 
 240 T _   0.029 0.012 0.001 0.018 0.014 0.029 0.099 0.798 
 241 C _   0.028 0.010 0.001 0.015 0.013 0.028 0.102 0.804 
 242 I _   0.027 0.009 0.001 0.012 0.011 0.027 0.105 0.809 
 243 P _   0.026 0.008 0.001 0.010 0.010 0.026 0.107 0.811 
 244 N _   0.026 0.007 0.001 0.010 0.010 0.026 0.110 0.811 
 245 A _   0.026 0.008 0.001 0.010 0.010 0.026 0.113 0.807 
 246 V _   0.026 0.008 0.001 0.012 0.010 0.026 0.116 0.802 
 247 E _   0.025 0.009 0.001 0.014 0.011 0.026 0.119 0.795 
 248 V _   0.024 0.010 0.001 0.017 0.012 0.025 0.122 0.788 
 249 S _   0.023 0.011 0.001 0.020 0.012 0.024 0.125 0.782 
 250 V _   0.022 0.012 0.001 0.022 0.012 0.023 0.129 0.779 
 251 P _   0.020 0.012 0.001 0.022 0.011 0.022 0.134 0.779 
 252 L _   0.018 0.011 0.001 0.020 0.010 0.020 0.138 0.782 
 253 K _   0.016 0.009 0.001 0.017 0.008 0.018 0.143 0.788 
 254 L _   0.014 0.007 0.001 0.013 0.007 0.016 0.147 0.794 
 255 Y _   0.013 0.005 0.001 0.009 0.005 0.015 0.152 0.801 
 256 C _   0.012 0.004 0.000 0.006 0.004 0.014 0.155 0.805 
 257 N _   0.012 0.003 0.000 0.004 0.003 0.014 0.158 0.805 
 258 G _   0.013 0.003 0.000 0.004 0.003 0.015 0.161 0.801 
 259 D _   0.016 0.003 0.000 0.004 0.004 0.018 0.163 0.792 
 260 G _   0.020 0.005 0.001 0.005 0.006 0.022 0.165 0.775 
 261 E _   0.027 0.011 0.001 0.008 0.009 0.028 0.168 0.749 
 262 W _   0.033 0.025 0.001 0.013 0.015 0.034 0.169 0.708 
 263 M _   0.038 0.050 0.002 0.022 0.023 0.039 0.171 0.654 
 264 V _   0.041 0.084 0.002 0.034 0.030 0.043 0.174 0.592 
 265 P _   0.042 0.116 0.002 0.046 0.034 0.045 0.177 0.537 
 266 V _   0.042 0.141 0.002 0.057 0.036 0.045 0.181 0.496 
 267 G _   0.040 0.156 0.002 0.065 0.036 0.043 0.187 0.471 
 268 A _   0.037 0.163 0.002 0.068 0.034 0.041 0.194 0.460 
 269 C _   0.034 0.163 0.002 0.068 0.031 0.037 0.204 0.460 
 270 T _   0.031 0.158 0.002 0.063 0.027 0.033 0.215 0.471 
 271 C _   0.027 0.146 0.002 0.054 0.022 0.029 0.229 0.491 
 272 A _   0.022 0.128 0.002 0.045 0.017 0.025 0.244 0.518 
 273 T _   0.019 0.103 0.001 0.034 0.012 0.021 0.261 0.549 
 274 G _   0.016 0.077 0.001 0.025 0.009 0.017 0.277 0.578 
 275 H _   0.014 0.055 0.001 0.018 0.006 0.014 0.291 0.601 
 276 E _   0.012 0.037 0.001 0.013 0.004 0.012 0.304 0.618 
 277 P _   0.010 0.025 0.000 0.009 0.003 0.010 0.314 0.627 
 278 A _   0.009 0.018 0.000 0.007 0.003 0.008 0.323 0.632 
 279 A _   0.008 0.013 0.000 0.006 0.002 0.007 0.330 0.633 
 280 K _   0.007 0.010 0.000 0.006 0.002 0.007 0.336 0.632 
 281 E _   0.006 0.008 0.000 0.006 0.002 0.006 0.341 0.630 
 282 S _   0.006 0.007 0.000 0.006 0.002 0.006 0.345 0.628 
 283 Q _   0.006 0.006 0.000 0.006 0.002 0.006 0.349 0.626 
 284 C _   0.005 0.005 0.000 0.006 0.002 0.006 0.351 0.624 
 285 R _   0.005 0.005 0.000 0.006 0.002 0.005 0.354 0.623 
 286 P _   0.005 0.004 0.000 0.006 0.002 0.005 0.355 0.622 
 287 C _   0.005 0.004 0.000 0.006 0.002 0.005 0.356 0.623 
 288 P _   0.004 0.004 0.000 0.006 0.001 0.005 0.356 0.624 
 289 P _   0.004 0.004 0.000 0.005 0.001 0.005 0.355 0.626 
 290 G _   0.004 0.004 0.000 0.005 0.001 0.004 0.354 0.628 
 291 S _   0.004 0.004 0.000 0.005 0.001 0.004 0.352 0.630 
 292 Y _   0.003 0.004 0.000 0.005 0.001 0.005 0.349 0.633 
 293 K _   0.003 0.005 0.000 0.005 0.001 0.005 0.345 0.634 
 294 A _   0.003 0.007 0.000 0.006 0.002 0.005 0.340 0.636 
 295 K _   0.004 0.009 0.000 0.008 0.002 0.006 0.334 0.637 
 296 Q _   0.004 0.012 0.000 0.010 0.002 0.007 0.328 0.636 
 297 G _   0.004 0.016 0.000 0.013 0.003 0.007 0.321 0.635 
 298 E _   0.004 0.020 0.000 0.015 0.003 0.008 0.315 0.634 
 299 G _   0.004 0.024 0.000 0.017 0.004 0.008 0.308 0.634 
 300 P _   0.004 0.027 0.000 0.018 0.004 0.008 0.302 0.636 
 301 C _   0.004 0.029 0.000 0.018 0.004 0.008 0.297 0.640 
 302 L _   0.004 0.030 0.000 0.016 0.003 0.008 0.292 0.647 
 303 P _   0.004 0.031 0.000 0.013 0.003 0.008 0.287 0.655 
 304 C _   0.004 0.031 0.000 0.011 0.003 0.007 0.281 0.663 
 305 P _   0.004 0.032 0.000 0.009 0.002 0.007 0.276 0.670 
 306 P _   0.004 0.033 0.000 0.007 0.002 0.008 0.269 0.676 
 307 N _   0.004 0.036 0.000 0.007 0.002 0.009 0.262 0.679 
 308 S _   0.005 0.042 0.000 0.008 0.003 0.011 0.253 0.676 
 309 R _   0.007 0.056 0.001 0.012 0.005 0.015 0.241 0.664 
 310 T _   0.009 0.086 0.001 0.018 0.009 0.019 0.225 0.633 
 311 T _   0.010 0.143 0.002 0.028 0.014 0.022 0.203 0.577 
 312 S _   0.010 0.229 0.002 0.041 0.019 0.025 0.178 0.496 
 313 P _   0.010 0.331 0.003 0.053 0.021 0.024 0.153 0.405 
 314 A E   0.008 0.417 0.002 0.061 0.021 0.023 0.134 0.334 
 315 A E   0.007 0.472 0.002 0.066 0.019 0.021 0.121 0.292 
 316 S E   0.006 0.503 0.001 0.068 0.017 0.019 0.113 0.273 
 317 I E   0.006 0.517 0.001 0.069 0.015 0.018 0.107 0.267 
 318 C E   0.006 0.521 0.001 0.067 0.014 0.016 0.104 0.271 
 319 T E   0.006 0.517 0.001 0.063 0.013 0.015 0.102 0.284 
 320 C E   0.006 0.502 0.001 0.056 0.012 0.014 0.101 0.308 
 321 H E   0.007 0.474 0.001 0.049 0.011 0.013 0.101 0.345 
 322 N E   0.007 0.431 0.001 0.041 0.010 0.012 0.102 0.396 
 323 N _   0.008 0.375 0.001 0.033 0.008 0.012 0.103 0.460 
 324 F _   0.008 0.315 0.001 0.025 0.007 0.011 0.105 0.528 
 325 Y _   0.008 0.263 0.001 0.018 0.005 0.010 0.107 0.590 
 326 R _   0.007 0.224 0.001 0.012 0.003 0.009 0.108 0.636 
 327 A _   0.006 0.200 0.000 0.009 0.002 0.008 0.108 0.668 
 328 D _   0.005 0.187 0.000 0.006 0.002 0.007 0.107 0.687 
 329 S _   0.004 0.181 0.000 0.005 0.002 0.007 0.105 0.696 
 330 D _   0.004 0.180 0.000 0.006 0.002 0.007 0.102 0.698 
 331 S _   0.004 0.184 0.000 0.007 0.002 0.008 0.099 0.695 
 332 A _   0.005 0.194 0.000 0.010 0.003 0.009 0.095 0.684 
 333 D _   0.005 0.210 0.001 0.014 0.004 0.010 0.090 0.667 
 334 S _   0.005 0.231 0.001 0.019 0.005 0.011 0.084 0.644 
 335 A _   0.005 0.253 0.001 0.024 0.006 0.011 0.079 0.621 
 336 C _   0.005 0.273 0.001 0.027 0.007 0.012 0.074 0.603 
 337 T _   0.005 0.287 0.001 0.028 0.007 0.011 0.070 0.591 
 338 T _   0.004 0.297 0.001 0.029 0.007 0.011 0.067 0.585 
 339 V _   0.004 0.302 0.001 0.027 0.006 0.011 0.064 0.584 
 340 P _   0.004 0.304 0.001 0.025 0.006 0.010 0.062 0.588 
 341 S _   0.004 0.304 0.001 0.021 0.005 0.010 0.061 0.594 
 342 P _   0.004 0.301 0.001 0.018 0.005 0.010 0.060 0.601 
 343 P _   0.005 0.298 0.001 0.016 0.004 0.009 0.059 0.609 
 344 R _   0.005 0.296 0.000 0.013 0.004 0.010 0.058 0.615 
 345 G _   0.005 0.294 0.000 0.012 0.004 0.010 0.057 0.618 
 346 V _   0.005 0.295 0.000 0.012 0.004 0.010 0.056 0.618 
 347 I _   0.006 0.297 0.001 0.012 0.004 0.011 0.054 0.615 
 348 S _   0.006 0.303 0.001 0.013 0.005 0.012 0.053 0.608 
 349 N _   0.007 0.311 0.001 0.015 0.006 0.013 0.052 0.597 
 350 V _   0.007 0.321 0.001 0.018 0.007 0.013 0.050 0.584 
 351 N _   0.007 0.333 0.001 0.022 0.008 0.014 0.049 0.567 
 352 E _   0.008 0.344 0.001 0.026 0.009 0.014 0.047 0.551 
 353 T _   0.008 0.353 0.001 0.030 0.009 0.015 0.046 0.538 
 354 S _   0.008 0.358 0.001 0.034 0.010 0.015 0.046 0.530 
 355 L _   0.008 0.359 0.001 0.036 0.010 0.014 0.045 0.526 
 356 I _   0.008 0.355 0.001 0.037 0.009 0.014 0.046 0.531 
 357 L _   0.008 0.344 0.001 0.036 0.009 0.013 0.046 0.543 
 358 E _   0.008 0.326 0.001 0.033 0.008 0.012 0.047 0.565 
 359 W _   0.008 0.298 0.001 0.028 0.007 0.011 0.049 0.598 
 360 S _   0.008 0.261 0.001 0.023 0.006 0.010 0.051 0.640 
 361 E _   0.007 0.221 0.001 0.017 0.005 0.010 0.053 0.686 
 362 P _   0.007 0.186 0.001 0.012 0.004 0.009 0.054 0.727 
 363 R _   0.006 0.163 0.000 0.008 0.003 0.008 0.055 0.756 
 364 D _   0.005 0.149 0.000 0.006 0.002 0.008 0.056 0.774 
 365 L _   0.005 0.143 0.000 0.005 0.002 0.008 0.056 0.782 
 366 G _   0.005 0.142 0.000 0.005 0.002 0.008 0.055 0.783 
 367 G _   0.006 0.147 0.000 0.006 0.002 0.010 0.054 0.776 
 368 R _   0.006 0.159 0.000 0.009 0.004 0.012 0.052 0.758 
 369 D _   0.008 0.183 0.001 0.014 0.006 0.014 0.049 0.726 
 370 D _   0.009 0.224 0.001 0.020 0.009 0.017 0.045 0.675 
 371 L _   0.009 0.279 0.001 0.027 0.011 0.018 0.041 0.613 
 372 L _   0.009 0.335 0.001 0.033 0.012 0.019 0.037 0.554 
 373 Y _   0.008 0.382 0.001 0.038 0.013 0.018 0.034 0.507 
 374 N _   0.008 0.415 0.001 0.040 0.012 0.018 0.032 0.475 
 375 V _   0.007 0.437 0.001 0.040 0.012 0.017 0.030 0.456 
 376 I E   0.007 0.449 0.001 0.040 0.011 0.016 0.029 0.447 
 377 C E   0.007 0.455 0.001 0.038 0.011 0.016 0.028 0.445 
 378 K E   0.007 0.455 0.001 0.036 0.010 0.015 0.027 0.449 
 379 K _   0.007 0.451 0.001 0.033 0.010 0.015 0.027 0.457 
 380 C _   0.007 0.444 0.001 0.031 0.009 0.014 0.027 0.467 
 381 H _   0.007 0.434 0.001 0.030 0.009 0.014 0.027 0.479 
 382 G _   0.007 0.421 0.001 0.030 0.009 0.013 0.028 0.492 
 383 A _   0.007 0.405 0.001 0.030 0.008 0.013 0.028 0.507 
 384 G _   0.008 0.387 0.001 0.029 0.008 0.013 0.029 0.526 
 385 G _   0.008 0.362 0.001 0.029 0.008 0.012 0.030 0.550 
 386 A _   0.008 0.331 0.001 0.028 0.008 0.012 0.031 0.581 
 387 S _   0.008 0.292 0.001 0.025 0.007 0.011 0.033 0.622 
 388 A _   0.008 0.245 0.001 0.022 0.007 0.011 0.035 0.671 
 389 C _   0.008 0.197 0.001 0.018 0.006 0.010 0.037 0.723 
 390 S _   0.007 0.155 0.001 0.014 0.005 0.010 0.038 0.770 
 391 R _   0.007 0.123 0.001 0.010 0.004 0.009 0.040 0.807 
 392 C _   0.006 0.103 0.000 0.008 0.003 0.009 0.041 0.831 
 393 D _   0.005 0.091 0.000 0.007 0.002 0.008 0.041 0.845 
 394 D _   0.005 0.086 0.000 0.006 0.002 0.009 0.041 0.851 
 395 N _   0.005 0.083 0.000 0.007 0.002 0.010 0.041 0.851 
 396 V _   0.006 0.084 0.000 0.008 0.003 0.011 0.040 0.847 
 397 E _   0.006 0.087 0.000 0.011 0.004 0.013 0.039 0.839 
 398 F _   0.007 0.091 0.001 0.014 0.005 0.015 0.039 0.828 
 399 V _   0.008 0.097 0.001 0.017 0.006 0.018 0.037 0.815 
 400 P _   0.009 0.102 0.001 0.021 0.008 0.020 0.036 0.803 
 401 R _   0.010 0.106 0.001 0.023 0.009 0.022 0.036 0.792 
 402 Q _   0.011 0.109 0.001 0.025 0.010 0.025 0.035 0.784 
 403 L _   0.013 0.110 0.001 0.025 0.011 0.027 0.034 0.779 
 404 G _   0.015 0.109 0.001 0.024 0.012 0.029 0.034 0.775 
 405 L _   0.017 0.106 0.001 0.022 0.013 0.032 0.034 0.775 
 406 T _   0.021 0.103 0.001 0.020 0.014 0.034 0.033 0.775 
 407 E _   0.024 0.099 0.001 0.017 0.014 0.036 0.034 0.774 
 408 R _   0.028 0.095 0.001 0.016 0.015 0.039 0.034 0.773 
 409 R _   0.033 0.092 0.001 0.015 0.016 0.041 0.034 0.768 
 410 V _   0.038 0.090 0.001 0.014 0.018 0.044 0.034 0.762 
 411 H _   0.044 0.089 0.001 0.015 0.019 0.046 0.034 0.753 
 412 I _   0.049 0.089 0.001 0.016 0.022 0.047 0.034 0.742 
 413 S _   0.054 0.089 0.001 0.018 0.023 0.048 0.035 0.732 
 414 H _   0.058 0.089 0.002 0.019 0.024 0.049 0.035 0.724 
 415 L _   0.061 0.088 0.002 0.020 0.025 0.048 0.036 0.720 
 416 L _   0.063 0.087 0.002 0.020 0.025 0.047 0.037 0.719 
 417 A _   0.063 0.084 0.002 0.020 0.025 0.046 0.037 0.723 
 418 H _   0.062 0.081 0.002 0.019 0.024 0.044 0.038 0.730 
 419 T _   0.060 0.077 0.001 0.019 0.022 0.042 0.040 0.739 
 420 R _   0.058 0.074 0.001 0.018 0.020 0.039 0.041 0.748 
 421 Y _   0.055 0.071 0.001 0.018 0.019 0.036 0.042 0.758 
 422 T _   0.050 0.068 0.001 0.019 0.017 0.034 0.044 0.767 
 423 F _   0.046 0.065 0.001 0.020 0.015 0.031 0.045 0.777 
 424 E _   0.041 0.062 0.001 0.021 0.014 0.028 0.047 0.786 
 425 V _   0.036 0.058 0.001 0.022 0.012 0.025 0.049 0.796 
 426 Q _   0.031 0.054 0.001 0.022 0.011 0.022 0.051 0.808 
 427 A _   0.027 0.048 0.001 0.020 0.009 0.019 0.053 0.821 
 428 V _   0.023 0.042 0.001 0.018 0.008 0.017 0.055 0.836 
 429 N _   0.019 0.035 0.001 0.015 0.006 0.014 0.057 0.853 
 430 G _   0.016 0.027 0.001 0.012 0.005 0.012 0.059 0.869 
 431 V _   0.013 0.021 0.000 0.009 0.004 0.010 0.060 0.883 
 432 S _   0.010 0.016 0.000 0.006 0.003 0.008 0.061 0.895 
 433 G _   0.009 0.013 0.000 0.005 0.002 0.007 0.062 0.903 
 434 K _   0.007 0.011 0.000 0.004 0.002 0.007 0.062 0.908 
 435 S _   0.006 0.011 0.000 0.003 0.002 0.007 0.061 0.909 
 436 P _   0.007 0.012 0.000 0.004 0.002 0.008 0.060 0.907 
 437 L _   0.007 0.016 0.000 0.005 0.003 0.010 0.059 0.899 
 438 P _   0.008 0.026 0.001 0.008 0.004 0.012 0.057 0.883 
 439 P _   0.010 0.046 0.001 0.014 0.006 0.014 0.055 0.854 
 440 R _   0.011 0.077 0.001 0.021 0.009 0.017 0.052 0.813 
 441 Y _   0.011 0.112 0.001 0.029 0.011 0.018 0.049 0.769 
 442 A _   0.011 0.144 0.001 0.036 0.012 0.018 0.046 0.732 
 443 A _   0.010 0.167 0.001 0.040 0.012 0.018 0.044 0.707 
 444 V _   0.010 0.181 0.001 0.041 0.012 0.018 0.043 0.694 
 445 N _   0.009 0.189 0.001 0.039 0.011 0.017 0.042 0.692 
 446 I _   0.009 0.191 0.001 0.035 0.010 0.016 0.041 0.697 
 447 T _   0.009 0.189 0.001 0.029 0.008 0.014 0.041 0.708 
 448 T _   0.008 0.185 0.001 0.023 0.007 0.013 0.041 0.723 
 449 N _   0.008 0.179 0.001 0.017 0.005 0.012 0.041 0.737 
 450 Q _   0.007 0.174 0.001 0.013 0.004 0.011 0.041 0.749 
 451 A _   0.007 0.170 0.000 0.010 0.004 0.011 0.041 0.757 
 452 A _   0.007 0.169 0.000 0.009 0.004 0.011 0.040 0.759 
 453 P _   0.007 0.172 0.000 0.009 0.004 0.012 0.039 0.756 
 454 S _   0.008 0.179 0.001 0.010 0.004 0.012 0.039 0.747 
 455 E _   0.008 0.190 0.001 0.013 0.005 0.013 0.038 0.733 
 456 V _   0.008 0.204 0.001 0.016 0.006 0.013 0.036 0.715 
 457 P _   0.008 0.220 0.001 0.018 0.007 0.014 0.035 0.698 
 458 T _   0.008 0.234 0.001 0.020 0.007 0.014 0.034 0.683 
 459 L _   0.008 0.245 0.001 0.021 0.007 0.014 0.033 0.673 
 460 R _   0.007 0.252 0.001 0.021 0.007 0.013 0.032 0.667 
 461 L _   0.007 0.257 0.001 0.020 0.007 0.013 0.031 0.665 
 462 H _   0.007 0.260 0.001 0.019 0.006 0.013 0.030 0.664 
 463 S _   0.007 0.263 0.001 0.018 0.006 0.013 0.030 0.663 
 464 S _   0.007 0.265 0.001 0.018 0.006 0.013 0.029 0.661 
 465 S _   0.007 0.268 0.001 0.019 0.007 0.013 0.029 0.656 
 466 G _   0.008 0.271 0.001 0.021 0.007 0.013 0.029 0.650 
 467 S _   0.008 0.274 0.001 0.024 0.008 0.014 0.029 0.644 
 468 S _   0.009 0.274 0.001 0.027 0.008 0.014 0.029 0.638 
 469 L _   0.009 0.272 0.001 0.029 0.009 0.014 0.029 0.638 
 470 T _   0.010 0.265 0.001 0.030 0.009 0.013 0.029 0.643 
 471 L _   0.010 0.254 0.001 0.029 0.008 0.013 0.030 0.655 
 472 S _   0.010 0.235 0.001 0.026 0.008 0.012 0.031 0.677 
 473 W _   0.009 0.210 0.001 0.022 0.007 0.011 0.032 0.707 
 474 A _   0.009 0.181 0.001 0.018 0.006 0.011 0.034 0.742 
 475 P _   0.008 0.153 0.001 0.013 0.005 0.010 0.035 0.776 
 476 P _   0.008 0.131 0.000 0.009 0.003 0.009 0.036 0.804 
 477 E _   0.007 0.118 0.000 0.006 0.003 0.008 0.036 0.821 
 478 R _   0.007 0.112 0.000 0.005 0.002 0.008 0.037 0.829 
 479 P _   0.007 0.111 0.000 0.005 0.002 0.009 0.037 0.829 
 480 N _   0.007 0.114 0.000 0.007 0.003 0.010 0.036 0.823 
 481 G _   0.007 0.123 0.001 0.010 0.004 0.011 0.036 0.809 
 482 V _   0.008 0.138 0.001 0.014 0.005 0.013 0.035 0.787 
 483 I _   0.008 0.158 0.001 0.019 0.007 0.014 0.033 0.761 
 484 L _   0.008 0.177 0.001 0.023 0.007 0.014 0.032 0.738 
 485 D _   0.008 0.191 0.001 0.025 0.008 0.015 0.031 0.722 
 486 Y _   0.007 0.201 0.001 0.025 0.007 0.014 0.031 0.714 
 487 E _   0.007 0.207 0.001 0.023 0.007 0.014 0.030 0.712 
 488 M _   0.007 0.210 0.001 0.020 0.006 0.014 0.029 0.714 
 489 K _   0.007 0.211 0.001 0.017 0.005 0.013 0.029 0.717 
 490 Y _   0.007 0.212 0.001 0.014 0.005 0.014 0.028 0.720 
 491 F _   0.007 0.214 0.001 0.012 0.005 0.014 0.028 0.720 
 492 E _   0.008 0.218 0.001 0.011 0.005 0.015 0.027 0.714 
 493 K _   0.009 0.227 0.001 0.012 0.007 0.017 0.027 0.701 
 494 S _   0.010 0.242 0.001 0.015 0.008 0.019 0.026 0.679 
 495 E _   0.012 0.264 0.001 0.019 0.011 0.021 0.025 0.648 
 496 G _   0.013 0.292 0.001 0.025 0.013 0.022 0.024 0.612 
 497 I _   0.013 0.319 0.001 0.031 0.014 0.022 0.023 0.577 
 498 A _   0.013 0.340 0.001 0.036 0.015 0.022 0.022 0.550 
 499 S _   0.013 0.352 0.001 0.040 0.015 0.022 0.022 0.535 
 500 T _   0.013 0.358 0.001 0.042 0.015 0.021 0.022 0.530 
 501 V _   0.012 0.357 0.001 0.041 0.014 0.020 0.022 0.532 
 502 T _   0.012 0.350 0.001 0.039 0.013 0.018 0.022 0.544 
 503 S _   0.011 0.335 0.001 0.036 0.012 0.017 0.023 0.564 
 504 Q _   0.011 0.313 0.001 0.032 0.011 0.016 0.024 0.592 
 505 M _   0.011 0.284 0.001 0.028 0.010 0.015 0.026 0.626 
 506 N _   0.011 0.251 0.001 0.024 0.008 0.014 0.027 0.664 
 507 S _   0.010 0.217 0.001 0.020 0.007 0.013 0.029 0.703 
 508 V _   0.010 0.187 0.001 0.016 0.006 0.012 0.031 0.738 
 509 Q _   0.009 0.162 0.001 0.013 0.005 0.011 0.032 0.767 
 510 L _   0.008 0.142 0.001 0.011 0.004 0.010 0.033 0.791 
 511 D _   0.008 0.129 0.000 0.009 0.003 0.010 0.034 0.808 
 512 G _   0.007 0.120 0.000 0.007 0.003 0.010 0.034 0.819 
 513 L _   0.007 0.115 0.000 0.007 0.003 0.010 0.034 0.824 
 514 R _   0.007 0.113 0.000 0.006 0.003 0.010 0.034 0.825 
 515 P _   0.008 0.114 0.000 0.007 0.003 0.012 0.034 0.822 
 516 D _   0.009 0.119 0.000 0.008 0.004 0.013 0.033 0.813 
 517 A _   0.010 0.127 0.001 0.011 0.005 0.015 0.033 0.798 
 518 R _   0.011 0.141 0.001 0.014 0.007 0.017 0.032 0.777 
 519 Y _   0.013 0.161 0.001 0.018 0.009 0.020 0.031 0.749 
 520 V _   0.014 0.184 0.001 0.023 0.011 0.021 0.029 0.716 
 521 V _   0.014 0.209 0.001 0.029 0.013 0.023 0.028 0.683 
 522 Q _   0.015 0.230 0.001 0.034 0.015 0.024 0.027 0.655 
 523 V _   0.015 0.246 0.001 0.038 0.016 0.024 0.026 0.634 
 524 R _   0.015 0.256 0.001 0.042 0.016 0.024 0.026 0.619 
 525 A _   0.014 0.261 0.001 0.045 0.017 0.023 0.026 0.612 
 526 R _   0.014 0.261 0.001 0.046 0.016 0.022 0.026 0.613 
 527 T _   0.014 0.256 0.001 0.044 0.015 0.021 0.026 0.623 
 528 V _   0.013 0.244 0.001 0.041 0.013 0.019 0.027 0.640 
 529 A _   0.013 0.226 0.001 0.036 0.012 0.017 0.028 0.666 
 530 G _   0.013 0.200 0.001 0.030 0.010 0.016 0.030 0.700 
 531 Y _   0.012 0.167 0.001 0.024 0.008 0.014 0.031 0.742 
 532 G _   0.011 0.133 0.001 0.019 0.007 0.013 0.033 0.783 
 533 Q _   0.011 0.102 0.001 0.015 0.006 0.012 0.034 0.820 
 534 Y _   0.010 0.077 0.001 0.012 0.005 0.011 0.035 0.850 
 535 S _   0.009 0.060 0.001 0.010 0.004 0.010 0.036 0.870 
 536 R _   0.008 0.049 0.000 0.009 0.003 0.010 0.037 0.883 
 537 P _   0.008 0.041 0.000 0.009 0.003 0.009 0.037 0.891 
 538 A _   0.008 0.036 0.000 0.010 0.003 0.009 0.037 0.896 
 539 E _   0.008 0.033 0.000 0.010 0.003 0.009 0.037 0.899 
 540 F _   0.007 0.030 0.000 0.011 0.003 0.009 0.037 0.902 
 541 E _   0.007 0.027 0.000 0.012 0.003 0.009 0.037 0.905 
 542 T _   0.007 0.024 0.000 0.012 0.003 0.008 0.036 0.909 
 543 T _   0.006 0.020 0.000 0.011 0.003 0.008 0.036 0.915 
 544 S _   0.006 0.017 0.000 0.010 0.003 0.008 0.036 0.921 
 545 E _   0.005 0.014 0.000 0.010 0.003 0.007 0.035 0.926 
 546 R _   0.005 0.011 0.000 0.009 0.003 0.007 0.034 0.931 
 547 G _   0.005 0.008 0.000 0.008 0.003 0.007 0.034 0.935 
 548 S _   0.005 0.006 0.000 0.007 0.003 0.007 0.033 0.938 
 549 G _   0.006 0.005 0.000 0.007 0.003 0.007 0.032 0.940 
 550 A _   0.007 0.004 0.000 0.007 0.003 0.007 0.031 0.941 
 551 Q _   0.008 0.003 0.000 0.007 0.003 0.008 0.029 0.941 
 552 Q _   0.011 0.002 0.000 0.007 0.003 0.008 0.028 0.940 
 553 L _   0.015 0.002 0.000 0.007 0.004 0.009 0.026 0.938 
 554 Q _   0.023 0.001 0.000 0.006 0.004 0.009 0.025 0.932 
 555 E _   0.035 0.001 0.001 0.005 0.004 0.009 0.023 0.923 
 556 Q _   0.054 0.000 0.001 0.003 0.004 0.009 0.021 0.908 
 557 L _   0.082 0.000 0.001 0.002 0.004 0.009 0.019 0.883 
 558 P _   0.122 0.000 0.001 0.001 0.005 0.009 0.016 0.846 
 559 L _   0.173 0.000 0.001 0.001 0.005 0.009 0.014 0.798 
 560 I _   0.238 0.000 0.001 0.001 0.005 0.008 0.012 0.735 
 561 V _   0.317 0.000 0.001 0.001 0.005 0.008 0.010 0.658 
 562 G _   0.408 0.000 0.001 0.001 0.006 0.007 0.009 0.569 
 563 S H   0.510 0.000 0.001 0.000 0.006 0.007 0.007 0.469 
 564 A H   0.613 0.000 0.001 0.000 0.006 0.006 0.006 0.368 
 565 T H   0.709 0.000 0.001 0.000 0.006 0.005 0.005 0.274 
 566 A H   0.790 0.000 0.001 0.000 0.006 0.004 0.004 0.195 
 567 G H   0.854 0.000 0.001 0.000 0.006 0.004 0.003 0.133 
 568 L H   0.899 0.000 0.001 0.000 0.006 0.003 0.002 0.089 
 569 V H   0.929 0.000 0.001 0.000 0.006 0.003 0.002 0.060 
 570 F H   0.948 0.000 0.001 0.000 0.006 0.002 0.002 0.042 
 571 V H   0.958 0.000 0.001 0.000 0.006 0.002 0.001 0.032 
 572 V H   0.963 0.000 0.001 0.000 0.006 0.002 0.001 0.028 
 573 A H   0.962 0.000 0.001 0.000 0.007 0.002 0.001 0.027 
 574 V H   0.958 0.000 0.001 0.000 0.007 0.002 0.001 0.030 
 575 V H   0.950 0.000 0.001 0.000 0.008 0.002 0.001 0.038 
 576 V H   0.936 0.000 0.001 0.000 0.009 0.003 0.001 0.050 
 577 I H   0.913 0.000 0.001 0.000 0.010 0.003 0.001 0.071 
 578 A H   0.879 0.000 0.001 0.000 0.011 0.004 0.002 0.103 
 579 I H   0.832 0.000 0.001 0.001 0.012 0.005 0.003 0.147 
 580 V H   0.767 0.000 0.001 0.001 0.012 0.006 0.005 0.208 
 581 C H   0.681 0.000 0.001 0.001 0.012 0.007 0.007 0.291 
 582 L H   0.575 0.000 0.001 0.002 0.011 0.007 0.011 0.392 
 583 R _   0.459 0.000 0.001 0.002 0.009 0.008 0.017 0.505 
 584 K _   0.340 0.000 0.001 0.002 0.007 0.008 0.023 0.619 
 585 Q _   0.230 0.000 0.001 0.002 0.005 0.007 0.029 0.726 
 586 R _   0.144 0.000 0.001 0.002 0.003 0.006 0.034 0.810 
 587 H _   0.085 0.000 0.000 0.002 0.002 0.006 0.037 0.867 
 588 G _   0.050 0.000 0.000 0.002 0.002 0.005 0.040 0.901 
 589 S _   0.030 0.000 0.000 0.002 0.002 0.005 0.042 0.919 
 590 D _   0.019 0.001 0.000 0.002 0.001 0.006 0.043 0.927 
 591 S _   0.014 0.002 0.000 0.003 0.002 0.007 0.044 0.929 
 592 E _   0.012 0.004 0.000 0.004 0.002 0.008 0.044 0.925 
 593 Y _   0.011 0.010 0.000 0.007 0.003 0.011 0.044 0.914 
 594 T _   0.011 0.022 0.001 0.010 0.005 0.013 0.044 0.895 
 595 E _   0.011 0.041 0.001 0.015 0.006 0.016 0.043 0.868 
 596 K _   0.011 0.066 0.001 0.020 0.008 0.018 0.042 0.835 
 597 L _   0.011 0.091 0.001 0.025 0.010 0.019 0.040 0.802 
 598 Q _   0.011 0.114 0.001 0.028 0.011 0.021 0.039 0.774 
 599 Q _   0.011 0.133 0.001 0.031 0.012 0.021 0.039 0.751 
 600 Y _   0.012 0.148 0.001 0.034 0.013 0.022 0.038 0.733 
 601 I _   0.012 0.160 0.001 0.036 0.013 0.022 0.038 0.719 
 602 A _   0.013 0.168 0.001 0.037 0.014 0.022 0.038 0.707 
 603 P _   0.013 0.173 0.001 0.039 0.014 0.022 0.038 0.699 
 604 G _   0.014 0.175 0.001 0.040 0.014 0.022 0.038 0.695 
 605 M _   0.014 0.174 0.001 0.041 0.014 0.021 0.039 0.695 
 606 K _   0.014 0.170 0.001 0.041 0.013 0.020 0.041 0.699 
 607 V _   0.014 0.162 0.001 0.039 0.013 0.019 0.042 0.710 
 608 Y _   0.014 0.148 0.001 0.036 0.011 0.017 0.045 0.728 
 609 I _   0.013 0.128 0.001 0.031 0.010 0.015 0.047 0.754 
 610 D _   0.012 0.103 0.001 0.026 0.008 0.014 0.050 0.787 
 611 P _   0.012 0.075 0.001 0.019 0.006 0.012 0.052 0.823 
 612 F _   0.010 0.048 0.001 0.013 0.005 0.010 0.055 0.858 
 613 T _   0.009 0.028 0.000 0.009 0.003 0.008 0.056 0.886 
 614 Y _   0.007 0.016 0.000 0.006 0.002 0.007 0.057 0.905 
 615 E _   0.006 0.009 0.000 0.004 0.002 0.006 0.058 0.915 
 616 D _   0.005 0.007 0.000 0.003 0.001 0.006 0.058 0.919 
 617 P _   0.005 0.006 0.000 0.003 0.002 0.007 0.057 0.920 
 618 N _   0.006 0.006 0.000 0.004 0.002 0.008 0.057 0.917 
 619 E _   0.007 0.007 0.000 0.006 0.003 0.010 0.055 0.910 
 620 A _   0.008 0.010 0.000 0.010 0.004 0.013 0.054 0.900 
 621 V _   0.010 0.014 0.001 0.015 0.006 0.016 0.052 0.886 
 622 R _   0.011 0.019 0.001 0.020 0.008 0.018 0.050 0.872 
 623 E _   0.012 0.022 0.001 0.025 0.010 0.020 0.049 0.862 
 624 F _   0.013 0.025 0.001 0.027 0.011 0.022 0.047 0.855 
 625 A _   0.014 0.026 0.001 0.027 0.011 0.023 0.046 0.853 
 626 K _   0.015 0.026 0.001 0.025 0.011 0.023 0.045 0.855 
 627 E _   0.016 0.024 0.001 0.021 0.011 0.023 0.044 0.860 
 628 I _   0.017 0.022 0.001 0.018 0.010 0.023 0.043 0.866 
 629 D _   0.019 0.020 0.001 0.015 0.010 0.023 0.043 0.871 
 630 V _   0.021 0.018 0.001 0.012 0.009 0.023 0.042 0.874 
 631 S _   0.022 0.017 0.001 0.011 0.009 0.023 0.042 0.876 
 632 C _   0.024 0.016 0.001 0.010 0.009 0.024 0.041 0.875 
 633 V _   0.026 0.015 0.001 0.010 0.009 0.025 0.041 0.873 
 634 K _   0.029 0.016 0.001 0.010 0.009 0.025 0.041 0.869 
 635 I _   0.030 0.017 0.001 0.011 0.010 0.026 0.040 0.866 
 636 E _   0.031 0.018 0.001 0.011 0.010 0.026 0.040 0.862 
 637 E _   0.032 0.020 0.001 0.012 0.011 0.027 0.040 0.858 
 638 V _   0.032 0.022 0.001 0.013 0.011 0.027 0.039 0.855 
 639 I _   0.032 0.024 0.001 0.014 0.012 0.027 0.039 0.851 
 640 G _   0.032 0.027 0.001 0.016 0.013 0.027 0.038 0.847 
 641 A _   0.031 0.030 0.001 0.018 0.013 0.027 0.038 0.843 
 642 G _   0.030 0.033 0.001 0.020 0.013 0.026 0.038 0.839 
 643 E _   0.028 0.035 0.001 0.022 0.013 0.025 0.038 0.838 
 644 F _   0.026 0.037 0.001 0.023 0.013 0.024 0.038 0.839 
 645 G _   0.023 0.037 0.001 0.023 0.011 0.022 0.038 0.844 
 646 E _   0.021 0.036 0.001 0.022 0.010 0.020 0.039 0.852 
 647 V _   0.018 0.034 0.001 0.020 0.009 0.018 0.039 0.862 
 648 C _   0.016 0.031 0.001 0.017 0.007 0.016 0.039 0.873 
 649 R _   0.014 0.028 0.001 0.013 0.006 0.014 0.040 0.886 
 650 G _   0.012 0.025 0.001 0.010 0.004 0.012 0.040 0.896 
 651 R _   0.011 0.022 0.000 0.007 0.003 0.011 0.040 0.905 
 652 L _   0.010 0.021 0.000 0.006 0.003 0.011 0.040 0.910 
 653 K _   0.009 0.020 0.000 0.005 0.003 0.011 0.040 0.911 
 654 Q _   0.010 0.022 0.000 0.005 0.003 0.012 0.039 0.909 
 655 P _   0.011 0.025 0.000 0.006 0.004 0.014 0.038 0.901 
 656 G _   0.013 0.034 0.001 0.008 0.005 0.017 0.037 0.886 
 657 R _   0.015 0.050 0.001 0.012 0.008 0.020 0.036 0.859 
 658 R _   0.017 0.077 0.001 0.017 0.011 0.024 0.034 0.819 
 659 E _   0.019 0.115 0.001 0.024 0.015 0.026 0.032 0.768 
 660 V _   0.019 0.157 0.002 0.031 0.018 0.028 0.030 0.715 
 661 F _   0.020 0.194 0.002 0.037 0.019 0.029 0.028 0.672 
 662 V _   0.020 0.221 0.002 0.041 0.020 0.029 0.027 0.640 
 663 A _   0.020 0.240 0.002 0.044 0.020 0.029 0.026 0.620 
