#TopoPred_TM8: 8-state transmembrane topology prediction results by no_profile mode 
#probabilities are in the order of H E C I L F X _, the 8 transmembrane topology types used in PDBTM 
   1 M X   0.014 0.002 0.002 0.051 0.009 0.010 0.678 0.235 
   2 E X   0.005 0.001 0.000 0.029 0.002 0.005 0.694 0.264 
   3 D X   0.001 0.001 0.000 0.017 0.001 0.003 0.697 0.280 
   4 G X   0.001 0.001 0.000 0.013 0.001 0.004 0.692 0.288 
   5 G X   0.002 0.003 0.000 0.014 0.001 0.005 0.683 0.292 
   6 L X   0.003 0.005 0.000 0.015 0.002 0.008 0.669 0.297 
   7 T X   0.004 0.009 0.000 0.018 0.003 0.010 0.653 0.302 
   8 A X   0.005 0.015 0.000 0.022 0.004 0.012 0.634 0.308 
   9 F X   0.005 0.021 0.001 0.026 0.005 0.013 0.613 0.318 
  10 E X   0.005 0.027 0.001 0.029 0.005 0.013 0.590 0.330 
  11 E X   0.004 0.033 0.001 0.029 0.006 0.013 0.569 0.345 
  12 D X   0.004 0.037 0.001 0.028 0.006 0.013 0.550 0.361 
  13 Q X   0.004 0.039 0.001 0.026 0.006 0.012 0.533 0.378 
  14 R X   0.004 0.041 0.001 0.024 0.005 0.012 0.519 0.394 
  15 C X   0.005 0.043 0.001 0.021 0.005 0.011 0.507 0.408 
  16 L X   0.005 0.044 0.001 0.019 0.005 0.011 0.496 0.420 
  17 S X   0.005 0.044 0.001 0.018 0.005 0.010 0.486 0.432 
  18 Q X   0.005 0.045 0.001 0.017 0.004 0.010 0.476 0.443 
  19 S X   0.005 0.045 0.001 0.016 0.004 0.009 0.467 0.454 
  20 L _   0.005 0.045 0.000 0.014 0.004 0.009 0.458 0.465 
  21 P _   0.005 0.045 0.000 0.013 0.004 0.008 0.449 0.476 
  22 L _   0.005 0.045 0.000 0.012 0.003 0.008 0.440 0.487 
  23 P _   0.005 0.045 0.000 0.010 0.003 0.007 0.431 0.498 
  24 V _   0.004 0.046 0.000 0.010 0.003 0.007 0.422 0.508 
  25 S _   0.004 0.046 0.000 0.009 0.003 0.007 0.412 0.517 
  26 A _   0.004 0.048 0.000 0.009 0.003 0.007 0.402 0.525 
  27 E _   0.004 0.051 0.000 0.010 0.003 0.008 0.392 0.532 
  28 G _   0.005 0.055 0.000 0.011 0.003 0.008 0.381 0.537 
  29 P _   0.005 0.060 0.001 0.013 0.004 0.009 0.369 0.540 
  30 A _   0.005 0.065 0.001 0.015 0.004 0.009 0.358 0.542 
  31 A _   0.005 0.071 0.001 0.017 0.005 0.009 0.348 0.545 
  32 Q _   0.005 0.076 0.001 0.018 0.005 0.010 0.338 0.548 
  33 T _   0.005 0.079 0.001 0.018 0.005 0.009 0.329 0.554 
  34 T _   0.005 0.082 0.001 0.017 0.005 0.009 0.321 0.560 
  35 A _   0.005 0.084 0.001 0.016 0.004 0.009 0.313 0.568 
  36 E _   0.005 0.085 0.001 0.015 0.004 0.009 0.306 0.577 
  37 P _   0.005 0.085 0.000 0.013 0.004 0.009 0.300 0.584 
  38 S _   0.005 0.086 0.000 0.012 0.004 0.008 0.294 0.591 
  39 R _   0.005 0.086 0.000 0.011 0.003 0.008 0.288 0.597 
  40 S _   0.005 0.088 0.000 0.011 0.003 0.009 0.282 0.601 
  41 F _   0.005 0.090 0.000 0.012 0.004 0.009 0.277 0.604 
  42 S _   0.005 0.093 0.000 0.013 0.004 0.009 0.271 0.605 
  43 S _   0.005 0.096 0.001 0.014 0.004 0.009 0.266 0.606 
  44 A _   0.005 0.099 0.001 0.015 0.004 0.009 0.260 0.607 
  45 H _   0.005 0.101 0.001 0.015 0.004 0.010 0.255 0.609 
  46 R _   0.005 0.103 0.001 0.015 0.004 0.010 0.250 0.612 
  47 H _   0.005 0.104 0.001 0.015 0.004 0.010 0.245 0.616 
  48 L _   0.005 0.105 0.001 0.014 0.004 0.010 0.241 0.621 
  49 S _   0.005 0.105 0.000 0.013 0.004 0.010 0.237 0.625 
  50 R _   0.005 0.105 0.000 0.013 0.004 0.010 0.233 0.629 
  51 R _   0.005 0.106 0.001 0.013 0.004 0.011 0.230 0.630 
  52 N _   0.006 0.108 0.001 0.014 0.005 0.011 0.226 0.629 
  53 G _   0.006 0.111 0.001 0.016 0.006 0.012 0.222 0.626 
  54 L _   0.007 0.114 0.001 0.019 0.006 0.013 0.219 0.621 
  55 S _   0.008 0.116 0.001 0.022 0.007 0.014 0.216 0.616 
  56 R _   0.008 0.118 0.001 0.025 0.008 0.015 0.214 0.612 
  57 L _   0.009 0.117 0.001 0.027 0.009 0.015 0.212 0.611 
  58 C _   0.009 0.114 0.001 0.028 0.009 0.015 0.211 0.614 
  59 Q _   0.009 0.109 0.001 0.027 0.008 0.014 0.210 0.622 
  60 S _   0.009 0.100 0.001 0.024 0.008 0.014 0.210 0.634 
  61 R _   0.009 0.087 0.001 0.021 0.007 0.013 0.211 0.652 
  62 T _   0.009 0.072 0.001 0.016 0.006 0.013 0.211 0.672 
  63 A _   0.009 0.056 0.001 0.012 0.005 0.013 0.212 0.692 
  64 L _   0.009 0.043 0.001 0.009 0.004 0.013 0.213 0.709 
  65 S _   0.009 0.034 0.000 0.006 0.003 0.013 0.213 0.721 
  66 E _   0.010 0.029 0.000 0.005 0.003 0.014 0.213 0.726 
  67 D _   0.012 0.026 0.000 0.004 0.003 0.016 0.212 0.726 
  68 R _   0.015 0.027 0.000 0.004 0.004 0.020 0.210 0.719 
  69 W _   0.021 0.029 0.001 0.006 0.007 0.024 0.208 0.705 
  70 S _   0.027 0.036 0.001 0.008 0.011 0.030 0.205 0.681 
  71 S _   0.035 0.051 0.001 0.012 0.016 0.036 0.202 0.646 
  72 Y _   0.043 0.074 0.002 0.018 0.023 0.042 0.198 0.600 
  73 C _   0.049 0.103 0.002 0.025 0.030 0.046 0.195 0.549 
  74 L _   0.054 0.131 0.002 0.032 0.036 0.049 0.192 0.504 
  75 S _   0.058 0.152 0.002 0.038 0.039 0.050 0.190 0.469 
  76 S _   0.061 0.167 0.002 0.043 0.041 0.049 0.190 0.447 
  77 L _   0.062 0.174 0.002 0.046 0.040 0.048 0.191 0.437 
  78 A _   0.061 0.176 0.002 0.046 0.038 0.045 0.194 0.439 
  79 A _   0.059 0.172 0.002 0.043 0.034 0.041 0.197 0.452 
  80 Q _   0.055 0.162 0.002 0.039 0.029 0.037 0.202 0.475 
  81 N _   0.050 0.146 0.002 0.034 0.023 0.033 0.208 0.505 
  82 I _   0.044 0.125 0.002 0.028 0.018 0.028 0.215 0.540 
  83 C _   0.039 0.101 0.001 0.022 0.014 0.025 0.222 0.577 
  84 T _   0.033 0.078 0.001 0.018 0.010 0.021 0.229 0.610 
  85 S _   0.028 0.060 0.001 0.015 0.008 0.018 0.235 0.636 
  86 K _   0.023 0.045 0.001 0.013 0.006 0.016 0.242 0.656 
  87 L _   0.019 0.034 0.001 0.011 0.005 0.013 0.247 0.671 
  88 H _   0.015 0.026 0.001 0.010 0.004 0.011 0.252 0.681 
  89 C _   0.013 0.020 0.000 0.010 0.003 0.010 0.256 0.688 
  90 P _   0.011 0.015 0.000 0.009 0.003 0.009 0.259 0.694 
  91 A _   0.009 0.011 0.000 0.008 0.003 0.007 0.262 0.700 
  92 A _   0.008 0.008 0.000 0.007 0.002 0.006 0.264 0.705 
  93 P _   0.007 0.005 0.000 0.005 0.002 0.006 0.265 0.710 
  94 E _   0.006 0.004 0.000 0.004 0.001 0.005 0.265 0.715 
  95 H _   0.005 0.003 0.000 0.003 0.001 0.004 0.265 0.719 
  96 T _   0.004 0.002 0.000 0.003 0.001 0.004 0.263 0.723 
  97 D _   0.004 0.002 0.000 0.002 0.001 0.005 0.261 0.726 
  98 P _   0.004 0.002 0.000 0.002 0.001 0.006 0.257 0.727 
  99 S _   0.005 0.003 0.000 0.003 0.002 0.008 0.253 0.727 
 100 E _   0.007 0.005 0.000 0.004 0.002 0.012 0.246 0.723 
 101 P _   0.011 0.013 0.001 0.006 0.005 0.018 0.238 0.710 
 102 R _   0.016 0.033 0.001 0.012 0.010 0.026 0.225 0.678 
 103 G _   0.022 0.079 0.002 0.020 0.019 0.035 0.206 0.618 
 104 S _   0.027 0.161 0.003 0.031 0.029 0.042 0.183 0.525 
 105 V _   0.029 0.264 0.004 0.042 0.038 0.047 0.160 0.417 
 106 S E   0.028 0.360 0.003 0.052 0.043 0.048 0.141 0.325 
 107 C E   0.028 0.425 0.003 0.059 0.043 0.047 0.128 0.267 
 108 C E   0.028 0.463 0.002 0.064 0.042 0.045 0.119 0.237 
 109 S E   0.028 0.481 0.002 0.066 0.041 0.043 0.114 0.226 
 110 L E   0.029 0.487 0.002 0.066 0.039 0.040 0.110 0.228 
 111 L E   0.029 0.481 0.002 0.062 0.036 0.037 0.108 0.244 
 112 R E   0.029 0.463 0.002 0.056 0.033 0.034 0.107 0.275 
 113 G E   0.029 0.426 0.002 0.048 0.029 0.031 0.107 0.327 
 114 L _   0.029 0.365 0.003 0.039 0.025 0.029 0.108 0.402 
 115 S _   0.029 0.286 0.002 0.030 0.021 0.027 0.110 0.494 
 116 S _   0.028 0.210 0.002 0.024 0.017 0.025 0.112 0.584 
 117 G _   0.025 0.149 0.001 0.018 0.013 0.023 0.114 0.656 
 118 W _   0.022 0.110 0.001 0.015 0.009 0.020 0.116 0.706 
 119 S _   0.019 0.085 0.001 0.014 0.007 0.018 0.117 0.739 
 120 S _   0.017 0.068 0.001 0.013 0.006 0.016 0.118 0.761 
 121 P _   0.015 0.056 0.001 0.013 0.005 0.014 0.118 0.778 
 122 L _   0.013 0.046 0.001 0.012 0.005 0.013 0.119 0.791 
 123 L _   0.012 0.038 0.001 0.011 0.004 0.011 0.119 0.805 
 124 P _   0.010 0.030 0.000 0.010 0.004 0.010 0.119 0.817 
 125 A _   0.009 0.023 0.000 0.008 0.003 0.009 0.118 0.829 
 126 P _   0.008 0.018 0.000 0.006 0.003 0.008 0.117 0.840 
 127 V _   0.007 0.014 0.000 0.005 0.002 0.008 0.116 0.848 
 128 C _   0.007 0.012 0.000 0.004 0.002 0.008 0.114 0.853 
 129 N _   0.007 0.012 0.000 0.004 0.002 0.008 0.112 0.855 
 130 P _   0.008 0.012 0.000 0.004 0.002 0.010 0.110 0.854 
 131 N _   0.009 0.015 0.000 0.006 0.003 0.012 0.107 0.849 
 132 K _   0.010 0.021 0.001 0.008 0.005 0.014 0.103 0.839 
 133 A _   0.012 0.030 0.001 0.012 0.007 0.017 0.099 0.823 
 134 I _   0.013 0.045 0.001 0.017 0.009 0.020 0.094 0.801 
 135 F _   0.014 0.062 0.001 0.022 0.011 0.021 0.089 0.779 
 136 T _   0.014 0.078 0.001 0.027 0.013 0.023 0.084 0.760 
 137 V _   0.014 0.092 0.001 0.030 0.014 0.024 0.080 0.745 
 138 D _   0.014 0.102 0.001 0.033 0.014 0.024 0.076 0.735 
 139 A _   0.014 0.109 0.001 0.034 0.015 0.024 0.073 0.730 
 140 K _   0.014 0.113 0.001 0.033 0.014 0.023 0.071 0.730 
 141 T _   0.014 0.114 0.001 0.032 0.013 0.022 0.069 0.735 
 142 T _   0.014 0.114 0.001 0.029 0.012 0.021 0.067 0.742 
 143 E _   0.013 0.111 0.001 0.026 0.011 0.020 0.066 0.753 
 144 I _   0.013 0.107 0.001 0.022 0.009 0.018 0.065 0.765 
 145 L _   0.012 0.103 0.001 0.018 0.008 0.017 0.064 0.778 
 146 V _   0.011 0.098 0.001 0.015 0.007 0.015 0.063 0.790 
 147 A _   0.011 0.094 0.001 0.013 0.006 0.015 0.062 0.800 
 148 N _   0.010 0.090 0.001 0.012 0.005 0.014 0.061 0.807 
 149 D _   0.010 0.089 0.001 0.011 0.005 0.014 0.059 0.811 
 150 K _   0.010 0.088 0.001 0.011 0.005 0.014 0.058 0.812 
 151 A _   0.010 0.088 0.001 0.012 0.005 0.014 0.057 0.812 
 152 C _   0.010 0.090 0.001 0.014 0.006 0.014 0.056 0.811 
 153 G _   0.010 0.091 0.001 0.015 0.006 0.014 0.055 0.809 
 154 L _   0.010 0.092 0.001 0.015 0.006 0.014 0.053 0.809 
 155 L _   0.010 0.092 0.001 0.015 0.006 0.014 0.052 0.810 
 156 G _   0.010 0.091 0.001 0.015 0.006 0.014 0.051 0.813 
 157 Y _   0.010 0.090 0.001 0.014 0.006 0.014 0.050 0.817 
 158 S _   0.010 0.088 0.001 0.012 0.005 0.014 0.049 0.820 
 159 S _   0.010 0.087 0.001 0.011 0.005 0.014 0.048 0.823 
 160 Q _   0.010 0.087 0.001 0.011 0.006 0.015 0.047 0.822 
 161 D _   0.011 0.089 0.001 0.013 0.006 0.016 0.046 0.818 
 162 L _   0.013 0.091 0.001 0.015 0.007 0.018 0.045 0.810 
 163 I _   0.014 0.095 0.001 0.019 0.009 0.019 0.044 0.798 
 164 G _   0.015 0.099 0.001 0.024 0.011 0.020 0.043 0.786 
 165 Q _   0.016 0.102 0.001 0.029 0.012 0.021 0.043 0.777 
 166 K _   0.016 0.103 0.001 0.033 0.012 0.020 0.042 0.772 
 167 L _   0.016 0.100 0.001 0.034 0.012 0.020 0.042 0.775 
 168 T _   0.015 0.094 0.001 0.032 0.011 0.018 0.042 0.786 
 169 Q _   0.014 0.084 0.001 0.028 0.010 0.016 0.042 0.804 
 170 F _   0.013 0.069 0.001 0.022 0.008 0.015 0.043 0.829 
 171 F _   0.012 0.053 0.001 0.017 0.006 0.013 0.043 0.856 
 172 L _   0.011 0.037 0.001 0.012 0.005 0.011 0.044 0.880 
 173 R _   0.009 0.025 0.001 0.009 0.004 0.010 0.044 0.899 
 174 S _   0.008 0.017 0.000 0.007 0.003 0.009 0.044 0.911 
 175 D _   0.008 0.013 0.000 0.006 0.003 0.009 0.044 0.917 
 176 S _   0.008 0.011 0.000 0.006 0.003 0.009 0.043 0.920 
 177 D _   0.008 0.010 0.000 0.008 0.003 0.009 0.043 0.919 
 178 V _   0.008 0.009 0.000 0.010 0.004 0.010 0.042 0.917 
 179 V _   0.009 0.009 0.001 0.012 0.004 0.011 0.041 0.914 
 180 E _   0.009 0.009 0.001 0.014 0.005 0.011 0.040 0.912 
 181 A _   0.010 0.008 0.001 0.015 0.005 0.011 0.039 0.911 
 182 L _   0.011 0.007 0.001 0.014 0.005 0.011 0.038 0.914 
 183 S _   0.012 0.006 0.001 0.013 0.005 0.011 0.036 0.918 
 184 E _   0.014 0.004 0.001 0.010 0.004 0.011 0.035 0.922 
 185 E _   0.018 0.002 0.000 0.007 0.004 0.011 0.034 0.924 
 186 H _   0.026 0.001 0.000 0.005 0.003 0.011 0.032 0.922 
 187 M _   0.039 0.000 0.000 0.003 0.003 0.012 0.030 0.912 
 188 E _   0.063 0.000 0.000 0.002 0.004 0.013 0.028 0.890 
 189 A _   0.101 0.000 0.001 0.002 0.005 0.016 0.025 0.850 
 190 D _   0.162 0.000 0.001 0.002 0.007 0.020 0.022 0.787 
 191 G _   0.244 0.000 0.001 0.002 0.011 0.024 0.019 0.700 
 192 H _   0.342 0.000 0.001 0.002 0.016 0.029 0.015 0.595 
 193 A _   0.439 0.000 0.002 0.003 0.023 0.033 0.013 0.488 
 194 A H   0.523 0.000 0.002 0.003 0.030 0.036 0.011 0.395 
 195 V H   0.588 0.000 0.002 0.003 0.036 0.037 0.009 0.324 
 196 V H   0.631 0.000 0.002 0.004 0.039 0.037 0.008 0.278 
 197 F H   0.656 0.000 0.002 0.004 0.041 0.036 0.008 0.252 
 198 G H   0.665 0.001 0.002 0.005 0.041 0.034 0.008 0.244 
 199 T H   0.660 0.001 0.002 0.005 0.040 0.032 0.008 0.252 
 200 V H   0.640 0.001 0.002 0.005 0.037 0.030 0.009 0.276 
 201 V H   0.602 0.001 0.002 0.005 0.033 0.027 0.009 0.320 
 202 D H   0.546 0.000 0.002 0.005 0.028 0.025 0.010 0.384 
 203 I H   0.476 0.000 0.002 0.004 0.022 0.023 0.012 0.461 
 204 I _   0.399 0.000 0.001 0.003 0.016 0.021 0.013 0.547 
 205 S _   0.321 0.000 0.001 0.003 0.011 0.019 0.014 0.630 
 206 R _   0.249 0.000 0.001 0.002 0.008 0.018 0.016 0.707 
 207 S _   0.190 0.000 0.001 0.002 0.006 0.017 0.017 0.767 
 208 G _   0.146 0.000 0.001 0.002 0.005 0.017 0.018 0.810 
 209 E _   0.115 0.000 0.001 0.003 0.005 0.018 0.019 0.839 
 210 K _   0.094 0.000 0.001 0.004 0.006 0.019 0.020 0.856 
 211 I _   0.079 0.001 0.001 0.006 0.007 0.021 0.020 0.864 
 212 P _   0.069 0.002 0.001 0.009 0.009 0.023 0.021 0.866 
 213 V _   0.060 0.004 0.001 0.013 0.011 0.025 0.021 0.864 
 214 S _   0.053 0.005 0.001 0.018 0.013 0.026 0.022 0.862 
 215 V _   0.048 0.006 0.001 0.020 0.013 0.027 0.022 0.862 
 216 W _   0.043 0.007 0.001 0.021 0.013 0.027 0.023 0.865 
 217 M _   0.039 0.006 0.001 0.020 0.012 0.026 0.023 0.873 
 218 K _   0.035 0.005 0.001 0.016 0.011 0.025 0.024 0.884 
 219 R _   0.032 0.004 0.001 0.012 0.009 0.024 0.024 0.895 
 220 M _   0.031 0.002 0.001 0.008 0.007 0.023 0.025 0.904 
 221 R _   0.031 0.001 0.001 0.006 0.006 0.023 0.025 0.908 
 222 Q _   0.034 0.001 0.001 0.004 0.006 0.023 0.025 0.907 
 223 E _   0.039 0.000 0.001 0.004 0.006 0.025 0.025 0.901 
 224 R _   0.047 0.000 0.001 0.004 0.007 0.027 0.025 0.889 
 225 R _   0.057 0.001 0.001 0.005 0.009 0.031 0.025 0.872 
 226 L _   0.069 0.001 0.001 0.006 0.012 0.035 0.025 0.851 
 227 C _   0.081 0.002 0.001 0.009 0.016 0.039 0.025 0.827 
 228 C _   0.093 0.003 0.001 0.011 0.019 0.043 0.025 0.805 
 229 V _   0.104 0.003 0.002 0.013 0.023 0.046 0.025 0.785 
 230 V _   0.112 0.004 0.002 0.015 0.025 0.047 0.025 0.770 
 231 V _   0.118 0.004 0.002 0.014 0.025 0.048 0.026 0.762 
 232 L _   0.122 0.004 0.002 0.013 0.025 0.049 0.026 0.759 
 233 E _   0.122 0.004 0.002 0.012 0.025 0.049 0.027 0.760 
 234 P _   0.120 0.004 0.001 0.010 0.023 0.048 0.028 0.765 
 235 V _   0.116 0.004 0.001 0.010 0.022 0.047 0.028 0.772 
 236 E _   0.109 0.004 0.001 0.010 0.021 0.045 0.029 0.780 
 237 R _   0.101 0.005 0.001 0.011 0.020 0.044 0.030 0.788 
 238 V _   0.093 0.006 0.001 0.013 0.020 0.042 0.031 0.794 
 239 S _   0.083 0.007 0.001 0.016 0.019 0.039 0.033 0.801 
 240 T _   0.073 0.009 0.001 0.018 0.018 0.036 0.034 0.811 
 241 W _   0.062 0.009 0.001 0.020 0.017 0.033 0.035 0.822 
 242 V _   0.052 0.010 0.001 0.021 0.015 0.030 0.036 0.835 
 243 A _   0.042 0.010 0.001 0.019 0.013 0.026 0.038 0.852 
 244 F _   0.033 0.009 0.001 0.017 0.010 0.023 0.039 0.869 
 245 Q _   0.026 0.007 0.001 0.013 0.007 0.019 0.040 0.886 
 246 S _   0.021 0.006 0.001 0.009 0.005 0.017 0.041 0.900 
 247 D _   0.017 0.005 0.000 0.007 0.004 0.015 0.042 0.910 
 248 G _   0.015 0.004 0.000 0.005 0.003 0.014 0.042 0.917 
 249 T _   0.013 0.004 0.000 0.004 0.003 0.014 0.042 0.919 
 250 V _   0.014 0.005 0.000 0.004 0.003 0.015 0.042 0.916 
 251 T _   0.015 0.007 0.000 0.005 0.004 0.018 0.042 0.908 
 252 S _   0.018 0.014 0.001 0.007 0.007 0.022 0.041 0.891 
 253 C _   0.022 0.027 0.001 0.012 0.011 0.026 0.040 0.860 
 254 D _   0.025 0.053 0.001 0.020 0.016 0.031 0.039 0.814 
 255 S _   0.027 0.090 0.002 0.030 0.022 0.034 0.037 0.757 
 256 L _   0.028 0.127 0.002 0.040 0.025 0.036 0.036 0.705 
 257 F _   0.028 0.156 0.002 0.050 0.027 0.037 0.035 0.665 
 258 A _   0.028 0.173 0.002 0.056 0.028 0.036 0.035 0.643 
 259 H _   0.026 0.181 0.002 0.058 0.026 0.034 0.035 0.637 
 260 L _   0.025 0.182 0.002 0.056 0.024 0.032 0.035 0.645 
 261 H _   0.023 0.177 0.002 0.049 0.021 0.029 0.036 0.664 
 262 G _   0.021 0.165 0.002 0.040 0.017 0.025 0.037 0.692 
 263 Y _   0.019 0.148 0.001 0.030 0.013 0.023 0.039 0.727 
 264 V _   0.017 0.128 0.001 0.022 0.010 0.020 0.040 0.762 
 265 S _   0.015 0.110 0.001 0.015 0.008 0.018 0.041 0.792 
 266 G _   0.014 0.097 0.001 0.011 0.006 0.017 0.042 0.812 
 267 E _   0.013 0.090 0.001 0.009 0.005 0.016 0.043 0.825 
 268 D _   0.012 0.086 0.000 0.008 0.004 0.016 0.044 0.830 
 269 V _   0.012 0.085 0.001 0.009 0.005 0.016 0.044 0.829 
 270 A _   0.012 0.087 0.001 0.010 0.005 0.016 0.045 0.824 
 271 G _   0.012 0.091 0.001 0.013 0.006 0.017 0.045 0.815 
 272 Q _   0.012 0.096 0.001 0.017 0.007 0.018 0.045 0.805 
 273 H _   0.013 0.102 0.001 0.020 0.009 0.018 0.045 0.792 
 274 I _   0.013 0.107 0.001 0.024 0.010 0.019 0.045 0.782 
 275 T _   0.013 0.110 0.001 0.027 0.010 0.019 0.045 0.774 
 276 D _   0.013 0.112 0.001 0.029 0.011 0.018 0.046 0.769 
 277 L _   0.013 0.112 0.001 0.030 0.011 0.018 0.047 0.768 
 278 I _   0.013 0.110 0.001 0.030 0.010 0.017 0.048 0.770 
 279 P _   0.013 0.105 0.001 0.029 0.010 0.016 0.050 0.776 
 280 S _   0.013 0.098 0.001 0.027 0.009 0.015 0.052 0.786 
 281 V _   0.012 0.088 0.001 0.023 0.008 0.014 0.054 0.800 
 282 Q _   0.012 0.076 0.001 0.020 0.006 0.012 0.057 0.816 
 283 L _   0.011 0.063 0.001 0.016 0.005 0.011 0.059 0.834 
 284 P _   0.010 0.052 0.001 0.012 0.004 0.010 0.061 0.851 
 285 P _   0.009 0.042 0.000 0.009 0.003 0.008 0.063 0.866 
 286 S _   0.008 0.035 0.000 0.007 0.003 0.007 0.064 0.876 
 287 G _   0.007 0.031 0.000 0.005 0.002 0.007 0.064 0.883 
 288 Q _   0.006 0.029 0.000 0.005 0.002 0.007 0.065 0.886 
 289 H _   0.006 0.029 0.000 0.005 0.002 0.007 0.065 0.887 
 290 I _   0.006 0.030 0.000 0.006 0.002 0.007 0.064 0.884 
 291 P _   0.006 0.034 0.000 0.007 0.003 0.008 0.063 0.879 
 292 K _   0.006 0.040 0.000 0.009 0.003 0.009 0.062 0.869 
 293 N _   0.006 0.049 0.001 0.012 0.004 0.010 0.061 0.857 
 294 L _   0.007 0.061 0.001 0.016 0.005 0.011 0.059 0.842 
 295 K _   0.007 0.072 0.001 0.019 0.006 0.011 0.057 0.827 
 296 I _   0.007 0.083 0.001 0.021 0.006 0.012 0.056 0.815 
 297 Q _   0.006 0.091 0.001 0.023 0.006 0.012 0.055 0.806 
 298 R _   0.006 0.098 0.001 0.024 0.006 0.012 0.053 0.799 
 299 S _   0.006 0.102 0.001 0.024 0.006 0.012 0.053 0.797 
 300 V _   0.006 0.104 0.001 0.022 0.006 0.012 0.052 0.796 
 301 G _   0.007 0.105 0.001 0.021 0.006 0.012 0.052 0.797 
 302 R _   0.007 0.105 0.001 0.020 0.006 0.012 0.052 0.799 
 303 A _   0.007 0.104 0.001 0.018 0.005 0.012 0.052 0.801 
 304 R _   0.007 0.103 0.001 0.018 0.005 0.012 0.052 0.802 
 305 D _   0.008 0.102 0.001 0.018 0.005 0.012 0.052 0.803 
 306 G _   0.008 0.100 0.001 0.019 0.006 0.012 0.053 0.802 
 307 T _   0.008 0.099 0.001 0.020 0.006 0.012 0.053 0.801 
 308 T _   0.009 0.097 0.001 0.022 0.006 0.012 0.054 0.800 
 309 F _   0.009 0.093 0.001 0.023 0.006 0.012 0.055 0.800 
 310 P _   0.009 0.089 0.001 0.024 0.006 0.012 0.056 0.803 
 311 L _   0.009 0.082 0.001 0.024 0.006 0.012 0.057 0.810 
 312 S _   0.009 0.073 0.001 0.022 0.006 0.011 0.058 0.821 
 313 L _   0.008 0.061 0.001 0.019 0.005 0.010 0.060 0.837 
 314 K _   0.008 0.047 0.001 0.016 0.004 0.009 0.061 0.855 
 315 L _   0.007 0.034 0.000 0.012 0.003 0.008 0.062 0.873 
 316 K _   0.007 0.022 0.000 0.009 0.003 0.007 0.063 0.889 
 317 S _   0.006 0.014 0.000 0.007 0.002 0.006 0.063 0.902 
 318 Q _   0.005 0.008 0.000 0.005 0.002 0.005 0.063 0.911 
 319 P _   0.005 0.005 0.000 0.004 0.002 0.005 0.063 0.916 
 320 S _   0.005 0.004 0.000 0.004 0.001 0.005 0.062 0.919 
 321 S _   0.005 0.003 0.000 0.005 0.002 0.006 0.061 0.919 
 322 E _   0.005 0.003 0.000 0.006 0.002 0.007 0.059 0.919 
 323 E _   0.005 0.003 0.000 0.007 0.002 0.008 0.057 0.918 
 324 A _   0.006 0.003 0.000 0.009 0.003 0.009 0.054 0.916 
 325 T _   0.006 0.003 0.000 0.011 0.004 0.010 0.052 0.913 
 326 T _   0.008 0.003 0.000 0.013 0.004 0.011 0.049 0.912 
 327 G _   0.009 0.003 0.001 0.014 0.005 0.011 0.046 0.911 
 328 E _   0.012 0.003 0.001 0.014 0.005 0.012 0.043 0.910 
 329 A _   0.018 0.002 0.001 0.012 0.005 0.013 0.040 0.909 
 330 A _   0.028 0.002 0.001 0.010 0.005 0.013 0.037 0.905 
 331 P _   0.044 0.001 0.001 0.007 0.005 0.014 0.034 0.895 
 332 V _   0.070 0.000 0.001 0.005 0.006 0.014 0.030 0.874 
 333 S _   0.111 0.000 0.001 0.003 0.006 0.016 0.026 0.836 
 334 G _   0.173 0.000 0.001 0.002 0.008 0.017 0.022 0.778 
 335 Y _   0.259 0.000 0.001 0.002 0.009 0.018 0.018 0.693 
 336 R _   0.367 0.000 0.001 0.001 0.012 0.020 0.014 0.585 
 337 A H   0.484 0.000 0.001 0.001 0.015 0.021 0.010 0.468 
 338 S H   0.598 0.000 0.001 0.001 0.019 0.021 0.007 0.353 
 339 V H   0.692 0.000 0.001 0.001 0.022 0.020 0.005 0.259 
 340 W H   0.760 0.000 0.001 0.001 0.024 0.019 0.004 0.191 
 341 V H   0.804 0.000 0.001 0.001 0.025 0.017 0.003 0.147 
 342 F H   0.831 0.000 0.001 0.001 0.026 0.016 0.003 0.122 
 343 C H   0.842 0.000 0.001 0.001 0.027 0.015 0.003 0.111 
 344 T H   0.842 0.000 0.001 0.001 0.028 0.014 0.003 0.111 
 345 I H   0.830 0.000 0.001 0.001 0.028 0.014 0.003 0.122 
 346 S H   0.804 0.000 0.002 0.001 0.028 0.014 0.003 0.148 
 347 G H   0.761 0.000 0.002 0.002 0.027 0.014 0.004 0.190 
 348 L H   0.699 0.000 0.002 0.002 0.025 0.014 0.005 0.252 
 349 I H   0.613 0.000 0.002 0.002 0.022 0.015 0.007 0.338 
 350 T H   0.511 0.000 0.002 0.003 0.018 0.015 0.010 0.442 
 351 L _   0.403 0.000 0.001 0.003 0.013 0.015 0.013 0.552 
 352 L _   0.303 0.000 0.001 0.003 0.010 0.015 0.015 0.653 
 353 P _   0.222 0.000 0.001 0.002 0.007 0.014 0.018 0.736 
 354 D _   0.163 0.000 0.001 0.002 0.005 0.015 0.020 0.794 
 355 G _   0.124 0.000 0.001 0.002 0.004 0.015 0.022 0.832 
 356 T _   0.101 0.000 0.001 0.002 0.004 0.017 0.023 0.852 
 357 I _   0.088 0.000 0.001 0.002 0.005 0.020 0.024 0.860 
 358 H _   0.083 0.001 0.001 0.003 0.006 0.024 0.025 0.857 
 359 G _   0.082 0.002 0.001 0.004 0.009 0.030 0.026 0.845 
 360 I _   0.086 0.005 0.001 0.007 0.015 0.037 0.027 0.822 
 361 N _   0.090 0.013 0.002 0.011 0.023 0.044 0.028 0.790 
 362 H _   0.094 0.026 0.002 0.018 0.032 0.051 0.029 0.749 
 363 S _   0.095 0.045 0.002 0.028 0.040 0.055 0.030 0.705 
 364 F _   0.095 0.063 0.003 0.039 0.045 0.057 0.031 0.668 
 365 A _   0.092 0.076 0.003 0.048 0.047 0.057 0.033 0.645 
 366 L _   0.086 0.083 0.003 0.054 0.046 0.055 0.035 0.639 
 367 T _   0.078 0.086 0.002 0.055 0.043 0.051 0.038 0.647 
 368 L _   0.069 0.083 0.002 0.052 0.038 0.047 0.041 0.668 
 369 F _   0.059 0.076 0.002 0.045 0.031 0.042 0.045 0.700 
 370 G _   0.050 0.064 0.002 0.036 0.024 0.036 0.049 0.740 
 371 Y _   0.041 0.047 0.002 0.026 0.017 0.032 0.053 0.783 
 372 G _   0.034 0.031 0.001 0.017 0.012 0.027 0.057 0.821 
 373 K _   0.028 0.019 0.001 0.010 0.008 0.024 0.060 0.850 
 374 T _   0.024 0.011 0.001 0.006 0.005 0.022 0.063 0.868 
 375 E _   0.021 0.008 0.000 0.004 0.004 0.021 0.065 0.876 
 376 L _   0.021 0.006 0.000 0.004 0.004 0.022 0.067 0.876 
 377 L _   0.023 0.007 0.000 0.004 0.005 0.024 0.068 0.870 
 378 G _   0.026 0.009 0.001 0.005 0.006 0.027 0.070 0.856 
 379 K _   0.031 0.014 0.001 0.008 0.010 0.032 0.071 0.834 
 380 N _   0.037 0.025 0.001 0.012 0.015 0.037 0.072 0.801 
 381 I _   0.043 0.042 0.002 0.019 0.021 0.042 0.073 0.759 
 382 T _   0.047 0.064 0.002 0.026 0.027 0.046 0.074 0.714 
 383 F _   0.050 0.085 0.002 0.034 0.031 0.048 0.076 0.673 
 384 L _   0.052 0.102 0.002 0.040 0.035 0.049 0.079 0.641 
 385 I _   0.053 0.113 0.002 0.044 0.036 0.049 0.082 0.620 
 386 P _   0.051 0.120 0.002 0.046 0.035 0.047 0.086 0.612 
 387 G _   0.049 0.122 0.002 0.046 0.033 0.044 0.091 0.613 
 388 F _   0.046 0.120 0.002 0.043 0.029 0.041 0.096 0.623 
 389 Y _   0.042 0.114 0.002 0.039 0.025 0.037 0.102 0.638 
 390 S _   0.037 0.106 0.002 0.034 0.021 0.033 0.110 0.658 
 391 Y _   0.032 0.094 0.001 0.028 0.017 0.028 0.117 0.682 
 392 M _   0.027 0.081 0.001 0.023 0.013 0.024 0.125 0.707 
 393 D _   0.022 0.067 0.001 0.018 0.009 0.020 0.132 0.730 
 394 L _   0.018 0.056 0.001 0.014 0.007 0.017 0.139 0.748 
 395 A _   0.015 0.048 0.001 0.011 0.005 0.014 0.145 0.762 
 396 Y _   0.012 0.041 0.001 0.009 0.004 0.012 0.150 0.771 
 397 N _   0.010 0.037 0.000 0.008 0.004 0.011 0.154 0.776 
 398 S _   0.009 0.035 0.000 0.007 0.003 0.010 0.158 0.777 
 399 S _   0.008 0.033 0.000 0.007 0.003 0.010 0.162 0.777 
 400 L _   0.007 0.033 0.000 0.008 0.003 0.009 0.165 0.773 
 401 Q _   0.007 0.034 0.000 0.010 0.003 0.009 0.168 0.768 
 402 L _   0.007 0.036 0.000 0.011 0.004 0.010 0.170 0.762 
 403 P _   0.007 0.038 0.001 0.013 0.004 0.010 0.173 0.754 
 404 D _   0.007 0.040 0.001 0.016 0.005 0.010 0.176 0.745 
 405 L _   0.007 0.042 0.001 0.018 0.005 0.011 0.180 0.736 
 406 A _   0.007 0.044 0.001 0.020 0.006 0.011 0.184 0.728 
 407 S _   0.007 0.045 0.001 0.021 0.006 0.011 0.188 0.722 
 408 C _   0.007 0.045 0.001 0.021 0.006 0.010 0.193 0.718 
 409 L _   0.006 0.044 0.001 0.020 0.005 0.010 0.198 0.715 
 410 D _   0.006 0.042 0.001 0.019 0.005 0.010 0.204 0.714 
 411 V _   0.006 0.040 0.001 0.017 0.004 0.009 0.210 0.714 
 412 G _   0.006 0.037 0.001 0.015 0.004 0.009 0.216 0.713 
 413 N _   0.006 0.035 0.000 0.014 0.004 0.009 0.222 0.711 
 414 E _   0.006 0.033 0.000 0.013 0.003 0.009 0.228 0.708 
 415 S _   0.006 0.031 0.000 0.012 0.003 0.009 0.235 0.703 
 416 G _   0.006 0.029 0.000 0.013 0.004 0.009 0.241 0.697 
 417 C _   0.007 0.028 0.000 0.014 0.004 0.009 0.247 0.690 
 418 G _   0.007 0.027 0.000 0.015 0.004 0.009 0.254 0.683 
 419 E _   0.007 0.026 0.001 0.016 0.004 0.009 0.261 0.676 
 420 R _   0.007 0.024 0.001 0.016 0.004 0.009 0.269 0.670 
 421 T _   0.007 0.022 0.000 0.016 0.004 0.009 0.277 0.665 
 422 L _   0.007 0.019 0.000 0.015 0.004 0.008 0.284 0.662 
 423 D _   0.007 0.016 0.000 0.013 0.003 0.008 0.292 0.660 
 424 P _   0.006 0.013 0.000 0.011 0.003 0.007 0.299 0.660 
 425 W _   0.006 0.010 0.000 0.009 0.002 0.006 0.306 0.661 
 426 Q _   0.005 0.007 0.000 0.007 0.002 0.005 0.311 0.661 
 427 G _   0.005 0.005 0.000 0.005 0.001 0.005 0.316 0.662 
 428 Q _   0.004 0.004 0.000 0.004 0.001 0.004 0.319 0.663 
 429 D _   0.004 0.003 0.000 0.003 0.001 0.004 0.321 0.664 
 430 P _   0.003 0.003 0.000 0.003 0.001 0.004 0.322 0.665 
 431 A _   0.003 0.003 0.000 0.003 0.001 0.004 0.321 0.666 
 432 E _   0.003 0.003 0.000 0.003 0.001 0.004 0.319 0.667 
 433 G _   0.003 0.004 0.000 0.003 0.001 0.005 0.316 0.668 
 434 G _   0.004 0.006 0.000 0.004 0.001 0.007 0.311 0.667 
 435 Q _   0.005 0.011 0.000 0.005 0.002 0.009 0.305 0.662 
 436 D _   0.006 0.021 0.000 0.009 0.004 0.013 0.297 0.651 
 437 P _   0.008 0.041 0.001 0.014 0.007 0.017 0.286 0.627 
 438 R _   0.010 0.076 0.001 0.022 0.011 0.022 0.272 0.586 
 439 I _   0.012 0.126 0.002 0.032 0.015 0.026 0.256 0.532 
 440 N _   0.013 0.177 0.002 0.042 0.019 0.029 0.241 0.477 
 441 V _   0.013 0.220 0.002 0.050 0.021 0.031 0.230 0.434 
 442 V _   0.013 0.248 0.002 0.056 0.022 0.031 0.221 0.407 
 443 L _   0.013 0.263 0.002 0.059 0.022 0.031 0.215 0.394 
 444 A _   0.014 0.270 0.001 0.058 0.022 0.031 0.211 0.394 
 445 G _   0.014 0.269 0.001 0.054 0.021 0.029 0.208 0.403 
 446 G _   0.014 0.262 0.001 0.048 0.019 0.028 0.206 0.421 
 447 H _   0.014 0.249 0.001 0.039 0.017 0.026 0.206 0.447 
 448 V _   0.014 0.230 0.001 0.031 0.015 0.025 0.206 0.478 
 449 V _   0.014 0.207 0.001 0.024 0.012 0.023 0.207 0.511 
 450 P _   0.014 0.186 0.001 0.018 0.010 0.022 0.208 0.540 
 451 R _   0.014 0.168 0.001 0.015 0.009 0.021 0.209 0.563 
 452 D _   0.013 0.155 0.001 0.013 0.008 0.020 0.210 0.580 
 453 E _   0.013 0.146 0.001 0.011 0.007 0.020 0.211 0.591 
 454 I _   0.013 0.140 0.001 0.011 0.006 0.019 0.211 0.599 
 455 R _   0.013 0.136 0.001 0.011 0.006 0.019 0.211 0.603 
 456 K _   0.012 0.132 0.001 0.011 0.006 0.019 0.212 0.607 
 457 L _   0.012 0.130 0.001 0.011 0.006 0.018 0.212 0.609 
 458 M _   0.012 0.128 0.001 0.011 0.007 0.018 0.212 0.611 
 459 E _   0.012 0.126 0.001 0.011 0.007 0.018 0.213 0.613 
 460 S _   0.012 0.124 0.001 0.010 0.007 0.019 0.213 0.614 
 461 Q _   0.013 0.124 0.001 0.010 0.007 0.019 0.213 0.613 
 462 D _   0.014 0.124 0.001 0.010 0.007 0.020 0.214 0.610 
 463 I _   0.016 0.126 0.001 0.010 0.007 0.022 0.215 0.605 
 464 F _   0.017 0.129 0.001 0.010 0.008 0.023 0.215 0.596 
 465 T _   0.019 0.134 0.001 0.011 0.009 0.025 0.216 0.585 
 466 G _   0.021 0.141 0.001 0.013 0.011 0.027 0.217 0.570 
 467 T _   0.023 0.151 0.001 0.015 0.013 0.029 0.218 0.550 
 468 Q _   0.024 0.164 0.001 0.018 0.016 0.030 0.219 0.528 
 469 T _   0.025 0.178 0.001 0.022 0.018 0.032 0.221 0.503 
 470 E _   0.026 0.192 0.001 0.026 0.019 0.032 0.223 0.481 
 471 L _   0.025 0.205 0.001 0.030 0.020 0.031 0.226 0.461 
 472 I _   0.025 0.215 0.001 0.034 0.020 0.030 0.230 0.445 
 473 A _   0.024 0.221 0.001 0.037 0.019 0.029 0.235 0.434 
 474 G _   0.022 0.223 0.001 0.039 0.018 0.027 0.240 0.429 
 475 G _   0.021 0.221 0.001 0.039 0.017 0.025 0.247 0.429 
 476 Q _   0.019 0.214 0.001 0.038 0.015 0.023 0.256 0.433 
 477 L _   0.018 0.203 0.001 0.036 0.014 0.021 0.266 0.442 
 478 L _   0.016 0.185 0.001 0.033 0.012 0.018 0.278 0.456 
 479 S _   0.014 0.162 0.001 0.030 0.010 0.016 0.292 0.474 
 480 C _   0.013 0.135 0.001 0.026 0.009 0.015 0.308 0.493 
 481 L _   0.012 0.107 0.001 0.022 0.007 0.013 0.325 0.513 
 482 S _   0.011 0.080 0.001 0.018 0.006 0.011 0.342 0.532 
 483 P _   0.010 0.056 0.001 0.014 0.004 0.010 0.357 0.548 
 484 Q _   0.009 0.038 0.000 0.011 0.003 0.008 0.371 0.560 
 485 P _   0.008 0.024 0.000 0.008 0.002 0.007 0.382 0.568 
 486 A _   0.007 0.015 0.000 0.006 0.002 0.006 0.390 0.574 
 487 P _   0.006 0.010 0.000 0.004 0.001 0.005 0.396 0.578 
 488 G _   0.005 0.007 0.000 0.003 0.001 0.004 0.400 0.580 
 489 V _   0.004 0.005 0.000 0.003 0.001 0.003 0.403 0.581 
 490 D _   0.004 0.004 0.000 0.002 0.001 0.003 0.404 0.582 
 491 N _   0.003 0.004 0.000 0.002 0.001 0.003 0.404 0.582 
 492 V _   0.003 0.004 0.000 0.003 0.001 0.004 0.403 0.583 
 493 P _   0.003 0.005 0.000 0.003 0.001 0.004 0.400 0.583 
 494 E _   0.003 0.006 0.000 0.005 0.001 0.005 0.397 0.582 
 495 G _   0.004 0.009 0.000 0.007 0.002 0.006 0.392 0.580 
 496 S _   0.004 0.013 0.000 0.010 0.003 0.007 0.387 0.577 
 497 L _   0.004 0.017 0.000 0.014 0.003 0.008 0.381 0.572 
 498 P _   0.004 0.022 0.000 0.018 0.004 0.009 0.375 0.568 
 499 V _   0.004 0.026 0.000 0.021 0.004 0.009 0.369 0.566 
 500 H _   0.004 0.029 0.001 0.022 0.004 0.009 0.365 0.566 
 501 G _   0.004 0.030 0.001 0.022 0.004 0.009 0.361 0.569 
 502 E _   0.004 0.031 0.000 0.020 0.004 0.008 0.358 0.575 
 503 Q _   0.004 0.030 0.000 0.017 0.003 0.007 0.356 0.582 
 504 A _   0.003 0.029 0.000 0.014 0.003 0.007 0.354 0.590 
 505 L _   0.003 0.027 0.000 0.011 0.002 0.006 0.352 0.598 
 506 P _   0.003 0.025 0.000 0.008 0.002 0.006 0.351 0.604 
 507 K _   0.003 0.024 0.000 0.007 0.002 0.006 0.349 0.608 
 508 D _   0.003 0.024 0.000 0.006 0.002 0.006 0.348 0.611 
 509 Q _   0.004 0.024 0.000 0.007 0.002 0.006 0.346 0.612 
 510 Q _   0.004 0.025 0.000 0.007 0.002 0.006 0.343 0.611 
 511 I _   0.004 0.027 0.000 0.009 0.003 0.007 0.341 0.609 
 512 T _   0.005 0.029 0.000 0.011 0.003 0.008 0.338 0.606 
 513 A _   0.005 0.032 0.000 0.013 0.004 0.008 0.336 0.602 
 514 L _   0.005 0.034 0.000 0.015 0.004 0.009 0.333 0.600 
 515 G _   0.005 0.036 0.000 0.016 0.004 0.009 0.331 0.599 
 516 R _   0.005 0.037 0.000 0.016 0.004 0.009 0.329 0.599 
 517 E _   0.005 0.037 0.000 0.017 0.004 0.009 0.328 0.600 
 518 E _   0.005 0.036 0.000 0.016 0.004 0.008 0.327 0.603 
 519 P _   0.005 0.035 0.000 0.015 0.004 0.008 0.327 0.606 
 520 V _   0.005 0.034 0.000 0.014 0.004 0.008 0.327 0.608 
 521 A _   0.005 0.032 0.000 0.013 0.003 0.007 0.327 0.612 
 522 I _   0.005 0.030 0.000 0.012 0.003 0.007 0.328 0.615 
 523 E _   0.005 0.027 0.000 0.011 0.003 0.007 0.329 0.618 
 524 S _   0.005 0.025 0.000 0.010 0.003 0.007 0.329 0.620 
 525 P _   0.005 0.023 0.000 0.010 0.003 0.006 0.330 0.623 
 526 G _   0.005 0.021 0.000 0.009 0.003 0.006 0.331 0.625 
 527 Q _   0.005 0.019 0.000 0.008 0.002 0.006 0.331 0.628 
 528 D _   0.005 0.017 0.000 0.008 0.002 0.006 0.331 0.631 
 529 L _   0.005 0.016 0.000 0.007 0.002 0.005 0.330 0.634 
 530 L _   0.004 0.015 0.000 0.006 0.002 0.005 0.330 0.638 
 531 G _   0.004 0.014 0.000 0.006 0.002 0.005 0.328 0.641 
 532 E _   0.004 0.014 0.000 0.005 0.002 0.005 0.326 0.644 
 533 S _   0.004 0.014 0.000 0.005 0.002 0.005 0.324 0.646 
 534 R _   0.004 0.015 0.000 0.006 0.002 0.006 0.321 0.647 
 535 S _   0.004 0.016 0.000 0.007 0.002 0.006 0.318 0.646 
 536 E _   0.004 0.019 0.000 0.009 0.003 0.007 0.314 0.644 
 537 P _   0.004 0.023 0.000 0.012 0.003 0.008 0.309 0.640 
 538 V _   0.005 0.029 0.000 0.016 0.004 0.009 0.305 0.633 
 539 D _   0.005 0.035 0.001 0.020 0.005 0.010 0.300 0.625 
 540 V _   0.005 0.041 0.001 0.024 0.005 0.010 0.296 0.618 
 541 K _   0.005 0.045 0.001 0.027 0.006 0.011 0.292 0.614 
 542 P _   0.005 0.047 0.001 0.028 0.006 0.010 0.289 0.614 
 543 F _   0.005 0.047 0.001 0.027 0.005 0.010 0.287 0.617 
 544 A _   0.005 0.047 0.001 0.025 0.005 0.009 0.285 0.624 
 545 S _   0.005 0.044 0.000 0.021 0.004 0.008 0.284 0.633 
 546 C _   0.005 0.041 0.000 0.017 0.003 0.007 0.283 0.643 
 547 E _   0.004 0.038 0.000 0.014 0.003 0.007 0.282 0.652 
 548 D _   0.004 0.034 0.000 0.011 0.002 0.006 0.282 0.661 
 549 S _   0.004 0.032 0.000 0.008 0.002 0.006 0.280 0.668 
 550 E _   0.004 0.030 0.000 0.007 0.002 0.005 0.279 0.673 
 551 A _   0.004 0.029 0.000 0.006 0.002 0.005 0.276 0.677 
 552 P _   0.004 0.029 0.000 0.006 0.001 0.005 0.273 0.681 
 553 V _   0.004 0.031 0.000 0.006 0.002 0.005 0.268 0.684 
 554 P _   0.004 0.033 0.000 0.006 0.002 0.006 0.263 0.687 
 555 A _   0.004 0.037 0.000 0.007 0.002 0.007 0.255 0.689 
 556 E _   0.004 0.043 0.000 0.007 0.002 0.008 0.247 0.689 
 557 D _   0.004 0.053 0.000 0.009 0.003 0.009 0.236 0.685 
 558 G _   0.005 0.070 0.001 0.012 0.004 0.012 0.222 0.673 
 559 G _   0.006 0.100 0.001 0.017 0.006 0.015 0.205 0.649 
 560 S _   0.008 0.150 0.001 0.023 0.010 0.019 0.184 0.605 
 561 D _   0.009 0.229 0.002 0.031 0.014 0.021 0.158 0.536 
 562 A _   0.009 0.328 0.002 0.038 0.016 0.022 0.132 0.452 
 563 G E   0.008 0.427 0.002 0.042 0.017 0.022 0.109 0.372 
 564 M E   0.007 0.508 0.002 0.044 0.016 0.020 0.091 0.311 
 565 C E   0.006 0.564 0.001 0.045 0.015 0.018 0.079 0.271 
 566 G E   0.006 0.598 0.001 0.044 0.013 0.017 0.071 0.250 
 567 L E   0.005 0.618 0.001 0.042 0.012 0.016 0.065 0.241 
 568 C E   0.005 0.628 0.001 0.040 0.011 0.015 0.061 0.239 
 569 Q E   0.005 0.631 0.001 0.038 0.010 0.014 0.058 0.243 
 570 K E   0.005 0.628 0.001 0.036 0.010 0.013 0.056 0.252 
 571 A E   0.005 0.620 0.001 0.033 0.010 0.013 0.054 0.264 
 572 Q E   0.006 0.606 0.001 0.031 0.009 0.012 0.053 0.282 
 573 L E   0.006 0.585 0.001 0.030 0.009 0.012 0.053 0.304 
 574 E E   0.007 0.557 0.001 0.028 0.009 0.011 0.053 0.335 
 575 R E   0.007 0.519 0.001 0.026 0.008 0.011 0.053 0.374 
 576 M E   0.007 0.474 0.001 0.024 0.008 0.011 0.054 0.421 
 577 G _   0.008 0.424 0.001 0.020 0.007 0.011 0.054 0.475 
 578 V _   0.008 0.375 0.001 0.016 0.006 0.010 0.055 0.529 
 579 S _   0.007 0.334 0.001 0.012 0.005 0.010 0.056 0.576 
 580 G _   0.007 0.305 0.001 0.009 0.004 0.009 0.056 0.610 
 581 P _   0.006 0.289 0.000 0.007 0.003 0.009 0.055 0.630 
 582 S _   0.006 0.281 0.000 0.007 0.003 0.010 0.055 0.639 
 583 G _   0.006 0.280 0.000 0.007 0.003 0.010 0.053 0.639 
 584 S _   0.007 0.285 0.000 0.010 0.004 0.012 0.052 0.631 
 585 D _   0.008 0.295 0.001 0.014 0.005 0.013 0.050 0.614 
 586 L _   0.008 0.310 0.001 0.020 0.007 0.014 0.048 0.593 
 587 W _   0.008 0.325 0.001 0.026 0.008 0.014 0.047 0.571 
 588 A _   0.008 0.337 0.001 0.030 0.008 0.014 0.045 0.556 
 589 G _   0.008 0.342 0.001 0.032 0.009 0.014 0.044 0.550 
 590 A _   0.008 0.343 0.001 0.032 0.008 0.013 0.043 0.552 
 591 A _   0.007 0.337 0.001 0.029 0.007 0.012 0.043 0.563 
 592 V _   0.007 0.325 0.001 0.024 0.006 0.011 0.043 0.582 
 593 A _   0.007 0.308 0.001 0.019 0.005 0.011 0.043 0.606 
 594 K _   0.006 0.289 0.001 0.014 0.004 0.010 0.043 0.632 
 595 P _   0.006 0.273 0.000 0.010 0.004 0.010 0.044 0.654 
 596 Q _   0.006 0.262 0.000 0.008 0.003 0.010 0.044 0.667 
 597 A _   0.006 0.257 0.000 0.007 0.003 0.011 0.043 0.672 
 598 K _   0.007 0.258 0.000 0.007 0.003 0.013 0.043 0.669 
 599 G _   0.008 0.265 0.001 0.009 0.005 0.015 0.042 0.657 
 600 Q _   0.009 0.280 0.001 0.012 0.006 0.017 0.040 0.634 
 601 L _   0.010 0.303 0.001 0.017 0.009 0.019 0.039 0.602 
 602 A _   0.011 0.332 0.001 0.023 0.011 0.021 0.037 0.564 
 603 G _   0.011 0.359 0.001 0.028 0.013 0.022 0.036 0.530 
 604 G _   0.012 0.379 0.001 0.033 0.014 0.023 0.034 0.504 
 605 S _   0.013 0.390 0.001 0.035 0.015 0.023 0.034 0.489 
 606 L _   0.013 0.395 0.001 0.036 0.015 0.023 0.034 0.483 
 607 L _   0.014 0.393 0.001 0.034 0.015 0.023 0.034 0.486 
 608 M _   0.015 0.385 0.001 0.031 0.014 0.023 0.034 0.496 
 609 H _   0.016 0.371 0.001 0.027 0.014 0.023 0.035 0.514 
 610 C _   0.017 0.352 0.001 0.022 0.013 0.023 0.036 0.536 
 611 P _   0.018 0.331 0.001 0.019 0.012 0.023 0.037 0.559 
 612 C _   0.019 0.314 0.001 0.016 0.011 0.023 0.039 0.576 
 613 Y _   0.020 0.301 0.001 0.016 0.011 0.023 0.040 0.588 
 614 G _   0.021 0.292 0.001 0.017 0.011 0.024 0.041 0.594 
 615 S _   0.021 0.285 0.001 0.019 0.011 0.023 0.043 0.597 
 616 E _   0.021 0.279 0.001 0.022 0.012 0.023 0.044 0.598 
 617 W _   0.021 0.272 0.001 0.026 0.012 0.022 0.046 0.601 
 618 G _   0.020 0.263 0.001 0.028 0.012 0.021 0.048 0.608 
 619 L _   0.018 0.248 0.001 0.029 0.011 0.019 0.050 0.623 
 620 W _   0.017 0.225 0.001 0.028 0.011 0.017 0.053 0.648 
 621 W _   0.015 0.194 0.001 0.026 0.009 0.016 0.056 0.683 
 622 R _   0.014 0.157 0.001 0.022 0.008 0.014 0.059 0.726 
 623 S _   0.012 0.118 0.001 0.016 0.006 0.012 0.062 0.772 
 624 Q _   0.010 0.085 0.001 0.011 0.005 0.011 0.065 0.812 
 625 D _   0.009 0.063 0.000 0.007 0.003 0.009 0.067 0.841 
 626 L _   0.007 0.051 0.000 0.005 0.002 0.009 0.068 0.857 
 627 A _   0.007 0.046 0.000 0.004 0.002 0.008 0.069 0.864 
 628 P _   0.007 0.045 0.000 0.004 0.002 0.009 0.069 0.864 
 629 S _   0.008 0.048 0.000 0.005 0.003 0.011 0.068 0.857 
 630 P _   0.009 0.056 0.001 0.009 0.004 0.014 0.067 0.841 
 631 S _   0.011 0.074 0.001 0.015 0.007 0.017 0.065 0.810 
 632 G _   0.012 0.104 0.001 0.025 0.010 0.020 0.063 0.764 
 633 M _   0.013 0.139 0.001 0.037 0.013 0.022 0.061 0.714 
 634 A _   0.013 0.168 0.001 0.048 0.016 0.023 0.059 0.672 
 635 G _   0.013 0.187 0.001 0.055 0.017 0.024 0.058 0.646 
 636 L _   0.013 0.196 0.001 0.059 0.017 0.023 0.057 0.634 
 637 S _   0.012 0.198 0.001 0.058 0.016 0.022 0.057 0.635 
 638 F _   0.012 0.194 0.001 0.054 0.015 0.020 0.058 0.646 
 639 G _   0.011 0.184 0.001 0.047 0.013 0.019 0.059 0.666 
 640 T _   0.011 0.167 0.001 0.038 0.011 0.017 0.061 0.694 
 641 P _   0.011 0.145 0.001 0.031 0.009 0.015 0.063 0.726 
 642 T _   0.010 0.121 0.001 0.024 0.007 0.013 0.065 0.758 
 643 L _   0.010 0.097 0.001 0.019 0.006 0.012 0.067 0.787 
 644 D _   0.009 0.078 0.001 0.015 0.005 0.011 0.070 0.812 
 645 E _   0.009 0.062 0.001 0.012 0.004 0.010 0.072 0.831 
 646 P _   0.008 0.050 0.000 0.010 0.003 0.009 0.073 0.846 
 647 W _   0.007 0.042 0.000 0.008 0.003 0.008 0.074 0.857 
 648 L _   0.007 0.036 0.000 0.007 0.002 0.008 0.075 0.865 
 649 G _   0.006 0.032 0.000 0.006 0.002 0.007 0.075 0.871 
 650 V _   0.006 0.030 0.000 0.005 0.002 0.008 0.074 0.875 
 651 E _   0.006 0.029 0.000 0.005 0.002 0.008 0.074 0.876 
 652 N _   0.006 0.030 0.000 0.005 0.002 0.009 0.072 0.875 
 653 D _   0.007 0.033 0.000 0.006 0.003 0.011 0.071 0.869 
 654 R _   0.008 0.038 0.000 0.008 0.004 0.014 0.069 0.858 
 655 E _   0.010 0.049 0.001 0.012 0.006 0.017 0.067 0.839 
 656 E _   0.012 0.065 0.001 0.017 0.009 0.021 0.064 0.812 
 657 L _   0.014 0.086 0.001 0.024 0.012 0.024 0.061 0.779 
 658 Q _   0.015 0.106 0.001 0.031 0.014 0.027 0.058 0.748 
 659 T _   0.016 0.122 0.001 0.038 0.016 0.028 0.055 0.723 
 660 C _   0.017 0.133 0.001 0.041 0.017 0.029 0.053 0.708 
 661 L _   0.018 0.138 0.001 0.042 0.018 0.029 0.052 0.702 
 662 I _   0.018 0.139 0.001 0.041 0.017 0.029 0.051 0.704 
 663 K _   0.018 0.136 0.001 0.037 0.017 0.028 0.050 0.713 
