#TopoPred_TM8: 8-state transmembrane topology prediction results by no_profile mode 
#probabilities are in the order of H E C I L F X _, the 8 transmembrane topology types used in PDBTM 
   1 M X   0.021 0.001 0.003 0.067 0.012 0.014 0.534 0.348 
   2 T X   0.008 0.001 0.000 0.040 0.003 0.008 0.547 0.395 
   3 V X   0.003 0.000 0.000 0.022 0.001 0.005 0.547 0.422 
   4 K X   0.003 0.000 0.000 0.014 0.001 0.006 0.539 0.437 
   5 T X   0.005 0.000 0.000 0.012 0.002 0.008 0.525 0.448 
   6 E X   0.010 0.000 0.000 0.011 0.003 0.012 0.505 0.459 
   7 A X   0.020 0.000 0.000 0.010 0.004 0.016 0.482 0.468 
   8 A _   0.035 0.000 0.001 0.010 0.005 0.019 0.453 0.477 
   9 K _   0.055 0.000 0.001 0.010 0.006 0.023 0.420 0.484 
  10 G _   0.084 0.000 0.001 0.010 0.009 0.026 0.381 0.488 
  11 T _   0.124 0.000 0.001 0.010 0.012 0.029 0.338 0.485 
  12 L _   0.179 0.000 0.002 0.008 0.015 0.033 0.292 0.470 
  13 T _   0.251 0.000 0.002 0.006 0.019 0.035 0.246 0.441 
  14 Y _   0.337 0.000 0.002 0.004 0.022 0.037 0.203 0.396 
  15 S H   0.427 0.000 0.002 0.003 0.026 0.037 0.166 0.340 
  16 R H   0.517 0.000 0.002 0.002 0.028 0.036 0.136 0.279 
  17 M H   0.596 0.000 0.002 0.002 0.030 0.033 0.116 0.222 
  18 R H   0.659 0.000 0.002 0.002 0.032 0.031 0.102 0.174 
  19 G H   0.705 0.000 0.002 0.002 0.032 0.028 0.093 0.139 
  20 M H   0.735 0.000 0.002 0.002 0.032 0.025 0.087 0.117 
  21 V H   0.751 0.000 0.002 0.002 0.032 0.022 0.085 0.107 
  22 A H   0.753 0.000 0.002 0.002 0.032 0.021 0.083 0.108 
  23 I H   0.742 0.000 0.002 0.002 0.031 0.019 0.083 0.120 
  24 L H   0.716 0.000 0.002 0.003 0.030 0.018 0.084 0.146 
  25 I H   0.671 0.000 0.002 0.003 0.028 0.018 0.087 0.191 
  26 A H   0.604 0.000 0.002 0.003 0.025 0.017 0.091 0.257 
  27 F H   0.517 0.000 0.002 0.003 0.021 0.016 0.098 0.343 
  28 M _   0.421 0.000 0.002 0.003 0.016 0.015 0.105 0.438 
  29 K _   0.324 0.000 0.001 0.003 0.011 0.014 0.114 0.533 
  30 Q _   0.236 0.000 0.001 0.003 0.008 0.013 0.122 0.617 
  31 R _   0.164 0.000 0.001 0.003 0.006 0.012 0.130 0.684 
  32 R _   0.112 0.000 0.001 0.003 0.005 0.011 0.136 0.732 
  33 M _   0.077 0.000 0.001 0.003 0.004 0.011 0.142 0.762 
  34 G _   0.055 0.001 0.001 0.005 0.004 0.011 0.147 0.778 
  35 L _   0.040 0.001 0.001 0.007 0.004 0.012 0.151 0.785 
  36 N _   0.030 0.003 0.001 0.009 0.005 0.012 0.155 0.786 
  37 D _   0.023 0.004 0.001 0.013 0.006 0.012 0.158 0.783 
  38 F _   0.019 0.006 0.001 0.015 0.006 0.012 0.162 0.779 
  39 I _   0.015 0.007 0.001 0.017 0.006 0.012 0.166 0.776 
  40 Q _   0.013 0.008 0.001 0.018 0.006 0.011 0.170 0.774 
  41 K _   0.011 0.008 0.001 0.016 0.005 0.010 0.174 0.775 
  42 I _   0.009 0.008 0.001 0.014 0.004 0.009 0.178 0.777 
  43 A _   0.008 0.007 0.000 0.011 0.004 0.009 0.182 0.780 
  44 N _   0.007 0.006 0.000 0.008 0.003 0.008 0.186 0.781 
  45 N _   0.006 0.006 0.000 0.006 0.002 0.007 0.189 0.782 
  46 S _   0.006 0.006 0.000 0.005 0.002 0.007 0.192 0.780 
  47 Y _   0.006 0.007 0.000 0.005 0.002 0.008 0.195 0.777 
  48 A _   0.007 0.008 0.000 0.005 0.003 0.009 0.197 0.771 
  49 C _   0.007 0.011 0.000 0.007 0.003 0.010 0.199 0.761 
  50 K _   0.008 0.017 0.001 0.010 0.004 0.012 0.201 0.748 
  51 H _   0.009 0.025 0.001 0.013 0.006 0.014 0.202 0.730 
  52 P _   0.010 0.036 0.001 0.018 0.008 0.016 0.204 0.707 
  53 E _   0.011 0.049 0.001 0.024 0.009 0.017 0.206 0.683 
  54 V _   0.012 0.059 0.001 0.029 0.010 0.018 0.209 0.662 
  55 Q _   0.012 0.067 0.001 0.033 0.011 0.019 0.212 0.644 
  56 S _   0.012 0.072 0.001 0.035 0.012 0.019 0.217 0.632 
  57 I _   0.012 0.074 0.001 0.036 0.011 0.018 0.222 0.625 
  58 L _   0.012 0.074 0.001 0.034 0.011 0.018 0.228 0.622 
  59 K _   0.012 0.072 0.001 0.032 0.010 0.017 0.236 0.621 
  60 I _   0.011 0.069 0.001 0.028 0.009 0.015 0.244 0.623 
  61 S _   0.011 0.063 0.001 0.024 0.007 0.014 0.253 0.626 
  62 Q _   0.010 0.057 0.001 0.021 0.006 0.013 0.263 0.629 
  63 P _   0.010 0.050 0.001 0.018 0.005 0.012 0.272 0.631 
  64 Q _   0.009 0.044 0.001 0.016 0.005 0.011 0.282 0.631 
  65 E _   0.009 0.038 0.001 0.015 0.004 0.010 0.292 0.630 
  66 P _   0.009 0.033 0.001 0.014 0.004 0.009 0.302 0.629 
  67 E _   0.009 0.027 0.000 0.013 0.003 0.009 0.311 0.628 
  68 L _   0.008 0.022 0.000 0.011 0.003 0.008 0.320 0.628 
  69 M _   0.007 0.017 0.000 0.010 0.003 0.007 0.328 0.628 
  70 N _   0.007 0.013 0.000 0.008 0.002 0.006 0.335 0.629 
  71 A _   0.006 0.009 0.000 0.006 0.002 0.005 0.341 0.632 
  72 N _   0.005 0.006 0.000 0.005 0.001 0.004 0.345 0.634 
  73 P _   0.005 0.004 0.000 0.003 0.001 0.004 0.348 0.636 
  74 S _   0.004 0.003 0.000 0.003 0.001 0.003 0.349 0.637 
  75 P _   0.004 0.002 0.000 0.002 0.001 0.003 0.350 0.638 
  76 P _   0.003 0.002 0.000 0.003 0.001 0.004 0.349 0.638 
  77 P _   0.003 0.003 0.000 0.003 0.001 0.004 0.347 0.638 
  78 S _   0.004 0.004 0.000 0.005 0.001 0.005 0.345 0.636 
  79 P _   0.004 0.005 0.000 0.008 0.002 0.006 0.341 0.634 
  80 S _   0.004 0.007 0.000 0.012 0.002 0.007 0.336 0.630 
  81 Q _   0.004 0.010 0.000 0.016 0.003 0.008 0.331 0.627 
  82 Q _   0.004 0.012 0.000 0.020 0.004 0.009 0.326 0.625 
  83 I _   0.004 0.014 0.000 0.023 0.004 0.009 0.320 0.625 
  84 N _   0.004 0.015 0.000 0.023 0.004 0.009 0.316 0.629 
  85 L _   0.004 0.015 0.000 0.021 0.004 0.008 0.312 0.635 
  86 G _   0.004 0.014 0.000 0.018 0.003 0.007 0.309 0.644 
  87 P _   0.004 0.013 0.000 0.014 0.003 0.006 0.306 0.653 
  88 S _   0.003 0.011 0.000 0.011 0.002 0.006 0.303 0.663 
  89 S _   0.003 0.010 0.000 0.008 0.002 0.005 0.300 0.672 
  90 N _   0.003 0.009 0.000 0.005 0.001 0.005 0.296 0.680 
  91 P _   0.003 0.009 0.000 0.004 0.001 0.005 0.292 0.686 
  92 H _   0.003 0.009 0.000 0.004 0.001 0.005 0.286 0.691 
  93 A _   0.003 0.010 0.000 0.005 0.002 0.007 0.279 0.694 
  94 K _   0.004 0.014 0.000 0.006 0.002 0.009 0.271 0.694 
  95 P _   0.005 0.020 0.000 0.009 0.003 0.011 0.260 0.690 
  96 S _   0.006 0.031 0.001 0.014 0.005 0.015 0.248 0.680 
  97 D _   0.007 0.047 0.001 0.021 0.008 0.018 0.234 0.664 
  98 F _   0.008 0.066 0.001 0.028 0.010 0.021 0.219 0.646 
  99 H _   0.009 0.083 0.001 0.034 0.012 0.024 0.206 0.630 
 100 F _   0.010 0.097 0.001 0.040 0.014 0.026 0.194 0.618 
 101 L _   0.010 0.107 0.001 0.043 0.016 0.028 0.184 0.611 
 102 K _   0.011 0.113 0.001 0.044 0.017 0.029 0.175 0.609 
 103 V _   0.012 0.116 0.001 0.042 0.017 0.030 0.168 0.613 
 104 I _   0.014 0.116 0.001 0.040 0.018 0.031 0.162 0.619 
 105 G _   0.015 0.114 0.001 0.038 0.018 0.031 0.156 0.627 
 106 K _   0.017 0.110 0.001 0.035 0.018 0.031 0.152 0.637 
 107 G _   0.019 0.103 0.001 0.032 0.017 0.031 0.149 0.649 
 108 S _   0.020 0.095 0.001 0.029 0.016 0.030 0.146 0.663 
 109 F _   0.021 0.084 0.001 0.027 0.015 0.029 0.144 0.679 
 110 G _   0.022 0.072 0.001 0.024 0.014 0.029 0.142 0.698 
 111 K _   0.023 0.058 0.001 0.020 0.012 0.028 0.140 0.719 
 112 V _   0.024 0.044 0.001 0.016 0.010 0.026 0.138 0.741 
 113 L _   0.025 0.031 0.001 0.012 0.009 0.026 0.136 0.760 
 114 L _   0.026 0.021 0.001 0.009 0.008 0.025 0.134 0.776 
 115 A _   0.027 0.015 0.001 0.007 0.007 0.025 0.132 0.787 
 116 R _   0.030 0.011 0.001 0.005 0.007 0.025 0.130 0.791 
 117 H _   0.033 0.009 0.001 0.005 0.007 0.027 0.128 0.791 
 118 K _   0.038 0.009 0.001 0.005 0.008 0.029 0.126 0.785 
 119 A _   0.043 0.009 0.001 0.006 0.010 0.031 0.124 0.775 
 120 E _   0.049 0.012 0.001 0.009 0.013 0.033 0.122 0.761 
 121 E _   0.054 0.015 0.001 0.013 0.016 0.036 0.120 0.745 
 122 V _   0.057 0.020 0.001 0.017 0.019 0.037 0.118 0.729 
 123 F _   0.059 0.025 0.002 0.022 0.021 0.037 0.117 0.716 
 124 Y _   0.059 0.029 0.002 0.027 0.022 0.036 0.115 0.709 
 125 A _   0.057 0.032 0.002 0.030 0.021 0.035 0.115 0.709 
 126 V _   0.054 0.033 0.001 0.030 0.020 0.032 0.115 0.715 
 127 K _   0.049 0.032 0.001 0.029 0.017 0.029 0.115 0.727 
 128 V _   0.043 0.029 0.001 0.026 0.014 0.026 0.116 0.745 
 129 L _   0.036 0.025 0.001 0.022 0.011 0.022 0.117 0.765 
 130 Q _   0.030 0.020 0.001 0.017 0.009 0.018 0.118 0.786 
 131 K _   0.025 0.015 0.001 0.013 0.006 0.015 0.119 0.806 
 132 K _   0.020 0.011 0.001 0.010 0.005 0.013 0.120 0.822 
 133 A _   0.015 0.008 0.000 0.008 0.003 0.010 0.120 0.835 
 134 I _   0.012 0.005 0.000 0.006 0.003 0.009 0.120 0.845 
 135 L _   0.010 0.004 0.000 0.005 0.002 0.008 0.119 0.852 
 136 K _   0.009 0.003 0.000 0.004 0.002 0.007 0.118 0.856 
 137 K _   0.008 0.003 0.000 0.004 0.002 0.007 0.117 0.859 
 138 K _   0.007 0.003 0.000 0.004 0.002 0.007 0.116 0.861 
 139 E _   0.007 0.003 0.000 0.005 0.002 0.007 0.114 0.863 
 140 E _   0.007 0.003 0.000 0.006 0.002 0.007 0.112 0.863 
 141 K _   0.007 0.004 0.000 0.007 0.003 0.008 0.109 0.862 
 142 H _   0.007 0.006 0.000 0.008 0.003 0.009 0.107 0.860 
 143 I _   0.007 0.007 0.000 0.010 0.004 0.010 0.104 0.857 
 144 M _   0.008 0.009 0.001 0.012 0.004 0.011 0.101 0.855 
 145 S _   0.008 0.010 0.001 0.014 0.005 0.011 0.099 0.852 
 146 E _   0.008 0.012 0.001 0.015 0.005 0.012 0.096 0.850 
 147 R _   0.009 0.013 0.001 0.016 0.006 0.013 0.094 0.849 
 148 N _   0.009 0.013 0.001 0.015 0.006 0.013 0.092 0.850 
 149 V _   0.010 0.014 0.001 0.015 0.006 0.014 0.090 0.852 
 150 L _   0.010 0.013 0.001 0.013 0.006 0.014 0.089 0.854 
 151 L _   0.011 0.013 0.001 0.011 0.005 0.015 0.087 0.857 
 152 K _   0.012 0.013 0.001 0.010 0.005 0.016 0.085 0.859 
 153 N _   0.013 0.013 0.001 0.008 0.005 0.017 0.084 0.860 
 154 V _   0.015 0.013 0.001 0.008 0.006 0.018 0.082 0.858 
 155 K _   0.017 0.015 0.001 0.009 0.007 0.021 0.080 0.852 
 156 H _   0.019 0.017 0.001 0.010 0.008 0.023 0.078 0.843 
 157 P _   0.022 0.021 0.001 0.013 0.011 0.026 0.076 0.830 
 158 F _   0.025 0.027 0.001 0.017 0.013 0.029 0.074 0.813 
 159 L _   0.028 0.033 0.001 0.022 0.016 0.032 0.072 0.796 
 160 V _   0.029 0.039 0.001 0.028 0.018 0.033 0.070 0.781 
 161 G _   0.030 0.044 0.001 0.033 0.020 0.034 0.068 0.770 
 162 L _   0.030 0.046 0.001 0.035 0.020 0.034 0.067 0.767 
 163 H _   0.029 0.045 0.001 0.034 0.019 0.032 0.066 0.772 
 164 F _   0.028 0.043 0.001 0.031 0.017 0.030 0.066 0.785 
 165 S _   0.026 0.037 0.001 0.025 0.015 0.028 0.065 0.803 
 166 F _   0.024 0.031 0.001 0.020 0.012 0.025 0.065 0.821 
 167 Q _   0.022 0.024 0.001 0.015 0.010 0.023 0.065 0.839 
 168 T _   0.021 0.019 0.001 0.011 0.008 0.021 0.065 0.854 
 169 A _   0.020 0.014 0.001 0.009 0.007 0.020 0.065 0.865 
 170 D _   0.019 0.011 0.001 0.008 0.006 0.019 0.065 0.871 
 171 K _   0.019 0.010 0.001 0.007 0.006 0.018 0.064 0.874 
 172 L _   0.019 0.009 0.001 0.008 0.006 0.018 0.064 0.875 
 173 Y _   0.020 0.008 0.001 0.008 0.006 0.019 0.064 0.875 
 174 F _   0.020 0.008 0.001 0.009 0.007 0.019 0.063 0.873 
 175 V _   0.021 0.009 0.001 0.009 0.007 0.020 0.063 0.871 
 176 L _   0.022 0.009 0.001 0.010 0.008 0.020 0.062 0.869 
 177 D _   0.022 0.010 0.001 0.010 0.008 0.021 0.062 0.866 
 178 Y _   0.023 0.010 0.001 0.011 0.009 0.022 0.061 0.863 
 179 I _   0.025 0.011 0.001 0.012 0.010 0.024 0.060 0.858 
 180 N _   0.026 0.013 0.001 0.014 0.011 0.025 0.060 0.852 
 181 G _   0.027 0.014 0.001 0.015 0.012 0.026 0.059 0.846 
 182 G _   0.029 0.015 0.001 0.018 0.013 0.027 0.059 0.840 
 183 E _   0.029 0.016 0.001 0.020 0.013 0.027 0.058 0.835 
 184 L _   0.028 0.017 0.001 0.021 0.013 0.026 0.058 0.835 
 185 F _   0.027 0.017 0.001 0.021 0.013 0.026 0.058 0.838 
 186 Y _   0.025 0.016 0.001 0.020 0.012 0.024 0.058 0.844 
 187 H _   0.023 0.014 0.001 0.019 0.011 0.023 0.058 0.852 
 188 L _   0.021 0.012 0.001 0.016 0.009 0.021 0.058 0.861 
 189 Q _   0.019 0.010 0.001 0.014 0.008 0.019 0.058 0.871 
 190 R _   0.018 0.007 0.001 0.011 0.007 0.018 0.058 0.880 
 191 E _   0.017 0.005 0.001 0.009 0.006 0.017 0.058 0.887 
 192 R _   0.016 0.004 0.001 0.008 0.005 0.016 0.058 0.892 
 193 C _   0.016 0.002 0.000 0.006 0.004 0.016 0.058 0.896 
 194 F _   0.018 0.001 0.000 0.005 0.004 0.017 0.058 0.896 
 195 L _   0.021 0.001 0.000 0.005 0.004 0.018 0.057 0.894 
 196 E _   0.026 0.001 0.001 0.005 0.005 0.020 0.056 0.888 
 197 P _   0.034 0.001 0.001 0.004 0.005 0.023 0.055 0.878 
 198 R _   0.046 0.000 0.001 0.005 0.007 0.027 0.053 0.861 
 199 A _   0.061 0.001 0.001 0.005 0.010 0.033 0.051 0.838 
 200 R _   0.082 0.001 0.001 0.006 0.014 0.039 0.050 0.807 
 201 F _   0.106 0.001 0.001 0.007 0.020 0.046 0.048 0.769 
 202 Y _   0.132 0.002 0.002 0.010 0.028 0.053 0.046 0.728 
 203 A _   0.159 0.004 0.002 0.012 0.035 0.059 0.044 0.684 
 204 A _   0.183 0.005 0.002 0.015 0.042 0.063 0.043 0.646 
 205 E _   0.205 0.007 0.002 0.017 0.047 0.066 0.042 0.614 
 206 I _   0.222 0.008 0.002 0.019 0.050 0.066 0.041 0.591 
 207 A _   0.234 0.009 0.002 0.019 0.050 0.064 0.041 0.580 
 208 S _   0.239 0.009 0.002 0.017 0.048 0.062 0.041 0.582 
 209 A _   0.237 0.008 0.002 0.016 0.044 0.058 0.042 0.593 
 210 L _   0.227 0.007 0.002 0.013 0.039 0.055 0.043 0.614 
 211 G _   0.212 0.006 0.002 0.011 0.034 0.050 0.044 0.641 
 212 Y _   0.192 0.005 0.002 0.010 0.028 0.046 0.046 0.671 
 213 L _   0.171 0.004 0.002 0.010 0.024 0.042 0.047 0.701 
 214 H _   0.149 0.004 0.001 0.010 0.020 0.038 0.049 0.729 
 215 S _   0.127 0.004 0.001 0.011 0.016 0.034 0.051 0.755 
 216 L _   0.105 0.004 0.001 0.013 0.014 0.030 0.054 0.780 
 217 N _   0.086 0.004 0.001 0.013 0.011 0.026 0.056 0.804 
 218 I _   0.068 0.004 0.001 0.013 0.009 0.022 0.057 0.826 
 219 V _   0.052 0.003 0.001 0.012 0.008 0.019 0.059 0.846 
 220 Y _   0.040 0.003 0.001 0.011 0.006 0.016 0.061 0.864 
 221 R _   0.030 0.003 0.001 0.009 0.005 0.013 0.062 0.878 
 222 D _   0.022 0.002 0.000 0.007 0.004 0.011 0.063 0.890 
 223 L _   0.017 0.002 0.000 0.006 0.003 0.010 0.063 0.899 
 224 K _   0.013 0.002 0.000 0.005 0.003 0.009 0.064 0.905 
 225 P _   0.011 0.002 0.000 0.004 0.002 0.009 0.064 0.908 
 226 E _   0.009 0.002 0.000 0.004 0.002 0.009 0.064 0.909 
 227 N _   0.009 0.004 0.000 0.004 0.002 0.009 0.063 0.908 
 228 I _   0.010 0.006 0.000 0.005 0.003 0.011 0.062 0.904 
 229 L _   0.010 0.010 0.000 0.006 0.003 0.013 0.061 0.896 
 230 L _   0.012 0.018 0.001 0.008 0.005 0.015 0.059 0.883 
 231 D _   0.013 0.030 0.001 0.011 0.007 0.019 0.057 0.862 
 232 S _   0.015 0.050 0.001 0.016 0.010 0.022 0.054 0.831 
 233 Q _   0.017 0.078 0.001 0.022 0.013 0.026 0.051 0.791 
 234 G _   0.018 0.113 0.002 0.030 0.017 0.028 0.048 0.743 
 235 H _   0.019 0.149 0.002 0.038 0.020 0.030 0.046 0.696 
 236 I _   0.020 0.181 0.002 0.046 0.022 0.031 0.043 0.655 
 237 V _   0.020 0.204 0.002 0.053 0.023 0.031 0.042 0.626 
 238 L _   0.020 0.218 0.002 0.058 0.023 0.030 0.040 0.610 
 239 T _   0.019 0.225 0.002 0.060 0.022 0.028 0.040 0.605 
 240 D _   0.018 0.225 0.001 0.058 0.020 0.027 0.040 0.611 
 241 F _   0.017 0.218 0.001 0.054 0.018 0.024 0.040 0.626 
 242 G _   0.016 0.205 0.001 0.047 0.015 0.022 0.041 0.653 
 243 L _   0.015 0.183 0.001 0.038 0.012 0.019 0.042 0.689 
 244 C _   0.014 0.154 0.001 0.029 0.010 0.016 0.043 0.733 
 245 K _   0.012 0.124 0.001 0.021 0.007 0.014 0.044 0.776 
 246 E _   0.011 0.099 0.001 0.014 0.005 0.012 0.045 0.813 
 247 N _   0.009 0.081 0.001 0.009 0.004 0.010 0.045 0.841 
 248 I _   0.008 0.071 0.000 0.007 0.003 0.009 0.045 0.857 
 249 E _   0.007 0.066 0.000 0.005 0.002 0.009 0.045 0.866 
 250 H _   0.006 0.065 0.000 0.005 0.002 0.009 0.044 0.868 
 251 N _   0.006 0.067 0.000 0.006 0.003 0.010 0.043 0.865 
 252 S _   0.007 0.073 0.000 0.009 0.004 0.011 0.041 0.856 
 253 T _   0.007 0.083 0.001 0.012 0.005 0.012 0.039 0.841 
 254 T _   0.008 0.097 0.001 0.017 0.006 0.014 0.037 0.821 
 255 S _   0.008 0.114 0.001 0.022 0.007 0.015 0.035 0.799 
 256 T _   0.008 0.130 0.001 0.027 0.009 0.016 0.032 0.778 
 257 F _   0.008 0.143 0.001 0.030 0.009 0.016 0.030 0.762 
 258 C _   0.008 0.153 0.001 0.032 0.010 0.017 0.028 0.750 
 259 G _   0.008 0.160 0.001 0.034 0.010 0.017 0.027 0.743 
 260 T _   0.008 0.164 0.001 0.034 0.010 0.017 0.026 0.739 
 261 P _   0.009 0.166 0.001 0.034 0.011 0.017 0.025 0.737 
 262 E _   0.009 0.166 0.001 0.035 0.011 0.017 0.024 0.737 
 263 Y _   0.009 0.164 0.001 0.034 0.011 0.017 0.023 0.740 
 264 L _   0.010 0.159 0.001 0.034 0.011 0.017 0.023 0.745 
 265 A _   0.010 0.153 0.001 0.034 0.010 0.017 0.023 0.752 
 266 P _   0.011 0.143 0.001 0.033 0.010 0.016 0.023 0.764 
 267 E _   0.011 0.129 0.001 0.031 0.009 0.015 0.023 0.780 
 268 V _   0.012 0.110 0.001 0.027 0.009 0.014 0.023 0.803 
 269 L _   0.014 0.086 0.001 0.022 0.008 0.013 0.024 0.832 
 270 H _   0.016 0.059 0.001 0.017 0.006 0.012 0.024 0.865 
 271 K _   0.019 0.033 0.001 0.012 0.005 0.011 0.024 0.895 
 272 Q _   0.024 0.014 0.001 0.007 0.004 0.010 0.024 0.917 
 273 P _   0.032 0.004 0.000 0.004 0.003 0.010 0.024 0.923 
 274 Y _   0.048 0.001 0.000 0.002 0.003 0.010 0.023 0.914 
 275 D _   0.078 0.000 0.000 0.001 0.003 0.011 0.022 0.885 
 276 R _   0.132 0.000 0.001 0.001 0.004 0.013 0.020 0.829 
 277 T _   0.223 0.000 0.001 0.001 0.006 0.017 0.018 0.734 
 278 V _   0.340 0.000 0.001 0.001 0.010 0.022 0.016 0.609 
 279 D _   0.466 0.000 0.001 0.002 0.016 0.026 0.014 0.475 
 280 W H   0.578 0.000 0.002 0.002 0.023 0.030 0.013 0.353 
 281 W H   0.662 0.000 0.002 0.002 0.031 0.032 0.012 0.259 
 282 C H   0.719 0.000 0.002 0.003 0.036 0.032 0.012 0.195 
 283 L H   0.754 0.000 0.002 0.003 0.040 0.032 0.012 0.156 
 284 G H   0.773 0.001 0.002 0.004 0.043 0.031 0.013 0.134 
 285 A H   0.779 0.001 0.002 0.004 0.045 0.029 0.014 0.126 
 286 V H   0.772 0.001 0.002 0.005 0.045 0.028 0.016 0.131 
 287 L H   0.750 0.001 0.002 0.005 0.045 0.027 0.019 0.151 
 288 Y H   0.709 0.001 0.002 0.006 0.042 0.025 0.024 0.190 
 289 E H   0.644 0.001 0.003 0.007 0.038 0.024 0.031 0.253 
 290 M H   0.557 0.001 0.003 0.007 0.032 0.023 0.039 0.338 
 291 L H   0.453 0.001 0.002 0.007 0.025 0.021 0.051 0.441 
 292 Y _   0.345 0.000 0.002 0.007 0.017 0.018 0.063 0.548 
 293 G _   0.247 0.000 0.001 0.006 0.011 0.016 0.074 0.644 
 294 L _   0.167 0.000 0.001 0.005 0.007 0.013 0.084 0.722 
 295 P _   0.109 0.000 0.001 0.004 0.005 0.011 0.093 0.777 
 296 P _   0.069 0.000 0.000 0.004 0.004 0.010 0.099 0.815 
 297 F _   0.043 0.000 0.000 0.003 0.003 0.009 0.104 0.837 
 298 Y _   0.028 0.001 0.000 0.004 0.003 0.008 0.108 0.848 
 299 S _   0.019 0.001 0.000 0.004 0.003 0.008 0.111 0.853 
 300 R _   0.015 0.002 0.000 0.006 0.003 0.009 0.114 0.851 
 301 N _   0.012 0.004 0.000 0.008 0.003 0.009 0.117 0.846 
 302 T _   0.010 0.007 0.001 0.011 0.004 0.010 0.119 0.838 
 303 A _   0.009 0.010 0.001 0.014 0.005 0.010 0.122 0.829 
 304 E _   0.008 0.013 0.001 0.016 0.005 0.010 0.124 0.822 
 305 M _   0.008 0.016 0.001 0.017 0.005 0.010 0.127 0.816 
 306 Y _   0.007 0.018 0.001 0.018 0.005 0.010 0.130 0.812 
 307 D _   0.007 0.019 0.001 0.017 0.005 0.010 0.133 0.810 
 308 N _   0.006 0.020 0.001 0.016 0.004 0.009 0.136 0.808 
 309 I _   0.006 0.020 0.001 0.014 0.004 0.009 0.139 0.807 
 310 L _   0.006 0.020 0.000 0.013 0.004 0.009 0.143 0.806 
 311 N _   0.006 0.020 0.000 0.011 0.004 0.008 0.146 0.803 
 312 K _   0.006 0.021 0.000 0.011 0.003 0.008 0.150 0.800 
 313 P _   0.006 0.021 0.000 0.010 0.003 0.008 0.153 0.797 
 314 L _   0.006 0.022 0.000 0.010 0.003 0.009 0.157 0.793 
 315 Q _   0.006 0.023 0.000 0.009 0.003 0.009 0.160 0.790 
 316 L _   0.006 0.025 0.000 0.008 0.003 0.009 0.162 0.786 
 317 K _   0.006 0.026 0.000 0.008 0.003 0.009 0.165 0.782 
 318 P _   0.006 0.029 0.000 0.008 0.003 0.010 0.167 0.777 
 319 N _   0.007 0.034 0.000 0.008 0.003 0.011 0.168 0.768 
 320 I _   0.008 0.041 0.001 0.009 0.004 0.013 0.170 0.755 
 321 T _   0.009 0.052 0.001 0.012 0.006 0.015 0.171 0.735 
 322 N _   0.010 0.069 0.001 0.017 0.008 0.018 0.172 0.706 
 323 S _   0.011 0.094 0.001 0.024 0.011 0.020 0.173 0.666 
 324 A _   0.012 0.122 0.001 0.034 0.013 0.022 0.174 0.620 
 325 R _   0.013 0.148 0.001 0.044 0.015 0.023 0.176 0.579 
 326 H _   0.013 0.167 0.001 0.053 0.016 0.023 0.179 0.547 
 327 L _   0.013 0.178 0.001 0.059 0.017 0.023 0.183 0.526 
 328 L _   0.012 0.182 0.001 0.062 0.016 0.022 0.189 0.516 
 329 E _   0.011 0.180 0.001 0.060 0.015 0.020 0.196 0.515 
 330 G _   0.011 0.173 0.001 0.055 0.013 0.018 0.205 0.524 
 331 L _   0.010 0.157 0.001 0.047 0.011 0.016 0.216 0.540 
 332 L _   0.010 0.134 0.001 0.037 0.010 0.014 0.230 0.565 
 333 Q _   0.009 0.104 0.001 0.028 0.008 0.013 0.245 0.593 
 334 K _   0.009 0.073 0.001 0.020 0.006 0.011 0.260 0.621 
 335 D _   0.008 0.048 0.001 0.014 0.004 0.009 0.274 0.643 
 336 R _   0.007 0.030 0.000 0.009 0.003 0.008 0.286 0.657 
 337 T _   0.006 0.019 0.000 0.007 0.002 0.007 0.295 0.664 
 338 K _   0.005 0.013 0.000 0.005 0.002 0.006 0.302 0.667 
 339 R _   0.004 0.010 0.000 0.004 0.002 0.006 0.308 0.666 
 340 L _   0.004 0.008 0.000 0.004 0.001 0.006 0.312 0.664 
 341 G _   0.004 0.007 0.000 0.004 0.001 0.007 0.315 0.661 
 342 A _   0.005 0.007 0.000 0.004 0.002 0.008 0.317 0.657 
 343 K _   0.006 0.008 0.000 0.004 0.002 0.010 0.319 0.651 
 344 D _   0.008 0.009 0.000 0.005 0.003 0.013 0.320 0.642 
 345 D _   0.011 0.012 0.000 0.006 0.004 0.018 0.321 0.628 
 346 F _   0.016 0.017 0.001 0.008 0.007 0.024 0.321 0.607 
 347 M _   0.024 0.027 0.001 0.011 0.012 0.032 0.320 0.574 
 348 E _   0.032 0.044 0.001 0.015 0.019 0.040 0.319 0.530 
 349 I _   0.041 0.068 0.002 0.021 0.028 0.047 0.318 0.474 
 350 K _   0.049 0.096 0.002 0.029 0.037 0.053 0.319 0.415 
 351 S _   0.054 0.123 0.002 0.037 0.044 0.056 0.320 0.363 
 352 H _   0.057 0.144 0.002 0.045 0.048 0.057 0.323 0.323 
 353 V X   0.058 0.156 0.002 0.052 0.049 0.055 0.329 0.298 
 354 F X   0.058 0.162 0.002 0.055 0.048 0.052 0.336 0.286 
 355 F X   0.057 0.162 0.002 0.055 0.044 0.048 0.346 0.285 
 356 S X   0.053 0.157 0.002 0.051 0.039 0.043 0.359 0.295 
 357 L X   0.049 0.143 0.002 0.044 0.033 0.038 0.375 0.315 
 358 I X   0.043 0.123 0.002 0.036 0.026 0.033 0.394 0.343 
 359 N X   0.037 0.096 0.002 0.028 0.020 0.028 0.414 0.375 
 360 W X   0.032 0.067 0.002 0.020 0.014 0.023 0.435 0.407 
 361 D X   0.026 0.044 0.001 0.014 0.010 0.019 0.455 0.431 
 362 D X   0.021 0.028 0.001 0.011 0.007 0.016 0.472 0.445 
 363 L X   0.016 0.019 0.001 0.008 0.005 0.013 0.487 0.451 
 364 I X   0.013 0.013 0.000 0.007 0.004 0.011 0.500 0.452 
 365 N X   0.011 0.010 0.000 0.007 0.003 0.010 0.510 0.449 
 366 K X   0.009 0.008 0.000 0.006 0.003 0.008 0.520 0.445 
 367 K X   0.008 0.007 0.000 0.007 0.002 0.007 0.529 0.440 
 368 I X   0.007 0.006 0.000 0.007 0.002 0.007 0.537 0.435 
 369 T X   0.006 0.005 0.000 0.007 0.002 0.006 0.544 0.430 
 370 P X   0.005 0.004 0.000 0.006 0.002 0.005 0.551 0.426 
 371 P X   0.005 0.003 0.000 0.006 0.002 0.005 0.557 0.422 
 372 F X   0.004 0.003 0.000 0.005 0.002 0.004 0.563 0.419 
 373 N X   0.004 0.002 0.000 0.005 0.001 0.004 0.568 0.416 
 374 P X   0.003 0.002 0.000 0.004 0.001 0.003 0.572 0.413 
 375 N X   0.003 0.001 0.000 0.004 0.001 0.003 0.576 0.411 
 376 V X   0.003 0.001 0.000 0.003 0.001 0.003 0.579 0.410 
 377 S X   0.003 0.001 0.000 0.003 0.001 0.003 0.581 0.408 
 378 G X   0.002 0.001 0.000 0.003 0.001 0.003 0.582 0.408 
 379 P X   0.002 0.001 0.000 0.003 0.001 0.003 0.582 0.408 
 380 N X   0.002 0.001 0.000 0.003 0.001 0.003 0.582 0.408 
 381 D X   0.002 0.002 0.000 0.003 0.001 0.003 0.580 0.408 
 382 L X   0.002 0.002 0.000 0.004 0.001 0.003 0.579 0.409 
 383 R X   0.002 0.003 0.000 0.005 0.001 0.004 0.576 0.409 
 384 H X   0.002 0.004 0.000 0.006 0.002 0.004 0.573 0.409 
 385 F X   0.002 0.005 0.000 0.007 0.002 0.005 0.569 0.409 
 386 D X   0.003 0.006 0.000 0.009 0.002 0.005 0.566 0.408 
 387 P X   0.003 0.008 0.000 0.011 0.003 0.006 0.562 0.408 
 388 E X   0.003 0.009 0.000 0.013 0.003 0.006 0.559 0.407 
 389 F X   0.003 0.010 0.000 0.014 0.003 0.006 0.557 0.408 
 390 T X   0.003 0.010 0.000 0.014 0.003 0.006 0.555 0.409 
 391 E X   0.003 0.011 0.000 0.013 0.003 0.006 0.553 0.411 
 392 E X   0.003 0.010 0.000 0.012 0.003 0.005 0.552 0.415 
 393 P X   0.003 0.010 0.000 0.010 0.002 0.005 0.551 0.419 
 394 V X   0.003 0.009 0.000 0.008 0.002 0.005 0.550 0.423 
 395 P X   0.003 0.009 0.000 0.006 0.002 0.004 0.549 0.428 
 396 N X   0.003 0.008 0.000 0.005 0.001 0.004 0.547 0.432 
 397 S X   0.003 0.008 0.000 0.004 0.001 0.004 0.545 0.435 
 398 I X   0.003 0.009 0.000 0.003 0.001 0.005 0.542 0.438 
 399 G X   0.003 0.010 0.000 0.003 0.001 0.005 0.538 0.439 
 400 K X   0.003 0.013 0.000 0.004 0.002 0.007 0.532 0.438 
 401 S X   0.004 0.019 0.000 0.006 0.003 0.009 0.526 0.434 
 402 P X   0.006 0.031 0.001 0.008 0.004 0.012 0.516 0.421 
 403 D X   0.007 0.055 0.001 0.012 0.007 0.016 0.504 0.397 
 404 S X   0.009 0.093 0.001 0.017 0.010 0.019 0.489 0.360 
 405 V X   0.010 0.145 0.002 0.022 0.013 0.022 0.473 0.314 
 406 L X   0.010 0.201 0.002 0.026 0.016 0.023 0.457 0.266 
 407 V X   0.010 0.253 0.002 0.027 0.017 0.024 0.444 0.224 
 408 T X   0.009 0.297 0.002 0.027 0.017 0.024 0.434 0.191 
 409 A X   0.009 0.330 0.001 0.026 0.017 0.024 0.427 0.166 
 410 S X   0.009 0.354 0.001 0.025 0.017 0.023 0.422 0.149 
 411 V X   0.009 0.373 0.001 0.024 0.016 0.023 0.418 0.135 
 412 K X   0.009 0.388 0.001 0.023 0.016 0.023 0.416 0.124 
 413 E X   0.010 0.399 0.001 0.023 0.016 0.022 0.415 0.114 
 414 A X   0.010 0.408 0.001 0.024 0.016 0.021 0.415 0.106 
 415 A X   0.010 0.413 0.001 0.025 0.015 0.020 0.416 0.099 
 416 E X   0.010 0.415 0.001 0.027 0.015 0.019 0.419 0.094 
 417 A X   0.010 0.414 0.001 0.028 0.014 0.018 0.423 0.092 
 418 F X   0.010 0.408 0.001 0.030 0.014 0.017 0.429 0.092 
 419 L X   0.010 0.396 0.001 0.031 0.013 0.016 0.437 0.096 
 420 G X   0.010 0.376 0.001 0.031 0.013 0.015 0.450 0.104 
 421 F X   0.010 0.343 0.002 0.031 0.013 0.014 0.467 0.119 
 422 S X   0.011 0.294 0.002 0.030 0.012 0.014 0.492 0.145 
 423 Y X   0.010 0.235 0.002 0.028 0.012 0.013 0.523 0.177 
 424 A X   0.009 0.172 0.002 0.024 0.010 0.012 0.559 0.213 
 425 P X   0.008 0.118 0.001 0.018 0.007 0.010 0.595 0.242 
 426 P X   0.005 0.072 0.001 0.013 0.005 0.007 0.629 0.268 
 427 T X   0.003 0.037 0.000 0.007 0.002 0.003 0.658 0.290 
 428 D X   0.001 0.016 0.000 0.003 0.000 0.001 0.674 0.305 
 429 S X   0.000 0.008 0.000 0.001 0.000 0.000 0.678 0.313 
 430 F X   0.000 0.006 0.000 0.002 0.000 0.000 0.676 0.316 
 431 L X   0.002 0.006 0.001 0.008 0.002 0.002 0.665 0.315 
