#TopoPred_TM8: 8-state transmembrane topology prediction results by no_profile mode 
#probabilities are in the order of H E C I L F X _, the 8 transmembrane topology types used in PDBTM 
   1 M X   0.031 0.001 0.003 0.049 0.016 0.025 0.640 0.236 
   2 C X   0.023 0.000 0.000 0.035 0.005 0.021 0.657 0.259 
   3 F X   0.020 0.000 0.000 0.025 0.003 0.020 0.659 0.272 
   4 S X   0.026 0.000 0.000 0.018 0.003 0.022 0.654 0.276 
   5 F X   0.035 0.000 0.001 0.013 0.005 0.025 0.640 0.280 
   6 I X   0.046 0.000 0.001 0.009 0.007 0.028 0.620 0.289 
   7 M X   0.056 0.000 0.001 0.007 0.008 0.030 0.600 0.299 
   8 P X   0.066 0.000 0.001 0.005 0.009 0.031 0.579 0.309 
   9 P X   0.073 0.000 0.001 0.005 0.010 0.031 0.559 0.320 
  10 A X   0.077 0.000 0.001 0.005 0.012 0.032 0.540 0.333 
  11 M X   0.079 0.001 0.001 0.006 0.014 0.033 0.522 0.346 
  12 A X   0.079 0.001 0.001 0.007 0.015 0.033 0.505 0.359 
  13 D X   0.078 0.001 0.001 0.008 0.016 0.034 0.491 0.371 
  14 I X   0.076 0.002 0.001 0.009 0.017 0.033 0.477 0.384 
  15 L X   0.072 0.002 0.001 0.011 0.018 0.033 0.465 0.397 
  16 D X   0.068 0.003 0.001 0.012 0.018 0.031 0.454 0.412 
  17 I X   0.062 0.003 0.001 0.014 0.017 0.030 0.444 0.429 
  18 W _   0.056 0.003 0.001 0.014 0.015 0.027 0.435 0.447 
  19 A _   0.049 0.003 0.001 0.014 0.013 0.025 0.427 0.468 
  20 V _   0.041 0.003 0.001 0.013 0.011 0.022 0.419 0.489 
  21 D _   0.034 0.003 0.001 0.011 0.009 0.019 0.411 0.512 
  22 S _   0.028 0.002 0.001 0.009 0.007 0.016 0.404 0.534 
  23 Q _   0.022 0.001 0.001 0.007 0.005 0.014 0.397 0.553 
  24 I _   0.018 0.001 0.000 0.005 0.004 0.012 0.389 0.571 
  25 A _   0.015 0.001 0.000 0.004 0.003 0.011 0.382 0.585 
  26 S _   0.013 0.000 0.000 0.003 0.003 0.010 0.373 0.597 
  27 D _   0.012 0.000 0.000 0.003 0.003 0.011 0.365 0.607 
  28 G _   0.012 0.000 0.000 0.003 0.003 0.012 0.356 0.614 
  29 S _   0.013 0.001 0.000 0.004 0.004 0.013 0.346 0.619 
  30 I _   0.014 0.001 0.001 0.006 0.005 0.016 0.335 0.622 
  31 P _   0.016 0.003 0.001 0.008 0.007 0.019 0.324 0.621 
  32 V _   0.019 0.005 0.001 0.012 0.010 0.022 0.312 0.619 
  33 D _   0.021 0.007 0.001 0.017 0.013 0.025 0.300 0.616 
  34 F _   0.023 0.010 0.001 0.021 0.015 0.027 0.289 0.615 
  35 L _   0.024 0.011 0.001 0.024 0.017 0.029 0.278 0.615 
  36 L _   0.025 0.013 0.001 0.026 0.018 0.030 0.269 0.619 
  37 P _   0.024 0.013 0.001 0.025 0.018 0.030 0.260 0.629 
  38 T _   0.024 0.012 0.001 0.024 0.017 0.029 0.253 0.641 
  39 G _   0.023 0.011 0.001 0.020 0.015 0.028 0.246 0.656 
  40 I _   0.022 0.009 0.001 0.017 0.013 0.027 0.239 0.671 
  41 Y _   0.022 0.007 0.001 0.014 0.011 0.025 0.234 0.686 
  42 I _   0.021 0.006 0.001 0.011 0.009 0.024 0.228 0.699 
  43 Q _   0.021 0.005 0.001 0.009 0.008 0.024 0.223 0.710 
  44 L _   0.021 0.004 0.001 0.008 0.007 0.024 0.217 0.719 
  45 E _   0.022 0.003 0.001 0.007 0.007 0.024 0.212 0.725 
  46 V _   0.023 0.003 0.001 0.006 0.007 0.025 0.206 0.729 
  47 P _   0.025 0.003 0.001 0.006 0.008 0.026 0.201 0.730 
  48 R _   0.028 0.004 0.001 0.007 0.009 0.028 0.195 0.729 
  49 E _   0.032 0.005 0.001 0.008 0.010 0.031 0.189 0.725 
  50 A _   0.035 0.006 0.001 0.010 0.013 0.033 0.183 0.718 
  51 T _   0.038 0.009 0.001 0.012 0.016 0.036 0.178 0.710 
  52 I _   0.041 0.012 0.001 0.016 0.019 0.038 0.172 0.700 
  53 S _   0.043 0.015 0.001 0.020 0.022 0.040 0.167 0.691 
  54 Y _   0.045 0.018 0.002 0.024 0.024 0.041 0.163 0.684 
  55 I _   0.046 0.021 0.002 0.028 0.025 0.040 0.159 0.680 
  56 K _   0.045 0.022 0.002 0.030 0.024 0.039 0.156 0.682 
  57 Q _   0.043 0.022 0.002 0.030 0.022 0.037 0.154 0.692 
  58 M _   0.040 0.020 0.001 0.027 0.019 0.034 0.152 0.708 
  59 L _   0.036 0.017 0.001 0.022 0.015 0.030 0.150 0.728 
  60 W _   0.032 0.012 0.001 0.016 0.012 0.027 0.149 0.751 
  61 K _   0.028 0.008 0.001 0.011 0.009 0.024 0.147 0.772 
  62 Q _   0.024 0.005 0.001 0.007 0.006 0.022 0.146 0.789 
  63 V _   0.022 0.003 0.001 0.005 0.005 0.021 0.144 0.800 
  64 H _   0.022 0.002 0.000 0.004 0.005 0.020 0.142 0.805 
  65 N _   0.022 0.002 0.001 0.004 0.005 0.021 0.140 0.806 
  66 Y _   0.024 0.002 0.001 0.005 0.006 0.023 0.138 0.802 
  67 P _   0.027 0.003 0.001 0.007 0.008 0.026 0.135 0.794 
  68 M _   0.030 0.004 0.001 0.010 0.010 0.029 0.133 0.783 
  69 F _   0.034 0.005 0.001 0.013 0.013 0.031 0.131 0.772 
  70 N _   0.037 0.007 0.001 0.016 0.015 0.034 0.129 0.762 
  71 L _   0.040 0.008 0.001 0.017 0.016 0.035 0.127 0.756 
  72 L _   0.042 0.009 0.001 0.017 0.016 0.036 0.125 0.754 
  73 M _   0.045 0.009 0.001 0.015 0.016 0.037 0.123 0.754 
  74 D _   0.048 0.008 0.001 0.012 0.015 0.038 0.122 0.755 
  75 I _   0.052 0.008 0.001 0.010 0.015 0.039 0.120 0.754 
  76 D _   0.055 0.008 0.001 0.009 0.015 0.040 0.119 0.752 
  77 S _   0.059 0.009 0.001 0.009 0.016 0.041 0.118 0.746 
  78 Y _   0.064 0.011 0.001 0.010 0.018 0.042 0.117 0.737 
  79 M _   0.067 0.013 0.001 0.012 0.020 0.044 0.117 0.725 
  80 F _   0.070 0.017 0.001 0.015 0.023 0.044 0.116 0.713 
  81 A _   0.070 0.021 0.002 0.020 0.024 0.044 0.117 0.703 
  82 C _   0.069 0.025 0.002 0.024 0.025 0.043 0.117 0.696 
  83 V _   0.066 0.029 0.002 0.027 0.025 0.041 0.118 0.692 
  84 N _   0.062 0.031 0.002 0.029 0.024 0.038 0.119 0.694 
  85 Q _   0.057 0.031 0.002 0.030 0.022 0.035 0.121 0.702 
  86 T _   0.051 0.030 0.001 0.028 0.019 0.032 0.123 0.715 
  87 A _   0.044 0.028 0.001 0.025 0.016 0.028 0.126 0.732 
  88 V _   0.037 0.024 0.001 0.021 0.013 0.024 0.129 0.751 
  89 Y _   0.030 0.019 0.001 0.017 0.010 0.021 0.132 0.770 
  90 E _   0.024 0.015 0.001 0.013 0.007 0.017 0.135 0.788 
  91 E _   0.019 0.011 0.001 0.010 0.005 0.015 0.137 0.803 
  92 L _   0.015 0.008 0.000 0.008 0.004 0.013 0.139 0.813 
  93 E _   0.013 0.006 0.000 0.006 0.003 0.011 0.141 0.820 
  94 D _   0.011 0.005 0.000 0.005 0.003 0.010 0.142 0.824 
  95 E _   0.010 0.004 0.000 0.004 0.002 0.010 0.143 0.826 
  96 T _   0.009 0.004 0.000 0.004 0.002 0.010 0.143 0.826 
  97 R _   0.010 0.005 0.000 0.004 0.003 0.011 0.143 0.824 
  98 R _   0.011 0.006 0.000 0.005 0.003 0.013 0.143 0.819 
  99 L _   0.012 0.008 0.000 0.006 0.004 0.015 0.143 0.812 
 100 C _   0.014 0.012 0.001 0.007 0.005 0.018 0.142 0.802 
 101 D _   0.017 0.018 0.001 0.009 0.007 0.021 0.141 0.787 
 102 V _   0.020 0.027 0.001 0.012 0.010 0.025 0.140 0.765 
 103 R _   0.024 0.042 0.001 0.017 0.014 0.029 0.138 0.735 
 104 P _   0.027 0.062 0.001 0.023 0.018 0.033 0.137 0.698 
 105 F _   0.030 0.086 0.002 0.031 0.023 0.036 0.135 0.657 
 106 L _   0.031 0.110 0.002 0.041 0.026 0.037 0.134 0.618 
 107 P _   0.032 0.129 0.002 0.050 0.028 0.037 0.134 0.589 
 108 V _   0.031 0.141 0.002 0.058 0.028 0.036 0.135 0.570 
 109 L _   0.030 0.147 0.002 0.062 0.026 0.034 0.137 0.563 
 110 K _   0.028 0.147 0.002 0.061 0.023 0.031 0.140 0.568 
 111 L _   0.025 0.142 0.002 0.056 0.020 0.027 0.144 0.584 
 112 V _   0.022 0.129 0.002 0.048 0.016 0.023 0.149 0.612 
 113 T _   0.019 0.108 0.001 0.037 0.012 0.019 0.155 0.649 
 114 R _   0.016 0.082 0.001 0.025 0.009 0.015 0.161 0.691 
 115 S _   0.013 0.056 0.001 0.016 0.006 0.012 0.166 0.731 
 116 C _   0.010 0.036 0.000 0.009 0.003 0.010 0.170 0.761 
 117 D _   0.008 0.025 0.000 0.005 0.002 0.008 0.173 0.779 
 118 P _   0.006 0.020 0.000 0.003 0.002 0.007 0.174 0.788 
 119 G _   0.006 0.018 0.000 0.003 0.001 0.007 0.175 0.790 
 120 E _   0.006 0.018 0.000 0.003 0.002 0.008 0.175 0.788 
 121 K _   0.007 0.022 0.000 0.004 0.002 0.009 0.174 0.781 
 122 L _   0.008 0.031 0.000 0.008 0.004 0.012 0.173 0.764 
 123 D _   0.010 0.051 0.001 0.013 0.006 0.016 0.170 0.734 
 124 S _   0.011 0.086 0.001 0.021 0.009 0.019 0.166 0.686 
 125 K _   0.012 0.135 0.001 0.032 0.013 0.022 0.161 0.625 
 126 I _   0.012 0.184 0.002 0.042 0.015 0.023 0.157 0.566 
 127 G _   0.012 0.223 0.002 0.051 0.016 0.024 0.154 0.520 
 128 V _   0.012 0.248 0.001 0.058 0.017 0.024 0.152 0.488 
 129 L _   0.011 0.261 0.001 0.063 0.017 0.023 0.152 0.471 
 130 I _   0.011 0.266 0.001 0.065 0.017 0.022 0.152 0.465 
 131 G _   0.011 0.265 0.001 0.063 0.016 0.021 0.155 0.468 
 132 K _   0.011 0.256 0.001 0.059 0.015 0.020 0.158 0.480 
 133 G _   0.011 0.238 0.001 0.052 0.013 0.018 0.163 0.503 
 134 L _   0.011 0.209 0.001 0.043 0.011 0.016 0.169 0.539 
 135 H _   0.011 0.168 0.001 0.034 0.009 0.014 0.177 0.585 
 136 E _   0.010 0.122 0.001 0.025 0.007 0.012 0.186 0.636 
 137 F _   0.010 0.080 0.001 0.017 0.005 0.011 0.193 0.683 
 138 D _   0.008 0.048 0.001 0.011 0.004 0.009 0.199 0.720 
 139 S _   0.007 0.027 0.000 0.007 0.003 0.007 0.203 0.744 
 140 L _   0.006 0.017 0.000 0.005 0.002 0.006 0.206 0.758 
 141 K _   0.005 0.011 0.000 0.004 0.002 0.006 0.208 0.764 
 142 D _   0.005 0.009 0.000 0.004 0.001 0.006 0.208 0.766 
 143 P _   0.005 0.008 0.000 0.005 0.002 0.007 0.208 0.766 
 144 E _   0.005 0.008 0.000 0.007 0.002 0.007 0.208 0.763 
 145 V _   0.005 0.008 0.000 0.009 0.003 0.009 0.207 0.759 
 146 N _   0.005 0.009 0.000 0.013 0.004 0.010 0.206 0.754 
 147 E _   0.006 0.009 0.000 0.016 0.004 0.011 0.205 0.749 
 148 F _   0.006 0.009 0.001 0.017 0.005 0.012 0.203 0.747 
 149 R _   0.007 0.009 0.001 0.017 0.005 0.012 0.202 0.747 
 150 R _   0.008 0.007 0.001 0.016 0.005 0.012 0.201 0.750 
 151 K _   0.010 0.006 0.001 0.013 0.004 0.013 0.201 0.754 
 152 M _   0.013 0.004 0.000 0.010 0.004 0.013 0.200 0.756 
 153 R _   0.020 0.002 0.000 0.007 0.004 0.014 0.199 0.754 
 154 K _   0.031 0.001 0.000 0.005 0.004 0.016 0.198 0.744 
 155 F _   0.051 0.000 0.001 0.003 0.005 0.019 0.197 0.724 
 156 S _   0.083 0.000 0.001 0.003 0.006 0.024 0.195 0.689 
 157 E _   0.130 0.000 0.001 0.003 0.010 0.030 0.193 0.635 
 158 E _   0.189 0.000 0.001 0.003 0.015 0.037 0.191 0.564 
 159 K _   0.257 0.000 0.001 0.003 0.024 0.044 0.189 0.480 
 160 I _   0.322 0.001 0.002 0.005 0.035 0.051 0.188 0.397 
 161 L H   0.374 0.002 0.002 0.006 0.045 0.055 0.189 0.326 
 162 S H   0.412 0.004 0.002 0.009 0.053 0.057 0.192 0.271 
 163 L H   0.434 0.007 0.003 0.011 0.058 0.056 0.197 0.233 
 164 V H   0.444 0.009 0.003 0.014 0.060 0.054 0.205 0.211 
 165 G H   0.442 0.011 0.003 0.017 0.060 0.051 0.215 0.203 
 166 L H   0.426 0.012 0.003 0.018 0.056 0.048 0.227 0.210 
 167 S H   0.399 0.012 0.003 0.019 0.051 0.043 0.244 0.230 
 168 W H   0.361 0.010 0.003 0.019 0.043 0.039 0.264 0.261 
 169 M H   0.314 0.009 0.003 0.017 0.034 0.034 0.288 0.302 
 170 D _   0.259 0.006 0.002 0.015 0.025 0.029 0.315 0.349 
 171 W _   0.204 0.004 0.002 0.013 0.017 0.023 0.343 0.394 
 172 L _   0.154 0.003 0.001 0.010 0.011 0.019 0.370 0.433 
 173 K _   0.111 0.002 0.001 0.008 0.007 0.015 0.393 0.463 
 174 Q _   0.077 0.001 0.001 0.007 0.004 0.011 0.413 0.486 
 175 T _   0.052 0.001 0.000 0.005 0.003 0.009 0.429 0.501 
 176 Y _   0.034 0.000 0.000 0.004 0.002 0.007 0.442 0.510 
 177 P _   0.022 0.000 0.000 0.004 0.002 0.006 0.451 0.515 
 178 P _   0.015 0.000 0.000 0.003 0.001 0.005 0.458 0.517 
 179 E _   0.010 0.000 0.000 0.003 0.001 0.004 0.463 0.518 
 180 H _   0.007 0.000 0.000 0.003 0.001 0.004 0.467 0.518 
 181 E _   0.005 0.000 0.000 0.003 0.001 0.003 0.468 0.519 
 182 P _   0.004 0.000 0.000 0.003 0.001 0.003 0.469 0.520 
 183 S _   0.003 0.001 0.000 0.003 0.001 0.003 0.468 0.522 
 184 I _   0.003 0.001 0.000 0.003 0.001 0.003 0.465 0.524 
 185 P _   0.003 0.001 0.000 0.003 0.001 0.004 0.462 0.527 
 186 E _   0.002 0.002 0.000 0.003 0.001 0.004 0.456 0.531 
 187 N _   0.003 0.003 0.000 0.004 0.001 0.005 0.449 0.535 
 188 L _   0.003 0.005 0.000 0.005 0.002 0.007 0.440 0.538 
 189 E _   0.004 0.009 0.000 0.006 0.002 0.009 0.429 0.540 
 190 D _   0.005 0.017 0.000 0.009 0.003 0.013 0.415 0.538 
 191 K _   0.007 0.030 0.001 0.013 0.006 0.018 0.398 0.529 
 192 L _   0.009 0.052 0.001 0.019 0.009 0.024 0.377 0.509 
 193 Y _   0.012 0.085 0.002 0.026 0.015 0.030 0.352 0.478 
 194 G _   0.015 0.129 0.002 0.034 0.020 0.036 0.327 0.436 
 195 G _   0.017 0.174 0.002 0.043 0.026 0.041 0.304 0.393 
 196 K _   0.020 0.213 0.002 0.050 0.030 0.044 0.285 0.357 
 197 L _   0.022 0.240 0.002 0.055 0.032 0.046 0.270 0.333 
 198 I _   0.024 0.256 0.002 0.057 0.033 0.046 0.259 0.321 
 199 V _   0.026 0.264 0.002 0.057 0.033 0.046 0.251 0.321 
 200 A _   0.027 0.265 0.002 0.054 0.032 0.044 0.245 0.329 
 201 V _   0.028 0.261 0.002 0.049 0.030 0.042 0.241 0.347 
 202 H _   0.029 0.250 0.002 0.042 0.027 0.040 0.238 0.373 
 203 F _   0.029 0.231 0.002 0.035 0.024 0.037 0.235 0.407 
 204 E _   0.028 0.209 0.002 0.029 0.021 0.034 0.234 0.444 
 205 N _   0.027 0.186 0.001 0.024 0.017 0.031 0.233 0.481 
 206 C _   0.025 0.164 0.001 0.020 0.015 0.029 0.232 0.514 
 207 Q _   0.023 0.146 0.001 0.019 0.012 0.026 0.231 0.541 
 208 D _   0.021 0.131 0.001 0.018 0.010 0.023 0.231 0.564 
 209 V _   0.019 0.118 0.001 0.018 0.009 0.021 0.230 0.584 
 210 F _   0.017 0.106 0.001 0.018 0.008 0.019 0.230 0.601 
 211 S _   0.015 0.093 0.001 0.017 0.007 0.016 0.229 0.621 
 212 F _   0.013 0.080 0.001 0.016 0.006 0.014 0.229 0.641 
 213 Q _   0.011 0.066 0.001 0.014 0.005 0.012 0.229 0.662 
 214 V _   0.010 0.052 0.001 0.011 0.004 0.010 0.228 0.684 
 215 S _   0.008 0.041 0.000 0.008 0.003 0.009 0.227 0.703 
 216 P _   0.007 0.032 0.000 0.006 0.002 0.008 0.225 0.719 
 217 N _   0.006 0.027 0.000 0.004 0.002 0.007 0.223 0.730 
 218 M _   0.006 0.025 0.000 0.004 0.002 0.007 0.220 0.736 
 219 N _   0.006 0.025 0.000 0.004 0.002 0.008 0.217 0.739 
 220 P _   0.007 0.027 0.000 0.005 0.003 0.010 0.212 0.737 
 221 I _   0.008 0.033 0.000 0.007 0.004 0.012 0.207 0.729 
 222 K _   0.010 0.046 0.001 0.012 0.006 0.016 0.200 0.710 
 223 V _   0.011 0.069 0.001 0.020 0.009 0.019 0.191 0.680 
 224 N _   0.012 0.102 0.001 0.029 0.012 0.021 0.181 0.641 
 225 E _   0.012 0.135 0.001 0.040 0.015 0.023 0.172 0.602 
 226 L _   0.012 0.162 0.001 0.049 0.016 0.023 0.164 0.571 
 227 A _   0.012 0.180 0.001 0.056 0.017 0.023 0.158 0.552 
 228 I _   0.012 0.189 0.001 0.060 0.017 0.023 0.153 0.545 
 229 Q _   0.012 0.192 0.001 0.060 0.016 0.022 0.150 0.547 
 230 K _   0.011 0.189 0.001 0.057 0.015 0.020 0.148 0.558 
 231 R _   0.011 0.181 0.001 0.051 0.013 0.018 0.148 0.577 
 232 L _   0.011 0.164 0.001 0.043 0.011 0.016 0.148 0.605 
 233 T _   0.010 0.140 0.001 0.035 0.009 0.014 0.149 0.641 
 234 I _   0.010 0.109 0.001 0.027 0.008 0.013 0.150 0.683 
 235 H _   0.009 0.077 0.001 0.019 0.006 0.011 0.151 0.726 
 236 G _   0.008 0.050 0.001 0.013 0.004 0.010 0.152 0.762 
 237 K _   0.008 0.030 0.000 0.009 0.003 0.008 0.152 0.789 
 238 E _   0.007 0.019 0.000 0.006 0.002 0.007 0.152 0.807 
 239 D _   0.006 0.013 0.000 0.004 0.002 0.007 0.151 0.817 
 240 E _   0.005 0.010 0.000 0.003 0.002 0.007 0.149 0.823 
 241 V _   0.006 0.009 0.000 0.003 0.002 0.008 0.147 0.826 
 242 S _   0.006 0.009 0.000 0.004 0.002 0.010 0.143 0.825 
 243 P _   0.008 0.011 0.000 0.006 0.003 0.012 0.140 0.820 
 244 Y _   0.010 0.015 0.001 0.009 0.005 0.016 0.135 0.810 
 245 D _   0.012 0.022 0.001 0.014 0.007 0.020 0.129 0.795 
 246 Y _   0.014 0.032 0.001 0.020 0.010 0.025 0.123 0.776 
 247 V _   0.015 0.044 0.001 0.028 0.014 0.029 0.116 0.753 
 248 L _   0.017 0.054 0.001 0.035 0.017 0.032 0.110 0.733 
 249 Q _   0.018 0.062 0.001 0.041 0.020 0.034 0.104 0.718 
 250 V _   0.019 0.068 0.002 0.046 0.022 0.036 0.099 0.709 
 251 S _   0.020 0.070 0.002 0.048 0.023 0.036 0.095 0.705 
 252 G _   0.021 0.070 0.002 0.047 0.023 0.036 0.092 0.710 
 253 R _   0.022 0.067 0.002 0.043 0.022 0.035 0.090 0.721 
 254 V _   0.023 0.060 0.002 0.037 0.020 0.034 0.088 0.737 
 255 E _   0.023 0.051 0.001 0.030 0.017 0.032 0.086 0.759 
 256 Y _   0.023 0.039 0.001 0.023 0.014 0.030 0.085 0.784 
 257 V _   0.023 0.027 0.001 0.016 0.012 0.029 0.084 0.808 
 258 F _   0.022 0.017 0.001 0.011 0.009 0.027 0.083 0.829 
 259 G _   0.023 0.011 0.001 0.008 0.008 0.027 0.082 0.842 
 260 D _   0.023 0.007 0.001 0.007 0.007 0.026 0.080 0.849 
 261 H _   0.025 0.005 0.001 0.006 0.007 0.027 0.079 0.851 
 262 P _   0.027 0.004 0.001 0.006 0.008 0.028 0.077 0.849 
 263 L _   0.030 0.003 0.001 0.007 0.009 0.030 0.075 0.845 
 264 I _   0.034 0.003 0.001 0.009 0.010 0.032 0.074 0.838 
 265 Q _   0.038 0.003 0.001 0.010 0.012 0.034 0.072 0.830 
 266 F _   0.041 0.003 0.001 0.012 0.014 0.036 0.070 0.823 
 267 Q _   0.045 0.003 0.001 0.013 0.015 0.037 0.069 0.817 
 268 Y _   0.049 0.003 0.001 0.013 0.016 0.038 0.067 0.812 
 269 I _   0.054 0.003 0.001 0.013 0.017 0.039 0.066 0.808 
 270 R _   0.060 0.002 0.001 0.011 0.016 0.039 0.065 0.805 
 271 N _   0.066 0.002 0.001 0.010 0.015 0.039 0.064 0.803 
 272 C _   0.072 0.001 0.001 0.008 0.015 0.039 0.063 0.801 
 273 V _   0.081 0.001 0.001 0.007 0.014 0.040 0.062 0.795 
 274 M _   0.090 0.001 0.001 0.006 0.014 0.040 0.061 0.787 
 275 N _   0.100 0.000 0.001 0.005 0.014 0.041 0.061 0.778 
 276 R _   0.111 0.000 0.001 0.005 0.015 0.042 0.060 0.766 
 277 A _   0.121 0.000 0.001 0.005 0.017 0.043 0.060 0.754 
 278 L _   0.131 0.001 0.001 0.005 0.019 0.044 0.059 0.740 
 279 P _   0.139 0.001 0.001 0.006 0.021 0.045 0.059 0.726 
 280 H _   0.145 0.001 0.001 0.008 0.023 0.046 0.060 0.715 
 281 F _   0.147 0.002 0.002 0.010 0.025 0.046 0.060 0.708 
 282 I _   0.146 0.002 0.002 0.012 0.026 0.045 0.061 0.706 
 283 L _   0.140 0.003 0.002 0.014 0.025 0.043 0.063 0.712 
 284 V _   0.131 0.003 0.002 0.014 0.022 0.041 0.064 0.723 
 285 E _   0.118 0.002 0.001 0.013 0.019 0.038 0.066 0.742 
 286 C _   0.105 0.002 0.001 0.011 0.016 0.034 0.067 0.764 
 287 C _   0.092 0.001 0.001 0.008 0.012 0.031 0.069 0.786 
 288 K _   0.080 0.001 0.001 0.006 0.009 0.028 0.070 0.805 
 289 I _   0.071 0.000 0.001 0.004 0.007 0.027 0.071 0.820 
 290 K _   0.064 0.000 0.001 0.003 0.005 0.026 0.071 0.830 
 291 K _   0.060 0.000 0.001 0.002 0.005 0.027 0.072 0.833 
 292 M _   0.059 0.001 0.001 0.003 0.006 0.029 0.072 0.830 
 293 Y _   0.061 0.002 0.001 0.004 0.009 0.032 0.072 0.819 
 294 E _   0.065 0.007 0.001 0.008 0.013 0.036 0.072 0.798 
 295 Q _   0.068 0.018 0.001 0.015 0.019 0.040 0.073 0.766 
 296 E _   0.070 0.036 0.002 0.025 0.025 0.043 0.073 0.725 
 297 M _   0.069 0.057 0.002 0.038 0.030 0.044 0.073 0.686 
 298 I _   0.067 0.074 0.002 0.050 0.032 0.043 0.074 0.657 
 299 A _   0.063 0.084 0.002 0.059 0.032 0.041 0.076 0.643 
 300 I _   0.057 0.088 0.002 0.062 0.029 0.038 0.079 0.644 
 301 E _   0.050 0.087 0.002 0.060 0.025 0.034 0.082 0.659 
 302 A _   0.043 0.081 0.002 0.052 0.020 0.029 0.086 0.687 
 303 A _   0.036 0.069 0.001 0.041 0.015 0.024 0.091 0.723 
 304 I _   0.029 0.053 0.001 0.029 0.010 0.019 0.096 0.763 
 305 N _   0.023 0.035 0.001 0.019 0.007 0.015 0.100 0.801 
 306 R _   0.018 0.021 0.001 0.012 0.004 0.011 0.104 0.829 
 307 N _   0.014 0.013 0.000 0.007 0.003 0.009 0.106 0.848 
 308 S _   0.010 0.008 0.000 0.005 0.002 0.007 0.108 0.860 
 309 S _   0.008 0.005 0.000 0.004 0.002 0.006 0.109 0.866 
 310 N _   0.007 0.004 0.000 0.003 0.001 0.005 0.110 0.869 
 311 L _   0.006 0.004 0.000 0.003 0.001 0.005 0.109 0.871 
 312 P _   0.006 0.004 0.000 0.004 0.001 0.005 0.109 0.871 
 313 L _   0.005 0.005 0.000 0.004 0.002 0.006 0.107 0.871 
 314 P _   0.005 0.006 0.000 0.005 0.002 0.007 0.105 0.869 
 315 L _   0.006 0.009 0.000 0.007 0.002 0.008 0.102 0.865 
 316 P _   0.006 0.014 0.000 0.009 0.003 0.009 0.099 0.859 
 317 P _   0.006 0.020 0.001 0.013 0.004 0.011 0.096 0.850 
 318 K _   0.007 0.028 0.001 0.017 0.006 0.013 0.092 0.837 
 319 K _   0.007 0.037 0.001 0.022 0.007 0.014 0.088 0.824 
 320 T _   0.008 0.046 0.001 0.027 0.008 0.015 0.084 0.811 
 321 R _   0.008 0.053 0.001 0.031 0.009 0.016 0.081 0.801 
 322 I _   0.008 0.058 0.001 0.034 0.010 0.016 0.079 0.794 
 323 I _   0.008 0.061 0.001 0.034 0.009 0.016 0.077 0.793 
 324 S _   0.008 0.061 0.001 0.032 0.009 0.015 0.075 0.798 
 325 H _   0.008 0.060 0.001 0.028 0.008 0.014 0.074 0.808 
 326 V _   0.007 0.056 0.001 0.023 0.007 0.013 0.073 0.820 
 327 W _   0.007 0.051 0.001 0.018 0.006 0.012 0.072 0.833 
 328 E _   0.007 0.047 0.001 0.014 0.005 0.012 0.071 0.844 
 329 N _   0.007 0.043 0.001 0.012 0.004 0.012 0.070 0.852 
 330 N _   0.008 0.041 0.000 0.011 0.004 0.012 0.069 0.855 
 331 N _   0.008 0.040 0.001 0.011 0.005 0.012 0.068 0.855 
 332 P _   0.009 0.040 0.001 0.014 0.005 0.013 0.067 0.851 
 333 F _   0.009 0.041 0.001 0.017 0.006 0.014 0.066 0.845 
 334 Q _   0.010 0.043 0.001 0.021 0.007 0.015 0.065 0.839 
 335 I _   0.010 0.043 0.001 0.024 0.008 0.015 0.064 0.834 
 336 V _   0.010 0.043 0.001 0.026 0.008 0.015 0.063 0.833 
 337 L _   0.010 0.041 0.001 0.026 0.008 0.014 0.063 0.837 
 338 V _   0.009 0.037 0.001 0.024 0.007 0.014 0.062 0.845 
 339 K _   0.009 0.031 0.001 0.020 0.006 0.013 0.062 0.857 
 340 G _   0.009 0.024 0.001 0.016 0.005 0.012 0.062 0.871 
 341 N _   0.009 0.017 0.001 0.012 0.004 0.011 0.062 0.885 
 342 K _   0.009 0.010 0.000 0.008 0.004 0.011 0.062 0.896 
 343 L _   0.009 0.006 0.000 0.006 0.003 0.011 0.062 0.903 
 344 N _   0.010 0.004 0.000 0.005 0.003 0.012 0.061 0.906 
 345 T _   0.012 0.002 0.000 0.004 0.003 0.014 0.061 0.905 
 346 E _   0.014 0.002 0.000 0.004 0.003 0.016 0.060 0.900 
 347 E _   0.019 0.002 0.000 0.005 0.004 0.020 0.059 0.891 
 348 T _   0.026 0.002 0.001 0.005 0.006 0.025 0.057 0.878 
 349 V _   0.035 0.002 0.001 0.007 0.009 0.032 0.055 0.859 
 350 K _   0.046 0.004 0.001 0.010 0.013 0.039 0.054 0.835 
 351 V _   0.058 0.005 0.001 0.012 0.017 0.047 0.051 0.808 
 352 H _   0.071 0.007 0.001 0.015 0.023 0.054 0.049 0.779 
 353 V _   0.084 0.010 0.002 0.017 0.028 0.061 0.047 0.750 
 354 R _   0.097 0.012 0.002 0.019 0.033 0.066 0.046 0.725 
 355 A _   0.109 0.013 0.002 0.020 0.037 0.070 0.044 0.705 
 356 G _   0.119 0.014 0.002 0.019 0.039 0.072 0.043 0.691 
 357 L _   0.127 0.015 0.002 0.018 0.040 0.074 0.042 0.682 
 358 F _   0.133 0.015 0.002 0.016 0.040 0.074 0.042 0.678 
 359 H _   0.137 0.016 0.002 0.015 0.039 0.074 0.041 0.677 
 360 G _   0.139 0.016 0.002 0.013 0.038 0.072 0.041 0.678 
 361 T _   0.139 0.018 0.002 0.013 0.038 0.071 0.041 0.679 
 362 E _   0.137 0.020 0.002 0.014 0.037 0.068 0.041 0.681 
 363 L _   0.133 0.022 0.002 0.016 0.036 0.065 0.041 0.684 
 364 L _   0.126 0.026 0.002 0.019 0.035 0.062 0.042 0.688 
 365 C _   0.117 0.030 0.002 0.024 0.034 0.058 0.043 0.694 
 366 K _   0.105 0.033 0.002 0.029 0.032 0.053 0.044 0.703 
 367 T _   0.093 0.035 0.002 0.033 0.029 0.047 0.045 0.716 
 368 I _   0.080 0.036 0.002 0.035 0.026 0.042 0.047 0.734 
 369 V _   0.067 0.035 0.002 0.035 0.022 0.036 0.048 0.756 
 370 S _   0.055 0.032 0.001 0.032 0.017 0.030 0.050 0.782 
 371 S _   0.043 0.027 0.001 0.027 0.013 0.025 0.052 0.812 
 372 E _   0.033 0.021 0.001 0.021 0.009 0.019 0.054 0.841 
 373 V _   0.024 0.014 0.001 0.015 0.006 0.015 0.056 0.869 
 374 S _   0.018 0.009 0.000 0.010 0.004 0.011 0.057 0.891 
 375 G _   0.013 0.005 0.000 0.006 0.003 0.009 0.058 0.907 
 376 K _   0.009 0.002 0.000 0.004 0.002 0.007 0.058 0.917 
 377 N _   0.007 0.001 0.000 0.003 0.002 0.006 0.058 0.923 
 378 D _   0.006 0.001 0.000 0.003 0.001 0.005 0.058 0.926 
 379 H _   0.006 0.001 0.000 0.003 0.002 0.006 0.057 0.926 
 380 I _   0.006 0.001 0.000 0.004 0.002 0.006 0.056 0.926 
 381 W _   0.006 0.001 0.000 0.006 0.002 0.007 0.054 0.923 
 382 N _   0.007 0.002 0.000 0.008 0.003 0.009 0.053 0.919 
 383 E _   0.007 0.002 0.000 0.010 0.004 0.010 0.051 0.915 
 384 P _   0.008 0.003 0.001 0.013 0.005 0.011 0.048 0.912 
 385 L _   0.010 0.003 0.001 0.014 0.005 0.012 0.046 0.909 
 386 E _   0.011 0.003 0.001 0.015 0.006 0.013 0.044 0.908 
 387 F _   0.014 0.003 0.001 0.014 0.006 0.013 0.042 0.907 
 388 D _   0.019 0.002 0.001 0.012 0.006 0.014 0.040 0.906 
 389 I _   0.028 0.002 0.001 0.009 0.005 0.014 0.038 0.902 
 390 N _   0.043 0.001 0.001 0.007 0.006 0.015 0.036 0.892 
 391 I _   0.067 0.000 0.001 0.005 0.006 0.016 0.034 0.872 
 392 C _   0.102 0.000 0.001 0.003 0.006 0.017 0.031 0.839 
 393 D _   0.155 0.000 0.001 0.003 0.007 0.019 0.028 0.788 
 394 L _   0.225 0.000 0.001 0.002 0.009 0.021 0.024 0.718 
 395 P _   0.311 0.000 0.001 0.002 0.011 0.023 0.021 0.631 
 396 R _   0.412 0.000 0.001 0.002 0.015 0.025 0.018 0.528 
 397 M H   0.512 0.000 0.001 0.002 0.019 0.026 0.015 0.425 
 398 A H   0.602 0.000 0.002 0.002 0.024 0.027 0.013 0.331 
 399 R H   0.673 0.000 0.002 0.002 0.028 0.027 0.012 0.257 
 400 L H   0.723 0.000 0.002 0.002 0.031 0.026 0.012 0.204 
 401 C H   0.753 0.000 0.002 0.002 0.033 0.025 0.012 0.173 
 402 F H   0.768 0.000 0.002 0.003 0.034 0.023 0.012 0.158 
 403 A H   0.767 0.000 0.002 0.003 0.034 0.022 0.013 0.158 
 404 V H   0.752 0.000 0.002 0.004 0.034 0.021 0.015 0.172 
 405 Y H   0.721 0.001 0.002 0.004 0.032 0.020 0.017 0.202 
 406 A H   0.671 0.001 0.002 0.005 0.029 0.020 0.020 0.252 
 407 V H   0.599 0.000 0.002 0.005 0.025 0.019 0.025 0.326 
 408 L H   0.511 0.000 0.002 0.005 0.019 0.017 0.030 0.415 
 409 D _   0.412 0.000 0.001 0.005 0.014 0.016 0.036 0.515 
 410 K _   0.315 0.000 0.001 0.005 0.010 0.014 0.042 0.613 
 411 V _   0.230 0.000 0.001 0.004 0.007 0.012 0.048 0.698 
 412 K _   0.159 0.000 0.001 0.004 0.005 0.011 0.053 0.768 
 413 T _   0.105 0.000 0.001 0.004 0.004 0.009 0.057 0.821 
 414 K _   0.068 0.000 0.000 0.004 0.003 0.008 0.060 0.857 
 415 K _   0.043 0.000 0.000 0.004 0.002 0.007 0.062 0.880 
 416 S _   0.028 0.000 0.000 0.004 0.002 0.007 0.064 0.895 
 417 T _   0.018 0.000 0.000 0.004 0.002 0.006 0.065 0.904 
 418 K _   0.013 0.001 0.000 0.004 0.002 0.006 0.066 0.909 
 419 T _   0.010 0.001 0.000 0.004 0.002 0.006 0.066 0.911 
 420 I _   0.008 0.001 0.000 0.005 0.002 0.007 0.065 0.912 
 421 N _   0.007 0.002 0.000 0.005 0.002 0.007 0.065 0.910 
 422 P _   0.007 0.004 0.000 0.007 0.003 0.008 0.064 0.908 
 423 S _   0.007 0.006 0.000 0.008 0.003 0.009 0.063 0.904 
 424 K _   0.007 0.008 0.000 0.010 0.004 0.011 0.062 0.898 
 425 Y _   0.007 0.011 0.001 0.012 0.005 0.012 0.060 0.892 
 426 Q _   0.008 0.015 0.001 0.014 0.005 0.013 0.059 0.885 
 427 T _   0.008 0.018 0.001 0.016 0.006 0.014 0.058 0.879 
 428 I _   0.008 0.021 0.001 0.017 0.007 0.016 0.056 0.874 
 429 R _   0.009 0.023 0.001 0.017 0.007 0.017 0.055 0.871 
 430 K _   0.010 0.025 0.001 0.017 0.007 0.018 0.054 0.869 
 431 A _   0.010 0.026 0.001 0.015 0.007 0.019 0.053 0.868 
 432 G _   0.012 0.028 0.001 0.014 0.007 0.020 0.052 0.867 
 433 K _   0.013 0.029 0.001 0.012 0.007 0.022 0.051 0.864 
 434 V _   0.016 0.030 0.001 0.011 0.008 0.025 0.050 0.859 
 435 H _   0.019 0.033 0.001 0.011 0.009 0.027 0.049 0.850 
 436 Y _   0.023 0.037 0.001 0.012 0.012 0.031 0.048 0.837 
 437 P _   0.028 0.043 0.001 0.014 0.015 0.035 0.048 0.818 
 438 V _   0.033 0.051 0.001 0.017 0.018 0.038 0.047 0.795 
 439 A _   0.037 0.061 0.002 0.021 0.022 0.041 0.046 0.770 
 440 W _   0.041 0.072 0.002 0.025 0.025 0.043 0.045 0.747 
 441 V _   0.044 0.082 0.002 0.030 0.027 0.044 0.045 0.727 
 442 N _   0.045 0.089 0.002 0.033 0.028 0.044 0.045 0.713 
 443 T _   0.045 0.094 0.002 0.035 0.028 0.043 0.045 0.709 
 444 M _   0.044 0.095 0.002 0.034 0.026 0.041 0.046 0.713 
 445 V _   0.041 0.094 0.002 0.032 0.023 0.038 0.047 0.725 
 446 F _   0.038 0.090 0.001 0.027 0.019 0.035 0.047 0.743 
 447 D _   0.034 0.084 0.001 0.022 0.016 0.032 0.049 0.763 
 448 F _   0.031 0.077 0.001 0.017 0.013 0.029 0.050 0.783 
 449 K _   0.027 0.072 0.001 0.013 0.010 0.027 0.050 0.800 
 450 G _   0.025 0.067 0.001 0.011 0.009 0.025 0.051 0.812 
 451 Q _   0.022 0.065 0.001 0.010 0.008 0.023 0.052 0.819 
 452 L _   0.021 0.065 0.001 0.010 0.008 0.023 0.053 0.821 
 453 R _   0.020 0.067 0.001 0.012 0.008 0.022 0.053 0.817 
 454 T _   0.019 0.070 0.001 0.015 0.009 0.022 0.054 0.810 
 455 G _   0.018 0.075 0.001 0.019 0.010 0.022 0.054 0.801 
 456 D _   0.017 0.080 0.001 0.023 0.011 0.021 0.055 0.792 
 457 I _   0.016 0.083 0.001 0.027 0.011 0.020 0.055 0.787 
 458 I _   0.015 0.084 0.001 0.029 0.011 0.019 0.056 0.785 
 459 L _   0.014 0.083 0.001 0.028 0.010 0.017 0.058 0.790 
 460 H _   0.012 0.079 0.001 0.026 0.009 0.015 0.059 0.799 
 461 S _   0.011 0.072 0.001 0.021 0.007 0.013 0.061 0.813 
 462 W _   0.009 0.064 0.001 0.017 0.006 0.012 0.063 0.829 
 463 S _   0.008 0.056 0.001 0.013 0.004 0.010 0.064 0.844 
 464 S _   0.007 0.049 0.000 0.010 0.004 0.009 0.066 0.855 
 465 F _   0.007 0.044 0.000 0.007 0.003 0.009 0.067 0.863 
 466 P _   0.006 0.042 0.000 0.007 0.003 0.008 0.068 0.866 
 467 D _   0.007 0.042 0.000 0.007 0.003 0.009 0.068 0.865 
 468 E _   0.007 0.043 0.000 0.008 0.003 0.010 0.069 0.860 
 469 L _   0.008 0.047 0.000 0.010 0.004 0.011 0.069 0.852 
 470 E _   0.008 0.052 0.001 0.013 0.005 0.012 0.069 0.840 
 471 E _   0.009 0.058 0.001 0.017 0.006 0.013 0.069 0.826 
 472 M _   0.009 0.065 0.001 0.022 0.007 0.014 0.070 0.812 
 473 L _   0.010 0.071 0.001 0.026 0.008 0.015 0.070 0.799 
 474 N _   0.010 0.076 0.001 0.029 0.009 0.015 0.071 0.790 
 475 P _   0.010 0.078 0.001 0.030 0.009 0.015 0.072 0.785 
 476 M _   0.010 0.078 0.001 0.029 0.009 0.014 0.074 0.784 
 477 G _   0.010 0.076 0.001 0.027 0.008 0.014 0.076 0.789 
 478 T _   0.009 0.072 0.001 0.023 0.007 0.013 0.078 0.797 
 479 V _   0.009 0.067 0.001 0.019 0.006 0.011 0.081 0.807 
 480 Q _   0.008 0.061 0.001 0.014 0.005 0.010 0.083 0.819 
 481 T _   0.007 0.055 0.000 0.011 0.004 0.010 0.085 0.828 
 482 N _   0.007 0.051 0.000 0.009 0.003 0.009 0.087 0.835 
 483 P _   0.006 0.049 0.000 0.008 0.003 0.009 0.088 0.837 
 484 Y _   0.007 0.049 0.000 0.008 0.003 0.009 0.089 0.835 
 485 T _   0.007 0.050 0.000 0.010 0.004 0.010 0.090 0.828 
 486 E _   0.008 0.054 0.001 0.013 0.004 0.011 0.091 0.817 
 487 N _   0.008 0.060 0.001 0.019 0.006 0.013 0.092 0.802 
 488 A _   0.009 0.067 0.001 0.025 0.007 0.014 0.093 0.785 
 489 T _   0.009 0.072 0.001 0.031 0.008 0.014 0.094 0.771 
 490 A _   0.010 0.075 0.001 0.036 0.009 0.015 0.096 0.760 
 491 L _   0.010 0.075 0.001 0.037 0.009 0.014 0.098 0.756 
 492 H _   0.009 0.073 0.001 0.036 0.008 0.013 0.101 0.759 
 493 V _   0.009 0.067 0.001 0.031 0.007 0.012 0.104 0.769 
 494 K _   0.009 0.058 0.001 0.025 0.006 0.011 0.108 0.784 
 495 F _   0.008 0.045 0.001 0.019 0.004 0.009 0.112 0.802 
 496 P _   0.007 0.033 0.000 0.013 0.003 0.008 0.116 0.819 
 497 E _   0.007 0.023 0.000 0.009 0.002 0.007 0.119 0.833 
 498 N _   0.006 0.016 0.000 0.006 0.002 0.006 0.121 0.842 
 499 K _   0.006 0.013 0.000 0.004 0.001 0.005 0.123 0.847 
 500 K _   0.005 0.011 0.000 0.004 0.001 0.005 0.124 0.849 
 501 Q _   0.005 0.011 0.000 0.004 0.001 0.005 0.124 0.850 
 502 P _   0.005 0.012 0.000 0.004 0.001 0.006 0.123 0.848 
 503 Y _   0.005 0.014 0.000 0.005 0.002 0.007 0.122 0.845 
 504 Y _   0.005 0.019 0.000 0.006 0.002 0.008 0.120 0.840 
 505 Y _   0.006 0.027 0.000 0.008 0.003 0.010 0.116 0.829 
 506 P _   0.006 0.041 0.001 0.012 0.004 0.012 0.112 0.812 
 507 P _   0.007 0.064 0.001 0.016 0.006 0.014 0.107 0.786 
 508 F _   0.008 0.096 0.001 0.022 0.008 0.016 0.100 0.750 
 509 D _   0.008 0.137 0.001 0.029 0.010 0.018 0.093 0.704 
 510 K _   0.008 0.183 0.001 0.037 0.012 0.019 0.086 0.653 
 511 I _   0.008 0.226 0.001 0.045 0.013 0.020 0.080 0.607 
 512 I _   0.008 0.259 0.001 0.051 0.014 0.020 0.075 0.572 
 513 E _   0.008 0.281 0.001 0.055 0.014 0.019 0.071 0.551 
 514 K _   0.008 0.292 0.001 0.056 0.013 0.018 0.068 0.542 
 515 A _   0.007 0.297 0.001 0.055 0.012 0.017 0.067 0.543 
 516 A _   0.007 0.295 0.001 0.051 0.011 0.016 0.066 0.552 
 517 E _   0.007 0.287 0.001 0.045 0.010 0.014 0.065 0.569 
 518 I _   0.007 0.272 0.001 0.038 0.009 0.013 0.065 0.594 
 519 A _   0.007 0.250 0.001 0.031 0.008 0.012 0.066 0.625 
 520 S _   0.007 0.223 0.001 0.024 0.006 0.011 0.067 0.661 
 521 S _   0.007 0.195 0.001 0.019 0.005 0.010 0.068 0.695 
 522 D _   0.007 0.171 0.001 0.014 0.004 0.009 0.069 0.726 
 523 S _   0.006 0.152 0.000 0.011 0.003 0.009 0.069 0.749 
 524 A _   0.006 0.138 0.000 0.009 0.003 0.008 0.070 0.766 
 525 N _   0.006 0.130 0.000 0.008 0.003 0.008 0.069 0.776 
 526 V _   0.005 0.125 0.000 0.007 0.002 0.008 0.069 0.782 
 527 S _   0.006 0.123 0.000 0.007 0.002 0.009 0.068 0.785 
 528 S _   0.006 0.124 0.000 0.007 0.003 0.010 0.067 0.784 
 529 R _   0.006 0.127 0.000 0.009 0.003 0.011 0.065 0.778 
 530 G _   0.007 0.134 0.001 0.011 0.004 0.013 0.063 0.767 
 531 G _   0.008 0.145 0.001 0.015 0.006 0.014 0.061 0.751 
 532 K _   0.008 0.159 0.001 0.020 0.008 0.016 0.059 0.729 
 533 K _   0.009 0.176 0.001 0.026 0.009 0.018 0.057 0.704 
 534 F _   0.010 0.192 0.001 0.032 0.011 0.019 0.055 0.680 
 535 L _   0.010 0.205 0.001 0.039 0.012 0.020 0.053 0.660 
 536 P _   0.011 0.212 0.001 0.043 0.013 0.020 0.052 0.648 
 537 V _   0.011 0.215 0.001 0.045 0.013 0.019 0.052 0.645 
 538 L _   0.011 0.212 0.001 0.044 0.012 0.018 0.052 0.649 
 539 K _   0.011 0.205 0.001 0.041 0.011 0.017 0.052 0.662 
 540 E _   0.010 0.190 0.001 0.036 0.010 0.016 0.053 0.683 
 541 I _   0.010 0.169 0.001 0.029 0.009 0.014 0.055 0.713 
 542 L _   0.010 0.142 0.001 0.023 0.007 0.013 0.056 0.748 
 543 D _   0.009 0.114 0.001 0.016 0.006 0.012 0.058 0.785 
 544 R _   0.008 0.091 0.001 0.012 0.004 0.011 0.059 0.815 
 545 D _   0.008 0.074 0.000 0.008 0.003 0.010 0.060 0.836 
 546 P _   0.007 0.065 0.000 0.006 0.003 0.010 0.060 0.849 
 547 L _   0.007 0.060 0.000 0.006 0.002 0.010 0.060 0.854 
 548 S _   0.007 0.058 0.000 0.005 0.003 0.011 0.060 0.856 
 549 Q _   0.008 0.059 0.000 0.006 0.003 0.012 0.059 0.852 
 550 L _   0.009 0.062 0.000 0.008 0.004 0.014 0.058 0.844 
 551 C _   0.010 0.069 0.001 0.012 0.006 0.016 0.057 0.830 
 552 E _   0.011 0.078 0.001 0.016 0.008 0.019 0.056 0.812 
 553 N _   0.013 0.089 0.001 0.021 0.010 0.021 0.054 0.790 
 554 E _   0.014 0.101 0.001 0.027 0.012 0.023 0.053 0.768 
 555 M _   0.016 0.110 0.001 0.033 0.014 0.025 0.052 0.750 
 556 D _   0.017 0.116 0.001 0.036 0.016 0.026 0.051 0.737 
 557 L _   0.018 0.118 0.001 0.038 0.016 0.026 0.051 0.731 
 558 I _   0.019 0.117 0.001 0.038 0.016 0.026 0.051 0.732 
 559 W _   0.019 0.113 0.001 0.035 0.016 0.025 0.051 0.741 
 560 T _   0.019 0.104 0.001 0.031 0.014 0.024 0.051 0.755 
 561 L _   0.019 0.093 0.001 0.026 0.013 0.023 0.052 0.774 
 562 R _   0.018 0.078 0.001 0.021 0.011 0.021 0.053 0.795 
 563 Q _   0.018 0.064 0.001 0.017 0.009 0.020 0.055 0.816 
 564 D _   0.017 0.051 0.001 0.013 0.008 0.019 0.056 0.835 
 565 C _   0.017 0.041 0.001 0.011 0.007 0.018 0.057 0.849 
 566 R _   0.016 0.034 0.001 0.009 0.006 0.017 0.058 0.859 
 567 E _   0.016 0.029 0.001 0.008 0.005 0.017 0.058 0.865 
 568 I _   0.016 0.026 0.001 0.008 0.005 0.017 0.059 0.868 
 569 F _   0.016 0.024 0.001 0.008 0.006 0.017 0.059 0.869 
 570 P _   0.017 0.024 0.001 0.009 0.006 0.018 0.059 0.867 
 571 Q _   0.017 0.024 0.001 0.010 0.007 0.018 0.059 0.864 
 572 S _   0.018 0.024 0.001 0.012 0.008 0.019 0.060 0.859 
 573 L _   0.018 0.025 0.001 0.014 0.009 0.020 0.060 0.854 
 574 P _   0.019 0.026 0.001 0.016 0.010 0.021 0.060 0.848 
 575 K _   0.019 0.026 0.001 0.019 0.010 0.021 0.060 0.843 
 576 L _   0.019 0.026 0.001 0.020 0.011 0.021 0.061 0.841 
 577 L _   0.019 0.025 0.001 0.021 0.010 0.020 0.062 0.842 
 578 L _   0.019 0.024 0.001 0.019 0.010 0.019 0.063 0.846 
 579 S _   0.018 0.021 0.001 0.017 0.008 0.018 0.064 0.853 
 580 I _   0.017 0.017 0.001 0.014 0.007 0.017 0.065 0.862 
 581 K _   0.016 0.014 0.001 0.011 0.006 0.016 0.066 0.871 
 582 W _   0.016 0.010 0.001 0.008 0.005 0.015 0.066 0.879 
 583 N _   0.016 0.008 0.000 0.006 0.004 0.015 0.067 0.883 
 584 K _   0.016 0.007 0.000 0.005 0.004 0.015 0.068 0.884 
 585 L _   0.018 0.006 0.000 0.005 0.004 0.016 0.068 0.882 
 586 E _   0.020 0.007 0.001 0.005 0.005 0.018 0.069 0.877 
 587 D _   0.022 0.008 0.001 0.007 0.006 0.020 0.069 0.867 
 588 V _   0.026 0.011 0.001 0.010 0.008 0.022 0.069 0.853 
 589 A _   0.029 0.016 0.001 0.015 0.011 0.024 0.069 0.836 
 590 Q _   0.031 0.022 0.001 0.021 0.013 0.026 0.069 0.817 
 591 L _   0.032 0.027 0.001 0.027 0.015 0.027 0.069 0.800 
 592 Q _   0.033 0.031 0.001 0.032 0.016 0.027 0.070 0.790 
 593 A _   0.032 0.033 0.001 0.034 0.016 0.026 0.072 0.787 
 594 L _   0.030 0.032 0.001 0.033 0.015 0.024 0.073 0.792 
 595 L _   0.027 0.030 0.001 0.030 0.012 0.021 0.075 0.804 
 596 Q _   0.024 0.025 0.001 0.024 0.010 0.018 0.077 0.821 
 597 I _   0.021 0.019 0.001 0.017 0.007 0.015 0.079 0.841 
 598 W _   0.018 0.013 0.001 0.011 0.005 0.013 0.081 0.859 
 599 P _   0.015 0.009 0.000 0.007 0.004 0.011 0.082 0.872 
 600 K _   0.013 0.006 0.000 0.005 0.003 0.010 0.083 0.880 
 601 L _   0.011 0.005 0.000 0.004 0.002 0.009 0.084 0.883 
 602 P _   0.011 0.005 0.000 0.005 0.003 0.009 0.084 0.883 
 603 P _   0.010 0.005 0.000 0.007 0.003 0.010 0.084 0.880 
 604 R _   0.011 0.006 0.000 0.009 0.004 0.011 0.084 0.874 
 605 E _   0.011 0.008 0.001 0.013 0.005 0.012 0.084 0.866 
 606 A _   0.011 0.010 0.001 0.017 0.006 0.012 0.084 0.859 
 607 L _   0.011 0.011 0.001 0.020 0.006 0.012 0.084 0.855 
 608 E _   0.010 0.011 0.001 0.020 0.006 0.012 0.084 0.856 
 609 L _   0.009 0.010 0.001 0.018 0.005 0.011 0.085 0.860 
 610 L _   0.009 0.009 0.001 0.015 0.004 0.010 0.085 0.868 
 611 D _   0.008 0.007 0.000 0.011 0.003 0.009 0.085 0.877 
 612 F _   0.007 0.005 0.000 0.007 0.003 0.008 0.085 0.885 
 613 N _   0.007 0.003 0.000 0.005 0.002 0.008 0.085 0.891 
 614 Y _   0.007 0.002 0.000 0.003 0.002 0.008 0.084 0.893 
 615 P _   0.008 0.002 0.000 0.003 0.002 0.010 0.083 0.892 
 616 D _   0.011 0.003 0.000 0.003 0.003 0.013 0.081 0.885 
 617 Q _   0.015 0.005 0.000 0.005 0.005 0.019 0.079 0.871 
 618 Y _   0.021 0.013 0.001 0.009 0.008 0.026 0.077 0.845 
 619 V _   0.027 0.032 0.001 0.017 0.015 0.033 0.073 0.801 
 620 R _   0.032 0.064 0.002 0.029 0.022 0.040 0.069 0.741 
 621 E _   0.034 0.101 0.002 0.044 0.029 0.044 0.065 0.681 
 622 Y _   0.035 0.129 0.002 0.057 0.032 0.046 0.061 0.637 
 623 A _   0.035 0.146 0.002 0.066 0.034 0.046 0.059 0.611 
 624 V _   0.035 0.154 0.002 0.071 0.034 0.045 0.057 0.603 
 625 G _   0.034 0.155 0.002 0.070 0.032 0.043 0.056 0.609 
 626 C _   0.033 0.149 0.002 0.063 0.029 0.040 0.055 0.629 
 627 L _   0.031 0.134 0.002 0.053 0.025 0.036 0.056 0.665 
 628 R _   0.030 0.108 0.002 0.040 0.020 0.032 0.056 0.714 
 629 Q _   0.028 0.074 0.002 0.027 0.014 0.028 0.057 0.771 
 630 M _   0.026 0.040 0.001 0.016 0.010 0.025 0.058 0.824 
 631 S _   0.024 0.017 0.001 0.009 0.007 0.022 0.058 0.862 
 632 D _   0.023 0.006 0.001 0.005 0.004 0.021 0.057 0.883 
 633 E _   0.025 0.002 0.000 0.003 0.003 0.020 0.057 0.890 
 634 E _   0.028 0.001 0.000 0.002 0.003 0.021 0.056 0.888 
 635 L _   0.035 0.001 0.000 0.002 0.004 0.024 0.054 0.879 
 636 S _   0.046 0.001 0.001 0.003 0.006 0.029 0.053 0.863 
 637 Q _   0.058 0.001 0.001 0.005 0.010 0.035 0.051 0.839 
 638 Y _   0.071 0.003 0.001 0.009 0.016 0.041 0.049 0.810 
 639 L _   0.085 0.006 0.001 0.014 0.022 0.047 0.047 0.778 
 640 L _   0.096 0.010 0.002 0.020 0.028 0.051 0.045 0.748 
 641 Q _   0.104 0.013 0.002 0.026 0.033 0.053 0.044 0.726 
 642 L _   0.108 0.015 0.002 0.029 0.035 0.054 0.043 0.714 
 643 V _   0.111 0.015 0.002 0.030 0.034 0.053 0.042 0.713 
 644 Q _   0.110 0.014 0.002 0.027 0.032 0.051 0.041 0.723 
 645 V _   0.107 0.012 0.002 0.023 0.028 0.047 0.041 0.741 
 646 L _   0.102 0.009 0.002 0.017 0.022 0.043 0.041 0.763 
 647 K _   0.095 0.006 0.001 0.012 0.017 0.039 0.040 0.789 
 648 Y _   0.087 0.003 0.001 0.008 0.013 0.036 0.040 0.812 
 649 E _   0.080 0.001 0.001 0.005 0.010 0.033 0.040 0.830 
 650 P _   0.074 0.001 0.001 0.004 0.008 0.031 0.039 0.843 
 651 F _   0.071 0.000 0.001 0.003 0.007 0.030 0.039 0.849 
 652 L _   0.070 0.000 0.001 0.003 0.007 0.030 0.038 0.850 
 653 D _   0.071 0.000 0.001 0.004 0.008 0.031 0.038 0.847 
 654 C _   0.074 0.001 0.001 0.006 0.010 0.033 0.037 0.839 
 655 A _   0.077 0.002 0.001 0.008 0.013 0.034 0.036 0.829 
 656 L _   0.080 0.003 0.001 0.012 0.016 0.036 0.036 0.817 
 657 S _   0.083 0.004 0.001 0.015 0.018 0.037 0.035 0.808 
 658 R _   0.084 0.004 0.001 0.017 0.019 0.037 0.034 0.802 
 659 F _   0.084 0.005 0.001 0.018 0.019 0.036 0.034 0.803 
 660 L _   0.082 0.004 0.001 0.017 0.017 0.034 0.034 0.810 
 661 L _   0.080 0.004 0.001 0.014 0.015 0.032 0.033 0.821 
 662 E _   0.077 0.003 0.001 0.010 0.012 0.030 0.033 0.834 
 663 R _   0.074 0.001 0.001 0.007 0.009 0.028 0.033 0.847 
