#TopoPred_TM8: 8-state transmembrane topology prediction results by no_profile mode 
#probabilities are in the order of H E C I L F X _, the 8 transmembrane topology types used in PDBTM 
   1 M X   0.019 0.001 0.002 0.048 0.011 0.017 0.581 0.321 
   2 A X   0.008 0.001 0.000 0.029 0.002 0.012 0.594 0.354 
   3 G X   0.004 0.001 0.000 0.019 0.001 0.011 0.594 0.370 
   4 S X   0.006 0.001 0.000 0.016 0.002 0.015 0.586 0.374 
   5 G X   0.011 0.003 0.000 0.016 0.004 0.024 0.569 0.373 
   6 A X   0.021 0.005 0.001 0.019 0.008 0.034 0.543 0.369 
   7 G X   0.031 0.012 0.001 0.025 0.013 0.043 0.514 0.361 
   8 V X   0.039 0.023 0.002 0.034 0.019 0.050 0.481 0.353 
   9 R X   0.044 0.035 0.002 0.045 0.025 0.053 0.448 0.348 
  10 C X   0.045 0.045 0.002 0.054 0.030 0.054 0.418 0.352 
  11 S X   0.045 0.051 0.002 0.059 0.033 0.052 0.393 0.364 
  12 L _   0.043 0.053 0.002 0.059 0.033 0.050 0.374 0.385 
  13 L _   0.041 0.052 0.002 0.055 0.031 0.046 0.357 0.415 
  14 R _   0.039 0.047 0.002 0.047 0.027 0.042 0.343 0.453 
  15 L _   0.035 0.040 0.002 0.036 0.022 0.037 0.331 0.497 
  16 Q _   0.032 0.029 0.001 0.026 0.016 0.032 0.320 0.544 
  17 E _   0.028 0.019 0.001 0.017 0.011 0.027 0.311 0.586 
  18 T _   0.025 0.011 0.001 0.011 0.008 0.024 0.301 0.621 
  19 L _   0.022 0.005 0.001 0.007 0.006 0.021 0.291 0.648 
  20 S _   0.021 0.003 0.001 0.005 0.004 0.020 0.280 0.667 
  21 A _   0.021 0.001 0.000 0.004 0.004 0.019 0.270 0.679 
  22 A _   0.023 0.001 0.001 0.004 0.004 0.020 0.259 0.688 
  23 D _   0.026 0.001 0.001 0.004 0.005 0.022 0.248 0.692 
  24 R _   0.031 0.001 0.001 0.006 0.007 0.025 0.237 0.694 
  25 C _   0.036 0.002 0.001 0.007 0.009 0.028 0.225 0.692 
  26 G _   0.043 0.003 0.001 0.010 0.012 0.032 0.212 0.688 
  27 A _   0.050 0.004 0.001 0.012 0.015 0.035 0.200 0.683 
  28 A _   0.056 0.005 0.001 0.015 0.018 0.039 0.188 0.678 
  29 L _   0.062 0.007 0.001 0.017 0.021 0.041 0.177 0.675 
  30 A _   0.066 0.008 0.002 0.018 0.023 0.043 0.167 0.674 
  31 G _   0.070 0.009 0.002 0.019 0.024 0.044 0.157 0.675 
  32 H _   0.074 0.009 0.002 0.019 0.024 0.044 0.149 0.679 
  33 Q _   0.075 0.009 0.002 0.019 0.024 0.043 0.141 0.686 
  34 L _   0.075 0.009 0.002 0.019 0.023 0.042 0.134 0.695 
  35 I _   0.073 0.009 0.001 0.019 0.022 0.040 0.128 0.707 
  36 R _   0.070 0.008 0.001 0.018 0.020 0.038 0.123 0.721 
  37 G _   0.067 0.007 0.001 0.017 0.017 0.035 0.118 0.737 
  38 L _   0.063 0.006 0.001 0.015 0.014 0.032 0.114 0.755 
  39 G _   0.059 0.004 0.001 0.012 0.012 0.030 0.110 0.773 
  40 Q _   0.056 0.003 0.001 0.009 0.009 0.027 0.105 0.790 
  41 E _   0.054 0.002 0.001 0.007 0.007 0.025 0.101 0.804 
  42 C _   0.054 0.001 0.001 0.005 0.006 0.024 0.097 0.814 
  43 V _   0.057 0.000 0.001 0.003 0.005 0.024 0.092 0.817 
  44 L _   0.065 0.000 0.001 0.003 0.005 0.025 0.087 0.814 
  45 S _   0.077 0.000 0.001 0.003 0.006 0.027 0.082 0.803 
  46 S _   0.096 0.000 0.001 0.003 0.008 0.031 0.077 0.784 
  47 S _   0.119 0.000 0.001 0.004 0.012 0.035 0.072 0.757 
  48 P _   0.147 0.000 0.001 0.005 0.016 0.040 0.067 0.723 
  49 A _   0.175 0.001 0.001 0.007 0.022 0.045 0.062 0.687 
  50 V _   0.203 0.001 0.002 0.009 0.027 0.049 0.057 0.652 
  51 L _   0.228 0.001 0.002 0.010 0.031 0.051 0.053 0.623 
  52 A _   0.248 0.001 0.002 0.011 0.034 0.053 0.049 0.602 
  53 L _   0.264 0.001 0.002 0.010 0.034 0.052 0.046 0.590 
  54 Q _   0.274 0.001 0.002 0.009 0.033 0.051 0.044 0.587 
  55 T _   0.279 0.001 0.002 0.007 0.030 0.049 0.041 0.590 
  56 S _   0.280 0.001 0.002 0.006 0.027 0.047 0.040 0.598 
  57 L _   0.277 0.000 0.001 0.005 0.024 0.045 0.038 0.610 
  58 V _   0.271 0.000 0.001 0.004 0.021 0.043 0.037 0.622 
  59 F _   0.264 0.000 0.001 0.004 0.020 0.042 0.036 0.633 
  60 S _   0.255 0.000 0.001 0.004 0.019 0.041 0.035 0.645 
  61 R _   0.245 0.000 0.001 0.005 0.019 0.040 0.035 0.655 
  62 D _   0.233 0.001 0.001 0.006 0.020 0.039 0.034 0.665 
  63 F _   0.218 0.001 0.001 0.008 0.021 0.038 0.034 0.678 
  64 G _   0.201 0.002 0.002 0.011 0.021 0.037 0.034 0.693 
  65 L _   0.181 0.002 0.002 0.013 0.020 0.035 0.034 0.714 
  66 L _   0.159 0.002 0.001 0.014 0.019 0.032 0.034 0.738 
  67 V _   0.137 0.002 0.001 0.014 0.016 0.029 0.035 0.765 
  68 F _   0.115 0.002 0.001 0.013 0.013 0.026 0.035 0.795 
  69 V _   0.095 0.002 0.001 0.011 0.011 0.022 0.035 0.824 
  70 R _   0.078 0.001 0.001 0.008 0.008 0.019 0.035 0.850 
  71 K _   0.064 0.001 0.001 0.006 0.006 0.017 0.035 0.871 
  72 S _   0.054 0.000 0.001 0.005 0.005 0.014 0.034 0.887 
  73 L _   0.048 0.000 0.000 0.004 0.004 0.013 0.034 0.897 
  74 N _   0.047 0.000 0.000 0.003 0.003 0.012 0.033 0.901 
  75 S _   0.050 0.000 0.000 0.003 0.003 0.012 0.032 0.899 
  76 I _   0.060 0.000 0.000 0.003 0.004 0.012 0.030 0.891 
  77 E _   0.076 0.000 0.000 0.003 0.004 0.013 0.029 0.875 
  78 F _   0.100 0.000 0.001 0.003 0.005 0.015 0.027 0.850 
  79 R _   0.134 0.000 0.001 0.003 0.006 0.016 0.025 0.815 
  80 E _   0.179 0.000 0.001 0.002 0.007 0.018 0.023 0.770 
  81 C _   0.235 0.000 0.001 0.002 0.009 0.020 0.020 0.712 
  82 R _   0.302 0.000 0.001 0.002 0.011 0.022 0.018 0.644 
  83 E _   0.375 0.000 0.001 0.002 0.013 0.024 0.016 0.569 
  84 E _   0.451 0.000 0.001 0.002 0.017 0.026 0.014 0.489 
  85 I H   0.523 0.000 0.001 0.002 0.021 0.027 0.013 0.413 
  86 L H   0.583 0.000 0.001 0.002 0.025 0.028 0.012 0.350 
  87 K H   0.629 0.000 0.002 0.002 0.028 0.028 0.011 0.301 
  88 F H   0.659 0.000 0.002 0.002 0.031 0.027 0.011 0.268 
  89 L H   0.674 0.000 0.002 0.003 0.033 0.026 0.012 0.251 
  90 C H   0.674 0.000 0.002 0.004 0.034 0.025 0.012 0.249 
  91 I H   0.659 0.000 0.002 0.004 0.033 0.024 0.014 0.263 
  92 F H   0.627 0.001 0.002 0.005 0.032 0.023 0.015 0.295 
  93 L H   0.578 0.000 0.002 0.005 0.029 0.022 0.017 0.346 
  94 E H   0.511 0.000 0.002 0.005 0.024 0.021 0.020 0.417 
  95 K _   0.432 0.000 0.002 0.005 0.019 0.019 0.023 0.500 
  96 M _   0.346 0.000 0.001 0.004 0.014 0.017 0.027 0.590 
  97 G _   0.263 0.000 0.001 0.003 0.010 0.016 0.031 0.677 
  98 Q _   0.192 0.000 0.001 0.003 0.007 0.014 0.034 0.749 
  99 K _   0.136 0.000 0.001 0.003 0.005 0.013 0.037 0.805 
 100 I _   0.096 0.000 0.001 0.003 0.005 0.013 0.039 0.844 
 101 A _   0.068 0.000 0.001 0.004 0.004 0.012 0.041 0.870 
 102 P _   0.049 0.001 0.001 0.005 0.004 0.013 0.043 0.885 
 103 Y _   0.037 0.001 0.001 0.006 0.005 0.013 0.045 0.893 
 104 S _   0.029 0.003 0.001 0.009 0.005 0.014 0.046 0.894 
 105 V _   0.024 0.005 0.001 0.012 0.006 0.014 0.047 0.891 
 106 E _   0.020 0.007 0.001 0.015 0.007 0.015 0.048 0.887 
 107 I _   0.017 0.008 0.001 0.019 0.008 0.015 0.050 0.883 
 108 K _   0.015 0.010 0.001 0.021 0.008 0.014 0.051 0.880 
 109 N _   0.014 0.011 0.001 0.022 0.008 0.014 0.053 0.879 
 110 T _   0.012 0.011 0.001 0.021 0.007 0.013 0.054 0.881 
 111 C _   0.011 0.010 0.001 0.019 0.006 0.012 0.056 0.885 
 112 T _   0.010 0.009 0.001 0.016 0.005 0.011 0.058 0.890 
 113 S _   0.008 0.008 0.001 0.013 0.004 0.009 0.060 0.897 
 114 V _   0.007 0.006 0.000 0.010 0.003 0.008 0.062 0.903 
 115 Y _   0.007 0.005 0.000 0.008 0.003 0.007 0.063 0.908 
 116 T _   0.006 0.004 0.000 0.006 0.002 0.007 0.064 0.911 
 117 K _   0.006 0.003 0.000 0.005 0.002 0.007 0.064 0.913 
 118 D _   0.006 0.003 0.000 0.004 0.002 0.007 0.065 0.913 
 119 R _   0.006 0.003 0.000 0.004 0.002 0.009 0.065 0.911 
 120 A _   0.007 0.004 0.000 0.004 0.002 0.010 0.065 0.907 
 121 A _   0.009 0.006 0.000 0.005 0.003 0.013 0.064 0.899 
 122 K _   0.011 0.010 0.000 0.007 0.004 0.017 0.063 0.887 
 123 C _   0.015 0.016 0.001 0.009 0.006 0.022 0.062 0.869 
 124 K _   0.019 0.026 0.001 0.013 0.009 0.028 0.061 0.843 
 125 I _   0.024 0.040 0.001 0.017 0.014 0.034 0.059 0.810 
 126 P _   0.030 0.057 0.001 0.022 0.019 0.040 0.058 0.773 
 127 A _   0.037 0.075 0.002 0.028 0.025 0.046 0.056 0.732 
 128 L _   0.042 0.091 0.002 0.033 0.030 0.050 0.055 0.696 
 129 D _   0.048 0.104 0.002 0.038 0.034 0.053 0.054 0.666 
 130 L _   0.052 0.113 0.002 0.043 0.037 0.054 0.053 0.645 
 131 L _   0.055 0.118 0.002 0.046 0.038 0.054 0.053 0.633 
 132 I _   0.057 0.119 0.002 0.047 0.037 0.052 0.054 0.632 
 133 K _   0.056 0.116 0.002 0.046 0.035 0.049 0.055 0.642 
 134 L _   0.054 0.107 0.002 0.041 0.030 0.045 0.057 0.663 
 135 L _   0.051 0.094 0.002 0.035 0.026 0.040 0.058 0.694 
 136 Q _   0.047 0.076 0.002 0.028 0.020 0.035 0.061 0.733 
 137 T _   0.040 0.055 0.001 0.020 0.015 0.030 0.063 0.775 
 138 F _   0.034 0.035 0.001 0.014 0.011 0.026 0.065 0.814 
 139 R _   0.028 0.020 0.001 0.010 0.008 0.022 0.066 0.845 
 140 S _   0.024 0.011 0.001 0.006 0.005 0.019 0.067 0.866 
 141 S _   0.020 0.007 0.000 0.005 0.004 0.017 0.068 0.879 
 142 R _   0.018 0.005 0.000 0.004 0.004 0.016 0.068 0.885 
 143 L _   0.017 0.005 0.000 0.004 0.004 0.016 0.068 0.886 
 144 M _   0.017 0.005 0.000 0.005 0.004 0.016 0.068 0.884 
 145 D _   0.019 0.006 0.001 0.006 0.005 0.018 0.068 0.879 
 146 E _   0.020 0.008 0.001 0.008 0.006 0.020 0.067 0.870 
 147 F _   0.022 0.011 0.001 0.010 0.008 0.022 0.067 0.860 
 148 K _   0.024 0.014 0.001 0.013 0.010 0.024 0.066 0.848 
 149 I _   0.026 0.019 0.001 0.016 0.012 0.025 0.065 0.836 
 150 G _   0.027 0.023 0.001 0.019 0.013 0.027 0.065 0.825 
 151 E _   0.028 0.027 0.001 0.022 0.015 0.028 0.064 0.815 
 152 L _   0.029 0.030 0.001 0.024 0.016 0.028 0.064 0.809 
 153 F _   0.029 0.033 0.001 0.025 0.016 0.028 0.063 0.804 
 154 S _   0.028 0.034 0.001 0.027 0.016 0.027 0.064 0.803 
 155 K _   0.027 0.034 0.001 0.028 0.015 0.026 0.064 0.804 
 156 F _   0.025 0.033 0.001 0.027 0.014 0.024 0.065 0.810 
 157 Y _   0.023 0.031 0.001 0.026 0.012 0.022 0.066 0.818 
 158 G _   0.021 0.028 0.001 0.024 0.011 0.020 0.067 0.829 
 159 E _   0.020 0.024 0.001 0.020 0.009 0.017 0.068 0.841 
 160 L _   0.017 0.018 0.001 0.016 0.007 0.015 0.069 0.856 
 161 A _   0.016 0.013 0.001 0.012 0.005 0.013 0.070 0.870 
 162 L _   0.014 0.008 0.000 0.008 0.004 0.012 0.071 0.883 
 163 K _   0.012 0.004 0.000 0.006 0.003 0.010 0.072 0.893 
 164 K _   0.012 0.002 0.000 0.004 0.002 0.010 0.072 0.898 
 165 K _   0.012 0.001 0.000 0.003 0.002 0.010 0.072 0.900 
 166 I _   0.013 0.001 0.000 0.002 0.002 0.011 0.071 0.899 
 167 P _   0.016 0.000 0.000 0.002 0.003 0.014 0.071 0.894 
 168 D _   0.021 0.000 0.000 0.003 0.003 0.017 0.070 0.884 
 169 T _   0.029 0.001 0.001 0.004 0.005 0.023 0.068 0.869 
 170 V _   0.040 0.002 0.001 0.005 0.008 0.029 0.067 0.848 
 171 L _   0.052 0.004 0.001 0.008 0.013 0.037 0.065 0.820 
 172 E _   0.064 0.008 0.001 0.011 0.019 0.045 0.064 0.787 
 173 K _   0.076 0.014 0.002 0.016 0.027 0.052 0.062 0.752 
 174 V _   0.087 0.021 0.002 0.021 0.034 0.057 0.060 0.718 
 175 Y _   0.095 0.028 0.002 0.026 0.040 0.060 0.059 0.689 
 176 E _   0.101 0.034 0.002 0.031 0.043 0.062 0.058 0.669 
 177 L _   0.102 0.039 0.002 0.035 0.045 0.061 0.058 0.658 
 178 L _   0.101 0.041 0.002 0.037 0.044 0.059 0.058 0.659 
 179 G _   0.096 0.041 0.002 0.037 0.040 0.055 0.059 0.670 
 180 L _   0.089 0.039 0.002 0.035 0.035 0.050 0.060 0.690 
 181 L _   0.080 0.035 0.002 0.030 0.029 0.044 0.061 0.718 
 182 G _   0.070 0.029 0.002 0.025 0.023 0.039 0.063 0.750 
 183 E _   0.059 0.022 0.001 0.020 0.017 0.033 0.065 0.783 
 184 V _   0.049 0.015 0.001 0.015 0.012 0.028 0.066 0.814 
 185 H _   0.040 0.009 0.001 0.011 0.009 0.024 0.067 0.840 
 186 P _   0.032 0.005 0.001 0.007 0.006 0.020 0.068 0.859 
 187 S _   0.027 0.003 0.001 0.005 0.004 0.018 0.069 0.872 
 188 E _   0.024 0.002 0.000 0.004 0.004 0.017 0.069 0.880 
 189 M _   0.022 0.001 0.000 0.003 0.003 0.016 0.070 0.884 
 190 I _   0.022 0.001 0.000 0.003 0.003 0.017 0.069 0.884 
 191 N _   0.024 0.001 0.000 0.003 0.004 0.019 0.069 0.881 
 192 N _   0.028 0.001 0.000 0.004 0.005 0.022 0.068 0.872 
 193 A _   0.035 0.002 0.001 0.005 0.007 0.026 0.068 0.858 
 194 E _   0.043 0.004 0.001 0.007 0.011 0.031 0.066 0.837 
 195 N _   0.054 0.008 0.001 0.010 0.016 0.037 0.065 0.809 
 196 L _   0.064 0.014 0.001 0.015 0.022 0.043 0.064 0.776 
 197 F _   0.073 0.022 0.002 0.021 0.028 0.047 0.063 0.744 
 198 R _   0.079 0.029 0.002 0.027 0.033 0.050 0.063 0.717 
 199 A _   0.083 0.036 0.002 0.032 0.035 0.051 0.063 0.699 
 200 F _   0.083 0.039 0.002 0.035 0.036 0.050 0.063 0.692 
 201 L _   0.081 0.041 0.002 0.036 0.034 0.048 0.064 0.695 
 202 G _   0.077 0.040 0.002 0.034 0.031 0.044 0.065 0.707 
 203 E _   0.071 0.037 0.002 0.031 0.027 0.040 0.066 0.726 
 204 L _   0.064 0.032 0.002 0.026 0.022 0.036 0.068 0.750 
 205 K _   0.057 0.026 0.001 0.021 0.017 0.031 0.069 0.777 
 206 T _   0.048 0.019 0.001 0.016 0.013 0.027 0.071 0.804 
 207 Q _   0.041 0.013 0.001 0.012 0.009 0.023 0.073 0.828 
 208 M _   0.033 0.008 0.001 0.009 0.007 0.020 0.075 0.847 
 209 T _   0.028 0.005 0.001 0.007 0.005 0.017 0.076 0.862 
 210 S _   0.024 0.003 0.000 0.005 0.004 0.015 0.077 0.872 
 211 A _   0.021 0.002 0.000 0.004 0.003 0.014 0.077 0.878 
 212 V _   0.019 0.001 0.000 0.004 0.003 0.014 0.077 0.881 
 213 R _   0.019 0.001 0.000 0.003 0.003 0.015 0.077 0.881 
 214 E _   0.021 0.001 0.000 0.003 0.003 0.017 0.077 0.878 
 215 P _   0.025 0.001 0.000 0.004 0.004 0.020 0.076 0.869 
 216 K _   0.031 0.002 0.001 0.005 0.006 0.025 0.075 0.855 
 217 L _   0.039 0.005 0.001 0.007 0.009 0.031 0.074 0.834 
 218 P _   0.050 0.010 0.001 0.009 0.014 0.037 0.073 0.806 
 219 V _   0.061 0.018 0.001 0.013 0.019 0.044 0.072 0.771 
 220 L _   0.073 0.029 0.002 0.017 0.025 0.050 0.070 0.733 
 221 A _   0.084 0.042 0.002 0.021 0.031 0.055 0.069 0.696 
 222 G _   0.094 0.053 0.002 0.023 0.036 0.058 0.068 0.665 
 223 C _   0.102 0.062 0.002 0.025 0.040 0.060 0.068 0.641 
 224 L _   0.108 0.070 0.002 0.026 0.042 0.060 0.068 0.624 
 225 K _   0.111 0.076 0.002 0.026 0.043 0.060 0.068 0.614 
 226 G _   0.113 0.080 0.002 0.027 0.042 0.058 0.069 0.609 
 227 L _   0.111 0.083 0.002 0.029 0.040 0.055 0.070 0.609 
 228 S _   0.107 0.084 0.002 0.030 0.037 0.051 0.072 0.617 
 229 S _   0.101 0.083 0.002 0.031 0.033 0.047 0.075 0.629 
 230 L _   0.092 0.081 0.002 0.032 0.028 0.042 0.078 0.646 
 231 L _   0.082 0.076 0.002 0.031 0.023 0.037 0.081 0.669 
 232 C _   0.070 0.068 0.001 0.029 0.018 0.031 0.085 0.697 
 233 N _   0.058 0.058 0.001 0.025 0.014 0.026 0.089 0.728 
 234 F _   0.047 0.046 0.001 0.021 0.010 0.021 0.093 0.761 
 235 T _   0.037 0.032 0.001 0.016 0.007 0.017 0.097 0.793 
 236 K _   0.028 0.020 0.001 0.011 0.005 0.014 0.100 0.822 
 237 S _   0.021 0.011 0.000 0.007 0.003 0.011 0.102 0.845 
 238 M _   0.015 0.005 0.000 0.005 0.002 0.008 0.104 0.861 
 239 E _   0.011 0.002 0.000 0.003 0.002 0.007 0.104 0.871 
 240 E _   0.009 0.001 0.000 0.002 0.001 0.006 0.104 0.877 
 241 D _   0.008 0.000 0.000 0.001 0.001 0.007 0.103 0.878 
 242 P _   0.009 0.000 0.000 0.001 0.001 0.009 0.102 0.876 
 243 Q _   0.013 0.001 0.000 0.002 0.002 0.013 0.100 0.869 
 244 T _   0.020 0.002 0.000 0.003 0.004 0.019 0.098 0.854 
 245 S _   0.031 0.006 0.001 0.006 0.008 0.029 0.094 0.826 
 246 R _   0.045 0.020 0.001 0.012 0.017 0.040 0.089 0.777 
 247 E _   0.057 0.051 0.002 0.023 0.028 0.051 0.083 0.705 
 248 I _   0.066 0.096 0.003 0.037 0.040 0.059 0.076 0.624 
 249 F _   0.072 0.139 0.003 0.052 0.047 0.062 0.071 0.555 
 250 N _   0.074 0.168 0.003 0.064 0.051 0.063 0.067 0.510 
 251 F _   0.076 0.184 0.003 0.072 0.052 0.062 0.064 0.489 
 252 V _   0.075 0.190 0.003 0.074 0.050 0.059 0.062 0.488 
 253 L _   0.072 0.188 0.003 0.071 0.047 0.055 0.062 0.503 
 254 K _   0.068 0.178 0.003 0.063 0.041 0.050 0.061 0.536 
 255 A _   0.062 0.157 0.003 0.052 0.034 0.044 0.062 0.587 
 256 I _   0.055 0.123 0.002 0.039 0.026 0.038 0.063 0.654 
 257 R _   0.048 0.084 0.002 0.026 0.019 0.032 0.064 0.726 
 258 P _   0.040 0.048 0.001 0.017 0.012 0.027 0.064 0.790 
 259 Q _   0.033 0.024 0.001 0.010 0.008 0.023 0.065 0.837 
 260 I _   0.027 0.011 0.001 0.006 0.005 0.020 0.064 0.866 
 261 D _   0.023 0.005 0.000 0.004 0.004 0.018 0.064 0.882 
 262 L _   0.021 0.002 0.000 0.003 0.003 0.018 0.063 0.889 
 263 K _   0.022 0.001 0.000 0.003 0.003 0.018 0.062 0.891 
 264 R _   0.024 0.001 0.000 0.003 0.003 0.020 0.060 0.888 
 265 Y _   0.029 0.001 0.000 0.004 0.004 0.024 0.058 0.879 
 266 A _   0.038 0.001 0.001 0.005 0.006 0.029 0.056 0.864 
 267 V _   0.050 0.002 0.001 0.007 0.010 0.036 0.053 0.843 
 268 P _   0.066 0.004 0.001 0.009 0.015 0.044 0.050 0.812 
 269 S _   0.087 0.006 0.001 0.012 0.022 0.052 0.046 0.773 
 270 A _   0.110 0.010 0.002 0.016 0.030 0.060 0.042 0.729 
 271 G _   0.134 0.013 0.002 0.020 0.039 0.067 0.039 0.685 
 272 L _   0.156 0.016 0.002 0.024 0.047 0.072 0.036 0.647 
 273 R _   0.174 0.018 0.003 0.026 0.052 0.074 0.033 0.618 
 274 L _   0.190 0.019 0.003 0.027 0.055 0.074 0.031 0.602 
 275 F _   0.202 0.019 0.003 0.026 0.055 0.073 0.029 0.594 
 276 A _   0.212 0.017 0.002 0.023 0.052 0.070 0.027 0.596 
 277 L _   0.219 0.015 0.002 0.020 0.047 0.066 0.026 0.605 
 278 H _   0.223 0.012 0.002 0.017 0.041 0.061 0.025 0.620 
 279 A _   0.226 0.008 0.002 0.013 0.034 0.055 0.024 0.637 
 280 S _   0.227 0.005 0.002 0.010 0.027 0.050 0.023 0.655 
 281 Q _   0.227 0.003 0.001 0.008 0.022 0.044 0.023 0.671 
 282 F _   0.228 0.002 0.001 0.007 0.017 0.040 0.022 0.684 
 283 S _   0.229 0.001 0.001 0.005 0.013 0.035 0.022 0.694 
 284 T _   0.232 0.000 0.001 0.004 0.011 0.031 0.021 0.700 
 285 C _   0.238 0.000 0.001 0.003 0.008 0.028 0.020 0.701 
 286 L _   0.247 0.000 0.001 0.002 0.007 0.026 0.020 0.696 
 287 L _   0.262 0.000 0.001 0.002 0.007 0.026 0.019 0.684 
 288 D _   0.285 0.000 0.001 0.002 0.007 0.026 0.018 0.662 
 289 N _   0.315 0.000 0.001 0.001 0.009 0.027 0.017 0.630 
 290 Y _   0.349 0.000 0.001 0.002 0.011 0.028 0.017 0.592 
 291 V _   0.385 0.000 0.001 0.002 0.014 0.031 0.016 0.550 
 292 S _   0.419 0.000 0.001 0.002 0.019 0.033 0.016 0.510 
 293 L _   0.444 0.000 0.001 0.003 0.023 0.035 0.016 0.477 
 294 F H   0.460 0.000 0.002 0.005 0.028 0.036 0.016 0.453 
 295 E H   0.466 0.001 0.002 0.006 0.030 0.036 0.017 0.443 
 296 V H   0.460 0.001 0.002 0.007 0.032 0.036 0.018 0.445 
 297 L _   0.445 0.001 0.002 0.007 0.031 0.035 0.019 0.461 
 298 L _   0.419 0.001 0.002 0.007 0.029 0.033 0.020 0.489 
 299 K _   0.383 0.001 0.002 0.006 0.025 0.031 0.022 0.530 
 300 W _   0.340 0.000 0.002 0.005 0.021 0.029 0.024 0.580 
 301 C _   0.292 0.000 0.001 0.005 0.016 0.026 0.026 0.633 
 302 A _   0.245 0.000 0.001 0.004 0.013 0.024 0.029 0.684 
 303 H _   0.203 0.000 0.001 0.004 0.010 0.023 0.031 0.729 
 304 T _   0.168 0.000 0.001 0.004 0.008 0.021 0.033 0.765 
 305 N _   0.140 0.000 0.001 0.004 0.007 0.020 0.034 0.794 
 306 V _   0.118 0.000 0.001 0.004 0.006 0.020 0.036 0.815 
 307 E _   0.102 0.000 0.001 0.004 0.006 0.020 0.037 0.830 
 308 L _   0.090 0.000 0.001 0.004 0.006 0.021 0.038 0.840 
 309 K _   0.081 0.000 0.001 0.004 0.007 0.022 0.039 0.847 
 310 K _   0.075 0.000 0.001 0.005 0.007 0.023 0.040 0.849 
 311 A _   0.071 0.001 0.001 0.005 0.008 0.024 0.041 0.849 
 312 A _   0.069 0.001 0.001 0.006 0.009 0.026 0.041 0.847 
 313 L _   0.068 0.001 0.001 0.007 0.010 0.027 0.042 0.843 
 314 S _   0.068 0.002 0.001 0.008 0.011 0.029 0.043 0.838 
 315 A _   0.068 0.003 0.001 0.010 0.013 0.030 0.044 0.832 
 316 L _   0.068 0.003 0.001 0.011 0.014 0.030 0.044 0.828 
 317 E _   0.067 0.004 0.001 0.012 0.015 0.031 0.045 0.824 
 318 S _   0.066 0.005 0.001 0.013 0.015 0.031 0.046 0.823 
 319 F _   0.065 0.005 0.001 0.013 0.015 0.030 0.048 0.822 
 320 L _   0.063 0.006 0.001 0.013 0.015 0.030 0.049 0.823 
 321 K _   0.061 0.006 0.001 0.013 0.014 0.028 0.051 0.826 
 322 Q _   0.058 0.006 0.001 0.013 0.013 0.027 0.052 0.828 
 323 V _   0.054 0.007 0.001 0.014 0.013 0.026 0.054 0.831 
 324 S _   0.050 0.007 0.001 0.015 0.012 0.024 0.056 0.834 
 325 N _   0.046 0.007 0.001 0.016 0.011 0.022 0.059 0.838 
 326 M _   0.042 0.007 0.001 0.016 0.010 0.021 0.061 0.843 
 327 V _   0.037 0.006 0.001 0.015 0.008 0.019 0.063 0.851 
 328 A _   0.032 0.005 0.001 0.013 0.007 0.017 0.066 0.859 
 329 K _   0.027 0.004 0.001 0.011 0.006 0.014 0.068 0.869 
 330 N _   0.022 0.003 0.001 0.008 0.004 0.013 0.070 0.879 
 331 A _   0.018 0.002 0.000 0.006 0.003 0.011 0.071 0.888 
 332 E _   0.015 0.001 0.000 0.004 0.002 0.010 0.072 0.894 
 333 M _   0.013 0.001 0.000 0.003 0.002 0.010 0.073 0.898 
 334 H _   0.013 0.000 0.000 0.002 0.002 0.010 0.073 0.899 
 335 K _   0.014 0.001 0.000 0.002 0.002 0.012 0.073 0.896 
 336 N _   0.017 0.001 0.000 0.003 0.003 0.015 0.072 0.889 
 337 K _   0.022 0.003 0.000 0.004 0.005 0.020 0.072 0.875 
 338 L _   0.029 0.008 0.001 0.007 0.009 0.027 0.070 0.850 
 339 Q _   0.036 0.021 0.001 0.012 0.015 0.035 0.068 0.811 
 340 Y _   0.043 0.048 0.002 0.021 0.024 0.042 0.066 0.754 
 341 F _   0.048 0.085 0.002 0.033 0.032 0.047 0.063 0.688 
 342 M _   0.051 0.123 0.003 0.048 0.039 0.049 0.061 0.627 
 343 E _   0.051 0.153 0.003 0.060 0.041 0.049 0.060 0.582 
 344 Q _   0.050 0.171 0.002 0.070 0.042 0.047 0.060 0.557 
 345 F _   0.048 0.179 0.002 0.076 0.040 0.045 0.060 0.550 
 346 Y _   0.045 0.181 0.002 0.076 0.036 0.041 0.061 0.557 
 347 G _   0.041 0.174 0.002 0.071 0.031 0.036 0.063 0.580 
 348 I _   0.037 0.159 0.002 0.062 0.025 0.031 0.066 0.617 
 349 I _   0.032 0.133 0.002 0.048 0.019 0.026 0.069 0.670 
 350 R _   0.027 0.097 0.002 0.034 0.013 0.021 0.073 0.734 
 351 N _   0.022 0.058 0.001 0.020 0.008 0.017 0.076 0.797 
 352 V _   0.016 0.029 0.001 0.011 0.005 0.013 0.079 0.847 
 353 D _   0.012 0.013 0.000 0.006 0.003 0.010 0.080 0.877 
 354 S _   0.009 0.006 0.000 0.003 0.002 0.008 0.080 0.892 
 355 N _   0.007 0.004 0.000 0.002 0.001 0.008 0.080 0.898 
 356 N _   0.007 0.004 0.000 0.002 0.002 0.009 0.079 0.897 
 357 K _   0.009 0.005 0.000 0.003 0.002 0.012 0.077 0.892 
 358 E _   0.012 0.010 0.000 0.006 0.004 0.016 0.075 0.877 
 359 L _   0.015 0.023 0.001 0.011 0.008 0.022 0.072 0.847 
 360 S _   0.019 0.052 0.001 0.020 0.013 0.028 0.068 0.799 
 361 I _   0.021 0.094 0.002 0.032 0.019 0.034 0.063 0.736 
 362 A _   0.023 0.137 0.002 0.043 0.024 0.037 0.058 0.675 
 363 I _   0.024 0.171 0.002 0.053 0.028 0.040 0.054 0.629 
 364 R _   0.025 0.193 0.002 0.060 0.030 0.041 0.051 0.598 
 365 G _   0.025 0.205 0.002 0.064 0.032 0.041 0.049 0.582 
 366 Y _   0.026 0.210 0.002 0.065 0.032 0.041 0.048 0.577 
 367 G _   0.026 0.209 0.002 0.062 0.031 0.040 0.047 0.583 
 368 L _   0.026 0.203 0.002 0.058 0.029 0.038 0.047 0.598 
 369 F _   0.026 0.190 0.002 0.051 0.026 0.035 0.047 0.622 
 370 A _   0.025 0.170 0.002 0.044 0.023 0.033 0.048 0.656 
 371 G _   0.024 0.144 0.002 0.036 0.019 0.030 0.049 0.697 
 372 P _   0.023 0.113 0.002 0.028 0.015 0.027 0.051 0.741 
 373 C _   0.021 0.082 0.001 0.021 0.011 0.025 0.052 0.786 
 374 K _   0.020 0.057 0.001 0.015 0.009 0.023 0.053 0.823 
 375 V _   0.018 0.038 0.001 0.010 0.006 0.021 0.054 0.850 
 376 I _   0.018 0.027 0.001 0.007 0.005 0.021 0.055 0.867 
 377 N _   0.018 0.021 0.000 0.005 0.004 0.021 0.055 0.875 
 378 A _   0.020 0.019 0.000 0.005 0.004 0.022 0.055 0.875 
 379 K _   0.024 0.019 0.001 0.005 0.005 0.025 0.054 0.868 
 380 D _   0.029 0.020 0.001 0.006 0.007 0.029 0.054 0.854 
 381 V _   0.036 0.025 0.001 0.008 0.011 0.034 0.053 0.832 
 382 D _   0.043 0.034 0.001 0.012 0.015 0.039 0.052 0.803 
 383 F _   0.050 0.047 0.001 0.017 0.020 0.043 0.051 0.770 
 384 M _   0.056 0.062 0.002 0.023 0.024 0.047 0.051 0.736 
 385 Y _   0.060 0.077 0.002 0.027 0.027 0.049 0.050 0.708 
 386 V _   0.062 0.088 0.002 0.030 0.029 0.050 0.050 0.689 
 387 E _   0.063 0.096 0.002 0.031 0.029 0.049 0.050 0.678 
 388 L _   0.062 0.101 0.002 0.031 0.029 0.048 0.051 0.676 
 389 I _   0.060 0.104 0.002 0.031 0.027 0.046 0.052 0.679 
 390 Q _   0.057 0.104 0.002 0.030 0.026 0.044 0.053 0.685 
 391 R _   0.053 0.104 0.002 0.030 0.023 0.041 0.054 0.694 
 392 C _   0.049 0.102 0.001 0.030 0.021 0.037 0.055 0.705 
 393 K _   0.043 0.098 0.001 0.031 0.018 0.034 0.057 0.717 
 394 Q _   0.038 0.093 0.001 0.031 0.016 0.030 0.059 0.732 
 395 M _   0.033 0.086 0.001 0.030 0.013 0.026 0.061 0.750 
 396 F _   0.028 0.076 0.001 0.027 0.011 0.022 0.063 0.772 
 397 L _   0.023 0.063 0.001 0.023 0.009 0.018 0.065 0.798 
 398 T _   0.019 0.047 0.001 0.018 0.006 0.015 0.068 0.827 
 399 Q _   0.015 0.031 0.001 0.013 0.005 0.012 0.069 0.855 
 400 T _   0.012 0.018 0.000 0.009 0.003 0.009 0.071 0.878 
 401 D _   0.009 0.009 0.000 0.006 0.002 0.007 0.071 0.895 
 402 T _   0.008 0.004 0.000 0.004 0.002 0.006 0.071 0.906 
 403 G _   0.007 0.002 0.000 0.002 0.001 0.006 0.071 0.911 
 404 D _   0.008 0.001 0.000 0.002 0.001 0.006 0.070 0.912 
 405 D _   0.010 0.000 0.000 0.002 0.001 0.008 0.069 0.910 
 406 R _   0.015 0.000 0.000 0.002 0.002 0.010 0.067 0.903 
 407 V _   0.026 0.000 0.000 0.003 0.003 0.014 0.064 0.890 
 408 Y _   0.043 0.000 0.000 0.004 0.004 0.020 0.061 0.868 
 409 Q _   0.069 0.000 0.001 0.005 0.008 0.028 0.057 0.834 
 410 M _   0.106 0.000 0.001 0.006 0.013 0.037 0.051 0.786 
 411 P _   0.153 0.001 0.001 0.007 0.020 0.046 0.046 0.726 
 412 S _   0.208 0.001 0.002 0.008 0.030 0.055 0.040 0.656 
 413 F _   0.263 0.001 0.002 0.009 0.041 0.063 0.035 0.587 
 414 L _   0.315 0.002 0.002 0.009 0.052 0.068 0.030 0.522 
 415 Q _   0.359 0.002 0.003 0.010 0.061 0.070 0.027 0.469 
 416 S _   0.394 0.002 0.003 0.010 0.066 0.070 0.024 0.431 
 417 V H   0.420 0.003 0.003 0.011 0.067 0.068 0.023 0.406 
 418 A H   0.435 0.003 0.003 0.012 0.066 0.064 0.021 0.396 
 419 S H   0.440 0.003 0.003 0.012 0.062 0.059 0.021 0.401 
 420 V H   0.435 0.003 0.003 0.011 0.055 0.054 0.020 0.419 
 421 L _   0.418 0.002 0.002 0.009 0.046 0.049 0.020 0.453 
 422 L _   0.388 0.002 0.002 0.008 0.037 0.043 0.020 0.501 
 423 Y _   0.347 0.001 0.002 0.006 0.027 0.037 0.020 0.560 
 424 L _   0.298 0.000 0.001 0.004 0.019 0.033 0.020 0.623 
 425 D _   0.252 0.000 0.001 0.003 0.013 0.029 0.021 0.682 
 426 T _   0.210 0.000 0.001 0.002 0.009 0.026 0.021 0.731 
 427 V _   0.176 0.000 0.001 0.002 0.006 0.024 0.021 0.770 
 428 P _   0.153 0.000 0.001 0.002 0.005 0.024 0.021 0.795 
 429 E _   0.140 0.000 0.001 0.002 0.005 0.025 0.020 0.808 
 430 V _   0.134 0.000 0.001 0.002 0.006 0.027 0.020 0.811 
 431 Y _   0.133 0.000 0.001 0.002 0.008 0.030 0.020 0.805 
 432 T _   0.137 0.001 0.001 0.004 0.012 0.035 0.019 0.792 
 433 P _   0.142 0.002 0.001 0.006 0.017 0.040 0.019 0.772 
 434 V _   0.147 0.006 0.002 0.010 0.024 0.045 0.018 0.747 
 435 L _   0.151 0.012 0.002 0.016 0.032 0.049 0.018 0.721 
 436 E _   0.150 0.019 0.002 0.023 0.038 0.052 0.017 0.698 
 437 H _   0.147 0.026 0.002 0.030 0.041 0.052 0.017 0.684 
 438 L _   0.140 0.031 0.002 0.037 0.042 0.050 0.017 0.681 
 439 V _   0.130 0.033 0.002 0.040 0.040 0.047 0.017 0.691 
 440 V _   0.117 0.033 0.002 0.040 0.034 0.042 0.018 0.714 
 441 M _   0.101 0.030 0.002 0.035 0.028 0.036 0.018 0.750 
 442 Q _   0.084 0.024 0.002 0.028 0.020 0.030 0.019 0.792 
 443 I _   0.070 0.017 0.001 0.019 0.014 0.024 0.019 0.835 
 444 D _   0.057 0.010 0.001 0.012 0.009 0.019 0.020 0.873 
 445 S _   0.048 0.004 0.001 0.007 0.005 0.014 0.020 0.902 
 446 F _   0.042 0.001 0.000 0.003 0.003 0.011 0.019 0.920 
 447 P _   0.041 0.000 0.000 0.002 0.002 0.009 0.019 0.927 
 448 Q _   0.046 0.000 0.000 0.001 0.002 0.008 0.018 0.925 
 449 Y _   0.059 0.000 0.000 0.001 0.002 0.008 0.016 0.914 
 450 S _   0.086 0.000 0.000 0.001 0.003 0.009 0.015 0.887 
 451 P _   0.133 0.000 0.000 0.001 0.004 0.010 0.013 0.838 
 452 K _   0.205 0.000 0.001 0.001 0.005 0.012 0.011 0.764 
 453 M _   0.300 0.000 0.001 0.001 0.008 0.014 0.009 0.667 
 454 Q _   0.408 0.000 0.001 0.001 0.010 0.016 0.007 0.557 
 455 L H   0.516 0.000 0.001 0.001 0.013 0.017 0.005 0.447 
 456 V H   0.615 0.000 0.001 0.001 0.016 0.017 0.003 0.346 
 457 C H   0.697 0.000 0.001 0.001 0.018 0.016 0.002 0.264 
 458 C H   0.760 0.000 0.001 0.001 0.019 0.015 0.002 0.202 
 459 R H   0.805 0.000 0.001 0.001 0.019 0.014 0.001 0.159 
 460 A H   0.834 0.000 0.001 0.001 0.019 0.012 0.001 0.131 
 461 I H   0.852 0.000 0.001 0.001 0.019 0.011 0.001 0.116 
 462 V H   0.857 0.000 0.001 0.001 0.019 0.010 0.001 0.112 
 463 K H   0.851 0.000 0.001 0.001 0.018 0.010 0.001 0.118 
 464 V H   0.834 0.000 0.001 0.001 0.018 0.009 0.001 0.136 
 465 F H   0.804 0.000 0.001 0.001 0.017 0.009 0.001 0.166 
 466 L H   0.759 0.000 0.001 0.001 0.016 0.010 0.001 0.211 
 467 A H   0.700 0.000 0.001 0.001 0.014 0.010 0.002 0.272 
 468 L H   0.628 0.000 0.001 0.001 0.011 0.010 0.002 0.346 
 469 A H   0.556 0.000 0.001 0.001 0.009 0.010 0.003 0.420 
 470 A H   0.492 0.000 0.001 0.001 0.007 0.010 0.003 0.487 
 471 K _   0.441 0.000 0.001 0.001 0.005 0.010 0.004 0.538 
 472 G _   0.407 0.000 0.001 0.001 0.005 0.010 0.004 0.573 
 473 P _   0.389 0.000 0.000 0.001 0.004 0.011 0.004 0.591 
 474 V _   0.385 0.000 0.001 0.001 0.005 0.012 0.004 0.592 
 475 L _   0.395 0.000 0.001 0.001 0.005 0.014 0.004 0.579 
 476 R _   0.416 0.000 0.001 0.001 0.007 0.016 0.005 0.554 
 477 N _   0.448 0.000 0.001 0.001 0.009 0.019 0.005 0.517 
 478 C H   0.486 0.000 0.001 0.002 0.012 0.022 0.005 0.473 
 479 I H   0.527 0.000 0.001 0.002 0.016 0.025 0.005 0.425 
 480 S H   0.564 0.000 0.001 0.002 0.020 0.027 0.005 0.381 
 481 T H   0.596 0.000 0.001 0.002 0.024 0.029 0.005 0.341 
 482 V H   0.621 0.000 0.002 0.003 0.028 0.031 0.006 0.309 
 483 V H   0.640 0.000 0.002 0.003 0.032 0.032 0.007 0.285 
 484 H H   0.645 0.000 0.002 0.004 0.035 0.033 0.008 0.274 
 485 Q H   0.639 0.001 0.002 0.005 0.038 0.033 0.009 0.274 
 486 G H   0.623 0.001 0.002 0.005 0.039 0.034 0.011 0.285 
 487 L H   0.596 0.001 0.002 0.007 0.039 0.034 0.014 0.308 
 488 I H   0.554 0.002 0.002 0.008 0.039 0.033 0.017 0.345 
 489 R H   0.499 0.002 0.002 0.010 0.037 0.033 0.021 0.395 
 490 I _   0.434 0.002 0.002 0.012 0.033 0.032 0.026 0.457 
 491 C _   0.365 0.003 0.002 0.014 0.028 0.030 0.032 0.525 
 492 S _   0.295 0.003 0.002 0.016 0.023 0.028 0.038 0.594 
 493 K _   0.228 0.003 0.002 0.017 0.018 0.025 0.045 0.661 
 494 P _   0.170 0.004 0.001 0.017 0.014 0.022 0.052 0.721 
 495 V _   0.124 0.003 0.001 0.015 0.010 0.019 0.057 0.769 
 496 V _   0.087 0.003 0.001 0.014 0.007 0.016 0.063 0.809 
 497 L _   0.060 0.003 0.001 0.011 0.005 0.013 0.067 0.839 
 498 P _   0.041 0.003 0.000 0.009 0.004 0.011 0.071 0.861 
 499 K _   0.028 0.003 0.000 0.007 0.003 0.009 0.073 0.877 
 500 G _   0.019 0.003 0.000 0.006 0.002 0.008 0.075 0.888 
 501 P _   0.013 0.003 0.000 0.005 0.002 0.006 0.077 0.894 
 502 E _   0.009 0.003 0.000 0.004 0.001 0.006 0.077 0.899 
 503 S _   0.007 0.005 0.000 0.004 0.001 0.006 0.077 0.900 
 504 E _   0.006 0.007 0.000 0.004 0.001 0.006 0.076 0.899 
 505 S _   0.005 0.011 0.000 0.005 0.002 0.006 0.075 0.895 
 506 E _   0.005 0.018 0.000 0.007 0.002 0.007 0.073 0.887 
 507 D _   0.005 0.031 0.000 0.010 0.003 0.008 0.070 0.872 
 508 H _   0.005 0.052 0.001 0.013 0.004 0.009 0.067 0.849 
 509 R _   0.005 0.082 0.001 0.018 0.005 0.011 0.062 0.817 
 510 A _   0.005 0.119 0.001 0.022 0.006 0.011 0.057 0.779 
 511 S _   0.005 0.161 0.001 0.025 0.007 0.012 0.052 0.738 
 512 G _   0.005 0.201 0.001 0.029 0.007 0.012 0.047 0.698 
 513 E _   0.005 0.237 0.001 0.030 0.007 0.012 0.043 0.664 
 514 V _   0.005 0.266 0.001 0.031 0.007 0.012 0.040 0.638 
 515 R _   0.004 0.287 0.001 0.031 0.007 0.012 0.037 0.620 
 516 T _   0.005 0.302 0.001 0.030 0.007 0.012 0.036 0.607 
 517 G _   0.005 0.312 0.001 0.028 0.007 0.012 0.034 0.601 
 518 K _   0.005 0.318 0.001 0.026 0.007 0.012 0.033 0.599 
 519 W _   0.005 0.320 0.001 0.023 0.006 0.012 0.033 0.601 
 520 K _   0.005 0.320 0.001 0.020 0.006 0.012 0.032 0.605 
 521 V _   0.006 0.319 0.001 0.016 0.005 0.012 0.032 0.609 
 522 P _   0.006 0.317 0.001 0.014 0.005 0.012 0.032 0.614 
 523 T _   0.007 0.316 0.001 0.012 0.005 0.013 0.031 0.616 
 524 Y _   0.007 0.317 0.001 0.011 0.005 0.014 0.031 0.615 
 525 K _   0.008 0.320 0.001 0.011 0.006 0.015 0.031 0.609 
 526 D _   0.009 0.326 0.001 0.013 0.007 0.017 0.030 0.598 
 527 Y _   0.010 0.336 0.001 0.015 0.008 0.018 0.029 0.582 
 528 V _   0.011 0.347 0.001 0.019 0.010 0.020 0.029 0.564 
 529 D _   0.012 0.359 0.001 0.022 0.011 0.020 0.028 0.546 
 530 L _   0.013 0.367 0.001 0.025 0.012 0.021 0.028 0.533 
 531 F _   0.013 0.371 0.001 0.027 0.013 0.021 0.028 0.527 
 532 R _   0.013 0.370 0.001 0.028 0.012 0.020 0.028 0.527 
 533 H _   0.013 0.364 0.001 0.027 0.012 0.020 0.028 0.536 
 534 L _   0.012 0.352 0.001 0.024 0.011 0.019 0.029 0.552 
 535 L _   0.012 0.334 0.001 0.021 0.010 0.018 0.029 0.574 
 536 S _   0.012 0.313 0.001 0.018 0.010 0.018 0.030 0.598 
 537 S _   0.013 0.292 0.001 0.015 0.009 0.018 0.031 0.621 
 538 D _   0.014 0.274 0.001 0.013 0.008 0.019 0.032 0.640 
 539 Q _   0.014 0.260 0.001 0.011 0.008 0.019 0.033 0.654 
 540 M _   0.015 0.250 0.001 0.011 0.007 0.019 0.034 0.662 
 541 M _   0.016 0.244 0.001 0.012 0.008 0.020 0.035 0.665 
 542 D _   0.017 0.240 0.001 0.013 0.008 0.020 0.036 0.665 
 543 S _   0.018 0.237 0.001 0.015 0.009 0.021 0.036 0.663 
 544 I _   0.018 0.235 0.001 0.018 0.010 0.021 0.037 0.660 
 545 L _   0.019 0.233 0.001 0.021 0.011 0.021 0.038 0.657 
 546 A _   0.019 0.229 0.001 0.023 0.012 0.021 0.039 0.657 
 547 D _   0.019 0.222 0.001 0.025 0.012 0.021 0.040 0.660 
 548 E _   0.018 0.212 0.001 0.027 0.012 0.020 0.042 0.669 
 549 A _   0.017 0.197 0.001 0.027 0.012 0.019 0.044 0.684 
 550 F _   0.016 0.177 0.001 0.025 0.011 0.017 0.046 0.706 
 551 F _   0.015 0.151 0.001 0.023 0.010 0.016 0.049 0.736 
 552 S _   0.014 0.120 0.001 0.019 0.008 0.015 0.051 0.771 
 553 V _   0.013 0.089 0.001 0.016 0.007 0.014 0.054 0.807 
 554 N _   0.011 0.061 0.001 0.013 0.006 0.013 0.057 0.839 
 555 S _   0.010 0.040 0.001 0.010 0.005 0.012 0.059 0.864 
 556 S _   0.010 0.026 0.001 0.007 0.004 0.011 0.061 0.880 
 557 S _   0.009 0.018 0.000 0.006 0.003 0.011 0.063 0.889 
 558 E _   0.010 0.013 0.000 0.005 0.003 0.012 0.064 0.893 
 559 S _   0.011 0.010 0.000 0.005 0.003 0.013 0.065 0.892 
 560 L _   0.012 0.009 0.000 0.006 0.004 0.015 0.066 0.889 
 561 N _   0.015 0.008 0.001 0.007 0.005 0.017 0.067 0.882 
 562 H _   0.018 0.008 0.001 0.008 0.006 0.019 0.067 0.874 
 563 L _   0.021 0.008 0.001 0.009 0.007 0.022 0.068 0.864 
 564 L _   0.025 0.008 0.001 0.011 0.009 0.025 0.069 0.853 
 565 Y _   0.030 0.008 0.001 0.012 0.011 0.028 0.070 0.842 
 566 D _   0.034 0.008 0.001 0.012 0.012 0.030 0.071 0.830 
 567 E _   0.039 0.009 0.001 0.013 0.014 0.032 0.073 0.820 
 568 F _   0.044 0.009 0.001 0.013 0.015 0.034 0.074 0.810 
 569 V _   0.048 0.009 0.001 0.014 0.016 0.036 0.076 0.800 
 570 K _   0.052 0.009 0.001 0.014 0.017 0.037 0.078 0.792 
 571 S _   0.055 0.009 0.001 0.014 0.017 0.037 0.081 0.787 
 572 V _   0.057 0.009 0.001 0.013 0.016 0.036 0.084 0.784 
 573 L _   0.057 0.008 0.001 0.013 0.015 0.036 0.087 0.783 
 574 K _   0.057 0.008 0.001 0.012 0.014 0.035 0.090 0.784 
 575 I _   0.056 0.008 0.001 0.010 0.013 0.034 0.093 0.785 
 576 V _   0.055 0.007 0.001 0.009 0.012 0.033 0.096 0.786 
 577 E _   0.053 0.008 0.001 0.009 0.012 0.032 0.099 0.786 
 578 K _   0.051 0.008 0.001 0.010 0.012 0.031 0.103 0.784 
 579 L _   0.049 0.010 0.001 0.011 0.012 0.031 0.106 0.779 
 580 D _   0.047 0.012 0.001 0.015 0.013 0.030 0.110 0.772 
 581 L _   0.044 0.015 0.001 0.019 0.014 0.029 0.114 0.764 
 582 T _   0.040 0.017 0.001 0.024 0.014 0.028 0.119 0.757 
 583 L _   0.036 0.019 0.001 0.027 0.014 0.026 0.124 0.753 
 584 E _   0.032 0.020 0.001 0.029 0.013 0.023 0.130 0.752 
 585 I _   0.027 0.019 0.001 0.029 0.011 0.020 0.136 0.756 
 586 Q _   0.023 0.018 0.001 0.026 0.009 0.017 0.142 0.765 
 587 T _   0.018 0.015 0.001 0.020 0.007 0.014 0.149 0.777 
 588 V _   0.014 0.011 0.001 0.015 0.005 0.011 0.155 0.789 
 589 G _   0.011 0.007 0.000 0.009 0.003 0.008 0.160 0.800 
 590 E _   0.009 0.005 0.000 0.006 0.002 0.007 0.163 0.808 
 591 Q _   0.007 0.003 0.000 0.003 0.001 0.005 0.166 0.813 
 592 E _   0.005 0.003 0.000 0.002 0.001 0.005 0.168 0.815 
 593 N _   0.005 0.003 0.000 0.002 0.001 0.005 0.169 0.814 
 594 G _   0.005 0.004 0.000 0.003 0.002 0.007 0.170 0.810 
 595 D _   0.006 0.008 0.000 0.005 0.003 0.009 0.170 0.799 
 596 E _   0.008 0.018 0.001 0.011 0.005 0.012 0.169 0.776 
 597 A _   0.010 0.041 0.001 0.022 0.008 0.016 0.167 0.736 
 598 P _   0.011 0.073 0.001 0.038 0.011 0.019 0.164 0.683 
 599 G _   0.011 0.103 0.001 0.054 0.014 0.021 0.162 0.634 
 600 V _   0.011 0.122 0.001 0.066 0.015 0.022 0.161 0.601 
 601 W _   0.010 0.132 0.001 0.073 0.015 0.021 0.162 0.585 
 602 M _   0.010 0.135 0.001 0.074 0.014 0.020 0.164 0.582 
 603 I _   0.009 0.132 0.001 0.069 0.013 0.018 0.167 0.591 
 604 P _   0.008 0.122 0.001 0.059 0.011 0.016 0.171 0.610 
 605 T _   0.008 0.105 0.001 0.046 0.009 0.014 0.177 0.639 
 606 S _   0.008 0.082 0.001 0.033 0.007 0.012 0.183 0.673 
 607 D _   0.007 0.057 0.001 0.023 0.005 0.010 0.190 0.707 
 608 P _   0.007 0.035 0.001 0.015 0.004 0.009 0.196 0.735 
 609 A _   0.006 0.020 0.000 0.010 0.003 0.007 0.200 0.753 
 610 A _   0.005 0.011 0.000 0.006 0.002 0.006 0.203 0.765 
 611 N _   0.005 0.006 0.000 0.005 0.001 0.006 0.205 0.772 
 612 L _   0.004 0.003 0.000 0.004 0.001 0.006 0.205 0.776 
 613 H _   0.004 0.002 0.000 0.003 0.001 0.006 0.205 0.779 
 614 P _   0.005 0.001 0.000 0.003 0.001 0.007 0.203 0.780 
 615 A _   0.006 0.001 0.000 0.003 0.001 0.008 0.201 0.780 
 616 K _   0.008 0.001 0.000 0.003 0.002 0.011 0.198 0.778 
 617 P _   0.013 0.001 0.000 0.003 0.002 0.016 0.194 0.771 
 618 K _   0.023 0.001 0.000 0.004 0.004 0.023 0.188 0.757 
 619 D _   0.038 0.002 0.001 0.005 0.008 0.033 0.181 0.731 
 620 F _   0.061 0.005 0.001 0.007 0.015 0.046 0.173 0.691 
 621 S _   0.088 0.013 0.002 0.012 0.027 0.060 0.164 0.635 
 622 A _   0.116 0.026 0.002 0.018 0.042 0.073 0.154 0.569 
 623 F _   0.140 0.043 0.003 0.026 0.057 0.082 0.146 0.504 
 624 I _   0.159 0.062 0.003 0.035 0.067 0.086 0.139 0.450 
 625 N _   0.170 0.076 0.003 0.043 0.071 0.086 0.134 0.417 
 626 L _   0.174 0.085 0.003 0.049 0.071 0.083 0.131 0.403 
 627 V _   0.173 0.089 0.003 0.052 0.068 0.077 0.130 0.407 
 628 E _   0.166 0.087 0.003 0.051 0.062 0.071 0.129 0.430 
 629 F _   0.153 0.081 0.003 0.046 0.053 0.062 0.130 0.472 
 630 C _   0.135 0.068 0.003 0.037 0.042 0.053 0.131 0.530 
 631 R _   0.114 0.050 0.002 0.028 0.030 0.044 0.132 0.600 
 632 E _   0.090 0.030 0.002 0.018 0.020 0.036 0.133 0.670 
 633 I _   0.068 0.015 0.001 0.011 0.012 0.028 0.134 0.730 
 634 L _   0.049 0.006 0.001 0.007 0.007 0.022 0.135 0.774 
 635 P _   0.034 0.003 0.000 0.004 0.004 0.018 0.134 0.802 
 636 E _   0.026 0.001 0.000 0.003 0.003 0.016 0.133 0.818 
 637 K _   0.020 0.001 0.000 0.003 0.003 0.015 0.132 0.826 
 638 Q _   0.018 0.001 0.000 0.003 0.003 0.015 0.130 0.830 
 639 A _   0.017 0.001 0.000 0.004 0.003 0.016 0.128 0.830 
 640 E _   0.018 0.001 0.000 0.005 0.004 0.018 0.125 0.827 
 641 F _   0.020 0.002 0.001 0.007 0.006 0.021 0.122 0.822 
 642 F _   0.024 0.002 0.001 0.009 0.008 0.025 0.119 0.813 
 643 E _   0.028 0.004 0.001 0.011 0.010 0.028 0.116 0.802 
 644 P _   0.034 0.005 0.001 0.013 0.013 0.032 0.112 0.790 
 645 W _   0.041 0.006 0.001 0.014 0.016 0.036 0.109 0.776 
 646 V _   0.049 0.007 0.001 0.016 0.019 0.040 0.106 0.761 
 647 Y _   0.057 0.008 0.001 0.017 0.022 0.044 0.103 0.747 
 648 S _   0.065 0.008 0.002 0.018 0.025 0.046 0.101 0.734 
 649 F _   0.074 0.009 0.002 0.019 0.027 0.048 0.099 0.722 
 650 S _   0.082 0.009 0.002 0.020 0.028 0.049 0.098 0.714 
 651 Y _   0.088 0.009 0.002 0.019 0.027 0.048 0.097 0.710 
 652 E _   0.092 0.008 0.002 0.018 0.025 0.047 0.097 0.712 
 653 L _   0.094 0.006 0.002 0.015 0.022 0.045 0.096 0.719 
 654 I _   0.096 0.005 0.001 0.013 0.019 0.042 0.096 0.728 
 655 L _   0.097 0.003 0.001 0.010 0.015 0.040 0.097 0.737 
 656 Q _   0.097 0.002 0.001 0.007 0.013 0.038 0.096 0.746 
 657 S _   0.099 0.001 0.001 0.005 0.011 0.036 0.096 0.752 
 658 T _   0.102 0.000 0.001 0.004 0.009 0.035 0.096 0.752 
 659 R _   0.108 0.000 0.001 0.003 0.009 0.036 0.096 0.748 
 660 L _   0.115 0.000 0.001 0.003 0.010 0.037 0.096 0.738 
 661 P _   0.126 0.000 0.001 0.003 0.011 0.038 0.097 0.724 
 662 L _   0.138 0.000 0.001 0.004 0.013 0.041 0.097 0.706 
 663 I _   0.149 0.001 0.001 0.005 0.017 0.043 0.098 0.686 
