#TopoPred_TM8: 8-state transmembrane topology prediction results by no_profile mode 
#probabilities are in the order of H E C I L F X _, the 8 transmembrane topology types used in PDBTM 
   1 M X   0.010 0.000 0.001 0.018 0.006 0.007 0.692 0.266 
   2 G X   0.002 0.000 0.000 0.006 0.001 0.003 0.703 0.285 
   3 P X   0.001 0.000 0.000 0.002 0.000 0.002 0.704 0.290 
   4 A X   0.004 0.000 0.000 0.002 0.001 0.005 0.699 0.291 
   5 P X   0.018 0.000 0.000 0.002 0.002 0.014 0.684 0.279 
   6 L X   0.055 0.000 0.001 0.003 0.007 0.030 0.656 0.248 
   7 P X   0.099 0.001 0.001 0.005 0.015 0.046 0.625 0.208 
   8 L X   0.138 0.003 0.001 0.009 0.025 0.059 0.593 0.173 
   9 L X   0.165 0.007 0.002 0.015 0.036 0.067 0.562 0.147 
  10 L X   0.182 0.011 0.002 0.021 0.047 0.070 0.536 0.130 
  11 G X   0.194 0.015 0.002 0.025 0.054 0.071 0.515 0.124 
  12 L X   0.201 0.017 0.003 0.025 0.058 0.069 0.500 0.128 
  13 F X   0.205 0.017 0.002 0.023 0.058 0.065 0.489 0.141 
  14 L X   0.204 0.016 0.002 0.019 0.055 0.060 0.480 0.162 
  15 P X   0.198 0.014 0.002 0.016 0.050 0.055 0.474 0.191 
  16 A X   0.186 0.011 0.002 0.013 0.043 0.049 0.470 0.225 
  17 L X   0.170 0.009 0.002 0.011 0.034 0.043 0.468 0.263 
  18 W X   0.150 0.007 0.001 0.010 0.025 0.037 0.466 0.303 
  19 R X   0.127 0.005 0.001 0.009 0.018 0.032 0.466 0.341 
  20 R X   0.105 0.004 0.001 0.009 0.013 0.026 0.465 0.376 
  21 A X   0.084 0.004 0.001 0.008 0.010 0.022 0.465 0.406 
  22 I X   0.066 0.003 0.001 0.008 0.007 0.018 0.465 0.432 
  23 T X   0.050 0.002 0.001 0.007 0.005 0.015 0.464 0.455 
  24 E _   0.037 0.002 0.000 0.007 0.004 0.012 0.463 0.474 
  25 A _   0.027 0.002 0.000 0.006 0.003 0.010 0.462 0.489 
  26 R _   0.020 0.001 0.000 0.005 0.003 0.009 0.460 0.502 
  27 E _   0.015 0.001 0.000 0.005 0.002 0.007 0.458 0.512 
  28 E _   0.011 0.001 0.000 0.004 0.002 0.006 0.455 0.520 
  29 A _   0.008 0.001 0.000 0.004 0.002 0.006 0.452 0.527 
  30 K _   0.007 0.001 0.000 0.004 0.002 0.005 0.449 0.532 
  31 P _   0.006 0.001 0.000 0.004 0.002 0.005 0.445 0.537 
  32 Y _   0.005 0.002 0.000 0.004 0.002 0.005 0.441 0.541 
  33 P _   0.005 0.002 0.000 0.005 0.002 0.005 0.436 0.545 
  34 L _   0.005 0.003 0.000 0.006 0.002 0.005 0.431 0.549 
  35 F _   0.005 0.004 0.000 0.007 0.002 0.006 0.425 0.552 
  36 P _   0.005 0.005 0.000 0.008 0.002 0.006 0.419 0.555 
  37 G _   0.005 0.006 0.000 0.009 0.003 0.006 0.413 0.559 
  38 P _   0.005 0.007 0.000 0.010 0.003 0.006 0.407 0.562 
  39 F _   0.005 0.008 0.000 0.010 0.003 0.007 0.401 0.567 
  40 P _   0.005 0.009 0.000 0.011 0.003 0.007 0.395 0.571 
  41 G _   0.005 0.010 0.000 0.010 0.003 0.007 0.389 0.576 
  42 S _   0.005 0.010 0.000 0.010 0.003 0.007 0.383 0.582 
  43 L _   0.004 0.011 0.000 0.009 0.003 0.007 0.377 0.589 
  44 Q _   0.004 0.012 0.000 0.009 0.003 0.006 0.370 0.596 
  45 T _   0.004 0.013 0.000 0.008 0.003 0.007 0.364 0.602 
  46 D _   0.004 0.014 0.000 0.008 0.003 0.007 0.357 0.606 
  47 H _   0.004 0.016 0.000 0.008 0.003 0.007 0.350 0.611 
  48 T _   0.004 0.018 0.000 0.009 0.003 0.007 0.343 0.615 
  49 P _   0.005 0.021 0.000 0.010 0.003 0.008 0.336 0.617 
  50 L _   0.005 0.025 0.000 0.011 0.003 0.008 0.328 0.619 
  51 L _   0.005 0.029 0.000 0.012 0.004 0.009 0.320 0.621 
  52 S _   0.005 0.033 0.001 0.012 0.004 0.010 0.312 0.623 
  53 L _   0.005 0.038 0.001 0.013 0.004 0.010 0.304 0.625 
  54 P _   0.006 0.043 0.001 0.013 0.004 0.011 0.296 0.627 
  55 H _   0.006 0.048 0.001 0.014 0.005 0.012 0.287 0.627 
  56 A _   0.006 0.055 0.001 0.016 0.006 0.013 0.279 0.626 
  57 S _   0.007 0.062 0.001 0.018 0.006 0.014 0.271 0.622 
  58 G _   0.008 0.070 0.001 0.021 0.008 0.015 0.262 0.615 
  59 Y _   0.008 0.079 0.001 0.026 0.009 0.016 0.254 0.607 
  60 Q _   0.009 0.087 0.001 0.031 0.010 0.017 0.247 0.598 
  61 P _   0.010 0.094 0.001 0.035 0.011 0.018 0.240 0.591 
  62 A _   0.010 0.098 0.001 0.039 0.011 0.017 0.235 0.588 
  63 L _   0.010 0.099 0.001 0.040 0.011 0.017 0.231 0.591 
  64 M _   0.010 0.097 0.001 0.039 0.010 0.016 0.228 0.600 
  65 F _   0.009 0.091 0.001 0.035 0.009 0.014 0.225 0.615 
  66 S _   0.009 0.082 0.001 0.029 0.008 0.012 0.224 0.636 
  67 P _   0.008 0.069 0.001 0.022 0.006 0.011 0.222 0.661 
  68 T _   0.007 0.054 0.001 0.016 0.005 0.009 0.221 0.688 
  69 Q _   0.007 0.040 0.000 0.010 0.003 0.008 0.220 0.711 
  70 P _   0.006 0.031 0.000 0.007 0.002 0.007 0.218 0.728 
  71 G _   0.005 0.026 0.000 0.005 0.002 0.007 0.215 0.740 
  72 R _   0.005 0.024 0.000 0.004 0.002 0.007 0.212 0.746 
  73 P _   0.006 0.024 0.000 0.004 0.002 0.008 0.209 0.748 
  74 H _   0.006 0.026 0.000 0.006 0.003 0.009 0.204 0.746 
  75 T _   0.007 0.031 0.000 0.010 0.004 0.012 0.198 0.738 
  76 G _   0.008 0.040 0.001 0.016 0.006 0.014 0.191 0.724 
  77 N _   0.009 0.054 0.001 0.024 0.008 0.016 0.184 0.704 
  78 V _   0.010 0.068 0.001 0.033 0.010 0.018 0.177 0.684 
  79 A _   0.010 0.079 0.001 0.041 0.012 0.019 0.170 0.668 
  80 I _   0.010 0.085 0.001 0.045 0.013 0.019 0.165 0.661 
  81 P _   0.010 0.088 0.001 0.047 0.012 0.018 0.161 0.662 
  82 Q _   0.010 0.087 0.001 0.045 0.012 0.017 0.158 0.670 
  83 V _   0.009 0.082 0.001 0.039 0.010 0.016 0.156 0.686 
  84 T _   0.009 0.074 0.001 0.031 0.008 0.014 0.154 0.709 
  85 S _   0.008 0.062 0.001 0.022 0.006 0.012 0.153 0.735 
  86 V _   0.007 0.050 0.001 0.015 0.005 0.011 0.152 0.760 
  87 E _   0.007 0.040 0.000 0.009 0.003 0.010 0.150 0.780 
  88 S _   0.006 0.034 0.000 0.006 0.002 0.009 0.148 0.793 
  89 K _   0.006 0.031 0.000 0.005 0.002 0.009 0.146 0.801 
  90 P _   0.006 0.031 0.000 0.004 0.002 0.010 0.142 0.803 
  91 L _   0.007 0.033 0.000 0.005 0.003 0.012 0.139 0.800 
  92 P _   0.009 0.040 0.001 0.007 0.004 0.015 0.134 0.790 
  93 P _   0.011 0.055 0.001 0.011 0.007 0.018 0.127 0.770 
  94 L _   0.013 0.080 0.001 0.017 0.010 0.022 0.120 0.737 
  95 A _   0.014 0.115 0.001 0.024 0.013 0.025 0.112 0.696 
  96 F _   0.015 0.153 0.002 0.030 0.016 0.027 0.104 0.654 
  97 K _   0.015 0.186 0.002 0.036 0.018 0.028 0.097 0.619 
  98 H _   0.015 0.212 0.002 0.040 0.019 0.029 0.091 0.592 
  99 T _   0.015 0.231 0.002 0.043 0.020 0.029 0.086 0.575 
 100 V _   0.015 0.242 0.001 0.045 0.020 0.028 0.082 0.567 
 101 G _   0.015 0.248 0.001 0.045 0.019 0.027 0.079 0.565 
 102 H _   0.015 0.250 0.001 0.043 0.018 0.026 0.077 0.569 
 103 I _   0.015 0.247 0.001 0.040 0.017 0.025 0.075 0.579 
 104 I _   0.015 0.239 0.001 0.036 0.015 0.024 0.074 0.595 
 105 L _   0.015 0.227 0.001 0.032 0.014 0.022 0.073 0.616 
 106 S _   0.014 0.211 0.001 0.027 0.012 0.021 0.073 0.640 
 107 E _   0.014 0.193 0.001 0.023 0.011 0.020 0.072 0.667 
 108 H _   0.013 0.175 0.001 0.019 0.009 0.018 0.072 0.693 
 109 K _   0.012 0.160 0.001 0.016 0.008 0.017 0.072 0.715 
 110 G _   0.012 0.147 0.001 0.013 0.007 0.016 0.071 0.733 
 111 V _   0.011 0.138 0.001 0.012 0.006 0.016 0.071 0.746 
 112 K _   0.011 0.131 0.001 0.011 0.006 0.015 0.070 0.754 
 113 F _   0.011 0.127 0.001 0.011 0.006 0.015 0.070 0.760 
 114 N _   0.011 0.124 0.001 0.012 0.006 0.015 0.069 0.763 
 115 C _   0.011 0.121 0.001 0.013 0.006 0.015 0.068 0.765 
 116 S _   0.011 0.120 0.001 0.014 0.007 0.016 0.068 0.765 
 117 I _   0.011 0.119 0.001 0.015 0.007 0.016 0.067 0.764 
 118 S _   0.012 0.119 0.001 0.016 0.008 0.016 0.067 0.762 
 119 V _   0.012 0.118 0.001 0.018 0.008 0.017 0.066 0.760 
 120 P _   0.013 0.117 0.001 0.020 0.009 0.017 0.066 0.758 
 121 N _   0.013 0.115 0.001 0.021 0.009 0.017 0.066 0.758 
 122 I _   0.013 0.112 0.001 0.022 0.009 0.017 0.066 0.759 
 123 Y _   0.013 0.108 0.001 0.023 0.009 0.016 0.066 0.764 
 124 Q _   0.013 0.102 0.001 0.022 0.009 0.016 0.067 0.771 
 125 D _   0.012 0.094 0.001 0.021 0.008 0.015 0.068 0.781 
 126 T _   0.011 0.085 0.001 0.019 0.007 0.014 0.069 0.795 
 127 T _   0.010 0.074 0.001 0.016 0.006 0.013 0.070 0.810 
 128 I _   0.009 0.063 0.001 0.013 0.005 0.012 0.071 0.826 
 129 S _   0.008 0.054 0.001 0.011 0.004 0.011 0.071 0.841 
 130 W _   0.008 0.046 0.000 0.008 0.003 0.010 0.072 0.853 
 131 W _   0.007 0.041 0.000 0.006 0.003 0.010 0.072 0.861 
 132 K _   0.007 0.039 0.000 0.006 0.003 0.010 0.071 0.864 
 133 D _   0.007 0.039 0.000 0.006 0.003 0.011 0.071 0.864 
 134 G _   0.008 0.041 0.000 0.007 0.004 0.012 0.070 0.859 
 135 K _   0.009 0.045 0.001 0.010 0.005 0.015 0.068 0.847 
 136 E _   0.010 0.054 0.001 0.015 0.007 0.017 0.067 0.828 
 137 L _   0.012 0.067 0.001 0.023 0.010 0.020 0.065 0.802 
 138 L _   0.013 0.081 0.001 0.033 0.013 0.022 0.063 0.775 
 139 G _   0.014 0.093 0.001 0.042 0.015 0.024 0.061 0.750 
 140 A _   0.014 0.100 0.001 0.050 0.017 0.025 0.060 0.733 
 141 H _   0.014 0.103 0.001 0.054 0.017 0.024 0.059 0.726 
 142 H _   0.015 0.102 0.001 0.054 0.017 0.024 0.059 0.729 
 143 A _   0.015 0.095 0.001 0.048 0.015 0.022 0.060 0.743 
 144 I _   0.015 0.082 0.001 0.039 0.013 0.020 0.061 0.769 
 145 T _   0.014 0.062 0.001 0.028 0.010 0.019 0.062 0.803 
 146 Q _   0.014 0.039 0.001 0.018 0.007 0.017 0.063 0.840 
 147 F _   0.014 0.019 0.001 0.010 0.005 0.016 0.064 0.871 
 148 Y _   0.014 0.008 0.000 0.005 0.003 0.016 0.064 0.889 
 149 P _   0.016 0.003 0.000 0.003 0.003 0.017 0.064 0.893 
 150 D _   0.021 0.002 0.000 0.002 0.003 0.020 0.064 0.888 
 151 D _   0.030 0.002 0.000 0.002 0.005 0.026 0.063 0.871 
 152 E _   0.045 0.004 0.001 0.004 0.009 0.034 0.062 0.840 
 153 V _   0.063 0.014 0.001 0.008 0.019 0.045 0.060 0.789 
 154 T _   0.080 0.044 0.002 0.018 0.033 0.056 0.058 0.710 
 155 A _   0.090 0.098 0.003 0.032 0.047 0.063 0.055 0.612 
 156 I _   0.093 0.158 0.004 0.048 0.055 0.065 0.053 0.524 
 157 I _   0.092 0.204 0.003 0.063 0.058 0.064 0.052 0.465 
 158 A _   0.088 0.229 0.003 0.074 0.057 0.061 0.051 0.436 
 159 S _   0.083 0.240 0.003 0.079 0.055 0.057 0.052 0.432 
 160 F _   0.077 0.240 0.003 0.078 0.050 0.052 0.054 0.446 
 161 S _   0.069 0.231 0.003 0.072 0.043 0.047 0.056 0.479 
 162 I _   0.060 0.210 0.003 0.061 0.035 0.040 0.059 0.532 
 163 T _   0.051 0.172 0.002 0.047 0.026 0.033 0.062 0.607 
 164 S _   0.041 0.121 0.002 0.032 0.018 0.027 0.066 0.694 
 165 V _   0.032 0.073 0.001 0.020 0.011 0.021 0.070 0.772 
 166 Q _   0.024 0.040 0.001 0.011 0.006 0.016 0.073 0.829 
 167 R _   0.017 0.023 0.000 0.006 0.004 0.013 0.074 0.863 
 168 S _   0.012 0.015 0.000 0.004 0.002 0.010 0.075 0.881 
 169 D _   0.009 0.013 0.000 0.003 0.002 0.009 0.075 0.888 
 170 N _   0.008 0.012 0.000 0.004 0.002 0.009 0.075 0.890 
 171 G _   0.008 0.013 0.000 0.005 0.002 0.010 0.074 0.887 
 172 S _   0.008 0.017 0.000 0.008 0.003 0.011 0.073 0.880 
 173 Y _   0.008 0.023 0.001 0.011 0.004 0.012 0.072 0.869 
 174 I _   0.009 0.031 0.001 0.016 0.006 0.013 0.070 0.855 
 175 C _   0.009 0.040 0.001 0.020 0.007 0.014 0.068 0.842 
 176 K _   0.009 0.047 0.001 0.024 0.008 0.015 0.067 0.831 
 177 M _   0.009 0.053 0.001 0.025 0.008 0.015 0.065 0.824 
 178 K _   0.009 0.057 0.001 0.026 0.008 0.015 0.064 0.821 
 179 I _   0.009 0.059 0.001 0.024 0.008 0.015 0.064 0.822 
 180 N _   0.009 0.059 0.001 0.021 0.007 0.014 0.063 0.825 
 181 N _   0.009 0.059 0.001 0.018 0.007 0.014 0.063 0.829 
 182 E _   0.009 0.058 0.001 0.015 0.006 0.013 0.063 0.834 
 183 E _   0.010 0.057 0.001 0.012 0.005 0.013 0.063 0.838 
 184 I _   0.010 0.057 0.001 0.010 0.005 0.013 0.063 0.841 
 185 V _   0.010 0.058 0.001 0.009 0.005 0.014 0.063 0.841 
 186 S _   0.011 0.060 0.001 0.009 0.005 0.015 0.063 0.837 
 187 D _   0.012 0.065 0.001 0.010 0.006 0.016 0.062 0.829 
 188 P _   0.013 0.073 0.001 0.013 0.007 0.018 0.061 0.814 
 189 I _   0.014 0.086 0.001 0.017 0.009 0.019 0.060 0.794 
 190 Y _   0.014 0.100 0.001 0.022 0.011 0.020 0.060 0.771 
 191 I _   0.015 0.115 0.001 0.028 0.012 0.021 0.059 0.749 
 192 E _   0.014 0.128 0.001 0.033 0.013 0.021 0.058 0.731 
 193 V _   0.014 0.137 0.001 0.037 0.013 0.021 0.058 0.719 
 194 Q _   0.013 0.142 0.001 0.038 0.013 0.020 0.059 0.715 
 195 G _   0.012 0.143 0.001 0.037 0.012 0.018 0.059 0.717 
 196 L _   0.011 0.140 0.001 0.034 0.011 0.017 0.060 0.726 
 197 P _   0.010 0.134 0.001 0.029 0.009 0.015 0.061 0.740 
 198 H _   0.010 0.125 0.001 0.024 0.007 0.013 0.063 0.757 
 199 F _   0.009 0.114 0.001 0.018 0.006 0.012 0.064 0.776 
 200 T _   0.008 0.103 0.001 0.014 0.005 0.011 0.066 0.793 
 201 K _   0.007 0.094 0.001 0.011 0.004 0.010 0.067 0.806 
 202 Q _   0.006 0.088 0.000 0.008 0.003 0.009 0.069 0.816 
 203 P _   0.006 0.085 0.000 0.007 0.003 0.009 0.069 0.820 
 204 E _   0.006 0.083 0.000 0.007 0.003 0.009 0.070 0.821 
 205 S _   0.006 0.085 0.000 0.007 0.003 0.010 0.070 0.818 
 206 M _   0.007 0.088 0.000 0.009 0.004 0.011 0.070 0.810 
 207 N _   0.008 0.095 0.001 0.011 0.005 0.013 0.070 0.799 
 208 V _   0.009 0.104 0.001 0.014 0.006 0.014 0.070 0.783 
 209 T _   0.009 0.116 0.001 0.017 0.007 0.016 0.069 0.764 
 210 R _   0.010 0.131 0.001 0.022 0.009 0.018 0.069 0.742 
 211 N _   0.011 0.145 0.001 0.026 0.011 0.019 0.068 0.720 
 212 T _   0.011 0.158 0.001 0.031 0.012 0.020 0.068 0.699 
 213 A _   0.012 0.168 0.001 0.036 0.014 0.021 0.068 0.680 
 214 F _   0.012 0.176 0.001 0.040 0.015 0.021 0.068 0.667 
 215 N _   0.013 0.179 0.001 0.043 0.015 0.021 0.069 0.659 
 216 L _   0.013 0.179 0.001 0.043 0.015 0.021 0.071 0.657 
 217 T _   0.013 0.175 0.001 0.041 0.014 0.020 0.073 0.663 
 218 C _   0.013 0.166 0.001 0.037 0.012 0.018 0.076 0.677 
 219 Q _   0.013 0.151 0.001 0.031 0.010 0.017 0.080 0.697 
 220 A _   0.012 0.131 0.001 0.025 0.009 0.015 0.083 0.724 
 221 V _   0.011 0.110 0.001 0.018 0.007 0.014 0.087 0.752 
 222 G _   0.011 0.091 0.001 0.013 0.005 0.013 0.091 0.776 
 223 P _   0.010 0.077 0.001 0.009 0.004 0.012 0.094 0.793 
 224 P _   0.010 0.069 0.000 0.008 0.004 0.012 0.096 0.801 
 225 E _   0.010 0.065 0.000 0.008 0.004 0.013 0.099 0.802 
 226 P _   0.011 0.064 0.000 0.010 0.004 0.014 0.101 0.796 
 227 V _   0.012 0.066 0.001 0.014 0.005 0.015 0.103 0.785 
 228 N _   0.012 0.069 0.001 0.020 0.007 0.016 0.105 0.771 
 229 I _   0.013 0.072 0.001 0.026 0.008 0.016 0.107 0.757 
 230 F _   0.013 0.074 0.001 0.031 0.009 0.016 0.110 0.746 
 231 W _   0.013 0.074 0.001 0.034 0.009 0.016 0.113 0.741 
 232 V _   0.012 0.071 0.001 0.033 0.008 0.015 0.116 0.744 
 233 Q _   0.011 0.064 0.001 0.030 0.007 0.013 0.121 0.754 
 234 N _   0.009 0.054 0.001 0.024 0.006 0.011 0.125 0.769 
 235 S _   0.008 0.041 0.001 0.018 0.005 0.010 0.130 0.787 
 236 S _   0.008 0.028 0.000 0.013 0.003 0.008 0.134 0.805 
 237 R _   0.007 0.018 0.000 0.008 0.002 0.007 0.138 0.820 
 238 V _   0.006 0.011 0.000 0.005 0.002 0.006 0.141 0.829 
 239 N _   0.005 0.008 0.000 0.004 0.001 0.005 0.142 0.835 
 240 E _   0.004 0.006 0.000 0.003 0.001 0.005 0.143 0.838 
 241 Q _   0.004 0.005 0.000 0.003 0.001 0.005 0.143 0.839 
 242 P _   0.004 0.005 0.000 0.003 0.001 0.006 0.142 0.839 
 243 E _   0.005 0.007 0.000 0.003 0.002 0.008 0.140 0.836 
 244 K _   0.006 0.010 0.000 0.005 0.002 0.011 0.137 0.829 
 245 S _   0.008 0.018 0.000 0.007 0.004 0.015 0.133 0.815 
 246 P _   0.011 0.034 0.001 0.011 0.006 0.020 0.128 0.790 
 247 S _   0.014 0.063 0.001 0.016 0.010 0.027 0.121 0.749 
 248 V _   0.018 0.110 0.002 0.023 0.015 0.034 0.112 0.686 
 249 L _   0.022 0.170 0.002 0.030 0.022 0.040 0.103 0.611 
 250 T _   0.025 0.239 0.002 0.037 0.029 0.045 0.093 0.531 
 251 V _   0.027 0.305 0.003 0.043 0.034 0.048 0.085 0.456 
 252 P _   0.028 0.361 0.003 0.048 0.038 0.050 0.078 0.394 
 253 G E   0.029 0.403 0.002 0.053 0.040 0.049 0.073 0.350 
 254 L E   0.030 0.431 0.002 0.057 0.041 0.048 0.070 0.321 
 255 T E   0.031 0.446 0.002 0.060 0.040 0.046 0.068 0.307 
 256 E E   0.031 0.452 0.002 0.061 0.039 0.043 0.067 0.305 
 257 M E   0.031 0.449 0.002 0.061 0.036 0.040 0.066 0.315 
 258 A E   0.030 0.437 0.002 0.058 0.032 0.036 0.067 0.337 
 259 V E   0.029 0.410 0.002 0.054 0.029 0.033 0.068 0.375 
 260 F _   0.027 0.366 0.002 0.047 0.024 0.029 0.071 0.433 
 261 S _   0.025 0.297 0.002 0.039 0.020 0.026 0.074 0.516 
 262 C _   0.023 0.215 0.002 0.029 0.015 0.022 0.078 0.615 
 263 E _   0.020 0.138 0.002 0.021 0.011 0.019 0.081 0.708 
 264 A _   0.017 0.082 0.001 0.014 0.007 0.016 0.084 0.779 
 265 H _   0.013 0.050 0.001 0.008 0.005 0.014 0.086 0.823 
 266 N _   0.011 0.035 0.000 0.006 0.003 0.012 0.086 0.846 
 267 D _   0.009 0.029 0.000 0.004 0.003 0.012 0.086 0.857 
 268 K _   0.009 0.027 0.000 0.004 0.003 0.012 0.086 0.859 
 269 G _   0.010 0.027 0.000 0.005 0.003 0.013 0.085 0.856 
 270 L _   0.011 0.030 0.000 0.008 0.004 0.014 0.084 0.848 
 271 T _   0.012 0.035 0.001 0.012 0.006 0.017 0.083 0.835 
 272 V _   0.013 0.043 0.001 0.017 0.008 0.019 0.081 0.818 
 273 S _   0.014 0.051 0.001 0.024 0.010 0.021 0.080 0.799 
 274 K _   0.015 0.060 0.001 0.030 0.012 0.022 0.078 0.781 
 275 G _   0.016 0.065 0.001 0.035 0.014 0.023 0.078 0.769 
 276 V _   0.016 0.069 0.001 0.038 0.014 0.023 0.077 0.762 
 277 Q _   0.016 0.070 0.001 0.038 0.014 0.022 0.077 0.761 
 278 I _   0.016 0.068 0.001 0.037 0.013 0.021 0.078 0.766 
 279 N _   0.015 0.064 0.001 0.033 0.012 0.020 0.079 0.776 
 280 I _   0.015 0.057 0.001 0.028 0.010 0.018 0.080 0.790 
 281 K _   0.014 0.049 0.001 0.023 0.009 0.016 0.082 0.807 
 282 A _   0.013 0.039 0.001 0.018 0.007 0.014 0.083 0.825 
 283 I _   0.011 0.030 0.001 0.014 0.005 0.013 0.084 0.842 
 284 P _   0.010 0.022 0.001 0.010 0.004 0.012 0.086 0.856 
 285 S _   0.009 0.016 0.000 0.008 0.004 0.011 0.086 0.866 
 286 P _   0.008 0.012 0.000 0.007 0.003 0.010 0.087 0.873 
 287 P _   0.008 0.010 0.000 0.006 0.003 0.010 0.087 0.877 
 288 T _   0.007 0.009 0.000 0.005 0.003 0.010 0.087 0.879 
 289 E _   0.008 0.008 0.000 0.005 0.003 0.011 0.086 0.878 
 290 V _   0.009 0.008 0.000 0.005 0.003 0.013 0.085 0.876 
 291 S _   0.011 0.010 0.000 0.005 0.003 0.016 0.084 0.871 
 292 I _   0.013 0.012 0.001 0.006 0.005 0.020 0.082 0.861 
 293 R _   0.018 0.017 0.001 0.008 0.007 0.025 0.080 0.844 
 294 N _   0.024 0.027 0.001 0.010 0.012 0.032 0.077 0.816 
 295 S _   0.032 0.046 0.001 0.015 0.019 0.040 0.073 0.774 
 296 T _   0.040 0.076 0.002 0.021 0.029 0.048 0.070 0.715 
 297 A _   0.048 0.120 0.003 0.029 0.039 0.054 0.065 0.642 
 298 H _   0.053 0.170 0.003 0.039 0.047 0.058 0.062 0.569 
 299 S _   0.057 0.216 0.003 0.049 0.051 0.059 0.059 0.507 
 300 I _   0.059 0.251 0.003 0.058 0.052 0.057 0.057 0.462 
 301 L _   0.059 0.272 0.003 0.065 0.051 0.055 0.056 0.439 
 302 I _   0.059 0.282 0.002 0.069 0.049 0.051 0.056 0.432 
 303 S _   0.057 0.282 0.002 0.069 0.045 0.047 0.057 0.442 
 304 W _   0.053 0.273 0.002 0.065 0.039 0.042 0.058 0.467 
 305 V _   0.049 0.252 0.002 0.057 0.033 0.037 0.060 0.509 
 306 P _   0.043 0.216 0.002 0.047 0.026 0.032 0.063 0.571 
 307 G _   0.037 0.164 0.002 0.035 0.019 0.027 0.067 0.649 
 308 F _   0.031 0.109 0.002 0.024 0.013 0.022 0.070 0.729 
 309 D _   0.024 0.065 0.001 0.016 0.008 0.018 0.073 0.794 
 310 G _   0.018 0.037 0.001 0.010 0.005 0.014 0.075 0.839 
 311 Y _   0.013 0.023 0.000 0.007 0.003 0.011 0.076 0.866 
 312 S _   0.010 0.016 0.000 0.005 0.002 0.010 0.077 0.880 
 313 P _   0.008 0.013 0.000 0.005 0.002 0.009 0.077 0.886 
 314 F _   0.007 0.012 0.000 0.005 0.002 0.008 0.076 0.889 
 315 R _   0.006 0.012 0.000 0.007 0.003 0.008 0.075 0.888 
 316 N _   0.006 0.013 0.000 0.010 0.003 0.009 0.074 0.885 
 317 C _   0.006 0.014 0.000 0.013 0.004 0.009 0.073 0.880 
 318 S _   0.006 0.016 0.001 0.016 0.004 0.010 0.071 0.877 
 319 I _   0.006 0.017 0.001 0.018 0.005 0.010 0.070 0.875 
 320 Q _   0.006 0.017 0.001 0.018 0.005 0.010 0.069 0.876 
 321 V _   0.006 0.016 0.001 0.016 0.004 0.009 0.068 0.880 
 322 K _   0.005 0.015 0.000 0.014 0.004 0.009 0.067 0.885 
 323 E _   0.005 0.014 0.000 0.011 0.003 0.009 0.066 0.892 
 324 A _   0.005 0.013 0.000 0.008 0.003 0.009 0.065 0.897 
 325 D _   0.006 0.012 0.000 0.006 0.003 0.010 0.064 0.899 
 326 P _   0.007 0.012 0.000 0.006 0.003 0.012 0.062 0.899 
 327 L _   0.009 0.013 0.000 0.006 0.004 0.015 0.061 0.893 
 328 S _   0.012 0.016 0.001 0.008 0.005 0.019 0.059 0.881 
 329 N _   0.016 0.022 0.001 0.012 0.008 0.024 0.057 0.860 
 330 G _   0.020 0.031 0.001 0.019 0.013 0.030 0.054 0.831 
 331 S _   0.025 0.044 0.001 0.028 0.018 0.035 0.052 0.797 
 332 V _   0.029 0.055 0.002 0.037 0.022 0.039 0.049 0.766 
 333 M _   0.032 0.063 0.002 0.044 0.026 0.042 0.047 0.744 
 334 I _   0.034 0.066 0.002 0.048 0.028 0.044 0.045 0.733 
 335 F _   0.036 0.067 0.002 0.047 0.028 0.044 0.044 0.733 
 336 N _   0.037 0.063 0.002 0.043 0.026 0.043 0.043 0.743 
 337 T _   0.037 0.056 0.002 0.035 0.024 0.041 0.043 0.762 
 338 S _   0.037 0.046 0.002 0.027 0.021 0.039 0.043 0.786 
 339 A _   0.036 0.035 0.001 0.020 0.017 0.036 0.043 0.812 
 340 L _   0.034 0.024 0.001 0.015 0.014 0.034 0.043 0.836 
 341 P _   0.033 0.016 0.001 0.011 0.011 0.032 0.043 0.853 
 342 H _   0.032 0.011 0.001 0.009 0.010 0.030 0.043 0.864 
 343 L _   0.032 0.008 0.001 0.008 0.009 0.029 0.042 0.870 
 344 Y _   0.032 0.006 0.001 0.008 0.009 0.029 0.042 0.873 
 345 Q _   0.033 0.005 0.001 0.009 0.009 0.028 0.042 0.873 
 346 I _   0.033 0.004 0.001 0.010 0.009 0.028 0.041 0.874 
 347 K _   0.034 0.004 0.001 0.010 0.009 0.028 0.041 0.874 
 348 Q _   0.036 0.003 0.001 0.009 0.009 0.027 0.040 0.874 
 349 L _   0.038 0.002 0.001 0.009 0.009 0.027 0.040 0.875 
 350 Q _   0.041 0.002 0.001 0.007 0.009 0.027 0.039 0.874 
 351 A _   0.045 0.001 0.001 0.006 0.008 0.027 0.038 0.873 
 352 L _   0.050 0.001 0.001 0.005 0.008 0.028 0.038 0.870 
 353 A _   0.056 0.000 0.001 0.005 0.008 0.029 0.037 0.864 
 354 N _   0.064 0.000 0.001 0.004 0.009 0.031 0.036 0.854 
 355 Y _   0.074 0.000 0.001 0.004 0.010 0.033 0.036 0.841 
 356 S _   0.085 0.000 0.001 0.005 0.012 0.036 0.035 0.826 
 357 I _   0.097 0.000 0.001 0.006 0.014 0.038 0.035 0.809 
 358 G _   0.109 0.001 0.001 0.007 0.017 0.041 0.034 0.790 
 359 V _   0.121 0.001 0.001 0.008 0.019 0.044 0.034 0.772 
 360 S _   0.132 0.001 0.001 0.009 0.021 0.046 0.033 0.756 
 361 C _   0.140 0.001 0.001 0.009 0.023 0.047 0.033 0.745 
 362 M _   0.145 0.001 0.002 0.009 0.023 0.048 0.033 0.739 
 363 N _   0.148 0.001 0.001 0.009 0.022 0.048 0.034 0.737 
 364 E _   0.147 0.001 0.001 0.008 0.021 0.048 0.034 0.740 
 365 I _   0.146 0.001 0.001 0.007 0.020 0.048 0.034 0.743 
 366 G _   0.144 0.001 0.001 0.006 0.019 0.047 0.035 0.747 
 367 W _   0.141 0.001 0.001 0.006 0.020 0.048 0.035 0.749 
 368 S _   0.138 0.001 0.001 0.006 0.021 0.048 0.036 0.748 
 369 A _   0.135 0.002 0.001 0.008 0.023 0.048 0.036 0.746 
 370 V _   0.131 0.004 0.002 0.011 0.025 0.049 0.037 0.742 
 371 S _   0.125 0.006 0.002 0.016 0.027 0.048 0.038 0.738 
 372 P _   0.116 0.009 0.002 0.021 0.029 0.047 0.040 0.737 
 373 W _   0.107 0.011 0.002 0.025 0.029 0.044 0.042 0.741 
 374 I _   0.095 0.012 0.002 0.027 0.027 0.041 0.044 0.753 
 375 L _   0.081 0.012 0.002 0.027 0.023 0.037 0.046 0.772 
 376 A _   0.067 0.011 0.002 0.025 0.019 0.033 0.048 0.796 
 377 S _   0.054 0.009 0.001 0.020 0.014 0.028 0.050 0.823 
 378 T _   0.042 0.007 0.001 0.014 0.010 0.024 0.052 0.850 
 379 T _   0.033 0.005 0.001 0.009 0.007 0.020 0.054 0.871 
 380 E _   0.026 0.003 0.001 0.006 0.005 0.018 0.055 0.887 
 381 G _   0.021 0.003 0.000 0.004 0.004 0.016 0.056 0.895 
 382 A _   0.018 0.003 0.000 0.004 0.003 0.016 0.057 0.898 
 383 P _   0.018 0.004 0.000 0.004 0.004 0.017 0.058 0.896 
 384 S _   0.018 0.006 0.001 0.006 0.005 0.019 0.058 0.886 
 385 V _   0.020 0.013 0.001 0.011 0.008 0.022 0.058 0.867 
 386 A _   0.022 0.026 0.001 0.018 0.012 0.026 0.058 0.837 
 387 P _   0.023 0.044 0.001 0.029 0.016 0.028 0.058 0.800 
 388 L _   0.024 0.061 0.002 0.041 0.019 0.029 0.058 0.766 
 389 N _   0.024 0.073 0.002 0.051 0.021 0.030 0.059 0.741 
 390 V _   0.023 0.079 0.002 0.057 0.021 0.029 0.060 0.728 
 391 T _   0.022 0.081 0.002 0.058 0.020 0.027 0.062 0.728 
 392 V _   0.021 0.079 0.001 0.053 0.018 0.025 0.064 0.739 
 393 F _   0.019 0.071 0.001 0.044 0.014 0.021 0.068 0.761 
 394 L _   0.016 0.059 0.001 0.033 0.011 0.018 0.071 0.791 
 395 N _   0.014 0.044 0.001 0.022 0.008 0.015 0.074 0.822 
 396 E _   0.012 0.029 0.001 0.014 0.005 0.012 0.078 0.849 
 397 S _   0.010 0.018 0.000 0.008 0.003 0.010 0.080 0.868 
 398 S _   0.009 0.013 0.000 0.006 0.003 0.009 0.082 0.878 
 399 D _   0.008 0.010 0.000 0.005 0.002 0.009 0.083 0.882 
 400 N _   0.009 0.009 0.000 0.006 0.002 0.009 0.085 0.881 
 401 V _   0.009 0.009 0.000 0.008 0.003 0.009 0.086 0.876 
 402 D _   0.010 0.010 0.000 0.010 0.004 0.010 0.086 0.870 
 403 I _   0.010 0.011 0.001 0.014 0.004 0.011 0.087 0.864 
 404 R _   0.010 0.011 0.001 0.016 0.005 0.011 0.088 0.859 
 405 W _   0.009 0.011 0.001 0.017 0.005 0.010 0.088 0.859 
 406 M _   0.009 0.011 0.001 0.016 0.004 0.010 0.089 0.862 
 407 K _   0.008 0.009 0.000 0.013 0.004 0.009 0.089 0.868 
 408 P _   0.007 0.008 0.000 0.010 0.003 0.008 0.090 0.875 
 409 P _   0.006 0.006 0.000 0.007 0.002 0.007 0.090 0.882 
 410 T _   0.005 0.005 0.000 0.005 0.002 0.006 0.089 0.887 
 411 K _   0.005 0.005 0.000 0.004 0.002 0.006 0.089 0.890 
 412 Q _   0.005 0.005 0.000 0.003 0.002 0.007 0.088 0.890 
 413 Q _   0.005 0.006 0.000 0.004 0.002 0.008 0.086 0.888 
 414 D _   0.006 0.009 0.000 0.005 0.003 0.010 0.085 0.881 
 415 G _   0.008 0.016 0.000 0.008 0.004 0.013 0.082 0.868 
 416 E _   0.010 0.027 0.001 0.013 0.006 0.017 0.079 0.847 
 417 L _   0.012 0.044 0.001 0.019 0.009 0.021 0.075 0.820 
 418 V _   0.013 0.062 0.001 0.025 0.012 0.025 0.072 0.791 
 419 G _   0.014 0.078 0.001 0.031 0.014 0.028 0.068 0.766 
 420 Y _   0.015 0.090 0.001 0.034 0.016 0.030 0.065 0.748 
 421 R _   0.017 0.098 0.001 0.037 0.018 0.032 0.062 0.735 
 422 I _   0.018 0.103 0.001 0.037 0.019 0.033 0.060 0.729 
 423 S _   0.020 0.104 0.001 0.036 0.019 0.034 0.058 0.727 
 424 H _   0.021 0.103 0.001 0.032 0.019 0.034 0.057 0.731 
 425 V _   0.023 0.100 0.001 0.029 0.018 0.034 0.056 0.739 
 426 W _   0.024 0.095 0.001 0.024 0.017 0.034 0.056 0.749 
 427 Q _   0.025 0.090 0.001 0.021 0.016 0.033 0.055 0.759 
 428 S _   0.026 0.085 0.001 0.018 0.014 0.032 0.055 0.768 
 429 A _   0.027 0.081 0.001 0.017 0.014 0.031 0.054 0.775 
 430 G _   0.028 0.077 0.001 0.017 0.013 0.031 0.054 0.779 
 431 I _   0.028 0.075 0.001 0.018 0.013 0.030 0.054 0.782 
 432 S _   0.028 0.073 0.001 0.020 0.013 0.029 0.054 0.784 
 433 K _   0.027 0.070 0.001 0.022 0.013 0.027 0.054 0.785 
 434 E _   0.026 0.067 0.001 0.023 0.013 0.026 0.054 0.790 
 435 L _   0.024 0.063 0.001 0.024 0.012 0.024 0.054 0.799 
 436 L _   0.022 0.056 0.001 0.023 0.011 0.021 0.054 0.812 
 437 E _   0.019 0.048 0.001 0.020 0.009 0.019 0.055 0.829 
 438 E _   0.017 0.038 0.001 0.017 0.007 0.016 0.055 0.848 
 439 V _   0.015 0.028 0.001 0.013 0.006 0.014 0.055 0.868 
 440 G _   0.013 0.019 0.001 0.010 0.004 0.013 0.056 0.885 
 441 Q _   0.011 0.013 0.000 0.007 0.004 0.012 0.055 0.898 
 442 N _   0.010 0.009 0.000 0.006 0.003 0.011 0.055 0.906 
 443 G _   0.010 0.006 0.000 0.005 0.003 0.011 0.055 0.910 
 444 S _   0.010 0.005 0.000 0.005 0.003 0.012 0.054 0.911 
 445 R _   0.010 0.005 0.000 0.006 0.003 0.013 0.053 0.909 
 446 A _   0.011 0.005 0.000 0.007 0.004 0.015 0.052 0.905 
 447 R _   0.013 0.005 0.001 0.008 0.005 0.018 0.051 0.899 
 448 I _   0.015 0.006 0.001 0.010 0.006 0.021 0.050 0.893 
 449 S _   0.018 0.007 0.001 0.011 0.007 0.024 0.048 0.885 
 450 V _   0.022 0.008 0.001 0.011 0.008 0.027 0.047 0.876 
 451 Q _   0.027 0.009 0.001 0.012 0.010 0.031 0.045 0.866 
 452 V _   0.032 0.010 0.001 0.011 0.012 0.035 0.044 0.855 
 453 H _   0.040 0.011 0.001 0.011 0.015 0.040 0.042 0.840 
 454 N _   0.049 0.013 0.001 0.011 0.018 0.045 0.040 0.822 
 455 A _   0.058 0.017 0.001 0.012 0.023 0.050 0.039 0.800 
 456 T _   0.069 0.021 0.002 0.014 0.028 0.055 0.038 0.773 
 457 C _   0.078 0.029 0.002 0.017 0.034 0.059 0.036 0.744 
 458 T _   0.086 0.039 0.002 0.022 0.039 0.062 0.035 0.715 
 459 V _   0.092 0.050 0.002 0.028 0.043 0.063 0.035 0.688 
 460 R _   0.094 0.060 0.002 0.033 0.045 0.062 0.034 0.670 
 461 I _   0.093 0.067 0.002 0.038 0.045 0.060 0.034 0.661 
 462 A _   0.090 0.072 0.002 0.041 0.043 0.057 0.034 0.660 
 463 A _   0.085 0.074 0.002 0.042 0.040 0.052 0.034 0.670 
 464 V _   0.077 0.073 0.002 0.040 0.035 0.047 0.035 0.691 
 465 T _   0.067 0.068 0.002 0.036 0.029 0.041 0.036 0.720 
 466 R _   0.057 0.061 0.002 0.031 0.023 0.036 0.037 0.754 
 467 G _   0.047 0.051 0.001 0.025 0.017 0.030 0.039 0.790 
 468 G _   0.037 0.041 0.001 0.019 0.012 0.025 0.040 0.824 
 469 V _   0.029 0.032 0.001 0.013 0.008 0.021 0.041 0.854 
 470 G _   0.023 0.025 0.001 0.009 0.006 0.018 0.042 0.877 
 471 P _   0.018 0.021 0.000 0.007 0.004 0.016 0.042 0.892 
 472 F _   0.015 0.019 0.000 0.005 0.003 0.014 0.042 0.901 
 473 S _   0.013 0.018 0.000 0.005 0.003 0.014 0.042 0.904 
 474 D _   0.012 0.020 0.000 0.006 0.004 0.015 0.042 0.901 
 475 P _   0.013 0.024 0.001 0.007 0.005 0.017 0.041 0.893 
 476 V _   0.014 0.033 0.001 0.011 0.007 0.019 0.041 0.876 
 477 K _   0.015 0.048 0.001 0.018 0.009 0.021 0.039 0.848 
 478 I _   0.016 0.070 0.001 0.026 0.012 0.023 0.038 0.814 
 479 F _   0.016 0.094 0.001 0.035 0.014 0.024 0.037 0.778 
 480 I _   0.016 0.114 0.001 0.044 0.016 0.025 0.036 0.748 
 481 P _   0.015 0.127 0.001 0.052 0.017 0.025 0.035 0.728 
 482 A _   0.015 0.135 0.001 0.057 0.017 0.024 0.035 0.716 
 483 H _   0.014 0.137 0.001 0.058 0.016 0.022 0.035 0.715 
 484 G _   0.013 0.135 0.001 0.056 0.015 0.021 0.036 0.723 
 485 W _   0.013 0.127 0.001 0.050 0.013 0.018 0.037 0.740 
 486 V _   0.012 0.114 0.001 0.043 0.011 0.016 0.038 0.764 
 487 D _   0.011 0.095 0.001 0.034 0.008 0.014 0.040 0.796 
 488 Y _   0.011 0.071 0.001 0.025 0.006 0.012 0.042 0.832 
 489 A _   0.010 0.048 0.001 0.018 0.005 0.010 0.044 0.866 
 490 P _   0.009 0.028 0.001 0.012 0.003 0.008 0.045 0.895 
 491 S _   0.007 0.014 0.000 0.007 0.002 0.006 0.045 0.917 
 492 S _   0.006 0.006 0.000 0.004 0.002 0.005 0.045 0.931 
 493 T _   0.006 0.002 0.000 0.003 0.001 0.004 0.045 0.939 
 494 P _   0.007 0.001 0.000 0.002 0.001 0.003 0.044 0.942 
 495 A _   0.010 0.000 0.000 0.001 0.001 0.003 0.042 0.942 
 496 P _   0.017 0.000 0.000 0.001 0.001 0.003 0.040 0.937 
 497 G _   0.034 0.000 0.000 0.001 0.002 0.004 0.037 0.922 
 498 N _   0.066 0.000 0.000 0.001 0.002 0.005 0.033 0.892 
 499 A _   0.122 0.000 0.000 0.001 0.003 0.006 0.028 0.838 
 500 D _   0.199 0.000 0.001 0.001 0.004 0.007 0.024 0.765 
 501 P _   0.295 0.000 0.001 0.001 0.005 0.008 0.019 0.672 
 502 V _   0.403 0.000 0.001 0.001 0.005 0.007 0.015 0.568 
 503 L H   0.516 0.000 0.001 0.001 0.006 0.007 0.011 0.458 
 504 I H   0.632 0.000 0.001 0.000 0.006 0.006 0.009 0.346 
 505 I H   0.733 0.000 0.001 0.000 0.006 0.005 0.006 0.248 
 506 F H   0.814 0.000 0.001 0.000 0.006 0.004 0.005 0.170 
 507 G H   0.874 0.000 0.001 0.000 0.006 0.004 0.004 0.111 
 508 C H   0.914 0.000 0.001 0.000 0.006 0.003 0.003 0.073 
 509 F H   0.939 0.000 0.001 0.000 0.006 0.003 0.002 0.048 
 510 C H   0.955 0.000 0.001 0.000 0.006 0.002 0.002 0.033 
 511 G H   0.964 0.000 0.001 0.000 0.007 0.002 0.001 0.025 
 512 F H   0.969 0.000 0.001 0.000 0.007 0.002 0.001 0.020 
 513 I H   0.970 0.000 0.001 0.000 0.007 0.002 0.001 0.019 
 514 L H   0.969 0.000 0.001 0.000 0.007 0.002 0.001 0.020 
 515 I H   0.964 0.000 0.001 0.000 0.007 0.002 0.001 0.025 
 516 G H   0.954 0.000 0.001 0.000 0.008 0.002 0.001 0.034 
 517 L H   0.938 0.000 0.001 0.000 0.009 0.003 0.001 0.048 
 518 I H   0.915 0.000 0.001 0.000 0.010 0.003 0.001 0.070 
 519 L H   0.882 0.000 0.001 0.000 0.010 0.004 0.002 0.101 
 520 Y H   0.839 0.000 0.001 0.000 0.011 0.005 0.002 0.141 
 521 I H   0.784 0.000 0.001 0.001 0.011 0.005 0.004 0.194 
 522 S H   0.714 0.000 0.001 0.001 0.011 0.006 0.005 0.261 
 523 L H   0.631 0.000 0.001 0.001 0.011 0.007 0.007 0.341 
 524 A H   0.539 0.000 0.001 0.001 0.011 0.008 0.010 0.430 
 525 I _   0.444 0.000 0.001 0.001 0.009 0.009 0.014 0.521 
 526 R _   0.351 0.000 0.001 0.002 0.008 0.009 0.019 0.610 
 527 K _   0.266 0.000 0.001 0.003 0.007 0.010 0.023 0.691 
 528 R _   0.192 0.000 0.001 0.003 0.006 0.010 0.027 0.761 
 529 V _   0.133 0.000 0.001 0.004 0.005 0.009 0.031 0.817 
 530 Q _   0.088 0.000 0.001 0.004 0.004 0.009 0.034 0.859 
 531 E _   0.057 0.000 0.000 0.004 0.003 0.008 0.037 0.889 
 532 T _   0.037 0.000 0.000 0.004 0.003 0.008 0.039 0.909 
 533 K _   0.024 0.000 0.000 0.004 0.003 0.007 0.040 0.921 
 534 F _   0.017 0.000 0.000 0.004 0.002 0.007 0.041 0.928 
 535 G _   0.013 0.000 0.000 0.004 0.002 0.007 0.042 0.932 
 536 N _   0.010 0.000 0.000 0.004 0.002 0.007 0.043 0.933 
 537 A _   0.009 0.000 0.000 0.004 0.002 0.008 0.043 0.933 
 538 F _   0.009 0.001 0.000 0.004 0.002 0.009 0.043 0.931 
 539 T _   0.010 0.001 0.000 0.004 0.003 0.011 0.043 0.928 
 540 E _   0.012 0.001 0.000 0.005 0.004 0.014 0.042 0.921 
 541 E _   0.015 0.002 0.001 0.007 0.005 0.018 0.042 0.911 
 542 D _   0.019 0.003 0.001 0.009 0.007 0.023 0.041 0.897 
 543 S _   0.024 0.005 0.001 0.013 0.010 0.028 0.040 0.878 
 544 E _   0.031 0.008 0.001 0.018 0.014 0.033 0.040 0.856 
 545 L _   0.037 0.010 0.001 0.023 0.018 0.038 0.039 0.834 
 546 V _   0.043 0.012 0.001 0.027 0.021 0.042 0.038 0.816 
 547 V _   0.049 0.013 0.002 0.029 0.023 0.044 0.038 0.803 
 548 N _   0.054 0.013 0.002 0.029 0.023 0.045 0.038 0.797 
 549 Y _   0.059 0.011 0.002 0.025 0.021 0.046 0.038 0.799 
 550 I _   0.064 0.009 0.001 0.019 0.019 0.045 0.038 0.804 
 551 A _   0.070 0.006 0.001 0.013 0.016 0.045 0.037 0.811 
 552 K _   0.075 0.003 0.001 0.009 0.014 0.044 0.037 0.816 
 553 K _   0.081 0.002 0.001 0.006 0.013 0.044 0.037 0.816 
 554 S _   0.089 0.001 0.001 0.004 0.012 0.045 0.037 0.811 
 555 F _   0.099 0.001 0.001 0.004 0.013 0.047 0.037 0.800 
 556 C _   0.110 0.001 0.001 0.004 0.016 0.049 0.037 0.783 
 557 R _   0.122 0.002 0.001 0.006 0.019 0.051 0.037 0.762 
 558 R _   0.132 0.003 0.001 0.008 0.024 0.053 0.037 0.741 
 559 A _   0.140 0.005 0.002 0.012 0.028 0.054 0.037 0.721 
 560 I _   0.144 0.008 0.002 0.016 0.032 0.054 0.038 0.707 
 561 E _   0.143 0.011 0.002 0.019 0.034 0.053 0.039 0.700 
 562 L _   0.138 0.013 0.002 0.022 0.034 0.050 0.040 0.702 
 563 T _   0.129 0.014 0.002 0.023 0.032 0.047 0.041 0.712 
 564 L _   0.118 0.013 0.002 0.022 0.029 0.043 0.043 0.730 
 565 H _   0.104 0.012 0.002 0.021 0.024 0.038 0.045 0.755 
 566 S _   0.088 0.011 0.001 0.019 0.019 0.033 0.046 0.782 
 567 L _   0.072 0.009 0.001 0.016 0.015 0.029 0.048 0.810 
 568 G _   0.058 0.007 0.001 0.013 0.011 0.024 0.050 0.835 
 569 V _   0.046 0.005 0.001 0.011 0.008 0.020 0.052 0.857 
 570 S _   0.035 0.004 0.001 0.009 0.006 0.017 0.053 0.876 
 571 E _   0.027 0.003 0.001 0.007 0.005 0.014 0.054 0.890 
 572 E _   0.021 0.002 0.000 0.006 0.004 0.012 0.055 0.900 
 573 L _   0.017 0.001 0.000 0.005 0.003 0.011 0.055 0.907 
 574 Q _   0.014 0.001 0.000 0.004 0.003 0.010 0.055 0.912 
 575 N _   0.012 0.001 0.000 0.004 0.003 0.010 0.055 0.915 
 576 K _   0.012 0.001 0.000 0.004 0.003 0.010 0.055 0.915 
 577 L _   0.012 0.001 0.000 0.004 0.003 0.011 0.055 0.914 
 578 E _   0.013 0.001 0.000 0.004 0.003 0.012 0.055 0.910 
 579 D _   0.016 0.002 0.000 0.005 0.004 0.014 0.054 0.905 
 580 V _   0.018 0.003 0.001 0.006 0.005 0.017 0.053 0.897 
 581 V _   0.022 0.005 0.001 0.007 0.006 0.020 0.052 0.887 
 582 I _   0.026 0.008 0.001 0.008 0.008 0.024 0.051 0.873 
 583 D _   0.031 0.013 0.001 0.010 0.011 0.028 0.050 0.856 
 584 R _   0.036 0.019 0.001 0.013 0.014 0.032 0.049 0.836 
 585 N _   0.041 0.027 0.001 0.016 0.017 0.035 0.048 0.814 
 586 L _   0.045 0.036 0.001 0.020 0.020 0.038 0.047 0.793 
 587 L _   0.047 0.045 0.002 0.023 0.022 0.040 0.047 0.774 
 588 I _   0.048 0.054 0.002 0.026 0.023 0.040 0.046 0.761 
 589 L _   0.048 0.060 0.002 0.028 0.024 0.040 0.046 0.752 
 590 G _   0.047 0.065 0.002 0.029 0.023 0.038 0.046 0.750 
 591 K _   0.044 0.068 0.001 0.029 0.021 0.036 0.047 0.754 
 592 I _   0.041 0.069 0.001 0.027 0.019 0.034 0.047 0.762 
 593 L _   0.037 0.068 0.001 0.025 0.017 0.031 0.048 0.773 
 594 G _   0.033 0.066 0.001 0.023 0.014 0.028 0.049 0.785 
 595 E _   0.029 0.064 0.001 0.021 0.012 0.026 0.049 0.797 
 596 G _   0.026 0.061 0.001 0.019 0.011 0.023 0.050 0.808 
 597 E _   0.023 0.058 0.001 0.019 0.009 0.021 0.051 0.817 
 598 F _   0.020 0.056 0.001 0.019 0.008 0.019 0.053 0.825 
 599 G _   0.018 0.052 0.001 0.019 0.008 0.017 0.054 0.831 
 600 S _   0.016 0.049 0.001 0.019 0.007 0.015 0.055 0.838 
 601 V _   0.014 0.045 0.001 0.018 0.006 0.014 0.057 0.846 
 602 M _   0.012 0.040 0.001 0.016 0.005 0.012 0.058 0.855 
 603 E _   0.011 0.035 0.001 0.015 0.005 0.011 0.059 0.864 
 604 G _   0.009 0.029 0.001 0.012 0.004 0.009 0.061 0.875 
 605 N _   0.008 0.024 0.000 0.009 0.003 0.008 0.062 0.885 
 606 L _   0.007 0.019 0.000 0.007 0.002 0.007 0.062 0.895 
 607 K _   0.006 0.016 0.000 0.005 0.002 0.006 0.063 0.901 
 608 Q _   0.006 0.014 0.000 0.004 0.002 0.006 0.063 0.905 
 609 E _   0.005 0.014 0.000 0.004 0.002 0.007 0.062 0.906 
 610 D _   0.006 0.015 0.000 0.004 0.002 0.008 0.061 0.903 
 611 G _   0.006 0.019 0.000 0.006 0.003 0.010 0.060 0.895 
 612 T _   0.008 0.026 0.001 0.010 0.004 0.012 0.059 0.880 
 613 S _   0.009 0.041 0.001 0.018 0.007 0.015 0.056 0.853 
 614 L _   0.010 0.062 0.001 0.028 0.009 0.018 0.054 0.818 
 615 K _   0.011 0.082 0.001 0.040 0.012 0.020 0.052 0.783 
 616 V _   0.012 0.097 0.001 0.049 0.013 0.021 0.050 0.756 
 617 A _   0.012 0.106 0.001 0.056 0.014 0.021 0.048 0.742 
 618 V _   0.011 0.109 0.001 0.057 0.014 0.021 0.048 0.738 
 619 K _   0.011 0.108 0.001 0.053 0.013 0.019 0.048 0.747 
 620 T _   0.011 0.101 0.001 0.045 0.011 0.018 0.048 0.766 
 621 M _   0.010 0.089 0.001 0.034 0.009 0.016 0.048 0.793 
 622 K _   0.010 0.072 0.001 0.023 0.007 0.014 0.049 0.825 
 623 L _   0.009 0.055 0.001 0.014 0.005 0.012 0.050 0.855 
 624 D _   0.008 0.042 0.000 0.008 0.003 0.011 0.050 0.877 
 625 N _   0.008 0.035 0.000 0.005 0.003 0.011 0.050 0.888 
 626 S _   0.008 0.032 0.000 0.004 0.002 0.012 0.049 0.891 
 627 S _   0.009 0.033 0.000 0.005 0.003 0.014 0.049 0.888 
 628 Q _   0.011 0.037 0.000 0.007 0.004 0.017 0.047 0.876 
 629 R _   0.014 0.048 0.001 0.012 0.007 0.021 0.046 0.852 
 630 E _   0.017 0.067 0.001 0.019 0.011 0.025 0.044 0.817 
 631 I _   0.018 0.093 0.001 0.029 0.015 0.028 0.041 0.774 
 632 E _   0.019 0.119 0.002 0.040 0.018 0.031 0.038 0.733 
 633 E _   0.020 0.138 0.002 0.050 0.021 0.032 0.036 0.702 
 634 F _   0.020 0.149 0.002 0.056 0.022 0.032 0.035 0.684 
 635 L _   0.020 0.153 0.002 0.059 0.022 0.032 0.033 0.678 
 636 S _   0.020 0.152 0.002 0.059 0.022 0.030 0.033 0.683 
 637 E _   0.020 0.144 0.002 0.055 0.020 0.028 0.032 0.699 
 638 A _   0.020 0.130 0.002 0.047 0.018 0.026 0.032 0.725 
 639 A _   0.021 0.108 0.002 0.037 0.015 0.024 0.033 0.761 
 640 C _   0.023 0.078 0.001 0.027 0.012 0.022 0.033 0.804 
 641 M _   0.025 0.048 0.001 0.018 0.009 0.020 0.034 0.847 
 642 K _   0.028 0.023 0.001 0.010 0.006 0.018 0.034 0.880 
 643 D _   0.032 0.008 0.001 0.006 0.004 0.017 0.034 0.898 
 644 F _   0.039 0.002 0.000 0.003 0.003 0.018 0.033 0.902 
 645 S _   0.051 0.001 0.000 0.002 0.003 0.019 0.032 0.891 
 646 H _   0.073 0.000 0.000 0.002 0.004 0.022 0.031 0.867 
 647 P _   0.109 0.000 0.001 0.002 0.006 0.028 0.029 0.826 
 648 N _   0.158 0.000 0.001 0.002 0.011 0.035 0.028 0.764 
 649 V _   0.215 0.000 0.001 0.003 0.020 0.045 0.026 0.689 
 650 I _   0.271 0.002 0.002 0.006 0.032 0.054 0.024 0.610 
 651 R _   0.315 0.004 0.002 0.009 0.045 0.061 0.023 0.540 
 652 L _   0.344 0.008 0.003 0.015 0.057 0.065 0.022 0.486 
 653 L _   0.359 0.013 0.003 0.021 0.064 0.066 0.022 0.452 
 654 G _   0.362 0.016 0.003 0.026 0.067 0.065 0.022 0.440 
 655 V _   0.353 0.018 0.003 0.028 0.065 0.061 0.023 0.449 
 656 C _   0.333 0.017 0.003 0.028 0.060 0.056 0.024 0.479 
 657 I _   0.301 0.015 0.003 0.025 0.050 0.050 0.025 0.530 
 658 E _   0.261 0.012 0.003 0.020 0.039 0.043 0.027 0.596 
 659 M _   0.214 0.008 0.002 0.014 0.027 0.036 0.028 0.671 
 660 S _   0.166 0.004 0.001 0.009 0.017 0.029 0.030 0.745 
 661 S _   0.122 0.002 0.001 0.006 0.010 0.023 0.031 0.806 
 662 Q _   0.087 0.001 0.001 0.004 0.006 0.019 0.031 0.851 
 663 G _   0.062 0.000 0.000 0.003 0.004 0.017 0.032 0.882 
