#TopoPred_TM8: 8-state transmembrane topology prediction results by no_profile mode 
#probabilities are in the order of H E C I L F X _, the 8 transmembrane topology types used in PDBTM 
   1 M X   0.011 0.001 0.002 0.044 0.009 0.010 0.837 0.086 
   2 G X   0.006 0.000 0.000 0.028 0.002 0.006 0.862 0.095 
   3 C X   0.003 0.000 0.000 0.018 0.001 0.005 0.870 0.102 
   4 V X   0.003 0.000 0.000 0.013 0.001 0.005 0.870 0.107 
   5 F X   0.003 0.000 0.000 0.011 0.001 0.005 0.867 0.112 
   6 C X   0.004 0.000 0.000 0.008 0.001 0.005 0.862 0.119 
   7 K X   0.004 0.000 0.000 0.007 0.001 0.005 0.856 0.125 
   8 K X   0.004 0.001 0.000 0.006 0.001 0.005 0.850 0.132 
   9 L X   0.004 0.001 0.000 0.005 0.001 0.005 0.844 0.140 
  10 E X   0.004 0.001 0.000 0.005 0.001 0.004 0.837 0.148 
  11 P X   0.003 0.001 0.000 0.005 0.001 0.004 0.829 0.156 
  12 V X   0.003 0.001 0.000 0.005 0.001 0.004 0.821 0.165 
  13 A X   0.003 0.001 0.000 0.004 0.001 0.003 0.814 0.173 
  14 T X   0.002 0.001 0.000 0.004 0.001 0.003 0.806 0.182 
  15 A X   0.002 0.002 0.000 0.004 0.001 0.003 0.797 0.190 
  16 K X   0.002 0.002 0.000 0.004 0.001 0.003 0.789 0.199 
  17 E X   0.002 0.002 0.000 0.004 0.001 0.003 0.779 0.208 
  18 D X   0.002 0.003 0.000 0.005 0.001 0.004 0.769 0.217 
  19 A X   0.002 0.004 0.000 0.006 0.002 0.004 0.758 0.225 
  20 G X   0.002 0.005 0.000 0.007 0.002 0.004 0.746 0.234 
  21 L X   0.002 0.006 0.000 0.009 0.002 0.005 0.733 0.242 
  22 E X   0.002 0.008 0.000 0.011 0.003 0.006 0.720 0.249 
  23 G X   0.003 0.010 0.000 0.014 0.003 0.006 0.708 0.257 
  24 D X   0.003 0.011 0.000 0.016 0.003 0.006 0.697 0.264 
  25 F X   0.003 0.012 0.000 0.017 0.003 0.007 0.686 0.271 
  26 R X   0.003 0.013 0.000 0.017 0.003 0.006 0.678 0.280 
  27 S X   0.003 0.013 0.000 0.017 0.003 0.006 0.670 0.288 
  28 Y X   0.003 0.012 0.000 0.015 0.003 0.006 0.663 0.298 
  29 G X   0.003 0.011 0.000 0.013 0.003 0.005 0.657 0.308 
  30 A X   0.003 0.010 0.000 0.011 0.002 0.005 0.651 0.318 
  31 A X   0.003 0.009 0.000 0.008 0.002 0.004 0.645 0.329 
  32 D X   0.003 0.007 0.000 0.006 0.001 0.004 0.639 0.339 
  33 H X   0.003 0.006 0.000 0.005 0.001 0.004 0.632 0.349 
  34 Y X   0.003 0.006 0.000 0.004 0.001 0.003 0.624 0.359 
  35 G X   0.002 0.005 0.000 0.003 0.001 0.003 0.615 0.370 
  36 P X   0.002 0.006 0.000 0.003 0.001 0.004 0.603 0.381 
  37 D X   0.002 0.006 0.000 0.004 0.001 0.005 0.589 0.392 
  38 P X   0.003 0.009 0.000 0.005 0.002 0.006 0.571 0.405 
  39 T X   0.003 0.013 0.000 0.008 0.003 0.008 0.548 0.416 
  40 K X   0.004 0.023 0.001 0.013 0.004 0.011 0.519 0.425 
  41 A X   0.005 0.040 0.001 0.021 0.007 0.014 0.484 0.428 
  42 R X   0.005 0.067 0.001 0.033 0.010 0.017 0.443 0.424 
  43 P _   0.006 0.098 0.002 0.047 0.013 0.020 0.400 0.415 
  44 A _   0.006 0.128 0.002 0.060 0.015 0.021 0.361 0.407 
  45 S _   0.006 0.150 0.002 0.070 0.016 0.022 0.330 0.404 
  46 S _   0.006 0.163 0.001 0.076 0.016 0.022 0.306 0.408 
  47 F _   0.006 0.170 0.001 0.078 0.016 0.021 0.288 0.418 
  48 A _   0.006 0.171 0.001 0.075 0.015 0.020 0.274 0.437 
  49 H _   0.006 0.167 0.001 0.067 0.014 0.019 0.263 0.463 
  50 I _   0.007 0.156 0.001 0.056 0.012 0.017 0.254 0.497 
  51 P _   0.007 0.139 0.001 0.044 0.010 0.015 0.246 0.538 
  52 N _   0.007 0.117 0.001 0.033 0.008 0.014 0.239 0.582 
  53 Y _   0.007 0.092 0.001 0.023 0.006 0.012 0.233 0.625 
  54 S _   0.006 0.070 0.001 0.017 0.005 0.012 0.228 0.662 
  55 N _   0.006 0.055 0.001 0.013 0.004 0.011 0.222 0.689 
  56 F _   0.006 0.044 0.000 0.011 0.004 0.011 0.216 0.708 
  57 S _   0.006 0.037 0.000 0.011 0.004 0.011 0.209 0.722 
  58 S _   0.006 0.033 0.000 0.011 0.004 0.011 0.203 0.732 
  59 Q _   0.006 0.030 0.001 0.013 0.004 0.012 0.196 0.739 
  60 A _   0.006 0.028 0.001 0.014 0.005 0.012 0.188 0.746 
  61 I _   0.006 0.025 0.001 0.016 0.005 0.013 0.181 0.753 
  62 N _   0.007 0.023 0.001 0.016 0.006 0.014 0.174 0.760 
  63 P _   0.008 0.019 0.001 0.016 0.006 0.015 0.167 0.769 
  64 G _   0.010 0.016 0.001 0.015 0.006 0.016 0.160 0.777 
  65 F _   0.013 0.012 0.001 0.013 0.006 0.018 0.153 0.784 
  66 L _   0.018 0.008 0.001 0.011 0.007 0.020 0.147 0.789 
  67 D _   0.026 0.005 0.001 0.009 0.007 0.022 0.141 0.788 
  68 S _   0.040 0.003 0.001 0.008 0.008 0.026 0.135 0.781 
  69 G _   0.060 0.002 0.001 0.006 0.009 0.030 0.128 0.764 
  70 T _   0.089 0.001 0.001 0.005 0.011 0.034 0.122 0.737 
  71 I _   0.127 0.000 0.001 0.005 0.014 0.039 0.115 0.698 
  72 R _   0.173 0.000 0.001 0.004 0.018 0.044 0.109 0.650 
  73 G _   0.223 0.000 0.002 0.005 0.024 0.050 0.103 0.594 
  74 V _   0.275 0.000 0.002 0.005 0.031 0.055 0.097 0.535 
  75 S _   0.324 0.001 0.002 0.005 0.039 0.059 0.093 0.478 
  76 G _   0.366 0.001 0.002 0.005 0.048 0.062 0.089 0.426 
  77 I H   0.401 0.002 0.002 0.006 0.056 0.064 0.087 0.381 
  78 G H   0.425 0.004 0.002 0.008 0.062 0.064 0.086 0.348 
  79 V H   0.437 0.006 0.003 0.011 0.067 0.063 0.086 0.327 
  80 T H   0.437 0.009 0.003 0.015 0.067 0.060 0.088 0.321 
  81 L H   0.423 0.012 0.003 0.019 0.065 0.057 0.090 0.332 
  82 F H   0.395 0.013 0.003 0.022 0.060 0.052 0.094 0.361 
  83 I _   0.355 0.013 0.003 0.024 0.051 0.047 0.099 0.407 
  84 A _   0.303 0.012 0.003 0.024 0.041 0.041 0.105 0.471 
  85 L _   0.246 0.010 0.002 0.021 0.031 0.035 0.111 0.544 
  86 Y _   0.189 0.008 0.002 0.017 0.020 0.028 0.118 0.618 
  87 D _   0.138 0.005 0.001 0.013 0.013 0.022 0.124 0.684 
  88 Y _   0.097 0.003 0.001 0.009 0.008 0.017 0.129 0.737 
  89 E _   0.065 0.002 0.001 0.006 0.005 0.013 0.133 0.776 
  90 A _   0.042 0.001 0.000 0.005 0.003 0.010 0.136 0.803 
  91 R _   0.027 0.001 0.000 0.004 0.002 0.008 0.138 0.821 
  92 T _   0.017 0.001 0.000 0.003 0.002 0.006 0.139 0.831 
  93 E _   0.012 0.001 0.000 0.003 0.001 0.006 0.140 0.837 
  94 D _   0.009 0.001 0.000 0.003 0.001 0.006 0.139 0.840 
  95 D _   0.007 0.001 0.000 0.004 0.002 0.006 0.139 0.841 
  96 L _   0.007 0.003 0.000 0.005 0.002 0.007 0.137 0.839 
  97 T _   0.007 0.005 0.000 0.007 0.003 0.008 0.135 0.836 
  98 F _   0.007 0.008 0.000 0.010 0.003 0.009 0.133 0.831 
  99 T _   0.007 0.012 0.000 0.013 0.004 0.010 0.130 0.824 
 100 K _   0.007 0.016 0.001 0.016 0.005 0.010 0.127 0.818 
 101 G _   0.007 0.020 0.001 0.019 0.005 0.011 0.125 0.813 
 102 E _   0.007 0.023 0.001 0.021 0.006 0.011 0.123 0.810 
 103 K _   0.007 0.025 0.001 0.021 0.006 0.011 0.121 0.809 
 104 F _   0.006 0.026 0.001 0.020 0.005 0.010 0.119 0.812 
 105 H _   0.006 0.026 0.001 0.018 0.005 0.010 0.118 0.816 
 106 I _   0.006 0.026 0.001 0.016 0.004 0.009 0.117 0.821 
 107 L _   0.006 0.025 0.000 0.013 0.004 0.009 0.116 0.827 
 108 N _   0.006 0.025 0.000 0.011 0.003 0.008 0.115 0.831 
 109 N _   0.005 0.024 0.000 0.010 0.003 0.008 0.114 0.834 
 110 T _   0.006 0.025 0.000 0.010 0.003 0.008 0.113 0.836 
 111 E _   0.006 0.025 0.000 0.010 0.003 0.008 0.112 0.836 
 112 G _   0.006 0.026 0.000 0.011 0.003 0.009 0.110 0.835 
 113 D _   0.006 0.028 0.000 0.012 0.004 0.009 0.109 0.832 
 114 W _   0.006 0.030 0.000 0.013 0.004 0.009 0.107 0.830 
 115 W _   0.006 0.032 0.000 0.015 0.004 0.009 0.106 0.828 
 116 E _   0.006 0.033 0.001 0.015 0.004 0.009 0.104 0.827 
 117 A _   0.006 0.035 0.001 0.016 0.004 0.009 0.102 0.827 
 118 R _   0.006 0.035 0.001 0.016 0.004 0.009 0.101 0.828 
 119 S _   0.006 0.036 0.001 0.015 0.004 0.009 0.100 0.830 
 120 L _   0.005 0.036 0.000 0.014 0.004 0.009 0.098 0.833 
 121 S _   0.005 0.035 0.000 0.013 0.004 0.009 0.097 0.836 
 122 S _   0.005 0.035 0.000 0.012 0.004 0.008 0.096 0.839 
 123 G _   0.005 0.035 0.000 0.012 0.004 0.008 0.095 0.840 
 124 K _   0.005 0.036 0.000 0.012 0.004 0.008 0.094 0.840 
 125 T _   0.006 0.036 0.000 0.012 0.004 0.009 0.093 0.840 
 126 G _   0.006 0.037 0.000 0.012 0.004 0.009 0.092 0.840 
 127 C _   0.006 0.037 0.000 0.013 0.004 0.009 0.091 0.839 
 128 I _   0.006 0.038 0.000 0.013 0.004 0.009 0.091 0.838 
 129 P _   0.006 0.039 0.001 0.013 0.004 0.009 0.090 0.839 
 130 S _   0.007 0.039 0.000 0.012 0.004 0.009 0.089 0.839 
 131 N _   0.007 0.040 0.000 0.011 0.004 0.009 0.089 0.840 
 132 Y _   0.007 0.040 0.000 0.010 0.004 0.010 0.088 0.841 
 133 V _   0.007 0.041 0.000 0.009 0.003 0.010 0.087 0.841 
 134 A _   0.007 0.043 0.000 0.009 0.004 0.010 0.087 0.840 
 135 P _   0.007 0.046 0.000 0.009 0.004 0.011 0.086 0.836 
 136 V _   0.008 0.052 0.001 0.011 0.005 0.012 0.084 0.828 
 137 D _   0.009 0.060 0.001 0.013 0.006 0.014 0.083 0.816 
 138 S _   0.009 0.071 0.001 0.017 0.007 0.015 0.081 0.799 
 139 I _   0.010 0.085 0.001 0.022 0.009 0.017 0.079 0.778 
 140 Q _   0.011 0.100 0.001 0.028 0.010 0.018 0.077 0.756 
 141 A _   0.011 0.112 0.001 0.033 0.011 0.018 0.076 0.737 
 142 E _   0.011 0.121 0.001 0.038 0.012 0.018 0.075 0.725 
 143 E _   0.011 0.125 0.001 0.040 0.011 0.018 0.075 0.719 
 144 W _   0.010 0.126 0.001 0.039 0.011 0.017 0.075 0.721 
 145 Y _   0.010 0.123 0.001 0.036 0.009 0.015 0.076 0.729 
 146 F _   0.009 0.117 0.001 0.031 0.008 0.014 0.077 0.743 
 147 G _   0.009 0.108 0.001 0.025 0.007 0.012 0.079 0.760 
 148 K _   0.008 0.096 0.001 0.020 0.005 0.011 0.080 0.778 
 149 I _   0.008 0.084 0.001 0.016 0.004 0.010 0.082 0.795 
 150 G _   0.007 0.074 0.000 0.012 0.004 0.009 0.084 0.810 
 151 R _   0.007 0.065 0.000 0.010 0.003 0.008 0.085 0.821 
 152 K _   0.007 0.059 0.000 0.009 0.003 0.008 0.086 0.828 
 153 D _   0.007 0.055 0.000 0.009 0.003 0.007 0.087 0.832 
 154 A _   0.006 0.053 0.000 0.009 0.002 0.007 0.087 0.835 
 155 E _   0.006 0.051 0.000 0.009 0.002 0.007 0.088 0.837 
 156 R _   0.006 0.050 0.000 0.008 0.002 0.007 0.088 0.839 
 157 Q _   0.006 0.049 0.000 0.008 0.002 0.007 0.087 0.841 
 158 L _   0.005 0.049 0.000 0.007 0.002 0.006 0.087 0.843 
 159 L _   0.005 0.049 0.000 0.007 0.002 0.006 0.085 0.845 
 160 S _   0.005 0.050 0.000 0.006 0.002 0.006 0.084 0.846 
 161 P _   0.004 0.053 0.000 0.006 0.002 0.007 0.082 0.845 
 162 G _   0.005 0.057 0.000 0.007 0.002 0.008 0.080 0.839 
 163 N _   0.005 0.066 0.000 0.009 0.003 0.009 0.078 0.828 
 164 P _   0.006 0.081 0.001 0.012 0.004 0.011 0.075 0.809 
 165 Q _   0.007 0.104 0.001 0.017 0.006 0.013 0.071 0.780 
 166 G _   0.008 0.134 0.001 0.023 0.008 0.015 0.067 0.745 
 167 A _   0.008 0.164 0.001 0.029 0.009 0.016 0.063 0.711 
 168 F _   0.008 0.188 0.001 0.033 0.009 0.016 0.060 0.685 
 169 L _   0.008 0.206 0.001 0.035 0.010 0.016 0.057 0.668 
 170 I _   0.007 0.217 0.001 0.035 0.009 0.015 0.055 0.660 
 171 R _   0.007 0.222 0.001 0.033 0.009 0.015 0.054 0.660 
 172 E _   0.007 0.224 0.001 0.030 0.008 0.014 0.053 0.664 
 173 S _   0.006 0.223 0.001 0.026 0.007 0.013 0.052 0.672 
 174 E _   0.006 0.219 0.001 0.022 0.006 0.013 0.051 0.681 
 175 T _   0.006 0.216 0.001 0.020 0.006 0.012 0.051 0.689 
 176 T _   0.007 0.212 0.001 0.018 0.006 0.012 0.050 0.694 
 177 K _   0.007 0.209 0.001 0.019 0.006 0.012 0.050 0.697 
 178 G _   0.007 0.207 0.001 0.020 0.006 0.012 0.050 0.697 
 179 A _   0.008 0.205 0.001 0.022 0.006 0.013 0.050 0.697 
 180 Y _   0.008 0.202 0.001 0.024 0.007 0.013 0.050 0.697 
 181 S _   0.008 0.196 0.001 0.025 0.007 0.012 0.050 0.700 
 182 L _   0.008 0.188 0.001 0.026 0.007 0.012 0.050 0.708 
 183 S _   0.008 0.176 0.001 0.025 0.007 0.012 0.051 0.721 
 184 I _   0.008 0.159 0.001 0.023 0.006 0.011 0.052 0.739 
 185 R _   0.008 0.138 0.001 0.021 0.006 0.010 0.053 0.763 
 186 D _   0.008 0.114 0.001 0.017 0.005 0.010 0.054 0.791 
 187 W _   0.008 0.091 0.001 0.014 0.004 0.009 0.056 0.818 
 188 D _   0.007 0.071 0.001 0.011 0.004 0.009 0.057 0.842 
 189 Q _   0.007 0.055 0.000 0.009 0.003 0.008 0.057 0.860 
 190 T _   0.006 0.045 0.000 0.007 0.003 0.007 0.058 0.873 
 191 R _   0.006 0.039 0.000 0.006 0.002 0.007 0.058 0.881 
 192 G _   0.005 0.035 0.000 0.006 0.002 0.007 0.057 0.886 
 193 D _   0.005 0.034 0.000 0.007 0.002 0.008 0.057 0.887 
 194 H _   0.005 0.033 0.000 0.007 0.002 0.008 0.056 0.887 
 195 V _   0.005 0.034 0.000 0.008 0.003 0.009 0.055 0.885 
 196 K _   0.006 0.036 0.000 0.010 0.003 0.010 0.053 0.882 
 197 H _   0.006 0.038 0.000 0.011 0.004 0.011 0.052 0.878 
 198 Y _   0.006 0.041 0.001 0.013 0.005 0.013 0.050 0.872 
 199 K _   0.007 0.044 0.001 0.015 0.005 0.014 0.048 0.866 
 200 I _   0.008 0.047 0.001 0.016 0.006 0.016 0.046 0.860 
 201 R _   0.009 0.051 0.001 0.017 0.007 0.018 0.044 0.853 
 202 K _   0.010 0.054 0.001 0.019 0.008 0.021 0.043 0.845 
 203 L _   0.011 0.057 0.001 0.021 0.010 0.023 0.041 0.835 
 204 D _   0.013 0.060 0.001 0.023 0.012 0.026 0.039 0.825 
 205 M _   0.016 0.063 0.001 0.026 0.014 0.029 0.038 0.814 
 206 G _   0.018 0.064 0.001 0.029 0.016 0.031 0.037 0.804 
 207 G _   0.020 0.065 0.001 0.031 0.017 0.033 0.036 0.797 
 208 Y _   0.023 0.063 0.001 0.031 0.018 0.034 0.035 0.795 
 209 Y _   0.025 0.060 0.001 0.030 0.018 0.035 0.034 0.797 
 210 I _   0.026 0.054 0.001 0.028 0.018 0.035 0.034 0.804 
 211 T _   0.027 0.047 0.001 0.024 0.016 0.035 0.034 0.816 
 212 T _   0.029 0.037 0.001 0.019 0.015 0.035 0.033 0.830 
 213 R _   0.031 0.028 0.001 0.014 0.013 0.035 0.033 0.845 
 214 V _   0.032 0.020 0.001 0.011 0.012 0.035 0.033 0.856 
 215 Q _   0.035 0.015 0.001 0.008 0.011 0.035 0.033 0.862 
 216 F _   0.037 0.012 0.001 0.008 0.011 0.036 0.032 0.863 
 217 N _   0.041 0.011 0.001 0.008 0.012 0.037 0.032 0.858 
 218 S _   0.045 0.011 0.001 0.010 0.014 0.039 0.031 0.848 
 219 V _   0.050 0.011 0.001 0.013 0.017 0.040 0.031 0.836 
 220 Q _   0.054 0.012 0.001 0.017 0.019 0.041 0.031 0.824 
 221 E _   0.057 0.013 0.001 0.020 0.021 0.041 0.031 0.815 
 222 L _   0.059 0.013 0.002 0.022 0.022 0.041 0.031 0.812 
 223 V _   0.059 0.012 0.002 0.023 0.021 0.039 0.031 0.814 
 224 Q _   0.058 0.011 0.001 0.020 0.018 0.036 0.031 0.824 
 225 H _   0.057 0.008 0.001 0.016 0.015 0.033 0.031 0.838 
 226 Y _   0.057 0.005 0.001 0.012 0.012 0.030 0.031 0.852 
 227 M _   0.057 0.003 0.001 0.008 0.009 0.028 0.031 0.864 
 228 E _   0.059 0.001 0.001 0.005 0.007 0.026 0.031 0.871 
 229 V _   0.063 0.000 0.001 0.003 0.005 0.025 0.031 0.871 
 230 N _   0.070 0.000 0.001 0.002 0.005 0.025 0.031 0.866 
 231 D _   0.081 0.000 0.001 0.002 0.006 0.027 0.030 0.853 
 232 G _   0.098 0.000 0.001 0.002 0.007 0.030 0.030 0.832 
 233 L _   0.119 0.000 0.001 0.003 0.010 0.035 0.029 0.804 
 234 C _   0.141 0.000 0.001 0.004 0.015 0.040 0.029 0.770 
 235 N _   0.163 0.001 0.001 0.006 0.021 0.045 0.029 0.734 
 236 L _   0.181 0.002 0.002 0.008 0.028 0.049 0.028 0.701 
 237 L _   0.194 0.004 0.002 0.012 0.033 0.052 0.028 0.674 
 238 I _   0.200 0.007 0.002 0.016 0.037 0.053 0.029 0.656 
 239 A _   0.198 0.009 0.002 0.019 0.039 0.053 0.029 0.650 
 240 P _   0.191 0.010 0.002 0.021 0.038 0.051 0.030 0.656 
 241 C _   0.176 0.011 0.002 0.022 0.036 0.048 0.031 0.674 
 242 T _   0.157 0.010 0.002 0.022 0.031 0.043 0.033 0.701 
 243 I _   0.136 0.009 0.002 0.020 0.026 0.039 0.034 0.734 
 244 M _   0.113 0.008 0.002 0.017 0.020 0.034 0.035 0.771 
 245 K _   0.091 0.006 0.001 0.014 0.015 0.029 0.037 0.807 
 246 P _   0.070 0.005 0.001 0.011 0.011 0.025 0.038 0.840 
 247 Q _   0.052 0.003 0.001 0.009 0.008 0.021 0.039 0.867 
 248 T _   0.039 0.003 0.001 0.007 0.006 0.018 0.040 0.887 
 249 L _   0.029 0.002 0.001 0.006 0.005 0.015 0.040 0.902 
 250 G _   0.022 0.002 0.000 0.006 0.004 0.014 0.040 0.912 
 251 L _   0.018 0.002 0.000 0.006 0.004 0.013 0.040 0.918 
 252 A _   0.015 0.002 0.000 0.006 0.004 0.012 0.040 0.921 
 253 K _   0.013 0.003 0.000 0.007 0.004 0.012 0.040 0.922 
 254 D _   0.011 0.003 0.000 0.007 0.004 0.012 0.039 0.922 
 255 A _   0.011 0.004 0.000 0.008 0.004 0.013 0.039 0.921 
 256 W _   0.011 0.005 0.001 0.009 0.005 0.013 0.038 0.919 
 257 E _   0.011 0.006 0.001 0.009 0.005 0.014 0.038 0.916 
 258 I _   0.012 0.007 0.001 0.010 0.006 0.016 0.037 0.912 
 259 S _   0.013 0.009 0.001 0.011 0.006 0.017 0.036 0.907 
 260 R _   0.014 0.010 0.001 0.012 0.007 0.019 0.036 0.901 
 261 S _   0.016 0.012 0.001 0.013 0.008 0.021 0.035 0.894 
 262 S _   0.018 0.013 0.001 0.014 0.009 0.024 0.034 0.887 
 263 I _   0.021 0.015 0.001 0.015 0.011 0.026 0.033 0.878 
 264 T _   0.024 0.017 0.001 0.016 0.012 0.028 0.033 0.869 
 265 L _   0.027 0.018 0.001 0.017 0.013 0.030 0.032 0.861 
 266 E _   0.030 0.020 0.001 0.017 0.014 0.032 0.032 0.854 
 267 R _   0.033 0.021 0.001 0.017 0.015 0.034 0.032 0.848 
 268 R _   0.036 0.021 0.001 0.016 0.016 0.035 0.031 0.844 
 269 L _   0.038 0.022 0.001 0.015 0.016 0.036 0.031 0.840 
 270 G _   0.041 0.023 0.001 0.015 0.017 0.036 0.031 0.837 
 271 T _   0.042 0.024 0.001 0.015 0.017 0.037 0.031 0.833 
 272 G _   0.044 0.025 0.001 0.016 0.018 0.037 0.031 0.828 
 273 C _   0.045 0.027 0.001 0.018 0.019 0.037 0.031 0.822 
 274 F _   0.045 0.029 0.001 0.020 0.020 0.036 0.032 0.817 
 275 G _   0.045 0.031 0.001 0.023 0.020 0.035 0.032 0.812 
 276 D _   0.044 0.032 0.001 0.025 0.020 0.034 0.033 0.812 
 277 V _   0.041 0.032 0.001 0.026 0.018 0.032 0.033 0.817 
 278 W _   0.038 0.030 0.001 0.025 0.016 0.029 0.034 0.827 
 279 L _   0.034 0.028 0.001 0.022 0.014 0.026 0.035 0.841 
 280 G _   0.030 0.024 0.001 0.018 0.011 0.023 0.036 0.857 
 281 T _   0.025 0.020 0.001 0.014 0.009 0.020 0.037 0.874 
 282 W _   0.021 0.017 0.001 0.011 0.007 0.018 0.038 0.888 
 283 N _   0.018 0.014 0.001 0.009 0.005 0.016 0.038 0.899 
 284 G _   0.015 0.012 0.001 0.007 0.005 0.015 0.039 0.906 
 285 S _   0.014 0.012 0.001 0.007 0.005 0.014 0.039 0.908 
 286 T _   0.013 0.012 0.001 0.009 0.005 0.014 0.039 0.907 
 287 K _   0.013 0.013 0.001 0.011 0.005 0.015 0.039 0.903 
 288 V _   0.013 0.015 0.001 0.014 0.006 0.015 0.040 0.897 
 289 A _   0.012 0.017 0.001 0.017 0.007 0.015 0.040 0.891 
 290 V _   0.012 0.018 0.001 0.019 0.008 0.015 0.040 0.887 
 291 K _   0.012 0.019 0.001 0.020 0.008 0.014 0.040 0.886 
 292 T _   0.011 0.019 0.001 0.019 0.007 0.014 0.041 0.888 
 293 L _   0.010 0.018 0.001 0.017 0.006 0.013 0.041 0.894 
 294 K _   0.009 0.016 0.001 0.014 0.005 0.012 0.042 0.901 
 295 P _   0.009 0.013 0.001 0.011 0.004 0.011 0.043 0.909 
 296 G _   0.008 0.011 0.000 0.008 0.003 0.010 0.043 0.915 
 297 T _   0.008 0.010 0.000 0.006 0.003 0.010 0.043 0.919 
 298 M _   0.008 0.010 0.000 0.005 0.003 0.011 0.043 0.919 
 299 S _   0.009 0.010 0.000 0.005 0.003 0.013 0.043 0.916 
 300 P _   0.011 0.012 0.000 0.006 0.004 0.015 0.043 0.908 
 301 K _   0.013 0.016 0.001 0.009 0.006 0.018 0.043 0.894 
 302 A _   0.015 0.023 0.001 0.014 0.008 0.021 0.042 0.875 
 303 F _   0.017 0.033 0.001 0.020 0.011 0.024 0.041 0.852 
 304 L _   0.019 0.043 0.001 0.028 0.015 0.027 0.041 0.826 
 305 E _   0.021 0.052 0.001 0.035 0.017 0.028 0.040 0.806 
 306 E _   0.022 0.057 0.001 0.041 0.018 0.029 0.040 0.792 
 307 A _   0.022 0.059 0.001 0.043 0.018 0.029 0.040 0.788 
 308 Q _   0.022 0.058 0.001 0.042 0.017 0.028 0.040 0.792 
 309 V _   0.021 0.054 0.001 0.037 0.016 0.026 0.041 0.803 
 310 M _   0.021 0.047 0.001 0.031 0.013 0.024 0.042 0.822 
 311 K _   0.020 0.037 0.001 0.023 0.011 0.022 0.043 0.844 
 312 L _   0.019 0.026 0.001 0.016 0.008 0.020 0.044 0.867 
 313 L _   0.018 0.015 0.001 0.011 0.006 0.018 0.044 0.886 
 314 R _   0.017 0.008 0.001 0.007 0.005 0.017 0.045 0.900 
 315 H _   0.017 0.004 0.000 0.005 0.004 0.016 0.045 0.907 
 316 D _   0.018 0.002 0.000 0.004 0.004 0.017 0.046 0.909 
 317 K _   0.020 0.002 0.000 0.004 0.004 0.018 0.046 0.906 
 318 L _   0.023 0.001 0.001 0.005 0.005 0.019 0.046 0.900 
 319 V _   0.027 0.001 0.001 0.006 0.006 0.022 0.045 0.892 
 320 Q _   0.033 0.001 0.001 0.008 0.007 0.024 0.045 0.881 
 321 L _   0.039 0.001 0.001 0.009 0.009 0.027 0.045 0.869 
 322 Y _   0.047 0.001 0.001 0.010 0.010 0.030 0.044 0.857 
 323 A _   0.055 0.001 0.001 0.010 0.011 0.032 0.044 0.845 
 324 V _   0.066 0.001 0.001 0.009 0.012 0.035 0.044 0.833 
 325 V _   0.078 0.001 0.001 0.008 0.012 0.038 0.043 0.819 
 326 S _   0.093 0.001 0.001 0.006 0.013 0.041 0.043 0.802 
 327 E _   0.111 0.001 0.001 0.005 0.014 0.045 0.043 0.781 
 328 E _   0.131 0.000 0.001 0.005 0.016 0.049 0.042 0.756 
 329 P _   0.153 0.001 0.001 0.004 0.020 0.054 0.042 0.725 
 330 I _   0.175 0.001 0.001 0.005 0.025 0.059 0.042 0.692 
 331 Y _   0.196 0.003 0.002 0.006 0.032 0.064 0.042 0.656 
 332 I _   0.216 0.006 0.002 0.008 0.041 0.069 0.042 0.617 
 333 V _   0.232 0.012 0.002 0.011 0.050 0.072 0.043 0.578 
 334 T _   0.241 0.021 0.003 0.016 0.057 0.073 0.044 0.544 
 335 E _   0.242 0.032 0.003 0.022 0.062 0.073 0.046 0.521 
 336 F _   0.234 0.042 0.003 0.028 0.064 0.070 0.048 0.511 
 337 M _   0.222 0.049 0.003 0.033 0.063 0.066 0.051 0.512 
 338 C _   0.205 0.054 0.003 0.038 0.059 0.061 0.055 0.525 
 339 H _   0.184 0.056 0.003 0.041 0.051 0.055 0.060 0.550 
 340 G _   0.158 0.056 0.003 0.041 0.043 0.049 0.065 0.586 
 341 S _   0.132 0.052 0.002 0.038 0.033 0.042 0.071 0.629 
 342 L _   0.106 0.046 0.002 0.034 0.025 0.035 0.078 0.675 
 343 L _   0.083 0.037 0.001 0.027 0.017 0.028 0.084 0.722 
 344 D _   0.061 0.027 0.001 0.020 0.011 0.022 0.091 0.767 
 345 F _   0.044 0.018 0.001 0.014 0.007 0.017 0.096 0.805 
 346 L _   0.030 0.010 0.001 0.009 0.004 0.013 0.100 0.833 
 347 K _   0.021 0.006 0.000 0.006 0.003 0.009 0.103 0.853 
 348 N _   0.014 0.003 0.000 0.004 0.002 0.007 0.105 0.865 
 349 P _   0.010 0.002 0.000 0.003 0.001 0.006 0.106 0.872 
 350 E _   0.007 0.001 0.000 0.002 0.001 0.006 0.107 0.875 
 351 G _   0.006 0.001 0.000 0.002 0.001 0.006 0.107 0.876 
 352 Q _   0.006 0.002 0.000 0.003 0.001 0.007 0.106 0.875 
 353 D _   0.007 0.003 0.000 0.004 0.002 0.008 0.105 0.871 
 354 L _   0.007 0.005 0.000 0.005 0.002 0.011 0.103 0.865 
 355 R _   0.009 0.010 0.000 0.007 0.004 0.014 0.101 0.855 
 356 L _   0.010 0.018 0.001 0.010 0.005 0.018 0.098 0.841 
 357 P _   0.013 0.029 0.001 0.013 0.007 0.022 0.094 0.822 
 358 Q _   0.016 0.043 0.001 0.017 0.010 0.026 0.090 0.797 
 359 L _   0.018 0.058 0.001 0.021 0.013 0.031 0.087 0.770 
 360 V _   0.022 0.074 0.001 0.025 0.017 0.035 0.083 0.744 
 361 D _   0.026 0.089 0.001 0.028 0.020 0.039 0.079 0.718 
 362 M _   0.030 0.102 0.002 0.031 0.023 0.042 0.077 0.695 
 363 A _   0.034 0.112 0.002 0.033 0.025 0.044 0.074 0.676 
 364 A _   0.038 0.120 0.002 0.035 0.027 0.046 0.072 0.661 
 365 Q _   0.041 0.125 0.002 0.036 0.028 0.046 0.071 0.652 
 366 V _   0.043 0.127 0.002 0.036 0.029 0.046 0.069 0.648 
 367 A _   0.045 0.127 0.002 0.036 0.028 0.044 0.069 0.649 
 368 E _   0.046 0.124 0.002 0.035 0.027 0.042 0.068 0.656 
 369 G _   0.046 0.118 0.002 0.033 0.025 0.040 0.069 0.668 
 370 M _   0.045 0.109 0.002 0.031 0.022 0.037 0.069 0.685 
 371 A _   0.042 0.097 0.002 0.028 0.020 0.034 0.070 0.707 
 372 Y _   0.039 0.082 0.001 0.025 0.017 0.031 0.071 0.733 
 373 M _   0.035 0.065 0.001 0.021 0.014 0.028 0.073 0.763 
 374 E _   0.031 0.047 0.001 0.017 0.011 0.025 0.074 0.794 
 375 R _   0.028 0.030 0.001 0.013 0.008 0.022 0.076 0.822 
 376 M _   0.024 0.018 0.001 0.009 0.006 0.020 0.077 0.845 
 377 N _   0.022 0.009 0.001 0.006 0.005 0.018 0.078 0.861 
 378 Y _   0.021 0.005 0.000 0.005 0.004 0.017 0.078 0.870 
 379 I _   0.022 0.002 0.000 0.004 0.003 0.017 0.078 0.873 
 380 H _   0.024 0.001 0.000 0.003 0.004 0.018 0.078 0.871 
 381 R _   0.028 0.001 0.000 0.003 0.004 0.021 0.078 0.864 
 382 D _   0.035 0.001 0.001 0.004 0.006 0.024 0.078 0.852 
 383 L _   0.044 0.001 0.001 0.005 0.008 0.028 0.077 0.836 
 384 R _   0.055 0.002 0.001 0.007 0.011 0.033 0.077 0.815 
 385 A _   0.067 0.003 0.001 0.009 0.015 0.039 0.076 0.791 
 386 A _   0.078 0.004 0.001 0.012 0.019 0.043 0.076 0.767 
 387 N _   0.089 0.005 0.001 0.014 0.023 0.047 0.076 0.745 
 388 I _   0.097 0.007 0.002 0.016 0.025 0.050 0.076 0.728 
 389 L _   0.104 0.008 0.002 0.017 0.027 0.051 0.076 0.716 
 390 V _   0.108 0.009 0.002 0.017 0.027 0.052 0.077 0.709 
 391 G _   0.110 0.009 0.002 0.016 0.026 0.052 0.078 0.708 
 392 E _   0.109 0.009 0.002 0.014 0.025 0.051 0.079 0.711 
 393 R _   0.107 0.009 0.001 0.012 0.023 0.049 0.080 0.718 
 394 L _   0.103 0.009 0.001 0.011 0.021 0.048 0.082 0.725 
 395 A _   0.097 0.010 0.001 0.010 0.019 0.046 0.084 0.732 
 396 C _   0.091 0.011 0.001 0.011 0.018 0.045 0.085 0.737 
 397 K _   0.085 0.014 0.001 0.013 0.018 0.043 0.087 0.740 
 398 I _   0.078 0.017 0.001 0.016 0.018 0.041 0.089 0.739 
 399 A _   0.072 0.022 0.001 0.021 0.018 0.039 0.091 0.736 
 400 D _   0.064 0.026 0.001 0.027 0.018 0.036 0.094 0.733 
 401 F _   0.057 0.029 0.001 0.032 0.018 0.033 0.097 0.732 
 402 G _   0.049 0.031 0.001 0.035 0.017 0.030 0.100 0.736 
 403 L _   0.042 0.031 0.001 0.035 0.015 0.026 0.104 0.746 
 404 A _   0.034 0.029 0.001 0.033 0.012 0.023 0.109 0.760 
 405 R _   0.028 0.025 0.001 0.027 0.009 0.019 0.113 0.778 
 406 L _   0.022 0.019 0.001 0.021 0.007 0.015 0.118 0.798 
 407 I _   0.017 0.014 0.001 0.014 0.004 0.011 0.122 0.817 
 408 K _   0.013 0.009 0.000 0.009 0.003 0.009 0.125 0.831 
 409 D _   0.010 0.005 0.000 0.006 0.002 0.007 0.128 0.842 
 410 D _   0.008 0.003 0.000 0.004 0.002 0.005 0.129 0.848 
 411 E _   0.006 0.002 0.000 0.003 0.001 0.005 0.130 0.852 
 412 Y _   0.005 0.001 0.000 0.003 0.001 0.004 0.131 0.855 
 413 N _   0.005 0.001 0.000 0.003 0.001 0.004 0.130 0.856 
 414 P _   0.004 0.001 0.000 0.003 0.001 0.005 0.129 0.856 
 415 C _   0.004 0.002 0.000 0.004 0.001 0.006 0.127 0.855 
 416 Q _   0.005 0.003 0.000 0.005 0.002 0.007 0.125 0.854 
 417 G _   0.005 0.005 0.000 0.007 0.002 0.008 0.121 0.851 
 418 S _   0.006 0.009 0.000 0.009 0.003 0.010 0.117 0.846 
 419 K _   0.006 0.014 0.000 0.012 0.004 0.013 0.113 0.839 
 420 F _   0.007 0.019 0.001 0.014 0.005 0.015 0.108 0.831 
 421 P _   0.008 0.026 0.001 0.017 0.006 0.018 0.103 0.821 
 422 I _   0.009 0.033 0.001 0.021 0.008 0.021 0.098 0.810 
 423 K _   0.010 0.040 0.001 0.024 0.010 0.024 0.092 0.798 
 424 W _   0.012 0.047 0.001 0.028 0.012 0.027 0.087 0.786 
 425 T _   0.014 0.053 0.001 0.031 0.015 0.031 0.083 0.773 
 426 A _   0.016 0.058 0.001 0.035 0.017 0.034 0.078 0.761 
 427 P _   0.019 0.061 0.001 0.038 0.019 0.036 0.074 0.751 
 428 E _   0.023 0.063 0.001 0.040 0.021 0.038 0.071 0.743 
 429 A _   0.027 0.062 0.002 0.041 0.023 0.039 0.068 0.738 
 430 A _   0.033 0.060 0.002 0.040 0.023 0.039 0.065 0.738 
 431 L _   0.040 0.055 0.002 0.037 0.023 0.039 0.062 0.742 
 432 F _   0.048 0.047 0.002 0.032 0.021 0.038 0.060 0.752 
 433 G _   0.059 0.036 0.002 0.025 0.019 0.036 0.058 0.765 
 434 R _   0.073 0.023 0.001 0.018 0.016 0.034 0.057 0.777 
 435 F _   0.092 0.012 0.001 0.011 0.014 0.032 0.055 0.784 
 436 T _   0.117 0.004 0.001 0.006 0.011 0.030 0.053 0.778 
 437 I _   0.149 0.001 0.001 0.004 0.009 0.029 0.050 0.756 
 438 K _   0.193 0.000 0.001 0.002 0.009 0.028 0.048 0.718 
 439 S _   0.251 0.000 0.001 0.002 0.010 0.029 0.046 0.662 
 440 D _   0.323 0.000 0.001 0.002 0.013 0.030 0.044 0.588 
 441 V _   0.406 0.000 0.001 0.002 0.017 0.032 0.042 0.500 
 442 W H   0.486 0.000 0.001 0.002 0.023 0.034 0.041 0.414 
 443 S H   0.547 0.000 0.002 0.002 0.029 0.035 0.041 0.344 
 444 F H   0.595 0.000 0.002 0.003 0.035 0.035 0.041 0.289 
 445 G H   0.625 0.000 0.002 0.004 0.039 0.035 0.043 0.252 
 446 I H   0.640 0.001 0.002 0.005 0.043 0.034 0.045 0.231 
 447 L H   0.639 0.001 0.002 0.006 0.045 0.033 0.049 0.225 
 448 L H   0.623 0.001 0.002 0.007 0.045 0.032 0.054 0.236 
 449 T H   0.591 0.001 0.002 0.007 0.043 0.030 0.060 0.264 
 450 E H   0.542 0.001 0.003 0.008 0.039 0.029 0.069 0.309 
 451 L H   0.473 0.001 0.002 0.009 0.033 0.026 0.081 0.373 
 452 I _   0.392 0.001 0.002 0.009 0.026 0.024 0.096 0.450 
 453 T _   0.308 0.001 0.002 0.009 0.019 0.021 0.111 0.530 
 454 K _   0.228 0.001 0.001 0.008 0.013 0.018 0.127 0.605 
 455 G _   0.159 0.000 0.001 0.007 0.009 0.015 0.142 0.668 
 456 R _   0.107 0.000 0.001 0.006 0.006 0.012 0.154 0.715 
 457 I _   0.069 0.000 0.001 0.005 0.004 0.010 0.164 0.747 
 458 P _   0.044 0.000 0.000 0.004 0.003 0.008 0.172 0.769 
 459 Y _   0.028 0.000 0.000 0.003 0.002 0.007 0.178 0.781 
 460 P _   0.018 0.000 0.000 0.003 0.002 0.007 0.183 0.787 
 461 G _   0.013 0.001 0.000 0.003 0.002 0.007 0.186 0.788 
 462 M _   0.010 0.002 0.000 0.003 0.002 0.007 0.189 0.786 
 463 N _   0.009 0.003 0.000 0.005 0.002 0.008 0.192 0.780 
 464 K _   0.009 0.007 0.000 0.007 0.003 0.010 0.194 0.769 
 465 R _   0.009 0.013 0.001 0.011 0.005 0.012 0.195 0.754 
 466 E _   0.010 0.022 0.001 0.017 0.006 0.014 0.197 0.734 
 467 V _   0.010 0.032 0.001 0.024 0.008 0.015 0.198 0.711 
 468 L _   0.010 0.041 0.001 0.031 0.009 0.016 0.200 0.691 
 469 E _   0.010 0.047 0.001 0.036 0.010 0.017 0.203 0.675 
 470 Q _   0.010 0.051 0.001 0.039 0.011 0.016 0.207 0.666 
 471 V _   0.010 0.052 0.001 0.038 0.010 0.016 0.212 0.662 
 472 E _   0.009 0.050 0.001 0.035 0.009 0.014 0.218 0.663 
 473 Q _   0.009 0.046 0.001 0.030 0.008 0.013 0.225 0.669 
 474 G _   0.008 0.040 0.001 0.024 0.006 0.011 0.233 0.677 
 475 Y _   0.007 0.032 0.001 0.017 0.005 0.010 0.241 0.687 
 476 H _   0.007 0.024 0.000 0.011 0.004 0.008 0.249 0.696 
 477 M _   0.006 0.018 0.000 0.007 0.003 0.007 0.256 0.702 
 478 P _   0.006 0.015 0.000 0.005 0.002 0.007 0.261 0.705 
 479 C _   0.005 0.013 0.000 0.004 0.002 0.007 0.265 0.704 
 480 P _   0.005 0.013 0.000 0.003 0.002 0.007 0.269 0.701 
 481 P _   0.006 0.014 0.000 0.004 0.002 0.009 0.271 0.693 
 482 G _   0.007 0.019 0.000 0.006 0.003 0.011 0.273 0.680 
 483 C _   0.010 0.029 0.001 0.011 0.006 0.015 0.274 0.656 
 484 P _   0.012 0.050 0.001 0.019 0.009 0.019 0.274 0.616 
 485 A _   0.013 0.082 0.001 0.030 0.013 0.022 0.274 0.565 
 486 S _   0.013 0.114 0.001 0.044 0.016 0.024 0.275 0.513 
 487 L _   0.013 0.139 0.002 0.057 0.018 0.025 0.277 0.471 
 488 Y _   0.013 0.153 0.001 0.065 0.018 0.024 0.280 0.445 
 489 E _   0.012 0.159 0.001 0.069 0.018 0.023 0.285 0.432 
 490 A _   0.012 0.159 0.001 0.067 0.016 0.022 0.292 0.431 
 491 M _   0.011 0.154 0.001 0.060 0.014 0.019 0.302 0.438 
 492 E _   0.010 0.140 0.001 0.050 0.012 0.017 0.314 0.455 
 493 Q _   0.010 0.117 0.001 0.037 0.010 0.014 0.329 0.482 
 494 T _   0.009 0.086 0.001 0.025 0.007 0.012 0.344 0.515 
 495 W _   0.008 0.057 0.001 0.015 0.005 0.010 0.359 0.546 
 496 R _   0.007 0.036 0.000 0.008 0.003 0.008 0.371 0.566 
 497 L _   0.006 0.025 0.000 0.005 0.002 0.007 0.379 0.576 
 498 D _   0.005 0.021 0.000 0.003 0.001 0.007 0.385 0.578 
 499 P _   0.005 0.020 0.000 0.002 0.001 0.007 0.389 0.576 
 500 E _   0.005 0.021 0.000 0.003 0.002 0.009 0.392 0.569 
 501 E _   0.007 0.025 0.000 0.004 0.003 0.011 0.393 0.556 
 502 R _   0.009 0.037 0.001 0.008 0.005 0.015 0.394 0.532 
 503 P _   0.011 0.066 0.001 0.014 0.008 0.019 0.393 0.488 
 504 T _   0.012 0.119 0.002 0.022 0.013 0.023 0.390 0.420 
 505 F X   0.012 0.189 0.002 0.031 0.017 0.025 0.387 0.337 
 506 E X   0.011 0.256 0.002 0.040 0.018 0.025 0.386 0.262 
 507 Y X   0.010 0.306 0.002 0.047 0.019 0.024 0.386 0.206 
 508 L X   0.009 0.336 0.001 0.052 0.019 0.023 0.389 0.171 
 509 Q X   0.008 0.352 0.001 0.055 0.018 0.022 0.393 0.150 
 510 S X   0.008 0.359 0.001 0.056 0.018 0.021 0.400 0.138 
 511 F X   0.008 0.359 0.001 0.056 0.017 0.020 0.410 0.130 
 512 L X   0.008 0.354 0.001 0.053 0.016 0.018 0.422 0.127 
 513 E X   0.008 0.341 0.001 0.050 0.015 0.017 0.439 0.128 
 514 D X   0.008 0.319 0.002 0.047 0.014 0.016 0.461 0.133 
 515 Y X   0.008 0.284 0.002 0.043 0.014 0.016 0.492 0.141 
 516 F X   0.009 0.241 0.002 0.039 0.013 0.015 0.529 0.152 
 517 T X   0.010 0.192 0.002 0.034 0.012 0.015 0.574 0.162 
 518 S X   0.010 0.142 0.002 0.029 0.010 0.014 0.623 0.170 
 519 A X   0.009 0.099 0.001 0.024 0.008 0.012 0.672 0.175 
 520 E X   0.008 0.064 0.001 0.018 0.006 0.010 0.715 0.178 
 521 P X   0.006 0.041 0.001 0.013 0.004 0.008 0.750 0.178 
 522 Q X   0.005 0.025 0.000 0.009 0.003 0.006 0.777 0.176 
 523 Y X   0.003 0.015 0.000 0.006 0.002 0.004 0.798 0.172 
 524 Q X   0.002 0.009 0.000 0.004 0.001 0.002 0.814 0.168 
 525 P X   0.001 0.005 0.000 0.002 0.000 0.001 0.825 0.166 
 526 G X   0.000 0.002 0.000 0.001 0.000 0.000 0.831 0.165 
 527 D X   0.000 0.001 0.000 0.001 0.000 0.000 0.832 0.166 
 528 Q X   0.000 0.001 0.000 0.001 0.000 0.000 0.829 0.168 
 529 T X   0.002 0.001 0.001 0.007 0.002 0.002 0.815 0.171 
